0 0 0 0 0 0 0 0 0 0 0 0 0 0 0 0 0 0 0 0 0 0 0 0 0 0 0 0 0 0 0 0 0 0 0 0 0 0 0 0 0 
0 1.65954e-07 1.49899e-06 6.78094e-06 2.12864e-05 5.1392e-05 0.000100781 0.000167265 0.000243341 0.000319627 0.000388033 0.000443094 0.000481831 0.000503081 0.000506874 0.000494019 0.000465932 0.000424608 0.000372695 0.000313569 0.000251309 0.000190425 0.000135289 8.93509e-05 5.44142e-05 3.03482e-05 1.54247e-05 7.12473e-06 2.98864e-06 1.13939e-06 3.95385e-07 1.25069e-07 3.60825e-08 9.4818e-09 2.25921e-09 4.83137e-10 9.08291e-11 1.43755e-11 1.72835e-12 1.12748e-13 0 
0 1.49899e-06 1.39586e-05 6.33205e-05 0.000191578 0.000427611 0.000751627 0.00110444 0.00143073 0.00170279 0.00191487 0.00207007 0.00217273 0.00222631 0.0022337 0.00219768 0.00212111 0.00200665 0.00185636 0.00167176 0.00145489 0.00121077 0.000950543 0.000693066 0.000461951 0.000277648 0.000149071 7.12106e-05 3.02944e-05 1.15274e-05 3.94569e-06 1.22133e-06 3.4311e-07 8.75626e-08 2.02392e-08 4.19847e-09 7.66151e-10 1.17832e-10 1.37856e-11 8.76434e-13 0 
0 6.78094e-06 6.33205e-05 0.000273747 0.000740669 0.00140959 0.00209616 0.0026829 0.00316287 0.00356163 0.00389185 0.00415159 0.00433357 0.00443189 0.0044451 0.00437697 0.00423601 0.00403412 0.00378452 0.00349898 0.00318422 0.0028388 0.00245306 0.00201713 0.00153831 0.0010569 0.000637727 0.000332772 0.00014975 5.85492e-05 2.01373e-05 6.16897e-06 1.69926e-06 4.22998e-07 9.51304e-08 1.91857e-08 3.40462e-09 5.09654e-10 5.81098e-11 3.60573e-12 0 
0 2.12864e-05 0.000191578 0.000740669 0.00167909 0.00267146 0.00352082 0.00427106 0.00497597 0.00563225 0.00620986 0.00667656 0.00700742 0.00718771 0.00721363 0.00709169 0.00683744 0.00647351 0.00602732 0.00552844 0.00500557 0.00448204 0.00396878 0.00345512 0.00290599 0.00228426 0.00160447 0.000964862 0.000484583 0.000203116 7.22545e-05 2.23059e-05 6.09122e-06 1.48934e-06 3.27437e-07 6.44252e-08 1.11487e-08 1.62823e-09 1.81307e-10 1.10014e-11 0 
0 5.1392e-05 0.000427611 0.00140959 0.00267146 0.00381171 0.00488339 0.00597451 0.00706356 0.00808976 0.00899193 0.00971897 0.0102336 0.0105142 0.0105555 0.0103676 0.00997405 0.00940903 0.00871374 0.00793285 0.00711121 0.00629088 0.00550775 0.00478505 0.00411935 0.00346314 0.00273643 0.00191276 0.00111331 0.000522785 0.00019929 6.34836e-05 1.74384e-05 4.22598e-06 9.13723e-07 1.76159e-07 2.98294e-08 4.26265e-09 4.64733e-10 2.76384e-11 0 
0 0.000100781 0.000751627 0.00209616 0.00352082 0.00488339 0.00633754 0.00787454 0.00940949 0.0108507 0.0121147 0.013132 0.0138516 0.0142439 0.014302 0.0140398 0.0134901 0.0127001 0.0117266 0.0106309 0.00947406 0.00831322 0.00719855 0.00617117 0.00525809 0.00445576 0.00370047 0.00287326 0.00192896 0.0010407 0.000439109 0.000148071 4.16009e-05 1.00956e-05 2.16122e-06 4.10256e-07 6.82379e-08 9.57182e-09 1.02461e-09 5.98729e-11 0 
0 0.000167265 0.00110444 0.0026829 0.00427106 0.00597451 0.00787454 0.00988404 0.0118851 0.0137608 0.0154044 0.0167263 0.017661 0.0181704 0.0182455 0.0179045 0.01719 0.016163 0.0148968 0.0134704 0.0119625 0.0104458 0.00898387 0.00762856 0.00641932 0.00537842 0.00448903 0.00365336 0.00271596 0.00167341 0.000795301 0.000290043 8.46975e-05 2.07985e-05 4.43857e-06 8.33687e-07 1.36741e-07 1.88903e-08 1.99117e-09 1.14624e-10 0 
0 0.000243341 0.00143073 0.00316287 0.00497597 0.00706356 0.00940949 0.0118851 0.0143471 0.0166533 0.0186731 0.020297 0.0214449 0.0220703 0.0221616 0.0217411 0.0208618 0.0195987 0.0180417 0.0162873 0.0144314 0.0125628 0.0107584 0.00908038 0.00757537 0.00627495 0.00518799 0.00426485 0.00334997 0.00228815 0.0012216 0.000487409 0.000149779 3.75536e-05 8.03878e-06 1.50086e-06 2.43658e-07 3.32579e-08 3.46194e-09 1.96842e-10 0 
0 0.000319627 0.00170279 0.00356163 0.00563225 0.00808976 0.0108507 0.0137608 0.0166533 0.0193617 0.021733 0.0236402 0.0249909 0.0257284 0.0258348 0.0253358 0.0242967 0.0228094 0.0209793 0.0189179 0.0167369 0.01454 0.0124166 0.0104388 0.00865966 0.00711501 0.00582301 0.00476523 0.00382711 0.00279675 0.00164684 0.000718416 0.000233737 6.02031e-05 1.29887e-05 2.4198e-06 3.90131e-07 5.27716e-08 5.43975e-09 3.06275e-10 0 
0 0.000388033 0.00191487 0.00389185 0.00620986 0.00899193 0.0121147 0.0154044 0.0186731 0.021733 0.0244131 0.0265729 0.028106 0.0289423 0.029061 0.0284916 0.0273074 0.0256166 0.0235432 0.0212123 0.0187473 0.0162638 0.0138625 0.0116238 0.00960681 0.00785039 0.00637561 0.00517849 0.00418166 0.00317695 0.0020131 0.000949908 0.000326863 8.66823e-05 1.89028e-05 3.52406e-06 5.65805e-07 7.60496e-08 7.78284e-09 4.34962e-10 0 
0 0.000443094 0.00207007 0.00415159 0.00667656 0.00971897 0.013132 0.0167263 0.020297 0.0236402 0.0265729 0.0289362 0.0305972 0.0314857 0.0316071 0.0309995 0.0297201 0.0278709 0.025597 0.0230462 0.0203527 0.0176397 0.0150161 0.0125691 0.0103626 0.0084378 0.00681686 0.00550141 0.00443776 0.00344041 0.00229161 0.00115036 0.000415598 0.000113278 2.49861e-05 4.66946e-06 7.48203e-07 1.0016e-07 1.02001e-08 5.67126e-10 0 
0 0.000481831 0.00217273 0.00433357 0.00700742 0.0102336 0.0138516 0.017661 0.0214449 0.0249909 0.028106 0.0305972 0.032304 0.0331886 0.0333027 0.0326929 0.031387 0.0294526 0.02704 0.0243295 0.0214731 0.0185987 0.0158192 0.0132264 0.0108875 0.00884532 0.00712247 0.0057225 0.00460457 0.00360445 0.00247618 0.00129805 0.000486637 0.000135625 3.02197e-05 5.66499e-06 9.07329e-07 1.21209e-07 1.23093e-08 6.82318e-10 0 
0 0.000503081 0.00222631 0.00443189 0.00718771 0.0105142 0.0142439 0.0181704 0.0220703 0.0257284 0.0289423 0.0314857 0.0331886 0.0340521 0.0341571 0.0335537 0.0322529 0.0302916 0.0278093 0.0250096 0.0220633 0.0191016 0.0162384 0.0135679 0.0111586 0.00905427 0.00727751 0.00583241 0.00468413 0.00368189 0.00257103 0.00138212 0.000530217 0.000149964 3.36618e-05 6.32889e-06 1.01437e-06 1.35457e-07 1.37446e-08 7.61107e-10 0 
0 0.000506874 0.0022337 0.0044451 0.00721363 0.0105555 0.014302 0.0182455 0.0221616 0.0258348 0.029061 0.0316071 0.0333027 0.0341571 0.0342562 0.0336503 0.0323483 0.0303819 0.0278875 0.025073 0.0221132 0.0191398 0.0162664 0.0135869 0.0111701 0.00905947 0.00727733 0.00582775 0.00467751 0.00368064 0.00258281 0.00140005 0.000541648 0.00015415 3.47365e-05 6.54665e-06 1.05096e-06 1.40515e-07 1.4273e-08 7.91178e-10 0 
0 0.000494019 0.00219768 0.00437697 0.00709169 0.0103676 0.0140398 0.0179045 0.0217411 0.0253358 0.0284916 0.0309995 0.0326929 0.0335537 0.0336503 0.0330317 0.0317173 0.0297594 0.0273048 0.0245472 0.0216476 0.0187344 0.0159201 0.0132971 0.0109322 0.00886819 0.00712672 0.00571147 0.00458731 0.00360528 0.00251738 0.00135503 0.000521471 0.000148118 3.33967e-05 6.30652e-06 1.01507e-06 1.36119e-07 1.38698e-08 7.7133e-10 0 
0 0.000465932 0.00212111 0.00423601 0.00683744 0.00997405 0.0134901 0.01719 0.0208618 0.0242967 0.0273074 0.0297201 0.031387 0.0322529 0.0323483 0.0317173 0.0304025 0.0284908 0.0261337 0.0234964 0.0207207 0.0179312 0.0152377 0.0127288 0.0104686 0.00849803 0.00683809 0.00549149 0.00441746 0.00345784 0.00237963 0.00125471 0.000474861 0.000133763 3.01131e-05 5.69948e-06 9.21235e-07 1.24174e-07 1.27243e-08 7.1182e-10 0 
0 0.000424608 0.00200665 0.00403412 0.00647351 0.00940903 0.0127001 0.016163 0.0195987 0.0228094 0.0256166 0.0278709 0.0294526 0.0302916 0.0303819 0.0297594 0.0284908 0.0266844 0.0244781 0.0220102 0.0194095 0.0167957 0.0142734 0.0119256 0.00981292 0.00797387 0.00642872 0.00517808 0.00417118 0.00323797 0.00217525 0.00111144 0.000410633 0.00011438 2.57144e-05 4.88736e-06 7.95478e-07 1.08117e-07 1.11786e-08 6.31172e-10 0 
0 0.000372695 0.00185636 0.00378452 0.00602732 0.00871374 0.0117266 0.0148968 0.0180417 0.0209793 0.0235432 0.025597 0.02704 0.0278093 0.0278875 0.0273048 0.0261337 0.0244781 0.0224571 0.0201926 0.0178049 0.0154057 0.0130915 0.0109392 0.0090046 0.00732422 0.00591721 0.00478011 0.00384797 0.00294376 0.00191452 0.000942881 0.000339863 9.38514e-05 2.11548e-05 4.05575e-06 6.6777e-07 9.19244e-08 9.63054e-09 5.50985e-10 0 
0 0.000313569 0.00167176 0.00349898 0.00552844 0.00793285 0.0106309 0.0134704 0.0162873 0.0189179 0.0212123 0.0230462 0.0243295 0.0250096 0.025073 0.0245472 0.0234964 0.0220102 0.0201926 0.0181543 0.0160045 0.0138444 0.011761 0.00982399 0.00808476 0.0065774 0.00531948 0.00430059 0.00344172 0.00257623 0.00161725 0.000771638 0.000274103 7.58413e-05 1.72996e-05 3.37124e-06 5.65025e-07 7.91775e-08 8.43847e-09 4.90629e-10 0 
0 0.000251309 0.00145489 0.00318422 0.00500557 0.00711121 0.00947406 0.0119625 0.0144314 0.0167369 0.0187473 0.0203527 0.0214731 0.0220633 0.0221132 0.0216476 0.0207207 0.0194095 0.0178049 0.0160045 0.0141045 0.012194 0.0103496 0.00863355 0.00709247 0.00575801 0.00464459 0.00373385 0.00294496 0.00214911 0.00131606 0.000622471 0.000223463 6.32163e-05 1.47954e-05 2.95593e-06 5.06692e-07 7.24183e-08 7.85048e-09 4.63087e-10 0 
0 0.000190425 0.00121077 0.0028388 0.00448204 0.00629088 0.00831322 0.0104458 0.0125628 0.01454 0.0162638 0.0176397 0.0185987 0.0191016 0.0191398 0.0187344 0.0179312 0.0167957 0.0154057 0.0138444 0.012194 0.0105305 0.00892006 0.00741679 0.00606227 0.00488484 0.00389506 0.00307485 0.00236865 0.00170095 0.00105132 0.00051623 0.0001949 5.77902e-05 1.40315e-05 2.87875e-06 5.02756e-07 7.27896e-08 7.95973e-09 4.72141e-10 0 
0 0.000135289 0.000950543 0.00245306 0.00396878 0.00550775 0.00719855 0.00898387 0.0107584 0.0124166 0.0138625 0.0150161 0.0158192 0.0162384 0.0162664 0.0159201 0.0152377 0.0142734 0.0130915 0.011761 0.0103496 0.00892006 0.00752713 0.00621645 0.00502453 0.00397899 0.00309662 0.00237693 0.00179449 0.00130186 0.000853539 0.000460447 0.000190443 6.01705e-05 1.51249e-05 3.14981e-06 5.52125e-07 7.97505e-08 8.67261e-09 5.10683e-10 0 
0 8.93509e-05 0.000693066 0.00201713 0.00345512 0.00478505 0.00617117 0.00762856 0.00908038 0.0104388 0.0116238 0.0125691 0.0132264 0.0135679 0.0135869 0.0132971 0.0127288 0.0119256 0.0109392 0.00982399 0.00863355 0.00741679 0.00621645 0.00507029 0.00401946 0.00312326 0.00244077 0.00195024 0.00153791 0.00113308 0.000762693 0.000448067 0.000205589 6.93735e-05 1.78301e-05 3.70087e-06 6.3958e-07 9.07573e-08 9.69085e-09 5.60655e-10 0 
0 5.44142e-05 0.000461951 0.00153831 0.00290599 0.00411935 0.00525809 0.00641932 0.00757537 0.00865966 0.00960681 0.0103626 0.0108875 0.0111586 0.0111701 0.0109322 0.0104686 0.00981292 0.0090046 0.00808476 0.00709247 0.00606227 0.00502453 0.00401946 0.00314929 0.00262552 0.00259979 0.00281304 0.0026746 0.00196454 0.00111131 0.000540983 0.000239517 8.31857e-05 2.14388e-05 4.35953e-06 7.3306e-07 1.01235e-07 1.05428e-08 5.96387e-10 0 
0 3.03482e-05 0.000277648 0.0010569 0.00228426 0.00346314 0.00445576 0.00537842 0.00627495 0.00711501 0.00785039 0.0084378 0.00884532 0.00905427 0.00905947 0.00886819 0.00849803 0.00797387 0.00732422 0.0065774 0.00575801 0.00488484 0.00397899 0.00312326 0.00262552 0.00308713 0.00486704 0.00702252 0.00748884 0.00552911 0.00281435 0.00103943 0.000333974 0.00010183 2.49882e-05 4.86671e-06 7.88377e-07 1.05592e-07 1.07163e-08 5.92887e-10 0 
0 1.54247e-05 0.000149071 0.000637727 0.00160447 0.00273643 0.00370047 0.00448903 0.00518799 0.00582301 0.00637561 0.00681686 0.00712247 0.00727751 0.00727733 0.00712672 0.00683809 0.00642872 0.00591721 0.00531948 0.00464459 0.00389506 0.00309662 0.00244077 0.00259979 0.00486704 0.0101014 0.016814 0.0192182 0.0131412 0.00649439 0.0021985 0.00055292 0.000128858 2.75784e-05 4.96608e-06 7.66712e-07 9.96188e-08 9.88763e-09 5.37194e-10 0 
0 7.12473e-06 7.12106e-05 0.000332772 0.000964862 0.00191276 0.00287326 0.00365336 0.00426485 0.00476523 0.00517849 0.00550141 0.0057225 0.00583241 0.00582775 0.00571147 0.00549149 0.00517808 0.00478011 0.00430059 0.00373385 0.00307485 0.00237693 0.00195024 0.00281304 0.00702252 0.016814 0.0255833 0.0266788 0.0224797 0.0107369 0.00352395 0.000812777 0.000155092 2.78489e-05 4.50197e-06 6.56928e-07 8.30908e-08 8.12034e-09 4.36158e-10 0 
0 2.98864e-06 3.02944e-05 0.00014975 0.000484583 0.00111331 0.00192896 0.00271596 0.00334997 0.00382711 0.00418166 0.00443776 0.00460457 0.00468413 0.00467751 0.00458731 0.00441746 0.00417118 0.00384797 0.00344172 0.00294496 0.00236865 0.00179449 0.00153791 0.0026746 0.00748884 0.0192182 0.0266788 0.0275391 0.0246244 0.0122902 0.0038811 0.00087311 0.00015241 2.39785e-05 3.50092e-06 4.85488e-07 6.03185e-08 5.85934e-09 3.13784e-10 0 
0 1.13939e-06 1.15274e-05 5.85492e-05 0.000203116 0.000522785 0.0010407 0.00167341 0.00228815 0.00279675 0.00317695 0.00344041 0.00360445 0.00368189 0.00368064 0.00360528 0.00345784 0.00323797 0.00294376 0.00257623 0.00214911 0.00170095 0.00130186 0.00113308 0.00196454 0.00552911 0.0131412 0.0224797 0.0246244 0.0182292 0.00873539 0.00287531 0.000646435 0.000110682 1.63313e-05 2.24729e-06 3.04086e-07 3.77263e-08 3.68537e-09 1.98635e-10 0 
0 3.95385e-07 3.94569e-06 2.01373e-05 7.22545e-05 0.00019929 0.000439109 0.000795301 0.0012216 0.00164684 0.0020131 0.00229161 0.00247618 0.00257103 0.00258281 0.00251738 0.00237963 0.00217525 0.00191452 0.00161725 0.00131606 0.00105132 0.000853539 0.000762693 0.00111131 0.00281435 0.00649439 0.0107369 0.0122902 0.00873539 0.00431663 0.0014284 0.000327808 5.7427e-05 8.43247e-06 1.16225e-06 1.59908e-07 2.02373e-08 2.013e-09 1.10229e-10 0 
0 1.25069e-07 1.22133e-06 6.16897e-06 2.23059e-05 6.34836e-05 0.000148071 0.000290043 0.000487409 0.000718416 0.000949908 0.00115036 0.00129805 0.00138212 0.00140005 0.00135503 0.00125471 0.00111144 0.000942881 0.000771638 0.000622471 0.00051623 0.000460447 0.000448067 0.000540983 0.00103943 0.0021985 0.00352395 0.0038811 0.00287531 0.0014284 0.000482334 0.000116218 2.13976e-05 3.30122e-06 4.8574e-07 7.07843e-08 9.31783e-09 9.54335e-10 5.35465e-11 0 
0 3.60825e-08 3.4311e-07 1.69926e-06 6.09122e-06 1.74384e-05 4.16009e-05 8.46975e-05 0.000149779 0.000233737 0.000326863 0.000415598 0.000486637 0.000530217 0.000541648 0.000521471 0.000474861 0.000410633 0.000339863 0.000274103 0.000223463 0.0001949 0.000190443 0.000205589 0.000239517 0.000333974 0.00055292 0.000812777 0.00087311 0.000646435 0.000327808 0.000116218 2.99073e-05 5.94352e-06 1.02106e-06 1.68707e-07 2.66918e-08 3.69812e-09 3.93217e-10 2.27656e-11 0 
0 9.4818e-09 8.75626e-08 4.22998e-07 1.48934e-06 4.22598e-06 1.00956e-05 2.07985e-05 3.75536e-05 6.02031e-05 8.66823e-05 0.000113278 0.000135625 0.000149964 0.00015415 0.000148118 0.000133763 0.00011438 9.38514e-05 7.58413e-05 6.32163e-05 5.77902e-05 6.01705e-05 6.93735e-05 8.31857e-05 0.00010183 0.000128858 0.000155092 0.00015241 0.000110682 5.7427e-05 2.13976e-05 5.94352e-06 1.33259e-06 2.67157e-07 5.04243e-08 8.68393e-09 1.27092e-09 1.41012e-10 8.46813e-12 0 
0 2.25921e-09 2.02392e-08 9.51304e-08 3.27437e-07 9.13723e-07 2.16122e-06 4.43857e-06 8.03878e-06 1.29887e-05 1.89028e-05 2.49861e-05 3.02197e-05 3.36618e-05 3.47365e-05 3.33967e-05 3.01131e-05 2.57144e-05 2.11548e-05 1.72996e-05 1.47954e-05 1.40315e-05 1.51249e-05 1.78301e-05 2.14388e-05 2.49882e-05 2.75784e-05 2.78489e-05 2.39785e-05 1.63313e-05 8.43247e-06 3.30122e-06 1.02106e-06 2.67157e-07 6.25578e-08 1.32279e-08 2.45257e-09 3.78841e-10 4.39832e-11 2.7493e-12 0 
0 4.83137e-10 4.19847e-09 1.91857e-08 6.44252e-08 1.76159e-07 4.10256e-07 8.33687e-07 1.50086e-06 2.4198e-06 3.52406e-06 4.66946e-06 5.66499e-06 6.32889e-06 6.54665e-06 6.30652e-06 5.69948e-06 4.88736e-06 4.05575e-06 3.37124e-06 2.95593e-06 2.87875e-06 3.14981e-06 3.70087e-06 4.35953e-06 4.86671e-06 4.96608e-06 4.50197e-06 3.50092e-06 2.24729e-06 1.16225e-06 4.8574e-07 1.68707e-07 5.04243e-08 1.32279e-08 3.03839e-09 5.99444e-10 9.75453e-11 1.18638e-11 7.73422e-13 0 
0 9.08291e-11 7.66151e-10 3.40462e-09 1.11487e-08 2.98294e-08 6.82379e-08 1.36741e-07 2.43658e-07 3.90131e-07 5.65805e-07 7.48203e-07 9.07329e-07 1.01437e-06 1.05096e-06 1.01507e-06 9.21235e-07 7.95478e-07 6.6777e-07 5.65025e-07 5.06692e-07 5.02756e-07 5.52125e-07 6.3958e-07 7.3306e-07 7.88377e-07 7.66712e-07 6.56928e-07 4.85488e-07 3.04086e-07 1.59908e-07 7.07843e-08 2.66918e-08 8.68393e-09 2.45257e-09 5.99444e-10 1.24917e-10 2.13728e-11 2.72284e-12 1.85257e-13 0 
0 1.43755e-11 1.17832e-10 5.09654e-10 1.62823e-09 4.26265e-09 9.57182e-09 1.88903e-08 3.32579e-08 5.27716e-08 7.60496e-08 1.0016e-07 1.21209e-07 1.35457e-07 1.40515e-07 1.36119e-07 1.24174e-07 1.08117e-07 9.19244e-08 7.91775e-08 7.24183e-08 7.27896e-08 7.97505e-08 9.07573e-08 1.01235e-07 1.05592e-07 9.96188e-08 8.30908e-08 6.03185e-08 3.77263e-08 2.02373e-08 9.31783e-09 3.69812e-09 1.27092e-09 3.78841e-10 9.75453e-11 2.13728e-11 3.83638e-12 5.11403e-13 3.63024e-14 0 
0 1.72835e-12 1.37856e-11 5.81098e-11 1.81307e-10 4.64733e-10 1.02461e-09 1.99117e-09 3.46194e-09 5.43975e-09 7.78284e-09 1.02001e-08 1.23093e-08 1.37446e-08 1.4273e-08 1.38698e-08 1.27243e-08 1.11786e-08 9.63054e-09 8.43847e-09 7.85048e-09 7.95973e-09 8.67261e-09 9.69085e-09 1.05428e-08 1.07163e-08 9.88763e-09 8.12034e-09 5.85934e-09 3.68537e-09 2.013e-09 9.54335e-10 3.93217e-10 1.41012e-10 4.39832e-11 1.18638e-11 2.72284e-12 5.11403e-13 7.12067e-14 5.26813e-15 0 
0 1.12748e-13 8.76434e-13 3.60573e-12 1.10014e-11 2.76384e-11 5.98729e-11 1.14624e-10 1.96842e-10 3.06275e-10 4.34962e-10 5.67126e-10 6.82318e-10 7.61107e-10 7.91178e-10 7.7133e-10 7.1182e-10 6.31172e-10 5.50985e-10 4.90629e-10 4.63087e-10 4.72141e-10 5.10683e-10 5.60655e-10 5.96387e-10 5.92887e-10 5.37194e-10 4.36158e-10 3.13784e-10 1.98635e-10 1.10229e-10 5.35465e-11 2.27656e-11 8.46813e-12 2.7493e-12 7.73422e-13 1.85257e-13 3.63024e-14 5.26813e-15 4.05587e-16 0 
0 0 0 0 0 0 0 0 0 0 0 0 0 0 0 0 0 0 0 0 0 0 0 0 0 0 0 0 0 0 0 0 0 0 0 0 0 0 0 0 0 
