0 0 0 0 0 0 0 0 0 0 0 0 0 0 0 0 0 0 0 0 0 0 0 0 0 0 0 0 0 0 0 0 0 0 0 0 0 0 0 0 0 
0 1.54253e-07 1.39779e-06 6.36409e-06 2.0179e-05 4.93565e-05 9.82241e-05 0.000165456 0.000244013 0.000324253 0.000397311 0.000456823 0.000499067 0.000522411 0.000526673 0.000512689 0.000482086 0.000437228 0.000381254 0.000318099 0.000252375 0.000189 0.00013252 8.62836e-05 5.17702e-05 2.84448e-05 1.4249e-05 6.49279e-06 2.6901e-06 1.01439e-06 3.4866e-07 1.09387e-07 3.13389e-08 8.18708e-09 1.94118e-09 4.13443e-10 7.74666e-11 1.22269e-11 1.46672e-12 9.55033e-14 0 
0 1.39779e-06 1.30818e-05 5.99905e-05 0.000184682 0.00042152 0.000758823 0.00113972 0.00150297 0.00181253 0.00205696 0.00223692 0.00235625 0.00241873 0.00242771 0.00238641 0.00229806 0.00216568 0.00199188 0.00177914 0.00153136 0.00125653 0.00096964 0.000693099 0.000452102 0.000265785 0.000139693 6.54488e-05 2.73786e-05 1.02722e-05 3.47575e-06 1.06588e-06 2.97195e-07 7.53878e-08 1.73406e-08 3.58321e-09 6.5184e-10 1.00002e-10 1.16762e-11 7.41136e-13 0 
0 6.36409e-06 5.99905e-05 0.000264475 0.000736922 0.00144963 0.00221819 0.00289562 0.00345296 0.00391138 0.00428637 0.00457872 0.00478251 0.00489237 0.00490721 0.00483135 0.00467403 0.00444791 0.00416673 0.00384211 0.00347984 0.00307725 0.00262513 0.00211875 0.00157678 0.00105255 0.000616062 0.000312294 0.00013705 5.25102e-05 1.77811e-05 5.38364e-06 1.46995e-06 3.63496e-07 8.13368e-08 1.63405e-08 2.89111e-09 4.31792e-10 4.91443e-11 3.04516e-12 0 
0 2.0179e-05 0.000184682 0.000736922 0.00173885 0.00286158 0.00384521 0.00470234 0.0054931 0.00622247 0.00686216 0.00737839 0.0077442 0.00794352 0.00797216 0.00783737 0.00755631 0.00715391 0.00666029 0.00610769 0.00552669 0.00494066 0.00435755 0.00376097 0.00311261 0.00238505 0.00161945 0.000937707 0.00045429 0.000184804 6.42737e-05 1.95259e-05 5.27263e-06 1.2791e-06 2.79646e-07 5.47999e-08 9.45499e-09 1.37785e-09 1.53176e-10 9.28286e-12 0 
0 4.93565e-05 0.00042152 0.00144963 0.00286158 0.00417491 0.00538719 0.00660092 0.0078061 0.00894051 0.0099376 0.0107411 0.0113099 0.01162 0.0116657 0.011458 0.011023 0.0103986 0.00963015 0.00876709 0.00785884 0.0069514 0.00608287 0.00527462 0.00451475 0.0037434 0.00288201 0.00193926 0.00108019 0.000486845 0.000179689 5.59535e-05 1.51398e-05 3.6328e-06 7.80314e-07 1.49767e-07 2.52818e-08 3.60489e-09 3.92405e-10 2.33101e-11 0 
0 9.82241e-05 0.000758823 0.00221819 0.00384521 0.00538719 0.00700283 0.0087026 0.0103991 0.0119919 0.0133888 0.0145131 0.0153083 0.015742 0.0158061 0.0155164 0.0149089 0.0140358 0.0129599 0.0117489 0.0104705 0.00918748 0.00795529 0.00681827 0.00580224 0.00489312 0.00400774 0.00302373 0.00194383 0.000998721 0.000403705 0.000131933 3.6314e-05 8.70008e-06 1.84751e-06 3.48897e-07 5.78347e-08 8.09397e-09 8.65051e-10 5.04929e-11 0 
0 0.000165456 0.00113972 0.00289562 0.00470234 0.00660092 0.0087026 0.0109235 0.013135 0.015208 0.0170244 0.0184854 0.0195184 0.0200814 0.0201643 0.0197875 0.0189979 0.0178629 0.0164635 0.0148871 0.0132206 0.0115444 0.00992869 0.00843067 0.00709289 0.00593527 0.00492595 0.00394101 0.00282873 0.00165804 0.000748651 0.000262161 7.45052e-05 1.79936e-05 3.80172e-06 7.09712e-07 1.15959e-07 1.59796e-08 1.68158e-09 9.66928e-11 0 
0 0.000244013 0.00150297 0.00345296 0.0054931 0.0078061 0.0103991 0.013135 0.0158559 0.0184047 0.0206369 0.0224315 0.0236999 0.0243906 0.0244913 0.024027 0.0230556 0.0216599 0.0199392 0.0180002 0.0159491 0.013884 0.0118899 0.0100354 0.00837184 0.00693269 0.00572046 0.00466156 0.00357243 0.00233297 0.0011787 0.00044788 0.000132999 3.26525e-05 6.90407e-06 1.27968e-06 2.06838e-07 2.81545e-08 2.92551e-09 1.66145e-10 0 
0 0.000324253 0.00181253 0.00391138 0.00622247 0.00894051 0.0119919 0.015208 0.0184047 0.021398 0.0240185 0.0261249 0.0276143 0.0284256 0.0285423 0.0279934 0.0268488 0.0252075 0.0231856 0.0209075 0.0184972 0.0160692 0.0137225 0.0115366 0.00957036 0.00786275 0.0064306 0.00524011 0.00414136 0.0029159 0.00162555 0.000671373 0.00020968 5.26438e-05 1.1191e-05 2.06725e-06 3.31624e-07 4.47207e-08 4.60098e-09 2.58723e-10 0 
0 0.000397311 0.00205696 0.00428637 0.00686216 0.0099376 0.0133888 0.0170244 0.0206369 0.0240185 0.0269786 0.0293596 0.031045 0.0319629 0.0320926 0.0314672 0.0301665 0.0283057 0.0260181 0.0234431 0.020719 0.0179743 0.0153204 0.0128463 0.0106172 0.00867587 0.00704424 0.00570938 0.00456256 0.00336461 0.00202468 0.000901555 0.000296167 7.62374e-05 1.63416e-05 3.01712e-06 4.81702e-07 6.45282e-08 6.59e-09 3.67803e-10 0 
0 0.000456823 0.00223692 0.00457872 0.00737839 0.0107411 0.0145131 0.0184854 0.0224315 0.0261249 0.0293596 0.0319619 0.0337963 0.0347851 0.0349206 0.0342423 0.0328254 0.0307887 0.0282843 0.0254692 0.0224931 0.0194949 0.0165953 0.013891 0.0114524 0.00932516 0.00753293 0.00607212 0.00486351 0.00368085 0.00233739 0.00110589 0.000379904 0.000100161 2.16708e-05 4.00645e-06 6.38037e-07 8.51032e-08 8.64759e-09 4.80127e-10 0 
0 0.000499067 0.00235625 0.00478251 0.0077442 0.0113099 0.0153083 0.0195184 0.0236999 0.0276143 0.031045 0.0337963 0.0357091 0.0367191 0.036851 0.0361525 0.0346785 0.0325309 0.029873 0.0268856 0.0237312 0.0205548 0.0174829 0.0146174 0.0120325 0.00977557 0.00787106 0.00631915 0.00505788 0.0038799 0.00254966 0.0012597 0.000447938 0.000120453 2.62853e-05 4.87065e-06 7.75024e-07 1.03141e-07 1.04503e-08 5.78438e-10 0 
0 0.000522411 0.00241873 0.00489237 0.00794352 0.01162 0.015742 0.0200814 0.0243906 0.0284256 0.0319629 0.0347851 0.0367191 0.0377225 0.0378467 0.0371445 0.0356546 0.0334579 0.0307182 0.027635 0.0243831 0.0211105 0.0179462 0.0149948 0.0123321 0.0100065 0.00804255 0.00644177 0.00515075 0.00397579 0.00266163 0.00134913 0.000490323 0.000133622 2.93484e-05 5.45178e-06 8.67921e-07 1.15452e-07 1.16877e-08 6.46293e-10 0 
0 0.000526673 0.00242771 0.00490721 0.00797216 0.0116657 0.0158061 0.0201643 0.0244913 0.0285423 0.0320926 0.0349206 0.036851 0.0378467 0.0379645 0.0372579 0.0357633 0.0335573 0.0308033 0.0277045 0.0244382 0.0211527 0.0179771 0.0150159 0.0123449 0.0100122 0.00804238 0.00643692 0.00514491 0.00397818 0.00267874 0.00136984 0.000502037 0.000137632 3.0342e-05 5.64959e-06 9.0088e-07 1.19992e-07 1.21615e-08 6.73275e-10 0 
0 0.000512689 0.00238641 0.00483135 0.00783737 0.011458 0.0155164 0.0197875 0.024027 0.0279934 0.0314672 0.0342423 0.0361525 0.0371445 0.0372579 0.036544 0.0350499 0.0328676 0.0301623 0.027125 0.0239239 0.0207047 0.0175944 0.0146955 0.012082 0.00980085 0.00787589 0.00630805 0.0050439 0.00389304 0.00260751 0.00132471 0.000483422 0.000132385 2.92192e-05 5.45333e-06 8.7213e-07 1.16537e-07 1.18517e-08 6.58453e-10 0 
0 0.000482086 0.00229806 0.00467403 0.00755631 0.011023 0.0149089 0.0189979 0.0230556 0.0268488 0.0301665 0.0328254 0.0346785 0.0356546 0.0357633 0.0350499 0.0335808 0.0314686 0.0288738 0.0259657 0.0228998 0.0198171 0.0168403 0.0140675 0.0115696 0.00939175 0.00755675 0.00606383 0.00485211 0.00372355 0.00245488 0.00122257 0.000439658 0.000119636 2.63986e-05 4.9424e-06 7.94252e-07 1.06738e-07 1.09222e-08 6.10748e-10 0 
0 0.000437228 0.00216568 0.00444791 0.00715391 0.0103986 0.0140358 0.0178629 0.0216599 0.0252075 0.0283057 0.0307887 0.0325309 0.0334579 0.0335573 0.0328676 0.0314686 0.0294807 0.0270494 0.0243245 0.0214508 0.0185622 0.0157745 0.0131799 0.010845 0.00881243 0.00710397 0.00571528 0.00457289 0.00347084 0.00223016 0.00107785 0.000379629 0.00010245 2.26216e-05 4.25893e-06 6.89926e-07 9.35779e-08 9.67052e-09 5.4628e-10 0 
0 0.000381254 0.00199188 0.00416673 0.00666029 0.00963015 0.0129599 0.0164635 0.0199392 0.0231856 0.0260181 0.0282843 0.029873 0.0307182 0.0308033 0.0301623 0.0288738 0.0270494 0.0248183 0.0223163 0.0196775 0.017026 0.0144684 0.0120896 0.00995162 0.00809437 0.00653792 0.00527169 0.00420591 0.00313613 0.0019489 0.000910518 0.000314319 8.4427e-05 1.87434e-05 3.5667e-06 5.85434e-07 8.05396e-08 8.44473e-09 4.83963e-10 0 
0 0.000318099 0.00177914 0.00384211 0.00610769 0.00876709 0.0117489 0.0148871 0.0180002 0.0209075 0.0234431 0.0254692 0.0268856 0.027635 0.0277045 0.027125 0.0259657 0.0243245 0.0223163 0.0200636 0.0176877 0.0153004 0.0129979 0.0108572 0.00893501 0.00726878 0.00587579 0.0047361 0.00374659 0.00272654 0.00163718 0.000744769 0.000254909 6.89409e-05 1.55432e-05 3.01433e-06 5.04688e-07 7.07988e-08 7.56234e-09 4.40942e-10 0 
0 0.000252375 0.00153136 0.00347984 0.00552669 0.00785884 0.0104705 0.0132206 0.0159491 0.0184972 0.020719 0.0224931 0.0237312 0.0243831 0.0244382 0.0239239 0.0228998 0.0214508 0.0196775 0.0176877 0.0155879 0.0134764 0.0114381 0.00954155 0.00783828 0.00636262 0.00512729 0.00410349 0.00319259 0.0022652 0.00133286 0.000605558 0.000210954 5.86403e-05 1.36141e-05 2.71344e-06 4.65427e-07 6.66646e-08 7.24743e-09 4.28843e-10 0 
0 0.000189 0.00125653 0.00307725 0.00494066 0.0069514 0.00918748 0.0115444 0.013884 0.0160692 0.0179743 0.0194949 0.0205548 0.0211105 0.0211527 0.0207047 0.0198171 0.0185622 0.017026 0.0153004 0.0134764 0.011638 0.00985819 0.00819677 0.00669945 0.00539638 0.00429594 0.00337318 0.00256507 0.0017994 0.00107757 0.000512626 0.000188971 5.52564e-05 1.33328e-05 2.73092e-06 4.77275e-07 6.92224e-08 7.58597e-09 4.50965e-10 0 
0 0.00013252 0.00096964 0.00262513 0.00435755 0.00608287 0.00795529 0.00992869 0.0118899 0.0137225 0.0153204 0.0165953 0.0174829 0.0179462 0.0179771 0.0175944 0.0168403 0.0157745 0.0144684 0.0129979 0.0114381 0.00985819 0.00831873 0.00687001 0.00555186 0.00439382 0.0034136 0.0026105 0.00195612 0.00139929 0.000897515 0.000471925 0.000190951 5.9473e-05 1.4839e-05 3.08101e-06 5.39701e-07 7.7987e-08 8.48785e-09 5.00271e-10 0 
0 8.62836e-05 0.000693099 0.00211875 0.00376097 0.00527462 0.00681827 0.00843067 0.0100354 0.0115366 0.0128463 0.013891 0.0146174 0.0149948 0.0150159 0.0146955 0.0140675 0.0131799 0.0120896 0.0108572 0.00954155 0.00819677 0.00687001 0.00560269 0.0044401 0.00344849 0.00269395 0.00215181 0.00169505 0.00124403 0.000827782 0.000475763 0.000212943 7.05187e-05 1.7928e-05 3.70144e-06 6.38222e-07 9.04878e-08 9.65987e-09 5.58868e-10 0 
0 5.17702e-05 0.000452102 0.00157678 0.00311261 0.00451475 0.00580224 0.00709289 0.00837184 0.00957036 0.0106172 0.0114524 0.0120325 0.0123321 0.0123449 0.012082 0.0115696 0.010845 0.00995162 0.00893501 0.00783828 0.00669945 0.00555186 0.0044401 0.00347839 0.0029007 0.00287298 0.00310883 0.00295584 0.00217095 0.00122676 0.000591916 0.000255751 8.65383e-05 2.1935e-05 4.42325e-06 7.4098e-07 1.02158e-07 1.06302e-08 6.01042e-10 0 
0 2.84448e-05 0.000265785 0.00105255 0.00238505 0.0037434 0.00489312 0.00593527 0.00693269 0.00786275 0.00867587 0.00932516 0.00977557 0.0100065 0.0100122 0.00980085 0.00939175 0.00881243 0.00809437 0.00726878 0.00636262 0.00539638 0.00439382 0.00344849 0.0029007 0.00341176 0.00537891 0.00776096 0.00827296 0.00611061 0.00311032 0.00114812 0.000365214 0.000108291 2.59355e-05 4.9863e-06 8.03228e-07 1.0733e-07 1.08806e-08 6.01562e-10 0 
0 1.4249e-05 0.000139693 0.000616062 0.00161945 0.00288201 0.00400774 0.00492595 0.00572046 0.0064306 0.00704424 0.00753293 0.00787106 0.00804255 0.00804238 0.00787589 0.00755675 0.00710397 0.00653792 0.00587579 0.00512729 0.00429594 0.0034136 0.00269395 0.00287298 0.00537891 0.0111636 0.0182959 0.0208315 0.0144736 0.00717741 0.0024297 0.000609931 0.000139539 2.90124e-05 5.12796e-06 7.85232e-07 1.0171e-07 1.00821e-08 5.47351e-10 0 
0 6.49279e-06 6.54488e-05 0.000312294 0.000937707 0.00193926 0.00302373 0.00394101 0.00466156 0.00524011 0.00570938 0.00607212 0.00631915 0.00644177 0.00643692 0.00630805 0.00606383 0.00571528 0.00527169 0.0047361 0.00410349 0.00337318 0.0026105 0.00215181 0.00310883 0.00776096 0.0182959 0.0286429 0.0301455 0.0246349 0.0118059 0.00389457 0.000897913 0.000169581 2.96233e-05 4.67971e-06 6.75292e-07 8.50743e-08 8.30224e-09 4.45597e-10 0 
0 2.6901e-06 2.73786e-05 0.00013705 0.00045429 0.00108019 0.00194383 0.00282873 0.00357243 0.00414136 0.00456256 0.00486351 0.00505788 0.00515075 0.00514491 0.0050439 0.00485211 0.00457289 0.00420591 0.00374659 0.00319259 0.00256507 0.00195612 0.00169505 0.00295584 0.00827296 0.0208315 0.0301455 0.0312552 0.0273447 0.0133414 0.00428928 0.000964733 0.000167175 2.56697e-05 3.65642e-06 5.00322e-07 6.18684e-08 6.00079e-09 3.21134e-10 0 
0 1.01439e-06 1.02722e-05 5.25102e-05 0.000184804 0.000486845 0.000998721 0.00165804 0.00233297 0.0029159 0.00336461 0.00368085 0.0038799 0.00397579 0.00397818 0.00389304 0.00372355 0.00347084 0.00313613 0.00272654 0.0022652 0.0017994 0.00139929 0.00124403 0.00217095 0.00611061 0.0144736 0.0246349 0.0273447 0.0198932 0.00965313 0.0031777 0.000714146 0.000121333 1.75061e-05 2.35144e-06 3.13762e-07 3.87355e-08 3.77842e-09 2.03522e-10 0 
0 3.4866e-07 3.47575e-06 1.77811e-05 6.42737e-05 0.000179689 0.000403705 0.000748651 0.0011787 0.00162555 0.00202468 0.00233739 0.00254966 0.00266163 0.00267874 0.00260751 0.00245488 0.00223016 0.0019489 0.00163718 0.00133286 0.00107757 0.000897515 0.000827782 0.00122676 0.00311032 0.00717741 0.0118059 0.0133414 0.00965313 0.00477061 0.0015786 0.000361764 6.27121e-05 9.01052e-06 1.21451e-06 1.64979e-07 2.07882e-08 2.06521e-09 1.13028e-10 0 
0 1.09387e-07 1.06588e-06 5.38364e-06 1.95259e-05 5.59535e-05 0.000131933 0.000262161 0.00044788 0.000671373 0.000901555 0.00110589 0.0012597 0.00134913 0.00136984 0.00132471 0.00122257 0.00107785 0.000910518 0.000744769 0.000605558 0.000512626 0.000471925 0.000475763 0.000591916 0.00114812 0.0024297 0.00389457 0.00428928 0.0031777 0.0015786 0.000532738 0.000127734 2.31873e-05 3.5028e-06 5.05623e-07 7.29513e-08 9.57231e-09 9.79491e-10 5.49346e-11 0 
0 3.13389e-08 2.97195e-07 1.46995e-06 5.27263e-06 1.51398e-05 3.6314e-05 7.45052e-05 0.000132999 0.00020968 0.000296167 0.000379904 0.000447938 0.000490323 0.000502037 0.000483422 0.000439658 0.000379629 0.000314319 0.000254909 0.000210954 0.000188971 0.000190951 0.000212943 0.000255751 0.000365214 0.000609931 0.000897913 0.000964733 0.000714146 0.000361764 0.000127734 3.25454e-05 6.3639e-06 1.0728e-06 1.74748e-07 2.74721e-08 3.79887e-09 4.03683e-10 2.33639e-11 0 
0 8.18708e-09 7.53878e-08 3.63496e-07 1.2791e-06 3.6328e-06 8.70008e-06 1.79936e-05 3.26525e-05 5.26438e-05 7.62374e-05 0.000100161 0.000120453 0.000133622 0.000137632 0.000132385 0.000119636 0.00010245 8.4427e-05 6.89409e-05 5.86403e-05 5.52564e-05 5.9473e-05 7.05187e-05 8.65383e-05 0.000108291 0.000139539 0.000169581 0.000167175 0.000121333 6.27121e-05 2.31873e-05 6.3639e-06 1.40546e-06 2.77861e-07 5.20108e-08 8.92851e-09 1.30544e-09 1.44788e-10 8.69272e-12 0 
0 1.94118e-09 1.73406e-08 8.13368e-08 2.79646e-07 7.80314e-07 1.84751e-06 3.80172e-06 6.90407e-06 1.1191e-05 1.63416e-05 2.16708e-05 2.62853e-05 2.93484e-05 3.0342e-05 2.92192e-05 2.63986e-05 2.26216e-05 1.87434e-05 1.55432e-05 1.36141e-05 1.33328e-05 1.4839e-05 1.7928e-05 2.1935e-05 2.59355e-05 2.90124e-05 2.96233e-05 2.56697e-05 1.75061e-05 9.01052e-06 3.5028e-06 1.0728e-06 2.77861e-07 6.45923e-08 1.36098e-08 2.52017e-09 3.89112e-10 4.51651e-11 2.82264e-12 0 
0 4.13443e-10 3.58321e-09 1.63405e-08 5.47999e-08 1.49767e-07 3.48897e-07 7.09712e-07 1.27968e-06 2.06725e-06 3.01712e-06 4.00645e-06 4.87065e-06 5.45178e-06 5.64959e-06 5.45333e-06 4.9424e-06 4.25893e-06 3.5667e-06 3.01433e-06 2.71344e-06 2.73092e-06 3.08101e-06 3.70144e-06 4.42325e-06 4.9863e-06 5.12796e-06 4.67971e-06 3.65642e-06 2.35144e-06 1.21451e-06 5.05623e-07 1.74748e-07 5.20108e-08 1.36098e-08 3.12264e-09 6.15801e-10 1.00187e-10 1.21831e-11 7.9413e-13 0 
0 7.74666e-11 6.5184e-10 2.89111e-09 9.45499e-09 2.52818e-08 5.78347e-08 1.15959e-07 2.06838e-07 3.31624e-07 4.81702e-07 6.38037e-07 7.75024e-07 8.67921e-07 9.0088e-07 8.7213e-07 7.94252e-07 6.89926e-07 5.85434e-07 5.04688e-07 4.65427e-07 4.77275e-07 5.39701e-07 6.38222e-07 7.4098e-07 8.03228e-07 7.85232e-07 6.75292e-07 5.00322e-07 3.13762e-07 1.64979e-07 7.29513e-08 2.74721e-08 8.92851e-09 2.52017e-09 6.15801e-10 1.28308e-10 2.19507e-11 2.79618e-12 1.90227e-13 0 
0 1.22269e-11 1.00002e-10 4.31792e-10 1.37785e-09 3.60489e-09 8.09397e-09 1.59796e-08 2.81545e-08 4.47207e-08 6.45282e-08 8.51032e-08 1.03141e-07 1.15452e-07 1.19992e-07 1.16537e-07 1.06738e-07 9.35779e-08 8.05396e-08 7.07988e-08 6.66646e-08 6.92224e-08 7.7987e-08 9.04878e-08 1.02158e-07 1.0733e-07 1.0171e-07 8.50743e-08 6.18684e-08 3.87355e-08 2.07882e-08 9.57231e-09 3.79887e-09 1.30544e-09 3.89112e-10 1.00187e-10 2.19507e-11 3.93992e-12 5.25173e-13 3.72771e-14 0 
0 1.46672e-12 1.16762e-11 4.91443e-11 1.53176e-10 3.92405e-10 8.65051e-10 1.68158e-09 2.92551e-09 4.60098e-09 6.59e-09 8.64759e-09 1.04503e-08 1.16877e-08 1.21615e-08 1.18517e-08 1.09222e-08 9.67052e-09 8.44473e-09 7.56234e-09 7.24743e-09 7.58597e-09 8.48785e-09 9.65987e-09 1.06302e-08 1.08806e-08 1.00821e-08 8.30224e-09 6.00079e-09 3.77842e-09 2.06521e-09 9.79491e-10 4.03683e-10 1.44788e-10 4.51651e-11 1.21831e-11 2.79618e-12 5.25173e-13 7.31217e-14 5.40954e-15 0 
0 9.55033e-14 7.41136e-13 3.04516e-12 9.28286e-12 2.33101e-11 5.04929e-11 9.66928e-11 1.66145e-10 2.58723e-10 3.67803e-10 4.80127e-10 5.78438e-10 6.46293e-10 6.73275e-10 6.58453e-10 6.10748e-10 5.4628e-10 4.83963e-10 4.40942e-10 4.28843e-10 4.50965e-10 5.00271e-10 5.58868e-10 6.01042e-10 6.01562e-10 5.47351e-10 4.45597e-10 3.21134e-10 2.03522e-10 1.13028e-10 5.49346e-11 2.33639e-11 8.69272e-12 2.82264e-12 7.9413e-13 1.90227e-13 3.72771e-14 5.40954e-15 4.16464e-16 0 
0 0 0 0 0 0 0 0 0 0 0 0 0 0 0 0 0 0 0 0 0 0 0 0 0 0 0 0 0 0 0 0 0 0 0 0 0 0 0 0 0 
