0 0 0 0 0 0 0 0 0 0 0 0 0 0 0 0 0 0 0 0 0 0 0 0 0 0 0 0 0 0 0 0 0 0 0 0 0 0 0 0 0 
0 6.53348e-13 6.25805e-12 3.18233e-11 1.2008e-10 3.72215e-10 9.89433e-10 2.30393e-09 4.75367e-09 8.74842e-09 1.44187e-08 2.13396e-08 2.84176e-08 3.41109e-08 3.69704e-08 3.62471e-08 3.22136e-08 2.601e-08 1.91278e-08 1.28471e-08 7.90358e-09 4.46742e-09 2.32742e-09 1.12115e-09 5.00941e-10 2.08242e-10 8.07688e-11 2.93039e-11 9.96683e-12 3.18314e-12 9.55513e-13 2.69586e-13 7.1392e-14 1.76863e-14 4.07215e-15 8.61032e-16 1.63525e-16 2.66841e-17 3.37353e-18 2.3593e-19 0 
0 6.25805e-12 6.20951e-11 3.27228e-10 1.2791e-09 4.10296e-09 1.12671e-08 2.70403e-08 5.73395e-08 1.08097e-07 1.81838e-07 2.73601e-07 3.68904e-07 4.46475e-07 4.8587e-07 4.76344e-07 4.21652e-07 3.37834e-07 2.45685e-07 1.6267e-07 9.83819e-08 5.45382e-08 2.78107e-08 1.30923e-08 5.71027e-09 2.31545e-09 8.75701e-10 3.09811e-10 1.02791e-10 3.20476e-11 9.40086e-12 2.59539e-12 6.73655e-13 1.63885e-13 3.71362e-14 7.74707e-15 1.45559e-15 2.35686e-16 2.96594e-17 2.07134e-18 0 
0 3.18233e-11 3.27228e-10 1.78806e-09 7.2457e-09 2.40707e-08 6.8342e-08 1.69187e-07 3.69009e-07 7.13132e-07 1.22517e-06 1.87518e-06 2.56112e-06 3.12642e-06 3.41701e-06 3.35049e-06 2.95434e-06 2.34901e-06 1.68935e-06 1.10264e-06 6.55573e-07 3.56413e-07 1.77896e-07 8.1849e-08 3.48525e-08 1.37884e-08 5.08677e-09 1.75578e-09 5.68677e-10 1.73241e-10 4.97197e-11 1.34518e-11 3.42836e-12 8.20841e-13 1.83537e-13 3.78917e-14 7.06823e-15 1.1401e-15 1.4342e-16 1.00459e-17 0 
0 1.2008e-10 1.2791e-09 7.2457e-09 3.04347e-08 1.04707e-07 3.07371e-07 7.84946e-07 1.76106e-06 3.48918e-06 6.12284e-06 9.53381e-06 1.31919e-05 1.62455e-05 1.78363e-05 1.74964e-05 1.53734e-05 1.21352e-05 8.63468e-06 5.55879e-06 3.25089e-06 1.73447e-06 8.47998e-07 3.81627e-07 1.58795e-07 6.13574e-08 2.21061e-08 7.45437e-09 2.36054e-09 7.039e-10 1.98056e-10 5.26368e-11 1.32089e-11 3.12245e-12 6.91436e-13 1.41852e-13 2.63898e-14 4.26088e-15 5.38434e-16 3.80042e-17 0 
0 3.72215e-10 4.10296e-09 2.40707e-08 1.04707e-07 3.72748e-07 1.13048e-06 2.97613e-06 6.8643e-06 1.39364e-05 2.49694e-05 3.95419e-05 5.54208e-05 6.88484e-05 7.59467e-05 7.45582e-05 6.53181e-05 5.12273e-05 3.60969e-05 2.29451e-05 1.3215e-05 6.92833e-06 3.32269e-06 1.46487e-06 5.96618e-07 2.25562e-07 7.95231e-08 2.62551e-08 8.14842e-09 2.38487e-09 6.59875e-10 1.72864e-10 4.28778e-11 1.00508e-11 2.21484e-12 4.53904e-13 8.46805e-14 1.37618e-14 1.75602e-15 1.25456e-16 0 
0 9.89433e-10 1.12671e-08 6.8342e-08 3.07371e-07 1.13048e-06 3.53711e-06 9.58671e-06 2.27042e-05 4.71844e-05 8.6234e-05 0.000138779 0.00019691 0.000246693 0.000273424 0.000268756 0.000234951 0.000183294 0.000128093 8.053e-05 4.57602e-05 2.36215e-05 1.11357e-05 4.82029e-06 1.9263e-06 7.14448e-07 2.47179e-07 8.01492e-08 2.44622e-08 7.05362e-09 1.92727e-09 4.99969e-10 1.23214e-10 2.88021e-11 6.35458e-12 1.30913e-12 2.46449e-13 4.05455e-14 5.2495e-15 3.80959e-16 0 
0 2.30393e-09 2.70403e-08 1.69187e-07 7.84946e-07 2.97613e-06 9.58671e-06 2.66985e-05 6.48088e-05 0.000137639 0.000256201 0.000418441 0.000600383 0.000758032 0.000844058 0.000831094 0.000725858 0.000564244 0.000391896 0.000244263 0.000137297 6.99705e-05 3.25171e-05 1.38618e-05 5.45282e-06 1.99088e-06 6.78468e-07 2.16953e-07 6.54117e-08 1.8675e-08 5.0666e-09 1.30953e-09 3.2277e-10 7.57714e-11 1.68586e-11 3.51595e-12 6.72172e-13 1.12534e-13 1.48375e-14 1.09576e-15 0 
0 4.75367e-09 5.73395e-08 3.69009e-07 1.76106e-06 6.8643e-06 2.27042e-05 6.48088e-05 0.000160866 0.000348337 0.00065893 0.00108994 0.00157861 0.00200617 0.00224323 0.00221384 0.00193463 0.00150204 0.00103989 0.000644683 0.000359676 0.000181609 8.35038e-05 3.51907e-05 1.36818e-05 4.93911e-06 1.66591e-06 5.281e-07 1.58206e-07 4.50099e-08 1.22113e-08 3.16877e-09 7.87509e-10 1.87199e-10 4.23369e-11 9.00167e-12 1.75742e-12 3.00519e-13 4.04162e-14 3.03647e-15 0 
0 8.74842e-09 1.08097e-07 7.13132e-07 3.48918e-06 1.39364e-05 4.71844e-05 0.000137639 0.000348337 0.000766862 0.00146997 0.00245557 0.00358099 0.00457209 0.0051297 0.0050769 0.00444768 0.00345954 0.00239656 0.00148408 0.000825444 0.000414774 0.000189547 7.9341e-05 3.06411e-05 1.09965e-05 3.69297e-06 1.1683e-06 3.50331e-07 1.00133e-07 2.74073e-08 7.20728e-09 1.82309e-09 4.42755e-10 1.02575e-10 2.23668e-11 4.47583e-12 7.82784e-13 1.07297e-13 8.18077e-15 0 
0 1.44187e-08 1.81838e-07 1.22517e-06 6.12284e-06 2.49694e-05 8.6234e-05 0.000256201 0.00065893 0.00146997 0.0028457 0.00478463 0.0070037 0.00896256 0.0100786 0.0100082 0.00880879 0.00688896 0.00479693 0.0029822 0.00166232 0.00083569 0.000381634 0.00015957 6.15885e-05 2.2121e-05 7.45213e-06 2.37238e-06 7.18688e-07 2.0846e-07 5.81785e-08 1.56701e-08 4.07485e-09 1.01964e-09 2.43498e-10 5.46489e-11 1.12197e-11 2.00419e-12 2.79142e-13 2.15098e-14 0 
0 2.13396e-08 2.73601e-07 1.87518e-06 9.53381e-06 3.95419e-05 0.000138779 0.000418441 0.00108994 0.00245557 0.00478463 0.00806997 0.0118212 0.0151274 0.0170313 0.0169764 0.0150425 0.0118698 0.00834674 0.0052376 0.00294279 0.00148906 0.000683822 0.000287539 0.000111735 4.04974e-05 1.38128e-05 4.47104e-06 1.38397e-06 4.12295e-07 1.18742e-07 3.3123e-08 8.93626e-09 2.31895e-09 5.72792e-10 1.32376e-10 2.78283e-11 5.05859e-12 7.12557e-13 5.52121e-14 0 
0 2.84176e-08 3.68904e-07 2.56112e-06 1.31919e-05 5.54208e-05 0.00019691 0.000600383 0.00157861 0.00358099 0.0070037 0.0118212 0.0172942 0.0221007 0.0248981 0.0249223 0.0222667 0.0177769 0.0126731 0.00806598 0.00459412 0.00235471 0.00109513 0.000466761 0.000184252 6.80746e-05 2.3779e-05 7.92592e-06 2.54079e-06 7.87887e-07 2.37042e-07 6.91612e-08 1.94884e-08 5.26113e-09 1.34399e-09 3.18994e-10 6.83657e-11 1.25799e-11 1.78219e-12 1.38106e-13 0 
0 3.41109e-08 4.46475e-07 3.12642e-06 1.62455e-05 6.88484e-05 0.000246693 0.000758032 0.00200617 0.00457209 0.00896256 0.0151274 0.0221007 0.028213 0.0318203 0.032005 0.0288567 0.0233427 0.0169113 0.0109573 0.00635841 0.00332233 0.00157703 0.000687632 0.000278735 0.000106296 3.85606e-05 1.3434e-05 4.52666e-06 1.48087e-06 4.70376e-07 1.44528e-07 4.26549e-08 1.19707e-08 3.15193e-09 7.6443e-10 1.66043e-10 3.0741e-11 4.35447e-12 3.35648e-13 0 
0 3.69704e-08 4.8587e-07 3.41701e-06 1.78363e-05 7.59467e-05 0.000273424 0.000844058 0.00224323 0.0051297 0.0100786 0.0170313 0.0248981 0.0318203 0.0359938 0.0364151 0.0331469 0.027175 0.0200262 0.0132399 0.0078608 0.00421401 0.0020593 0.000928668 0.00039167 0.000156512 5.99368e-05 2.21851e-05 7.97359e-06 2.78328e-06 9.39872e-07 3.04864e-07 9.41081e-08 2.73422e-08 7.37789e-09 1.81653e-09 3.97258e-10 7.35305e-11 1.03535e-11 7.89695e-13 0 
0 3.62471e-08 4.76344e-07 3.35049e-06 1.74964e-05 7.45582e-05 0.000268756 0.000831094 0.00221384 0.0050769 0.0100082 0.0169764 0.0249223 0.032005 0.0364151 0.0371197 0.0341281 0.0283539 0.0212596 0.014366 0.00876195 0.00485251 0.00246585 0.00116525 0.000519456 0.00022136 9.10909e-05 3.63967e-05 1.41235e-05 5.29812e-06 1.9062e-06 6.51483e-07 2.09343e-07 6.25652e-08 1.71776e-08 4.26255e-09 9.32034e-10 1.71375e-10 2.38499e-11 1.79108e-12 0 
0 3.22136e-08 4.21652e-07 2.95434e-06 1.53734e-05 6.53181e-05 0.000234951 0.000725858 0.00193463 0.00444768 0.00880879 0.0150425 0.0222667 0.0288567 0.0331469 0.0341281 0.0317332 0.0267332 0.0204129 0.0141328 0.0088993 0.00513475 0.00274654 0.00138151 0.000662911 0.000306986 0.000138083 6.03379e-05 2.54712e-05 1.02911e-05 3.93642e-06 1.4102e-06 4.68429e-07 1.42888e-07 3.96002e-08 9.828e-09 2.13337e-09 3.87195e-10 5.29624e-11 3.89755e-12 0 
0 2.601e-08 3.37834e-07 2.34901e-06 1.21352e-05 5.12273e-05 0.000183294 0.000564244 0.00150204 0.00345954 0.00688896 0.0118698 0.0177769 0.0233427 0.027175 0.0283539 0.0267332 0.0228907 0.0178531 0.0127234 0.00833389 0.00506573 0.00289521 0.00157842 0.000831153 0.000425801 0.000212254 0.000102265 4.70884e-05 2.04518e-05 8.27418e-06 3.08475e-06 1.05045e-06 3.24197e-07 8.99167e-08 2.21391e-08 4.73624e-09 8.43109e-10 1.1274e-10 8.09392e-12 0 
0 1.91278e-08 2.45685e-07 1.68935e-06 8.63468e-06 3.60969e-05 0.000128093 0.000391896 0.00103989 0.00239656 0.00479693 0.00834674 0.0126731 0.0169113 0.0200262 0.0212596 0.0204129 0.0178531 0.0143097 0.0105841 0.0072921 0.00473815 0.00294495 0.00177368 0.00104341 0.00059971 0.000334204 0.000178157 8.9393e-05 4.1558e-05 1.76629e-05 6.79498e-06 2.34981e-06 7.26691e-07 1.99835e-07 4.84008e-08 1.01292e-08 1.75746e-09 2.28565e-10 1.59432e-11 0 
0 1.28471e-08 1.6267e-07 1.10264e-06 5.55879e-06 2.29451e-05 8.053e-05 0.000244263 0.000644683 0.00148408 0.0029822 0.0052376 0.00806598 0.0109573 0.0132399 0.014366 0.0141328 0.0127234 0.0105841 0.00822591 0.0060526 0.00427895 0.00294676 0.00199474 0.0013287 0.000864152 0.000540533 0.000318939 0.000173947 8.61042e-05 3.81504e-05 1.49999e-05 5.21201e-06 1.5979e-06 4.31331e-07 1.01863e-07 2.06995e-08 3.47958e-09 4.38068e-10 2.95841e-11 0 
0 7.90358e-09 9.83819e-08 6.55573e-07 3.25089e-06 1.3215e-05 4.57602e-05 0.000137297 0.000359676 0.000825444 0.00166232 0.00294279 0.00459412 0.00635841 0.0078608 0.00876195 0.0088993 0.00833389 0.0072921 0.0060526 0.0048443 0.00379673 0.00294567 0.00226883 0.00172371 0.00127273 0.000894355 0.000583692 0.000345162 0.000181014 8.29378e-05 3.29715e-05 1.13727e-05 3.41528e-06 8.95301e-07 2.04319e-07 4.00289e-08 6.4838e-09 7.87064e-10 5.13189e-11 0 
0 4.46742e-09 5.45382e-08 3.56413e-07 1.73447e-06 6.92833e-06 2.36215e-05 6.99705e-05 0.000181609 0.000414774 0.00083569 0.00148906 0.00235471 0.00332233 0.00421401 0.00485251 0.00513475 0.00506573 0.00473815 0.00427895 0.00379673 0.00335379 0.00296507 0.0026132 0.00226712 0.00189874 0.00149768 0.00108155 0.000694121 0.000385223 0.000181377 7.20148e-05 2.42682e-05 7.02777e-06 1.7664e-06 3.85916e-07 7.24145e-08 1.12518e-08 1.31311e-09 8.25227e-11 0 
0 2.32742e-09 2.78107e-08 1.77896e-07 8.47998e-07 3.32269e-06 1.11357e-05 3.25171e-05 8.35038e-05 0.000189547 0.000381634 0.000683822 0.00109513 0.00157703 0.0020593 0.00246585 0.00274654 0.00289521 0.00294495 0.00294676 0.00294567 0.00296507 0.00300126 0.00302456 0.00298486 0.0028252 0.00250497 0.00202255 0.00143288 0.000853543 0.000413411 0.000161256 5.15514e-05 1.39529e-05 3.28457e-06 6.7771e-07 1.20969e-07 1.79709e-08 2.01325e-09 1.21902e-10 0 
0 1.12115e-09 1.30923e-08 8.1849e-08 3.81627e-07 1.46487e-06 4.82029e-06 1.38618e-05 3.51907e-05 7.9341e-05 0.00015957 0.000287539 0.000466761 0.000687632 0.000928668 0.00116525 0.00138151 0.00157842 0.00177368 0.00199474 0.00226883 0.0026132 0.00302456 0.00346703 0.00386875 0.0041472 0.00423134 0.00399828 0.00328036 0.00216213 0.00108424 0.000407236 0.000117726 2.79185e-05 5.81832e-06 1.09808e-06 1.84197e-07 2.60835e-08 2.80541e-09 1.63867e-10 0 
0 5.00941e-10 5.71027e-09 3.48525e-08 1.58795e-07 5.96618e-07 1.9263e-06 5.45282e-06 1.36818e-05 3.06411e-05 6.15885e-05 0.000111735 0.000184252 0.000278735 0.00039167 0.000519456 0.000662911 0.000831153 0.00104341 0.0013287 0.00172371 0.00226712 0.00298486 0.00386875 0.00489953 0.00618254 0.00788452 0.00939858 0.00912391 0.00655191 0.00334041 0.00119746 0.000307696 6.05949e-05 1.02691e-05 1.65465e-06 2.53236e-07 3.3976e-08 3.51325e-09 1.98556e-10 0 
0 2.08242e-10 2.31545e-09 1.37884e-08 6.13574e-08 2.25562e-07 7.14448e-07 1.99088e-06 4.93911e-06 1.09965e-05 2.2121e-05 4.04974e-05 6.80746e-05 0.000106296 0.000156512 0.00022136 0.000306986 0.000425801 0.00059971 0.000864152 0.00127273 0.00189874 0.0028252 0.0041472 0.00618254 0.0100937 0.0172751 0.0251961 0.0268832 0.0198304 0.00998152 0.00343322 0.000813258 0.00013771 1.85631e-05 2.36798e-06 3.13382e-07 3.92816e-08 3.91156e-09 2.149e-10 0 
0 8.07688e-11 8.75701e-10 5.08677e-09 2.21061e-08 7.95231e-08 2.47179e-07 6.78468e-07 1.66591e-06 3.69297e-06 7.45213e-06 1.38128e-05 2.3779e-05 3.85606e-05 5.99368e-05 9.10909e-05 0.000138083 0.000212254 0.000334204 0.000540533 0.000894355 0.00149768 0.00250497 0.00423134 0.00788452 0.0172751 0.0363114 0.057754 0.0634335 0.046971 0.0233392 0.00781113 0.00177047 0.00027586 3.16588e-05 3.19196e-06 3.48037e-07 3.99282e-08 3.83447e-09 2.0606e-10 0 
0 2.93039e-11 3.09811e-10 1.75578e-09 7.45437e-09 2.62551e-08 8.01492e-08 2.16953e-07 5.281e-07 1.1683e-06 2.37238e-06 4.47104e-06 7.92592e-06 1.3434e-05 2.21851e-05 3.63967e-05 6.03379e-05 0.000102265 0.000178157 0.000318939 0.000583692 0.00108155 0.00202255 0.00399828 0.00939858 0.0251961 0.057754 0.0943347 0.104423 0.0773784 0.0382569 0.0126404 0.00280238 0.000419406 4.41409e-05 3.76796e-06 3.39883e-07 3.53071e-08 3.28208e-09 1.73856e-10 0 
0 9.96683e-12 1.02791e-10 5.68677e-10 2.36054e-09 8.14842e-09 2.44622e-08 6.54117e-08 1.58206e-07 3.50331e-07 7.18688e-07 1.38397e-06 2.54079e-06 4.52666e-06 7.97359e-06 1.41235e-05 2.54712e-05 4.70884e-05 8.9393e-05 0.000173947 0.000345162 0.000694121 0.00143288 0.00328036 0.00912391 0.0268832 0.0634335 0.104423 0.115847 0.0858611 0.0423864 0.0139384 0.00305883 0.000449126 4.53557e-05 3.53372e-06 2.79312e-07 2.67771e-08 2.43604e-09 1.28412e-10 0 
0 3.18314e-12 3.20476e-11 1.73241e-10 7.039e-10 2.38487e-09 7.05362e-09 1.8675e-08 4.50099e-08 1.00133e-07 2.0846e-07 4.12295e-07 7.87887e-07 1.48087e-06 2.78328e-06 5.29812e-06 1.02911e-05 2.04518e-05 4.1558e-05 8.61042e-05 0.000181014 0.000385223 0.000853543 0.00216213 0.00655191 0.0198304 0.046971 0.0773784 0.0858611 0.0636385 0.0314104 0.0103175 0.00225485 0.000328354 3.26347e-05 2.45653e-06 1.84294e-07 1.7162e-08 1.56032e-09 8.27688e-11 0 
0 9.55513e-13 9.40086e-12 4.97197e-11 1.98056e-10 6.59875e-10 1.92727e-09 5.0666e-09 1.22113e-08 2.74073e-08 5.81785e-08 1.18742e-07 2.37042e-07 4.70376e-07 9.39872e-07 1.9062e-06 3.93642e-06 8.27418e-06 1.76629e-05 3.81504e-05 8.29378e-05 0.000181377 0.000413411 0.00108424 0.00334041 0.00998152 0.0233392 0.0382569 0.0423864 0.0314104 0.0155131 0.00509797 0.00111291 0.000161875 1.61236e-05 1.22923e-06 9.53764e-08 9.2325e-09 8.61073e-10 4.64984e-11 0 
0 2.69586e-13 2.59539e-12 1.34518e-11 5.26368e-11 1.72864e-10 4.99969e-10 1.30953e-09 3.16877e-09 7.20728e-09 1.56701e-08 3.3123e-08 6.91612e-08 1.44528e-07 3.04864e-07 6.51483e-07 1.4102e-06 3.08475e-06 6.79498e-06 1.49999e-05 3.29715e-05 7.20148e-05 0.000161256 0.000407236 0.00119746 0.00343322 0.00781113 0.0126404 0.0139384 0.0103175 0.00509797 0.00167639 0.000366497 5.36707e-05 5.47215e-06 4.46365e-07 3.92296e-08 4.19675e-09 4.10246e-10 2.27763e-11 0 
0 7.1392e-14 6.73655e-13 3.42836e-12 1.32089e-11 4.28778e-11 1.23214e-10 3.2277e-10 7.87509e-10 1.82309e-09 4.07485e-09 8.93626e-09 1.94884e-08 4.26549e-08 9.41081e-08 2.09343e-07 4.68429e-07 1.05045e-06 2.34981e-06 5.21201e-06 1.13727e-05 2.42682e-05 5.15514e-05 0.000117726 0.000307696 0.000813258 0.00177047 0.00280238 0.00305883 0.00225485 0.00111291 0.000366497 8.06872e-05 1.20732e-05 1.30862e-06 1.23885e-07 1.34273e-08 1.63734e-09 1.6942e-10 9.73821e-12 0 
0 1.76863e-14 1.63885e-13 8.20841e-13 3.12245e-12 1.00508e-11 2.88021e-11 7.57714e-11 1.87199e-10 4.42755e-10 1.01964e-09 2.31895e-09 5.26113e-09 1.19707e-08 2.73422e-08 6.25652e-08 1.42888e-07 3.24197e-07 7.26691e-07 1.5979e-06 3.41528e-06 7.02777e-06 1.39529e-05 2.79185e-05 6.05949e-05 0.00013771 0.00027586 0.000419406 0.000449126 0.000328354 0.000161875 5.36707e-05 1.20732e-05 1.91132e-06 2.37895e-07 2.90734e-08 4.03296e-09 5.55649e-10 6.08395e-11 3.63623e-12 0 
0 4.07215e-15 3.71362e-14 1.83537e-13 6.91436e-13 2.21484e-12 6.35458e-12 1.68586e-11 4.23369e-11 1.02575e-10 2.43498e-10 5.72792e-10 1.34399e-09 3.15193e-09 7.37789e-09 1.71776e-08 3.96002e-08 8.99167e-08 1.99835e-07 4.31331e-07 8.95301e-07 1.7664e-06 3.28457e-06 5.81832e-06 1.02691e-05 1.85631e-05 3.16588e-05 4.41409e-05 4.53557e-05 3.26347e-05 1.61236e-05 5.47215e-06 1.30862e-06 2.37895e-07 3.83853e-08 6.41314e-09 1.08947e-09 1.64603e-10 1.89966e-11 1.18358e-12 0 
0 8.61032e-16 7.74707e-15 3.78917e-14 1.41852e-13 4.53904e-13 1.30913e-12 3.51595e-12 9.00167e-12 2.23668e-11 5.46489e-11 1.32376e-10 3.18994e-10 7.6443e-10 1.81653e-09 4.26255e-09 9.828e-09 2.21391e-08 4.84008e-08 1.01863e-07 2.04319e-07 3.85916e-07 6.7771e-07 1.09808e-06 1.65465e-06 2.36798e-06 3.19196e-06 3.76796e-06 3.53372e-06 2.45653e-06 1.22923e-06 4.46365e-07 1.23885e-07 2.90734e-08 6.41314e-09 1.36006e-09 2.61655e-10 4.22844e-11 5.12767e-12 3.33503e-13 0 
0 1.63525e-16 1.45559e-15 7.06823e-15 2.63898e-14 8.46805e-14 2.46449e-13 6.72172e-13 1.75742e-12 4.47583e-12 1.12197e-11 2.78283e-11 6.83657e-11 1.66043e-10 3.97258e-10 9.32034e-10 2.13337e-09 4.73624e-09 1.01292e-08 2.06995e-08 4.00289e-08 7.24145e-08 1.20969e-07 1.84197e-07 2.53236e-07 3.13382e-07 3.48037e-07 3.39883e-07 2.79312e-07 1.84294e-07 9.53764e-08 3.92296e-08 1.34273e-08 4.03296e-09 1.08947e-09 2.61655e-10 5.42196e-11 9.25579e-12 1.17718e-12 7.99571e-14 0 
0 2.66841e-17 2.35686e-16 1.1401e-15 4.26088e-15 1.37618e-14 4.05455e-14 1.12534e-13 3.00519e-13 7.82784e-13 2.00419e-12 5.05859e-12 1.25799e-11 3.0741e-11 7.35305e-11 1.71375e-10 3.87195e-10 8.43109e-10 1.75746e-09 3.47958e-09 6.4838e-09 1.12518e-08 1.79709e-08 2.60835e-08 3.3976e-08 3.92816e-08 3.99282e-08 3.53071e-08 2.67771e-08 1.7162e-08 9.2325e-09 4.19675e-09 1.63734e-09 5.55649e-10 1.64603e-10 4.22844e-11 9.25579e-12 1.66003e-12 2.21069e-13 1.56742e-14 0 
0 3.37353e-18 2.96594e-17 1.4342e-16 5.38434e-16 1.75602e-15 5.2495e-15 1.48375e-14 4.04162e-14 1.07297e-13 2.79142e-13 7.12557e-13 1.78219e-12 4.35447e-12 1.03535e-11 2.38499e-11 5.29624e-11 1.1274e-10 2.28565e-10 4.38068e-10 7.87064e-10 1.31311e-09 2.01325e-09 2.80541e-09 3.51325e-09 3.91156e-09 3.83447e-09 3.28208e-09 2.43604e-09 1.56032e-09 8.61073e-10 4.10246e-10 1.6942e-10 6.08395e-11 1.89966e-11 5.12767e-12 1.17718e-12 2.21069e-13 3.07667e-14 2.27453e-15 0 
0 2.3593e-19 2.07134e-18 1.00459e-17 3.80042e-17 1.25456e-16 3.80959e-16 1.09576e-15 3.03647e-15 8.18077e-15 2.15098e-14 5.52121e-14 1.38106e-13 3.35648e-13 7.89695e-13 1.79108e-12 3.89755e-12 8.09392e-12 1.59432e-11 2.95841e-11 5.13189e-11 8.25227e-11 1.21902e-10 1.63867e-10 1.98556e-10 2.149e-10 2.0606e-10 1.73856e-10 1.28412e-10 8.27688e-11 4.64984e-11 2.27763e-11 9.73821e-12 3.63623e-12 1.18358e-12 3.33503e-13 7.99571e-14 1.56742e-14 2.27453e-15 1.75052e-16 0 
0 0 0 0 0 0 0 0 0 0 0 0 0 0 0 0 0 0 0 0 0 0 0 0 0 0 0 0 0 0 0 0 0 0 0 0 0 0 0 0 0 
