0 0 0 0 0 0 0 0 0 0 0 0 0 0 0 0 0 0 0 0 0 0 0 0 0 0 0 0 0 0 0 0 0 0 0 0 0 0 0 0 0 
0 1.19292e-07 1.02119e-06 4.15575e-06 1.11394e-05 2.21394e-05 3.52987e-05 4.81099e-05 5.89034e-05 6.71507e-05 7.30309e-05 7.6964e-05 7.93523e-05 8.04922e-05 8.05684e-05 7.9674e-05 7.78275e-05 7.49854e-05 7.10573e-05 6.59366e-05 5.9555e-05 5.19575e-05 4.338e-05 3.42916e-05 2.53634e-05 1.73374e-05 1.08228e-05 6.10631e-06 3.09022e-06 1.39661e-06 5.62972e-07 2.02575e-07 6.51664e-08 1.87511e-08 4.81476e-09 1.0945e-09 2.16212e-10 3.56141e-11 4.42155e-12 2.95976e-13 0 
0 1.02119e-06 8.69881e-06 3.2836e-05 7.54147e-05 0.000121649 0.000155951 0.000176024 0.000187344 0.000194931 0.000201086 0.000206234 0.000210041 0.000212088 0.000212155 0.000210306 0.000206862 0.000202325 0.000197237 0.000191973 0.000186466 0.000179933 0.000170749 0.000156759 0.00013624 0.000109339 7.90399e-05 5.0386e-05 2.79215e-05 1.33725e-05 5.54601e-06 2.00561e-06 6.37678e-07 1.79415e-07 4.47684e-08 9.85969e-09 1.88523e-09 3.00683e-10 3.61898e-11 2.35243e-12 0 
0 4.15575e-06 3.2836e-05 0.000102606 0.000179653 0.000224663 0.000246351 0.000264842 0.000287163 0.000311905 0.000335759 0.000355931 0.000370541 0.000378542 0.000379595 0.000373973 0.00036247 0.000346315 0.000327096 0.000306693 0.00028719 0.000270639 0.000258493 0.000250515 0.000243378 0.000230103 0.00020253 0.000157909 0.000104523 5.72993e-05 2.59215e-05 9.79904e-06 3.1554e-06 8.80793e-07 2.15438e-07 4.62204e-08 8.58615e-09 1.32979e-09 1.55531e-10 9.83838e-12 0 
0 1.11394e-05 7.54147e-05 0.000179653 0.000244604 0.000278235 0.000317586 0.000368676 0.000424845 0.000479669 0.000528548 0.000568185 0.000596313 0.000611647 0.000613851 0.000603478 0.000581855 0.00055092 0.000513041 0.000470852 0.000427133 0.000384801 0.000347002 0.000317077 0.000297766 0.000288722 0.000282556 0.000263368 0.000216032 0.000145145 7.68247e-05 3.20662e-05 1.08442e-05 3.07024e-06 7.45923e-07 1.57183e-07 2.8527e-08 4.30803e-09 4.91265e-10 3.03273e-11 0 
0 2.21394e-05 0.000121649 0.000224663 0.000278235 0.000337727 0.000417922 0.000508734 0.000601112 0.000688396 0.000765159 0.000827025 0.000870818 0.000894697 0.00089821 0.000882219 0.000848731 0.000800652 0.000741487 0.000675044 0.000605156 0.000535491 0.000469495 0.000410586 0.000362572 0.000329658 0.000314075 0.000309535 0.000294638 0.000243017 0.000157381 7.65275e-05 2.83533e-05 8.36826e-06 2.05306e-06 4.29262e-07 7.66291e-08 1.13397e-08 1.26574e-09 7.65091e-11 0 
0 3.52987e-05 0.000155951 0.000246351 0.000317586 0.000417922 0.000539486 0.000670088 0.000800691 0.000923329 0.00103089 0.00111747 0.00117882 0.00121249 0.00121751 0.00119496 0.00114799 0.00108071 0.000997864 0.000904623 0.000806185 0.000707409 0.000612597 0.000525452 0.000449352 0.000388071 0.000346372 0.000327508 0.000323722 0.000305622 0.000239706 0.000139782 5.88614e-05 1.86248e-05 4.69703e-06 9.85158e-07 1.74232e-07 2.53981e-08 2.78655e-09 1.65504e-10 0 
0 4.81099e-05 0.000176024 0.000264842 0.000368676 0.000508734 0.000670088 0.000841072 0.00101135 0.00117097 0.00131129 0.00143002 0.0015341 0.00160508 0.00161792 0.00156994 0.00148023 0.00137798 0.00126782 0.00114626 0.00101793 0.000888875 0.000764474 0.000649168 0.000546491 0.000459521 0.000391977 0.000349049 0.000333204 0.00032964 0.000296404 0.000205696 0.000100362 3.4815e-05 9.17239e-06 1.94998e-06 3.44037e-07 4.96539e-08 5.37671e-09 3.14876e-10 0 
0 5.89034e-05 0.000187344 0.000287163 0.000424845 0.000601112 0.000800691 0.00101135 0.00122087 0.00141837 0.00161859 0.00184532 0.00200134 0.00206948 0.00207997 0.00204011 0.00193422 0.00174807 0.00154823 0.00138662 0.00122804 0.00106902 0.000915477 0.000772686 0.000644647 0.000534319 0.000444407 0.000378956 0.000343459 0.000335479 0.000324019 0.000258322 0.000145648 5.60269e-05 1.56003e-05 3.38975e-06 6.00131e-07 8.61439e-08 9.24079e-09 5.3534e-10 0 
0 6.71507e-05 0.000194931 0.000311905 0.000479669 0.000688396 0.000923329 0.00117097 0.00141837 0.0016902 0.00200733 0.00217171 0.00224887 0.00228422 0.00228986 0.00226822 0.00221492 0.00211367 0.00190832 0.00163 0.00142503 0.00123728 0.00105658 0.000888277 0.000736888 0.000605518 0.000496394 0.000412249 0.000358157 0.000337706 0.000333457 0.00029226 0.000186679 7.95394e-05 2.35239e-05 5.2512e-06 9.36872e-07 1.3423e-07 1.43101e-08 8.22467e-10 0 
0 7.30309e-05 0.000201086 0.000335759 0.000528548 0.000765159 0.00103089 0.00131129 0.00161859 0.00200733 0.00221371 0.00231302 0.00236727 0.00239355 0.00239778 0.00238135 0.00234232 0.00227376 0.00215618 0.00192277 0.00161037 0.00138443 0.00117962 0.000989113 0.000817481 0.000668038 0.000542829 0.000443726 0.000374594 0.000340942 0.000335039 0.000310706 0.00021864 0.000101984 3.197e-05 7.34136e-06 1.32288e-06 1.89656e-07 2.01452e-08 1.15152e-09 0 
0 7.6964e-05 0.000206234 0.000355931 0.000568185 0.000827025 0.00111747 0.00143002 0.00184532 0.00217171 0.00231302 0.00239138 0.00243674 0.00245921 0.0024628 0.00244856 0.00241526 0.00235864 0.00226803 0.00211256 0.0018069 0.00150588 0.00127787 0.00106955 0.000881793 0.000718011 0.000580198 0.000469727 0.000389421 0.000344928 0.000334156 0.000319209 0.000240529 0.000120588 3.97405e-05 9.36474e-06 1.70474e-06 2.44899e-07 2.59665e-08 1.47916e-09 0 
0 7.93523e-05 0.000210041 0.000370541 0.000596313 0.000870818 0.00117882 0.0015341 0.00200134 0.00224887 0.00236727 0.00243674 0.00247791 0.0024985 0.00250172 0.00248848 0.00245785 0.00240658 0.00232694 0.00219878 0.00195433 0.00160328 0.00134658 0.00112549 0.000926457 0.000752685 0.000606143 0.00048793 0.000400175 0.000348159 0.000332672 0.000322147 0.000253527 0.000133719 4.57473e-05 1.10016e-05 2.02009e-06 2.90906e-07 3.08282e-08 1.75287e-09 0 
0 8.04922e-05 0.000212088 0.000378542 0.000611647 0.000894697 0.00121249 0.00160508 0.00206948 0.00228422 0.00239355 0.00245921 0.0024985 0.00251818 0.00252116 0.00250827 0.00247872 0.00242964 0.00235438 0.0022364 0.00202239 0.00166447 0.00138291 0.00115455 0.000949526 0.000770465 0.000619316 0.000497039 0.000405394 0.000349325 0.000330865 0.00032206 0.000259298 0.000140749 4.92365e-05 1.19918e-05 2.21477e-06 3.19604e-07 3.38783e-08 1.92519e-09 0 
0 8.05684e-05 0.000212155 0.000379595 0.000613851 0.00089821 0.00121751 0.00161792 0.00207997 0.00228986 0.00239778 0.0024628 0.00250172 0.00252116 0.00252397 0.00251097 0.00248138 0.00243238 0.00235748 0.00224064 0.00203064 0.0016722 0.00138548 0.00115618 0.000950507 0.000770907 0.000619296 0.000496588 0.00040444 0.000347676 0.000328539 0.000320058 0.000259057 0.000141659 4.98679e-05 1.21952e-05 2.25756e-06 3.26199e-07 3.46033e-08 1.96734e-09 0 
0 7.9674e-05 0.000210306 0.000373973 0.000603478 0.000882219 0.00119496 0.00156994 0.00204011 0.00226822 0.00238135 0.00244856 0.00248848 0.00250827 0.00251097 0.00249743 0.00246676 0.00241594 0.0023378 0.00221425 0.00198531 0.00162496 0.00135547 0.0011315 0.000930266 0.00075463 0.000606488 0.000486783 0.000397312 0.000342994 0.000325432 0.000316247 0.000253279 0.000136743 4.76997e-05 1.16138e-05 2.14734e-06 3.10405e-07 3.29656e-08 1.87692e-09 0 
0 7.78275e-05 0.000206862 0.00036247 0.000581855 0.000848731 0.00114799 0.00148023 0.00193422 0.00221492 0.00234232 0.00241526 0.00245785 0.00247872 0.00248138 0.00246676 0.00243381 0.0023788 0.00229277 0.00215144 0.0018745 0.00153767 0.00129687 0.00108314 0.000890816 0.000723133 0.000581952 0.000468335 0.000384446 0.000335406 0.000321171 0.000309866 0.000241729 0.000126495 4.31336e-05 1.03805e-05 1.91142e-06 2.76254e-07 2.93874e-08 1.67726e-09 0 
0 7.49854e-05 0.000202325 0.000346315 0.00055092 0.000800652 0.00108071 0.00137798 0.00174807 0.00211367 0.00227376 0.00235864 0.00240658 0.00242964 0.00243238 0.00241594 0.0023788 0.00231576 0.00221335 0.00202966 0.00169919 0.00143135 0.00121461 0.0010148 0.00083502 0.000678534 0.000547179 0.000442246 0.000366482 0.000325048 0.000314875 0.000299186 0.000223719 0.000111691 3.68459e-05 8.72065e-06 1.5965e-06 2.30706e-07 2.46031e-08 1.4093e-09 0 
0 7.10573e-05 0.000197237 0.000327096 0.000513041 0.000741487 0.000997864 0.00126782 0.00154823 0.00190832 0.00215618 0.00226803 0.00232694 0.00235438 0.00235748 0.0023378 0.00229277 0.00221335 0.00207345 0.00179977 0.00152175 0.00131115 0.00111401 0.000930855 0.000766237 0.000623264 0.000503805 0.000409535 0.000343891 0.000311436 0.000304406 0.000281366 0.000198628 9.35634e-05 2.96973e-05 6.90013e-06 1.25603e-06 1.81653e-07 1.9446e-08 1.11956e-09 0 
0 6.59366e-05 0.000191973 0.000306693 0.000470852 0.000675044 0.000904623 0.00114626 0.00138662 0.00163 0.00192277 0.00211256 0.00219878 0.0022364 0.00224064 0.00221425 0.00215144 0.00202966 0.00179977 0.00155417 0.00136234 0.00117808 0.00100079 0.000835962 0.000687966 0.000559752 0.000453312 0.00037085 0.000316288 0.000292306 0.000285382 0.000252813 0.000166787 7.39257e-05 2.26082e-05 5.16939e-06 9.37789e-07 1.36016e-07 1.46432e-08 8.4877e-10 0 
0 5.9555e-05 0.000186466 0.00028719 0.000427133 0.000605156 0.000806185 0.00101793 0.00122804 0.00142503 0.00161037 0.0018069 0.00195433 0.00202239 0.00203064 0.00198531 0.0018745 0.00169919 0.00152175 0.00136234 0.00120022 0.00103763 0.000880688 0.000734664 0.00060354 0.00049015 0.000396699 0.000325854 0.000281131 0.000262013 0.000251031 0.000211015 0.00013057 5.50658e-05 1.64e-05 3.71719e-06 6.75072e-07 9.8469e-08 1.06813e-08 6.24161e-10 0 
0 5.19575e-05 0.000179933 0.000270639 0.000384801 0.000535491 0.000707409 0.000888875 0.00106902 0.00123728 0.00138443 0.00150588 0.00160328 0.00166447 0.0016722 0.00162496 0.00153767 0.00143135 0.00131115 0.00117808 0.00103763 0.000896082 0.000759043 0.000631129 0.000515927 0.000416182 0.000334236 0.000272482 0.00023271 0.000212303 0.000196309 0.00015847 9.48714e-05 3.92746e-05 1.16331e-05 2.64318e-06 4.82972e-07 7.09804e-08 7.75996e-09 4.56911e-10 0 
0 4.338e-05 0.000170749 0.000258493 0.000347002 0.000469495 0.000612597 0.000764474 0.000915477 0.00105658 0.00117962 0.00127787 0.00134658 0.00138291 0.00138548 0.00135547 0.00129687 0.00121461 0.00111401 0.00100079 0.000880688 0.000759043 0.000640517 0.000529019 0.000427797 0.000339663 0.000266889 0.000210549 0.000170504 0.000145651 0.000129575 0.00010567 6.55508e-05 2.80582e-05 8.49468e-06 1.9542e-06 3.59637e-07 5.31013e-08 5.82584e-09 3.4403e-10 0 
0 3.42916e-05 0.000156759 0.000250515 0.000317077 0.000410586 0.000525452 0.000649168 0.000772686 0.000888277 0.000989113 0.00106955 0.00112549 0.00115455 0.00115618 0.0011315 0.00108314 0.0010148 0.000930855 0.000835962 0.000734664 0.000631129 0.000529019 0.000431633 0.000342619 0.000266916 0.000209156 0.00016764 0.000133477 0.00010245 8.02156e-05 6.59332e-05 4.56021e-05 2.141e-05 6.78126e-06 1.58122e-06 2.90773e-07 4.26917e-08 4.65258e-09 2.72976e-10 0 
0 2.53634e-05 0.00013624 0.000243378 0.000297766 0.000362572 0.000449352 0.000546491 0.000644647 0.000736888 0.000817481 0.000881793 0.000926457 0.000949526 0.000950507 0.000930266 0.000890816 0.00083502 0.000766237 0.000687966 0.00060354 0.000515927 0.000427797 0.000342619 0.000268696 0.000223751 0.000221298 0.00023939 0.000227609 0.000167253 9.54886e-05 5.21863e-05 3.3942e-05 1.78287e-05 5.99478e-06 1.40808e-06 2.5538e-07 3.67956e-08 3.93737e-09 2.27267e-10 0 
0 1.73374e-05 0.000109339 0.000230103 0.000288722 0.000329658 0.000388071 0.000459521 0.000534319 0.000605518 0.000668038 0.000718011 0.000752685 0.000770465 0.000770907 0.00075463 0.000723133 0.000678534 0.000623264 0.000559752 0.00049015 0.000416182 0.000339663 0.000266916 0.000223751 0.00026271 0.000414162 0.000742134 0.000895667 0.000488903 0.000239487 8.88579e-05 3.29708e-05 1.5774e-05 5.55893e-06 1.30678e-06 2.31678e-07 3.25032e-08 3.39399e-09 1.91781e-10 0 
0 1.08228e-05 7.90399e-05 0.00020253 0.000282556 0.000314075 0.000346372 0.000391977 0.000444407 0.000496394 0.000542829 0.000580198 0.000606143 0.000619316 0.000619296 0.000606488 0.000581952 0.000547179 0.000503805 0.000453312 0.000396699 0.000334236 0.000266889 0.000209156 0.000221298 0.000414162 0.00105632 0.00154471 0.00158135 0.00142545 0.000570239 0.000187087 4.80776e-05 1.51953e-05 5.08645e-06 1.17712e-06 2.03119e-07 2.7739e-08 2.82959e-09 1.56749e-10 0 
0 6.10631e-06 5.0386e-05 0.000157909 0.000263368 0.000309535 0.000327508 0.000349049 0.000378956 0.000412249 0.000443726 0.000469727 0.00048793 0.000497039 0.000496588 0.000486783 0.000468335 0.000442246 0.000409535 0.00037085 0.000325854 0.000272482 0.000210549 0.00016764 0.00023939 0.000742134 0.00154471 0.00168775 0.00170436 0.00163128 0.00125577 0.000301021 6.94162e-05 1.56733e-05 4.42728e-06 9.75388e-07 1.63184e-07 2.17923e-08 2.18526e-09 1.19391e-10 0 
0 3.09022e-06 2.79215e-05 0.000104523 0.000216032 0.000294638 0.000323722 0.000333204 0.000343459 0.000358157 0.000374594 0.000389421 0.000400175 0.000405394 0.00040444 0.000397312 0.000384446 0.000366482 0.000343891 0.000316288 0.000281131 0.00023271 0.000170504 0.000133477 0.000227609 0.000895667 0.00158135 0.00170436 0.00172143 0.00166221 0.00142129 0.000351116 7.44389e-05 1.46596e-05 3.5006e-06 7.15414e-07 1.15943e-07 1.52626e-08 1.5185e-09 8.25171e-11 0 
0 1.39661e-06 1.33725e-05 5.72993e-05 0.000145145 0.000243017 0.000305622 0.00032964 0.000335479 0.000337706 0.000340942 0.000344928 0.000348159 0.000349325 0.000347676 0.000342994 0.000335406 0.000325048 0.000311436 0.000292306 0.000262013 0.000212303 0.000145651 0.00010245 0.000167253 0.000488903 0.00142545 0.00163128 0.00166221 0.00155922 0.000931397 0.000244672 5.52326e-05 1.08169e-05 2.35637e-06 4.49443e-07 7.12133e-08 9.34895e-09 9.32983e-10 5.09095e-11 0 
0 5.62972e-07 5.54601e-06 2.59215e-05 7.68247e-05 0.000157381 0.000239706 0.000296404 0.000324019 0.000333457 0.000335039 0.000334156 0.000332672 0.000330865 0.000328539 0.000325432 0.000321171 0.000314875 0.000304406 0.000285382 0.000251031 0.000196309 0.000129575 8.02156e-05 9.54886e-05 0.000239487 0.000570239 0.00125577 0.00142129 0.000931397 0.000367319 0.000121567 2.84508e-05 6.06104e-06 1.28339e-06 2.3606e-07 3.73346e-08 4.95989e-09 5.02168e-10 2.77785e-11 0 
0 2.02575e-07 2.00561e-06 9.79904e-06 3.20662e-05 7.65275e-05 0.000139782 0.000205696 0.000258322 0.00029226 0.000310706 0.000319209 0.000322147 0.00032206 0.000320058 0.000316247 0.000309866 0.000299186 0.000281366 0.000252813 0.000211015 0.00015847 0.00010567 6.59332e-05 5.21863e-05 8.88579e-05 0.000187087 0.000301021 0.000351116 0.000244672 0.000121567 4.13444e-05 1.08687e-05 2.61031e-06 5.56042e-07 1.02906e-07 1.66571e-08 2.27228e-09 2.35872e-10 1.33429e-11 0 
0 6.51664e-08 6.37678e-07 3.1554e-06 1.08442e-05 2.83533e-05 5.88614e-05 0.000100362 0.000145648 0.000186679 0.00021864 0.000240529 0.000253527 0.000259298 0.000259057 0.000253279 0.000241729 0.000223719 0.000198628 0.000166787 0.00013057 9.48714e-05 6.55508e-05 4.56021e-05 3.3942e-05 3.29708e-05 4.80776e-05 6.94162e-05 7.44389e-05 5.52326e-05 2.84508e-05 1.08687e-05 3.38743e-06 8.82391e-07 1.94669e-07 3.76014e-08 6.35298e-09 9.00097e-10 9.66162e-11 5.62988e-12 0 
0 1.87511e-08 1.79415e-07 8.80793e-07 3.07024e-06 8.36826e-06 1.86248e-05 3.4815e-05 5.60269e-05 7.95394e-05 0.000101984 0.000120588 0.000133719 0.000140749 0.000141659 0.000136743 0.000126495 0.000111691 9.35634e-05 7.39257e-05 5.50658e-05 3.92746e-05 2.80582e-05 2.141e-05 1.78287e-05 1.5774e-05 1.51953e-05 1.56733e-05 1.46596e-05 1.08169e-05 6.06104e-06 2.61031e-06 8.82391e-07 2.42733e-07 5.69967e-08 1.17144e-08 2.0861e-09 3.09107e-10 3.45189e-11 2.08347e-12 0 
0 4.81476e-09 4.47684e-08 2.15438e-07 7.45923e-07 2.05306e-06 4.69703e-06 9.17239e-06 1.56003e-05 2.35239e-05 3.197e-05 3.97405e-05 4.57473e-05 4.92365e-05 4.98679e-05 4.76997e-05 4.31336e-05 3.68459e-05 2.96973e-05 2.26082e-05 1.64e-05 1.16331e-05 8.49468e-06 6.78126e-06 5.99478e-06 5.55893e-06 5.08645e-06 4.42728e-06 3.5006e-06 2.35637e-06 1.28339e-06 5.56042e-07 1.94669e-07 5.69967e-08 1.43741e-08 3.15004e-09 5.92462e-10 9.21171e-11 1.07425e-11 6.7415e-13 0 
0 1.0945e-09 9.85969e-09 4.62204e-08 1.57183e-07 4.29262e-07 9.85158e-07 1.94998e-06 3.38975e-06 5.2512e-06 7.34136e-06 9.36474e-06 1.10016e-05 1.19918e-05 1.21952e-05 1.16138e-05 1.03805e-05 8.72065e-06 6.90013e-06 5.16939e-06 3.71719e-06 2.64318e-06 1.9542e-06 1.58122e-06 1.40808e-06 1.30678e-06 1.17712e-06 9.75388e-07 7.15414e-07 4.49443e-07 2.3606e-07 1.02906e-07 3.76014e-08 1.17144e-08 3.15004e-09 7.32138e-10 1.45257e-10 2.37221e-11 2.89415e-12 1.8925e-13 0 
0 2.16212e-10 1.88523e-09 8.58615e-09 2.8527e-08 7.66291e-08 1.74232e-07 3.44037e-07 6.00131e-07 9.36872e-07 1.32288e-06 1.70474e-06 2.02009e-06 2.21477e-06 2.25756e-06 2.14734e-06 1.91142e-06 1.5965e-06 1.25603e-06 9.37789e-07 6.75072e-07 4.82972e-07 3.59637e-07 2.90773e-07 2.5538e-07 2.31678e-07 2.03119e-07 1.63184e-07 1.15943e-07 7.12133e-08 3.73346e-08 1.66571e-08 6.35298e-09 2.0861e-09 5.92462e-10 1.45257e-10 3.03351e-11 5.20069e-12 6.63966e-13 4.5278e-14 0 
0 3.56141e-11 3.00683e-10 1.32979e-09 4.30803e-09 1.13397e-08 2.53981e-08 4.96539e-08 8.61439e-08 1.3423e-07 1.89656e-07 2.44899e-07 2.90906e-07 3.19604e-07 3.26199e-07 3.10405e-07 2.76254e-07 2.30706e-07 1.81653e-07 1.36016e-07 9.8469e-08 7.09804e-08 5.31013e-08 4.26917e-08 3.67956e-08 3.25032e-08 2.7739e-08 2.17923e-08 1.52626e-08 9.34895e-09 4.95989e-09 2.27228e-09 9.00097e-10 3.09107e-10 9.21171e-11 2.37221e-11 5.20069e-12 9.34444e-13 1.24732e-13 8.86847e-15 0 
0 4.42155e-12 3.61898e-11 1.55531e-10 4.91265e-10 1.26574e-09 2.78655e-09 5.37671e-09 9.24079e-09 1.43101e-08 2.01452e-08 2.59665e-08 3.08282e-08 3.38783e-08 3.46033e-08 3.29656e-08 2.93874e-08 2.46031e-08 1.9446e-08 1.46432e-08 1.06813e-08 7.75996e-09 5.82584e-09 4.65258e-09 3.93737e-09 3.39399e-09 2.82959e-09 2.18526e-09 1.5185e-09 9.32983e-10 5.02168e-10 2.35872e-10 9.66162e-11 3.45189e-11 1.07425e-11 2.89415e-12 6.63966e-13 1.24732e-13 1.7379e-14 1.28708e-15 0 
0 2.95976e-13 2.35243e-12 9.83838e-12 3.03273e-11 7.65091e-11 1.65504e-10 3.14876e-10 5.3534e-10 8.22467e-10 1.15152e-09 1.47916e-09 1.75287e-09 1.92519e-09 1.96734e-09 1.87692e-09 1.67726e-09 1.4093e-09 1.11956e-09 8.4877e-10 6.24161e-10 4.56911e-10 3.4403e-10 2.72976e-10 2.27267e-10 1.91781e-10 1.56749e-10 1.19391e-10 8.25171e-11 5.09095e-11 2.77785e-11 1.33429e-11 5.62988e-12 2.08347e-12 6.7415e-13 1.8925e-13 4.5278e-14 8.86847e-15 1.28708e-15 9.91401e-17 0 
0 0 0 0 0 0 0 0 0 0 0 0 0 0 0 0 0 0 0 0 0 0 0 0 0 0 0 0 0 0 0 0 0 0 0 0 0 0 0 0 0 
