0 0 0 0 0 0 0 0 0 0 0 0 0 0 0 0 0 0 0 0 0 0 0 0 0 0 0 0 0 0 0 0 0 0 0 0 0 0 0 0 0 
0 3.54394e-08 3.29751e-07 1.58487e-06 5.47591e-06 1.50376e-05 3.43395e-05 6.70057e-05 0.000114067 0.000172507 0.000235561 0.000294547 0.000341152 0.000369201 0.000375569 0.000360343 0.000326477 0.000279103 0.000224608 0.000169545 0.000119529 7.83442e-05 4.7537e-05 2.66084e-05 1.37058e-05 6.48863e-06 2.82303e-06 1.12962e-06 4.16274e-07 1.41487e-07 4.44128e-08 1.28834e-08 3.45167e-09 8.51883e-10 1.92545e-10 3.93997e-11 7.14026e-12 1.09622e-12 1.28518e-13 8.21059e-15 0 
0 3.29751e-07 3.19847e-06 1.59218e-05 5.63121e-05 0.000155774 0.000351844 0.000667508 0.00109085 0.00157393 0.00205175 0.00246451 0.00276985 0.00294447 0.00298075 0.00288289 0.00266449 0.0023476 0.00196233 0.00154573 0.00113815 0.000776729 0.000487439 0.00027955 0.000145964 6.93035e-05 2.99525e-05 1.18134e-05 4.26566e-06 1.41476e-06 4.32181e-07 1.21818e-07 3.16919e-08 7.5953e-09 1.66787e-09 3.31867e-10 5.85471e-11 8.76098e-12 1.00244e-12 6.25893e-14 0 
0 1.58487e-06 1.59218e-05 8.10982e-05 0.000287349 0.000774112 0.00165264 0.00289472 0.00432035 0.00570848 0.00690097 0.00782235 0.00845083 0.00878902 0.0088487 0.00864525 0.0081961 0.00752097 0.00664473 0.00560439 0.00445973 0.00330041 0.00223721 0.00137062 0.000752139 0.000368487 0.000161492 6.36604e-05 2.27281e-05 7.39816e-06 2.2076e-06 6.06166e-07 1.53417e-07 3.57561e-08 7.63796e-09 1.4795e-09 2.54361e-10 3.71389e-11 4.1519e-12 2.53623e-13 0 
0 5.47591e-06 5.63121e-05 0.000287349 0.000984596 0.00245788 0.00469437 0.00726233 0.00968541 0.0117319 0.0133605 0.0145854 0.0154178 0.0158631 0.0159305 0.0156397 0.0150201 0.0141064 0.0129304 0.011513 0.00986614 0.00801407 0.00603923 0.00411866 0.00248603 0.00131029 0.00060186 0.000242744 8.70193e-05 2.80745e-05 8.23553e-06 2.21245e-06 5.46481e-07 1.24169e-07 2.58556e-08 4.88452e-09 8.19734e-10 1.16966e-10 1.27946e-11 7.65751e-13 0 
0 1.50376e-05 0.000155774 0.000774112 0.00245788 0.0054271 0.0090283 0.0124482 0.0154035 0.0179205 0.0200243 0.0216831 0.0228466 0.0234789 0.0235723 0.0231502 0.0222641 0.0209859 0.019397 0.0175726 0.0155617 0.0133684 0.0109591 0.00833815 0.00567877 0.00334701 0.00167564 0.000713514 0.000262478 8.51125e-05 2.47633e-05 6.54729e-06 1.58497e-06 3.5225e-07 7.16951e-08 1.32409e-08 2.17373e-09 3.03699e-10 3.2565e-11 1.91279e-12 0 
0 3.43395e-05 0.000351844 0.00165264 0.00469437 0.0090283 0.0134143 0.0173666 0.0209631 0.0242287 0.0270647 0.029341 0.0309499 0.031827 0.0319567 0.0313707 0.0301421 0.0283757 0.0261969 0.0237379 0.0211198 0.018427 0.0156706 0.0127688 0.00963321 0.00641102 0.00359889 0.00167018 0.000646757 0.000214448 6.25631e-05 1.63955e-05 3.90938e-06 8.53093e-07 1.7026e-07 3.08245e-08 4.96246e-09 6.80398e-10 7.16654e-11 4.13924e-12 0 
0 6.70057e-05 0.000667508 0.00289472 0.00726233 0.0124482 0.0173666 0.0220415 0.0265492 0.0307467 0.0344202 0.0373742 0.0394628 0.0406011 0.0407687 0.0400069 0.0384104 0.0361155 0.033286 0.0300979 0.0267242 0.0233168 0.0199779 0.0167086 0.0133673 0.00979023 0.0061717 0.00318405 0.00132819 0.00045848 0.000135727 3.55288e-05 8.38917e-06 1.8049e-06 3.54433e-07 6.30921e-08 9.98747e-09 1.34716e-09 1.39698e-10 7.95086e-12 0 
0 0.000114067 0.00109085 0.00432035 0.00968541 0.0154035 0.0209631 0.0265492 0.0320571 0.0372111 0.0417242 0.0453526 0.0479166 0.0493126 0.049516 0.0485777 0.0466141 0.0437925 0.0403135 0.0363932 0.0322458 0.0280677 0.0240197 0.0201926 0.0165377 0.0128213 0.00886585 0.00508355 0.00231515 0.000844391 0.000256479 6.75654e-05 1.58821e-05 3.38275e-06 6.55877e-07 1.15149e-07 1.79739e-08 2.39128e-09 2.44723e-10 1.37559e-11 0 
0 0.000172507 0.00157393 0.00570848 0.0117319 0.0179205 0.0242287 0.0307467 0.0372111 0.043263 0.048561 0.0528184 0.055825 0.0574596 0.057694 0.0565885 0.0542798 0.0509643 0.046877 0.0422713 0.0373979 0.0324885 0.0277405 0.0232975 0.0192004 0.0152912 0.0112364 0.00703849 0.00349993 0.00135954 0.000427171 0.000113954 2.67907e-05 5.67052e-06 1.08917e-06 1.89174e-07 2.92e-08 3.84196e-09 3.89009e-10 2.16467e-11 0 
0 0.000235561 0.00205175 0.00690097 0.0133605 0.0200243 0.0270647 0.0344202 0.0417242 0.048561 0.0545438 0.059349 0.0627397 0.0645799 0.0648385 0.0635841 0.0609716 0.0572227 0.052603 0.0473978 0.0418901 0.0363408 0.0309742 0.0259643 0.0214056 0.0172285 0.0131073 0.00875759 0.00470183 0.0019444 0.000634249 0.000172015 4.05924e-05 8.56594e-06 1.63496e-06 2.81759e-07 4.31288e-08 5.62732e-09 5.65198e-10 3.1213e-11 0 
0 0.000294547 0.00246451 0.00782235 0.0145854 0.0216831 0.029341 0.0373742 0.0453526 0.0528184 0.059349 0.0645912 0.0682871 0.0702887 0.0705631 0.0691859 0.0663268 0.0622281 0.0571798 0.0514934 0.0454771 0.0394153 0.0335526 0.028082 0.0231269 0.0186786 0.0144704 0.0100875 0.00574817 0.00251108 0.000849103 0.000234408 5.56445e-05 1.17372e-05 2.23228e-06 3.8278e-07 5.82687e-08 7.56038e-09 7.55312e-10 4.15082e-11 0 
0 0.000341152 0.00276985 0.00845083 0.0154178 0.0228466 0.0309499 0.0394628 0.0479166 0.055825 0.0627397 0.0682871 0.0721942 0.0743053 0.0745864 0.0731184 0.0700817 0.0657335 0.0603813 0.0543547 0.0479801 0.0415581 0.0353472 0.0295524 0.0243122 0.0196524 0.0153611 0.0109864 0.00652484 0.00297352 0.00103624 0.000290762 6.94878e-05 1.4679e-05 2.78878e-06 4.7714e-07 7.24416e-08 9.37485e-09 9.34425e-10 5.12577e-11 0 
0 0.000369201 0.00294447 0.00878902 0.0158631 0.0234789 0.031827 0.0406011 0.0493126 0.0574596 0.0645799 0.0702887 0.0743053 0.0764701 0.0767487 0.0752255 0.0720872 0.0675995 0.0620794 0.0558669 0.0492978 0.0426816 0.0362841 0.030316 0.0249227 0.0201471 0.0158118 0.0114653 0.00698012 0.0032704 0.00116437 0.000330925 7.96036e-05 1.68669e-05 3.20877e-06 5.49378e-07 8.34587e-08 1.08097e-08 1.07886e-09 5.92973e-11 0 
0 0.000375569 0.00298075 0.0088487 0.0159305 0.0235723 0.0319567 0.0407687 0.049516 0.057694 0.0648385 0.0705631 0.0745864 0.0767487 0.0770163 0.075475 0.072313 0.0677978 0.0622485 0.0560064 0.0494092 0.0427671 0.0363466 0.0303587 0.0249499 0.0201676 0.015849 0.011552 0.00710679 0.00337372 0.00121525 0.000348351 8.4304e-05 1.79469e-05 3.42864e-06 5.89527e-07 8.99755e-08 1.17155e-08 1.17644e-09 6.51211e-11 0 
0 0.000360343 0.00288289 0.00864525 0.0156397 0.0231502 0.0313707 0.0400069 0.0485777 0.0565885 0.0635841 0.0691859 0.0731184 0.0752255 0.075475 0.0739517 0.0708409 0.0664057 0.0609592 0.0548369 0.0483694 0.0418612 0.0355728 0.0297108 0.0244174 0.0197356 0.0154996 0.0112784 0.00692567 0.00328786 0.00118773 0.000342206 8.33575e-05 1.78787e-05 3.44433e-06 5.97792e-07 9.21949e-08 1.21451e-08 1.23544e-09 6.93665e-11 0 
0 0.000326477 0.00266449 0.0081961 0.0150201 0.0222641 0.0301421 0.0384104 0.0466141 0.0542798 0.0609716 0.0663268 0.0700817 0.0720872 0.072313 0.0708409 0.0678492 0.0635906 0.0583656 0.0524961 0.0462992 0.0400666 0.034048 0.0284406 0.023378 0.01889 0.0147946 0.0106796 0.00647862 0.00304517 0.00109713 0.000317566 7.81088e-05 1.6972e-05 3.3204e-06 5.86402e-07 9.21924e-08 1.24002e-08 1.28966e-09 7.41054e-11 0 
0 0.000279103 0.0023476 0.00752097 0.0141064 0.0209859 0.0283757 0.0361155 0.0437925 0.0509643 0.0572227 0.0622281 0.0657335 0.0675995 0.0677978 0.0664057 0.0635906 0.0595897 0.0546854 0.0491795 0.0433696 0.0375294 0.0318931 0.0266448 0.0219047 0.0176812 0.0137695 0.00979976 0.00582944 0.00270078 0.000971205 0.000283964 7.11378e-05 1.58271e-05 3.1817e-06 5.78791e-07 9.38751e-08 1.30348e-08 1.3992e-09 8.28937e-11 0 
0 0.000224608 0.00196233 0.00664473 0.0129304 0.019397 0.0261969 0.033286 0.0403135 0.046877 0.052603 0.0571798 0.0603813 0.0620794 0.0622485 0.0609592 0.0583656 0.0546854 0.0501777 0.0451195 0.0397844 0.0344234 0.0292519 0.0244375 0.0200816 0.016164 0.0124662 0.0087025 0.00506707 0.00232556 0.00084426 0.000253229 6.57408e-05 1.52403e-05 3.19972e-06 6.07917e-07 1.02794e-07 1.48333e-08 1.64786e-09 1.00558e-10 0 
0 0.000169545 0.00154573 0.00560439 0.011513 0.0175726 0.0237379 0.0300979 0.0363932 0.0422713 0.0473978 0.0514934 0.0543547 0.0558669 0.0560064 0.0548369 0.0524961 0.0491795 0.0451195 0.040565 0.0357614 0.0309345 0.0262775 0.0219379 0.0179923 0.0143933 0.0109421 0.00748347 0.00430245 0.00199563 0.000751329 0.0002378 6.56143e-05 1.61625e-05 3.58829e-06 7.15677e-07 1.25987e-07 1.8769e-08 2.13584e-09 1.32583e-10 0 
0 0.000119529 0.00113815 0.00445973 0.00986614 0.0155617 0.0211198 0.0267242 0.0322458 0.0373979 0.0418901 0.0454771 0.0479801 0.0492978 0.0494092 0.0483694 0.0462992 0.0433696 0.0397844 0.0357614 0.0315159 0.0272458 0.0231192 0.0192585 0.0157133 0.0124303 0.00928692 0.00627135 0.0036504 0.0017789 0.000724345 0.000250432 7.50006e-05 1.97586e-05 4.61391e-06 9.53238e-07 1.7164e-07 2.58958e-08 2.96191e-09 1.83769e-10 0 
0 7.83442e-05 0.000776729 0.00330041 0.00801407 0.0133684 0.018427 0.0233168 0.0280677 0.0324885 0.0363408 0.0394153 0.0415581 0.0426816 0.0427671 0.0418612 0.0400666 0.0375294 0.0344234 0.0309345 0.0272458 0.0235249 0.0199103 0.0164962 0.0133178 0.0103637 0.00763402 0.00520173 0.00319482 0.0017192 0.000789499 0.000304862 9.91542e-05 2.75117e-05 6.60076e-06 1.3772e-06 2.47641e-07 3.70513e-08 4.18481e-09 2.55765e-10 0 
0 4.7537e-05 0.000487439 0.00223721 0.00603923 0.0109591 0.0156706 0.0199779 0.0240197 0.0277405 0.0309742 0.0335526 0.0353472 0.0362841 0.0363466 0.0355728 0.034048 0.0318931 0.0292519 0.0262775 0.0231192 0.0199103 0.0167568 0.0137332 0.0109003 0.00834146 0.00615712 0.00438508 0.00296481 0.00182369 0.000962755 0.000415637 0.000144526 4.11687e-05 9.87472e-06 2.03081e-06 3.57571e-07 5.22456e-08 5.75915e-09 3.43676e-10 0 
0 2.66084e-05 0.00027955 0.00137062 0.00411866 0.00833815 0.0127688 0.0167086 0.0201926 0.0232975 0.0259643 0.028082 0.0295524 0.030316 0.0303587 0.0297108 0.0284406 0.0266448 0.0244375 0.0219379 0.0192585 0.0164962 0.0137332 0.0110614 0.00862628 0.00662355 0.00516583 0.00412601 0.00320377 0.00223024 0.00130548 0.000610353 0.000220665 6.26404e-05 1.46144e-05 2.90256e-06 4.93653e-07 6.98115e-08 7.46602e-09 4.33331e-10 0 
0 1.37058e-05 0.000145964 0.000752139 0.00248603 0.00567877 0.00963321 0.0133673 0.0165377 0.0192004 0.0214056 0.0231269 0.0243122 0.0249227 0.0249499 0.0244174 0.023378 0.0219047 0.0200816 0.0179923 0.0157133 0.0133178 0.0109003 0.00862628 0.00678273 0.00575892 0.00577874 0.00627577 0.00596863 0.00437214 0.00241896 0.0010484 0.000358428 9.56119e-05 2.07862e-05 3.88355e-06 6.30321e-07 8.5881e-08 8.89773e-09 5.02247e-10 0 
0 6.48863e-06 6.93035e-05 0.000368487 0.00131029 0.00334701 0.00641102 0.00979023 0.0128213 0.0152912 0.0172285 0.0186786 0.0196524 0.0201471 0.0201676 0.0197356 0.01889 0.0176812 0.016164 0.0143933 0.0124303 0.0103637 0.00834146 0.00662355 0.00575892 0.00688752 0.0108748 0.0156912 0.0167237 0.0123545 0.00628674 0.00229439 0.000652244 0.000149359 2.83419e-05 4.77436e-06 7.26896e-07 9.51488e-08 9.56812e-09 5.26825e-10 0 
0 2.82303e-06 2.99525e-05 0.000161492 0.00060186 0.00167564 0.00359889 0.0061717 0.00886585 0.0112364 0.0131073 0.0144704 0.0153611 0.0158118 0.015849 0.0154996 0.0147946 0.0137695 0.0124662 0.0109421 0.00928692 0.00763402 0.00615712 0.00516583 0.00577874 0.0108748 0.0225707 0.0358817 0.0394108 0.0291829 0.0145114 0.00491019 0.00119984 0.000230244 3.66191e-05 5.3255e-06 7.4389e-07 9.33138e-08 9.14814e-09 4.9402e-10 0 
0 1.12962e-06 1.18134e-05 6.36604e-05 0.000242744 0.000713514 0.00167018 0.00318405 0.00508355 0.00703849 0.00875759 0.0100875 0.0109864 0.0114653 0.011552 0.0112784 0.0106796 0.00979976 0.0087025 0.00748347 0.00627135 0.00520173 0.00438508 0.00412601 0.00627577 0.0156912 0.0358817 0.0586073 0.0648753 0.0480734 0.0237695 0.00787391 0.00180256 0.000307483 4.2037e-05 5.24376e-06 6.64015e-07 7.98839e-08 7.68795e-09 4.10232e-10 0 
0 4.16274e-07 4.26566e-06 2.27281e-05 8.70193e-05 0.000262478 0.000646757 0.00132819 0.00231515 0.00349993 0.00470183 0.00574817 0.00652484 0.00698012 0.00710679 0.00692567 0.00647862 0.00582944 0.00506707 0.00430245 0.0036504 0.00319482 0.00296481 0.00320377 0.00596863 0.0167237 0.0394108 0.0648753 0.0719444 0.0533519 0.026334 0.00867207 0.00194257 0.000313124 3.89549e-05 4.33434e-06 5.05879e-07 5.90039e-08 5.63128e-09 2.9959e-10 0 
0 1.41487e-07 1.41476e-06 7.39816e-06 2.80745e-05 8.51125e-05 0.000214448 0.00045848 0.000844391 0.00135954 0.0019444 0.00251108 0.00297352 0.0032704 0.00337372 0.00328786 0.00304517 0.00270078 0.00232556 0.00199563 0.0017789 0.0017192 0.00182369 0.00223024 0.00437214 0.0123545 0.0291829 0.0480734 0.0533519 0.0395364 0.019516 0.00642447 0.00143489 0.000226811 2.70419e-05 2.8537e-06 3.21635e-07 3.72739e-08 3.57622e-09 1.91572e-10 0 
0 4.44128e-08 4.32181e-07 2.2076e-06 8.23553e-06 2.47633e-05 6.25631e-05 0.000135727 0.000256479 0.000427171 0.000634249 0.000849103 0.00103624 0.00116437 0.00121525 0.00118773 0.00109713 0.000971205 0.00084426 0.000751329 0.000724345 0.000789499 0.000962755 0.00130548 0.00241896 0.00628674 0.0145114 0.0237695 0.026334 0.019516 0.0096453 0.00318959 0.000718691 0.000113849 1.35796e-05 1.45462e-06 1.68651e-07 2.00666e-08 1.96498e-09 1.07035e-10 0 
0 1.28834e-08 1.21818e-07 6.06166e-07 2.21245e-06 6.54729e-06 1.63955e-05 3.55288e-05 6.75654e-05 0.000113954 0.000172015 0.000234408 0.000290762 0.000330925 0.000348351 0.000342206 0.000317566 0.000283964 0.000253229 0.0002378 0.000250432 0.000304862 0.000415637 0.000610353 0.0010484 0.00229439 0.00491019 0.00787391 0.00867207 0.00642447 0.00318959 0.00106791 0.000244821 3.95977e-05 4.94925e-06 5.78883e-07 7.34328e-08 9.23274e-09 9.34821e-10 5.22341e-11 0 
0 3.45167e-09 3.16919e-08 1.53417e-07 5.46481e-07 1.58497e-06 3.90938e-06 8.38917e-06 1.58821e-05 2.67907e-05 4.05924e-05 5.56445e-05 6.94878e-05 7.96036e-05 8.4304e-05 8.33575e-05 7.81088e-05 7.11378e-05 6.57408e-05 6.56143e-05 7.50006e-05 9.91542e-05 0.000144526 0.000220665 0.000358428 0.000652244 0.00119984 0.00180256 0.00194257 0.00143489 0.000718691 0.000244821 5.758e-05 9.81192e-06 1.36952e-06 1.8798e-07 2.71244e-08 3.6561e-09 3.85966e-10 2.22766e-11 0 
0 8.51883e-10 7.5953e-09 3.57561e-08 1.24169e-07 3.5225e-07 8.53093e-07 1.8049e-06 3.38275e-06 5.67052e-06 8.56594e-06 1.17372e-05 1.4679e-05 1.68669e-05 1.79469e-05 1.78787e-05 1.6972e-05 1.58271e-05 1.52403e-05 1.61625e-05 1.97586e-05 2.75117e-05 4.11687e-05 6.26404e-05 9.56119e-05 0.000149359 0.000230244 0.000307483 0.000313124 0.000226811 0.000113849 3.95977e-05 9.81192e-06 1.87034e-06 3.14984e-07 5.28604e-08 8.68383e-09 1.25414e-09 1.38586e-10 8.3035e-12 0 
0 1.92545e-10 1.66787e-09 7.63796e-09 2.58556e-08 7.16951e-08 1.7026e-07 3.54433e-07 6.55877e-07 1.08917e-06 1.63496e-06 2.23228e-06 2.78878e-06 3.20877e-06 3.42864e-06 3.44433e-06 3.3204e-06 3.1817e-06 3.19972e-06 3.58829e-06 4.61391e-06 6.60076e-06 9.87472e-06 1.46144e-05 2.07862e-05 2.83419e-05 3.66191e-05 4.2037e-05 3.89549e-05 2.70419e-05 1.35796e-05 4.94925e-06 1.36952e-06 3.14984e-07 6.65631e-08 1.33539e-08 2.43103e-09 3.7347e-10 4.32602e-11 2.69953e-12 0 
0 3.93997e-11 3.31867e-10 1.4795e-09 4.88452e-09 1.32409e-08 3.08245e-08 6.30921e-08 1.15149e-07 1.89174e-07 2.81759e-07 3.8278e-07 4.7714e-07 5.49378e-07 5.89527e-07 5.97792e-07 5.86402e-07 5.78791e-07 6.07917e-07 7.15677e-07 9.53238e-07 1.3772e-06 2.03081e-06 2.90256e-06 3.88355e-06 4.77436e-06 5.3255e-06 5.24376e-06 4.33434e-06 2.8537e-06 1.45462e-06 5.78883e-07 1.8798e-07 5.28604e-08 1.33539e-08 3.0175e-09 5.91962e-10 9.61172e-11 1.16737e-11 7.60068e-13 0 
0 7.14026e-12 5.85471e-11 2.54361e-10 8.19734e-10 2.17373e-09 4.96246e-09 9.98747e-09 1.79739e-08 2.92e-08 4.31288e-08 5.82687e-08 7.24416e-08 8.34587e-08 8.99755e-08 9.21949e-08 9.21924e-08 9.38751e-08 1.02794e-07 1.25987e-07 1.7164e-07 2.47641e-07 3.57571e-07 4.93653e-07 6.30321e-07 7.26896e-07 7.4389e-07 6.64015e-07 5.05879e-07 3.21635e-07 1.68651e-07 7.34328e-08 2.71244e-08 8.68383e-09 2.43103e-09 5.91962e-10 1.23164e-10 2.10523e-11 2.67959e-12 1.82144e-13 0 
0 1.09622e-12 8.76098e-12 3.71389e-11 1.16966e-10 3.03699e-10 6.80398e-10 1.34716e-09 2.39128e-09 3.84196e-09 5.62732e-09 7.56038e-09 9.37485e-09 1.08097e-08 1.17155e-08 1.21451e-08 1.24002e-08 1.30348e-08 1.48333e-08 1.8769e-08 2.58958e-08 3.70513e-08 5.22456e-08 6.98115e-08 8.5881e-08 9.51488e-08 9.33138e-08 7.98839e-08 5.90039e-08 3.72739e-08 2.00666e-08 9.23274e-09 3.6561e-09 1.25414e-09 3.7347e-10 9.61172e-11 2.10523e-11 3.77719e-12 5.03234e-13 3.56989e-14 0 
0 1.28518e-13 1.00244e-12 4.1519e-12 1.27946e-11 3.2565e-11 7.16654e-11 1.39698e-10 2.44723e-10 3.89009e-10 5.65198e-10 7.55312e-10 9.34425e-10 1.07886e-09 1.17644e-09 1.23544e-09 1.28966e-09 1.3992e-09 1.64786e-09 2.13584e-09 2.96191e-09 4.18481e-09 5.75915e-09 7.46602e-09 8.89773e-09 9.56812e-09 9.14814e-09 7.68795e-09 5.63128e-09 3.57622e-09 1.96498e-09 9.34821e-10 3.85966e-10 1.38586e-10 4.32602e-11 1.16737e-11 2.67959e-12 5.03234e-13 7.00498e-14 5.18036e-15 0 
0 8.21059e-15 6.25893e-14 2.53623e-13 7.65751e-13 1.91279e-12 4.13924e-12 7.95086e-12 1.37559e-11 2.16467e-11 3.1213e-11 4.15082e-11 5.12577e-11 5.92973e-11 6.51211e-11 6.93665e-11 7.41054e-11 8.28937e-11 1.00558e-10 1.32583e-10 1.83769e-10 2.55765e-10 3.43676e-10 4.33331e-10 5.02247e-10 5.26825e-10 4.9402e-10 4.10232e-10 2.9959e-10 1.91572e-10 1.07035e-10 5.22341e-11 2.22766e-11 8.3035e-12 2.69953e-12 7.60068e-13 1.82144e-13 3.56989e-14 5.18036e-15 3.98747e-16 0 
0 0 0 0 0 0 0 0 0 0 0 0 0 0 0 0 0 0 0 0 0 0 0 0 0 0 0 0 0 0 0 0 0 0 0 0 0 0 0 0 0 
