0 0 0 0 0 0 0 0 0 0 0 0 0 0 0 0 0 0 0 0 0 0 0 0 0 0 0 0 0 0 0 0 0 0 0 0 0 0 0 0 0 
0 4.18716e-09 3.94936e-08 1.95132e-07 7.04493e-07 2.05587e-06 5.06503e-06 1.07823e-05 2.01312e-05 3.33407e-05 4.94571e-05 6.62787e-05 8.08551e-05 9.03622e-05 9.29706e-05 8.83593e-05 7.77207e-05 6.33102e-05 4.77435e-05 3.33e-05 2.14562e-05 1.27581e-05 6.99618e-06 3.53793e-06 1.65077e-06 7.11458e-07 2.83665e-07 1.04816e-07 3.59579e-08 1.14707e-08 3.40621e-09 9.41712e-10 2.42113e-10 5.76967e-11 1.26608e-11 2.52729e-12 4.48641e-13 6.77069e-14 7.8261e-15 4.94194e-16 0 
0 3.94936e-08 3.87761e-07 1.99147e-06 7.44712e-06 2.23875e-05 5.64225e-05 0.000121903 0.000229173 0.000379555 0.000560268 0.000745325 0.0009026 0.00100341 0.00103033 0.000980887 0.000867052 0.00071127 0.00054044 0.000379316 0.000245229 0.000145699 7.94435e-05 3.97445e-05 1.82592e-05 7.71649e-06 3.00675e-06 1.08302e-06 3.61533e-07 1.12102e-07 3.234e-08 8.68606e-09 2.17029e-09 5.02969e-10 1.07433e-10 2.08968e-11 3.61895e-12 5.3347e-13 6.03057e-14 3.72893e-15 0 
0 1.95132e-07 1.99147e-06 1.06067e-05 4.09136e-05 0.000125817 0.000320847 0.000692745 0.00128588 0.00208297 0.00299207 0.0038735 0.00458626 0.00502506 0.00513614 0.00491745 0.00441228 0.00370054 0.00288659 0.00208108 0.00137783 0.000833338 0.000458937 0.000229946 0.000104958 4.37705e-05 1.67401e-05 5.89508e-06 1.91879e-06 5.79152e-07 1.62499e-07 4.24394e-08 1.03138e-08 2.32633e-09 4.84052e-10 9.18196e-11 1.55261e-11 2.23751e-12 2.47597e-13 1.50057e-14 0 
0 7.04493e-07 7.44712e-06 4.09136e-05 0.000161388 0.000500699 0.00126538 0.00265473 0.0047059 0.00720285 0.00976006 0.0119985 0.0136594 0.014616 0.0148348 0.0143397 0.0131946 0.0115042 0.00942656 0.0071792 0.00501967 0.00318593 0.00182089 0.000934099 0.000430683 0.000179321 6.7855e-05 2.34894e-05 7.48328e-06 2.20486e-06 6.0301e-07 1.53415e-07 3.63211e-08 7.98493e-09 1.62071e-09 3.002e-10 4.96264e-11 7.00058e-12 7.59256e-13 4.51568e-14 0 
0 2.05587e-06 2.23875e-05 0.000125817 0.000500699 0.00153385 0.0037247 0.00731037 0.0119112 0.0167056 0.0209515 0.0242574 0.0265118 0.0277304 0.0279667 0.0272795 0.0257253 0.0233609 0.0202617 0.0165678 0.0125494 0.00863298 0.00529949 0.0028718 0.00137136 0.000580482 0.000220013 7.54841e-05 2.36694e-05 6.83523e-06 1.82785e-06 4.54181e-07 1.04986e-07 2.2541e-08 4.4712e-09 8.10124e-10 1.31144e-10 1.81377e-11 1.93102e-12 1.12877e-13 0 
0 5.06503e-06 5.64225e-05 0.000320847 0.00126538 0.0037247 0.00839417 0.0149115 0.021903 0.028133 0.0331059 0.0367878 0.0392536 0.0405666 0.0407809 0.0399601 0.0381808 0.0355192 0.0320293 0.027736 0.0226892 0.0171136 0.0115652 0.00682983 0.00348001 0.00153338 0.000591868 0.000203475 6.32577e-05 1.79958e-05 4.7237e-06 1.14999e-06 2.60259e-07 5.47076e-08 1.06292e-08 1.88786e-09 2.99872e-10 4.07399e-11 4.2656e-12 2.45515e-13 0 
0 1.07823e-05 0.000121903 0.000692745 0.00265473 0.00731037 0.0149115 0.023772 0.0319465 0.0387078 0.0440878 0.0481856 0.0510078 0.0525299 0.0527585 0.0517552 0.049635 0.0465459 0.0426335 0.0379904 0.0326129 0.0264432 0.0196162 0.0128093 0.0071355 0.00335381 0.00134376 0.000468983 0.000145802 4.11029e-05 1.06371e-05 2.54637e-06 5.65971e-07 1.16806e-07 2.22872e-08 3.88984e-09 6.07687e-10 8.12805e-11 8.38787e-12 4.76387e-13 0 
0 2.01312e-05 0.000229173 0.00128588 0.0047059 0.0119112 0.021903 0.0319465 0.0406221 0.0479209 0.0539879 0.0587661 0.0621169 0.0639365 0.0642024 0.0629826 0.0604261 0.0567411 0.0521637 0.0469098 0.0411027 0.034695 0.0275141 0.0196605 0.0120633 0.00615343 0.0026045 0.000935199 0.000293399 8.24762e-05 2.11417e-05 4.99554e-06 1.09416e-06 2.22391e-07 4.1793e-08 7.1876e-09 1.1073e-09 1.4619e-10 1.49072e-11 8.37581e-13 0 
0 3.33407e-05 0.000379555 0.00208297 0.00720285 0.0167056 0.028133 0.0387078 0.0479209 0.0560162 0.062953 0.0684923 0.0723968 0.0745184 0.0748228 0.0733886 0.0703926 0.0660874 0.0607709 0.0547479 0.0482711 0.0414425 0.0341101 0.0259931 0.0173683 0.00965185 0.00436356 0.0016297 0.000520222 0.000146688 3.74152e-05 8.76012e-06 1.89736e-06 3.81051e-07 7.07513e-08 1.20269e-08 1.83265e-09 2.39544e-10 2.42106e-11 1.35e-12 0 
0 4.94571e-05 0.000560268 0.00299207 0.00976006 0.0209515 0.0331059 0.0440878 0.0539879 0.062953 0.070733 0.0769696 0.0813683 0.0837552 0.0840907 0.0824637 0.0790752 0.074212 0.0682166 0.0614511 0.0542513 0.0468485 0.0392348 0.031077 0.0221299 0.0132742 0.00642044 0.00250891 0.000819724 0.00023299 5.93773e-05 1.38268e-05 2.97198e-06 5.9182e-07 1.08946e-07 1.83686e-08 2.77837e-09 3.60863e-10 3.62895e-11 2.01651e-12 0 
0 6.62787e-05 0.000745325 0.0038735 0.0119985 0.0242574 0.0367878 0.0481856 0.0587661 0.0684923 0.0769696 0.0837698 0.0885634 0.0911595 0.0915153 0.0897292 0.086021 0.080705 0.0741566 0.0667767 0.0589512 0.0509917 0.0430174 0.0347891 0.0258349 0.0164496 0.00845124 0.00345446 0.00115816 0.000332904 8.50606e-05 1.977e-05 4.23259e-06 8.38895e-07 1.53716e-07 2.58131e-08 3.89278e-09 5.04815e-10 5.07749e-11 2.82779e-12 0 
0 8.08551e-05 0.0009026 0.00458626 0.0136594 0.0265118 0.0392536 0.0510078 0.0621169 0.0723968 0.0813683 0.0885634 0.0936307 0.0963688 0.0967333 0.0948294 0.090891 0.0852516 0.0783097 0.0704915 0.0622131 0.0538306 0.0455442 0.0372206 0.0283468 0.0188162 0.0101381 0.00430955 0.0014811 0.000431191 0.000110765 2.57854e-05 5.52066e-06 1.09392e-06 2.00502e-07 3.3717e-08 5.10019e-09 6.64788e-10 6.73772e-11 3.79187e-12 0 
0 9.03622e-05 0.00100341 0.00502506 0.014616 0.0277304 0.0405666 0.0525299 0.0639365 0.0745184 0.0837552 0.0911595 0.0963688 0.0991763 0.0995376 0.0975622 0.093492 0.0876717 0.0805123 0.0724538 0.0639274 0.055311 0.046847 0.038475 0.0297079 0.0202323 0.0112633 0.00493249 0.00173125 0.000510576 0.000132194 3.0945e-05 6.65861e-06 1.32686e-06 2.44921e-07 4.15657e-08 6.36212e-09 8.41732e-10 8.6885e-11 4.99692e-12 0 
0 9.29706e-05 0.00103033 0.00513614 0.0148348 0.0279667 0.0407809 0.0527585 0.0642024 0.0748228 0.0840907 0.0915153 0.0967333 0.0995376 0.0998848 0.0978858 0.0937849 0.087929 0.0807316 0.0726352 0.0640735 0.0554294 0.04696 0.0386388 0.0300121 0.020698 0.011734 0.00523768 0.00186852 0.000558269 0.00014617 3.45966e-05 7.53587e-06 1.52343e-06 2.86123e-07 4.95811e-08 7.77859e-09 1.05887e-09 1.12834e-10 6.71532e-12 0 
0 8.83593e-05 0.000980887 0.00491745 0.0143397 0.0272795 0.0399601 0.0517552 0.0629826 0.0733886 0.0824637 0.0897292 0.0948294 0.0975622 0.0978858 0.0959101 0.0918757 0.0861234 0.0790596 0.0711182 0.0627244 0.0542526 0.0459525 0.0377989 0.0293617 0.0202872 0.0115648 0.00521221 0.00188334 0.000571211 0.000152164 3.67492e-05 8.19811e-06 1.70476e-06 3.30888e-07 5.95219e-08 9.72944e-09 1.38305e-09 1.5396e-10 9.55642e-12 0 
0 7.77207e-05 0.000867052 0.00441228 0.0131946 0.0257253 0.0381808 0.049635 0.0604261 0.0703926 0.0790752 0.086021 0.090891 0.093492 0.0937849 0.0918757 0.0879956 0.0824724 0.0756957 0.0680816 0.0600365 0.0519134 0.0439362 0.0360554 0.0278636 0.0191179 0.0108543 0.00491206 0.00179936 0.000557932 0.000153041 3.83159e-05 8.91922e-06 1.94682e-06 3.98402e-07 7.57216e-08 1.30688e-08 1.95466e-09 2.27616e-10 1.46713e-11 0 
0 6.33102e-05 0.00071127 0.00370054 0.0115042 0.0233609 0.0355192 0.0465459 0.0567411 0.0660874 0.074212 0.080705 0.0852516 0.0876717 0.087929 0.0861234 0.0824724 0.0772834 0.0709221 0.063778 0.0562289 0.0485942 0.0410543 0.0335221 0.0256386 0.0173512 0.00976719 0.0044457 0.0016666 0.000537043 0.000155012 4.12407e-05 1.02704e-05 2.40481e-06 5.26964e-07 1.06603e-07 1.9406e-08 3.02907e-09 3.64145e-10 2.39887e-11 0 
0 4.77435e-05 0.00054044 0.00288659 0.00942656 0.0202617 0.0320293 0.0426335 0.0521637 0.0607709 0.0682166 0.0741566 0.0783097 0.0805123 0.0807316 0.0790596 0.0756957 0.0709221 0.0650738 0.0585061 0.0515584 0.044503 0.0374637 0.0303253 0.0228396 0.0152 0.00851452 0.00394972 0.00154974 0.000534367 0.000167516 4.87301e-05 1.32478e-05 3.35678e-06 7.85346e-07 1.67045e-07 3.15005e-08 5.02708e-09 6.11259e-10 4.03865e-11 0 
0 3.33e-05 0.000379316 0.00208108 0.0071792 0.0165678 0.027736 0.0379904 0.0469098 0.0547479 0.0614511 0.0667767 0.0704915 0.0724538 0.0726352 0.0711182 0.0680816 0.063778 0.0585061 0.0525794 0.0462876 0.0398438 0.0333164 0.0266114 0.0196745 0.0129278 0.00732155 0.00356049 0.00151719 0.00058163 0.000204162 6.5967e-05 1.95606e-05 5.28724e-06 1.2916e-06 2.81691e-07 5.36997e-08 8.57293e-09 1.03507e-09 6.75619e-11 0 
0 2.14562e-05 0.000245229 0.00137783 0.00501967 0.0125494 0.0226892 0.0326129 0.0411027 0.0482711 0.0542513 0.0589512 0.0622131 0.0639274 0.0640735 0.0627244 0.0600365 0.0562289 0.0515584 0.0462876 0.0406462 0.0347863 0.0287571 0.0225724 0.016418 0.010812 0.006379 0.00338761 0.00163492 0.000718726 0.000285741 0.000101698 3.21757e-05 9.02193e-06 2.23737e-06 4.87901e-07 9.20686e-08 1.44578e-08 1.71058e-09 1.09197e-10 0 
0 1.27581e-05 0.000145699 0.000833338 0.00318593 0.00863298 0.0171136 0.0264432 0.034695 0.0414425 0.0468485 0.0509917 0.0538306 0.055311 0.0554294 0.0542526 0.0519134 0.0485942 0.044503 0.0398438 0.0347863 0.0294524 0.0239508 0.0184751 0.0133778 0.00907173 0.00579239 0.00349122 0.00196088 0.000997392 0.000445186 0.000170844 5.61159e-05 1.58768e-05 3.90072e-06 8.33819e-07 1.53373e-07 2.34171e-08 2.69195e-09 1.6703e-10 0 
0 6.99618e-06 7.94435e-05 0.000458937 0.00182089 0.00529949 0.0115652 0.0196162 0.0275141 0.0341101 0.0392348 0.0430174 0.0455442 0.046847 0.04696 0.0459525 0.0439362 0.0410543 0.0374637 0.0333164 0.0287571 0.0239508 0.0191368 0.0146457 0.0108095 0.00780109 0.00555839 0.00387143 0.0025416 0.00148914 0.000738214 0.000299957 9.98027e-05 2.77635e-05 6.61096e-06 1.36313e-06 2.41714e-07 3.56138e-08 3.95801e-09 2.37951e-10 0 
0 3.53793e-06 3.97445e-05 0.000229946 0.000934099 0.0028718 0.00682983 0.0128093 0.0196605 0.0259931 0.031077 0.0347891 0.0372206 0.038475 0.0386388 0.0377989 0.0360554 0.0335221 0.0303253 0.0266114 0.0225724 0.0184751 0.0146457 0.0113814 0.00883946 0.00700055 0.00571336 0.00471153 0.00366652 0.0024616 0.00133051 0.000557856 0.000181645 4.77899e-05 1.06794e-05 2.08258e-06 3.52525e-07 4.98963e-08 5.35026e-09 3.11459e-10 0 
0 1.65077e-06 1.82592e-05 0.000104958 0.000430683 0.00137136 0.00348001 0.0071355 0.0120633 0.0173683 0.0221299 0.0258349 0.0283468 0.0297079 0.0300121 0.0293617 0.0278636 0.0256386 0.0228396 0.0196745 0.016418 0.0133778 0.0108095 0.00883946 0.00750201 0.00692896 0.00730959 0.00806669 0.00768956 0.00559792 0.00300814 0.00119902 0.000358171 8.358e-05 1.65183e-05 2.93462e-06 4.67174e-07 6.33075e-08 6.55326e-09 3.70056e-10 0 
0 7.11458e-07 7.71649e-06 4.37705e-05 0.000179321 0.000580482 0.00153338 0.00335381 0.00615343 0.00965185 0.0132742 0.0164496 0.0188162 0.0202323 0.020698 0.0202872 0.0191179 0.0173512 0.0152 0.0129278 0.010812 0.00907173 0.00780109 0.00700055 0.00692896 0.00883909 0.0140954 0.0203494 0.021689 0.0160213 0.0081405 0.00291747 0.000764604 0.000151714 2.49319e-05 3.80859e-06 5.5494e-07 7.16468e-08 7.17811e-09 3.94772e-10 0 
0 2.83665e-07 3.00675e-06 1.67401e-05 6.7855e-05 0.000220013 0.000591868 0.00134376 0.0026045 0.00436356 0.00642044 0.00845124 0.0101381 0.0112633 0.011734 0.0115648 0.0108543 0.00976719 0.00851452 0.00732155 0.006379 0.00579239 0.00555839 0.00571336 0.00730959 0.0140954 0.0292725 0.046536 0.0511113 0.0378482 0.0188199 0.00635681 0.00151019 0.000262087 3.58489e-05 4.52842e-06 5.8444e-07 7.13867e-08 6.9507e-09 3.7454e-10 0 
0 1.04816e-07 1.08302e-06 5.89508e-06 2.34894e-05 7.54841e-05 0.000203475 0.000468983 0.000935199 0.0016297 0.00250891 0.00345446 0.00430955 0.00493249 0.00523768 0.00521221 0.00491206 0.0044457 0.00394972 0.00356049 0.00338761 0.00349122 0.00387143 0.00471153 0.00806669 0.0203494 0.046536 0.0760089 0.0841371 0.0623466 0.0308273 0.0102096 0.00231386 0.000370968 4.46408e-05 4.75327e-06 5.37025e-07 6.18871e-08 5.89335e-09 3.13563e-10 0 
0 3.59579e-08 3.61533e-07 1.91879e-06 7.48328e-06 2.36694e-05 6.32577e-05 0.000145802 0.000293399 0.000520222 0.000819724 0.00115816 0.0014811 0.00173125 0.00186852 0.00188334 0.00179936 0.0016666 0.00154974 0.00151719 0.00163492 0.00196088 0.0025416 0.00366652 0.00768956 0.021689 0.0511113 0.0841371 0.0933417 0.0691814 0.0341534 0.0112459 0.00250358 0.000386097 4.32718e-05 4.11852e-06 4.19132e-07 4.6148e-08 4.34343e-09 2.30302e-10 0 
0 1.14707e-08 1.12102e-07 5.79152e-07 2.20486e-06 6.83523e-06 1.79958e-05 4.11029e-05 8.24762e-05 0.000146688 0.00023299 0.000332904 0.000431191 0.000510576 0.000558269 0.000571211 0.000557932 0.000537043 0.000534367 0.00058163 0.000718726 0.000997392 0.00148914 0.0024616 0.00559792 0.0160213 0.0378482 0.0623466 0.0691814 0.0512759 0.0253109 0.00832996 0.00184658 0.000280366 3.04884e-05 2.7681e-06 2.69714e-07 2.93095e-08 2.76946e-09 1.47851e-10 0 
0 3.40621e-09 3.234e-08 1.62499e-07 6.0301e-07 1.82785e-06 4.7237e-06 1.06371e-05 2.11417e-05 3.74152e-05 5.93773e-05 8.50606e-05 0.000110765 0.000132194 0.00014617 0.000152164 0.000153041 0.000155012 0.000167516 0.000204162 0.000285741 0.000445186 0.000738214 0.00133051 0.00300814 0.0081405 0.0188199 0.0308273 0.0341534 0.0253109 0.0125087 0.00413035 0.000918146 0.000139205 1.51664e-05 1.3996e-06 1.40897e-07 1.57903e-08 1.52522e-09 8.28325e-11 0 
0 9.41712e-10 8.68606e-09 4.24394e-08 1.53415e-07 4.54181e-07 1.14999e-06 2.54637e-06 4.99554e-06 8.76012e-06 1.38268e-05 1.977e-05 2.57854e-05 3.0945e-05 3.45966e-05 3.67492e-05 3.83159e-05 4.12407e-05 4.87301e-05 6.5967e-05 0.000101698 0.000170844 0.000299957 0.000557856 0.00119902 0.00291747 0.00635681 0.0102096 0.0112459 0.00832996 0.00413035 0.00137274 0.000307264 4.71841e-05 5.34039e-06 5.37479e-07 6.03204e-08 7.24604e-09 7.26448e-10 4.04985e-11 0 
0 2.42113e-10 2.17029e-09 1.03138e-08 3.63211e-08 1.04986e-07 2.60259e-07 5.65971e-07 1.09416e-06 1.89736e-06 2.97198e-06 4.23259e-06 5.52066e-06 6.65861e-06 7.53587e-06 8.19811e-06 8.91922e-06 1.02704e-05 1.32478e-05 1.95606e-05 3.21757e-05 5.61159e-05 9.98027e-05 0.000181645 0.000358171 0.000764604 0.00151019 0.00231386 0.00250358 0.00184658 0.000918146 0.000307264 6.97772e-05 1.11331e-05 1.38477e-06 1.65038e-07 2.18037e-08 2.85919e-09 3.00101e-10 1.72936e-11 0 
0 5.76967e-11 5.02969e-10 2.32633e-09 7.98493e-09 2.2541e-08 5.47076e-08 1.16806e-07 2.22391e-07 3.81051e-07 5.9182e-07 8.38895e-07 1.09392e-06 1.32686e-06 1.52343e-06 1.70476e-06 1.94682e-06 2.40481e-06 3.35678e-06 5.28724e-06 9.02193e-06 1.58768e-05 2.77635e-05 4.77899e-05 8.358e-05 0.000151714 0.000262087 0.000370968 0.000386097 0.000280366 0.000139205 4.71841e-05 1.11331e-05 1.94659e-06 2.90152e-07 4.3816e-08 6.86069e-09 9.78229e-10 1.07792e-10 6.4517e-12 0 
0 1.26608e-11 1.07433e-10 4.84052e-10 1.62071e-09 4.4712e-09 1.06292e-08 2.22872e-08 4.1793e-08 7.07513e-08 1.08946e-07 1.53716e-07 2.00502e-07 2.44921e-07 2.86123e-07 3.30888e-07 3.98402e-07 5.26964e-07 7.85346e-07 1.2916e-06 2.23737e-06 3.90072e-06 6.61096e-06 1.06794e-05 1.65183e-05 2.49319e-05 3.58489e-05 4.46408e-05 4.32718e-05 3.04884e-05 1.51664e-05 5.34039e-06 1.38477e-06 2.90152e-07 5.59766e-08 1.06486e-08 1.90266e-09 2.90935e-10 3.36564e-11 2.09872e-12 0 
0 2.52729e-12 2.08968e-11 9.18196e-11 3.002e-10 8.10124e-10 1.88786e-09 3.88984e-09 7.1876e-09 1.20269e-08 1.83686e-08 2.58131e-08 3.3717e-08 4.15657e-08 4.95811e-08 5.95219e-08 7.57216e-08 1.06603e-07 1.67045e-07 2.81691e-07 4.87901e-07 8.33819e-07 1.36313e-06 2.08258e-06 2.93462e-06 3.80859e-06 4.52842e-06 4.75327e-06 4.11852e-06 2.7681e-06 1.3996e-06 5.37479e-07 1.65038e-07 4.3816e-08 1.06486e-08 2.36551e-09 4.61604e-10 7.48402e-11 9.0837e-12 5.91125e-13 0 
0 4.48641e-13 3.61895e-12 1.55261e-11 4.96264e-11 1.31144e-10 2.99872e-10 6.07687e-10 1.1073e-09 1.83265e-09 2.77837e-09 3.89278e-09 5.10019e-09 6.36212e-09 7.77859e-09 9.72944e-09 1.30688e-08 1.9406e-08 3.15005e-08 5.36997e-08 9.20686e-08 1.53373e-07 2.41714e-07 3.52525e-07 4.67174e-07 5.5494e-07 5.8444e-07 5.37025e-07 4.19132e-07 2.69714e-07 1.40897e-07 6.03204e-08 2.18037e-08 6.86069e-09 1.90266e-09 4.61604e-10 9.59274e-11 1.63887e-11 2.08522e-12 1.41688e-13 0 
0 6.77069e-14 5.3347e-13 2.23751e-12 7.00058e-12 1.81377e-11 4.07399e-11 8.12805e-11 1.4619e-10 2.39544e-10 3.60863e-10 5.04815e-10 6.64788e-10 8.41732e-10 1.05887e-09 1.38305e-09 1.95466e-09 3.02907e-09 5.02708e-09 8.57293e-09 1.44578e-08 2.34171e-08 3.56138e-08 4.98963e-08 6.33075e-08 7.16468e-08 7.13867e-08 6.18871e-08 4.6148e-08 2.93095e-08 1.57903e-08 7.24604e-09 2.85919e-09 9.78229e-10 2.90935e-10 7.48402e-11 1.63887e-11 2.93993e-12 3.916e-13 2.77724e-14 0 
0 7.8261e-15 6.03057e-14 2.47597e-13 7.59256e-13 1.93102e-12 4.2656e-12 8.38787e-12 1.49072e-11 2.42106e-11 3.62895e-11 5.07749e-11 6.73772e-11 8.6885e-11 1.12834e-10 1.5396e-10 2.27616e-10 3.64145e-10 6.11259e-10 1.03507e-09 1.71058e-09 2.69195e-09 3.95801e-09 5.35026e-09 6.55326e-09 7.17811e-09 6.9507e-09 5.89335e-09 4.34343e-09 2.76946e-09 1.52522e-09 7.26448e-10 3.00101e-10 1.07792e-10 3.36564e-11 9.0837e-12 2.08522e-12 3.916e-13 5.45049e-14 4.03011e-15 0 
0 4.94194e-16 3.72893e-15 1.50057e-14 4.51568e-14 1.12877e-13 2.45515e-13 4.76387e-13 8.37581e-13 1.35e-12 2.01651e-12 2.82779e-12 3.79187e-12 4.99692e-12 6.71532e-12 9.55642e-12 1.46713e-11 2.39887e-11 4.03865e-11 6.75619e-11 1.09197e-10 1.6703e-10 2.37951e-10 3.11459e-10 3.70056e-10 3.94772e-10 3.7454e-10 3.13563e-10 2.30302e-10 1.47851e-10 8.28325e-11 4.04985e-11 1.72936e-11 6.4517e-12 2.09872e-12 5.91125e-13 1.41688e-13 2.77724e-14 4.03011e-15 3.10185e-16 0 
0 0 0 0 0 0 0 0 0 0 0 0 0 0 0 0 0 0 0 0 0 0 0 0 0 0 0 0 0 0 0 0 0 0 0 0 0 0 0 0 0 
