0 0 0 0 0 0 0 0 0 0 0 0 0 0 0 0 0 0 0 0 0 0 0 0 0 0 0 0 0 0 0 0 0 0 0 0 0 0 0 0 0 
0 1.83015e-07 1.6436e-06 7.34996e-06 2.26676e-05 5.34954e-05 0.000102278 0.000165519 0.000235352 0.000303225 0.000362549 0.000409357 0.000441797 0.000459378 0.000462387 0.000451566 0.000427994 0.0003931 0.000348774 0.0002975 0.000242437 0.000187312 0.000136032 9.20178e-05 5.74685e-05 3.28818e-05 1.71352e-05 8.10346e-06 3.4731e-06 1.34965e-06 4.76223e-07 1.5281e-07 4.46238e-08 1.18464e-08 2.84667e-09 6.13055e-10 1.1592e-10 1.84336e-11 2.22484e-12 1.45595e-13 0 
0 1.6436e-06 1.51646e-05 6.74557e-05 0.00019788 0.000424826 0.000717018 0.00101601 0.00127884 0.00149065 0.00165285 0.0017708 0.00184871 0.00188924 0.00189443 0.00186639 0.00180746 0.00171987 0.0016052 0.00146402 0.00129633 0.00110336 0.000890678 0.00067097 0.000463677 0.000289368 0.000161188 7.96561e-05 3.49086e-05 1.36189e-05 4.75782e-06 1.4972e-06 4.26209e-07 1.09927e-07 2.56245e-08 5.35166e-09 9.81861e-10 1.51656e-10 1.78036e-11 1.13498e-12 0 
0 7.34996e-06 6.74557e-05 0.000281519 0.000723447 0.00130215 0.00184945 0.00229695 0.00266335 0.00297477 0.00323828 0.00344841 0.00359672 0.0036771 0.00368783 0.0036319 0.00351651 0.00335205 0.00315042 0.00292298 0.00267747 0.00241473 0.00212656 0.00179919 0.00142622 0.00102716 0.000652437 0.000357965 0.000168404 6.82785e-05 2.4153e-05 7.55706e-06 2.11464e-06 5.32636e-07 1.20857e-07 2.45395e-08 4.37721e-09 6.57847e-10 7.52362e-11 4.67956e-12 0 
0 2.26676e-05 0.00019788 0.000723447 0.00153289 0.0023122 0.00296239 0.00355507 0.00412826 0.00466859 0.00514615 0.00553254 0.00580657 0.00595593 0.0059774 0.00587637 0.00566576 0.00536435 0.004995 0.00458262 0.00415203 0.00372496 0.00331507 0.00291984 0.00251311 0.00205301 0.00152179 0.000974668 0.000521035 0.000230392 8.5391e-05 2.71478e-05 7.5665e-06 1.8765e-06 4.16699e-07 8.25762e-08 1.43639e-08 2.10579e-09 2.35146e-10 1.42985e-11 0 
0 5.34954e-05 0.000424826 0.00130215 0.0023122 0.0031943 0.00405467 0.004952 0.0058532 0.00670333 0.00745085 0.00805328 0.00847972 0.00871225 0.00874646 0.00859074 0.00826465 0.00779647 0.00722034 0.00657331 0.00589263 0.0052135 0.00456703 0.00397656 0.00344824 0.00295395 0.00242435 0.00179834 0.00112582 0.000567831 0.00022947 7.622e-05 2.15294e-05 5.31309e-06 1.16258e-06 2.2594e-07 3.84697e-08 5.51842e-09 6.03279e-10 3.59486e-11 0 
0 0.000102278 0.000717018 0.00184945 0.00296239 0.00405467 0.00525227 0.00652503 0.00779685 0.00899106 0.0100384 0.0108813 0.0114776 0.0118027 0.0118508 0.0116336 0.0111781 0.0105235 0.00971685 0.00880891 0.00785035 0.00688848 0.00596504 0.00511493 0.00436408 0.00371994 0.00314676 0.00254682 0.00182954 0.00107107 0.00048749 0.00017409 5.08131e-05 1.26294e-05 2.74406e-06 5.25809e-07 8.79925e-08 1.23929e-08 1.33024e-09 7.78816e-11 0 
0 0.000165519 0.00101601 0.00229695 0.00355507 0.004952 0.00652503 0.00819006 0.00984814 0.0114024 0.0127643 0.0138597 0.0146342 0.0150564 0.0151186 0.014836 0.0142439 0.0133929 0.0123437 0.0111618 0.00991228 0.00865555 0.00744417 0.00632127 0.00532026 0.00446367 0.003751 0.00312318 0.00244427 0.00163053 0.000845861 0.000331903 0.000101928 2.58218e-05 5.61415e-06 1.06641e-06 1.76134e-07 2.44405e-08 2.58368e-09 1.49024e-10 0 
0 0.000235352 0.00127884 0.00266335 0.00412826 0.0058532 0.00779685 0.00984814 0.0118882 0.0137992 0.0154728 0.0168189 0.0177717 0.0182919 0.018368 0.0180181 0.0172876 0.01624 0.0149496 0.0134959 0.011958 0.0104097 0.00891459 0.00752415 0.00627722 0.0052011 0.00430961 0.00358147 0.00291034 0.00212783 0.00124414 0.00054103 0.000177063 4.61786e-05 1.01157e-05 1.91418e-06 3.13265e-07 4.29708e-08 4.48708e-09 2.5566e-10 0 
0 0.000303225 0.00149065 0.00297477 0.00466859 0.00670333 0.00899106 0.0114024 0.0137992 0.0160435 0.0180095 0.0195953 0.0207261 0.0213487 0.0214395 0.0210181 0.020145 0.018904 0.0173843 0.0156757 0.0138685 0.012048 0.0102886 0.00864973 0.00717554 0.00589597 0.0048287 0.00397115 0.00325702 0.00251201 0.00161387 0.000773571 0.000271096 7.32418e-05 1.62471e-05 3.07513e-06 5.00367e-07 6.80579e-08 7.03963e-09 3.97237e-10 0 
0 0.000362549 0.00165285 0.00323828 0.00514615 0.00745085 0.0100384 0.0127643 0.0154728 0.0180095 0.0202376 0.0220464 0.0233387 0.0240428 0.0241434 0.0236664 0.0226679 0.0212447 0.019513 0.0175775 0.0155343 0.0134764 0.0114867 0.00963164 0.00796035 0.00650505 0.00528429 0.0043022 0.00351957 0.00278753 0.00191307 0.000995309 0.000372207 0.000104327 2.34984e-05 4.46109e-06 7.237e-07 9.78675e-08 1.00531e-08 5.63187e-10 0 
0 0.000409357 0.0017708 0.00344841 0.00553254 0.00805328 0.0108813 0.0138597 0.0168189 0.0195953 0.0220464 0.0240261 0.0253907 0.0260977 0.0261931 0.0257141 0.0246761 0.0231351 0.0212272 0.0191 0.0168648 0.0146166 0.0124425 0.0104149 0.00858659 0.00699172 0.00564915 0.00456476 0.00371387 0.00297482 0.00212959 0.001179 0.000465757 0.000135009 3.08783e-05 5.88839e-06 9.54293e-07 1.28595e-07 1.31483e-08 7.32894e-10 0 
0 0.000441797 0.00184871 0.00359672 0.00580657 0.00847972 0.0114776 0.0146342 0.0177717 0.0207261 0.0233387 0.0253907 0.026726 0.0273876 0.027471 0.0270171 0.0260133 0.0244526 0.0224397 0.02017 0.0177942 0.0154112 0.013108 0.0109596 0.00902151 0.00732938 0.0059021 0.00474573 0.0038425 0.00309017 0.0022675 0.00130932 0.000538692 0.000160357 3.71567e-05 7.11854e-06 1.15403e-06 1.55243e-07 1.58315e-08 8.79842e-10 0 
0 0.000459378 0.00188924 0.0036771 0.00595593 0.00871225 0.0118027 0.0150564 0.0182919 0.0213487 0.0240428 0.0260977 0.0273876 0.0280146 0.0280891 0.0276508 0.0266797 0.0251383 0.0230884 0.0207402 0.0182845 0.015828 0.0134554 0.0112425 0.00924616 0.00750251 0.00603048 0.00483588 0.00390385 0.00314294 0.00233517 0.00138078 0.00058224 0.000176307 4.12232e-05 7.92795e-06 1.28667e-06 1.73051e-07 1.76333e-08 9.7896e-10 0 
0 0.000462387 0.00189443 0.00368783 0.0059774 0.00874646 0.0118508 0.0151186 0.018368 0.0214395 0.0241434 0.0261931 0.027471 0.0280891 0.0281588 0.0277197 0.0267512 0.025212 0.023156 0.0207945 0.0183263 0.0158597 0.0134786 0.0112583 0.00925571 0.00750682 0.00603031 0.00483179 0.00389707 0.00313806 0.00233973 0.00139368 0.000592634 0.00018064 4.24145e-05 8.17773e-06 1.32934e-06 1.78994e-07 1.82559e-08 1.01438e-09 0 
0 0.000451566 0.00186639 0.0036319 0.00587637 0.00859074 0.0116336 0.014836 0.0180181 0.0210181 0.0236664 0.0257141 0.0270171 0.0276508 0.0277197 0.0272643 0.0262681 0.0247076 0.0226674 0.0203544 0.0179395 0.0155237 0.0131916 0.0110181 0.0090586 0.00734832 0.00590554 0.00473574 0.00382369 0.00307819 0.00228567 0.00135135 0.000570739 0.000173363 4.06872e-05 7.85497e-06 1.27964e-06 1.72743e-07 1.76666e-08 9.84437e-10 0 
0 0.000427994 0.00180746 0.00351651 0.00566576 0.00826465 0.0111781 0.0142439 0.0172876 0.020145 0.0226679 0.0246761 0.0260133 0.0266797 0.0267512 0.0262681 0.0252296 0.0236587 0.0216823 0.0194766 0.0171703 0.0148581 0.0126262 0.0105473 0.00867445 0.00704161 0.00566649 0.00455441 0.00368703 0.00296425 0.0021751 0.00125925 0.000521398 0.000156542 3.65969e-05 7.07111e-06 1.15564e-06 1.56682e-07 1.61026e-08 9.01918e-10 0 
0 0.0003931 0.00171987 0.00335205 0.00536435 0.00779647 0.0105235 0.0133929 0.01624 0.018904 0.0212447 0.0231351 0.0244526 0.0251383 0.025212 0.0247076 0.0236587 0.0221436 0.0202947 0.0182401 0.0160831 0.0139172 0.0118271 0.00988176 0.00813113 0.0066073 0.00532754 0.00429662 0.0034902 0.00279475 0.00200914 0.00112579 0.000452773 0.00013374 3.11126e-05 6.02266e-06 9.89501e-07 1.35088e-07 1.39902e-08 7.89898e-10 0 
0 0.000348774 0.0016052 0.00315042 0.004995 0.00722034 0.00971685 0.0123437 0.0149496 0.0173843 0.019513 0.0212272 0.0224397 0.0230884 0.023156 0.0226674 0.0216823 0.0202947 0.0186111 0.0167323 0.0147534 0.0127654 0.0108478 0.00906435 0.00746135 0.00606905 0.0049043 0.00397032 0.00323298 0.00256508 0.00179068 0.000963886 0.000375462 0.000109207 2.53507e-05 4.93375e-06 8.17933e-07 1.12859e-07 1.18204e-08 6.75041e-10 0 
0 0.0002975 0.00146402 0.00292298 0.00458262 0.00657331 0.00880891 0.0111618 0.0134959 0.0156757 0.0175775 0.0191 0.02017 0.0207402 0.0207945 0.0203544 0.0194766 0.0182401 0.0167323 0.0150429 0.0132615 0.0114717 0.00974533 0.0081403 0.00669917 0.00545039 0.0044103 0.00357852 0.00290873 0.00226938 0.00152952 0.000792127 0.000301116 8.70274e-05 2.03225e-05 4.00323e-06 6.73375e-07 9.43306e-08 1.00285e-08 5.80938e-10 0 
0 0.000242437 0.00129633 0.00267747 0.00415203 0.00589263 0.00785035 0.00991228 0.011958 0.0138685 0.0155343 0.0168648 0.0177942 0.0182845 0.0183263 0.0179395 0.0171703 0.0160831 0.0147534 0.0132615 0.0116872 0.0101041 0.00857584 0.0071539 0.005877 0.00477191 0.0038535 0.00311575 0.00250522 0.00190851 0.00124806 0.000633533 0.000240518 7.04296e-05 1.67702e-05 3.37243e-06 5.78483e-07 8.24873e-08 8.90829e-09 5.23181e-10 0 
0 0.000187312 0.00110336 0.00241473 0.00372496 0.0052135 0.00688848 0.00865555 0.0104097 0.012048 0.0134764 0.0146166 0.0154112 0.015828 0.0158597 0.0155237 0.0148581 0.0139172 0.0127654 0.0114717 0.0101041 0.00872573 0.0073913 0.00614569 0.00502357 0.00404947 0.00323552 0.002573 0.00202041 0.0015058 0.000981761 0.000510154 0.000201453 6.14056e-05 1.51109e-05 3.11469e-06 5.43985e-07 7.859e-08 8.56785e-09 5.0654e-10 0 
0 0.000136032 0.000890678 0.00212656 0.00331507 0.00456703 0.00596504 0.00744417 0.00891459 0.0102886 0.0114867 0.0124425 0.013108 0.0134554 0.0134786 0.0131916 0.0126262 0.0118271 0.0108478 0.00974533 0.00857584 0.0073913 0.00623712 0.00515121 0.00416429 0.0033003 0.00257434 0.0019867 0.00151729 0.00112625 0.000766572 0.000432771 0.00018635 6.04922e-05 1.54284e-05 3.23341e-06 5.67866e-07 8.20092e-08 8.9088e-09 5.23892e-10 0 
0 9.20178e-05 0.00067097 0.00179919 0.00291984 0.00397656 0.00511493 0.00632127 0.00752415 0.00864973 0.00963164 0.0104149 0.0109596 0.0112425 0.0112583 0.0110181 0.0105473 0.00988176 0.00906435 0.0081403 0.0071539 0.00614569 0.00515121 0.004202 0.00333242 0.00259104 0.00202593 0.00161963 0.00127927 0.000948314 0.00065063 0.000396975 0.000190321 6.64226e-05 1.74141e-05 3.65059e-06 6.33703e-07 9.00877e-08 9.62578e-09 5.57005e-10 0 
0 5.74685e-05 0.000463677 0.00142622 0.00251311 0.00344824 0.00436408 0.00532026 0.00627722 0.00717554 0.00796035 0.00858659 0.00902151 0.00924616 0.00925571 0.0090586 0.00867445 0.00813113 0.00746135 0.00669917 0.005877 0.00502357 0.00416429 0.00333242 0.00261151 0.00217645 0.00215443 0.00233098 0.00221626 0.00162805 0.000922438 0.000455632 0.000210435 7.64996e-05 2.02996e-05 4.18955e-06 7.09309e-07 9.82668e-08 1.02505e-08 5.80439e-10 0 
0 3.28818e-05 0.000289368 0.00102716 0.00205301 0.00295395 0.00371994 0.00446367 0.0052011 0.00589597 0.00650505 0.00699172 0.00732938 0.00750251 0.00750682 0.00734832 0.00704161 0.0066073 0.00606905 0.00545039 0.00477191 0.00404947 0.0033003 0.00259104 0.00217645 0.00255809 0.0040329 0.00582005 0.00622518 0.0045815 0.00233202 0.000861982 0.000281665 9.01724e-05 2.30801e-05 4.59613e-06 7.51847e-07 1.01123e-07 1.02844e-08 5.69751e-10 0 
0 1.71352e-05 0.000161188 0.000652437 0.00152179 0.00242435 0.00314676 0.003751 0.00430961 0.0048287 0.00528429 0.00564915 0.0059021 0.00603048 0.00603031 0.00590554 0.00566649 0.00532754 0.0049043 0.0044103 0.0038535 0.00323552 0.00257434 0.00202593 0.00215443 0.0040329 0.00837166 0.0143845 0.0164358 0.0110394 0.00538135 0.00182173 0.000459523 0.000110597 2.48964e-05 4.62732e-06 7.24387e-07 9.46244e-08 9.41405e-09 5.12186e-10 0 
0 8.10346e-06 7.96561e-05 0.000357965 0.000974668 0.00179834 0.00254682 0.00312318 0.00358147 0.00397115 0.0043022 0.00456476 0.00474573 0.00483588 0.00483179 0.00473574 0.00455441 0.00429662 0.00397032 0.00357852 0.00311575 0.002573 0.0019867 0.00161963 0.00233098 0.00582005 0.0143845 0.0205552 0.0212358 0.0187482 0.0090725 0.00292 0.000673874 0.0001309 2.46735e-05 4.14843e-06 6.1667e-07 7.85226e-08 7.69332e-09 4.13789e-10 0 
0 3.4731e-06 3.49086e-05 0.000168404 0.000521035 0.00112582 0.00182954 0.00244427 0.00291034 0.00325702 0.00351957 0.00371387 0.0038425 0.00390385 0.00389707 0.00382369 0.00368703 0.0034902 0.00323298 0.00290873 0.00250522 0.00202041 0.00151729 0.00127927 0.00221626 0.00622518 0.0164358 0.0212358 0.0217983 0.0199868 0.010641 0.00321594 0.000723701 0.000127939 2.10161e-05 3.20082e-06 4.53776e-07 5.68203e-08 5.53393e-09 2.96735e-10 0 
0 1.34965e-06 1.36189e-05 6.82785e-05 0.000230392 0.000567831 0.00107107 0.00163053 0.00212783 0.00251201 0.00278753 0.00297482 0.00309017 0.00314294 0.00313806 0.00307819 0.00296425 0.00279475 0.00256508 0.00226938 0.00190851 0.0015058 0.00112625 0.000948314 0.00162805 0.0045815 0.0110394 0.0187482 0.0199868 0.0155547 0.00724405 0.00238252 0.000535967 9.30201e-05 1.42842e-05 2.04849e-06 2.83629e-07 3.54726e-08 3.47383e-09 1.87445e-10 0 
0 4.76223e-07 4.75782e-06 2.4153e-05 8.5391e-05 0.00022947 0.00048749 0.000845861 0.00124414 0.00161387 0.00191307 0.00212959 0.0022675 0.00233517 0.00233973 0.00228567 0.0021751 0.00200914 0.00179068 0.00152952 0.00124806 0.000981761 0.000766572 0.00065063 0.000922438 0.00233202 0.00538135 0.0090725 0.010641 0.00724405 0.00357682 0.00118363 0.000272275 4.86023e-05 7.4176e-06 1.06181e-06 1.49166e-07 1.9012e-08 1.89511e-09 1.03872e-10 0 
0 1.5281e-07 1.4972e-06 7.55706e-06 2.71478e-05 7.622e-05 0.00017409 0.000331903 0.00054103 0.000773571 0.000995309 0.001179 0.00130932 0.00138078 0.00139368 0.00135135 0.00125925 0.00112579 0.000963886 0.000792127 0.000633533 0.000510154 0.000432771 0.000396975 0.000455632 0.000861982 0.00182173 0.00292 0.00321594 0.00238252 0.00118363 0.00040006 9.7231e-05 1.83642e-05 2.93962e-06 4.46596e-07 6.61385e-08 8.75173e-09 8.97763e-10 5.04106e-11 0 
0 4.46238e-08 4.26209e-07 2.11464e-06 7.5665e-06 2.15294e-05 5.08131e-05 0.000101928 0.000177063 0.000271096 0.000372207 0.000465757 0.000538692 0.00058224 0.000592634 0.000570739 0.000521398 0.000452773 0.000375462 0.000301116 0.000240518 0.000201453 0.00018635 0.000190321 0.000210435 0.000281665 0.000459523 0.000673874 0.000723701 0.000535967 0.000272275 9.7231e-05 2.54752e-05 5.21053e-06 9.24479e-07 1.56356e-07 2.49924e-08 3.47364e-09 3.69734e-10 2.14186e-11 0 
0 1.18464e-08 1.09927e-07 5.32636e-07 1.8765e-06 5.31309e-06 1.26294e-05 2.58218e-05 4.61786e-05 7.32418e-05 0.000104327 0.000135009 0.000160357 0.000176307 0.00018064 0.000173363 0.000156542 0.00013374 0.000109207 8.70274e-05 7.04296e-05 6.14056e-05 6.04922e-05 6.64226e-05 7.64996e-05 9.01724e-05 0.000110597 0.0001309 0.000127939 9.30201e-05 4.86023e-05 1.83642e-05 5.21053e-06 1.19889e-06 2.45957e-07 4.70485e-08 8.1444e-09 1.19389e-09 1.32552e-10 7.96368e-12 0 
0 2.84667e-09 2.56245e-08 1.20857e-07 4.16699e-07 1.16258e-06 2.74406e-06 5.61415e-06 1.01157e-05 1.62471e-05 2.34984e-05 3.08783e-05 3.71567e-05 4.12232e-05 4.24145e-05 4.06872e-05 3.65969e-05 3.11126e-05 2.53507e-05 2.03225e-05 1.67702e-05 1.51109e-05 1.54284e-05 1.74141e-05 2.02996e-05 2.30801e-05 2.48964e-05 2.46735e-05 2.10161e-05 1.42842e-05 7.4176e-06 2.93962e-06 9.24479e-07 2.45957e-07 5.82731e-08 1.23919e-08 2.30232e-09 3.55902e-10 4.13371e-11 2.58479e-12 0 
0 6.13055e-10 5.35166e-09 2.45395e-08 8.25762e-08 2.2594e-07 5.25809e-07 1.06641e-06 1.91418e-06 3.07513e-06 4.46109e-06 5.88839e-06 7.11854e-06 7.92795e-06 8.17773e-06 7.85497e-06 7.07111e-06 6.02266e-06 4.93375e-06 4.00323e-06 3.37243e-06 3.11469e-06 3.23341e-06 3.65059e-06 4.18955e-06 4.59613e-06 4.62732e-06 4.14843e-06 3.20082e-06 2.04849e-06 1.06181e-06 4.46596e-07 1.56356e-07 4.70485e-08 1.23919e-08 2.85148e-09 5.6297e-10 9.16431e-11 1.1149e-11 7.27015e-13 0 
0 1.1592e-10 9.81861e-10 4.37721e-09 1.43639e-08 3.84697e-08 8.79925e-08 1.76134e-07 3.13265e-07 5.00367e-07 7.237e-07 9.54293e-07 1.15403e-06 1.28667e-06 1.32934e-06 1.27964e-06 1.15564e-06 9.89501e-07 8.17933e-07 6.73375e-07 5.78483e-07 5.43985e-07 5.67866e-07 6.33703e-07 7.09309e-07 7.51847e-07 7.24387e-07 6.1667e-07 4.53776e-07 2.83629e-07 1.49166e-07 6.61385e-08 2.49924e-08 8.1444e-09 2.30232e-09 5.6297e-10 1.17344e-10 2.00808e-11 2.55872e-12 1.74124e-13 0 
0 1.84336e-11 1.51656e-10 6.57847e-10 2.10579e-09 5.51842e-09 1.23929e-08 2.44405e-08 4.29708e-08 6.80579e-08 9.78675e-08 1.28595e-07 1.55243e-07 1.73051e-07 1.78994e-07 1.72743e-07 1.56682e-07 1.35088e-07 1.12859e-07 9.43306e-08 8.24873e-08 7.859e-08 8.20092e-08 9.00877e-08 9.82668e-08 1.01123e-07 9.46244e-08 7.85226e-08 5.68203e-08 3.54726e-08 1.9012e-08 8.75173e-09 3.47364e-09 1.19389e-09 3.55902e-10 9.16431e-11 2.00808e-11 3.6048e-12 4.80588e-13 3.41197e-14 0 
0 2.22484e-12 1.78036e-11 7.52362e-11 2.35146e-10 6.03279e-10 1.33024e-09 2.58368e-09 4.48708e-09 7.03963e-09 1.00531e-08 1.31483e-08 1.58315e-08 1.76333e-08 1.82559e-08 1.76666e-08 1.61026e-08 1.39902e-08 1.18204e-08 1.00285e-08 8.90829e-09 8.56785e-09 8.9088e-09 9.62578e-09 1.02505e-08 1.02844e-08 9.41405e-09 7.69332e-09 5.53393e-09 3.47383e-09 1.89511e-09 8.97763e-10 3.69734e-10 1.32552e-10 4.13371e-11 1.1149e-11 2.55872e-12 4.80588e-13 6.692e-14 4.95142e-15 0 
0 1.45595e-13 1.13498e-12 4.67956e-12 1.42985e-11 3.59486e-11 7.78816e-11 1.49024e-10 2.5566e-10 3.97237e-10 5.63187e-10 7.32894e-10 8.79842e-10 9.7896e-10 1.01438e-09 9.84437e-10 9.01918e-10 7.89898e-10 6.75041e-10 5.80938e-10 5.23181e-10 5.0654e-10 5.23892e-10 5.57005e-10 5.80439e-10 5.69751e-10 5.12186e-10 4.13789e-10 2.96735e-10 1.87445e-10 1.03872e-10 5.04106e-11 2.14186e-11 7.96368e-12 2.58479e-12 7.27015e-13 1.74124e-13 3.41197e-14 4.95142e-15 3.8122e-16 0 
0 0 0 0 0 0 0 0 0 0 0 0 0 0 0 0 0 0 0 0 0 0 0 0 0 0 0 0 0 0 0 0 0 0 0 0 0 0 0 0 0 
