0 0 0 0 0 0 0 0 0 0 0 0 0 0 0 0 0 0 0 0 0 0 0 0 0 0 0 0 0 0 0 0 0 0 0 0 0 0 0 0 0 
0 1.17935e-07 1.00922e-06 4.10421e-06 1.09901e-05 2.18162e-05 3.474e-05 4.72939e-05 5.78471e-05 6.58936e-05 7.16191e-05 7.5442e-05 7.77596e-05 7.88637e-05 7.89356e-05 7.80659e-05 7.6272e-05 7.35098e-05 6.96891e-05 6.47025e-05 5.84792e-05 5.10591e-05 4.26684e-05 3.37636e-05 2.5001e-05 1.71104e-05 1.06946e-05 6.04166e-06 3.06125e-06 1.38509e-06 5.58899e-07 2.01287e-07 6.48005e-08 1.86574e-08 4.79311e-09 1.09003e-09 2.15398e-10 3.54891e-11 4.40693e-12 2.95044e-13 0 
0 1.00922e-06 8.59197e-06 3.23943e-05 7.42704e-05 0.000119565 0.000152993 0.000172421 0.000183304 0.000190585 0.000196512 0.000201487 0.000205175 0.000207159 0.000207222 0.000205424 0.000202079 0.000197681 0.000192763 0.000187697 0.000182423 0.000176176 0.00016736 0.000153846 0.00013391 0.000107648 7.79559e-05 4.97839e-05 2.7635e-05 1.32557e-05 5.50484e-06 1.99289e-06 6.34185e-07 1.78554e-07 4.45771e-08 9.82152e-09 1.87851e-09 2.99683e-10 3.60759e-11 2.34534e-12 0 
0 4.10421e-06 3.23943e-05 0.000101015 0.000176391 0.000220037 0.000240869 0.000258717 0.000280417 0.000304534 0.000327808 0.000347496 0.000361758 0.000369568 0.000370596 0.000365108 0.000353879 0.000338109 0.000319352 0.000299447 0.000280435 0.000264336 0.000252593 0.000244999 0.000238323 0.000225715 0.000199091 0.000155596 0.00010324 5.67224e-05 2.57092e-05 9.73342e-06 3.13781e-06 8.76611e-07 2.14543e-07 4.60482e-08 8.5568e-09 1.32554e-09 1.55059e-10 9.80965e-12 0 
0 1.09901e-05 7.42704e-05 0.000176391 0.000239437 0.000271864 0.000310113 0.000359945 0.000414772 0.000468295 0.000516014 0.00055471 0.000582172 0.000597143 0.000599294 0.000589167 0.000568057 0.000537855 0.000500875 0.000459686 0.000417005 0.000375683 0.000338797 0.000309633 0.00029091 0.000282354 0.000276792 0.00025861 0.000212734 0.000143351 7.60793e-05 3.18237e-05 1.07792e-05 3.0552e-06 7.42815e-07 1.56605e-07 2.84316e-08 4.29458e-09 4.89805e-10 3.02404e-11 0 
0 2.18162e-05 0.000119565 0.000220037 0.000271864 0.000329757 0.000408016 0.00049667 0.000586857 0.000672071 0.000747014 0.000807413 0.000850167 0.00087348 0.00087691 0.000861298 0.000828604 0.000781665 0.000723903 0.000659036 0.000590805 0.000522792 0.000458363 0.000400855 0.000354004 0.000321957 0.000306983 0.000303048 0.000289215 0.000239321 0.00015551 7.58407e-05 2.81611e-05 8.32402e-06 2.04418e-06 4.27663e-07 7.63728e-08 1.13045e-08 1.26201e-09 7.62908e-11 0 
0 3.474e-05 0.000152993 0.000240869 0.000310113 0.000408016 0.000526692 0.000654198 0.000781703 0.000901433 0.00100644 0.00109097 0.00115087 0.00118375 0.00118867 0.00116663 0.00112077 0.00105508 0.0009742 0.000883171 0.000787067 0.000690634 0.000598069 0.000512992 0.000438699 0.000378888 0.000338255 0.000320088 0.000316968 0.000300133 0.000236263 0.000138272 5.83958e-05 1.85149e-05 4.67526e-06 9.81344e-07 1.73637e-07 2.53183e-08 2.77825e-09 1.65028e-10 0 
0 4.72939e-05 0.000172421 0.000258717 0.000359945 0.00049667 0.000654198 0.000821126 0.000987364 0.00114321 0.00128021 0.00139645 0.00149909 0.00156918 0.00158187 0.00153457 0.00144598 0.00134543 0.00123776 0.00111908 0.000993794 0.000867796 0.000746345 0.000633773 0.000533531 0.000448626 0.000382704 0.000340891 0.000325752 0.000323007 0.000291453 0.000203065 9.94315e-05 3.45817e-05 9.12593e-06 1.94198e-06 3.42817e-07 4.94937e-08 5.36035e-09 3.13954e-10 0 
0 5.78471e-05 0.000183304 0.000280417 0.000414772 0.000586857 0.000781703 0.000987364 0.00119192 0.00138478 0.00158156 0.00180457 0.00195623 0.00202198 0.0020321 0.00199368 0.00189127 0.00170927 0.00151214 0.00135376 0.00119892 0.00104367 0.000893767 0.000754363 0.00062936 0.000521648 0.000433873 0.000370008 0.000335519 0.000328238 0.000317987 0.000254534 0.000144088 5.56007e-05 1.55133e-05 3.37487e-06 5.979e-07 8.58559e-08 9.21186e-09 5.33731e-10 0 
0 6.58936e-05 0.000190585 0.000304534 0.000468295 0.000672071 0.000901433 0.00114321 0.00138478 0.00165202 0.00196213 0.00212052 0.0021951 0.00222931 0.00223478 0.00221384 0.0021623 0.00206459 0.00186607 0.00159232 0.00139127 0.00120794 0.00103152 0.000867212 0.000719413 0.000591159 0.000484624 0.000402486 0.000349758 0.000330122 0.000326778 0.000287509 0.000184427 7.88615e-05 2.33799e-05 5.2265e-06 9.33206e-07 1.33763e-07 1.42638e-08 8.19921e-10 0 
0 7.16191e-05 0.000196512 0.000327808 0.000516014 0.000747014 0.00100644 0.00128021 0.00158156 0.00196213 0.00216111 0.00225715 0.0023097 0.00233517 0.00233927 0.00232337 0.00228556 0.00221921 0.00210554 0.00187996 0.00157288 0.00135162 0.00115164 0.000965657 0.000798095 0.000652196 0.000529956 0.000433208 0.000365758 0.000333119 0.000328004 0.000305271 0.000215749 0.000101029 3.17576e-05 7.30455e-06 1.31744e-06 1.8897e-07 2.00777e-08 1.14785e-09 0 
0 7.5442e-05 0.000201487 0.000347496 0.00055471 0.000807413 0.00109097 0.00139645 0.00180457 0.00212052 0.00225715 0.00233305 0.00237702 0.00239882 0.00240231 0.00238851 0.00235624 0.00230138 0.00221367 0.00206344 0.00176636 0.00147038 0.00124757 0.00104419 0.000860881 0.000700984 0.000566439 0.00045859 0.000380213 0.000336923 0.000326933 0.000313341 0.000237133 0.000119375 3.94585e-05 9.31517e-06 1.69743e-06 2.43981e-07 2.58768e-08 1.47431e-09 0 
0 7.77596e-05 0.000205175 0.000361758 0.000582172 0.000850167 0.00115087 0.00149909 0.00195623 0.0021951 0.0023097 0.00237702 0.00241695 0.00243692 0.00244006 0.00242723 0.00239753 0.00234784 0.00227068 0.00214668 0.00191029 0.00156612 0.00131466 0.0010988 0.000904486 0.000734836 0.000591769 0.00047636 0.000390702 0.000340033 0.00032536 0.000316039 0.000249789 0.000132306 4.54069e-05 1.09409e-05 2.01111e-06 2.89781e-07 3.07188e-08 1.74696e-09 0 
0 7.88637e-05 0.000207159 0.000369568 0.000597143 0.00087348 0.00118375 0.00156918 0.00202198 0.00222931 0.00233517 0.00239882 0.00243692 0.00245602 0.00245892 0.00244643 0.00241778 0.00237019 0.00229726 0.00218306 0.00197622 0.00162643 0.00135016 0.00112717 0.000927009 0.000752194 0.00060463 0.000485253 0.000395793 0.000341151 0.000323532 0.000315853 0.000255382 0.000139218 4.88592e-05 1.19239e-05 2.20468e-06 3.18339e-07 3.37552e-08 1.91856e-09 0 
0 7.89356e-05 0.000207222 0.000370596 0.000599294 0.00087691 0.00118867 0.00158187 0.0020321 0.00223478 0.00233927 0.00240231 0.00244006 0.00245892 0.00246165 0.00244906 0.00242036 0.00237285 0.00230027 0.00218715 0.00198421 0.0016341 0.00135267 0.00112876 0.000927967 0.000752625 0.00060461 0.000484813 0.000394862 0.000339536 0.000321244 0.000313866 0.00025512 0.000140104 4.94813e-05 1.21251e-05 2.24711e-06 3.24886e-07 3.44753e-08 1.96042e-09 0 
0 7.80659e-05 0.000205424 0.000365108 0.000589167 0.000861298 0.00116663 0.00153457 0.00199368 0.00221384 0.00232337 0.00238851 0.00242723 0.00244643 0.00244906 0.00243592 0.0024062 0.00235692 0.00228122 0.00216163 0.00194035 0.00158764 0.00132336 0.00110467 0.000908205 0.000736735 0.000592106 0.00047524 0.000387904 0.000334974 0.000318235 0.000310173 0.000249465 0.000135255 4.73314e-05 1.15469e-05 2.13732e-06 3.09138e-07 3.28416e-08 1.87019e-09 0 
0 7.6272e-05 0.000202079 0.000353879 0.000568057 0.000828604 0.00112077 0.00144598 0.00189127 0.0021623 0.00228556 0.00235624 0.00239753 0.00241778 0.00242036 0.0024062 0.00237425 0.00232093 0.00223762 0.00210093 0.00183268 0.00150173 0.00126613 0.00105746 0.000869691 0.000705985 0.000568152 0.00045723 0.000375348 0.000327589 0.000314139 0.000304022 0.000238176 0.00012515 4.28061e-05 1.0321e-05 1.90245e-06 2.75111e-07 2.92746e-08 1.67111e-09 0 
0 7.35098e-05 0.000197681 0.000338109 0.000537855 0.000781665 0.00105508 0.00134543 0.00170927 0.00206459 0.00221921 0.00230138 0.00234784 0.00237019 0.00237285 0.00235692 0.00232093 0.00225987 0.00216078 0.00198344 0.00166071 0.00139749 0.00118581 0.000990734 0.000815218 0.000662443 0.000534203 0.000431761 0.000357819 0.000317519 0.000308098 0.000293706 0.00022055 0.000110545 3.65726e-05 8.671e-06 1.58894e-06 2.29731e-07 2.45058e-08 1.40393e-09 0 
0 6.96891e-05 0.000192763 0.000319352 0.000500875 0.000723903 0.0009742 0.00123776 0.00151214 0.00186607 0.00210554 0.00221367 0.00227068 0.00229726 0.00230027 0.00228122 0.00223762 0.00216078 0.00202568 0.00175979 0.00148595 0.00128007 0.00108759 0.000908781 0.000748067 0.000608484 0.000491858 0.000399829 0.000335783 0.000304298 0.000298016 0.000276411 0.000195941 9.26406e-05 2.94813e-05 6.86063e-06 1.24991e-06 1.8085e-07 1.93647e-08 1.11502e-09 0 
0 6.47025e-05 0.000187697 0.000299447 0.000459686 0.000659036 0.000883171 0.00111908 0.00135376 0.00159232 0.00187996 0.00206344 0.00214668 0.00218306 0.00218715 0.00216163 0.00210093 0.00198344 0.00175979 0.00151774 0.00133005 0.00115015 0.000977055 0.000816137 0.000671652 0.000546478 0.000442563 0.000362067 0.000308866 0.000285715 0.000279584 0.000248558 0.000164632 7.32172e-05 2.24433e-05 5.13869e-06 9.32913e-07 1.35362e-07 1.45757e-08 8.4494e-10 0 
0 5.84792e-05 0.000182423 0.000280435 0.000417005 0.000590805 0.000787067 0.000993794 0.00119892 0.00139127 0.00157288 0.00176636 0.00191029 0.00197622 0.00198421 0.00194035 0.00183268 0.00166071 0.00148595 0.00133005 0.00117176 0.00101303 0.000859803 0.000717242 0.000589228 0.000478527 0.000387294 0.00031815 0.000274586 0.000256226 0.000246099 0.000207594 0.000128924 5.45341e-05 1.6274e-05 3.69293e-06 6.7109e-07 9.79206e-08 1.06235e-08 6.20833e-10 0 
0 5.10591e-05 0.000176176 0.000264336 0.000375683 0.000522792 0.000690634 0.000867796 0.00104367 0.00120794 0.00135162 0.00147038 0.00156612 0.00162643 0.0016341 0.00158764 0.00150173 0.00139749 0.00128007 0.00115015 0.00101303 0.000874832 0.000741043 0.000616162 0.000503692 0.000406313 0.000326317 0.000266059 0.000227339 0.000207681 0.000192508 0.000155905 9.36404e-05 3.88654e-05 1.15316e-05 2.62272e-06 4.79497e-07 7.04901e-08 7.70752e-09 4.53859e-10 0 
0 4.26684e-05 0.00016736 0.000252593 0.000338797 0.000458363 0.000598069 0.000746345 0.000893767 0.00103152 0.00115164 0.00124757 0.00131466 0.00135016 0.00135267 0.00132336 0.00126613 0.00118581 0.00108759 0.000977055 0.000859803 0.000741043 0.000625328 0.000516474 0.000417653 0.000331611 0.000260571 0.000205591 0.000166554 0.000142421 0.00012696 0.000103834 6.46006e-05 2.77162e-05 8.40416e-06 1.93517e-06 3.56323e-07 5.26281e-08 5.775e-09 3.41069e-10 0 
0 3.37636e-05 0.000153846 0.000244999 0.000309633 0.000400855 0.000512992 0.000633773 0.000754363 0.000867212 0.000965657 0.00104419 0.0010988 0.00112717 0.00112876 0.00110467 0.00105746 0.000990734 0.000908781 0.000816137 0.000717242 0.000616162 0.000516474 0.000421397 0.000334495 0.00026059 0.000204201 0.000163671 0.000130324 0.000100055 7.84223e-05 6.46154e-05 4.48215e-05 2.10939e-05 6.69181e-06 1.56188e-06 2.87385e-07 4.22099e-08 4.60124e-09 2.70016e-10 0 
0 2.5001e-05 0.00013391 0.000238323 0.00029091 0.000354004 0.000438699 0.000533531 0.00062936 0.000719413 0.000798095 0.000860881 0.000904486 0.000927009 0.000927967 0.000908205 0.000869691 0.000815218 0.000748067 0.000671652 0.000589228 0.000503692 0.000417653 0.000334495 0.000262326 0.000218446 0.00021605 0.000233713 0.000222211 0.000163287 9.3229e-05 5.0993e-05 3.32597e-05 1.75199e-05 5.90172e-06 1.3877e-06 2.51847e-07 3.63015e-08 3.88565e-09 2.24336e-10 0 
0 1.71104e-05 0.000107648 0.000225715 0.000282354 0.000321957 0.000378888 0.000448626 0.000521648 0.000591159 0.000652196 0.000700984 0.000734836 0.000752194 0.000752625 0.000736735 0.000705985 0.000662443 0.000608484 0.000546478 0.000478527 0.000406313 0.000331611 0.00026059 0.000218446 0.00025648 0.000404341 0.000726256 0.000876434 0.000477936 0.000233808 8.67528e-05 3.2224e-05 1.54667e-05 5.46327e-06 1.28586e-06 2.2812e-07 3.2017e-08 3.34419e-09 1.89012e-10 0 
0 1.06946e-05 7.79559e-05 0.000199091 0.000276792 0.000306983 0.000338255 0.000382704 0.000433873 0.000484624 0.000529956 0.000566439 0.000591769 0.00060463 0.00060461 0.000592106 0.000568152 0.000534203 0.000491858 0.000442563 0.000387294 0.000326317 0.000260571 0.000204201 0.00021605 0.000404341 0.00103336 0.00150673 0.00154234 0.00139204 0.000557335 0.000182651 4.69442e-05 1.48716e-05 4.99281e-06 1.15715e-06 1.99812e-07 2.72978e-08 2.78529e-09 1.54327e-10 0 
0 6.04166e-06 4.97839e-05 0.000155596 0.00025861 0.000303048 0.000320088 0.000340891 0.000370008 0.000402486 0.000433208 0.00045859 0.00047636 0.000485253 0.000484813 0.00047524 0.00045723 0.000431761 0.000399829 0.000362067 0.00031815 0.000266059 0.000205591 0.000163671 0.000233713 0.000726256 0.00150673 0.00164573 0.00166189 0.00159106 0.00122765 0.000293948 6.77715e-05 1.53221e-05 4.34187e-06 9.58267e-07 1.60441e-07 2.14337e-08 2.14977e-09 1.17471e-10 0 
0 3.06125e-06 2.7635e-05 0.00010324 0.000212734 0.000289215 0.000316968 0.000325752 0.000335519 0.000349758 0.000365758 0.000380213 0.000390702 0.000395793 0.000394862 0.000387904 0.000375348 0.000357819 0.000335783 0.000308866 0.000274586 0.000227339 0.000166554 0.000130324 0.000222211 0.000876434 0.00154234 0.00166189 0.00167849 0.00162102 0.00138792 0.000343476 7.26744e-05 1.43259e-05 3.43133e-06 7.0261e-07 1.1396e-07 1.50065e-08 1.4933e-09 8.11585e-11 0 
0 1.38509e-06 1.32557e-05 5.67224e-05 0.000143351 0.000239321 0.000300133 0.000323007 0.000328238 0.000330122 0.000333119 0.000336923 0.000340033 0.000341151 0.000339536 0.000334974 0.000327589 0.000317519 0.000304298 0.000285715 0.000256226 0.000207681 0.000142421 0.000100055 0.000163287 0.000477936 0.00139204 0.00159106 0.00162102 0.0015208 0.000911158 0.00023887 5.39241e-05 1.05722e-05 2.30962e-06 4.41342e-07 6.99842e-08 9.19039e-09 9.17298e-10 5.0059e-11 0 
0 5.58899e-07 5.50484e-06 2.57092e-05 7.60793e-05 0.00015551 0.000236263 0.000291453 0.000317987 0.000326778 0.000328004 0.000326933 0.00032536 0.000323532 0.000321244 0.000318235 0.000314139 0.000308098 0.000298016 0.000279584 0.000246099 0.000192508 0.00012696 7.84223e-05 9.3229e-05 0.000233808 0.000557335 0.00122765 0.00138792 0.000911158 0.000358608 0.000118684 2.77801e-05 5.92769e-06 1.25836e-06 2.31819e-07 3.66883e-08 4.87525e-09 4.9366e-10 2.73102e-11 0 
0 2.01287e-07 1.99289e-06 9.73342e-06 3.18237e-05 7.58407e-05 0.000138272 0.000203065 0.000254534 0.000287509 0.000305271 0.000313341 0.000316039 0.000315853 0.000313866 0.000310173 0.000304022 0.000293706 0.000276411 0.000248558 0.000207594 0.000155905 0.000103834 6.46154e-05 5.0993e-05 8.67528e-05 0.000182651 0.000293948 0.000343476 0.00023887 0.000118684 4.0366e-05 1.06192e-05 2.5557e-06 5.45522e-07 1.01076e-07 1.63688e-08 2.23338e-09 2.31856e-10 1.31167e-11 0 
0 6.48005e-08 6.34185e-07 3.13781e-06 1.07792e-05 2.81611e-05 5.83958e-05 9.94315e-05 0.000144088 0.000184427 0.000215749 0.000237133 0.000249789 0.000255382 0.00025512 0.000249465 0.000238176 0.00022055 0.000195941 0.000164632 0.000128924 9.36404e-05 6.46006e-05 4.48215e-05 3.32597e-05 3.2224e-05 4.69442e-05 6.77715e-05 7.26744e-05 5.39241e-05 2.77801e-05 1.06192e-05 3.31477e-06 8.65066e-07 1.91109e-07 3.69409e-08 6.24327e-09 8.84661e-10 9.49659e-11 5.53403e-12 0 
0 1.86574e-08 1.78554e-07 8.76611e-07 3.0552e-06 8.32402e-06 1.85149e-05 3.45817e-05 5.56007e-05 7.88615e-05 0.000101029 0.000119375 0.000132306 0.000139218 0.000140104 0.000135255 0.00012515 0.000110545 9.26406e-05 7.32172e-05 5.45341e-05 3.88654e-05 2.77162e-05 2.10939e-05 1.75199e-05 1.54667e-05 1.48716e-05 1.53221e-05 1.43259e-05 1.05722e-05 5.92769e-06 2.5557e-06 8.65066e-07 2.38239e-07 5.59839e-08 1.15106e-08 2.05014e-09 3.03802e-10 3.39281e-11 2.0479e-12 0 
0 4.79311e-09 4.45771e-08 2.14543e-07 7.42815e-07 2.04418e-06 4.67526e-06 9.12593e-06 1.55133e-05 2.33799e-05 3.17576e-05 3.94585e-05 4.54069e-05 4.88592e-05 4.94813e-05 4.73314e-05 4.28061e-05 3.65726e-05 2.94813e-05 2.24433e-05 1.6274e-05 1.15316e-05 8.40416e-06 6.69181e-06 5.90172e-06 5.46327e-06 4.99281e-06 4.34187e-06 3.43133e-06 2.30962e-06 1.25836e-06 5.45522e-07 1.91109e-07 5.59839e-08 1.41233e-08 3.09558e-09 5.82263e-10 9.05355e-11 1.05584e-11 6.62622e-13 0 
0 1.09003e-09 9.82152e-09 4.60482e-08 1.56605e-07 4.27663e-07 9.81344e-07 1.94198e-06 3.37487e-06 5.2265e-06 7.30455e-06 9.31517e-06 1.09409e-05 1.19239e-05 1.21251e-05 1.15469e-05 1.0321e-05 8.671e-06 6.86063e-06 5.13869e-06 3.69293e-06 2.62272e-06 1.93517e-06 1.56188e-06 1.3877e-06 1.28586e-06 1.15715e-06 9.58267e-07 7.0261e-07 4.41342e-07 2.31819e-07 1.01076e-07 3.69409e-08 1.15106e-08 3.09558e-09 7.19521e-10 1.42759e-10 2.33148e-11 2.84453e-12 1.86011e-13 0 
0 2.15398e-10 1.87851e-09 8.5568e-09 2.84316e-08 7.63728e-08 1.73637e-07 3.42817e-07 5.979e-07 9.33206e-07 1.31744e-06 1.69743e-06 2.01111e-06 2.20468e-06 2.24711e-06 2.13732e-06 1.90245e-06 1.58894e-06 1.24991e-06 9.32913e-07 6.7109e-07 4.79497e-07 3.56323e-07 2.87385e-07 2.51847e-07 2.2812e-07 1.99812e-07 1.60441e-07 1.1396e-07 6.99842e-08 3.66883e-08 1.63688e-08 6.24327e-09 2.05014e-09 5.82263e-10 1.42759e-10 2.98139e-11 5.11142e-12 6.52581e-13 4.45025e-14 0 
0 3.54891e-11 2.99683e-10 1.32554e-09 4.29458e-09 1.13045e-08 2.53183e-08 4.94937e-08 8.58559e-08 1.33763e-07 1.8897e-07 2.43981e-07 2.89781e-07 3.18339e-07 3.24886e-07 3.09138e-07 2.75111e-07 2.29731e-07 1.8085e-07 1.35362e-07 9.79206e-08 7.04901e-08 5.26281e-08 4.22099e-08 3.63015e-08 3.2017e-08 2.72978e-08 2.14337e-08 1.50065e-08 9.19039e-09 4.87525e-09 2.23338e-09 8.84661e-10 3.03802e-10 9.05355e-11 2.33148e-11 5.11142e-12 9.18411e-13 1.22593e-13 8.71654e-15 0 
0 4.40693e-12 3.60759e-11 1.55059e-10 4.89805e-10 1.26201e-09 2.77825e-09 5.36035e-09 9.21186e-09 1.42638e-08 2.00777e-08 2.58768e-08 3.07188e-08 3.37552e-08 3.44753e-08 3.28416e-08 2.92746e-08 2.45058e-08 1.93647e-08 1.45757e-08 1.06235e-08 7.70752e-09 5.775e-09 4.60124e-09 3.88565e-09 3.34419e-09 2.78529e-09 2.14977e-09 1.4933e-09 9.17298e-10 4.9366e-10 2.31856e-10 9.49659e-11 3.39281e-11 1.05584e-11 2.84453e-12 6.52581e-13 1.22593e-13 1.70811e-14 1.26503e-15 0 
0 2.95044e-13 2.34534e-12 9.80965e-12 3.02404e-11 7.62908e-11 1.65028e-10 3.13954e-10 5.33731e-10 8.19921e-10 1.14785e-09 1.47431e-09 1.74696e-09 1.91856e-09 1.96042e-09 1.87019e-09 1.67111e-09 1.40393e-09 1.11502e-09 8.4494e-10 6.20833e-10 4.53859e-10 3.41069e-10 2.70016e-10 2.24336e-10 1.89012e-10 1.54327e-10 1.17471e-10 8.11585e-11 5.0059e-11 2.73102e-11 1.31167e-11 5.53403e-12 2.0479e-12 6.62622e-13 1.86011e-13 4.45025e-14 8.71654e-15 1.26503e-15 9.74422e-17 0 
0 0 0 0 0 0 0 0 0 0 0 0 0 0 0 0 0 0 0 0 0 0 0 0 0 0 0 0 0 0 0 0 0 0 0 0 0 0 0 0 0 
