0 0 0 0 0 0 0 0 0 0 0 0 0 0 0 0 0 0 0 0 0 0 0 0 0 0 0 0 0 0 0 0 0 0 0 0 0 0 0 0 0 
0 2.36213e-08 2.20563e-07 1.0678e-06 3.73252e-06 1.04163e-05 2.42662e-05 4.84323e-05 8.44092e-05 0.000130568 0.000181899 0.000231187 0.000270964 0.000295326 0.000301083 0.000288128 0.000259169 0.00021901 0.000173527 0.000128517 8.8644e-05 5.67275e-05 3.35671e-05 1.83173e-05 9.20289e-06 4.25449e-06 1.81045e-06 7.09904e-07 2.56878e-07 8.59081e-08 2.65864e-08 7.61786e-09 2.01946e-09 4.93935e-10 1.10791e-10 2.25257e-11 4.06033e-12 6.20574e-13 7.24822e-14 4.61621e-15 0 
0 2.20563e-07 2.1471e-06 1.07852e-05 3.87648e-05 0.000109829 0.000255886 0.000503172 0.000853474 0.0012754 0.00171358 0.00210774 0.00240863 0.00258503 0.00262387 0.0025277 0.00231209 0.00200358 0.00163752 0.00125449 0.000894451 0.000589322 0.000356581 0.000197259 9.95402e-05 4.58119e-05 1.92596e-05 7.41539e-06 2.62276e-06 8.54666e-07 2.57213e-07 7.15941e-08 1.8431e-08 4.37871e-09 9.54605e-10 1.88816e-10 3.3148e-11 4.94046e-12 5.63448e-13 3.50859e-14 0 
0 1.0678e-06 1.07852e-05 5.57222e-05 0.000202736 0.00056859 0.0012784 0.00237109 0.00373889 0.00517689 0.00648759 0.00754233 0.00828088 0.00868648 0.00876444 0.00853079 0.00800838 0.00722788 0.00623299 0.00508853 0.00388657 0.00274086 0.00176231 0.00102311 0.000533474 0.000249716 0.000105287 4.02058e-05 1.39905e-05 4.46099e-06 1.30924e-06 3.54715e-07 8.88129e-08 2.05202e-08 4.35289e-09 8.38474e-10 1.43511e-10 2.08793e-11 2.32754e-12 1.41857e-13 0 
0 3.73252e-06 3.87648e-05 0.000202736 0.000726678 0.00193704 0.00399582 0.00665186 0.00939931 0.0118411 0.0138122 0.0152861 0.0162776 0.0168056 0.0168906 0.0165572 0.0158352 0.0147555 0.013345 0.0116276 0.00964123 0.00747499 0.0053047 0.00337425 0.00189462 0.000933464 0.000404868 0.000156017 5.40165e-05 1.69767e-05 4.88264e-06 1.29211e-06 3.1548e-07 7.1043e-08 1.46909e-08 2.76045e-09 4.61342e-10 6.56161e-11 7.15973e-12 4.27677e-13 0 
0 1.04163e-05 0.000109829 0.00056859 0.00193704 0.004687 0.00851994 0.01253 0.0160868 0.0190504 0.021453 0.0233072 0.0245927 0.0252877 0.0253913 0.0249306 0.0239592 0.0225478 0.0207703 0.0186847 0.0163137 0.0136467 0.0106966 0.00761883 0.00477579 0.00257597 0.00118872 0.00047376 0.000165881 5.19243e-05 1.47345e-05 3.82663e-06 9.14351e-07 2.01261e-07 4.06708e-08 7.4711e-09 1.22163e-09 1.70169e-10 1.82063e-11 1.06762e-12 0 
0 2.42662e-05 0.000255886 0.0012784 0.00399582 0.00851994 0.013647 0.0183503 0.0224701 0.0260886 0.0291817 0.031649 0.033389 0.0343368 0.0344771 0.0338443 0.0325168 0.0306063 0.0282439 0.0255614 0.0226646 0.0195976 0.016315 0.012735 0.00894816 0.00541654 0.00274635 0.00116447 0.00042075 0.000132899 3.75223e-05 9.61788e-06 2.25856e-06 4.87585e-07 9.65673e-08 1.73866e-08 2.78798e-09 3.81168e-10 4.00661e-11 2.31078e-12 0 
0 4.84323e-05 0.000503172 0.00237109 0.00665186 0.01253 0.0183503 0.0236669 0.0286173 0.0331678 0.0371363 0.0403248 0.0425787 0.0438069 0.0439878 0.0431658 0.041443 0.0389666 0.0359123 0.0324681 0.0288129 0.0250871 0.0213438 0.0174947 0.0133667 0.00903008 0.00511193 0.00236148 0.000898884 0.000290648 8.24091e-05 2.09788e-05 4.86381e-06 1.03363e-06 2.01268e-07 3.56179e-08 5.61538e-09 7.55299e-10 7.81729e-11 4.44346e-12 0 
0 8.44092e-05 0.000853474 0.00373889 0.00939931 0.0160868 0.0224701 0.0286173 0.0345839 0.0401486 0.0450187 0.0489337 0.0517002 0.0532065 0.0534259 0.0524135 0.0502949 0.0472504 0.0434966 0.0392662 0.0347889 0.0302694 0.025855 0.0215699 0.0172428 0.0126265 0.0079235 0.00403066 0.00164216 0.000550763 0.000158254 4.02591e-05 9.25753e-06 1.94393e-06 3.73369e-07 6.51364e-08 1.0124e-08 1.3431e-09 1.37199e-10 7.70314e-12 0 
0 0.000130568 0.0012754 0.00517689 0.0118411 0.0190504 0.0260886 0.0331678 0.0401486 0.0466791 0.0523955 0.0569891 0.060233 0.0619967 0.0622497 0.0610569 0.0585659 0.0549885 0.0505786 0.0456091 0.0403505 0.035051 0.0299141 0.0250559 0.0204133 0.0156836 0.0106597 0.00594035 0.00260784 0.000915537 0.000268571 6.86483e-05 1.57228e-05 3.27392e-06 6.22267e-07 1.07339e-07 1.6494e-08 2.16395e-09 2.18721e-10 1.21591e-11 0 
0 0.000181899 0.00171358 0.00648759 0.0138122 0.021453 0.0291817 0.0371363 0.0450187 0.0523955 0.0588507 0.0640353 0.0676938 0.0696793 0.0699584 0.0686049 0.0657861 0.0617412 0.0567566 0.0511405 0.0451978 0.0392097 0.0334151 0.0279832 0.0229444 0.0180684 0.0129566 0.00778192 0.00366824 0.00135219 0.00040674 0.000104877 2.4009e-05 4.97366e-06 9.38385e-07 1.60527e-07 2.44574e-08 3.18202e-09 3.19088e-10 1.76096e-11 0 
0 0.000231187 0.00210774 0.00754233 0.0152861 0.0233072 0.031649 0.0403248 0.0489337 0.0569891 0.0640353 0.0696915 0.0736792 0.0758389 0.076135 0.074649 0.0715641 0.0671418 0.0616949 0.0555594 0.0490681 0.0425274 0.0362003 0.0302857 0.0248717 0.0198135 0.014678 0.00931272 0.00466077 0.00179809 0.000554984 0.000144658 3.31865e-05 6.8589e-06 1.28833e-06 2.19219e-07 3.3214e-08 4.29806e-09 4.28868e-10 2.35652e-11 0 
0 0.000270964 0.00240863 0.00828088 0.0162776 0.0245927 0.033389 0.0425787 0.0517002 0.060233 0.0676938 0.0736792 0.0778948 0.0801727 0.0804759 0.078892 0.0756155 0.070924 0.0651491 0.0586467 0.0517687 0.0448396 0.0381376 0.0318787 0.026182 0.020964 0.0158179 0.0104063 0.00544595 0.00218075 0.000688695 0.000181496 4.17974e-05 8.63971e-06 1.62025e-06 2.75075e-07 4.15793e-08 5.36949e-09 5.34963e-10 2.93716e-11 0 
0 0.000295326 0.00258503 0.00868648 0.0168056 0.0252877 0.0343368 0.0438069 0.0532065 0.0619967 0.0696793 0.0758389 0.0801727 0.0825083 0.0828089 0.0811655 0.0777794 0.0729373 0.0669814 0.0602782 0.0531905 0.0460519 0.0391487 0.032705 0.0268544 0.0215479 0.0164117 0.0110259 0.00593756 0.00244023 0.000784274 0.000208713 4.8303e-05 1.00094e-05 1.87987e-06 3.19544e-07 4.83728e-08 6.25964e-09 6.25446e-10 3.44739e-11 0 
0 0.000301083 0.00262387 0.00876444 0.0168906 0.0253913 0.0344771 0.0439878 0.0534259 0.0622497 0.0699584 0.076135 0.0804759 0.0828089 0.0830977 0.0814347 0.078023 0.0731513 0.0671638 0.0604289 0.0533107 0.0461441 0.0392162 0.0327518 0.0268881 0.0215889 0.0165006 0.0111837 0.00610416 0.0025439 0.000826764 0.000221807 5.165e-05 1.07603e-05 2.03168e-06 3.47354e-07 5.29315e-08 6.90253e-09 6.95929e-10 3.87631e-11 0 
0 0.000288128 0.0025277 0.00853079 0.0165572 0.0249306 0.0338443 0.0431658 0.0524135 0.0610569 0.0686049 0.074649 0.078892 0.0811655 0.0814347 0.0797911 0.0764347 0.0716492 0.0657727 0.0591669 0.0521888 0.0451666 0.0383813 0.0320524 0.0263119 0.021119 0.0161252 0.0109154 0.00595902 0.00249112 0.000814268 0.000220094 5.16984e-05 1.08767e-05 2.07657e-06 3.5952e-07 5.55696e-08 7.36327e-09 7.55691e-10 4.2919e-11 0 
0 0.000259169 0.00231209 0.00800838 0.0158352 0.0239592 0.0325168 0.041443 0.0502949 0.0585659 0.0657861 0.0715641 0.0756155 0.0777794 0.078023 0.0764347 0.0732068 0.0686119 0.0629743 0.0566413 0.0499551 0.0432303 0.0367358 0.0306802 0.0251822 0.0201821 0.0153286 0.0102734 0.00555149 0.00231089 0.000758195 0.00020703 4.93436e-05 1.05682e-05 2.05974e-06 3.64965e-07 5.78653e-08 7.88003e-09 8.3227e-10 4.8676e-11 0 
0 0.00021901 0.00200358 0.00722788 0.0147555 0.0225478 0.0306063 0.0389666 0.0472504 0.0549885 0.0617412 0.0671418 0.070924 0.0729373 0.0731513 0.0716492 0.0686119 0.0642951 0.0590035 0.0530628 0.0467942 0.0404927 0.0344101 0.0287387 0.0235756 0.0188314 0.0141607 0.00933071 0.00496213 0.00205508 0.000680074 0.000189339 4.63528e-05 1.02494e-05 2.06982e-06 3.80906e-07 6.27907e-08 8.88792e-09 9.74213e-10 5.89726e-11 0 
0 0.000173527 0.00163752 0.00623299 0.013345 0.0207703 0.0282439 0.0359123 0.0434966 0.0505786 0.0567566 0.0616949 0.0651491 0.0669814 0.0671638 0.0657727 0.0629743 0.0590035 0.0541398 0.0486823 0.0429258 0.0371412 0.0315587 0.0263486 0.021578 0.0171267 0.0126887 0.00819055 0.00429717 0.00178865 0.000606761 0.000175679 4.5114e-05 1.05078e-05 2.237e-06 4.33128e-07 7.48099e-08 1.10326e-08 1.25181e-09 7.79181e-11 0 
0 0.000128517 0.00125449 0.00508853 0.0116276 0.0186847 0.0255614 0.0324681 0.0392662 0.0456091 0.0511405 0.0555594 0.0586467 0.0602782 0.0604289 0.0591669 0.0566413 0.0530628 0.0486823 0.0437681 0.0385849 0.0333758 0.0283448 0.0236337 0.0192748 0.0151372 0.0110117 0.0069904 0.00367574 0.00157852 0.00056636 0.000175833 4.85723e-05 1.21184e-05 2.7396e-06 5.57262e-07 1.00002e-07 1.51649e-08 1.7534e-09 1.10378e-10 0 
0 8.8644e-05 0.000894451 0.00388657 0.00964123 0.0163137 0.0226646 0.0288129 0.0347889 0.0403505 0.0451978 0.0490681 0.0517687 0.0531905 0.0533107 0.0521888 0.0499551 0.0467942 0.0429258 0.0385849 0.0340034 0.0293925 0.024925 0.0207084 0.0167498 0.0129574 0.00927206 0.00588519 0.00320665 0.00148333 0.000586658 0.000201142 6.0547e-05 1.61383e-05 3.82095e-06 8.00269e-07 1.45911e-07 2.22589e-08 2.57044e-09 1.60795e-10 0 
0 5.67275e-05 0.000589322 0.00274086 0.00747499 0.0136467 0.0195976 0.0250871 0.0302694 0.035051 0.0392097 0.0425274 0.0448396 0.0460519 0.0461441 0.0451666 0.0432303 0.0404927 0.0371412 0.0333758 0.0293925 0.0253666 0.0214338 0.0176717 0.0140992 0.0107275 0.00764102 0.00500335 0.00295741 0.00154357 0.000694915 0.000265801 8.63106e-05 2.4026e-05 5.79675e-06 1.2171e-06 2.20204e-07 3.31322e-08 3.76079e-09 2.30838e-10 0 
0 3.35671e-05 0.000356581 0.00176231 0.0053047 0.0106966 0.016315 0.0213438 0.025855 0.0299141 0.0334151 0.0362003 0.0381376 0.0391487 0.0392162 0.0383813 0.0367358 0.0344101 0.0315587 0.0283448 0.024925 0.0214338 0.0179731 0.0146198 0.0114632 0.00863909 0.00628077 0.00441115 0.00293776 0.00177343 0.000916378 0.000387941 0.000133042 3.76206e-05 9.0022e-06 1.85231e-06 3.26734e-07 4.78462e-08 5.28588e-09 3.16073e-10 0 
0 1.83173e-05 0.000197259 0.00102311 0.00337425 0.00761883 0.012735 0.0174947 0.0215699 0.0250559 0.0279832 0.0302857 0.0318787 0.032705 0.0327518 0.0320524 0.0306802 0.0287387 0.0263486 0.0236337 0.0207084 0.0176717 0.0146198 0.0116825 0.00905423 0.0069458 0.00543687 0.00435674 0.00337766 0.00232808 0.00133413 0.000605536 0.000212785 5.91979e-05 1.36583e-05 2.69993e-06 4.58605e-07 6.48653e-08 6.94154e-09 4.03195e-10 0 
0 9.20289e-06 9.95402e-05 0.000533474 0.00189462 0.00477579 0.00894816 0.0133667 0.0172428 0.0204133 0.0229444 0.0248717 0.026182 0.0268544 0.0268881 0.0263119 0.0251822 0.0235756 0.021578 0.0192748 0.0167498 0.0140992 0.0114632 0.00905423 0.00716503 0.00615048 0.00621536 0.00676427 0.00643475 0.00470845 0.00258937 0.00109953 0.000362808 9.34701e-05 1.98463e-05 3.66359e-06 5.91855e-07 8.05272e-08 8.34064e-09 4.70823e-10 0 
0 4.25449e-06 4.58119e-05 0.000249716 0.000933464 0.00257597 0.00541654 0.00903008 0.0126265 0.0156836 0.0180684 0.0198135 0.020964 0.0215479 0.0215889 0.021119 0.0201821 0.0188314 0.0171267 0.0151372 0.0129574 0.0107275 0.00863909 0.0069458 0.00615048 0.007423 0.011733 0.0169302 0.0180442 0.01333 0.0067819 0.00246641 0.000687153 0.000151498 2.77223e-05 4.56386e-06 6.87934e-07 8.97576e-08 9.01722e-09 4.96314e-10 0 
0 1.81045e-06 1.92596e-05 0.000105287 0.000404868 0.00118872 0.00274635 0.00511193 0.0079235 0.0106597 0.0129566 0.014678 0.0158179 0.0164117 0.0165006 0.0161252 0.0153286 0.0141607 0.0126887 0.0110117 0.00927206 0.00764102 0.00628077 0.00543687 0.00621536 0.011733 0.0243529 0.0387149 0.0425214 0.0314873 0.0156573 0.00529663 0.00128622 0.00024036 3.67461e-05 5.16603e-06 7.08941e-07 8.8404e-08 8.6525e-09 4.66974e-10 0 
0 7.09904e-07 7.41539e-06 4.02058e-05 0.000156017 0.00047376 0.00116447 0.00236148 0.00403066 0.00594035 0.00778192 0.00931272 0.0104063 0.0110259 0.0111837 0.0109154 0.0102734 0.00933071 0.00819055 0.0069904 0.00588519 0.00500335 0.00441115 0.00435674 0.00676427 0.0169302 0.0387149 0.0632346 0.0699969 0.0518685 0.0256464 0.00849547 0.00194094 0.000325804 4.30376e-05 5.16178e-06 6.37025e-07 7.59246e-08 7.28934e-09 3.88669e-10 0 
0 2.56878e-07 2.62276e-06 1.39905e-05 5.40165e-05 0.000165881 0.00042075 0.000898884 0.00164216 0.00260784 0.00366824 0.00466077 0.00544595 0.00593756 0.00610416 0.00595902 0.00555149 0.00496213 0.00429717 0.00367574 0.00320665 0.00295741 0.00293776 0.00337766 0.00643475 0.0180442 0.0425214 0.0699969 0.0776504 0.0575558 0.0284134 0.00935675 0.00209341 0.000333592 4.03345e-05 4.31354e-06 4.8794e-07 5.62106e-08 5.34826e-09 2.84295e-10 0 
0 8.59081e-08 8.54666e-07 4.46099e-06 1.69767e-05 5.19243e-05 0.000132899 0.000290648 0.000550763 0.000915537 0.00135219 0.00179809 0.00218075 0.00244023 0.0025439 0.00249112 0.00231089 0.00205508 0.00178865 0.00157852 0.00148333 0.00154357 0.00177343 0.00232808 0.00470845 0.01333 0.0314873 0.0518685 0.0575558 0.0426583 0.0210571 0.00693156 0.0015457 0.000241724 2.80994e-05 2.85359e-06 3.11066e-07 3.55566e-08 3.4002e-09 1.81991e-10 0 
0 2.65864e-08 2.57213e-07 1.30924e-06 4.88264e-06 1.47345e-05 3.75223e-05 8.24091e-05 0.000158254 0.000268571 0.00040674 0.000554984 0.000688695 0.000784274 0.000826764 0.000814268 0.000758195 0.000680074 0.000606761 0.00056636 0.000586658 0.000694915 0.000916378 0.00133413 0.00258937 0.0067819 0.0156573 0.0256464 0.0284134 0.0210571 0.0104069 0.00344058 0.000772723 0.000120938 1.40711e-05 1.45156e-06 1.62985e-07 1.91475e-08 1.86947e-09 1.01758e-10 0 
0 7.61786e-09 7.15941e-08 3.54715e-07 1.29211e-06 3.82663e-06 9.61788e-06 2.09788e-05 4.02591e-05 6.86483e-05 0.000104877 0.000144658 0.000181496 0.000208713 0.000221807 0.000220094 0.00020703 0.000189339 0.000175679 0.000175833 0.000201142 0.000265801 0.000387941 0.000605536 0.00109953 0.00246641 0.00529663 0.00849547 0.00935675 0.00693156 0.00344058 0.00114998 0.00026194 4.1754e-05 5.0813e-06 5.72799e-07 7.07122e-08 8.80581e-09 8.89695e-10 4.96848e-11 0 
0 2.01946e-09 1.8431e-08 8.88129e-08 3.1548e-07 9.14351e-07 2.25856e-06 4.86381e-06 9.25753e-06 1.57228e-05 2.4009e-05 3.31865e-05 4.17974e-05 4.8303e-05 5.165e-05 5.16984e-05 4.93436e-05 4.63528e-05 4.5114e-05 4.85723e-05 6.0547e-05 8.63106e-05 0.000133042 0.000212785 0.000362808 0.000687153 0.00128622 0.00194094 0.00209341 0.0015457 0.000772723 0.00026194 6.09982e-05 1.02075e-05 1.38301e-06 1.83653e-07 2.60017e-08 3.48467e-09 3.67403e-10 2.11968e-11 0 
0 4.93935e-10 4.37871e-09 2.05202e-08 7.1043e-08 2.01261e-07 4.87585e-07 1.03363e-06 1.94393e-06 3.27392e-06 4.97366e-06 6.8589e-06 8.63971e-06 1.00094e-05 1.07603e-05 1.08767e-05 1.05682e-05 1.02494e-05 1.05078e-05 1.21184e-05 1.61383e-05 2.4026e-05 3.76206e-05 5.91979e-05 9.34701e-05 0.000151498 0.00024036 0.000325804 0.000333592 0.000241724 0.000120938 4.1754e-05 1.02075e-05 1.90238e-06 3.11093e-07 5.10028e-08 8.29474e-09 1.19473e-09 1.31936e-10 7.90288e-12 0 
0 1.10791e-10 9.54605e-10 4.35289e-09 1.46909e-08 4.06708e-08 9.65673e-08 2.01268e-07 3.73369e-07 6.22267e-07 9.38385e-07 1.28833e-06 1.62025e-06 1.87987e-06 2.03168e-06 2.07657e-06 2.05974e-06 2.06982e-06 2.237e-06 2.7396e-06 3.82095e-06 5.79675e-06 9.0022e-06 1.36583e-05 1.98463e-05 2.77223e-05 3.67461e-05 4.30376e-05 4.03345e-05 2.80994e-05 1.40711e-05 5.0813e-06 1.38301e-06 3.11093e-07 6.44229e-08 1.27804e-08 2.31762e-09 3.55689e-10 4.11876e-11 2.56969e-12 0 
0 2.25257e-11 1.88816e-10 8.38474e-10 2.76045e-09 7.4711e-09 1.73866e-08 3.56179e-08 6.51364e-08 1.07339e-07 1.60527e-07 2.19219e-07 2.75075e-07 3.19544e-07 3.47354e-07 3.5952e-07 3.64965e-07 3.80906e-07 4.33128e-07 5.57262e-07 8.00269e-07 1.2171e-06 1.85231e-06 2.69993e-06 3.66359e-06 4.56386e-06 5.16603e-06 5.16178e-06 4.31354e-06 2.85359e-06 1.45156e-06 5.72799e-07 1.83653e-07 5.10028e-08 1.27804e-08 2.87775e-09 5.63915e-10 9.1532e-11 1.11149e-11 7.23583e-13 0 
0 4.06033e-12 3.3148e-11 1.43511e-10 4.61342e-10 1.22163e-09 2.78798e-09 5.61538e-09 1.0124e-08 1.6494e-08 2.44574e-08 3.3214e-08 4.15793e-08 4.83728e-08 5.29315e-08 5.55696e-08 5.78653e-08 6.27907e-08 7.48099e-08 1.00002e-07 1.45911e-07 2.20204e-07 3.26734e-07 4.58605e-07 5.91855e-07 6.87934e-07 7.08941e-07 6.37025e-07 4.8794e-07 3.11066e-07 1.62985e-07 7.07122e-08 2.60017e-08 8.29474e-09 2.31762e-09 5.63915e-10 1.17297e-10 2.0047e-11 2.55138e-12 1.7341e-13 0 
0 6.20574e-13 4.94046e-12 2.08793e-11 6.56161e-11 1.70169e-10 3.81168e-10 7.55299e-10 1.3431e-09 2.16395e-09 3.18202e-09 4.29806e-09 5.36949e-09 6.25964e-09 6.90253e-09 7.36327e-09 7.88003e-09 8.88792e-09 1.10326e-08 1.51649e-08 2.22589e-08 3.31322e-08 4.78462e-08 6.48653e-08 8.05272e-08 8.97576e-08 8.8404e-08 7.59246e-08 5.62106e-08 3.55566e-08 1.91475e-08 8.80581e-09 3.48467e-09 1.19473e-09 3.55689e-10 9.1532e-11 2.0047e-11 3.59664e-12 4.79151e-13 3.3988e-14 0 
0 7.24822e-14 5.63448e-13 2.32754e-12 7.15973e-12 1.82063e-11 4.00661e-11 7.81729e-11 1.37199e-10 2.18721e-10 3.19088e-10 4.28868e-10 5.34963e-10 6.25446e-10 6.95929e-10 7.55691e-10 8.3227e-10 9.74213e-10 1.25181e-09 1.7534e-09 2.57044e-09 3.76079e-09 5.28588e-09 6.94154e-09 8.34064e-09 9.01722e-09 8.6525e-09 7.28934e-09 5.34826e-09 3.4002e-09 1.86947e-09 8.89695e-10 3.67403e-10 1.31936e-10 4.11876e-11 1.11149e-11 2.55138e-12 4.79151e-13 6.66955e-14 4.93208e-15 0 
0 4.61621e-15 3.50859e-14 1.41857e-13 4.27677e-13 1.06762e-12 2.31078e-12 4.44346e-12 7.70314e-12 1.21591e-11 1.76096e-11 2.35652e-11 2.93716e-11 3.44739e-11 3.87631e-11 4.2919e-11 4.8676e-11 5.89726e-11 7.79181e-11 1.10378e-10 1.60795e-10 2.30838e-10 3.16073e-10 4.03195e-10 4.70823e-10 4.96314e-10 4.66974e-10 3.88669e-10 2.84295e-10 1.81991e-10 1.01758e-10 4.96848e-11 2.11968e-11 7.90288e-12 2.56969e-12 7.23583e-13 1.7341e-13 3.3988e-14 4.93208e-15 3.79628e-16 0 
0 0 0 0 0 0 0 0 0 0 0 0 0 0 0 0 0 0 0 0 0 0 0 0 0 0 0 0 0 0 0 0 0 0 0 0 0 0 0 0 0 
