0 0 0 0 0 0 0 0 0 0 0 0 0 0 0 0 0 0 0 0 0 0 0 0 0 0 0 0 0 0 0 0 0 0 0 0 0 0 0 0 0 
0 1.22268e-07 1.11627e-06 5.15977e-06 1.67522e-05 4.22727e-05 8.71977e-05 0.000152393 0.000232628 0.000318486 0.000399763 0.000468037 0.00051764 0.00054556 0.00055094 0.000534598 0.000498705 0.000446619 0.000382763 0.000312442 0.000241455 0.000175425 0.000118932 7.46954e-05 4.31803e-05 2.28626e-05 1.10524e-05 4.87226e-06 1.95909e-06 7.19381e-07 2.41606e-07 7.43062e-08 2.09305e-08 5.39026e-09 1.26282e-09 2.66295e-10 4.94857e-11 7.75761e-12 9.2539e-13 5.99781e-14 0 
0 1.11627e-06 1.05657e-05 4.9668e-05 0.000159219 0.000383348 0.000732102 0.00116318 0.0016083 0.00201131 0.00234238 0.0025917 0.0027591 0.00284778 0.00286182 0.00280558 0.00268358 0.00250046 0.00226142 0.00197337 0.00164729 0.00130079 0.000959016 0.000651151 0.000402145 0.000223819 0.000111703 4.9961e-05 2.00822e-05 7.28785e-06 2.39951e-06 7.19672e-07 1.9708e-07 4.92681e-08 1.11998e-08 2.29239e-09 4.13842e-10 6.30998e-11 7.33114e-12 4.63479e-13 0 
0 5.15977e-06 4.9668e-05 0.00022898 0.000684027 0.00146135 0.00241298 0.00333294 0.00411753 0.00475699 0.00526679 0.00565522 0.00592196 0.00606479 0.00608455 0.00598724 0.00578373 0.00548791 0.00511366 0.00467106 0.00416341 0.00358794 0.00294456 0.00225328 0.00156902 0.000971894 0.00052733 0.00024933 0.00010316 3.77154e-05 1.23201e-05 3.63005e-06 9.70926e-07 2.36347e-07 5.22497e-08 1.03993e-08 1.82664e-09 2.71275e-10 3.07391e-11 1.89809e-12 0 
0 1.67522e-05 0.000159219 0.000684027 0.00178316 0.00321733 0.00458642 0.00576739 0.00680855 0.00773968 0.00854498 0.00919128 0.00964827 0.00989706 0.00993284 0.00976469 0.00941386 0.00891103 0.00829268 0.00759646 0.0068551 0.00608771 0.00529022 0.00443365 0.00348881 0.00248348 0.00153969 0.000810474 0.000360236 0.000136749 4.51862e-05 1.32368e-05 3.48401e-06 8.29943e-07 1.79076e-07 3.47552e-08 5.95384e-09 8.63013e-10 9.55548e-11 5.77304e-12 0 
0 4.22727e-05 0.000383348 0.00146135 0.00321733 0.00502645 0.00665753 0.00821206 0.00972421 0.01114 0.0123829 0.0133842 0.014093 0.0144794 0.0145363 0.0142775 0.0137355 0.0129574 0.0119997 0.0109238 0.00979048 0.00865403 0.00755352 0.00649662 0.00544123 0.00430693 0.00306585 0.00185848 0.000926426 0.000378863 0.000129922 3.84535e-05 1.00595e-05 2.3603e-06 4.99356e-07 9.48418e-08 1.58921e-08 2.25409e-09 2.44427e-10 1.44787e-11 0 
0 8.71977e-05 0.000732102 0.00241298 0.00458642 0.00665753 0.00871716 0.010843 0.012958 0.0149428 0.0166835 0.0180844 0.0190754 0.0196157 0.0196956 0.0193346 0.0185776 0.0174897 0.016149 0.0146401 0.0130469 0.0114478 0.00991008 0.00848249 0.007177 0.00593673 0.00463438 0.00320281 0.00182894 0.000832096 0.0003044 9.2741e-05 2.43957e-05 5.68016e-06 1.18444e-06 2.21029e-07 3.6347e-08 5.05904e-09 5.38635e-10 3.13547e-11 0 
0 0.000152393 0.00116318 0.00333294 0.00576739 0.00821206 0.010843 0.0136115 0.0163673 0.0189504 0.0212138 0.0230343 0.0243215 0.025023 0.0251263 0.0246568 0.0236728 0.0222585 0.0205148 0.0185505 0.0164738 0.0143852 0.0123717 0.0105035 0.0088269 0.00734221 0.00595768 0.00449509 0.00290514 0.00149164 0.00059511 0.000190025 5.08664e-05 1.18434e-05 2.4472e-06 4.50549e-07 7.29618e-08 9.99559e-09 1.04772e-09 6.00815e-11 0 
0 0.000232628 0.0016083 0.00411753 0.00680855 0.00972421 0.012958 0.0163673 0.0197577 0.0229337 0.0257152 0.0279514 0.0295317 0.030392 0.0305174 0.0299391 0.0287289 0.0269899 0.0248457 0.0224296 0.0198738 0.0173006 0.0148157 0.0125046 0.0104298 0.00862302 0.00705091 0.005556 0.00392848 0.00225843 0.000992517 0.000336627 9.26464e-05 2.17235e-05 4.47038e-06 8.15221e-07 1.30445e-07 1.76424e-08 1.82553e-09 1.03382e-10 0 
0 0.000318486 0.00201131 0.00475699 0.00773968 0.01114 0.0149428 0.0189504 0.0229337 0.0266636 0.0299288 0.0325527 0.0344058 0.0354135 0.0355581 0.0348765 0.0334535 0.03141 0.0288909 0.0260524 0.0230489 0.0200234 0.0170993 0.0143755 0.011925 0.00979306 0.00798122 0.00638758 0.00476867 0.00300006 0.00144675 0.000524209 0.000149351 3.54584e-05 7.29773e-06 1.32286e-06 2.09812e-07 2.80948e-08 2.87742e-09 1.61321e-10 0 
0 0.000399763 0.00234238 0.00526679 0.00854498 0.0123829 0.0166835 0.0212138 0.0257152 0.0299288 0.0336161 0.0365779 0.0386687 0.039804 0.0399638 0.0391898 0.0375785 0.0352673 0.0324199 0.0292119 0.0258174 0.0223974 0.0190904 0.0160074 0.0132297 0.0108093 0.00876382 0.00703378 0.0054031 0.00362248 0.00189007 0.000729752 0.000215694 5.20103e-05 1.07381e-05 1.94047e-06 3.05917e-07 4.06655e-08 4.1329e-09 2.2994e-10 0 
0 0.000468037 0.0025917 0.00565522 0.00919128 0.0133842 0.0180844 0.0230343 0.0279514 0.0325527 0.0365779 0.03981 0.0420894 0.043324 0.0434933 0.0426442 0.0408806 0.038353 0.0352409 0.0317361 0.0280281 0.0242922 0.0206791 0.0173093 0.0142706 0.0116193 0.00937977 0.00751715 0.00585261 0.00408761 0.00226458 0.000923024 0.000282278 6.91587e-05 1.43474e-05 2.59031e-06 4.06877e-07 5.38236e-08 5.44121e-09 3.01115e-10 0 
0 0.00051764 0.0027591 0.00592196 0.00964827 0.014093 0.0190754 0.0243215 0.0295317 0.0344058 0.0386687 0.0420894 0.044496 0.0457924 0.0459644 0.0450638 0.0431955 0.0405149 0.0372145 0.0334996 0.0295708 0.0256128 0.021785 0.0182145 0.0149934 0.0121808 0.00980392 0.00784036 0.00613966 0.00439283 0.00253513 0.00107611 0.000338251 8.40301e-05 1.75226e-05 3.16536e-06 4.96387e-07 6.54912e-08 6.60071e-09 3.64156e-10 0 
0 0.00054556 0.00284778 0.00606479 0.00989706 0.0144794 0.0196157 0.025023 0.030392 0.0354135 0.039804 0.043324 0.0457924 0.0471135 0.047282 0.0463537 0.0444301 0.0416662 0.0382618 0.0344317 0.0303829 0.0263053 0.0223624 0.0186847 0.0153668 0.0124687 0.0100187 0.00800012 0.00627879 0.00454856 0.00268727 0.0011698 0.000374456 9.39616e-05 1.9682e-05 3.56091e-06 5.58473e-07 7.36421e-08 7.41636e-09 4.08824e-10 0 
0 0.00055094 0.00286182 0.00608455 0.00993284 0.0145363 0.0196956 0.0251263 0.0305174 0.0355581 0.0399638 0.0434933 0.0459644 0.047282 0.0474434 0.0465054 0.044569 0.0417888 0.0383662 0.0345178 0.0304515 0.0263579 0.0224009 0.018711 0.0153826 0.0124759 0.0100188 0.00799603 0.00627924 0.0045667 0.00272006 0.00119562 0.000385785 9.73226e-05 2.04553e-05 3.70937e-06 5.82798e-07 7.6972e-08 7.76385e-09 4.28686e-10 0 
0 0.000534598 0.00280558 0.00598724 0.00976469 0.0142775 0.0193346 0.0246568 0.0299391 0.0348765 0.0391898 0.0426442 0.0450638 0.0463537 0.0465054 0.0455739 0.0436634 0.0409301 0.0375712 0.0337968 0.0298107 0.0257996 0.021924 0.0183117 0.0150551 0.0122124 0.00981097 0.00783356 0.00614832 0.00445725 0.00264047 0.00115531 0.000372159 9.39767e-05 1.98023e-05 3.60299e-06 5.68231e-07 7.53545e-08 7.63357e-09 4.23415e-10 0 
0 0.000498705 0.00268358 0.00578373 0.00941386 0.0137355 0.0185776 0.0236728 0.0287289 0.0334535 0.0375785 0.0408806 0.0431955 0.0444301 0.044569 0.0436634 0.0418199 0.0391936 0.035972 0.0323541 0.0285348 0.0246936 0.0209843 0.0175292 0.0144166 0.0117026 0.00941224 0.00752326 0.00589247 0.00422856 0.00246151 0.00105944 0.000338216 8.52591e-05 1.80172e-05 3.29574e-06 5.23233e-07 6.99018e-08 7.13735e-09 3.9918e-10 0 
0 0.000446619 0.00250046 0.00548791 0.00891103 0.0129574 0.0174897 0.0222585 0.0269899 0.03141 0.0352673 0.038353 0.0405149 0.0416662 0.0417888 0.0409301 0.0391936 0.0367266 0.0337035 0.03031 0.0267293 0.0231299 0.0196563 0.0164231 0.0135136 0.0109804 0.00884571 0.00707763 0.0055166 0.00388984 0.0022033 0.000925903 0.000292055 7.35432e-05 1.56299e-05 2.88565e-06 4.63256e-07 6.26463e-08 6.47857e-09 3.67101e-10 0 
0 0.000382763 0.00226142 0.00511366 0.00829268 0.0119997 0.016149 0.0205148 0.0248457 0.0288909 0.0324199 0.0352409 0.0372145 0.0382618 0.0383662 0.0375712 0.035972 0.0337035 0.0309252 0.0278078 0.0245196 0.0212156 0.0180287 0.0150646 0.0124004 0.010085 0.00813575 0.00650679 0.00502401 0.00345633 0.00189551 0.000777802 0.000243421 6.16101e-05 1.32595e-05 2.48813e-06 4.06658e-07 5.602e-08 5.90154e-09 3.40514e-10 0 
0 0.000312442 0.00197337 0.00467106 0.00759646 0.0109238 0.0146401 0.0185505 0.0224296 0.0260524 0.0292119 0.0317361 0.0334996 0.0344317 0.0345178 0.0337968 0.0323541 0.03031 0.0278078 0.0250007 0.0220402 0.0190655 0.0161964 0.0135289 0.0111334 0.00905463 0.0073023 0.00581512 0.00442062 0.00295712 0.00157817 0.000640348 0.000201851 5.20775e-05 1.14866e-05 2.21227e-06 3.70931e-07 5.23471e-08 5.63866e-09 3.31951e-10 0 
0 0.000241455 0.00164729 0.00416341 0.0068551 0.00979048 0.0130469 0.0164738 0.0198738 0.0230489 0.0258174 0.0280281 0.0295708 0.0303829 0.0304515 0.0298107 0.0285348 0.0267293 0.0245196 0.0220402 0.0194237 0.0167927 0.0142527 0.0118894 0.00976621 0.00792184 0.00635695 0.00500443 0.00372685 0.00244144 0.00129739 0.000536771 0.000175307 4.70824e-05 1.07863e-05 2.14735e-06 3.70206e-07 5.34523e-08 5.86452e-09 3.50272e-10 0 
0 0.000175425 0.00130079 0.00358794 0.00608771 0.00865403 0.0114478 0.0143852 0.0173006 0.0200234 0.0223974 0.0242922 0.0256128 0.0263053 0.0263579 0.0257996 0.0246936 0.0231299 0.0212156 0.0190655 0.0167927 0.0145018 0.012284 0.0102134 0.00834531 0.00671141 0.00530928 0.00409443 0.00299554 0.00197292 0.00109294 0.000483699 0.000169478 4.82196e-05 1.15141e-05 2.3565e-06 4.13439e-07 6.03135e-08 6.6518e-09 3.97893e-10 0 
0 0.000118932 0.000959016 0.00294456 0.00529022 0.00755352 0.00991008 0.0123717 0.0148157 0.0170993 0.0190904 0.0206791 0.021785 0.0223624 0.0224009 0.021924 0.0209843 0.0196563 0.0180287 0.0161964 0.0142527 0.012284 0.0103655 0.00855888 0.00691139 0.00545608 0.00421377 0.00318535 0.00233677 0.00161108 0.000979201 0.00048505 0.000186865 5.64343e-05 1.38687e-05 2.86391e-06 5.01446e-07 7.25874e-08 7.92055e-09 4.68097e-10 0 
0 7.46954e-05 0.000651151 0.00225328 0.00443365 0.00649662 0.00848249 0.0105035 0.0125046 0.0143755 0.0160074 0.0173093 0.0182145 0.0186847 0.018711 0.0183117 0.0175292 0.0164231 0.0150646 0.0135289 0.0118894 0.0102134 0.00855888 0.00697617 0.00552159 0.00428148 0.00334113 0.00266635 0.00209398 0.00152042 0.000982076 0.000535017 0.000225793 7.15833e-05 1.77517e-05 3.62208e-06 6.21574e-07 8.79951e-08 9.39245e-09 5.43591e-10 0 
0 4.31803e-05 0.000402145 0.00156902 0.00348881 0.00544123 0.007177 0.0088269 0.0104298 0.011925 0.0132297 0.0142706 0.0149934 0.0153668 0.0153826 0.0150551 0.0144166 0.0135136 0.0124004 0.0111334 0.00976621 0.00834531 0.00691139 0.00552159 0.00432399 0.00360988 0.00357882 0.00387352 0.00368293 0.00270425 0.00152319 0.000718082 0.000292309 9.29059e-05 2.26276e-05 4.47302e-06 7.42834e-07 1.02039e-07 1.06003e-08 5.98836e-10 0 
0 2.28626e-05 0.000223819 0.000971894 0.00248348 0.00430693 0.00593673 0.00734221 0.00862302 0.00979306 0.0108093 0.0116193 0.0121808 0.0124687 0.0124759 0.0122124 0.0117026 0.0109804 0.010085 0.00905463 0.00792184 0.00671141 0.00545608 0.00428148 0.00360988 0.00425102 0.00670252 0.0096707 0.0103071 0.00761429 0.00387564 0.00142826 0.000442835 0.000122752 2.7709e-05 5.15978e-06 8.19854e-07 1.08955e-07 1.10181e-08 6.08298e-10 0 
0 1.10524e-05 0.000111703 0.00052733 0.00153969 0.00306585 0.00463438 0.00595768 0.00705091 0.00798122 0.00876382 0.00937977 0.00980392 0.0100187 0.0100188 0.00981097 0.00941224 0.00884571 0.00813575 0.0073023 0.00635695 0.00530928 0.00421377 0.00334113 0.00357882 0.00670252 0.0139106 0.0222816 0.0249247 0.0179906 0.0089436 0.00302748 0.000756129 0.000165378 3.20642e-05 5.40975e-06 8.11331e-07 1.04294e-07 1.03072e-08 5.58653e-10 0 
0 4.87226e-06 4.9961e-05 0.00024933 0.000810474 0.00185848 0.00320281 0.00449509 0.005556 0.00638758 0.00703378 0.00751715 0.00784036 0.00800012 0.00799603 0.00783356 0.00752326 0.00707763 0.00650679 0.00581512 0.00500443 0.00409443 0.00318535 0.00266635 0.00387352 0.0096707 0.0222816 0.0361608 0.039192 0.0300497 0.0146555 0.00485292 0.00111761 0.000205795 3.36638e-05 5.02143e-06 7.04068e-07 8.78034e-08 8.53895e-09 4.57528e-10 0 
0 1.95909e-06 2.00822e-05 0.00010316 0.000360236 0.000926426 0.00182894 0.00290514 0.00392848 0.00476867 0.0054031 0.00585261 0.00613966 0.00627879 0.00627924 0.00614832 0.00589247 0.0055166 0.00502401 0.00442062 0.00372685 0.00299554 0.00233677 0.00209398 0.00368293 0.0103071 0.0249247 0.039192 0.0414215 0.0337835 0.0162914 0.00534477 0.00120138 0.000204474 2.96428e-05 3.97201e-06 5.24962e-07 6.41197e-08 6.19581e-09 3.31031e-10 0 
0 7.19381e-07 7.28785e-06 3.77154e-05 0.000136749 0.000378863 0.000832096 0.00149164 0.00225843 0.00300006 0.00362248 0.00408761 0.00439283 0.00454856 0.0045667 0.00445725 0.00422856 0.00388984 0.00345633 0.00295712 0.00244144 0.00197292 0.00161108 0.00152042 0.00270425 0.00761429 0.0179906 0.0300497 0.0337835 0.0244317 0.012028 0.00395965 0.000888914 0.000148231 2.02888e-05 2.56697e-06 3.30233e-07 4.02418e-08 3.91085e-09 2.10345e-10 0 
0 2.41606e-07 2.39951e-06 1.23201e-05 4.51862e-05 0.000129922 0.0003044 0.00059511 0.000992517 0.00144675 0.00189007 0.00226458 0.00253513 0.00268727 0.00272006 0.00264047 0.00246151 0.0022033 0.00189551 0.00157817 0.00129739 0.00109294 0.000979201 0.000982076 0.00152319 0.00387564 0.0089436 0.0146555 0.0162914 0.012028 0.00594455 0.00196691 0.000449097 7.5948e-05 1.03669e-05 1.32148e-06 1.73571e-07 2.16183e-08 2.14087e-09 1.17022e-10 0 
0 7.43062e-08 7.19672e-07 3.63005e-06 1.32368e-05 3.84535e-05 9.2741e-05 0.000190025 0.000336627 0.000524209 0.000729752 0.000923024 0.00107611 0.0011698 0.00119562 0.00115531 0.00105944 0.000925903 0.000777802 0.000640348 0.000536771 0.000483699 0.00048505 0.000535017 0.000718082 0.00142826 0.00302748 0.00485292 0.00534477 0.00395965 0.00196691 0.000662736 0.00015704 2.75867e-05 3.96219e-06 5.44661e-07 7.65242e-08 9.95545e-09 1.01631e-09 5.69428e-11 0 
0 2.09305e-08 1.9708e-07 9.70926e-07 3.48401e-06 1.00595e-05 2.43957e-05 5.08664e-05 9.26464e-05 0.000149351 0.000215694 0.000282278 0.000338251 0.000374456 0.000385785 0.000372159 0.000338216 0.000292055 0.000243421 0.000201851 0.000175307 0.000169478 0.000186865 0.000225793 0.000292309 0.000442835 0.000756129 0.00111761 0.00120138 0.000888914 0.000449097 0.00015704 3.91038e-05 7.36037e-06 1.18393e-06 1.8579e-07 2.87114e-08 3.94983e-09 4.1909e-10 2.42372e-11 0 
0 5.39026e-09 4.92681e-08 2.36347e-07 8.29943e-07 2.3603e-06 5.68016e-06 1.18434e-05 2.17235e-05 3.54584e-05 5.20103e-05 6.91587e-05 8.40301e-05 9.39616e-05 9.73226e-05 9.39767e-05 8.52591e-05 7.35432e-05 6.16101e-05 5.20775e-05 4.70824e-05 4.82196e-05 5.64343e-05 7.15833e-05 9.29059e-05 0.000122752 0.000165378 0.000205795 0.000204474 0.000148231 7.5948e-05 2.75867e-05 7.36037e-06 1.56617e-06 2.9866e-07 5.46725e-08 9.30459e-09 1.35695e-09 1.50365e-10 9.02241e-12 0 
0 1.26282e-09 1.11998e-08 5.22497e-08 1.79076e-07 4.99356e-07 1.18444e-06 2.4472e-06 4.47038e-06 7.29773e-06 1.07381e-05 1.43474e-05 1.75226e-05 1.9682e-05 2.04553e-05 1.98023e-05 1.80172e-05 1.56299e-05 1.32595e-05 1.14866e-05 1.07863e-05 1.15141e-05 1.38687e-05 1.77517e-05 2.26276e-05 2.7709e-05 3.20642e-05 3.36638e-05 2.96428e-05 2.02888e-05 1.03669e-05 3.96219e-06 1.18393e-06 2.9866e-07 6.80856e-08 1.42087e-08 2.62215e-09 4.04404e-10 4.69145e-11 2.93071e-12 0 
0 2.66295e-10 2.29239e-09 1.03993e-08 3.47552e-08 9.48418e-08 2.21029e-07 4.50549e-07 8.15221e-07 1.32286e-06 1.94047e-06 2.59031e-06 3.16536e-06 3.56091e-06 3.70937e-06 3.60299e-06 3.29574e-06 2.88565e-06 2.48813e-06 2.21227e-06 2.14735e-06 2.3565e-06 2.86391e-06 3.62208e-06 4.47302e-06 5.15978e-06 5.40975e-06 5.02143e-06 3.97201e-06 2.56697e-06 1.32148e-06 5.44661e-07 1.8579e-07 5.46725e-08 1.42087e-08 3.25028e-09 6.40263e-10 1.04115e-10 1.26564e-11 8.24712e-13 0 
0 4.94857e-11 4.13842e-10 1.82664e-09 5.95384e-09 1.58921e-08 3.6347e-08 7.29618e-08 1.30445e-07 2.09812e-07 3.05917e-07 4.06877e-07 4.96387e-07 5.58473e-07 5.82798e-07 5.68231e-07 5.23233e-07 4.63256e-07 4.06658e-07 3.70931e-07 3.70206e-07 4.13439e-07 5.01446e-07 6.21574e-07 7.42834e-07 8.19854e-07 8.11331e-07 7.04068e-07 5.24962e-07 3.30233e-07 1.73571e-07 7.65242e-08 2.87114e-08 9.30459e-09 2.62215e-09 6.40263e-10 1.33359e-10 2.28094e-11 2.9049e-12 1.97576e-13 0 
0 7.75761e-12 6.30998e-11 2.71275e-10 8.63013e-10 2.25409e-09 5.05904e-09 9.99559e-09 1.76424e-08 2.80948e-08 4.06655e-08 5.38236e-08 6.54912e-08 7.36421e-08 7.6972e-08 7.53545e-08 6.99018e-08 6.26463e-08 5.602e-08 5.23471e-08 5.34523e-08 6.03135e-08 7.25874e-08 8.79951e-08 1.02039e-07 1.08955e-07 1.04294e-07 8.78034e-08 6.41197e-08 4.02418e-08 2.16183e-08 9.95545e-09 3.94983e-09 1.35695e-09 4.04404e-10 1.04115e-10 2.28094e-11 4.09359e-12 5.45579e-13 3.87189e-14 0 
0 9.2539e-13 7.33114e-12 3.07391e-11 9.55548e-11 2.44427e-10 5.38635e-10 1.04772e-09 1.82553e-09 2.87742e-09 4.1329e-09 5.44121e-09 6.60071e-09 7.41636e-09 7.76385e-09 7.63357e-09 7.13735e-09 6.47857e-09 5.90154e-09 5.63866e-09 5.86452e-09 6.6518e-09 7.92055e-09 9.39245e-09 1.06003e-08 1.10181e-08 1.03072e-08 8.53895e-09 6.19581e-09 3.91085e-09 2.14087e-09 1.01631e-09 4.1909e-10 1.50365e-10 4.69145e-11 1.26564e-11 2.9049e-12 5.45579e-13 7.59573e-14 5.61872e-15 0 
0 5.99781e-14 4.63479e-13 1.89809e-12 5.77304e-12 1.44787e-11 3.13547e-11 6.00815e-11 1.03382e-10 1.61321e-10 2.2994e-10 3.01115e-10 3.64156e-10 4.08824e-10 4.28686e-10 4.23415e-10 3.9918e-10 3.67101e-10 3.40514e-10 3.31951e-10 3.50272e-10 3.97893e-10 4.68097e-10 5.43591e-10 5.98836e-10 6.08298e-10 5.58653e-10 4.57528e-10 3.31031e-10 2.10345e-10 1.17022e-10 5.69428e-11 2.42372e-11 9.02241e-12 2.93071e-12 8.24712e-13 1.97576e-13 3.87189e-14 5.61872e-15 4.32544e-16 0 
0 0 0 0 0 0 0 0 0 0 0 0 0 0 0 0 0 0 0 0 0 0 0 0 0 0 0 0 0 0 0 0 0 0 0 0 0 0 0 0 0 
