0 0 0 0 0 0 0 0 0 0 0 0 0 0 0 0 0 0 0 0 0 0 0 0 0 0 0 0 0 0 0 0 0 0 0 0 0 0 0 0 0 
0 6.33809e-10 6.01813e-09 3.01183e-08 1.10919e-07 3.32614e-07 8.47874e-07 1.87817e-06 3.66246e-06 6.34215e-06 9.81827e-06 1.36653e-05 1.71847e-05 1.96103e-05 2.03813e-05 1.93485e-05 1.68142e-05 1.33963e-05 9.79554e-06 6.57903e-06 4.06183e-06 2.30733e-06 1.2074e-06 5.82916e-07 2.60122e-07 1.07515e-07 4.12504e-08 1.47231e-08 4.89812e-09 1.52122e-09 4.41446e-10 1.19689e-10 3.02751e-11 7.11881e-12 1.54534e-12 3.05846e-13 5.39377e-14 8.10071e-15 9.33236e-16 5.88145e-17 0 
0 6.01813e-09 5.93697e-08 3.08597e-07 1.17846e-06 3.65394e-06 9.59402e-06 2.17897e-05 4.33456e-05 7.61841e-05 0.00011915 0.000166885 0.000210575 0.000240632 0.000250121 0.000237256 0.000205817 0.000163474 0.000118942 7.92937e-05 4.84488e-05 2.71492e-05 1.39692e-05 6.61111e-06 2.8842e-06 1.16286e-06 4.34463e-07 1.50822e-07 4.87669e-08 1.47161e-08 4.14979e-09 1.09379e-09 2.69148e-10 6.16202e-11 1.30376e-11 2.51786e-12 4.33807e-13 6.37297e-14 7.19066e-15 4.44388e-16 0 
0 3.01183e-08 3.08597e-07 1.66529e-06 6.58863e-06 2.10902e-05 5.68878e-05 0.000131936 0.000266253 0.00047169 0.000739541 0.00103449 0.00130138 0.00148291 0.00153936 0.00146126 0.00127076 0.00101251 0.00073847 0.000492382 0.000299849 0.000166759 8.47775e-05 3.94752e-05 1.68816e-05 6.65198e-06 2.42343e-06 8.19054e-07 2.57589e-07 7.5574e-08 2.07205e-08 5.31228e-09 1.27237e-09 2.83811e-10 5.85681e-11 1.10453e-11 1.86071e-12 2.67628e-13 2.96035e-14 1.79596e-15 0 
0 1.10919e-07 1.17846e-06 6.58863e-06 2.69307e-05 8.86226e-05 0.00024405 0.000572881 0.00115906 0.00204032 0.00315738 0.00434581 0.00538448 0.00607018 0.00627655 0.00597952 0.00525376 0.00424885 0.00315048 0.00213227 0.00131238 0.000733155 0.000371843 0.000171605 7.23258e-05 2.7962e-05 9.96225e-06 3.28528e-06 1.00674e-06 2.87605e-07 7.67717e-08 1.91689e-08 4.47434e-09 9.73505e-10 1.96175e-10 3.61714e-11 5.96544e-12 8.41129e-13 9.13364e-14 5.44728e-15 0 
0 3.32614e-07 3.65394e-06 2.10902e-05 8.86226e-05 0.000297661 0.000827944 0.00193723 0.00385128 0.00657944 0.00980845 0.0129981 0.0155997 0.017223 0.017681 0.0169652 0.0152123 0.0126859 0.00975824 0.00685661 0.0043616 0.00249685 0.00128406 0.000594582 0.000249168 9.51101e-05 3.3288e-05 1.07477e-05 3.21794e-06 8.97202e-07 2.33647e-07 5.69224e-08 1.29713e-08 2.75756e-09 5.43532e-10 9.81461e-11 1.58728e-11 2.19777e-12 2.34697e-13 1.37861e-14 0 
0 8.47874e-07 9.59402e-06 5.68878e-05 0.00024405 0.000827944 0.00228971 0.00522307 0.00992605 0.0159847 0.0223706 0.0280011 0.0321684 0.0345764 0.0351836 0.0340644 0.0313526 0.0272569 0.0221259 0.016514 0.0111471 0.00671348 0.00358223 0.0016945 0.000715255 0.000271987 9.41008e-05 2.98825e-05 8.77289e-06 2.39436e-06 6.09918e-07 1.45337e-07 3.24066e-08 6.74623e-09 1.30343e-09 2.30985e-10 3.6711e-11 5.00257e-12 5.26577e-13 3.05395e-14 0 
0 1.87817e-06 2.17897e-05 0.000131936 0.000572881 0.00193723 0.00522307 0.0113209 0.0200136 0.0297276 0.038613 0.0455723 0.0502965 0.052853 0.0533978 0.0520736 0.0489885 0.0442255 0.0378975 0.0302925 0.0220755 0.0143235 0.008132 0.00401682 0.00173647 0.000665487 0.000229404 7.20527e-05 2.08307e-05 5.58508e-06 1.39603e-06 3.2632e-07 7.13932e-08 1.45926e-08 2.77095e-09 4.83192e-10 7.56725e-11 1.01772e-11 1.05914e-12 6.08492e-14 0 
0 3.66246e-06 4.33456e-05 0.000266253 0.00115906 0.00385128 0.00992605 0.0200136 0.0324421 0.0444058 0.0541409 0.0612593 0.0659409 0.0684142 0.0688516 0.0673963 0.0641774 0.0592893 0.0527604 0.0445864 0.0349519 0.0246381 0.0151477 0.0079743 0.00359392 0.00140649 0.000487474 0.0001524 4.35967e-05 1.1529e-05 2.83784e-06 6.52882e-07 1.40607e-07 2.83082e-08 5.29992e-09 9.12399e-10 1.4129e-10 1.88238e-11 1.94473e-12 1.11182e-13 0 
0 6.34215e-06 7.61841e-05 0.00047169 0.00204032 0.00657944 0.0159847 0.0297276 0.0444058 0.0570343 0.0667878 0.0739016 0.0786532 0.0811787 0.0815699 0.0799512 0.0764948 0.0713874 0.0647578 0.0565953 0.0467761 0.035433 0.0236343 0.0134134 0.00639355 0.00258693 0.00090974 0.000284963 8.10706e-05 2.1236e-05 5.16774e-06 1.17459e-06 2.49945e-07 4.9755e-08 9.22092e-09 1.57377e-09 2.4208e-10 3.21114e-11 3.31215e-12 1.89652e-13 0 
0 9.81827e-06 0.00011915 0.000739541 0.00315738 0.00980845 0.0223706 0.038613 0.0541409 0.0667878 0.0765942 0.0839454 0.0889697 0.0916644 0.0920536 0.0902533 0.086473 0.0809811 0.0740338 0.0657628 0.0560602 0.0446796 0.0319209 0.0195054 0.00989779 0.00417672 0.00150174 0.000474154 0.000134819 3.51363e-05 8.48929e-06 1.91452e-06 4.04337e-07 7.996e-08 1.4744e-08 2.50892e-09 3.85787e-10 5.13181e-11 5.32772e-12 3.08311e-13 0 
0 1.36653e-05 0.000166885 0.00103449 0.00434581 0.0129981 0.0280011 0.0455723 0.0612593 0.0739016 0.0839454 0.0916613 0.0970081 0.0998869 0.100286 0.0983212 0.0942295 0.0883322 0.080975 0.0724249 0.0627159 0.0515525 0.0387041 0.025168 0.01356 0.00598503 0.00221042 0.00070683 0.000201786 5.25627e-05 1.26692e-05 2.84943e-06 6.0061e-07 1.1873e-07 2.19359e-08 3.75151e-09 5.81922e-10 7.84254e-11 8.28753e-12 4.90451e-13 0 
0 1.71847e-05 0.000210575 0.00130138 0.00538448 0.0155997 0.0321684 0.0502965 0.0659409 0.0786532 0.0889697 0.0970081 0.102612 0.10563 0.106034 0.103944 0.0996135 0.0933963 0.0856904 0.0768506 0.0670401 0.0560525 0.043444 0.0295792 0.0167552 0.00771059 0.00292817 0.000951248 0.000273795 7.16378e-05 1.73239e-05 3.91136e-06 8.29093e-07 1.65283e-07 3.09089e-08 5.37456e-09 8.51904e-10 1.17925e-10 1.28597e-11 7.88107e-13 0 
0 1.96103e-05 0.000240632 0.00148291 0.00607018 0.017223 0.0345764 0.052853 0.0684142 0.0811787 0.0916644 0.0998869 0.10563 0.108719 0.109118 0.10695 0.10248 0.0960778 0.0881672 0.07915 0.0692701 0.0584182 0.0461158 0.0323529 0.0190099 0.00905166 0.00352724 0.00116619 0.000339862 8.98603e-05 2.1969e-05 5.02555e-06 1.08319e-06 2.20599e-07 4.23745e-08 7.6119e-09 1.25301e-09 1.80845e-10 2.06008e-11 1.31795e-12 0 
0 2.03813e-05 0.000250121 0.00153936 0.00627655 0.017681 0.0351836 0.0533978 0.0688516 0.0815699 0.0920536 0.100286 0.106034 0.109118 0.1095 0.107308 0.102806 0.0963685 0.0884282 0.0794022 0.0695702 0.0588826 0.0468898 0.0334329 0.0200939 0.00980482 0.00390671 0.00131684 0.00039075 0.000105304 2.63229e-05 6.18674e-06 1.3784e-06 2.92103e-07 5.87459e-08 1.10996e-08 1.92573e-09 2.92603e-10 3.4942e-11 2.32786e-12 0 
0 1.93485e-05 0.000237256 0.00146126 0.00597952 0.0169652 0.0340644 0.0520736 0.0673963 0.0799512 0.0902533 0.0983212 0.103944 0.10695 0.107308 0.10514 0.100711 0.0943868 0.0865918 0.077736 0.0680977 0.0576452 0.045974 0.0329391 0.0199978 0.00991064 0.00402776 0.00138958 0.000423735 0.000117992 3.06906e-05 7.56603e-06 1.78192e-06 4.0155e-07 8.61018e-08 1.73183e-08 3.18081e-09 5.07255e-10 6.293e-11 4.31e-12 0 
0 1.68142e-05 0.000205817 0.00127076 0.00525376 0.0152123 0.0313526 0.0489885 0.0641774 0.0764948 0.086473 0.0942295 0.0996135 0.10248 0.102806 0.100711 0.0964487 0.0903698 0.082876 0.0743491 0.0650359 0.054892 0.0435741 0.0310793 0.018876 0.0094494 0.00392409 0.00139884 0.000445517 0.000130998 3.6366e-05 9.65215e-06 2.45856e-06 5.98509e-07 1.37696e-07 2.939e-08 5.65353e-09 9.31845e-10 1.18054e-10 8.17307e-12 0 
0 1.33963e-05 0.000163474 0.00101251 0.00424885 0.0126859 0.0272569 0.0442255 0.0592893 0.0713874 0.0809811 0.0883322 0.0933963 0.0960778 0.0963685 0.0943868 0.0903698 0.0846427 0.0775711 0.069489 0.0605884 0.0508042 0.0399016 0.0281268 0.0170016 0.00860677 0.00368851 0.00138449 0.000472767 0.000151278 4.61378e-05 1.34763e-05 3.75213e-06 9.85131e-07 2.40362e-07 5.34842e-08 1.05615e-08 1.76429e-09 2.24268e-10 1.54616e-11 0 
0 9.79554e-06 0.000118942 0.00073847 0.00315048 0.00975824 0.0221259 0.0378975 0.0527604 0.0647578 0.0740338 0.080975 0.0856904 0.0881672 0.0884282 0.0865918 0.082876 0.0775711 0.0709926 0.0634089 0.0549503 0.045562 0.0352036 0.0244293 0.0147253 0.00762282 0.00344483 0.00140355 0.000531842 0.000190968 6.5233e-05 2.10534e-05 6.3447e-06 1.76298e-06 4.45948e-07 1.01135e-07 2.00884e-08 3.34287e-09 4.20398e-10 2.85406e-11 0 
0 6.57903e-06 7.92937e-05 0.000492382 0.00213227 0.00685661 0.016514 0.0302925 0.0445864 0.0565953 0.0657628 0.0724249 0.0768506 0.07915 0.0794022 0.077736 0.0743491 0.069489 0.0634089 0.0563078 0.0482806 0.0393664 0.0298092 0.0204115 0.0124208 0.00673268 0.00331713 0.00152248 0.000660477 0.000270528 0.000103361 3.62915e-05 1.15669e-05 3.31732e-06 8.49795e-07 1.92494e-07 3.78254e-08 6.18772e-09 7.61948e-10 5.05357e-11 0 
0 4.06183e-06 4.84488e-05 0.000299849 0.00131238 0.0043616 0.0111471 0.0220755 0.0349519 0.0467761 0.0560602 0.0627159 0.0670401 0.0692701 0.0695702 0.0680977 0.0650359 0.0605884 0.0549503 0.0482806 0.0407195 0.0325056 0.0241629 0.0165286 0.0104066 0.0061118 0.00340611 0.0018138 0.000913409 0.000425292 0.000178788 6.67351e-05 2.19467e-05 6.34831e-06 1.61444e-06 3.59347e-07 6.89582e-08 1.09794e-08 1.31392e-09 8.46676e-11 0 
0 2.30733e-06 2.71492e-05 0.000166759 0.000733155 0.00249685 0.00671348 0.0143235 0.0246381 0.035433 0.0446796 0.0515525 0.0560525 0.0584182 0.0588826 0.0576452 0.054892 0.0508042 0.045562 0.0393664 0.0325056 0.0254383 0.0187902 0.0131638 0.00887103 0.00584081 0.00377228 0.00235173 0.00136913 0.00071597 0.000325667 0.000126663 4.20668e-05 1.20259e-05 2.98432e-06 6.43957e-07 1.1946e-07 1.83754e-08 2.12592e-09 1.32625e-10 0 
0 1.2074e-06 1.39692e-05 8.47775e-05 0.000371843 0.00128406 0.00358223 0.008132 0.0151477 0.0236343 0.0319209 0.0387041 0.043444 0.0461158 0.0468898 0.045974 0.0435741 0.0399016 0.0352036 0.0298092 0.0241629 0.0187902 0.0141603 0.0105212 0.00784108 0.00589709 0.00442092 0.00320398 0.00214426 0.00125586 0.000614403 0.000245347 8.04346e-05 2.21766e-05 5.26463e-06 1.08662e-06 1.93239e-07 2.85681e-08 3.18534e-09 1.92059e-10 0 
0 5.82916e-07 6.61111e-06 3.94752e-05 0.000171605 0.000594582 0.0016945 0.00401682 0.0079743 0.0134134 0.0195054 0.025168 0.0295792 0.0323529 0.0334329 0.0329391 0.0310793 0.0281268 0.0244293 0.0204115 0.0165286 0.0131638 0.0105212 0.00859146 0.00721717 0.00620741 0.00540781 0.00463582 0.00365151 0.00242272 0.0012681 0.000508721 0.000158462 4.02482e-05 8.80063e-06 1.69975e-06 2.87011e-07 4.06396e-08 4.36298e-09 2.54323e-10 0 
0 2.60122e-07 2.8842e-06 1.68816e-05 7.23258e-05 0.000249168 0.000715255 0.00173647 0.00359392 0.00639355 0.00989779 0.01356 0.0167552 0.0190099 0.0200939 0.0199978 0.018876 0.0170016 0.0147253 0.0124208 0.0104066 0.00887103 0.00784108 0.00721717 0.00689521 0.00698811 0.00776704 0.00873324 0.00835454 0.0060531 0.00319351 0.00122211 0.000344244 7.55305e-05 1.42002e-05 2.45072e-06 3.85774e-07 5.21266e-08 5.39424e-09 3.047e-10 0 
0 1.07515e-07 1.16286e-06 6.65198e-06 2.7962e-05 9.51101e-05 0.000271987 0.000665487 0.00140649 0.00258693 0.00417672 0.00598503 0.00771059 0.00905166 0.00980482 0.00991064 0.0094494 0.00860677 0.00762282 0.00673268 0.0061118 0.00584081 0.00589709 0.00620741 0.00698811 0.00953639 0.01543 0.0223063 0.0237768 0.0175601 0.00890449 0.00315002 0.000794125 0.00014812 2.26914e-05 3.27698e-06 4.64564e-07 5.94823e-08 5.94835e-09 3.27012e-10 0 
0 4.12504e-08 4.34463e-07 2.42343e-06 9.96225e-06 3.3288e-05 9.41008e-05 0.000229404 0.000487474 0.00090974 0.00150174 0.00221042 0.00292817 0.00352724 0.00390671 0.00402776 0.00392409 0.00368851 0.00344483 0.00331713 0.00340611 0.00377228 0.00442092 0.00540781 0.00776704 0.01543 0.0320926 0.0510204 0.0560366 0.0414954 0.0206321 0.00695438 0.00162525 0.00027018 3.45631e-05 4.04791e-06 4.97144e-07 5.96819e-08 5.78811e-09 3.11603e-10 0 
0 1.47231e-08 1.50822e-07 8.19054e-07 3.28528e-06 1.07477e-05 2.98825e-05 7.20527e-05 0.0001524 0.000284963 0.000474154 0.00070683 0.000951248 0.00116619 0.00131684 0.00138958 0.00139884 0.00138449 0.00140355 0.00152248 0.0018138 0.00235173 0.00320398 0.00463582 0.00873324 0.0223063 0.0510204 0.0833335 0.0922449 0.0683547 0.0337979 0.0111891 0.00251821 0.000392861 4.4825e-05 4.41112e-06 4.65007e-07 5.20684e-08 4.92538e-09 2.61691e-10 0 
0 4.89812e-09 4.87669e-08 2.57589e-07 1.00674e-06 3.21794e-06 8.77289e-06 2.08307e-05 4.35967e-05 8.10706e-05 0.000134819 0.000201786 0.000273795 0.000339862 0.00039075 0.000423735 0.000445517 0.000472767 0.000531842 0.000660477 0.000913409 0.00136913 0.00214426 0.00365151 0.00835454 0.0237768 0.0560366 0.0922449 0.102337 0.075848 0.0374445 0.0123271 0.00273212 0.000413211 4.43991e-05 3.92457e-06 3.68481e-07 3.90278e-08 3.63953e-09 1.92636e-10 0 
0 1.52122e-09 1.47161e-08 7.5574e-08 2.87605e-07 8.97202e-07 2.39436e-06 5.58508e-06 1.1529e-05 2.1236e-05 3.51363e-05 5.25627e-05 7.16378e-05 8.98603e-05 0.000105304 0.000117992 0.000130998 0.000151278 0.000190968 0.000270528 0.000425292 0.00071597 0.00125586 0.00242272 0.0060531 0.0175601 0.0414954 0.0683547 0.075848 0.0562171 0.0277498 0.00912924 0.00201418 0.000300685 3.15222e-05 2.66824e-06 2.38909e-07 2.4858e-08 2.32459e-09 1.23866e-10 0 
0 4.41446e-10 4.14979e-09 2.07205e-08 7.67717e-08 2.33647e-07 6.09918e-07 1.39603e-06 2.83784e-06 5.16774e-06 8.48929e-06 1.26692e-05 1.73239e-05 2.1969e-05 2.63229e-05 3.06906e-05 3.6366e-05 4.61378e-05 6.5233e-05 0.000103361 0.000178788 0.000325667 0.000614403 0.0012681 0.00319351 0.00890449 0.0206321 0.0337979 0.0374445 0.0277498 0.0137127 0.00452193 0.000998364 0.000148785 1.5632e-05 1.34397e-06 1.24474e-07 1.33907e-08 1.28135e-09 6.94713e-11 0 
0 1.19689e-10 1.09379e-09 5.31228e-09 1.91689e-08 5.69224e-08 1.45337e-07 3.2632e-07 6.52882e-07 1.17459e-06 1.91452e-06 2.84943e-06 3.91136e-06 5.02555e-06 6.18674e-06 7.56603e-06 9.65215e-06 1.34763e-05 2.10534e-05 3.62915e-05 6.67351e-05 0.000126663 0.000245347 0.000508721 0.00122211 0.00315002 0.00695438 0.0111891 0.0123271 0.00912924 0.00452193 0.00149698 0.000331832 4.99592e-05 5.42489e-06 5.06295e-07 5.26821e-08 6.13067e-09 6.10485e-10 3.39913e-11 0 
0 3.02751e-11 2.69148e-10 1.27237e-09 4.47434e-09 1.29713e-08 3.24066e-08 7.13932e-08 1.40607e-07 2.49945e-07 4.04337e-07 6.0061e-07 8.29093e-07 1.08319e-06 1.3784e-06 1.78192e-06 2.45856e-06 3.75213e-06 6.3447e-06 1.15669e-05 2.19467e-05 4.20668e-05 8.04346e-05 0.000158462 0.000344244 0.000794125 0.00162525 0.00251821 0.00273212 0.00201418 0.000998364 0.000331832 7.43772e-05 1.1561e-05 1.36461e-06 1.5045e-07 1.87569e-08 2.41222e-09 2.52213e-10 1.45223e-11 0 
0 7.11881e-12 6.16202e-11 2.83811e-10 9.73505e-10 2.75756e-09 6.74623e-09 1.45926e-08 2.83082e-08 4.9755e-08 7.996e-08 1.1873e-07 1.65283e-07 2.20599e-07 2.92103e-07 4.0155e-07 5.98509e-07 9.85131e-07 1.76298e-06 3.31732e-06 6.34831e-06 1.20259e-05 2.21766e-05 4.02482e-05 7.55305e-05 0.00014812 0.00027018 0.000392861 0.000413211 0.000300685 0.000148785 4.99592e-05 1.1561e-05 1.94544e-06 2.72138e-07 3.84924e-08 5.82899e-09 8.23618e-10 9.05951e-11 5.41975e-12 0 
0 1.54534e-12 1.30376e-11 5.85681e-11 1.96175e-10 5.43532e-10 1.30343e-09 2.77095e-09 5.29992e-09 9.22092e-09 1.4744e-08 2.19359e-08 3.09089e-08 4.23745e-08 5.87459e-08 8.61018e-08 1.37696e-07 2.40362e-07 4.45948e-07 8.49795e-07 1.61444e-06 2.98432e-06 5.26463e-06 8.80063e-06 1.42002e-05 2.26914e-05 3.45631e-05 4.4825e-05 4.43991e-05 3.15222e-05 1.5632e-05 5.42489e-06 1.36461e-06 2.72138e-07 4.96489e-08 9.10647e-09 1.60548e-09 2.4471e-10 2.82887e-11 1.76345e-12 0 
0 3.05846e-13 2.51786e-12 1.10453e-11 3.61714e-11 9.81461e-11 2.30985e-10 4.83192e-10 9.12399e-10 1.57377e-09 2.50892e-09 3.75151e-09 5.37456e-09 7.6119e-09 1.10996e-08 1.73183e-08 2.939e-08 5.34842e-08 1.01135e-07 1.92494e-07 3.59347e-07 6.43957e-07 1.08662e-06 1.69975e-06 2.45072e-06 3.27698e-06 4.04791e-06 4.41112e-06 3.92457e-06 2.66824e-06 1.34397e-06 5.06295e-07 1.5045e-07 3.84924e-08 9.10647e-09 1.99825e-09 3.8848e-10 6.29271e-11 7.63543e-12 4.96773e-13 0 
0 5.39377e-14 4.33807e-13 1.86071e-12 5.96544e-12 1.58728e-11 3.6711e-11 7.56725e-11 1.4129e-10 2.4208e-10 3.85787e-10 5.81922e-10 8.51904e-10 1.25301e-09 1.92573e-09 3.18081e-09 5.65353e-09 1.05615e-08 2.00884e-08 3.78254e-08 6.89582e-08 1.1946e-07 1.93239e-07 2.87011e-07 3.85774e-07 4.64564e-07 4.97144e-07 4.65007e-07 3.68481e-07 2.38909e-07 1.24474e-07 5.26821e-08 1.87569e-08 5.82899e-09 1.60548e-09 3.8848e-10 8.06683e-11 1.37783e-11 1.75282e-12 1.19083e-13 0 
0 8.10071e-15 6.37297e-14 2.67628e-13 8.41129e-13 2.19777e-12 5.00257e-12 1.01772e-11 1.88238e-11 3.21114e-11 5.13181e-11 7.84254e-11 1.17925e-10 1.80845e-10 2.92603e-10 5.07255e-10 9.31845e-10 1.76429e-09 3.34287e-09 6.18772e-09 1.09794e-08 1.83754e-08 2.85681e-08 4.06396e-08 5.21266e-08 5.94823e-08 5.96819e-08 5.20684e-08 3.90278e-08 2.4858e-08 1.33907e-08 6.13067e-09 2.41222e-09 8.23618e-10 2.4471e-10 6.29271e-11 1.37783e-11 2.47147e-12 3.29173e-13 2.33426e-14 0 
0 9.33236e-16 7.19066e-15 2.96035e-14 9.13364e-14 2.34697e-13 5.26577e-13 1.05914e-12 1.94473e-12 3.31215e-12 5.32772e-12 8.28753e-12 1.28597e-11 2.06008e-11 3.4942e-11 6.293e-11 1.18054e-10 2.24268e-10 4.20398e-10 7.61948e-10 1.31392e-09 2.12592e-09 3.18534e-09 4.36298e-09 5.39424e-09 5.94835e-09 5.78811e-09 4.92538e-09 3.63953e-09 2.32459e-09 1.28135e-09 6.10485e-10 2.52213e-10 9.05951e-11 2.82887e-11 7.63543e-12 1.75282e-12 3.29173e-13 4.58142e-14 3.38729e-15 0 
0 5.88145e-17 4.44388e-16 1.79596e-15 5.44728e-15 1.37861e-14 3.05395e-14 6.08492e-14 1.11182e-13 1.89652e-13 3.08311e-13 4.90451e-13 7.88107e-13 1.31795e-12 2.32786e-12 4.31e-12 8.17307e-12 1.54616e-11 2.85406e-11 5.05357e-11 8.46676e-11 1.32625e-10 1.92059e-10 2.54323e-10 3.047e-10 3.27012e-10 3.11603e-10 2.61691e-10 1.92636e-10 1.23866e-10 6.94713e-11 3.39913e-11 1.45223e-11 5.41975e-12 1.76345e-12 4.96773e-13 1.19083e-13 2.33426e-14 3.38729e-15 2.60702e-16 0 
0 0 0 0 0 0 0 0 0 0 0 0 0 0 0 0 0 0 0 0 0 0 0 0 0 0 0 0 0 0 0 0 0 0 0 0 0 0 0 0 0 
