0 0 0 0 0 0 0 0 0 0 0 0 0 0 0 0 0 0 0 0 0 0 0 0 0 0 0 0 0 0 0 0 0 0 0 0 0 0 0 0 0 
0 1.58291e-07 1.36955e-06 5.69181e-06 1.57349e-05 3.245e-05 5.37482e-05 7.5887e-05 9.57693e-05 0.000111895 0.000124024 0.000132521 0.00013789 0.000140564 0.000140851 0.000138933 0.00013489 0.000128722 0.000120385 0.000109855 9.72188e-05 8.27977e-05 6.72353e-05 5.15099e-05 3.68061e-05 2.42452e-05 1.45647e-05 7.90786e-06 3.85683e-06 1.68458e-06 6.58692e-07 2.30856e-07 7.26302e-08 2.05167e-08 5.1892e-09 1.16532e-09 2.27965e-10 3.72596e-11 4.59749e-12 3.06261e-13 0 
0 1.36955e-06 1.18739e-05 4.64822e-05 0.000112604 0.000193006 0.000261931 0.000309621 0.000340759 0.000362545 0.000379218 0.00039213 0.000401195 0.000405985 0.000406288 0.000402292 0.000394573 0.000383948 0.000371223 0.00035683 0.00034041 0.000320494 0.000294587 0.000260051 0.000215879 0.000164618 0.000112722 6.80464e-05 3.58056e-05 1.63695e-05 6.52489e-06 2.28411e-06 7.07656e-07 1.95108e-07 4.7925e-08 1.04279e-08 1.97547e-09 3.12851e-10 3.7451e-11 2.42434e-12 0 
0 5.69181e-06 4.64822e-05 0.000154796 0.000294219 0.000396554 0.000457523 0.000505142 0.000553974 0.000604284 0.000651505 0.000691041 0.000719564 0.000735161 0.000737217 0.00072627 0.000703847 0.00067229 0.000634574 0.000594117 0.000554481 0.000518788 0.000488552 0.000461875 0.000431823 0.000387329 0.000319503 0.000231711 0.000142522 7.30208e-05 3.11997e-05 1.1276e-05 3.5107e-06 9.56184e-07 2.29765e-07 4.86675e-08 8.95758e-09 1.37807e-09 1.60395e-10 1.01098e-11 0 
0 1.57349e-05 0.000112604 0.000294219 0.000438862 0.000526965 0.000613374 0.000715406 0.000825129 0.000931749 0.00102672 0.00110372 0.00115837 0.00118815 0.00119243 0.00117228 0.00113028 0.00107018 0.000996597 0.000914618 0.000829602 0.000747048 0.000672551 0.000611312 0.000566105 0.000532779 0.000495394 0.000429514 0.000322972 0.000198292 9.67686e-05 3.7858e-05 1.22133e-05 3.34736e-06 7.95674e-07 1.65229e-07 2.96927e-08 4.45411e-09 5.05593e-10 3.11119e-11 0 
0 3.245e-05 0.000193006 0.000396554 0.000526965 0.000653656 0.000811559 0.000988216 0.00116769 0.00133724 0.00148636 0.00160654 0.0016916 0.00173799 0.00174482 0.00171375 0.0016487 0.0015553 0.00144037 0.0013113 0.00117554 0.00104021 0.000911946 0.000797175 0.000702406 0.000633236 0.000588911 0.00055197 0.000485412 0.00036245 0.000211804 9.42461e-05 3.26846e-05 9.22639e-06 2.20006e-06 4.51835e-07 7.97533e-08 1.17175e-08 1.30186e-09 7.84521e-11 0 
0 5.37482e-05 0.000261931 0.000457523 0.000613374 0.000811559 0.00104796 0.00130168 0.00155538 0.00179361 0.00200254 0.00217071 0.00228972 0.00235469 0.00236432 0.00232088 0.00222993 0.00209932 0.0019384 0.00175727 0.00156605 0.00137418 0.00119 0.00102069 0.000872698 0.000752604 0.000666917 0.000615438 0.00057544 0.000496354 0.000348136 0.000181932 7.01768e-05 2.09089e-05 5.07843e-06 1.04134e-06 1.81699e-07 2.62718e-08 2.86809e-09 1.69814e-10 0 
0 7.5887e-05 0.000309621 0.000505142 0.000715406 0.000988216 0.00130168 0.00163382 0.00196459 0.00227465 0.00254659 0.00276775 0.00293308 0.00303327 0.00304985 0.00298123 0.00284871 0.00267299 0.00246254 0.00222665 0.00197738 0.00172668 0.00148503 0.00126104 0.00106157 0.000892468 0.000760057 0.000670732 0.000620496 0.000572566 0.000462828 0.000284484 0.00012466 4.0021e-05 1.00431e-05 2.075e-06 3.60132e-07 5.14857e-08 5.54403e-09 3.23579e-10 0 
0 9.57693e-05 0.000340759 0.000553974 0.000825129 0.00116769 0.00155538 0.00196459 0.00237156 0.00275349 0.00309969 0.00343634 0.00372401 0.00388334 0.00390897 0.00380878 0.00358459 0.00328447 0.00298828 0.00269269 0.0023855 0.00207662 0.00177836 0.00150098 0.00125226 0.00103792 0.000862982 0.000733716 0.000654766 0.000609692 0.000536988 0.000378567 0.000188962 6.61685e-05 1.73421e-05 3.63762e-06 6.31382e-07 8.96267e-08 9.55342e-09 5.51369e-10 0 
0 0.000111895 0.000362545 0.000604284 0.000931749 0.00133724 0.00179361 0.00227465 0.00275349 0.00321905 0.00373319 0.00415681 0.00437099 0.00446471 0.00447893 0.00442116 0.00427629 0.00399205 0.00355127 0.00313648 0.00276712 0.00240345 0.00205246 0.00172552 0.00143144 0.00117624 0.000964201 0.000799986 0.000689927 0.000630673 0.000577471 0.000449981 0.000252421 9.65619e-05 2.65763e-05 5.68784e-06 9.91337e-07 1.40216e-07 1.48405e-08 8.49357e-10 0 
0 0.000124024 0.000379218 0.000651505 0.00102672 0.00148636 0.00200254 0.00254659 0.00309969 0.00373319 0.0042763 0.00454061 0.00467909 0.00474454 0.0047545 0.00471285 0.00461359 0.00443544 0.00411555 0.00358841 0.00310631 0.0026887 0.00229146 0.0019214 0.001588 0.00129769 0.00105445 0.000861645 0.000724752 0.000646468 0.000597894 0.000497167 0.000306353 0.000126998 3.66848e-05 8.02549e-06 1.408e-06 1.98941e-07 2.09612e-08 1.19256e-09 0 
0 0.000132521 0.00039213 0.000691041 0.00110372 0.00160654 0.00217071 0.00276775 0.00343634 0.00415681 0.00454061 0.00473979 0.00485163 0.00490607 0.00491423 0.00487889 0.00479652 0.0046548 0.00442127 0.00400292 0.00340975 0.00291849 0.0024822 0.00207766 0.00171292 0.00139477 0.00112706 0.000912326 0.000754822 0.000659365 0.00060789 0.00052513 0.000346555 0.000153383 4.6223e-05 1.03226e-05 1.82427e-06 2.57907e-07 2.71054e-08 1.53619e-09 0 
0 0.00013789 0.000401195 0.000719564 0.00115837 0.0016916 0.00228972 0.00293308 0.00372401 0.00437099 0.00467909 0.00485163 0.00495158 0.00500081 0.005008 0.00497549 0.00490064 0.00477434 0.00457404 0.00423836 0.00366072 0.00308496 0.00261518 0.00218631 0.00179969 0.00146213 0.00117746 0.000947749 0.000776274 0.000668328 0.000612123 0.000539625 0.000372465 0.000172768 5.37686e-05 1.22079e-05 2.17158e-06 3.07422e-07 3.22744e-08 1.82521e-09 0 
0 0.000140564 0.000405985 0.000735161 0.00118815 0.00173799 0.00235469 0.00303327 0.00388334 0.00446471 0.00474454 0.00490607 0.00500081 0.00504761 0.0050542 0.0050227 0.00495085 0.00483076 0.00464344 0.00433959 0.00380153 0.00317896 0.00268485 0.00224276 0.0018445 0.00149666 0.00120305 0.000965467 0.000786644 0.000671839 0.000612283 0.000544753 0.000385197 0.000183577 5.82602e-05 1.33686e-05 2.38904e-06 3.38703e-07 3.5557e-08 2.00938e-09 0 
0 0.000140851 0.000406288 0.000737217 0.00119243 0.00174482 0.00236432 0.00304985 0.00390897 0.00447893 0.0047545 0.00491423 0.005008 0.0050542 0.00506039 0.00502865 0.00495679 0.00483705 0.00465096 0.00435089 0.00381903 0.00318815 0.00268958 0.00224591 0.00184641 0.00149752 0.00120301 0.000964594 0.00078484 0.000668925 0.000608751 0.000542674 0.000386053 0.000185356 5.91749e-05 1.36291e-05 2.44076e-06 3.46452e-07 3.6397e-08 2.05787e-09 0 
0 0.000138933 0.000402292 0.00072627 0.00117228 0.00171375 0.00232088 0.00298123 0.00380878 0.00442116 0.00471285 0.00487889 0.00497549 0.0050227 0.00502865 0.00499554 0.0049209 0.00479626 0.00460105 0.00428068 0.00371802 0.00311293 0.00263204 0.00219799 0.00180708 0.0014659 0.00117813 0.000945537 0.000770891 0.000659313 0.000601373 0.000533917 0.000375846 0.00017845 5.65594e-05 1.29872e-05 2.32482e-06 3.30279e-07 3.47471e-08 1.96779e-09 0 
0 0.00013489 0.000394573 0.000703847 0.00113028 0.0016487 0.00222993 0.00284871 0.00358459 0.00427629 0.00461359 0.00479652 0.00490064 0.00495085 0.00495679 0.0049209 0.00484012 0.00470394 0.00448582 0.00411083 0.00350728 0.00297007 0.00251893 0.00210406 0.00173045 0.00140472 0.00113047 0.000909671 0.00074561 0.000643174 0.000589489 0.000517601 0.00035484 0.000163833 5.09662e-05 1.16012e-05 2.07168e-06 2.94542e-07 3.10562e-08 1.76375e-09 0 
0 0.000128722 0.000383948 0.00067229 0.00107018 0.0015553 0.00209932 0.00267299 0.00328447 0.00399205 0.00443544 0.0046548 0.00477434 0.00483076 0.00483705 0.00479626 0.00470394 0.00454482 0.00427774 0.00379741 0.00323328 0.00277761 0.0023594 0.0019713 0.00162207 0.00131808 0.00106291 0.000858921 0.000710123 0.000620522 0.000571414 0.000491513 0.000323139 0.000143104 4.33309e-05 9.74169e-06 1.73383e-06 2.46812e-07 2.61104e-08 1.48914e-09 0 
0 0.000120385 0.000371223 0.000634574 0.000996597 0.00144037 0.0019384 0.00246254 0.00298828 0.00355127 0.00411555 0.00442127 0.00457404 0.00464344 0.00465096 0.00460105 0.00448582 0.00427774 0.00389976 0.00338348 0.00294683 0.00254669 0.00216402 0.00180823 0.00148845 0.00121072 0.000978645 0.000795209 0.000665133 0.000590116 0.000543485 0.000452386 0.000281468 0.000118531 3.48047e-05 7.72277e-06 1.37089e-06 1.95649e-07 2.08e-08 1.19327e-09 0 
0 0.000109855 0.00035683 0.000594117 0.000914618 0.0013113 0.00175727 0.00222665 0.00269269 0.00313648 0.00358841 0.00400292 0.00423836 0.00433959 0.00435089 0.00428068 0.00411083 0.00379741 0.00338348 0.00300593 0.00264582 0.00228847 0.00194408 0.00162389 0.00133641 0.00108734 0.000880519 0.00071968 0.000609623 0.000547691 0.000499222 0.000397085 0.000232229 9.29831e-05 2.65514e-05 5.8327e-06 1.03545e-06 1.48502e-07 1.5898e-08 9.19107e-10 0 
0 9.72188e-05 0.00034041 0.000554481 0.000829602 0.00117554 0.00156605 0.00197738 0.0023855 0.00276712 0.00310631 0.00340975 0.00366072 0.00380153 0.00381903 0.00371802 0.00350728 0.00323328 0.00294683 0.00264582 0.00233147 0.00201565 0.00171078 0.00142712 0.0011724 0.000952126 0.000770422 0.000631525 0.000538775 0.000484153 0.000430406 0.000325513 0.000180349 6.95679e-05 1.95364e-05 4.28046e-06 7.63394e-07 1.10331e-07 1.19158e-08 6.95052e-10 0 
0 8.27977e-05 0.000320494 0.000518788 0.000747048 0.00104021 0.00137418 0.00172668 0.00207662 0.00240345 0.0026887 0.00291849 0.00308496 0.00317896 0.00318815 0.00311293 0.00297007 0.00277761 0.00254669 0.00228847 0.00201565 0.00174068 0.00147448 0.001226 0.00100221 0.000808396 0.000648813 0.000526932 0.000443339 0.000388692 0.00033408 0.000244749 0.000132915 5.09552e-05 1.43562e-05 3.16933e-06 5.70243e-07 8.31451e-08 9.05473e-09 5.3221e-10 0 
0 6.72353e-05 0.000294587 0.000488552 0.000672551 0.000911946 0.00119 0.00148503 0.00177836 0.00205246 0.00229146 0.0024822 0.00261518 0.00268485 0.00268958 0.00263204 0.00251893 0.0023594 0.00216402 0.00194408 0.00171078 0.00147448 0.00124423 0.00102764 0.000830992 0.000659649 0.000517763 0.000406916 0.000325788 0.000270131 0.000226373 0.000169638 9.64784e-05 3.85441e-05 1.11518e-05 2.49808e-06 4.52928e-07 6.63187e-08 7.24045e-09 4.26241e-10 0 
0 5.15099e-05 0.000260051 0.000461875 0.000611312 0.000797175 0.00102069 0.00126104 0.00150098 0.00172552 0.0019214 0.00207766 0.00218631 0.00224276 0.00224591 0.00219799 0.00210406 0.0019713 0.00180823 0.00162389 0.00142712 0.001226 0.00102764 0.000838449 0.00066547 0.000518287 0.000405982 0.00032524 0.000258561 0.000197019 0.000149673 0.000114662 7.27522e-05 3.18253e-05 9.61805e-06 2.18052e-06 3.94399e-07 5.73184e-08 6.20374e-09 3.62103e-10 0 
0 3.68061e-05 0.000215879 0.000431823 0.000566105 0.000702406 0.000872698 0.00106157 0.00125226 0.00143144 0.001588 0.00171292 0.00179969 0.0018445 0.00184641 0.00180708 0.00173045 0.00162207 0.00148845 0.00133641 0.0011724 0.00100221 0.000830992 0.00066547 0.00052183 0.000434586 0.00042987 0.000465023 0.000442138 0.00032488 0.00018521 9.88759e-05 5.92431e-05 2.85956e-05 9.10623e-06 2.07285e-06 3.69161e-07 5.25831e-08 5.58129e-09 3.20087e-10 0 
0 2.42452e-05 0.000164618 0.000387329 0.000532779 0.000633236 0.000752604 0.000892468 0.00103792 0.00117624 0.00129769 0.00139477 0.00146213 0.00149666 0.00149752 0.0014659 0.00140472 0.00131808 0.00121072 0.00108734 0.000952126 0.000808396 0.000659649 0.000518287 0.000434586 0.000510325 0.000804516 0.00133386 0.00160842 0.000923218 0.000465215 0.000172485 6.20794e-05 2.7002e-05 8.87202e-06 2.01083e-06 3.49687e-07 4.85022e-08 5.02461e-09 2.82123e-10 0 
0 1.45647e-05 0.000112722 0.000319503 0.000495394 0.000588911 0.000666917 0.000760057 0.000862982 0.000964201 0.00105445 0.00112706 0.00117746 0.00120305 0.00120301 0.00117813 0.00113047 0.00106291 0.000978645 0.000880519 0.000770422 0.000648813 0.000517763 0.000405982 0.00042987 0.000804516 0.00191423 0.0030832 0.00317169 0.00271015 0.00108212 0.000363424 9.30072e-05 2.74864e-05 8.41816e-06 1.86198e-06 3.14637e-07 4.25023e-08 4.30513e-09 2.37174e-10 0 
0 7.90786e-06 6.80464e-05 0.000231711 0.000429514 0.00055197 0.000615438 0.000670732 0.000733716 0.000799986 0.000861645 0.000912326 0.000947749 0.000965467 0.000964594 0.000945537 0.000909671 0.000858921 0.000795209 0.00071968 0.000631525 0.000526932 0.000406916 0.00032524 0.000465023 0.00133386 0.0030832 0.00341192 0.00345015 0.00327274 0.0023248 0.000582787 0.00013476 2.9303e-05 7.52996e-06 1.57027e-06 2.56628e-07 3.39113e-08 3.3799e-09 1.83816e-10 0 
0 3.85683e-06 3.58056e-05 0.000142522 0.000322972 0.000485412 0.00057544 0.000620496 0.000654766 0.000689927 0.000724752 0.000754822 0.000776274 0.000786644 0.00078484 0.000770891 0.00074561 0.000710123 0.000665133 0.000609623 0.000538775 0.000443339 0.000325788 0.000258561 0.000442138 0.00160842 0.00317169 0.00345015 0.0034878 0.00334795 0.00270864 0.000652616 0.000144555 2.77024e-05 6.04698e-06 1.16393e-06 1.83925e-07 2.39653e-08 2.37193e-09 1.28413e-10 0 
0 1.68458e-06 1.63695e-05 7.30208e-05 0.000198292 0.00036245 0.000496354 0.000572566 0.000609692 0.000630673 0.000646468 0.000659365 0.000668328 0.000671839 0.000668925 0.000659313 0.000643174 0.000620522 0.000590116 0.000547691 0.000484153 0.000388692 0.000270131 0.000197019 0.00032488 0.000923218 0.00271015 0.00327274 0.00334795 0.00312594 0.00169482 0.000475286 0.000107212 2.03557e-05 4.0768e-06 7.34039e-07 1.13467e-07 1.47564e-08 1.46615e-09 7.97604e-11 0 
0 6.58692e-07 6.52489e-06 3.11997e-05 9.67686e-05 0.000211804 0.000348136 0.000462828 0.000536988 0.000577471 0.000597894 0.00060789 0.000612123 0.000612283 0.000608751 0.000601373 0.000589489 0.000571414 0.000543485 0.000499222 0.000430406 0.00033408 0.000226373 0.000149673 0.00018521 0.000465215 0.00108212 0.0023248 0.00270864 0.00169482 0.000713534 0.000236144 5.50381e-05 1.11992e-05 2.1969e-06 3.84701e-07 5.95669e-08 7.8515e-09 7.92102e-10 4.37099e-11 0 
0 2.30856e-07 2.28411e-06 1.1276e-05 3.7858e-05 9.42461e-05 0.000181932 0.000284484 0.000378567 0.000449981 0.000497167 0.00052513 0.000539625 0.000544753 0.000542674 0.000533917 0.000517601 0.000491513 0.000452386 0.000397085 0.000325513 0.000244749 0.000169638 0.000114662 9.88759e-05 0.000172485 0.000363424 0.000582787 0.000652616 0.000475286 0.000236144 8.01986e-05 2.06575e-05 4.66884e-06 9.34423e-07 1.66677e-07 2.65619e-08 3.60254e-09 3.72937e-10 2.10552e-11 0 
0 7.26302e-08 7.07656e-07 3.5107e-06 1.22133e-05 3.26846e-05 7.01768e-05 0.00012466 0.000188962 0.000252421 0.000306353 0.000346555 0.000372465 0.000385197 0.000386053 0.000375846 0.00035484 0.000323139 0.000281468 0.000232229 0.000180349 0.000132915 9.64784e-05 7.27522e-05 5.92431e-05 6.20794e-05 9.30072e-05 0.00013476 0.000144555 0.000107212 5.50381e-05 2.06575e-05 6.15701e-06 1.51686e-06 3.20505e-07 6.04688e-08 1.01181e-08 1.42815e-09 1.52989e-10 8.90091e-12 0 
0 2.05167e-08 1.95108e-07 9.56184e-07 3.34736e-06 9.22639e-06 2.09089e-05 4.0021e-05 6.61685e-05 9.65619e-05 0.000126998 0.000153383 0.000172768 0.000183577 0.000185356 0.00017845 0.000163833 0.000143104 0.000118531 9.29831e-05 6.95679e-05 5.09552e-05 3.85441e-05 3.18253e-05 2.85956e-05 2.7002e-05 2.74864e-05 2.9303e-05 2.77024e-05 2.03557e-05 1.11992e-05 4.66884e-06 1.51686e-06 4.0258e-07 9.22628e-08 1.8731e-08 3.31873e-09 4.90638e-10 5.47115e-11 3.29817e-12 0 
0 5.1892e-09 4.7925e-08 2.29765e-07 7.95674e-07 2.20006e-06 5.07843e-06 1.00431e-05 1.73421e-05 2.65763e-05 3.66848e-05 4.6223e-05 5.37686e-05 5.82602e-05 5.91749e-05 5.65594e-05 5.09662e-05 4.33309e-05 3.48047e-05 2.65514e-05 1.95364e-05 1.43562e-05 1.11518e-05 9.61805e-06 9.10623e-06 8.87202e-06 8.41816e-06 7.52996e-06 6.04698e-06 4.0768e-06 2.1969e-06 9.34423e-07 3.20505e-07 9.22628e-08 2.30232e-08 5.01934e-09 9.41815e-10 1.46239e-10 1.70363e-11 1.06808e-12 0 
0 1.16532e-09 1.04279e-08 4.86675e-08 1.65229e-07 4.51835e-07 1.04134e-06 2.075e-06 3.63762e-06 5.68784e-06 8.02549e-06 1.03226e-05 1.22079e-05 1.33686e-05 1.36291e-05 1.29872e-05 1.16012e-05 9.74169e-06 7.72277e-06 5.8327e-06 4.28046e-06 3.16933e-06 2.49808e-06 2.18052e-06 2.07285e-06 2.01083e-06 1.86198e-06 1.57027e-06 1.16393e-06 7.34039e-07 3.84701e-07 1.66677e-07 6.04688e-08 1.8731e-08 5.01934e-09 1.16447e-09 2.30787e-10 3.76598e-11 4.59112e-12 2.99991e-13 0 
0 2.27965e-10 1.97547e-09 8.95758e-09 2.96927e-08 7.97533e-08 1.81699e-07 3.60132e-07 6.31382e-07 9.91337e-07 1.408e-06 1.82427e-06 2.17158e-06 2.38904e-06 2.44076e-06 2.32482e-06 2.07168e-06 1.73383e-06 1.37089e-06 1.03545e-06 7.63394e-07 5.70243e-07 4.52928e-07 3.94399e-07 3.69161e-07 3.49687e-07 3.14637e-07 2.56628e-07 1.83925e-07 1.13467e-07 5.95669e-08 2.65619e-08 1.01181e-08 3.31873e-09 9.41815e-10 2.30787e-10 4.81749e-11 8.25519e-12 1.05338e-12 7.1793e-14 0 
0 3.72596e-11 3.12851e-10 1.37807e-09 4.45411e-09 1.17175e-08 2.62718e-08 5.14857e-08 8.96267e-08 1.40216e-07 1.98941e-07 2.57907e-07 3.07422e-07 3.38703e-07 3.46452e-07 3.30279e-07 2.94542e-07 2.46812e-07 1.95649e-07 1.48502e-07 1.10331e-07 8.31451e-08 6.63187e-08 5.73184e-08 5.25831e-08 4.85022e-08 4.25023e-08 3.39113e-08 2.39653e-08 1.47564e-08 7.8515e-09 3.60254e-09 1.42815e-09 4.90638e-10 1.46239e-10 3.76598e-11 8.25519e-12 1.48291e-12 1.97876e-13 1.40634e-14 0 
0 4.59749e-12 3.7451e-11 1.60395e-10 5.05593e-10 1.30186e-09 2.86809e-09 5.54403e-09 9.55342e-09 1.48405e-08 2.09612e-08 2.71054e-08 3.22744e-08 3.5557e-08 3.6397e-08 3.47471e-08 3.10562e-08 2.61104e-08 2.08e-08 1.5898e-08 1.19158e-08 9.05473e-09 7.24045e-09 6.20374e-09 5.58129e-09 5.02461e-09 4.30513e-09 3.3799e-09 2.37193e-09 1.46615e-09 7.92102e-10 3.72937e-10 1.52989e-10 5.47115e-11 1.70363e-11 4.59112e-12 1.05338e-12 1.97876e-13 2.75656e-14 2.04098e-15 0 
0 3.06261e-13 2.42434e-12 1.01098e-11 3.11119e-11 7.84521e-11 1.69814e-10 3.23579e-10 5.51369e-10 8.49357e-10 1.19256e-09 1.53619e-09 1.82521e-09 2.00938e-09 2.05787e-09 1.96779e-09 1.76375e-09 1.48914e-09 1.19327e-09 9.19107e-10 6.95052e-10 5.3221e-10 4.26241e-10 3.62103e-10 3.20087e-10 2.82123e-10 2.37174e-10 1.83816e-10 1.28413e-10 7.97604e-11 4.37099e-11 2.10552e-11 8.90091e-12 3.29817e-12 1.06808e-12 2.99991e-13 7.1793e-14 1.40634e-14 2.04098e-15 1.57191e-16 0 
0 0 0 0 0 0 0 0 0 0 0 0 0 0 0 0 0 0 0 0 0 0 0 0 0 0 0 0 0 0 0 0 0 0 0 0 0 0 0 0 0 
