0 0 0 0 0 0 0 0 0 0 0 0 0 0 0 0 0 0 0 0 0 0 0 0 0 0 0 0 0 0 0 0 0 0 0 0 0 0 0 0 0 
0 1.43724e-19 1.38423e-18 7.13604e-18 2.75651e-17 8.84635e-17 2.46593e-16 6.10713e-16 1.36107e-15 2.75095e-15 5.06819e-15 8.54169e-15 1.32054e-14 1.87711e-14 2.45861e-14 2.97352e-14 3.3279e-14 3.45435e-14 3.33332e-14 2.99749e-14 2.51819e-14 1.9813e-14 1.46352e-14 1.01727e-14 6.66779e-15 4.12882e-15 2.41881e-15 1.34196e-15 7.05374e-16 3.51167e-16 1.65391e-16 7.35215e-17 3.07292e-17 1.20036e-17 4.34141e-18 1.43227e-18 4.20249e-19 1.04573e-19 1.9835e-20 2.04118e-21 0 
0 1.38423e-18 1.37321e-17 7.29417e-17 2.90276e-16 9.59175e-16 2.7502e-15 6.99648e-15 1.599e-14 3.30773e-14 6.22356e-14 1.06872e-13 1.67942e-13 2.42062e-13 3.20708e-13 3.91438e-13 4.41142e-13 4.6016e-13 4.45411e-13 4.01135e-13 3.37039e-13 2.64921e-13 1.95325e-13 1.35427e-13 8.85016e-14 5.46209e-14 3.18867e-14 1.76263e-14 9.23011e-15 4.57736e-15 2.14711e-15 9.50362e-16 3.95377e-16 1.5366e-16 5.52614e-17 1.81159e-17 5.27766e-18 1.30279e-18 2.44907e-19 2.49545e-20 0 
0 7.13604e-18 7.29417e-17 3.99412e-16 1.63855e-15 5.57873e-15 1.6466e-14 4.30642e-14 1.01013e-13 2.14047e-13 4.11654e-13 7.20889e-13 1.15248e-12 1.68585e-12 2.26141e-12 2.7881e-12 3.16709e-12 3.32327e-12 3.23014e-12 2.91668e-12 2.4539e-12 1.92939e-12 1.42179e-12 9.84669e-13 6.42478e-13 3.95781e-13 2.30568e-13 1.27164e-13 6.64263e-14 3.28531e-14 1.53642e-14 6.7773e-15 2.80842e-15 1.08644e-15 3.8862e-16 1.26599e-16 3.66139e-17 8.963e-18 1.66909e-18 1.68287e-19 0 
0 2.75651e-17 2.90276e-16 1.63855e-15 6.9301e-15 2.43155e-14 7.38985e-14 1.98756e-13 4.78688e-13 1.03956e-12 2.04473e-12 3.65403e-12 5.94753e-12 8.8371e-12 1.20134e-11 1.49776e-11 1.71693e-11 1.81471e-11 1.77379e-11 1.60841e-11 1.35734e-11 1.06947e-11 7.89208e-12 5.47044e-12 3.57103e-12 2.20018e-12 1.28161e-12 7.06564e-13 3.68822e-13 1.82205e-13 8.5069e-14 3.74379e-14 1.54654e-14 5.95865e-15 2.12054e-15 6.86484e-16 1.97055e-16 4.78171e-17 8.81544e-18 8.78848e-19 0 
0 8.84635e-17 9.59175e-16 5.57873e-15 2.43155e-14 8.78943e-14 2.74992e-13 7.60542e-13 1.88079e-12 4.18672e-12 8.42495e-12 1.53714e-11 2.54898e-11 3.85032e-11 5.31009e-11 6.70284e-11 7.76516e-11 8.28073e-11 8.15457e-11 7.44059e-11 6.31221e-11 4.99584e-11 3.70102e-11 2.57421e-11 1.68557e-11 1.04136e-11 6.08043e-12 3.3588e-12 1.75578e-12 8.68051e-13 4.05255e-13 1.78162e-13 7.34374e-14 2.8197e-14 9.98616e-15 3.21247e-15 9.14952e-16 2.19958e-16 4.01154e-17 3.95088e-18 0 
0 2.46593e-16 2.7502e-15 1.6466e-14 7.38985e-14 2.74992e-13 8.85153e-13 2.51613e-12 6.38714e-12 1.45726e-11 3.00046e-11 5.59117e-11 9.45157e-11 1.45266e-10 2.03474e-10 2.6041e-10 3.05393e-10 3.29222e-10 3.27357e-10 3.01307e-10 2.57653e-10 2.05429e-10 1.53242e-10 1.07287e-10 7.06886e-11 4.39274e-11 2.57863e-11 1.43116e-11 7.51066e-12 3.7241e-12 1.74162e-12 7.65924e-13 3.15329e-13 1.20724e-13 4.25561e-14 1.36014e-14 3.84184e-15 9.1435e-16 1.64816e-16 1.60192e-17 0 
0 6.10713e-16 6.99648e-15 4.30642e-14 1.98756e-13 7.60542e-13 2.51613e-12 7.34541e-12 1.91293e-11 4.47186e-11 9.42058e-11 1.79337e-10 3.0922e-10 4.84007e-10 6.89399e-10 8.95979e-10 1.06573e-09 1.16405e-09 1.17174e-09 1.09108e-09 9.43429e-10 7.60334e-10 5.73146e-10 4.05376e-10 2.69734e-10 1.69197e-10 1.00192e-10 5.60442e-11 2.96086e-11 1.47587e-11 6.92704e-12 3.05169e-12 1.25602e-12 4.79697e-13 1.68314e-13 5.34283e-14 1.49564e-14 3.52072e-15 6.26546e-16 6.00241e-17 0 
0 1.36107e-15 1.599e-14 1.01013e-13 4.78688e-13 1.88079e-12 6.38714e-12 1.91293e-11 5.10675e-11 1.22258e-10 2.63471e-10 5.12489e-10 9.01833e-10 1.43896e-09 2.08707e-09 2.7594e-09 3.33627e-09 3.70171e-09 3.78334e-09 3.57587e-09 3.13785e-09 2.56611e-09 1.96261e-09 1.40811e-09 9.50087e-10 6.03961e-10 3.62112e-10 2.04832e-10 1.09259e-10 5.48826e-11 2.59018e-11 1.14463e-11 4.71346e-12 1.79627e-12 6.27221e-13 1.97623e-13 5.47767e-14 1.27387e-14 2.23517e-15 2.10767e-16 0 
0 2.75095e-15 3.30773e-14 2.14047e-13 1.03956e-12 4.18672e-12 1.45726e-11 4.47186e-11 1.22258e-10 2.99556e-10 6.60225e-10 1.31242e-09 2.35838e-09 3.83998e-09 5.67992e-09 7.65475e-09 9.43062e-09 1.06601e-08 1.10995e-08 1.06884e-08 9.55716e-09 7.96528e-09 6.2088e-09 4.53936e-09 3.11974e-09 2.01843e-09 1.23017e-09 7.06186e-10 3.81474e-10 1.93573e-10 9.20284e-11 4.08423e-11 1.68362e-11 6.40223e-12 2.22361e-12 6.94782e-13 1.90449e-13 4.36934e-14 7.54722e-15 6.99361e-16 0 
0 5.06819e-15 6.22356e-14 4.11654e-13 2.04473e-12 8.42495e-12 3.00046e-11 9.42058e-11 2.63471e-10 6.60225e-10 1.48777e-09 3.02281e-09 5.5505e-09 9.23297e-09 1.3951e-08 1.92072e-08 2.41781e-08 2.79342e-08 2.97411e-08 2.93002e-08 2.68171e-08 2.28868e-08 1.82716e-08 1.36803e-08 9.62293e-09 6.36543e-09 3.96006e-09 2.31541e-09 1.27047e-09 6.5277e-10 3.13124e-10 1.39683e-10 5.7655e-11 2.18682e-11 7.54805e-12 2.33584e-12 6.32223e-13 1.42844e-13 2.42459e-14 2.2039e-15 0 
0 8.54169e-15 1.06872e-13 7.20889e-13 3.65403e-12 1.53714e-11 5.59117e-11 1.79337e-10 5.12489e-10 1.31242e-09 3.02281e-09 6.27867e-09 1.17891e-08 2.00604e-08 3.10215e-08 4.3737e-08 5.64242e-08 6.68683e-08 7.30971e-08 7.40103e-08 6.96776e-08 6.12088e-08 5.03146e-08 3.87822e-08 2.80637e-08 1.907e-08 1.21616e-08 7.26877e-09 4.06302e-09 2.11822e-09 1.02651e-09 4.60522e-10 1.90285e-10 7.19292e-11 2.46399e-11 7.53923e-12 2.011e-12 4.46553e-13 7.43287e-14 6.61424e-15 0 
0 1.32054e-14 1.67942e-13 1.15248e-12 5.94753e-12 2.54898e-11 9.45157e-11 3.0922e-10 9.01833e-10 2.35838e-09 5.5505e-09 1.17891e-08 2.26542e-08 3.94889e-08 6.26248e-08 9.06614e-08 1.20262e-07 1.46763e-07 1.65456e-07 1.73016e-07 1.6844e-07 1.5315e-07 1.30356e-07 1.04016e-07 7.78419e-08 5.46031e-08 3.58487e-08 2.19794e-08 1.25491e-08 6.65007e-09 3.25858e-09 1.47017e-09 6.07644e-10 2.28595e-10 7.75719e-11 2.34167e-11 6.14123e-12 1.33706e-12 2.17738e-13 1.89268e-14 0 
0 1.87711e-14 2.42062e-13 1.68585e-12 8.8371e-12 3.85032e-11 1.45266e-10 4.84007e-10 1.43896e-09 3.83998e-09 9.23297e-09 2.00604e-08 3.94889e-08 7.06255e-08 1.15121e-07 1.71626e-07 2.34924e-07 2.96458e-07 3.46323e-07 3.75988e-07 3.80648e-07 3.60317e-07 3.19442e-07 2.654e-07 2.06526e-07 1.50283e-07 1.02002e-07 6.43676e-08 3.76265e-08 2.02941e-08 1.00579e-08 4.5606e-09 1.88281e-09 7.03488e-10 2.35901e-10 7.00674e-11 1.80171e-11 3.83563e-12 6.09548e-13 5.16355e-14 0 
0 2.45861e-14 3.20708e-13 2.26141e-12 1.20134e-11 5.31009e-11 2.03474e-10 6.89399e-10 2.08707e-09 5.67992e-09 1.3951e-08 3.10215e-08 6.26248e-08 1.15121e-07 1.93343e-07 2.97758e-07 4.22174e-07 5.53353e-07 6.73206e-07 7.62987e-07 8.07988e-07 8.01107e-07 7.44289e-07 6.47685e-07 5.2699e-07 3.99762e-07 2.81651e-07 1.83494e-07 1.10031e-07 6.04472e-08 3.02887e-08 1.37837e-08 5.67159e-09 2.09886e-09 6.93329e-10 2.01968e-10 5.07578e-11 1.05339e-11 1.62907e-12 1.34152e-13 0 
0 2.97352e-14 3.91438e-13 2.7881e-12 1.49776e-11 6.70284e-11 2.6041e-10 8.95979e-10 2.7594e-09 7.65475e-09 1.92072e-08 4.3737e-08 9.06614e-08 1.71626e-07 2.97758e-07 4.75264e-07 7.00761e-07 9.58422e-07 1.22062e-06 1.45241e-06 1.61857e-06 1.6914e-06 1.65712e-06 1.51953e-06 1.3e-06 1.03307e-06 7.58498e-07 5.11571e-07 3.15123e-07 1.76343e-07 8.92305e-08 4.06623e-08 1.66247e-08 6.07169e-09 1.96833e-09 5.602e-10 1.37099e-10 2.76446e-11 4.14809e-12 3.31217e-13 0 
0 3.3279e-14 4.41142e-13 3.16709e-12 1.71693e-11 7.76516e-11 3.05393e-10 1.06573e-09 3.33627e-09 9.43062e-09 2.41781e-08 5.64242e-08 1.20262e-07 2.34924e-07 4.22174e-07 7.00761e-07 1.07888e-06 1.54691e-06 2.07323e-06 2.6048e-06 3.07335e-06 3.40636e-06 3.5416e-06 3.44313e-06 3.11483e-06 2.60566e-06 2.00119e-06 1.40059e-06 8.87019e-07 5.05268e-07 2.57639e-07 1.17186e-07 4.7415e-08 1.70147e-08 5.38853e-09 1.49183e-09 3.54102e-10 6.91256e-11 1.0033e-11 7.74787e-13 0 
0 3.45435e-14 4.6016e-13 3.32327e-12 1.81471e-11 8.28073e-11 3.29222e-10 1.16405e-09 3.70171e-09 1.06601e-08 2.79342e-08 6.68683e-08 1.46763e-07 2.96458e-07 5.53353e-07 9.58422e-07 1.54691e-06 2.33596e-06 3.31159e-06 4.418e-06 5.55224e-06 6.56799e-06 7.29296e-06 7.56392e-06 7.27714e-06 6.43949e-06 5.19194e-06 3.77829e-06 2.46069e-06 1.42455e-06 7.29697e-07 3.2985e-07 1.31412e-07 4.60854e-08 1.41833e-08 3.80095e-09 8.71211e-10 1.64037e-10 2.29584e-11 1.71044e-12 0 
0 3.33332e-14 4.45411e-13 3.23014e-12 1.77379e-11 8.15457e-11 3.27357e-10 1.17174e-09 3.78334e-09 1.10995e-08 2.97411e-08 7.30971e-08 1.65456e-07 3.46323e-07 6.73206e-07 1.22062e-06 2.07323e-06 3.31159e-06 4.99007e-06 7.10684e-06 9.56822e-06 1.21546e-05 1.4505e-05 1.61497e-05 1.66204e-05 1.56342e-05 1.32797e-05 1.00652e-05 6.73838e-06 3.95494e-06 2.02647e-06 9.05368e-07 3.52958e-07 1.20205e-07 3.5735e-08 9.22016e-09 2.03138e-09 3.67518e-10 4.94531e-11 3.54645e-12 0 
0 2.99749e-14 4.01135e-13 2.91668e-12 1.60841e-11 7.44059e-11 3.01307e-10 1.09108e-09 3.57587e-09 1.06884e-08 2.93002e-08 7.40103e-08 1.73016e-07 3.75988e-07 7.62987e-07 1.45241e-06 2.6048e-06 4.418e-06 7.10684e-06 1.08574e-05 1.57437e-05 2.16014e-05 2.78765e-05 3.35281e-05 3.713e-05 3.73176e-05 3.35161e-05 2.65047e-05 1.82295e-05 1.08139e-05 5.51273e-06 2.41706e-06 9.14934e-07 3.00309e-07 8.56544e-08 2.11555e-08 4.45936e-09 7.72429e-10 9.9662e-11 6.86689e-12 0 
0 2.51819e-14 3.37039e-13 2.4539e-12 1.35734e-11 6.31221e-11 2.57653e-10 9.43429e-10 3.13785e-09 9.55716e-09 2.68171e-08 6.96776e-08 1.6844e-07 3.80648e-07 8.07988e-07 1.61857e-06 3.07335e-06 5.55224e-06 9.56822e-06 1.57437e-05 2.47013e-05 3.67979e-05 5.16488e-05 6.75158e-05 8.09542e-05 8.74533e-05 8.35184e-05 6.92402e-05 4.90552e-05 2.93708e-05 1.47982e-05 6.29766e-06 2.28551e-06 7.14764e-07 1.93855e-07 4.55372e-08 9.14139e-09 1.51114e-09 1.86559e-10 1.2335e-11 0 
0 1.9813e-14 2.64921e-13 1.92939e-12 1.06947e-11 4.99584e-11 2.05429e-10 7.60334e-10 2.56611e-09 7.96528e-09 2.28868e-08 6.12088e-08 1.5315e-07 3.60317e-07 8.01107e-07 1.6914e-06 3.40636e-06 6.56799e-06 1.21546e-05 2.16014e-05 3.67979e-05 5.97685e-05 9.16967e-05 0.000131058 0.00017147 0.000201407 0.000208115 0.00018501 0.00013799 8.43484e-05 4.17362e-05 1.68228e-05 5.65702e-06 1.63369e-06 4.12578e-07 9.11481e-08 1.7331e-08 2.7268e-09 3.21702e-10 2.04039e-11 0 
0 1.46352e-14 1.95325e-13 1.42179e-12 7.89208e-12 3.70102e-11 1.53242e-10 5.73146e-10 1.96261e-09 6.2088e-09 1.82716e-08 5.03146e-08 1.30356e-07 3.19442e-07 7.44289e-07 1.65712e-06 3.5416e-06 7.29296e-06 1.4505e-05 2.78765e-05 5.16488e-05 9.16967e-05 0.000154376 0.000243038 0.000352754 0.000466262 0.000551385 0.000562453 0.000468845 0.000303325 0.00014789 5.44878e-05 1.57809e-05 3.85118e-06 8.44645e-07 1.69289e-07 3.00991e-08 4.49238e-09 5.06333e-10 3.08296e-11 0 
0 1.01727e-14 1.35427e-13 9.84669e-13 5.47044e-12 2.57421e-11 1.07287e-10 4.05376e-10 1.40811e-09 4.53936e-09 1.36803e-08 3.87822e-08 1.04016e-07 2.654e-07 6.47685e-07 1.51953e-06 3.44313e-06 7.56392e-06 1.61497e-05 3.35281e-05 6.75158e-05 0.000131058 0.000243038 0.000428021 0.000719209 0.00115571 0.00170708 0.00212341 0.00203274 0.00140968 0.000687509 0.000234903 5.76987e-05 1.09566e-05 1.82799e-06 2.99635e-07 4.77137e-08 6.68936e-09 7.20266e-10 4.21883e-11 0 
0 6.66779e-15 8.85016e-14 6.42478e-13 3.57103e-12 1.68557e-11 7.06886e-11 2.69734e-10 9.50087e-10 3.11974e-09 9.62293e-09 2.80637e-08 7.78419e-08 2.06526e-07 5.2699e-07 1.3e-06 3.11483e-06 7.27714e-06 1.66204e-05 3.713e-05 8.09542e-05 0.00017147 0.000352754 0.000719209 0.00150374 0.00314247 0.00582779 0.00844169 0.00881314 0.00636716 0.00312462 0.00103577 0.000233757 3.71994e-05 4.61569e-06 5.43364e-07 6.99949e-08 8.93715e-09 9.17018e-10 5.18365e-11 0 
0 4.12882e-15 5.46209e-14 3.95781e-13 2.20018e-12 1.04136e-11 4.39274e-11 1.69197e-10 6.03961e-10 2.01843e-09 6.36543e-09 1.907e-08 5.46031e-08 1.50283e-07 3.99762e-07 1.03307e-06 2.60566e-06 6.43949e-06 1.56342e-05 3.73176e-05 8.74533e-05 0.000201407 0.000466262 0.00115571 0.00314247 0.00826837 0.0177092 0.027701 0.0300504 0.0220886 0.0108831 0.00357555 0.000783355 0.000115786 1.2111e-05 1.04402e-06 9.78992e-08 1.06926e-08 1.03574e-09 5.67162e-11 0 
0 2.41881e-15 3.18867e-14 2.30568e-13 1.28161e-12 6.08043e-12 2.57863e-11 1.00192e-10 3.62112e-10 1.23017e-09 3.96006e-09 1.21616e-08 3.58487e-08 1.02002e-07 2.81651e-07 7.58498e-07 2.00119e-06 5.19194e-06 1.32797e-05 3.35161e-05 8.35184e-05 0.000208115 0.000551385 0.00170708 0.00582779 0.0177092 0.0407762 0.0659931 0.0726867 0.0537474 0.0265089 0.00868197 0.0018827 0.000270862 2.63589e-05 1.8918e-06 1.3047e-07 1.14478e-08 1.0299e-09 5.48501e-11 0 
0 1.34196e-15 1.76263e-14 1.27164e-13 7.06564e-13 3.3588e-12 1.43116e-11 5.60442e-11 2.04832e-10 7.06186e-10 2.31541e-09 7.26877e-09 2.19794e-08 6.43676e-08 1.83494e-07 5.11571e-07 1.40059e-06 3.77829e-06 1.00652e-05 2.65047e-05 6.92402e-05 0.00018501 0.000562453 0.00212341 0.00844169 0.027701 0.0659931 0.108359 0.120024 0.0888984 0.0438325 0.0143311 0.00309486 0.000440619 4.16505e-05 2.74232e-06 1.53882e-07 1.08171e-08 8.94693e-10 4.65934e-11 0 
0 7.05374e-16 9.23011e-15 6.64263e-14 3.68822e-13 1.75578e-12 7.51066e-12 2.96086e-11 1.09259e-10 3.81474e-10 1.27047e-09 4.06302e-09 1.25491e-08 3.76265e-08 1.10031e-07 3.15123e-07 8.87019e-07 2.46069e-06 6.73838e-06 1.82295e-05 4.90552e-05 0.00013799 0.000468845 0.00203274 0.00881314 0.0300504 0.0726867 0.120024 0.133203 0.098698 0.0486424 0.0158864 0.0034239 0.00048533 4.53332e-05 2.87562e-06 1.44904e-07 8.71199e-09 6.72812e-10 3.45956e-11 0 
0 3.51167e-16 4.57736e-15 3.28531e-14 1.82205e-13 8.68051e-13 3.7241e-12 1.47587e-11 5.48826e-11 1.93573e-10 6.5277e-10 2.11822e-09 6.65007e-09 2.02941e-08 6.04472e-08 1.76343e-07 5.05268e-07 1.42455e-06 3.95494e-06 1.08139e-05 2.93708e-05 8.43484e-05 0.000303325 0.00140968 0.00636716 0.0220886 0.0537474 0.0888984 0.098698 0.0731286 0.0360272 0.011758 0.00253163 0.000358244 3.33238e-05 2.08749e-06 1.0135e-07 5.74702e-09 4.34056e-10 2.23803e-11 0 
0 1.65391e-16 2.14711e-15 1.53642e-14 8.5069e-14 4.05255e-13 1.74162e-12 6.92704e-12 2.59018e-11 9.20284e-11 3.13124e-10 1.02651e-09 3.25858e-09 1.00579e-08 3.02887e-08 8.92305e-08 2.57639e-07 7.29697e-07 2.02647e-06 5.51273e-06 1.47982e-05 4.17362e-05 0.00014789 0.000687509 0.00312462 0.0108831 0.0265089 0.0438325 0.0486424 0.0360272 0.0177415 0.00578758 0.00124577 0.000176294 1.64136e-05 1.0329e-06 5.11775e-08 3.04605e-09 2.39322e-10 1.25998e-11 0 
0 7.35215e-17 9.50362e-16 6.7773e-15 3.74379e-14 1.78162e-13 7.65924e-13 3.05169e-12 1.14463e-11 4.08423e-11 1.39683e-10 4.60522e-10 1.47017e-09 4.5606e-09 1.37837e-08 4.06623e-08 1.17186e-07 3.2985e-07 9.05368e-07 2.41706e-06 6.29766e-06 1.68228e-05 5.44878e-05 0.000234903 0.00103577 0.00357555 0.00868197 0.0143311 0.0158864 0.011758 0.00578758 0.00188779 0.000406566 5.76545e-05 5.405e-06 3.4893e-07 1.88939e-08 1.31613e-09 1.13262e-10 6.17816e-12 0 
0 3.07292e-17 3.95377e-16 2.80842e-15 1.54654e-14 7.34374e-14 3.15329e-13 1.25602e-12 4.71346e-12 1.68362e-11 5.7655e-11 1.90285e-10 6.07644e-10 1.88281e-09 5.67159e-09 1.66247e-08 4.7415e-08 1.31412e-07 3.52958e-07 9.14934e-07 2.28551e-06 5.65702e-06 1.57809e-05 5.76987e-05 0.000233757 0.000783355 0.0018827 0.00309486 0.0034239 0.00253163 0.00124577 0.000406566 8.77432e-05 1.25181e-05 1.19612e-06 8.25159e-08 5.41752e-09 4.82806e-10 4.64223e-11 2.64299e-12 0 
0 1.20036e-17 1.5366e-16 1.08644e-15 5.95865e-15 2.8197e-14 1.20724e-13 4.79697e-13 1.79627e-12 6.40223e-12 2.18682e-11 7.19292e-11 2.28595e-10 7.03488e-10 2.09886e-09 6.07169e-09 1.70147e-08 4.60854e-08 1.20205e-07 3.00309e-07 7.14764e-07 1.63369e-06 3.85118e-06 1.09566e-05 3.71994e-05 0.000115786 0.000270862 0.000440619 0.00048533 0.000358244 0.000176294 5.76545e-05 1.25181e-05 1.81616e-06 1.82678e-07 1.47656e-08 1.34511e-09 1.56378e-10 1.65876e-11 9.87329e-13 0 
0 4.34141e-18 5.52614e-17 3.8862e-16 2.12054e-15 9.98616e-15 4.25561e-14 1.68314e-13 6.27221e-13 2.22361e-12 7.54805e-12 2.46399e-11 7.75719e-11 2.35901e-10 6.93329e-10 1.96833e-09 5.38853e-09 1.41833e-08 3.5735e-08 8.56544e-08 1.93855e-07 4.12578e-07 8.44645e-07 1.82799e-06 4.61569e-06 1.2111e-05 2.63589e-05 4.16505e-05 4.53332e-05 3.33238e-05 1.64136e-05 5.405e-06 1.19612e-06 1.82678e-07 2.11813e-08 2.36932e-09 3.18991e-10 4.52448e-11 5.16825e-12 3.21508e-13 0 
0 1.43227e-18 1.81159e-17 1.26599e-16 6.86484e-16 3.21247e-15 1.36014e-14 5.34283e-14 1.97623e-13 6.94782e-13 2.33584e-12 7.53923e-12 2.34167e-11 7.00674e-11 2.01968e-10 5.602e-10 1.49183e-09 3.80095e-09 9.22016e-09 2.11555e-08 4.55372e-08 9.11481e-08 1.69289e-07 2.99635e-07 5.43364e-07 1.04402e-06 1.8918e-06 2.74232e-06 2.87562e-06 2.08749e-06 1.0329e-06 3.4893e-07 8.25159e-08 1.47656e-08 2.36932e-09 4.06395e-10 7.24996e-11 1.15278e-11 1.39426e-12 9.06241e-14 0 
0 4.20249e-19 5.27766e-18 3.66139e-17 1.97055e-16 9.14952e-16 3.84184e-15 1.49564e-14 5.47767e-14 1.90449e-13 6.32223e-13 2.011e-12 6.14123e-12 1.80171e-11 5.07578e-11 1.37099e-10 3.54102e-10 8.71211e-10 2.03138e-09 4.45936e-09 9.14139e-09 1.7331e-08 3.00991e-08 4.77137e-08 6.99949e-08 9.78992e-08 1.3047e-07 1.53882e-07 1.44904e-07 1.0135e-07 5.11775e-08 1.88939e-08 5.41752e-09 1.34511e-09 3.18991e-10 7.24996e-11 1.47964e-11 2.51821e-12 3.20067e-13 2.17321e-14 0 
0 1.04573e-19 1.30279e-18 8.963e-18 4.78171e-17 2.19958e-16 9.1435e-16 3.52072e-15 1.27387e-14 4.36934e-14 1.42844e-13 4.46553e-13 1.33706e-12 3.83563e-12 1.05339e-11 2.76446e-11 6.91256e-11 1.64037e-10 3.67518e-10 7.72429e-10 1.51114e-09 2.7268e-09 4.49238e-09 6.68936e-09 8.93715e-09 1.06926e-08 1.14478e-08 1.08171e-08 8.71199e-09 5.74702e-09 3.04605e-09 1.31613e-09 4.82806e-10 1.56378e-10 4.52448e-11 1.15278e-11 2.51821e-12 4.51441e-13 6.01066e-14 4.26072e-15 0 
0 1.9835e-20 2.44907e-19 1.66909e-18 8.81544e-18 4.01154e-17 1.64816e-16 6.26546e-16 2.23517e-15 7.54722e-15 2.42459e-14 7.43287e-14 2.17738e-13 6.09548e-13 1.62907e-12 4.14809e-12 1.0033e-11 2.29584e-11 4.94531e-11 9.9662e-11 1.86559e-10 3.21702e-10 5.06333e-10 7.20266e-10 9.17018e-10 1.03574e-09 1.0299e-09 8.94693e-10 6.72812e-10 4.34056e-10 2.39322e-10 1.13262e-10 4.64223e-11 1.65876e-11 5.16825e-12 1.39426e-12 3.20067e-13 6.01066e-14 8.36462e-15 6.18306e-16 0 
0 2.04118e-21 2.49545e-20 1.68287e-19 8.78848e-19 3.95088e-18 1.60192e-17 6.00241e-17 2.10767e-16 6.99361e-16 2.2039e-15 6.61424e-15 1.89268e-14 5.16355e-14 1.34152e-13 3.31217e-13 7.74787e-13 1.71044e-12 3.54645e-12 6.86689e-12 1.2335e-11 2.04039e-11 3.08296e-11 4.21883e-11 5.18365e-11 5.67162e-11 5.48501e-11 4.65934e-11 3.45956e-11 2.23803e-11 1.25998e-11 6.17816e-12 2.64299e-12 9.87329e-13 3.21508e-13 9.06241e-14 2.17321e-14 4.26072e-15 6.18306e-16 4.75837e-17 0 
0 0 0 0 0 0 0 0 0 0 0 0 0 0 0 0 0 0 0 0 0 0 0 0 0 0 0 0 0 0 0 0 0 0 0 0 0 0 0 0 0 
