0 0 0 0 0 0 0 0 0 0 0 0 0 0 0 0 0 0 0 0 0 0 0 0 0 0 0 0 0 0 0 0 0 0 0 0 0 0 0 0 0 
0 1.9914e-07 1.77063e-06 7.7631e-06 2.32339e-05 5.27941e-05 9.68482e-05 0.000150548 0.000206527 0.000258285 0.000301716 0.000334917 0.000357386 0.000369323 0.00037121 0.00036363 0.000347216 0.000322696 0.000291006 0.00025345 0.000211855 0.000168648 0.000126715 8.89908e-05 5.7845e-05 3.44864e-05 1.87182e-05 9.20258e-06 4.08777e-06 1.64011e-06 5.95085e-07 1.95573e-07 5.82793e-08 1.57359e-08 3.83482e-09 8.35472e-10 1.59479e-10 2.55566e-11 3.10394e-12 2.04162e-13 0 
0 1.77063e-06 1.60708e-05 6.90827e-05 0.000192262 0.000387103 0.000612503 0.000820995 0.000990408 0.00112063 0.00121856 0.00128976 0.00133703 0.0013616 0.00136435 0.00134653 0.00130983 0.00125605 0.00118648 0.00110129 0.000999301 0.000878682 0.000739128 0.000585006 0.000427558 0.000283261 0.000167527 8.7595e-05 4.03648e-05 1.64335e-05 5.94571e-06 1.92449e-06 5.60294e-07 1.47113e-07 3.47817e-08 7.34606e-09 1.35978e-09 2.11506e-10 2.49676e-11 1.59871e-12 0 
0 7.7631e-06 6.90827e-05 0.000271218 0.000639836 0.00105549 0.00140201 0.0016718 0.00189867 0.0021007 0.00227741 0.00242088 0.00252304 0.00257862 0.00258599 0.00254716 0.00246731 0.00235411 0.00221673 0.00206459 0.00190547 0.0017428 0.00157268 0.00138285 0.0011581 0.000894701 0.000615676 0.000366535 0.000185855 8.02419e-05 2.98189e-05 9.68247e-06 2.7848e-06 7.15832e-07 1.64902e-07 3.38649e-08 6.09265e-09 9.21635e-10 1.0593e-10 6.61398e-12 0 
0 2.32339e-05 0.000192262 0.000639836 0.00121968 0.00170576 0.0021089 0.00250075 0.0028947 0.00327107 0.00360501 0.0038755 0.0040674 0.004172 0.00418704 0.00411628 0.00396877 0.00375771 0.00349918 0.00321088 0.00291087 0.00261618 0.00234039 0.00208849 0.00184894 0.00158923 0.00127159 0.000896406 0.000530207 0.000256832 0.000102339 3.42962e-05 9.91539e-06 2.52165e-06 5.69794e-07 1.14305e-07 2.00574e-08 2.95905e-09 3.31952e-10 2.02543e-11 0 
0 5.27941e-05 0.000387103 0.00105549 0.00170576 0.00226332 0.00284511 0.00346947 0.0041001 0.00469552 0.00521912 0.00564111 0.00593981 0.00610269 0.00612666 0.00601758 0.00578916 0.00546121 0.00505765 0.00460444 0.0041277 0.00365229 0.00320081 0.00279251 0.00243928 0.00213444 0.00183696 0.00147876 0.00103301 0.000585339 0.000261685 9.37074e-05 2.78499e-05 7.10337e-06 1.58783e-06 3.12942e-07 5.37869e-08 7.76548e-09 8.52744e-10 5.09766e-11 0 
0 9.68482e-05 0.000612503 0.00140201 0.0021089 0.00284511 0.00367949 0.00457063 0.00546148 0.00629799 0.00703163 0.00762207 0.00803974 0.0082675 0.00830118 0.008149 0.00782996 0.00737143 0.00680638 0.0061704 0.00549896 0.0048252 0.00417844 0.00358356 0.00306095 0.00262379 0.00226439 0.00192849 0.00152029 0.00100779 0.000520186 0.000205597 6.43454e-05 1.67128e-05 3.73083e-06 7.26981e-07 1.22959e-07 1.74377e-08 1.88038e-09 1.10438e-10 0 
0 0.000150548 0.000820995 0.0016718 0.00250075 0.00346947 0.00457063 0.00573692 0.00689836 0.00798708 0.00894103 0.00970842 0.0102513 0.0105476 0.0105914 0.010393 0.00997772 0.00938139 0.00864642 0.00781853 0.00694328 0.00606298 0.00521444 0.00442792 0.00372721 0.00313058 0.00264778 0.00226038 0.00188638 0.00140762 0.000838085 0.000372828 0.000125433 3.36654e-05 7.57581e-06 1.46869e-06 2.45594e-07 3.43419e-08 3.64829e-09 2.11118e-10 0 
0 0.000206527 0.000990408 0.00189867 0.0028947 0.0041001 0.00546148 0.00689836 0.00832735 0.00966596 0.0108388 0.0117854 0.0124624 0.0128381 0.0128942 0.0126408 0.0121181 0.0113778 0.0104721 0.00945349 0.00837627 0.00729172 0.00624443 0.00527046 0.00439708 0.00364399 0.00302493 0.00254088 0.00214653 0.00171591 0.00114841 0.000575671 0.000210732 5.91111e-05 1.3517e-05 2.6218e-06 4.35309e-07 6.02326e-08 6.32363e-09 3.6156e-10 0 
0 0.000258285 0.00112063 0.0021007 0.00327107 0.00469552 0.00629799 0.00798708 0.00966596 0.0112388 0.0126236 0.0137632 0.014603 0.0150757 0.015147 0.014829 0.0141727 0.0132641 0.0121818 0.0109808 0.00971449 0.00843933 0.00720689 0.0060589 0.00502628 0.00413012 0.00338427 0.00279563 0.00234443 0.00193217 0.00140358 0.000781349 0.000311603 9.1892e-05 2.14696e-05 4.18451e-06 6.9234e-07 9.50963e-08 9.89512e-09 5.60486e-10 0 
0 0.000301716 0.00121856 0.00227741 0.00360501 0.00521912 0.00703163 0.00894103 0.0108388 0.0126236 0.0142221 0.0155567 0.0164903 0.0169687 0.0170364 0.0167207 0.0160176 0.0149655 0.0136958 0.0123172 0.0108817 0.00943989 0.00804609 0.0067467 0.00557601 0.00455664 0.00370214 0.00302001 0.00250279 0.00208082 0.00159028 0.000961093 0.00041406 0.00012833 3.0701e-05 6.02878e-06 9.96683e-07 1.36259e-07 1.40884e-08 7.92484e-10 0 
0 0.000334917 0.00128976 0.00242088 0.0038755 0.00564111 0.00762207 0.00970842 0.0117854 0.0137632 0.0155567 0.0169475 0.0177933 0.0181958 0.0182492 0.0179802 0.0173609 0.0163342 0.0149467 0.0134 0.0118159 0.0102386 0.00871567 0.00729538 0.00601467 0.00489752 0.00395733 0.00320085 0.00262541 0.00218135 0.00171538 0.00109908 0.00050398 0.000163172 3.99212e-05 7.90505e-06 1.30809e-06 1.78372e-07 1.83662e-08 1.02822e-09 0 
0 0.000357386 0.00133703 0.00252304 0.0040674 0.00593981 0.00803974 0.0102513 0.0124624 0.014603 0.0164903 0.0177933 0.0185363 0.0188878 0.0189321 0.0186911 0.0181407 0.0172094 0.0158362 0.0141781 0.0124728 0.0107957 0.00918181 0.0076769 0.00631932 0.00513403 0.0041344 0.00332633 0.00270869 0.0022434 0.00179028 0.00119088 0.000570899 0.000191116 4.76176e-05 9.50042e-06 1.57488e-06 2.14534e-07 2.20396e-08 1.23043e-09 0 
0 0.000369323 0.0013616 0.00257862 0.004172 0.00610269 0.0082675 0.0105476 0.0128381 0.0150757 0.0169687 0.0181958 0.0188878 0.0192157 0.0192547 0.019025 0.018505 0.0176272 0.0162986 0.0146018 0.012823 0.0110882 0.00942516 0.00787509 0.00647668 0.00525531 0.00422428 0.00338896 0.00274854 0.00227056 0.00182397 0.00123797 0.000609055 0.000208144 5.24841e-05 1.05291e-05 1.74876e-06 2.38258e-07 2.44607e-08 1.36422e-09 0 
0 0.00037121 0.00136435 0.00258599 0.00418704 0.00612666 0.00830118 0.0105914 0.0128942 0.015147 0.0170364 0.0182492 0.0189321 0.0192547 0.0192912 0.0190608 0.018543 0.017671 0.0163486 0.0146457 0.012854 0.0111106 0.00944139 0.00788616 0.00648337 0.00525832 0.00422415 0.00338598 0.00274298 0.00226417 0.0018218 0.00124352 0.000616686 0.000212245 5.37728e-05 1.08182e-05 1.79979e-06 2.45479e-07 2.52221e-08 1.40761e-09 0 
0 0.00036363 0.00134653 0.00254716 0.00411628 0.00601758 0.008149 0.010393 0.0126408 0.014829 0.0167207 0.0179802 0.0186911 0.019025 0.0190608 0.0188196 0.0182786 0.0173684 0.0160091 0.0143223 0.0125783 0.0108747 0.0092404 0.0077179 0.0063453 0.0051473 0.00413677 0.00331889 0.00269264 0.00222502 0.00178608 0.00121031 0.00059501 0.000203575 5.1459e-05 1.03546e-05 1.72517e-06 2.35776e-07 2.428e-08 1.35824e-09 0 
0 0.000347216 0.00130983 0.00246731 0.00396877 0.00578916 0.00782996 0.00997772 0.0121181 0.0141727 0.0160176 0.0173609 0.0181407 0.018505 0.018543 0.0182786 0.017686 0.0166968 0.0152958 0.0136794 0.0120328 0.010408 0.00884431 0.00738807 0.00607622 0.00493246 0.00396938 0.00319244 0.00259999 0.00215342 0.00171654 0.00114053 0.000547644 0.000184222 4.61998e-05 9.28097e-06 1.54885e-06 2.12361e-07 2.1955e-08 1.2334e-09 0 
0 0.000322696 0.00125605 0.00235411 0.00375771 0.00546121 0.00737143 0.00938139 0.0113778 0.0132641 0.0149655 0.0163342 0.0172094 0.0176272 0.017671 0.0173684 0.0166968 0.0156319 0.0142723 0.0127898 0.0112672 0.00974867 0.00828458 0.0069219 0.00569564 0.00462825 0.00373208 0.00301307 0.00246779 0.002048 0.00161068 0.00103681 0.000480528 0.00015775 3.91294e-05 7.84534e-06 1.31293e-06 1.80927e-07 1.88189e-08 1.06411e-09 0 
0 0.000291006 0.00118648 0.00221673 0.00349918 0.00505765 0.00680638 0.00864642 0.0104721 0.0121818 0.0136958 0.0149467 0.0158362 0.0162986 0.0163486 0.0160091 0.0152958 0.0142723 0.0130535 0.0117232 0.0103345 0.00894182 0.00759861 0.00634933 0.00522647 0.00425124 0.00343593 0.00278683 0.00229653 0.00190384 0.00146467 0.000904277 0.000401963 0.000128543 3.15656e-05 6.33018e-06 1.06515e-06 1.47935e-07 1.55241e-08 8.85891e-10 0 
0 0.00025345 0.00110129 0.00206459 0.00321088 0.00460444 0.0061704 0.00781853 0.00945349 0.0109808 0.0123172 0.0134 0.0141781 0.0146018 0.0146457 0.0143223 0.0136794 0.0127898 0.0117232 0.0105374 0.00928936 0.00803558 0.00682633 0.00570206 0.00469259 0.00381797 0.00309067 0.00251649 0.00208114 0.00171138 0.00127662 0.000753185 0.000322185 0.000101022 2.47183e-05 4.98495e-06 8.47116e-07 1.19018e-07 1.26394e-08 7.29794e-10 0 
0 0.000211855 0.000999301 0.00190547 0.00291087 0.0041277 0.00549896 0.00694328 0.00837627 0.00971449 0.0108817 0.0118159 0.0124728 0.012823 0.012854 0.0125783 0.0120328 0.0112672 0.0103345 0.00928936 0.00818658 0.00707765 0.00600714 0.00501111 0.00411671 0.00334297 0.00270229 0.00219814 0.00180866 0.00145996 0.00105315 0.000600465 0.000251975 7.88718e-05 1.94781e-05 3.98298e-06 6.87024e-07 9.79325e-08 1.0541e-08 6.16115e-10 0 
0 0.000168648 0.000878682 0.0017428 0.00261618 0.00365229 0.0048252 0.00606298 0.00729172 0.00843933 0.00943989 0.0102386 0.0107957 0.0110882 0.0111106 0.0108747 0.010408 0.00974867 0.00894182 0.00803558 0.00707765 0.00611214 0.0051774 0.0043049 0.00351901 0.0028376 0.00227187 0.001822 0.00146663 0.00115273 0.000816945 0.00046722 0.000200245 6.44338e-05 1.63226e-05 3.40697e-06 5.97124e-07 8.61795e-08 9.3662e-09 5.51584e-10 0 
0 0.000126715 0.000739128 0.00157268 0.00234039 0.00320081 0.00417844 0.00521444 0.00624443 0.00720689 0.00804609 0.00871567 0.00918181 0.00942516 0.00944139 0.0092404 0.00884431 0.00828458 0.00759861 0.00682633 0.00600714 0.0051774 0.00436894 0.00360836 0.00291747 0.00231391 0.00180957 0.00140594 0.00109089 0.000837883 0.000605499 0.000369234 0.000170815 5.83205e-05 1.53064e-05 3.25193e-06 5.74177e-07 8.30237e-08 9.0136e-09 5.29368e-10 0 
0 8.89908e-05 0.000585006 0.00138285 0.00208849 0.00279251 0.00358356 0.00442792 0.00527046 0.0060589 0.0067467 0.00729538 0.0076769 0.00787509 0.00788616 0.0077179 0.00738807 0.0069219 0.00634933 0.00570206 0.00501111 0.0043049 0.00360836 0.00294377 0.00233545 0.00181714 0.00142178 0.00113746 0.000900413 0.000673335 0.000475843 0.000308984 0.000159628 5.90804e-05 1.60494e-05 3.42715e-06 6.00195e-07 8.56757e-08 9.17229e-09 5.31316e-10 0 
0 5.7845e-05 0.000427558 0.0011581 0.00184894 0.00243928 0.00306095 0.00372721 0.00439708 0.00502628 0.00557601 0.00601467 0.00631932 0.00647668 0.00648337 0.0063453 0.00607622 0.00569564 0.00522647 0.00469259 0.00411671 0.00351901 0.00291747 0.00233545 0.00183066 0.00152518 0.00150926 0.00163282 0.00155246 0.00114056 0.000647597 0.000327138 0.000162058 6.36152e-05 1.77331e-05 3.75435e-06 6.43465e-07 8.96883e-08 9.38762e-09 5.32789e-10 0 
0 3.44864e-05 0.000283261 0.000894701 0.00158923 0.00213444 0.00262379 0.00313058 0.00364399 0.00413012 0.00455664 0.00489752 0.00513403 0.00525531 0.00525832 0.0051473 0.00493246 0.00462825 0.00425124 0.00381797 0.00334297 0.0028376 0.00231391 0.00181714 0.00152518 0.0017919 0.00282493 0.00409204 0.00449022 0.00320924 0.00163352 0.000604436 0.000202876 7.04934e-05 1.93457e-05 3.99515e-06 6.64301e-07 9.00161e-08 9.19157e-09 5.10575e-10 0 
0 1.87182e-05 0.000167527 0.000615676 0.00127159 0.00183696 0.00226439 0.00264778 0.00302493 0.00338427 0.00370214 0.00395733 0.0041344 0.00422428 0.00422415 0.00413677 0.00396938 0.00373208 0.00343593 0.00309067 0.00270229 0.00227187 0.00180957 0.00142178 0.00150926 0.00282493 0.00588604 0.0106222 0.0118633 0.00814286 0.0037695 0.00127609 0.000323297 8.21311e-05 2.01169e-05 3.93374e-06 6.2957e-07 8.29748e-08 8.29002e-09 4.52244e-10 0 
0 9.20258e-06 8.7595e-05 0.000366535 0.000896406 0.00147876 0.00192849 0.00226038 0.00254088 0.00279563 0.00302001 0.00320085 0.00332633 0.00338896 0.00338598 0.00331889 0.00319244 0.00301307 0.00278683 0.00251649 0.00219814 0.001822 0.00140594 0.00113746 0.00163282 0.00409204 0.0106222 0.0135907 0.0139413 0.0128308 0.00679004 0.00204538 0.00047241 9.45296e-05 1.93498e-05 3.46516e-06 5.30132e-07 6.82246e-08 6.71338e-09 3.61993e-10 0 
0 4.08777e-06 4.03648e-05 0.000185855 0.000530207 0.00103301 0.00152029 0.00188638 0.00214653 0.00234443 0.00250279 0.00262541 0.00270869 0.00274854 0.00274298 0.00269264 0.00259999 0.00246779 0.00229653 0.00208114 0.00180866 0.00146663 0.00109089 0.000900413 0.00155246 0.00449022 0.0118633 0.0139413 0.0142066 0.0132964 0.00812709 0.00225269 0.000507149 9.15704e-05 1.62003e-05 2.64156e-06 3.87354e-07 4.90894e-08 4.80162e-09 2.58054e-10 0 
0 1.64011e-06 1.64335e-05 8.02419e-05 0.000256832 0.000585339 0.00100779 0.00140762 0.00171591 0.00193217 0.00208082 0.00218135 0.0022434 0.00227056 0.00226417 0.00222502 0.00215342 0.002048 0.00190384 0.00171138 0.00145996 0.00115273 0.000837883 0.000673335 0.00114056 0.00320924 0.00814286 0.0128308 0.0132964 0.0113963 0.00512744 0.00166889 0.000375752 6.67325e-05 1.09794e-05 1.68297e-06 2.41279e-07 3.05453e-08 3.00332e-09 1.62379e-10 0 
0 5.95085e-07 5.94571e-06 2.98189e-05 0.000102339 0.000261685 0.000520186 0.000838085 0.00114841 0.00140358 0.00159028 0.00171538 0.00179028 0.00182397 0.0018218 0.00178608 0.00171654 0.00161068 0.00146467 0.00127662 0.00105315 0.000816945 0.000605499 0.000475843 0.000647597 0.00163352 0.0037695 0.00679004 0.00812709 0.00512744 0.00250547 0.000829134 0.000191432 3.53081e-05 5.75808e-06 8.75408e-07 1.26883e-07 1.63444e-08 1.63472e-09 8.97494e-11 0 
0 1.95573e-07 1.92449e-06 9.68247e-06 3.42962e-05 9.37074e-05 0.000205597 0.000372828 0.000575671 0.000781349 0.000961093 0.00109908 0.00119088 0.00123797 0.00124352 0.00121031 0.00114053 0.00103681 0.000904277 0.000753185 0.000600465 0.00046722 0.000369234 0.000308984 0.000327138 0.000604436 0.00127609 0.00204538 0.00225269 0.00166889 0.000829134 0.00028064 6.9221e-05 1.36749e-05 2.32844e-06 3.71745e-07 5.63851e-08 7.51944e-09 7.73311e-10 4.34807e-11 0 
0 5.82793e-08 5.60294e-07 2.7848e-06 9.91539e-06 2.78499e-05 6.43454e-05 0.000125433 0.000210732 0.000311603 0.00041406 0.00050398 0.000570899 0.000609055 0.000616686 0.00059501 0.000547644 0.000480528 0.000401963 0.000322185 0.000251975 0.000200245 0.000170815 0.000159628 0.000162058 0.000202876 0.000323297 0.00047241 0.000507149 0.000375752 0.000191432 6.9221e-05 1.87238e-05 4.02362e-06 7.51778e-07 1.31694e-07 2.13692e-08 2.98428e-09 3.18196e-10 1.84524e-11 0 
0 1.57359e-08 1.47113e-07 7.15832e-07 2.52165e-06 7.10337e-06 1.67128e-05 3.36654e-05 5.91111e-05 9.1892e-05 0.00012833 0.000163172 0.000191116 0.000208144 0.000212245 0.000203575 0.000184222 0.00015775 0.000128543 0.000101022 7.88718e-05 6.44338e-05 5.83205e-05 5.90804e-05 6.36152e-05 7.04934e-05 8.21311e-05 9.45296e-05 9.15704e-05 6.67325e-05 3.53081e-05 1.36749e-05 4.02362e-06 9.6535e-07 2.05123e-07 4.00166e-08 6.97974e-09 1.02574e-09 1.14011e-10 6.8553e-12 0 
0 3.83482e-09 3.47817e-08 1.64902e-07 5.69794e-07 1.58783e-06 3.73083e-06 7.57581e-06 1.3517e-05 2.14696e-05 3.0701e-05 3.99212e-05 4.76176e-05 5.24841e-05 5.37728e-05 5.1459e-05 4.61998e-05 3.91294e-05 3.15656e-05 2.47183e-05 1.94781e-05 1.63226e-05 1.53064e-05 1.60494e-05 1.77331e-05 1.93457e-05 2.01169e-05 1.93498e-05 1.62003e-05 1.09794e-05 5.75808e-06 2.32844e-06 7.51778e-07 2.05123e-07 4.94419e-08 1.06011e-08 1.9757e-09 3.05787e-10 3.55428e-11 2.22387e-12 0 
0 8.35472e-10 7.34606e-09 3.38649e-08 1.14305e-07 3.12942e-07 7.26981e-07 1.46869e-06 2.6218e-06 4.18451e-06 6.02878e-06 7.90505e-06 9.50042e-06 1.05291e-05 1.08182e-05 1.03546e-05 9.28097e-06 7.84534e-06 6.33018e-06 4.98495e-06 3.98298e-06 3.40697e-06 3.25193e-06 3.42715e-06 3.75435e-06 3.99515e-06 3.93374e-06 3.46516e-06 2.64156e-06 1.68297e-06 8.75408e-07 3.71745e-07 1.31694e-07 4.00166e-08 1.06011e-08 2.44584e-09 4.83424e-10 7.87432e-11 9.58444e-12 6.25293e-13 0 
0 1.59479e-10 1.35978e-09 6.09265e-09 2.00574e-08 5.37869e-08 1.22959e-07 2.45594e-07 4.35309e-07 6.9234e-07 9.96683e-07 1.30809e-06 1.57488e-06 1.74876e-06 1.79979e-06 1.72517e-06 1.54885e-06 1.31293e-06 1.06515e-06 8.47116e-07 6.87024e-07 5.97124e-07 5.74177e-07 6.00195e-07 6.43465e-07 6.64301e-07 6.2957e-07 5.30132e-07 3.87354e-07 2.41279e-07 1.26883e-07 5.63851e-08 2.13692e-08 6.97974e-09 1.9757e-09 4.83424e-10 1.00803e-10 1.7256e-11 2.19951e-12 1.49734e-13 0 
0 2.55566e-11 2.11506e-10 9.21635e-10 2.95905e-09 7.76548e-09 1.74377e-08 3.43419e-08 6.02326e-08 9.50963e-08 1.36259e-07 1.78372e-07 2.14534e-07 2.38258e-07 2.45479e-07 2.35776e-07 2.12361e-07 1.80927e-07 1.47935e-07 1.19018e-07 9.79325e-08 8.61795e-08 8.30237e-08 8.56757e-08 8.96883e-08 9.00161e-08 8.29748e-08 6.82246e-08 4.90894e-08 3.05453e-08 1.63444e-08 7.51944e-09 2.98428e-09 1.02574e-09 3.05787e-10 7.87432e-11 1.7256e-11 3.09819e-12 4.13134e-13 2.93382e-14 0 
0 3.10394e-12 2.49676e-11 1.0593e-10 3.31952e-10 8.52744e-10 1.88038e-09 3.64829e-09 6.32363e-09 9.89512e-09 1.40884e-08 1.83662e-08 2.20396e-08 2.44607e-08 2.52221e-08 2.428e-08 2.1955e-08 1.88189e-08 1.55241e-08 1.26394e-08 1.0541e-08 9.3662e-09 9.0136e-09 9.17229e-09 9.38762e-09 9.19157e-09 8.29002e-09 6.71338e-09 4.80162e-09 3.00332e-09 1.63472e-09 7.73311e-10 3.18196e-10 1.14011e-10 3.55428e-11 9.58444e-12 2.19951e-12 4.13134e-13 5.75334e-14 4.25758e-15 0 
0 2.04162e-13 1.59871e-12 6.61398e-12 2.02543e-11 5.09766e-11 1.10438e-10 2.11118e-10 3.6156e-10 5.60486e-10 7.92484e-10 1.02822e-09 1.23043e-09 1.36422e-09 1.40761e-09 1.35824e-09 1.2334e-09 1.06411e-09 8.85891e-10 7.29794e-10 6.16115e-10 5.51584e-10 5.29368e-10 5.31316e-10 5.32789e-10 5.10575e-10 4.52244e-10 3.61993e-10 2.58054e-10 1.62379e-10 8.97494e-11 4.34807e-11 1.84524e-11 6.8553e-12 2.22387e-12 6.25293e-13 1.49734e-13 2.93382e-14 4.25758e-15 3.27826e-16 0 
0 0 0 0 0 0 0 0 0 0 0 0 0 0 0 0 0 0 0 0 0 0 0 0 0 0 0 0 0 0 0 0 0 0 0 0 0 0 0 0 0 
