0 0 0 0 0 0 0 0 0 0 0 0 0 0 0 0 0 0 0 0 0 0 0 0 0 0 0 0 0 0 0 0 0 0 0 0 0 0 0 0 0 
0 1.91756e-07 1.68088e-06 7.16667e-06 2.0573e-05 4.44061e-05 7.71277e-05 0.000113828 0.000149238 0.000179851 0.00020416 0.000221957 0.000233607 0.000239616 0.000240434 0.000236412 0.000227798 0.000214787 0.000197585 0.00017653 0.000152239 0.000125749 9.85745e-05 7.25822e-05 4.96584e-05 3.12358e-05 1.78959e-05 9.27233e-06 4.32574e-06 1.81415e-06 6.84302e-07 2.32518e-07 7.1266e-08 1.9699e-08 4.89442e-09 1.08333e-09 2.09467e-10 3.39177e-11 4.15404e-12 2.7508e-13 0 
0 1.68088e-06 1.48964e-05 6.09806e-05 0.000157752 0.0002915 0.000424588 0.000531464 0.00060963 0.000666688 0.00070942 0.000741095 0.000762562 0.000773778 0.000774775 0.000766073 0.000748688 0.000723897 0.000692789 0.00065571 0.00061175 0.000558613 0.000493406 0.000414626 0.000324861 0.000232278 0.000148623 8.38742e-05 4.14387e-05 1.79187e-05 6.81527e-06 2.29663e-06 6.9036e-07 1.85886e-07 4.4826e-08 9.61523e-09 1.80149e-09 2.82877e-10 3.36407e-11 2.16662e-12 0 
0 7.16667e-06 6.09806e-05 0.000219615 0.000461844 0.000682842 0.000839058 0.000957882 0.00106598 0.00116944 0.00126353 0.00134129 0.00139711 0.00142756 0.00143159 0.00141024 0.00136646 0.00130467 0.00123037 0.00114959 0.00106811 0.000990034 0.000915627 0.000838906 0.000747276 0.000627139 0.000476601 0.000315617 0.000177296 8.3693e-05 3.34159e-05 1.14594e-05 3.43146e-06 9.08454e-07 2.1385e-07 4.46236e-08 8.12397e-09 1.23983e-09 1.43453e-10 9.00214e-12 0 
0 2.0573e-05 0.000157752 0.000461844 0.000770863 0.000990124 0.00118195 0.0013875 0.00160238 0.00180986 0.00199443 0.00214402 0.00225018 0.00230804 0.00231636 0.00227722 0.00219562 0.00207887 0.0019359 0.00177658 0.00161116 0.00144985 0.00130219 0.0011751 0.00106832 0.000967509 0.000842705 0.000666305 0.000448955 0.000246575 0.000109127 3.95692e-05 1.20903e-05 3.19286e-06 7.40202e-07 1.51132e-07 2.68476e-08 3.99534e-09 4.50998e-10 2.76426e-11 0 
0 4.44061e-05 0.0002915 0.000682842 0.000990124 0.00126315 0.00157565 0.00191957 0.00226828 0.00259765 0.00288732 0.00312077 0.00328602 0.00337613 0.00338939 0.00332904 0.00320268 0.00302125 0.00279799 0.00254727 0.00228354 0.00202061 0.00177127 0.00154732 0.00135903 0.00121099 0.00109089 0.000958138 0.000761232 0.000501159 0.000258046 0.000103304 3.31853e-05 8.90453e-06 2.0559e-06 4.13702e-07 7.2077e-08 1.05006e-08 1.16018e-09 6.96512e-11 0 
0 7.71277e-05 0.000424588 0.000839058 0.00118195 0.00157565 0.00203568 0.00252857 0.0030214 0.00348417 0.00389004 0.00421668 0.00444776 0.00457379 0.00459243 0.00450822 0.0043317 0.00407802 0.00376543 0.00341359 0.00304213 0.0026694 0.00231162 0.00198267 0.00169466 0.00145833 0.00127931 0.00114276 0.00099384 0.000763201 0.00046493 0.000212596 7.39822e-05 2.05788e-05 4.79066e-06 9.57593e-07 1.64531e-07 2.35658e-08 2.5575e-09 1.50848e-10 0 
0 0.000113828 0.000531464 0.000957882 0.0013875 0.00191957 0.00252857 0.00317377 0.00381631 0.00441861 0.00494643 0.00537173 0.00567481 0.00584268 0.0058679 0.00575506 0.00552184 0.00519035 0.0047834 0.00432536 0.00384116 0.00335416 0.00288473 0.00244962 0.0020621 0.00173311 0.00147239 0.00128299 0.00113813 0.000959072 0.000676272 0.000357375 0.000137721 4.04363e-05 9.60492e-06 1.92186e-06 3.2742e-07 4.63013e-08 4.95321e-09 2.87919e-10 0 
0 0.000149238 0.00060963 0.00106598 0.00160238 0.00226828 0.0030214 0.00381631 0.00460685 0.00534762 0.00600007 0.00654419 0.00696683 0.00722021 0.00726117 0.00709043 0.00675087 0.00630722 0.00579528 0.00522999 0.00463392 0.00403392 0.00345454 0.00291572 0.00243256 0.00201613 0.00167544 0.00141829 0.0012389 0.00108286 0.000846216 0.000510477 0.00021967 6.89252e-05 1.68656e-05 3.40052e-06 5.77228e-07 8.09069e-08 8.56036e-09 4.91838e-10 0 
0 0.000179851 0.000666688 0.00116944 0.00180986 0.00259765 0.00348417 0.00441861 0.00534762 0.00622285 0.00702998 0.00776849 0.00830362 0.00857007 0.00860972 0.00844084 0.00804547 0.00744281 0.00676418 0.00607784 0.00537441 0.0046688 0.00398699 0.0033519 0.00278064 0.0022849 0.00187278 0.00155151 0.0013241 0.00116084 0.000963013 0.000645418 0.000308313 0.000103819 2.63189e-05 5.37253e-06 9.12166e-07 1.27148e-07 1.33455e-08 7.5998e-10 0 
0 0.00020416 0.00070942 0.00126353 0.00199443 0.00288732 0.00389004 0.00494643 0.00600007 0.00702998 0.00804791 0.0087994 0.00920102 0.00938506 0.00941138 0.0092928 0.00900842 0.00849163 0.00769909 0.00683934 0.00602242 0.00522243 0.00445125 0.00373241 0.00308476 0.00252083 0.00204826 0.0016728 0.00139951 0.00121426 0.00103675 0.000748859 0.000390775 0.000140656 3.69784e-05 7.66004e-06 1.30421e-06 1.81268e-07 1.89224e-08 1.07064e-09 0 
0 0.000221957 0.000741095 0.00134129 0.00214402 0.00312077 0.00421668 0.00537173 0.00654419 0.00776849 0.0087994 0.00937417 0.00968377 0.00983046 0.00985089 0.00975368 0.00952687 0.00912956 0.00846443 0.0075069 0.00655104 0.00566509 0.00482169 0.00403595 0.00332743 0.00270941 0.00218934 0.00177178 0.00146144 0.00125218 0.00108096 0.000819653 0.00045758 0.000174203 4.73263e-05 9.94662e-06 1.70042e-06 2.36092e-07 2.45629e-08 1.38381e-09 0 
0 0.000233607 0.000762562 0.00139711 0.00225018 0.00328602 0.00444776 0.00567481 0.00696683 0.00830362 0.00920102 0.00968377 0.00995342 0.0100832 0.0101006 0.0100127 0.00981076 0.00946538 0.00890399 0.00800519 0.00694163 0.00597579 0.00507964 0.00424701 0.00349597 0.00284025 0.00228726 0.00184079 0.00150471 0.0012765 0.00110497 0.000862235 0.000503956 0.000199951 5.57312e-05 1.18555e-05 2.03511e-06 2.82602e-07 2.93522e-08 1.64953e-09 0 
0 0.000239616 0.000773778 0.00142756 0.00230804 0.00337613 0.00457379 0.00584268 0.00722021 0.00857007 0.00938506 0.00983046 0.0100832 0.0102054 0.0102211 0.0101365 0.00994449 0.00961979 0.00910141 0.00826232 0.00716256 0.00614096 0.00521439 0.00435666 0.00358303 0.00290734 0.00233697 0.00187528 0.00152553 0.00128659 0.00111369 0.000881607 0.000528631 0.000214949 6.08798e-05 1.30559e-05 2.24848e-06 3.12479e-07 3.24432e-08 1.82161e-09 0 
0 0.000240434 0.000774775 0.00143159 0.00231636 0.00338939 0.00459243 0.0058679 0.00726117 0.00860972 0.00941138 0.00985089 0.0101006 0.0102211 0.0102357 0.0101507 0.00995904 0.00963604 0.00912238 0.00829158 0.00718618 0.00615423 0.0052234 0.00436278 0.00358673 0.00290901 0.0023369 0.0018736 0.00152217 0.00128172 0.00110926 0.00088122 0.000532119 0.00021797 6.20711e-05 1.33552e-05 2.30437e-06 3.20605e-07 3.33113e-08 1.87136e-09 0 
0 0.000236412 0.000766073 0.00141024 0.00227722 0.00332904 0.00450822 0.00575506 0.00709043 0.00844084 0.0092928 0.00975368 0.0100127 0.0101365 0.0101507 0.0100618 0.00986191 0.00952379 0.00898135 0.00810705 0.00701538 0.00602123 0.00511212 0.0042697 0.00351035 0.00284759 0.00228856 0.00183655 0.00149479 0.00126177 0.00109213 0.000862549 0.000515604 0.000209328 5.93202e-05 1.27448e-05 2.20011e-06 3.06527e-07 3.19052e-08 1.79582e-09 0 
0 0.000227798 0.000748688 0.00136646 0.00219562 0.00320268 0.0043317 0.00552184 0.00675087 0.00804547 0.00900842 0.00952687 0.00981076 0.00994449 0.00995904 0.00986191 0.00964306 0.00926826 0.00865401 0.00770713 0.00668433 0.00575992 0.00489289 0.00408723 0.00336148 0.00272874 0.00219597 0.00176678 0.00144488 0.00122694 0.00106137 0.000825278 0.00048065 0.000190649 5.32973e-05 1.13906e-05 1.96545e-06 2.74354e-07 2.8641e-08 1.61757e-09 0 
0 0.000214787 0.000723897 0.00130467 0.00207887 0.00302125 0.00407802 0.00519035 0.00630722 0.00744281 0.00849163 0.00912956 0.00946538 0.00961979 0.00963604 0.00952379 0.00926826 0.00882011 0.00808167 0.0071374 0.0062412 0.00539359 0.0045832 0.00382933 0.00315094 0.00256044 0.00206473 0.00166798 0.00137434 0.00117675 0.00101421 0.000767858 0.000429588 0.000164661 4.51462e-05 9.57819e-06 1.65204e-06 2.31288e-07 2.42534e-08 1.37679e-09 0 
0 0.000197585 0.000692789 0.00123037 0.0019359 0.00279799 0.00376543 0.0047834 0.00579528 0.00676418 0.00769909 0.00846443 0.00890399 0.00910141 0.00912238 0.00898135 0.00865401 0.00808167 0.00729978 0.00649968 0.00571857 0.00494683 0.0042037 0.00351257 0.00289139 0.00235188 0.00190099 0.00154372 0.00128403 0.00110838 0.00094533 0.000688707 0.000366301 0.000134937 3.62296e-05 7.63486e-06 1.31832e-06 1.85466e-07 1.95754e-08 1.1192e-09 0 
0 0.00017653 0.00065571 0.00114959 0.00177658 0.00254727 0.00341359 0.00432536 0.00522999 0.00607784 0.00683934 0.0075069 0.00800519 0.00826232 0.00829158 0.00810705 0.00770713 0.0071374 0.00649968 0.00583127 0.00513915 0.00444544 0.00377646 0.00315449 0.00259603 0.0021122 0.00171025 0.00139594 0.00117145 0.00101437 0.000847275 0.000588594 0.000296951 0.000105454 2.78515e-05 5.8536e-06 1.01529e-06 1.43938e-07 1.53287e-08 8.84543e-10 0 
0 0.000152239 0.00061175 0.00106811 0.00161116 0.00228354 0.00304213 0.00384116 0.00463392 0.00537441 0.00602242 0.00655104 0.00694163 0.00716256 0.00718618 0.00701538 0.00668433 0.0062412 0.00571857 0.00513915 0.00452898 0.00391549 0.00332327 0.00277224 0.00227745 0.0018495 0.00149603 0.00122275 0.00102786 0.000881981 0.000714218 0.000474074 0.000229902 7.99416e-05 2.10189e-05 4.43989e-06 7.77215e-07 1.11359e-07 1.1987e-08 6.98846e-10 0 
0 0.000125749 0.000558613 0.000990034 0.00144985 0.00202061 0.0026694 0.00335416 0.00403392 0.0046688 0.00522243 0.00566509 0.00597579 0.00614096 0.00615423 0.00602123 0.00575992 0.00539359 0.00494683 0.00444544 0.00391549 0.00338135 0.00286424 0.00238156 0.00194682 0.00157017 0.00125907 0.00101738 0.000839958 0.000701402 0.000551746 0.000359642 0.000174069 6.11165e-05 1.62957e-05 3.49024e-06 6.18527e-07 8.95651e-08 9.7288e-09 5.71598e-10 0 
0 9.85745e-05 0.000493406 0.000915627 0.00130219 0.00177127 0.00231162 0.00288473 0.00345454 0.00398699 0.00445125 0.00482169 0.00507964 0.00521439 0.0052234 0.00511212 0.00489289 0.0045832 0.0042037 0.00377646 0.00332327 0.00286424 0.00241698 0.00199624 0.00161416 0.00128094 0.00100396 0.000785213 0.000619991 0.000496296 0.00038785 0.00026328 0.000135363 4.99963e-05 1.376e-05 2.99703e-06 5.35417e-07 7.78028e-08 8.46083e-09 4.9701e-10 0 
0 7.25822e-05 0.000414626 0.000838906 0.0011751 0.00154732 0.00198267 0.00244962 0.00291572 0.0033519 0.00373241 0.00403595 0.00424701 0.00435666 0.00436278 0.0042697 0.00408723 0.00382933 0.00351257 0.00315449 0.00277224 0.00238156 0.00199624 0.00162867 0.00129246 0.00100622 0.000787817 0.00063076 0.000500502 0.00037812 0.000277568 0.000196307 0.000112736 4.54459e-05 1.30251e-05 2.8641e-06 5.09283e-07 7.32856e-08 7.88204e-09 4.57969e-10 0 
0 4.96584e-05 0.000324861 0.000747276 0.00106832 0.00135903 0.00169466 0.0020621 0.00243256 0.00278064 0.00308476 0.00332743 0.00349597 0.00358303 0.00358673 0.00351035 0.00336148 0.00315094 0.00289139 0.00259603 0.00227745 0.00194682 0.00161416 0.00129246 0.00101334 0.000844036 0.00083501 0.000903322 0.000858866 0.000631049 0.000359115 0.00018673 0.000101986 4.45657e-05 1.3311e-05 2.92402e-06 5.10695e-07 7.19127e-08 7.5746e-09 4.31853e-10 0 
0 3.12358e-05 0.000232278 0.000627139 0.000967509 0.00121099 0.00145833 0.00173311 0.00201613 0.0022849 0.00252083 0.00270941 0.00284025 0.00290734 0.00290901 0.00284759 0.00272874 0.00256044 0.00235188 0.0021122 0.0018495 0.00157017 0.00128094 0.00100622 0.000844036 0.000991324 0.00156281 0.00236471 0.00278224 0.0017766 0.0009037 0.000334764 0.000116478 4.54208e-05 1.37054e-05 2.97262e-06 5.05767e-07 6.93199e-08 7.12608e-09 3.97761e-10 0 
0 1.78959e-05 0.000148623 0.000476601 0.000842705 0.00109089 0.00127931 0.00147239 0.00167544 0.00187278 0.00204826 0.00218934 0.00228726 0.00233697 0.0023369 0.00228856 0.00219597 0.00206473 0.00190099 0.00171025 0.00149603 0.00125907 0.00100396 0.000787817 0.00083501 0.00156281 0.0034032 0.00609602 0.00642398 0.0049515 0.00208644 0.000705965 0.000179818 4.93264e-05 1.35782e-05 2.83701e-06 4.67369e-07 6.2375e-08 6.27324e-09 3.43781e-10 0 
0 9.27233e-06 8.38742e-05 0.000315617 0.000666305 0.000958138 0.00114276 0.00128299 0.00141829 0.00155151 0.0016728 0.00177178 0.00184079 0.00187528 0.0018736 0.00183655 0.00176678 0.00166798 0.00154372 0.00139594 0.00122275 0.00101738 0.000785213 0.00063076 0.000903322 0.00236471 0.00609602 0.00700496 0.00712054 0.00667476 0.00417987 0.00113156 0.000261583 5.45897e-05 1.25621e-05 2.4423e-06 3.87351e-07 5.05505e-08 5.00596e-09 2.71025e-10 0 
0 4.32574e-06 4.14387e-05 0.000177296 0.000448955 0.000761232 0.00099384 0.00113813 0.0012389 0.0013241 0.00139951 0.00146144 0.00150471 0.00152553 0.00152217 0.00149479 0.00144488 0.00137434 0.00128403 0.00117145 0.00102786 0.000839958 0.000619991 0.000500502 0.000858866 0.00278224 0.00642398 0.00712054 0.00721378 0.00685656 0.00497213 0.00124779 0.000280698 5.22268e-05 1.02848e-05 1.8338e-06 2.80261e-07 3.6056e-08 3.54804e-09 1.91359e-10 0 
0 1.81415e-06 1.79187e-05 8.3693e-05 0.000246575 0.000501159 0.000763201 0.000959072 0.00108286 0.00116084 0.00121426 0.00125218 0.0012765 0.00128659 0.00128172 0.00126177 0.00122694 0.00117675 0.00110838 0.00101437 0.000881981 0.000701402 0.000496296 0.00037812 0.000631049 0.0017766 0.0049515 0.00667476 0.00685656 0.00630942 0.00302538 0.000923265 0.000208084 3.82104e-05 6.94893e-06 1.16189e-06 1.73722e-07 2.2321e-08 2.20661e-09 1.19665e-10 0 
0 6.84302e-07 6.81527e-06 3.34159e-05 0.000109127 0.000258046 0.00046493 0.000676272 0.000846216 0.000963013 0.00103675 0.00108096 0.00110497 0.00111369 0.00110926 0.00109213 0.00106137 0.00101421 0.00094533 0.000847275 0.000714218 0.000551746 0.00038785 0.000277568 0.000359115 0.0009037 0.00208644 0.00417987 0.00497213 0.00302538 0.00138607 0.00045871 0.000106425 2.06105e-05 3.69615e-06 6.0695e-07 9.1299e-08 1.19115e-08 1.19674e-09 6.58687e-11 0 
0 2.32518e-07 2.29663e-06 1.14594e-05 3.95692e-05 0.000103304 0.000212596 0.000357375 0.000510477 0.000645418 0.000748859 0.000819653 0.000862235 0.000881607 0.00088122 0.000862549 0.000825278 0.000767858 0.000688707 0.000588594 0.000474074 0.000359642 0.00026328 0.000196307 0.00018673 0.000334764 0.000705965 0.00113156 0.00124779 0.000923265 0.00045871 0.000155537 3.92007e-05 8.28321e-06 1.53559e-06 2.60689e-07 4.06608e-08 5.47341e-09 5.64827e-10 3.18228e-11 0 
0 7.1266e-08 6.9036e-07 3.43146e-06 1.20903e-05 3.31853e-05 7.39822e-05 0.000137721 0.00021967 0.000308313 0.000390775 0.00045758 0.000503956 0.000528631 0.000532119 0.000515604 0.00048065 0.000429588 0.000366301 0.000296951 0.000229902 0.000174069 0.000135363 0.000112736 0.000101986 0.000116478 0.000179818 0.000261583 0.000280698 0.000208084 0.000106425 3.92007e-05 1.1127e-05 2.56588e-06 5.1254e-07 9.36149e-08 1.54572e-08 2.17129e-09 2.3207e-10 1.34795e-11 0 
0 1.9699e-08 1.85886e-07 9.08454e-07 3.19286e-06 8.90453e-06 2.05788e-05 4.04363e-05 6.89252e-05 0.000103819 0.000140656 0.000174203 0.000199951 0.000214949 0.00021797 0.000209328 0.000190649 0.000164661 0.000134937 0.000105454 7.99416e-05 6.11165e-05 4.99963e-05 4.54459e-05 4.45657e-05 4.54208e-05 4.93264e-05 5.45897e-05 5.22268e-05 3.82104e-05 2.06105e-05 8.28321e-06 2.56588e-06 6.50156e-07 1.44126e-07 2.8762e-08 5.0612e-09 7.46178e-10 8.3074e-11 5.00142e-12 0 
0 4.89442e-09 4.4826e-08 2.1385e-07 7.40202e-07 2.0559e-06 4.79066e-06 9.60492e-06 1.68656e-05 2.63189e-05 3.69784e-05 4.73263e-05 5.57312e-05 6.08798e-05 6.20711e-05 5.93202e-05 5.32973e-05 4.51462e-05 3.62296e-05 2.78515e-05 2.10189e-05 1.62957e-05 1.376e-05 1.30251e-05 1.3311e-05 1.37054e-05 1.35782e-05 1.25621e-05 1.02848e-05 6.94893e-06 3.69615e-06 1.53559e-06 5.1254e-07 1.44126e-07 3.54333e-08 7.66966e-09 1.43474e-09 2.22434e-10 2.58833e-11 1.62109e-12 0 
0 1.08333e-09 9.61523e-09 4.46236e-08 1.51132e-07 4.13702e-07 9.57593e-07 1.92186e-06 3.40052e-06 5.37253e-06 7.66004e-06 9.94662e-06 1.18555e-05 1.30559e-05 1.33552e-05 1.27448e-05 1.13906e-05 9.57819e-06 7.63486e-06 5.8536e-06 4.43989e-06 3.49024e-06 2.99703e-06 2.8641e-06 2.92402e-06 2.97262e-06 2.83701e-06 2.4423e-06 1.8338e-06 1.16189e-06 6.0695e-07 2.60689e-07 9.36149e-08 2.8762e-08 7.66966e-09 1.775e-09 3.51342e-10 5.72809e-11 6.97754e-12 4.55564e-13 0 
0 2.09467e-10 1.80149e-09 8.12397e-09 2.68476e-08 7.2077e-08 1.64531e-07 3.2742e-07 5.77228e-07 9.12166e-07 1.30421e-06 1.70042e-06 2.03511e-06 2.24848e-06 2.30437e-06 2.20011e-06 1.96545e-06 1.65204e-06 1.31832e-06 1.01529e-06 7.77215e-07 6.18527e-07 5.35417e-07 5.09283e-07 5.10695e-07 5.05767e-07 4.67369e-07 3.87351e-07 2.80261e-07 1.73722e-07 9.1299e-08 4.06608e-08 1.54572e-08 5.0612e-09 1.43474e-09 3.51342e-10 7.33017e-11 1.25544e-11 1.60109e-12 1.09057e-13 0 
0 3.39177e-11 2.82877e-10 1.23983e-09 3.99534e-09 1.05006e-08 2.35658e-08 4.63013e-08 8.09069e-08 1.27148e-07 1.81268e-07 2.36092e-07 2.82602e-07 3.12479e-07 3.20605e-07 3.06527e-07 2.74354e-07 2.31288e-07 1.85466e-07 1.43938e-07 1.11359e-07 8.95651e-08 7.78028e-08 7.32856e-08 7.19127e-08 6.93199e-08 6.2375e-08 5.05505e-08 3.6056e-08 2.2321e-08 1.19115e-08 5.47341e-09 2.17129e-09 7.46178e-10 2.22434e-10 5.72809e-11 1.25544e-11 2.25461e-12 3.00746e-13 2.13657e-14 0 
0 4.15404e-12 3.36407e-11 1.43453e-10 4.50998e-10 1.16018e-09 2.5575e-09 4.95321e-09 8.56036e-09 1.33455e-08 1.89224e-08 2.45629e-08 2.93522e-08 3.24432e-08 3.33113e-08 3.19052e-08 2.8641e-08 2.42534e-08 1.95754e-08 1.53287e-08 1.1987e-08 9.7288e-09 8.46083e-09 7.88204e-09 7.5746e-09 7.12608e-09 6.27324e-09 5.00596e-09 3.54804e-09 2.20661e-09 1.19674e-09 5.64827e-10 2.3207e-10 8.3074e-11 2.58833e-11 6.97754e-12 1.60109e-12 3.00746e-13 4.1889e-14 3.10066e-15 0 
0 2.7508e-13 2.16662e-12 9.00214e-12 2.76426e-11 6.96512e-11 1.50848e-10 2.87919e-10 4.91838e-10 7.5998e-10 1.07064e-09 1.38381e-09 1.64953e-09 1.82161e-09 1.87136e-09 1.79582e-09 1.61757e-09 1.37679e-09 1.1192e-09 8.84543e-10 6.98846e-10 5.71598e-10 4.9701e-10 4.57969e-10 4.31853e-10 3.97761e-10 3.43781e-10 2.71025e-10 1.91359e-10 1.19665e-10 6.58687e-11 3.18228e-11 1.34795e-11 5.00142e-12 1.62109e-12 4.55564e-13 1.09057e-13 2.13657e-14 3.10066e-15 2.38774e-16 0 
0 0 0 0 0 0 0 0 0 0 0 0 0 0 0 0 0 0 0 0 0 0 0 0 0 0 0 0 0 0 0 0 0 0 0 0 0 0 0 0 0 
