0 0 0 0 0 0 0 0 0 0 0 0 0 0 0 0 0 0 0 0 0 0 0 0 0 0 0 0 0 0 0 0 0 0 0 0 0 0 0 0 0 
0 1.83677e-07 1.60355e-06 6.78282e-06 1.92437e-05 4.09481e-05 7.00661e-05 0.000101968 0.00013208 0.000157616 0.00017757 0.000191991 0.000201336 0.000206109 0.000206723 0.000203468 0.000196526 0.000186008 0.000172011 0.000154718 0.00013453 0.00011221 8.89541e-05 6.63293e-05 4.60092e-05 2.9365e-05 1.70761e-05 8.9778e-06 4.24656e-06 1.80347e-06 6.87861e-07 2.35967e-07 7.29074e-08 2.02879e-08 5.06854e-09 1.1269e-09 2.18682e-10 3.55129e-11 4.35953e-12 2.89226e-13 0 
0 1.60355e-06 1.41141e-05 5.69797e-05 0.000144408 0.000260615 0.000371223 0.000456321 0.000516606 0.000560039 0.000592681 0.000617125 0.000633838 0.000642595 0.00064331 0.000636373 0.000622648 0.000603263 0.000579229 0.00055094 0.000517665 0.000477324 0.000426985 0.000364479 0.000290869 0.000212263 0.000138756 7.99778e-05 4.02969e-05 1.77278e-05 6.84065e-06 2.33227e-06 7.07595e-07 1.91916e-07 4.65432e-08 1.00277e-08 1.88521e-09 2.96807e-10 3.537e-11 2.28163e-12 0 
0 6.78282e-06 5.69797e-05 0.000200257 0.000407984 0.000585827 0.000705558 0.000796861 0.000882559 0.000966388 0.00104338 0.00110729 0.00115324 0.00117833 0.00118164 0.00116405 0.00112798 0.00107712 0.00101609 0.000950032 0.000884008 0.000821912 0.000764619 0.000707671 0.000640241 0.00054887 0.000428158 0.000291809 0.000168652 8.16634e-05 3.32928e-05 1.16019e-05 3.51565e-06 9.38835e-07 2.22396e-07 4.66208e-08 8.51625e-09 1.30294e-09 1.51034e-10 9.49099e-12 0 
0 1.92437e-05 0.000144408 0.000407984 0.00065722 0.00082617 0.000978137 0.00114575 0.00132259 0.00149372 0.00164603 0.00176948 0.00185709 0.00190484 0.00191171 0.0018794 0.00181206 0.00171571 0.00159772 0.00146625 0.00132981 0.00119696 0.00107592 0.00097327 0.000890222 0.000816371 0.000726224 0.000591425 0.000412634 0.000234686 0.000107054 3.97306e-05 1.23417e-05 3.29615e-06 7.69976e-07 1.58024e-07 2.81717e-08 4.20273e-09 4.75232e-10 2.91642e-11 0 
0 4.09481e-05 0.000260615 0.000585827 0.00082617 0.00104435 0.00130064 0.00158426 0.00187203 0.00214386 0.00238292 0.00257559 0.00271198 0.00278634 0.00279728 0.00274748 0.00264319 0.00249346 0.0023092 0.00210228 0.00188462 0.00166764 0.00146191 0.00127737 0.00112317 0.00100475 0.00091466 0.000820514 0.000673559 0.000461554 0.000247254 0.000102258 3.36232e-05 9.16136e-06 2.13591e-06 4.32469e-07 7.56468e-08 1.10493e-08 1.22292e-09 7.35044e-11 0 
0 7.00661e-05 0.000371223 0.000705558 0.000978137 0.00130064 0.00168007 0.00208685 0.00249358 0.00287551 0.00321047 0.00348006 0.00367078 0.00377482 0.00379021 0.00372069 0.00357498 0.00336562 0.00310763 0.00281726 0.00251069 0.00220307 0.00190779 0.00163634 0.00139879 0.00120462 0.00106037 0.000957468 0.000852608 0.000679722 0.000433003 0.000206395 7.41212e-05 2.10503e-05 4.96342e-06 9.99789e-07 1.72586e-07 2.47909e-08 2.69538e-09 1.5917e-10 0 
0 0.000101968 0.000456321 0.000796861 0.00114575 0.00158426 0.00208685 0.00261934 0.00314962 0.00364671 0.00408239 0.00443394 0.00468616 0.00482785 0.00484952 0.00475389 0.00455866 0.00428391 0.0039478 0.00356975 0.00317014 0.00276821 0.00238079 0.00202169 0.00170188 0.00143051 0.00121635 0.00106445 0.00095748 0.000831062 0.000612266 0.000339313 0.000136043 4.10407e-05 9.91099e-06 2.00231e-06 3.43042e-07 4.86717e-08 5.21728e-09 3.03653e-10 0 
0 0.00013208 0.000516606 0.000882559 0.00132259 0.00187203 0.00249358 0.00314962 0.00380207 0.00441359 0.00495456 0.00541853 0.00579604 0.00602436 0.00606179 0.00590987 0.00560398 0.0052145 0.00478419 0.00431644 0.00382441 0.00332922 0.00285106 0.00240637 0.00200761 0.00166395 0.00138303 0.00117253 0.00103162 0.000920676 0.000747894 0.000474089 0.000213647 6.93175e-05 1.73163e-05 3.5331e-06 6.03767e-07 8.49526e-08 9.00879e-09 5.18322e-10 0 
0 0.000157616 0.000560039 0.000966388 0.00149372 0.00214386 0.00287551 0.00364671 0.00441359 0.0051395 0.00583479 0.00648645 0.00691877 0.00711959 0.00714934 0.00702409 0.00671738 0.00620446 0.00560012 0.00501812 0.00443566 0.0038532 0.00329049 0.00276635 0.00229488 0.00188575 0.00154569 0.00128121 0.00109734 0.000975505 0.000835743 0.000587849 0.000295325 0.000103415 2.68757e-05 5.56465e-06 9.52255e-07 1.33323e-07 1.40293e-08 8.00153e-10 0 
0 0.00017757 0.000592681 0.00104338 0.00164603 0.00238292 0.00321047 0.00408239 0.00495456 0.00583479 0.00671794 0.00728696 0.00757764 0.00771192 0.00773146 0.00764514 0.00743848 0.00706058 0.00642078 0.00566208 0.00497198 0.00431018 0.00367365 0.00308038 0.00254587 0.00208046 0.00169046 0.00138087 0.00115742 0.00101358 0.000888414 0.000671518 0.000369297 0.000138845 3.75593e-05 7.90904e-06 1.35878e-06 1.89793e-07 1.98684e-08 1.12608e-09 0 
0 0.000191991 0.000617125 0.00110729 0.00176948 0.00257559 0.00348006 0.00443394 0.00541853 0.00648645 0.00728696 0.0077036 0.00793064 0.00803915 0.00805459 0.00798305 0.00781621 0.00752522 0.00703583 0.00624923 0.00541624 0.00467605 0.00397939 0.0033309 0.00274615 0.00223609 0.00180688 0.0014624 0.00120754 0.00104142 0.000918713 0.000726654 0.000427777 0.000170638 4.78422e-05 1.02403e-05 1.76818e-06 2.46841e-07 2.57603e-08 1.45393e-09 0 
0 0.000201336 0.000633838 0.00115324 0.00185709 0.00271198 0.00367078 0.00468616 0.00579604 0.00691877 0.00757764 0.00793064 0.0081301 0.00822683 0.00824015 0.00817503 0.00802548 0.00777077 0.00735912 0.00667012 0.00575568 0.00493415 0.00419233 0.00350509 0.00288525 0.00234408 0.00188769 0.00151929 0.00124279 0.0010596 0.000934498 0.000758653 0.000467511 0.00019472 5.61275e-05 1.21764e-05 2.11267e-06 2.95082e-07 3.07483e-08 1.73132e-09 0 
0 0.000206109 0.000642595 0.00117833 0.00190484 0.00278634 0.00377482 0.00482785 0.00602436 0.00711959 0.00771192 0.00803915 0.00822683 0.00831821 0.00833027 0.00826751 0.00812482 0.0078845 0.00750325 0.00687401 0.0059516 0.00507275 0.00430363 0.00359558 0.0029571 0.00239945 0.00192872 0.00154774 0.00125978 0.00106703 0.000939517 0.00077249 0.000488191 0.000208565 6.11582e-05 1.33857e-05 2.33103e-06 3.25904e-07 3.39508e-08 1.91002e-09 0 
0 0.000206723 0.00064331 0.00118164 0.00191171 0.00279728 0.00379021 0.00484952 0.00606179 0.00714934 0.00773146 0.00805459 0.00824015 0.00833027 0.00834156 0.00827842 0.00813588 0.00789664 0.00751858 0.0068971 0.00597402 0.0050843 0.00431109 0.00360063 0.00296015 0.00240082 0.00192866 0.00154635 0.00125697 0.00106279 0.000935206 0.000771278 0.000490706 0.0002112 6.2278e-05 1.36776e-05 2.38651e-06 3.34043e-07 3.48239e-08 1.96016e-09 0 
0 0.000203468 0.000636373 0.00116405 0.0018794 0.00274748 0.00372069 0.00475389 0.00590987 0.00702409 0.00764514 0.00798305 0.00817503 0.00826751 0.00827842 0.00821243 0.00806398 0.00781398 0.00741537 0.00675365 0.00582493 0.0049728 0.00421917 0.00352381 0.00289711 0.00235013 0.00188877 0.00151578 0.00123445 0.00104666 0.000921758 0.000756147 0.000476148 0.000202961 5.95135e-05 1.30452e-05 2.27664e-06 3.19054e-07 3.33166e-08 1.87875e-09 0 
0 0.000196526 0.000622648 0.00112798 0.00181206 0.00264319 0.00357498 0.00455866 0.00560398 0.00671738 0.00743848 0.00781621 0.00802548 0.00812482 0.00813588 0.00806398 0.00790208 0.00762613 0.00717519 0.00642715 0.00553502 0.00475505 0.00403817 0.00337322 0.00277425 0.00225204 0.00181235 0.00145823 0.00119348 0.00101885 0.000898291 0.000726478 0.000445591 0.000185279 5.35097e-05 1.16551e-05 2.0319e-06 2.85197e-07 2.98621e-08 1.68935e-09 0 
0 0.000186008 0.000603263 0.00107712 0.00171571 0.00249346 0.00336562 0.00428391 0.0052145 0.00620446 0.00706058 0.00752522 0.00777077 0.0078845 0.00789664 0.00781398 0.00762613 0.00729764 0.00673956 0.00593018 0.00515614 0.00445167 0.00378255 0.00316038 0.00260049 0.00211315 0.00170404 0.00137675 0.00113571 0.00097908 0.000862329 0.000680277 0.000400524 0.00016054 4.53646e-05 9.79364e-06 1.70514e-06 2.3991e-07 2.52235e-08 1.43381e-09 0 
0 0.000172011 0.000579229 0.00101609 0.00159772 0.0023092 0.00310763 0.0039478 0.00478419 0.00560012 0.00642078 0.00703583 0.00735912 0.00750325 0.00751858 0.00741537 0.00717519 0.00673956 0.00607376 0.00537367 0.00472043 0.00408269 0.00346934 0.00289895 0.00238628 0.00194102 0.00156892 0.00127434 0.00106198 0.000925088 0.000808956 0.000615068 0.000343691 0.000131938 3.63982e-05 7.78977e-06 1.35617e-06 1.91598e-07 2.02649e-08 1.1597e-09 0 
0 0.000154718 0.00055094 0.000950032 0.00146625 0.00210228 0.00281726 0.00356975 0.00431644 0.00501812 0.00566208 0.00624923 0.00667012 0.00687401 0.0068971 0.00675365 0.00642715 0.00593018 0.00537367 0.00481375 0.00424145 0.00366886 0.00311674 0.00260342 0.00214252 0.00174322 0.00141154 0.00115268 0.000970354 0.000850445 0.00073064 0.000529917 0.000279991 0.000103157 2.78935e-05 5.94006e-06 1.03733e-06 1.47549e-07 1.57355e-08 9.08371e-10 0 
0 0.00013453 0.000517665 0.000884008 0.00132981 0.00188462 0.00251069 0.00317014 0.00382441 0.00443566 0.00497198 0.00541624 0.00575568 0.0059516 0.00597402 0.00582493 0.00553502 0.00515614 0.00472043 0.00424145 0.0037378 0.00323148 0.00274272 0.00228795 0.0018796 0.00152642 0.00123484 0.00101027 0.000853403 0.000743286 0.000620091 0.000428888 0.000216766 7.7794e-05 2.08613e-05 4.45421e-06 7.83889e-07 1.1258e-07 1.21275e-08 7.06985e-10 0 
0 0.00011221 0.000477324 0.000821912 0.00119696 0.00166764 0.00220307 0.00276821 0.00332922 0.0038532 0.00431018 0.00467605 0.00493415 0.00507275 0.0050843 0.0049728 0.00475505 0.00445167 0.00408269 0.00366886 0.00323148 0.00279065 0.00236388 0.00196552 0.00160673 0.00129593 0.00103948 0.000841359 0.000698891 0.000592715 0.000479431 0.000324098 0.000162521 5.86e-05 1.58827e-05 3.43181e-06 6.10762e-07 8.85991e-08 9.62888e-09 5.65669e-10 0 
0 8.89541e-05 0.000426985 0.000764619 0.00107592 0.00146191 0.00190779 0.00238079 0.00285106 0.00329049 0.00367365 0.00397939 0.00419233 0.00430363 0.00431109 0.00421917 0.00403817 0.00378255 0.00346934 0.00311674 0.00274272 0.00236388 0.00199475 0.00164751 0.0013322 0.0010573 0.00082908 0.000649457 0.000515071 0.000416873 0.00033291 0.000232981 0.000123542 4.67271e-05 1.30533e-05 2.8665e-06 5.1425e-07 7.48807e-08 8.15108e-09 4.79042e-10 0 
0 6.63293e-05 0.000364479 0.000707671 0.00097327 0.00127737 0.00163634 0.00202169 0.00240637 0.00276635 0.00308038 0.0033309 0.00350509 0.00359558 0.00360063 0.00352381 0.00337322 0.00316038 0.00289895 0.00260342 0.00228795 0.00196552 0.00164751 0.00134417 0.00106675 0.000830604 0.000650417 0.000520851 0.000413538 0.00031326 0.000232395 0.000168424 9.97234e-05 4.12171e-05 1.20041e-05 2.6637e-06 4.76005e-07 6.8689e-08 7.40048e-09 4.30517e-10 0 
0 4.60092e-05 0.000290869 0.000640241 0.000890222 0.00112317 0.00139879 0.00170188 0.00200761 0.00229488 0.00254587 0.00274615 0.00288525 0.0029571 0.00296015 0.00289711 0.00277425 0.00260049 0.00238628 0.00214252 0.0018796 0.00160673 0.0013322 0.00106675 0.00083641 0.000696636 0.000689149 0.00074552 0.00070883 0.000520822 0.000296555 0.000155451 8.73309e-05 3.93498e-05 1.19876e-05 2.66197e-06 4.67627e-07 6.60671e-08 6.97396e-09 3.98258e-10 0 
0 2.9365e-05 0.000212263 0.00054887 0.000816371 0.00100475 0.00120462 0.00143051 0.00166395 0.00188575 0.00208046 0.00223609 0.00234408 0.00239945 0.00240082 0.00235013 0.00225204 0.00211315 0.00194102 0.00174322 0.00152642 0.00129593 0.0010573 0.000830604 0.000696636 0.000818148 0.0012898 0.00200155 0.0023843 0.00146792 0.00074583 0.000276361 9.7151e-05 3.91701e-05 1.21373e-05 2.66881e-06 4.57112e-07 6.2872e-08 6.47753e-09 3.62161e-10 0 
0 1.70761e-05 0.000138756 0.000428158 0.000726224 0.00091466 0.00106037 0.00121635 0.00138303 0.00154569 0.00169046 0.00180688 0.00188769 0.00192872 0.00192866 0.00188877 0.00181235 0.00170404 0.00156892 0.00141154 0.00123484 0.00103948 0.00082908 0.000650417 0.000689149 0.0012898 0.00288016 0.0050231 0.00523496 0.00418092 0.00172349 0.000582639 0.000148622 4.16979e-05 1.18643e-05 2.52393e-06 4.19111e-07 5.61397e-08 5.65789e-09 3.10525e-10 0 
0 8.9778e-06 7.99778e-05 0.000291809 0.000591425 0.000820514 0.000957468 0.00106445 0.00117253 0.00128121 0.00138087 0.0014624 0.00151929 0.00154774 0.00154635 0.00151578 0.00145823 0.00137675 0.00127434 0.00115268 0.00101027 0.000841359 0.000649457 0.000520851 0.00074552 0.00200155 0.0050231 0.00567824 0.00575961 0.00541927 0.00354188 0.000933911 0.000215937 4.56249e-05 1.08607e-05 2.15897e-06 3.45704e-07 4.52904e-08 4.49367e-09 2.43606e-10 0 
0 4.24656e-06 4.02969e-05 0.000168652 0.000412634 0.000673559 0.000852608 0.00095748 0.00103162 0.00109734 0.00115742 0.00120754 0.00124279 0.00125978 0.00125697 0.00123445 0.00119348 0.00113571 0.00106198 0.000970354 0.000853403 0.000698891 0.000515071 0.000413538 0.00070883 0.0023843 0.00523496 0.00575961 0.00582992 0.00556017 0.00419254 0.00103193 0.00023169 4.34925e-05 8.83785e-06 1.61449e-06 2.49412e-07 3.22166e-08 3.17578e-09 1.71472e-10 0 
0 1.80347e-06 1.77278e-05 8.16634e-05 0.000234686 0.000461554 0.000679722 0.000831062 0.000920676 0.000975505 0.00101358 0.00104142 0.0010596 0.00106703 0.00106279 0.00104666 0.00101885 0.00097908 0.000925088 0.000850445 0.000743286 0.000592715 0.000416873 0.00031326 0.000520822 0.00146792 0.00418092 0.00541927 0.00556017 0.00515243 0.00256269 0.000761977 0.000171779 3.18604e-05 5.96697e-06 1.02144e-06 1.54379e-07 1.99125e-08 1.97156e-09 1.07017e-10 0 
0 6.87861e-07 6.84065e-06 3.32928e-05 0.000107054 0.000247254 0.000433003 0.000612266 0.000747894 0.000835743 0.000888414 0.000918713 0.000934498 0.000939517 0.000935206 0.000921758 0.000898291 0.000862329 0.000808956 0.00073064 0.000620091 0.000479431 0.00033291 0.000232395 0.000296555 0.00074583 0.00172349 0.00354188 0.00419254 0.00256269 0.00114394 0.00037858 8.79556e-05 1.72871e-05 3.18671e-06 5.34156e-07 8.11102e-08 1.06171e-08 1.06805e-09 5.88307e-11 0 
0 2.35967e-07 2.33227e-06 1.16019e-05 3.97306e-05 0.000102258 0.000206395 0.000339313 0.000474089 0.000587849 0.000671518 0.000726654 0.000758653 0.00077249 0.000771278 0.000756147 0.000726478 0.000680277 0.000615068 0.000529917 0.000428888 0.000324098 0.000232981 0.000168424 0.000155451 0.000276361 0.000582639 0.000933911 0.00103193 0.000761977 0.00037858 0.00012843 3.25795e-05 7.02486e-06 1.3338e-06 2.3008e-07 3.61397e-08 4.8766e-09 5.03728e-10 2.8398e-11 0 
0 7.29074e-08 7.07595e-07 3.51565e-06 1.23417e-05 3.36232e-05 7.41212e-05 0.000136043 0.000213647 0.000295325 0.000369297 0.000427777 0.000467511 0.000488191 0.000490706 0.000476148 0.000445591 0.000400524 0.000343691 0.000279991 0.000216766 0.000162521 0.000123542 9.97234e-05 8.73309e-05 9.7151e-05 0.000148622 0.000215937 0.00023169 0.000171779 8.79556e-05 3.25795e-05 9.38371e-06 2.20839e-06 4.49108e-07 8.29021e-08 1.37481e-08 1.93418e-09 2.06871e-10 1.20218e-11 0 
0 2.02879e-08 1.91916e-07 9.38835e-07 3.29615e-06 9.16136e-06 2.10503e-05 4.10407e-05 6.93175e-05 0.000103415 0.000138845 0.000170638 0.00019472 0.000208565 0.0002112 0.000202961 0.000185279 0.00016054 0.000131938 0.000103157 7.7794e-05 5.86e-05 4.67271e-05 4.12171e-05 3.93498e-05 3.91701e-05 4.16979e-05 4.56249e-05 4.34925e-05 3.18604e-05 1.72871e-05 7.02486e-06 2.20839e-06 5.67884e-07 1.27259e-07 2.55397e-08 4.50422e-09 6.64639e-10 7.40319e-11 4.45877e-12 0 
0 5.06854e-09 4.65432e-08 2.22396e-07 7.69976e-07 2.13591e-06 4.96342e-06 9.91099e-06 1.73163e-05 2.68757e-05 3.75593e-05 4.78422e-05 5.61275e-05 6.11582e-05 6.2278e-05 5.95135e-05 5.35097e-05 4.53646e-05 3.63982e-05 2.78935e-05 2.08613e-05 1.58827e-05 1.30533e-05 1.20041e-05 1.19876e-05 1.21373e-05 1.18643e-05 1.08607e-05 8.83785e-06 5.96697e-06 3.18671e-06 1.3338e-06 4.49108e-07 1.27259e-07 3.14404e-08 6.82143e-09 1.27731e-09 1.98121e-10 2.3062e-11 1.44482e-12 0 
0 1.1269e-09 1.00277e-08 4.66208e-08 1.58024e-07 4.32469e-07 9.99789e-07 2.00231e-06 3.5331e-06 5.56465e-06 7.90904e-06 1.02403e-05 1.21764e-05 1.33857e-05 1.36776e-05 1.30452e-05 1.16551e-05 9.79364e-06 7.78977e-06 5.94006e-06 4.45421e-06 3.43181e-06 2.8665e-06 2.6637e-06 2.66197e-06 2.66881e-06 2.52393e-06 2.15897e-06 1.61449e-06 1.02144e-06 5.34156e-07 2.3008e-07 8.29021e-08 2.55397e-08 6.82143e-09 1.57994e-09 3.12856e-10 5.10201e-11 6.21637e-12 4.05963e-13 0 
0 2.18682e-10 1.88521e-09 8.51625e-09 2.81717e-08 7.56468e-08 1.72586e-07 3.43042e-07 6.03767e-07 9.52255e-07 1.35878e-06 1.76818e-06 2.11267e-06 2.33103e-06 2.38651e-06 2.27664e-06 2.0319e-06 1.70514e-06 1.35617e-06 1.03733e-06 7.83889e-07 6.10762e-07 5.1425e-07 4.76005e-07 4.67627e-07 4.57112e-07 4.19111e-07 3.45704e-07 2.49412e-07 1.54379e-07 8.11102e-08 3.61397e-08 1.37481e-08 4.50422e-09 1.27731e-09 3.12856e-10 6.52825e-11 1.11827e-11 1.42638e-12 9.71745e-14 0 
0 3.55129e-11 2.96807e-10 1.30294e-09 4.20273e-09 1.10493e-08 2.47909e-08 4.86717e-08 8.49526e-08 1.33323e-07 1.89793e-07 2.46841e-07 2.95082e-07 3.25904e-07 3.34043e-07 3.19054e-07 2.85197e-07 2.3991e-07 1.91598e-07 1.47549e-07 1.1258e-07 8.85991e-08 7.48807e-08 6.8689e-08 6.60671e-08 6.2872e-08 5.61397e-08 4.52904e-08 3.22166e-08 1.99125e-08 1.06171e-08 4.8766e-09 1.93418e-09 6.64639e-10 1.98121e-10 5.10201e-11 1.11827e-11 2.00842e-12 2.67934e-13 1.9037e-14 0 
0 4.35953e-12 3.537e-11 1.51034e-10 4.75232e-10 1.22292e-09 2.69538e-09 5.21728e-09 9.00879e-09 1.40293e-08 1.98684e-08 2.57603e-08 3.07483e-08 3.39508e-08 3.48239e-08 3.33166e-08 2.98621e-08 2.52235e-08 2.02649e-08 1.57355e-08 1.21275e-08 9.62888e-09 8.15108e-09 7.40048e-09 6.97396e-09 6.47753e-09 5.65789e-09 4.49367e-09 3.17578e-09 1.97156e-09 1.06805e-09 5.03728e-10 2.06871e-10 7.40319e-11 2.3062e-11 6.21637e-12 1.42638e-12 2.67934e-13 3.73206e-14 2.76272e-15 0 
0 2.89226e-13 2.28163e-12 9.49099e-12 2.91642e-11 7.35044e-11 1.5917e-10 3.03653e-10 5.18322e-10 8.00153e-10 1.12608e-09 1.45393e-09 1.73132e-09 1.91002e-09 1.96016e-09 1.87875e-09 1.68935e-09 1.43381e-09 1.1597e-09 9.08371e-10 7.06985e-10 5.65669e-10 4.79042e-10 4.30517e-10 3.98258e-10 3.62161e-10 3.10525e-10 2.43606e-10 1.71472e-10 1.07017e-10 5.88307e-11 2.8398e-11 1.20218e-11 4.45877e-12 1.44482e-12 4.05963e-13 9.71745e-14 1.9037e-14 2.76272e-15 2.12759e-16 0 
0 0 0 0 0 0 0 0 0 0 0 0 0 0 0 0 0 0 0 0 0 0 0 0 0 0 0 0 0 0 0 0 0 0 0 0 0 0 0 0 0 
