0 0 0 0 0 0 0 0 0 0 0 0 0 0 0 0 0 0 0 0 0 0 0 0 0 0 0 0 0 0 0 0 0 0 0 0 0 0 0 0 0 
0 1.27567e-07 1.09436e-06 4.47242e-06 1.20631e-05 2.4154e-05 3.88067e-05 5.32668e-05 6.56146e-05 7.51714e-05 8.20663e-05 8.67268e-05 8.95832e-05 9.09608e-05 9.1067e-05 9.00097e-05 8.78157e-05 8.44453e-05 7.98102e-05 7.38103e-05 6.63946e-05 5.7646e-05 4.78627e-05 3.75986e-05 2.76176e-05 1.87384e-05 1.16071e-05 6.49812e-06 3.26392e-06 1.46489e-06 5.8683e-07 2.10024e-07 6.72554e-08 1.92792e-08 4.93511e-09 1.11907e-09 2.20626e-10 3.62838e-11 4.49909e-12 3.0087e-13 0 
0 1.09436e-06 9.35484e-06 3.55709e-05 8.25759e-05 0.000134837 0.000174856 0.000199217 0.000213479 0.000223136 0.000230836 0.000237142 0.000241745 0.000244209 0.000244308 0.000242122 0.000238018 0.000232554 0.000226325 0.000219723 0.000212638 0.000204163 0.000192495 0.000175331 0.000150982 0.000119934 8.57609e-05 5.40744e-05 2.96538e-05 1.40687e-05 5.78776e-06 2.07915e-06 6.57559e-07 1.84241e-07 4.58248e-08 1.00674e-08 1.92131e-09 3.05997e-10 3.67891e-11 2.38939e-12 0 
0 4.47242e-06 3.55709e-05 0.000112581 0.000200408 0.000254452 0.000281923 0.000304734 0.00033118 0.000360024 0.000387678 0.000411016 0.000427906 0.000437152 0.000438369 0.000431874 0.00041858 0.000399902 0.000377661 0.000354 0.000331266 0.000311722 0.000296879 0.000286268 0.000275956 0.000258144 0.000224266 0.000172333 0.000112399 6.07805e-05 2.7179e-05 1.01805e-05 3.25564e-06 9.04197e-07 2.20358e-07 4.71521e-08 8.74272e-09 1.3522e-09 1.57997e-10 9.98713e-12 0 
0 1.20631e-05 8.25759e-05 0.000200408 0.000277962 0.000319689 0.000366354 0.000425689 0.000490629 0.000553959 0.000610411 0.000656187 0.000688673 0.000706382 0.000708927 0.000696948 0.000671975 0.000636248 0.000592502 0.000543775 0.000493275 0.000444349 0.000400569 0.000365638 0.000342401 0.000330002 0.000319629 0.000293615 0.000236675 0.000156157 8.13064e-05 3.34919e-05 1.12174e-05 3.15474e-06 7.6301e-07 1.603e-07 2.90341e-08 4.37862e-09 4.98849e-10 3.07756e-11 0 
0 2.4154e-05 0.000134837 0.000254452 0.000319689 0.000389754 0.00048262 0.000587526 0.000694214 0.000795018 0.00088367 0.000955118 0.00100569 0.00103327 0.00103733 0.00101886 0.000980186 0.00092466 0.000856332 0.000779597 0.000698885 0.000618428 0.000542205 0.000474132 0.000418506 0.000379868 0.000360155 0.000351366 0.000329172 0.000266134 0.000168824 8.06274e-05 2.94712e-05 8.61883e-06 2.10215e-06 4.37906e-07 7.79911e-08 1.15243e-08 1.28514e-09 7.76337e-11 0 
0 3.88067e-05 0.000174856 0.000281923 0.000366354 0.00048262 0.000623042 0.000773874 0.000924705 0.00106634 0.00119055 0.00129054 0.00136137 0.00140016 0.00140593 0.00137996 0.00132578 0.00124809 0.00115242 0.00104473 0.000931051 0.000816976 0.000707478 0.000606834 0.000518928 0.000448033 0.00039932 0.00037573 0.000367249 0.000340483 0.000261129 0.000148944 6.16088e-05 1.92548e-05 4.81835e-06 1.00589e-06 1.77405e-07 2.58175e-08 2.82969e-09 1.6796e-10 0 
0 5.32668e-05 0.000199217 0.000304734 0.000425689 0.000587526 0.000773874 0.00097134 0.00116799 0.00135234 0.00151427 0.00164943 0.00176293 0.0018393 0.00185298 0.00180093 0.00170419 0.00159064 0.00146414 0.00132379 0.00117559 0.00102655 0.000882879 0.000749714 0.000631132 0.000530674 0.000452529 0.000402247 0.000381572 0.000372238 0.000327635 0.000221894 0.000105933 3.61695e-05 9.43411e-06 1.99381e-06 3.50579e-07 5.04993e-08 5.46202e-09 3.19654e-10 0 
0 6.56146e-05 0.000213479 0.00033118 0.000490629 0.000694214 0.000924705 0.00116799 0.00140995 0.00163772 0.00186073 0.00210987 0.00229322 0.00237728 0.00239024 0.00234059 0.00221216 0.00200079 0.00178415 0.00160124 0.00141824 0.00123459 0.00105727 0.000892363 0.000744493 0.000617074 0.000513205 0.000437368 0.000395177 0.0003823 0.000362466 0.000281936 0.000155103 5.85315e-05 1.6096e-05 3.47204e-06 6.12185e-07 8.76728e-08 9.39254e-09 5.43715e-10 0 
0 7.51714e-05 0.000223136 0.000360024 0.000553959 0.000795018 0.00106634 0.00135234 0.00163772 0.0019398 0.00229958 0.00250489 0.00259989 0.00264308 0.0026499 0.0026234 0.00255799 0.00243212 0.00218218 0.00187649 0.00164557 0.00142891 0.00122023 0.00102586 0.00085102 0.000699303 0.00057327 0.000476005 0.000412946 0.000386953 0.000376331 0.000322155 0.000200471 8.35657e-05 2.43525e-05 5.38905e-06 9.56829e-07 1.36725e-07 1.45545e-08 8.35794e-10 0 
0 8.20663e-05 0.000230836 0.000387678 0.000610411 0.00088367 0.00119055 0.00151427 0.00186073 0.00229958 0.00255677 0.00267832 0.00274422 0.002776 0.00278105 0.00276111 0.0027137 0.00263004 0.00248559 0.0022004 0.00185548 0.00159875 0.00136232 0.00114231 0.000944096 0.000771507 0.000626903 0.000512416 0.000432273 0.000391857 0.000380404 0.000345141 0.000236484 0.000107703 3.32022e-05 7.54846e-06 1.35269e-06 1.93348e-07 2.05032e-08 1.17087e-09 0 
0 8.67268e-05 0.000237142 0.000411016 0.000656187 0.000955118 0.00129054 0.00164943 0.00210987 0.00250489 0.00267832 0.00277343 0.0028282 0.00285526 0.00285953 0.0028423 0.00280203 0.00273343 0.00262307 0.00243155 0.0020709 0.00173783 0.00147577 0.00123521 0.00101837 0.000829219 0.00067006 0.000542464 0.000449546 0.000397084 0.000380871 0.00035656 0.000261622 0.000127901 4.13869e-05 9.64534e-06 1.7451e-06 2.49869e-07 2.64453e-08 1.50487e-09 0 
0 8.95832e-05 0.000241745 0.000427906 0.000688673 0.00100569 0.00136137 0.00176293 0.00229322 0.00259989 0.00274422 0.0028282 0.00287779 0.00290252 0.00290634 0.00289034 0.00285339 0.00279145 0.0026949 0.00253837 0.00224 0.00184614 0.00155504 0.00129981 0.00106995 0.000869264 0.000700025 0.000563494 0.000462031 0.000401139 0.000380048 0.000361144 0.000276838 0.000142278 4.77442e-05 1.13467e-05 2.06983e-06 2.97018e-07 3.14152e-08 1.78428e-09 0 
0 9.09608e-05 0.000244209 0.000437152 0.000706382 0.00103327 0.00140016 0.0018393 0.00237728 0.00264308 0.002776 0.00285526 0.00290252 0.00292613 0.00292966 0.00291411 0.00287849 0.00281926 0.00272819 0.00258456 0.00232179 0.00191287 0.00159682 0.00133337 0.00109659 0.000889797 0.000715238 0.000574017 0.000468084 0.000402634 0.000378416 0.000361749 0.000283767 0.000150042 5.14557e-05 1.23796e-05 2.27087e-06 3.26504e-07 3.45407e-08 1.9606e-09 0 
0 9.1067e-05 0.000244308 0.000438369 0.000708927 0.00103733 0.00140593 0.00185298 0.00239024 0.0026499 0.00278105 0.00285953 0.00290634 0.00292966 0.00293298 0.0029173 0.00288163 0.00282253 0.00273192 0.00258973 0.0023318 0.00192093 0.00159974 0.00133525 0.00109773 0.000890308 0.000715215 0.000573496 0.000466989 0.000400764 0.00037585 0.00035967 0.000283678 0.000151107 5.21445e-05 1.25957e-05 2.31577e-06 3.33383e-07 3.52948e-08 2.00437e-09 0 
0 9.00097e-05 0.000242122 0.000431874 0.000696948 0.00101886 0.00137996 0.00180093 0.00234059 0.0026234 0.00276111 0.0028423 0.00289034 0.00291411 0.0029173 0.00290095 0.00286399 0.00280264 0.00270802 0.00255741 0.0022767 0.00186881 0.00156523 0.00130675 0.00107435 0.000871511 0.000700423 0.000562171 0.000458744 0.000395294 0.000372092 0.000355076 0.000277108 0.00014578 4.98679e-05 1.19962e-05 2.20326e-06 3.17347e-07 3.36375e-08 1.91306e-09 0 
0 8.78157e-05 0.000238018 0.00041858 0.000671975 0.000980186 0.00132578 0.00170419 0.00221216 0.00255799 0.0027137 0.00280203 0.00285339 0.00287849 0.00288163 0.00286399 0.00282421 0.0027577 0.00265324 0.00248012 0.00214605 0.00177258 0.00149769 0.0012509 0.00102879 0.000835135 0.000672087 0.000540862 0.000443852 0.000386361 0.000366715 0.00034716 0.000263887 0.000134642 4.50596e-05 1.07204e-05 1.96152e-06 2.82534e-07 3.00003e-08 1.7105e-09 0 
0 8.44453e-05 0.000232554 0.000399902 0.000636248 0.00092466 0.00124809 0.00159064 0.00200079 0.00243212 0.00263004 0.00273343 0.00279145 0.00281926 0.00282253 0.00280264 0.0027577 0.00268122 0.00255615 0.00232893 0.00195044 0.00165252 0.00140273 0.00117198 0.000964351 0.000783628 0.000631927 0.000510725 0.000423036 0.000374091 0.000358699 0.000334064 0.00024342 0.000118615 3.84506e-05 9.00452e-06 1.63887e-06 2.3609e-07 2.51354e-08 1.43848e-09 0 
0 7.98102e-05 0.000226325 0.000377661 0.000592502 0.000856332 0.00115242 0.00146414 0.00178415 0.00218218 0.00248559 0.00262307 0.0026949 0.00272819 0.00273192 0.00270802 0.00265324 0.00255615 0.00238315 0.00206013 0.00175566 0.00151418 0.00128655 0.00107503 0.000884915 0.000719798 0.000581835 0.000472927 0.000396814 0.000357883 0.000345622 0.000312791 0.000215269 9.9124e-05 3.09646e-05 7.12644e-06 1.29047e-06 1.86117e-07 1.98949e-08 1.14454e-09 0 
0 7.38103e-05 0.000219723 0.000354 0.000543775 0.000779597 0.00104473 0.00132379 0.00160124 0.00187649 0.0022004 0.00243155 0.00253837 0.00258456 0.00258973 0.00255741 0.00248012 0.00232893 0.00206013 0.00179231 0.00157325 0.00136055 0.00115579 0.000965439 0.000794522 0.000646449 0.000523516 0.000428206 0.000364708 0.000335132 0.000322669 0.000279699 0.00018009 7.81882e-05 2.35771e-05 5.34637e-06 9.65513e-07 1.39705e-07 1.50222e-08 8.70227e-10 0 
0 6.63946e-05 0.000212638 0.000331266 0.000493275 0.000698885 0.000931051 0.00117559 0.00141824 0.00164557 0.00185549 0.0020709 0.00224 0.00232179 0.0023318 0.0022767 0.00214605 0.00195044 0.00175566 0.00157325 0.00138612 0.00119835 0.00101709 0.000848451 0.000697019 0.000566065 0.00045812 0.000376151 0.000323791 0.00029954 0.000282647 0.000232561 0.000140714 5.82718e-05 1.71455e-05 3.85878e-06 6.98104e-07 1.01626e-07 1.1013e-08 6.43258e-10 0 
0 5.7646e-05 0.000204163 0.000311722 0.000444349 0.000618428 0.000816976 0.00102655 0.00123459 0.00142891 0.00159875 0.00173783 0.00184614 0.00191287 0.00192093 0.00186881 0.00177258 0.00165252 0.00151418 0.00136055 0.00119835 0.00103487 0.000876607 0.000728881 0.000595835 0.000480635 0.00038595 0.000314401 0.000267692 0.000242233 0.000220657 0.000174635 0.00010249 4.17641e-05 1.22427e-05 2.76488e-06 5.03543e-07 7.38747e-08 8.06916e-09 4.74906e-10 0 
0 4.78627e-05 0.000192495 0.000296879 0.000400569 0.000542205 0.000707478 0.000882879 0.00105727 0.00122023 0.00136232 0.00147577 0.00155504 0.00159682 0.00159974 0.00156523 0.00149769 0.00140273 0.00128655 0.00115579 0.00101709 0.000876607 0.000739723 0.000610956 0.000494053 0.000392252 0.000308145 0.000242908 0.000196248 0.000166609 0.000146397 0.000117326 7.14941e-05 3.01699e-05 9.04818e-06 2.06988e-06 3.7971e-07 5.59621e-08 6.13294e-09 3.61905e-10 0 
0 3.75986e-05 0.000175331 0.000286268 0.000365638 0.000474132 0.000606834 0.000749714 0.000892363 0.00102586 0.00114231 0.00123521 0.00129981 0.00133337 0.00133525 0.00130675 0.0012509 0.00117198 0.00107503 0.000965439 0.000848451 0.000728881 0.000610956 0.000498484 0.000395676 0.000308232 0.000241514 0.000193555 0.000154062 0.000118071 9.18632e-05 7.44062e-05 5.05546e-05 2.33922e-05 7.33737e-06 1.70083e-06 3.11664e-07 4.56576e-08 4.96824e-09 2.91159e-10 0 
0 2.76176e-05 0.000150982 0.000275956 0.000342401 0.000418506 0.000518928 0.000631132 0.000744493 0.00085102 0.000944096 0.00101837 0.00106995 0.00109659 0.00109773 0.00107435 0.00102879 0.000964351 0.000884915 0.000794522 0.000697019 0.000595835 0.000494053 0.000395676 0.000310298 0.000258399 0.000255572 0.000276467 0.000262861 0.000193156 0.000110244 5.99537e-05 3.83319e-05 1.97887e-05 6.58017e-06 1.53554e-06 2.77424e-07 3.98726e-08 4.25901e-09 2.4548e-10 0 
0 1.87384e-05 0.000119934 0.000258144 0.000330002 0.000379868 0.000448033 0.000530674 0.000617074 0.000699303 0.000771507 0.000829219 0.000869264 0.000889797 0.000890308 0.000871511 0.000835135 0.000783628 0.000719798 0.000646449 0.000566065 0.000480635 0.000392252 0.000308232 0.000258399 0.000303399 0.000478305 0.000844449 0.00101954 0.000560381 0.00027658 0.000102605 3.78278e-05 1.77444e-05 6.16535e-06 1.43861e-06 2.54026e-07 3.55513e-08 3.70582e-09 2.09106e-10 0 
0 1.16071e-05 8.57609e-05 0.000224266 0.000319629 0.000360155 0.00039932 0.000452529 0.000513205 0.00057327 0.000626903 0.00067006 0.000700025 0.000715238 0.000715215 0.000700423 0.000672087 0.000631927 0.000581835 0.000523516 0.00045812 0.00038595 0.000308145 0.000241514 0.000255572 0.000478305 0.0012044 0.00179389 0.00183744 0.00164252 0.000654392 0.000216064 5.54759e-05 1.72882e-05 5.68351e-06 1.30345e-06 2.23962e-07 3.05154e-08 3.10804e-09 1.71964e-10 0 
0 6.49812e-06 5.40744e-05 0.000172333 0.000293615 0.000351366 0.00037573 0.000402247 0.000437368 0.000476005 0.000512416 0.000542464 0.000563494 0.000574017 0.000573496 0.000562171 0.000540862 0.000510725 0.000472927 0.000428206 0.000376151 0.000314401 0.000242908 0.000193555 0.000276467 0.000844449 0.00179389 0.00196402 0.00198363 0.00189535 0.00143785 0.00034724 8.01573e-05 1.79551e-05 4.97428e-06 1.08401e-06 1.80513e-07 2.40542e-08 2.40894e-09 1.31479e-10 0 
0 3.26392e-06 2.96538e-05 0.000112399 0.000236675 0.000329172 0.000367249 0.000381572 0.000395177 0.000412946 0.000432273 0.000449546 0.000462031 0.000468084 0.000466989 0.000458744 0.000443852 0.000423036 0.000396814 0.000364708 0.000323791 0.000267692 0.000196248 0.000154062 0.000262861 0.00101954 0.00183744 0.00198363 0.00200379 0.00193283 0.00163815 0.00040084 8.59626e-05 1.68315e-05 3.94541e-06 7.96792e-07 1.28492e-07 1.68796e-08 1.67753e-09 9.10853e-11 0 
0 1.46489e-06 1.40687e-05 6.07805e-05 0.000156157 0.000266134 0.000340483 0.000372238 0.0003823 0.000386953 0.000391857 0.000397084 0.000401139 0.000402634 0.000400764 0.000395294 0.000386361 0.000374091 0.000357883 0.000335132 0.00029954 0.000242233 0.000166609 0.000118071 0.000193156 0.000560381 0.00164252 0.00189535 0.00193283 0.00181151 0.00106215 0.000282567 6.37773e-05 1.24084e-05 2.65661e-06 5.00964e-07 7.89947e-08 1.0351e-08 1.03204e-09 5.62779e-11 0 
0 5.8683e-07 5.78776e-06 2.7179e-05 8.13064e-05 0.000168824 0.000261129 0.000327635 0.000362466 0.000376331 0.000380404 0.000380871 0.000380048 0.000378416 0.00037585 0.000372092 0.000366715 0.000358699 0.000345622 0.000322669 0.000282647 0.000220657 0.000146397 9.18632e-05 0.000110244 0.00027658 0.000654392 0.00143785 0.00163815 0.00106215 0.000424211 0.000140395 3.28285e-05 6.92608e-06 1.44383e-06 2.63017e-07 4.1427e-08 5.49499e-09 5.55934e-10 3.07366e-11 0 
0 2.10024e-07 2.07915e-06 1.01805e-05 3.34919e-05 8.06274e-05 0.000148944 0.000221894 0.000281936 0.000322155 0.000345141 0.00035656 0.000361144 0.000361749 0.00035967 0.000355076 0.00034716 0.000334064 0.000312791 0.000279699 0.000232561 0.000174635 0.000117326 7.44062e-05 5.99537e-05 0.000102605 0.000216064 0.00034724 0.00040084 0.000282567 0.000140395 4.77336e-05 1.2494e-05 2.96281e-06 6.23274e-07 1.14523e-07 1.84816e-08 2.51828e-09 2.61259e-10 1.47729e-11 0 
0 6.72554e-08 6.57559e-07 3.25564e-06 1.12174e-05 2.94712e-05 6.16088e-05 0.000105933 0.000155103 0.000200471 0.000236484 0.000261622 0.000276838 0.000283767 0.000283678 0.000277108 0.000263887 0.00024342 0.000215269 0.00018009 0.000140714 0.00010249 7.14941e-05 5.05546e-05 3.83319e-05 3.78278e-05 5.54759e-05 8.01573e-05 8.59626e-05 6.37773e-05 3.28285e-05 1.2494e-05 3.85763e-06 9.93542e-07 2.17336e-07 4.17895e-08 7.04733e-09 9.97718e-10 1.0705e-10 6.23578e-12 0 
0 1.92792e-08 1.84241e-07 9.04197e-07 3.15474e-06 8.61883e-06 1.92548e-05 3.61695e-05 5.85315e-05 8.35657e-05 0.000107703 0.000127901 0.000142278 0.000150042 0.000151107 0.00014578 0.000134642 0.000118615 9.9124e-05 7.81882e-05 5.82718e-05 4.17641e-05 3.01699e-05 2.33922e-05 1.97887e-05 1.77444e-05 1.72882e-05 1.79551e-05 1.68315e-05 1.24084e-05 6.92608e-06 2.96281e-06 9.93542e-07 2.71385e-07 6.34259e-08 1.3005e-08 2.31363e-09 3.42662e-10 3.82544e-11 2.30832e-12 0 
0 4.93511e-09 4.58248e-08 2.20358e-07 7.6301e-07 2.10215e-06 4.81835e-06 9.43411e-06 1.6096e-05 2.43525e-05 3.32022e-05 4.13869e-05 4.77442e-05 5.14557e-05 5.21445e-05 4.98679e-05 4.50596e-05 3.84506e-05 3.09646e-05 2.35771e-05 1.71455e-05 1.22427e-05 9.04818e-06 7.33737e-06 6.58017e-06 6.16535e-06 5.68351e-06 4.97428e-06 3.94541e-06 2.65661e-06 1.44383e-06 6.23274e-07 2.17336e-07 6.34259e-08 1.59631e-08 3.49475e-09 6.56985e-10 1.02121e-10 1.19065e-11 7.47041e-13 0 
0 1.11907e-09 1.00674e-08 4.71521e-08 1.603e-07 4.37906e-07 1.00589e-06 1.99381e-06 3.47204e-06 5.38905e-06 7.54846e-06 9.64534e-06 1.13467e-05 1.23796e-05 1.25957e-05 1.19962e-05 1.07204e-05 9.00452e-06 7.12644e-06 5.34637e-06 3.85878e-06 2.76488e-06 2.06988e-06 1.70083e-06 1.53554e-06 1.43861e-06 1.30345e-06 1.08401e-06 7.96792e-07 5.00964e-07 2.63017e-07 1.14523e-07 4.17895e-08 1.3005e-08 3.49475e-09 8.11962e-10 1.61059e-10 2.62983e-11 3.20794e-12 2.09736e-13 0 
0 2.20626e-10 1.92131e-09 8.74272e-09 2.90341e-08 7.79911e-08 1.77405e-07 3.50579e-07 6.12185e-07 9.56829e-07 1.35269e-06 1.7451e-06 2.06983e-06 2.27087e-06 2.31577e-06 2.20326e-06 1.96152e-06 1.63887e-06 1.29047e-06 9.65513e-07 6.98104e-07 5.03543e-07 3.7971e-07 3.11664e-07 2.77424e-07 2.54026e-07 2.23962e-07 1.80513e-07 1.28492e-07 7.89947e-08 4.1427e-08 1.84816e-08 7.04733e-09 2.31363e-09 6.56985e-10 1.61059e-10 3.3632e-11 5.76532e-12 7.3597e-13 5.01821e-14 0 
0 3.62838e-11 3.05997e-10 1.3522e-09 4.37862e-09 1.15243e-08 2.58175e-08 5.04993e-08 8.76728e-08 1.36725e-07 1.93348e-07 2.49869e-07 2.97018e-07 3.26504e-07 3.33383e-07 3.17347e-07 2.82534e-07 2.3609e-07 1.86117e-07 1.39705e-07 1.01626e-07 7.38747e-08 5.59621e-08 4.56576e-08 3.98726e-08 3.55513e-08 3.05154e-08 2.40542e-08 1.68796e-08 1.0351e-08 5.49499e-09 2.51828e-09 9.97718e-10 3.42662e-10 1.02121e-10 2.62983e-11 5.76532e-12 1.03584e-12 1.38256e-13 9.82926e-15 0 
0 4.49909e-12 3.67891e-11 1.57997e-10 4.98849e-10 1.28514e-09 2.82969e-09 5.46202e-09 9.39254e-09 1.45545e-08 2.05032e-08 2.64453e-08 3.14152e-08 3.45407e-08 3.52948e-08 3.36375e-08 3.00003e-08 2.51354e-08 1.98949e-08 1.50222e-08 1.1013e-08 8.06916e-09 6.13294e-09 4.96824e-09 4.25901e-09 3.70582e-09 3.10804e-09 2.40894e-09 1.67753e-09 1.03204e-09 5.55934e-10 2.61259e-10 1.0705e-10 3.82544e-11 1.19065e-11 3.20794e-12 7.3597e-13 1.38256e-13 1.92627e-14 1.42651e-15 0 
0 3.0087e-13 2.38939e-12 9.98713e-12 3.07756e-11 7.76337e-11 1.6796e-10 3.19654e-10 5.43715e-10 8.35794e-10 1.17087e-09 1.50487e-09 1.78428e-09 1.9606e-09 2.00437e-09 1.91306e-09 1.7105e-09 1.43848e-09 1.14454e-09 8.70227e-10 6.43258e-10 4.74906e-10 3.61905e-10 2.91159e-10 2.4548e-10 2.09106e-10 1.71964e-10 1.31479e-10 9.10853e-11 5.62779e-11 3.07366e-11 1.47729e-11 6.23578e-12 2.30832e-12 7.47041e-13 2.09736e-13 5.01821e-14 9.82926e-15 1.42651e-15 1.09877e-16 0 
0 0 0 0 0 0 0 0 0 0 0 0 0 0 0 0 0 0 0 0 0 0 0 0 0 0 0 0 0 0 0 0 0 0 0 0 0 0 0 0 0 
