0 0 0 0 0 0 0 0 0 0 0 0 0 0 0 0 0 0 0 0 0 0 0 0 0 0 0 0 0 0 0 0 0 0 0 0 0 0 0 0 0 
0 1.34366e-07 1.15475e-06 4.73592e-06 1.28402e-05 2.58701e-05 4.18305e-05 5.7758e-05 7.15087e-05 8.22621e-05 9.00936e-05 9.54309e-05 9.87257e-05 0.000100327 0.000100463 9.92539e-05 9.67356e-05 9.28729e-05 8.75818e-05 8.07706e-05 7.24079e-05 6.26141e-05 5.17466e-05 4.04371e-05 2.95313e-05 1.99128e-05 1.22552e-05 6.81672e-06 3.40267e-06 1.51837e-06 6.05128e-07 2.15608e-07 6.87835e-08 1.96557e-08 5.01863e-09 1.13566e-09 2.23528e-10 3.67129e-11 4.54758e-12 3.03865e-13 0 
0 1.15475e-06 9.90019e-06 3.7875e-05 8.87152e-05 0.000146346 0.000191605 0.000220005 0.00023709 0.00024875 0.000257937 0.000265351 0.00027071 0.00027357 0.000273701 0.0002712 0.000266474 0.000260132 0.000252812 0.00024492 0.000236303 0.000225945 0.000211892 0.000191732 0.00016384 0.000129037 9.1436e-05 5.71277e-05 3.10564e-05 1.4619e-05 5.97392e-06 2.13423e-06 6.72018e-07 1.87646e-07 4.65475e-08 1.02052e-08 1.94456e-09 3.09329e-10 3.71558e-11 2.41153e-12 0 
0 4.73592e-06 3.7875e-05 0.000121161 0.000218677 0.000281173 0.000314213 0.000341167 0.000371485 0.000404128 0.000435281 0.000461528 0.000480511 0.000490901 0.000492269 0.000484972 0.000470034 0.00044904 0.000424021 0.000397358 0.000371632 0.000349285 0.000331863 0.000318668 0.00030521 0.000282996 0.000243197 0.000184626 0.000118943 6.35906e-05 2.81625e-05 1.04688e-05 3.32876e-06 9.20652e-07 2.23693e-07 4.77621e-08 8.84197e-09 1.36601e-09 1.59479e-10 1.00748e-11 0 
0 1.28402e-05 8.87152e-05 0.000218677 0.000308001 0.000357488 0.000411019 0.000477963 0.000550958 0.00062209 0.000685489 0.000736895 0.000773377 0.000793264 0.000796122 0.000782669 0.000754625 0.000714504 0.000665376 0.000610654 0.000553932 0.000498954 0.00044967 0.000410096 0.000383134 0.000367413 0.00035282 0.000320194 0.000254367 0.00016531 8.4902e-05 3.45918e-05 1.14934e-05 3.21457e-06 7.74595e-07 1.62329e-07 2.93524e-08 4.42161e-09 5.03358e-10 3.10371e-11 0 
0 2.58701e-05 0.000146346 0.000281173 0.000357488 0.000437427 0.000541951 0.000659787 0.0007796 0.000892802 0.000992358 0.00107259 0.00112939 0.00116036 0.00116492 0.00114418 0.00110074 0.00103839 0.000961657 0.000875485 0.000784845 0.000694491 0.000608886 0.000532404 0.00046977 0.000425796 0.00040207 0.000388968 0.000359595 0.000285927 0.000178276 8.3876e-05 3.03169e-05 8.79924e-06 2.13577e-06 4.43555e-07 7.88458e-08 1.16364e-08 1.29663e-09 7.82874e-11 0 
0 4.18305e-05 0.000191605 0.000314213 0.000411019 0.000541951 0.000699672 0.000869058 0.00103844 0.00119749 0.00133699 0.00144927 0.00152878 0.00157228 0.00157875 0.00154964 0.00148883 0.0014016 0.00129416 0.00117323 0.00104557 0.00091746 0.000794494 0.00068147 0.000582733 0.000503003 0.000447777 0.000419614 0.000406342 0.000371072 0.000279311 0.000156403 6.37417e-05 1.97187e-05 4.90293e-06 1.01961e-06 1.79412e-07 2.60734e-08 2.85534e-09 1.69393e-10 0 
0 5.7758e-05 0.000220005 0.000341167 0.000477963 0.000659787 0.000869058 0.00109081 0.00131165 0.00151867 0.00170043 0.00185086 0.00197314 0.00205398 0.00206829 0.00201294 0.00190998 0.00178575 0.00164419 0.00148661 0.00132019 0.00115281 0.000991469 0.000841925 0.000708757 0.000595926 0.000508037 0.00045091 0.000425495 0.000410275 0.000354735 0.000235408 0.000110366 3.71911e-05 9.62049e-06 2.02332e-06 3.54774e-07 5.10211e-08 5.51324e-09 3.22467e-10 0 
0 7.15087e-05 0.00023709 0.000371485 0.000550958 0.0007796 0.00103844 0.00131165 0.00158337 0.00183892 0.00208327 0.0023506 0.00255706 0.00265584 0.00267117 0.00261218 0.00246376 0.00223198 0.00200086 0.00179806 0.00159267 0.00138644 0.00118731 0.00100212 0.000836063 0.000692969 0.000576294 0.000490896 0.000442399 0.000424574 0.000396381 0.000302033 0.000162789 6.04621e-05 1.64565e-05 3.52852e-06 6.20046e-07 8.86304e-08 9.48489e-09 5.48711e-10 0 
0 8.22621e-05 0.00024875 0.000404128 0.00062209 0.000892802 0.00119749 0.00151867 0.00183892 0.00216925 0.00256356 0.00280842 0.00292136 0.0029723 0.00298028 0.00294898 0.0028715 0.00272073 0.00243091 0.00210304 0.00184782 0.00160466 0.00137031 0.00115203 0.000955692 0.000785314 0.000643773 0.000534461 0.000463094 0.000431704 0.000414584 0.000347986 0.000211877 8.6727e-05 2.49667e-05 5.48543e-06 9.70066e-07 1.38313e-07 1.47054e-08 8.43858e-10 0 
0 9.00936e-05 0.000257937 0.000435281 0.000685489 0.000992358 0.00133699 0.00170043 0.00208327 0.00256356 0.00287038 0.00301387 0.00309119 0.00312834 0.00313419 0.00311081 0.00305519 0.00295667 0.00278542 0.00245264 0.00208061 0.00179531 0.00152988 0.00128281 0.00106022 0.000866399 0.000704007 0.000575407 0.00048512 0.000438287 0.000421182 0.000375227 0.00025144 0.00011226 3.41299e-05 7.69555e-06 1.37277e-06 1.95731e-07 2.07275e-08 1.18273e-09 0 
0 9.54309e-05 0.000265351 0.000461528 0.000736895 0.00107259 0.00144927 0.00185086 0.0023506 0.00280842 0.00301387 0.00312538 0.00318931 0.00322081 0.00322572 0.00320558 0.00315856 0.00307827 0.00294852 0.0027211 0.00231235 0.00195064 0.00165727 0.00138714 0.00114362 0.00093121 0.000752474 0.00060917 0.000504657 0.000444737 0.000423057 0.000389442 0.000279473 0.00013379 4.26412e-05 9.84715e-06 1.77264e-06 2.53119e-07 2.67492e-08 1.52085e-09 0 
0 9.87257e-05 0.00027071 0.000480511 0.000773377 0.00112939 0.00152878 0.00197314 0.00255706 0.00292136 0.00309119 0.00318931 0.00324705 0.00327577 0.00328015 0.00326149 0.00321842 0.00314612 0.00303305 0.00284856 0.00249942 0.0020691 0.00174622 0.00145968 0.00120155 0.00097618 0.000786125 0.000632793 0.00051874 0.000449591 0.000422948 0.000395642 0.000296693 0.000149222 4.92782e-05 1.15972e-05 2.10411e-06 3.01058e-07 3.17918e-08 1.80401e-09 0 
0 0.000100327 0.00027357 0.000490901 0.000793264 0.00116036 0.00157228 0.00205398 0.00265584 0.0029723 0.00312834 0.00322081 0.00327577 0.00330317 0.00330721 0.00328909 0.00324759 0.00317854 0.00307207 0.00290325 0.00259339 0.00214073 0.00179302 0.00149737 0.00123147 0.000999239 0.000803209 0.000644613 0.000525564 0.00045141 0.000421534 0.000396948 0.000304684 0.000157614 5.31691e-05 1.26628e-05 2.30981e-06 3.31101e-07 3.49693e-08 1.98306e-09 0 
0 0.000100463 0.000273701 0.000492269 0.000796122 0.00116492 0.00157875 0.00206829 0.00267117 0.00298028 0.00313419 0.00322572 0.00328015 0.00330721 0.00331102 0.00329274 0.0032512 0.0031823 0.00307641 0.00290937 0.00260497 0.00214903 0.00179626 0.00149947 0.00123274 0.000999812 0.000803184 0.000644028 0.000524339 0.000449341 0.000418764 0.000394825 0.000304746 0.000158817 5.39062e-05 1.28891e-05 2.35637e-06 3.38199e-07 3.57456e-08 2.02806e-09 0 
0 9.92539e-05 0.0002712 0.000484972 0.000782669 0.00114418 0.00154964 0.00201294 0.00261218 0.00294898 0.00311081 0.00320558 0.00326149 0.00328909 0.00329274 0.00327368 0.00323061 0.00315906 0.00304838 0.00287117 0.00254094 0.00209264 0.00175761 0.00146748 0.00120649 0.000978703 0.000786572 0.000631309 0.000515069 0.00044314 0.000414388 0.000389498 0.000297473 0.000153148 5.15453e-05 1.22767e-05 2.24237e-06 3.22026e-07 3.40786e-08 1.93639e-09 0 
0 9.67356e-05 0.000266474 0.000470034 0.000754625 0.00110074 0.00148883 0.00190998 0.00246376 0.0028715 0.00305519 0.00315856 0.00321842 0.00324759 0.0032512 0.00323061 0.00318422 0.00310653 0.00298405 0.00277944 0.00239323 0.00198824 0.00168186 0.00140476 0.00115533 0.000937854 0.000754751 0.000607376 0.000498313 0.000432952 0.000407934 0.000380133 0.000282761 0.000141264 4.65463e-05 1.09696e-05 1.99666e-06 2.8679e-07 3.04063e-08 1.73218e-09 0 
0 9.28729e-05 0.000260132 0.00044904 0.000714504 0.00103839 0.0014016 0.00178575 0.00223198 0.00272073 0.00295667 0.00307827 0.00314612 0.00317854 0.0031823 0.00315906 0.00310653 0.00301694 0.00286959 0.00259963 0.00218102 0.00185539 0.00157525 0.00131612 0.00108296 0.000880011 0.000709651 0.000573524 0.000474871 0.000418886 0.000398255 0.000364768 0.000260117 0.000124217 3.96858e-05 9.21277e-06 1.66871e-06 2.39773e-07 2.54925e-08 1.45782e-09 0 
0 8.75818e-05 0.000252812 0.000424021 0.000665376 0.000961657 0.00129416 0.00164419 0.00200086 0.00243091 0.00278542 0.00294852 0.00303305 0.00307207 0.00307641 0.00304838 0.00298405 0.00286959 0.00266354 0.00229832 0.00197032 0.00170038 0.00144479 0.00120725 0.000993756 0.00080833 0.000653396 0.000531059 0.000445301 0.000400235 0.000382683 0.000340299 0.000229287 0.000103602 3.19385e-05 7.29309e-06 1.31498e-06 1.89221e-07 2.02026e-08 1.16153e-09 0 
0 8.07706e-05 0.00024492 0.000397358 0.000610654 0.000875485 0.00117323 0.00148661 0.00179806 0.00210304 0.00245264 0.0027211 0.00284856 0.00290325 0.00290937 0.00287117 0.00277944 0.00259963 0.00229832 0.00201093 0.00176668 0.00152789 0.00129795 0.00108418 0.000892244 0.000725959 0.0005879 0.000480795 0.000409034 0.000374083 0.000356036 0.000303088 0.000191235 8.16126e-05 2.43244e-05 5.47821e-06 9.85654e-07 1.42343e-07 1.52908e-08 8.85375e-10 0 
0 7.24079e-05 0.000236303 0.000371632 0.000553932 0.000784845 0.00104557 0.00132019 0.00159267 0.00184782 0.00208061 0.00231235 0.00249942 0.00259339 0.00260497 0.00254094 0.00239323 0.00218102 0.00197032 0.00176668 0.0015566 0.00134574 0.00114219 0.000952807 0.000782749 0.000635687 0.000514447 0.000422254 0.000362794 0.000333565 0.000310807 0.000251221 0.000149199 6.08588e-05 1.77282e-05 3.96678e-06 7.15398e-07 1.03976e-07 1.12588e-08 6.57396e-10 0 
0 6.26141e-05 0.000225945 0.000349285 0.000498954 0.000694491 0.00091746 0.00115281 0.00138644 0.00160466 0.00179531 0.00195064 0.0020691 0.00214073 0.00214903 0.00209264 0.00198824 0.00185539 0.00170038 0.00152789 0.00134574 0.00116216 0.000984426 0.00081853 0.00066912 0.000539745 0.00043337 0.000352805 0.000299634 0.000269318 0.000242313 0.000188656 0.000108907 4.38034e-05 1.27311e-05 2.86096e-06 5.19644e-07 7.61303e-08 8.30969e-09 4.88896e-10 0 
0 5.17466e-05 0.000211892 0.000331863 0.00044967 0.000608886 0.000794494 0.000991469 0.00118731 0.00137031 0.00152988 0.00165727 0.00174622 0.00179302 0.00179626 0.00175761 0.00168186 0.00157525 0.00144479 0.00129795 0.00114219 0.000984426 0.000830706 0.0006861 0.000554817 0.00044048 0.00034597 0.000272551 0.00021977 0.000185636 0.000161463 0.000127554 7.65884e-05 3.19423e-05 9.50567e-06 2.16458e-06 3.96053e-07 5.82848e-08 6.3819e-09 3.76383e-10 0 
0 4.04371e-05 0.000191732 0.000318668 0.000410096 0.000532404 0.00068147 0.000841925 0.00100212 0.00115203 0.00128281 0.00138714 0.00145968 0.00149737 0.00149947 0.00146748 0.00140476 0.00131612 0.00120725 0.00108418 0.000952807 0.00081853 0.0006861 0.000559793 0.000444333 0.00034612 0.000271184 0.000217316 0.00017293 0.000132367 0.000102454 8.19912e-05 5.48965e-05 2.50978e-05 7.80958e-06 1.80156e-06 3.29177e-07 4.81371e-08 5.23167e-09 3.06316e-10 0 
0 2.95313e-05 0.00016384 0.00030521 0.000383134 0.00046977 0.000582733 0.000708757 0.000836063 0.000955692 0.00106022 0.00114362 0.00120155 0.00123147 0.00123274 0.00120649 0.00115533 0.00108296 0.000993756 0.000892244 0.000782749 0.00066912 0.000554817 0.000444333 0.000348449 0.000290174 0.000287005 0.000310471 0.000295192 0.000216912 0.000123772 6.70401e-05 4.22649e-05 2.15086e-05 7.08647e-06 1.64486e-06 2.96241e-07 4.24919e-08 4.53231e-09 2.60935e-10 0 
0 1.99128e-05 0.000129037 0.000282996 0.000367413 0.000425796 0.000503003 0.000595926 0.000692969 0.000785314 0.000866399 0.00093121 0.00097618 0.000999239 0.000999812 0.000978703 0.000937854 0.000880011 0.00080833 0.000725959 0.000635687 0.000539745 0.00044048 0.00034612 0.000290174 0.000340716 0.000537133 0.000936296 0.00113062 0.000625788 0.000310598 0.000115211 4.22532e-05 1.95011e-05 6.69626e-06 1.55289e-06 2.73302e-07 3.81733e-08 3.97359e-09 2.23963e-10 0 
0 1.22552e-05 9.1436e-05 0.000243197 0.00035282 0.00040207 0.000447777 0.000508037 0.000576294 0.000643773 0.000704007 0.000752474 0.000786125 0.000803209 0.000803184 0.000786572 0.000754751 0.000709651 0.000653396 0.0005879 0.000514447 0.00043337 0.00034597 0.000271184 0.000287005 0.000537133 0.00133749 0.00202392 0.00207425 0.00183967 0.000731462 0.000242639 6.2255e-05 1.91785e-05 6.21105e-06 1.4137e-06 2.42048e-07 3.29178e-08 3.34861e-09 1.85094e-10 0 
0 6.81672e-06 5.71277e-05 0.000184626 0.000320194 0.000388968 0.000419614 0.00045091 0.000490896 0.000534461 0.000575407 0.00060917 0.000632793 0.000644613 0.000644028 0.000631309 0.000607376 0.000573524 0.000531059 0.000480795 0.000422254 0.000352805 0.000272551 0.000217316 0.000310471 0.000936296 0.00202392 0.00221999 0.00224251 0.00213957 0.00160246 0.000389662 9.00067e-05 2.0031e-05 5.46099e-06 1.17922e-06 1.95602e-07 2.60182e-08 2.60289e-09 1.41951e-10 0 
0 3.40267e-06 3.10564e-05 0.000118943 0.000254367 0.000359595 0.000406342 0.000425495 0.000442399 0.000463094 0.00048512 0.000504657 0.00051874 0.000525564 0.000524339 0.000515069 0.000498313 0.000474871 0.000445301 0.000409034 0.000362794 0.000299634 0.00021977 0.00017293 0.000295192 0.00113062 0.00207425 0.00224251 0.00226561 0.00218334 0.00183534 0.000446263 9.65305e-05 1.8812e-05 4.34274e-06 8.68317e-07 1.39441e-07 1.82864e-08 1.81572e-09 9.85243e-11 0 
0 1.51837e-06 1.4619e-05 6.35906e-05 0.00016531 0.000285927 0.000371072 0.000410275 0.000424574 0.000431704 0.000438287 0.000444737 0.000449591 0.00045141 0.000449341 0.00044314 0.000432952 0.000418886 0.000400235 0.000374083 0.000333565 0.000269318 0.000185636 0.000132367 0.000216912 0.000625788 0.00183967 0.00213957 0.00218334 0.00204481 0.00118002 0.000317322 7.16125e-05 1.38584e-05 2.92491e-06 5.46291e-07 8.57911e-08 1.12239e-08 1.11823e-09 6.09459e-11 0 
0 6.05128e-07 5.97392e-06 2.81625e-05 8.4902e-05 0.000178276 0.000279311 0.000354735 0.000396381 0.000414584 0.000421182 0.000423057 0.000422948 0.000421534 0.000418764 0.000414388 0.000407934 0.000398255 0.000382683 0.000356036 0.000310807 0.000242313 0.000161463 0.000102454 0.000123772 0.000310598 0.000731462 0.00160246 0.00183534 0.00118002 0.000476387 0.000157662 3.684e-05 7.71114e-06 1.58681e-06 2.86715e-07 4.50023e-08 5.96141e-09 6.02756e-10 3.33112e-11 0 
0 2.15608e-07 2.13423e-06 1.04688e-05 3.45918e-05 8.3876e-05 0.000156403 0.000235408 0.000302033 0.000347986 0.000375227 0.000389442 0.000395642 0.000396948 0.000394825 0.000389498 0.000380133 0.000364768 0.000340299 0.000303088 0.000251221 0.000188656 0.000127554 8.19912e-05 6.70401e-05 0.000115211 0.000242639 0.000389662 0.000446263 0.000317322 0.000157662 5.35915e-05 1.3978e-05 3.28038e-06 6.82894e-07 1.24717e-07 2.00751e-08 2.73277e-09 2.8338e-10 1.60183e-11 0 
0 6.87835e-08 6.72018e-07 3.32876e-06 1.14934e-05 3.03169e-05 6.37417e-05 0.000110366 0.000162789 0.000211877 0.00025144 0.000279473 0.000296693 0.000304684 0.000304746 0.000297473 0.000282761 0.000260117 0.000229287 0.000191235 0.000149199 0.000108907 7.65884e-05 5.48965e-05 4.22649e-05 4.22532e-05 6.2255e-05 9.00067e-05 9.65305e-05 7.16125e-05 3.684e-05 1.3978e-05 4.28281e-06 1.0927e-06 2.37321e-07 4.54562e-08 7.65348e-09 1.08285e-09 1.16144e-10 6.7637e-12 0 
0 1.96557e-08 1.87646e-07 9.20652e-07 3.21457e-06 8.79924e-06 1.97187e-05 3.71911e-05 6.04621e-05 8.6727e-05 0.00011226 0.00013379 0.000149222 0.000157614 0.000158817 0.000153148 0.000141264 0.000124217 0.000103602 8.16126e-05 6.08588e-05 4.38034e-05 3.19423e-05 2.50978e-05 2.15086e-05 1.95011e-05 1.91785e-05 2.0031e-05 1.8812e-05 1.38584e-05 7.71114e-06 3.28038e-06 1.0927e-06 2.96699e-07 6.90657e-08 1.41329e-08 2.51217e-09 3.71926e-10 4.1511e-11 2.5043e-12 0 
0 5.01863e-09 4.65475e-08 2.23693e-07 7.74595e-07 2.13577e-06 4.90293e-06 9.62049e-06 1.64565e-05 2.49667e-05 3.41299e-05 4.26412e-05 4.92782e-05 5.31691e-05 5.39062e-05 5.15453e-05 4.65463e-05 3.96858e-05 3.19385e-05 2.43244e-05 1.77282e-05 1.27311e-05 9.50567e-06 7.80958e-06 7.08647e-06 6.69626e-06 6.21105e-06 5.46099e-06 4.34274e-06 2.92491e-06 1.58681e-06 6.82894e-07 2.37321e-07 6.90657e-08 1.73525e-08 3.79568e-09 7.13276e-10 1.10845e-10 1.29213e-11 8.1058e-13 0 
0 1.13566e-09 1.02052e-08 4.77621e-08 1.62329e-07 4.43555e-07 1.01961e-06 2.02332e-06 3.52852e-06 5.48543e-06 7.69555e-06 9.84715e-06 1.15972e-05 1.26628e-05 1.28891e-05 1.22767e-05 1.09696e-05 9.21277e-06 7.29309e-06 5.47821e-06 3.96678e-06 2.86096e-06 2.16458e-06 1.80156e-06 1.64486e-06 1.55289e-06 1.4137e-06 1.17922e-06 8.68317e-07 5.46291e-07 2.86715e-07 1.24717e-07 4.54562e-08 1.41329e-08 3.79568e-09 8.81612e-10 1.74843e-10 2.85451e-11 3.48155e-12 2.27595e-13 0 
0 2.23528e-10 1.94456e-09 8.84197e-09 2.93524e-08 7.88458e-08 1.79412e-07 3.54774e-07 6.20046e-07 9.70066e-07 1.37277e-06 1.77264e-06 2.10411e-06 2.30981e-06 2.35637e-06 2.24237e-06 1.99666e-06 1.66871e-06 1.31498e-06 9.85654e-07 7.15398e-07 5.19644e-07 3.96053e-07 3.29177e-07 2.96241e-07 2.73302e-07 2.42048e-07 1.95602e-07 1.39441e-07 8.57911e-08 4.50023e-08 2.00751e-08 7.65348e-09 2.51217e-09 7.13276e-10 1.74843e-10 3.65075e-11 6.25773e-12 7.98756e-13 5.44579e-14 0 
0 3.67129e-11 3.09329e-10 1.36601e-09 4.42161e-09 1.16364e-08 2.60734e-08 5.10211e-08 8.86304e-08 1.38313e-07 1.95731e-07 2.53119e-07 3.01058e-07 3.31101e-07 3.38199e-07 3.22026e-07 2.8679e-07 2.39773e-07 1.89221e-07 1.42343e-07 1.03976e-07 7.61303e-08 5.82848e-08 4.81371e-08 4.24919e-08 3.81733e-08 3.29178e-08 2.60182e-08 1.82864e-08 1.12239e-08 5.96141e-09 2.73277e-09 1.08285e-09 3.71926e-10 1.10845e-10 2.85451e-11 6.25773e-12 1.12426e-12 1.5005e-13 1.0667e-14 0 
0 4.54758e-12 3.71558e-11 1.59479e-10 5.03358e-10 1.29663e-09 2.85534e-09 5.51324e-09 9.48489e-09 1.47054e-08 2.07275e-08 2.67492e-08 3.17918e-08 3.49693e-08 3.57456e-08 3.40786e-08 3.04063e-08 2.54925e-08 2.02026e-08 1.52908e-08 1.12588e-08 8.30969e-09 6.3819e-09 5.23167e-09 4.53231e-09 3.97359e-09 3.34861e-09 2.60289e-09 1.81572e-09 1.11823e-09 6.02756e-10 2.8338e-10 1.16144e-10 4.1511e-11 1.29213e-11 3.48155e-12 7.98756e-13 1.5005e-13 2.09052e-14 1.54808e-15 0 
0 3.03865e-13 2.41153e-12 1.00748e-11 3.10371e-11 7.82874e-11 1.69393e-10 3.22467e-10 5.48711e-10 8.43858e-10 1.18273e-09 1.52085e-09 1.80401e-09 1.98306e-09 2.02806e-09 1.93639e-09 1.73218e-09 1.45782e-09 1.16153e-09 8.85375e-10 6.57396e-10 4.88896e-10 3.76383e-10 3.06316e-10 2.60935e-10 2.23963e-10 1.85094e-10 1.41951e-10 9.85243e-11 6.09459e-11 3.33112e-11 1.60183e-11 6.7637e-12 2.5043e-12 8.1058e-13 2.27595e-13 5.44579e-14 1.0667e-14 1.54808e-15 1.19238e-16 0 
0 0 0 0 0 0 0 0 0 0 0 0 0 0 0 0 0 0 0 0 0 0 0 0 0 0 0 0 0 0 0 0 0 0 0 0 0 0 0 0 0 
