0 0 0 0 0 0 0 0 0 0 0 0 0 0 0 0 0 0 0 0 0 0 0 0 0 0 0 0 0 0 0 0 0 0 0 0 0 0 0 0 0 
0 1.88287e-07 1.64736e-06 6.99777e-06 1.99784e-05 4.28361e-05 7.38823e-05 0.000108325 0.00014122 0.000169405 0.00019162 0.000207788 0.000218322 0.000223732 0.00022445 0.000220798 0.000212993 0.000201186 0.00018553 0.000166284 0.000143957 0.000119453 9.41336e-05 6.97232e-05 4.80109e-05 3.04061e-05 1.7542e-05 9.15119e-06 4.29679e-06 1.81259e-06 6.87252e-07 2.34559e-07 7.21611e-08 2.00086e-08 4.98408e-09 1.10548e-09 2.1411e-10 3.47166e-11 4.2565e-12 2.8211e-13 0 
0 1.64736e-06 1.45528e-05 5.91889e-05 0.000151658 0.000277162 0.000399507 0.000495839 0.000565271 0.000615643 0.000653418 0.000681543 0.00070068 0.00071069 0.000711547 0.000703706 0.00068811 0.000665965 0.000638328 0.000605568 0.000566857 0.000519993 0.000462036 0.000391132 0.000309108 0.00022314 0.000144214 8.21935e-05 4.09818e-05 1.78638e-05 6.84013e-06 2.31756e-06 6.99654e-07 1.89026e-07 4.57035e-08 9.8236e-09 1.84347e-09 2.89826e-10 3.45002e-11 2.22363e-12 0 
0 6.99777e-06 5.91889e-05 0.000210749 0.000436678 0.000636848 0.000775205 0.000880511 0.000977663 0.00107159 0.0011574 0.00122847 0.00127952 0.00130739 0.00131107 0.00129154 0.00125148 0.00119497 0.00112708 0.00105343 0.000979453 0.00090918 0.000843188 0.000776231 0.000696521 0.000590423 0.000454234 0.000304884 0.000173559 8.29051e-05 3.34239e-05 1.15478e-05 3.47705e-06 9.24229e-07 2.182e-07 4.56287e-08 8.32001e-09 1.27123e-09 1.47213e-10 9.24403e-12 0 
0 1.99784e-05 0.000151658 0.000436678 0.000716839 0.000911451 0.0010838 0.00127096 0.00146747 0.00165742 0.00182643 0.00196342 0.00206062 0.00211361 0.00212123 0.00208538 0.00201066 0.00190375 0.00177283 0.00162694 0.00147549 0.00132792 0.00119314 0.00107794 0.000982818 0.000895361 0.000787661 0.000631499 0.000432513 0.000241454 0.000108376 3.97229e-05 1.22305e-05 3.24677e-06 7.55355e-07 1.54596e-07 2.75082e-08 4.09835e-09 4.63e-10 2.83948e-11 0 
0 4.28361e-05 0.000277162 0.000636848 0.000911451 0.00115774 0.00144306 0.00175788 0.0020772 0.00237883 0.00264409 0.00285788 0.00300921 0.00309173 0.00310387 0.00304861 0.00293289 0.00276674 0.00256229 0.00233269 0.00209118 0.0018504 0.0016221 0.00141717 0.00124538 0.00111179 0.00100653 0.000892924 0.000720429 0.000483287 0.000253488 0.000103026 3.3455e-05 9.04079e-06 2.09679e-06 4.23142e-07 7.38579e-08 1.0773e-08 1.19124e-09 7.15554e-11 0 
0 7.38823e-05 0.000399507 0.000775205 0.0010838 0.00144306 0.0018642 0.00231556 0.00276688 0.00319067 0.00356234 0.00386147 0.00407309 0.00418852 0.00420559 0.00412846 0.0039668 0.00373449 0.00344823 0.00312603 0.00278587 0.00244453 0.00211689 0.00181567 0.001552 0.00133604 0.00117396 0.00105405 0.000926994 0.000724531 0.000450715 0.000210125 7.41982e-05 2.08383e-05 4.87979e-06 9.78888e-07 1.68554e-07 2.41745e-08 2.62579e-09 1.54962e-10 0 
0 0.000108325 0.000495839 0.000880511 0.00127096 0.00175788 0.00231556 0.00290642 0.00349482 0.00404639 0.00452978 0.0049195 0.00519795 0.00535305 0.00537651 0.00527209 0.00505732 0.00475325 0.00438046 0.003961 0.00351758 0.00307161 0.00264173 0.00224327 0.0018884 0.0015872 0.00134899 0.00117788 0.00105181 0.000898813 0.000646983 0.000349586 0.000137223 4.07989e-05 9.76537e-06 1.96269e-06 3.35244e-07 4.74808e-08 5.08414e-09 2.95704e-10 0 
0 0.00014122 0.000565271 0.000977663 0.00146747 0.0020772 0.00276688 0.00349482 0.00421878 0.00489721 0.00549581 0.00600068 0.00640121 0.00664303 0.00668244 0.00652027 0.00619677 0.00577993 0.00530768 0.00478946 0.00424357 0.00369411 0.00316353 0.00267011 0.00222765 0.0018463 0.00153446 0.00129989 0.00113938 0.00100577 0.000800467 0.000494234 0.000217304 6.92495e-05 1.71079e-05 3.46834e-06 5.90569e-07 8.29244e-08 8.78305e-09 5.04959e-10 0 
0 0.000169405 0.000615643 0.00107159 0.00165742 0.00237883 0.00319067 0.00404639 0.00489721 0.0057003 0.00645245 0.00715082 0.00763924 0.00787445 0.00790933 0.00776151 0.00740736 0.00684482 0.00620216 0.00556677 0.00492173 0.00427551 0.00365113 0.00306954 0.0025464 0.00209242 0.00171505 0.00142121 0.00121498 0.00107225 0.000903162 0.000619213 0.000302839 0.000103846 2.663e-05 5.47182e-06 9.32411e-07 1.30236e-07 1.36857e-08 7.79915e-10 0 
0 0.00019162 0.000653418 0.0011574 0.00182643 0.00264409 0.00356234 0.00452978 0.00549581 0.00645245 0.00740845 0.00807368 0.00841968 0.00857868 0.0086016 0.00849925 0.00825392 0.0078054 0.00708243 0.00627098 0.00551584 0.00478253 0.00407628 0.00341799 0.0028249 0.00230848 0.00187573 0.00153205 0.00128289 0.00111802 0.000966523 0.000713221 0.000381432 0.000140104 3.73231e-05 7.79026e-06 1.3319e-06 1.85543e-07 1.93941e-08 1.0982e-09 0 
0 0.000207788 0.000681543 0.00122847 0.00196342 0.00285788 0.00386147 0.0049195 0.00600068 0.00715082 0.00807368 0.00856904 0.00883718 0.00896473 0.00898266 0.00889833 0.00870161 0.00835758 0.00777896 0.0068998 0.00600348 0.00518814 0.00441552 0.00369596 0.00304713 0.00248117 0.00200491 0.0016226 0.00133908 0.00115093 0.00100383 0.000776466 0.000444389 0.000172897 4.76625e-05 1.01022e-05 1.73499e-06 2.415e-07 2.51613e-08 1.41873e-09 0 
0 0.000218322 0.00070068 0.00127952 0.00206062 0.00300921 0.00407309 0.00519795 0.00640121 0.00763924 0.00841968 0.00883718 0.00907163 0.00918487 0.00920025 0.00912373 0.00894804 0.0086481 0.00816159 0.00736294 0.006369 0.00547343 0.00465177 0.00388925 0.00320148 0.00260099 0.00209458 0.00168577 0.00137846 0.0011722 0.00102373 0.000813904 0.000487664 0.000197914 5.60293e-05 1.20275e-05 2.07487e-06 2.88898e-07 3.00514e-08 1.69034e-09 0 
0 0.000223732 0.00071069 0.00130739 0.00211361 0.00309173 0.00418852 0.00535305 0.00664303 0.00787445 0.00857868 0.00896473 0.00918487 0.00929165 0.00930554 0.00923189 0.00906455 0.0087821 0.0083324 0.0075954 0.00657794 0.0056257 0.0047752 0.00398966 0.0032812 0.00266243 0.00214011 0.00171734 0.00139743 0.00118097 0.00103058 0.000830564 0.000510458 0.000212399 6.11335e-05 1.32345e-05 2.29096e-06 3.19269e-07 3.31997e-08 1.8658e-09 0 
0 0.00022445 0.000711547 0.00131107 0.00212123 0.00310387 0.00420559 0.00537651 0.00668244 0.00790933 0.0086016 0.00898266 0.00920025 0.00930554 0.00931853 0.00924447 0.00907735 0.00879629 0.00835054 0.00762182 0.00660103 0.00563812 0.00478347 0.00399526 0.00328459 0.00266396 0.00214004 0.0017158 0.00139433 0.0011764 0.00102618 0.000829753 0.000513476 0.000215241 6.22935e-05 1.35309e-05 2.34676e-06 3.27415e-07 3.40717e-08 1.91581e-09 0 
0 0.000220798 0.000703706 0.00129154 0.00208538 0.00304861 0.00412846 0.00527209 0.00652027 0.00776151 0.00849925 0.00889833 0.00912373 0.00923189 0.00924447 0.00916703 0.00899285 0.00869887 0.0082284 0.00745665 0.00644054 0.00551555 0.00468152 0.00391002 0.00321464 0.00260771 0.00209578 0.00168187 0.0013693 0.00115831 0.00101084 0.00081278 0.000497863 0.000206769 5.95299e-05 1.29089e-05 2.23969e-06 3.12888e-07 3.2616e-08 1.83741e-09 0 
0 0.000212993 0.00068811 0.00125148 0.00201066 0.00293289 0.0039668 0.00505732 0.00619677 0.00740736 0.00825392 0.00870161 0.00894804 0.00906455 0.00907735 0.00899285 0.00880253 0.00847725 0.00794425 0.00709034 0.0061295 0.00527532 0.00448073 0.00374292 0.00307831 0.00249887 0.00201099 0.001618 0.00132371 0.00112689 0.000983664 0.000779169 0.000464946 0.000188517 5.35024e-05 1.15352e-05 1.99989e-06 2.79872e-07 2.92575e-08 1.65366e-09 0 
0 0.000201186 0.000665965 0.00119497 0.00190375 0.00276674 0.00373449 0.00475325 0.00577993 0.00684482 0.0078054 0.00835758 0.0086481 0.0087821 0.00879629 0.00869887 0.00847725 0.0080889 0.00743679 0.00655421 0.0057178 0.00493938 0.00419712 0.00350675 0.00288551 0.00234475 0.0018908 0.00152755 0.00125935 0.0010818 0.00094199 0.000727133 0.000416647 0.000163059 4.53362e-05 9.69622e-06 1.67966e-06 2.35694e-07 2.47452e-08 1.40559e-09 0 
0 0.00018553 0.000638328 0.00112708 0.00177283 0.00256229 0.00344823 0.00438046 0.00530768 0.00620216 0.00708243 0.00777896 0.00816159 0.0083324 0.00835054 0.0082284 0.00794425 0.00743679 0.00670745 0.00595637 0.00523723 0.00453013 0.00384958 0.00321668 0.00264782 0.00215376 0.00174087 0.00141384 0.00117707 0.00102046 0.000880676 0.000654621 0.000356305 0.000133796 3.63768e-05 7.72072e-06 1.33821e-06 1.88629e-07 1.99282e-08 1.13985e-09 0 
0 0.000166284 0.000605568 0.00105343 0.00162694 0.00233269 0.00312603 0.003961 0.00478946 0.00556677 0.00627098 0.0068998 0.00736294 0.0075954 0.00762182 0.00745665 0.00709034 0.00655421 0.00595637 0.00534058 0.00470626 0.00407096 0.00345834 0.00288876 0.00237735 0.00193428 0.00156621 0.00127867 0.00107465 0.000935889 0.000792168 0.000561554 0.000289487 0.000104574 2.79212e-05 5.90392e-06 1.02723e-06 1.45849e-07 1.5542e-08 8.96994e-10 0 
0 0.000143957 0.000566857 0.000979453 0.00147549 0.00209118 0.00278587 0.00351758 0.00424357 0.00492173 0.00551584 0.00600348 0.006369 0.00657794 0.00660103 0.00644054 0.0061295 0.0057178 0.00523723 0.00470626 0.00414746 0.00358566 0.00304332 0.00253871 0.0020856 0.00169371 0.00137009 0.00112035 0.000943965 0.000815713 0.000669861 0.000453281 0.000224092 7.90712e-05 2.09799e-05 4.45357e-06 7.81506e-07 1.12092e-07 1.20697e-08 7.03622e-10 0 
0 0.000119453 0.000519993 0.00090918 0.00132792 0.0018504 0.00244453 0.00307161 0.00369411 0.00427551 0.00478253 0.00518814 0.00547343 0.0056257 0.00563812 0.00551555 0.00527532 0.00493938 0.00453013 0.00407096 0.00358566 0.00309651 0.00262296 0.00218094 0.00178283 0.00143793 0.0011532 0.000932581 0.000772171 0.000649507 0.000517638 0.000343195 0.000168866 6.00239e-05 1.61255e-05 3.46771e-06 6.15719e-07 8.9229e-08 9.69432e-09 5.69529e-10 0 
0 9.41336e-05 0.000462036 0.000843188 0.00119314 0.0016221 0.00211689 0.00264173 0.00316353 0.00365113 0.00407628 0.00441552 0.00465177 0.0047752 0.00478347 0.00468152 0.00448073 0.00419712 0.00384958 0.00345834 0.00304332 0.00262296 0.00221338 0.00182808 0.0014782 0.0011731 0.000919654 0.000719812 0.000569533 0.00045826 0.000361759 0.000249078 0.000129911 4.85133e-05 1.34439e-05 2.9392e-06 5.26089e-07 7.6518e-08 8.3247e-09 4.8911e-10 0 
0 6.97232e-05 0.000391132 0.000776231 0.00107794 0.00141717 0.00181567 0.00224327 0.00267011 0.00306954 0.00341799 0.00369596 0.00388925 0.00398966 0.00399526 0.00391002 0.00374292 0.00350675 0.00321668 0.00288876 0.00253871 0.00218094 0.00182808 0.00149148 0.00118362 0.000921546 0.000721571 0.000577773 0.000458587 0.000346889 0.000255897 0.000183048 0.000106624 4.34835e-05 1.25556e-05 2.77245e-06 4.94111e-07 7.1193e-08 7.66297e-09 4.45486e-10 0 
0 4.80109e-05 0.000309108 0.000696521 0.000982818 0.00124538 0.001552 0.0018884 0.00222765 0.0025464 0.0028249 0.00304713 0.00320148 0.0032812 0.00328459 0.00321464 0.00307831 0.00288551 0.00264782 0.00237735 0.0020856 0.00178283 0.0014782 0.00118362 0.000928025 0.00077296 0.000764674 0.000827228 0.000786517 0.000577897 0.000328955 0.000171692 9.50084e-05 4.21132e-05 1.26947e-05 2.80266e-06 4.90809e-07 6.92177e-08 7.29792e-09 4.16387e-10 0 
0 3.04061e-05 0.00022314 0.000590423 0.000895361 0.00111179 0.00133604 0.0015872 0.0018463 0.00209242 0.00230848 0.00248117 0.00260099 0.00266243 0.00266396 0.00260771 0.00249887 0.00234475 0.00215376 0.00193428 0.00169371 0.00143793 0.0011731 0.000921546 0.00077296 0.000907817 0.00143116 0.00218988 0.00259313 0.00162762 0.000827573 0.000306604 0.000107191 4.24523e-05 1.29693e-05 2.83101e-06 4.83165e-07 6.63294e-08 6.82556e-09 3.81274e-10 0 
0 1.7542e-05 0.000144214 0.000454234 0.000787661 0.00100653 0.00117396 0.00134899 0.00153446 0.00171505 0.00187573 0.00200491 0.00209458 0.00214011 0.00214004 0.00209578 0.00201099 0.0018908 0.00174087 0.00156621 0.00137009 0.0011532 0.000919654 0.000721571 0.000764674 0.00143116 0.00315156 0.0055817 0.00584886 0.00458464 0.0019113 0.000646495 0.000164783 4.56764e-05 1.27687e-05 2.69046e-06 4.44875e-07 5.94739e-08 5.98718e-09 3.2833e-10 0 
0 9.15119e-06 8.21935e-05 0.000304884 0.000631499 0.000892924 0.00105405 0.00117788 0.00129989 0.00142121 0.00153205 0.0016226 0.00168577 0.00171734 0.0017158 0.00168187 0.001618 0.00152755 0.00141384 0.00127867 0.00112035 0.000932581 0.000719812 0.000577773 0.000827228 0.00218988 0.0055817 0.00636076 0.00645893 0.0060652 0.00387615 0.00103625 0.000239574 5.02839e-05 1.17548e-05 2.30926e-06 3.67897e-07 4.80985e-08 4.76737e-09 2.58261e-10 0 
0 4.29679e-06 4.09818e-05 0.000173559 0.000432513 0.000720429 0.000926994 0.00105181 0.00113938 0.00121498 0.00128289 0.00133908 0.00137846 0.00139743 0.00139433 0.0013693 0.00132371 0.00125935 0.00117707 0.00107465 0.000943965 0.000772171 0.000569533 0.000458587 0.000786517 0.00259313 0.00584886 0.00645893 0.00654064 0.0062269 0.00460097 0.00114355 0.000257067 4.80268e-05 9.59647e-06 1.73061e-06 2.65832e-07 3.42642e-08 3.37446e-09 1.8209e-10 0 
0 1.81259e-06 1.78638e-05 8.29051e-05 0.000241454 0.000483287 0.000724531 0.000898813 0.00100577 0.00107225 0.00111802 0.00115093 0.0011722 0.00118097 0.0011764 0.00115831 0.00112689 0.0010818 0.00102046 0.000935889 0.000815713 0.000649507 0.00045826 0.000346889 0.000577897 0.00162762 0.00458464 0.0060652 0.0062269 0.00575125 0.00280391 0.00084549 0.000190579 3.5158e-05 6.48161e-06 1.09576e-06 1.64669e-07 2.11963e-08 2.09693e-09 1.13766e-10 0 
0 6.87252e-07 6.84013e-06 3.34239e-05 0.000108376 0.000253488 0.000450715 0.000646983 0.000800467 0.000903162 0.000966523 0.00100383 0.00102373 0.00103058 0.00102618 0.00101084 0.000983664 0.00094199 0.000880676 0.000792168 0.000669861 0.000517638 0.000361759 0.000255897 0.000328955 0.000827573 0.0019113 0.00387615 0.00460097 0.00280391 0.00126931 0.00042007 9.75228e-05 1.90158e-05 3.45409e-06 5.72695e-07 8.65303e-08 1.13068e-08 1.13667e-09 6.25842e-11 0 
0 2.34559e-07 2.31756e-06 1.15478e-05 3.97229e-05 0.000103026 0.000210125 0.000349586 0.000494234 0.000619213 0.000713221 0.000776466 0.000813904 0.000830564 0.000829753 0.00081278 0.000779169 0.000727133 0.000654621 0.000561554 0.000453281 0.000343195 0.000249078 0.000183048 0.000171692 0.000306604 0.000646495 0.00103625 0.00114355 0.00084549 0.00042007 0.000142468 3.60147e-05 7.68155e-06 1.44001e-06 2.46309e-07 3.85455e-08 5.19458e-09 5.36295e-10 3.02239e-11 0 
0 7.21611e-08 6.99654e-07 3.47705e-06 1.22305e-05 3.3455e-05 7.41982e-05 0.000137223 0.000217304 0.000302839 0.000381432 0.000444389 0.000487664 0.000510458 0.000513476 0.000497863 0.000464946 0.000416647 0.000356305 0.000289487 0.000224092 0.000168866 0.000129911 0.000106624 9.50084e-05 0.000107191 0.000164783 0.000239574 0.000257067 0.000190579 9.75228e-05 3.60147e-05 1.02919e-05 2.39589e-06 4.82623e-07 8.8592e-08 1.4658e-08 2.06051e-09 2.203e-10 1.27988e-11 0 
0 2.00086e-08 1.89026e-07 9.24229e-07 3.24677e-06 9.04079e-06 2.08383e-05 4.07989e-05 6.92495e-05 0.000103846 0.000140104 0.000172897 0.000197914 0.000212399 0.000215241 0.000206769 0.000188517 0.000163059 0.000133796 0.000104574 7.90712e-05 6.00239e-05 4.85133e-05 4.34835e-05 4.21132e-05 4.24523e-05 4.56764e-05 5.02839e-05 4.80268e-05 3.5158e-05 1.90158e-05 7.68155e-06 2.39589e-06 6.11291e-07 1.36204e-07 2.72537e-08 4.80084e-09 7.08081e-10 7.88502e-11 4.74798e-12 0 
0 4.98408e-09 4.57035e-08 2.182e-07 7.55355e-07 2.09679e-06 4.87979e-06 9.76537e-06 1.71079e-05 2.663e-05 3.73231e-05 4.76625e-05 5.60293e-05 6.11335e-05 6.22935e-05 5.95299e-05 5.35024e-05 4.53362e-05 3.63768e-05 2.79212e-05 2.09799e-05 1.61255e-05 1.34439e-05 1.25556e-05 1.26947e-05 1.29693e-05 1.27687e-05 1.17548e-05 9.59647e-06 6.48161e-06 3.45409e-06 1.44001e-06 4.82623e-07 1.36204e-07 3.35635e-08 7.27303e-09 1.36117e-09 2.11074e-10 2.45653e-11 1.53875e-12 0 
0 1.10548e-09 9.8236e-09 4.56287e-08 1.54596e-07 4.23142e-07 9.78888e-07 1.96269e-06 3.46834e-06 5.47182e-06 7.79026e-06 1.01022e-05 1.20275e-05 1.32345e-05 1.35309e-05 1.29089e-05 1.15352e-05 9.69622e-06 7.72072e-06 5.90392e-06 4.45357e-06 3.46771e-06 2.9392e-06 2.77245e-06 2.80266e-06 2.83101e-06 2.69046e-06 2.30926e-06 1.73061e-06 1.09576e-06 5.72695e-07 2.46309e-07 8.8592e-08 2.72537e-08 7.27303e-09 1.68384e-09 3.33358e-10 5.43557e-11 6.62194e-12 4.32393e-13 0 
0 2.1411e-10 1.84347e-09 8.32001e-09 2.75082e-08 7.38579e-08 1.68554e-07 3.35244e-07 5.90569e-07 9.32411e-07 1.3319e-06 1.73499e-06 2.07487e-06 2.29096e-06 2.34676e-06 2.23969e-06 1.99989e-06 1.67966e-06 1.33821e-06 1.02723e-06 7.81506e-07 6.15719e-07 5.26089e-07 4.94111e-07 4.90809e-07 4.83165e-07 4.44875e-07 3.67897e-07 2.65832e-07 1.64669e-07 8.65303e-08 3.85455e-08 1.4658e-08 4.80084e-09 1.36117e-09 3.33358e-10 6.95548e-11 1.19135e-11 1.51947e-12 1.03506e-13 0 
0 3.47166e-11 2.89826e-10 1.27123e-09 4.09835e-09 1.0773e-08 2.41745e-08 4.74808e-08 8.29244e-08 1.30236e-07 1.85543e-07 2.415e-07 2.88898e-07 3.19269e-07 3.27415e-07 3.12888e-07 2.79872e-07 2.35694e-07 1.88629e-07 1.45849e-07 1.12092e-07 8.9229e-08 7.6518e-08 7.1193e-08 6.92177e-08 6.63294e-08 5.94739e-08 4.80985e-08 3.42642e-08 2.11963e-08 1.13068e-08 5.19458e-09 2.06051e-09 7.08081e-10 2.11074e-10 5.43557e-11 1.19135e-11 2.13959e-12 2.85417e-13 2.02778e-14 0 
0 4.2565e-12 3.45002e-11 1.47213e-10 4.63e-10 1.19124e-09 2.62579e-09 5.08414e-09 8.78305e-09 1.36857e-08 1.93941e-08 2.51613e-08 3.00514e-08 3.31997e-08 3.40717e-08 3.2616e-08 2.92575e-08 2.47452e-08 1.99282e-08 1.5542e-08 1.20697e-08 9.69432e-09 8.3247e-09 7.66297e-09 7.29792e-09 6.82556e-09 5.98718e-09 4.76737e-09 3.37446e-09 2.09693e-09 1.13667e-09 5.36295e-10 2.203e-10 7.88502e-11 2.45653e-11 6.62194e-12 1.51947e-12 2.85417e-13 3.97548e-14 2.94279e-15 0 
0 2.8211e-13 2.22363e-12 9.24403e-12 2.83948e-11 7.15554e-11 1.54962e-10 2.95704e-10 5.04959e-10 7.79915e-10 1.0982e-09 1.41873e-09 1.69034e-09 1.8658e-09 1.91581e-09 1.83741e-09 1.65366e-09 1.40559e-09 1.13985e-09 8.96994e-10 7.03622e-10 5.69529e-10 4.8911e-10 4.45486e-10 4.16387e-10 3.81274e-10 3.2833e-10 2.58261e-10 1.8209e-10 1.13766e-10 6.25842e-11 3.02239e-11 1.27988e-11 4.74798e-12 1.53875e-12 4.32393e-13 1.03506e-13 2.02778e-14 2.94279e-15 2.26621e-16 0 
0 0 0 0 0 0 0 0 0 0 0 0 0 0 0 0 0 0 0 0 0 0 0 0 0 0 0 0 0 0 0 0 0 0 0 0 0 0 0 0 0 
