0 0 0 0 0 0 0 0 0 0 0 0 0 0 0 0 0 0 0 0 0 0 0 0 0 0 0 0 0 0 0 0 0 0 0 0 0 0 0 0 0 
0 7.74541e-08 7.13764e-07 3.36293e-06 1.12546e-05 2.95827e-05 6.40399e-05 0.000117806 0.000188964 0.000270396 0.000352063 0.000423932 0.000478043 0.000509372 0.000515865 0.000498112 0.000458932 0.000402963 0.000336195 0.000265346 0.000197035 0.000136813 8.82805e-05 5.26372e-05 2.88679e-05 1.45169e-05 6.68337e-06 2.81652e-06 1.08745e-06 3.85217e-07 1.25379e-07 3.75296e-08 1.03292e-08 2.60838e-09 6.01078e-10 1.25013e-10 2.29659e-11 3.5661e-12 4.22048e-13 2.71763e-14 0 
0 7.13764e-07 6.84414e-06 3.31397e-05 0.000111673 0.000288041 0.000596226 0.00102792 0.00152968 0.00203126 0.00247505 0.00282663 0.0030707 0.00320353 0.00322741 0.00314785 0.00297252 0.00271151 0.00237846 0.00199243 0.00157952 0.00117232 0.000805361 0.000506687 0.000289503 0.000149465 6.96253e-05 2.93092e-05 1.11879e-05 3.88869e-06 1.23551e-06 3.59851e-07 9.62025e-08 2.35811e-08 5.27518e-09 1.06573e-09 1.90367e-10 2.87775e-11 3.32024e-12 2.08719e-13 0 
0 3.36293e-06 3.31397e-05 0.000161054 0.000524987 0.00125558 0.00232939 0.00355019 0.00470653 0.00568697 0.00646473 0.00704474 0.00743524 0.00764254 0.0076734 0.00753749 0.00724745 0.00681711 0.00625873 0.00558132 0.00479332 0.00391267 0.00298268 0.00208119 0.00130431 0.000724327 0.000354442 0.000153158 5.8868e-05 2.03119e-05 6.34558e-06 1.80666e-06 4.70587e-07 1.12213e-07 2.44104e-08 4.79733e-09 8.34323e-10 1.2294e-10 1.38448e-11 8.50693e-13 0 
0 1.12546e-05 0.000111673 0.000524987 0.00156626 0.00326873 0.00522204 0.00702371 0.00856173 0.00986347 0.0109472 0.0117998 0.0123969 0.0127208 0.0127676 0.0125496 0.0120933 0.0114358 0.0106185 0.00967937 0.00864259 0.00750997 0.00626411 0.00490041 0.00348558 0.00218386 0.00117873 0.000544543 0.000217023 7.57788e-05 2.35604e-05 6.60719e-06 1.68527e-06 3.92343e-07 8.32266e-08 1.59479e-08 2.70581e-09 3.89351e-10 4.2869e-11 2.57876e-12 0 
0 2.95827e-05 0.000288041 0.00125558 0.00326873 0.00583777 0.00828328 0.0104711 0.0124835 0.0143246 0.0159292 0.0172191 0.0181315 0.0186289 0.018702 0.018369 0.0176715 0.0166697 0.0154358 0.0140465 0.0125735 0.0110705 0.00955385 0.00798555 0.00629596 0.00448978 0.0027645 0.00142379 0.000610198 0.000221282 6.96154e-05 1.94295e-05 4.88552e-06 1.11568e-06 2.31611e-07 4.34002e-08 7.20187e-09 1.01426e-09 1.09408e-10 6.45538e-12 0 
0 6.40399e-05 0.000596226 0.00232939 0.00522204 0.00828328 0.011145 0.0139376 0.0166695 0.019225 0.0214648 0.0232673 0.0245423 0.0252375 0.0253403 0.0248758 0.0239019 0.0225022 0.0207772 0.0188355 0.0167845 0.0147216 0.0127212 0.0108109 0.00893634 0.00696837 0.00485622 0.00284722 0.00135484 0.000524859 0.000170385 4.79159e-05 1.19715e-05 2.69625e-06 5.50024e-07 1.01125e-07 1.64597e-08 2.27455e-09 2.40935e-10 1.39733e-11 0 
0 0.000117806 0.00102792 0.00355019 0.00702371 0.0104711 0.0139376 0.0175112 0.0210579 0.0243815 0.0272935 0.0296358 0.0312919 0.0321945 0.0323274 0.0317233 0.0304574 0.0286377 0.0263942 0.023867 0.0211951 0.0185074 0.0159136 0.013493 0.0112648 0.00913781 0.00691975 0.00456222 0.00244339 0.00103419 0.000353124 0.000101363 2.53735e-05 5.66819e-06 1.14112e-06 2.0658e-07 3.30818e-08 4.49803e-09 4.69036e-10 2.6799e-11 0 
0 0.000188964 0.00152968 0.00470653 0.00856173 0.0124835 0.0166695 0.0210579 0.0254202 0.0295064 0.0330851 0.0359621 0.0379953 0.0391022 0.0392635 0.0385195 0.0369625 0.0347251 0.0319664 0.0288579 0.0255696 0.0222588 0.0190614 0.0160847 0.0133944 0.0109741 0.00865891 0.00620674 0.00370642 0.00173037 0.00063031 0.000186784 4.72098e-05 1.05172e-05 2.09829e-06 3.75335e-07 5.93198e-08 7.95802e-09 8.18998e-10 4.62097e-11 0 
0 0.000270396 0.00203126 0.00568697 0.00986347 0.0143246 0.019225 0.0243815 0.0295064 0.0343052 0.0385063 0.0418821 0.0442662 0.0455623 0.0457482 0.0448716 0.043041 0.0404119 0.037171 0.0335189 0.0296546 0.025762 0.0219998 0.0184948 0.0153362 0.0125547 0.0100571 0.00757239 0.00492172 0.00252122 0.000985416 0.000303744 7.79856e-05 1.74051e-05 3.45415e-06 6.12515e-07 9.58244e-08 1.27191e-08 1.29523e-09 7.23392e-11 0 
0 0.000352063 0.00247505 0.00646473 0.0109472 0.0159292 0.0214648 0.0272935 0.0330851 0.0385063 0.0432503 0.0470605 0.0497492 0.0512084 0.0514135 0.0504188 0.0483472 0.0453745 0.0417113 0.0375839 0.0332166 0.0288164 0.0245616 0.020595 0.0170194 0.0138894 0.0111655 0.00862033 0.00593744 0.00328573 0.00137344 0.000441359 0.000115502 2.59101e-05 5.13058e-06 9.04549e-07 1.40471e-07 1.84971e-08 1.86856e-09 1.03551e-10 0 
0 0.000423932 0.00282663 0.00704474 0.0117998 0.0172191 0.0232673 0.0296358 0.0359621 0.0418821 0.0470605 0.0512174 0.054148 0.0557352 0.0559528 0.0548608 0.0525936 0.0493435 0.0453405 0.0408315 0.0360609 0.0312542 0.0266056 0.02227 0.0183598 0.0149412 0.0120057 0.00937641 0.00669596 0.00392535 0.00173666 0.00058003 0.000154773 3.49568e-05 6.92218e-06 1.21642e-06 1.87997e-07 2.46218e-08 2.47355e-09 1.36345e-10 0 
0 0.000478043 0.0030707 0.00743524 0.0123969 0.0181315 0.0245423 0.0312919 0.0379953 0.0442662 0.0497492 0.054148 0.0572461 0.0589201 0.059143 0.057979 0.055571 0.0521232 0.0478791 0.0431004 0.0380456 0.0329534 0.0280285 0.0234346 0.0192902 0.0156673 0.0125733 0.00986783 0.00719512 0.00438421 0.00202355 0.000697213 0.000189224 4.30383e-05 8.53551e-06 1.49817e-06 2.30982e-07 3.01631e-08 3.02111e-09 1.66047e-10 0 
0 0.000509372 0.00320353 0.00764254 0.0127208 0.0186289 0.0252375 0.0321945 0.0391022 0.0455623 0.0512084 0.0557352 0.0589201 0.0606364 0.0608572 0.0596496 0.0571613 0.0536028 0.0492256 0.0442994 0.0390905 0.0338442 0.0287714 0.0240397 0.0197706 0.016039 0.0128592 0.0101113 0.00745143 0.00464219 0.00220009 0.000774079 0.000212711 4.86742e-05 9.67704e-06 1.69971e-06 2.62028e-07 3.42043e-08 3.42458e-09 1.88186e-10 0 
0 0.000515865 0.00322741 0.0076734 0.0127676 0.018702 0.0253403 0.0323274 0.0392635 0.0457482 0.0514135 0.0559528 0.059143 0.0608572 0.0610694 0.0598475 0.0573404 0.0537601 0.0493597 0.0444101 0.0391788 0.033912 0.0288209 0.0240734 0.0197911 0.0160486 0.012862 0.0101188 0.00748344 0.00470066 0.00225226 0.000800245 0.000221443 5.09073e-05 1.01541e-05 1.78818e-06 2.76334e-07 3.61608e-08 3.63015e-09 2.0008e-10 0 
0 0.000498112 0.00314785 0.00753749 0.0125496 0.018369 0.0248758 0.0317233 0.0385195 0.0448716 0.0504188 0.0548608 0.057979 0.0596496 0.0598475 0.0586397 0.0561731 0.0526562 0.0483374 0.0434827 0.0383544 0.0331936 0.0282074 0.0235598 0.0193696 0.0157093 0.0125925 0.00990274 0.00730784 0.0045727 0.00218403 0.000775613 0.000215072 4.9625e-05 9.94372e-06 1.76019e-06 2.73544e-07 3.60145e-08 3.63936e-09 2.02019e-10 0 
0 0.000458932 0.00297252 0.00724745 0.0120933 0.0176715 0.0239019 0.0304574 0.0369625 0.043041 0.0483472 0.0525936 0.055571 0.0571613 0.0573404 0.0561731 0.0538008 0.0504239 0.0462808 0.0416266 0.0367128 0.0317707 0.0269983 0.0225529 0.018548 0.0150521 0.0120719 0.00947785 0.00694022 0.00428018 0.00201462 0.000709707 0.000196678 4.5586e-05 9.20273e-06 1.64404e-06 2.58149e-07 3.43718e-08 3.5153e-09 1.9762e-10 0 
0 0.000402963 0.00271151 0.00681711 0.0114358 0.0166697 0.0225022 0.0286377 0.0347251 0.0404119 0.0453745 0.0493435 0.0521232 0.0536028 0.0537601 0.0526562 0.0504239 0.0472515 0.0433626 0.0389967 0.0343898 0.0297588 0.0252897 0.0211299 0.0173859 0.0141202 0.0113279 0.0088596 0.00639842 0.0038558 0.00177629 0.000619276 0.000171823 4.01847e-05 8.22205e-06 1.4925e-06 2.38502e-07 3.23501e-08 3.37248e-09 1.93305e-10 0 
0 0.000336195 0.00237846 0.00625873 0.0106185 0.0154358 0.0207772 0.0263942 0.0319664 0.037171 0.0417113 0.0453405 0.0478791 0.0492256 0.0493597 0.0483374 0.0462808 0.0433626 0.0397882 0.0357774 0.0315469 0.027296 0.0231957 0.019382 0.0159529 0.0129623 0.0103887 0.00806353 0.00570922 0.00334768 0.00151135 0.000524833 0.000147169 3.50987e-05 7.35745e-06 1.37124e-06 2.25139e-07 3.13692e-08 3.35625e-09 1.97153e-10 0 
0 0.000265346 0.00199243 0.00558132 0.00967937 0.0140465 0.0188355 0.023867 0.0288579 0.0335189 0.0375839 0.0408315 0.0431004 0.0442994 0.0444101 0.0434827 0.0416266 0.0389967 0.0357774 0.0321658 0.0283568 0.0245296 0.0208382 0.0174058 0.0143206 0.0116248 0.00927801 0.00710956 0.00491883 0.00282117 0.00126695 0.000447046 0.000129267 3.2004e-05 6.97387e-06 1.3491e-06 2.29231e-07 3.2931e-08 3.61809e-09 2.17357e-10 0 
0 0.000197035 0.00157952 0.00479332 0.00864259 0.0125735 0.0167845 0.0211951 0.0255696 0.0296546 0.0332166 0.0360609 0.0380456 0.0390905 0.0391788 0.0383544 0.0367128 0.0343898 0.0315469 0.0283568 0.0249905 0.0216053 0.0183373 0.0152955 0.012556 0.0101469 0.00801802 0.00603558 0.00410096 0.00235161 0.00108723 0.000404013 0.000123999 3.24774e-05 7.42502e-06 1.49299e-06 2.61387e-07 3.83977e-08 4.28636e-09 2.60253e-10 0 
0 0.000136813 0.00117232 0.00391267 0.00750997 0.0110705 0.0147216 0.0185074 0.0222588 0.025762 0.0288164 0.0312542 0.0329534 0.0338442 0.033912 0.0331936 0.0317707 0.0297588 0.027296 0.0245296 0.0216053 0.0186579 0.0158038 0.0131359 0.010716 0.00856308 0.00664803 0.00491746 0.00334874 0.00200264 0.00100307 0.000409505 0.000136595 3.80388e-05 9.05043e-06 1.86282e-06 3.29988e-07 4.86616e-08 5.42392e-09 3.27639e-10 0 
0 8.82805e-05 0.000805361 0.00298268 0.00626411 0.00955385 0.0127212 0.0159136 0.0190614 0.0219998 0.0245616 0.0266056 0.0280285 0.0287714 0.0288209 0.0282074 0.0269983 0.0252897 0.0231957 0.0208382 0.0183373 0.0158038 0.0133325 0.0109982 0.00885267 0.00693398 0.0052777 0.00389842 0.002759 0.00180141 0.0010197 0.000469887 0.000171245 5.00529e-05 1.21229e-05 2.49418e-06 4.37426e-07 6.35628e-08 6.96677e-09 4.13527e-10 0 
0 5.26372e-05 0.000506687 0.00208119 0.00490041 0.00798555 0.0108109 0.013493 0.0160847 0.0184948 0.020595 0.02227 0.0234346 0.0240397 0.0240734 0.0235598 0.0225529 0.0211299 0.019382 0.0174058 0.0152955 0.0131359 0.0109982 0.00894395 0.00705132 0.00544698 0.00424387 0.00338333 0.00264334 0.00188545 0.0011652 0.000590347 0.000231014 6.93545e-05 1.66854e-05 3.35812e-06 5.73445e-07 8.11015e-08 8.66159e-09 5.01836e-10 0 
0 2.88679e-05 0.000289503 0.00130431 0.00348558 0.00629596 0.00893634 0.0112648 0.0133944 0.0153362 0.0170194 0.0183598 0.0192902 0.0197706 0.0197911 0.0193696 0.018548 0.0173859 0.0159529 0.0143206 0.012556 0.010716 0.00885267 0.00705132 0.00552073 0.00462608 0.00459962 0.00498217 0.00473725 0.00347602 0.00194544 0.000884707 0.00033194 9.70862e-05 2.242e-05 4.3168e-06 7.09065e-07 9.69943e-08 1.00603e-08 5.67969e-10 0 
0 1.45169e-05 0.000149465 0.000724327 0.00218386 0.00448978 0.00696837 0.00913781 0.0109741 0.0125547 0.0138894 0.0149412 0.0156673 0.016039 0.0160486 0.0157093 0.0150521 0.0141202 0.0129623 0.0116248 0.0101469 0.00856308 0.00693398 0.00544698 0.00462608 0.00546788 0.00862341 0.0124423 0.013261 0.00979651 0.0049861 0.00183135 0.000546576 0.000138425 2.88249e-05 5.13133e-06 7.99886e-07 1.0555e-07 1.06433e-08 5.86732e-10 0 
0 6.68337e-06 6.96253e-05 0.000354442 0.00117873 0.0027645 0.00485622 0.00691975 0.00865891 0.0100571 0.0111655 0.0120057 0.0125733 0.0128592 0.012862 0.0125925 0.0120719 0.0113279 0.0103887 0.00927801 0.00801802 0.00664803 0.0052777 0.00424387 0.00459962 0.00862341 0.0178973 0.0284647 0.0313343 0.0231406 0.0115068 0.00389475 0.000964345 0.000198396 3.50295e-05 5.52966e-06 8.04207e-07 1.02269e-07 1.00684e-08 5.44681e-10 0 
0 2.81652e-06 2.93092e-05 0.000153158 0.000544543 0.00142379 0.00284722 0.00456222 0.00620674 0.00757239 0.00862033 0.00937641 0.00986783 0.0101113 0.0101188 0.00990274 0.00947785 0.0088596 0.00806353 0.00710956 0.00603558 0.00491746 0.00389842 0.00338333 0.00498217 0.0124423 0.0284647 0.0464955 0.0513935 0.0381751 0.018848 0.00624372 0.00143482 0.000255067 3.82804e-05 5.26496e-06 7.0674e-07 8.68003e-08 8.40155e-09 4.49245e-10 0 
0 1.08745e-06 1.11879e-05 5.8868e-05 0.000217023 0.000610198 0.00135484 0.00244339 0.00370642 0.00492172 0.00593744 0.00669596 0.00719512 0.00745143 0.00748344 0.00730784 0.00694022 0.00639842 0.00570922 0.00491883 0.00410096 0.00334874 0.002759 0.00264334 0.00473725 0.013261 0.0313343 0.0513935 0.056319 0.0425522 0.0208836 0.00687655 0.00154381 0.000256264 3.44932e-05 4.24378e-06 5.31884e-07 6.37296e-08 6.1249e-09 3.26571e-10 0 
0 3.85217e-07 3.88869e-06 2.03119e-05 7.57788e-05 0.000221282 0.000524859 0.00103419 0.00173037 0.00252122 0.00328573 0.00392535 0.00438421 0.00464219 0.00470066 0.0045727 0.00428018 0.0038558 0.00334768 0.00282117 0.00235161 0.00200264 0.00180141 0.00188545 0.00347602 0.00979651 0.0231406 0.0381751 0.0425522 0.0313525 0.0154752 0.00509443 0.00114144 0.000185611 2.37489e-05 2.76408e-06 3.36121e-07 4.01212e-08 3.87779e-09 2.08168e-10 0 
0 1.25379e-07 1.23551e-06 6.34558e-06 2.35604e-05 6.96154e-05 0.000170385 0.000353124 0.00063031 0.000985416 0.00137344 0.00173666 0.00202355 0.00220009 0.00225226 0.00218403 0.00201462 0.00177629 0.00151135 0.00126695 0.00108723 0.00100307 0.0010197 0.0011652 0.00194544 0.0049861 0.0115068 0.018848 0.0208836 0.0154752 0.00764823 0.00253018 0.000574447 9.41056e-05 1.20278e-05 1.41645e-06 1.76513e-07 2.15782e-08 2.12673e-09 1.16059e-10 0 
0 3.75296e-08 3.59851e-07 1.80666e-06 6.60719e-06 1.94295e-05 4.79159e-05 0.000101363 0.000186784 0.000303744 0.000441359 0.00058003 0.000697213 0.000774079 0.000800245 0.000775613 0.000709707 0.000619276 0.000524833 0.000447046 0.000404013 0.000409505 0.000469887 0.000590347 0.000884707 0.00183135 0.00389475 0.00624372 0.00687655 0.00509443 0.00253018 0.000850318 0.00019835 3.34447e-05 4.49403e-06 5.74995e-07 7.74345e-08 9.93526e-09 1.01071e-09 5.65556e-11 0 
0 1.03292e-08 9.62025e-08 4.70587e-07 1.68527e-06 4.88552e-06 1.19715e-05 2.53735e-05 4.72098e-05 7.79856e-05 0.000115502 0.000154773 0.000189224 0.000212711 0.000221443 0.000215072 0.000196678 0.000171823 0.000147169 0.000129267 0.000123999 0.000136595 0.000171245 0.000231014 0.00033194 0.000546576 0.000964345 0.00143482 0.00154381 0.00114144 0.000574447 0.00019835 4.80043e-05 8.60632e-06 1.29661e-06 1.92125e-07 2.88729e-08 3.93923e-09 4.17049e-10 2.40958e-11 0 
0 2.60838e-09 2.35811e-08 1.12213e-07 3.92343e-07 1.11568e-06 2.69625e-06 5.66819e-06 1.05172e-05 1.74051e-05 2.59101e-05 3.49568e-05 4.30383e-05 4.86742e-05 5.09073e-05 4.9625e-05 4.5586e-05 4.01847e-05 3.50987e-05 3.2004e-05 3.24774e-05 3.80388e-05 5.00529e-05 6.93545e-05 9.70862e-05 0.000138425 0.000198396 0.000255067 0.000256264 0.000185611 9.41056e-05 3.34447e-05 8.60632e-06 1.73981e-06 3.1424e-07 5.54986e-08 9.31184e-09 1.35257e-09 1.49692e-10 8.97563e-12 0 
0 6.01078e-10 5.27518e-09 2.44104e-08 8.32266e-08 2.31611e-07 5.50024e-07 1.14112e-06 2.09829e-06 3.45415e-06 5.13058e-06 6.92218e-06 8.53551e-06 9.67704e-06 1.01541e-05 9.94372e-06 9.20273e-06 8.22205e-06 7.35745e-06 6.97387e-06 7.42502e-06 9.05043e-06 1.21229e-05 1.66854e-05 2.242e-05 2.88249e-05 3.50295e-05 3.82804e-05 3.44932e-05 2.37489e-05 1.20278e-05 4.49403e-06 1.29661e-06 3.1424e-07 6.94262e-08 1.42605e-08 2.61726e-09 4.0298e-10 4.6716e-11 2.91676e-12 0 
0 1.25013e-10 1.06573e-09 4.79733e-09 1.59479e-08 4.34002e-08 1.01125e-07 2.0658e-07 3.75335e-07 6.12515e-07 9.04549e-07 1.21642e-06 1.49817e-06 1.69971e-06 1.78818e-06 1.76019e-06 1.64404e-06 1.4925e-06 1.37124e-06 1.3491e-06 1.49299e-06 1.86282e-06 2.49418e-06 3.35812e-06 4.3168e-06 5.13133e-06 5.52966e-06 5.26496e-06 4.24378e-06 2.76408e-06 1.41645e-06 5.74995e-07 1.92125e-07 5.54986e-08 1.42605e-08 3.24612e-09 6.38349e-10 1.03734e-10 1.26045e-11 8.21004e-13 0 
0 2.29659e-11 1.90367e-10 8.34323e-10 2.70581e-09 7.20187e-09 1.64597e-08 3.30818e-08 5.93198e-08 9.58244e-08 1.40471e-07 1.87997e-07 2.30982e-07 2.62028e-07 2.76334e-07 2.73544e-07 2.58149e-07 2.38502e-07 2.25139e-07 2.29231e-07 2.61387e-07 3.29988e-07 4.37426e-07 5.73445e-07 7.09065e-07 7.99886e-07 8.04207e-07 7.0674e-07 5.31884e-07 3.36121e-07 1.76513e-07 7.74345e-08 2.88729e-08 9.31184e-09 2.61726e-09 6.38349e-10 1.32896e-10 2.27233e-11 2.89312e-12 1.96716e-13 0 
0 3.5661e-12 2.87775e-11 1.2294e-10 3.89351e-10 1.01426e-09 2.27455e-09 4.49803e-09 7.95802e-09 1.27191e-08 1.84971e-08 2.46218e-08 3.01631e-08 3.42043e-08 3.61608e-08 3.60145e-08 3.43718e-08 3.23501e-08 3.13692e-08 3.2931e-08 3.83977e-08 4.86616e-08 6.35628e-08 8.11015e-08 9.69943e-08 1.0555e-07 1.02269e-07 8.68003e-08 6.37296e-08 4.01212e-08 2.15782e-08 9.93526e-09 3.93923e-09 1.35257e-09 4.0298e-10 1.03734e-10 2.27233e-11 4.07757e-12 5.43348e-13 3.85526e-14 0 
0 4.22048e-13 3.32024e-12 1.38448e-11 4.2869e-11 1.09408e-10 2.40935e-10 4.69036e-10 8.18998e-10 1.29523e-09 1.86856e-09 2.47355e-09 3.02111e-09 3.42458e-09 3.63015e-09 3.63936e-09 3.5153e-09 3.37248e-09 3.35625e-09 3.61809e-09 4.28636e-09 5.42392e-09 6.96677e-09 8.66159e-09 1.00603e-08 1.06433e-08 1.00684e-08 8.40155e-09 6.1249e-09 3.87779e-09 2.12673e-09 1.01071e-09 4.17049e-10 1.49692e-10 4.6716e-11 1.26045e-11 2.89312e-12 5.43348e-13 7.56402e-14 5.59452e-15 0 
0 2.71763e-14 2.08719e-13 8.50693e-13 2.57876e-12 6.45538e-12 1.39733e-11 2.6799e-11 4.62097e-11 7.23392e-11 1.03551e-10 1.36345e-10 1.66047e-10 1.88186e-10 2.0008e-10 2.02019e-10 1.9762e-10 1.93305e-10 1.97153e-10 2.17357e-10 2.60253e-10 3.27639e-10 4.13527e-10 5.01836e-10 5.67969e-10 5.86732e-10 5.44681e-10 4.49245e-10 3.26571e-10 2.08168e-10 1.16059e-10 5.65556e-11 2.40958e-11 8.97563e-12 2.91676e-12 8.21004e-13 1.96716e-13 3.85526e-14 5.59452e-15 4.30653e-16 0 
0 0 0 0 0 0 0 0 0 0 0 0 0 0 0 0 0 0 0 0 0 0 0 0 0 0 0 0 0 0 0 0 0 0 0 0 0 0 0 0 0 
