0 0 0 0 0 0 0 0 0 0 0 0 0 0 0 0 0 0 0 0 0 0 0 0 0 0 0 0 0 0 0 0 0 0 0 0 0 0 0 0 0 
0 1.79916e-07 1.61769e-06 7.25139e-06 2.24455e-05 5.32188e-05 0.000102276 0.000166364 0.000237644 0.000307363 0.000368615 0.000417137 0.000450868 0.000469194 0.000472358 0.00046112 0.000436622 0.000400402 0.000354494 0.000301554 0.000244927 0.000188501 0.000136294 9.17527e-05 5.70121e-05 3.24519e-05 1.68254e-05 7.91875e-06 3.37902e-06 1.30795e-06 4.59935e-07 1.47151e-07 4.28647e-08 1.13557e-08 2.72403e-09 5.85804e-10 1.10637e-10 1.75766e-11 2.11974e-12 1.38628e-13 0 
0 1.61769e-06 1.49545e-05 6.67933e-05 0.000197193 0.000426733 0.000726173 0.00103647 0.00131202 0.00153554 0.00170726 0.00183225 0.0019148 0.00195777 0.00196336 0.00193381 0.00187155 0.00177889 0.00165747 0.001508 0.00133079 0.00112771 0.000905344 0.000677603 0.00046488 0.000287921 0.000159184 7.81202e-05 3.40268e-05 1.32066e-05 4.59433e-06 1.44084e-06 4.09049e-07 1.05272e-07 2.44969e-08 5.10909e-09 9.36328e-10 1.44497e-10 1.69514e-11 1.08006e-12 0 
0 7.25139e-06 6.67933e-05 0.000280806 0.00072928 0.00132746 0.0019025 0.0023765 0.00276412 0.00309191 0.00336806 0.00358769 0.0037425 0.00382635 0.00383756 0.00377925 0.00365891 0.00348721 0.00327641 0.00303797 0.00277951 0.00250142 0.00219505 0.00184702 0.00145313 0.00103683 0.000651807 0.000353979 0.000165011 6.64002e-05 2.33514e-05 7.2742e-06 2.02884e-06 5.09783e-07 1.1546e-07 2.34111e-08 4.17153e-09 6.26429e-10 7.15985e-11 4.45116e-12 0 
0 2.24455e-05 0.000197193 0.00072928 0.00156641 0.00238743 0.003075 0.00369735 0.00429589 0.00485886 0.00535608 0.00575829 0.00604353 0.00619899 0.00622133 0.00611618 0.00589696 0.00558322 0.00519874 0.00476937 0.00432075 0.00387507 0.00344564 0.00302848 0.0025955 0.00210484 0.00154389 0.000976459 0.000515394 0.000225389 8.28236e-05 2.61697e-05 7.26272e-06 1.79584e-06 3.97961e-07 7.87465e-08 1.36832e-08 2.00443e-09 2.237e-10 1.35967e-11 0 
0 5.32188e-05 0.000426733 0.00132746 0.00238743 0.00331816 0.00421875 0.00515387 0.00609204 0.0069769 0.00775492 0.00838194 0.00882578 0.00906781 0.00910341 0.00894133 0.00860193 0.00811465 0.00751501 0.00684157 0.00613309 0.00542615 0.00475289 0.00413687 0.00358275 0.00305879 0.00249265 0.00182789 0.00112783 0.000560605 0.000223817 7.36915e-05 2.06931e-05 5.08723e-06 1.11038e-06 2.15437e-07 3.66397e-08 5.25179e-09 5.73812e-10 3.4179e-11 0 
0 0.000102276 0.000726173 0.0019025 0.003075 0.00421875 0.00546648 0.00679131 0.00811504 0.00935799 0.0104481 0.0113254 0.011946 0.0122844 0.0123345 0.0121084 0.0116343 0.010953 0.0101134 0.0091684 0.00817073 0.0071696 0.00620845 0.00532346 0.004541 0.00386689 0.00326036 0.00261849 0.00185659 0.00106929 0.000479164 0.000169075 4.8953e-05 1.21058e-05 2.62208e-06 5.0145e-07 8.38099e-08 1.17939e-08 1.26524e-09 7.4047e-11 0 
0 0.000166364 0.00103647 0.0023765 0.00369735 0.00515387 0.00679131 0.00852431 0.0102501 0.0118678 0.0132852 0.0144253 0.0152314 0.0156708 0.0157355 0.0154414 0.0148252 0.0139395 0.0128474 0.0116173 0.0103168 0.00900879 0.00774797 0.00657922 0.00553721 0.00464468 0.00389861 0.00323289 0.00250591 0.00164595 0.000838873 0.000324198 9.85102e-05 2.47918e-05 5.36901e-06 1.01744e-06 1.67802e-07 2.32629e-08 2.45772e-09 1.41702e-10 0 
0 0.000237644 0.00131202 0.00276412 0.00429589 0.00609204 0.00811504 0.0102501 0.0123733 0.0143623 0.0161043 0.0175051 0.0184962 0.019037 0.0191161 0.0187524 0.0179927 0.0169027 0.0155597 0.0140466 0.012446 0.0108345 0.0092784 0.00783121 0.00653338 0.00541312 0.00448369 0.00371919 0.0030037 0.00216783 0.00124486 0.000531861 0.000171778 4.44276e-05 9.68463e-06 1.82742e-06 2.98563e-07 4.0912e-08 4.26932e-09 2.43149e-10 0 
0 0.000307363 0.00153554 0.00309191 0.00485886 0.0069769 0.00935799 0.0118678 0.0143623 0.0166982 0.018744 0.0203928 0.0215662 0.0222107 0.0223045 0.0218682 0.0209631 0.0196742 0.0180936 0.0163154 0.0144344 0.0125397 0.0107085 0.00900274 0.00746838 0.00613654 0.00502518 0.00412934 0.00337424 0.00257643 0.00162735 0.000765276 0.000264066 7.06252e-05 1.55745e-05 2.93797e-06 4.77124e-07 6.48218e-08 6.70012e-09 3.77905e-10 0 
0 0.000368615 0.00170726 0.00336806 0.00535608 0.00775492 0.0104481 0.0132852 0.0161043 0.018744 0.0210607 0.0229375 0.0242766 0.0250071 0.0251115 0.0246158 0.0235808 0.0221059 0.0203077 0.0182946 0.0161683 0.0140264 0.0119554 0.0100247 0.00828521 0.00677051 0.00549974 0.00447591 0.00365347 0.00287167 0.00194082 0.000990164 0.000363955 0.000100829 2.25551e-05 4.26555e-06 6.90472e-07 9.3255e-08 9.5719e-09 5.35963e-10 0 
0 0.000417137 0.00183225 0.00358769 0.00575829 0.00838194 0.0113254 0.0144253 0.0175051 0.0203928 0.0229375 0.0249926 0.0264182 0.0271633 0.0272641 0.0267582 0.0256699 0.0240671 0.0220881 0.0198783 0.017553 0.0152131 0.0129503 0.01084 0.00893701 0.00727705 0.0058796 0.00475003 0.00385901 0.00307295 0.00216993 0.00117818 0.000456947 0.000130751 2.96753e-05 5.63477e-06 9.11004e-07 1.22592e-07 1.25241e-08 6.97735e-10 0 
0 0.000450868 0.0019148 0.0037425 0.00604353 0.00882578 0.011946 0.0152314 0.0184962 0.0215662 0.0242766 0.0264182 0.0278308 0.0285375 0.028627 0.0281418 0.0270758 0.0254377 0.0233453 0.0209899 0.01852 0.0160402 0.013643 0.0114069 0.00938969 0.00762849 0.00614293 0.00493877 0.00399463 0.0031971 0.00231702 0.00131261 0.000529848 0.000155558 3.57466e-05 6.81686e-06 1.1023e-06 1.48068e-07 1.50866e-08 8.37991e-10 0 
0 0.000469194 0.00195777 0.00382635 0.00619899 0.00906781 0.0122844 0.0156708 0.019037 0.0222107 0.0250071 0.0271633 0.0285375 0.0292108 0.029291 0.0288206 0.0277834 0.0261552 0.0240176 0.0215813 0.0190298 0.0164739 0.0140045 0.0117014 0.0096235 0.00780869 0.00627656 0.00503274 0.00405929 0.00325424 0.00238988 0.00138689 0.000573619 0.000171229 3.96912e-05 7.59671e-06 1.22965e-06 1.65134e-07 1.68118e-08 9.3285e-10 0 
0 0.000472358 0.00196336 0.00383756 0.00622133 0.00910341 0.0123345 0.0157355 0.0191161 0.0223045 0.0251115 0.0272641 0.028627 0.029291 0.0293662 0.0288948 0.0278598 0.0262324 0.0240873 0.0216373 0.0190732 0.0165069 0.0140286 0.0117178 0.00963344 0.00781317 0.00627638 0.00502852 0.00405246 0.00324987 0.00239571 0.00140081 0.000584275 0.00017555 4.08616e-05 7.84032e-06 1.27112e-06 1.70901e-07 1.74154e-08 9.67193e-10 0 
0 0.00046112 0.00193381 0.00377925 0.00611618 0.00894133 0.0121084 0.0154414 0.0187524 0.0218682 0.0246158 0.0267582 0.0281418 0.0288206 0.0288948 0.0284072 0.0273464 0.0257035 0.02358 0.0211806 0.0186709 0.0161572 0.01373 0.0114678 0.00942829 0.00764821 0.00614652 0.00492851 0.00397583 0.00318701 0.00233927 0.0013577 0.00056262 0.00016851 3.92134e-05 7.53494e-06 1.22436e-06 1.65048e-07 1.68664e-08 9.39439e-10 0 
0 0.000436622 0.00187155 0.00365891 0.00589696 0.00860193 0.0116343 0.0148252 0.0179927 0.0209631 0.0235808 0.0256699 0.0270758 0.0277834 0.0278598 0.0273464 0.0262504 0.0246098 0.0225587 0.0202691 0.0178707 0.0154645 0.0131415 0.0109777 0.00902846 0.00732898 0.0058977 0.00473961 0.00383284 0.00306674 0.00222316 0.00126348 0.000513595 0.000152149 3.52857e-05 6.78783e-06 1.10673e-06 1.49863e-07 1.53918e-08 8.6185e-10 0 
0 0.000400402 0.00177889 0.00348721 0.00558322 0.00811465 0.010953 0.0139395 0.0169027 0.0196742 0.0221059 0.0240671 0.0254377 0.0261552 0.0262324 0.0257035 0.0246098 0.0230374 0.0211191 0.0189838 0.0167394 0.0144852 0.0123098 0.010285 0.00846297 0.00687695 0.00554487 0.00447098 0.00362662 0.00288766 0.00204925 0.00112736 0.000445547 0.00012999 3.00206e-05 5.78848e-06 9.49095e-07 1.29443e-07 1.34001e-08 7.56537e-10 0 
0 0.000354494 0.00165747 0.00327641 0.00519874 0.00751501 0.0101134 0.0128474 0.0155597 0.0180936 0.0203077 0.0220881 0.0233453 0.0240176 0.0240873 0.02358 0.0225587 0.0211191 0.0193697 0.017415 0.0153555 0.0132864 0.0112905 0.00943427 0.00776585 0.00631672 0.00510425 0.00413074 0.00335686 0.00264553 0.00182176 0.000963263 0.000369238 0.000106224 2.4503e-05 4.75317e-06 7.86779e-07 1.08496e-07 1.1363e-08 6.49092e-10 0 
0 0.000301554 0.001508 0.00303797 0.00476937 0.00684157 0.0091684 0.0116173 0.0140466 0.0163154 0.0182946 0.0198783 0.0209899 0.0215813 0.0216373 0.0211806 0.0202691 0.0189838 0.017415 0.0156568 0.0138028 0.0119398 0.010143 0.00847252 0.00697256 0.00567279 0.00458987 0.00372194 0.00301688 0.00233552 0.00155237 0.000790709 0.000296355 8.48588e-05 1.97151e-05 3.87414e-06 6.51066e-07 9.11982e-08 9.69913e-09 5.62216e-10 0 
0 0.000244927 0.00133079 0.00277951 0.00432075 0.00613309 0.00817073 0.0103168 0.012446 0.0144344 0.0161683 0.017553 0.01852 0.0190298 0.0190732 0.0186709 0.0178707 0.0167394 0.0153555 0.0138028 0.0121642 0.0105165 0.00892582 0.00744585 0.00611683 0.00496654 0.00400992 0.00323896 0.00259508 0.00196075 0.00126562 0.000633211 0.000237581 6.90536e-05 1.63795e-05 3.2887e-06 5.63941e-07 8.04406e-08 8.69296e-09 5.10943e-10 0 
0 0.000188501 0.00112771 0.00250142 0.00387507 0.00542615 0.0071696 0.00900879 0.0108345 0.0125397 0.0140264 0.0152131 0.0160402 0.0164739 0.0165069 0.0161572 0.0154645 0.0144852 0.0132864 0.0119398 0.0105165 0.00908183 0.00769294 0.0063965 0.00522854 0.00421442 0.00336614 0.00267331 0.0020916 0.00154759 0.000998217 0.000512671 0.000200532 6.07601e-05 1.49071e-05 3.0692e-06 5.35966e-07 7.74581e-08 8.4491e-09 4.99828e-10 0 
0 0.000136294 0.000905344 0.00219505 0.00344564 0.00475289 0.00620845 0.00774797 0.0092784 0.0107085 0.0119554 0.0129503 0.013643 0.0140045 0.0140286 0.01373 0.0131415 0.0123098 0.0112905 0.010143 0.00892582 0.00769294 0.00649165 0.00536141 0.00433409 0.00343442 0.00267786 0.00206452 0.00157322 0.00116248 0.000785259 0.00043918 0.00018752 6.05229e-05 1.53878e-05 3.22035e-06 5.65306e-07 8.1638e-08 8.87004e-09 5.21739e-10 0 
0 9.17527e-05 0.000677603 0.00184702 0.00302848 0.00413687 0.00532346 0.00657922 0.00783121 0.00900274 0.0100247 0.01084 0.0114069 0.0117014 0.0117178 0.0114678 0.0109777 0.010285 0.00943427 0.00847252 0.00744585 0.0063965 0.00536141 0.00437337 0.0034681 0.00269623 0.00210797 0.00168504 0.00133053 0.000985131 0.000673313 0.000407655 0.00019368 6.7123e-05 1.75247e-05 3.66605e-06 6.35775e-07 9.03451e-08 9.65168e-09 5.58467e-10 0 
0 5.70121e-05 0.00046488 0.00145313 0.0025955 0.00358275 0.004541 0.00553721 0.00653338 0.00746838 0.00828521 0.00893701 0.00938969 0.0096235 0.00963344 0.00942829 0.00902846 0.00846297 0.00776585 0.00697256 0.00611683 0.00522854 0.00433409 0.0034681 0.00271773 0.00226511 0.00224232 0.0024261 0.0023067 0.00169445 0.000959772 0.000472696 0.000216439 7.79477e-05 2.05601e-05 4.23032e-06 7.15188e-07 9.9014e-08 1.03247e-08 5.84509e-10 0 
0 3.24519e-05 0.000287921 0.00103683 0.00210484 0.00305879 0.00386689 0.00464468 0.00541312 0.00613654 0.00677051 0.00727705 0.00762849 0.00780869 0.00781317 0.00764821 0.00732898 0.00687695 0.00631672 0.00567279 0.00496654 0.00421442 0.00343442 0.00269623 0.00226511 0.00266248 0.00419748 0.00605713 0.00647208 0.00476848 0.00242719 0.000897023 0.000292122 9.25888e-05 2.34953e-05 4.65768e-06 7.60393e-07 1.02183e-07 1.03876e-08 5.75298e-10 0 
0 1.68254e-05 0.000159184 0.000651807 0.00154389 0.00249265 0.00326036 0.00389861 0.00448369 0.00502518 0.00549974 0.0058796 0.00614293 0.00627656 0.00627638 0.00614652 0.0058977 0.00554487 0.00510425 0.00458987 0.00400992 0.00336614 0.00267786 0.00210797 0.00224232 0.00419748 0.00871269 0.0148701 0.0170045 0.011446 0.00560096 0.00189607 0.000477997 0.000114286 2.54618e-05 4.70217e-06 7.34047e-07 9.57813e-08 9.52446e-09 5.18038e-10 0 
0 7.91875e-06 7.81202e-05 0.000353979 0.000976459 0.00182789 0.00261849 0.00323289 0.00371919 0.00412934 0.00447591 0.00475003 0.00493877 0.00503274 0.00502852 0.00492851 0.00473961 0.00447098 0.00413074 0.00372194 0.00323896 0.00267331 0.00206452 0.00168504 0.0024261 0.00605713 0.0148701 0.0215417 0.0222854 0.0195108 0.00939236 0.00303917 0.000701296 0.000135731 2.53296e-05 4.22499e-06 6.25722e-07 7.95678e-08 7.79166e-09 4.18958e-10 0 
0 3.37902e-06 3.40268e-05 0.000165011 0.000515394 0.00112783 0.00185659 0.00250591 0.0030037 0.00337424 0.00365347 0.00385901 0.00399463 0.00405929 0.00405246 0.00397583 0.00383284 0.00362662 0.00335686 0.00301688 0.00259508 0.0020916 0.00157322 0.00133053 0.0023067 0.00647208 0.0170045 0.0222854 0.0228993 0.0209123 0.0109652 0.00334718 0.00075319 0.000132808 2.16221e-05 3.26499e-06 4.6084e-07 5.7615e-08 5.60834e-09 3.00645e-10 0 
0 1.30795e-06 1.32066e-05 6.64002e-05 0.000225389 0.000560605 0.00106929 0.00164595 0.00216783 0.00257643 0.00287167 0.00307295 0.0031971 0.00325424 0.00324987 0.00318701 0.00306674 0.00288766 0.00264553 0.00233552 0.00196075 0.00154759 0.00116248 0.000985131 0.00169445 0.00476848 0.011446 0.0195108 0.0209123 0.0160859 0.00753751 0.00247976 0.000557775 9.65355e-05 1.4702e-05 2.09081e-06 2.88167e-07 3.59826e-08 3.52201e-09 1.9e-10 0 
0 4.59935e-07 4.59433e-06 2.33514e-05 8.28236e-05 0.000223817 0.000479164 0.000838873 0.00124486 0.00162735 0.00194082 0.00216993 0.00231702 0.00238988 0.00239571 0.00233927 0.00222316 0.00204925 0.00182176 0.00155237 0.00126562 0.000998217 0.000785259 0.000673313 0.000959772 0.00242719 0.00560096 0.00939236 0.0109652 0.00753751 0.0037228 0.00123193 0.000283251 5.03652e-05 7.6255e-06 1.08326e-06 1.51551e-07 1.92889e-08 1.92189e-09 1.05319e-10 0 
0 1.47151e-07 1.44084e-06 7.2742e-06 2.61697e-05 7.36915e-05 0.000169075 0.000324198 0.000531861 0.000765276 0.000990164 0.00117818 0.00131261 0.00138689 0.00140081 0.0013577 0.00126348 0.00112736 0.000963263 0.000790709 0.000633211 0.000512671 0.00043918 0.000407655 0.000472696 0.000897023 0.00189607 0.00303917 0.00334718 0.00247976 0.00123193 0.000416306 0.000101 1.89749e-05 3.01447e-06 4.55039e-07 6.71745e-08 8.87965e-09 9.10596e-10 5.11231e-11 0 
0 4.28647e-08 4.09049e-07 2.02884e-06 7.26272e-06 2.06931e-05 4.8953e-05 9.85102e-05 0.000171778 0.000264066 0.000363955 0.000456947 0.000529848 0.000573619 0.000584275 0.00056262 0.000513595 0.000445547 0.000369238 0.000296355 0.000237581 0.000200532 0.00018752 0.00019368 0.000216439 0.000292122 0.000477997 0.000701296 0.00075319 0.000557775 0.000283251 0.000101 2.63635e-05 5.36021e-06 9.4484e-07 1.59061e-07 2.53735e-08 3.5244e-09 3.75057e-10 2.17243e-11 0 
0 1.13557e-08 1.05272e-07 5.09783e-07 1.79584e-06 5.08723e-06 1.21058e-05 2.47918e-05 4.44276e-05 7.06252e-05 0.000100829 0.000130751 0.000155558 0.000171229 0.00017555 0.00016851 0.000152149 0.00012999 0.000106224 8.48588e-05 6.90536e-05 6.07601e-05 6.05229e-05 6.7123e-05 7.79477e-05 9.25888e-05 0.000114286 0.000135731 0.000132808 9.65355e-05 5.03652e-05 1.89749e-05 5.36021e-06 1.22686e-06 2.50541e-07 4.77991e-08 8.26595e-09 1.21131e-09 1.34469e-10 8.07806e-12 0 
0 2.72403e-09 2.44969e-08 1.1546e-07 3.97961e-07 1.11038e-06 2.62208e-06 5.36901e-06 9.68463e-06 1.55745e-05 2.25551e-05 2.96753e-05 3.57466e-05 3.96912e-05 4.08616e-05 3.92134e-05 3.52857e-05 3.00206e-05 2.4503e-05 1.97151e-05 1.63795e-05 1.49071e-05 1.53878e-05 1.75247e-05 2.05601e-05 2.34953e-05 2.54618e-05 2.53296e-05 2.16221e-05 1.4702e-05 7.6255e-06 3.01447e-06 9.4484e-07 2.50541e-07 5.92222e-08 1.25797e-08 2.33626e-09 3.61093e-10 4.19364e-11 2.62207e-12 0 
0 5.85804e-10 5.10909e-09 2.34111e-08 7.87465e-08 2.15437e-07 5.0145e-07 1.01744e-06 1.82742e-06 2.93797e-06 4.26555e-06 5.63477e-06 6.81686e-06 7.59671e-06 7.84032e-06 7.53494e-06 6.78783e-06 5.78848e-06 4.75317e-06 3.87414e-06 3.2887e-06 3.0692e-06 3.22035e-06 3.66605e-06 4.23032e-06 4.65768e-06 4.70217e-06 4.22499e-06 3.26499e-06 2.09081e-06 1.08326e-06 4.55039e-07 1.59061e-07 4.77991e-08 1.25797e-08 2.89367e-09 5.71218e-10 9.29789e-11 1.13108e-11 7.37529e-13 0 
0 1.10637e-10 9.36328e-10 4.17153e-09 1.36832e-08 3.66397e-08 8.38099e-08 1.67802e-07 2.98563e-07 4.77124e-07 6.90472e-07 9.11004e-07 1.1023e-06 1.22965e-06 1.27112e-06 1.22436e-06 1.10673e-06 9.49095e-07 7.86779e-07 6.51066e-07 5.63941e-07 5.35966e-07 5.65306e-07 6.35775e-07 7.15188e-07 7.60393e-07 7.34047e-07 6.25722e-07 4.6084e-07 2.88167e-07 1.51551e-07 6.71745e-08 2.53735e-08 8.26595e-09 2.33626e-09 5.71218e-10 1.19058e-10 2.03733e-11 2.59588e-12 1.76646e-13 0 
0 1.75766e-11 1.44497e-10 6.26429e-10 2.00443e-09 5.25179e-09 1.17939e-08 2.32629e-08 4.0912e-08 6.48218e-08 9.3255e-08 1.22592e-07 1.48068e-07 1.65134e-07 1.70901e-07 1.65048e-07 1.49863e-07 1.29443e-07 1.08496e-07 9.11982e-08 8.04406e-08 7.74581e-08 8.1638e-08 9.03451e-08 9.9014e-08 1.02183e-07 9.57813e-08 7.95678e-08 5.7615e-08 3.59826e-08 1.92889e-08 8.87965e-09 3.5244e-09 1.21131e-09 3.61093e-10 9.29789e-11 2.03733e-11 3.65723e-12 4.87566e-13 3.46141e-14 0 
0 2.11974e-12 1.69514e-11 7.15985e-11 2.237e-10 5.73812e-10 1.26524e-09 2.45772e-09 4.26932e-09 6.70012e-09 9.5719e-09 1.25241e-08 1.50866e-08 1.68118e-08 1.74154e-08 1.68664e-08 1.53918e-08 1.34001e-08 1.1363e-08 9.69913e-09 8.69296e-09 8.4491e-09 8.87004e-09 9.65168e-09 1.03247e-08 1.03876e-08 9.52446e-09 7.79166e-09 5.60834e-09 3.52201e-09 1.92189e-09 9.10596e-10 3.75057e-10 1.34469e-10 4.19364e-11 1.13108e-11 2.59588e-12 4.87566e-13 6.78908e-14 5.02315e-15 0 
0 1.38628e-13 1.08006e-12 4.45116e-12 1.35967e-11 3.4179e-11 7.4047e-11 1.41702e-10 2.43149e-10 3.77905e-10 5.35963e-10 6.97735e-10 8.37991e-10 9.3285e-10 9.67193e-10 9.39439e-10 8.6185e-10 7.56537e-10 6.49092e-10 5.62216e-10 5.10943e-10 4.99828e-10 5.21739e-10 5.58467e-10 5.84509e-10 5.75298e-10 5.18038e-10 4.18958e-10 3.00645e-10 1.9e-10 1.05319e-10 5.11231e-11 2.17243e-11 8.07806e-12 2.62207e-12 7.37529e-13 1.76646e-13 3.46141e-14 5.02315e-15 3.86739e-16 0 
0 0 0 0 0 0 0 0 0 0 0 0 0 0 0 0 0 0 0 0 0 0 0 0 0 0 0 0 0 0 0 0 0 0 0 0 0 0 0 0 0 
