0 0 0 0 0 0 0 0 0 0 0 0 0 0 0 0 0 0 0 0 0 0 0 0 0 0 0 0 0 0 0 0 0 0 0 0 0 0 0 0 0 
0 5.5844e-08 5.17023e-07 2.45949e-06 8.35857e-06 2.24371e-05 4.98232e-05 9.42363e-05 0.000155406 0.000228109 0.000303503 0.000371713 0.000424191 0.000455101 0.000461777 0.000444591 0.000406542 0.000352703 0.000289524 0.000223952 0.000162421 0.000109842 6.8898e-05 3.98953e-05 2.125e-05 1.03887e-05 4.6577e-06 1.91572e-06 7.23646e-07 2.51419e-07 8.04538e-08 2.37309e-08 6.44964e-09 1.61133e-09 3.67975e-10 7.59534e-11 1.38651e-11 2.14161e-12 2.52349e-13 1.61898e-14 0 
0 5.17023e-07 4.98664e-06 2.4482e-05 8.45015e-05 0.000225565 0.000486987 0.000878424 0.00136493 0.00188152 0.00236172 0.00275653 0.00303798 0.00319437 0.00322446 0.00313364 0.00293221 0.00263531 0.00226394 0.00184602 0.00141611 0.00101187 0.000666809 0.00040178 0.000219999 0.000109137 4.90474e-05 2.00121e-05 7.43867e-06 2.52842e-06 7.88491e-07 2.26124e-07 5.96813e-08 1.4475e-08 3.21007e-09 6.43918e-10 1.14354e-10 1.72049e-11 1.97737e-12 1.2391e-13 0 
0 2.45949e-06 2.4482e-05 0.000121863 0.000414192 0.00104997 0.00208147 0.00337797 0.00471167 0.00590382 0.00687253 0.00759873 0.0080867 0.00834596 0.0083873 0.00822313 0.0078674 0.00733444 0.00663805 0.00579353 0.00482533 0.00378041 0.00273823 0.00180168 0.00106142 0.000555233 0.000257549 0.000106401 3.94453e-05 1.32291e-05 4.04218e-06 1.13102e-06 2.90592e-07 6.85462e-08 1.47837e-08 2.88569e-09 4.99159e-10 7.32377e-11 8.21947e-12 5.03664e-13 0 
0 8.35857e-06 8.45015e-05 0.000414192 0.00132323 0.00300485 0.00519307 0.00739043 0.00930948 0.0109035 0.0121949 0.0131904 0.0138797 0.0142516 0.0143059 0.0140575 0.0135349 0.0127759 0.0118202 0.010699 0.0094262 0.00799849 0.0064185 0.00474693 0.00314312 0.00181883 0.000908778 0.000392747 0.00014849 4.98464e-05 1.50583e-05 4.13504e-06 1.03843e-06 2.38951e-07 5.0242e-08 9.56273e-09 1.61412e-09 2.31344e-10 2.53939e-11 1.52391e-12 0 
0 2.24371e-05 0.000225565 0.00104997 0.00300485 0.00589072 0.00889441 0.0115779 0.0139509 0.0160619 0.017879 0.0193327 0.0203592 0.0209185 0.0210008 0.0206265 0.0198423 0.018715 0.0173238 0.0157498 0.0140621 0.0122987 0.0104471 0.00845178 0.00629724 0.00414269 0.00232132 0.00109112 0.000433459 0.000148572 4.49349e-05 1.22068e-05 3.01247e-06 6.78903e-07 1.39602e-07 2.5978e-08 4.28884e-09 6.01727e-10 6.4725e-11 3.81081e-12 0 
0 4.98232e-05 0.000486987 0.00208147 0.00519307 0.00889441 0.0123701 0.0156144 0.0187115 0.0215878 0.0241044 0.0261289 0.0275608 0.0283416 0.0284571 0.0279354 0.0268416 0.0252696 0.0233322 0.0211504 0.0188424 0.0165095 0.0142125 0.0119369 0.0095769 0.00703761 0.00447921 0.00235971 0.00101586 0.000363919 0.000111884 3.03572e-05 7.409e-06 1.64282e-06 3.31568e-07 6.05081e-08 9.79689e-09 1.34875e-09 1.42482e-10 8.24711e-12 0 
0 9.42363e-05 0.000878424 0.00337797 0.00739043 0.0115779 0.0156144 0.0196595 0.0236473 0.0273802 0.0306505 0.0332809 0.0351407 0.0361543 0.0363035 0.0356252 0.0342035 0.03216 0.0296406 0.0268024 0.0238015 0.020781 0.0178574 0.0150955 0.0124588 0.00977833 0.00691021 0.00410327 0.00195543 0.000748218 0.000237568 6.50462e-05 1.58063e-05 3.4651e-06 6.89075e-07 1.23723e-07 1.97023e-08 2.66853e-09 2.77517e-10 1.58263e-11 0 
0 0.000155406 0.00136493 0.00471167 0.00930948 0.0139509 0.0187115 0.0236473 0.0285467 0.0331356 0.0371544 0.0403853 0.0426686 0.0439117 0.0440928 0.0432573 0.0415087 0.0389961 0.0358981 0.0324073 0.0287145 0.0249963 0.0214038 0.0180495 0.0149753 0.0120835 0.00912174 0.00598923 0.00317132 0.00131448 0.000436844 0.000121853 2.96735e-05 6.46186e-06 1.27096e-06 2.2526e-07 3.53854e-08 4.72786e-09 4.85234e-10 2.73269e-11 0 
0 0.000228109 0.00188152 0.00590382 0.0109035 0.0160619 0.0215878 0.0273802 0.0331356 0.0385246 0.0432424 0.0470335 0.0497107 0.0511663 0.0513751 0.0503906 0.0483348 0.0453824 0.0417428 0.0376415 0.033302 0.0289306 0.0247054 0.0207665 0.0172004 0.0139887 0.0109206 0.00769366 0.00446912 0.00201213 0.000705475 0.000201918 4.95409e-05 1.07615e-05 2.10087e-06 3.68722e-07 5.73033e-08 7.57327e-09 7.69023e-10 4.28703e-11 0 
0 0.000303503 0.00236172 0.00687253 0.0121949 0.017879 0.0241044 0.0306505 0.0371544 0.0432424 0.0485699 0.0528488 0.0558682 0.0575068 0.0577371 0.0566201 0.0542937 0.0509554 0.0468417 0.0422066 0.0373021 0.0323607 0.0275825 0.0231272 0.0191049 0.0155462 0.012313 0.00905753 0.00565027 0.00274165 0.00101504 0.000299142 7.42122e-05 1.61335e-05 3.13575e-06 5.46586e-07 8.42753e-08 1.10467e-08 1.11267e-09 6.15483e-11 0 
0 0.000371713 0.00275653 0.00759873 0.0131904 0.0193327 0.0261289 0.0332809 0.0403853 0.0470335 0.0528488 0.0575169 0.0608079 0.0625904 0.0628347 0.0616083 0.0590624 0.0554126 0.0509172 0.0458536 0.0404962 0.0350984 0.029878 0.0250088 0.0206148 0.0167523 0.0133392 0.0100529 0.00658923 0.00339586 0.00132005 0.00040031 0.000100556 2.19255e-05 4.25344e-06 7.38286e-07 1.13238e-07 1.47605e-08 1.47855e-09 8.13591e-11 0 
0 0.000424191 0.00303798 0.0080867 0.0138797 0.0203592 0.0275608 0.0351407 0.0426686 0.0497107 0.0558682 0.0608079 0.0642871 0.0661671 0.0664173 0.0651101 0.062406 0.0585341 0.053768 0.0484015 0.0427251 0.0370065 0.0314759 0.0263169 0.0216611 0.0175782 0.0140199 0.0107008 0.00723633 0.00389375 0.00157263 0.000488595 0.000124181 2.71871e-05 5.27461e-06 9.13877e-07 1.398e-07 1.81702e-08 1.81495e-09 9.96135e-11 0 
0 0.000455101 0.00319437 0.00834596 0.0142516 0.0209185 0.0283416 0.0361543 0.0439117 0.0511663 0.0575068 0.0625904 0.0661671 0.0680947 0.0683428 0.0669864 0.0641919 0.0601957 0.0552802 0.049748 0.0438985 0.0380069 0.0323101 0.0269964 0.0222013 0.0180001 0.0143616 0.0110282 0.00758709 0.00419107 0.00173598 0.00054875 0.000140789 3.09581e-05 6.01672e-06 1.043e-06 1.59559e-07 2.07377e-08 2.07174e-09 1.13765e-10 0 
0 0.000461777 0.00322446 0.0083873 0.0143059 0.0210008 0.0284571 0.0363035 0.0440928 0.0513751 0.0577371 0.0628347 0.0664173 0.0683428 0.0685811 0.0672086 0.0643929 0.0603723 0.0554307 0.0498723 0.0439977 0.0380831 0.0323657 0.0270343 0.0222244 0.0180121 0.0143716 0.0110579 0.00765614 0.00427518 0.00179165 0.000571648 0.00014761 3.26034e-05 6.35859e-06 1.10571e-06 1.69686e-07 2.21292e-08 2.21922e-09 1.22398e-10 0 
0 0.000444591 0.00313364 0.00822313 0.0140575 0.0206265 0.0279354 0.0356252 0.0432573 0.0503906 0.0566201 0.0616083 0.0651101 0.0669864 0.0672086 0.0658521 0.0630821 0.0591326 0.0542827 0.0488309 0.0430718 0.0372763 0.0316768 0.0264575 0.0217509 0.0176301 0.0140655 0.0108105 0.00746503 0.00415682 0.00174087 0.000556607 0.000144313 3.20432e-05 6.28705e-06 1.10058e-06 1.70139e-07 2.23671e-08 2.2629e-09 1.26013e-10 0 
0 0.000406542 0.00293221 0.0078674 0.0135349 0.0198423 0.0268416 0.0342035 0.0415087 0.0483348 0.0542937 0.0590624 0.062406 0.0641919 0.0643929 0.0630821 0.0604181 0.0566258 0.0519732 0.0467465 0.0412283 0.0356783 0.030319 0.0253268 0.0208278 0.0168888 0.0134675 0.0103063 0.00704024 0.00386532 0.00160264 0.000511207 0.000133082 2.97898e-05 5.90692e-06 1.04676e-06 1.64031e-07 2.18842e-08 2.24921e-09 1.27351e-10 0 
0 0.000352703 0.00263531 0.00733444 0.0127759 0.018715 0.0252696 0.03216 0.0389961 0.0453824 0.0509554 0.0554126 0.0585341 0.0601957 0.0603723 0.0591326 0.0566258 0.0530632 0.048696 0.0437931 0.0386196 0.033419 0.0284002 0.0237286 0.0195216 0.0158353 0.0126072 0.00956776 0.00641756 0.00344775 0.00140988 0.000449142 0.000117959 2.68065e-05 5.41662e-06 9.80494e-07 1.57195e-07 2.14782e-08 2.26182e-09 1.31212e-10 0 
0 0.000289524 0.00226394 0.00663805 0.0118202 0.0173238 0.0233322 0.0296406 0.0358981 0.0417428 0.0468417 0.0509172 0.053768 0.0552802 0.0554307 0.0542827 0.0519732 0.048696 0.044682 0.0401778 0.035427 0.0306533 0.0260486 0.0217653 0.0179096 0.014522 0.0115151 0.00862353 0.00565057 0.00296856 0.00120408 0.000387077 0.000103876 2.42934e-05 5.06976e-06 9.4912e-07 1.57366e-07 2.22109e-08 2.41136e-09 1.4384e-10 0 
0 0.000223952 0.00184602 0.00579353 0.010699 0.0157498 0.0211504 0.0268024 0.0324073 0.0376415 0.0422066 0.0458536 0.0484015 0.049748 0.0498723 0.0488309 0.0467465 0.0437931 0.0401778 0.0361221 0.0318446 0.0275466 0.023401 0.019545 0.0160707 0.0129983 0.0102224 0.00751939 0.00481851 0.00250475 0.00102865 0.000341769 9.58901e-05 2.35333e-05 5.14811e-06 1.00656e-06 1.73416e-07 2.529e-08 2.82071e-09 1.71913e-10 0 
0 0.000162421 0.00141611 0.00482533 0.0094262 0.0140621 0.0188424 0.0238015 0.0287145 0.033302 0.0373021 0.0404962 0.0427251 0.0438985 0.0439977 0.0430718 0.0412283 0.0386196 0.035427 0.0318446 0.0280642 0.0242626 0.020592 0.0171721 0.0140769 0.0113084 0.00877101 0.00633234 0.00402279 0.00213295 0.000922247 0.000328524 9.90036e-05 2.58811e-05 5.95844e-06 1.21124e-06 2.14642e-07 3.19093e-08 3.60188e-09 2.20904e-10 0 
0 0.000109842 0.00101187 0.00378041 0.00799849 0.0122987 0.0165095 0.020781 0.0249963 0.0289306 0.0323607 0.0350984 0.0370065 0.0380069 0.0380831 0.0372763 0.0356783 0.033419 0.0306533 0.0275466 0.0242626 0.0209522 0.0177446 0.0147388 0.0119904 0.00950156 0.00723654 0.00517458 0.00336138 0.00190735 0.000912122 0.000360754 0.000118427 3.28407e-05 7.83376e-06 1.62162e-06 2.89197e-07 4.29329e-08 4.81521e-09 2.92488e-10 0 
0 6.8898e-05 0.000666809 0.00273823 0.0064185 0.0104471 0.0142125 0.0178574 0.0214038 0.0247054 0.0275825 0.029878 0.0314759 0.0323101 0.0323657 0.0316768 0.030319 0.0284002 0.0260486 0.023401 0.020592 0.0177446 0.0149621 0.0123214 0.00987474 0.00767034 0.00576609 0.00419037 0.00290192 0.00183997 0.00100566 0.00044825 0.000159447 4.5979e-05 1.10769e-05 2.27765e-06 4.00119e-07 5.82874e-08 6.40556e-09 3.8117e-10 0 
0 3.98953e-05 0.00040178 0.00180168 0.00474693 0.00845178 0.0119369 0.0150955 0.0180495 0.0207665 0.0231272 0.0250088 0.0263169 0.0269964 0.0270343 0.0264575 0.0253268 0.0237286 0.0217653 0.019545 0.0171721 0.0147388 0.0123214 0.00998961 0.00784389 0.0060419 0.00470573 0.003752 0.00292243 0.0020616 0.00124231 0.00060572 0.000228129 6.66556e-05 1.57991e-05 3.15917e-06 5.38356e-07 7.6128e-08 8.13509e-09 4.71701e-10 0 
0 2.125e-05 0.000219999 0.00106142 0.00314312 0.00629724 0.0095769 0.0124588 0.0149753 0.0172004 0.0191049 0.0206148 0.0216611 0.0222013 0.0222244 0.0217509 0.0208278 0.0195216 0.0179096 0.0160707 0.0140769 0.0119904 0.00987474 0.00784389 0.0061461 0.00517238 0.00515895 0.00559289 0.0053183 0.0038999 0.00217232 0.000966658 0.000347108 9.71778e-05 2.18131e-05 4.14126e-06 6.76395e-07 9.23449e-08 9.57234e-09 5.40342e-10 0 
0 1.03887e-05 0.000109137 0.000555233 0.00181883 0.00414269 0.00703761 0.00977833 0.0120835 0.0139887 0.0155462 0.0167523 0.0175782 0.0180001 0.0180121 0.0176301 0.0168888 0.0158353 0.014522 0.0129983 0.0113084 0.00950156 0.00767034 0.0060419 0.00517238 0.00613821 0.00968398 0.0139726 0.014892 0.0110014 0.00559899 0.00205116 0.000598713 0.000144549 2.88155e-05 5.00124e-06 7.7125e-07 1.01388e-07 1.02099e-08 5.62489e-10 0 
0 4.6577e-06 4.90474e-05 0.000257549 0.000908778 0.00232132 0.00447921 0.00691021 0.00912174 0.0109206 0.012313 0.0133392 0.0140199 0.0143616 0.0143716 0.0140655 0.0134675 0.0126072 0.0115151 0.0102224 0.00877101 0.00723654 0.00576609 0.00470573 0.00515895 0.00968398 0.0200986 0.0319534 0.0351095 0.0259867 0.0129221 0.00437331 0.00107667 0.000214338 3.60142e-05 5.47478e-06 7.81907e-07 9.88187e-08 9.70942e-09 5.24799e-10 0 
0 1.91572e-06 2.00121e-05 0.000106401 0.000392747 0.00109112 0.00235971 0.00410327 0.00598923 0.00769366 0.00905753 0.0100529 0.0107008 0.0110282 0.0110579 0.0108105 0.0103063 0.00956776 0.00862353 0.00751939 0.00633234 0.00517458 0.00419037 0.003752 0.00559289 0.0139726 0.0319534 0.0521935 0.0577683 0.0428182 0.0211661 0.00701163 0.00160875 0.000280513 4.02604e-05 5.2921e-06 6.92057e-07 8.42181e-08 8.13022e-09 4.34298e-10 0 
0 7.23646e-07 7.43867e-06 3.94453e-05 0.00014849 0.000433459 0.00101586 0.00195543 0.00317132 0.00446912 0.00565027 0.00658923 0.00723633 0.00758709 0.00765614 0.00746503 0.00704024 0.00641756 0.00565057 0.00481851 0.00402279 0.00336138 0.00290192 0.00292243 0.0053183 0.014892 0.0351095 0.0577683 0.0638843 0.0475707 0.02345 0.00772231 0.0017321 0.000283596 3.67512e-05 4.31416e-06 5.23703e-07 6.20087e-08 5.94078e-09 3.16421e-10 0 
0 2.51419e-07 2.52842e-06 1.32291e-05 4.98464e-05 0.000148572 0.000363919 0.000748218 0.00131448 0.00201213 0.00274165 0.00339586 0.00389375 0.00419107 0.00427518 0.00415682 0.00386532 0.00344775 0.00296856 0.00250475 0.00213295 0.00190735 0.00183997 0.0020616 0.0038999 0.0110014 0.0259867 0.0428182 0.0475707 0.0352064 0.0173785 0.00572096 0.0012801 0.000205383 2.53967e-05 2.82348e-06 3.31853e-07 3.91012e-08 3.76684e-09 2.02009e-10 0 
0 8.04538e-08 7.88491e-07 4.04218e-06 1.50583e-05 4.49349e-05 0.000111884 0.000237568 0.000436844 0.000705475 0.00101504 0.00132005 0.00157263 0.00173598 0.00179165 0.00174087 0.00160264 0.00140988 0.00120408 0.00102865 0.000922247 0.000912122 0.00100566 0.00124231 0.00217232 0.00559899 0.0129221 0.0211661 0.02345 0.0173785 0.00858892 0.00284096 0.000642806 0.000103612 1.28081e-05 1.44329e-06 1.74161e-07 2.10403e-08 2.06775e-09 1.12743e-10 0 
0 2.37309e-08 2.26124e-07 1.13102e-06 4.13504e-06 1.22068e-05 3.03572e-05 6.50462e-05 0.000121853 0.000201918 0.000299142 0.00040031 0.000488595 0.00054875 0.000571648 0.000556607 0.000511207 0.000449142 0.000387077 0.000341769 0.000328524 0.000360754 0.00044825 0.00060572 0.000966658 0.00205116 0.00437331 0.00701163 0.00772231 0.00572096 0.00284096 0.000953182 0.000220514 3.64349e-05 4.72913e-06 5.8064e-07 7.61548e-08 9.68511e-09 9.83192e-10 5.49786e-11 0 
0 6.44964e-09 5.96813e-08 2.90592e-07 1.03843e-06 3.01247e-06 7.409e-06 1.58063e-05 2.96735e-05 4.95409e-05 7.42122e-05 0.000100556 0.000124181 0.000140789 0.00014761 0.000144313 0.000133082 0.000117959 0.000103876 9.58901e-05 9.90036e-05 0.000118427 0.000159447 0.000228129 0.000347108 0.000598713 0.00107667 0.00160875 0.0017321 0.0012801 0.000642806 0.000220514 5.26267e-05 9.20591e-06 1.33813e-06 1.9156e-07 2.82805e-08 3.83808e-09 4.05818e-10 2.34352e-11 0 
0 1.61133e-09 1.4475e-08 6.85462e-08 2.38951e-07 6.78903e-07 1.64282e-06 3.4651e-06 6.46186e-06 1.07615e-05 1.61335e-05 2.19255e-05 2.71871e-05 3.09581e-05 3.26034e-05 3.20432e-05 2.97898e-05 2.68065e-05 2.42934e-05 2.35333e-05 2.58811e-05 3.28407e-05 4.5979e-05 6.66556e-05 9.71778e-05 0.000144549 0.000214338 0.000280513 0.000283596 0.000205383 0.000103612 3.64349e-05 9.20591e-06 1.81018e-06 3.16697e-07 5.4687e-08 9.0919e-09 1.31731e-09 1.45688e-10 8.73237e-12 0 
0 3.67975e-10 3.21007e-09 1.47837e-08 5.0242e-08 1.39602e-07 3.31568e-07 6.89075e-07 1.27096e-06 2.10087e-06 3.13575e-06 4.25344e-06 5.27461e-06 6.01672e-06 6.35859e-06 6.28705e-06 5.90692e-06 5.41662e-06 5.06976e-06 5.14811e-06 5.95844e-06 7.83376e-06 1.10769e-05 1.57991e-05 2.18131e-05 2.88155e-05 3.60142e-05 4.02604e-05 3.67512e-05 2.53967e-05 1.28081e-05 4.72913e-06 1.33813e-06 3.16697e-07 6.86081e-08 1.39489e-08 2.55104e-09 3.92394e-10 4.54715e-11 2.83832e-12 0 
0 7.59534e-11 6.43918e-10 2.88569e-09 9.56273e-09 2.5978e-08 6.05081e-08 1.23723e-07 2.2526e-07 3.68722e-07 5.46586e-07 7.38286e-07 9.13877e-07 1.043e-06 1.10571e-06 1.10058e-06 1.04676e-06 9.80494e-07 9.4912e-07 1.00656e-06 1.21124e-06 1.62162e-06 2.27765e-06 3.15917e-06 4.14126e-06 5.00124e-06 5.47478e-06 5.2921e-06 4.31416e-06 2.82348e-06 1.44329e-06 5.8064e-07 1.9156e-07 5.4687e-08 1.39489e-08 3.1651e-09 6.21756e-10 1.00999e-10 1.22696e-11 7.9903e-13 0 
0 1.38651e-11 1.14354e-10 4.99159e-10 1.61412e-09 4.28884e-09 9.79689e-09 1.97023e-08 3.53854e-08 5.73033e-08 8.42753e-08 1.13238e-07 1.398e-07 1.59559e-07 1.69686e-07 1.70139e-07 1.64031e-07 1.57195e-07 1.57366e-07 1.73416e-07 2.14642e-07 2.89197e-07 4.00119e-07 5.38356e-07 6.76395e-07 7.7125e-07 7.81907e-07 6.92057e-07 5.23703e-07 3.31853e-07 1.74161e-07 7.61548e-08 2.82805e-08 9.0919e-09 2.55104e-09 6.21756e-10 1.29406e-10 2.2123e-11 2.8163e-12 1.91465e-13 0 
0 2.14161e-12 1.72049e-11 7.32377e-11 2.31344e-10 6.01727e-10 1.34875e-09 2.66853e-09 4.72786e-09 7.57327e-09 1.10467e-08 1.47605e-08 1.81702e-08 2.07377e-08 2.21292e-08 2.23671e-08 2.18842e-08 2.14782e-08 2.22109e-08 2.529e-08 3.19093e-08 4.29329e-08 5.82874e-08 7.6128e-08 9.23449e-08 1.01388e-07 9.88187e-08 8.42181e-08 6.20087e-08 3.91012e-08 2.10403e-08 9.68511e-09 3.83808e-09 1.31731e-09 3.92394e-10 1.00999e-10 2.2123e-11 3.96959e-12 5.28914e-13 3.75246e-14 0 
0 2.52349e-13 1.97737e-12 8.21947e-12 2.53939e-11 6.4725e-11 1.42482e-10 2.77517e-10 4.85234e-10 7.69023e-10 1.11267e-09 1.47855e-09 1.81495e-09 2.07174e-09 2.21922e-09 2.2629e-09 2.24921e-09 2.26182e-09 2.41136e-09 2.82071e-09 3.60188e-09 4.81521e-09 6.40556e-09 8.13509e-09 9.57234e-09 1.02099e-08 9.70942e-09 8.13022e-09 5.94078e-09 3.76684e-09 2.06775e-09 9.83192e-10 4.05818e-10 1.45688e-10 4.54715e-11 1.22696e-11 2.8163e-12 5.28914e-13 7.36277e-14 5.44532e-15 0 
0 1.61898e-14 1.2391e-13 5.03664e-13 1.52391e-12 3.81081e-12 8.24711e-12 1.58263e-11 2.73269e-11 4.28703e-11 6.15483e-11 8.13591e-11 9.96135e-11 1.13765e-10 1.22398e-10 1.26013e-10 1.27351e-10 1.31212e-10 1.4384e-10 1.71913e-10 2.20904e-10 2.92488e-10 3.8117e-10 4.71701e-10 5.40342e-10 5.62489e-10 5.24799e-10 4.34298e-10 3.16421e-10 2.02009e-10 1.12743e-10 5.49786e-11 2.34352e-11 8.73237e-12 2.83832e-12 7.9903e-13 1.91465e-13 3.75246e-14 5.44532e-15 4.19155e-16 0 
0 0 0 0 0 0 0 0 0 0 0 0 0 0 0 0 0 0 0 0 0 0 0 0 0 0 0 0 0 0 0 0 0 0 0 0 0 0 0 0 0 
