0 0 0 0 0 0 0 0 0 0 0 0 0 0 0 0 0 0 0 0 0 0 0 0 0 0 0 0 0 0 0 0 0 0 0 0 0 0 0 0 0 
0 2.00575e-07 1.77534e-06 7.71483e-06 2.27831e-05 5.0917e-05 9.17546e-05 0.000140216 0.000189491 0.000234079 0.000270841 0.000298562 0.000317127 0.000326901 0.000328385 0.000322082 0.000308476 0.000288076 0.000261518 0.000229716 0.000194028 0.00015637 0.000119158 8.50058e-05 5.61954e-05 3.40963e-05 1.88349e-05 9.41831e-06 4.25002e-06 1.72953e-06 6.35352e-07 2.11038e-07 6.34548e-08 1.72621e-08 4.2329e-09 9.26896e-10 1.77664e-10 2.85664e-11 3.47891e-12 2.29327e-13 0 
0 1.77534e-06 1.59924e-05 6.76864e-05 0.00018401 0.0003603 0.000554759 0.000726817 0.00086203 0.000964125 0.0010406 0.00109641 0.00113364 0.00115301 0.00115504 0.00114069 0.00111142 0.00106885 0.00101422 0.000947735 0.000868165 0.000773225 0.000661226 0.000533969 0.000399404 0.000271357 0.000164672 8.82556e-05 4.15875e-05 1.7259e-05 6.34393e-06 2.0797e-06 6.11636e-07 1.61882e-07 3.85152e-08 8.17498e-09 1.51911e-09 2.37011e-10 2.80456e-11 1.79921e-12 0 
0 7.71483e-06 6.76864e-05 0.000258517 0.000587548 0.000934667 0.00120912 0.00142009 0.0016011 0.00176594 0.00191204 0.00203142 0.00211667 0.00216311 0.00216926 0.00213678 0.00207005 0.00197561 0.00186138 0.00173572 0.00160591 0.00147591 0.00134351 0.00119842 0.00102516 0.000814527 0.000579388 0.000357201 0.000187211 8.31554e-05 3.16078e-05 1.04403e-05 3.0409e-06 7.88935e-07 1.82987e-07 3.777e-08 6.82102e-09 1.03476e-09 1.19188e-10 7.45403e-12 0 
0 2.27831e-05 0.00018401 0.000587548 0.00107175 0.00145574 0.00177734 0.00209961 0.00242816 0.00274333 0.00302327 0.00325008 0.003411 0.00349872 0.00351133 0.00345199 0.00332829 0.00315131 0.00293454 0.00269287 0.00244162 0.00219553 0.00196711 0.00176274 0.00157567 0.00137962 0.00113674 0.000833039 0.000514375 0.000259455 0.000106871 3.6706e-05 1.07957e-05 2.77784e-06 6.32732e-07 1.27637e-07 2.24844e-08 3.32634e-09 3.73905e-10 2.28476e-11 0 
0 5.0917e-05 0.0003603 0.000934667 0.00145574 0.00190451 0.00238701 0.00290969 0.00343843 0.00393775 0.00437685 0.00473073 0.00498123 0.00511783 0.00513792 0.00504645 0.00485489 0.00457987 0.00424144 0.00386137 0.00346157 0.00306294 0.00268459 0.00234337 0.00205133 0.00180722 0.00158123 0.00131239 0.000957834 0.000570309 0.000266783 9.89306e-05 3.0118e-05 7.80282e-06 1.76171e-06 3.49467e-07 6.03217e-08 8.734e-09 9.60989e-10 5.7527e-11 0 
0 9.17546e-05 0.000554759 0.00120912 0.00177734 0.00238701 0.00308576 0.00383302 0.0045801 0.00528161 0.00589685 0.00639201 0.00674228 0.00693328 0.00696153 0.0068339 0.00656634 0.00618182 0.00570796 0.00517461 0.00461152 0.0040465 0.00350413 0.00300536 0.00256779 0.00220449 0.00191438 0.00165901 0.00135383 0.00094344 0.000514167 0.000212847 6.88451e-05 1.82618e-05 4.12942e-06 8.11006e-07 1.37845e-07 1.961e-08 2.11895e-09 1.24621e-10 0 
0 0.000140216 0.000726817 0.00142009 0.00209961 0.00290969 0.00383302 0.00481108 0.00578508 0.00669811 0.00749812 0.00814181 0.00859764 0.00884687 0.00888372 0.00871677 0.00836786 0.00786747 0.00725105 0.00655676 0.00582276 0.00508452 0.00437293 0.00371334 0.0031258 0.00262614 0.0022251 0.00191438 0.00163347 0.00127178 0.000801486 0.000376958 0.000132336 3.65128e-05 8.35348e-06 1.63524e-06 2.75026e-07 3.8593e-08 4.10898e-09 2.38119e-10 0 
0 0.000189491 0.00086203 0.0016011 0.00242816 0.00343843 0.0045801 0.00578508 0.00698346 0.00810608 0.0090904 0.00988843 0.0104668 0.0107936 0.0108433 0.0106225 0.0101722 0.00954432 0.00878244 0.00792789 0.00702449 0.00611497 0.00523669 0.0044199 0.00368748 0.00305605 0.00253803 0.00213841 0.00182927 0.0015098 0.0010657 0.000567808 0.000218796 6.35367e-05 1.48328e-05 2.91128e-06 4.86676e-07 6.76113e-08 7.11568e-09 4.0748e-10 0 
0 0.000234079 0.000964125 0.00176594 0.00274333 0.00393775 0.00528161 0.00669811 0.00810608 0.00942613 0.010596 0.0115803 0.0123211 0.0127355 0.0127985 0.012523 0.0119444 0.0111472 0.0102212 0.00920933 0.00814677 0.00707737 0.00604383 0.0050811 0.00421513 0.00346362 0.00283846 0.00234751 0.00198194 0.00167076 0.00127139 0.00075315 0.000318291 9.78213e-05 2.34331e-05 4.63212e-06 7.72499e-07 1.06592e-07 1.11215e-08 6.31022e-10 0 
0 0.000270841 0.0010406 0.00191204 0.00302327 0.00437685 0.00589685 0.00749812 0.0090904 0.010596 0.0119739 0.0131324 0.0138958 0.0142659 0.0143179 0.0140768 0.0135177 0.0126239 0.0115142 0.0103349 0.00912609 0.00791648 0.00674759 0.0056579 0.00467614 0.00382129 0.00310479 0.00253395 0.00210781 0.00178047 0.00141532 0.000908731 0.000416654 0.000135335 3.3328e-05 6.65218e-06 1.1097e-06 1.52487e-07 1.58135e-08 8.91171e-10 0 
0 0.000298562 0.00109641 0.00203142 0.00325008 0.00473073 0.00639201 0.00814181 0.00988843 0.0115803 0.0131324 0.0142486 0.0148785 0.015174 0.0152135 0.0150164 0.0145579 0.0137663 0.012602 0.0112593 0.00991215 0.00858645 0.00730912 0.00611804 0.00504401 0.00410715 0.00331873 0.00268494 0.00220719 0.00185527 0.00150861 0.00102407 0.000500876 0.00017067 4.31244e-05 8.69597e-06 1.45338e-06 1.9929e-07 2.05866e-08 1.15481e-09 0 
0 0.000317127 0.00113364 0.00211667 0.003411 0.00498123 0.00674228 0.00859764 0.0104668 0.0123211 0.0138958 0.0148785 0.0154224 0.01568 0.0157129 0.0155366 0.0151324 0.0144396 0.0133554 0.0119364 0.0104692 0.00905415 0.00770004 0.00643798 0.0052995 0.00430549 0.0034672 0.00278991 0.00227537 0.00190179 0.00156294 0.00109855 0.000562222 0.000198625 5.12316e-05 1.04236e-05 1.74645e-06 2.39318e-07 2.46698e-08 1.38013e-09 0 
0 0.000326901 0.00115301 0.00216311 0.00349872 0.00511783 0.00693328 0.00884687 0.0107936 0.0127355 0.0142659 0.015174 0.01568 0.0159207 0.0159499 0.0157815 0.0153995 0.0147508 0.0137295 0.0123077 0.0107696 0.00930018 0.00790414 0.0066042 0.00543146 0.00440719 0.00354257 0.00284233 0.00230805 0.00192181 0.00158621 0.00113552 0.000596467 0.000215418 5.63056e-05 1.15283e-05 1.93605e-06 2.65391e-07 2.73416e-08 1.5281e-09 0 
0 0.000328385 0.00115504 0.00216926 0.00351133 0.00513792 0.00696153 0.00888372 0.0108433 0.0127985 0.0143179 0.0152135 0.0157129 0.0159499 0.0159771 0.0158081 0.0154275 0.0147832 0.0137698 0.0123479 0.0107973 0.00931915 0.00791776 0.00661347 0.00543707 0.00440972 0.00354246 0.00283981 0.00230322 0.00191568 0.00158268 0.00113861 0.000602713 0.000219248 5.75923e-05 1.18268e-05 1.98963e-06 2.73034e-07 2.81506e-08 1.57428e-09 0 
0 0.000322082 0.00114069 0.00213678 0.00345199 0.00504645 0.0068339 0.00871677 0.0106225 0.012523 0.0140768 0.0150164 0.0155366 0.0157815 0.0158081 0.0156311 0.0152332 0.0145578 0.0134994 0.0120683 0.0105613 0.00912083 0.00774919 0.00647237 0.00532129 0.00431662 0.00346919 0.00278359 0.00226127 0.00188375 0.00155388 0.00111019 0.000582229 0.00021033 5.50786e-05 1.1307e-05 1.90435e-06 2.61804e-07 2.70492e-08 1.51602e-09 0 
0 0.000308476 0.00111142 0.00207005 0.00332829 0.00485489 0.00656634 0.00836786 0.0101722 0.0119444 0.0135177 0.0145579 0.0151324 0.0153995 0.0154275 0.0152332 0.0147954 0.0140482 0.0129082 0.0115077 0.010097 0.00872874 0.007417 0.00619577 0.00509562 0.00413645 0.00332881 0.00267767 0.00218436 0.00182627 0.00149914 0.00105138 0.000537957 0.000190659 4.94438e-05 1.01219e-05 1.70644e-06 2.35248e-07 2.4393e-08 1.37253e-09 0 
0 0.000288076 0.00106885 0.00197561 0.00315131 0.00457987 0.00618182 0.00786747 0.00954432 0.0111472 0.0126239 0.0137663 0.0144396 0.0147508 0.0147832 0.0145578 0.0140482 0.0131929 0.0120221 0.0107397 0.00945062 0.00817549 0.0069476 0.00580483 0.00477646 0.00388133 0.00312984 0.00252751 0.00207498 0.00174216 0.00141547 0.000962973 0.000474644 0.000163619 4.18551e-05 8.53722e-06 1.44181e-06 1.99631e-07 2.0814e-08 1.17818e-09 0 
0 0.000261518 0.00101422 0.00186138 0.00293454 0.00424144 0.00570796 0.00725105 0.00878244 0.0102212 0.0115142 0.012602 0.0133554 0.0137295 0.0137698 0.0134994 0.0129082 0.0120221 0.0109646 0.00983438 0.00866699 0.00749878 0.00637233 0.00532466 0.00438301 0.00356517 0.00288155 0.00233833 0.00193385 0.00162708 0.00129788 0.000847322 0.000399208 0.000133447 3.36775e-05 6.85542e-06 1.16243e-06 1.62047e-07 1.7031e-08 9.72198e-10 0 
0 0.000229716 0.000947735 0.00173572 0.00269287 0.00386137 0.00517461 0.00655676 0.00792789 0.00920933 0.0103349 0.0112593 0.0119364 0.0123077 0.0123479 0.0120683 0.0115077 0.0107397 0.00983438 0.00883721 0.00779024 0.00673878 0.00572469 0.00478185 0.00393529 0.00320184 0.00259217 0.00211265 0.00175678 0.00147166 0.00114153 0.000711142 0.000320747 0.000104539 2.61784e-05 5.34443e-06 9.13543e-07 1.28654e-07 1.3669e-08 7.88778e-10 0 
0 0.000194028 0.000868165 0.00160591 0.00244162 0.00346157 0.00461152 0.00582276 0.00702449 0.00814677 0.00912609 0.00991215 0.0104692 0.0107696 0.0107973 0.0105613 0.010097 0.00945062 0.00866699 0.00779024 0.00686541 0.00593544 0.00503769 0.00420241 0.00345235 0.00280354 0.00226685 0.00184731 0.0015319 0.00126332 0.000947726 0.000567988 0.000249539 8.06767e-05 2.03004e-05 4.19013e-06 7.25611e-07 1.0354e-07 1.11392e-08 6.50255e-10 0 
0 0.00015637 0.000773225 0.00147591 0.00219553 0.00306294 0.0040465 0.00508452 0.00611497 0.00707737 0.00791648 0.00858645 0.00905415 0.00930018 0.00931915 0.00912083 0.00872874 0.00817549 0.00749878 0.00673878 0.00593544 0.00512575 0.00434186 0.00361017 0.00295113 0.00237989 0.00190655 0.00153327 0.00124531 0.00099923 0.000733108 0.000437362 0.00019474 6.4352e-05 1.65506e-05 3.47982e-06 6.11614e-07 8.83158e-08 9.59247e-09 5.64282e-10 0 
0 0.000119158 0.000661226 0.00134351 0.00196711 0.00268459 0.00350413 0.00437293 0.00523669 0.00604383 0.00674759 0.00730912 0.00770004 0.00790414 0.00791776 0.00774919 0.007417 0.0069476 0.00637233 0.00572469 0.00503769 0.00434186 0.00366387 0.00302605 0.00244675 0.00194099 0.00151918 0.00118312 0.000923541 0.000719208 0.000533173 0.000336471 0.000160903 5.62807e-05 1.49834e-05 3.20644e-06 5.6797e-07 8.22232e-08 8.92864e-09 5.24281e-10 0 
0 8.50058e-05 0.000533969 0.00119842 0.00176274 0.00234337 0.00300536 0.00371334 0.0044199 0.0050811 0.0056579 0.00611804 0.00643798 0.0066042 0.00661347 0.00647237 0.00619577 0.00580483 0.00532466 0.00478185 0.00420241 0.00361017 0.00302605 0.00246877 0.00195882 0.00152444 0.00119304 0.000954723 0.000756382 0.000567579 0.000406116 0.000271013 0.00014479 5.50472e-05 1.52044e-05 3.27575e-06 5.76262e-07 8.24463e-08 8.83737e-09 5.12307e-10 0 
0 5.61954e-05 0.000399404 0.00102516 0.00157567 0.00205133 0.00256779 0.0031258 0.00368748 0.00421513 0.00467614 0.00504401 0.0052995 0.00543146 0.00543707 0.00532129 0.00509562 0.00477646 0.00438301 0.00393529 0.00345235 0.00295113 0.00244675 0.00195882 0.00153557 0.00127921 0.00126573 0.00136932 0.00130193 0.000956531 0.000543536 0.000277169 0.000141633 5.75308e-05 1.63936e-05 3.51124e-06 6.05288e-07 8.46228e-08 8.87339e-09 5.04243e-10 0 
0 3.40963e-05 0.000271357 0.000814527 0.00137962 0.00180722 0.00220449 0.00262614 0.00305605 0.00346362 0.00382129 0.00410715 0.00430549 0.00440719 0.00440972 0.00431662 0.00413645 0.00388133 0.00356517 0.00320184 0.00280354 0.00237989 0.00194099 0.00152444 0.00127921 0.00150273 0.00236904 0.00345435 0.0038764 0.00269139 0.0013699 0.00050709 0.00017218 6.20572e-05 1.75591e-05 3.68409e-06 6.17058e-07 8.39072e-08 8.58486e-09 4.77538e-10 0 
0 1.88349e-05 0.000164672 0.000579388 0.00113674 0.00158123 0.00191438 0.0022251 0.00253803 0.00283846 0.00310479 0.00331873 0.0034672 0.00354257 0.00354246 0.00346919 0.00332881 0.00312984 0.00288155 0.00259217 0.00226685 0.00190655 0.00151918 0.00119304 0.00126573 0.00236904 0.00496921 0.00907347 0.00994624 0.00704072 0.00316123 0.00107016 0.000271605 7.06904e-05 1.79741e-05 3.5918e-06 5.80293e-07 7.67846e-08 7.68697e-09 4.19908e-10 0 
0 9.41831e-06 8.82556e-05 0.000357201 0.000833039 0.00131239 0.00165901 0.00191438 0.00213841 0.00234751 0.00253395 0.00268494 0.00278991 0.00284233 0.00283981 0.00278359 0.00267767 0.00252751 0.00233833 0.00211265 0.00184731 0.00153327 0.00118312 0.000954723 0.00136932 0.00345435 0.00907347 0.0111263 0.0113805 0.010557 0.0058999 0.00171529 0.000396294 8.03565e-05 1.707e-05 3.14037e-06 4.86224e-07 6.28586e-08 6.1976e-09 3.34589e-10 0 
0 4.25002e-06 4.15875e-05 0.000187211 0.000514375 0.000957834 0.00135383 0.00163347 0.00182927 0.00198194 0.00210781 0.00220719 0.00227537 0.00230805 0.00230322 0.00226127 0.00218436 0.00207498 0.00193385 0.00175678 0.0015319 0.00124531 0.000923541 0.000756382 0.00130193 0.0038764 0.00994624 0.0113805 0.0115689 0.0108896 0.00706551 0.00188924 0.000425374 7.75341e-05 1.41873e-05 2.38199e-06 3.54166e-07 4.51078e-08 4.42059e-09 2.37833e-10 0 
0 1.72953e-06 1.7259e-05 8.31554e-05 0.000259455 0.000570309 0.00094344 0.00127178 0.0015098 0.00167076 0.00178047 0.00185527 0.00190179 0.00192181 0.00191568 0.00188375 0.00182627 0.00174216 0.00162708 0.00147166 0.00126332 0.00099923 0.000719208 0.000567579 0.000956531 0.00269139 0.00704072 0.010557 0.0108896 0.00964331 0.00435906 0.00139956 0.00031522 5.65695e-05 9.60473e-06 1.5148e-06 2.20267e-07 2.8024e-08 2.76022e-09 1.49374e-10 0 
0 6.35352e-07 6.34393e-06 3.16078e-05 0.000106871 0.000266783 0.000514167 0.000801486 0.0010657 0.00127139 0.00141532 0.00150861 0.00156294 0.00158621 0.00158268 0.00155388 0.00149914 0.00141547 0.00129788 0.00114153 0.000947726 0.000733108 0.000533173 0.000406116 0.000543536 0.0013699 0.00316123 0.0058999 0.00706551 0.00435906 0.00210113 0.000695336 0.000160793 3.01086e-05 5.05976e-06 7.89069e-07 1.15818e-07 1.49832e-08 1.50076e-09 8.24585e-11 0 
0 2.11038e-07 2.0797e-06 1.04403e-05 3.6706e-05 9.89306e-05 0.000212847 0.000376958 0.000567808 0.00075315 0.000908731 0.00102407 0.00109855 0.00113552 0.00113861 0.00111019 0.00105138 0.000962973 0.000847322 0.000711142 0.000567988 0.000437362 0.000336471 0.000271013 0.000277169 0.00050709 0.00107016 0.00171529 0.00188924 0.00139956 0.000695336 0.00023549 5.84764e-05 1.17958e-05 2.06409e-06 3.36378e-07 5.15091e-08 6.89086e-09 7.09449e-10 3.99149e-11 0 
0 6.34548e-08 6.11636e-07 3.0409e-06 1.07957e-05 3.0118e-05 6.88451e-05 0.000132336 0.000218796 0.000318291 0.000416654 0.000500876 0.000562222 0.000596467 0.000602713 0.000582229 0.000537957 0.000474644 0.000399208 0.000320747 0.000249539 0.00019474 0.000160903 0.00014479 0.000141633 0.00017218 0.000271605 0.000396294 0.000425374 0.00031522 0.000160793 5.84764e-05 1.60546e-05 3.52793e-06 6.73819e-07 1.19722e-07 1.95426e-08 2.73452e-09 2.91789e-10 1.69294e-11 0 
0 1.72621e-08 1.61882e-07 7.88935e-07 2.77784e-06 7.80282e-06 1.82618e-05 3.65128e-05 6.35367e-05 9.78213e-05 0.000135335 0.00017067 0.000198625 0.000215418 0.000219248 0.00021033 0.000190659 0.000163619 0.000133447 0.000104539 8.06767e-05 6.4352e-05 5.62807e-05 5.50472e-05 5.75308e-05 6.20572e-05 7.06904e-05 8.03565e-05 7.75341e-05 5.65695e-05 3.01086e-05 1.17958e-05 3.52793e-06 8.61717e-07 1.85739e-07 3.65178e-08 6.38867e-09 9.39864e-10 1.0452e-10 6.28705e-12 0 
0 4.2329e-09 3.85152e-08 1.82987e-07 6.32732e-07 1.76171e-06 4.12942e-06 8.35348e-06 1.48328e-05 2.34331e-05 3.3328e-05 4.31244e-05 5.12316e-05 5.63056e-05 5.75923e-05 5.50786e-05 4.94438e-05 4.18551e-05 3.36775e-05 2.61784e-05 2.03004e-05 1.65506e-05 1.49834e-05 1.52044e-05 1.63936e-05 1.75591e-05 1.79741e-05 1.707e-05 1.41873e-05 9.60473e-06 5.05976e-06 2.06409e-06 6.73819e-07 1.85739e-07 4.50746e-08 9.69609e-09 1.80932e-09 2.80186e-10 3.25783e-11 2.039e-12 0 
0 9.26896e-10 8.17498e-09 3.777e-08 1.27637e-07 3.49467e-07 8.11006e-07 1.63524e-06 2.91128e-06 4.63212e-06 6.65218e-06 8.69597e-06 1.04236e-05 1.15283e-05 1.18268e-05 1.1307e-05 1.01219e-05 8.53722e-06 6.85542e-06 5.34443e-06 4.19013e-06 3.47982e-06 3.20644e-06 3.27575e-06 3.51124e-06 3.68409e-06 3.5918e-06 3.14037e-06 2.38199e-06 1.5148e-06 7.89069e-07 3.36378e-07 1.19722e-07 3.65178e-08 9.69609e-09 2.2394e-09 4.42831e-10 7.21516e-11 8.78423e-12 5.7322e-13 0 
0 1.77664e-10 1.51911e-09 6.82102e-09 2.24844e-08 6.03217e-08 1.37845e-07 2.75026e-07 4.86676e-07 7.72499e-07 1.1097e-06 1.45338e-06 1.74645e-06 1.93605e-06 1.98963e-06 1.90435e-06 1.70644e-06 1.44181e-06 1.16243e-06 9.13543e-07 7.25611e-07 6.11614e-07 5.6797e-07 5.76262e-07 6.05288e-07 6.17058e-07 5.80293e-07 4.86224e-07 3.54166e-07 2.20267e-07 1.15818e-07 5.15091e-08 1.95426e-08 6.38867e-09 1.80932e-09 4.42831e-10 9.23549e-11 1.58122e-11 2.01581e-12 1.37252e-13 0 
0 2.85664e-11 2.37011e-10 1.03476e-09 3.32634e-09 8.734e-09 1.961e-08 3.8593e-08 6.76113e-08 1.06592e-07 1.52487e-07 1.9929e-07 2.39318e-07 2.65391e-07 2.73034e-07 2.61804e-07 2.35248e-07 1.99631e-07 1.62047e-07 1.28654e-07 1.0354e-07 8.83158e-08 8.22232e-08 8.24463e-08 8.46228e-08 8.39072e-08 7.67846e-08 6.28586e-08 4.51078e-08 2.8024e-08 1.49832e-08 6.89086e-09 2.73452e-09 9.39864e-10 2.80186e-10 7.21516e-11 1.58122e-11 2.83918e-12 3.78635e-13 2.68915e-14 0 
0 3.47891e-12 2.80456e-11 1.19188e-10 3.73905e-10 9.60989e-10 2.11895e-09 4.10898e-09 7.11568e-09 1.11215e-08 1.58135e-08 2.05866e-08 2.46698e-08 2.73416e-08 2.81506e-08 2.70492e-08 2.4393e-08 2.0814e-08 1.7031e-08 1.3669e-08 1.11392e-08 9.59247e-09 8.92864e-09 8.83737e-09 8.87339e-09 8.58486e-09 7.68697e-09 6.1976e-09 4.42059e-09 2.76022e-09 1.50076e-09 7.09449e-10 2.91789e-10 1.0452e-10 3.25783e-11 8.78423e-12 2.01581e-12 3.78635e-13 5.27316e-14 3.90254e-15 0 
0 2.29327e-13 1.79921e-12 7.45403e-12 2.28476e-11 5.7527e-11 1.24621e-10 2.38119e-10 4.0748e-10 6.31022e-10 8.91171e-10 1.15481e-09 1.38013e-09 1.5281e-09 1.57428e-09 1.51602e-09 1.37253e-09 1.17818e-09 9.72198e-10 7.88778e-10 6.50255e-10 5.64282e-10 5.24281e-10 5.12307e-10 5.04243e-10 4.77538e-10 4.19908e-10 3.34589e-10 2.37833e-10 1.49374e-10 8.24585e-11 3.99149e-11 1.69294e-11 6.28705e-12 2.039e-12 5.7322e-13 1.37252e-13 2.68915e-14 3.90254e-15 3.00499e-16 0 
0 0 0 0 0 0 0 0 0 0 0 0 0 0 0 0 0 0 0 0 0 0 0 0 0 0 0 0 0 0 0 0 0 0 0 0 0 0 0 0 0 
