0 0 0 0 0 0 0 0 0 0 0 0 0 0 0 0 0 0 0 0 0 0 0 0 0 0 0 0 0 0 0 0 0 0 0 0 0 0 0 0 0 
0 1.78456e-12 1.70873e-11 8.68282e-11 3.27243e-10 1.01265e-09 2.68578e-09 6.23614e-09 1.28224e-08 2.35018e-08 3.85541e-08 5.67621e-08 7.5156e-08 8.96537e-08 9.6526e-08 9.39747e-08 8.29019e-08 6.64197e-08 4.84502e-08 3.22654e-08 1.96734e-08 1.10165e-08 5.68306e-09 2.70939e-09 1.19748e-09 4.92123e-10 1.88588e-10 6.75588e-11 2.26725e-11 7.13929e-12 2.11116e-12 5.86205e-13 1.52612e-13 3.71199e-14 8.37876e-15 1.73386e-15 3.21635e-16 5.11505e-17 6.28695e-18 4.26357e-19 0 
0 1.70873e-11 1.69525e-10 8.9289e-10 3.48672e-09 1.11668e-08 3.05983e-08 7.32253e-08 1.54728e-07 2.90462e-07 4.86219e-07 7.27554e-07 9.7502e-07 1.17228e-06 1.26675e-06 1.2327e-06 1.08267e-06 8.60373e-07 6.20349e-07 4.07057e-07 2.43866e-07 1.33847e-07 6.75389e-08 3.1444e-08 1.35548e-08 5.4288e-09 2.02654e-09 7.07138e-10 2.31217e-10 7.09785e-11 2.04799e-11 5.55511e-12 1.41475e-12 3.37186e-13 7.47202e-14 1.52127e-14 2.78312e-15 4.3768e-16 5.33524e-17 3.59962e-18 0 
0 8.68282e-11 8.9289e-10 4.87739e-09 1.97479e-08 6.55086e-08 1.85595e-07 4.58128e-07 9.95543e-07 1.91537e-06 3.27346e-06 4.98056e-06 6.75804e-06 8.19149e-06 8.8858e-06 8.64425e-06 7.55953e-06 5.95909e-06 4.24718e-06 2.74603e-06 1.61643e-06 8.69562e-07 4.29191e-07 1.95137e-07 8.20519e-08 3.20305e-08 1.16502e-08 3.96118e-09 1.26259e-09 3.78118e-10 1.06552e-10 2.82658e-11 7.05221e-12 1.64987e-12 3.59706e-13 7.22376e-14 1.30735e-14 2.04029e-15 2.47654e-16 1.66973e-17 0 
0 3.27243e-10 3.48672e-09 1.97479e-08 8.28888e-08 2.8477e-07 8.34131e-07 2.1237e-06 4.74585e-06 9.35737e-06 1.63265e-05 2.52566e-05 3.46972e-05 4.24007e-05 4.61777e-05 4.49195e-05 3.91286e-05 3.06113e-05 2.15786e-05 1.37558e-05 7.96125e-06 4.20069e-06 2.02953e-06 9.01843e-07 3.70205e-07 1.4099e-07 5.00178e-08 1.65904e-08 5.16165e-09 1.51028e-09 4.16356e-10 1.08234e-10 2.65156e-11 6.1056e-12 1.31374e-12 2.61181e-13 4.69531e-14 7.30557e-15 8.87476e-16 6.01095e-17 0 
0 1.01265e-09 1.11668e-08 6.55086e-08 2.8477e-07 1.01231e-06 3.06303e-06 8.03697e-06 1.84555e-05 3.7264e-05 6.63296e-05 0.000104261 0.000144944 0.00017852 0.000195195 0.000189928 0.000164904 0.000128156 8.94555e-05 5.62985e-05 3.20802e-05 1.66262e-05 7.87473e-06 3.42518e-06 1.37485e-06 5.11693e-07 1.77379e-07 5.75081e-08 1.75017e-08 5.01503e-09 1.3561e-09 3.4647e-10 8.36219e-11 1.90235e-11 4.05714e-12 8.02369e-13 1.44052e-13 2.24752e-14 2.74874e-15 1.88107e-16 0 
0 2.68578e-09 3.05983e-08 1.85595e-07 8.34131e-07 3.06303e-06 9.55858e-06 2.58076e-05 6.08049e-05 0.00012554 0.000227638 0.000363071 0.000510174 0.000632809 0.000694511 0.000676237 0.000585855 0.000453011 0.000313725 0.000195341 0.000109835 5.60388e-05 2.60782e-05 1.11285e-05 4.37817e-06 1.59636e-06 5.42146e-07 1.72287e-07 5.14444e-08 1.44842e-08 3.85574e-09 9.72128e-10 2.32208e-10 5.24582e-11 1.11523e-11 2.20772e-12 3.98459e-13 6.27577e-14 7.77644e-15 5.40661e-16 0 
0 6.23614e-09 7.32253e-08 4.58128e-07 2.1237e-06 8.03697e-06 2.58076e-05 7.15387e-05 0.000172548 0.000363432 0.000669699 0.00108124 0.00153237 0.00191123 0.00210413 0.00205121 0.00177602 0.00136979 0.000944016 0.000583432 0.00032476 0.000163637 7.50531e-05 3.15196e-05 1.21926e-05 4.36959e-06 1.45889e-06 4.56127e-07 1.3417e-07 3.72814e-08 9.81808e-09 2.45611e-09 5.8416e-10 1.31928e-10 2.81613e-11 5.62272e-12 1.0279e-12 1.64577e-13 2.07829e-14 1.47414e-15 0 
0 1.28224e-08 1.54728e-07 9.95543e-07 4.74585e-06 1.84555e-05 6.08049e-05 0.000172548 0.000424757 0.000909715 0.00169753 0.00276406 0.00393744 0.00492517 0.00543267 0.00530533 0.00460129 0.00355258 0.00244718 0.0015082 0.000834885 0.000417235 0.000189381 7.85824e-05 3.00077e-05 1.06142e-05 3.4993e-06 1.08152e-06 3.15031e-07 8.68914e-08 2.27833e-08 5.69554e-09 1.35939e-09 3.095e-10 6.69125e-11 1.35892e-11 2.53563e-12 4.15246e-13 5.36596e-14 3.88999e-15 0 
0 2.35018e-08 2.90462e-07 1.91537e-06 9.35737e-06 3.7264e-05 0.00012554 0.000363432 0.000909715 0.00197296 0.0037107 0.00606322 0.00864019 0.0107991 0.0119129 0.0116602 0.0101589 0.00788879 0.00546309 0.00337805 0.00187063 0.000932294 0.000420907 0.000173411 6.56914e-05 2.30512e-05 7.54544e-06 2.31924e-06 6.73459e-07 1.85761e-07 4.88984e-08 1.23268e-08 2.9812e-09 6.91067e-10 1.52763e-10 3.18204e-11 6.09886e-12 1.02555e-12 1.35782e-13 1.00485e-14 0 
0 3.85541e-08 4.86219e-07 3.27346e-06 1.63265e-05 6.63296e-05 0.000227638 0.000669699 0.00169753 0.0037107 0.00699716 0.0114084 0.0161757 0.0201172 0.0221471 0.0217352 0.0190791 0.0149772 0.0104947 0.00655654 0.00365709 0.0018294 0.000826489 0.000340062 0.000128552 4.50304e-05 1.47353e-05 4.53862e-06 1.32506e-06 3.69005e-07 9.85403e-08 2.53302e-08 6.27757e-09 1.49732e-09 3.4146e-10 7.34242e-11 1.45064e-11 2.50602e-12 3.39254e-13 2.55301e-14 0 
0 5.67621e-08 7.27554e-07 4.98056e-06 2.52566e-05 0.000104261 0.000363071 0.00108124 0.00276406 0.00606322 0.0114084 0.0184696 0.0259407 0.0319953 0.0350925 0.0345389 0.0306131 0.024393 0.0173926 0.0110508 0.00625151 0.00316024 0.00143824 0.000594957 0.000226012 7.96366e-05 2.62737e-05 8.18775e-06 2.42954e-06 6.9128e-07 1.89661e-07 5.03469e-08 1.29358e-08 3.20502e-09 7.58887e-10 1.68955e-10 3.43964e-11 6.08627e-12 8.38437e-13 6.37951e-14 0 
0 7.5156e-08 9.7502e-07 6.75804e-06 3.46972e-05 0.000144944 0.000510174 0.00153237 0.00393744 0.00864019 0.0161757 0.0259407 0.0360276 0.044024 0.0480843 0.0474655 0.0425115 0.0344444 0.0250687 0.0162715 0.00938751 0.00482581 0.00222757 0.000933359 0.000359258 0.000128528 4.32118e-05 1.37911e-05 4.21559e-06 1.24319e-06 3.55435e-07 9.86857e-08 2.655e-08 6.87565e-09 1.69411e-09 3.89973e-10 8.14788e-11 1.46833e-11 2.0452e-12 1.56327e-13 0 
0 8.96537e-08 1.17228e-06 8.19149e-06 4.24007e-05 0.00017852 0.000632809 0.00191123 0.00492517 0.0107991 0.0201172 0.0319953 0.044024 0.0533975 0.0581505 0.0575813 0.0520753 0.0428657 0.0318396 0.0211405 0.0124785 0.00655606 0.00308987 0.00132216 0.000520734 0.000191359 6.64473e-05 2.20479e-05 7.05486e-06 2.19054e-06 6.61707e-07 1.94148e-07 5.50131e-08 1.49107e-08 3.81353e-09 9.03022e-10 1.9236e-10 3.50551e-11 4.90258e-12 3.74024e-13 0 
0 9.6526e-08 1.26675e-06 8.8858e-06 4.61777e-05 0.000195195 0.000694511 0.00210413 0.00543267 0.0119129 0.0221471 0.0350925 0.0480843 0.0581505 0.0633136 0.0629242 0.0573781 0.0478523 0.0361748 0.0245347 0.01483 0.00799269 0.00387147 0.00170757 0.000696409 0.000266687 9.72394e-05 3.41455e-05 1.16369e-05 3.86138e-06 1.2455e-06 3.88248e-07 1.15906e-07 3.27599e-08 8.64352e-09 2.08978e-09 4.50347e-10 8.23732e-11 1.14879e-11 8.69458e-13 0 
0 9.39747e-08 1.2327e-06 8.64425e-06 4.49195e-05 0.000189928 0.000676237 0.00205121 0.00530533 0.0116602 0.0217352 0.0345389 0.0474655 0.0575813 0.0629242 0.0628415 0.0576993 0.0485997 0.0372532 0.0257386 0.0159283 0.00883557 0.00443046 0.00203679 0.00087293 0.000354564 0.0001384 5.24124e-05 1.93306e-05 6.92959e-06 2.39837e-06 7.93804e-07 2.48505e-07 7.27222e-08 1.96307e-08 4.80519e-09 1.03916e-09 1.89378e-10 2.61659e-11 1.95358e-12 0 
0 8.29019e-08 1.08267e-06 7.55953e-06 3.91286e-05 0.000164904 0.000585855 0.00177602 0.00460129 0.0101589 0.0190791 0.0306131 0.0425115 0.0520753 0.0573781 0.0576993 0.0533237 0.0452625 0.03508 0.0246429 0.0156241 0.0089614 0.00469515 0.00228148 0.00104621 0.000460032 0.000196168 8.14908e-05 3.28936e-05 1.27977e-05 4.74672e-06 1.65896e-06 5.40294e-07 1.62231e-07 4.43956e-08 1.09064e-08 2.34804e-09 4.23325e-10 5.75925e-11 4.21977e-12 0 
0 6.64197e-08 8.60373e-07 5.95909e-06 3.06113e-05 0.000128156 0.000453011 0.00136979 0.00355258 0.00788879 0.0149772 0.024393 0.0344444 0.0428657 0.0478523 0.0485997 0.0452625 0.0387166 0.0303319 0.0216844 0.0141375 0.00845036 0.00468552 0.00244909 0.00122685 0.000596434 0.000282838 0.000130407 5.78824e-05 2.44072e-05 9.64572e-06 3.53021e-06 1.18469e-06 3.61396e-07 9.9303e-08 2.4267e-08 5.16e-09 9.14024e-10 1.21734e-10 8.7113e-12 0 
0 4.84502e-08 6.20349e-07 4.24718e-06 2.15786e-05 8.94555e-05 0.000313725 0.000944016 0.00244718 0.00546309 0.0104947 0.0173926 0.0250687 0.0318396 0.0361748 0.0372532 0.03508 0.0303319 0.0241098 0.0176376 0.0119257 0.007523 0.00449046 0.00257685 0.00144013 0.000788121 0.000420665 0.000216387 0.000105532 4.79831e-05 2.00446e-05 7.60819e-06 2.60338e-06 7.98388e-07 2.18083e-07 5.25356e-08 1.09464e-08 1.89249e-09 2.45411e-10 1.70779e-11 0 
0 3.22654e-08 4.07057e-07 2.74603e-06 1.37558e-05 5.62985e-05 0.000195341 0.000583432 0.0015082 0.00337805 0.00655654 0.0110508 0.0162715 0.0211405 0.0245347 0.0257386 0.0246429 0.0216844 0.0176376 0.0133501 0.00949653 0.00643584 0.00422066 0.00271423 0.00172186 0.00107307 0.000648125 0.000372047 0.000198676 9.67839e-05 4.23644e-05 1.65023e-05 5.69271e-06 1.73531e-06 4.66276e-07 1.09707e-07 2.22256e-08 3.72683e-09 4.6824e-10 3.15689e-11 0 
0 1.96734e-08 2.43866e-07 1.61643e-06 7.96125e-06 3.20802e-05 0.000109835 0.00032476 0.000834885 0.00187063 0.00365709 0.00625151 0.00938751 0.0124785 0.01483 0.0159283 0.0156241 0.0141375 0.0119257 0.00949653 0.00724801 0.00539122 0.00396492 0.00290428 0.00211243 0.00150546 0.00102927 0.000658117 0.000383414 0.000198934 9.04492e-05 3.57542e-05 1.22791e-05 3.67475e-06 9.60587e-07 2.187e-07 4.27617e-08 6.91505e-09 8.38264e-10 5.45954e-11 0 
0 1.10165e-08 1.33847e-07 8.69562e-07 4.20069e-06 1.66262e-05 5.60388e-05 0.000163637 0.000417235 0.000932294 0.0018294 0.00316024 0.00482581 0.00655606 0.00799269 0.00883557 0.0089614 0.00845036 0.007523 0.00643584 0.00539122 0.00449571 0.00376748 0.00317019 0.0026486 0.00215445 0.00166317 0.00118308 0.000751763 0.000414656 0.000194542 7.7086e-05 2.59429e-05 7.50414e-06 1.8839e-06 4.11092e-07 7.70516e-08 1.19604e-08 1.3946e-09 8.758e-11 0 
0 5.68306e-09 6.75389e-08 4.29191e-07 2.02953e-06 7.87473e-06 2.60782e-05 7.50531e-05 0.000189381 0.000420907 0.000826489 0.00143824 0.00222757 0.00308987 0.00387147 0.00443046 0.00469515 0.00468552 0.00449046 0.00422066 0.00396492 0.00376748 0.00362688 0.00350645 0.00334819 0.00309032 0.00269033 0.00214561 0.00150932 0.000896631 0.000434505 0.0001699 5.44812e-05 1.47828e-05 3.48447e-06 7.19121e-07 1.2832e-07 1.90536e-08 2.13352e-09 1.29129e-10 0 
0 2.70939e-09 3.1444e-08 1.95137e-07 9.01843e-07 3.42518e-06 1.11285e-05 3.15196e-05 7.85824e-05 0.000173411 0.000340062 0.000594957 0.000933359 0.00132216 0.00170757 0.00203679 0.00228148 0.00244909 0.00257685 0.00271423 0.00290428 0.00317019 0.00350645 0.00387164 0.00419052 0.00438345 0.00438906 0.00409591 0.00334069 0.00220123 0.00110816 0.000419055 0.000122177 2.92244e-05 6.13013e-06 1.16073e-06 1.94898e-07 2.76005e-08 2.96802e-09 1.73328e-10 0 
0 1.19748e-09 1.35548e-08 8.20519e-08 3.70205e-07 1.37485e-06 4.37817e-06 1.21926e-05 3.00077e-05 6.56914e-05 0.000128552 0.000226012 0.000359258 0.000520734 0.000696409 0.00087293 0.00104621 0.00122685 0.00144013 0.00172186 0.00211243 0.0026486 0.00334819 0.00419052 0.00514586 0.0063241 0.00792044 0.00936259 0.00906737 0.006517 0.00333507 0.00120368 0.000312294 6.22665e-05 1.06927e-05 1.7393e-06 2.67267e-07 3.58954e-08 3.71216e-09 2.09786e-10 0 
0 4.92123e-10 5.4288e-09 3.20305e-08 1.4099e-07 5.11693e-07 1.59636e-06 4.36959e-06 1.06142e-05 2.30512e-05 4.50304e-05 7.96366e-05 0.000128528 0.000191359 0.000266687 0.000354564 0.000460032 0.000596434 0.000788121 0.00107307 0.00150546 0.00215445 0.00309032 0.00438345 0.0063241 0.0100832 0.0171068 0.0249083 0.0265702 0.0196038 0.0098786 0.00340929 0.000812854 0.000139048 1.9024e-05 2.46636e-06 3.29589e-07 4.14402e-08 4.12897e-09 2.26862e-10 0 
0 1.88588e-10 2.02654e-09 1.16502e-08 5.00178e-08 1.77379e-07 5.42146e-07 1.45889e-06 3.4993e-06 7.54544e-06 1.47353e-05 2.62737e-05 4.32118e-05 6.64473e-05 9.72394e-05 0.0001384 0.000196168 0.000282838 0.000420665 0.000648125 0.00102927 0.00166317 0.00269033 0.00438906 0.00792044 0.0171068 0.0358832 0.0570657 0.0626771 0.0464114 0.0230645 0.00772738 0.00175751 0.000275651 3.2007e-05 3.28626e-06 3.64176e-07 4.2055e-08 4.04441e-09 2.17392e-10 0 
0 6.75588e-11 7.07138e-10 3.96118e-09 1.65904e-08 5.75081e-08 1.72287e-07 4.56127e-07 1.08152e-06 2.31924e-06 4.53862e-06 8.18775e-06 1.37911e-05 2.20479e-05 3.41455e-05 5.24124e-05 8.14908e-05 0.000130407 0.000216387 0.000372047 0.000658117 0.00118308 0.00214561 0.00409591 0.00936259 0.0249083 0.0570657 0.0932095 0.103177 0.0764555 0.0378014 0.0124942 0.002775 0.000417069 4.42625e-05 3.84036e-06 3.5353e-07 3.71214e-08 3.45952e-09 1.83329e-10 0 
0 2.26725e-11 2.31217e-10 1.26259e-09 5.16165e-09 1.75017e-08 5.14444e-08 1.3417e-07 3.15031e-07 6.73459e-07 1.32506e-06 2.42954e-06 4.21559e-06 7.05486e-06 1.16369e-05 1.93306e-05 3.28936e-05 5.78824e-05 0.000105532 0.000198676 0.000383414 0.000751763 0.00150932 0.00334069 0.00906737 0.0265702 0.0626771 0.103177 0.114465 0.084837 0.0418812 0.0137751 0.00302666 0.000445742 4.52977e-05 3.57883e-06 2.89093e-07 2.8108e-08 2.56643e-09 1.35362e-10 0 
0 7.13929e-12 7.09785e-11 3.78118e-10 1.51028e-09 5.01503e-09 1.44842e-08 3.72814e-08 8.68914e-08 1.85761e-07 3.69005e-07 6.9128e-07 1.24319e-06 2.19054e-06 3.86138e-06 6.92959e-06 1.27977e-05 2.44072e-05 4.79831e-05 9.67839e-05 0.000198934 0.000414656 0.000896631 0.00220123 0.006517 0.0196038 0.0464114 0.0764555 0.084837 0.0628794 0.0310365 0.0101972 0.00223103 0.000325692 3.25447e-05 2.48137e-06 1.90304e-07 1.8e-08 1.64331e-09 8.72261e-11 0 
0 2.11116e-12 2.04799e-11 1.06552e-10 4.16356e-10 1.3561e-09 3.85574e-09 9.81808e-09 2.27833e-08 4.88984e-08 9.85403e-08 1.89661e-07 3.55435e-07 6.61707e-07 1.2455e-06 2.39837e-06 4.74672e-06 9.64572e-06 2.00446e-05 4.23644e-05 9.04492e-05 0.000194542 0.000434505 0.00110816 0.00333507 0.0098786 0.0230645 0.0378014 0.0418812 0.0310365 0.01533 0.00504008 0.00110158 0.00016061 1.60843e-05 1.24257e-06 9.85777e-08 9.68579e-09 9.06778e-10 4.89941e-11 0 
0 5.86205e-13 5.55511e-12 2.82658e-11 1.08234e-10 3.4647e-10 9.72128e-10 2.45611e-09 5.69554e-09 1.23268e-08 2.53302e-08 5.03469e-08 9.86857e-08 1.94148e-07 3.88248e-07 7.93804e-07 1.65896e-06 3.53021e-06 7.60819e-06 1.65023e-05 3.57542e-05 7.7086e-05 0.0001699 0.000419055 0.00120368 0.00340929 0.00772738 0.0124942 0.0137751 0.0101972 0.00504008 0.00165853 0.000363085 5.33161e-05 5.47149e-06 4.53166e-07 4.07062e-08 4.40765e-09 4.32043e-10 2.3996e-11 0 
0 1.52612e-13 1.41475e-12 7.05221e-12 2.65156e-11 8.36219e-11 2.32208e-10 5.8416e-10 1.35939e-09 2.9812e-09 6.27757e-09 1.29358e-08 2.655e-08 5.50131e-08 1.15906e-07 2.48505e-07 5.40294e-07 1.18469e-06 2.60338e-06 5.69271e-06 1.22791e-05 2.59429e-05 5.44812e-05 0.000122177 0.000312294 0.000812854 0.00175751 0.002775 0.00302666 0.00223103 0.00110158 0.000363085 8.00751e-05 1.20277e-05 1.31568e-06 1.2684e-07 1.40108e-08 1.72184e-09 1.78438e-10 1.02589e-11 0 
0 3.71199e-14 3.37186e-13 1.64987e-12 6.1056e-12 1.90235e-11 5.24582e-11 1.31928e-10 3.095e-10 6.91067e-10 1.49732e-09 3.20502e-09 6.87565e-09 1.49107e-08 3.27599e-08 7.27222e-08 1.62231e-07 3.61396e-07 7.98388e-07 1.73531e-06 3.67475e-06 7.50414e-06 1.47828e-05 2.92244e-05 6.22665e-05 0.000139048 0.000275651 0.000417069 0.000445742 0.000325692 0.00016061 5.33161e-05 1.20277e-05 1.91649e-06 2.41766e-07 3.01093e-08 4.22918e-09 5.84871e-10 6.40818e-11 3.83047e-12 0 
0 8.37876e-15 7.47202e-14 3.59706e-13 1.31374e-12 4.05714e-12 1.11523e-11 2.81613e-11 6.69125e-11 1.52763e-10 3.4146e-10 7.58887e-10 1.69411e-09 3.81353e-09 8.64352e-09 1.96307e-08 4.43956e-08 9.9303e-08 2.18083e-07 4.66276e-07 9.60587e-07 1.8839e-06 3.48447e-06 6.13013e-06 1.06927e-05 1.9024e-05 3.2007e-05 4.42625e-05 4.52977e-05 3.25447e-05 1.60843e-05 5.47149e-06 1.31568e-06 2.41766e-07 3.96272e-08 6.70781e-09 1.14578e-09 1.73338e-10 2.00093e-11 1.24676e-12 0 
0 1.73386e-15 1.52127e-14 7.22376e-14 2.61181e-13 8.02369e-13 2.20772e-12 5.62272e-12 1.35892e-11 3.18204e-11 7.34242e-11 1.68955e-10 3.89973e-10 9.03022e-10 2.08978e-09 4.80519e-09 1.09064e-08 2.4267e-08 5.25356e-08 1.09707e-07 2.187e-07 4.11092e-07 7.19121e-07 1.16073e-06 1.7393e-06 2.46636e-06 3.28626e-06 3.84036e-06 3.57883e-06 2.48137e-06 1.24257e-06 4.53166e-07 1.2684e-07 3.01093e-08 6.70781e-09 1.42973e-09 2.7549e-10 4.45353e-11 5.40103e-12 3.51294e-13 0 
0 3.21635e-16 2.78312e-15 1.30735e-14 4.69531e-14 1.44052e-13 3.98459e-13 1.0279e-12 2.53563e-12 6.09886e-12 1.45064e-11 3.43964e-11 8.14788e-11 1.9236e-10 4.50347e-10 1.03916e-09 2.34804e-09 5.16e-09 1.09464e-08 2.22256e-08 4.27617e-08 7.70516e-08 1.2832e-07 1.94898e-07 2.67267e-07 3.29589e-07 3.64176e-07 3.5353e-07 2.89093e-07 1.90304e-07 9.85777e-08 4.07062e-08 1.40108e-08 4.22918e-09 1.14578e-09 2.7549e-10 5.7104e-11 9.7489e-12 1.23993e-12 8.42213e-14 0 
0 5.11505e-17 4.3768e-16 2.04029e-15 7.30557e-15 2.24752e-14 6.27577e-14 1.64577e-13 4.15246e-13 1.02555e-12 2.50602e-12 6.08627e-12 1.46833e-11 3.50551e-11 8.23732e-11 1.89378e-10 4.23325e-10 9.14024e-10 1.89249e-09 3.72683e-09 6.91505e-09 1.19604e-08 1.90536e-08 2.76005e-08 3.58954e-08 4.14402e-08 4.2055e-08 3.71214e-08 2.8108e-08 1.8e-08 9.68579e-09 4.40765e-09 1.72184e-09 5.84871e-10 1.73338e-10 4.45353e-11 9.7489e-12 1.7485e-12 2.32854e-13 1.651e-14 0 
0 6.28695e-18 5.33524e-17 2.47654e-16 8.87476e-16 2.74874e-15 7.77644e-15 2.07829e-14 5.36596e-14 1.35782e-13 3.39254e-13 8.38437e-13 2.0452e-12 4.90258e-12 1.14879e-11 2.61659e-11 5.75925e-11 1.21734e-10 2.45411e-10 4.6824e-10 8.38264e-10 1.3946e-09 2.13352e-09 2.96802e-09 3.71216e-09 4.12897e-09 4.04441e-09 3.45952e-09 2.56643e-09 1.64331e-09 9.06778e-10 4.32043e-10 1.78438e-10 6.40818e-11 2.00093e-11 5.40103e-12 1.23993e-12 2.32854e-13 3.24069e-14 2.39582e-15 0 
0 4.26357e-19 3.59962e-18 1.66973e-17 6.01095e-17 1.88107e-16 5.40661e-16 1.47414e-15 3.88999e-15 1.00485e-14 2.55301e-14 6.37951e-14 1.56327e-13 3.74024e-13 8.69458e-13 1.95358e-12 4.21977e-12 8.7113e-12 1.70779e-11 3.15689e-11 5.45954e-11 8.758e-11 1.29129e-10 1.73328e-10 2.09786e-10 2.26862e-10 2.17392e-10 1.83329e-10 1.35362e-10 8.72261e-11 4.89941e-11 2.3996e-11 1.02589e-11 3.83047e-12 1.24676e-12 3.51294e-13 8.42213e-14 1.651e-14 2.39582e-15 1.84387e-16 0 
0 0 0 0 0 0 0 0 0 0 0 0 0 0 0 0 0 0 0 0 0 0 0 0 0 0 0 0 0 0 0 0 0 0 0 0 0 0 0 0 0 
