0 0 0 0 0 0 0 0 0 0 0 0 0 0 0 0 0 0 0 0 0 0 0 0 0 0 0 0 0 0 0 0 0 0 0 0 0 0 0 0 0 
0 9.18167e-13 8.79368e-12 4.47072e-11 1.68632e-10 5.22433e-10 1.38774e-09 3.22846e-09 6.65375e-09 1.22289e-08 2.01241e-08 2.97318e-08 3.95169e-08 4.73335e-08 5.11842e-08 5.00601e-08 4.43738e-08 3.57297e-08 2.61994e-08 1.75427e-08 1.07575e-08 6.05994e-09 3.1458e-09 1.50967e-09 6.71875e-10 2.7814e-10 1.07408e-10 3.87899e-11 1.31293e-11 4.17169e-12 1.24546e-12 3.49362e-13 9.19473e-14 2.26275e-14 5.17248e-15 1.08519e-15 2.04351e-16 3.30382e-17 4.13485e-18 2.86022e-19 0 
0 8.79368e-12 8.72518e-11 4.59725e-10 1.79646e-09 5.75968e-09 1.58056e-08 3.78982e-08 8.02727e-08 1.51123e-07 2.53808e-07 3.81193e-07 5.12926e-07 6.19393e-07 6.72414e-07 6.57523e-07 5.80426e-07 4.6369e-07 3.36173e-07 2.21859e-07 1.33718e-07 7.38585e-08 3.75188e-08 1.75912e-08 7.6399e-09 3.084e-09 1.16085e-09 4.08642e-10 1.34866e-10 4.18121e-11 1.2192e-11 3.34449e-12 8.62141e-13 2.08187e-13 4.67958e-14 9.6768e-15 1.80082e-15 2.88558e-16 3.59045e-17 2.4772e-18 0 
0 4.47072e-11 4.59725e-10 2.51184e-09 1.01761e-08 3.37905e-08 9.58746e-08 2.3713e-07 5.16595e-07 9.96922e-07 1.70982e-06 2.61188e-06 3.55956e-06 4.33486e-06 4.72558e-06 4.62085e-06 4.06262e-06 3.22027e-06 2.3084e-06 1.50152e-06 8.89471e-07 4.81711e-07 2.39453e-07 1.09694e-07 4.64955e-08 1.83054e-08 6.71847e-09 2.30635e-09 7.42676e-10 2.24852e-10 6.41058e-11 1.72208e-11 4.35531e-12 1.0341e-12 2.29128e-13 4.68372e-14 8.64306e-15 1.37791e-15 1.71176e-16 1.18322e-17 0 
0 1.68632e-10 1.79646e-09 1.01761e-08 4.27346e-08 1.46962e-07 4.31124e-07 1.09995e-06 2.46474e-06 4.8759e-06 8.54064e-06 1.32705e-05 1.83191e-05 2.25013e-05 2.46366e-05 2.40966e-05 2.11077e-05 1.66079e-05 1.17769e-05 7.55427e-06 4.40093e-06 2.33846e-06 1.13832e-06 5.09904e-07 2.11122e-07 8.11473e-08 2.90724e-08 9.74492e-09 3.06619e-09 9.0807e-10 2.53623e-10 6.68688e-11 1.66356e-11 3.89552e-12 8.53795e-13 1.73211e-13 3.18359e-14 5.07406e-15 6.32506e-16 4.40204e-17 0 
0 5.22433e-10 5.75968e-09 3.37905e-08 1.46962e-07 5.22955e-07 1.58494e-06 4.16834e-06 9.60117e-06 1.94599e-05 3.47945e-05 5.49712e-05 7.68438e-05 9.51912e-05 0.000104692 0.000102459 8.94723e-05 6.99363e-05 4.9107e-05 3.10986e-05 1.78394e-05 9.31264e-06 4.44552e-06 1.95016e-06 7.90034e-07 2.96979e-07 1.0406e-07 3.41301e-08 1.05175e-08 3.05479e-09 8.38254e-10 2.17623e-10 5.34529e-11 1.23963e-11 2.70014e-12 5.46459e-13 1.00591e-13 1.61194e-14 2.02742e-15 1.42776e-16 0 
0 1.38774e-09 1.58056e-08 9.58746e-08 4.31124e-07 1.58494e-06 4.95526e-06 1.34152e-05 3.17224e-05 6.57965e-05 0.000119962 0.000192526 0.000272337 0.00034009 0.000375699 0.000368065 0.000320706 0.000249354 0.000173648 0.000108761 6.15511e-05 3.16316e-05 1.48393e-05 6.38943e-06 2.53867e-06 9.35703e-07 3.21545e-07 1.03503e-07 3.13405e-08 8.9595e-09 2.42517e-09 6.22736e-10 1.51769e-10 3.50504e-11 7.633e-12 1.55085e-12 2.8776e-13 4.66488e-14 5.95205e-15 4.25915e-16 0 
0 3.22846e-09 3.78982e-08 2.3713e-07 1.09995e-06 4.16834e-06 1.34152e-05 3.73108e-05 9.04022e-05 0.000191532 0.000355462 0.000578568 0.00082703 0.00104018 0.0011539 0.00113219 0.000985572 0.00076369 0.000528685 0.000328353 0.000183829 9.32641e-05 4.31233e-05 1.82797e-05 7.14599e-06 2.59129e-06 8.76497e-07 2.77996e-07 8.30719e-08 2.34869e-08 6.30457e-09 1.61067e-09 3.92019e-10 9.07889e-11 1.9912e-11 4.09132e-12 7.70466e-13 1.27094e-13 1.65227e-14 1.20447e-15 0 
0 6.65375e-09 8.02727e-08 5.16595e-07 2.46474e-06 9.60117e-06 3.17224e-05 9.04022e-05 0.000223871 0.000483266 0.000910631 0.00149948 0.0021612 0.0027333 0.00304285 0.00299176 0.00260634 0.00201808 0.00139342 0.000861256 0.00047877 0.00024069 0.000110099 4.61231e-05 1.78117e-05 6.38178e-06 2.13464e-06 6.70499e-07 1.98845e-07 5.59476e-08 1.49958e-08 3.84043e-09 9.41054e-10 2.20393e-10 4.90853e-11 1.02772e-11 1.97666e-12 3.33286e-13 4.4252e-14 3.28719e-15 0 
0 1.22289e-08 1.51123e-07 9.96922e-07 4.8759e-06 1.94599e-05 6.57965e-05 0.000191532 0.000483266 0.00105953 0.00202032 0.00335409 0.00485905 0.0061647 0.00687955 0.00678159 0.00592526 0.00460063 0.00318207 0.00196661 0.0010907 0.000545885 0.000248186 0.000103239 3.95798e-05 1.40866e-05 4.68665e-06 1.46729e-06 4.34949e-07 1.22757e-07 3.31413e-08 8.58789e-09 2.13905e-09 5.11349e-10 1.16624e-10 2.50502e-11 4.94318e-12 8.5371e-13 1.15739e-13 8.74202e-15 0 
0 2.01241e-08 2.53808e-07 1.70982e-06 8.54064e-06 3.47945e-05 0.000119962 0.000355462 0.000910631 0.00202032 0.0038832 0.00647373 0.00939103 0.0119172 0.0133122 0.0131626 0.0115619 0.00903826 0.00629422 0.00391145 0.00217664 0.00109065 0.000495594 0.000205869 7.88277e-05 2.80508e-05 9.35021e-06 2.9415e-06 8.79473e-07 2.51471e-07 6.91153e-08 1.83204e-08 4.68728e-09 1.15434e-09 2.71531e-10 6.01026e-11 1.21887e-11 2.1543e-12 2.9737e-13 2.27445e-14 0 
0 2.97318e-08 3.81193e-07 2.61188e-06 1.32705e-05 5.49712e-05 0.000192526 0.000578568 0.00149948 0.00335409 0.00647373 0.010796 0.0156269 0.0197815 0.0220891 0.0219149 0.0193941 0.0153218 0.0107971 0.0067857 0.00381198 0.00192421 0.000879485 0.000367281 0.000141477 5.07428e-05 1.70998e-05 5.46062e-06 1.66536e-06 4.88284e-07 1.38315e-07 3.7945e-08 1.00729e-08 2.57469e-09 6.27342e-10 1.43262e-10 2.98113e-11 5.37306e-12 7.51546e-13 5.78994e-14 0 
0 3.95169e-08 5.12926e-07 3.55956e-06 1.83191e-05 7.68438e-05 0.000272337 0.00082703 0.0021612 0.00485905 0.00939103 0.0156269 0.0225235 0.0284011 0.0316833 0.03155 0.028169 0.0225483 0.0161398 0.0103081 0.00587916 0.0030087 0.0013929 0.000589325 0.000230369 8.41073e-05 2.89785e-05 9.51235e-06 2.99952e-06 9.14352e-07 2.70428e-07 7.76202e-08 2.15446e-08 5.73882e-09 1.44918e-09 3.40624e-10 7.24138e-11 1.32368e-11 1.86515e-12 1.43903e-13 0 
0 4.73335e-08 6.19393e-07 4.33486e-06 2.25013e-05 9.51912e-05 0.00034009 0.00104018 0.0027333 0.0061647 0.0119172 0.0197815 0.0284011 0.0356982 0.0398112 0.0398094 0.0358745 0.02912 0.0212092 0.0138084 0.00803224 0.00419254 0.0019807 0.000856638 0.000343414 0.000129199 4.61477e-05 1.58077e-05 5.23358e-06 1.6825e-06 5.25651e-07 1.59106e-07 4.63455e-08 1.28622e-08 3.35537e-09 8.07575e-10 1.74324e-10 3.21111e-11 4.52992e-12 3.48014e-13 0 
0 5.11842e-08 6.72414e-07 4.72558e-06 2.46366e-05 0.000104692 0.000375699 0.0011539 0.00304285 0.00687955 0.0133122 0.0220891 0.0316833 0.0398112 0.044477 0.0447006 0.0406501 0.0334392 0.0247783 0.0164654 0.00980076 0.00524724 0.0025502 0.0011393 0.000474433 0.000186702 7.02855e-05 2.55529e-05 9.02235e-06 3.09734e-06 1.03046e-06 3.29992e-07 1.00777e-07 2.90223e-08 7.77497e-09 1.90312e-09 4.14223e-10 7.63763e-11 1.07207e-11 8.15647e-13 0 
0 5.00601e-08 6.57523e-07 4.62085e-06 2.40966e-05 0.000102459 0.000368065 0.00113219 0.00299176 0.00678159 0.0131626 0.0219149 0.03155 0.0398094 0.0447006 0.0452231 0.0414963 0.034555 0.0260242 0.0176569 0.0107847 0.00595748 0.00300622 0.00140484 0.000617214 0.000258606 0.000104513 4.10176e-05 1.56529e-05 5.78586e-06 2.05581e-06 6.95393e-07 2.21583e-07 6.57745e-08 1.79598e-08 4.43692e-09 9.66677e-10 1.77228e-10 2.46061e-11 1.84434e-12 0 
0 4.43738e-08 5.80426e-07 4.06262e-06 2.11077e-05 8.94723e-05 0.000320706 0.000985572 0.00260634 0.00592526 0.0115619 0.0193941 0.028169 0.0358745 0.0406501 0.0414963 0.038448 0.0323998 0.0247928 0.0171934 0.0108161 0.00621005 0.00329088 0.00163342 0.000771118 0.000350773 0.000154978 6.66018e-05 2.77087e-05 1.10593e-05 4.18837e-06 1.4885e-06 4.91283e-07 1.49092e-07 4.11487e-08 1.01782e-08 2.20341e-09 3.99031e-10 5.44841e-11 4.00374e-12 0 
0 3.57297e-08 4.6369e-07 3.22027e-06 1.66079e-05 6.99363e-05 0.000249354 0.00076369 0.00201808 0.00460063 0.00903826 0.0153218 0.0225483 0.02912 0.0334392 0.034555 0.0323998 0.0276742 0.0215587 0.0153349 0.00999926 0.00602817 0.00340351 0.00182703 0.000945455 0.000475864 0.000233329 0.000110817 5.04219e-05 2.16906e-05 8.70877e-06 3.22724e-06 1.09372e-06 3.36263e-07 9.29768e-08 2.28357e-08 4.87546e-09 8.66476e-10 1.15711e-10 8.29827e-12 0 
0 2.61994e-08 3.36173e-07 2.3084e-06 1.17769e-05 4.9107e-05 0.000173648 0.000528685 0.00139342 0.00318207 0.00629422 0.0107971 0.0161398 0.0212092 0.0247783 0.0260242 0.0247928 0.0215587 0.0171904 0.0126351 0.0086289 0.00553967 0.00339157 0.00200811 0.0011609 0.000656455 0.000360692 0.000190054 9.44833e-05 4.36068e-05 1.84291e-05 7.05841e-06 2.43241e-06 7.50152e-07 2.05829e-07 4.97631e-08 1.03991e-08 1.80216e-09 2.34151e-10 1.632e-11 0 
0 1.75427e-08 2.21859e-07 1.50152e-06 7.55427e-06 3.10986e-05 0.000108761 0.000328353 0.000861256 0.00196661 0.00391145 0.0067857 0.0103081 0.0138084 0.0164654 0.0176569 0.0171934 0.0153349 0.0126351 0.0097126 0.00705231 0.00490821 0.00332216 0.00220978 0.00144816 0.000928694 0.00057428 0.000335812 0.000181884 8.95599e-05 3.95226e-05 1.54915e-05 5.36992e-06 1.64318e-06 4.42877e-07 1.0446e-07 2.12058e-08 3.56172e-09 4.48105e-10 3.02451e-11 0 
0 1.07575e-08 1.33718e-07 8.89471e-07 4.40093e-06 1.78394e-05 6.15511e-05 0.000183829 0.00047877 0.0010907 0.00217664 0.00381198 0.00587916 0.00803224 0.00980076 0.0107847 0.0108161 0.00999926 0.0086289 0.00705231 0.00554817 0.00426938 0.00325248 0.00246342 0.00184479 0.00134633 0.000937565 0.000607765 0.000357626 0.000186885 8.54086e-05 3.38897e-05 1.16725e-05 3.50128e-06 9.16974e-07 2.091e-07 4.09385e-08 6.62749e-09 8.0414e-10 5.24125e-11 0 
0 6.05994e-09 7.38585e-08 4.81711e-07 2.33846e-06 9.31264e-06 3.16316e-05 9.32641e-05 0.00024069 0.000545885 0.00109065 0.00192421 0.0030087 0.00419254 0.00524724 0.00595748 0.00621005 0.00602817 0.00553967 0.00490821 0.00426938 0.00369846 0.00321196 0.0027878 0.00238869 0.00198134 0.0015517 0.00111494 0.000713167 0.000394976 0.000185747 7.37002e-05 2.48253e-05 7.18639e-06 1.80556e-06 3.94313e-07 7.39622e-08 1.14885e-08 1.34034e-09 8.42135e-11 0 
0 3.1458e-09 3.75188e-08 2.39453e-07 1.13832e-06 4.44552e-06 1.48393e-05 4.31233e-05 0.000110099 0.000248186 0.000495594 0.000879485 0.0013929 0.0019807 0.0025502 0.00300622 0.00329088 0.00340351 0.00339157 0.00332216 0.00325248 0.00321196 0.00319785 0.00317887 0.00310307 0.00291256 0.00256662 0.00206372 0.00145852 0.000867999 0.00042048 0.000164149 5.2531e-05 1.42303e-05 3.3514e-06 6.91557e-07 1.23428e-07 1.83332e-08 2.0535e-09 1.24322e-10 0 
0 1.50967e-09 1.75912e-08 1.09694e-07 5.09904e-07 1.95016e-06 6.38943e-06 1.82797e-05 4.61231e-05 0.000103239 0.000205869 0.000367281 0.000589325 0.000856638 0.0011393 0.00140484 0.00163342 0.00182703 0.00200811 0.00220978 0.00246342 0.0027878 0.00317887 0.00359905 0.00397546 0.00422666 0.00428503 0.00403182 0.00330117 0.00217555 0.00109238 0.000411226 0.000119222 2.83565e-05 5.92281e-06 1.11907e-06 1.87782e-07 2.65918e-08 2.8599e-09 1.67038e-10 0 
0 6.71875e-10 7.6399e-09 4.64955e-08 2.11122e-07 7.90034e-07 2.53867e-06 7.14599e-06 1.78117e-05 3.95798e-05 7.88277e-05 0.000141477 0.000230369 0.000343414 0.000474433 0.000617214 0.000771118 0.000945455 0.0011609 0.00144816 0.00184479 0.00238869 0.00310307 0.00397546 0.0049828 0.00623156 0.00789809 0.00938766 0.00910577 0.00654076 0.00333891 0.00119964 0.000309256 6.11578e-05 1.04113e-05 1.68305e-06 2.57942e-07 3.46198e-08 3.57996e-09 2.02322e-10 0 
0 2.7814e-10 3.084e-09 1.83054e-08 8.11473e-08 2.96979e-07 9.35703e-07 2.59129e-06 6.38178e-06 1.40866e-05 2.80508e-05 5.07428e-05 8.41073e-05 0.000129199 0.000186702 0.000258606 0.000350773 0.000475864 0.000656455 0.000928694 0.00134633 0.00198134 0.00291256 0.00422666 0.00623156 0.0100918 0.0172197 0.0251001 0.0267787 0.0197548 0.00994734 0.00342537 0.000813165 0.000138165 1.87183e-05 2.40103e-06 3.18823e-07 4.00061e-08 3.98453e-09 2.18914e-10 0 
0 1.07408e-10 1.16085e-09 6.71847e-09 2.90724e-08 1.0406e-07 3.21545e-07 8.76497e-07 2.13464e-06 4.68665e-06 9.35021e-06 1.70998e-05 2.89785e-05 4.61477e-05 7.02855e-05 0.000104513 0.000154978 0.000233329 0.000360692 0.00057428 0.000937565 0.0015517 0.00256662 0.00428503 0.00789809 0.0172197 0.0361683 0.0575237 0.0631803 0.0467837 0.0232474 0.00778324 0.00176619 0.0002758 3.17766e-05 3.22368e-06 3.53459e-07 4.06425e-08 3.90496e-09 2.09865e-10 0 
0 3.87899e-11 4.08642e-10 2.30635e-09 9.74492e-09 3.41301e-08 1.03503e-07 2.77996e-07 6.70499e-07 1.46729e-06 2.9415e-06 5.46062e-06 9.51235e-06 1.58077e-05 2.55529e-05 4.10176e-05 6.66018e-05 0.000110817 0.000190054 0.000335812 0.000607765 0.00111494 0.00206372 0.00403182 0.00938766 0.0251001 0.0575237 0.0939582 0.104006 0.0770695 0.0381045 0.0125916 0.00279327 0.000418634 4.41829e-05 3.79235e-06 3.4447e-07 3.59166e-08 3.34168e-09 1.77038e-10 0 
0 1.31293e-11 1.34866e-10 7.42676e-10 3.06619e-09 1.05175e-08 3.13405e-08 8.30719e-08 1.98845e-07 4.34949e-07 8.79473e-07 1.66536e-06 2.99952e-06 5.23358e-06 9.02235e-06 1.56529e-05 2.77087e-05 5.04219e-05 9.44833e-05 0.000181884 0.000357626 0.000713167 0.00145852 0.00330117 0.00910577 0.0267787 0.0631803 0.104006 0.115384 0.0855184 0.0422173 0.0138838 0.0030481 0.000448001 4.53373e-05 3.54894e-06 2.82601e-07 2.72244e-08 2.47985e-09 1.30747e-10 0 
0 4.17169e-12 4.18121e-11 2.24852e-10 9.0807e-10 3.05479e-09 8.9595e-09 2.34869e-08 5.59476e-08 1.22757e-07 2.51471e-07 4.88284e-07 9.14352e-07 1.6825e-06 3.09734e-06 5.78586e-06 1.10593e-05 2.16906e-05 4.36068e-05 8.95599e-05 0.000186885 0.000394976 0.000867999 0.00217555 0.00654076 0.0197548 0.0467837 0.0770695 0.0855184 0.0633844 0.0312853 0.0102773 0.00224691 0.000327468 3.26052e-05 2.46492e-06 1.86316e-07 1.74437e-08 1.58821e-09 8.42666e-11 0 
0 1.24546e-12 1.2192e-11 6.41058e-11 2.53623e-10 8.38254e-10 2.42517e-09 6.30457e-09 1.49958e-08 3.31413e-08 6.91153e-08 1.38315e-07 2.70428e-07 5.25651e-07 1.03046e-06 2.05581e-06 4.18837e-06 8.70877e-06 1.84291e-05 3.95226e-05 8.54086e-05 0.000185747 0.00042048 0.00109238 0.00333891 0.00994734 0.0232474 0.0381045 0.0422173 0.0312853 0.0154519 0.00507863 0.00110913 0.000161453 1.61107e-05 1.23373e-06 9.64532e-08 9.38487e-09 8.76434e-10 4.73371e-11 0 
0 3.49362e-13 3.34449e-12 1.72208e-11 6.68688e-11 2.17623e-10 6.22736e-10 1.61067e-09 3.84043e-09 8.58789e-09 1.83204e-08 3.7945e-08 7.76202e-08 1.59106e-07 3.29992e-07 6.95393e-07 1.4885e-06 3.22724e-06 7.05841e-06 1.54915e-05 3.38897e-05 7.37002e-05 0.000164149 0.000411226 0.00119964 0.00342537 0.00778324 0.0125916 0.0138838 0.0102773 0.00507863 0.00167043 0.000365359 5.35527e-05 5.47203e-06 4.48657e-07 3.97262e-08 4.26765e-09 4.17573e-10 2.31862e-11 0 
0 9.19473e-14 8.62141e-13 4.35531e-12 1.66356e-11 5.34529e-11 1.51769e-10 3.92019e-10 9.41054e-10 2.13905e-09 4.68728e-09 1.00729e-08 2.15446e-08 4.63455e-08 1.00777e-07 2.21583e-07 4.91283e-07 1.09372e-06 2.43241e-06 5.36992e-06 1.16725e-05 2.48253e-05 5.2531e-05 0.000119222 0.000309256 0.000813165 0.00176619 0.00279327 0.0030481 0.00224691 0.00110913 0.000365359 8.04832e-05 1.20582e-05 1.31102e-06 1.24879e-07 1.36235e-08 1.66574e-09 1.72451e-10 9.91324e-12 0 
0 2.26275e-14 2.08187e-13 1.0341e-12 3.89552e-12 1.23963e-11 3.50504e-11 9.07889e-11 2.20393e-10 5.11349e-10 1.15434e-09 2.57469e-09 5.73882e-09 1.28622e-08 2.90223e-08 6.57745e-08 1.49092e-07 3.36263e-07 7.50152e-07 1.64318e-06 3.50128e-06 7.18639e-06 1.42303e-05 2.83565e-05 6.11578e-05 0.000138165 0.0002758 0.000418634 0.000448001 0.000327468 0.000161453 5.35527e-05 1.20582e-05 1.91309e-06 2.392e-07 2.94218e-08 4.09893e-09 5.65472e-10 6.19294e-11 3.70152e-12 0 
0 5.17248e-15 4.67958e-14 2.29128e-13 8.53795e-13 2.70014e-12 7.633e-12 1.9912e-11 4.90853e-11 1.16624e-10 2.71531e-10 6.27342e-10 1.44918e-09 3.35537e-09 7.77497e-09 1.79598e-08 4.11487e-08 9.29768e-08 2.05829e-07 4.42877e-07 9.16974e-07 1.80556e-06 3.3514e-06 5.92281e-06 1.04113e-05 1.87183e-05 3.17766e-05 4.41829e-05 4.53373e-05 3.26052e-05 1.61107e-05 5.47203e-06 1.31102e-06 2.392e-07 3.88031e-08 6.51222e-09 1.1084e-09 1.6754e-10 1.9337e-11 1.20482e-12 0 
0 1.08519e-15 9.6768e-15 4.68372e-14 1.73211e-13 5.46459e-13 1.55085e-12 4.09132e-12 1.02772e-11 2.50502e-11 6.01026e-11 1.43262e-10 3.40624e-10 8.07575e-10 1.90312e-09 4.43692e-09 1.01782e-08 2.28357e-08 4.97631e-08 1.0446e-07 2.091e-07 3.94313e-07 6.91557e-07 1.11907e-06 1.68305e-06 2.40103e-06 3.22368e-06 3.79235e-06 3.54894e-06 2.46492e-06 1.23373e-06 4.48657e-07 1.24879e-07 2.94218e-08 6.51222e-09 1.38348e-09 2.66306e-10 4.30411e-11 5.21956e-12 3.39483e-13 0 
0 2.04351e-16 1.80082e-15 8.64306e-15 3.18359e-14 1.00591e-13 2.8776e-13 7.70466e-13 1.97666e-12 4.94318e-12 1.21887e-11 2.98113e-11 7.24138e-11 1.74324e-10 4.14223e-10 9.66677e-10 2.20341e-09 4.87546e-09 1.03991e-08 2.12058e-08 4.09385e-08 7.39622e-08 1.23428e-07 1.87782e-07 2.57942e-07 3.18823e-07 3.53459e-07 3.4447e-07 2.82601e-07 1.86316e-07 9.64532e-08 3.97262e-08 1.36235e-08 4.09893e-09 1.1084e-09 2.66306e-10 5.51892e-11 9.42155e-12 1.19827e-12 8.13905e-14 0 
0 3.30382e-17 2.88558e-16 1.37791e-15 5.07406e-15 1.61194e-14 4.66488e-14 1.27094e-13 3.33286e-13 8.5371e-13 2.1543e-12 5.37306e-12 1.32368e-11 3.21111e-11 7.63763e-11 1.77228e-10 3.99031e-10 8.66476e-10 1.80216e-09 3.56172e-09 6.62749e-09 1.14885e-08 1.83332e-08 2.65918e-08 3.46198e-08 4.00061e-08 4.06425e-08 3.59166e-08 2.72244e-08 1.74437e-08 9.38487e-09 4.26765e-09 1.66574e-09 5.65472e-10 1.6754e-10 4.30411e-11 9.42155e-12 1.68977e-12 2.25031e-13 1.59551e-14 0 
0 4.13485e-18 3.59045e-17 1.71176e-16 6.32506e-16 2.02742e-15 5.95205e-15 1.65227e-14 4.4252e-14 1.15739e-13 2.9737e-13 7.51546e-13 1.86515e-12 4.52992e-12 1.07207e-11 2.46061e-11 5.44841e-11 1.15711e-10 2.34151e-10 4.48105e-10 8.0414e-10 1.34034e-09 2.0535e-09 2.8599e-09 3.57996e-09 3.98453e-09 3.90496e-09 3.34168e-09 2.47985e-09 1.58821e-09 8.76434e-10 4.17573e-10 1.72451e-10 6.19294e-11 1.9337e-11 5.21956e-12 1.19827e-12 2.25031e-13 3.13181e-14 2.3153e-15 0 
0 2.86022e-19 2.4772e-18 1.18322e-17 4.40204e-17 1.42776e-16 4.25915e-16 1.20447e-15 3.28719e-15 8.74202e-15 2.27445e-14 5.78994e-14 1.43903e-13 3.48014e-13 8.15647e-13 1.84434e-12 4.00374e-12 8.29827e-12 1.632e-11 3.02451e-11 5.24125e-11 8.42135e-11 1.24322e-10 1.67038e-10 2.02322e-10 2.18914e-10 2.09865e-10 1.77038e-10 1.30747e-10 8.42666e-11 4.73371e-11 2.31862e-11 9.91324e-12 3.70152e-12 1.20482e-12 3.39483e-13 8.13905e-14 1.59551e-14 2.3153e-15 1.7819e-16 0 
0 0 0 0 0 0 0 0 0 0 0 0 0 0 0 0 0 0 0 0 0 0 0 0 0 0 0 0 0 0 0 0 0 0 0 0 0 0 0 0 0 
