0 0 0 0 0 0 0 0 0 0 0 0 0 0 0 0 0 0 0 0 0 0 0 0 0 0 0 0 0 0 0 0 0 0 0 0 0 0 0 0 0 
0 1.78597e-07 1.60661e-06 7.20865e-06 2.23462e-05 5.30837e-05 0.000102231 0.000166637 0.000238482 0.000308934 0.00037096 0.000420177 0.000454432 0.000473061 0.000476289 0.000464881 0.000440008 0.00040325 0.000356702 0.000303094 0.000245842 0.000188905 0.000136341 9.16038e-05 5.68016e-05 3.22639e-05 1.66934e-05 7.84129e-06 3.33999e-06 1.29079e-06 4.53272e-07 1.44847e-07 4.21511e-08 1.11572e-08 2.67453e-09 5.74824e-10 1.08512e-10 1.72322e-11 2.07754e-12 1.35833e-13 0 
0 1.60661e-06 1.48636e-05 6.64968e-05 0.000196825 0.000427315 0.000729601 0.00104446 0.00132522 0.00155359 0.00172928 0.0018572 0.0019417 0.00198569 0.00199145 0.00196126 0.00189761 0.00180283 0.0016786 0.00152568 0.00134452 0.00113728 0.000910967 0.000679999 0.000465144 0.000287193 0.000158298 7.74667e-05 3.36586e-05 1.30365e-05 4.52743e-06 1.41791e-06 4.02095e-07 1.03391e-07 2.40423e-08 5.01147e-09 9.18026e-10 1.41623e-10 1.66095e-11 1.05803e-12 0 
0 7.20865e-06 6.64968e-05 0.000280388 0.000731321 0.00133728 0.00192372 0.00240876 0.00280528 0.00313992 0.00342134 0.00364492 0.00380242 0.00388771 0.00389911 0.00383982 0.00371742 0.00354274 0.00332813 0.0030851 0.00282122 0.00253667 0.00222267 0.00186603 0.00146353 0.00104025 0.000651205 0.000352185 0.000163567 6.5619e-05 2.30223e-05 7.15897e-06 1.99407e-06 5.00553e-07 1.13286e-07 2.29573e-08 4.08892e-09 6.13821e-10 7.01397e-11 4.35961e-12 0 
0 2.23462e-05 0.000196825 0.000731321 0.00157954 0.00241779 0.00312101 0.00375575 0.00436479 0.00493711 0.00544243 0.00585115 0.00614099 0.00629896 0.00632166 0.00621482 0.00599206 0.00567325 0.00528254 0.00484617 0.00439011 0.00393672 0.00349914 0.00307278 0.00262874 0.0021253 0.00155216 0.000976639 0.00051283 0.000223267 8.17608e-05 2.57699e-05 7.13946e-06 1.76325e-06 3.90413e-07 7.7207e-08 1.34099e-08 1.96378e-09 2.19111e-10 1.33154e-11 0 
0 5.30837e-05 0.000427315 0.00133728 0.00241779 0.00336885 0.00428618 0.00523689 0.00619028 0.00708942 0.00788 0.00851713 0.00896813 0.00921406 0.00925024 0.00908555 0.00874067 0.00824552 0.00763621 0.00695191 0.00623199 0.00551361 0.00482931 0.00420272 0.00363782 0.00310134 0.00251982 0.00183906 0.00112799 0.00055737 0.000221438 7.2651e-05 2.03528e-05 4.99589e-06 1.08935e-06 2.11214e-07 3.59051e-08 5.14485e-09 5.62001e-10 3.34701e-11 0 
0 0.000102231 0.000729601 0.00192372 0.00312101 0.00428618 0.00555459 0.00690084 0.00824593 0.00950892 0.0106166 0.0115081 0.0121387 0.0124826 0.0125334 0.0123036 0.0118219 0.0111296 0.0102765 0.00931628 0.00830251 0.00728524 0.00630857 0.00540922 0.00461371 0.00392712 0.00330653 0.00264699 0.00186666 0.00106793 0.00047554 0.000166987 4.81925e-05 1.18936e-05 2.57289e-06 4.91654e-07 8.21306e-08 1.15537e-08 1.23919e-09 7.25107e-11 0 
0 0.000166637 0.00104446 0.00240876 0.00375575 0.00523689 0.00690084 0.00866179 0.0104154 0.0120592 0.0134995 0.014658 0.0154771 0.0159236 0.0159893 0.0156905 0.0150643 0.0141643 0.0130547 0.0118047 0.0104832 0.00915409 0.00787294 0.00668533 0.00562644 0.00471907 0.00395908 0.00327735 0.00253017 0.00165128 0.000835535 0.000320933 9.71031e-05 2.43731e-05 5.27001e-06 9.97728e-07 1.64455e-07 2.27904e-08 2.40722e-09 1.38768e-10 0 
0 0.000238482 0.00132522 0.00280528 0.00436479 0.00619028 0.00824593 0.0104154 0.0125729 0.014594 0.016364 0.0177874 0.0187943 0.0193436 0.0194239 0.0190545 0.0182827 0.0171753 0.0158107 0.0142732 0.0126468 0.0110093 0.00942805 0.00795752 0.00663874 0.00550031 0.00455521 0.00377548 0.00304123 0.00218311 0.00124438 0.00052786 0.000169582 4.37131e-05 9.51023e-06 1.79247e-06 2.92654e-07 4.00857e-08 4.182e-09 2.38135e-10 0 
0 0.000308934 0.00155359 0.00313992 0.00493711 0.00708942 0.00950892 0.0120592 0.014594 0.0169675 0.0190462 0.020721 0.0219119 0.0225656 0.0226606 0.0222182 0.0212998 0.0199911 0.0183853 0.0165785 0.0146672 0.012742 0.0108812 0.00914794 0.00758883 0.00623548 0.00510596 0.00419422 0.00342185 0.0026018 0.00163188 0.000761458 0.000261113 6.95528e-05 1.53018e-05 2.88265e-06 4.67777e-07 6.35224e-08 6.56393e-09 3.70155e-10 0 
0 0.00037096 0.00172928 0.00342134 0.00544243 0.00788 0.0106166 0.0134995 0.016364 0.0190462 0.0213994 0.0233044 0.0246628 0.0254041 0.02551 0.0250067 0.0239567 0.0224604 0.0206347 0.0185896 0.016429 0.0142527 0.0121483 0.0101864 0.00841884 0.0068797 0.00558834 0.00454726 0.00370813 0.0029053 0.0019511 0.000987463 0.000360442 9.93888e-05 2.21718e-05 4.18661e-06 6.771e-07 9.1402e-08 9.37877e-09 5.25044e-10 0 
0 0.000420177 0.0018572 0.00364492 0.00585115 0.00851713 0.0115081 0.014658 0.0177874 0.020721 0.0233044 0.0253905 0.0268407 0.0276012 0.0277042 0.0271874 0.0260789 0.0244509 0.0224424 0.0201985 0.017836 0.0154584 0.0131592 0.0110148 0.00908116 0.00739442 0.00597439 0.00482619 0.00391842 0.00311249 0.00218535 0.00117712 0.000453144 0.00012899 2.91855e-05 5.53225e-06 8.9357e-07 1.20179e-07 1.22735e-08 6.83628e-10 0 
0 0.000454432 0.0019417 0.00380242 0.00614099 0.00896813 0.0121387 0.0154771 0.0187943 0.0219119 0.0246628 0.0268407 0.0282846 0.0290098 0.0291018 0.0286037 0.0275124 0.0258431 0.0237181 0.0213272 0.0188185 0.0162989 0.013863 0.0115908 0.00954113 0.00775153 0.00624198 0.00501813 0.00405699 0.00324037 0.00233623 0.00131314 0.000525979 0.000153565 3.51715e-05 6.6948e-06 1.08145e-06 1.45182e-07 1.47874e-08 8.21192e-10 0 
0 0.000473061 0.00198569 0.00388771 0.00629896 0.00921406 0.0124826 0.0159236 0.0193436 0.0225656 0.0254041 0.0276012 0.0290098 0.0297022 0.0297849 0.0293011 0.0282368 0.0265734 0.0244001 0.0219275 0.0193365 0.0167395 0.0142304 0.0118901 0.00977871 0.00793464 0.00637777 0.00511369 0.00412305 0.00329937 0.00241126 0.00138854 0.000569809 0.000169116 3.90656e-05 7.4626e-06 1.20666e-06 1.61949e-07 1.64817e-08 9.14335e-10 0 
0 0.000476289 0.00199145 0.00389911 0.00632166 0.00925024 0.0125334 0.0159893 0.0194239 0.0226606 0.02551 0.0277042 0.0291018 0.0297849 0.0298624 0.0293775 0.0283151 0.026652 0.0244707 0.0219842 0.0193805 0.0167731 0.0142549 0.0119068 0.00978882 0.00793919 0.00637759 0.00510942 0.0041162 0.00329525 0.00241763 0.00140288 0.000580565 0.000173429 4.02271e-05 7.70364e-06 1.24763e-06 1.67643e-07 1.70775e-08 9.48236e-10 0 
0 0.000464881 0.00196126 0.00383982 0.00621482 0.00908555 0.0123036 0.0156905 0.0190545 0.0222182 0.0250067 0.0271874 0.0286037 0.0293011 0.0293775 0.0288766 0.0277894 0.0261132 0.0239558 0.0215206 0.0189718 0.0164177 0.0139514 0.0116528 0.00958036 0.00777157 0.00624564 0.00500777 0.00403823 0.00323114 0.00236023 0.00135949 0.000559024 0.000166488 3.86111e-05 7.40526e-06 1.20206e-06 1.6195e-07 1.65446e-08 9.21355e-10 0 
0 0.000440008 0.00189761 0.00371742 0.00599206 0.00874067 0.0118219 0.0150643 0.0182827 0.0212998 0.0239567 0.0260789 0.0275124 0.0282368 0.0283151 0.0277894 0.0266702 0.0250014 0.0229196 0.0205952 0.0181589 0.0157139 0.0133534 0.0111548 0.00917408 0.00744719 0.00599279 0.00481576 0.00389261 0.00310822 0.00224186 0.00126446 0.000510164 0.000150321 3.47499e-05 6.67301e-06 1.08698e-06 1.47115e-07 1.51057e-08 8.45737e-10 0 
0 0.00040325 0.00180283 0.00354274 0.00567325 0.00824552 0.0111296 0.0141643 0.0171753 0.0199911 0.0224604 0.0244509 0.0258431 0.0265734 0.026652 0.0261132 0.0250014 0.0234054 0.0214584 0.0192897 0.0170094 0.0147188 0.0125083 0.0104509 0.00859947 0.00698786 0.00563425 0.00454264 0.00368248 0.00292515 0.00206472 0.00112735 0.000442399 0.000128432 2.95744e-05 5.69353e-06 9.32771e-07 1.27167e-07 1.31625e-08 7.43107e-10 0 
0 0.000356702 0.0016786 0.00332813 0.00528254 0.00763621 0.0102765 0.0130547 0.0158107 0.0183853 0.0206347 0.0224424 0.0237181 0.0244001 0.0244707 0.0239558 0.0229196 0.0214584 0.0196818 0.0176958 0.0156032 0.0135007 0.0114726 0.00958643 0.00789111 0.00641859 0.00518649 0.00419665 0.00340749 0.00267784 0.0018336 0.000962474 0.000366546 0.000104986 2.41565e-05 4.67988e-06 7.74176e-07 1.06734e-07 1.11784e-08 6.38628e-10 0 
0 0.000303094 0.00152568 0.0030851 0.00484617 0.00695191 0.00931628 0.0118047 0.0142732 0.0165785 0.0185896 0.0201985 0.0213272 0.0219275 0.0219842 0.0215206 0.0205952 0.0192897 0.0176958 0.0159093 0.0140254 0.0121324 0.0103066 0.00860917 0.00708502 0.00576426 0.00466372 0.00378081 0.00306098 0.00236196 0.00156097 0.000789725 0.000294303 8.39584e-05 1.94663e-05 3.82161e-06 6.42017e-07 8.99295e-08 9.56584e-09 5.54641e-10 0 
0 0.000245842 0.00134452 0.00282122 0.00439011 0.00623199 0.00830251 0.0104832 0.0126468 0.0146672 0.016429 0.017836 0.0188185 0.0193365 0.0193805 0.0189718 0.0181589 0.0170094 0.0156032 0.0140254 0.0123604 0.0106861 0.00906978 0.00756594 0.00621548 0.00504659 0.00407422 0.00328948 0.00263163 0.00198158 0.00127224 0.000632794 0.000236304 6.84788e-05 1.62186e-05 3.25443e-06 5.58006e-07 7.96064e-08 8.60525e-09 5.05959e-10 0 
0 0.000188905 0.00113728 0.00253667 0.00393672 0.00551361 0.00728524 0.00915409 0.0110093 0.012742 0.0142527 0.0154584 0.0162989 0.0167395 0.0167731 0.0164177 0.0157139 0.0147188 0.0135007 0.0121324 0.0106861 0.00922831 0.00781702 0.00649966 0.00531285 0.00428226 0.00341981 0.00271441 0.00212055 0.00156432 0.00100459 0.000513507 0.000200094 6.04835e-05 1.48217e-05 3.05029e-06 5.32643e-07 7.69896e-08 8.39997e-09 4.9705e-10 0 
0 0.000136341 0.000910967 0.00222267 0.00349914 0.00482931 0.00630857 0.00787294 0.00942805 0.0108812 0.0121483 0.0131592 0.013863 0.0142304 0.0142549 0.0139514 0.0133534 0.0125083 0.0114726 0.0103066 0.00906978 0.00781702 0.00659636 0.00544787 0.00440392 0.00348956 0.00272038 0.00209641 0.00159605 0.00117717 0.000792726 0.000441676 0.000187946 6.05209e-05 1.53681e-05 3.21443e-06 5.64166e-07 8.14735e-08 8.85286e-09 5.20781e-10 0 
0 9.16038e-05 0.000679999 0.00186603 0.00307278 0.00420272 0.00540922 0.00668533 0.00795752 0.00914794 0.0101864 0.0110148 0.0115908 0.0118901 0.0119068 0.0116528 0.0111548 0.0104509 0.00958643 0.00860917 0.00756594 0.00649966 0.00544787 0.00444386 0.00352389 0.00273948 0.00214169 0.00171192 0.00135158 0.00100023 0.000682563 0.000411962 0.00019501 6.73933e-05 1.75658e-05 3.67156e-06 6.36487e-07 9.04317e-08 9.66033e-09 5.58954e-10 0 
0 5.68016e-05 0.000465144 0.00146353 0.00262874 0.00363782 0.00461371 0.00562644 0.00663874 0.00758883 0.00841884 0.00908116 0.00954113 0.00977871 0.00978882 0.00958036 0.00917408 0.00859947 0.00789111 0.00708502 0.00621548 0.00531285 0.00440392 0.00352389 0.00276141 0.00230157 0.00227847 0.00246522 0.0023439 0.00172177 0.000975119 0.000479684 0.00021887 7.85242e-05 2.06619e-05 4.24599e-06 7.17425e-07 9.92968e-08 1.03528e-08 5.86043e-10 0 
0 3.22639e-05 0.000287193 0.00104025 0.0021253 0.00310134 0.00392712 0.00471907 0.00550031 0.00623548 0.0068797 0.00739442 0.00775153 0.00793464 0.00793919 0.00777157 0.00744719 0.00698786 0.00641859 0.00576426 0.00504659 0.00428226 0.00348956 0.00273948 0.00230157 0.00270542 0.00426518 0.00615469 0.00657409 0.00484539 0.00246634 0.000911433 0.000296404 9.35657e-05 2.36603e-05 4.68177e-06 7.63706e-07 1.02592e-07 1.04273e-08 5.77432e-10 0 
0 1.66934e-05 0.000158298 0.000651205 0.00155216 0.00251982 0.00330653 0.00395908 0.00455521 0.00510596 0.00558834 0.00597439 0.00624198 0.00637777 0.00637759 0.00624564 0.00599279 0.00563425 0.00518649 0.00466372 0.00407422 0.00341981 0.00272038 0.00214169 0.00227847 0.00426518 0.00885302 0.0150686 0.0172353 0.0116144 0.0056913 0.00192665 0.000485589 0.000115791 2.5689e-05 4.73176e-06 7.37824e-07 9.62315e-08 9.56732e-09 5.20306e-10 0 
0 7.84129e-06 7.74667e-05 0.000352185 0.000976639 0.00183906 0.00264699 0.00327735 0.00377548 0.00419422 0.00454726 0.00482619 0.00501813 0.00511369 0.00510942 0.00500777 0.00481576 0.00454264 0.00419665 0.00378081 0.00328948 0.00271441 0.00209641 0.00171192 0.00246522 0.00615469 0.0150686 0.021949 0.0227208 0.0198205 0.00952514 0.00308818 0.000712574 0.00013771 2.55951e-05 4.25546e-06 6.29279e-07 7.99761e-08 7.83e-09 4.2097e-10 0 
0 3.33999e-06 3.36586e-05 0.000163567 0.00051283 0.00112799 0.00186666 0.00253017 0.00304123 0.00342185 0.00370813 0.00391842 0.00405699 0.00412305 0.0041162 0.00403823 0.00389261 0.00368248 0.00340749 0.00306098 0.00263163 0.00212055 0.00159605 0.00135158 0.0023439 0.00657409 0.0172353 0.0227208 0.0233567 0.0212923 0.0110983 0.00340117 0.000765319 0.000134805 2.18682e-05 3.29065e-06 4.63625e-07 5.79262e-08 5.63742e-09 3.02172e-10 0 
0 1.29079e-06 1.30365e-05 6.5619e-05 0.000223267 0.00055737 0.00106793 0.00165128 0.00218311 0.0026018 0.0029053 0.00311249 0.00324037 0.00329937 0.00329525 0.00323114 0.00310822 0.00292515 0.00267784 0.00236196 0.00198158 0.00156432 0.00117717 0.00100023 0.00172177 0.00484539 0.0116144 0.0198205 0.0212923 0.0163033 0.00765838 0.00251975 0.000566744 9.79771e-05 1.48718e-05 2.10775e-06 2.89959e-07 3.61826e-08 3.54086e-09 1.90999e-10 0 
0 4.53272e-07 4.52743e-06 2.30223e-05 8.17608e-05 0.000221438 0.00047554 0.000835535 0.00124438 0.00163188 0.0019511 0.00218535 0.00233623 0.00241126 0.00241763 0.00236023 0.00224186 0.00206472 0.0018336 0.00156097 0.00127224 0.00100459 0.000792726 0.000682563 0.000975119 0.00246634 0.0056913 0.00952514 0.0110983 0.00765838 0.00378284 0.0012518 0.000287764 5.10871e-05 7.70989e-06 1.09183e-06 1.52492e-07 1.93975e-08 1.93238e-09 1.05886e-10 0 
0 1.44847e-07 1.41791e-06 7.15897e-06 2.57699e-05 7.2651e-05 0.000166987 0.000320933 0.00052786 0.000761458 0.000987463 0.00117712 0.00131314 0.00138854 0.00140288 0.00135949 0.00126446 0.00112735 0.000962474 0.000789725 0.000632794 0.000513507 0.000441676 0.000411962 0.000479684 0.000911433 0.00192665 0.00308818 0.00340117 0.00251975 0.0012518 0.000422987 0.000102546 1.92243e-05 3.04474e-06 4.58404e-07 6.75827e-08 8.92984e-09 9.15625e-10 5.14022e-11 0 
0 4.21511e-08 4.02095e-07 1.99407e-06 7.13946e-06 2.03528e-05 4.81925e-05 9.71031e-05 0.000169582 0.000261113 0.000360442 0.000453144 0.000525979 0.000569809 0.000580565 0.000559024 0.000510164 0.000442399 0.000366546 0.000294303 0.000236304 0.000200094 0.000187946 0.00019501 0.00021887 0.000296404 0.000485589 0.000712574 0.000765319 0.000566744 0.000287764 0.000102546 2.67268e-05 5.42103e-06 9.53021e-07 1.60133e-07 2.55234e-08 3.54431e-09 3.77143e-10 2.18441e-11 0 
0 1.11572e-08 1.03391e-07 5.00553e-07 1.76325e-06 4.99589e-06 1.18936e-05 2.43731e-05 4.37131e-05 6.95528e-05 9.93888e-05 0.00012899 0.000153565 0.000169116 0.000173429 0.000166488 0.000150321 0.000128432 0.000104986 8.39584e-05 6.84788e-05 6.04835e-05 6.05209e-05 6.73933e-05 7.85242e-05 9.35657e-05 0.000115791 0.00013771 0.000134805 9.79771e-05 5.10871e-05 1.92243e-05 5.42103e-06 1.23813e-06 2.52366e-07 4.80953e-08 8.31369e-09 1.21815e-09 1.3522e-10 8.12289e-12 0 
0 2.67453e-09 2.40423e-08 1.13286e-07 3.90413e-07 1.08935e-06 2.57289e-06 5.27001e-06 9.51023e-06 1.53018e-05 2.21718e-05 2.91855e-05 3.51715e-05 3.90656e-05 4.02271e-05 3.86111e-05 3.47499e-05 2.95744e-05 2.41565e-05 1.94663e-05 1.62186e-05 1.48217e-05 1.53681e-05 1.75658e-05 2.06619e-05 2.36603e-05 2.5689e-05 2.55951e-05 2.18682e-05 1.48718e-05 7.70989e-06 3.04474e-06 9.53021e-07 2.52366e-07 5.9597e-08 1.26536e-08 2.34958e-09 3.63128e-10 4.21714e-11 2.63668e-12 0 
0 5.74824e-10 5.01147e-09 2.29573e-08 7.7207e-08 2.11214e-07 4.91654e-07 9.97728e-07 1.79247e-06 2.88265e-06 4.18661e-06 5.53225e-06 6.6948e-06 7.4626e-06 7.70364e-06 7.40526e-06 6.67301e-06 5.69353e-06 4.67988e-06 3.82161e-06 3.25443e-06 3.05029e-06 3.21443e-06 3.67156e-06 4.24599e-06 4.68177e-06 4.73176e-06 4.25546e-06 3.29065e-06 2.10775e-06 1.09183e-06 4.58404e-07 1.60133e-07 4.80953e-08 1.26536e-08 2.91023e-09 5.74454e-10 9.35027e-11 1.13743e-11 7.4165e-13 0 
0 1.08512e-10 9.18026e-10 4.08892e-09 1.34099e-08 3.59051e-08 8.21306e-08 1.64455e-07 2.92654e-07 4.67777e-07 6.771e-07 8.9357e-07 1.08145e-06 1.20666e-06 1.24763e-06 1.20206e-06 1.08698e-06 9.32771e-07 7.74176e-07 6.42017e-07 5.58006e-07 5.32643e-07 5.64166e-07 6.36487e-07 7.17425e-07 7.63706e-07 7.37824e-07 6.29279e-07 4.63625e-07 2.89959e-07 1.52492e-07 6.75827e-08 2.55234e-08 8.31369e-09 2.34958e-09 5.74454e-10 1.1973e-10 2.04879e-11 2.61045e-12 1.77635e-13 0 
0 1.72322e-11 1.41623e-10 6.13821e-10 1.96378e-09 5.14485e-09 1.15537e-08 2.27904e-08 4.00857e-08 6.35224e-08 9.1402e-08 1.20179e-07 1.45182e-07 1.61949e-07 1.67643e-07 1.6195e-07 1.47115e-07 1.27167e-07 1.06734e-07 8.99295e-08 7.96064e-08 7.69896e-08 8.14735e-08 9.04317e-08 9.92968e-08 1.02592e-07 9.62315e-08 7.99761e-08 5.79262e-08 3.61826e-08 1.93975e-08 8.92984e-09 3.54431e-09 1.21815e-09 3.63128e-10 9.35027e-11 2.04879e-11 3.67778e-12 4.90302e-13 3.48079e-14 0 
0 2.07754e-12 1.66095e-11 7.01397e-11 2.19111e-10 5.62001e-10 1.23919e-09 2.40722e-09 4.182e-09 6.56393e-09 9.37877e-09 1.22735e-08 1.47874e-08 1.64817e-08 1.70775e-08 1.65446e-08 1.51057e-08 1.31625e-08 1.11784e-08 9.56584e-09 8.60525e-09 8.39997e-09 8.85286e-09 9.66033e-09 1.03528e-08 1.04273e-08 9.56732e-09 7.83e-09 5.63742e-09 3.54086e-09 1.93238e-09 9.15625e-10 3.77143e-10 1.3522e-10 4.21714e-11 1.13743e-11 2.61045e-12 4.90302e-13 6.82714e-14 5.05128e-15 0 
0 1.35833e-13 1.05803e-12 4.35961e-12 1.33154e-11 3.34701e-11 7.25107e-11 1.38768e-10 2.38135e-10 3.70155e-10 5.25044e-10 6.83628e-10 8.21192e-10 9.14335e-10 9.48236e-10 9.21355e-10 8.45737e-10 7.43107e-10 6.38628e-10 5.54641e-10 5.05959e-10 4.9705e-10 5.20781e-10 5.58954e-10 5.86043e-10 5.77432e-10 5.20306e-10 4.2097e-10 3.02172e-10 1.90999e-10 1.05886e-10 5.14022e-11 2.18441e-11 8.12289e-12 2.63668e-12 7.4165e-13 1.77635e-13 3.48079e-14 5.05128e-15 3.88903e-16 0 
0 0 0 0 0 0 0 0 0 0 0 0 0 0 0 0 0 0 0 0 0 0 0 0 0 0 0 0 0 0 0 0 0 0 0 0 0 0 0 0 0 
