0 0 0 0 0 0 0 0 0 0 0 0 0 0 0 0 0 0 0 0 0 0 0 0 0 0 0 0 0 0 0 0 0 0 0 0 0 0 0 0 0 
0 1.92338e-07 1.68658e-06 7.19588e-06 2.06779e-05 4.46875e-05 7.77174e-05 0.000114838 0.000150721 0.000181795 0.000206503 0.000224612 0.000236477 0.000242601 0.000243439 0.000239345 0.000230576 0.000217334 0.000199837 0.000178437 0.000153773 0.000126908 9.93853e-05 7.30987e-05 4.99518e-05 3.13806e-05 1.79557e-05 9.29156e-06 4.32955e-06 1.81378e-06 6.83513e-07 2.3206e-07 7.10764e-08 1.96353e-08 4.87628e-09 1.0789e-09 2.08545e-10 3.376e-11 4.13389e-12 2.73702e-13 0 
0 1.68658e-06 1.49557e-05 6.12968e-05 0.000158852 0.000294134 0.000429257 0.000538159 0.00061802 0.000676381 0.000720081 0.000752449 0.00077437 0.00078582 0.000786846 0.000777976 0.000760245 0.000734938 0.000703153 0.000665231 0.000620245 0.000565888 0.000499277 0.000418984 0.000327748 0.000233925 0.000149399 8.41578e-05 4.15085e-05 1.79222e-05 6.80819e-06 2.29196e-06 6.88407e-07 1.85245e-07 4.46497e-08 9.57377e-09 1.7932e-09 2.8151e-10 3.34722e-11 2.15546e-12 0 
0 7.19588e-06 6.12968e-05 0.00022122 0.0004665 0.000691484 0.000851174 0.000972637 0.00108286 0.00118817 0.00128384 0.00136289 0.00141962 0.00145057 0.00145466 0.00143297 0.00138848 0.00132567 0.00125014 0.00116799 0.00108506 0.00100547 0.000929416 0.000850778 0.000756815 0.000633959 0.000480684 0.000317524 0.000177929 8.38077e-05 3.34019e-05 1.14389e-05 3.42185e-06 9.0524e-07 2.12978e-07 4.44243e-08 8.08533e-09 1.23367e-09 1.42718e-10 8.9549e-12 0 
0 2.06779e-05 0.000158852 0.0004665 0.000781045 0.0010051 0.00120072 0.0014098 0.00162821 0.00183905 0.0020266 0.0021786 0.00228647 0.00234527 0.00235372 0.00231394 0.00223103 0.0021124 0.00196712 0.00180523 0.00163713 0.00147319 0.00132305 0.00119367 0.0010846 0.000981168 0.00085301 0.000672704 0.00045189 0.000247437 0.000109225 3.95259e-05 1.20601e-05 3.18183e-06 7.37167e-07 1.50446e-07 2.67176e-08 3.97515e-09 4.48652e-10 2.74959e-11 0 
0 4.46875e-05 0.000294134 0.000691484 0.0010051 0.00128332 0.00160104 0.00195053 0.00230486 0.00263955 0.00293389 0.0031711 0.00333902 0.00343058 0.00344405 0.00338274 0.00325433 0.00306998 0.00284312 0.00258835 0.00232037 0.0020532 0.00179983 0.00157223 0.00138078 0.00122993 0.0011069 0.000970384 0.000768743 0.000504337 0.000258795 0.000103315 3.31231e-05 8.87627e-06 2.04768e-06 4.11831e-07 7.17266e-08 1.04472e-08 1.15411e-09 6.92798e-11 0 
0 7.77174e-05 0.000429257 0.000851174 0.00120072 0.00160104 0.00206851 0.00256935 0.00307013 0.00354037 0.00395278 0.00428469 0.0045195 0.00464756 0.0046665 0.00458093 0.00440156 0.0041438 0.00382616 0.00346864 0.0030912 0.00271245 0.0023489 0.00201465 0.00172197 0.00148173 0.00129943 0.00115961 0.00100638 0.000770282 0.000467419 0.00021297 7.39135e-05 2.05234e-05 4.7726e-06 9.5336e-07 1.63739e-07 2.34465e-08 2.54416e-09 1.50046e-10 0 
0 0.000114838 0.000538159 0.000972637 0.0014098 0.00195053 0.00256935 0.00322496 0.00387786 0.00448988 0.00502621 0.00545832 0.00576613 0.00593647 0.00596204 0.00584756 0.00561078 0.00527404 0.00486055 0.00439513 0.00390311 0.00340826 0.00293126 0.00248913 0.00209536 0.00176104 0.00149601 0.00130305 0.00115449 0.000970304 0.000681562 0.000358687 0.000137759 4.03541e-05 9.57196e-06 1.91371e-06 3.25875e-07 4.60698e-08 4.9276e-09 2.86398e-10 0 
0 0.000150721 0.00061802 0.00108286 0.00162821 0.00230486 0.00307013 0.00387786 0.00468116 0.00543386 0.00609663 0.00664837 0.00707535 0.00733089 0.00737212 0.00719982 0.00685716 0.00640824 0.00588864 0.00531433 0.00470866 0.00409899 0.00351026 0.00296275 0.0024718 0.00204864 0.00170243 0.00144093 0.00125786 0.00109738 0.000854634 0.000513329 0.000220021 6.88383e-05 1.68148e-05 3.38688e-06 5.74585e-07 8.05101e-08 8.51672e-09 4.89272e-10 0 
0 0.000181795 0.000676381 0.00118817 0.00183905 0.00263955 0.00354037 0.00448988 0.00543386 0.00632292 0.00714077 0.00788677 0.00843025 0.00870251 0.00874306 0.0085702 0.00816733 0.00755753 0.00687191 0.0061757 0.00546108 0.0047441 0.0040513 0.00340597 0.00282549 0.00232175 0.00190298 0.00157645 0.00134494 0.00117764 0.000974156 0.000650123 0.000309208 0.000103773 2.62518e-05 5.35238e-06 9.08139e-07 1.26539e-07 1.32787e-08 7.56076e-10 0 
0 0.000206503 0.000720081 0.00128384 0.0020266 0.00293389 0.00395278 0.00502621 0.00609663 0.00714077 0.00817014 0.00893758 0.00935024 0.00953929 0.00956629 0.00944446 0.00915228 0.00862232 0.00781731 0.00694828 0.00611943 0.00530665 0.00452305 0.0037926 0.00313451 0.00256149 0.0020813 0.00169975 0.00142181 0.00123257 0.00104993 0.000755346 0.000392366 0.000140702 3.69008e-05 7.63336e-06 1.29867e-06 1.80422e-07 1.88296e-08 1.06524e-09 0 
0 0.000224612 0.000752449 0.00136289 0.0021786 0.0031711 0.00428469 0.00545832 0.00664837 0.00788677 0.00893758 0.00952816 0.00984606 0.00999658 0.0100175 0.00991771 0.0096849 0.00927696 0.00859506 0.00762331 0.00665593 0.00575641 0.00489946 0.00410104 0.0033811 0.0027531 0.00222465 0.00180034 0.00148486 0.00127149 0.0010955 0.000827582 0.000459874 0.000174375 4.72461e-05 9.91441e-06 1.69349e-06 2.3502e-07 2.44449e-08 1.37695e-09 0 
0 0.000236477 0.00077437 0.00141962 0.00228647 0.00333902 0.0045195 0.00576613 0.00707535 0.00843025 0.00935024 0.00984606 0.0101227 0.0102558 0.0102736 0.0101834 0.00997627 0.00962183 0.00904557 0.00812796 0.00705141 0.00607199 0.00516157 0.00431551 0.00355236 0.00288606 0.00232415 0.00187047 0.00152887 0.0012964 0.00112032 0.000871156 0.000506822 0.000200248 5.56545e-05 1.18195e-05 2.0271e-06 2.81351e-07 2.92141e-08 1.6415e-09 0 
0 0.000242601 0.00078582 0.00145057 0.00234527 0.00343058 0.00464756 0.00593647 0.00733089 0.00870251 0.00953929 0.00999658 0.0102558 0.0103811 0.0103971 0.0103104 0.0101134 0.00978032 0.00924825 0.00838958 0.00727464 0.00623964 0.00529848 0.00442693 0.00364082 0.00295423 0.00237466 0.00190552 0.00155005 0.00130675 0.00112942 0.000891055 0.000531847 0.000215337 6.08094e-05 1.30182e-05 2.23989e-06 3.11126e-07 3.22936e-08 1.81291e-09 0 
0 0.000243439 0.000786846 0.00145466 0.00235372 0.00344405 0.0046665 0.00596204 0.00737212 0.00874306 0.00956629 0.0100175 0.0102736 0.0103971 0.0104121 0.0103249 0.0101283 0.00979697 0.00926979 0.00841935 0.00729837 0.00625307 0.00530764 0.00443315 0.00364458 0.00295593 0.00237459 0.00190381 0.00154664 0.00130184 0.00112498 0.000890755 0.000535424 0.00021839 6.2006e-05 1.3318e-05 2.29577e-06 3.19246e-07 3.31607e-08 1.86259e-09 0 
0 0.000239345 0.000777976 0.00143297 0.00231394 0.00338274 0.00458093 0.00584756 0.00719982 0.0085702 0.00944446 0.00991771 0.0101834 0.0103104 0.0103249 0.0102338 0.0100287 0.00968177 0.00912501 0.00823124 0.0071256 0.00611807 0.00519456 0.00433856 0.00356696 0.00289352 0.00232548 0.00186616 0.00151881 0.00128153 0.0011075 0.00087176 0.000518745 0.000209721 5.92587e-05 1.271e-05 2.19208e-06 3.05256e-07 3.17642e-08 1.7876e-09 0 
0 0.000230576 0.000760245 0.00138848 0.00223103 0.00325433 0.00440156 0.00561078 0.00685716 0.00816733 0.00915228 0.0096849 0.00997627 0.0101134 0.0101283 0.0100287 0.00980415 0.00941948 0.00878922 0.00782524 0.00679067 0.00585271 0.0049718 0.00415315 0.0034157 0.00277275 0.00223139 0.00179527 0.00146807 0.00124602 0.00107605 0.000833791 0.000483419 0.00019097 5.32392e-05 1.13599e-05 1.95845e-06 2.73249e-07 2.85184e-08 1.61042e-09 0 
0 0.000217334 0.000734938 0.00132567 0.0021124 0.00306998 0.0041438 0.00527404 0.00640824 0.00755753 0.00862232 0.00927696 0.00962183 0.00978032 0.00979697 0.00968177 0.00941948 0.00895946 0.00820483 0.00724927 0.00634144 0.00548056 0.00465712 0.0038911 0.00320176 0.00260174 0.00209803 0.00169486 0.00139634 0.00119485 0.00102782 0.000775347 0.000431854 0.000164895 4.50944e-05 9.55309e-06 1.64641e-06 2.30402e-07 2.41553e-08 1.37107e-09 0 
0 0.000199837 0.000703153 0.00125014 0.00196712 0.00284312 0.00382616 0.00486055 0.00588864 0.00687191 0.00781731 0.00859506 0.00904557 0.00924825 0.00926979 0.00912501 0.00878922 0.00820483 0.00741343 0.00660376 0.00581073 0.00502662 0.0042715 0.00356923 0.00293802 0.00238981 0.00193165 0.00156859 0.00130448 0.00112511 0.000957477 0.000694944 0.000368038 0.000135098 3.61894e-05 7.61644e-06 1.31423e-06 1.84825e-07 1.95044e-08 1.11506e-09 0 
0 0.000178437 0.000665231 0.00116799 0.00180523 0.00258835 0.00346864 0.00439513 0.00531433 0.0061757 0.00694828 0.00762331 0.00812796 0.00838958 0.00841935 0.00823124 0.00782524 0.00724927 0.00660376 0.00592522 0.00522203 0.00451714 0.00383737 0.00320537 0.0026379 0.00214627 0.00173783 0.00141839 0.00118995 0.00102928 0.00085759 0.000593518 0.000298241 0.000105579 2.78291e-05 5.84243e-06 1.01278e-06 1.43542e-07 1.52849e-08 8.81994e-10 0 
0 0.000153773 0.000620245 0.00108506 0.00163713 0.00232037 0.0030912 0.00390311 0.00470866 0.00546108 0.00611943 0.00665593 0.00705141 0.00727464 0.00729837 0.0071256 0.00679067 0.00634144 0.00581073 0.00522203 0.00460203 0.00397865 0.00337687 0.00281696 0.00231418 0.00187933 0.00152014 0.00124234 0.00104388 0.00089454 0.000722498 0.000477856 0.000230912 8.00771e-05 2.10196e-05 4.43605e-06 7.76202e-07 1.11193e-07 1.19685e-08 6.97781e-10 0 
0 0.000126908 0.000565888 0.00100547 0.00147319 0.0020532 0.00271245 0.00340826 0.00409899 0.0047441 0.00530665 0.00575641 0.00607199 0.00623964 0.00625307 0.00611807 0.00585271 0.00548056 0.00502662 0.00451714 0.00397865 0.00343589 0.00291044 0.00241997 0.00197822 0.00159549 0.00127933 0.0010336 0.000852886 0.000711231 0.000558121 0.000362653 0.000174994 6.13027e-05 1.63229e-05 3.49351e-06 6.18893e-07 8.96058e-08 9.7329e-09 5.7185e-10 0 
0 9.93853e-05 0.000499277 0.000929416 0.00132305 0.00179983 0.0023489 0.00293126 0.00351026 0.0040513 0.00452305 0.00489946 0.00516157 0.00529848 0.00530764 0.00519456 0.0049718 0.00465712 0.0042715 0.00383737 0.00337687 0.00291044 0.00245597 0.00202843 0.0016402 0.00130158 0.0010201 0.000797722 0.000629624 0.000503525 0.000392764 0.000265917 0.000136358 5.02622e-05 1.38159e-05 3.00713e-06 5.37037e-07 7.80255e-08 8.48441e-09 4.98379e-10 0 
0 7.30987e-05 0.000418984 0.000850778 0.00119367 0.00157223 0.00201465 0.00248913 0.00296275 0.00340597 0.0037926 0.00410104 0.00431551 0.00442693 0.00443315 0.00433856 0.00415315 0.0038911 0.00356923 0.00320537 0.00281696 0.00241997 0.00202843 0.00165494 0.0013133 0.00102243 0.000800498 0.000640902 0.000508523 0.00038409 0.000281695 0.000198808 0.000113874 4.58066e-05 1.31106e-05 2.88068e-06 5.12021e-07 7.36625e-08 7.92146e-09 4.60215e-10 0 
0 4.99518e-05 0.000327748 0.000756815 0.0010846 0.00138078 0.00172197 0.00209536 0.0024718 0.00282549 0.00313451 0.0033811 0.00355236 0.00364082 0.00364458 0.00356696 0.0034157 0.00320176 0.00293802 0.0026379 0.00231418 0.00197822 0.0016402 0.0013133 0.00102967 0.000857644 0.000848476 0.000917891 0.000872718 0.000641226 0.000364888 0.0001896 0.000103304 4.50229e-05 1.34248e-05 2.94628e-06 5.14332e-07 7.24047e-08 7.62506e-09 4.34672e-10 0 
0 3.13806e-05 0.000233925 0.000633959 0.000981168 0.00122993 0.00148173 0.00176104 0.00204864 0.00232175 0.00256149 0.0027531 0.00288606 0.00295423 0.00295593 0.00289352 0.00277275 0.00260174 0.00238981 0.00214627 0.00187933 0.00159549 0.00130158 0.00102243 0.000857644 0.00100731 0.00158802 0.00239819 0.00281793 0.00180514 0.000918276 0.000340154 0.000118249 4.59801e-05 1.38423e-05 2.99877e-06 5.09927e-07 6.98692e-08 7.18123e-09 4.00785e-10 0 
0 1.79557e-05 0.000149399 0.000480684 0.00085301 0.0011069 0.00129943 0.00149601 0.00170243 0.00190298 0.0020813 0.00222465 0.00232415 0.00237466 0.00237459 0.00232548 0.00223139 0.00209803 0.00193165 0.00173783 0.00152014 0.00127933 0.0010201 0.000800498 0.000848476 0.00158802 0.00345135 0.00619374 0.00653438 0.00502078 0.00211999 0.000717351 0.000182695 5.00194e-05 1.37298e-05 2.8642e-06 4.71523e-07 6.29097e-08 6.32591e-09 3.46624e-10 0 
0 9.29156e-06 8.41578e-05 0.000317524 0.000672704 0.000970384 0.00115961 0.00130305 0.00144093 0.00157645 0.00169975 0.00180034 0.00187047 0.00190552 0.00190381 0.00186616 0.00179527 0.00169486 0.00156859 0.00141839 0.00124234 0.0010336 0.000797722 0.000640902 0.000917891 0.00239819 0.00619374 0.00712924 0.00724833 0.00679233 0.00423722 0.00114981 0.000265797 5.54106e-05 1.27141e-05 2.46706e-06 3.90952e-07 5.10033e-08 5.04998e-09 2.73378e-10 0 
0 4.32955e-06 4.15085e-05 0.000177929 0.00045189 0.000768743 0.00100638 0.00115449 0.00125786 0.00134494 0.00142181 0.00148486 0.00152887 0.00155005 0.00154664 0.00151881 0.00146807 0.00139634 0.00130448 0.00118995 0.00104388 0.000852886 0.000629624 0.000508523 0.000872718 0.00281793 0.00653438 0.00724833 0.00734389 0.00697807 0.0050422 0.00126778 0.000285222 5.30286e-05 1.04148e-05 1.85305e-06 2.82935e-07 3.63873e-08 3.5801e-09 1.93071e-10 0 
0 1.81378e-06 1.79222e-05 8.38077e-05 0.000247437 0.000504337 0.000770282 0.000970304 0.00109738 0.00117764 0.00123257 0.00127149 0.0012964 0.00130675 0.00130184 0.00128153 0.00124602 0.00119485 0.00112511 0.00102928 0.00089454 0.000711231 0.000503525 0.00038409 0.000641226 0.00180514 0.00502078 0.00679233 0.00697807 0.0064162 0.0030675 0.000938156 0.000211435 3.87929e-05 7.03717e-06 1.17424e-06 1.75402e-07 2.25291e-08 2.22689e-09 1.20755e-10 0 
0 6.83513e-07 6.80819e-06 3.34019e-05 0.000109225 0.000258795 0.000467419 0.000681562 0.000854634 0.000974156 0.00104993 0.0010955 0.00112032 0.00112942 0.00112498 0.0011075 0.00107605 0.00102782 0.000957477 0.00085759 0.000722498 0.000558121 0.000392764 0.000281695 0.000364888 0.000918276 0.00211999 0.00423722 0.0050422 0.0030675 0.00140843 0.000466108 0.000108128 2.09143e-05 3.74179e-06 6.13341e-07 9.21836e-08 1.20234e-08 1.20786e-09 6.6476e-11 0 
0 2.3206e-07 2.29196e-06 1.14389e-05 3.95259e-05 0.000103315 0.00021297 0.000358687 0.000513329 0.000650123 0.000755346 0.000827582 0.000871156 0.000891055 0.000890755 0.00087176 0.000833791 0.000775347 0.000694944 0.000593518 0.000477856 0.000362653 0.000265917 0.000198808 0.0001896 0.000340154 0.000717351 0.00114981 0.00126778 0.000938156 0.000466108 0.000158039 3.98094e-05 8.39738e-06 1.55354e-06 2.63367e-07 4.1053e-08 5.52503e-09 5.70106e-10 3.21186e-11 0 
0 7.10764e-08 6.88407e-07 3.42185e-06 1.20601e-05 3.31231e-05 7.39135e-05 0.000137759 0.000220021 0.000309208 0.000392366 0.000459874 0.000506822 0.000531847 0.000535424 0.000518745 0.000483419 0.000431854 0.000368038 0.000298241 0.000230912 0.000174994 0.000136358 0.000113874 0.000103304 0.000118249 0.000182695 0.000265797 0.000285222 0.000211435 0.000108128 3.98094e-05 1.12858e-05 2.59795e-06 5.18135e-07 9.45483e-08 1.56053e-08 2.1918e-09 2.34248e-10 1.36055e-11 0 
0 1.96353e-08 1.85245e-07 9.0524e-07 3.18183e-06 8.87627e-06 2.05234e-05 4.03541e-05 6.88383e-05 0.000103773 0.000140702 0.000174375 0.000200248 0.000215337 0.00021839 0.000209721 0.00019097 0.000164895 0.000135098 0.000105579 8.00771e-05 6.13027e-05 5.02622e-05 4.58066e-05 4.50229e-05 4.59801e-05 5.00194e-05 5.54106e-05 5.30286e-05 3.87929e-05 2.09143e-05 8.39738e-06 2.59795e-06 6.57437e-07 1.45601e-07 2.90417e-08 5.10942e-09 7.53231e-10 8.38558e-11 5.04832e-12 0 
0 4.87628e-09 4.46497e-08 2.12978e-07 7.37167e-07 2.04768e-06 4.7726e-06 9.57196e-06 1.68148e-05 2.62518e-05 3.69008e-05 4.72461e-05 5.56545e-05 6.08094e-05 6.2006e-05 5.92587e-05 5.32392e-05 4.50944e-05 3.61894e-05 2.78291e-05 2.10196e-05 1.63229e-05 1.38159e-05 1.31106e-05 1.34248e-05 1.38423e-05 1.37298e-05 1.27141e-05 1.04148e-05 7.03717e-06 3.74179e-06 1.55354e-06 5.18135e-07 1.45601e-07 3.57803e-08 7.74315e-09 1.44837e-09 2.24537e-10 2.61273e-11 1.63632e-12 0 
0 1.0789e-09 9.57377e-09 4.44243e-08 1.50446e-07 4.11831e-07 9.5336e-07 1.91371e-06 3.38688e-06 5.35238e-06 7.63336e-06 9.91441e-06 1.18195e-05 1.30182e-05 1.3318e-05 1.271e-05 1.13599e-05 9.55309e-06 7.61644e-06 5.84243e-06 4.43605e-06 3.49351e-06 3.00713e-06 2.88068e-06 2.94628e-06 2.99877e-06 2.8642e-06 2.46706e-06 1.85305e-06 1.17424e-06 6.13341e-07 2.63367e-07 9.45483e-08 2.90417e-08 7.74315e-09 1.79189e-09 3.54672e-10 5.78224e-11 7.04336e-12 4.59852e-13 0 
0 2.08545e-10 1.7932e-09 8.08533e-09 2.67176e-08 7.17266e-08 1.63739e-07 3.25875e-07 5.74585e-07 9.08139e-07 1.29867e-06 1.69349e-06 2.0271e-06 2.23989e-06 2.29577e-06 2.19208e-06 1.95845e-06 1.64641e-06 1.31423e-06 1.01278e-06 7.76202e-07 6.18893e-07 5.37037e-07 5.12021e-07 5.14332e-07 5.09927e-07 4.71523e-07 3.90952e-07 2.82935e-07 1.75402e-07 9.21836e-08 4.1053e-08 1.56053e-08 5.10942e-09 1.44837e-09 3.54672e-10 7.39954e-11 1.26731e-11 1.6162e-12 1.10085e-13 0 
0 3.376e-11 2.8151e-10 1.23367e-09 3.97515e-09 1.04472e-08 2.34465e-08 4.60698e-08 8.05101e-08 1.26539e-07 1.80422e-07 2.3502e-07 2.81351e-07 3.11126e-07 3.19246e-07 3.05256e-07 2.73249e-07 2.30402e-07 1.84825e-07 1.43542e-07 1.11193e-07 8.96058e-08 7.80255e-08 7.36625e-08 7.24047e-08 6.98692e-08 6.29097e-08 5.10033e-08 3.63873e-08 2.25291e-08 1.20234e-08 5.52503e-09 2.1918e-09 7.53231e-10 2.24537e-10 5.78224e-11 1.26731e-11 2.27591e-12 3.03584e-13 2.1567e-14 0 
0 4.13389e-12 3.34722e-11 1.42718e-10 4.48652e-10 1.15411e-09 2.54416e-09 4.9276e-09 8.51672e-09 1.32787e-08 1.88296e-08 2.44449e-08 2.92141e-08 3.22936e-08 3.31607e-08 3.17642e-08 2.85184e-08 2.41553e-08 1.95044e-08 1.52849e-08 1.19685e-08 9.7329e-09 8.48441e-09 7.92146e-09 7.62506e-09 7.18123e-09 6.32591e-09 5.04998e-09 3.5801e-09 2.22689e-09 1.20786e-09 5.70106e-10 2.34248e-10 8.38558e-11 2.61273e-11 7.04336e-12 1.6162e-12 3.03584e-13 4.2284e-14 3.12988e-15 0 
0 2.73702e-13 2.15546e-12 8.9549e-12 2.74959e-11 6.92798e-11 1.50046e-10 2.86398e-10 4.89272e-10 7.56076e-10 1.06524e-09 1.37695e-09 1.6415e-09 1.81291e-09 1.86259e-09 1.7876e-09 1.61042e-09 1.37107e-09 1.11506e-09 8.81994e-10 6.97781e-10 5.7185e-10 4.98379e-10 4.60215e-10 4.34672e-10 4.00785e-10 3.46624e-10 2.73378e-10 1.93071e-10 1.20755e-10 6.6476e-11 3.21186e-11 1.36055e-11 5.04832e-12 1.63632e-12 4.59852e-13 1.10085e-13 2.1567e-14 3.12988e-15 2.41023e-16 0 
0 0 0 0 0 0 0 0 0 0 0 0 0 0 0 0 0 0 0 0 0 0 0 0 0 0 0 0 0 0 0 0 0 0 0 0 0 0 0 0 0 
