0 0 0 0 0 0 0 0 0 0 0 0 0 0 0 0 0 0 0 0 0 0 0 0 0 0 0 0 0 0 0 0 0 0 0 0 0 0 0 0 0 
0 1.98311e-07 1.74717e-06 7.52353e-06 2.19179e-05 4.81689e-05 8.52678e-05 0.000128115 0.000170598 0.000208209 0.000238669 0.000261318 0.000276324 0.000284149 0.000285282 0.000280149 0.00026911 0.000252497 0.00023071 0.000204346 0.000174366 0.000142227 0.00010989 7.96134e-05 5.35174e-05 3.30443e-05 1.85787e-05 9.45058e-06 4.33332e-06 1.78906e-06 6.65595e-07 2.23499e-07 6.78203e-08 1.85912e-08 4.58766e-09 1.00977e-09 1.94362e-10 3.13573e-11 3.82922e-12 2.52975e-13 0 
0 1.74717e-06 1.56164e-05 6.50491e-05 0.000172672 0.000328761 0.000492712 0.000631285 0.00073654 0.000814693 0.000873147 0.000916062 0.000944885 0.000959903 0.000961366 0.000949996 0.000927025 0.000893912 0.000851831 0.000801053 0.000740462 0.000667646 0.000580094 0.000477687 0.000365504 0.000254583 0.000158512 8.70972e-05 4.19852e-05 1.77699e-05 6.639e-06 2.20519e-06 6.55335e-07 1.74877e-07 4.18757e-08 8.93322e-09 1.66658e-09 2.60822e-10 3.09378e-11 1.98851e-12 0 
0 7.52353e-06 6.50491e-05 0.000241542 0.000528759 0.000811641 0.00102368 0.00118539 0.0013277 0.00146038 0.00157947 0.00167735 0.00174743 0.00178564 0.00179069 0.00176394 0.00170903 0.00163142 0.00153783 0.00143549 0.00133101 0.00122856 0.00112731 0.0010191 0.000889447 0.000726027 0.000533438 0.000340504 0.000184528 8.43862e-05 3.28354e-05 1.10406e-05 3.25824e-06 8.53482e-07 1.99358e-07 4.13635e-08 7.49889e-09 1.14088e-09 1.31697e-10 8.24989e-12 0 
0 2.19179e-05 0.000172672 0.000528759 0.000923624 0.00122028 0.00147301 0.00173444 0.00200437 0.00226419 0.00249515 0.00268232 0.00281513 0.00288752 0.00289793 0.00284896 0.00274687 0.00260081 0.00242193 0.00222254 0.0020154 0.00181299 0.00162645 0.00146276 0.00131883 0.0011745 0.000994854 0.000756864 0.00048765 0.000256272 0.000109239 3.84958e-05 1.15279e-05 3.00289e-06 6.89728e-07 1.39936e-07 2.47499e-08 3.67188e-09 4.13582e-10 2.53095e-11 0 
0 4.81689e-05 0.000328761 0.000811641 0.00122028 0.00157625 0.00197069 0.00240146 0.00283777 0.00324985 0.00361224 0.00390431 0.00411104 0.00422378 0.00424036 0.00416487 0.00400678 0.0037798 0.00350049 0.00318681 0.00285687 0.0025279 0.00221582 0.00193498 0.00169682 0.0015037 0.00133529 0.00114014 0.000867784 0.000542636 0.000265823 0.000102227 3.19207e-05 8.40757e-06 1.91835e-06 3.83124e-07 6.64243e-08 9.64595e-09 1.06345e-09 6.37493e-11 0 
0 8.52678e-05 0.000492712 0.00102368 0.00147301 0.00197069 0.00254674 0.00316342 0.00377998 0.00435895 0.00486671 0.00527537 0.00556445 0.0057221 0.00574541 0.00564008 0.00541925 0.0051019 0.00471082 0.00427064 0.00380592 0.00333961 0.00289199 0.00248041 0.00211972 0.0018221 0.00159068 0.00139997 0.00117954 0.000862388 0.000496133 0.000215395 7.21219e-05 1.95629e-05 4.48446e-06 8.88073e-07 1.51719e-07 2.16535e-08 2.34464e-09 1.38087e-10 0 
0 0.000128115 0.000631285 0.00118539 0.00173444 0.00240146 0.00316342 0.00397062 0.00477447 0.00552799 0.00618828 0.00671977 0.0070969 0.00730391 0.00733466 0.00719585 0.00690673 0.0064932 0.00598435 0.00541134 0.00480556 0.00419629 0.00360901 0.00306465 0.00257979 0.00216785 0.00183943 0.00159306 0.0013865 0.00112309 0.000747972 0.000372146 0.000136567 3.87993e-05 9.03424e-06 1.78679e-06 3.02344e-07 4.25821e-08 4.544e-09 2.63714e-10 0 
0 0.000170598 0.00073654 0.0013277 0.00200437 0.00283777 0.00377998 0.00477447 0.0057635 0.00669008 0.00750369 0.00816931 0.0086637 0.00895088 0.00899589 0.00880149 0.00841138 0.00788141 0.00724888 0.00654298 0.00579736 0.00504672 0.00432188 0.00364778 0.00304331 0.00252226 0.00209544 0.00176991 0.0015305 0.00130039 0.000965473 0.000546483 0.000222 6.68666e-05 1.59584e-05 3.17195e-06 5.34082e-07 7.45095e-08 7.86154e-09 4.50906e-10 0 
0 0.000208209 0.000814693 0.00146038 0.00226419 0.00324985 0.00435895 0.00552799 0.00669008 0.0077813 0.00876088 0.00961513 0.0102622 0.0106106 0.0106631 0.0104364 0.00993899 0.00923735 0.00844429 0.00760158 0.00672364 0.005841 0.00498801 0.00419347 0.00347878 0.00285856 0.00234281 0.00193938 0.00164663 0.0014162 0.0011253 0.000708256 0.000317499 0.000101894 2.50666e-05 5.0302e-06 8.45971e-07 1.1729e-07 1.22724e-08 6.97538e-10 0 
0 0.000238669 0.000873147 0.00157947 0.00249515 0.00361224 0.00486671 0.00618828 0.00750369 0.00876088 0.00995144 0.0109258 0.0115066 0.0117759 0.0118139 0.0116398 0.0112251 0.0105091 0.00954717 0.00853822 0.00753268 0.00653355 0.00556883 0.00466951 0.00385925 0.00315374 0.00256247 0.00209211 0.00174558 0.00149498 0.001232 0.000838414 0.000409253 0.000139583 3.54473e-05 7.19937e-06 1.21255e-06 1.67516e-07 1.74264e-08 9.83941e-10 0 
0 0.000261318 0.000916062 0.00167735 0.00268232 0.00390431 0.00527537 0.00671977 0.00816931 0.00961513 0.0109258 0.0117618 0.0122135 0.0124257 0.0124546 0.0123133 0.0119838 0.0114064 0.0104833 0.00932619 0.00818555 0.00708676 0.00603227 0.00504926 0.00416286 0.00338966 0.002739 0.0022163 0.00182522 0.00154952 0.00129875 0.000931401 0.000485797 0.000174524 4.56299e-05 9.38146e-06 1.58467e-06 2.18572e-07 2.26548e-08 1.27344e-09 0 
0 0.000276324 0.000944885 0.00174743 0.00281513 0.00411104 0.00556445 0.0070969 0.0086637 0.0102622 0.0115066 0.0122135 0.0126038 0.0127899 0.0128141 0.0126872 0.012396 0.011896 0.0110879 0.00991483 0.00865488 0.00747365 0.00635493 0.00531331 0.00437371 0.00355335 0.00286152 0.00230277 0.00188036 0.00158385 0.00133646 0.00098954 0.000540306 0.000201773 5.39822e-05 1.1215e-05 1.90053e-06 2.62065e-07 2.71111e-08 1.51998e-09 0 
0 0.000284149 0.000959903 0.00178564 0.00288752 0.00422378 0.0057221 0.00730391 0.00895088 0.0106106 0.0117759 0.0124257 0.0127899 0.0129643 0.012986 0.0128644 0.0125885 0.0121202 0.0113712 0.0102339 0.0089129 0.00767787 0.00652341 0.00545049 0.00448262 0.00363729 0.00292371 0.00234597 0.00190684 0.00159837 0.00135162 0.00101733 0.000570062 0.000217905 5.91559e-05 1.23779e-05 2.10341e-06 2.902e-07 3.00073e-08 1.68076e-09 0 
0 0.000285282 0.000961366 0.00179069 0.00289793 0.00424036 0.00574541 0.00733466 0.00899589 0.0106631 0.0118139 0.0124546 0.0128141 0.012986 0.0130062 0.0128842 0.012609 0.0121435 0.0114015 0.0102697 0.00893821 0.00769383 0.00653466 0.00545815 0.00448725 0.00363938 0.00292362 0.00234388 0.00190274 0.00159278 0.00134739 0.00101847 0.000574928 0.000221377 6.04115e-05 1.26802e-05 2.15866e-06 2.98151e-07 3.08524e-08 1.72909e-09 0 
0 0.000280149 0.000949996 0.00176394 0.00284896 0.00416487 0.00564008 0.00719585 0.00880149 0.0104364 0.0116398 0.0123133 0.0126872 0.0128644 0.0128842 0.0127563 0.0124689 0.0119808 0.0111988 0.0100343 0.00873653 0.00752928 0.00639551 0.00534169 0.00439169 0.00356254 0.00286315 0.0022975 0.00186831 0.00156712 0.0013247 0.000994886 0.000556162 0.00021246 5.77494e-05 1.2111e-05 2.06348e-06 2.85463e-07 2.95965e-08 1.66212e-09 0 
0 0.00026911 0.000927025 0.00170903 0.00274687 0.00400678 0.00541925 0.00690673 0.00841138 0.00993899 0.0112251 0.0119838 0.012396 0.0125885 0.012609 0.0124689 0.012153 0.0116106 0.0107382 0.00954996 0.00834279 0.0072046 0.00612132 0.00511341 0.00420545 0.00341384 0.00274731 0.00221016 0.00180538 0.00152162 0.00128268 0.000946883 0.000516021 0.000192994 5.18539e-05 1.08316e-05 1.84603e-06 2.55983e-07 2.66271e-08 1.50084e-09 0 
0 0.000252497 0.000893912 0.00163142 0.00260081 0.0037798 0.0051019 0.0064932 0.00788141 0.00923735 0.0105091 0.0114064 0.011896 0.0121202 0.0121435 0.0119808 0.0116106 0.0109668 0.0099955 0.0088853 0.00780247 0.00674744 0.0057339 0.00479077 0.00394205 0.00320329 0.0025831 0.0020864 0.00171616 0.00145552 0.0012183 0.000873872 0.000458041 0.000166088 4.38971e-05 9.12015e-06 1.55547e-06 2.16481e-07 2.26307e-08 1.28266e-09 0 
0 0.00023071 0.000851831 0.00153783 0.00242193 0.00350049 0.00471082 0.00598435 0.00724888 0.00844429 0.00954717 0.0104833 0.0110879 0.0113712 0.0114015 0.0111988 0.0107382 0.0099955 0.0090768 0.0081214 0.00715338 0.00618881 0.00525913 0.00439448 0.00361733 0.00294236 0.00237823 0.00193063 0.00160147 0.00136519 0.00112613 0.00077599 0.000387666 0.000135713 3.52606e-05 7.29456e-06 1.24735e-06 1.74614e-07 1.83866e-08 1.05024e-09 0 
0 0.000204346 0.000801053 0.00143549 0.00222254 0.00318681 0.00427064 0.00541134 0.00654298 0.00760158 0.00853822 0.00932619 0.00991483 0.0102339 0.0102697 0.0100343 0.00954996 0.0088853 0.0081214 0.00729403 0.00642937 0.00556156 0.00472462 0.00394649 0.00324782 0.00264251 0.00213951 0.0017451 0.00145801 0.00124202 0.000999536 0.000656788 0.000312634 0.00010612 2.72445e-05 5.63742e-06 9.70072e-07 1.37017e-07 1.45709e-08 8.40664e-10 0 
0 0.000174366 0.000740462 0.00133101 0.0020154 0.00285687 0.00380592 0.00480556 0.00579736 0.00672364 0.00753268 0.00818555 0.00865488 0.0089129 0.00893821 0.00873653 0.00834279 0.00780247 0.00715338 0.00642937 0.00566607 0.00489856 0.00415764 0.00346827 0.00284925 0.00231383 0.00187127 0.00152729 0.00127533 0.00107283 0.000835734 0.000526347 0.00024243 8.11139e-05 2.08316e-05 4.34548e-06 7.56136e-07 1.08076e-07 1.16274e-08 6.78193e-10 0 
0 0.000142227 0.000667646 0.00122856 0.00181299 0.0025279 0.00333961 0.00419629 0.00504672 0.005841 0.00653355 0.00708676 0.00747365 0.00767787 0.00769383 0.00752928 0.0072046 0.00674744 0.00618881 0.00556156 0.00489856 0.00423031 0.00358337 0.0029795 0.0024356 0.00196428 0.00157438 0.00126922 0.00103937 0.000850578 0.00064563 0.000401968 0.000186226 6.33145e-05 1.65577e-05 3.51064e-06 6.19254e-07 8.95146e-08 9.72084e-09 5.71392e-10 0 
0 0.00010989 0.000580094 0.00112731 0.00162645 0.00221582 0.00289199 0.00360901 0.00432188 0.00498801 0.00556883 0.00603227 0.00635493 0.00652341 0.00653466 0.00639551 0.00612132 0.0057339 0.00525913 0.00472462 0.00415764 0.00358337 0.00302382 0.00249743 0.00201938 0.00160225 0.00125495 0.000979442 0.000768901 0.000606892 0.000461528 0.000301618 0.000149288 5.35734e-05 1.4485e-05 3.12494e-06 5.55645e-07 8.05672e-08 8.75344e-09 5.14023e-10 0 
0 7.96134e-05 0.000477687 0.0010191 0.00146276 0.00193498 0.00248041 0.00306465 0.00364778 0.00419347 0.00466951 0.00504926 0.00531331 0.00545049 0.00545815 0.00534169 0.00511341 0.00479077 0.00439448 0.00394649 0.00346827 0.0029795 0.00249743 0.00203754 0.00161681 0.00125851 0.000985136 0.000788544 0.000625211 0.00047071 0.000340995 0.000233972 0.000129385 5.05792e-05 1.42162e-05 3.09221e-06 5.4667e-07 7.84165e-08 8.41792e-09 4.88469e-10 0 
0 5.35174e-05 0.000365504 0.000889447 0.00131883 0.00169682 0.00211972 0.00257979 0.00304331 0.00347878 0.00385925 0.00416286 0.00437371 0.00448262 0.00448725 0.00439169 0.00420545 0.00394205 0.00361733 0.00324782 0.00284925 0.0024356 0.00201938 0.00161681 0.00126754 0.00105585 0.00104464 0.00113012 0.0010745 0.00078946 0.000448929 0.000231088 0.000121897 5.12753e-05 1.49437e-05 3.23937e-06 5.61856e-07 7.88113e-08 8.28086e-09 4.71263e-10 0 
0 3.30443e-05 0.000254583 0.000726027 0.0011745 0.0015037 0.0018221 0.00216785 0.00252226 0.00285856 0.00315374 0.00338966 0.00355335 0.00363729 0.00363938 0.00356254 0.00341384 0.00320329 0.00294236 0.00264251 0.00231383 0.00196428 0.00160225 0.00125851 0.00105585 0.00124021 0.00195519 0.00288905 0.00332341 0.0022215 0.00113059 0.000418658 0.000143826 5.38222e-05 1.57076e-05 3.34875e-06 5.65103e-07 7.71276e-08 7.90844e-09 4.40601e-10 0 
0 1.85787e-05 0.000158512 0.000533438 0.000994854 0.00133529 0.00159068 0.00183943 0.00209544 0.00234281 0.00256247 0.002739 0.00286152 0.00292371 0.00292362 0.00286315 0.00274731 0.0025831 0.00237823 0.00213951 0.00187127 0.00157438 0.00125495 0.000985136 0.00104464 0.00195519 0.00415687 0.0075847 0.00814625 0.00599814 0.00260923 0.000883209 0.000224549 5.99214e-05 1.58272e-05 3.2319e-06 5.27093e-07 7.00304e-08 7.02587e-09 3.84359e-10 0 
0 9.45058e-06 8.70972e-05 0.000340504 0.000756864 0.00114014 0.00139997 0.00159306 0.00176991 0.00193938 0.00209211 0.0022163 0.00230277 0.00234597 0.00234388 0.0022975 0.00221016 0.0020864 0.00193063 0.0017451 0.00152729 0.00126922 0.000979442 0.000788544 0.00113012 0.00288905 0.0075847 0.00897305 0.00914989 0.00853475 0.00504487 0.00141564 0.00032716 6.72511e-05 1.48416e-05 2.80463e-06 4.39375e-07 5.7061e-08 5.63762e-09 3.04758e-10 0 
0 4.33332e-06 4.19852e-05 0.000184528 0.00048765 0.000867784 0.00117954 0.0013865 0.0015305 0.00164663 0.00174558 0.00182522 0.00188036 0.00190684 0.00190274 0.00186831 0.00180538 0.00171616 0.00160147 0.00145801 0.00127533 0.00103937 0.000768901 0.000625211 0.0010745 0.00332341 0.00814625 0.00914989 0.00928362 0.00878204 0.00602806 0.00155957 0.000351118 6.46268e-05 1.22455e-05 2.11684e-06 3.19021e-07 4.08314e-08 4.00933e-09 2.15955e-10 0 
0 1.78906e-06 1.77699e-05 8.43862e-05 0.000256272 0.000542636 0.000862388 0.00112309 0.00130039 0.0014162 0.00149498 0.00154952 0.00158385 0.00159837 0.00159278 0.00156712 0.00152162 0.00145552 0.00136519 0.00124202 0.00107283 0.000850578 0.000606892 0.00047071 0.00078946 0.0022215 0.00599814 0.00853475 0.00878204 0.00795941 0.00367501 0.00115507 0.000260238 4.72124e-05 8.28184e-06 1.34376e-06 1.98095e-07 2.53251e-08 2.4988e-09 1.3536e-10 0 
0 6.65595e-07 6.639e-06 3.28354e-05 0.000109239 0.000265823 0.000496133 0.000747972 0.000965473 0.0011253 0.001232 0.00129875 0.00133646 0.00135162 0.00134739 0.0013247 0.00128268 0.0012183 0.00112613 0.000999536 0.000835734 0.00064563 0.000461528 0.000340995 0.000448929 0.00113059 0.00260923 0.00504487 0.00602806 0.00367501 0.00173408 0.000573872 0.000132915 2.52864e-05 4.38301e-06 7.0095e-07 1.04138e-07 1.35283e-08 1.35703e-09 7.46222e-11 0 
0 2.23499e-07 2.20519e-06 1.10406e-05 3.84958e-05 0.000102227 0.000215395 0.000372146 0.000546483 0.000708256 0.000838414 0.000931401 0.00098954 0.00101733 0.00101847 0.000994886 0.000946883 0.000873872 0.00077599 0.000656788 0.000526347 0.000401968 0.000301618 0.000233972 0.000231088 0.000418658 0.000883209 0.00141564 0.00155957 0.00115507 0.000573872 0.000194466 4.86293e-05 1.00266e-05 1.80386e-06 2.99924e-07 4.63478e-08 6.21932e-09 6.41025e-10 3.60891e-11 0 
0 6.78203e-08 6.55335e-07 3.25824e-06 1.15279e-05 3.19207e-05 7.21219e-05 0.000136567 0.000222 0.000317499 0.000409253 0.000485797 0.000540306 0.000570062 0.000574928 0.000556162 0.000516021 0.000458041 0.000387666 0.000312634 0.00024243 0.000186226 0.000149288 0.000129385 0.000121897 0.000143826 0.000224549 0.00032716 0.000351118 0.000260238 0.000132915 4.86293e-05 1.3562e-05 3.04952e-06 5.95292e-07 1.07222e-07 1.7602e-08 2.46768e-09 2.63522e-10 1.52973e-11 0 
0 1.85912e-08 1.74877e-07 8.53482e-07 3.00289e-06 8.40757e-06 1.95629e-05 3.87993e-05 6.68666e-05 0.000101894 0.000139583 0.000174524 0.000201773 0.000217905 0.000221377 0.00021246 0.000192994 0.000166088 0.000135713 0.00010612 8.11139e-05 6.33145e-05 5.35734e-05 5.05792e-05 5.12753e-05 5.38222e-05 5.99214e-05 6.72511e-05 6.46268e-05 4.72124e-05 2.52864e-05 1.00266e-05 3.04952e-06 7.5826e-07 1.65716e-07 3.28233e-08 5.7589e-09 8.48102e-10 9.43657e-11 5.67858e-12 0 
0 4.58766e-09 4.18757e-08 1.99358e-07 6.89728e-07 1.91835e-06 4.48446e-06 9.03424e-06 1.59584e-05 2.50666e-05 3.54473e-05 4.56299e-05 5.39822e-05 5.91559e-05 6.04115e-05 5.77494e-05 5.18539e-05 4.38971e-05 3.52606e-05 2.72445e-05 2.08316e-05 1.65577e-05 1.4485e-05 1.42162e-05 1.49437e-05 1.57076e-05 1.58272e-05 1.48416e-05 1.22455e-05 8.28184e-06 4.38301e-06 1.80386e-06 5.95292e-07 1.65716e-07 4.0476e-08 8.7338e-09 1.63174e-09 2.52826e-10 2.94078e-11 1.84115e-12 0 
0 1.00977e-09 8.93322e-09 4.13635e-08 1.39936e-07 3.83124e-07 8.88073e-07 1.78679e-06 3.17195e-06 5.0302e-06 7.19937e-06 9.38146e-06 1.1215e-05 1.23779e-05 1.26802e-05 1.2111e-05 1.08316e-05 9.12015e-06 7.29456e-06 5.63742e-06 4.34548e-06 3.51064e-06 3.12494e-06 3.09221e-06 3.23937e-06 3.34875e-06 3.2319e-06 2.80463e-06 2.11684e-06 1.34376e-06 7.0095e-07 2.99924e-07 1.07222e-07 3.28233e-08 8.7338e-09 2.01919e-09 3.99475e-10 6.51067e-11 7.92855e-12 5.1751e-13 0 
0 1.94362e-10 1.66658e-09 7.49889e-09 2.47499e-08 6.64243e-08 1.51719e-07 3.02344e-07 5.34082e-07 8.45971e-07 1.21255e-06 1.58467e-06 1.90053e-06 2.10341e-06 2.15866e-06 2.06348e-06 1.84603e-06 1.55547e-06 1.24735e-06 9.70072e-07 7.56136e-07 6.19254e-07 5.55645e-07 5.4667e-07 5.61856e-07 5.65103e-07 5.27093e-07 4.39375e-07 3.19021e-07 1.98095e-07 1.04138e-07 4.63478e-08 1.7602e-08 5.7589e-09 1.63174e-09 3.99475e-10 8.33275e-11 1.42689e-11 1.81938e-12 1.239e-13 0 
0 3.13573e-11 2.60822e-10 1.14088e-09 3.67188e-09 9.64595e-09 2.16535e-08 4.25821e-08 7.45095e-08 1.1729e-07 1.67516e-07 2.18572e-07 2.62065e-07 2.902e-07 2.98151e-07 2.85463e-07 2.55983e-07 2.16481e-07 1.74614e-07 1.37017e-07 1.08076e-07 8.95146e-08 8.05672e-08 7.84165e-08 7.88113e-08 7.71276e-08 7.00304e-08 5.7061e-08 4.08314e-08 2.53251e-08 1.35283e-08 6.21932e-09 2.46768e-09 8.48102e-10 2.52826e-10 6.51067e-11 1.42689e-11 2.56228e-12 3.41745e-13 2.42747e-14 0 
0 3.82922e-12 3.09378e-11 1.31697e-10 4.13582e-10 1.06345e-09 2.34464e-09 4.544e-09 7.86154e-09 1.22724e-08 1.74264e-08 2.26548e-08 2.71111e-08 3.00073e-08 3.08524e-08 2.95965e-08 2.66271e-08 2.26307e-08 1.83866e-08 1.45709e-08 1.16274e-08 9.72084e-09 8.75344e-09 8.41792e-09 8.28086e-09 7.90844e-09 7.02587e-09 5.63762e-09 4.00933e-09 2.4988e-09 1.35703e-09 6.41025e-10 2.63522e-10 9.43657e-11 2.94078e-11 7.92855e-12 1.81938e-12 3.41745e-13 4.75965e-14 3.5228e-15 0 
0 2.52975e-13 1.98851e-12 8.24989e-12 2.53095e-11 6.37493e-11 1.38087e-10 2.63714e-10 4.50906e-10 6.97538e-10 9.83941e-10 1.27344e-09 1.51998e-09 1.68076e-09 1.72909e-09 1.66212e-09 1.50084e-09 1.28266e-09 1.05024e-09 8.40664e-10 6.78193e-10 5.71392e-10 5.14023e-10 4.88469e-10 4.71263e-10 4.40601e-10 3.84359e-10 3.04758e-10 2.15955e-10 1.3536e-10 7.46222e-11 3.60891e-11 1.52973e-11 5.67858e-12 1.84115e-12 5.1751e-13 1.239e-13 2.42747e-14 3.5228e-15 2.7127e-16 0 
0 0 0 0 0 0 0 0 0 0 0 0 0 0 0 0 0 0 0 0 0 0 0 0 0 0 0 0 0 0 0 0 0 0 0 0 0 0 0 0 0 
