0 0 0 0 0 0 0 0 0 0 0 0 0 0 0 0 0 0 0 0 0 0 0 0 0 0 0 0 0 0 0 0 0 0 0 0 0 0 0 0 0 
0 2.00148e-07 1.76842e-06 7.65801e-06 2.24977e-05 4.99562e-05 8.94066e-05 0.000135737 0.000182392 0.000224257 0.000258539 0.000284251 0.000301401 0.000310397 0.00031174 0.000305901 0.000293315 0.000274418 0.000249747 0.000220085 0.000186629 0.000151111 0.000115769 8.30833e-05 5.52803e-05 3.37682e-05 1.87808e-05 9.45321e-06 4.29201e-06 1.7563e-06 6.48321e-07 2.16243e-07 6.52483e-08 1.78021e-08 4.37586e-09 9.60097e-10 1.84324e-10 2.96759e-11 3.61781e-12 2.38686e-13 0 
0 1.76842e-06 1.58827e-05 6.68134e-05 0.000179983 0.000348636 0.000531227 0.000689992 0.000813146 0.000905526 0.000974666 0.00102522 0.00105903 0.00107662 0.00107842 0.00106528 0.00103856 0.000999836 0.000950313 0.000890222 0.000818366 0.000732373 0.000630181 0.000512773 0.000386938 0.000265431 0.000162679 8.80264e-05 4.18425e-05 1.74958e-05 6.47113e-06 2.13206e-06 6.29534e-07 1.67142e-07 3.98648e-08 8.4778e-09 1.57777e-09 2.46455e-10 2.91902e-11 1.874e-12 0 
0 7.65801e-06 6.68134e-05 0.000252444 0.000565527 0.000887284 0.00113653 0.00132743 0.00149272 0.0016446 0.00177988 0.00189067 0.00196987 0.00201303 0.00201874 0.00198854 0.00192652 0.00183879 0.00173282 0.0016165 0.0014969 0.00137809 0.00125843 0.00112844 0.000972913 0.000781188 0.000562701 0.0003516 0.000186658 8.38385e-05 3.21533e-05 1.06927e-05 3.13001e-06 8.15032e-07 1.89549e-07 3.92023e-08 7.09015e-09 1.07678e-09 1.24132e-10 7.76812e-12 0 
0 2.24977e-05 0.000179983 0.000565527 0.00101442 0.00136303 0.00165667 0.0019545 0.00225966 0.0025528 0.00281326 0.0030243 0.00317404 0.00325567 0.0032674 0.00321219 0.00309708 0.00293239 0.00273069 0.00250584 0.00227215 0.00204348 0.00183183 0.0016439 0.00147449 0.0012997 0.00108256 0.000804982 0.000505295 0.00025892 0.000108055 3.7477e-05 1.10981e-05 2.869e-06 6.55575e-07 1.32535e-07 2.3383e-08 3.46303e-09 3.89573e-10 2.38185e-11 0 
0 4.99562e-05 0.000348636 0.000887284 0.00136303 0.00177424 0.0022215 0.00270759 0.00319957 0.00366419 0.00407279 0.00440209 0.00463519 0.0047623 0.004781 0.00469588 0.00451763 0.00426171 0.00394679 0.00359312 0.00322111 0.00285017 0.00249819 0.00218103 0.0019106 0.00168721 0.00148493 0.0012463 0.000924623 0.000561067 0.000267144 0.000100447 3.08751e-05 8.04917e-06 1.8246e-06 3.62876e-07 6.27419e-08 9.09465e-09 1.00144e-09 5.99805e-11 0 
0 8.94066e-05 0.000531227 0.00113653 0.00165667 0.0022215 0.00287142 0.00356674 0.00426192 0.0049147 0.0054872 0.00594796 0.0062739 0.00645164 0.00647792 0.00635916 0.00611019 0.00575237 0.00531143 0.00481513 0.00429117 0.0037654 0.00326071 0.00279661 0.00238964 0.00205261 0.00178628 0.00155757 0.00128716 0.000913928 0.000508598 0.000214409 7.02677e-05 1.87973e-05 4.27255e-06 8.4176e-07 1.43351e-07 2.04185e-08 2.20807e-09 1.29932e-10 0 
0 0.000135737 0.000689992 0.00132743 0.0019545 0.00270759 0.00356674 0.00447686 0.0053832 0.00623279 0.00697724 0.0075763 0.00800078 0.00823314 0.00826755 0.00811185 0.00778678 0.00732097 0.00674733 0.00610127 0.00541826 0.0047313 0.00406914 0.00345538 0.00290868 0.00244393 0.00207193 0.00178736 0.00153717 0.00121558 0.000782697 0.000376167 0.000134306 3.74695e-05 8.62961e-06 1.69588e-06 2.85883e-07 4.01725e-08 4.28086e-09 2.48219e-10 0 
0 0.000182392 0.000813146 0.00149272 0.00225966 0.00319957 0.00426192 0.0053832 0.00649833 0.00754298 0.00845936 0.00920437 0.00974853 0.0100589 0.0101067 0.0098967 0.00947118 0.00888282 0.00817256 0.00737716 0.00653651 0.00569017 0.0048729 0.00411286 0.00343132 0.00284379 0.00236208 0.00199219 0.00171161 0.00142902 0.00102883 0.000561131 0.000220633 6.49645e-05 1.52931e-05 3.01598e-06 5.05554e-07 7.03462e-08 7.41065e-09 4.24629e-10 0 
0 0.000224257 0.000905526 0.0016446 0.0025528 0.00366419 0.0049147 0.00623279 0.00754298 0.00877194 0.00986545 0.0107967 0.0115016 0.0118918 0.011951 0.0116935 0.011145 0.0103861 0.00951417 0.00856993 0.00758084 0.00658571 0.00562397 0.00472812 0.00392231 0.00322301 0.00264137 0.00218535 0.00184925 0.00157142 0.00121631 0.000737686 0.000318889 9.9631e-05 2.41079e-05 4.79269e-06 8.01826e-07 1.1084e-07 1.15772e-08 6.57315e-10 0 
0 0.000258539 0.000974666 0.00177988 0.00281326 0.00407279 0.0054872 0.00697724 0.00845936 0.00986545 0.0111673 0.0122571 0.0129507 0.0132801 0.0133264 0.0131126 0.0126103 0.0117825 0.0107301 0.00962 0.00849241 0.00736654 0.00627884 0.00526485 0.00435129 0.00355583 0.00288914 0.00235831 0.00196414 0.00166832 0.0013452 0.000883529 0.000414982 0.000137322 3.42133e-05 6.87392e-06 1.15086e-06 1.58464e-07 1.6453e-08 9.27881e-10 0 
0 0.000284251 0.00102522 0.00189067 0.0030243 0.00440209 0.00594796 0.0075763 0.00920437 0.0107967 0.0122571 0.0132642 0.0138202 0.0140808 0.0141159 0.0139421 0.0135373 0.0128324 0.011759 0.0104892 0.00922531 0.00799006 0.00680136 0.00569302 0.00469361 0.00382183 0.0030882 0.00249861 0.00205553 0.00173471 0.00142763 0.000990152 0.000496452 0.000172612 4.4183e-05 8.975e-06 1.50604e-06 2.06971e-07 2.14076e-08 1.20181e-09 0 
0 0.000301401 0.00105903 0.00196987 0.00317404 0.00463519 0.0062739 0.00800078 0.00974853 0.0115016 0.0129507 0.0138202 0.0142997 0.0145273 0.0145566 0.014401 0.0140441 0.0134313 0.0124568 0.011131 0.00974703 0.00842558 0.00716514 0.00599074 0.00493135 0.00400639 0.00322634 0.00259621 0.00211846 0.00177618 0.0014751 0.00105817 0.000555288 0.000200379 5.24059e-05 1.0747e-05 1.80839e-06 2.48394e-07 2.564e-08 1.43559e-09 0 
0 0.000310397 0.00107662 0.00201303 0.00325567 0.0047623 0.00645164 0.00823314 0.0100589 0.0118918 0.0132801 0.0140808 0.0145273 0.0147402 0.0147663 0.0146175 0.0142799 0.0137064 0.0127956 0.0114825 0.0100302 0.00865493 0.00735507 0.00614541 0.00505414 0.00410103 0.00329647 0.00264496 0.00214864 0.00179391 0.00149499 0.00109148 0.000587856 0.000216967 5.75318e-05 1.18765e-05 2.00344e-06 2.75302e-07 2.84021e-08 1.5887e-09 0 
0 0.00031174 0.00107842 0.00201874 0.0032674 0.004781 0.00647792 0.00826755 0.0101067 0.011951 0.0133264 0.0141159 0.0145566 0.0147663 0.0147906 0.0146413 0.0143048 0.013735 0.012832 0.0115212 0.0100569 0.00867269 0.00736775 0.00615404 0.00505936 0.00410338 0.00329637 0.00264261 0.00214409 0.00178796 0.00149112 0.00109375 0.000593565 0.000220668 5.88099e-05 1.21772e-05 2.05778e-06 2.83078e-07 2.92265e-08 1.63579e-09 0 
0 0.000305901 0.00106528 0.00198854 0.00321219 0.00469588 0.00635916 0.00811185 0.0098967 0.0116935 0.0131126 0.0139421 0.014401 0.0146175 0.0146413 0.0144848 0.0141331 0.0135356 0.0125882 0.0112583 0.00983477 0.00848784 0.00721087 0.00602274 0.00495162 0.00401675 0.00322819 0.00259031 0.00210514 0.00175856 0.00146478 0.00106721 0.000573687 0.00021172 5.62323e-05 1.16373e-05 1.96856e-06 2.71274e-07 2.80647e-08 1.57413e-09 0 
0 0.000293315 0.00103856 0.00192652 0.00309708 0.00451763 0.00611019 0.00778678 0.00947118 0.011145 0.0126103 0.0135373 0.0140441 0.0142799 0.0143048 0.0141331 0.0137461 0.0130831 0.0120468 0.0107274 0.00939897 0.00812261 0.00690176 0.00576535 0.00474164 0.0038491 0.00309757 0.00249177 0.00203382 0.00170593 0.00141519 0.00101261 0.000530901 0.000192066 5.04821e-05 1.04135e-05 1.76282e-06 2.43557e-07 2.52847e-08 1.42364e-09 0 
0 0.000274418 0.000999836 0.00183879 0.00293239 0.00426171 0.00575237 0.00732097 0.00888282 0.0103861 0.0117825 0.0128324 0.0134313 0.0137064 0.013735 0.0135356 0.0130831 0.0123106 0.0112144 0.0100013 0.00879508 0.0076076 0.00646495 0.00540158 0.00444465 0.0036117 0.00291242 0.00235213 0.00193252 0.00162913 0.0013393 0.000930178 0.000469481 0.000164993 4.27319e-05 8.77687e-06 1.48778e-06 2.06396e-07 2.15407e-08 1.21989e-09 0 
0 0.000249747 0.000950313 0.00173282 0.00273069 0.00394679 0.00531143 0.00674733 0.00817256 0.00951417 0.0107301 0.011759 0.0124568 0.0127956 0.012832 0.0125882 0.0120468 0.0112144 0.0102126 0.00915296 0.00806506 0.00697785 0.00592965 0.00495476 0.00407853 0.0033175 0.0026814 0.00217625 0.001802 0.00152408 0.00123189 0.000821329 0.000395785 0.00013465 3.43572e-05 7.03645e-06 1.1969e-06 1.67112e-07 1.75755e-08 1.00349e-09 0 
0 0.000220085 0.000890222 0.0016165 0.00250584 0.00359312 0.00481513 0.00610127 0.00737716 0.00856993 0.00962 0.0104892 0.011131 0.0114825 0.0115212 0.0112583 0.0107274 0.0100013 0.00915296 0.00822351 0.00724907 0.00627064 0.005327 0.00444966 0.00366191 0.00297941 0.00241217 0.00196659 0.00163843 0.00138167 0.0010873 0.000691509 0.000318406 0.000105391 2.66408e-05 5.46633e-06 9.36697e-07 1.32056e-07 1.40347e-08 8.09783e-10 0 
0 0.000186629 0.000818366 0.0014969 0.00227215 0.00322111 0.00429117 0.00541826 0.00653651 0.00758084 0.00849241 0.00922531 0.00974703 0.0100302 0.0100569 0.00983477 0.00939897 0.00879508 0.00806506 0.00724907 0.00638848 0.00552311 0.00468773 0.00391047 0.00321252 0.0026088 0.00210957 0.00172021 0.00143044 0.00118891 0.000905102 0.000552932 0.000247351 8.10152e-05 2.05426e-05 4.25684e-06 7.38455e-07 1.05433e-07 1.13422e-08 6.61866e-10 0 
0 0.000151111 0.000732373 0.00137809 0.00204348 0.00285017 0.0037654 0.0047313 0.00569017 0.00658571 0.00736654 0.00799006 0.00842558 0.00865493 0.00867269 0.00848784 0.00812261 0.0076076 0.00697785 0.00627064 0.00552311 0.00476967 0.00404024 0.00335937 0.00274612 0.00221462 0.00177452 0.00142848 0.00116397 0.000941175 0.000699669 0.000424313 0.000191808 6.40684e-05 1.65809e-05 3.49704e-06 6.15437e-07 8.88986e-08 9.65459e-09 5.67744e-10 0 
0 0.000115769 0.000630181 0.00125843 0.00183183 0.00249819 0.00326071 0.00406914 0.0048729 0.00562397 0.00627884 0.00680136 0.00716514 0.00735507 0.00736775 0.00721087 0.00690176 0.00646495 0.00592965 0.005327 0.00468773 0.00404024 0.00340935 0.00281584 0.0022768 0.00180631 0.00141417 0.00110228 0.000862348 0.000675068 0.000505391 0.000323237 0.000156615 5.53153e-05 1.48124e-05 3.1794e-06 5.63968e-07 8.16899e-08 8.8722e-09 5.20963e-10 0 
0 8.30833e-05 0.000512773 0.00112844 0.0016439 0.00218103 0.00279661 0.00345538 0.00411286 0.00472812 0.00526485 0.00569302 0.00599074 0.00614541 0.00615404 0.00602274 0.00576535 0.00540158 0.00495476 0.00444966 0.00391047 0.00335937 0.00281584 0.00229729 0.00182283 0.00141871 0.0011104 0.000888671 0.000704266 0.000529155 0.000380432 0.000256592 0.000138903 5.33724e-05 1.48398e-05 3.20873e-06 5.65517e-07 8.09869e-08 8.68564e-09 5.03687e-10 0 
0 5.52803e-05 0.000386938 0.000972913 0.00147449 0.0019106 0.00238964 0.00290868 0.00343132 0.00392231 0.00435129 0.00469361 0.00493135 0.00505414 0.00505936 0.00495162 0.00474164 0.00444465 0.00407853 0.00366191 0.00321252 0.00274612 0.0022768 0.00182283 0.001429 0.00119039 0.00117781 0.0012742 0.00121149 0.000890095 0.00050593 0.000258928 0.000133929 5.51339e-05 1.58465e-05 3.40963e-06 5.89137e-07 8.24671e-08 8.65388e-09 4.92035e-10 0 
0 3.37682e-05 0.000265431 0.000781188 0.0012997 0.00168721 0.00205261 0.00244393 0.00284379 0.00322301 0.00355583 0.00382183 0.00400639 0.00410103 0.00410338 0.00401675 0.0038491 0.0036117 0.0033175 0.00297941 0.0026088 0.00221462 0.00180631 0.00141871 0.00119039 0.00139833 0.00220447 0.00322784 0.00365718 0.0025045 0.00127474 0.00047193 0.000160962 5.88529e-05 1.68514e-05 3.55739e-06 5.97544e-07 8.13676e-08 8.33183e-09 4.63733e-10 0 
0 1.87808e-05 0.000162679 0.000562701 0.00108256 0.00148493 0.00178628 0.00207193 0.00236208 0.00264137 0.00288914 0.0030882 0.00322634 0.00329647 0.00329637 0.00322819 0.00309757 0.00291242 0.0026814 0.00241217 0.00210957 0.00177452 0.00141417 0.0011104 0.00117781 0.00220447 0.00464368 0.00849151 0.00923507 0.00663233 0.00294169 0.000995814 0.000252908 6.64542e-05 1.71453e-05 3.45487e-06 5.60202e-07 7.42417e-08 7.43842e-09 4.06554e-10 0 
0 9.45321e-06 8.80264e-05 0.0003516 0.000804982 0.0012463 0.00155757 0.00178736 0.00199219 0.00218535 0.00235831 0.00249861 0.00259621 0.00264496 0.00264261 0.00259031 0.00249177 0.00235213 0.00217625 0.00196659 0.00172021 0.00142848 0.00110228 0.000888671 0.0012742 0.00322784 0.00849151 0.0102605 0.0104826 0.00974649 0.00556617 0.00159613 0.000368806 7.51736e-05 1.62034e-05 3.01196e-06 4.68469e-07 6.06694e-08 5.98646e-09 3.2335e-10 0 
0 4.29201e-06 4.18425e-05 0.000186658 0.000505295 0.000924623 0.00128716 0.00153717 0.00171161 0.00184925 0.00196414 0.00205553 0.00211846 0.00214864 0.00214409 0.00210514 0.00203382 0.00193252 0.001802 0.00163843 0.00143044 0.00116397 0.000862348 0.000704266 0.00121149 0.00365718 0.00923507 0.0104826 0.0106476 0.0100423 0.00666187 0.00175809 0.000395847 7.24211e-05 1.34292e-05 2.28022e-06 3.40817e-07 4.34902e-08 4.26524e-09 2.29575e-10 0 
0 1.7563e-06 1.74958e-05 8.38385e-05 0.00025892 0.000561067 0.000913928 0.00121558 0.00142902 0.00157142 0.00166832 0.00173471 0.00177618 0.00179391 0.00178796 0.00175856 0.00170593 0.00162913 0.00152408 0.00138167 0.00118891 0.000941175 0.000675068 0.000529155 0.000890095 0.0025045 0.00663233 0.00974649 0.0100423 0.00898303 0.00408607 0.00130234 0.000293359 5.28643e-05 9.0879e-06 1.44907e-06 2.11837e-07 2.7002e-08 2.66137e-09 1.44078e-10 0 
0 6.48321e-07 6.47113e-06 3.21533e-05 0.000108055 0.000267144 0.000508598 0.000782697 0.00102883 0.00121631 0.0013452 0.00142763 0.0014751 0.00149499 0.00149112 0.00146478 0.00141519 0.0013393 0.00123189 0.0010873 0.000905102 0.000699669 0.000505391 0.000380432 0.00050593 0.00127474 0.00294169 0.00556617 0.00666187 0.00408607 0.00195517 0.000647034 0.000149714 2.82034e-05 4.79594e-06 7.5524e-07 1.11377e-07 1.4432e-08 1.44637e-09 7.94948e-11 0 
0 2.16243e-07 2.13206e-06 1.06927e-05 3.7477e-05 0.000100447 0.000214409 0.000376167 0.000561131 0.000737686 0.000883529 0.000990152 0.00105817 0.00109148 0.00109375 0.00106721 0.00101261 0.000930178 0.000821329 0.000691509 0.000552932 0.000424313 0.000323237 0.000256592 0.000258928 0.00047193 0.000995814 0.00159613 0.00175809 0.00130234 0.000647034 0.00021918 5.45718e-05 1.11e-05 1.96312e-06 3.22423e-07 4.95484e-08 6.63642e-09 6.83546e-10 3.84671e-11 0 
0 6.52483e-08 6.29534e-07 3.13001e-06 1.10981e-05 3.08751e-05 7.02677e-05 0.000134306 0.000220633 0.000318889 0.000414982 0.000496452 0.000555288 0.000587856 0.000593565 0.000573687 0.000530901 0.000469481 0.000395785 0.000318406 0.000247351 0.000191808 0.000156615 0.000138903 0.000133929 0.000160962 0.000252908 0.000368806 0.000395847 0.000293359 0.000149714 5.45718e-05 1.50719e-05 3.3412e-06 6.43556e-07 1.14955e-07 1.88061e-08 2.63342e-09 2.81085e-10 1.63116e-11 0 
0 1.78021e-08 1.67142e-07 8.15032e-07 2.869e-06 8.04917e-06 1.87973e-05 3.74695e-05 6.49645e-05 9.9631e-05 0.000137322 0.000172612 0.000200379 0.000216967 0.000220668 0.00021172 0.000192066 0.000164993 0.00013465 0.000105391 8.10152e-05 6.40684e-05 5.53153e-05 5.33724e-05 5.51339e-05 5.88529e-05 6.64542e-05 7.51736e-05 7.24211e-05 5.28643e-05 2.82034e-05 1.11e-05 3.3412e-06 8.21741e-07 1.78079e-07 3.51133e-08 6.14987e-09 9.05098e-10 1.00674e-10 6.05666e-12 0 
0 4.37586e-09 3.98648e-08 1.89549e-07 6.55575e-07 1.8246e-06 4.27255e-06 8.62961e-06 1.52931e-05 2.41079e-05 3.42133e-05 4.4183e-05 5.24059e-05 5.75318e-05 5.88099e-05 5.62323e-05 5.04821e-05 4.27319e-05 3.43572e-05 2.66408e-05 2.05426e-05 1.65809e-05 1.48124e-05 1.48398e-05 1.58465e-05 1.68514e-05 1.71453e-05 1.62034e-05 1.34292e-05 9.0879e-06 4.79594e-06 1.96312e-06 6.43556e-07 1.78079e-07 4.33249e-08 9.33099e-09 1.74201e-09 2.6982e-10 3.13774e-11 1.96407e-12 0 
0 9.60097e-10 8.4778e-09 3.92023e-08 1.32535e-07 3.62876e-07 8.4176e-07 1.69588e-06 3.01598e-06 4.79269e-06 6.87392e-06 8.975e-06 1.0747e-05 1.18765e-05 1.21772e-05 1.16373e-05 1.04135e-05 8.77687e-06 7.03645e-06 5.46633e-06 4.25684e-06 3.49704e-06 3.1794e-06 3.20873e-06 3.40963e-06 3.55739e-06 3.45487e-06 3.01196e-06 2.28022e-06 1.44907e-06 7.5524e-07 3.22423e-07 1.14955e-07 3.51133e-08 9.33099e-09 2.15592e-09 4.26402e-10 6.94826e-11 8.4601e-12 5.5212e-13 0 
0 1.84324e-10 1.57777e-09 7.09015e-09 2.3383e-08 6.27419e-08 1.43351e-07 2.85883e-07 5.05554e-07 8.01826e-07 1.15086e-06 1.50604e-06 1.80839e-06 2.00344e-06 2.05778e-06 1.96856e-06 1.76282e-06 1.48778e-06 1.1969e-06 9.36697e-07 7.38455e-07 6.15437e-07 5.63968e-07 5.65517e-07 5.89137e-07 5.97544e-07 5.60202e-07 4.68469e-07 3.40817e-07 2.11837e-07 1.11377e-07 4.95484e-08 1.88061e-08 6.14987e-09 1.74201e-09 4.26402e-10 8.89346e-11 1.52275e-11 1.9414e-12 1.32195e-13 0 
0 2.96759e-11 2.46455e-10 1.07678e-09 3.46303e-09 9.09465e-09 2.04185e-08 4.01725e-08 7.03462e-08 1.1084e-07 1.58464e-07 2.06971e-07 2.48394e-07 2.75302e-07 2.83078e-07 2.71274e-07 2.43557e-07 2.06396e-07 1.67112e-07 1.32056e-07 1.05433e-07 8.88986e-08 8.16899e-08 8.09869e-08 8.24671e-08 8.13676e-08 7.42417e-08 6.06694e-08 4.34902e-08 2.7002e-08 1.4432e-08 6.63642e-09 2.63342e-09 9.05098e-10 2.6982e-10 6.94826e-11 1.52275e-11 2.73428e-12 3.64661e-13 2.59003e-14 0 
0 3.61781e-12 2.91902e-11 1.24132e-10 3.89573e-10 1.00144e-09 2.20807e-09 4.28086e-09 7.41065e-09 1.15772e-08 1.6453e-08 2.14076e-08 2.564e-08 2.84021e-08 2.92265e-08 2.80647e-08 2.52847e-08 2.15407e-08 1.75755e-08 1.40347e-08 1.13422e-08 9.65459e-09 8.8722e-09 8.68564e-09 8.65388e-09 8.33183e-09 7.43842e-09 5.98646e-09 4.26524e-09 2.66137e-09 1.44637e-09 6.83546e-10 2.81085e-10 1.00674e-10 3.13774e-11 8.4601e-12 1.9414e-12 3.64661e-13 5.07864e-14 3.75871e-15 0 
0 2.38686e-13 1.874e-12 7.76812e-12 2.38185e-11 5.99805e-11 1.29932e-10 2.48219e-10 4.24629e-10 6.57315e-10 9.27881e-10 1.20181e-09 1.43559e-09 1.5887e-09 1.63579e-09 1.57413e-09 1.42364e-09 1.21989e-09 1.00349e-09 8.09783e-10 6.61866e-10 5.67744e-10 5.20963e-10 5.03687e-10 4.92035e-10 4.63733e-10 4.06554e-10 3.2335e-10 2.29575e-10 1.44078e-10 7.94948e-11 3.84671e-11 1.63116e-11 6.05666e-12 1.96407e-12 5.5212e-13 1.32195e-13 2.59003e-14 3.75871e-15 2.89428e-16 0 
0 0 0 0 0 0 0 0 0 0 0 0 0 0 0 0 0 0 0 0 0 0 0 0 0 0 0 0 0 0 0 0 0 0 0 0 0 0 0 0 0 
