0 0 0 0 0 0 0 0 0 0 0 0 0 0 0 0 0 0 0 0 0 0 0 0 0 0 0 0 0 0 0 0 0 0 0 0 0 0 0 0 0 
0 1.19741e-08 1.12332e-07 5.49044e-07 1.94866e-06 5.55407e-06 1.32847e-05 2.73279e-05 4.91749e-05 7.84866e-05 0.000112491 0.000146387 0.000174608 0.00019236 0.000196822 0.000187701 0.000167107 0.000138882 0.000107606 7.75565e-05 5.18617e-05 3.20923e-05 1.83377e-05 9.66156e-06 4.69083e-06 2.09919e-06 8.6667e-07 3.30575e-07 1.16683e-07 3.81716e-08 1.15872e-08 3.26494e-09 8.53162e-10 2.06132e-10 4.57596e-11 9.22299e-12 1.65041e-12 2.50717e-13 2.91361e-14 1.84786e-15 0 
0 1.12332e-07 1.09818e-06 5.57718e-06 2.04432e-05 5.96465e-05 0.00014446 0.000297425 0.000530029 0.000831285 0.00116621 0.0014858 0.00174166 0.00189752 0.00193482 0.00185334 0.00166915 0.00141108 0.00111574 0.000821139 0.000559492 0.000351181 0.000202275 0.000106666 5.14661e-05 2.27412e-05 9.22075e-06 3.43959e-06 1.18369e-06 3.76774e-07 1.11148e-07 3.04201e-08 7.72131e-09 1.81292e-09 3.91406e-10 7.68007e-11 1.33947e-11 1.98572e-12 2.25482e-13 1.39912e-14 0 
0 5.49044e-07 5.57718e-06 2.92789e-05 0.000109821 0.000323013 0.000774223 0.00154794 0.00263784 0.00392258 0.00521545 0.00633959 0.00717246 0.00765036 0.00775432 0.00749587 0.00690952 0.00605186 0.00500394 0.00387123 0.00277362 0.00182192 0.00108826 0.000588142 0.000287213 0.000126973 5.10186e-05 1.87237e-05 6.30717e-06 1.95855e-06 5.62536e-07 1.49755e-07 3.69644e-08 8.44268e-09 1.77439e-09 3.3926e-10 5.77237e-11 8.35871e-12 9.28328e-13 5.64129e-14 0 
0 1.94866e-06 2.04432e-05 0.000109821 0.000414313 0.00119539 0.00272987 0.00506772 0.00790283 0.0107543 0.0132391 0.0151662 0.0164811 0.0171906 0.0173217 0.0169072 0.015982 0.0145837 0.0127608 0.0105927 0.00821992 0.00586063 0.00377485 0.00216881 0.00110512 0.000500133 0.000202352 7.38429e-05 2.4519e-05 7.46307e-06 2.09409e-06 5.43641e-07 1.30765e-07 2.91055e-08 5.96426e-09 1.11284e-09 1.84975e-10 2.61991e-11 2.84962e-12 1.69807e-13 0 
0 5.55407e-06 5.96465e-05 0.000323013 0.00119539 0.0032604 0.00678788 0.0112581 0.0157426 0.0196205 0.0227077 0.0250131 0.0265702 0.027402 0.027533 0.0270009 0.0258577 0.0241605 0.0219571 0.0192754 0.0161392 0.0126353 0.00901455 0.00570958 0.00315123 0.00150693 0.000628457 0.000231668 7.66052e-05 2.30102e-05 6.33728e-06 1.61006e-06 3.78473e-07 8.2292e-08 1.64773e-08 3.00608e-09 4.89028e-10 6.78635e-11 7.24071e-12 4.23759e-13 0 
0 1.32847e-05 0.00014446 0.000774223 0.00272987 0.00678788 0.0125283 0.0185223 0.0238067 0.0282137 0.0318097 0.0346031 0.0365483 0.0376025 0.0377596 0.0370602 0.0355871 0.0334527 0.0307776 0.0276597 0.0241392 0.0201865 0.0157841 0.0111414 0.00684323 0.00357074 0.00157835 0.000599695 0.00020011 5.9826e-05 1.62665e-05 4.06173e-06 9.36269e-07 1.99445e-07 3.91215e-08 6.99492e-09 1.11609e-09 1.52057e-10 1.59449e-11 9.18147e-13 0 
0 2.73279e-05 0.000297425 0.00154794 0.00506772 0.0112581 0.0185223 0.0252501 0.0311298 0.0362834 0.040687 0.0441994 0.046676 0.0480246 0.0482232 0.0473213 0.0454303 0.042709 0.0393441 0.0355232 0.0313965 0.0270199 0.022312 0.0171477 0.0117143 0.00679125 0.00326069 0.00130435 0.000445829 0.000133962 3.61939e-05 8.92441e-06 2.02489e-06 4.23956e-07 8.16999e-08 1.43542e-08 2.25182e-09 3.01877e-10 3.11775e-11 1.76998e-12 0 
0 4.91749e-05 0.000530029 0.00263784 0.00790283 0.0157426 0.0238067 0.0311298 0.0378574 0.0440038 0.0493535 0.0536481 0.0566819 0.0583334 0.0585741 0.0574641 0.055141 0.0518024 0.0476845 0.0430379 0.0380988 0.0330418 0.0279045 0.0225203 0.0166793 0.010693 0.00564349 0.00241717 0.000858298 0.000261752 7.07403e-05 1.73075e-05 3.8804e-06 8.01227e-07 1.52155e-07 2.63424e-08 4.07374e-09 5.38713e-10 5.4928e-11 3.08134e-12 0 
0 7.84866e-05 0.000831285 0.00392258 0.0107543 0.0196205 0.0282137 0.0362834 0.0440038 0.051175 0.0574441 0.0624807 0.0660374 0.067971 0.0682483 0.0669406 0.0642096 0.0602874 0.0554521 0.0500022 0.04423 0.0383885 0.0326337 0.0269195 0.0209447 0.0145285 0.00839215 0.00387757 0.00144482 0.000450876 0.000122615 2.9902e-05 6.64965e-06 1.35864e-06 2.55051e-07 4.36407e-08 6.67168e-09 8.72649e-10 8.80711e-11 4.89448e-12 0 
0 0.000112491 0.00116621 0.00521545 0.0132391 0.0227077 0.0318097 0.040687 0.0493535 0.0574441 0.0645218 0.0702061 0.0742171 0.076394 0.0766999 0.075216 0.0721256 0.0676909 0.0622259 0.0560683 0.0495512 0.0429763 0.0365735 0.0304148 0.0242804 0.0177587 0.0110477 0.00548873 0.00215401 0.000691304 0.000190021 4.63673e-05 1.02629e-05 2.08174e-06 3.87542e-07 6.57388e-08 9.9651e-09 1.29305e-09 1.29553e-10 7.1537e-12 0 
0 0.000146387 0.0014858 0.00633959 0.0151662 0.0250131 0.0346031 0.0441994 0.0536481 0.0624807 0.0702061 0.0764073 0.0807793 0.0831471 0.0834717 0.0818425 0.0784604 0.0736119 0.0676401 0.0609133 0.0537959 0.0466215 0.0396625 0.0330672 0.0267218 0.0201803 0.0132516 0.00699859 0.00288368 0.000952766 0.000265347 6.49712e-05 1.43572e-05 2.90036e-06 5.3718e-07 9.06342e-08 1.36685e-08 1.76549e-09 1.76219e-10 9.70352e-12 0 
0 0.000174608 0.00174166 0.00717246 0.0164811 0.0265702 0.0365483 0.046676 0.0566819 0.0660374 0.0742171 0.0807793 0.0854011 0.0878985 0.088231 0.0864944 0.0829022 0.0777586 0.0714272 0.0642982 0.0567572 0.0491587 0.0417993 0.0348695 0.0283333 0.021785 0.0148234 0.00819445 0.00351491 0.00119211 0.00033649 8.28313e-05 1.83237e-05 3.69832e-06 6.83864e-07 1.15195e-07 1.73521e-08 2.24047e-09 2.23791e-10 1.23485e-11 0 
0 0.00019236 0.00189752 0.00765036 0.0171906 0.027402 0.0376025 0.0480246 0.0583334 0.067971 0.076394 0.0831471 0.0878985 0.0904592 0.0907888 0.088987 0.0852746 0.0799659 0.073436 0.0660869 0.0583161 0.0504886 0.0429125 0.0357991 0.0291565 0.0226251 0.0157171 0.00894921 0.0039499 0.00136735 0.000390659 9.68051e-05 2.14966e-05 4.35044e-06 8.06524e-07 1.36277e-07 2.0611e-08 2.67559e-09 2.69135e-10 1.49834e-11 0 
0 0.000196822 0.00193482 0.00775432 0.0173217 0.027533 0.0377596 0.0482232 0.0585741 0.0682483 0.0766999 0.0834717 0.088231 0.0907888 0.0911054 0.0892821 0.0855417 0.0802006 0.073636 0.0662521 0.0584478 0.0505899 0.0429879 0.0358584 0.0292266 0.0227607 0.0159562 0.00921961 0.00413557 0.00145138 0.000418994 0.000104679 2.34161e-05 4.77466e-06 8.92644e-07 1.52316e-07 2.33064e-08 3.06741e-09 3.13552e-10 1.77814e-11 0 
0 0.000187701 0.00185334 0.00749587 0.0169072 0.0270009 0.0370602 0.0473213 0.0574641 0.0669406 0.075216 0.0818425 0.0864944 0.088987 0.0892821 0.0874801 0.0838003 0.0785537 0.0721109 0.0648685 0.0572179 0.0495181 0.042072 0.0350893 0.0285907 0.0222517 0.0155951 0.00902728 0.00407012 0.00143996 0.000419878 0.000106116 2.40518e-05 4.97907e-06 9.4729e-07 1.64932e-07 2.58226e-08 3.48696e-09 3.66579e-10 2.14177e-11 0 
0 0.000167107 0.00166915 0.00690952 0.015982 0.0258577 0.0355871 0.0454303 0.055141 0.0642096 0.0721256 0.0784604 0.0829022 0.0852746 0.0855417 0.0838003 0.0802613 0.0752236 0.0690429 0.0620995 0.0547689 0.0473947 0.040265 0.0335722 0.0273139 0.0211615 0.0147083 0.00844377 0.00379845 0.00135232 0.000399751 0.00010299 2.3905e-05 5.08875e-06 9.99429e-07 1.80242e-07 2.93061e-08 4.1156e-09 4.49987e-10 2.73043e-11 0 
0 0.000138882 0.00141108 0.00605186 0.0145837 0.0241605 0.0334527 0.042709 0.0518024 0.0602874 0.0676909 0.0736119 0.0777586 0.0799659 0.0802006 0.0785537 0.0752236 0.0704909 0.0646894 0.0581761 0.0513031 0.0443919 0.0377082 0.0314157 0.0254761 0.019563 0.0133952 0.00758344 0.0034015 0.00122583 0.000371611 9.91412e-05 2.40006e-05 5.35666e-06 1.10657e-06 2.10101e-07 3.59124e-08 5.28275e-09 6.01822e-10 3.78081e-11 0 
0 0.000107606 0.00111574 0.00500394 0.0127608 0.0219571 0.0307776 0.0393441 0.0476845 0.0554521 0.0622259 0.0676401 0.0714272 0.073436 0.073636 0.0721109 0.0690429 0.0646894 0.059357 0.0533733 0.0470611 0.0407136 0.034566 0.0287426 0.0231665 0.0175494 0.0117932 0.0065966 0.00298118 0.0011076 0.000352607 9.99798e-05 2.58817e-05 6.18263e-06 1.36208e-06 2.73858e-07 4.91166e-08 7.5058e-09 8.7969e-10 5.63556e-11 0 
0 7.75565e-05 0.000821139 0.00387123 0.0105927 0.0192754 0.0276597 0.0355232 0.0430379 0.0500022 0.0560683 0.0609133 0.0642982 0.0660869 0.0662521 0.0648685 0.0620995 0.0581761 0.0533733 0.0479849 0.0422993 0.036575 0.0310075 0.0256755 0.0204847 0.0152514 0.0100831 0.00565174 0.0026418 0.001047 0.00036266 0.000112607 3.17738e-05 8.175e-06 1.9103e-06 4.01059e-07 7.40538e-08 1.15136e-08 1.36007e-09 8.71918e-11 0 
0 5.18617e-05 0.000559492 0.00277362 0.00821992 0.0161392 0.0241392 0.0313965 0.0380988 0.04423 0.0495512 0.0537959 0.0567572 0.0583161 0.0584478 0.0572179 0.0547689 0.0513031 0.0470611 0.0422993 0.0372667 0.0321795 0.0271862 0.0223304 0.0175567 0.0128522 0.00847051 0.0049012 0.00247126 0.00109161 0.000425501 0.000146953 4.50517e-05 1.2273e-05 2.96866e-06 6.33906e-07 1.1754e-07 1.81903e-08 2.12629e-09 1.34379e-10 0 
0 3.20923e-05 0.000351181 0.00182192 0.00586063 0.0126353 0.0201865 0.0270199 0.0330418 0.0383885 0.0429763 0.0466215 0.0491587 0.0504886 0.0505899 0.0495181 0.0473947 0.0443919 0.0407136 0.036575 0.0321795 0.0276942 0.023227 0.0188296 0.014559 0.0105734 0.00713082 0.00443695 0.00252257 0.00128448 0.000571109 0.000217759 7.09382e-05 1.98831e-05 4.83789e-06 1.02458e-06 1.86875e-07 2.83208e-08 3.23489e-09 1.99628e-10 0 
0 1.83377e-05 0.000202275 0.00108826 0.00377485 0.00901455 0.0157841 0.022312 0.0279045 0.0326337 0.0365735 0.0396625 0.0417993 0.0429125 0.0429879 0.042072 0.040265 0.0377082 0.034566 0.0310075 0.0271862 0.023227 0.0192345 0.0153353 0.0117224 0.00862078 0.00615553 0.004269 0.00280516 0.00166177 0.000839121 0.000347602 0.000117363 3.29132e-05 7.8561e-06 1.61802e-06 2.86121e-07 4.20226e-08 4.6559e-09 2.79132e-10 0 
0 9.66156e-06 0.000106666 0.000588142 0.00216881 0.00570958 0.0111414 0.0171477 0.0225203 0.0269195 0.0304148 0.0330672 0.0348695 0.0357991 0.0358584 0.0350893 0.0335722 0.0314157 0.0287426 0.0256755 0.0223304 0.0188296 0.0153353 0.0120729 0.00929294 0.00716499 0.00567491 0.00458842 0.00355656 0.0024197 0.00134826 0.000588985 0.000199538 5.40706e-05 1.22923e-05 2.41478e-06 4.09511e-07 5.79391e-08 6.20604e-09 3.60849e-10 0 
0 4.69083e-06 5.14661e-05 0.000287213 0.00110512 0.00315123 0.00684323 0.0117143 0.0166793 0.0209447 0.0242804 0.0267218 0.0283333 0.0291565 0.0292266 0.0285907 0.0273139 0.0254761 0.0231665 0.0204847 0.0175567 0.014559 0.0117224 0.00929294 0.00749793 0.00659591 0.00676578 0.00739776 0.00704169 0.00514232 0.00280059 0.00115533 0.000363683 8.94487e-05 1.83834e-05 3.33623e-06 5.3546e-07 7.27194e-08 7.52962e-09 4.25098e-10 0 
0 2.09919e-06 2.27412e-05 0.000126973 0.000500133 0.00150693 0.00357074 0.00679125 0.010693 0.0145285 0.0177587 0.0201803 0.021785 0.0226251 0.0227607 0.0222517 0.0211615 0.019563 0.0175494 0.0152514 0.0128522 0.0105734 0.00862078 0.00716499 0.00659591 0.00811535 0.012862 0.0185615 0.019783 0.0146142 0.00743218 0.00268691 0.000727825 0.000152636 2.65794e-05 4.23331e-06 6.28797e-07 8.16629e-08 8.19358e-09 4.50795e-10 0 
0 8.6667e-07 9.22075e-06 5.10186e-05 0.000202352 0.000628457 0.00157835 0.00326069 0.00564349 0.00839215 0.0110477 0.0132516 0.0148234 0.0157171 0.0159562 0.0155951 0.0147083 0.0133952 0.0117932 0.0100831 0.00847051 0.00713082 0.00615553 0.00567491 0.00676578 0.012862 0.0266996 0.0424457 0.0466188 0.0345216 0.017166 0.00580402 0.0013961 0.000251888 3.65395e-05 4.89598e-06 6.54339e-07 8.08756e-08 7.89735e-09 4.25896e-10 0 
0 3.30575e-07 3.43959e-06 1.87237e-05 7.38429e-05 0.000231668 0.000599695 0.00130435 0.00241717 0.00387757 0.00548873 0.00699859 0.00819445 0.00894921 0.00921961 0.00902728 0.00844377 0.00758344 0.0065966 0.00565174 0.0049012 0.00443695 0.004269 0.00458842 0.00739776 0.0185615 0.0424457 0.0693281 0.0767419 0.0568667 0.0281178 0.00931359 0.00212083 0.000348385 4.40103e-05 4.99863e-06 5.93705e-07 6.976e-08 6.67388e-09 3.55498e-10 0 
0 1.16683e-07 1.18369e-06 6.30717e-06 2.4519e-05 7.66052e-05 0.00020011 0.000445829 0.000858298 0.00144482 0.00215401 0.00288368 0.00351491 0.0039499 0.00413557 0.00407012 0.00379845 0.0034015 0.00298118 0.0026418 0.00247126 0.00252257 0.00280516 0.00355656 0.00704169 0.019783 0.0466188 0.0767419 0.0851373 0.0631007 0.0311515 0.0102581 0.00229045 0.000359408 4.18924e-05 4.24454e-06 4.58444e-07 5.18142e-08 4.90723e-09 2.60553e-10 0 
0 3.81716e-08 3.76774e-07 1.95855e-06 7.46307e-06 2.30102e-05 5.9826e-05 0.000133962 0.000261752 0.000450876 0.000691304 0.000952766 0.00119211 0.00136735 0.00145138 0.00143996 0.00135232 0.00122583 0.0011076 0.001047 0.00109161 0.00128448 0.00166177 0.0024197 0.00514232 0.0146142 0.0345216 0.0568667 0.0631007 0.046769 0.0230862 0.00759898 0.0016903 0.000260638 2.93341e-05 2.82769e-06 2.93444e-07 3.28358e-08 3.12419e-09 1.67025e-10 0 
0 1.15872e-08 1.11148e-07 5.62536e-07 2.09409e-06 6.33728e-06 1.62665e-05 3.61939e-05 7.07403e-05 0.000122615 0.000190021 0.000265347 0.00033649 0.000390659 0.000418994 0.000419878 0.000399751 0.000371611 0.000352607 0.00036266 0.000425501 0.000571109 0.000839121 0.00134826 0.00280059 0.00743218 0.017166 0.0281178 0.0311515 0.0230862 0.0114096 0.00377033 0.000842849 0.000129894 1.46401e-05 1.43435e-06 1.53562e-07 1.76873e-08 1.71912e-09 9.34796e-11 0 
0 3.26494e-09 3.04201e-08 1.49755e-07 5.43641e-07 1.61006e-06 4.06173e-06 8.92441e-06 1.73075e-05 2.9902e-05 4.63673e-05 6.49712e-05 8.28313e-05 9.68051e-05 0.000104679 0.000106116 0.00010299 9.91412e-05 9.99798e-05 0.000112607 0.000146953 0.000217759 0.000347602 0.000588985 0.00115533 0.00268691 0.00580402 0.00931359 0.0102581 0.00759898 0.00377033 0.00125703 0.000283929 4.44388e-05 5.22344e-06 5.59168e-07 6.6253e-08 8.12747e-09 8.18481e-10 4.56723e-11 0 
0 8.53162e-10 7.72131e-09 3.69644e-08 1.30765e-07 3.78473e-07 9.36269e-07 2.02489e-06 3.8804e-06 6.64965e-06 1.02629e-05 1.43572e-05 1.83237e-05 2.14966e-05 2.34161e-05 2.40518e-05 2.3905e-05 2.40006e-05 2.58817e-05 3.17738e-05 4.50517e-05 7.09382e-05 0.000117363 0.000199538 0.000363683 0.000727825 0.0013961 0.00212083 0.00229045 0.0016903 0.000842849 0.000283929 6.53058e-05 1.06785e-05 1.39004e-06 1.75929e-07 2.41889e-08 3.21255e-09 3.38065e-10 1.94937e-11 0 
0 2.06132e-10 1.81292e-09 8.44268e-09 2.91055e-08 8.2292e-08 1.99445e-07 4.23956e-07 8.01227e-07 1.35864e-06 2.08174e-06 2.90036e-06 3.69832e-06 4.35044e-06 4.77466e-06 4.97907e-06 5.08875e-06 5.35666e-06 6.18263e-06 8.175e-06 1.2273e-05 1.98831e-05 3.29132e-05 5.40706e-05 8.94487e-05 0.000152636 0.000251888 0.000348385 0.000359408 0.000260638 0.000129894 4.44388e-05 1.06785e-05 1.93121e-06 3.02874e-07 4.79306e-08 7.6728e-09 1.10051e-09 1.21416e-10 7.2701e-12 0 
0 4.57596e-11 3.91406e-10 1.77439e-09 5.96426e-09 1.64773e-08 3.91215e-08 8.16999e-08 1.52155e-07 2.55051e-07 3.87542e-07 5.3718e-07 6.83864e-07 8.06524e-07 8.92644e-07 9.4729e-07 9.99429e-07 1.10657e-06 1.36208e-06 1.9103e-06 2.96866e-06 4.83789e-06 7.8561e-06 1.22923e-05 1.83834e-05 2.65794e-05 3.65395e-05 4.40103e-05 4.18924e-05 2.93341e-05 1.46401e-05 5.22344e-06 1.39004e-06 3.02874e-07 6.0833e-08 1.18583e-08 2.13726e-09 3.27502e-10 3.7907e-11 2.36442e-12 0 
0 9.22299e-12 7.68007e-11 3.3926e-10 1.11284e-09 3.00608e-09 6.99492e-09 1.43542e-08 2.63424e-08 4.36407e-08 6.57388e-08 9.06342e-08 1.15195e-07 1.36277e-07 1.52316e-07 1.64932e-07 1.80242e-07 2.10101e-07 2.73858e-07 4.01059e-07 6.33906e-07 1.02458e-06 1.61802e-06 2.41478e-06 3.33623e-06 4.23331e-06 4.89598e-06 4.99863e-06 4.24454e-06 2.82769e-06 1.43435e-06 5.59168e-07 1.75929e-07 4.79306e-08 1.18583e-08 2.65523e-09 5.19404e-10 8.42654e-11 1.02303e-11 6.65869e-13 0 
0 1.65041e-12 1.33947e-11 5.77237e-11 1.84975e-10 4.89028e-10 1.11609e-09 2.25182e-09 4.07374e-09 6.67168e-09 9.9651e-09 1.36685e-08 1.73521e-08 2.0611e-08 2.33064e-08 2.58226e-08 2.93061e-08 3.59124e-08 4.91166e-08 7.40538e-08 1.1754e-07 1.86875e-07 2.86121e-07 4.09511e-07 5.3546e-07 6.28797e-07 6.54339e-07 5.93705e-07 4.58444e-07 2.93444e-07 1.53562e-07 6.6253e-08 2.41889e-08 7.6728e-09 2.13726e-09 5.19404e-10 1.07996e-10 1.84542e-11 2.34836e-12 1.5959e-13 0 
0 2.50717e-13 1.98572e-12 8.35871e-12 2.61991e-11 6.78635e-11 1.52057e-10 3.01877e-10 5.38713e-10 8.72649e-10 1.29305e-09 1.76549e-09 2.24047e-09 2.67559e-09 3.06741e-09 3.48696e-09 4.1156e-09 5.28275e-09 7.5058e-09 1.15136e-08 1.81903e-08 2.83208e-08 4.20226e-08 5.79391e-08 7.27194e-08 8.16629e-08 8.08756e-08 6.976e-08 5.18142e-08 3.28358e-08 1.76873e-08 8.12747e-09 3.21255e-09 1.10051e-09 3.27502e-10 8.42654e-11 1.84542e-11 3.31068e-12 4.4102e-13 3.12803e-14 0 
0 2.91361e-14 2.25482e-13 9.28328e-13 2.84962e-12 7.24071e-12 1.59449e-11 3.11775e-11 5.4928e-11 8.80711e-11 1.29553e-10 1.76219e-10 2.23791e-10 2.69135e-10 3.13552e-10 3.66579e-10 4.49987e-10 6.01822e-10 8.7969e-10 1.36007e-09 2.12629e-09 3.23489e-09 4.6559e-09 6.20604e-09 7.52962e-09 8.19358e-09 7.89735e-09 6.67388e-09 4.90723e-09 3.12419e-09 1.71912e-09 8.18481e-10 3.38065e-10 1.21416e-10 3.7907e-11 1.02303e-11 2.34836e-12 4.4102e-13 6.13857e-14 4.53915e-15 0 
0 1.84786e-15 1.39912e-14 5.64129e-14 1.69807e-13 4.23759e-13 9.18147e-13 1.76998e-12 3.08134e-12 4.89448e-12 7.1537e-12 9.70352e-12 1.23485e-11 1.49834e-11 1.77814e-11 2.14177e-11 2.73043e-11 3.78081e-11 5.63556e-11 8.71918e-11 1.34379e-10 1.99628e-10 2.79132e-10 3.60849e-10 4.25098e-10 4.50795e-10 4.25896e-10 3.55498e-10 2.60553e-10 1.67025e-10 9.34796e-11 4.56723e-11 1.94937e-11 7.2701e-12 2.36442e-12 6.65869e-13 1.5959e-13 3.12803e-14 4.53915e-15 3.49374e-16 0 
0 0 0 0 0 0 0 0 0 0 0 0 0 0 0 0 0 0 0 0 0 0 0 0 0 0 0 0 0 0 0 0 0 0 0 0 0 0 0 0 0 
