0 0 0 0 0 0 0 0 0 0 0 0 0 0 0 0 0 0 0 0 0 0 0 0 0 0 0 0 0 0 0 0 0 0 0 0 0 0 0 0 0 
0 2.83967e-08 2.64753e-07 1.27775e-06 4.44419e-06 1.2317e-05 2.84488e-05 5.62294e-05 9.70052e-05 0.000148585 0.000205192 0.000258928 0.00030189 0.000328 0.000334062 0.000320047 0.000288795 0.000245292 0.000195684 0.000146142 0.000101771 6.5812e-05 3.93711e-05 2.17233e-05 1.10329e-05 5.15335e-06 2.21412e-06 8.75849e-07 3.1944e-07 1.07583e-07 3.34997e-08 9.65011e-09 2.56996e-09 6.31042e-10 1.42014e-10 2.89543e-11 5.2313e-12 8.01102e-13 9.37198e-14 5.97685e-15 0 
0 2.64753e-07 2.57339e-06 1.28775e-05 4.59713e-05 0.000128936 0.000296468 0.000574095 0.000958239 0.00141022 0.0018697 0.00227568 0.00258127 0.00275845 0.00279649 0.00269871 0.00247995 0.00216496 0.00178714 0.00138601 0.00100227 0.000670559 0.000412203 0.000231604 0.000118599 5.53182e-05 2.35337e-05 9.1552e-06 3.26707e-06 1.07274e-06 3.24931e-07 9.09355e-08 2.35168e-08 5.60816e-09 1.22647e-09 2.43215e-10 4.27886e-11 6.38836e-12 7.2961e-13 4.54853e-14 0 
0 1.27775e-06 1.28775e-05 6.6141e-05 0.000238001 0.000656303 0.00144346 0.00261181 0.00401995 0.00545036 0.00671896 0.0077201 0.00841206 0.00878826 0.00885789 0.00863697 0.00814564 0.00740891 0.00646107 0.0053539 0.00416557 0.00300128 0.001975 0.00117363 0.000625514 0.000298537 0.000127955 4.95254e-05 1.74227e-05 5.60453e-06 1.65659e-06 4.5141e-07 1.13549e-07 2.63339e-08 5.60299e-09 1.08188e-09 1.85529e-10 2.7034e-11 3.01735e-12 1.84079e-13 0 
0 4.44419e-06 4.59713e-05 0.000238001 0.000837216 0.0021705 0.00433019 0.00697593 0.00959729 0.0118661 0.0136793 0.0150352 0.0159503 0.0164382 0.0165144 0.016201 0.0155278 0.014527 0.0132269 0.0116478 0.00981186 0.00777484 0.00567069 0.00372068 0.00215598 0.00109334 0.000485858 0.000190849 6.70502e-05 2.13071e-05 6.17964e-06 1.64586e-06 4.03849e-07 9.12929e-08 1.89347e-08 3.56612e-09 5.97059e-10 8.50366e-11 9.28876e-12 5.55311e-13 0 
0 1.2317e-05 0.000128936 0.000656303 0.0021705 0.00504756 0.00881566 0.0125758 0.0158534 0.0186024 0.0208611 0.0226227 0.0238513 0.0245173 0.024616 0.0241727 0.0232403 0.0218908 0.0202027 0.0182428 0.0160457 0.0136031 0.0108969 0.00800475 0.00520927 0.00292102 0.0013957 0.000571954 0.000204436 6.49426e-05 1.86228e-05 4.87314e-06 1.17088e-06 2.58787e-07 5.24564e-08 9.65821e-09 1.58196e-09 2.20644e-10 2.3629e-11 1.38658e-12 0 
0 2.84488e-05 0.000296468 0.00144346 0.00433019 0.00881566 0.0136266 0.0179765 0.0218446 0.0252977 0.0282747 0.0306577 0.0323404 0.0332575 0.0333932 0.0327806 0.0314961 0.0296485 0.0273672 0.0247857 0.0220192 0.0191329 0.0161056 0.0128429 0.00933403 0.00589897 0.00312725 0.0013779 0.000512491 0.000165172 4.72737e-05 1.22302e-05 2.89055e-06 6.26872e-07 1.2456e-07 2.24795e-08 3.61075e-09 4.94255e-10 5.19981e-11 3.00077e-12 0 
0 5.62294e-05 0.000574095 0.00261181 0.00697593 0.0125758 0.0179765 0.0229861 0.0277328 0.0321274 0.0359679 0.0390552 0.0412379 0.0424274 0.0426025 0.0418064 0.0401381 0.0377398 0.0347826 0.0314495 0.0279183 0.0243376 0.0207874 0.0172213 0.013465 0.00945284 0.00561828 0.00272294 0.00107728 0.000357915 0.000103308 2.66054e-05 6.21567e-06 1.32779e-06 2.59473e-07 4.60327e-08 7.2699e-09 9.79007e-10 1.01408e-10 5.76725e-12 0 
0 9.70052e-05 0.000958239 0.00401995 0.00959729 0.0158534 0.0218446 0.0277328 0.0334976 0.0388847 0.043601 0.0473926 0.050072 0.0515308 0.0517434 0.0507629 0.0487109 0.0457623 0.0421268 0.03803 0.0336952 0.0293249 0.0250761 0.0210097 0.0170111 0.0128156 0.00841718 0.00451651 0.00192999 0.00067035 0.000197083 5.08654e-05 1.18039e-05 2.49344e-06 4.80819e-07 8.41065e-08 1.30961e-08 1.73945e-09 1.77823e-10 9.98858e-12 0 
0 0.000148585 0.00141022 0.00545036 0.0118661 0.0186024 0.0252977 0.0321274 0.0388847 0.0452091 0.0507454 0.0551943 0.0583361 0.0600442 0.0602892 0.059134 0.0567215 0.0532568 0.0489857 0.0441727 0.0390801 0.033949 0.0289822 0.0243132 0.0199342 0.0156031 0.011015 0.00647614 0.00300174 0.00109969 0.000331886 8.63381e-05 1.99895e-05 4.19084e-06 8.00066e-07 1.38408e-07 2.13083e-08 2.79891e-09 2.83101e-10 1.57439e-11 0 
0 0.000205192 0.0018697 0.00671896 0.0136793 0.0208611 0.0282747 0.0359679 0.043601 0.0507454 0.0569973 0.0620186 0.0655619 0.0674849 0.0677551 0.0664443 0.0637143 0.0597967 0.0549692 0.0495299 0.0437744 0.0379753 0.0323658 0.0271204 0.0223063 0.0177722 0.0131274 0.00828901 0.00413953 0.00160243 0.000498503 0.000131239 3.04225e-05 6.35085e-06 1.20403e-06 2.06607e-07 3.15392e-08 4.1082e-09 4.1222e-10 2.27543e-11 0 
0 0.000258928 0.00227568 0.0077201 0.0150352 0.0226227 0.0306577 0.0390552 0.0473926 0.0551943 0.0620186 0.0674967 0.0713588 0.0734505 0.0737372 0.0722981 0.0693103 0.0650273 0.0597519 0.0538097 0.0475227 0.0411882 0.0350613 0.0293402 0.0241349 0.0193719 0.0146836 0.00974617 0.0051715 0.00210456 0.000674771 0.000180091 4.19002e-05 8.73316e-06 1.64891e-06 2.81474e-07 4.27289e-08 5.53518e-09 5.52547e-10 3.03593e-11 0 
0 0.00030189 0.00258127 0.00841206 0.0159503 0.0238513 0.0323404 0.0412379 0.050072 0.0583361 0.0655619 0.0713588 0.0754416 0.0776478 0.0779415 0.0764074 0.0732341 0.0686904 0.0630974 0.0567997 0.0501384 0.0434275 0.036937 0.0308792 0.0253864 0.0204346 0.0157044 0.0107597 0.00596523 0.0025263 0.000831403 0.000224841 5.25738e-05 1.09651e-05 2.06741e-06 3.52108e-07 5.33175e-08 6.89067e-09 6.86538e-10 3.76719e-11 0 
0 0.000328 0.00275845 0.00878826 0.0164382 0.0245173 0.0332575 0.0424274 0.0515308 0.0600442 0.0674849 0.0734505 0.0776478 0.0799099 0.080201 0.0786093 0.0753298 0.0706403 0.0648719 0.0583799 0.0515153 0.0446015 0.0379161 0.031678 0.0260299 0.0209737 0.0162277 0.0113176 0.0064479 0.00280554 0.000941275 0.000257377 6.05169e-05 1.26555e-05 2.38937e-06 4.07327e-07 6.17424e-08 7.99101e-09 7.9784e-10 4.39084e-11 0 
0 0.000334062 0.00279649 0.00885789 0.0165144 0.024616 0.0333932 0.0426025 0.0517434 0.0602892 0.0677551 0.0737372 0.0779415 0.080201 0.0804807 0.07887 0.0755658 0.0708476 0.0650485 0.0585257 0.0516317 0.0446909 0.0379814 0.0317229 0.0260599 0.0210031 0.0162894 0.0114417 0.00659867 0.00291072 0.000987771 0.00027233 6.44216e-05 1.35395e-05 2.56846e-06 4.40063e-07 6.70818e-08 8.73877e-09 8.79144e-10 4.88116e-11 0 
0 0.000320047 0.00269871 0.00863697 0.016201 0.0241727 0.0327806 0.0418064 0.0507629 0.059134 0.0664443 0.0722981 0.0764074 0.0786093 0.07887 0.0772782 0.0740275 0.0693928 0.0637013 0.0573035 0.0505452 0.0437442 0.0371728 0.0310457 0.0255028 0.0205496 0.0159237 0.0111671 0.00643482 0.00284325 0.000969204 0.000268932 6.41079e-05 1.35913e-05 2.60363e-06 4.51023e-07 6.96086e-08 9.19464e-09 9.3939e-10 5.30485e-11 0 
0 0.000288795 0.00247995 0.00814564 0.0155278 0.0232403 0.0314961 0.0401381 0.0487109 0.0567215 0.0637143 0.0693103 0.0732341 0.0753298 0.0755658 0.0740275 0.0709012 0.066451 0.0609911 0.0548575 0.0483819 0.0418689 0.0355793 0.0297177 0.0244131 0.0196544 0.0151673 0.0105382 0.00600329 0.00263414 0.000898717 0.0002513 6.06483e-05 1.30595e-05 2.54752e-06 4.50404e-07 7.10935e-08 9.62151e-09 1.00856e-09 5.84865e-11 0 
0 0.000245292 0.00216496 0.00740891 0.014527 0.0218908 0.0296485 0.0377398 0.0457623 0.0532568 0.0597967 0.0650273 0.0686904 0.0706403 0.0708476 0.0693928 0.066451 0.0622702 0.0571453 0.0513917 0.0453205 0.0392175 0.0333273 0.0278396 0.0228663 0.0183692 0.0140622 0.00961432 0.00537854 0.00233764 0.000800659 0.000227317 5.61326e-05 1.2431e-05 2.50283e-06 4.57834e-07 7.48717e-08 1.05008e-08 1.13973e-09 6.83065e-11 0 
0 0.000195684 0.00178714 0.00646107 0.0132269 0.0202027 0.0273672 0.0347826 0.0421268 0.0489857 0.0549692 0.0597519 0.0630974 0.0648719 0.0650485 0.0637013 0.0609911 0.0571453 0.0524348 0.0471491 0.0415739 0.0359717 0.0305666 0.0255296 0.0209477 0.0167507 0.012662 0.00848071 0.00466101 0.00202232 0.000705195 0.000206944 5.33107e-05 1.23755e-05 2.61593e-06 5.01903e-07 8.58328e-08 1.25326e-08 1.4085e-09 8.69005e-11 0 
0 0.000146142 0.00138601 0.0053539 0.0116478 0.0182428 0.0247857 0.0314495 0.03803 0.0441727 0.0495299 0.0538097 0.0567997 0.0583799 0.0585257 0.0573035 0.0548575 0.0513917 0.0471491 0.0423897 0.0373699 0.0323255 0.0274567 0.02291 0.018742 0.0148599 0.0110452 0.00725728 0.00396835 0.00175975 0.000643401 0.000201047 5.54277e-05 1.37378e-05 3.07919e-06 6.20731e-07 1.10438e-07 1.66166e-08 1.90795e-09 1.19382e-10 0 
0 0.000101771 0.00100227 0.00416557 0.00981186 0.0160457 0.0220192 0.0279183 0.0336952 0.0390801 0.0437744 0.0475227 0.0501384 0.0515153 0.0516317 0.0505452 0.0483819 0.0453205 0.0415739 0.0373699 0.0329332 0.0284697 0.0241514 0.0200949 0.0163286 0.0127739 0.00933015 0.00608997 0.00341345 0.00161264 0.000644742 0.000221534 6.6474e-05 1.76189e-05 4.14544e-06 8.63006e-07 1.56495e-07 2.37597e-08 2.7325e-09 1.70336e-10 0 
0 6.5812e-05 0.000670559 0.00300128 0.00777484 0.0136031 0.0191329 0.0243376 0.0293249 0.033949 0.0379753 0.0411882 0.0434275 0.0446015 0.0446909 0.0437442 0.0418689 0.0392175 0.0359717 0.0323255 0.0284697 0.0245769 0.0207857 0.0171822 0.0137913 0.0106081 0.00767372 0.00511308 0.00307089 0.00162233 0.000735865 0.000282395 9.17185e-05 2.54893e-05 6.13433e-06 1.28443e-06 2.31769e-07 3.47883e-08 3.9404e-09 2.41421e-10 0 
0 3.93711e-05 0.000412203 0.001975 0.00567069 0.0108969 0.0161056 0.0207874 0.0250761 0.0289822 0.0323658 0.0350613 0.036937 0.0379161 0.0379814 0.0371728 0.0355793 0.0333273 0.0305666 0.0274567 0.0241514 0.0207857 0.0174637 0.0142599 0.0112474 0.0085365 0.00624739 0.00441314 0.00295715 0.0017989 0.000937776 0.000400224 0.000138041 3.91525e-05 9.37776e-06 1.92911e-06 3.4001e-07 4.97426e-08 5.49016e-09 3.28003e-10 0 
0 2.17233e-05 0.000231604 0.00117363 0.00372068 0.00800475 0.0128429 0.0172213 0.0210097 0.0243132 0.0271204 0.0293402 0.0308792 0.031678 0.0317229 0.0310457 0.0297177 0.0278396 0.0255296 0.02291 0.0200949 0.0171822 0.0142599 0.0114382 0.0088893 0.00682008 0.00532803 0.0042623 0.00330631 0.00228869 0.00132362 0.000608438 0.000216419 6.07308e-05 1.40791e-05 2.78875e-06 4.73946e-07 6.703e-08 7.17115e-09 4.16394e-10 0 
0 1.10329e-05 0.000118599 0.000625514 0.00215598 0.00520927 0.00933403 0.013465 0.0170111 0.0199342 0.0223063 0.0241349 0.0253864 0.0260299 0.0260599 0.0255028 0.0244131 0.0228663 0.0209477 0.018742 0.0163286 0.0137913 0.0112474 0.0088893 0.00701097 0.00598625 0.0060289 0.0065546 0.00623455 0.00456428 0.00251693 0.00107839 0.000361314 9.44917e-05 2.027e-05 3.76149e-06 6.08903e-07 8.28965e-08 8.58705e-09 4.8472e-10 0 
0 5.15335e-06 5.53182e-05 0.000298537 0.00109334 0.00292102 0.00589897 0.00945284 0.0128156 0.0156031 0.0177722 0.0193719 0.0204346 0.0209737 0.0210031 0.0205496 0.0196544 0.0183692 0.0167507 0.0148599 0.0127739 0.0106081 0.0085365 0.00682008 0.00598625 0.00719326 0.0113638 0.016397 0.017476 0.0129102 0.00656891 0.00239279 0.000672533 0.000150713 2.80162e-05 4.65897e-06 7.05369e-07 9.21627e-08 9.26269e-09 5.09901e-10 0 
0 2.21412e-06 2.35337e-05 0.000127955 0.000485858 0.0013957 0.00312725 0.00561828 0.00841718 0.011015 0.0131274 0.0146836 0.0157044 0.0162277 0.0162894 0.0159237 0.0151673 0.0140622 0.012662 0.0110452 0.00933015 0.00767372 0.00624739 0.00532803 0.0060289 0.0113638 0.0235859 0.0374957 0.0411825 0.0304956 0.0151642 0.00513042 0.00124933 0.000236148 3.67222e-05 5.2397e-06 7.24707e-07 9.06072e-08 8.87451e-09 4.79078e-10 0 
0 8.75849e-07 9.1552e-06 4.95254e-05 0.000190849 0.000571954 0.0013779 0.00272294 0.00451651 0.00647614 0.00828901 0.00974617 0.0107597 0.0113176 0.0114417 0.0111671 0.0105382 0.00961432 0.00848071 0.00725728 0.00608997 0.00511308 0.00441314 0.0042623 0.0065546 0.016397 0.0374957 0.0612432 0.0677928 0.0502352 0.0248387 0.00822801 0.00188155 0.000318039 4.26352e-05 5.20167e-06 6.49296e-07 7.77089e-08 7.46856e-09 3.98353e-10 0 
0 3.1944e-07 3.26707e-06 1.74227e-05 6.70502e-05 0.000204436 0.000512491 0.00107728 0.00192999 0.00300174 0.00413953 0.0051715 0.00596523 0.0064479 0.00659867 0.00643482 0.00600329 0.00537854 0.00466101 0.00396835 0.00341345 0.00307089 0.00295715 0.00330631 0.00623455 0.017476 0.0411825 0.0677928 0.0751993 0.0557452 0.0275186 0.00906211 0.0020286 0.000324872 3.97619e-05 4.32596e-06 4.96154e-07 5.74733e-08 5.47583e-09 2.91182e-10 0 
0 1.07583e-07 1.07274e-06 5.60453e-06 2.13071e-05 6.49426e-05 0.000165172 0.000357915 0.00067035 0.00109969 0.00160243 0.00210456 0.0025263 0.00280554 0.00291072 0.00284325 0.00263414 0.00233764 0.00202232 0.00175975 0.00161264 0.00162233 0.0017989 0.00228869 0.00456428 0.0129102 0.0304956 0.0502352 0.0557452 0.0413148 0.0203939 0.00671336 0.0014981 0.000235363 2.76572e-05 2.85578e-06 3.15925e-07 3.63343e-08 3.47968e-09 1.86313e-10 0 
0 3.34997e-08 3.24931e-07 1.65659e-06 6.17964e-06 1.86228e-05 4.72737e-05 0.000103308 0.000197083 0.000331886 0.000498503 0.000674771 0.000831403 0.000941275 0.000987771 0.000969204 0.000898717 0.000800659 0.000705195 0.000643401 0.000644742 0.000735865 0.000937776 0.00132362 0.00251693 0.00656891 0.0151642 0.0248387 0.0275186 0.0203939 0.0100791 0.00333262 0.000749547 0.000117918 1.3866e-05 1.45398e-06 1.65588e-07 1.95641e-08 1.91265e-09 1.04141e-10 0 
0 9.65011e-09 9.09355e-08 4.5141e-07 1.64586e-06 4.87314e-06 1.22302e-05 2.66054e-05 5.08654e-05 8.63381e-05 0.000131239 0.000180091 0.000224841 0.000257377 0.00027233 0.000268932 0.0002513 0.000227317 0.000206944 0.000201047 0.000221534 0.000282395 0.000400224 0.000608438 0.00107839 0.00239279 0.00513042 0.00822801 0.00906211 0.00671336 0.00333262 0.00111474 0.000254616 4.08386e-05 5.02711e-06 5.75888e-07 7.19567e-08 8.99932e-09 9.10108e-10 5.08371e-11 0 
0 2.56996e-09 2.35168e-08 1.13549e-07 4.03849e-07 1.17088e-06 2.89055e-06 6.21567e-06 1.18039e-05 1.99895e-05 3.04225e-05 4.19002e-05 5.25738e-05 6.05169e-05 6.44216e-05 6.41079e-05 6.06483e-05 5.61326e-05 5.33107e-05 5.54277e-05 6.6474e-05 9.17185e-05 0.000138041 0.000216419 0.000361314 0.000672533 0.00124933 0.00188155 0.0020286 0.0014981 0.000749547 0.000254616 5.95429e-05 1.00414e-05 1.3781e-06 1.85685e-07 2.6513e-08 3.56234e-09 3.75804e-10 2.16852e-11 0 
0 6.31042e-10 5.60816e-09 2.63339e-08 9.12929e-08 2.58787e-07 6.26872e-07 1.32779e-06 2.49344e-06 4.19084e-06 6.35085e-06 8.73316e-06 1.09651e-05 1.26555e-05 1.35395e-05 1.35913e-05 1.30595e-05 1.2431e-05 1.23755e-05 1.37378e-05 1.76189e-05 2.54893e-05 3.91525e-05 6.07308e-05 9.44917e-05 0.000150713 0.000236148 0.000318039 0.000324872 0.000235363 0.000117918 4.08386e-05 1.00414e-05 1.88971e-06 3.13027e-07 5.18548e-08 8.4714e-09 1.22164e-09 1.34946e-10 8.08414e-12 0 
0 1.42014e-10 1.22647e-09 5.60299e-09 1.89347e-08 5.24564e-08 1.2456e-07 2.59473e-07 4.80819e-07 8.00066e-07 1.20403e-06 1.64891e-06 2.06741e-06 2.38937e-06 2.56846e-06 2.60363e-06 2.54752e-06 2.50283e-06 2.61593e-06 3.07919e-06 4.14544e-06 6.13433e-06 9.37776e-06 1.40791e-05 2.027e-05 2.80162e-05 3.67222e-05 4.26352e-05 3.97619e-05 2.76572e-05 1.3866e-05 5.02711e-06 1.3781e-06 3.13027e-07 6.54087e-08 1.30413e-08 2.36903e-09 3.63743e-10 4.21259e-11 2.62845e-12 0 
0 2.89543e-11 2.43215e-10 1.08188e-09 3.56612e-09 9.65821e-09 2.24795e-08 4.60327e-08 8.41065e-08 1.38408e-07 2.06607e-07 2.81474e-07 3.52108e-07 4.07327e-07 4.40063e-07 4.51023e-07 4.50404e-07 4.57834e-07 5.01903e-07 6.20731e-07 8.63006e-07 1.28443e-06 1.92911e-06 2.78875e-06 3.76149e-06 4.65897e-06 5.2397e-06 5.20167e-06 4.32596e-06 2.85578e-06 1.45398e-06 5.75888e-07 1.85685e-07 5.18548e-08 1.30413e-08 2.94113e-09 5.76622e-10 9.36086e-11 1.13679e-11 7.40098e-13 0 
0 5.2313e-12 4.27886e-11 1.85529e-10 5.97059e-10 1.58196e-09 3.61075e-09 7.2699e-09 1.30961e-08 2.13083e-08 3.15392e-08 4.27289e-08 5.33175e-08 6.17424e-08 6.70818e-08 6.96086e-08 7.10935e-08 7.48717e-08 8.58328e-08 1.10438e-07 1.56495e-07 2.31769e-07 3.4001e-07 4.73946e-07 6.08903e-07 7.05369e-07 7.24707e-07 6.49296e-07 4.96154e-07 3.15925e-07 1.65588e-07 7.19567e-08 2.6513e-08 8.4714e-09 2.36903e-09 5.76622e-10 1.19955e-10 2.05022e-11 2.60943e-12 1.77364e-13 0 
0 8.01102e-13 6.38836e-12 2.7034e-11 8.50366e-11 2.20644e-10 4.94255e-10 9.79007e-10 1.73945e-09 2.79891e-09 4.1082e-09 5.53518e-09 6.89067e-09 7.99101e-09 8.73877e-09 9.19464e-09 9.62151e-09 1.05008e-08 1.25326e-08 1.66166e-08 2.37597e-08 3.47883e-08 4.97426e-08 6.703e-08 8.28965e-08 9.21627e-08 9.06072e-08 7.77089e-08 5.74733e-08 3.63343e-08 1.95641e-08 8.99932e-09 3.56234e-09 1.22164e-09 3.63743e-10 9.36086e-11 2.05022e-11 3.6784e-12 4.90055e-13 3.47625e-14 0 
0 9.37198e-14 7.2961e-13 3.01735e-12 9.28876e-12 2.3629e-11 5.19981e-11 1.01408e-10 1.77823e-10 2.83101e-10 4.1222e-10 5.52547e-10 6.86538e-10 7.9784e-10 8.79144e-10 9.3939e-10 1.00856e-09 1.13973e-09 1.4085e-09 1.90795e-09 2.7325e-09 3.9404e-09 5.49016e-09 7.17115e-09 8.58705e-09 9.26269e-09 8.87451e-09 7.46856e-09 5.47583e-09 3.47968e-09 1.91265e-09 9.10108e-10 3.75804e-10 1.34946e-10 4.21259e-11 1.13679e-11 2.60943e-12 4.90055e-13 6.82142e-14 5.04448e-15 0 
0 5.97685e-15 4.54853e-14 1.84079e-13 5.55311e-13 1.38658e-12 3.00077e-12 5.76725e-12 9.98858e-12 1.57439e-11 2.27543e-11 3.03593e-11 3.76719e-11 4.39084e-11 4.88116e-11 5.30485e-11 5.84865e-11 6.83065e-11 8.69005e-11 1.19382e-10 1.70336e-10 2.41421e-10 3.28003e-10 4.16394e-10 4.8472e-10 5.09901e-10 4.79078e-10 3.98353e-10 2.91182e-10 1.86313e-10 1.04141e-10 5.08371e-11 2.16852e-11 8.08414e-12 2.62845e-12 7.40098e-13 1.77364e-13 3.47625e-14 5.04448e-15 3.88283e-16 0 
0 0 0 0 0 0 0 0 0 0 0 0 0 0 0 0 0 0 0 0 0 0 0 0 0 0 0 0 0 0 0 0 0 0 0 0 0 0 0 0 0 
