0 0 0 0 0 0 0 0 0 0 0 0 0 0 0 0 0 0 0 0 0 0 0 0 0 0 0 0 0 0 0 0 0 0 0 0 0 0 0 0 0 
0 1.11315e-08 1.04473e-07 5.11082e-07 1.81647e-06 5.18735e-06 1.24377e-05 2.56573e-05 4.63071e-05 7.41289e-05 0.000106535 0.000138955 0.000166031 0.000183108 0.000187427 0.000178686 0.000158925 0.00013187 0.000101954 7.32905e-05 4.88638e-05 3.01406e-05 1.71655e-05 9.01404e-06 4.36237e-06 1.94624e-06 8.01249e-07 3.04831e-07 1.07346e-07 3.50449e-08 1.06188e-08 2.98743e-09 7.79597e-10 1.88143e-10 4.17261e-11 8.40324e-12 1.5027e-12 2.28152e-13 2.65014e-14 1.68013e-15 0 
0 1.04473e-07 1.02172e-06 5.19388e-06 1.9071e-05 5.57863e-05 0.000135574 0.00028028 0.000501728 0.000790451 0.0011135 0.00142352 0.00167288 0.00182537 0.00186217 0.0017828 0.0016032 0.00135206 0.00106565 0.000781269 0.000530046 0.000331195 0.000189897 9.97002e-05 4.79086e-05 2.10908e-05 8.52329e-06 3.1702e-06 1.08824e-06 3.4564e-07 1.01775e-07 2.78114e-08 7.04994e-09 1.65349e-09 3.56664e-10 6.9932e-11 1.21894e-11 1.80616e-12 2.05011e-13 1.2717e-14 0 
0 5.11082e-07 5.19388e-06 2.73027e-05 0.000102669 0.000303193 0.000730744 0.00147084 0.00252462 0.00378043 0.00505685 0.00617592 0.00701034 0.00749152 0.00759745 0.00733881 0.00675131 0.00589423 0.0048521 0.00373319 0.00265785 0.00173405 0.00102871 0.000552369 0.000268175 0.00011796 4.71962e-05 1.72599e-05 5.7972e-06 1.79589e-06 5.14804e-07 1.36828e-07 3.37295e-08 7.6957e-09 1.61602e-09 3.08772e-10 5.25079e-11 7.60021e-12 8.43806e-13 5.12635e-14 0 
0 1.81647e-06 1.9071e-05 0.000102669 0.000388954 0.00112975 0.00260335 0.00488308 0.00769241 0.0105584 0.0130824 0.0150533 0.0164034 0.0171341 0.0172713 0.0168482 0.0159009 0.0144696 0.012608 0.0104051 0.00801404 0.00566324 0.00361264 0.00205581 0.00103844 0.000466488 0.000187616 6.81467e-05 2.25459e-05 6.84323e-06 1.91596e-06 4.96541e-07 1.19275e-07 2.65199e-08 5.42997e-09 1.0125e-09 1.68216e-10 2.38166e-11 2.58976e-12 1.54291e-13 0 
0 5.18735e-06 5.57863e-05 0.000303193 0.00112975 0.00311393 0.00656787 0.0110347 0.0155912 0.0195684 0.0227421 0.0251085 0.0267033 0.0275544 0.0276897 0.0271486 0.0259827 0.0242473 0.0219874 0.0192306 0.0160082 0.0124281 0.00877145 0.00548789 0.0029921 0.00141547 0.000585213 0.000214319 7.05291e-05 2.1111e-05 5.79921e-06 1.47052e-06 3.4517e-07 7.49688e-08 1.49987e-08 2.73465e-09 4.4467e-10 6.16878e-11 6.58027e-12 3.85047e-13 0 
0 1.24377e-05 0.000135574 0.000730744 0.00260335 0.00656787 0.0123092 0.018418 0.0238438 0.0283581 0.0320222 0.034857 0.0368264 0.0378927 0.038052 0.0373456 0.0358565 0.0336961 0.0309817 0.0278052 0.0241988 0.020131 0.0156051 0.0108812 0.0065875 0.0033884 0.00147962 0.000557008 0.000184651 5.49539e-05 1.48946e-05 3.71081e-06 8.53997e-07 1.81706e-07 3.56118e-08 6.36351e-09 1.01491e-09 1.38232e-10 1.44924e-11 8.34414e-13 0 
0 2.56573e-05 0.00028028 0.00147084 0.00488308 0.0110347 0.018418 0.0253181 0.0313239 0.0365538 0.0410057 0.0445509 0.047049 0.048409 0.0486094 0.0477 0.0457931 0.0430482 0.0396519 0.0357895 0.0316039 0.0271376 0.0222979 0.0169789 0.0114396 0.00652424 0.00308393 0.00121831 0.000412736 0.000123281 3.31762e-05 8.15847e-06 1.84769e-06 3.86358e-07 7.43875e-08 1.30613e-08 2.04815e-09 2.74499e-10 2.83456e-11 1.6091e-12 0 
0 4.63071e-05 0.000501728 0.00252462 0.00769241 0.0155912 0.0238438 0.0313239 0.0381454 0.044353 0.0497486 0.0540786 0.0571369 0.0588018 0.0590444 0.0579255 0.0555837 0.052218 0.0480662 0.0433799 0.0383931 0.0332723 0.0280359 0.0225001 0.0164841 0.0104002 0.00539172 0.00227334 0.000797932 0.000241472 6.49367e-05 1.58367e-05 3.5431e-06 7.30535e-07 1.38596e-07 2.39795e-08 3.70681e-09 4.90071e-10 4.99627e-11 2.80277e-12 0 
0 7.41289e-05 0.000790451 0.00378043 0.0105584 0.0195684 0.0283581 0.0365538 0.044353 0.0515852 0.0579054 0.0629825 0.0665678 0.0685169 0.0687965 0.0674782 0.0647253 0.0607715 0.0558973 0.0504032 0.0445824 0.0386857 0.0328569 0.0270236 0.0208696 0.0142787 0.00809801 0.00367428 0.0013497 0.000417153 0.000112755 2.73931e-05 6.07688e-06 1.23964e-06 2.32469e-07 3.97502e-08 6.07448e-09 7.94373e-10 8.01669e-11 4.45551e-12 0 
0 0.000106535 0.0011135 0.00505685 0.0130824 0.0227421 0.0320222 0.0410057 0.0497486 0.0579054 0.06504 0.07077 0.0748132 0.0770076 0.0773159 0.0758201 0.0727049 0.0682345 0.0627257 0.0565185 0.0499485 0.0433178 0.036851 0.0305994 0.0243109 0.0175876 0.0107529 0.0052389 0.00202228 0.000641606 0.000175089 4.25348e-05 9.38881e-06 1.90112e-06 3.53525e-07 5.99282e-08 9.08095e-09 1.17817e-09 1.18047e-10 6.5197e-12 0 
0 0.000138955 0.00142352 0.00617592 0.0150533 0.0251085 0.034857 0.0445509 0.0540786 0.0629825 0.07077 0.077021 0.0814281 0.0838149 0.0841421 0.0824999 0.0790906 0.0742032 0.0681834 0.0614026 0.0542278 0.0469946 0.0399736 0.0332996 0.0268255 0.020087 0.0129843 0.00672232 0.00272005 0.000887015 0.000245 5.96904e-05 1.31505e-05 2.65165e-06 4.90562e-07 8.27159e-08 1.24708e-08 1.61078e-09 1.60813e-10 8.85904e-12 0 
0 0.000166031 0.00167288 0.00701034 0.0164034 0.0267033 0.0368264 0.047049 0.0571369 0.0665678 0.0748132 0.0814281 0.0860871 0.0886045 0.0889396 0.0871891 0.083568 0.0783832 0.0720009 0.0648146 0.057213 0.0495529 0.0421309 0.0351289 0.0284817 0.0217506 0.0145921 0.00790979 0.00332866 0.00111298 0.000311317 7.62206e-05 1.68074e-05 3.38586e-06 6.25412e-07 1.05295e-07 1.58593e-08 2.04822e-09 2.04701e-10 1.13047e-11 0 
0 0.000183108 0.00182537 0.00749152 0.0171341 0.0275544 0.0378927 0.048409 0.0588018 0.0685169 0.0770076 0.0838149 0.0886045 0.0911858 0.091518 0.0897017 0.0859595 0.0806082 0.0740258 0.0666177 0.0587844 0.0508937 0.0432545 0.0360717 0.0293283 0.0226273 0.0155165 0.00866761 0.00375195 0.00127966 0.000362136 8.92336e-05 1.97514e-05 3.99006e-06 7.39062e-07 1.24849e-07 1.88879e-08 2.45367e-09 2.47092e-10 1.37773e-11 0 
0 0.000187427 0.00186217 0.00759745 0.0172713 0.0276897 0.038052 0.0486094 0.0590444 0.0687965 0.0773159 0.0841421 0.0889396 0.091518 0.0918372 0.0899993 0.0862288 0.0808447 0.0742274 0.0667842 0.0589173 0.0509959 0.0433309 0.0361335 0.0294059 0.0227792 0.0157746 0.00894669 0.00393637 0.00136098 0.000389153 9.66862e-05 2.1563e-05 4.39034e-06 8.20433e-07 1.40041e-07 2.14489e-08 2.82729e-09 2.89604e-10 1.64653e-11 0 
0 0.000178686 0.0017828 0.00733881 0.0168482 0.0271486 0.0373456 0.0477 0.0579255 0.0674782 0.0758201 0.0824999 0.0871891 0.0897017 0.0899993 0.0881828 0.0844734 0.0791847 0.0726901 0.0653895 0.0576774 0.0499154 0.0424075 0.0353578 0.0287648 0.0222694 0.0154208 0.00876602 0.00387888 0.00135261 0.000390828 9.82751e-05 2.22203e-05 4.59639e-06 8.74841e-07 1.52519e-07 2.39292e-08 3.24013e-09 3.41746e-10 2.00403e-11 0 
0 0.000158925 0.0016032 0.00675131 0.0159009 0.0259827 0.0358565 0.0457931 0.0555837 0.0647253 0.0727049 0.0790906 0.083568 0.0859595 0.0862288 0.0844734 0.080906 0.0758278 0.0695974 0.0625983 0.0552087 0.0477749 0.0405853 0.0338258 0.0274716 0.0211644 0.0145329 0.00819772 0.00362304 0.0012728 0.000373213 9.57655e-05 2.21984e-05 4.72774e-06 9.30179e-07 1.68214e-07 2.74453e-08 3.86949e-09 4.24862e-10 2.58901e-11 0 
0 0.00013187 0.00135206 0.00589423 0.0144696 0.0242473 0.0336961 0.0430482 0.052218 0.0607715 0.0682345 0.0742032 0.0783832 0.0806082 0.0808447 0.0791847 0.0758278 0.0710571 0.065209 0.0586434 0.051715 0.0447475 0.0380061 0.0316463 0.025607 0.0195413 0.0132167 0.00735861 0.00324825 0.00115724 0.000348605 9.27878e-05 2.24717e-05 5.0265e-06 1.04186e-06 1.98612e-07 3.40957e-08 5.03729e-09 5.76237e-10 3.6339e-11 0 
0 0.000101954 0.00106565 0.0048521 0.012608 0.0219874 0.0309817 0.0396519 0.0480662 0.0558973 0.0627257 0.0681834 0.0720009 0.0740258 0.0742274 0.0726901 0.0695974 0.065209 0.0598337 0.0538019 0.0474387 0.0410387 0.034835 0.0289417 0.0232613 0.0174994 0.0116176 0.00640123 0.00285429 0.0010512 0.000333369 9.45173e-05 2.45242e-05 5.8795e-06 1.30067e-06 2.62607e-07 4.72844e-08 7.25148e-09 8.52528e-10 5.47618e-11 0 
0 7.32905e-05 0.000781269 0.00373319 0.0104051 0.0192306 0.0278052 0.0357895 0.0433799 0.0504032 0.0565185 0.0614026 0.0648146 0.0666177 0.0667842 0.0653895 0.0625983 0.0586434 0.0538019 0.04837 0.0426379 0.0368641 0.0312405 0.0258343 0.0205378 0.0151789 0.00992379 0.00549422 0.00254291 0.00100235 0.000346781 0.000107857 3.05287e-05 7.88278e-06 1.84842e-06 3.8928e-07 7.20731e-08 1.12313e-08 1.32928e-09 8.53544e-11 0 
0 4.88638e-05 0.000530046 0.00265785 0.00801404 0.0160082 0.0241988 0.0316039 0.0383931 0.0445824 0.0499485 0.0542278 0.057213 0.0587844 0.0589173 0.0576774 0.0552087 0.051715 0.0474387 0.0426379 0.0375624 0.032427 0.0273749 0.0224413 0.0175703 0.0127728 0.00834394 0.00478739 0.00239989 0.00105748 0.000412278 0.000142627 4.3824e-05 1.19658e-05 2.90033e-06 6.20423e-07 1.15214e-07 1.78532e-08 2.08911e-09 1.32146e-10 0 
0 3.01406e-05 0.000331195 0.00173405 0.00566324 0.0124281 0.020131 0.0271376 0.0332723 0.0386857 0.0433178 0.0469946 0.0495529 0.0508937 0.0509959 0.0499154 0.0477749 0.0447475 0.0410387 0.0368641 0.032427 0.0278916 0.0233621 0.0188906 0.014546 0.0105085 0.00705004 0.00436894 0.00247778 0.00126017 0.000560111 0.000213606 6.96228e-05 1.95288e-05 4.75549e-06 1.00792e-06 1.8397e-07 2.78986e-08 3.18842e-09 1.96854e-10 0 
0 1.71655e-05 0.000189897 0.00102871 0.00361264 0.00877145 0.0156051 0.0222979 0.0280359 0.0328569 0.036851 0.0399736 0.0421309 0.0432545 0.0433309 0.0424075 0.0405853 0.0380061 0.034835 0.0312405 0.0273749 0.0233621 0.0193099 0.015355 0.011704 0.00858802 0.00612482 0.00424537 0.00278767 0.00164922 0.000831283 0.000343745 0.000115909 3.24829e-05 7.75178e-06 1.59668e-06 2.82414e-07 4.14893e-08 4.59801e-09 2.75726e-10 0 
0 9.01404e-06 9.97002e-05 0.000552369 0.00205581 0.00548789 0.0108812 0.0169789 0.0225001 0.0270236 0.0305994 0.0332996 0.0351289 0.0360717 0.0361335 0.0353578 0.0338258 0.0316463 0.0289417 0.0258343 0.0224413 0.0188906 0.015355 0.0120703 0.0092885 0.00716958 0.00568807 0.00460451 0.00356951 0.00242569 0.00134815 0.000586903 0.000198176 5.35718e-05 1.21621e-05 2.38781e-06 4.04878e-07 5.72855e-08 6.13656e-09 3.56844e-10 0 
0 4.36237e-06 4.79086e-05 0.000268175 0.00103844 0.0029921 0.0065875 0.0114396 0.0164841 0.0208696 0.0243109 0.0268255 0.0284817 0.0293283 0.0294059 0.0287648 0.0274716 0.025607 0.0232613 0.0205378 0.0175703 0.014546 0.011704 0.0092885 0.00751502 0.00663104 0.00681403 0.00745481 0.00709657 0.00518126 0.00281897 0.00115971 0.000363484 8.90163e-05 1.82379e-05 3.30437e-06 5.30012e-07 7.1967e-08 7.45153e-09 4.20696e-10 0 
0 1.94624e-06 2.10908e-05 0.00011796 0.000466488 0.00141547 0.0033884 0.00652424 0.0104002 0.0142787 0.0175876 0.020087 0.0217506 0.0226273 0.0227792 0.0222694 0.0211644 0.0195413 0.0174994 0.0151789 0.0127728 0.0105085 0.00858802 0.00716958 0.00663104 0.00817747 0.012965 0.0187106 0.0199419 0.0147315 0.00749145 0.00270664 0.000731217 0.000152645 2.64574e-05 4.20029e-06 6.22984e-07 8.08714e-08 8.11321e-09 4.46358e-10 0 
0 8.01249e-07 8.52329e-06 4.71962e-05 0.000187616 0.000585213 0.00147962 0.00308393 0.00539172 0.00809801 0.0107529 0.0129843 0.0145921 0.0155165 0.0157746 0.0154208 0.0145329 0.0132167 0.0116176 0.00992379 0.00834394 0.00705004 0.00612482 0.00568807 0.00681403 0.012965 0.0269141 0.0427866 0.0469933 0.0347988 0.0173039 0.00585027 0.00140589 0.000252838 3.65001e-05 4.8681e-06 6.48898e-07 8.01318e-08 7.82297e-09 4.21857e-10 0 
0 3.04831e-07 3.1702e-06 1.72599e-05 6.81467e-05 0.000214319 0.000557008 0.00121831 0.00227334 0.00367428 0.0052389 0.00672232 0.00790979 0.00866761 0.00894669 0.00876602 0.00819772 0.00735861 0.00640123 0.00549422 0.00478739 0.00436894 0.00424537 0.00460451 0.00745481 0.0187106 0.0427866 0.069885 0.0773583 0.0573235 0.0283436 0.00938832 0.0021371 0.000350357 4.408e-05 4.98075e-06 5.89334e-07 6.91465e-08 6.61287e-09 3.52215e-10 0 
0 1.07346e-07 1.08824e-06 5.7972e-06 2.25459e-05 7.05291e-05 0.000184651 0.000412736 0.000797932 0.0013497 0.00202228 0.00272005 0.00332866 0.00375195 0.00393637 0.00387888 0.00362304 0.00324825 0.00285429 0.00254291 0.00239989 0.00247778 0.00278767 0.00356951 0.00709657 0.0199419 0.0469933 0.0773583 0.0858212 0.0636076 0.0314017 0.0103405 0.00230834 0.000361699 4.20204e-05 4.23599e-06 4.55436e-07 5.13745e-08 4.86332e-09 2.58193e-10 0 
0 3.50449e-08 3.4564e-07 1.79589e-06 6.84323e-06 2.1111e-05 5.49539e-05 0.000123281 0.000241472 0.000417153 0.000641606 0.000887015 0.00111298 0.00127966 0.00136098 0.00135261 0.0012728 0.00115724 0.0010512 0.00100235 0.00105748 0.00126017 0.00164922 0.00242569 0.00518126 0.0147315 0.0347988 0.0573235 0.0636076 0.0471447 0.0232716 0.00765995 0.00170342 0.000262323 2.94381e-05 2.82393e-06 2.91636e-07 3.25628e-08 3.09662e-09 1.65533e-10 0 
0 1.06188e-08 1.01775e-07 5.14804e-07 1.91596e-06 5.79921e-06 1.48946e-05 3.31762e-05 6.49367e-05 0.000112755 0.000175089 0.000245 0.000311317 0.000362136 0.000389153 0.000390828 0.000373213 0.000348605 0.000333369 0.000346781 0.000412278 0.000560111 0.000831283 0.00134815 0.00281897 0.00749145 0.0173039 0.0283436 0.0314017 0.0232716 0.0115012 0.00380041 0.000849193 0.00013069 1.46878e-05 1.43207e-06 1.52597e-07 1.75406e-08 1.70408e-09 9.26525e-11 0 
0 2.98743e-09 2.78114e-08 1.36828e-07 4.96541e-07 1.47052e-06 3.71081e-06 8.15847e-06 1.58367e-05 2.73931e-05 4.25348e-05 5.96904e-05 7.62206e-05 8.92336e-05 9.66862e-05 9.82751e-05 9.57655e-05 9.27878e-05 9.45173e-05 0.000107857 0.000142627 0.000213606 0.000343745 0.000586903 0.00115971 0.00270664 0.00585027 0.00938832 0.0103405 0.00765995 0.00380041 0.00126675 0.000285906 4.46755e-05 5.2347e-06 5.57622e-07 6.57987e-08 8.05931e-09 8.11347e-10 4.52709e-11 0 
0 7.79597e-10 7.04994e-09 3.37295e-08 1.19275e-07 3.4517e-07 8.53997e-07 1.84769e-06 3.5431e-06 6.07688e-06 9.38881e-06 1.31505e-05 1.68074e-05 1.97514e-05 2.1563e-05 2.22203e-05 2.21984e-05 2.24717e-05 2.45242e-05 3.05287e-05 4.3824e-05 6.96228e-05 0.000115909 0.000198176 0.000363484 0.000731217 0.00140589 0.0021371 0.00230834 0.00170342 0.000849193 0.000285906 6.56886e-05 1.07188e-05 1.3901e-06 1.75115e-07 2.40054e-08 3.18522e-09 3.35124e-10 1.93231e-11 0 
0 1.88143e-10 1.65349e-09 7.6957e-09 2.65199e-08 7.49688e-08 1.81706e-07 3.86358e-07 7.30535e-07 1.23964e-06 1.90112e-06 2.65165e-06 3.38586e-06 3.99006e-06 4.39034e-06 4.59639e-06 4.72774e-06 5.0265e-06 5.8795e-06 7.88278e-06 1.19658e-05 1.95288e-05 3.24829e-05 5.35718e-05 8.90163e-05 0.000152645 0.000252838 0.000350357 0.000361699 0.000262323 0.00013069 4.46755e-05 1.07188e-05 1.93312e-06 3.01957e-07 4.76164e-08 7.61013e-09 1.09104e-09 1.20361e-10 7.20669e-12 0 
0 4.17261e-11 3.56664e-10 1.61602e-09 5.42997e-09 1.49987e-08 3.56118e-08 7.43875e-08 1.38596e-07 2.32469e-07 3.53525e-07 4.90562e-07 6.25412e-07 7.39062e-07 8.20433e-07 8.74841e-07 9.30179e-07 1.04186e-06 1.30067e-06 1.84842e-06 2.90033e-06 4.75549e-06 7.75178e-06 1.21621e-05 1.82379e-05 2.64574e-05 3.65001e-05 4.408e-05 4.20204e-05 2.94381e-05 1.46878e-05 5.2347e-06 1.3901e-06 3.01957e-07 6.04638e-08 1.17651e-08 2.11913e-09 3.24673e-10 3.75779e-11 2.34384e-12 0 
0 8.40324e-12 6.9932e-11 3.08772e-10 1.0125e-09 2.73465e-09 6.36351e-09 1.30613e-08 2.39795e-08 3.97502e-08 5.99282e-08 8.27159e-08 1.05295e-07 1.24849e-07 1.40041e-07 1.52519e-07 1.68214e-07 1.98612e-07 2.62607e-07 3.8928e-07 6.20423e-07 1.00792e-06 1.59668e-06 2.38781e-06 3.30437e-06 4.20029e-06 4.8681e-06 4.98075e-06 4.23599e-06 2.82393e-06 1.43207e-06 5.57622e-07 1.75115e-07 4.76164e-08 1.17651e-08 2.63284e-09 5.14933e-10 8.3536e-11 1.01415e-11 6.60081e-13 0 
0 1.5027e-12 1.21894e-11 5.25079e-11 1.68216e-10 4.4467e-10 1.01491e-09 2.04815e-09 3.70681e-09 6.07448e-09 9.08095e-09 1.24708e-08 1.58593e-08 1.88879e-08 2.14489e-08 2.39292e-08 2.74453e-08 3.40957e-08 4.72844e-08 7.20731e-08 1.15214e-07 1.8397e-07 2.82414e-07 4.04878e-07 5.30012e-07 6.22984e-07 6.48898e-07 5.89334e-07 4.55436e-07 2.91636e-07 1.52597e-07 6.57987e-08 2.40054e-08 7.61013e-09 2.11913e-09 5.14933e-10 1.07062e-10 1.82943e-11 2.32799e-12 1.58204e-13 0 
0 2.28152e-13 1.80616e-12 7.60021e-12 2.38166e-11 6.16878e-11 1.38232e-10 2.74499e-10 4.90071e-10 7.94373e-10 1.17817e-09 1.61078e-09 2.04822e-09 2.45367e-09 2.82729e-09 3.24013e-09 3.86949e-09 5.03729e-09 7.25148e-09 1.12313e-08 1.78532e-08 2.78986e-08 4.14893e-08 5.72855e-08 7.1967e-08 8.08714e-08 8.01318e-08 6.91465e-08 5.13745e-08 3.25628e-08 1.75406e-08 8.05931e-09 3.18522e-09 1.09104e-09 3.24673e-10 8.3536e-11 1.82943e-11 3.28198e-12 4.37194e-13 3.10087e-14 0 
0 2.65014e-14 2.05011e-13 8.43806e-13 2.58976e-12 6.58027e-12 1.44924e-11 2.83456e-11 4.99627e-11 8.01669e-11 1.18047e-10 1.60813e-10 2.04701e-10 2.47092e-10 2.89604e-10 3.41746e-10 4.24862e-10 5.76237e-10 8.52528e-10 1.32928e-09 2.08911e-09 3.18842e-09 4.59801e-09 6.13656e-09 7.45153e-09 8.11321e-09 7.82297e-09 6.61287e-09 4.86332e-09 3.09662e-09 1.70408e-09 8.11347e-10 3.35124e-10 1.20361e-10 3.75779e-11 1.01415e-11 2.32799e-12 4.37194e-13 6.0853e-14 4.49974e-15 0 
0 1.68013e-15 1.2717e-14 5.12635e-14 1.54291e-13 3.85047e-13 8.34414e-13 1.6091e-12 2.80277e-12 4.45551e-12 6.5197e-12 8.85904e-12 1.13047e-11 1.37773e-11 1.64653e-11 2.00403e-11 2.58901e-11 3.6339e-11 5.47618e-11 8.53544e-11 1.32146e-10 1.96854e-10 2.75726e-10 3.56844e-10 4.20696e-10 4.46358e-10 4.21857e-10 3.52215e-10 2.58193e-10 1.65533e-10 9.26525e-11 4.52709e-11 1.93231e-11 7.20669e-12 2.34384e-12 6.60081e-13 1.58204e-13 3.10087e-14 4.49974e-15 3.4634e-16 0 
0 0 0 0 0 0 0 0 0 0 0 0 0 0 0 0 0 0 0 0 0 0 0 0 0 0 0 0 0 0 0 0 0 0 0 0 0 0 0 0 0 
