0 0 0 0 0 0 0 0 0 0 0 0 0 0 0 0 0 0 0 0 0 0 0 0 0 0 0 0 0 0 0 0 0 0 0 0 0 0 0 0 0 
0 1.24065e-08 1.16363e-07 5.685e-07 2.01631e-06 5.74136e-06 1.37161e-05 2.81762e-05 5.06264e-05 8.06846e-05 0.000115486 0.000150114 0.000178902 0.000196986 0.000201517 0.000192208 0.000171203 0.000142399 0.000110449 7.97081e-05 5.33787e-05 3.30834e-05 1.8935e-05 9.99263e-06 4.85931e-06 2.17788e-06 9.00422e-07 3.43889e-07 1.21522e-07 3.97956e-08 1.20909e-08 3.40953e-09 8.91536e-10 2.15525e-10 4.78678e-11 9.65176e-12 1.72771e-12 2.62534e-13 3.05163e-14 1.93576e-15 0 
0 1.16363e-07 1.13738e-06 5.7735e-06 2.11447e-05 6.16139e-05 0.00014897 0.000306083 0.000544238 0.000851664 0.00119237 0.00151656 0.0017755 0.00193295 0.00197048 0.00188799 0.00170163 0.00144025 0.0011406 0.000841034 0.000574267 0.000361266 0.000208555 0.000110218 5.3288e-05 2.35898e-05 9.58055e-06 3.57896e-06 1.2332e-06 3.92954e-07 1.16027e-07 3.17802e-08 8.07178e-09 1.89623e-09 4.09576e-10 8.03953e-11 1.40259e-11 2.07979e-12 2.36211e-13 1.46593e-14 0 
0 5.685e-07 5.7735e-06 3.02895e-05 0.000113467 0.000333062 0.000796102 0.00158637 0.00269363 0.00399182 0.0052918 0.00641757 0.00724907 0.00772503 0.00782796 0.00756977 0.00698441 0.00612709 0.00507712 0.00393846 0.00283059 0.00186561 0.00111815 0.000606249 0.000296918 0.000131594 5.29879e-05 1.94807e-05 6.57167e-06 2.04312e-06 5.87399e-07 1.56498e-07 3.8654e-08 8.83323e-09 1.85725e-09 3.55224e-10 6.04561e-11 8.75623e-12 9.72637e-13 5.91132e-14 0 
0 2.01631e-06 2.11447e-05 0.000113467 0.000427163 0.00122833 0.00279248 0.00515741 0.0080028 0.010845 0.013309 0.0152142 0.0165118 0.017211 0.0173392 0.016929 0.0160146 0.0146327 0.0128293 0.0106794 0.00831739 0.00595599 0.00385458 0.00222518 0.00113879 0.000517286 0.000209918 7.67835e-05 2.55416e-05 7.78526e-06 2.18688e-06 5.68219e-07 1.36769e-07 3.04578e-08 6.24393e-09 1.16539e-09 1.93758e-10 2.74481e-11 2.98588e-12 1.77945e-13 0 
0 5.74136e-06 6.16139e-05 0.000333062 0.00122833 0.00333266 0.00689369 0.0113616 0.0158084 0.0196374 0.0226833 0.0249599 0.0264993 0.0273222 0.0274512 0.0269233 0.0257908 0.0241117 0.021935 0.0192892 0.0161951 0.01273 0.00912977 0.00581743 0.00323025 0.00155308 0.000650528 0.000240595 7.9749e-05 2.39966e-05 6.6175e-06 1.68288e-06 3.95877e-07 8.6123e-08 1.72515e-08 3.14828e-09 5.12276e-10 7.11013e-11 7.58705e-12 4.44064e-13 0 
0 1.37161e-05 0.00014897 0.000796102 0.00279248 0.00689369 0.0126289 0.0185642 0.0237804 0.0281369 0.0317012 0.0344752 0.0364088 0.0374573 0.0376134 0.0369174 0.0354519 0.0333299 0.0306732 0.0275827 0.0241025 0.0202047 0.015863 0.0112631 0.00696704 0.00366124 0.00162825 0.000621537 0.000208085 6.23528e-05 1.69805e-05 4.24479e-06 9.79258e-07 2.08725e-07 4.09591e-08 7.32571e-09 1.16913e-09 1.59306e-10 1.67066e-11 9.62065e-13 0 
0 2.81762e-05 0.000306083 0.00158637 0.00515741 0.0113616 0.0185642 0.0252091 0.0310296 0.0361474 0.0405279 0.0440244 0.0464905 0.0478334 0.0480312 0.047133 0.0452498 0.0425401 0.0391904 0.0353894 0.0312903 0.0269555 0.0223099 0.0172208 0.0118425 0.00692085 0.0033488 0.00134802 0.000462828 0.00013949 3.77626e-05 9.32372e-06 2.11745e-06 4.43621e-07 8.55281e-08 1.50314e-08 2.35856e-09 3.16229e-10 3.26624e-11 1.85435e-12 0 
0 5.06264e-05 0.000544238 0.00269363 0.0080028 0.0158084 0.0237804 0.0310296 0.0377129 0.0438299 0.0491569 0.0534341 0.0564557 0.0581006 0.0583403 0.0572347 0.054921 0.0515958 0.0474946 0.0428677 0.0379515 0.0329248 0.0278335 0.0225207 0.0167651 0.0108312 0.00576687 0.00248945 0.000889133 0.000272214 7.37522e-05 1.80736e-05 4.05649e-06 8.38188e-07 1.59252e-07 2.75799e-08 4.26601e-09 5.64209e-10 5.75311e-11 3.22741e-12 0 
0 8.06846e-05 0.000851664 0.00399182 0.010845 0.0196374 0.0281369 0.0361474 0.0438299 0.0509711 0.0572149 0.0622313 0.0657737 0.0676997 0.0679759 0.0666733 0.0639532 0.0600467 0.0552308 0.0498029 0.0440546 0.0382399 0.0325201 0.0268613 0.0209713 0.0146421 0.00853354 0.00397855 0.00149309 0.000468212 0.000127721 3.12074e-05 6.94846e-06 1.42082e-06 2.66865e-07 4.56776e-08 6.9845e-09 9.13664e-10 9.22136e-11 5.12456e-12 0 
0 0.000115486 0.00119237 0.0052918 0.013309 0.0226833 0.0317012 0.0405279 0.0491569 0.0572149 0.0642642 0.0699258 0.0739208 0.076089 0.0763937 0.0749157 0.0718376 0.0674206 0.0619775 0.0558445 0.0493537 0.0428062 0.0364344 0.0303191 0.0242568 0.0178323 0.0111866 0.00561137 0.00222039 0.000716756 0.000197739 4.83587e-05 1.07186e-05 2.17607e-06 4.05329e-07 6.87795e-08 1.0428e-08 1.35323e-09 1.3558e-10 7.48586e-12 0 
0 0.000150114 0.00151656 0.00641757 0.0152142 0.0249599 0.0344752 0.0440244 0.0534341 0.0622313 0.0699258 0.0761023 0.0804568 0.0828152 0.0831385 0.0815158 0.0781472 0.0733181 0.0673701 0.0606702 0.0535812 0.0464359 0.0395073 0.0329493 0.0266638 0.0202159 0.0133749 0.00713271 0.00296561 0.000986313 0.000275842 6.77117e-05 1.49857e-05 3.03015e-06 5.61542e-07 9.47755e-08 1.42952e-08 1.84647e-09 1.84285e-10 1.01457e-11 0 
0 0.000178902 0.0017755 0.00724907 0.0165118 0.0264993 0.0364088 0.0464905 0.0564557 0.0657737 0.0739208 0.0804568 0.0850602 0.0875476 0.0878787 0.0861491 0.0825712 0.0774482 0.0711421 0.0640415 0.0565307 0.0489627 0.041634 0.034739 0.0282547 0.0217924 0.014928 0.00833139 0.00360765 0.00123236 0.000349449 8.62577e-05 1.91126e-05 3.86126e-06 7.14386e-07 1.20369e-07 1.81328e-08 2.34102e-09 2.33777e-10 1.28945e-11 0 
0 0.000196986 0.00193295 0.00772503 0.017211 0.0273222 0.0374573 0.0478334 0.0581006 0.0676997 0.076089 0.0828152 0.0875476 0.0900981 0.0904264 0.0886317 0.0849342 0.0796467 0.0731428 0.0658231 0.0580833 0.0502872 0.0427423 0.0356625 0.0290672 0.0226153 0.0158064 0.00908381 0.00404808 0.00141184 0.000405319 0.000100725 2.24038e-05 4.53819e-06 8.4172e-07 1.42244e-07 2.15112e-08 2.79155e-09 2.80653e-10 1.56135e-11 0 
0 0.000201517 0.00197048 0.00782796 0.0173392 0.0274512 0.0376134 0.0480312 0.0583403 0.0679759 0.0763937 0.0831385 0.0878787 0.0904264 0.0907417 0.0889257 0.0852002 0.0798804 0.073342 0.0659876 0.0582145 0.050388 0.0428172 0.0357207 0.029134 0.0227435 0.0160363 0.00934967 0.00423417 0.00149717 0.000434312 0.000108812 2.43784e-05 4.97467e-06 9.30275e-07 1.58718e-07 2.42755e-08 3.19269e-09 3.26045e-10 1.84678e-11 0 
0 0.000192208 0.00188799 0.00756977 0.016929 0.0269233 0.0369174 0.047133 0.0572347 0.0666733 0.0749157 0.0815158 0.0861491 0.0886317 0.0889257 0.0871309 0.0834658 0.0782401 0.071823 0.0646096 0.0569895 0.0493205 0.041905 0.0349549 0.0285006 0.0222352 0.0156721 0.00915183 0.00416476 0.00148417 0.000434777 0.000110166 2.50016e-05 5.17794e-06 9.84984e-07 1.71393e-07 2.68084e-08 3.61543e-09 3.79499e-10 2.21338e-11 0 
0 0.000171203 0.00170163 0.00698441 0.0160146 0.0257908 0.0354519 0.0452498 0.054921 0.0639532 0.0718376 0.0781472 0.0825712 0.0849342 0.0852002 0.0834658 0.0799409 0.0749233 0.0687672 0.0618516 0.0545502 0.0472057 0.0401056 0.0334449 0.0272318 0.0211524 0.0147865 0.00856144 0.00388534 0.00139257 0.000413349 0.000106717 2.47884e-05 5.27597e-06 1.03537e-06 1.86485e-07 3.02718e-08 4.24323e-09 4.63005e-10 2.80363e-11 0 
0 0.000142399 0.00144025 0.00612709 0.0146327 0.0241117 0.0333299 0.0425401 0.0515958 0.0600467 0.0674206 0.0733181 0.0774482 0.0796467 0.0798804 0.0782401 0.0749233 0.0702095 0.0644311 0.0579439 0.0510984 0.0442151 0.0375597 0.0312996 0.0254069 0.0195662 0.013476 0.00769149 0.00347755 0.00126053 0.000383383 0.000102412 2.47899e-05 5.52731e-06 1.14002e-06 2.16038e-07 3.68503e-08 5.40934e-09 6.14999e-10 3.85636e-11 0 
0 0.000110449 0.0011406 0.00507712 0.0128293 0.021935 0.0306732 0.0391904 0.0474946 0.0552308 0.0619775 0.0673701 0.0711421 0.0731428 0.073342 0.071823 0.0687672 0.0644311 0.05912 0.0531603 0.0468734 0.0405519 0.0344317 0.0286416 0.0231147 0.0175669 0.0118738 0.00669098 0.00304425 0.00113612 0.000362427 0.000102782 2.65795e-05 6.3385e-06 1.39363e-06 2.79634e-07 5.00558e-08 7.63596e-09 8.93567e-10 5.71684e-11 0 
0 7.97081e-05 0.000841034 0.00393846 0.0106794 0.0192892 0.0275827 0.0353894 0.0428677 0.0498029 0.0558445 0.0606702 0.0640415 0.0658231 0.0659876 0.0646096 0.0618516 0.0579439 0.0531603 0.0477935 0.0421309 0.0364309 0.0308906 0.0255939 0.0204532 0.0152809 0.0101573 0.00572817 0.00269095 0.00106951 0.000370731 0.00011503 3.24096e-05 8.32414e-06 1.94184e-06 4.07054e-07 7.50601e-08 1.16568e-08 1.37566e-09 8.81208e-11 0 
0 5.33787e-05 0.000574267 0.00283059 0.00831739 0.0161951 0.0241025 0.0312903 0.0379515 0.0440546 0.0493537 0.0535812 0.0565307 0.0580833 0.0582145 0.0569895 0.0545502 0.0510984 0.0468734 0.0421309 0.0371195 0.0320557 0.0270906 0.0222718 0.0175449 0.0128865 0.00852995 0.00495649 0.00250663 0.00110873 0.000432175 0.000149142 4.5673e-05 1.24284e-05 3.00318e-06 6.40705e-07 1.18711e-07 1.83598e-08 2.14496e-09 1.35498e-10 0 
0 3.30834e-05 0.000361266 0.00186561 0.00595599 0.01273 0.0202047 0.0269555 0.0329248 0.0382399 0.0428062 0.0464359 0.0489627 0.0502872 0.050388 0.0493205 0.0472057 0.0442151 0.0405519 0.0364309 0.0320557 0.0275945 0.0231571 0.0187954 0.0145611 0.0106019 0.00716877 0.00446982 0.00254459 0.00129654 0.000576602 0.000219839 7.15975e-05 2.00607e-05 4.87915e-06 1.03291e-06 1.88326e-07 2.85317e-08 3.25808e-09 2.01012e-10 0 
0 1.8935e-05 0.000208555 0.00111815 0.00385458 0.00912977 0.015863 0.0223099 0.0278335 0.0325201 0.0364344 0.0395073 0.041634 0.0427423 0.0428172 0.041905 0.0401056 0.0375597 0.0344317 0.0308906 0.0270906 0.0231571 0.0191935 0.0153218 0.0117283 0.00863488 0.00616952 0.00428008 0.00281353 0.00166787 0.000842973 0.00034951 0.000118084 3.31272e-05 7.90798e-06 1.62863e-06 2.87964e-07 4.22877e-08 4.68466e-09 2.80823e-10 0 
0 9.99263e-06 0.000110218 0.000606249 0.00222518 0.00581743 0.0112631 0.0172208 0.0225207 0.0268613 0.0303191 0.0329493 0.034739 0.0356625 0.0357207 0.0349549 0.0334449 0.0312996 0.0286416 0.0255939 0.0222718 0.0187954 0.0153218 0.0120712 0.00929322 0.00716161 0.00566777 0.00458007 0.00354989 0.00241656 0.00134823 0.000589984 0.000200206 5.43168e-05 1.23566e-05 2.42813e-06 4.11805e-07 5.82628e-08 6.24044e-09 3.62832e-10 0 
0 4.85931e-06 5.3288e-05 0.000296918 0.00113879 0.00323025 0.00696704 0.0118425 0.0167651 0.0209713 0.0242568 0.0266638 0.0282547 0.0290672 0.029134 0.0285006 0.0272318 0.0254069 0.0231147 0.0204532 0.0175449 0.0145611 0.0117283 0.00929322 0.00748847 0.00657805 0.00674165 0.00736935 0.00701437 0.00512292 0.00279139 0.0011531 0.000363765 8.96597e-05 1.8455e-05 3.35195e-06 5.3815e-07 7.3091e-08 7.5682e-09 4.27273e-10 0 
0 2.17788e-06 2.35898e-05 0.000131594 0.000517286 0.00155308 0.00366124 0.00692085 0.0108312 0.0146421 0.0178323 0.0202159 0.0217924 0.0226153 0.0227435 0.0222352 0.0211524 0.0195662 0.0175669 0.0152809 0.0128865 0.0106019 0.00863488 0.00716161 0.00657805 0.00808438 0.0128108 0.0184874 0.019704 0.0145559 0.0074027 0.00267708 0.000726118 0.000152625 2.6639e-05 4.24955e-06 6.31661e-07 8.20531e-08 8.23322e-09 4.52984e-10 0 
0 9.00422e-07 9.58055e-06 5.29879e-05 0.000209918 0.000650528 0.00162825 0.0033488 0.00576687 0.00853354 0.0111866 0.0133749 0.014928 0.0158064 0.0160363 0.0156721 0.0147865 0.013476 0.0118738 0.0101573 0.00852995 0.00716877 0.00616952 0.00566777 0.00674165 0.0128108 0.0265931 0.0422762 0.0464327 0.0343837 0.0170975 0.00578103 0.00139122 0.00025141 3.65578e-05 4.90964e-06 6.57017e-07 8.12419e-08 7.93399e-09 4.27887e-10 0 
0 3.43889e-07 3.57896e-06 1.94807e-05 7.67835e-05 0.000240595 0.000621537 0.00134802 0.00248945 0.00397855 0.00561137 0.00713271 0.00833139 0.00908381 0.00934967 0.00915183 0.00856144 0.00769149 0.00669098 0.00572817 0.00495649 0.00446982 0.00428008 0.00458007 0.00736935 0.0184874 0.0422762 0.0690513 0.0764355 0.0566397 0.0280055 0.00927644 0.00211273 0.000347399 4.39744e-05 5.00733e-06 5.95853e-07 7.00619e-08 6.70392e-09 3.57114e-10 0 
0 1.21522e-07 1.2332e-06 6.57167e-06 2.55416e-05 7.9749e-05 0.000208085 0.000462828 0.000889133 0.00149309 0.00222039 0.00296561 0.00360765 0.00404808 0.00423417 0.00416476 0.00388534 0.00347755 0.00304425 0.00269095 0.00250663 0.00254459 0.00281353 0.00354989 0.00701437 0.019704 0.0464327 0.0764355 0.0847974 0.0628488 0.0310271 0.0102172 0.00228155 0.000358265 4.18279e-05 4.24865e-06 4.5992e-07 5.20305e-08 4.92884e-09 2.61714e-10 0 
0 3.97956e-08 3.92954e-07 2.04312e-06 7.78526e-06 2.39966e-05 6.23528e-05 0.00013949 0.000272214 0.000468212 0.000716756 0.000986313 0.00123236 0.00141184 0.00149717 0.00148417 0.00139257 0.00126053 0.00113612 0.00106951 0.00110873 0.00129654 0.00166787 0.00241656 0.00512292 0.0145559 0.0343837 0.0566397 0.0628488 0.0465823 0.0229941 0.00756868 0.00168377 0.000259797 2.92818e-05 2.82947e-06 2.9433e-07 3.297e-08 3.13775e-09 1.67759e-10 0 
0 1.20909e-08 1.16027e-07 5.87399e-07 2.18688e-06 6.6175e-06 1.69805e-05 3.77626e-05 7.37522e-05 0.000127721 0.000197739 0.000275842 0.000349449 0.000405319 0.000434312 0.000434777 0.000413349 0.000383383 0.000362427 0.000370731 0.000432175 0.000576602 0.000842973 0.00134823 0.00279139 0.0074027 0.0170975 0.0280055 0.0310271 0.0229941 0.0113641 0.00375538 0.000839692 0.000129496 1.46161e-05 1.43544e-06 1.54036e-07 1.77594e-08 1.72652e-09 9.38864e-11 0 
0 3.40953e-09 3.17802e-08 1.56498e-07 5.68219e-07 1.68288e-06 4.24479e-06 9.32372e-06 1.80736e-05 3.12074e-05 4.83587e-05 6.77117e-05 8.62577e-05 0.000100725 0.000108812 0.000110166 0.000106717 0.000102412 0.000102782 0.00011503 0.000149142 0.000219839 0.00034951 0.000589984 0.0011531 0.00267708 0.00578103 0.00927644 0.0102172 0.00756868 0.00375538 0.0012522 0.000282945 4.43207e-05 5.21773e-06 5.59919e-07 6.64759e-08 8.16098e-09 8.21988e-10 4.58698e-11 0 
0 8.91536e-10 8.07178e-09 3.8654e-08 1.36769e-07 3.95877e-07 9.79258e-07 2.11745e-06 4.05649e-06 6.94846e-06 1.07186e-05 1.49857e-05 1.91126e-05 2.24038e-05 2.43784e-05 2.50016e-05 2.47884e-05 2.47899e-05 2.65795e-05 3.24096e-05 4.5673e-05 7.15975e-05 0.000118084 0.000200206 0.000363765 0.000726118 0.00139122 0.00211273 0.00228155 0.00168377 0.000839692 0.000282945 6.51149e-05 1.06583e-05 1.38997e-06 1.76328e-07 2.4279e-08 3.22599e-09 3.39511e-10 1.95775e-11 0 
0 2.15525e-10 1.89623e-09 8.83323e-09 3.04578e-08 8.6123e-08 2.08725e-07 4.43621e-07 8.38188e-07 1.42082e-06 2.17607e-06 3.03015e-06 3.86126e-06 4.53819e-06 4.97467e-06 5.17794e-06 5.27597e-06 5.52731e-06 6.3385e-06 8.32414e-06 1.24284e-05 2.00607e-05 3.31272e-05 5.43168e-05 8.96597e-05 0.000152625 0.00025141 0.000347399 0.000358265 0.000259797 0.000129496 4.43207e-05 1.06583e-05 1.93021e-06 3.03319e-07 4.80847e-08 7.7036e-09 1.10516e-09 1.21935e-10 7.30128e-12 0 
0 4.78678e-11 4.09576e-10 1.85725e-09 6.24393e-09 1.72515e-08 4.09591e-08 8.55281e-08 1.59252e-07 2.66865e-07 4.05329e-07 5.61542e-07 7.14386e-07 8.4172e-07 9.30275e-07 9.84984e-07 1.03537e-06 1.14002e-06 1.39363e-06 1.94184e-06 3.00318e-06 4.87915e-06 7.90798e-06 1.23566e-05 1.8455e-05 2.6639e-05 3.65578e-05 4.39744e-05 4.18279e-05 2.92818e-05 1.46161e-05 5.21773e-06 1.38997e-06 3.03319e-07 6.1014e-08 1.19041e-08 2.14617e-09 3.28893e-10 3.80688e-11 2.37454e-12 0 
0 9.65176e-12 8.03953e-11 3.55224e-10 1.16539e-09 3.14828e-09 7.32571e-09 1.50314e-08 2.75799e-08 4.56776e-08 6.87795e-08 9.47755e-08 1.20369e-07 1.42244e-07 1.58718e-07 1.71393e-07 1.86485e-07 2.16038e-07 2.79634e-07 4.07054e-07 6.40705e-07 1.03291e-06 1.62863e-06 2.42813e-06 3.35195e-06 4.24955e-06 4.90964e-06 5.00733e-06 4.24865e-06 2.82947e-06 1.43544e-06 5.59919e-07 1.76328e-07 4.80847e-08 1.19041e-08 2.66623e-09 5.21601e-10 8.46239e-11 1.02739e-11 6.68714e-13 0 
0 1.72771e-12 1.40259e-11 6.04561e-11 1.93758e-10 5.12276e-10 1.16913e-09 2.35856e-09 4.26601e-09 6.9845e-09 1.0428e-08 1.42952e-08 1.81328e-08 2.15112e-08 2.42755e-08 2.68084e-08 3.02718e-08 3.68503e-08 5.00558e-08 7.50601e-08 1.18711e-07 1.88326e-07 2.87964e-07 4.11805e-07 5.3815e-07 6.31661e-07 6.57017e-07 5.95853e-07 4.5992e-07 2.9433e-07 1.54036e-07 6.64759e-08 2.4279e-08 7.7036e-09 2.14617e-09 5.21601e-10 1.08455e-10 1.85328e-11 2.35837e-12 1.60272e-13 0 
0 2.62534e-13 2.07979e-12 8.75623e-12 2.74481e-11 7.11013e-11 1.59306e-10 3.16229e-10 5.64209e-10 9.13664e-10 1.35323e-09 1.84647e-09 2.34102e-09 2.79155e-09 3.19269e-09 3.61543e-09 4.24323e-09 5.40934e-09 7.63596e-09 1.16568e-08 1.83598e-08 2.85317e-08 4.22877e-08 5.82628e-08 7.3091e-08 8.20531e-08 8.12419e-08 7.00619e-08 5.20305e-08 3.297e-08 1.77594e-08 8.16098e-09 3.22599e-09 1.10516e-09 3.28893e-10 8.46239e-11 1.85328e-11 3.32478e-12 4.42901e-13 3.14139e-14 0 
0 3.05163e-14 2.36211e-13 9.72637e-13 2.98588e-12 7.58705e-12 1.67066e-11 3.26624e-11 5.75311e-11 9.22136e-11 1.3558e-10 1.84285e-10 2.33777e-10 2.80653e-10 3.26045e-10 3.79499e-10 4.63005e-10 6.14999e-10 8.93567e-10 1.37566e-09 2.14496e-09 3.25808e-09 4.68466e-09 6.24044e-09 7.5682e-09 8.23322e-09 7.93399e-09 6.70392e-09 4.92884e-09 3.13775e-09 1.72652e-09 8.21988e-10 3.39511e-10 1.21935e-10 3.80688e-11 1.02739e-11 2.35837e-12 4.42901e-13 6.16476e-14 4.55853e-15 0 
0 1.93576e-15 1.46593e-14 5.91132e-14 1.77945e-13 4.44064e-13 9.62065e-13 1.85435e-12 3.22741e-12 5.12456e-12 7.48586e-12 1.01457e-11 1.28945e-11 1.56135e-11 1.84678e-11 2.21338e-11 2.80363e-11 3.85636e-11 5.71684e-11 8.81208e-11 1.35498e-10 2.01012e-10 2.80823e-10 3.62832e-10 4.27273e-10 4.52984e-10 4.27887e-10 3.57114e-10 2.61714e-10 1.67759e-10 9.38864e-11 4.58698e-11 1.95775e-11 7.30128e-12 2.37454e-12 6.68714e-13 1.60272e-13 3.14139e-14 4.55853e-15 3.50866e-16 0 
0 0 0 0 0 0 0 0 0 0 0 0 0 0 0 0 0 0 0 0 0 0 0 0 0 0 0 0 0 0 0 0 0 0 0 0 0 0 0 0 0 
