0 0 0 0 0 0 0 0 0 0 0 0 0 0 0 0 0 0 0 0 0 0 0 0 0 0 0 0 0 0 0 0 0 0 0 0 0 0 0 0 0 
0 1.89789e-07 1.69925e-06 7.55311e-06 2.30805e-05 5.38351e-05 0.000101607 0.000162363 0.000228255 0.000291303 0.000345708 0.000388211 0.000417449 0.000433197 0.000435831 0.000426049 0.000404773 0.000373187 0.000332843 0.000285816 0.000234819 0.000183167 0.00013447 9.20499e-05 5.82183e-05 3.37433e-05 1.7809e-05 8.5242e-06 3.69405e-06 1.44974e-06 5.15953e-07 1.66784e-07 4.90095e-08 1.30789e-08 3.15654e-09 6.82231e-10 1.29381e-10 2.06235e-11 2.49402e-12 1.63471e-13 0 
0 1.69925e-06 1.56007e-05 6.86787e-05 0.000198242 0.000417197 0.000689948 0.000960414 0.0011923 0.00137626 0.00151614 0.00161772 0.00168486 0.00171976 0.00172406 0.00169956 0.00164838 0.0015726 0.00147368 0.00135194 0.00120678 0.00103814 0.000849302 0.00065005 0.000457309 0.000290828 0.000165062 8.30085e-05 3.69436e-05 1.4602e-05 5.15608e-06 1.63655e-06 4.69094e-07 1.21653e-07 2.84819e-08 5.96908e-09 1.09815e-09 1.69989e-10 1.99903e-11 1.27615e-12 0 
0 7.55311e-06 6.86787e-05 0.000281335 0.000704049 0.00123262 0.00171283 0.00209837 0.00241568 0.00268906 0.00292287 0.00311047 0.00324329 0.00331538 0.00332497 0.00327474 0.00317123 0.00302397 0.00284409 0.00264245 0.00242702 0.00219964 0.00195339 0.00167422 0.00135144 0.0009957 0.000648777 0.000365165 0.000175804 7.26563e-05 2.60878e-05 8.25443e-06 2.32906e-06 5.90283e-07 1.34559e-07 2.7417e-08 4.90348e-09 7.38429e-10 8.45832e-11 5.26725e-12 0 
0 2.30805e-05 0.000198242 0.000704049 0.00144251 0.00212223 0.00268574 0.00320913 0.00372203 0.00420791 0.00463799 0.00498612 0.00523306 0.00536766 0.005387 0.00529596 0.00510616 0.00483456 0.0045018 0.00413045 0.0037432 0.00336053 0.00299652 0.00265175 0.00230497 0.0019158 0.00145641 0.000962024 0.000530852 0.000241395 9.14489e-05 2.95368e-05 8.32317e-06 2.07983e-06 4.64292e-07 9.23517e-08 1.61075e-08 2.366e-09 2.64582e-10 1.61057e-11 0 
0 5.38351e-05 0.000417197 0.00123262 0.00212223 0.00289116 0.0036567 0.00446326 0.00527511 0.00604122 0.00671489 0.00725782 0.00764214 0.0078517 0.00788253 0.00774219 0.00744831 0.00702637 0.00650715 0.00592404 0.00531063 0.00469874 0.00411684 0.00358737 0.00311931 0.00269269 0.00224664 0.00171277 0.00111094 0.000581136 0.000242197 8.22822e-05 2.35964e-05 5.8807e-06 1.29503e-06 2.52751e-07 4.31583e-08 6.20327e-09 6.7909e-10 4.05065e-11 0 
0 0.000101607 0.000689948 0.00171283 0.00268574 0.0036567 0.00473371 0.00588054 0.00702672 0.00810297 0.00904687 0.00980653 0.0103439 0.0106369 0.0106803 0.0104845 0.010074 0.00948406 0.00875707 0.00793881 0.00707494 0.00620808 0.0053759 0.00461009 0.00393513 0.00336151 0.00286443 0.00235999 0.00174899 0.00106573 0.000504405 0.000185741 5.53514e-05 1.3938e-05 3.05284e-06 5.87925e-07 9.87045e-08 1.39309e-08 1.49746e-09 8.77575e-11 0 
0 0.000162363 0.000960414 0.00209837 0.00320913 0.00446326 0.00588054 0.00738109 0.0088754 0.0102761 0.0115035 0.0124907 0.0131888 0.0135694 0.0136254 0.0133707 0.012837 0.01207 0.0111244 0.0100593 0.0089332 0.0078006 0.00670888 0.00569691 0.00479504 0.00402482 0.00339062 0.00284896 0.00227999 0.0015786 0.000855588 0.00034889 0.000110109 2.8375e-05 6.23238e-06 1.19105e-06 1.97453e-07 2.74627e-08 2.90755e-09 1.67874e-10 0 
0 0.000228255 0.0011923 0.00241568 0.00372203 0.00527511 0.00702672 0.0088754 0.0107139 0.0124362 0.0139446 0.0151583 0.0160188 0.01649 0.0165591 0.0162421 0.0155815 0.0146363 0.013473 0.0121628 0.0107769 0.0093815 0.00803406 0.00678095 0.00565723 0.00468779 0.00388714 0.0032435 0.00267273 0.00201455 0.00123084 0.000559488 0.000189399 5.04735e-05 1.11975e-05 2.13446e-06 3.50825e-07 4.82494e-08 5.04658e-09 2.87847e-10 0 
0 0.000291303 0.00137626 0.00268906 0.00420791 0.00604122 0.00810297 0.0102761 0.0124362 0.0144589 0.0162321 0.0176672 0.0186975 0.0192685 0.0193526 0.0189662 0.0181681 0.0170411 0.015668 0.0141274 0.0124986 0.010858 0.00927236 0.00779536 0.00646679 0.00531369 0.00435277 0.00358598 0.00296536 0.00234073 0.00156645 0.000787281 0.000286987 7.95824e-05 1.79257e-05 3.42236e-06 5.59641e-07 7.63447e-08 7.91108e-09 4.46929e-10 0 
0 0.000345708 0.00151614 0.00292287 0.00463799 0.00671489 0.00904687 0.0115035 0.0139446 0.0162321 0.0182479 0.0198954 0.0210746 0.0217123 0.0218035 0.0213739 0.020465 0.0191648 0.0175911 0.0158421 0.014 0.0121453 0.0103521 0.00868027 0.00717407 0.00586253 0.00476269 0.0038806 0.00319022 0.00257079 0.00182963 0.000998835 0.000390157 0.000112695 2.58388e-05 4.95455e-06 8.08277e-07 1.09663e-07 1.1287e-08 6.33101e-10 0 
0 0.000388211 0.00161772 0.00311047 0.00498612 0.00725782 0.00980653 0.0124907 0.0151583 0.0176672 0.0198954 0.0216913 0.0228999 0.0235097 0.0235912 0.0231804 0.0222715 0.0208852 0.0191477 0.0172176 0.0151994 0.0131728 0.0112135 0.00938621 0.00773845 0.00630112 0.0050913 0.00411565 0.00335894 0.00272639 0.00201551 0.00117007 0.000484115 0.000145071 3.38471e-05 6.52658e-06 1.06428e-06 1.43925e-07 1.4747e-08 8.23096e-10 0 
0 0.000417449 0.00168486 0.00324329 0.00523306 0.00764214 0.0103439 0.0131888 0.0160188 0.0186975 0.0210746 0.0228999 0.0240409 0.0245939 0.0246632 0.0242841 0.0234336 0.0220696 0.0202535 0.0181883 0.0160382 0.0138891 0.0118133 0.00987707 0.00813041 0.00660542 0.0053192 0.00427809 0.00347157 0.00282204 0.00213162 0.0012892 0.000556344 0.000171579 4.06204e-05 7.87575e-06 1.28524e-06 1.73544e-07 1.77371e-08 9.87106e-10 0 
0 0.000433197 0.00171976 0.00331538 0.00536766 0.0078517 0.0106369 0.0135694 0.01649 0.0192685 0.0217123 0.0235097 0.0245939 0.025113 0.0251743 0.024811 0.023998 0.0226736 0.0208446 0.0187083 0.0164814 0.0142647 0.0121264 0.0101321 0.00833287 0.00676145 0.00543487 0.00435906 0.00352532 0.00286517 0.00218718 0.00135324 0.000598868 0.000188095 4.49744e-05 8.75773e-06 1.43109e-06 1.93218e-07 1.97327e-08 1.09702e-09 0 
0 0.000435831 0.00172406 0.00332497 0.005387 0.00788253 0.0106803 0.0136254 0.0165591 0.0193526 0.0218035 0.0235912 0.0246632 0.0251743 0.0252316 0.0248678 0.0240578 0.0227382 0.0209071 0.0187587 0.0165194 0.0142934 0.0121472 0.0101463 0.00834148 0.00676533 0.00543471 0.00435531 0.00351881 0.00285938 0.00218903 0.00136365 0.000608511 0.000192419 4.621e-05 9.02189e-06 1.47665e-06 1.99592e-07 2.04016e-08 1.13509e-09 0 
0 0.000426049 0.00169956 0.00327474 0.00529596 0.00774219 0.0104845 0.0133707 0.0162421 0.0189662 0.0213739 0.0231804 0.0242841 0.024811 0.0248678 0.0244885 0.0236491 0.0222965 0.0204643 0.0183581 0.0161699 0.0139904 0.0118886 0.00992982 0.00816384 0.0066225 0.00532228 0.00426885 0.00345317 0.00280659 0.0021409 0.00132368 0.000586277 0.000184602 4.42882e-05 8.65506e-06 1.41935e-06 1.92304e-07 1.97073e-08 1.0994e-09 0 
0 0.000404773 0.00164838 0.00317123 0.00510616 0.00744831 0.010074 0.012837 0.0155815 0.0181681 0.020465 0.0222715 0.0234336 0.023998 0.0240578 0.0236491 0.0227553 0.0213613 0.0195664 0.0175604 0.0154753 0.0133905 0.011379 0.00950546 0.00781764 0.00634608 0.00510687 0.00410572 0.00333147 0.00270743 0.00204392 0.0012377 0.000536702 0.000166756 3.98024e-05 7.77892e-06 1.27914e-06 1.73997e-07 1.79127e-08 1.00412e-09 0 
0 0.000373187 0.0015726 0.00302397 0.00483456 0.00702637 0.00948406 0.01207 0.0146363 0.0170411 0.0191648 0.0208852 0.0220696 0.0226736 0.0227382 0.0222965 0.0213613 0.0199862 0.0183021 0.016441 0.0144948 0.0125425 0.0106589 0.00890569 0.00732798 0.00595468 0.00480147 0.003874 0.00315673 0.00256028 0.00189761 0.00111212 0.000467379 0.000142503 3.37839e-05 6.60722e-06 1.09135e-06 1.49389e-07 1.54892e-08 8.74785e-10 0 
0 0.000332843 0.00147368 0.00284409 0.0045018 0.00650715 0.00875707 0.0111244 0.013473 0.015668 0.0175911 0.0191477 0.0202535 0.0208446 0.0209071 0.0204643 0.0195664 0.0183021 0.0167761 0.01508 0.0132962 0.0115045 0.00977634 0.00816902 0.00672436 0.0054696 0.00442021 0.00358107 0.00292898 0.00236005 0.00170209 0.000957335 0.000388371 0.000116205 2.7423e-05 5.38335e-06 8.96204e-07 1.2387e-07 1.29779e-08 7.40779e-10 0 
0 0.000285816 0.00135194 0.00264245 0.00413045 0.00592404 0.00793881 0.0100593 0.0121628 0.0141274 0.0158421 0.0172176 0.0181883 0.0187083 0.0187587 0.0183581 0.0175604 0.016441 0.01508 0.0135571 0.0119516 0.0103385 0.00878273 0.00733625 0.00603746 0.0049121 0.0039754 0.00322993 0.00264187 0.00209891 0.00146278 0.000789451 0.000311091 9.21049e-05 2.18002e-05 4.32264e-06 7.2903e-07 1.02178e-07 1.08552e-08 6.27983e-10 0 
0 0.000234819 0.00120678 0.00242702 0.0037432 0.00531063 0.00707494 0.0089332 0.0107769 0.0124986 0.014 0.0151994 0.0160382 0.0164814 0.0165194 0.0161699 0.0154753 0.0144948 0.0132962 0.0119516 0.0105328 0.00910607 0.00772876 0.00644727 0.00529652 0.00430077 0.0034744 0.0028155 0.00228226 0.0017729 0.00119682 0.000629956 0.000246489 7.35982e-05 1.77062e-05 3.57649e-06 6.14205e-07 8.75339e-08 9.44011e-09 5.5342e-10 0 
0 0.000183167 0.00103814 0.00219964 0.00336053 0.00469874 0.00620808 0.0078006 0.0093815 0.010858 0.0121453 0.0131728 0.0138891 0.0142647 0.0142934 0.0139904 0.0133905 0.0125425 0.0115045 0.0103385 0.00910607 0.00786385 0.00666122 0.00553866 0.00452744 0.00365003 0.00291861 0.00232799 0.00184358 0.00139825 0.000936146 0.000501031 0.000202754 6.27815e-05 1.55754e-05 3.22092e-06 5.62897e-07 8.12695e-08 8.84917e-09 5.22432e-10 0 
0 0.00013447 0.000849302 0.00195339 0.00299652 0.00411684 0.0053759 0.00670888 0.00803406 0.00927236 0.0103521 0.0112135 0.0118133 0.0121264 0.0121472 0.0118886 0.011379 0.0106589 0.00977634 0.00878273 0.00772876 0.00666122 0.00562105 0.00464244 0.00375322 0.00297537 0.00232304 0.00179695 0.00137964 0.00103545 0.000718168 0.000415164 0.000182671 6.01888e-05 1.54785e-05 3.25626e-06 5.72656e-07 8.27154e-08 8.98242e-09 5.27943e-10 0 
0 9.20499e-05 0.00065005 0.00167422 0.00265175 0.00358737 0.00461009 0.00569691 0.00678095 0.00779536 0.00868027 0.00938621 0.00987707 0.0101321 0.0101463 0.00992982 0.00950546 0.00890569 0.00816902 0.00733625 0.00644727 0.00553866 0.00464244 0.00378715 0.00300385 0.00233616 0.00182707 0.001461 0.00115483 0.00085853 0.000594596 0.000369864 0.000181427 6.44564e-05 1.70797e-05 3.60001e-06 6.26509e-07 8.9165e-08 9.53184e-09 5.51692e-10 0 
0 5.82183e-05 0.000457309 0.00135144 0.00230497 0.00311931 0.00393513 0.00479504 0.00565723 0.00646679 0.00717407 0.00773845 0.00813041 0.00833287 0.00834148 0.00816384 0.00781764 0.00732798 0.00672436 0.00603746 0.00529652 0.00452744 0.00375322 0.00300385 0.00235422 0.00196178 0.00194169 0.00210075 0.00199737 0.00146731 0.00083196 0.000413886 0.00019534 7.27097e-05 1.95881e-05 4.07422e-06 6.92316e-07 9.60823e-08 1.00323e-08 5.68433e-10 0 
0 3.37433e-05 0.000290828 0.0009957 0.0019158 0.00269269 0.00336151 0.00402482 0.00468779 0.00531369 0.00586253 0.00630112 0.00660542 0.00676145 0.00676533 0.0066225 0.00634608 0.00595468 0.0054696 0.0049121 0.00430077 0.00365003 0.00297537 0.00233616 0.00196178 0.00230543 0.00363455 0.00524711 0.00563585 0.00412897 0.00210168 0.000777119 0.000256081 8.40735e-05 2.19889e-05 4.42866e-06 7.28103e-07 9.81488e-08 9.99361e-09 5.54062e-10 0 
0 1.7809e-05 0.000165062 0.000648777 0.00145641 0.00224664 0.00286443 0.00339062 0.00388714 0.00435277 0.00476269 0.0050913 0.0053192 0.00543487 0.00543471 0.00532228 0.00510687 0.00480147 0.00442021 0.0039754 0.0034744 0.00291861 0.00232304 0.00182707 0.00194169 0.00363455 0.00754748 0.0131873 0.01501 0.0100714 0.00484981 0.0016418 0.000414721 0.000101487 2.34481e-05 4.42815e-06 6.98041e-07 9.14337e-08 9.1081e-09 4.95928e-10 0 
0 8.5242e-06 8.30085e-05 0.000365165 0.000962024 0.00171277 0.00235999 0.00284896 0.0032435 0.00358598 0.0038806 0.00411565 0.00427809 0.00435906 0.00435531 0.00426885 0.00410572 0.003874 0.00358107 0.00322993 0.0028155 0.00232799 0.00179695 0.001461 0.00210075 0.00524711 0.0131873 0.0181972 0.0187497 0.0168488 0.00831326 0.00263158 0.000607475 0.000119086 2.30207e-05 3.94792e-06 5.92259e-07 7.56669e-08 7.42331e-09 3.99564e-10 0 
0 3.69405e-06 3.69436e-05 0.000175804 0.000530852 0.00111094 0.00174899 0.00227999 0.00267273 0.00296536 0.00319022 0.00335894 0.00347157 0.00352532 0.00351881 0.00345317 0.00333147 0.00315673 0.00292898 0.00264187 0.00228226 0.00184358 0.00137964 0.00115483 0.00199737 0.00563585 0.01501 0.0187497 0.0191991 0.0177484 0.00984586 0.00289828 0.000652311 0.000116071 1.95025e-05 3.03442e-06 4.34861e-07 5.46608e-08 5.3307e-09 2.86032e-10 0 
0 1.44974e-06 1.4602e-05 7.26563e-05 0.000241395 0.000581136 0.00106573 0.0015786 0.00201455 0.00234073 0.00257079 0.00272639 0.00282204 0.00286517 0.00285938 0.00280659 0.00270743 0.00256028 0.00236005 0.00209891 0.0017729 0.00139825 0.00103545 0.00085853 0.00146731 0.00412897 0.0100714 0.0168488 0.0177484 0.0142445 0.00653702 0.00214719 0.000483163 8.44479e-05 1.32428e-05 1.93919e-06 2.71517e-07 3.40908e-08 3.34269e-09 1.80477e-10 0 
0 5.15953e-07 5.15608e-06 2.60878e-05 9.14489e-05 0.000242197 0.000504405 0.000855588 0.00123084 0.00156645 0.00182963 0.00201551 0.00213162 0.00218718 0.00218903 0.0021409 0.00204392 0.00189761 0.00170209 0.00146278 0.00119682 0.000936146 0.000718168 0.000594596 0.00083196 0.00210168 0.00484981 0.00831326 0.00984586 0.00653702 0.00322352 0.00106673 0.00024567 4.42896e-05 6.89748e-06 1.00628e-06 1.42797e-07 1.82627e-08 1.82235e-09 9.99342e-11 0 
0 1.66784e-07 1.63655e-06 8.25443e-06 2.95368e-05 8.22822e-05 0.000185741 0.00034889 0.000559488 0.000787281 0.000998835 0.00117007 0.0012892 0.00135324 0.00136365 0.00132368 0.0012377 0.00111212 0.000957335 0.000789451 0.000629956 0.000501031 0.000415164 0.000369864 0.000413886 0.000777119 0.0016418 0.00263158 0.00289828 0.00214719 0.00106673 0.000360713 8.80637e-05 1.68597e-05 2.75067e-06 4.24549e-07 6.33629e-08 8.40554e-09 8.62933e-10 4.84744e-11 0 
0 4.90095e-08 4.69094e-07 2.32906e-06 8.32317e-06 2.35964e-05 5.53514e-05 0.000110109 0.000189399 0.000286987 0.000390157 0.000484115 0.000556344 0.000598868 0.000608511 0.000586277 0.000536702 0.000467379 0.000388371 0.000311091 0.000246489 0.000202754 0.000182671 0.000181427 0.00019534 0.000256081 0.000414721 0.000607475 0.000652311 0.000483163 0.00024567 8.80637e-05 2.32956e-05 4.83709e-06 8.7228e-07 1.49208e-07 2.39669e-08 3.33623e-09 3.55298e-10 2.05888e-11 0 
0 1.30789e-08 1.21653e-07 5.90283e-07 2.07983e-06 5.8807e-06 1.3938e-05 2.8375e-05 5.04735e-05 7.95824e-05 0.000112695 0.000145071 0.000171579 0.000188095 0.000192419 0.000184602 0.000166756 0.000142503 0.000116205 9.21049e-05 7.35982e-05 6.27815e-05 6.01888e-05 6.44564e-05 7.27097e-05 8.40735e-05 0.000101487 0.000119086 0.000116071 8.44479e-05 4.42896e-05 1.68597e-05 4.83709e-06 1.12765e-06 2.33963e-07 4.50416e-08 7.8162e-09 1.14669e-09 1.27356e-10 7.65333e-12 0 
0 3.15654e-09 2.84819e-08 1.34559e-07 4.64292e-07 1.29503e-06 3.05284e-06 6.23238e-06 1.11975e-05 1.79257e-05 2.58388e-05 3.38471e-05 4.06204e-05 4.49744e-05 4.621e-05 4.42882e-05 3.98024e-05 3.37839e-05 2.7423e-05 2.18002e-05 1.77062e-05 1.55754e-05 1.54785e-05 1.70797e-05 1.95881e-05 2.19889e-05 2.34481e-05 2.30207e-05 1.95025e-05 1.32428e-05 6.89748e-06 2.75067e-06 8.7228e-07 2.33963e-07 5.5743e-08 1.18859e-08 2.21051e-09 3.41839e-10 3.97127e-11 2.48367e-12 0 
0 6.82231e-10 5.96908e-09 2.7417e-08 9.23517e-08 2.52751e-07 5.87925e-07 1.19105e-06 2.13446e-06 3.42236e-06 4.95455e-06 6.52658e-06 7.87575e-06 8.75773e-06 9.02189e-06 8.65506e-06 7.77892e-06 6.60722e-06 5.38335e-06 4.32264e-06 3.57649e-06 3.22092e-06 3.25626e-06 3.60001e-06 4.07422e-06 4.42866e-06 4.42815e-06 3.94792e-06 3.03442e-06 1.93919e-06 1.00628e-06 4.24549e-07 1.49208e-07 4.50416e-08 1.18859e-08 2.73738e-09 5.40635e-10 8.80239e-11 1.07103e-11 6.98508e-13 0 
0 1.29381e-10 1.09815e-09 4.90348e-09 1.61075e-08 4.31583e-08 9.87045e-08 1.97453e-07 3.50825e-07 5.59641e-07 8.08277e-07 1.06428e-06 1.28524e-06 1.43109e-06 1.47665e-06 1.41935e-06 1.27914e-06 1.09135e-06 8.96204e-07 7.2903e-07 6.14205e-07 5.62897e-07 5.72656e-07 6.26509e-07 6.92316e-07 7.28103e-07 6.98041e-07 5.92259e-07 4.34861e-07 2.71517e-07 1.42797e-07 6.33629e-08 2.39669e-08 7.8162e-09 2.21051e-09 5.40635e-10 1.12702e-10 1.92884e-11 2.45799e-12 1.67288e-13 0 
0 2.06235e-11 1.69989e-10 7.38429e-10 2.366e-09 6.20327e-09 1.39309e-08 2.74627e-08 4.82494e-08 7.63447e-08 1.09663e-07 1.43925e-07 1.73544e-07 1.93218e-07 1.99592e-07 1.92304e-07 1.73997e-07 1.49389e-07 1.2387e-07 1.02178e-07 8.75339e-08 8.12695e-08 8.27154e-08 8.9165e-08 9.60823e-08 9.81488e-08 9.14337e-08 7.56669e-08 5.46608e-08 3.40908e-08 1.82627e-08 8.40554e-09 3.33623e-09 1.14669e-09 3.41839e-10 8.80239e-11 1.92884e-11 3.46271e-12 4.61674e-13 3.27793e-14 0 
0 2.49402e-12 1.99903e-11 8.45832e-11 2.64582e-10 6.7909e-10 1.49746e-09 2.90755e-09 5.04658e-09 7.91108e-09 1.1287e-08 1.4747e-08 1.77371e-08 1.97327e-08 2.04016e-08 1.97073e-08 1.79127e-08 1.54892e-08 1.29779e-08 1.08552e-08 9.44011e-09 8.84917e-09 8.98242e-09 9.53184e-09 1.00323e-08 9.99361e-09 9.1081e-09 7.42331e-09 5.3307e-09 3.34269e-09 1.82235e-09 8.62933e-10 3.55298e-10 1.27356e-10 3.97127e-11 1.07103e-11 2.45799e-12 4.61674e-13 6.42883e-14 4.75693e-15 0 
0 1.63471e-13 1.27615e-12 5.26725e-12 1.61057e-11 4.05065e-11 8.77575e-11 1.67874e-10 2.87847e-10 4.46929e-10 6.33101e-10 8.23096e-10 9.87106e-10 1.09702e-09 1.13509e-09 1.0994e-09 1.00412e-09 8.74785e-10 7.40779e-10 6.27983e-10 5.5342e-10 5.22432e-10 5.27943e-10 5.51692e-10 5.68433e-10 5.54062e-10 4.95928e-10 3.99564e-10 2.86032e-10 1.80477e-10 9.99342e-11 4.84744e-11 2.05888e-11 7.65333e-12 2.48367e-12 6.98508e-13 1.67288e-13 3.27793e-14 4.75693e-15 3.66254e-16 0 
0 0 0 0 0 0 0 0 0 0 0 0 0 0 0 0 0 0 0 0 0 0 0 0 0 0 0 0 0 0 0 0 0 0 0 0 0 0 0 0 0 
