0 0 0 0 0 0 0 0 0 0 0 0 0 0 0 0 0 0 0 0 0 0 0 0 0 0 0 0 0 0 0 0 0 0 0 0 0 0 0 0 0 
0 1.35074e-07 1.16105e-06 4.76356e-06 1.29222e-05 2.60524e-05 4.21535e-05 5.82403e-05 7.21443e-05 8.30294e-05 9.09644e-05 9.63767e-05 9.97204e-05 0.000101347 0.000101486 0.00010026 9.77057e-05 9.37883e-05 8.84246e-05 8.15237e-05 7.30568e-05 6.31483e-05 5.21625e-05 4.07396e-05 2.97341e-05 2.00365e-05 1.23229e-05 6.84973e-06 3.41691e-06 1.5238e-06 6.06964e-07 2.16161e-07 6.89326e-08 1.96918e-08 5.02651e-09 1.1372e-09 2.23791e-10 3.67511e-11 4.55182e-12 3.04122e-13 0 
0 1.16105e-06 9.95736e-06 3.81182e-05 8.93692e-05 0.000147583 0.00019342 0.000222269 0.000239673 0.000251559 0.000260914 0.000268453 0.000273897 0.000276801 0.000276935 0.0002744 0.000269604 0.000263164 0.000255721 0.000247683 0.000238893 0.000228322 0.000214 0.000193505 0.000165222 0.000130008 9.20358e-05 5.74471e-05 3.12014e-05 1.46752e-05 5.99263e-06 2.13968e-06 6.73424e-07 1.87971e-07 4.6615e-08 1.02178e-08 1.94664e-09 3.09622e-10 3.71873e-11 2.41339e-12 0 
0 4.76356e-06 3.81182e-05 0.000122076 0.000220649 0.000284085 0.000317754 0.000345175 0.000375923 0.000408988 0.000440528 0.000467096 0.000486309 0.000496825 0.00049821 0.000490824 0.000475706 0.000454455 0.00042913 0.000402136 0.000376078 0.000353419 0.000335707 0.000322217 0.000308401 0.000285688 0.00024523 0.000185931 0.000119628 6.38806e-05 2.82622e-05 1.04975e-05 3.33588e-06 9.22218e-07 2.24003e-07 4.78173e-08 8.85074e-09 1.3672e-09 1.59604e-10 1.00821e-11 0 
0 1.29222e-05 8.93692e-05 0.000220649 0.000311281 0.000361642 0.000415939 0.000483724 0.000557608 0.0006296 0.000693764 0.000745791 0.000782713 0.00080284 0.000805733 0.000792118 0.000763736 0.000723129 0.000673409 0.000618025 0.000560618 0.000504972 0.000455081 0.000414992 0.000387613 0.000371512 0.000356434 0.000323061 0.00025625 0.000166269 8.52718e-05 3.47025e-05 1.15205e-05 3.22028e-06 7.75671e-07 1.62512e-07 2.93804e-08 4.42529e-09 5.03736e-10 3.10586e-11 0 
0 2.60524e-05 0.000147583 0.000284085 0.000361642 0.000442679 0.00054849 0.000667752 0.000789011 0.00090358 0.00100434 0.00108554 0.00114302 0.00117437 0.00117898 0.00115799 0.00111403 0.00105093 0.000973267 0.000886054 0.000794319 0.000702875 0.000616236 0.000538827 0.000475419 0.000430852 0.00040667 0.00039307 0.000362881 0.000288033 0.000179263 8.42078e-05 3.0401e-05 8.81666e-06 2.13891e-06 4.44066e-07 7.89207e-08 1.1646e-08 1.29759e-09 7.83411e-11 0 
0 4.21535e-05 0.00019342 0.000317754 0.000415939 0.00054849 0.000708119 0.000879549 0.00105098 0.00121195 0.00135313 0.00146677 0.00154723 0.00159125 0.0015978 0.00156834 0.0015068 0.00141852 0.00130978 0.0011874 0.00105819 0.000928536 0.000804086 0.000689696 0.000589766 0.000509061 0.000453113 0.000424432 0.000410605 0.000374369 0.000281237 0.000157177 6.3957e-05 1.97642e-05 4.91093e-06 1.02087e-06 1.79589e-07 2.60954e-08 2.85749e-09 1.69511e-10 0 
0 5.82403e-05 0.000222269 0.000345175 0.000483724 0.000667752 0.000879549 0.00110398 0.00132748 0.001537 0.00172095 0.00187307 0.00199634 0.00207765 0.00209202 0.00203632 0.00193268 0.00180726 0.00166404 0.00150456 0.00133613 0.00116673 0.00100344 0.000852089 0.000717313 0.000603118 0.000514154 0.000456267 0.000430313 0.000414411 0.000357639 0.000236827 0.00011082 3.72926e-05 9.63837e-06 2.02605e-06 3.55148e-07 5.10663e-08 5.51758e-09 3.22701e-10 0 
0 7.21443e-05 0.000239673 0.000375923 0.000557608 0.000789011 0.00105098 0.00132748 0.00160248 0.00186109 0.00210782 0.00237706 0.00258594 0.00268634 0.00270192 0.0026419 0.00249133 0.00225745 0.00202476 0.00181976 0.0016119 0.00140318 0.00120164 0.00101422 0.000846156 0.000701335 0.000583248 0.000496794 0.000447592 0.000429196 0.000400046 0.000304164 0.000163584 6.06563e-05 1.64916e-05 3.53381e-06 6.20755e-07 8.87142e-08 9.49278e-09 5.49131e-10 0 
0 8.30294e-05 0.000251559 0.000408988 0.0006296 0.00090358 0.00121195 0.001537 0.00186109 0.00219458 0.00259245 0.00284174 0.00295676 0.00300858 0.0030167 0.00298485 0.00290598 0.00275233 0.00245823 0.00212804 0.00187011 0.00162403 0.00138685 0.00116594 0.000967229 0.000794794 0.000651544 0.000540904 0.000468616 0.000436614 0.000418742 0.000350748 0.000213069 8.70482e-05 2.50271e-05 5.49456e-06 9.71276e-07 1.38454e-07 1.47185e-08 8.44544e-10 0 
0 9.09644e-05 0.000260914 0.000440528 0.000693764 0.00100434 0.00135313 0.00172095 0.00210782 0.00259245 0.00290487 0.00305088 0.0031295 0.00316726 0.00317321 0.00314943 0.00309287 0.00299266 0.00281832 0.00248034 0.00210544 0.00181698 0.00154835 0.0012983 0.00107302 0.000876858 0.000712506 0.00058235 0.000490942 0.00044339 0.000425631 0.000378462 0.000253014 0.000112727 3.42219e-05 7.70963e-06 1.37463e-06 1.95945e-07 2.07471e-08 1.18376e-09 0 
0 9.63767e-05 0.000268453 0.000467096 0.000745791 0.00108554 0.00146677 0.00187307 0.00237706 0.00284174 0.00305088 0.00316426 0.00322923 0.00326123 0.00326621 0.00324574 0.00319795 0.00311634 0.00298437 0.00275284 0.00233895 0.0019741 0.00167727 0.00140388 0.00115743 0.000942452 0.000761558 0.000616522 0.00051073 0.00044998 0.00042767 0.000392992 0.000281361 0.000134397 4.27665e-05 9.86662e-06 1.7752e-06 2.53413e-07 2.6776e-08 1.52224e-09 0 
0 9.97204e-05 0.000273897 0.000486309 0.000782713 0.00114302 0.00154723 0.00199634 0.00258594 0.00295676 0.0031295 0.00322923 0.00328789 0.00331706 0.00332151 0.00330255 0.00325878 0.00318531 0.00307036 0.00288266 0.00252789 0.00209369 0.00176729 0.0014773 0.00121605 0.000987965 0.000795615 0.000640431 0.00052499 0.000454924 0.000427646 0.000399376 0.0002988 0.00014994 4.94322e-05 1.16215e-05 2.10732e-06 3.01426e-07 3.18254e-08 1.80574e-09 0 
0 0.000101347 0.000276801 0.000496825 0.00080284 0.00117437 0.00159125 0.00207765 0.00268634 0.00300858 0.00316726 0.00326123 0.00331706 0.00334489 0.00334899 0.00333057 0.00328841 0.00321824 0.00311003 0.00293834 0.00262316 0.00216586 0.00181465 0.00151545 0.00124634 0.0010113 0.000812906 0.000652394 0.000531899 0.000456779 0.000426259 0.000400762 0.000306908 0.0001584 5.33416e-05 1.26903e-05 2.31348e-06 3.31522e-07 3.50078e-08 1.98505e-09 0 
0 0.000101486 0.000276935 0.00049821 0.000805733 0.00117898 0.0015978 0.00209202 0.00270192 0.0030167 0.00317321 0.00326621 0.00332151 0.00334899 0.00335285 0.00333428 0.00329208 0.00322206 0.00311443 0.00294456 0.00263492 0.00217417 0.00181792 0.00151758 0.00124762 0.00101188 0.00081288 0.000651802 0.000530659 0.00045469 0.000423467 0.000398635 0.000306987 0.000159617 5.40838e-05 1.29177e-05 2.36021e-06 3.38643e-07 3.57863e-08 2.03016e-09 0 
0 0.00010026 0.0002744 0.000490824 0.000792118 0.00115799 0.00156834 0.00203632 0.0026419 0.00298485 0.00314943 0.00324574 0.00330255 0.00333057 0.00333428 0.00331491 0.00327115 0.00319844 0.00308594 0.00290568 0.00256991 0.00211733 0.00177882 0.00148519 0.00122105 0.000990518 0.000796068 0.000638929 0.000521277 0.000448407 0.000419023 0.000393228 0.000299639 0.000153912 5.17143e-05 1.23041e-05 2.24608e-06 3.22458e-07 3.41186e-08 1.93848e-09 0 
0 9.77057e-05 0.000269604 0.000475706 0.000763736 0.00111403 0.0015068 0.00193268 0.00249133 0.00290598 0.00309287 0.00319795 0.00325878 0.00328841 0.00329208 0.00327115 0.00322401 0.00314505 0.00302052 0.0028123 0.00242039 0.00201202 0.00170216 0.00142172 0.00116927 0.000949176 0.000763862 0.000614707 0.000504315 0.000438079 0.000412447 0.0003837 0.000284765 0.000141949 4.6696e-05 1.0994e-05 2e-06 2.87185e-07 3.04433e-08 1.73414e-09 0 
0 9.37883e-05 0.000263164 0.000454455 0.000723129 0.00105093 0.00141852 0.00180726 0.00225745 0.00275233 0.00299266 0.00311634 0.00318531 0.00321824 0.00322206 0.00319844 0.00314505 0.00305397 0.00290408 0.00262926 0.00220646 0.00187775 0.00159427 0.00133201 0.00109604 0.000890635 0.000718218 0.000580446 0.000480583 0.000423814 0.00040258 0.000368083 0.000261884 0.000124796 3.98099e-05 9.23312e-06 1.67156e-06 2.40117e-07 2.55254e-08 1.45959e-09 0 
0 8.84246e-05 0.000255721 0.00042913 0.000673409 0.000973267 0.00130978 0.00166404 0.00202476 0.00245823 0.00281832 0.00298437 0.00307036 0.00311003 0.00311443 0.00308594 0.00302052 0.00290408 0.00269424 0.00232456 0.00199399 0.00172091 0.00146224 0.00122183 0.00100575 0.000818088 0.000661283 0.000537467 0.000450643 0.00040489 0.000386728 0.00034326 0.000230766 0.000104063 3.20364e-05 7.30941e-06 1.31733e-06 1.89514e-07 2.02314e-08 1.16311e-09 0 
0 8.15237e-05 0.000247683 0.000402136 0.000618025 0.000886054 0.0011874 0.00150456 0.00181976 0.00212804 0.00248034 0.00275284 0.00288266 0.00293834 0.00294456 0.00290568 0.0028123 0.00262926 0.00232456 0.00203504 0.001788 0.00154633 0.00131362 0.00109727 0.000903016 0.000734723 0.000594996 0.000486591 0.000413915 0.000378358 0.000359668 0.000305598 0.000192408 8.19651e-05 2.43996e-05 5.49122e-06 9.87611e-07 1.42597e-07 1.53166e-08 8.86821e-10 0 
0 7.30568e-05 0.000238893 0.000376078 0.000560618 0.000794319 0.00105819 0.00133613 0.0016119 0.00187011 0.00210544 0.00233895 0.00252789 0.00262316 0.00263492 0.00256991 0.00242039 0.00220646 0.00199399 0.001788 0.00157539 0.00136198 0.00115598 0.00096431 0.000792199 0.000643361 0.000520655 0.000427335 0.000367087 0.000337294 0.000313866 0.000253219 0.000150092 6.11257e-05 1.77873e-05 3.97759e-06 7.17113e-07 1.04208e-07 1.12831e-08 6.58787e-10 0 
0 6.31483e-05 0.000228322 0.000353419 0.000504972 0.000702875 0.000928536 0.00116673 0.00140318 0.00162403 0.00181698 0.0019741 0.00209369 0.00216586 0.00217417 0.00211733 0.00201202 0.00187775 0.00172091 0.00154633 0.00136198 0.00117619 0.00099631 0.000828412 0.000677198 0.00054626 0.000438597 0.000357036 0.000303148 0.000272283 0.000244664 0.000190158 0.000109584 4.40156e-05 1.27813e-05 2.87076e-06 5.2128e-07 7.63589e-08 8.33404e-09 4.90312e-10 0 
0 5.21625e-05 0.000214 0.000335707 0.000455081 0.000616236 0.000804086 0.00100344 0.00120164 0.00138685 0.00154835 0.00167727 0.00176729 0.00181465 0.00181792 0.00177882 0.00170216 0.00159427 0.00146224 0.00131362 0.00115598 0.00099631 0.000840735 0.000694383 0.000561515 0.000445796 0.000350138 0.000275816 0.000222359 0.000187722 0.000163104 0.000128656 7.71312e-05 3.21292e-05 9.55352e-06 2.17444e-06 3.97749e-07 5.85255e-08 6.40768e-09 3.77882e-10 0 
0 4.07396e-05 0.000193505 0.000322217 0.000414992 0.000538827 0.000689696 0.000852089 0.00101422 0.00116594 0.0012983 0.00140388 0.0014773 0.00151545 0.00151758 0.00148519 0.00142172 0.00133201 0.00122183 0.00109727 0.00096431 0.000828412 0.000694383 0.000566551 0.000449696 0.000350296 0.000274454 0.000219935 0.000175009 0.000133941 0.000103616 8.28172e-05 5.53645e-05 2.52799e-05 7.85966e-06 1.8122e-06 3.31023e-07 4.8398e-08 5.25937e-09 3.07908e-10 0 
0 2.97341e-05 0.000165222 0.000308401 0.000387613 0.000475419 0.000589766 0.000717313 0.000846156 0.000967229 0.00107302 0.00115743 0.00121605 0.00124634 0.00124762 0.00122105 0.00116927 0.00109604 0.00100575 0.000903016 0.000792199 0.000677198 0.000561515 0.000449696 0.000352655 0.000293677 0.00029047 0.000314219 0.000298755 0.00021953 0.000125262 6.78192e-05 4.26935e-05 2.16941e-05 7.14066e-06 1.65651e-06 2.98242e-07 4.27701e-08 4.5613e-09 2.62573e-10 0 
0 2.00365e-05 0.000130008 0.000285688 0.000371512 0.000430852 0.000509061 0.000603118 0.000701335 0.000794794 0.000876858 0.000942452 0.000987965 0.0010113 0.00101188 0.000990518 0.000949176 0.000890635 0.000818088 0.000734723 0.000643361 0.00054626 0.000445796 0.000350296 0.000293677 0.000344829 0.000543617 0.000946311 0.00114272 0.000632993 0.000314348 0.0001166 4.27394e-05 1.96921e-05 6.75344e-06 1.56513e-06 2.75362e-07 3.84531e-08 4.00214e-09 2.25546e-10 0 
0 1.23229e-05 9.20358e-05 0.00024523 0.000356434 0.00040667 0.000453113 0.000514154 0.000583248 0.000651544 0.000712506 0.000761558 0.000795615 0.000812906 0.00081288 0.000796068 0.000763862 0.000718218 0.000661283 0.000594996 0.000520655 0.000438597 0.000350138 0.000274454 0.00029047 0.000543617 0.00135201 0.00204936 0.00210047 0.00186128 0.000739955 0.000245568 6.30019e-05 1.93853e-05 6.26813e-06 1.42555e-06 2.43986e-07 3.3175e-08 3.37434e-09 1.86498e-10 0 
0 6.84973e-06 5.74471e-05 0.000185931 0.000323061 0.00039307 0.000424432 0.000456267 0.000496794 0.000540904 0.00058235 0.000616522 0.000640431 0.000652394 0.000651802 0.000638929 0.000614707 0.000580446 0.000537467 0.000486591 0.000427335 0.000357036 0.000275816 0.000219935 0.000314219 0.000946311 0.00204936 0.00224836 0.0022712 0.00216661 0.00162048 0.00039434 9.10923e-05 2.02589e-05 5.51383e-06 1.18948e-06 1.97222e-07 2.62288e-08 2.62367e-09 1.43072e-10 0 
0 3.41691e-06 3.12014e-05 0.000119628 0.00025625 0.000362881 0.000410605 0.000430313 0.000447592 0.000468616 0.000490942 0.00051073 0.00052499 0.000531899 0.000530659 0.000521277 0.000504315 0.000480583 0.000450643 0.000413915 0.000367087 0.000303148 0.000222359 0.000175009 0.000298755 0.00114272 0.00210047 0.0022712 0.00229463 0.00221109 0.00185697 0.000451264 9.76952e-05 1.90297e-05 4.38596e-06 8.76035e-07 1.40618e-07 1.84375e-08 1.83055e-09 9.9322e-11 0 
0 1.5238e-06 1.46752e-05 6.38806e-05 0.000166269 0.000288033 0.000374369 0.000414411 0.000429196 0.000436614 0.00044339 0.00044998 0.000454924 0.000456779 0.00045469 0.000448407 0.000438079 0.000423814 0.00040489 0.000378358 0.000337294 0.000272283 0.000187722 0.000133941 0.00021953 0.000632993 0.00186128 0.00216661 0.00221109 0.00207063 0.00119289 0.000321153 7.2476e-05 1.40177e-05 2.95411e-06 5.51185e-07 8.65221e-08 1.13177e-08 1.12748e-09 6.14468e-11 0 
0 6.06964e-07 5.99263e-06 2.82622e-05 8.52718e-05 0.000179263 0.000281237 0.000357639 0.000400046 0.000418742 0.000425631 0.00042767 0.000427646 0.000426259 0.000423467 0.000419023 0.000412447 0.00040258 0.000386728 0.000359668 0.000313866 0.000244664 0.000163104 0.000103616 0.000125262 0.000314348 0.000739955 0.00162048 0.00185697 0.00119289 0.000482138 0.000159566 3.7282e-05 7.79723e-06 1.60235e-06 2.89272e-07 4.53868e-08 6.01153e-09 6.07784e-10 3.35876e-11 0 
0 2.16161e-07 2.13968e-06 1.04975e-05 3.47025e-05 8.42078e-05 0.000157177 0.000236827 0.000304164 0.000350748 0.000378462 0.000392992 0.000399376 0.000400762 0.000398635 0.000393228 0.0003837 0.000368083 0.00034326 0.000305598 0.000253219 0.000190158 0.000128656 8.28172e-05 6.78192e-05 0.0001166 0.000245568 0.00039434 0.000451264 0.000321153 0.000159566 5.42371e-05 1.41412e-05 3.31508e-06 6.89356e-07 1.25816e-07 2.02465e-08 2.75582e-09 2.85756e-10 1.6152e-11 0 
0 6.89326e-08 6.73424e-07 3.33588e-06 1.15205e-05 3.0401e-05 6.3957e-05 0.00011082 0.000163584 0.000213069 0.000253014 0.000281361 0.0002988 0.000306908 0.000306987 0.000299639 0.000284765 0.000261884 0.000230766 0.000192408 0.000150092 0.000109584 7.71312e-05 5.53645e-05 4.26935e-05 4.27394e-05 6.30019e-05 9.10923e-05 9.76952e-05 7.2476e-05 3.7282e-05 1.41412e-05 4.32935e-06 1.10348e-06 2.39481e-07 4.58511e-08 7.71866e-09 1.092e-09 1.17121e-10 6.82041e-12 0 
0 1.96918e-08 1.87971e-07 9.22218e-07 3.22028e-06 8.81666e-06 1.97642e-05 3.72926e-05 6.06563e-05 8.70482e-05 0.000112727 0.000134397 0.00014994 0.0001584 0.000159617 0.000153912 0.000141949 0.000124796 0.000104063 8.19651e-05 6.11257e-05 4.40156e-05 3.21292e-05 2.52799e-05 2.16941e-05 1.96921e-05 1.93853e-05 2.02589e-05 1.90297e-05 1.40177e-05 7.79723e-06 3.31508e-06 1.10348e-06 2.99437e-07 6.96737e-08 1.42542e-08 2.53352e-09 3.75071e-10 4.18609e-11 2.52535e-12 0 
0 5.02651e-09 4.6615e-08 2.24003e-07 7.75671e-07 2.13891e-06 4.91093e-06 9.63837e-06 1.64916e-05 2.50271e-05 3.42219e-05 4.27665e-05 4.94322e-05 5.33416e-05 5.40838e-05 5.17143e-05 4.6696e-05 3.98099e-05 3.20364e-05 2.43996e-05 1.77873e-05 1.27813e-05 9.55352e-06 7.85966e-06 7.14066e-06 6.75344e-06 6.26813e-06 5.51383e-06 4.38596e-06 2.95411e-06 1.60235e-06 6.89356e-07 2.39481e-07 6.96737e-08 1.7502e-08 3.82803e-09 7.19327e-10 1.11783e-10 1.30304e-11 8.17407e-13 0 
0 1.1372e-09 1.02178e-08 4.78173e-08 1.62512e-07 4.44066e-07 1.02087e-06 2.02605e-06 3.53381e-06 5.49456e-06 7.70963e-06 9.86662e-06 1.16215e-05 1.26903e-05 1.29177e-05 1.23041e-05 1.0994e-05 9.23312e-06 7.30941e-06 5.49122e-06 3.97759e-06 2.87076e-06 2.17444e-06 1.8122e-06 1.65651e-06 1.56513e-06 1.42555e-06 1.18948e-06 8.76035e-07 5.51185e-07 2.89272e-07 1.25816e-07 4.58511e-08 1.42542e-08 3.82803e-09 8.89099e-10 1.76325e-10 2.87866e-11 3.51095e-12 2.29514e-13 0 
0 2.23791e-10 1.94664e-09 8.85074e-09 2.93804e-08 7.89207e-08 1.79589e-07 3.55148e-07 6.20755e-07 9.71276e-07 1.37463e-06 1.7752e-06 2.10732e-06 2.31348e-06 2.36021e-06 2.24608e-06 2e-06 1.67156e-06 1.31733e-06 9.87611e-07 7.17113e-07 5.2128e-07 3.97749e-07 3.31023e-07 2.98242e-07 2.75362e-07 2.43986e-07 1.97222e-07 1.40618e-07 8.65221e-08 4.53868e-08 2.02465e-08 7.71866e-09 2.53352e-09 7.19327e-10 1.76325e-10 3.68166e-11 6.31065e-12 8.05503e-13 5.49173e-14 0 
0 3.67511e-11 3.09622e-10 1.3672e-09 4.42529e-09 1.1646e-08 2.60954e-08 5.10663e-08 8.87142e-08 1.38454e-07 1.95945e-07 2.53413e-07 3.01426e-07 3.31522e-07 3.38643e-07 3.22458e-07 2.87185e-07 2.40117e-07 1.89514e-07 1.42597e-07 1.04208e-07 7.63589e-08 5.85255e-08 4.8398e-08 4.27701e-08 3.84531e-08 3.3175e-08 2.62288e-08 1.84375e-08 1.13177e-08 6.01153e-09 2.75582e-09 1.092e-09 3.75071e-10 1.11783e-10 2.87866e-11 6.31065e-12 1.13377e-12 1.51317e-13 1.0757e-14 0 
0 4.55182e-12 3.71873e-11 1.59604e-10 5.03736e-10 1.29759e-09 2.85749e-09 5.51758e-09 9.49278e-09 1.47185e-08 2.07471e-08 2.6776e-08 3.18254e-08 3.50078e-08 3.57863e-08 3.41186e-08 3.04433e-08 2.55254e-08 2.02314e-08 1.53166e-08 1.12831e-08 8.33404e-09 6.40768e-09 5.25937e-09 4.5613e-09 4.00214e-09 3.37434e-09 2.62367e-09 1.83055e-09 1.12748e-09 6.07784e-10 2.85756e-10 1.17121e-10 4.18609e-11 1.30304e-11 3.51095e-12 8.05503e-13 1.51317e-13 2.10817e-14 1.56114e-15 0 
0 3.04122e-13 2.41339e-12 1.00821e-11 3.10586e-11 7.83411e-11 1.69511e-10 3.22701e-10 5.49131e-10 8.44544e-10 1.18376e-09 1.52224e-09 1.80574e-09 1.98505e-09 2.03016e-09 1.93848e-09 1.73414e-09 1.45959e-09 1.16311e-09 8.86821e-10 6.58787e-10 4.90312e-10 3.77882e-10 3.07908e-10 2.62573e-10 2.25546e-10 1.86498e-10 1.43072e-10 9.9322e-11 6.14468e-11 3.35876e-11 1.6152e-11 6.82041e-12 2.52535e-12 8.17407e-13 2.29514e-13 5.49173e-14 1.0757e-14 1.56114e-15 1.20244e-16 0 
0 0 0 0 0 0 0 0 0 0 0 0 0 0 0 0 0 0 0 0 0 0 0 0 0 0 0 0 0 0 0 0 0 0 0 0 0 0 0 0 0 
