0 0 0 0 0 0 0 0 0 0 0 0 0 0 0 0 0 0 0 0 0 0 0 0 0 0 0 0 0 0 0 0 0 0 0 0 0 0 0 0 0 
0 8.42306e-09 7.91772e-08 3.88564e-07 1.38796e-06 3.99126e-06 9.65344e-06 2.01149e-05 3.66973e-05 5.93793e-05 8.61873e-05 0.000113363 0.000136317 0.00015094 0.000154727 0.000147352 0.000130592 0.000107731 8.26405e-05 5.88451e-05 3.88128e-05 2.36649e-05 1.3317e-05 6.90988e-06 3.30543e-06 1.45855e-06 5.94366e-07 2.24026e-07 7.82332e-08 2.5352e-08 7.63218e-09 2.13517e-09 5.5452e-10 1.33279e-10 2.94568e-11 5.91521e-12 1.05524e-12 1.59897e-13 1.85427e-14 1.17399e-15 0 
0 7.91772e-08 7.75341e-07 3.95473e-06 1.4609e-05 4.31222e-05 0.000106066 0.000222482 0.000404686 0.000647932 0.000926425 0.00119924 0.00142246 0.00156094 0.00159538 0.0015245 0.00136344 0.00113982 0.000887999 0.000642045 0.00042891 0.000263684 0.000148749 7.68837e-05 3.64099e-05 1.58178e-05 6.31737e-06 2.32546e-06 7.91103e-07 2.49324e-07 7.29307e-08 1.98182e-08 5.00029e-09 1.16821e-09 2.51182e-10 4.91206e-11 8.54362e-12 1.26375e-12 1.43246e-13 8.8758e-15 0 
0 3.88564e-07 3.95473e-06 2.08829e-05 7.92172e-05 0.000237204 0.000582775 0.00120093 0.00211503 0.00324784 0.00444201 0.00552182 0.00634667 0.00683152 0.00694299 0.00668821 0.00610675 0.0052672 0.00426505 0.00321572 0.0022373 0.0014244 0.000824681 0.000432789 0.000205853 8.89565e-05 3.5064e-05 1.26645e-05 4.21013e-06 1.2932e-06 3.68126e-07 9.72851e-08 2.38704e-08 5.42582e-09 1.13594e-09 2.16521e-10 3.67503e-11 5.31146e-12 5.89019e-13 3.57528e-14 0 
0 1.38796e-06 1.4609e-05 7.92172e-05 0.000304406 0.000904679 0.00215131 0.00418692 0.0068458 0.00970811 0.0123384 0.0144532 0.015929 0.0167392 0.0169007 0.0164472 0.0154206 0.0138747 0.0118883 0.00958994 0.00717768 0.00490692 0.00302209 0.001662 0.00081417 0.000356441 0.00014042 5.01824e-05 1.63939e-05 4.92709e-06 1.36884e-06 3.52596e-07 8.42933e-08 1.86721e-08 3.81203e-09 7.09223e-10 1.17628e-10 1.66328e-11 1.80689e-12 1.07576e-13 0 
0 3.99126e-06 4.31222e-05 0.000237204 0.000904679 0.00258609 0.00571434 0.0100743 0.0148253 0.0191535 0.0226667 0.0252869 0.0270435 0.0279791 0.028135 0.0275565 0.0262944 0.0243977 0.0219057 0.018854 0.0153187 0.0115014 0.00778829 0.00465726 0.0024307 0.00110729 0.000444291 0.000159088 5.14947e-05 1.52274e-05 4.14542e-06 1.04407e-06 2.43823e-07 5.27532e-08 1.05237e-08 1.91464e-09 3.10845e-10 4.30745e-11 4.59124e-12 2.68525e-13 0 
0 9.65344e-06 0.000106066 0.000582775 0.00215131 0.00571434 0.0113391 0.0177972 0.0237634 0.0287287 0.03269 0.035705 0.0377783 0.038896 0.0390649 0.0383309 0.0367763 0.034506 0.0316223 0.028191 0.0242192 0.0196913 0.0147273 0.00978963 0.00561639 0.00274467 0.00114882 0.000418998 0.000135823 3.97974e-05 1.06692e-05 2.63743e-06 6.03555e-07 1.27894e-07 2.49912e-08 4.45629e-09 7.09688e-10 9.65651e-11 1.01178e-11 5.82358e-13 0 
0 2.01149e-05 0.000222482 0.00120093 0.00418692 0.0100743 0.0177972 0.0253599 0.0319042 0.0374655 0.0421177 0.0457917 0.0483716 0.0497741 0.0499812 0.0490446 0.0470789 0.0442448 0.0407257 0.036692 0.0322514 0.027393 0.0220052 0.0161152 0.0102828 0.00551873 0.002468 0.000933864 0.000306942 8.98395e-05 2.38511e-05 5.81146e-06 1.30776e-06 2.72235e-07 5.22515e-08 9.15498e-09 1.43357e-09 1.91965e-10 1.98139e-11 1.12463e-12 0 
0 3.66973e-05 0.000404686 0.00211503 0.0068458 0.0148253 0.0237634 0.0319042 0.0391298 0.0455833 0.0511523 0.0556109 0.0587578 0.0604706 0.0607202 0.0595693 0.0571603 0.0536972 0.0494221 0.0445865 0.0394106 0.0340167 0.0283452 0.0221762 0.0155236 0.00920379 0.00446992 0.00178392 0.000601872 0.000177442 4.69211e-05 1.13181e-05 2.51371e-06 5.15731e-07 9.75181e-08 1.68353e-08 2.59889e-09 3.43338e-10 3.49938e-11 1.96327e-12 0 
0 5.93793e-05 0.000647932 0.00324784 0.00970811 0.0191535 0.0287287 0.0374655 0.0455833 0.0530437 0.0595481 0.0647705 0.0684578 0.0704624 0.0707499 0.0693942 0.066563 0.0624967 0.0574831 0.0518292 0.045829 0.0397146 0.0335679 0.0272122 0.0203297 0.013151 0.00695878 0.00295912 0.00103494 0.000309602 8.1981e-05 1.96601e-05 4.32515e-06 8.77491e-07 1.63971e-07 2.79749e-08 4.26951e-09 5.58014e-10 5.63135e-11 3.13124e-12 0 
0 8.61873e-05 0.000926425 0.00444201 0.0123384 0.0226667 0.03269 0.0421177 0.0511523 0.0595481 0.0668866 0.0727795 0.0769376 0.0791942 0.0795114 0.0779731 0.0747694 0.070172 0.0645066 0.0581222 0.0513614 0.0445233 0.0377981 0.0311409 0.0241897 0.0167027 0.00954152 0.00432899 0.00157766 0.00048137 0.000128195 3.06793e-05 6.70878e-06 1.3504e-06 2.5018e-07 4.23158e-08 6.40504e-09 8.30777e-10 8.32769e-11 4.60421e-12 0 
0 0.000113363 0.00119924 0.00552182 0.0144532 0.0252869 0.035705 0.0457917 0.0556109 0.0647705 0.0727795 0.0792081 0.0837403 0.0861949 0.0865314 0.0848425 0.0813364 0.0763102 0.0701195 0.0631458 0.0557658 0.0483192 0.0410607 0.0340542 0.0270161 0.0194825 0.0118205 0.00568297 0.00215718 0.000672749 0.000180708 4.32917e-05 9.44054e-06 1.89168e-06 3.48659e-07 5.86715e-08 8.83948e-09 1.14213e-09 1.14166e-10 6.30244e-12 0 
0 0.000136317 0.00142246 0.00634667 0.015929 0.0270435 0.0377783 0.0483716 0.0587578 0.0684578 0.0769376 0.0837403 0.0885316 0.0911205 0.0914651 0.0896649 0.085941 0.0806089 0.0740454 0.066655 0.0588368 0.0509553 0.0433005 0.0360038 0.0288702 0.021377 0.013531 0.00680968 0.00267766 0.000852685 0.000231324 5.56146e-05 1.21323e-05 2.42872e-06 4.47075e-07 7.51626e-08 1.13224e-08 1.46442e-09 1.46748e-10 8.13572e-12 0 
0 0.00015094 0.00156094 0.00683152 0.0167392 0.0279791 0.038896 0.0497741 0.0604706 0.0704624 0.0791942 0.0861949 0.0911205 0.0937751 0.0941167 0.0922488 0.0884004 0.0828971 0.0761279 0.0685093 0.0604532 0.0523359 0.0444645 0.0370055 0.0298243 0.0224056 0.0145575 0.00755877 0.00305197 0.000989076 0.000271061 6.55478e-05 1.43542e-05 2.88301e-06 5.32646e-07 8.99635e-08 1.36344e-08 1.77744e-09 1.79922e-10 1.01005e-11 0 
0 0.000154727 0.00159538 0.00694299 0.0169007 0.028135 0.0390649 0.0499812 0.0607202 0.0707499 0.0795114 0.0865314 0.0914651 0.0941167 0.094445 0.0925548 0.0886773 0.0831404 0.0763352 0.0686805 0.0605899 0.0524415 0.044546 0.0370812 0.0299409 0.0226312 0.0148884 0.00786218 0.00322742 0.00105997 0.000293502 7.15971e-05 1.58129e-05 3.20561e-06 5.98658e-07 1.02415e-07 1.57602e-08 2.09193e-09 2.16222e-10 1.2428e-11 0 
0 0.000147352 0.0015245 0.00668821 0.0164472 0.0275565 0.0383309 0.0490446 0.0595693 0.0693942 0.0779731 0.0848425 0.0896649 0.0922488 0.0925548 0.0906868 0.0868721 0.0814332 0.0747542 0.0672463 0.0593148 0.0513302 0.0435955 0.0362822 0.0292838 0.0221272 0.0145727 0.00772831 0.00319731 0.00106106 0.000297416 7.3573e-05 1.65135e-05 3.41116e-06 6.51152e-07 1.14246e-07 1.80912e-08 2.47844e-09 2.64993e-10 1.57743e-11 0 
0 0.000130592 0.00136344 0.00610675 0.0154206 0.0262944 0.0367763 0.0470789 0.0571603 0.066563 0.0747694 0.0813364 0.085941 0.0884004 0.0886773 0.0868721 0.0832034 0.077981 0.0715737 0.0643757 0.0567758 0.0491277 0.0417171 0.0346927 0.0279272 0.0209745 0.0136999 0.00722869 0.00299948 0.00100707 0.000287602 7.28971e-05 1.68501e-05 3.60188e-06 7.14629e-07 1.30779e-07 2.16462e-08 3.10086e-09 3.46159e-10 2.14446e-11 0 
0 0.000107731 0.00113982 0.0052672 0.0138747 0.0243977 0.034506 0.0442448 0.0536972 0.0624967 0.070172 0.0763102 0.0806089 0.0828971 0.0831404 0.0814332 0.077981 0.0730748 0.0670606 0.0603084 0.0531823 0.0460117 0.0390545 0.0324221 0.0259565 0.0192691 0.0123992 0.00648504 0.00270586 0.00092782 0.000274048 7.25362e-05 1.76369e-05 3.98559e-06 8.37847e-07 1.62329e-07 2.83407e-08 4.25662e-09 4.94496e-10 3.16223e-11 0 
0 8.26405e-05 0.000887999 0.00426505 0.0118883 0.0219057 0.0316223 0.0407257 0.0494221 0.0574831 0.0645066 0.0701195 0.0740454 0.0761279 0.0763352 0.0747542 0.0715737 0.0670606 0.0615326 0.055329 0.0487829 0.0421911 0.0357727 0.0295912 0.0234705 0.0171388 0.0108441 0.00565319 0.00240676 0.000861834 0.000270512 7.69042e-05 2.01692e-05 4.90747e-06 1.1033e-06 2.26303e-07 4.13436e-08 6.42243e-09 7.63494e-10 4.95085e-11 0 
0 5.88451e-05 0.000642045 0.00321572 0.00958994 0.018854 0.028191 0.036692 0.0445865 0.0518292 0.0581222 0.0631458 0.066655 0.0685093 0.0686805 0.0672463 0.0643757 0.0603084 0.055329 0.0497413 0.0438406 0.0378827 0.0320371 0.0263222 0.0205918 0.0147615 0.00924574 0.00489778 0.00219376 0.000851116 0.000294153 9.22593e-05 2.64481e-05 6.92305e-06 1.64431e-06 3.50226e-07 6.54692e-08 1.0285e-08 1.22548e-09 7.913e-11 0 
0 3.88128e-05 0.00042891 0.0022373 0.00717768 0.0153187 0.0242192 0.0322514 0.0394106 0.045829 0.0513614 0.0557658 0.0588368 0.0604532 0.0605899 0.0593148 0.0567758 0.0531823 0.0487829 0.0438406 0.0386062 0.0332847 0.0279944 0.0227417 0.017489 0.0123659 0.00781747 0.00435741 0.00214535 0.000939761 0.000367439 0.000128051 3.96878e-05 1.09275e-05 2.66839e-06 5.74444e-07 1.07248e-07 1.6693e-08 1.96064e-09 1.24404e-10 0 
0 2.36649e-05 0.000263684 0.0014244 0.00490692 0.0115014 0.0196913 0.027393 0.0340167 0.0397146 0.0445233 0.0483192 0.0509553 0.0523359 0.0524415 0.0513302 0.0491277 0.0460117 0.0421911 0.0378827 0.0332847 0.0285492 0.0237681 0.0190054 0.0143916 0.0101924 0.0067143 0.00410784 0.00231381 0.0011737 0.000521578 0.00019916 6.50554e-05 1.82971e-05 4.46845e-06 9.49738e-07 1.73794e-07 2.64149e-08 3.02474e-09 1.87058e-10 0 
0 1.3317e-05 0.000148749 0.000824681 0.00302209 0.00778829 0.0147273 0.0220052 0.0283452 0.0335679 0.0377981 0.0410607 0.0433005 0.0444645 0.044546 0.0435955 0.0417171 0.0390545 0.0357727 0.0320371 0.0279944 0.0237681 0.0194856 0.0153309 0.0115622 0.00842099 0.00598712 0.00414665 0.00271839 0.00160161 0.000802437 0.000329812 0.000110711 3.09504e-05 7.38074e-06 1.52078e-06 2.6921e-07 3.95872e-08 4.39126e-09 2.63547e-10 0 
0 6.90988e-06 7.68837e-05 0.000432789 0.001662 0.00465726 0.00978963 0.0161152 0.0221762 0.0272122 0.0311409 0.0340542 0.0360038 0.0370055 0.0370812 0.0362822 0.0346927 0.0324221 0.0295912 0.0263222 0.0227417 0.0190054 0.0153309 0.0119895 0.00922754 0.00716069 0.00572118 0.00465378 0.00361038 0.00244348 0.00134575 0.00057872 0.000193125 5.17563e-05 1.16916e-05 2.29059e-06 3.88187e-07 5.49302e-08 5.8861e-09 3.424e-10 0 
0 3.30543e-06 3.64099e-05 0.000205853 0.00081417 0.0024307 0.00561639 0.0102828 0.0155236 0.0203297 0.0241897 0.0270161 0.0288702 0.0298243 0.0299409 0.0292838 0.0279272 0.0259565 0.0234705 0.0205918 0.017489 0.0143916 0.0115622 0.00922754 0.00755332 0.00674651 0.00698226 0.00765649 0.00729104 0.00531877 0.002883 0.00117426 0.000362389 8.73899e-05 1.77042e-05 3.18837e-06 5.10223e-07 6.92366e-08 7.16821e-09 4.04724e-10 0 
0 1.45855e-06 1.58178e-05 8.89565e-05 0.000356441 0.00110729 0.00274467 0.00551873 0.00920379 0.013151 0.0167027 0.0194825 0.021377 0.0224056 0.0226312 0.0221272 0.0209745 0.0192691 0.0171388 0.0147615 0.0123659 0.0101924 0.00842099 0.00716069 0.00674651 0.00839665 0.013332 0.0192417 0.0205081 0.0151496 0.00770239 0.00277624 0.000742837 0.000152551 2.59995e-05 4.07901e-06 6.01747e-07 7.79847e-08 7.82029e-09 4.30191e-10 0 
0 5.94366e-07 6.31737e-06 3.5064e-05 0.00014042 0.000444291 0.00114882 0.002468 0.00446992 0.00695878 0.00954152 0.0118205 0.013531 0.0145575 0.0148884 0.0145727 0.0136999 0.0123992 0.0108441 0.00924574 0.00781747 0.0067143 0.00598712 0.00572118 0.00698226 0.013332 0.0276783 0.0440016 0.0483277 0.035787 0.0177952 0.00601486 0.00144038 0.000256075 3.63326e-05 4.76458e-06 6.28922e-07 7.74097e-08 7.55104e-09 4.07095e-10 0 
0 2.24026e-07 2.32546e-06 1.26645e-05 5.01824e-05 0.000159088 0.000418998 0.000933864 0.00178392 0.00295912 0.00432899 0.00568297 0.00680968 0.00755877 0.00786218 0.00772831 0.00722869 0.00648504 0.00565319 0.00489778 0.00435741 0.00410784 0.00414665 0.00465378 0.00765649 0.0192417 0.0440016 0.0718694 0.0795549 0.0589512 0.0291485 0.00965459 0.00219485 0.000357254 4.43031e-05 4.91317e-06 5.73223e-07 6.68954e-08 6.38931e-09 3.40195e-10 0 
0 7.82332e-08 7.91103e-07 4.21013e-06 1.63939e-05 5.14947e-05 0.000135823 0.000306942 0.000601872 0.00103494 0.00157766 0.00215718 0.00267766 0.00305197 0.00322742 0.00319731 0.00299948 0.00270586 0.00240676 0.00219376 0.00214535 0.00231381 0.00271839 0.00361038 0.00729104 0.0205081 0.0483277 0.0795549 0.0882582 0.0654137 0.0322933 0.0106339 0.00237194 0.000369768 4.24571e-05 4.20259e-06 4.44311e-07 4.9758e-08 4.70216e-09 2.49539e-10 0 
0 2.5352e-08 2.49324e-07 1.2932e-06 4.92709e-06 1.52274e-05 3.97974e-05 8.98395e-05 0.000177442 0.000309602 0.00048137 0.000672749 0.000852685 0.000989076 0.00105997 0.00106106 0.00100707 0.00092782 0.000861834 0.000851116 0.000939761 0.0011737 0.00160161 0.00244348 0.00531877 0.0151496 0.035787 0.0589512 0.0654137 0.0484834 0.0239325 0.00787717 0.00175006 0.00026827 2.97974e-05 2.80873e-06 2.84937e-07 3.15582e-08 2.99536e-09 1.60055e-10 0 
0 7.63218e-09 7.29307e-08 3.68126e-07 1.36884e-06 4.14542e-06 1.06692e-05 2.38511e-05 4.69211e-05 8.1981e-05 0.000128195 0.000180708 0.000231324 0.000271061 0.000293502 0.000297416 0.000287602 0.000274048 0.000270512 0.000294153 0.000367439 0.000521578 0.000802437 0.00134575 0.002883 0.00770239 0.0177952 0.0291485 0.0322933 0.0239325 0.0118277 0.00390751 0.000871704 0.000133499 1.4852e-05 1.42302e-06 1.4902e-07 1.70005e-08 1.64877e-09 8.96137e-11 0 
0 2.13517e-09 1.98182e-08 9.72851e-08 3.52596e-07 1.04407e-06 2.63743e-06 5.81146e-06 1.13181e-05 1.96601e-05 3.06793e-05 4.32917e-05 5.56146e-05 6.55478e-05 7.15971e-05 7.3573e-05 7.28971e-05 7.25362e-05 7.69042e-05 9.22593e-05 0.000128051 0.00019916 0.000329812 0.00057872 0.00117426 0.00277624 0.00601486 0.00965459 0.0106339 0.00787717 0.00390751 0.00130128 0.000292904 4.55074e-05 5.27257e-06 5.51716e-07 6.41193e-08 7.80838e-09 7.85112e-10 4.37952e-11 0 
0 5.5452e-10 5.00029e-09 2.38704e-08 8.42933e-08 2.43823e-07 6.03555e-07 1.30776e-06 2.51371e-06 4.32515e-06 6.70878e-06 9.44054e-06 1.21323e-05 1.43542e-05 1.58129e-05 1.65135e-05 1.68501e-05 1.76369e-05 2.01692e-05 2.64481e-05 3.96878e-05 6.50554e-05 0.000110711 0.000193125 0.000362389 0.000742837 0.00144038 0.00219485 0.00237194 0.00175006 0.000871704 0.000292904 6.70377e-05 1.08588e-05 1.38958e-06 1.72073e-07 2.33284e-08 3.08461e-09 3.24306e-10 1.86959e-11 0 
0 1.33279e-10 1.16821e-09 5.42582e-09 1.86721e-08 5.27532e-08 1.27894e-07 2.72235e-07 5.15731e-07 8.77491e-07 1.3504e-06 1.89168e-06 2.42872e-06 2.88301e-06 3.20561e-06 3.41116e-06 3.60188e-06 3.98559e-06 4.90747e-06 6.92305e-06 1.09275e-05 1.82971e-05 3.09504e-05 5.17563e-05 8.73899e-05 0.000152551 0.000256075 0.000357254 0.000369768 0.00026827 0.000133499 4.55074e-05 1.08588e-05 1.93899e-06 2.98473e-07 4.64534e-08 7.37922e-09 1.05623e-09 1.1648e-10 6.97344e-12 0 
0 2.94568e-11 2.51182e-10 1.13594e-09 3.81203e-09 1.05237e-08 2.49912e-08 5.22515e-08 9.75181e-08 1.63971e-07 2.5018e-07 3.48659e-07 4.47075e-07 5.32646e-07 5.98658e-07 6.51152e-07 7.14629e-07 8.37847e-07 1.1033e-06 1.64431e-06 2.66839e-06 4.46845e-06 7.38074e-06 1.16916e-05 1.77042e-05 2.59995e-05 3.63326e-05 4.43031e-05 4.24571e-05 2.97974e-05 1.4852e-05 5.27257e-06 1.38958e-06 2.98473e-07 5.90943e-08 1.14216e-08 2.05236e-09 3.14259e-10 3.6367e-11 2.26813e-12 0 
0 5.91521e-12 4.91206e-11 2.16521e-10 7.09223e-10 1.91464e-09 4.45629e-09 9.15498e-09 1.68353e-08 2.79749e-08 4.23158e-08 5.86715e-08 7.51626e-08 8.99635e-08 1.02415e-07 1.14246e-07 1.30779e-07 1.62329e-07 2.26303e-07 3.50226e-07 5.74444e-07 9.49738e-07 1.52078e-06 2.29059e-06 3.18837e-06 4.07901e-06 4.76458e-06 4.91317e-06 4.20259e-06 2.80873e-06 1.42302e-06 5.51716e-07 1.72073e-07 4.64534e-08 1.14216e-08 2.55041e-09 4.98477e-10 8.08517e-11 9.8149e-12 6.38786e-13 0 
0 1.05524e-12 8.54362e-12 3.67503e-11 1.17628e-10 3.10845e-10 7.09688e-10 1.43357e-09 2.59889e-09 4.26951e-09 6.40504e-09 8.83948e-09 1.13224e-08 1.36344e-08 1.57602e-08 1.80912e-08 2.16462e-08 2.83407e-08 4.13436e-08 6.54692e-08 1.07248e-07 1.73794e-07 2.6921e-07 3.88187e-07 5.10223e-07 6.01747e-07 6.28922e-07 5.73223e-07 4.44311e-07 2.84937e-07 1.4902e-07 6.41193e-08 2.33284e-08 7.37922e-09 2.05236e-09 4.98477e-10 1.03625e-10 1.77061e-11 2.25304e-12 1.53104e-13 0 
0 1.59897e-13 1.26375e-12 5.31146e-12 1.66328e-11 4.30745e-11 9.65651e-11 1.91965e-10 3.43338e-10 5.58014e-10 8.30777e-10 1.14213e-09 1.46442e-09 1.77744e-09 2.09193e-09 2.47844e-09 3.10086e-09 4.25662e-09 6.42243e-09 1.0285e-08 1.6693e-08 2.64149e-08 3.95872e-08 5.49302e-08 6.92366e-08 7.79847e-08 7.74097e-08 6.68954e-08 4.9758e-08 3.15582e-08 1.70005e-08 7.80838e-09 3.08461e-09 1.05623e-09 3.14259e-10 8.08517e-11 1.77061e-11 3.17638e-12 4.23117e-13 3.00094e-14 0 
0 1.85427e-14 1.43246e-13 5.89019e-13 1.80689e-12 4.59124e-12 1.01178e-11 1.98139e-11 3.49938e-11 5.63135e-11 8.32769e-11 1.14166e-10 1.46748e-10 1.79922e-10 2.16222e-10 2.64993e-10 3.46159e-10 4.94496e-10 7.63494e-10 1.22548e-09 1.96064e-09 3.02474e-09 4.39126e-09 5.8861e-09 7.16821e-09 7.82029e-09 7.55104e-09 6.38931e-09 4.70216e-09 2.99536e-09 1.64877e-09 7.85112e-10 3.24306e-10 1.1648e-10 3.6367e-11 9.8149e-12 2.25304e-12 4.23117e-13 5.88929e-14 4.35472e-15 0 
0 1.17399e-15 8.8758e-15 3.57528e-14 1.07576e-13 2.68525e-13 5.82358e-13 1.12463e-12 1.96327e-12 3.13124e-12 4.60421e-12 6.30244e-12 8.13572e-12 1.01005e-11 1.2428e-11 1.57743e-11 2.14446e-11 3.16223e-11 4.95085e-11 7.913e-11 1.24404e-10 1.87058e-10 2.63547e-10 3.424e-10 4.04724e-10 4.30191e-10 4.07095e-10 3.40195e-10 2.49539e-10 1.60055e-10 8.96137e-11 4.37952e-11 1.86959e-11 6.97344e-12 2.26813e-12 6.38786e-13 1.53104e-13 3.00094e-14 4.35472e-15 3.35175e-16 0 
0 0 0 0 0 0 0 0 0 0 0 0 0 0 0 0 0 0 0 0 0 0 0 0 0 0 0 0 0 0 0 0 0 0 0 0 0 0 0 0 0 
