0 0 0 0 0 0 0 0 0 0 0 0 0 0 0 0 0 0 0 0 0 0 0 0 0 0 0 0 0 0 0 0 0 0 0 0 0 0 0 0 0 
0 1.73393e-07 1.50765e-06 6.3268e-06 1.77414e-05 3.72213e-05 6.2758e-05 9.00858e-05 0.000115316 0.000136295 0.000152418 0.000163914 0.000171284 0.000175009 0.000175456 0.000172862 0.000167357 0.000158991 0.000147782 0.000133799 0.000117278 9.87527e-05 7.91475e-05 5.97479e-05 4.20064e-05 2.71968e-05 1.60494e-05 8.56129e-06 4.1057e-06 1.76574e-06 6.81008e-07 2.35867e-07 7.34684e-08 2.05819e-08 5.17042e-09 1.15472e-09 2.24891e-10 3.6627e-11 4.50671e-12 2.99542e-13 0 
0 1.50765e-06 1.31799e-05 5.24751e-05 0.00013031 0.000229752 0.000320164 0.000386637 0.000432142 0.000464504 0.000488973 0.000507536 0.000520363 0.000527106 0.000527605 0.000522143 0.000511448 0.000496503 0.000478232 0.000457057 0.000432426 0.000402521 0.000364542 0.000315965 0.000256715 0.000191118 0.00012759 7.50949e-05 3.85833e-05 1.72693e-05 6.76123e-06 2.33253e-06 7.14323e-07 1.95165e-07 4.7602e-08 1.03013e-08 1.94328e-09 3.0676e-10 3.66307e-11 2.36669e-12 0 
0 6.3268e-06 5.24751e-05 0.000179999 0.000355391 0.000495882 0.000585694 0.000654677 0.000721805 0.000788971 0.000851267 0.000903181 0.000940565 0.000960993 0.000963688 0.000949358 0.000919992 0.000878621 0.000829068 0.000775654 0.000722748 0.000673931 0.000630471 0.000589206 0.000541112 0.000473551 0.000378916 0.000265633 0.000157906 7.84269e-05 3.26521e-05 1.15651e-05 3.54701e-06 9.55561e-07 2.27804e-07 4.79762e-08 8.79356e-09 1.34871e-09 1.56627e-10 9.85597e-12 0 
0 1.77414e-05 0.00013031 0.000355391 0.0005529 0.00068069 0.000799623 0.000934775 0.00107862 0.0012181 0.00134228 0.00144295 0.00151439 0.00155333 0.00155892 0.00153258 0.00147767 0.0013991 0.00130289 0.0011957 0.00108449 0.000976349 0.000878262 0.000796248 0.000732474 0.000679751 0.000617057 0.00051709 0.000373266 0.000219763 0.000103331 3.92622e-05 1.2403e-05 3.35081e-06 7.88823e-07 1.62742e-07 2.91166e-08 4.35443e-09 4.93237e-10 3.03064e-11 0 
0 3.72213e-05 0.000229752 0.000495882 0.00068069 0.000853003 0.0010608 0.00129192 0.00152657 0.00174824 0.00194319 0.0021003 0.00221151 0.00227216 0.00228108 0.00224047 0.00215542 0.00203332 0.00188307 0.00171433 0.00153684 0.0013599 0.00119218 0.00104191 0.000917031 0.000823312 0.000756925 0.000692819 0.000586928 0.000418213 0.000233009 9.95762e-05 3.35269e-05 9.27958e-06 2.18517e-06 4.45242e-07 7.81958e-08 1.14515e-08 1.26963e-09 7.6401e-11 0 
0 6.2758e-05 0.000320164 0.000585694 0.000799623 0.0010608 0.00137004 0.00170174 0.00203342 0.00234487 0.00261802 0.00283786 0.00299341 0.00307828 0.00309084 0.00303412 0.00291528 0.00274454 0.00253416 0.00229737 0.00204737 0.00179652 0.00155574 0.00133439 0.00114079 0.000983081 0.000868068 0.000791763 0.00072105 0.000595935 0.000396601 0.000197038 7.30544e-05 2.11933e-05 5.06312e-06 1.02795e-06 1.78294e-07 2.56859e-08 2.79781e-09 1.65414e-10 0 
0 9.00858e-05 0.000386637 0.000654677 0.000934775 0.00129192 0.00170174 0.00213597 0.0025684 0.00297376 0.00332912 0.00361655 0.00382529 0.00394555 0.00396448 0.00388282 0.00371947 0.00349374 0.00321932 0.002911 0.00258513 0.00225737 0.00194144 0.00164861 0.00138783 0.00116664 0.000992732 0.00087217 0.000794782 0.00070953 0.000545359 0.000316746 0.000132155 4.09857e-05 1.00673e-05 2.05415e-06 3.53949e-07 5.03889e-08 5.41232e-09 3.15403e-10 0 
0 0.000115316 0.000432142 0.000721805 0.00107862 0.00152657 0.00203342 0.0025684 0.00310045 0.00359934 0.00404394 0.00444285 0.00478081 0.00498109 0.00501391 0.00488345 0.00461134 0.00426513 0.00390305 0.00352003 0.00311867 0.00271486 0.00232493 0.0019623 0.00163713 0.0013569 0.00112801 0.000957609 0.000848126 0.000771899 0.00065073 0.000432937 0.000204291 6.85746e-05 1.74986e-05 3.61421e-06 6.21895e-07 8.78472e-08 9.33712e-09 5.37962e-10 0 
0 0.000136295 0.000464504 0.000788971 0.0012181 0.00174824 0.00234487 0.00297376 0.00359934 0.00419628 0.00480129 0.00535789 0.00568445 0.00582901 0.00585056 0.00576114 0.00553707 0.00512619 0.00459119 0.00409476 0.00361727 0.00314214 0.00268327 0.00225585 0.00187139 0.00153776 0.0012605 0.0010453 0.000898195 0.00080887 0.000714509 0.000526635 0.000278097 0.000101309 2.70068e-05 5.67419e-06 9.78896e-07 1.37673e-07 1.45246e-08 8.29684e-10 0 
0 0.000152418 0.000488973 0.000851267 0.00134228 0.00194319 0.00261802 0.00332912 0.00404394 0.00480129 0.00553766 0.00594692 0.00615586 0.00625341 0.00626787 0.0062054 0.00605616 0.00578555 0.00530148 0.00464132 0.00405659 0.00351488 0.00299573 0.00251193 0.00207606 0.00169654 0.00137852 0.00112625 0.00094557 0.00083519 0.000750404 0.000592525 0.000343106 0.000134773 3.75364e-05 8.03877e-06 1.39392e-06 1.95695e-07 2.05453e-08 1.16643e-09 0 
0 0.000163914 0.000507536 0.000903181 0.00144295 0.0021003 0.00283786 0.00361655 0.00444285 0.00535789 0.00594692 0.00624702 0.00641271 0.00649259 0.00650422 0.00645188 0.00632988 0.00611841 0.00576544 0.00515342 0.00442985 0.00381392 0.00324506 0.00271622 0.00223939 0.00182345 0.00147345 0.00119263 0.000985708 0.000855206 0.000769965 0.000634129 0.000393204 0.000164348 4.75825e-05 1.03778e-05 1.8104e-06 2.54151e-07 2.66063e-08 1.50445e-09 0 
0 0.000171284 0.000520363 0.000940565 0.00151439 0.00221151 0.00299341 0.00382529 0.00478081 0.00568445 0.00615586 0.00641271 0.00655952 0.00663123 0.00664137 0.00659347 0.00648339 0.00629673 0.00599754 0.00549042 0.00472676 0.00402665 0.00341878 0.00285827 0.00235281 0.00191151 0.00153935 0.00123898 0.00101412 0.000868595 0.000779557 0.00065726 0.000426481 0.00018645 5.56112e-05 1.231e-05 2.1595e-06 3.03425e-07 3.17228e-08 1.78968e-09 0 
0 0.000175009 0.000527106 0.000960993 0.00155333 0.00227216 0.00307828 0.00394555 0.00498109 0.00582901 0.00625341 0.00649259 0.00663123 0.00669919 0.00670842 0.00666214 0.00655681 0.00638005 0.00610172 0.00564324 0.00489883 0.0041428 0.00350964 0.00293206 0.0024114 0.00195666 0.0015728 0.00126216 0.00102784 0.00087397 0.000781899 0.000666603 0.000443387 0.000198987 6.0443e-05 1.3509e-05 2.37955e-06 3.34746e-07 3.49913e-08 1.97251e-09 0 
0 0.000175456 0.000527605 0.000963688 0.00155892 0.00228108 0.00309084 0.00396448 0.00501391 0.00585056 0.00626787 0.00650422 0.00664137 0.00670842 0.00671707 0.00667049 0.0065652 0.0063891 0.00611287 0.00566041 0.00491958 0.00415306 0.00351576 0.00293618 0.00241389 0.00195778 0.00157275 0.00126102 0.00102551 0.000870348 0.000777879 0.000664858 0.000445069 0.000201231 6.14771e-05 1.37892e-05 2.43381e-06 3.4278e-07 3.58571e-08 2.02233e-09 0 
0 0.000172862 0.000522143 0.000949358 0.00153258 0.00224047 0.00303412 0.00388282 0.00488345 0.00576114 0.0062054 0.00645188 0.00659347 0.00666214 0.00667049 0.00662183 0.00651232 0.00632865 0.00603806 0.00555417 0.00479162 0.00405975 0.00344072 0.00287354 0.00236249 0.00191645 0.00154022 0.0012361 0.00100721 0.000857467 0.000767494 0.000652856 0.000432498 0.000193529 5.87501e-05 1.31456e-05 2.32004e-06 3.27103e-07 3.42703e-08 1.93619e-09 0 
0 0.000167357 0.000511448 0.000919992 0.00147767 0.00215542 0.00291528 0.00371947 0.00461134 0.00553707 0.00605616 0.00632988 0.00648339 0.00655681 0.0065652 0.00651232 0.00639333 0.00619153 0.0058645 0.00530255 0.00453783 0.0038793 0.00329302 0.00275073 0.0022623 0.00183646 0.00147791 0.00118919 0.000973969 0.000835512 0.00074995 0.000629798 0.000406337 0.000177107 5.28708e-05 1.17428e-05 2.06902e-06 2.9206e-07 3.06751e-08 1.73833e-09 0 
0 0.000158991 0.000496503 0.000878621 0.0013991 0.00203332 0.00274454 0.00349374 0.00426513 0.00512619 0.00578555 0.00611841 0.00629673 0.00638005 0.0063891 0.00632865 0.00619153 0.00595311 0.00554763 0.00488404 0.00421168 0.00363056 0.00308453 0.00257717 0.0021206 0.00172319 0.00138959 0.00112279 0.000927196 0.000804368 0.000723125 0.000593487 0.000367366 0.000153994 4.48734e-05 9.86289e-06 1.73394e-06 2.4522e-07 2.58521e-08 1.47167e-09 0 
0 0.000147782 0.000478232 0.000829068 0.00130289 0.00188307 0.00253416 0.00321932 0.00390305 0.00459119 0.00530148 0.00576544 0.00599754 0.00610172 0.00611287 0.00603806 0.0058645 0.00554763 0.00501029 0.00439494 0.00385041 0.00332932 0.00282912 0.00236399 0.00194592 0.00158283 0.00127941 0.00103939 0.000867678 0.000762277 0.000682629 0.000540912 0.000317324 0.000126976 3.60135e-05 7.83135e-06 1.37511e-06 1.95138e-07 2.06853e-08 1.185e-09 0 
0 0.000133799 0.000457057 0.000775654 0.0011957 0.00171433 0.00229737 0.002911 0.00352003 0.00409476 0.00464132 0.00515342 0.00549042 0.00564324 0.00566041 0.00555417 0.00530255 0.00488404 0.00439494 0.0039269 0.00345883 0.00299182 0.00254158 0.00212299 0.00174715 0.00142153 0.0011511 0.000940395 0.000793946 0.000703817 0.00062125 0.000469896 0.00025992 9.93899e-05 2.7532e-05 5.94379e-06 1.04546e-06 1.49237e-07 1.59412e-08 9.20768e-10 0 
0 0.000117278 0.000432426 0.000722748 0.00108449 0.00153684 0.00204737 0.00258513 0.00311867 0.00361727 0.00405659 0.00442985 0.00472676 0.00489883 0.00491958 0.00479162 0.00453783 0.00421168 0.00385041 0.00345883 0.00304804 0.00263515 0.00223658 0.00186574 0.00153274 0.00124475 0.00100708 0.000824677 0.000699818 0.000618291 0.000530936 0.000382384 0.00020141 7.4644e-05 2.04285e-05 4.41137e-06 7.80823e-07 1.12439e-07 1.21246e-08 7.06919e-10 0 
0 9.87527e-05 0.000402521 0.000673931 0.000976349 0.0013599 0.00179652 0.00225737 0.00271486 0.00314214 0.00351488 0.00381392 0.00402665 0.0041428 0.00415306 0.00405975 0.0038793 0.00363056 0.00332932 0.00299182 0.00263515 0.00227567 0.00192765 0.0016028 0.00131023 0.00105681 0.000847925 0.000687389 0.000574341 0.000494484 0.000411095 0.000288145 0.000149739 5.54805e-05 1.52956e-05 3.33597e-06 5.96484e-07 8.6711e-08 9.43102e-09 5.54106e-10 0 
0 7.91475e-05 0.000364542 0.000630471 0.000878262 0.00119218 0.00155574 0.00194144 0.00232493 0.00268327 0.00299573 0.00324506 0.00341878 0.00350964 0.00351576 0.00344072 0.00329302 0.00308453 0.00282912 0.00254158 0.00223658 0.00192765 0.00162665 0.00134348 0.00108638 0.000862283 0.000676462 0.000530699 0.000422697 0.000345852 0.000282221 0.000203644 0.000111412 4.3175e-05 1.22487e-05 2.7132e-06 4.88967e-07 7.13653e-08 7.77774e-09 4.57399e-10 0 
0 5.97479e-05 0.000315965 0.000589206 0.000796248 0.00104191 0.00133439 0.00164861 0.0019623 0.00225585 0.00251193 0.00271622 0.00285827 0.00293206 0.00293618 0.00287354 0.00275073 0.00257717 0.00236399 0.00212299 0.00186574 0.0016028 0.00134348 0.00109613 0.000869944 0.000677446 0.000530562 0.00042495 0.000337592 0.000256408 0.000192244 0.000142808 8.72045e-05 3.69659e-05 1.0944e-05 2.45145e-06 4.40383e-07 6.3742e-08 6.88076e-09 4.00841e-10 0 
0 4.20064e-05 0.000256715 0.000541112 0.000732474 0.000917031 0.00114079 0.00138783 0.00163713 0.00187139 0.00207606 0.00223939 0.00235281 0.0024114 0.00241389 0.00236249 0.0022623 0.0021206 0.00194592 0.00174715 0.00153274 0.00131023 0.00108638 0.000869944 0.000682132 0.000568115 0.000561982 0.000607945 0.000578026 0.00042472 0.000241968 0.000127872 7.39224e-05 3.43498e-05 1.06741e-05 2.39651e-06 4.23532e-07 6.00488e-08 6.35361e-09 3.63486e-10 0 
0 2.71968e-05 0.000191118 0.000473551 0.000679751 0.000823312 0.000983081 0.00116664 0.0013569 0.00153776 0.00169654 0.00182345 0.00191151 0.00195666 0.00195778 0.00191645 0.00183646 0.00172319 0.00158283 0.00142153 0.00124475 0.00105681 0.000862283 0.000677446 0.000568115 0.00066717 0.00105178 0.00167997 0.0020165 0.00119995 0.000608197 0.000225423 8.0076e-05 3.33946e-05 1.06246e-05 2.36825e-06 4.0838e-07 5.63757e-08 5.82199e-09 3.26098e-10 0 
0 1.60494e-05 0.00012759 0.000378916 0.000617057 0.000756925 0.000868068 0.000992732 0.00112801 0.0012605 0.00137852 0.00147345 0.00153935 0.0015728 0.00157275 0.00154022 0.00147791 0.00138959 0.00127941 0.0011511 0.00100708 0.000847925 0.000676462 0.000530562 0.000561982 0.00105178 0.00241566 0.004073 0.00421311 0.00347664 0.00140814 0.000475121 0.000121373 3.48449e-05 1.02477e-05 2.21891e-06 3.71373e-07 4.99312e-08 5.04321e-09 2.77237e-10 0 
0 8.56129e-06 7.50949e-05 0.000265633 0.00051709 0.000692819 0.000791763 0.00087217 0.000957609 0.0010453 0.00112625 0.00119263 0.00123898 0.00126216 0.00126102 0.0012361 0.00118919 0.00112279 0.00103939 0.000940395 0.000824677 0.000687389 0.000530699 0.00042495 0.000607945 0.00167997 0.004073 0.00455129 0.0046088 0.00435247 0.00295898 0.000761643 0.000176129 3.76887e-05 9.28322e-06 1.88602e-06 3.04821e-07 4.00889e-08 3.98549e-09 2.16356e-10 0 
0 4.1057e-06 3.85833e-05 0.000157906 0.000373266 0.000586928 0.00072105 0.000794782 0.000848126 0.000898195 0.00094557 0.000985708 0.00101412 0.00102784 0.00102551 0.00100721 0.000973969 0.000927196 0.000867678 0.000793946 0.000699818 0.000574341 0.000422697 0.000337592 0.000578026 0.0020165 0.00421311 0.0046088 0.00466195 0.00445998 0.00348091 0.000845029 0.000188957 3.57952e-05 7.50909e-06 1.40475e-06 2.19274e-07 2.84356e-08 2.80807e-09 1.51795e-10 0 
0 1.76574e-06 1.72693e-05 7.84269e-05 0.000219763 0.000418213 0.000595935 0.00070953 0.000771899 0.00080887 0.00083519 0.000855206 0.000868595 0.00087397 0.000870348 0.000857467 0.000835512 0.000804368 0.000762277 0.000703817 0.000618291 0.000494484 0.000345852 0.000256408 0.00042472 0.00119995 0.00347664 0.00435247 0.00445998 0.00415064 0.00214594 0.000621364 0.000140117 2.62567e-05 5.06644e-06 8.87461e-07 1.35526e-07 1.75465e-08 1.74e-09 9.45398e-11 0 
0 6.81008e-07 6.76123e-06 3.26521e-05 0.000103331 0.000233009 0.000396601 0.000545359 0.00065073 0.000714509 0.000750404 0.000769965 0.000779557 0.000781899 0.000777879 0.000767494 0.00074995 0.000723125 0.000682629 0.00062125 0.000530936 0.000411095 0.000282221 0.000192244 0.000241968 0.000608197 0.00140814 0.00295898 0.00348091 0.00214594 0.000932837 0.00030872 7.1826e-05 1.43338e-05 2.71673e-06 4.64567e-07 7.11812e-08 9.34709e-09 9.41497e-10 5.19008e-11 0 
0 2.35867e-07 2.33253e-06 1.15651e-05 3.92622e-05 9.95762e-05 0.000197038 0.000316746 0.000432937 0.000526635 0.000592525 0.000634129 0.00065726 0.000666603 0.000664858 0.000652856 0.000629798 0.000593487 0.000540912 0.000469896 0.000382384 0.000288145 0.000203644 0.000142808 0.000127872 0.000225423 0.000475121 0.000761643 0.000845029 0.000621364 0.00030872 0.000104782 2.67595e-05 5.8911e-06 1.14543e-06 2.00649e-07 3.17282e-08 4.29134e-09 4.43705e-10 2.50302e-11 0 
0 7.34684e-08 7.14323e-07 3.54701e-06 1.2403e-05 3.35269e-05 7.30544e-05 0.000132155 0.000204291 0.000278097 0.000343106 0.000393204 0.000426481 0.000443387 0.000445069 0.000432498 0.000406337 0.000367366 0.000317324 0.00025992 0.00020141 0.000149739 0.000111412 8.72045e-05 7.39224e-05 8.0076e-05 0.000121373 0.000176129 0.000188957 0.000140117 7.1826e-05 2.67595e-05 7.82444e-06 1.87954e-06 3.88963e-07 7.25279e-08 1.20777e-08 1.7017e-09 1.82133e-10 1.05896e-11 0 
0 2.05819e-08 1.95165e-07 9.55561e-07 3.35081e-06 9.27958e-06 2.11933e-05 4.09857e-05 6.85746e-05 0.000101309 0.000134773 0.000164348 0.00018645 0.000198987 0.000201231 0.000193529 0.000177107 0.000153994 0.000126976 9.93899e-05 7.4644e-05 5.54805e-05 4.3175e-05 3.69659e-05 3.43498e-05 3.33946e-05 3.48449e-05 3.76887e-05 3.57952e-05 2.62567e-05 1.43338e-05 5.8911e-06 1.87954e-06 4.90331e-07 1.11023e-07 2.24008e-08 3.95906e-09 5.84696e-10 6.51594e-11 3.92598e-12 0 
0 5.17042e-09 4.7602e-08 2.27804e-07 7.88823e-07 2.18517e-06 5.06312e-06 1.00673e-05 1.74986e-05 2.70068e-05 3.75364e-05 4.75825e-05 5.56112e-05 6.0443e-05 6.14771e-05 5.87501e-05 5.28708e-05 4.48734e-05 3.60135e-05 2.7532e-05 2.04285e-05 1.52956e-05 1.22487e-05 1.0944e-05 1.06741e-05 1.06246e-05 1.02477e-05 9.28322e-06 7.50909e-06 5.06644e-06 2.71673e-06 1.14543e-06 3.88963e-07 1.11023e-07 2.75568e-08 5.99218e-09 1.12309e-09 1.74284e-10 2.02943e-11 1.27183e-12 0 
0 1.15472e-09 1.03013e-08 4.79762e-08 1.62742e-07 4.45242e-07 1.02795e-06 2.05415e-06 3.61421e-06 5.67419e-06 8.03877e-06 1.03778e-05 1.231e-05 1.3509e-05 1.37892e-05 1.31456e-05 1.17428e-05 9.86289e-06 7.83135e-06 5.94379e-06 4.41137e-06 3.33597e-06 2.7132e-06 2.45145e-06 2.39651e-06 2.36825e-06 2.21891e-06 1.88602e-06 1.40475e-06 8.87461e-07 4.64567e-07 2.00649e-07 7.25279e-08 2.24008e-08 5.99218e-09 1.38893e-09 2.7514e-10 4.48817e-11 5.46982e-12 3.57296e-13 0 
0 2.24891e-10 1.94328e-09 8.79356e-09 2.91166e-08 7.81958e-08 1.78294e-07 3.53949e-07 6.21895e-07 9.78896e-07 1.39392e-06 1.8104e-06 2.1595e-06 2.37955e-06 2.43381e-06 2.32004e-06 2.06902e-06 1.73394e-06 1.37511e-06 1.04546e-06 7.80823e-07 5.96484e-07 4.88967e-07 4.40383e-07 4.23532e-07 4.0838e-07 3.71373e-07 3.04821e-07 2.19274e-07 1.35526e-07 7.11812e-08 3.17282e-08 1.20777e-08 3.95906e-09 1.12309e-09 2.7514e-10 5.74217e-11 9.83773e-12 1.25504e-12 8.55171e-14 0 
0 3.6627e-11 3.0676e-10 1.34871e-09 4.35443e-09 1.14515e-08 2.56859e-08 5.03889e-08 8.78472e-08 1.37673e-07 1.95695e-07 2.54151e-07 3.03425e-07 3.34746e-07 3.4278e-07 3.27103e-07 2.9206e-07 2.4522e-07 1.95138e-07 1.49237e-07 1.12439e-07 8.6711e-08 7.13653e-08 6.3742e-08 6.00488e-08 5.63757e-08 4.99312e-08 4.00889e-08 2.84356e-08 1.75465e-08 9.34709e-09 4.29134e-09 1.7017e-09 5.84696e-10 1.74284e-10 4.48817e-11 9.83773e-12 1.767e-12 2.35752e-13 1.67526e-14 0 
0 4.50671e-12 3.66307e-11 1.56627e-10 4.93237e-10 1.26963e-09 2.79781e-09 5.41232e-09 9.33712e-09 1.45246e-08 2.05453e-08 2.66063e-08 3.17228e-08 3.49913e-08 3.58571e-08 3.42703e-08 3.06751e-08 2.58521e-08 2.06853e-08 1.59412e-08 1.21246e-08 9.43102e-09 7.77774e-09 6.88076e-09 6.35361e-09 5.82199e-09 5.04321e-09 3.98549e-09 2.80807e-09 1.74e-09 9.41497e-10 4.43705e-10 1.82133e-10 6.51594e-11 2.02943e-11 5.46982e-12 1.25504e-12 2.35752e-13 3.28398e-14 2.43122e-15 0 
0 2.99542e-13 2.36669e-12 9.85597e-12 3.03064e-11 7.6401e-11 1.65414e-10 3.15403e-10 5.37962e-10 8.29684e-10 1.16643e-09 1.50445e-09 1.78968e-09 1.97251e-09 2.02233e-09 1.93619e-09 1.73833e-09 1.47167e-09 1.185e-09 9.20768e-10 7.06919e-10 5.54106e-10 4.57399e-10 4.00841e-10 3.63486e-10 3.26098e-10 2.77237e-10 2.16356e-10 1.51795e-10 9.45398e-11 5.19008e-11 2.50302e-11 1.05896e-11 3.92598e-12 1.27183e-12 3.57296e-13 8.55171e-14 1.67526e-14 2.43122e-15 1.87237e-16 0 
0 0 0 0 0 0 0 0 0 0 0 0 0 0 0 0 0 0 0 0 0 0 0 0 0 0 0 0 0 0 0 0 0 0 0 0 0 0 0 0 0 
