0 0 0 0 0 0 0 0 0 0 0 0 0 0 0 0 0 0 0 0 0 0 0 0 0 0 0 0 0 0 0 0 0 0 0 0 0 0 0 0 0 
0 1.38864e-07 1.19484e-06 4.91203e-06 1.33642e-05 2.70386e-05 4.39086e-05 6.08693e-05 7.56188e-05 8.72319e-05 9.57414e-05 0.000101572 0.000105187 0.000106953 0.000107111 0.000105792 0.000103037 9.8815e-05 9.30472e-05 8.56488e-05 7.66046e-05 6.60633e-05 5.44263e-05 4.23811e-05 3.08306e-05 2.07023e-05 1.26859e-05 7.02569e-06 3.49235e-06 1.55237e-06 6.16547e-07 2.19022e-07 6.96965e-08 1.9875e-08 5.06594e-09 1.14479e-09 2.25074e-10 3.69344e-11 4.57183e-12 3.05318e-13 0 
0 1.19484e-06 1.02644e-05 3.94301e-05 9.29163e-05 0.000154331 0.000203365 0.000234729 0.000253918 0.000267076 0.000277375 0.000285613 0.000291532 0.000294683 0.000294838 0.000292108 0.000286924 0.000279934 0.000271803 0.000262946 0.00025318 0.00024141 0.00022558 0.000203216 0.000172757 0.000135277 9.52727e-05 5.91593e-05 3.1973e-05 1.49715e-05 6.0905e-06 2.16787e-06 6.80608e-07 1.89608e-07 4.69504e-08 1.02795e-08 1.95664e-09 3.11002e-10 3.73339e-11 2.42195e-12 0 
0 4.91203e-06 3.94301e-05 0.000127047 0.000231438 0.000300111 0.00033731 0.000367349 0.000400506 0.000435909 0.000469594 0.000497942 0.000518435 0.00052965 0.000531127 0.000523251 0.000507128 0.000484461 0.000457436 0.000428601 0.000400702 0.000376302 0.000356963 0.000341811 0.000325961 0.000300446 0.00025631 0.000192996 0.000123308 6.54221e-05 2.87867e-05 1.06464e-05 3.37231e-06 9.30101e-07 2.25534e-07 4.80853e-08 8.8925e-09 1.37277e-09 1.6018e-10 1.0115e-11 0 
0 1.33642e-05 9.29163e-05 0.000231438 0.000329354 0.000384617 0.000443187 0.000515643 0.000594451 0.00067121 0.000739616 0.000795082 0.000834444 0.000855902 0.000858986 0.000844471 0.000814213 0.000770923 0.000717915 0.00065887 0.000597662 0.000538316 0.000485055 0.000442104 0.000412388 0.000394138 0.000376305 0.000338731 0.000266465 0.000171418 8.72332e-05 3.52816e-05 1.166e-05 3.24916e-06 7.8099e-07 1.63398e-07 2.95125e-08 4.44236e-09 5.05456e-10 3.11552e-11 0 
0 2.70386e-05 0.000154331 0.000300111 0.000384617 0.000471774 0.000584723 0.000711884 0.000841159 0.0009633 0.00107072 0.00115729 0.00121857 0.00125198 0.0012569 0.00123452 0.00118766 0.00112038 0.00103759 0.000944615 0.000846818 0.000749329 0.00065696 0.000574412 0.000506711 0.000458841 0.000432096 0.000415657 0.000380854 0.00029945 0.000184551 8.59602e-05 3.0838e-05 8.90531e-06 2.15453e-06 4.46543e-07 7.92752e-08 1.16902e-08 1.30194e-09 7.85812e-11 0 
0 4.39086e-05 0.000203365 0.00033731 0.000443187 0.000584723 0.000754919 0.000937681 0.00112044 0.00129205 0.00144256 0.00156371 0.00164948 0.00169638 0.00170335 0.00167197 0.00160639 0.00151228 0.00139635 0.00126587 0.00112813 0.000989905 0.00085723 0.000735278 0.000628732 0.000542622 0.000482656 0.000451063 0.00043407 0.000392379 0.000291647 0.000161299 6.50861e-05 1.99976e-05 4.95104e-06 1.02698e-06 1.8043e-07 2.61973e-08 2.86728e-09 1.70041e-10 0 
0 6.08693e-05 0.000234729 0.000367349 0.000515643 0.000711884 0.000937681 0.00117694 0.00141522 0.00163858 0.00183465 0.00199617 0.00212493 0.00220884 0.00222355 0.00216598 0.00205855 0.00192644 0.001774 0.001604 0.00142443 0.00124384 0.00106976 0.000908406 0.000764721 0.000642968 0.000548042 0.000485925 0.00045692 0.000437132 0.000373446 0.000244452 0.00011322 3.78187e-05 9.72888e-06 2.03949e-06 3.56941e-07 5.12775e-08 5.53744e-09 3.23759e-10 0 
0 7.56188e-05 0.000253918 0.000400506 0.000594451 0.000841159 0.00112044 0.00141522 0.00170839 0.00198398 0.00224399 0.00252342 0.0027453 0.00285456 0.0028716 0.00280581 0.0026436 0.00239857 0.00215726 0.00193997 0.00171843 0.00149592 0.00128106 0.00108125 0.00090208 0.000747686 0.000621776 0.000529463 0.000476327 0.000454681 0.000420101 0.000315696 0.000167824 6.16716e-05 1.66707e-05 3.56012e-06 6.24191e-07 8.91102e-08 9.52936e-09 5.51049e-10 0 
0 8.72319e-05 0.000267076 0.000435909 0.00067121 0.0009633 0.00129205 0.00163858 0.00198398 0.00233505 0.00275187 0.00302585 0.00315272 0.00320961 0.00321847 0.00318349 0.00309672 0.00292671 0.00260929 0.00226662 0.00199364 0.00173137 0.00147851 0.001243 0.00103116 0.000847324 0.000694601 0.000576597 0.000499193 0.000463736 0.000441577 0.000365762 0.000219456 8.8739e-05 2.53381e-05 5.54042e-06 9.7719e-07 1.39125e-07 1.47796e-08 8.47709e-10 0 
0 9.57414e-05 0.000277375 0.000469594 0.000739616 0.00107072 0.00144256 0.00183465 0.00224399 0.00275187 0.00309571 0.00325599 0.003342 0.00338321 0.00338966 0.00336367 0.00330182 0.00319199 0.00300007 0.00263355 0.00224307 0.00193702 0.00165068 0.0013841 0.00114393 0.000934812 0.000759596 0.000620818 0.000523192 0.000471614 0.000450124 0.000396111 0.000261486 0.000115196 3.46989e-05 7.78085e-06 1.38377e-06 1.96974e-07 2.08399e-08 1.18852e-09 0 
0 0.000101572 0.000285613 0.000497942 0.000795082 0.00115729 0.00156371 0.00199617 0.00252342 0.00302585 0.00325599 0.00337996 0.0034508 0.00348563 0.00349103 0.00346869 0.00341656 0.00332745 0.00318295 0.00292807 0.00248626 0.00210411 0.00178812 0.00149667 0.00123393 0.00100474 0.000811891 0.00065726 0.000544374 0.000478992 0.000453107 0.000412405 0.000291556 0.000137619 4.34187e-05 9.96567e-06 1.78794e-06 2.5484e-07 2.6904e-08 1.52877e-09 0 
0 0.000105187 0.000291532 0.000518435 0.000834444 0.00121857 0.00164948 0.00212493 0.0027453 0.00315272 0.003342 0.0034508 0.00351466 0.00354638 0.00355118 0.00353052 0.00348283 0.00340273 0.00327716 0.00307132 0.00268524 0.00222999 0.00188406 0.00157494 0.00129643 0.00105326 0.000848199 0.000682753 0.000559614 0.000484447 0.000453572 0.000419824 0.000310202 0.000153765 5.02363e-05 1.17456e-05 2.12336e-06 3.03224e-07 3.19864e-08 1.81394e-09 0 
0 0.000106953 0.000294683 0.00052965 0.000855902 0.00125198 0.00169638 0.00220884 0.00285456 0.00320961 0.00338321 0.00348563 0.00354638 0.00357662 0.00358105 0.00356098 0.00351507 0.00343862 0.00332052 0.00313255 0.00278762 0.00230511 0.00193448 0.0016156 0.00132871 0.00107814 0.000866633 0.000695508 0.000566995 0.00048651 0.000452346 0.000421671 0.000318955 0.000162587 5.42441e-05 1.28316e-05 2.33185e-06 3.33589e-07 3.51934e-08 1.99451e-09 0 
0 0.000107111 0.000294838 0.000531127 0.000858986 0.0012569 0.00170335 0.00222355 0.0028716 0.00321847 0.00338966 0.00349103 0.00355118 0.00358105 0.00358521 0.00356498 0.00351903 0.00344275 0.00332531 0.00313939 0.0028003 0.00231355 0.00193795 0.00161788 0.00133008 0.00107876 0.000866605 0.000694878 0.000565677 0.000484301 0.000449437 0.000419529 0.000319133 0.000163886 5.50137e-05 1.30646e-05 2.37947e-06 3.40824e-07 3.59834e-08 2.04026e-09 0 
0 0.000105792 0.000292108 0.000523251 0.000844471 0.00123452 0.00167197 0.00216598 0.00280581 0.00318349 0.00336367 0.00346869 0.00353052 0.00356098 0.00356498 0.00354387 0.00349622 0.00341697 0.00329415 0.00309668 0.00272993 0.00225416 0.00189631 0.00158335 0.00130176 0.00105598 0.000848682 0.000681154 0.000555667 0.000477569 0.000444606 0.000413668 0.000311367 0.000157988 5.25995e-05 1.24447e-05 2.2647e-06 3.24591e-07 3.43133e-08 1.94854e-09 0 
0 0.000103037 0.000286924 0.000507128 0.000814213 0.00118766 0.00160639 0.00205855 0.0026436 0.00309672 0.00330182 0.00341656 0.00348283 0.00351507 0.00351903 0.00349622 0.00344484 0.00335872 0.00322257 0.00299387 0.00257066 0.00214382 0.00181463 0.00151568 0.00124655 0.00101191 0.000814347 0.000655328 0.000537565 0.000466462 0.000437347 0.000403236 0.000295604 0.000145603 4.74791e-05 1.11189e-05 2.01678e-06 2.89139e-07 3.06245e-08 1.74363e-09 0 
0 9.8815e-05 0.000279934 0.000484461 0.000770923 0.00112038 0.00151228 0.00192644 0.00239857 0.00292671 0.00319199 0.00332745 0.00340273 0.00343862 0.00344275 0.00341697 0.00335872 0.0032592 0.0030949 0.00279279 0.00234744 0.00200166 0.00169964 0.00142005 0.00116848 0.000949499 0.000765686 0.000618798 0.000512224 0.00045108 0.000426423 0.00038621 0.000271433 0.000127875 4.04589e-05 9.33752e-06 1.68589e-06 2.41827e-07 2.56874e-08 1.46824e-09 0 
0 9.30472e-05 0.000271803 0.000457436 0.000717915 0.00103759 0.00139635 0.001774 0.00215726 0.00260929 0.00300007 0.00318295 0.00327716 0.00332052 0.00332531 0.00329415 0.00322257 0.0030949 0.00286358 0.00246999 0.00212514 0.00183463 0.00155888 0.00130258 0.00107223 0.000872158 0.000704988 0.000572966 0.00048023 0.000430633 0.000408996 0.000359424 0.000238743 0.000106514 3.25475e-05 7.3933e-06 1.32924e-06 1.90984e-07 2.03748e-08 1.17095e-09 0 
0 8.56488e-05 0.000262946 0.000428601 0.00065887 0.000944615 0.00126587 0.001604 0.00193997 0.00226662 0.00263355 0.00292807 0.00307132 0.00313255 0.00313939 0.00309668 0.00299387 0.00279279 0.00246999 0.00216864 0.00190613 0.00164853 0.00140044 0.00116979 0.000962698 0.000783283 0.000634317 0.000518702 0.000440945 0.000401985 0.000379638 0.000319274 0.000198722 8.38363e-05 2.47932e-05 5.55841e-06 9.97616e-07 1.43885e-07 1.54466e-08 8.94123e-10 0 
0 7.66046e-05 0.00025318 0.000400702 0.000597662 0.000846818 0.00112813 0.00142443 0.00171843 0.00199364 0.00224307 0.00248626 0.00268524 0.00278762 0.0028003 0.00272993 0.00257066 0.00234744 0.00212514 0.00190613 0.00167951 0.001452 0.00123238 0.00102804 0.000844557 0.000685881 0.000555054 0.000455479 0.000390846 0.000357881 0.000330656 0.000264092 0.000154894 6.25453e-05 1.80981e-05 4.03394e-06 7.26003e-07 1.05406e-07 1.14079e-08 6.65957e-10 0 
0 6.60633e-05 0.00024141 0.000376302 0.000538316 0.000749329 0.000989905 0.00124384 0.00149592 0.00173137 0.00193702 0.00210411 0.00222999 0.00230511 0.00231355 0.00225416 0.00214382 0.00200166 0.00183463 0.00164853 0.001452 0.00125392 0.00106216 0.000883164 0.000721955 0.00058236 0.000467553 0.000380471 0.000322586 0.000288645 0.000257564 0.000198339 0.000113239 4.51501e-05 1.3048e-05 2.92255e-06 5.29893e-07 7.75611e-08 8.46204e-09 4.97755e-10 0 
0 5.44263e-05 0.00022558 0.000356963 0.000485055 0.00065696 0.00085723 0.00106976 0.00128106 0.00147851 0.00165068 0.00178812 0.00188406 0.00193448 0.00193795 0.00189631 0.00181463 0.00169964 0.00155888 0.00140044 0.00123238 0.00106216 0.000896301 0.000740277 0.000598625 0.000475248 0.000373233 0.000293902 0.000236682 0.000199246 0.00017213 0.000134683 8.00759e-05 3.31362e-05 9.81016e-06 2.22714e-06 4.06805e-07 5.98095e-08 6.54514e-09 3.85872e-10 0 
0 4.23811e-05 0.000203216 0.000341811 0.000442104 0.000574412 0.000735278 0.000908406 0.00108125 0.001243 0.0013841 0.00149667 0.00157494 0.0016156 0.00161788 0.00158335 0.00151568 0.00142005 0.00130258 0.00116979 0.00102804 0.000883164 0.000740277 0.000603995 0.000479412 0.000373434 0.000292572 0.000234443 0.000186526 0.000142656 0.00011004 8.73603e-05 5.79217e-05 2.62692e-05 8.1306e-06 1.86962e-06 3.40967e-07 4.98029e-08 5.40843e-09 3.16476e-10 0 
0 3.08306e-05 0.000172757 0.000325961 0.000412388 0.000506711 0.000628732 0.000764721 0.00090208 0.00103116 0.00114393 0.00123393 0.00129643 0.00132871 0.00133008 0.00130176 0.00124655 0.00116848 0.00107223 0.000962698 0.000844557 0.000721955 0.000598625 0.000479412 0.000375954 0.000313082 0.000309667 0.000334986 0.000318501 0.000234038 0.000133522 7.21289e-05 4.5051e-05 2.27077e-05 7.43555e-06 1.71974e-06 3.09085e-07 4.42761e-08 4.71823e-09 2.71437e-10 0 
0 2.07023e-05 0.000135277 0.000300446 0.000394138 0.000458841 0.000542622 0.000642968 0.000747686 0.000847324 0.000934812 0.00100474 0.00105326 0.00107814 0.00107876 0.00105598 0.00101191 0.000949499 0.000872158 0.000783283 0.000685881 0.00058236 0.000475248 0.000373434 0.000313082 0.00036762 0.000579545 0.00100143 0.00120928 0.000672911 0.000335124 0.000124298 4.5428e-05 2.07409e-05 7.06574e-06 1.63181e-06 2.86563e-07 3.99734e-08 4.15719e-09 2.3414e-10 0 
0 1.26859e-05 9.52727e-05 0.00025631 0.000376305 0.000432096 0.000482656 0.000548042 0.000621776 0.000694601 0.000759596 0.000811891 0.000848199 0.000866633 0.000866605 0.000848682 0.000814347 0.000765686 0.000704988 0.000634317 0.000555054 0.000467553 0.000373233 0.000292572 0.000309667 0.000579545 0.00143193 0.00219057 0.00224609 0.0019806 0.00078701 0.000261798 6.71393e-05 2.05257e-05 6.58077e-06 1.49022e-06 2.54546e-07 3.45745e-08 3.51432e-09 1.9413e-10 0 
0 7.02569e-06 5.91593e-05 0.000192996 0.000338731 0.000415657 0.000451063 0.000485925 0.000529463 0.000576597 0.000620818 0.00065726 0.000682753 0.000695508 0.000694878 0.000681154 0.000655328 0.000618798 0.000572966 0.000518702 0.000455479 0.000380471 0.000293902 0.000234443 0.000334986 0.00100143 0.00219057 0.00240602 0.00243074 0.00231682 0.0017198 0.000420265 9.7107e-05 2.15187e-05 5.80394e-06 1.24554e-06 2.06057e-07 2.73761e-08 2.73683e-09 1.49177e-10 0 
0 3.49235e-06 3.1973e-05 0.000123308 0.000266465 0.000380854 0.00043407 0.00045692 0.000476327 0.000499193 0.000523192 0.000544374 0.000559614 0.000566995 0.000565677 0.000555667 0.000537565 0.000512224 0.00048023 0.000440945 0.000390846 0.000322586 0.000236682 0.000186526 0.000318501 0.00120928 0.00224609 0.00243074 0.00245601 0.00236528 0.00197643 0.000478961 0.000104149 2.02338e-05 4.62356e-06 9.1824e-07 1.47039e-07 1.92606e-08 1.91132e-09 1.03667e-10 0 
0 1.55237e-06 1.49715e-05 6.54221e-05 0.000171418 0.00029945 0.000392379 0.000437132 0.000454681 0.000463736 0.000471614 0.000478992 0.000484447 0.00048651 0.000484301 0.000477569 0.000466462 0.00045108 0.000430633 0.000401985 0.000357881 0.000288645 0.000199246 0.000142656 0.000234038 0.000672911 0.0019806 0.00231682 0.00236528 0.0022141 0.00126387 0.000342379 7.72607e-05 1.48987e-05 3.11459e-06 5.77952e-07 9.05114e-08 1.18289e-08 1.17791e-09 6.41766e-11 0 
0 6.16547e-07 6.0905e-06 2.87867e-05 8.72332e-05 0.000184551 0.000291647 0.000373446 0.000420101 0.000441577 0.000450124 0.000453107 0.000453572 0.000452346 0.000449437 0.000444606 0.000437347 0.000426423 0.000408996 0.000379638 0.000330656 0.000257564 0.00017213 0.00011004 0.000133522 0.000335124 0.00078701 0.0017198 0.00197643 0.00126387 0.000514004 0.000170111 3.97302e-05 8.27272e-06 1.68769e-06 3.03258e-07 4.74857e-08 6.28484e-09 6.352e-10 3.50945e-11 0 
0 2.19022e-07 2.16787e-06 1.06464e-05 3.52816e-05 8.59602e-05 0.000161299 0.000244452 0.000315696 0.000365762 0.000396111 0.000412405 0.000419824 0.000421671 0.000419529 0.000413668 0.000403236 0.00038621 0.000359424 0.000319274 0.000264092 0.000198339 0.000134683 8.73603e-05 7.21289e-05 0.000124298 0.000261798 0.000420265 0.000478961 0.000342379 0.000170111 5.78138e-05 1.50443e-05 3.50629e-06 7.24795e-07 1.31823e-07 2.11818e-08 2.88154e-09 2.98714e-10 1.68812e-11 0 
0 6.96965e-08 6.80608e-07 3.37231e-06 1.166e-05 3.0838e-05 6.50861e-05 0.00011322 0.000167824 0.000219456 0.000261486 0.000291556 0.000310202 0.000318955 0.000319133 0.000311367 0.000295604 0.000271433 0.000238743 0.000198722 0.000154894 0.000113239 8.00759e-05 5.79217e-05 4.5051e-05 4.5428e-05 6.71393e-05 9.7107e-05 0.000104149 7.72607e-05 3.97302e-05 1.50443e-05 4.58612e-06 1.16272e-06 2.51303e-07 4.80076e-08 8.07428e-09 1.1419e-09 1.2245e-10 7.12965e-12 0 
0 1.9875e-08 1.89608e-07 9.30101e-07 3.24916e-06 8.90531e-06 1.99976e-05 3.78187e-05 6.16716e-05 8.8739e-05 0.000115196 0.000137619 0.000153765 0.000162587 0.000163886 0.000157988 0.000145603 0.000127875 0.000106514 8.38363e-05 6.25453e-05 4.51501e-05 3.31362e-05 2.62692e-05 2.27077e-05 2.07409e-05 2.05257e-05 2.15187e-05 2.02338e-05 1.48987e-05 8.27272e-06 3.50629e-06 1.16272e-06 3.14438e-07 7.2996e-08 1.49165e-08 2.64997e-09 3.92226e-10 4.37694e-11 2.64017e-12 0 
0 5.06594e-09 4.69504e-08 2.25534e-07 7.8099e-07 2.15453e-06 4.95104e-06 9.72888e-06 1.66707e-05 2.53381e-05 3.46989e-05 4.34187e-05 5.02363e-05 5.42441e-05 5.50137e-05 5.25995e-05 4.74791e-05 4.04589e-05 3.25475e-05 2.47932e-05 1.80981e-05 1.3048e-05 9.81016e-06 8.1306e-06 7.43555e-06 7.06574e-06 6.58077e-06 5.80394e-06 4.62356e-06 3.11459e-06 1.68769e-06 7.24795e-07 2.51303e-07 7.2996e-08 1.83182e-08 4.00459e-09 7.52335e-10 1.16897e-10 1.36252e-11 8.54641e-13 0 
0 1.14479e-09 1.02795e-08 4.80853e-08 1.63398e-07 4.46543e-07 1.02698e-06 2.03949e-06 3.56012e-06 5.54042e-06 7.78085e-06 9.96567e-06 1.17456e-05 1.28316e-05 1.30646e-05 1.24447e-05 1.11189e-05 9.33752e-06 7.3933e-06 5.55841e-06 4.03394e-06 2.92255e-06 2.22714e-06 1.86962e-06 1.71974e-06 1.63181e-06 1.49022e-06 1.24554e-06 9.1824e-07 5.77952e-07 3.03258e-07 1.31823e-07 4.80076e-08 1.49165e-08 4.00459e-09 9.29945e-10 1.84407e-10 3.01037e-11 3.67133e-12 2.39981e-13 0 
0 2.25074e-10 1.95664e-09 8.8925e-09 2.95125e-08 7.92752e-08 1.8043e-07 3.56941e-07 6.24191e-07 9.7719e-07 1.38377e-06 1.78794e-06 2.12336e-06 2.33185e-06 2.37947e-06 2.2647e-06 2.01678e-06 1.68589e-06 1.32924e-06 9.97616e-07 7.26003e-07 5.29893e-07 4.06805e-07 3.40967e-07 3.09085e-07 2.86563e-07 2.54546e-07 2.06057e-07 1.47039e-07 9.05114e-08 4.74857e-08 2.11818e-08 8.07428e-09 2.64997e-09 7.52335e-10 1.84407e-10 3.85023e-11 6.59931e-12 8.42305e-13 5.74233e-14 0 
0 3.69344e-11 3.11002e-10 1.37277e-09 4.44236e-09 1.16902e-08 2.61973e-08 5.12775e-08 8.91102e-08 1.39125e-07 1.96974e-07 2.5484e-07 3.03224e-07 3.33589e-07 3.40824e-07 3.24591e-07 2.89139e-07 2.41827e-07 1.90984e-07 1.43885e-07 1.05406e-07 7.75611e-08 5.98095e-08 4.98029e-08 4.42761e-08 3.99734e-08 3.45745e-08 2.73761e-08 1.92606e-08 1.18289e-08 6.28484e-09 2.88154e-09 1.1419e-09 3.92226e-10 1.16897e-10 3.01037e-11 6.59931e-12 1.1856e-12 1.5823e-13 1.1248e-14 0 
0 4.57183e-12 3.73339e-11 1.6018e-10 5.05456e-10 1.30194e-09 2.86728e-09 5.53744e-09 9.52936e-09 1.47796e-08 2.08399e-08 2.6904e-08 3.19864e-08 3.51934e-08 3.59834e-08 3.43133e-08 3.06245e-08 2.56874e-08 2.03748e-08 1.54466e-08 1.14079e-08 8.46204e-09 6.54514e-09 5.40843e-09 4.71823e-09 4.15719e-09 3.51432e-09 2.73683e-09 1.91132e-09 1.17791e-09 6.352e-10 2.98714e-10 1.2245e-10 4.37694e-11 1.36252e-11 3.67133e-12 8.42305e-13 1.5823e-13 2.20445e-14 1.63239e-15 0 
0 3.05318e-13 2.42195e-12 1.0115e-11 3.11552e-11 7.85812e-11 1.70041e-10 3.23759e-10 5.51049e-10 8.47709e-10 1.18852e-09 1.52877e-09 1.81394e-09 1.99451e-09 2.04026e-09 1.94854e-09 1.74363e-09 1.46824e-09 1.17095e-09 8.94123e-10 6.65957e-10 4.97755e-10 3.85872e-10 3.16476e-10 2.71437e-10 2.3414e-10 1.9413e-10 1.49177e-10 1.03667e-10 6.41766e-11 3.50945e-11 1.68812e-11 7.12965e-12 2.64017e-12 8.54641e-13 2.39981e-13 5.74233e-14 1.1248e-14 1.63239e-15 1.25731e-16 0 
0 0 0 0 0 0 0 0 0 0 0 0 0 0 0 0 0 0 0 0 0 0 0 0 0 0 0 0 0 0 0 0 0 0 0 0 0 0 0 0 0 
