0 0 0 0 0 0 0 0 0 0 0 0 0 0 0 0 0 0 0 0 0 0 0 0 0 0 0 0 0 0 0 0 0 0 0 0 0 0 0 0 0 
0 3.8933e-11 3.71814e-10 1.88042e-09 7.03617e-09 2.15592e-08 5.64627e-08 1.29115e-07 2.60838e-07 4.68821e-07 7.5319e-07 1.08531e-06 1.4066e-06 1.64379e-06 1.73616e-06 1.66102e-06 1.44261e-06 1.13987e-06 8.21184e-07 5.40608e-07 3.25996e-07 1.80517e-07 9.20342e-08 4.3321e-08 1.88791e-08 7.63843e-09 2.87682e-09 1.01101e-09 3.3221e-10 1.02221e-10 2.94767e-11 7.96383e-12 2.01255e-12 4.73931e-13 1.03267e-13 2.05594e-14 3.65488e-15 5.5448e-16 6.46663e-17 4.1353e-18 0 
0 3.71814e-10 3.68271e-09 1.93206e-08 7.4943e-08 2.37683e-07 6.4285e-07 1.51368e-06 3.13788e-06 5.76514e-06 9.42936e-06 1.37757e-05 1.80282e-05 2.11913e-05 2.24299e-05 2.14298e-05 1.85243e-05 1.45206e-05 1.03452e-05 6.71483e-06 3.98079e-06 2.16137e-06 1.07793e-06 4.95331e-07 2.10392e-07 8.28649e-08 3.03557e-08 1.03717e-08 3.31315e-09 9.913e-10 2.78099e-10 7.31516e-11 1.80154e-11 4.13895e-12 8.80962e-13 1.7156e-13 2.98763e-14 4.44695e-15 5.09681e-16 3.20879e-17 0 
0 1.88042e-09 1.93206e-08 1.05186e-07 4.23136e-07 1.38955e-06 3.88206e-06 9.41226e-06 2.00161e-05 3.75698e-05 6.25064e-05 9.24959e-05 0.000122121 0.000144292 0.000153015 0.000146027 0.00012572 9.78672e-05 6.90381e-05 4.42352e-05 2.58101e-05 1.37533e-05 6.7145e-06 3.01379e-06 1.24817e-06 4.78705e-07 1.70614e-07 5.669e-08 1.76098e-08 5.12513e-09 1.39941e-09 3.5858e-10 8.6117e-11 1.93181e-11 4.02042e-12 7.66728e-13 1.30974e-13 1.91576e-14 2.16192e-15 1.34296e-16 0 
0 7.03617e-09 7.4943e-08 4.23136e-07 1.76407e-06 5.99352e-06 1.72778e-05 4.30741e-05 9.3796e-05 0.000179446 0.000302886 0.000452738 0.00060155 0.000713197 0.000757223 0.000722208 0.000620306 0.000480742 0.000336778 0.000213659 0.000123043 6.45062e-05 3.08927e-05 1.35675e-05 5.4868e-06 2.0517e-06 7.12243e-07 2.30393e-07 6.96677e-08 1.97437e-08 5.25285e-09 1.31271e-09 3.07828e-10 6.75185e-11 1.3761e-11 2.57451e-12 4.32264e-13 6.22771e-14 6.93841e-15 4.26613e-16 0 
0 2.15592e-08 2.37683e-07 1.38955e-06 5.99352e-06 2.10265e-05 6.23964e-05 0.000159472 0.000354227 0.000687496 0.00117088 0.00175787 0.00233861 0.00277209 0.00294244 0.00280745 0.0024134 0.00187124 0.00130927 0.00082724 0.000472709 0.000244936 0.000115502 4.9787e-05 1.97107e-05 7.20204e-06 2.44004e-06 7.69814e-07 2.27005e-07 6.27548e-08 1.62973e-08 3.9794e-09 9.12934e-10 1.96198e-10 3.92489e-11 7.22182e-12 1.19523e-12 1.70167e-13 1.87882e-14 1.14844e-15 0 
0 5.64627e-08 6.4285e-07 3.88206e-06 1.72778e-05 6.23964e-05 0.000189888 0.000495102 0.00111463 0.00217681 0.00370516 0.00553162 0.00730273 0.0085998 0.00910198 0.00870124 0.00752697 0.00588722 0.00415459 0.00264031 0.00151058 0.000779424 0.000364079 0.000154756 6.02063e-05 2.15638e-05 7.15006e-06 2.20582e-06 6.35895e-07 1.719e-07 4.36838e-08 1.04487e-08 2.35141e-09 4.96564e-10 9.78094e-11 1.77623e-11 2.90927e-12 4.11187e-13 4.52277e-14 2.76487e-15 0 
0 1.29115e-07 1.51368e-06 9.41226e-06 4.30741e-05 0.000159472 0.000495102 0.00130769 0.00295544 0.00573665 0.00961923 0.0140726 0.0182027 0.0211092 0.022197 0.0213022 0.0186766 0.0149044 0.0107572 0.00697688 0.00405032 0.00210451 0.000982311 0.000414483 0.00015927 5.61503e-05 1.82868e-05 5.53483e-06 1.56483e-06 4.14961e-07 1.03521e-07 2.43369e-08 5.39172e-09 1.12318e-09 2.18775e-10 3.94025e-11 6.42233e-12 9.06815e-13 1.00076e-13 6.16662e-15 0 
0 2.60838e-07 3.13788e-06 2.00161e-05 9.3796e-05 0.000354227 0.00111463 0.00295544 0.00662266 0.0125775 0.0204181 0.0287941 0.0360216 0.0408002 0.0424853 0.0409933 0.0366553 0.0301718 0.022602 0.0152144 0.0091126 0.00483752 0.00228232 0.000964226 0.000368338 0.000128476 4.12764e-05 1.2306e-05 3.42543e-06 8.94568e-07 2.19981e-07 5.10507e-08 1.11869e-08 2.31092e-09 4.47754e-10 8.05165e-11 1.31594e-11 1.87203e-12 2.09194e-13 1.31159e-14 0 
0 4.68821e-07 5.76514e-06 3.75698e-05 0.000179446 0.000687496 0.00217681 0.00573665 0.0125775 0.0230115 0.0356292 0.0478831 0.0575439 0.0634655 0.0653791 0.0634328 0.0579439 0.0494206 0.038766 0.0274399 0.0172208 0.00948311 0.0045809 0.00195715 0.000748856 0.000259956 8.28093e-05 2.44336e-05 6.7275e-06 1.73866e-06 4.23628e-07 9.75991e-08 2.12888e-08 4.3922e-09 8.5343e-10 1.54633e-10 2.55982e-11 3.70817e-12 4.24044e-13 2.73122e-14 0 
0 7.5319e-07 9.42936e-06 6.25064e-05 0.000302886 0.00117088 0.00370516 0.00961923 0.0204181 0.0356292 0.0522884 0.0669072 0.0774642 0.0834913 0.0852341 0.0830524 0.0772191 0.0679652 0.0557347 0.0416195 0.0275995 0.0159463 0.00797794 0.00348087 0.00134452 0.000467497 0.000148497 4.36008e-05 1.1942e-05 3.07279e-06 7.46819e-07 1.7211e-07 3.76922e-08 7.84329e-09 1.5452e-09 2.85482e-10 4.84565e-11 7.23139e-12 8.54588e-13 5.69389e-14 0 
0 1.08531e-06 1.37757e-05 9.24959e-05 0.000452738 0.00175787 0.00553162 0.0140726 0.0287941 0.0478831 0.0669072 0.0822194 0.0925709 0.0981848 0.0996217 0.0973291 0.0915639 0.08242 0.0699775 0.0547421 0.0382924 0.0232987 0.0121556 0.00545735 0.00214302 0.000751166 0.000239399 7.03957e-05 1.93136e-05 4.9867e-06 1.21983e-06 2.84124e-07 6.32135e-08 1.34421e-08 2.72273e-09 5.20063e-10 9.16364e-11 1.42229e-11 1.7467e-12 1.20527e-13 0 
0 1.4066e-06 1.80282e-05 0.000122121 0.00060155 0.00233861 0.00730273 0.0182027 0.0360216 0.0575439 0.0774642 0.0925709 0.102398 0.107577 0.108762 0.106406 0.100774 0.0919561 0.0798931 0.06467 0.0472586 0.0301417 0.0164064 0.00760737 0.00305306 0.0010854 0.000349442 0.000103705 2.87567e-05 7.52902e-06 1.87654e-06 4.48014e-07 1.02847e-07 2.27112e-08 4.80214e-09 9.60312e-10 1.77139e-10 2.86905e-11 3.65565e-12 2.59787e-13 0 
0 1.64379e-06 2.11913e-05 0.000144292 0.000713197 0.00277209 0.0085998 0.0211092 0.0408002 0.0634655 0.0834913 0.0981848 0.107577 0.11246 0.113491 0.111103 0.105579 0.0970471 0.0854487 0.0706843 0.0532678 0.0352514 0.0199111 0.0095308 0.00392185 0.00142238 0.000466262 0.000141041 4.00084e-05 1.0776e-05 2.78247e-06 6.93366e-07 1.67247e-07 3.89795e-08 8.70795e-09 1.83478e-09 3.54426e-10 5.96141e-11 7.81473e-12 5.66113e-13 0 
0 1.73616e-06 2.24299e-05 0.000153015 0.000757223 0.00294244 0.00910198 0.022197 0.0424853 0.0653791 0.0852341 0.0996217 0.108762 0.113491 0.114453 0.112074 0.106652 0.0983522 0.0871549 0.072927 0.0559627 0.0379549 0.0220517 0.01086 0.00459112 0.00170963 0.000576392 0.00018012 5.31441e-05 1.50135e-05 4.10073e-06 1.08823e-06 2.80415e-07 6.9708e-08 1.65091e-08 3.6531e-09 7.32941e-10 1.2662e-10 1.68741e-11 1.23183e-12 0 
0 1.66102e-06 2.14298e-05 0.000146027 0.000722208 0.00280745 0.00870124 0.0213022 0.0409933 0.0634328 0.0830524 0.0973291 0.106406 0.111103 0.112074 0.109758 0.104464 0.0963804 0.0855253 0.0718074 0.0554992 0.0381194 0.0225692 0.0113914 0.00496068 0.00191328 0.000672834 0.000221302 6.94371e-05 2.10647e-05 6.21914e-06 1.78617e-06 4.95697e-07 1.31397e-07 3.27565e-08 7.52594e-09 1.54778e-09 2.71045e-10 3.6282e-11 2.64136e-12 0 
0 1.44261e-06 1.85243e-05 0.00012572 0.000620306 0.0024134 0.00752697 0.0186766 0.0366553 0.0579439 0.0772191 0.0915639 0.100774 0.105579 0.106652 0.104464 0.0993413 0.0914845 0.0809487 0.0677379 0.0522495 0.0359883 0.021556 0.0111345 0.00502484 0.0020346 0.000761421 0.000270175 9.25204e-05 3.0832e-05 9.98891e-06 3.12086e-06 9.28943e-07 2.59781e-07 6.72208e-08 1.58006e-08 3.28483e-09 5.75966e-10 7.66362e-11 5.51592e-12 0 
0 1.13987e-06 1.45206e-05 9.78672e-05 0.000480742 0.00187124 0.00588722 0.0149044 0.0301718 0.0494206 0.0679652 0.08242 0.0919561 0.0970471 0.0983522 0.0963804 0.0914845 0.0838858 0.073702 0.0610976 0.0466965 0.0320481 0.0193688 0.01028 0.00486719 0.00211176 0.000863533 0.00033991 0.000130051 4.82674e-05 1.71982e-05 5.80182e-06 1.82748e-06 5.30661e-07 1.40286e-07 3.32505e-08 6.90018e-09 1.19867e-09 1.5716e-10 1.11049e-11 0 
0 8.21184e-07 1.03452e-05 6.90381e-05 0.000336778 0.00130927 0.00415459 0.0107572 0.022602 0.038766 0.0557347 0.0699775 0.0798931 0.0854487 0.0871549 0.0855253 0.0809487 0.073702 0.064026 0.0523197 0.0394585 0.0269567 0.0165146 0.00911717 0.00462297 0.00220861 0.00101581 0.000454189 0.000196631 8.13e-05 3.15604e-05 1.13258e-05 3.71206e-06 1.10093e-06 2.92909e-07 6.90972e-08 1.41569e-08 2.4145e-09 3.09676e-10 2.13583e-11 0 
0 5.40608e-07 6.71483e-06 4.42352e-05 0.000213659 0.00082724 0.00264031 0.00697688 0.0152144 0.0274399 0.0416195 0.0547421 0.06467 0.0706843 0.072927 0.0718074 0.0677379 0.0610976 0.0523197 0.0420606 0.0313462 0.021468 0.0135231 0.00793634 0.00443065 0.00239881 0.00126975 0.000652477 0.000319526 0.000145815 6.07889e-05 2.28268e-05 7.6567e-06 2.28352e-06 6.03025e-07 1.39914e-07 2.80257e-08 4.6561e-09 5.80585e-10 3.89018e-11 0 
0 3.25996e-07 3.98079e-06 2.58101e-05 0.000123043 0.000472709 0.00151058 0.00405032 0.0091126 0.0172208 0.0275995 0.0382924 0.0472586 0.0532678 0.0559627 0.0554992 0.0522495 0.0466965 0.0394585 0.0313462 0.0233246 0.0162989 0.0108195 0.00694882 0.00439336 0.00275256 0.00169303 0.000999066 0.000549248 0.000273512 0.00012078 4.67377e-05 1.57935e-05 4.6663e-06 1.20708e-06 2.72445e-07 5.28866e-08 8.50103e-09 1.02538e-09 6.65061e-11 0 
0 1.80517e-07 2.16137e-06 1.37533e-05 6.45062e-05 0.000244936 0.000779424 0.00210451 0.00483752 0.00948311 0.0159463 0.0232987 0.0301417 0.0352514 0.0379549 0.0381194 0.0359883 0.0320481 0.0269567 0.021468 0.0162989 0.0119576 0.00863714 0.00624905 0.00455957 0.00332519 0.00236769 0.00159306 0.000976583 0.000527086 0.000244214 9.60619e-05 3.21674e-05 9.26353e-06 2.31527e-06 5.03008e-07 9.38959e-08 1.45226e-08 1.68811e-09 1.05734e-10 0 
0 9.20342e-08 1.07793e-06 6.7145e-06 3.08927e-05 0.000115502 0.000364079 0.000982311 0.00228232 0.0045809 0.00797794 0.0121556 0.0164064 0.0199111 0.0220517 0.0225692 0.021556 0.0193688 0.0165146 0.0135231 0.0108195 0.00863714 0.00700754 0.00582246 0.00491788 0.00413908 0.0033771 0.00258315 0.00177629 0.00104718 0.000508899 0.000200687 6.4983e-05 1.77647e-05 4.20245e-06 8.67613e-07 1.54618e-07 2.29184e-08 2.56188e-09 1.54818e-10 0 
0 4.3321e-08 4.95331e-07 3.01379e-06 1.35675e-05 4.9787e-05 0.000154756 0.000414483 0.000964226 0.00195715 0.00348087 0.00545735 0.00760737 0.0095308 0.01086 0.0113914 0.0111345 0.01028 0.00911717 0.00793634 0.00694882 0.00624905 0.00582246 0.00558021 0.00540255 0.00518981 0.00488371 0.00438185 0.00351238 0.00231679 0.00118391 0.000458596 0.000137548 3.38045e-05 7.23075e-06 1.38229e-06 2.32751e-07 3.29626e-08 3.54228e-09 2.06707e-10 0 
0 1.88791e-08 2.10392e-07 1.24817e-06 5.4868e-06 1.97107e-05 6.02063e-05 0.00015927 0.000368338 0.000748856 0.00134452 0.00214302 0.00305306 0.00392185 0.00459112 0.00496068 0.00502484 0.00486719 0.00462297 0.00443065 0.00439336 0.00455957 0.00491788 0.00540255 0.00595635 0.0067131 0.00794692 0.00916344 0.00881661 0.00635788 0.00329628 0.00121872 0.000327099 6.79684e-05 1.21653e-05 2.03554e-06 3.16476e-07 4.26301e-08 4.41009e-09 2.49178e-10 0 
0 7.63843e-09 8.28649e-08 4.78705e-07 2.0517e-06 7.20204e-06 2.15638e-05 5.61503e-05 0.000128476 0.000259956 0.000467497 0.000751166 0.0010854 0.00142238 0.00170963 0.00191328 0.0020346 0.00211176 0.00220861 0.00239881 0.00275256 0.00332519 0.00413908 0.00518981 0.0067131 0.00994347 0.0164574 0.0238621 0.025442 0.018782 0.0094952 0.00331357 0.000808426 0.000143313 2.05981e-05 2.80756e-06 3.86065e-07 4.89745e-08 4.8882e-09 2.68644e-10 0 
0 2.87682e-09 3.03557e-08 1.70614e-07 7.12243e-07 2.44004e-06 7.15006e-06 1.82868e-05 4.12764e-05 8.28093e-05 0.000148497 0.000239399 0.000349442 0.000466262 0.000576392 0.000672834 0.000761421 0.000863533 0.00101581 0.00126975 0.00169303 0.00236769 0.0033771 0.00488371 0.00794692 0.0164574 0.0343473 0.0546102 0.0599795 0.0444148 0.0220795 0.00742016 0.00170752 0.000274207 3.31554e-05 3.61039e-06 4.20139e-07 4.94497e-08 4.77505e-09 2.56846e-10 0 
0 1.01101e-09 1.03717e-08 5.669e-08 2.30393e-07 7.69814e-07 2.20582e-06 5.53483e-06 1.2306e-05 2.44336e-05 4.36008e-05 7.03957e-05 0.000103705 0.000141041 0.00018012 0.000221302 0.000270175 0.00033991 0.000454189 0.000652477 0.000999066 0.00159306 0.00258315 0.00438185 0.00916344 0.0238621 0.0546102 0.0891973 0.0987358 0.0731644 0.0361756 0.0119676 0.00267394 0.000408016 4.46012e-05 4.08656e-06 4.00668e-07 4.34122e-08 4.07553e-09 2.16236e-10 0 
0 3.3221e-10 3.31315e-09 1.76098e-08 6.96677e-08 2.27005e-07 6.35895e-07 1.56483e-06 3.42543e-06 6.7275e-06 1.1942e-05 1.93136e-05 2.87567e-05 4.00084e-05 5.31441e-05 6.94371e-05 9.25204e-05 0.000130051 0.000196631 0.000319526 0.000549248 0.000976583 0.00177629 0.00351238 0.00881661 0.025442 0.0599795 0.0987358 0.109537 0.0811851 0.040079 0.0131892 0.0029094 0.000433123 4.50176e-05 3.73038e-06 3.22782e-07 3.27141e-08 3.0183e-09 1.59461e-10 0 
0 1.02221e-10 9.913e-10 5.12513e-09 1.97437e-08 6.27548e-08 1.719e-07 4.14961e-07 8.94568e-07 1.73866e-06 3.07279e-06 4.9867e-06 7.52902e-06 1.0776e-05 1.50135e-05 2.10647e-05 3.0832e-05 4.82674e-05 8.13e-05 0.000145815 0.000273512 0.000527086 0.00104718 0.00231679 0.00635788 0.018782 0.0444148 0.0731644 0.0811851 0.0601728 0.0297018 0.00976551 0.00214448 0.000315882 3.21798e-05 2.56417e-06 2.10969e-07 2.08967e-08 1.93058e-09 1.02664e-10 0 
0 2.94767e-11 2.78099e-10 1.39941e-09 5.25285e-09 1.62973e-08 4.36838e-08 1.03521e-07 2.19981e-07 4.23628e-07 7.46819e-07 1.21983e-06 1.87654e-06 2.78247e-06 4.10073e-06 6.21914e-06 9.98891e-06 1.71982e-05 3.15604e-05 6.07889e-05 0.00012078 0.000244214 0.000508899 0.00118391 0.00329628 0.0094952 0.0220795 0.0361756 0.040079 0.0297018 0.0146744 0.00483146 0.00106043 0.000155961 1.59242e-05 1.28724e-06 1.09587e-07 1.12517e-08 1.06486e-09 5.76308e-11 0 
0 7.96383e-12 7.31516e-11 3.5858e-10 1.31271e-09 3.9794e-09 1.04487e-08 2.43369e-08 5.10507e-08 9.75991e-08 1.7211e-07 2.84124e-07 4.48014e-07 6.93366e-07 1.08823e-06 1.78617e-06 3.12086e-06 5.80182e-06 1.13258e-05 2.28268e-05 4.67377e-05 9.60619e-05 0.000200687 0.000458596 0.00121872 0.00331357 0.00742016 0.0119676 0.0131892 0.00976551 0.00483146 0.00159388 0.000350664 5.20054e-05 5.46153e-06 4.76203e-07 4.57898e-08 5.13607e-09 5.07396e-10 2.82147e-11 0 
0 2.01255e-12 1.80154e-11 8.6117e-11 3.07828e-10 9.12934e-10 2.35141e-09 5.39172e-09 1.11869e-08 2.12888e-08 3.76922e-08 6.32135e-08 1.02847e-07 1.67247e-07 2.80415e-07 4.95697e-07 9.28943e-07 1.82748e-06 3.71206e-06 7.6567e-06 1.57935e-05 3.21674e-05 6.4983e-05 0.000137548 0.000327099 0.000808426 0.00170752 0.00267394 0.0029094 0.00214448 0.00106043 0.000350664 7.78305e-05 1.1853e-05 1.33843e-06 1.36947e-07 1.6022e-08 2.0137e-09 2.09603e-10 1.20592e-11 0 
0 4.73931e-13 4.13895e-12 1.93181e-11 6.75185e-11 1.96198e-10 4.96564e-10 1.12318e-09 2.31092e-09 4.3922e-09 7.84329e-09 1.34421e-08 2.27112e-08 3.89795e-08 6.9708e-08 1.31397e-07 2.59781e-07 5.30661e-07 1.10093e-06 2.28352e-06 4.6663e-06 9.26353e-06 1.77647e-05 3.38045e-05 6.79684e-05 0.000143313 0.000274207 0.000408016 0.000433123 0.000315882 0.000155961 5.20054e-05 1.1853e-05 1.93188e-06 2.54902e-07 3.36721e-08 4.90627e-09 6.85798e-10 7.52846e-11 4.50178e-12 0 
0 1.03267e-13 8.80962e-13 4.02042e-12 1.3761e-11 3.92489e-11 9.78094e-11 2.18775e-10 4.47754e-10 8.5343e-10 1.5452e-09 2.72273e-09 4.80214e-09 8.70795e-09 1.65091e-08 3.27565e-08 6.72208e-08 1.40286e-07 2.92909e-07 6.03025e-07 1.20708e-06 2.31527e-06 4.20245e-06 7.23075e-06 1.21653e-05 2.05981e-05 3.31554e-05 4.46012e-05 4.50176e-05 3.21798e-05 1.59242e-05 5.46153e-06 1.33843e-06 2.54902e-07 4.3893e-08 7.72388e-09 1.34021e-09 2.03509e-10 2.35081e-11 1.46506e-12 0 
0 2.05594e-14 1.7156e-13 7.66728e-13 2.57451e-12 7.22182e-12 1.77623e-11 3.94025e-11 8.05165e-11 1.54633e-10 2.85482e-10 5.20063e-10 9.60312e-10 1.83478e-09 3.6531e-09 7.52594e-09 1.58006e-08 3.32505e-08 6.90972e-08 1.39914e-07 2.72445e-07 5.03008e-07 8.67613e-07 1.38229e-06 2.03554e-06 2.80756e-06 3.61039e-06 4.08656e-06 3.73038e-06 2.56417e-06 1.28724e-06 4.76203e-07 1.36947e-07 3.36721e-08 7.72388e-09 1.67024e-09 3.23265e-10 5.23098e-11 6.34536e-12 4.12767e-13 0 
0 3.65488e-15 2.98763e-14 1.30974e-13 4.32264e-13 1.19523e-12 2.90927e-12 6.42233e-12 1.31594e-11 2.55982e-11 4.84565e-11 9.16364e-11 1.77139e-10 3.54426e-10 7.32941e-10 1.54778e-09 3.28483e-09 6.90018e-09 1.41569e-08 2.80257e-08 5.28866e-08 9.38959e-08 1.54618e-07 2.32751e-07 3.16476e-07 3.86065e-07 4.20139e-07 4.00668e-07 3.22782e-07 2.10969e-07 1.09587e-07 4.57898e-08 1.6022e-08 4.90627e-09 1.34021e-09 3.23265e-10 6.70659e-11 1.14521e-11 1.4567e-12 9.89535e-14 0 
0 5.5448e-16 4.44695e-15 1.91576e-14 6.22771e-14 1.70167e-13 4.11187e-13 9.06815e-13 1.87203e-12 3.70817e-12 7.23139e-12 1.42229e-11 2.86905e-11 5.96141e-11 1.2662e-10 2.71045e-10 5.75966e-10 1.19867e-09 2.4145e-09 4.6561e-09 8.50103e-09 1.45226e-08 2.29184e-08 3.29626e-08 4.26301e-08 4.89745e-08 4.94497e-08 4.34122e-08 3.27141e-08 2.08967e-08 1.12517e-08 5.13607e-09 2.0137e-09 6.85798e-10 2.03509e-10 5.23098e-11 1.14521e-11 2.05408e-12 2.73562e-13 1.93974e-14 0 
0 6.46663e-17 5.09681e-16 2.16192e-15 6.93841e-15 1.87882e-14 4.52277e-14 1.00076e-13 2.09194e-13 4.24044e-13 8.54588e-13 1.7467e-12 3.65565e-12 7.81473e-12 1.68741e-11 3.6282e-11 7.66362e-11 1.5716e-10 3.09676e-10 5.80585e-10 1.02538e-09 1.68811e-09 2.56188e-09 3.54228e-09 4.41009e-09 4.8882e-09 4.77505e-09 4.07553e-09 3.0183e-09 1.93058e-09 1.06486e-09 5.07396e-10 2.09603e-10 7.52846e-11 2.35081e-11 6.34536e-12 1.4567e-12 2.73562e-13 3.80732e-14 2.81482e-15 0 
0 4.1353e-18 3.20879e-17 1.34296e-16 4.26613e-16 1.14844e-15 2.76487e-15 6.16662e-15 1.31159e-14 2.73122e-14 5.69389e-14 1.20527e-13 2.59787e-13 5.66113e-13 1.23183e-12 2.64136e-12 5.51592e-12 1.11049e-11 2.13583e-11 3.89018e-11 6.65061e-11 1.05734e-10 1.54818e-10 2.06707e-10 2.49178e-10 2.68644e-10 2.56846e-10 2.16236e-10 1.59461e-10 1.02664e-10 5.76308e-11 2.82147e-11 1.20592e-11 4.50178e-12 1.46506e-12 4.12767e-13 9.89535e-14 1.93974e-14 2.81482e-15 2.16637e-16 0 
0 0 0 0 0 0 0 0 0 0 0 0 0 0 0 0 0 0 0 0 0 0 0 0 0 0 0 0 0 0 0 0 0 0 0 0 0 0 0 0 0 
