0 0 0 0 0 0 0 0 0 0 0 0 0 0 0 0 0 0 0 0 0 0 0 0 0 0 0 0 0 0 0 0 0 0 0 0 0 0 0 0 0 
0 1.68582e-07 1.46337e-06 6.12094e-06 1.70817e-05 3.563e-05 5.97141e-05 8.52373e-05 0.000108585 0.000127838 0.00014253 0.000152946 0.000159591 0.000162935 0.000163323 0.000160973 0.000155996 0.000148423 0.000138247 0.0001255 0.000110363 9.32895e-05 7.51024e-05 5.69789e-05 4.02803e-05 2.62324e-05 1.55737e-05 8.35729e-06 4.0307e-06 1.74254e-06 6.75169e-07 2.34777e-07 7.33747e-08 2.0613e-08 5.19009e-09 1.16126e-09 2.26503e-10 3.69338e-11 4.54878e-12 3.02567e-13 0 
0 1.46337e-06 1.27571e-05 5.05022e-05 0.000124366 0.000217186 0.000299953 0.000359616 0.000399845 0.000428301 0.000449891 0.000466372 0.000477817 0.000483843 0.000484268 0.00047934 0.000469732 0.000456371 0.000440142 0.000421473 0.000399881 0.000373664 0.000340112 0.000296627 0.000242769 0.000182212 0.000122694 7.28348e-05 3.77244e-05 1.70059e-05 6.69831e-06 2.32218e-06 7.13925e-07 1.95652e-07 4.78338e-08 1.03704e-08 1.9591e-09 3.09594e-10 3.70002e-11 2.39212e-12 0 
0 6.12094e-06 5.05022e-05 0.00017151 0.000334302 0.00046102 0.000540211 0.000601314 0.000661766 0.000722837 0.000779708 0.000827177 0.000861383 0.000880078 0.000882543 0.000869426 0.00084255 0.000804701 0.0007594 0.00071065 0.000662542 0.000618508 0.000579926 0.000544099 0.000502729 0.000443656 0.000358682 0.000254357 0.000152958 7.67696e-05 3.22418e-05 1.14973e-05 3.54402e-06 9.58261e-07 2.29055e-07 4.83325e-08 8.87131e-09 1.36204e-09 1.58294e-10 9.96644e-12 0 
0 1.70817e-05 0.000124366 0.000334302 0.000512735 0.000625918 0.00073298 0.000856193 0.000987796 0.00111549 0.00122921 0.0013214 0.00138682 0.00142248 0.0014276 0.00140348 0.00135319 0.00128124 0.00119314 0.00109498 0.000993163 0.000894199 0.000804594 0.000730103 0.000673157 0.000627698 0.00057448 0.000487015 0.000356462 0.000212866 0.00010135 3.88885e-05 1.23717e-05 3.35845e-06 7.93185e-07 1.63999e-07 2.93852e-08 4.3991e-09 4.98651e-10 3.06545e-11 0 
0 3.563e-05 0.000217186 0.00046102 0.000625918 0.000781638 0.000971501 0.0011831 0.00139797 0.00160097 0.00177949 0.00192337 0.00202522 0.00208075 0.00208892 0.00205173 0.00197385 0.00186204 0.00172444 0.00156992 0.00140738 0.00124535 0.00109177 0.000954227 0.000840181 0.000755391 0.000697219 0.000643351 0.000551998 0.000399623 0.000226269 9.80189e-05 3.3331e-05 9.28628e-06 2.19592e-06 4.48617e-07 7.89212e-08 1.15703e-08 1.28371e-09 7.72856e-11 0 
0 5.97141e-05 0.000299953 0.000540211 0.00073298 0.000971501 0.00125464 0.00155839 0.00186213 0.00214734 0.00239748 0.0025988 0.00274126 0.002819 0.00283051 0.00277855 0.0026697 0.00251334 0.00232068 0.00210384 0.00187491 0.00164519 0.00142468 0.00122198 0.00104473 0.000900534 0.000796152 0.000729081 0.000669966 0.000561831 0.000380625 0.000192355 7.22718e-05 2.11541e-05 5.08169e-06 1.03514e-06 1.799e-07 2.5949e-08 2.82861e-09 1.67317e-10 0 
0 8.52373e-05 0.000359616 0.000601314 0.000856193 0.0011831 0.00155839 0.00195604 0.00235204 0.00272325 0.00304872 0.00331235 0.00350526 0.00361803 0.00363606 0.00355926 0.00340729 0.00319963 0.00294815 0.00266578 0.00236736 0.00206721 0.0017779 0.00150974 0.00127092 0.00106841 0.000909401 0.000800187 0.000732962 0.00066177 0.000517446 0.000306356 0.000129947 4.07697e-05 1.00861e-05 2.06657e-06 3.56949e-07 5.08878e-08 5.47052e-09 3.18961e-10 0 
0 0.000108585 0.000399845 0.000661766 0.000987796 0.00139797 0.00186213 0.00235204 0.00283927 0.00329625 0.00370531 0.00408138 0.00440305 0.00459031 0.00462086 0.00450021 0.00424328 0.00391294 0.00357517 0.00322357 0.00285595 0.00248616 0.00212908 0.001797 0.00149922 0.0012426 0.00103305 0.000877454 0.000779163 0.000714701 0.000611572 0.000414966 0.00019956 6.7943e-05 1.74929e-05 3.63167e-06 6.26713e-07 8.86733e-08 9.43392e-09 5.43853e-10 0 
0 0.000127838 0.000428301 0.000722837 0.00111549 0.00160097 0.00214734 0.00272325 0.00329625 0.00384569 0.00441838 0.00493185 0.0052174 0.0053426 0.00536135 0.00528404 0.00508976 0.00472258 0.00421755 0.00375124 0.00331264 0.00287745 0.00245724 0.00206582 0.00171374 0.00140822 0.00115433 0.000957422 0.00082373 0.000745625 0.000666769 0.000500839 0.000269937 9.99644e-05 2.69343e-05 5.69391e-06 9.85654e-07 1.38887e-07 1.46684e-08 8.38438e-10 0 
0 0.00014253 0.000449891 0.000779708 0.00122921 0.00177949 0.00239748 0.00304872 0.00370531 0.00441838 0.00509028 0.00544422 0.00562631 0.00571167 0.00572444 0.00566988 0.00553964 0.00530441 0.00488036 0.00426314 0.00371597 0.00321884 0.00274337 0.00230033 0.00190118 0.00155362 0.0012624 0.00103145 0.000866531 0.000767968 0.000696868 0.000560035 0.000331197 0.000132476 3.73497e-05 8.0558e-06 1.40233e-06 1.97297e-07 2.07384e-08 1.17823e-09 0 
0 0.000152946 0.000466372 0.000827177 0.0013214 0.00192337 0.0025988 0.00331235 0.00408138 0.00493185 0.00544422 0.00570589 0.00585117 0.00592145 0.00593179 0.00588588 0.00577887 0.00559388 0.00528638 0.00474353 0.00406368 0.00349304 0.00297171 0.00248741 0.00205074 0.00166984 0.00134933 0.00109219 0.000903027 0.000785313 0.000712802 0.000596684 0.000377893 0.000161025 4.72502e-05 1.0387e-05 1.81985e-06 2.56079e-07 2.68432e-08 1.51902e-09 0 
0 0.000159591 0.000477817 0.000861383 0.00138682 0.00202522 0.00274126 0.00350526 0.00440305 0.0052174 0.00562631 0.00585117 0.0059803 0.00604356 0.0060526 0.00601051 0.00591371 0.00574987 0.00548817 0.00504534 0.00434471 0.00368905 0.00313083 0.00261749 0.00215461 0.00175048 0.00140967 0.00113463 0.000928931 0.00079705 0.00072034 0.000616639 0.000408606 0.00018224 5.51356e-05 1.23085e-05 2.16927e-06 3.05563e-07 3.19907e-08 1.80626e-09 0 
0 0.000162935 0.000483843 0.000880078 0.00142248 0.00208075 0.002819 0.00361803 0.00459031 0.0053426 0.00571167 0.00592145 0.00604356 0.00610357 0.00611182 0.00607111 0.00597839 0.005823 0.00557911 0.00517913 0.00450663 0.00379711 0.00321409 0.00268507 0.00220827 0.00179183 0.00144031 0.00115585 0.000941438 0.000801726 0.000721826 0.000624411 0.000424045 0.000194205 5.98638e-05 1.34977e-05 2.38903e-06 3.36952e-07 3.52724e-08 1.99001e-09 0 
0 0.000163323 0.000484268 0.000882543 0.0014276 0.00208892 0.00283051 0.00363606 0.00462086 0.00536135 0.00572444 0.00593179 0.0060526 0.00611182 0.00611956 0.00607857 0.00598586 0.00583102 0.00558889 0.00519411 0.00452643 0.00380694 0.00321971 0.00268884 0.00221055 0.00179286 0.00144026 0.00115481 0.000939298 0.000798349 0.000717959 0.000622518 0.000425424 0.000196289 6.08592e-05 1.37719e-05 2.44256e-06 3.44909e-07 3.61316e-08 2.0395e-09 0 
0 0.000160973 0.00047934 0.000869426 0.00140348 0.00205173 0.00277855 0.00355926 0.00450021 0.00528404 0.00566988 0.00588588 0.00601051 0.00607111 0.00607857 0.00603577 0.0059394 0.005778 0.00552353 0.0051013 0.00440739 0.00372022 0.00315095 0.00263147 0.00216347 0.00175501 0.00141048 0.00113199 0.000922558 0.000786652 0.000708673 0.000611683 0.000413664 0.000188842 5.8162e-05 1.31269e-05 2.32773e-06 3.2902e-07 3.4519e-08 1.95179e-09 0 
0 0.000155996 0.000469732 0.00084255 0.00135319 0.00197385 0.0026697 0.00340729 0.00424328 0.00508976 0.00553964 0.00577887 0.00591371 0.00597839 0.00598586 0.0059394 0.00583482 0.00565785 0.00537215 0.00487911 0.00416798 0.00355342 0.00301565 0.00251901 0.00207173 0.00168176 0.00135341 0.00108903 0.000892179 0.000766813 0.00069322 0.000591063 0.000389279 0.000173001 5.23634e-05 1.17258e-05 2.07529e-06 2.93646e-07 3.08817e-08 1.75131e-09 0 
0 0.000148423 0.000456371 0.000804701 0.00128124 0.00186204 0.00251334 0.00319963 0.00391294 0.00472258 0.00530441 0.00559388 0.00574987 0.005823 0.00583102 0.005778 0.00565785 0.00544951 0.00509653 0.0044953 0.00386067 0.00332491 0.0028247 0.00236007 0.00194197 0.00157803 0.00127253 0.00102825 0.000849466 0.000738769 0.000669625 0.00055843 0.000352799 0.00015065 4.44667e-05 9.84751e-06 1.73834e-06 2.46378e-07 2.60042e-08 1.48124e-09 0 
0 0.000138247 0.000440142 0.0007594 0.00119314 0.00172444 0.00232068 0.00294815 0.00357517 0.00421755 0.00488036 0.00528638 0.00548817 0.00557911 0.00558889 0.00552353 0.00537215 0.00509653 0.00461402 0.00403173 0.0035266 0.00304889 0.0025908 0.00216485 0.001782 0.00144949 0.00117164 0.000951902 0.000795182 0.000700948 0.000633738 0.000510645 0.000305592 0.000124401 3.5695e-05 7.81447e-06 1.37712e-06 1.95792e-07 2.07746e-08 1.19067e-09 0 
0 0.0001255 0.000421473 0.00071065 0.00109498 0.00156992 0.00210384 0.00266578 0.00322357 0.00375124 0.00426314 0.00474353 0.00504534 0.00517913 0.00519411 0.0051013 0.00487911 0.0044953 0.00403173 0.00359684 0.00316751 0.00273979 0.00232748 0.00194416 0.00159997 0.00130178 0.00105415 0.000861329 0.000728024 0.000648331 0.00057856 0.000445143 0.000250906 9.74375e-05 2.72663e-05 5.9206e-06 1.04458e-06 1.49341e-07 1.59638e-08 9.22334e-10 0 
0 0.000110363 0.000399881 0.000662542 0.000993163 0.00140738 0.00187491 0.00236736 0.00285595 0.00331264 0.00371597 0.00406368 0.00434471 0.00450663 0.00452643 0.00440739 0.00416798 0.00386067 0.0035266 0.00316751 0.00279128 0.00241317 0.00204817 0.00170857 0.00140362 0.0011399 0.000922288 0.000755506 0.00064229 0.000570747 0.000495901 0.000363109 0.000194546 7.30735e-05 2.01713e-05 4.37684e-06 7.76638e-07 1.11969e-07 1.20798e-08 7.0439e-10 0 
0 9.32895e-05 0.000373664 0.000618508 0.000894199 0.00124535 0.00164519 0.00206721 0.00248616 0.00287745 0.00321884 0.00349304 0.00368905 0.00379711 0.00380694 0.00372022 0.00355342 0.00332491 0.00304889 0.00273979 0.00241317 0.00208397 0.00176527 0.00146779 0.00119986 0.000967802 0.000776591 0.000629953 0.000527595 0.000457037 0.000384257 0.000273379 0.000144184 5.40348e-05 1.50049e-05 3.28572e-06 5.88701e-07 8.56619e-08 9.32057e-09 5.47672e-10 0 
0 7.51024e-05 0.000340112 0.000579926 0.000804594 0.00109177 0.00142468 0.0017779 0.00212908 0.00245724 0.00274337 0.00297171 0.00313083 0.00321409 0.00321971 0.00315095 0.00301565 0.0028247 0.0025908 0.00232748 0.00204817 0.00176527 0.00148962 0.00123031 0.000994868 0.000789679 0.000619614 0.000486393 0.000388087 0.00031896 0.000262612 0.000191915 0.00010637 4.16426e-05 1.18914e-05 2.64384e-06 4.77409e-07 6.97511e-08 7.60605e-09 4.47445e-10 0 
0 5.69789e-05 0.000296627 0.000544099 0.000730103 0.000954227 0.00122198 0.00150974 0.001797 0.00206582 0.00230033 0.00248741 0.00261749 0.00268507 0.00268884 0.00263147 0.00251901 0.00236007 0.00216485 0.00194416 0.00170857 0.00146779 0.00123031 0.0010038 0.000796679 0.000620421 0.00048593 0.000389231 0.00030929 0.000235167 0.000177097 0.000132918 8.22144e-05 3.522e-05 1.0499e-05 2.36119e-06 4.25125e-07 6.16152e-08 6.65688e-09 3.88041e-10 0 
0 4.02803e-05 0.000242769 0.000502729 0.000673157 0.000840181 0.00104473 0.00127092 0.00149922 0.00171374 0.00190118 0.00205074 0.00215461 0.00220827 0.00221055 0.00216347 0.00207173 0.00194197 0.001782 0.00159997 0.00140362 0.00119986 0.000994868 0.000796679 0.000624696 0.00052027 0.000514643 0.000556733 0.000529334 0.000388946 0.000221636 0.000117525 6.87585e-05 3.2361e-05 1.01391e-05 2.28691e-06 4.05195e-07 5.75364e-08 6.09404e-09 3.48914e-10 0 
0 2.62324e-05 0.000182212 0.000443656 0.000627698 0.000755391 0.000900534 0.00106841 0.0012426 0.00140822 0.00155362 0.00166984 0.00175048 0.00179183 0.00179286 0.00175501 0.00168176 0.00157803 0.00144949 0.00130178 0.0011399 0.000967802 0.000789679 0.000620421 0.00052027 0.000610969 0.00096318 0.00155776 0.0018736 0.00110058 0.000556963 0.000206457 7.366e-05 3.11546e-05 1.00203e-05 2.24613e-06 3.88416e-07 5.37037e-08 5.55173e-09 3.11207e-10 0 
0 1.55737e-05 0.000122694 0.000358682 0.00057448 0.000697219 0.000796152 0.000909401 0.00103305 0.00115433 0.0012624 0.00134933 0.00140967 0.00144031 0.00144026 0.00141048 0.00135341 0.00127253 0.00117164 0.00105415 0.000922288 0.000776591 0.000619614 0.00048593 0.000514643 0.00096318 0.00223876 0.00371803 0.00383733 0.00320618 0.00129111 0.000435097 0.000111216 3.22388e-05 9.6116e-06 2.09626e-06 3.51982e-07 4.73983e-08 4.79187e-09 2.63606e-10 0 
0 8.35729e-06 7.28348e-05 0.000254357 0.000487015 0.000643351 0.000729081 0.000800187 0.000877454 0.000957422 0.00103145 0.00109219 0.00113463 0.00115585 0.00115481 0.00113199 0.00108903 0.00102825 0.000951902 0.000861329 0.000755506 0.000629953 0.000486393 0.000389231 0.000556733 0.00155776 0.00371803 0.00413921 0.0041892 0.00396217 0.00273523 0.000697537 0.000161307 3.47019e-05 8.66982e-06 1.77708e-06 2.88302e-07 3.7977e-08 3.7787e-09 2.05253e-10 0 
0 4.0307e-06 3.77244e-05 0.000152958 0.000356462 0.000551998 0.000669966 0.000732962 0.000779163 0.00082373 0.000866531 0.000903027 0.000928931 0.000941438 0.000939298 0.000922558 0.000892179 0.000849466 0.000795182 0.000728024 0.00064229 0.000527595 0.000388087 0.00030929 0.000529334 0.0018736 0.00383733 0.0041892 0.00423655 0.00405781 0.00320811 0.000775863 0.000173047 3.29076e-05 6.99576e-06 1.32145e-06 2.07136e-07 2.69049e-08 2.6589e-09 1.43803e-10 0 
0 1.74254e-06 1.70059e-05 7.67696e-05 0.000212866 0.000399623 0.000561831 0.00066177 0.000714701 0.000745625 0.000767968 0.000785313 0.00079705 0.000801726 0.000798349 0.000786652 0.000766813 0.000738769 0.000700948 0.000648331 0.000570747 0.000457037 0.00031896 0.000235167 0.000388946 0.00110058 0.00320618 0.00396217 0.00405781 0.00378118 0.00198667 0.000569021 0.000128328 2.41524e-05 4.71884e-06 8.34341e-07 1.27945e-07 1.65902e-08 1.64623e-09 8.94822e-11 0 
0 6.75169e-07 6.69831e-06 3.22418e-05 0.00010135 0.000226269 0.000380625 0.000517446 0.000611572 0.000666769 0.000696868 0.000712802 0.00072034 0.000721826 0.000717959 0.000708673 0.00069322 0.000669625 0.000633738 0.00057856 0.000495901 0.000384257 0.000262612 0.000177097 0.000221636 0.000556963 0.00129111 0.00273523 0.00320811 0.00198667 0.000854255 0.000282714 6.58145e-05 1.32192e-05 2.53456e-06 4.36936e-07 6.71892e-08 8.83423e-09 8.9031e-10 4.90957e-11 0 
0 2.34777e-07 2.32218e-06 1.14973e-05 3.88885e-05 9.80189e-05 0.000192355 0.000306356 0.000414966 0.000500839 0.000560035 0.000596684 0.000616639 0.000624411 0.000622518 0.000611683 0.000591063 0.00055843 0.000510645 0.000445143 0.000363109 0.000273379 0.000191915 0.000132918 0.000117525 0.000206457 0.000435097 0.000697537 0.000775863 0.000569021 0.000282714 9.59754e-05 2.45801e-05 5.45888e-06 1.07181e-06 1.88919e-07 2.99532e-08 4.05509e-09 4.19448e-10 2.36682e-11 0 
0 7.33747e-08 7.13925e-07 3.54402e-06 1.23717e-05 3.3331e-05 7.22718e-05 0.000129947 0.00019956 0.000269937 0.000331197 0.000377893 0.000408606 0.000424045 0.000425424 0.000413664 0.000389279 0.000352799 0.000305592 0.000250906 0.000194546 0.000144184 0.00010637 8.22144e-05 6.87585e-05 7.366e-05 0.000111216 0.000161307 0.000173047 0.000128328 6.58145e-05 2.45801e-05 7.23309e-06 1.75232e-06 3.65212e-07 6.83741e-08 1.14048e-08 1.60787e-09 1.72141e-10 1.00108e-11 0 
0 2.0613e-08 1.95652e-07 9.58261e-07 3.35845e-06 9.28628e-06 2.11541e-05 4.07697e-05 6.7943e-05 9.99644e-05 0.000132476 0.000161025 0.00018224 0.000194205 0.000196289 0.000188842 0.000173001 0.00015065 0.000124401 9.74375e-05 7.30735e-05 5.40348e-05 4.16426e-05 3.522e-05 3.2361e-05 3.11546e-05 3.22388e-05 3.47019e-05 3.29076e-05 2.41524e-05 1.32192e-05 5.45888e-06 1.75232e-06 4.59823e-07 1.04548e-07 2.11392e-08 3.73928e-09 5.52431e-10 6.15765e-11 3.71074e-12 0 
0 5.19009e-09 4.78338e-08 2.29055e-07 7.93185e-07 2.19592e-06 5.08169e-06 1.00861e-05 1.74929e-05 2.69343e-05 3.73497e-05 4.72502e-05 5.51356e-05 5.98638e-05 6.08592e-05 5.8162e-05 5.23634e-05 4.44667e-05 3.5695e-05 2.72663e-05 2.01713e-05 1.50049e-05 1.18914e-05 1.0499e-05 1.01391e-05 1.00203e-05 9.6116e-06 8.66982e-06 6.99576e-06 4.71884e-06 2.53456e-06 1.07181e-06 3.65212e-07 1.04548e-07 2.59974e-08 5.65813e-09 1.06089e-09 1.64663e-10 1.91769e-11 1.20197e-12 0 
0 1.16126e-09 1.03704e-08 4.83325e-08 1.63999e-07 4.48617e-07 1.03514e-06 2.06657e-06 3.63167e-06 5.69391e-06 8.0558e-06 1.0387e-05 1.23085e-05 1.34977e-05 1.37719e-05 1.31269e-05 1.17258e-05 9.84751e-06 7.81447e-06 5.9206e-06 4.37684e-06 3.28572e-06 2.64384e-06 2.36119e-06 2.28691e-06 2.24613e-06 2.09626e-06 1.77708e-06 1.32145e-06 8.34341e-07 4.36936e-07 1.88919e-07 6.83741e-08 2.11392e-08 5.65813e-09 1.3119e-09 2.59923e-10 4.24043e-11 5.16844e-12 3.37644e-13 0 
0 2.26503e-10 1.9591e-09 8.87131e-09 2.93852e-08 7.89212e-08 1.799e-07 3.56949e-07 6.26713e-07 9.85654e-07 1.40233e-06 1.81985e-06 2.16927e-06 2.38903e-06 2.44256e-06 2.32773e-06 2.07529e-06 1.73834e-06 1.37712e-06 1.04458e-06 7.76638e-07 5.88701e-07 4.77409e-07 4.25125e-07 4.05195e-07 3.88416e-07 3.51982e-07 2.88302e-07 2.07136e-07 1.27945e-07 6.71892e-08 2.99532e-08 1.14048e-08 3.73928e-09 1.06089e-09 2.59923e-10 5.42495e-11 9.29487e-12 1.18587e-12 8.08104e-14 0 
0 3.69338e-11 3.09594e-10 1.36204e-09 4.3991e-09 1.15703e-08 2.5949e-08 5.08878e-08 8.86733e-08 1.38887e-07 1.97297e-07 2.56079e-07 3.05563e-07 3.36952e-07 3.44909e-07 3.2902e-07 2.93646e-07 2.46378e-07 1.95792e-07 1.49341e-07 1.11969e-07 8.56619e-08 6.97511e-08 6.16152e-08 5.75364e-08 5.37037e-08 4.73983e-08 3.7977e-08 2.69049e-08 1.65902e-08 8.83423e-09 4.05509e-09 1.60787e-09 5.52431e-10 1.64663e-10 4.24043e-11 9.29487e-12 1.66955e-12 2.22761e-13 1.58303e-14 0 
0 4.54878e-12 3.70002e-11 1.58294e-10 4.98651e-10 1.28371e-09 2.82861e-09 5.47052e-09 9.43392e-09 1.46684e-08 2.07384e-08 2.68432e-08 3.19907e-08 3.52724e-08 3.61316e-08 3.4519e-08 3.08817e-08 2.60042e-08 2.07746e-08 1.59638e-08 1.20798e-08 9.32057e-09 7.60605e-09 6.65688e-09 6.09404e-09 5.55173e-09 4.79187e-09 3.7787e-09 2.6589e-09 1.64623e-09 8.9031e-10 4.19448e-10 1.72141e-10 6.15765e-11 1.91769e-11 5.16844e-12 1.18587e-12 2.22761e-13 3.10309e-14 2.29738e-15 0 
0 3.02567e-13 2.39212e-12 9.96644e-12 3.06545e-11 7.72856e-11 1.67317e-10 3.18961e-10 5.43853e-10 8.38438e-10 1.17823e-09 1.51902e-09 1.80626e-09 1.99001e-09 2.0395e-09 1.95179e-09 1.75131e-09 1.48124e-09 1.19067e-09 9.22334e-10 7.0439e-10 5.47672e-10 4.47445e-10 3.88041e-10 3.48914e-10 3.11207e-10 2.63606e-10 2.05253e-10 1.43803e-10 8.94822e-11 4.90957e-11 2.36682e-11 1.00108e-11 3.71074e-12 1.20197e-12 3.37644e-13 8.08104e-14 1.58303e-14 2.29738e-15 1.76933e-16 0 
0 0 0 0 0 0 0 0 0 0 0 0 0 0 0 0 0 0 0 0 0 0 0 0 0 0 0 0 0 0 0 0 0 0 0 0 0 0 0 0 0 
