0 0 0 0 0 0 0 0 0 0 0 0 0 0 0 0 0 0 0 0 0 0 0 0 0 0 0 0 0 0 0 0 0 0 0 0 0 0 0 0 0 
0 1.12579e-07 9.62071e-07 3.90183e-06 1.04066e-05 2.05594e-05 3.25784e-05 4.41502e-05 5.37919e-05 6.10807e-05 6.62256e-05 6.96359e-05 7.169e-05 7.26612e-05 7.27172e-05 7.19398e-05 7.03423e-05 6.78793e-05 6.44607e-05 5.99775e-05 5.43511e-05 4.76016e-05 3.9921e-05 3.17168e-05 2.35899e-05 1.6222e-05 1.01899e-05 5.78544e-06 2.94564e-06 1.33879e-06 5.42395e-07 1.96026e-07 6.32935e-08 1.82682e-08 4.7025e-09 1.07114e-09 2.11939e-10 3.49548e-11 4.34406e-12 2.91019e-13 0 
0 9.62071e-07 8.17228e-06 3.06685e-05 6.98326e-05 0.000111543 0.000141676 0.000158706 0.000167981 0.000174139 0.000179224 0.000183561 0.000186808 0.00018856 0.000188607 0.000186998 0.000184023 0.00018014 0.000175851 0.000171514 0.000167092 0.000161893 0.000154435 0.00014269 0.000124938 0.000101099 7.37259e-05 4.74151e-05 2.64976e-05 1.27876e-05 5.33827e-06 1.94092e-06 6.19775e-07 1.74968e-07 4.37728e-08 9.65977e-09 1.84983e-09 2.95382e-10 3.55832e-11 2.31456e-12 0 
0 3.90183e-06 3.06685e-05 9.48544e-05 0.000163881 0.000202438 0.00022012 0.000235598 0.000254976 0.000276752 0.000297844 0.000315709 0.000328657 0.000335749 0.000336682 0.000331698 0.000321501 0.000307186 0.000290167 0.000272133 0.000254966 0.000240556 0.000230297 0.000224106 0.000219101 0.000208938 0.000185846 0.000146606 9.82015e-05 5.443e-05 2.48555e-05 9.4662e-06 3.06535e-06 8.59173e-07 2.10772e-07 4.53157e-08 8.43097e-09 1.3072e-09 1.5301e-10 9.68449e-12 0 
0 1.04066e-05 6.98326e-05 0.000163881 0.000219811 0.000247799 0.000281935 0.000327041 0.000376814 0.000425431 0.000468781 0.000503935 0.000528883 0.000542483 0.000544437 0.000535237 0.00051606 0.000488622 0.000455027 0.00041761 0.000378841 0.00034132 0.000307873 0.000281562 0.000265021 0.000258235 0.000254848 0.000240352 0.000199944 0.00013631 7.31109e-05 3.08435e-05 1.05127e-05 2.9926e-06 7.29721e-07 1.54145e-07 2.80216e-08 4.23639e-09 4.83458e-10 2.98608e-11 0 
0 2.05594e-05 0.000111543 0.000202438 0.000247799 0.000299712 0.000370683 0.000451208 0.000533138 0.000610553 0.000678635 0.000733506 0.000772346 0.000793525 0.000796641 0.000782458 0.000752757 0.000710114 0.00065764 0.00059871 0.000536725 0.000474938 0.00041641 0.000364185 0.00032171 0.000292907 0.000280165 0.000278393 0.000268427 0.000224985 0.000148149 7.30925e-05 2.73787e-05 8.14095e-06 2.00685e-06 4.20861e-07 7.52711e-08 1.1152e-08 1.24574e-09 7.53371e-11 0 
0 3.25784e-05 0.000141676 0.00022012 0.000281935 0.000370683 0.000478482 0.000594315 0.000710149 0.00081892 0.000914315 0.00099111 0.00104555 0.00107549 0.00107997 0.0010599 0.00101819 0.000958506 0.000885026 0.000802329 0.000715022 0.000627416 0.000543324 0.000466035 0.000398552 0.000344277 0.000307639 0.000292038 0.000291292 0.000279061 0.000222859 0.000132294 5.65182e-05 1.80634e-05 4.58428e-06 9.65169e-07 1.71084e-07 2.4973e-08 2.74215e-09 1.6295e-10 0 
0 4.41502e-05 0.000158706 0.000235598 0.000327041 0.000451208 0.000594315 0.000745964 0.000896984 0.00103856 0.0011631 0.00127001 0.00136718 0.00143369 0.00144579 0.0014012 0.00131701 0.00122279 0.00112449 0.00101664 0.000902826 0.000788361 0.000678027 0.00057576 0.000484695 0.000407571 0.000347751 0.000310115 0.000297552 0.000297726 0.000272356 0.000192752 9.57131e-05 3.36312e-05 8.93301e-06 1.90823e-06 3.37602e-07 4.88025e-08 5.28939e-09 3.09934e-10 0 
0 5.37919e-05 0.000167981 0.000254976 0.000376814 0.000533138 0.000710149 0.000896984 0.00108281 0.00125824 0.00144207 0.00165026 0.00178514 0.00184207 0.00185085 0.0018177 0.00172837 0.00156271 0.00137628 0.00122994 0.00108918 0.000948133 0.000811955 0.000685311 0.000571751 0.0004739 0.000394175 0.000336278 0.00030554 0.000300773 0.000294877 0.000239801 0.000137908 5.3878e-05 1.51543e-05 3.31243e-06 5.88401e-07 8.46177e-08 9.08667e-09 5.26737e-10 0 
0 6.10807e-05 0.000174139 0.000276752 0.000425431 0.000610553 0.00081892 0.00103856 0.00125824 0.00150817 0.00179063 0.00192724 0.00199244 0.00202246 0.00202729 0.00200895 0.00196384 0.00187889 0.00170593 0.00145043 0.00126403 0.00109737 0.000937103 0.000787831 0.000653561 0.000537046 0.000440267 0.00036569 0.00031808 0.00030143 0.000301312 0.000269149 0.000175569 7.61395e-05 2.27895e-05 5.12337e-06 9.17668e-07 1.31763e-07 1.4064e-08 8.08888e-10 0 
0 6.62256e-05 0.000179224 0.000297844 0.000468781 0.000678635 0.000914315 0.0011631 0.00144207 0.00179063 0.0019627 0.00204684 0.00209312 0.00211562 0.00211927 0.00210526 0.00207197 0.0020137 0.00191428 0.00171773 0.00143169 0.00122796 0.00104623 0.000877264 0.000725041 0.000592497 0.000481447 0.000393571 0.000332445 0.000303567 0.000301269 0.000284364 0.000204441 9.72159e-05 3.08915e-05 7.15155e-06 1.29449e-06 1.86041e-07 1.97878e-08 1.13197e-09 0 
0 6.96359e-05 0.000183561 0.000315709 0.000503935 0.000733506 0.00099111 0.00127001 0.00165026 0.00192724 0.00204684 0.00211372 0.00215258 0.00217188 0.00217499 0.00216281 0.00213432 0.00208595 0.00200883 0.00187765 0.00161326 0.00133662 0.00113338 0.00094861 0.00078208 0.000636819 0.000514589 0.00041662 0.000345503 0.000306711 0.000299538 0.000290844 0.000223897 0.000114551 3.83136e-05 9.11e-06 1.66665e-06 2.40073e-07 2.54923e-08 1.45338e-09 0 
0 7.169e-05 0.000186808 0.000328657 0.000528883 0.000772346 0.00104555 0.00136718 0.00178514 0.00199244 0.00209312 0.00215258 0.00218792 0.00220562 0.00220843 0.00219709 0.00217084 0.00212694 0.00205893 0.00195011 0.0017435 0.00142612 0.00119439 0.00099822 0.000821693 0.000667572 0.000537601 0.00043276 0.000355 0.000309375 0.000297656 0.000292667 0.000235257 0.000126702 4.40288e-05 1.06905e-05 1.97347e-06 2.85011e-07 3.02508e-08 1.72158e-09 0 
0 7.26612e-05 0.00018856 0.000335749 0.000542483 0.000793525 0.00107549 0.00143369 0.00184207 0.00202246 0.00211562 0.00217188 0.00220562 0.00222257 0.00222516 0.00221412 0.00218878 0.00214671 0.00208235 0.00198195 0.00180144 0.001483 0.00122674 0.001024 0.000842154 0.000683341 0.000549284 0.000440838 0.000359612 0.000310317 0.000295765 0.000292131 0.000240184 0.000133159 4.73349e-05 1.1644e-05 2.16246e-06 3.12985e-07 3.32304e-08 1.89012e-09 0 
0 7.27172e-05 0.000188607 0.000336682 0.000544437 0.000796641 0.00107997 0.00144579 0.00185085 0.00202729 0.00211927 0.00217499 0.00220843 0.00222516 0.00222761 0.00221647 0.00219109 0.00214909 0.00208502 0.00198554 0.00180842 0.00149041 0.00122906 0.00102544 0.000843024 0.000683733 0.000549267 0.000440438 0.000358763 0.000308833 0.000293626 0.000290206 0.000239845 0.000133954 4.79207e-05 1.18368e-05 2.20345e-06 3.19335e-07 3.39303e-08 1.93085e-09 0 
0 7.19398e-05 0.000186998 0.000331698 0.000535237 0.000782458 0.0010599 0.0014012 0.0018177 0.00200895 0.00210526 0.00216281 0.00219709 0.00221412 0.00221647 0.00220487 0.00217857 0.00213503 0.00206824 0.00196318 0.00177007 0.00144697 0.00120233 0.00100355 0.000825072 0.000669297 0.000537907 0.000431742 0.000352448 0.000304719 0.00029098 0.000286954 0.000234662 0.000129366 4.58446e-05 1.12719e-05 2.09548e-06 3.03794e-07 3.23146e-08 1.84149e-09 0 
0 7.03423e-05 0.000184023 0.000321501 0.00051606 0.000752757 0.00101819 0.00131701 0.00172837 0.00196384 0.00207197 0.00213432 0.00217084 0.00218878 0.00219109 0.00217857 0.00215034 0.00210327 0.00202989 0.00191013 0.00167439 0.00136634 0.00115026 0.000960662 0.000790083 0.000641362 0.000516146 0.000415382 0.000341058 0.000298095 0.000287491 0.000281656 0.000224363 0.000119824 4.14827e-05 1.00764e-05 1.86504e-06 2.70297e-07 2.87966e-08 1.64492e-09 0 
0 6.78793e-05 0.00018014 0.000307186 0.000488622 0.000710114 0.000958506 0.00122279 0.00156271 0.00187889 0.0020137 0.00208595 0.00212694 0.00214671 0.00214909 0.00213503 0.00210327 0.00204947 0.00196252 0.00180827 0.00151565 0.0012699 0.00107727 0.000900046 0.000740596 0.000601806 0.000485304 0.000392249 0.000325168 0.000289101 0.000282384 0.000272693 0.000208203 0.000105997 3.54668e-05 8.46678e-06 1.55741e-06 2.2563e-07 2.40946e-08 1.38119e-09 0 
0 6.44607e-05 0.000175851 0.000290167 0.000455027 0.00065764 0.000885026 0.00112449 0.00137628 0.00170593 0.00191428 0.00200883 0.00205893 0.00208235 0.00208502 0.00206824 0.00202989 0.00196252 0.0018448 0.00160872 0.00135111 0.00116292 0.00098804 0.000825595 0.000679592 0.000552786 0.000446837 0.000363249 0.000305214 0.000277335 0.000273733 0.000257366 0.000185446 8.89704e-05 2.86066e-05 6.6983e-06 1.22449e-06 1.77492e-07 1.90232e-08 1.0959e-09 0 
0 5.99775e-05 0.000171514 0.000272133 0.00041761 0.00059871 0.000802329 0.00101664 0.00122994 0.00145043 0.00171773 0.00187765 0.00195011 0.00198195 0.00198554 0.00196318 0.00191013 0.00180827 0.00160872 0.00138052 0.00120835 0.00104487 0.000887619 0.000741431 0.000610172 0.000496456 0.000402056 0.000328966 0.000280875 0.000260787 0.000257502 0.000232157 0.000156193 7.03964e-05 2.17763e-05 5.01295e-06 9.12777e-07 1.32647e-07 1.42947e-08 8.28978e-10 0 
0 5.43511e-05 0.000167092 0.000254966 0.000378841 0.000536725 0.000715022 0.000902826 0.00108918 0.00126403 0.00143169 0.00161326 0.0017435 0.00180144 0.00180842 0.00177007 0.00167439 0.00151565 0.00135111 0.00120835 0.00106451 0.000920297 0.0007811 0.000651588 0.000535292 0.000434725 0.000351853 0.000289113 0.000249891 0.000234309 0.000227281 0.000194386 0.000122477 5.24203e-05 1.57667e-05 3.59436e-06 6.54822e-07 9.56723e-08 1.03864e-08 6.07164e-10 0 
0 4.76016e-05 0.000161893 0.000240556 0.00034132 0.000474938 0.000627416 0.000788361 0.000948133 0.00109737 0.00122796 0.00133662 0.00142612 0.001483 0.00149041 0.00144697 0.00136634 0.0012699 0.00116292 0.00104487 0.000920297 0.000794753 0.000673211 0.000559761 0.000457586 0.000369124 0.000296473 0.000241846 0.00020706 0.000190164 0.000177992 0.000146006 8.88297e-05 3.72475e-05 1.11264e-05 2.54062e-06 4.655e-07 6.85121e-08 7.49579e-09 4.4153e-10 0 
0 3.9921e-05 0.000154435 0.000230297 0.000307873 0.00041641 0.000543324 0.000678027 0.000811955 0.000937103 0.00104623 0.00113338 0.00119439 0.00122674 0.00122906 0.00120233 0.00115026 0.00107727 0.00098804 0.000887619 0.0007811 0.000673211 0.000568088 0.000469198 0.000379424 0.000301266 0.00023676 0.000186898 0.000151642 0.000130194 0.000117003 9.67806e-05 6.09135e-05 2.63767e-05 8.04735e-06 1.85984e-06 3.43178e-07 5.07487e-08 5.57292e-09 3.29296e-10 0 
0 3.17168e-05 0.00014269 0.000224106 0.000281562 0.000364185 0.000466035 0.00057576 0.000685311 0.000787831 0.000877264 0.00094861 0.00099822 0.001024 0.00102544 0.00100355 0.000960662 0.000900046 0.000825595 0.000741431 0.000651588 0.000559761 0.000469198 0.000382825 0.000303882 0.000236749 0.000185528 0.000148714 0.000118439 9.10208e-05 7.16388e-05 5.95964e-05 4.18213e-05 1.98688e-05 6.34319e-06 1.48625e-06 2.74107e-07 4.03193e-08 4.39964e-09 2.58387e-10 0 
0 2.35899e-05 0.000124938 0.000219101 0.000265021 0.00032171 0.000398552 0.000484695 0.000571751 0.000653561 0.000725041 0.00078208 0.000821693 0.000842154 0.000843024 0.000825072 0.000790083 0.000740596 0.000679592 0.000610172 0.000535292 0.000457586 0.000379424 0.000303882 0.000238321 0.000198454 0.000196275 0.00021232 0.000201871 0.000148342 8.47125e-05 4.64855e-05 3.06615e-05 1.63336e-05 5.54192e-06 1.30865e-06 2.38106e-07 3.43777e-08 3.68415e-09 2.12909e-10 0 
0 1.6222e-05 0.000101099 0.000208938 0.000258235 0.000292907 0.000344277 0.000407571 0.0004739 0.000537046 0.000592497 0.000636819 0.000667572 0.000683341 0.000683733 0.000669297 0.000641362 0.000601806 0.000552786 0.000496456 0.000434725 0.000369124 0.000301266 0.000236749 0.000198454 0.000233003 0.000367332 0.000665881 0.000803293 0.000436526 0.000212406 7.88195e-05 2.94014e-05 1.42943e-05 5.0954e-06 1.20505e-06 2.14346e-07 3.01328e-08 3.15106e-09 1.78267e-10 0 
0 1.01899e-05 7.37259e-05 0.000185846 0.000254848 0.000280165 0.000307639 0.000347751 0.000394175 0.000440267 0.000481447 0.000514589 0.000537601 0.000549284 0.000549267 0.000537907 0.000516146 0.000485304 0.000446837 0.000402056 0.000351853 0.000296473 0.00023676 0.000185528 0.000196275 0.000367332 0.000946126 0.00136401 0.00139585 0.00126571 0.000508642 0.000165932 4.26715e-05 1.36436e-05 4.63413e-06 1.08025e-06 1.87049e-07 2.55927e-08 2.61398e-09 1.44955e-10 0 
0 5.78544e-06 4.74151e-05 0.000146606 0.000240352 0.000278393 0.000292038 0.000310115 0.000336278 0.00036569 0.000393571 0.00041662 0.00043276 0.000440838 0.000440438 0.000431742 0.000415382 0.000392249 0.000363249 0.000328966 0.000289113 0.000241846 0.000186898 0.000148714 0.00021232 0.000665881 0.00136401 0.00148803 0.00150254 0.00144002 0.00112105 0.000267303 6.15732e-05 1.3994e-05 4.01571e-06 8.92465e-07 1.4987e-07 2.00498e-08 2.0127e-09 1.10055e-10 0 
0 2.94564e-06 2.64976e-05 9.82015e-05 0.000199944 0.000268427 0.000291292 0.000297552 0.00030554 0.00031808 0.000332445 0.000345503 0.000355 0.000359612 0.000358763 0.000352448 0.000341058 0.000325168 0.000305214 0.000280875 0.000249891 0.00020706 0.000151642 0.000118439 0.000201871 0.000803293 0.00139585 0.00150254 0.00151742 0.0014664 0.00126184 0.000314592 6.6025e-05 1.30648e-05 3.16721e-06 6.53456e-07 1.06322e-07 1.40194e-08 1.39608e-09 7.59158e-11 0 
0 1.33879e-06 1.27876e-05 5.443e-05 0.00013631 0.000224985 0.000279061 0.000297726 0.000300773 0.00030143 0.000303567 0.000306711 0.000309375 0.000310317 0.000308833 0.000304719 0.000298095 0.000289101 0.000277335 0.000260787 0.000234309 0.000190164 0.000130194 9.10208e-05 0.000148342 0.000436526 0.00126571 0.00144002 0.0014664 0.0013765 0.000834334 0.000217004 4.89931e-05 9.64726e-06 2.13142e-06 4.10254e-07 6.52533e-08 8.57943e-09 8.56832e-10 4.67795e-11 0 
0 5.42395e-07 5.33827e-06 2.48555e-05 7.31109e-05 0.000148149 0.000222859 0.000272356 0.000294877 0.000301312 0.000301269 0.000299538 0.000297656 0.000295765 0.000293626 0.00029098 0.000287491 0.000282384 0.000273733 0.000257502 0.000227281 0.000177992 0.000117003 7.16388e-05 8.47125e-05 0.000212406 0.000508642 0.00112105 0.00126184 0.000834334 0.000325783 0.00010782 2.52519e-05 5.42278e-06 1.16286e-06 2.15541e-07 3.42008e-08 4.54924e-09 4.6087e-10 2.55051e-11 0 
0 1.96026e-07 1.94092e-06 9.4662e-06 3.08435e-05 7.30925e-05 0.000132294 0.000192752 0.000239801 0.000269149 0.000284364 0.000290844 0.000292667 0.000292131 0.000290206 0.000286954 0.000281656 0.000272693 0.000257366 0.000232157 0.000194386 0.000146006 9.67806e-05 5.95964e-05 4.64855e-05 7.88195e-05 0.000165932 0.000267303 0.000314592 0.000217004 0.00010782 3.66783e-05 9.67673e-06 2.3483e-06 5.05289e-07 9.40468e-08 1.52595e-08 2.08355e-09 2.16382e-10 1.22447e-11 0 
0 6.32935e-08 6.19775e-07 3.06535e-06 1.05127e-05 2.73787e-05 5.65182e-05 9.57131e-05 0.000137908 0.000175569 0.000204441 0.000223897 0.000235257 0.000240184 0.000239845 0.000234662 0.000224363 0.000208203 0.000185446 0.000156193 0.000122477 8.88297e-05 6.09135e-05 4.18213e-05 3.06615e-05 2.94014e-05 4.26715e-05 6.15732e-05 6.6025e-05 4.89931e-05 2.52519e-05 9.67673e-06 3.03922e-06 7.98974e-07 1.77462e-07 3.4401e-08 5.82092e-09 8.25215e-10 8.8609e-11 5.16472e-12 0 
0 1.82682e-08 1.74968e-07 8.59173e-07 2.9926e-06 8.14095e-06 1.80634e-05 3.36312e-05 5.3878e-05 7.61395e-05 9.72159e-05 0.000114551 0.000126702 0.000133159 0.000133954 0.000129366 0.000119824 0.000105997 8.89704e-05 7.03964e-05 5.24203e-05 3.72475e-05 2.63767e-05 1.98688e-05 1.63336e-05 1.42943e-05 1.36436e-05 1.3994e-05 1.30648e-05 9.64726e-06 5.42278e-06 2.3483e-06 7.98974e-07 2.21026e-07 5.20928e-08 1.07265e-08 1.91169e-09 2.8337e-10 3.16527e-11 1.91089e-12 0 
0 4.7025e-09 4.37728e-08 2.10772e-07 7.29721e-07 2.00685e-06 4.58428e-06 8.93301e-06 1.51543e-05 2.27895e-05 3.08915e-05 3.83136e-05 4.40288e-05 4.73349e-05 4.79207e-05 4.58446e-05 4.14827e-05 3.54668e-05 2.86066e-05 2.17763e-05 1.57667e-05 1.11264e-05 8.04735e-06 6.34319e-06 5.54192e-06 5.0954e-06 4.63413e-06 4.01571e-06 3.16721e-06 2.13142e-06 1.16286e-06 5.05289e-07 1.77462e-07 5.20928e-08 1.31584e-08 2.88592e-09 5.42991e-10 8.44444e-11 9.84953e-12 6.18218e-13 0 
0 1.07114e-09 9.65977e-09 4.53157e-08 1.54145e-07 4.20861e-07 9.65169e-07 1.90823e-06 3.31243e-06 5.12337e-06 7.15155e-06 9.11e-06 1.06905e-05 1.1644e-05 1.18368e-05 1.12719e-05 1.00764e-05 8.46678e-06 6.6983e-06 5.01295e-06 3.59436e-06 2.54062e-06 1.85984e-06 1.48625e-06 1.30865e-06 1.20505e-06 1.08025e-06 8.92465e-07 6.53456e-07 4.10254e-07 2.15541e-07 9.40468e-08 3.4401e-08 1.07265e-08 2.88592e-09 6.70942e-10 1.33139e-10 2.17462e-11 2.65343e-12 1.73533e-13 0 
0 2.11939e-10 1.84983e-09 8.43097e-09 2.80216e-08 7.52711e-08 1.71084e-07 3.37602e-07 5.88401e-07 9.17668e-07 1.29449e-06 1.66665e-06 1.97347e-06 2.16246e-06 2.20345e-06 2.09548e-06 1.86504e-06 1.55741e-06 1.22449e-06 9.12777e-07 6.54822e-07 4.655e-07 3.43178e-07 2.74107e-07 2.38106e-07 2.14346e-07 1.87049e-07 1.4987e-07 1.06322e-07 6.52533e-08 3.42008e-08 1.52595e-08 5.82092e-09 1.91169e-09 5.42991e-10 1.33139e-10 2.78066e-11 4.76761e-12 6.08731e-13 4.15155e-14 0 
0 3.49548e-11 2.95382e-10 1.3072e-09 4.23639e-09 1.1152e-08 2.4973e-08 4.88025e-08 8.46177e-08 1.31763e-07 1.86041e-07 2.40073e-07 2.85011e-07 3.12985e-07 3.19335e-07 3.03794e-07 2.70297e-07 2.2563e-07 1.77492e-07 1.32647e-07 9.56723e-08 6.85121e-08 5.07487e-08 4.03193e-08 3.43777e-08 3.01328e-08 2.55927e-08 2.00498e-08 1.40194e-08 8.57943e-09 4.54924e-09 2.08355e-09 8.25215e-10 2.8337e-10 8.44444e-11 2.17462e-11 4.76761e-12 8.56666e-13 1.14356e-13 8.13137e-15 0 
0 4.34406e-12 3.55832e-11 1.5301e-10 4.83458e-10 1.24574e-09 2.74215e-09 5.28939e-09 9.08667e-09 1.4064e-08 1.97878e-08 2.54923e-08 3.02508e-08 3.32304e-08 3.39303e-08 3.23146e-08 2.87966e-08 2.40946e-08 1.90232e-08 1.42947e-08 1.03864e-08 7.49579e-09 5.57292e-09 4.39964e-09 3.68415e-09 3.15106e-09 2.61398e-09 2.0127e-09 1.39608e-09 8.56832e-10 4.6087e-10 2.16382e-10 8.8609e-11 3.16527e-11 9.84953e-12 2.65343e-12 6.08731e-13 1.14356e-13 1.59339e-14 1.18011e-15 0 
0 2.91019e-13 2.31456e-12 9.68449e-12 2.98608e-11 7.53371e-11 1.6295e-10 3.09934e-10 5.26737e-10 8.08888e-10 1.13197e-09 1.45338e-09 1.72158e-09 1.89012e-09 1.93085e-09 1.84149e-09 1.64492e-09 1.38119e-09 1.0959e-09 8.28978e-10 6.07164e-10 4.4153e-10 3.29296e-10 2.58387e-10 2.12909e-10 1.78267e-10 1.44955e-10 1.10055e-10 7.59158e-11 4.67795e-11 2.55051e-11 1.22447e-11 5.16472e-12 1.91089e-12 6.18218e-13 1.73533e-13 4.15155e-14 8.13137e-15 1.18011e-15 9.09024e-17 0 
0 0 0 0 0 0 0 0 0 0 0 0 0 0 0 0 0 0 0 0 0 0 0 0 0 0 0 0 0 0 0 0 0 0 0 0 0 0 0 0 0 
