0 0 0 0 0 0 0 0 0 0 0 0 0 0 0 0 0 0 0 0 0 0 0 0 0 0 0 0 0 0 0 0 0 0 0 0 0 0 0 0 0 
0 2.00592e-07 1.77603e-06 7.72237e-06 2.28255e-05 5.10675e-05 9.21334e-05 0.000140952 0.000190671 0.000235725 0.000272915 0.000300983 0.000319794 0.000329703 0.000331212 0.000324828 0.000311046 0.000290385 0.000263501 0.00023133 0.00019526 0.000157238 0.000119709 8.53121e-05 5.63358e-05 3.41423e-05 1.88386e-05 9.40963e-06 4.24169e-06 1.72452e-06 6.32996e-07 2.10108e-07 6.31375e-08 1.71673e-08 4.20793e-09 9.21119e-10 1.76509e-10 2.83744e-11 3.45491e-12 2.27713e-13 0 
0 1.77603e-06 1.60066e-05 6.78165e-05 0.00018465 0.000362215 0.000558699 0.000733062 0.000870388 0.000974196 0.00105197 0.0011087 0.00114654 0.00116622 0.0011683 0.00115374 0.00112402 0.00108077 0.00102524 0.000957618 0.000876686 0.000780172 0.00066646 0.000537498 0.00040144 0.000272294 0.000164962 8.82675e-05 4.15318e-05 1.7214e-05 6.32075e-06 2.07035e-06 6.08477e-07 1.60961e-07 3.828e-08 8.1224e-09 1.50895e-09 2.35379e-10 2.78481e-11 1.78631e-12 0 
0 7.72237e-06 6.78165e-05 0.000259486 0.000591199 0.000942696 0.00122158 0.00143609 0.00161988 0.001787 0.00193499 0.00205587 0.00214218 0.00218919 0.00219541 0.00216253 0.00209499 0.00199937 0.00188371 0.00175641 0.00162481 0.00149283 0.00135817 0.0012104 0.001034 0.000820077 0.000582085 0.000358045 0.000187245 8.3014e-05 3.15067e-05 1.0395e-05 3.02516e-06 7.84367e-07 1.81845e-07 3.75216e-08 6.77447e-09 1.0275e-09 1.18336e-10 7.39994e-12 0 
0 2.28255e-05 0.00018465 0.000591199 0.0010815 0.00147172 0.00179826 0.00212481 0.00245744 0.00277644 0.00305977 0.00328931 0.00345218 0.00354096 0.00355372 0.00349366 0.00336847 0.00318935 0.00296996 0.00272537 0.00247106 0.00222194 0.00199059 0.00178333 0.00159313 0.00139328 0.00114586 0.000837625 0.000515759 0.000259459 0.000106637 3.65656e-05 1.0742e-05 2.76187e-06 6.28756e-07 1.26788e-07 2.23291e-08 3.30276e-09 3.71205e-10 2.26805e-11 0 
0 5.10675e-05 0.000362215 0.000942696 0.00147172 0.00192712 0.00241577 0.00294481 0.00347994 0.00398528 0.00442968 0.00478784 0.00504137 0.00517961 0.00519995 0.00510737 0.0049135 0.00463516 0.00429264 0.00390798 0.00350336 0.00309991 0.00271698 0.00237157 0.00207575 0.00182798 0.00159775 0.00132355 0.000963267 0.000571694 0.000266631 9.86438e-05 2.99823e-05 7.75949e-06 1.75075e-06 3.47143e-07 5.99035e-08 8.67179e-09 9.54021e-10 5.71047e-11 0 
0 9.21334e-05 0.000558699 0.00122158 0.00179826 0.00241577 0.00312301 0.00387929 0.00463539 0.00534537 0.00596804 0.00646917 0.00682367 0.00701698 0.00704557 0.0069164 0.00664562 0.00625645 0.00577686 0.00523708 0.0046672 0.00409536 0.00354643 0.00304163 0.00259874 0.00223086 0.00193655 0.00167642 0.00136506 0.000948216 0.000514936 0.000212511 6.85847e-05 1.81669e-05 4.10442e-06 8.0567e-07 1.36893e-07 1.94706e-08 2.10359e-09 1.23707e-10 0 
0 0.000140952 0.000733062 0.00143609 0.00212481 0.00294481 0.00387929 0.00486916 0.00585492 0.00677897 0.00758864 0.00824008 0.00870137 0.00895354 0.00899082 0.00882191 0.00846885 0.00796244 0.00733858 0.00663591 0.00589305 0.0051459 0.00442572 0.00375817 0.00316353 0.00265779 0.00225168 0.00193634 0.00164994 0.00128115 0.000804434 0.00037696 0.000131961 3.63416e-05 8.30504e-06 1.62469e-06 2.73147e-07 3.83203e-08 4.07935e-09 2.3638e-10 0 
0 0.000190671 0.000870388 0.00161988 0.00245744 0.00347994 0.00463539 0.00585492 0.00706777 0.00820394 0.00920008 0.0100074 0.0105918 0.0109214 0.0109715 0.0107488 0.0102942 0.0096593 0.00888843 0.0080236 0.0071093 0.00618879 0.00529991 0.00447326 0.003732 0.00309294 0.00256859 0.00216377 0.00184956 0.0015235 0.00107172 0.000568745 0.000218411 6.32774e-05 1.47516e-05 2.89304e-06 4.83405e-07 6.71388e-08 7.06481e-09 4.04525e-10 0 
0 0.000235725 0.000974196 0.001787 0.00277644 0.00398528 0.00534537 0.00677897 0.00820394 0.00953983 0.0107231 0.0117168 0.0124638 0.0128821 0.0129456 0.0126673 0.0120836 0.0112797 0.0103441 0.00932045 0.00824512 0.00716281 0.00611679 0.00514245 0.00426601 0.00350543 0.00287271 0.00237568 0.0020049 0.00168777 0.00128056 0.000755536 0.000318077 9.74856e-05 2.33133e-05 4.60405e-06 7.67409e-07 1.05857e-07 1.10428e-08 6.26488e-10 0 
0 0.000272915 0.00105197 0.00193499 0.00305977 0.00442968 0.00596804 0.00758864 0.00920008 0.0107231 0.0121143 0.0132843 0.0140595 0.0144366 0.0144896 0.0142438 0.013675 0.0127703 0.0116507 0.0104592 0.00923622 0.00801205 0.00682905 0.00572621 0.00473259 0.00386742 0.00314227 0.00256447 0.00213272 0.00179976 0.00142714 0.000912755 0.00041679 0.000134955 3.31697e-05 6.61331e-06 1.10255e-06 1.51452e-07 1.5703e-08 8.84836e-10 0 
0 0.000300983 0.0011087 0.00205587 0.00328931 0.00478784 0.00646917 0.00824008 0.0100074 0.0117168 0.0132843 0.014419 0.0150621 0.0153639 0.0154043 0.0152029 0.0147348 0.0139281 0.0127486 0.0113933 0.0100315 0.00869009 0.00739735 0.0061919 0.0051049 0.00415673 0.0033588 0.00271732 0.00223352 0.00187607 0.00152234 0.00102958 0.000501451 0.000170285 4.29338e-05 8.64691e-06 1.44421e-06 1.97959e-07 2.04446e-08 1.1467e-09 0 
0 0.000319794 0.00114654 0.00214218 0.00345218 0.00504137 0.00682367 0.00870137 0.0105918 0.0124638 0.0140595 0.0150621 0.0156177 0.0158807 0.0159143 0.0157342 0.0153215 0.0146143 0.0135113 0.0120766 0.0105947 0.00916339 0.007793 0.00651571 0.00536347 0.00435747 0.00350906 0.00282357 0.00230262 0.0019235 0.0015779 0.00110517 0.000563206 0.000198261 5.10189e-05 1.03666e-05 1.73565e-06 2.37744e-07 2.45019e-08 1.37055e-09 0 
0 0.000329703 0.00116622 0.00218919 0.00354096 0.00517961 0.00701698 0.00895354 0.0109214 0.0128821 0.0144366 0.0153639 0.0158807 0.0161264 0.0161561 0.0159842 0.0155943 0.014932 0.0138913 0.0124512 0.0108982 0.00941232 0.00799956 0.00668392 0.00549703 0.0044604 0.00358533 0.00287663 0.00233574 0.00194393 0.00160178 0.00114279 0.000597728 0.000215083 5.60825e-05 1.14668e-05 1.92428e-06 2.6367e-07 2.7158e-08 1.51763e-09 0 
0 0.000331212 0.0011683 0.00219541 0.00355372 0.00519995 0.00704557 0.00899082 0.0109715 0.0129456 0.0144896 0.0154043 0.0159143 0.0161561 0.0161839 0.0160114 0.0156228 0.014965 0.0139323 0.0124917 0.0109261 0.0094315 0.00801334 0.00669331 0.00550271 0.00446296 0.00358522 0.00287408 0.00233085 0.00193778 0.00159831 0.00114602 0.000604065 0.000218933 5.73701e-05 1.17649e-05 1.97772e-06 2.71288e-07 2.79641e-08 1.56364e-09 0 
0 0.000324828 0.00115374 0.00216253 0.00349366 0.00510737 0.0069164 0.00882191 0.0107488 0.0126673 0.0142438 0.0152029 0.0157342 0.0159842 0.0160114 0.0158306 0.0154244 0.0147351 0.0136573 0.0122092 0.0106877 0.00923084 0.00784274 0.00655051 0.00538553 0.00436873 0.00351107 0.00281718 0.00228838 0.00190541 0.00156909 0.00111728 0.000583485 0.000210024 5.48681e-05 1.12486e-05 1.89313e-06 2.60157e-07 2.68731e-08 1.50596e-09 0 
0 0.000311046 0.00112402 0.00209499 0.00336847 0.0049135 0.00664562 0.00846885 0.0102942 0.0120836 0.013675 0.0147348 0.0153215 0.0155943 0.0156228 0.0154244 0.0149775 0.0142154 0.0130578 0.0116436 0.0102184 0.00883408 0.00750654 0.00627056 0.00515714 0.00418639 0.003369 0.00270997 0.00221049 0.00184707 0.00151344 0.00105775 0.000538976 0.000190358 4.92547e-05 1.00704e-05 1.69657e-06 2.33802e-07 2.42382e-08 1.36368e-09 0 
0 0.000290385 0.00108077 0.00199937 0.00318935 0.00463516 0.00625645 0.00796244 0.0096593 0.0112797 0.0127703 0.0139281 0.0146143 0.014932 0.014965 0.0147351 0.0142154 0.013346 0.0121627 0.0108681 0.00956455 0.00827418 0.00703147 0.00587491 0.00483413 0.00392819 0.00316762 0.00255798 0.00209971 0.00176166 0.0014284 0.00096833 0.000475363 0.000163334 4.16956e-05 8.49482e-06 1.43376e-06 1.98452e-07 2.06877e-08 1.17094e-09 0 
0 0.000263501 0.00102524 0.00188371 0.00296996 0.00429264 0.00577686 0.00733858 0.00888843 0.0103441 0.0116507 0.0127486 0.0135113 0.0138913 0.0139323 0.0136573 0.0130578 0.0121627 0.0110954 0.00995282 0.0087716 0.0075893 0.00644926 0.00538894 0.00443593 0.00360821 0.00291633 0.00236648 0.00195672 0.00164481 0.00130903 0.000851533 0.00039966 0.000133203 3.3554e-05 6.82333e-06 1.15638e-06 1.61162e-07 1.69361e-08 9.66751e-10 0 
0 0.00023133 0.000957618 0.00175641 0.00272537 0.00390798 0.00523708 0.00663591 0.0080236 0.00932045 0.0104592 0.0113933 0.0120766 0.0124512 0.0124917 0.0122092 0.0116436 0.0108681 0.00995282 0.00894386 0.00788428 0.00682013 0.0057938 0.00483958 0.0039828 0.00324049 0.00262345 0.00213802 0.00177728 0.00148712 0.00115065 0.000714301 0.000321046 0.000104366 2.60938e-05 5.32269e-06 9.09455e-07 1.28056e-07 1.36049e-08 7.85098e-10 0 
0 0.00019526 0.000876686 0.00162481 0.00247106 0.00350336 0.0046672 0.00589305 0.0071093 0.00824512 0.00923622 0.0100315 0.0105947 0.0108982 0.0109261 0.0106877 0.0102184 0.00956455 0.0087716 0.00788428 0.0069483 0.0060071 0.00509851 0.00425314 0.00349402 0.00283738 0.00229418 0.00186937 0.00154945 0.00127606 0.000954882 0.000570414 0.000249842 8.05987e-05 2.02548e-05 4.17801e-06 7.23305e-07 1.03202e-07 1.1103e-08 6.48187e-10 0 
0 0.000157238 0.000780172 0.00149283 0.00222194 0.00309991 0.00409536 0.0051459 0.00618879 0.00716281 0.00801205 0.00869009 0.00916339 0.00941232 0.0094315 0.00923084 0.00883408 0.00827418 0.0075893 0.00682013 0.0060071 0.00518763 0.00439428 0.00365375 0.00298675 0.0024086 0.00192949 0.00155145 0.00125937 0.00100918 0.000738743 0.000439499 0.000195194 6.43859e-05 1.65421e-05 3.47626e-06 6.10861e-07 8.82026e-08 9.58044e-09 5.63609e-10 0 
0 0.000119709 0.00066646 0.00135817 0.00199059 0.00271698 0.00354643 0.00442572 0.00529991 0.00611679 0.00682905 0.00739735 0.007793 0.00799956 0.00801334 0.00784274 0.00750654 0.00703147 0.00644926 0.0057938 0.00509851 0.00439428 0.0037081 0.00306258 0.00247628 0.00196439 0.00153742 0.00119715 0.000934133 0.000726808 0.000537908 0.000338691 0.000161607 5.64349e-05 1.50099e-05 3.2105e-06 5.68559e-07 8.23011e-08 8.93689e-09 5.24768e-10 0 
0 8.53121e-05 0.000537498 0.0012104 0.00178333 0.00237157 0.00304163 0.00375817 0.00447326 0.00514245 0.00572621 0.0061919 0.00651571 0.00668392 0.00669331 0.00655051 0.00627056 0.00587491 0.00538894 0.00483958 0.00425314 0.00365375 0.00306258 0.00249857 0.00198245 0.00154281 0.0012074 0.000966197 0.000765432 0.000574243 0.000410552 0.00027348 0.000145783 5.53256e-05 1.52642e-05 3.28667e-06 5.78005e-07 8.26825e-08 8.86191e-09 5.137e-10 0 
0 5.63358e-05 0.00040144 0.001034 0.00159313 0.00207575 0.00259874 0.00316353 0.003732 0.00426601 0.00473259 0.0051049 0.00536347 0.00549703 0.00550271 0.00538553 0.00515714 0.00483413 0.00443593 0.0039828 0.00349402 0.00298675 0.00247628 0.00198245 0.00155408 0.00129464 0.001281 0.00138585 0.00131765 0.000968076 0.000550069 0.000280328 0.000142953 5.79358e-05 1.6485e-05 3.52809e-06 6.07957e-07 8.49783e-08 8.90955e-09 5.06253e-10 0 
0 3.41423e-05 0.000272294 0.000820077 0.00139328 0.00182798 0.00223086 0.00265779 0.00309294 0.00350543 0.00386742 0.00415673 0.00435747 0.0044604 0.00446296 0.00436873 0.00418639 0.00392819 0.00360821 0.00324049 0.00283738 0.0024086 0.00196439 0.00154281 0.00129464 0.00152087 0.00239764 0.00349393 0.00391453 0.00272388 0.00138644 0.000513199 0.000174122 6.2605e-05 1.76784e-05 3.70527e-06 6.20307e-07 8.43292e-08 8.62686e-09 4.79828e-10 0 
0 1.88386e-05 0.000164962 0.000582085 0.00114586 0.00159775 0.00193655 0.00225168 0.00256859 0.00287271 0.00314227 0.0033588 0.00350906 0.00358533 0.00358522 0.00351107 0.003369 0.00316762 0.00291633 0.00262345 0.00229418 0.00192949 0.00153742 0.0012074 0.001281 0.00239764 0.00502611 0.00917329 0.010069 0.00711099 0.00319939 0.00108307 0.000274852 7.14206e-05 1.8115e-05 3.61482e-06 5.83652e-07 7.72086e-08 7.72838e-09 4.22131e-10 0 
0 9.40963e-06 8.82675e-05 0.000358045 0.000837625 0.00132355 0.00167642 0.00193634 0.00216377 0.00237568 0.00256447 0.00271732 0.00282357 0.00287663 0.00287408 0.00281718 0.00270997 0.00255798 0.00236648 0.00213802 0.00186937 0.00155145 0.00119715 0.000966197 0.00138585 0.00349393 0.00917329 0.0112781 0.011538 0.0106986 0.00595713 0.001736 0.00040107 8.12535e-05 1.72181e-05 3.16205e-06 4.89199e-07 6.32245e-08 6.23285e-09 3.36464e-10 0 
0 4.24169e-06 4.15318e-05 0.000187245 0.000515759 0.000963267 0.00136506 0.00164994 0.00184956 0.0020049 0.00213272 0.00223352 0.00230262 0.00233574 0.00233085 0.00228838 0.00221049 0.00209971 0.00195672 0.00177728 0.00154945 0.00125937 0.000934133 0.000765432 0.00131765 0.00391453 0.010069 0.011538 0.0117307 0.011038 0.0071345 0.00191203 0.000430504 7.84201e-05 1.43173e-05 2.39921e-06 3.56407e-07 4.53785e-08 4.44656e-09 2.39212e-10 0 
0 1.72452e-06 1.7214e-05 8.3014e-05 0.000259459 0.000571694 0.000948216 0.00128115 0.0015235 0.00168777 0.00179976 0.00187607 0.0019235 0.00194393 0.00193778 0.00190541 0.00184707 0.00176166 0.00164481 0.00148712 0.00127606 0.00100918 0.000726808 0.000574243 0.000968076 0.00272388 0.00711099 0.0106986 0.011038 0.00975663 0.0044067 0.00141646 0.000319018 5.72113e-05 9.69337e-06 1.52593e-06 2.21684e-07 2.81951e-08 2.77676e-09 1.5026e-10 0 
0 6.32996e-07 6.32075e-06 3.15067e-05 0.000106637 0.000266631 0.000514936 0.000804434 0.00107172 0.00128056 0.00142714 0.00152234 0.0015779 0.00160178 0.00159831 0.00156909 0.00151344 0.0014284 0.00130903 0.00115065 0.000954882 0.000738743 0.000537908 0.000410552 0.000550069 0.00138644 0.00319939 0.00595713 0.0071345 0.0044067 0.00212649 0.000703729 0.000162717 3.04381e-05 5.10494e-06 7.94796e-07 1.16564e-07 1.50755e-08 1.50986e-09 8.29544e-11 0 
0 2.10108e-07 2.07035e-06 1.0395e-05 3.65656e-05 9.86438e-05 0.000212511 0.00037696 0.000568745 0.000755536 0.000912755 0.00102958 0.00110517 0.00114279 0.00114602 0.00111728 0.00105775 0.00096833 0.000851533 0.000714301 0.000570414 0.000439499 0.000338691 0.00027348 0.000280328 0.000513199 0.00108307 0.001736 0.00191203 0.00141646 0.000703729 0.000238324 5.91535e-05 1.19157e-05 2.08132e-06 3.38735e-07 5.18383e-08 6.93349e-09 7.13786e-10 4.01572e-11 0 
0 6.31375e-08 6.08477e-07 3.02516e-06 1.0742e-05 2.99823e-05 6.85847e-05 0.000131961 0.000218411 0.000318077 0.00041679 0.000501451 0.000563206 0.000597728 0.000604065 0.000583485 0.000538976 0.000475363 0.00039966 0.000321046 0.000249842 0.000195194 0.000161607 0.000145783 0.000142953 0.000174122 0.000274852 0.00040107 0.000430504 0.000319018 0.000162717 5.91535e-05 1.62243e-05 3.55994e-06 6.78957e-07 1.20525e-07 1.96661e-08 2.75146e-09 2.93582e-10 1.70328e-11 0 
0 1.71673e-08 1.60961e-07 7.84367e-07 2.76187e-06 7.75949e-06 1.81669e-05 3.63416e-05 6.32774e-05 9.74856e-05 0.000134955 0.000170285 0.000198261 0.000215083 0.000218933 0.000210024 0.000190358 0.000163334 0.000133203 0.000104366 8.05987e-05 6.43859e-05 5.64349e-05 5.53256e-05 5.79358e-05 6.2605e-05 7.14206e-05 8.12535e-05 7.84201e-05 5.72113e-05 3.04381e-05 1.19157e-05 3.55994e-06 8.68517e-07 1.87032e-07 3.67538e-08 6.42871e-09 9.45689e-10 1.05164e-10 6.32564e-12 0 
0 4.20793e-09 3.828e-08 1.81845e-07 6.28756e-07 1.75075e-06 4.10442e-06 8.30504e-06 1.47516e-05 2.33133e-05 3.31697e-05 4.29338e-05 5.10189e-05 5.60825e-05 5.73701e-05 5.48681e-05 4.92547e-05 4.16956e-05 3.3554e-05 2.60938e-05 2.02548e-05 1.65421e-05 1.50099e-05 1.52642e-05 1.6485e-05 1.76784e-05 1.8115e-05 1.72181e-05 1.43173e-05 9.69337e-06 5.10494e-06 2.08132e-06 6.78957e-07 1.87032e-07 4.53687e-08 9.75733e-09 1.8206e-09 2.81923e-10 3.27795e-11 2.05155e-12 0 
0 9.21119e-10 8.1224e-09 3.75216e-08 1.26788e-07 3.47143e-07 8.0567e-07 1.62469e-06 2.89304e-06 4.60405e-06 6.61331e-06 8.64691e-06 1.03666e-05 1.14668e-05 1.17649e-05 1.12486e-05 1.00704e-05 8.49482e-06 6.82333e-06 5.32269e-06 4.17801e-06 3.47626e-06 3.2105e-06 3.28667e-06 3.52809e-06 3.70527e-06 3.61482e-06 3.16205e-06 2.39921e-06 1.52593e-06 7.94796e-07 3.38735e-07 1.20525e-07 3.67538e-08 9.75733e-09 2.25339e-09 4.45584e-10 7.25988e-11 8.83853e-12 5.76754e-13 0 
0 1.76509e-10 1.50895e-09 6.77447e-09 2.23291e-08 5.99035e-08 1.36893e-07 2.73147e-07 4.83405e-07 7.67409e-07 1.10255e-06 1.44421e-06 1.73565e-06 1.92428e-06 1.97772e-06 1.89313e-06 1.69657e-06 1.43376e-06 1.15638e-06 9.09455e-07 7.23305e-07 6.10861e-07 5.68559e-07 5.78005e-07 6.07957e-07 6.20307e-07 5.83652e-07 4.89199e-07 3.56407e-07 2.21684e-07 1.16564e-07 5.18383e-08 1.96661e-08 6.42871e-09 1.8206e-09 4.45584e-10 9.2928e-11 1.59101e-11 2.02828e-12 1.38099e-13 0 
0 2.83744e-11 2.35379e-10 1.0275e-09 3.30276e-09 8.67179e-09 1.94706e-08 3.83203e-08 6.71388e-08 1.05857e-07 1.51452e-07 1.97959e-07 2.37744e-07 2.6367e-07 2.71288e-07 2.60157e-07 2.33802e-07 1.98452e-07 1.61162e-07 1.28056e-07 1.03202e-07 8.82026e-08 8.23011e-08 8.26825e-08 8.49783e-08 8.43292e-08 7.72086e-08 6.32245e-08 4.53785e-08 2.81951e-08 1.50755e-08 6.93349e-09 2.75146e-09 9.45689e-10 2.81923e-10 7.25988e-11 1.59101e-11 2.85675e-12 3.80976e-13 2.70576e-14 0 
0 3.45491e-12 2.78481e-11 1.18336e-10 3.71205e-10 9.54021e-10 2.10359e-09 4.07935e-09 7.06481e-09 1.10428e-08 1.5703e-08 2.04446e-08 2.45019e-08 2.7158e-08 2.79641e-08 2.68731e-08 2.42382e-08 2.06877e-08 1.69361e-08 1.36049e-08 1.1103e-08 9.58044e-09 8.93689e-09 8.86191e-09 8.90955e-09 8.62686e-09 7.72838e-09 6.23285e-09 4.44656e-09 2.77676e-09 1.50986e-09 7.13786e-10 2.93582e-10 1.05164e-10 3.27795e-11 8.83853e-12 2.02828e-12 3.80976e-13 5.30574e-14 3.92664e-15 0 
0 2.27713e-13 1.78631e-12 7.39994e-12 2.26805e-11 5.71047e-11 1.23707e-10 2.3638e-10 4.04525e-10 6.26488e-10 8.84836e-10 1.1467e-09 1.37055e-09 1.51763e-09 1.56364e-09 1.50596e-09 1.36368e-09 1.17094e-09 9.66751e-10 7.85098e-10 6.48187e-10 5.63609e-10 5.24768e-10 5.137e-10 5.06253e-10 4.79828e-10 4.22131e-10 3.36464e-10 2.39212e-10 1.5026e-10 8.29544e-11 4.01572e-11 1.70328e-11 6.32564e-12 2.05155e-12 5.76754e-13 1.38099e-13 2.70576e-14 3.92664e-15 3.02354e-16 0 
0 0 0 0 0 0 0 0 0 0 0 0 0 0 0 0 0 0 0 0 0 0 0 0 0 0 0 0 0 0 0 0 0 0 0 0 0 0 0 0 0 
