0 0 0 0 0 0 0 0 0 0 0 0 0 0 0 0 0 0 0 0 0 0 0 0 0 0 0 0 0 0 0 0 0 0 0 0 0 0 0 0 0 
0 1.60849e-07 1.39277e-06 5.79724e-06 1.60626e-05 3.3216e-05 5.51719e-05 7.81007e-05 9.87841e-05 0.000115627 0.000128341 0.000137273 0.000142931 0.000145756 0.000146065 0.000144049 0.000139795 0.000133308 0.000124554 0.000113517 0.000100309 8.52765e-05 6.91055e-05 5.28198e-05 3.76458e-05 2.47308e-05 1.48145e-05 8.021e-06 3.90153e-06 1.69991e-06 6.63232e-07 2.32008e-07 7.28762e-08 2.05589e-08 5.19425e-09 1.16543e-09 2.27825e-10 3.72157e-11 4.59003e-12 3.05655e-13 0 
0 1.39277e-06 1.20911e-05 4.74594e-05 0.000115423 0.000198724 0.000270822 0.000321215 0.000354383 0.000377651 0.000395417 0.000409124 0.000418721 0.000423788 0.000424118 0.000419911 0.000411768 0.000400531 0.000387025 0.000371682 0.000354114 0.000332798 0.000305182 0.000268627 0.000222243 0.000168832 0.000115145 6.92312e-05 3.62914e-05 1.65357e-05 6.57232e-06 2.29535e-06 7.09821e-07 1.95421e-07 4.79478e-08 1.04238e-08 1.97337e-09 3.12357e-10 3.73772e-11 2.41883e-12 0 
0 5.79724e-06 4.74594e-05 0.000158792 0.000303639 0.000411499 0.000476528 0.000527148 0.000578591 0.000631338 0.000680753 0.000722095 0.000751913 0.000768216 0.000770366 0.000758924 0.000735486 0.000702495 0.000663053 0.000620711 0.000579156 0.000541587 0.000509493 0.000480798 0.000448251 0.000400509 0.000328795 0.000237177 0.000145098 7.39747e-05 3.14769e-05 1.13395e-05 3.522e-06 9.57582e-07 2.29809e-07 4.86323e-08 8.94514e-09 1.37549e-09 1.60037e-10 1.00846e-11 0 
0 1.60626e-05 0.000115423 0.000303639 0.00045594 0.000549635 0.000640684 0.000747525 0.000862233 0.000973658 0.00107291 0.00115337 0.00121047 0.0012416 0.00124607 0.00122502 0.00118112 0.00111832 0.00104143 0.000955757 0.000866909 0.000780615 0.000702682 0.000638445 0.000590618 0.000554627 0.000513767 0.000443064 0.000331025 0.000201892 9.79446e-05 3.81397e-05 1.22629e-05 3.3532e-06 7.95824e-07 1.65087e-07 2.96463e-08 4.445e-09 5.0439e-10 3.10306e-11 0 
0 3.3216e-05 0.000198724 0.000411499 0.000549635 0.000682868 0.000848042 0.00103267 0.00122021 0.00139739 0.00155322 0.0016788 0.0017677 0.00181617 0.0018233 0.00179084 0.00172286 0.00162526 0.00150517 0.00137029 0.00122842 0.001087 0.000952961 0.000833001 0.000733848 0.000661158 0.000613775 0.00057314 0.000501079 0.000371401 0.000215402 9.52322e-05 3.28705e-05 9.24958e-06 2.20115e-06 4.51485e-07 7.96274e-08 1.16929e-08 1.2987e-09 7.82439e-11 0 
0 5.51719e-05 0.000270822 0.000476528 0.000640684 0.000848042 0.0010951 0.00136023 0.00162534 0.00187429 0.00209262 0.00226835 0.00239271 0.00246059 0.00247065 0.00242527 0.00233024 0.00219375 0.00202559 0.00183632 0.0016365 0.00143599 0.00124352 0.00106661 0.000911938 0.000786357 0.000696445 0.000641518 0.000597356 0.000511813 0.000356021 0.000184565 7.0744e-05 2.09878e-05 5.08406e-06 1.04084e-06 1.81436e-07 2.62185e-08 2.86125e-09 1.6937e-10 0 
0 7.81007e-05 0.000321215 0.000527148 0.000747525 0.00103267 0.00136023 0.00170731 0.00205296 0.00237697 0.00266112 0.00289194 0.00306346 0.00316642 0.00318332 0.00311288 0.00297605 0.0027931 0.0025733 0.00232681 0.00206633 0.00180435 0.00155183 0.00131776 0.00110932 0.000932598 0.000794133 0.000700321 0.000646351 0.000593344 0.000475843 0.000289877 0.000126036 4.0239e-05 1.00631e-05 2.07494e-06 3.59705e-07 5.13898e-08 5.5315e-09 3.22768e-10 0 
0 9.87841e-05 0.000354383 0.000578591 0.000862233 0.00122021 0.00162534 0.00205296 0.00247824 0.00287729 0.00323771 0.00358324 0.00387938 0.00404563 0.00407248 0.0039673 0.00373491 0.00342753 0.00312211 0.00281378 0.0024928 0.00217003 0.00185835 0.0015685 0.00130859 0.0010846 0.000901776 0.000766523 0.000683242 0.000633943 0.000554529 0.000387384 0.000191647 6.66564e-05 1.7395e-05 3.63967e-06 6.30855e-07 8.94812e-08 9.53357e-09 5.50073e-10 0 
0 0.000115627 0.000377651 0.000631338 0.000973658 0.00139739 0.00187429 0.00237697 0.00287729 0.00336181 0.00388959 0.00433513 0.00456511 0.00466562 0.00468082 0.00461885 0.00446325 0.00415984 0.00370294 0.00327664 0.00289154 0.00251157 0.00214478 0.00180314 0.00149583 0.00122915 0.00100757 0.000835903 0.000720497 0.000657087 0.000598286 0.000462144 0.000256778 9.74655e-05 2.66879e-05 5.69476e-06 9.9091e-07 1.40028e-07 1.4813e-08 8.47521e-10 0 
0 0.000128341 0.000395417 0.000680753 0.00107291 0.00155322 0.00209262 0.00266112 0.00323771 0.00388959 0.00446342 0.004747 0.00489494 0.00496472 0.00497529 0.00493084 0.00482485 0.00463436 0.00429142 0.00374205 0.00324532 0.00280962 0.00239453 0.00200783 0.00165943 0.00135607 0.00110188 0.000900378 0.000757117 0.000674309 0.00062083 0.000512067 0.000312453 0.000128421 3.68796e-05 8.0405e-06 1.40797e-06 1.98733e-07 2.09273e-08 1.19023e-09 0 
0 0.000137273 0.000409124 0.000722095 0.00115337 0.0016788 0.00226835 0.00289194 0.00358324 0.00433513 0.004747 0.00495973 0.00507886 0.00513676 0.0051454 0.00510776 0.00502002 0.00486888 0.00461932 0.00417282 0.00355869 0.00304952 0.00259385 0.00217112 0.00178997 0.00145751 0.00117775 0.000953353 0.000788641 0.000688182 0.000632114 0.000541985 0.000354183 0.00015534 4.65134e-05 1.0348e-05 1.82495e-06 2.57711e-07 2.70678e-08 1.53349e-09 0 
0 0.000142931 0.000418721 0.000751913 0.00121047 0.0017677 0.00239271 0.00306346 0.00387938 0.00456511 0.00489494 0.00507886 0.00518519 0.0052375 0.0052451 0.00521049 0.00513084 0.00499634 0.00478269 0.0044236 0.00381681 0.00322268 0.00273279 0.00228466 0.00188064 0.0015279 0.00123042 0.000990374 0.000811103 0.000697756 0.000637057 0.000557697 0.000381212 0.000175172 5.41471e-05 1.22438e-05 2.17309e-06 3.07265e-07 3.22364e-08 1.82236e-09 0 
0 0.000145756 0.000423788 0.000768216 0.0012416 0.00181617 0.00246059 0.00316642 0.00404563 0.00466562 0.00496472 0.00513676 0.0052375 0.0052872 0.00529416 0.00526064 0.00518422 0.00505641 0.00485676 0.00453201 0.00396282 0.00331983 0.00280556 0.00234364 0.00192747 0.00156399 0.00125716 0.00100889 0.000821959 0.000701523 0.000637495 0.000563406 0.00039457 0.00018626 5.86991e-05 1.34124e-05 2.39131e-06 3.38602e-07 3.55218e-08 2.0066e-09 0 
0 0.000146065 0.000424118 0.000770366 0.00124607 0.0018233 0.00247065 0.00318332 0.00407248 0.00468082 0.00497529 0.0051454 0.0052451 0.00529416 0.00530069 0.00526693 0.0051905 0.00506308 0.00486477 0.00454411 0.00398092 0.00332916 0.00281049 0.00234694 0.00192946 0.00156488 0.00125712 0.00100798 0.000820077 0.000698501 0.00063388 0.00056136 0.000395543 0.000188111 5.96336e-05 1.36764e-05 2.44351e-06 3.46407e-07 3.63672e-08 2.05537e-09 0 
0 0.000144049 0.000419911 0.000758924 0.00122502 0.00179084 0.00242527 0.00311288 0.0039673 0.00461885 0.00493084 0.00510776 0.00521049 0.00526064 0.00526693 0.00523169 0.00515229 0.00501962 0.0048115 0.00446895 0.00387554 0.00325135 0.0027504 0.00229686 0.00188837 0.00153184 0.00123112 0.000988064 0.000805493 0.000688417 0.000626074 0.000552131 0.00038497 0.000181071 5.69959e-05 1.30331e-05 2.32771e-06 3.30285e-07 3.47246e-08 1.96577e-09 0 
0 0.000139795 0.000411768 0.000735486 0.00118112 0.00172286 0.00233024 0.00297605 0.00373491 0.00446325 0.00482485 0.00502002 0.00513084 0.00518422 0.0051905 0.00515229 0.00506632 0.00492124 0.00468842 0.00428736 0.00365784 0.0031031 0.00263222 0.0021987 0.00180829 0.00146791 0.00118132 0.000950582 0.000779051 0.000671444 0.000613397 0.000534842 0.00036317 0.000166153 5.13481e-05 1.16421e-05 2.07449e-06 2.946e-07 3.10429e-08 1.76238e-09 0 
0 0.000133308 0.000400531 0.000702495 0.00111832 0.00162526 0.00219375 0.0027931 0.00342753 0.00415984 0.00463436 0.00486888 0.00499634 0.00505641 0.00506308 0.00501962 0.00492124 0.00475142 0.00446572 0.00395699 0.00337622 0.00290244 0.00246552 0.00205997 0.00169503 0.00137737 0.00111072 0.000897543 0.000741922 0.000647581 0.000594094 0.000507268 0.000330342 0.000145022 4.36427e-05 9.77616e-06 1.73651e-06 2.46934e-07 2.61086e-08 1.48859e-09 0 
0 0.000124554 0.000387025 0.000663053 0.00104143 0.00150517 0.00202559 0.0025733 0.00312211 0.00370294 0.00429142 0.00461932 0.00478269 0.00485676 0.00486477 0.0048115 0.00468842 0.00446572 0.00406348 0.00353105 0.00307906 0.00266123 0.00226136 0.00188957 0.00155541 0.00126518 0.00102266 0.000830952 0.000694821 0.000615511 0.000564386 0.00046616 0.000287354 0.000120029 3.50493e-05 7.7518e-06 1.37362e-06 1.95858e-07 2.08123e-08 1.1937e-09 0 
0 0.000113517 0.000371682 0.000620711 0.000955757 0.00137029 0.00183632 0.00232681 0.00281378 0.00327664 0.00374205 0.00417282 0.0044236 0.00453201 0.00454411 0.00446895 0.00428736 0.00395699 0.00353105 0.00314069 0.00276481 0.00239141 0.00203153 0.00169694 0.00139652 0.00113625 0.000920121 0.000751994 0.000636669 0.000570793 0.000517658 0.000408496 0.000236803 9.41208e-05 2.67455e-05 5.85886e-06 1.03854e-06 1.4883e-07 1.59273e-08 9.20652e-10 0 
0 0.000100309 0.000354114 0.000579156 0.000866909 0.00122842 0.0016365 0.00206633 0.0024928 0.00289154 0.00324532 0.00355869 0.00381681 0.00396282 0.00398092 0.00387554 0.00365784 0.00337622 0.00307906 0.00276481 0.00243635 0.00210632 0.00178773 0.00149131 0.00122514 0.000994953 0.000805063 0.000659816 0.000562442 0.000504074 0.000445671 0.000334462 0.000183824 7.04556e-05 1.97037e-05 4.30697e-06 7.67172e-07 1.1081e-07 1.19643e-08 6.9782e-10 0 
0 8.52765e-05 0.000332798 0.000541587 0.000780615 0.001087 0.00143599 0.00180435 0.00217003 0.00251157 0.00280962 0.00304952 0.00322268 0.00331983 0.00332916 0.00325135 0.0031031 0.00290244 0.00266123 0.00239141 0.00210632 0.00181898 0.0015408 0.00128115 0.00104729 0.000844754 0.000677961 0.000550448 0.00046262 0.000404431 0.000345778 0.000251545 0.000135649 5.17197e-05 1.45206e-05 3.1993e-06 5.75041e-07 8.38023e-08 9.12425e-09 5.36252e-10 0 
0 6.91055e-05 0.000305182 0.000509493 0.000702682 0.000952961 0.00124352 0.00155183 0.00185835 0.00214478 0.00239453 0.00259385 0.00273279 0.00280556 0.00281049 0.0027504 0.00263222 0.00246552 0.00226136 0.00203153 0.00178773 0.0015408 0.0013002 0.00107387 0.00086837 0.000689309 0.000540999 0.000425059 0.000340035 0.000281347 0.000234773 0.000174874 9.88409e-05 3.92953e-05 1.13331e-05 2.53407e-06 4.58996e-07 6.71711e-08 7.33131e-09 4.31512e-10 0 
0 5.28198e-05 0.000268627 0.000480798 0.000638445 0.000833001 0.00106661 0.00131776 0.0015685 0.00180314 0.00200783 0.00217112 0.00228466 0.00234364 0.00234694 0.00229686 0.0021987 0.00205997 0.00188957 0.00169694 0.00149131 0.00128115 0.00107387 0.000876163 0.000695397 0.000541584 0.00042422 0.000339839 0.000270137 0.000205733 0.000155964 0.000118892 7.49747e-05 3.26328e-05 9.82948e-06 2.22412e-06 4.01836e-07 5.83601e-08 6.3137e-09 3.68401e-10 0 
0 3.76458e-05 0.000222243 0.000448251 0.000590618 0.000733848 0.000911938 0.00110932 0.00130859 0.00149583 0.00165943 0.00178997 0.00188064 0.00192747 0.00192946 0.00188837 0.00180829 0.00169503 0.00155541 0.00139652 0.00122514 0.00104729 0.00086837 0.000695397 0.000545293 0.000454129 0.000449206 0.000485941 0.000462026 0.000339493 0.00019352 0.000103144 6.14458e-05 2.94794e-05 9.35107e-06 2.12388e-06 3.77778e-07 5.37695e-08 5.70423e-09 3.27004e-10 0 
0 2.47308e-05 0.000168832 0.000400509 0.000554627 0.000661158 0.000786357 0.000932598 0.0010846 0.00122915 0.00135607 0.00145751 0.0015279 0.00156399 0.00156488 0.00153184 0.00146791 0.00137737 0.00126518 0.00113625 0.000994953 0.000844754 0.000689309 0.000541584 0.000454129 0.00053328 0.000840705 0.00138559 0.00167002 0.000963601 0.000486141 0.000180234 6.47316e-05 2.79663e-05 9.14201e-06 2.06654e-06 3.58888e-07 4.97401e-08 5.15019e-09 2.89057e-10 0 
0 1.48145e-05 0.000115145 0.000328795 0.000513767 0.000613775 0.000696445 0.000794133 0.000901776 0.00100757 0.00110188 0.00117775 0.00123042 0.00125716 0.00125712 0.00123112 0.00118132 0.00111072 0.00102266 0.000920121 0.000805063 0.000677961 0.000540999 0.00042422 0.000449206 0.000840705 0.00198924 0.00322777 0.00332264 0.00282463 0.00112972 0.000379772 9.71627e-05 2.85807e-05 8.697e-06 1.91721e-06 3.23477e-07 4.36634e-08 4.42067e-09 2.43452e-10 0 
0 8.021e-06 6.92312e-05 0.000237177 0.000443064 0.00057314 0.000641518 0.000700321 0.000766523 0.000835903 0.000900378 0.000953353 0.000990374 0.00100889 0.00100798 0.000988064 0.000950582 0.000897543 0.000830952 0.000751994 0.000659816 0.000550448 0.000425059 0.000339839 0.000485941 0.00138559 0.00322777 0.00357657 0.00361729 0.0034289 0.00241955 0.000608953 0.000140816 3.05405e-05 7.79498e-06 1.61888e-06 2.64109e-07 3.48735e-08 3.47437e-09 1.88897e-10 0 
0 3.90153e-06 3.62914e-05 0.000145098 0.000331025 0.000501079 0.000597356 0.000646351 0.000683242 0.000720497 0.000757117 0.000788641 0.000811103 0.000821959 0.000820077 0.000805493 0.000779051 0.000741922 0.000694821 0.000636669 0.000562442 0.00046262 0.000340035 0.000270137 0.000462026 0.00167002 0.00332264 0.00361729 0.00365708 0.00350867 0.0028238 0.000680658 0.000151054 2.88938e-05 6.26698e-06 1.20088e-06 1.894e-07 2.46601e-08 2.43982e-09 1.32056e-10 0 
0 1.69991e-06 1.65357e-05 7.39747e-05 0.000201892 0.000371401 0.000511813 0.000593344 0.000633943 0.000657087 0.000674309 0.000688182 0.000697756 0.000701523 0.000698501 0.000688417 0.000671444 0.000647581 0.000615511 0.000570793 0.000504074 0.000404431 0.000281347 0.000205733 0.000339493 0.000963601 0.00282463 0.0034289 0.00350867 0.00327459 0.00176219 0.000496666 0.000112029 2.12251e-05 4.22562e-06 7.57549e-07 1.16879e-07 1.51895e-08 1.50871e-09 8.20593e-11 0 
0 6.63232e-07 6.57232e-06 3.14769e-05 9.79446e-05 0.000215402 0.000356021 0.000475843 0.000554529 0.000598286 0.00062083 0.000632114 0.000637057 0.000637495 0.00063388 0.000626074 0.000613397 0.000594094 0.000564386 0.000517658 0.000445671 0.000345778 0.000234773 0.000155964 0.00019352 0.000486141 0.00112972 0.00241955 0.0028238 0.00176219 0.00074563 0.000246766 5.74973e-05 1.16628e-05 2.27531e-06 3.96952e-07 6.13634e-08 8.08353e-09 8.15304e-10 4.49828e-11 0 
0 2.32008e-07 2.29535e-06 1.13395e-05 3.81397e-05 9.52322e-05 0.000184565 0.000289877 0.000387384 0.000462144 0.000512067 0.000541985 0.000557697 0.000563406 0.00056136 0.000552131 0.000534842 0.000507268 0.00046616 0.000408496 0.000334462 0.000251545 0.000174874 0.000118892 0.000103144 0.000180234 0.000379772 0.000608953 0.000680658 0.000496666 0.000246766 8.37977e-05 2.15546e-05 4.85099e-06 9.66437e-07 1.71901e-07 2.73614e-08 3.70937e-09 3.83921e-10 2.16725e-11 0 
0 7.28762e-08 7.09821e-07 3.522e-06 1.22629e-05 3.28705e-05 7.0744e-05 0.000126036 0.000191647 0.000256778 0.000312453 0.000354183 0.000381212 0.00039457 0.000395543 0.00038497 0.00036317 0.000330342 0.000287354 0.000236803 0.000183824 0.000135649 9.88409e-05 7.49747e-05 6.14458e-05 6.47316e-05 9.71627e-05 0.000140816 0.000151054 0.000112029 5.74973e-05 2.15546e-05 6.40452e-06 1.5715e-06 3.30967e-07 6.2329e-08 1.04216e-08 1.47057e-09 1.57512e-10 9.16304e-12 0 
0 2.05589e-08 1.95421e-07 9.57582e-07 3.3532e-06 9.24958e-06 2.09878e-05 4.0239e-05 6.66564e-05 9.74655e-05 0.000128421 0.00015534 0.000175172 0.00018626 0.000188111 0.000181071 0.000166153 0.000145022 0.000120029 9.41208e-05 7.04556e-05 5.17197e-05 3.92953e-05 3.26328e-05 2.94794e-05 2.79663e-05 2.85807e-05 3.05405e-05 2.88938e-05 2.12251e-05 1.16628e-05 4.85099e-06 1.5715e-06 4.15955e-07 9.51492e-08 1.92985e-08 3.41795e-09 5.05224e-10 5.63323e-11 3.39559e-12 0 
0 5.19425e-09 4.79478e-08 2.29809e-07 7.95824e-07 2.20115e-06 5.08406e-06 1.00631e-05 1.7395e-05 2.66879e-05 3.68796e-05 4.65134e-05 5.41471e-05 5.86991e-05 5.96336e-05 5.69959e-05 5.13481e-05 4.36427e-05 3.50493e-05 2.67455e-05 1.97037e-05 1.45206e-05 1.13331e-05 9.82948e-06 9.35107e-06 9.14201e-06 8.697e-06 7.79498e-06 6.26698e-06 4.22562e-06 2.27531e-06 9.66437e-07 3.30967e-07 9.51492e-08 2.37238e-08 5.17e-09 9.69914e-10 1.50588e-10 1.75416e-11 1.09969e-12 0 
0 1.16543e-09 1.04238e-08 4.86323e-08 1.65087e-07 4.51485e-07 1.04084e-06 2.07494e-06 3.63967e-06 5.69476e-06 8.0405e-06 1.0348e-05 1.22438e-05 1.34124e-05 1.36764e-05 1.30331e-05 1.16421e-05 9.77616e-06 7.7518e-06 5.85886e-06 4.30697e-06 3.1993e-06 2.53407e-06 2.22412e-06 2.12388e-06 2.06654e-06 1.91721e-06 1.61888e-06 1.20088e-06 7.57549e-07 3.96952e-07 1.71901e-07 6.2329e-08 1.92985e-08 5.17e-09 1.19926e-09 2.37663e-10 3.87797e-11 4.7274e-12 3.08881e-13 0 
0 2.27825e-10 1.97337e-09 8.94514e-09 2.96463e-08 7.96274e-08 1.81436e-07 3.59705e-07 6.30855e-07 9.9091e-07 1.40797e-06 1.82495e-06 2.17309e-06 2.39131e-06 2.44351e-06 2.32771e-06 2.07449e-06 1.73651e-06 1.37362e-06 1.03854e-06 7.67172e-07 5.75041e-07 4.58996e-07 4.01836e-07 3.77778e-07 3.58888e-07 3.23477e-07 2.64109e-07 1.894e-07 1.16879e-07 6.13634e-08 2.73614e-08 1.04216e-08 3.41795e-09 9.69914e-10 2.37663e-10 4.96086e-11 8.5006e-12 1.08466e-12 7.39218e-14 0 
0 3.72157e-11 3.12357e-10 1.37549e-09 4.445e-09 1.16929e-08 2.62185e-08 5.13898e-08 8.94812e-08 1.40028e-07 1.98733e-07 2.57711e-07 3.07265e-07 3.38602e-07 3.46407e-07 3.30285e-07 2.946e-07 2.46934e-07 1.95858e-07 1.4883e-07 1.1081e-07 8.38023e-08 6.71711e-08 5.83601e-08 5.37695e-08 4.97401e-08 4.36634e-08 3.48735e-08 2.46601e-08 1.51895e-08 8.08353e-09 3.70937e-09 1.47057e-09 5.05224e-10 1.50588e-10 3.87797e-11 8.5006e-12 1.52696e-12 2.0375e-13 1.44806e-14 0 
0 4.59003e-12 3.73772e-11 1.60037e-10 5.0439e-10 1.2987e-09 2.86125e-09 5.5315e-09 9.53357e-09 1.4813e-08 2.09273e-08 2.70678e-08 3.22364e-08 3.55218e-08 3.63672e-08 3.47246e-08 3.10429e-08 2.61086e-08 2.08123e-08 1.59273e-08 1.19643e-08 9.12425e-09 7.33131e-09 6.3137e-09 5.70423e-09 5.15019e-09 4.42067e-09 3.47437e-09 2.43982e-09 1.50871e-09 8.15304e-10 3.83921e-10 1.57512e-10 5.63323e-11 1.75416e-11 4.7274e-12 1.08466e-12 2.0375e-13 2.83836e-14 2.10151e-15 0 
0 3.05655e-13 2.41883e-12 1.00846e-11 3.10306e-11 7.82439e-11 1.6937e-10 3.22768e-10 5.50073e-10 8.47521e-10 1.19023e-09 1.53349e-09 1.82236e-09 2.0066e-09 2.05537e-09 1.96577e-09 1.76238e-09 1.48859e-09 1.1937e-09 9.20652e-10 6.9782e-10 5.36252e-10 4.31512e-10 3.68401e-10 3.27004e-10 2.89057e-10 2.43452e-10 1.88897e-10 1.32056e-10 8.20593e-11 4.49828e-11 2.16725e-11 9.16304e-12 3.39559e-12 1.09969e-12 3.08881e-13 7.39218e-14 1.44806e-14 2.10151e-15 1.61851e-16 0 
0 0 0 0 0 0 0 0 0 0 0 0 0 0 0 0 0 0 0 0 0 0 0 0 0 0 0 0 0 0 0 0 0 0 0 0 0 0 0 0 0 
