0 0 0 0 0 0 0 0 0 0 0 0 0 0 0 0 0 0 0 0 0 0 0 0 0 0 0 0 0 0 0 0 0 0 0 0 0 0 0 0 0 
0 1.22026e-07 1.04533e-06 4.25992e-06 1.14421e-05 2.27965e-05 3.64381e-05 4.97787e-05 6.10684e-05 6.9732e-05 7.59334e-05 8.00961e-05 8.26319e-05 8.38464e-05 8.39319e-05 8.29861e-05 8.103e-05 7.80212e-05 7.38697e-05 6.84706e-05 6.17606e-05 5.37964e-05 4.48333e-05 3.53674e-05 2.60996e-05 1.7797e-05 1.10814e-05 6.23625e-06 3.14818e-06 1.41954e-06 5.71042e-07 2.05113e-07 6.58838e-08 1.89339e-08 4.85675e-09 1.10314e-09 2.17776e-10 3.5853e-11 4.44938e-12 2.97742e-13 0 
0 1.04533e-06 8.91469e-06 3.37317e-05 7.77453e-05 0.000125913 0.00016203 0.00018345 0.000195688 0.000203918 0.000210554 0.000216064 0.00022012 0.000222298 0.000222375 0.00022042 0.000216768 0.00021194 0.000206496 0.000200815 0.000194819 0.000187683 0.000177724 0.000162738 0.000141008 0.000112784 8.12391e-05 5.16015e-05 2.84968e-05 1.36056e-05 5.62768e-06 2.03068e-06 6.44518e-07 1.81091e-07 4.51386e-08 9.9331e-09 1.89808e-09 3.0259e-10 3.64061e-11 2.36584e-12 0 
0 4.25992e-06 3.37317e-05 0.000105848 0.000186343 0.000234198 0.000257687 0.000277526 0.000301145 0.000327185 0.000352243 0.000373419 0.000388753 0.000397149 0.000398254 0.000392355 0.000380284 0.000363328 0.00034315 0.000321715 0.00030119 0.000283696 0.000270708 0.000261916 0.000253802 0.000239118 0.000209563 0.000162613 0.000107115 5.84566e-05 2.63441e-05 9.92866e-06 3.18985e-06 8.88927e-07 2.17166e-07 4.65508e-08 8.64216e-09 1.33787e-09 1.56425e-10 9.89256e-12 0 
0 1.14421e-05 7.77453e-05 0.000186343 0.000255267 0.000291424 0.000333076 0.000386777 0.00044573 0.000503254 0.000554537 0.000596122 0.000625635 0.000641723 0.000644035 0.000633152 0.000610466 0.000578009 0.000538267 0.000494003 0.000448131 0.000403707 0.000364011 0.000332503 0.000311962 0.000301885 0.000294431 0.000273123 0.000222751 0.000148768 7.83177e-05 3.25475e-05 1.09719e-05 3.09955e-06 7.51925e-07 1.5829e-07 2.87088e-08 4.33354e-09 4.94021e-10 3.0491e-11 0 
0 2.27965e-05 0.000125913 0.000234198 0.000291424 0.000354249 0.000438463 0.000533748 0.000630669 0.000722245 0.000802782 0.000867691 0.000913636 0.00093869 0.000942376 0.000925598 0.000890464 0.00084002 0.000777947 0.000708236 0.000634912 0.000561821 0.000492578 0.000430761 0.000380333 0.000345613 0.000328748 0.000322914 0.000305765 0.000250543 0.000161154 7.78991e-05 2.87331e-05 8.45473e-06 2.07026e-06 4.32329e-07 7.71176e-08 1.14064e-08 1.2728e-09 7.692e-11 0 
0 3.64381e-05 0.00016203 0.000257687 0.000333076 0.000438463 0.000566012 0.000703037 0.000840062 0.00096873 0.00108158 0.00117241 0.00123677 0.00127206 0.00127733 0.00125369 0.00120443 0.00113385 0.00104693 0.000949104 0.000845826 0.000742193 0.000642718 0.000551288 0.00047144 0.00040711 0.000363194 0.00034286 0.000337648 0.00031687 0.000246703 0.000142818 5.97869e-05 1.88407e-05 4.7393e-06 9.92491e-07 1.75368e-07 2.55496e-08 2.80223e-09 1.664e-10 0 
0 4.97787e-05 0.00018345 0.000277526 0.000386777 0.000533748 0.000703037 0.000882428 0.00106108 0.00122855 0.00137572 0.00149964 0.00160671 0.00167948 0.00169261 0.00164327 0.00155128 0.00144548 0.00133015 0.00120262 0.00106799 0.000932581 0.000802064 0.000681088 0.000573361 0.00048211 0.000411204 0.000365954 0.000348615 0.000343298 0.000306522 0.000211018 0.000102223 3.52756e-05 9.263e-06 1.9654e-06 3.4637e-07 4.99584e-08 5.40764e-09 3.16617e-10 0 
0 6.10684e-05 0.000195688 0.000301145 0.00044573 0.000630669 0.000840062 0.00106108 0.0012809 0.001488 0.00169541 0.00192959 0.00209452 0.00216766 0.00217892 0.00213601 0.00202292 0.00182841 0.00162308 0.00145476 0.00128842 0.00112158 0.000960491 0.00081068 0.000676345 0.000560591 0.000466249 0.000397506 0.000359904 0.000350429 0.000336401 0.000266027 0.000148783 5.68726e-05 1.57708e-05 3.41855e-06 6.04411e-07 8.66925e-08 9.29563e-09 5.38382e-10 0 
0 6.9732e-05 0.000203918 0.000327185 0.000503254 0.000722245 0.00096873 0.00122855 0.001488 0.00176939 0.00210065 0.00227771 0.00236034 0.00239812 0.00240413 0.00238098 0.00232395 0.00221517 0.00199563 0.00170819 0.00149505 0.00129812 0.00110853 0.000931954 0.000773121 0.000635292 0.0005208 0.000432491 0.000375563 0.000353394 0.000347207 0.00030196 0.000191225 8.08905e-05 2.38072e-05 5.29919e-06 9.43925e-07 1.35122e-07 1.43981e-08 8.27291e-10 0 
0 7.59334e-05 0.000210554 0.000352243 0.000554537 0.000802782 0.00108158 0.00137572 0.00169541 0.00210065 0.00232273 0.00242891 0.00248677 0.00251476 0.00251924 0.00250173 0.00246009 0.00238687 0.00226101 0.00201127 0.00168814 0.00145247 0.00123762 0.00103775 0.000857677 0.000700886 0.00056952 0.000465533 0.000392912 0.00035714 0.000349548 0.000321835 0.000224493 0.000103894 3.23893e-05 7.41312e-06 1.33337e-06 1.9097e-07 2.02736e-08 1.1585e-09 0 
0 8.00961e-05 0.000216064 0.000373419 0.000596122 0.000867691 0.00117241 0.00149964 0.00192959 0.00227771 0.00242891 0.00251246 0.00256074 0.00258465 0.00258845 0.00257327 0.00253781 0.00247747 0.00238075 0.00221419 0.00189083 0.0015795 0.0013407 0.00112214 0.000925151 0.000753316 0.000608726 0.000492819 0.000408513 0.000361509 0.000349071 0.000331247 0.000247425 0.000123021 4.02986e-05 9.4616e-06 1.71889e-06 2.46662e-07 2.61377e-08 1.48841e-09 0 
0 8.26319e-05 0.00022012 0.000388753 0.000625635 0.000913636 0.00123677 0.00160671 0.00209452 0.00236034 0.00248677 0.00256074 0.00260453 0.00262641 0.00262982 0.00261572 0.00258313 0.00252854 0.00244365 0.00230673 0.00204538 0.00168035 0.00141276 0.00118083 0.000972011 0.000789695 0.000635948 0.000511919 0.000419815 0.000364996 0.000347783 0.000334693 0.000261131 0.000136559 4.64223e-05 1.11203e-05 2.03748e-06 2.93068e-07 3.10376e-08 1.76413e-09 0 
0 8.38464e-05 0.000222298 0.000397149 0.000641723 0.00093869 0.00127206 0.00167948 0.00216766 0.00239812 0.00251476 0.00258465 0.00262641 0.00264732 0.00265047 0.00263676 0.00260531 0.00255308 0.00247291 0.00234699 0.00211783 0.00174334 0.00145082 0.00121132 0.000996215 0.000808349 0.000649768 0.000521477 0.000425298 0.000366264 0.000346024 0.000334816 0.000267268 0.000143827 4.99854e-05 1.2125e-05 2.23434e-06 3.22039e-07 3.41139e-08 1.93786e-09 0 
0 8.39319e-05 0.000222375 0.000398254 0.000644035 0.000942376 0.00127733 0.00169261 0.00217892 0.00240413 0.00251924 0.00258845 0.00262982 0.00265047 0.00265344 0.00263961 0.00260812 0.00255598 0.0024762 0.00235151 0.00212664 0.00175118 0.0014535 0.00121302 0.000997244 0.000808813 0.000649748 0.000521004 0.000424299 0.000364544 0.00034362 0.000332787 0.000267074 0.000144788 5.06356e-05 1.23326e-05 2.27784e-06 3.2873e-07 3.48488e-08 1.98055e-09 0 
0 8.29861e-05 0.00022042 0.000392355 0.000633152 0.000925598 0.00125369 0.00164327 0.00213601 0.00238098 0.00250173 0.00257327 0.00261572 0.00263676 0.00263961 0.00262519 0.00259257 0.00253847 0.00245522 0.00232329 0.00207822 0.00170236 0.00142206 0.00118714 0.000976007 0.000791736 0.000636309 0.000510716 0.000416817 0.000359612 0.000340309 0.000328729 0.000261042 0.000139737 4.84309e-05 1.1745e-05 2.16681e-06 3.12847e-07 3.32037e-08 1.88979e-09 0 
0 8.103e-05 0.000216768 0.000380284 0.000610466 0.000890464 0.00120443 0.00155128 0.00202292 0.00232395 0.00246009 0.00253781 0.00258313 0.00260531 0.00260812 0.00259257 0.00255749 0.00249891 0.00240717 0.00225603 0.00196099 0.00161222 0.00136063 0.0011364 0.000934618 0.00075869 0.000610567 0.00049136 0.000403308 0.0003516 0.000335701 0.000321866 0.000248956 0.000129197 4.37836e-05 1.04971e-05 1.92885e-06 2.7846e-07 2.96041e-08 1.68906e-09 0 
0 7.80212e-05 0.00021194 0.000363328 0.000578009 0.00084002 0.00113385 0.00144548 0.00182841 0.00221517 0.00238687 0.00247747 0.00252854 0.00255308 0.00255598 0.00253847 0.00249891 0.0024317 0.00232228 0.00212516 0.00177895 0.00150156 0.00127434 0.0010647 0.000876078 0.000711898 0.000574083 0.000463986 0.00038444 0.000340641 0.00032887 0.000310427 0.000230157 0.000113991 3.7388e-05 8.81804e-06 1.61122e-06 2.32593e-07 2.47907e-08 1.41961e-09 0 
0 7.38697e-05 0.000206496 0.00034315 0.000538267 0.000777947 0.00104693 0.00133015 0.00162308 0.00199563 0.00226101 0.00238075 0.00244365 0.00247291 0.0024762 0.00245522 0.00240717 0.00232228 0.00217222 0.00188255 0.00159599 0.00137561 0.00116879 0.000976626 0.000803914 0.00065391 0.000528577 0.000429661 0.000360699 0.000326212 0.000317587 0.000291515 0.000204078 9.54135e-05 3.01257e-05 6.97769e-06 1.26796e-06 1.8321e-07 1.96032e-08 1.12833e-09 0 
0 6.84706e-05 0.000200815 0.000321715 0.000494003 0.000708236 0.000949104 0.00120262 0.00145476 0.00170819 0.00201127 0.00221419 0.00230673 0.00234699 0.00235151 0.00232329 0.00225603 0.00212516 0.00188255 0.00162974 0.0014293 0.00123601 0.00105 0.000877066 0.000721794 0.000587276 0.0004756 0.00038906 0.00033167 0.000305944 0.000297328 0.000261516 0.000171152 7.53451e-05 2.29353e-05 5.22983e-06 9.47333e-07 1.37292e-07 1.47747e-08 8.56221e-10 0 
0 6.17606e-05 0.000194819 0.00030119 0.000448131 0.000634912 0.000845826 0.00106799 0.00128842 0.00149505 0.00168814 0.00189083 0.00204538 0.00211783 0.00212664 0.00207822 0.00196099 0.00177895 0.00159599 0.0014293 0.00125924 0.00108865 0.000923992 0.000770787 0.000633217 0.00051425 0.000416199 0.000341825 0.00029469 0.000273977 0.000261178 0.000218001 0.0001339 5.61319e-05 1.66506e-05 3.76519e-06 6.82919e-07 9.95479e-08 1.07948e-08 6.30698e-10 0 
0 5.37964e-05 0.000187683 0.000283696 0.000403707 0.000561821 0.000742193 0.000932581 0.00112158 0.00129812 0.00145247 0.0015795 0.00168035 0.00174334 0.00175118 0.00170236 0.00161222 0.00150156 0.00137561 0.00123601 0.00108865 0.000940142 0.000796366 0.000662162 0.000541295 0.000436644 0.000350654 0.000285795 0.000243834 0.000221852 0.000204127 0.000163709 9.73669e-05 4.00982e-05 1.18364e-05 2.68396e-06 4.89887e-07 7.19548e-08 7.86413e-09 4.62975e-10 0 
0 4.48333e-05 0.000177724 0.000270708 0.000364011 0.000492578 0.000642718 0.000802064 0.000960491 0.00110853 0.00123762 0.0013407 0.00141276 0.00145082 0.0014535 0.00142206 0.00136063 0.00127434 0.00116879 0.00105 0.000923992 0.000796366 0.000672012 0.000555031 0.000448832 0.000356359 0.000279988 0.000220826 0.000178688 0.00015233 0.000134963 0.000109432 6.74855e-05 2.87509e-05 8.67726e-06 1.99249e-06 3.66294e-07 5.40511e-08 5.92785e-09 3.4997e-10 0 
0 3.53674e-05 0.000162738 0.000261916 0.000332503 0.000430761 0.000551288 0.000681088 0.00081068 0.000931954 0.00103775 0.00112214 0.00118083 0.00121132 0.00121302 0.00118714 0.0011364 0.0010647 0.000976626 0.000877066 0.000770787 0.000662162 0.000555031 0.000452856 0.000359463 0.000280033 0.000219429 0.000175868 0.000140014 0.000107414 8.39254e-05 6.86476e-05 4.7201e-05 2.20544e-05 6.96293e-06 1.62041e-06 2.9763e-07 4.36661e-08 4.75635e-09 2.78957e-10 0 
0 2.60996e-05 0.000141008 0.000253802 0.000311962 0.000380333 0.00047144 0.000573361 0.000676345 0.000773121 0.000857677 0.000925151 0.000972011 0.000996215 0.000997244 0.000976007 0.000934618 0.000876078 0.000803914 0.000721794 0.000633217 0.000541295 0.000448832 0.000359463 0.000281903 0.000234751 0.000232179 0.000251161 0.0002388 0.000175477 0.000100174 5.46571e-05 3.53479e-05 1.84613e-05 6.18472e-06 1.44956e-06 2.62568e-07 3.77999e-08 4.04241e-09 2.33219e-10 0 
0 1.7797e-05 0.000112784 0.000239118 0.000301885 0.000345613 0.00040711 0.00048211 0.000560591 0.000635292 0.000700886 0.000753316 0.000789695 0.000808349 0.000808813 0.000791736 0.00075869 0.000711898 0.00065391 0.000587276 0.00051425 0.000436644 0.000356359 0.000280033 0.000234751 0.000275628 0.000434525 0.000774874 0.000935316 0.000511621 0.000251263 9.32224e-05 3.45166e-05 1.64062e-05 5.75482e-06 1.34952e-06 2.38937e-07 3.34942e-08 3.49544e-09 1.9742e-10 0 
0 1.10814e-05 8.12391e-05 0.000209563 0.000294431 0.000328748 0.000363194 0.000411204 0.000466249 0.0005208 0.00056952 0.000608726 0.000635948 0.000649768 0.000649748 0.000636309 0.000610567 0.000574083 0.000528577 0.0004756 0.000416199 0.000350654 0.000279988 0.000219429 0.000232179 0.000434525 0.00110368 0.00162362 0.0016624 0.00149459 0.000596975 0.000196287 5.04271e-05 1.58636e-05 5.27866e-06 1.21797e-06 2.09873e-07 2.86396e-08 2.91997e-09 1.6169e-10 0 
0 6.23625e-06 5.16015e-05 0.000162613 0.000273123 0.000322914 0.00034286 0.000365954 0.000397506 0.000432491 0.000465533 0.000492819 0.000511919 0.000521477 0.000521004 0.000510716 0.00049136 0.000463986 0.000429661 0.00038906 0.000341825 0.000285795 0.000220826 0.000175868 0.000251161 0.000774874 0.00162362 0.00177513 0.00179267 0.00171485 0.00131388 0.000315689 7.28263e-05 1.63999e-05 4.60292e-06 1.01046e-06 1.68792e-07 2.25251e-08 2.25777e-09 1.23311e-10 0 
0 3.14818e-06 2.84968e-05 0.000107115 0.000222751 0.000305765 0.000337648 0.000348615 0.000359904 0.000375563 0.000392912 0.000408513 0.000419815 0.000425298 0.000424299 0.000416817 0.000403308 0.00038444 0.000360699 0.00033167 0.00029469 0.000243834 0.000178688 0.000140014 0.0002388 0.000935316 0.0016624 0.00179267 0.00181071 0.00174783 0.00149033 0.000366933 7.80974e-05 1.53506e-05 3.64322e-06 7.41662e-07 1.20002e-07 1.57861e-08 1.57001e-09 8.52931e-11 0 
0 1.41954e-06 1.36056e-05 5.84566e-05 0.000148768 0.000250543 0.00031687 0.000343298 0.000350429 0.000353394 0.00035714 0.000361509 0.000364996 0.000366264 0.000364544 0.000359612 0.0003516 0.000340641 0.000326212 0.000305944 0.000273977 0.000221852 0.00015233 0.000107414 0.000175477 0.000511621 0.00149459 0.00171485 0.00174783 0.00163907 0.000973171 0.000256702 5.79454e-05 1.13234e-05 2.45262e-06 4.66055e-07 7.37289e-08 9.67322e-09 9.6505e-10 5.26478e-11 0 
0 5.71042e-07 5.62768e-06 2.63441e-05 7.83177e-05 0.000161154 0.000246703 0.000306522 0.000336401 0.000347207 0.000349548 0.000349071 0.000347783 0.000346024 0.00034362 0.000340309 0.000335701 0.00032887 0.000317587 0.000297328 0.000261178 0.000204127 0.000134963 8.39254e-05 0.000100174 0.000251263 0.000596975 0.00131388 0.00149033 0.000973171 0.00038538 0.000127544 2.9841e-05 6.33676e-06 1.33488e-06 2.44754e-07 3.86575e-08 5.133e-09 5.19568e-10 2.87361e-11 0 
0 2.05113e-07 2.03068e-06 9.92866e-06 3.25475e-05 7.78991e-05 0.000142818 0.000211018 0.000266027 0.00030196 0.000321835 0.000331247 0.000334693 0.000334816 0.000332787 0.000328729 0.000321866 0.000310427 0.000291515 0.000261516 0.000218001 0.000163709 0.000109432 6.86476e-05 5.46571e-05 9.32224e-05 0.000196287 0.000315689 0.000366933 0.000256702 0.000127544 4.3373e-05 1.13856e-05 2.72297e-06 5.77657e-07 1.06655e-07 1.72469e-08 2.35185e-09 2.44086e-10 1.38057e-11 0 
0 6.58838e-08 6.44518e-07 3.18985e-06 1.09719e-05 2.87331e-05 5.97869e-05 0.000102223 0.000148783 0.000191225 0.000224493 0.000247425 0.000261131 0.000267268 0.000267074 0.000261042 0.000248956 0.000230157 0.000204078 0.000171152 0.0001339 9.73669e-05 6.74855e-05 4.7201e-05 3.53479e-05 3.45166e-05 5.04271e-05 7.28263e-05 7.80974e-05 5.79454e-05 2.9841e-05 1.13856e-05 3.5375e-06 9.18046e-07 2.01972e-07 3.89542e-08 6.57749e-09 9.31673e-10 9.99917e-11 5.82593e-12 0 
0 1.89339e-08 1.81091e-07 8.88927e-07 3.09955e-06 8.45473e-06 1.88407e-05 3.52756e-05 5.68726e-05 8.08905e-05 0.000103894 0.000123021 0.000136559 0.000143827 0.000144788 0.000139737 0.000129197 0.000113991 9.54135e-05 7.53451e-05 5.61319e-05 4.00982e-05 2.87509e-05 2.20544e-05 1.84613e-05 1.64062e-05 1.58636e-05 1.63999e-05 1.53506e-05 1.13234e-05 6.33676e-06 2.72297e-06 9.18046e-07 2.51957e-07 5.90719e-08 1.21315e-08 2.15968e-09 3.19961e-10 3.57273e-11 2.15621e-12 0 
0 4.85675e-09 4.51386e-08 2.17166e-07 7.51925e-07 2.07026e-06 4.7393e-06 9.263e-06 1.57708e-05 2.38072e-05 3.23893e-05 4.02986e-05 4.64223e-05 4.99854e-05 5.06356e-05 4.84309e-05 4.37836e-05 3.7388e-05 3.01257e-05 2.29353e-05 1.66506e-05 1.18364e-05 8.67726e-06 6.96293e-06 6.18472e-06 5.75482e-06 5.27866e-06 4.60292e-06 3.64322e-06 2.45262e-06 1.33488e-06 5.77657e-07 2.01972e-07 5.90719e-08 1.48876e-08 3.26149e-09 6.1333e-10 9.53528e-11 1.1119e-11 6.97731e-13 0 
0 1.10314e-09 9.9331e-09 4.65508e-08 1.5829e-07 4.32329e-07 9.92491e-07 1.9654e-06 3.41855e-06 5.29919e-06 7.41312e-06 9.4616e-06 1.11203e-05 1.2125e-05 1.23326e-05 1.1745e-05 1.04971e-05 8.81804e-06 6.97769e-06 5.22983e-06 3.76519e-06 2.68396e-06 1.99249e-06 1.62041e-06 1.44956e-06 1.34952e-06 1.21797e-06 1.01046e-06 7.41662e-07 4.66055e-07 2.44754e-07 1.06655e-07 3.89542e-08 1.21315e-08 3.26149e-09 7.57952e-10 1.50368e-10 2.45554e-11 2.99565e-12 1.95877e-13 0 
0 2.17776e-10 1.89808e-09 8.64216e-09 2.87088e-08 7.71176e-08 1.75368e-07 3.4637e-07 6.04411e-07 9.43925e-07 1.33337e-06 1.71889e-06 2.03748e-06 2.23434e-06 2.27784e-06 2.16681e-06 1.92885e-06 1.61122e-06 1.26796e-06 9.47333e-07 6.82919e-07 4.89887e-07 3.66294e-07 2.9763e-07 2.62568e-07 2.38937e-07 2.09873e-07 1.68792e-07 1.20002e-07 7.37289e-08 3.86575e-08 1.72469e-08 6.57749e-09 2.15968e-09 6.1333e-10 1.50368e-10 3.14015e-11 5.38332e-12 6.87257e-13 4.68644e-14 0 
0 3.5853e-11 3.0259e-10 1.33787e-09 4.33354e-09 1.14064e-08 2.55496e-08 4.99584e-08 8.66925e-08 1.35122e-07 1.9097e-07 2.46662e-07 2.93068e-07 3.22039e-07 3.2873e-07 3.12847e-07 2.7846e-07 2.32593e-07 1.8321e-07 1.37292e-07 9.95479e-08 7.19548e-08 5.40511e-08 4.36661e-08 3.77999e-08 3.34942e-08 2.86396e-08 2.25251e-08 1.57861e-08 9.67322e-09 5.133e-09 2.35185e-09 9.31673e-10 3.19961e-10 9.53528e-11 2.45554e-11 5.38332e-12 9.67242e-13 1.29106e-13 9.17927e-15 0 
0 4.44938e-12 3.64061e-11 1.56425e-10 4.94021e-10 1.2728e-09 2.80223e-09 5.40764e-09 9.29563e-09 1.43981e-08 2.02736e-08 2.61377e-08 3.10376e-08 3.41139e-08 3.48488e-08 3.32037e-08 2.96041e-08 2.47907e-08 1.96032e-08 1.47747e-08 1.07948e-08 7.86413e-09 5.92785e-09 4.75635e-09 4.04241e-09 3.49544e-09 2.91997e-09 2.25777e-09 1.57001e-09 9.6505e-10 5.19568e-10 2.44086e-10 9.99917e-11 3.57273e-11 1.1119e-11 2.99565e-12 6.87257e-13 1.29106e-13 1.79883e-14 1.33218e-15 0 
0 2.97742e-13 2.36584e-12 9.89256e-12 3.0491e-11 7.692e-11 1.664e-10 3.16617e-10 5.38382e-10 8.27291e-10 1.1585e-09 1.48841e-09 1.76413e-09 1.93786e-09 1.98055e-09 1.88979e-09 1.68906e-09 1.41961e-09 1.12833e-09 8.56221e-10 6.30698e-10 4.62975e-10 3.4997e-10 2.78957e-10 2.33219e-10 1.9742e-10 1.6169e-10 1.23311e-10 8.52931e-11 5.26478e-11 2.87361e-11 1.38057e-11 5.82593e-12 2.15621e-12 6.97731e-13 1.95877e-13 4.68644e-14 9.17927e-15 1.33218e-15 1.02613e-16 0 
0 0 0 0 0 0 0 0 0 0 0 0 0 0 0 0 0 0 0 0 0 0 0 0 0 0 0 0 0 0 0 0 0 0 0 0 0 0 0 0 0 
