0 0 0 0 0 0 0 0 0 0 0 0 0 0 0 0 0 0 0 0 0 0 0 0 0 0 0 0 0 0 0 0 0 0 0 0 0 0 0 0 0 
0 3.27389e-09 3.09121e-08 1.53047e-07 5.5434e-07 1.62489e-06 4.02556e-06 8.62522e-06 1.62174e-05 2.70514e-05 4.03994e-05 5.44595e-05 6.67429e-05 7.48173e-05 7.70767e-05 7.32176e-05 6.42587e-05 5.21444e-05 3.91189e-05 2.71126e-05 1.73453e-05 1.02352e-05 5.56885e-06 2.79428e-06 1.29401e-06 5.53755e-07 2.19344e-07 8.05679e-08 2.74929e-08 8.72938e-09 2.58166e-09 7.1126e-10 1.82322e-10 4.334e-11 9.4907e-12 1.89126e-12 3.35266e-13 5.05403e-14 5.83669e-15 3.68318e-16 0 
0 3.09121e-08 3.03741e-07 1.56309e-06 5.86601e-06 1.77278e-05 4.49939e-05 9.80475e-05 0.000186112 0.000311345 0.000464014 0.000622467 0.000758729 0.000846997 0.000871123 0.00082851 0.000729833 0.000595323 0.000448958 0.000312323 0.00019996 0.000117608 6.3487e-05 3.14582e-05 1.43237e-05 6.00424e-06 2.32258e-06 8.31227e-07 2.75934e-07 8.515e-08 2.44649e-08 6.54845e-09 1.63155e-09 3.77235e-10 8.04241e-11 1.56197e-11 2.70182e-12 3.97908e-13 4.49501e-14 2.77805e-15 0 
0 1.53047e-07 1.56309e-06 8.34477e-06 3.23367e-05 0.000100171 0.000258085 0.000564546 0.00106378 0.0017505 0.00255229 0.00334655 0.00400062 0.00440946 0.00451617 0.00431606 0.00385155 0.00320203 0.00246904 0.00175601 0.0011456 0.000682579 0.000370543 0.000183221 8.26565e-05 3.41221e-05 1.29376e-05 4.52282e-06 1.46314e-06 4.3938e-07 1.22765e-07 3.19526e-08 7.74381e-09 1.74282e-09 3.62011e-10 6.85781e-11 1.15844e-11 1.66824e-12 1.8451e-13 1.11788e-14 0 
0 5.5434e-07 5.86601e-06 3.23367e-05 0.000128435 0.000403029 0.00103547 0.00221871 0.00402807 0.00631488 0.00874183 0.0109317 0.0125955 0.0135719 0.0138051 0.0133123 0.0121649 0.0104869 0.00846028 0.00632085 0.00432477 0.00268362 0.00150074 0.000754871 0.000342246 0.000140541 5.25911e-05 1.80441e-05 5.70784e-06 1.67226e-06 4.55301e-07 1.15426e-07 2.72518e-08 5.97837e-09 1.21148e-09 2.24135e-10 3.70209e-11 5.21945e-12 5.65897e-13 3.36524e-14 0 
0 1.62489e-06 1.77278e-05 0.000100171 0.000403029 0.00125747 0.00313474 0.00635329 0.0107038 0.015467 0.0198546 0.0233629 0.0257944 0.0271253 0.0273986 0.0266741 0.0250154 0.0224953 0.0192237 0.0154002 0.0113665 0.00758985 0.00451739 0.00237803 0.00110766 0.000459602 0.000171549 5.81802e-05 1.80854e-05 5.18841e-06 1.38053e-06 3.41731e-07 7.87673e-08 1.68759e-08 3.34234e-09 6.04943e-10 9.78611e-11 1.35292e-11 1.44017e-12 8.41905e-14 0 
0 4.02556e-06 4.49939e-05 0.000258085 0.00103547 0.00313474 0.00733783 0.0135889 0.0207102 0.0273291 0.0327135 0.0367083 0.0393723 0.0407889 0.0410309 0.0401707 0.0382828 0.0354335 0.0316675 0.027023 0.0216191 0.015818 0.0103058 0.00585741 0.00288172 0.00123389 0.000466084 0.000157751 4.85002e-05 1.36878e-05 3.57217e-06 8.65993e-07 1.95387e-07 4.09818e-08 7.95045e-09 1.41071e-09 2.23954e-10 3.04188e-11 3.18511e-12 1.83379e-13 0 
0 8.62522e-06 9.80475e-05 0.000564546 0.00221871 0.00635329 0.0135889 0.0226328 0.0313691 0.038677 0.0444288 0.0487456 0.0516881 0.053268 0.0535091 0.0524793 0.0502913 0.0470821 0.0429734 0.0380229 0.032205 0.0255186 0.018296 0.0114506 0.0061037 0.0027599 0.00107327 0.000366726 0.00011237 3.13659e-05 8.06183e-06 1.92066e-06 4.25471e-07 8.76078e-08 1.66909e-08 2.91049e-09 4.54495e-10 6.07879e-11 6.27488e-12 3.56587e-13 0 
0 1.62174e-05 0.000186112 0.00106378 0.00402807 0.0107038 0.0207102 0.0313691 0.0407089 0.04844 0.0547475 0.0596608 0.0630888 0.0649467 0.0652191 0.063977 0.06137 0.0576036 0.0529023 0.0474527 0.0413241 0.0344167 0.0266123 0.0182893 0.0106957 0.00520283 0.00211802 0.0007395 0.000227685 6.32188e-05 1.60734e-05 3.77714e-06 8.24237e-07 1.67121e-07 3.13588e-08 5.38876e-09 8.29968e-10 1.09598e-10 1.11827e-11 6.28947e-13 0 
0 2.70514e-05 0.000311345 0.0017505 0.00631488 0.015467 0.0273291 0.038677 0.04844 0.0568331 0.0639384 0.0695852 0.0735587 0.0757166 0.0760264 0.0745684 0.071522 0.0671416 0.061724 0.0555622 0.0488717 0.0416801 0.0337648 0.0249523 0.0159256 0.00839802 0.00362183 0.00130573 0.000407059 0.000113053 2.8558e-05 6.64454e-06 1.43329e-06 2.87112e-07 5.32304e-08 9.04262e-09 1.37794e-09 1.80216e-10 1.8235e-11 1.01849e-12 0 
0 4.03994e-05 0.000464014 0.00255229 0.00874183 0.0198546 0.0327135 0.0444288 0.0547475 0.0639384 0.0718654 0.0782082 0.0826795 0.0851054 0.0854464 0.083793 0.0803493 0.0754062 0.0693095 0.06242 0.0550563 0.0473952 0.0393265 0.0304699 0.0208512 0.0118616 0.00544113 0.00203871 0.000647301 0.000180683 4.55321e-05 1.05284e-05 2.2531e-06 4.47493e-07 8.22675e-08 1.38659e-08 2.09833e-09 2.72879e-10 2.74962e-11 1.53212e-12 0 
0 5.44595e-05 0.000622467 0.00334655 0.0109317 0.0233629 0.0367083 0.0487456 0.0596608 0.0695852 0.0782082 0.0851201 0.0899915 0.0926296 0.0929912 0.0911762 0.0874081 0.082006 0.0753504 0.0678456 0.059872 0.0517081 0.0433839 0.0345452 0.0248215 0.0150261 0.00729966 0.00284595 0.000923147 0.000259889 6.557e-05 1.51238e-05 3.22321e-06 6.37263e-07 1.16659e-07 1.95958e-08 2.95918e-09 3.84664e-10 3.88236e-11 2.1721e-12 0 
0 6.67429e-05 0.000758729 0.00400062 0.0125955 0.0257944 0.0393723 0.0516881 0.0630888 0.0735587 0.0826795 0.0899915 0.0951408 0.097923 0.0982934 0.0963588 0.0923568 0.0866263 0.0795718 0.0716248 0.0632013 0.054638 0.0460655 0.0372217 0.0275822 0.0174708 0.00889466 0.00359423 0.00119118 0.000338936 8.58865e-05 1.98359e-05 4.2284e-06 8.36238e-07 1.53257e-07 2.58099e-08 3.91551e-09 5.12594e-10 5.22557e-11 2.96258e-12 0 
0 7.48173e-05 0.000846997 0.00440946 0.0135719 0.0271253 0.0407889 0.053268 0.0649467 0.0757166 0.0851054 0.0926296 0.097923 0.100776 0.101143 0.0991357 0.0949999 0.0890856 0.0818104 0.0736203 0.0649489 0.0561616 0.0474455 0.0386165 0.0291221 0.018989 0.00999619 0.00415514 0.00140379 0.000404167 0.000103192 2.39724e-05 5.13985e-06 1.02348e-06 1.89218e-07 3.22283e-08 4.96037e-09 6.61185e-10 6.88862e-11 4.00562e-12 0 
0 7.70767e-05 0.000871123 0.00451617 0.0138051 0.0273986 0.0410309 0.0535091 0.0652191 0.0760264 0.0854464 0.0929912 0.0982934 0.101143 0.101496 0.0994645 0.0952975 0.0893471 0.0820333 0.073805 0.0650991 0.0562889 0.0475831 0.0388404 0.0295249 0.0195414 0.0104907 0.0044458 0.00152636 0.000445272 0.000115045 2.70563e-05 5.88295e-06 1.19125e-06 2.24749e-07 3.92235e-08 6.21206e-09 8.5542e-10 9.23627e-11 5.57626e-12 0 
0 7.32176e-05 0.00082851 0.00431606 0.0133123 0.0266741 0.0401707 0.0524793 0.063977 0.0745684 0.083793 0.0911762 0.0963588 0.0991357 0.0994645 0.097457 0.0933574 0.0875124 0.0803342 0.0722633 0.0637278 0.0550923 0.04656 0.0379975 0.0289016 0.0191899 0.0103786 0.00444924 0.00154977 0.000459744 0.00012111 2.91415e-05 6.51121e-06 1.36163e-06 2.66668e-07 4.85325e-08 8.04243e-09 1.16045e-09 1.31184e-10 8.26673e-12 0 
0 6.42587e-05 0.000729833 0.00385155 0.0121649 0.0250154 0.0382828 0.0502913 0.06137 0.071522 0.0803493 0.0874081 0.0923568 0.0949999 0.0952975 0.0933574 0.0894148 0.0838023 0.0769158 0.0691769 0.0609937 0.0527072 0.0444919 0.0361979 0.0273743 0.0180614 0.00975411 0.00421401 0.00149368 0.000454705 0.000123846 3.1036e-05 7.27312e-06 1.60483e-06 3.32933e-07 6.425e-08 1.12642e-08 1.71056e-09 2.02014e-10 1.31858e-11 0 
0 5.21444e-05 0.000595323 0.00320203 0.0104869 0.0224953 0.0354335 0.0470821 0.0576036 0.0671416 0.0754062 0.082006 0.0866263 0.0890856 0.0893471 0.0875124 0.0838023 0.0785294 0.0720645 0.0648017 0.0571178 0.0493154 0.0415213 0.0335622 0.0250856 0.0163384 0.00878306 0.00383885 0.00140116 0.000446008 0.000128625 3.44637e-05 8.68715e-06 2.06433e-06 4.59439e-07 9.4347e-08 1.74112e-08 2.75039e-09 3.34033e-10 2.21938e-11 0 
0 3.91189e-05 0.000448958 0.00246904 0.00846028 0.0192237 0.0316675 0.0429734 0.0529023 0.061724 0.0693095 0.0753504 0.0795718 0.0818104 0.0820333 0.0803342 0.0769158 0.0720645 0.0661195 0.0594387 0.0523562 0.0451205 0.0378012 0.0302267 0.0222185 0.0142603 0.00767644 0.00344867 0.00132901 0.00045633 0.000143904 4.23605e-05 1.16815e-05 3.00242e-06 7.11619e-07 1.53068e-07 2.91368e-08 4.68593e-09 5.73389e-10 3.808e-11 0 
0 2.71126e-05 0.000312323 0.00175601 0.00632085 0.0154002 0.027023 0.0380229 0.0474527 0.0555622 0.06242 0.0678456 0.0716248 0.0736203 0.073805 0.0722633 0.0691769 0.0648017 0.0594387 0.0534003 0.0469651 0.0403173 0.0334822 0.0263595 0.0190189 0.0121091 0.00665217 0.00316795 0.00133916 0.000514894 0.00018245 5.96501e-05 1.78921e-05 4.88525e-06 1.20346e-06 2.6427e-07 5.06585e-08 8.12381e-09 9.8442e-10 6.44469e-11 0 
0 1.73453e-05 0.00019996 0.0011456 0.00432477 0.0113665 0.0216191 0.032205 0.0413241 0.0488717 0.0550563 0.059872 0.0632013 0.0649489 0.0650991 0.0637278 0.0609937 0.0571178 0.0523562 0.0469651 0.0411585 0.0350638 0.0287197 0.0221908 0.0157943 0.0101627 0.00588714 0.00309791 0.00149476 0.000660646 0.000264618 9.48809e-05 3.02145e-05 8.51813e-06 2.12189e-06 4.64417e-07 8.79014e-08 1.38377e-08 1.64057e-09 1.04905e-10 0 
0 1.02352e-05 0.000117608 0.000682579 0.00268362 0.00758985 0.015818 0.0255186 0.0344167 0.0416801 0.0473952 0.0517081 0.054638 0.0561616 0.0562889 0.0550923 0.0527072 0.0493154 0.0451205 0.0403173 0.0350638 0.0294816 0.0237139 0.0180313 0.0128616 0.00862025 0.00547281 0.00329765 0.00185668 0.000947087 0.00042374 0.000162934 5.36145e-05 1.51962e-05 3.74002e-06 8.00781e-07 1.47514e-07 2.25519e-08 2.59538e-09 1.61191e-10 0 
0 5.56885e-06 6.3487e-05 0.000370543 0.00150074 0.00451739 0.0103058 0.018296 0.0266123 0.0337648 0.0393265 0.0433839 0.0460655 0.0474455 0.0475831 0.04656 0.0444919 0.0415213 0.0378012 0.0334822 0.0287197 0.0237139 0.0187594 0.0142306 0.0104525 0.00754604 0.00539685 0.00377361 0.00248175 0.00145282 0.000718291 0.00029095 9.65625e-05 2.68233e-05 6.38417e-06 1.31663e-06 2.33584e-07 3.44358e-08 3.82921e-09 2.30323e-10 0 
0 2.79428e-06 3.14582e-05 0.000183221 0.000754871 0.00237803 0.00585741 0.0114506 0.0182893 0.0249523 0.0304699 0.0345452 0.0372217 0.0386165 0.0388404 0.0379975 0.0361979 0.0335622 0.0302267 0.0263595 0.0221908 0.0180313 0.0142306 0.0110673 0.00864967 0.00691326 0.00568917 0.00471568 0.00367484 0.00246169 0.00132327 0.000550707 0.000178012 4.65718e-05 1.03723e-05 2.01974e-06 3.41762e-07 4.83763e-08 5.18832e-09 3.02098e-10 0 
0 1.29401e-06 1.43237e-05 8.26565e-05 0.000342246 0.00110766 0.00288172 0.0061037 0.0106957 0.0159256 0.0208512 0.0248215 0.0275822 0.0291221 0.0295249 0.0289016 0.0273743 0.0250856 0.0222185 0.0190189 0.0157943 0.0128616 0.0104525 0.00864967 0.00744826 0.00696487 0.00739877 0.00818457 0.00780514 0.0056781 0.00304269 0.00120481 0.000356418 8.23466e-05 1.61492e-05 2.8566e-06 4.53994e-07 6.14947e-08 6.3653e-09 3.59459e-10 0 
0 5.53755e-07 6.00424e-06 3.41221e-05 0.000140541 0.000459602 0.00123389 0.0027599 0.00520283 0.00839802 0.0118616 0.0150261 0.0174708 0.018989 0.0195414 0.0191899 0.0180614 0.0163384 0.0142603 0.0121091 0.0101627 0.00862025 0.00754604 0.00691326 0.00696487 0.00896498 0.0143206 0.0206773 0.0220386 0.0162793 0.00826958 0.0029581 0.000770376 0.0001513 2.45875e-05 3.72419e-06 5.40461e-07 6.9692e-08 6.98028e-09 3.83866e-10 0 
0 2.19344e-07 2.32258e-06 1.29376e-05 5.25911e-05 0.000171549 0.000466084 0.00107327 0.00211802 0.00362183 0.00544113 0.00729966 0.00889466 0.00999619 0.0104907 0.0103786 0.00975411 0.00878306 0.00767644 0.00665217 0.00588714 0.00547281 0.00539685 0.00568917 0.00739877 0.0143206 0.0297445 0.0472865 0.0519356 0.0384587 0.0191234 0.00645761 0.00153025 0.000263671 3.56714e-05 4.45342e-06 5.70569e-07 6.95176e-08 6.76473e-09 3.64464e-10 0 
0 8.05679e-08 8.31227e-07 4.52282e-06 1.80441e-05 5.81802e-05 0.000157751 0.000366726 0.0007395 0.00130573 0.00203871 0.00284595 0.00359423 0.00415514 0.0044458 0.00444924 0.00421401 0.00383885 0.00344867 0.00316795 0.00309791 0.00329765 0.00377361 0.00471568 0.00818457 0.0206773 0.0472865 0.0772348 0.0854941 0.0633522 0.0313245 0.0103738 0.00234867 0.000374849 4.47082e-05 4.70115e-06 5.2566e-07 6.03262e-08 5.73913e-09 3.0529e-10 0 
0 2.74929e-08 2.75934e-07 1.46314e-06 5.70784e-06 1.80854e-05 4.85002e-05 0.00011237 0.000227685 0.000407059 0.000647301 0.000923147 0.00119118 0.00140379 0.00152636 0.00154977 0.00149368 0.00140116 0.00132901 0.00133916 0.00149476 0.00185668 0.00248175 0.00367484 0.00780514 0.0220386 0.0519356 0.0854941 0.0948471 0.0702972 0.0347042 0.011427 0.00254227 0.000390799 4.34883e-05 4.09e-06 4.11183e-07 4.50195e-08 4.23159e-09 2.24311e-10 0 
0 8.72938e-09 8.515e-08 4.3938e-07 1.67226e-06 5.18841e-06 1.36878e-05 3.13659e-05 6.32188e-05 0.000113053 0.000180683 0.000259889 0.000338936 0.000404167 0.000445272 0.000459744 0.000454705 0.000446008 0.00045633 0.000514894 0.000660646 0.000947087 0.00145282 0.00246169 0.0056781 0.0162793 0.0384587 0.0633522 0.0702972 0.0521029 0.0257191 0.00846394 0.00187494 0.000283865 3.06781e-05 2.75383e-06 2.64894e-07 2.86053e-08 2.6989e-09 1.44043e-10 0 
0 2.58166e-09 2.44649e-08 1.22765e-07 4.55301e-07 1.38053e-06 3.57217e-06 8.06183e-06 1.60734e-05 2.8558e-05 4.55321e-05 6.557e-05 8.58865e-05 0.000103192 0.000115045 0.00012111 0.000123846 0.000128625 0.000143904 0.00018245 0.000264618 0.00042374 0.000718291 0.00132327 0.00304269 0.00826958 0.0191234 0.0313245 0.0347042 0.0257191 0.0127103 0.00419616 0.000931756 0.000140855 1.52523e-05 1.39153e-06 1.38326e-07 1.54111e-08 1.48659e-09 8.0714e-11 0 
0 7.1126e-10 6.54845e-09 3.19526e-08 1.15426e-07 3.41731e-07 8.65993e-07 1.92066e-06 3.77714e-06 6.64454e-06 1.05284e-05 1.51238e-05 1.98359e-05 2.39724e-05 2.70563e-05 2.91415e-05 3.1036e-05 3.44637e-05 4.23605e-05 5.96501e-05 9.48809e-05 0.000162934 0.00029095 0.000550707 0.00120481 0.0029581 0.00645761 0.0103738 0.011427 0.00846394 0.00419616 0.00139374 0.000311453 4.76656e-05 5.35763e-06 5.32781e-07 5.91214e-08 7.06978e-09 7.08092e-10 3.94677e-11 0 
0 1.82322e-10 1.63155e-09 7.74381e-09 2.72518e-08 7.87673e-08 1.95387e-07 4.25471e-07 8.24237e-07 1.43329e-06 2.2531e-06 3.22321e-06 4.2284e-06 5.13985e-06 5.88295e-06 6.51121e-06 7.27312e-06 8.68715e-06 1.16815e-05 1.78921e-05 3.02145e-05 5.36145e-05 9.65625e-05 0.000178012 0.000356418 0.000770376 0.00153025 0.00234867 0.00254227 0.00187494 0.000931756 0.000311453 7.05692e-05 1.12097e-05 1.38241e-06 1.62783e-07 2.1324e-08 2.78855e-09 2.92525e-10 1.68549e-11 0 
0 4.334e-11 3.77235e-10 1.74282e-09 5.97837e-09 1.68759e-08 4.09818e-08 8.76078e-08 1.67121e-07 2.87112e-07 4.47493e-07 6.37263e-07 8.36238e-07 1.02348e-06 1.19125e-06 1.36163e-06 1.60483e-06 2.06433e-06 3.00242e-06 4.88525e-06 8.51813e-06 1.51962e-05 2.68233e-05 4.65718e-05 8.23466e-05 0.0001513 0.000263671 0.000374849 0.000390799 0.000283865 0.000140855 4.76656e-05 1.12097e-05 1.94767e-06 2.87423e-07 4.2982e-08 6.69791e-09 9.5379e-10 1.05072e-10 6.2884e-12 0 
0 9.4907e-12 8.04241e-11 3.62011e-10 1.21148e-09 3.34234e-09 7.95045e-09 1.66909e-08 3.13588e-08 5.32304e-08 8.22675e-08 1.16659e-07 1.53257e-07 1.89218e-07 2.24749e-07 2.66668e-07 3.32933e-07 4.59439e-07 7.11619e-07 1.20346e-06 2.12189e-06 3.74002e-06 6.38417e-06 1.03723e-05 1.61492e-05 2.45875e-05 3.56714e-05 4.47082e-05 4.34883e-05 3.06781e-05 1.52523e-05 5.35763e-06 1.38241e-06 2.87423e-07 5.49879e-08 1.04056e-08 1.85572e-09 2.83628e-10 3.28075e-11 2.04568e-12 0 
0 1.89126e-12 1.56197e-11 6.85781e-11 2.24135e-10 6.04943e-10 1.41071e-09 2.91049e-09 5.38876e-09 9.04262e-09 1.38659e-08 1.95958e-08 2.58099e-08 3.22283e-08 3.92235e-08 4.85325e-08 6.425e-08 9.4347e-08 1.53068e-07 2.6427e-07 4.64417e-07 8.00781e-07 1.31663e-06 2.01974e-06 2.8566e-06 3.72419e-06 4.45342e-06 4.70115e-06 4.09e-06 2.75383e-06 1.39153e-06 5.32781e-07 1.62783e-07 4.2982e-08 1.04056e-08 2.30752e-09 4.50049e-10 7.29569e-11 8.85468e-12 5.76202e-13 0 
0 3.35266e-13 2.70182e-12 1.15844e-11 3.70209e-11 9.78611e-11 2.23954e-10 4.54495e-10 8.29968e-10 1.37794e-09 2.09833e-09 2.95918e-09 3.91551e-09 4.96037e-09 6.21206e-09 8.04243e-09 1.12642e-08 1.74112e-08 2.91368e-08 5.06585e-08 8.79014e-08 1.47514e-07 2.33584e-07 3.41762e-07 4.53994e-07 5.40461e-07 5.70569e-07 5.2566e-07 4.11183e-07 2.64894e-07 1.38326e-07 5.91214e-08 2.1324e-08 6.69791e-09 1.85572e-09 4.50049e-10 9.35154e-11 1.5976e-11 2.03266e-12 1.38113e-13 0 
0 5.05403e-14 3.97908e-13 1.66824e-12 5.21945e-12 1.35292e-11 3.04188e-11 6.07879e-11 1.09598e-10 1.80216e-10 2.72879e-10 3.84664e-10 5.12594e-10 6.61185e-10 8.5542e-10 1.16045e-09 1.71056e-09 2.75039e-09 4.68593e-09 8.12381e-09 1.38377e-08 2.25519e-08 3.44358e-08 4.83763e-08 6.14947e-08 6.9692e-08 6.95176e-08 6.03262e-08 4.50195e-08 2.86053e-08 1.54111e-08 7.06978e-09 2.78855e-09 9.5379e-10 2.83628e-10 7.29569e-11 1.5976e-11 2.86586e-12 3.81728e-13 2.70718e-14 0 
0 5.83669e-15 4.49501e-14 1.8451e-13 5.65897e-13 1.44017e-12 3.18511e-12 6.27488e-12 1.11827e-11 1.8235e-11 2.74962e-11 3.88236e-11 5.22557e-11 6.88862e-11 9.23627e-11 1.31184e-10 2.02014e-10 3.34033e-10 5.73389e-10 9.8442e-10 1.64057e-09 2.59538e-09 3.82921e-09 5.18832e-09 6.3653e-09 6.98028e-09 6.76473e-09 5.73913e-09 4.23159e-09 2.6989e-09 1.48659e-09 7.08092e-10 2.92525e-10 1.05072e-10 3.28075e-11 8.85468e-12 2.03266e-12 3.81728e-13 5.31305e-14 3.92845e-15 0 
0 3.68318e-16 2.77805e-15 1.11788e-14 3.36524e-14 8.41905e-14 1.83379e-13 3.56587e-13 6.28947e-13 1.01849e-12 1.53212e-12 2.1721e-12 2.96258e-12 4.00562e-12 5.57626e-12 8.26673e-12 1.31858e-11 2.21938e-11 3.808e-11 6.44469e-11 1.04905e-10 1.61191e-10 2.30323e-10 3.02098e-10 3.59459e-10 3.83866e-10 3.64464e-10 3.0529e-10 2.24311e-10 1.44043e-10 8.0714e-11 3.94677e-11 1.68549e-11 6.2884e-12 2.04568e-12 5.76202e-13 1.38113e-13 2.70718e-14 3.92845e-15 3.02359e-16 0 
0 0 0 0 0 0 0 0 0 0 0 0 0 0 0 0 0 0 0 0 0 0 0 0 0 0 0 0 0 0 0 0 0 0 0 0 0 0 0 0 0 
