0 0 0 0 0 0 0 0 0 0 0 0 0 0 0 0 0 0 0 0 0 0 0 0 0 0 0 0 0 0 0 0 0 0 0 0 0 0 0 0 0 
0 9.81094e-08 9.0026e-07 4.20463e-06 1.38765e-05 3.57922e-05 7.57553e-05 0.00013603 0.000213108 0.00029853 0.00038185 0.000453536 0.000506578 0.000536868 0.000542933 0.000525501 0.000487118 0.000431865 0.000365066 0.000292894 0.000221742 0.000157371 0.000103984 6.35567e-05 3.57385e-05 1.84147e-05 8.67495e-06 3.73394e-06 1.46938e-06 5.29362e-07 1.74853e-07 5.30094e-08 1.47496e-08 3.75925e-09 8.73062e-10 1.82769e-10 3.3759e-11 5.26577e-12 6.25544e-13 4.04051e-14 0 
0 9.0026e-07 8.58299e-06 4.10117e-05 0.00013511 0.000337648 0.000673106 0.00111617 0.00160271 0.0020659 0.00246055 0.00276494 0.00297244 0.00308375 0.00310261 0.00303413 0.00288422 0.00265984 0.00236978 0.00202651 0.00164843 0.00126138 0.000896812 0.000585238 0.00034694 0.000185539 8.92441e-05 3.86365e-05 1.51045e-05 5.35582e-06 1.73002e-06 5.1081e-07 1.38103e-07 3.41655e-08 7.70083e-09 1.56537e-09 2.81019e-10 4.26545e-11 4.93761e-12 3.11231e-13 0 
0 4.20463e-06 4.10117e-05 0.000194686 0.00060997 0.00138405 0.00242737 0.0035214 0.00449979 0.00530689 0.00594454 0.00642335 0.00674837 0.00692148 0.00694619 0.00683019 0.00658533 0.00622565 0.00576415 0.00520951 0.00456524 0.003835 0.00303663 0.00221906 0.00146399 0.000856365 0.000439718 0.000198026 7.87107e-05 2.78826e-05 8.8898e-06 2.57118e-06 6.77975e-07 1.63224e-07 3.57754e-08 7.07272e-09 1.23581e-09 1.82775e-10 2.06435e-11 1.27141e-12 0 
0 1.38765e-05 0.00013511 0.00060997 0.00170931 0.0033234 0.00500659 0.00649028 0.00776561 0.00887357 0.00981555 0.0105654 0.0110938 0.011381 0.0114224 0.0112285 0.0108235 0.010242 0.00952392 0.00870873 0.00782673 0.00688901 0.00588128 0.00477636 0.00358068 0.00239097 0.00137932 0.000677112 0.000283589 0.000102814 3.28515e-05 9.39586e-06 2.43107e-06 5.71972e-07 1.22291e-07 2.35731e-08 4.01763e-09 5.80106e-10 6.40411e-11 3.86028e-12 0 
0 3.57922e-05 0.000337648 0.00138405 0.0033234 0.00553859 0.00756142 0.00941752 0.0111781 0.0128121 0.0142431 0.0153953 0.0162107 0.0166553 0.0167207 0.0164229 0.0157995 0.0149043 0.0138023 0.0125635 0.0112557 0.00993601 0.00863634 0.00734335 0.00599151 0.00451836 0.00299452 0.00166845 0.00076692 0.000293602 9.59795e-05 2.74962e-05 7.03762e-06 1.62698e-06 3.40696e-07 6.42399e-08 1.07084e-08 1.51312e-09 1.63623e-10 9.67212e-12 0 
0 7.57553e-05 0.000673106 0.00242737 0.00500659 0.00756142 0.0100066 0.0124693 0.0149048 0.0171882 0.0191905 0.020802 0.0219419 0.0225635 0.0226554 0.0222401 0.0213693 0.0201179 0.0185758 0.01684 0.0150072 0.0131664 0.0113916 0.00972668 0.00815685 0.00658189 0.004878 0.00310936 0.00161487 0.000673471 0.000230597 6.71815e-05 1.71719e-05 3.9254e-06 8.08759e-07 1.4971e-07 2.44833e-08 3.39467e-09 3.60445e-10 2.09407e-11 0 
0 0.00013603 0.00111617 0.0035214 0.00649028 0.00941752 0.0124693 0.0156567 0.0188268 0.0217981 0.0244016 0.0264957 0.0279764 0.0287833 0.0289021 0.0283621 0.0272302 0.0256034 0.0235976 0.0213381 0.0189494 0.0165468 0.01423 0.0120766 0.0101267 0.00834406 0.00657672 0.00466239 0.00274366 0.00127207 0.000465986 0.000140199 3.61439e-05 8.22344e-06 1.67496e-06 3.05546e-07 4.91813e-08 6.71037e-09 7.01419e-10 4.01444e-11 0 
0 0.000213108 0.00160271 0.00449979 0.00776561 0.0111781 0.0149048 0.0188268 0.0227268 0.0263801 0.0295795 0.0321518 0.0339695 0.0349591 0.0351033 0.0344382 0.0330461 0.0310458 0.0285794 0.0258002 0.0228603 0.0199004 0.0170421 0.0143829 0.0119909 0.0098833 0.00797091 0.00602885 0.00393353 0.0020325 0.000807184 0.000253982 6.66347e-05 1.51821e-05 3.07093e-06 5.54106e-07 8.80678e-08 1.18587e-08 1.22349e-09 6.91501e-11 0 
0 0.00029853 0.0020659 0.00530689 0.00887357 0.0128121 0.0171882 0.0217981 0.0263801 0.0306704 0.0344263 0.0374445 0.0395759 0.0407348 0.040901 0.0401172 0.0384805 0.03613 0.0332325 0.0299673 0.0265125 0.0230324 0.0196689 0.0165357 0.0137155 0.0112526 0.00911459 0.00711586 0.00498828 0.00283386 0.00122268 0.00040525 0.000108908 2.49727e-05 5.03625e-06 9.01886e-07 1.41973e-07 1.89202e-08 1.93177e-09 1.08079e-10 0 
0 0.00038185 0.00246055 0.00594454 0.00981555 0.0142431 0.0191905 0.0244016 0.0295795 0.0344263 0.0386677 0.0420742 0.0444781 0.0457829 0.0459662 0.0450768 0.0432246 0.0405669 0.0372918 0.0336017 0.0296971 0.0257631 0.0219592 0.0184129 0.0152174 0.0124293 0.0100487 0.0079454 0.00581995 0.00355727 0.00165402 0.000577733 0.000159517 3.69307e-05 7.44833e-06 1.32767e-06 2.07582e-07 2.74518e-08 2.78078e-09 1.5438e-10 0 
0 0.000453536 0.00276494 0.00642335 0.0105654 0.0153953 0.020802 0.0264957 0.0321518 0.0374445 0.0420742 0.0457907 0.0484111 0.0498304 0.050025 0.0490485 0.0470213 0.0441154 0.0405365 0.0365052 0.03224 0.0279426 0.0237866 0.0199104 0.0164149 0.0133635 0.010772 0.00855112 0.00641952 0.00412909 0.00203905 0.000746236 0.000211504 4.94979e-05 1.00037e-05 1.77912e-06 2.76967e-07 3.64381e-08 3.671e-09 2.02708e-10 0 
0 0.000506578 0.00297244 0.00674837 0.0110938 0.0162107 0.0219419 0.0279764 0.0339695 0.0395759 0.0444781 0.0484111 0.0511809 0.052677 0.0528761 0.0518359 0.0496834 0.0466007 0.0428061 0.0385336 0.0340145 0.0294618 0.0250588 0.0209516 0.0172465 0.0140103 0.0112664 0.00894947 0.00680526 0.00452088 0.00233064 0.000884477 0.000256227 6.05685e-05 1.22788e-05 2.18276e-06 3.39091e-07 4.4485e-08 4.46799e-09 2.45971e-10 0 
0 0.000536868 0.00308375 0.00692148 0.011381 0.0166553 0.0225635 0.0287833 0.0349591 0.0407348 0.0457829 0.0498304 0.052677 0.0542095 0.0544064 0.0533284 0.0511052 0.0479237 0.04401 0.0396056 0.0349486 0.0302582 0.0257229 0.0214925 0.017676 0.0143417 0.0115162 0.00914606 0.00699675 0.00473078 0.00250257 0.000972246 0.000285962 6.81268e-05 1.38569e-05 2.46581e-06 3.83038e-07 5.02243e-08 5.04123e-09 2.77374e-10 0 
0 0.000542933 0.00310261 0.00694619 0.0114224 0.0167207 0.0226554 0.0289021 0.0351033 0.040901 0.0459662 0.050025 0.0528761 0.0544064 0.0545954 0.0535049 0.0512652 0.0480645 0.0441299 0.0397046 0.0350276 0.0303188 0.0257672 0.0215227 0.0176942 0.0143501 0.011517 0.00914538 0.00700911 0.00476781 0.00254691 0.000999352 0.000296144 7.09004e-05 1.44681e-05 2.58077e-06 4.01715e-07 5.27765e-08 5.30819e-09 2.92712e-10 0 
0 0.000525501 0.00303413 0.00683019 0.0112285 0.0164229 0.0222401 0.0283621 0.0344382 0.0401172 0.0450768 0.0490485 0.0518359 0.0533284 0.0535049 0.0524262 0.0502218 0.0470773 0.0432159 0.0388754 0.0342905 0.0296766 0.0252186 0.0210635 0.0173174 0.0140469 0.0112772 0.0089557 0.00685409 0.00464447 0.00246956 0.000966497 0.000286499 6.8757e-05 1.40809e-05 2.52228e-06 3.94427e-07 5.20771e-08 5.26575e-09 2.92022e-10 0 
0 0.000487118 0.00288422 0.00658533 0.0108235 0.0157995 0.0213693 0.0272302 0.0330461 0.0384805 0.0432246 0.0470213 0.0496834 0.0511052 0.0512652 0.0502218 0.0481008 0.0450814 0.0413771 0.037216 0.0328229 0.0284044 0.0241377 0.0201633 0.016583 0.0134601 0.0108163 0.00858923 0.00654156 0.00437549 0.0022876 0.000884213 0.000260904 6.27133e-05 1.29102e-05 2.32923e-06 3.67289e-07 4.89383e-08 4.99674e-09 2.79954e-10 0 
0 0.000431865 0.00265984 0.00622565 0.010242 0.0149043 0.0201179 0.0256034 0.0310458 0.03613 0.0405669 0.0441154 0.0466007 0.0479237 0.0480645 0.0470773 0.0450814 0.0422449 0.0387681 0.0348648 0.030746 0.0266057 0.0226101 0.0188911 0.0155442 0.0126288 0.0101598 0.00805952 0.00608073 0.00398098 0.00202881 0.000770657 0.000226233 5.46064e-05 1.13492e-05 2.07329e-06 3.31575e-07 4.48516e-08 4.6519e-09 2.64841e-10 0 
0 0.000365066 0.00236978 0.00576415 0.00952392 0.0138023 0.0185758 0.0235976 0.0285794 0.0332325 0.0372918 0.0405365 0.0428061 0.04401 0.0441299 0.0432159 0.0413771 0.0387681 0.0355724 0.0319865 0.0282043 0.0244038 0.0207379 0.0173284 0.0142635 0.0115971 0.00933452 0.00737805 0.0054835 0.0034924 0.00173141 0.000648507 0.000190696 4.6608e-05 9.86623e-06 1.84089e-06 3.01051e-07 4.16518e-08 4.417e-09 2.56902e-10 0 
0 0.000292894 0.00202651 0.00520951 0.00870873 0.0125635 0.01684 0.0213381 0.0258002 0.0299673 0.0336017 0.0365052 0.0385336 0.0396056 0.0397046 0.0388754 0.037216 0.0348648 0.0319865 0.0287577 0.0253523 0.0219305 0.0186303 0.0155618 0.0128056 0.0104083 0.00836198 0.00655396 0.00477283 0.00295876 0.00144152 0.000541231 0.000162264 4.08083e-05 8.91774e-06 1.71768e-06 2.89503e-07 4.11792e-08 4.47662e-09 2.66098e-10 0 
0 0.000221742 0.00164843 0.00456524 0.00782673 0.0112557 0.0150072 0.0189494 0.0228603 0.0265125 0.0296971 0.03224 0.0340145 0.0349486 0.0350276 0.0342905 0.0328229 0.030746 0.0282043 0.0253523 0.0223426 0.0193161 0.0163945 0.0136758 0.0112314 0.00909849 0.00725708 0.00560282 0.0039953 0.00244617 0.00120599 0.000469502 0.000147742 3.90232e-05 8.90867e-06 1.77991e-06 3.08999e-07 4.49859e-08 4.97797e-09 2.99785e-10 0 
0 0.000157371 0.00126138 0.003835 0.00688901 0.00993601 0.0131664 0.0165468 0.0199004 0.0230324 0.0257631 0.0279426 0.0294618 0.0302582 0.0303188 0.0296766 0.0284044 0.0266057 0.0244038 0.0219305 0.0193161 0.0166811 0.0141298 0.011747 0.00959322 0.00769626 0.00604041 0.00457022 0.00322801 0.00202189 0.00106008 0.000448091 0.000152486 4.27965e-05 1.01847e-05 2.08885e-06 3.68156e-07 5.39974e-08 5.98749e-09 3.59973e-10 0 
0 0.000103984 0.000896812 0.00303663 0.00588128 0.00863634 0.0113916 0.01423 0.0170421 0.0196689 0.0219592 0.0237866 0.0250588 0.0257229 0.0257672 0.0252186 0.0241377 0.0226101 0.0207379 0.0186303 0.0163945 0.0141298 0.0119222 0.00984112 0.00793725 0.0062456 0.00479204 0.00358254 0.00258098 0.00172941 0.00101153 0.000481471 0.000179797 5.32965e-05 1.29863e-05 2.67517e-06 4.68678e-07 6.79706e-08 7.43354e-09 4.40302e-10 0 
0 6.35567e-05 0.000585238 0.00221906 0.00477636 0.00734335 0.00972668 0.0120766 0.0143829 0.0165357 0.0184129 0.0199104 0.0209516 0.0214925 0.0215227 0.0210635 0.0201633 0.0188911 0.0173284 0.0155618 0.0136758 0.011747 0.00984112 0.00801441 0.00633297 0.00490207 0.00382205 0.00304821 0.00238762 0.00171814 0.00108462 0.000568487 0.000230332 7.08924e-05 1.72917e-05 3.50157e-06 5.99207e-07 8.4773e-08 9.05044e-09 5.24061e-10 0 
0 3.57385e-05 0.00034694 0.00146399 0.00358068 0.00599151 0.00815685 0.0101267 0.0119909 0.0137155 0.0152174 0.0164149 0.0172465 0.017676 0.0176942 0.0173174 0.016583 0.0155442 0.0142635 0.0128056 0.0112314 0.00959322 0.00793725 0.00633297 0.00495823 0.00414556 0.00411487 0.00445509 0.00423595 0.00310938 0.00174606 0.000808125 0.000315047 9.57829e-05 2.26759e-05 4.42006e-06 7.29704e-07 1.00003e-07 1.03793e-08 5.8611e-10 0 
0 1.84147e-05 0.000185539 0.000856365 0.00239097 0.00451836 0.00658189 0.00834406 0.0098833 0.0112526 0.0124293 0.0133635 0.0140103 0.0143417 0.0143501 0.0140469 0.0134601 0.0126288 0.0115971 0.0104083 0.00909849 0.00769626 0.0062456 0.00490207 0.00414556 0.00488934 0.00770973 0.011124 0.0118559 0.00875852 0.00445795 0.00164026 0.000498634 0.000131724 2.84891e-05 5.18128e-06 8.15043e-07 1.07905e-07 1.08947e-08 6.00977e-10 0 
0 8.67495e-06 8.92441e-05 0.000439718 0.00137932 0.00299452 0.004878 0.00657672 0.00797091 0.00911459 0.0100487 0.010772 0.0112664 0.0115162 0.011517 0.0112772 0.0108163 0.0101598 0.00933452 0.00836198 0.00725708 0.00604041 0.00479204 0.00382205 0.00411487 0.00770973 0.016001 0.0254866 0.0281938 0.0206894 0.0102876 0.00348228 0.000865977 0.000183351 3.38191e-05 5.51076e-06 8.13444e-07 1.03978e-07 1.02548e-08 5.55231e-10 0 
0 3.73394e-06 3.86365e-05 0.000198026 0.000677112 0.00166845 0.00310936 0.00466239 0.00602885 0.00711586 0.0079454 0.00855112 0.00894947 0.00914606 0.00914538 0.0089557 0.00858923 0.00805952 0.00737805 0.00655396 0.00560282 0.00457022 0.00358254 0.00304821 0.00445509 0.011124 0.0254866 0.0415996 0.0457511 0.0342496 0.0168518 0.00558218 0.00128423 0.000232128 3.62572e-05 5.18271e-06 7.10587e-07 8.7923e-08 8.52926e-09 4.56498e-10 0 
0 1.46938e-06 1.51045e-05 7.87107e-05 0.000283589 0.00076692 0.00161487 0.00274366 0.00393353 0.00498828 0.00581995 0.00641952 0.00680526 0.00699675 0.00700911 0.00685409 0.00654156 0.00608073 0.0054835 0.00477283 0.0039953 0.00322801 0.00258098 0.00238762 0.00423595 0.0118559 0.0281938 0.0457511 0.0493645 0.0383648 0.0186812 0.00614794 0.00138111 0.000231985 3.23133e-05 4.13937e-06 5.32382e-07 6.43929e-08 6.20473e-09 3.3114e-10 0 
0 5.29362e-07 5.35582e-06 2.78826e-05 0.000102814 0.000293602 0.000673471 0.00127207 0.0020325 0.00283386 0.00355727 0.00412909 0.00452088 0.00473078 0.00476781 0.00464447 0.00437549 0.00398098 0.0034924 0.00295876 0.00244617 0.00202189 0.00172941 0.00171814 0.00310938 0.00875852 0.0206894 0.0342496 0.0383648 0.0280413 0.0138355 0.00455467 0.00102152 0.000168079 2.21829e-05 2.68576e-06 3.35692e-07 4.04806e-08 3.92294e-09 2.10778e-10 0 
0 1.74853e-07 1.73002e-06 8.8898e-06 3.28515e-05 9.59795e-05 0.000230597 0.000465986 0.000807184 0.00122268 0.00165402 0.00203905 0.00233064 0.00250257 0.00254691 0.00246956 0.0022876 0.00202881 0.00173141 0.00144152 0.00120599 0.00106008 0.00101153 0.00108462 0.00174606 0.00445795 0.0102876 0.0168518 0.0186812 0.0138355 0.00683786 0.00226231 0.00051505 8.56208e-05 1.12798e-05 1.37929e-06 1.76368e-07 2.17604e-08 2.14967e-09 1.174e-10 0 
0 5.30094e-08 5.1081e-07 2.57118e-06 9.39586e-06 2.74962e-05 6.71815e-05 0.000140199 0.000253982 0.00040525 0.000577733 0.000746236 0.000884477 0.000972246 0.000999352 0.000966497 0.000884213 0.000770657 0.000648507 0.000541231 0.000469502 0.000448091 0.000481471 0.000568487 0.000808125 0.00164026 0.00348228 0.00558218 0.00614794 0.00455467 0.00226231 0.000761275 0.000178884 3.07319e-05 4.25921e-06 5.64053e-07 7.7564e-08 1.00205e-08 1.0211e-09 5.71717e-11 0 
0 1.47496e-08 1.38103e-07 6.77975e-07 2.43107e-06 7.03762e-06 1.71719e-05 3.61439e-05 6.66347e-05 0.000108908 0.000159517 0.000211504 0.000256227 0.000285962 0.000296144 0.000286499 0.000260904 0.000226233 0.000190696 0.000162264 0.000147742 0.000152486 0.000179797 0.000230332 0.000315047 0.000498634 0.000865977 0.00128423 0.00138111 0.00102152 0.00051505 0.000178884 4.38579e-05 8.04087e-06 1.24948e-06 1.90391e-07 2.90113e-08 3.97441e-09 4.21218e-10 2.43476e-11 0 
0 3.75925e-09 3.41655e-08 1.63224e-07 5.71972e-07 1.62698e-06 3.9254e-06 8.22344e-06 1.51821e-05 2.49727e-05 3.69307e-05 4.94979e-05 6.05685e-05 6.81268e-05 7.09004e-05 6.8757e-05 6.27133e-05 5.46064e-05 4.6608e-05 4.08083e-05 3.90232e-05 4.27965e-05 5.32965e-05 7.08924e-05 9.57829e-05 0.000131724 0.000183351 0.000232128 0.000231985 0.000168079 8.56208e-05 3.07319e-05 8.04087e-06 1.66518e-06 3.08761e-07 5.55055e-08 9.37914e-09 1.36504e-09 1.51162e-10 9.06671e-12 0 
0 8.73062e-10 7.70083e-09 3.57754e-08 1.22291e-07 3.40696e-07 8.08759e-07 1.67496e-06 3.07093e-06 5.03625e-06 7.44833e-06 1.00037e-05 1.22788e-05 1.38569e-05 1.44681e-05 1.40809e-05 1.29102e-05 1.13492e-05 9.86623e-06 8.91774e-06 8.90867e-06 1.01847e-05 1.29863e-05 1.72917e-05 2.26759e-05 2.84891e-05 3.38191e-05 3.62572e-05 3.23133e-05 2.21829e-05 1.12798e-05 4.25921e-06 1.24948e-06 3.08761e-07 6.92798e-08 1.43433e-08 2.63966e-09 4.06757e-10 4.71694e-11 2.94579e-12 0 
0 1.82769e-10 1.56537e-09 7.07272e-09 2.35731e-08 6.42399e-08 1.4971e-07 3.05546e-07 5.54106e-07 9.01886e-07 1.32767e-06 1.77912e-06 2.18276e-06 2.46581e-06 2.58077e-06 2.52228e-06 2.32923e-06 2.07329e-06 1.84089e-06 1.71768e-06 1.77991e-06 2.08885e-06 2.67517e-06 3.50157e-06 4.42006e-06 5.18128e-06 5.51076e-06 5.18271e-06 4.13937e-06 2.68576e-06 1.37929e-06 5.64053e-07 1.90391e-07 5.55055e-08 1.43433e-08 3.27298e-09 6.44171e-10 1.04713e-10 1.27261e-11 8.29073e-13 0 
0 3.3759e-11 2.81019e-10 1.23581e-09 4.01763e-09 1.07084e-08 2.44833e-08 4.91813e-08 8.80678e-08 1.41973e-07 2.07582e-07 2.76967e-07 3.39091e-07 3.83038e-07 4.01715e-07 3.94427e-07 3.67289e-07 3.31575e-07 3.01051e-07 2.89503e-07 3.08999e-07 3.68156e-07 4.68678e-07 5.99207e-07 7.29704e-07 8.15043e-07 8.13444e-07 7.10587e-07 5.32382e-07 3.35692e-07 1.76368e-07 7.7564e-08 2.90113e-08 9.37914e-09 2.63966e-09 6.44171e-10 1.3414e-10 2.29391e-11 2.92096e-12 1.98636e-13 0 
0 5.26577e-12 4.26545e-11 1.82775e-10 5.80106e-10 1.51312e-09 3.39467e-09 6.71037e-09 1.18587e-08 1.89202e-08 2.74518e-08 3.64381e-08 4.4485e-08 5.02243e-08 5.27765e-08 5.20771e-08 4.89383e-08 4.48516e-08 4.16518e-08 4.11792e-08 4.49859e-08 5.39974e-08 6.79706e-08 8.4773e-08 1.00003e-07 1.07905e-07 1.03978e-07 8.7923e-08 6.43929e-08 4.04806e-08 2.17604e-08 1.00205e-08 3.97441e-09 1.36504e-09 4.06757e-10 1.04713e-10 2.29391e-11 4.11655e-12 5.48586e-13 3.89279e-14 0 
0 6.25544e-13 4.93761e-12 2.06435e-11 6.40411e-11 1.63623e-10 3.60445e-10 7.01419e-10 1.22349e-09 1.93177e-09 2.78078e-09 3.671e-09 4.46799e-09 5.04123e-09 5.30819e-09 5.26575e-09 4.99674e-09 4.6519e-09 4.417e-09 4.47662e-09 4.97797e-09 5.98749e-09 7.43354e-09 9.05044e-09 1.03793e-08 1.08947e-08 1.02548e-08 8.52926e-09 6.20473e-09 3.92294e-09 2.14967e-09 1.0211e-09 4.21218e-10 1.51162e-10 4.71694e-11 1.27261e-11 2.92096e-12 5.48586e-13 7.63723e-14 5.64901e-15 0 
0 4.04051e-14 3.11231e-13 1.27141e-12 3.86028e-12 9.67212e-12 2.09407e-11 4.01444e-11 6.91501e-11 1.08079e-10 1.5438e-10 2.02708e-10 2.45971e-10 2.77374e-10 2.92712e-10 2.92022e-10 2.79954e-10 2.64841e-10 2.56902e-10 2.66098e-10 2.99785e-10 3.59973e-10 4.40302e-10 5.24061e-10 5.8611e-10 6.00977e-10 5.55231e-10 4.56498e-10 3.3114e-10 2.10778e-10 1.174e-10 5.71717e-11 2.43476e-11 9.06671e-12 2.94579e-12 8.29073e-13 1.98636e-13 3.89279e-14 5.64901e-15 4.3486e-16 0 
0 0 0 0 0 0 0 0 0 0 0 0 0 0 0 0 0 0 0 0 0 0 0 0 0 0 0 0 0 0 0 0 0 0 0 0 0 0 0 0 0 
