0 0 0 0 0 0 0 0 0 0 0 0 0 0 0 0 0 0 0 0 0 0 0 0 0 0 0 0 0 0 0 0 0 0 0 0 0 0 0 0 0 
0 1.93989e-07 1.70286e-06 7.28044e-06 2.09853e-05 4.55224e-05 7.94826e-05 0.000117883 0.000155216 0.000187706 0.000213649 0.000232724 0.000245254 0.000251737 0.000252636 0.000248322 0.000239072 0.000225113 0.000206701 0.000184236 0.000158423 0.000130406 0.00010182 7.46389e-05 5.08184e-05 3.18023e-05 1.81258e-05 9.34367e-06 4.33814e-06 1.81143e-06 6.80657e-07 2.30518e-07 7.04563e-08 1.94301e-08 4.81842e-09 1.06485e-09 2.05635e-10 3.32636e-11 4.07063e-12 2.69381e-13 0 
0 1.70286e-06 1.5127e-05 6.2225e-05 0.000162127 0.000302073 0.000443457 0.000558648 0.0006438 0.000706247 0.000752982 0.000787522 0.000810866 0.000823052 0.000824165 0.000814775 0.000795957 0.000769037 0.00073513 0.000694564 0.000646364 0.000588184 0.000517193 0.000432208 0.000336442 0.000238832 0.000151672 8.4964e-05 4.16913e-05 1.79205e-05 6.78208e-06 2.27626e-06 6.82052e-07 1.83189e-07 4.40891e-08 9.44273e-09 1.76707e-09 2.77216e-10 3.29439e-11 2.12055e-12 0 
0 7.28044e-06 6.2225e-05 0.00022601 0.000480598 0.000717931 0.000888482 0.00101822 0.0011351 0.00124614 0.00134675 0.00142979 0.00148935 0.00152184 0.00152613 0.00150337 0.00145666 0.00139072 0.00131137 0.00122496 0.00113752 0.00105318 0.000971966 0.000887297 0.000786007 0.000654666 0.000492938 0.000323147 0.00017973 8.40957e-05 3.33358e-05 1.1369e-05 3.39052e-06 8.9495e-07 2.10215e-07 4.37955e-08 7.96388e-09 1.21435e-09 1.40414e-10 8.80716e-12 0 
0 2.09853e-05 0.000162127 0.000480598 0.000812262 0.00105134 0.00125879 0.00147889 0.00170821 0.00192946 0.00212624 0.00228573 0.0023989 0.00246058 0.00246945 0.00242772 0.00234073 0.00221627 0.00206385 0.00189398 0.00171758 0.00154548 0.00138766 0.00125111 0.00113489 0.00102317 0.000884464 0.000692004 0.000460569 0.000249882 0.000109439 3.93662e-05 1.19604e-05 3.14643e-06 7.27539e-07 1.48283e-07 2.63093e-08 3.91189e-09 4.41311e-10 2.70371e-11 0 
0 4.55224e-05 0.000302073 0.000717931 0.00105134 0.00134574 0.00167967 0.00204643 0.00241819 0.00276934 0.00307815 0.00332703 0.0035032 0.00359927 0.0036134 0.00354907 0.00341435 0.00322093 0.00298292 0.00271562 0.00243446 0.00215415 0.0018883 0.0016494 0.0014481 0.00128848 0.00115625 0.00100783 0.000791412 0.000513708 0.000260878 0.000103271 3.29113e-05 8.78492e-06 2.02155e-06 4.05929e-07 7.06262e-08 1.028e-08 1.13512e-09 6.8119e-11 0 
0 7.94826e-05 0.000443457 0.000888482 0.00125879 0.00167967 0.00217021 0.00269569 0.00322109 0.00371445 0.00414714 0.00449537 0.00474172 0.00487607 0.00489594 0.00480617 0.00461799 0.00434755 0.00401429 0.0036392 0.00324319 0.00284583 0.0024644 0.0021137 0.00180657 0.00155419 0.00136166 0.00121153 0.00104468 0.000791579 0.000474679 0.000213943 7.36504e-05 2.03418e-05 4.71493e-06 9.39987e-07 1.61248e-07 2.30725e-08 2.50239e-09 1.47536e-10 0 
0 0.000117883 0.000558648 0.00101822 0.00147889 0.00204643 0.00269569 0.00338354 0.00406854 0.00471065 0.00527333 0.00572657 0.00604906 0.0062271 0.00625375 0.00613417 0.00588634 0.00553331 0.00509954 0.00461124 0.00409503 0.00357584 0.00307539 0.00261152 0.00219838 0.00184757 0.00156913 0.00136509 0.00120482 0.00100448 0.000697327 0.00036241 0.000137765 4.00763e-05 9.46601e-06 1.88787e-06 3.21013e-07 4.53437e-08 4.8474e-09 2.81644e-10 0 
0 0.000155216 0.0006438 0.0011351 0.00170821 0.00241819 0.00322109 0.00406854 0.00491133 0.005701 0.00639579 0.00697134 0.00741199 0.00767416 0.00771622 0.00753915 0.00718681 0.00672129 0.00617788 0.00557562 0.00494019 0.00430054 0.00368286 0.00310843 0.00259334 0.00214936 0.00178603 0.00151104 0.0013164 0.0011419 0.000880034 0.000521665 0.000220914 6.85244e-05 1.66498e-05 3.34349e-06 5.66252e-07 7.92641e-08 8.38e-09 4.81244e-10 0 
0 0.000187706 0.000706247 0.00124614 0.00192946 0.00276934 0.00371445 0.00471065 0.005701 0.00663297 0.0074844 0.00825338 0.00882154 0.00911141 0.0091547 0.00896967 0.0085444 0.0079134 0.00720583 0.00647888 0.00572958 0.00497738 0.0042505 0.00357344 0.00296442 0.00243591 0.00199652 0.00165369 0.0014094 0.00122934 0.00100804 0.000664088 0.000311694 0.000103554 2.60302e-05 5.28801e-06 8.95413e-07 1.24625e-07 1.30692e-08 7.4385e-10 0 
0 0.000213649 0.000752982 0.00134675 0.00212624 0.00307815 0.00414714 0.00527333 0.00639579 0.0074844 0.00854861 0.00936412 0.0098116 0.0100166 0.0100458 0.00991359 0.00959667 0.00902594 0.00818392 0.00728595 0.00641993 0.00556757 0.00474545 0.00397909 0.00328864 0.00268744 0.00218363 0.00178322 0.00149083 0.00128906 0.00109018 0.000774777 0.000396916 0.000140733 3.66395e-05 7.54764e-06 1.28114e-06 1.7776e-07 1.85382e-08 1.04829e-09 0 
0 0.000232724 0.000787522 0.00142979 0.00228573 0.00332703 0.00449537 0.00572657 0.00697134 0.00825338 0.00936412 0.0100048 0.0103491 0.0105118 0.0105343 0.0104263 0.0101744 0.00973264 0.00899866 0.00798434 0.00698099 0.00603931 0.00514037 0.0043027 0.00354735 0.00288848 0.00233403 0.00188882 0.00155734 0.00133111 0.00114005 0.000851472 0.000466532 0.000174762 4.69688e-05 9.81037e-06 1.67145e-06 2.31639e-07 2.40742e-08 1.35542e-09 0 
0 0.000245254 0.000810866 0.00148935 0.0023989 0.0035032 0.00474172 0.00604906 0.00741199 0.00882154 0.0098116 0.0103491 0.0106482 0.0107917 0.0108109 0.0107134 0.0104896 0.0101063 0.00948299 0.00850803 0.00739176 0.00637001 0.00541535 0.00452771 0.00372703 0.00302797 0.00243843 0.00196241 0.0016037 0.00135792 0.00116746 0.000898128 0.000515209 0.000200997 5.53817e-05 1.17027e-05 2.0016e-06 2.77399e-07 2.87796e-08 1.61628e-09 0 
0 0.000251737 0.000823052 0.00152184 0.00246058 0.00359927 0.00487607 0.0062271 0.00767416 0.00911141 0.0100166 0.0105118 0.0107917 0.0109267 0.0109439 0.0108503 0.0106377 0.0102778 0.00970228 0.00878309 0.00762219 0.00654538 0.00555898 0.0046446 0.00381984 0.00309949 0.00249143 0.00199919 0.00162599 0.00136911 0.00117775 0.000919673 0.000541298 0.000216349 6.05512e-05 1.28956e-05 2.2125e-06 3.0685e-07 3.18222e-08 1.78554e-09 0 
0 0.000252636 0.000824165 0.00152613 0.00246945 0.0036134 0.00489594 0.00625375 0.00771622 0.0091547 0.0100458 0.0105343 0.0108109 0.0109439 0.01096 0.0108659 0.0106537 0.0102957 0.0097256 0.00881436 0.00764623 0.00655934 0.00556858 0.00465113 0.00382378 0.00310127 0.00249135 0.0019974 0.00162243 0.00136403 0.00117333 0.000919652 0.000545152 0.0002195 6.17634e-05 1.31965e-05 2.26834e-06 3.14945e-07 3.26857e-08 1.83499e-09 0 
0 0.000248322 0.000814775 0.00150337 0.00242772 0.00354907 0.00480617 0.00613417 0.00753915 0.00896967 0.00991359 0.0104263 0.0107134 0.0108503 0.0108659 0.0107674 0.010546 0.0101711 0.00956899 0.00861542 0.00746738 0.0064181 0.00544995 0.00455189 0.00374235 0.00303579 0.00243982 0.0019579 0.0015932 0.00134261 0.00115476 0.000899663 0.000527983 0.000210755 5.90292e-05 1.25961e-05 2.1664e-06 3.01228e-07 3.13191e-08 1.76171e-09 0 
0 0.000239072 0.000795957 0.00145666 0.00234073 0.00341435 0.00461799 0.00588634 0.00718681 0.0085444 0.00959667 0.0101744 0.0104896 0.0106377 0.0106537 0.010546 0.0103034 0.00988735 0.00920676 0.00819126 0.00712029 0.00614018 0.00521626 0.00435736 0.00358365 0.00290908 0.00234111 0.00188351 0.00153988 0.00130502 0.00112112 0.000859536 0.000491537 0.000191802 5.30249e-05 1.12595e-05 1.93605e-06 2.69744e-07 2.81311e-08 1.58788e-09 0 
0 0.000225113 0.000769037 0.00139072 0.00221627 0.00322093 0.00434755 0.00553331 0.00672129 0.0079134 0.00902594 0.00973264 0.0101063 0.0102778 0.0102957 0.0101711 0.00988735 0.00938981 0.00858592 0.00759623 0.00665203 0.00574997 0.00488611 0.00408242 0.00335919 0.00272967 0.00220119 0.00177814 0.00146446 0.00125076 0.00106955 0.000797938 0.000438467 0.000165483 4.49056e-05 9.47091e-06 1.62835e-06 2.27589e-07 2.38445e-08 1.35297e-09 0 
0 0.000206701 0.00073513 0.00131137 0.00206385 0.00298292 0.00401429 0.00509954 0.00617788 0.00720583 0.00818392 0.00899866 0.00948299 0.00970228 0.0097256 0.00956899 0.00920676 0.00858592 0.00776598 0.00692628 0.00609624 0.00527377 0.00448153 0.00374473 0.00308249 0.00250732 0.00202662 0.0016456 0.00136779 0.00117675 0.000994638 0.000713695 0.000373077 0.00013549 3.60429e-05 7.55586e-06 1.30107e-06 1.8278e-07 1.92788e-08 1.10192e-09 0 
0 0.000184236 0.000694564 0.00122496 0.00189398 0.00271562 0.0036392 0.00461124 0.00557562 0.00647888 0.00728595 0.00798434 0.00850803 0.00878309 0.00881436 0.00861542 0.00819126 0.00759623 0.00692628 0.00621629 0.00547879 0.00473925 0.00402606 0.00336298 0.00276761 0.0022518 0.00182326 0.00148791 0.00124718 0.00107521 0.000889072 0.000608278 0.000301972 0.000105888 2.77433e-05 5.80507e-06 1.00459e-06 1.42266e-07 1.5144e-08 8.73814e-10 0 
0 0.000158423 0.000646364 0.00113752 0.00171758 0.00243446 0.00324319 0.00409503 0.00494019 0.00572958 0.00641993 0.00698099 0.00739176 0.00762219 0.00764623 0.00746738 0.00712029 0.00665203 0.00609624 0.00547879 0.00482831 0.00417428 0.00354291 0.00295547 0.00242797 0.00197173 0.00159483 0.00130301 0.00109339 0.000933185 0.000747726 0.000489183 0.00023385 8.04389e-05 2.10091e-05 4.42192e-06 7.72719e-07 1.10634e-07 1.19065e-08 6.94215e-10 0 
0 0.000130406 0.000588184 0.00105318 0.00154548 0.00215415 0.00284583 0.00357584 0.00430054 0.00497738 0.00556757 0.00603931 0.00637001 0.00654538 0.00655934 0.0064181 0.00614018 0.00574997 0.00527377 0.00473925 0.00417428 0.00360484 0.00305355 0.00253896 0.00207549 0.00167392 0.00134211 0.00108381 0.000892833 0.000741461 0.00057756 0.000371713 0.000177725 6.18366e-05 1.6397e-05 3.50172e-06 6.19713e-07 8.96883e-08 9.74104e-09 5.72369e-10 0 
0 0.00010182 0.000517193 0.000971966 0.00138766 0.0018883 0.0024644 0.00307539 0.00368286 0.0042505 0.00474545 0.00514037 0.00541535 0.00555898 0.00556858 0.00544995 0.00521626 0.00488611 0.00448153 0.00402606 0.00354291 0.00305355 0.00257673 0.00212817 0.00172084 0.00136553 0.00107007 0.000836444 0.000659405 0.000525807 0.000407823 0.000273927 0.000139347 5.1052e-05 1.398e-05 3.03662e-06 5.41748e-07 7.86718e-08 8.55285e-09 5.02353e-10 0 
0 7.46389e-05 0.000432208 0.000887297 0.00125111 0.0016494 0.0021137 0.00261152 0.00310843 0.00357344 0.00397909 0.0043027 0.00452771 0.0046446 0.00465113 0.00455189 0.00435736 0.00408242 0.00374473 0.00336298 0.00295547 0.00253896 0.00212817 0.0017363 0.00137785 0.00107265 0.000839777 0.000672316 0.000533362 0.000402564 0.000294431 0.000206483 0.000117336 4.68952e-05 1.3367e-05 2.93024e-06 5.20183e-07 7.47853e-08 8.03886e-09 4.669e-10 0 
0 5.08184e-05 0.000336442 0.000786007 0.00113489 0.0014481 0.00180657 0.00219838 0.00259334 0.00296442 0.00328864 0.00354735 0.00372703 0.00381984 0.00382378 0.00374235 0.00358365 0.00335919 0.00308249 0.00276761 0.00242797 0.00207549 0.00172084 0.00137785 0.00108026 0.000899798 0.000890193 0.000963024 0.00091563 0.000672751 0.000382769 0.000198473 0.000107351 4.6415e-05 1.37689e-05 3.01337e-06 5.25268e-07 7.3883e-08 7.7766e-09 4.43136e-10 0 
0 3.18023e-05 0.000238832 0.000654666 0.00102317 0.00128848 0.00155419 0.00184757 0.00214936 0.00243591 0.00268744 0.00288848 0.00302797 0.00309949 0.00310127 0.00303579 0.00290908 0.00272967 0.00250732 0.0022518 0.00197173 0.00167392 0.00136553 0.00107265 0.000899798 0.00105684 0.0016661 0.002502 0.00292754 0.00189361 0.000963428 0.000356853 0.000123724 4.76946e-05 1.42589e-05 3.07794e-06 5.22487e-07 7.15264e-08 7.34752e-09 4.09899e-10 0 
0 1.81258e-05 0.000151672 0.000492938 0.000884464 0.00115625 0.00136166 0.00156913 0.00178603 0.00199652 0.00218363 0.00233403 0.00243843 0.00249143 0.00249135 0.00243982 0.00234111 0.00220119 0.00202662 0.00182326 0.00159483 0.00134211 0.00107007 0.000839777 0.000890193 0.0016661 0.00360064 0.00649475 0.0068768 0.00523352 0.00222397 0.000752623 0.000191605 5.21551e-05 1.41929e-05 2.94674e-06 4.84097e-07 6.45263e-08 6.48507e-09 3.55213e-10 0 
0 9.34367e-06 8.4964e-05 0.000323147 0.000692004 0.00100783 0.00121153 0.00136509 0.00151104 0.00165369 0.00178322 0.00188882 0.00196241 0.00199919 0.0019974 0.0019579 0.00188351 0.00177814 0.0016456 0.00148791 0.00130301 0.00108381 0.000836444 0.000672316 0.000963024 0.002502 0.00649475 0.0075161 0.00764648 0.00715827 0.00441326 0.00120634 0.000278849 5.79468e-05 1.31798e-05 2.5424e-06 4.01867e-07 5.2374e-08 5.18316e-09 2.80496e-10 0 
0 4.33814e-06 4.16913e-05 0.00017973 0.000460569 0.000791412 0.00104468 0.00120482 0.0013164 0.0014094 0.00149083 0.00155734 0.0016037 0.00162599 0.00162243 0.0015932 0.00153988 0.00146446 0.00136779 0.00124718 0.00109339 0.000892833 0.000659405 0.000533362 0.00091563 0.00292754 0.0068768 0.00764648 0.00774945 0.00735639 0.00525728 0.00132974 0.000299237 5.55076e-05 1.08136e-05 1.9117e-06 2.91049e-07 3.73909e-08 3.67718e-09 1.98251e-10 0 
0 1.81143e-06 1.79205e-05 8.40957e-05 0.000249882 0.000513708 0.000791579 0.00100448 0.0011419 0.00122934 0.00128906 0.00133111 0.00135792 0.00136911 0.00136403 0.00134261 0.00130502 0.00125076 0.00117675 0.00107521 0.000933185 0.000741461 0.000525807 0.000402564 0.000672751 0.00189361 0.00523352 0.00715827 0.00735639 0.00674659 0.00319752 0.000984286 0.000221816 4.05935e-05 7.30812e-06 1.21187e-06 1.80498e-07 2.31597e-08 2.28831e-09 1.24056e-10 0 
0 6.80657e-07 6.78208e-06 3.33358e-05 0.000109439 0.000260878 0.000474679 0.000697327 0.000880034 0.00100804 0.00109018 0.00114005 0.00116746 0.00117775 0.00117333 0.00115476 0.00112112 0.00106955 0.000994638 0.000889072 0.000747726 0.00057756 0.000407823 0.000294431 0.000382769 0.000963428 0.00222397 0.00441326 0.00525728 0.00319752 0.00147768 0.000489026 0.000113404 2.18522e-05 3.88176e-06 6.32813e-07 9.48684e-08 1.23626e-08 1.24152e-09 6.83157e-11 0 
0 2.30518e-07 2.27626e-06 1.1369e-05 3.93662e-05 0.000103271 0.000213943 0.00036241 0.000521665 0.000664088 0.000774777 0.000851472 0.000898128 0.000919673 0.000919652 0.000899663 0.000859536 0.000797938 0.000713695 0.000608278 0.000489183 0.000371713 0.000273927 0.000206483 0.000198473 0.000356853 0.000752623 0.00120634 0.00132974 0.000984286 0.000489026 0.000165788 4.16922e-05 8.74907e-06 1.6085e-06 2.71517e-07 4.2243e-08 5.68151e-09 5.86104e-10 3.30147e-11 0 
0 7.04563e-08 6.82052e-07 3.39052e-06 1.19604e-05 3.29113e-05 7.36504e-05 0.000137765 0.000220914 0.000311694 0.000396916 0.000466532 0.000515209 0.000541298 0.000545152 0.000527983 0.000491537 0.000438467 0.000373077 0.000301972 0.00023385 0.000177725 0.000139347 0.000117336 0.000107351 0.000123724 0.000191605 0.000278849 0.000299237 0.000221816 0.000113404 4.16922e-05 1.17755e-05 2.69638e-06 5.35211e-07 9.73851e-08 1.60545e-08 2.25397e-09 2.40849e-10 1.39871e-11 0 
0 1.94301e-08 1.83189e-07 8.9495e-07 3.14643e-06 8.78492e-06 2.03418e-05 4.00763e-05 6.85244e-05 0.000103554 0.000140733 0.000174762 0.000200997 0.000216349 0.0002195 0.000210755 0.000191802 0.000165483 0.00013549 0.000105888 8.04389e-05 6.18366e-05 5.1052e-05 4.68952e-05 4.6415e-05 4.76946e-05 5.21551e-05 5.79468e-05 5.55076e-05 4.05935e-05 2.18522e-05 8.74907e-06 2.69638e-06 6.79683e-07 1.50088e-07 2.9891e-08 5.25566e-09 7.74612e-10 8.62254e-11 5.19046e-12 0 
0 4.81842e-09 4.40891e-08 2.10215e-07 7.27539e-07 2.02155e-06 4.71493e-06 9.46601e-06 1.66498e-05 2.60302e-05 3.66395e-05 4.69688e-05 5.53817e-05 6.05512e-05 6.17634e-05 5.90292e-05 5.30249e-05 4.49056e-05 3.60429e-05 2.77433e-05 2.10091e-05 1.6397e-05 1.398e-05 1.3367e-05 1.37689e-05 1.42589e-05 1.41929e-05 1.31798e-05 1.08136e-05 7.30812e-06 3.88176e-06 1.6085e-06 5.35211e-07 1.50088e-07 3.68339e-08 7.96607e-09 1.48968e-09 2.30912e-10 2.68668e-11 1.68251e-12 0 
0 1.06485e-09 9.44273e-09 4.37955e-08 1.48283e-07 4.05929e-07 9.39987e-07 1.88787e-06 3.34349e-06 5.28801e-06 7.54764e-06 9.81037e-06 1.17027e-05 1.28956e-05 1.31965e-05 1.25961e-05 1.12595e-05 9.47091e-06 7.55586e-06 5.80507e-06 4.42192e-06 3.50172e-06 3.03662e-06 2.93024e-06 3.01337e-06 3.07794e-06 2.94674e-06 2.5424e-06 1.9117e-06 1.21187e-06 6.32813e-07 2.71517e-07 9.73851e-08 2.9891e-08 7.96607e-09 1.84308e-09 3.64767e-10 5.94641e-11 7.24289e-12 4.72851e-13 0 
0 2.05635e-10 1.76707e-09 7.96388e-09 2.63093e-08 7.06262e-08 1.61248e-07 3.21013e-07 5.66252e-07 8.95413e-07 1.28114e-06 1.67145e-06 2.0016e-06 2.2125e-06 2.26834e-06 2.1664e-06 1.93605e-06 1.62835e-06 1.30107e-06 1.00459e-06 7.72719e-07 6.19713e-07 5.41748e-07 5.20183e-07 5.25268e-07 5.22487e-07 4.84097e-07 4.01867e-07 2.91049e-07 1.80498e-07 9.48684e-08 4.2243e-08 1.60545e-08 5.25566e-09 1.48968e-09 3.64767e-10 7.60984e-11 1.30328e-11 1.662e-12 1.13199e-13 0 
0 3.32636e-11 2.77216e-10 1.21435e-09 3.91189e-09 1.028e-08 2.30725e-08 4.53437e-08 7.92641e-08 1.24625e-07 1.7776e-07 2.31639e-07 2.77399e-07 3.0685e-07 3.14945e-07 3.01228e-07 2.69744e-07 2.27589e-07 1.8278e-07 1.42266e-07 1.10634e-07 8.96883e-08 7.86718e-08 7.47853e-08 7.3883e-08 7.15264e-08 6.45263e-08 5.2374e-08 3.73909e-08 2.31597e-08 1.23626e-08 5.68151e-09 2.25397e-09 7.74612e-10 2.30912e-10 5.94641e-11 1.30328e-11 2.34045e-12 3.12186e-13 2.21774e-14 0 
0 4.07063e-12 3.29439e-11 1.40414e-10 4.41311e-10 1.13512e-09 2.50239e-09 4.8474e-09 8.38e-09 1.30692e-08 1.85382e-08 2.40742e-08 2.87796e-08 3.18222e-08 3.26857e-08 3.13191e-08 2.81311e-08 2.38445e-08 1.92788e-08 1.5144e-08 1.19065e-08 9.74104e-09 8.55285e-09 8.03886e-09 7.7766e-09 7.34752e-09 6.48507e-09 5.18316e-09 3.67718e-09 2.28831e-09 1.24152e-09 5.86104e-10 2.40849e-10 8.62254e-11 2.68668e-11 7.24289e-12 1.662e-12 3.12186e-13 4.34815e-14 3.21845e-15 0 
0 2.69381e-13 2.12055e-12 8.80716e-12 2.70371e-11 6.8119e-11 1.47536e-10 2.81644e-10 4.81244e-10 7.4385e-10 1.04829e-09 1.35542e-09 1.61628e-09 1.78554e-09 1.83499e-09 1.76171e-09 1.58788e-09 1.35297e-09 1.10192e-09 8.73814e-10 6.94215e-10 5.72369e-10 5.02353e-10 4.669e-10 4.43136e-10 4.09899e-10 3.55213e-10 2.80496e-10 1.98251e-10 1.24056e-10 6.83157e-11 3.30147e-11 1.39871e-11 5.19046e-12 1.68251e-12 4.72851e-13 1.13199e-13 2.21774e-14 3.21845e-15 2.47842e-16 0 
0 0 0 0 0 0 0 0 0 0 0 0 0 0 0 0 0 0 0 0 0 0 0 0 0 0 0 0 0 0 0 0 0 0 0 0 0 0 0 0 0 
