0 0 0 0 0 0 0 0 0 0 0 0 0 0 0 0 0 0 0 0 0 0 0 0 0 0 0 0 0 0 0 0 0 0 0 0 0 0 0 0 0 
0 1.79815e-07 1.56729e-06 6.60848e-06 1.86616e-05 3.94852e-05 6.71649e-05 9.72076e-05 0.000125317 0.000148968 0.000167329 0.000180528 0.000189045 0.000193379 0.000193921 0.000190942 0.000184602 0.000174984 0.00016215 0.000146233 0.000127564 0.000106807 8.50443e-05 6.37286e-05 4.44453e-05 2.85303e-05 1.66887e-05 8.82523e-06 4.19743e-06 1.79159e-06 6.86371e-07 2.36358e-07 7.3264e-08 2.04419e-08 5.11825e-09 1.14e-09 2.21542e-10 3.6019e-11 4.42575e-12 2.93836e-13 0 
0 1.56729e-06 1.37575e-05 5.52324e-05 0.000138843 0.00024824 0.000350497 0.000427784 0.000481811 0.000520534 0.000549697 0.00057164 0.000586704 0.000594607 0.000595229 0.000588914 0.00057647 0.000558966 0.000537381 0.000512121 0.000482529 0.000446624 0.000401511 0.000344846 0.000277193 0.000203913 0.000134428 7.81351e-05 3.96774e-05 1.75759e-05 6.82144e-06 2.33667e-06 7.11575e-07 1.93559e-07 4.70486e-08 1.01545e-08 1.91166e-09 3.0129e-10 3.59335e-11 2.31945e-12 0 
0 6.60848e-06 5.52324e-05 0.000192238 0.000386756 0.000548988 0.000656022 0.000737828 0.000815679 0.000892514 0.000963363 0.00102226 0.00106464 0.00108779 0.00109084 0.00107461 0.00104134 0.000994435 0.000938196 0.000877426 0.000816907 0.000760419 0.000709015 0.000658784 0.000599625 0.000518338 0.000408499 0.000281582 0.000164587 8.05082e-05 3.30979e-05 1.16088e-05 3.53467e-06 9.47214e-07 2.24951e-07 4.72434e-08 8.64164e-09 1.32344e-09 1.53523e-10 9.65268e-12 0 
0 1.86616e-05 0.000138843 0.000386756 0.000614373 0.000765849 0.000903855 0.00105787 0.00122096 0.00137889 0.00151948 0.00163344 0.00171431 0.00175839 0.00176473 0.00173491 0.00167274 0.0015838 0.00147489 0.00135353 0.00122761 0.00110506 0.000993614 0.000899636 0.000824781 0.00076001 0.000681637 0.000561547 0.000397189 0.000229053 0.000105757 3.96185e-05 1.23894e-05 3.32402e-06 7.78876e-07 1.60184e-07 2.85974e-08 4.27045e-09 4.83223e-10 2.96692e-11 0 
0 3.94852e-05 0.00024824 0.000548988 0.000765849 0.000964694 0.00120073 0.00146247 0.0017281 0.00197903 0.00219972 0.00237757 0.00250347 0.00257212 0.00258222 0.00253625 0.00243997 0.00230175 0.00213166 0.00194065 0.00173973 0.00153942 0.00134953 0.00117929 0.00103734 0.000929339 0.000849409 0.000768211 0.000638689 0.000444591 0.000241942 0.000101377 3.36491e-05 9.22569e-06 2.15944e-06 4.38329e-07 7.6795e-08 1.12287e-08 1.24363e-09 7.47845e-11 0 
0 6.71649e-05 0.000350497 0.000656022 0.000903855 0.00120073 0.00155091 0.0019264 0.00230187 0.00265443 0.00296364 0.0032125 0.00338857 0.00348462 0.00349883 0.00343464 0.00330013 0.00310686 0.00286871 0.00260065 0.00231766 0.00203369 0.00176112 0.00151054 0.00129131 0.00111236 0.00098041 0.000888903 0.000798778 0.000646139 0.00041891 0.000203012 7.3838e-05 2.11476e-05 5.01235e-06 1.01281e-06 1.75164e-07 2.51907e-08 2.74084e-09 1.61931e-10 0 
0 9.72076e-05 0.000427784 0.000737828 0.00105787 0.00146247 0.0019264 0.00241795 0.00290747 0.00336634 0.00376855 0.00409337 0.00432733 0.0044599 0.00448037 0.00439072 0.00420895 0.0039547 0.00364429 0.0032953 0.0029264 0.00255538 0.00219775 0.00186626 0.00157104 0.00132058 0.00112323 0.000984534 0.000890288 0.000781594 0.000585746 0.000330781 0.000134746 4.10984e-05 9.99199e-06 2.02661e-06 3.47997e-07 4.94411e-08 5.30404e-09 3.08858e-10 0 
0 0.000125317 0.000481811 0.000815679 0.00122096 0.0017281 0.00230187 0.00290747 0.00350975 0.00407435 0.00457504 0.00501127 0.00537268 0.00559035 0.00562608 0.00548234 0.00518961 0.00481848 0.00441704 0.00398463 0.00353038 0.00307326 0.00263186 0.00222136 0.00185326 0.00153602 0.00127679 0.00108306 0.000955485 0.000859541 0.000708779 0.00045812 0.000210286 6.9156e-05 1.74221e-05 3.57194e-06 6.12073e-07 8.62555e-08 9.1553e-09 5.27045e-10 0 
0 0.000148968 0.000520534 0.000892514 0.00137889 0.00197903 0.00265443 0.00336634 0.00407435 0.00474633 0.00540322 0.00601841 0.00640802 0.00658488 0.00661111 0.00650127 0.00622898 0.00575567 0.00517894 0.00463335 0.00409469 0.00355695 0.00303751 0.00255366 0.00211844 0.00174076 0.00142687 0.00118295 0.00101453 0.000906654 0.00078644 0.000563697 0.000288907 0.000102773 2.69799e-05 5.61869e-06 9.64594e-07 1.35293e-07 1.42512e-08 8.13312e-10 0 
0 0.000167329 0.000549697 0.000963363 0.00151948 0.00219972 0.00296364 0.00376855 0.00457504 0.00540322 0.00622952 0.00673079 0.00698566 0.00710391 0.00712124 0.00704533 0.00686375 0.0065326 0.00595585 0.00523602 0.00459055 0.00397883 0.00339121 0.00284355 0.00235014 0.00192051 0.0015605 0.0012748 0.00106924 0.000939647 0.000831922 0.000640005 0.000359332 0.00013748 3.76232e-05 7.97565e-06 1.37526e-06 1.92483e-07 2.01731e-08 1.14412e-09 0 
0 0.000180528 0.00057164 0.00102226 0.00163344 0.00237757 0.0032125 0.00409337 0.00501127 0.00601841 0.00673079 0.00709645 0.00729675 0.00739282 0.00740662 0.00734342 0.00719609 0.00693971 0.00650955 0.00579312 0.00500486 0.00431684 0.00367345 0.00307481 0.00253502 0.00206417 0.00166796 0.00135001 0.00111517 0.000964111 0.00085758 0.000689476 0.000414451 0.000168437 4.78316e-05 1.03145e-05 1.78825e-06 2.50196e-07 2.6143e-08 1.47661e-09 0 
0 0.000189045 0.000586704 0.00106464 0.00171431 0.00250347 0.00338857 0.00432733 0.00537268 0.00640802 0.00698566 0.00729675 0.00747334 0.00755923 0.00757118 0.00751353 0.00738111 0.00715597 0.00679326 0.00618106 0.00532645 0.00455597 0.00387005 0.0032356 0.00266342 0.00216386 0.00174256 0.00140251 0.00114756 0.000980233 0.000870669 0.000717728 0.000451571 0.00019176 5.60303e-05 1.22528e-05 2.13522e-06 2.98937e-07 3.11911e-08 1.75762e-09 0 
0 0.000193379 0.000594607 0.00108779 0.00175839 0.00257212 0.00348462 0.0044599 0.00559035 0.00658488 0.00710391 0.00739282 0.00755923 0.00764047 0.00765132 0.0075957 0.00746921 0.00725647 0.00691997 0.00636393 0.00551287 0.00468511 0.00397283 0.00331914 0.00272974 0.00221497 0.00178044 0.00142876 0.00116317 0.000986775 0.000874508 0.000729649 0.00047071 0.000205098 6.09907e-05 1.34603e-05 2.35466e-06 3.30014e-07 3.44256e-08 1.93828e-09 0 
0 0.000193921 0.000595229 0.00109084 0.00176473 0.00258222 0.00349883 0.00448037 0.00562608 0.00661111 0.00712124 0.00740662 0.00757118 0.00765132 0.00766148 0.00760552 0.00747911 0.00726727 0.00693347 0.00638457 0.00553471 0.0046961 0.00397973 0.0033238 0.00273256 0.00221624 0.00178038 0.00142747 0.00116056 0.000982785 0.000870297 0.000728192 0.000472876 0.000207576 6.20779e-05 1.3748e-05 2.40975e-06 3.38125e-07 3.52973e-08 1.98838e-09 0 
0 0.000190942 0.000588914 0.00107461 0.00173491 0.00253625 0.00343464 0.00439072 0.00548234 0.00650127 0.00704533 0.00734342 0.00751353 0.0075957 0.00760552 0.00754703 0.00741547 0.00719426 0.00684263 0.00625667 0.00539404 0.00459226 0.00389484 0.00325289 0.00267437 0.00216945 0.00174356 0.00139926 0.0011398 0.000968024 0.000858143 0.000714363 0.000459112 0.000199538 5.93223e-05 1.31098e-05 2.2981e-06 3.22833e-07 3.37555e-08 1.90493e-09 0 
0 0.000184602 0.00057647 0.00104134 0.00167274 0.00243997 0.00330013 0.00420895 0.00518961 0.00622898 0.00686375 0.00719609 0.00738111 0.00746921 0.00747911 0.00741547 0.00727219 0.00702848 0.00663142 0.00596033 0.00511894 0.00439014 0.00372772 0.00311387 0.00256096 0.0020789 0.00167302 0.00134614 0.00110206 0.000942681 0.000837196 0.000687455 0.000430321 0.000182331 5.33559e-05 1.17118e-05 2.05038e-06 2.88438e-07 3.02384e-08 1.71181e-09 0 
0 0.000174984 0.000558966 0.000994435 0.0015838 0.00230175 0.00310686 0.0039547 0.00481848 0.00575567 0.0065326 0.00693971 0.00715597 0.00725647 0.00726727 0.00719426 0.00702848 0.00673915 0.00624617 0.00549375 0.00476243 0.00410956 0.00349174 0.00291739 0.00240056 0.00195068 0.00157303 0.00127095 0.00104889 0.000906557 0.000805118 0.000645371 0.000387692 0.000158201 4.52531e-05 9.83923e-06 1.71967e-06 2.42446e-07 2.55176e-08 1.45135e-09 0 
0 0.00016215 0.000537381 0.000938196 0.00147489 0.00213166 0.00286871 0.00364429 0.00441704 0.00517894 0.00595585 0.00650955 0.00679326 0.00691997 0.00693347 0.00684263 0.00663142 0.00624617 0.00563042 0.00496546 0.00435794 0.00376881 0.00320261 0.00267607 0.00220282 0.00179179 0.00144831 0.00117646 0.00098111 0.000857598 0.000757191 0.000585378 0.000333548 0.000130181 3.63107e-05 7.82027e-06 1.36608e-06 1.93337e-07 2.04666e-08 1.17172e-09 0 
0 0.000146233 0.000512121 0.000877426 0.00135353 0.00194065 0.00260065 0.0032953 0.00398463 0.00463335 0.00523602 0.00579312 0.00618106 0.00636393 0.00638457 0.00625667 0.00596033 0.00549375 0.00496546 0.00444423 0.00391539 0.00338678 0.00287711 0.00240326 0.0019778 0.0016092 0.00130304 0.00106426 0.000896979 0.000789781 0.000685973 0.000505995 0.000272303 0.000101821 2.77973e-05 5.95165e-06 1.0423e-06 1.48463e-07 1.58427e-08 9.14752e-10 0 
0 0.000127564 0.000482529 0.000816907 0.00122761 0.00173973 0.00231766 0.0029264 0.00353038 0.00409469 0.00459055 0.00500486 0.00532645 0.00551287 0.00553471 0.00539404 0.00511894 0.00476243 0.00435794 0.00391539 0.00345043 0.00298304 0.00253185 0.00211205 0.00173509 0.00140907 0.00113996 0.000932988 0.000789584 0.000691682 0.000583791 0.000410391 0.000210868 7.66508e-05 2.07211e-05 4.44402e-06 7.83855e-07 1.12691e-07 1.2144e-08 7.07972e-10 0 
0 0.000106807 0.000446624 0.000760419 0.00110506 0.00153942 0.00203369 0.00255538 0.00307326 0.00355695 0.00397883 0.00431684 0.00455597 0.00468511 0.0046961 0.00459226 0.00439014 0.00410956 0.00376881 0.00338678 0.00298304 0.0025761 0.00218213 0.0018144 0.0014832 0.00119631 0.000959687 0.000777268 0.000647179 0.000552197 0.000451596 0.000309735 0.000157543 5.74219e-05 1.56685e-05 3.39797e-06 6.05839e-07 8.79559e-08 9.56167e-09 5.61731e-10 0 
0 8.50443e-05 0.000401511 0.000709015 0.000993614 0.00134953 0.00176112 0.00219775 0.00263186 0.00303751 0.00339121 0.00367345 0.00387005 0.00397283 0.00397973 0.00389484 0.00372772 0.00349174 0.00320261 0.00287711 0.00253185 0.00218213 0.00184139 0.00152084 0.00122979 0.000976054 0.000765512 0.000600025 0.00047669 0.000387494 0.000312128 0.000221119 0.00011872 4.5338e-05 1.27428e-05 2.80786e-06 5.04624e-07 7.35452e-08 8.00933e-09 4.70824e-10 0 
0 6.37286e-05 0.000344846 0.000658784 0.000899636 0.00117929 0.00151054 0.00186626 0.00222136 0.00255366 0.00284355 0.00307481 0.0032356 0.00331914 0.0033238 0.00325289 0.00311387 0.00291739 0.00267607 0.00240326 0.00211205 0.0018144 0.00152084 0.00124083 0.000984757 0.0007668 0.00060049 0.000480905 0.000381912 0.00028961 0.000215759 0.000157911 9.4654e-05 3.95175e-05 1.15843e-05 2.58013e-06 4.62023e-07 6.67504e-08 7.197e-09 4.18904e-10 0 
0 4.44453e-05 0.000277193 0.000599625 0.000824781 0.00103734 0.00129131 0.00157104 0.00185326 0.00211844 0.00235014 0.00253502 0.00266342 0.00272974 0.00273256 0.00267437 0.00256096 0.00240056 0.00220282 0.0019778 0.00173509 0.0014832 0.00122979 0.000984757 0.000772137 0.000643092 0.000636168 0.000688202 0.000654334 0.000480784 0.000273818 0.000143998 8.1822e-05 3.73232e-05 1.14605e-05 2.55608e-06 4.50093e-07 6.3678e-08 6.72793e-09 3.84476e-10 0 
0 2.85303e-05 0.000203913 0.000518338 0.00076001 0.000929339 0.00111236 0.00132058 0.00153602 0.00174076 0.00192051 0.00206417 0.00216386 0.00221497 0.00221624 0.00216945 0.0020789 0.00195068 0.00179179 0.0016092 0.00140907 0.00119631 0.000976054 0.0007668 0.000643092 0.000755247 0.00119063 0.00186851 0.00223373 0.00135612 0.000688488 0.000255141 9.00643e-05 3.68041e-05 1.15253e-05 2.54809e-06 4.37608e-07 6.02766e-08 6.21588e-09 3.47776e-10 0 
0 1.66887e-05 0.000134428 0.000408499 0.000681637 0.000849409 0.00098041 0.00112323 0.00127679 0.00142687 0.0015605 0.00166796 0.00174256 0.00178044 0.00178038 0.00174356 0.00167302 0.00157303 0.00144831 0.00130304 0.00113996 0.000959687 0.000765512 0.00060049 0.000636168 0.00119063 0.00268816 0.0046283 0.00480722 0.00389134 0.00159196 0.000537844 0.000137276 3.88675e-05 1.1206e-05 2.40088e-06 3.99936e-07 5.36506e-08 5.41168e-09 2.972e-10 0 
0 8.82523e-06 7.81351e-05 0.000281582 0.000561547 0.000768211 0.000888903 0.000984534 0.00108306 0.00118295 0.0012748 0.00135001 0.00140251 0.00142876 0.00142747 0.00139926 0.00134614 0.00127095 0.00117646 0.00106426 0.000932988 0.000777268 0.000600025 0.000480905 0.000688202 0.00186851 0.0046283 0.00520527 0.00527603 0.0049716 0.00330217 0.000862132 0.000199353 4.23331e-05 1.02151e-05 2.0485e-06 3.29245e-07 4.32008e-08 4.2897e-09 2.32675e-10 0 
0 4.19743e-06 3.96774e-05 0.000164587 0.000397189 0.000638689 0.000798778 0.000890288 0.000955485 0.00101453 0.00106924 0.00111517 0.00114756 0.00116317 0.00116056 0.0011398 0.00110206 0.00104889 0.00098111 0.000896979 0.000789584 0.000647179 0.00047669 0.000381912 0.000654334 0.00223373 0.00480722 0.00527603 0.0053389 0.00509834 0.00389976 0.000953886 0.000213887 4.02957e-05 8.29259e-06 1.52942e-06 2.37262e-07 3.06958e-08 3.02801e-09 1.63568e-10 0 
0 1.79159e-06 1.75759e-05 8.05082e-05 0.000229053 0.000444591 0.000646139 0.000781594 0.000859541 0.000906654 0.000939647 0.000964111 0.000980233 0.000986775 0.000982785 0.000968024 0.000942681 0.000906557 0.000857598 0.000789781 0.000691682 0.000552197 0.000387494 0.00028961 0.000480784 0.00135612 0.00389134 0.0049716 0.00509834 0.00473372 0.00239085 0.000703394 0.000158589 2.9534e-05 5.59729e-06 9.67059e-07 1.46773e-07 1.89602e-08 1.87843e-09 1.02001e-10 0 
0 6.86371e-07 6.82144e-06 3.30979e-05 0.000105757 0.000241942 0.00041891 0.000585746 0.000708779 0.00078644 0.000831922 0.00085758 0.000870669 0.000874508 0.000870297 0.000858143 0.000837196 0.000805118 0.000757191 0.000685973 0.000583791 0.000451596 0.000312128 0.000215759 0.000273818 0.000688488 0.00159196 0.00330217 0.00389976 0.00239085 0.00105599 0.000349474 8.12389e-05 1.60635e-05 2.99411e-06 5.05928e-07 7.71045e-08 1.01057e-08 1.01713e-09 5.60432e-11 0 
0 2.36358e-07 2.33667e-06 1.16088e-05 3.96185e-05 0.000101377 0.000203012 0.000330781 0.00045812 0.000563697 0.000640005 0.000689476 0.000717728 0.000729649 0.000728192 0.000714363 0.000687455 0.000645371 0.000585378 0.000505995 0.000410391 0.000309735 0.000221119 0.000157911 0.000143998 0.000255141 0.000537844 0.000862132 0.000953886 0.000703394 0.000349474 0.000118579 3.01605e-05 6.55704e-06 1.25687e-06 2.18162e-07 3.43606e-08 4.6409e-09 4.79567e-10 2.70427e-11 0 
0 7.3264e-08 7.11575e-07 3.53467e-06 1.23894e-05 3.36491e-05 7.3838e-05 0.000134746 0.000210286 0.000288907 0.000359332 0.000414451 0.000451571 0.00047071 0.000472876 0.000459112 0.000430321 0.000387692 0.000333548 0.000272303 0.000210868 0.000157543 0.00011872 9.4654e-05 8.1822e-05 9.00643e-05 0.000137276 0.000199353 0.000213887 0.000158589 8.12389e-05 3.01605e-05 8.73895e-06 2.07352e-06 4.24654e-07 7.87093e-08 1.30748e-08 1.84055e-09 1.96911e-10 1.14453e-11 0 
0 2.04419e-08 1.93559e-07 9.47214e-07 3.32402e-06 9.22569e-06 2.11476e-05 4.10984e-05 6.9156e-05 0.000102773 0.00013748 0.000168437 0.00019176 0.000205098 0.000207576 0.000199538 0.000182331 0.000158201 0.000130181 0.000101821 7.66508e-05 5.74219e-05 4.5338e-05 3.95175e-05 3.73232e-05 3.68041e-05 3.88675e-05 4.23331e-05 4.02957e-05 2.9534e-05 1.60635e-05 6.55704e-06 2.07352e-06 5.363e-07 1.20686e-07 2.42732e-08 4.28455e-09 6.32441e-10 7.04593e-11 4.24427e-12 0 
0 5.11825e-09 4.70486e-08 2.24951e-07 7.78876e-07 2.15944e-06 5.01235e-06 9.99199e-06 1.74221e-05 2.69799e-05 3.76232e-05 4.78316e-05 5.60303e-05 6.09907e-05 6.20779e-05 5.93223e-05 5.33559e-05 4.52531e-05 3.63107e-05 2.77973e-05 2.07211e-05 1.56685e-05 1.27428e-05 1.15843e-05 1.14605e-05 1.15253e-05 1.1206e-05 1.02151e-05 8.29259e-06 5.59729e-06 2.99411e-06 1.25687e-06 4.24654e-07 1.20686e-07 2.98727e-08 6.48717e-09 1.21518e-09 1.8852e-10 2.19475e-11 1.37517e-12 0 
0 1.14e-09 1.01545e-08 4.72434e-08 1.60184e-07 4.38329e-07 1.01281e-06 2.02661e-06 3.57194e-06 5.61869e-06 7.97565e-06 1.03145e-05 1.22528e-05 1.34603e-05 1.3748e-05 1.31098e-05 1.17118e-05 9.83923e-06 7.82027e-06 5.95165e-06 4.44402e-06 3.39797e-06 2.80786e-06 2.58013e-06 2.55608e-06 2.54809e-06 2.40088e-06 2.0485e-06 1.52942e-06 9.67059e-07 5.05928e-07 2.18162e-07 7.87093e-08 2.42732e-08 6.48717e-09 1.50298e-09 2.97664e-10 4.85478e-11 5.91573e-12 3.86366e-13 0 
0 2.21542e-10 1.91166e-09 8.64164e-09 2.85974e-08 7.6795e-08 1.75164e-07 3.47997e-07 6.12073e-07 9.64594e-07 1.37526e-06 1.78825e-06 2.13522e-06 2.35466e-06 2.40975e-06 2.2981e-06 2.05038e-06 1.71967e-06 1.36608e-06 1.0423e-06 7.83855e-07 6.05839e-07 5.04624e-07 4.62023e-07 4.50093e-07 4.37608e-07 3.99936e-07 3.29245e-07 2.37262e-07 1.46773e-07 7.71045e-08 3.43606e-08 1.30748e-08 4.28455e-09 1.21518e-09 2.97664e-10 6.21164e-11 1.0641e-11 1.35738e-12 9.24802e-14 0 
0 3.6019e-11 3.0129e-10 1.32344e-09 4.27045e-09 1.12287e-08 2.51907e-08 4.94411e-08 8.62555e-08 1.35293e-07 1.92483e-07 2.50196e-07 2.98937e-07 3.30014e-07 3.38125e-07 3.22833e-07 2.88438e-07 2.42446e-07 1.93337e-07 1.48463e-07 1.12691e-07 8.79559e-08 7.35452e-08 6.67504e-08 6.3678e-08 6.02766e-08 5.36506e-08 4.32008e-08 3.06958e-08 1.89602e-08 1.01057e-08 4.6409e-09 1.84055e-09 6.32441e-10 1.8852e-10 4.85478e-11 1.0641e-11 1.91119e-12 2.54974e-13 1.81171e-14 0 
0 4.42575e-12 3.59335e-11 1.53523e-10 4.83223e-10 1.24363e-09 2.74084e-09 5.30404e-09 9.1553e-09 1.42512e-08 2.01731e-08 2.6143e-08 3.11911e-08 3.44256e-08 3.52973e-08 3.37555e-08 3.02384e-08 2.55176e-08 2.04666e-08 1.58427e-08 1.2144e-08 9.56167e-09 8.00933e-09 7.197e-09 6.72793e-09 6.21588e-09 5.41168e-09 4.2897e-09 3.02801e-09 1.87843e-09 1.01713e-09 4.79567e-10 1.96911e-10 7.04593e-11 2.19475e-11 5.91573e-12 1.35738e-12 2.54974e-13 3.55162e-14 2.62923e-15 0 
0 2.93836e-13 2.31945e-12 9.65268e-12 2.96692e-11 7.47845e-11 1.61931e-10 3.08858e-10 5.27045e-10 8.13312e-10 1.14412e-09 1.47661e-09 1.75762e-09 1.93828e-09 1.98838e-09 1.90493e-09 1.71181e-09 1.45135e-09 1.17172e-09 9.14752e-10 7.07972e-10 5.61731e-10 4.70824e-10 4.18904e-10 3.84476e-10 3.47776e-10 2.972e-10 2.32675e-10 1.63568e-10 1.02001e-10 5.60432e-11 2.70427e-11 1.14453e-11 4.24427e-12 1.37517e-12 3.86366e-13 9.24802e-14 1.81171e-14 2.62923e-15 2.02481e-16 0 
0 0 0 0 0 0 0 0 0 0 0 0 0 0 0 0 0 0 0 0 0 0 0 0 0 0 0 0 0 0 0 0 0 0 0 0 0 0 0 0 0 
