0 0 0 0 0 0 0 0 0 0 0 0 0 0 0 0 0 0 0 0 0 0 0 0 0 0 0 0 0 0 0 0 0 0 0 0 0 0 0 0 0 
0 1.91006e-07 1.67358e-06 7.12947e-06 2.04405e-05 4.40523e-05 7.63901e-05 0.000112569 0.000147394 0.00017744 0.000201258 0.000218672 0.000230059 0.000235926 0.000236721 0.000232786 0.000224363 0.000211635 0.000194796 0.000174166 0.000150334 0.000124307 9.75621e-05 7.19349e-05 4.92887e-05 3.10521e-05 1.78191e-05 9.24704e-06 4.32033e-06 1.81432e-06 6.85178e-07 2.33053e-07 7.14913e-08 1.97754e-08 4.91629e-09 1.08869e-09 2.10585e-10 3.41095e-11 4.17857e-12 2.7676e-13 0 
0 1.67358e-06 1.48208e-05 6.05809e-05 0.000156373 0.000288219 0.000418798 0.00052319 0.000599285 0.000654753 0.000696305 0.000727135 0.000748048 0.000758977 0.000759941 0.000751442 0.000734482 0.000710319 0.000680037 0.000643987 0.000601276 0.00054963 0.000486139 0.000409214 0.00032126 0.000230211 0.000147642 8.35097e-05 4.13456e-05 1.79114e-05 6.82298e-06 2.3021e-06 6.92686e-07 1.86657e-07 4.50391e-08 9.6655e-09 1.81158e-09 2.84541e-10 3.38461e-11 2.18022e-12 0 
0 7.12947e-06 6.05809e-05 0.000217605 0.000456059 0.00067216 0.000824136 0.000939741 0.00104524 0.00114645 0.00123859 0.00131478 0.00136947 0.00139932 0.00140326 0.00138234 0.00133944 0.00127889 0.0012061 0.001127 0.00104729 0.000971065 0.000898663 0.000824275 0.000735486 0.000618676 0.000471502 0.000313212 0.000176485 8.35369e-05 3.34278e-05 1.14831e-05 3.44289e-06 9.12321e-07 2.14904e-07 4.48656e-08 8.17096e-09 1.24734e-09 1.4435e-10 9.05978e-12 0 
0 2.04405e-05 0.000156373 0.000456059 0.000758292 0.000971696 0.0011589 0.00136011 0.00157067 0.00177403 0.00195494 0.00210157 0.00220562 0.00226234 0.00227049 0.00223212 0.00215214 0.00203771 0.00189757 0.0017414 0.00157927 0.00142119 0.00127657 0.00115229 0.00104828 0.000950672 0.000829951 0.000658334 0.00044526 0.000245466 0.000108988 3.96166e-05 1.2126e-05 3.20612e-06 7.43874e-07 1.51965e-07 2.70058e-08 4.01994e-09 4.5386e-10 2.78217e-11 0 
0 4.40523e-05 0.000288219 0.00067216 0.000971696 0.00123839 0.00154449 0.00188157 0.00222336 0.00254622 0.00283015 0.00305898 0.00322095 0.00330928 0.00332227 0.00326312 0.00313926 0.00296143 0.00274259 0.00249683 0.00223832 0.0019806 0.0017362 0.00151673 0.00133233 0.00118771 0.00107116 0.000942999 0.00075188 0.000497152 0.000257074 0.000103272 3.32573e-05 8.93833e-06 2.06583e-06 4.15974e-07 7.25035e-08 1.05656e-08 1.16758e-09 7.01046e-11 0 
0 7.63901e-05 0.000418798 0.000824136 0.0011589 0.00154449 0.00199537 0.0024785 0.00296157 0.00341518 0.00381301 0.00413319 0.00435969 0.00448323 0.0045015 0.00441895 0.00424592 0.00399727 0.00369087 0.00334599 0.00298189 0.00261654 0.00226584 0.00194342 0.00166113 0.00142959 0.00125458 0.00112202 0.000978335 0.000754368 0.000461775 0.000212095 7.40552e-05 2.06444e-05 4.81243e-06 9.62728e-07 1.65495e-07 2.37112e-08 2.57378e-09 1.51828e-10 0 
0 0.000112569 0.00052319 0.000939741 0.00136011 0.00188157 0.0024785 0.00311093 0.00374074 0.00433112 0.00484849 0.00526542 0.00556271 0.00572755 0.00575235 0.00564151 0.00541264 0.0050876 0.00468869 0.00423972 0.0037651 0.00328774 0.00282761 0.00240112 0.00202127 0.00169881 0.0014434 0.00125833 0.00111798 0.000945149 0.00066964 0.000355687 0.000137651 4.05319e-05 9.64446e-06 1.93174e-06 3.29297e-07 4.65833e-08 4.98445e-09 2.89774e-10 0 
0 0.000147394 0.000599285 0.00104524 0.00157067 0.00222336 0.00296157 0.00374074 0.00451563 0.00524175 0.00588152 0.00641633 0.00683369 0.00708441 0.00712502 0.00695624 0.00662046 0.00618322 0.00568065 0.00512644 0.00454216 0.00395405 0.00338614 0.00285799 0.0023844 0.00197621 0.0016423 0.00139047 0.00121558 0.00106492 0.000835732 0.000506865 0.000219196 6.90214e-05 1.69261e-05 3.417e-06 5.80437e-07 8.13899e-08 8.61354e-09 4.94967e-10 0 
0 0.00017744 0.000654753 0.00114645 0.00177403 0.00254622 0.00341518 0.00433112 0.00524175 0.0061 0.00689404 0.0076233 0.00814793 0.00840716 0.00844569 0.00828173 0.00789575 0.00730207 0.00663197 0.0059577 0.005268 0.00457636 0.00390805 0.00328553 0.00272558 0.00223965 0.0018357 0.00152089 0.00129849 0.00114015 0.000949194 0.000639507 0.000307148 0.000103859 2.63982e-05 5.3968e-06 9.17049e-07 1.27889e-07 1.34268e-08 7.64738e-10 0 
0 0.000201258 0.000696305 0.00123859 0.00195494 0.00283015 0.00381301 0.00484849 0.00588152 0.00689404 0.00789779 0.00862942 0.00901765 0.00919563 0.00922113 0.00910648 0.00883153 0.0083309 0.00755403 0.00670565 0.00590334 0.00511902 0.00436311 0.0036585 0.00302367 0.00247092 0.00200771 0.00163972 0.00137212 0.00119173 0.00102046 0.000740749 0.000388737 0.000140575 3.70689e-05 7.69209e-06 1.31091e-06 1.82295e-07 1.90353e-08 1.07723e-09 0 
0 0.000218672 0.000727135 0.00131478 0.00210157 0.00305898 0.00413319 0.00526542 0.00641633 0.0076233 0.00862942 0.00918503 0.00948461 0.00962668 0.0096465 0.0095524 0.00933286 0.00894842 0.00830381 0.00736406 0.00642228 0.00555297 0.00472622 0.00395603 0.00326155 0.00265576 0.00214599 0.00173672 0.00143269 0.00122845 0.00106301 0.00080977 0.000454665 0.000173959 4.74182e-05 9.98517e-06 1.70881e-06 2.37393e-07 2.47063e-08 1.39216e-09 0 
0 0.000230059 0.000748048 0.00136947 0.00220562 0.00322095 0.00435969 0.00556271 0.00683369 0.00814793 0.00901765 0.00948461 0.00974575 0.00987153 0.00988847 0.00980327 0.0096077 0.00927329 0.00872992 0.0078544 0.00680691 0.00585769 0.00497907 0.00416291 0.00342675 0.00278401 0.00224197 0.00180435 0.00147505 0.00125203 0.00108603 0.000851138 0.000500329 0.000199546 5.58171e-05 1.18984e-05 2.04478e-06 2.8412e-07 2.952e-08 1.6593e-09 0 
0 0.000235926 0.000758977 0.00139932 0.00226234 0.00330928 0.00448323 0.00572755 0.00708441 0.00840716 0.00919563 0.00962668 0.00987153 0.00999001 0.0100053 0.00992335 0.00973727 0.00942277 0.00892095 0.00810591 0.00702501 0.00601982 0.00511116 0.00427039 0.00351208 0.00284977 0.0022907 0.00183815 0.00149543 0.0012618 0.0010943 0.000869866 0.000524569 0.000214431 6.09572e-05 1.31007e-05 2.25883e-06 3.14118e-07 3.2625e-08 1.8322e-09 0 
0 0.000236721 0.000759941 0.00140326 0.00227049 0.00332227 0.0045015 0.00575235 0.00712502 0.00844569 0.00922113 0.0096465 0.00988847 0.0100053 0.0100195 0.00993718 0.0097514 0.00943852 0.00894124 0.00813453 0.00704852 0.00603288 0.00511999 0.00427639 0.00351571 0.00285141 0.00229063 0.00183651 0.00149213 0.00125701 0.00108987 0.000869376 0.000527947 0.000217411 6.21416e-05 1.33994e-05 2.31472e-06 3.22251e-07 3.34942e-08 1.88203e-09 0 
0 0.000232786 0.000751442 0.00138234 0.00223212 0.00326312 0.00441895 0.00564151 0.00695624 0.00828173 0.00910648 0.0095524 0.00980327 0.00992335 0.00993718 0.00985103 0.00965731 0.00932985 0.00880476 0.00795446 0.00688012 0.00590235 0.0050109 0.00418515 0.00344084 0.0027912 0.00224325 0.00180019 0.0014653 0.0012375 0.00107316 0.000851101 0.000511637 0.000208805 5.93868e-05 1.27862e-05 2.20979e-06 3.08066e-07 3.20764e-08 1.80581e-09 0 
0 0.000224363 0.000734482 0.00133944 0.00215214 0.00313926 0.00424592 0.00541264 0.00662046 0.00789575 0.00883153 0.00933286 0.0096077 0.00973727 0.0097514 0.00965731 0.00944535 0.0090825 0.00848772 0.00756215 0.00655382 0.00564601 0.00479601 0.00400629 0.00329492 0.0026747 0.00215249 0.00173181 0.00141641 0.00120347 0.00104326 0.00081469 0.000477148 0.000190218 5.33607e-05 1.14271e-05 1.97388e-06 2.75691e-07 2.87897e-08 1.62625e-09 0 
0 0.000211635 0.000710319 0.00127889 0.00203771 0.00296143 0.00399727 0.0050876 0.00618322 0.00730207 0.0083309 0.00894842 0.00927329 0.00942277 0.00943852 0.00932985 0.0090825 0.00864874 0.00793036 0.00700014 0.00611815 0.00528682 0.00449245 0.00375351 0.00308855 0.00250974 0.00202385 0.00163497 0.00134732 0.00115449 0.0009974 0.000758529 0.000426715 0.000164343 4.52034e-05 9.60797e-06 1.65882e-06 2.32358e-07 2.43723e-08 1.38374e-09 0 
0 0.000194796 0.000680037 0.0012061 0.00189757 0.00274259 0.00369087 0.00468869 0.00568065 0.00663197 0.00755403 0.00830381 0.00872992 0.00892095 0.00894124 0.00880476 0.00848772 0.00793036 0.00716035 0.00637192 0.00560542 0.00484888 0.00412046 0.00344302 0.00283413 0.00230531 0.00186335 0.0015132 0.00125891 0.00108779 0.000930316 0.000680924 0.000364093 0.000134715 3.6274e-05 7.65665e-06 1.32323e-06 1.86238e-07 1.96612e-08 1.12421e-09 0 
0 0.000174166 0.000643987 0.001127 0.0017414 0.00249683 0.00334599 0.00423972 0.00512644 0.0059577 0.00670565 0.00736406 0.0078544 0.00810591 0.00813453 0.00795446 0.00756215 0.00700014 0.00637192 0.00571592 0.00503739 0.00435742 0.00370168 0.00309203 0.00254463 0.00207038 0.00167639 0.00136838 0.00114873 0.000996019 0.000834508 0.000582439 0.000295308 0.000105282 2.78752e-05 5.86668e-06 1.01829e-06 1.44411e-07 1.53812e-08 8.87605e-10 0 
0 0.000150334 0.000601276 0.00104729 0.00157927 0.00223832 0.00298189 0.0037651 0.00454216 0.005268 0.00590334 0.00642228 0.00680691 0.00702501 0.00704852 0.00688012 0.00655382 0.00611815 0.00560542 0.00503739 0.0044393 0.00383796 0.00325746 0.00271735 0.00223235 0.00181288 0.00146643 0.00119869 0.00100818 0.000866506 0.00070396 0.000469345 0.000228618 7.97621e-05 2.10153e-05 4.4441e-06 7.7838e-07 1.11552e-07 1.20086e-08 7.00091e-10 0 
0 0.000124307 0.00054963 0.000971065 0.00142119 0.0019806 0.00261654 0.00328774 0.00395405 0.00457636 0.00511902 0.00555297 0.00585769 0.00601982 0.00603288 0.00590235 0.00564601 0.00528682 0.00484888 0.00435742 0.00383796 0.0033144 0.00280753 0.0023344 0.00190827 0.00153909 0.00123419 0.000997462 0.000824063 0.000689288 0.000543852 0.000355886 0.000172902 6.08781e-05 1.626e-05 3.48578e-06 6.18006e-07 8.95053e-08 9.72272e-09 5.71229e-10 0 
0 9.75621e-05 0.000486139 0.000898663 0.00127657 0.0017362 0.00226584 0.00282761 0.00338614 0.00390805 0.00436311 0.00472622 0.00497907 0.00511116 0.00511999 0.0050109 0.00479601 0.00449245 0.00412046 0.00370168 0.00325746 0.00280753 0.00236912 0.00195671 0.0015822 0.00125559 0.000984147 0.00076985 0.000608153 0.000487398 0.000381782 0.000260007 0.00013412 4.96621e-05 1.36895e-05 2.98421e-06 5.33358e-07 7.75196e-08 8.43083e-09 4.95268e-10 0 
0 7.19349e-05 0.000409214 0.000824275 0.00115229 0.00151673 0.00194342 0.00240112 0.00285799 0.00328553 0.0036585 0.00395603 0.00416291 0.00427039 0.00427639 0.00418515 0.00400629 0.00375351 0.00344302 0.00309203 0.00271735 0.0023344 0.00195671 0.00159642 0.00126688 0.000986321 0.000772247 0.000618307 0.000490653 0.000370787 0.000272493 0.00019322 0.000111325 4.49966e-05 1.29183e-05 2.84333e-06 5.05852e-07 7.28127e-08 7.83256e-09 4.55151e-10 0 
0 4.92887e-05 0.00032126 0.000735486 0.00104828 0.00133233 0.00166113 0.00202127 0.0023844 0.00272558 0.00302367 0.00326155 0.00342675 0.00351208 0.00351571 0.00344084 0.00329492 0.00308855 0.00283413 0.00254463 0.00223235 0.00190827 0.0015822 0.00126688 0.000993283 0.000827329 0.000818477 0.000885435 0.00084186 0.000618555 0.000352026 0.000183203 0.00010036 4.39991e-05 1.31696e-05 2.89628e-06 5.06158e-07 7.12985e-08 7.51157e-09 4.28331e-10 0 
0 3.10521e-05 0.000230211 0.000618676 0.000950672 0.00118771 0.00142959 0.00169881 0.00197621 0.00223965 0.00247092 0.00265576 0.00278401 0.00284977 0.00285141 0.0027912 0.0026747 0.00250974 0.00230531 0.00207038 0.00181288 0.00153909 0.00125559 0.000986321 0.000827329 0.000971695 0.00153186 0.00232362 0.00273821 0.00174156 0.000885806 0.000328145 0.0001143 4.47303e-05 1.35355e-05 2.9401e-06 5.00589e-07 6.86355e-08 7.05735e-09 3.93992e-10 0 
0 1.78191e-05 0.000147642 0.000471502 0.000829951 0.00107116 0.00125458 0.0014434 0.0016423 0.0018357 0.00200771 0.00214599 0.00224197 0.0022907 0.00229063 0.00224325 0.00215249 0.00202385 0.00186335 0.00167639 0.00146643 0.00123419 0.000984147 0.000772247 0.000818477 0.00153186 0.00334408 0.00597571 0.00628856 0.00486603 0.00204525 0.000691986 0.000176285 4.8473e-05 1.33906e-05 2.80326e-06 4.62203e-07 6.17096e-08 6.20767e-09 3.4024e-10 0 
0 9.24704e-06 8.35097e-05 0.000313212 0.000658334 0.000942999 0.00112202 0.00125833 0.00139047 0.00152089 0.00163972 0.00173672 0.00180435 0.00183815 0.00183651 0.00180019 0.00173181 0.00163497 0.0015132 0.00136838 0.00119869 0.000997462 0.00076985 0.000618307 0.000885435 0.00232362 0.00597571 0.0068528 0.00696414 0.00653079 0.00410912 0.00110915 0.00025641 5.35803e-05 1.23744e-05 2.41159e-06 3.82878e-07 4.99874e-08 4.9512e-09 2.68096e-10 0 
0 4.32033e-06 4.13456e-05 0.000176485 0.00044526 0.00075188 0.000978335 0.00111798 0.00121558 0.00129849 0.00137212 0.00143269 0.00147505 0.00149543 0.00149213 0.0014653 0.00141641 0.00134732 0.00125891 0.00114873 0.00100818 0.000824063 0.000608153 0.000490653 0.00084186 0.00273821 0.00628856 0.00696414 0.00705458 0.0067078 0.00488567 0.00122327 0.000275143 5.12415e-05 1.01245e-05 1.80995e-06 2.7694e-07 3.56442e-08 3.50817e-09 1.89231e-10 0 
0 1.81432e-06 1.79114e-05 8.35369e-05 0.000245466 0.000497152 0.000754368 0.000945149 0.00106492 0.00114015 0.00119173 0.00122845 0.00125203 0.0012618 0.00125701 0.0012375 0.00120347 0.00115449 0.00108779 0.000996019 0.000866506 0.000689288 0.000487398 0.000370787 0.000618555 0.00174156 0.00486603 0.00653079 0.0067078 0.00617826 0.00297356 0.000904983 0.00020397 3.74944e-05 6.84006e-06 1.1466e-06 1.71638e-07 2.20624e-08 2.18141e-09 1.1831e-10 0 
0 6.85178e-07 6.82298e-06 3.34278e-05 0.000108988 0.000257074 0.000461775 0.00066964 0.000835732 0.000949194 0.00102046 0.00106301 0.00108603 0.0010943 0.00108987 0.00107316 0.00104326 0.0009974 0.000930316 0.000834508 0.00070396 0.000543852 0.000381782 0.000272493 0.000352026 0.000885806 0.00204525 0.00410912 0.00488567 0.00297356 0.00135863 0.000449627 0.000104333 2.02369e-05 3.63982e-06 5.99032e-07 9.02009e-08 1.17724e-08 1.18293e-09 6.51139e-11 0 
0 2.33053e-07 2.3021e-06 1.14831e-05 3.96166e-05 0.000103272 0.000212095 0.000355687 0.000506865 0.000639507 0.000740749 0.00080977 0.000851138 0.000869866 0.000869376 0.000851101 0.00081469 0.000758529 0.000680924 0.000582439 0.000469345 0.000355886 0.000260007 0.00019322 0.000183203 0.000328145 0.000691986 0.00110915 0.00122327 0.000904983 0.000449627 0.000152465 3.84529e-05 8.1426e-06 1.5134e-06 2.57368e-07 4.01738e-08 5.40928e-09 5.58267e-10 3.14553e-11 0 
0 7.14913e-08 6.92686e-07 3.44289e-06 1.2126e-05 3.32573e-05 7.40552e-05 0.000137651 0.000219196 0.000307148 0.000388737 0.000454665 0.000500329 0.000524569 0.000527947 0.000511637 0.000477148 0.000426715 0.000364093 0.000295308 0.000228618 0.000172902 0.00013412 0.000111325 0.00010036 0.0001143 0.000176285 0.00025641 0.000275143 0.00020397 0.000104333 3.84529e-05 1.09316e-05 2.5263e-06 5.05614e-07 9.24568e-08 1.52732e-08 2.14581e-09 2.29363e-10 1.3323e-11 0 
0 1.97754e-08 1.86657e-07 9.12321e-07 3.20612e-06 8.93833e-06 2.06444e-05 4.05319e-05 6.90214e-05 0.000103859 0.000140575 0.000173959 0.000199546 0.000214431 0.000217411 0.000208805 0.000190218 0.000164343 0.000134715 0.000105282 7.97621e-05 6.08781e-05 4.96621e-05 4.49966e-05 4.39991e-05 4.47303e-05 4.8473e-05 5.35803e-05 5.12415e-05 3.74944e-05 2.02369e-05 8.1426e-06 2.5263e-06 6.41148e-07 1.42297e-07 2.84146e-08 5.0013e-09 7.37415e-10 8.21027e-11 4.94314e-12 0 
0 4.91629e-09 4.50391e-08 2.14904e-07 7.43874e-07 2.06583e-06 4.81243e-06 9.64446e-06 1.69261e-05 2.63982e-05 3.70689e-05 4.74182e-05 5.58171e-05 6.09572e-05 6.21416e-05 5.93868e-05 5.33607e-05 4.52034e-05 3.6274e-05 2.78752e-05 2.10153e-05 1.626e-05 1.36895e-05 1.29183e-05 1.31696e-05 1.35355e-05 1.33906e-05 1.23744e-05 1.01245e-05 6.84006e-06 3.63982e-06 1.5134e-06 5.05614e-07 1.42297e-07 3.50026e-08 7.57838e-09 1.41782e-09 2.19821e-10 2.55802e-11 1.60215e-12 0 
0 1.08869e-09 9.6655e-09 4.48656e-08 1.51965e-07 4.15974e-07 9.62728e-07 1.93174e-06 3.417e-06 5.3968e-06 7.69209e-06 9.98517e-06 1.18984e-05 1.31007e-05 1.33994e-05 1.27862e-05 1.14271e-05 9.60797e-06 7.65665e-06 5.86668e-06 4.4441e-06 3.48578e-06 2.98421e-06 2.84333e-06 2.89628e-06 2.9401e-06 2.80326e-06 2.41159e-06 1.80995e-06 1.1466e-06 5.99032e-07 2.57368e-07 9.24568e-08 2.84146e-08 7.57838e-09 1.75403e-09 3.47206e-10 5.66081e-11 6.89575e-12 4.50235e-13 0 
0 2.10585e-10 1.81158e-09 8.17096e-09 2.70058e-08 7.25035e-08 1.65495e-07 3.29297e-07 5.80437e-07 9.17049e-07 1.31091e-06 1.70881e-06 2.04478e-06 2.25883e-06 2.31472e-06 2.20979e-06 1.97388e-06 1.65882e-06 1.32323e-06 1.01829e-06 7.7838e-07 6.18006e-07 5.33358e-07 5.05852e-07 5.06158e-07 5.00589e-07 4.62203e-07 3.82878e-07 2.7694e-07 1.71638e-07 9.02009e-08 4.01738e-08 1.52732e-08 5.0013e-09 1.41782e-09 3.47206e-10 7.24399e-11 1.2407e-11 1.58232e-12 1.07781e-13 0 
0 3.41095e-11 2.84541e-10 1.24734e-09 4.01994e-09 1.05656e-08 2.37112e-08 4.65833e-08 8.13899e-08 1.27889e-07 1.82295e-07 2.37393e-07 2.8412e-07 3.14118e-07 3.22251e-07 3.08066e-07 2.75691e-07 2.32358e-07 1.86238e-07 1.44411e-07 1.11552e-07 8.95053e-08 7.75196e-08 7.28127e-08 7.12985e-08 6.86355e-08 6.17096e-08 4.99874e-08 3.56442e-08 2.20624e-08 1.17724e-08 5.40928e-09 2.14581e-09 7.37415e-10 2.19821e-10 5.66081e-11 1.2407e-11 2.22816e-12 2.97221e-13 2.11155e-14 0 
0 4.17857e-12 3.38461e-11 1.4435e-10 4.5386e-10 1.16758e-09 2.57378e-09 4.98445e-09 8.61354e-09 1.34268e-08 1.90353e-08 2.47063e-08 2.952e-08 3.2625e-08 3.34942e-08 3.20764e-08 2.87897e-08 2.43723e-08 1.96612e-08 1.53812e-08 1.20086e-08 9.72272e-09 8.43083e-09 7.83256e-09 7.51157e-09 7.05735e-09 6.20767e-09 4.9512e-09 3.50817e-09 2.18141e-09 1.18293e-09 5.58267e-10 2.29363e-10 8.21027e-11 2.55802e-11 6.89575e-12 1.58232e-12 2.97221e-13 4.13982e-14 3.06435e-15 0 
0 2.7676e-13 2.18022e-12 9.05978e-12 2.78217e-11 7.01046e-11 1.51828e-10 2.89774e-10 4.94967e-10 7.64738e-10 1.07723e-09 1.39216e-09 1.6593e-09 1.8322e-09 1.88203e-09 1.80581e-09 1.62625e-09 1.38374e-09 1.12421e-09 8.87605e-10 7.00091e-10 5.71229e-10 4.95268e-10 4.55151e-10 4.28331e-10 3.93992e-10 3.4024e-10 2.68096e-10 1.89231e-10 1.1831e-10 6.51139e-11 3.14553e-11 1.3323e-11 4.94314e-12 1.60215e-12 4.50235e-13 1.07781e-13 2.11155e-14 3.06435e-15 2.35979e-16 0 
0 0 0 0 0 0 0 0 0 0 0 0 0 0 0 0 0 0 0 0 0 0 0 0 0 0 0 0 0 0 0 0 0 0 0 0 0 0 0 0 0 
