0 0 0 0 0 0 0 0 0 0 0 0 0 0 0 0 0 0 0 0 0 0 0 0 0 0 0 0 0 0 0 0 0 0 0 0 0 0 0 0 0 
0 1.94378e-07 1.70673e-06 7.30082e-06 2.10604e-05 4.57287e-05 7.99226e-05 0.000118648 0.000156349 0.000189202 0.000215462 0.000234786 0.000247488 0.000254063 0.000254979 0.000250607 0.000241233 0.00022709 0.000208442 0.000185704 0.000159596 0.000131285 0.000102429 7.50213e-05 5.10315e-05 3.19046e-05 1.81661e-05 9.35535e-06 4.3396e-06 1.81054e-06 6.79827e-07 2.30092e-07 7.02893e-08 1.93755e-08 4.80314e-09 1.06116e-09 2.04874e-10 3.31341e-11 4.05415e-12 2.68258e-13 0 
0 1.70673e-06 1.51683e-05 6.2452e-05 0.00016294 0.000304066 0.000447052 0.000563865 0.00065039 0.0007139 0.000761427 0.000796532 0.000820247 0.000832624 0.00083376 0.000824235 0.000805135 0.000777795 0.000743336 0.00070208 0.000653043 0.000593869 0.000521743 0.000435547 0.00033862 0.000240048 0.000152226 8.51546e-05 4.17306e-05 1.79171e-05 6.77438e-06 2.27194e-06 6.80346e-07 1.82644e-07 4.39416e-08 9.40841e-09 1.76025e-09 2.76097e-10 3.28065e-11 2.11148e-12 0 
0 7.30082e-06 6.2452e-05 0.0002272 0.000484152 0.000724664 0.000898038 0.00102994 0.00114854 0.00126106 0.00136295 0.00144702 0.00150731 0.0015402 0.00154454 0.0015215 0.00147423 0.00140747 0.00132713 0.00123963 0.00115102 0.00106545 0.000982886 0.000896641 0.000793439 0.000659899 0.000496001 0.000324527 0.000180156 8.41541e-05 3.33134e-05 1.13495e-05 3.3821e-06 8.92224e-07 2.09488e-07 4.3631e-08 7.93222e-09 1.20932e-09 1.39816e-10 8.76881e-12 0 
0 2.10604e-05 0.00016294 0.000484152 0.000820224 0.00106321 0.00127374 0.00149668 0.00172882 0.00195275 0.00215191 0.00231332 0.00242786 0.00249029 0.00249926 0.00245703 0.00236899 0.00224302 0.00208876 0.00191684 0.00173831 0.0015641 0.00140429 0.00126589 0.00114781 0.00103391 0.000892452 0.000696848 0.000462705 0.000250458 0.000109474 3.93193e-05 1.19334e-05 3.13703e-06 7.2501e-07 1.47718e-07 2.62029e-08 3.89544e-09 4.39405e-10 2.69181e-11 0 
0 4.57287e-05 0.000304066 0.000724664 0.00106321 0.0013618 0.00169992 0.00207113 0.00244739 0.00280277 0.00311531 0.00336719 0.00354549 0.00364272 0.00365702 0.00359191 0.00345557 0.00325982 0.00301893 0.00274841 0.00246385 0.00218016 0.00191109 0.00166928 0.00146543 0.00130353 0.00116889 0.00101736 0.000797107 0.000516009 0.000261359 0.000103242 3.28523e-05 8.76054e-06 2.01467e-06 4.04386e-07 7.03395e-08 1.02365e-08 1.1302e-09 6.78178e-11 0 
0 7.99226e-05 0.000447052 0.000898038 0.00127374 0.00169992 0.00219641 0.00272823 0.00325998 0.00375929 0.0041972 0.00454964 0.00479896 0.00493494 0.00495505 0.00486419 0.00467373 0.00440003 0.00406275 0.00368313 0.00328235 0.00288018 0.00249415 0.00213922 0.00182836 0.00157285 0.00137767 0.00122483 0.00105441 0.00079691 0.000476443 0.00021415 7.35711e-05 2.02927e-05 4.6997e-06 9.36486e-07 1.60599e-07 2.29753e-08 2.49155e-09 1.46886e-10 0 
0 0.000118648 0.000563865 0.00102994 0.00149668 0.00207113 0.00272823 0.00342438 0.00411765 0.00476751 0.00533699 0.00579567 0.00612195 0.00630199 0.00632891 0.00620801 0.00595733 0.00560009 0.0051611 0.00466691 0.00414447 0.00361901 0.00311252 0.00264305 0.00222492 0.00186985 0.00158796 0.00138104 0.00121769 0.00101314 0.000701238 0.000363288 0.000137742 3.99994e-05 9.43784e-06 1.88109e-06 3.19744e-07 4.51548e-08 4.82656e-09 2.8041e-10 0 
0 0.000156349 0.00065039 0.00114854 0.00172882 0.00244739 0.00325998 0.00411765 0.00497062 0.00576982 0.00647286 0.00705458 0.00749881 0.00776269 0.00780496 0.00762667 0.00727182 0.00680195 0.00625239 0.00564292 0.00499983 0.00435245 0.00372732 0.00314596 0.00262465 0.00217531 0.00180757 0.00152908 0.00133143 0.00115325 0.000886413 0.000523693 0.000221099 6.84331e-05 1.66055e-05 3.33206e-06 5.64074e-07 7.89395e-08 8.34446e-09 4.79159e-10 0 
0 0.000189202 0.0007139 0.00126106 0.00195275 0.00280277 0.00375929 0.00476751 0.00576982 0.00671284 0.00757301 0.00834787 0.00892213 0.00921642 0.0092604 0.00907228 0.00864145 0.00800519 0.00729189 0.00655699 0.00579874 0.00503746 0.00430182 0.00361658 0.0030002 0.00246532 0.00202061 0.00167358 0.00142598 0.00124257 0.00101662 0.000667539 0.000312266 0.00010348 2.59701e-05 5.27099e-06 8.92081e-07 1.24126e-07 1.30147e-08 7.40672e-10 0 
0 0.000215462 0.000761427 0.00136295 0.00215191 0.00311531 0.0041972 0.00533699 0.00647286 0.00757301 0.00864608 0.00947364 0.00993021 0.0101394 0.0101692 0.0100343 0.00971083 0.00912963 0.00827846 0.00737297 0.00649735 0.00563478 0.00480274 0.00402713 0.00332834 0.00271988 0.00220999 0.00180471 0.0015086 0.00130355 0.00110042 0.000779623 0.000397998 0.000140715 3.65674e-05 7.52487e-06 1.27654e-06 1.77065e-07 1.84623e-08 1.04389e-09 0 
0 0.000234786 0.000796532 0.00144702 0.00231332 0.00336719 0.00454964 0.00579567 0.00705458 0.00834787 0.00947364 0.0101274 0.0104787 0.0106447 0.0106676 0.0105574 0.0103004 0.00984979 0.00910239 0.00807744 0.00706474 0.00611219 0.00520242 0.00435464 0.00359018 0.00292335 0.00236221 0.0019116 0.00157601 0.00134643 0.00115141 0.000857463 0.00046814 0.000174827 4.68908e-05 9.78261e-06 1.66566e-06 2.30755e-07 2.39775e-08 1.34982e-09 0 
0 0.000247488 0.000820247 0.00150731 0.00242786 0.00354549 0.00479896 0.00612195 0.00749881 0.00892213 0.00993021 0.0104787 0.0107838 0.0109301 0.0109495 0.0108501 0.010622 0.010231 0.00959538 0.00860589 0.00747949 0.00644679 0.00548072 0.00458237 0.00377202 0.00306452 0.00246787 0.00198609 0.00162296 0.00137374 0.0011795 0.000904915 0.000517252 0.000201149 5.53032e-05 1.16714e-05 1.99488e-06 2.76364e-07 2.86662e-08 1.60971e-09 0 
0 0.000254063 0.000832624 0.0015402 0.00249029 0.00364272 0.00493494 0.00630199 0.00776269 0.00921642 0.0101394 0.0106447 0.0109301 0.0110676 0.0110851 0.0109897 0.0107729 0.010406 0.00981902 0.0088843 0.0077118 0.00662415 0.00562608 0.00470067 0.00386595 0.00313691 0.0025215 0.00202332 0.00164554 0.00138514 0.00119011 0.000926888 0.00054361 0.000216565 6.04755e-05 1.28626e-05 2.20527e-06 3.05729e-07 3.16991e-08 1.7784e-09 0 
0 0.000254979 0.00083376 0.00154454 0.00249926 0.00365702 0.00495505 0.00632891 0.00780496 0.0092604 0.0101692 0.0106676 0.0109495 0.0110851 0.0111014 0.0110055 0.0107892 0.0104243 0.0098428 0.00891594 0.00773591 0.00663824 0.00563579 0.00470728 0.00386995 0.00313871 0.00252143 0.00202151 0.00164194 0.00138003 0.00118569 0.000926941 0.000547536 0.000219741 6.16913e-05 1.31637e-05 2.26109e-06 3.13817e-07 3.25616e-08 1.82779e-09 0 
0 0.000250607 0.000824235 0.0015215 0.00245703 0.00359191 0.00486419 0.00620801 0.00762667 0.00907228 0.0100343 0.0105574 0.0108501 0.0109897 0.0110055 0.0109052 0.0106795 0.0102972 0.00968309 0.00871427 0.0075555 0.00649539 0.00551574 0.00460684 0.00378753 0.00307244 0.00246927 0.00198153 0.00161235 0.00135831 0.00116684 0.000906697 0.000530244 0.000210978 5.89611e-05 1.25654e-05 2.15961e-06 3.00171e-07 3.12027e-08 1.75495e-09 0 
0 0.000241233 0.000805135 0.00147423 0.00236899 0.00345557 0.00467373 0.00595733 0.00727182 0.00864145 0.00971083 0.0103004 0.010622 0.0107729 0.0107892 0.0106795 0.010432 0.0100077 0.00931401 0.0082856 0.00720524 0.00621423 0.00527923 0.00440996 0.00362691 0.0029442 0.00236937 0.00190624 0.00155837 0.00132019 0.00113264 0.000866016 0.000493519 0.000191978 5.29618e-05 1.12324e-05 1.93012e-06 2.68823e-07 2.80297e-08 1.58199e-09 0 
0 0.00022709 0.000777795 0.00140747 0.00224302 0.00325982 0.00440003 0.00560009 0.00680195 0.00800519 0.00912963 0.00984979 0.010231 0.010406 0.0104243 0.0102972 0.0100077 0.00950035 0.00868402 0.00768569 0.00673204 0.00581937 0.0049451 0.00413171 0.00339974 0.00276262 0.00222776 0.00179959 0.00148199 0.00126512 0.00108019 0.00080361 0.000440073 0.000165602 4.48504e-05 9.44874e-06 1.62357e-06 2.26848e-07 2.3763e-08 1.34823e-09 0 
0 0.000208442 0.000743336 0.00132713 0.00208876 0.00301893 0.00406275 0.0051611 0.00625239 0.00729189 0.00827846 0.00910239 0.00959538 0.00981902 0.0098428 0.00968309 0.00931401 0.00868402 0.00785691 0.00700938 0.00616979 0.00533744 0.00453564 0.00378993 0.0031197 0.00253759 0.00205109 0.00166544 0.00138409 0.00119 0.0010041 0.000718388 0.000374295 0.000135565 3.60002e-05 7.53946e-06 1.29757e-06 1.8224e-07 1.92193e-08 1.09847e-09 0 
0 0.000185704 0.00070208 0.00123963 0.00191684 0.00274841 0.00368313 0.00466691 0.00564292 0.00655699 0.00737297 0.00807744 0.00860589 0.0088843 0.00891594 0.00871427 0.0082856 0.00768569 0.00700938 0.00629127 0.00554492 0.00479647 0.00407466 0.00340358 0.00280102 0.00227899 0.00184526 0.00150582 0.0012619 0.00108699 0.000897066 0.000611961 0.000302871 0.000105949 2.77174e-05 5.79482e-06 1.00239e-06 1.41926e-07 1.51066e-08 8.71643e-10 0 
0 0.000159596 0.000653043 0.00115102 0.00173831 0.00246385 0.00328235 0.00414447 0.00499983 0.00579874 0.00649735 0.00706474 0.00747949 0.0077118 0.00773591 0.0075555 0.00720524 0.00673204 0.00616979 0.00554492 0.0048866 0.00422467 0.00358568 0.00299115 0.00245728 0.00199554 0.00161406 0.00131864 0.00110612 0.000943076 0.000754121 0.000492008 0.00023456 8.05186e-05 2.10036e-05 4.41777e-06 7.71743e-07 1.10479e-07 1.18895e-08 6.93235e-10 0 
0 0.000131285 0.000593869 0.00106545 0.0015641 0.00218016 0.00288018 0.00361901 0.00435245 0.00503746 0.00563478 0.00611219 0.00644679 0.00662415 0.00663824 0.00649539 0.00621423 0.00581937 0.00533744 0.00479647 0.00422467 0.00364835 0.00309041 0.00256961 0.00210054 0.00169413 0.00135827 0.00109674 0.000903098 0.000749196 0.000582493 0.000373983 0.000178396 6.1964e-05 1.64138e-05 3.50339e-06 6.19851e-07 8.96995e-08 9.74209e-09 5.72442e-10 0 
0 0.000102429 0.000521743 0.000982886 0.00140429 0.00191109 0.00249415 0.00311252 0.00372732 0.00430182 0.00480274 0.00520242 0.00548072 0.00562608 0.00563579 0.00551574 0.00527923 0.0049451 0.00453564 0.00407466 0.00358568 0.00309041 0.00260784 0.00215386 0.00174161 0.001382 0.00108294 0.000846412 0.000667062 0.00053152 0.000411663 0.000275952 0.000140095 5.12473e-05 1.40202e-05 3.04379e-06 5.42889e-07 7.88281e-08 8.5694e-09 5.03315e-10 0 
0 7.50213e-05 0.000435547 0.000896641 0.00126589 0.00166928 0.00213922 0.00264305 0.00314596 0.00361658 0.00402713 0.00435464 0.00458237 0.00470067 0.00470728 0.00460684 0.00440996 0.00413171 0.00378993 0.00340358 0.00299115 0.00256961 0.00215386 0.00175726 0.00139448 0.00108558 0.000849894 0.000680407 0.000539759 0.000407319 0.0002977 0.000208442 0.000118212 4.71688e-05 1.3431e-05 2.94257e-06 5.2221e-07 7.50639e-08 8.06798e-09 4.68558e-10 0 
0 5.10315e-05 0.00033862 0.000793439 0.00114781 0.00146543 0.00182836 0.00222492 0.00262465 0.0030002 0.00332834 0.00359018 0.00377202 0.00386595 0.00386995 0.00378753 0.00362691 0.00339974 0.0031197 0.00280102 0.00245728 0.00210054 0.00174161 0.00139448 0.00109329 0.000910656 0.000900939 0.000974649 0.000926683 0.000680871 0.000387374 0.000200754 0.000108385 4.67678e-05 1.38556e-05 3.03021e-06 5.28008e-07 7.42529e-08 7.81451e-09 4.45252e-10 0 
0 3.19046e-05 0.000240048 0.000659899 0.00103391 0.00130353 0.00157285 0.00186985 0.00217531 0.00246532 0.00271988 0.00292335 0.00306452 0.00313691 0.00313871 0.00307244 0.0029442 0.00276262 0.00253759 0.00227899 0.00199554 0.00169413 0.001382 0.00108558 0.000910656 0.0010696 0.00168621 0.00252878 0.00295556 0.00191641 0.000975058 0.000361154 0.000125131 4.81319e-05 1.43643e-05 3.0979e-06 5.25646e-07 7.19427e-08 7.38927e-09 4.12186e-10 0 
0 1.81661e-05 0.000152226 0.000496001 0.000892452 0.00116889 0.00137767 0.00158796 0.00180757 0.00202061 0.00220999 0.00236221 0.00246787 0.0025215 0.00252143 0.00246927 0.00236937 0.00222776 0.00205109 0.00184526 0.00161406 0.00135827 0.00108294 0.000849894 0.000900939 0.00168621 0.00363913 0.00657186 0.00696509 0.00528787 0.00225076 0.000761709 0.000193899 5.27025e-05 1.43106e-05 2.9676e-06 4.87266e-07 6.49332e-08 6.52511e-09 3.57372e-10 0 
0 9.35535e-06 8.51546e-05 0.000324527 0.000696848 0.00101736 0.00122483 0.00138104 0.00152908 0.00167358 0.00180471 0.0019116 0.00198609 0.00202332 0.00202151 0.00198153 0.00190624 0.00179959 0.00166544 0.00150582 0.00131864 0.00109674 0.000846412 0.000680407 0.000974649 0.00252878 0.00657186 0.00761621 0.0077496 0.00725295 0.00445822 0.0012209 0.000282211 5.85985e-05 1.32985e-05 2.56148e-06 4.04621e-07 5.27195e-08 5.2167e-09 2.82288e-10 0 
0 4.3396e-06 4.17306e-05 0.000180156 0.000462705 0.000797107 0.00105441 0.00121769 0.00133143 0.00142598 0.0015086 0.00157601 0.00162296 0.00164554 0.00164194 0.00161235 0.00155837 0.00148199 0.00138409 0.0012619 0.00110612 0.000903098 0.000667062 0.000539759 0.000926683 0.00295556 0.00696509 0.0077496 0.00785453 0.00745431 0.0053122 0.00134571 0.000302847 5.6145e-05 1.09155e-05 1.92657e-06 2.93098e-07 3.7644e-08 3.70165e-09 1.99556e-10 0 
0 1.81054e-06 1.79171e-05 8.41541e-05 0.000250458 0.000516009 0.00079691 0.00101314 0.00115325 0.00124257 0.00130355 0.00134643 0.00137374 0.00138514 0.00138003 0.00135831 0.00132019 0.00126512 0.00119 0.00108699 0.000943076 0.000749196 0.00053152 0.000407319 0.000680871 0.00191641 0.00528787 0.00725295 0.00745431 0.00683156 0.00323091 0.000996169 0.00022449 4.10564e-05 7.37734e-06 1.22142e-06 1.81786e-07 2.33188e-08 2.3038e-09 1.24889e-10 0 
0 6.79827e-07 6.77438e-06 3.33134e-05 0.000109474 0.000261359 0.000476443 0.000701238 0.000886413 0.00101662 0.00110042 0.00115141 0.0011795 0.00119011 0.00118569 0.00116684 0.00113264 0.00108019 0.0010041 0.000897066 0.000754121 0.000582493 0.000411663 0.0002977 0.000387374 0.000975058 0.00225076 0.00445822 0.0053122 0.00323091 0.00149552 0.000494929 0.000114763 2.20931e-05 3.91748e-06 6.37751e-07 9.55468e-08 1.24483e-08 1.25002e-09 6.87797e-11 0 
0 2.30092e-07 2.27194e-06 1.13495e-05 3.93193e-05 0.000103242 0.00021415 0.000363288 0.000523693 0.000667539 0.000779623 0.000857463 0.000904915 0.000926888 0.000926941 0.000906697 0.000866016 0.00080361 0.000718388 0.000611961 0.000492008 0.000373983 0.000275952 0.000208442 0.000200754 0.000361154 0.000761709 0.0012209 0.00134571 0.000996169 0.000494929 0.000167784 4.21765e-05 8.83918e-06 1.6225e-06 2.73582e-07 4.25437e-08 5.721e-09 5.90141e-10 3.32407e-11 0 
0 7.02893e-08 6.80346e-07 3.3821e-06 1.19334e-05 3.28523e-05 7.35711e-05 0.000137742 0.000221099 0.000312266 0.000397998 0.00046814 0.000517252 0.00054361 0.000547536 0.000530244 0.000493519 0.000440073 0.000374295 0.000302871 0.00023456 0.000178396 0.000140095 0.000118212 0.000108385 0.000125131 0.000193899 0.000282211 0.000302847 0.00022449 0.000114763 4.21765e-05 1.19011e-05 2.72151e-06 5.39547e-07 9.81028e-08 1.61679e-08 2.26966e-09 2.42515e-10 1.40834e-11 0 
0 1.93755e-08 1.82644e-07 8.92224e-07 3.13703e-06 8.76054e-06 2.02927e-05 3.99994e-05 6.84331e-05 0.00010348 0.000140715 0.000174827 0.000201149 0.000216565 0.000219741 0.000210978 0.000191978 0.000165602 0.000135565 0.000105949 8.05186e-05 6.1964e-05 5.12473e-05 4.71688e-05 4.67678e-05 4.81319e-05 5.27025e-05 5.85985e-05 5.6145e-05 4.10564e-05 2.20931e-05 8.83918e-06 2.72151e-06 6.85339e-07 1.51225e-07 3.01056e-08 5.29258e-09 7.80008e-10 8.68233e-11 5.22632e-12 0 
0 4.80314e-09 4.39416e-08 2.09488e-07 7.2501e-07 2.01467e-06 4.6997e-06 9.43784e-06 1.66055e-05 2.59701e-05 3.65674e-05 4.68908e-05 5.53032e-05 6.04755e-05 6.16913e-05 5.89611e-05 5.29618e-05 4.48504e-05 3.60002e-05 2.77174e-05 2.10036e-05 1.64138e-05 1.40202e-05 1.3431e-05 1.38556e-05 1.43643e-05 1.43106e-05 1.32985e-05 1.09155e-05 7.37734e-06 3.91748e-06 1.6225e-06 5.39547e-07 1.51225e-07 3.71003e-08 8.02237e-09 1.5001e-09 2.32521e-10 2.70535e-11 1.69416e-12 0 
0 1.06116e-09 9.40841e-09 4.3631e-08 1.47718e-07 4.04386e-07 9.36486e-07 1.88109e-06 3.33206e-06 5.27099e-06 7.52487e-06 9.78261e-06 1.16714e-05 1.28626e-05 1.31637e-05 1.25654e-05 1.12324e-05 9.44874e-06 7.53946e-06 5.79482e-06 4.41777e-06 3.50339e-06 3.04379e-06 2.94257e-06 3.03021e-06 3.0979e-06 2.9676e-06 2.56148e-06 1.92657e-06 1.22142e-06 6.37751e-07 2.73582e-07 9.81028e-08 3.01056e-08 8.02237e-09 1.85601e-09 3.67315e-10 5.98784e-11 7.29325e-12 4.76132e-13 0 
0 2.04874e-10 1.76025e-09 7.93222e-09 2.62029e-08 7.03395e-08 1.60599e-07 3.19744e-07 5.64074e-07 8.92081e-07 1.27654e-06 1.66566e-06 1.99488e-06 2.20527e-06 2.26109e-06 2.15961e-06 1.93012e-06 1.62357e-06 1.29757e-06 1.00239e-06 7.71743e-07 6.19851e-07 5.42889e-07 5.2221e-07 5.28008e-07 5.25646e-07 4.87266e-07 4.04621e-07 2.93098e-07 1.81786e-07 9.55468e-08 4.25437e-08 1.61679e-08 5.29258e-09 1.5001e-09 3.67315e-10 7.66292e-11 1.31235e-11 1.67356e-12 1.13985e-13 0 
0 3.31341e-11 2.76097e-10 1.20932e-09 3.89544e-09 1.02365e-08 2.29753e-08 4.51548e-08 7.89395e-08 1.24126e-07 1.77065e-07 2.30755e-07 2.76364e-07 3.05729e-07 3.13817e-07 3.00171e-07 2.68823e-07 2.26848e-07 1.8224e-07 1.41926e-07 1.10479e-07 8.96995e-08 7.88281e-08 7.50639e-08 7.42529e-08 7.19427e-08 6.49332e-08 5.27195e-08 3.7644e-08 2.33188e-08 1.24483e-08 5.721e-09 2.26966e-09 7.80008e-10 2.32521e-10 5.98784e-11 1.31235e-11 2.35674e-12 3.14356e-13 2.23315e-14 0 
0 4.05415e-12 3.28065e-11 1.39816e-10 4.39405e-10 1.1302e-09 2.49155e-09 4.82656e-09 8.34446e-09 1.30147e-08 1.84623e-08 2.39775e-08 2.86662e-08 3.16991e-08 3.25616e-08 3.12027e-08 2.80297e-08 2.3763e-08 1.92193e-08 1.51066e-08 1.18895e-08 9.74209e-09 8.5694e-09 8.06798e-09 7.81451e-09 7.38927e-09 6.52511e-09 5.2167e-09 3.70165e-09 2.3038e-09 1.25002e-09 5.90141e-10 2.42515e-10 8.68233e-11 2.70535e-11 7.29325e-12 1.67356e-12 3.14356e-13 4.37838e-14 3.24081e-15 0 
0 2.68258e-13 2.11148e-12 8.76881e-12 2.69181e-11 6.78178e-11 1.46886e-10 2.8041e-10 4.79159e-10 7.40672e-10 1.04389e-09 1.34982e-09 1.60971e-09 1.7784e-09 1.82779e-09 1.75495e-09 1.58199e-09 1.34823e-09 1.09847e-09 8.71643e-10 6.93235e-10 5.72442e-10 5.03315e-10 4.68558e-10 4.45252e-10 4.12186e-10 3.57372e-10 2.82288e-10 1.99556e-10 1.24889e-10 6.87797e-11 3.32407e-11 1.40834e-11 5.22632e-12 1.69416e-12 4.76132e-13 1.13985e-13 2.23315e-14 3.24081e-15 2.49563e-16 0 
0 0 0 0 0 0 0 0 0 0 0 0 0 0 0 0 0 0 0 0 0 0 0 0 0 0 0 0 0 0 0 0 0 0 0 0 0 0 0 0 0 
