0 0 0 0 0 0 0 0 0 0 0 0 0 0 0 0 0 0 0 0 0 0 0 0 0 0 0 0 0 0 0 0 0 0 0 0 0 0 0 0 0 
0 1.24554e-07 1.06768e-06 4.35665e-06 1.17241e-05 2.34116e-05 3.75088e-05 5.13522e-05 6.31158e-05 7.21784e-05 7.8689e-05 8.30732e-05 8.57515e-05 8.70384e-05 8.71331e-05 8.61376e-05 8.40757e-05 8.0906e-05 7.65392e-05 7.08722e-05 6.38471e-05 5.5532e-05 4.62013e-05 3.63768e-05 2.67878e-05 1.82249e-05 1.1321e-05 6.35598e-06 3.20128e-06 1.44042e-06 5.78342e-07 2.07393e-07 6.65235e-08 1.90957e-08 4.89363e-09 1.11067e-09 2.19129e-10 3.60585e-11 4.47318e-12 2.99245e-13 0 
0 1.06768e-06 9.11508e-06 3.45669e-05 7.99312e-05 0.000129937 0.000167796 0.000190522 0.000203655 0.000212515 0.000219621 0.000225483 0.000229782 0.000232086 0.000232173 0.000230115 0.000226263 0.000221153 0.000215361 0.000209273 0.000202797 0.00019507 0.000184355 0.000168403 0.000145506 0.000116018 8.32914e-05 5.27283e-05 2.90262e-05 1.38185e-05 5.70163e-06 2.05319e-06 6.50606e-07 1.8257e-07 4.54624e-08 9.9968e-09 1.90915e-09 3.04221e-10 3.65901e-11 2.37719e-12 0 
0 4.35665e-06 3.45669e-05 0.000108893 0.000192674 0.000243281 0.000268529 0.000289683 0.000314558 0.000341847 0.000368064 0.000390204 0.000406232 0.000415008 0.000416163 0.000409998 0.000397381 0.000379656 0.000358558 0.00033613 0.000314621 0.000296216 0.000282406 0.000272814 0.000263734 0.00024767 0.000216195 0.000167016 0.000109521 5.95207e-05 2.67286e-05 1.00454e-05 3.22054e-06 8.96098e-07 2.18674e-07 4.68367e-08 8.69021e-09 1.34475e-09 1.57182e-10 9.93826e-12 0 
0 1.17241e-05 7.99312e-05 0.000192674 0.000265436 0.000304057 0.000347936 0.00040415 0.000465775 0.000525891 0.000579481 0.000622937 0.000653777 0.000670589 0.000673005 0.000661633 0.000637926 0.000604009 0.00056248 0.000516223 0.000468285 0.000421852 0.000380334 0.000347301 0.000325565 0.000314467 0.000305735 0.00028235 0.000229052 0.000152132 7.96877e-05 3.29836e-05 1.10861e-05 3.12544e-06 7.57163e-07 1.59246e-07 2.88645e-08 4.35521e-09 4.96351e-10 3.06288e-11 0 
0 2.34116e-05 0.000129937 0.000243281 0.000304057 0.000370102 0.000458176 0.000557757 0.000659038 0.000754733 0.000838894 0.000906721 0.000954734 0.000980915 0.000984766 0.000967234 0.000930519 0.000877806 0.000812941 0.000740094 0.000663471 0.000587092 0.000514733 0.000450124 0.000397377 0.000360914 0.000342792 0.000335668 0.0003163 0.0002576 0.00016465 7.91527e-05 2.90752e-05 8.53147e-06 2.0853e-06 4.34981e-07 7.75356e-08 1.14631e-08 1.27876e-09 7.72655e-11 0 
0 3.75088e-05 0.000167796 0.000268529 0.000347936 0.000458176 0.000591472 0.000734661 0.00087785 0.00101231 0.00113023 0.00122515 0.0012924 0.00132925 0.00133474 0.00131006 0.0012586 0.00118485 0.00109402 0.000991797 0.000883873 0.000775579 0.000671629 0.000576086 0.000492641 0.000425381 0.000379329 0.000357557 0.000350919 0.000327505 0.000253243 0.000145618 6.06273e-05 1.90336e-05 4.77648e-06 9.9885e-07 1.76342e-07 2.56783e-08 2.81548e-09 1.67155e-10 0 
0 5.13522e-05 0.000190522 0.000289683 0.00040415 0.000557757 0.000734661 0.000922121 0.00110881 0.00128381 0.00143757 0.0015665 0.00167643 0.00175084 0.00176423 0.00171365 0.00161952 0.00151028 0.00138997 0.00125672 0.00111603 0.000974531 0.000838142 0.000711725 0.000599152 0.000503791 0.000429654 0.000382165 0.000363357 0.000356287 0.000316053 0.000215966 0.000103927 3.56902e-05 9.34317e-06 1.97884e-06 3.48377e-07 5.02179e-08 5.43384e-09 3.18084e-10 0 
0 6.31158e-05 0.000203655 0.000314558 0.000465775 0.000659038 0.00087785 0.00110881 0.00133851 0.00155484 0.00176919 0.00201021 0.00218349 0.00226149 0.0022735 0.00222761 0.00210763 0.00190542 0.00169496 0.00152015 0.00134638 0.00117203 0.0010037 0.000847146 0.000706769 0.000585807 0.000487212 0.000415304 0.000375665 0.000364703 0.000348128 0.000273236 0.000151673 5.76388e-05 1.59226e-05 3.44377e-06 6.08108e-07 8.71617e-08 9.34223e-09 5.40954e-10 0 
0 7.21784e-05 0.000212515 0.000341847 0.000525891 0.000754733 0.00101231 0.00128381 0.00155484 0.00184544 0.00218974 0.00237926 0.00246731 0.00250746 0.00251383 0.00248921 0.0024285 0.00231225 0.00207909 0.00178329 0.00156224 0.00135651 0.0011584 0.000973876 0.000807898 0.000663868 0.000544224 0.000451918 0.000392259 0.000368404 0.000360281 0.000311084 0.000195438 8.21219e-05 2.40609e-05 5.34143e-06 9.50045e-07 1.35887e-07 1.44731e-08 8.31383e-10 0 
0 7.8689e-05 0.000219621 0.000368064 0.000579481 0.000838894 0.00113023 0.00143757 0.00176919 0.00218974 0.00242727 0.00254022 0.00260161 0.00263128 0.00263601 0.00261743 0.00257325 0.00249543 0.00236141 0.00209588 0.00176283 0.00151778 0.00129329 0.00108443 0.000896258 0.000732413 0.000595137 0.000486464 0.000410488 0.000372656 0.000363379 0.000332341 0.000229943 0.000105642 3.27664e-05 7.47656e-06 1.34251e-06 1.92103e-07 2.03835e-08 1.16444e-09 0 
0 8.30732e-05 0.000225483 0.000390204 0.000622937 0.000906721 0.00122515 0.0015665 0.00201021 0.00237926 0.00254022 0.00262886 0.00268 0.0027053 0.00270931 0.00269323 0.00265565 0.00259166 0.00248894 0.00231142 0.00197128 0.00165018 0.001401 0.00117262 0.000966766 0.000787202 0.000636108 0.000514982 0.000426833 0.000377403 0.000363312 0.000342641 0.000253865 0.000125256 4.08024e-05 9.54754e-06 1.73127e-06 2.48186e-07 2.62847e-08 1.4963e-09 0 
0 8.57515e-05 0.000229782 0.000406232 0.000653777 0.000954734 0.0012924 0.00167643 0.00218349 0.00246731 0.00260161 0.00268 0.00272635 0.00274949 0.00275308 0.00273815 0.00270363 0.0026458 0.00255577 0.00241022 0.00213245 0.00175435 0.00147628 0.00123395 0.00101573 0.000825217 0.000664554 0.000534944 0.000438663 0.00038114 0.000362224 0.000346588 0.000268247 0.000139175 4.70333e-05 1.1226e-05 2.05272e-06 2.94943e-07 3.12177e-08 1.77377e-09 0 
0 8.70384e-05 0.000232086 0.000415008 0.000670589 0.000980915 0.00132925 0.00175084 0.00226149 0.00250746 0.00263128 0.0027053 0.00274949 0.00277159 0.00277491 0.00276039 0.0027271 0.00267178 0.0025868 0.00245308 0.00220909 0.00181903 0.001516 0.00126581 0.00104103 0.00084471 0.000678996 0.000544933 0.0004444 0.000382509 0.000360518 0.000346921 0.000274738 0.000146667 5.06643e-05 1.22438e-05 2.25154e-06 3.24155e-07 3.43171e-08 1.94872e-09 0 
0 8.71331e-05 0.000232173 0.000416163 0.000673005 0.000984766 0.00133474 0.00176423 0.0022735 0.00251383 0.00263601 0.00270931 0.00275308 0.00277491 0.00277804 0.00276339 0.00273006 0.00267484 0.00259029 0.00245789 0.00221844 0.00182697 0.00151878 0.00126759 0.0010421 0.000845195 0.000678975 0.000544438 0.000443358 0.000380721 0.000358041 0.000344868 0.00027459 0.000147675 5.1332e-05 1.24553e-05 2.29568e-06 3.30933e-07 3.50609e-08 1.99191e-09 0 
0 8.61376e-05 0.000230115 0.000409998 0.000661633 0.000967234 0.00131006 0.00171365 0.00222761 0.00248921 0.00261743 0.00269323 0.00273815 0.00276039 0.00276339 0.00274812 0.00271358 0.00265628 0.00256802 0.00242787 0.00216704 0.00177666 0.00148598 0.00124054 0.00101991 0.00082735 0.000664932 0.000533687 0.000435536 0.00037555 0.000354531 0.000340571 0.000268316 0.000142498 4.90942e-05 1.18621e-05 2.18394e-06 3.14976e-07 3.34098e-08 1.90088e-09 0 
0 8.40757e-05 0.000226263 0.000397381 0.000637926 0.000930519 0.0012586 0.00161952 0.00210763 0.0024285 0.00257325 0.00265565 0.00270363 0.0027271 0.00273006 0.00271358 0.00267643 0.00261435 0.00251701 0.00235621 0.00204375 0.0016838 0.00142181 0.00118752 0.000976659 0.000792818 0.000638032 0.000513459 0.00042141 0.000367128 0.000349583 0.000333242 0.000255721 0.000131686 4.43728e-05 1.06012e-05 1.9442e-06 2.80385e-07 2.97921e-08 1.69926e-09 0 
0 8.0906e-05 0.000221153 0.000379656 0.000604009 0.000877806 0.00118485 0.00151028 0.00190542 0.00231225 0.00249543 0.00259166 0.0026458 0.00267178 0.00267484 0.00265628 0.00261435 0.00254306 0.00242675 0.00221638 0.00185551 0.00156895 0.00133166 0.00111259 0.000915487 0.000743921 0.000599907 0.000484852 0.000401672 0.000355586 0.000342229 0.000321066 0.000236172 0.000116107 3.7879e-05 8.90496e-06 1.6242e-06 2.34243e-07 2.49539e-08 1.42856e-09 0 
0 7.65392e-05 0.000215361 0.000358558 0.00056248 0.000812941 0.00109402 0.00138997 0.00169496 0.00207909 0.00236141 0.00248894 0.00255577 0.0025868 0.00259029 0.00256802 0.00251701 0.00242675 0.00226662 0.00196188 0.00166726 0.00143747 0.00122136 0.00102056 0.000840076 0.000683325 0.000552353 0.000448977 0.000376825 0.000340368 0.000330153 0.000301103 0.000209159 9.71132e-05 3.05134e-05 7.04698e-06 1.27851e-06 1.84578e-07 1.97408e-08 1.13599e-09 0 
0 7.08722e-05 0.000209273 0.00033613 0.000516223 0.000740094 0.000991797 0.00125672 0.00152015 0.00178329 0.00209588 0.00231142 0.00241022 0.00245308 0.00245789 0.00242787 0.00235621 0.00221638 0.00196188 0.0017023 0.00149356 0.00129161 0.00109723 0.000916519 0.000754262 0.000613693 0.000496992 0.000406537 0.000346425 0.000318996 0.000308697 0.00026972 0.000175215 7.66481e-05 2.32318e-05 5.284e-06 9.55822e-07 1.38422e-07 1.48908e-08 8.62795e-10 0 
0 6.38471e-05 0.000202797 0.000314621 0.000468285 0.000663471 0.000883873 0.00111603 0.00134638 0.00156224 0.00176283 0.00197128 0.00213245 0.00220909 0.00221844 0.00216704 0.00204375 0.00185551 0.00166726 0.00149356 0.00131588 0.00113762 0.000965556 0.000805459 0.0006617 0.000537382 0.000434914 0.000357151 0.00030769 0.000285415 0.000270819 0.000224576 0.000136999 5.71119e-05 1.68787e-05 3.80851e-06 6.89968e-07 1.00514e-07 1.08963e-08 6.36544e-10 0 
0 5.5532e-05 0.00019507 0.000296216 0.000421852 0.000587092 0.000775579 0.000974531 0.00117203 0.00135651 0.00151778 0.00165018 0.00175435 0.00181903 0.00182697 0.00177666 0.0016838 0.00156895 0.00143747 0.00129161 0.00113762 0.000982432 0.000832188 0.000691948 0.000565644 0.000456283 0.000366412 0.000298568 0.000254494 0.000230975 0.000211552 0.000168642 9.96933e-05 4.08589e-05 1.20227e-05 2.72117e-06 4.96178e-07 7.284e-08 7.95869e-09 4.68478e-10 0 
0 4.62013e-05 0.000184355 0.000282406 0.000380334 0.000514733 0.000671629 0.000838142 0.0010037 0.0011584 0.00129329 0.001401 0.00147628 0.001516 0.00151878 0.00148598 0.00142181 0.00133166 0.00122136 0.00109723 0.000965556 0.000832188 0.000702241 0.000579998 0.00046902 0.000372383 0.000292559 0.000230687 0.000186533 0.000158718 0.000140092 0.000112988 6.92996e-05 2.93958e-05 8.84634e-06 2.02784e-06 3.72428e-07 5.49253e-08 6.0217e-09 3.55432e-10 0 
0 3.63768e-05 0.000168403 0.000272814 0.000347301 0.000450124 0.000576086 0.000711725 0.000847146 0.000973876 0.00108443 0.00117262 0.00123395 0.00126581 0.00126759 0.00124054 0.00118752 0.00111259 0.00102056 0.000916519 0.000805459 0.000691948 0.000579998 0.000473226 0.00037563 0.000292623 0.000229289 0.000183765 0.000146286 0.000112174 8.74753e-05 7.12311e-05 4.87119e-05 2.26594e-05 7.13271e-06 1.65693e-06 3.0401e-07 4.45719e-08 4.85276e-09 2.8451e-10 0 
0 2.67878e-05 0.000145506 0.000263734 0.000325565 0.000397377 0.000492641 0.000599152 0.000706769 0.000807898 0.000896258 0.000966766 0.00101573 0.00104103 0.0010421 0.00101991 0.000976659 0.000915487 0.000840076 0.000754262 0.0006617 0.000565644 0.00046902 0.00037563 0.00029458 0.000245308 0.000242623 0.000262458 0.000249542 0.00018337 0.00010467 5.70242e-05 3.66864e-05 1.90592e-05 6.36337e-06 1.48847e-06 2.69297e-07 3.87393e-08 4.14061e-09 2.38779e-10 0 
0 1.82249e-05 0.000116018 0.00024767 0.000314467 0.000360914 0.000425381 0.000503791 0.000585807 0.000663868 0.000732413 0.000787202 0.000825217 0.00084471 0.000845195 0.00082735 0.000792818 0.000743921 0.000683325 0.000613693 0.000537382 0.000456283 0.000372383 0.000292623 0.000245308 0.000288026 0.00045407 0.000806069 0.000973086 0.000533401 0.000262565 9.74113e-05 3.59968e-05 1.70071e-05 5.93982e-06 1.38975e-06 2.45757e-07 3.44246e-08 3.59062e-09 2.02708e-10 0 
0 1.1321e-05 8.32914e-05 0.000216195 0.000305735 0.000342792 0.000379329 0.000429654 0.000487212 0.000544224 0.000595137 0.000636108 0.000664554 0.000678996 0.000678975 0.000664932 0.000638032 0.000599907 0.000552353 0.000496992 0.000434914 0.000366412 0.000292559 0.000229289 0.000242623 0.00045407 0.00114883 0.00169953 0.00174041 0.00156075 0.000622617 0.000205116 5.26814e-05 1.65016e-05 5.46077e-06 1.25652e-06 2.16234e-07 2.94869e-08 3.00495e-09 1.66333e-10 0 
0 6.35598e-06 5.27283e-05 0.000167016 0.00028235 0.000335668 0.000357557 0.000382165 0.000415304 0.000451918 0.000486464 0.000514982 0.000534944 0.000544933 0.000544438 0.000533687 0.000513459 0.000484852 0.000448977 0.000406537 0.000357151 0.000298568 0.000230687 0.000183765 0.000262458 0.000806069 0.00169953 0.00185928 0.00187773 0.0017953 0.00136938 0.000329772 7.60992e-05 1.70953e-05 4.76973e-06 1.0436e-06 1.7408e-07 2.32153e-08 2.32603e-09 1.27e-10 0 
0 3.20128e-06 2.90262e-05 0.000109521 0.000229052 0.0003163 0.000350919 0.000363357 0.000375665 0.000392259 0.000410488 0.000426833 0.000438663 0.0004444 0.000443358 0.000435536 0.00042141 0.000401672 0.000376825 0.000346425 0.00030769 0.000254494 0.000186533 0.000146286 0.000249542 0.000973086 0.00174041 0.00187773 0.00189672 0.00183026 0.00155643 0.000382084 8.16088e-05 1.60125e-05 3.77885e-06 7.66486e-07 1.2383e-07 1.62795e-08 1.61854e-09 8.79077e-11 0 
0 1.44042e-06 1.38185e-05 5.95207e-05 0.000152132 0.0002576 0.000327505 0.000356287 0.000364703 0.000368404 0.000372656 0.000377403 0.00038114 0.000382509 0.000380721 0.00037555 0.000367128 0.000355586 0.000340368 0.000318996 0.000285415 0.000230975 0.000158718 0.000112174 0.00018337 0.000533401 0.00156075 0.0017953 0.00183026 0.00171592 0.00101303 0.000268249 6.0549e-05 1.18085e-05 2.54417e-06 4.81771e-07 7.6103e-08 9.97898e-09 9.95275e-10 5.4286e-11 0 
0 5.78342e-07 5.70163e-06 2.67286e-05 7.96877e-05 0.00016465 0.000253243 0.000316053 0.000348128 0.000360281 0.000363379 0.000363312 0.000362224 0.000360518 0.000358041 0.000354531 0.000349583 0.000342229 0.000330153 0.000308697 0.000270819 0.000211552 0.000140092 8.74753e-05 0.00010467 0.000262565 0.000622617 0.00136938 0.00155643 0.00101303 0.000402715 0.000133281 3.1175e-05 6.60041e-06 1.3838e-06 2.52977e-07 3.99061e-08 5.29627e-09 5.35973e-10 2.96387e-11 0 
0 2.07393e-07 2.05319e-06 1.00454e-05 3.29836e-05 7.91527e-05 0.000145618 0.000215966 0.000273236 0.000311084 0.000332341 0.000342641 0.000346588 0.000346921 0.000344868 0.000340571 0.000333242 0.000321066 0.000301103 0.00026972 0.000224576 0.000168642 0.000112988 7.12311e-05 5.70242e-05 9.74113e-05 0.000205116 0.000329772 0.000382084 0.000268249 0.000133281 4.53199e-05 1.18809e-05 2.83043e-06 5.98161e-07 1.10199e-07 1.78036e-08 2.42691e-09 2.51833e-10 1.4242e-11 0 
0 6.65235e-08 6.50606e-07 3.22054e-06 1.10861e-05 2.90752e-05 6.06273e-05 0.000103927 0.000151673 0.000195438 0.000229943 0.000253865 0.000268247 0.000274738 0.00027459 0.000268316 0.000255721 0.000236172 0.000209159 0.000175215 0.000136999 9.96933e-05 6.92996e-05 4.87119e-05 3.66864e-05 3.59968e-05 5.26814e-05 7.60992e-05 8.16088e-05 6.0549e-05 3.1175e-05 1.18809e-05 3.68083e-06 9.5194e-07 2.08886e-07 4.02319e-08 6.78934e-09 9.61459e-10 1.03175e-10 6.0108e-12 0 
0 1.90957e-08 1.8257e-07 8.96098e-07 3.12544e-06 8.53147e-06 1.90336e-05 3.56902e-05 5.76388e-05 8.21219e-05 0.000105642 0.000125256 0.000139175 0.000146667 0.000147675 0.000142498 0.000131686 0.000116107 9.71132e-05 7.66481e-05 5.71119e-05 4.08589e-05 2.93958e-05 2.26594e-05 1.90592e-05 1.70071e-05 1.65016e-05 1.70953e-05 1.60125e-05 1.18085e-05 6.60041e-06 2.83043e-06 9.5194e-07 2.60696e-07 6.10332e-08 1.25252e-08 2.2291e-09 3.30199e-10 3.68671e-11 2.22482e-12 0 
0 4.89363e-09 4.54624e-08 2.18674e-07 7.57163e-07 2.0853e-06 4.77648e-06 9.34317e-06 1.59226e-05 2.40609e-05 3.27664e-05 4.08024e-05 4.70333e-05 5.06643e-05 5.1332e-05 4.90942e-05 4.43728e-05 3.7879e-05 3.05134e-05 2.32318e-05 1.68787e-05 1.20227e-05 8.84634e-06 7.13271e-06 6.36337e-06 5.93982e-06 5.46077e-06 4.76973e-06 3.77885e-06 2.54417e-06 1.3838e-06 5.98161e-07 2.08886e-07 6.10332e-08 1.53724e-08 3.36667e-09 6.33016e-10 9.84051e-11 1.14742e-11 7.19971e-13 0 
0 1.11067e-09 9.9968e-09 4.68367e-08 1.59246e-07 4.34981e-07 9.9885e-07 1.97884e-06 3.44377e-06 5.34143e-06 7.47656e-06 9.54754e-06 1.1226e-05 1.22438e-05 1.24553e-05 1.18621e-05 1.06012e-05 8.90496e-06 7.04698e-06 5.284e-06 3.80851e-06 2.72117e-06 2.02784e-06 1.65693e-06 1.48847e-06 1.38975e-06 1.25652e-06 1.0436e-06 7.66486e-07 4.81771e-07 2.52977e-07 1.10199e-07 4.02319e-08 1.25252e-08 3.36667e-09 7.82308e-10 1.55189e-10 2.53414e-11 3.09139e-12 2.02128e-13 0 
0 2.19129e-10 1.90915e-09 8.69021e-09 2.88645e-08 7.75356e-08 1.76342e-07 3.48377e-07 6.08108e-07 9.50045e-07 1.34251e-06 1.73127e-06 2.05272e-06 2.25154e-06 2.29568e-06 2.18394e-06 1.9442e-06 1.6242e-06 1.27851e-06 9.55822e-07 6.89968e-07 4.96178e-07 3.72428e-07 3.0401e-07 2.69297e-07 2.45757e-07 2.16234e-07 1.7408e-07 1.2383e-07 7.6103e-08 3.99061e-08 1.78036e-08 6.78934e-09 2.2291e-09 6.33016e-10 1.55189e-10 3.24074e-11 5.5556e-12 7.09226e-13 4.83607e-14 0 
0 3.60585e-11 3.04221e-10 1.34475e-09 4.35521e-09 1.14631e-08 2.56783e-08 5.02179e-08 8.71617e-08 1.35887e-07 1.92103e-07 2.48186e-07 2.94943e-07 3.24155e-07 3.30933e-07 3.14976e-07 2.80385e-07 2.34243e-07 1.84578e-07 1.38422e-07 1.00514e-07 7.284e-08 5.49253e-08 4.45719e-08 3.87393e-08 3.44246e-08 2.94869e-08 2.32153e-08 1.62795e-08 9.97898e-09 5.29627e-09 2.42691e-09 9.61459e-10 3.30199e-10 9.84051e-11 2.53414e-11 5.5556e-12 9.9818e-13 1.33233e-13 9.47242e-15 0 
0 4.47318e-12 3.65901e-11 1.57182e-10 4.96351e-10 1.27876e-09 2.81548e-09 5.43384e-09 9.34223e-09 1.44731e-08 2.03835e-08 2.62847e-08 3.12177e-08 3.43171e-08 3.50609e-08 3.34098e-08 2.97921e-08 2.49539e-08 1.97408e-08 1.48908e-08 1.08963e-08 7.95869e-09 6.0217e-09 4.85276e-09 4.14061e-09 3.59062e-09 3.00495e-09 2.32603e-09 1.61854e-09 9.95275e-10 5.35973e-10 2.51833e-10 1.03175e-10 3.68671e-11 1.14742e-11 3.09139e-12 7.09226e-13 1.33233e-13 1.85631e-14 1.37472e-15 0 
0 2.99245e-13 2.37719e-12 9.93826e-12 3.06288e-11 7.72655e-11 1.67155e-10 3.18084e-10 5.40954e-10 8.31383e-10 1.16444e-09 1.4963e-09 1.77377e-09 1.94872e-09 1.99191e-09 1.90088e-09 1.69926e-09 1.42856e-09 1.13599e-09 8.62795e-10 6.36544e-10 4.68478e-10 3.55432e-10 2.8451e-10 2.38779e-10 2.02708e-10 1.66333e-10 1.27e-10 8.79077e-11 5.4286e-11 2.96387e-11 1.4242e-11 6.0108e-12 2.22482e-12 7.19971e-13 2.02128e-13 4.83607e-14 9.47242e-15 1.37472e-15 1.05889e-16 0 
0 0 0 0 0 0 0 0 0 0 0 0 0 0 0 0 0 0 0 0 0 0 0 0 0 0 0 0 0 0 0 0 0 0 0 0 0 0 0 0 0 
