0 0 0 0 0 0 0 0 0 0 0 0 0 0 0 0 0 0 0 0 0 0 0 0 0 0 0 0 0 0 0 0 0 0 0 0 0 0 0 0 0 
0 1.97642e-07 1.76032e-06 7.74393e-06 2.32948e-05 5.32701e-05 9.83957e-05 0.000153971 0.000212461 0.000266991 0.000313059 0.000348461 0.000372515 0.000385336 0.000387393 0.000379296 0.000361743 0.00033556 0.000301817 0.000261985 0.000218095 0.000172779 0.000129103 9.0115e-05 5.81926e-05 3.44586e-05 1.85768e-05 9.07386e-06 4.00642e-06 1.59882e-06 5.77373e-07 1.88987e-07 5.61244e-08 1.51108e-08 3.6738e-09 7.98839e-10 1.52245e-10 2.4366e-11 2.95624e-12 1.94283e-13 0 
0 1.76032e-06 1.60226e-05 6.9281e-05 0.000194544 0.000395921 0.000633131 0.000856289 0.00103997 0.00118219 0.00128937 0.00136723 0.00141885 0.00144567 0.00144875 0.00142945 0.00138956 0.00133094 0.00125492 0.00116167 0.00105008 0.000918619 0.000767686 0.000602813 0.000436589 0.000286421 0.00016772 8.68691e-05 3.96913e-05 1.60424e-05 5.76956e-06 1.85851e-06 5.39017e-07 1.41099e-07 3.32799e-08 7.01561e-09 1.29668e-09 2.01455e-10 2.37592e-11 1.52023e-12 0 
0 7.74393e-06 6.9281e-05 0.000274851 0.000657764 0.00110058 0.00147741 0.00177264 0.00201931 0.00223715 0.00242669 0.00258017 0.00268933 0.00274867 0.00275655 0.00271511 0.00262985 0.00250888 0.00236187 0.00219863 0.00202704 0.00185023 0.00166361 0.00145426 0.00120755 0.000922566 0.000626653 0.000368056 0.000184281 7.87115e-05 2.90027e-05 9.35723e-06 2.67854e-06 6.86123e-07 1.5765e-07 3.23134e-08 5.80513e-09 8.77186e-10 1.00738e-10 6.2858e-12 0 
0 2.32948e-05 0.000194544 0.000657764 0.00127563 0.0018051 0.00224341 0.00266462 0.00308564 0.00348716 0.00384324 0.00413163 0.00433622 0.00444774 0.00446376 0.00438833 0.00423107 0.00400605 0.00373042 0.00342299 0.00310294 0.00278818 0.00249256 0.00222027 0.00195763 0.0016699 0.0013204 0.000916625 0.000533186 0.000254316 0.000100078 3.32322e-05 9.54657e-06 2.41726e-06 5.4457e-07 1.09016e-07 1.9101e-08 2.81498e-09 3.15547e-10 1.92424e-11 0 
0 5.32701e-05 0.000395921 0.00110058 0.0018051 0.00240928 0.00303252 0.00369869 0.00437108 0.00500585 0.00556406 0.00601394 0.00633239 0.00650604 0.00653158 0.00641529 0.00617178 0.00582216 0.00539192 0.00490876 0.0044005 0.00389363 0.00341215 0.00297617 0.00259723 0.00226599 0.00193674 0.00153977 0.00105703 0.000587537 0.000258183 9.12514e-05 2.68788e-05 6.81609e-06 1.51795e-06 2.98446e-07 5.12128e-08 7.38578e-09 8.10438e-10 4.84218e-11 0 
0 9.83957e-05 0.000633131 0.00147741 0.00224341 0.00303252 0.00392263 0.00487271 0.00582244 0.00671424 0.00749637 0.00812583 0.00857111 0.00881392 0.00884983 0.00868759 0.00834746 0.00785863 0.00725624 0.00657821 0.0058624 0.00514411 0.0044546 0.00382033 0.00326277 0.00279481 0.00240544 0.00203363 0.00158067 0.00102722 0.000519207 0.000201655 6.23433e-05 1.60673e-05 3.56969e-06 6.93549e-07 1.17089e-07 1.65857e-08 1.78711e-09 1.04905e-10 0 
0 0.000153971 0.000856289 0.00177264 0.00266462 0.00369869 0.00487271 0.00611608 0.00735428 0.00851496 0.00953196 0.01035 0.0109287 0.0112444 0.0112909 0.0110796 0.0106371 0.0100014 0.00921788 0.00833527 0.00740218 0.00646369 0.00555908 0.00472057 0.0039735 0.00333701 0.00282008 0.00239931 0.00198374 0.00145495 0.000847114 0.000368913 0.000122156 3.24527e-05 7.25854e-06 1.40214e-06 2.33962e-07 3.26721e-08 3.468e-09 2.00575e-10 0 
0 0.000212461 0.00103997 0.00201931 0.00308564 0.00437108 0.00582244 0.00735428 0.00887772 0.0103048 0.011555 0.0125629 0.0132815 0.0136785 0.0137374 0.0134699 0.0129161 0.0121291 0.0111641 0.0100783 0.00892988 0.00777365 0.00665714 0.0056188 0.00468769 0.00388475 0.00322409 0.00270445 0.00227242 0.00179261 0.00117444 0.000574979 0.000206447 5.71698e-05 1.29737e-05 2.50546e-06 4.14943e-07 5.73284e-08 6.01316e-09 3.43606e-10 0 
0 0.000266991 0.00118219 0.00223715 0.00348716 0.00500585 0.00671424 0.00851496 0.0103048 0.0119813 0.0134551 0.014661 0.0155429 0.016038 0.0161122 0.0157783 0.0150905 0.0141335 0.0129854 0.0117064 0.0103565 0.0089971 0.00768321 0.00645935 0.00535848 0.00440307 0.00360772 0.0029786 0.00249047 0.00203303 0.0014492 0.000787313 0.000307132 8.91914e-05 2.06476e-05 4.00343e-06 6.60438e-07 9.05601e-08 9.41347e-09 5.32861e-10 0 
0 0.000313059 0.00128937 0.00242669 0.00384324 0.00556406 0.00749637 0.00953196 0.011555 0.0134551 0.0151475 0.0165529 0.0175475 0.0180665 0.0181402 0.0177958 0.0170403 0.0159296 0.0145923 0.0131297 0.0116008 0.0100638 0.00857787 0.0071926 0.00594454 0.0048578 0.00394676 0.00321881 0.0026631 0.00219908 0.00165366 0.000975688 0.00041043 0.000124993 2.95847e-05 5.77482e-06 9.51521e-07 1.29838e-07 1.34094e-08 7.53763e-10 0 
0 0.000348461 0.00136723 0.00258017 0.00413163 0.00601394 0.00812583 0.01035 0.0125629 0.014661 0.0165529 0.0180442 0.0189784 0.0194281 0.0194877 0.0191869 0.0184992 0.0173824 0.0159116 0.014279 0.012596 0.0109153 0.0092917 0.00777755 0.00641219 0.00522121 0.00421886 0.00341199 0.00279574 0.00231122 0.0017924 0.00112221 0.000501928 0.000159418 3.85403e-05 7.58071e-06 1.24982e-06 1.70072e-07 1.74904e-08 9.78455e-10 0 
0 0.000372515 0.00141885 0.00268933 0.00433622 0.00633239 0.00857111 0.0109287 0.0132815 0.0155429 0.0175475 0.0189784 0.0198102 0.0202047 0.0202542 0.0199838 0.0193678 0.0183351 0.0168522 0.0151002 0.0132944 0.011509 0.00978865 0.00818428 0.00673698 0.00547335 0.00440764 0.00354593 0.00288547 0.0023803 0.00187633 0.00122076 0.00057057 0.000187169 4.604e-05 9.11969e-06 1.50582e-06 2.04676e-07 2.1e-08 1.17148e-09 0 
0 0.000385336 0.00144567 0.00274867 0.00444774 0.00650604 0.00881392 0.0112444 0.0136785 0.016038 0.0180665 0.0194281 0.0202047 0.0205727 0.0206163 0.0203584 0.0197757 0.0187974 0.0173468 0.0155454 0.0136656 0.0118206 0.0100481 0.00839558 0.00690474 0.00560264 0.00450346 0.00361276 0.00292838 0.00241075 0.0019147 0.00127192 0.000610019 0.000204171 5.0801e-05 1.01153e-05 1.67317e-06 2.27444e-07 2.33199e-08 1.29957e-09 0 
0 0.000387393 0.00144875 0.00275655 0.00446376 0.00653158 0.00884983 0.0112909 0.0137374 0.0161122 0.0181402 0.0194877 0.0202542 0.0206163 0.020657 0.0203986 0.0198184 0.018846 0.0174001 0.0155906 0.0136981 0.0118444 0.0100654 0.00840737 0.00691187 0.00560586 0.00450332 0.0036096 0.00292256 0.00240437 0.00191327 0.00127855 0.000618169 0.000208351 5.2083e-05 1.03993e-05 1.72302e-06 2.34476e-07 2.40606e-08 1.34176e-09 0 
0 0.000379296 0.00142945 0.00271511 0.00438833 0.00641529 0.00868759 0.0110796 0.0134699 0.0157783 0.0177958 0.0191869 0.0199838 0.0203584 0.0203986 0.020128 0.0195225 0.0185108 0.0170349 0.0152497 0.0134057 0.0115932 0.00985111 0.008228 0.00676468 0.0054875 0.00441017 0.00353806 0.00286874 0.00236217 0.00187468 0.00124356 0.000596198 0.000199839 4.98572e-05 9.95871e-06 1.6526e-06 2.25367e-07 2.31798e-08 1.29579e-09 0 
0 0.000361743 0.00138956 0.00262985 0.00423107 0.00617178 0.00834746 0.0106371 0.0129161 0.0150905 0.0170403 0.0184992 0.0193678 0.0197757 0.0198184 0.0195225 0.0188619 0.0177744 0.0162767 0.0145722 0.0128263 0.0110958 0.00942885 0.00787636 0.00647781 0.00525846 0.0042317 0.00340317 0.00276953 0.0022845 0.00179891 0.00116964 0.000547971 0.000180743 4.47684e-05 8.93121e-06 1.48493e-06 2.03189e-07 2.09841e-08 1.17819e-09 0 
0 0.00033556 0.00133094 0.00250888 0.00400605 0.00582216 0.00785863 0.0100014 0.0121291 0.0141335 0.0159296 0.0173824 0.0183351 0.0187974 0.018846 0.0185108 0.0177744 0.0166323 0.0151984 0.0136309 0.0120114 0.010393 0.00883213 0.00737939 0.00607208 0.00493414 0.00397871 0.00321179 0.00262776 0.0021699 0.00168377 0.00106023 0.000479863 0.000154669 3.79309e-05 7.55731e-06 1.26053e-06 1.73406e-07 1.80215e-08 1.01866e-09 0 
0 0.000301817 0.00125492 0.00236187 0.00373042 0.00539192 0.00725624 0.00921788 0.0111641 0.0129854 0.0145923 0.0159116 0.0168522 0.0173468 0.0174001 0.0170349 0.0162767 0.0151984 0.0139108 0.0124971 0.0110175 0.00953281 0.00810082 0.00676897 0.0055719 0.00453221 0.00366295 0.00297029 0.00244384 0.00201329 0.00152615 0.000921669 0.000400664 0.000126021 3.0637e-05 6.11061e-06 1.02536e-06 1.42226e-07 1.49176e-08 8.51254e-10 0 
0 0.000261985 0.00116167 0.00219863 0.00342299 0.00490876 0.00657821 0.00833527 0.0100783 0.0117064 0.0131297 0.014279 0.0151002 0.0155454 0.0155906 0.0152497 0.0145722 0.0136309 0.0124971 0.0112337 0.00990331 0.00856667 0.0072775 0.00607892 0.00500273 0.00407029 0.00329478 0.0026815 0.00221234 0.00180528 0.00132561 0.000765615 0.000320971 9.92051e-05 2.40692e-05 4.83277e-06 8.19585e-07 1.15064e-07 1.2219e-08 7.05766e-10 0 
0 0.000218095 0.00105008 0.00202704 0.00310294 0.0044005 0.0058624 0.00740218 0.00892988 0.0103565 0.0116008 0.012596 0.0132944 0.0136656 0.0136981 0.0134057 0.0128263 0.0120114 0.0110175 0.00990331 0.00872765 0.00754543 0.00640416 0.00534231 0.00438878 0.00356387 0.0028805 0.00234122 0.00192005 0.00153636 0.00109112 0.000610225 0.000251677 7.78453e-05 1.90953e-05 3.89194e-06 6.7046e-07 9.55504e-08 1.02881e-08 6.01695e-10 0 
0 0.000172779 0.000918619 0.00185023 0.00278818 0.00389363 0.00514411 0.00646369 0.00777365 0.0089971 0.0100638 0.0109153 0.011509 0.0118206 0.0118444 0.0115932 0.0110958 0.010393 0.00953281 0.00856667 0.00754543 0.0065161 0.00551959 0.00458942 0.00375157 0.00302501 0.00242128 0.00193952 0.00155548 0.00121247 0.000847708 0.000477039 0.000201552 6.4225e-05 1.61817e-05 3.3691e-06 5.89968e-07 8.51429e-08 9.25681e-09 5.45425e-10 0 
0 0.000129103 0.000767686 0.00166361 0.00249256 0.00341215 0.0044546 0.00555908 0.00665714 0.00768321 0.00857787 0.0092917 0.00978865 0.0100481 0.0100654 0.00985111 0.00942885 0.00883213 0.00810082 0.0072775 0.00640416 0.00551959 0.00465769 0.00384684 0.00311023 0.00246656 0.00192826 0.00149668 0.00115848 0.000884956 0.00063323 0.000381135 0.000174142 5.89273e-05 1.53856e-05 3.26036e-06 5.75037e-07 8.31192e-08 9.02393e-09 5.30045e-10 0 
0 9.0115e-05 0.000602813 0.00145426 0.00222027 0.00297617 0.00382033 0.00472057 0.0056188 0.00645935 0.0071926 0.00777755 0.00818428 0.00839558 0.00840737 0.008228 0.00787636 0.00737939 0.00676897 0.00607892 0.00534231 0.00458942 0.00384684 0.00313828 0.00248965 0.00193694 0.00151536 0.00121219 0.000959249 0.000716349 0.000503804 0.000323741 0.000165139 6.05053e-05 1.6335e-05 3.47672e-06 6.07892e-07 8.67059e-08 9.27879e-09 5.37356e-10 0 
0 5.81926e-05 0.000436589 0.00120755 0.00195763 0.00259723 0.00326277 0.0039735 0.00468769 0.00535848 0.00594454 0.00641219 0.00673698 0.00690474 0.00691187 0.00676468 0.00647781 0.00607208 0.0055719 0.00500273 0.00438878 0.00375157 0.00311023 0.00248965 0.00195146 0.0016259 0.00160899 0.00174073 0.00165507 0.00121592 0.000690165 0.000347369 0.000170059 6.58936e-05 1.82154e-05 3.83965e-06 6.56675e-07 9.14291e-08 9.56372e-09 5.42545e-10 0 
0 3.44586e-05 0.000286421 0.000922566 0.0016699 0.00226599 0.00279481 0.00333701 0.00388475 0.00440307 0.0048578 0.00522121 0.00547335 0.00560264 0.00560586 0.0054875 0.00525846 0.00493414 0.00453221 0.00407029 0.00356387 0.00302501 0.00246656 0.00193694 0.0016259 0.00191033 0.00301164 0.00435655 0.00474737 0.00342133 0.00174149 0.000644281 0.000215291 7.37759e-05 2.0011e-05 4.10752e-06 6.81098e-07 9.21724e-08 9.40496e-09 5.22169e-10 0 
0 1.85768e-05 0.00016772 0.000626653 0.0013204 0.00193674 0.00240544 0.00282008 0.00322409 0.00360772 0.00394676 0.00421886 0.00440764 0.00450346 0.00450332 0.00441017 0.0042317 0.00397871 0.00366295 0.00329478 0.0028805 0.00242128 0.00192826 0.00151536 0.00160899 0.00301164 0.00626646 0.0112325 0.01262 0.00858721 0.00401863 0.00136043 0.000344423 8.66995e-05 2.09354e-05 4.05959e-06 6.47346e-07 8.5189e-08 8.50493e-09 4.63743e-10 0 
0 9.07386e-06 8.68691e-05 0.000368056 0.000916625 0.00153977 0.00203363 0.00239931 0.00270445 0.0029786 0.00321881 0.00341199 0.00354593 0.00361276 0.0036096 0.00353806 0.00340317 0.00321179 0.00297029 0.0026815 0.00234122 0.00193952 0.00149668 0.00121219 0.00174073 0.00435655 0.0112325 0.0146277 0.0150207 0.0137664 0.00714423 0.00218056 0.00050357 0.00010026 2.02366e-05 3.58638e-06 5.46117e-07 7.01586e-08 6.89856e-09 3.71812e-10 0 
0 4.00642e-06 3.96913e-05 0.000184281 0.000533186 0.00105703 0.00158067 0.00198374 0.00227242 0.00249047 0.0026631 0.00279574 0.00288547 0.00292838 0.00292256 0.00286874 0.00276953 0.00262776 0.00244384 0.00221234 0.00192005 0.00155548 0.00115848 0.000959249 0.00165507 0.00474737 0.01262 0.0150207 0.0153231 0.0143053 0.00854015 0.00240157 0.000540633 9.72674e-05 1.69909e-05 2.73933e-06 3.99507e-07 5.0531e-08 4.93904e-09 2.65334e-10 0 
0 1.59882e-06 1.60424e-05 7.87115e-05 0.000254316 0.000587537 0.00102722 0.00145495 0.00179261 0.00203303 0.00219908 0.00231122 0.0023803 0.00241075 0.00240437 0.00236217 0.0022845 0.0021699 0.00201329 0.00180528 0.00153636 0.00121247 0.000884956 0.000716349 0.00121592 0.00342133 0.00858721 0.0137664 0.0143053 0.0120812 0.00544791 0.00177919 0.000400533 7.08542e-05 1.15203e-05 1.74652e-06 2.48994e-07 3.14605e-08 3.09124e-09 1.67075e-10 0 
0 5.77373e-07 5.76956e-06 2.90027e-05 0.000100078 0.000258183 0.000519207 0.000847114 0.00117444 0.0014492 0.00165366 0.0017924 0.00187633 0.0019147 0.00191327 0.00187468 0.00179891 0.00168377 0.00152615 0.00132561 0.00109112 0.000847708 0.00063323 0.000503804 0.000690165 0.00174149 0.00401863 0.00714423 0.00854015 0.00544791 0.00267106 0.000883929 0.00020396 3.74066e-05 6.03153e-06 9.07952e-07 1.30945e-07 1.68391e-08 1.68325e-09 9.23871e-11 0 
0 1.88987e-07 1.85851e-06 9.35723e-06 3.32322e-05 9.12514e-05 0.000201655 0.000368913 0.000574979 0.000787313 0.000975688 0.00112221 0.00122076 0.00127192 0.00127855 0.00124356 0.00116964 0.00106023 0.000921669 0.000765615 0.000610225 0.000477039 0.000381135 0.000323741 0.000347369 0.000644281 0.00136043 0.00218056 0.00240157 0.00177919 0.000883929 0.000299118 7.35925e-05 1.44256e-05 2.4308e-06 3.84974e-07 5.81706e-08 7.74791e-09 7.96471e-10 4.47724e-11 0 
0 5.61244e-08 5.39017e-07 2.67854e-06 9.54657e-06 2.68788e-05 6.23433e-05 0.000122156 0.000206447 0.000307132 0.00041043 0.000501928 0.00057057 0.000610019 0.000618169 0.000596198 0.000547971 0.000479863 0.000400664 0.000320971 0.000251677 0.000201552 0.000174142 0.000165139 0.000170059 0.000215291 0.000344423 0.00050357 0.000540633 0.000400533 0.00020396 7.35925e-05 1.97962e-05 4.2183e-06 7.81458e-07 1.36127e-07 2.2036e-08 3.07505e-09 3.27778e-10 1.90046e-11 0 
0 1.51108e-08 1.41099e-07 6.86123e-07 2.41726e-06 6.81609e-06 1.60673e-05 3.24527e-05 5.71698e-05 8.91914e-05 0.000124993 0.000159418 0.000187169 0.000204171 0.000208351 0.000199839 0.000180743 0.000154669 0.000126021 9.92051e-05 7.78453e-05 6.4225e-05 5.89273e-05 6.05053e-05 6.58936e-05 7.37759e-05 8.66995e-05 0.00010026 9.72674e-05 7.08542e-05 3.74066e-05 1.44256e-05 4.2183e-06 1.00507e-06 2.12361e-07 4.13002e-08 7.19501e-09 1.05694e-09 1.17457e-10 7.06146e-12 0 
0 3.6738e-09 3.32799e-08 1.5765e-07 5.4457e-07 1.51795e-06 3.56969e-06 7.25854e-06 1.29737e-05 2.06476e-05 2.95847e-05 3.85403e-05 4.604e-05 5.0801e-05 5.2083e-05 4.98572e-05 4.47684e-05 3.79309e-05 3.0637e-05 2.40692e-05 1.90953e-05 1.61817e-05 1.53856e-05 1.6335e-05 1.82154e-05 2.0011e-05 2.09354e-05 2.02366e-05 1.69909e-05 1.15203e-05 6.03153e-06 2.4308e-06 7.81458e-07 2.12361e-07 5.10478e-08 1.09312e-08 2.03622e-09 3.15088e-10 3.66191e-11 2.29096e-12 0 
0 7.98839e-10 7.01561e-09 3.23134e-08 1.09016e-07 2.98446e-07 6.93549e-07 1.40214e-06 2.50546e-06 4.00343e-06 5.77482e-06 7.58071e-06 9.11969e-06 1.01153e-05 1.03993e-05 9.95871e-06 8.93121e-06 7.55731e-06 6.11061e-06 4.83277e-06 3.89194e-06 3.3691e-06 3.26036e-06 3.47672e-06 3.83965e-06 4.10752e-06 4.05959e-06 3.58638e-06 2.73933e-06 1.74652e-06 9.07952e-07 3.84974e-07 1.36127e-07 4.13002e-08 1.09312e-08 2.52095e-09 4.98178e-10 8.11377e-11 9.87503e-12 6.44196e-13 0 
0 1.52245e-10 1.29668e-09 5.80513e-09 1.9101e-08 5.12128e-08 1.17089e-07 2.33962e-07 4.14943e-07 6.60438e-07 9.51521e-07 1.24982e-06 1.50582e-06 1.67317e-06 1.72302e-06 1.6526e-06 1.48493e-06 1.26053e-06 1.02536e-06 8.19585e-07 6.7046e-07 5.89968e-07 5.75037e-07 6.07892e-07 6.56675e-07 6.81098e-07 6.47346e-07 5.46117e-07 3.99507e-07 2.48994e-07 1.30945e-07 5.81706e-08 2.2036e-08 7.19501e-09 2.03622e-09 4.98178e-10 1.03873e-10 1.77804e-11 2.26623e-12 1.54265e-13 0 
0 2.4366e-11 2.01455e-10 8.77186e-10 2.81498e-09 7.38578e-09 1.65857e-08 3.26721e-08 5.73284e-08 9.05601e-08 1.29838e-07 1.70072e-07 2.04676e-07 2.27444e-07 2.34476e-07 2.25367e-07 2.03189e-07 1.73406e-07 1.42226e-07 1.15064e-07 9.55504e-08 8.51429e-08 8.31192e-08 8.67059e-08 9.14291e-08 9.21724e-08 8.5189e-08 7.01586e-08 5.0531e-08 3.14605e-08 1.68391e-08 7.74791e-09 3.07505e-09 1.05694e-09 3.15088e-10 8.11377e-11 1.77804e-11 3.19226e-12 4.25663e-13 3.02265e-14 0 
0 2.95624e-12 2.37592e-11 1.00738e-10 3.15547e-10 8.10438e-10 1.78711e-09 3.468e-09 6.01316e-09 9.41347e-09 1.34094e-08 1.74904e-08 2.1e-08 2.33199e-08 2.40606e-08 2.31798e-08 2.09841e-08 1.80215e-08 1.49176e-08 1.2219e-08 1.02881e-08 9.25681e-09 9.02393e-09 9.27879e-09 9.56372e-09 9.40496e-09 8.50493e-09 6.89856e-09 4.93904e-09 3.09124e-09 1.68325e-09 7.96471e-10 3.27778e-10 1.17457e-10 3.66191e-11 9.87503e-12 2.26623e-12 4.25663e-13 5.9277e-14 4.38649e-15 0 
0 1.94283e-13 1.52023e-12 6.2858e-12 1.92424e-11 4.84218e-11 1.04905e-10 2.00575e-10 3.43606e-10 5.32861e-10 7.53763e-10 9.78455e-10 1.17148e-09 1.29957e-09 1.34176e-09 1.29579e-09 1.17819e-09 1.01866e-09 8.51254e-10 7.05766e-10 6.01695e-10 5.45425e-10 5.30045e-10 5.37356e-10 5.42545e-10 5.22169e-10 4.63743e-10 3.71812e-10 2.65334e-10 1.67075e-10 9.23871e-11 4.47724e-11 1.90046e-11 7.06146e-12 2.29096e-12 6.44196e-13 1.54265e-13 3.02265e-14 4.38649e-15 3.37747e-16 0 
0 0 0 0 0 0 0 0 0 0 0 0 0 0 0 0 0 0 0 0 0 0 0 0 0 0 0 0 0 0 0 0 0 0 0 0 0 0 0 0 0 
