0 0 0 0 0 0 0 0 0 0 0 0 0 0 0 0 0 0 0 0 0 0 0 0 0 0 0 0 0 0 0 0 0 0 0 0 0 0 0 0 0 
0 1.72316e-07 1.49771e-06 6.28036e-06 1.75917e-05 3.68581e-05 6.20596e-05 8.89684e-05 0.000113759 0.000134334 0.000150121 0.000161362 0.000168561 0.000172197 0.000172629 0.000170093 0.000164712 0.000156533 0.000145567 0.000131875 0.000115678 9.74922e-05 7.82174e-05 5.91139e-05 4.16132e-05 2.69786e-05 1.59426e-05 8.51602e-06 4.08932e-06 1.7608e-06 6.79822e-07 2.35671e-07 7.34638e-08 2.05938e-08 5.17612e-09 1.15648e-09 2.25311e-10 3.67056e-11 4.51737e-12 3.00302e-13 0 
0 1.49771e-06 1.30846e-05 5.20272e-05 0.00012895 0.000226855 0.000315475 0.000380341 0.000424594 0.000456026 0.000479811 0.000497878 0.000510377 0.00051695 0.000517431 0.000512096 0.000501658 0.000487089 0.000469303 0.000448725 0.000424817 0.000395789 0.00035886 0.000311486 0.000253501 0.000189079 0.000126479 7.45876e-05 3.83935e-05 1.72126e-05 6.74833e-06 2.33069e-06 7.14397e-07 1.95322e-07 4.76661e-08 1.03195e-08 1.94735e-09 3.07479e-10 3.67236e-11 2.37305e-12 0 
0 6.28036e-06 5.20272e-05 0.000178054 0.000350512 0.000487758 0.000575046 0.000642155 0.000707702 0.000773429 0.000834448 0.000885316 0.000921953 0.000941974 0.000944614 0.00093057 0.000901789 0.000861246 0.000812694 0.000760379 0.000708605 0.00066092 0.00061862 0.000578653 0.000532164 0.000466619 0.000374259 0.000263064 0.000156794 7.80622e-05 3.25652e-05 1.15522e-05 3.54715e-06 9.56402e-07 2.28144e-07 4.80688e-08 8.81337e-09 1.35207e-09 1.57045e-10 9.88349e-12 0 
0 1.75917e-05 0.00012895 0.000350512 0.000543526 0.000667846 0.000783967 0.000916305 0.00105727 0.00119398 0.0013157 0.00141437 0.0014844 0.00152257 0.00152806 0.00150224 0.00144841 0.0013714 0.00127709 0.00117202 0.00106302 0.00095704 0.00086095 0.000780712 0.00071856 0.000667575 0.000607147 0.000510144 0.000369429 0.000218214 0.000102898 3.91856e-05 1.23988e-05 3.35335e-06 7.90006e-07 1.63067e-07 2.91847e-08 4.36565e-09 4.94588e-10 3.03929e-11 0 
0 3.68581e-05 0.000226855 0.000487758 0.000667846 0.000836234 0.00103981 0.00126634 0.00149634 0.00171362 0.00190471 0.00205871 0.00216772 0.00222717 0.00223591 0.0021961 0.00211274 0.00199306 0.00184578 0.00168038 0.00150641 0.00133297 0.00116858 0.0010213 0.000898972 0.000807365 0.000742939 0.000681288 0.000578855 0.000413973 0.000231502 9.92412e-05 3.349e-05 9.28332e-06 2.18814e-06 4.46118e-07 7.83798e-08 1.14814e-08 1.27314e-09 7.66209e-11 0 
0 6.20596e-05 0.000315475 0.000575046 0.000783967 0.00103981 0.00134292 0.00166805 0.00199316 0.00229844 0.00256618 0.00278167 0.00293414 0.00301733 0.00302965 0.00297405 0.00285755 0.00269019 0.00248398 0.00225188 0.00200683 0.00176095 0.00152493 0.00130796 0.00111821 0.000963681 0.000851179 0.000777078 0.000709148 0.000588069 0.000392974 0.000196003 7.28921e-05 2.11894e-05 5.06857e-06 1.02984e-06 1.78703e-07 2.5752e-08 2.8055e-09 1.65887e-10 0 
0 8.89684e-05 0.000380341 0.000642155 0.000916305 0.00126634 0.00166805 0.00209368 0.00251754 0.00291487 0.0032632 0.00354504 0.00375004 0.00386851 0.00388722 0.00380672 0.00364607 0.00342461 0.00315558 0.00285336 0.00253394 0.00221267 0.001903 0.00161597 0.00136035 0.00114355 0.000973148 0.000855269 0.000780313 0.000698431 0.000538954 0.000314411 0.000131678 4.09461e-05 1.0074e-05 2.05748e-06 3.54718e-07 5.05147e-08 5.42688e-09 3.16289e-10 0 
0 0.000113759 0.000424594 0.000707702 0.00105727 0.00149634 0.00199316 0.00251754 0.00303906 0.00352809 0.00396432 0.0043578 0.00469205 0.00488942 0.00492173 0.00479348 0.00452477 0.00418228 0.00382598 0.00345034 0.00305691 0.0026611 0.00227889 0.00192345 0.00160472 0.00133003 0.00110569 0.000938775 0.000831947 0.000758545 0.000641678 0.000428853 0.000203247 6.84461e-05 1.75015e-05 3.61907e-06 6.23144e-07 8.80566e-08 9.36142e-09 5.39434e-10 0 
0 0.000134334 0.000456026 0.000773429 0.00119398 0.00171362 0.00229844 0.00291487 0.00352809 0.00411384 0.00471122 0.00525812 0.00557504 0.00571495 0.00573583 0.00564933 0.00543235 0.00503151 0.00450326 0.004014 0.00354566 0.00307992 0.00263014 0.00221119 0.00183433 0.00150731 0.00123554 0.00102464 0.000880708 0.000794063 0.000703419 0.000520728 0.000276273 0.000101024 2.69967e-05 5.68006e-06 9.80673e-07 1.37983e-07 1.45608e-08 8.31879e-10 0 
0 0.000150121 0.000479811 0.000834448 0.0013157 0.00190471 0.00256618 0.0032632 0.00396432 0.00471122 0.00543294 0.0058289 0.00603137 0.00612598 0.00614004 0.00607947 0.00593482 0.00567275 0.0052028 0.00455233 0.00397651 0.00344529 0.00293641 0.00246219 0.00203495 0.00166294 0.00135123 0.00110397 0.000927 0.000819428 0.000737928 0.000585047 0.000340422 0.000134276 3.75027e-05 8.0446e-06 1.39617e-06 1.96107e-07 2.05943e-08 1.1694e-09 0 
0 0.000161362 0.000497878 0.000885316 0.00141437 0.00205871 0.00278167 0.00354504 0.0043578 0.00525812 0.0058289 0.00611974 0.00628052 0.00635809 0.00636942 0.00631862 0.00620022 0.00599513 0.00565312 0.00505723 0.00434372 0.00373849 0.00318081 0.00266244 0.00219504 0.00178734 0.00144427 0.00116902 0.000966278 0.000838805 0.000756618 0.000625481 0.000389734 0.000163621 4.75177e-05 1.03824e-05 1.81299e-06 2.54651e-07 2.66667e-08 1.50813e-09 0 
0 0.000168561 0.000510377 0.000921953 0.0014844 0.00216772 0.00293414 0.00375004 0.00469205 0.00557504 0.00603137 0.00628052 0.00642308 0.00649276 0.00650264 0.00645614 0.00634925 0.00616807 0.0058779 0.00538613 0.00463692 0.00394728 0.00335109 0.00280167 0.00230622 0.00187366 0.00150886 0.00121445 0.000994102 0.000851799 0.000765714 0.000647858 0.000422416 0.000185523 5.55154e-05 1.23126e-05 2.16225e-06 3.03986e-07 3.17915e-08 1.79389e-09 0 
0 0.000172197 0.00051695 0.000941974 0.00152257 0.00222717 0.00301733 0.00386851 0.00488942 0.00571495 0.00612598 0.00635809 0.00649276 0.00655882 0.00656781 0.00652287 0.00642057 0.00624894 0.00597889 0.00553445 0.00480669 0.00406151 0.00344017 0.002874 0.00236365 0.00191791 0.00154166 0.00123717 0.00100753 0.000857007 0.000767848 0.000656826 0.000438981 0.000197929 6.03245e-05 1.35097e-05 2.38228e-06 3.35329e-07 3.50638e-08 1.97697e-09 0 
0 0.000172629 0.000517431 0.000944614 0.00152806 0.00223591 0.00302965 0.00388722 0.00492173 0.00573583 0.00614004 0.00636942 0.00650264 0.00656781 0.00657625 0.00653101 0.00642874 0.00625775 0.00598971 0.0055511 0.00482723 0.00407167 0.00344617 0.00287804 0.00236609 0.00191902 0.00154161 0.00123606 0.00100525 0.000853442 0.000763861 0.000655044 0.000440591 0.000200136 6.13499e-05 1.37885e-05 2.43639e-06 3.43347e-07 3.59283e-08 2.02673e-09 0 
0 0.000170093 0.000512096 0.00093057 0.00150224 0.0021961 0.00297405 0.00380672 0.00479348 0.00564933 0.00607947 0.00631862 0.00645614 0.00652287 0.00653101 0.00648376 0.0063774 0.00619908 0.00591717 0.00544805 0.00470131 0.00397992 0.0033726 0.00281664 0.00231571 0.0018785 0.00150972 0.00121163 0.000987313 0.00084084 0.000753736 0.000643316 0.000428207 0.000192491 5.8629e-05 1.31444e-05 2.32235e-06 3.27618e-07 3.43351e-08 1.9402e-09 0 
0 0.000164712 0.000501658 0.000901789 0.00144841 0.00211274 0.00285755 0.00364607 0.00452477 0.00543235 0.00593482 0.00620022 0.00634925 0.00642057 0.00642874 0.0063774 0.00626187 0.00606604 0.00574896 0.00520332 0.00445082 0.00380269 0.00322782 0.00269626 0.0022175 0.00180009 0.00144864 0.00116565 0.000954747 0.000819385 0.000736691 0.000620833 0.000402456 0.0001762 5.27668e-05 1.17417e-05 2.07094e-06 2.9249e-07 3.07294e-08 1.7417e-09 0 
0 0.000156533 0.000487089 0.000861246 0.0013714 0.00199306 0.00269019 0.00342461 0.00418228 0.00503151 0.00567275 0.00599513 0.00616807 0.00624894 0.00625775 0.00619908 0.00606604 0.00583486 0.00544199 0.00479267 0.00412914 0.00355871 0.00302346 0.00252614 0.00207861 0.00168907 0.00136207 0.00110057 0.00090893 0.000788975 0.000710634 0.000585388 0.00036406 0.000153258 4.47905e-05 9.86165e-06 1.73535e-06 2.45541e-07 2.58927e-08 1.47419e-09 0 
0 0.000145567 0.000469303 0.000812694 0.00127709 0.00184578 0.00248398 0.00315558 0.00382598 0.00450326 0.0052028 0.00565312 0.0058779 0.00597889 0.00598971 0.00591717 0.00574896 0.00544199 0.00491723 0.0043095 0.0037743 0.0032634 0.0027731 0.00231718 0.00190739 0.00155149 0.00125408 0.00101882 0.000850645 0.000747896 0.00067123 0.000533935 0.000314669 0.000126411 3.59485e-05 7.82925e-06 1.37588e-06 1.9533e-07 2.07103e-08 1.18656e-09 0 
0 0.000131875 0.000448725 0.000760379 0.00117202 0.00168038 0.00225188 0.00285336 0.00345034 0.004014 0.00455233 0.00505723 0.00538613 0.00553445 0.0055511 0.00544805 0.00520332 0.00479267 0.0043095 0.00384931 0.00339035 0.00293257 0.00249126 0.00208096 0.00171255 0.00139338 0.00112831 0.000921812 0.000778463 0.000690819 0.000611315 0.000464203 0.000257884 9.89614e-05 2.74769e-05 5.93975e-06 1.04548e-06 1.49292e-07 1.59497e-08 9.21316e-10 0 
0 0.000115678 0.000424817 0.000708605 0.00106302 0.00150641 0.00200683 0.00253394 0.00305691 0.00354566 0.00397651 0.00434372 0.00463692 0.00480669 0.00482723 0.00470131 0.00445082 0.00412914 0.0037743 0.00339035 0.00298768 0.00258297 0.00219229 0.0018288 0.00150239 0.0012201 0.000987153 0.000808421 0.000686313 0.000607166 0.000522795 0.000377956 0.000199858 7.42968e-05 2.03735e-05 4.40431e-06 7.80014e-07 1.12352e-07 1.21166e-08 7.06469e-10 0 
0 9.74922e-05 0.000395789 0.00066092 0.00095704 0.00133297 0.00176095 0.00221267 0.0026611 0.00307992 0.00344529 0.00373849 0.00394728 0.00406151 0.00407167 0.00397992 0.00380269 0.00355871 0.0032634 0.00293257 0.00258297 0.00223061 0.00188948 0.00157107 0.00128429 0.00103589 0.000831159 0.000673894 0.000563372 0.000485726 0.000404858 0.000284747 0.000148476 5.51563e-05 1.52313e-05 3.32498e-06 5.94794e-07 8.64841e-08 9.40715e-09 5.52714e-10 0 
0 7.82174e-05 0.00035886 0.00061862 0.00086095 0.00116858 0.00152493 0.001903 0.00227889 0.00263014 0.00293641 0.00318081 0.00335109 0.00344017 0.00344617 0.0033726 0.00322782 0.00302346 0.0027731 0.00249126 0.00219229 0.00188948 0.00159444 0.00131688 0.00106487 0.000845217 0.000663101 0.000520289 0.000414573 0.000339554 0.00027765 0.000200929 0.000110255 4.28262e-05 1.21679e-05 2.69758e-06 4.86369e-07 7.10029e-08 7.73921e-09 4.55165e-10 0 
0 5.91139e-05 0.000311486 0.000578653 0.000780712 0.0010213 0.00130796 0.00161597 0.00192345 0.00221119 0.00246219 0.00266244 0.00280167 0.002874 0.00287804 0.00281664 0.00269626 0.00252614 0.00231718 0.00208096 0.0018288 0.00157107 0.00131688 0.00107443 0.000852723 0.000664042 0.000520071 0.000416555 0.000330941 0.000251419 0.000188693 0.000140501 8.60489e-05 3.65643e-05 1.08421e-05 2.43085e-06 4.36905e-07 6.32577e-08 6.8298e-09 3.97928e-10 0 
0 4.16132e-05 0.000253501 0.000532164 0.00071856 0.000898972 0.00111821 0.00136035 0.00160472 0.00183433 0.00203495 0.00219504 0.00230622 0.00236365 0.00236609 0.00231571 0.0022175 0.00207861 0.00190739 0.00171255 0.00150239 0.00128429 0.00106487 0.000852723 0.000668631 0.000556869 0.000550854 0.000595907 0.00056658 0.000416311 0.000237189 0.000125444 7.27176e-05 3.38891e-05 1.05508e-05 2.37133e-06 4.19326e-07 5.9473e-08 6.29415e-09 3.60149e-10 0 
0 2.69786e-05 0.000189079 0.000466619 0.000667575 0.000807365 0.000963681 0.00114355 0.00133003 0.00150731 0.00166294 0.00178734 0.00187366 0.00191791 0.00191902 0.0018785 0.00180009 0.00168907 0.00155149 0.00139338 0.0012201 0.00103589 0.000845217 0.000664042 0.000556869 0.000653959 0.00103095 0.0016514 0.00198323 0.00117657 0.000596154 0.000220965 7.85709e-05 3.28728e-05 1.04847e-05 2.34009e-06 4.03784e-07 5.57612e-08 5.75987e-09 3.22676e-10 0 
0 1.59426e-05 0.000126479 0.000374259 0.000607147 0.000742939 0.000851179 0.000973148 0.00110569 0.00123554 0.00135123 0.00144427 0.00150886 0.00154166 0.00154161 0.00150972 0.00144864 0.00136207 0.00125408 0.00112831 0.000987153 0.000831159 0.000663101 0.000520071 0.000550854 0.00103095 0.00237431 0.00398958 0.00412453 0.00341348 0.00138061 0.000465713 0.000118986 3.42352e-05 1.00999e-05 2.19056e-06 3.66901e-07 4.93477e-08 4.98533e-09 2.74099e-10 0 
0 8.51602e-06 7.45876e-05 0.000263064 0.000510144 0.000681288 0.000777078 0.000855269 0.000938775 0.00102464 0.00110397 0.00116902 0.00121445 0.00123717 0.00123606 0.00121163 0.00116565 0.00110057 0.00101882 0.000921812 0.000808421 0.000673894 0.000520289 0.000416555 0.000595907 0.0016514 0.00398958 0.00445405 0.00450973 0.00426039 0.00290673 0.000746573 0.000172645 3.69883e-05 9.14041e-06 1.8608e-06 3.01007e-07 3.96018e-08 3.93782e-09 2.13797e-10 0 
0 4.08932e-06 3.83935e-05 0.000156794 0.000369429 0.000578855 0.000709148 0.000780313 0.000831947 0.000880708 0.000927 0.000966278 0.000994102 0.00100753 0.00100525 0.000987313 0.000954747 0.00090893 0.000850645 0.000778463 0.000686313 0.000563372 0.000414573 0.000330941 0.00056658 0.00198323 0.00412453 0.00450973 0.00456149 0.00436508 0.00341717 0.000828749 0.000185217 3.51176e-05 7.38941e-06 1.38544e-06 2.1647e-07 2.80824e-08 2.77366e-09 1.49952e-10 0 
0 1.7608e-06 1.72126e-05 7.80622e-05 0.000218214 0.000413973 0.000588069 0.000698431 0.000758545 0.000794063 0.000819428 0.000838805 0.000851799 0.000857007 0.000853442 0.00084084 0.000819385 0.000788975 0.000747896 0.000690819 0.000607166 0.000485726 0.000339554 0.000251419 0.000416311 0.00117657 0.00341348 0.00426038 0.00436508 0.00406359 0.00210872 0.00060906 0.000137346 2.5763e-05 4.98538e-06 8.75146e-07 1.33774e-07 1.73257e-08 1.71836e-09 9.33729e-11 0 
0 6.79822e-07 6.74833e-06 3.25652e-05 0.000102898 0.000231502 0.000392974 0.000538954 0.000641678 0.000703419 0.000737928 0.000756618 0.000765714 0.000767848 0.000763861 0.000753736 0.000736691 0.000710634 0.00067123 0.000611315 0.000522795 0.000404858 0.00027765 0.000188693 0.000237189 0.000596154 0.00138061 0.00290673 0.00341717 0.00210872 0.000914365 0.000302607 7.04133e-05 1.40726e-05 2.67429e-06 4.58163e-07 7.02585e-08 9.22866e-09 9.29681e-10 5.12534e-11 0 
0 2.35671e-07 2.33069e-06 1.15522e-05 3.91856e-05 9.92412e-05 0.000196003 0.000314411 0.000428853 0.000520728 0.000585047 0.000625481 0.000647858 0.000656826 0.000655044 0.000643316 0.000620833 0.000585388 0.000533935 0.000464203 0.000377956 0.000284747 0.000200929 0.000140501 0.000125444 0.000220965 0.000465713 0.000746573 0.000828749 0.00060906 0.000302607 0.000102712 2.62479e-05 5.79004e-06 1.12831e-06 1.97933e-07 3.1318e-08 4.23678e-09 4.38105e-10 2.47158e-11 0 
0 7.34638e-08 7.14397e-07 3.54715e-06 1.23988e-05 3.349e-05 7.28921e-05 0.000131678 0.000203247 0.000276273 0.000340422 0.000389734 0.000422416 0.000438981 0.000440591 0.000428207 0.000402456 0.00036406 0.000314669 0.000257884 0.000199858 0.000148476 0.000110255 8.60489e-05 7.27176e-05 7.85709e-05 0.000118986 0.000172645 0.000185217 0.000137346 7.04133e-05 2.62479e-05 7.68601e-06 1.84989e-06 3.83452e-07 7.1567e-08 1.19222e-08 1.68003e-09 1.79826e-10 1.0456e-11 0 
0 2.05938e-08 1.95322e-07 9.56402e-07 3.35335e-06 9.28332e-06 2.11894e-05 4.09461e-05 6.84461e-05 0.000101024 0.000134276 0.000163621 0.000185523 0.000197929 0.000200136 0.000192491 0.0001762 0.000153258 0.000126411 9.89614e-05 7.42968e-05 5.51563e-05 4.28262e-05 3.65643e-05 3.38891e-05 3.28728e-05 3.42352e-05 3.69883e-05 3.51176e-05 2.5763e-05 1.40726e-05 5.79004e-06 1.84989e-06 4.83246e-07 1.09524e-07 2.21092e-08 3.90829e-09 5.77244e-10 6.43321e-11 3.87628e-12 0 
0 5.17612e-09 4.76661e-08 2.28144e-07 7.90006e-07 2.18814e-06 5.06857e-06 1.0074e-05 1.75015e-05 2.69967e-05 3.75027e-05 4.75177e-05 5.55154e-05 6.03245e-05 6.13499e-05 5.8629e-05 5.27668e-05 4.47905e-05 3.59485e-05 2.74769e-05 2.03735e-05 1.52313e-05 1.21679e-05 1.08421e-05 1.05508e-05 1.04847e-05 1.00999e-05 9.14041e-06 7.38941e-06 4.98538e-06 2.67429e-06 1.12831e-06 3.83452e-07 1.09524e-07 2.71962e-08 5.915e-09 1.10873e-09 1.72062e-10 2.00363e-11 1.2557e-12 0 
0 1.15648e-09 1.03195e-08 4.80688e-08 1.63067e-07 4.46118e-07 1.02984e-06 2.05748e-06 3.61907e-06 5.68006e-06 8.0446e-06 1.03824e-05 1.23126e-05 1.35097e-05 1.37885e-05 1.31444e-05 1.17417e-05 9.86165e-06 7.82925e-06 5.93975e-06 4.40431e-06 3.32498e-06 2.69758e-06 2.43085e-06 2.37133e-06 2.34009e-06 2.19056e-06 1.8608e-06 1.38544e-06 8.75146e-07 4.58163e-07 1.97933e-07 7.1567e-08 2.21092e-08 5.915e-09 1.37113e-09 2.71626e-10 4.43096e-11 5.40022e-12 3.52758e-13 0 
0 2.25311e-10 1.94735e-09 8.81337e-09 2.91847e-08 7.83798e-08 1.78703e-07 3.54718e-07 6.23144e-07 9.80673e-07 1.39617e-06 1.81299e-06 2.16225e-06 2.38228e-06 2.43639e-06 2.32235e-06 2.07094e-06 1.73535e-06 1.37588e-06 1.04548e-06 7.80014e-07 5.94794e-07 4.86369e-07 4.36905e-07 4.19326e-07 4.03784e-07 3.66901e-07 3.01007e-07 2.1647e-07 1.33774e-07 7.02585e-08 3.1318e-08 1.19222e-08 3.90829e-09 1.10873e-09 2.71626e-10 5.66891e-11 9.71236e-12 1.23907e-12 8.44302e-14 0 
0 3.67056e-11 3.07479e-10 1.35207e-09 4.36565e-09 1.14814e-08 2.5752e-08 5.05147e-08 8.80566e-08 1.37983e-07 1.96107e-07 2.54651e-07 3.03986e-07 3.35329e-07 3.43347e-07 3.27618e-07 2.9249e-07 2.45541e-07 1.9533e-07 1.49292e-07 1.12352e-07 8.64841e-08 7.10029e-08 6.32577e-08 5.9473e-08 5.57612e-08 4.93477e-08 3.96018e-08 2.80824e-08 1.73257e-08 9.22866e-09 4.23678e-09 1.68003e-09 5.77244e-10 1.72062e-10 4.43096e-11 9.71236e-12 1.7445e-12 2.32752e-13 1.65396e-14 0 
0 4.51737e-12 3.67236e-11 1.57045e-10 4.94588e-10 1.27314e-09 2.8055e-09 5.42688e-09 9.36142e-09 1.45608e-08 2.05943e-08 2.66667e-08 3.17915e-08 3.50638e-08 3.59283e-08 3.43351e-08 3.07294e-08 2.58927e-08 2.07103e-08 1.59497e-08 1.21166e-08 9.40715e-09 7.73921e-09 6.8298e-09 6.29415e-09 5.75987e-09 4.98533e-09 3.93782e-09 2.77366e-09 1.71836e-09 9.29681e-10 4.38105e-10 1.79826e-10 6.43321e-11 2.00363e-11 5.40022e-12 1.23907e-12 2.32752e-13 3.24221e-14 2.40032e-15 0 
0 3.00302e-13 2.37305e-12 9.88349e-12 3.03929e-11 7.66209e-11 1.65887e-10 3.16289e-10 5.39434e-10 8.31879e-10 1.1694e-09 1.50813e-09 1.79389e-09 1.97697e-09 2.02673e-09 1.9402e-09 1.7417e-09 1.47419e-09 1.18656e-09 9.21316e-10 7.06469e-10 5.52714e-10 4.55165e-10 3.97928e-10 3.60149e-10 3.22676e-10 2.74099e-10 2.13797e-10 1.49952e-10 9.33729e-11 5.12534e-11 2.47158e-11 1.0456e-11 3.87628e-12 1.2557e-12 3.52758e-13 8.44302e-14 1.65396e-14 2.40032e-15 1.84858e-16 0 
0 0 0 0 0 0 0 0 0 0 0 0 0 0 0 0 0 0 0 0 0 0 0 0 0 0 0 0 0 0 0 0 0 0 0 0 0 0 0 0 0 
