0 0 0 0 0 0 0 0 0 0 0 0 0 0 0 0 0 0 0 0 0 0 0 0 0 0 0 0 0 0 0 0 0 0 0 0 0 0 0 0 0 
0 1.32481e-07 1.13798e-06 4.66256e-06 1.2623e-05 2.53885e-05 4.09786e-05 5.64883e-05 6.98377e-05 8.02475e-05 8.78092e-05 9.2951e-05 9.61189e-05 9.76556e-05 9.77826e-05 9.66174e-05 9.41928e-05 9.04724e-05 8.53706e-05 7.87931e-05 7.07025e-05 6.12082e-05 5.06504e-05 3.96385e-05 2.89948e-05 1.9585e-05 1.20752e-05 6.72871e-06 3.36458e-06 1.50379e-06 6.00177e-07 2.1411e-07 6.83774e-08 1.95567e-08 4.9969e-09 1.1314e-09 2.2279e-10 3.66051e-11 4.53554e-12 3.03129e-13 0 
0 1.13798e-06 9.74839e-06 3.72307e-05 8.69886e-05 0.00014309 0.000186843 0.000214072 0.000230334 0.000241408 0.000250161 0.000257253 0.000262392 0.000265136 0.000265258 0.000262848 0.000258303 0.000252216 0.000245213 0.000237698 0.00022953 0.000219723 0.000206365 0.000187074 0.000160204 0.000126475 8.98481e-05 5.62791e-05 3.06695e-05 1.44685e-05 5.92348e-06 2.11946e-06 6.68184e-07 1.86754e-07 4.63606e-08 1.01701e-08 1.9387e-09 3.08501e-10 3.70657e-11 2.40615e-12 0 
0 4.66256e-06 3.72307e-05 0.000118745 0.000213494 0.000273545 0.000304959 0.000330705 0.000359901 0.000391449 0.000421595 0.000447004 0.000465385 0.000475446 0.000476771 0.000469704 0.000455239 0.000434911 0.000410691 0.000384893 0.00036003 0.000338495 0.000321824 0.000309388 0.000296856 0.00027593 0.000237845 0.000181176 0.000117122 6.28164e-05 2.78945e-05 1.03912e-05 3.30935e-06 9.16348e-07 2.22834e-07 4.76074e-08 8.81717e-09 1.3626e-09 1.59118e-10 1.00537e-11 0 
0 1.2623e-05 8.69886e-05 0.000213494 0.000299415 0.000346639 0.000398181 0.000462933 0.000533611 0.0006025 0.0006639 0.000713688 0.00074902 0.000768281 0.000771049 0.00075802 0.00073086 0.000692002 0.000644422 0.000591423 0.00053649 0.000483253 0.000435554 0.000397319 0.000371441 0.000356697 0.000343351 0.000312658 0.000249392 0.000162763 8.39135e-05 3.42936e-05 1.14197e-05 3.19887e-06 7.71611e-07 1.61816e-07 2.92732e-08 4.41108e-09 5.02267e-10 3.09745e-11 0 
0 2.53885e-05 0.00014309 0.000273545 0.000346639 0.000423722 0.000524891 0.000639009 0.000755047 0.000864684 0.000961105 0.00103881 0.00109382 0.00112382 0.00112823 0.00110814 0.00106608 0.00100569 0.000931371 0.000847913 0.000760127 0.00067262 0.000589712 0.000515649 0.000455032 0.000412601 0.000390049 0.000378227 0.000350962 0.000280364 0.000175651 8.29868e-05 3.00893e-05 8.7516e-06 2.12707e-06 4.42123e-07 7.86332e-08 1.1609e-08 1.29385e-09 7.81311e-11 0 
0 4.09786e-05 0.000186843 0.000304959 0.000398181 0.000524891 0.000677638 0.000841688 0.00100574 0.00115978 0.00129488 0.00140363 0.00148064 0.00152279 0.00152905 0.00150085 0.00144195 0.00135746 0.0012534 0.00113628 0.00101264 0.000888566 0.000769473 0.000660008 0.000564386 0.000487199 0.000433853 0.000407027 0.000395178 0.000362403 0.000274215 0.000154342 6.31622e-05 1.95951e-05 4.88089e-06 1.01612e-06 1.78911e-07 2.60107e-08 2.84913e-09 1.6905e-10 0 
0 5.64883e-05 0.000214072 0.000330705 0.000462933 0.000639009 0.000841688 0.00105646 0.00127034 0.00147084 0.0016469 0.00179292 0.00191266 0.00199224 0.00200638 0.00195195 0.00185077 0.00172964 0.00159242 0.00143979 0.00127861 0.0011165 0.000960244 0.00081541 0.000686436 0.000577163 0.000492078 0.000436929 0.000412906 0.000399433 0.000347084 0.000231643 0.000109151 3.69165e-05 9.57149e-06 2.01574e-06 3.5372e-07 5.08924e-08 5.50078e-09 3.2179e-10 0 
0 6.98377e-05 0.000230334 0.000359901 0.000533611 0.000755047 0.00100574 0.00127034 0.0015335 0.00178106 0.00201923 0.00228152 0.00248154 0.0025761 0.00259074 0.00253446 0.00239169 0.00216553 0.00193852 0.00174147 0.00154251 0.00134278 0.00114992 0.00097056 0.000809732 0.000671146 0.000558154 0.000475508 0.00042884 0.000412481 0.000386753 0.000296396 0.000160666 5.99389e-05 1.63609e-05 3.51389e-06 6.18056e-07 8.83925e-08 9.46227e-09 5.475e-10 0 
0 8.02475e-05 0.000241408 0.000391449 0.0006025 0.000864684 0.00115978 0.00147084 0.00178106 0.00210322 0.00248801 0.00272136 0.00282898 0.00287763 0.00288527 0.00285539 0.00278148 0.00263809 0.00235957 0.00203786 0.00178966 0.00155412 0.00132716 0.00111575 0.000925594 0.000760582 0.0006235 0.000517654 0.000448684 0.000418875 0.000403684 0.000340703 0.000208708 8.58646e-05 2.48026e-05 5.46028e-06 9.66689e-07 1.37916e-07 1.46682e-08 8.41889e-10 0 
0 8.78092e-05 0.000250161 0.000421595 0.0006639 0.000961105 0.00129488 0.0016469 0.00201923 0.00248801 0.00278032 0.00291735 0.00299131 0.00302688 0.0030325 0.00301013 0.00295692 0.00286277 0.00269944 0.00238029 0.00201585 0.00173879 0.0014817 0.00124241 0.00102683 0.000839113 0.000681836 0.000557295 0.000469929 0.000424961 0.000409534 0.000366713 0.000247267 0.00011101 3.38807e-05 7.65692e-06 1.36761e-06 1.95131e-07 2.06717e-08 1.17982e-09 0 
0 9.2951e-05 0.000257253 0.000447004 0.000713688 0.00103881 0.00140363 0.00179292 0.00228152 0.00272136 0.00291735 0.00302404 0.00308528 0.00311548 0.00312021 0.00310092 0.00305587 0.00297901 0.00285496 0.00263814 0.00224296 0.00188944 0.00160508 0.00134345 0.00110761 0.000901883 0.000728776 0.000589989 0.000488813 0.000431052 0.000410988 0.000380114 0.000274475 0.000132169 4.23027e-05 9.79388e-06 1.76552e-06 2.52295e-07 2.66732e-08 1.51689e-09 0 
0 9.61189e-05 0.000262392 0.000465385 0.00074902 0.00109382 0.00148064 0.00191266 0.00248154 0.00282898 0.00299131 0.00308528 0.00314063 0.00316819 0.00317241 0.00315453 0.00311324 0.00304398 0.00293576 0.0027595 0.00242504 0.00200497 0.00169125 0.00141371 0.00116371 0.000945437 0.000761367 0.000612866 0.000502435 0.000435672 0.000410664 0.00038584 0.000291122 0.000147305 4.8863e-05 1.15308e-05 2.09522e-06 3.00029e-07 3.16972e-08 1.7991e-09 0 
0 9.76556e-05 0.000265136 0.000475446 0.000768281 0.00112382 0.00152279 0.00199224 0.0025761 0.00287763 0.00302688 0.00311548 0.00316819 0.00319448 0.00319837 0.003181 0.00314122 0.00307505 0.0029731 0.00281168 0.00251556 0.0020752 0.00173661 0.00145021 0.00119269 0.000967769 0.000777914 0.000624313 0.000509037 0.000437395 0.000409182 0.000386938 0.000298808 0.000155521 5.27045e-05 1.25876e-05 2.29968e-06 3.29925e-07 3.48612e-08 1.97745e-09 0 
0 9.77826e-05 0.000265258 0.000476771 0.000771049 0.00112823 0.00152905 0.00200638 0.00259074 0.00288527 0.0030325 0.00312021 0.00317241 0.00319837 0.00320204 0.00318452 0.0031447 0.00307867 0.00297726 0.00281752 0.0025267 0.00208343 0.00173975 0.00145225 0.00119392 0.000968325 0.000777889 0.000623747 0.000507849 0.000435384 0.000406469 0.000384825 0.000298826 0.000156685 5.34281e-05 1.28111e-05 2.34579e-06 3.36965e-07 3.56315e-08 2.02211e-09 0 
0 9.66174e-05 0.000262848 0.000469704 0.00075802 0.00110814 0.00150085 0.00195195 0.00253446 0.00285539 0.00301013 0.00310092 0.00315453 0.003181 0.00318452 0.00316625 0.00312497 0.00305641 0.00295044 0.00278105 0.00246522 0.00202826 0.00170229 0.00142126 0.00116849 0.00094788 0.0007618 0.000611428 0.000498875 0.000429393 0.000402273 0.00037971 0.000291753 0.000151111 5.10901e-05 1.22021e-05 2.23216e-06 3.20824e-07 3.39665e-08 1.93051e-09 0 
0 9.41928e-05 0.000258303 0.000455239 0.00073086 0.00106608 0.00144195 0.00185077 0.00239169 0.00278148 0.00295692 0.00305587 0.00311324 0.00314122 0.0031447 0.00312497 0.00308052 0.0030061 0.00288892 0.00269359 0.0023223 0.00192621 0.0016289 0.00136052 0.00111894 0.000908317 0.000730981 0.00058825 0.000482655 0.000419568 0.000396133 0.000370765 0.000277465 0.000139435 4.61432e-05 1.09033e-05 1.98748e-06 2.85694e-07 3.03028e-08 1.72669e-09 0 
0 9.04724e-05 0.000252216 0.000434911 0.000692002 0.00100569 0.00135746 0.00172964 0.00216553 0.00263809 0.00286277 0.00297901 0.00304398 0.00307505 0.00307867 0.00305641 0.0030061 0.00292036 0.00277957 0.00252213 0.0021147 0.00179705 0.00152565 0.00127467 0.00104886 0.000852297 0.000687301 0.000555467 0.000459969 0.000406023 0.00038694 0.000356058 0.00025544 0.000122673 3.93512e-05 9.15737e-06 1.6609e-06 2.38821e-07 2.54009e-08 1.45289e-09 0 
0 8.53706e-05 0.000245213 0.000410691 0.000644422 0.000931371 0.0012534 0.00159242 0.00193852 0.00235957 0.00269944 0.00285496 0.00293576 0.0029731 0.00297726 0.00295044 0.00288892 0.00277957 0.00258327 0.00222985 0.00190858 0.00164684 0.00139929 0.00116923 0.000962459 0.000782873 0.000632818 0.000514344 0.000431364 0.00038808 0.000372095 0.000332509 0.000225368 0.000102369 3.16748e-05 7.24868e-06 1.30854e-06 1.88412e-07 2.0123e-08 1.15714e-09 0 
0 7.87931e-05 0.000237698 0.000384893 0.000591423 0.000847913 0.00113628 0.00143979 0.00174147 0.00203786 0.00238029 0.00263814 0.0027595 0.00281168 0.00281752 0.00278105 0.00269359 0.00252213 0.00222985 0.00194805 0.00171106 0.00147977 0.00125708 0.00105004 0.000864145 0.000703096 0.000569387 0.000465674 0.000396296 0.000362913 0.000346518 0.000296478 0.000188125 8.06706e-05 2.41218e-05 5.44292e-06 9.80314e-07 1.41648e-07 1.52203e-08 8.81404e-10 0 
0 7.07025e-05 0.00022953 0.00036003 0.00053649 0.000760127 0.00101264 0.00127861 0.00154251 0.00178966 0.00201585 0.00224296 0.00242504 0.00251556 0.0025267 0.00246522 0.0023223 0.0021147 0.00190858 0.00171106 0.00150758 0.00130335 0.00110622 0.0009228 0.000758098 0.000615667 0.000498251 0.000409 0.000351591 0.000323818 0.000302787 0.000245956 0.000146832 6.0146e-05 1.75695e-05 3.93761e-06 7.10753e-07 1.03347e-07 1.11931e-08 6.53619e-10 0 
0 6.12082e-05 0.000219723 0.000338495 0.000483253 0.00067262 0.000888566 0.0011165 0.00134278 0.00155412 0.00173879 0.00188944 0.00200497 0.0020752 0.00208343 0.00202826 0.00192621 0.00179705 0.00164684 0.00147977 0.00130335 0.00112555 0.000953423 0.000792752 0.000648047 0.000522748 0.000419735 0.000341766 0.000290463 0.000261563 0.000236148 0.000184697 0.000107113 4.32385e-05 1.25968e-05 2.83468e-06 5.15253e-07 7.55161e-08 8.24423e-09 4.85089e-10 0 
0 5.06504e-05 0.000206365 0.000321824 0.000435554 0.000589712 0.000769473 0.000960244 0.00114992 0.00132716 0.0014817 0.00160508 0.00169125 0.00173661 0.00173975 0.00170229 0.0016289 0.00152565 0.00139929 0.00125708 0.00110622 0.000953423 0.000804544 0.000664493 0.000537345 0.000426613 0.000335094 0.00026403 0.000213015 0.000180183 0.000157164 0.000124655 7.51555e-05 3.14473e-05 9.37853e-06 2.13835e-06 3.91534e-07 5.76432e-08 6.31316e-09 3.72386e-10 0 
0 3.96385e-05 0.000187074 0.000309388 0.000397319 0.000515649 0.000660008 0.00081541 0.00097056 0.00111575 0.00124241 0.00134345 0.00141371 0.00145021 0.00145225 0.00142126 0.00136052 0.00127467 0.00116923 0.00105004 0.0009228 0.000792752 0.000664493 0.000542164 0.000430342 0.000335226 0.000262653 0.000210484 0.000167505 0.000128259 9.94171e-05 7.98271e-05 5.36661e-05 2.46174e-05 7.67716e-06 1.77339e-06 3.24287e-07 4.74453e-08 5.15822e-09 3.02091e-10 0 
0 2.89948e-05 0.000160204 0.000296856 0.000371441 0.000455032 0.000564386 0.000686436 0.000809732 0.000925594 0.00102683 0.00110761 0.00116371 0.00119269 0.00119392 0.00116849 0.00111894 0.00104886 0.000962459 0.000864145 0.000758098 0.000648047 0.000537345 0.000430342 0.000337479 0.000281038 0.000277967 0.000300693 0.000285895 0.000210081 0.000119882 6.50059e-05 4.11425e-05 2.10211e-05 6.94363e-06 1.6141e-06 2.90955e-07 4.17568e-08 4.45565e-09 2.56602e-10 0 
0 1.9585e-05 0.000126475 0.00027593 0.000356697 0.000412601 0.000487199 0.000577163 0.000671146 0.000760582 0.000839113 0.000901883 0.000945437 0.000967769 0.000968325 0.00094788 0.000908317 0.000852297 0.000782873 0.000703096 0.000615667 0.000522748 0.000426613 0.000335226 0.000281038 0.000329986 0.000520217 0.000910071 0.00109892 0.000606989 0.000300816 0.000111586 4.09834e-05 1.90006e-05 6.54589e-06 1.52062e-06 2.67869e-07 3.74349e-08 3.89822e-09 2.19783e-10 0 
0 1.20752e-05 8.98481e-05 0.000237845 0.000343351 0.000390049 0.000433853 0.000492078 0.000558154 0.0006235 0.000681836 0.000728776 0.000761367 0.000777914 0.000777889 0.0007618 0.000730981 0.000687301 0.000632818 0.000569387 0.000498251 0.000419735 0.000335094 0.000262653 0.000277967 0.000520217 0.00129948 0.00195764 0.00200597 0.00178318 0.000709306 0.000234997 6.03063e-05 1.86376e-05 6.06118e-06 1.3825e-06 2.3694e-07 3.22399e-08 3.28077e-09 1.81393e-10 0 
0 6.72871e-06 5.62791e-05 0.000181176 0.000312658 0.000378227 0.000407027 0.000436929 0.000475508 0.000517654 0.000557295 0.000589989 0.000612866 0.000624313 0.000623747 0.000611428 0.00058825 0.000555467 0.000514344 0.000465674 0.000409 0.000341766 0.00026403 0.000210484 0.000300693 0.000910071 0.00195764 0.00214614 0.0021678 0.00206915 0.00155535 0.000377461 8.71747e-05 1.94356e-05 5.3224e-06 1.15225e-06 1.91336e-07 2.54634e-08 2.54813e-09 1.38995e-10 0 
0 3.36458e-06 3.06695e-05 0.000117122 0.000249392 0.000350962 0.000395178 0.000412906 0.00042884 0.000448684 0.000469929 0.000488813 0.000502435 0.000509037 0.000507849 0.000498875 0.000482655 0.000459969 0.000431364 0.000396296 0.000351591 0.000290463 0.000213015 0.000167505 0.000285895 0.00109892 0.00200597 0.0021678 0.00219005 0.00211108 0.00177882 0.000433213 9.34918e-05 1.82436e-05 4.22945e-06 8.48032e-07 1.36343e-07 1.78888e-08 1.77668e-09 9.64231e-11 0 
0 1.50379e-06 1.44685e-05 6.28164e-05 0.000162763 0.000280364 0.000362403 0.000399433 0.000412481 0.000418875 0.000424961 0.000431052 0.000435672 0.000437395 0.000435384 0.000429393 0.000419568 0.000406023 0.00038808 0.000362913 0.000323818 0.000261563 0.000180183 0.000128259 0.000210081 0.000606989 0.00178318 0.00206915 0.00211108 0.00197754 0.00114631 0.000307328 6.93596e-05 1.34424e-05 2.8484e-06 5.33432e-07 8.38676e-08 1.09771e-08 1.09387e-09 5.96267e-11 0 
0 6.00177e-07 5.92348e-06 2.78945e-05 8.39135e-05 0.000175651 0.000274215 0.000347084 0.000386753 0.000403684 0.000409534 0.000410988 0.000410664 0.000409182 0.000406469 0.000402273 0.000396133 0.00038694 0.000372095 0.000346518 0.000302787 0.000236148 0.000157164 9.94171e-05 0.000119882 0.000300816 0.000709306 0.00155535 0.00177882 0.00114631 0.000461384 0.000152697 3.56868e-05 7.48616e-06 1.54608e-06 2.79993e-07 4.39904e-08 5.8295e-09 5.89518e-10 3.25834e-11 0 
0 2.1411e-07 2.11946e-06 1.03912e-05 3.42936e-05 8.29868e-05 0.000154342 0.000231643 0.000296396 0.000340703 0.000366713 0.000380114 0.00038584 0.000386938 0.000384825 0.00037971 0.000370765 0.000356058 0.000332509 0.000296478 0.000245956 0.000184697 0.000124655 7.98271e-05 6.50059e-05 0.000111586 0.000234997 0.000377461 0.000433213 0.000307328 0.000152697 5.19073e-05 1.35519e-05 3.18958e-06 6.65936e-07 1.21828e-07 1.96241e-08 2.6721e-09 2.77124e-10 1.56661e-11 0 
0 6.83774e-08 6.68184e-07 3.30935e-06 1.14197e-05 3.00893e-05 6.31622e-05 0.000109151 0.000160666 0.000208708 0.000247267 0.000274475 0.000291122 0.000298808 0.000298826 0.000291753 0.000277465 0.00025544 0.000225368 0.000188125 0.000146832 0.000107113 7.51555e-05 5.36661e-05 4.11425e-05 4.09834e-05 6.03063e-05 8.71747e-05 9.34918e-05 6.93596e-05 3.56868e-05 1.35519e-05 4.1611e-06 1.06444e-06 2.31647e-07 4.44177e-08 7.48197e-09 1.05877e-09 1.13572e-10 6.61442e-12 0 
0 1.95567e-08 1.86754e-07 9.16348e-07 3.19887e-06 8.7516e-06 1.95951e-05 3.69165e-05 5.99389e-05 8.58646e-05 0.00011101 0.000132169 0.000147305 0.000155521 0.000156685 0.000151111 0.000139435 0.000122673 0.000102369 8.06706e-05 6.0146e-05 4.32385e-05 3.14473e-05 2.46174e-05 2.10211e-05 1.90006e-05 1.86376e-05 1.94356e-05 1.82436e-05 1.34424e-05 7.48616e-06 3.18958e-06 1.06444e-06 2.89507e-07 6.74673e-08 1.38136e-08 2.456e-09 3.63648e-10 4.05899e-11 2.44887e-12 0 
0 4.9969e-09 4.63606e-08 2.22834e-07 7.71611e-07 2.12707e-06 4.88089e-06 9.57149e-06 1.63609e-05 2.48026e-05 3.38807e-05 4.23027e-05 4.8863e-05 5.27045e-05 5.34281e-05 5.10901e-05 4.61432e-05 3.93512e-05 3.16748e-05 2.41218e-05 1.75695e-05 1.25968e-05 9.37853e-06 7.67716e-06 6.94363e-06 6.54589e-06 6.06118e-06 5.3224e-06 4.22945e-06 2.8484e-06 1.54608e-06 6.65936e-07 2.31647e-07 6.74673e-08 1.69591e-08 3.71052e-09 6.97352e-10 1.08377e-10 1.26343e-11 7.9261e-13 0 
0 1.1314e-09 1.01701e-08 4.76074e-08 1.61816e-07 4.42123e-07 1.01612e-06 2.01574e-06 3.51389e-06 5.46028e-06 7.65692e-06 9.79388e-06 1.15308e-05 1.25876e-05 1.28111e-05 1.22021e-05 1.09033e-05 9.15737e-06 7.24868e-06 5.44292e-06 3.93761e-06 2.83468e-06 2.13835e-06 1.77339e-06 1.6141e-06 1.52062e-06 1.3825e-06 1.15225e-06 8.48032e-07 5.33432e-07 2.79993e-07 1.21828e-07 4.44177e-08 1.38136e-08 3.71052e-09 8.61907e-10 1.70944e-10 2.79096e-11 3.40416e-12 2.22544e-13 0 
0 2.2279e-10 1.9387e-09 8.81717e-09 2.92732e-08 7.86332e-08 1.78911e-07 3.5372e-07 6.18056e-07 9.66689e-07 1.36761e-06 1.76552e-06 2.09522e-06 2.29968e-06 2.34579e-06 2.23216e-06 1.98748e-06 1.6609e-06 1.30854e-06 9.80314e-07 7.10753e-07 5.15253e-07 3.91534e-07 3.24287e-07 2.90955e-07 2.67869e-07 2.3694e-07 1.91336e-07 1.36343e-07 8.38676e-08 4.39904e-08 1.96241e-08 7.48197e-09 2.456e-09 6.97352e-10 1.70944e-10 3.56941e-11 6.11845e-12 7.80997e-13 5.32485e-14 0 
0 3.66051e-11 3.08501e-10 1.3626e-09 4.41108e-09 1.1609e-08 2.60107e-08 5.08924e-08 8.83925e-08 1.37916e-07 1.95131e-07 2.52295e-07 3.00029e-07 3.29925e-07 3.36965e-07 3.20824e-07 2.85694e-07 2.38821e-07 1.88412e-07 1.41648e-07 1.03347e-07 7.55161e-08 5.76432e-08 4.74453e-08 4.17568e-08 3.74349e-08 3.22399e-08 2.54634e-08 1.78888e-08 1.09771e-08 5.8295e-09 2.6721e-09 1.05877e-09 3.63648e-10 1.08377e-10 2.79096e-11 6.11845e-12 1.09925e-12 1.46714e-13 1.043e-14 0 
0 4.53554e-12 3.70657e-11 1.59118e-10 5.02267e-10 1.29385e-09 2.84913e-09 5.50078e-09 9.46227e-09 1.46682e-08 2.06717e-08 2.66732e-08 3.16972e-08 3.48612e-08 3.56315e-08 3.39665e-08 3.03028e-08 2.54009e-08 2.0123e-08 1.52203e-08 1.11931e-08 8.24423e-09 6.31316e-09 5.15822e-09 4.45565e-09 3.89822e-09 3.28077e-09 2.54813e-09 1.77668e-09 1.09387e-09 5.89518e-10 2.77124e-10 1.13572e-10 4.05899e-11 1.26343e-11 3.40416e-12 7.80997e-13 1.46714e-13 2.04407e-14 1.51369e-15 0 
0 3.03129e-13 2.40615e-12 1.00537e-11 3.09745e-11 7.81311e-11 1.6905e-10 3.2179e-10 5.475e-10 8.41889e-10 1.17982e-09 1.51689e-09 1.7991e-09 1.97745e-09 2.02211e-09 1.93051e-09 1.72669e-09 1.45289e-09 1.15714e-09 8.81404e-10 6.53619e-10 4.85089e-10 3.72386e-10 3.02091e-10 2.56602e-10 2.19783e-10 1.81393e-10 1.38995e-10 9.64231e-11 5.96267e-11 3.25834e-11 1.56661e-11 6.61442e-12 2.44887e-12 7.9261e-13 2.22544e-13 5.32485e-14 1.043e-14 1.51369e-15 1.16591e-16 0 
0 0 0 0 0 0 0 0 0 0 0 0 0 0 0 0 0 0 0 0 0 0 0 0 0 0 0 0 0 0 0 0 0 0 0 0 0 0 0 0 0 
