0 0 0 0 0 0 0 0 0 0 0 0 0 0 0 0 0 0 0 0 0 0 0 0 0 0 0 0 0 0 0 0 0 0 0 0 0 0 0 0 0 
0 1.10383e-07 9.42782e-07 3.81934e-06 1.01699e-05 2.00527e-05 3.17116e-05 4.28957e-05 5.21802e-05 5.91738e-05 6.40938e-05 6.73449e-05 6.92977e-05 7.0218e-05 7.02679e-05 6.95263e-05 6.80044e-05 6.56568e-05 6.23935e-05 5.81055e-05 5.27112e-05 4.62238e-05 3.88221e-05 3.08945e-05 2.30201e-05 1.58612e-05 9.98358e-06 5.67996e-06 2.89769e-06 1.31943e-06 5.35436e-07 1.93789e-07 6.26472e-08 1.80998e-08 4.66299e-09 1.06285e-09 2.10408e-10 3.47168e-11 4.31591e-12 2.89208e-13 0 
0 9.42782e-07 8.00115e-06 2.99691e-05 6.80486e-05 0.000108345 0.000137198 0.000153309 0.000161974 0.000167708 0.000172474 0.000176569 0.000179647 0.000181311 0.000181351 0.000179815 0.000176982 0.000173297 0.000169247 0.000165185 0.000161084 0.000156281 0.000149337 0.000138269 0.00012136 9.84694e-05 7.20138e-05 4.64476e-05 2.60286e-05 1.25926e-05 5.26815e-06 1.91882e-06 6.13583e-07 1.73412e-07 4.34207e-08 9.58836e-09 1.83708e-09 2.93457e-10 3.53616e-11 2.30065e-12 0 
0 3.81934e-06 2.99691e-05 9.23816e-05 0.000158915 0.000195515 0.000212005 0.000226583 0.000245069 0.000265937 0.000286181 0.000303338 0.000315775 0.000322588 0.000323484 0.000318696 0.000308901 0.000295151 0.000278808 0.0002615 0.000245048 0.000231288 0.000221594 0.000215928 0.000211543 0.000202301 0.000180562 0.000142983 9.61471e-05 5.34835e-05 2.44983e-05 9.35294e-06 3.03425e-06 8.516e-07 2.09117e-07 4.49912e-08 8.3748e-09 1.29895e-09 1.52085e-10 9.62776e-12 0 
0 1.01699e-05 6.80486e-05 0.000158915 0.000212106 0.000238407 0.000270962 0.000314235 0.000362043 0.00040875 0.0004504 0.000484175 0.000508145 0.000521212 0.000523089 0.00051425 0.000495825 0.000469463 0.000437186 0.000401236 0.000363989 0.000327947 0.000295835 0.00027063 0.000254922 0.000248796 0.000246209 0.0002331 0.000194804 0.00013344 7.18822e-05 3.04313e-05 1.03989e-05 2.96547e-06 7.23974e-07 1.53054e-07 2.78382e-08 4.21019e-09 4.80585e-10 2.96884e-11 0 
0 2.00527e-05 0.000108345 0.000195515 0.000238407 0.000288015 0.000356155 0.000433517 0.000512234 0.000586613 0.000652026 0.000704744 0.000742062 0.000762411 0.000765404 0.000751777 0.000723241 0.00068227 0.000631854 0.000575234 0.00051568 0.000456316 0.000400084 0.000349915 0.000309139 0.000281588 0.000269688 0.000268706 0.00026018 0.000219221 0.000145141 7.19493e-05 2.70473e-05 8.06204e-06 1.99052e-06 4.17847e-07 7.47783e-08 1.10833e-08 1.23837e-09 7.49038e-11 0 
0 3.17116e-05 0.000137198 0.000212005 0.000270962 0.000356155 0.00045972 0.000571012 0.000682304 0.000786809 0.000878464 0.000952249 0.00100457 0.00103336 0.00103768 0.00101836 0.000978266 0.000920922 0.000850323 0.000770869 0.000686986 0.000602814 0.00052202 0.000447762 0.000382929 0.000330805 0.000295713 0.000281081 0.000281199 0.000270686 0.000217449 0.000129836 5.57306e-05 1.78703e-05 4.54467e-06 9.58025e-07 1.69944e-07 2.48176e-08 2.72582e-09 1.62006e-10 0 
0 4.28957e-05 0.000153309 0.000226583 0.000314235 0.000433517 0.000571012 0.000716714 0.000861813 0.000997841 0.00111752 0.00122084 0.00131584 0.00138087 0.0013927 0.00134924 0.00126686 0.00117508 0.00108041 0.000976778 0.000867426 0.000757449 0.000651442 0.000553185 0.00046569 0.000391593 0.000334146 0.000298124 0.000286527 0.000287762 0.000264727 0.000188556 9.41691e-05 3.32282e-05 8.84958e-06 1.89339e-06 3.35281e-07 4.84922e-08 5.25735e-09 3.08112e-10 0 
0 5.21802e-05 0.000161974 0.000245069 0.000362043 0.000512234 0.000682304 0.000861813 0.00104036 0.001209 0.00138781 0.00158986 0.00171808 0.00177167 0.00177995 0.00174878 0.00166449 0.00150549 0.00132345 0.00118175 0.00104647 0.000910956 0.000780118 0.00065844 0.000549332 0.000455319 0.000378726 0.000323147 0.00029385 0.000290005 0.000285716 0.000233862 0.000135366 5.31534e-05 1.50002e-05 3.28513e-06 5.8419e-07 8.40636e-08 9.03029e-09 5.23576e-10 0 
0 5.91738e-05 0.000167708 0.000265937 0.00040875 0.000586613 0.000786809 0.000997841 0.001209 0.00145218 0.00172339 0.00185188 0.00191357 0.00194202 0.00194661 0.00192925 0.00188655 0.00180632 0.00164317 0.00139528 0.00121452 0.00105435 0.000900358 0.00075694 0.000627934 0.000515989 0.000423005 0.00035137 0.000305741 0.000290215 0.000291271 0.0002618 0.000171951 7.5003e-05 2.25376e-05 5.07851e-06 9.1081e-07 1.30871e-07 1.39743e-08 8.03913e-10 0 
0 6.40938e-05 0.000172474 0.000286181 0.0004504 0.000652026 0.000878464 0.00111752 0.00138781 0.00172339 0.00188544 0.0019651 0.00200901 0.00203038 0.00203386 0.00202057 0.00198898 0.00193375 0.00183967 0.00165418 0.00137679 0.00117983 0.00100521 0.000842866 0.000696612 0.000569265 0.00046257 0.000378146 0.000319476 0.000292035 0.000290765 0.000276039 0.00019985 9.56335e-05 3.0524e-05 7.08534e-06 1.2844e-06 1.84739e-07 1.96581e-08 1.12484e-09 0 
0 6.73449e-05 0.000176569 0.000303338 0.000484175 0.000704744 0.000952249 0.00122084 0.00158986 0.00185188 0.0019651 0.00202857 0.00206549 0.00208384 0.00208681 0.00207525 0.00204818 0.00200226 0.00192914 0.00180509 0.0015535 0.00128458 0.00108895 0.000911414 0.000751414 0.000611849 0.000494412 0.000400287 0.000331993 0.000294932 0.000288798 0.000281917 0.000218548 0.000112559 3.78299e-05 9.02155e-06 1.65318e-06 2.38342e-07 2.53207e-08 1.444e-09 0 
0 6.92977e-05 0.000179647 0.000315775 0.000508145 0.000742062 0.00100457 0.00131584 0.00171808 0.00191357 0.00200901 0.00206549 0.00209909 0.00211593 0.00211861 0.00210784 0.0020829 0.0020412 0.00197664 0.00187353 0.00167821 0.00137165 0.00114758 0.000959079 0.000789474 0.000641396 0.000516521 0.000415793 0.000341105 0.000297428 0.000286809 0.000283414 0.000229402 0.000124394 4.34484e-05 1.05829e-05 1.95703e-06 2.82903e-07 3.00426e-08 1.71023e-09 0 
0 7.0218e-05 0.000181311 0.000322588 0.000521212 0.000762411 0.00103336 0.00138087 0.00177167 0.00194202 0.00203038 0.00208384 0.00211593 0.00213205 0.00213453 0.00212405 0.00209996 0.00205998 0.00199886 0.00190367 0.00173306 0.00142715 0.00117871 0.000983846 0.000809133 0.000656547 0.000527747 0.000423554 0.00034553 0.000298304 0.000284901 0.00028275 0.00023407 0.000130668 4.66942e-05 1.15239e-05 2.14405e-06 3.10624e-07 3.29973e-08 1.87743e-09 0 
0 7.02679e-05 0.000181351 0.000323484 0.000523089 0.000765404 0.00103768 0.0013927 0.00177995 0.00194661 0.00203386 0.00208681 0.00211861 0.00213453 0.00213687 0.00212629 0.00210216 0.00206225 0.0020014 0.00190707 0.00173966 0.00143444 0.00118096 0.00098523 0.000809969 0.000656923 0.00052773 0.000423169 0.000344713 0.000296872 0.000282822 0.000280853 0.000233702 0.000131427 4.72653e-05 1.17133e-05 2.18444e-06 3.16892e-07 3.36886e-08 1.91768e-09 0 
0 6.95263e-05 0.000179815 0.000318696 0.00051425 0.000751777 0.00101836 0.00134924 0.00174878 0.00192925 0.00202057 0.00207525 0.00210784 0.00212405 0.00212629 0.00211526 0.00209027 0.0020489 0.00198549 0.0018859 0.00170342 0.00139222 0.00115524 0.000964205 0.00079272 0.000643054 0.000516815 0.000414814 0.000338649 0.000292932 0.000280314 0.00027777 0.000228706 0.000126945 4.52201e-05 1.1154e-05 2.07728e-06 3.01444e-07 3.20814e-08 1.82874e-09 0 
0 6.80044e-05 0.000176982 0.000308901 0.000495825 0.000723241 0.000978266 0.00126686 0.00166449 0.00188655 0.00198898 0.00204818 0.0020829 0.00209996 0.00210216 0.00209027 0.00206344 0.00201874 0.00194911 0.00183572 0.00161246 0.00131368 0.00110517 0.000922994 0.000759103 0.000616214 0.000495907 0.000399096 0.000327712 0.000286601 0.000277055 0.000272799 0.000218796 0.000117632 4.09263e-05 9.97167e-06 1.84877e-06 2.68184e-07 2.85855e-08 1.6333e-09 0 
0 6.56568e-05 0.000173297 0.000295151 0.000469463 0.00068227 0.000920922 0.00117508 0.00150549 0.00180632 0.00193375 0.00200226 0.0020412 0.00205998 0.00206225 0.0020489 0.00201874 0.00196769 0.00188531 0.00173967 0.00145915 0.00122025 0.00103503 0.000864755 0.000711557 0.000578209 0.000466275 0.000376872 0.000312459 0.000278021 0.000272301 0.000264355 0.000203216 0.000104121 3.50014e-05 8.37928e-06 1.54373e-06 2.23835e-07 2.39135e-08 1.37114e-09 0 
0 6.23935e-05 0.000169247 0.000278808 0.000437186 0.000631854 0.000850323 0.00108041 0.00132345 0.00164317 0.00183967 0.00192914 0.00197664 0.00199886 0.0020014 0.00198549 0.00194911 0.00188531 0.00177407 0.00154971 0.00129866 0.00111733 0.000949298 0.000793223 0.000652944 0.000531111 0.000429316 0.000349013 0.000293313 0.000266814 0.000264193 0.000249788 0.000181194 8.74535e-05 2.82381e-05 6.62882e-06 1.21348e-06 1.76028e-07 1.88737e-08 1.08751e-09 0 
0 5.81055e-05 0.000165185 0.0002615 0.000401236 0.000575234 0.000770869 0.000976778 0.00118175 0.00139528 0.00165418 0.00180509 0.00187353 0.00190367 0.00190707 0.0018859 0.00183572 0.00173967 0.00154971 0.00132716 0.001161 0.0010039 0.000852815 0.00071236 0.000586246 0.00047699 0.000386293 0.000316083 0.000269973 0.000251047 0.000248806 0.000225611 0.000152766 6.92291e-05 2.14956e-05 4.95934e-06 9.04114e-07 1.31472e-07 1.41729e-08 8.22045e-10 0 
0 5.27112e-05 0.000161084 0.000245048 0.000363989 0.00051568 0.000686986 0.000867426 0.00104647 0.00121452 0.00137679 0.0015535 0.00167821 0.00173306 0.00173966 0.00170342 0.00161246 0.00145915 0.00129866 0.001161 0.00102277 0.000884212 0.000750473 0.000626039 0.000514303 0.000417679 0.000338061 0.00027781 0.000240266 0.000225733 0.000219853 0.000189103 0.000119855 5.15468e-05 1.55543e-05 3.55267e-06 6.47898e-07 9.47123e-08 1.0285e-08 6.01315e-10 0 
0 4.62238e-05 0.000156281 0.000231288 0.000327947 0.000456316 0.000602814 0.000757449 0.000910956 0.00105435 0.00117983 0.00128458 0.00137165 0.00142715 0.00143444 0.00139222 0.00131368 0.00122025 0.00111733 0.0010039 0.000884212 0.00076359 0.000646814 0.000537813 0.000439644 0.000354652 0.000284859 0.000232419 0.000199151 0.000183302 0.000172258 0.000142048 8.68791e-05 3.65829e-05 1.09584e-05 2.50634e-06 4.59634e-07 6.76814e-08 7.4068e-09 4.36345e-10 0 
0 3.88221e-05 0.000149337 0.000221594 0.000295835 0.000400084 0.00052202 0.000651442 0.000780118 0.000900358 0.00100521 0.00108895 0.00114758 0.00117871 0.00118096 0.00115524 0.00110517 0.00103503 0.000949298 0.000852815 0.000750473 0.000646814 0.000545813 0.000450801 0.000364547 0.000289456 0.000227492 0.000179619 0.000145828 0.000125412 0.000113082 9.39751e-05 5.943e-05 2.58324e-05 7.90127e-06 1.82886e-06 3.37757e-07 4.99727e-08 5.48941e-09 3.24429e-10 0 
0 3.08945e-05 0.000138269 0.000215928 0.00027063 0.000349915 0.000447762 0.000553185 0.00065844 0.00075694 0.000842866 0.000911414 0.000959079 0.000983846 0.00098523 0.000964205 0.000922994 0.000864755 0.000793223 0.00071236 0.000626039 0.000537813 0.000450801 0.000367815 0.000291968 0.000227471 0.000178261 0.000142892 0.000113812 8.75012e-05 6.89874e-05 5.76193e-05 4.06272e-05 1.93767e-05 6.20225e-06 1.45555e-06 2.68705e-07 3.9549e-08 4.31743e-09 2.53642e-10 0 
0 2.30201e-05 0.00012136 0.000211543 0.000254922 0.000309139 0.000382929 0.00046569 0.000549332 0.000627934 0.000696612 0.000751414 0.000789474 0.000809133 0.000809969 0.00079272 0.000759103 0.000711557 0.000652944 0.000586246 0.000514303 0.000439644 0.000364547 0.000291968 0.000228979 0.000190674 0.000188579 0.000203995 0.000193955 0.000142526 8.13977e-05 4.47268e-05 2.96384e-05 1.58616e-05 5.39777e-06 1.27685e-06 2.32564e-07 3.36008e-08 3.6027e-09 2.08286e-10 0 
0 1.58612e-05 9.84694e-05 0.000202301 0.000248796 0.000281588 0.000330805 0.000391593 0.000455319 0.000515989 0.000569265 0.000611849 0.000641396 0.000656547 0.000656923 0.000643054 0.000616214 0.000578209 0.000531111 0.00047699 0.000417679 0.000354652 0.000289456 0.000227471 0.000190674 0.000223867 0.00035293 0.000642148 0.00077454 0.000420371 0.000204078 7.5732e-05 2.82994e-05 1.38315e-05 4.9489e-06 1.17271e-06 2.08821e-07 2.93759e-08 3.07342e-09 1.73944e-10 0 
0 9.98358e-06 7.20138e-05 0.000180562 0.000246209 0.000269688 0.000295713 0.000334146 0.000378726 0.000423005 0.00046257 0.000494412 0.000516521 0.000527747 0.00052773 0.000516815 0.000495907 0.000466275 0.000429316 0.000386293 0.000338061 0.000284859 0.000227492 0.000178261 0.000188579 0.00035293 0.000911865 0.00130866 0.00133907 0.00121638 0.000489659 0.000159426 4.1008e-05 1.3162e-05 4.49193e-06 1.04959e-06 1.81944e-07 2.49099e-08 2.54532e-09 1.41196e-10 0 
0 5.67996e-06 4.64476e-05 0.000142983 0.0002331 0.000268706 0.000281081 0.000298124 0.000323147 0.00035137 0.000378146 0.000400287 0.000415793 0.000423554 0.000423169 0.000414814 0.000399096 0.000376872 0.000349013 0.000316083 0.00027781 0.000232419 0.000179619 0.000142892 0.000203995 0.000642148 0.00130866 0.00142696 0.00144084 0.00138147 0.0010793 0.000256938 5.9161e-05 1.3475e-05 3.88683e-06 8.66278e-07 1.4565e-07 1.94966e-08 1.95787e-09 1.07087e-10 0 
0 2.89769e-06 2.60286e-05 9.61471e-05 0.000194804 0.00026018 0.000281199 0.000286527 0.00029385 0.000305741 0.000319476 0.000331993 0.000341105 0.00034553 0.000344713 0.000338649 0.000327712 0.000312459 0.000293313 0.000269973 0.000240266 0.000199151 0.000145828 0.000113812 0.000193955 0.00077454 0.00133907 0.00144084 0.00145506 0.00140648 0.00121263 0.000303307 6.34372e-05 1.25727e-05 3.06306e-06 6.33921e-07 1.03276e-07 1.36252e-08 1.35723e-09 7.382e-11 0 
0 1.31943e-06 1.25926e-05 5.34835e-05 0.00013344 0.000219221 0.000270686 0.000287762 0.000290005 0.000290215 0.000292035 0.000294932 0.000297428 0.000298304 0.000296872 0.000292932 0.000286601 0.000278021 0.000266814 0.000251047 0.000225733 0.000183302 0.000125412 8.75012e-05 0.000142526 0.000420371 0.00121638 0.00138147 0.00140648 0.00132056 0.000804191 0.000208496 4.70741e-05 9.2861e-06 2.06115e-06 3.97904e-07 6.33676e-08 8.3356e-09 8.32687e-10 4.54695e-11 0 
0 5.35436e-07 5.26815e-06 2.44983e-05 7.18822e-05 0.000145141 0.000217449 0.000264727 0.000285716 0.000291271 0.000290765 0.000288798 0.000286809 0.000284901 0.000282822 0.000280314 0.000277055 0.000272301 0.000264193 0.000248806 0.000219853 0.000172258 0.000113082 6.89874e-05 8.13977e-05 0.000204078 0.000489659 0.0010793 0.00121263 0.000804191 0.000313009 0.000103593 2.42676e-05 5.22523e-06 1.12515e-06 2.09073e-07 3.32095e-08 4.41917e-09 4.47782e-10 2.47844e-11 0 
0 1.93789e-07 1.91882e-06 9.35294e-06 3.04313e-05 7.19493e-05 0.000129836 0.000188556 0.000233862 0.0002618 0.000276039 0.000281917 0.000283414 0.00028275 0.000280853 0.00027777 0.000272799 0.000264355 0.000249788 0.000225611 0.000189103 0.000142048 9.39751e-05 5.76193e-05 4.47268e-05 7.5732e-05 0.000159426 0.000256938 0.000303307 0.000208496 0.000103593 3.5243e-05 9.30914e-06 2.26684e-06 4.89366e-07 9.12511e-08 1.48174e-08 2.02379e-09 2.10207e-10 1.18966e-11 0 
0 6.26472e-08 6.13583e-07 3.03425e-06 1.03989e-05 2.70473e-05 5.57306e-05 9.41691e-05 0.000135366 0.000171951 0.00019985 0.000218548 0.000229402 0.00023407 0.000233702 0.000228706 0.000218796 0.000203216 0.000181194 0.000152766 0.000119855 8.68791e-05 5.943e-05 4.06272e-05 2.96384e-05 2.82994e-05 4.1008e-05 5.9161e-05 6.34372e-05 4.70741e-05 2.42676e-05 9.30914e-06 2.93121e-06 7.72893e-07 1.72046e-07 3.33898e-08 5.65254e-09 8.01504e-10 8.60727e-11 5.01735e-12 0 
0 1.80998e-08 1.73412e-07 8.516e-07 2.96547e-06 8.06204e-06 1.78703e-05 3.32282e-05 5.31534e-05 7.5003e-05 9.56335e-05 0.000112559 0.000124394 0.000130668 0.000131427 0.000126945 0.000117632 0.000104121 8.74535e-05 6.92291e-05 5.15468e-05 3.65829e-05 2.58324e-05 1.93767e-05 1.58616e-05 1.38315e-05 1.3162e-05 1.3475e-05 1.25727e-05 9.2861e-06 5.22523e-06 2.26684e-06 7.72893e-07 2.14202e-07 5.05449e-08 1.0414e-08 1.85649e-09 2.75221e-10 3.0745e-11 1.85622e-12 0 
0 4.66299e-09 4.34207e-08 2.09117e-07 7.23974e-07 1.99052e-06 4.54467e-06 8.84958e-06 1.50002e-05 2.25376e-05 3.0524e-05 3.78299e-05 4.34484e-05 4.66942e-05 4.72653e-05 4.52201e-05 4.09263e-05 3.50014e-05 2.82381e-05 2.14956e-05 1.55543e-05 1.09584e-05 7.90127e-06 6.20225e-06 5.39777e-06 4.9489e-06 4.49193e-06 3.88683e-06 3.06306e-06 2.06115e-06 1.12515e-06 4.89366e-07 1.72046e-07 5.05449e-08 1.2774e-08 2.80233e-09 5.2733e-10 8.20149e-11 9.56674e-12 6.00503e-13 0 
0 1.06285e-09 9.58836e-09 4.49912e-08 1.53054e-07 4.17847e-07 9.58025e-07 1.89339e-06 3.28513e-06 5.07851e-06 7.08534e-06 9.02155e-06 1.05829e-05 1.15239e-05 1.17133e-05 1.1154e-05 9.97167e-06 8.37928e-06 6.62882e-06 4.95934e-06 3.55267e-06 2.50634e-06 1.82886e-06 1.45555e-06 1.27685e-06 1.17271e-06 1.04959e-06 8.66278e-07 6.33921e-07 3.97904e-07 2.09073e-07 9.12511e-08 3.33898e-08 1.0414e-08 2.80233e-09 6.51571e-10 1.29302e-10 2.11205e-11 2.5772e-12 1.68555e-13 0 
0 2.10408e-10 1.83708e-09 8.3748e-09 2.78382e-08 7.47783e-08 1.69944e-07 3.35281e-07 5.8419e-07 9.1081e-07 1.2844e-06 1.65318e-06 1.95703e-06 2.14405e-06 2.18444e-06 2.07728e-06 1.84877e-06 1.54373e-06 1.21348e-06 9.04114e-07 6.47898e-07 4.59634e-07 3.37757e-07 2.68705e-07 2.32564e-07 2.08821e-07 1.81944e-07 1.4565e-07 1.03276e-07 6.33676e-08 3.32095e-08 1.48174e-08 5.65254e-09 1.85649e-09 5.2733e-10 1.29302e-10 2.70061e-11 4.63048e-12 5.9124e-13 4.0324e-14 0 
0 3.47168e-11 2.93457e-10 1.29895e-09 4.21019e-09 1.10833e-08 2.48176e-08 4.84922e-08 8.40636e-08 1.30871e-07 1.84739e-07 2.38342e-07 2.82903e-07 3.10624e-07 3.16892e-07 3.01444e-07 2.68184e-07 2.23835e-07 1.76028e-07 1.31472e-07 9.47123e-08 6.76814e-08 4.99727e-08 3.9549e-08 3.36008e-08 2.93759e-08 2.49099e-08 1.94966e-08 1.36252e-08 8.3356e-09 4.41917e-09 2.02379e-09 8.01504e-10 2.75221e-10 8.20149e-11 2.11205e-11 4.63048e-12 8.32037e-13 1.11071e-13 7.89794e-15 0 
0 4.31591e-12 3.53616e-11 1.52085e-10 4.80585e-10 1.23837e-09 2.72582e-09 5.25735e-09 9.03029e-09 1.39743e-08 1.96581e-08 2.53207e-08 3.00426e-08 3.29973e-08 3.36886e-08 3.20814e-08 2.85855e-08 2.39135e-08 1.88737e-08 1.41729e-08 1.0285e-08 7.4068e-09 5.48941e-09 4.31743e-09 3.6027e-09 3.07342e-09 2.54532e-09 1.95787e-09 1.35723e-09 8.32687e-10 4.47782e-10 2.10207e-10 8.60727e-11 3.0745e-11 9.56674e-12 2.5772e-12 5.9124e-13 1.11071e-13 1.54762e-14 1.14623e-15 0 
0 2.89208e-13 2.30065e-12 9.62776e-12 2.96884e-11 7.49038e-11 1.62006e-10 3.08112e-10 5.23576e-10 8.03913e-10 1.12484e-09 1.444e-09 1.71023e-09 1.87743e-09 1.91768e-09 1.82874e-09 1.6333e-09 1.37114e-09 1.08751e-09 8.22045e-10 6.01315e-10 4.36345e-10 3.24429e-10 2.53642e-10 2.08286e-10 1.73944e-10 1.41196e-10 1.07087e-10 7.382e-11 4.54695e-11 2.47844e-11 1.18966e-11 5.01735e-12 1.85622e-12 6.00503e-13 1.68555e-13 4.0324e-14 7.89794e-15 1.14623e-15 8.82936e-17 0 
0 0 0 0 0 0 0 0 0 0 0 0 0 0 0 0 0 0 0 0 0 0 0 0 0 0 0 0 0 0 0 0 0 0 0 0 0 0 0 0 0 
