0 0 0 0 0 0 0 0 0 0 0 0 0 0 0 0 0 0 0 0 0 0 0 0 0 0 0 0 0 0 0 0 0 0 0 0 0 0 0 0 0 
0 3.47791e-08 3.23665e-07 1.5562e-06 5.38003e-06 1.47865e-05 3.38003e-05 6.6029e-05 0.000112537 0.000170384 0.000232892 0.000291442 0.000337751 0.000365645 0.00037199 0.000356864 0.00032321 0.000276153 0.000222064 0.000167469 0.000117938 7.72097e-05 4.67901e-05 2.61571e-05 1.34566e-05 6.36305e-06 2.76532e-06 1.1054e-06 4.06977e-07 1.38215e-07 4.33547e-08 1.25687e-08 3.36556e-09 8.30256e-10 1.87585e-10 3.83724e-11 6.95221e-12 1.06711e-12 1.25082e-13 7.98979e-15 0 
0 3.23665e-07 3.14004e-06 1.56384e-05 5.53565e-05 0.000153322 0.000346863 0.000659265 0.0010794 0.00156012 0.00203676 0.0024493 0.00275493 0.00292992 0.00296638 0.00286845 0.00264983 0.00233282 0.00194787 0.00153226 0.00112645 0.000767402 0.000480706 0.000275187 0.000143436 6.79954e-05 2.93457e-05 1.15599e-05 4.16973e-06 1.38171e-06 4.21765e-07 1.18806e-07 3.08921e-08 7.40037e-09 1.62448e-09 3.23136e-10 5.69926e-11 8.52666e-12 9.75472e-13 6.08971e-14 0 
0 1.5562e-06 1.56384e-05 7.97159e-05 0.000282851 0.000763612 0.00163459 0.00287135 0.00429696 0.0056901 0.00689005 0.00781874 0.00845284 0.00879432 0.00885483 0.00864983 0.00819695 0.0075163 0.00663343 0.00558656 0.00443704 0.00327604 0.00221495 0.00135333 0.000740718 0.000362039 0.000158348 6.2318e-05 2.22193e-05 7.22485e-06 2.15405e-06 5.9106e-07 1.49512e-07 3.48306e-08 7.43764e-09 1.44029e-09 2.47564e-10 3.61401e-11 4.03965e-12 2.46738e-13 0 
0 5.38003e-06 5.53565e-05 0.000282851 0.000971517 0.0024335 0.0046657 0.00724305 0.00968462 0.0117502 0.0133941 0.0146297 0.0154687 0.0159174 0.0159855 0.0156928 0.0150688 0.0141481 0.0129619 0.0115312 0.00986821 0.00799949 0.00601173 0.0040863 0.00245767 0.00129089 0.000591178 0.000237863 8.51135e-05 2.7422e-05 8.03585e-06 2.15713e-06 5.325e-07 1.20937e-07 2.51737e-08 4.7544e-09 7.97729e-10 1.13807e-10 1.24476e-11 7.44905e-13 0 
0 1.47865e-05 0.000153322 0.000763612 0.0024335 0.00539789 0.00901686 0.0124667 0.0154486 0.0179842 0.0201005 0.0217678 0.0229368 0.023572 0.0236658 0.0232418 0.0223518 0.0210676 0.0194705 0.0176352 0.0156094 0.0133959 0.0109616 0.00831618 0.00564203 0.00331092 0.00165067 0.000700441 0.000256992 8.31769e-05 2.41681e-05 6.38394e-06 1.54438e-06 3.43059e-07 6.97987e-08 1.28871e-08 2.11523e-09 2.9548e-10 3.16801e-11 1.86065e-12 0 
0 3.38003e-05 0.000346863 0.00163459 0.0046657 0.00901686 0.0134401 0.0174248 0.0210433 0.0243246 0.0271728 0.0294584 0.0310738 0.0319545 0.0320847 0.0314964 0.0302628 0.0284892 0.0263015 0.0238318 0.0212013 0.0184929 0.015715 0.0127837 0.00961555 0.00637151 0.00355889 0.00164395 0.000634261 0.000209757 6.10869e-05 1.59898e-05 3.80959e-06 8.30852e-07 1.65755e-07 3.00004e-08 4.8288e-09 6.61975e-10 6.97175e-11 4.02643e-12 0 
0 6.6029e-05 0.000659265 0.00287135 0.00724305 0.0124667 0.0174248 0.022127 0.026655 0.0308698 0.0345581 0.037524 0.039621 0.0407638 0.0409321 0.0401672 0.0385643 0.0362602 0.0334193 0.0302184 0.0268308 0.0234086 0.0200524 0.0167595 0.0133847 0.00976968 0.0061282 0.0031443 0.00130535 0.000449016 0.000132615 3.46622e-05 8.17659e-06 1.75803e-06 3.45076e-07 6.14077e-08 9.71878e-09 1.31072e-09 1.35906e-10 7.73451e-12 0 
0 0.000112537 0.0010794 0.00429696 0.00968462 0.0154486 0.0210433 0.026655 0.0321855 0.0373602 0.0418914 0.0455343 0.0481087 0.0495103 0.0497145 0.0487724 0.046801 0.043968 0.040475 0.036539 0.0323749 0.0281799 0.0241146 0.0202678 0.0165857 0.0128304 0.00883499 0.00503715 0.00228104 0.00082825 0.00025082 6.59498e-05 1.54841e-05 3.29548e-06 6.38639e-07 1.12086e-07 1.74918e-08 2.32679e-09 2.38099e-10 1.33827e-11 0 
0 0.000170384 0.00156012 0.0056901 0.0117502 0.0179842 0.0243246 0.0308698 0.0373602 0.0434364 0.0487556 0.0530301 0.0560487 0.0576899 0.0579252 0.0568153 0.0544974 0.0511685 0.0470649 0.0424407 0.0375478 0.0326187 0.0278513 0.023389 0.019269 0.0153264 0.0112269 0.00699547 0.0034572 0.00133585 0.000418173 0.000111294 2.61285e-05 5.52552e-06 1.06073e-06 1.84167e-07 2.84205e-08 3.73882e-09 3.78529e-10 2.10623e-11 0 
0 0.000232892 0.00203676 0.00689005 0.0133941 0.0201005 0.0271728 0.0345581 0.0418914 0.0487556 0.0547624 0.0595869 0.0629912 0.0648388 0.0650984 0.063839 0.061216 0.0574521 0.0528138 0.0475878 0.042058 0.0364865 0.0310983 0.0260677 0.0214876 0.0172821 0.0131186 0.00872494 0.00465522 0.00191376 0.000621548 0.000168107 3.96048e-05 8.34924e-06 1.59262e-06 2.74354e-07 4.19849e-08 5.47721e-09 5.50071e-10 3.03762e-11 0 
0 0.000291442 0.0024493 0.00781874 0.0146297 0.0217678 0.0294584 0.037524 0.0455343 0.0530301 0.0595869 0.0648501 0.0685608 0.0705704 0.0708459 0.0694632 0.0665926 0.0624775 0.057409 0.0516998 0.0456594 0.0395733 0.033687 0.0281943 0.0232177 0.0187439 0.0144975 0.010067 0.00570194 0.00247526 0.000832935 0.000229227 5.43134e-05 1.14438e-05 2.17503e-06 3.72809e-07 5.67364e-08 7.36044e-09 7.35279e-10 4.04062e-11 0 
0 0.000337751 0.00275493 0.00845284 0.0154687 0.0229368 0.0310738 0.039621 0.0481087 0.0560487 0.0629912 0.0685608 0.0724835 0.0746031 0.0748853 0.0734114 0.0703625 0.065997 0.0606233 0.0545726 0.0481724 0.0417247 0.0354889 0.0296707 0.0244085 0.0197247 0.0153986 0.0109762 0.00648127 0.00293465 0.00101738 0.0002845 6.78539e-05 1.4317e-05 2.71808e-06 4.64848e-07 7.05579e-08 9.12988e-09 9.09962e-10 4.99164e-11 0 
0 0.000365645 0.00292992 0.00879432 0.0159174 0.023572 0.0319545 0.0407638 0.0495103 0.0576899 0.0648388 0.0705704 0.0746031 0.0767766 0.0770563 0.075527 0.0723761 0.0678704 0.0623282 0.0560908 0.0494954 0.0428527 0.0364295 0.0304374 0.0250218 0.0202229 0.015855 0.0114618 0.00693957 0.00323038 0.00114394 0.000323961 7.77637e-05 1.6457e-05 3.12858e-06 5.35433e-07 8.13227e-08 1.05321e-08 1.05116e-09 5.77803e-11 0 
0 0.00037199 0.00296638 0.00885483 0.0159855 0.0236658 0.0320847 0.0409321 0.0497145 0.0579252 0.0650984 0.0708459 0.0748853 0.0770563 0.077325 0.0757775 0.0726028 0.0680696 0.062498 0.0562309 0.0496072 0.0429385 0.0364922 0.0304803 0.0250492 0.0202439 0.0158939 0.0115515 0.00706846 0.00333403 0.00119448 0.000341168 8.23909e-05 1.75187e-05 3.3446e-06 5.74879e-07 8.77277e-08 1.14229e-08 1.1472e-09 6.35169e-11 0 
0 0.000356864 0.00286845 0.00864983 0.0156928 0.0232418 0.0314964 0.0401672 0.0487724 0.0568153 0.063839 0.0694632 0.0734114 0.075527 0.0757775 0.0742481 0.0711248 0.0666718 0.0612036 0.0550566 0.0485633 0.0420289 0.0357154 0.0298298 0.0245145 0.0198101 0.015543 0.0112775 0.00688854 0.00324973 0.00116779 0.000335292 8.15082e-05 1.74629e-05 3.36237e-06 5.83441e-07 8.99829e-08 1.18559e-08 1.20642e-09 6.77667e-11 0 
0 0.00032321 0.00264983 0.00819695 0.0150688 0.0223518 0.0302628 0.0385643 0.046801 0.0544974 0.061216 0.0665926 0.0703625 0.0723761 0.0726028 0.0711248 0.0681212 0.0638454 0.0585996 0.0527065 0.0464848 0.0402272 0.0341844 0.0285545 0.0234707 0.0189603 0.0148336 0.0106756 0.00644217 0.00300976 0.00107901 0.000311318 7.64345e-05 1.65935e-05 3.24527e-06 5.73149e-07 9.01339e-08 1.2129e-08 1.26223e-09 7.25821e-11 0 
0 0.000276153 0.00233282 0.0075163 0.0141481 0.0210676 0.0284892 0.0362602 0.043968 0.0511685 0.0574521 0.0624775 0.065997 0.0678704 0.0680696 0.0666718 0.0638454 0.0598286 0.0549046 0.0493766 0.0435435 0.0376798 0.0320209 0.0267514 0.0219911 0.017745 0.0138016 0.00979119 0.00579417 0.00266929 0.000955604 0.00027863 6.9703e-05 1.54998e-05 3.11602e-06 5.67069e-07 9.20325e-08 1.27892e-08 1.37407e-09 8.14827e-11 0 
0 0.000222064 0.00194787 0.00663343 0.0129619 0.0194705 0.0263015 0.0334193 0.040475 0.0470649 0.0528138 0.057409 0.0606233 0.0623282 0.062498 0.0612036 0.0585996 0.0549046 0.0503788 0.0453004 0.0399438 0.0345614 0.0293691 0.0245351 0.0201597 0.0162193 0.0124898 0.0086897 0.00503467 0.0022991 0.000831535 0.000248884 6.45584e-05 1.4966e-05 3.14368e-06 5.97734e-07 1.01166e-07 1.46127e-08 1.62495e-09 9.9253e-11 0 
0 0.000167469 0.00153226 0.00558656 0.0115312 0.0176352 0.0238318 0.0302184 0.036539 0.0424407 0.0475878 0.0516998 0.0545726 0.0560908 0.0562309 0.0550566 0.0527065 0.0493766 0.0453004 0.0407276 0.0359047 0.0310584 0.0263826 0.0220249 0.0180605 0.0144384 0.0109571 0.00746891 0.00427539 0.00197499 0.000741485 0.000234373 6.46543e-05 1.59329e-05 3.54003e-06 7.06683e-07 1.24516e-07 1.85659e-08 2.11438e-09 1.31344e-10 0 
0 0.000117938 0.00112645 0.00443704 0.00986821 0.0156094 0.0212013 0.0268308 0.0323749 0.0375478 0.042058 0.0456594 0.0481724 0.0494954 0.0496072 0.0485633 0.0464848 0.0435435 0.0399438 0.0359047 0.0316422 0.0273549 0.0232114 0.0193338 0.0157701 0.0124647 0.00929565 0.00625921 0.00363114 0.00176442 0.000717159 0.000247773 7.42091e-05 1.95594e-05 4.57029e-06 9.4485e-07 1.70235e-07 2.56982e-08 2.94074e-09 1.82533e-10 0 
0 7.72097e-05 0.000767402 0.00327604 0.00799949 0.0133959 0.0184929 0.0234086 0.0281799 0.0326187 0.0364865 0.0395733 0.0417247 0.0428527 0.0429385 0.0420289 0.0402272 0.0376798 0.0345614 0.0310584 0.0273549 0.0236188 0.0199888 0.0165586 0.0133624 0.0103888 0.00764102 0.00519637 0.00318505 0.00171096 0.000784767 0.000302841 9.84793e-05 2.73276e-05 6.55828e-06 1.36876e-06 2.462e-07 3.68463e-08 4.16271e-09 2.54471e-10 0 
0 4.67901e-05 0.000480706 0.00221495 0.00601173 0.0109616 0.015715 0.0200524 0.0241146 0.0278513 0.0310983 0.033687 0.0354889 0.0364295 0.0364922 0.0357154 0.0341844 0.0320209 0.0293691 0.0263826 0.0232114 0.0199888 0.0168208 0.0137819 0.0109335 0.0083612 0.00616709 0.00438893 0.00296495 0.00182191 0.000960692 0.000414306 0.000143955 4.09898e-05 9.83047e-06 2.02175e-06 3.56007e-07 5.2023e-08 5.73526e-09 3.42286e-10 0 
0 2.61571e-05 0.000275187 0.00135333 0.0040863 0.00831618 0.0127837 0.0167595 0.0202678 0.023389 0.0260677 0.0281943 0.0296707 0.0304374 0.0304803 0.0298298 0.0285545 0.0267514 0.0245351 0.0220249 0.0193338 0.0165586 0.0137819 0.0110969 0.00865146 0.00664227 0.00518103 0.00413862 0.00321325 0.00223573 0.00130729 0.000610272 0.000220313 6.24761e-05 1.45677e-05 2.89261e-06 4.91927e-07 6.95677e-08 7.44019e-09 4.31847e-10 0 
0 1.34566e-05 0.000143436 0.000740718 0.00245767 0.00564203 0.00961555 0.0133847 0.0165857 0.019269 0.0214876 0.0232177 0.0244085 0.0250218 0.0250492 0.0245145 0.0234707 0.0219911 0.0201597 0.0180605 0.0157701 0.0133624 0.0109335 0.00865146 0.00680403 0.00577957 0.00580116 0.00630066 0.00599236 0.00438931 0.00242777 0.00105116 0.000358727 9.5523e-05 2.07424e-05 3.87304e-06 6.28468e-07 8.56223e-08 8.87079e-09 5.00727e-10 0 
0 6.36305e-06 6.79954e-05 0.000362039 0.00129089 0.00331092 0.00637151 0.00976968 0.0128304 0.0153264 0.0172821 0.0187439 0.0197247 0.0202229 0.0202439 0.0198101 0.0189603 0.017745 0.0162193 0.0144384 0.0124647 0.0103888 0.0083612 0.00664227 0.00577957 0.00691482 0.0109184 0.0157541 0.0167907 0.012404 0.00631189 0.00230319 0.000654094 0.000149495 2.83158e-05 4.76458e-06 7.25052e-07 9.48922e-08 9.54184e-09 5.25368e-10 0 
0 2.76532e-06 2.93457e-05 0.000158348 0.000591178 0.00165067 0.00355889 0.0061282 0.00883499 0.0112269 0.0131186 0.0144975 0.0153986 0.015855 0.0158939 0.015543 0.0148336 0.0138016 0.0124898 0.0109571 0.00929565 0.00764102 0.00616709 0.00518103 0.00580116 0.0109184 0.0226611 0.0360255 0.0395686 0.0292999 0.0145696 0.00492982 0.00120428 0.000230785 3.66317e-05 5.31841e-06 7.42261e-07 9.30826e-08 9.12473e-09 4.9274e-10 0 
0 1.1054e-06 1.15599e-05 6.2318e-05 0.000237863 0.000700441 0.00164395 0.0031443 0.00503715 0.00699547 0.00872494 0.010067 0.0109762 0.0114618 0.0115515 0.0112775 0.0106756 0.00979119 0.0086897 0.00746891 0.00625921 0.00519637 0.00438893 0.00413862 0.00630066 0.0157541 0.0360255 0.0588422 0.0651353 0.048266 0.0238647 0.00790546 0.00180961 0.000308436 4.20934e-05 5.24051e-06 6.62776e-07 7.9699e-08 7.66926e-09 4.09219e-10 0 
0 4.06977e-07 4.16973e-06 2.22193e-05 8.51135e-05 0.000256992 0.000634261 0.00130535 0.00228104 0.0034572 0.00465522 0.00570194 0.00648127 0.00693957 0.00706846 0.00688854 0.00644217 0.00579417 0.00503467 0.00427539 0.00363114 0.00318505 0.00296495 0.00321325 0.00599236 0.0167907 0.0395686 0.0651353 0.0722351 0.0535649 0.0264396 0.00870682 0.00195024 0.00031418 3.90291e-05 4.33397e-06 5.05067e-07 5.88742e-08 5.61807e-09 2.98875e-10 0 
0 1.38215e-07 1.38171e-06 7.22485e-06 2.7422e-05 8.31769e-05 0.000209757 0.000449016 0.00082825 0.00133585 0.00191376 0.00247526 0.00293465 0.00323038 0.00333403 0.00324973 0.00300976 0.00266929 0.0022991 0.00197499 0.00176442 0.00171096 0.00182191 0.00223573 0.00438931 0.012404 0.0292999 0.048266 0.0535649 0.0396949 0.0195942 0.00645021 0.00144053 0.000227579 2.70981e-05 2.85412e-06 3.2116e-07 3.71944e-08 3.56803e-09 1.91125e-10 0 
0 4.33547e-08 4.21765e-07 2.15405e-06 8.03585e-06 2.41681e-05 6.10869e-05 0.000132615 0.00025082 0.000418173 0.000621548 0.000832935 0.00101738 0.00114394 0.00119448 0.00116779 0.00107901 0.000955604 0.000831535 0.000741485 0.000717159 0.000784767 0.000960692 0.00130729 0.00242777 0.00631189 0.0145696 0.0238647 0.0264396 0.0195942 0.00968395 0.00320234 0.000721448 0.000114215 1.36058e-05 1.45469e-06 1.68396e-07 2.00241e-08 1.96055e-09 1.06789e-10 0 
0 1.25687e-08 1.18806e-07 5.9106e-07 2.15713e-06 6.38394e-06 1.59898e-05 3.46622e-05 6.59498e-05 0.000111294 0.000168107 0.000229227 0.0002845 0.000323961 0.000341168 0.000335292 0.000311318 0.00027863 0.000248884 0.000234373 0.000247773 0.000302841 0.000414306 0.000610272 0.00105116 0.00230319 0.00492982 0.00790546 0.00870682 0.00645021 0.00320234 0.00107209 0.000245698 3.97096e-05 4.95648e-06 5.78668e-07 7.33094e-08 9.21302e-09 9.32729e-10 5.21157e-11 0 
0 3.36556e-09 3.08921e-08 1.49512e-07 5.325e-07 1.54438e-06 3.80959e-06 8.17659e-06 1.54841e-05 2.61285e-05 3.96048e-05 5.43134e-05 6.78539e-05 7.77637e-05 8.23909e-05 8.15082e-05 7.64345e-05 6.9703e-05 6.45584e-05 6.46543e-05 7.42091e-05 9.84793e-05 0.000143955 0.000220313 0.000358727 0.000654094 0.00120428 0.00180961 0.00195024 0.00144053 0.000721448 0.000245698 5.77566e-05 9.83281e-06 1.37038e-06 1.87794e-07 2.70731e-08 3.64817e-09 3.85106e-10 2.22265e-11 0 
0 8.30256e-10 7.40037e-09 3.48306e-08 1.20937e-07 3.43059e-07 8.30852e-07 1.75803e-06 3.29548e-06 5.52552e-06 8.34924e-06 1.14438e-05 1.4317e-05 1.6457e-05 1.75187e-05 1.74629e-05 1.65935e-05 1.54998e-05 1.4966e-05 1.59329e-05 1.95594e-05 2.73276e-05 4.09898e-05 6.24761e-05 9.5523e-05 0.000149495 0.000230785 0.000308436 0.00031418 0.000227579 0.000114215 3.97096e-05 9.83281e-06 1.87219e-06 3.14838e-07 5.27766e-08 8.66592e-09 1.25139e-09 1.38278e-10 8.28493e-12 0 
0 1.87585e-10 1.62448e-09 7.43764e-09 2.51737e-08 6.97987e-08 1.65755e-07 3.45076e-07 6.38639e-07 1.06073e-06 1.59262e-06 2.17503e-06 2.71808e-06 3.12858e-06 3.3446e-06 3.36237e-06 3.24527e-06 3.11602e-06 3.14368e-06 3.54003e-06 4.57029e-06 6.55828e-06 9.83047e-06 1.45677e-05 2.07424e-05 2.83158e-05 3.66317e-05 4.20934e-05 3.90291e-05 2.70981e-05 1.36058e-05 4.95648e-06 1.37038e-06 3.14838e-07 6.64674e-08 1.33276e-08 2.42579e-09 3.72648e-10 4.31643e-11 2.69352e-12 0 
0 3.83724e-11 3.23136e-10 1.44029e-09 4.7544e-09 1.28871e-08 3.00004e-08 6.14077e-08 1.12086e-07 1.84167e-07 2.74354e-07 3.72809e-07 4.64848e-07 5.35433e-07 5.74879e-07 5.83441e-07 5.73149e-07 5.67069e-07 5.97734e-07 7.06683e-07 9.4485e-07 1.36876e-06 2.02175e-06 2.89261e-06 3.87304e-06 4.76458e-06 5.31841e-06 5.24051e-06 4.33397e-06 2.85412e-06 1.45469e-06 5.78668e-07 1.87794e-07 5.27766e-08 1.33276e-08 3.01105e-09 5.90666e-10 9.59051e-11 1.16479e-11 7.58379e-13 0 
0 6.95221e-12 5.69926e-11 2.47564e-10 7.97729e-10 2.11523e-09 4.8288e-09 9.71878e-09 1.74918e-08 2.84205e-08 4.19849e-08 5.67364e-08 7.05579e-08 8.13227e-08 8.77277e-08 8.99829e-08 9.01339e-08 9.20325e-08 1.01166e-07 1.24516e-07 1.70235e-07 2.462e-07 3.56007e-07 4.91927e-07 6.28468e-07 7.25052e-07 7.42261e-07 6.62776e-07 5.05067e-07 3.2116e-07 1.68396e-07 7.33094e-08 2.70731e-08 8.66592e-09 2.42579e-09 5.90666e-10 1.22893e-10 2.10058e-11 2.67366e-12 1.81739e-13 0 
0 1.06711e-12 8.52666e-12 3.61401e-11 1.13807e-10 2.9548e-10 6.61975e-10 1.31072e-09 2.32679e-09 3.73882e-09 5.47721e-09 7.36044e-09 9.12988e-09 1.05321e-08 1.14229e-08 1.18559e-08 1.2129e-08 1.27892e-08 1.46127e-08 1.85659e-08 2.56982e-08 3.68463e-08 5.2023e-08 6.95677e-08 8.56223e-08 9.48922e-08 9.30826e-08 7.9699e-08 5.88742e-08 3.71944e-08 2.00241e-08 9.21302e-09 3.64817e-09 1.25139e-09 3.72648e-10 9.59051e-11 2.10058e-11 3.76883e-12 5.02119e-13 3.56197e-14 0 
0 1.25082e-13 9.75472e-13 4.03965e-12 1.24476e-11 3.16801e-11 6.97175e-11 1.35906e-10 2.38099e-10 3.78529e-10 5.50071e-10 7.35279e-10 9.09962e-10 1.05116e-09 1.1472e-09 1.20642e-09 1.26223e-09 1.37407e-09 1.62495e-09 2.11438e-09 2.94074e-09 4.16271e-09 5.73526e-09 7.44019e-09 8.87079e-09 9.54184e-09 9.12473e-09 7.66926e-09 5.61807e-09 3.56803e-09 1.96055e-09 9.32729e-10 3.85106e-10 1.38278e-10 4.31643e-11 1.16479e-11 2.67366e-12 5.02119e-13 6.98946e-14 5.16887e-15 0 
0 7.98979e-15 6.08971e-14 2.46738e-13 7.44905e-13 1.86065e-12 4.02643e-12 7.73451e-12 1.33827e-11 2.10623e-11 3.03762e-11 4.04062e-11 4.99164e-11 5.77803e-11 6.35169e-11 6.77667e-11 7.25821e-11 8.14827e-11 9.9253e-11 1.31344e-10 1.82533e-10 2.54471e-10 3.42286e-10 4.31847e-10 5.00727e-10 5.25368e-10 4.9274e-10 4.09219e-10 2.98875e-10 1.91125e-10 1.06789e-10 5.21157e-11 2.22265e-11 8.28493e-12 2.69352e-12 7.58379e-13 1.81739e-13 3.56197e-14 5.16887e-15 3.97862e-16 0 
0 0 0 0 0 0 0 0 0 0 0 0 0 0 0 0 0 0 0 0 0 0 0 0 0 0 0 0 0 0 0 0 0 0 0 0 0 0 0 0 0 
