0 0 0 0 0 0 0 0 0 0 0 0 0 0 0 0 0 0 0 0 0 0 0 0 0 0 0 0 0 0 0 0 0 0 0 0 0 0 0 0 0 
0 2.00511e-07 1.7739e-06 7.70101e-06 2.2709e-05 5.06597e-05 9.11148e-05 0.000138982 0.000187521 0.00023134 0.000267399 0.000294548 0.000312711 0.000322262 0.000323706 0.000317535 0.00030422 0.000284247 0.000258226 0.00022703 0.000191974 0.000154918 0.00011823 8.4486e-05 5.59534e-05 3.4014e-05 1.88254e-05 9.43092e-06 4.26304e-06 1.73752e-06 6.39155e-07 2.12549e-07 6.39719e-08 1.74171e-08 4.2738e-09 9.3637e-10 1.79561e-10 2.8882e-11 3.51838e-12 2.31984e-13 0 
0 1.7739e-06 1.5966e-05 6.74595e-05 0.000182924 0.000357088 0.000548201 0.000716475 0.000848233 0.000947534 0.0010219 0.00107619 0.00111243 0.00113129 0.00113325 0.00111925 0.00109072 0.00104925 0.000996096 0.000931452 0.000854102 0.000761732 0.000652538 0.000528082 0.000395981 0.000269763 0.000164161 8.82187e-05 4.16718e-05 1.73304e-05 6.3813e-06 2.09489e-06 6.1679e-07 1.6339e-07 3.89007e-08 8.26128e-09 1.5358e-09 2.39695e-10 2.83706e-11 1.82043e-12 0 
0 7.70101e-06 6.74595e-05 0.000256872 0.000581448 0.000921366 0.00118859 0.00139377 0.00157025 0.00173138 0.00187438 0.00199131 0.00207484 0.00212033 0.00212636 0.00209453 0.00202915 0.00193662 0.00182475 0.00170176 0.00157488 0.0014481 0.00131938 0.00117865 0.0010105 0.000805268 0.000574836 0.000355735 0.000187116 8.33732e-05 3.17699e-05 1.05138e-05 3.06657e-06 7.96411e-07 1.8486e-07 3.81778e-08 6.89753e-09 1.04669e-09 1.20591e-10 7.5431e-12 0 
0 2.2709e-05 0.000182924 0.000581448 0.00105562 0.00142944 0.00174299 0.00205826 0.00238014 0.00268903 0.00296341 0.00318572 0.00334346 0.00342944 0.0034418 0.00338364 0.00326239 0.00308891 0.00287643 0.00263956 0.00239331 0.0021522 0.00192857 0.00172893 0.00154696 0.00135706 0.0011216 0.000825333 0.000511983 0.000259392 0.000107237 3.69325e-05 1.08831e-05 2.80398e-06 6.39251e-07 1.29031e-07 2.27397e-08 3.36514e-09 3.78349e-10 2.31229e-11 0 
0 5.06597e-05 0.000357088 0.000921366 0.00142944 0.00186742 0.00233984 0.00285208 0.00337035 0.00385977 0.00429018 0.00463706 0.0048826 0.00501649 0.00503619 0.00494652 0.00475876 0.00448918 0.00415745 0.00378491 0.00339303 0.00300229 0.00263146 0.00229711 0.00201125 0.00177311 0.00155399 0.00129387 0.000948708 0.000567897 0.000266976 9.93867e-05 3.03382e-05 7.8736e-06 1.77967e-06 3.53285e-07 6.10094e-08 8.83636e-09 9.72461e-10 5.82225e-11 0 
0 9.11148e-05 0.000548201 0.00118859 0.00174299 0.00233984 0.00302467 0.00375712 0.0044894 0.00517702 0.00578009 0.00626544 0.00660877 0.006796 0.00682368 0.00669858 0.00643632 0.00605941 0.00559493 0.00507214 0.00452021 0.00396638 0.00343475 0.00294586 0.00251702 0.00216122 0.00187795 0.00163031 0.00133518 0.000935382 0.00051278 0.000213358 6.92642e-05 1.84163e-05 4.17037e-06 8.19768e-07 1.3941e-07 1.98395e-08 2.14423e-09 1.26127e-10 0 
0 0.000138982 0.000716475 0.00139377 0.00205826 0.00285208 0.00375712 0.00471581 0.00567053 0.00656547 0.00734965 0.00798061 0.0084275 0.00867192 0.00870807 0.00854434 0.00820223 0.00771169 0.00710747 0.00642692 0.00570746 0.00498384 0.00428634 0.00363981 0.00306391 0.0025742 0.00218147 0.00187828 0.00160628 0.00125615 0.00079645 0.000376871 0.000132931 3.67906e-05 8.43267e-06 1.65253e-06 2.78114e-07 3.90415e-08 4.15774e-09 2.40983e-10 0 
0 0.000187521 0.000848233 0.00157025 0.00238014 0.00337035 0.0044894 0.00567053 0.00684518 0.00794558 0.00891052 0.0096934 0.0102619 0.0105839 0.0106331 0.0104154 0.00997232 0.00935574 0.0086086 0.00777091 0.0068854 0.00599388 0.005133 0.00433238 0.00361446 0.00299555 0.00248788 0.00209678 0.0017959 0.00148711 0.00105559 0.000566132 0.000219387 6.39553e-05 1.49653e-05 2.94119e-06 4.9205e-07 6.83883e-08 7.1994e-09 4.12344e-10 0 
0 0.00023134 0.000947534 0.00173138 0.00268903 0.00385977 0.00517702 0.00656547 0.00794558 0.00923965 0.0103877 0.0113567 0.0120874 0.0124951 0.012557 0.0122865 0.0117162 0.0109301 0.0100196 0.00902707 0.00798546 0.00693723 0.00592415 0.00498049 0.00413166 0.00339503 0.00278228 0.00230131 0.00194421 0.00164271 0.00125609 0.000749048 0.000318572 9.8359e-05 2.36281e-05 4.67807e-06 7.80854e-07 1.07799e-07 1.12509e-08 6.38483e-10 0 
0 0.000267399 0.0010219 0.00187438 0.00296341 0.00429018 0.00578009 0.00734965 0.00891052 0.0103877 0.0117437 0.012883 0.013627 0.0139855 0.0140359 0.0138026 0.0132595 0.012384 0.0112905 0.0101311 0.00894546 0.00775972 0.00661398 0.00554587 0.00458355 0.00374562 0.00304333 0.0024839 0.00206691 0.00174869 0.00139571 0.000901905 0.000416335 0.000135936 3.35849e-05 6.71575e-06 1.12144e-06 1.54187e-07 1.59952e-08 9.01592e-10 0 
0 0.000294548 0.00107619 0.00199131 0.00318572 0.00463706 0.00626544 0.00798061 0.0096934 0.0113567 0.012883 0.0139686 0.0145771 0.0148624 0.0149007 0.0147103 0.0142674 0.0135007 0.0123616 0.0110396 0.00971634 0.00841645 0.00716439 0.00599689 0.00494413 0.00402582 0.00325302 0.00263184 0.002164 0.00182105 0.00148586 0.00101479 0.000499811 0.000171272 4.3433e-05 8.77611e-06 1.46842e-06 2.01477e-07 2.082e-08 1.16816e-09 0 
0 0.000312711 0.00111243 0.00207484 0.00334346 0.0048826 0.00660877 0.0084275 0.0102619 0.0120874 0.013627 0.0145771 0.0151022 0.0153511 0.0153829 0.0152126 0.0148222 0.0141526 0.0130996 0.0117066 0.0102633 0.00887498 0.00754757 0.0063105 0.00519456 0.00422024 0.00339855 0.0027347 0.00223067 0.0018661 0.00153821 0.00108743 0.000560469 0.000199185 5.15753e-05 1.05166e-05 1.76415e-06 2.41904e-07 2.49457e-08 1.39589e-09 0 
0 0.000322262 0.00113129 0.00212033 0.00342944 0.00501649 0.006796 0.00867192 0.0105839 0.0124951 0.0139855 0.0148624 0.0153511 0.0155836 0.0156119 0.0154492 0.0150802 0.0144534 0.0134637 0.0120723 0.0105587 0.00911624 0.00774764 0.00647342 0.00532391 0.00431993 0.00347242 0.00278608 0.00226263 0.00188545 0.0015605 0.00112336 0.000594251 0.000215927 5.66656e-05 1.16286e-05 1.95532e-06 2.68216e-07 2.76434e-08 1.54533e-09 0 
0 0.000323706 0.00113325 0.00212636 0.0034418 0.00503619 0.00682368 0.00870807 0.0106331 0.012557 0.0140359 0.0149007 0.0153829 0.0156119 0.0156383 0.0154751 0.0151073 0.0144847 0.013503 0.0121122 0.0105861 0.00913487 0.00776099 0.00648252 0.00532941 0.00432241 0.00347231 0.0027836 0.00225788 0.00187937 0.00155685 0.00112621 0.000600345 0.000219721 5.79502e-05 1.19278e-05 2.00913e-06 2.75898e-07 2.84568e-08 1.59177e-09 0 
0 0.000317535 0.00111925 0.00209453 0.00338364 0.00494652 0.00669858 0.00854434 0.0104154 0.0122865 0.0138026 0.0147103 0.0152126 0.0154492 0.0154751 0.015304 0.0149196 0.0142669 0.0132401 0.0118372 0.0103541 0.00894039 0.00759575 0.00634421 0.00521592 0.00423114 0.00340049 0.0027285 0.00221679 0.00184817 0.00152876 0.00109831 0.000580024 0.000210791 5.54178e-05 1.14022e-05 1.92273e-06 2.64505e-07 2.73384e-08 1.53255e-09 0 
0 0.00030422 0.00109072 0.00202915 0.00326239 0.00475876 0.00643632 0.00820223 0.00997232 0.0117162 0.0132595 0.0142674 0.0148222 0.0150802 0.0151073 0.0149196 0.0144966 0.0137737 0.0126628 0.0112851 0.00989799 0.00855596 0.00727014 0.00607308 0.00499472 0.00405454 0.0032629 0.00262468 0.00214147 0.00179208 0.0014755 0.0010407 0.000536155 0.000191117 4.97488e-05 1.0206e-05 1.72258e-06 2.3762e-07 2.46471e-08 1.38708e-09 0 
0 0.000284247 0.00104925 0.00193662 0.00308891 0.00448918 0.00605941 0.00771169 0.00935574 0.0109301 0.012384 0.0135007 0.0141526 0.0144534 0.0144847 0.0142669 0.0137737 0.0129416 0.0117916 0.0105291 0.00926375 0.00801362 0.00681003 0.00568989 0.00468188 0.00380448 0.00306787 0.00247752 0.00203441 0.00171008 0.00139406 0.00095397 0.000473353 0.000164057 4.21123e-05 8.60634e-06 1.45498e-06 2.01563e-07 2.10212e-08 1.19006e-09 0 
0 0.000258226 0.000996096 0.00182475 0.00287643 0.00415745 0.00559493 0.00710747 0.0086086 0.0100196 0.0112905 0.0123616 0.0130996 0.0134637 0.013503 0.0132401 0.0126628 0.0117916 0.0107501 0.00964012 0.00849541 0.00735029 0.00624615 0.00521922 0.00429622 0.00349458 0.0028245 0.00229214 0.00189632 0.00159788 0.00127938 0.000840221 0.000398378 0.000133826 3.38769e-05 6.90769e-06 1.17232e-06 1.63496e-07 1.71866e-08 9.81131e-10 0 
0 0.00022703 0.000931452 0.00170176 0.00263956 0.00378491 0.00507214 0.00642692 0.00777091 0.00902707 0.0101311 0.0110396 0.0117066 0.0120723 0.0121122 0.0118372 0.0112851 0.0105291 0.00964012 0.00866228 0.00763598 0.00660535 0.00561133 0.00468716 0.00385737 0.00313844 0.00254087 0.00207103 0.00172311 0.00144619 0.00112637 0.000705801 0.000320189 0.000104809 2.63145e-05 5.37975e-06 9.20211e-07 1.29631e-07 1.37739e-08 7.94798e-10 0 
0 0.000191974 0.000854102 0.00157488 0.00239331 0.00339303 0.00452021 0.00570746 0.0068854 0.00798546 0.00894546 0.00971634 0.0102633 0.0105587 0.0105861 0.0103541 0.00989799 0.00926375 0.00849541 0.00763598 0.00672947 0.00581791 0.00493794 0.00411919 0.00338399 0.00274804 0.00222202 0.0018111 0.00150306 0.00124229 0.000935829 0.000563889 0.000248994 8.07928e-05 2.0373e-05 4.2097e-06 7.29349e-07 1.04089e-07 1.1198e-08 6.53618e-10 0 
0 0.000154918 0.000761732 0.0014481 0.0021522 0.00300229 0.00396638 0.00498384 0.00599388 0.00693723 0.00775972 0.00841645 0.00887498 0.00911624 0.00913487 0.00894039 0.00855596 0.00801362 0.00735029 0.00660535 0.00581791 0.00502425 0.00425589 0.00353868 0.00289269 0.00233278 0.00186893 0.00150343 0.0012222 0.000982824 0.000723753 0.000433773 0.000193961 6.42868e-05 1.65625e-05 3.48531e-06 6.12795e-07 8.84942e-08 9.61146e-09 5.65342e-10 0 
0 0.00011823 0.000652538 0.00131938 0.00192857 0.00263146 0.00343475 0.00428634 0.005133 0.00592415 0.00661398 0.00716439 0.00754757 0.00774764 0.00776099 0.00759575 0.00727014 0.00681003 0.00624615 0.00561133 0.00493794 0.00425589 0.00359132 0.00296613 0.00239831 0.0019026 0.00148926 0.0011601 0.000906139 0.000706696 0.000525347 0.000332779 0.000159722 5.60192e-05 1.4938e-05 3.19938e-06 5.66938e-07 8.20862e-08 8.91415e-09 5.23427e-10 0 
0 8.4486e-05 0.000528082 0.00117865 0.00172893 0.00229711 0.00294586 0.00363981 0.00433238 0.00498049 0.00554587 0.00599689 0.0063105 0.00647342 0.00648252 0.00634421 0.00607308 0.00568989 0.00521922 0.00468716 0.00411919 0.00353868 0.00296613 0.00241989 0.00192006 0.00149431 0.00116949 0.0009359 0.000741533 0.00055664 0.000398823 0.000266943 0.000143142 5.45826e-05 1.5104e-05 3.25739e-06 5.73326e-07 8.20479e-08 8.79597e-09 5.09956e-10 0 
0 5.59534e-05 0.000395981 0.0010105 0.00154696 0.00201125 0.00251702 0.00306391 0.00361446 0.00413166 0.00458355 0.00494413 0.00519456 0.00532391 0.00532941 0.00521592 0.00499472 0.00468188 0.00429622 0.00385737 0.00338399 0.00289269 0.00239831 0.00192006 0.00150519 0.00125389 0.00124067 0.00134221 0.00127615 0.000937594 0.000532819 0.000271981 0.000139456 5.68591e-05 1.62414e-05 3.48309e-06 6.00825e-07 8.40277e-08 8.81283e-09 5.00876e-10 0 
0 3.4014e-05 0.000269763 0.000805268 0.00135706 0.00177311 0.00216122 0.0025742 0.00299555 0.00339503 0.00374562 0.00402582 0.00422024 0.00431993 0.00432241 0.00423114 0.00405454 0.00380448 0.00349458 0.00313844 0.00274804 0.00233278 0.0019026 0.00149431 0.00125389 0.00147297 0.00232213 0.00338956 0.0038139 0.00263812 0.00134278 0.000497069 0.00016899 6.11529e-05 1.7361e-05 3.64882e-06 6.1164e-07 8.3203e-08 8.51474e-09 4.73714e-10 0 
0 1.88254e-05 0.000164161 0.000574836 0.0011216 0.00155399 0.00187795 0.00218147 0.00248788 0.00278228 0.00304333 0.00325302 0.00339855 0.00347242 0.00347231 0.00340049 0.0032629 0.00306787 0.0028245 0.00254087 0.00222202 0.00186893 0.00148926 0.00116949 0.00124067 0.00232213 0.00487609 0.0089089 0.00974434 0.00692504 0.00309865 0.00104896 0.000266278 6.94889e-05 1.77411e-05 3.55355e-06 5.74701e-07 7.60778e-08 7.61793e-09 4.162e-10 0 
0 9.43092e-06 8.82187e-05 0.000355735 0.000825333 0.00129387 0.00163031 0.00187828 0.00209678 0.00230131 0.0024839 0.00263184 0.0027347 0.00278608 0.0027836 0.0027285 0.00262468 0.00247752 0.00229214 0.00207103 0.0018111 0.00150343 0.0011601 0.0009359 0.00134221 0.00338956 0.0089089 0.0108783 0.0111231 0.0103252 0.00580555 0.00168133 0.000388459 7.88829e-05 1.68255e-05 3.10442e-06 4.81274e-07 6.22493e-08 6.13887e-09 3.31464e-10 0 
0 4.26304e-06 4.16718e-05 0.000187116 0.000511983 0.000948708 0.00133518 0.00160628 0.0017959 0.00194421 0.00206691 0.002164 0.00223067 0.00226263 0.00225788 0.00221679 0.00214147 0.00203441 0.00189632 0.00172311 0.00150306 0.0012222 0.000906139 0.000741533 0.00127615 0.0038139 0.00974434 0.0111231 0.0113046 0.0106469 0.00695162 0.00185185 0.000416958 7.60793e-05 1.39731e-05 2.35345e-06 3.50441e-07 4.46572e-08 4.37734e-09 2.35535e-10 0 
0 1.73752e-06 1.73304e-05 8.33732e-05 0.000259392 0.000567897 0.000935382 0.00125615 0.00148711 0.00164271 0.00174869 0.00182105 0.0018661 0.00188545 0.00187937 0.00184817 0.00179208 0.00171008 0.00159788 0.00144619 0.00124229 0.000982824 0.000706696 0.00055664 0.000937594 0.00263812 0.00692504 0.0103252 0.0106469 0.0094565 0.00428105 0.00137185 0.000308989 5.55154e-05 9.4586e-06 1.49635e-06 2.17913e-07 2.77392e-08 2.73269e-09 1.47899e-10 0 
0 6.39155e-07 6.3813e-06 3.17699e-05 0.000107237 0.000266976 0.00051278 0.00079645 0.00105559 0.00125609 0.00139571 0.00148586 0.00153821 0.0015605 0.00155685 0.00152876 0.0014755 0.00139406 0.00127938 0.00112637 0.000935829 0.000723753 0.000525347 0.000398823 0.000532819 0.00134278 0.00309865 0.00580555 0.00695162 0.00428105 0.00205952 0.000681568 0.000157636 2.95672e-05 4.98524e-06 7.79581e-07 1.14578e-07 1.48296e-08 1.48561e-09 8.1633e-11 0 
0 2.12549e-07 2.09489e-06 1.05138e-05 3.69325e-05 9.93867e-05 0.000213358 0.000376871 0.000566132 0.000749048 0.000901905 0.00101479 0.00108743 0.00112336 0.00112621 0.00109831 0.0010407 0.00095397 0.000840221 0.000705801 0.000563889 0.000433773 0.000332779 0.000266943 0.000271981 0.000497069 0.00104896 0.00168133 0.00185185 0.00137185 0.000681568 0.000230842 5.73649e-05 1.15985e-05 2.03563e-06 3.32469e-07 5.09619e-08 6.81993e-09 7.02231e-10 3.95115e-11 0 
0 6.39719e-08 6.1679e-07 3.06657e-06 1.08831e-05 3.03382e-05 6.92642e-05 0.000132931 0.000219387 0.000318572 0.000416335 0.000499811 0.000560469 0.000594251 0.000600345 0.000580024 0.000536155 0.000473353 0.000398378 0.000320189 0.000248994 0.000193961 0.000159722 0.000143142 0.000139456 0.00016899 0.000266278 0.000388459 0.000416958 0.000308989 0.000157636 5.73649e-05 1.57756e-05 3.47515e-06 6.65316e-07 1.18389e-07 1.93371e-08 2.70634e-09 2.88806e-10 1.67572e-11 0 
0 1.74171e-08 1.6339e-07 7.96411e-07 2.80398e-06 7.8736e-06 1.84163e-05 3.67906e-05 6.39553e-05 9.8359e-05 0.000135936 0.000171272 0.000199185 0.000215927 0.000219721 0.000210791 0.000191117 0.000164057 0.000133826 0.000104809 8.07928e-05 6.42868e-05 5.60192e-05 5.45826e-05 5.68591e-05 6.11529e-05 6.94889e-05 7.88829e-05 7.60793e-05 5.55154e-05 2.95672e-05 1.15985e-05 3.47515e-06 8.50471e-07 1.83594e-07 3.61257e-08 6.32208e-09 9.30173e-10 1.03448e-10 6.22285e-12 0 
0 4.2738e-09 3.89007e-08 1.8486e-07 6.39251e-07 1.77967e-06 4.17037e-06 8.43267e-06 1.49653e-05 2.36281e-05 3.35849e-05 4.3433e-05 5.15753e-05 5.66656e-05 5.79502e-05 5.54178e-05 4.97488e-05 4.21123e-05 3.38769e-05 2.63145e-05 2.0373e-05 1.65625e-05 1.4938e-05 1.5104e-05 1.62414e-05 1.7361e-05 1.77411e-05 1.68255e-05 1.39731e-05 9.4586e-06 4.98524e-06 2.03563e-06 6.65316e-07 1.83594e-07 4.45859e-08 9.59425e-09 1.79055e-09 2.77296e-10 3.22436e-11 2.01812e-12 0 
0 9.3637e-10 8.26128e-09 3.81778e-08 1.29031e-07 3.53285e-07 8.19768e-07 1.65253e-06 2.94119e-06 4.67807e-06 6.71575e-06 8.77611e-06 1.05166e-05 1.16286e-05 1.19278e-05 1.14022e-05 1.0206e-05 8.60634e-06 6.90769e-06 5.37975e-06 4.2097e-06 3.48531e-06 3.19938e-06 3.25739e-06 3.48309e-06 3.64882e-06 3.55355e-06 3.10442e-06 2.35345e-06 1.49635e-06 7.79581e-07 3.32469e-07 1.18389e-07 3.61257e-08 9.59425e-09 2.21612e-09 4.38251e-10 7.14077e-11 8.69389e-12 5.67339e-13 0 
0 1.79561e-10 1.5358e-09 6.89753e-09 2.27397e-08 6.10094e-08 1.3941e-07 2.78114e-07 4.9205e-07 7.80854e-07 1.12144e-06 1.46842e-06 1.76415e-06 1.95532e-06 2.00913e-06 1.92273e-06 1.72258e-06 1.45498e-06 1.17232e-06 9.20211e-07 7.29349e-07 6.12795e-07 5.66938e-07 5.73326e-07 6.00825e-07 6.1164e-07 5.74701e-07 4.81274e-07 3.50441e-07 2.17913e-07 1.14578e-07 5.09619e-08 1.93371e-08 6.32208e-09 1.79055e-09 4.38251e-10 9.14015e-11 1.56492e-11 1.99507e-12 1.35842e-13 0 
0 2.8882e-11 2.39695e-10 1.04669e-09 3.36514e-09 8.83636e-09 1.98395e-08 3.90415e-08 6.83883e-08 1.07799e-07 1.54187e-07 2.01477e-07 2.41904e-07 2.68216e-07 2.75898e-07 2.64505e-07 2.3762e-07 2.01563e-07 1.63496e-07 1.29631e-07 1.04089e-07 8.84942e-08 8.20862e-08 8.20479e-08 8.40277e-08 8.3203e-08 7.60778e-08 6.22493e-08 4.46572e-08 2.77392e-08 1.48296e-08 6.81993e-09 2.70634e-09 9.30173e-10 2.77296e-10 7.14077e-11 1.56492e-11 2.80994e-12 3.7474e-13 2.66153e-14 0 
0 3.51838e-12 2.83706e-11 1.20591e-10 3.78349e-10 9.72461e-10 2.14423e-09 4.15774e-09 7.1994e-09 1.12509e-08 1.59952e-08 2.082e-08 2.49457e-08 2.76434e-08 2.84568e-08 2.73384e-08 2.46471e-08 2.10212e-08 1.71866e-08 1.37739e-08 1.1198e-08 9.61146e-09 8.91415e-09 8.79597e-09 8.81283e-09 8.51474e-09 7.61793e-09 6.13887e-09 4.37734e-09 2.73269e-09 1.48561e-09 7.02231e-10 2.88806e-10 1.03448e-10 3.22436e-11 8.69389e-12 1.99507e-12 3.7474e-13 5.21894e-14 3.86245e-15 0 
0 2.31984e-13 1.82043e-12 7.5431e-12 2.31229e-11 5.82225e-11 1.26127e-10 2.40983e-10 4.12344e-10 6.38483e-10 9.01592e-10 1.16816e-09 1.39589e-09 1.54533e-09 1.59177e-09 1.53255e-09 1.38708e-09 1.19006e-09 9.81131e-10 7.94798e-10 6.53618e-10 5.65342e-10 5.23427e-10 5.09956e-10 5.00876e-10 4.73714e-10 4.162e-10 3.31464e-10 2.35535e-10 1.47899e-10 8.1633e-11 3.95115e-11 1.67572e-11 6.22285e-12 2.01812e-12 5.67339e-13 1.35842e-13 2.66153e-14 3.86245e-15 2.97414e-16 0 
0 0 0 0 0 0 0 0 0 0 0 0 0 0 0 0 0 0 0 0 0 0 0 0 0 0 0 0 0 0 0 0 0 0 0 0 0 0 0 0 0 
