0 0 0 0 0 0 0 0 0 0 0 0 0 0 0 0 0 0 0 0 0 0 0 0 0 0 0 0 0 0 0 0 0 0 0 0 0 0 0 0 0 
0 1.543e-07 1.33343e-06 5.52875e-06 1.52317e-05 3.1283e-05 5.15946e-05 7.25586e-05 9.12581e-05 0.000106331 0.000117607 0.00012547 0.00013042 0.000132876 0.000133131 0.000131355 0.000127619 0.000121914 0.000114186 0.000104394 9.25982e-05 7.90765e-05 6.44145e-05 4.95231e-05 3.55237e-05 2.34976e-05 1.41761e-05 7.72976e-06 3.78538e-06 1.65959e-06 6.51092e-07 2.28852e-07 7.21749e-08 2.04293e-08 5.17565e-09 1.16384e-09 2.27919e-10 3.72841e-11 4.60365e-12 3.06837e-13 0 
0 1.33343e-06 1.15378e-05 4.49829e-05 0.000108325 0.000184416 0.000248689 0.000292463 0.000320684 0.000340349 0.000355456 0.000367226 0.000375526 0.000379919 0.000380184 0.000376492 0.000369384 0.000359641 0.000348038 0.000335005 0.000320226 0.000302315 0.000278866 0.000247253 0.000206312 0.000158228 0.000109006 6.62052e-05 3.50377e-05 1.61009e-05 6.44588e-06 2.2645e-06 7.03567e-07 1.9441e-07 4.78358e-08 1.04223e-08 1.97643e-09 3.13248e-10 3.75211e-11 2.43e-12 0 
0 5.52875e-06 4.49829e-05 0.00014874 0.000280135 0.000374444 0.00042959 0.000472905 0.000517964 0.00056473 0.000608754 0.000645653 0.000672286 0.000686851 0.000688771 0.000678547 0.000657606 0.000628142 0.000592947 0.000555237 0.00051839 0.00048541 0.000457839 0.000434033 0.000407529 0.000367694 0.000305519 0.000223375 0.000138525 7.1508e-05 3.07463e-05 1.11669e-05 3.48954e-06 9.52969e-07 2.29435e-07 4.86657e-08 8.96634e-09 1.38043e-09 1.60757e-10 1.01367e-11 0 
0 1.52317e-05 0.000108325 0.000280135 0.000413647 0.000493724 0.000573429 0.000668459 0.000770902 0.0008705 0.000959227 0.00103116 0.00108222 0.00111004 0.00111404 0.00109522 0.00105598 0.000999831 0.000931082 0.000854495 0.000775078 0.000697987 0.000628502 0.000571617 0.000530178 0.000500632 0.000468171 0.000409217 0.000310727 0.000192704 9.48918e-05 3.73887e-05 1.21241e-05 3.33465e-06 7.94535e-07 1.65255e-07 2.97296e-08 4.46293e-09 5.06852e-10 3.12006e-11 0 
0 3.1283e-05 0.000184416 0.000374444 0.000493724 0.000610942 0.000758238 0.000923254 0.00109092 0.00124933 0.00138865 0.00150092 0.0015804 0.00162374 0.00163011 0.00160109 0.00154032 0.00145306 0.00134568 0.0012251 0.00109826 0.000971824 0.000852003 0.000744815 0.000656437 0.000592367 0.0005524 0.00052067 0.000461973 0.000348823 0.000206193 9.26527e-05 3.2365e-05 9.18047e-06 2.19587e-06 4.5185e-07 7.9854e-08 1.17415e-08 1.3052e-09 7.86802e-11 0 
0 5.15946e-05 0.000248689 0.00042959 0.000573429 0.000758238 0.000979073 0.00121611 0.00145313 0.0016757 0.0018709 0.00202801 0.0021392 0.00219993 0.00220893 0.00216833 0.00208334 0.00196131 0.00181097 0.00164175 0.0014631 0.00128384 0.00111177 0.000953597 0.000815348 0.000703265 0.000623709 0.000577148 0.000543017 0.000473166 0.000336062 0.000177777 6.92384e-05 2.07647e-05 5.06397e-06 1.04092e-06 1.81891e-07 2.63229e-08 2.87525e-09 1.70297e-10 0 
0 7.25586e-05 0.000292463 0.000472905 0.000668459 0.000923254 0.00121611 0.00152641 0.00183544 0.00212512 0.00237922 0.00258627 0.0027427 0.00283894 0.00285508 0.00278907 0.00266271 0.00249746 0.00230067 0.00208027 0.00184739 0.00161317 0.0013874 0.00117814 0.000991784 0.000833817 0.000710242 0.00062742 0.000582489 0.000541721 0.000443173 0.000276129 0.000122446 3.96439e-05 1.00011e-05 2.07268e-06 3.60369e-07 5.15727e-08 5.55681e-09 3.24446e-10 0 
0 9.12581e-05 0.000320684 0.000517964 0.000770902 0.00109092 0.00145313 0.00183544 0.00221566 0.00257258 0.00289813 0.00322181 0.00349619 0.00364479 0.00366854 0.00357597 0.00336461 0.00307568 0.00279276 0.00251573 0.00222868 0.0019401 0.00166145 0.00140231 0.00116993 0.000969688 0.000806284 0.000685746 0.000613039 0.000573922 0.000510758 0.000365086 0.00018472 6.53533e-05 1.72413e-05 3.63028e-06 6.31457e-07 8.97455e-08 9.57273e-09 5.52713e-10 0 
0 0.000106331 0.000340349 0.00056473 0.0008705 0.00124933 0.0016757 0.00212512 0.00257258 0.00301065 0.0035042 0.00389444 0.00408626 0.00417048 0.00418334 0.00413144 0.00400157 0.00374529 0.00332983 0.00293174 0.00258528 0.00224545 0.00191753 0.00161209 0.00133734 0.00109892 0.000900822 0.000747487 0.000645197 0.000591857 0.000546553 0.000431563 0.000245628 9.50861e-05 2.63758e-05 5.67068e-06 9.90841e-07 1.40341e-07 1.48655e-08 8.51182e-10 0 
0 0.000117607 0.000355456 0.000608754 0.000959227 0.00138865 0.0018709 0.00237922 0.00289813 0.0035042 0.00400134 0.00423877 0.00436395 0.00442328 0.00443236 0.00439468 0.00430488 0.00414408 0.00385683 0.00336404 0.00290321 0.00251199 0.00214082 0.00179509 0.0014836 0.00121239 0.000985136 0.000805036 0.000677424 0.00060564 0.000563974 0.000474757 0.000296929 0.000124709 3.63466e-05 7.99331e-06 1.4064e-06 1.99028e-07 2.09889e-08 1.19475e-09 0 
0 0.00012547 0.000367226 0.000645653 0.00103116 0.00150092 0.00202801 0.00258627 0.00322181 0.00389444 0.00423877 0.00441887 0.00452041 0.00456994 0.00457742 0.00454536 0.00447058 0.00434212 0.00413117 0.00375333 0.0031923 0.002727 0.00231903 0.00194107 0.00160032 0.00130308 0.00105296 0.000852366 0.000705381 0.000617155 0.000572164 0.000499896 0.000334849 0.000150267 4.57292e-05 1.02719e-05 1.82113e-06 2.57909e-07 2.71316e-08 1.53853e-09 0 
0 0.00013042 0.000375526 0.000672286 0.00108222 0.0015804 0.0021392 0.0027427 0.00349619 0.00408626 0.00436395 0.00452041 0.00461133 0.0046562 0.00466281 0.00463325 0.0045652 0.0044505 0.00426905 0.00396637 0.00343237 0.00288376 0.0024433 0.00204259 0.00168137 0.00136601 0.00110005 0.000885453 0.000725362 0.000625246 0.000575409 0.000512648 0.000359099 0.000168964 5.31333e-05 1.21392e-05 2.16676e-06 3.07306e-07 3.22952e-08 1.82747e-09 0 
0 0.000132876 0.000379919 0.000686851 0.00111004 0.00162374 0.00219993 0.00283894 0.00364479 0.00417048 0.00442328 0.00456994 0.0046562 0.00469888 0.00470494 0.0046763 0.00461093 0.00450176 0.00433186 0.00405744 0.00356511 0.00297323 0.00250844 0.00209532 0.00172324 0.00139827 0.00112396 0.000902004 0.000735024 0.000628395 0.000575187 0.000516949 0.000370908 0.000179346 5.75289e-05 1.32864e-05 2.38282e-06 3.38469e-07 3.55697e-08 2.01132e-09 0 
0 0.000133131 0.000380184 0.000688771 0.00111404 0.00163011 0.00220893 0.00285508 0.00366854 0.00418334 0.00443236 0.00457742 0.00466281 0.00470494 0.00471063 0.00468177 0.00461638 0.00450752 0.0043387 0.0040676 0.00358165 0.00298223 0.00251287 0.00209827 0.00172502 0.00139908 0.00112393 0.000901188 0.000733333 0.000625641 0.000571786 0.000514832 0.000371597 0.000181017 5.8413e-05 1.35415e-05 2.43377e-06 3.46124e-07 3.64008e-08 2.05933e-09 0 
0 0.000131355 0.000376492 0.000678547 0.00109522 0.00160109 0.00216833 0.00278907 0.00357597 0.00413144 0.00439468 0.00454536 0.00463325 0.0046763 0.00468177 0.00465166 0.00458377 0.0044705 0.00429352 0.00400438 0.00348731 0.00291076 0.00245908 0.0020535 0.00168829 0.00136954 0.00110068 0.000883385 0.000720313 0.000616715 0.000565024 0.000506764 0.000361938 0.00017432 5.58345e-05 1.29026e-05 2.31775e-06 3.29892e-07 3.47419e-08 1.96864e-09 0 
0 0.000127619 0.000369384 0.000657606 0.00105598 0.00154032 0.00208334 0.00266271 0.00336461 0.00400157 0.00430488 0.00447058 0.0045652 0.00461093 0.00461638 0.00458377 0.00451036 0.00438675 0.00418935 0.00385134 0.00328733 0.00277572 0.00235336 0.00196574 0.00161669 0.00131238 0.00105615 0.00084988 0.000696724 0.000601782 0.000554277 0.000491859 0.000342116 0.000160171 5.03305e-05 1.15259e-05 2.06506e-06 2.94119e-07 3.10414e-08 1.76386e-09 0 
0 0.000121914 0.000359641 0.000628142 0.000999831 0.00145306 0.00196131 0.00249746 0.00307568 0.00374529 0.00414408 0.00434212 0.0044505 0.00450176 0.00450752 0.0044705 0.00438675 0.00424271 0.00400179 0.00356347 0.00302458 0.00259518 0.00220429 0.0018417 0.00151543 0.00123143 0.000993038 0.000802474 0.000663634 0.00058088 0.000537959 0.00046793 0.000312102 0.000140065 4.28102e-05 9.67835e-06 1.72779e-06 2.46351e-07 2.60841e-08 1.48833e-09 0 
0 0.000114186 0.000348038 0.000592947 0.000931082 0.00134568 0.00181097 0.00230067 0.00279276 0.00332983 0.00385683 0.00413117 0.00426905 0.00433186 0.0043387 0.00429352 0.00418935 0.00400179 0.00365932 0.00316813 0.00275361 0.00237929 0.00202175 0.00168936 0.0013906 0.00113113 0.000914312 0.000742969 0.000621719 0.000552878 0.00051259 0.000431705 0.000272417 0.000116149 3.43961e-05 7.67017e-06 1.36522e-06 1.95117e-07 2.07586e-08 1.19134e-09 0 
0 0.000104394 0.000335005 0.000555237 0.000854495 0.0012251 0.00164175 0.00208027 0.00251573 0.00293174 0.00336404 0.00375333 0.00396637 0.00405744 0.0040676 0.00400438 0.00385134 0.00356347 0.00316813 0.00280902 0.00247193 0.00213802 0.00181628 0.00151714 0.00124855 0.00101586 0.000822641 0.000672446 0.000570055 0.000513766 0.000471899 0.000379896 0.000225176 9.11732e-05 2.62294e-05 5.78684e-06 1.02968e-06 1.47849e-07 1.58372e-08 9.15817e-10 0 
0 9.25982e-05 0.000320226 0.00051839 0.000775078 0.00109826 0.0014631 0.00184739 0.00222868 0.00258528 0.00290321 0.0031923 0.00343237 0.00356511 0.00358165 0.00348731 0.00328733 0.00302458 0.00275361 0.00247193 0.0021782 0.00188314 0.00159831 0.0013333 0.00109533 0.000889535 0.000719795 0.000590166 0.000504124 0.000454853 0.000407728 0.000312005 0.000174992 6.81639e-05 1.92642e-05 4.23611e-06 7.56922e-07 1.09499e-07 1.18309e-08 6.90201e-10 0 
0 7.90765e-05 0.000302315 0.00048541 0.000697987 0.000971824 0.00128384 0.00161317 0.0019401 0.00224545 0.00251199 0.002727 0.00288376 0.00297323 0.00298223 0.00291076 0.00277572 0.00259518 0.00237929 0.00213802 0.00188314 0.00162625 0.00137755 0.0011454 0.000936324 0.000755258 0.00060621 0.000492542 0.000415093 0.000365521 0.000316698 0.000234509 0.000128725 4.9763e-05 1.40959e-05 3.12134e-06 5.62503e-07 8.20813e-08 8.94209e-09 5.25661e-10 0 
0 6.44145e-05 0.000278866 0.000457839 0.000628502 0.000852003 0.00111177 0.0013874 0.00166145 0.00191753 0.00214082 0.00231903 0.0024433 0.00250844 0.00251287 0.00245908 0.00235336 0.00220429 0.00202175 0.00181628 0.00159831 0.00137755 0.00116244 0.000960086 0.000776366 0.000616302 0.000483798 0.000380383 0.000304925 0.000253651 0.000213945 0.000161808 9.29008e-05 3.73933e-05 1.08716e-05 2.44216e-06 4.43469e-07 6.49882e-08 7.09854e-09 4.18007e-10 0 
0 4.95231e-05 0.000247253 0.000434033 0.000571617 0.000744815 0.000953597 0.00117814 0.00140231 0.00161209 0.00179509 0.00194107 0.00204259 0.00209532 0.00209827 0.0020535 0.00196574 0.0018417 0.00168936 0.00151714 0.0013333 0.0011454 0.000960086 0.000783332 0.000621731 0.000484238 0.000379326 0.000303902 0.000241638 0.000184269 0.00014044 0.000108405 6.94294e-05 3.06063e-05 9.29658e-06 2.11394e-06 3.83017e-07 5.5722e-08 6.03509e-09 3.5244e-10 0 
0 3.55237e-05 0.000206312 0.000407529 0.000530178 0.000656437 0.000815348 0.000991784 0.00116993 0.00133734 0.0014836 0.00160032 0.00168137 0.00172324 0.00172502 0.00168829 0.00161669 0.00151543 0.0013906 0.00124855 0.00109533 0.000936324 0.000776366 0.000621731 0.000487538 0.000406023 0.000401612 0.000434453 0.000413072 0.000303525 0.000173063 9.26222e-05 5.59867e-05 2.7275e-05 8.73757e-06 1.99567e-06 3.56098e-07 5.0782e-08 5.39451e-09 3.09572e-10 0 
0 2.34976e-05 0.000158228 0.000367694 0.000500632 0.000592367 0.000703265 0.000833817 0.000969688 0.00109892 0.00121239 0.00130308 0.00136601 0.00139827 0.00139908 0.00136954 0.00131238 0.00123143 0.00113113 0.00101586 0.000889535 0.000755258 0.000616302 0.000484238 0.000406023 0.000476776 0.000751628 0.00125748 0.00151717 0.000864269 0.000434632 0.000161159 5.8191e-05 2.55729e-05 8.46804e-06 1.92702e-06 3.35807e-07 4.66324e-08 4.83478e-09 2.71635e-10 0 
0 1.41761e-05 0.000109006 0.000305519 0.000468171 0.0005524 0.000623709 0.000710242 0.000806284 0.000900822 0.000985136 0.00105296 0.00110005 0.00112396 0.00112393 0.00110068 0.00105615 0.000993038 0.000914312 0.000822641 0.000719795 0.00060621 0.000483798 0.000379326 0.000401612 0.000751628 0.00180342 0.0028723 0.00295207 0.0025414 0.00101263 0.000339533 8.69315e-05 2.58754e-05 8.00296e-06 1.77917e-06 3.01341e-07 4.07535e-08 4.13097e-09 2.27705e-10 0 
0 7.72976e-06 6.62052e-05 0.000223375 0.000409217 0.00052067 0.000577148 0.00062742 0.000685746 0.000747487 0.000805036 0.000852366 0.000885453 0.000902004 0.000901188 0.000883385 0.00084988 0.000802474 0.000742969 0.000672446 0.000590166 0.000492542 0.000380383 0.000303902 0.000434453 0.00125748 0.0028723 0.00317268 0.00320742 0.00304569 0.00218509 0.000544556 0.000125909 2.74877e-05 7.13683e-06 1.49758e-06 2.45396e-07 3.24645e-08 3.23776e-09 1.76167e-10 0 
0 3.78538e-06 3.50377e-05 0.000138525 0.000310727 0.000461973 0.000543017 0.000582489 0.000613039 0.000645197 0.000677424 0.000705381 0.000725362 0.000735024 0.000733333 0.000720313 0.000696724 0.000663634 0.000621719 0.000570055 0.000504124 0.000415093 0.000304925 0.000241638 0.000413072 0.00151717 0.00295207 0.00320742 0.00324202 0.00311436 0.00253902 0.000611702 0.000135057 2.59566e-05 5.72134e-06 1.10876e-06 1.75714e-07 2.29215e-08 2.26989e-09 1.22936e-10 0 
0 1.65959e-06 1.61009e-05 7.1508e-05 0.000192704 0.000348823 0.000473166 0.000541721 0.000573922 0.000591857 0.00060564 0.000617155 0.000625246 0.000628395 0.000625641 0.000616715 0.000601782 0.00058088 0.000552878 0.000513766 0.000454853 0.000365521 0.000253651 0.000184269 0.000303525 0.000864269 0.0025414 0.00304569 0.00311436 0.00290962 0.00159544 0.000444041 0.000100172 1.90812e-05 3.85657e-06 6.98946e-07 1.08351e-07 1.41061e-08 1.4022e-09 7.63056e-11 0 
0 6.51092e-07 6.44588e-06 3.07463e-05 9.48918e-05 0.000206193 0.000336062 0.000443173 0.000510758 0.000546553 0.000563974 0.000572164 0.000575409 0.000575187 0.000571786 0.000565024 0.000554277 0.000537959 0.00051259 0.000471899 0.000407728 0.000316698 0.000213945 0.00014044 0.000173063 0.000434632 0.00101263 0.00218509 0.00253902 0.00159544 0.000666627 0.000220621 5.14425e-05 1.05184e-05 2.08069e-06 3.66408e-07 5.68741e-08 7.50326e-09 7.57262e-10 4.1798e-11 0 
0 2.28852e-07 2.2645e-06 1.11669e-05 3.73887e-05 9.26527e-05 0.000177777 0.000276129 0.000365086 0.000431563 0.000474757 0.000499896 0.000512648 0.000516949 0.000514832 0.000506764 0.000491859 0.00046793 0.000431705 0.000379896 0.000312005 0.000234509 0.000161808 0.000108405 9.26222e-05 0.000161159 0.000339533 0.000544556 0.000611702 0.000444041 0.000220621 7.49378e-05 1.93438e-05 4.4004e-06 8.86852e-07 1.58866e-07 2.53632e-08 3.44222e-09 3.56446e-10 2.01283e-11 0 
0 7.21749e-08 7.03567e-07 3.48954e-06 1.21241e-05 3.2365e-05 6.92384e-05 0.000122446 0.00018472 0.000245628 0.000296929 0.000334849 0.000359099 0.000370908 0.000371597 0.000361938 0.000342116 0.000312102 0.000272417 0.000225176 0.000174992 0.000128725 9.29008e-05 6.94294e-05 5.59867e-05 5.8191e-05 8.69315e-05 0.000125909 0.000135057 0.000100172 5.14425e-05 1.93438e-05 5.79288e-06 1.43595e-06 3.04908e-07 5.76841e-08 9.66306e-09 1.36449e-09 1.46202e-10 8.50739e-12 0 
0 2.04293e-08 1.9441e-07 9.52969e-07 3.33465e-06 9.18047e-06 2.07647e-05 3.96439e-05 6.53533e-05 9.50861e-05 0.000124709 0.000150267 0.000168964 0.000179346 0.000181017 0.00017432 0.000160171 0.000140065 0.000116149 9.11732e-05 6.81639e-05 4.9763e-05 3.73933e-05 3.06063e-05 2.7275e-05 2.55729e-05 2.58754e-05 2.74877e-05 2.59566e-05 1.90812e-05 1.05184e-05 4.4004e-06 1.43595e-06 3.82665e-07 8.7947e-08 1.78805e-08 3.1699e-09 4.68752e-10 5.2279e-11 3.15194e-12 0 
0 5.17565e-09 4.78358e-08 2.29435e-07 7.94535e-07 2.19587e-06 5.06397e-06 1.00011e-05 1.72413e-05 2.63758e-05 3.63466e-05 4.57292e-05 5.31333e-05 5.75289e-05 5.8413e-05 5.58345e-05 5.03305e-05 4.28102e-05 3.43961e-05 2.62294e-05 1.92642e-05 1.40959e-05 1.08716e-05 9.29658e-06 8.73757e-06 8.46804e-06 8.00296e-06 7.13683e-06 5.72134e-06 3.85657e-06 2.08069e-06 8.86852e-07 3.04908e-07 8.7947e-08 2.19735e-08 4.7934e-09 8.99659e-10 1.39714e-10 1.62779e-11 1.02064e-12 0 
0 1.16384e-09 1.04223e-08 4.86657e-08 1.65255e-07 4.5185e-07 1.04092e-06 2.07268e-06 3.63028e-06 5.67068e-06 7.99331e-06 1.02719e-05 1.21392e-05 1.32864e-05 1.35415e-05 1.29026e-05 1.15259e-05 9.67835e-06 7.67017e-06 5.78684e-06 4.23611e-06 3.12134e-06 2.44216e-06 2.11394e-06 1.99567e-06 1.92702e-06 1.77917e-06 1.49758e-06 1.10876e-06 6.98946e-07 3.66408e-07 1.58866e-07 5.76841e-08 1.78805e-08 4.7934e-09 1.11228e-09 2.2047e-10 3.59793e-11 4.3866e-12 2.8665e-13 0 
0 2.27919e-10 1.97643e-09 8.96634e-09 2.97296e-08 7.9854e-08 1.81891e-07 3.60369e-07 6.31457e-07 9.90841e-07 1.4064e-06 1.82113e-06 2.16676e-06 2.38282e-06 2.43377e-06 2.31775e-06 2.06506e-06 1.72779e-06 1.36522e-06 1.02968e-06 7.56922e-07 5.62503e-07 4.43469e-07 3.83017e-07 3.56098e-07 3.35807e-07 3.01341e-07 2.45396e-07 1.75714e-07 1.08351e-07 5.68741e-08 2.53632e-08 9.66306e-09 3.1699e-09 8.99659e-10 2.2047e-10 4.60236e-11 7.88695e-12 1.00645e-12 6.85982e-14 0 
0 3.72841e-11 3.13248e-10 1.38043e-09 4.46293e-09 1.17415e-08 2.63229e-08 5.15727e-08 8.97455e-08 1.40341e-07 1.99028e-07 2.57909e-07 3.07306e-07 3.38469e-07 3.46124e-07 3.29892e-07 2.94119e-07 2.46351e-07 1.95117e-07 1.47849e-07 1.09499e-07 8.20813e-08 6.49882e-08 5.5722e-08 5.0782e-08 4.66324e-08 4.07535e-08 3.24645e-08 2.29215e-08 1.41061e-08 7.50326e-09 3.44222e-09 1.36449e-09 4.68752e-10 1.39714e-10 3.59793e-11 7.88695e-12 1.41679e-12 1.8906e-13 1.34375e-14 0 
0 4.60365e-12 3.75211e-11 1.60757e-10 5.06852e-10 1.3052e-09 2.87525e-09 5.55681e-09 9.57273e-09 1.48655e-08 2.09889e-08 2.71316e-08 3.22952e-08 3.55697e-08 3.64008e-08 3.47419e-08 3.10414e-08 2.60841e-08 2.07586e-08 1.58372e-08 1.18309e-08 8.94209e-09 7.09854e-09 6.03509e-09 5.39451e-09 4.83478e-09 4.13097e-09 3.23776e-09 2.26989e-09 1.4022e-09 7.57262e-10 3.56446e-10 1.46202e-10 5.2279e-11 1.62779e-11 4.3866e-12 1.00645e-12 1.8906e-13 2.6338e-14 1.95013e-15 0 
0 3.06837e-13 2.43e-12 1.01367e-11 3.12006e-11 7.86802e-11 1.70297e-10 3.24446e-10 5.52713e-10 8.51182e-10 1.19475e-09 1.53853e-09 1.82747e-09 2.01132e-09 2.05933e-09 1.96864e-09 1.76386e-09 1.48833e-09 1.19134e-09 9.15817e-10 6.90201e-10 5.25661e-10 4.18007e-10 3.5244e-10 3.09572e-10 2.71635e-10 2.27705e-10 1.76167e-10 1.22936e-10 7.63056e-11 4.1798e-11 2.01283e-11 8.50739e-12 3.15194e-12 1.02064e-12 2.8665e-13 6.85982e-14 1.34375e-14 1.95013e-15 1.50196e-16 0 
0 0 0 0 0 0 0 0 0 0 0 0 0 0 0 0 0 0 0 0 0 0 0 0 0 0 0 0 0 0 0 0 0 0 0 0 0 0 0 0 0 
