0 0 0 0 0 0 0 0 0 0 0 0 0 0 0 0 0 0 0 0 0 0 0 0 0 0 0 0 0 0 0 0 0 0 0 0 0 0 0 0 0 
0 9.76064e-10 9.25605e-09 4.62116e-08 1.69561e-07 5.05914e-07 1.28155e-06 2.818e-06 5.45083e-06 9.36022e-06 1.43731e-05 1.98584e-05 2.48221e-05 2.82032e-05 2.9243e-05 2.77541e-05 2.41625e-05 1.93223e-05 1.42043e-05 9.60337e-06 5.97375e-06 3.42081e-06 1.80486e-06 8.78461e-07 3.95063e-07 1.64475e-07 6.3522e-08 2.28061e-08 7.62639e-09 2.37906e-09 6.92966e-10 1.88465e-10 4.77909e-11 1.12595e-11 2.44782e-12 4.8498e-13 8.55879e-14 1.28587e-14 1.48146e-15 9.33435e-17 0 
0 9.25605e-09 9.12311e-08 4.73177e-07 1.80019e-06 5.55122e-06 1.44708e-05 3.25782e-05 6.41631e-05 0.000111584 0.000172696 0.000239588 0.000299957 0.000340894 0.000353358 0.000335216 0.000291629 0.000232865 0.000170672 0.000114779 7.08092e-05 4.00775e-05 2.08264e-05 9.95022e-06 4.37936e-06 1.77985e-06 6.69724e-07 2.33935e-07 7.60411e-08 2.30483e-08 6.52303e-09 1.72434e-09 4.25268e-10 9.75285e-11 2.06598e-11 3.99291e-12 6.88205e-13 1.01106e-13 1.14046e-14 7.04405e-16 0 
0 4.62116e-08 4.73177e-07 2.54777e-06 1.00374e-05 3.19175e-05 8.5303e-05 0.000195528 0.000389156 0.000679076 0.00104863 0.00144662 0.00179942 0.00203475 0.0021049 0.00199992 0.00174795 0.00140471 0.00103615 0.000699933 0.000432178 0.000243687 0.000125517 5.91499e-05 2.55673e-05 1.0169e-05 3.7345e-06 1.27071e-06 4.01872e-07 1.18442e-07 3.25911e-08 8.37895e-09 2.01104e-09 4.49226e-10 9.27883e-11 1.75067e-11 2.94934e-12 4.24071e-13 4.68774e-14 2.84112e-15 0 
0 1.69561e-07 1.80019e-06 1.00374e-05 4.08022e-05 0.00013306 0.000361621 0.000834124 0.00165205 0.00284026 0.00429225 0.00578287 0.00704481 0.00785486 0.00808602 0.00772086 0.00684202 0.00561122 0.0042368 0.00292743 0.00184098 0.00105009 0.000542804 0.000254696 0.000108867 4.25836e-05 1.53173e-05 5.09043e-06 1.56957e-06 4.50569e-07 1.20719e-07 3.02246e-08 7.0685e-09 1.53982e-09 3.10494e-10 5.72577e-11 9.44013e-12 1.33011e-12 1.44276e-13 8.59185e-15 0 
0 5.05914e-07 5.55122e-06 3.19175e-05 0.00013306 0.000440941 0.00120184 0.00273561 0.00525861 0.00866098 0.0124635 0.0160252 0.0188036 0.0204739 0.0209127 0.0201382 0.0182726 0.0155386 0.0122687 0.00888997 0.0058437 0.00345415 0.00182847 0.000867664 0.000370887 0.000143798 5.09415e-05 1.66016e-05 5.00616e-06 1.4033e-06 3.6689e-07 8.96339e-08 2.0463e-08 4.35475e-09 8.58672e-10 1.55021e-10 2.50534e-11 3.46488e-12 3.69404e-13 2.16526e-14 0 
0 1.28155e-06 1.44708e-05 8.5303e-05 0.000361621 0.00120184 0.00322104 0.00704343 0.0127385 0.0195104 0.0261295 0.0316164 0.0354971 0.0376603 0.0381549 0.0370749 0.0345233 0.030627 0.0255998 0.0198399 0.0139889 0.00881606 0.00490853 0.00240773 0.001046 0.000406506 0.000142915 4.59188e-05 1.35965e-05 3.73382e-06 9.55281e-07 2.28304e-07 5.09979e-08 1.06258e-08 2.05318e-09 3.63643e-10 5.77264e-11 7.85247e-12 8.24612e-13 4.76802e-14 0 
0 2.818e-06 3.25782e-05 0.000195528 0.000834124 0.00273561 0.00704343 0.0143903 0.0238819 0.0335365 0.0417564 0.047925 0.0520251 0.0542073 0.0546215 0.0533916 0.0506173 0.046367 0.0406861 0.0336782 0.0257089 0.0176168 0.0105798 0.00549799 0.00247623 0.000978395 0.000344657 0.000109899 3.21074e-05 8.67129e-06 2.17814e-06 5.1075e-07 1.11943e-07 2.28965e-08 4.34668e-09 7.5716e-10 1.18362e-10 1.58775e-11 1.64675e-12 9.41989e-14 0 
0 5.45083e-06 6.41631e-05 0.000389156 0.00165205 0.00525861 0.0127385 0.0238819 0.0361787 0.0470874 0.055642 0.0618852 0.066036 0.0682388 0.0685944 0.0672152 0.0642381 0.0597973 0.053971 0.0467434 0.038092 0.0283372 0.0185703 0.0104216 0.00496145 0.00202397 0.000722144 0.000230216 6.67177e-05 1.77957e-05 4.4049e-06 1.01686e-06 2.19375e-07 4.4184e-08 8.26606e-09 1.42051e-09 2.19362e-10 2.91136e-11 2.99283e-12 1.70024e-13 0 
0 9.36022e-06 0.000111584 0.000679076 0.00284026 0.00866098 0.0195104 0.0335365 0.0470874 0.0582399 0.0669132 0.0734026 0.0778284 0.0802026 0.0805542 0.0789856 0.075676 0.0708492 0.0647099 0.0573504 0.048676 0.0385449 0.0273615 0.016679 0.00850269 0.0036289 0.00132507 0.000425471 0.000122985 3.25426e-05 7.96897e-06 1.81776e-06 3.87406e-07 7.711e-08 1.42685e-08 2.42821e-09 3.71917e-10 4.90505e-11 5.02182e-12 2.84869e-13 0 
0 1.43731e-05 0.000172696 0.00104863 0.00429225 0.0124635 0.0261295 0.0417564 0.055642 0.0669132 0.0759306 0.0828827 0.0877091 0.0903136 0.0906832 0.0889211 0.0852392 0.0799256 0.0732899 0.065572 0.0568102 0.0467664 0.0352627 0.0231504 0.0126676 0.00569933 0.00214648 0.000698645 0.000202461 5.33811e-05 1.29856e-05 2.93884e-06 6.21304e-07 1.22739e-07 2.25664e-08 3.82184e-09 5.83752e-10 7.69703e-11 7.90209e-12 4.51042e-13 0 
0 1.98584e-05 0.000239588 0.00144662 0.00578287 0.0160252 0.0316164 0.047925 0.0618852 0.0734026 0.0828827 0.0903228 0.0955278 0.09834 0.0987267 0.0967972 0.0927868 0.087025 0.0798871 0.0717184 0.0627071 0.0527186 0.0413487 0.0287479 0.0167555 0.00794775 0.00309859 0.00102682 0.000299615 7.9053e-05 1.91879e-05 4.32845e-06 9.12275e-07 1.79848e-07 3.30539e-08 5.60903e-09 8.6097e-10 1.1449e-10 1.1902e-11 6.9086e-13 0 
0 2.48221e-05 0.000299957 0.00179942 0.00704481 0.0188036 0.0354971 0.0520251 0.066036 0.0778284 0.0877091 0.0955278 0.101012 0.103971 0.104366 0.10231 0.0980568 0.09196 0.0844334 0.0758844 0.066604 0.0565879 0.0454269 0.0328491 0.0201153 0.00999323 0.00402891 0.00136196 0.000401511 0.000106467 2.59133e-05 5.85998e-06 1.23932e-06 2.4565e-07 4.55214e-08 7.81676e-09 1.21933e-09 1.65547e-10 1.76534e-11 1.05553e-12 0 
0 2.82032e-05 0.000340894 0.00203475 0.00785486 0.0204739 0.0376603 0.0542073 0.0682388 0.0802026 0.0903136 0.09834 0.103971 0.107003 0.107394 0.105262 0.100868 0.0945809 0.0868334 0.0780639 0.06862 0.0585887 0.0476236 0.035273 0.0223446 0.0115014 0.00477226 0.00164554 0.000491552 0.000131632 3.23318e-05 7.38694e-06 1.58239e-06 3.18851e-07 6.03386e-08 1.0635e-08 1.71168e-09 2.40901e-10 2.67193e-11 1.66405e-12 0 
0 2.9243e-05 0.000353358 0.0021049 0.00808602 0.0209127 0.0381549 0.0546215 0.0685944 0.0805542 0.0906832 0.0987267 0.104366 0.107394 0.107769 0.105612 0.101185 0.0948613 0.0870774 0.0782808 0.0688399 0.0588867 0.0481297 0.0360786 0.0233014 0.0122763 0.00520858 0.00183065 0.000556112 0.000151413 3.78836e-05 8.84846e-06 1.94734e-06 4.05469e-07 7.97656e-08 1.46935e-08 2.48081e-09 3.6673e-10 4.26573e-11 2.77431e-12 0 
0 2.77541e-05 0.000335216 0.00199992 0.00772086 0.0201382 0.0370749 0.0533916 0.0672152 0.0789856 0.0889211 0.0967972 0.10231 0.105262 0.105612 0.10348 0.0991249 0.0929123 0.0852716 0.0766412 0.0673828 0.0576321 0.0471271 0.0354184 0.0230315 0.0122824 0.00529906 0.00190027 0.000590918 0.0001654 4.27869e-05 1.04045e-05 2.40155e-06 5.27939e-07 1.10147e-07 2.15452e-08 3.85308e-09 5.99786e-10 7.28578e-11 4.90177e-12 0 
0 2.41625e-05 0.000291629 0.00174795 0.00684202 0.0182726 0.0345233 0.0506173 0.0642381 0.075676 0.0852392 0.0927868 0.0980568 0.100868 0.101185 0.0991249 0.0949355 0.0889676 0.0816305 0.0733378 0.0644208 0.0549869 0.0447871 0.0334806 0.0217026 0.0116245 0.0050919 0.0018743 0.000604384 0.000177189 4.84959e-05 1.25921e-05 3.12368e-06 7.39495e-07 1.65617e-07 3.45017e-08 6.49943e-09 1.05272e-09 1.31475e-10 8.99767e-12 0 
0 1.93223e-05 0.000232865 0.00140471 0.00561122 0.0155386 0.030627 0.046367 0.0597973 0.0708492 0.0799256 0.087025 0.09196 0.0945809 0.0948613 0.0929123 0.0889676 0.0833539 0.0764494 0.0686267 0.0601653 0.0511247 0.0412821 0.0304869 0.0195729 0.0105106 0.00470336 0.00180416 0.000617315 0.000195018 5.81742e-05 1.65483e-05 4.48607e-06 1.14949e-06 2.74676e-07 6.0078e-08 1.17002e-08 1.93295e-09 2.43547e-10 1.66731e-11 0 
0 1.42043e-05 0.000170672 0.00103615 0.0042368 0.0122687 0.0255998 0.0406861 0.053971 0.0647099 0.0732899 0.0798871 0.0844334 0.0868334 0.0870774 0.0852716 0.0816305 0.0764494 0.0700631 0.0627874 0.0548336 0.0462184 0.0368034 0.0267165 0.0169749 0.00920688 0.00428421 0.00176029 0.000660989 0.000232629 7.75525e-05 2.44407e-05 7.21428e-06 1.97081e-06 4.91813e-07 1.10353e-07 2.17356e-08 3.59295e-09 4.49459e-10 3.03844e-11 0 
0 9.60337e-06 0.000114779 0.000699933 0.00292743 0.00888997 0.0198399 0.0336782 0.0467434 0.0573504 0.065572 0.0717184 0.0758844 0.0780639 0.0782808 0.0766412 0.0733378 0.0686267 0.0627874 0.0560656 0.0486074 0.0404361 0.0315967 0.022529 0.0142823 0.00798043 0.00398262 0.00181986 0.000777061 0.000311915 0.000116878 4.0369e-05 1.26995e-05 3.6053e-06 9.16283e-07 2.06268e-07 4.03323e-08 6.57176e-09 8.06659e-10 5.3363e-11 0 
0 5.97375e-06 7.08092e-05 0.000432178 0.00184098 0.0058437 0.0139889 0.0257089 0.038092 0.048676 0.0568102 0.0627071 0.066604 0.06862 0.0688399 0.0673828 0.0644208 0.0601653 0.0548336 0.0486074 0.041613 0.0339783 0.0260088 0.018351 0.0118431 0.00703827 0.00391371 0.0020595 0.00102147 0.000468917 0.00019488 7.21032e-05 2.35521e-05 6.77669e-06 1.71611e-06 3.80665e-07 7.28438e-08 1.15712e-08 1.38209e-09 8.89199e-11 0 
0 3.42081e-06 4.00775e-05 0.000243687 0.00105009 0.00345415 0.00881606 0.0176168 0.0283372 0.0385449 0.0467664 0.0527186 0.0565879 0.0585887 0.0588867 0.0576321 0.0549869 0.0511247 0.0462184 0.0404361 0.0339783 0.0271644 0.0205008 0.0145942 0.00989273 0.00648179 0.00413847 0.0025481 0.00146888 0.000763121 0.00034572 0.000134113 4.44527e-05 1.26852e-05 3.14251e-06 6.76993e-07 1.25404e-07 1.92649e-08 2.22636e-09 1.38761e-10 0 
0 1.80486e-06 2.08264e-05 0.000125517 0.000542804 0.00182847 0.00490853 0.0105798 0.0185703 0.0273615 0.0352627 0.0413487 0.0454269 0.0476236 0.0481297 0.0471271 0.0447871 0.0412821 0.0368034 0.0315967 0.0260088 0.0205008 0.0155612 0.0115352 0.00850021 0.00629351 0.00465042 0.00333683 0.00222224 0.00130059 0.000637523 0.00025533 8.39305e-05 2.31797e-05 5.5062e-06 1.13631e-06 2.01975e-07 2.98417e-08 3.32541e-09 2.00401e-10 0 
0 8.78461e-07 9.95022e-06 5.91499e-05 0.000254696 0.000867664 0.00240773 0.00549799 0.0104216 0.016679 0.0231504 0.0287479 0.0328491 0.035273 0.0360786 0.0354184 0.0334806 0.0304869 0.0267165 0.022529 0.018351 0.0145942 0.0115352 0.00923849 0.00758793 0.00639666 0.00549197 0.00466819 0.00366633 0.00243702 0.00128282 0.000518723 0.000162903 4.16549e-05 9.14728e-06 1.77012e-06 2.99044e-07 4.23409e-08 4.54462e-09 2.64847e-10 0 
0 3.95063e-07 4.37936e-06 2.55673e-05 0.000108867 0.000370887 0.001046 0.00247623 0.00496145 0.00850269 0.0126676 0.0167555 0.0201153 0.0223446 0.0233014 0.0230315 0.0217026 0.0195729 0.0169749 0.0142823 0.0118431 0.00989273 0.00850021 0.00758793 0.00705533 0.00700737 0.00769984 0.00862086 0.00823987 0.00597578 0.00316412 0.00122006 0.000347374 7.71026e-05 1.46382e-05 2.54114e-06 4.00926e-07 5.42054e-08 5.60969e-09 3.16851e-10 0 
0 1.64475e-07 1.77985e-06 1.0169e-05 4.25836e-05 0.000143798 0.000406506 0.000978395 0.00202397 0.0036289 0.00569933 0.00794775 0.00999323 0.0115014 0.0122763 0.0122824 0.0116245 0.0105106 0.00920688 0.00798043 0.00703827 0.00648179 0.00629351 0.00639666 0.00700737 0.00942212 0.0151916 0.0219535 0.0234001 0.0172828 0.00876808 0.00311002 0.000789705 0.000148968 2.31278e-05 3.37769e-06 4.81549e-07 6.17623e-08 6.17862e-09 3.39695e-10 0 
0 6.3522e-08 6.69724e-07 3.7345e-06 1.53173e-05 5.09415e-05 0.000142915 0.000344657 0.000722144 0.00132507 0.00214648 0.00309859 0.00402891 0.00477226 0.00520858 0.00529906 0.0050919 0.00470336 0.00428421 0.00398262 0.00391371 0.00413847 0.00465042 0.00549197 0.00769984 0.0151916 0.0315834 0.0502105 0.0551471 0.0408368 0.020305 0.00684745 0.00160538 0.000268965 3.48349e-05 4.14031e-06 5.13671e-07 6.18883e-08 6.00692e-09 3.23439e-10 0 
0 2.28061e-08 2.33935e-07 1.27071e-06 5.09043e-06 1.66016e-05 4.59188e-05 0.000109899 0.000230216 0.000425471 0.000698645 0.00102682 0.00136196 0.00164554 0.00183065 0.00190027 0.0018743 0.00180416 0.00176029 0.00181986 0.0020595 0.0025481 0.00333683 0.00466819 0.00862086 0.0219535 0.0502105 0.0820108 0.0907808 0.0672697 0.0332615 0.0110126 0.00248201 0.000389142 4.48302e-05 4.47827e-06 4.78725e-07 5.39267e-08 5.10821e-09 2.7148e-10 0 
0 7.62639e-09 7.60411e-08 4.01872e-07 1.56957e-06 5.00616e-06 1.35965e-05 3.21074e-05 6.67177e-05 0.000122985 0.000202461 0.000299615 0.000401511 0.000491552 0.000556112 0.000590918 0.000604384 0.000617315 0.000660989 0.000777061 0.00102147 0.00146888 0.00222224 0.00366633 0.00823987 0.0234001 0.0551471 0.0907808 0.100712 0.0746441 0.0368502 0.012132 0.00269135 0.000408492 4.42249e-05 3.9637e-06 3.78176e-07 4.03791e-08 3.77282e-09 1.99761e-10 0 
0 2.37906e-09 2.30483e-08 1.18442e-07 4.50569e-07 1.4033e-06 3.73382e-06 8.67129e-06 1.77957e-05 3.25426e-05 5.33811e-05 7.9053e-05 0.000106467 0.000131632 0.000151413 0.0001654 0.000177189 0.000195018 0.000232629 0.000311915 0.000468917 0.000763121 0.00130059 0.00243702 0.00597578 0.0172828 0.0408368 0.0672697 0.0746441 0.0553248 0.0273094 0.00898516 0.00198426 0.000297122 3.13531e-05 2.68882e-06 2.44821e-07 2.57042e-08 2.40896e-09 1.28411e-10 0 
0 6.92966e-10 6.52303e-09 3.25911e-08 1.20719e-07 3.6689e-07 9.55281e-07 2.17814e-06 4.4049e-06 7.96897e-06 1.29856e-05 1.91879e-05 2.59133e-05 3.23318e-05 3.78836e-05 4.27869e-05 4.84959e-05 5.81742e-05 7.75525e-05 0.000116878 0.00019488 0.00034572 0.000637523 0.00128282 0.00316412 0.00876808 0.020305 0.0332615 0.0368502 0.0273094 0.0134954 0.00445155 0.000984083 0.000147105 1.55563e-05 1.35531e-06 1.27625e-07 1.38472e-08 1.32765e-09 7.2006e-11 0 
0 1.88465e-10 1.72434e-09 8.37895e-09 3.02246e-08 8.96339e-08 2.28304e-07 5.1075e-07 1.01686e-06 1.81776e-06 2.93884e-06 4.32845e-06 5.85998e-06 7.38694e-06 8.84846e-06 1.04045e-05 1.25921e-05 1.65483e-05 2.44407e-05 4.0369e-05 7.21032e-05 0.000134113 0.00025533 0.000518723 0.00122006 0.00311002 0.00684745 0.0110126 0.012132 0.00898516 0.00445155 0.00147478 0.000327478 4.94761e-05 5.41288e-06 5.12469e-07 5.4144e-08 6.3429e-09 6.32517e-10 3.52268e-11 0 
0 4.77909e-11 4.25268e-10 2.01104e-09 7.0685e-09 2.0463e-08 5.09979e-08 1.11943e-07 2.19375e-07 3.87406e-07 6.21304e-07 9.12275e-07 1.23932e-06 1.58239e-06 1.94734e-06 2.40155e-06 3.12368e-06 4.48607e-06 7.21428e-06 1.26995e-05 2.35521e-05 4.44527e-05 8.39305e-05 0.000162903 0.000347374 0.000789705 0.00160538 0.00248201 0.00269135 0.00198426 0.000984083 0.000327478 7.357e-05 1.1489e-05 1.36931e-06 1.53278e-07 1.93385e-08 2.49726e-09 2.61316e-10 1.50488e-11 0 
0 1.12595e-11 9.75285e-11 4.49226e-10 1.53982e-09 4.35475e-09 1.06258e-08 2.28965e-08 4.4184e-08 7.711e-08 1.22739e-07 1.79848e-07 2.4565e-07 3.18851e-07 4.05469e-07 5.27939e-07 7.39495e-07 1.14949e-06 1.97081e-06 3.6053e-06 6.77669e-06 1.26852e-05 2.31797e-05 4.16549e-05 7.71026e-05 0.000148968 0.000268965 0.000389142 0.000408492 0.000297122 0.000147105 4.94761e-05 1.1489e-05 1.94698e-06 2.75688e-07 3.95129e-08 6.02557e-09 8.53031e-10 9.38647e-11 5.61587e-12 0 
0 2.44782e-12 2.06598e-11 9.27883e-11 3.10494e-10 8.58672e-10 2.05318e-09 4.34668e-09 8.26606e-09 1.42685e-08 2.25664e-08 3.30539e-08 4.55214e-08 6.03386e-08 7.97656e-08 1.10147e-07 1.65617e-07 2.74676e-07 4.91813e-07 9.16283e-07 1.71611e-06 3.14251e-06 5.5062e-06 9.14728e-06 1.46382e-05 2.31278e-05 3.48349e-05 4.48302e-05 4.42249e-05 3.13531e-05 1.55563e-05 5.41288e-06 1.36931e-06 2.75688e-07 5.08647e-08 9.40067e-09 1.66205e-09 2.53503e-10 2.93094e-11 1.82719e-12 0 
0 4.8498e-13 3.99291e-12 1.75067e-11 5.72577e-11 1.55021e-10 3.63643e-10 7.5716e-10 1.42051e-09 2.42821e-09 3.82184e-09 5.60903e-09 7.81676e-09 1.0635e-08 1.46935e-08 2.15452e-08 3.45017e-08 6.0078e-08 1.10353e-07 2.06268e-07 3.80665e-07 6.76993e-07 1.13631e-06 1.77012e-06 2.54114e-06 3.37769e-06 4.14031e-06 4.47827e-06 3.9637e-06 2.68882e-06 1.35531e-06 5.12469e-07 1.53278e-07 3.95129e-08 9.40067e-09 2.06818e-09 4.02394e-10 6.51931e-11 7.91085e-12 5.14712e-13 0 
0 8.55879e-14 6.88205e-13 2.94934e-12 9.44013e-12 2.50534e-11 5.77264e-11 1.18362e-10 2.19362e-10 3.71917e-10 5.83752e-10 8.6097e-10 1.21933e-09 1.71168e-09 2.48081e-09 3.85308e-09 6.49943e-09 1.17002e-08 2.17356e-08 4.03323e-08 7.28438e-08 1.25404e-07 2.01975e-07 2.99044e-07 4.00926e-07 4.81549e-07 5.13671e-07 4.78725e-07 3.78176e-07 2.44821e-07 1.27625e-07 5.4144e-08 1.93385e-08 6.02557e-09 1.66205e-09 4.02394e-10 8.35712e-11 1.42748e-11 1.81603e-12 1.23381e-13 0 
0 1.28587e-14 1.01106e-13 4.24071e-13 1.33011e-12 3.46488e-12 7.85247e-12 1.58775e-11 2.91136e-11 4.90505e-11 7.69703e-11 1.1449e-10 1.65547e-10 2.40901e-10 3.6673e-10 5.99786e-10 1.05272e-09 1.93295e-09 3.59295e-09 6.57176e-09 1.15712e-08 1.92649e-08 2.98417e-08 4.23409e-08 5.42054e-08 6.17623e-08 6.18883e-08 5.39267e-08 4.03791e-08 2.57042e-08 1.38472e-08 6.3429e-09 2.49726e-09 8.53031e-10 2.53503e-10 6.51931e-11 1.42748e-11 2.56057e-12 3.41045e-13 2.41849e-14 0 
0 1.48146e-15 1.14046e-14 4.68774e-14 1.44276e-13 3.69404e-13 8.24612e-13 1.64675e-12 2.99283e-12 5.02182e-12 7.90209e-12 1.1902e-11 1.76534e-11 2.67193e-11 4.26573e-11 7.28578e-11 1.31475e-10 2.43547e-10 4.49459e-10 8.06659e-10 1.38209e-09 2.22636e-09 3.32541e-09 4.54462e-09 5.60969e-09 6.17862e-09 6.00692e-09 5.10821e-09 3.77282e-09 2.40896e-09 1.32765e-09 6.32517e-10 2.61316e-10 9.38647e-11 2.93094e-11 7.91085e-12 1.81603e-12 3.41045e-13 4.74668e-14 3.50953e-15 0 
0 9.33435e-17 7.04405e-16 2.84112e-15 8.59185e-15 2.16526e-14 4.76802e-14 9.41989e-14 1.70024e-13 2.84869e-13 4.51042e-13 6.9086e-13 1.05553e-12 1.66405e-12 2.77431e-12 4.90177e-12 8.99767e-12 1.66731e-11 3.03844e-11 5.3363e-11 8.89199e-11 1.38761e-10 2.00401e-10 2.64847e-10 3.16851e-10 3.39695e-10 3.23439e-10 2.7148e-10 1.99761e-10 1.28411e-10 7.2006e-11 3.52268e-11 1.50488e-11 5.61587e-12 1.82719e-12 5.14712e-13 1.23381e-13 2.41849e-14 3.50953e-15 2.70111e-16 0 
0 0 0 0 0 0 0 0 0 0 0 0 0 0 0 0 0 0 0 0 0 0 0 0 0 0 0 0 0 0 0 0 0 0 0 0 0 0 0 0 0 
