0 0 0 0 0 0 0 0 0 0 0 0 0 0 0 0 0 0 0 0 0 0 0 0 0 0 0 0 0 0 0 0 0 0 0 0 0 0 0 0 0 
0 1.91917e-07 1.71634e-06 7.61185e-06 2.318e-05 5.38323e-05 0.000101118 0.000160831 0.000225162 0.000286364 0.000338928 0.000379843 0.000407912 0.000422995 0.000425496 0.000416093 0.000395657 0.000365285 0.000326413 0.000280975 0.000231526 0.000181227 0.000133573 9.18344e-05 5.83516e-05 3.39816e-05 1.80192e-05 8.66346e-06 3.76985e-06 1.48493e-06 5.30172e-07 1.71851e-07 5.0616e-08 1.35339e-08 3.27164e-09 7.08049e-10 1.34423e-10 2.14464e-11 2.59541e-12 1.70217e-13 0 
0 1.71634e-06 1.57282e-05 6.89699e-05 0.000197884 0.000413376 0.000678537 0.000938439 0.00115925 0.00133345 0.00146561 0.00156155 0.001625 0.00165798 0.00166198 0.0016387 0.00159019 0.00151848 0.00142498 0.00130997 0.00117269 0.00101267 0.000832463 0.000640843 0.000453777 0.000290587 0.00016607 8.40592e-05 3.76273e-05 1.4945e-05 5.29839e-06 1.68715e-06 4.84842e-07 1.25995e-07 2.95463e-08 6.20014e-09 1.14183e-09 1.76892e-10 2.08154e-11 1.3295e-12 0 
0 7.61185e-06 6.89699e-05 0.000280559 0.000695227 0.00120491 0.00166124 0.0020254 0.0023259 0.00258617 0.00280964 0.00298933 0.00311668 0.00318582 0.00319502 0.00314681 0.00304751 0.00290632 0.00273407 0.00254141 0.00233634 0.00212102 0.00188904 0.00162647 0.0013214 0.000981593 0.000645566 0.000366802 0.000178119 7.4144e-05 2.6772e-05 8.5068e-06 2.4078e-06 6.11654e-07 1.39672e-07 2.8496e-08 5.10147e-09 7.6882e-10 8.81149e-11 5.48961e-12 0 
0 2.318e-05 0.000197884 0.000695227 0.00140705 0.00205173 0.0025855 0.0030849 0.00357654 0.00404304 0.00445617 0.00479063 0.00502788 0.00515719 0.00517578 0.00508831 0.00490595 0.00464501 0.00432533 0.00396862 0.00359681 0.00322982 0.00288179 0.00255425 0.00222773 0.00186281 0.00142893 0.000954498 0.000532898 0.000244875 9.35362e-05 3.03924e-05 8.59997e-06 2.15515e-06 4.82062e-07 9.60205e-08 1.67641e-08 2.46424e-09 2.75714e-10 1.679e-11 0 
0 5.38323e-05 0.000413376 0.00120491 0.00205173 0.00278168 0.00351407 0.00428837 0.00506828 0.00580435 0.0064516 0.00697324 0.00734248 0.00754383 0.00757345 0.00743862 0.00715626 0.00675087 0.00625201 0.00569176 0.00510241 0.00451456 0.00395569 0.00344778 0.00300061 0.00259687 0.00217903 0.00167738 0.00110202 0.000584283 0.000246341 8.44087e-05 2.43461e-05 6.09027e-06 1.34444e-06 2.62813e-07 4.49247e-08 6.46192e-09 7.0777e-10 4.22327e-11 0 
0 0.000101118 0.000678537 0.00166124 0.0025855 0.00351407 0.00454817 0.00564996 0.0067512 0.00778525 0.00869213 0.00942201 0.00993831 0.0102199 0.0102615 0.0100734 0.00967899 0.00911218 0.0084137 0.00762752 0.00679752 0.00596466 0.00516512 0.00442943 0.00378145 0.00323245 0.00276116 0.00228884 0.00171502 0.00106031 0.000509175 0.00018968 5.69741e-05 1.44183e-05 3.16772e-06 6.1121e-07 1.02738e-07 1.45117e-08 1.56071e-09 9.14976e-11 0 
0 0.000160831 0.000938439 0.0020254 0.0030849 0.00428837 0.00564996 0.00709168 0.00852739 0.00987321 0.0110524 0.0120009 0.0126717 0.0130374 0.0130913 0.0128465 0.0123337 0.0115967 0.0106883 0.00966486 0.00858292 0.00749474 0.00644582 0.00547354 0.0046071 0.00386761 0.00326076 0.00274816 0.00221628 0.00155492 0.000856365 0.000354273 0.000112973 2.93038e-05 6.46146e-06 1.23769e-06 2.05473e-07 2.86032e-08 3.03e-09 1.7501e-10 0 
0 0.000225162 0.00115925 0.0023259 0.00357654 0.00506828 0.0067512 0.00852739 0.0102938 0.0119485 0.0133979 0.0145644 0.0153921 0.0158459 0.0159126 0.0156072 0.0149714 0.0140626 0.0129448 0.0116859 0.0103543 0.00901364 0.00771904 0.00651507 0.00543541 0.00450409 0.00373567 0.0031212 0.00258404 0.0019685 0.00122191 0.000564618 0.000193593 5.20181e-05 1.15963e-05 2.21666e-06 3.64932e-07 5.02393e-08 5.25795e-09 3.00024e-10 0 
0 0.000286364 0.00133345 0.00258617 0.00404304 0.00580435 0.00778525 0.00987321 0.0119485 0.013892 0.0155964 0.0169783 0.0179736 0.0185268 0.0186086 0.0182343 0.0174623 0.0163752 0.0150541 0.0135735 0.0120085 0.0104323 0.00890878 0.0074897 0.00621322 0.00510536 0.00418239 0.0034475 0.00285857 0.00227444 0.00154431 0.000789763 0.000292184 8.18323e-05 1.85408e-05 3.55153e-06 5.81862e-07 7.94646e-08 8.23997e-09 4.65711e-10 0 
0 0.000338928 0.00146561 0.00280964 0.00445617 0.0064516 0.00869213 0.0110524 0.0133979 0.0155964 0.0175372 0.0191282 0.0202666 0.0208791 0.0209667 0.0205552 0.0196793 0.0184225 0.0169041 0.0152213 0.0134511 0.0116691 0.00994615 0.00833992 0.00689277 0.00563267 0.00457605 0.00372943 0.0030708 0.00248908 0.00179424 0.000996791 0.000395745 0.000115622 2.66911e-05 5.13753e-06 8.39922e-07 1.14097e-07 1.17522e-08 6.59501e-10 0 
0 0.000379843 0.00156155 0.00298933 0.00479063 0.00697324 0.00942201 0.0120009 0.0145644 0.0169783 0.0191282 0.0208572 0.0220063 0.0225799 0.0226564 0.0222707 0.0214106 0.0200823 0.0184054 0.0165446 0.0146037 0.0126563 0.0107739 0.00901817 0.00743502 0.00605405 0.00489171 0.0039548 0.00323087 0.00263408 0.00196918 0.00116292 0.000489493 0.000148541 3.49217e-05 6.7625e-06 1.10535e-06 1.4968e-07 1.5349e-08 8.57122e-10 0 
0 0.000407912 0.001625 0.00311668 0.00502788 0.00734248 0.00993831 0.0126717 0.0153921 0.0179736 0.0202666 0.0220063 0.0230763 0.0235913 0.0236558 0.0233028 0.0225072 0.0212169 0.0194734 0.0174804 0.0154102 0.0133445 0.0113501 0.00948978 0.00781162 0.00634642 0.00511066 0.00411066 0.00333806 0.00272321 0.00207768 0.00127764 0.000561181 0.000175403 4.18681e-05 8.15493e-06 1.33416e-06 1.80406e-07 1.84539e-08 1.02753e-09 0 
0 0.000422995 0.00165798 0.00318582 0.00515719 0.00754383 0.0102199 0.0130374 0.0158459 0.0185268 0.0208791 0.0225799 0.0235913 0.0240737 0.0241306 0.0237929 0.023035 0.0217899 0.0200434 0.0179829 0.0158367 0.0137055 0.0116509 0.00973478 0.00800613 0.00649633 0.00522178 0.00418838 0.00338923 0.0027632 0.00212912 0.00133885 0.000603166 0.000192078 4.6321e-05 9.06305e-06 1.48485e-06 2.00771e-07 2.05215e-08 1.14147e-09 0 
0 0.000425496 0.00166198 0.00319502 0.00517578 0.00757345 0.0102615 0.0130913 0.0159126 0.0186086 0.0209667 0.0226564 0.0236558 0.0241306 0.0241838 0.0238456 0.0230906 0.0218509 0.0201041 0.0180321 0.0158734 0.013733 0.0116709 0.00974846 0.00801441 0.00650006 0.00522163 0.00418476 0.00338284 0.00275718 0.00213011 0.00134838 0.0006125 0.000196384 4.757e-05 9.3321e-06 1.53142e-06 2.07298e-07 2.1207e-08 1.18049e-09 0 
0 0.000416093 0.0016387 0.00314681 0.00508831 0.00743862 0.0100734 0.0128465 0.0156072 0.0182343 0.0205552 0.0222707 0.0233028 0.0237929 0.0238456 0.0234925 0.0227084 0.0214329 0.0196782 0.0176453 0.0155371 0.0134419 0.0114225 0.00954047 0.00784373 0.00636282 0.00511361 0.00410172 0.00331994 0.00270687 0.00208414 0.00130942 0.000590236 0.000188389 4.55781e-05 8.94886e-06 1.47126e-06 1.99615e-07 2.04725e-08 1.14259e-09 0 
0 0.000395657 0.00159019 0.00304751 0.00490595 0.00715626 0.00967899 0.0123337 0.0149714 0.0174623 0.0196793 0.0214106 0.0225072 0.023035 0.0230906 0.0227084 0.0218678 0.0205406 0.0188116 0.0168757 0.014869 0.0128655 0.0109329 0.00913275 0.0075111 0.00609725 0.00490665 0.00394507 0.00320348 0.0026128 0.00199205 0.00122594 0.000540774 0.000170213 4.09514e-05 8.0387e-06 1.32498e-06 1.8046e-07 1.85904e-08 1.04246e-09 0 
0 0.000365285 0.00151848 0.00290632 0.00464501 0.00675087 0.00911218 0.0115967 0.0140626 0.0163752 0.0184225 0.0200823 0.0212169 0.0217899 0.0218509 0.0214329 0.0205406 0.0192166 0.0175905 0.0157976 0.0139265 0.0120507 0.010241 0.0085565 0.00704065 0.00572119 0.00461325 0.00372262 0.00303644 0.00247336 0.00185285 0.00110366 0.000471465 0.000145488 3.47423e-05 6.82158e-06 1.1291e-06 1.54717e-07 1.60492e-08 9.06548e-10 0 
0 0.000326413 0.00142498 0.00273407 0.00432533 0.00625201 0.0084137 0.0106883 0.0129448 0.0150541 0.0169041 0.0184054 0.0194734 0.0200434 0.0201041 0.0196782 0.0188116 0.0175905 0.01612 0.0144889 0.0127748 0.0110534 0.009393 0.00784871 0.00646069 0.00525514 0.00424698 0.00344153 0.00281894 0.00228338 0.00166583 0.000952041 0.000392127 0.000118599 2.81661e-05 5.54782e-06 9.25111e-07 1.27957e-07 1.34086e-08 7.65271e-10 0 
0 0.000280975 0.00130997 0.00254141 0.00396862 0.00569176 0.00762752 0.00966486 0.0116859 0.0135735 0.0152213 0.0165446 0.0174804 0.0179829 0.0180321 0.0176453 0.0168757 0.0157976 0.0144889 0.0130255 0.011483 0.00993317 0.00843836 0.00704859 0.00580073 0.00471951 0.00381973 0.00310478 0.00254481 0.00203453 0.00143495 0.000786231 0.000314038 9.38394e-05 2.23274e-05 4.43874e-06 7.49441e-07 1.05068e-07 1.11604e-08 6.45369e-10 0 
0 0.000231526 0.00117269 0.00233634 0.00359681 0.00510241 0.00679752 0.00858292 0.0103543 0.0120085 0.0134511 0.0146037 0.0154102 0.0158367 0.0158734 0.0155371 0.014869 0.0139265 0.0127748 0.011483 0.0101198 0.00874902 0.00742571 0.00619447 0.00508884 0.00413219 0.00333863 0.00270746 0.00220076 0.00172135 0.00117544 0.000627056 0.000248172 7.46599e-05 1.80348e-05 3.6495e-06 6.27098e-07 8.93628e-08 9.63318e-09 5.64405e-10 0 
0 0.000181227 0.00101267 0.00212102 0.00322982 0.00451456 0.00596466 0.00749474 0.00901364 0.0104323 0.0116691 0.0126563 0.0133445 0.0137055 0.013733 0.0134419 0.0128655 0.0120507 0.0110534 0.00993317 0.00874902 0.0075555 0.00640003 0.00532149 0.00434994 0.00350707 0.002805 0.00223964 0.00177886 0.00135761 0.00091779 0.000496648 0.00020286 6.31978e-05 1.57292e-05 3.25714e-06 5.69422e-07 8.21981e-08 8.94678e-09 5.27942e-10 0 
0 0.000133573 0.000832463 0.00188904 0.00288179 0.00395569 0.00516512 0.00644582 0.00771904 0.00890878 0.00994615 0.0107739 0.0113501 0.0116509 0.0116709 0.0114225 0.0109329 0.010241 0.009393 0.00843836 0.00742571 0.00640003 0.00540065 0.00446042 0.00360613 0.00285903 0.0022329 0.00172861 0.00132966 0.00100192 0.000699744 0.000408107 0.000181039 5.99924e-05 1.54775e-05 3.26098e-06 5.73814e-07 8.28919e-08 9.00076e-09 5.28932e-10 0 
0 9.18344e-05 0.000640843 0.00162647 0.00255425 0.00344778 0.00442943 0.00547354 0.00651507 0.0074897 0.00833992 0.00901817 0.00948978 0.00973478 0.00974846 0.00954047 0.00913275 0.0085565 0.00784871 0.00704859 0.00619447 0.00532149 0.00446042 0.00363871 0.00288625 0.00224489 0.00175583 0.00140415 0.00111019 0.000826187 0.000574163 0.000359721 0.000177969 6.36526e-05 1.69349e-05 3.57694e-06 6.23108e-07 8.87209e-08 9.48633e-09 5.49116e-10 0 
0 5.83516e-05 0.000453777 0.0013214 0.00222773 0.00300061 0.00378145 0.0046071 0.00543541 0.00621322 0.00689277 0.00743502 0.00781162 0.00800613 0.00801441 0.00784373 0.0075111 0.00704065 0.00646069 0.00580073 0.00508884 0.00434994 0.00360613 0.00288625 0.00226212 0.00188495 0.00186558 0.00201839 0.00191906 0.0014098 0.000799551 0.000398801 0.000189741 7.12503e-05 1.93037e-05 4.02677e-06 6.85205e-07 9.51602e-08 9.93973e-09 5.63331e-10 0 
0 3.39816e-05 0.000290587 0.000981593 0.00186281 0.00259687 0.00323245 0.00386761 0.00450409 0.00510536 0.00563267 0.00605405 0.00634642 0.00649633 0.00650006 0.00636282 0.00609725 0.00572119 0.00525514 0.00471951 0.00413219 0.00350707 0.00285903 0.00224489 0.00188495 0.00221504 0.00349204 0.0050426 0.0054286 0.00396707 0.00201927 0.000746742 0.000246834 8.18022e-05 2.1567e-05 4.36193e-06 7.18477e-07 9.69332e-08 9.87427e-09 5.47609e-10 0 
0 1.80192e-05 0.00016607 0.000645566 0.00142893 0.00217903 0.00276116 0.00326076 0.00373567 0.00418239 0.00457605 0.00489171 0.00511066 0.00522178 0.00522163 0.00511361 0.00490665 0.00461325 0.00424698 0.00381973 0.00333863 0.002805 0.0022329 0.00175583 0.00186558 0.00349204 0.00725329 0.0127499 0.0144813 0.00972972 0.00465964 0.00157742 0.000398663 9.8163e-05 2.29011e-05 4.35031e-06 6.87523e-07 9.01481e-08 8.98434e-09 4.89337e-10 0 
0 8.66346e-06 8.40592e-05 0.000366802 0.000954498 0.00167738 0.00228884 0.00274816 0.0031212 0.0034475 0.00372943 0.0039548 0.00411066 0.00418838 0.00418476 0.00410172 0.00394507 0.00372262 0.00344153 0.00310478 0.00270746 0.00223964 0.00172861 0.00140415 0.00201839 0.0050426 0.0127499 0.0173666 0.0178794 0.0161531 0.00804532 0.00252839 0.000583711 0.000114817 2.24061e-05 3.87064e-06 5.82608e-07 7.45253e-08 7.31493e-09 3.93843e-10 0 
0 3.76985e-06 3.76273e-05 0.000178119 0.000532898 0.00110202 0.00171502 0.00221628 0.00258404 0.00285857 0.0030708 0.00323087 0.00333806 0.00338923 0.00338284 0.00331994 0.00320348 0.00303644 0.00281894 0.00254481 0.00220076 0.00177886 0.00132966 0.00111019 0.00191906 0.0054286 0.0144813 0.0178794 0.0182919 0.0169523 0.00955536 0.00278464 0.000626765 0.000111796 1.89441e-05 2.97085e-06 4.27428e-07 5.38015e-08 5.24949e-09 2.81748e-10 0 
0 1.48493e-06 1.4945e-05 7.4144e-05 0.000244875 0.000584283 0.00106031 0.00155492 0.0019685 0.00227444 0.00248908 0.00263408 0.00272321 0.0027632 0.00275718 0.00270687 0.0026128 0.00247336 0.00228338 0.00203453 0.00172135 0.00135761 0.00100192 0.000826187 0.0014098 0.00396707 0.00972972 0.0161531 0.0169523 0.013764 0.00628566 0.002063 0.000464264 8.13586e-05 1.28592e-05 1.89756e-06 2.6677e-07 3.35423e-08 3.29043e-09 1.77695e-10 0 
0 5.30172e-07 5.29839e-06 2.6772e-05 9.35362e-05 0.000246341 0.000509175 0.000856365 0.00122191 0.00154431 0.00179424 0.00196918 0.00207768 0.00212912 0.00213011 0.00208414 0.00199205 0.00185285 0.00166583 0.00143495 0.00117544 0.00091779 0.000699744 0.000574163 0.000799551 0.00201927 0.00465964 0.00804532 0.00955536 0.00628566 0.00309713 0.00102491 0.000236139 4.27303e-05 6.70528e-06 9.8508e-07 1.403e-07 1.79656e-08 1.7934e-09 9.83653e-11 0 
0 1.71851e-07 1.68715e-06 8.5068e-06 3.03924e-05 8.44087e-05 0.00018968 0.000354273 0.000564618 0.000789763 0.000996791 0.00116292 0.00127764 0.00133885 0.00134838 0.00130942 0.00122594 0.00110366 0.000952041 0.000786231 0.000627056 0.000496648 0.000408107 0.000359721 0.000398801 0.000746742 0.00157742 0.00252839 0.00278464 0.002063 0.00102491 0.000346628 8.47679e-05 1.63119e-05 2.68024e-06 4.16072e-07 6.22716e-08 8.26828e-09 8.4909e-10 4.7704e-11 0 
0 5.0616e-08 4.84842e-07 2.4078e-06 8.59997e-06 2.43461e-05 5.69741e-05 0.000112973 0.000193593 0.000292184 0.000395745 0.000489493 0.000561181 0.000603166 0.0006125 0.000590236 0.000540774 0.000471465 0.000392127 0.000314038 0.000248172 0.00020286 0.000181039 0.000177969 0.000189741 0.000246834 0.000398663 0.000583711 0.000626765 0.000464264 0.000236139 8.47679e-05 2.25051e-05 4.69944e-06 8.52541e-07 1.46431e-07 2.35623e-08 3.28173e-09 3.49563e-10 2.02589e-11 0 
0 1.35339e-08 1.25995e-07 6.11654e-07 2.15515e-06 6.09027e-06 1.44183e-05 2.93038e-05 5.20181e-05 8.18323e-05 0.000115622 0.000148541 0.000175403 0.000192078 0.000196384 0.000188389 0.000170213 0.000145488 0.000118599 9.38394e-05 7.46599e-05 6.31978e-05 5.99924e-05 6.36526e-05 7.12503e-05 8.18022e-05 9.8163e-05 0.000114817 0.000111796 8.13586e-05 4.27303e-05 1.63119e-05 4.69944e-06 1.10087e-06 2.29343e-07 4.4254e-08 7.68633e-09 1.12797e-09 1.25292e-10 7.53001e-12 0 
0 3.27164e-09 2.95463e-08 1.39672e-07 4.82062e-07 1.34444e-06 3.16772e-06 6.46146e-06 1.15963e-05 1.85408e-05 2.66911e-05 3.49217e-05 4.18681e-05 4.6321e-05 4.757e-05 4.55781e-05 4.09514e-05 3.47423e-05 2.81661e-05 2.23274e-05 1.80348e-05 1.57292e-05 1.54775e-05 1.69349e-05 1.93037e-05 2.1567e-05 2.29011e-05 2.24061e-05 1.89441e-05 1.28592e-05 6.70528e-06 2.68024e-06 8.52541e-07 2.29343e-07 5.47526e-08 1.1686e-08 2.17412e-09 3.36259e-10 3.90677e-11 2.44351e-12 0 
0 7.08049e-10 6.20014e-09 2.8496e-08 9.60205e-08 2.62813e-07 6.1121e-07 1.23769e-06 2.21666e-06 3.55153e-06 5.13753e-06 6.7625e-06 8.15493e-06 9.06305e-06 9.3321e-06 8.94886e-06 8.0387e-06 6.82158e-06 5.54782e-06 4.43874e-06 3.6495e-06 3.25714e-06 3.26098e-06 3.57694e-06 4.02677e-06 4.36193e-06 4.35031e-06 3.87064e-06 2.97085e-06 1.89756e-06 9.8508e-07 4.16072e-07 1.46431e-07 4.4254e-08 1.1686e-08 2.69218e-09 5.31776e-10 8.65876e-11 1.05361e-11 6.87186e-13 0 
0 1.34423e-10 1.14183e-09 5.10147e-09 1.67641e-08 4.49247e-08 1.02738e-07 2.05473e-07 3.64932e-07 5.81862e-07 8.39922e-07 1.10535e-06 1.33416e-06 1.48485e-06 1.53142e-06 1.47126e-06 1.32498e-06 1.1291e-06 9.25111e-07 7.49441e-07 6.27098e-07 5.69422e-07 5.73814e-07 6.23108e-07 6.85205e-07 7.18477e-07 6.87523e-07 5.82608e-07 4.27428e-07 2.6677e-07 1.403e-07 6.22716e-08 2.35623e-08 7.68633e-09 2.17412e-09 5.31776e-10 1.1086e-10 1.89739e-11 2.41801e-12 1.64573e-13 0 
0 2.14464e-11 1.76892e-10 7.6882e-10 2.46424e-09 6.46192e-09 1.45117e-08 2.86032e-08 5.02393e-08 7.94646e-08 1.14097e-07 1.4968e-07 1.80406e-07 2.00771e-07 2.07298e-07 1.99615e-07 1.8046e-07 1.54717e-07 1.27957e-07 1.05068e-07 8.93628e-08 8.21981e-08 8.28919e-08 8.87209e-08 9.51602e-08 9.69332e-08 9.01481e-08 7.45253e-08 5.38015e-08 3.35423e-08 1.79656e-08 8.26828e-09 3.28173e-09 1.12797e-09 3.36259e-10 8.65876e-11 1.89739e-11 3.40631e-12 4.54165e-13 3.22471e-14 0 
0 2.59541e-12 2.08154e-11 8.81149e-11 2.75714e-10 7.0777e-10 1.56071e-09 3.03e-09 5.25795e-09 8.23997e-09 1.17522e-08 1.5349e-08 1.84539e-08 2.05215e-08 2.1207e-08 2.04725e-08 1.85904e-08 1.60492e-08 1.34086e-08 1.11604e-08 9.63318e-09 8.94678e-09 9.00076e-09 9.48633e-09 9.93973e-09 9.87427e-09 8.98434e-09 7.31493e-09 5.24949e-09 3.29043e-09 1.7934e-09 8.4909e-10 3.49563e-10 1.25292e-10 3.90677e-11 1.05361e-11 2.41801e-12 4.54165e-13 6.32435e-14 4.6797e-15 0 
0 1.70217e-13 1.3295e-12 5.48961e-12 1.679e-11 4.22327e-11 9.14976e-11 1.7501e-10 3.00024e-10 4.65711e-10 6.59501e-10 8.57122e-10 1.02753e-09 1.14147e-09 1.18049e-09 1.14259e-09 1.04246e-09 9.06548e-10 7.65271e-10 6.45369e-10 5.64405e-10 5.27942e-10 5.28932e-10 5.49116e-10 5.63331e-10 5.47609e-10 4.89337e-10 3.93843e-10 2.81748e-10 1.77695e-10 9.83653e-11 4.7704e-11 2.02589e-11 7.53001e-12 2.44351e-12 6.87186e-13 1.64573e-13 3.22471e-14 4.6797e-15 3.60311e-16 0 
0 0 0 0 0 0 0 0 0 0 0 0 0 0 0 0 0 0 0 0 0 0 0 0 0 0 0 0 0 0 0 0 0 0 0 0 0 0 0 0 0 
