0 0 0 0 0 0 0 0 0 0 0 0 0 0 0 0 0 0 0 0 0 0 0 0 0 0 0 0 0 0 0 0 0 0 0 0 0 0 0 0 0 
0 1.65086e-07 1.49153e-06 6.75058e-06 2.12078e-05 5.12542e-05 0.000100626 0.000167199 0.000243501 0.000320122 0.00038891 0.000444329 0.000483344 0.000504759 0.000508588 0.000495644 0.000467357 0.000425751 0.00037351 0.000314055 0.000251504 0.000190401 0.000135135 8.91512e-05 5.42302e-05 3.02106e-05 1.53374e-05 7.07692e-06 2.96573e-06 1.12969e-06 3.91727e-07 1.23832e-07 3.57063e-08 9.37866e-09 2.23378e-09 4.77549e-10 8.97551e-11 1.42025e-11 1.70725e-12 1.11356e-13 0 
0 1.49153e-06 1.38946e-05 6.30843e-05 0.000191124 0.000427342 0.000752543 0.00110765 0.00143683 0.00171175 0.00192626 0.0020833 0.00218719 0.00224143 0.00224894 0.00221252 0.00213508 0.00201929 0.00186724 0.00168053 0.00146131 0.00121481 0.00095247 0.000693418 0.000461418 0.000276854 0.000148398 7.07818e-05 3.00723e-05 1.14302e-05 3.9089e-06 1.20906e-06 3.39462e-07 8.65909e-08 2.0007e-08 4.14905e-09 7.56949e-10 1.16394e-10 1.36153e-11 8.65498e-13 0 
0 6.75058e-06 6.30843e-05 0.000273148 0.000740748 0.00141335 0.00210631 0.00269985 0.00318552 0.00358866 0.00392218 0.00418435 0.00436796 0.00446715 0.00448048 0.00441176 0.00426957 0.00406587 0.00381393 0.0035255 0.00320727 0.00285765 0.00246702 0.00202579 0.00154206 0.00105715 0.000636381 0.000331322 0.000148803 5.80865e-05 1.99536e-05 6.10704e-06 1.68104e-06 4.18244e-07 9.40241e-08 1.89568e-08 3.36323e-09 5.03368e-10 5.73852e-11 3.56039e-12 0 
0 2.12078e-05 0.000191124 0.000740748 0.00168447 0.00268686 0.00354615 0.00430426 0.00501556 0.00567736 0.00625969 0.00673017 0.00706369 0.00724544 0.00727156 0.00714864 0.00689234 0.00652549 0.00607568 0.00557272 0.00504545 0.00451726 0.00399886 0.00347917 0.00292278 0.00229311 0.00160656 0.000963313 0.000482448 0.000201745 7.16387e-05 2.20877e-05 6.02626e-06 1.47254e-06 3.23602e-07 6.36504e-08 1.10121e-08 1.608e-09 1.79032e-10 1.08623e-11 0 
0 5.12542e-05 0.000427342 0.00141335 0.00268686 0.00383993 0.00492202 0.00602238 0.00712028 0.00815474 0.00906415 0.00979703 0.0103158 0.0105987 0.0106403 0.0104509 0.0100542 0.00948461 0.00878372 0.00799656 0.00716831 0.00634135 0.00555175 0.00482265 0.00415006 0.00348551 0.00274886 0.00191596 0.00111141 0.000520223 0.000197808 6.28976e-05 1.72567e-05 4.17866e-06 9.03021e-07 1.74034e-07 2.94625e-08 4.2095e-09 4.58882e-10 2.7288e-11 0 
0 0.000100626 0.000752543 0.00210631 0.00354615 0.00492202 0.00638838 0.00793778 0.00948507 0.0109379 0.012212 0.0132374 0.0139628 0.0143584 0.0144168 0.0141526 0.0135985 0.0128021 0.0118208 0.0107163 0.00955016 0.00837999 0.00725635 0.00622063 0.00529979 0.00448961 0.00372492 0.00288617 0.00193133 0.00103806 0.000436523 0.000146833 4.11857e-05 9.9846e-06 2.13608e-06 4.05319e-07 6.73987e-08 9.4524e-09 1.0117e-09 5.91136e-11 0 
0 0.000167199 0.00110765 0.00269985 0.00430426 0.00602238 0.00793778 0.00996343 0.0119805 0.0138713 0.0155281 0.0168607 0.0178029 0.0183164 0.018392 0.0180483 0.0173281 0.0162928 0.0150164 0.0135786 0.0120586 0.0105297 0.00905602 0.00768983 0.00647079 0.0054211 0.00452291 0.00367647 0.00272609 0.00167331 0.000792099 0.000287949 8.39042e-05 2.05763e-05 4.38764e-06 8.23721e-07 1.35066e-07 1.86552e-08 1.96613e-09 1.13173e-10 0 
0 0.000243501 0.00143683 0.00318552 0.00501556 0.00712028 0.00948507 0.0119805 0.0144623 0.0167871 0.018823 0.02046 0.0216171 0.0222475 0.0223394 0.0219157 0.0210293 0.0197561 0.0181866 0.0164181 0.0145473 0.0126637 0.0108448 0.00915331 0.00763621 0.00632522 0.00522888 0.00429586 0.00336835 0.00229303 0.00121904 0.000484527 0.000148488 3.71674e-05 7.94828e-06 1.48311e-06 2.40692e-07 3.28459e-08 3.41857e-09 1.94359e-10 0 
0 0.000320122 0.00171175 0.00358866 0.00567736 0.00815474 0.0109379 0.0138713 0.0167871 0.0195172 0.0219076 0.02383 0.0251911 0.0259342 0.0260414 0.0255386 0.0244915 0.0229925 0.0211477 0.0190698 0.0168714 0.0146568 0.0125164 0.0105226 0.00872921 0.00717213 0.0058695 0.00480189 0.00385219 0.00280742 0.00164628 0.00071512 0.000231912 5.96111e-05 1.28458e-05 2.39155e-06 3.85422e-07 5.21222e-08 5.37199e-09 3.0243e-10 0 
0 0.00038891 0.00192626 0.00392218 0.00625969 0.00906415 0.012212 0.0155281 0.018823 0.0219076 0.024609 0.0267856 0.0283301 0.0291726 0.0292922 0.0287185 0.0275255 0.0258219 0.0237321 0.0213827 0.0188979 0.0163945 0.0139738 0.0117171 0.00968397 0.00791344 0.00642671 0.00521926 0.00421154 0.00319277 0.00201531 0.0009467 0.000324569 8.58694e-05 1.86998e-05 3.48351e-06 5.59044e-07 7.51209e-08 7.68654e-09 4.29535e-10 0 
0 0.000444329 0.0020833 0.00418435 0.00673017 0.00979703 0.0132374 0.0168607 0.02046 0.02383 0.0267856 0.029167 0.0308414 0.0317377 0.0318602 0.0312471 0.029957 0.0280935 0.0258021 0.0232312 0.0205161 0.0177814 0.0151367 0.0126701 0.0104458 0.00850557 0.00687157 0.00554514 0.00447086 0.00346012 0.00229657 0.00114762 0.000412968 0.000112264 2.47241e-05 4.61651e-06 7.39357e-07 9.89471e-08 1.00749e-08 5.601e-10 0 
0 0.000483344 0.00218719 0.00436796 0.00706369 0.0103158 0.0139628 0.0178029 0.0216171 0.0251911 0.0283301 0.0308414 0.0325644 0.0334589 0.0335744 0.0329576 0.0316384 0.0296875 0.0272562 0.0245246 0.0216456 0.0187481 0.0159462 0.0133326 0.0109749 0.00891636 0.00717965 0.00576816 0.00463965 0.00362669 0.0024833 0.0012959 0.000483822 0.000134457 2.99095e-05 5.60165e-06 8.96717e-07 1.19755e-07 1.21594e-08 6.73935e-10 0 
0 0.000504759 0.00224143 0.00446715 0.00724544 0.0105987 0.0143584 0.0183164 0.0222475 0.0259342 0.0291726 0.0317377 0.0334589 0.0343334 0.0344399 0.0338287 0.032513 0.0305332 0.0280312 0.02521 0.0222404 0.019255 0.0163689 0.0136769 0.0112482 0.00912699 0.00733595 0.00587902 0.00472016 0.00370545 0.00257946 0.00138045 0.00052734 0.00014871 3.33224e-05 6.25903e-06 1.00263e-06 1.33849e-07 1.35789e-08 7.51848e-10 0 
0 0.000508588 0.00224894 0.00448048 0.00727156 0.0106403 0.0144168 0.018392 0.0223394 0.0260414 0.0292922 0.0318602 0.0335744 0.0344399 0.0345403 0.0339266 0.0326095 0.0306242 0.0281099 0.0252738 0.0222908 0.0192935 0.016397 0.0136961 0.0112598 0.00913223 0.00733577 0.00587434 0.00471358 0.00370443 0.00259162 0.0013986 0.000538802 0.000152885 3.43911e-05 6.47526e-06 1.03894e-06 1.38867e-07 1.41031e-08 7.81677e-10 0 
0 0.000495644 0.00221252 0.00441176 0.00714864 0.0104509 0.0141526 0.0180483 0.0219157 0.0255386 0.0287185 0.0312471 0.0329576 0.0338287 0.0339266 0.0333006 0.031972 0.0299965 0.0275228 0.024744 0.0218214 0.0188848 0.016048 0.0134039 0.01102 0.00893942 0.00718394 0.0057571 0.00462256 0.00362833 0.00252572 0.00135353 0.000518734 0.000146913 3.30685e-05 6.23867e-06 1.00364e-06 1.34547e-07 1.37075e-08 7.62242e-10 0 
0 0.000467357 0.00213508 0.00426957 0.00689234 0.0100542 0.0135985 0.0173281 0.0210293 0.0244915 0.0275255 0.029957 0.0316384 0.032513 0.0326095 0.031972 0.030645 0.0287179 0.0263428 0.0236849 0.0208871 0.0180753 0.0153601 0.012831 0.0105527 0.00856629 0.00689299 0.00553529 0.00445109 0.00347925 0.00238676 0.00125299 0.000472313 0.00013268 2.98213e-05 5.63931e-06 9.11084e-07 1.22776e-07 1.25795e-08 7.03693e-10 0 
0 0.000425751 0.00201929 0.00406587 0.00652549 0.00948461 0.0128021 0.0162928 0.0197561 0.0229925 0.0258219 0.0280935 0.0296875 0.0305332 0.0306242 0.0299965 0.0287179 0.0268978 0.0246744 0.0221869 0.0195654 0.0169307 0.014388 0.0120214 0.00989174 0.00803792 0.0064803 0.00521923 0.00420237 0.0032569 0.00218072 0.00110949 0.000408372 0.000113463 2.54714e-05 4.83746e-06 7.87053e-07 1.06953e-07 1.10576e-08 6.2436e-10 0 
0 0.00037351 0.00186724 0.00381393 0.00607568 0.00878372 0.0118208 0.0150164 0.0181866 0.0211477 0.0237321 0.0258021 0.0272562 0.0280312 0.0281099 0.0275228 0.0263428 0.0246744 0.0226374 0.0203548 0.0179479 0.0155295 0.0131967 0.011027 0.00907693 0.00738304 0.00596465 0.00481783 0.0038759 0.00295961 0.00191826 0.000940881 0.000337987 9.31266e-05 2.09656e-05 4.01701e-06 6.61216e-07 9.10158e-08 9.53578e-09 5.45626e-10 0 
0 0.000314055 0.00168053 0.0035255 0.00557272 0.00799656 0.0107163 0.0135786 0.0164181 0.0190698 0.0213827 0.0232312 0.0245246 0.02521 0.0252738 0.024744 0.0236849 0.0221869 0.0203548 0.0183001 0.016133 0.0139556 0.0118555 0.0099029 0.00814969 0.00663021 0.00536202 0.00433409 0.00346567 0.00258879 0.00161967 0.000769929 0.00027269 7.53117e-05 1.71623e-05 3.3431e-06 5.60247e-07 7.85126e-08 8.36887e-09 4.86681e-10 0 
0 0.000251504 0.00146131 0.00320727 0.00504545 0.00716831 0.00955016 0.0120586 0.0145473 0.0168714 0.0188979 0.0205161 0.0216456 0.0222404 0.0222908 0.0218214 0.0208871 0.0195654 0.0179479 0.016133 0.0142178 0.0122919 0.0104327 0.0087029 0.00714943 0.00580421 0.00468154 0.00376238 0.00296453 0.00215885 0.00131799 0.000621422 0.00022255 6.28683e-05 1.47039e-05 2.93701e-06 5.03459e-07 7.19667e-08 7.80312e-09 4.60398e-10 0 
0 0.000190401 0.00121481 0.00285765 0.00451726 0.00634135 0.00837999 0.0105297 0.0126637 0.0146568 0.0163945 0.0177814 0.0187481 0.019255 0.0192935 0.0188848 0.0180753 0.0169307 0.0155295 0.0139556 0.0122919 0.0106151 0.00899171 0.00747636 0.00611094 0.00492394 0.00392579 0.00309792 0.00238415 0.00170905 0.00105375 0.000516135 0.000194491 5.76032e-05 1.39787e-05 2.86748e-06 5.00806e-07 7.25162e-08 7.93108e-09 4.70519e-10 0 
0 0.000135135 0.00095247 0.00246702 0.00399886 0.00555175 0.00725635 0.00905602 0.0108448 0.0125164 0.0139738 0.0151367 0.0159462 0.0163689 0.016397 0.016048 0.0153601 0.014388 0.0131967 0.0118555 0.0104327 0.00899171 0.00758759 0.00626637 0.00506482 0.00401072 0.00312094 0.00239494 0.00180708 0.00130959 0.000857147 0.000461464 0.00019053 6.01291e-05 1.51053e-05 3.14495e-06 5.51239e-07 7.96243e-08 8.65941e-09 5.0994e-10 0 
0 8.91512e-05 0.000693418 0.00202579 0.00347917 0.00482265 0.00622063 0.00768983 0.00915331 0.0105226 0.0117171 0.0126701 0.0133326 0.0136769 0.0136961 0.0134039 0.012831 0.0120214 0.011027 0.0099029 0.0087029 0.00747636 0.00626637 0.00511097 0.00405162 0.00314814 0.00246015 0.00196567 0.00154995 0.00114163 0.000767765 0.000450278 0.000206202 6.94775e-05 1.78414e-05 3.70165e-06 6.39596e-07 9.07531e-08 9.6902e-09 5.60616e-10 0 
0 5.42302e-05 0.000461418 0.00154206 0.00292278 0.00415006 0.00529979 0.00647079 0.00763621 0.00872921 0.00968397 0.0104458 0.0109749 0.0112482 0.0112598 0.01102 0.0105527 0.00989174 0.00907693 0.00814969 0.00714943 0.00611094 0.00506482 0.00405162 0.00317445 0.00264655 0.00262066 0.00283563 0.00269608 0.00198031 0.00112014 0.000544913 0.0002408 8.34609e-05 2.14818e-05 4.3654e-06 7.33829e-07 1.01328e-07 1.05518e-08 5.96868e-10 0 
0 3.02106e-05 0.000276854 0.00105715 0.00229311 0.00348551 0.00448961 0.0054211 0.00632522 0.00717213 0.00791344 0.00850557 0.00891636 0.00912699 0.00913223 0.00893942 0.00856629 0.00803792 0.00738304 0.00663021 0.00580421 0.00492394 0.00401072 0.00314814 0.00264655 0.00311193 0.00490613 0.00707891 0.00754859 0.00557352 0.00283695 0.00104773 0.000336383 0.000102342 2.50663e-05 4.87701e-06 7.897e-07 1.0575e-07 1.07314e-08 5.93686e-10 0 
0 1.53374e-05 0.000148398 0.000636381 0.00160656 0.00274886 0.00372492 0.00452291 0.00522888 0.0058695 0.00642671 0.00687157 0.00717965 0.00733595 0.00733577 0.00718394 0.00689299 0.0064803 0.00596465 0.00536202 0.00468154 0.00392579 0.00312094 0.00246015 0.00262066 0.00490613 0.0101825 0.0169268 0.0193433 0.013242 0.00654655 0.00221616 0.000557282 0.000129687 2.76933e-05 4.9796e-06 7.68313e-07 9.98029e-08 9.90488e-09 5.38099e-10 0 
0 7.07692e-06 7.07818e-05 0.000331322 0.000963313 0.00191596 0.00288617 0.00367647 0.00429586 0.00480189 0.00521926 0.00554514 0.00576816 0.00587902 0.00587434 0.0057571 0.00553529 0.00521923 0.00481783 0.00433409 0.00376238 0.00309792 0.00239494 0.00196567 0.00283563 0.00707891 0.0169268 0.0258189 0.0269408 0.0226472 0.0108175 0.00355226 0.000819282 0.000156208 2.79889e-05 4.51654e-06 6.5849e-07 8.32628e-08 8.13623e-09 4.36986e-10 0 
0 2.96573e-06 3.00723e-05 0.000148803 0.000482448 0.00111141 0.00193133 0.00272609 0.00336835 0.00385219 0.00421154 0.00447086 0.00463965 0.00472016 0.00471358 0.00462256 0.00445109 0.00420237 0.0038759 0.00346567 0.00296453 0.00238415 0.00180708 0.00154995 0.00269608 0.00754859 0.0193433 0.0269408 0.0278179 0.0248365 0.0123689 0.00391227 0.000880109 0.000153544 2.41109e-05 3.51352e-06 4.86737e-07 6.04518e-08 5.8716e-09 3.14423e-10 0 
0 1.12969e-06 1.14302e-05 5.80865e-05 0.000201745 0.000520223 0.00103806 0.00167331 0.00229303 0.00280742 0.00319277 0.00346012 0.00362669 0.00370545 0.00370443 0.00362833 0.00347925 0.0032569 0.00295961 0.00258879 0.00215885 0.00170905 0.00130959 0.00114163 0.00198031 0.00557352 0.013242 0.0226472 0.0248365 0.0183549 0.00880544 0.0028984 0.000651608 0.0001115 1.64231e-05 2.25569e-06 3.04898e-07 3.78128e-08 3.6934e-09 1.99058e-10 0 
0 3.91727e-07 3.9089e-06 1.99536e-05 7.16387e-05 0.000197808 0.000436523 0.000792099 0.00121904 0.00164628 0.00201531 0.00229657 0.0024833 0.00257946 0.00259162 0.00252572 0.00238676 0.00218072 0.00191826 0.00161967 0.00131799 0.00105375 0.000857147 0.000767765 0.00112014 0.00283695 0.00654655 0.0108175 0.0123689 0.00880544 0.0043513 0.00143988 0.000330405 5.7834e-05 8.47776e-06 1.16648e-06 1.60334e-07 2.02844e-08 2.01749e-09 1.1047e-10 0 
0 1.23832e-07 1.20906e-06 6.10704e-06 2.20877e-05 6.28976e-05 0.000146833 0.000287949 0.000484527 0.00071512 0.0009467 0.00114762 0.0012959 0.00138045 0.0013986 0.00135353 0.00125299 0.00110949 0.000940881 0.000769929 0.000621422 0.000516135 0.000461464 0.000450278 0.000544913 0.00104773 0.00221616 0.00355226 0.00391227 0.0028984 0.00143988 0.000486186 0.000117101 2.15362e-05 3.31713e-06 4.87363e-07 7.0967e-08 9.3396e-09 9.56496e-10 5.3666e-11 0 
0 3.57063e-08 3.39462e-07 1.68104e-06 6.02626e-06 1.72567e-05 4.11857e-05 8.39042e-05 0.000148488 0.000231912 0.000324569 0.000412968 0.000483822 0.00052734 0.000538802 0.000518734 0.000472313 0.000408372 0.000337987 0.00027269 0.00022255 0.000194491 0.00019053 0.000206202 0.0002408 0.000336383 0.000557282 0.000819282 0.000880109 0.000651608 0.000330405 0.000117101 3.01109e-05 5.97638e-06 1.0252e-06 1.69207e-07 2.6758e-08 3.70675e-09 3.94116e-10 2.2817e-11 0 
0 9.37866e-09 8.65909e-08 4.18244e-07 1.47254e-06 4.17866e-06 9.9846e-06 2.05763e-05 3.71674e-05 5.96111e-05 8.58694e-05 0.000112264 0.000134457 0.00014871 0.000152885 0.000146913 0.00013268 0.000113463 9.31266e-05 7.53117e-05 6.28683e-05 5.76032e-05 6.01291e-05 6.94775e-05 8.34609e-05 0.000102342 0.000129687 0.000156208 0.000153544 0.0001115 5.7834e-05 2.15362e-05 5.97638e-06 1.33839e-06 2.68033e-07 5.05576e-08 8.70479e-09 1.27388e-09 1.41336e-10 8.48742e-12 0 
0 2.23378e-09 2.0007e-08 9.40241e-08 3.23602e-07 9.03021e-07 2.13608e-06 4.38764e-06 7.94828e-06 1.28458e-05 1.86998e-05 2.47241e-05 2.99095e-05 3.33224e-05 3.43911e-05 3.30685e-05 2.98213e-05 2.54714e-05 2.09656e-05 1.71623e-05 1.47039e-05 1.39787e-05 1.51053e-05 1.78414e-05 2.14818e-05 2.50663e-05 2.76933e-05 2.79889e-05 2.41109e-05 1.64231e-05 8.47776e-06 3.31713e-06 1.0252e-06 2.68033e-07 6.27281e-08 1.32603e-08 2.45835e-09 3.79721e-10 4.40846e-11 2.75559e-12 0 
0 4.77549e-10 4.14905e-09 1.89568e-08 6.36504e-08 1.74034e-07 4.05319e-07 8.23721e-07 1.48311e-06 2.39155e-06 3.48351e-06 4.61651e-06 5.60165e-06 6.25903e-06 6.47526e-06 6.23867e-06 5.63931e-06 4.83746e-06 4.01701e-06 3.3431e-06 2.93701e-06 2.86748e-06 3.14495e-06 3.70165e-06 4.3654e-06 4.87701e-06 4.9796e-06 4.51654e-06 3.51352e-06 2.25569e-06 1.16648e-06 4.87363e-07 1.69207e-07 5.05576e-08 1.32603e-08 3.04559e-09 6.00845e-10 9.77717e-11 1.18911e-11 7.75198e-13 0 
0 8.97551e-11 7.56949e-10 3.36323e-09 1.10121e-08 2.94625e-08 6.73987e-08 1.35066e-07 2.40692e-07 3.85422e-07 5.59044e-07 7.39357e-07 8.96717e-07 1.00263e-06 1.03894e-06 1.00364e-06 9.11084e-07 7.87053e-07 6.61216e-07 5.60247e-07 5.03459e-07 5.00806e-07 5.51239e-07 6.39596e-07 7.33829e-07 7.897e-07 7.68313e-07 6.5849e-07 4.86737e-07 3.04898e-07 1.60334e-07 7.0967e-08 2.6758e-08 8.70479e-09 2.45835e-09 6.00845e-10 1.25208e-10 2.14223e-11 2.72913e-12 1.85683e-13 0 
0 1.42025e-11 1.16394e-10 5.03368e-10 1.608e-09 4.2095e-09 9.4524e-09 1.86552e-08 3.28459e-08 5.21222e-08 7.51209e-08 9.89471e-08 1.19755e-07 1.33849e-07 1.38867e-07 1.34547e-07 1.22776e-07 1.06953e-07 9.10158e-08 7.85126e-08 7.19667e-08 7.25162e-08 7.96243e-08 9.07531e-08 1.01328e-07 1.0575e-07 9.98029e-08 8.32628e-08 6.04518e-08 3.78128e-08 2.02844e-08 9.3396e-09 3.70675e-09 1.27388e-09 3.79721e-10 9.77717e-11 2.14223e-11 3.84526e-12 5.12584e-13 3.6386e-14 0 
0 1.70725e-12 1.36153e-11 5.73852e-11 1.79032e-10 4.58882e-10 1.0117e-09 1.96613e-09 3.41857e-09 5.37199e-09 7.68654e-09 1.00749e-08 1.21594e-08 1.35789e-08 1.41031e-08 1.37075e-08 1.25795e-08 1.10576e-08 9.53578e-09 8.36887e-09 7.80312e-09 7.93108e-09 8.65941e-09 9.6902e-09 1.05518e-08 1.07314e-08 9.90488e-09 8.13623e-09 5.8716e-09 3.6934e-09 2.01749e-09 9.56496e-10 3.94116e-10 1.41336e-10 4.40846e-11 1.18911e-11 2.72913e-12 5.12584e-13 7.1371e-14 5.28026e-15 0 
0 1.11356e-13 8.65498e-13 3.56039e-12 1.08623e-11 2.7288e-11 5.91136e-11 1.13173e-10 1.94359e-10 3.0243e-10 4.29535e-10 5.601e-10 6.73935e-10 7.51848e-10 7.81677e-10 7.62242e-10 7.03693e-10 6.2436e-10 5.45626e-10 4.86681e-10 4.60398e-10 4.70519e-10 5.0994e-10 5.60616e-10 5.96868e-10 5.93686e-10 5.38099e-10 4.36986e-10 3.14423e-10 1.99058e-10 1.1047e-10 5.3666e-11 2.2817e-11 8.48742e-12 2.75559e-12 7.75198e-13 1.85683e-13 3.6386e-14 5.28026e-15 4.0652e-16 0 
0 0 0 0 0 0 0 0 0 0 0 0 0 0 0 0 0 0 0 0 0 0 0 0 0 0 0 0 0 0 0 0 0 0 0 0 0 0 0 0 0 
