0 0 0 0 0 0 0 0 0 0 0 0 0 0 0 0 0 0 0 0 0 0 0 0 0 0 0 0 0 0 0 0 0 0 0 0 0 0 0 0 0 
0 7.10078e-10 6.74012e-09 3.37111e-08 1.24036e-07 3.71474e-07 9.45434e-07 2.0904e-06 4.06798e-06 7.02945e-06 1.08598e-05 1.50868e-05 1.89429e-05 2.15924e-05 2.24274e-05 2.12889e-05 1.85084e-05 1.47593e-05 1.08064e-05 7.26985e-06 4.4967e-06 2.55946e-06 1.34207e-06 6.49235e-07 2.90274e-07 1.20191e-07 4.61891e-08 1.65096e-08 5.4994e-09 1.7098e-09 4.9662e-10 1.34749e-10 3.41045e-11 8.02291e-12 1.74218e-12 3.44886e-13 6.08307e-14 9.1364e-15 1.05252e-15 6.63255e-17 0 
0 6.74012e-09 6.64773e-08 3.45352e-07 1.31758e-06 4.0797e-06 1.06926e-05 2.42314e-05 4.80825e-05 8.42854e-05 0.000131474 0.000183704 0.000231338 0.000263986 0.000274197 0.000260091 0.000225779 0.000179561 0.000130882 8.74413e-05 5.35541e-05 3.00841e-05 1.55172e-05 7.36092e-06 3.2183e-06 1.30012e-06 4.86596e-07 1.69176e-07 5.47719e-08 1.6546e-08 4.66988e-09 1.23173e-09 3.03251e-10 6.94549e-11 1.46991e-11 2.83916e-12 4.8919e-13 7.18633e-14 8.10742e-15 5.00946e-16 0 
0 3.37111e-08 3.45352e-07 1.8626e-06 7.36154e-06 2.35256e-05 6.33124e-05 0.00014641 0.000294453 0.000519699 0.00081174 0.00113155 0.00141945 0.0016143 0.00167424 0.00158958 0.00138402 0.00110507 0.000808205 0.000540605 0.000330334 0.000184335 9.40137e-05 4.39048e-05 1.88252e-05 7.43486e-06 2.71396e-06 9.18759e-07 2.89339e-07 8.49824e-08 2.33201e-08 5.98271e-09 1.43364e-09 3.19885e-10 6.60247e-11 1.24524e-11 2.09767e-12 3.01671e-13 3.33617e-14 2.02333e-15 0 
0 1.24036e-07 1.31758e-06 7.36154e-06 3.00493e-05 9.86665e-05 0.000270836 0.000633044 0.00127413 0.00222987 0.00343048 0.00469653 0.00579423 0.00651375 0.00672737 0.00641238 0.00564595 0.00458185 0.00341264 0.00232149 0.0014364 0.000806523 0.000410953 0.000190422 8.05321e-05 3.12235e-05 1.11502e-05 3.68395e-06 1.1306e-06 3.23366e-07 8.63937e-08 2.15852e-08 5.04055e-09 1.09698e-09 2.21082e-10 4.07632e-11 6.72184e-12 9.47555e-13 1.02858e-13 6.13166e-15 0 
0 3.71474e-07 4.0797e-06 2.35256e-05 9.86665e-05 0.000330319 0.000914285 0.00212498 0.00418989 0.0070933 0.0104809 0.0137825 0.0164447 0.0180897 0.0185455 0.0178107 0.0160189 0.0134255 0.0103957 0.00736113 0.00472079 0.00272379 0.00141066 0.000657095 0.000276689 0.000106015 3.72136e-05 1.20424e-05 3.61177e-06 1.00831e-06 2.62826e-07 6.40728e-08 1.46066e-08 3.10586e-09 6.12208e-10 1.10535e-10 1.7872e-11 2.47369e-12 2.6403e-13 1.54993e-14 0 
0 9.45434e-07 1.06926e-05 6.33124e-05 0.000270836 0.000914285 0.0025094 0.00566545 0.0106351 0.0169095 0.0233951 0.0290198 0.0331308 0.0354826 0.0360611 0.0349477 0.0322676 0.0282058 0.0230747 0.0173918 0.011871 0.00723103 0.00389897 0.00186067 0.000790871 0.00030232 0.000105 3.34379e-05 9.83689e-06 2.68871e-06 6.85606e-07 1.63483e-07 3.6467e-08 7.59269e-09 1.46691e-09 2.59899e-10 4.12907e-11 5.62363e-12 5.91535e-13 3.42764e-14 0 
0 2.0904e-06 2.42314e-05 0.00014641 0.000633044 0.00212498 0.00566545 0.0121009 0.02105 0.0308061 0.0395529 0.0463145 0.050871 0.0533227 0.0538294 0.0525299 0.0495286 0.0449005 0.0387335 0.0312586 0.0230628 0.0151766 0.00873898 0.00437087 0.00190838 0.000736753 0.000255293 8.04749e-05 2.33241e-05 6.26443e-06 1.56765e-06 3.667e-07 8.02578e-08 1.6406e-08 3.11484e-09 5.42965e-10 8.49856e-11 1.14209e-11 1.18738e-12 6.81304e-14 0 
0 4.06798e-06 4.80825e-05 0.000294453 0.00127413 0.00418989 0.0106351 0.02105 0.0335154 0.0452385 0.0546589 0.0615273 0.0660513 0.0684423 0.0688539 0.0674204 0.0642727 0.059515 0.0531855 0.0452664 0.0358718 0.0256558 0.0160368 0.00857896 0.00391867 0.00154901 0.000540611 0.000169802 4.87254e-05 1.29116e-05 3.18231e-06 7.32692e-07 1.5785e-07 3.17798e-08 5.94813e-09 1.02341e-09 1.58347e-10 2.10725e-11 2.17388e-12 1.24055e-13 0 
0 7.02945e-06 8.42854e-05 0.000519699 0.00222987 0.0070933 0.0169095 0.0308061 0.0452385 0.0574709 0.0669099 0.0738342 0.0784851 0.0809633 0.0813415 0.0797372 0.0763248 0.071302 0.0648193 0.056891 0.0473879 0.0363464 0.0246524 0.0142511 0.00690746 0.00283135 0.00100471 0.000316574 9.04047e-05 2.37375e-05 5.78488e-06 1.31589e-06 2.80091e-07 5.57474e-08 1.0326e-08 1.76081e-09 2.70505e-10 3.58216e-11 3.68687e-12 2.10541e-13 0 
0 1.08598e-05 0.000131474 0.00081174 0.00343048 0.0104809 0.0233951 0.0395529 0.0546589 0.0669099 0.0764769 0.083705 0.0886688 0.0913361 0.091719 0.0899291 0.0861771 0.0807379 0.0738846 0.0657802 0.0563527 0.0453385 0.0328801 0.0204766 0.0105913 0.00454028 0.00165079 0.000525001 0.00014995 3.91862e-05 9.48254e-06 2.1401e-06 4.52027e-07 8.93527e-08 1.64606e-08 2.79705e-09 4.29249e-10 5.6954e-11 5.89391e-12 3.39745e-13 0 
0 1.50868e-05 0.000183704 0.00113155 0.00469653 0.0137825 0.0290198 0.0463145 0.0615273 0.0738342 0.083705 0.0913375 0.0966427 0.0995025 0.0998977 0.0979423 0.0938727 0.0880136 0.0807206 0.0722853 0.0627855 0.0519597 0.0394998 0.0261552 0.0143809 0.00646194 0.00241803 0.000779817 0.000223774 5.84641e-05 1.41136e-05 3.17608e-06 6.6931e-07 1.32189e-07 2.43836e-08 4.16057e-09 6.43421e-10 8.63833e-11 9.08639e-12 5.34837e-13 0 
0 1.89429e-05 0.000231338 0.00141945 0.00579423 0.0164447 0.0331308 0.050871 0.0660513 0.0784851 0.0886688 0.0966427 0.102213 0.105215 0.105616 0.103535 0.0992249 0.0930403 0.0853849 0.076631 0.06698 0.0562782 0.0440675 0.0305065 0.017637 0.00827382 0.0031881 0.00104556 0.000302639 7.94274e-05 1.92339e-05 4.34321e-06 9.19845e-07 1.83049e-07 3.41396e-08 5.91496e-09 9.33322e-10 1.28499e-10 1.39268e-11 8.4782e-13 0 
0 2.15924e-05 0.000263986 0.0016143 0.00651375 0.0180897 0.0354826 0.0533227 0.0684423 0.0809633 0.0913361 0.0995025 0.105215 0.108289 0.108685 0.106527 0.102077 0.0957046 0.0878388 0.0788931 0.0691437 0.0585353 0.0466086 0.0331976 0.0198985 0.00966323 0.00382373 0.00127693 0.000374283 9.92415e-05 2.42827e-05 5.55113e-06 1.19414e-06 2.42433e-07 4.63701e-08 8.28544e-09 1.35546e-09 1.94302e-10 2.1977e-11 1.39614e-12 0 
0 2.24274e-05 0.000274197 0.00167424 0.00672737 0.0185455 0.0360611 0.0538294 0.0688539 0.0813415 0.091719 0.0998977 0.105616 0.108685 0.109066 0.106882 0.1024 0.0959921 0.0880941 0.0791335 0.0694177 0.0589481 0.0473052 0.0342061 0.0209558 0.0104263 0.00421862 0.00143615 0.000428447 0.000115707 2.8917e-05 6.78248e-06 1.50567e-06 3.17484e-07 6.34617e-08 1.19084e-08 2.05114e-09 3.0943e-10 3.67028e-11 2.43034e-12 0 
0 2.12889e-05 0.000260091 0.00158958 0.00641238 0.0178107 0.0349477 0.0525299 0.0674204 0.0797372 0.0899291 0.0979423 0.103535 0.106527 0.106882 0.104724 0.100314 0.0940187 0.0862655 0.0774738 0.0679478 0.0577028 0.0463608 0.0336639 0.0208142 0.0105088 0.00433347 0.00150867 0.000462031 0.000128748 3.34225e-05 8.20623e-06 1.9218e-06 4.30153e-07 9.15642e-08 1.82833e-08 3.33515e-09 5.2863e-10 6.52384e-11 4.44851e-12 0 
0 1.85084e-05 0.000225779 0.00138402 0.00564595 0.0160189 0.0322676 0.0495286 0.0642727 0.0763248 0.0861771 0.0938727 0.0992249 0.102077 0.1024 0.100314 0.0960702 0.0900207 0.0825698 0.07411 0.0649137 0.0549778 0.0439718 0.031775 0.0196333 0.0099974 0.00420545 0.00151016 0.000482114 0.000141554 3.91303e-05 1.03225e-05 2.61067e-06 6.30902e-07 1.44148e-07 3.05789e-08 5.85161e-09 9.60345e-10 1.21239e-10 8.37002e-12 0 
0 1.47593e-05 0.000179561 0.00110507 0.00458185 0.0134255 0.0282058 0.0449005 0.059515 0.071302 0.0807379 0.0880136 0.0930403 0.0957046 0.0959921 0.0940187 0.0900207 0.0843242 0.0772993 0.0692923 0.0605209 0.0509514 0.0403377 0.0287995 0.0176843 0.0090848 0.00393332 0.00148321 0.000506317 0.000161375 4.89156e-05 1.41875e-05 3.92293e-06 1.02363e-06 2.48455e-07 5.50502e-08 1.08337e-08 1.80486e-09 2.28931e-10 1.57561e-11 0 
0 1.08064e-05 0.000130882 0.000808205 0.00341264 0.0103957 0.0230747 0.0387335 0.0531855 0.0648193 0.0738846 0.0807206 0.0853849 0.0878388 0.0880941 0.0862655 0.0825698 0.0772993 0.0707758 0.063282 0.0549701 0.0457993 0.0356888 0.025068 0.0153157 0.00801894 0.00364774 0.00148805 0.00056214 0.00020072 6.81244e-05 2.18526e-05 6.55123e-06 1.81268e-06 4.56987e-07 1.03367e-07 2.04893e-08 3.40402e-09 4.27532e-10 2.89948e-11 0 
0 7.26985e-06 8.74413e-05 0.000540605 0.00232149 0.00736113 0.0173918 0.0312586 0.0452664 0.056891 0.0657802 0.0722853 0.076631 0.0788931 0.0791335 0.0774738 0.07411 0.0692923 0.063282 0.0562905 0.0484244 0.0397108 0.0303302 0.0209898 0.0129037 0.00704386 0.00347877 0.00159366 0.000688235 0.000280391 0.000106596 3.72732e-05 1.18412e-05 3.38746e-06 8.66067e-07 1.95879e-07 3.84437e-08 6.28272e-09 7.73037e-10 5.12384e-11 0 
0 4.4967e-06 5.35541e-05 0.000330334 0.0014364 0.00472079 0.011871 0.0230628 0.0358718 0.0473879 0.0563527 0.0627855 0.06698 0.0691437 0.0694177 0.0679478 0.0649137 0.0605209 0.0549701 0.0484244 0.0410157 0.0329468 0.0246816 0.0170157 0.0107757 0.00634302 0.00353052 0.0018735 0.000939622 0.000435898 0.000182716 6.8051e-05 2.23418e-05 6.45411e-06 1.63962e-06 3.64641e-07 6.99252e-08 1.11269e-08 1.33094e-09 8.57309e-11 0 
0 2.55946e-06 3.00841e-05 0.000184335 0.000806523 0.00272379 0.00723103 0.0151766 0.0256558 0.0363464 0.0453385 0.0519597 0.0562782 0.0585353 0.0589481 0.0577028 0.0549778 0.0509514 0.0457993 0.0397108 0.0329468 0.0259286 0.0192555 0.0135394 0.00913215 0.00600172 0.00386333 0.00240039 0.00139384 0.000727667 0.000330648 0.000128516 4.26611e-05 1.21903e-05 3.02383e-06 6.52219e-07 1.20948e-07 1.85983e-08 2.15112e-09 1.34166e-10 0 
0 1.34207e-06 1.55172e-05 9.40137e-05 0.000410953 0.00141066 0.00389897 0.00873898 0.0160368 0.0246524 0.0328801 0.0394998 0.0440675 0.0466086 0.0473052 0.0463608 0.0439718 0.0403377 0.0356888 0.0303302 0.0246816 0.0192555 0.014531 0.010784 0.00800967 0.00599786 0.0044792 0.00323775 0.00216408 0.0012672 0.000620245 0.000247862 8.13136e-05 2.24286e-05 5.32532e-06 1.09911e-06 1.95435e-07 2.88884e-08 3.22059e-09 1.94159e-10 0 
0 6.49235e-07 7.36092e-06 4.39048e-05 0.000190422 0.000657095 0.00186067 0.00437087 0.00857896 0.0142511 0.0204766 0.0261552 0.0305065 0.0331976 0.0342061 0.0336639 0.031775 0.0287995 0.025068 0.0209898 0.0170157 0.0135394 0.010784 0.00875815 0.00731282 0.0062567 0.00543018 0.00464478 0.00365577 0.00242664 0.00127194 0.000511282 0.000159589 4.06037e-05 8.88809e-06 1.71749e-06 2.90045e-07 4.10686e-08 4.40879e-09 2.56978e-10 0 
0 2.90274e-07 3.2183e-06 1.88252e-05 8.05321e-05 0.000276689 0.000790871 0.00190838 0.00391867 0.00690746 0.0105913 0.0143809 0.017637 0.0198985 0.0209558 0.0208142 0.0196333 0.0176843 0.0153157 0.0129037 0.0107757 0.00913215 0.00800967 0.00731282 0.00693748 0.00699433 0.00775092 0.0087054 0.00832599 0.0060339 0.00318631 0.00122168 0.000345057 7.59306e-05 1.43111e-05 2.47358e-06 3.89602e-07 5.26518e-08 5.44867e-09 3.07769e-10 0 
0 1.20191e-07 1.30012e-06 7.43486e-06 3.12235e-05 0.000106015 0.00030232 0.000736753 0.00154901 0.00283135 0.00454028 0.00646194 0.00827382 0.00966323 0.0104263 0.0105088 0.0099974 0.0090848 0.00801894 0.00704386 0.00634302 0.00600172 0.00599786 0.0062567 0.00699433 0.00950827 0.0153702 0.0222176 0.0236821 0.0174904 0.00887027 0.00314006 0.000793053 0.000148341 2.28025e-05 3.30249e-06 4.68862e-07 6.0059e-08 6.00659e-09 3.30219e-10 0 
0 4.61891e-08 4.86596e-07 2.71396e-06 1.11502e-05 3.72136e-05 0.000105 0.000255293 0.000540611 0.00100471 0.00165079 0.00241803 0.0031881 0.00382373 0.00421862 0.00433347 0.00420545 0.00393332 0.00364774 0.00347877 0.00353052 0.00386333 0.0044792 0.00543018 0.00775092 0.0153702 0.0319646 0.0508167 0.0558129 0.0413297 0.0205498 0.00692754 0.00162029 0.000269885 3.46331e-05 4.07137e-06 5.01331e-07 6.02405e-08 5.84349e-09 3.14599e-10 0 
0 1.65096e-08 1.69176e-07 9.18759e-07 3.68395e-06 1.20424e-05 3.34379e-05 8.04749e-05 0.000169802 0.000316574 0.000525001 0.000779817 0.00104556 0.00127693 0.00143615 0.00150867 0.00151016 0.00148321 0.00148805 0.00159366 0.0018735 0.00240039 0.00323775 0.00464478 0.0087054 0.0222176 0.0508167 0.0830008 0.0918767 0.0680818 0.033663 0.0111447 0.00250914 0.000391936 4.48279e-05 4.42823e-06 4.68486e-07 5.25392e-08 4.97168e-09 2.6417e-10 0 
0 5.4994e-09 5.47719e-08 2.89339e-07 1.1306e-06 3.61177e-06 9.83689e-06 2.33241e-05 4.87254e-05 9.04047e-05 0.00014995 0.000223774 0.000302639 0.000374283 0.000428447 0.000462031 0.000482114 0.000506317 0.00056214 0.000688235 0.000939622 0.00139384 0.00216408 0.00365577 0.00832599 0.0236821 0.0558129 0.0918767 0.101928 0.0755452 0.037295 0.012278 0.00272189 0.000412032 4.43565e-05 3.93458e-06 3.70941e-07 3.93702e-08 3.6733e-09 1.94441e-10 0 
0 1.7098e-09 1.6546e-08 8.49824e-08 3.23366e-07 1.00831e-06 2.68871e-06 6.26443e-06 1.29116e-05 2.37375e-05 3.91862e-05 5.84641e-05 7.94274e-05 9.92415e-05 0.000115707 0.000128748 0.000141554 0.000161375 0.00020072 0.000280391 0.000435898 0.000727667 0.0012672 0.00242664 0.0060339 0.0174904 0.0413297 0.0680818 0.0755452 0.0559927 0.027639 0.00909302 0.00200667 0.000299793 3.14804e-05 2.67352e-06 2.4041e-07 2.50725e-08 2.34597e-09 1.25017e-10 0 
0 4.9662e-10 4.66988e-09 2.33201e-08 8.63937e-08 2.62826e-07 6.85606e-07 1.56765e-06 3.18231e-06 5.78488e-06 9.48254e-06 1.41136e-05 1.92339e-05 2.42827e-05 2.8917e-05 3.34225e-05 3.91303e-05 4.89156e-05 6.81244e-05 0.000106596 0.000182716 0.000330648 0.000620245 0.00127194 0.00318631 0.00887027 0.0205498 0.033663 0.037295 0.027639 0.013658 0.00450425 0.000994781 0.000148364 1.56133e-05 1.34688e-06 1.25274e-07 1.35064e-08 1.29308e-09 7.01136e-11 0 
0 1.34749e-10 1.23173e-09 5.98271e-09 2.15852e-08 6.40728e-08 1.63483e-07 3.667e-07 7.32692e-07 1.31589e-06 2.1401e-06 3.17608e-06 4.34321e-06 5.55113e-06 6.78248e-06 8.20623e-06 1.03225e-05 1.41875e-05 2.18526e-05 3.72732e-05 6.8051e-05 0.000128516 0.000247862 0.000511282 0.00122168 0.00314006 0.00692754 0.0111447 0.012278 0.00909302 0.00450425 0.0014914 0.000330741 4.98384e-05 5.422e-06 5.0787e-07 5.30531e-08 6.18448e-09 6.16069e-10 3.43045e-11 0 
0 3.41045e-11 3.03251e-10 1.43364e-09 5.04055e-09 1.46066e-08 3.6467e-08 8.02578e-08 1.5785e-07 2.80091e-07 4.52027e-07 6.6931e-07 9.19845e-07 1.19414e-06 1.50567e-06 1.9218e-06 2.61067e-06 3.92293e-06 6.55123e-06 1.18412e-05 2.23418e-05 4.26611e-05 8.13136e-05 0.000159589 0.000345057 0.000793053 0.00162029 0.00250914 0.00272189 0.00200667 0.000994781 0.000330741 7.41751e-05 1.15431e-05 1.36584e-06 1.51169e-07 1.89045e-08 2.43378e-09 2.54521e-10 1.46558e-11 0 
0 8.02291e-12 6.94549e-11 3.19885e-10 1.09698e-09 3.10586e-09 7.59269e-09 1.6406e-08 3.17798e-08 5.57474e-08 8.93527e-08 1.32189e-07 1.83049e-07 2.42433e-07 3.17484e-07 4.30153e-07 6.30902e-07 1.02363e-06 1.81268e-06 3.38746e-06 6.45411e-06 1.21903e-05 2.24286e-05 4.06037e-05 7.59306e-05 0.000148341 0.000269885 0.000391936 0.000412032 0.000299793 0.000148364 4.98384e-05 1.15431e-05 1.94588e-06 2.73043e-07 3.87514e-08 5.87884e-09 8.31076e-10 9.14239e-11 5.46947e-12 0 
0 1.74218e-12 1.46991e-11 6.60247e-11 2.21082e-10 6.12208e-10 1.46691e-09 3.11484e-09 5.94813e-09 1.0326e-08 1.64606e-08 2.43836e-08 3.41396e-08 4.63701e-08 6.34617e-08 9.15642e-08 1.44148e-07 2.48455e-07 4.56987e-07 8.66067e-07 1.63962e-06 3.02383e-06 5.32532e-06 8.88809e-06 1.43111e-05 2.28025e-05 3.46331e-05 4.48279e-05 4.43565e-05 3.14804e-05 1.56133e-05 5.422e-06 1.36584e-06 2.73043e-07 4.99576e-08 9.18109e-09 1.61983e-09 2.46939e-10 2.85474e-11 1.77961e-12 0 
0 3.44886e-13 2.83916e-12 1.24524e-11 4.07632e-11 1.10535e-10 2.59899e-10 5.42965e-10 1.02341e-09 1.76081e-09 2.79705e-09 4.16057e-09 5.91496e-09 8.28544e-09 1.19084e-08 1.82833e-08 3.05789e-08 5.50502e-08 1.03367e-07 1.95879e-07 3.64641e-07 6.52219e-07 1.09911e-06 1.71749e-06 2.47358e-06 3.30249e-06 4.07137e-06 4.42823e-06 3.93458e-06 2.67352e-06 1.34688e-06 5.0787e-07 1.51169e-07 3.87514e-08 9.18109e-09 2.01598e-09 3.92008e-10 6.35016e-11 7.70525e-12 5.0132e-13 0 
0 6.08307e-14 4.8919e-13 2.09767e-12 6.72184e-12 1.7872e-11 4.12907e-11 8.49856e-11 1.58347e-10 2.70505e-10 4.29249e-10 6.43421e-10 9.33322e-10 1.35546e-09 2.05114e-09 3.33515e-09 5.85161e-09 1.08337e-08 2.04893e-08 3.84437e-08 6.99252e-08 1.20948e-07 1.95435e-07 2.90045e-07 3.89602e-07 4.68862e-07 5.01331e-07 4.68486e-07 3.70941e-07 2.4041e-07 1.25274e-07 5.30531e-08 1.89045e-08 5.87884e-09 1.61983e-09 3.92008e-10 8.14043e-11 1.39042e-11 1.76884e-12 1.20173e-13 0 
0 9.1364e-15 7.18633e-14 3.01671e-13 9.47555e-13 2.47369e-12 5.62363e-12 1.14209e-11 2.10725e-11 3.58216e-11 5.6954e-11 8.63833e-11 1.28499e-10 1.94302e-10 3.0943e-10 5.2863e-10 9.60345e-10 1.80486e-09 3.40402e-09 6.28272e-09 1.11269e-08 1.85983e-08 2.88884e-08 4.10686e-08 5.26518e-08 6.0059e-08 6.02405e-08 5.25392e-08 3.93702e-08 2.50725e-08 1.35064e-08 6.18448e-09 2.43378e-09 8.31076e-10 2.46939e-10 6.35016e-11 1.39042e-11 2.49406e-12 3.32183e-13 2.35561e-14 0 
0 1.05252e-15 8.10742e-15 3.33617e-14 1.02858e-13 2.6403e-13 5.91535e-13 1.18738e-12 2.17388e-12 3.68687e-12 5.89391e-12 9.08639e-12 1.39268e-11 2.1977e-11 3.67028e-11 6.52384e-11 1.21239e-10 2.28931e-10 4.27532e-10 7.73037e-10 1.33094e-09 2.15112e-09 3.22059e-09 4.40879e-09 5.44867e-09 6.00659e-09 5.84349e-09 4.97168e-09 3.6733e-09 2.34597e-09 1.29308e-09 6.16069e-10 2.54521e-10 9.14239e-11 2.85474e-11 7.70525e-12 1.76884e-12 3.32183e-13 4.62332e-14 3.41828e-15 0 
0 6.63255e-17 5.00946e-16 2.02333e-15 6.13166e-15 1.54993e-14 3.42764e-14 6.81304e-14 1.24055e-13 2.10541e-13 3.39745e-13 5.34837e-13 8.4782e-13 1.39614e-12 2.43034e-12 4.44851e-12 8.37002e-12 1.57561e-11 2.89948e-11 5.12384e-11 8.57309e-11 1.34166e-10 1.94159e-10 2.56978e-10 3.07769e-10 3.30219e-10 3.14599e-10 2.6417e-10 1.94441e-10 1.25017e-10 7.01136e-11 3.43045e-11 1.46558e-11 5.46947e-12 1.77961e-12 5.0132e-13 1.20173e-13 2.35561e-14 3.41828e-15 2.63088e-16 0 
0 0 0 0 0 0 0 0 0 0 0 0 0 0 0 0 0 0 0 0 0 0 0 0 0 0 0 0 0 0 0 0 0 0 0 0 0 0 0 0 0 
