0 0 0 0 0 0 0 0 0 0 0 0 0 0 0 0 0 0 0 0 0 0 0 0 0 0 0 0 0 0 0 0 0 0 0 0 0 0 0 0 0 
0 1.10221e-15 1.05746e-14 5.39911e-14 2.05143e-13 6.42468e-13 1.73209e-12 4.1079e-12 8.67255e-12 1.64122e-11 2.79614e-11 4.30124e-11 5.9873e-11 7.55603e-11 8.66118e-11 9.03467e-11 8.59422e-11 7.4724e-11 5.95352e-11 4.35858e-11 2.94074e-11 1.83428e-11 1.06114e-11 5.7124e-12 2.87103e-12 1.35158e-12 5.9783e-13 2.4917e-13 9.81051e-14 3.65625e-14 1.29148e-14 4.32464e-15 1.37114e-15 4.10167e-16 1.14961e-16 2.98046e-17 6.98101e-18 1.41049e-18 2.21133e-19 1.91527e-20 0 
0 1.05746e-14 1.04925e-13 5.54256e-13 2.17821e-12 7.04956e-12 1.96115e-11 4.7899e-11 1.03887e-10 2.01397e-10 3.5039e-10 5.48559e-10 7.74391e-10 9.87537e-10 1.13973e-09 1.1928e-09 1.13457e-09 9.83293e-10 7.78657e-10 5.65143e-10 3.77192e-10 2.32319e-10 1.32529e-10 7.02846e-11 3.47825e-11 1.61216e-11 7.02311e-12 2.88498e-12 1.12071e-12 4.12652e-13 1.44236e-13 4.78784e-14 1.50751e-14 4.48636e-15 1.25297e-15 3.2413e-16 7.58304e-17 1.53127e-17 2.39983e-18 2.07735e-19 0 
0 5.39911e-14 5.54256e-13 3.03085e-12 1.23286e-11 4.12656e-11 1.18558e-10 2.98461e-10 6.65569e-10 1.32287e-09 2.35212e-09 3.75044e-09 5.37287e-09 6.92772e-09 8.05446e-09 8.46158e-09 8.05158e-09 6.95865e-09 5.47939e-09 3.94452e-09 2.60569e-09 1.58572e-09 8.92666e-10 4.66795e-10 2.277e-10 1.04038e-10 4.47023e-11 1.81286e-11 6.96131e-12 2.53769e-12 8.79729e-13 2.90161e-13 9.09449e-14 2.69879e-14 7.52654e-15 1.94635e-15 4.55491e-16 9.2027e-17 1.44267e-17 1.24836e-18 0 
0 2.05143e-13 2.17821e-12 1.23286e-11 5.19052e-11 1.79688e-10 5.33226e-10 1.38384e-09 3.17373e-09 6.46924e-09 1.17596e-08 1.91046e-08 2.7787e-08 3.62438e-08 4.24736e-08 4.48175e-08 4.26917e-08 3.68226e-08 2.88566e-08 2.06247e-08 1.34999e-08 8.12791e-09 4.52182e-09 2.33539e-09 1.12499e-09 5.07777e-10 2.15694e-10 8.65772e-11 3.29538e-11 1.19281e-11 4.11343e-12 1.35213e-12 4.23086e-13 1.25523e-13 3.50372e-14 9.07438e-15 2.12722e-15 4.30377e-16 6.75118e-17 5.83923e-18 0 
0 6.42468e-13 7.04956e-12 4.12656e-11 1.79688e-10 6.42962e-10 1.96968e-09 5.26751e-09 1.24205e-08 2.59603e-08 4.82428e-08 7.98646e-08 1.17966e-07 1.55718e-07 1.8404e-07 1.95198e-07 1.86308e-07 1.60546e-07 1.25375e-07 8.91e-08 5.78864e-08 3.45468e-08 1.90354e-08 9.7337e-09 4.64297e-09 2.07639e-09 8.74793e-10 3.48739e-10 1.32053e-10 4.76375e-11 1.64024e-11 5.3925e-12 1.69003e-12 5.02734e-13 1.40781e-13 3.65813e-14 8.59982e-15 1.74329e-15 2.73646e-16 2.3647e-17 0 
0 1.73209e-12 1.96115e-11 1.18558e-10 5.33226e-10 1.96968e-09 6.22207e-09 1.71303e-08 4.14967e-08 8.88842e-08 1.68803e-07 2.84725e-07 4.27148e-07 5.7083e-07 6.80826e-07 7.26455e-07 6.95527e-07 5.99637e-07 4.67418e-07 3.30941e-07 2.13889e-07 1.2686e-07 6.94321e-08 3.52653e-08 1.67161e-08 7.43556e-09 3.11987e-09 1.24065e-09 4.69448e-10 1.69535e-10 5.85353e-11 1.93242e-11 6.08731e-12 1.82089e-12 5.12691e-13 1.3386e-13 3.15838e-14 6.41594e-15 1.0074e-15 8.6906e-17 0 
0 4.1079e-12 4.7899e-11 2.98461e-10 1.38384e-09 5.26751e-09 1.71303e-08 4.84835e-08 1.20514e-07 2.64293e-07 5.12624e-07 8.80697e-07 1.34192e-06 1.81611e-06 2.18732e-06 2.35034e-06 2.26034e-06 1.95298e-06 1.52274e-06 1.07675e-06 6.94271e-07 4.10559e-07 2.24013e-07 1.13471e-07 5.36862e-08 2.38657e-08 1.00234e-08 3.99684e-09 1.51924e-09 5.52067e-10 1.92055e-10 6.39376e-11 2.03163e-11 6.12795e-12 1.73814e-12 4.56494e-13 1.0814e-13 2.20075e-14 3.45374e-15 2.97084e-16 0 
0 8.67255e-12 1.03887e-10 6.65569e-10 3.17373e-09 1.24205e-08 4.14967e-08 1.20514e-07 3.06898e-07 6.88248e-07 1.36217e-06 2.38244e-06 3.68656e-06 5.05423e-06 6.1515e-06 6.66418e-06 6.44792e-06 5.59475e-06 4.37427e-06 3.09837e-06 1.99994e-06 1.18381e-06 6.46779e-07 3.28332e-07 1.55881e-07 6.96482e-08 2.94547e-08 1.18487e-08 4.55128e-09 1.67351e-09 5.89557e-10 1.98773e-10 6.39247e-11 1.9489e-11 5.57679e-12 1.47415e-12 3.5055e-13 7.14147e-14 1.11878e-14 9.58073e-16 0 
0 1.64122e-11 2.01397e-10 1.32287e-09 6.46924e-09 2.59603e-08 8.88842e-08 2.64293e-07 6.88248e-07 1.57595e-06 3.17926e-06 5.65712e-06 8.88818e-06 1.2348e-05 1.51994e-05 1.66232e-05 1.62116e-05 1.41601e-05 1.11345e-05 7.92798e-06 5.14394e-06 3.062e-06 1.68396e-06 8.61676e-07 4.13086e-07 1.86741e-07 8.0065e-08 3.27126e-08 1.27803e-08 4.78317e-09 1.71499e-09 5.87946e-10 1.9193e-10 5.92529e-11 1.71194e-11 4.55444e-12 1.08637e-12 2.21262e-13 3.45439e-14 2.93945e-15 0 
0 2.79614e-11 3.5039e-10 2.35212e-09 1.17596e-08 4.82428e-08 1.68803e-07 5.12624e-07 1.36217e-06 3.17926e-06 6.52916e-06 1.18106e-05 1.88367e-05 2.65263e-05 3.30528e-05 3.65493e-05 3.60045e-05 3.17458e-05 2.51923e-05 1.81054e-05 1.18651e-05 7.14167e-06 3.97776e-06 2.06551e-06 1.0071e-06 4.64107e-07 2.0327e-07 8.49729e-08 3.39931e-08 1.30252e-08 4.77564e-09 1.67059e-09 5.54816e-10 1.73639e-10 5.06592e-11 1.35545e-11 3.23874e-12 6.5828e-13 1.02206e-13 8.62259e-15 0 
0 4.30124e-11 5.48559e-10 3.75044e-09 1.91046e-08 7.98646e-08 2.84725e-07 8.80697e-07 2.38244e-06 5.65712e-06 1.18106e-05 2.17003e-05 3.51242e-05 5.01573e-05 6.33316e-05 7.09299e-05 7.07528e-05 6.31766e-05 5.07971e-05 3.70252e-05 2.46434e-05 1.50939e-05 8.57478e-06 4.55335e-06 2.27651e-06 1.07839e-06 4.8644e-07 2.09641e-07 8.64524e-08 3.4101e-08 1.28382e-08 4.59505e-09 1.55475e-09 4.93407e-10 1.45263e-10 3.90338e-11 9.32463e-12 1.88699e-12 2.90639e-13 2.4248e-14 0 
0 5.9873e-11 7.74391e-10 5.37287e-09 2.7787e-08 1.17966e-07 4.27148e-07 1.34192e-06 3.68656e-06 8.88818e-06 1.88367e-05 3.51242e-05 5.7685e-05 8.35712e-05 0.00010706 0.000121687 0.000123259 0.000111869 9.15536e-05 6.80497e-05 4.6296e-05 2.9065e-05 1.69776e-05 9.29975e-06 4.81074e-06 2.36363e-06 1.10742e-06 4.95772e-07 2.1208e-07 8.65306e-08 3.35586e-08 1.23114e-08 4.24586e-09 1.36546e-09 4.05052e-10 1.09074e-10 2.5983e-11 5.22046e-12 7.95354e-13 6.54363e-14 0 
0 7.55603e-11 9.87537e-10 6.92772e-09 3.62438e-08 1.55718e-07 5.7083e-07 1.81611e-06 5.05423e-06 1.2348e-05 2.65263e-05 5.01573e-05 8.35712e-05 0.000122911 0.000159983 0.00018497 0.000190871 0.00017682 0.000148061 0.000112927 7.91017e-05 5.13236e-05 3.1105e-05 1.77446e-05 9.58995e-06 4.93276e-06 2.42084e-06 1.13386e-06 5.05944e-07 2.14349e-07 8.58231e-08 3.2294e-08 1.13453e-08 3.69144e-09 1.1007e-09 2.96171e-10 7.01283e-11 1.39432e-11 2.09446e-12 1.69411e-13 0 
0 8.66118e-11 1.13973e-09 8.05446e-09 4.24736e-08 1.8404e-07 6.80826e-07 2.18732e-06 6.1515e-06 1.51994e-05 3.30528e-05 6.33316e-05 0.00010706 0.000159983 0.000211946 0.000249934 0.000263714 0.000250553 0.000215934 0.000170198 0.000123758 8.37531e-05 5.31904e-05 3.19274e-05 1.82092e-05 9.89709e-06 5.12874e-06 2.52925e-06 1.1826e-06 5.2166e-07 2.15856e-07 8.3271e-08 2.97496e-08 9.76734e-09 2.9178e-09 7.81603e-10 1.83257e-10 3.59203e-11 5.30112e-12 4.20179e-13 0 
0 9.03467e-11 1.1928e-09 8.46158e-09 4.48175e-08 1.95198e-07 7.26455e-07 2.35034e-06 6.66418e-06 1.66232e-05 3.65493e-05 7.09299e-05 0.000121687 0.00018497 0.000249934 0.000301547 0.000326716 0.000320087 0.000285825 0.000234666 0.000178752 0.000127447 8.57196e-05 5.47163e-05 3.32646e-05 1.9275e-05 1.06237e-05 5.54611e-06 2.72663e-06 1.25423e-06 5.3624e-07 2.11722e-07 7.66992e-08 2.53145e-08 7.54389e-09 2.00278e-09 4.62914e-10 8.90783e-11 1.28664e-11 9.95997e-13 0 
0 8.59422e-11 1.13457e-09 8.05158e-09 4.26917e-08 1.86308e-07 6.95527e-07 2.26034e-06 6.44792e-06 1.62116e-05 3.60045e-05 7.07528e-05 0.000123259 0.000190871 0.000263714 0.000326716 0.000365254 0.000371266 0.000346069 0.000298554 0.00024059 0.00018265 0.000131528 9.02271e-05 5.9034e-05 3.67652e-05 2.16896e-05 1.20388e-05 6.2377e-06 2.99312e-06 1.32031e-06 5.31926e-07 1.94579e-07 6.42404e-08 1.89968e-08 4.97196e-09 1.12723e-09 2.1198e-10 2.98471e-11 2.24883e-12 0 
0 7.4724e-11 9.83293e-10 6.95865e-09 3.68226e-08 1.60546e-07 5.99637e-07 1.95298e-06 5.59475e-06 1.41601e-05 3.17458e-05 6.31766e-05 0.000111869 0.00017682 0.000250553 0.000320087 0.000371266 0.000394217 0.000386728 0.000353874 0.000304812 0.000249067 0.000194085 0.00014452 0.000102662 6.92169e-05 4.39455e-05 2.60231e-05 1.4229e-05 7.11645e-06 3.2297e-06 1.3218e-06 4.85502e-07 1.59343e-07 4.64618e-08 1.19158e-08 2.6353e-09 4.81992e-10 6.5888e-11 4.81585e-12 0 
0 5.95352e-11 7.78657e-10 5.47939e-09 2.88566e-08 1.25375e-07 4.67418e-07 1.52274e-06 4.37427e-06 1.11345e-05 2.51923e-05 5.07971e-05 9.15536e-05 0.000148061 0.000215934 0.000285825 0.000346069 0.000386728 0.000402755 0.000394702 0.000367149 0.000326256 0.000277851 0.000226611 0.00017615 0.000129401 8.88349e-05 5.6276e-05 3.24854e-05 1.69e-05 7.85718e-06 3.24687e-06 1.18894e-06 3.84989e-07 1.09878e-07 2.74282e-08 5.88284e-09 1.04134e-09 1.37658e-10 9.73062e-12 0 
0 4.35858e-11 5.65143e-10 3.94452e-09 2.06247e-08 8.91e-08 3.30941e-07 1.07675e-06 3.09837e-06 7.92798e-06 1.81054e-05 3.70252e-05 6.80497e-05 0.000112927 0.000170198 0.000234666 0.000298554 0.000353874 0.000394702 0.000418194 0.000424133 0.000413699 0.000388388 0.000349674 0.000299485 0.000241098 0.000179738 0.000122077 7.4369e-05 4.01151e-05 1.89949e-05 7.86402e-06 2.84563e-06 9.01062e-07 2.49652e-07 6.02214e-08 1.24516e-08 2.12306e-09 2.70418e-10 1.84371e-11 0 
0 2.94074e-11 3.77192e-10 2.60569e-09 1.34999e-08 5.78864e-08 2.13889e-07 6.94271e-07 1.99994e-06 5.14394e-06 1.18651e-05 2.46434e-05 4.6296e-05 7.91017e-05 0.000123758 0.000178752 0.00024059 0.000304812 0.000367149 0.000424133 0.000472865 0.000510166 0.000531719 0.000531896 0.000504931 0.000447784 0.000363967 0.000265648 0.000170752 9.51714e-05 4.55769e-05 1.87183e-05 6.61885e-06 2.02751e-06 5.40274e-07 1.24996e-07 2.47705e-08 4.05077e-09 4.95635e-10 3.25296e-11 0 
0 1.83428e-11 2.32319e-10 1.58572e-09 8.12791e-09 3.45468e-08 1.2686e-07 4.10559e-07 1.18381e-06 3.062e-06 7.14167e-06 1.50939e-05 2.9065e-05 5.13236e-05 8.37531e-05 0.000127447 0.00018265 0.000249067 0.000326256 0.000413699 0.000510166 0.000612235 0.000712104 0.0007954 0.000840906 0.000825448 0.000735555 0.000580662 0.000396164 0.000228553 0.00011002 4.41843e-05 1.49834e-05 4.36213e-06 1.10314e-06 2.42638e-07 4.58288e-08 7.16284e-09 8.40152e-10 5.30253e-11 0 
0 1.06114e-11 1.32529e-10 8.92666e-10 4.52182e-09 1.90354e-08 6.94321e-08 2.24013e-07 6.46779e-07 1.68396e-06 3.97776e-06 8.57478e-06 1.69776e-05 3.1105e-05 5.31904e-05 8.57196e-05 0.000131528 0.000194085 0.000277851 0.000388388 0.000531719 0.000712104 0.000927153 0.00115984 0.00137089 0.00150121 0.00149087 0.00130725 0.000975562 0.000594914 0.000288092 0.000110511 3.44773e-05 9.12792e-06 2.12133e-06 4.36068e-07 7.79322e-08 1.16094e-08 1.3043e-09 7.91776e-11 0 
0 5.7124e-12 7.02846e-11 4.66795e-10 2.33539e-09 9.7337e-09 3.52653e-08 1.13471e-07 3.28332e-07 8.61676e-07 2.06551e-06 4.55335e-06 9.29975e-06 1.77446e-05 3.19274e-05 5.47163e-05 9.02271e-05 0.00014452 0.000226611 0.000349674 0.000531896 0.0007954 0.00115984 0.00162757 0.00216726 0.00271223 0.00314969 0.00326295 0.00280884 0.00186948 0.000919653 0.000331493 9.03963e-05 2.0064e-05 3.95842e-06 7.25328e-07 1.20512e-07 1.70457e-08 1.8352e-09 1.07334e-10 0 
0 2.87103e-12 3.47825e-11 2.277e-10 1.12499e-09 4.64297e-09 1.67161e-08 5.36862e-08 1.55881e-07 4.13086e-07 1.0071e-06 2.27651e-06 4.81074e-06 9.58995e-06 1.82092e-05 3.32646e-05 5.9034e-05 0.000102662 0.00017615 0.000299485 0.000504931 0.000840906 0.00137089 0.00216726 0.00333024 0.00503961 0.00734147 0.00935028 0.00927315 0.00663823 0.00331217 0.00114163 0.000276668 5.01389e-05 7.68654e-06 1.14318e-06 1.68706e-07 2.24211e-08 2.31551e-09 1.30905e-10 0 
0 1.35158e-12 1.61216e-11 1.04038e-10 5.07777e-10 2.07639e-09 7.43556e-09 2.38657e-08 6.96482e-08 1.86741e-07 4.64107e-07 1.07839e-06 2.36363e-06 4.93276e-06 9.89709e-06 1.9275e-05 3.67652e-05 6.92169e-05 0.000129401 0.000241098 0.000447784 0.000825448 0.00150121 0.00271223 0.00503961 0.00978386 0.018027 0.02677 0.0286482 0.0210913 0.0105228 0.00354187 0.000807639 0.000128589 1.56815e-05 1.7659e-06 2.14843e-07 2.61848e-08 2.59342e-09 1.42388e-10 0 
0 5.9783e-13 7.02311e-12 4.47023e-11 2.15694e-10 8.74793e-10 3.11987e-09 1.00234e-08 2.94547e-08 8.0065e-08 2.0327e-07 4.8644e-07 1.10742e-06 2.42084e-06 5.12874e-06 1.06237e-05 2.16896e-05 4.39455e-05 8.88349e-05 0.000179738 0.000363967 0.000735555 0.00149087 0.00314969 0.00734147 0.018027 0.0387631 0.0617954 0.067885 0.0502554 0.0249265 0.00827283 0.00183593 0.000275296 2.93804e-05 2.60749e-06 2.49216e-07 2.69517e-08 2.55518e-09 1.37051e-10 0 
0 2.4917e-13 2.88498e-12 1.81286e-11 8.65772e-11 3.48739e-10 1.24065e-09 3.99684e-09 1.18487e-08 3.27126e-08 8.49729e-08 2.09641e-07 4.95772e-07 1.13386e-06 2.52925e-06 5.54611e-06 1.20388e-05 2.60231e-05 5.6276e-05 0.000122077 0.000265648 0.000580662 0.00130725 0.00326295 0.00935028 0.02677 0.0617954 0.10097 0.111769 0.0828201 0.0409319 0.0134799 0.00295309 0.000431296 4.31915e-05 3.31272e-06 2.55848e-07 2.41925e-08 2.19692e-09 1.15968e-10 0 
0 9.81051e-14 1.12071e-12 6.96131e-12 3.29538e-11 1.32053e-10 4.69448e-10 1.51924e-09 4.55128e-09 1.27803e-08 3.39931e-08 8.64524e-08 2.1208e-07 5.05944e-07 1.1826e-06 2.72663e-06 6.2377e-06 1.4229e-05 3.24854e-05 7.4369e-05 0.000170752 0.000396164 0.000975562 0.00280884 0.00927315 0.0286482 0.067885 0.111769 0.123998 0.0919013 0.0453592 0.0148858 0.00324042 0.000467615 4.55164e-05 3.24547e-06 2.18824e-07 1.8601e-08 1.63662e-09 8.58421e-11 0 
0 3.65625e-14 4.12652e-13 2.53769e-12 1.19281e-11 4.76375e-11 1.69535e-10 5.52067e-10 1.67351e-09 4.78317e-09 1.30252e-08 3.4101e-08 8.65306e-08 2.14349e-07 5.2166e-07 1.25423e-06 2.99312e-06 7.11645e-06 1.69e-05 4.01151e-05 9.51714e-05 0.000228553 0.000594914 0.00186948 0.00663823 0.0210913 0.0502554 0.0828201 0.0919013 0.0681132 0.0336079 0.0110148 0.00239051 0.000343214 3.30587e-05 2.2962e-06 1.47048e-07 1.20048e-08 1.05059e-09 5.54158e-11 0 
0 1.29148e-14 1.44236e-13 8.79729e-13 4.11343e-12 1.64024e-11 5.85353e-11 1.92055e-10 5.89557e-10 1.71499e-09 4.77564e-09 1.28382e-08 3.35586e-08 8.58231e-08 2.15856e-07 5.3624e-07 1.32031e-06 3.2297e-06 7.85718e-06 1.89949e-05 4.55769e-05 0.00011002 0.000288092 0.000919653 0.00331217 0.0105228 0.0249265 0.0409319 0.0453592 0.0336079 0.0165826 0.00543197 0.00117757 0.000168981 1.63055e-05 1.14358e-06 7.55338e-08 6.4403e-09 5.8002e-10 3.11637e-11 0 
0 4.32464e-15 4.78784e-14 2.90161e-13 1.35213e-12 5.3925e-12 1.93242e-11 6.39376e-11 1.98773e-10 5.87946e-10 1.67059e-09 4.59505e-09 1.23114e-08 3.2294e-08 8.3271e-08 2.11722e-07 5.31926e-07 1.3218e-06 3.24687e-06 7.86402e-06 1.87183e-05 4.41843e-05 0.000110511 0.000331493 0.00114163 0.00354187 0.00827283 0.0134799 0.0148858 0.0110148 0.00543197 0.00177883 0.000385957 5.56471e-05 5.45765e-06 4.0335e-07 3.00903e-08 2.89719e-09 2.76107e-10 1.52747e-11 0 
0 1.37114e-15 1.50751e-14 9.09449e-14 4.23086e-13 1.69003e-12 6.08731e-12 2.03163e-11 6.39247e-11 1.9193e-10 5.54816e-10 1.55475e-09 4.24586e-09 1.13453e-08 2.97496e-08 7.66992e-08 1.94579e-07 4.85502e-07 1.18894e-06 2.84563e-06 6.61885e-06 1.49834e-05 3.44773e-05 9.03963e-05 0.000276668 0.000807639 0.00183593 0.00295309 0.00324042 0.00239051 0.00117757 0.000385957 8.41427e-05 1.23104e-05 1.26121e-06 1.05432e-07 9.82262e-09 1.11657e-09 1.13895e-10 6.5336e-12 0 
0 4.10167e-16 4.48636e-15 2.69879e-14 1.25523e-13 5.02734e-13 1.82089e-12 6.12795e-12 1.9489e-11 5.92529e-11 1.73639e-10 4.93407e-10 1.36546e-09 3.69144e-09 9.76734e-09 2.53145e-08 6.42404e-08 1.59343e-07 3.84989e-07 9.01062e-07 2.02751e-06 4.36213e-06 9.12792e-06 2.0064e-05 5.01389e-05 0.000128589 0.000275296 0.000431296 0.000467615 0.000343214 0.000168981 5.56471e-05 1.23104e-05 1.87347e-06 2.13474e-07 2.26522e-08 2.82209e-09 3.75567e-10 4.08698e-11 2.44038e-12 0 
0 1.14961e-16 1.25297e-15 7.52654e-15 3.50372e-14 1.40781e-13 5.12691e-13 1.73814e-12 5.57679e-12 1.71194e-11 5.06592e-11 1.45263e-10 4.05052e-10 1.1007e-09 2.9178e-09 7.54389e-09 1.89968e-08 4.64618e-08 1.09878e-07 2.49652e-07 5.40274e-07 1.10314e-06 2.12133e-06 3.95842e-06 7.68654e-06 1.56815e-05 2.93804e-05 4.31915e-05 4.55164e-05 3.30587e-05 1.63055e-05 5.45765e-06 1.26121e-06 2.13474e-07 3.06752e-08 4.59303e-09 7.42175e-10 1.10771e-10 1.27576e-11 7.94517e-13 0 
0 2.98046e-17 3.2413e-16 1.94635e-15 9.07438e-15 3.65813e-14 1.3386e-13 4.56494e-13 1.47415e-12 4.55444e-12 1.35545e-11 3.90338e-11 1.09074e-10 2.96171e-10 7.81603e-10 2.00278e-09 4.97196e-09 1.19158e-08 2.74282e-08 6.02214e-08 1.24996e-07 2.42638e-07 4.36068e-07 7.25328e-07 1.14318e-06 1.7659e-06 2.60749e-06 3.31272e-06 3.24547e-06 2.2962e-06 1.14358e-06 4.0335e-07 1.05432e-07 2.26522e-08 4.59303e-09 9.30295e-10 1.7637e-10 2.8413e-11 3.44348e-12 2.23911e-13 0 
0 6.98101e-18 7.58304e-17 4.55491e-16 2.12722e-15 8.59982e-15 3.15838e-14 1.0814e-13 3.5055e-13 1.08637e-12 3.23874e-12 9.32463e-12 2.5983e-11 7.01283e-11 1.83257e-10 4.62914e-10 1.12723e-09 2.6353e-09 5.88284e-09 1.24516e-08 2.47705e-08 4.58288e-08 7.79322e-08 1.20512e-07 1.68706e-07 2.14843e-07 2.49216e-07 2.55848e-07 2.18824e-07 1.47048e-07 7.55338e-08 3.00903e-08 9.82262e-09 2.82209e-09 7.42175e-10 1.7637e-10 3.64417e-11 6.21703e-12 7.90547e-13 5.36879e-14 0 
0 1.41049e-18 1.53127e-17 9.2027e-17 4.30377e-16 1.74329e-15 6.41594e-15 2.20075e-14 7.14147e-14 2.21262e-13 6.5828e-13 1.88699e-12 5.22046e-12 1.39432e-11 3.59203e-11 8.90783e-11 2.1198e-10 4.81992e-10 1.04134e-09 2.12306e-09 4.05077e-09 7.16284e-09 1.16094e-08 1.70457e-08 2.24211e-08 2.61848e-08 2.69517e-08 2.41925e-08 1.8601e-08 1.20048e-08 6.4403e-09 2.89719e-09 1.11657e-09 3.75567e-10 1.10771e-10 2.8413e-11 6.21703e-12 1.11491e-12 1.48461e-13 1.05251e-14 0 
0 2.21133e-19 2.39983e-18 1.44267e-17 6.75118e-17 2.73646e-16 1.0074e-15 3.45374e-15 1.11878e-14 3.45439e-14 1.02206e-13 2.90639e-13 7.95354e-13 2.09446e-12 5.30112e-12 1.28664e-11 2.98471e-11 6.5888e-11 1.37658e-10 2.70418e-10 4.95635e-10 8.40152e-10 1.3043e-09 1.8352e-09 2.31551e-09 2.59342e-09 2.55518e-09 2.19692e-09 1.63662e-09 1.05059e-09 5.8002e-10 2.76107e-10 1.13895e-10 4.08698e-11 1.27576e-11 3.44348e-12 7.90547e-13 1.48461e-13 2.0661e-14 1.52735e-15 0 
0 1.91527e-20 2.07735e-19 1.24836e-18 5.83923e-18 2.3647e-17 8.6906e-17 2.97084e-16 9.58073e-16 2.93945e-15 8.62259e-15 2.4248e-14 6.54363e-14 1.69411e-13 4.20179e-13 9.95997e-13 2.24883e-12 4.81585e-12 9.73062e-12 1.84371e-11 3.25296e-11 5.30253e-11 7.91776e-11 1.07334e-10 1.30905e-10 1.42388e-10 1.37051e-10 1.15968e-10 8.58421e-11 5.54158e-11 3.11637e-11 1.52747e-11 6.5336e-12 2.44038e-12 7.94517e-13 2.23911e-13 5.36879e-14 1.05251e-14 1.52735e-15 1.17545e-16 0 
0 0 0 0 0 0 0 0 0 0 0 0 0 0 0 0 0 0 0 0 0 0 0 0 0 0 0 0 0 0 0 0 0 0 0 0 0 0 0 0 0 
