0 0 0 0 0 0 0 0 0 0 0 0 0 0 0 0 0 0 0 0 0 0 0 0 0 0 0 0 0 0 0 0 0 0 0 0 0 0 0 0 0 
0 1.4016e-07 1.27449e-06 5.8434e-06 1.8731e-05 4.64737e-05 9.40077e-05 0.000161009 0.000241151 0.000324737 0.000402175 0.000466122 0.000511984 0.000537535 0.000542318 0.000527172 0.000493971 0.000445519 0.000385531 0.000318569 0.000249821 0.000184583 0.000127495 8.16814e-05 4.81949e-05 2.60407e-05 1.28359e-05 5.76153e-06 2.35478e-06 8.77264e-07 2.98368e-07 9.27641e-08 2.63724e-08 6.84497e-09 1.61416e-09 3.42243e-10 6.3887e-11 1.00526e-11 1.20285e-12 7.81593e-14 0 
0 1.27449e-06 1.19914e-05 5.56298e-05 0.000174498 0.000408152 0.000754666 0.00116226 0.00156494 0.00191722 0.00220001 0.00241005 0.00254996 0.00262355 0.0026346 0.00258686 0.00248406 0.0023298 0.00212758 0.00188149 0.00159818 0.00128961 0.000975389 0.000681464 0.000433749 0.000248757 0.000127696 5.8569e-05 2.40554e-05 8.88817e-06 2.96995e-06 9.01541e-07 2.49311e-07 6.28218e-08 1.43729e-08 2.95717e-09 5.36093e-10 8.20157e-11 9.55478e-12 6.05388e-13 0 
0 5.8434e-06 5.56298e-05 0.000250426 0.000720515 0.00147115 0.00232775 0.0031128 0.00376664 0.00430056 0.00473174 0.00506442 0.00529485 0.00541871 0.00543559 0.00535049 0.00517343 0.00491776 0.0045975 0.00422375 0.00380109 0.00332606 0.00279182 0.00220257 0.0015923 0.00102816 0.000581525 0.000285536 0.000121944 4.57168e-05 1.52243e-05 4.55179e-06 1.23106e-06 3.02231e-07 6.7255e-08 1.3454e-08 2.37258e-09 3.53444e-10 4.0147e-11 2.48376e-12 0 
0 1.8731e-05 0.000174498 0.000720515 0.00177846 0.00304653 0.00419568 0.00518775 0.00608399 0.00690037 0.00761264 0.00818633 0.00859255 0.00881383 0.00884564 0.00869602 0.00838398 0.00793709 0.00738842 0.00677294 0.00612277 0.00546024 0.00478861 0.004085 0.00331122 0.00245886 0.00160424 0.000889882 0.000414401 0.000163241 5.54305e-05 1.65553e-05 4.41743e-06 1.06263e-06 2.30917e-07 4.50513e-08 7.74771e-09 1.12632e-09 1.24984e-10 7.56384e-12 0 
0 4.64737e-05 0.000408152 0.00147115 0.00304653 0.00457275 0.00596036 0.0073206 0.00866092 0.00992025 0.0110267 0.0119183 0.0125494 0.0128936 0.0129442 0.0127138 0.0122312 0.0115383 0.0106856 0.00972781 0.00871958 0.00771107 0.00674179 0.00582882 0.00494803 0.00402712 0.00300033 0.00192915 0.00102219 0.000440513 0.00015709 4.77614e-05 1.27199e-05 3.02033e-06 6.44206e-07 1.23047e-07 2.07009e-08 2.94461e-09 3.19974e-10 1.89832e-11 0 
0 9.40077e-05 0.000754666 0.00232775 0.00419568 0.00596036 0.00776785 0.00965614 0.0115388 0.0133062 0.0148562 0.0161037 0.0169861 0.0174673 0.0175385 0.017217 0.0165429 0.0155741 0.0143803 0.0130366 0.011618 0.0101943 0.00882646 0.00756171 0.00642202 0.00537706 0.00432131 0.00314325 0.00191886 0.000933083 0.000360089 0.000113856 3.06744e-05 7.25075e-06 1.52667e-06 2.86717e-07 4.73526e-08 6.61042e-09 7.0527e-10 4.11157e-11 0 
0 0.000161009 0.00116226 0.0031128 0.00518775 0.0073206 0.00965614 0.0121208 0.0145746 0.0168749 0.0188903 0.0205114 0.0216577 0.0222824 0.0223743 0.0219563 0.0210801 0.0198206 0.0182679 0.0165188 0.0146696 0.0128097 0.0110168 0.00935422 0.00786711 0.00656959 0.00540692 0.00422632 0.00290254 0.00160467 0.000684618 0.000229593 6.34266e-05 1.5055e-05 3.14769e-06 5.83817e-07 9.49964e-08 1.30555e-08 1.37139e-09 7.87587e-11 0 
0 0.000241151 0.00156494 0.00376664 0.00608399 0.00866092 0.0115388 0.0145746 0.0175938 0.0204219 0.0228987 0.02489 0.0262972 0.0270634 0.0271751 0.0266601 0.0255824 0.0240338 0.0221245 0.019973 0.0176971 0.0154057 0.013193 0.0111352 0.00928885 0.00768812 0.00632369 0.00508808 0.00377408 0.00233326 0.00110712 0.000399047 0.000114319 2.74605e-05 5.73231e-06 1.05441e-06 1.69629e-07 2.30212e-08 2.38751e-09 1.35415e-10 0 
0 0.000324737 0.00191722 0.00430056 0.00690037 0.00992025 0.0133062 0.0168749 0.0204219 0.0237432 0.0266509 0.0289876 0.0306384 0.0315365 0.0316655 0.031058 0.02979 0.0279699 0.0257267 0.023199 0.0205245 0.0178304 0.0152265 0.0128011 0.0106192 0.00872332 0.00712612 0.00576912 0.00445887 0.00299492 0.00156596 0.000608977 0.000182148 4.45334e-05 9.32276e-06 1.70689e-06 2.72366e-07 3.66094e-08 3.75862e-09 2.11065e-10 0 
0 0.000402175 0.00220001 0.00473174 0.00761264 0.0110267 0.0148562 0.0188903 0.0228987 0.0266509 0.0299346 0.0325733 0.0344377 0.0354514 0.0355943 0.0349033 0.0334656 0.0314055 0.0288693 0.0260125 0.0229898 0.0199443 0.0169995 0.0142542 0.0117808 0.00962639 0.00781243 0.00631036 0.00496763 0.00352333 0.00199272 0.000831566 0.00025999 6.48824e-05 1.36621e-05 2.49699e-06 3.96305e-07 5.28985e-08 5.39019e-09 3.00401e-10 0 
0 0.000466122 0.00241005 0.00506442 0.00818633 0.0119183 0.0161037 0.0205114 0.02489 0.0289876 0.0325733 0.0354545 0.0374868 0.0385863 0.0387371 0.0379816 0.0364097 0.0341556 0.0313819 0.0282603 0.0249584 0.0216316 0.0184142 0.0154135 0.0127076 0.0103471 0.0083567 0.00672293 0.00532837 0.00390466 0.0023386 0.00103452 0.000336641 8.57246e-05 1.81807e-05 3.32368e-06 5.25897e-07 6.98757e-08 7.0834e-09 3.92684e-10 0 
0 0.000511984 0.00254996 0.00529485 0.00859255 0.0125494 0.0169861 0.0216577 0.0262972 0.0306384 0.0344377 0.0374868 0.039624 0.040767 0.0409177 0.0401251 0.0384703 0.0360836 0.0331411 0.029831 0.0263321 0.0228076 0.019399 0.0162195 0.0133513 0.0108469 0.00873267 0.00700182 0.00555965 0.00414861 0.00257998 0.00119091 0.00039991 0.000103584 2.21213e-05 4.04997e-06 6.40033e-07 8.48328e-08 8.57421e-09 4.73863e-10 0 
0 0.000537535 0.00262355 0.00541871 0.00881383 0.0128936 0.0174673 0.0222824 0.0270634 0.0315365 0.0354514 0.0385863 0.040767 0.0419197 0.0420648 0.0412564 0.0395649 0.0371106 0.0340754 0.0306614 0.0270553 0.0234242 0.0199132 0.0166383 0.0136837 0.0111032 0.00892326 0.00714 0.00567064 0.00426906 0.00271105 0.00128399 0.000440005 0.000115324 2.47651e-05 4.54319e-06 7.18188e-07 9.51432e-08 9.60821e-09 5.3052e-10 0 
0 0.000542318 0.0026346 0.00543559 0.00884564 0.0129442 0.0175385 0.0223743 0.0271751 0.0316655 0.0355943 0.0387371 0.0409177 0.0420648 0.042203 0.0413878 0.0396876 0.0372203 0.0341689 0.0307382 0.0271164 0.0234711 0.0199474 0.0166616 0.0136979 0.0111096 0.00892314 0.00713519 0.00566667 0.00427725 0.00273494 0.00130739 0.000451732 0.000119072 2.56611e-05 4.71844e-06 7.47149e-07 9.91191e-08 1.0023e-08 5.54168e-10 0 
0 0.000527172 0.00258686 0.00535049 0.00869602 0.0127138 0.017217 0.0219563 0.0266601 0.031058 0.0349033 0.0379816 0.0401251 0.0412564 0.0413878 0.0405722 0.0388859 0.036455 0.0334598 0.0300959 0.0265458 0.0229739 0.0195228 0.0163062 0.0134062 0.010875 0.0087383 0.00699158 0.00555269 0.0041809 0.00265861 0.00126357 0.000435227 0.000114706 2.47645e-05 4.56628e-06 7.25434e-07 9.65823e-08 9.80332e-09 5.44166e-10 0 
0 0.000493971 0.00248406 0.00517343 0.00838398 0.0122312 0.0165429 0.0210801 0.0255824 0.02979 0.0334656 0.0364097 0.0384703 0.0395649 0.0396876 0.0388859 0.0372473 0.0349062 0.0320339 0.0288108 0.0254096 0.021989 0.018686 0.0156093 0.0128376 0.010421 0.00838389 0.00671868 0.00533379 0.00398508 0.00249167 0.00116235 0.000395516 0.000103798 2.24361e-05 4.15397e-06 6.63634e-07 8.8921e-08 9.08787e-09 5.08089e-10 0 
0 0.000445519 0.0023298 0.00491776 0.00793709 0.0115383 0.0155741 0.0198206 0.0240338 0.0279699 0.0314055 0.0341556 0.0360836 0.0371106 0.0372203 0.036455 0.0349062 0.0327063 0.0300126 0.0269903 0.0238018 0.0205966 0.0175034 0.0146244 0.0120336 0.00977815 0.0078808 0.00632825 0.00501369 0.00369368 0.0022481 0.0010201 0.000341281 8.91184e-05 1.93194e-05 3.60269e-06 5.80954e-07 7.86593e-08 8.12829e-09 4.59624e-10 0 
0 0.000385531 0.00212758 0.0045975 0.00738842 0.0106856 0.0143803 0.0182679 0.0221245 0.0257267 0.0288693 0.0313819 0.0331411 0.0340754 0.0341689 0.0334598 0.0320339 0.0300126 0.0275382 0.0247621 0.0218341 0.018892 0.0160541 0.0134147 0.0110423 0.00898121 0.00725132 0.00582995 0.00459295 0.00331304 0.00194981 0.000858735 0.000283109 7.39067e-05 1.616e-05 3.05323e-06 4.99866e-07 6.87712e-08 7.22239e-09 4.14973e-10 0 
0 0.000318569 0.00188149 0.00422375 0.00677294 0.00972781 0.0130366 0.0165188 0.019973 0.023199 0.0260125 0.0282603 0.029831 0.0306614 0.0307382 0.0300959 0.0288108 0.0269903 0.0247621 0.0222625 0.0196263 0.0169773 0.0144225 0.0120471 0.00991423 0.00806467 0.00651396 0.00522706 0.00407028 0.00285911 0.00162972 0.000703418 0.000231541 6.11977e-05 1.36442e-05 2.63533e-06 4.41193e-07 6.20203e-08 6.64631e-09 3.89031e-10 0 
0 0.000249821 0.00159818 0.00380109 0.00612277 0.00871958 0.011618 0.0146696 0.0176971 0.0205245 0.0229898 0.0249584 0.0263321 0.0270553 0.0271164 0.0265458 0.0254096 0.0238018 0.0218341 0.0196263 0.0172964 0.0149534 0.0126917 0.0105873 0.00869713 0.00705809 0.00567917 0.00451648 0.00345175 0.00236663 0.00133036 0.00057867 0.000195433 5.34006e-05 1.23086e-05 2.44988e-06 4.20924e-07 6.04804e-08 6.59997e-09 3.92071e-10 0 
0 0.000184583 0.00128961 0.00332606 0.00546024 0.00771107 0.0101943 0.0128097 0.0154057 0.0178304 0.0199443 0.0216316 0.0228076 0.0234242 0.0234711 0.0229739 0.021989 0.0205966 0.018892 0.0169773 0.0149534 0.0129135 0.0109386 0.00909504 0.00743295 0.00598387 0.00475235 0.00370482 0.00277194 0.00189153 0.00109336 0.000502823 0.000180876 5.21737e-05 1.25189e-05 2.56184e-06 4.48347e-07 6.51822e-08 7.16256e-09 4.2694e-10 0 
0 0.000127495 0.000975389 0.00279182 0.00478861 0.00674179 0.00882646 0.0110168 0.013193 0.0152265 0.0169995 0.0184142 0.019399 0.0199132 0.0199474 0.0195228 0.018686 0.0175034 0.0160541 0.0144225 0.0126917 0.0109386 0.00923039 0.0076225 0.00615834 0.00486925 0.00377412 0.00287245 0.00213291 0.00150106 0.000939527 0.000480533 0.000189991 5.83086e-05 1.44412e-05 2.99005e-06 5.23555e-07 7.57048e-08 8.24836e-09 4.8672e-10 0 
0 8.16814e-05 0.000681464 0.00220257 0.004085 0.00582882 0.00756171 0.00935422 0.0111352 0.0128011 0.0142542 0.0154135 0.0162195 0.0166383 0.0166616 0.0163062 0.0156093 0.0146244 0.0134147 0.0120471 0.0105873 0.00909504 0.0076225 0.00621518 0.00492318 0.00382122 0.00298378 0.00238236 0.00187422 0.00136916 0.000899087 0.000504328 0.000219707 7.13035e-05 1.79185e-05 3.67898e-06 6.32894e-07 8.96627e-08 9.57052e-09 5.53759e-10 0 
0 4.81949e-05 0.000433749 0.0015923 0.00331122 0.00494803 0.00642202 0.00786711 0.00928885 0.0106192 0.0117808 0.0127076 0.0133513 0.0136837 0.0136979 0.0134062 0.0128376 0.0120336 0.0110423 0.00991423 0.00869713 0.00743295 0.00615834 0.00492318 0.00385619 0.00321707 0.00318749 0.00344945 0.00327971 0.00240857 0.0013592 0.000649135 0.000272984 8.97635e-05 2.23411e-05 4.46423e-06 7.44836e-07 1.02511e-07 1.06584e-08 6.0237e-10 0 
0 2.60407e-05 0.000248757 0.00102816 0.00245886 0.00402712 0.00537706 0.00656959 0.00768812 0.00872332 0.00962639 0.0103471 0.0108469 0.0111032 0.0111096 0.010875 0.010421 0.00977815 0.00898121 0.00806467 0.00705809 0.00598387 0.00486925 0.00382122 0.00321707 0.0037856 0.00596843 0.00861153 0.00917849 0.00678034 0.00345119 0.00127307 0.000400362 0.00011512 2.6839e-05 5.08605e-06 8.14217e-07 1.08525e-07 1.09889e-08 6.07133e-10 0 
0 1.28359e-05 0.000127696 0.000581525 0.00160424 0.00300033 0.00432131 0.00540692 0.00632369 0.00712612 0.00781243 0.0083567 0.00873267 0.00892326 0.00892314 0.0087383 0.00838389 0.0078808 0.00725132 0.00651396 0.00567917 0.00475235 0.00377412 0.00298378 0.00318749 0.00596843 0.012387 0.0200363 0.0226492 0.0160321 0.00796406 0.00269596 0.000675278 0.000151361 3.04831e-05 5.27631e-06 8.00467e-07 1.03328e-07 1.02282e-08 5.5485e-10 0 
0 5.76153e-06 5.8569e-05 0.000285536 0.000889882 0.00192915 0.00314325 0.00422632 0.00508808 0.00576912 0.00631036 0.00672293 0.00700182 0.00714 0.00713519 0.00699158 0.00671868 0.00632825 0.00582995 0.00522706 0.00451648 0.00370482 0.00287245 0.00238236 0.00344945 0.00861153 0.0200363 0.0320665 0.0341939 0.0270529 0.0130654 0.00432141 0.000995851 0.000185933 3.15165e-05 4.85167e-06 6.91221e-07 8.66877e-08 8.44635e-09 4.52974e-10 0 
0 2.35478e-06 2.40554e-05 0.000121944 0.000414401 0.00102219 0.00191886 0.00290254 0.00377408 0.00445887 0.00496763 0.00532837 0.00555965 0.00567064 0.00566667 0.00555269 0.00533379 0.00501369 0.00459295 0.00407028 0.00345175 0.00277194 0.00213291 0.00187422 0.00327971 0.00917849 0.0226492 0.0341939 0.0356997 0.0303093 0.0146164 0.00475938 0.00107019 0.000183946 2.75078e-05 3.81151e-06 5.13583e-07 6.3163e-08 6.11599e-09 3.27052e-10 0 
0 8.77264e-07 8.88817e-06 4.57168e-05 0.000163241 0.000440513 0.000933083 0.00160467 0.00233326 0.00299492 0.00352333 0.00390466 0.00414861 0.00426906 0.00427725 0.0041809 0.00398508 0.00369368 0.00331304 0.00285911 0.00236663 0.00189153 0.00150106 0.00136916 0.00240857 0.00678034 0.0160321 0.0270529 0.0303093 0.0218732 0.0107108 0.00352598 0.000792049 0.000133428 1.8789e-05 2.45647e-06 3.22524e-07 3.959e-08 3.85538e-09 2.07526e-10 0 
0 2.98368e-07 2.96995e-06 1.52243e-05 5.54305e-05 0.00015709 0.000360089 0.000684618 0.00110712 0.00156596 0.00199272 0.0023386 0.00257998 0.00271105 0.00273494 0.00265861 0.00249167 0.0022481 0.00194981 0.00162972 0.00133036 0.00109336 0.000939527 0.000899087 0.0013592 0.00345119 0.00796406 0.0130654 0.0146164 0.0107108 0.00529347 0.00175156 0.000400748 6.86825e-05 9.63812e-06 1.26687e-06 1.6956e-07 2.12568e-08 2.10878e-09 1.15346e-10 0 
0 9.27641e-08 9.01541e-07 4.55179e-06 1.65553e-05 4.77614e-05 0.000113856 0.000229593 0.000399047 0.000608977 0.000831566 0.00103452 0.00119091 0.00128399 0.00130739 0.00126357 0.00116235 0.0010201 0.000858735 0.000703418 0.00057867 0.000502823 0.000480533 0.000504328 0.000649135 0.00127307 0.00269596 0.00432141 0.00475938 0.00352598 0.00175156 0.000590702 0.00014087 2.51859e-05 3.71784e-06 5.25081e-07 7.48812e-08 9.78873e-09 1.00059e-09 5.6092e-11 0 
0 2.63724e-08 2.49311e-07 1.23106e-06 4.41743e-06 1.27199e-05 3.06744e-05 6.34266e-05 0.000114319 0.000182148 0.00025999 0.000336641 0.00039991 0.000440005 0.000451732 0.000435227 0.000395516 0.000341281 0.000283109 0.000231541 0.000195433 0.000180876 0.000189991 0.000219707 0.000272984 0.000400362 0.000675278 0.000995851 0.00107019 0.000792049 0.000400748 0.00014087 3.55118e-05 6.82305e-06 1.12609e-06 1.80431e-07 2.81539e-08 3.88434e-09 4.12486e-10 2.3865e-11 0 
0 6.84497e-09 6.28218e-08 3.02231e-07 1.06263e-06 3.02033e-06 7.25075e-06 1.5055e-05 2.74605e-05 4.45334e-05 6.48824e-05 8.57246e-05 0.000103584 0.000115324 0.000119072 0.000114706 0.000103798 8.91184e-05 7.39067e-05 6.11977e-05 5.34006e-05 5.21737e-05 5.83086e-05 7.13035e-05 8.97635e-05 0.00011512 0.000151361 0.000185933 0.000183946 0.000133428 6.86825e-05 2.51859e-05 6.82305e-06 1.48169e-06 2.88275e-07 5.34366e-08 9.13873e-09 1.33467e-09 1.47969e-10 8.88134e-12 0 
0 1.61416e-09 1.43729e-08 6.7255e-08 2.30917e-07 6.44206e-07 1.52667e-06 3.14769e-06 5.73231e-06 9.32276e-06 1.36621e-05 1.81807e-05 2.21213e-05 2.47651e-05 2.56611e-05 2.47645e-05 2.24361e-05 1.93194e-05 1.616e-05 1.36442e-05 1.23086e-05 1.25189e-05 1.44412e-05 1.79185e-05 2.23411e-05 2.6839e-05 3.04831e-05 3.15165e-05 2.75078e-05 1.8789e-05 9.63812e-06 3.71784e-06 1.12609e-06 2.88275e-07 6.64432e-08 1.39413e-08 2.57772e-09 3.97799e-10 4.61618e-11 2.88435e-12 0 
0 3.42243e-10 2.95717e-09 1.3454e-08 4.50513e-08 1.23047e-07 2.86717e-07 5.83817e-07 1.05441e-06 1.70689e-06 2.49699e-06 3.32368e-06 4.04997e-06 4.54319e-06 4.71844e-06 4.56628e-06 4.15397e-06 3.60269e-06 3.05323e-06 2.63533e-06 2.44988e-06 2.56184e-06 2.99005e-06 3.67898e-06 4.46423e-06 5.08605e-06 5.27631e-06 4.85167e-06 3.81151e-06 2.45647e-06 1.26687e-06 5.25081e-07 1.80431e-07 5.34366e-08 1.39413e-08 3.19452e-09 6.29667e-10 1.02419e-10 1.24526e-11 8.11574e-13 0 
0 6.3887e-11 5.36093e-10 2.37258e-09 7.74771e-09 2.07009e-08 4.73526e-08 9.49964e-08 1.69629e-07 2.72366e-07 3.96305e-07 5.25897e-07 6.40033e-07 7.18188e-07 7.47149e-07 7.25434e-07 6.63634e-07 5.80954e-07 4.99866e-07 4.41193e-07 4.20924e-07 4.48347e-07 5.23555e-07 6.32894e-07 7.44836e-07 8.14217e-07 8.00467e-07 6.91221e-07 5.13583e-07 3.22524e-07 1.6956e-07 7.48812e-08 2.81539e-08 9.13873e-09 2.57772e-09 6.29667e-10 1.31177e-10 2.2439e-11 2.85808e-12 1.94416e-13 0 
0 1.00526e-11 8.20157e-11 3.53444e-10 1.12632e-09 2.94461e-09 6.61042e-09 1.30555e-08 2.30212e-08 3.66094e-08 5.28985e-08 6.98757e-08 8.48328e-08 9.51432e-08 9.91191e-08 9.65823e-08 8.8921e-08 7.86593e-08 6.87712e-08 6.20203e-08 6.04804e-08 6.51822e-08 7.57048e-08 8.96627e-08 1.02511e-07 1.08525e-07 1.03328e-07 8.66877e-08 6.3163e-08 3.959e-08 2.12568e-08 9.78873e-09 3.88434e-09 1.33467e-09 3.97799e-10 1.02419e-10 2.2439e-11 4.02736e-12 5.36792e-13 3.80988e-14 0 
0 1.20285e-12 9.55478e-12 4.0147e-11 1.24984e-10 3.19974e-10 7.0527e-10 1.37139e-09 2.38751e-09 3.75862e-09 5.39019e-09 7.0834e-09 8.57421e-09 9.60821e-09 1.0023e-08 9.80332e-09 9.08787e-09 8.12829e-09 7.22239e-09 6.64631e-09 6.59997e-09 7.16256e-09 8.24836e-09 9.57052e-09 1.06584e-08 1.09889e-08 1.02282e-08 8.44635e-09 6.11599e-09 3.85538e-09 2.10878e-09 1.00059e-09 4.12486e-10 1.47969e-10 4.61618e-11 1.24526e-11 2.85808e-12 5.36792e-13 7.47369e-14 5.52876e-15 0 
0 7.81593e-14 6.05388e-13 2.48376e-12 7.56384e-12 1.89832e-11 4.11157e-11 7.87587e-11 1.35415e-10 2.11065e-10 3.00401e-10 3.92684e-10 4.73863e-10 5.3052e-10 5.54168e-10 5.44166e-10 5.08089e-10 4.59624e-10 4.14973e-10 3.89031e-10 3.92071e-10 4.2694e-10 4.8672e-10 5.53759e-10 6.0237e-10 6.07133e-10 5.5485e-10 4.52974e-10 3.27052e-10 2.07526e-10 1.15346e-10 5.6092e-11 2.3865e-11 8.88134e-12 2.88435e-12 8.11574e-13 1.94416e-13 3.80988e-14 5.52876e-15 4.25631e-16 0 
0 0 0 0 0 0 0 0 0 0 0 0 0 0 0 0 0 0 0 0 0 0 0 0 0 0 0 0 0 0 0 0 0 0 0 0 0 0 0 0 0 
