0 0 0 0 0 0 0 0 0 0 0 0 0 0 0 0 0 0 0 0 0 0 0 0 0 0 0 0 0 0 0 0 0 0 0 0 0 0 0 0 0 
0 1.88144e-07 1.68589e-06 7.50573e-06 2.29918e-05 5.37946e-05 0.000101877 0.000163337 0.000230309 0.000294655 0.000350368 0.000394005 0.000424083 0.00044031 0.000443041 0.000432986 0.000411108 0.000378653 0.000337257 0.000289101 0.000237015 0.000184419 0.000135006 9.21288e-05 5.80755e-05 3.35465e-05 1.76459e-05 8.41932e-06 3.63795e-06 1.424e-06 5.05643e-07 1.63132e-07 4.78574e-08 1.27538e-08 3.07455e-09 6.6388e-10 1.25803e-10 2.00405e-11 2.42227e-12 1.58702e-13 0 
0 1.68589e-06 1.54984e-05 6.84174e-05 0.000198335 0.000419597 0.000697638 0.000975643 0.00121556 0.00140665 0.00155222 0.00165795 0.00172782 0.00176414 0.00176866 0.00174326 0.00169011 0.00161134 0.00150841 0.00138172 0.0012308 0.00105589 0.000860824 0.000656143 0.000459445 0.000290743 0.000164202 8.21952e-05 3.64323e-05 1.43502e-05 5.05281e-06 1.60011e-06 4.57813e-07 1.18556e-07 2.77246e-08 5.80505e-09 1.0672e-09 1.65103e-10 1.94068e-11 1.23845e-12 0 
0 7.50573e-06 6.84174e-05 0.000281655 0.000709809 0.00125175 0.00174932 0.0021506 0.00248033 0.00276336 0.00300475 0.00319813 0.00333493 0.00340915 0.00341904 0.00336733 0.00326077 0.00310908 0.00292363 0.00271541 0.00249235 0.00225605 0.00199922 0.00170782 0.00137212 0.00100497 0.00065046 0.000363656 0.00017401 7.15501e-05 2.55887e-05 8.07238e-06 2.27266e-06 5.75043e-07 1.30924e-07 2.66518e-08 4.76327e-09 7.16933e-10 8.20874e-11 5.11022e-12 0 
0 2.29918e-05 0.000198335 0.000709809 0.00146717 0.00217248 0.00275793 0.00329896 0.00382734 0.00432729 0.00476965 0.00512769 0.00538165 0.00552007 0.00553996 0.00544634 0.00525114 0.00497182 0.00462959 0.00424762 0.00384918 0.00345508 0.00307937 0.00272186 0.00236002 0.00195291 0.00147496 0.000966466 0.000528866 0.000238714 8.99071e-05 2.89165e-05 8.12452e-06 2.0261e-06 4.51663e-07 8.97507e-08 1.56427e-08 2.29655e-09 2.56719e-10 1.56226e-11 0 
0 5.37946e-05 0.000419597 0.00125175 0.00217248 0.00297012 0.00375991 0.00458991 0.00542488 0.00621277 0.00690557 0.00746391 0.00785914 0.00807466 0.00810636 0.00796204 0.00765981 0.00722589 0.00669193 0.00609226 0.00546142 0.00483212 0.00423352 0.00368835 0.00320495 0.00276133 0.0022943 0.00173684 0.0011162 0.000578302 0.00023905 8.07249e-05 2.30561e-05 5.73096e-06 1.25991e-06 2.45618e-07 4.19083e-08 6.02044e-09 6.58834e-10 3.92879e-11 0 
0 0.000101877 0.000697638 0.00174932 0.00275793 0.00375991 0.00486807 0.00604752 0.00722625 0.00833306 0.00930376 0.010085 0.0106376 0.010939 0.0109835 0.0107822 0.0103601 0.00975336 0.00900573 0.00816424 0.00727583 0.00638436 0.00552854 0.0047409 0.00404636 0.00345471 0.00293851 0.00241014 0.0017719 0.00106847 0.000500505 0.000182804 5.41739e-05 1.35939e-05 2.97106e-06 5.71407e-07 9.58492e-08 1.35204e-08 1.45278e-09 8.51173e-11 0 
0 0.000163337 0.000975643 0.0021506 0.00329896 0.00458991 0.00604752 0.00759068 0.00912742 0.0105679 0.0118301 0.0128454 0.0135633 0.0139546 0.0140123 0.0137503 0.0132015 0.0124128 0.0114403 0.0103449 0.00918686 0.00802211 0.00689938 0.00585867 0.00493113 0.00413861 0.00348437 0.00292111 0.00232453 0.00159406 0.000854103 0.000344745 0.00010801 2.77067e-05 6.06898e-06 1.15794e-06 1.91774e-07 2.66563e-08 2.82104e-09 1.62836e-10 0 
0 0.000230309 0.00121556 0.00248033 0.00382734 0.00542488 0.00722625 0.00912742 0.0110182 0.0127893 0.0143405 0.0155885 0.0164728 0.0169566 0.0170275 0.0167021 0.0160235 0.0150518 0.0138556 0.0125082 0.0110829 0.00964789 0.00826219 0.0069735 0.00581786 0.0048208 0.00399673 0.00333164 0.00273579 0.0020461 0.00123591 0.000555261 0.000186281 4.93558e-05 1.09123e-05 2.07603e-06 3.40827e-07 4.68416e-08 4.89719e-09 2.79247e-10 0 
0 0.000294655 0.00140665 0.00276336 0.00432729 0.00621277 0.00833306 0.0105679 0.0127893 0.0148694 0.0166925 0.0181664 0.0192224 0.0198065 0.0198923 0.019497 0.0186798 0.0175235 0.0161126 0.0145285 0.0128535 0.0111663 0.00953565 0.00801671 0.00665041 0.00546455 0.00447613 0.00368606 0.00304193 0.00238712 0.00158076 0.000784654 0.000283048 7.79438e-05 1.74846e-05 3.3304e-06 5.43878e-07 7.41361e-08 7.67853e-09 4.33658e-10 0 
0 0.000350368 0.00155222 0.00300475 0.00476965 0.00690557 0.00930376 0.0118301 0.0143405 0.0166925 0.018763 0.0204518 0.0216604 0.0223157 0.0224095 0.0219672 0.0210348 0.019703 0.0180888 0.0162916 0.0143975 0.0124902 0.010646 0.00892676 0.00737778 0.006029 0.00489785 0.00398997 0.00327621 0.00262864 0.00185345 0.000999195 0.000385816 0.000110549 2.52258e-05 4.82408e-06 7.85809e-07 1.06521e-07 1.0958e-08 6.14439e-10 0 
0 0.000394005 0.00165795 0.00319813 0.00512769 0.00746391 0.010085 0.0128454 0.0155885 0.0181664 0.0204518 0.0222957 0.023546 0.0241816 0.0242668 0.023838 0.0228946 0.0214673 0.0196858 0.0177051 0.0156309 0.0135469 0.011532 0.00965274 0.00795819 0.00648004 0.00523584 0.00423209 0.00345135 0.00279215 0.00204726 0.00117393 0.000479804 0.000142508 3.30719e-05 6.35811e-06 1.03509e-06 1.39845e-07 1.43209e-08 7.99031e-10 0 
0 0.000424083 0.00172782 0.00333493 0.00538165 0.00785914 0.0106376 0.0135633 0.0164728 0.0192224 0.0216604 0.023546 0.0247382 0.025319 0.0253919 0.0249937 0.0241033 0.022687 0.0208191 0.0187013 0.0164931 0.0142834 0.0121487 0.0101575 0.00836128 0.00679299 0.00547023 0.0043993 0.00356801 0.0028927 0.00216895 0.00129611 0.000552328 0.000168739 3.97183e-05 7.67614e-06 1.25045e-06 1.68677e-07 1.72295e-08 9.58504e-10 0 
0 0.00044031 0.00176414 0.00340915 0.00552007 0.00807466 0.010939 0.0139546 0.0169566 0.0198065 0.0223157 0.0241816 0.025319 0.0258654 0.02593 0.0255477 0.0246943 0.0233128 0.0214252 0.0192341 0.0169484 0.0146697 0.0124707 0.0104198 0.00856949 0.00695345 0.00558919 0.00448263 0.00362367 0.0029382 0.00222758 0.00136214 0.000595185 0.000185124 4.39992e-05 8.53921e-06 1.39282e-06 1.87858e-07 1.91737e-08 1.06556e-09 0 
0 0.000443041 0.00176866 0.00341904 0.00553996 0.00810636 0.0109835 0.0140123 0.0170275 0.0198923 0.0224095 0.0242668 0.0253919 0.02593 0.0259904 0.0256075 0.024757 0.0233798 0.0214891 0.0192856 0.0169874 0.0146991 0.0124922 0.0104344 0.00857834 0.00695744 0.00558902 0.00447879 0.00361707 0.0029326 0.00223008 0.0013732 0.000605038 0.000189456 4.52242e-05 8.79975e-06 1.43764e-06 1.9412e-07 1.98306e-08 1.10294e-09 0 
0 0.000432986 0.00174326 0.00336733 0.00544634 0.00796204 0.0107822 0.0137503 0.0167021 0.019497 0.0219672 0.023838 0.0249937 0.0255477 0.0256075 0.0252089 0.024329 0.0229215 0.0210343 0.0188748 0.0166282 0.0143877 0.0122262 0.0102118 0.00839566 0.00681055 0.0054734 0.00438986 0.00354945 0.002878 0.00218039 0.00133256 0.000582857 0.000181774 4.33531e-05 8.44459e-06 1.38237e-06 1.87111e-07 1.91646e-08 1.0688e-09 0 
0 0.000411108 0.00169011 0.00326077 0.00525114 0.00765981 0.0103601 0.0132015 0.0160235 0.0186798 0.0210348 0.0228946 0.0241033 0.0246943 0.024757 0.024329 0.0233971 0.0219559 0.0201138 0.0180565 0.0159144 0.0137708 0.0117022 0.00977537 0.00803962 0.00652628 0.00525187 0.00422202 0.00342392 0.00277509 0.00207989 0.00124486 0.000533267 0.000164179 3.89697e-05 7.59277e-06 1.24647e-06 1.69403e-07 1.74317e-08 9.76938e-10 0 
0 0.000378653 0.00161134 0.00310908 0.00497182 0.00722589 0.00975336 0.0124128 0.0150518 0.0175235 0.019703 0.0214673 0.022687 0.0233128 0.0233798 0.0229215 0.0219559 0.0205443 0.0188179 0.016907 0.0149063 0.0128987 0.0109616 0.00915858 0.00753607 0.00612376 0.00493778 0.00398357 0.00324354 0.00262227 0.00192844 0.00111705 0.000464024 0.000140286 3.30897e-05 6.45357e-06 1.06444e-06 1.45599e-07 1.50913e-08 8.52236e-10 0 
0 0.000337257 0.00150841 0.00292363 0.00462959 0.00669193 0.00900573 0.0114403 0.0138556 0.0161126 0.0180888 0.0196858 0.0208191 0.0214252 0.0214891 0.0210343 0.0201138 0.0188179 0.0172514 0.015508 0.0136737 0.0118312 0.0100539 0.00840098 0.0069153 0.00562491 0.00454564 0.00368204 0.00300826 0.00241451 0.00172685 0.000960173 0.000385349 0.00011443 2.68847e-05 5.26533e-06 8.75555e-07 1.20958e-07 1.26714e-08 7.23356e-10 0 
0 0.000289101 0.00138172 0.00271541 0.00424762 0.00609226 0.00816424 0.0103449 0.0125082 0.0145285 0.0162916 0.0177051 0.0187013 0.0192341 0.0192856 0.0188748 0.0180565 0.016907 0.015508 0.013942 0.012291 0.0106321 0.00903213 0.00754457 0.0062089 0.00505156 0.0040881 0.00332043 0.00271165 0.00214444 0.00148163 0.000791015 0.000308739 9.08184e-05 2.14173e-05 4.23907e-06 7.14402e-07 1.0011e-07 1.06371e-08 6.15569e-10 0 
0 0.000237015 0.0012308 0.00249235 0.00384918 0.00546142 0.00727583 0.00918686 0.0110829 0.0128535 0.0143975 0.0156309 0.0164931 0.0169484 0.0169874 0.0166282 0.0159144 0.0149063 0.0136737 0.012291 0.0108319 0.00936465 0.00794822 0.00663035 0.00544691 0.00442284 0.00357268 0.00289355 0.00234073 0.00180925 0.0012113 0.000631506 0.000245112 7.28033e-05 1.74657e-05 3.52355e-06 6.04895e-07 8.62159e-08 9.30108e-09 5.45513e-10 0 
0 0.000184419 0.00105589 0.00225605 0.00345508 0.00483212 0.00638436 0.00802211 0.00964789 0.0111663 0.0124902 0.0135469 0.0142834 0.0146697 0.0146991 0.0143877 0.0137708 0.0128987 0.0118312 0.0106321 0.00936465 0.00808715 0.00685037 0.00569593 0.00465598 0.00375354 0.00300081 0.00239175 0.00188998 0.00142697 0.000948762 0.000503826 0.000202553 6.24532e-05 1.54595e-05 3.19403e-06 5.58082e-07 8.05857e-08 8.77734e-09 5.18376e-10 0 
0 0.000135006 0.000860824 0.00199922 0.00307937 0.00423352 0.00552854 0.00689938 0.00826219 0.00953565 0.010646 0.011532 0.0121487 0.0124707 0.0124922 0.0122262 0.0117022 0.0109616 0.0100539 0.00903213 0.00794822 0.00685037 0.00578066 0.00477426 0.00385973 0.0030596 0.00238825 0.0018463 0.0014156 0.00105939 0.000731144 0.000420019 0.000183746 6.03008e-05 1.54726e-05 3.25164e-06 5.71624e-07 8.2561e-08 8.96635e-09 5.27066e-10 0 
0 9.21288e-05 0.000656143 0.00170782 0.00272186 0.00368835 0.0047409 0.00585867 0.0069735 0.00801671 0.00892676 0.00965274 0.0101575 0.0104198 0.0104344 0.0102118 0.00977537 0.00915858 0.00840098 0.00754457 0.00663035 0.00569593 0.00477426 0.00389464 0.003089 0.00240223 0.00187863 0.00150214 0.00118713 0.000881881 0.000609266 0.000377062 0.000183839 6.50044e-05 1.71759e-05 3.61501e-06 6.28688e-07 8.94474e-08 9.56071e-09 5.53326e-10 0 
0 5.80755e-05 0.000459445 0.00137212 0.00236002 0.00320495 0.00404636 0.00493113 0.00581786 0.00665041 0.00737778 0.00795819 0.00836128 0.00856949 0.00857834 0.00839566 0.00803962 0.00753607 0.0069153 0.0062089 0.00544691 0.00465598 0.00385973 0.003089 0.0024209 0.0020174 0.00199681 0.0021604 0.00205408 0.00150896 0.000855417 0.000424762 0.000199328 7.37316e-05 1.9784e-05 4.10648e-06 6.97115e-07 9.67021e-08 1.00943e-08 5.71853e-10 0 
0 3.35465e-05 0.000290743 0.00100497 0.00195291 0.00276133 0.00345471 0.00413861 0.0048208 0.00546455 0.006029 0.00648004 0.00679299 0.00695345 0.00695744 0.00681055 0.00652628 0.00612376 0.00562491 0.00505156 0.00442284 0.00375354 0.0030596 0.00240223 0.0020174 0.00237089 0.00373775 0.00539539 0.00578722 0.00424621 0.00216136 0.000799113 0.000262747 8.56885e-05 2.22838e-05 4.47467e-06 7.3469e-07 9.89777e-08 1.00748e-08 5.5845e-10 0 
0 1.76459e-05 0.000164202 0.00065046 0.00147496 0.0022943 0.00293851 0.00348437 0.00399673 0.00447613 0.00489785 0.00523584 0.00547023 0.00558919 0.00558902 0.0054734 0.00525187 0.00493778 0.00454564 0.0040881 0.00357268 0.00300081 0.00238825 0.00187863 0.00199681 0.00373775 0.00776079 0.0135009 0.0153866 0.0103202 0.00498752 0.00168842 0.00042634 0.000103872 2.38345e-05 4.4823e-06 7.05288e-07 9.23158e-08 9.19287e-09 5.00438e-10 0 
0 8.41932e-06 8.21952e-05 0.000363656 0.000966466 0.00173684 0.00241014 0.00292111 0.00333164 0.00368606 0.00398997 0.00423209 0.0043993 0.00448263 0.00447879 0.00438986 0.00422202 0.00398357 0.00368204 0.00332043 0.00289355 0.00239175 0.0018463 0.00150214 0.0021604 0.00539539 0.0135009 0.0188034 0.0193864 0.0173477 0.00850827 0.0027063 0.000624681 0.000122163 2.3458e-05 4.00202e-06 5.98938e-07 7.6453e-08 7.49781e-09 4.03494e-10 0 
0 3.63795e-06 3.64323e-05 0.00017401 0.000528866 0.0011162 0.0017719 0.00232453 0.00273579 0.00304193 0.00327621 0.00345135 0.00356801 0.00362367 0.00361707 0.00354945 0.00342392 0.00324354 0.00300826 0.00271165 0.00234073 0.00188998 0.0014156 0.00118713 0.00205408 0.00578722 0.0153866 0.0193864 0.0198635 0.018327 0.0100539 0.00298058 0.000670809 0.000119158 1.99012e-05 3.07909e-06 4.40019e-07 5.52537e-08 5.38663e-09 2.88981e-10 0 
0 1.424e-06 1.43502e-05 7.15501e-05 0.000238714 0.000578302 0.00106847 0.00159406 0.0020461 0.00238712 0.00262864 0.00279215 0.0028927 0.0029382 0.0029326 0.002878 0.00277509 0.00262227 0.00241451 0.00214444 0.00180925 0.00142697 0.00105939 0.000881881 0.00150896 0.00424621 0.0103202 0.0173477 0.018327 0.0145882 0.00671964 0.00220816 0.000496846 8.66776e-05 1.35168e-05 1.96848e-06 2.74815e-07 3.44697e-08 3.37873e-09 1.82393e-10 0 
0 5.05643e-07 5.05281e-06 2.55887e-05 8.99071e-05 0.00023905 0.000500505 0.000854103 0.00123591 0.00158076 0.00185345 0.00204726 0.00216895 0.00222758 0.00223008 0.00218039 0.00207989 0.00192844 0.00172685 0.00148163 0.0012113 0.000948762 0.000731144 0.000609266 0.000855417 0.00216136 0.00498752 0.00850827 0.0100539 0.00671964 0.00331506 0.00109702 0.000252568 4.54134e-05 7.03461e-06 1.02118e-06 1.44532e-07 1.8468e-08 1.84233e-09 1.01016e-10 0 
0 1.63132e-07 1.60011e-06 8.07238e-06 2.89165e-05 8.07249e-05 0.000182804 0.000344745 0.000555261 0.000784654 0.000999195 0.00117393 0.00129611 0.00136214 0.0013732 0.00133256 0.00124486 0.00111705 0.000960173 0.000791015 0.000631506 0.000503826 0.000420019 0.000377062 0.000424762 0.000799113 0.00168842 0.0027063 0.00298058 0.00220816 0.00109702 0.000370911 9.04452e-05 1.72532e-05 2.80072e-06 4.30489e-07 6.412e-08 8.50041e-09 8.72491e-10 4.9006e-11 0 
0 4.78574e-08 4.57813e-07 2.27266e-06 8.12452e-06 2.30561e-05 5.41739e-05 0.00010801 0.000186281 0.000283048 0.000385816 0.000479804 0.000552328 0.000595185 0.000605038 0.000582857 0.000533267 0.000464024 0.000385349 0.000308739 0.000245112 0.000202553 0.000183746 0.000183839 0.000199328 0.000262747 0.00042634 0.000624681 0.000670809 0.000496846 0.000252568 9.04452e-05 2.38644e-05 4.93541e-06 8.86215e-07 1.51145e-07 2.42472e-08 3.37389e-09 3.59258e-10 2.08165e-11 0 
0 1.27538e-08 1.18556e-07 5.75043e-07 2.0261e-06 5.73096e-06 1.35939e-05 2.77067e-05 4.93558e-05 7.79438e-05 0.000110549 0.000142508 0.000168739 0.000185124 0.000189456 0.000181774 0.000164179 0.000140286 0.00011443 9.08184e-05 7.28033e-05 6.24532e-05 6.03008e-05 6.50044e-05 7.37316e-05 8.56885e-05 0.000103872 0.000122163 0.000119158 8.66776e-05 4.54134e-05 1.72532e-05 4.93541e-06 1.14661e-06 2.37197e-07 4.55885e-08 7.90605e-09 1.15963e-09 1.28781e-10 7.73848e-12 0 
0 3.07455e-09 2.77246e-08 1.30924e-07 4.51663e-07 1.25991e-06 2.97106e-06 6.06898e-06 1.09123e-05 1.74846e-05 2.52258e-05 3.30719e-05 3.97183e-05 4.39992e-05 4.52242e-05 4.33531e-05 3.89697e-05 3.30897e-05 2.68847e-05 2.14173e-05 1.74657e-05 1.54595e-05 1.54726e-05 1.71759e-05 1.9784e-05 2.22838e-05 2.38345e-05 2.3458e-05 1.99012e-05 1.35168e-05 7.03461e-06 2.80072e-06 8.86215e-07 2.37197e-07 5.64315e-08 1.20243e-08 2.23566e-09 3.45695e-10 4.01582e-11 2.51141e-12 0 
0 6.6388e-10 5.80505e-09 2.66518e-08 8.97507e-08 2.45618e-07 5.71407e-07 1.15794e-06 2.07603e-06 3.3304e-06 4.82408e-06 6.35811e-06 7.67614e-06 8.53921e-06 8.79975e-06 8.44459e-06 7.59277e-06 6.45357e-06 5.26533e-06 4.23907e-06 3.52355e-06 3.19403e-06 3.25164e-06 3.61501e-06 4.10648e-06 4.47467e-06 4.4823e-06 4.00202e-06 3.07909e-06 1.96848e-06 1.02118e-06 4.30489e-07 1.51145e-07 4.55885e-08 1.20243e-08 2.76864e-09 5.46757e-10 8.90162e-11 1.08306e-11 7.06327e-13 0 
0 1.25803e-10 1.0672e-09 4.76327e-09 1.56427e-08 4.19083e-08 9.58492e-08 1.91774e-07 3.40827e-07 5.43878e-07 7.85809e-07 1.03509e-06 1.25045e-06 1.39282e-06 1.43764e-06 1.38237e-06 1.24647e-06 1.06444e-06 8.75555e-07 7.14402e-07 6.04895e-07 5.58082e-07 5.71624e-07 6.28688e-07 6.97115e-07 7.3469e-07 7.05288e-07 5.98938e-07 4.40019e-07 2.74815e-07 1.44532e-07 6.412e-08 2.42472e-08 7.90605e-09 2.23566e-09 5.46757e-10 1.13975e-10 1.95057e-11 2.48562e-12 1.69163e-13 0 
0 2.00405e-11 1.65103e-10 7.16933e-10 2.29655e-09 6.02044e-09 1.35204e-08 2.66563e-08 4.68416e-08 7.41361e-08 1.06521e-07 1.39845e-07 1.68677e-07 1.87858e-07 1.9412e-07 1.87111e-07 1.69403e-07 1.45599e-07 1.20958e-07 1.0011e-07 8.62159e-08 8.05857e-08 8.2561e-08 8.94474e-08 9.67021e-08 9.89777e-08 9.23158e-08 7.6453e-08 5.52537e-08 3.44697e-08 1.8468e-08 8.50041e-09 3.37389e-09 1.15963e-09 3.45695e-10 8.90162e-11 1.95057e-11 3.50167e-12 4.66861e-13 3.31469e-14 0 
0 2.42227e-12 1.94068e-11 8.20874e-11 2.56719e-10 6.58834e-10 1.45278e-09 2.82104e-09 4.89719e-09 7.67853e-09 1.0958e-08 1.43209e-08 1.72295e-08 1.91737e-08 1.98306e-08 1.91646e-08 1.74317e-08 1.50913e-08 1.26714e-08 1.06371e-08 9.30108e-09 8.77734e-09 8.96635e-09 9.56071e-09 1.00943e-08 1.00748e-08 9.19287e-09 7.49781e-09 5.38663e-09 3.37873e-09 1.84233e-09 8.72491e-10 3.59258e-10 1.28781e-10 4.01582e-11 1.08306e-11 2.48562e-12 4.66861e-13 6.501e-14 4.81027e-15 0 
0 1.58702e-13 1.23845e-12 5.11022e-12 1.56226e-11 3.92879e-11 8.51173e-11 1.62836e-10 2.79247e-10 4.33658e-10 6.14439e-10 7.99031e-10 9.58504e-10 1.06556e-09 1.10294e-09 1.0688e-09 9.76938e-10 8.52236e-10 7.23356e-10 6.15569e-10 5.45513e-10 5.18376e-10 5.27066e-10 5.53326e-10 5.71853e-10 5.5845e-10 5.00438e-10 4.03494e-10 2.88981e-10 1.82393e-10 1.01016e-10 4.9006e-11 2.08165e-11 7.73848e-12 2.51141e-12 7.06327e-13 1.69163e-13 3.31469e-14 4.81027e-15 3.70359e-16 0 
0 0 0 0 0 0 0 0 0 0 0 0 0 0 0 0 0 0 0 0 0 0 0 0 0 0 0 0 0 0 0 0 0 0 0 0 0 0 0 0 0 
