0 0 0 0 0 0 0 0 0 0 0 0 0 0 0 0 0 0 0 0 0 0 0 0 0 0 0 0 0 0 0 0 0 0 0 0 0 0 0 0 0 
0 1.99333e-07 1.75851e-06 7.59204e-06 2.22033e-05 4.90286e-05 8.72285e-05 0.000131688 0.000176086 0.000215639 0.000247834 0.000271869 0.000287844 0.000296197 0.000297423 0.000291972 0.000280234 0.000262588 0.000239494 0.000211632 0.000180068 0.000146383 0.000112662 8.12684e-05 5.43733e-05 3.34075e-05 1.86893e-05 9.4608e-06 4.31833e-06 1.77556e-06 6.58196e-07 2.20331e-07 6.66846e-08 1.82402e-08 4.49296e-09 9.87479e-10 1.89845e-10 3.05991e-11 3.73375e-12 2.46514e-13 0 
0 1.75851e-06 1.57528e-05 6.59163e-05 0.000176165 0.000338081 0.00051055 0.000658248 0.00077153 0.000856036 0.000919252 0.000965571 0.000996616 0.00101278 0.00101439 0.00100223 0.000977586 0.000941968 0.00089657 0.000841641 0.000776025 0.000697316 0.000603185 0.000493993 0.000375581 0.000259776 0.000160576 8.76105e-05 4.19606e-05 1.76602e-05 6.56739e-06 2.17324e-06 6.43918e-07 1.71428e-07 4.09746e-08 8.72845e-09 1.62655e-09 2.54335e-10 3.01476e-11 1.93668e-12 0 
0 7.59204e-06 6.59163e-05 0.000246734 0.000545893 0.000846396 0.00107509 0.0012498 0.00140238 0.00154366 0.00167004 0.00177374 0.00184793 0.00188837 0.00189372 0.00186542 0.0018073 0.00172512 0.00162595 0.00151733 0.00140607 0.00129631 0.00118687 0.00106899 0.000927804 0.000751656 0.000547274 0.000345927 0.000185697 8.42186e-05 3.25515e-05 1.08894e-05 3.20155e-06 8.36326e-07 1.94957e-07 4.03905e-08 7.31445e-09 1.1119e-09 1.28274e-10 8.0317e-12 0 
0 2.22033e-05 0.000176165 0.000545893 0.000965238 0.00128511 0.00155611 0.00183389 0.00211971 0.00239457 0.00263886 0.00283681 0.00297727 0.00305384 0.00306484 0.00301305 0.00290508 0.0027506 0.00256141 0.00235053 0.0021314 0.00191714 0.0017193 0.00154475 0.0013895 0.00123168 0.00103532 0.000779462 0.000496231 0.000257763 0.000108805 3.8061e-05 1.13388e-05 2.94322e-06 6.74405e-07 1.36603e-07 2.41327e-08 3.57743e-09 4.02713e-10 2.4634e-11 0 
0 4.90286e-05 0.000338081 0.000846396 0.00128511 0.00166579 0.00208401 0.00253976 0.00300122 0.00343703 0.0038203 0.00412918 0.00434783 0.00446706 0.0044846 0.00440476 0.00423756 0.00399751 0.00370211 0.00337037 0.00302141 0.00267349 0.00234339 0.00204616 0.00179348 0.00158685 0.00140345 0.001189 0.00089446 0.000551657 0.000266721 0.000101509 3.1466e-05 8.24844e-06 1.87634e-06 3.74006e-07 6.47615e-08 9.39659e-09 1.03537e-09 6.20416e-11 0 
0 8.72285e-05 0.00051055 0.00107509 0.00155611 0.00208401 0.00269342 0.00334562 0.0039977 0.00461001 0.00514702 0.00557922 0.00588495 0.00605167 0.00607633 0.00596493 0.00573139 0.00539575 0.00498215 0.00451662 0.00402513 0.00353196 0.00305856 0.00262326 0.00224167 0.0019263 0.00167927 0.00147175 0.00122915 0.00088672 0.000502401 0.000215175 7.13353e-05 1.92253e-05 4.38974e-06 8.6724e-07 1.47942e-07 2.1095e-08 2.28281e-09 1.34392e-10 0 
0 0.000131688 0.000658248 0.0012498 0.00183389 0.00253976 0.00334562 0.00419932 0.00504947 0.00584639 0.0065447 0.00710671 0.0075052 0.00772363 0.00775603 0.00760962 0.00730428 0.00686715 0.00632903 0.00572302 0.00508235 0.00443799 0.00381688 0.00324117 0.00272837 0.00229258 0.00194453 0.00168111 0.00145527 0.00116598 0.00076463 0.000374415 0.000135666 3.82195e-05 8.85408e-06 1.74596e-06 2.94921e-07 4.1493e-08 4.42491e-09 2.56696e-10 0 
0 0.000176086 0.00077153 0.00140238 0.00211971 0.00300122 0.0039977 0.00504947 0.00609546 0.00707538 0.00793539 0.00863672 0.00915325 0.00945069 0.0094969 0.00929558 0.0088898 0.00833371 0.00766614 0.00691983 0.00613128 0.0053374 0.00457081 0.00385788 0.00321859 0.00266751 0.00221592 0.00187044 0.00161273 0.00135943 0.000995242 0.000553815 0.000221614 6.60519e-05 1.56637e-05 3.10207e-06 5.21233e-07 7.26292e-08 7.6576e-09 4.39011e-10 0 
0 0.000215639 0.000856036 0.00154366 0.00239457 0.00343703 0.00461001 0.00584639 0.00707538 0.00822879 0.00925953 0.010148 0.010822 0.0111902 0.0112459 0.0110047 0.0104832 0.00975558 0.00892743 0.00803902 0.00711088 0.00617743 0.00527531 0.004435 0.00367914 0.0030232 0.00247769 0.00205054 0.0017384 0.00148701 0.00116756 0.000722486 0.000318497 0.000100952 2.46448e-05 4.92408e-06 8.26116e-07 1.1438e-07 1.19582e-08 6.7934e-10 0 
0 0.000247834 0.000919252 0.00167004 0.00263886 0.0038203 0.00514702 0.0065447 0.00793539 0.00925953 0.0104999 0.0115285 0.0121609 0.0124571 0.0124988 0.012307 0.0118527 0.0110845 0.0100808 0.00902674 0.00796623 0.00690986 0.00588959 0.00493846 0.00408153 0.00333538 0.00271005 0.00221239 0.00184445 0.00157379 0.00128418 0.000859864 0.000412351 0.000138686 3.49086e-05 7.05438e-06 1.18485e-06 1.63436e-07 1.69868e-08 9.58594e-10 0 
0 0.000271869 0.000965571 0.00177374 0.00283681 0.00412918 0.00557922 0.00710671 0.00863672 0.010148 0.0115285 0.0124422 0.0129397 0.0131732 0.0132047 0.0130492 0.0126866 0.0120525 0.0110597 0.00985097 0.00865517 0.00749483 0.00637971 0.00534009 0.00440263 0.00358489 0.00289675 0.00234385 0.00192935 0.00163356 0.0013579 0.000959069 0.000491237 0.00017383 4.50034e-05 9.2009e-06 1.54941e-06 2.13348e-07 2.2092e-08 1.24107e-09 0 
0 0.000287844 0.000996616 0.00184793 0.00297727 0.00434783 0.00588495 0.0075052 0.00915325 0.010822 0.0121609 0.0129397 0.0133691 0.0135734 0.0135998 0.0134603 0.0131403 0.0125907 0.0117078 0.0104637 0.00914798 0.00790367 0.00672094 0.00561935 0.00462563 0.00375802 0.00302633 0.00243534 0.00198798 0.00167104 0.00139992 0.00102168 0.00054778 0.00020135 5.33048e-05 1.10076e-05 1.85927e-06 2.55914e-07 2.64477e-08 1.48187e-09 0 
0 0.000296197 0.00101278 0.00188837 0.00305384 0.00446706 0.00605167 0.00772363 0.00945069 0.0111902 0.0124571 0.0131732 0.0135734 0.0137646 0.0137882 0.0136547 0.0133518 0.0128373 0.0120163 0.0107979 0.00941722 0.00811921 0.00689912 0.00576442 0.00474081 0.00384679 0.00309211 0.00248105 0.00201612 0.00168696 0.00141716 0.00105196 0.000578847 0.000217711 5.8462e-05 1.21562e-05 2.05869e-06 2.83503e-07 2.92839e-08 1.63922e-09 0 
0 0.000297423 0.00101439 0.00189372 0.00306484 0.0044846 0.00607633 0.00775603 0.0094969 0.0112459 0.0124988 0.0132047 0.0135998 0.0137882 0.0138103 0.0136762 0.0133742 0.0128629 0.0120494 0.0108351 0.0094431 0.00813598 0.00691102 0.00577252 0.00474571 0.00384899 0.00309201 0.00247884 0.00201181 0.0016812 0.00141306 0.00105359 0.000584097 0.000221291 5.97293e-05 1.2458e-05 2.11357e-06 2.91379e-07 3.01201e-08 1.687e-09 0 
0 0.000291972 0.00100223 0.00186542 0.00301305 0.00440476 0.00596493 0.00760962 0.00929558 0.0110047 0.012307 0.0130492 0.0134603 0.0136547 0.0136762 0.0135359 0.0132202 0.0126841 0.0118281 0.0105869 0.0092323 0.00796228 0.00676385 0.00564936 0.00464464 0.00376773 0.00302806 0.00242978 0.00197535 0.00165387 0.00138874 0.00102865 0.0005648 0.000212348 5.71032e-05 1.19019e-05 2.02108e-06 2.79092e-07 2.8907e-08 1.62246e-09 0 
0 0.000280234 0.000977586 0.0018073 0.00290508 0.00423756 0.00573139 0.00730428 0.0088898 0.0104832 0.0118527 0.0126866 0.0131403 0.0133518 0.0133742 0.0132202 0.0128731 0.0122774 0.0113303 0.0100812 0.00881974 0.0076193 0.00647389 0.00540793 0.00444768 0.00361047 0.00290554 0.00233739 0.00190864 0.00160518 0.00134333 0.000977645 0.000523403 0.000192771 5.12685e-05 1.0647e-05 1.80888e-06 2.50407e-07 2.60233e-08 1.46607e-09 0 
0 0.000262588 0.000941968 0.00172512 0.0027506 0.00399751 0.00539575 0.00686715 0.00833371 0.00975558 0.0110845 0.0120525 0.0125907 0.0128373 0.0128629 0.0126841 0.0122774 0.0115753 0.0105455 0.00938904 0.00825084 0.00713602 0.00606416 0.00506671 0.0041691 0.00338779 0.00273188 0.00220646 0.00181398 0.0015343 0.0012738 0.000900323 0.000463782 0.000165755 4.33986e-05 8.96865e-06 1.52528e-06 2.11961e-07 2.2141e-08 1.25443e-09 0 
0 0.000239494 0.00089657 0.00162595 0.00256141 0.00370211 0.00498215 0.00632903 0.00766614 0.00892743 0.0100808 0.0110597 0.0117078 0.0120163 0.0120494 0.0118281 0.0113303 0.0105455 0.00958939 0.00858732 0.00756523 0.00654526 0.00556204 0.00464759 0.00382568 0.00311184 0.00251519 0.00204161 0.00169218 0.00143739 0.00117478 0.00079739 0.000391801 0.000135358 3.4874e-05 7.18085e-06 1.22489e-06 1.71261e-07 1.80232e-08 1.02927e-09 0 
0 0.000211632 0.000841641 0.00151733 0.00235053 0.00337037 0.00451662 0.00572302 0.00691983 0.00803902 0.00902674 0.00985097 0.0104637 0.0107979 0.0108351 0.0105869 0.0100812 0.00938904 0.00858732 0.00771392 0.00679967 0.0058819 0.00499675 0.0041738 0.00343489 0.00279471 0.00226269 0.00184519 0.00153968 0.0013056 0.00104003 0.000673245 0.000315597 0.000105883 2.69883e-05 5.56253e-06 9.55306e-07 1.34812e-07 1.43321e-08 8.26897e-10 0 
0 0.000180068 0.000776025 0.00140607 0.0021314 0.00302141 0.00402513 0.00508235 0.00613128 0.00711088 0.00796623 0.00865517 0.00914798 0.00941722 0.0094431 0.0092323 0.00881974 0.00825084 0.00756523 0.00679967 0.00599243 0.00518071 0.00439711 0.00366804 0.00301336 0.00244709 0.00197894 0.0016145 0.00134562 0.00112577 0.0008678 0.000538946 0.00024491 8.11372e-05 2.07141e-05 4.30756e-06 7.48458e-07 1.06921e-07 1.15025e-08 6.71041e-10 0 
0 0.000146383 0.000697316 0.00129631 0.00191714 0.00267349 0.00353196 0.00443799 0.0053374 0.00617743 0.00690986 0.00749483 0.00790367 0.00811921 0.00813598 0.00796228 0.0076193 0.00713602 0.00654526 0.0058819 0.00518071 0.00447397 0.00378976 0.00315111 0.00257588 0.00207738 0.00166482 0.00134124 0.00109586 0.000891904 0.000670559 0.000412465 0.00018893 6.37077e-05 1.65796e-05 3.50658e-06 6.1786e-07 8.92812e-08 9.69559e-09 5.70013e-10 0 
0 0.000112662 0.000603185 0.00118687 0.0017193 0.00234339 0.00305856 0.00381688 0.00457081 0.00527531 0.00588959 0.00637971 0.00672094 0.00689912 0.00691102 0.00676385 0.00647389 0.00606416 0.00556204 0.00499675 0.00439711 0.00378976 0.00319798 0.00264127 0.00213567 0.00169444 0.0013269 0.00103499 0.000811229 0.000637889 0.000481615 0.000311629 0.00015273 5.4405e-05 1.46439e-05 3.15173e-06 5.59773e-07 8.11257e-08 8.81252e-09 5.17471e-10 0 
0 8.12684e-05 0.000493993 0.00106899 0.00154475 0.00204616 0.00262326 0.00324117 0.00385788 0.004435 0.00493846 0.00534009 0.00561935 0.00576442 0.00577252 0.00564936 0.00540793 0.00506671 0.00464759 0.0041738 0.00366804 0.00315111 0.00264127 0.00215489 0.00170988 0.00133089 0.00104173 0.000833789 0.000660941 0.000497149 0.000358891 0.00024431 0.000133779 5.18815e-05 1.45093e-05 3.14725e-06 5.55596e-07 7.96354e-08 8.54494e-09 4.95691e-10 0 
0 5.43733e-05 0.000375581 0.000927804 0.0013895 0.00179348 0.00224167 0.00272837 0.00321859 0.00367914 0.00408153 0.00440263 0.00462563 0.00474081 0.00474571 0.00464464 0.00444768 0.0041691 0.00382568 0.00343489 0.00301336 0.00257588 0.00213567 0.00170988 0.00134049 0.00111663 0.0011048 0.00119521 0.00113639 0.000834923 0.000474686 0.000243697 0.000127388 5.30541e-05 1.53632e-05 3.31887e-06 5.74627e-07 8.05248e-08 8.45582e-09 4.8101e-10 0 
0 3.34075e-05 0.000259776 0.000751656 0.00123168 0.00158685 0.0019263 0.00229258 0.00266751 0.0030232 0.00333538 0.00358489 0.00375802 0.00384679 0.00384899 0.00376773 0.00361047 0.00338779 0.00311184 0.00279471 0.00244709 0.00207738 0.00169444 0.00133089 0.00111663 0.00131165 0.0020678 0.00304146 0.00347471 0.00234933 0.00119571 0.000442727 0.00015159 5.61223e-05 1.62355e-05 3.44564e-06 5.80213e-07 7.91052e-08 8.10605e-09 4.51402e-10 0 
0 1.86893e-05 0.000160576 0.000547274 0.00103532 0.00140345 0.00167927 0.00194453 0.00221592 0.00247769 0.00271005 0.00289675 0.00302633 0.00309211 0.00309201 0.00302806 0.00290554 0.00273188 0.00251519 0.00226269 0.00197894 0.00166482 0.0013269 0.00104173 0.0011048 0.0020678 0.00437586 0.00799819 0.00863941 0.00628722 0.00275941 0.000934079 0.000237366 6.28905e-05 1.64324e-05 3.33507e-06 5.42471e-07 7.19895e-08 7.21793e-09 3.94696e-10 0 
0 9.4608e-06 8.76105e-05 0.000345927 0.000779462 0.001189 0.00147175 0.00168111 0.00187044 0.00205054 0.00221239 0.00234385 0.00243534 0.00248105 0.00247884 0.00242978 0.00233739 0.00220646 0.00204161 0.00184519 0.0016145 0.00134124 0.00103499 0.000833789 0.00119521 0.00304146 0.00799819 0.0095511 0.00974783 0.00907956 0.00528288 0.00149718 0.000345976 7.08412e-05 1.54645e-05 2.9003e-06 4.52864e-07 5.87371e-08 5.79977e-09 3.13404e-10 0 
0 4.31833e-06 4.19606e-05 0.000185697 0.000496231 0.00089446 0.00122915 0.00145527 0.00161273 0.0017384 0.00184445 0.00192935 0.00198798 0.00201612 0.00201181 0.00197535 0.00190864 0.00181398 0.00169218 0.00153968 0.00134562 0.00109586 0.000811229 0.000660941 0.00113639 0.00347471 0.00863941 0.00974783 0.00989513 0.00934788 0.00631782 0.00164923 0.000371325 6.81556e-05 1.27858e-05 2.19209e-06 3.29115e-07 4.20653e-08 4.12818e-09 2.22282e-10 0 
0 1.77556e-06 1.76602e-05 8.42186e-05 0.000257763 0.000551657 0.00088672 0.00116598 0.00135943 0.00148701 0.00157379 0.00163356 0.00167104 0.00168696 0.0016812 0.00165387 0.00160518 0.0015343 0.00143739 0.0013056 0.00112577 0.000891904 0.000637889 0.000497149 0.000834923 0.00234933 0.00628722 0.00907956 0.00934788 0.008425 0.00386051 0.0012216 0.000275202 4.97718e-05 8.6496e-06 1.39223e-06 2.04455e-07 2.61029e-08 2.57425e-09 1.39407e-10 0 
0 6.58196e-07 6.56739e-06 3.25515e-05 0.000108805 0.000266721 0.000502401 0.00076463 0.000995242 0.00116756 0.00128418 0.0013579 0.00139992 0.00141716 0.00141306 0.00138874 0.00134333 0.0012738 0.00117478 0.00104003 0.0008678 0.000670559 0.000481615 0.000358891 0.000474686 0.00119571 0.00275941 0.00528288 0.00631782 0.00386051 0.00183395 0.000606924 0.000140507 2.6609e-05 4.57163e-06 7.25953e-07 1.07489e-07 1.39474e-08 1.39848e-09 7.68836e-11 0 
0 2.20331e-07 2.17324e-06 1.08894e-05 3.8061e-05 0.000101509 0.000215175 0.000374415 0.000553815 0.000722486 0.000859864 0.000959069 0.00102168 0.00105196 0.00105359 0.00102865 0.000977645 0.000900323 0.00079739 0.000673245 0.000538946 0.000412465 0.000311629 0.00024431 0.000243697 0.000442727 0.000934079 0.00149718 0.00164923 0.0012216 0.000606924 0.000205633 5.13182e-05 1.05146e-05 1.87679e-06 3.10301e-07 4.78298e-08 6.41272e-09 6.60749e-10 3.71924e-11 0 
0 6.66846e-08 6.43918e-07 3.20155e-06 1.13388e-05 3.1466e-05 7.13353e-05 0.000135666 0.000221614 0.000318497 0.000412351 0.000491237 0.00054778 0.000578847 0.000584097 0.0005648 0.000523403 0.000463782 0.000391801 0.000315597 0.00024491 0.00018893 0.00015273 0.000133779 0.000127388 0.00015159 0.000237366 0.000345976 0.000371325 0.000275202 0.000140507 5.13182e-05 1.42474e-05 3.18266e-06 6.17475e-07 1.10795e-07 1.81598e-08 2.54453e-09 2.71668e-10 1.57678e-11 0 
0 1.82402e-08 1.71428e-07 8.36326e-07 2.94322e-06 8.24844e-06 1.92253e-05 3.82195e-05 6.60519e-05 0.000100952 0.000138686 0.00017383 0.00020135 0.000217711 0.000221291 0.000212348 0.000192771 0.000165755 0.000135358 0.000105883 8.11372e-05 6.37077e-05 5.4405e-05 5.18815e-05 5.30541e-05 5.61223e-05 6.28905e-05 7.08412e-05 6.81556e-05 4.97718e-05 2.6609e-05 1.05146e-05 3.18266e-06 7.87396e-07 1.7142e-07 3.38833e-08 5.94011e-09 8.7453e-10 9.72914e-11 5.85394e-12 0 
0 4.49296e-09 4.09746e-08 1.94957e-07 6.74405e-07 1.87634e-06 4.38974e-06 8.85408e-06 1.56637e-05 2.46448e-05 3.49086e-05 4.50034e-05 5.33048e-05 5.8462e-05 5.97293e-05 5.71032e-05 5.12685e-05 4.33986e-05 3.4874e-05 2.69883e-05 2.07141e-05 1.65796e-05 1.46439e-05 1.45093e-05 1.53632e-05 1.62355e-05 1.64324e-05 1.54645e-05 1.27858e-05 8.6496e-06 4.57163e-06 1.87679e-06 6.17475e-07 1.7142e-07 4.17941e-08 9.0105e-09 1.68286e-09 2.60706e-10 3.03212e-11 1.89816e-12 0 
0 9.87479e-10 8.72845e-09 4.03905e-08 1.36603e-07 3.74006e-07 8.6724e-07 1.74596e-06 3.10207e-06 4.92408e-06 7.05438e-06 9.2009e-06 1.10076e-05 1.21562e-05 1.2458e-05 1.19019e-05 1.0647e-05 8.96865e-06 7.18085e-06 5.56253e-06 4.30756e-06 3.50658e-06 3.15173e-06 3.14725e-06 3.31887e-06 3.44564e-06 3.33507e-06 2.9003e-06 2.19209e-06 1.39223e-06 7.25953e-07 3.10301e-07 1.10795e-07 3.38833e-08 9.0105e-09 2.08257e-09 4.11959e-10 6.71358e-11 8.17504e-12 5.33561e-13 0 
0 1.89845e-10 1.62655e-09 7.31445e-09 2.41327e-08 6.47615e-08 1.47942e-07 2.94921e-07 5.21233e-07 8.26116e-07 1.18485e-06 1.54941e-06 1.85927e-06 2.05869e-06 2.11357e-06 2.02108e-06 1.80888e-06 1.52528e-06 1.22489e-06 9.55306e-07 7.48458e-07 6.1786e-07 5.59773e-07 5.55596e-07 5.74627e-07 5.80213e-07 5.42471e-07 4.52864e-07 3.29115e-07 2.04455e-07 1.07489e-07 4.78298e-08 1.81598e-08 5.94011e-09 1.68286e-09 4.11959e-10 8.59273e-11 1.47134e-11 1.87597e-12 1.27747e-13 0 
0 3.05991e-11 2.54335e-10 1.1119e-09 3.57743e-09 9.39659e-09 2.1095e-08 4.1493e-08 7.26292e-08 1.1438e-07 1.63436e-07 2.13348e-07 2.55914e-07 2.83503e-07 2.91379e-07 2.79092e-07 2.50407e-07 2.11961e-07 1.71261e-07 1.34812e-07 1.06921e-07 8.92812e-08 8.11257e-08 7.96354e-08 8.05248e-08 7.91052e-08 7.19895e-08 5.87371e-08 4.20653e-08 2.61029e-08 1.39474e-08 6.41272e-09 2.54453e-09 8.7453e-10 2.60706e-10 6.71358e-11 1.47134e-11 2.64204e-12 3.52371e-13 2.50286e-14 0 
0 3.73375e-12 3.01476e-11 1.28274e-10 4.02713e-10 1.03537e-09 2.28281e-09 4.42491e-09 7.6576e-09 1.19582e-08 1.69868e-08 2.2092e-08 2.64477e-08 2.92839e-08 3.01201e-08 2.8907e-08 2.60233e-08 2.2141e-08 1.80232e-08 1.43321e-08 1.15025e-08 9.69559e-09 8.81252e-09 8.54494e-09 8.45582e-09 8.10605e-09 7.21793e-09 5.79977e-09 4.12818e-09 2.57425e-09 1.39848e-09 6.60749e-10 2.71668e-10 9.72914e-11 3.03212e-11 8.17504e-12 1.87597e-12 3.52371e-13 4.90757e-14 3.6322e-15 0 
0 2.46514e-13 1.93668e-12 8.0317e-12 2.4634e-11 6.20416e-11 1.34392e-10 2.56696e-10 4.39011e-10 6.7934e-10 9.58594e-10 1.24107e-09 1.48187e-09 1.63922e-09 1.687e-09 1.62246e-09 1.46607e-09 1.25443e-09 1.02927e-09 8.26897e-10 6.71041e-10 5.70013e-10 5.17471e-10 4.95691e-10 4.8101e-10 4.51402e-10 3.94696e-10 3.13404e-10 2.22282e-10 1.39407e-10 7.68836e-11 3.71924e-11 1.57678e-11 5.85394e-12 1.89816e-12 5.33561e-13 1.27747e-13 2.50286e-14 3.6322e-15 2.79691e-16 0 
0 0 0 0 0 0 0 0 0 0 0 0 0 0 0 0 0 0 0 0 0 0 0 0 0 0 0 0 0 0 0 0 0 0 0 0 0 0 0 0 0 
