0 0 0 0 0 0 0 0 0 0 0 0 0 0 0 0 0 0 0 0 0 0 0 0 0 0 0 0 0 0 0 0 0 0 0 0 0 0 0 0 0 
0 8.78742e-08 8.08042e-07 3.79027e-06 1.25953e-05 3.27904e-05 7.01722e-05 0.000127498 0.000202041 0.000285947 0.000368894 0.000441037 0.000494865 0.000525807 0.000532107 0.000514432 0.000475472 0.000419594 0.00035247 0.000280572 0.000210445 0.000147788 9.65383e-05 5.83011e-05 3.23877e-05 1.64916e-05 7.6824e-06 3.27278e-06 1.27599e-06 4.55922e-07 1.49516e-07 4.50475e-08 1.24678e-08 3.1634e-09 7.31898e-10 1.52732e-10 2.81364e-11 4.37913e-12 5.19271e-13 3.34901e-14 0 
0 8.08042e-07 7.72601e-06 3.71618e-05 0.000123809 0.000314275 0.000638168 0.00107843 0.00157536 0.00205962 0.00247962 0.00280761 0.00303306 0.00315481 0.00317605 0.00310211 0.00293973 0.00269723 0.00238557 0.00202025 0.00162338 0.00122422 0.000856137 0.000548893 0.000319609 0.000168004 7.95492e-05 3.39677e-05 1.31244e-05 4.60832e-06 1.47654e-06 4.3306e-07 1.16441e-07 2.86771e-08 6.44e-09 1.30516e-09 2.33736e-10 3.54075e-11 4.09213e-12 2.576e-13 0 
0 3.79027e-06 3.71618e-05 0.000178496 0.000570357 0.00132803 0.00239327 0.00355416 0.00461997 0.00550917 0.00621188 0.00673724 0.00709227 0.00728101 0.00730846 0.00718321 0.0069175 0.00652527 0.00601908 0.00540742 0.00469542 0.00389251 0.00302788 0.00216465 0.00139326 0.000794649 0.000398502 0.000175838 6.874e-05 2.40353e-05 7.58648e-06 2.17727e-06 5.70663e-07 1.36744e-07 2.98614e-08 5.88645e-09 1.02619e-09 1.515e-10 1.70868e-11 1.05116e-12 0 
0 1.25953e-05 0.000123809 0.000570357 0.00164833 0.00331604 0.00513471 0.00676832 0.00816437 0.00936137 0.0103693 0.0111676 0.0117287 0.0120334 0.0120773 0.0118719 0.0114423 0.0108247 0.0100599 0.00918708 0.00823408 0.00720748 0.0060901 0.00486248 0.00355706 0.00230426 0.0012871 0.000613251 0.000250596 8.91676e-05 2.8106e-05 7.9604e-06 2.04515e-06 4.7868e-07 1.01949e-07 1.95948e-08 3.33226e-09 4.80339e-10 5.2959e-11 3.18908e-12 0 
0 3.27904e-05 0.000314275 0.00132803 0.00331604 0.00570792 0.00792802 0.00993657 0.0118151 0.0135481 0.0150629 0.0162818 0.0171443 0.0176145 0.0176837 0.0173688 0.0167094 0.0157624 0.0145966 0.0132851 0.0118983 0.0104925 0.00909324 0.00767542 0.00616794 0.00453361 0.00290196 0.00155647 0.000691178 0.000257557 8.25953e-05 2.3355e-05 5.9251e-06 1.36148e-06 2.83882e-07 5.33638e-08 8.8757e-09 1.25212e-09 1.35236e-10 7.9869e-12 0 
0 7.01722e-05 0.000638168 0.00239327 0.00513471 0.00792802 0.0105654 0.0131842 0.0157627 0.0181782 0.0202959 0.0220001 0.0232057 0.0238631 0.0239603 0.023521 0.0226002 0.0212767 0.0196457 0.0178099 0.0158712 0.013923 0.0120405 0.0102615 0.00855362 0.00679948 0.00489983 0.00300235 0.00149442 0.000600891 0.00020033 5.73371e-05 1.44892e-05 3.2877e-06 6.74045e-07 1.24355e-07 2.02894e-08 2.80857e-09 2.97864e-10 1.72903e-11 0 
0 0.000127498 0.00107843 0.00355416 0.00676832 0.00993657 0.0131842 0.0165582 0.0199112 0.0230537 0.0258071 0.0280218 0.0295877 0.0304412 0.0305668 0.0299956 0.0287986 0.0270781 0.0249568 0.0225672 0.0200409 0.0174997 0.0150487 0.0127671 0.0106872 0.00874879 0.00677589 0.00464648 0.00261445 0.00115928 0.000410046 0.000120488 3.06056e-05 6.89977e-06 1.39722e-06 2.53917e-07 4.07679e-08 5.55291e-09 5.79745e-10 3.31531e-11 0 
0 0.000202041 0.00157536 0.00461997 0.00816437 0.0118151 0.0157627 0.0199112 0.0240358 0.0278995 0.0312832 0.0340036 0.035926 0.0369727 0.0371252 0.0364217 0.0349495 0.0328339 0.0302255 0.0272863 0.024177 0.0210466 0.0180235 0.0152105 0.0126754 0.0104227 0.00832888 0.00615114 0.0038514 0.00189501 0.000721088 0.000220168 5.66875e-05 1.27706e-05 2.56544e-06 4.60904e-07 7.30509e-08 9.8186e-09 1.01176e-09 5.71352e-11 0 
0 0.000285947 0.00205962 0.00550917 0.00936137 0.0135481 0.0181782 0.0230537 0.0278995 0.0324369 0.0364092 0.0396012 0.0418554 0.043081 0.0432567 0.0424279 0.0406969 0.038211 0.0351466 0.0316934 0.0280396 0.024359 0.0208017 0.0174879 0.0145039 0.0118896 0.00958731 0.00736895 0.00499112 0.00269951 0.00110962 0.000354676 9.31491e-05 2.10702e-05 4.21513e-06 7.51151e-07 1.17881e-07 1.56785e-08 1.59871e-09 8.93678e-11 0 
0 0.000368894 0.00247962 0.00621188 0.0103693 0.0150629 0.0202959 0.0258071 0.0312832 0.0364092 0.0408948 0.0444976 0.0470399 0.0484196 0.0486135 0.047673 0.0457142 0.0429034 0.0394397 0.0355371 0.0314076 0.027247 0.023224 0.0194734 0.0160934 0.0131408 0.0106002 0.00829785 0.00591368 0.00345027 0.00152339 0.000510488 0.000137199 3.12622e-05 6.24718e-06 1.10748e-06 1.72572e-07 2.27733e-08 2.30372e-09 1.27782e-10 0 
0 0.000441037 0.00280761 0.00673724 0.0111676 0.0162818 0.0220001 0.0280218 0.0340036 0.0396012 0.0444976 0.0484281 0.0511991 0.0527 0.0529058 0.0518731 0.0497294 0.0466563 0.0428713 0.0386078 0.034097 0.0295521 0.0251566 0.0210572 0.0173602 0.0141312 0.011377 0.00897096 0.00658871 0.00405998 0.0019015 0.000665078 0.000182874 4.20373e-05 8.40909e-06 1.48658e-06 2.3059e-07 3.02686e-08 3.04516e-09 1.68e-10 0 
0 0.000494865 0.00303306 0.00709227 0.0117287 0.0171443 0.0232057 0.0295877 0.035926 0.0418554 0.0470399 0.0511991 0.0541286 0.0557113 0.0559219 0.0548214 0.0525447 0.0492846 0.0452716 0.0407531 0.0359736 0.0311587 0.0265021 0.0221584 0.0182398 0.0148162 0.0119053 0.00941073 0.00702692 0.00448687 0.00219379 0.000793774 0.000222547 5.15937e-05 1.03444e-05 1.8272e-06 2.82782e-07 3.70127e-08 3.7123e-09 2.04199e-10 0 
0 0.000525807 0.00315481 0.00728101 0.0120334 0.0176145 0.0238631 0.0304412 0.0369727 0.043081 0.0484196 0.0527 0.0557113 0.0573335 0.0575421 0.0564008 0.0540484 0.0506837 0.0465448 0.0418868 0.0369616 0.0320011 0.0272045 0.0227304 0.018694 0.015167 0.0121718 0.00962796 0.00724773 0.00472089 0.00236975 0.000876792 0.000249246 5.81846e-05 1.16994e-05 2.06829e-06 3.20062e-07 4.18727e-08 4.19753e-09 2.30797e-10 0 
0 0.000532107 0.00317605 0.00730846 0.0120773 0.0176837 0.0239603 0.0305668 0.0371252 0.0432567 0.0486135 0.0529058 0.0559219 0.0575421 0.0577425 0.0565877 0.0542177 0.0508324 0.0466716 0.0419915 0.0370451 0.0320651 0.0272513 0.0227624 0.0187133 0.0151759 0.0121734 0.00963039 0.00726838 0.00476797 0.00241835 0.000903684 0.000258759 6.06938e-05 1.22436e-05 2.16989e-06 3.36525e-07 4.41225e-08 4.4333e-09 2.44385e-10 0 
0 0.000514432 0.00310211 0.00718321 0.0118719 0.0173688 0.023521 0.0299956 0.0364217 0.0424279 0.047673 0.0518731 0.0548214 0.0564008 0.0565877 0.055446 0.053114 0.0497886 0.0457049 0.0411146 0.0362655 0.0313859 0.0266712 0.0222767 0.0183148 0.0148552 0.0119193 0.00942809 0.00710297 0.00464116 0.00234461 0.000874735 0.000250764 5.8997e-05 1.19495e-05 2.12762e-06 3.31647e-07 4.37213e-08 4.41888e-09 2.45131e-10 0 
0 0.000475472 0.00293973 0.0069175 0.0114423 0.0167094 0.0226002 0.0287986 0.0349495 0.0406969 0.0457142 0.0497294 0.0525447 0.0540484 0.0542177 0.053114 0.0508709 0.0476778 0.0437603 0.0393596 0.0347134 0.0300404 0.0255279 0.0213247 0.0175381 0.0142343 0.0114299 0.00903429 0.00676377 0.00435857 0.00216693 0.000800088 0.000228756 5.3981e-05 1.10023e-05 1.97489e-06 3.10698e-07 4.13741e-08 4.22683e-09 2.37147e-10 0 
0 0.000419594 0.00269723 0.00652527 0.0108247 0.0157624 0.0212767 0.0270781 0.0328339 0.038211 0.0429034 0.0466563 0.0492846 0.0506837 0.0508324 0.0497886 0.0476778 0.0446781 0.041001 0.0368729 0.0325169 0.0281381 0.0239124 0.0199792 0.0164394 0.0133544 0.0107319 0.00846325 0.00626347 0.00394624 0.00191563 0.000697393 0.000198982 4.72604e-05 9.7427e-06 1.7736e-06 2.83437e-07 3.83779e-08 3.98901e-09 2.27771e-10 0 
0 0.00035247 0.00238557 0.00601908 0.0100599 0.0145966 0.0196457 0.0249568 0.0302255 0.0351466 0.0394397 0.0428713 0.0452716 0.0465448 0.0466716 0.0457049 0.0437603 0.041001 0.0376213 0.0338289 0.0298288 0.0258094 0.0219324 0.0183265 0.0150847 0.0122619 0.00985268 0.00772789 0.00562026 0.0034437 0.00163146 0.000588452 0.000168904 4.07583e-05 8.58148e-06 1.59947e-06 2.61958e-07 3.63523e-08 3.8702e-09 2.26108e-10 0 
0 0.000280572 0.00202025 0.00540742 0.00918708 0.0132851 0.0178099 0.0225672 0.0272863 0.0316934 0.0355371 0.0386078 0.0407531 0.0418868 0.0419915 0.0411146 0.0393596 0.0368729 0.0338289 0.0304141 0.0268125 0.0231937 0.0197033 0.0164581 0.0135423 0.0110017 0.00881481 0.00684156 0.00486752 0.00290838 0.00136156 0.000495479 0.000145795 3.63552e-05 7.92822e-06 1.52949e-06 2.58694e-07 3.6962e-08 4.03779e-09 2.412e-10 0 
0 0.000210445 0.00162338 0.00469542 0.00823408 0.0118983 0.0158712 0.0200409 0.024177 0.0280396 0.0314076 0.034097 0.0359736 0.0369616 0.0370451 0.0362655 0.0347134 0.0325169 0.0298288 0.0268125 0.0236295 0.0204287 0.0173388 0.0144631 0.011876 0.00961135 0.00763587 0.00582936 0.00406492 0.00241175 0.0011518 0.000437895 0.000135992 3.57447e-05 8.16154e-06 1.63512e-06 2.8496e-07 4.16608e-08 4.62921e-09 2.79872e-10 0 
0 0.000147788 0.00122422 0.00389251 0.00720748 0.0104925 0.013923 0.0174997 0.0210466 0.024359 0.027247 0.0295521 0.0311587 0.0320011 0.0320651 0.0313859 0.0300404 0.0281381 0.0258094 0.0231937 0.0204287 0.0176418 0.0149435 0.0124225 0.0101406 0.00812196 0.00634429 0.00475098 0.00329843 0.00202005 0.00103525 0.000429902 0.000144773 4.04573e-05 9.62399e-06 1.97691e-06 3.49253e-07 5.13569e-08 5.70894e-09 3.44014e-10 0 
0 9.65383e-05 0.000856137 0.00302788 0.0060901 0.00909324 0.0120405 0.0150487 0.0180235 0.0208017 0.023224 0.0251566 0.0265021 0.0272045 0.0272513 0.0266712 0.0255279 0.0239124 0.0219324 0.0197033 0.0173388 0.0149435 0.012608 0.0104046 0.00838472 0.00658456 0.00503386 0.00374228 0.00267322 0.00176876 0.00101794 0.000476743 0.000175859 5.17582e-05 1.25724e-05 2.58808e-06 4.53626e-07 6.58486e-08 7.20906e-09 4.27441e-10 0 
0 5.83011e-05 0.000548893 0.00216465 0.00486248 0.00767542 0.0102615 0.0127671 0.0152105 0.0174879 0.0194734 0.0210572 0.0221584 0.0227304 0.0227624 0.0222767 0.0213247 0.0199792 0.0183265 0.0164581 0.0144631 0.0124225 0.0104046 0.00846826 0.00668493 0.00516966 0.00402919 0.00321271 0.00251338 0.00180105 0.00112533 0.000580114 0.00023105 7.02441e-05 1.70172e-05 3.43546e-06 5.87263e-07 8.30677e-08 8.86978e-09 5.13739e-10 0 
0 3.23877e-05 0.000319609 0.00139326 0.00355706 0.00616794 0.00855362 0.0106872 0.0126754 0.0145039 0.0160934 0.0173602 0.0182398 0.018694 0.0187133 0.0183148 0.0175381 0.0164394 0.0150847 0.0135423 0.011876 0.0101406 0.00838472 0.00668493 0.0052336 0.00437993 0.0043507 0.00471133 0.00447965 0.0032877 0.00184334 0.000845989 0.000323699 9.65643e-05 2.25846e-05 4.37589e-06 7.20619e-07 9.86667e-08 1.02371e-08 5.78007e-10 0 
0 1.64916e-05 0.000168004 0.000794649 0.00230426 0.00453361 0.00679948 0.00874879 0.0104227 0.0118896 0.0131408 0.0141312 0.0148162 0.015167 0.0151759 0.0148552 0.0142343 0.0133544 0.0122619 0.0110017 0.00961135 0.00812196 0.00658456 0.00516966 0.00437993 0.0051706 0.00815378 0.0117647 0.0125388 0.00926299 0.00471465 0.0017333 0.000522266 0.000135149 2.86942e-05 5.16469e-06 8.08862e-07 1.06914e-07 1.07878e-08 5.94885e-10 0 
0 7.6824e-06 7.95492e-05 0.000398502 0.0012871 0.00290196 0.00489983 0.00677589 0.00832888 0.00958731 0.0106002 0.011377 0.0119053 0.0121718 0.0121734 0.0119193 0.0114299 0.0107319 0.00985268 0.00881481 0.00763587 0.00634429 0.00503386 0.00402919 0.0043507 0.00815378 0.0169226 0.0269288 0.0297021 0.0218805 0.0108801 0.00368276 0.000913952 0.000190814 3.44508e-05 5.52806e-06 8.10188e-07 1.03304e-07 1.01795e-08 5.50922e-10 0 
0 3.27278e-06 3.39677e-05 0.000175838 0.000613251 0.00155647 0.00300235 0.00464648 0.00615114 0.00736895 0.00829785 0.00897096 0.00941073 0.00962796 0.00963039 0.00942809 0.00903429 0.00846325 0.00772789 0.00684156 0.00582936 0.00475098 0.00374228 0.00321271 0.00471133 0.0117647 0.0269288 0.0439785 0.0485213 0.0361455 0.0178218 0.0059037 0.00135749 0.000243391 3.72783e-05 5.22987e-06 7.09802e-07 8.75135e-08 8.48032e-09 4.5367e-10 0 
0 1.27599e-06 1.31244e-05 6.874e-05 0.000250596 0.000691178 0.00149442 0.00261445 0.0038514 0.00499112 0.00591368 0.00658871 0.00702692 0.00724773 0.00726838 0.00710297 0.00676377 0.00626347 0.00562026 0.00486752 0.00406492 0.00329843 0.00267322 0.00251338 0.00447965 0.0125388 0.0297021 0.0485213 0.0527926 0.0403864 0.0197497 0.00650205 0.00146023 0.000243868 3.34006e-05 4.19544e-06 5.32945e-07 6.41716e-08 6.17566e-09 3.29436e-10 0 
0 4.55922e-07 4.60832e-06 2.40353e-05 8.91676e-05 0.000257557 0.000600891 0.00115928 0.00189501 0.00269951 0.00345027 0.00405998 0.00448687 0.00472089 0.00476797 0.00464116 0.00435857 0.00394624 0.0034437 0.00290838 0.00241175 0.00202005 0.00176876 0.00180105 0.0032877 0.00926299 0.0218805 0.0361455 0.0403864 0.0296485 0.0146324 0.004817 0.00107985 0.000176656 2.29614e-05 2.72713e-06 3.36405e-07 4.03699e-08 3.90722e-09 2.09843e-10 0 
0 1.49516e-07 1.47654e-06 7.58648e-06 2.8106e-05 8.25953e-05 0.00020033 0.000410046 0.000721088 0.00110962 0.00152339 0.0019015 0.00219379 0.00236975 0.00241835 0.00234461 0.00216693 0.00191563 0.00163146 0.00136156 0.0011518 0.00103525 0.00101794 0.00112533 0.00184334 0.00471465 0.0108801 0.0178218 0.0197497 0.0146324 0.0072317 0.00239251 0.000543972 8.97786e-05 1.16524e-05 1.39907e-06 1.76705e-07 2.17065e-08 2.14195e-09 1.16935e-10 0 
0 4.50475e-08 4.3306e-07 2.17727e-06 7.9604e-06 2.3355e-05 5.73371e-05 0.000120488 0.000220168 0.000354676 0.000510488 0.000665078 0.000793774 0.000876792 0.000903684 0.000874735 0.000800088 0.000697393 0.000588452 0.000495479 0.000437895 0.000429902 0.000476743 0.000580114 0.000845989 0.0017333 0.00368276 0.0059037 0.00650205 0.004817 0.00239251 0.000804595 0.000188387 3.20666e-05 4.37725e-06 5.70115e-07 7.76206e-08 9.99508e-09 1.01769e-09 5.69637e-11 0 
0 1.24678e-08 1.16441e-07 5.70663e-07 2.04515e-06 5.9251e-06 1.44892e-05 3.06056e-05 5.66875e-05 9.31491e-05 0.000137199 0.000182874 0.000222547 0.000249246 0.000258759 0.000250764 0.000228756 0.000198982 0.000168904 0.000145795 0.000135992 0.000144773 0.000175859 0.00023105 0.000323699 0.000522266 0.000913952 0.00135749 0.00146023 0.00107985 0.000543972 0.000188387 4.58924e-05 8.32158e-06 1.27377e-06 1.91506e-07 2.89898e-08 3.96371e-09 4.1987e-10 2.42643e-11 0 
0 3.1634e-09 2.86771e-08 1.36744e-07 4.7868e-07 1.36148e-06 3.2877e-06 6.89977e-06 1.27706e-05 2.10702e-05 3.12622e-05 4.20373e-05 5.15937e-05 5.81846e-05 6.06938e-05 5.8997e-05 5.3981e-05 4.72604e-05 4.07583e-05 3.63552e-05 3.57447e-05 4.04573e-05 5.17582e-05 7.02441e-05 9.65643e-05 0.000135149 0.000190814 0.000243391 0.000243868 0.000176656 8.97786e-05 3.20666e-05 8.32158e-06 1.70316e-06 3.11836e-07 5.55871e-08 9.36145e-09 1.36118e-09 1.50691e-10 9.03703e-12 0 
0 7.31898e-10 6.44e-09 2.98614e-08 1.01949e-07 2.83882e-07 6.74045e-07 1.39722e-06 2.56544e-06 4.21513e-06 6.24718e-06 8.40909e-06 1.03444e-05 1.16994e-05 1.22436e-05 1.19495e-05 1.10023e-05 9.7427e-06 8.58148e-06 7.92822e-06 8.16154e-06 9.62399e-06 1.25724e-05 1.70172e-05 2.25846e-05 2.86942e-05 3.44508e-05 3.72783e-05 3.34006e-05 2.29614e-05 1.16524e-05 4.37725e-06 1.27377e-06 3.11836e-07 6.94554e-08 1.43259e-08 2.63304e-09 4.05579e-10 4.70251e-11 2.93642e-12 0 
0 1.52732e-10 1.30516e-09 5.88645e-09 1.95948e-08 5.33638e-08 1.24355e-07 2.53917e-07 4.60904e-07 7.51151e-07 1.10748e-06 1.48658e-06 1.8272e-06 2.06829e-06 2.16989e-06 2.12762e-06 1.97489e-06 1.7736e-06 1.59947e-06 1.52949e-06 1.63512e-06 1.97691e-06 2.58808e-06 3.43546e-06 4.37589e-06 5.16469e-06 5.52806e-06 5.22987e-06 4.19544e-06 2.72713e-06 1.39907e-06 5.70115e-07 1.91506e-07 5.55871e-08 1.43259e-08 3.2652e-09 6.42383e-10 1.04406e-10 1.26876e-11 8.26488e-13 0 
0 2.81364e-11 2.33736e-10 1.02619e-09 3.33226e-09 8.8757e-09 2.02894e-08 4.07679e-08 7.30509e-08 1.17881e-07 1.72572e-07 2.3059e-07 2.82782e-07 3.20062e-07 3.36525e-07 3.31647e-07 3.10698e-07 2.83437e-07 2.61958e-07 2.58694e-07 2.8496e-07 3.49253e-07 4.53626e-07 5.87263e-07 7.20619e-07 8.08862e-07 8.10188e-07 7.09802e-07 5.32945e-07 3.36405e-07 1.76705e-07 7.76206e-08 2.89898e-08 9.36145e-09 2.63304e-09 6.42383e-10 1.33752e-10 2.28713e-11 2.91215e-12 1.98023e-13 0 
0 4.37913e-12 3.54075e-11 1.515e-10 4.80339e-10 1.25212e-09 2.80857e-09 5.55291e-09 9.8186e-09 1.56785e-08 2.27733e-08 3.02686e-08 3.70127e-08 4.18727e-08 4.41225e-08 4.37213e-08 4.13741e-08 3.83779e-08 3.63523e-08 3.6962e-08 4.16608e-08 5.13569e-08 6.58486e-08 8.30677e-08 9.86667e-08 1.06914e-07 1.03304e-07 8.75135e-08 6.41716e-08 4.03699e-08 2.17065e-08 9.99508e-09 3.96371e-09 1.36118e-09 4.05579e-10 1.04406e-10 2.28713e-11 4.10426e-12 5.46926e-13 3.88083e-14 0 
0 5.19271e-13 4.09213e-12 1.70868e-11 5.2959e-11 1.35236e-10 2.97864e-10 5.79745e-10 1.01176e-09 1.59871e-09 2.30372e-09 3.04516e-09 3.7123e-09 4.19753e-09 4.4333e-09 4.41888e-09 4.22683e-09 3.98901e-09 3.8702e-09 4.03779e-09 4.62921e-09 5.70894e-09 7.20906e-09 8.86978e-09 1.02371e-08 1.07878e-08 1.01795e-08 8.48032e-09 6.17566e-09 3.90722e-09 2.14195e-09 1.01769e-09 4.1987e-10 1.50691e-10 4.70251e-11 1.26876e-11 2.91215e-12 5.46926e-13 7.61398e-14 5.63164e-15 0 
0 3.34901e-14 2.576e-13 1.05116e-12 3.18908e-12 7.9869e-12 1.72903e-11 3.31531e-11 5.71352e-11 8.93678e-11 1.27782e-10 1.68e-10 2.04199e-10 2.30797e-10 2.44385e-10 2.45131e-10 2.37147e-10 2.27771e-10 2.26108e-10 2.412e-10 2.79872e-10 3.44014e-10 4.27441e-10 5.13739e-10 5.78007e-10 5.94885e-10 5.50922e-10 4.5367e-10 3.29436e-10 2.09843e-10 1.16935e-10 5.69637e-11 2.42643e-11 9.03703e-12 2.93642e-12 8.26488e-13 1.98023e-13 3.88083e-14 5.63164e-15 4.33517e-16 0 
0 0 0 0 0 0 0 0 0 0 0 0 0 0 0 0 0 0 0 0 0 0 0 0 0 0 0 0 0 0 0 0 0 0 0 0 0 0 0 0 0 
