0 0 0 0 0 0 0 0 0 0 0 0 0 0 0 0 0 0 0 0 0 0 0 0 0 0 0 0 0 0 0 0 0 0 0 0 0 0 0 0 0 
0 2.00548e-07 1.77725e-06 7.74147e-06 2.29432e-05 5.15012e-05 9.32457e-05 0.000143137 0.000194202 0.000240675 0.00027917 0.000308304 0.00032787 0.000338196 0.000339781 0.00033315 0.000318824 0.000297365 0.000269482 0.000236184 0.000198948 0.000159819 0.000121336 8.62038e-05 5.67346e-05 3.42643e-05 1.88399e-05 9.37852e-06 4.21439e-06 1.70858e-06 6.25588e-07 2.07208e-07 6.21542e-08 1.68746e-08 4.13108e-09 9.03379e-10 1.72967e-10 2.77864e-11 3.38148e-12 2.22776e-13 0 
0 1.77725e-06 1.6042e-05 6.81784e-05 0.000186508 0.000367896 0.000570536 0.000751969 0.000895818 0.00100494 0.00108674 0.00114636 0.00118608 0.00120673 0.00120894 0.00119373 0.0011626 0.00111725 0.00105891 0.000987782 0.000902627 0.000801244 0.000682251 0.000548062 0.000407463 0.000275005 0.000165755 8.82559e-05 4.13413e-05 1.70693e-05 6.24774e-06 2.04121e-06 5.98697e-07 1.5812e-07 3.75571e-08 7.96111e-09 1.47784e-09 2.30386e-10 2.72444e-11 1.74693e-12 0 
0 7.74147e-06 6.81784e-05 0.000262315 0.000602099 0.00096699 0.00125956 0.00148511 0.00167751 0.00185167 0.0020055 0.00213099 0.00222055 0.00226931 0.00227577 0.00224167 0.0021716 0.00207239 0.00195229 0.00181995 0.0016828 0.00154469 0.00140299 0.00124687 0.00106077 0.00083669 0.000590008 0.00036041 0.000187242 8.25413e-05 3.11851e-05 1.02536e-05 2.97641e-06 7.70291e-07 1.78337e-07 3.67604e-08 6.63201e-09 1.00532e-09 1.15732e-10 7.23473e-12 0 
0 2.29432e-05 0.000186508 0.000602099 0.00111106 0.00152059 0.00186245 0.00220223 0.0025474 0.00287819 0.00317192 0.00340988 0.00357872 0.00367075 0.00368398 0.00362173 0.00349195 0.00330625 0.00307881 0.00282524 0.00256154 0.00230309 0.0020627 0.00184648 0.0016465 0.00143484 0.00117332 0.000851193 0.000519667 0.00025932 0.000105871 3.61234e-05 1.05754e-05 2.71261e-06 6.16546e-07 1.24188e-07 2.1854e-08 3.23068e-09 3.62959e-10 2.21702e-11 0 
0 5.15012e-05 0.000367896 0.00096699 0.00152059 0.0019965 0.00250412 0.00305273 0.0036075 0.00413137 0.00459206 0.00496335 0.00522616 0.00536948 0.00539056 0.00529459 0.00509361 0.00480507 0.00444999 0.00405123 0.00363178 0.00321353 0.00281651 0.00245822 0.00215074 0.00189159 0.00164814 0.00135724 0.000979347 0.000575562 0.000266012 9.77238e-05 2.95584e-05 7.62561e-06 1.71706e-06 3.4002e-07 5.8624e-08 8.48168e-09 9.32739e-10 5.58154e-11 0 
0 9.32457e-05 0.000570536 0.00125956 0.00186245 0.00250412 0.00323747 0.00402149 0.0048053 0.00554131 0.0061868 0.00670631 0.0070738 0.00727419 0.00730383 0.00716993 0.00688922 0.00648578 0.00598862 0.00542904 0.00483828 0.00424547 0.00367643 0.0031531 0.00269385 0.00231184 0.00200451 0.00172951 0.00139891 0.000962257 0.000516951 0.000211369 6.77633e-05 1.78729e-05 4.02746e-06 7.89306e-07 1.3398e-07 1.90443e-08 2.0567e-09 1.20916e-10 0 
0 0.000143137 0.000751969 0.00148511 0.00220223 0.00305273 0.00402149 0.00504764 0.00606954 0.00702746 0.0078668 0.00854209 0.00902015 0.00928136 0.00931996 0.00914501 0.00877918 0.00825429 0.00760758 0.00687916 0.00610907 0.00533453 0.00458795 0.00389593 0.00327947 0.00275507 0.00233333 0.00200363 0.00170007 0.00130925 0.000812925 0.000376729 0.000130753 3.58078e-05 8.15565e-06 1.59233e-06 2.67395e-07 3.74867e-08 3.98884e-09 2.31069e-10 0 
0 0.000194202 0.000895818 0.00167751 0.0025474 0.0036075 0.0048053 0.00606954 0.00732684 0.00850465 0.00953711 0.0103729 0.010976 0.0113148 0.011366 0.0111372 0.0106689 0.0100127 0.00921414 0.0083177 0.00736989 0.00641564 0.00549418 0.00463723 0.00386879 0.00320629 0.00266251 0.00224162 0.00191159 0.00156495 0.0010895 0.00057123 0.000217116 6.24623e-05 1.45005e-05 2.83697e-06 4.73383e-07 6.56936e-08 6.90932e-09 3.95499e-10 0 
0 0.000240675 0.00100494 0.00185167 0.00287819 0.00413137 0.00554131 0.00702746 0.00850465 0.00988924 0.0111136 0.0121365 0.0129025 0.0133327 0.0133979 0.0131108 0.0125118 0.0116871 0.0107219 0.00966193 0.00854734 0.00742537 0.00634101 0.00533095 0.00442239 0.00363392 0.00297794 0.00246218 0.0020753 0.00173952 0.001308 0.000762326 0.000317234 9.64192e-05 2.29416e-05 4.51767e-06 7.518e-07 1.03608e-07 1.08023e-08 6.12636e-10 0 
0 0.00027917 0.00108674 0.0020055 0.00317192 0.00459206 0.0061868 0.0078668 0.00953711 0.0111136 0.0125465 0.0137513 0.0145615 0.0149601 0.0150162 0.0147558 0.0141577 0.0132206 0.0120705 0.0108411 0.00957465 0.00830573 0.00707938 0.0059361 0.00490607 0.00400918 0.00325743 0.00265822 0.00220917 0.0018587 0.00146273 0.000924482 0.000416939 0.000133733 3.26767e-05 6.49345e-06 1.08059e-06 1.48282e-07 1.53651e-08 8.65474e-10 0 
0 0.000308304 0.00114636 0.00213099 0.00340988 0.00496335 0.00670631 0.00854209 0.0103729 0.0121365 0.0137513 0.0149418 0.0156259 0.0159473 0.0159902 0.0157757 0.0152775 0.0144246 0.0131996 0.0118054 0.0103984 0.00900859 0.00766851 0.00641887 0.00529203 0.0043091 0.00348191 0.0028168 0.00231433 0.00193972 0.00156392 0.00104583 0.000502879 0.000169023 4.23377e-05 8.49541e-06 1.41604e-06 1.93878e-07 2.00102e-08 1.12188e-09 0 
0 0.00032787 0.00118608 0.00222055 0.00357872 0.00522616 0.0070738 0.00902015 0.010976 0.0129025 0.0145615 0.0156259 0.0162179 0.016498 0.0165336 0.0163417 0.0159023 0.0151505 0.01399 0.0125078 0.0109807 0.0094991 0.00807865 0.00675454 0.00556008 0.0045172 0.00363768 0.002927 0.00238629 0.00198999 0.00162329 0.00112482 0.000565839 0.000197044 5.03513e-05 1.01903e-05 1.70245e-06 2.32916e-07 2.39878e-08 1.34123e-09 0 
0 0.000338196 0.00120673 0.00226931 0.00367075 0.00536948 0.00727419 0.00928136 0.0113148 0.0133327 0.0149601 0.0159473 0.016498 0.0167595 0.016791 0.0166079 0.0161928 0.0154883 0.014388 0.0128926 0.0112936 0.00975697 0.00829278 0.00692893 0.00569853 0.0046239 0.00371676 0.00298202 0.00242077 0.00201172 0.00164908 0.0011644 0.000601186 0.000213942 5.53803e-05 1.12765e-05 1.88809e-06 2.58391e-07 2.65954e-08 1.48556e-09 0 
0 0.000339781 0.00120894 0.00227577 0.00368398 0.00539056 0.00730383 0.00931996 0.011366 0.0133979 0.0150162 0.0159902 0.0165336 0.016791 0.0168204 0.0166368 0.0162232 0.0155234 0.014431 0.0129338 0.0113221 0.0097768 0.00830707 0.00693866 0.00570442 0.00462655 0.00371664 0.00297938 0.00241574 0.00200549 0.00164584 0.00116809 0.0006078 0.000217852 5.66703e-05 1.1573e-05 1.94108e-06 2.65932e-07 2.73928e-08 1.53106e-09 0 
0 0.00033315 0.00119373 0.00224167 0.00362173 0.00529459 0.00716993 0.00914501 0.0111372 0.0131108 0.0147558 0.0157757 0.0163417 0.0166079 0.0166368 0.0164443 0.0160119 0.015279 0.0141421 0.0126427 0.0110761 0.00956892 0.00813021 0.00679062 0.00558294 0.00452887 0.00363976 0.00292039 0.00237166 0.00197175 0.00161529 0.00113838 0.000586945 0.000208976 5.4205e-05 1.10675e-05 1.85856e-06 2.55102e-07 2.63334e-08 1.47514e-09 0 
0 0.000318824 0.0011626 0.0021716 0.00349195 0.00509361 0.00688922 0.00877918 0.0106689 0.0125118 0.0141577 0.0152775 0.0159023 0.0161928 0.0162232 0.0160119 0.0155364 0.0147281 0.0135177 0.0120613 0.0105914 0.00915779 0.0077817 0.00650042 0.00534618 0.00433984 0.00349249 0.00280922 0.00229076 0.00191076 0.00155683 0.00107667 0.000541743 0.000189339 4.86593e-05 9.91052e-06 1.6662e-06 2.29362e-07 2.37636e-08 1.33654e-09 0 
0 0.000297365 0.00111725 0.00207239 0.00330625 0.00480507 0.00648578 0.00825429 0.0100127 0.0116871 0.0132206 0.0144246 0.0151505 0.0154883 0.0155234 0.015279 0.0147281 0.0138162 0.0125953 0.0112629 0.0099147 0.00857746 0.00728922 0.00609026 0.00501133 0.00407218 0.00328372 0.00265161 0.00217562 0.00182135 0.00146757 0.000984168 0.000477262 0.000162382 4.11943e-05 8.36338e-06 1.40895e-06 1.94829e-07 2.03e-08 1.14874e-09 0 
0 0.000269482 0.00105891 0.00195229 0.00307881 0.00444999 0.00598862 0.00760758 0.00921414 0.0107219 0.0120705 0.0131996 0.01399 0.014388 0.014431 0.0141421 0.0135177 0.0125953 0.0114976 0.0103168 0.00909306 0.0078675 0.00668566 0.00558648 0.00459853 0.00374047 0.00302321 0.00245299 0.0020269 0.00169901 0.00134273 0.000863923 0.000400799 0.000132394 3.31655e-05 6.72378e-06 1.13771e-06 1.58438e-07 1.66444e-08 9.50016e-10 0 
0 0.000236184 0.000987782 0.00181995 0.00282524 0.00405123 0.00542904 0.00687916 0.0083177 0.00966193 0.0108411 0.0118054 0.0125078 0.0128926 0.0129338 0.0126427 0.0120613 0.0112629 0.0103168 0.00927161 0.00817328 0.00707013 0.00600617 0.00501698 0.00412879 0.00335927 0.00271956 0.00221595 0.00184016 0.00153428 0.00117815 0.000723555 0.000321777 0.000103788 2.58271e-05 5.25504e-06 8.96802e-07 1.2621e-07 1.34071e-08 7.73754e-10 0 
0 0.000198948 0.000902627 0.0016828 0.00256154 0.00363178 0.00483828 0.00610907 0.00736989 0.00854734 0.00957465 0.0103984 0.0109807 0.0112936 0.0113221 0.0110761 0.0105914 0.0099147 0.00909306 0.00817328 0.00720299 0.00622729 0.0052854 0.00440904 0.0036221 0.00294138 0.00237815 0.00193713 0.00160323 0.0013149 0.000976411 0.00057753 0.000250638 8.03263e-05 2.01091e-05 4.13989e-06 7.16102e-07 1.02149e-07 1.09903e-08 6.41754e-10 0 
0 0.000159819 0.000801244 0.00154469 0.00230309 0.00321353 0.00424547 0.00533453 0.00641564 0.00742537 0.00830573 0.00900859 0.0094991 0.00975697 0.0097768 0.00956892 0.00915779 0.00857746 0.0078675 0.00707013 0.00622729 0.00537778 0.00455535 0.00378768 0.00309623 0.00249685 0.00199996 0.00160727 0.00130243 0.00103948 0.000755739 0.000445837 0.000196491 6.4464e-05 1.65107e-05 3.46437e-06 6.08399e-07 8.78349e-08 9.5414e-09 5.61423e-10 0 
0 0.000121336 0.000682251 0.00140299 0.0020627 0.00281651 0.00367643 0.00458795 0.00549418 0.00634101 0.00707938 0.00766851 0.00807865 0.00829278 0.00830707 0.00813021 0.0077817 0.00728922 0.00668566 0.00600617 0.0052854 0.00455535 0.00384403 0.00317484 0.00256703 0.0020363 0.00159345 0.00124021 0.000966607 0.000750034 0.000552291 0.00034537 0.000163697 5.68853e-05 1.50856e-05 3.22188e-06 5.70187e-07 8.25151e-08 8.95956e-09 5.2611e-10 0 
0 8.62038e-05 0.000548062 0.00124687 0.00184648 0.00245822 0.0031531 0.00389593 0.00463723 0.00533095 0.0059361 0.00641887 0.00675454 0.00692893 0.00693866 0.00679062 0.00650042 0.00609026 0.00558648 0.00501698 0.00440904 0.00378768 0.00317484 0.00259014 0.00205507 0.00159925 0.00125152 0.00100145 0.000793232 0.000594697 0.00042413 0.000280986 0.000148779 5.61586e-05 1.54421e-05 3.31895e-06 5.83145e-07 8.33783e-08 8.93416e-09 5.17803e-10 0 
0 5.67346e-05 0.000407463 0.00106077 0.0016465 0.00215074 0.00269385 0.00327947 0.00386879 0.00442239 0.00490607 0.00529203 0.00556008 0.00569853 0.00570442 0.00558294 0.00534618 0.00501133 0.00459853 0.00412879 0.0036221 0.00309623 0.00256703 0.00205507 0.00161098 0.00134206 0.00132795 0.00143665 0.00136595 0.00100355 0.000570141 0.000290015 0.000146977 5.91602e-05 1.67594e-05 3.57846e-06 6.15914e-07 8.60372e-08 9.01721e-09 5.12234e-10 0 
0 3.42643e-05 0.000275005 0.00083669 0.00143484 0.00189159 0.00231184 0.00275507 0.00320629 0.00363392 0.00400918 0.0043091 0.0045172 0.0046239 0.00462655 0.00452887 0.00433984 0.00407218 0.00374047 0.00335927 0.00294138 0.00249685 0.0020363 0.00159925 0.00134206 0.00157661 0.00248553 0.00361596 0.00403189 0.0028237 0.00143726 0.00053197 0.000180075 6.42725e-05 1.80389e-05 3.7689e-06 6.30039e-07 8.55915e-08 8.75243e-09 4.86673e-10 0 
0 1.88399e-05 0.000165755 0.000590008 0.00117332 0.00164814 0.00200451 0.00233333 0.00266251 0.00297794 0.00325743 0.00348191 0.00363768 0.00371676 0.00371664 0.00363976 0.00349249 0.00328372 0.00302321 0.00271956 0.00237815 0.00199996 0.00159345 0.00125152 0.00132795 0.00248553 0.00520152 0.00947771 0.0104443 0.00732578 0.00331665 0.00112277 0.000284827 7.36538e-05 1.85423e-05 3.68419e-06 5.93738e-07 7.84803e-08 7.85247e-09 4.28791e-10 0 
0 9.37852e-06 8.82559e-05 0.00036041 0.000851193 0.00135724 0.00172951 0.00200363 0.00224162 0.00246218 0.00265822 0.0028168 0.002927 0.00298202 0.00297938 0.00292039 0.00280922 0.00265161 0.00245299 0.00221595 0.00193713 0.00160727 0.00124021 0.00100145 0.00143665 0.00361596 0.00947771 0.0117468 0.0120246 0.0111348 0.00613169 0.00179963 0.000415747 8.40032e-05 1.76689e-05 3.22752e-06 4.98149e-07 6.43231e-08 6.33863e-09 3.42089e-10 0 
0 4.21439e-06 4.13413e-05 0.000187242 0.000519667 0.000979347 0.00139891 0.00170007 0.00191159 0.0020753 0.00220917 0.00231433 0.00238629 0.00242077 0.00241574 0.00237166 0.00229076 0.00217562 0.0020269 0.00184016 0.00160323 0.00130243 0.000966607 0.000793232 0.00136595 0.00403189 0.0104443 0.0120246 0.0122309 0.0114964 0.00734442 0.00198209 0.000446271 8.1138e-05 1.47135e-05 2.45131e-06 3.63154e-07 4.61921e-08 4.52454e-09 2.43355e-10 0 
0 1.70858e-06 1.70693e-05 8.25413e-05 0.00025932 0.000575562 0.000962257 0.00130925 0.00156495 0.00173952 0.0018587 0.00193972 0.00198999 0.00201172 0.00200549 0.00197175 0.00191076 0.00182135 0.00169901 0.00153428 0.0013149 0.00103948 0.000750034 0.000594697 0.00100355 0.0028237 0.00732578 0.0111348 0.0114964 0.0101021 0.00455354 0.00146838 0.00033069 5.91801e-05 9.96368e-06 1.55964e-06 2.2595e-07 2.87097e-08 2.82645e-09 1.5292e-10 0 
0 6.25588e-07 6.24774e-06 3.11851e-05 0.000105871 0.000266012 0.000516951 0.000812925 0.0010895 0.001308 0.00146273 0.00156392 0.00162329 0.00164908 0.00164584 0.00161529 0.00155683 0.00146757 0.00134273 0.00117815 0.000976411 0.000755739 0.000552291 0.00042413 0.000570141 0.00143726 0.00331665 0.00613169 0.00734442 0.00455354 0.00220444 0.000729523 0.000168628 3.14478e-05 5.24258e-06 8.12121e-07 1.18811e-07 1.53532e-08 1.53723e-09 8.44446e-11 0 
0 2.07208e-07 2.04121e-06 1.02536e-05 3.61234e-05 9.77238e-05 0.000211369 0.000376729 0.00057123 0.000762326 0.000924482 0.00104583 0.00112482 0.0011644 0.00116809 0.00113838 0.00107667 0.000984168 0.000863923 0.000723555 0.00057753 0.000445837 0.00034537 0.000280986 0.000290015 0.00053197 0.00112277 0.00179963 0.00198209 0.00146838 0.000729523 0.00024703 6.12317e-05 1.22825e-05 2.1337e-06 3.45857e-07 5.28296e-08 7.06169e-09 7.26825e-10 4.08856e-11 0 
0 6.21542e-08 5.98697e-07 2.97641e-06 1.05754e-05 2.95584e-05 6.77633e-05 0.000130753 0.000217116 0.000317234 0.000416939 0.000502879 0.000565839 0.000601186 0.0006078 0.000586945 0.000541743 0.000477262 0.000400799 0.000321777 0.000250638 0.000196491 0.000163697 0.000148779 0.000146977 0.000180075 0.000284827 0.000415747 0.000446271 0.00033069 0.000168628 6.12317e-05 1.67438e-05 3.6575e-06 6.94529e-07 1.22947e-07 2.00379e-08 2.80241e-09 2.98972e-10 1.73438e-11 0 
0 1.68746e-08 1.5812e-07 7.70291e-07 2.71261e-06 7.62561e-06 1.78729e-05 3.58078e-05 6.24623e-05 9.64192e-05 0.000133733 0.000169023 0.000197044 0.000213942 0.000217852 0.000208976 0.000189339 0.000162382 0.000132394 0.000103788 8.03263e-05 6.4464e-05 5.68853e-05 5.61586e-05 5.91602e-05 6.42725e-05 7.36538e-05 8.40032e-05 8.1138e-05 5.91801e-05 3.14478e-05 1.22825e-05 3.6575e-06 8.89153e-07 1.90939e-07 3.74644e-08 6.54916e-09 9.63205e-10 1.07101e-10 6.44163e-12 0 
0 4.13108e-09 3.75571e-08 1.78337e-07 6.16546e-07 1.71706e-06 4.02746e-06 8.15565e-06 1.45005e-05 2.29416e-05 3.26767e-05 4.23377e-05 5.03513e-05 5.53803e-05 5.66703e-05 5.4205e-05 4.86593e-05 4.11943e-05 3.31655e-05 2.58271e-05 2.01091e-05 1.65107e-05 1.50856e-05 1.54421e-05 1.67594e-05 1.80389e-05 1.85423e-05 1.76689e-05 1.47135e-05 9.96368e-06 5.24258e-06 2.1337e-06 6.94529e-07 1.90939e-07 4.62549e-08 9.94161e-09 1.85452e-09 2.87145e-10 3.33844e-11 2.08928e-12 0 
0 9.03379e-10 7.96111e-09 3.67604e-08 1.24188e-07 3.4002e-07 7.89306e-07 1.59233e-06 2.83697e-06 4.51767e-06 6.49345e-06 8.49541e-06 1.01903e-05 1.12765e-05 1.1573e-05 1.10675e-05 9.91052e-06 8.36338e-06 6.72378e-06 5.25504e-06 4.13989e-06 3.46437e-06 3.22188e-06 3.31895e-06 3.57846e-06 3.7689e-06 3.68419e-06 3.22752e-06 2.45131e-06 1.55964e-06 8.12121e-07 3.45857e-07 1.22947e-07 3.74644e-08 9.94161e-09 2.29547e-09 4.53863e-10 7.39435e-11 9.0018e-12 5.87381e-13 0 
0 1.72967e-10 1.47784e-09 6.63201e-09 2.1854e-08 5.8624e-08 1.3398e-07 2.67395e-07 4.73383e-07 7.518e-07 1.08059e-06 1.41604e-06 1.70245e-06 1.88809e-06 1.94108e-06 1.85856e-06 1.6662e-06 1.40895e-06 1.13771e-06 8.96802e-07 7.16102e-07 6.08399e-07 5.70187e-07 5.83145e-07 6.15914e-07 6.30039e-07 5.93738e-07 4.98149e-07 3.63154e-07 2.2595e-07 1.18811e-07 5.28296e-08 2.00379e-08 6.54916e-09 1.85452e-09 4.53863e-10 9.46514e-11 1.62047e-11 2.06576e-12 1.40646e-13 0 
0 2.77864e-11 2.30386e-10 1.00532e-09 3.23068e-09 8.48168e-09 1.90443e-08 3.74867e-08 6.56936e-08 1.03608e-07 1.48282e-07 1.93878e-07 2.32916e-07 2.58391e-07 2.65932e-07 2.55102e-07 2.29362e-07 1.94829e-07 1.58438e-07 1.2621e-07 1.02149e-07 8.78349e-08 8.25151e-08 8.33783e-08 8.60372e-08 8.55915e-08 7.84803e-08 6.43231e-08 4.61921e-08 2.87097e-08 1.53532e-08 7.06169e-09 2.80241e-09 9.63205e-10 2.87145e-10 7.39435e-11 1.62047e-11 2.90959e-12 3.88015e-13 2.75568e-14 0 
0 3.38148e-12 2.72444e-11 1.15732e-10 3.62959e-10 9.32739e-10 2.0567e-09 3.98884e-09 6.90932e-09 1.08023e-08 1.53651e-08 2.00102e-08 2.39878e-08 2.65954e-08 2.73928e-08 2.63334e-08 2.37636e-08 2.03e-08 1.66444e-08 1.34071e-08 1.09903e-08 9.5414e-09 8.95956e-09 8.93416e-09 9.01721e-09 8.75243e-09 7.85247e-09 6.33863e-09 4.52454e-09 2.82645e-09 1.53723e-09 7.26825e-10 2.98972e-10 1.07101e-10 3.33844e-11 9.0018e-12 2.06576e-12 3.88015e-13 5.40372e-14 3.99908e-15 0 
0 2.22776e-13 1.74693e-12 7.23473e-12 2.21702e-11 5.58154e-11 1.20916e-10 2.31069e-10 3.95499e-10 6.12636e-10 8.65474e-10 1.12188e-09 1.34123e-09 1.48556e-09 1.53106e-09 1.47514e-09 1.33654e-09 1.14874e-09 9.50016e-10 7.73754e-10 6.41754e-10 5.61423e-10 5.2611e-10 5.17803e-10 5.12234e-10 4.86673e-10 4.28791e-10 3.42089e-10 2.43355e-10 1.5292e-10 8.44446e-11 4.08856e-11 1.73438e-11 6.44163e-12 2.08928e-12 5.87381e-13 1.40646e-13 2.75568e-14 3.99908e-15 3.0793e-16 0 
0 0 0 0 0 0 0 0 0 0 0 0 0 0 0 0 0 0 0 0 0 0 0 0 0 0 0 0 0 0 0 0 0 0 0 0 0 0 0 0 0 
