0 0 0 0 0 0 0 0 0 0 0 0 0 0 0 0 0 0 0 0 0 0 0 0 0 0 0 0 0 0 0 0 0 0 0 0 0 0 0 0 0 
0 1.85295e-07 1.66249e-06 7.42048e-06 2.28194e-05 5.36563e-05 0.000102171 0.000164688 0.000233331 0.00029972 0.000357514 0.000402971 0.000434402 0.000451404 0.000454293 0.000443799 0.000420951 0.000387097 0.000344018 0.000294065 0.000240257 0.000186189 0.00013568 9.21248e-05 5.77644e-05 3.31854e-05 1.73625e-05 8.24204e-06 3.54474e-06 1.38175e-06 4.8886e-07 1.57227e-07 4.60035e-08 1.22327e-08 2.9435e-09 6.34622e-10 1.20109e-10 1.91141e-11 2.30839e-12 1.51138e-13 0 
0 1.66249e-06 1.53154e-05 6.79068e-05 0.000198203 0.000422867 0.000709149 0.00099922 0.0012522 0.00145504 0.00161001 0.00172264 0.00179705 0.00183574 0.00184064 0.00181374 0.00175733 0.00167358 0.00156402 0.00142914 0.00126871 0.00108353 0.000878391 0.000665056 0.000462189 0.000290159 0.000162581 8.07851e-05 3.55745e-05 1.39352e-05 4.88458e-06 1.54122e-06 4.39684e-07 1.13597e-07 2.65161e-08 5.54389e-09 1.01801e-09 1.57347e-10 1.84817e-11 1.17872e-12 0 
0 7.42048e-06 6.79068e-05 0.000281763 0.000718086 0.00128125 0.00180714 0.00223454 0.00258494 0.002884 0.00313791 0.00334078 0.00348412 0.00356184 0.0035722 0.00351809 0.00340652 0.00324757 0.00305295 0.00283385 0.00259813 0.00234694 0.00207246 0.00176074 0.00140385 0.00101839 0.000652089 0.000360654 0.000170898 6.97038e-05 2.47717e-05 7.7777e-06 2.18201e-06 5.50666e-07 1.25129e-07 2.54345e-08 4.54064e-09 6.8284e-10 7.81326e-11 4.86155e-12 0 
0 2.28194e-05 0.000198203 0.000718086 0.00150548 0.00225281 0.00287478 0.003445 0.00399881 0.00452173 0.00498414 0.00535832 0.00562372 0.00576837 0.00578916 0.00569132 0.00548734 0.00519543 0.00483775 0.00443848 0.00402174 0.00360892 0.00321388 0.00283511 0.00244804 0.00201105 0.00150277 0.000971941 0.000524781 0.000234083 8.7351e-05 2.79073e-05 7.80467e-06 1.94012e-06 4.31533e-07 8.56154e-08 1.49051e-08 2.18646e-09 2.44264e-10 1.4858e-11 0 
0 5.36563e-05 0.000422867 0.00128125 0.00225281 0.00309814 0.0039279 0.0047962 0.00566888 0.00649223 0.0072162 0.00779966 0.00821266 0.00843787 0.008471 0.00832019 0.00800437 0.00755093 0.00699295 0.0063663 0.00570707 0.00504939 0.00442354 0.00385264 0.00334385 0.00287175 0.00236955 0.00177321 0.00112264 0.000572748 0.000233689 7.81655e-05 2.21826e-05 5.49096e-06 1.20388e-06 2.34276e-07 3.99247e-08 5.73069e-09 6.26757e-10 3.73593e-11 0 
0 0.000102171 0.000709149 0.00180714 0.00287478 0.0039279 0.00508695 0.00631954 0.0075513 0.0087079 0.00972226 0.0105386 0.0111161 0.011431 0.0114776 0.0112672 0.0108261 0.0101921 0.00941083 0.00853148 0.00760312 0.00667155 0.00577721 0.00495399 0.00422742 0.00360606 0.00305782 0.00248925 0.00180617 0.00107088 0.000493411 0.000177891 5.22568e-05 1.30407e-05 2.84047e-06 5.45132e-07 9.13174e-08 1.28696e-08 1.38203e-09 8.09384e-11 0 
0 0.000164688 0.00099922 0.00223454 0.003445 0.0047962 0.00631954 0.00793213 0.00953799 0.0110433 0.0123623 0.0134232 0.0141734 0.0145823 0.0146425 0.0143688 0.0137953 0.0129711 0.0119549 0.0108103 0.00960011 0.00838296 0.00720973 0.0061222 0.00515281 0.00432386 0.00363655 0.00303703 0.00239416 0.00161623 0.000850109 0.000337596 0.000104556 2.66276e-05 5.80755e-06 1.10522e-06 1.82755e-07 2.53776e-08 2.684e-09 1.5486e-10 0 
0 0.000233331 0.0012522 0.00258494 0.00399881 0.00566888 0.0075513 0.00953799 0.0115138 0.0133646 0.0149856 0.0162894 0.0172127 0.0177172 0.017791 0.0174517 0.0167435 0.0157287 0.0144788 0.0130708 0.0115814 0.0100819 0.00863384 0.00728718 0.00607954 0.00503746 0.00417507 0.00347439 0.00283631 0.00209421 0.00124172 0.000547523 0.000181077 4.75411e-05 1.04549e-05 1.98286e-06 3.24938e-07 4.46083e-08 4.66047e-09 2.65628e-10 0 
0 0.00029972 0.00145504 0.002884 0.00452173 0.00649223 0.0087079 0.0110433 0.0133646 0.0155382 0.0174427 0.0189802 0.0200786 0.0206844 0.0207731 0.020363 0.0195141 0.0183098 0.016837 0.015182 0.0134317 0.0116686 0.00996459 0.00837732 0.00694956 0.00571032 0.00467701 0.00384868 0.00316519 0.00245971 0.00160104 0.000778963 0.000276353 7.52658e-05 1.6775e-05 3.18355e-06 5.18804e-07 7.06303e-08 7.30982e-09 4.12633e-10 0 
0 0.000357514 0.00161001 0.00313791 0.00498414 0.0072162 0.00972226 0.0123623 0.0149856 0.0174427 0.0196028 0.0213596 0.0226158 0.0232993 0.023397 0.0229347 0.0219644 0.0205808 0.0189 0.0170241 0.0150451 0.013052 0.0111249 0.0093283 0.00770965 0.00630019 0.00511801 0.00416795 0.00341533 0.00272038 0.00188896 0.000997849 0.000378265 0.000107016 2.42366e-05 4.6154e-06 7.50033e-07 1.01531e-07 1.04359e-08 5.84858e-10 0 
0 0.000402971 0.00172264 0.00334078 0.00535832 0.00779966 0.0105386 0.0134232 0.0162894 0.0189802 0.0213596 0.0232811 0.0245973 0.0252741 0.0253651 0.0249074 0.0239094 0.0224168 0.0205635 0.0184996 0.0163338 0.0141562 0.0120507 0.0100869 0.00831617 0.00677153 0.00547129 0.00442166 0.00360123 0.00289722 0.00209572 0.00117787 0.000472096 0.000138262 3.18173e-05 6.08825e-06 9.88569e-07 1.3336e-07 1.36445e-08 7.60868e-10 0 
0 0.000434402 0.00179705 0.00348412 0.00562372 0.00821266 0.0111161 0.0141734 0.0172127 0.0200786 0.0226158 0.0245973 0.0258717 0.0264984 0.0265772 0.0261474 0.0251922 0.0236927 0.0217418 0.0195377 0.0172342 0.0149259 0.0126952 0.0106144 0.00873739 0.00709855 0.00571626 0.00459669 0.00372463 0.00300606 0.0022266 0.00130481 0.00054493 0.000164005 3.82547e-05 7.35598e-06 1.19495e-06 1.60936e-07 1.64233e-08 9.13123e-10 0 
0 0.000451404 0.00183574 0.00356184 0.00576837 0.00843787 0.011431 0.0145823 0.0177172 0.0206844 0.0232993 0.0252741 0.0264984 0.0270903 0.0271604 0.0267465 0.0258263 0.0243531 0.0223722 0.0200917 0.0177094 0.0153295 0.0130316 0.0108885 0.00895496 0.00726623 0.00584058 0.00468389 0.00378349 0.00305561 0.00229033 0.00137398 0.000588228 0.000180153 4.24144e-05 8.18839e-06 1.33174e-06 1.79327e-07 1.82856e-08 1.01561e-09 0 
0 0.000454293 0.00184064 0.0035722 0.00578916 0.008471 0.0114776 0.0146425 0.017791 0.0207731 0.023397 0.0253651 0.0265772 0.0271604 0.027226 0.0268115 0.025894 0.024424 0.0224382 0.0201448 0.01775 0.0153603 0.0130541 0.0109038 0.00896422 0.0072704 0.00584041 0.00467991 0.00377677 0.00305039 0.00229397 0.00138609 0.0005984 0.00018449 4.36208e-05 8.44286e-06 1.37534e-06 1.85408e-07 1.89229e-08 1.05187e-09 0 
0 0.000443799 0.00181374 0.00351809 0.00569132 0.00832019 0.0112672 0.0143688 0.0174517 0.020363 0.0229347 0.0249074 0.0261474 0.0267465 0.0268115 0.0263807 0.0254346 0.0239391 0.0219641 0.0197173 0.0173751 0.0150348 0.0127762 0.0106711 0.00877332 0.0071169 0.00571958 0.00458693 0.00370588 0.0029928 0.00224178 0.00134444 0.000576358 0.000177035 4.18319e-05 8.10635e-06 1.32329e-06 1.78837e-07 1.83014e-08 1.02016e-09 0 
0 0.000420951 0.00175733 0.00340652 0.00548734 0.00800437 0.0108261 0.0137953 0.0167435 0.0195141 0.0219644 0.0239094 0.0251922 0.0258263 0.025894 0.0254346 0.0244414 0.0229255 0.0210068 0.0188653 0.0166298 0.0143902 0.0122286 0.0102151 0.00840126 0.00681985 0.00548807 0.00441141 0.00357405 0.00288367 0.00213553 0.00125415 0.000526859 0.000159872 3.76155e-05 7.29355e-06 1.19424e-06 1.6208e-07 1.6666e-08 9.33704e-10 0 
0 0.000387097 0.00167358 0.00324757 0.00519543 0.00755093 0.0101921 0.0129711 0.0157287 0.0183098 0.0205808 0.0224168 0.0236927 0.0243531 0.024424 0.0239391 0.0229255 0.0214548 0.0196589 0.0176663 0.0155767 0.0134789 0.0114547 0.00957055 0.00787506 0.00639922 0.00515982 0.00416196 0.00338436 0.00272142 0.00197578 0.00112298 0.000457899 0.00013659 3.19611e-05 6.20646e-06 1.02137e-06 1.39551e-07 1.44573e-08 8.16331e-10 0 
0 0.000344018 0.00156402 0.00305295 0.00483775 0.00699295 0.00941083 0.0119549 0.0144788 0.016837 0.0189 0.0205635 0.0217418 0.0223722 0.0224382 0.0219641 0.0210068 0.0196589 0.0180259 0.0162054 0.0142888 0.0123634 0.0105062 0.00877888 0.00722637 0.00587792 0.00474997 0.00384635 0.00313666 0.00250125 0.00176448 0.000963069 0.00037993 0.000111478 2.60092e-05 5.07528e-06 8.42461e-07 1.16301e-07 1.21819e-08 6.95555e-10 0 
0 0.000294065 0.00142914 0.00283385 0.00443848 0.0063663 0.00853148 0.0108103 0.0130708 0.015182 0.0170241 0.0184996 0.0195377 0.0200917 0.0201448 0.0197173 0.0188653 0.0176663 0.0162054 0.0145692 0.0128439 0.0111104 0.00943841 0.00788394 0.00648819 0.00527877 0.00427167 0.00346759 0.00282439 0.00221659 0.00151001 0.000792242 0.00030455 8.86766e-05 2.07932e-05 4.10409e-06 6.90876e-07 9.6793e-08 1.02876e-08 5.95678e-10 0 
0 0.000240257 0.00126871 0.00259813 0.00402174 0.00570707 0.00760312 0.00960011 0.0115814 0.0134317 0.0150451 0.0163338 0.0172342 0.0177094 0.01775 0.0173751 0.0166298 0.0155767 0.0142888 0.0128439 0.0113192 0.00978589 0.00830575 0.00692859 0.00569192 0.0046217 0.0037327 0.00302032 0.00243494 0.00186666 0.00123307 0.000633084 0.000242607 7.14675e-05 1.70706e-05 3.43736e-06 5.89803e-07 8.40835e-08 9.07636e-09 5.32735e-10 0 
0 0.000186189 0.00108353 0.00234694 0.00360892 0.00504939 0.00667155 0.00838296 0.0100819 0.0116686 0.013052 0.0141562 0.0149259 0.0153295 0.0153603 0.0150348 0.0143902 0.0134789 0.0123634 0.0111104 0.00978589 0.00845093 0.00715852 0.00595214 0.00486538 0.00392214 0.00313459 0.0024952 0.00196471 0.00147249 0.000968115 0.000507725 0.000202018 6.1875e-05 1.52638e-05 3.14924e-06 5.50103e-07 7.94552e-08 8.65864e-09 5.1167e-10 0 
0 0.00013568 0.000878391 0.00207246 0.00321388 0.00442354 0.00577721 0.00720973 0.00863384 0.00996459 0.0111249 0.0120507 0.0126952 0.0130316 0.0130541 0.0127762 0.0122286 0.0114547 0.0105062 0.00943841 0.00830575 0.00715852 0.00604069 0.004989 0.00403324 0.00319675 0.00249433 0.00192641 0.00147374 0.00109777 0.000751629 0.000427486 0.000185311 6.04323e-05 1.54522e-05 3.24212e-06 5.69621e-07 8.22656e-08 8.93556e-09 5.25372e-10 0 
0 9.21248e-05 0.000665056 0.00176074 0.00283511 0.00385264 0.00495399 0.0061222 0.00728718 0.00837732 0.0093283 0.0100869 0.0106144 0.0108885 0.0109038 0.0106711 0.0102151 0.00957055 0.00877888 0.00788394 0.00692859 0.00595214 0.004989 0.00406974 0.00322768 0.00250982 0.00196257 0.0015691 0.00123966 0.000919789 0.000632938 0.000388526 0.000187606 6.58386e-05 1.73181e-05 3.63656e-06 6.31758e-07 8.98414e-08 9.60083e-09 5.55595e-10 0 
0 5.77644e-05 0.000462189 0.00140385 0.00244804 0.00334385 0.00422742 0.00515281 0.00607954 0.00694956 0.00770965 0.00831617 0.00873739 0.00895496 0.00896422 0.00877332 0.00840126 0.00787506 0.00722637 0.00648819 0.00569192 0.00486538 0.00403324 0.00322768 0.0025295 0.00210801 0.0020866 0.00225757 0.00214647 0.0015768 0.000893608 0.000442389 0.000205709 7.5336e-05 2.00856e-05 4.15542e-06 7.0433e-07 9.763e-08 1.01871e-08 5.76954e-10 0 
0 3.31854e-05 0.000290159 0.00101839 0.00201105 0.00287175 0.00360606 0.00432386 0.00503746 0.00571032 0.00630019 0.00677153 0.00709855 0.00726623 0.0072704 0.0071169 0.00681985 0.00639922 0.00587792 0.00527877 0.0046217 0.00392214 0.00319675 0.00250982 0.00210801 0.00247753 0.00390589 0.00563722 0.00603587 0.00443722 0.00225858 0.000834932 0.00027355 8.82669e-05 2.27457e-05 4.54566e-06 7.4476e-07 1.00239e-07 1.01982e-08 5.65107e-10 0 
0 1.73625e-05 0.000162581 0.000652089 0.00150277 0.00236955 0.00305782 0.00363655 0.00417507 0.00467701 0.00511801 0.00547129 0.00571626 0.00584058 0.00584041 0.00571958 0.00548807 0.00515982 0.00474997 0.00427167 0.0037327 0.00313459 0.00249433 0.00196257 0.0020866 0.00390589 0.00810865 0.0140064 0.0159891 0.0107284 0.00521187 0.00176436 0.000445251 0.000107721 2.44471e-05 4.56666e-06 7.16456e-07 9.36688e-08 9.32262e-09 5.07334e-10 0 
0 8.24204e-06 8.07851e-05 0.000360654 0.000971941 0.00177321 0.00248925 0.00303703 0.00347439 0.00384868 0.00416795 0.00442166 0.00459669 0.00468389 0.00467991 0.00458693 0.00441141 0.00416196 0.00384635 0.00346759 0.00302032 0.0024952 0.00192641 0.0015691 0.00225757 0.00563722 0.0140064 0.0197983 0.0204347 0.0181505 0.00882834 0.00282804 0.000652707 0.000127152 2.41567e-05 4.08689e-06 6.09282e-07 7.76635e-08 7.61229e-09 4.09525e-10 0 
0 3.54474e-06 3.55745e-05 0.000170898 0.000524781 0.00112264 0.00180617 0.00239416 0.00283631 0.00316519 0.00341533 0.00360123 0.00372463 0.00378349 0.00377677 0.00370588 0.00357405 0.00338436 0.00313666 0.00282439 0.00243494 0.00196471 0.00147374 0.00123966 0.00214647 0.00603587 0.0159891 0.0204347 0.0209594 0.019272 0.0103895 0.00311466 0.000700941 0.000124168 2.05409e-05 3.1495e-06 4.48032e-07 5.6169e-08 5.47278e-09 2.93518e-10 0 
0 1.38175e-06 1.39352e-05 6.97038e-05 0.000234083 0.000572748 0.00107088 0.00161623 0.00209421 0.00245971 0.00272038 0.00289722 0.00300606 0.00305561 0.00305039 0.0029928 0.00288367 0.00272142 0.00250125 0.00221659 0.00186666 0.00147249 0.00109777 0.000919789 0.0015768 0.00443722 0.0107284 0.0181505 0.019272 0.0151414 0.00701804 0.00230749 0.000519134 9.02968e-05 1.39569e-05 2.01473e-06 2.79945e-07 3.50553e-08 3.43431e-09 1.85347e-10 0 
0 4.8886e-07 4.88458e-06 2.47717e-05 8.7351e-05 0.000233689 0.000493411 0.000850109 0.00124172 0.00160104 0.00188896 0.00209572 0.0022266 0.00229033 0.00229397 0.00224178 0.00213553 0.00197578 0.00176448 0.00151001 0.00123307 0.000968115 0.000751629 0.000632938 0.000893608 0.00225858 0.00521187 0.00882834 0.0103895 0.00701804 0.00346418 0.00114636 0.000263798 4.72344e-05 7.25442e-06 1.04468e-06 1.47229e-07 1.87856e-08 1.87316e-09 1.02685e-10 0 
0 1.57227e-07 1.54122e-06 7.7777e-06 2.79073e-05 7.81655e-05 0.000177891 0.000337596 0.000547523 0.000778963 0.000997849 0.00117787 0.00130481 0.00137398 0.00138609 0.00134444 0.00125415 0.00112298 0.000963069 0.000792242 0.000633084 0.000507725 0.000427486 0.000388526 0.000442389 0.000834932 0.00176436 0.00282804 0.00311466 0.00230749 0.00114636 0.000387518 9.43153e-05 1.78886e-05 2.8806e-06 4.3982e-07 6.52959e-08 8.64712e-09 8.87253e-10 4.98267e-11 0 
0 4.60035e-08 4.39684e-07 2.18201e-06 7.80467e-06 2.21826e-05 5.22568e-05 0.000104556 0.000181077 0.000276353 0.000378265 0.000472096 0.00054493 0.000588228 0.0005984 0.000576358 0.000526859 0.000457899 0.00037993 0.00030455 0.000242607 0.000202018 0.000185311 0.000187606 0.000205709 0.00027355 0.000445251 0.000652707 0.000700941 0.000519134 0.000263798 9.43153e-05 2.47849e-05 5.09322e-06 9.08295e-07 1.54172e-07 2.46817e-08 3.43213e-09 3.65377e-10 2.11682e-11 0 
0 1.22327e-08 1.13597e-07 5.50666e-07 1.94012e-06 5.49096e-06 1.30407e-05 2.66276e-05 4.75411e-05 7.52658e-05 0.000107016 0.000138262 0.000164005 0.000180153 0.00018449 0.000177035 0.000159872 0.00013659 0.000111478 8.86766e-05 7.14675e-05 6.1875e-05 6.04323e-05 6.58386e-05 7.5336e-05 8.82669e-05 0.000107721 0.000127152 0.000124168 9.02968e-05 4.72344e-05 1.78886e-05 5.09322e-06 1.17674e-06 2.42274e-07 4.64386e-08 8.04512e-09 1.17963e-09 1.30983e-10 7.87001e-12 0 
0 2.9435e-09 2.65161e-08 1.25129e-07 4.31533e-07 1.20388e-06 2.84047e-06 5.80755e-06 1.04549e-05 1.6775e-05 2.42366e-05 3.18173e-05 3.82547e-05 4.24144e-05 4.36208e-05 4.18319e-05 3.76155e-05 3.19611e-05 2.60092e-05 2.07932e-05 1.70706e-05 1.52638e-05 1.54522e-05 1.73181e-05 2.00856e-05 2.27457e-05 2.44471e-05 2.41567e-05 2.05409e-05 1.39569e-05 7.25442e-06 2.8806e-06 9.08295e-07 2.42274e-07 5.75032e-08 1.22387e-08 2.27457e-09 3.51654e-10 4.08466e-11 2.55426e-12 0 
0 6.34622e-10 5.54389e-09 2.54345e-08 8.56154e-08 2.34276e-07 5.45132e-07 1.10522e-06 1.98286e-06 3.18355e-06 4.6154e-06 6.08825e-06 7.35598e-06 8.18839e-06 8.44286e-06 8.10635e-06 7.29355e-06 6.20646e-06 5.07528e-06 4.10409e-06 3.43736e-06 3.14924e-06 3.24212e-06 3.63656e-06 4.15542e-06 4.54566e-06 4.56666e-06 4.08689e-06 3.1495e-06 2.01473e-06 1.04468e-06 4.3982e-07 1.54172e-07 4.64386e-08 1.22387e-08 2.81699e-09 5.56222e-10 9.055e-11 1.10165e-11 7.18409e-13 0 
0 1.20109e-10 1.01801e-09 4.54064e-09 1.49051e-08 3.99247e-08 9.13174e-08 1.82755e-07 3.24938e-07 5.18804e-07 7.50033e-07 9.88569e-07 1.19495e-06 1.33174e-06 1.37534e-06 1.32329e-06 1.19424e-06 1.02137e-06 8.42461e-07 6.90876e-07 5.89803e-07 5.50103e-07 5.69621e-07 6.31758e-07 7.0433e-07 7.4476e-07 7.16456e-07 6.09282e-07 4.48032e-07 2.79945e-07 1.47229e-07 6.52959e-08 2.46817e-08 8.04512e-09 2.27457e-09 5.56222e-10 1.15942e-10 1.98415e-11 2.5283e-12 1.7206e-13 0 
0 1.91141e-11 1.57347e-10 6.8284e-10 2.18646e-09 5.73069e-09 1.28696e-08 2.53776e-08 4.46083e-08 7.06303e-08 1.01531e-07 1.3336e-07 1.60936e-07 1.79327e-07 1.85408e-07 1.78837e-07 1.6208e-07 1.39551e-07 1.16301e-07 9.6793e-08 8.40835e-08 7.94552e-08 8.22656e-08 8.98414e-08 9.763e-08 1.00239e-07 9.36688e-08 7.76635e-08 5.6169e-08 3.50553e-08 1.87856e-08 8.64712e-09 3.43213e-09 1.17963e-09 3.51654e-10 9.055e-11 1.98415e-11 3.56189e-12 4.74877e-13 3.3715e-14 0 
0 2.30839e-12 1.84817e-11 7.81326e-11 2.44264e-10 6.26757e-10 1.38203e-09 2.684e-09 4.66047e-09 7.30982e-09 1.04359e-08 1.36445e-08 1.64233e-08 1.82856e-08 1.89229e-08 1.83014e-08 1.6666e-08 1.44573e-08 1.21819e-08 1.02876e-08 9.07636e-09 8.65864e-09 8.93556e-09 9.60083e-09 1.01871e-08 1.01982e-08 9.32262e-09 7.61229e-09 5.47278e-09 3.43431e-09 1.87316e-09 8.87253e-10 3.65377e-10 1.30983e-10 4.08466e-11 1.10165e-11 2.5283e-12 4.74877e-13 6.61253e-14 4.89269e-15 0 
0 1.51138e-13 1.17872e-12 4.86155e-12 1.4858e-11 3.73593e-11 8.09384e-11 1.5486e-10 2.65628e-10 4.12633e-10 5.84858e-10 7.60868e-10 9.13123e-10 1.01561e-09 1.05187e-09 1.02016e-09 9.33704e-10 8.16331e-10 6.95555e-10 5.95678e-10 5.32735e-10 5.1167e-10 5.25372e-10 5.55595e-10 5.76954e-10 5.65107e-10 5.07334e-10 4.09525e-10 2.93518e-10 1.85347e-10 1.02685e-10 4.98267e-11 2.11682e-11 7.87001e-12 2.55426e-12 7.18409e-13 1.7206e-13 3.3715e-14 4.89269e-15 3.76701e-16 0 
0 0 0 0 0 0 0 0 0 0 0 0 0 0 0 0 0 0 0 0 0 0 0 0 0 0 0 0 0 0 0 0 0 0 0 0 0 0 0 0 0 
