0 0 0 0 0 0 0 0 0 0 0 0 0 0 0 0 0 0 0 0 0 0 0 0 0 0 0 0 0 0 0 0 0 0 0 0 0 0 0 0 0 
0 1.9779e-07 1.7416e-06 7.49133e-06 2.17885e-05 4.77884e-05 8.44148e-05 0.000126579 0.000168258 0.000205062 0.000234803 0.00025688 0.000271488 0.000279096 0.000280191 0.00027519 0.000264437 0.00024825 0.000227003 0.000201259 0.000171938 0.000140445 0.00010869 7.88879e-05 5.31347e-05 3.28763e-05 1.85232e-05 9.44164e-06 4.33753e-06 1.79391e-06 6.6842e-07 2.24741e-07 6.82728e-08 1.87325e-08 4.62602e-09 1.01885e-09 1.96208e-10 3.16679e-11 3.86841e-12 2.55631e-13 0 
0 1.7416e-06 1.5552e-05 6.46562e-05 0.000171138 0.000324754 0.000485153 0.000619969 0.000721949 0.000797524 0.000854049 0.000895586 0.000923508 0.00093806 0.000939464 0.000928418 0.000906126 0.00087403 0.000833293 0.000784196 0.000725643 0.000655223 0.00057036 0.000470749 0.000361158 0.000252297 0.00015757 8.68374e-05 4.19745e-05 1.78075e-05 6.66619e-06 2.21775e-06 6.59896e-07 1.76268e-07 4.22418e-08 9.0168e-09 1.68296e-09 2.63485e-10 3.12626e-11 2.00984e-12 0 
0 7.49133e-06 6.46562e-05 0.000239271 0.000521446 0.000797049 0.0010023 0.00115875 0.00129689 0.00142606 0.00154216 0.00163766 0.00170604 0.00174333 0.00174826 0.00172215 0.00166856 0.00159283 0.00150153 0.00140177 0.00130005 0.00120057 0.00110263 0.000998318 0.000873342 0.000715128 0.000527435 0.000338064 0.00018394 8.44132e-05 3.29393e-05 1.10995e-05 3.28087e-06 8.60413e-07 2.01148e-07 4.17613e-08 7.57452e-09 1.15278e-09 1.33106e-10 8.33977e-12 0 
0 2.17885e-05 0.000171138 0.000521446 0.000906204 0.00119342 0.00143874 0.00169348 0.00195687 0.0022105 0.00243598 0.00261871 0.00274837 0.00281905 0.0028292 0.00278139 0.00268173 0.00253913 0.00236449 0.00216985 0.00196764 0.0017701 0.0015882 0.00142892 0.00128957 0.00115067 0.000977782 0.000747135 0.000483811 0.000255505 0.000109365 3.86609e-05 1.16029e-05 3.02696e-06 6.95964e-07 1.413e-07 2.50032e-08 3.71072e-09 4.18058e-10 2.55878e-11 0 
0 4.77884e-05 0.000324754 0.000797049 0.00119342 0.00153934 0.00192402 0.00234452 0.00277048 0.00317278 0.00352658 0.00381172 0.00401355 0.00412362 0.00413981 0.0040661 0.00391176 0.00369016 0.00341748 0.00311124 0.00278912 0.00246796 0.00216329 0.00188919 0.00165699 0.00146935 0.00130696 0.00111959 0.000856311 0.000538572 0.000265297 0.000102477 3.20981e-05 8.47144e-06 1.93542e-06 3.86852e-07 6.71067e-08 9.74851e-09 1.07502e-09 6.44532e-11 0 
0 8.44148e-05 0.000485153 0.0010023 0.00143874 0.00192402 0.00248635 0.0030884 0.00369035 0.00425558 0.0047513 0.00515027 0.0054325 0.00558641 0.00560917 0.00550633 0.00529074 0.00498091 0.0045991 0.00416936 0.00371567 0.00326041 0.00282341 0.0024216 0.0020695 0.00177917 0.0015541 0.00137015 0.00115864 0.000851853 0.000493229 0.000215367 7.24179e-05 1.96971e-05 4.52282e-06 8.96581e-07 1.53268e-07 2.18832e-08 2.37011e-09 1.39609e-10 0 
0 0.000126579 0.000619969 0.00115875 0.00169348 0.00234452 0.0030884 0.00387646 0.00466125 0.0053969 0.00604153 0.00656047 0.00692881 0.00713113 0.00716122 0.00702552 0.00674305 0.00633925 0.00584244 0.00528301 0.0046916 0.00409678 0.00352342 0.00299197 0.00251862 0.00211649 0.00179612 0.00155668 0.00135786 0.0011049 0.00074063 0.000370979 0.000136874 3.90264e-05 9.10681e-06 1.80342e-06 3.05385e-07 4.30296e-08 4.59302e-09 2.66606e-10 0 
0 0.000168258 0.000721949 0.00129689 0.00195687 0.00277048 0.00369035 0.00466125 0.00562682 0.00653144 0.00732597 0.00797697 0.00846243 0.00874549 0.00879002 0.00859842 0.00821461 0.00769524 0.00707709 0.00638783 0.00565988 0.00492705 0.00421939 0.00356127 0.00297114 0.00246245 0.00204583 0.00172846 0.00149645 0.00127564 0.000952655 0.000543101 0.000222037 6.71776e-05 1.60762e-05 3.20034e-06 5.39338e-07 7.52814e-08 7.94541e-09 4.55804e-10 0 
0 0.000205062 0.000797524 0.00142606 0.0022105 0.00317278 0.00425558 0.0053969 0.00653144 0.00759708 0.00855577 0.00939614 0.0100316 0.0103714 0.0104226 0.0102021 0.00971518 0.00902436 0.00824546 0.00742149 0.0065642 0.00570249 0.00486973 0.00409403 0.00339628 0.00279077 0.00228727 0.00189359 0.00160874 0.00138672 0.00110735 0.000701931 0.000316896 0.000102239 2.52337e-05 5.07315e-06 8.54077e-07 1.18484e-07 1.24015e-08 7.05025e-10 0 
0 0.000234803 0.000854049 0.00154216 0.00243598 0.00352658 0.0047513 0.00604153 0.00732597 0.00855577 0.00972603 0.0106769 0.0112362 0.0114948 0.0115312 0.0113642 0.0109656 0.010272 0.00932787 0.00833719 0.00735419 0.00637862 0.00543677 0.00455877 0.00376773 0.00307895 0.00250171 0.00204258 0.00170481 0.0014623 0.00121002 0.000829053 0.000407715 0.000139885 3.56586e-05 7.25782e-06 1.22384e-06 1.69187e-07 1.76069e-08 9.94361e-10 0 
0 0.00025688 0.000895586 0.00163766 0.00261871 0.00381172 0.00515027 0.00656047 0.00797697 0.00939614 0.0106769 0.011481 0.0119144 0.0121182 0.012146 0.0120104 0.011694 0.0111394 0.0102459 0.00911044 0.00799226 0.00691876 0.00588922 0.00492952 0.00406414 0.00330928 0.00267405 0.00216378 0.00178231 0.00151474 0.00127396 0.000919457 0.000483238 0.00017472 4.58728e-05 9.45398e-06 1.599e-06 2.20708e-07 2.28857e-08 1.28673e-09 0 
0 0.000271488 0.000923508 0.00170604 0.00274837 0.00401355 0.0054325 0.00692881 0.00846243 0.0100316 0.0112362 0.0119144 0.0122892 0.012468 0.0124915 0.0123695 0.0120898 0.0116095 0.010832 0.00968904 0.00845201 0.00729662 0.00620423 0.00518731 0.00426999 0.00346909 0.00279366 0.00224818 0.00183603 0.00154782 0.00130995 0.000975752 0.000536871 0.000201839 5.42421e-05 1.1298e-05 1.91728e-06 2.64577e-07 2.73829e-08 1.53562e-09 0 
0 0.000279096 0.00093806 0.00174333 0.00281905 0.00412362 0.00558641 0.00713113 0.00874549 0.0103714 0.0114948 0.0121182 0.012468 0.0126358 0.0126567 0.0125399 0.0122747 0.0118247 0.0111048 0.0100016 0.0087055 0.00749618 0.00636873 0.00532123 0.00437632 0.00355103 0.00285438 0.00229035 0.00186183 0.00156177 0.00132428 0.00100253 0.000566069 0.000217864 5.94198e-05 1.24665e-05 2.12153e-06 2.92933e-07 3.03034e-08 1.6978e-09 0 
0 0.000280191 0.000939464 0.00174826 0.0028292 0.00413981 0.00560917 0.00716122 0.00879002 0.0104226 0.0115312 0.012146 0.0124915 0.0126567 0.0126762 0.0125589 0.0122944 0.0118471 0.011134 0.0100368 0.00873058 0.00751182 0.00637971 0.00532871 0.00438084 0.00355307 0.00285429 0.00228831 0.00185781 0.00155625 0.00132 0.00100347 0.000570774 0.000221289 6.06698e-05 1.27687e-05 2.17692e-06 3.00912e-07 3.11519e-08 1.74633e-09 0 
0 0.00027519 0.000928418 0.00172215 0.00278139 0.0040661 0.00550633 0.00702552 0.00859842 0.0102021 0.0113642 0.0120104 0.0123695 0.0125399 0.0125589 0.0124361 0.0121598 0.0116909 0.0109388 0.00980685 0.00853262 0.00735102 0.00624385 0.00521502 0.00428755 0.00347805 0.00279525 0.00224304 0.00182422 0.00153129 0.00129798 0.00098045 0.000552242 0.000212389 5.7994e-05 1.21943e-05 2.08063e-06 2.88058e-07 2.98784e-08 1.67836e-09 0 
0 0.000264437 0.000906126 0.00166856 0.00268173 0.00391176 0.00529074 0.00674305 0.00821461 0.00971518 0.0109656 0.011694 0.0120898 0.0122747 0.0122944 0.0121598 0.0118563 0.0113353 0.0104938 0.00933158 0.00814652 0.00703386 0.00597616 0.00499215 0.00410572 0.00333289 0.00268216 0.00215777 0.00176283 0.00148708 0.00125734 0.000933696 0.000512647 0.000192982 5.20762e-05 1.09051e-05 1.86106e-06 2.58252e-07 2.68736e-08 1.51506e-09 0 
0 0.00024825 0.00087403 0.00159283 0.00253913 0.00369016 0.00498091 0.00633925 0.00769524 0.00902436 0.010272 0.0111394 0.0116095 0.0118247 0.0118471 0.0116909 0.0113353 0.0107154 0.00976929 0.00867813 0.0076179 0.00658746 0.00559793 0.00467716 0.00384857 0.00312733 0.00252185 0.00203697 0.00167584 0.00142292 0.00119505 0.000862484 0.000455386 0.00016614 4.4087e-05 9.18046e-06 1.56766e-06 2.18318e-07 2.28303e-08 1.29419e-09 0 
0 0.000227003 0.000833293 0.00150153 0.00236449 0.00341748 0.0045991 0.00584244 0.00707709 0.00824546 0.00932787 0.0102459 0.010832 0.0111048 0.011134 0.0109388 0.0104938 0.00976929 0.00886604 0.00792962 0.00698382 0.00604205 0.00513441 0.00429027 0.00353155 0.00287259 0.00232183 0.00188493 0.00156407 0.00133526 0.00110568 0.000766725 0.000385726 0.000135793 3.54079e-05 7.33971e-06 1.25639e-06 1.75973e-07 1.85343e-08 1.05877e-09 0 
0 0.000201259 0.000784196 0.00140177 0.00216985 0.00311124 0.00416936 0.00528301 0.00638783 0.00742149 0.00833719 0.00911044 0.00968904 0.0100016 0.0100368 0.00980685 0.00933158 0.00867813 0.00792962 0.00712116 0.0062769 0.00542967 0.00461258 0.00385291 0.0031708 0.00257984 0.00208879 0.00170387 0.00142431 0.00121562 0.000982454 0.000649628 0.000311232 0.000106169 2.73411e-05 5.66691e-06 9.75969e-07 1.37904e-07 1.46672e-08 8.46219e-10 0 
0 0.000171938 0.000725643 0.00130005 0.00196764 0.00278912 0.00371567 0.0046916 0.00565988 0.0065642 0.00735419 0.00799226 0.00845201 0.0087055 0.00873058 0.00853262 0.00814652 0.0076179 0.00698382 0.0062769 0.00553171 0.0047824 0.00405905 0.00338603 0.00278168 0.00225896 0.00182694 0.00149136 0.0012463 0.0010508 0.000822176 0.000520866 0.000241277 8.10685e-05 2.08728e-05 4.35992e-06 7.59124e-07 1.08529e-07 1.16765e-08 6.8101e-10 0 
0 0.000140445 0.000655223 0.00120057 0.0017701 0.00246796 0.00326041 0.00409678 0.00492705 0.00570249 0.00637862 0.00691876 0.00729662 0.00749618 0.00751182 0.00735102 0.00703386 0.00658746 0.00604205 0.00542967 0.0047824 0.00413 0.00349839 0.00290884 0.00237784 0.00191771 0.00153714 0.00123954 0.00101601 0.000833371 0.000635113 0.000397445 0.00018502 6.3125e-05 1.65426e-05 3.51121e-06 6.1965e-07 8.95865e-08 9.7287e-09 5.71814e-10 0 
0 0.00010869 0.00057036 0.00110263 0.0015882 0.00216329 0.00282341 0.00352342 0.00421939 0.00486973 0.00543677 0.00588922 0.00620423 0.00636873 0.00637971 0.00624385 0.00597616 0.00559793 0.00513441 0.00461258 0.00405905 0.00349839 0.00295211 0.0024382 0.0019715 0.00156429 0.00122531 0.000956546 0.00075142 0.000594034 0.000453125 0.000297375 0.000147805 5.32081e-05 1.44138e-05 3.11276e-06 5.53752e-07 8.03103e-08 8.72626e-09 5.12439e-10 0 
0 7.88879e-05 0.000470749 0.000998318 0.00142892 0.00188919 0.0024216 0.00299197 0.00356127 0.00409403 0.00455877 0.00492952 0.00518731 0.00532123 0.00532871 0.00521502 0.00499215 0.00467716 0.00429027 0.00385291 0.00338603 0.00290884 0.0024382 0.00198923 0.00157848 0.00122871 0.00096183 0.000769911 0.000610491 0.000459807 0.000333587 0.000229657 0.000127529 5.00225e-05 1.40898e-05 3.06832e-06 5.42783e-07 7.78848e-08 8.36248e-09 4.85316e-10 0 
0 5.31347e-05 0.000361158 0.000873342 0.00128957 0.00165699 0.0020695 0.00251862 0.00297114 0.00339628 0.00376773 0.00406414 0.00426999 0.00437632 0.00438084 0.00428755 0.00410572 0.00384857 0.00353155 0.0031708 0.00278168 0.00237784 0.0019715 0.00157848 0.00123751 0.00103082 0.00101987 0.00110332 0.00104902 0.000770742 0.000438322 0.000225881 0.000119608 5.05251e-05 1.47651e-05 3.20532e-06 5.5637e-07 7.80741e-08 8.20552e-09 4.67064e-10 0 
0 3.28763e-05 0.000252297 0.000715128 0.00115067 0.00146935 0.00177917 0.00211649 0.00246245 0.00279077 0.00307895 0.00330928 0.00346909 0.00355103 0.00355307 0.00347805 0.00333289 0.00312733 0.00287259 0.00257984 0.00225896 0.00191771 0.00156429 0.00122871 0.00103082 0.0012108 0.00190882 0.00282659 0.00326076 0.00216888 0.00110378 0.000408747 0.000140619 5.28616e-05 1.54845e-05 3.30752e-06 5.58652e-07 7.62818e-08 7.82386e-09 4.35975e-10 0 
0 1.85232e-05 0.00015757 0.000527435 0.000977782 0.00130696 0.0015541 0.00179612 0.00204583 0.00228727 0.00250171 0.00267405 0.00279366 0.00285438 0.00285429 0.00279525 0.00268216 0.00252185 0.00232183 0.00208879 0.00182694 0.00153714 0.00122531 0.00096183 0.00101987 0.00190882 0.00406713 0.00741262 0.0079428 0.00587778 0.00254742 0.000862265 0.00021927 5.869e-05 1.55731e-05 3.18819e-06 5.20549e-07 6.91951e-08 6.94391e-09 3.79946e-10 0 
0 9.44164e-06 8.68374e-05 0.000338064 0.000747135 0.00111959 0.00137015 0.00155668 0.00172846 0.00189359 0.00204258 0.00216378 0.00224818 0.00229035 0.00228831 0.00224304 0.00215777 0.00203697 0.00188493 0.00170387 0.00149136 0.00123954 0.000956546 0.000769911 0.00110332 0.00282659 0.00741262 0.00873677 0.00890568 0.00831178 0.00494562 0.00138207 0.000319413 6.57675e-05 1.45813e-05 2.76423e-06 4.33647e-07 5.63477e-08 5.56855e-09 3.01074e-10 0 
0 4.33753e-06 4.19745e-05 0.00018394 0.000483811 0.000856311 0.00115864 0.00135786 0.00149645 0.00160874 0.00170481 0.00178231 0.00183603 0.00186183 0.00185781 0.00182422 0.00176283 0.00167584 0.00156407 0.00142431 0.0012463 0.00101601 0.00075142 0.000610491 0.00104902 0.00326076 0.0079428 0.00890568 0.00903411 0.00855076 0.00590708 0.00152267 0.000342797 6.31702e-05 1.20204e-05 2.08513e-06 3.1474e-07 4.03069e-08 3.95876e-09 2.13261e-10 0 
0 1.79391e-06 1.78075e-05 8.44132e-05 0.000255505 0.000538572 0.000851853 0.0011049 0.00127564 0.00138672 0.0014623 0.00151474 0.00154782 0.00156177 0.00155625 0.00153129 0.00148708 0.00142292 0.00133526 0.00121562 0.0010508 0.000833371 0.000594034 0.000459807 0.000770742 0.00216888 0.00587778 0.00831178 0.00855076 0.00776641 0.00359864 0.00112768 0.000254077 4.61557e-05 8.12861e-06 1.32335e-06 1.95399e-07 2.49946e-08 2.46672e-09 1.33638e-10 0 
0 6.6842e-07 6.66619e-06 3.29393e-05 0.000109365 0.000265297 0.000493229 0.00074063 0.000952655 0.00110735 0.00121002 0.00127396 0.00130995 0.00132428 0.00132 0.00129798 0.00125734 0.00119505 0.00110568 0.000982454 0.000822176 0.000635113 0.000453125 0.000333587 0.000438322 0.00110378 0.00254742 0.00494562 0.00590708 0.00359864 0.00169295 0.000560264 0.000129788 2.47394e-05 4.30431e-06 6.90416e-07 1.02718e-07 1.33503e-08 1.33941e-09 7.36608e-11 0 
0 2.24741e-07 2.21775e-06 1.10995e-05 3.86609e-05 0.000102477 0.000215367 0.000370979 0.000543101 0.000701931 0.000829053 0.000919457 0.000975752 0.00100253 0.00100347 0.00098045 0.000933696 0.000862484 0.000766725 0.000649628 0.000520866 0.000397445 0.000297375 0.000229657 0.000225881 0.000408747 0.000862265 0.00138207 0.00152267 0.00112768 0.000560264 0.000189868 4.75201e-05 9.82414e-06 1.77334e-06 2.95544e-07 4.57194e-08 6.13719e-09 6.32645e-10 3.56201e-11 0 
0 6.82728e-08 6.59896e-07 3.28087e-06 1.16029e-05 3.20981e-05 7.24179e-05 0.000136874 0.000222037 0.000316896 0.000407715 0.000483238 0.000536871 0.000566069 0.000570774 0.000552242 0.000512647 0.000455386 0.000385726 0.000311232 0.000241277 0.00018502 0.000147805 0.000127529 0.000119608 0.000140619 0.00021927 0.000319413 0.000342797 0.000254077 0.000129788 4.75201e-05 1.32781e-05 2.99401e-06 5.85968e-07 1.05711e-07 1.73653e-08 2.43504e-09 2.60061e-10 1.50974e-11 0 
0 1.87325e-08 1.76268e-07 8.60413e-07 3.02696e-06 8.47144e-06 1.96971e-05 3.90264e-05 6.71776e-05 0.000102239 0.000139885 0.00017472 0.000201839 0.000217864 0.000221289 0.000212389 0.000192982 0.00016614 0.000135793 0.000106169 8.10685e-05 6.3125e-05 5.32081e-05 5.00225e-05 5.05251e-05 5.28616e-05 5.869e-05 6.57675e-05 6.31702e-05 4.61557e-05 2.47394e-05 9.82414e-06 2.99401e-06 7.46035e-07 1.63308e-07 3.23741e-08 5.68199e-09 8.36879e-10 9.3123e-11 5.60408e-12 0 
0 4.62602e-09 4.22418e-08 2.01148e-07 6.95964e-07 1.93542e-06 4.52282e-06 9.10681e-06 1.60762e-05 2.52337e-05 3.56586e-05 4.58728e-05 5.42421e-05 5.94198e-05 6.06698e-05 5.7994e-05 5.20762e-05 4.4087e-05 3.54079e-05 2.73411e-05 2.08728e-05 1.65426e-05 1.44138e-05 1.40898e-05 1.47651e-05 1.54845e-05 1.55731e-05 1.45813e-05 1.20204e-05 8.12861e-06 4.30431e-06 1.77334e-06 5.85968e-07 1.63308e-07 3.99176e-08 8.6164e-09 1.61004e-09 2.49479e-10 2.90198e-11 1.81694e-12 0 
0 1.01885e-09 9.0168e-09 4.17613e-08 1.413e-07 3.86852e-07 8.96581e-07 1.80342e-06 3.20034e-06 5.07315e-06 7.25782e-06 9.45398e-06 1.1298e-05 1.24665e-05 1.27687e-05 1.21943e-05 1.09051e-05 9.18046e-06 7.33971e-06 5.66691e-06 4.35992e-06 3.51121e-06 3.11276e-06 3.06832e-06 3.20532e-06 3.30752e-06 3.18819e-06 2.76423e-06 2.08513e-06 1.32335e-06 6.90416e-07 2.95544e-07 1.05711e-07 3.23741e-08 8.6164e-09 1.99228e-09 3.94173e-10 6.4245e-11 7.82385e-12 5.10692e-13 0 
0 1.96208e-10 1.68296e-09 7.57452e-09 2.50032e-08 6.71067e-08 1.53268e-07 3.05385e-07 5.39338e-07 8.54077e-07 1.22384e-06 1.599e-06 1.91728e-06 2.12153e-06 2.17692e-06 2.08063e-06 1.86106e-06 1.56766e-06 1.25639e-06 9.75969e-07 7.59124e-07 6.1965e-07 5.53752e-07 5.42783e-07 5.5637e-07 5.58652e-07 5.20549e-07 4.33647e-07 3.1474e-07 1.95399e-07 1.02718e-07 4.57194e-08 1.73653e-08 5.68199e-09 1.61004e-09 3.94173e-10 8.22234e-11 1.40801e-11 1.79535e-12 1.22267e-13 0 
0 3.16679e-11 2.63485e-10 1.15278e-09 3.71072e-09 9.74851e-09 2.18832e-08 4.30296e-08 7.52814e-08 1.18484e-07 1.69187e-07 2.20708e-07 2.64577e-07 2.92933e-07 3.00912e-07 2.88058e-07 2.58252e-07 2.18318e-07 1.75973e-07 1.37904e-07 1.08529e-07 8.95865e-08 8.03103e-08 7.78848e-08 7.80741e-08 7.62818e-08 6.91951e-08 5.63477e-08 4.03069e-08 2.49946e-08 1.33503e-08 6.13719e-09 2.43504e-09 8.36879e-10 2.49479e-10 6.4245e-11 1.40801e-11 2.52841e-12 3.37231e-13 2.39545e-14 0 
0 3.86841e-12 3.12626e-11 1.33106e-10 4.18058e-10 1.07502e-09 2.37011e-09 4.59302e-09 7.94541e-09 1.24015e-08 1.76069e-08 2.28857e-08 2.73829e-08 3.03034e-08 3.11519e-08 2.98784e-08 2.68736e-08 2.28303e-08 1.85343e-08 1.46672e-08 1.16765e-08 9.7287e-09 8.72626e-09 8.36248e-09 8.20552e-09 7.82386e-09 6.94391e-09 5.56855e-09 3.95876e-09 2.46672e-09 1.33941e-09 6.32645e-10 2.60061e-10 9.3123e-11 2.90198e-11 7.82385e-12 1.79535e-12 3.37231e-13 4.69682e-14 3.47633e-15 0 
0 2.55631e-13 2.00984e-12 8.33977e-12 2.55878e-11 6.44532e-11 1.39609e-10 2.66606e-10 4.55804e-10 7.05025e-10 9.94361e-10 1.28673e-09 1.53562e-09 1.6978e-09 1.74633e-09 1.67836e-09 1.51506e-09 1.29419e-09 1.05877e-09 8.46219e-10 6.8101e-10 5.71814e-10 5.12439e-10 4.85316e-10 4.67064e-10 4.35975e-10 3.79946e-10 3.01074e-10 2.13261e-10 1.33638e-10 7.36608e-11 3.56201e-11 1.50974e-11 5.60408e-12 1.81694e-12 5.10692e-13 1.22267e-13 2.39545e-14 3.47633e-15 2.67693e-16 0 
0 0 0 0 0 0 0 0 0 0 0 0 0 0 0 0 0 0 0 0 0 0 0 0 0 0 0 0 0 0 0 0 0 0 0 0 0 0 0 0 0 
