0 0 0 0 0 0 0 0 0 0 0 0 0 0 0 0 0 0 0 0 0 0 0 0 0 0 0 0 0 0 0 0 0 0 0 0 0 0 0 0 0 
0 1.31794e-07 1.20071e-06 5.52656e-06 1.78234e-05 4.45782e-05 9.10113e-05 0.000157368 0.000237811 0.000322727 0.000402197 0.000468346 0.000516075 0.000542794 0.000547865 0.000532121 0.000497578 0.000447299 0.000385333 0.000316599 0.000246586 0.000180766 0.000123773 7.85604e-05 4.59094e-05 2.45696e-05 1.20001e-05 5.3406e-06 2.16595e-06 8.01416e-07 2.70951e-07 8.38089e-08 2.37226e-08 6.13452e-09 1.44216e-09 3.04989e-10 5.68116e-11 8.92362e-12 1.06621e-12 6.91983e-14 0 
0 1.20071e-06 1.13298e-05 5.28953e-05 0.000167652 0.00039757 0.000746407 0.00116643 0.00159005 0.00196657 0.00227199 0.00250022 0.00265276 0.00273325 0.00274565 0.00269399 0.00258235 0.00241477 0.00219545 0.0019297 0.00162604 0.00129903 0.000970904 0.000669332 0.000420036 0.000237508 0.000120306 5.45241e-05 2.21655e-05 8.12012e-06 2.69433e-06 8.13216e-07 2.23845e-07 5.61934e-08 1.28174e-08 2.63067e-09 4.75963e-10 7.27009e-11 8.45878e-12 5.35391e-13 0 
0 5.52656e-06 5.28953e-05 0.000240856 0.000705498 0.00147157 0.00237506 0.00322349 0.00393718 0.00451884 0.00498551 0.00534343 0.00559036 0.00572285 0.00574103 0.00565032 0.00546117 0.00518724 0.00484253 0.00443771 0.00397669 0.00345604 0.00287148 0.00223398 0.00158721 0.00100515 0.000557474 0.00026886 0.000113099 4.18946e-05 1.38235e-05 4.10425e-06 1.10416e-06 2.69983e-07 5.98921e-08 1.19523e-08 2.10382e-09 3.1295e-10 3.55068e-11 2.19471e-12 0 
0 1.78234e-05 0.000167652 0.000705498 0.00178685 0.00313537 0.00438587 0.00546329 0.00642523 0.00729427 0.00804964 0.00865714 0.00908706 0.00932119 0.00935485 0.00919657 0.00886641 0.00839341 0.00781231 0.00715945 0.00646743 0.00575736 0.00502922 0.00425685 0.00340481 0.00247991 0.00158004 0.000855089 0.000389464 0.000150723 5.0514e-05 1.49473e-05 3.96233e-06 9.4872e-07 2.05468e-07 3.99869e-08 6.8641e-09 9.96487e-10 1.10462e-10 6.67967e-12 0 
0 4.45782e-05 0.00039757 0.00147157 0.00313537 0.00479189 0.00628966 0.00773891 0.00915906 0.0104915 0.0116618 0.0126048 0.0132723 0.0136362 0.0136898 0.013446 0.0129356 0.0122028 0.011301 0.010288 0.00922125 0.00815319 0.00712345 0.00614531 0.00518649 0.00416946 0.00304282 0.0019038 0.00098016 0.000411971 0.000144175 4.32706e-05 1.14251e-05 2.69741e-06 5.731e-07 1.09171e-07 1.83316e-08 2.60404e-09 2.82687e-10 1.67587e-11 0 
0 9.10113e-05 0.000746407 0.00237506 0.00438587 0.00628966 0.00821301 0.0102121 0.0122034 0.0140726 0.0157119 0.0170312 0.0179645 0.0184734 0.0185487 0.0182086 0.0174957 0.0164712 0.0152086 0.0137875 0.0122871 0.0107814 0.00933413 0.0079938 0.00677848 0.00564622 0.00447992 0.00318401 0.00188449 0.00088799 0.000334024 0.000103741 2.76286e-05 6.48341e-06 1.35877e-06 2.54406e-07 4.19303e-08 5.84524e-09 6.23021e-10 3.62953e-11 0 
0 0.000157368 0.00116643 0.00322349 0.00546329 0.00773891 0.0102121 0.0128189 0.0154141 0.0178468 0.0199784 0.0216929 0.0229051 0.0235658 0.0236631 0.0232209 0.0222942 0.0209623 0.0193201 0.0174702 0.0155145 0.0135475 0.0116513 0.00989255 0.00831735 0.00693439 0.00567275 0.00436546 0.00291636 0.00155762 0.00064368 0.00021083 5.7362e-05 1.34894e-05 2.80438e-06 5.183e-07 8.41433e-08 1.15465e-08 1.21165e-09 6.95363e-11 0 
0 0.000237811 0.00159005 0.00393718 0.00642523 0.00915906 0.0122034 0.0154141 0.0186071 0.0215982 0.0242177 0.0263236 0.0278119 0.0286222 0.0287402 0.0281956 0.0270559 0.0254181 0.0233988 0.0211234 0.0187165 0.0162931 0.0139529 0.0117765 0.00982332 0.00812697 0.00666835 0.00531739 0.00386079 0.00230835 0.00105642 0.000369834 0.000103917 2.46717e-05 5.11473e-06 9.36914e-07 1.50339e-07 2.03697e-08 2.11024e-09 1.19602e-10 0 
0 0.000322727 0.00196657 0.00451884 0.00729427 0.0104915 0.0140726 0.0178468 0.0215982 0.0251108 0.0281859 0.0306571 0.0324025 0.0333518 0.033488 0.032846 0.0315055 0.0295808 0.0272085 0.0245352 0.0217066 0.0188573 0.0161035 0.0135384 0.0112307 0.00922462 0.00752851 0.00606547 0.00461723 0.00301052 0.00151576 0.000569919 0.000166514 4.01363e-05 8.33339e-06 1.51843e-06 2.41591e-07 3.2414e-08 3.32403e-09 1.86518e-10 0 
0 0.000402197 0.00227199 0.00498551 0.00804964 0.0116618 0.0157119 0.0199784 0.0242177 0.0281859 0.0316585 0.0344484 0.0364185 0.0374888 0.0376395 0.0369099 0.0353912 0.0332138 0.030532 0.0275107 0.0243139 0.0210931 0.0179787 0.0150752 0.0124593 0.0101805 0.0082589 0.00665341 0.00518259 0.0035842 0.00195288 0.000785457 0.000239026 5.86667e-05 1.22361e-05 2.22416e-06 3.51867e-07 4.68743e-08 4.77041e-09 2.65645e-10 0 
0 0.000468346 0.00250022 0.00534343 0.00865714 0.0126048 0.0170312 0.0216929 0.0263236 0.0306571 0.0344484 0.0374935 0.0396414 0.0408043 0.0409638 0.0401642 0.0385026 0.0361207 0.0331889 0.0298879 0.0263959 0.0228775 0.0194748 0.0163012 0.0134395 0.0109429 0.0088363 0.00709769 0.00558279 0.00400472 0.00231413 0.0009849 0.000311085 7.77508e-05 1.63144e-05 2.96454e-06 4.67426e-07 6.19755e-08 6.2743e-09 3.47537e-10 0 
0 0.000516075 0.00265276 0.00559036 0.00908706 0.0132723 0.0179645 0.0229051 0.0278119 0.0324025 0.0364185 0.0396414 0.0419056 0.0431217 0.0432827 0.0424385 0.0406826 0.038158 0.0350483 0.0315489 0.0278487 0.0241213 0.0205164 0.0171537 0.0141203 0.0114716 0.00923464 0.00739654 0.00583869 0.00427678 0.00257035 0.00114062 0.000371086 9.41971e-05 1.98856e-05 3.61717e-06 5.69515e-07 7.53194e-08 7.6024e-09 4.19801e-10 0 
0 0.000542794 0.00273325 0.00572285 0.00932119 0.0136362 0.0184734 0.0235658 0.0286222 0.0333518 0.0374888 0.0408043 0.0431217 0.0443554 0.0445118 0.0436458 0.0418435 0.0392431 0.0360353 0.0324269 0.0286136 0.0247734 0.0210601 0.0175966 0.0144719 0.0117427 0.00943648 0.00754445 0.00596198 0.00441315 0.00271179 0.00123452 0.000409479 0.000105088 2.22968e-05 4.063e-06 6.39834e-07 8.4574e-08 8.5295e-09 4.70584e-10 0 
0 0.000547865 0.00274565 0.00574103 0.00935485 0.0136898 0.0185487 0.0236631 0.0287402 0.033488 0.0376395 0.0409638 0.0432827 0.0445118 0.0446613 0.043787 0.0419739 0.0393589 0.0361339 0.032508 0.0286782 0.024823 0.0210964 0.0176213 0.0144868 0.0117494 0.00943642 0.00753986 0.00595973 0.0044256 0.00273982 0.0012592 0.000421074 0.000108662 2.31352e-05 4.22549e-06 6.66573e-07 8.82394e-08 8.91187e-09 4.92408e-10 0 
0 0.000532121 0.00269399 0.00565032 0.00919657 0.013446 0.0182086 0.0232209 0.0281956 0.032846 0.0369099 0.0401642 0.0424385 0.0436458 0.043787 0.0429158 0.0411229 0.0385498 0.0353846 0.0318289 0.0280747 0.0242971 0.0206473 0.0172454 0.0141783 0.0115013 0.00924086 0.0073875 0.00583792 0.00432294 0.0026615 0.00121678 0.000405896 0.000104786 2.2358e-05 4.09599e-06 6.48416e-07 8.6162e-08 8.73703e-09 4.84784e-10 0 
0 0.000497578 0.00258235 0.00546117 0.00886641 0.0129356 0.0174957 0.0222942 0.0270559 0.0315055 0.0353912 0.0385026 0.0406826 0.0418435 0.0419739 0.0411229 0.0393878 0.0369133 0.0338778 0.03047 0.0268731 0.0232555 0.0197623 0.0165084 0.0135771 0.0110212 0.00886576 0.00709737 0.00560218 0.00411162 0.00248803 0.00111752 0.000368815 9.49242e-05 2.02939e-05 3.73528e-06 5.9491e-07 7.95945e-08 8.13039e-09 4.54596e-10 0 
0 0.000447299 0.00241477 0.00518724 0.00839341 0.0122028 0.0164712 0.0209623 0.0254181 0.0295808 0.0332138 0.0361207 0.038158 0.0392431 0.0393589 0.0385498 0.0369133 0.0345886 0.0317409 0.0285449 0.0251727 0.0217829 0.0185116 0.0154667 0.0127267 0.0103412 0.00833311 0.00668158 0.00525665 0.00379774 0.00223625 0.00097863 0.00031828 8.16604e-05 1.7532e-05 3.25328e-06 5.23426e-07 7.08198e-08 7.31991e-09 4.14265e-10 0 
0 0.000385333 0.00219545 0.00484253 0.00781231 0.011301 0.0152086 0.0193201 0.0233988 0.0272085 0.030532 0.0331889 0.0350483 0.0360353 0.0361339 0.0353846 0.0338778 0.0317409 0.0291243 0.0261884 0.0230917 0.0199801 0.0169788 0.0141873 0.0116783 0.0094982 0.00766619 0.00615001 0.00480291 0.00339148 0.0019318 0.000822745 0.000264524 6.8021e-05 1.47571e-05 2.77846e-06 4.54424e-07 6.2546e-08 6.5771e-09 3.78586e-10 0 
0 0.000316599 0.0019297 0.00443771 0.00715945 0.010288 0.0137875 0.0174702 0.0211234 0.0245352 0.0275107 0.0298879 0.0315489 0.0324269 0.032508 0.0318289 0.03047 0.0285449 0.0261884 0.0235448 0.0207567 0.0179552 0.0152532 0.012741 0.0104852 0.00852846 0.00688424 0.0055063 0.00424255 0.00291469 0.00161114 0.000675214 0.000217641 5.6843e-05 1.26043e-05 2.43049e-06 4.07096e-07 5.73212e-08 6.15662e-09 3.61291e-10 0 
0 0.000246586 0.00162604 0.00397669 0.00646743 0.00922125 0.0122871 0.0155145 0.0187165 0.0217066 0.0243139 0.0263959 0.0278487 0.0286136 0.0286782 0.0280747 0.0268731 0.0251727 0.0230917 0.0207567 0.0182926 0.0158147 0.0134227 0.0111971 0.00919784 0.00746298 0.00599817 0.00474922 0.00358782 0.00240896 0.00131883 0.000560036 0.000186067 5.04044e-05 1.15804e-05 2.30458e-06 3.96522e-07 5.70968e-08 6.24588e-09 3.71953e-10 0 
0 0.000180766 0.00129903 0.00345604 0.00575736 0.00815319 0.0107814 0.0135475 0.0162931 0.0188573 0.0210931 0.0228775 0.0241213 0.0247734 0.024823 0.0242971 0.0232555 0.0217829 0.0199801 0.0179552 0.0158147 0.0136573 0.0115687 0.00961878 0.00786038 0.00632526 0.00501503 0.00389093 0.00288172 0.00193434 0.00109582 0.000494721 0.000175685 5.03303e-05 1.20459e-05 2.46477e-06 4.31822e-07 6.28769e-08 6.92082e-09 4.13202e-10 0 
0 0.000123773 0.000970904 0.00287148 0.00502922 0.00712345 0.00933413 0.0116513 0.0139529 0.0161035 0.0179787 0.0194748 0.0205164 0.0210601 0.0210964 0.0206473 0.0197623 0.0185116 0.0169788 0.0152532 0.0134227 0.0115687 0.00976196 0.00806111 0.00651136 0.00514493 0.00398149 0.00302103 0.0022308 0.00155496 0.000959831 0.000483459 0.00018877 5.74826e-05 1.41823e-05 2.93249e-06 5.13436e-07 7.42773e-08 8.09835e-09 4.78208e-10 0 
0 7.85604e-05 0.000669332 0.00223398 0.00425685 0.00614531 0.0079938 0.00989255 0.0117765 0.0135384 0.0150752 0.0163012 0.0171537 0.0175966 0.0176213 0.0172454 0.0165084 0.0154667 0.0141873 0.012741 0.0111971 0.00961878 0.00806111 0.00657184 0.00520394 0.00403739 0.00315169 0.00251583 0.00197764 0.00144066 0.000938775 0.000519367 0.000222866 7.15246e-05 1.78601e-05 3.65599e-06 6.28183e-07 8.89625e-08 9.49555e-09 5.49478e-10 0 
0 4.59094e-05 0.000420036 0.00158721 0.00340481 0.00518649 0.00677848 0.00831735 0.00982332 0.0112307 0.0124593 0.0134395 0.0141203 0.0144719 0.0144868 0.0141783 0.0135771 0.0127267 0.0116783 0.0104852 0.00919784 0.00786038 0.00651136 0.00520394 0.00407569 0.00340121 0.0033708 0.00364805 0.00346855 0.00254707 0.00143613 0.000681752 0.000282326 9.13509e-05 2.25038e-05 4.47379e-06 7.44773e-07 1.02407e-07 1.06431e-08 6.0138e-10 0 
0 2.45696e-05 0.000237508 0.00100515 0.00247991 0.00416946 0.00564622 0.00693439 0.00812697 0.00922462 0.0101805 0.0109429 0.0114716 0.0117427 0.0117494 0.0115013 0.0110212 0.0103412 0.0094982 0.00852846 0.00746298 0.00632526 0.00514493 0.00403739 0.00340121 0.00400356 0.0063122 0.00910753 0.00970694 0.00717087 0.00364996 0.00134581 0.000420435 0.000118812 2.728e-05 5.12716e-06 8.179e-07 1.08863e-07 1.10162e-08 6.08424e-10 0 
0 1.20001e-05 0.000120306 0.000557474 0.00158004 0.00304282 0.00447992 0.00567275 0.00666835 0.00752851 0.0082589 0.0088363 0.00923464 0.00943648 0.00943642 0.00924086 0.00886576 0.00833311 0.00766619 0.00688424 0.00599817 0.00501503 0.00398149 0.00315169 0.0033708 0.0063122 0.0131005 0.0210765 0.0237082 0.0169477 0.00842277 0.00285121 0.000713216 0.000158021 3.12568e-05 5.34552e-06 8.06611e-07 1.03916e-07 1.02786e-08 5.57349e-10 0 
0 5.3406e-06 5.45241e-05 0.00026886 0.000855089 0.0019038 0.00318401 0.00436546 0.00531739 0.00606547 0.00665341 0.00709769 0.00739654 0.00754445 0.00753986 0.0073875 0.00709737 0.00668158 0.00615001 0.0055063 0.00474922 0.00389093 0.00302103 0.00251583 0.00364805 0.00910753 0.0210765 0.0340048 0.0365493 0.0284535 0.0138081 0.00457031 0.0010529 0.000195304 3.25502e-05 4.93701e-06 6.98151e-07 8.73267e-08 8.50102e-09 4.55709e-10 0 
0 2.16595e-06 2.21655e-05 0.000113099 0.000389464 0.00098016 0.00188449 0.00291636 0.00386079 0.00461723 0.00518259 0.00558279 0.00583869 0.00596198 0.00595973 0.00583792 0.00560218 0.00525665 0.00480291 0.00424255 0.00358782 0.00288172 0.0022308 0.00197764 0.00346855 0.00970694 0.0237082 0.0365493 0.0383591 0.0319608 0.0153906 0.00503351 0.00113164 0.000193608 2.85282e-05 3.89097e-06 5.19584e-07 6.36966e-08 6.16167e-09 3.29357e-10 0 
0 8.01416e-07 8.12012e-06 4.18946e-05 0.000150723 0.000411971 0.00088799 0.00155762 0.00230835 0.00301052 0.0035842 0.00400472 0.00427678 0.00441315 0.0044256 0.00432294 0.00411162 0.00379774 0.00339148 0.00291469 0.00240896 0.00193434 0.00155496 0.00144066 0.00254707 0.00717087 0.0169477 0.0284535 0.0319608 0.0230603 0.0113276 0.00372906 0.00083743 0.000140395 1.95044e-05 2.51089e-06 3.26554e-07 3.99491e-08 3.88663e-09 2.09129e-10 0 
0 2.70951e-07 2.69433e-06 1.38235e-05 5.0514e-05 0.000144175 0.000334024 0.00064368 0.00105642 0.00151576 0.00195288 0.00231413 0.00257035 0.00271179 0.00273982 0.0026615 0.00248803 0.00223625 0.0019318 0.00161114 0.00131883 0.00109582 0.000959831 0.000938775 0.00143613 0.00364996 0.00842277 0.0138081 0.0153906 0.0113276 0.00559837 0.00185241 0.000423418 7.21078e-05 9.98642e-06 1.29384e-06 1.7166e-07 2.14552e-08 2.12671e-09 1.16289e-10 0 
0 8.38089e-08 8.13216e-07 4.10425e-06 1.49473e-05 4.32706e-05 0.000103741 0.00021083 0.000369834 0.000569919 0.000785457 0.0009849 0.00114062 0.00123452 0.0012592 0.00121678 0.00111752 0.00097863 0.000822745 0.000675214 0.000560036 0.000494721 0.000483459 0.000519367 0.000681752 0.00134581 0.00285121 0.00457031 0.00503351 0.00372906 0.00185241 0.000624455 0.000148469 2.6322e-05 3.83537e-06 5.34861e-07 7.57503e-08 9.88026e-09 1.00933e-09 5.65676e-11 0 
0 2.37226e-08 2.23845e-07 1.10416e-06 3.96233e-06 1.14251e-05 2.76286e-05 5.7362e-05 0.000103917 0.000166514 0.000239026 0.000311085 0.000371086 0.000409479 0.000421074 0.000405896 0.000368815 0.00031828 0.000264524 0.000217641 0.000186067 0.000175685 0.00018877 0.000222866 0.000282326 0.000420435 0.000713216 0.0010529 0.00113164 0.00083743 0.000423418 0.000148469 3.72077e-05 7.07924e-06 1.1543e-06 1.83166e-07 2.84531e-08 3.92037e-09 4.16149e-10 2.40722e-11 0 
0 6.13452e-09 5.61934e-08 2.69983e-07 9.4872e-07 2.69741e-06 6.48341e-06 1.34894e-05 2.46717e-05 4.01363e-05 5.86667e-05 7.77508e-05 9.41971e-05 0.000105088 0.000108662 0.000104786 9.49242e-05 8.16604e-05 6.8021e-05 5.6843e-05 5.04044e-05 5.03303e-05 5.74826e-05 7.15246e-05 9.13509e-05 0.000118812 0.000158021 0.000195304 0.000193608 0.000140395 7.21078e-05 2.6322e-05 7.07924e-06 1.52263e-06 2.93478e-07 5.40861e-08 9.22896e-09 1.34695e-09 1.49296e-10 8.95968e-12 0 
0 1.44216e-09 1.28174e-08 5.98921e-08 2.05468e-07 5.731e-07 1.35877e-06 2.80438e-06 5.11473e-06 8.33339e-06 1.22361e-05 1.63144e-05 1.98856e-05 2.22968e-05 2.31352e-05 2.2358e-05 2.02939e-05 1.7532e-05 1.47571e-05 1.26043e-05 1.15804e-05 1.20459e-05 1.41823e-05 1.78601e-05 2.25038e-05 2.728e-05 3.12568e-05 3.25502e-05 2.85282e-05 1.95044e-05 9.98642e-06 3.83537e-06 1.1543e-06 2.93478e-07 6.72991e-08 1.40856e-08 2.60209e-09 4.01443e-10 4.65782e-11 2.91005e-12 0 
0 3.04989e-10 2.63067e-09 1.19523e-08 3.99869e-08 1.09171e-07 2.54406e-07 5.183e-07 9.36914e-07 1.51843e-06 2.22416e-06 2.96454e-06 3.61717e-06 4.063e-06 4.22549e-06 4.09599e-06 3.73528e-06 3.25328e-06 2.77846e-06 2.43049e-06 2.30458e-06 2.46477e-06 2.93249e-06 3.65599e-06 4.47379e-06 5.12716e-06 5.34552e-06 4.93701e-06 3.89097e-06 2.51089e-06 1.29384e-06 5.34861e-07 1.83166e-07 5.40861e-08 1.40856e-08 3.22505e-09 6.35502e-10 1.03355e-10 1.25653e-11 8.1885e-13 0 
0 5.68116e-11 4.75963e-10 2.10382e-09 6.8641e-09 1.83316e-08 4.19303e-08 8.41433e-08 1.50339e-07 2.41591e-07 3.51867e-07 4.67426e-07 5.69515e-07 6.39834e-07 6.66573e-07 6.48416e-07 5.9491e-07 5.23426e-07 4.54424e-07 4.07096e-07 3.96522e-07 4.31822e-07 5.13436e-07 6.28183e-07 7.44773e-07 8.179e-07 8.06611e-07 6.98151e-07 5.19584e-07 3.26554e-07 1.7166e-07 7.57503e-08 2.84531e-08 9.22896e-09 2.60209e-09 6.35502e-10 1.32381e-10 2.26436e-11 2.88397e-12 1.96165e-13 0 
0 8.92362e-12 7.27009e-11 3.1295e-10 9.96487e-10 2.60404e-09 5.84524e-09 1.15465e-08 2.03697e-08 3.2414e-08 4.68743e-08 6.19755e-08 7.53194e-08 8.4574e-08 8.82394e-08 8.6162e-08 7.95945e-08 7.08198e-08 6.2546e-08 5.73212e-08 5.70968e-08 6.28769e-08 7.42773e-08 8.89625e-08 1.02407e-07 1.08863e-07 1.03916e-07 8.73267e-08 6.36966e-08 3.99491e-08 2.14552e-08 9.88026e-09 3.92037e-09 1.34695e-09 4.01443e-10 1.03355e-10 2.26436e-11 4.06396e-12 5.4165e-13 3.84419e-14 0 
0 1.06621e-12 8.45878e-12 3.55068e-11 1.10462e-10 2.82687e-10 6.23021e-10 1.21165e-09 2.11024e-09 3.32403e-09 4.77041e-09 6.2743e-09 7.6024e-09 8.5295e-09 8.91187e-09 8.73703e-09 8.13039e-09 7.31991e-09 6.5771e-09 6.15662e-09 6.24588e-09 6.92082e-09 8.09835e-09 9.49555e-09 1.06431e-08 1.10162e-08 1.02786e-08 8.50102e-09 6.16167e-09 3.88663e-09 2.12671e-09 1.00933e-09 4.16149e-10 1.49296e-10 4.65782e-11 1.25653e-11 2.88397e-12 5.4165e-13 7.54119e-14 5.57854e-15 0 
0 6.91983e-14 5.35391e-13 2.19471e-12 6.67967e-12 1.67587e-11 3.62953e-11 6.95363e-11 1.19602e-10 1.86518e-10 2.65645e-10 3.47537e-10 4.19801e-10 4.70584e-10 4.92408e-10 4.84784e-10 4.54596e-10 4.14265e-10 3.78586e-10 3.61291e-10 3.71953e-10 4.13202e-10 4.78208e-10 5.49478e-10 6.0138e-10 6.08424e-10 5.57349e-10 4.55709e-10 3.29357e-10 2.09129e-10 1.16289e-10 5.65676e-11 2.40722e-11 8.95968e-12 2.91005e-12 8.1885e-13 1.96165e-13 3.84419e-14 5.57854e-15 4.29458e-16 0 
0 0 0 0 0 0 0 0 0 0 0 0 0 0 0 0 0 0 0 0 0 0 0 0 0 0 0 0 0 0 0 0 0 0 0 0 0 0 0 0 0 
