0 0 0 0 0 0 0 0 0 0 0 0 0 0 0 0 0 0 0 0 0 0 0 0 0 0 0 0 0 0 0 0 0 0 0 0 0 0 0 0 0 
0 1.57121e-07 1.35895e-06 5.64384e-06 1.55864e-05 3.21046e-05 5.31088e-05 7.48963e-05 9.44239e-05 0.000110233 0.000122105 0.000130411 0.000135653 0.000138261 0.000138539 0.000136663 0.000132713 0.000126685 0.000118532 0.000108223 9.58404e-05 8.16894e-05 6.63968e-05 5.09208e-05 3.64269e-05 2.40249e-05 1.44506e-05 7.85586e-06 3.8361e-06 1.67739e-06 6.56528e-07 2.30294e-07 7.25055e-08 2.04937e-08 5.18593e-09 1.16505e-09 2.27984e-10 3.72721e-11 4.59997e-12 3.06475e-13 0 
0 1.35895e-06 1.1775e-05 4.60397e-05 0.000111335 0.000190448 0.000257974 0.00030448 0.000334733 0.000355875 0.000372072 0.000384637 0.00039347 0.00039814 0.000398431 0.000394527 0.000386993 0.000376635 0.000364251 0.000350271 0.00033435 0.000315044 0.000289882 0.00025623 0.000213031 0.000162723 0.000111625 6.7506e-05 3.55818e-05 1.62919e-05 6.50235e-06 2.27862e-06 7.06545e-07 1.94929e-07 4.79054e-08 1.04278e-08 1.97603e-09 3.13013e-10 3.74771e-11 2.42637e-12 0 
0 5.64384e-06 4.60397e-05 0.000152999 0.000290017 0.000389928 0.00044913 0.000495442 0.000543132 0.000592372 0.000638629 0.00067737 0.000705324 0.00072061 0.000722625 0.000711896 0.000689919 0.000658993 0.000622037 0.000582408 0.000543614 0.000508742 0.000479315 0.000453512 0.000424541 0.000381462 0.000315343 0.000229245 0.000141348 7.25805e-05 3.10694e-05 1.12452e-05 3.50494e-06 9.55369e-07 2.297e-07 4.8674e-08 8.96146e-09 1.37896e-09 1.60525e-10 1.01192e-11 0 
0 1.55864e-05 0.000111335 0.000290017 0.000431299 0.000516966 0.000601346 0.000701266 0.000808796 0.0009133 0.00100639 0.00108187 0.00113543 0.00116463 0.00116882 0.00114907 0.0011079 0.00104899 0.000976863 0.000896508 0.000813179 0.000732271 0.000659285 0.000599361 0.000555297 0.000523124 0.000487242 0.000423463 0.000319345 0.000196651 9.62237e-05 3.7724e-05 1.21886e-05 3.34408e-06 7.95451e-07 1.6526e-07 2.97079e-08 4.45736e-09 5.06038e-10 3.11426e-11 0 
0 3.21046e-05 0.000190448 0.000389928 0.000516966 0.000640793 0.000795499 0.000968649 0.00114456 0.00131076 0.00145693 0.00157472 0.00165811 0.00170358 0.00171027 0.00167982 0.00161605 0.00152451 0.00141185 0.00128534 0.00115227 0.00101961 0.000893891 0.000781404 0.000688562 0.000620934 0.000577936 0.000542588 0.00047842 0.000358415 0.00021016 9.37859e-05 3.25945e-05 9.21412e-06 2.19914e-06 4.51904e-07 7.97946e-08 1.17263e-08 1.30304e-09 7.85308e-11 0 
0 5.31088e-05 0.000257974 0.00044913 0.000601346 0.000795499 0.00102721 0.0012759 0.00152458 0.00175809 0.00196289 0.00212773 0.00224438 0.00230808 0.00231751 0.00227493 0.00218578 0.00205775 0.00190001 0.00172248 0.00153504 0.00134697 0.00116643 0.00100048 0.000855424 0.000737744 0.000653909 0.000603926 0.000565724 0.000489445 0.00034457 0.00018072 6.99083e-05 2.08692e-05 5.07489e-06 1.04137e-06 1.81782e-07 2.62907e-08 2.87062e-09 1.69982e-10 0 
0 7.48963e-05 0.00030448 0.000495442 0.000701266 0.000968649 0.0012759 0.00160147 0.00192569 0.00222961 0.00249618 0.00271308 0.00287571 0.0029747 0.00299115 0.00292332 0.00279268 0.00262011 0.00241378 0.00218256 0.00193823 0.00169249 0.00145562 0.00123607 0.00104055 0.000874802 0.000745054 0.000657694 0.000609076 0.000563336 0.000456989 0.000282029 0.00012402 3.9915e-05 1.00322e-05 2.07462e-06 3.60254e-07 5.15189e-08 5.54861e-09 3.23882e-10 0 
0 9.44239e-05 0.000334733 0.000543132 0.000808796 0.00114456 0.00152458 0.00192569 0.0023246 0.002699 0.00303895 0.00337171 0.00365549 0.00381167 0.00383674 0.00373881 0.00351838 0.00322154 0.00292938 0.00263939 0.00233826 0.0020355 0.00174314 0.00147126 0.00122746 0.00101737 0.000845905 0.00071927 0.000642212 0.00059896 0.000529162 0.000374582 0.000187725 6.59362e-05 1.73148e-05 3.63598e-06 6.31496e-07 8.96748e-08 9.56051e-09 5.51846e-10 0 
0 0.000110233 0.000355875 0.000592372 0.0009133 0.00131076 0.00175809 0.00222961 0.002699 0.00315625 0.00366427 0.00407801 0.00428535 0.00437615 0.00438996 0.00433399 0.00419372 0.00391793 0.00348455 0.0030748 0.00271235 0.00235586 0.00201182 0.00169135 0.00140309 0.00115295 0.000945111 0.000784174 0.000676461 0.000619008 0.000568221 0.000444515 0.00025043 9.61375e-05 2.65208e-05 5.68359e-06 9.91334e-07 1.40273e-07 1.48501e-08 8.50019e-10 0 
0 0.000122105 0.000372072 0.000638629 0.00100639 0.00145693 0.00196289 0.00249618 0.00303895 0.00366427 0.00419366 0.00444971 0.00458413 0.00464771 0.0046574 0.00461696 0.00452059 0.00434776 0.00403784 0.00352081 0.00304512 0.00263547 0.00224608 0.00188335 0.00155655 0.001272 0.00103357 0.000844595 0.0007105 0.000634188 0.000587727 0.000490497 0.000303579 0.000126336 3.65899e-05 8.01714e-06 1.40773e-06 1.98995e-07 2.09724e-08 1.19338e-09 0 
0 0.000130411 0.000384637 0.00067737 0.00108187 0.00157472 0.00212773 0.00271308 0.00337171 0.00407801 0.00444971 0.00464306 0.00475175 0.00480469 0.00481265 0.00477831 0.00469826 0.00456059 0.00433397 0.00392791 0.00334422 0.00286081 0.00243305 0.00203652 0.00167901 0.00136715 0.00110474 0.000894266 0.000739932 0.000646663 0.00059717 0.000517606 0.000343101 0.000152478 4.60833e-05 1.03091e-05 1.82361e-06 2.57945e-07 2.71171e-08 1.5371e-09 0 
0 0.000135653 0.00039347 0.000705324 0.00113543 0.00165811 0.00224438 0.00287571 0.00365549 0.00428535 0.00458413 0.00475175 0.00484895 0.00489685 0.00490386 0.00487225 0.00479948 0.00467672 0.00448218 0.00415659 0.00359198 0.00302434 0.00256341 0.00214302 0.00176405 0.00143317 0.00115414 0.000928985 0.00076094 0.000655361 0.000601099 0.000531571 0.000368513 0.00017166 5.35879e-05 1.21894e-05 2.17047e-06 3.07432e-07 3.22852e-08 1.82614e-09 0 
0 0.000138261 0.00039814 0.00072061 0.00116463 0.00170358 0.00230808 0.0029747 0.00381167 0.00437615 0.00464771 0.00480469 0.00489685 0.00494239 0.00494882 0.00491819 0.00484832 0.00473156 0.00454956 0.00425472 0.00373041 0.00311697 0.00263172 0.00219835 0.00180798 0.00146703 0.00117923 0.000946352 0.000771097 0.000658761 0.00060114 0.000536447 0.000380968 0.000182342 5.80516e-05 1.33462e-05 2.38755e-06 3.38683e-07 3.55659e-08 2.01025e-09 0 
0 0.000138539 0.000398431 0.000722625 0.00116882 0.00171027 0.00231751 0.00299115 0.00383674 0.00438996 0.0046574 0.00481265 0.00490386 0.00494882 0.00495486 0.004924 0.00485411 0.00473769 0.00455688 0.00426567 0.00374764 0.0031261 0.00263635 0.00220144 0.00180984 0.00146787 0.00117919 0.000945496 0.000769327 0.000655895 0.000597647 0.000534355 0.000381774 0.000184089 5.89573e-05 1.36052e-05 2.43905e-06 3.46405e-07 3.64034e-08 2.05859e-09 0 
0 0.000136663 0.000394527 0.000711896 0.00114907 0.00167982 0.00227493 0.00292332 0.00373881 0.00433399 0.00461696 0.00477831 0.00487225 0.00491819 0.004924 0.0048918 0.00481922 0.00469805 0.00450841 0.0041976 0.0036486 0.00305202 0.00257994 0.00215447 0.0017713 0.00143688 0.0011548 0.000926816 0.000755657 0.00064649 0.000590455 0.000525806 0.00037173 0.000177245 5.63524e-05 1.2964e-05 2.32306e-06 3.30212e-07 3.47505e-08 1.96833e-09 0 
0 0.000132713 0.000386993 0.000689919 0.0011079 0.00161605 0.00218578 0.00279268 0.00351838 0.00419372 0.00452059 0.00469826 0.00479948 0.00484832 0.00485411 0.00481922 0.00474069 0.00460835 0.00439657 0.00403286 0.00344103 0.00291153 0.00246906 0.00206239 0.00169619 0.00137691 0.00110808 0.000891661 0.000730887 0.000630716 0.000578918 0.000509917 0.000351078 0.000162765 5.07848e-05 1.15806e-05 2.07002e-06 2.94459e-07 3.10562e-08 1.76404e-09 0 
0 0.000126685 0.000376635 0.000658993 0.00104899 0.00152451 0.00205775 0.00262011 0.00322154 0.00391793 0.00434776 0.00456059 0.00467672 0.00473156 0.00473769 0.00469805 0.00460835 0.00445385 0.00419477 0.00372704 0.00317039 0.00272266 0.00231268 0.00193226 0.00158995 0.00129198 0.00104187 0.000841919 0.000696123 0.000608593 0.000561376 0.00048448 0.00031988 0.000142219 4.31825e-05 9.7243e-06 1.73229e-06 2.4671e-07 2.61063e-08 1.48911e-09 0 
0 0.000118532 0.000364251 0.000622037 0.000976863 0.00141185 0.00190001 0.00241378 0.00292938 0.00348455 0.00403784 0.00433397 0.00448218 0.00454956 0.00455688 0.00450841 0.00439657 0.00419477 0.0038275 0.00331857 0.00288863 0.00249627 0.00212117 0.00177243 0.00145898 0.00118675 0.000959267 0.000779474 0.00065206 0.000578916 0.000534223 0.000446227 0.000278799 0.000117838 3.46883e-05 7.70825e-06 1.3694e-06 1.95518e-07 2.07905e-08 1.19286e-09 0 
0 0.000108223 0.000350271 0.000582408 0.000896508 0.00128534 0.00172248 0.00218256 0.00263939 0.0030748 0.00352081 0.00392791 0.00415659 0.00425472 0.00426567 0.0041976 0.00403286 0.00372704 0.00331857 0.00294662 0.00259345 0.00224315 0.00190558 0.00159174 0.00130994 0.00106581 0.000863085 0.000705453 0.00059771 0.000537493 0.00049104 0.000391973 0.000230152 9.24569e-05 2.64593e-05 5.81988e-06 1.03388e-06 1.48328e-07 1.58821e-08 9.18251e-10 0 
0 9.58404e-05 0.00033435 0.000543614 0.000813179 0.00115227 0.00153504 0.00193823 0.00233826 0.00271235 0.00304512 0.00334422 0.00359198 0.00373041 0.00374764 0.0036486 0.00344103 0.00317039 0.00288863 0.00259345 0.00228531 0.00197574 0.0016769 0.00139886 0.00114919 0.000933273 0.000755173 0.000619069 0.000528345 0.000475351 0.000423622 0.000321499 0.000178772 6.91587e-05 1.9458e-05 4.26784e-06 7.61568e-07 1.10097e-07 1.18921e-08 6.93696e-10 0 
0 8.16894e-05 0.000315044 0.000508742 0.000732271 0.00101961 0.00134697 0.00169249 0.0020355 0.00235586 0.00263547 0.00286081 0.00302434 0.00311697 0.0031261 0.00305202 0.00291153 0.00272266 0.00249627 0.00224315 0.00197574 0.00170621 0.00144528 0.00120172 0.000982363 0.00079239 0.000635981 0.000516576 0.00043484 0.000381734 0.000328881 0.000241704 0.000131678 5.06057e-05 1.42804e-05 3.15542e-06 5.68006e-07 8.28381e-08 9.02224e-09 5.30321e-10 0 
0 6.63968e-05 0.000289882 0.000479315 0.000659285 0.000893891 0.00116643 0.00145562 0.00174314 0.00201182 0.00224608 0.00243305 0.00256341 0.00263172 0.00263635 0.00257994 0.00246906 0.00231268 0.00212117 0.00190558 0.0016769 0.00144528 0.0012196 0.00100729 0.000814538 0.000646593 0.000507533 0.000398926 0.000319509 0.000265178 0.000222649 0.000167303 9.54168e-05 3.82043e-05 1.10694e-05 2.48167e-06 4.50155e-07 6.59289e-08 7.19889e-09 4.2383e-10 0 
0 5.09208e-05 0.00025623 0.000453512 0.000599361 0.000781404 0.00100048 0.00123607 0.00147126 0.00169135 0.00188335 0.00203652 0.00214302 0.00219835 0.00220144 0.00215447 0.00206239 0.00193226 0.00177243 0.00159174 0.00139886 0.00120172 0.00100729 0.000821847 0.000652296 0.000508031 0.000397953 0.000318813 0.000253465 0.00019318 0.000146897 0.000112787 7.17609e-05 3.14631e-05 9.52282e-06 2.16083e-06 3.91037e-07 5.68471e-08 6.15397e-09 3.59252e-10 0 
0 3.64269e-05 0.000213031 0.000424541 0.000555297 0.000688562 0.000855424 0.00104055 0.00122746 0.00140309 0.00155655 0.00167901 0.00176405 0.00180798 0.00180984 0.0017713 0.00169619 0.00158995 0.00145898 0.00130994 0.00114919 0.000982363 0.000814538 0.000652296 0.000511501 0.000425982 0.000421358 0.000455815 0.000433383 0.000318448 0.000181552 9.69943e-05 5.8267e-05 2.82015e-05 8.99658e-06 2.04994e-06 3.65287e-07 5.20492e-08 5.52595e-09 3.16972e-10 0 
0 2.40249e-05 0.000162723 0.000381462 0.000523124 0.000620934 0.000737744 0.000874802 0.00101737 0.00115295 0.001272 0.00136715 0.00143317 0.00146703 0.00146787 0.00143688 0.00137691 0.00129198 0.00118675 0.00106581 0.000933273 0.00079239 0.000646593 0.000508031 0.000425982 0.00050022 0.000788586 0.00131096 0.0015811 0.000905453 0.000456003 0.000169074 6.09098e-05 2.6574e-05 8.75154e-06 1.98589e-06 3.45561e-07 4.79468e-08 4.96824e-09 2.79009e-10 0 
0 1.44506e-05 0.000111625 0.000315343 0.000487242 0.000577936 0.000653909 0.000745054 0.000845905 0.000945111 0.00103357 0.00110474 0.00115414 0.00117923 0.00117919 0.0011548 0.00110808 0.00104187 0.000959267 0.000863085 0.000755173 0.000635981 0.000507533 0.000397953 0.000421358 0.000788586 0.001881 0.00301962 0.00310541 0.0026595 0.00106118 0.000356228 9.11775e-05 2.70027e-05 8.29407e-06 1.8373e-06 3.1068e-07 4.19822e-08 4.25335e-09 2.3436e-10 0 
0 7.85586e-06 6.7506e-05 0.000229245 0.000423463 0.000542588 0.000603926 0.000657694 0.00071927 0.000784174 0.000844595 0.000894266 0.000928985 0.000946352 0.000945496 0.000926816 0.000891661 0.000841919 0.000779474 0.000705453 0.000619069 0.000516576 0.000398926 0.000318813 0.000455815 0.00131096 0.00301962 0.00333969 0.00337684 0.00320421 0.00228288 0.00057127 0.000132094 2.87571e-05 7.41229e-06 1.54859e-06 2.53283e-07 3.34807e-08 3.33761e-09 1.81541e-10 0 
0 3.8361e-06 3.55818e-05 0.000141348 0.000319345 0.00047842 0.000565724 0.000609076 0.000642212 0.000676461 0.0007105 0.000739932 0.00076094 0.000771097 0.000769327 0.000755657 0.000730887 0.000696123 0.00065206 0.00059771 0.000528345 0.00043484 0.000319509 0.000253465 0.000433383 0.0015811 0.00310541 0.00337684 0.00341357 0.00327743 0.00265771 0.000640284 0.000141694 2.71772e-05 5.94943e-06 1.14746e-06 1.81479e-07 2.36545e-08 2.34156e-09 1.26783e-10 0 
0 1.67739e-06 1.62919e-05 7.25805e-05 0.000196651 0.000358415 0.000489445 0.000563336 0.00059896 0.000619008 0.000634188 0.000646663 0.000655361 0.000658761 0.000655895 0.00064649 0.000630716 0.000608593 0.000578916 0.000537493 0.000475351 0.000381734 0.000265178 0.00019318 0.000318448 0.000905453 0.0026595 0.00320421 0.00327743 0.00306067 0.001665 0.000465875 0.000105091 1.99723e-05 4.01082e-06 7.23562e-07 1.11942e-07 1.45627e-08 1.44711e-09 7.87319e-11 0 
0 6.56528e-07 6.50235e-06 3.10694e-05 9.62237e-05 0.00021016 0.00034457 0.000456989 0.000529162 0.000568221 0.000587727 0.00059717 0.000601099 0.00060114 0.000597647 0.000590455 0.000578918 0.000561376 0.000534223 0.00049104 0.000423622 0.000328881 0.000222649 0.000146897 0.000181552 0.000456003 0.00106118 0.00228288 0.00265771 0.001665 0.000699405 0.000231469 5.39553e-05 1.09946e-05 2.1621e-06 3.79241e-07 5.87644e-08 7.74778e-09 7.81727e-10 4.31406e-11 0 
0 2.30294e-07 2.27862e-06 1.12452e-05 3.7724e-05 9.37859e-05 0.00018072 0.000282029 0.000374582 0.000444515 0.000490497 0.000517606 0.000531571 0.000536447 0.000534355 0.000525806 0.000509917 0.00048448 0.000446227 0.000391973 0.000321499 0.000241704 0.000167303 0.000112787 9.69943e-05 0.000169074 0.000356228 0.00057127 0.000640284 0.000465875 0.000231469 7.86141e-05 2.02622e-05 4.58827e-06 9.20195e-07 1.64347e-07 2.62047e-08 3.55479e-09 3.68026e-10 2.07792e-11 0 
0 7.25055e-08 7.06545e-07 3.50494e-06 1.21886e-05 3.25945e-05 6.99083e-05 0.00012402 0.000187725 0.00025043 0.000303579 0.000343101 0.000368513 0.000380968 0.000381774 0.00037173 0.000351078 0.00031988 0.000278799 0.000230152 0.000178772 0.000131678 9.54168e-05 7.17609e-05 5.8267e-05 6.09098e-05 9.11775e-05 0.000132094 0.000141694 0.000105091 5.39553e-05 2.02622e-05 6.04763e-06 1.49263e-06 3.15846e-07 5.96385e-08 9.98255e-09 1.40919e-09 1.50968e-10 8.78371e-12 0 
0 2.04937e-08 1.94929e-07 9.55369e-07 3.34408e-06 9.21412e-06 2.08692e-05 3.9915e-05 6.59362e-05 9.61375e-05 0.000126336 0.000152478 0.00017166 0.000182342 0.000184089 0.000177245 0.000162765 0.000142219 0.000117838 9.24569e-05 6.91587e-05 5.06057e-05 3.82043e-05 3.14631e-05 2.82015e-05 2.6574e-05 2.70027e-05 2.87571e-05 2.71772e-05 1.99723e-05 1.09946e-05 4.58827e-06 1.49263e-06 3.96629e-07 9.09753e-08 1.84775e-08 3.27439e-09 4.84119e-10 5.3987e-11 3.25462e-12 0 
0 5.18593e-09 4.79054e-08 2.297e-07 7.95451e-07 2.19914e-06 5.07489e-06 1.00322e-05 1.73148e-05 2.65208e-05 3.65899e-05 4.60833e-05 5.35879e-05 5.80516e-05 5.89573e-05 5.63524e-05 5.07848e-05 4.31825e-05 3.46883e-05 2.64593e-05 1.9458e-05 1.42804e-05 1.10694e-05 9.52282e-06 8.99658e-06 8.75154e-06 8.29407e-06 7.41229e-06 5.94943e-06 4.01082e-06 2.1621e-06 9.20195e-07 3.15846e-07 9.09753e-08 2.27103e-08 4.95202e-09 9.29256e-10 1.44295e-10 1.68104e-11 1.05395e-12 0 
0 1.16505e-09 1.04278e-08 4.8674e-08 1.6526e-07 4.51904e-07 1.04137e-06 2.07462e-06 3.63598e-06 5.68359e-06 8.01714e-06 1.03091e-05 1.21894e-05 1.33462e-05 1.36052e-05 1.2964e-05 1.15806e-05 9.7243e-06 7.70825e-06 5.81988e-06 4.26784e-06 3.15542e-06 2.48167e-06 2.16083e-06 2.04994e-06 1.98589e-06 1.8373e-06 1.54859e-06 1.14746e-06 7.23562e-07 3.79241e-07 1.64347e-07 5.96385e-08 1.84775e-08 4.95202e-09 1.14892e-09 2.27714e-10 3.71592e-11 4.5302e-12 2.96018e-13 0 
0 2.27984e-10 1.97603e-09 8.96146e-09 2.97079e-08 7.97946e-08 1.81782e-07 3.60254e-07 6.31496e-07 9.91334e-07 1.40773e-06 1.82361e-06 2.17047e-06 2.38755e-06 2.43905e-06 2.32306e-06 2.07002e-06 1.73229e-06 1.3694e-06 1.03388e-06 7.61568e-07 5.68006e-07 4.50155e-07 3.91037e-07 3.65287e-07 3.45561e-07 3.1068e-07 2.53283e-07 1.81479e-07 1.11942e-07 5.87644e-08 2.62047e-08 9.98255e-09 3.27439e-09 9.29256e-10 2.27714e-10 4.7534e-11 8.1455e-12 1.0394e-12 7.08414e-14 0 
0 3.72721e-11 3.13013e-10 1.37896e-09 4.45736e-09 1.17263e-08 2.62907e-08 5.15189e-08 8.96748e-08 1.40273e-07 1.98995e-07 2.57945e-07 3.07432e-07 3.38683e-07 3.46405e-07 3.30212e-07 2.94459e-07 2.4671e-07 1.95518e-07 1.48328e-07 1.10097e-07 8.28381e-08 6.59289e-08 5.68471e-08 5.20492e-08 4.79468e-08 4.19822e-08 3.34807e-08 2.36545e-08 1.45627e-08 7.74778e-09 3.55479e-09 1.40919e-09 4.84119e-10 1.44295e-10 3.71592e-11 8.1455e-12 1.46321e-12 1.9525e-13 1.3877e-14 0 
0 4.59997e-12 3.74771e-11 1.60525e-10 5.06038e-10 1.30304e-09 2.87062e-09 5.54861e-09 9.56051e-09 1.48501e-08 2.09724e-08 2.71171e-08 3.22852e-08 3.55659e-08 3.64034e-08 3.47505e-08 3.10562e-08 2.61063e-08 2.07905e-08 1.58821e-08 1.18921e-08 9.02224e-09 7.19889e-09 6.15397e-09 5.52595e-09 4.96824e-09 4.25335e-09 3.33761e-09 2.34156e-09 1.44711e-09 7.81727e-10 3.68026e-10 1.50968e-10 5.3987e-11 1.68104e-11 4.5302e-12 1.0394e-12 1.9525e-13 2.71999e-14 2.01392e-15 0 
0 3.06475e-13 2.42637e-12 1.01192e-11 3.11426e-11 7.85308e-11 1.69982e-10 3.23882e-10 5.51846e-10 8.50019e-10 1.19338e-09 1.5371e-09 1.82614e-09 2.01025e-09 2.05859e-09 1.96833e-09 1.76404e-09 1.48911e-09 1.19286e-09 9.18251e-10 6.93696e-10 5.30321e-10 4.2383e-10 3.59252e-10 3.16972e-10 2.79009e-10 2.3436e-10 1.81541e-10 1.26783e-10 7.87319e-11 4.31406e-11 2.07792e-11 8.78371e-12 3.25462e-12 1.05395e-12 2.96018e-13 7.08414e-14 1.3877e-14 2.01392e-15 1.55107e-16 0 
0 0 0 0 0 0 0 0 0 0 0 0 0 0 0 0 0 0 0 0 0 0 0 0 0 0 0 0 0 0 0 0 0 0 0 0 0 0 0 0 0 
