0 0 0 0 0 0 0 0 0 0 0 0 0 0 0 0 0 0 0 0 0 0 0 0 0 0 0 0 0 0 0 0 0 0 0 0 0 0 0 0 0 
0 4.86883e-11 4.64828e-10 2.34947e-09 8.78364e-09 2.68819e-08 7.02986e-08 1.60472e-07 3.23544e-07 5.8029e-07 9.30243e-07 1.33759e-06 1.7302e-06 2.01854e-06 2.1291e-06 2.035e-06 1.76642e-06 1.39544e-06 1.00541e-06 6.62116e-07 3.99469e-07 2.21331e-07 1.12909e-07 5.31753e-08 2.31836e-08 9.38277e-09 3.53427e-09 1.24201e-09 4.08032e-10 1.25504e-10 3.61708e-11 9.76541e-12 2.46567e-12 5.80037e-13 1.26236e-13 2.5098e-14 4.45485e-15 6.74668e-16 7.85283e-17 5.01052e-18 0 
0 4.64828e-10 4.60295e-09 2.41364e-08 9.35451e-08 2.96324e-07 8.00195e-07 1.88055e-06 3.88976e-06 7.12926e-06 1.16312e-05 1.69508e-05 2.21336e-05 2.59672e-05 2.74444e-05 2.61948e-05 2.26321e-05 1.77399e-05 1.26429e-05 8.21105e-06 4.87144e-06 2.64707e-06 1.32117e-06 6.07512e-07 2.58174e-07 1.01718e-07 3.72669e-08 1.27321e-08 4.066e-09 1.21596e-09 3.40892e-10 8.95909e-11 2.20407e-11 5.05752e-12 1.07495e-12 2.08998e-13 3.6329e-14 5.39613e-15 6.16998e-16 3.87385e-17 0 
0 2.34947e-09 2.41364e-08 1.31345e-07 5.27919e-07 1.73141e-06 4.82862e-06 1.16812e-05 2.4776e-05 4.63678e-05 7.6907e-05 0.000113462 0.00014939 0.000176108 0.000186442 0.000177754 0.000152991 0.000119132 8.41028e-05 5.39447e-05 3.15129e-05 1.68122e-05 8.21679e-06 3.69144e-06 1.52985e-06 5.86985e-07 2.09238e-07 6.95166e-08 2.15866e-08 6.27876e-09 1.71299e-09 4.38475e-10 1.05173e-10 2.3558e-11 4.89452e-12 9.31614e-13 1.58788e-13 2.3167e-14 2.60676e-15 1.61384e-16 0 
0 8.78364e-09 9.35451e-08 5.27919e-07 2.19885e-06 7.45949e-06 2.14582e-05 5.33485e-05 0.000115779 0.000220653 0.000370914 0.000552173 0.000730979 0.000864101 0.000915638 0.000872525 0.00074953 0.000581484 0.000408014 0.00025936 0.000149664 7.86129e-05 3.7711e-05 1.6584e-05 6.71314e-06 2.51177e-06 8.72168e-07 2.82097e-07 8.52677e-08 2.41478e-08 6.41829e-09 1.60197e-09 3.75099e-10 8.21291e-11 1.67047e-11 3.11791e-12 5.22086e-13 7.49825e-14 8.32361e-15 5.09615e-16 0 
0 2.68819e-08 2.96324e-07 1.73141e-06 7.45949e-06 2.61203e-05 7.72996e-05 0.000196833 0.000435185 0.000840013 0.00142211 0.00212237 0.00280852 0.00331547 0.00351058 0.00334736 0.00288055 0.00223884 0.00157162 0.000996629 0.000571541 0.000297094 0.00014047 6.06731e-05 2.40555e-05 8.79747e-06 2.98178e-06 9.40686e-07 2.77269e-07 7.65882e-08 1.9867e-08 4.84393e-09 1.10929e-09 2.37892e-10 4.74718e-11 8.70964e-12 1.43662e-12 2.03732e-13 2.23907e-14 1.36128e-15 0 
0 7.02986e-08 8.00195e-07 4.82862e-06 2.14582e-05 7.72996e-05 0.000234359 0.000607861 0.00135916 0.00263252 0.00443993 0.00656821 0.00860179 0.0100696 0.0106239 0.0101541 0.00880625 0.00692054 0.00491365 0.00314325 0.00180957 0.000938758 0.000440406 0.000187804 7.32263e-05 2.62634e-05 8.71407e-06 2.68848e-06 7.74676e-07 2.09222e-07 5.30967e-08 1.26779e-08 2.84692e-09 5.99646e-10 1.17752e-10 2.13066e-11 3.47495e-12 4.88681e-13 5.34353e-14 3.24419e-15 0 
0 1.60472e-07 1.88055e-06 1.16812e-05 5.33485e-05 0.000196833 0.000607861 0.00159328 0.00356413 0.00683144 0.0112963 0.016302 0.0208433 0.0239749 0.0251104 0.0241075 0.0212305 0.0170747 0.0124472 0.00816071 0.00478669 0.00250925 0.00117941 0.000500171 0.000192853 6.81316e-05 2.22118e-05 6.72417e-06 1.90017e-06 5.03344e-07 1.25367e-07 2.94098e-08 6.49823e-09 1.3493e-09 2.61801e-10 4.69342e-11 7.60812e-12 1.06733e-12 1.16905e-13 7.1413e-15 0 
0 3.23544e-07 3.88976e-06 2.4776e-05 0.000115779 0.000435185 0.00135916 0.00356413 0.00786724 0.0146692 0.0233488 0.0323274 0.0398502 0.0446974 0.0463384 0.0447501 0.0402504 0.0334752 0.0254246 0.0173835 0.0105738 0.00568985 0.00271331 0.00115516 0.000443523 0.000155173 4.99302e-05 1.48916e-05 4.14297e-06 1.08055e-06 2.65186e-07 6.13768e-08 1.34043e-08 2.7575e-09 5.31607e-10 9.50235e-11 1.54206e-11 2.17563e-12 2.40831e-13 1.49412e-14 0 
0 5.8029e-07 7.12926e-06 4.63678e-05 0.000220653 0.000840013 0.00263252 0.00683144 0.0146692 0.0261873 0.0395531 0.0520318 0.0615495 0.0672242 0.0689646 0.0669788 0.0615512 0.0530782 0.042294 0.0305167 0.0195453 0.0109675 0.00537949 0.00232392 0.000895673 0.000312258 9.96821e-05 2.94284e-05 8.0975e-06 2.08927e-06 5.07751e-07 1.16576e-07 2.53162e-08 5.1948e-09 1.00277e-09 1.80282e-10 2.95747e-11 4.24043e-12 4.79472e-13 3.05164e-14 0 
0 9.30243e-07 1.16312e-05 7.6907e-05 0.000370914 0.00142211 0.00443993 0.0112963 0.0233488 0.0395531 0.0564694 0.0707171 0.0807001 0.0862635 0.0877709 0.0855951 0.0799797 0.0710791 0.0591692 0.045083 0.0306043 0.0181 0.00923812 0.00409102 0.00159573 0.000558016 0.000177738 5.22207e-05 1.42897e-05 3.6687e-06 8.88601e-07 2.03842e-07 4.43804e-08 9.16889e-09 1.79096e-09 3.27625e-10 5.49964e-11 8.1099e-12 9.46665e-13 6.23115e-14 0 
0 1.33759e-06 1.69508e-05 0.000113462 0.000552173 0.00212237 0.00656821 0.016302 0.0323274 0.0520318 0.0707171 0.0852164 0.0948062 0.0999204 0.101133 0.0988614 0.0933436 0.084655 0.0727903 0.0580182 0.0415701 0.025962 0.0138719 0.00634379 0.00252194 0.000890286 0.000284669 8.37548e-05 2.29451e-05 5.90563e-06 1.43782e-06 3.32805e-07 7.34667e-08 1.54767e-08 3.10128e-09 5.85385e-10 1.01867e-10 1.5614e-11 1.89473e-12 1.29321e-13 0 
0 1.7302e-06 2.21336e-05 0.00014939 0.000730979 0.00280852 0.00860179 0.0208433 0.0398502 0.0615495 0.0807001 0.0948062 0.103868 0.108598 0.109595 0.107258 0.101842 0.0934514 0.0820171 0.0674775 0.0504466 0.0330523 0.0184689 0.00874711 0.00356132 0.00127651 0.000412416 0.000122408 3.38601e-05 8.82445e-06 2.18499e-06 5.17261e-07 1.17541e-07 2.56569e-08 5.35746e-09 1.05772e-09 1.92695e-10 3.08535e-11 3.89154e-12 2.74166e-13 0 
0 2.01854e-06 2.59672e-05 0.000176108 0.000864101 0.00331547 0.0100696 0.0239749 0.0446974 0.0672242 0.0862635 0.0999204 0.108598 0.113089 0.113959 0.111584 0.106237 0.0980746 0.0870629 0.0730323 0.0561989 0.0381819 0.0221579 0.0108494 0.0045346 0.00165893 0.000545537 0.000164875 4.65806e-05 1.24626e-05 3.18918e-06 7.86082e-07 1.8729e-07 4.30869e-08 9.50231e-09 1.97815e-09 3.78037e-10 6.30033e-11 8.19623e-12 5.90082e-13 0 
0 2.1291e-06 2.74444e-05 0.000186442 0.000915638 0.00351058 0.0106239 0.0251104 0.0463384 0.0689646 0.0877709 0.101133 0.109595 0.113959 0.114771 0.112398 0.107127 0.0991492 0.0884829 0.0749604 0.0586358 0.0407742 0.0243275 0.0122561 0.00526279 0.00197586 0.000667521 0.000208043 6.09946e-05 1.70721e-05 4.60966e-06 1.20766e-06 3.07102e-07 7.53818e-08 1.76502e-08 3.86751e-09 7.69669e-10 1.3209e-10 1.75107e-11 1.27298e-12 0 
0 2.035e-06 2.61948e-05 0.000177754 0.000872525 0.00334736 0.0101541 0.0241075 0.0447501 0.0669788 0.0855951 0.0988614 0.107258 0.111584 0.112398 0.110078 0.104919 0.0971317 0.0867642 0.0736961 0.0579887 0.0407744 0.0247528 0.012763 0.00563762 0.00218861 0.000769601 0.000251804 7.82888e-05 2.34718e-05 6.83954e-06 1.93869e-06 5.31528e-07 1.39417e-07 3.44525e-08 7.85979e-09 1.60737e-09 2.80234e-10 3.73811e-11 2.71388e-12 0 
0 1.76642e-06 2.26321e-05 0.000152991 0.00074953 0.00288055 0.00880625 0.0212305 0.0402504 0.0615512 0.0799797 0.0933436 0.101842 0.106237 0.107127 0.104919 0.0999226 0.0923478 0.0822649 0.0696294 0.0546336 0.0384555 0.0235586 0.0123967 0.00565845 0.00229939 0.000857785 0.000301854 0.000102179 3.3611e-05 1.07511e-05 3.32089e-06 9.79072e-07 2.71698e-07 6.98783e-08 1.63473e-08 3.38582e-09 5.91935e-10 7.85789e-11 5.64538e-12 0 
0 1.39544e-06 1.77399e-05 0.000119132 0.000581484 0.00223884 0.00692054 0.0170747 0.0334752 0.0530782 0.0710791 0.084655 0.0934514 0.0980746 0.0991492 0.0971317 0.0923478 0.0850141 0.0752348 0.0630932 0.0490114 0.034296 0.0211237 0.0113732 0.00542325 0.00235197 0.000955342 0.000372023 0.00014058 5.15492e-05 1.81756e-05 6.07939e-06 1.90211e-06 5.49478e-07 1.44678e-07 3.41845e-08 7.07659e-09 1.22692e-09 1.60615e-10 1.1335e-11 0 
0 1.00541e-06 1.26429e-05 8.41028e-05 0.000408014 0.00157162 0.00491365 0.0124472 0.0254246 0.042294 0.0591692 0.0727903 0.0820171 0.0870629 0.0884829 0.0867642 0.0822649 0.0752348 0.0658651 0.0544438 0.0416723 0.028931 0.0179752 0.0100111 0.00508535 0.00241781 0.00110156 0.000486939 0.000208483 8.53877e-05 3.2899e-05 1.17383e-05 3.83042e-06 1.13223e-06 3.00453e-07 7.07321e-08 1.44683e-08 2.46442e-09 3.15747e-10 2.17586e-11 0 
0 6.62116e-07 8.21105e-06 5.39447e-05 0.00025936 0.000996629 0.00314325 0.00816071 0.0173835 0.0305167 0.045083 0.0580182 0.0674775 0.0730323 0.0749604 0.0736961 0.0696294 0.0630932 0.0544438 0.0442265 0.0333581 0.0231059 0.0146698 0.00862914 0.00479959 0.00257716 0.00135018 0.000686914 0.000333583 0.000151245 6.27478e-05 2.34774e-05 7.8535e-06 2.33731e-06 6.16214e-07 1.42786e-07 2.85708e-08 4.74258e-09 5.90954e-10 3.95739e-11 0 
0 3.99469e-07 4.87144e-06 3.15129e-05 0.000149664 0.000571541 0.00180957 0.00478669 0.0105738 0.0195453 0.0306043 0.0415701 0.0504466 0.0561989 0.0586358 0.0579887 0.0546336 0.0490114 0.0416723 0.0333581 0.0250054 0.0175611 0.0116663 0.00746155 0.00467967 0.0029036 0.00176959 0.00103649 0.000566682 0.000281088 0.000123782 4.78034e-05 1.61292e-05 4.75981e-06 1.23008e-06 2.77416e-07 5.3816e-08 8.64568e-09 1.04235e-09 6.75814e-11 0 
0 2.21331e-07 2.64707e-06 1.68122e-05 7.86129e-05 0.000297094 0.000938758 0.00250925 0.00568985 0.0109675 0.0181 0.025962 0.0330523 0.0381819 0.0407742 0.0407744 0.0384555 0.034296 0.028931 0.0231059 0.0175611 0.0128545 0.0092278 0.00661509 0.00477738 0.0034518 0.0024401 0.0016335 0.000998131 0.000537674 0.000248842 9.78173e-05 3.27398e-05 9.42447e-06 2.35452e-06 5.11333e-07 9.54149e-08 1.47527e-08 1.71438e-09 1.07354e-10 0 
0 1.12909e-07 1.32117e-06 8.21679e-06 3.7711e-05 0.00014047 0.000440406 0.00117941 0.00271331 0.00537949 0.00923812 0.0138719 0.0184689 0.0221579 0.0243275 0.0247528 0.0235586 0.0211237 0.0179752 0.0146698 0.0116663 0.0092278 0.00740115 0.00607665 0.00507892 0.00423995 0.00343977 0.00262172 0.00179948 0.00106027 0.000515427 0.000203413 6.59184e-05 1.80309e-05 4.26653e-06 8.80848e-07 1.56958e-07 2.32615e-08 2.59984e-09 1.57091e-10 0 
0 5.31753e-08 6.07512e-07 3.69144e-06 1.6584e-05 6.06731e-05 0.000187804 0.000500171 0.00115516 0.00232392 0.00409102 0.00634379 0.00874711 0.0108494 0.0122561 0.012763 0.0123967 0.0113732 0.0100111 0.00862914 0.00746155 0.00661509 0.00607665 0.00575189 0.00551402 0.005258 0.00492237 0.00440267 0.00352447 0.0023253 0.00118991 0.000461903 0.000138872 3.42048e-05 7.32748e-06 1.4018e-06 2.36085e-07 3.34345e-08 3.59278e-09 2.0964e-10 0 
0 2.31836e-08 2.58174e-07 1.52985e-06 6.71314e-06 2.40555e-05 7.32263e-05 0.000192853 0.000443523 0.000895673 0.00159573 0.00252194 0.00356132 0.0045346 0.00526279 0.00563762 0.00565845 0.00542325 0.00508535 0.00479959 0.00467967 0.00477738 0.00507892 0.00551402 0.00602252 0.0067393 0.00794258 0.00914132 0.00879129 0.00634152 0.00329148 0.00121953 0.000328293 6.84544e-05 1.2293e-05 2.06138e-06 3.20777e-07 4.3219e-08 4.47112e-09 2.52622e-10 0 
0 9.38277e-09 1.01718e-07 5.86985e-07 2.51177e-06 8.79747e-06 2.62634e-05 6.81316e-05 0.000155173 0.000312258 0.000558016 0.000890286 0.00127651 0.00165893 0.00197586 0.00218861 0.00229939 0.00235197 0.00241781 0.00257716 0.0029036 0.0034518 0.00423995 0.005258 0.0067393 0.0099246 0.016397 0.0237682 0.0253412 0.0187083 0.00946019 0.00330437 0.000807815 0.000143654 2.07324e-05 2.83708e-06 3.90974e-07 4.96302e-08 4.95431e-09 2.72283e-10 0 
0 3.53427e-09 3.72669e-08 2.09238e-07 8.72168e-07 2.98178e-06 8.71407e-06 2.22118e-05 4.99302e-05 9.96821e-05 0.000177738 0.000284669 0.000412416 0.000545537 0.000667521 0.000769601 0.000857785 0.000955342 0.00110156 0.00135018 0.00176959 0.0024401 0.00343977 0.00492237 0.00794258 0.016397 0.0342106 0.0543922 0.0597401 0.0442376 0.0219917 0.00739236 0.00170282 0.000274027 3.32502e-05 3.63821e-06 4.24981e-07 5.00911e-08 4.83848e-09 2.60273e-10 0 
0 1.24201e-09 1.27321e-08 6.95166e-08 2.82097e-07 9.40686e-07 2.68848e-06 6.72417e-06 1.48916e-05 2.94284e-05 5.22207e-05 8.37548e-05 0.000122408 0.000164875 0.000208043 0.000251804 0.000301854 0.000372023 0.000486939 0.000686914 0.00103649 0.0016335 0.00262172 0.00440267 0.00914132 0.0237682 0.0543922 0.0888412 0.0983416 0.0728724 0.0360312 0.0119206 0.00266473 0.000407159 4.4624e-05 4.10748e-06 4.04733e-07 4.39565e-08 4.12889e-09 2.19089e-10 0 
0 4.08032e-10 4.066e-09 2.15866e-08 8.52677e-08 2.77269e-07 7.74676e-07 1.90017e-06 4.14297e-06 8.0975e-06 1.42897e-05 2.29451e-05 3.38601e-05 4.65806e-05 6.09946e-05 7.82888e-05 0.000102179 0.00014058 0.000208483 0.000333583 0.000566682 0.000998131 0.00179948 0.00352447 0.00879129 0.0253412 0.0597401 0.0983416 0.1091 0.080861 0.0399191 0.013137 0.00289882 0.000431963 4.49871e-05 3.74311e-06 3.2568e-07 3.3112e-08 3.05738e-09 1.61546e-10 0 
0 1.25504e-10 1.21596e-09 6.27876e-09 2.41478e-08 7.65882e-08 2.09222e-07 5.03344e-07 1.08055e-06 2.08927e-06 3.6687e-06 5.90563e-06 8.82445e-06 1.24626e-05 1.70721e-05 2.34718e-05 3.3611e-05 5.15492e-05 8.53877e-05 0.000151245 0.000281088 0.000537674 0.00106027 0.0023253 0.00634152 0.0187083 0.0442376 0.0728724 0.080861 0.0599326 0.0295833 0.00972702 0.00213669 0.000314988 3.21441e-05 2.57107e-06 2.12744e-07 2.11467e-08 1.9554e-09 1.03999e-10 0 
0 3.61708e-11 3.40892e-10 1.71299e-09 6.41829e-09 1.9867e-08 5.30967e-08 1.25367e-07 2.65186e-07 5.07751e-07 8.88601e-07 1.43782e-06 2.18499e-06 3.18918e-06 4.60966e-06 6.83954e-06 1.07511e-05 1.81756e-05 3.2899e-05 6.27478e-05 0.000123782 0.000248842 0.000515427 0.00118991 0.00329148 0.00946019 0.0219917 0.0360312 0.0399191 0.0295833 0.0146161 0.0048128 0.00105672 0.000155538 1.59085e-05 1.29098e-06 1.10532e-07 1.13868e-08 1.07851e-09 5.83769e-11 0 
0 9.76541e-12 8.95909e-11 4.38475e-10 1.60197e-09 4.84393e-09 1.26779e-08 2.94098e-08 6.13768e-08 1.16576e-07 2.03842e-07 3.32805e-07 5.17261e-07 7.86082e-07 1.20766e-06 1.93869e-06 3.32089e-06 6.07939e-06 1.17383e-05 2.34774e-05 4.78034e-05 9.78173e-05 0.000203413 0.000461903 0.00121953 0.00330437 0.00739236 0.0119206 0.013137 0.00972702 0.0048128 0.00158807 0.000349543 5.18855e-05 5.46006e-06 4.78154e-07 4.62269e-08 5.19889e-09 5.139e-10 2.85789e-11 0 
0 2.46567e-12 2.20407e-11 1.05173e-10 3.75099e-10 1.10929e-09 2.84692e-09 6.49823e-09 1.34043e-08 2.53162e-08 4.43804e-08 7.34667e-08 1.17541e-07 1.8729e-07 3.07102e-07 5.31528e-07 9.79072e-07 1.90211e-06 3.83042e-06 7.8535e-06 1.61292e-05 3.27398e-05 6.59184e-05 0.000138872 0.000328293 0.000807815 0.00170282 0.00266473 0.00289882 0.00213669 0.00105672 0.000349543 7.76266e-05 1.18365e-05 1.34026e-06 1.37811e-07 1.61951e-08 2.03887e-09 2.12293e-10 1.22146e-11 0 
0 5.80037e-13 5.05752e-12 2.3558e-11 8.21291e-11 2.37892e-10 5.99646e-10 1.3493e-09 2.7575e-09 5.1948e-09 9.16889e-09 1.54767e-08 2.56569e-08 4.30869e-08 7.53818e-08 1.39417e-07 2.71698e-07 5.49478e-07 1.13223e-06 2.33731e-06 4.75981e-06 9.42447e-06 1.80309e-05 3.42048e-05 6.84544e-05 0.000143654 0.000274027 0.000407159 0.000431963 0.000314988 0.000155538 5.18855e-05 1.18365e-05 1.93301e-06 2.56016e-07 3.39782e-08 4.96461e-09 6.94502e-10 7.62511e-11 4.55971e-12 0 
0 1.26236e-13 1.07495e-12 4.89452e-12 1.67047e-11 4.74718e-11 1.17752e-10 2.61801e-10 5.31607e-10 1.00277e-09 1.79096e-09 3.10128e-09 5.35746e-09 9.50231e-09 1.76502e-08 3.44525e-08 6.98783e-08 1.44678e-07 3.00453e-07 6.16214e-07 1.23008e-06 2.35452e-06 4.26653e-06 7.32748e-06 1.2293e-05 2.07324e-05 3.32502e-05 4.4624e-05 4.49871e-05 3.21441e-05 1.59085e-05 5.46006e-06 1.34026e-06 2.56016e-07 4.42591e-08 7.81137e-09 1.35698e-09 2.06111e-10 2.38099e-11 1.48389e-12 0 
0 2.5098e-14 2.08998e-13 9.31614e-13 3.11791e-12 8.70964e-12 2.13066e-11 4.69342e-11 9.50235e-11 1.80282e-10 3.27625e-10 5.85385e-10 1.05772e-09 1.97815e-09 3.86751e-09 7.85979e-09 1.63473e-08 3.41845e-08 7.07321e-08 1.42786e-07 2.77416e-07 5.11333e-07 8.80848e-07 1.4018e-06 2.06138e-06 2.83708e-06 3.63821e-06 4.10748e-06 3.74311e-06 2.57107e-06 1.29098e-06 4.78154e-07 1.37811e-07 3.39782e-08 7.81137e-09 1.69097e-09 3.27384e-10 5.29802e-11 6.42681e-12 4.1807e-13 0 
0 4.45485e-15 3.6329e-14 1.58788e-13 5.22086e-13 1.43662e-12 3.47495e-12 7.60812e-12 1.54206e-11 2.95747e-11 5.49964e-11 1.01867e-10 1.92695e-10 3.78037e-10 7.69669e-10 1.60737e-09 3.38582e-09 7.07659e-09 1.44683e-08 2.85708e-08 5.3816e-08 9.54149e-08 1.56958e-07 2.36085e-07 3.20777e-07 3.90974e-07 4.24981e-07 4.04733e-07 3.2568e-07 2.12744e-07 1.10532e-07 4.62269e-08 1.61951e-08 4.96461e-09 1.35698e-09 3.27384e-10 6.7925e-11 1.1599e-11 1.4754e-12 1.00224e-13 0 
0 6.74668e-16 5.39613e-15 2.3167e-14 7.49825e-14 2.03732e-13 4.88681e-13 1.06733e-12 2.17563e-12 4.24043e-12 8.1099e-12 1.5614e-11 3.08535e-11 6.30033e-11 1.3209e-10 2.80234e-10 5.91935e-10 1.22692e-09 2.46442e-09 4.74258e-09 8.64568e-09 1.47527e-08 2.32615e-08 3.34345e-08 4.3219e-08 4.96302e-08 5.00911e-08 4.39565e-08 3.3112e-08 2.11467e-08 1.13868e-08 5.19889e-09 2.03887e-09 6.94502e-10 2.06111e-10 5.29802e-11 1.1599e-11 2.08044e-12 2.77073e-13 1.96465e-14 0 
0 7.85283e-17 6.16998e-16 2.60676e-15 8.32361e-15 2.23907e-14 5.34353e-14 1.16905e-13 2.40831e-13 4.79472e-13 9.46665e-13 1.89473e-12 3.89154e-12 8.19623e-12 1.75107e-11 3.73811e-11 7.85789e-11 1.60615e-10 3.15747e-10 5.90954e-10 1.04235e-09 1.71438e-09 2.59984e-09 3.59278e-09 4.47112e-09 4.95431e-09 4.83848e-09 4.12889e-09 3.05738e-09 1.9554e-09 1.07851e-09 5.139e-10 2.12293e-10 7.62511e-11 2.38099e-11 6.42681e-12 1.4754e-12 2.77073e-13 3.85619e-14 2.85096e-15 0 
0 5.01052e-18 3.87385e-17 1.61384e-16 5.09615e-16 1.36128e-15 3.24419e-15 7.1413e-15 1.49412e-14 3.05164e-14 6.23115e-14 1.29321e-13 2.74166e-13 5.90082e-13 1.27298e-12 2.71388e-12 5.64538e-12 1.1335e-11 2.17586e-11 3.95739e-11 6.75814e-11 1.07354e-10 1.57091e-10 2.0964e-10 2.52622e-10 2.72283e-10 2.60273e-10 2.19089e-10 1.61546e-10 1.03999e-10 5.83769e-11 2.85789e-11 1.22146e-11 4.55971e-12 1.48389e-12 4.1807e-13 1.00224e-13 1.96465e-14 2.85096e-15 2.19419e-16 0 
0 0 0 0 0 0 0 0 0 0 0 0 0 0 0 0 0 0 0 0 0 0 0 0 0 0 0 0 0 0 0 0 0 0 0 0 0 0 0 0 0 
