0 0 0 0 0 0 0 0 0 0 0 0 0 0 0 0 0 0 0 0 0 0 0 0 0 0 0 0 0 0 0 0 0 0 0 0 0 0 0 0 0 
0 3.94752e-08 3.66911e-07 1.7596e-06 6.05821e-06 1.65558e-05 3.75794e-05 7.28341e-05 0.00012313 0.000184988 0.000251146 0.000312574 0.000360818 0.000389711 0.000396197 0.000380426 0.000345388 0.000296249 0.000239471 0.000181757 0.00012895 8.51086e-05 5.20216e-05 2.93366e-05 1.52225e-05 7.25745e-06 3.1783e-06 1.27943e-06 4.74034e-07 1.61893e-07 5.10321e-08 1.48576e-08 3.99306e-09 9.88133e-10 2.23845e-10 4.58916e-11 8.33001e-12 1.28058e-12 1.50298e-13 9.61092e-15 0 
0 3.66911e-07 3.55481e-06 1.76451e-05 6.20914e-05 0.000170483 0.000381398 0.000715752 0.00115682 0.00165219 0.00213534 0.00254798 0.00285059 0.00302249 0.00305761 0.00296051 0.0027441 0.0024289 0.00204312 0.0016221 0.00120547 0.000831136 0.000527227 0.000305641 0.000161234 7.72786e-05 3.36801e-05 1.33806e-05 4.86176e-06 1.62102e-06 4.97405e-07 1.40729e-07 3.67265e-08 8.82481e-09 1.94203e-09 3.87102e-10 6.83903e-11 1.02461e-11 1.17351e-12 7.33284e-14 0 
0 1.7596e-06 1.76451e-05 8.94589e-05 0.00031428 0.000835974 0.00175657 0.00302512 0.00444523 0.00579962 0.00694614 0.00782402 0.00841973 0.00873896 0.00879396 0.00859959 0.00817219 0.00752956 0.00669289 0.00569282 0.00458004 0.00343495 0.00236384 0.00147134 0.000819953 0.00040737 0.000180686 7.19324e-05 2.58859e-05 8.47951e-06 2.54308e-06 7.01109e-07 1.78023e-07 4.15989e-08 8.9046e-09 1.72773e-09 2.97433e-10 4.3474e-11 4.86426e-12 2.9734e-13 0 
0 6.05821e-06 6.20914e-05 0.00031428 0.00106141 0.00259645 0.00484871 0.00735307 0.00966526 0.0116018 0.0131448 0.0143107 0.0151064 0.0155328 0.0155966 0.0153162 0.0147209 0.0138466 0.0127268 0.0113846 0.00982979 0.00807555 0.00618104 0.00429696 0.00264859 0.00142472 0.0006662 0.000272589 9.88008e-05 3.21391e-05 9.48596e-06 2.5602e-06 6.34611e-07 1.44585e-07 3.01698e-08 5.70876e-09 9.59258e-10 1.37006e-10 1.49981e-11 8.98151e-13 0 
0 1.65558e-05 0.000170483 0.000835974 0.00259645 0.00558157 0.00906882 0.0123145 0.0151214 0.017535 0.0195685 0.021179 0.0223112 0.0229269 0.0230177 0.0226063 0.0217431 0.0204995 0.0189573 0.0171943 0.015266 0.0131843 0.0109158 0.00843934 0.00587543 0.00355172 0.00182252 0.000792386 0.000296146 9.71252e-05 2.84841e-05 7.57349e-06 1.84081e-06 4.1032e-07 8.3697e-08 1.54825e-08 2.54483e-09 3.55867e-10 3.81848e-11 2.24402e-12 0 
0 3.75794e-05 0.000381398 0.00175657 0.00484871 0.00906882 0.0132387 0.0170104 0.020484 0.0236596 0.0264247 0.0286459 0.0302163 0.0310725 0.0311991 0.030627 0.0294277 0.0277036 0.0255777 0.0231803 0.0206335 0.0180286 0.0153911 0.0126525 0.00970502 0.00662009 0.00382576 0.00182515 0.00072255 0.000243385 7.17639e-05 1.89406e-05 4.53803e-06 9.93595e-07 1.98771e-07 3.60473e-08 5.81034e-09 7.97347e-10 8.40364e-11 4.85597e-12 0 
0 7.28341e-05 0.000715752 0.00302512 0.00735307 0.0123145 0.0170104 0.0215321 0.0259223 0.0300181 0.033604 0.036488 0.038527 0.0396383 0.0398019 0.0390582 0.0374995 0.0352591 0.0324967 0.0293846 0.0260924 0.0227716 0.019531 0.0163916 0.0132356 0.00987714 0.00640502 0.00341219 0.00146453 0.00051636 0.000155038 4.09537e-05 9.72694e-06 2.10086e-06 4.1364e-07 7.37653e-08 1.16918e-08 1.57842e-09 1.63779e-10 9.32529e-12 0 
0 0.00012313 0.00115682 0.00444523 0.00966526 0.0151214 0.020484 0.0259223 0.0312973 0.0363287 0.0407348 0.0442771 0.0467803 0.0481432 0.0483418 0.0474257 0.0455087 0.042754 0.0393575 0.0355302 0.0314813 0.0274033 0.0234565 0.0197411 0.0162359 0.0127359 0.00901397 0.00533991 0.00251462 0.00094202 0.000291394 7.76496e-05 1.83834e-05 3.93331e-06 7.64894e-07 1.34555e-07 2.10311e-08 2.80051e-09 2.86775e-10 1.61259e-11 0 
0 0.000184988 0.00165219 0.00579962 0.0116018 0.017535 0.0236596 0.0300181 0.0363287 0.0422371 0.0474094 0.0515659 0.0545011 0.0560969 0.0563258 0.0552465 0.0529926 0.0497557 0.0457654 0.0412689 0.0365111 0.0317183 0.0270841 0.0227538 0.0187851 0.0150594 0.0112566 0.00726445 0.0037441 0.00150108 0.00048233 0.000130497 3.09441e-05 6.58426e-06 1.26892e-06 2.20871e-07 3.41411e-08 4.49624e-09 4.55524e-10 2.5357e-11 0 
0 0.000251146 0.00213534 0.00694614 0.0131448 0.0195685 0.0264247 0.033604 0.0407348 0.0474094 0.0532503 0.0579416 0.0612519 0.0630485 0.0633009 0.0620763 0.0595257 0.0558657 0.0513555 0.0462738 0.0408967 0.0354791 0.0302401 0.0253516 0.0209159 0.0168957 0.0130085 0.00891626 0.00496177 0.00212506 0.000711573 0.000196236 4.67739e-05 9.92988e-06 1.90234e-06 3.28609e-07 5.03758e-08 6.57907e-09 6.61166e-10 3.65239e-11 0 
0 0.000312574 0.00254798 0.00782402 0.0143107 0.021179 0.0286459 0.036488 0.0442771 0.0515659 0.0579416 0.0630595 0.0666677 0.0686219 0.0688898 0.0675452 0.0647539 0.0607524 0.0558239 0.0502723 0.0443986 0.0384806 0.032757 0.0274172 0.0225874 0.0182816 0.0142832 0.0101727 0.00599982 0.0027198 0.000946902 0.000266409 6.39596e-05 1.35813e-05 2.59345e-06 4.45822e-07 6.79701e-08 8.82729e-09 8.82324e-10 4.84977e-11 0 
0 0.000360818 0.00285059 0.00841973 0.0151064 0.0223112 0.0302163 0.038527 0.0467803 0.0545011 0.0612519 0.0666677 0.0704821 0.0725432 0.0728176 0.0713844 0.0684197 0.0641747 0.0589494 0.0530657 0.0468423 0.0405726 0.0345091 0.0288522 0.0237408 0.0192172 0.0151171 0.0110117 0.00675679 0.00319782 0.00114969 0.000329322 7.96766e-05 1.69523e-05 3.23435e-06 5.54788e-07 8.4358e-08 1.0926e-08 1.08941e-09 5.97586e-11 0 
0 0.000389711 0.00302249 0.00873896 0.0155328 0.0229269 0.0310725 0.0396383 0.0481432 0.0560969 0.0630485 0.0686219 0.0725432 0.0746566 0.0749286 0.0734415 0.0703777 0.0659964 0.0606072 0.054542 0.0481287 0.0416695 0.0354237 0.0295974 0.0243353 0.0196931 0.0155375 0.0114522 0.00719245 0.00349981 0.00128681 0.00037371 9.1059e-05 1.94374e-05 3.71365e-06 6.37392e-07 9.69593e-08 1.25655e-08 1.25413e-09 6.89017e-11 0 
0 0.000396197 0.00305761 0.00879396 0.0155966 0.0230177 0.0311991 0.0398019 0.0483418 0.0563258 0.0633009 0.0688898 0.0728176 0.0749286 0.0751899 0.0736852 0.0705981 0.0661901 0.0607723 0.0546783 0.0482375 0.0417529 0.0354846 0.0296391 0.0243614 0.0197107 0.0155657 0.0115227 0.00730593 0.00360052 0.00133948 0.000392414 9.62011e-05 2.06297e-05 3.95719e-06 6.81873e-07 1.04166e-07 1.3564e-08 1.36124e-09 7.52631e-11 0 
0 0.000380426 0.00296051 0.00859959 0.0153162 0.0226063 0.030627 0.0390582 0.0474257 0.0552465 0.0620763 0.0675452 0.0713844 0.0734415 0.0736852 0.0721979 0.069161 0.0648309 0.0595136 0.0535364 0.0472224 0.0408685 0.0347293 0.0290066 0.0238418 0.0192898 0.0152257 0.0112528 0.0071191 0.00350589 0.00130697 0.000384592 9.48455e-05 2.04803e-05 3.95917e-06 6.88132e-07 1.06137e-07 1.39691e-08 1.41856e-09 7.94587e-11 0 
0 0.000345388 0.0027441 0.00817219 0.0147209 0.0217431 0.0294277 0.0374995 0.0455087 0.0529926 0.0595257 0.0647539 0.0684197 0.0703777 0.0705981 0.069161 0.0662402 0.0620826 0.0569815 0.0512512 0.0452013 0.0391165 0.0332406 0.0277667 0.022828 0.0184684 0.0145461 0.0106733 0.00667059 0.00324835 0.00120561 0.000355852 8.84983e-05 1.93366e-05 3.79139e-06 6.69644e-07 1.05134e-07 1.4106e-08 1.46217e-09 8.36829e-11 0 
0 0.000296249 0.0024289 0.00752956 0.0138466 0.0204995 0.0277036 0.0352591 0.042754 0.0497557 0.0558657 0.0607524 0.0641747 0.0659964 0.0661901 0.0648309 0.0620826 0.0581766 0.0533886 0.0480132 0.0423412 0.0366395 0.0311368 0.0260139 0.021392 0.0172961 0.0135605 0.00982192 0.00601798 0.00288241 0.00106472 0.000316632 8.00252e-05 1.78665e-05 3.59219e-06 6.52164e-07 1.05414e-07 1.45728e-08 1.55646e-09 9.17179e-11 0 
0 0.000239471 0.00204312 0.00669289 0.0127268 0.0189573 0.0255777 0.0324967 0.0393575 0.0457654 0.0513555 0.0558239 0.0589494 0.0606072 0.0607723 0.0595136 0.0569815 0.0533886 0.0489878 0.0440496 0.0388409 0.0336071 0.0285584 0.0238599 0.0196164 0.0158273 0.0123066 0.00875259 0.00524297 0.00247896 0.000920594 0.000279793 7.30416e-05 1.6942e-05 3.5482e-06 6.71284e-07 1.12925e-07 1.62048e-08 1.79015e-09 1.0865e-10 0 
0 0.000181757 0.0016221 0.00569282 0.0113846 0.0171943 0.0231803 0.0293846 0.0355302 0.0412689 0.0462738 0.0502723 0.0530657 0.054542 0.0546783 0.0535364 0.0512512 0.0480132 0.0440496 0.039603 0.0349133 0.030201 0.025655 0.0214218 0.0175843 0.014115 0.0108336 0.00754855 0.00445112 0.00211562 0.000810282 0.00025866 7.15072e-05 1.75767e-05 3.88593e-06 7.71143e-07 1.35047e-07 2.00188e-08 2.26764e-09 1.40186e-10 0 
0 0.00012895 0.00120547 0.00458004 0.00982979 0.015266 0.0206335 0.0260924 0.0314813 0.0365111 0.0408967 0.0443986 0.0468423 0.0481287 0.0482375 0.0472224 0.0452013 0.0423412 0.0388409 0.0349133 0.0307686 0.0266001 0.0225731 0.0188108 0.0153713 0.0122148 0.00921804 0.0063278 0.00375649 0.00186281 0.000767118 0.00026648 7.981e-05 2.09723e-05 4.87972e-06 1.00432e-06 1.80183e-07 2.70957e-08 3.09021e-09 1.91251e-10 0 
0 8.51086e-05 0.000831136 0.00343495 0.00807555 0.0131843 0.0180286 0.0227716 0.0274033 0.0317183 0.0354791 0.0384806 0.0405726 0.0416695 0.0417529 0.0408685 0.0391165 0.0366395 0.0336071 0.030201 0.0266001 0.0229687 0.0194442 0.0161232 0.0130467 0.0102037 0.00758018 0.00522367 0.00324739 0.00176618 0.000817243 0.000316879 0.000103195 2.86172e-05 6.85588e-06 1.42784e-06 2.56278e-07 3.82787e-08 4.31691e-09 2.63491e-10 0 
0 5.20216e-05 0.000527227 0.00236384 0.00618104 0.0109158 0.0153911 0.019531 0.0234565 0.0270841 0.0302401 0.032757 0.0345091 0.0354237 0.0354846 0.0347293 0.0332406 0.0311368 0.0285584 0.025655 0.0225731 0.0194442 0.0163745 0.0134394 0.0106959 0.00821643 0.00609102 0.00435722 0.00296076 0.00183257 0.000974282 0.00042333 0.000147872 4.22242e-05 1.01363e-05 2.0844e-06 3.66815e-07 5.35609e-08 5.90023e-09 3.5188e-10 0 
0 2.93366e-05 0.000305641 0.00147134 0.00429696 0.00843934 0.0126525 0.0163916 0.0197411 0.0227538 0.0253516 0.0274172 0.0288522 0.0295974 0.0296391 0.0290066 0.0277667 0.0260139 0.0238599 0.0214218 0.0188108 0.0161232 0.0134394 0.0108443 0.0084713 0.00650844 0.00507321 0.00404962 0.00314637 0.00219673 0.00129404 0.000610472 0.000222635 6.35891e-05 1.48858e-05 2.96071e-06 5.03746e-07 7.12365e-08 7.61703e-09 4.41998e-10 0 
0 1.52225e-05 0.000161234 0.000819953 0.00264859 0.00587543 0.00970502 0.0132356 0.0162359 0.0187851 0.0209159 0.0225874 0.0237408 0.0243353 0.0243614 0.0238418 0.022828 0.021392 0.0196164 0.0175843 0.0153713 0.0130467 0.0106959 0.0084713 0.00665329 0.00563535 0.00564564 0.00612831 0.00582811 0.00427035 0.00236645 0.00103171 0.000356492 9.60931e-05 2.10371e-05 3.94427e-06 6.41054e-07 8.73807e-08 9.05401e-09 5.11067e-10 0 
0 7.25745e-06 7.72786e-05 0.00040737 0.00142472 0.00355172 0.00662009 0.00987714 0.0127359 0.0150594 0.0168957 0.0182816 0.0192172 0.0196931 0.0197107 0.0192898 0.0184684 0.0172961 0.0158273 0.014115 0.0122148 0.0102037 0.00821643 0.00650844 0.00563535 0.00672576 0.010617 0.0153191 0.0163271 0.0120616 0.0061379 0.00224212 0.000641137 0.000148501 2.84836e-05 4.83018e-06 7.375e-07 9.66279e-08 9.71974e-09 5.35235e-10 0 
0 3.1783e-06 3.36801e-05 0.000180686 0.0006662 0.00182252 0.00382576 0.00640502 0.00901397 0.0112566 0.0130085 0.0142832 0.0151171 0.0155375 0.0155657 0.0152257 0.0145461 0.0135605 0.0123066 0.0108336 0.00921804 0.00758018 0.00609102 0.00507321 0.00564564 0.010617 0.0220354 0.0350309 0.0384774 0.0284909 0.0141673 0.00479402 0.00117348 0.000226983 3.65313e-05 5.36516e-06 7.53195e-07 9.46401e-08 9.28267e-09 5.01379e-10 0 
0 1.27943e-06 1.33806e-05 7.19324e-05 0.000272589 0.000792386 0.00182515 0.00341219 0.00533991 0.00726445 0.00891626 0.0101727 0.0110117 0.0114522 0.0115227 0.0112528 0.0106733 0.00982192 0.00875259 0.00754855 0.0063278 0.00522367 0.00435722 0.00404962 0.00612831 0.0153191 0.0350309 0.057218 0.0633373 0.0469342 0.0232058 0.00768722 0.00176076 0.000301794 4.16912e-05 5.26087e-06 6.71049e-07 8.09412e-08 7.79509e-09 4.16044e-10 0 
0 4.74034e-07 4.86176e-06 2.58859e-05 9.88008e-05 0.000296146 0.00072255 0.00146453 0.00251462 0.0037441 0.00496177 0.00599982 0.00675679 0.00719245 0.00730593 0.0071191 0.00667059 0.00601798 0.00524297 0.00445112 0.00375649 0.00324739 0.00296076 0.00314637 0.00582811 0.0163271 0.0384774 0.0633373 0.0702203 0.0520929 0.0257095 0.00846643 0.00189711 0.00030684 3.85067e-05 4.33495e-06 5.1046e-07 5.97436e-08 5.70681e-09 3.03685e-10 0 
0 1.61893e-07 1.62102e-06 8.47951e-06 3.21391e-05 9.71252e-05 0.000243385 0.00051636 0.00094202 0.00150108 0.00212506 0.0027198 0.00319782 0.00349981 0.00360052 0.00350589 0.00324835 0.00288241 0.00247896 0.00211562 0.00186281 0.00176618 0.00183257 0.00219673 0.00427035 0.0120616 0.0284909 0.0469342 0.0520929 0.0385988 0.0190532 0.00627216 0.00140147 0.000222243 2.67035e-05 2.85024e-06 3.24301e-07 3.77263e-08 3.62298e-09 1.94124e-10 0 
0 5.10321e-08 4.97405e-07 2.54308e-06 9.48596e-06 2.84841e-05 7.17639e-05 0.000155038 0.000291394 0.00048233 0.000711573 0.000946902 0.00114969 0.00128681 0.00133948 0.00130697 0.00120561 0.00106472 0.000920594 0.000810282 0.000767118 0.000817243 0.000974282 0.00129404 0.00236645 0.0061379 0.0141673 0.0232058 0.0257095 0.0190532 0.00941657 0.00311415 0.000702348 0.000111672 1.34215e-05 1.45375e-06 1.70084e-07 2.03082e-08 1.99027e-09 1.08436e-10 0 
0 1.48576e-08 1.40729e-07 7.01109e-07 2.5602e-06 7.57349e-06 1.89406e-05 4.09537e-05 7.76496e-05 0.000130497 0.000196236 0.000266409 0.000329322 0.00037371 0.000392414 0.000384592 0.000355852 0.000316632 0.000279793 0.00025866 0.00026648 0.000316879 0.00042333 0.000610472 0.00103171 0.00224212 0.00479402 0.00768722 0.00846643 0.00627216 0.00311415 0.00104315 0.000239612 3.893e-05 4.90533e-06 5.79944e-07 7.41296e-08 9.34499e-09 9.4675e-10 5.29094e-11 0 
0 3.99306e-09 3.67265e-08 1.78023e-07 6.34611e-07 1.84081e-06 4.53803e-06 9.72694e-06 1.83834e-05 3.09441e-05 4.67739e-05 6.39596e-05 7.96766e-05 9.1059e-05 9.62011e-05 9.48455e-05 8.84983e-05 8.00252e-05 7.30416e-05 7.15072e-05 7.981e-05 0.000103195 0.000147872 0.000222635 0.000356492 0.000641137 0.00117348 0.00176076 0.00189711 0.00140147 0.000702348 0.000239612 5.65286e-05 9.68649e-06 1.36401e-06 1.89002e-07 2.74158e-08 3.70121e-09 3.90868e-10 2.25622e-11 0 
0 9.88133e-10 8.82481e-09 4.15989e-08 1.44585e-07 4.1032e-07 9.93595e-07 2.10086e-06 3.93331e-06 6.58426e-06 9.92988e-06 1.35813e-05 1.69523e-05 1.94374e-05 2.06297e-05 2.04803e-05 1.93366e-05 1.78665e-05 1.6942e-05 1.75767e-05 2.09723e-05 2.86172e-05 4.22242e-05 6.35891e-05 9.60931e-05 0.000148501 0.000226983 0.000301794 0.00030684 0.000222243 0.000111672 3.893e-05 9.68649e-06 1.85891e-06 3.15731e-07 5.33325e-08 8.78564e-09 1.26978e-09 1.40341e-10 8.40934e-12 0 
0 2.23845e-10 1.94203e-09 8.9046e-09 3.01698e-08 8.3697e-08 1.98771e-07 4.1364e-07 7.64894e-07 1.26892e-06 1.90234e-06 2.59345e-06 3.23435e-06 3.71365e-06 3.95719e-06 3.95917e-06 3.79139e-06 3.59219e-06 3.5482e-06 3.88593e-06 4.87972e-06 6.85588e-06 1.01363e-05 1.48858e-05 2.10371e-05 2.84836e-05 3.65313e-05 4.16912e-05 3.85067e-05 2.67035e-05 1.34215e-05 4.90533e-06 1.36401e-06 3.15731e-07 6.71002e-08 1.35032e-08 2.46083e-09 3.78155e-10 4.38069e-11 2.73381e-12 0 
0 4.58916e-11 3.87102e-10 1.72773e-09 5.70876e-09 1.54825e-08 3.60473e-08 7.37653e-08 1.34555e-07 2.20871e-07 3.28609e-07 4.45822e-07 5.54788e-07 6.37392e-07 6.81873e-07 6.88132e-07 6.69644e-07 6.52164e-07 6.71284e-07 7.71143e-07 1.00432e-06 1.42784e-06 2.0844e-06 2.96071e-06 3.94427e-06 4.83018e-06 5.36516e-06 5.26087e-06 4.33495e-06 2.85024e-06 1.45375e-06 5.79944e-07 1.89002e-07 5.33325e-08 1.35032e-08 3.05419e-09 5.99345e-10 9.73255e-11 1.18211e-11 7.69695e-13 0 
0 8.33001e-12 6.83903e-11 2.97433e-10 9.59258e-10 2.54483e-09 5.81034e-09 1.16918e-08 2.10311e-08 3.41411e-08 5.03758e-08 6.79701e-08 8.4358e-08 9.69593e-08 1.04166e-07 1.06137e-07 1.05134e-07 1.05414e-07 1.12925e-07 1.35047e-07 1.80183e-07 2.56278e-07 3.66815e-07 5.03746e-07 6.41054e-07 7.375e-07 7.53195e-07 6.71049e-07 5.1046e-07 3.24301e-07 1.70084e-07 7.41296e-08 2.74158e-08 8.78564e-09 2.46083e-09 5.99345e-10 1.24709e-10 2.13172e-11 2.7134e-12 1.84448e-13 0 
0 1.28058e-12 1.02461e-11 4.3474e-11 1.37006e-10 3.55867e-10 7.97347e-10 1.57842e-09 2.80051e-09 4.49624e-09 6.57907e-09 8.82729e-09 1.0926e-08 1.25655e-08 1.3564e-08 1.39691e-08 1.4106e-08 1.45728e-08 1.62048e-08 2.00188e-08 2.70957e-08 3.82787e-08 5.35609e-08 7.12365e-08 8.73807e-08 9.66279e-08 9.46401e-08 8.09412e-08 5.97436e-08 3.77263e-08 2.03082e-08 9.34499e-09 3.70121e-09 1.26978e-09 3.78155e-10 9.73255e-11 2.13172e-11 3.82478e-12 5.09584e-13 3.61502e-14 0 
0 1.50298e-13 1.17351e-12 4.86426e-12 1.49981e-11 3.81848e-11 8.40364e-11 1.63779e-10 2.86775e-10 4.55524e-10 6.61166e-10 8.82324e-10 1.08941e-09 1.25413e-09 1.36124e-09 1.41856e-09 1.46217e-09 1.55646e-09 1.79015e-09 2.26764e-09 3.09021e-09 4.31691e-09 5.90023e-09 7.61703e-09 9.05401e-09 9.71974e-09 9.28267e-09 7.79509e-09 5.70681e-09 3.62298e-09 1.99027e-09 9.4675e-10 3.90868e-10 1.40341e-10 4.38069e-11 1.18211e-11 2.7134e-12 5.09584e-13 7.09344e-14 5.24585e-15 0 
0 9.61092e-15 7.33284e-14 2.9734e-13 8.98151e-13 2.24402e-12 4.85597e-12 9.32529e-12 1.61259e-11 2.5357e-11 3.65239e-11 4.84977e-11 5.97586e-11 6.89017e-11 7.52631e-11 7.94587e-11 8.36829e-11 9.17179e-11 1.0865e-10 1.40186e-10 1.91251e-10 2.63491e-10 3.5188e-10 4.41998e-10 5.11067e-10 5.35235e-10 5.01379e-10 4.16044e-10 3.03685e-10 1.94124e-10 1.08436e-10 5.29094e-11 2.25622e-11 8.40934e-12 2.73381e-12 7.69695e-13 1.84448e-13 3.61502e-14 5.24585e-15 4.03791e-16 0 
0 0 0 0 0 0 0 0 0 0 0 0 0 0 0 0 0 0 0 0 0 0 0 0 0 0 0 0 0 0 0 0 0 0 0 0 0 0 0 0 0 
