0 0 0 0 0 0 0 0 0 0 0 0 0 0 0 0 0 0 0 0 0 0 0 0 0 0 0 0 0 0 0 0 0 0 0 0 0 0 0 0 0 
0 1.85837e-07 1.66697e-06 7.43698e-06 2.28538e-05 5.36884e-05 0.00010213 0.000164459 0.000232801 0.000298819 0.000356232 0.000401356 0.000432538 0.000449396 0.000452256 0.000441843 0.000419173 0.000385577 0.000342806 0.000293183 0.000239688 0.000185886 0.000135573 9.21376e-05 5.78291e-05 3.32559e-05 1.74166e-05 8.27541e-06 3.56215e-06 1.38959e-06 4.91963e-07 1.58316e-07 4.63444e-08 1.23283e-08 2.96752e-09 6.39977e-10 1.2115e-10 1.92834e-11 2.32918e-12 1.52519e-13 0 
0 1.66697e-06 1.53507e-05 6.8009e-05 0.000198253 0.00042232 0.000707112 0.000994971 0.00124553 0.00144619 0.00159941 0.00171075 0.0017843 0.00182256 0.00182738 0.00180076 0.00174496 0.00166214 0.00155382 0.00142047 0.00126181 0.00107853 0.000875252 0.0006635 0.000461749 0.000290307 0.000162901 8.10536e-05 3.57354e-05 1.40124e-05 4.9157e-06 1.55208e-06 4.43015e-07 1.14507e-07 2.67374e-08 5.59166e-09 1.027e-09 1.58763e-10 1.86506e-11 1.18962e-12 0 
0 7.43698e-06 6.8009e-05 0.000281781 0.000716656 0.00127595 0.00179659 0.00221911 0.00256564 0.00286171 0.00311328 0.00331439 0.00345651 0.00353359 0.00354386 0.0034902 0.00337955 0.00322196 0.00302904 0.00281197 0.00257861 0.00233021 0.00205904 0.00175111 0.00139816 0.00101606 0.000651889 0.000361259 0.000171491 7.00493e-05 2.49232e-05 7.83204e-06 2.19867e-06 5.55135e-07 1.2619e-07 2.56571e-08 4.58131e-09 6.89064e-10 7.88543e-11 4.90691e-12 0 
0 2.28538e-05 0.000198253 0.000716656 0.00149857 0.00223808 0.00285322 0.003418 0.00396708 0.00448574 0.00494444 0.00531563 0.00557891 0.00572241 0.00574303 0.00564597 0.00544362 0.00515404 0.00479922 0.00440315 0.00398981 0.00358046 0.00318903 0.00281424 0.00243191 0.0020005 0.00149784 0.000971089 0.000525614 0.000234964 8.78278e-05 2.80938e-05 7.8635e-06 1.95589e-06 4.35217e-07 8.63713e-08 1.50398e-08 2.20655e-09 2.46536e-10 1.49974e-11 0 
0 5.36884e-05 0.00042232 0.00127595 0.00223808 0.0030745 0.00389682 0.00475801 0.00562372 0.0064405 0.0071587 0.00773751 0.00814722 0.00837064 0.00840351 0.00825389 0.00794059 0.00749076 0.00693723 0.00631557 0.0056616 0.00500917 0.00438837 0.00382225 0.0033182 0.00285145 0.00235585 0.00176674 0.00112164 0.00057386 0.000234701 7.8641e-05 2.23436e-05 5.535e-06 1.21414e-06 2.36349e-07 4.02869e-08 5.78357e-09 6.32608e-10 3.7711e-11 0 
0 0.00010213 0.000707112 0.00179659 0.00285322 0.00389682 0.00504643 0.00626919 0.00749113 0.00863851 0.0096448 0.0104547 0.0110276 0.01134 0.0113861 0.0111774 0.0107398 0.0101109 0.00933584 0.0084635 0.00754253 0.00661839 0.00573118 0.00491455 0.00419392 0.00357809 0.00303587 0.00247485 0.00180012 0.00107062 0.00049479 0.000178811 5.26113e-05 1.31423e-05 2.86439e-06 5.49936e-07 9.2145e-08 1.29884e-08 1.39493e-09 8.17006e-11 0 
0 0.000164459 0.000994971 0.00221911 0.003418 0.00475801 0.00626919 0.00786893 0.00946199 0.0109553 0.0122638 0.0133162 0.0140604 0.0144661 0.0145258 0.0142543 0.0136854 0.0128677 0.0118597 0.0107241 0.00952361 0.00831616 0.00715228 0.00607342 0.00511178 0.00428958 0.00360844 0.00301573 0.00238155 0.00161241 0.000850991 0.000338954 0.000105197 2.68263e-05 5.85548e-06 1.11486e-06 1.84402e-07 2.5611e-08 2.70901e-09 1.56315e-10 0 
0 0.000232801 0.00124553 0.00256564 0.00396708 0.00562372 0.00749113 0.00946199 0.011422 0.0132581 0.0148661 0.0161597 0.0170757 0.0175763 0.0176496 0.0173129 0.0166102 0.0156034 0.0143635 0.0129667 0.0114892 0.0100015 0.00856505 0.00722912 0.0060311 0.00499736 0.00414208 0.00344805 0.00281792 0.00208562 0.00124087 0.000549031 0.000182051 4.78762e-05 1.05389e-05 1.99991e-06 3.27841e-07 4.50161e-08 4.70367e-09 2.68113e-10 0 
0 0.000298819 0.00144619 0.00286171 0.00448574 0.0064405 0.00863851 0.0109553 0.0132581 0.0154144 0.0173038 0.0188296 0.01992 0.0205218 0.0206099 0.0202026 0.0193596 0.0181642 0.0167029 0.0150611 0.0133247 0.0115756 0.00988519 0.00831057 0.00689419 0.00566483 0.00463984 0.00381862 0.00314252 0.00244655 0.00159757 0.000780144 0.000277616 7.57619e-05 1.69055e-05 3.21045e-06 5.23388e-07 7.12706e-08 7.37712e-09 4.16469e-10 0 
0 0.000356232 0.00159941 0.00311328 0.00494444 0.0071587 0.0096448 0.0122638 0.0148661 0.0173038 0.0194473 0.0211915 0.0224389 0.0231171 0.0232142 0.0227555 0.0217922 0.0204183 0.0187498 0.0168885 0.0149252 0.012948 0.0110363 0.00925397 0.00764822 0.00624999 0.00507726 0.00413502 0.00338967 0.00270363 0.00188269 0.000998274 0.000379705 0.000107673 2.44187e-05 4.65365e-06 7.56577e-07 1.02443e-07 1.05312e-08 5.90257e-10 0 
0 0.000401356 0.00171075 0.00331439 0.00531563 0.00773751 0.0104547 0.0133162 0.0161597 0.0188296 0.0211915 0.0230986 0.0244028 0.025072 0.025162 0.0247096 0.0237216 0.0222409 0.020401 0.0183525 0.0162037 0.0140434 0.0119547 0.0100066 0.0082499 0.00671757 0.00542771 0.00438658 0.00357355 0.00287797 0.00208706 0.00117736 0.000473584 0.000139054 3.20486e-05 6.13776e-06 9.97082e-07 1.34545e-07 1.37681e-08 7.67835e-10 0 
0 0.000432538 0.0017843 0.00345651 0.00557891 0.00814722 0.0110276 0.0140604 0.0170757 0.01992 0.0224389 0.0244028 0.0256621 0.0262802 0.026358 0.025934 0.0249908 0.0235065 0.0215709 0.0193828 0.017097 0.014807 0.012594 0.0105299 0.00866777 0.00704199 0.00567072 0.00456016 0.00369569 0.00298524 0.00221623 0.00130344 0.000546376 0.00016489 3.85249e-05 7.41475e-06 1.20511e-06 1.62351e-07 1.65706e-08 9.2141e-10 0 
0 0.000449396 0.00182256 0.00353359 0.00572241 0.00837064 0.01134 0.0144661 0.0175763 0.0205218 0.0231171 0.025072 0.0262802 0.0268637 0.0269328 0.0265248 0.0256169 0.0241606 0.0221968 0.0199329 0.0175686 0.0152074 0.0129278 0.0108017 0.00888361 0.00720833 0.00579405 0.00464664 0.00375394 0.00303403 0.00227901 0.00137204 0.000589601 0.000181084 4.27072e-05 8.25282e-06 1.34293e-06 1.80887e-07 1.84479e-08 1.02473e-09 0 
0 0.000452256 0.00182738 0.00354386 0.00574303 0.00840351 0.0113861 0.0145258 0.0176496 0.0206099 0.0232142 0.025162 0.026358 0.0269328 0.0269974 0.0265887 0.0256838 0.0242308 0.0222625 0.0199856 0.0176088 0.0152379 0.0129501 0.0108169 0.00889279 0.00721247 0.00579388 0.00464269 0.00374725 0.00302873 0.00228243 0.00138395 0.000599717 0.000185421 4.39171e-05 8.50843e-06 1.38675e-06 1.87002e-07 1.90888e-08 1.0612e-09 0 
0 0.000441843 0.00180076 0.0034902 0.00564597 0.00825389 0.0111774 0.0142543 0.0173129 0.0202026 0.0227555 0.0247096 0.025934 0.0265248 0.0265887 0.026164 0.0252301 0.0237508 0.0217918 0.0195613 0.0172369 0.014915 0.0126744 0.0105861 0.00870341 0.00706019 0.00567401 0.00455045 0.00367697 0.0029717 0.0022307 0.00134248 0.000577644 0.000177923 4.21131e-05 8.1685e-06 1.33412e-06 1.80351e-07 1.84592e-08 1.02905e-09 0 
0 0.000419173 0.00174496 0.00337955 0.00544362 0.00794059 0.0107398 0.0136854 0.0166102 0.0193596 0.0217922 0.0237216 0.0249908 0.0256169 0.0256838 0.0252301 0.0242482 0.022746 0.0208414 0.0187155 0.0164974 0.0142755 0.0121311 0.0101337 0.00833432 0.00676551 0.00544435 0.00437636 0.00354631 0.00286373 0.00212551 0.00125265 0.000528118 0.000160679 3.78657e-05 7.34854e-06 1.20382e-06 1.6342e-07 1.68061e-08 9.41608e-10 0 
0 0.000385577 0.00166214 0.00322196 0.00515404 0.00749076 0.0101109 0.0128677 0.0156034 0.0181642 0.0204183 0.0222409 0.0235065 0.0241606 0.0242308 0.0237508 0.022746 0.0212861 0.0195031 0.0175258 0.0154526 0.0133715 0.0113634 0.00949429 0.00781231 0.00634823 0.00511872 0.00412895 0.00335835 0.00270324 0.00196728 0.00112207 0.000459091 0.000137281 3.21696e-05 6.25188e-06 1.02926e-06 1.40658e-07 1.45733e-08 8.22899e-10 0 
0 0.000342806 0.00155382 0.00302904 0.00479922 0.00693723 0.00933584 0.0118597 0.0143635 0.0167029 0.0187498 0.020401 0.0215709 0.0221968 0.0222625 0.0217918 0.0208414 0.0195031 0.0178825 0.0160763 0.0141749 0.0122649 0.0104225 0.00870893 0.00716879 0.00583109 0.00471215 0.00381595 0.00311297 0.00248539 0.00175777 0.000962691 0.000380978 0.00011203 2.6171e-05 5.11024e-06 8.48534e-07 1.17155e-07 1.22715e-08 7.00646e-10 0 
0 0.000293183 0.00142047 0.00281197 0.00440315 0.00631557 0.0084635 0.0107241 0.0129667 0.0150611 0.0168885 0.0183525 0.0193828 0.0199329 0.0199856 0.0195613 0.0187155 0.0175258 0.0160763 0.0144531 0.0127416 0.0110218 0.00936321 0.00782112 0.00643649 0.00523671 0.0042377 0.00344038 0.00280361 0.00220343 0.00150497 0.000792135 0.000305357 8.90769e-05 2.09087e-05 4.12896e-06 6.95201e-07 9.74022e-08 1.03518e-08 5.99328e-10 0 
0 0.000239688 0.00126181 0.00257861 0.00398981 0.0056616 0.00754253 0.00952361 0.0114892 0.0133247 0.0149252 0.0162037 0.017097 0.0175686 0.0176088 0.0172369 0.0164974 0.0154526 0.0141749 0.0127416 0.011229 0.00970791 0.00823957 0.00687339 0.00564656 0.00458489 0.00370309 0.00299689 0.0024176 0.0018562 0.00122921 0.000632878 0.000243094 7.17183e-05 1.7144e-05 3.4533e-06 5.92588e-07 8.44766e-08 9.11778e-09 5.3509e-10 0 
0 0.000185886 0.00107853 0.00233021 0.00358046 0.00500917 0.00661839 0.00831616 0.0100015 0.0115756 0.012948 0.0140434 0.014807 0.0152074 0.0152379 0.014915 0.0142755 0.0133715 0.0122649 0.0110218 0.00970791 0.00838359 0.00710148 0.00590472 0.00482662 0.00389093 0.00310984 0.00247609 0.00195096 0.00146418 0.000964644 0.000507063 0.000202136 6.19859e-05 1.53007e-05 3.15761e-06 5.51591e-07 7.96658e-08 8.68075e-09 5.1292e-10 0 
0 0.000135573 0.000875252 0.00205904 0.00318903 0.00438837 0.00573118 0.00715228 0.00856505 0.00988519 0.0110363 0.0119547 0.012594 0.0129278 0.0129501 0.0126744 0.0121311 0.0113634 0.0104225 0.00936321 0.00823957 0.00710148 0.00599256 0.00494925 0.00400112 0.00317137 0.00247471 0.00191161 0.00146302 0.00109072 0.000747898 0.000426144 0.000185038 6.04125e-05 1.5457e-05 3.24406e-06 5.70021e-07 8.23242e-08 8.94167e-09 5.25709e-10 0 
0 9.21376e-05 0.0006635 0.00175111 0.00281424 0.00382225 0.00491455 0.00607342 0.00722912 0.00831057 0.00925397 0.0100066 0.0105299 0.0108017 0.0108169 0.0105861 0.0101337 0.00949429 0.00870893 0.00782112 0.00687339 0.00590472 0.00494925 0.00403733 0.00320202 0.00248991 0.00194704 0.00155671 0.00122994 0.000912784 0.000628577 0.000386428 0.000186923 6.56895e-05 1.72931e-05 3.63284e-06 6.31233e-07 8.97745e-08 9.59403e-09 5.55211e-10 0 
0 5.78291e-05 0.000461749 0.00139816 0.00243191 0.0033182 0.00419392 0.00511178 0.0060311 0.00689419 0.00764822 0.0082499 0.00866777 0.00888361 0.00889279 0.00870341 0.00833432 0.00781231 0.00716879 0.00643649 0.00564656 0.00482662 0.00400112 0.00320202 0.0025094 0.00209124 0.00206998 0.00223959 0.00212937 0.00156424 0.000886541 0.000439135 0.000204539 7.50446e-05 2.00314e-05 4.14669e-06 7.03049e-07 9.74657e-08 1.01707e-08 5.76052e-10 0 
0 3.32559e-05 0.000290307 0.00101606 0.0020005 0.00285145 0.00357809 0.00428958 0.00499736 0.00566483 0.00624999 0.00671757 0.00704199 0.00720833 0.00721247 0.00706019 0.00676551 0.00634823 0.00583109 0.00523671 0.00458489 0.00389093 0.00317137 0.00248991 0.00209124 0.00245779 0.00387477 0.00559243 0.00598967 0.00440186 0.00224058 0.000828303 0.000271556 8.77945e-05 2.26619e-05 4.53288e-06 7.42956e-07 1.00014e-07 1.01762e-08 5.6392e-10 0 
0 1.74166e-05 0.000162901 0.000651889 0.00149784 0.00235585 0.00303587 0.00360844 0.00414208 0.00463984 0.00507726 0.00542771 0.00567072 0.00579405 0.00579388 0.00567401 0.00544435 0.00511872 0.00471215 0.0042377 0.00370309 0.00310984 0.00247471 0.00194704 0.00206998 0.00387477 0.00804423 0.0139133 0.0158786 0.0106525 0.00517034 0.0017503 0.000441753 0.000107012 2.43353e-05 4.5514e-06 7.14447e-07 9.3426e-08 9.29937e-09 5.06099e-10 0 
0 8.27541e-06 8.10536e-05 0.000361259 0.000971089 0.00176674 0.00247485 0.00301573 0.00344805 0.00381862 0.00413502 0.00438658 0.00456016 0.00464664 0.00464269 0.00455045 0.00437636 0.00412895 0.00381595 0.00344038 0.00299689 0.00247609 0.00191161 0.00155671 0.00223959 0.00559243 0.0139133 0.0196135 0.0202396 0.0180029 0.00876884 0.0028055 0.00064752 0.00012623 2.40286e-05 4.07148e-06 6.07416e-07 7.74459e-08 7.59172e-09 4.08442e-10 0 
0 3.56215e-06 3.57354e-05 0.000171491 0.000525614 0.00112164 0.00180012 0.00238155 0.00281792 0.00314252 0.00338967 0.00357355 0.00369569 0.00375394 0.00374725 0.00367697 0.00354631 0.00335835 0.00311297 0.00280361 0.0024176 0.00195096 0.00146302 0.00122994 0.00212937 0.00598967 0.0158786 0.0202396 0.0207553 0.0190969 0.0103277 0.00308984 0.000695364 0.000123243 2.04234e-05 3.13669e-06 4.46584e-07 5.60042e-08 5.45729e-09 2.92702e-10 0 
0 1.38959e-06 1.40124e-05 7.00493e-05 0.000234964 0.00057386 0.00107062 0.00161241 0.00208562 0.00244655 0.00270363 0.00287797 0.00298524 0.00303403 0.00302873 0.0029717 0.00286373 0.00270324 0.00248539 0.00220343 0.0018562 0.00146418 0.00109072 0.000912784 0.00156424 0.00440186 0.0106525 0.0180029 0.0190969 0.0150395 0.00696273 0.0022891 0.000515009 8.96281e-05 1.3876e-05 2.0063e-06 2.79017e-07 3.49498e-08 3.42431e-09 1.84816e-10 0 
0 4.91963e-07 4.9157e-06 2.49232e-05 8.78278e-05 0.000234701 0.00049479 0.000850991 0.00124087 0.00159757 0.00188269 0.00208706 0.00221623 0.00227901 0.00228243 0.0022307 0.00212551 0.00196728 0.00175777 0.00150497 0.00122921 0.000964644 0.000747898 0.000628577 0.000886541 0.00224058 0.00517034 0.00876884 0.0103277 0.00696273 0.00343657 0.00113723 0.00026172 4.68982e-05 7.21406e-06 1.0404e-06 1.46742e-07 1.87284e-08 1.86761e-09 1.02385e-10 0 
0 1.58316e-07 1.55208e-06 7.83204e-06 2.80938e-05 7.8641e-05 0.000178811 0.000338954 0.000549031 0.000780144 0.000998274 0.00117736 0.00130344 0.00137204 0.00138395 0.00134248 0.00125265 0.00112207 0.000962691 0.000792135 0.000632878 0.000507063 0.000426144 0.000386428 0.000439135 0.000828303 0.0017503 0.0028055 0.00308984 0.0022891 0.00113723 0.000384445 9.35998e-05 1.77715e-05 2.86597e-06 4.38125e-07 6.50835e-08 8.62068e-09 8.84594e-10 4.96789e-11 0 
0 4.63444e-08 4.43015e-07 2.19867e-06 7.8635e-06 2.23436e-05 5.26113e-05 0.000105197 0.000182051 0.000277616 0.000379705 0.000473584 0.000546376 0.000589601 0.000599717 0.000577644 0.000528118 0.000459091 0.000380978 0.000305357 0.000243094 0.000202136 0.000185038 0.000186923 0.000204539 0.000271556 0.000441753 0.00064752 0.000695364 0.000515009 0.00026172 9.35998e-05 2.46151e-05 5.06423e-06 9.04265e-07 1.53623e-07 2.46033e-08 3.42163e-09 3.64274e-10 2.11049e-11 0 
0 1.23283e-08 1.14507e-07 5.55135e-07 1.95589e-06 5.535e-06 1.31423e-05 2.68263e-05 4.78762e-05 7.57619e-05 0.000107673 0.000139054 0.00016489 0.000181084 0.000185421 0.000177923 0.000160679 0.000137281 0.00011203 8.90769e-05 7.17183e-05 6.19859e-05 6.04125e-05 6.56895e-05 7.50446e-05 8.77945e-05 0.000107012 0.00012623 0.000123243 8.96281e-05 4.68982e-05 1.77715e-05 5.06423e-06 1.17123e-06 2.41352e-07 4.6285e-08 8.02004e-09 1.17603e-09 1.30587e-10 7.84632e-12 0 
0 2.96752e-09 2.67374e-08 1.2619e-07 4.35217e-07 1.21414e-06 2.86439e-06 5.85548e-06 1.05389e-05 1.69055e-05 2.44187e-05 3.20486e-05 3.85249e-05 4.27072e-05 4.39171e-05 4.21131e-05 3.78657e-05 3.21696e-05 2.6171e-05 2.09087e-05 1.7144e-05 1.53007e-05 1.5457e-05 1.72931e-05 2.00314e-05 2.26619e-05 2.43353e-05 2.40286e-05 2.04234e-05 1.3876e-05 7.21406e-06 2.86597e-06 9.04265e-07 2.41352e-07 5.73094e-08 1.22e-08 2.26756e-09 3.5058e-10 4.07226e-11 2.54654e-12 0 
0 6.39977e-10 5.59166e-09 2.56571e-08 8.63713e-08 2.36349e-07 5.49936e-07 1.11486e-06 1.99991e-06 3.21045e-06 4.65365e-06 6.13776e-06 7.41475e-06 8.25282e-06 8.50843e-06 8.1685e-06 7.34854e-06 6.25188e-06 5.11024e-06 4.12896e-06 3.4533e-06 3.15761e-06 3.24406e-06 3.63284e-06 4.14669e-06 4.53288e-06 4.5514e-06 4.07148e-06 3.13669e-06 2.0063e-06 1.0404e-06 4.38125e-07 1.53623e-07 4.6285e-08 1.22e-08 2.80827e-09 5.54517e-10 9.02737e-11 1.0983e-11 7.16232e-13 0 
0 1.2115e-10 1.027e-09 4.58131e-09 1.50398e-08 4.02869e-08 9.2145e-08 1.84402e-07 3.27841e-07 5.23388e-07 7.56577e-07 9.97082e-07 1.20511e-06 1.34293e-06 1.38675e-06 1.33412e-06 1.20382e-06 1.02926e-06 8.48534e-07 6.95201e-07 5.92588e-07 5.51591e-07 5.70021e-07 6.31233e-07 7.03049e-07 7.42956e-07 7.14447e-07 6.07416e-07 4.46584e-07 2.79017e-07 1.46742e-07 6.50835e-08 2.46033e-08 8.02004e-09 2.26756e-09 5.54517e-10 1.15588e-10 1.9781e-11 2.52061e-12 1.71538e-13 0 
0 1.92834e-11 1.58763e-10 6.89064e-10 2.20655e-09 5.78357e-09 1.29884e-08 2.5611e-08 4.50161e-08 7.12706e-08 1.02443e-07 1.34545e-07 1.62351e-07 1.80887e-07 1.87002e-07 1.80351e-07 1.6342e-07 1.40658e-07 1.17155e-07 9.74022e-08 8.44766e-08 7.96658e-08 8.23242e-08 8.97745e-08 9.74657e-08 1.00014e-07 9.3426e-08 7.74459e-08 5.60042e-08 3.49498e-08 1.87284e-08 8.62068e-09 3.42163e-09 1.17603e-09 3.5058e-10 9.02737e-11 1.9781e-11 3.55104e-12 4.73433e-13 3.36126e-14 0 
0 2.32918e-12 1.86506e-11 7.88543e-11 2.46536e-10 6.32608e-10 1.39493e-09 2.70901e-09 4.70367e-09 7.37712e-09 1.05312e-08 1.37681e-08 1.65706e-08 1.84479e-08 1.90888e-08 1.84592e-08 1.68061e-08 1.45733e-08 1.22715e-08 1.03518e-08 9.11778e-09 8.68075e-09 8.94167e-09 9.59403e-09 1.01707e-08 1.01762e-08 9.29937e-09 7.59172e-09 5.45729e-09 3.42431e-09 1.86761e-09 8.84594e-10 3.64274e-10 1.30587e-10 4.07226e-11 1.0983e-11 2.52061e-12 4.73433e-13 6.59244e-14 4.87784e-15 0 
0 1.52519e-13 1.18962e-12 4.90691e-12 1.49974e-11 3.7711e-11 8.17006e-11 1.56315e-10 2.68113e-10 4.16469e-10 5.90257e-10 7.67835e-10 9.2141e-10 1.02473e-09 1.0612e-09 1.02905e-09 9.41608e-10 8.22899e-10 7.00646e-10 5.99328e-10 5.3509e-10 5.1292e-10 5.25709e-10 5.55211e-10 5.76052e-10 5.6392e-10 5.06099e-10 4.08442e-10 2.92702e-10 1.84816e-10 1.02385e-10 4.96789e-11 2.11049e-11 7.84632e-12 2.54654e-12 7.16232e-13 1.71538e-13 3.36126e-14 4.87784e-15 3.75559e-16 0 
0 0 0 0 0 0 0 0 0 0 0 0 0 0 0 0 0 0 0 0 0 0 0 0 0 0 0 0 0 0 0 0 0 0 0 0 0 0 0 0 0 
