0 0 0 0 0 0 0 0 0 0 0 0 0 0 0 0 0 0 0 0 0 0 0 0 0 0 0 0 0 0 0 0 0 0 0 0 0 0 0 0 0 
0 1.46475e-07 1.26297e-06 5.21355e-06 1.42706e-05 2.90824e-05 4.75818e-05 6.64196e-05 8.30055e-05 9.62155e-05 0.000105995 0.000112754 0.000116977 0.000119057 0.000119258 0.00011773 0.000114527 0.000109629 0.000102964 9.44664e-05 8.41537e-05 7.22315e-05 5.91847e-05 4.5804e-05 3.30959e-05 2.20628e-05 1.34182e-05 7.37557e-06 3.63988e-06 1.60719e-06 6.34532e-07 2.24253e-07 7.10519e-08 2.01886e-08 5.13073e-09 1.15667e-09 2.26976e-10 3.719e-11 4.59793e-12 3.06768e-13 0 
0 1.26297e-06 1.08873e-05 4.2123e-05 0.000100306 0.0001686 0.000224659 0.000261661 0.00028491 0.000300981 0.000313435 0.00032326 0.000330252 0.000333964 0.000334168 0.000331 0.000324945 0.000316712 0.000307019 0.000296292 0.000284286 0.000269769 0.000250512 0.00022395 0.00018868 0.000146272 0.000101927 6.26187e-05 3.35011e-05 1.5545e-05 6.27491e-06 2.21936e-06 6.93257e-07 1.92368e-07 4.74879e-08 1.03726e-08 1.97079e-09 3.12817e-10 3.7512e-11 2.43153e-12 0 
0 5.21355e-06 4.2123e-05 0.00013743 0.000254412 0.000334772 0.000380023 0.000416022 0.000454579 0.000495176 0.000533603 0.000565877 0.000589192 0.000601947 0.000603627 0.000594672 0.000576335 0.000550545 0.000519768 0.000486864 0.000454874 0.000426578 0.00040354 0.000384545 0.000363973 0.000332045 0.00027969 0.000207632 0.000130764 6.84648e-05 2.97906e-05 1.09213e-05 3.43669e-06 9.4332e-07 2.27948e-07 4.84788e-08 8.94908e-09 1.3797e-09 1.60835e-10 1.01492e-11 0 
0 1.42706e-05 0.000100306 0.000254412 0.000368566 0.000434979 0.000503136 0.000585933 0.000675601 0.00076286 0.000840611 0.000903652 0.00094839 0.000972778 0.000976283 0.000959786 0.000925396 0.000876194 0.000815947 0.000748835 0.000679255 0.000611753 0.000551048 0.000501734 0.000466732 0.000443486 0.000419206 0.000372039 0.00028772 0.000181849 9.10812e-05 3.63742e-05 1.19109e-05 3.29808e-06 7.89375e-07 1.6468e-07 2.96869e-08 4.46274e-09 5.07319e-10 3.12504e-11 0 
0 2.90824e-05 0.0001686 0.000334772 0.000434979 0.000535811 0.000664524 0.00080909 0.000956021 0.00109484 0.00121693 0.00131532 0.00138497 0.00142295 0.00142853 0.0014031 0.00134984 0.00127337 0.00117928 0.00107361 0.000962453 0.000851651 0.000746658 0.000652784 0.000575597 0.000520353 0.000487717 0.000464577 0.000419131 0.000323181 0.000195205 8.9356e-05 3.16446e-05 9.05911e-06 2.1796e-06 4.50163e-07 7.97419e-08 1.17426e-08 1.30658e-09 7.8814e-11 0 
0 4.75818e-05 0.000224659 0.000380023 0.000503136 0.000664524 0.000858004 0.00106572 0.00127344 0.00146848 0.00163954 0.00177723 0.00187469 0.00192795 0.00193585 0.00190024 0.00182573 0.00171878 0.00158703 0.00143873 0.00128218 0.00112508 0.000974287 0.00083568 0.000714557 0.000616519 0.000547614 0.00050934 0.000484854 0.000430602 0.00031312 0.000169494 6.7229e-05 2.04146e-05 5.01734e-06 1.03615e-06 1.81563e-07 2.63198e-08 2.87789e-09 1.70566e-10 0 
0 6.64196e-05 0.000261661 0.000416022 0.000585933 0.00080909 0.00106572 0.00133766 0.00160847 0.00186233 0.00208508 0.00226746 0.00240868 0.00249821 0.0025136 0.0024521 0.00233616 0.00218902 0.0020162 0.00182303 0.00161894 0.00141369 0.00121584 0.00103245 0.000869144 0.000730739 0.000622658 0.000551107 0.00051504 0.000486068 0.000406677 0.000259945 0.000117888 3.87862e-05 9.88343e-06 2.06038e-06 3.59444e-07 5.15414e-08 5.55988e-09 3.24855e-10 0 
0 8.30055e-05 0.00028491 0.000454579 0.000675601 0.000956021 0.00127344 0.00160847 0.00194168 0.00225466 0.00254445 0.00284488 0.00309282 0.00322094 0.00324115 0.00316276 0.00297654 0.00270961 0.00244936 0.00220475 0.00195309 0.00170019 0.001456 0.0012289 0.00102526 0.000849781 0.000706633 0.000601374 0.000539382 0.000510079 0.000462853 0.000339536 0.000176239 6.35838e-05 1.69856e-05 3.6025e-06 6.29186e-07 8.96284e-08 9.57286e-09 5.53156e-10 0 
0 9.62155e-05 0.000300981 0.000495176 0.00076286 0.00109484 0.00146848 0.00186233 0.00225466 0.00264521 0.00309972 0.00342811 0.00358322 0.00365202 0.00366263 0.00362028 0.00351478 0.00330642 0.00294095 0.00257225 0.00226572 0.00196779 0.00168041 0.00141274 0.00117196 0.000963028 0.00078944 0.0006552 0.000566427 0.000523014 0.000490722 0.00039721 0.000232334 9.19847e-05 2.58982e-05 5.61655e-06 9.86113e-07 1.40043e-07 1.48561e-08 8.51394e-10 0 
0 0.000105995 0.000313435 0.000533603 0.000840611 0.00121693 0.00163954 0.00208508 0.00254445 0.00309972 0.0035141 0.00370797 0.00381121 0.00386042 0.00386804 0.00383689 0.00376274 0.00363048 0.00339696 0.00296985 0.00254649 0.00220144 0.00187609 0.00157311 0.00130014 0.00106246 0.000863318 0.000705542 0.000594167 0.000533481 0.000503169 0.000433429 0.000278769 0.000120005 3.5574e-05 7.90197e-06 1.398e-06 1.98435e-07 2.09613e-08 1.19435e-09 0 
0 0.000112754 0.00032326 0.000565877 0.000903652 0.00131532 0.00177723 0.00226746 0.00284488 0.00342811 0.00370797 0.00385664 0.00394106 0.00398242 0.00398875 0.0039621 0.00389995 0.00379346 0.00361971 0.00331033 0.00281075 0.00239053 0.00203227 0.00170104 0.00140242 0.00114194 0.000922756 0.000746988 0.000618445 0.00054269 0.000508412 0.000453716 0.00031253 0.000143961 4.46317e-05 1.01372e-05 1.80823e-06 2.56928e-07 2.70778e-08 1.53711e-09 0 
0 0.000116977 0.000330252 0.000589192 0.00094839 0.00138497 0.00187469 0.00240868 0.00309282 0.00358322 0.00381121 0.00394106 0.00401693 0.00405449 0.00406011 0.0040355 0.00397878 0.00388335 0.00373312 0.00348477 0.0030299 0.00253046 0.00214124 0.00179 0.00147346 0.00119709 0.000964023 0.000775973 0.000635856 0.000549319 0.000510069 0.000463518 0.00033379 0.000161344 5.17454e-05 1.19633e-05 2.14937e-06 3.05916e-07 3.22114e-08 1.82477e-09 0 
0 0.000119057 0.000333964 0.000601947 0.000972778 0.00142295 0.00192795 0.00249821 0.00322094 0.00365202 0.00386042 0.00398242 0.00405449 0.00409027 0.00409543 0.00407156 0.00401701 0.00392605 0.00378505 0.00355908 0.00314703 0.00261212 0.00219843 0.00183622 0.00151015 0.00122536 0.000984974 0.000790473 0.000644283 0.000551863 0.000509258 0.000466445 0.000343958 0.000170917 5.59473e-05 1.30813e-05 2.362e-06 3.36737e-07 3.54585e-08 2.00735e-09 0 
0 0.000119258 0.000334168 0.000603627 0.000976283 0.00142853 0.00193585 0.0025136 0.00324115 0.00366263 0.00386804 0.00398875 0.00406011 0.00409543 0.00410029 0.00407622 0.00402164 0.00393091 0.00379075 0.00356737 0.00316161 0.00262081 0.00220234 0.0018388 0.00151171 0.00122607 0.000984942 0.000789757 0.000642793 0.000549399 0.000506109 0.000464296 0.000344364 0.000172392 5.67727e-05 1.33253e-05 2.41132e-06 3.4419e-07 3.627e-08 2.05429e-09 0 
0 0.00011773 0.000331 0.000594672 0.000959786 0.0014031 0.00190024 0.0024521 0.00316276 0.00362028 0.00383689 0.0039621 0.0040355 0.00407156 0.00407622 0.00405112 0.00399448 0.00390016 0.00375341 0.00351568 0.00307982 0.00255587 0.00215511 0.00179956 0.00147952 0.00120018 0.000964571 0.000774157 0.0006314 0.000541665 0.000500406 0.000457427 0.000335706 0.000166102 5.42737e-05 1.26947e-05 2.29565e-06 3.27916e-07 3.4601e-08 1.96283e-09 0 
0 0.000114527 0.000324945 0.000576335 0.000925396 0.00134984 0.00182573 0.00233616 0.00297654 0.00351478 0.00376274 0.00389995 0.00397878 0.00401701 0.00402164 0.00399448 0.00393334 0.00383063 0.00366747 0.00339074 0.00290064 0.00243431 0.00206238 0.00172266 0.00141677 0.00115009 0.000925548 0.000744801 0.000610779 0.000528818 0.000491584 0.000444963 0.000318036 0.000152855 4.89572e-05 1.13411e-05 2.0448e-06 2.9222e-07 3.08973e-08 1.75746e-09 0 
0 0.000109629 0.000316712 0.000550545 0.000876194 0.00127337 0.00171878 0.00218902 0.00270961 0.00330642 0.00363048 0.00379346 0.00388335 0.00392605 0.00393091 0.00390016 0.00383063 0.00371148 0.00351353 0.00314944 0.00265846 0.0022746 0.00193172 0.00161396 0.00132803 0.00107916 0.000870241 0.00070327 0.000581883 0.000510932 0.000478245 0.000424791 0.00029111 0.000133962 4.16804e-05 9.52338e-06 1.71002e-06 2.4457e-07 2.59381e-08 1.48132e-09 0 
0 0.000102964 0.000307019 0.000519768 0.000815947 0.00117928 0.00158703 0.0020162 0.00244936 0.00294095 0.00339696 0.00361971 0.00373312 0.00378505 0.00379075 0.00375341 0.00366747 0.00351353 0.00323244 0.00279061 0.00241411 0.00208511 0.00177175 0.00148045 0.00121864 0.000991253 0.000801253 0.000651153 0.000545343 0.000487062 0.000457243 0.000393668 0.000255097 0.00011134 3.35084e-05 7.54348e-06 1.34961e-06 1.9341e-07 2.06059e-08 1.18342e-09 0 
0 9.44664e-05 0.000296292 0.000486864 0.000748835 0.00107361 0.00143873 0.00182303 0.00220475 0.00257225 0.00296985 0.00331033 0.00348477 0.00355908 0.00356737 0.00351568 0.00339074 0.00314944 0.00279061 0.00246306 0.00216633 0.00187364 0.00159168 0.00132953 0.00109416 0.000890242 0.000720925 0.000589418 0.000500392 0.000453666 0.000422734 0.000348101 0.00021161 8.7515e-05 2.55367e-05 5.68055e-06 1.01525e-06 1.46109e-07 1.56683e-08 9.06503e-10 0 
0 8.41537e-05 0.000284286 0.000454874 0.000679255 0.000962453 0.00128218 0.00161894 0.00195309 0.00226572 0.00254649 0.00281075 0.0030299 0.00314703 0.00316161 0.00307982 0.00290064 0.00265846 0.00241411 0.00216633 0.00190885 0.00165027 0.00140067 0.00116843 0.000959884 0.000779538 0.000630819 0.000517441 0.000443045 0.000402799 0.000366756 0.000286931 0.000164688 6.53504e-05 1.86941e-05 4.13935e-06 7.42354e-07 1.07588e-07 1.16343e-08 6.78944e-10 0 
0 7.22315e-05 0.000269769 0.000426578 0.000611753 0.000851651 0.00112508 0.00141369 0.00170019 0.00196779 0.00220144 0.00239053 0.00253046 0.00261212 0.00262081 0.00255587 0.00243431 0.0022746 0.00208511 0.00187364 0.00165027 0.00142515 0.0012072 0.00100376 0.00082054 0.000661874 0.000531326 0.000432045 0.000365246 0.000324293 0.000285277 0.000215554 0.000120744 4.74256e-05 1.35725e-05 3.02307e-06 5.46482e-07 7.98673e-08 8.70722e-09 5.12009e-10 0 
0 5.91847e-05 0.000250512 0.00040354 0.000551048 0.000746658 0.000974287 0.00121584 0.001456 0.00168041 0.00187609 0.00203227 0.00214124 0.00219843 0.00220234 0.00215511 0.00206238 0.00193172 0.00177175 0.00159168 0.00140067 0.0012072 0.00101869 0.000841363 0.000680365 0.000540119 0.00042409 0.000333702 0.000268137 0.000224422 0.000191637 0.000147493 8.6218e-05 3.52009e-05 1.03298e-05 2.33301e-06 4.24914e-07 6.23715e-08 6.81912e-09 4.01787e-10 0 
0 4.5804e-05 0.00022395 0.000384545 0.000501734 0.000652784 0.00083568 0.00103245 0.0012289 0.00141274 0.00157311 0.00170104 0.00179 0.00183622 0.0018388 0.00179956 0.00172266 0.00161396 0.00148045 0.00132953 0.00116843 0.00100376 0.000841363 0.000686469 0.000544863 0.000424394 0.000332473 0.000266391 0.000211881 0.000161818 0.000124092 9.71773e-05 6.33562e-05 2.83402e-05 8.69176e-06 1.98776e-06 3.61355e-07 5.26771e-08 5.713e-09 3.33965e-10 0 
0 3.30959e-05 0.00018868 0.000363973 0.000466732 0.000575597 0.000714557 0.000869144 0.00102526 0.00117196 0.00130014 0.00140242 0.00147346 0.00151015 0.00151171 0.00147952 0.00141677 0.00132803 0.00121864 0.00109416 0.000959884 0.00082054 0.000680365 0.000544863 0.000427272 0.000355825 0.000351951 0.000380729 0.000361992 0.000265994 0.00015171 8.15825e-05 5.01491e-05 2.48634e-05 8.05543e-06 1.85177e-06 3.3164e-07 4.74022e-08 5.04349e-09 2.89792e-10 0 
0 2.20628e-05 0.000146272 0.000332045 0.000443486 0.000520353 0.000616519 0.000730739 0.000849781 0.000963028 0.00106246 0.00114194 0.00119709 0.00122536 0.00122607 0.00120018 0.00115009 0.00107916 0.000991253 0.000890242 0.000779538 0.000661874 0.000540119 0.000424394 0.000355825 0.000417819 0.000658683 0.00112072 0.00135304 0.00076085 0.000380886 0.000141251 5.13198e-05 2.3e-05 7.7286e-06 1.7722e-06 3.10051e-07 4.31544e-08 4.48118e-09 2.52081e-10 0 
0 1.34182e-05 0.000101927 0.00027969 0.000419206 0.000487717 0.000547614 0.000622658 0.000706633 0.00078944 0.000863318 0.000922756 0.000964023 0.000984974 0.000984942 0.000964571 0.000925548 0.000870241 0.000801253 0.000720925 0.000630819 0.000531326 0.00042409 0.000332473 0.000351951 0.000658683 0.00160499 0.00250309 0.00256906 0.00224072 0.000890695 0.000297547 7.62461e-05 2.30078e-05 7.24933e-06 1.6271e-06 2.76791e-07 3.75165e-08 3.80819e-09 2.10141e-10 0 
0 7.37557e-06 6.26187e-05 0.000207632 0.000372039 0.000464577 0.00050934 0.000551107 0.000601374 0.0006552 0.000705542 0.000746988 0.000775973 0.000790473 0.000789757 0.000774157 0.000744801 0.00070327 0.000651153 0.000589418 0.000517441 0.000432045 0.000333702 0.000266391 0.000380729 0.00112072 0.00250309 0.00275628 0.00278538 0.00265011 0.00193587 0.000477402 0.000110354 2.42764e-05 6.42784e-06 1.36461e-06 2.2472e-07 2.97942e-08 2.97508e-09 1.62021e-10 0 
0 3.63988e-06 3.35011e-05 0.000130764 0.00028772 0.000419131 0.000484854 0.00051504 0.000539382 0.000566427 0.000594167 0.000618445 0.000635856 0.000644283 0.000642793 0.0006314 0.000610779 0.000581883 0.000545343 0.000500392 0.000443045 0.000365246 0.000268137 0.000211881 0.000361992 0.00135304 0.00256906 0.00278538 0.00281484 0.00270764 0.00223716 0.000539959 0.000118364 2.28742e-05 5.13618e-06 1.0081e-06 1.60627e-07 2.09984e-08 2.08165e-09 1.12825e-10 0 
0 1.60719e-06 1.5545e-05 6.84648e-05 0.000181849 0.000323181 0.000430602 0.000486068 0.000510079 0.000523014 0.000533481 0.00054269 0.000549319 0.000551863 0.000549399 0.000541665 0.000528818 0.000510932 0.000487062 0.000453666 0.000402799 0.000324293 0.000224422 0.000161818 0.000265994 0.00076085 0.00224072 0.00265011 0.00270764 0.0025323 0.001418 0.000389131 8.77981e-05 1.68293e-05 3.46098e-06 6.34985e-07 9.89596e-08 1.29092e-08 1.28438e-09 6.99363e-11 0 
0 6.34532e-07 6.27491e-06 2.97906e-05 9.10812e-05 0.000195205 0.00031312 0.000406677 0.000462853 0.000490722 0.000503169 0.000508412 0.000510069 0.000509258 0.000506109 0.000500406 0.000491584 0.000478245 0.000457243 0.000422734 0.000366756 0.000285277 0.000191637 0.000124092 0.00015171 0.000380886 0.000890695 0.00193587 0.00223716 0.001418 0.000584192 0.00019334 4.51192e-05 9.31162e-06 1.87146e-06 3.33039e-07 5.19313e-08 6.86261e-09 6.93113e-10 3.8276e-11 0 
0 2.24253e-07 2.21936e-06 1.09213e-05 3.63742e-05 8.9356e-05 0.000169494 0.000259945 0.000339536 0.00039721 0.000433429 0.000453716 0.000463518 0.000466445 0.000464296 0.000457427 0.000444963 0.000424791 0.000393668 0.000348101 0.000286931 0.000215554 0.000147493 9.71773e-05 8.15825e-05 0.000141251 0.000297547 0.000477402 0.000539959 0.000389131 0.00019334 6.56902e-05 1.70265e-05 3.92168e-06 8.00804e-07 1.44592e-07 2.31622e-08 3.14737e-09 3.26097e-10 1.84218e-11 0 
0 7.10519e-08 6.93257e-07 3.43669e-06 1.19109e-05 3.16446e-05 6.7229e-05 0.000117888 0.000176239 0.000232334 0.000278769 0.00031253 0.00033379 0.000343958 0.000344364 0.000335706 0.000318036 0.00029111 0.000255097 0.00021161 0.000164688 0.000120744 8.6218e-05 6.33562e-05 5.01491e-05 5.13198e-05 7.62461e-05 0.000110354 0.000118364 8.77981e-05 4.51192e-05 1.70265e-05 5.14556e-06 1.2904e-06 2.76537e-07 5.25833e-08 8.82699e-09 1.24743e-09 1.33713e-10 7.78314e-12 0 
0 2.01886e-08 1.92368e-07 9.4332e-07 3.29808e-06 9.05911e-06 2.04146e-05 3.87862e-05 6.35838e-05 9.19847e-05 0.000120005 0.000143961 0.000161344 0.000170917 0.000172392 0.000166102 0.000152855 0.000133962 0.00011134 8.7515e-05 6.53504e-05 4.74256e-05 3.52009e-05 2.83402e-05 2.48634e-05 2.3e-05 2.30078e-05 2.42764e-05 2.28742e-05 1.68293e-05 9.31162e-06 3.92168e-06 1.2904e-06 3.46513e-07 8.0057e-08 1.63198e-08 2.89636e-09 4.28504e-10 4.78044e-11 2.88288e-12 0 
0 5.13073e-09 4.74879e-08 2.27948e-07 7.89375e-07 2.1796e-06 5.01734e-06 9.88343e-06 1.69856e-05 2.58982e-05 3.5574e-05 4.46317e-05 5.17454e-05 5.59473e-05 5.67727e-05 5.42737e-05 4.89572e-05 4.16804e-05 3.35084e-05 2.55367e-05 1.86941e-05 1.35725e-05 1.03298e-05 8.69176e-06 8.05543e-06 7.7286e-06 7.24933e-06 6.42784e-06 5.13618e-06 3.46098e-06 1.87146e-06 8.00804e-07 2.76537e-07 8.0057e-08 2.00482e-08 4.3783e-09 8.22161e-10 1.27714e-10 1.48829e-11 9.33355e-13 0 
0 1.15667e-09 1.03726e-08 4.84788e-08 1.6468e-07 4.50163e-07 1.03615e-06 2.06038e-06 3.6025e-06 5.61655e-06 7.90197e-06 1.01372e-05 1.19633e-05 1.30813e-05 1.33253e-05 1.26947e-05 1.13411e-05 9.52338e-06 7.54348e-06 5.68055e-06 4.13935e-06 3.02307e-06 2.33301e-06 1.98776e-06 1.85177e-06 1.7722e-06 1.6271e-06 1.36461e-06 1.0081e-06 6.34985e-07 3.33039e-07 1.44592e-07 5.25833e-08 1.63198e-08 4.3783e-09 1.01636e-09 2.01501e-10 3.28891e-11 4.01045e-12 2.62109e-13 0 
0 2.26976e-10 1.97079e-09 8.94908e-09 2.96869e-08 7.97419e-08 1.81563e-07 3.59444e-07 6.29186e-07 9.86113e-07 1.398e-06 1.80823e-06 2.14937e-06 2.362e-06 2.41132e-06 2.29565e-06 2.0448e-06 1.71002e-06 1.34961e-06 1.01525e-06 7.42354e-07 5.46482e-07 4.24914e-07 3.61355e-07 3.3164e-07 3.10051e-07 2.76791e-07 2.2472e-07 1.60627e-07 9.89596e-08 5.19313e-08 2.31622e-08 8.82699e-09 2.89636e-09 8.22161e-10 2.01501e-10 4.20677e-11 7.20974e-12 9.20125e-13 6.27218e-14 0 
0 3.719e-11 3.12817e-10 1.3797e-09 4.46274e-09 1.17426e-08 2.63198e-08 5.15414e-08 8.96284e-08 1.40043e-07 1.98435e-07 2.56928e-07 3.05916e-07 3.36737e-07 3.4419e-07 3.27916e-07 2.9222e-07 2.4457e-07 1.9341e-07 1.46109e-07 1.07588e-07 7.98673e-08 6.23715e-08 5.26771e-08 4.74022e-08 4.31544e-08 3.75165e-08 2.97942e-08 2.09984e-08 1.29092e-08 6.86261e-09 3.14737e-09 1.24743e-09 4.28504e-10 1.27714e-10 3.28891e-11 7.20974e-12 1.2952e-12 1.72847e-13 1.22861e-14 0 
0 4.59793e-12 3.7512e-11 1.60835e-10 5.07319e-10 1.30658e-09 2.87789e-09 5.55988e-09 9.57286e-09 1.48561e-08 2.09613e-08 2.70778e-08 3.22114e-08 3.54585e-08 3.627e-08 3.4601e-08 3.08973e-08 2.59381e-08 2.06059e-08 1.56683e-08 1.16343e-08 8.70722e-09 6.81912e-09 5.713e-09 5.04349e-09 4.48118e-09 3.80819e-09 2.97508e-09 2.08165e-09 1.28438e-09 6.93113e-10 3.26097e-10 1.33713e-10 4.78044e-11 1.48829e-11 4.01045e-12 9.20125e-13 1.72847e-13 2.40801e-14 1.78304e-15 0 
0 3.06768e-13 2.43153e-12 1.01492e-11 3.12504e-11 7.8814e-11 1.70566e-10 3.24855e-10 5.53156e-10 8.51394e-10 1.19435e-09 1.53711e-09 1.82477e-09 2.00735e-09 2.05429e-09 1.96283e-09 1.75746e-09 1.48132e-09 1.18342e-09 9.06503e-10 6.78944e-10 5.12009e-10 4.01787e-10 3.33965e-10 2.89792e-10 2.52081e-10 2.10141e-10 1.62021e-10 1.12825e-10 6.99363e-11 3.8276e-11 1.84218e-11 7.78314e-12 2.88288e-12 9.33355e-13 2.62109e-13 6.27218e-14 1.22861e-14 1.78304e-15 1.37331e-16 0 
0 0 0 0 0 0 0 0 0 0 0 0 0 0 0 0 0 0 0 0 0 0 0 0 0 0 0 0 0 0 0 0 0 0 0 0 0 0 0 0 0 
