0 0 0 0 0 0 0 0 0 0 0 0 0 0 0 0 0 0 0 0 0 0 0 0 0 0 0 0 0 0 0 0 0 0 0 0 0 0 0 0 0 
0 4.98639e-10 4.73778e-09 2.37398e-08 8.7593e-08 2.63336e-07 6.73426e-07 1.49733e-06 2.93189e-06 5.09886e-06 7.92663e-06 1.10746e-05 1.39709e-05 1.59799e-05 1.66301e-05 1.57916e-05 1.37125e-05 1.0906e-05 7.95416e-06 5.32516e-06 3.27566e-06 1.85344e-06 9.65992e-07 4.64527e-07 2.06511e-07 8.50573e-08 3.25306e-08 1.15782e-08 3.84245e-09 1.19088e-09 3.44988e-10 9.34058e-11 2.36007e-11 5.5448e-12 1.20294e-12 2.37993e-13 4.1964e-14 6.30242e-15 7.26183e-16 4.57801e-17 0 
0 4.73778e-09 4.67603e-08 2.43323e-07 9.30945e-07 2.89445e-06 7.62735e-06 1.73994e-05 3.47856e-05 6.14654e-05 9.664e-05 0.000136015 0.000172315 0.00019748 0.000205583 0.000195031 0.000168972 0.000133874 9.70655e-05 6.44366e-05 3.91879e-05 2.18535e-05 1.11905e-05 5.2718e-06 2.29012e-06 9.19783e-07 3.42477e-07 1.1854e-07 3.82332e-08 1.15137e-08 3.24134e-09 8.53238e-10 2.09751e-10 4.79886e-11 1.01491e-11 1.95963e-12 3.37629e-13 4.96096e-14 5.59949e-15 3.46236e-16 0 
0 2.37398e-08 2.43323e-07 1.31449e-06 5.21162e-06 1.67368e-05 4.53492e-05 0.00010578 0.000214917 0.000383578 0.00060592 0.000853465 0.00107979 0.0012353 0.00128476 0.00121926 0.00105787 0.000839477 0.00060898 0.000403518 0.000244112 0.000134869 6.81367e-05 3.15449e-05 1.34212e-05 5.26492e-06 1.91079e-06 6.43736e-07 2.01922e-07 5.91176e-08 1.61821e-08 4.14369e-09 9.91632e-10 2.2107e-10 4.56087e-11 8.6011e-12 1.44924e-12 2.08527e-13 2.30796e-14 1.40127e-15 0 
0 8.7593e-08 9.30945e-07 5.21162e-06 2.13587e-05 7.05914e-05 0.000195621 0.000463043 0.000946421 0.0016851 0.00263814 0.00366999 0.00458636 0.00520014 0.00539005 0.00513017 0.00448904 0.00360585 0.00265032 0.001776 0.00108194 0.000598477 0.000300823 0.000137744 5.76701e-05 2.21732e-05 7.86421e-06 2.58399e-06 7.89564e-07 2.25061e-07 5.99773e-08 1.4958e-08 3.4888e-09 7.58767e-10 1.52886e-10 2.81944e-11 4.65175e-12 6.56314e-13 7.1329e-14 4.25871e-15 0 
0 2.63336e-07 2.89445e-06 1.67368e-05 7.05914e-05 0.000238595 0.000669966 0.00158802 0.00320812 0.00557948 0.00846676 0.0113971 0.0138442 0.0154017 0.0158575 0.0151892 0.0135361 0.0111745 0.00848203 0.00586909 0.00367412 0.00207131 0.00105079 0.000481027 0.000199726 7.56847e-05 2.63399e-05 8.4675e-06 2.52688e-06 7.02804e-07 1.82703e-07 4.44591e-08 1.01242e-08 2.1517e-09 4.24141e-10 7.66161e-11 1.23989e-11 1.71837e-12 1.83724e-13 1.08083e-14 0 
0 6.73426e-07 7.62735e-06 4.53492e-05 0.000195621 0.000669966 0.00188001 0.00437524 0.00851911 0.0140759 0.0201713 0.0257363 0.0299695 0.0324703 0.0331331 0.0320138 0.0292652 0.0251476 0.020083 0.014689 0.0096948 0.00570884 0.00298456 0.00138793 0.000578083 0.000217629 7.47394e-05 2.3606e-05 6.90314e-06 1.8788e-06 4.77676e-07 1.13688e-07 2.53336e-08 5.27301e-09 1.01905e-09 1.80702e-10 2.87471e-11 3.9225e-12 4.13586e-13 2.40372e-14 0 
0 1.49733e-06 1.73994e-05 0.00010578 0.000463043 0.00158802 0.00437524 0.00976094 0.0178291 0.0273198 0.0363907 0.0437191 0.0487902 0.0515755 0.0522086 0.0508354 0.0475758 0.0425409 0.0359143 0.0281154 0.0199619 0.0125836 0.00694587 0.00334835 0.00142008 0.000536654 0.000183169 5.71351e-05 1.64392e-05 4.39332e-06 1.0958e-06 2.55818e-07 5.59366e-08 1.14333e-08 2.17212e-09 3.79133e-10 5.94591e-11 8.01164e-12 8.35766e-13 4.81597e-14 0 
0 2.93189e-06 3.47856e-05 0.000214917 0.000946421 0.00320812 0.00851911 0.0178291 0.0300101 0.0423595 0.0527369 0.0604168 0.0654719 0.068147 0.0686507 0.0671457 0.0637587 0.0585677 0.0515942 0.0428901 0.0328217 0.0224321 0.0133303 0.006797 0.00298445 0.00114578 0.000391898 0.00012144 3.4537e-05 9.09831e-06 2.23418e-06 5.13327e-07 1.105e-07 2.22519e-08 4.1696e-09 7.18849e-10 1.11545e-10 1.49012e-11 1.54479e-12 8.86993e-14 0 
0 5.09886e-06 6.14654e-05 0.000383578 0.0016851 0.00557948 0.0140759 0.0273198 0.0423595 0.0558046 0.0662833 0.0738615 0.0788681 0.0815158 0.0819424 0.0802898 0.0767254 0.0714094 0.0644242 0.0557183 0.0452187 0.0333139 0.021444 0.0117218 0.00540589 0.00213327 0.000737426 0.000228418 6.45224e-05 1.68262e-05 4.08387e-06 9.2702e-07 1.97212e-07 3.92818e-08 7.29029e-09 1.24702e-09 1.92405e-10 2.56242e-11 2.65641e-12 1.53061e-13 0 
0 7.92663e-06 9.664e-05 0.00060592 0.00263814 0.00846676 0.0201713 0.0363907 0.0527369 0.0662833 0.0766775 0.0843416 0.0895208 0.0922854 0.0926924 0.0908683 0.0870203 0.0813988 0.0742181 0.0655394 0.0551954 0.0430343 0.0297471 0.0174681 0.00853 0.00349084 0.00122862 0.00038264 0.000107883 2.79748e-05 6.7403e-06 1.51835e-06 3.20717e-07 6.35049e-08 1.17373e-08 2.0042e-09 3.09612e-10 4.14311e-11 4.33322e-12 2.53011e-13 0 
0 1.10746e-05 0.000136015 0.000853465 0.00366999 0.0113971 0.0257363 0.0437191 0.0604168 0.0738615 0.0843416 0.0922692 0.0977185 0.100644 0.101052 0.099068 0.0949262 0.0889392 0.0814251 0.0725901 0.0623734 0.0504414 0.0368099 0.0230221 0.0118997 0.00507039 0.00182609 0.000574612 0.000162466 4.20902e-05 1.01179e-05 2.27409e-06 4.79798e-07 9.50793e-08 1.76349e-08 3.03234e-09 4.73691e-10 6.44e-11 6.87692e-12 4.11893e-13 0 
0 1.39709e-05 0.000172315 0.00107979 0.00458636 0.0138442 0.0299695 0.0487902 0.0654719 0.0788681 0.0895208 0.0977185 0.103402 0.106457 0.106868 0.104759 0.100385 0.0940945 0.0862694 0.077219 0.0670154 0.0553543 0.0418929 0.0275029 0.0149326 0.00661436 0.00244233 0.000779308 0.000221975 5.77616e-05 1.39383e-05 3.14801e-06 6.68905e-07 1.33935e-07 2.52061e-08 4.4196e-09 7.07778e-10 9.91642e-11 1.09609e-11 6.81485e-13 0 
0 1.59799e-05 0.00019748 0.0012353 0.00520014 0.0154017 0.0324703 0.0515755 0.068147 0.0815158 0.0922854 0.100644 0.106457 0.109579 0.109983 0.107797 0.103286 0.096817 0.0888042 0.0796148 0.0694139 0.0579789 0.0448456 0.0304213 0.0171437 0.00784743 0.00296858 0.000963111 0.000277734 7.3078e-05 1.78504e-05 4.09238e-06 8.86376e-07 1.81859e-07 3.52765e-08 6.41286e-09 1.07012e-09 1.56736e-10 1.81245e-11 1.17657e-12 0 
0 1.66301e-05 0.000205583 0.00128476 0.00539005 0.0158575 0.0331331 0.0522086 0.0686507 0.0819424 0.0926924 0.101052 0.106868 0.109983 0.110371 0.10816 0.103617 0.0971165 0.0890809 0.0798999 0.0697836 0.0585723 0.0457963 0.0316448 0.0182672 0.00857174 0.00331541 0.00109693 0.000322385 8.66039e-05 2.16812e-05 5.12276e-06 1.15112e-06 2.46712e-07 5.02906e-08 9.64429e-09 1.69906e-09 2.62033e-10 3.17245e-11 2.13942e-12 0 
0 1.57916e-05 0.000195031 0.00121926 0.00513017 0.0151892 0.0320138 0.0508354 0.0671457 0.0802898 0.0908683 0.099068 0.104759 0.107797 0.10816 0.105974 0.101505 0.095118 0.0872292 0.0782219 0.0683101 0.0573619 0.0449552 0.0312618 0.0182635 0.00871991 0.00344584 0.00116907 0.000353928 9.85453e-05 2.57685e-05 6.41326e-06 1.52968e-06 3.49808e-07 7.61769e-08 1.55556e-08 2.89714e-09 4.67708e-10 5.86298e-11 4.05018e-12 0 
0 1.37125e-05 0.000168972 0.00105787 0.00448904 0.0135361 0.0292652 0.0475758 0.0637587 0.0767254 0.0870203 0.0949262 0.100385 0.103286 0.103617 0.101505 0.0972028 0.09106 0.0834688 0.0747828 0.0651865 0.0545515 0.0425472 0.0294836 0.0172738 0.00835861 0.00338712 0.00119179 0.000378397 0.000111764 3.13379e-05 8.43093e-06 2.18044e-06 5.3897e-07 1.25761e-07 2.71756e-08 5.28194e-09 8.78005e-10 1.11995e-10 7.79611e-12 0 
0 1.0906e-05 0.000133874 0.000839477 0.00360585 0.0111745 0.0251476 0.0425409 0.0585677 0.0714094 0.0813988 0.0889392 0.0940945 0.096817 0.0971165 0.095118 0.09106 0.0852646 0.078085 0.0698233 0.0606134 0.0503331 0.0388121 0.0266083 0.0155692 0.00765752 0.00322027 0.00119984 0.000410727 0.00013268 4.10167e-05 1.21599e-05 3.43408e-06 9.12949e-07 2.25076e-07 5.05051e-08 1.00402e-08 1.68611e-09 2.15232e-10 1.48881e-11 0 
0 7.95416e-06 9.70655e-05 0.00060898 0.00265032 0.00848203 0.020083 0.0359143 0.0515942 0.0644242 0.0742181 0.0814251 0.0862694 0.0888042 0.0890809 0.0872292 0.0834688 0.078085 0.0713766 0.0635789 0.0547762 0.0449016 0.0340378 0.0230173 0.0134998 0.00683841 0.00305545 0.00124425 0.000475161 0.000172735 5.98079e-05 1.95447e-05 5.95209e-06 1.66783e-06 4.24672e-07 9.68085e-08 1.9307e-08 3.22315e-09 4.06377e-10 2.7645e-11 0 
0 5.32516e-06 6.44366e-05 0.000403518 0.001776 0.00586909 0.014689 0.0281154 0.0428901 0.0557183 0.0655394 0.0725901 0.077219 0.0796148 0.0798999 0.0782219 0.0747828 0.0698233 0.0635789 0.0562217 0.0478311 0.0384925 0.0286052 0.0191609 0.0114292 0.00611724 0.00300504 0.00138671 0.00060772 0.000251743 9.71667e-05 3.44003e-05 1.10351e-05 3.18059e-06 8.17918e-07 1.85835e-07 3.66049e-08 5.99961e-09 7.39937e-10 4.91378e-11 0 
0 3.27566e-06 3.91879e-05 0.000244112 0.00108194 0.00367412 0.0096948 0.0199619 0.0328217 0.0452187 0.0551954 0.0623734 0.0670154 0.0694139 0.0697836 0.0683101 0.0651865 0.0606134 0.0547762 0.0478311 0.0399488 0.0314578 0.0230075 0.0154967 0.0096548 0.0056534 0.00316335 0.00169807 0.000862615 0.000404674 0.000171118 6.41541e-05 2.11687e-05 6.13923e-06 1.56453e-06 3.48827e-07 6.70326e-08 1.0685e-08 1.27991e-09 8.25403e-11 0 
0 1.85344e-06 2.18535e-05 0.000134869 0.000598477 0.00207131 0.00570884 0.0125836 0.0224321 0.0333139 0.0430343 0.0504414 0.0553543 0.0579789 0.0585723 0.0573619 0.0545515 0.0503331 0.0449016 0.0384925 0.0314578 0.024334 0.017787 0.0123819 0.00834102 0.00551935 0.00359178 0.00225545 0.00132018 0.000692764 0.000315768 0.000122975 4.08825e-05 1.16977e-05 2.90536e-06 6.27426e-07 1.16479e-07 1.79284e-08 2.07535e-09 1.29531e-10 0 
0 9.65992e-07 1.11905e-05 6.81367e-05 0.000300823 0.00105079 0.00298456 0.00694587 0.0133303 0.021444 0.0297471 0.0368099 0.0418929 0.0448456 0.0457963 0.0449552 0.0425472 0.0388121 0.0340378 0.0286052 0.0230075 0.017787 0.013382 0.0099801 0.00749799 0.0056929 0.00430276 0.00313537 0.00210398 0.00123286 0.000602598 0.00024028 7.86666e-05 2.167e-05 5.14267e-06 1.06151e-06 1.88821e-07 2.79235e-08 3.11437e-09 1.87829e-10 0 
0 4.64527e-07 5.2718e-06 3.15449e-05 0.000137744 0.000481027 0.00138793 0.00334835 0.006797 0.0117218 0.0174681 0.0230221 0.0275029 0.0304213 0.0316448 0.0312618 0.0294836 0.0266083 0.0230173 0.0191609 0.0154967 0.0123819 0.0099801 0.00824977 0.00702051 0.00610498 0.00536035 0.00461607 0.0036418 0.00241419 0.00126005 0.000503474 0.000156175 3.95294e-05 8.62409e-06 1.66395e-06 2.8089e-07 3.97742e-08 4.27055e-09 2.48966e-10 0 
0 2.06511e-07 2.29012e-06 1.34212e-05 5.76701e-05 0.000199726 0.000578083 0.00142008 0.00298445 0.00540589 0.00853 0.0118997 0.0149326 0.0171437 0.0182672 0.0182635 0.0172738 0.0155692 0.0134998 0.0114292 0.0096548 0.00834102 0.00749799 0.00702051 0.0068062 0.00697272 0.00779783 0.00878834 0.00841138 0.0060912 0.00320759 0.00122276 0.000342557 7.47158e-05 1.39755e-05 2.40449e-06 3.78036e-07 5.10653e-08 5.28425e-09 2.98496e-10 0 
0 8.50573e-08 9.19783e-07 5.26492e-06 2.21732e-05 7.56847e-05 0.000217629 0.000536654 0.00114578 0.00213327 0.00349084 0.00507039 0.00661436 0.00784743 0.00857174 0.00871991 0.00835861 0.00765752 0.00683841 0.00611724 0.0056534 0.00551935 0.0056929 0.00610498 0.00697272 0.00959163 0.01555 0.0224847 0.0239673 0.0177003 0.00897316 0.00316987 0.000796199 0.000147657 2.24655e-05 3.22526e-06 4.55864e-07 5.83153e-08 5.83053e-09 3.20523e-10 0 
0 3.25306e-08 3.42477e-07 1.91079e-06 7.86421e-06 2.63399e-05 7.47394e-05 0.000183169 0.000391898 0.000737426 0.00122862 0.00182609 0.00244233 0.00296858 0.00331541 0.00344584 0.00338712 0.00322027 0.00305545 0.00300504 0.00316335 0.00359178 0.00430276 0.00536035 0.00779783 0.01555 0.0323502 0.0514302 0.0564867 0.0418287 0.0207975 0.00700828 0.00163513 0.000270752 3.44191e-05 4.00025e-06 4.88658e-07 5.85507e-08 5.67597e-09 3.05539e-10 0 
0 1.15782e-08 1.1854e-07 6.43736e-07 2.58399e-06 8.4675e-06 2.3606e-05 5.71351e-05 0.00012144 0.000228418 0.00038264 0.000574612 0.000779308 0.000963111 0.00109693 0.00116907 0.00119179 0.00119984 0.00124425 0.00138671 0.00169807 0.00225545 0.00313537 0.00461607 0.00878834 0.0224847 0.0514302 0.0840028 0.0929858 0.0689037 0.0340693 0.0112783 0.00253639 0.000394701 4.48159e-05 4.37628e-06 4.5795e-07 5.11144e-08 4.83158e-09 2.5667e-10 0 
0 3.84245e-09 3.82332e-08 2.01922e-07 7.89564e-07 2.52688e-06 6.90314e-06 1.64392e-05 3.4537e-05 6.45224e-05 0.000107883 0.000162466 0.000221975 0.000277734 0.000322385 0.000353928 0.000378397 0.000410727 0.000475161 0.00060772 0.000862615 0.00132018 0.00210398 0.0036418 0.00841138 0.0239673 0.0564867 0.0929858 0.103158 0.0764572 0.0377452 0.0124257 0.00275265 0.000415568 4.44824e-05 3.9041e-06 3.63487e-07 3.83335e-08 3.5711e-09 1.88979e-10 0 
0 1.19088e-09 1.15137e-08 5.91176e-08 2.25061e-07 7.02804e-07 1.8788e-06 4.39332e-06 9.09831e-06 1.68262e-05 2.79748e-05 4.20902e-05 5.77616e-05 7.3078e-05 8.66039e-05 9.85453e-05 0.000111764 0.00013268 0.000172735 0.000251743 0.000404674 0.000692764 0.00123286 0.00241419 0.0060912 0.0177003 0.0418287 0.0689037 0.0764572 0.0566687 0.0279727 0.00920208 0.00202925 0.000302469 3.16048e-05 2.65741e-06 2.35862e-07 2.4423e-08 2.28124e-09 1.21532e-10 0 
0 3.44988e-10 3.24134e-09 1.61821e-08 5.99773e-08 1.82703e-07 4.77676e-07 1.0958e-06 2.23418e-06 4.08387e-06 6.7403e-06 1.01179e-05 1.39383e-05 1.78504e-05 2.16812e-05 2.57685e-05 3.13379e-05 4.10167e-05 5.98079e-05 9.71667e-05 0.000171118 0.000315768 0.000602598 0.00126005 0.00320759 0.00897316 0.0207975 0.0340693 0.0377452 0.0279727 0.0138226 0.00455748 0.00100555 0.000149626 1.56689e-05 1.33803e-06 1.2285e-07 1.31559e-08 1.25755e-09 6.81689e-11 0 
0 9.34058e-11 8.53238e-10 4.14369e-09 1.4958e-08 4.44591e-08 1.13688e-07 2.55818e-07 5.13327e-07 9.2702e-07 1.51835e-06 2.27409e-06 3.14801e-06 4.09238e-06 5.12276e-06 6.41326e-06 8.43093e-06 1.21599e-05 1.95447e-05 3.44003e-05 6.41541e-05 0.000122975 0.00024028 0.000503474 0.00122276 0.00316987 0.00700828 0.0112783 0.0124257 0.00920208 0.00455748 0.00150816 0.000334021 5.02006e-05 5.43043e-06 5.03083e-07 5.1929e-08 6.02153e-09 5.9916e-10 3.33564e-11 0 
0 2.36007e-11 2.09751e-10 9.91632e-10 3.4888e-09 1.01242e-08 2.53336e-08 5.59366e-08 1.105e-07 1.97212e-07 3.20717e-07 4.79798e-07 6.68905e-07 8.86376e-07 1.15112e-06 1.52968e-06 2.18044e-06 3.43408e-06 5.95209e-06 1.10351e-05 2.11687e-05 4.08825e-05 7.86666e-05 0.000156175 0.000342557 0.000796199 0.00163513 0.00253639 0.00275265 0.00202925 0.00100555 0.000334021 7.47817e-05 1.15966e-05 1.36206e-06 1.48988e-07 1.84576e-08 2.36849e-09 2.47534e-10 1.42517e-11 0 
0 5.5448e-12 4.79886e-11 2.2107e-10 7.58767e-10 2.1517e-09 5.27301e-09 1.14333e-08 2.22519e-08 3.92818e-08 6.35049e-08 9.50793e-08 1.33935e-07 1.81859e-07 2.46712e-07 3.49808e-07 5.3897e-07 9.12949e-07 1.66783e-06 3.18059e-06 6.13923e-06 1.16977e-05 2.167e-05 3.95294e-05 7.47158e-05 0.000147657 0.000270752 0.000394701 0.000415568 0.000302469 0.000149626 5.02006e-05 1.15966e-05 1.94444e-06 2.70292e-07 3.79663e-08 5.72785e-09 8.08494e-10 8.89141e-11 5.31893e-12 0 
0 1.20294e-12 1.01491e-11 4.56087e-11 1.52886e-10 4.24141e-10 1.01905e-09 2.17212e-09 4.1696e-09 7.29029e-09 1.17373e-08 1.76349e-08 2.52061e-08 3.52765e-08 5.02906e-08 7.61769e-08 1.25761e-07 2.25076e-07 4.24672e-07 8.17918e-07 1.56453e-06 2.90536e-06 5.14267e-06 8.62409e-06 1.39755e-05 2.24655e-05 3.44191e-05 4.48159e-05 4.44824e-05 3.16048e-05 1.56689e-05 5.43043e-06 1.36206e-06 2.70292e-07 4.90218e-08 8.95506e-09 1.57639e-09 2.40188e-10 2.77639e-11 1.73069e-12 0 
0 2.37993e-13 1.95963e-12 8.6011e-12 2.81944e-11 7.66161e-11 1.80702e-10 3.79133e-10 7.18849e-10 1.24702e-09 2.0042e-09 3.03234e-09 4.4196e-09 6.41286e-09 9.64429e-09 1.55556e-08 2.71756e-08 5.05051e-08 9.68085e-08 1.85835e-07 3.48827e-07 6.27426e-07 1.06151e-06 1.66395e-06 2.40449e-06 3.22526e-06 4.00025e-06 4.37628e-06 3.9041e-06 2.65741e-06 1.33803e-06 5.03083e-07 1.48988e-07 3.79663e-08 8.95506e-09 1.96228e-09 3.81324e-10 6.17618e-11 7.49382e-12 4.8755e-13 0 
0 4.1964e-14 3.37629e-13 1.44924e-12 4.65175e-12 1.23989e-11 2.87471e-11 5.94591e-11 1.11545e-10 1.92405e-10 3.09612e-10 4.73691e-10 7.07778e-10 1.07012e-09 1.69906e-09 2.89714e-09 5.28194e-09 1.00402e-08 1.9307e-08 3.66049e-08 6.70326e-08 1.16479e-07 1.88821e-07 2.8089e-07 3.78036e-07 4.55864e-07 4.88658e-07 4.5795e-07 3.63487e-07 2.35862e-07 1.2285e-07 5.1929e-08 1.84576e-08 5.72785e-09 1.57639e-09 3.81324e-10 7.91756e-11 1.3523e-11 1.72031e-12 1.16873e-13 0 
0 6.30242e-15 4.96096e-14 2.08527e-13 6.56314e-13 1.71837e-12 3.9225e-12 8.01164e-12 1.49012e-11 2.56242e-11 4.14311e-11 6.44e-11 9.91642e-11 1.56736e-10 2.62033e-10 4.67708e-10 8.78005e-10 1.68611e-09 3.22315e-09 5.99961e-09 1.0685e-08 1.79284e-08 2.79235e-08 3.97742e-08 5.10653e-08 5.83153e-08 5.85507e-08 5.11144e-08 3.83335e-08 2.4423e-08 1.31559e-08 6.02153e-09 2.36849e-09 8.08494e-10 2.40188e-10 6.17618e-11 1.3523e-11 2.42566e-12 3.23069e-13 2.29095e-14 0 
0 7.26183e-16 5.59949e-15 2.30796e-14 7.1329e-14 1.83724e-13 4.13586e-13 8.35766e-13 1.54479e-12 2.65641e-12 4.33322e-12 6.87692e-12 1.09609e-11 1.81245e-11 3.17245e-11 5.86298e-11 1.11995e-10 2.15232e-10 4.06377e-10 7.39937e-10 1.27991e-09 2.07535e-09 3.11437e-09 4.27055e-09 5.28425e-09 5.83053e-09 5.67597e-09 4.83158e-09 3.5711e-09 2.28124e-09 1.25755e-09 5.9916e-10 2.47534e-10 8.89141e-11 2.77639e-11 7.49382e-12 1.72031e-12 3.23069e-13 4.49644e-14 3.32445e-15 0 
0 4.57801e-17 3.46236e-16 1.40127e-15 4.25871e-15 1.08083e-14 2.40372e-14 4.81597e-14 8.86993e-14 1.53061e-13 2.53011e-13 4.11893e-13 6.81485e-13 1.17657e-12 2.13942e-12 4.05018e-12 7.79611e-12 1.48881e-11 2.7645e-11 4.91378e-11 8.25403e-11 1.29531e-10 1.87829e-10 2.48966e-10 2.98496e-10 3.20523e-10 3.05539e-10 2.5667e-10 1.88979e-10 1.21532e-10 6.81689e-11 3.33564e-11 1.42517e-11 5.31893e-12 1.73069e-12 4.8755e-13 1.16873e-13 2.29095e-14 3.32445e-15 2.55865e-16 0 
0 0 0 0 0 0 0 0 0 0 0 0 0 0 0 0 0 0 0 0 0 0 0 0 0 0 0 0 0 0 0 0 0 0 0 0 0 0 0 0 0 
