0 0 0 0 0 0 0 0 0 0 0 0 0 0 0 0 0 0 0 0 0 0 0 0 0 0 0 0 0 0 0 0 0 0 0 0 0 0 0 0 0 
0 1.37677e-07 1.18426e-06 4.86545e-06 1.32253e-05 2.67278e-05 4.33543e-05 6.00374e-05 7.45177e-05 8.58984e-05 9.42243e-05 9.99207e-05 0.000103449 0.000105171 0.000105322 0.000104033 0.000101342 9.72178e-05 9.15793e-05 8.43399e-05 7.548e-05 6.51404e-05 5.37107e-05 4.18631e-05 3.04853e-05 2.04931e-05 1.25722e-05 6.97073e-06 3.46887e-06 1.54352e-06 6.13591e-07 2.18144e-07 6.94636e-08 1.98195e-08 5.05409e-09 1.14253e-09 2.24696e-10 3.68809e-11 4.56606e-12 3.04976e-13 0 
0 1.18426e-06 1.01681e-05 3.90175e-05 9.17971e-05 0.000152195 0.000200208 0.000230766 0.00024938 0.000262129 0.000272124 0.000280137 0.000285903 0.000288975 0.000289123 0.000286455 0.000281396 0.000274582 0.000266673 0.00025808 0.000248628 0.000237245 0.0002219 0.000200135 0.000170372 0.000133614 9.42543e-05 5.86227e-05 3.17322e-05 1.48795e-05 6.06028e-06 2.15923e-06 6.78421e-07 1.89114e-07 4.68501e-08 1.02612e-08 1.95372e-09 3.10603e-10 3.7292e-11 2.41953e-12 0 
0 4.86545e-06 3.90175e-05 0.000125477 0.000228017 0.000295013 0.000331076 0.000360272 0.000392656 0.000427311 0.000460311 0.00048809 0.000508174 0.000519165 0.000520613 0.000512894 0.000497092 0.000474878 0.000448395 0.000420149 0.000392839 0.000368997 0.000350181 0.000335567 0.000320374 0.000295762 0.000252804 0.00019077 0.000122154 6.49414e-05 2.86242e-05 1.06006e-05 3.36121e-06 9.27724e-07 2.25078e-07 4.80064e-08 8.88037e-09 1.37118e-09 1.60017e-10 1.01058e-11 0 
0 1.32253e-05 9.17971e-05 0.000228017 0.000323601 0.000377286 0.000434486 0.000505448 0.000582683 0.00065792 0.000724971 0.000779338 0.000817921 0.000838954 0.000841977 0.000827749 0.00079809 0.000755657 0.0007037 0.000645824 0.00058583 0.000527666 0.000475482 0.000433447 0.000404482 0.000386927 0.000369986 0.000333765 0.000263243 0.000169803 8.66224e-05 3.51028e-05 1.16174e-05 3.24043e-06 7.79405e-07 1.63138e-07 2.94743e-08 4.4375e-09 5.04973e-10 3.11284e-11 0 
0 2.67278e-05 0.000152195 0.000295013 0.000377286 0.000462482 0.00057315 0.000697788 0.000824503 0.000944225 0.00104952 0.00113437 0.00119444 0.00122719 0.00123201 0.00121008 0.00116415 0.0010982 0.00101705 0.000925911 0.00083005 0.000734492 0.000643952 0.000563046 0.000496717 0.000449905 0.000423988 0.000408469 0.000375155 0.000295849 0.000182895 8.54159e-05 3.07037e-05 8.8784e-06 2.14986e-06 4.45814e-07 7.91727e-08 1.16776e-08 1.30072e-09 7.85147e-11 0 
0 4.33543e-05 0.000200208 0.000331076 0.000434486 0.00057315 0.000739971 0.000919113 0.00109825 0.00126647 0.00141399 0.00153274 0.00161682 0.0016628 0.00166963 0.00163887 0.00157458 0.00148233 0.0013687 0.00124081 0.00110579 0.000970304 0.000840255 0.000720719 0.000616286 0.000531903 0.000473224 0.000442569 0.000426604 0.000386673 0.000288369 0.000160011 6.4737e-05 1.99263e-05 4.93898e-06 1.02517e-06 1.80186e-07 2.61682e-08 2.86453e-09 1.69894e-10 0 
0 6.00374e-05 0.000230766 0.000360272 0.000505448 0.000697788 0.000919113 0.00115364 0.00138719 0.00160614 0.00179833 0.00195685 0.00208384 0.00216693 0.00218153 0.00212455 0.00201834 0.00188837 0.00173887 0.00157224 0.00139623 0.00121921 0.00104858 0.000890418 0.000749579 0.00063024 0.000537219 0.000476456 0.000448437 0.000429911 0.000368449 0.000242059 0.000112474 3.76571e-05 9.70149e-06 2.03549e-06 3.56417e-07 5.12169e-08 5.53183e-09 3.23463e-10 0 
0 7.45177e-05 0.00024938 0.000392656 0.000582683 0.000824503 0.00109825 0.00138719 0.00167457 0.00194473 0.00220048 0.00247671 0.00269452 0.00280096 0.00281754 0.00275359 0.00259505 0.0023535 0.00211493 0.00190157 0.00168441 0.0014663 0.0012557 0.00105984 0.000884218 0.000732882 0.00060947 0.00051903 0.000467156 0.000446565 0.000413741 0.000312063 0.0001665 6.13581e-05 1.66162e-05 3.55225e-06 6.23182e-07 8.89959e-08 9.51895e-09 5.50509e-10 0 
0 8.58984e-05 0.000262129 0.000427311 0.00065792 0.000944225 0.00126647 0.00160614 0.00194473 0.00229016 0.00270107 0.00296714 0.00309016 0.00314541 0.00315403 0.00312006 0.00303586 0.00287115 0.00256109 0.00222234 0.00195419 0.00169708 0.00144924 0.00121839 0.00101074 0.000830546 0.000680848 0.000565197 0.00048943 0.000455088 0.00043432 0.000361019 0.000217455 8.82149e-05 2.52429e-05 5.52662e-06 9.75441e-07 1.3893e-07 1.47621e-08 8.46811e-10 0 
0 9.42243e-05 0.000272124 0.000460311 0.000724971 0.00104952 0.00141399 0.00179833 0.00220048 0.00270107 0.00303481 0.00319047 0.00327409 0.00331418 0.00332047 0.00329519 0.00323506 0.00312834 0.00294212 0.00258466 0.0021991 0.00189868 0.001618 0.0013567 0.00112128 0.000916301 0.000744555 0.000608531 0.000512893 0.000462608 0.00044233 0.000390524 0.000258825 0.000114428 3.45524e-05 7.75931e-06 1.38105e-06 1.96673e-07 2.08131e-08 1.18715e-09 0 
0 9.99207e-05 0.000280137 0.00048809 0.000779338 0.00113437 0.00153274 0.00195685 0.00247671 0.00296714 0.00319047 0.00331101 0.00337996 0.00341387 0.00341914 0.00339741 0.00334668 0.00325999 0.00311954 0.00287222 0.00243921 0.00206258 0.00175271 0.00146703 0.00120949 0.000984845 0.000795815 0.000644248 0.000533629 0.000469732 0.000445006 0.000406251 0.000288348 0.000136615 4.32179e-05 9.93561e-06 1.78414e-06 2.5442e-07 2.68668e-08 1.52689e-09 0 
0 0.000103449 0.000285903 0.000508174 0.000817921 0.00119444 0.00161682 0.00208384 0.00269452 0.00309016 0.00327409 0.00337996 0.00344214 0.00347304 0.00347773 0.00345761 0.00341119 0.00333323 0.00321109 0.00301112 0.00263505 0.00218644 0.00184676 0.00154375 0.00127076 0.00103241 0.000831404 0.000669236 0.000548555 0.000475022 0.000445311 0.000413336 0.00030661 0.000152571 4.99882e-05 1.17079e-05 2.11856e-06 3.02693e-07 3.19394e-08 1.81157e-09 0 
0 0.000105171 0.000288975 0.000519165 0.000838954 0.00122719 0.0016628 0.00216693 0.00280096 0.00314541 0.00331418 0.00341387 0.00347304 0.00350251 0.00350683 0.00348729 0.00344259 0.00336816 0.00325326 0.00307055 0.00273519 0.00226062 0.0018962 0.00158361 0.0013024 0.00105679 0.000849472 0.000681738 0.000555786 0.000477018 0.000444031 0.000415034 0.000315157 0.000161279 5.39654e-05 1.27885e-05 2.32633e-06 3.32976e-07 3.5139e-08 1.99176e-09 0 
0 0.000105322 0.000289123 0.000520613 0.000841977 0.00123201 0.00166963 0.00218153 0.00281754 0.00315403 0.00332047 0.00341914 0.00347773 0.00350683 0.00351089 0.00349119 0.00344645 0.0033722 0.00325793 0.00307719 0.00274758 0.00226903 0.00189961 0.00158584 0.00130374 0.0010574 0.000849445 0.00068112 0.000554493 0.000474847 0.000441159 0.000412895 0.000315303 0.000162552 5.47263e-05 1.30198e-05 2.37367e-06 3.40177e-07 3.59255e-08 2.03732e-09 0 
0 0.000104033 0.000286455 0.000512894 0.000827749 0.00121008 0.00163887 0.00212455 0.00275359 0.00312006 0.00329519 0.00339741 0.00345761 0.00348729 0.00349119 0.00347065 0.00342425 0.00334711 0.00322763 0.00303573 0.00267891 0.00221044 0.00185878 0.001552 0.00127598 0.00103507 0.000831877 0.000667667 0.000544684 0.000468259 0.000436452 0.00040718 0.000307669 0.000156715 5.2326e-05 1.24018e-05 2.25909e-06 3.23957e-07 3.42559e-08 1.9456e-09 0 
0 0.000101342 0.000281396 0.000497092 0.00079809 0.00116415 0.00157458 0.00201834 0.00259505 0.00303586 0.00323506 0.00334668 0.00341119 0.00344259 0.00344645 0.00342425 0.00337424 0.00329043 0.00315804 0.00293597 0.0025227 0.00210171 0.00177871 0.00148567 0.00122187 0.000991872 0.000798222 0.000642354 0.000526946 0.000457401 0.000429413 0.000397038 0.000292189 0.000144462 4.72372e-05 1.10808e-05 2.01172e-06 2.88557e-07 3.05709e-08 1.74084e-09 0 
0 9.72178e-05 0.000274582 0.000474878 0.000755657 0.0010982 0.00148233 0.00188837 0.0023535 0.00287115 0.00312834 0.00325999 0.00333323 0.00336816 0.0033722 0.00334711 0.00329043 0.00319363 0.003034 0.00274068 0.0023024 0.00196208 0.00166598 0.00139193 0.00114534 0.000930698 0.000750524 0.000606548 0.000502119 0.000442378 0.00041883 0.000380464 0.000268428 0.000126914 4.02586e-05 9.30567e-06 1.68157e-06 2.41316e-07 2.56393e-08 1.46568e-09 0 
0 9.15793e-05 0.000266673 0.000448395 0.0007037 0.00101705 0.0013687 0.00173887 0.00211493 0.00256109 0.00294212 0.00311954 0.00321109 0.00325326 0.00325793 0.00322763 0.00315804 0.003034 0.00280963 0.00242353 0.00208325 0.00179831 0.00152801 0.00127679 0.00105099 0.000854888 0.000691028 0.000561628 0.000470781 0.000422419 0.000401909 0.000354305 0.000236235 0.00010575 3.23897e-05 7.36768e-06 1.32564e-06 1.90542e-07 2.03319e-08 1.16861e-09 0 
0 8.43399e-05 0.00025808 0.000420149 0.000645824 0.000925911 0.00124081 0.00157224 0.00190157 0.00222234 0.00258466 0.00287222 0.00301112 0.00307055 0.00307719 0.00303573 0.00293597 0.00274068 0.00242353 0.00212597 0.0018684 0.00161589 0.00137271 0.00114663 0.000943636 0.000767773 0.000621758 0.000508446 0.000432315 0.00039445 0.000373288 0.000314948 0.000196739 8.32533e-05 2.46716e-05 5.53782e-06 9.9457e-07 1.43495e-07 1.54073e-08 8.91917e-10 0 
0 7.548e-05 0.000248628 0.000392839 0.00058583 0.00083005 0.00110579 0.00139623 0.00168441 0.00195419 0.0021991 0.00243921 0.00263505 0.00273519 0.00274758 0.00267891 0.0025227 0.0023024 0.00208325 0.0018684 0.00164626 0.00142325 0.00120798 0.00100769 0.000827834 0.0006723 0.000544067 0.00044649 0.000383262 0.000351319 0.000325321 0.000260655 0.000153386 6.21026e-05 1.80018e-05 4.01657e-06 7.23272e-07 1.05039e-07 1.13697e-08 6.63762e-10 0 
0 6.51404e-05 0.000237245 0.000368997 0.000527666 0.000734492 0.000970304 0.00121921 0.0014663 0.00169708 0.00189868 0.00206258 0.00218644 0.00226062 0.00226903 0.00221044 0.00210171 0.00196208 0.00179831 0.00161589 0.00142325 0.00122909 0.00104113 0.000865676 0.00070766 0.00057083 0.000458305 0.000372987 0.000316382 0.000283431 0.000253466 0.000195752 0.000112089 4.47951e-05 1.29649e-05 2.90646e-06 5.27222e-07 7.71886e-08 8.42239e-09 4.9545e-10 0 
0 5.37107e-05 0.0002219 0.000350181 0.000475482 0.000643952 0.000840255 0.00104858 0.0012557 0.00144924 0.001618 0.00175271 0.00184676 0.0018962 0.00189961 0.00185878 0.00177871 0.00166598 0.00152801 0.00137271 0.00120798 0.00104113 0.000878553 0.000725618 0.000586772 0.000465841 0.000365857 0.000288127 0.00023211 0.000195572 0.000169259 0.000132773 7.91466e-05 3.28196e-05 9.72971e-06 2.21065e-06 4.03974e-07 5.94083e-08 6.5022e-09 3.83376e-10 0 
0 4.18631e-05 0.000200135 0.000335567 0.000433447 0.000563046 0.000720719 0.000890418 0.00105984 0.00121839 0.0013567 0.00146703 0.00154375 0.00158361 0.00158584 0.001552 0.00148567 0.00139193 0.00127679 0.00114663 0.00100769 0.000865676 0.000725618 0.000592035 0.000469921 0.000366044 0.000286785 0.000229809 0.000182847 0.000139873 0.000107991 8.59154e-05 5.71113e-05 2.59568e-05 8.04523e-06 1.85155e-06 3.37841e-07 4.93615e-08 5.36161e-09 3.13785e-10 0 
0 3.04853e-05 0.000170372 0.000320374 0.000404482 0.000496717 0.000616286 0.000749579 0.000884218 0.00101074 0.00112128 0.00120949 0.00127076 0.0013024 0.00130374 0.00127598 0.00122187 0.00114534 0.00105099 0.000943636 0.000827834 0.00070766 0.000586772 0.000469921 0.000368512 0.000306884 0.000303535 0.000328353 0.000312194 0.000229404 0.000130884 7.07536e-05 4.4301e-05 2.23865e-05 7.34233e-06 1.69978e-06 3.05666e-07 4.38014e-08 4.66878e-09 2.68645e-10 0 
0 2.04931e-05 0.000133614 0.000295762 0.000386927 0.000449905 0.000531903 0.00063024 0.000732882 0.000830546 0.000916301 0.000984845 0.00103241 0.00105679 0.0010574 0.00103507 0.000991872 0.000930698 0.000854888 0.000767773 0.0006723 0.00057083 0.000465841 0.000366044 0.000306884 0.00036034 0.00056807 0.00098389 0.00118811 0.000660162 0.000328488 0.000121839 4.45703e-05 2.04075e-05 6.9668e-06 1.61072e-06 2.83024e-07 3.94933e-08 4.10824e-09 2.31427e-10 0 
0 1.25722e-05 9.42543e-05 0.000252804 0.000369986 0.000423988 0.000473224 0.000537219 0.00060947 0.000680848 0.000744555 0.000795815 0.000831404 0.000849472 0.000849445 0.000831877 0.000798222 0.000750524 0.000691028 0.000621758 0.000544067 0.000458305 0.000365857 0.000286785 0.000303535 0.00056807 0.0014065 0.00214542 0.00219951 0.00194257 0.00077198 0.000256614 6.5818e-05 2.01624e-05 6.48157e-06 1.46974e-06 2.51206e-07 3.41321e-08 3.47008e-09 1.91718e-10 0 
0 6.97073e-06 5.86227e-05 0.00019077 0.000333765 0.000408469 0.000442569 0.000476456 0.00051903 0.000565197 0.000608531 0.000644248 0.000669236 0.000681738 0.00068112 0.000667667 0.000642354 0.000606548 0.000561628 0.000508446 0.00044649 0.000372987 0.000288127 0.000229809 0.000328353 0.00098389 0.00214542 0.00235557 0.00237968 0.00226876 0.00168816 0.000411983 9.51859e-05 2.11169e-05 5.71177e-06 1.22778e-06 2.03261e-07 2.70132e-08 2.70105e-09 1.47247e-10 0 
0 3.46887e-06 3.17322e-05 0.000122154 0.000263243 0.000375155 0.000426604 0.000448437 0.000467156 0.00048943 0.000512893 0.000533629 0.000548555 0.000555786 0.000554493 0.000544684 0.000526946 0.000502119 0.000470781 0.000432315 0.000383262 0.000316382 0.00023211 0.000182847 0.000312194 0.00118811 0.00219951 0.00237968 0.00240436 0.00231595 0.00193835 0.000470116 0.000102088 1.98496e-05 4.54802e-06 9.04861e-07 1.45006e-07 1.90002e-08 1.88577e-09 1.02293e-10 0 
0 1.54352e-06 1.48795e-05 6.49414e-05 0.000169803 0.000295849 0.000386673 0.000429911 0.000446565 0.000455088 0.000462608 0.000469732 0.000475022 0.000477018 0.000474847 0.000468259 0.000457401 0.000442378 0.000422419 0.00039445 0.000351319 0.000283431 0.000195572 0.000139873 0.000229404 0.000660162 0.00194257 0.00226876 0.00231595 0.00216821 0.00124127 0.000335599 7.57325e-05 1.46176e-05 3.06356e-06 5.69465e-07 8.92482e-08 1.16671e-08 1.16196e-09 6.3313e-11 0 
0 6.13591e-07 6.06028e-06 2.86242e-05 8.66224e-05 0.000182895 0.000288369 0.000368449 0.000413741 0.00043432 0.00044233 0.000445006 0.000445311 0.000444031 0.000441159 0.000436452 0.000429413 0.00041883 0.000401909 0.000373288 0.000325321 0.000253466 0.000169259 0.000107991 0.000130884 0.000328488 0.00077198 0.00168816 0.00193835 0.00124127 0.000503826 0.000166743 3.89483e-05 8.12112e-06 1.66056e-06 2.98824e-07 4.68211e-08 6.19833e-09 6.26524e-10 3.46176e-11 0 
0 2.18144e-07 2.15923e-06 1.06006e-05 3.51028e-05 8.54159e-05 0.000160011 0.000242059 0.000312063 0.000361019 0.000390524 0.000406251 0.000413336 0.000415034 0.000412895 0.00040718 0.000397038 0.000380464 0.000354305 0.000314948 0.000260655 0.000195752 0.000132773 8.59154e-05 7.07536e-05 0.000121839 0.000256614 0.000411983 0.000470116 0.000335599 0.000166743 5.66715e-05 1.4756e-05 3.4454e-06 7.13542e-07 1.29919e-07 2.08856e-08 2.84174e-09 2.94612e-10 1.66505e-11 0 
0 6.94636e-08 6.78421e-07 3.36121e-06 1.16174e-05 3.07037e-05 6.4737e-05 0.000112474 0.0001665 0.000217455 0.000258825 0.000288348 0.00030661 0.000315157 0.000315303 0.000307669 0.000292189 0.000268428 0.000236235 0.000196739 0.000153386 0.000112089 7.91466e-05 5.71113e-05 4.4301e-05 4.45703e-05 6.5818e-05 9.51859e-05 0.000102088 7.57325e-05 3.89483e-05 1.4756e-05 4.50431e-06 1.14389e-06 2.47553e-07 4.73245e-08 7.96169e-09 1.1261e-09 1.20763e-10 7.03177e-12 0 
0 1.98195e-08 1.89114e-07 9.27724e-07 3.24043e-06 8.8784e-06 1.99263e-05 3.76571e-05 6.13581e-05 8.82149e-05 0.000114428 0.000136615 0.000152571 0.000161279 0.000162552 0.000156715 0.000144462 0.000126914 0.00010575 8.32533e-05 6.21026e-05 4.47951e-05 3.28196e-05 2.59568e-05 2.23865e-05 2.04075e-05 2.01624e-05 2.11169e-05 1.98496e-05 1.46176e-05 8.12112e-06 3.4454e-06 1.14389e-06 3.09678e-07 7.19431e-08 1.47068e-08 2.6131e-09 3.86795e-10 4.31653e-11 2.60383e-12 0 
0 5.05409e-09 4.68501e-08 2.25078e-07 7.79405e-07 2.14986e-06 4.93898e-06 9.70149e-06 1.66162e-05 2.52429e-05 3.45524e-05 4.32179e-05 4.99882e-05 5.39654e-05 5.47263e-05 5.2326e-05 4.72372e-05 4.02586e-05 3.23897e-05 2.46716e-05 1.80018e-05 1.29649e-05 9.72971e-06 8.04523e-06 7.34233e-06 6.9668e-06 6.48157e-06 5.71177e-06 4.54802e-06 3.06356e-06 1.66056e-06 7.13542e-07 2.47553e-07 7.19431e-08 1.80597e-08 3.94869e-09 7.41886e-10 1.15278e-10 1.34369e-11 8.42856e-13 0 
0 1.14253e-09 1.02612e-08 4.80064e-08 1.63138e-07 4.45814e-07 1.02517e-06 2.03549e-06 3.55225e-06 5.52662e-06 7.75931e-06 9.93561e-06 1.17079e-05 1.27885e-05 1.30198e-05 1.24018e-05 1.10808e-05 9.30567e-06 7.36768e-06 5.53782e-06 4.01657e-06 2.90646e-06 2.21065e-06 1.85155e-06 1.69978e-06 1.61072e-06 1.46974e-06 1.22778e-06 9.04861e-07 5.69465e-07 2.98824e-07 1.29919e-07 4.73245e-08 1.47068e-08 3.94869e-09 9.17014e-10 1.81848e-10 2.96867e-11 3.62056e-12 2.36668e-13 0 
0 2.24696e-10 1.95372e-09 8.88037e-09 2.94743e-08 7.91727e-08 1.80186e-07 3.56417e-07 6.23182e-07 9.75441e-07 1.38105e-06 1.78414e-06 2.11856e-06 2.32633e-06 2.37367e-06 2.25909e-06 2.01172e-06 1.68157e-06 1.32564e-06 9.9457e-07 7.23272e-07 5.27222e-07 4.03974e-07 3.37841e-07 3.05666e-07 2.83024e-07 2.51206e-07 2.03261e-07 1.45006e-07 8.92482e-08 4.68211e-08 2.08856e-08 7.96169e-09 2.6131e-09 7.41886e-10 1.81848e-10 3.79687e-11 6.50793e-12 8.30656e-13 5.66301e-14 0 
0 3.68809e-11 3.10603e-10 1.37118e-09 4.4375e-09 1.16776e-08 2.61682e-08 5.12169e-08 8.89959e-08 1.3893e-07 1.96673e-07 2.5442e-07 3.02693e-07 3.32976e-07 3.40177e-07 3.23957e-07 2.88557e-07 2.41316e-07 1.90542e-07 1.43495e-07 1.05039e-07 7.71886e-08 5.94083e-08 4.93615e-08 4.38014e-08 3.94933e-08 3.41321e-08 2.70132e-08 1.90002e-08 1.16671e-08 6.19833e-09 2.84174e-09 1.1261e-09 3.86795e-10 1.15278e-10 2.96867e-11 6.50793e-12 1.16919e-12 1.56042e-13 1.10925e-14 0 
0 4.56606e-12 3.7292e-11 1.60017e-10 5.04973e-10 1.30072e-09 2.86453e-09 5.53183e-09 9.51895e-09 1.47621e-08 2.08131e-08 2.68668e-08 3.19394e-08 3.5139e-08 3.59255e-08 3.42559e-08 3.05709e-08 2.56393e-08 2.03319e-08 1.54073e-08 1.13697e-08 8.42239e-09 6.5022e-09 5.36161e-09 4.66878e-09 4.10824e-09 3.47008e-09 2.70105e-09 1.88577e-09 1.16196e-09 6.26524e-10 2.94612e-10 1.20763e-10 4.31653e-11 1.34369e-11 3.62056e-12 8.30656e-13 1.56042e-13 2.17397e-14 1.60984e-15 0 
0 3.04976e-13 2.41953e-12 1.01058e-11 3.11284e-11 7.85147e-11 1.69894e-10 3.23463e-10 5.50509e-10 8.46811e-10 1.18715e-09 1.52689e-09 1.81157e-09 1.99176e-09 2.03732e-09 1.9456e-09 1.74084e-09 1.46568e-09 1.16861e-09 8.91917e-10 6.63762e-10 4.9545e-10 3.83376e-10 3.13785e-10 2.68645e-10 2.31427e-10 1.91718e-10 1.47247e-10 1.02293e-10 6.3313e-11 3.46176e-11 1.66505e-11 7.03177e-12 2.60383e-12 8.42856e-13 2.36668e-13 5.66301e-14 1.10925e-14 1.60984e-15 1.23994e-16 0 
0 0 0 0 0 0 0 0 0 0 0 0 0 0 0 0 0 0 0 0 0 0 0 0 0 0 0 0 0 0 0 0 0 0 0 0 0 0 0 0 0 
