0 0 0 0 0 0 0 0 0 0 0 0 0 0 0 0 0 0 0 0 0 0 0 0 0 0 0 0 0 0 0 0 0 0 0 0 0 0 0 0 0 
0 1.61494e-07 1.46057e-06 6.624e-06 2.08761e-05 5.06605e-05 9.99224e-05 0.000166805 0.000243965 0.000321898 0.000392199 0.000449048 0.000489182 0.000511262 0.000515238 0.000501933 0.000472844 0.000430107 0.000376559 0.000315794 0.0002521 0.000190154 0.000134405 8.82748e-05 5.34471e-05 2.96346e-05 1.49765e-05 6.88085e-06 2.87235e-06 1.09034e-06 3.76944e-07 1.18851e-07 3.41948e-08 8.96505e-09 2.13198e-09 4.55201e-10 8.54648e-11 1.35119e-11 1.62309e-12 1.05804e-13 0 
0 1.46057e-06 1.3628e-05 6.20877e-05 0.000189142 0.000425899 0.000755648 0.00111986 0.00146073 0.00174734 0.00197184 0.00213649 0.00224548 0.00230243 0.00231042 0.00227238 0.00219133 0.00207004 0.00191076 0.00171536 0.00148652 0.00123038 0.000959529 0.000694246 0.000458857 0.000273411 0.000145573 6.90101e-05 2.9164e-05 1.10357e-05 3.76023e-06 1.15965e-06 3.24818e-07 8.26973e-08 1.90781e-08 3.95157e-09 7.20213e-10 1.10659e-10 1.29362e-11 8.21918e-13 0 
0 6.624e-06 6.20877e-05 0.000270509 0.000740436 0.00142748 0.00214633 0.00276787 0.00327715 0.00369846 0.00404565 0.00431782 0.00450814 0.00461088 0.00462471 0.00455361 0.00440637 0.00419521 0.00393359 0.00363323 0.00330054 0.00293354 0.00252262 0.00205962 0.00155599 0.00105716 0.00063034 0.000325195 0.000144896 5.61989e-05 1.92099e-05 5.85758e-06 1.60788e-06 3.99203e-07 8.96006e-08 1.8043e-08 3.1981e-09 4.78307e-10 5.44975e-11 3.37974e-12 0 
0 2.08761e-05 0.000189142 0.000740436 0.00170504 0.00274824 0.00364862 0.00443931 0.00517699 0.00586142 0.00646303 0.00694893 0.00729333 0.00748101 0.00750798 0.00738106 0.00711641 0.00673757 0.006273 0.00575335 0.00520809 0.00466068 0.00412098 0.00357617 0.00298961 0.00232727 0.00161346 0.000956063 0.000473411 0.000196095 6.91344e-05 2.12067e-05 5.76532e-06 1.40527e-06 3.08271e-07 6.05575e-08 1.04672e-08 1.52738e-09 1.69968e-10 1.03083e-11 0 
0 5.06605e-05 0.000425899 0.00142748 0.00274824 0.00395432 0.00507943 0.00621771 0.00735172 0.00841989 0.00935889 0.0101156 0.0106512 0.0109433 0.0109863 0.0107907 0.0103811 0.00979302 0.00906934 0.00825657 0.00740134 0.00654727 0.00573118 0.00497576 0.00427456 0.00357521 0.00279738 0.00192698 0.00110255 0.000509432 0.000191725 6.05231e-05 1.65255e-05 3.989e-06 8.60233e-07 1.65553e-07 2.79992e-08 3.99766e-09 4.35575e-10 2.58926e-11 0 
0 9.99224e-05 0.000755648 0.00214633 0.00364862 0.00507943 0.00659579 0.00819587 0.0097935 0.0112935 0.0126091 0.0136679 0.0144168 0.0148253 0.0148856 0.0146128 0.0140407 0.0132184 0.0122052 0.0110647 0.0098607 0.00865247 0.00749222 0.0064224 0.00546976 0.00462704 0.0038231 0.0029365 0.00193885 0.00102628 0.000425747 0.000141785 3.95098e-05 9.53909e-06 2.03553e-06 3.85606e-07 6.40514e-08 8.97645e-09 9.60285e-10 5.60896e-11 0 
0 0.000166805 0.00111986 0.00276787 0.00443931 0.00621771 0.00819587 0.0102874 0.0123701 0.0143224 0.016033 0.0174089 0.0183818 0.018912 0.0189901 0.0186352 0.0178915 0.0168226 0.0155047 0.0140202 0.0124507 0.0108721 0.0093505 0.00793983 0.0066808 0.00559503 0.00466034 0.00376888 0.00276487 0.00167104 0.000778376 0.000279331 8.069e-05 1.9683e-05 4.18375e-06 7.83912e-07 1.28381e-07 1.77179e-08 1.86638e-09 1.07392e-10 0 
0 0.000243965 0.00146073 0.00327715 0.00517699 0.00735172 0.0097935 0.0123701 0.0149326 0.0173329 0.0194351 0.0211253 0.0223199 0.0229706 0.0230655 0.0226281 0.021713 0.0203985 0.018778 0.016952 0.0150203 0.0130755 0.0111975 0.00945095 0.00788446 0.00653033 0.00539537 0.00442124 0.00344106 0.00231045 0.00120732 0.000472507 0.000143231 3.56111e-05 7.58551e-06 1.41214e-06 2.28854e-07 3.12031e-08 3.24578e-09 1.84466e-10 0 
0 0.000321898 0.00174734 0.00369846 0.00586142 0.00841989 0.0112935 0.0143224 0.0173329 0.0201519 0.0226199 0.0246043 0.0260085 0.0267744 0.0268848 0.0263666 0.0252868 0.0237399 0.0218354 0.01969 0.01742 0.0151334 0.0129234 0.0108648 0.00901305 0.00740521 0.00605909 0.00495089 0.00395278 0.00284832 0.00164214 0.000701128 0.000224433 5.72188e-05 1.2272e-05 2.27854e-06 3.66623e-07 4.95318e-08 5.10189e-09 2.8711e-10 0 
0 0.000392199 0.00197184 0.00404565 0.00646303 0.00935889 0.0126091 0.016033 0.0194351 0.0226199 0.0254084 0.0276537 0.0292455 0.0301133 0.0302363 0.0296452 0.0284161 0.0266597 0.0245035 0.022078 0.0195124 0.0169276 0.0144282 0.0120982 0.00999887 0.00817072 0.0066352 0.00538528 0.0043322 0.00325486 0.00202204 0.000932735 0.000315105 8.25758e-05 1.78838e-05 3.32116e-06 5.32038e-07 7.14156e-08 7.30257e-09 4.07905e-10 0 
0 0.000449048 0.00213649 0.00431782 0.00694893 0.0101156 0.0136679 0.0174089 0.0211253 0.0246043 0.0276537 0.0301094 0.031838 0.0327661 0.0328931 0.0322576 0.0309242 0.0290024 0.0266394 0.0239863 0.0211832 0.0183596 0.0156289 0.0130821 0.0107855 0.00878214 0.00709479 0.00572335 0.00460499 0.00353831 0.0023143 0.00113527 0.000402053 0.000108141 2.36696e-05 4.40438e-06 7.04004e-07 9.41073e-08 9.57534e-09 5.32091e-10 0 
0 0.000489182 0.00224548 0.00450814 0.00729333 0.0106512 0.0144168 0.0183818 0.0223199 0.0260085 0.0292455 0.031838 0.0336263 0.0345608 0.034682 0.0340369 0.0326643 0.0306463 0.0281387 0.0253212 0.0223493 0.0193578 0.0164648 0.0137662 0.0113318 0.0092063 0.00741299 0.00595435 0.00478207 0.00371548 0.00250979 0.00128576 0.000472071 0.000129702 2.86598e-05 5.34772e-06 8.54284e-07 1.1395e-07 1.15615e-08 6.40503e-10 0 
0 0.000511262 0.00230243 0.00461088 0.00748101 0.0109433 0.0148253 0.018912 0.0229706 0.0267744 0.0301133 0.0327661 0.0345608 0.0354796 0.0355921 0.0349497 0.033574 0.0315197 0.0289372 0.026028 0.0229634 0.0198811 0.0169011 0.0141216 0.011614 0.00942378 0.00757441 0.00606913 0.00486657 0.00379976 0.0026113 0.00137214 0.000515285 0.000143598 3.19537e-05 5.97883e-06 9.55687e-07 1.27424e-07 1.29176e-08 7.14912e-10 0 
0 0.000515238 0.00231042 0.00462471 0.00750798 0.0109863 0.0148856 0.0189901 0.0230655 0.0268848 0.0302363 0.0328931 0.034682 0.0355921 0.0356984 0.0350529 0.0336747 0.0316135 0.029018 0.0260938 0.0230154 0.0199209 0.0169302 0.0141414 0.011626 0.00942919 0.00757423 0.00606437 0.00486017 0.00379978 0.00262507 0.00139119 0.000526857 0.000147723 3.29975e-05 6.18884e-06 9.90853e-07 1.32278e-07 1.34245e-08 7.43764e-10 0 
0 0.000501933 0.00227238 0.00455361 0.00738106 0.0107907 0.0146128 0.0186352 0.0226281 0.0263666 0.0296452 0.0322576 0.0340369 0.0349497 0.0350529 0.0343966 0.033011 0.0309647 0.0284128 0.0255472 0.0225308 0.0194989 0.0165698 0.0138397 0.0113784 0.0092301 0.00741746 0.00594323 0.00476582 0.00372063 0.00255726 0.00134599 0.000507249 0.000141996 3.17441e-05 5.96635e-06 9.57856e-07 1.28264e-07 1.30593e-08 7.25965e-10 0 
0 0.000472844 0.00219133 0.00440637 0.00711641 0.0103811 0.0140407 0.0178915 0.021713 0.0252868 0.0284161 0.0309242 0.0326643 0.033574 0.0336747 0.033011 0.0316352 0.0296454 0.0271964 0.0244544 0.0215663 0.018663 0.0158596 0.0132483 0.0108959 0.00884484 0.007117 0.0057139 0.00458762 0.00356476 0.00241351 0.00124467 0.000461655 0.000128262 2.86437e-05 5.39776e-06 8.70438e-07 1.17185e-07 1.20012e-08 6.71234e-10 0 
0 0.000430107 0.00207004 0.00419521 0.00673757 0.00979302 0.0132184 0.0168226 0.0203985 0.0237399 0.0266597 0.0290024 0.0306463 0.0315197 0.0316135 0.0309647 0.0296454 0.0277689 0.0254757 0.0229082 0.0202016 0.0174812 0.0148559 0.0124123 0.0102134 0.00829927 0.0066908 0.00538696 0.00432882 0.00333228 0.00220088 0.00110043 0.000398945 0.000109729 2.44911e-05 4.63708e-06 7.53295e-07 1.02296e-07 1.05742e-08 5.9713e-10 0 
0 0.000376559 0.00191076 0.00393359 0.006273 0.00906934 0.0122052 0.0155047 0.018778 0.0218354 0.0245035 0.0266394 0.0281387 0.0289372 0.029018 0.0284128 0.0271964 0.0254757 0.0233733 0.0210167 0.0185315 0.0160344 0.0136258 0.0113856 0.00937208 0.00762308 0.00615818 0.00497147 0.00398894 0.00302237 0.00193161 0.000931882 0.00033019 9.01748e-05 2.02018e-05 3.86127e-06 6.34925e-07 8.73753e-08 9.15632e-09 5.2417e-10 0 
0 0.000315794 0.00171536 0.00363323 0.00575335 0.00825657 0.0110647 0.0140202 0.016952 0.01969 0.022078 0.0239863 0.0253212 0.026028 0.0260938 0.0255472 0.0244544 0.0229082 0.0210167 0.0188952 0.0166576 0.0144094 0.012241 0.0102249 0.00841469 0.00684571 0.00553554 0.00447042 0.00356233 0.00263823 0.00162798 0.000762341 0.000266824 7.3153e-05 1.66072e-05 3.22975e-06 5.41039e-07 7.5842e-08 8.08946e-09 4.70831e-10 0 
0 0.0002521 0.00148652 0.00330054 0.00520809 0.00740134 0.0098607 0.0124507 0.0150203 0.01742 0.0195124 0.0211832 0.0223493 0.0229634 0.0230154 0.0225308 0.0215663 0.0202016 0.0185315 0.0166576 0.0146802 0.0126916 0.010772 0.00898589 0.00738189 0.00599269 0.00483221 0.00387832 0.0030433 0.00219714 0.00132475 0.000616708 0.000218748 6.14441e-05 1.43327e-05 2.86044e-06 4.90402e-07 7.01443e-08 7.61205e-09 4.49547e-10 0 
0 0.000190154 0.00123038 0.00293354 0.00466068 0.00654727 0.00865247 0.0108721 0.0130755 0.0151334 0.0169276 0.0183596 0.0193578 0.0198811 0.0199209 0.0194989 0.018663 0.0174812 0.0160344 0.0144094 0.0126916 0.0109603 0.0092841 0.00771946 0.00630955 0.00508347 0.00405103 0.00319162 0.00244658 0.00174114 0.00106294 0.000515426 0.000192742 5.68278e-05 1.37622e-05 2.82142e-06 4.92849e-07 7.14015e-08 7.81429e-09 4.63904e-10 0 
0 0.000134405 0.000959529 0.00252262 0.00412098 0.00573118 0.00749222 0.0093505 0.0111975 0.0129234 0.0144282 0.0156289 0.0164648 0.0169011 0.0169302 0.0165698 0.0158596 0.0148559 0.0136258 0.012241 0.010772 0.0092841 0.00783431 0.00647007 0.00522922 0.00414014 0.00322 0.00246817 0.00185804 0.00134063 0.00087144 0.000465367 0.000190802 5.99388e-05 1.50215e-05 3.12441e-06 5.47509e-07 7.90941e-08 8.60388e-09 5.06815e-10 0 
0 8.82748e-05 0.000694246 0.00205962 0.00357617 0.00497576 0.0064224 0.00793983 0.00945095 0.0108648 0.0120982 0.0130821 0.0137662 0.0141216 0.0141414 0.0138397 0.0132483 0.0124123 0.0113856 0.0102249 0.00898589 0.00771946 0.00647007 0.00527693 0.0041828 0.00324961 0.00253916 0.00202859 0.00159904 0.00117637 0.000788292 0.000459138 0.000208614 6.98728e-05 1.78808e-05 3.70352e-06 6.39449e-07 9.0707e-08 9.68448e-09 5.60283e-10 0 
0 5.34471e-05 0.000458857 0.00155599 0.00298961 0.00427456 0.00546976 0.0066808 0.00788446 0.00901305 0.00999887 0.0107855 0.0113318 0.011614 0.011626 0.0113784 0.0108959 0.0102134 0.00937208 0.00841469 0.00738189 0.00630955 0.00522922 0.0041828 0.00327709 0.00273235 0.00270581 0.00292782 0.00278374 0.00204465 0.00115616 0.000560882 0.000245959 8.45504e-05 2.16482e-05 4.38759e-06 7.36677e-07 1.01666e-07 1.05842e-08 5.98611e-10 0 
0 2.96346e-05 0.000273411 0.00105716 0.00232727 0.00357521 0.00462704 0.00559503 0.00653033 0.00740521 0.00817072 0.00878214 0.0092063 0.00942378 0.00942919 0.0092301 0.00884484 0.00829927 0.00762308 0.00684571 0.00599269 0.00508347 0.00414014 0.00324961 0.00273235 0.0032131 0.00506566 0.00730905 0.00779272 0.00575476 0.0029292 0.00108162 0.000346175 0.000104398 2.53747e-05 4.91699e-06 7.94766e-07 1.06349e-07 1.07884e-08 5.96707e-10 0 
0 1.49765e-05 0.000145573 0.00063034 0.00161346 0.00279738 0.0038231 0.00466034 0.00539537 0.00605909 0.0066352 0.00709479 0.00741299 0.00757441 0.00757423 0.00741746 0.007117 0.0066908 0.00615818 0.00553554 0.00483221 0.00405103 0.00322 0.00253916 0.00270581 0.00506566 0.0105135 0.0173875 0.0198504 0.0136552 0.00675943 0.00228821 0.000575071 0.000133049 2.81529e-05 5.03276e-06 7.7452e-07 1.00511e-07 9.97107e-09 5.41565e-10 0 
0 6.88085e-06 6.90101e-05 0.000325195 0.000956063 0.00192698 0.0029365 0.00376888 0.00442124 0.00495089 0.00538528 0.00572335 0.00595435 0.00606913 0.00606437 0.00594323 0.0057139 0.00538696 0.00497147 0.00447042 0.00387832 0.00319162 0.00246817 0.00202859 0.00292782 0.00730905 0.0173875 0.0267776 0.0280152 0.0233252 0.0111482 0.00366777 0.000845824 0.000160746 2.85524e-05 4.57425e-06 6.64585e-07 8.39289e-08 8.19759e-09 4.40177e-10 0 
0 2.87235e-06 2.9164e-05 0.000144896 0.000473411 0.00110255 0.00193885 0.00276487 0.00344106 0.00395278 0.0043322 0.00460499 0.00478207 0.00486657 0.00486017 0.00476582 0.00458762 0.00432882 0.00398894 0.00356233 0.0030433 0.00244658 0.00185804 0.00159904 0.00278374 0.00779272 0.0198504 0.0280152 0.0289643 0.0256952 0.0126925 0.00403949 0.00090867 0.000158162 2.46457e-05 3.56368e-06 4.91632e-07 6.09698e-08 5.91909e-09 3.16895e-10 0 
0 1.09034e-06 1.10357e-05 5.61989e-05 0.000196095 0.000509432 0.00102628 0.00167104 0.00231045 0.00284832 0.00325486 0.00353831 0.00371548 0.00379976 0.00379978 0.00372063 0.00356476 0.00333228 0.00302237 0.00263823 0.00219714 0.00174114 0.00134063 0.00117637 0.00204465 0.00575476 0.0136552 0.0233252 0.0256952 0.0188698 0.00909141 0.00299265 0.000672717 0.000114832 1.67941e-05 2.28921e-06 3.08082e-07 3.81492e-08 3.72455e-09 2.00697e-10 0 
0 3.76944e-07 3.76023e-06 1.92099e-05 6.91344e-05 0.000191725 0.000425747 0.000778376 0.00120732 0.00164214 0.00202204 0.0023143 0.00250979 0.0026113 0.00262507 0.00255726 0.00241351 0.00220088 0.00193161 0.00162798 0.00132475 0.00106294 0.00087144 0.000788292 0.00115616 0.0029292 0.00675943 0.0111482 0.0126925 0.00909141 0.00449279 0.00148669 0.000340996 5.94893e-05 8.66059e-06 1.18332e-06 1.62004e-07 2.04679e-08 2.03494e-09 1.11407e-10 0 
0 1.18851e-07 1.15965e-06 5.85758e-06 2.12067e-05 6.05231e-05 0.000141785 0.000279331 0.000472507 0.000701128 0.000932735 0.00113527 0.00128576 0.00137214 0.00139119 0.00134599 0.00124467 0.00110043 0.000931882 0.000762341 0.000616708 0.000515426 0.000465367 0.000459138 0.000560882 0.00108162 0.00228821 0.00366777 0.00403949 0.00299265 0.00148669 0.000501901 0.000120699 2.20983e-05 3.38117e-06 4.93804e-07 7.16825e-08 9.42436e-09 9.64897e-10 5.413e-11 0 
0 3.41948e-08 3.24818e-07 1.60788e-06 5.76532e-06 1.65255e-05 3.95098e-05 8.069e-05 0.000143231 0.000224433 0.000315105 0.000402053 0.000472071 0.000515285 0.000526857 0.000507249 0.000461655 0.000398945 0.00033019 0.000266824 0.000218748 0.000192742 0.000190802 0.000208614 0.000245959 0.000346175 0.000575071 0.000845824 0.00090867 0.000672717 0.000340996 0.000120699 3.09381e-05 6.10915e-06 1.04177e-06 1.7118e-07 2.70166e-08 3.74032e-09 3.97609e-10 2.30169e-11 0 
0 8.96505e-09 8.26973e-08 3.99203e-07 1.40527e-06 3.989e-06 9.53909e-06 1.9683e-05 3.56111e-05 5.72188e-05 8.25758e-05 0.000108141 0.000129702 0.000143598 0.000147723 0.000141996 0.000128262 0.000109729 9.01748e-05 7.3153e-05 6.14441e-05 5.68278e-05 5.99388e-05 6.98728e-05 8.45504e-05 0.000104398 0.000133049 0.000160746 0.000158162 0.000114832 5.94893e-05 2.20983e-05 6.10915e-06 1.36164e-06 2.71504e-07 5.10806e-08 8.78609e-09 1.28538e-09 1.42596e-10 8.56239e-12 0 
0 2.13198e-09 1.90781e-08 8.96006e-08 3.08271e-07 8.60233e-07 2.03553e-06 4.18375e-06 7.58551e-06 1.2272e-05 1.78838e-05 2.36696e-05 2.86598e-05 3.19537e-05 3.29975e-05 3.17441e-05 2.86437e-05 2.44911e-05 2.02018e-05 1.66072e-05 1.43327e-05 1.37622e-05 1.50215e-05 1.78808e-05 2.16482e-05 2.53747e-05 2.81529e-05 2.85524e-05 2.46457e-05 1.67941e-05 8.66059e-06 3.38117e-06 1.04177e-06 2.71504e-07 6.33972e-08 1.33871e-08 2.48086e-09 3.83145e-10 4.44788e-11 2.78007e-12 0 
0 4.55201e-10 3.95157e-09 1.8043e-08 6.05575e-08 1.65553e-07 3.85606e-07 7.83912e-07 1.41214e-06 2.27854e-06 3.32116e-06 4.40438e-06 5.34772e-06 5.97883e-06 6.18884e-06 5.96635e-06 5.39776e-06 4.63708e-06 3.86127e-06 3.22975e-06 2.86044e-06 2.82142e-06 3.12441e-06 3.70352e-06 4.38759e-06 4.91699e-06 5.03276e-06 4.57425e-06 3.56368e-06 2.28921e-06 1.18332e-06 4.93804e-07 1.7118e-07 5.10806e-08 1.33871e-08 3.07363e-09 6.06296e-10 9.86523e-11 1.19977e-11 7.82108e-13 0 
0 8.54648e-11 7.20213e-10 3.1981e-09 1.04672e-08 2.79992e-08 6.40514e-08 1.28381e-07 2.28854e-07 3.66623e-07 5.32038e-07 7.04004e-07 8.54284e-07 9.55687e-07 9.90853e-07 9.57856e-07 8.70438e-07 7.53295e-07 6.34925e-07 5.41039e-07 4.90402e-07 4.92849e-07 5.47509e-07 6.39449e-07 7.36677e-07 7.94766e-07 7.7452e-07 6.64585e-07 4.91632e-07 3.08082e-07 1.62004e-07 7.16825e-08 2.70166e-08 8.78609e-09 2.48086e-09 6.06296e-10 1.26338e-10 2.1615e-11 2.75359e-12 1.87341e-13 0 
0 1.35119e-11 1.10659e-10 4.78307e-10 1.52738e-09 3.99766e-09 8.97645e-09 1.77179e-08 3.12031e-08 4.95318e-08 7.14156e-08 9.41073e-08 1.1395e-07 1.27424e-07 1.32278e-07 1.28264e-07 1.17185e-07 1.02296e-07 8.73753e-08 7.5842e-08 7.01443e-08 7.14015e-08 7.90941e-08 9.0707e-08 1.01666e-07 1.06349e-07 1.00511e-07 8.39289e-08 6.09698e-08 3.81492e-08 2.04679e-08 9.42436e-09 3.74032e-09 1.28538e-09 3.83145e-10 9.86523e-11 2.1615e-11 3.87979e-12 5.17177e-13 3.67112e-14 0 
0 1.62309e-12 1.29362e-11 5.44975e-11 1.69968e-10 4.35575e-10 9.60285e-10 1.86638e-09 3.24578e-09 5.10189e-09 7.30257e-09 9.57534e-09 1.15615e-08 1.29176e-08 1.34245e-08 1.30593e-08 1.20012e-08 1.05742e-08 9.15632e-09 8.08946e-09 7.61205e-09 7.81429e-09 8.60388e-09 9.68448e-09 1.05842e-08 1.07884e-08 9.97107e-09 8.19759e-09 5.91909e-09 3.72455e-09 2.03494e-09 9.64897e-10 3.97609e-10 1.42596e-10 4.44788e-11 1.19977e-11 2.75359e-12 5.17177e-13 7.20097e-14 5.32744e-15 0 
0 1.05804e-13 8.21918e-13 3.37974e-12 1.03083e-11 2.58926e-11 5.60896e-11 1.07392e-10 1.84466e-10 2.8711e-10 4.07905e-10 5.32091e-10 6.40503e-10 7.14912e-10 7.43764e-10 7.25965e-10 6.71234e-10 5.9713e-10 5.2417e-10 4.70831e-10 4.49547e-10 4.63904e-10 5.06815e-10 5.60283e-10 5.98611e-10 5.96707e-10 5.41565e-10 4.40177e-10 3.16895e-10 2.00697e-10 1.11407e-10 5.413e-11 2.30169e-11 8.56239e-12 2.78007e-12 7.82108e-13 1.87341e-13 3.67112e-14 5.32744e-15 4.10149e-16 0 
0 0 0 0 0 0 0 0 0 0 0 0 0 0 0 0 0 0 0 0 0 0 0 0 0 0 0 0 0 0 0 0 0 0 0 0 0 0 0 0 0 
