0 0 0 0 0 0 0 0 0 0 0 0 0 0 0 0 0 0 0 0 0 0 0 0 0 0 0 0 0 0 0 0 0 0 0 0 0 0 0 0 0 
0 1.12138e-07 9.58196e-07 3.88524e-06 1.03589e-05 2.04573e-05 3.24034e-05 4.38967e-05 5.3466e-05 6.06948e-05 6.57939e-05 6.91718e-05 7.12053e-05 7.21661e-05 7.22208e-05 7.14508e-05 6.98686e-05 6.74291e-05 6.40421e-05 5.95987e-05 5.40194e-05 4.73231e-05 3.96991e-05 3.15509e-05 2.34751e-05 1.61494e-05 1.01484e-05 5.76428e-06 2.93604e-06 1.33492e-06 5.41006e-07 1.95581e-07 6.31651e-08 1.82348e-08 4.69468e-09 1.0695e-09 2.11637e-10 3.49079e-11 4.33852e-12 2.90663e-13 0 
0 9.58196e-07 8.13788e-06 3.05277e-05 6.94728e-05 0.000110897 0.00014077 0.000157612 0.000166763 0.000172834 0.000177853 0.000182141 0.000185353 0.000187088 0.000187133 0.000185539 0.000182593 0.00017875 0.00017451 0.000170229 0.000165873 0.000160755 0.000153403 0.000141796 0.000124215 0.000100568 7.33811e-05 4.72207e-05 2.64035e-05 1.27486e-05 5.32428e-06 1.93652e-06 6.18545e-07 1.74659e-07 4.37032e-08 9.64567e-09 1.84732e-09 2.95003e-10 3.55396e-11 2.31182e-12 0 
0 3.88524e-06 3.05277e-05 9.43554e-05 0.000162876 0.000201035 0.000218473 0.000233767 0.000252963 0.000274554 0.000295474 0.000313195 0.000326039 0.000333074 0.000334 0.000329056 0.000318941 0.00030474 0.000287859 0.000269972 0.000252951 0.000238673 0.00022853 0.000222446 0.000217568 0.000207595 0.000184778 0.000145876 9.77884e-05 5.42402e-05 2.47841e-05 9.44363e-06 3.05917e-06 8.57672e-07 2.10445e-07 4.52517e-08 8.4199e-09 1.30557e-09 1.52828e-10 9.67335e-12 0 
0 1.03589e-05 6.94728e-05 0.000162876 0.000218249 0.000245892 0.000279705 0.000324439 0.000373813 0.000422041 0.000465046 0.000499919 0.000524669 0.00053816 0.000540099 0.000530973 0.000511948 0.000484729 0.000451402 0.000414283 0.000375823 0.000338602 0.000305427 0.000279341 0.000262969 0.000256319 0.000253097 0.000238886 0.000198907 0.000135733 7.28647e-05 3.07612e-05 1.04901e-05 2.98722e-06 7.28584e-07 1.5393e-07 2.79855e-08 4.23124e-09 4.82893e-10 2.9827e-11 0 
0 2.04573e-05 0.000110897 0.000201035 0.000245892 0.000297335 0.000367731 0.000447613 0.00052889 0.000605688 0.000673228 0.000727661 0.000766192 0.000787203 0.000790293 0.000776223 0.000746759 0.000704456 0.0006524 0.00059394 0.000532449 0.000471154 0.000413092 0.000361285 0.000319155 0.000290608 0.000278038 0.000276429 0.000266758 0.000223822 0.000147544 7.28637e-05 2.73127e-05 8.12528e-06 2.00362e-06 4.20266e-07 7.5174e-08 1.11385e-08 1.24429e-09 7.52521e-11 0 
0 3.24034e-05 0.00014077 0.000218473 0.000279705 0.000367731 0.000474669 0.000589579 0.000704491 0.000812394 0.000907029 0.000983213 0.00103722 0.00106692 0.00107138 0.00105146 0.00101007 0.000950868 0.000877974 0.000795936 0.000709325 0.000622416 0.000538995 0.000462322 0.000395377 0.000341539 0.000305216 0.000289813 0.000289246 0.000277367 0.000221769 0.0001318 5.63609e-05 1.8025e-05 4.57643e-06 9.63759e-07 1.70859e-07 2.49424e-08 2.73895e-09 1.62764e-10 0 
0 4.38967e-05 0.000157612 0.000233767 0.000324439 0.000447613 0.000589579 0.00074002 0.000889837 0.00103029 0.00115384 0.00126001 0.00135675 0.00142296 0.001435 0.00139064 0.00130682 0.00121309 0.00111553 0.00100854 0.000895632 0.000782079 0.000672625 0.000571173 0.000480833 0.000404324 0.000344986 0.000307679 0.000295314 0.000295707 0.000270815 0.000191908 9.54039e-05 3.35509e-05 8.91646e-06 1.9053e-06 3.37144e-07 4.87414e-08 5.28309e-09 3.09576e-10 0 
0 5.3466e-05 0.000166763 0.000252963 0.000373813 0.00052889 0.000704491 0.000889837 0.00107419 0.00124824 0.00143104 0.001638 0.00177153 0.00182778 0.00183646 0.00180372 0.00171541 0.00155109 0.00136554 0.00122015 0.0010805 0.000940578 0.000805485 0.000679851 0.000567195 0.000470124 0.000391035 0.00033361 0.000303166 0.000298589 0.000293023 0.000238604 0.000137398 5.37333e-05 1.51237e-05 3.30703e-06 5.8757e-07 8.45086e-08 9.07558e-09 5.26116e-10 0 
0 6.06948e-05 0.000172834 0.000274554 0.000422041 0.000605688 0.000812394 0.00103029 0.00124824 0.00149679 0.00177699 0.00191193 0.00197641 0.00200611 0.00201089 0.00199276 0.00194814 0.00186415 0.0016932 0.00143922 0.00125397 0.00108863 0.000929636 0.000781554 0.000648353 0.000532767 0.000436759 0.00036278 0.000315573 0.000299153 0.000299277 0.000267665 0.000174842 7.59122e-05 2.27393e-05 5.11448e-06 9.16314e-07 1.31587e-07 1.40464e-08 8.0791e-10 0 
0 6.57939e-05 0.000177853 0.000295474 0.000465046 0.000673228 0.000907029 0.00115384 0.00143104 0.00177699 0.001947 0.00203023 0.00207602 0.00209829 0.0021019 0.00208804 0.0020551 0.00199745 0.00189912 0.00170483 0.00142053 0.00121818 0.00103789 0.000870274 0.000719264 0.000587776 0.000477611 0.000390436 0.00032981 0.000301225 0.000299139 0.000282681 0.000203517 9.6899e-05 3.08183e-05 7.13842e-06 1.29249e-06 1.85784e-07 1.97623e-08 1.13057e-09 0 
0 6.91718e-05 0.000182141 0.000313195 0.000499919 0.000727661 0.000983213 0.00126001 0.001638 0.00191193 0.00203023 0.00209641 0.00213487 0.00215398 0.00215706 0.00214501 0.0021168 0.00206893 0.00199264 0.00186292 0.00160113 0.00132604 0.00112435 0.000941051 0.000775848 0.000631744 0.000510489 0.000413301 0.000342758 0.000304318 0.000297359 0.000289038 0.000222819 0.000114152 3.82171e-05 9.09244e-06 1.66399e-06 2.39731e-07 2.54585e-08 1.45153e-09 0 
0 7.12053e-05 0.000185353 0.000326039 0.000524669 0.000766192 0.00103722 0.00135675 0.00177153 0.00197641 0.00207602 0.00213487 0.00216985 0.00218738 0.00219016 0.00217894 0.00215296 0.00210951 0.0020422 0.00193455 0.00173025 0.00141505 0.00118488 0.000990266 0.000815146 0.000662252 0.000533317 0.000429312 0.000352177 0.000306948 0.000295455 0.000290794 0.000234077 0.000126239 4.39129e-05 1.06691e-05 1.97022e-06 2.84594e-07 3.02098e-08 1.71935e-09 0 
0 7.21661e-05 0.000187088 0.000333074 0.00053816 0.000787203 0.00106692 0.00142296 0.00182778 0.00200611 0.00209829 0.00215398 0.00218738 0.00220416 0.00220673 0.0021958 0.00217071 0.00212908 0.00206538 0.00196604 0.00178756 0.00147166 0.00121698 0.00101584 0.000835444 0.000677896 0.000544908 0.000437326 0.00035675 0.000307876 0.00029356 0.000290231 0.000238951 0.000132659 4.7207e-05 1.16201e-05 2.15881e-06 3.12519e-07 3.31844e-08 1.88762e-09 0 
0 7.22208e-05 0.000187133 0.000334 0.000540099 0.000790293 0.00107138 0.001435 0.00183646 0.00201089 0.0021019 0.00215706 0.00219016 0.00220673 0.00220915 0.00219813 0.002173 0.00213143 0.00206802 0.0019696 0.00179447 0.00147904 0.00121928 0.00101727 0.000836307 0.000678285 0.00054489 0.000436928 0.000355908 0.000306403 0.000291433 0.000288312 0.000238606 0.000133447 4.77898e-05 1.18123e-05 2.19969e-06 3.18852e-07 3.38826e-08 1.92826e-09 0 
0 7.14508e-05 0.000185539 0.000329056 0.000530973 0.000776223 0.00105146 0.00139064 0.00180372 0.00199276 0.00208804 0.00214501 0.00217894 0.0021958 0.00219813 0.00218665 0.00216062 0.00211751 0.00205142 0.00194748 0.00175655 0.00143585 0.00119276 0.000995558 0.000818497 0.000663964 0.000533621 0.000428302 0.000349644 0.000302325 0.000288815 0.000285094 0.000233461 0.00012888 4.57199e-05 1.12484e-05 2.09188e-06 3.03329e-07 3.22686e-08 1.83898e-09 0 
0 6.98686e-05 0.000182593 0.000318941 0.000511948 0.000746759 0.00101007 0.00130682 0.00171541 0.00194814 0.0020551 0.0021168 0.00215296 0.00217071 0.002173 0.00216062 0.00213267 0.00208608 0.00201347 0.00189502 0.00166182 0.00135563 0.0011411 0.000953008 0.000783787 0.000636251 0.000512033 0.000412072 0.000338346 0.00029576 0.000285373 0.000279863 0.00022324 0.000119384 4.13716e-05 1.00556e-05 1.86181e-06 2.69879e-07 2.87549e-08 1.64262e-09 0 
0 6.74291e-05 0.00017875 0.00030474 0.000484729 0.000704456 0.000950868 0.00121309 0.00155109 0.00186415 0.00199745 0.00206893 0.00210951 0.00212908 0.00213143 0.00211751 0.00208608 0.00203285 0.00194683 0.00179435 0.00150417 0.00125981 0.00106869 0.000892875 0.000734695 0.000597011 0.000481437 0.000389124 0.000322586 0.000286851 0.000280338 0.000271007 0.000207198 0.00010562 3.53739e-05 8.44938e-06 1.5547e-06 2.25275e-07 2.40588e-08 1.37921e-09 0 
0 6.40421e-05 0.00017451 0.000287859 0.000451402 0.0006524 0.000877974 0.00111553 0.00136554 0.0016932 0.00189912 0.00199264 0.0020422 0.00206538 0.00206802 0.00205142 0.00201347 0.00194683 0.00183044 0.00159674 0.00134045 0.00115366 0.000980167 0.000819016 0.000674176 0.000548381 0.000443276 0.000360356 0.000302796 0.000275199 0.000271798 0.000255834 0.00018459 8.86663e-05 2.8533e-05 6.68448e-06 1.2223e-06 1.77202e-07 1.89936e-08 1.09424e-09 0 
0 5.95987e-05 0.000170229 0.000269972 0.000414283 0.00059394 0.000795936 0.00100854 0.00122015 0.00143922 0.00170483 0.00186292 0.00193455 0.00196604 0.0019696 0.00194748 0.00189502 0.00179435 0.00159674 0.00136967 0.00119873 0.00103654 0.000880547 0.000735524 0.00060531 0.0004925 0.000398853 0.000326348 0.00027866 0.00025881 0.000255739 0.000230834 0.000155504 7.01625e-05 2.17203e-05 5.00228e-06 9.11057e-07 1.32414e-07 1.42706e-08 8.27604e-10 0 
0 5.40194e-05 0.000165873 0.000252951 0.000375823 0.000532449 0.000709325 0.000895632 0.0010805 0.00125397 0.00142053 0.00160113 0.00173025 0.00178756 0.00179447 0.00175655 0.00166182 0.00150417 0.00134045 0.00119873 0.00105602 0.000912964 0.000774876 0.000646396 0.000531027 0.000431261 0.000349051 0.000286816 0.000247936 0.000232568 0.000225776 0.000193319 0.000121949 5.22452e-05 1.57243e-05 3.58605e-06 6.53443e-07 9.54813e-08 1.03663e-08 6.06001e-10 0 
0 4.73231e-05 0.000160755 0.000238673 0.000338602 0.000471154 0.000622416 0.000782079 0.000940578 0.00108863 0.00121818 0.00132604 0.00141505 0.00147166 0.00147904 0.00143585 0.00135563 0.00125981 0.00115366 0.00103654 0.000912964 0.00078842 0.000667847 0.000555301 0.00045394 0.000366183 0.000294113 0.000239931 0.000205453 0.000188771 0.000176831 0.000145207 8.8437e-05 3.71141e-05 1.10928e-05 2.53376e-06 4.64328e-07 6.83462e-08 7.47803e-09 4.40495e-10 0 
0 3.96991e-05 0.000153403 0.00022853 0.000305427 0.000413092 0.000538995 0.000672625 0.000805485 0.000929636 0.00103789 0.00112435 0.00118488 0.00121698 0.00121928 0.00119276 0.0011411 0.00106869 0.000980167 0.000880547 0.000774876 0.000667847 0.000563561 0.00046546 0.000376401 0.000298866 0.000234876 0.000185419 0.000150461 0.000129224 0.000116209 9.62134e-05 6.06143e-05 2.62672e-05 8.01801e-06 1.85362e-06 3.42091e-07 5.05932e-08 5.55618e-09 3.28321e-10 0 
0 3.15509e-05 0.000141796 0.000222446 0.000279341 0.000361285 0.000462322 0.000571173 0.000679851 0.000781554 0.000870274 0.000941051 0.000990266 0.00101584 0.00101727 0.000995558 0.000953008 0.000892875 0.000819016 0.000735524 0.000646396 0.000555301 0.00046546 0.000379775 0.000301461 0.000234863 0.000184051 0.000147531 0.000117498 9.03057e-05 7.11005e-05 5.91957e-05 4.15799e-05 1.97695e-05 6.3148e-06 1.48007e-06 2.73021e-07 4.01644e-08 4.38311e-09 2.57433e-10 0 
0 2.34751e-05 0.000124215 0.000217568 0.000262969 0.000319155 0.000395377 0.000480833 0.000567195 0.000648353 0.000719264 0.000775848 0.000815146 0.000835444 0.000836307 0.000818497 0.000783787 0.000734695 0.000674176 0.00060531 0.000531027 0.00045394 0.000376401 0.000301461 0.000236422 0.000196873 0.000194711 0.000210628 0.000200262 0.00014716 8.40389e-05 4.61284e-05 3.04542e-05 1.62382e-05 5.51283e-06 1.30224e-06 2.36989e-07 3.42211e-08 3.66774e-09 2.11978e-10 0 
0 1.61494e-05 0.000100568 0.000207595 0.000256319 0.000290608 0.000341539 0.000404324 0.000470124 0.000532767 0.000587776 0.000631744 0.000662252 0.000677896 0.000678285 0.000663964 0.000636251 0.000597011 0.000548381 0.0004925 0.000431261 0.000366183 0.000298866 0.000234863 0.000196873 0.000231146 0.000364405 0.000661069 0.000797464 0.000433245 0.000210714 7.81921e-05 2.91777e-05 1.42005e-05 5.06579e-06 1.19852e-06 2.13231e-07 2.99801e-08 3.1354e-09 1.77395e-10 0 
0 1.01484e-05 7.33811e-05 0.000184778 0.000253097 0.000278038 0.000305216 0.000344986 0.000391035 0.000436759 0.000477611 0.000510489 0.000533317 0.000544908 0.00054489 0.000533621 0.000512033 0.000481437 0.000443276 0.000398853 0.000349051 0.000294113 0.000234876 0.000184051 0.000194711 0.000364405 0.000939178 0.00135276 0.00138431 0.00125569 0.000504786 0.00016461 4.23334e-05 1.35459e-05 4.60536e-06 1.07406e-06 1.86018e-07 2.54548e-08 2.60012e-09 1.44196e-10 0 
0 5.76428e-06 4.72207e-05 0.000145876 0.000238886 0.000276429 0.000289813 0.000307679 0.00033361 0.00036278 0.000390436 0.000413301 0.000429312 0.000437326 0.000436928 0.000428302 0.000412072 0.000389124 0.000360356 0.000326348 0.000286816 0.000239931 0.000185419 0.000147531 0.000210628 0.000661069 0.00135276 0.00147561 0.00148999 0.00142811 0.00111258 0.000265197 6.1083e-05 1.38886e-05 3.98961e-06 8.8717e-07 1.49018e-07 1.99381e-08 2.00163e-09 1.09456e-10 0 
0 2.93604e-06 2.64035e-05 9.77884e-05 0.000198907 0.000266758 0.000289246 0.000295314 0.000303166 0.000315573 0.00032981 0.000342758 0.000352177 0.00035675 0.000355908 0.000349644 0.000338346 0.000322586 0.000302796 0.00027866 0.000247936 0.000205453 0.000150461 0.000117498 0.000200262 0.000797464 0.00138431 0.00148999 0.00150473 0.00145421 0.00125185 0.000312301 6.54991e-05 1.29649e-05 3.14611e-06 6.49506e-07 1.05707e-07 1.39398e-08 1.38824e-09 7.54925e-11 0 
0 1.33492e-06 1.27486e-05 5.42402e-05 0.000135733 0.000223822 0.000277367 0.000295707 0.000298589 0.000299153 0.000301225 0.000304318 0.000306948 0.000307876 0.000306403 0.000302325 0.00029576 0.000286851 0.000275199 0.00025881 0.000232568 0.000188771 0.000129224 9.03057e-05 0.00014716 0.000433245 0.00125569 0.00142811 0.00145421 0.00136512 0.00082822 0.000215275 4.86032e-05 9.57393e-06 2.11718e-06 4.07756e-07 6.48722e-08 8.53017e-09 8.51955e-10 4.65149e-11 0 
0 5.41006e-07 5.32428e-06 2.47841e-05 7.28647e-05 0.000147544 0.000221769 0.000270815 0.000293023 0.000299277 0.000299139 0.000297359 0.000295455 0.00029356 0.000291433 0.000288815 0.000285373 0.000280338 0.000271798 0.000255739 0.000225776 0.000176831 0.000116209 7.11005e-05 8.40389e-05 0.000210714 0.000504786 0.00111258 0.00125185 0.00082822 0.000323187 0.000106961 2.50519e-05 5.38268e-06 1.15522e-06 2.14233e-07 3.40005e-08 4.52296e-09 4.58226e-10 2.53595e-11 0 
0 1.95581e-07 1.93652e-06 9.44363e-06 3.07612e-05 7.28637e-05 0.0001318 0.000191908 0.000238604 0.000267665 0.000282681 0.000289038 0.000290794 0.000290231 0.000288312 0.000285094 0.000279863 0.000271007 0.000255834 0.000230834 0.000193319 0.000145207 9.62134e-05 5.91957e-05 4.61284e-05 7.81921e-05 0.00016461 0.000265197 0.000312301 0.000215275 0.000106961 3.63866e-05 9.60207e-06 2.33178e-06 5.02066e-07 9.34815e-08 1.51702e-08 2.07147e-09 2.15134e-10 1.21743e-11 0 
0 6.31651e-08 6.18545e-07 3.05917e-06 1.04901e-05 2.73127e-05 5.63609e-05 9.54039e-05 0.000137398 0.000174842 0.000203517 0.000222819 0.000234077 0.000238951 0.000238606 0.000233461 0.00022324 0.000207198 0.00018459 0.000155504 0.000121949 8.8437e-05 6.06143e-05 4.15799e-05 3.04542e-05 2.91777e-05 4.23334e-05 6.1083e-05 6.54991e-05 4.86032e-05 2.50519e-05 9.60207e-06 3.01731e-06 7.93691e-07 1.76366e-07 3.41966e-08 5.78689e-09 8.20424e-10 8.80965e-11 5.13494e-12 0 
0 1.82348e-08 1.74659e-07 8.57672e-07 2.98722e-06 8.12528e-06 1.8025e-05 3.35509e-05 5.37333e-05 7.59122e-05 9.6899e-05 0.000114152 0.000126239 0.000132659 0.000133447 0.00012888 0.000119384 0.00010562 8.86663e-05 7.01625e-05 5.22452e-05 3.71141e-05 2.62672e-05 1.97695e-05 1.62382e-05 1.42005e-05 1.35459e-05 1.38886e-05 1.29649e-05 9.57393e-06 5.38268e-06 2.33178e-06 7.93691e-07 2.19645e-07 5.17798e-08 1.06633e-08 1.90054e-09 2.81723e-10 3.14693e-11 1.89984e-12 0 
0 4.69468e-09 4.37032e-08 2.10445e-07 7.28584e-07 2.00362e-06 4.57643e-06 8.91646e-06 1.51237e-05 2.27393e-05 3.08183e-05 3.82171e-05 4.39129e-05 4.7207e-05 4.77898e-05 4.57199e-05 4.13716e-05 3.53739e-05 2.8533e-05 2.17203e-05 1.57243e-05 1.10928e-05 8.01801e-06 6.3148e-06 5.51283e-06 5.06579e-06 4.60536e-06 3.98961e-06 3.14611e-06 2.11718e-06 1.15522e-06 5.02066e-07 1.76366e-07 5.17798e-08 1.30807e-08 2.86902e-09 5.39826e-10 8.39534e-11 9.79239e-12 6.14638e-13 0 
0 1.0695e-09 9.64567e-09 4.52517e-08 1.5393e-07 4.20266e-07 9.63759e-07 1.9053e-06 3.30703e-06 5.11448e-06 7.13842e-06 9.09244e-06 1.06691e-05 1.16201e-05 1.18123e-05 1.12484e-05 1.00556e-05 8.44938e-06 6.68448e-06 5.00228e-06 3.58605e-06 2.53376e-06 1.85362e-06 1.48007e-06 1.30224e-06 1.19852e-06 1.07406e-06 8.8717e-07 6.49506e-07 4.07756e-07 2.14233e-07 9.34815e-08 3.41966e-08 1.06633e-08 2.86902e-09 6.67028e-10 1.32364e-10 2.16198e-11 2.63803e-12 1.72527e-13 0 
0 2.11637e-10 1.84732e-09 8.4199e-09 2.79855e-08 7.5174e-08 1.70859e-07 3.37144e-07 5.8757e-07 9.16314e-07 1.29249e-06 1.66399e-06 1.97022e-06 2.15881e-06 2.19969e-06 2.09188e-06 1.86181e-06 1.5547e-06 1.2223e-06 9.11057e-07 6.53443e-07 4.64328e-07 3.42091e-07 2.73021e-07 2.36989e-07 2.13231e-07 1.86018e-07 1.49018e-07 1.05707e-07 6.48722e-08 3.40005e-08 1.51702e-08 5.78689e-09 1.90054e-09 5.39826e-10 1.32364e-10 2.76449e-11 4.7399e-12 6.05197e-13 4.12747e-14 0 
0 3.49079e-11 2.95003e-10 1.30557e-09 4.23124e-09 1.11385e-08 2.49424e-08 4.87414e-08 8.45086e-08 1.31587e-07 1.85784e-07 2.39731e-07 2.84594e-07 3.12519e-07 3.18852e-07 3.03329e-07 2.69879e-07 2.25275e-07 1.77202e-07 1.32414e-07 9.54813e-08 6.83462e-08 5.05932e-08 4.01644e-08 3.42211e-08 2.99801e-08 2.54548e-08 1.99381e-08 1.39398e-08 8.53017e-09 4.52296e-09 2.07147e-09 8.20424e-10 2.81723e-10 8.39534e-11 2.16198e-11 4.7399e-12 8.51689e-13 1.13692e-13 8.0842e-15 0 
0 4.33852e-12 3.55396e-11 1.52828e-10 4.82893e-10 1.24429e-09 2.73895e-09 5.28309e-09 9.07558e-09 1.40464e-08 1.97623e-08 2.54585e-08 3.02098e-08 3.31844e-08 3.38826e-08 3.22686e-08 2.87549e-08 2.40588e-08 1.89936e-08 1.42706e-08 1.03663e-08 7.47803e-09 5.55618e-09 4.38311e-09 3.66774e-09 3.1354e-09 2.60012e-09 2.00163e-09 1.38824e-09 8.51955e-10 4.58226e-10 2.15134e-10 8.80965e-11 3.14693e-11 9.79239e-12 2.63803e-12 6.05197e-13 1.13692e-13 1.58414e-14 1.17326e-15 0 
0 2.90663e-13 2.31182e-12 9.67335e-12 2.9827e-11 7.52521e-11 1.62764e-10 3.09576e-10 5.26116e-10 8.0791e-10 1.13057e-09 1.45153e-09 1.71935e-09 1.88762e-09 1.92826e-09 1.83898e-09 1.64262e-09 1.37921e-09 1.09424e-09 8.27604e-10 6.06001e-10 4.40495e-10 3.28321e-10 2.57433e-10 2.11978e-10 1.77395e-10 1.44196e-10 1.09456e-10 7.54925e-11 4.65149e-11 2.53595e-11 1.21743e-11 5.13494e-12 1.89984e-12 6.14638e-13 1.72527e-13 4.12747e-14 8.0842e-15 1.17326e-15 9.03753e-17 0 
0 0 0 0 0 0 0 0 0 0 0 0 0 0 0 0 0 0 0 0 0 0 0 0 0 0 0 0 0 0 0 0 0 0 0 0 0 0 0 0 0 
