0 0 0 0 0 0 0 0 0 0 0 0 0 0 0 0 0 0 0 0 0 0 0 0 0 0 0 0 0 0 0 0 0 0 0 0 0 0 0 0 0 
0 6.47329e-08 5.98145e-07 2.83389e-06 9.56872e-06 2.54582e-05 5.59239e-05 0.000104527 0.000170334 0.000247284 0.000325934 0.000396236 0.000449814 0.000481136 0.000487781 0.00047022 0.000431399 0.000376239 0.000311042 0.000242721 0.000177848 0.000121659 7.725e-05 4.52991e-05 2.4433e-05 1.20902e-05 5.48237e-06 2.27847e-06 8.68766e-07 3.04353e-07 9.81025e-08 2.91192e-08 7.95692e-09 1.99705e-09 4.57832e-10 9.48089e-11 1.73543e-11 2.68664e-12 3.17169e-13 2.03804e-14 0 
0 5.98145e-07 5.75525e-06 2.8094e-05 9.60051e-05 0.000252614 0.000535757 0.000947885 0.00144556 0.0019603 0.00242844 0.00280697 0.00307358 0.00322033 0.00324776 0.0031614 0.00297036 0.00268744 0.0023303 0.00192301 0.00149669 0.00108734 0.000729578 0.000447846 0.000249723 0.000126002 5.74941e-05 2.37706e-05 8.93573e-06 3.06619e-06 9.63801e-07 2.7823e-07 7.38369e-08 1.79895e-08 4.00434e-09 8.05697e-10 1.43442e-10 2.16253e-11 2.48954e-12 1.56217e-13 0 
0 2.83389e-06 2.8094e-05 0.000138474 0.00046256 0.00114421 0.0022047 0.0034807 0.0047453 0.00584736 0.00673123 0.00739093 0.007834 0.00806909 0.0081054 0.0079541 0.00762847 0.00714241 0.00650849 0.00573818 0.00484745 0.0038692 0.00286722 0.00193576 0.00117128 0.000628505 0.000298188 0.000125532 4.72469e-05 1.60355e-05 4.94563e-06 1.39401e-06 3.60251e-07 8.53703e-08 1.84798e-08 3.61766e-09 6.27222e-10 9.21968e-11 1.03624e-11 6.35726e-13 0 
0 9.56872e-06 9.60051e-05 0.00046256 0.00143601 0.0031447 0.00524797 0.00727603 0.00902165 0.0104796 0.0116744 0.0126042 0.0132517 0.0136019 0.0136527 0.0134178 0.0129249 0.012212 0.0113199 0.0102834 0.00912093 0.00782967 0.00639916 0.00485646 0.00332022 0.00198899 0.00102704 0.000456455 0.000176402 6.01916e-05 1.84024e-05 5.09797e-06 1.28865e-06 2.97995e-07 6.2892e-08 1.20048e-08 2.0308e-09 2.91558e-10 3.20454e-11 1.92504e-12 0 
0 2.54582e-05 0.000252614 0.00114421 0.0031447 0.0059141 0.00867313 0.0111271 0.0133332 0.0153227 0.0170464 0.0184292 0.0194065 0.0199391 0.0200175 0.0196609 0.0189139 0.0178408 0.0165179 0.0150251 0.013434 0.0117911 0.0100972 0.00830072 0.00635189 0.00433449 0.00253126 0.00123703 0.000507241 0.000177958 5.47039e-05 1.50277e-05 3.73766e-06 8.47022e-07 1.74873e-07 3.26374e-08 5.39999e-09 7.58845e-10 8.17241e-11 4.81605e-12 0 
0 5.59239e-05 0.000535757 0.0022047 0.00524797 0.00867313 0.0118653 0.0149031 0.0178394 0.0205771 0.022975 0.0249044 0.0262692 0.0270134 0.0271234 0.0266262 0.0255837 0.0240855 0.022239 0.0201602 0.0179631 0.0157484 0.0135855 0.0114813 0.00935042 0.00706892 0.00468928 0.00258886 0.00116282 0.000430305 0.000135282 3.72494e-05 9.17943e-06 2.04865e-06 4.15331e-07 7.60326e-08 1.23379e-08 1.70129e-09 1.79931e-10 1.04234e-11 0 
0 0.000104527 0.000947885 0.0034807 0.00727603 0.0111271 0.0149031 0.0187414 0.0225394 0.0260971 0.0292141 0.0317211 0.0334938 0.0344599 0.0346021 0.0339555 0.0326005 0.0306528 0.0282514 0.0255464 0.0226863 0.0198087 0.0170282 0.014419 0.0119734 0.00955502 0.0069789 0.00434533 0.00217829 0.000869526 0.000284467 7.94064e-05 1.95321e-05 4.31531e-06 8.62554e-07 1.55406e-07 2.48061e-08 3.36529e-09 3.50375e-10 1.99972e-11 0 
0 0.000170334 0.00144556 0.0047453 0.00902165 0.0133332 0.0178394 0.0225394 0.0272089 0.0315827 0.0354131 0.0384926 0.0406689 0.0418537 0.0420263 0.04123 0.0395634 0.0371685 0.0342157 0.0308885 0.0273688 0.023825 0.0204019 0.0172113 0.0143094 0.0116398 0.00898254 0.00614598 0.00343326 0.0014971 0.000516809 0.000147768 3.65351e-05 8.03075e-06 1.58889e-06 2.82694e-07 4.45208e-08 5.95861e-09 6.12256e-10 3.45073e-11 0 
0 0.000247284 0.0019603 0.00584736 0.0104796 0.0153227 0.0205771 0.0260971 0.0315827 0.0367191 0.0412158 0.0448292 0.047381 0.0487683 0.0489673 0.048029 0.0460696 0.0432555 0.0397865 0.0358774 0.0317412 0.0275748 0.0235478 0.0197951 0.0164067 0.0133915 0.0105947 0.00770876 0.0047138 0.00224461 0.000823579 0.000242993 6.07319e-05 1.33393e-05 2.62183e-06 4.62129e-07 7.20188e-08 9.53532e-09 9.69407e-10 5.4083e-11 0 
0 0.000325934 0.00242844 0.00673123 0.0116744 0.0170464 0.022975 0.0292141 0.0354131 0.0412158 0.0462936 0.050372 0.0532498 0.0548117 0.0550312 0.0539665 0.0517492 0.0485673 0.0446464 0.0402285 0.0355539 0.030844 0.0262899 0.0220439 0.0182141 0.0148457 0.0118517 0.00893092 0.00583539 0.00300072 0.00116944 0.000357143 9.05509e-05 1.99391e-05 3.90518e-06 6.83922e-07 1.05765e-07 1.389e-08 1.40076e-09 7.75426e-11 0 
0 0.000396236 0.00280697 0.00739093 0.0126042 0.0184292 0.0249044 0.0317211 0.0384926 0.0448292 0.050372 0.0548213 0.0579581 0.059657 0.0598899 0.058721 0.0562943 0.0528156 0.0485309 0.0437046 0.0385983 0.0334534 0.0284777 0.0238369 0.0196505 0.015982 0.012789 0.00981478 0.00670124 0.0036588 0.001503 0.000474357 0.000122128 2.70138e-05 5.28486e-06 9.21996e-07 1.41861e-07 1.85279e-08 1.85815e-09 1.02317e-10 0 
0 0.000449814 0.00307358 0.007834 0.0132517 0.0194065 0.0262692 0.0334938 0.0406689 0.047381 0.0532498 0.0579581 0.0612742 0.0630661 0.0633046 0.0620586 0.0594813 0.0557908 0.0512481 0.0461331 0.0407227 0.0352721 0.0300008 0.0250836 0.0206469 0.0167635 0.0134159 0.0103881 0.00728479 0.00414685 0.00177376 0.000575271 0.000150181 3.33939e-05 6.53731e-06 1.13871e-06 1.74757e-07 2.27575e-08 2.27564e-09 1.24964e-10 0 
0 0.000481136 0.00322033 0.00806909 0.0136019 0.0199391 0.0270134 0.0344599 0.0418537 0.0487683 0.0548117 0.059657 0.0630661 0.0649033 0.0651398 0.063847 0.0611834 0.0573745 0.0526894 0.0474165 0.0418411 0.0362257 0.0307959 0.0257312 0.0211614 0.0171631 0.0137309 0.0106746 0.00759325 0.00443072 0.00194518 0.000642914 0.000169639 3.79112e-05 7.43661e-06 1.29609e-06 1.98899e-07 2.58959e-08 2.58919e-09 1.42205e-10 0 
0 0.000487781 0.00324776 0.0081054 0.0136527 0.0200175 0.0271234 0.0346021 0.0420263 0.0489673 0.0550312 0.0598899 0.0633046 0.0651398 0.0653669 0.0640588 0.0613751 0.0575429 0.0528329 0.047535 0.0419357 0.0362982 0.0308489 0.0257674 0.0211834 0.0171739 0.0137368 0.0106925 0.00764446 0.00450421 0.00200021 0.000667457 0.00017729 3.98003e-05 7.83337e-06 1.36916e-06 2.10699e-07 2.75132e-08 2.75986e-09 1.52141e-10 0 
0 0.00047022 0.0031614 0.0079541 0.0134178 0.0196609 0.0266262 0.0339555 0.04123 0.048029 0.0539665 0.058721 0.0620586 0.063847 0.0640588 0.0627659 0.0601257 0.0563613 0.0517387 0.0465423 0.0410532 0.0355293 0.0301922 0.0252176 0.0207322 0.0168103 0.0134467 0.0104583 0.00745819 0.0043795 0.00194126 0.000648412 0.000172787 3.89664e-05 7.7104e-06 1.35571e-06 2.09991e-07 2.76158e-08 2.79165e-09 1.55192e-10 0 
0 0.000431399 0.00297036 0.00762847 0.0129249 0.0189139 0.0255837 0.0326005 0.0395634 0.0460696 0.0517492 0.0562943 0.0594813 0.0611834 0.0613751 0.0601257 0.0575865 0.053972 0.0495374 0.0445556 0.0392961 0.0340062 0.028898 0.0241399 0.0198526 0.0161055 0.0128833 0.00998959 0.00705571 0.00408303 0.00178782 0.000594266 0.000158684 3.60198e-05 7.19274e-06 1.27842e-06 2.00417e-07 2.67035e-08 2.73741e-09 1.54439e-10 0 
0 0.000376239 0.00268744 0.00714241 0.012212 0.0178408 0.0240855 0.0306528 0.0371685 0.0432555 0.0485673 0.0528156 0.0557908 0.0573745 0.0575429 0.0563613 0.053972 0.0505763 0.0464138 0.0417407 0.0368096 0.0318528 0.0270692 0.0226166 0.0186083 0.0151051 0.0120754 0.00930467 0.00646401 0.00365613 0.00157317 0.00052015 0.000139658 3.20962e-05 6.51509e-06 1.17995e-06 1.88785e-07 2.56972e-08 2.69268e-09 1.55306e-10 0 
0 0.000311042 0.0023303 0.00650849 0.0113199 0.0165179 0.022239 0.0282514 0.0342157 0.0397865 0.0446464 0.0485309 0.0512481 0.0526894 0.0528329 0.0517387 0.0495374 0.0464138 0.0425879 0.0382948 0.0337667 0.0292167 0.0248278 0.0207456 0.0170733 0.01386 0.0110522 0.0084251 0.00572409 0.00315707 0.00133988 0.000444496 0.000121361 2.85865e-05 5.97116e-06 1.11477e-06 1.83917e-07 2.57974e-08 2.78154e-09 1.64746e-10 0 
0 0.000242721 0.00192301 0.00573818 0.0102834 0.0150251 0.0201602 0.0255464 0.0308885 0.0358774 0.0402285 0.0437046 0.0461331 0.0474165 0.047535 0.0465423 0.0445556 0.0417407 0.0382948 0.0344292 0.0303522 0.0262556 0.0223044 0.01863 0.0153238 0.0124186 0.00984067 0.00738345 0.00490073 0.00265915 0.00113353 0.000385769 0.000109462 2.693e-05 5.87546e-06 1.14266e-06 1.95581e-07 2.83262e-08 3.13796e-09 1.90024e-10 0 
0 0.000177848 0.00149669 0.00484745 0.00912093 0.013434 0.0179631 0.0226863 0.0273688 0.0317412 0.0355539 0.0385983 0.0407227 0.0418411 0.0419357 0.0410532 0.0392961 0.0368096 0.0337667 0.0303522 0.026749 0.0231256 0.0196274 0.0163699 0.0134297 0.0108223 0.00847215 0.00623842 0.00408466 0.00223968 0.000995315 0.000360422 0.000109312 2.85699e-05 6.55338e-06 1.32539e-06 2.33592e-07 3.45436e-08 3.88033e-09 2.36947e-10 0 
0 0.000121659 0.00108734 0.0038692 0.00782967 0.0117911 0.0157484 0.0198087 0.023825 0.0275748 0.030844 0.0334534 0.0352721 0.0362257 0.0362982 0.0355293 0.0340062 0.0318528 0.0292167 0.0262556 0.0231256 0.0199706 0.0169147 0.0140549 0.0114509 0.0091126 0.00700467 0.00508727 0.00337388 0.00195729 0.000953752 0.000381925 0.00012612 3.50164e-05 8.34074e-06 1.72205e-06 3.06197e-07 4.53248e-08 5.0699e-09 3.07228e-10 0 
0 7.725e-05 0.000729578 0.00286722 0.00639916 0.0100972 0.0135855 0.0170282 0.0204019 0.0235478 0.0262899 0.0284777 0.0300008 0.0307959 0.0308489 0.0301922 0.028898 0.0270692 0.0248278 0.0223044 0.0196274 0.0169147 0.0142665 0.0117592 0.00944511 0.00736634 0.00556955 0.00407698 0.00284996 0.00182953 0.00101463 0.000458475 0.000164702 4.77538e-05 1.15286e-05 2.37088e-06 4.16179e-07 6.05606e-08 6.64774e-09 3.95156e-10 0 
0 4.52991e-05 0.000447846 0.00193576 0.00485646 0.00830072 0.0114813 0.014419 0.0172113 0.0197951 0.0220439 0.0238369 0.0250836 0.0257312 0.0257674 0.0252176 0.0241399 0.0226166 0.0207456 0.01863 0.0163699 0.0140549 0.0117592 0.00954856 0.00751218 0.00579377 0.00451268 0.0035975 0.00280575 0.00198887 0.00121159 0.000600448 0.000229822 6.79207e-05 1.62e-05 3.24811e-06 5.53979e-07 7.83398e-08 8.36925e-09 4.85109e-10 0 
0 2.4433e-05 0.000249723 0.00117128 0.00332022 0.00635189 0.00935042 0.0119734 0.0143094 0.0164067 0.0182141 0.0196505 0.0206469 0.0211614 0.0211834 0.0207322 0.0198526 0.0186083 0.0170733 0.0153238 0.0134297 0.0114509 0.00944511 0.00751218 0.00588328 0.0049406 0.0049202 0.00533177 0.00506982 0.00371881 0.00207594 0.000932568 0.000341202 9.73174e-05 2.21108e-05 4.22311e-06 6.91424e-07 9.44735e-08 9.79533e-09 5.52955e-10 0 
0 1.20902e-05 0.000126002 0.000628505 0.00198899 0.00433449 0.00706892 0.00955502 0.0116398 0.0133915 0.0148457 0.015982 0.0167635 0.0171631 0.0171739 0.0168103 0.0161055 0.0151051 0.01386 0.0124186 0.0108223 0.0091126 0.00736634 0.00579377 0.0049406 0.00585161 0.00923016 0.0133178 0.0141941 0.0104858 0.00533677 0.00195741 0.000576889 0.000142143 2.88695e-05 5.06577e-06 7.84851e-07 1.03343e-07 1.04126e-08 5.73799e-10 0 
0 5.48237e-06 5.74941e-05 0.000298188 0.00102704 0.00253126 0.00468928 0.0069789 0.00898254 0.0105947 0.0118517 0.012789 0.0134159 0.0137309 0.0137368 0.0134467 0.0128833 0.0120754 0.0110522 0.00984067 0.00847215 0.00700467 0.00556955 0.00451268 0.0049202 0.00923016 0.0191567 0.0304585 0.0334833 0.0247688 0.0123165 0.00416857 0.00102888 0.000207719 3.56461e-05 5.50779e-06 7.92872e-07 1.00474e-07 9.88047e-09 5.34239e-10 0 
0 2.27847e-06 2.37706e-05 0.000125532 0.000456455 0.00123703 0.00258886 0.00434533 0.00614598 0.00770876 0.00893092 0.00981478 0.0103881 0.0106746 0.0106925 0.0104583 0.00998959 0.00930467 0.0084251 0.00738345 0.00623842 0.00508727 0.00407698 0.0035975 0.00533177 0.0133178 0.0304585 0.049753 0.0550516 0.0408242 0.0201742 0.00668304 0.00153446 0.000269785 3.94602e-05 5.28901e-06 6.99601e-07 8.54803e-08 8.26143e-09 4.41494e-10 0 
0 8.68766e-07 8.93573e-06 4.72469e-05 0.000176402 0.000507241 0.00116282 0.00217829 0.00343326 0.0047138 0.00583539 0.00670124 0.00728479 0.00759325 0.00764446 0.00745819 0.00705571 0.00646401 0.00572409 0.00490073 0.00408466 0.00337388 0.00284996 0.00280575 0.00506982 0.0141941 0.0334833 0.0550516 0.0607091 0.0454029 0.0223514 0.00736041 0.00165162 0.000272016 3.58199e-05 4.29039e-06 5.28144e-07 6.28624e-08 6.03082e-09 3.2136e-10 0 
0 3.04353e-07 3.06619e-06 1.60355e-05 6.01916e-05 0.000177958 0.000430305 0.000869526 0.0014971 0.00224461 0.00300072 0.0036588 0.00414685 0.00443072 0.00450421 0.0043795 0.00408303 0.00365613 0.00315707 0.00265915 0.00223968 0.00195729 0.00182953 0.00198887 0.00371881 0.0104858 0.0247688 0.0408242 0.0454029 0.0335568 0.0165641 0.00545287 0.00122085 0.000197 2.47133e-05 2.802e-06 3.34269e-07 3.96121e-08 3.82153e-09 2.0503e-10 0 
0 9.81025e-08 9.63801e-07 4.94563e-06 1.84024e-05 5.47039e-05 0.000135282 0.000284467 0.000516809 0.000823579 0.00116944 0.001503 0.00177376 0.00194518 0.00200021 0.00194126 0.00178782 0.00157317 0.00133988 0.00113353 0.000995315 0.000953752 0.00101463 0.00121159 0.00207594 0.00533677 0.0123165 0.0201742 0.0223514 0.0165641 0.00818639 0.002708 0.000613638 9.95893e-05 1.24854e-05 1.43384e-06 1.7548e-07 2.13107e-08 2.09698e-09 1.14378e-10 0 
0 2.91192e-08 2.7823e-07 1.39401e-06 5.09797e-06 1.50277e-05 3.72494e-05 7.94064e-05 0.000147768 0.000242993 0.000357143 0.000474357 0.000575271 0.000642914 0.000667457 0.000648412 0.000594266 0.00052015 0.000444496 0.000385769 0.000360422 0.000381925 0.000458475 0.000600448 0.000932568 0.00195741 0.00416857 0.00668304 0.00736041 0.00545287 0.002708 0.000909239 0.000211088 3.51758e-05 4.63324e-06 5.79102e-07 7.68422e-08 9.81085e-09 9.96872e-10 5.57598e-11 0 
0 7.95692e-09 7.38369e-08 3.60251e-07 1.28865e-06 3.73766e-06 9.17943e-06 1.95321e-05 3.65351e-05 6.07319e-05 9.05509e-05 0.000122128 0.000150181 0.000169639 0.00017729 0.000172787 0.000158684 0.000139658 0.000121361 0.000109462 0.000109312 0.00012612 0.000164702 0.000229822 0.000341202 0.000576889 0.00102888 0.00153446 0.00165162 0.00122085 0.000613638 0.000211088 5.06734e-05 8.95652e-06 1.32201e-06 1.92121e-07 2.85874e-08 3.88882e-09 4.11413e-10 2.37634e-11 0 
0 1.99705e-09 1.79895e-08 8.53703e-08 2.97995e-07 8.47022e-07 2.04865e-06 4.31531e-06 8.03075e-06 1.33393e-05 1.99391e-05 2.70138e-05 3.33939e-05 3.79112e-05 3.98003e-05 3.89664e-05 3.60198e-05 3.20962e-05 2.85865e-05 2.693e-05 2.85699e-05 3.50164e-05 4.77538e-05 6.79207e-05 9.73174e-05 0.000142143 0.000207719 0.000269785 0.000272016 0.000197 9.95893e-05 3.51758e-05 8.95652e-06 1.7821e-06 3.16131e-07 5.51339e-08 9.20356e-09 1.33497e-09 1.47685e-10 8.85345e-12 0 
0 4.57832e-10 4.00434e-09 1.84798e-08 6.2892e-08 1.74873e-07 4.15331e-07 8.62554e-07 1.58889e-06 2.62183e-06 3.90518e-06 5.28486e-06 6.53731e-06 7.43661e-06 7.83337e-06 7.7104e-06 7.19274e-06 6.51509e-06 5.97116e-06 5.87546e-06 6.55338e-06 8.34074e-06 1.15286e-05 1.62e-05 2.21108e-05 2.88695e-05 3.56461e-05 3.94602e-05 3.58199e-05 2.47133e-05 1.24854e-05 4.63324e-06 1.32201e-06 3.16131e-07 6.90806e-08 1.41089e-08 2.58435e-09 3.97691e-10 4.60928e-11 2.87741e-12 0 
0 9.48089e-11 8.05697e-10 3.61766e-09 1.20048e-08 3.26374e-08 7.60326e-08 1.55406e-07 2.82694e-07 4.62129e-07 6.83922e-07 9.21996e-07 1.13871e-06 1.29609e-06 1.36916e-06 1.35571e-06 1.27842e-06 1.17995e-06 1.11477e-06 1.14266e-06 1.32539e-06 1.72205e-06 2.37088e-06 3.24811e-06 4.22311e-06 5.06577e-06 5.50779e-06 5.28901e-06 4.29039e-06 2.802e-06 1.43384e-06 5.79102e-07 1.92121e-07 5.51339e-08 1.41089e-08 3.20594e-09 6.30072e-10 1.02367e-10 1.24369e-11 8.09991e-13 0 
0 1.73543e-11 1.43442e-10 6.27222e-10 2.0308e-09 5.39999e-09 1.23379e-08 2.48061e-08 4.45208e-08 7.20188e-08 1.05765e-07 1.41861e-07 1.74757e-07 1.98899e-07 2.10699e-07 2.09991e-07 2.00417e-07 1.88785e-07 1.83917e-07 1.95581e-07 2.33592e-07 3.06197e-07 4.16179e-07 5.53979e-07 6.91424e-07 7.84851e-07 7.92872e-07 6.99601e-07 5.28144e-07 3.34269e-07 1.7548e-07 7.68422e-08 2.85874e-08 9.20356e-09 2.58435e-09 6.30072e-10 1.31153e-10 2.24231e-11 2.85467e-12 1.94085e-13 0 
0 2.68664e-12 2.16253e-11 9.21968e-11 2.91558e-10 7.58845e-10 1.70129e-09 3.36529e-09 5.95861e-09 9.53532e-09 1.389e-08 1.85279e-08 2.27575e-08 2.58959e-08 2.75132e-08 2.76158e-08 2.67035e-08 2.56972e-08 2.57974e-08 2.83262e-08 3.45436e-08 4.53248e-08 6.05606e-08 7.83398e-08 9.44735e-08 1.03343e-07 1.00474e-07 8.54803e-08 6.28624e-08 3.96121e-08 2.13107e-08 9.81085e-09 3.88882e-09 1.33497e-09 3.97691e-10 1.02367e-10 2.24231e-11 4.02355e-12 5.36123e-13 3.80377e-14 0 
0 3.17169e-13 2.48954e-12 1.03624e-11 3.20454e-11 8.17241e-11 1.79931e-10 3.50375e-10 6.12256e-10 9.69407e-10 1.40076e-09 1.85815e-09 2.27564e-09 2.58919e-09 2.75986e-09 2.79165e-09 2.73741e-09 2.69268e-09 2.78154e-09 3.13796e-09 3.88033e-09 5.0699e-09 6.64774e-09 8.36925e-09 9.79533e-09 1.04126e-08 9.88047e-09 8.26143e-09 6.03082e-09 3.82153e-09 2.09698e-09 9.96872e-10 4.11413e-10 1.47685e-10 4.60928e-11 1.24369e-11 2.85467e-12 5.36123e-13 7.46326e-14 5.51979e-15 0 
0 2.03804e-14 1.56217e-13 6.35726e-13 1.92504e-12 4.81605e-12 1.04234e-11 1.99972e-11 3.45073e-11 5.4083e-11 7.75426e-11 1.02317e-10 1.24964e-10 1.42205e-10 1.52141e-10 1.55192e-10 1.54439e-10 1.55306e-10 1.64746e-10 1.90024e-10 2.36947e-10 3.07228e-10 3.95156e-10 4.85109e-10 5.52955e-10 5.73799e-10 5.34239e-10 4.41494e-10 3.2136e-10 2.0503e-10 1.14378e-10 5.57598e-11 2.37634e-11 8.85345e-12 2.87741e-12 8.09991e-13 1.94085e-13 3.80377e-14 5.51979e-15 4.24893e-16 0 
0 0 0 0 0 0 0 0 0 0 0 0 0 0 0 0 0 0 0 0 0 0 0 0 0 0 0 0 0 0 0 0 0 0 0 0 0 0 0 0 0 
