0 0 0 0 0 0 0 0 0 0 0 0 0 0 0 0 0 0 0 0 0 0 0 0 0 0 0 0 0 0 0 0 0 0 0 0 0 0 0 0 0 
0 2.41946e-11 2.31205e-10 1.17059e-09 4.38738e-09 1.34734e-08 3.53866e-08 8.11933e-08 1.64655e-07 2.9717e-07 4.79464e-07 6.93792e-07 9.02726e-07 1.05862e-06 1.12134e-06 1.07518e-06 9.35219e-07 7.39592e-07 5.32978e-07 3.50833e-07 2.11476e-07 1.17042e-07 5.96422e-08 2.80631e-08 1.22276e-08 4.94769e-09 1.86417e-09 6.55611e-10 2.15661e-10 6.64533e-11 1.91962e-11 5.19716e-12 1.31656e-12 3.10891e-13 6.79524e-14 1.35758e-14 2.42281e-15 3.69173e-16 4.3267e-17 2.78228e-18 0 
0 2.31205e-10 2.29098e-09 1.20306e-08 4.67396e-08 1.48573e-07 4.03045e-07 9.52518e-07 1.983e-06 3.66037e-06 6.01608e-06 8.83157e-06 1.16099e-05 1.37005e-05 1.45472e-05 1.39304e-05 1.20586e-05 9.45805e-06 6.73803e-06 4.3712e-06 2.58935e-06 1.40466e-06 6.99981e-07 3.21468e-07 1.36505e-07 5.37674e-08 1.97056e-08 6.73876e-09 2.15539e-09 6.45976e-10 1.81597e-10 4.78847e-11 1.18262e-11 2.7258e-12 5.82293e-13 1.13862e-13 1.992e-14 2.98046e-15 3.43623e-16 2.17798e-17 0 
0 1.17059e-09 1.20306e-08 6.55537e-08 2.64124e-07 8.69477e-07 2.4372e-06 5.93399e-06 1.26822e-05 2.39375e-05 4.00612e-05 5.96297e-05 7.9156e-05 9.39593e-05 9.99921e-05 9.56462e-05 8.2436e-05 6.41745e-05 4.52348e-05 2.89456e-05 1.68628e-05 8.97184e-06 4.37435e-06 1.96152e-06 8.1194e-07 3.11388e-07 1.11033e-07 3.69293e-08 1.14884e-08 3.35009e-09 9.16942e-10 2.35628e-10 5.67765e-11 1.27846e-11 2.67213e-12 5.12079e-13 8.79579e-14 1.29466e-14 1.47157e-15 9.21736e-17 0 
0 4.38738e-09 4.67396e-08 2.64124e-07 1.10306e-06 3.75819e-06 1.08768e-05 2.72559e-05 5.9724e-05 0.000115083 0.000195751 0.000294859 0.000394552 0.00047051 0.000501614 0.000479475 0.00041197 0.000318903 0.000222897 0.000141008 8.09623e-05 4.23286e-05 2.02255e-05 8.86785e-06 3.58268e-06 1.33929e-06 4.65113e-07 1.50608e-07 4.56174e-08 1.29568e-08 3.45682e-09 8.66757e-10 2.04046e-10 4.49555e-11 9.20935e-12 1.73304e-12 2.92934e-13 4.25297e-14 4.78072e-15 2.97e-16 0 
0 1.34734e-08 1.48573e-07 8.69477e-07 3.75819e-06 1.32302e-05 3.94584e-05 0.000101531 0.000227447 0.000445877 0.000767752 0.00116545 0.00156612 0.00187121 0.00199628 0.00190821 0.00163845 0.00126582 0.000881129 0.000553518 0.000314518 0.000162163 7.61671e-05 3.27375e-05 1.29377e-05 4.72368e-06 1.60066e-06 5.05518e-07 1.4934e-07 4.13895e-08 1.07835e-08 2.64338e-09 6.09227e-10 1.3163e-10 2.64953e-11 4.91003e-12 8.19362e-13 1.17779e-13 1.31502e-14 8.14324e-16 0 
0 3.53866e-08 4.03045e-07 2.4372e-06 1.08768e-05 3.94584e-05 0.000120898 0.000318202 0.000725204 0.00143752 0.00248784 0.00377725 0.00506235 0.00603007 0.0064239 0.00614788 0.00529744 0.00411107 0.00287171 0.00180516 0.00102218 0.000522819 0.000242553 0.000102599 3.97929e-05 1.42309e-05 4.71774e-06 1.45684e-06 4.20809e-07 1.14086e-07 2.91015e-08 6.99303e-09 1.58245e-09 3.36353e-10 6.67573e-11 1.22312e-11 2.02422e-12 2.89584e-13 3.23046e-14 2.00727e-15 0 
0 8.11933e-08 9.52518e-07 5.93399e-06 2.72559e-05 0.000101531 0.000318202 0.000851924 0.00196082 0.00389315 0.0066963 0.0100492 0.0132906 0.0156636 0.0166086 0.0159392 0.0138672 0.010914 0.00773895 0.00492538 0.0028092 0.00143808 0.000663638 0.000277792 0.000106208 3.73443e-05 1.21533e-05 3.68148e-06 1.0431e-06 2.77539e-07 6.95486e-08 1.64419e-08 3.66733e-09 7.70142e-10 1.51445e-10 2.75839e-11 4.55558e-12 6.53182e-13 7.33701e-14 4.61221e-15 0 
0 1.64655e-07 1.983e-06 1.26822e-05 5.9724e-05 0.000227447 0.000725204 0.00196082 0.00451335 0.00886279 0.0149291 0.0218187 0.028119 0.0325084 0.0341838 0.0329472 0.0291302 0.0235038 0.0171532 0.0112194 0.00653682 0.00338942 0.00157054 0.000655252 0.000248348 8.62583e-05 2.76727e-05 8.25594e-06 2.30373e-06 6.04044e-07 1.49351e-07 3.49005e-08 7.71306e-09 1.60966e-09 3.15697e-10 5.75896e-11 9.57097e-12 1.38791e-12 1.58464e-13 1.01703e-14 0 
0 2.9717e-07 3.66037e-06 2.39375e-05 0.000115083 0.000445877 0.00143752 0.00389315 0.00886279 0.0169772 0.027595 0.0387592 0.0482043 0.0543565 0.0565549 0.0547798 0.0494051 0.0411705 0.0312745 0.0213204 0.0128793 0.00685619 0.00322533 0.00135273 0.000511636 0.000176505 5.60963e-05 1.65619e-05 4.5736e-06 1.18789e-06 2.91429e-07 6.77369e-08 1.4937e-08 3.12257e-09 6.16292e-10 1.1372e-10 1.92205e-11 2.84912e-12 3.33931e-13 2.20596e-14 0 
0 4.79464e-07 6.01608e-06 4.00612e-05 0.000195751 0.000767752 0.00248784 0.0066963 0.0149291 0.027595 0.0428736 0.0575388 0.0689241 0.0758237 0.0780857 0.0759661 0.0698116 0.0600897 0.0476682 0.0341248 0.0216048 0.0119482 0.00576818 0.00245359 0.000932755 0.000321572 0.000101823 2.99192e-05 8.22596e-06 2.13032e-06 5.22422e-07 1.21792e-07 2.70541e-08 5.72624e-09 1.15072e-09 2.17421e-10 3.78184e-11 5.79047e-12 7.02136e-13 4.79493e-14 0 
0 6.93792e-07 8.83157e-06 5.96297e-05 0.000294859 0.00116545 0.00377725 0.0100492 0.0218187 0.0387592 0.0575388 0.0740576 0.0859468 0.0927223 0.0947383 0.0924496 0.0861727 0.0761286 0.0627211 0.0470574 0.0313091 0.0181032 0.00903953 0.00392975 0.00151206 0.000524335 0.000166481 4.90192e-05 1.35202e-05 3.52143e-06 8.71783e-07 2.06171e-07 4.67244e-08 1.01516e-08 2.10628e-09 4.12815e-10 7.46802e-11 1.18924e-11 1.49578e-12 1.05433e-13 0 
0 9.02726e-07 1.16099e-05 7.9156e-05 0.000394552 0.00156612 0.00506235 0.0132906 0.028119 0.0482043 0.0689241 0.0859468 0.0975592 0.103904 0.105626 0.103262 0.0971205 0.0873205 0.0739617 0.0576237 0.0400682 0.0242018 0.0125361 0.00559781 0.00219317 0.000770076 0.000247006 7.35012e-05 2.05391e-05 5.44271e-06 1.37855e-06 3.35719e-07 7.88703e-08 1.78671e-08 3.88032e-09 7.96867e-10 1.50722e-10 2.49693e-11 3.2443e-12 2.34363e-13 0 
0 1.05862e-06 1.37005e-05 9.39593e-05 0.00047051 0.00187121 0.00603007 0.0156636 0.0325084 0.0543565 0.0758237 0.0927223 0.103904 0.109874 0.111388 0.108999 0.10303 0.0935902 0.0806655 0.0644979 0.0463737 0.0290581 0.0155787 0.00715865 0.00286967 0.00102747 0.000335945 0.00010215 2.93071e-05 8.0256e-06 2.11637e-06 5.40499e-07 1.3391e-07 3.20745e-08 7.35622e-09 1.58755e-09 3.13138e-10 5.36023e-11 7.12849e-12 5.22418e-13 0 
0 1.12134e-06 1.45472e-05 9.99921e-05 0.000501614 0.00199628 0.0064239 0.0166086 0.0341838 0.0565549 0.0780857 0.0947383 0.105626 0.111388 0.112808 0.110447 0.104642 0.0955294 0.0830888 0.0674287 0.0495263 0.031867 0.017581 0.00830947 0.0034228 0.00126 0.000424878 0.000133998 4.01848e-05 1.16027e-05 3.25154e-06 8.86997e-07 2.3491e-07 5.99021e-08 1.45081e-08 3.27159e-09 6.6664e-10 1.16608e-10 1.56944e-11 1.15471e-12 0 
0 1.07518e-06 1.39304e-05 9.56462e-05 0.000479475 0.00190821 0.00614788 0.0159392 0.0329472 0.0547798 0.0759661 0.0924496 0.103262 0.108999 0.110447 0.108177 0.102547 0.0937261 0.0817348 0.0666934 0.0494799 0.032347 0.0182413 0.00886059 0.00377073 0.00144299 0.000509901 0.000170179 5.45695e-05 1.69936e-05 5.1588e-06 1.52206e-06 4.32741e-07 1.17091e-07 2.96853e-08 6.91285e-09 1.43694e-09 2.5376e-10 3.4194e-11 2.50241e-12 0 
0 9.35219e-07 1.20586e-05 8.2436e-05 0.00041197 0.00163845 0.00529744 0.0138672 0.0291302 0.0494051 0.0698116 0.0861727 0.0971205 0.10303 0.104642 0.102547 0.0971308 0.0886017 0.0770547 0.0627277 0.0465651 0.0306603 0.0175885 0.00879455 0.00390139 0.00157697 0.000596738 0.0002161 7.59374e-05 2.60092e-05 8.64772e-06 2.76347e-06 8.3798e-07 2.37838e-07 6.22626e-08 1.4769e-08 3.09235e-09 5.45272e-10 7.28757e-11 5.26384e-12 0 
0 7.39592e-07 9.45805e-06 6.41745e-05 0.000318903 0.00126582 0.00411107 0.010914 0.0235038 0.0411705 0.0600897 0.0761286 0.0873205 0.0935902 0.0955294 0.0937261 0.0886017 0.0804261 0.0694199 0.0560236 0.0413344 0.0272801 0.0159184 0.00825088 0.00387332 0.00169097 0.000703746 0.00028383 0.00011148 4.2398e-05 1.54231e-05 5.29002e-06 1.68794e-06 4.95063e-07 1.31892e-07 3.14506e-08 6.55785e-09 1.14352e-09 1.50384e-10 1.06519e-11 0 
0 5.32978e-07 6.73803e-06 4.52348e-05 0.000222897 0.000881129 0.00287171 0.00773895 0.0171532 0.0312745 0.0476682 0.0627211 0.0739617 0.0806655 0.0830888 0.0817348 0.0770547 0.0694199 0.0592392 0.0472025 0.034529 0.0228735 0.0136762 0.0074581 0.00378883 0.00183598 0.000863142 0.000395415 0.000175083 7.37587e-05 2.90558e-05 1.05442e-05 3.48544e-06 1.04049e-06 2.78237e-07 6.58994e-08 1.35448e-08 2.31604e-09 2.97662e-10 2.0564e-11 0 
0 3.50833e-07 4.3712e-06 2.89456e-05 0.000141008 0.000553518 0.00180516 0.00492538 0.0112194 0.0213204 0.0341248 0.0470574 0.0576237 0.0644979 0.0674287 0.0666934 0.0627277 0.0560236 0.0472025 0.0371525 0.0270627 0.0181747 0.0113219 0.00664863 0.00375668 0.00207441 0.00112265 0.000588794 0.000293186 0.00013551 5.70312e-05 2.15677e-05 7.27314e-06 2.1781e-06 5.77057e-07 1.34237e-07 2.69452e-08 4.48423e-09 5.59934e-10 3.75608e-11 0 
0 2.11476e-07 2.58935e-06 1.68628e-05 8.09623e-05 0.000314518 0.00102218 0.0028092 0.00653682 0.0128793 0.0216048 0.0313091 0.0400682 0.0463737 0.0495263 0.0494799 0.0465651 0.0413344 0.034529 0.0270627 0.0199023 0.0138273 0.00920929 0.00599062 0.00386129 0.00247082 0.00154883 0.000927772 0.000515676 0.000258792 0.000114907 4.46422e-05 1.51307e-05 4.48105e-06 1.16138e-06 2.62548e-07 5.10326e-08 8.21201e-09 9.91422e-10 6.4352e-11 0 
0 1.17042e-07 1.40466e-06 8.97184e-06 4.23286e-05 0.000162163 0.000522819 0.00143808 0.00338942 0.00685619 0.0119482 0.0181032 0.0242018 0.0290581 0.031867 0.032347 0.0306603 0.0272801 0.0228735 0.0181747 0.0138273 0.0102373 0.007518 0.00555749 0.00414593 0.00308232 0.00222721 0.00151383 0.00093406 0.000506101 0.000235016 9.25666e-05 3.10258e-05 8.94216e-06 2.23677e-06 4.86343e-07 9.0852e-08 1.40609e-08 1.63536e-09 1.02479e-10 0 
0 5.96422e-08 6.99981e-07 4.37435e-06 2.02255e-05 7.61671e-05 0.000242553 0.000663638 0.00157054 0.00322533 0.00576818 0.00903953 0.0125361 0.0155787 0.017581 0.0182413 0.0175885 0.0159184 0.0136762 0.0113219 0.00920929 0.007518 0.00625923 0.00533443 0.00460437 0.00393983 0.00325176 0.00250536 0.00172936 0.0010207 0.000495725 0.000195198 6.31025e-05 1.72299e-05 4.07369e-06 8.4101e-07 1.49914e-07 2.2228e-08 2.48547e-09 1.50242e-10 0 
0 2.80631e-08 3.21468e-07 1.96152e-06 8.86785e-06 3.27375e-05 0.000102599 0.000277792 0.000655252 0.00135273 0.00245359 0.00392975 0.00559781 0.00715865 0.00830947 0.00886059 0.00879455 0.00825088 0.0074581 0.00664863 0.00599062 0.00555749 0.00533443 0.00524407 0.00517974 0.00505072 0.00480329 0.00433776 0.00348654 0.00229883 0.00117147 0.00045184 0.000134863 3.2996e-05 7.03563e-06 1.34296e-06 2.26031e-07 3.2011e-08 3.44042e-09 2.00791e-10 0 
0 1.22276e-08 1.36505e-07 8.1194e-07 3.58268e-06 1.29377e-05 3.97929e-05 0.000106208 0.000248348 0.000511636 0.000932755 0.00151206 0.00219317 0.00286967 0.0034228 0.00377073 0.00390139 0.00387332 0.00378883 0.00375668 0.00386129 0.00414593 0.00460437 0.00517974 0.00582016 0.0066564 0.00795264 0.00920598 0.00886621 0.0063898 0.0033053 0.00121683 0.000324638 6.69807e-05 1.19069e-05 1.98332e-06 3.07788e-07 4.14406e-08 4.28683e-09 2.42222e-10 0 
0 4.94769e-09 5.37674e-08 3.11388e-07 1.33929e-06 4.72368e-06 1.42309e-05 3.73443e-05 8.62583e-05 0.000176505 0.000321572 0.000524335 0.000770076 0.00102747 0.00126 0.00144299 0.00157697 0.00169097 0.00183598 0.00207441 0.00247082 0.00308232 0.00393983 0.00505072 0.0066564 0.00997858 0.0165778 0.0240505 0.0256445 0.01893 0.00956524 0.00333175 0.000809549 0.000142609 2.03252e-05 2.74777e-06 3.76137e-07 4.76485e-08 4.75454e-09 2.61288e-10 0 
0 1.86417e-09 1.97056e-08 1.11033e-07 4.65113e-07 1.60066e-06 4.71774e-06 1.21533e-05 2.76727e-05 5.60963e-05 0.000101823 0.000166481 0.000247006 0.000335945 0.000424878 0.000509901 0.000596738 0.000703746 0.000863142 0.00112265 0.00154883 0.00222721 0.00325176 0.00480329 0.00795264 0.0165778 0.0346223 0.0550488 0.0604612 0.0447715 0.0222558 0.00747586 0.00171686 0.000274544 3.29612e-05 3.55394e-06 4.10332e-07 4.81516e-08 4.64672e-09 2.49914e-10 0 
0 6.55611e-10 6.73876e-09 3.69293e-08 1.50608e-07 5.05518e-07 1.45684e-06 3.68148e-06 8.25594e-06 1.65619e-05 2.99192e-05 4.90192e-05 7.35012e-05 0.00010215 0.000133998 0.000170179 0.0002161 0.00028383 0.000395415 0.000588794 0.000927772 0.00151383 0.00250536 0.00433776 0.00920598 0.0240505 0.0550488 0.0899137 0.0995288 0.0737521 0.036466 0.0120621 0.00269235 0.000409713 4.45516e-05 4.04399e-06 3.9243e-07 4.23099e-08 3.9675e-09 2.10464e-10 0 
0 2.15661e-10 2.15539e-09 1.14884e-08 4.56174e-08 1.4934e-07 4.20809e-07 1.0431e-06 2.30373e-06 4.5736e-06 8.22596e-06 1.35202e-05 2.05391e-05 2.93071e-05 4.01848e-05 5.45695e-05 7.59374e-05 0.00011148 0.000175083 0.000293186 0.000515676 0.00093406 0.00172936 0.00348654 0.00886621 0.0256445 0.0604612 0.0995288 0.110417 0.0818372 0.0404009 0.0132941 0.00293061 0.000435438 4.50761e-05 3.7044e-06 3.16906e-07 3.1908e-08 2.93915e-09 1.55238e-10 0 
0 6.64533e-11 6.45976e-10 3.35009e-09 1.29568e-08 4.13895e-08 1.14086e-07 2.77539e-07 6.04044e-07 1.18789e-06 2.13032e-06 3.52143e-06 5.44271e-06 8.0256e-06 1.16027e-05 1.69936e-05 2.60092e-05 4.2398e-05 7.37587e-05 0.00013551 0.000258792 0.000506101 0.0010207 0.00229883 0.0063898 0.01893 0.0447715 0.0737521 0.0818372 0.0606561 0.0299402 0.00984287 0.00216011 0.00031767 3.225e-05 2.55006e-06 2.07368e-07 2.03902e-08 1.8803e-09 9.99612e-11 0 
0 1.91962e-11 1.81597e-10 9.16942e-10 3.45682e-09 1.07835e-08 2.91015e-08 6.95486e-08 1.49351e-07 2.91429e-07 5.22422e-07 8.71783e-07 1.37855e-06 2.11637e-06 3.25154e-06 5.1588e-06 8.64772e-06 1.54231e-05 2.90558e-05 5.70312e-05 0.000114907 0.000235016 0.000495725 0.00117147 0.0033053 0.00956524 0.0222558 0.036466 0.0404009 0.0299402 0.0147917 0.00486893 0.00106786 0.000156807 1.59551e-05 1.2796e-06 1.07668e-07 1.0978e-08 1.03721e-09 5.61193e-11 0 
0 5.19716e-12 4.78847e-11 2.35628e-10 8.66757e-10 2.64338e-09 6.99303e-09 1.64419e-08 3.49005e-08 6.77369e-08 1.21792e-07 2.06171e-07 3.35719e-07 5.40499e-07 8.86997e-07 1.52206e-06 2.76347e-06 5.29002e-06 1.05442e-05 2.15677e-05 4.46422e-05 9.25666e-05 0.000195198 0.00045184 0.00121683 0.00333175 0.00747586 0.0120621 0.0132941 0.00984287 0.00486893 0.00160553 0.00035291 5.22447e-05 5.46419e-06 4.72232e-07 4.49033e-08 5.00876e-09 4.94219e-10 2.74767e-11 0 
0 1.31656e-12 1.18262e-11 5.67765e-11 2.04046e-10 6.09227e-10 1.58245e-09 3.66733e-09 7.71306e-09 1.4937e-08 2.70541e-08 4.67244e-08 7.88703e-08 1.3391e-07 2.3491e-07 4.32741e-07 8.3798e-07 1.68794e-06 3.48544e-06 7.27314e-06 1.51307e-05 3.10258e-05 6.31025e-05 0.000134863 0.000324638 0.000809549 0.00171686 0.00269235 0.00293061 0.00216011 0.00106786 0.00035291 7.82384e-05 1.18856e-05 1.33465e-06 1.35192e-07 1.56709e-08 1.96269e-09 2.04154e-10 1.17444e-11 0 
0 3.10891e-13 2.7258e-12 1.27846e-11 4.49555e-11 1.3163e-10 3.36353e-10 7.70142e-10 1.60966e-09 3.12257e-09 5.72624e-09 1.01516e-08 1.78671e-08 3.20745e-08 5.99021e-08 1.17091e-07 2.37838e-07 4.95063e-07 1.04049e-06 2.1781e-06 4.48105e-06 8.94216e-06 1.72299e-05 3.2996e-05 6.69807e-05 0.000142609 0.000274544 0.000409713 0.000435438 0.00031767 0.000156807 5.22447e-05 1.18856e-05 1.92948e-06 2.52634e-07 3.30513e-08 4.78801e-09 6.68159e-10 7.33261e-11 4.3844e-12 0 
0 6.79524e-14 5.82293e-13 2.67213e-12 9.20935e-12 2.64953e-11 6.67573e-11 1.51445e-10 3.15697e-10 6.16292e-10 1.15072e-09 2.10628e-09 3.88032e-09 7.35622e-09 1.45081e-08 2.96853e-08 6.22626e-08 1.31892e-07 2.78237e-07 5.77057e-07 1.16138e-06 2.23677e-06 4.07369e-06 7.03563e-06 1.19069e-05 2.03252e-05 3.29612e-05 4.45516e-05 4.50761e-05 3.225e-05 1.59551e-05 5.46419e-06 1.33465e-06 2.52634e-07 4.31503e-08 7.5465e-09 1.30624e-09 1.98236e-10 2.28965e-11 1.42689e-12 0 
0 1.35758e-14 1.13862e-13 5.12079e-13 1.73304e-12 4.91003e-12 1.22312e-11 2.75839e-11 5.75896e-11 1.1372e-10 2.17421e-10 4.12815e-10 7.96867e-10 1.58755e-09 3.27159e-09 6.91285e-09 1.4769e-08 3.14506e-08 6.58994e-08 1.34237e-07 2.62548e-07 4.86343e-07 8.4101e-07 1.34296e-06 1.98332e-06 2.74777e-06 3.55394e-06 4.04399e-06 3.7044e-06 2.55006e-06 1.2796e-06 4.72232e-07 1.35192e-07 3.30513e-08 7.5465e-09 1.62822e-09 3.14916e-10 5.0951e-11 6.18029e-12 4.0202e-13 0 
0 2.42281e-15 1.992e-14 8.79579e-14 2.92934e-13 8.19362e-13 2.02422e-12 4.55558e-12 9.57097e-12 1.92205e-11 3.78184e-11 7.46802e-11 1.50722e-10 3.13138e-10 6.6664e-10 1.43694e-09 3.09235e-09 6.55785e-09 1.35448e-08 2.69452e-08 5.10326e-08 9.0852e-08 1.49914e-07 2.26031e-07 3.07788e-07 3.76137e-07 4.10332e-07 3.9243e-07 3.16906e-07 2.07368e-07 1.07668e-07 4.49033e-08 1.56709e-08 4.78801e-09 1.30624e-09 3.14916e-10 6.53249e-11 1.11544e-11 1.41881e-12 9.63782e-14 0 
0 3.69173e-16 2.98046e-15 1.29466e-14 4.25297e-14 1.17779e-13 2.89584e-13 6.53182e-13 1.38791e-12 2.84912e-12 5.79047e-12 1.18924e-11 2.49693e-11 5.36023e-11 1.16608e-10 2.5376e-10 5.45272e-10 1.14352e-09 2.31604e-09 4.48423e-09 8.21201e-09 1.40609e-08 2.2228e-08 3.2011e-08 4.14406e-08 4.76485e-08 4.81516e-08 4.23099e-08 3.1908e-08 2.03902e-08 1.0978e-08 5.00876e-09 1.96269e-09 6.68159e-10 1.98236e-10 5.0951e-11 1.11544e-11 2.00067e-12 2.66447e-13 1.88927e-14 0 
0 4.3267e-17 3.43623e-16 1.47157e-15 4.78072e-15 1.31502e-14 3.23046e-14 7.33701e-14 1.58464e-13 3.33931e-13 7.02136e-13 1.49578e-12 3.2443e-12 7.12849e-12 1.56944e-11 3.4194e-11 7.28757e-11 1.50384e-10 2.97662e-10 5.59934e-10 9.91422e-10 1.63536e-09 2.48547e-09 3.44042e-09 4.28683e-09 4.75454e-09 4.64672e-09 3.9675e-09 2.93915e-09 1.8803e-09 1.03721e-09 4.94219e-10 2.04154e-10 7.33261e-11 2.28965e-11 6.18029e-12 1.41881e-12 2.66447e-13 3.70827e-14 2.74158e-15 0 
0 2.78228e-18 2.17798e-17 9.21736e-17 2.97e-16 8.14324e-16 2.00727e-15 4.61221e-15 1.01703e-14 2.20596e-14 4.79493e-14 1.05433e-13 2.34363e-13 5.22418e-13 1.15471e-12 2.50241e-12 5.26384e-12 1.06519e-11 2.0564e-11 3.75608e-11 6.4352e-11 1.02479e-10 1.50242e-10 2.00791e-10 2.42222e-10 2.61288e-10 2.49914e-10 2.10464e-10 1.55238e-10 9.99612e-11 5.61193e-11 2.74767e-11 1.17444e-11 4.3844e-12 1.42689e-12 4.0202e-13 9.63782e-14 1.88927e-14 2.74158e-15 2.10999e-16 0 
0 0 0 0 0 0 0 0 0 0 0 0 0 0 0 0 0 0 0 0 0 0 0 0 0 0 0 0 0 0 0 0 0 0 0 0 0 0 0 0 0 
