0 0 0 0 0 0 0 0 0 0 0 0 0 0 0 0 0 0 0 0 0 0 0 0 0 0 0 0 0 0 0 0 0 0 0 0 0 0 0 0 0 
0 1.9628e-07 1.75028e-06 7.71799e-06 2.32998e-05 5.35209e-05 9.93404e-05 0.000156181 0.000216409 0.000272889 0.000320832 0.000357812 0.000383007 0.000396469 0.00039865 0.000390182 0.000371808 0.00034443 0.000309217 0.000267767 0.000222257 0.00017547 0.0001306 9.07641e-05 5.83394e-05 3.43797e-05 1.84458e-05 8.96866e-06 3.94324e-06 1.56765e-06 5.64245e-07 1.84166e-07 5.45616e-08 1.46606e-08 3.55842e-09 7.72692e-10 1.47097e-10 2.35208e-11 2.8516e-12 1.87293e-13 0 
0 1.75028e-06 1.59628e-05 6.93066e-05 0.00019584 0.000401586 0.000647039 0.000880717 0.00107482 0.0012259 0.00133996 0.00142278 0.00147764 0.00150614 0.00150947 0.00148907 0.00144681 0.00138459 0.00130377 0.00120453 0.00108584 0.000946414 0.000787214 0.000614654 0.000442294 0.000288151 0.00016755 8.62042e-05 3.91529e-05 1.57444e-05 5.63874e-06 1.81026e-06 5.23617e-07 1.36776e-07 3.22063e-08 6.78026e-09 1.25187e-09 1.94333e-10 2.29043e-11 1.46477e-12 0 
0 7.71799e-06 6.93066e-05 0.000276972 0.000669568 0.0011317 0.00153076 0.00184492 0.00210634 0.00233589 0.00253486 0.00269566 0.00280991 0.00287201 0.00288026 0.00283691 0.00274771 0.00262108 0.00246703 0.00229561 0.00211479 0.00192745 0.00172845 0.00150454 0.00124162 0.000941036 0.000633306 0.000368419 0.000182829 7.75058e-05 2.83895e-05 9.11852e-06 2.6016e-06 6.64792e-07 1.52473e-07 3.12101e-08 5.60123e-09 8.45726e-10 9.70682e-11 6.0541e-12 0 
0 2.32998e-05 0.00019584 0.000669568 0.00131453 0.00187599 0.00234049 0.00278335 0.00322414 0.00364394 0.00401609 0.00431747 0.00453127 0.0046478 0.00466455 0.00458572 0.00442139 0.00418624 0.00389819 0.00357688 0.00324227 0.00291287 0.00260268 0.00231523 0.00203524 0.00172647 0.00135349 0.000929323 0.000534211 0.000252054 9.83266e-05 3.24427e-05 9.27848e-06 2.34225e-06 5.26566e-07 1.05258e-07 1.84234e-08 2.71308e-09 3.0396e-10 1.85283e-11 0 
0 5.35209e-05 0.000401586 0.0011317 0.00187599 0.00251478 0.00316842 0.00386499 0.00456769 0.00523103 0.00581435 0.00628446 0.00661723 0.00679869 0.00682539 0.00670387 0.0064494 0.00608405 0.00563447 0.00512956 0.00459844 0.00406874 0.00356547 0.00310932 0.00271145 0.00236046 0.00200723 0.00158141 0.00107212 0.000587856 0.000255222 8.93869e-05 2.61669e-05 6.60896e-06 1.46802e-06 2.88142e-07 4.9389e-08 7.11731e-09 7.80565e-10 4.66194e-11 0 
0 9.93404e-05 0.000647039 0.00153076 0.00234049 0.00316842 0.00409904 0.0050919 0.00608435 0.00701626 0.00783357 0.00849135 0.00895666 0.00921039 0.00924791 0.00907838 0.00872295 0.00821213 0.00758264 0.00687412 0.0061261 0.00537551 0.00465497 0.00399211 0.00340912 0.00291859 0.00250685 0.0021079 0.00162164 0.00103896 0.000517409 0.000198517 6.08539e-05 1.55992e-05 3.45428e-06 6.69761e-07 1.12929e-07 1.59831e-08 1.72124e-09 1.01001e-10 0 
0 0.000156181 0.000880717 0.00184492 0.00278335 0.00386499 0.0050919 0.0063912 0.0076851 0.00889798 0.00996073 0.0108156 0.0114202 0.01175 0.0117986 0.0115778 0.0111155 0.0104513 0.00963252 0.00871021 0.00773515 0.00675445 0.00580914 0.00493291 0.00415218 0.00348673 0.00294477 0.00249901 0.002052 0.00148631 0.000851685 0.0003654 0.00011966 3.15658e-05 7.03046e-06 1.35471e-06 2.2571e-07 3.14905e-08 3.34062e-09 1.93133e-10 0 
0 0.000216409 0.00107482 0.00210634 0.00322414 0.00456769 0.00608435 0.0076851 0.00927706 0.0107683 0.0120747 0.0131271 0.0138763 0.014289 0.01435 0.0140721 0.0134954 0.0126743 0.0116662 0.0105316 0.00933157 0.00812332 0.00695659 0.00587154 0.00489855 0.00405942 0.00336849 0.00282261 0.00236216 0.00184538 0.00119062 0.000573237 0.00020306 5.57335e-05 1.25813e-05 2.42234e-06 4.00474e-07 5.52714e-08 5.79367e-09 3.30926e-10 0 
0 0.000272889 0.0012259 0.00233589 0.00364394 0.00523103 0.00701626 0.00889798 0.0107683 0.0125201 0.0140587 0.0153136 0.0162267 0.0167379 0.0168143 0.016469 0.015758 0.0147651 0.0135686 0.0122329 0.0108224 0.00940181 0.00802882 0.00674991 0.00559951 0.00460112 0.00376982 0.00311113 0.00259545 0.00210381 0.00147926 0.000789805 0.000303376 8.71651e-05 2.00504e-05 3.8737e-06 6.37739e-07 8.73439e-08 9.07267e-09 5.13338e-10 0 
0 0.000320832 0.00133996 0.00253486 0.00401609 0.00581435 0.00783357 0.00996073 0.0120747 0.0140587 0.0158203 0.0172773 0.018314 0.0188609 0.0189388 0.0185744 0.0177832 0.0166309 0.0152435 0.0137194 0.0121225 0.0105165 0.00896372 0.00751614 0.00621194 0.00507631 0.00412423 0.00336295 0.0027788 0.00228301 0.0016966 0.000983965 0.000407013 0.000122449 2.87689e-05 5.59235e-06 9.19332e-07 1.25281e-07 1.29286e-08 7.26378e-10 0 
0 0.000357812 0.00142278 0.00269566 0.00431747 0.00628446 0.00849135 0.0108156 0.0131271 0.0153136 0.0172773 0.0188382 0.0198352 0.0203197 0.020384 0.0200595 0.0193223 0.018143 0.0166134 0.0149174 0.0131621 0.0114062 0.00970967 0.0081274 0.00670063 0.00545607 0.00440861 0.00356514 0.00291893 0.00240398 0.00184541 0.00113636 0.0004994 0.000156506 3.75254e-05 7.34703e-06 1.20821e-06 1.64174e-07 1.68696e-08 9.43231e-10 0 
0 0.000383007 0.00147764 0.00280991 0.00453127 0.00661723 0.00895666 0.0114202 0.0138763 0.0162267 0.018314 0.0198352 0.0207332 0.0211604 0.0212138 0.0209211 0.0202557 0.0191494 0.0175902 0.0157703 0.0138908 0.0120266 0.010229 0.00855243 0.00704003 0.00571956 0.00460589 0.00370523 0.00301346 0.00247842 0.00193608 0.00123967 0.000569099 0.00018406 4.4875e-05 8.84476e-06 1.45645e-06 1.97664e-07 2.02625e-08 1.12972e-09 0 
0 0.000396469 0.00150614 0.00287201 0.0046478 0.00679869 0.00921039 0.01175 0.014289 0.0167379 0.0188609 0.0203197 0.0211604 0.021559 0.0216062 0.0213268 0.0206966 0.0196437 0.018107 0.0162314 0.0142775 0.0123521 0.0105001 0.00877323 0.00721533 0.00585466 0.00470603 0.00377512 0.00305863 0.0025114 0.00197799 0.00129373 0.000609377 0.000201006 4.95538e-05 9.81591e-06 1.61907e-06 2.19744e-07 2.251e-08 1.25374e-09 0 
0 0.00039865 0.00150947 0.00288026 0.00466455 0.00682539 0.00924791 0.0117986 0.01435 0.0168143 0.0189388 0.020384 0.0212138 0.0216062 0.0216501 0.0213703 0.0207427 0.0196959 0.0181625 0.0162777 0.0143111 0.012377 0.0105181 0.00878556 0.00722279 0.00585802 0.00470589 0.00377183 0.00305264 0.00250507 0.00197718 0.00130116 0.000617883 0.000205232 5.08287e-05 1.0096e-05 1.66802e-06 2.26636e-07 2.32352e-08 1.29505e-09 0 
0 0.000390182 0.00148907 0.00283691 0.00458572 0.00670387 0.00907838 0.0115778 0.0140721 0.016469 0.0185744 0.0200595 0.0209211 0.0213268 0.0213703 0.0210775 0.0204232 0.019337 0.0177795 0.015924 0.0140064 0.0121145 0.0102942 0.00859811 0.00706897 0.00573434 0.00460854 0.00369705 0.00299627 0.00246062 0.0019365 0.00126497 0.000595764 0.000196851 4.86681e-05 9.67184e-06 1.60058e-06 2.17943e-07 2.23973e-08 1.25145e-09 0 
0 0.000371808 0.00144681 0.00274771 0.00442139 0.0064494 0.00872295 0.0111155 0.0134954 0.015758 0.0177832 0.0193223 0.0202557 0.0206966 0.0207427 0.0204232 0.0197122 0.0185549 0.0169899 0.015221 0.0134022 0.0115948 0.00985298 0.00823066 0.0067692 0.005495 0.00442204 0.00355604 0.00289225 0.00237845 0.00185616 0.00118818 0.000547049 0.00017798 4.37068e-05 8.67773e-06 1.43907e-06 1.96643e-07 2.0293e-08 1.13894e-09 0 
0 0.00034443 0.00138459 0.00262108 0.00418624 0.00608405 0.00821213 0.0104513 0.0126743 0.0147651 0.0166309 0.018143 0.0191494 0.0196437 0.0196959 0.019337 0.0185549 0.0173595 0.0158718 0.0142416 0.0125514 0.0108605 0.00922942 0.00771133 0.00634521 0.00515609 0.00415766 0.00335592 0.00274346 0.00225702 0.00173425 0.00107488 0.000478413 0.000152243 3.70431e-05 7.34847e-06 1.22289e-06 1.68031e-07 1.7453e-08 9.863e-10 0 
0 0.000309217 0.00130377 0.00246703 0.00389819 0.00563447 0.00758264 0.00963252 0.0116662 0.0135686 0.0152435 0.0166134 0.0175902 0.018107 0.0181625 0.0177795 0.0169899 0.0158718 0.0145334 0.0130587 0.0115131 0.00996161 0.00846521 0.00707345 0.00582254 0.00473608 0.00382766 0.0031033 0.00255022 0.00209119 0.00156825 0.000932272 0.000398966 0.00012405 2.99492e-05 5.95114e-06 9.96725e-07 1.38133e-07 1.44839e-08 8.26513e-10 0 
0 0.000267767 0.00120453 0.00229561 0.00357688 0.00512956 0.00687412 0.00871021 0.0105316 0.0122329 0.0137194 0.0149174 0.0157703 0.0162314 0.0162777 0.015924 0.015221 0.0142416 0.0130587 0.011739 0.0103488 0.00895202 0.00760486 0.00635237 0.00522777 0.00425337 0.00344284 0.00280106 0.00230687 0.00187177 0.00135887 0.000773031 0.000319534 9.77814e-05 2.35863e-05 4.72166e-06 7.99653e-07 1.12213e-07 1.19165e-08 6.88492e-10 0 
0 0.000222257 0.00108584 0.00211479 0.00324227 0.00459844 0.0061261 0.00773515 0.00933157 0.0108224 0.0121225 0.0131621 0.0138908 0.0142775 0.0143111 0.0140064 0.0134022 0.0125514 0.0115131 0.0103488 0.00912024 0.00788484 0.00669224 0.00558261 0.0045862 0.00372414 0.00300975 0.00244479 0.0020001 0.00159024 0.00111683 0.000616135 0.000251062 7.70185e-05 1.88056e-05 3.82448e-06 6.58298e-07 9.38085e-08 1.01034e-08 5.91175e-10 0 
0 0.00017547 0.000946414 0.00192745 0.00291287 0.00406874 0.00537551 0.00675445 0.00812332 0.00940181 0.0105165 0.0114062 0.0120266 0.0123521 0.012377 0.0121145 0.0115948 0.0108605 0.00996161 0.00895202 0.00788484 0.00680921 0.00576787 0.00479586 0.00392031 0.00316098 0.00252959 0.00202449 0.00161925 0.00125465 0.000868776 0.000483364 0.000202204 6.40013e-05 1.6066e-05 3.33941e-06 5.84447e-07 8.43478e-08 9.173e-09 5.40702e-10 0 
0 0.0001306 0.000787214 0.00172845 0.00260268 0.00356547 0.00465497 0.00580914 0.00695659 0.00802882 0.00896372 0.00970967 0.010229 0.0105001 0.0105181 0.0102942 0.00985298 0.00922942 0.00846521 0.00760486 0.00669224 0.00576787 0.0048672 0.00401987 0.00325009 0.00257728 0.00201428 0.00156231 0.00120716 0.000918548 0.000652685 0.000389258 0.000176319 5.92959e-05 1.54267e-05 3.26339e-06 5.75157e-07 8.3119e-08 9.02411e-09 5.30117e-10 0 
0 9.07641e-05 0.000614654 0.00150454 0.00231523 0.00310932 0.00399211 0.00493291 0.00587154 0.00674991 0.00751614 0.0081274 0.00855243 0.00877323 0.00878556 0.00859811 0.00823066 0.00771133 0.00707345 0.00635237 0.00558261 0.00479586 0.00401987 0.00327941 0.00260151 0.00202382 0.00158322 0.00126638 0.00100188 0.000747447 0.000523876 0.000334173 0.000168947 6.14653e-05 1.65229e-05 3.50875e-06 6.12816e-07 8.73616e-08 9.34647e-09 5.41193e-10 0 
0 5.83394e-05 0.000442294 0.00124162 0.00203524 0.00271145 0.00340912 0.00415218 0.00489855 0.00559951 0.00621194 0.00670063 0.00704003 0.00721533 0.00722279 0.00706897 0.0067692 0.00634521 0.00582254 0.00522777 0.0045862 0.00392031 0.00325009 0.00260151 0.00203909 0.00169896 0.00168135 0.00181903 0.00172951 0.00127059 0.000721033 0.000361963 0.000175739 6.74756e-05 1.85437e-05 3.89693e-06 6.6548e-07 9.25852e-08 9.68046e-09 5.49006e-10 0 
0 3.43797e-05 0.000288151 0.000941036 0.00172647 0.00236046 0.00291859 0.00348673 0.00405942 0.00460112 0.00507631 0.00545607 0.00571956 0.00585466 0.00585802 0.00573434 0.005495 0.00515609 0.00473608 0.00425337 0.00372414 0.00316098 0.00257728 0.00202382 0.00169896 0.00199625 0.00314711 0.00454934 0.00493661 0.00357523 0.00181982 0.000673184 0.000224244 7.6099e-05 2.04717e-05 4.18412e-06 6.92455e-07 9.36248e-08 9.54843e-09 5.29956e-10 0 
0 1.84458e-05 0.00016755 0.000633306 0.00135349 0.00200723 0.00250685 0.00294477 0.00336849 0.00376982 0.00412423 0.00440861 0.00460589 0.00470603 0.00470589 0.00460854 0.00442204 0.00415766 0.00382766 0.00344284 0.00300975 0.00252959 0.00201428 0.00158322 0.00168135 0.00314711 0.00654377 0.0116678 0.0131574 0.00890883 0.00419939 0.00142162 0.000359736 8.99738e-05 2.15096e-05 4.14622e-06 6.59455e-07 8.66908e-08 8.65041e-09 4.71519e-10 0 
0 8.96866e-06 8.62042e-05 0.000368419 0.000929323 0.00158141 0.0021079 0.00249901 0.00282261 0.00311113 0.00336295 0.00356514 0.00370523 0.00377512 0.00377183 0.00369705 0.00355604 0.00335592 0.0031033 0.00280106 0.00244479 0.00202449 0.00156231 0.00126638 0.00181903 0.00454934 0.0116678 0.01539 0.0158151 0.0144439 0.00739908 0.00227865 0.000526175 0.000104392 2.08643e-05 3.67043e-06 5.57058e-07 7.14755e-08 7.0244e-09 3.78477e-10 0 
0 3.94324e-06 3.91529e-05 0.000182829 0.000534211 0.00107212 0.00162164 0.002052 0.00236216 0.00259545 0.0027788 0.00291893 0.00301346 0.00305863 0.00305264 0.00299627 0.00289225 0.00274346 0.00255022 0.00230687 0.0020001 0.00161925 0.00120716 0.00100188 0.00172951 0.00493661 0.0131574 0.0158151 0.0161463 0.0150449 0.00883288 0.00250959 0.000564925 0.000101383 1.75532e-05 2.80744e-06 4.07852e-07 5.15148e-08 5.03264e-09 2.70288e-10 0 
0 1.56765e-06 1.57444e-05 7.75058e-05 0.000252054 0.000587856 0.00103896 0.00148631 0.00184538 0.00210381 0.00228301 0.00240398 0.00247842 0.0025114 0.00250507 0.00246062 0.00237845 0.00225702 0.00209119 0.00187177 0.00159024 0.00125465 0.000918548 0.000747447 0.00127059 0.00357523 0.00890883 0.0144439 0.0150449 0.0125667 0.00568239 0.00185923 0.000418509 7.38309e-05 1.19053e-05 1.79088e-06 2.54299e-07 3.20859e-08 3.1512e-09 1.70275e-10 0 
0 5.64245e-07 5.63874e-06 2.83895e-05 9.83266e-05 0.000255222 0.000517409 0.000851685 0.00119062 0.00147926 0.0016966 0.00184541 0.00193608 0.00197799 0.00197718 0.0019365 0.00185616 0.00173425 0.00156825 0.00135887 0.00111683 0.000868776 0.000652685 0.000523876 0.000721033 0.00181982 0.00419939 0.00739908 0.00883288 0.00568239 0.00279121 0.000923686 0.000213042 3.89187e-05 6.22574e-06 9.30632e-07 1.33738e-07 1.71773e-08 1.71638e-09 9.41865e-11 0 
0 1.84166e-07 1.81026e-06 9.11852e-06 3.24427e-05 8.93869e-05 0.000198517 0.0003654 0.000573237 0.000789805 0.000983965 0.00113636 0.00123967 0.00129373 0.00130116 0.00126497 0.00118818 0.00107488 0.000932272 0.000773031 0.000616135 0.000483364 0.000389258 0.000334173 0.000361963 0.000673184 0.00142162 0.00227865 0.00250959 0.00185923 0.000923686 0.000312521 7.67543e-05 1.4964e-05 2.50311e-06 3.94158e-07 5.93964e-08 7.90413e-09 8.12288e-10 4.56542e-11 0 
0 5.45616e-08 5.23617e-07 2.6016e-06 9.27848e-06 2.61669e-05 6.08539e-05 0.00011966 0.00020306 0.000303376 0.000407013 0.0004994 0.000569099 0.000609377 0.000617883 0.000595764 0.000547049 0.000478413 0.000398966 0.000319534 0.000251062 0.000202204 0.000176319 0.000168947 0.000175739 0.000224244 0.000359736 0.000526175 0.000564925 0.000418509 0.000213042 7.67543e-05 2.05673e-05 4.35677e-06 8.02247e-07 1.39187e-07 2.24931e-08 3.1371e-09 3.34325e-10 1.93817e-11 0 
0 1.46606e-08 1.36776e-07 6.64792e-07 2.34225e-06 6.60896e-06 1.55992e-05 3.15658e-05 5.57335e-05 8.71651e-05 0.000122449 0.000156506 0.00018406 0.000201006 0.000205232 0.000196851 0.00017798 0.000152243 0.00012405 9.77814e-05 7.70185e-05 6.40013e-05 5.92959e-05 6.14653e-05 6.74756e-05 7.6099e-05 8.99738e-05 0.000104392 0.000101383 7.38309e-05 3.89187e-05 1.4964e-05 4.35677e-06 1.03299e-06 2.17381e-07 4.21822e-08 7.34235e-09 1.07827e-09 1.19811e-10 7.20228e-12 0 
0 3.55842e-09 3.22063e-08 1.52473e-07 5.26566e-07 1.46802e-06 3.45428e-06 7.03046e-06 1.25813e-05 2.00504e-05 2.87689e-05 3.75254e-05 4.4875e-05 4.95538e-05 5.08287e-05 4.86681e-05 4.37068e-05 3.70431e-05 2.99492e-05 2.35863e-05 1.88056e-05 1.6066e-05 1.54267e-05 1.65229e-05 1.85437e-05 2.04717e-05 2.15096e-05 2.08643e-05 1.75532e-05 1.19053e-05 6.22574e-06 2.50311e-06 8.02247e-07 2.17381e-07 5.21526e-08 1.11574e-08 2.07761e-09 3.21446e-10 3.73547e-11 2.3368e-12 0 
0 7.72692e-10 6.78026e-09 3.12101e-08 1.05258e-07 2.88142e-07 6.69761e-07 1.35471e-06 2.42234e-06 3.8737e-06 5.59235e-06 7.34703e-06 8.84476e-06 9.81591e-06 1.0096e-05 9.67184e-06 8.67773e-06 7.34847e-06 5.95114e-06 4.72166e-06 3.82448e-06 3.33941e-06 3.26339e-06 3.50875e-06 3.89693e-06 4.18412e-06 4.14622e-06 3.67043e-06 2.80744e-06 1.79088e-06 9.30632e-07 3.94158e-07 1.39187e-07 4.21822e-08 1.11574e-08 2.57233e-09 5.08266e-10 8.27745e-11 1.00736e-11 6.57113e-13 0 
0 1.47097e-10 1.25187e-09 5.60123e-09 1.84234e-08 4.9389e-08 1.12929e-07 2.2571e-07 4.00474e-07 6.37739e-07 9.19332e-07 1.20821e-06 1.45645e-06 1.61907e-06 1.66802e-06 1.60058e-06 1.43907e-06 1.22289e-06 9.96725e-07 7.99653e-07 6.58298e-07 5.84447e-07 5.75157e-07 6.12816e-07 6.6548e-07 6.92455e-07 6.59455e-07 5.57058e-07 4.07852e-07 2.54299e-07 1.33738e-07 5.93964e-08 2.24931e-08 7.34235e-09 2.07761e-09 5.08266e-10 1.05971e-10 1.81389e-11 2.31182e-12 1.57362e-13 0 
0 2.35208e-11 1.94333e-10 8.45726e-10 2.71308e-09 7.11731e-09 1.59831e-08 3.14905e-08 5.52714e-08 8.73439e-08 1.25281e-07 1.64174e-07 1.97664e-07 2.19744e-07 2.26636e-07 2.17943e-07 1.96643e-07 1.68031e-07 1.38133e-07 1.12213e-07 9.38085e-08 8.43478e-08 8.3119e-08 8.73616e-08 9.25852e-08 9.36248e-08 8.66908e-08 7.14755e-08 5.15148e-08 3.20859e-08 1.71773e-08 7.90413e-09 3.1371e-09 1.07827e-09 3.21446e-10 8.27745e-11 1.81389e-11 3.25655e-12 4.34225e-13 3.08336e-14 0 
0 2.8516e-12 2.29043e-11 9.70682e-11 3.0396e-10 7.80565e-10 1.72124e-09 3.34062e-09 5.79367e-09 9.07267e-09 1.29286e-08 1.68696e-08 2.02625e-08 2.251e-08 2.32352e-08 2.23973e-08 2.0293e-08 1.7453e-08 1.44839e-08 1.19165e-08 1.01034e-08 9.173e-09 9.02411e-09 9.34647e-09 9.68046e-09 9.54843e-09 8.65041e-09 7.0244e-09 5.03264e-09 3.1512e-09 1.71638e-09 8.12288e-10 3.34325e-10 1.19811e-10 3.73547e-11 1.00736e-11 2.31182e-12 4.34225e-13 6.04686e-14 4.47458e-15 0 
0 1.87293e-13 1.46477e-12 6.0541e-12 1.85283e-11 4.66194e-11 1.01001e-10 1.93133e-10 3.30926e-10 5.13338e-10 7.26378e-10 9.43231e-10 1.12972e-09 1.25374e-09 1.29505e-09 1.25145e-09 1.13894e-09 9.863e-10 8.26513e-10 6.88492e-10 5.91175e-10 5.40702e-10 5.30117e-10 5.41193e-10 5.49006e-10 5.29956e-10 4.71519e-10 3.78477e-10 2.70288e-10 1.70275e-10 9.41865e-11 4.56542e-11 1.93817e-11 7.20228e-12 2.3368e-12 6.57113e-13 1.57362e-13 3.08336e-14 4.47458e-15 3.44526e-16 0 
0 0 0 0 0 0 0 0 0 0 0 0 0 0 0 0 0 0 0 0 0 0 0 0 0 0 0 0 0 0 0 0 0 0 0 0 0 0 0 0 0 
