0 0 0 0 0 0 0 0 0 0 0 0 0 0 0 0 0 0 0 0 0 0 0 0 0 0 0 0 0 0 0 0 0 0 0 0 0 0 0 0 0 
0 7.42541e-20 7.15447e-19 3.6919e-18 1.42846e-17 4.59539e-17 1.28518e-16 3.19634e-16 7.16097e-16 1.45656e-15 2.70363e-15 4.59631e-15 7.17666e-15 1.03159e-14 1.36806e-14 1.67734e-14 1.9054e-14 2.00981e-14 1.97296e-14 1.80674e-14 1.54711e-14 1.2417e-14 9.36212e-15 6.64554e-15 4.44961e-15 2.81489e-15 1.68461e-15 9.54508e-16 5.12161e-16 2.60123e-16 1.24887e-16 5.65408e-17 2.40433e-17 9.54471e-18 3.50408e-18 1.17199e-18 3.48189e-19 8.76191e-20 1.67865e-20 1.74285e-21 0 
0 7.15447e-19 7.09749e-18 3.77216e-17 1.50304e-16 4.97675e-16 1.43118e-15 3.65531e-15 8.39616e-15 1.74766e-14 3.31282e-14 5.73867e-14 9.10905e-14 1.32798e-13 1.78203e-13 2.2059e-13 2.52458e-13 2.67761e-13 2.63837e-13 2.4214e-13 2.07526e-13 1.66522e-13 1.25417e-13 8.88669e-14 5.93659e-14 3.74556e-14 2.23497e-14 1.26233e-14 6.75037e-15 3.41608e-15 1.63372e-15 7.3651e-16 3.11728e-16 1.23104e-16 4.49288e-17 1.49274e-17 4.40169e-18 1.09837e-18 2.08465e-19 2.14209e-20 0 
0 3.6919e-18 3.77216e-17 2.06586e-16 8.48218e-16 2.89274e-15 8.56047e-15 2.24709e-14 5.29638e-14 1.12915e-13 2.18771e-13 3.8649e-13 6.2422e-13 9.23811e-13 1.25555e-12 1.57065e-12 1.8128e-12 1.9353e-12 1.91619e-12 1.76451e-12 1.51544e-12 1.21731e-12 9.17047e-13 6.49538e-13 4.3353e-13 2.73183e-13 1.62752e-13 9.17537e-14 4.89603e-14 2.4715e-14 1.17852e-14 5.29471e-15 2.23186e-15 8.77129e-16 3.18303e-16 1.05053e-16 3.07392e-17 7.60319e-18 1.42881e-18 1.45209e-19 0 
0 1.42846e-17 1.50304e-16 8.48218e-16 3.58909e-15 1.26094e-14 3.84098e-14 1.03659e-13 2.50815e-13 5.47951e-13 1.08576e-12 1.95756e-12 3.21951e-12 4.8411e-12 6.67048e-12 8.44211e-12 9.83837e-12 1.05865e-11 1.05483e-11 9.76164e-12 8.4158e-12 6.77975e-12 5.11845e-12 3.63108e-12 2.42623e-12 1.52995e-12 9.11802e-13 5.14017e-13 2.74148e-13 1.38247e-13 6.58123e-14 2.94952e-14 1.23916e-14 4.84874e-15 1.74993e-15 5.73685e-16 1.66529e-16 4.08092e-17 7.58835e-18 7.62156e-19 0 
0 4.59539e-17 4.97675e-16 2.89274e-15 1.26094e-14 4.56237e-14 1.43028e-13 3.96826e-13 9.85735e-13 2.20724e-12 4.47456e-12 8.2374e-12 1.38051e-11 2.11098e-11 2.95202e-11 3.78454e-11 4.45987e-11 4.84506e-11 4.86721e-11 4.53584e-11 3.93412e-11 3.18597e-11 2.41641e-11 1.72126e-11 1.15433e-11 7.3025e-12 4.36405e-12 2.46561e-12 1.31706e-12 6.64665e-13 3.16355e-13 1.41601e-13 5.93407e-14 2.31301e-14 8.3035e-15 2.70362e-15 7.78259e-16 1.88841e-16 3.47181e-17 3.44297e-18 0 
0 1.28518e-16 1.43118e-15 8.56047e-15 3.84098e-14 1.43028e-13 4.61188e-13 1.31489e-12 3.35236e-12 7.69342e-12 1.59587e-11 3.00098e-11 5.12821e-11 7.98157e-11 1.1341e-10 1.47491e-10 1.76055e-10 1.93477e-10 1.96392e-10 1.84761e-10 1.6165e-10 1.31973e-10 1.00858e-10 7.23591e-11 4.88527e-11 3.10976e-11 1.86886e-11 1.061e-11 5.68972e-12 2.87937e-12 1.37249e-12 6.1432e-13 2.57019e-13 9.9842e-14 3.56554e-14 1.15275e-14 3.28884e-15 7.89559e-16 1.43385e-16 1.4025e-17 0 
0 3.19634e-16 3.65531e-15 2.24709e-14 1.03659e-13 3.96826e-13 1.31489e-12 3.84953e-12 1.00681e-11 2.36744e-11 5.02501e-11 9.65518e-11 1.68337e-10 2.66924e-10 3.85859e-10 5.09871e-10 6.17679e-10 6.88231e-10 7.0773e-10 6.74078e-10 5.96781e-10 4.92817e-10 3.80818e-10 2.76149e-10 1.88358e-10 1.21061e-10 7.33988e-11 4.19965e-11 2.26683e-11 1.1529e-11 5.51318e-12 2.4708e-12 1.03286e-12 4.00003e-13 1.42094e-13 4.55954e-14 1.28838e-14 3.05729e-15 5.47807e-16 5.2785e-17 0 
0 7.16097e-16 8.39616e-15 5.29638e-14 2.50815e-13 9.85735e-13 3.35236e-12 1.00681e-11 2.69931e-11 6.50061e-11 1.4117e-10 2.77222e-10 4.93437e-10 7.97916e-10 1.17512e-09 1.58057e-09 1.94756e-09 2.20585e-09 2.30478e-09 2.22975e-09 2.00471e-09 1.68086e-09 1.3185e-09 9.70257e-10 6.71255e-10 4.37263e-10 2.68414e-10 1.55277e-10 8.45954e-11 4.33386e-11 2.0828e-11 9.35739e-12 3.91094e-12 1.51025e-12 5.33501e-13 1.69796e-13 4.74723e-14 1.11216e-14 1.96358e-15 1.86125e-16 0 
0 1.45656e-15 1.74766e-14 1.12915e-13 5.47951e-13 2.20724e-12 7.69342e-12 2.36744e-11 6.50061e-11 1.60245e-10 3.55977e-10 7.14596e-10 1.29935e-09 2.14507e-09 3.22346e-09 4.42204e-09 5.55572e-09 6.41505e-09 6.83306e-09 6.73951e-09 6.17802e-09 5.28178e-09 4.22425e-09 3.16848e-09 2.23301e-09 1.48037e-09 9.23543e-10 5.41999e-10 2.9889e-10 1.5459e-10 7.47885e-11 3.37182e-11 1.40962e-11 5.42706e-12 1.90534e-12 6.00882e-13 1.66015e-13 3.83423e-14 6.65999e-15 6.20022e-16 0 
0 2.70363e-15 3.31282e-14 2.18771e-13 1.08576e-12 4.47456e-12 1.59587e-11 5.02501e-11 1.4117e-10 3.55977e-10 8.08739e-10 1.65996e-09 3.08549e-09 5.2065e-09 7.9969e-09 1.12138e-08 1.44046e-08 1.70111e-08 1.85399e-08 1.87188e-08 1.75729e-08 1.53902e-08 1.26099e-08 9.68682e-09 6.9868e-09 4.73453e-09 3.01378e-09 1.80048e-09 1.00787e-09 5.27419e-10 2.57229e-10 1.16466e-10 4.87072e-11 1.86873e-11 6.51418e-12 2.03295e-12 5.54172e-13 1.25957e-13 2.14856e-14 1.96101e-15 0 
0 4.59631e-15 5.73867e-14 3.8649e-13 1.95756e-12 8.2374e-12 3.00098e-11 9.65518e-11 2.77222e-10 7.14596e-10 1.65996e-09 3.48452e-09 6.62628e-09 1.14438e-08 1.79993e-08 2.58632e-08 3.40689e-08 4.12953e-08 4.6236e-08 4.80006e-08 4.63702e-08 4.18117e-08 3.52769e-08 2.78962e-08 2.06932e-08 1.43987e-08 9.38998e-09 5.73018e-09 3.26487e-09 1.73195e-09 8.52522e-10 3.87789e-10 1.62183e-10 6.19507e-11 2.14121e-11 6.60122e-12 1.77196e-12 3.95542e-13 6.61236e-14 5.90511e-15 0 
0 7.17666e-15 9.10905e-14 6.2422e-13 3.21951e-12 1.38051e-11 5.12821e-11 1.68337e-10 4.93437e-10 1.29935e-09 3.08549e-09 6.62628e-09 1.29026e-08 2.28397e-08 3.68621e-08 5.44201e-08 7.37536e-08 9.21083e-08 1.06409e-07 1.14136e-07 1.14046e-07 1.06446e-07 9.29851e-08 7.60993e-08 5.83525e-08 4.18867e-08 2.80991e-08 1.75739e-08 1.02172e-08 5.50324e-09 2.73591e-09 1.2501e-09 5.22387e-10 1.98375e-10 6.78536e-11 2.06197e-11 5.43762e-12 1.18927e-12 1.94396e-13 1.69495e-14 0 
0 1.03159e-14 1.32798e-13 9.23811e-13 4.8411e-12 2.11098e-11 7.98157e-11 2.66924e-10 7.97916e-10 2.14507e-09 5.2065e-09 1.14438e-08 2.28397e-08 4.15068e-08 6.8895e-08 1.04803e-07 1.46646e-07 1.8947e-07 2.269e-07 2.52741e-07 2.62641e-07 2.55187e-07 2.3212e-07 1.97701e-07 1.57529e-07 1.17205e-07 8.1204e-08 5.2215e-08 3.10434e-08 1.69972e-08 8.53578e-09 3.91489e-09 1.63212e-09 6.14883e-10 2.07622e-10 6.20239e-11 1.60246e-11 3.42472e-12 5.45973e-13 4.63694e-14 0 
0 1.36806e-14 1.78203e-13 1.25555e-12 6.67048e-12 2.95202e-11 1.1341e-10 3.85859e-10 1.17512e-09 3.22346e-09 7.9969e-09 1.79993e-08 3.68621e-08 6.8895e-08 1.17893e-07 1.85358e-07 2.68779e-07 3.60832e-07 4.50124e-07 5.23464e-07 5.68946e-07 5.7885e-07 5.51508e-07 4.9166e-07 4.09268e-07 3.17113e-07 2.278e-07 1.51032e-07 9.19861e-08 5.12287e-08 2.59745e-08 1.19404e-08 4.95517e-09 1.84687e-09 6.13711e-10 1.79649e-10 4.5329e-11 9.43792e-12 1.46343e-12 1.2077e-13 0 
0 1.67734e-14 2.2059e-13 1.57065e-12 8.44211e-12 3.78454e-11 1.47491e-10 5.09871e-10 1.58057e-09 4.42204e-09 1.12138e-08 2.58632e-08 5.44201e-08 1.04803e-07 1.85358e-07 3.02186e-07 4.55855e-07 6.38729e-07 8.34183e-07 1.01839e-06 1.16447e-06 1.24808e-06 1.2531e-06 1.17613e-06 1.02834e-06 8.337e-07 6.23284e-07 4.27189e-07 2.66875e-07 1.51169e-07 7.72877e-08 3.5528e-08 1.46314e-08 5.37592e-09 1.75139e-09 5.00475e-10 1.22885e-10 2.48447e-11 3.73601e-12 2.98834e-13 0 
0 1.9054e-14 2.52458e-13 1.8128e-12 9.83837e-12 4.45987e-11 1.76055e-10 6.17679e-10 1.94756e-09 5.55572e-09 1.44046e-08 3.40689e-08 7.37536e-08 1.46646e-07 2.68779e-07 4.55855e-07 7.18209e-07 1.05508e-06 1.44993e-06 1.86852e-06 2.261e-06 2.56852e-06 2.73434e-06 2.71809e-06 2.50996e-06 2.13916e-06 1.67039e-06 1.18615e-06 7.60631e-07 4.37871e-07 2.25252e-07 1.03207e-07 4.20106e-08 1.51496e-08 4.81712e-09 1.33797e-09 3.18422e-10 6.22931e-11 9.0569e-12 7.00386e-13 0 
0 2.00981e-14 2.67761e-13 1.9353e-12 1.05865e-11 4.84506e-11 1.93477e-10 6.88231e-10 2.20585e-09 6.41505e-09 1.70111e-08 4.12953e-08 9.21083e-08 1.8947e-07 3.60832e-07 6.38729e-07 1.05508e-06 1.63226e-06 2.37203e-06 3.24434e-06 4.17872e-06 5.06222e-06 5.74943e-06 6.08979e-06 5.97235e-06 5.37615e-06 4.39992e-06 3.24318e-06 2.13504e-06 1.24708e-06 6.43472e-07 2.92604e-07 1.17135e-07 4.12385e-08 1.27316e-08 3.4206e-09 7.85645e-10 1.48173e-10 2.07659e-11 1.54877e-12 0 
0 1.97296e-14 2.63837e-13 1.91619e-12 1.05483e-11 4.86721e-11 1.96392e-10 7.0773e-10 2.30478e-09 6.83306e-09 1.85399e-08 4.6236e-08 1.06409e-07 2.269e-07 4.50124e-07 8.34183e-07 1.44993e-06 2.37203e-06 3.66223e-06 5.34376e-06 7.36735e-06 9.57444e-06 1.16732e-05 1.32554e-05 1.38849e-05 1.32648e-05 1.14169e-05 8.74929e-06 5.91043e-06 3.49427e-06 1.80084e-06 8.08287e-07 3.16274e-07 1.08029e-07 3.21918e-08 8.32187e-09 1.83632e-09 3.32645e-10 4.48061e-11 3.21585e-12 0 
0 1.80674e-14 2.4214e-13 1.76451e-12 9.76164e-12 4.53584e-11 1.84761e-10 6.74078e-10 2.22975e-09 6.73951e-09 1.87188e-08 4.80006e-08 1.14136e-07 2.52741e-07 5.23464e-07 1.01839e-06 1.86852e-06 3.24434e-06 5.34376e-06 8.35729e-06 1.23972e-05 1.73817e-05 2.28867e-05 2.80329e-05 3.15472e-05 3.21454e-05 2.92027e-05 2.33083e-05 1.6149e-05 9.63439e-06 4.93294e-06 2.17012e-06 8.23605e-07 2.70895e-07 7.73948e-08 1.91417e-08 4.03939e-09 7.00324e-10 9.04261e-11 6.23431e-12 0 
0 1.54711e-14 2.07526e-13 1.51544e-12 8.4158e-12 3.93412e-11 1.6165e-10 5.96781e-10 2.00471e-09 6.17802e-09 1.75729e-08 4.63702e-08 1.14046e-07 2.62641e-07 5.68946e-07 1.16447e-06 2.261e-06 4.17872e-06 7.36735e-06 1.23972e-05 1.98755e-05 3.02176e-05 4.3213e-05 5.7438e-05 6.98709e-05 7.64002e-05 7.36913e-05 6.15822e-05 4.39001e-05 2.64025e-05 1.33421e-05 5.68831e-06 2.06676e-06 6.46953e-07 1.75618e-07 4.12879e-08 8.29453e-09 1.37201e-09 1.69471e-10 1.121e-11 0 
0 1.2417e-14 1.66522e-13 1.21731e-12 6.77975e-12 3.18597e-11 1.31973e-10 4.92817e-10 1.68086e-09 5.28178e-09 1.53902e-08 4.18117e-08 1.06446e-07 2.55187e-07 5.7885e-07 1.24808e-06 2.56852e-06 5.06222e-06 9.57444e-06 1.73817e-05 3.02176e-05 5.00195e-05 7.807e-05 0.000113286 0.000150178 0.000178431 0.000186276 0.000167112 0.000125561 7.71121e-05 3.82147e-05 1.53845e-05 5.1595e-06 1.48633e-06 3.7488e-07 8.28004e-08 1.57478e-08 2.47861e-09 2.92521e-10 1.85585e-11 0 
0 9.36212e-15 1.25417e-13 9.17047e-13 5.11845e-12 2.41641e-11 1.00858e-10 3.80818e-10 1.3185e-09 4.22425e-09 1.26099e-08 3.52769e-08 9.29851e-08 2.3212e-07 5.51508e-07 1.2531e-06 2.73434e-06 5.74943e-06 1.16732e-05 2.28867e-05 4.3213e-05 7.807e-05 0.00013352 0.000213209 0.000313705 0.000420701 0.000505344 0.000523135 0.000440929 0.000286983 0.000140016 5.13493e-05 1.47349e-05 3.55555e-06 7.7289e-07 1.54234e-07 2.73884e-08 4.08745e-09 4.60769e-10 2.80603e-11 0 
0 6.64554e-15 8.88669e-14 6.49538e-13 3.63108e-12 1.72126e-11 7.23591e-11 2.76149e-10 9.70257e-10 3.16848e-09 9.68682e-09 2.78962e-08 7.60993e-08 1.97701e-07 4.9166e-07 1.17613e-06 2.71809e-06 6.08979e-06 1.32554e-05 2.80329e-05 5.7438e-05 0.000113286 0.000213209 0.000381258 0.000652749 0.00107335 0.00162131 0.00204987 0.00198085 0.00137936 0.000672855 0.00022907 5.57807e-05 1.04299e-05 1.70541e-06 2.7516e-07 4.3524e-08 6.09234e-09 6.55877e-10 3.84197e-11 0 
0 4.44961e-15 5.93659e-14 4.3353e-13 2.42623e-12 1.15433e-11 4.88527e-11 1.88358e-10 6.71255e-10 2.23301e-09 6.9868e-09 2.06932e-08 5.83525e-08 1.57529e-07 4.09268e-07 1.02834e-06 2.50996e-06 5.97235e-06 1.38849e-05 3.15472e-05 6.98709e-05 0.000150178 0.000313705 0.000652749 0.00140378 0.00301797 0.00570646 0.0083502 0.00875637 0.00633506 0.00310778 0.00102824 0.000231055 3.64252e-05 4.43539e-06 5.08371e-07 6.42463e-08 8.15197e-09 8.35541e-10 4.72269e-11 0 
0 2.81489e-15 3.74556e-14 2.73183e-13 1.52995e-12 7.3025e-12 3.10976e-11 1.21061e-10 4.37263e-10 1.48037e-09 4.73453e-09 1.43987e-08 4.18867e-08 1.17205e-07 3.17113e-07 8.337e-07 2.13916e-06 5.37615e-06 1.32648e-05 3.21454e-05 7.64002e-05 0.000178431 0.000420701 0.00107335 0.00301797 0.00813063 0.0176182 0.0276869 0.030081 0.0221151 0.0108902 0.00357379 0.000781342 0.000114973 1.18968e-05 1.0014e-06 9.10274e-08 9.78361e-09 9.44384e-10 5.16915e-11 0 
0 1.68461e-15 2.23497e-14 1.62752e-13 9.11802e-13 4.36405e-12 1.86886e-11 7.33988e-11 2.68414e-10 9.23543e-10 3.01378e-09 9.38998e-09 2.80991e-08 8.1204e-08 2.278e-07 6.23284e-07 1.67039e-06 4.39992e-06 1.14169e-05 2.92027e-05 7.36913e-05 0.000186276 0.000505344 0.00162131 0.00570646 0.0176182 0.0408151 0.0661797 0.072925 0.05392 0.0265828 0.00869969 0.00188434 0.000270483 2.61718e-05 1.84907e-06 1.23444e-07 1.0533e-08 9.39994e-10 5.00068e-11 0 
0 9.54508e-16 1.26233e-14 9.17537e-14 5.14017e-13 2.46561e-12 1.061e-11 4.19965e-11 1.55277e-10 5.41999e-10 1.80048e-09 5.73018e-09 1.75739e-08 5.2215e-08 1.51032e-07 4.27189e-07 1.18615e-06 3.24318e-06 8.74929e-06 2.33083e-05 6.15822e-05 0.000167112 0.000523135 0.00204987 0.0083502 0.0276869 0.0661797 0.108754 0.12048 0.0892308 0.0439853 0.0143741 0.00310182 0.000441015 4.15474e-05 2.70787e-06 1.47816e-07 1.00246e-08 8.17647e-10 4.24917e-11 0 
0 5.12161e-16 6.75037e-15 4.89603e-14 2.74148e-13 1.31706e-12 5.68972e-12 2.26683e-11 8.45954e-11 2.9889e-10 1.00787e-09 3.26487e-09 1.02172e-08 3.10434e-08 9.19861e-08 2.66875e-07 7.60631e-07 2.13504e-06 5.91043e-06 1.6149e-05 4.39001e-05 0.000125561 0.000440929 0.00198085 0.00875637 0.030081 0.072925 0.12048 0.13372 0.0990779 0.0488213 0.0159394 0.00343353 0.000486239 4.53113e-05 2.85303e-06 1.40489e-07 8.12439e-09 6.15636e-10 3.15579e-11 0 
0 2.60123e-16 3.41608e-15 2.4715e-14 1.38247e-13 6.64665e-13 2.87937e-12 1.1529e-11 4.33386e-11 1.5459e-10 5.27419e-10 1.73195e-09 5.50324e-09 1.69972e-08 5.12287e-08 1.51169e-07 4.37871e-07 1.24708e-06 3.49427e-06 9.63439e-06 2.64025e-05 7.71121e-05 0.000286983 0.00137936 0.00633506 0.0221151 0.05392 0.0892308 0.0990779 0.0734079 0.0361596 0.0117982 0.00253925 0.000359048 3.33324e-05 2.07466e-06 9.86151e-08 5.37447e-09 3.97411e-10 2.04184e-11 0 
0 1.24887e-16 1.63372e-15 1.17852e-14 6.58123e-14 3.16355e-13 1.37249e-12 5.51318e-12 2.0828e-11 7.47885e-11 2.57229e-10 8.52522e-10 2.73591e-09 8.53578e-09 2.59745e-08 7.72877e-08 2.25252e-07 6.43472e-07 1.80084e-06 4.93294e-06 1.33421e-05 3.82147e-05 0.000140016 0.000672855 0.00310778 0.0108902 0.0265828 0.0439853 0.0488213 0.0361596 0.0178047 0.00580699 0.00124951 0.000176691 1.64168e-05 1.02611e-06 4.9719e-08 2.84375e-09 2.19045e-10 1.14957e-11 0 
0 5.65408e-17 7.3651e-16 5.29471e-15 2.94952e-14 1.41601e-13 6.1432e-13 2.4708e-12 9.35739e-12 3.37182e-11 1.16466e-10 3.87789e-10 1.2501e-09 3.91489e-09 1.19404e-08 3.5528e-08 1.03207e-07 2.92604e-07 8.08287e-07 2.17012e-06 5.68831e-06 1.53845e-05 5.13493e-05 0.00022907 0.00102824 0.00357379 0.00869969 0.0143741 0.0159394 0.0117982 0.00580699 0.00189379 0.000407704 5.77627e-05 5.40086e-06 3.45625e-07 1.82239e-08 1.22184e-09 1.03561e-10 5.63663e-12 0 
0 2.40433e-17 3.11728e-16 2.23186e-15 1.23916e-14 5.93407e-14 2.57019e-13 1.03286e-12 3.91094e-12 1.40962e-11 4.87072e-11 1.62183e-10 5.22387e-10 1.63212e-09 4.95517e-09 1.46314e-08 4.20106e-08 1.17135e-07 3.16274e-07 8.23605e-07 2.06676e-06 5.1595e-06 1.47349e-05 5.57807e-05 0.000231055 0.000781342 0.00188434 0.00310182 0.00343353 0.00253925 0.00124951 0.000407704 8.79405e-05 1.25282e-05 1.19203e-06 8.11356e-08 5.1542e-09 4.45e-10 4.24006e-11 2.41121e-12 0 
0 9.54471e-18 1.23104e-16 8.77129e-16 4.84874e-15 2.31301e-14 9.9842e-14 4.00003e-13 1.51025e-12 5.42706e-12 1.86873e-11 6.19507e-11 1.98375e-10 6.14883e-10 1.84687e-09 5.37592e-09 1.51496e-08 4.12385e-08 1.08029e-07 2.70895e-07 6.46953e-07 1.48633e-06 3.55555e-06 1.04299e-05 3.64252e-05 0.000114973 0.000270483 0.000441015 0.000486239 0.000359048 0.000176691 5.77627e-05 1.25282e-05 1.81242e-06 1.8081e-07 1.42929e-08 1.25689e-09 1.43301e-10 1.51396e-11 9.00721e-13 0 
0 3.50408e-18 4.49288e-17 3.18303e-16 1.74993e-15 8.3035e-15 3.56554e-14 1.42094e-13 5.33501e-13 1.90534e-12 6.51418e-12 2.14121e-11 6.78536e-11 2.07622e-10 6.13711e-10 1.75139e-09 4.81712e-09 1.27316e-08 3.21918e-08 7.73948e-08 1.75618e-07 3.7488e-07 7.7289e-07 1.70541e-06 4.43539e-06 1.18968e-05 2.61718e-05 4.15474e-05 4.53113e-05 3.33324e-05 1.64168e-05 5.40086e-06 1.19203e-06 1.8081e-07 2.06117e-08 2.23639e-09 2.93727e-10 4.13351e-11 4.71559e-12 2.93304e-13 0 
0 1.17199e-18 1.49274e-17 1.05053e-16 5.73685e-16 2.70362e-15 1.15275e-14 4.55954e-14 1.69796e-13 6.00882e-13 2.03295e-12 6.60122e-12 2.06197e-11 6.20239e-11 1.79649e-10 5.00475e-10 1.33797e-09 3.4206e-09 8.32187e-09 1.91417e-08 4.12879e-08 8.28004e-08 1.54234e-07 2.7516e-07 5.08371e-07 1.0014e-06 1.84907e-06 2.70787e-06 2.85303e-06 2.07466e-06 1.02611e-06 3.45625e-07 8.11356e-08 1.42929e-08 2.23639e-09 3.75111e-10 6.63e-11 1.05203e-11 1.27202e-12 8.26749e-14 0 
0 3.48189e-19 4.40169e-18 3.07392e-17 1.66529e-16 7.78259e-16 3.28884e-15 1.28838e-14 4.74723e-14 1.66015e-13 5.54172e-13 1.77196e-12 5.43762e-12 1.60246e-11 4.5329e-11 1.22885e-10 3.18422e-10 7.85645e-10 1.83632e-09 4.03939e-09 8.29453e-09 1.57478e-08 2.73884e-08 4.3524e-08 6.42463e-08 9.10274e-08 1.23444e-07 1.47816e-07 1.40489e-07 9.86151e-08 4.9719e-08 1.82239e-08 5.1542e-09 1.25689e-09 2.93727e-10 6.63e-11 1.35047e-11 2.29751e-12 2.91998e-13 1.9826e-14 0 
0 8.76191e-20 1.09837e-18 7.60319e-18 4.08092e-17 1.88841e-16 7.89559e-16 3.05729e-15 1.11216e-14 3.83423e-14 1.25957e-13 3.95542e-13 1.18927e-12 3.42472e-12 9.43792e-12 2.48447e-11 6.22931e-11 1.48173e-10 3.32645e-10 7.00324e-10 1.37201e-09 2.47861e-09 4.08745e-09 6.09234e-09 8.15197e-09 9.78361e-09 1.0533e-08 1.00246e-08 8.12439e-09 5.37447e-09 2.84375e-09 1.22184e-09 4.45e-10 1.43301e-10 4.13351e-11 1.05203e-11 2.29751e-12 4.11855e-13 5.48354e-14 3.88704e-15 0 
0 1.67865e-20 2.08465e-19 1.42881e-18 7.58835e-18 3.47181e-17 1.43385e-16 5.47807e-16 1.96358e-15 6.65999e-15 2.14856e-14 6.61236e-14 1.94396e-13 5.45973e-13 1.46343e-12 3.73601e-12 9.0569e-12 2.07659e-11 4.48061e-11 9.04261e-11 1.69471e-10 2.92521e-10 4.60769e-10 6.55877e-10 8.35541e-10 9.44384e-10 9.39994e-10 8.17647e-10 6.15636e-10 3.97411e-10 2.19045e-10 1.03561e-10 4.24006e-11 1.51396e-11 4.71559e-12 1.27202e-12 2.91998e-13 5.48354e-14 7.63105e-15 5.64079e-16 0 
0 1.74285e-21 2.14209e-20 1.45209e-19 7.62156e-19 3.44297e-18 1.4025e-17 5.2785e-17 1.86125e-16 6.20022e-16 1.96101e-15 5.90511e-15 1.69495e-14 4.63694e-14 1.2077e-13 2.98834e-13 7.00386e-13 1.54877e-12 3.21585e-12 6.23431e-12 1.121e-11 1.85585e-11 2.80603e-11 3.84197e-11 4.72269e-11 5.16915e-11 5.00068e-11 4.24917e-11 3.15579e-11 2.04184e-11 1.14957e-11 5.63663e-12 2.41121e-12 9.00721e-13 2.93304e-13 8.26749e-14 1.9826e-14 3.88704e-15 5.64079e-16 4.34104e-17 0 
0 0 0 0 0 0 0 0 0 0 0 0 0 0 0 0 0 0 0 0 0 0 0 0 0 0 0 0 0 0 0 0 0 0 0 0 0 0 0 0 0 
