0 0 0 0 0 0 0 0 0 0 0 0 0 0 0 0 0 0 0 0 0 0 0 0 0 0 0 0 0 0 0 0 0 0 0 0 0 0 0 0 0 
0 1.56418e-07 1.35258e-06 5.61507e-06 1.54975e-05 3.18982e-05 5.27276e-05 7.43066e-05 9.36241e-05 0.000109246 0.000120966 0.000129159 0.000134327 0.000136896 0.000137168 0.000135318 0.000131422 0.000125476 0.000117432 0.000107255 9.50211e-05 8.103e-05 6.58973e-05 5.05691e-05 3.62002e-05 2.38929e-05 1.43821e-05 7.8245e-06 3.82354e-06 1.67301e-06 6.55201e-07 2.29946e-07 7.2427e-08 2.04788e-08 5.18368e-09 1.16482e-09 2.27982e-10 3.72775e-11 4.60119e-12 3.06586e-13 0 
0 1.35258e-06 1.17157e-05 4.57748e-05 0.000110578 0.000188926 0.000255625 0.000301433 0.000331166 0.00035193 0.000367848 0.00038021 0.000388906 0.000393505 0.00039379 0.000389939 0.000382514 0.000372314 0.000360129 0.000346392 0.000330764 0.000311815 0.000287092 0.00025396 0.000211336 0.000161592 0.000110969 6.71812e-05 3.54467e-05 1.62448e-05 6.48854e-06 2.27521e-06 7.05842e-07 1.94811e-07 4.7891e-08 1.04271e-08 1.97626e-09 3.13092e-10 3.74906e-11 2.42743e-12 0 
0 5.61507e-06 4.57748e-05 0.000151927 0.00028752 0.000386002 0.000444166 0.00048971 0.000536728 0.000585337 0.000631025 0.000669297 0.000696915 0.000712018 0.000714009 0.000703408 0.000681695 0.000651141 0.000614633 0.000575493 0.000537196 0.000502807 0.000473855 0.000448565 0.000420227 0.000377979 0.000312866 0.000227771 0.000140643 7.23144e-05 3.099e-05 1.12262e-05 3.50129e-06 9.54827e-07 2.29649e-07 4.8675e-08 8.96326e-09 1.37942e-09 1.60593e-10 1.01242e-11 0 
0 1.54975e-05 0.000110578 0.00028752 0.000426821 0.000511057 0.000594243 0.000692917 0.000799151 0.000902407 0.000994388 0.00106896 0.00112189 0.00115073 0.00115488 0.00113537 0.00109468 0.00103648 0.000965211 0.000885815 0.000803482 0.000723545 0.000651451 0.000592302 0.000548909 0.000517411 0.000482409 0.000419865 0.000317179 0.000195665 9.58938e-05 3.7642e-05 1.21732e-05 3.34193e-06 7.95272e-07 1.6527e-07 2.97152e-08 4.45904e-09 5.06275e-10 3.11592e-11 0 
0 3.18982e-05 0.000188926 0.000386002 0.000511057 0.000633197 0.000786016 0.000957095 0.00113091 0.00129513 0.00143955 0.00155594 0.00163833 0.00168326 0.00168987 0.00165978 0.00159678 0.00150632 0.00139501 0.00127001 0.00113852 0.00100745 0.00088323 0.000772092 0.000680387 0.000613667 0.000571446 0.00053703 0.000474265 0.000356005 0.00020917 9.35063e-05 3.25389e-05 9.20626e-06 2.19846e-06 4.5192e-07 7.98146e-08 1.17309e-08 1.30367e-09 7.85734e-11 0 
0 5.27276e-05 0.000255625 0.000444166 0.000594243 0.000786016 0.00101496 0.00126068 0.0015064 0.00173712 0.00193948 0.00210235 0.00221761 0.00228055 0.00228987 0.0022478 0.00215971 0.00203321 0.00187735 0.00170193 0.00151673 0.0013309 0.00115252 0.00098855 0.000845224 0.000728969 0.000646226 0.00059712 0.000559966 0.000485335 0.000342436 0.000179988 6.97441e-05 2.08443e-05 5.07247e-06 1.04132e-06 1.81821e-07 2.63005e-08 2.87197e-09 1.70072e-10 0 
0 7.43066e-05 0.000301433 0.00048971 0.000692917 0.000957095 0.00126068 0.00158237 0.00190272 0.00220302 0.00246641 0.0026808 0.00284185 0.00294013 0.0029565 0.00288914 0.00275959 0.00258889 0.00238499 0.00215652 0.00191511 0.0016723 0.00143826 0.00122132 0.00102814 0.000864371 0.000736195 0.000649993 0.000602321 0.000557861 0.000453508 0.000280554 0.000123631 3.98494e-05 1.0025e-05 2.07426e-06 3.60306e-07 5.15357e-08 5.55103e-09 3.24045e-10 0 
0 9.36241e-05 0.000331166 0.000536728 0.000799151 0.00113091 0.0015064 0.00190272 0.00229688 0.00266683 0.0030031 0.00333355 0.003615 0.00376928 0.00379402 0.00369743 0.00347926 0.0031844 0.00289461 0.00260792 0.00231037 0.00201122 0.00172235 0.00145371 0.00121282 0.00100523 0.000835821 0.000710739 0.000634793 0.000592605 0.000524511 0.000372199 0.000186979 6.57938e-05 1.72974e-05 3.63479e-06 6.31527e-07 8.96984e-08 9.5642e-09 5.521e-10 0 
0 0.000109246 0.00035193 0.000585337 0.000902407 0.00129513 0.00173712 0.00220302 0.00266683 0.00311918 0.00362356 0.00403139 0.00423473 0.00432384 0.0043374 0.00428248 0.00414489 0.00387408 0.00344516 0.00303839 0.00268001 0.00232776 0.00198782 0.00167118 0.00138636 0.0011392 0.000933839 0.000774837 0.000668507 0.000612109 0.000562734 0.000441255 0.000249232 9.58789e-05 2.64861e-05 5.68072e-06 9.91275e-07 1.403e-07 1.48549e-08 8.50366e-10 0 
0 0.000120966 0.000367848 0.000631025 0.000994388 0.00143955 0.00193948 0.00246641 0.0030031 0.00362356 0.00414479 0.00439603 0.00452807 0.00459056 0.00460009 0.00456036 0.00446569 0.00429595 0.00399187 0.0034809 0.003009 0.00260404 0.00221929 0.00186089 0.00153798 0.00125683 0.00102125 0.000834526 0.000702083 0.000626929 0.000581704 0.000486527 0.000301916 0.000125934 3.65311e-05 8.01168e-06 1.40749e-06 1.99017e-07 2.09779e-08 1.1938e-09 0 
0 0.000129159 0.00038021 0.000669297 0.00106896 0.00155594 0.00210235 0.0026808 0.00333355 0.00403139 0.00439603 0.00458597 0.00469282 0.00474489 0.00475272 0.00471897 0.00464027 0.00450497 0.00428239 0.00388356 0.00330554 0.00282675 0.00240403 0.00201223 0.00165898 0.00135084 0.00109156 0.000883602 0.000731139 0.000639158 0.000590823 0.000513132 0.000341032 0.00015193 4.59972e-05 1.03004e-05 1.82311e-06 2.57953e-07 2.71225e-08 1.53756e-09 0 
0 0.000134327 0.000388906 0.000696915 0.00112189 0.00163833 0.00221761 0.00284185 0.003615 0.00423473 0.00452807 0.00469282 0.00478841 0.00483552 0.00484244 0.00481135 0.00473979 0.0046191 0.00442794 0.00410824 0.00355137 0.00298856 0.00253284 0.00211746 0.00174301 0.00141608 0.00114038 0.000917905 0.000751885 0.0006477 0.000594576 0.000526787 0.00036615 0.00017099 5.34769e-05 1.21775e-05 2.16968e-06 3.0742e-07 3.22898e-08 1.82659e-09 0 
0 0.000136896 0.000393505 0.000712018 0.00115073 0.00168326 0.00228055 0.00294013 0.00376928 0.00432384 0.00459056 0.00474489 0.00483552 0.00488034 0.00488667 0.00485655 0.00478784 0.00467303 0.00449414 0.00420456 0.00368838 0.00308038 0.00260034 0.00217213 0.00178641 0.00144953 0.00116516 0.000935064 0.000761916 0.000651036 0.000594549 0.000531515 0.000378441 0.000181597 5.79237e-05 1.3332e-05 2.38652e-06 3.38651e-07 3.55691e-08 2.01065e-09 0 
0 0.000137168 0.00039379 0.000714009 0.00115488 0.00168987 0.00228987 0.0029565 0.00379402 0.0043374 0.00460009 0.00475272 0.00484244 0.00488667 0.00489262 0.00486227 0.00479354 0.00467906 0.00450133 0.0042153 0.00370544 0.00308948 0.00260492 0.00217518 0.00178826 0.00145036 0.00116512 0.000934219 0.000760166 0.000648198 0.000591078 0.000529416 0.000379217 0.000183325 5.88241e-05 1.359e-05 2.43788e-06 3.46357e-07 3.64051e-08 2.05891e-09 0 
0 0.000135318 0.000389939 0.000703408 0.00113537 0.00165978 0.0022478 0.00288914 0.00369743 0.00428248 0.00456036 0.00471897 0.00481135 0.00485655 0.00486227 0.00483061 0.00475923 0.0046401 0.00445371 0.00414848 0.00360758 0.00301606 0.00254918 0.00212877 0.00175017 0.00141974 0.00114103 0.000915762 0.000746662 0.000638915 0.000583997 0.00052099 0.000369271 0.000176517 5.62256e-05 1.29494e-05 2.32188e-06 3.30153e-07 3.47506e-08 1.96853e-09 0 
0 0.000131422 0.000382514 0.000681695 0.00109468 0.00159678 0.00215971 0.00275959 0.00347926 0.00414489 0.00446569 0.00464027 0.00473979 0.00478784 0.00479354 0.00475923 0.00468202 0.00455193 0.00434384 0.00398675 0.0034019 0.00287696 0.00243961 0.00203779 0.00167595 0.00136048 0.00109486 0.000881027 0.000722192 0.000623356 0.000572661 0.000505351 0.000348828 0.000162121 5.06737e-05 1.15676e-05 2.0689e-06 2.94392e-07 3.10545e-08 1.7641e-09 0 
0 0.000125476 0.000372314 0.000651141 0.00103648 0.00150632 0.00203321 0.00258889 0.0031844 0.00387408 0.00429595 0.00450497 0.0046191 0.00467303 0.00467906 0.0046401 0.00455193 0.00440012 0.00414572 0.00368546 0.00313327 0.00269021 0.00228509 0.00190921 0.00157098 0.00127657 0.00102944 0.000831879 0.000687855 0.000601545 0.000555433 0.000480299 0.000317929 0.000141684 4.30915e-05 9.71336e-06 1.73127e-06 2.46635e-07 2.61023e-08 1.489e-09 0 
0 0.000117432 0.000360129 0.000614633 0.000965211 0.00139501 0.00187735 0.00238499 0.00289461 0.00344516 0.00399187 0.00428239 0.00442794 0.00449414 0.00450133 0.00445371 0.00434384 0.00414572 0.00378477 0.00328026 0.00285426 0.0024665 0.00209586 0.00175128 0.00144158 0.00117259 0.000947825 0.000770183 0.000644339 0.000572295 0.000528737 0.000442562 0.0002772 0.000117419 3.46169e-05 7.69916e-06 1.36843e-06 1.95429e-07 2.07838e-08 1.19255e-09 0 
0 0.000107255 0.000346392 0.000575493 0.000885815 0.00127001 0.00170193 0.00215652 0.00260792 0.00303839 0.0034809 0.00388356 0.00410824 0.00420456 0.0042153 0.00414848 0.00398675 0.00368546 0.00328026 0.00291159 0.00256252 0.00221639 0.00188285 0.00157275 0.00129432 0.0010531 0.000852791 0.000697053 0.000590674 0.000531463 0.00048619 0.000388928 0.000228906 9.21387e-05 2.6403e-05 5.81192e-06 1.03289e-06 1.48217e-07 1.58717e-08 9.17693e-10 0 
0 9.50211e-05 0.000330764 0.000537196 0.000803482 0.00113852 0.00151673 0.00191511 0.00231037 0.00268001 0.003009 0.00330554 0.00355137 0.00368838 0.00370544 0.00360758 0.0034019 0.00313327 0.00285426 0.00256252 0.00225805 0.00195217 0.0016569 0.00138217 0.00113548 0.000922141 0.000746169 0.000611714 0.000522184 0.000470145 0.000419597 0.000319107 0.000177826 6.89117e-05 1.94103e-05 4.26009e-06 7.60441e-07 1.09953e-07 1.18773e-08 6.92854e-10 0 
0 8.103e-05 0.000311815 0.000502807 0.000723545 0.00100745 0.0013309 0.0016723 0.00201122 0.00232776 0.00260404 0.00282675 0.00298856 0.00308038 0.00308948 0.00301606 0.00287696 0.00269021 0.0024665 0.00221639 0.00195217 0.00168586 0.00142804 0.00118739 0.000970645 0.00078294 0.000628404 0.00051046 0.000429818 0.000377617 0.000325796 0.00023989 0.000130937 5.03956e-05 1.42346e-05 3.14699e-06 5.66648e-07 8.26515e-08 9.00248e-09 5.29172e-10 0 
0 6.58973e-05 0.000287092 0.000473855 0.000651451 0.00088323 0.00115252 0.00143826 0.00172235 0.00198782 0.00221929 0.00240403 0.00253284 0.00260034 0.00260492 0.00254918 0.00243961 0.00228509 0.00209586 0.00188285 0.0016569 0.00142804 0.00120505 0.000995279 0.000804822 0.000638883 0.000501492 0.000394207 0.000315799 0.000262249 0.000220442 0.000165914 9.47836e-05 3.80009e-05 1.10199e-05 2.47181e-06 4.48488e-07 6.56944e-08 7.17388e-09 4.22379e-10 0 
0 5.05691e-05 0.00025396 0.000448565 0.000592302 0.000772092 0.00098855 0.00122132 0.00145371 0.00167118 0.00186089 0.00201223 0.00211746 0.00217213 0.00217518 0.00212877 0.00203779 0.00190921 0.00175128 0.00157275 0.00138217 0.00118739 0.000995279 0.000812044 0.000644516 0.000501976 0.000393213 0.000315018 0.000250455 0.000190913 0.000145256 0.000111676 7.11717e-05 3.12473e-05 9.46595e-06 2.14906e-06 3.89025e-07 5.6565e-08 6.12417e-09 3.57545e-10 0 
0 3.62002e-05 0.000211336 0.000420227 0.000548909 0.000680387 0.000845224 0.00102814 0.00121282 0.00138636 0.00153798 0.00165898 0.00174301 0.00178641 0.00178826 0.00175017 0.00167595 0.00157098 0.00144158 0.00129432 0.00113548 0.000970645 0.000804822 0.000644516 0.000505402 0.000420902 0.000416333 0.000450378 0.000428213 0.00031465 0.000179392 9.58824e-05 5.76887e-05 2.79674e-05 8.93127e-06 2.03628e-06 3.62975e-07 5.17306e-08 5.4929e-09 3.15112e-10 0 
0 2.38929e-05 0.000161592 0.000377979 0.000517411 0.000613667 0.000728969 0.000864371 0.00100523 0.0011392 0.00125683 0.00135084 0.00141608 0.00144953 0.00145036 0.00141974 0.00136048 0.00127657 0.00117259 0.0010531 0.000922141 0.00078294 0.000638883 0.000501976 0.000420902 0.000494253 0.000779179 0.00129739 0.00156489 0.000894967 0.000450564 0.000167059 6.02185e-05 2.63203e-05 8.67992e-06 1.97105e-06 3.43103e-07 4.76157e-08 4.93463e-09 2.77153e-10 0 
0 1.43821e-05 0.000110969 0.000312866 0.000482409 0.000571446 0.000646226 0.000736195 0.000835821 0.000933839 0.00102125 0.00109156 0.00114038 0.00116516 0.00116512 0.00114103 0.00109486 0.00102944 0.000947825 0.000852791 0.000746169 0.000628404 0.000501492 0.000393213 0.000416333 0.000779179 0.00186132 0.0029821 0.00306633 0.00262952 0.00104882 0.000351979 9.0097e-05 2.67165e-05 8.22042e-06 1.82263e-06 3.08325e-07 4.16724e-08 4.22251e-09 2.32683e-10 0 
0 7.8245e-06 6.71812e-05 0.000227771 0.000419865 0.00053703 0.00059712 0.000649993 0.000710739 0.000774837 0.000834526 0.000883602 0.000917905 0.000935064 0.000934219 0.000915762 0.000881027 0.000831879 0.000770183 0.000697053 0.000611714 0.00051046 0.000394207 0.000315018 0.000450378 0.00129739 0.0029821 0.0032971 0.00333363 0.0031638 0.00225806 0.000564471 0.00013052 2.84344e-05 7.34251e-06 1.5357e-06 2.51293e-07 3.32244e-08 3.31243e-09 1.80186e-10 0 
0 3.82354e-06 3.54467e-05 0.000140643 0.000317179 0.000474265 0.000559966 0.000602321 0.000634793 0.000668507 0.000702083 0.000731139 0.000751885 0.000761916 0.000760166 0.000746662 0.000722192 0.000687855 0.000644339 0.000590674 0.000522184 0.000429818 0.000315799 0.000250455 0.000428213 0.00156489 0.00306633 0.00333363 0.00336982 0.00323585 0.00262758 0.000633006 0.000140005 2.68668e-05 5.89161e-06 1.13768e-06 1.80024e-07 2.34696e-08 2.32348e-09 1.25813e-10 0 
0 1.67301e-06 1.62448e-05 7.23144e-05 0.000195665 0.000356005 0.000485335 0.000557861 0.000592605 0.000612109 0.000626929 0.000639158 0.0006477 0.000651036 0.000648198 0.000638915 0.000623356 0.000601545 0.000572295 0.000531463 0.000470145 0.000377617 0.000262249 0.000190913 0.00031465 0.000894967 0.00262952 0.0031638 0.00323585 0.00302217 0.00164735 0.000460318 0.000103839 1.97457e-05 3.97171e-06 7.17339e-07 1.11035e-07 1.44475e-08 1.43578e-09 7.81198e-11 0 
0 6.55201e-07 6.48854e-06 3.099e-05 9.58938e-05 0.00020917 0.000342436 0.000453508 0.000524511 0.000562734 0.000581704 0.000590823 0.000594576 0.000594549 0.000591078 0.000583997 0.000572661 0.000555433 0.000528737 0.00048619 0.000419597 0.000325796 0.000220442 0.000145256 0.000179392 0.000450564 0.00104882 0.00225806 0.00262758 0.00164735 0.000691062 0.000228708 5.33158e-05 1.08736e-05 2.14147e-06 3.75997e-07 5.82871e-08 7.68607e-09 7.75553e-10 4.28018e-11 0 
0 2.29946e-07 2.27521e-06 1.12262e-05 3.7642e-05 9.35063e-05 0.000179988 0.000280554 0.000372199 0.000441255 0.000486527 0.000513132 0.000526787 0.000531515 0.000529416 0.00052099 0.000505351 0.000480299 0.000442562 0.000388928 0.000319107 0.00023989 0.000165914 0.000111676 9.58824e-05 0.000167059 0.000351979 0.000564471 0.000633006 0.000460318 0.000228708 7.76784e-05 2.00286e-05 4.54058e-06 9.11753e-07 1.62962e-07 2.59922e-08 3.52637e-09 3.65103e-10 2.0615e-11 0 
0 7.2427e-08 7.05842e-07 3.50129e-06 1.21732e-05 3.25389e-05 6.97441e-05 0.000123631 0.000186979 0.000249232 0.000301916 0.000341032 0.00036615 0.000378441 0.000379217 0.000369271 0.000348828 0.000317929 0.0002772 0.000228906 0.000177826 0.000130937 9.47836e-05 7.11717e-05 5.76887e-05 6.02185e-05 9.0097e-05 0.00013052 0.000140005 0.000103839 5.33158e-05 2.00286e-05 5.98293e-06 1.47826e-06 3.1308e-07 5.91448e-08 9.90189e-09 1.39791e-09 1.49765e-10 8.71398e-12 0 
0 2.04788e-08 1.94811e-07 9.54827e-07 3.34193e-06 9.20626e-06 2.08443e-05 3.98494e-05 6.57938e-05 9.58789e-05 0.000125934 0.00015193 0.00017099 0.000181597 0.000183325 0.000176517 0.000162121 0.000141684 0.000117419 9.21387e-05 6.89117e-05 5.03956e-05 3.80009e-05 3.12473e-05 2.79674e-05 2.63203e-05 2.67165e-05 2.84344e-05 2.68668e-05 1.97457e-05 1.08736e-05 4.54058e-06 1.47826e-06 3.93096e-07 9.02101e-08 1.83268e-08 3.24801e-09 4.8024e-10 5.35559e-11 3.22871e-12 0 
0 5.18368e-09 4.7891e-08 2.29649e-07 7.95272e-07 2.19846e-06 5.07247e-06 1.0025e-05 1.72974e-05 2.64861e-05 3.65311e-05 4.59972e-05 5.34769e-05 5.79237e-05 5.88241e-05 5.62256e-05 5.06737e-05 4.30915e-05 3.46169e-05 2.6403e-05 1.94103e-05 1.42346e-05 1.10199e-05 9.46595e-06 8.93127e-06 8.67992e-06 8.22042e-06 7.34251e-06 5.89161e-06 3.97171e-06 2.14147e-06 9.11753e-07 3.1308e-07 9.02101e-08 2.25242e-08 4.91198e-09 9.21785e-10 1.43139e-10 1.6676e-11 1.04554e-12 0 
0 1.16482e-09 1.04271e-08 4.8675e-08 1.6527e-07 4.5192e-07 1.04132e-06 2.07426e-06 3.63479e-06 5.68072e-06 8.01168e-06 1.03004e-05 1.21775e-05 1.3332e-05 1.359e-05 1.29494e-05 1.15676e-05 9.71336e-06 7.69916e-06 5.81192e-06 4.26009e-06 3.14699e-06 2.47181e-06 2.14906e-06 2.03628e-06 1.97105e-06 1.82263e-06 1.5357e-06 1.13768e-06 7.17339e-07 3.75997e-07 1.62962e-07 5.91448e-08 1.83268e-08 4.91198e-09 1.13967e-09 2.25885e-10 3.68614e-11 4.49395e-12 2.93653e-13 0 
0 2.27982e-10 1.97626e-09 8.96326e-09 2.97152e-08 7.98146e-08 1.81821e-07 3.60306e-07 6.31527e-07 9.91275e-07 1.40749e-06 1.82311e-06 2.16968e-06 2.38652e-06 2.43788e-06 2.32188e-06 2.0689e-06 1.73127e-06 1.36843e-06 1.03289e-06 7.60441e-07 5.66648e-07 4.48488e-07 3.89025e-07 3.62975e-07 3.43103e-07 3.08325e-07 2.51293e-07 1.80024e-07 1.11035e-07 5.82871e-08 2.59922e-08 9.90189e-09 3.24801e-09 9.21785e-10 2.25885e-10 4.71528e-11 8.08024e-12 1.03108e-12 7.02753e-14 0 
0 3.72775e-11 3.13092e-10 1.37942e-09 4.45904e-09 1.17309e-08 2.63005e-08 5.15357e-08 8.96984e-08 1.403e-07 1.99017e-07 2.57953e-07 3.0742e-07 3.38651e-07 3.46357e-07 3.30153e-07 2.94392e-07 2.46635e-07 1.95429e-07 1.48217e-07 1.09953e-07 8.26515e-08 6.56944e-08 5.6565e-08 5.17306e-08 4.76157e-08 4.16724e-08 3.32244e-08 2.34696e-08 1.44475e-08 7.68607e-09 3.52637e-09 1.39791e-09 4.8024e-10 1.43139e-10 3.68614e-11 8.08024e-12 1.4515e-12 1.93688e-13 1.37661e-14 0 
0 4.60119e-12 3.74906e-11 1.60593e-10 5.06275e-10 1.30367e-09 2.87197e-09 5.55103e-09 9.5642e-09 1.48549e-08 2.09779e-08 2.71225e-08 3.22898e-08 3.55691e-08 3.64051e-08 3.47506e-08 3.10545e-08 2.61023e-08 2.07838e-08 1.58717e-08 1.18773e-08 9.00248e-09 7.17388e-09 6.12417e-09 5.4929e-09 4.93463e-09 4.22251e-09 3.31243e-09 2.32348e-09 1.43578e-09 7.75553e-10 3.65103e-10 1.49765e-10 5.35559e-11 1.6676e-11 4.49395e-12 1.03108e-12 1.93688e-13 2.69824e-14 1.99782e-15 0 
0 3.06586e-13 2.42743e-12 1.01242e-11 3.11592e-11 7.85734e-11 1.70072e-10 3.24045e-10 5.521e-10 8.50366e-10 1.1938e-09 1.53756e-09 1.82659e-09 2.01065e-09 2.05891e-09 1.96853e-09 1.7641e-09 1.489e-09 1.19255e-09 9.17693e-10 6.92854e-10 5.29172e-10 4.22379e-10 3.57545e-10 3.15112e-10 2.77153e-10 2.32683e-10 1.80186e-10 1.25813e-10 7.81198e-11 4.28018e-11 2.0615e-11 8.71398e-12 3.22871e-12 1.04554e-12 2.93653e-13 7.02753e-14 1.37661e-14 1.99782e-15 1.53868e-16 0 
0 0 0 0 0 0 0 0 0 0 0 0 0 0 0 0 0 0 0 0 0 0 0 0 0 0 0 0 0 0 0 0 0 0 0 0 0 0 0 0 0 
