0 0 0 0 0 0 0 0 0 0 0 0 0 0 0 0 0 0 0 0 0 0 0 0 0 0 0 0 0 0 0 0 0 0 0 0 0 0 0 0 0 
0 2.69941e-19 2.5989e-18 1.33859e-17 5.16291e-17 1.65324e-16 4.59455e-16 1.13347e-15 2.51392e-15 5.05144e-15 9.24229e-15 1.54518e-14 2.36699e-14 3.32991e-14 4.31139e-14 5.14838e-14 5.68248e-14 5.8105e-14 5.51746e-14 4.87756e-14 4.0246e-14 3.10763e-14 2.2513e-14 1.53392e-14 9.85208e-15 5.97689e-15 3.43049e-15 1.86502e-15 9.60975e-16 4.69236e-16 2.16909e-16 9.47173e-17 3.89252e-17 1.49662e-17 5.33389e-18 1.73605e-18 5.03137e-19 1.23812e-19 2.32511e-20 2.37162e-21 0 
0 2.5989e-18 2.57821e-17 1.36878e-16 5.44089e-16 1.79448e-15 5.1313e-15 1.30065e-14 2.95876e-14 6.08556e-14 1.13715e-13 1.937e-13 3.0156e-13 4.30071e-13 5.63079e-13 6.78291e-13 7.53506e-13 7.73839e-13 7.3662e-13 6.51715e-13 5.37431e-13 4.14268e-13 2.99334e-13 2.03291e-13 1.3009e-13 7.861e-14 4.49355e-14 2.4329e-14 1.24841e-14 6.07059e-15 2.79438e-15 1.21492e-15 4.96996e-16 1.90145e-16 6.73992e-17 2.18045e-17 6.27661e-18 1.53284e-18 2.85418e-19 2.88388e-20 0 
0 1.33859e-17 1.36878e-16 7.4941e-16 3.072e-15 1.04431e-14 3.07494e-14 8.0148e-14 1.87161e-13 3.94371e-13 7.5327e-13 1.30842e-12 2.07203e-12 2.99827e-12 3.97309e-12 4.83241e-12 5.4081e-12 5.58372e-12 5.33376e-12 4.72799e-12 3.90118e-12 3.00572e-12 2.16904e-12 1.47036e-12 9.38805e-13 5.65893e-13 3.22635e-13 1.74211e-13 8.91457e-14 4.3223e-14 1.98346e-14 8.5942e-15 3.50225e-15 1.33404e-15 4.70463e-16 1.51301e-16 4.32552e-17 1.04805e-17 1.93407e-18 1.93465e-19 0 
0 5.16291e-17 5.44089e-16 3.072e-15 1.29874e-14 4.5514e-14 1.38031e-13 3.7008e-13 8.87492e-13 1.91673e-12 3.74434e-12 6.63649e-12 1.06982e-11 1.57201e-11 2.11033e-11 2.59436e-11 2.92841e-11 3.04363e-11 2.92175e-11 2.59894e-11 2.14936e-11 1.65824e-11 1.19743e-11 8.11843e-12 5.18259e-12 3.1227e-12 1.77934e-12 9.60067e-13 4.90812e-13 2.37678e-13 1.08887e-13 4.70759e-14 1.91284e-14 7.25893e-15 2.54785e-15 8.14627e-16 2.31263e-16 5.55721e-17 1.0158e-17 1.00521e-18 0 
0 1.65324e-16 1.79448e-15 1.04431e-14 4.5514e-14 1.64375e-13 5.13325e-13 1.41553e-12 3.48607e-12 7.71793e-12 1.54246e-11 2.7909e-11 4.58263e-11 6.84366e-11 9.31662e-11 1.15907e-10 1.32143e-10 1.38481e-10 1.33836e-10 1.19706e-10 9.94443e-11 7.70083e-11 5.57846e-11 3.79261e-11 2.42711e-11 1.46571e-11 8.36854e-12 4.52308e-12 2.31534e-12 1.12206e-12 5.14075e-13 2.22071e-13 9.00661e-14 3.40743e-14 1.19077e-14 3.78522e-15 1.06678e-15 2.54105e-16 4.59741e-17 4.49683e-18 0 
0 4.59455e-16 5.1313e-15 3.07494e-14 1.38031e-13 5.13325e-13 1.64963e-12 4.67627e-12 1.18228e-11 2.68284e-11 5.48586e-11 1.01363e-10 1.69628e-10 2.57667e-10 3.56108e-10 4.48954e-10 5.17833e-10 5.48223e-10 5.34604e-10 4.81985e-10 4.03298e-10 3.14388e-10 2.29166e-10 1.56732e-10 1.00875e-10 6.12494e-11 3.51486e-11 1.90847e-11 9.80768e-12 4.76749e-12 2.18853e-12 9.46047e-13 3.83393e-13 1.44701e-13 5.03597e-14 1.59142e-14 4.45068e-15 1.05016e-15 1.87899e-16 1.81475e-17 0 
0 1.13347e-15 1.30065e-14 8.0148e-14 3.7008e-13 1.41553e-12 4.67627e-12 1.36155e-11 3.53174e-11 8.21136e-11 1.71776e-10 3.24186e-10 5.5321e-10 8.55489e-10 1.20175e-09 1.53773e-09 1.79783e-09 1.92716e-09 1.90111e-09 1.73273e-09 1.46499e-09 1.15357e-09 8.4919e-10 5.86417e-10 3.81006e-10 2.33454e-10 1.35125e-10 7.39455e-11 3.82606e-11 1.87016e-11 8.61931e-12 3.73419e-12 1.51371e-12 5.7026e-13 1.97673e-13 6.20816e-14 1.72183e-14 4.02096e-15 7.10715e-16 6.76958e-17 0 
0 2.51392e-15 2.95876e-14 1.87161e-13 8.87492e-13 3.48607e-12 1.18228e-11 3.53174e-11 9.39084e-11 2.23585e-10 4.78401e-10 9.22323e-10 1.60577e-09 2.5303e-09 3.61767e-09 4.70649e-09 5.5897e-09 6.08246e-09 6.08802e-09 5.62821e-09 4.82588e-09 3.85359e-09 2.87668e-09 2.01428e-09 1.3267e-09 8.23705e-10 4.82733e-10 2.67185e-10 1.39622e-10 6.88033e-11 3.19026e-11 1.38725e-11 5.62999e-12 2.1179e-12 7.31125e-13 2.28081e-13 6.26793e-14 1.44704e-14 2.52335e-15 2.36706e-16 0 
0 5.05144e-15 6.08556e-14 3.94371e-13 1.91673e-12 7.71793e-12 2.68284e-11 8.21136e-11 2.23585e-10 5.44741e-10 1.19181e-09 2.34748e-09 4.172e-09 6.70549e-09 9.77207e-09 1.29512e-08 1.56633e-08 1.73525e-08 1.76818e-08 1.66431e-08 1.45324e-08 1.18202e-08 8.98903e-09 6.41212e-09 4.30123e-09 2.71802e-09 1.61952e-09 9.09987e-10 4.81799e-10 2.3998e-10 1.12167e-10 4.9019e-11 1.99306e-11 7.48724e-12 2.57298e-12 7.9661e-13 2.16659e-13 4.93786e-14 8.48197e-15 7.82341e-16 0 
0 9.24229e-15 1.13715e-13 7.5327e-13 3.74434e-12 1.54246e-11 5.48586e-11 1.71776e-10 4.78401e-10 1.19181e-09 2.66521e-09 5.36382e-09 9.73675e-09 1.59802e-08 2.37766e-08 3.21721e-08 3.97303e-08 4.49576e-08 4.68131e-08 4.50519e-08 4.02447e-08 3.35049e-08 2.6089e-08 1.90554e-08 1.30832e-08 8.45453e-09 5.14406e-09 2.94544e-09 1.58508e-09 8.00012e-10 3.77588e-10 1.66011e-10 6.76455e-11 2.537e-11 8.6718e-12 2.66132e-12 7.15256e-13 1.60651e-13 2.71342e-14 2.45638e-15 0 
0 1.54518e-14 1.937e-13 1.30842e-12 6.63649e-12 2.7909e-11 1.01363e-10 3.24186e-10 9.22323e-10 2.34748e-09 5.36382e-09 1.10311e-08 2.04667e-08 3.43428e-08 5.2265e-08 7.23769e-08 9.1543e-08 1.06187e-07 1.13458e-07 1.12158e-07 1.03015e-07 8.82511e-08 7.07454e-08 5.31985e-08 3.7583e-08 2.49589e-08 1.55758e-08 9.12309e-09 5.00548e-09 2.56572e-09 1.22458e-09 5.41995e-10 2.21306e-10 8.27988e-11 2.81145e-11 8.53833e-12 2.26327e-12 4.99955e-13 8.28591e-14 7.34717e-15 0 
0 2.36699e-14 3.0156e-13 2.07203e-12 1.06982e-11 4.58263e-11 1.69628e-10 5.5321e-10 1.60577e-09 4.172e-09 9.73675e-09 2.04667e-08 3.88423e-08 6.67294e-08 1.04083e-07 1.47908e-07 1.92238e-07 2.29492e-07 2.52749e-07 2.57936e-07 2.44912e-07 2.17132e-07 1.80241e-07 1.40343e-07 1.0258e-07 7.03646e-08 4.52398e-08 2.72061e-08 1.52618e-08 7.96012e-09 3.84576e-09 1.71367e-09 7.00688e-10 2.61171e-10 8.79338e-11 2.63704e-11 6.87805e-12 1.49071e-12 2.41858e-13 2.09595e-14 0 
0 3.32991e-14 4.30071e-13 2.99827e-12 1.57201e-11 6.84366e-11 2.57667e-10 8.55489e-10 2.5303e-09 6.70549e-09 1.59802e-08 3.43428e-08 6.67294e-08 1.17552e-07 1.88345e-07 2.75459e-07 3.69228e-07 4.55563e-07 5.19686e-07 5.50457e-07 5.43443e-07 5.01619e-07 4.33812e-07 3.51855e-07 2.6759e-07 1.90561e-07 1.26779e-07 7.85543e-08 4.51683e-08 2.40066e-08 1.17452e-08 5.26631e-09 2.15334e-09 7.98028e-10 2.65775e-10 7.84918e-11 2.00886e-11 4.26012e-12 6.74872e-13 5.70222e-14 0 
0 4.31139e-14 5.63079e-13 3.97309e-12 2.11033e-11 9.31662e-11 3.56108e-10 1.20175e-09 3.61767e-09 9.77207e-09 2.37766e-08 5.2265e-08 1.04083e-07 1.88345e-07 3.1074e-07 4.69205e-07 6.51126e-07 8.3409e-07 9.90615e-07 1.09522e-06 1.13107e-06 1.0938e-06 9.91742e-07 8.43041e-07 6.70924e-07 4.9857e-07 3.44695e-07 2.20768e-07 1.30385e-07 7.0679e-08 3.50078e-08 1.5774e-08 6.43617e-09 2.36507e-09 7.76701e-10 2.25163e-10 5.63629e-11 1.16594e-11 1.79838e-12 1.47779e-13 0 
0 5.14838e-14 6.78291e-13 4.83241e-12 2.59436e-11 1.15907e-10 4.48954e-10 1.53773e-09 4.70649e-09 1.29512e-08 3.21721e-08 7.23769e-08 1.47908e-07 2.75459e-07 4.69205e-07 7.33913e-07 1.0587e-06 1.41472e-06 1.75866e-06 2.04142e-06 2.21909e-06 2.26277e-06 2.16488e-06 1.94078e-06 1.62565e-06 1.26697e-06 9.13995e-07 6.0685e-07 3.68703e-07 2.03884e-07 1.02123e-07 4.61397e-08 1.87293e-08 6.79979e-09 2.1936e-09 6.21816e-10 1.51682e-10 3.05041e-11 4.56733e-12 3.64058e-13 0 
0 5.68248e-14 7.53506e-13 5.4081e-12 2.92841e-11 1.32143e-10 5.17833e-10 1.79783e-09 5.5897e-09 1.56633e-08 3.97303e-08 9.1543e-08 1.92238e-07 3.69228e-07 6.51126e-07 1.0587e-06 1.59421e-06 2.23299e-06 2.92124e-06 3.58126e-06 4.12344e-06 4.46232e-06 4.53432e-06 4.31404e-06 3.82549e-06 3.14259e-06 2.37481e-06 1.63868e-06 1.0252e-06 5.77953e-07 2.9215e-07 1.31928e-07 5.30633e-08 1.8949e-08 5.97732e-09 1.64949e-09 3.90499e-10 7.60691e-11 1.10218e-11 8.49968e-13 0 
0 5.8105e-14 7.73839e-13 5.58372e-12 3.04363e-11 1.38481e-10 5.48223e-10 1.92716e-09 6.08246e-09 1.73525e-08 4.49576e-08 1.06187e-07 2.29492e-07 4.55563e-07 8.3409e-07 1.41472e-06 2.23299e-06 3.29419e-06 4.55947e-06 5.93783e-06 7.28657e-06 8.42287e-06 9.14955e-06 9.29736e-06 8.77931e-06 7.64005e-06 6.07044e-06 4.36248e-06 2.81126e-06 1.61328e-06 8.20437e-07 3.68697e-07 1.46191e-07 5.10707e-08 1.56686e-08 4.18838e-09 9.58051e-10 1.8009e-10 2.51713e-11 1.87327e-12 0 
0 5.51746e-14 7.3662e-13 5.33376e-12 2.92175e-11 1.33836e-10 5.34604e-10 1.90111e-09 6.08802e-09 1.76818e-08 4.68131e-08 1.13458e-07 2.52749e-07 5.19686e-07 9.90615e-07 1.75866e-06 2.92124e-06 4.55947e-06 6.7106e-06 9.33513e-06 1.2282e-05 1.52605e-05 1.78361e-05 1.94814e-05 1.97062e-05 1.82584e-05 1.53089e-05 1.14782e-05 7.61632e-06 4.43827e-06 2.26111e-06 1.00558e-06 3.90598e-07 1.32634e-07 3.93373e-08 1.01303e-08 2.22846e-09 4.0267e-10 5.41282e-11 3.87853e-12 0 
0 4.87756e-14 6.51715e-13 4.72799e-12 2.59894e-11 1.19706e-10 4.81985e-10 1.73273e-09 5.62821e-09 1.66431e-08 4.50519e-08 1.12158e-07 2.57936e-07 5.50457e-07 1.09522e-06 2.04142e-06 3.58126e-06 5.93783e-06 9.33513e-06 1.39412e-05 1.97737e-05 2.6566e-05 3.36183e-05 3.97209e-05 4.3302e-05 4.29376e-05 3.81323e-05 2.98813e-05 2.04038e-05 1.20357e-05 6.10906e-06 2.6696e-06 1.0079e-06 3.30141e-07 9.40055e-08 2.31864e-08 4.88202e-09 8.44873e-10 1.08928e-10 7.50081e-12 0 
0 4.0246e-14 5.37431e-13 3.90118e-12 2.14936e-11 9.94443e-11 4.03298e-10 1.46499e-09 4.82588e-09 1.45324e-08 4.02447e-08 1.03015e-07 2.44912e-07 5.43443e-07 1.13107e-06 2.21909e-06 4.12344e-06 7.28657e-06 1.2282e-05 1.97737e-05 3.03792e-05 4.4368e-05 6.11481e-05 7.8639e-05 9.29657e-05 9.92398e-05 9.38539e-05 7.72038e-05 5.43685e-05 3.24093e-05 1.62808e-05 6.91567e-06 2.50667e-06 7.83149e-07 2.12207e-07 4.98061e-08 9.99094e-09 1.65054e-09 2.03663e-10 1.34602e-11 0 
0 3.10763e-14 4.14268e-13 3.00572e-12 1.65824e-11 7.70083e-11 3.14388e-10 1.15357e-09 3.85359e-09 1.18202e-08 3.35049e-08 8.82511e-08 2.17132e-07 5.01619e-07 1.0938e-06 2.26277e-06 4.46232e-06 8.42287e-06 1.52605e-05 2.6566e-05 4.4368e-05 7.0743e-05 0.000106722 0.000150279 0.000194101 0.000225461 0.000230698 0.000203341 0.000150632 9.16741e-05 4.52899e-05 1.8271e-05 6.1571e-06 1.78159e-06 4.50368e-07 9.95076e-08 1.89151e-08 2.97492e-09 3.50856e-10 2.22466e-11 0 
0 2.2513e-14 2.99334e-13 2.16904e-12 1.19743e-11 5.57846e-11 2.29166e-10 8.4919e-10 2.87668e-09 8.98903e-09 2.6089e-08 7.07454e-08 1.80241e-07 4.33812e-07 9.91742e-07 2.16488e-06 4.53432e-06 9.14955e-06 1.78361e-05 3.36183e-05 6.11481e-05 0.000106722 0.000176917 0.000274678 0.000393485 0.000513107 0.000598182 0.000602089 0.000496846 0.000319679 0.000155765 5.76266e-05 1.6827e-05 4.14674e-06 9.16353e-07 1.84327e-07 3.28054e-08 4.89647e-09 5.51784e-10 3.35911e-11 0 
0 1.53392e-14 2.03291e-13 1.47036e-12 8.11843e-12 3.79261e-11 1.56732e-10 5.86417e-10 2.01428e-09 6.41212e-09 1.90554e-08 5.31985e-08 1.40343e-07 3.51855e-07 8.43041e-07 1.94078e-06 4.31404e-06 9.29736e-06 1.94814e-05 3.97209e-05 7.8639e-05 0.000150279 0.000274678 0.000476728 0.000787279 0.00123882 0.00179254 0.002196 0.00208373 0.0014395 0.000701984 0.00024069 5.96072e-05 1.14814e-05 1.95019e-06 3.24032e-07 5.18895e-08 7.28429e-09 7.84415e-10 4.59422e-11 0 
0 9.85208e-15 1.3009e-13 9.38805e-13 5.18259e-12 2.42711e-11 1.00875e-10 3.81006e-10 1.3267e-09 4.30123e-09 1.30832e-08 3.7583e-08 1.0258e-07 2.6759e-07 6.70924e-07 1.62565e-06 3.82549e-06 8.77931e-06 1.97062e-05 4.3302e-05 9.29657e-05 0.000194101 0.000393485 0.000787279 0.00160427 0.00326526 0.00594486 0.00852798 0.00886581 0.00639709 0.0031407 0.00104311 0.000236426 3.79681e-05 4.79503e-06 5.78191e-07 7.5717e-08 9.71872e-09 9.98114e-10 5.64242e-11 0 
0 5.97689e-15 7.861e-14 5.65893e-13 3.1227e-12 1.46571e-11 6.12494e-11 2.33454e-10 8.23705e-10 2.71802e-09 8.45453e-09 2.49589e-08 7.03646e-08 1.90561e-07 4.9857e-07 1.26697e-06 3.14259e-06 7.64005e-06 1.82584e-05 4.29376e-05 9.92398e-05 0.000225461 0.000513107 0.00123882 0.00326526 0.00839957 0.0177894 0.027704 0.0300114 0.0220574 0.0108742 0.00357685 0.000785292 0.000116587 1.23235e-05 1.08639e-06 1.04733e-07 1.15966e-08 1.12661e-09 6.17136e-11 0 
0 3.43049e-15 4.49355e-14 3.22635e-13 1.77934e-12 8.36854e-12 3.51486e-11 1.35125e-10 4.82733e-10 1.61952e-09 5.14406e-09 1.55758e-08 4.52398e-08 1.26779e-07 3.44695e-07 9.13995e-07 2.37481e-06 6.07044e-06 1.53089e-05 3.81323e-05 9.38539e-05 0.000230698 0.000598182 0.00179254 0.00594486 0.0177894 0.0407233 0.0657951 0.0724406 0.0535697 0.0264324 0.00866354 0.00188094 0.000271226 2.6544e-05 1.93423e-06 1.37451e-07 1.23571e-08 1.11927e-09 5.96647e-11 0 
0 1.86502e-15 2.4329e-14 1.74211e-13 9.60067e-13 4.52308e-12 1.90847e-11 7.39455e-11 2.67185e-10 9.09987e-10 2.94544e-09 9.12309e-09 2.72061e-08 7.85543e-08 2.20768e-07 6.0685e-07 1.63868e-06 4.36248e-06 1.14782e-05 2.98813e-05 7.72038e-05 0.000203341 0.000602089 0.002196 0.00852798 0.027704 0.0657951 0.107957 0.119565 0.0885628 0.0436775 0.0142875 0.00308777 0.000440209 4.17517e-05 2.77648e-06 1.59905e-07 1.16043e-08 9.71246e-10 5.06692e-11 0 
0 9.60975e-16 1.24841e-14 8.91457e-14 4.90812e-13 2.31534e-12 9.80768e-12 3.82606e-11 1.39622e-10 4.81799e-10 1.58508e-09 5.00548e-09 1.52618e-08 4.51683e-08 1.30385e-07 3.68703e-07 1.0252e-06 2.81126e-06 7.61632e-06 2.04038e-05 5.43685e-05 0.000150632 0.000496846 0.00208373 0.00886581 0.0300114 0.0724406 0.119565 0.132683 0.0983166 0.0484621 0.0158329 0.0034142 0.000484412 4.53539e-05 2.89799e-06 1.49286e-07 9.29556e-09 7.29606e-10 3.76132e-11 0 
0 4.69236e-16 6.07059e-15 4.3223e-14 2.37678e-13 1.12206e-12 4.76749e-12 1.87016e-11 6.88033e-11 2.3998e-10 8.00012e-10 2.56572e-09 7.96012e-09 2.40066e-08 7.0679e-08 2.03884e-07 5.77953e-07 1.61328e-06 4.43827e-06 1.20357e-05 3.24093e-05 9.16741e-05 0.000319679 0.0014395 0.00639709 0.0220574 0.0535697 0.0885628 0.0983166 0.0728482 0.035894 0.0117177 0.00252398 0.000357436 3.33146e-05 2.10019e-06 1.04065e-07 6.11694e-09 4.70448e-10 2.43289e-11 0 
0 2.16909e-16 2.79438e-15 1.98346e-14 1.08887e-13 5.14075e-13 2.18853e-12 8.61931e-12 3.19026e-11 1.12167e-10 3.77588e-10 1.22458e-09 3.84576e-09 1.17452e-08 3.50078e-08 1.02123e-07 2.9215e-07 8.20437e-07 2.26111e-06 6.10906e-06 1.62808e-05 4.52899e-05 0.000155765 0.000701984 0.0031407 0.0108742 0.0264324 0.0436775 0.0484621 0.035894 0.017678 0.0057681 0.00124202 0.000175896 1.64101e-05 1.03961e-06 5.26248e-08 3.2469e-09 2.59455e-10 1.36961e-11 0 
0 9.47173e-17 1.21492e-15 8.5942e-15 4.70759e-14 2.22071e-13 9.46047e-13 3.73419e-12 1.38725e-11 4.9019e-11 1.66011e-10 5.41995e-10 1.71367e-09 5.26631e-09 1.5774e-08 4.61397e-08 1.31928e-07 3.68697e-07 1.00558e-06 2.6696e-06 6.91567e-06 1.8271e-05 5.76266e-05 0.00024069 0.00104311 0.00357685 0.00866354 0.0142875 0.0158329 0.0117177 0.0057681 0.00188178 0.000405427 5.75458e-05 5.40901e-06 3.52205e-07 1.95588e-08 1.40973e-09 1.22893e-10 6.71585e-12 0 
0 3.89252e-17 4.96996e-16 3.50225e-15 1.91284e-14 9.00661e-14 3.83393e-13 1.51371e-12 5.62999e-12 1.99306e-11 6.76455e-11 2.21306e-10 7.00688e-10 2.15334e-09 6.43617e-09 1.87293e-08 5.30633e-08 1.46191e-07 3.90598e-07 1.0079e-06 2.50667e-06 6.1571e-06 1.6827e-05 5.96072e-05 0.000236426 0.000785292 0.00188094 0.00308777 0.0034142 0.00252398 0.00124202 0.000405427 8.75456e-05 1.25079e-05 1.20016e-06 8.38847e-08 5.67885e-09 5.20335e-10 5.04149e-11 2.87311e-12 0 
0 1.49662e-17 1.90145e-16 1.33404e-15 7.25893e-15 3.40743e-14 1.44701e-13 5.7026e-13 2.1179e-12 7.48724e-12 2.537e-11 8.27988e-11 2.61171e-10 7.98028e-10 2.36507e-09 6.79979e-09 1.8949e-08 5.10707e-08 1.32634e-07 3.30141e-07 7.83149e-07 1.78159e-06 4.14674e-06 1.14814e-05 3.79681e-05 0.000116587 0.000271226 0.000440209 0.000484412 0.000357436 0.000175896 5.75458e-05 1.25079e-05 1.81984e-06 1.8453e-07 1.52345e-08 1.43266e-09 1.69359e-10 1.8025e-11 1.07331e-12 0 
0 5.33389e-18 6.73992e-17 4.70463e-16 2.54785e-15 1.19077e-14 5.03597e-14 1.97673e-13 7.31125e-13 2.57298e-12 8.6718e-12 2.81145e-11 8.79338e-11 2.65775e-10 7.76701e-10 2.1936e-09 5.97732e-09 1.56686e-08 3.93373e-08 9.40055e-08 2.12207e-07 4.50368e-07 9.16353e-07 1.95019e-06 4.79503e-06 1.23235e-05 2.6544e-05 4.17517e-05 4.53539e-05 3.33146e-05 1.64101e-05 5.40901e-06 1.20016e-06 1.8453e-07 2.17465e-08 2.50124e-09 3.44068e-10 4.91258e-11 5.61761e-12 3.49506e-13 0 
0 1.73605e-18 2.18045e-17 1.51301e-16 8.14627e-16 3.78522e-15 1.59142e-14 6.20816e-14 2.28081e-13 7.9661e-13 2.66132e-12 8.53833e-12 2.63704e-11 7.84918e-11 2.25163e-10 6.21816e-10 1.64949e-09 4.18838e-09 1.01303e-08 2.31864e-08 4.98061e-08 9.95076e-08 1.84327e-07 3.24032e-07 5.78191e-07 1.08639e-06 1.93423e-06 2.77648e-06 2.89799e-06 2.10019e-06 1.03961e-06 3.52205e-07 8.38847e-08 1.52345e-08 2.50124e-09 4.37447e-10 7.86534e-11 1.25279e-11 1.51561e-12 9.85151e-14 0 
0 5.03137e-19 6.27661e-18 4.32552e-17 2.31263e-16 1.06678e-15 4.45068e-15 1.72183e-14 6.26793e-14 2.16659e-13 7.15256e-13 2.26327e-12 6.87805e-12 2.00886e-11 5.63629e-11 1.51682e-10 3.90499e-10 9.58051e-10 2.22846e-09 4.88202e-09 9.99094e-09 1.89151e-08 3.28054e-08 5.18895e-08 7.5717e-08 1.04733e-07 1.37451e-07 1.59905e-07 1.49286e-07 1.04065e-07 5.26248e-08 1.95588e-08 5.67885e-09 1.43266e-09 3.44068e-10 7.86534e-11 1.60786e-11 2.73729e-12 3.47929e-13 2.36243e-14 0 
0 1.23812e-19 1.53284e-18 1.04805e-17 5.55721e-17 2.54105e-16 1.05016e-15 4.02096e-15 1.44704e-14 4.93786e-14 1.60651e-13 4.99955e-13 1.49071e-12 4.26012e-12 1.16594e-11 3.05041e-11 7.60691e-11 1.8009e-10 4.0267e-10 8.44873e-10 1.65054e-09 2.97492e-09 4.89647e-09 7.28429e-09 9.71872e-09 1.15966e-08 1.23571e-08 1.16043e-08 9.29556e-09 6.11694e-09 3.2469e-09 1.40973e-09 5.20335e-10 1.69359e-10 4.91258e-11 1.25279e-11 2.73729e-12 4.90735e-13 6.53391e-14 4.63167e-15 0 
0 2.32511e-20 2.85418e-19 1.93407e-18 1.0158e-17 4.59741e-17 1.87899e-16 7.10715e-16 2.52335e-15 8.48197e-15 2.71342e-14 8.28591e-14 2.41858e-13 6.74872e-13 1.79838e-12 4.56733e-12 1.10218e-11 2.51713e-11 5.41282e-11 1.08928e-10 2.03663e-10 3.50856e-10 5.51784e-10 7.84415e-10 9.98114e-10 1.12661e-09 1.11927e-09 9.71246e-10 7.29606e-10 4.70448e-10 2.59455e-10 1.22893e-10 5.04149e-11 1.8025e-11 5.61761e-12 1.51561e-12 3.47929e-13 6.53391e-14 9.09281e-15 6.72135e-16 0 
0 2.37162e-21 2.88388e-20 1.93465e-19 1.00521e-18 4.49683e-18 1.81475e-17 6.76958e-17 2.36706e-16 7.82341e-16 2.45638e-15 7.34717e-15 2.09595e-14 5.70222e-14 1.47779e-13 3.64058e-13 8.49968e-13 1.87327e-12 3.87853e-12 7.50081e-12 1.34602e-11 2.22466e-11 3.35911e-11 4.59422e-11 5.64242e-11 6.17136e-11 5.96647e-11 5.06692e-11 3.76132e-11 2.43289e-11 1.36961e-11 6.71585e-12 2.87311e-12 1.07331e-12 3.49506e-13 9.85151e-14 2.36243e-14 4.63167e-15 6.72135e-16 5.17263e-17 0 
0 0 0 0 0 0 0 0 0 0 0 0 0 0 0 0 0 0 0 0 0 0 0 0 0 0 0 0 0 0 0 0 0 0 0 0 0 0 0 0 0 
