0 0 0 0 0 0 0 0 0 0 0 0 0 0 0 0 0 0 0 0 0 0 0 0 0 0 0 0 0 0 0 0 0 0 0 0 0 0 0 0 0 
0 1.86104e-07 1.66917e-06 7.44506e-06 2.28705e-05 5.37033e-05 0.000102107 0.000164342 0.000232533 0.000298366 0.000355589 0.000400546 0.000431604 0.000448391 0.000451236 0.000440863 0.000418283 0.000384814 0.000342197 0.000292738 0.000239399 0.000185731 0.000135517 9.21419e-05 5.78601e-05 3.32903e-05 1.74432e-05 8.29191e-06 3.57077e-06 1.39349e-06 4.93506e-07 1.58857e-07 4.65142e-08 1.2376e-08 2.97949e-09 6.42649e-10 1.2167e-10 1.93679e-11 2.33957e-12 1.53208e-13 0 
0 1.66917e-06 1.53681e-05 6.80585e-05 0.000198274 0.000422039 0.000706084 0.00099284 0.0012422 0.00144177 0.00159412 0.00170482 0.00177796 0.00181599 0.00182078 0.0017943 0.0017388 0.00165644 0.00154874 0.00141614 0.00125836 0.00107603 0.000873672 0.000662711 0.000461519 0.000290374 0.000163056 8.11859e-05 3.58151e-05 1.40507e-05 4.93117e-06 1.55748e-06 4.44675e-07 1.1496e-07 2.68478e-08 5.6155e-09 1.03148e-09 1.59471e-10 1.87349e-11 1.19506e-12 0 
0 7.44506e-06 6.80585e-05 0.000281784 0.000715928 0.00127329 0.00179132 0.00221143 0.00255604 0.00285062 0.00310104 0.00330127 0.00344279 0.00351954 0.00352977 0.00347633 0.00336614 0.00320922 0.00301715 0.00280108 0.0025689 0.00232188 0.00205235 0.0017463 0.0013953 0.00101488 0.000651773 0.000361551 0.000171783 7.02204e-05 2.49985e-05 7.85908e-06 2.20697e-06 5.57364e-07 1.26719e-07 2.57682e-08 4.60161e-09 6.92172e-10 7.92147e-11 4.92957e-12 0 
0 2.28705e-05 0.000198274 0.000715928 0.0014951 0.00223074 0.0028425 0.00340457 0.00395131 0.00446785 0.0049247 0.00529441 0.00555664 0.00569956 0.0057201 0.00562343 0.00542189 0.00513347 0.00478007 0.00438559 0.00397393 0.00356632 0.00317667 0.00280385 0.00242386 0.00199523 0.00149536 0.000970639 0.000526015 0.000235397 8.80642e-05 2.81866e-05 7.8928e-06 1.96375e-06 4.37056e-07 8.67486e-08 1.5107e-08 2.21659e-09 2.47671e-10 1.50671e-11 0 
0 5.37033e-05 0.000422039 0.00127329 0.00223074 0.00306274 0.00388137 0.00473904 0.00560127 0.00641479 0.00713012 0.00770662 0.0081147 0.00833722 0.00836996 0.00822094 0.00790889 0.00746086 0.00690953 0.00629036 0.005639 0.00498918 0.00437089 0.00380714 0.00330544 0.00284134 0.002349 0.00176348 0.00112111 0.000574399 0.000235201 7.8877e-05 2.24237e-05 5.55696e-06 1.21926e-06 2.37384e-07 4.04678e-08 5.80998e-09 6.35531e-10 3.78867e-11 0 
0 0.000102107 0.000706084 0.00179132 0.0028425 0.00388137 0.0050263 0.00624416 0.00746123 0.00860403 0.00960629 0.0104129 0.0109835 0.0112947 0.0113407 0.0111328 0.0106969 0.0100705 0.00929857 0.00842972 0.00751242 0.00659197 0.0057083 0.00489495 0.00417727 0.00356419 0.00302494 0.00246766 0.00179706 0.00107047 0.000495465 0.000179267 5.27876e-05 1.3193e-05 2.87632e-06 5.52333e-07 9.25583e-08 1.30477e-08 1.40138e-09 8.20813e-11 0 
0 0.000164342 0.00099284 0.00221143 0.00340457 0.00473904 0.00624416 0.00783751 0.00942422 0.0109116 0.0122148 0.0132631 0.0140043 0.0144083 0.0144678 0.0141974 0.0136308 0.0128164 0.0118123 0.0106813 0.0094856 0.00828296 0.00712373 0.00604917 0.00509138 0.00427254 0.00359445 0.00300511 0.00237523 0.00161046 0.000851406 0.000339623 0.000105516 2.69252e-05 5.87938e-06 1.11968e-06 1.85225e-07 2.57276e-08 2.72149e-09 1.57042e-10 0 
0 0.000232533 0.0012422 0.00255604 0.00395131 0.00560127 0.00746123 0.00942422 0.0113764 0.0132052 0.0148068 0.0160952 0.0170076 0.0175064 0.0175794 0.0172439 0.016544 0.0155411 0.0143061 0.0129149 0.0114433 0.00996162 0.00853085 0.00720026 0.00600703 0.00497743 0.00412568 0.00343494 0.00280874 0.00208129 0.00124041 0.000549768 0.000182533 4.80429e-05 1.05808e-05 2.00842e-06 3.29291e-07 4.52197e-08 4.72524e-09 2.69354e-10 0 
0 0.000298366 0.00144177 0.00285062 0.00446785 0.00641479 0.00860403 0.0109116 0.0132052 0.0153529 0.0172348 0.0187547 0.0198412 0.020441 0.0205288 0.0201229 0.0192828 0.0180919 0.0166363 0.0150009 0.0132715 0.0115294 0.00984573 0.0082774 0.00686667 0.00564222 0.00462136 0.00380367 0.00313123 0.00243997 0.00159579 0.00078071 0.00027824 7.60084e-05 1.69705e-05 3.22386e-06 5.25677e-07 7.15903e-08 7.41073e-09 4.18385e-10 0 
0 0.000355589 0.00159412 0.00310104 0.0049247 0.00713012 0.00960629 0.0122148 0.0148068 0.0172348 0.01937 0.0211079 0.0223509 0.0230266 0.0231233 0.0226665 0.0217067 0.0203375 0.0186751 0.0168211 0.0148656 0.0128963 0.0109922 0.00921703 0.00761769 0.00622504 0.005057 0.00411866 0.0033769 0.00269527 0.00187953 0.000998456 0.000380414 0.000107998 2.45094e-05 4.67273e-06 7.59843e-07 1.02898e-07 1.05788e-08 5.92953e-10 0 
0 0.000400546 0.00170482 0.00330127 0.00529441 0.00770662 0.0104129 0.0132631 0.0160952 0.0187547 0.0211079 0.0230079 0.0243061 0.0249716 0.025061 0.0246113 0.0236282 0.0221535 0.0203202 0.0182794 0.016139 0.0139874 0.0119069 0.00996662 0.00821697 0.00669076 0.00540605 0.00436914 0.00355978 0.00286837 0.0020827 0.00117706 0.000474313 0.000139447 3.21637e-05 6.16244e-06 1.00133e-06 1.35137e-07 1.38297e-08 7.71314e-10 0 
0 0.000431604 0.00177796 0.00344279 0.00555664 0.0081147 0.0109835 0.0140043 0.0170076 0.0198412 0.0223509 0.0243061 0.0255579 0.0261718 0.026249 0.025828 0.0248907 0.023414 0.021486 0.0193059 0.0170288 0.0147479 0.0125438 0.0104878 0.00863317 0.00701388 0.00564808 0.004542 0.00368129 0.00297487 0.00221102 0.00130272 0.000547082 0.000165328 3.86593e-05 7.44405e-06 1.21018e-06 1.63058e-07 1.66441e-08 9.25548e-10 0 
0 0.000448391 0.00181599 0.00351954 0.00569956 0.00833722 0.0112947 0.0144083 0.0175064 0.020441 0.0230266 0.0249716 0.0261718 0.026751 0.0268196 0.0264145 0.0255129 0.024065 0.0221097 0.019854 0.0174985 0.0151467 0.0128762 0.0107586 0.00884814 0.00717956 0.00577092 0.00462813 0.00373925 0.00302328 0.00227333 0.00137103 0.00059027 0.000181545 4.28528e-05 8.28493e-06 1.34851e-06 1.81666e-07 1.85289e-08 1.02929e-09 0 
0 0.000451236 0.00182078 0.00352977 0.0057201 0.00836996 0.0113407 0.0144678 0.0175794 0.0205288 0.0231233 0.025061 0.026249 0.0268196 0.0268837 0.026478 0.0255792 0.0241348 0.0221751 0.0199066 0.0175386 0.0151771 0.0128984 0.0107737 0.00885729 0.00718368 0.00577075 0.00462419 0.00373257 0.00301794 0.00227664 0.00138285 0.000600357 0.000185882 4.40645e-05 8.5411e-06 1.39245e-06 1.87797e-07 1.91716e-08 1.06586e-09 0 
0 0.000440863 0.0017943 0.00347633 0.00562343 0.00822094 0.0111328 0.0141974 0.0172439 0.0201229 0.0226665 0.0246113 0.025828 0.0264145 0.026478 0.0260562 0.0251285 0.0236572 0.0217063 0.0194838 0.0171682 0.0148555 0.0126238 0.0105438 0.00866867 0.00703201 0.00565136 0.00453233 0.00366259 0.00296119 0.00222514 0.00134146 0.00057827 0.000178363 4.22529e-05 8.19947e-06 1.33952e-06 1.81106e-07 1.8538e-08 1.03349e-09 0 
0 0.000418283 0.0017388 0.00336614 0.00542189 0.00790889 0.0106969 0.0136308 0.016544 0.0192828 0.0217067 0.0236282 0.0248907 0.0255129 0.0255792 0.0251285 0.0241521 0.0226567 0.0207592 0.0186411 0.0164315 0.0142185 0.0120827 0.0100932 0.00830105 0.0067385 0.00542262 0.00435894 0.00353251 0.00285379 0.00212048 0.00125187 0.000528731 0.000161078 3.79902e-05 7.37594e-06 1.20859e-06 1.64089e-07 1.6876e-08 9.45553e-10 0 
0 0.000384814 0.00165644 0.00320922 0.00513347 0.00746086 0.0100705 0.0128164 0.0155411 0.0180919 0.0203375 0.0221535 0.023414 0.024065 0.0241348 0.0236572 0.0226567 0.0212023 0.0194257 0.0174559 0.0153909 0.0133181 0.011318 0.00945639 0.00778112 0.00632289 0.00509829 0.00411254 0.00334541 0.00269418 0.00196302 0.00112159 0.000459674 0.000137623 3.22734e-05 6.27451e-06 1.0332e-06 1.41211e-07 1.46312e-08 8.26176e-10 0 
0 0.000342197 0.00154874 0.00301715 0.00478007 0.00690953 0.00929857 0.0118123 0.0143061 0.0166363 0.0186751 0.0203202 0.021486 0.0221097 0.0221751 0.0217063 0.0207592 0.0194257 0.0178112 0.0160122 0.0141184 0.0122159 0.0103809 0.00867416 0.00714017 0.00580781 0.00469335 0.00380084 0.00310118 0.00247747 0.00175439 0.000962477 0.000381491 0.000112303 2.62515e-05 5.12765e-06 8.51562e-07 1.1758e-07 1.23163e-08 7.03185e-10 0 
0 0.000292738 0.00141614 0.00280108 0.00438559 0.00629036 0.00842972 0.0106813 0.0129149 0.0150009 0.0168211 0.0182794 0.0193059 0.019854 0.0199066 0.0194838 0.0186411 0.0174559 0.0160122 0.0143954 0.0126907 0.0109778 0.00932583 0.0077899 0.00641079 0.00521581 0.00422081 0.00342685 0.00279327 0.00219685 0.00150243 0.000792062 0.000305753 8.92753e-05 2.09661e-05 4.14134e-06 6.97355e-07 9.77058e-08 1.03837e-08 6.01147e-10 0 
0 0.000239399 0.00125836 0.0025689 0.00397393 0.005639 0.00751242 0.0094856 0.0114433 0.0132715 0.0148656 0.016139 0.0170288 0.0174985 0.0175386 0.0171682 0.0164315 0.0153909 0.0141184 0.0126907 0.0111841 0.00966916 0.00820668 0.00684595 0.00562402 0.0045666 0.00368837 0.00298524 0.00240896 0.00185098 0.00122726 0.000632761 0.000243332 7.18423e-05 1.71805e-05 3.46122e-06 5.93974e-07 8.46723e-08 9.13839e-09 5.36262e-10 0 
0 0.000185731 0.00107603 0.00232188 0.00356632 0.00498918 0.00659197 0.00828296 0.00996162 0.0115294 0.0128963 0.0139874 0.0147479 0.0151467 0.0151771 0.0148555 0.0142185 0.0133181 0.0122159 0.0109778 0.00966916 0.00835012 0.00707313 0.00588115 0.00480736 0.00387542 0.00309754 0.00246659 0.00194411 0.00146004 0.0009629 0.000506724 0.000202191 6.20403e-05 1.53189e-05 3.16176e-06 5.52329e-07 7.97703e-08 8.69172e-09 5.13539e-10 0 
0 0.000135517 0.000873672 0.00205235 0.00317667 0.00437089 0.0057083 0.00712373 0.00853085 0.00984573 0.0109922 0.0119069 0.0125438 0.0128762 0.0128984 0.0126238 0.0120827 0.011318 0.0103809 0.00932583 0.00820668 0.00707313 0.00596864 0.00492949 0.00398516 0.00315875 0.00246495 0.00190425 0.00145769 0.00108721 0.000746033 0.000425471 0.0001849 6.0402e-05 1.54592e-05 3.245e-06 5.70214e-07 8.23526e-08 8.94464e-09 5.25873e-10 0 
0 9.21419e-05 0.000662711 0.0017463 0.00280385 0.00380714 0.00489495 0.00604917 0.00720026 0.0082774 0.00921703 0.00996662 0.0104878 0.0107586 0.0107737 0.0105438 0.0100932 0.00945639 0.00867416 0.0077899 0.00684595 0.00588115 0.00492949 0.00402122 0.00318926 0.00248001 0.00193932 0.00155055 0.00122511 0.000909301 0.000626407 0.000385381 0.000186582 6.56145e-05 1.72805e-05 3.63094e-06 6.30965e-07 8.97402e-08 9.59054e-09 5.55014e-10 0 
0 5.78601e-05 0.000461519 0.0013953 0.00242386 0.00330544 0.00417727 0.00509138 0.00600703 0.00686667 0.00761769 0.00821697 0.00863317 0.00884814 0.00885729 0.00866867 0.00830105 0.00778112 0.00714017 0.00641079 0.00562402 0.00480736 0.00398516 0.00318926 0.00249941 0.00208291 0.00206172 0.00223065 0.00212087 0.001558 0.000883028 0.000437516 0.000203955 7.48988e-05 2.00041e-05 4.14229e-06 7.02404e-07 9.73828e-08 1.01624e-08 5.75597e-10 0 
0 3.32903e-05 0.000290374 0.00101488 0.00199523 0.00284134 0.00356419 0.00427254 0.00497743 0.00564222 0.00622504 0.00669076 0.00701388 0.00717956 0.00718368 0.00703201 0.0067385 0.00632289 0.00580781 0.00521581 0.0045666 0.00387542 0.00315875 0.00248001 0.00208291 0.00244798 0.0038593 0.00557018 0.00596673 0.00438429 0.00223164 0.000825008 0.000270563 8.75588e-05 2.262e-05 4.52647e-06 7.4205e-07 9.99005e-08 1.01651e-08 5.63322e-10 0 
0 1.74432e-05 0.000163056 0.000651773 0.00149536 0.002349 0.00302494 0.00359445 0.00412568 0.00462136 0.005057 0.00540605 0.00564808 0.00577092 0.00577075 0.00565136 0.00542262 0.00509829 0.00469335 0.00422081 0.00368837 0.00309754 0.00246495 0.00193932 0.00206172 0.0038593 0.00801221 0.013867 0.0158235 0.0106149 0.0051497 0.00174332 0.000440013 0.000106659 2.42794e-05 4.54375e-06 7.13439e-07 9.33041e-08 9.28768e-09 5.05478e-10 0 
0 8.29191e-06 8.11859e-05 0.000361551 0.000970639 0.00176348 0.00246766 0.00300511 0.00343494 0.00380367 0.00411866 0.00436914 0.004542 0.00462813 0.00462419 0.00453233 0.00435894 0.00411254 0.00380084 0.00342685 0.00298524 0.00246659 0.00190425 0.00155055 0.00223065 0.00557018 0.013867 0.0195217 0.0201428 0.0179294 0.00873932 0.0027943 0.000644942 0.000125772 2.39647e-05 4.06377e-06 6.06481e-07 7.73366e-08 7.5814e-09 4.07899e-10 0 
0 3.57077e-06 3.58151e-05 0.000171783 0.000526015 0.00112111 0.00179706 0.00237523 0.00280874 0.00313123 0.0033769 0.00355978 0.00368129 0.00373925 0.00373257 0.00366259 0.00353251 0.00334541 0.00310118 0.00279327 0.00240896 0.00194411 0.00145769 0.00122511 0.00212087 0.00596673 0.0158235 0.0201428 0.0206541 0.0190099 0.0102969 0.0030775 0.000692592 0.000122782 2.03648e-05 3.13028e-06 4.45859e-07 5.59215e-08 5.44951e-09 2.92293e-10 0 
0 1.39349e-06 1.40507e-05 7.02204e-05 0.000235397 0.000574399 0.00107047 0.00161046 0.00208129 0.00243997 0.00269527 0.00286837 0.00297487 0.00302328 0.00301794 0.00296119 0.00285379 0.00269418 0.00247747 0.00219685 0.00185098 0.00146004 0.00108721 0.000909301 0.001558 0.00438429 0.0106149 0.0179294 0.0190099 0.0149888 0.00693526 0.00227997 0.000512959 8.92956e-05 1.38358e-05 2.00209e-06 2.78553e-07 3.48968e-08 3.41929e-09 1.84549e-10 0 
0 4.93506e-07 4.93117e-06 2.49985e-05 8.80642e-05 0.000235201 0.000495465 0.000851406 0.00124041 0.00159579 0.00187953 0.0020827 0.00221102 0.00227333 0.00227664 0.00222514 0.00212048 0.00196302 0.00175439 0.00150243 0.00122726 0.0009629 0.000746033 0.000626407 0.000883028 0.00223164 0.0051497 0.00873932 0.0102969 0.00693526 0.00342285 0.00113269 0.000260687 4.6731e-05 7.19395e-06 1.03826e-06 1.46497e-07 1.86997e-08 1.86483e-09 1.02234e-10 0 
0 1.58857e-07 1.55748e-06 7.85908e-06 2.81866e-05 7.8877e-05 0.000179267 0.000339623 0.000549768 0.00078071 0.000998456 0.00117706 0.00130272 0.00137103 0.00138285 0.00134146 0.00125187 0.00112159 0.000962477 0.000792062 0.000632761 0.000506724 0.000425471 0.000385381 0.000437516 0.000825008 0.00174332 0.0027943 0.0030775 0.00227997 0.00113269 0.000382917 9.3244e-05 1.77132e-05 2.85867e-06 4.37277e-07 6.4977e-08 8.60742e-09 8.8326e-10 4.96048e-11 0 
0 4.65142e-08 4.44675e-07 2.20697e-06 7.8928e-06 2.24237e-05 5.27876e-05 0.000105516 0.000182533 0.00027824 0.000380414 0.000474313 0.000547082 0.00059027 0.000600357 0.00057827 0.000528731 0.000459674 0.000381491 0.000305753 0.000243332 0.000202191 0.0001849 0.000186582 0.000203955 0.000270563 0.000440013 0.000644942 0.000692592 0.000512959 0.000260687 9.3244e-05 2.45306e-05 5.04978e-06 9.02252e-07 1.53349e-07 2.4564e-08 3.41637e-09 3.63722e-10 2.10731e-11 0 
0 1.2376e-08 1.1496e-07 5.57364e-07 1.96375e-06 5.55696e-06 1.3193e-05 2.69252e-05 4.80429e-05 7.60084e-05 0.000107998 0.000139447 0.000165328 0.000181545 0.000185882 0.000178363 0.000161078 0.000137623 0.000112303 8.92753e-05 7.18423e-05 6.20403e-05 6.0402e-05 6.56145e-05 7.48988e-05 8.75588e-05 0.000106659 0.000125772 0.000122782 8.92956e-05 4.6731e-05 1.77132e-05 5.04978e-06 1.16848e-06 2.40891e-07 4.6208e-08 8.00747e-09 1.17422e-09 1.30388e-10 7.83443e-12 0 
0 2.97949e-09 2.68478e-08 1.26719e-07 4.37056e-07 1.21926e-06 2.87632e-06 5.87938e-06 1.05808e-05 1.69705e-05 2.45094e-05 3.21637e-05 3.86593e-05 4.28528e-05 4.40645e-05 4.22529e-05 3.79902e-05 3.22734e-05 2.62515e-05 2.09661e-05 1.71805e-05 1.53189e-05 1.54592e-05 1.72805e-05 2.00041e-05 2.262e-05 2.42794e-05 2.39647e-05 2.03648e-05 1.38358e-05 7.19395e-06 2.85867e-06 9.02252e-07 2.40891e-07 5.72123e-08 1.21806e-08 2.26404e-09 3.50042e-10 4.06604e-11 2.54267e-12 0 
0 6.42649e-10 5.6155e-09 2.57682e-08 8.67486e-08 2.37384e-07 5.52333e-07 1.11968e-06 2.00842e-06 3.22386e-06 4.67273e-06 6.16244e-06 7.44405e-06 8.28493e-06 8.5411e-06 8.19947e-06 7.37594e-06 6.27451e-06 5.12765e-06 4.14134e-06 3.46122e-06 3.16176e-06 3.245e-06 3.63094e-06 4.14229e-06 4.52647e-06 4.54375e-06 4.06377e-06 3.13028e-06 2.00209e-06 1.03826e-06 4.37277e-07 1.53349e-07 4.6208e-08 1.21806e-08 2.8039e-09 5.53661e-10 9.01351e-11 1.09662e-11 7.1514e-13 0 
0 1.2167e-10 1.03148e-09 4.60161e-09 1.5107e-08 4.04678e-08 9.25583e-08 1.85225e-07 3.29291e-07 5.25677e-07 7.59843e-07 1.00133e-06 1.21018e-06 1.34851e-06 1.39245e-06 1.33952e-06 1.20859e-06 1.0332e-06 8.51562e-07 6.97355e-07 5.93974e-07 5.52329e-07 5.70214e-07 6.30965e-07 7.02404e-07 7.4205e-07 7.13439e-07 6.06481e-07 4.45859e-07 2.78553e-07 1.46497e-07 6.4977e-08 2.4564e-08 8.00747e-09 2.26404e-09 5.53661e-10 1.1541e-10 1.97507e-11 2.51675e-12 1.71276e-13 0 
0 1.93679e-11 1.59471e-10 6.92172e-10 2.21659e-09 5.80998e-09 1.30477e-08 2.57276e-08 4.52197e-08 7.15903e-08 1.02898e-07 1.35137e-07 1.63058e-07 1.81666e-07 1.87797e-07 1.81106e-07 1.64089e-07 1.41211e-07 1.1758e-07 9.77058e-08 8.46723e-08 7.97703e-08 8.23526e-08 8.97402e-08 9.73828e-08 9.99006e-08 9.33041e-08 7.73366e-08 5.59215e-08 3.48968e-08 1.86997e-08 8.60742e-09 3.41637e-09 1.17422e-09 3.50042e-10 9.01351e-11 1.97507e-11 3.5456e-12 4.72708e-13 3.35613e-14 0 
0 2.33957e-12 1.87349e-11 7.92147e-11 2.47671e-10 6.35531e-10 1.40138e-09 2.72149e-09 4.72524e-09 7.41073e-09 1.05788e-08 1.38297e-08 1.66441e-08 1.85289e-08 1.91716e-08 1.8538e-08 1.6876e-08 1.46312e-08 1.23163e-08 1.03837e-08 9.13839e-09 8.69172e-09 8.94464e-09 9.59054e-09 1.01624e-08 1.01651e-08 9.28768e-09 7.5814e-09 5.44951e-09 3.41929e-09 1.86483e-09 8.8326e-10 3.63722e-10 1.30388e-10 4.06604e-11 1.09662e-11 2.51675e-12 4.72708e-13 6.58236e-14 4.8704e-15 0 
0 1.53208e-13 1.19506e-12 4.92957e-12 1.50671e-11 3.78867e-11 8.20813e-11 1.57042e-10 2.69354e-10 4.18385e-10 5.92953e-10 7.71314e-10 9.25548e-10 1.02929e-09 1.06586e-09 1.03349e-09 9.45553e-10 8.26176e-10 7.03185e-10 6.01147e-10 5.36262e-10 5.13539e-10 5.25873e-10 5.55014e-10 5.75597e-10 5.63322e-10 5.05478e-10 4.07899e-10 2.92293e-10 1.84549e-10 1.02234e-10 4.96048e-11 2.10731e-11 7.83443e-12 2.54267e-12 7.1514e-13 1.71276e-13 3.35613e-14 4.8704e-15 3.74985e-16 0 
0 0 0 0 0 0 0 0 0 0 0 0 0 0 0 0 0 0 0 0 0 0 0 0 0 0 0 0 0 0 0 0 0 0 0 0 0 0 0 0 0 
