0 0 0 0 0 0 0 0 0 0 0 0 0 0 0 0 0 0 0 0 0 0 0 0 0 0 0 0 0 0 0 0 0 0 0 0 0 0 0 0 0 
0 1.25479e-07 1.07586e-06 4.3921e-06 1.18278e-05 2.36382e-05 3.79044e-05 5.19349e-05 6.38754e-05 7.30874e-05 7.9714e-05 8.41816e-05 8.69136e-05 8.82278e-05 8.83259e-05 8.73118e-05 8.52101e-05 8.19798e-05 7.75321e-05 7.17645e-05 6.46214e-05 5.61752e-05 4.67073e-05 3.67494e-05 2.70413e-05 1.8382e-05 1.14087e-05 6.39965e-06 3.22057e-06 1.44798e-06 5.8097e-07 2.0821e-07 6.67515e-08 1.91531e-08 4.90664e-09 1.11332e-09 2.19602e-10 3.61299e-11 4.48142e-12 2.99763e-13 0 
0 1.07586e-06 9.18852e-06 3.48738e-05 8.07379e-05 0.000131428 0.000169939 0.000193158 0.000206629 0.000215729 0.000223013 0.000229009 0.000233399 0.000235751 0.000235842 0.000233745 0.000229817 0.000224601 0.000218677 0.000212435 0.000205777 0.000197825 0.000186824 0.000170508 0.000147173 0.000117212 8.40462e-05 5.31409e-05 2.92191e-05 1.38957e-05 5.72829e-06 2.06125e-06 6.52774e-07 1.83093e-07 4.55763e-08 1.00191e-08 1.913e-09 3.04785e-10 3.66535e-11 2.38109e-12 0 
0 4.3921e-06 3.48738e-05 0.000110017 0.000195024 0.000246667 0.000272582 0.000294233 0.000319582 0.00034734 0.000373991 0.000396493 0.000412781 0.000421699 0.000422873 0.000416608 0.000403787 0.000385774 0.000364331 0.000341531 0.000319651 0.000300903 0.000286783 0.000276886 0.000267438 0.00025085 0.000218652 0.000168639 0.000110403 5.99081e-05 2.68677e-05 1.00873e-05 3.23148e-06 8.98634e-07 2.19204e-07 4.69364e-08 8.70687e-09 1.34712e-09 1.57442e-10 9.9539e-12 0 
0 1.18278e-05 8.07379e-05 0.000195024 0.000269231 0.000308784 0.000353502 0.000410659 0.000473285 0.000534372 0.000588828 0.000632984 0.000664322 0.000681404 0.000683859 0.000672304 0.000648215 0.000613751 0.000571552 0.000524549 0.000475836 0.00042865 0.000386449 0.000352843 0.000330656 0.000319169 0.000309948 0.000285774 0.000231377 0.000153365 8.01859e-05 3.31409e-05 1.1127e-05 3.13461e-06 7.59003e-07 1.5958e-07 2.89183e-08 4.36267e-09 4.9715e-10 3.06758e-11 0 
0 2.36382e-05 0.000131428 0.000246667 0.000308784 0.000376041 0.000465563 0.000566752 0.000669667 0.000766906 0.000852424 0.000921346 0.000970132 0.000996736 0.00100065 0.000982834 0.000945527 0.000891964 0.000826052 0.000752031 0.000674172 0.000596561 0.000523034 0.000457378 0.000403762 0.000366644 0.000348045 0.000340425 0.000320211 0.000260204 0.00016593 7.96074e-05 2.9198e-05 8.55875e-06 2.0906e-06 4.35905e-07 7.76803e-08 1.14826e-08 1.2808e-09 7.73835e-11 0 
0 3.79044e-05 0.000169939 0.000272582 0.000353502 0.000465563 0.000601012 0.00074651 0.000892008 0.00102863 0.00114846 0.00124491 0.00131324 0.00135067 0.00135625 0.00133118 0.0012789 0.00120396 0.00111167 0.00100779 0.000898129 0.000788088 0.000682462 0.000585377 0.000500584 0.000432226 0.000385371 0.000363054 0.000355868 0.000331451 0.000255652 0.00014664 6.09307e-05 1.91024e-05 4.78961e-06 1.00107e-06 1.76679e-07 2.57227e-08 2.82002e-09 1.67413e-10 0 
0 5.19349e-05 0.000193158 0.000294233 0.000410659 0.000566752 0.00074651 0.000936994 0.00112669 0.00130452 0.00146075 0.00159156 0.00170256 0.00177757 0.00179105 0.00174002 0.0016451 0.00153456 0.00141238 0.00127698 0.00113403 0.000990249 0.00085166 0.000723204 0.000608816 0.000511914 0.000436567 0.000388235 0.000368869 0.000361125 0.000319579 0.000217781 0.000104545 3.58389e-05 9.37161e-06 1.98356e-06 3.49075e-07 5.03075e-08 5.44284e-09 3.18586e-10 0 
0 6.38754e-05 0.000206629 0.000319582 0.000473285 0.000669667 0.000892008 0.00112669 0.0013601 0.00157988 0.00179684 0.00204036 0.00221672 0.00229654 0.00230884 0.00226182 0.00213928 0.00193425 0.0017219 0.00154465 0.00136809 0.00119094 0.00101988 0.00086081 0.000718168 0.000595255 0.000495066 0.000421972 0.000381565 0.000370032 0.000352484 0.000275893 0.000152727 5.7915e-05 1.59767e-05 3.45265e-06 6.09397e-07 8.73241e-08 9.35827e-09 5.41836e-10 0 
0 7.30874e-05 0.000215729 0.00034734 0.000534372 0.000766906 0.00102863 0.00130452 0.00157988 0.00187394 0.002223 0.00241726 0.00250738 0.00254844 0.00255494 0.00252976 0.00246764 0.00234853 0.00211029 0.00181145 0.00158742 0.00137839 0.00117708 0.000989583 0.000820928 0.000674576 0.000553001 0.000459197 0.000398512 0.000374016 0.00036515 0.000314457 0.000196981 8.25675e-05 2.41516e-05 5.35636e-06 9.52186e-07 1.36153e-07 1.4499e-08 8.3279e-10 0 
0 7.9714e-05 0.000223013 0.000373991 0.000588828 0.000852424 0.00114846 0.00146075 0.00179684 0.002223 0.00246642 0.00258194 0.00264468 0.00267498 0.00267981 0.00266082 0.00261567 0.00253611 0.00239897 0.0021275 0.00179082 0.00154225 0.00131415 0.00110192 0.000910713 0.000744226 0.000604736 0.000494306 0.000417071 0.000378463 0.000368538 0.000336235 0.000231945 0.000106277 3.29017e-05 7.49905e-06 1.34572e-06 1.92497e-07 2.04215e-08 1.16649e-09 0 
0 8.41816e-05 0.000229009 0.000396493 0.000632984 0.000921346 0.00124491 0.00159156 0.00204036 0.00241726 0.00258194 0.00267251 0.00272475 0.00275058 0.00275466 0.00273823 0.00269985 0.00263448 0.00252947 0.00234777 0.00200139 0.00167666 0.00142359 0.00119153 0.000982359 0.000799898 0.000646367 0.000523287 0.000433697 0.000383353 0.000368629 0.000346871 0.000256235 0.000126069 4.09835e-05 9.57808e-06 1.73562e-06 2.48718e-07 2.63356e-08 1.49902e-09 0 
0 8.69136e-05 0.000233399 0.000412781 0.000664322 0.000970132 0.00131324 0.00170256 0.00221672 0.00250738 0.00264468 0.00272475 0.00277207 0.00279568 0.00279934 0.00278409 0.00274885 0.00268978 0.0025978 0.00244897 0.00216499 0.00178208 0.00150008 0.00125385 0.00103212 0.000838527 0.000675272 0.000543571 0.000445724 0.000387185 0.00036762 0.000351008 0.00027087 0.000140128 4.72534e-05 1.12637e-05 2.0581e-06 2.95598e-07 3.12803e-08 1.77711e-09 0 
0 8.82278e-05 0.000235751 0.000421699 0.000681404 0.000996736 0.00135067 0.00177757 0.00229654 0.00254844 0.00267498 0.00275058 0.00279568 0.00281824 0.00282162 0.00280679 0.0027728 0.00271631 0.00262951 0.00249282 0.00224319 0.00184738 0.00154042 0.00128622 0.00105782 0.000858334 0.000689948 0.000553721 0.000451557 0.000388592 0.000365935 0.000351422 0.000277493 0.000147704 5.09091e-05 1.22861e-05 2.2576e-06 3.24896e-07 3.43879e-08 1.95249e-09 0 
0 8.83259e-05 0.000235842 0.000422873 0.000683859 0.00100065 0.00135625 0.00179105 0.00230884 0.00255494 0.00267981 0.00275466 0.00279934 0.00282162 0.00282481 0.00280985 0.00277582 0.00271943 0.00263307 0.00249774 0.00225274 0.00185536 0.00154325 0.00128803 0.00105891 0.000858827 0.000689926 0.000553219 0.000450499 0.00038678 0.000363431 0.000349361 0.000277363 0.000148729 5.15833e-05 1.2499e-05 2.30198e-06 3.31705e-07 3.51349e-08 1.99586e-09 0 
0 8.73118e-05 0.000233745 0.000416608 0.000672304 0.000982834 0.00133118 0.00174002 0.00226182 0.00252976 0.00266082 0.00273823 0.00278409 0.00280679 0.00280985 0.00279426 0.00275899 0.00270048 0.00261031 0.00246703 0.00220023 0.0018045 0.00150993 0.00126055 0.00103636 0.000840694 0.000675656 0.000542294 0.000442549 0.000381518 0.000359846 0.000344975 0.000270999 0.000143506 4.93335e-05 1.19039e-05 2.19e-06 3.15723e-07 3.34817e-08 1.90474e-09 0 
0 8.52101e-05 0.000229817 0.000403787 0.000648215 0.000945527 0.0012789 0.0016451 0.00213928 0.00246764 0.00261567 0.00269985 0.00274885 0.0027728 0.00277582 0.00275899 0.00272105 0.00265764 0.00255817 0.00239368 0.0020747 0.00171062 0.00144474 0.00120667 0.000992411 0.000805605 0.000648322 0.00052174 0.000428191 0.000372942 0.00035477 0.000337469 0.000258214 0.000132594 4.45853e-05 1.06383e-05 1.94963e-06 2.81061e-07 2.98578e-08 1.70281e-09 0 
0 8.19798e-05 0.000224601 0.000385774 0.000613751 0.000891964 0.00120396 0.00153456 0.00193425 0.00234853 0.00253611 0.00263448 0.00268978 0.00271631 0.00271943 0.00270048 0.00265764 0.0025848 0.00246587 0.00225046 0.00188419 0.0015942 0.00135313 0.00113054 0.000930252 0.000755919 0.000609582 0.00049267 0.000408128 0.000361181 0.000347217 0.000325016 0.000238386 0.000116878 3.80559e-05 8.93597e-06 1.62879e-06 2.34824e-07 2.50111e-08 1.43169e-09 0 
0 7.75321e-05 0.000218677 0.000364331 0.000571552 0.000826052 0.00111167 0.00141238 0.0017219 0.00211029 0.00239897 0.00252947 0.0025978 0.00262951 0.00263307 0.00261031 0.00255817 0.00246587 0.00230189 0.00199158 0.00169397 0.00146065 0.00124106 0.00103702 0.000853625 0.000694346 0.000561262 0.000456214 0.000382866 0.000345664 0.00033484 0.000304657 0.000211027 9.77318e-05 3.0653e-05 7.07172e-06 1.28225e-06 1.8506e-07 1.97892e-08 1.13868e-09 0 
0 7.17645e-05 0.000212435 0.000341531 0.000524549 0.000752031 0.00100779 0.00127698 0.00154465 0.00181145 0.0021275 0.00234777 0.00244897 0.00249282 0.00249774 0.00246703 0.00239368 0.00225046 0.00199158 0.0017295 0.00151764 0.00131244 0.00111493 0.000931301 0.000766427 0.000623591 0.000505007 0.000413085 0.000351951 0.000323878 0.000312934 0.000272757 0.000176707 7.7122e-05 2.33386e-05 5.30339e-06 9.58845e-07 1.38823e-07 1.49319e-08 8.65122e-10 0 
0 6.46214e-05 0.000205777 0.000319651 0.000475836 0.000674172 0.000898129 0.00113403 0.00136809 0.00158742 0.00179082 0.00200139 0.00216499 0.00224319 0.00225274 0.00220023 0.0020747 0.00188419 0.00169397 0.00151764 0.00133711 0.00115597 0.000981129 0.00081845 0.000672373 0.000546049 0.000441926 0.000362893 0.000312557 0.00028969 0.000274408 0.000227008 0.000138136 5.74686e-05 1.69611e-05 3.82409e-06 6.92494e-07 1.0086e-07 1.09326e-08 6.38633e-10 0 
0 5.61752e-05 0.000197825 0.000300903 0.00042865 0.000596561 0.000788088 0.000990249 0.00119094 0.00137839 0.00154225 0.00167666 0.00178208 0.00184738 0.00185536 0.0018045 0.00171062 0.0015942 0.00146065 0.00131244 0.00115597 0.000998278 0.00084561 0.000703108 0.000574767 0.000463641 0.000372316 0.000303353 0.000258485 0.000234383 0.000214315 0.000170467 0.000100548 4.11367e-05 1.20904e-05 2.73466e-06 4.98452e-07 7.31597e-08 7.99284e-09 4.70465e-10 0 
0 4.67073e-05 0.000186824 0.000286783 0.000386449 0.000523034 0.000682462 0.00085166 0.00101988 0.00117708 0.00131415 0.00142359 0.00150008 0.00154042 0.00154325 0.00150993 0.00144474 0.00135313 0.00124106 0.00111493 0.000981129 0.00084561 0.000713567 0.000589353 0.000476585 0.000378387 0.000297269 0.00023438 0.00018947 0.000161106 0.000142004 0.000114307 6.9969e-05 2.96326e-05 8.90822e-06 2.04074e-06 3.74665e-07 5.52439e-08 6.05589e-09 3.57422e-10 0 
0 3.67494e-05 0.000170508 0.000276886 0.000352843 0.000457378 0.000585377 0.000723204 0.00086081 0.000989583 0.00110192 0.00119153 0.00125385 0.00128622 0.00128803 0.00126055 0.00120667 0.00113054 0.00103702 0.000931301 0.00081845 0.000703108 0.000589353 0.000480858 0.000381687 0.000297339 0.000232983 0.000186723 0.000148636 0.000113956 8.88028e-05 7.21938e-05 4.92722e-05 2.28828e-05 7.19522e-06 1.67035e-06 3.06352e-07 4.49042e-08 4.88811e-09 2.86546e-10 0 
0 2.70413e-05 0.000147173 0.000267438 0.000330656 0.000403762 0.000500584 0.000608816 0.000718168 0.000820928 0.000910713 0.000982359 0.00103212 0.00105782 0.00105891 0.00103636 0.000992411 0.000930252 0.000853625 0.000766427 0.000672373 0.000574767 0.000476585 0.000381687 0.000299329 0.000249264 0.000246536 0.000266691 0.000253567 0.000186327 0.000106354 5.79101e-05 3.71852e-05 1.9281e-05 6.42942e-06 1.50283e-06 2.71777e-07 3.90853e-08 4.17677e-09 2.40826e-10 0 
0 1.8382e-05 0.000117212 0.00025085 0.000319169 0.000366644 0.000432226 0.000511914 0.000595255 0.000674576 0.000744226 0.000799898 0.000838527 0.000858334 0.000858827 0.000840694 0.000805605 0.000755919 0.000694346 0.000623591 0.000546049 0.000463641 0.000378387 0.000297339 0.000249264 0.000292671 0.000461393 0.000817701 0.000987168 0.000541556 0.0002668 9.89808e-05 3.65506e-05 1.72308e-05 6.00841e-06 1.40463e-06 2.48277e-07 3.47681e-08 3.62575e-09 2.0466e-10 0 
0 1.14087e-05 8.40462e-05 0.000218652 0.000309948 0.000348045 0.000385371 0.000436567 0.000495066 0.000553001 0.000604736 0.000646367 0.000675272 0.000689948 0.000689926 0.000675656 0.000648322 0.000609582 0.000561262 0.000505007 0.000441926 0.000372316 0.000297269 0.000232983 0.000246536 0.000461393 0.00116567 0.00172801 0.0017697 0.00158549 0.000632221 0.000208424 5.35259e-05 1.67398e-05 5.52843e-06 1.2708e-06 2.18587e-07 2.98002e-08 3.03636e-09 1.68049e-10 0 
0 6.39965e-06 5.31409e-05 0.000168639 0.000285774 0.000340425 0.000363054 0.000388235 0.000421972 0.000459197 0.000494306 0.000523287 0.000543571 0.000553721 0.000553219 0.000542294 0.00052174 0.00049267 0.000456214 0.000413085 0.000362893 0.000303353 0.00023438 0.000186723 0.000266691 0.000817701 0.00172801 0.00189088 0.00190968 0.00182549 0.00139011 0.00033505 7.73255e-05 1.73554e-05 4.8318e-06 1.05589e-06 1.76038e-07 2.34708e-08 2.35128e-09 1.28364e-10 0 
0 3.22057e-06 2.92191e-05 0.000110403 0.000231377 0.000320211 0.000355868 0.000368869 0.000381565 0.000398512 0.000417071 0.000433697 0.000445724 0.000451557 0.000450499 0.000442549 0.000428191 0.000408128 0.000382866 0.000351951 0.000312557 0.000258485 0.00018947 0.000148636 0.000253567 0.000987168 0.0017697 0.00190968 0.00192902 0.00186122 0.00158116 0.000387755 8.29244e-05 1.62602e-05 3.82936e-06 7.75698e-07 1.25249e-07 1.64621e-08 1.6365e-09 8.88752e-11 0 
0 1.44798e-06 1.38957e-05 5.99081e-05 0.000153365 0.000260204 0.000331451 0.000361125 0.000370032 0.000374016 0.000378463 0.000383353 0.000387185 0.000388592 0.00038678 0.000381518 0.000372942 0.000361181 0.000345664 0.000323878 0.00028969 0.000234383 0.000161106 0.000113956 0.000186327 0.000541556 0.00158549 0.00182549 0.00186122 0.00174477 0.00102791 0.000272576 6.15245e-05 1.19899e-05 2.57827e-06 4.87605e-07 7.69827e-08 1.00922e-08 1.00647e-09 5.48924e-11 0 
0 5.8097e-07 5.72829e-06 2.68677e-05 8.01859e-05 0.00016593 0.000255652 0.000319579 0.000352484 0.00036515 0.000368538 0.000368629 0.00036762 0.000365935 0.000363431 0.000359846 0.00035477 0.000347217 0.00033484 0.000312934 0.000274408 0.000214315 0.000142004 8.88028e-05 0.000106354 0.0002668 0.000632221 0.00139011 0.00158116 0.00102791 0.000409211 0.000135431 3.16747e-05 6.69897e-06 1.40201e-06 2.56029e-07 4.03688e-08 5.35675e-09 5.42049e-10 2.99729e-11 0 
0 2.0821e-07 2.06125e-06 1.00873e-05 3.31409e-05 7.96074e-05 0.00014664 0.000217781 0.000275893 0.000314457 0.000336235 0.000346871 0.000351008 0.000351422 0.000349361 0.000344975 0.000337469 0.000325016 0.000304657 0.000272757 0.000227008 0.000170467 0.000114307 7.21938e-05 5.79101e-05 9.89808e-05 0.000208424 0.00033505 0.000387755 0.000272576 0.000135431 4.60493e-05 1.20663e-05 2.87053e-06 6.05786e-07 1.11514e-07 1.80099e-08 2.45471e-09 2.54701e-10 1.44036e-11 0 
0 6.67515e-08 6.52774e-07 3.23148e-06 1.1127e-05 2.9198e-05 6.09307e-05 0.000104545 0.000152727 0.000196981 0.000231945 0.000256235 0.00027087 0.000277493 0.000277363 0.000270999 0.000258214 0.000238386 0.000211027 0.000176707 0.000138136 0.000100548 6.9969e-05 4.92722e-05 3.71852e-05 3.65506e-05 5.35259e-05 7.73255e-05 8.29244e-05 6.15245e-05 3.16747e-05 1.20663e-05 3.73436e-06 9.6456e-07 2.11453e-07 4.07056e-08 6.86784e-09 9.72493e-10 1.04354e-10 6.07927e-12 0 
0 1.91531e-08 1.83093e-07 8.98634e-07 3.13461e-06 8.55875e-06 1.91024e-05 3.58389e-05 5.7915e-05 8.25675e-05 0.000106277 0.000126069 0.000140128 0.000147704 0.000148729 0.000143506 0.000132594 0.000116878 9.77318e-05 7.7122e-05 5.74686e-05 4.11367e-05 2.96326e-05 2.28828e-05 1.9281e-05 1.72308e-05 1.67398e-05 1.73554e-05 1.62602e-05 1.19899e-05 6.69897e-06 2.87053e-06 9.6456e-07 2.63943e-07 6.17607e-08 1.26712e-08 2.25482e-09 3.33992e-10 3.72892e-11 2.25023e-12 0 
0 4.90664e-09 4.55763e-08 2.19204e-07 7.59003e-07 2.0906e-06 4.78961e-06 9.37161e-06 1.59767e-05 2.41516e-05 3.29017e-05 4.09835e-05 4.72534e-05 5.09091e-05 5.15833e-05 4.93335e-05 4.45853e-05 3.80559e-05 3.0653e-05 2.33386e-05 1.69611e-05 1.20904e-05 8.90822e-06 7.19522e-06 6.42942e-06 6.00841e-06 5.52843e-06 4.8318e-06 3.82936e-06 2.57827e-06 1.40201e-06 6.05786e-07 2.11453e-07 6.17607e-08 1.55521e-08 3.40564e-09 6.4031e-10 9.95358e-11 1.16057e-11 7.28209e-13 0 
0 1.11332e-09 1.00191e-08 4.69364e-08 1.5958e-07 4.35905e-07 1.00107e-06 1.98356e-06 3.45265e-06 5.35636e-06 7.49905e-06 9.57808e-06 1.12637e-05 1.22861e-05 1.2499e-05 1.19039e-05 1.06383e-05 8.93597e-06 7.07172e-06 5.30339e-06 3.82409e-06 2.73466e-06 2.04074e-06 1.67035e-06 1.50283e-06 1.40463e-06 1.2708e-06 1.05589e-06 7.75698e-07 4.87605e-07 2.56029e-07 1.11514e-07 4.07056e-08 1.26712e-08 3.40564e-09 7.91331e-10 1.56975e-10 2.56326e-11 3.12686e-12 2.04443e-13 0 
0 2.19602e-10 1.913e-09 8.70687e-09 2.89183e-08 7.76803e-08 1.76679e-07 3.49075e-07 6.09397e-07 9.52186e-07 1.34572e-06 1.73562e-06 2.0581e-06 2.2576e-06 2.30198e-06 2.19e-06 1.94963e-06 1.62879e-06 1.28225e-06 9.58845e-07 6.92494e-07 4.98452e-07 3.74665e-07 3.06352e-07 2.71777e-07 2.48277e-07 2.18587e-07 1.76038e-07 1.25249e-07 7.69827e-08 4.03688e-08 1.80099e-08 6.86784e-09 2.25482e-09 6.4031e-10 1.56975e-10 3.278e-11 5.61942e-12 7.17364e-13 4.8915e-14 0 
0 3.61299e-11 3.04785e-10 1.34712e-09 4.36267e-09 1.14826e-08 2.57227e-08 5.03075e-08 8.73241e-08 1.36153e-07 1.92497e-07 2.48718e-07 2.95598e-07 3.24896e-07 3.31705e-07 3.15723e-07 2.81061e-07 2.34824e-07 1.8506e-07 1.38823e-07 1.0086e-07 7.31597e-08 5.52439e-08 4.49042e-08 3.90853e-08 3.47681e-08 2.98002e-08 2.34708e-08 1.64621e-08 1.00922e-08 5.35675e-09 2.45471e-09 9.72493e-10 3.33992e-10 9.95358e-11 2.56326e-11 5.61942e-12 1.00964e-12 1.34762e-13 9.58101e-15 0 
0 4.48142e-12 3.66535e-11 1.57442e-10 4.9715e-10 1.2808e-09 2.82002e-09 5.44284e-09 9.35827e-09 1.4499e-08 2.04215e-08 2.63356e-08 3.12803e-08 3.43879e-08 3.51349e-08 3.34817e-08 2.98578e-08 2.50111e-08 1.97892e-08 1.49319e-08 1.09326e-08 7.99284e-09 6.05589e-09 4.88811e-09 4.17677e-09 3.62575e-09 3.03636e-09 2.35128e-09 1.6365e-09 1.00647e-09 5.42049e-10 2.54701e-10 1.04354e-10 3.72892e-11 1.16057e-11 3.12686e-12 7.17364e-13 1.34762e-13 1.8776e-14 1.39048e-15 0 
0 2.99763e-13 2.38109e-12 9.9539e-12 3.06758e-11 7.73835e-11 1.67413e-10 3.18586e-10 5.41836e-10 8.3279e-10 1.16649e-09 1.49902e-09 1.77711e-09 1.95249e-09 1.99586e-09 1.90474e-09 1.70281e-09 1.43169e-09 1.13868e-09 8.65122e-10 6.38633e-10 4.70465e-10 3.57422e-10 2.86546e-10 2.40826e-10 2.0466e-10 1.68049e-10 1.28364e-10 8.88752e-11 5.48924e-11 2.99729e-11 1.44036e-11 6.07927e-12 2.25023e-12 7.28209e-13 2.04443e-13 4.8915e-14 9.58101e-15 1.39048e-15 1.07103e-16 0 
0 0 0 0 0 0 0 0 0 0 0 0 0 0 0 0 0 0 0 0 0 0 0 0 0 0 0 0 0 0 0 0 0 0 0 0 0 0 0 0 0 
