0 0 0 0 0 0 0 0 0 0 0 0 0 0 0 0 0 0 0 0 0 0 0 0 0 0 0 0 0 0 0 0 0 0 0 0 0 0 0 0 0 
0 1.75306e-07 1.52533e-06 6.40976e-06 1.80101e-05 3.78768e-05 6.40243e-05 9.21195e-05 0.000118158 0.000139883 0.000156628 0.000168596 0.000176283 0.000180176 0.000180648 0.000177948 0.000172212 0.000163499 0.00015184 0.000137319 0.000120199 0.000101049 8.08369e-05 6.08953e-05 4.27147e-05 2.75878e-05 1.62392e-05 8.641e-06 4.13412e-06 1.77411e-06 6.82926e-07 2.3614e-07 7.34509e-08 2.05532e-08 5.15829e-09 1.15112e-09 2.24051e-10 3.64721e-11 4.48587e-12 2.98062e-13 0 
0 1.52533e-06 1.33502e-05 5.32797e-05 0.000132771 0.000235028 0.000328746 0.000398206 0.000446047 0.000480146 0.000505898 0.000525385 0.000538824 0.000545885 0.000546417 0.00054072 0.000529545 0.000513899 0.000494721 0.000472431 0.000446446 0.000414901 0.000374964 0.000324154 0.000262564 0.000194808 0.000129586 7.59972e-05 3.89161e-05 1.73666e-05 6.7823e-06 2.33504e-06 7.13936e-07 1.94813e-07 4.74693e-08 1.02647e-08 1.93525e-09 3.05353e-10 3.64499e-11 2.35437e-12 0 
0 6.40976e-06 5.32797e-05 0.000183523 0.000364301 0.000510811 0.000605336 0.000677823 0.000747897 0.000817733 0.000882397 0.000936249 0.000975019 0.000996201 0.000998995 0.000984138 0.000953687 0.000910782 0.000859375 0.000803924 0.000748916 0.00069799 0.000652361 0.000608659 0.000557555 0.000486233 0.000387382 0.000270264 0.000159886 7.90641e-05 3.27983e-05 1.15842e-05 3.54548e-06 9.537e-07 2.27111e-07 4.77918e-08 8.75465e-09 1.34217e-09 1.55819e-10 9.80277e-12 0 
0 1.80101e-05 0.000132771 0.000364301 0.000570146 0.000704418 0.00082859 0.000968961 0.00111815 0.00126274 0.00139148 0.00149584 0.0015699 0.00161027 0.00161607 0.00158876 0.00153183 0.00145038 0.00135065 0.00123952 0.00112423 0.00101209 0.000910303 0.000824988 0.000758183 0.000702195 0.000635246 0.000529753 0.000380192 0.000222519 0.000104083 3.93871e-05 1.24063e-05 3.34502e-06 7.86404e-07 1.62096e-07 2.89831e-08 4.33263e-09 4.90621e-10 3.01393e-11 0 
0 3.78768e-05 0.000235028 0.000510811 0.000704418 0.000884034 0.00109966 0.00133928 0.00158253 0.00181232 0.00201441 0.00217729 0.00229258 0.00235545 0.00236469 0.00232259 0.00223443 0.00210785 0.00195209 0.00177717 0.00159317 0.00140975 0.00123587 0.00108006 0.000950452 0.000852803 0.000782736 0.00071401 0.000601656 0.000425862 0.000235678 0.000100149 3.35817e-05 9.26946e-06 2.179e-06 4.43501e-07 7.78356e-08 1.13936e-08 1.26283e-09 7.5977e-11 0 
0 6.40243e-05 0.000328746 0.000605336 0.00082859 0.00109966 0.00142026 0.00176412 0.00210796 0.00243082 0.00271399 0.00294188 0.00310313 0.00319111 0.00320412 0.00314533 0.00302214 0.00284514 0.00262705 0.00238158 0.00212242 0.00186238 0.00161276 0.0013833 0.00118258 0.00101899 0.000899306 0.000818868 0.000742913 0.000610262 0.000403115 0.000198854 7.33223e-05 2.11927e-05 5.05142e-06 1.02417e-06 1.77492e-07 2.55574e-08 2.78293e-09 1.64501e-10 0 
0 9.21195e-05 0.000398206 0.000677823 0.000968961 0.00133928 0.00176412 0.00221427 0.00266255 0.00308276 0.00345113 0.00374894 0.00396464 0.00408825 0.00410759 0.00402376 0.00385535 0.00362173 0.00333732 0.00301771 0.00267989 0.00234012 0.00201261 0.00170905 0.0014387 0.00120939 0.00102898 0.000903423 0.000821468 0.000729874 0.000556971 0.000320905 0.000132974 4.10425e-05 1.00515e-05 2.04739e-06 3.52432e-07 5.01438e-08 5.3841e-09 3.1369e-10 0 
0 0.000118158 0.000446047 0.000747897 0.00111815 0.00158253 0.00210796 0.00266255 0.0032141 0.00373123 0.00419136 0.00460045 0.00494511 0.00515056 0.00518426 0.00504987 0.0047717 0.00441862 0.00404575 0.00364903 0.00323298 0.00281437 0.00241015 0.00203423 0.00169714 0.00140664 0.00116932 0.000992462 0.000878023 0.000796476 0.000667245 0.00044028 0.00020612 6.87824e-05 1.74869e-05 3.60412e-06 6.19417e-07 8.74376e-08 9.2899e-09 5.35113e-10 0 
0 0.000139883 0.000480146 0.000817733 0.00126274 0.00181232 0.00243082 0.00308276 0.00373123 0.00434894 0.00496817 0.00554206 0.00588638 0.0060397 0.00606252 0.00596759 0.00573024 0.00530124 0.00475413 0.00424428 0.00374983 0.00325732 0.00278163 0.00233854 0.00193999 0.00159412 0.00130669 0.00108352 0.000930542 0.000836183 0.000734829 0.000537324 0.000281329 0.000101789 2.70151e-05 5.6615e-06 9.75332e-07 1.37065e-07 1.44539e-08 8.25426e-10 0 
0 0.000156628 0.000505898 0.000882397 0.00139148 0.00201441 0.00271399 0.00345113 0.00419136 0.00496817 0.00573083 0.0061651 0.00638631 0.00648941 0.00650465 0.00643857 0.00628067 0.00599387 0.00548374 0.00480621 0.00420483 0.0036437 0.00310554 0.00260401 0.00215216 0.00175873 0.00142905 0.0011675 0.000979933 0.000864302 0.000773326 0.000606117 0.000347896 0.000135627 3.75837e-05 8.0253e-06 1.38934e-06 1.94879e-07 2.04495e-08 1.16065e-09 0 
0 0.000168596 0.000525385 0.000936249 0.00149584 0.00217729 0.00294188 0.00374894 0.00460045 0.00554206 0.0061651 0.00648274 0.00665771 0.00674195 0.00675416 0.00669891 0.0065701 0.00634658 0.00597288 0.00533127 0.00458937 0.00395356 0.00336401 0.00281579 0.00232147 0.00189029 0.00152746 0.00123633 0.00102167 0.000885522 0.000794531 0.000649895 0.000399426 0.000165612 4.76824e-05 1.03656e-05 1.80505e-06 2.53155e-07 2.64877e-08 1.49726e-09 0 
0 0.000176283 0.000538824 0.000975019 0.0015699 0.00229258 0.00310313 0.00396464 0.00494511 0.00588638 0.00638631 0.00665771 0.00681253 0.00688806 0.0068987 0.00684817 0.00673208 0.00653507 0.00621883 0.00568297 0.00489313 0.00417359 0.00354408 0.00296304 0.00243906 0.00198157 0.00159577 0.00128439 0.00105118 0.000899652 0.00080506 0.000674432 0.000433791 0.000188073 5.57645e-05 1.23007e-05 2.15374e-06 3.02304e-07 3.15874e-08 1.78144e-09 0 
0 0.000180176 0.000545885 0.000996201 0.00161027 0.00235545 0.00319111 0.00408825 0.00515056 0.0060397 0.00648941 0.00674195 0.00688806 0.00695961 0.00696928 0.00692048 0.00680945 0.006623 0.00632904 0.00584415 0.00506936 0.00429332 0.00363825 0.00303954 0.00249979 0.00202838 0.00163045 0.00130842 0.00106542 0.000905342 0.0008078 0.000684477 0.000451326 0.000200844 6.06359e-05 1.35029e-05 2.37374e-06 3.33572e-07 3.48479e-08 1.96374e-09 0 
0 0.000180648 0.000546417 0.000998995 0.00161607 0.00236469 0.00320412 0.00410759 0.00518426 0.00606252 0.00650465 0.00675416 0.0068987 0.00696928 0.00697834 0.00692923 0.00681825 0.00663253 0.00634082 0.00586228 0.00509044 0.00430377 0.00364458 0.00304381 0.00250238 0.00202955 0.0016304 0.00130724 0.00106302 0.000901616 0.000803721 0.000682805 0.000453141 0.000203154 6.16857e-05 1.37854e-05 2.42828e-06 3.41632e-07 3.57159e-08 2.01367e-09 0 
0 0.000177948 0.00054072 0.000984138 0.00158876 0.00232259 0.00314533 0.00402376 0.00504987 0.00596759 0.00643857 0.00669891 0.00684817 0.00692048 0.00692923 0.00687793 0.00676248 0.0065687 0.00626171 0.00575007 0.00495882 0.00420756 0.00356681 0.00297887 0.00244909 0.0019867 0.00159668 0.0012814 0.00104403 0.000888216 0.000792849 0.000670295 0.000440229 0.000195352 5.89487e-05 1.31429e-05 2.31505e-06 3.26057e-07 3.4141e-08 1.92825e-09 0 
0 0.000172212 0.000529545 0.000953687 0.00153183 0.00223443 0.00302214 0.00385535 0.0047717 0.00573024 0.00628067 0.0065701 0.00673208 0.00680945 0.00681825 0.00676248 0.00663694 0.00642388 0.00607805 0.00548581 0.004699 0.00402113 0.00341372 0.00285156 0.00234523 0.00190377 0.00153208 0.00123277 0.00100955 0.000865329 0.000774376 0.000646172 0.000413319 0.000178697 5.30407e-05 1.17407e-05 2.06482e-06 2.91179e-07 3.05662e-08 1.73164e-09 0 
0 0.000163499 0.000513899 0.000910782 0.00145038 0.00210785 0.00284514 0.00362173 0.00441862 0.00530124 0.00599387 0.00634658 0.00653507 0.006623 0.00663253 0.0065687 0.00642388 0.00617178 0.00574258 0.00505322 0.00436453 0.00376356 0.0031976 0.00267164 0.00219834 0.00178636 0.00144053 0.00116393 0.000961001 0.000832817 0.000746116 0.000608258 0.000373303 0.000155281 4.50081e-05 9.86167e-06 1.73079e-06 2.44556e-07 2.57698e-08 1.46661e-09 0 
0 0.00015184 0.000494721 0.000859375 0.00135065 0.00195209 0.00262705 0.00333732 0.00404575 0.00475413 0.00548374 0.00597288 0.00621883 0.00632904 0.00634082 0.00626171 0.00607805 0.00574258 0.0051825 0.00455321 0.00399133 0.00345135 0.00293282 0.00245064 0.00201725 0.00164085 0.00132631 0.00107745 0.000899196 0.00078884 0.00070358 0.000553611 0.000322081 0.000127961 3.61189e-05 7.83248e-06 1.37326e-06 1.94723e-07 2.06333e-08 1.1818e-09 0 
0 0.000137319 0.000472431 0.000803924 0.00123952 0.00177717 0.00238158 0.00301771 0.00364903 0.00424428 0.00480621 0.00533127 0.00568297 0.00584415 0.00586228 0.00575007 0.00548581 0.00505322 0.00455321 0.00407053 0.0035856 0.00310148 0.00263475 0.00220081 0.00181119 0.00147364 0.00119329 0.000974793 0.000822589 0.000727807 0.000639482 0.000480239 0.000263561 0.000100137 2.76228e-05 5.94917e-06 1.04509e-06 1.4909e-07 1.59208e-08 9.19492e-10 0 
0 0.000120199 0.000446446 0.000748916 0.00112423 0.00159317 0.00212242 0.00267989 0.00323298 0.00374983 0.00420483 0.00458937 0.00489313 0.00506936 0.00509044 0.00495882 0.004699 0.00436453 0.00399133 0.0035856 0.00315977 0.00273175 0.00231856 0.00193413 0.00158892 0.00129037 0.00104398 0.000854762 0.00072479 0.000638804 0.000545857 0.00039042 0.000204187 7.52534e-05 2.05223e-05 4.42285e-06 7.82061e-07 1.12563e-07 1.21357e-08 7.07536e-10 0 
0 0.000101049 0.000414901 0.00069799 0.00101209 0.00140975 0.00186238 0.00234012 0.00281437 0.00325732 0.0036437 0.00395356 0.00417359 0.00429332 0.00430377 0.00420756 0.00402113 0.00376356 0.00345135 0.00310148 0.00273175 0.00235909 0.00199831 0.00166156 0.00135826 0.00109555 0.000878961 0.000712361 0.000594617 0.000510626 0.000422526 0.000294323 0.000152011 5.60569e-05 1.54086e-05 3.35509e-06 5.99404e-07 8.71018e-08 9.47209e-09 5.565e-10 0 
0 8.08369e-05 0.000374964 0.000652361 0.000910303 0.00123587 0.00161276 0.00201261 0.00241015 0.00278163 0.00310554 0.00336401 0.00354408 0.00363825 0.00364458 0.00356681 0.00341372 0.0031976 0.00293282 0.00263475 0.00231856 0.00199831 0.00168627 0.00139273 0.0011262 0.000893874 0.000701193 0.000549961 0.000437719 0.000357475 0.000290623 0.000208603 0.000113511 4.38031e-05 1.23935e-05 2.7411e-06 4.93595e-07 7.20106e-08 7.84632e-09 4.61375e-10 0 
0 6.08953e-05 0.000324154 0.000608659 0.000824988 0.00108006 0.0013833 0.00170905 0.00203423 0.00233854 0.00260401 0.00281579 0.00296304 0.00303954 0.00304381 0.00297887 0.00285156 0.00267164 0.00245064 0.00220081 0.00193413 0.00166156 0.00139273 0.00113631 0.000901824 0.000702258 0.00054998 0.000440489 0.000349902 0.000265637 0.000198799 0.000147048 8.93165e-05 3.7696e-05 1.11284e-05 2.48866e-06 4.46654e-07 6.46147e-08 6.97256e-09 4.06086e-10 0 
0 4.27147e-05 0.000262564 0.000557555 0.000758183 0.000950452 0.00118258 0.0014387 0.00169714 0.00193999 0.00215216 0.00232147 0.00243906 0.00249979 0.00250238 0.00244909 0.00234523 0.00219834 0.00201725 0.00181119 0.00158892 0.00135826 0.0011262 0.000901824 0.000707124 0.000588934 0.00058258 0.000630229 0.000599214 0.000440287 0.000250813 0.00013236 7.61386e-05 3.51922e-05 1.08985e-05 2.44224e-06 4.31161e-07 6.10923e-08 6.46131e-09 3.69528e-10 0 
0 2.75878e-05 0.000194808 0.000486233 0.000702195 0.000852803 0.00101899 0.00120939 0.00140664 0.00159412 0.00175873 0.00189029 0.00198157 0.00202838 0.00202955 0.0019867 0.00190377 0.00178636 0.00164085 0.00147364 0.00129037 0.00109555 0.000893874 0.000702258 0.000588934 0.000691626 0.00109034 0.00173265 0.00207761 0.00124326 0.000630491 0.000233676 8.28573e-05 3.43532e-05 1.08801e-05 2.41953e-06 4.16736e-07 5.74923e-08 5.93481e-09 3.3231e-10 0 
0 1.62392e-05 0.000129586 0.000387382 0.000635246 0.000782736 0.000899306 0.00102898 0.00116932 0.00130669 0.00142905 0.00152746 0.00159577 0.00163045 0.0016304 0.00159668 0.00153208 0.00144053 0.00132631 0.00119329 0.00104398 0.000878961 0.000701193 0.00054998 0.00058258 0.00109034 0.00249184 0.00422738 0.00437746 0.00359289 0.00145913 0.000492537 0.00012579 3.59691e-05 1.05183e-05 2.27064e-06 3.79517e-07 5.09932e-08 5.14849e-09 2.82943e-10 0 
0 8.641e-06 7.59972e-05 0.000270264 0.000529753 0.00071401 0.000818868 0.000903423 0.000992462 0.00108352 0.0011675 0.00123633 0.00128439 0.00130842 0.00130724 0.0012814 0.00123277 0.00116393 0.00107745 0.000974793 0.000854762 0.000712361 0.000549961 0.000440489 0.000630229 0.00173265 0.00422738 0.00473189 0.00479289 0.00452347 0.00305517 0.000789543 0.000182578 3.89826e-05 9.54543e-06 1.9321e-06 3.11774e-07 4.09762e-08 4.07228e-09 2.21014e-10 0 
0 4.13412e-06 3.89161e-05 0.000159886 0.000380192 0.000601656 0.000742913 0.000821468 0.000878023 0.000930542 0.000979933 0.00102167 0.00105118 0.00106542 0.00106302 0.00104403 0.00100955 0.000961001 0.000899196 0.000822589 0.00072479 0.000594617 0.000437719 0.000349902 0.000599214 0.00207761 0.00437746 0.00479289 0.00484866 0.00463625 0.00359826 0.000875201 0.000195879 3.70478e-05 7.72911e-06 1.44006e-06 2.2439e-07 2.90795e-08 2.87076e-09 1.55152e-10 0 
0 1.77411e-06 1.73666e-05 7.90641e-05 0.000222519 0.000425862 0.000610262 0.000729874 0.000796476 0.000836183 0.000864302 0.000885522 0.000899652 0.000905342 0.000901616 0.000888216 0.000865329 0.000832817 0.00078884 0.000727807 0.000638804 0.000510626 0.000357475 0.000265637 0.000440287 0.00124326 0.00359289 0.00452347 0.00463625 0.00431208 0.00221449 0.00064414 0.000145247 2.71691e-05 5.21547e-06 9.09991e-07 1.38723e-07 1.7949e-08 1.77943e-09 9.6666e-11 0 
0 6.82926e-07 6.7823e-06 3.27983e-05 0.000104083 0.000235678 0.000403115 0.000556971 0.000667245 0.000734829 0.000773326 0.000794531 0.00080506 0.0008078 0.000803721 0.000792849 0.000774376 0.000746116 0.00070358 0.000639482 0.000545857 0.000422526 0.000290623 0.000198799 0.000250813 0.000630491 0.00145913 0.00305517 0.00359826 0.00221449 0.000967031 0.000320036 7.44406e-05 1.48161e-05 2.7947e-06 4.76279e-07 7.28649e-08 9.56302e-09 9.63035e-10 5.30808e-11 0 
0 2.3614e-07 2.33504e-06 1.15842e-05 3.93871e-05 0.000100149 0.000198854 0.000320905 0.00044028 0.000537324 0.000606117 0.000649895 0.000674432 0.000684477 0.000682805 0.000670295 0.000646172 0.000608258 0.000553611 0.000480239 0.00039042 0.000294323 0.000208603 0.000147048 0.00013236 0.000233676 0.000492537 0.000789543 0.000875201 0.00064414 0.000320036 0.000108614 2.77055e-05 6.07735e-06 1.17683e-06 2.05614e-07 3.24767e-08 4.39083e-09 4.53916e-10 2.56033e-11 0 
0 7.34509e-08 7.13936e-07 3.54548e-06 1.24063e-05 3.35817e-05 7.33223e-05 0.000132974 0.00020612 0.000281329 0.000347896 0.000399426 0.000433791 0.000451326 0.000453141 0.000440229 0.000413319 0.000373303 0.000322081 0.000263561 0.000204187 0.000152011 0.000113511 8.93165e-05 7.61386e-05 8.28573e-05 0.00012579 0.000182578 0.000195879 0.000145247 7.44406e-05 2.77055e-05 8.0798e-06 1.93404e-06 3.99053e-07 7.42828e-08 1.23613e-08 1.74122e-09 1.8634e-10 1.08332e-11 0 
0 2.05532e-08 1.94813e-07 9.537e-07 3.34502e-06 9.26946e-06 2.11927e-05 4.10425e-05 6.87824e-05 0.000101789 0.000135627 0.000165612 0.000188073 0.000200844 0.000203154 0.000195352 0.000178697 0.000155281 0.000127961 0.000100137 7.52534e-05 5.60569e-05 4.38031e-05 3.7696e-05 3.51922e-05 3.43532e-05 3.59691e-05 3.89826e-05 3.70478e-05 2.71691e-05 1.48161e-05 6.07735e-06 1.93404e-06 5.03311e-07 1.13763e-07 2.2933e-08 4.05166e-09 5.98284e-10 6.6668e-11 4.01659e-12 0 
0 5.15829e-09 4.74693e-08 2.27111e-07 7.86404e-07 2.179e-06 5.05142e-06 1.00515e-05 1.74869e-05 2.70151e-05 3.75837e-05 4.76824e-05 5.57645e-05 6.06359e-05 6.16857e-05 5.89487e-05 5.30407e-05 4.50081e-05 3.61189e-05 2.76228e-05 2.05223e-05 1.54086e-05 1.23935e-05 1.11284e-05 1.08985e-05 1.08801e-05 1.05183e-05 9.54543e-06 7.72911e-06 5.21547e-06 2.7947e-06 1.17683e-06 3.99053e-07 1.13763e-07 2.82148e-08 6.13297e-09 1.1493e-09 1.78335e-10 2.07649e-11 1.30125e-12 0 
0 1.15112e-09 1.02647e-08 4.77918e-08 1.62096e-07 4.43501e-07 1.02417e-06 2.04739e-06 3.60412e-06 5.6615e-06 8.0253e-06 1.03656e-05 1.23007e-05 1.35029e-05 1.37854e-05 1.31429e-05 1.17407e-05 9.86167e-06 7.83248e-06 5.94917e-06 4.42285e-06 3.35509e-06 2.7411e-06 2.48866e-06 2.44224e-06 2.41953e-06 2.27064e-06 1.9321e-06 1.44006e-06 9.09991e-07 4.76279e-07 2.05614e-07 7.42828e-08 2.2933e-08 6.13297e-09 1.42138e-09 2.8155e-10 4.59251e-11 5.59673e-12 3.6557e-13 0 
0 2.24051e-10 1.93525e-09 8.75465e-09 2.89831e-08 7.78356e-08 1.77492e-07 3.52432e-07 6.19417e-07 9.75332e-07 1.38934e-06 1.80505e-06 2.15374e-06 2.37374e-06 2.42828e-06 2.31505e-06 2.06482e-06 1.73079e-06 1.37326e-06 1.04509e-06 7.82061e-07 5.99404e-07 4.93595e-07 4.46654e-07 4.31161e-07 4.16736e-07 3.79517e-07 3.11774e-07 2.2439e-07 1.38723e-07 7.28649e-08 3.24767e-08 1.23613e-08 4.05166e-09 1.1493e-09 2.8155e-10 5.87577e-11 1.00663e-11 1.28417e-12 8.7499e-14 0 
0 3.64721e-11 3.05353e-10 1.34217e-09 4.33263e-09 1.13936e-08 2.55574e-08 5.01438e-08 8.74376e-08 1.37065e-07 1.94879e-07 2.53155e-07 3.02304e-07 3.33572e-07 3.41632e-07 3.26057e-07 2.91179e-07 2.44556e-07 1.94723e-07 1.4909e-07 1.12563e-07 8.71018e-08 7.20106e-08 6.46147e-08 6.10923e-08 5.74923e-08 5.09932e-08 4.09762e-08 2.90795e-08 1.7949e-08 9.56302e-09 4.39083e-09 1.74122e-09 5.98284e-10 1.78335e-10 4.59251e-11 1.00663e-11 1.80804e-12 2.41223e-13 1.7141e-14 0 
0 4.48587e-12 3.64499e-11 1.55819e-10 4.90621e-10 1.26283e-09 2.78293e-09 5.3841e-09 9.2899e-09 1.44539e-08 2.04495e-08 2.64877e-08 3.15874e-08 3.48479e-08 3.57159e-08 3.4141e-08 3.05662e-08 2.57698e-08 2.06333e-08 1.59208e-08 1.21357e-08 9.47209e-09 7.84632e-09 6.97256e-09 6.46131e-09 5.93481e-09 5.14849e-09 4.07228e-09 2.87076e-09 1.77943e-09 9.63035e-10 4.53916e-10 1.8634e-10 6.6668e-11 2.07649e-11 5.59673e-12 1.28417e-12 2.41223e-13 3.36016e-14 2.48758e-15 0 
0 2.98062e-13 2.35437e-12 9.80277e-12 3.01393e-11 7.5977e-11 1.64501e-10 3.1369e-10 5.35113e-10 8.25426e-10 1.16065e-09 1.49726e-09 1.78144e-09 1.96374e-09 2.01367e-09 1.92825e-09 1.73164e-09 1.46661e-09 1.1818e-09 9.19492e-10 7.07536e-10 5.565e-10 4.61375e-10 4.06086e-10 3.69528e-10 3.3231e-10 2.82943e-10 2.21014e-10 1.55152e-10 9.6666e-11 5.30808e-11 2.56033e-11 1.08332e-11 4.01659e-12 1.30125e-12 3.6557e-13 8.7499e-14 1.7141e-14 2.48758e-15 1.91576e-16 0 
0 0 0 0 0 0 0 0 0 0 0 0 0 0 0 0 0 0 0 0 0 0 0 0 0 0 0 0 0 0 0 0 0 0 0 0 0 0 0 0 0 
