0 0 0 0 0 0 0 0 0 0 0 0 0 0 0 0 0 0 0 0 0 0 0 0 0 0 0 0 0 0 0 0 0 0 0 0 0 0 0 0 0 
0 3.41225e-08 3.17612e-07 1.52766e-06 5.28453e-06 1.4536e-05 3.32615e-05 6.50512e-05 0.000111002 0.00016825 0.000230204 0.00028831 0.000334316 0.000362051 0.000368372 0.000353346 0.00031991 0.000273177 0.000219503 0.000165381 0.000116341 7.60735e-05 4.60438e-05 2.5707e-05 1.32085e-05 6.23825e-06 2.70806e-06 1.0814e-06 3.97775e-07 1.3498e-07 4.23096e-08 1.22581e-08 3.28064e-09 8.08938e-10 1.82698e-10 3.73607e-11 6.76707e-12 1.03846e-12 1.217e-13 7.77256e-15 0 
0 3.17612e-07 3.08191e-06 1.53562e-05 5.44036e-05 0.000150871 0.000341868 0.000650968 0.00106783 0.0015461 0.00202145 0.0024337 0.00273957 0.00291492 0.00295156 0.00285356 0.00263475 0.00231769 0.00193311 0.00151858 0.00111461 0.000758005 0.000473947 0.000270822 0.000140916 6.66939e-05 2.87433e-05 1.13087e-05 4.07481e-06 1.34904e-06 4.11482e-07 1.15836e-07 3.01037e-08 7.2083e-09 1.58174e-09 3.14539e-10 5.54628e-11 8.2961e-12 9.48938e-13 5.92326e-14 0 
0 1.52766e-06 1.53562e-05 7.83373e-05 0.000278352 0.000753063 0.00161634 0.00284751 0.00427281 0.00567077 0.00687809 0.0078141 0.00845385 0.00879866 0.00886001 0.00865345 0.00819682 0.00751061 0.00662113 0.00556779 0.00441356 0.00325112 0.00219236 0.0013359 0.000729271 0.000355605 0.000155221 6.09864e-05 2.17156e-05 7.05355e-06 2.10119e-06 5.7616e-07 1.45663e-07 3.3919e-08 7.2404e-09 1.4017e-09 2.40876e-10 3.51574e-11 3.92924e-12 2.39966e-13 0 
0 5.28453e-06 5.44036e-05 0.000278352 0.000958365 0.00240877 0.00463616 0.0072225 0.00968253 0.0117675 0.013427 0.0146734 0.0155192 0.0159713 0.0160401 0.0157455 0.0151172 0.0141892 0.0129927 0.0115484 0.00986903 0.00798359 0.00598309 0.00405318 0.00242896 0.00127141 0.000580515 0.000233013 8.3225e-05 2.67767e-05 7.83869e-06 2.10257e-06 5.18722e-07 1.17754e-07 2.45024e-08 4.62636e-09 7.7608e-10 1.10701e-10 1.21062e-11 7.24406e-13 0 
0 1.4536e-05 0.000150871 0.000753063 0.00240877 0.00536766 0.00900398 0.0124841 0.015493 0.0180477 0.0201768 0.0218527 0.0230273 0.0236654 0.0237596 0.0233338 0.0224397 0.0211495 0.0195441 0.0176975 0.0156564 0.0134223 0.0109628 0.00829266 0.00560412 0.00327427 0.00162559 0.000687399 0.000251545 8.12609e-05 2.35802e-05 6.22281e-06 1.50438e-06 3.34007e-07 6.7932e-08 1.2539e-08 2.05767e-09 2.87396e-10 3.08098e-11 1.80938e-12 0 
0 3.32615e-05 0.000341868 0.00161634 0.00463616 0.00900398 0.0134648 0.0174826 0.0211236 0.0244207 0.0272812 0.0295763 0.0311983 0.0320825 0.0322133 0.0316226 0.030384 0.0286032 0.0264064 0.0239261 0.0212829 0.0185585 0.0157585 0.0127972 0.00959613 0.00633062 0.00351829 0.00161762 0.000621814 0.000205105 5.96276e-05 1.55895e-05 3.71123e-06 8.08946e-07 1.61321e-07 2.91895e-08 4.69731e-09 6.43854e-10 6.78019e-11 3.9155e-12 0 
0 6.50512e-05 0.000650968 0.00284751 0.0072225 0.0124841 0.0174826 0.0222126 0.0267612 0.0309934 0.0346966 0.0376744 0.0397798 0.0409272 0.0410962 0.0403282 0.0387189 0.0364055 0.0335532 0.0303394 0.0269379 0.0235006 0.0201267 0.0168097 0.0134006 0.00974726 0.00608336 0.00310407 0.00128249 0.000439609 0.000129535 3.38065e-05 7.96699e-06 1.71185e-06 3.35864e-07 5.97503e-08 9.45446e-09 1.27489e-09 1.32177e-10 7.52176e-12 0 
0 0.000111002 0.00106783 0.00427281 0.00968253 0.015493 0.0211236 0.0267612 0.0323145 0.0375099 0.0420593 0.0457168 0.0483015 0.0497087 0.0499137 0.0489679 0.0469885 0.0441442 0.0406372 0.0366855 0.0325046 0.0282925 0.0242097 0.0203429 0.0166328 0.0128377 0.00880227 0.00498971 0.00224672 0.000812159 0.00024521 6.43532e-05 1.50914e-05 3.20949e-06 6.21667e-07 1.09071e-07 1.70175e-08 2.26336e-09 2.31586e-10 1.30158e-11 0 
0 0.00016825 0.0015461 0.00567077 0.0117675 0.0180477 0.0244207 0.0309934 0.0375099 0.0436105 0.0489511 0.0532426 0.0562734 0.0579211 0.0581574 0.057043 0.0547158 0.0513736 0.0472536 0.0426108 0.0376983 0.0327494 0.0279626 0.0234807 0.0193374 0.0153605 0.0112155 0.00695087 0.00341392 0.00131214 0.000409236 0.000108664 2.54749e-05 5.38262e-06 1.03273e-06 1.7924e-07 2.76535e-08 3.63736e-09 3.68221e-10 2.04876e-11 0 
0 0.000230204 0.00202145 0.00687809 0.013427 0.0201768 0.0272812 0.0346966 0.0420593 0.0489511 0.0549819 0.0598257 0.0632437 0.0650986 0.0653593 0.0640949 0.0614614 0.0576824 0.0530255 0.0477785 0.0422266 0.0366327 0.0312228 0.0261715 0.0215696 0.0173351 0.0131283 0.00869041 0.00460769 0.00188301 0.000608909 0.000164238 3.86296e-05 8.13559e-06 1.55091e-06 2.67065e-07 4.08592e-08 5.32952e-09 5.3519e-10 2.9553e-11 0 
0 0.00028831 0.0024337 0.0078141 0.0146734 0.0218527 0.0295763 0.0376744 0.0457168 0.0532426 0.0598257 0.06511 0.0688355 0.0708533 0.0711299 0.0697416 0.0668595 0.0627279 0.0576391 0.051907 0.0458424 0.0397319 0.033822 0.028307 0.0233087 0.0188089 0.0145234 0.0100446 0.00565447 0.00243918 0.000816817 0.000224092 5.29983e-05 1.11545e-05 2.11862e-06 3.62991e-07 5.52281e-08 7.1637e-09 7.15569e-10 3.9322e-11 0 
0 0.000334316 0.00273957 0.00845385 0.0155192 0.0230273 0.0311983 0.0397798 0.0483015 0.0562734 0.0632437 0.0688355 0.072774 0.0749022 0.0751855 0.0737056 0.0706446 0.0662615 0.0608663 0.0547913 0.0483655 0.0418919 0.0356311 0.0297895 0.0245051 0.0197969 0.0154351 0.0109641 0.00643627 0.00289539 0.000998557 0.000278288 6.62387e-05 1.39597e-05 2.64841e-06 4.52742e-07 6.87035e-08 8.88876e-09 8.85888e-10 4.85965e-11 0 
0 0.000362051 0.00291492 0.00879866 0.0159713 0.0236654 0.0320825 0.0409272 0.0497087 0.0579211 0.0650986 0.0708533 0.0749022 0.0770843 0.0773651 0.0758297 0.0726662 0.0681424 0.062578 0.0563156 0.0496938 0.0430245 0.0365755 0.0305593 0.0251213 0.0202986 0.0158972 0.0114565 0.0068975 0.00318987 0.00112352 0.000317048 7.59442e-05 1.60524e-05 3.04954e-06 5.21694e-07 7.92192e-08 1.02588e-08 1.0239e-09 5.62871e-11 0 
0 0.000368372 0.00295156 0.00886001 0.0160401 0.0237596 0.0322133 0.0410962 0.0499137 0.0581574 0.0653593 0.0711299 0.0751855 0.0773651 0.0776349 0.0760812 0.0728938 0.0683424 0.0627484 0.0564563 0.049806 0.0431106 0.0366385 0.0306024 0.0251488 0.0203203 0.015938 0.0115493 0.00702861 0.00329383 0.00117371 0.000334035 8.04983e-05 1.70959e-05 3.26173e-06 5.60443e-07 8.55133e-08 1.11348e-08 1.11841e-09 6.19371e-11 0 
0 0.000353346 0.00285356 0.00865345 0.0157455 0.0233338 0.0316226 0.0403282 0.0489679 0.057043 0.0640949 0.0697416 0.0737056 0.0758297 0.0760812 0.0745456 0.0714099 0.0669391 0.0614489 0.0552773 0.0487579 0.0421974 0.0358585 0.0299493 0.024612 0.0198845 0.0155856 0.0112749 0.00684995 0.00321111 0.00114785 0.000328424 7.96782e-05 1.70522e-05 3.28151e-06 5.69291e-07 8.78026e-08 1.15709e-08 1.17782e-09 6.61903e-11 0 
0 0.00031991 0.00263475 0.00819682 0.0151172 0.0224397 0.030384 0.0387189 0.0469885 0.0547158 0.0614614 0.0668595 0.0706446 0.0726662 0.0728938 0.0714099 0.0683942 0.0641013 0.0588344 0.0529177 0.0466711 0.0403884 0.0343214 0.0286688 0.0235637 0.0190304 0.0148717 0.01067 0.00640439 0.00297393 0.00106089 0.000305111 7.47771e-05 1.62195e-05 3.17111e-06 5.60074e-07 8.81036e-08 1.18616e-08 1.23517e-09 7.10796e-11 0 
0 0.000273177 0.00231769 0.00751061 0.0141892 0.0211495 0.0286032 0.0364055 0.0441442 0.0513736 0.0576824 0.0627279 0.0662615 0.0681424 0.0683424 0.0669391 0.0641013 0.0600684 0.0551247 0.0495745 0.043718 0.0378309 0.0321492 0.0268584 0.0220777 0.0178087 0.0138327 0.0097811 0.00575779 0.00263747 0.00094001 0.000273329 6.8282e-05 1.51762e-05 3.05113e-06 5.55491e-07 9.02129e-08 1.25466e-08 1.34925e-09 8.00888e-11 0 
0 0.000219503 0.00193311 0.00662113 0.0129927 0.0195441 0.0264064 0.0335532 0.0406372 0.0472536 0.0530255 0.0576391 0.0608663 0.062578 0.0627484 0.0614489 0.0588344 0.0551247 0.0505807 0.0454819 0.0401039 0.0346999 0.0294867 0.0246329 0.020238 0.0162743 0.0125123 0.00867554 0.00500138 0.00227239 0.000818818 0.000244564 6.33861e-05 1.46945e-05 3.08823e-06 5.8766e-07 9.95545e-08 1.43944e-08 1.60227e-09 9.79611e-11 0 
0 0.000165381 0.00151858 0.00556779 0.0115484 0.0176975 0.0239261 0.0303394 0.0366855 0.0426108 0.0477785 0.051907 0.0547913 0.0563156 0.0564563 0.0552773 0.0529177 0.0495745 0.0454819 0.0408908 0.0360486 0.0311829 0.0264882 0.0221123 0.0181288 0.0144831 0.0109711 0.00745323 0.00424766 0.00195417 0.000731642 0.000230963 6.37008e-05 1.57051e-05 3.49216e-06 6.97761e-07 1.23057e-07 1.83642e-08 2.09308e-09 1.30112e-10 0 
0 0.000116341 0.00111461 0.00441356 0.00986903 0.0156564 0.0212829 0.0269379 0.0325046 0.0376983 0.0422266 0.0458424 0.0483655 0.0496938 0.049806 0.0487579 0.0466711 0.043718 0.0401039 0.0360486 0.031769 0.0274645 0.023304 0.0194093 0.0158268 0.0124985 0.00930352 0.00624625 0.00361143 0.00174981 0.000709958 0.000245119 7.34208e-05 1.93611e-05 4.52688e-06 9.36498e-07 1.68836e-07 2.55012e-08 2.91963e-09 1.813e-10 0 
0 7.60735e-05 0.000758005 0.00325112 0.00798359 0.0134223 0.0185585 0.0235006 0.0282925 0.0327494 0.0366327 0.0397319 0.0418919 0.0430245 0.0431106 0.0421974 0.0403884 0.0378309 0.0346999 0.0311829 0.0274645 0.0237131 0.0200676 0.016621 0.0134067 0.0104134 0.00764739 0.00519049 0.00317498 0.00170261 0.000780004 0.000300816 9.78041e-05 2.71434e-05 6.51581e-06 1.36032e-06 2.44758e-07 3.66411e-08 4.14059e-09 2.53174e-10 0 
0 4.60438e-05 0.000473947 0.00219236 0.00598309 0.0109628 0.0157585 0.0201267 0.0242097 0.0279626 0.0312228 0.033822 0.0356311 0.0365755 0.0366385 0.0358585 0.0343214 0.0321492 0.0294867 0.0264882 0.023304 0.0200676 0.016885 0.0138305 0.0109665 0.00838059 0.00617675 0.00439253 0.00296493 0.00182003 0.000958588 0.000412961 0.000143381 4.08099e-05 9.78604e-06 2.01265e-06 3.54437e-07 5.17994e-08 5.71125e-09 3.40888e-10 0 
0 2.5707e-05 0.000270822 0.0013359 0.00405318 0.00829266 0.0127972 0.0168097 0.0203429 0.0234807 0.0261715 0.028307 0.0297895 0.0305593 0.0306024 0.0299493 0.0286688 0.0268584 0.0246329 0.0221123 0.0194093 0.016621 0.0138305 0.0111323 0.00867643 0.00666086 0.00519615 0.0041512 0.00322271 0.00224118 0.00130907 0.000610173 0.000219955 6.23099e-05 1.45207e-05 2.88257e-06 4.90187e-07 6.93222e-08 7.41417e-09 4.30353e-10 0 
0 1.32085e-05 0.000140916 0.000729271 0.00242896 0.00560412 0.00959613 0.0134006 0.0166328 0.0193374 0.0215696 0.0233087 0.0245051 0.0251213 0.0251488 0.024612 0.0235637 0.0220777 0.020238 0.0181288 0.0158268 0.0134067 0.0109665 0.00867643 0.00682525 0.00580023 0.00582365 0.00632565 0.00601618 0.00440654 0.00243661 0.00105392 0.000359019 9.54316e-05 2.06979e-05 3.86241e-06 6.26596e-07 8.53612e-08 8.8436e-09 4.99193e-10 0 
0 6.23825e-06 6.66939e-05 0.000355605 0.00127141 0.00327427 0.00633062 0.00974726 0.0128377 0.0153605 0.0173351 0.0188089 0.0197969 0.0202986 0.0203203 0.0198845 0.0190304 0.0178087 0.0162743 0.0144831 0.0124985 0.0104134 0.00838059 0.00666086 0.00580023 0.00694222 0.0109621 0.0158172 0.016858 0.0124537 0.00633714 0.00231203 0.000655943 0.000149627 2.82891e-05 4.75466e-06 7.23186e-07 9.46327e-08 9.51527e-09 5.23894e-10 0 
0 2.70806e-06 2.87433e-05 0.000155221 0.000580515 0.00162559 0.00351829 0.00608336 0.00880227 0.0112155 0.0131283 0.0145234 0.0154351 0.0158972 0.015938 0.0155856 0.0148717 0.0138327 0.0125123 0.0109711 0.00930352 0.00764739 0.00617675 0.00519615 0.00582365 0.0109621 0.0227519 0.0361699 0.0397271 0.0294173 0.014628 0.00494953 0.00120873 0.000231326 3.66436e-05 5.31118e-06 7.4061e-07 9.28486e-08 9.10103e-09 4.91445e-10 0 
0 1.0814e-06 1.13087e-05 6.09864e-05 0.000233013 0.000687399 0.00161762 0.00310407 0.00498971 0.00695087 0.00869041 0.0100446 0.0109641 0.0114565 0.0115493 0.0112749 0.01067 0.0097811 0.00867554 0.00745323 0.00624625 0.00519049 0.00439253 0.0041512 0.00632565 0.0158172 0.0361699 0.059078 0.0653962 0.0484593 0.0239604 0.00793714 0.00181669 0.000309391 4.21494e-05 5.23716e-06 6.61517e-07 7.95116e-08 7.65031e-09 4.08192e-10 0 
0 3.97775e-07 4.07481e-06 2.17156e-05 8.3225e-05 0.000251545 0.000621814 0.00128249 0.00224672 0.00341392 0.00460769 0.00565447 0.00643627 0.0068975 0.00702861 0.00684995 0.00640439 0.00575779 0.00500138 0.00424766 0.00361143 0.00317498 0.00296493 0.00322271 0.00601618 0.016858 0.0397271 0.0653962 0.0725268 0.0537788 0.0265455 0.00874172 0.00195795 0.000315239 3.91031e-05 4.33353e-06 5.04241e-07 5.87427e-08 5.60468e-09 2.9815e-10 0 
0 1.3498e-07 1.34904e-06 7.05355e-06 2.67767e-05 8.12609e-05 0.000205105 0.000439609 0.000812159 0.00131214 0.00188301 0.00243918 0.00289539 0.00318987 0.00329383 0.00321111 0.00297393 0.00263747 0.00227239 0.00195417 0.00174981 0.00170261 0.00182003 0.00224118 0.00440654 0.0124537 0.0294173 0.0484593 0.0537788 0.039854 0.0196728 0.00647606 0.00144619 0.000228349 2.71543e-05 2.8545e-06 3.20677e-07 3.71138e-08 3.55973e-09 1.90672e-10 0 
0 4.23096e-08 4.11482e-07 2.10119e-06 7.83869e-06 2.35802e-05 5.96276e-05 0.000129535 0.00024521 0.000409236 0.000608909 0.000816817 0.000998557 0.00112352 0.00117371 0.00114785 0.00106089 0.00094001 0.000818818 0.000731642 0.000709958 0.000780004 0.000958588 0.00130907 0.00243661 0.00633714 0.014628 0.0239604 0.0265455 0.0196728 0.00972277 0.00321514 0.000724215 0.000114581 1.3632e-05 1.45473e-06 1.68137e-07 1.99811e-08 1.95605e-09 1.0654e-10 0 
0 1.22581e-08 1.15836e-07 5.7616e-07 2.10257e-06 6.22281e-06 1.55895e-05 3.38065e-05 6.43532e-05 0.000108664 0.000164238 0.000224092 0.000278288 0.000317048 0.000334035 0.000328424 0.000305111 0.000273329 0.000244564 0.000230963 0.000245119 0.000300816 0.000412961 0.000610173 0.00105392 0.00231203 0.00494953 0.00793714 0.00874172 0.00647606 0.00321514 0.00107628 0.000246578 3.98217e-05 4.96368e-06 5.78442e-07 7.31839e-08 9.19301e-09 9.30606e-10 5.19957e-11 0 
0 3.28064e-09 3.01037e-08 1.45663e-07 5.18722e-07 1.50438e-06 3.71123e-06 7.96699e-06 1.50914e-05 2.54749e-05 3.86296e-05 5.29983e-05 6.62387e-05 7.59442e-05 8.04983e-05 7.96782e-05 7.47771e-05 6.8282e-05 6.33861e-05 6.37008e-05 7.34208e-05 9.78041e-05 0.000143381 0.000219955 0.000359019 0.000655943 0.00120873 0.00181669 0.00195795 0.00144619 0.000724215 0.000246578 5.79336e-05 9.8537e-06 1.37123e-06 1.87604e-07 2.70208e-08 3.64013e-09 3.84234e-10 2.21757e-11 0 
0 8.08938e-10 7.2083e-09 3.3919e-08 1.17754e-07 3.34007e-07 8.08946e-07 1.71185e-06 3.20949e-06 5.38262e-06 8.13559e-06 1.11545e-05 1.39597e-05 1.60524e-05 1.70959e-05 1.70522e-05 1.62195e-05 1.51762e-05 1.46945e-05 1.57051e-05 1.93611e-05 2.71434e-05 4.08099e-05 6.23099e-05 9.54316e-05 0.000149627 0.000231326 0.000309391 0.000315239 0.000228349 0.000114581 3.98217e-05 9.8537e-06 1.87402e-06 3.14686e-07 5.26913e-08 8.64773e-09 1.2486e-09 1.37966e-10 8.2661e-12 0 
0 1.82698e-10 1.58174e-09 7.2404e-09 2.45024e-08 6.7932e-08 1.61321e-07 3.35864e-07 6.21667e-07 1.03273e-06 1.55091e-06 2.11862e-06 2.64841e-06 3.04954e-06 3.26173e-06 3.28151e-06 3.17111e-06 3.05113e-06 3.08823e-06 3.49216e-06 4.52688e-06 6.51581e-06 9.78604e-06 1.45207e-05 2.06979e-05 2.82891e-05 3.66436e-05 4.21494e-05 3.91031e-05 2.71543e-05 1.3632e-05 4.96368e-06 1.37123e-06 3.14686e-07 6.63699e-08 1.33009e-08 2.42048e-09 3.71813e-10 4.30669e-11 2.68741e-12 0 
0 3.73607e-11 3.14539e-10 1.4017e-09 4.62636e-09 1.2539e-08 2.91895e-08 5.97503e-08 1.09071e-07 1.7924e-07 2.67065e-07 3.62991e-07 4.52742e-07 5.21694e-07 5.60443e-07 5.69291e-07 5.60074e-07 5.55491e-07 5.8766e-07 6.97761e-07 9.36498e-07 1.36032e-06 2.01265e-06 2.88257e-06 3.86241e-06 4.75466e-06 5.31118e-06 5.23716e-06 4.33353e-06 2.8545e-06 1.45473e-06 5.78442e-07 1.87604e-07 5.26913e-08 1.33009e-08 3.00451e-09 5.8935e-10 9.56899e-11 1.16216e-11 7.56664e-13 0 
0 6.76707e-12 5.54628e-11 2.40876e-10 7.7608e-10 2.05767e-09 4.69731e-09 9.45446e-09 1.70175e-08 2.76535e-08 4.08592e-08 5.52281e-08 6.87035e-08 7.92192e-08 8.55133e-08 8.78026e-08 8.81036e-08 9.02129e-08 9.95545e-08 1.23057e-07 1.68836e-07 2.44758e-07 3.54437e-07 4.90187e-07 6.26596e-07 7.23186e-07 7.4061e-07 6.61517e-07 5.04241e-07 3.20677e-07 1.68137e-07 7.31839e-08 2.70208e-08 8.64773e-09 2.42048e-09 5.8935e-10 1.22617e-10 2.09586e-11 2.66764e-12 1.81329e-13 0 
0 1.03846e-12 8.2961e-12 3.51574e-11 1.10701e-10 2.87396e-10 6.43854e-10 1.27489e-09 2.26336e-09 3.63736e-09 5.32952e-09 7.1637e-09 8.88876e-09 1.02588e-08 1.11348e-08 1.15709e-08 1.18616e-08 1.25466e-08 1.43944e-08 1.83642e-08 2.55012e-08 3.66411e-08 5.17994e-08 6.93222e-08 8.53612e-08 9.46327e-08 9.28486e-08 7.95116e-08 5.87427e-08 3.71138e-08 1.99811e-08 9.19301e-09 3.64013e-09 1.2486e-09 3.71813e-10 9.56899e-11 2.09586e-11 3.76036e-12 5.00988e-13 3.55393e-14 0 
0 1.217e-13 9.48938e-13 3.92924e-12 1.21062e-11 3.08098e-11 6.78019e-11 1.32177e-10 2.31586e-10 3.68221e-10 5.3519e-10 7.15569e-10 8.85888e-10 1.0239e-09 1.11841e-09 1.17782e-09 1.23517e-09 1.34925e-09 1.60227e-09 2.09308e-09 2.91963e-09 4.14059e-09 5.71125e-09 7.41417e-09 8.8436e-09 9.51527e-09 9.10103e-09 7.65031e-09 5.60468e-09 3.55973e-09 1.95605e-09 9.30606e-10 3.84234e-10 1.37966e-10 4.30669e-11 1.16216e-11 2.66764e-12 5.00988e-13 6.9737e-14 5.1572e-15 0 
0 7.77256e-15 5.92326e-14 2.39966e-13 7.24406e-13 1.80938e-12 3.9155e-12 7.52176e-12 1.30158e-11 2.04876e-11 2.9553e-11 3.9322e-11 4.85965e-11 5.62871e-11 6.19371e-11 6.61903e-11 7.10796e-11 8.00888e-11 9.79611e-11 1.30112e-10 1.813e-10 2.53174e-10 3.40888e-10 4.30353e-10 4.99193e-10 5.23894e-10 4.91445e-10 4.08192e-10 2.9815e-10 1.90672e-10 1.0654e-10 5.19957e-11 2.21757e-11 8.2661e-12 2.68741e-12 7.56664e-13 1.81329e-13 3.55393e-14 5.1572e-15 3.96964e-16 0 
0 0 0 0 0 0 0 0 0 0 0 0 0 0 0 0 0 0 0 0 0 0 0 0 0 0 0 0 0 0 0 0 0 0 0 0 0 0 0 0 0 
