0 0 0 0 0 0 0 0 0 0 0 0 0 0 0 0 0 0 0 0 0 0 0 0 0 0 0 0 0 0 0 0 0 0 0 0 0 0 0 0 0 
0 4.95892e-09 4.67372e-08 2.30574e-07 8.30486e-07 2.41567e-06 5.9272e-06 1.2558e-05 2.3326e-05 3.84314e-05 5.673e-05 7.57035e-05 9.20486e-05 0.000102651 0.00010552 0.000100327 8.83938e-05 7.2207e-05 5.46608e-05 3.83014e-05 2.48079e-05 1.48338e-05 8.1814e-06 4.16102e-06 1.95226e-06 8.45802e-07 3.38862e-07 1.25762e-07 4.33133e-08 1.3865e-08 4.12963e-09 1.14468e-09 2.94946e-10 7.04182e-11 1.54765e-11 3.09332e-12 5.49703e-13 8.30299e-14 9.60385e-15 6.0678e-16 0 
0 4.67372e-08 4.58618e-07 2.35187e-06 8.7716e-06 2.62654e-05 6.58494e-05 0.000141363 0.000263858 0.00043377 0.000635792 0.000840641 0.00101325 0.00112307 0.0011519 0.00109748 0.000972609 0.00080121 0.000612159 0.00043248 0.000281623 0.00016858 9.2606e-05 4.66608e-05 2.15793e-05 9.17482e-06 3.59435e-06 1.30085e-06 4.36051e-07 1.35691e-07 3.9264e-08 1.05727e-08 2.64729e-09 6.14588e-10 1.31462e-10 2.56001e-11 4.43754e-12 6.5461e-13 7.40408e-14 4.5801e-15 0 
0 2.30574e-07 2.35187e-06 1.25037e-05 4.80628e-05 0.000146981 0.000371895 0.000795065 0.00145922 0.00233625 0.00331931 0.00425756 0.00500639 0.00546243 0.00557537 0.00534522 0.00481525 0.00406439 0.0031973 0.00232826 0.00155844 0.000953172 0.000530629 0.000268521 0.000123651 5.19608e-05 2.00019e-05 7.08235e-06 2.3158e-06 7.01647e-07 1.97487e-07 5.17095e-08 1.25927e-08 2.84509e-09 5.92771e-10 1.12558e-10 1.90477e-11 2.74664e-12 3.04065e-13 1.84333e-14 0 
0 8.30486e-07 8.7716e-06 4.80628e-05 0.00018858 0.000579921 0.00144712 0.00298778 0.00520281 0.00782568 0.0104441 0.0126882 0.0143269 0.0152589 0.0154655 0.0149744 0.0138438 0.012165 0.0100769 0.00777991 0.00552573 0.00356597 0.00207162 0.00107866 0.000503742 0.000211964 8.08899e-05 2.81912e-05 9.02942e-06 2.67175e-06 7.33172e-07 1.87028e-07 4.43716e-08 9.77054e-09 1.98558e-09 3.68125e-10 6.08961e-11 8.59436e-12 9.32391e-13 5.5463e-14 0 
0 2.41567e-06 2.62654e-05 0.000146981 0.000579921 0.00175142 0.00416867 0.00798879 0.0127083 0.0174614 0.0215655 0.0247122 0.0268403 0.0279833 0.0281964 0.0275362 0.0260561 0.0238064 0.0208455 0.0172775 0.0133207 0.00935839 0.00587558 0.00325372 0.00158344 0.000680609 0.000261026 9.03532e-05 2.85208e-05 8.27751e-06 2.22194e-06 5.53699e-07 1.28269e-07 2.75847e-08 5.47816e-09 9.93412e-10 1.60908e-10 2.22621e-11 2.37054e-12 1.38575e-13 0 
0 5.9272e-06 6.58494e-05 0.000371895 0.00144712 0.00416867 0.00913292 0.0157509 0.0225704 0.0285002 0.0331989 0.0366879 0.0390366 0.0402903 0.0404897 0.0396931 0.0379788 0.0354307 0.0321133 0.0280535 0.0232709 0.017907 0.0124111 0.00753475 0.0039411 0.00177505 0.000696713 0.000242437 7.60213e-05 2.17597e-05 5.73701e-06 1.40119e-06 3.17851e-07 6.69263e-08 1.30186e-08 2.31407e-09 3.67753e-10 4.99746e-11 5.23282e-12 3.01153e-13 0 
0 1.2558e-05 0.000141363 0.000795065 0.00298778 0.00798879 0.0157509 0.0243857 0.0321518 0.0385706 0.0437337 0.0477069 0.0504602 0.0519492 0.0521712 0.0511847 0.0491054 0.0460869 0.0422882 0.0378251 0.0327186 0.0268992 0.0203966 0.0137113 0.00788477 0.00381538 0.00156429 0.000555043 0.00017452 4.9578e-05 1.28983e-05 3.09906e-06 6.90595e-07 1.42781e-07 2.7276e-08 4.76415e-09 7.44582e-10 9.96047e-11 1.0278e-11 5.83571e-13 0 
0 2.3326e-05 0.000263858 0.00145922 0.00520281 0.0127083 0.0225704 0.0321518 0.0404131 0.0474622 0.0533901 0.058086 0.0613873 0.0631816 0.0634435 0.0622394 0.0597171 0.0560853 0.0515847 0.0464458 0.0408238 0.0347151 0.0279467 0.0204758 0.0129862 0.00685773 0.00298983 0.00109722 0.000349334 9.91512e-05 2.5578e-05 6.06956e-06 1.33322e-06 2.71503e-07 5.10851e-08 8.79194e-09 1.35489e-09 1.78876e-10 1.82351e-11 1.02402e-12 0 
0 3.84314e-05 0.00043377 0.00233625 0.00782568 0.0174614 0.0285002 0.0385706 0.0474622 0.0553832 0.0622134 0.0676795 0.0715352 0.0736308 0.0739314 0.0725144 0.069555 0.0653033 0.0600563 0.054123 0.0477735 0.0411537 0.0341708 0.0265253 0.0182643 0.0105318 0.00493155 0.0018927 0.000615491 0.00017563 4.51378e-05 1.06201e-05 2.30755e-06 4.64382e-07 8.63308e-08 1.46845e-08 2.23799e-09 2.92458e-10 2.95414e-11 1.64572e-12 0 
0 5.673e-05 0.000635792 0.00331931 0.0104441 0.0215655 0.0331989 0.0437337 0.0533901 0.0622134 0.0698922 0.0760524 0.0803981 0.0827564 0.0830878 0.0814803 0.0781323 0.0733277 0.0674054 0.0607265 0.053633 0.0463831 0.0390319 0.031307 0.0228549 0.014212 0.00714421 0.00288263 0.000963138 0.000277682 7.13957e-05 1.67176e-05 3.60584e-06 7.19573e-07 1.32621e-07 2.23708e-08 3.38335e-09 4.39171e-10 4.41163e-11 2.44756e-12 0 
0 7.57035e-05 0.000840641 0.00425756 0.0126882 0.0247122 0.0366879 0.0477069 0.058086 0.0676795 0.0760524 0.0827708 0.0875071 0.0900721 0.0904238 0.0886589 0.084995 0.0797426 0.0732728 0.0659831 0.0582597 0.0504285 0.0426572 0.0347904 0.0263528 0.0173467 0.00927438 0.00392827 0.00135128 0.000394842 0.0001019 2.38277e-05 5.12e-06 1.0169e-06 1.86516e-07 3.1325e-08 4.72112e-09 6.11445e-10 6.13796e-11 3.4093e-12 0 
0 9.20486e-05 0.00101325 0.00500639 0.0143269 0.0268403 0.0390366 0.0504602 0.0613873 0.0715352 0.0803981 0.0875071 0.0925139 0.0952193 0.0955795 0.0936982 0.0898068 0.0842348 0.0773759 0.0696519 0.0614767 0.0532135 0.0450974 0.0370767 0.0286918 0.0196275 0.0110025 0.00485674 0.00171677 0.000508917 0.000132158 3.0962e-05 6.65299e-06 1.32068e-06 2.42184e-07 4.0703e-08 6.14745e-09 7.99317e-10 8.07355e-11 4.52371e-12 0 
0 0.000102651 0.00112307 0.00546243 0.0152589 0.0279833 0.0402903 0.0519492 0.0631816 0.0736308 0.0827564 0.0900721 0.0952193 0.0979933 0.0983503 0.0963984 0.0923768 0.086626 0.0795521 0.0715903 0.0631684 0.054668 0.0463581 0.0382517 0.0299379 0.0209584 0.0121271 0.00551928 0.00199513 0.000599687 0.000157017 3.69871e-05 7.98417e-06 1.59276e-06 2.93855e-07 4.97767e-08 7.59484e-09 1.0004e-09 1.02682e-10 5.86528e-12 0 
0 0.00010552 0.0011519 0.00557537 0.0154655 0.0281964 0.0404897 0.0521712 0.0634435 0.0739314 0.0830878 0.0904238 0.0955795 0.0983503 0.0986933 0.0967182 0.0926662 0.0868802 0.0797688 0.0717694 0.0633121 0.0547821 0.0464594 0.0383845 0.0301838 0.0213625 0.0125728 0.00583074 0.00214254 0.000652418 0.000172686 4.11004e-05 8.97148e-06 1.81302e-06 3.39717e-07 5.86278e-08 9.1457e-09 1.23612e-09 1.30622e-10 7.70196e-12 0 
0 0.000100327 0.00109748 0.00534522 0.0149744 0.0275362 0.0396931 0.0511847 0.0622394 0.0725144 0.0814803 0.0886589 0.0936982 0.0963984 0.0967182 0.0947661 0.0907798 0.0850962 0.0781167 0.0702705 0.0619793 0.0536199 0.0454643 0.037551 0.0295234 0.0209184 0.0123643 0.00578211 0.00214949 0.000663674 0.000178486 4.32734e-05 9.65355e-06 2.00161e-06 3.86472e-07 6.90229e-08 1.11845e-08 1.57439e-09 1.73454e-10 1.06549e-11 0 
0 8.83938e-05 0.000972609 0.00481525 0.0138438 0.0260561 0.0379788 0.0491054 0.0597171 0.069555 0.0781323 0.084995 0.0898068 0.0923768 0.0926662 0.0907798 0.086946 0.0814887 0.074793 0.0672705 0.0593245 0.0513123 0.0434821 0.0358461 0.0280538 0.019736 0.0116012 0.00543424 0.00204272 0.000643162 0.000177629 4.45089e-05 1.03257e-05 2.23928e-06 4.54302e-07 8.54851e-08 1.45978e-08 2.16036e-09 2.49059e-10 1.59073e-11 0 
0 7.2207e-05 0.00080121 0.00406439 0.012165 0.0238064 0.0354307 0.0460869 0.0560853 0.0653033 0.0733277 0.0797426 0.0842348 0.086626 0.0868802 0.0850962 0.0814887 0.0763617 0.0700766 0.0630191 0.0555653 0.0480417 0.0406568 0.0333811 0.0258837 0.0179599 0.0104435 0.00490128 0.00187742 0.000611729 0.000177026 4.69365e-05 1.16032e-05 2.69091e-06 5.83466e-07 1.168e-07 2.10548e-08 3.25776e-09 3.88675e-10 2.544e-11 0 
0 5.46608e-05 0.000612159 0.0031973 0.0100769 0.0208455 0.0321133 0.0422882 0.0515847 0.0600563 0.0674054 0.0732728 0.0773759 0.0795521 0.0797688 0.0781167 0.074793 0.0700766 0.0642989 0.0578125 0.0509575 0.0440176 0.0371479 0.0302785 0.0231483 0.0157831 0.00909854 0.00432692 0.00172418 0.000597731 0.000186932 5.39866e-05 1.45381e-05 3.64728e-06 8.4539e-07 1.78345e-07 3.33971e-08 5.29877e-09 6.41205e-10 4.21984e-11 0 
0 3.83014e-05 0.00043248 0.00232826 0.00777991 0.0172775 0.0280535 0.0378251 0.0464458 0.054123 0.0607265 0.0659831 0.0696519 0.0715903 0.0717694 0.0702705 0.0672705 0.0630191 0.0578125 0.0519634 0.045766 0.0394492 0.0331103 0.0266741 0.0200308 0.0134517 0.00779339 0.00385561 0.00165643 0.000634913 0.000221633 7.10494e-05 2.0897e-05 5.60717e-06 1.36125e-06 2.95361e-07 5.607e-08 8.92085e-09 1.07408e-09 6.99501e-11 0 
0 2.48079e-05 0.000281623 0.00155844 0.00552573 0.0133207 0.0232709 0.0327186 0.0408238 0.0477735 0.053633 0.0582597 0.0614767 0.0631684 0.0633121 0.0619793 0.0593245 0.0555653 0.0509575 0.045766 0.0402291 0.0345146 0.0286857 0.0227382 0.0167805 0.0112378 0.00672731 0.00360337 0.00174249 0.000763948 0.000302257 0.000107021 3.37001e-05 9.4114e-06 2.32616e-06 5.05864e-07 9.52413e-08 1.49279e-08 1.76347e-09 1.1243e-10 0 
0 1.48338e-05 0.00016858 0.000953172 0.00356597 0.00935839 0.017907 0.0268992 0.0347151 0.0411537 0.0463831 0.0504285 0.0532135 0.054668 0.0547821 0.0536199 0.0513123 0.0480417 0.0440176 0.0394492 0.0345146 0.0293404 0.0240216 0.018707 0.0136924 0.00937161 0.00601696 0.00363225 0.00203843 0.00103526 0.000461408 0.000176833 5.80078e-05 1.63905e-05 4.02168e-06 8.58617e-07 1.57759e-07 2.40633e-08 2.76393e-09 1.71374e-10 0 
0 8.1814e-06 9.2606e-05 0.000530629 0.00207162 0.00587558 0.0124111 0.0203966 0.0279467 0.0341708 0.0390319 0.0426572 0.0450974 0.0463581 0.0464594 0.0454643 0.0434821 0.0406568 0.0371479 0.0331103 0.0286857 0.0240216 0.0193226 0.0148845 0.0110328 0.00796904 0.00566817 0.00393925 0.00258379 0.00151517 0.000752701 0.000306575 0.000102197 2.84601e-05 6.77904e-06 1.39758e-06 2.4773e-07 3.64847e-08 4.05313e-09 2.43579e-10 0 
0 4.16102e-06 4.66608e-05 0.000268521 0.00107866 0.00325372 0.00753475 0.0137113 0.0204758 0.0265253 0.031307 0.0347904 0.0370767 0.0382517 0.0383845 0.037551 0.0358461 0.0333811 0.0302785 0.0266741 0.0227382 0.018707 0.0148845 0.0115723 0.00895721 0.0070531 0.0057246 0.0047045 0.00365783 0.00245993 0.00133505 0.00056286 0.000184265 4.86784e-05 1.09045e-05 2.12871e-06 3.60428e-07 5.10121e-08 5.4691e-09 3.18325e-10 0 
0 1.95226e-06 2.15793e-05 0.000123651 0.000503742 0.00158344 0.0039411 0.00788477 0.0129862 0.0182643 0.0228549 0.0263528 0.0286918 0.0299379 0.0301838 0.0295234 0.0280538 0.0258837 0.0231483 0.0200308 0.0167805 0.0136924 0.0110328 0.00895721 0.00752992 0.00689668 0.00724112 0.00797832 0.00760327 0.00553782 0.0029818 0.00119427 0.00035932 8.44617e-05 1.67862e-05 2.9915e-06 4.76799e-07 6.46319e-08 6.6906e-09 3.77799e-10 0 
0 8.45802e-07 9.17482e-06 5.19608e-05 0.000211964 0.000680609 0.00177505 0.00381538 0.00685773 0.0105318 0.014212 0.0173467 0.0196275 0.0209584 0.0213625 0.0209184 0.019736 0.0179599 0.0157831 0.0134517 0.0112378 0.00937161 0.00796904 0.0070531 0.00689668 0.00874428 0.0139285 0.0201069 0.0214304 0.0158304 0.00804481 0.00288705 0.000760133 0.000151971 2.51784e-05 3.86977e-06 5.65471e-07 7.30701e-08 7.32223e-09 4.02718e-10 0 
0 3.38862e-07 3.59435e-06 2.00019e-05 8.08899e-05 0.000261026 0.000696713 0.00156429 0.00298983 0.00493155 0.00714421 0.00927438 0.0110025 0.0121271 0.0125728 0.0123643 0.0116012 0.0104435 0.00909854 0.00779339 0.00672731 0.00601696 0.00566817 0.0057246 0.00724112 0.0139285 0.0289233 0.0459809 0.0505016 0.0373968 0.0185955 0.0062821 0.00149516 0.000260857 3.59701e-05 4.58242e-06 5.94498e-07 7.27444e-08 7.08588e-09 3.81867e-10 0 
0 1.25762e-07 1.30085e-06 7.08235e-06 2.81912e-05 9.03532e-05 0.000242437 0.000555043 0.00109722 0.0018927 0.00288263 0.00392827 0.00485674 0.00551928 0.00583074 0.00578211 0.00543424 0.00490128 0.00432692 0.00385561 0.00360337 0.00363225 0.00393925 0.0047045 0.00797832 0.0201069 0.0459809 0.0751022 0.0831335 0.061603 0.0304596 0.0100881 0.00228798 0.000368044 4.45814e-05 4.79043e-06 5.45244e-07 6.30191e-08 6.0053e-09 3.1957e-10 0 
0 4.33133e-08 4.36051e-07 2.3158e-06 9.02942e-06 2.85208e-05 7.60213e-05 0.00017452 0.000349334 0.000615491 0.000963138 0.00135128 0.00171677 0.00199513 0.00214254 0.00214949 0.00204272 0.00187742 0.00172418 0.00165643 0.00174249 0.00203843 0.00258379 0.00365783 0.00760327 0.0214304 0.0505016 0.0831335 0.0922283 0.0683562 0.033746 0.0111119 0.00247488 0.00038258 4.31044e-05 4.13856e-06 4.24869e-07 4.69654e-08 4.42453e-09 2.34648e-10 0 
0 1.3865e-08 1.35691e-07 7.01647e-07 2.67175e-06 8.27751e-06 2.17597e-05 4.9578e-05 9.91512e-05 0.00017563 0.000277682 0.000394842 0.000508917 0.000599687 0.000652418 0.000663674 0.000643162 0.000611729 0.000597731 0.000634913 0.000763948 0.00103526 0.00151517 0.00245993 0.00553782 0.0158304 0.0373968 0.061603 0.0683562 0.0506643 0.025009 0.00823083 0.00182554 0.000277753 3.03437e-05 2.77801e-06 2.73189e-07 2.98192e-08 2.82058e-09 1.50611e-10 0 
0 4.12963e-09 3.9264e-08 1.97487e-07 7.33172e-07 2.22194e-06 5.73701e-06 1.28983e-05 2.5578e-05 4.51378e-05 7.13957e-05 0.0001019 0.000132158 0.000157017 0.000172686 0.000178486 0.000177629 0.000177026 0.000186932 0.000221633 0.000302257 0.000461408 0.000752701 0.00133505 0.0029818 0.00804481 0.0185955 0.0304596 0.033746 0.025009 0.0123595 0.00408161 0.000908037 0.000137973 1.51008e-05 1.40524e-06 1.42751e-07 1.60648e-08 1.5532e-09 8.43674e-11 0 
0 1.14468e-09 1.05727e-08 5.17095e-08 1.87028e-07 5.53699e-07 1.40119e-06 3.09906e-06 6.06956e-06 1.06201e-05 1.67176e-05 2.38277e-05 3.0962e-05 3.69871e-05 4.11004e-05 4.32734e-05 4.45089e-05 4.69365e-05 5.39866e-05 7.10494e-05 0.000107021 0.000176833 0.000306575 0.00056286 0.00119427 0.00288705 0.0062821 0.0100881 0.0111119 0.00823083 0.00408161 0.00135715 0.000304147 4.68236e-05 5.3268e-06 5.40814e-07 6.11857e-08 7.37358e-09 7.3974e-10 4.12451e-11 0 
0 2.94946e-10 2.64729e-09 1.25927e-08 4.43716e-08 1.28269e-07 3.17851e-07 6.90595e-07 1.33322e-06 2.30755e-06 3.60584e-06 5.12e-06 6.65299e-06 7.98417e-06 8.97148e-06 9.65355e-06 1.03257e-05 1.16032e-05 1.45381e-05 2.0897e-05 3.37001e-05 5.80078e-05 0.000102197 0.000184265 0.00035932 0.000760133 0.00149516 0.00228798 0.00247488 0.00182554 0.000908037 0.000304147 6.91858e-05 1.1075e-05 1.38624e-06 1.66657e-07 2.21503e-08 2.91032e-09 3.05587e-10 1.76113e-11 0 
0 7.04182e-11 6.14588e-10 2.84509e-09 9.77054e-09 2.75847e-08 6.69263e-08 1.42781e-07 2.71503e-07 4.64382e-07 7.19573e-07 1.0169e-06 1.32068e-06 1.59276e-06 1.81302e-06 2.00161e-06 2.23928e-06 2.69091e-06 3.64728e-06 5.60717e-06 9.4114e-06 1.63905e-05 2.84601e-05 4.86784e-05 8.44617e-05 0.000151971 0.000260857 0.000368044 0.00038258 0.000277753 0.000137973 4.68236e-05 1.1075e-05 1.94545e-06 2.92094e-07 4.44175e-08 6.97841e-09 9.95916e-10 1.09761e-10 6.56994e-12 0 
0 1.54765e-11 1.31462e-10 5.92771e-10 1.98558e-09 5.47816e-09 1.30186e-08 2.7276e-08 5.10851e-08 8.63308e-08 1.32621e-07 1.86516e-07 2.42184e-07 2.93855e-07 3.39717e-07 3.86472e-07 4.54302e-07 5.83466e-07 8.4539e-07 1.36125e-06 2.32616e-06 4.02168e-06 6.77904e-06 1.09045e-05 1.67862e-05 2.51784e-05 3.59701e-05 4.45814e-05 4.31044e-05 3.03437e-05 1.51008e-05 5.3268e-06 1.38624e-06 2.92094e-07 5.66889e-08 1.08242e-08 1.93662e-09 2.96224e-10 3.42709e-11 2.13712e-12 0 
0 3.09332e-12 2.56001e-11 1.12558e-10 3.68125e-10 9.93412e-10 2.31407e-09 4.76415e-09 8.79194e-09 1.46845e-08 2.23708e-08 3.1325e-08 4.0703e-08 4.97767e-08 5.86278e-08 6.90229e-08 8.54851e-08 1.168e-07 1.78345e-07 2.95361e-07 5.05864e-07 8.58617e-07 1.39758e-06 2.12871e-06 2.9915e-06 3.86977e-06 4.58242e-06 4.79043e-06 4.13856e-06 2.77801e-06 1.40524e-06 5.40814e-07 1.66657e-07 4.44175e-08 1.08242e-08 2.40747e-09 4.69967e-10 7.62033e-11 9.24946e-12 6.01929e-13 0 
0 5.49703e-13 4.43754e-12 1.90477e-11 6.08961e-11 1.60908e-10 3.67753e-10 7.44582e-10 1.35489e-09 2.23799e-09 3.38335e-09 4.72112e-09 6.14745e-09 7.59484e-09 9.1457e-09 1.11845e-08 1.45978e-08 2.10548e-08 3.33971e-08 5.607e-08 9.52413e-08 1.57759e-07 2.4773e-07 3.60428e-07 4.76799e-07 5.65471e-07 5.94498e-07 5.45244e-07 4.24869e-07 2.73189e-07 1.42751e-07 6.11857e-08 2.21503e-08 6.97841e-09 1.93662e-09 4.69967e-10 9.7673e-11 1.66874e-11 2.12327e-12 1.44276e-13 0 
0 8.30299e-14 6.5461e-13 2.74664e-12 8.59436e-12 2.22621e-11 4.99746e-11 9.96047e-11 1.78876e-10 2.92458e-10 4.39171e-10 6.11445e-10 7.99317e-10 1.0004e-09 1.23612e-09 1.57439e-09 2.16036e-09 3.25776e-09 5.29877e-09 8.92085e-09 1.49279e-08 2.40633e-08 3.64847e-08 5.10121e-08 6.46319e-08 7.30701e-08 7.27444e-08 6.30191e-08 4.69654e-08 2.98192e-08 1.60648e-08 7.37358e-09 2.91032e-09 9.95916e-10 2.96224e-10 7.62033e-11 1.66874e-11 2.99354e-12 3.98745e-13 2.82795e-14 0 
0 9.60385e-15 7.40408e-14 3.04065e-13 9.32391e-13 2.37054e-12 5.23282e-12 1.0278e-11 1.82351e-11 2.95414e-11 4.41163e-11 6.13796e-11 8.07355e-11 1.02682e-10 1.30622e-10 1.73454e-10 2.49059e-10 3.88675e-10 6.41205e-10 1.07408e-09 1.76347e-09 2.76393e-09 4.05313e-09 5.4691e-09 6.6906e-09 7.32223e-09 7.08588e-09 6.0053e-09 4.42453e-09 2.82058e-09 1.5532e-09 7.3974e-10 3.05587e-10 1.09761e-10 3.42709e-11 9.24946e-12 2.12327e-12 3.98745e-13 5.54996e-14 4.10369e-15 0 
0 6.0678e-16 4.5801e-15 1.84333e-14 5.5463e-14 1.38575e-13 3.01153e-13 5.83571e-13 1.02402e-12 1.64572e-12 2.44756e-12 3.4093e-12 4.52371e-12 5.86528e-12 7.70196e-12 1.06549e-11 1.59073e-11 2.544e-11 4.21984e-11 6.99501e-11 1.1243e-10 1.71374e-10 2.43579e-10 3.18325e-10 3.77799e-10 4.02718e-10 3.81867e-10 3.1957e-10 2.34648e-10 1.50611e-10 8.43674e-11 4.12451e-11 1.76113e-11 6.56994e-12 2.13712e-12 6.01929e-13 1.44276e-13 2.82795e-14 4.10369e-15 3.1585e-16 0 
0 0 0 0 0 0 0 0 0 0 0 0 0 0 0 0 0 0 0 0 0 0 0 0 0 0 0 0 0 0 0 0 0 0 0 0 0 0 0 0 0 
