0 0 0 0 0 0 0 0 0 0 0 0 0 0 0 0 0 0 0 0 0 0 0 0 0 0 0 0 0 0 0 0 0 0 0 0 0 0 0 0 0 
0 1.32245e-07 1.13589e-06 4.65342e-06 1.2596e-05 2.53287e-05 4.0873e-05 5.63312e-05 6.96312e-05 7.99988e-05 8.75274e-05 9.26453e-05 9.57977e-05 9.73264e-05 9.74523e-05 9.62925e-05 9.38795e-05 9.01764e-05 8.50979e-05 7.8549e-05 7.04919e-05 6.10344e-05 5.05147e-05 3.95395e-05 2.89282e-05 1.95442e-05 1.20527e-05 6.71772e-06 3.35981e-06 1.50196e-06 5.99553e-07 2.1392e-07 6.83258e-08 1.9544e-08 4.99411e-09 1.13085e-09 2.22694e-10 3.65911e-11 4.53396e-12 3.03033e-13 0 
0 1.13589e-06 9.72949e-06 3.71507e-05 8.67745e-05 0.000142687 0.000186255 0.000213341 0.000229503 0.000240506 0.000249206 0.000256258 0.00026137 0.000264101 0.000264221 0.000261823 0.000257299 0.000251243 0.000244279 0.00023681 0.000228697 0.000218957 0.000205683 0.000186499 0.000159754 0.000126158 8.96508e-05 5.61734e-05 3.06211e-05 1.44496e-05 5.91712e-06 2.11759e-06 6.67696e-07 1.8664e-07 4.63365e-08 1.01655e-08 1.93794e-09 3.08393e-10 3.70539e-11 2.40543e-12 0 
0 4.65342e-06 3.71507e-05 0.000118446 0.000212853 0.000272605 0.000303822 0.00032942 0.000358479 0.000389892 0.000419914 0.000445221 0.000463528 0.000473548 0.000474868 0.00046783 0.000453423 0.000433177 0.000409055 0.000383363 0.000358606 0.000337169 0.00032059 0.000308246 0.000295827 0.000275058 0.000237183 0.000180747 0.000116895 6.27196e-05 2.78608e-05 1.03814e-05 3.30688e-06 9.15797e-07 2.22723e-07 4.75873e-08 8.81393e-09 1.36216e-09 1.5907e-10 1.00509e-11 0 
0 1.2596e-05 8.67745e-05 0.000212853 0.000298358 0.000345306 0.000396605 0.000461088 0.000531481 0.000600094 0.00066125 0.000710839 0.00074603 0.000765214 0.000767971 0.000754994 0.000727942 0.000689239 0.000641849 0.000589062 0.000534349 0.000481326 0.000433821 0.00039575 0.000370004 0.00035538 0.000342185 0.000311727 0.000248775 0.000162446 8.37897e-05 3.42561e-05 1.14104e-05 3.19687e-06 7.71226e-07 1.61749e-07 2.92629e-08 4.40969e-09 5.02122e-10 3.09661e-11 0 
0 2.53287e-05 0.000142687 0.000272605 0.000345306 0.00042204 0.000522797 0.000636458 0.000752033 0.000861232 0.000957268 0.00103467 0.00108945 0.00111933 0.00112372 0.00110372 0.00106182 0.00100167 0.000927653 0.000844528 0.000757093 0.000669935 0.000587358 0.000513592 0.000453223 0.000410981 0.000388572 0.000376904 0.000349896 0.000279674 0.000175324 8.28753e-05 3.00605e-05 8.74552e-06 2.12595e-06 4.41938e-07 7.86054e-08 1.16053e-08 1.29348e-09 7.81102e-11 0 
0 4.0873e-05 0.000186255 0.000303822 0.000396605 0.000522797 0.000674932 0.000838328 0.00100172 0.00115515 0.00128971 0.00139803 0.00147473 0.00151671 0.00152295 0.00149486 0.00143619 0.00135204 0.0012484 0.00113175 0.0010086 0.000885019 0.000766401 0.000657374 0.000562134 0.000485259 0.000432143 0.00040548 0.000393803 0.000361332 0.000273582 0.000154085 6.30892e-05 1.95794e-05 4.87806e-06 1.01566e-06 1.78845e-07 2.60024e-08 2.84831e-09 1.69004e-10 0 
0 5.63312e-05 0.000213341 0.00032942 0.000461088 0.000636458 0.000838328 0.00105224 0.00126527 0.00146497 0.00164033 0.00178581 0.00190523 0.00198466 0.00199878 0.00194446 0.0018435 0.00172275 0.00158606 0.00143405 0.00127351 0.00111205 0.000956411 0.000812155 0.000683696 0.00057486 0.000490119 0.000435212 0.000411358 0.000398097 0.000346137 0.000231174 0.000108999 3.68817e-05 9.56523e-06 2.01476e-06 3.53582e-07 5.08755e-08 5.49914e-09 3.217e-10 0 
0 6.96312e-05 0.000229503 0.000358479 0.000531481 0.000752033 0.00100172 0.00126527 0.00152738 0.00177396 0.00201137 0.00227304 0.00247225 0.00256629 0.00258085 0.0025249 0.00238283 0.00215737 0.00193086 0.00173452 0.00153636 0.00133742 0.00114533 0.000966686 0.0008065 0.000668467 0.000555927 0.000473619 0.000427174 0.000410993 0.000385564 0.000295696 0.000160401 5.9873e-05 1.63488e-05 3.51201e-06 6.17797e-07 8.83613e-08 9.45929e-09 5.4734e-10 0 
0 7.99988e-05 0.000240506 0.000389892 0.000600094 0.000861232 0.00115515 0.00146497 0.00177396 0.00209511 0.00247871 0.00271066 0.00281763 0.00286601 0.00287361 0.0028439 0.00277042 0.00262792 0.00235081 0.00202986 0.00178252 0.00154792 0.00132186 0.0011113 0.000921899 0.000757545 0.000621011 0.00051559 0.000446914 0.000417298 0.00040234 0.000339802 0.000208313 8.57562e-05 2.47818e-05 5.45706e-06 9.66252e-07 1.37864e-07 1.46633e-08 8.41629e-10 0 
0 8.75274e-05 0.000249206 0.000419914 0.00066125 0.000957268 0.00128971 0.00164033 0.00201137 0.00247871 0.00276925 0.0029055 0.00297905 0.00301443 0.00302002 0.00299778 0.00294486 0.00285124 0.00268887 0.0023714 0.0020079 0.00173185 0.00147578 0.00123745 0.00102273 0.000835763 0.000679114 0.000555071 0.000468064 0.000423324 0.0004081 0.000365661 0.000246747 0.000110854 3.38492e-05 7.65198e-06 1.36695e-06 1.95052e-07 2.06644e-08 1.17943e-09 0 
0 9.26453e-05 0.000256258 0.000445221 0.000710839 0.00103467 0.00139803 0.00178581 0.00227304 0.00271066 0.0029055 0.0030116 0.00307252 0.00310256 0.00310726 0.00308808 0.00304328 0.00296683 0.00284348 0.00262794 0.00223444 0.00188193 0.00159867 0.00133809 0.00110319 0.000898283 0.000725867 0.000587634 0.000486868 0.000429371 0.000409503 0.000378962 0.000273854 0.000131966 4.226e-05 9.78709e-06 1.76461e-06 2.52188e-07 2.66633e-08 1.51637e-09 0 
0 9.57977e-05 0.00026137 0.000463528 0.00074603 0.00108945 0.00147473 0.00190523 0.00247225 0.00281763 0.00297905 0.00307252 0.00312758 0.00315499 0.00315919 0.00314141 0.00310034 0.00303145 0.00292382 0.00274856 0.0024159 0.00199709 0.0016845 0.00140807 0.00115906 0.000941662 0.000758328 0.00061042 0.000500433 0.000433962 0.000409153 0.00038463 0.000290431 0.000147066 4.88107e-05 1.15223e-05 2.09407e-06 2.99896e-07 3.16848e-08 1.79846e-09 0 
0 9.73264e-05 0.000264101 0.000473548 0.000765214 0.00111933 0.00151671 0.00198466 0.00256629 0.00286601 0.00301443 0.00310256 0.00315499 0.00318115 0.00318503 0.00316775 0.00312818 0.00306236 0.00296095 0.00280044 0.00250599 0.00206715 0.00172968 0.00144442 0.00118792 0.000963906 0.000774808 0.000621821 0.000507008 0.000435674 0.000407663 0.000385703 0.000298079 0.00015526 5.26459e-05 1.2578e-05 2.29838e-06 3.29773e-07 3.48471e-08 1.97671e-09 0 
0 9.74523e-05 0.000264221 0.000474868 0.000767971 0.00112372 0.00152295 0.00199878 0.00258085 0.00287361 0.00302002 0.00310726 0.00315919 0.00318503 0.00318868 0.00317125 0.00313164 0.00306595 0.00296509 0.00280624 0.00251708 0.00207538 0.00173281 0.00144645 0.00118915 0.000964459 0.000774783 0.000621257 0.000505825 0.000433669 0.000404957 0.000383591 0.000298091 0.000156419 5.33679e-05 1.28011e-05 2.34443e-06 3.36805e-07 3.56166e-08 2.02134e-09 0 
0 9.62925e-05 0.000261823 0.00046783 0.000754994 0.00110372 0.00149486 0.00194446 0.0025249 0.0028439 0.00299778 0.00308808 0.00314141 0.00316775 0.00317125 0.00315308 0.00311202 0.00304381 0.00293842 0.00276999 0.00245591 0.00202035 0.0016955 0.00141559 0.00116383 0.000944096 0.000758759 0.000608988 0.000496887 0.000427705 0.000400783 0.000378503 0.000291043 0.000150857 5.10327e-05 1.21926e-05 2.23085e-06 3.20669e-07 3.3952e-08 1.92975e-09 0 
0 9.38795e-05 0.000257299 0.000453423 0.000727942 0.00106182 0.00143619 0.0018435 0.00238283 0.00277042 0.00294486 0.00304328 0.00310034 0.00312818 0.00313164 0.00311202 0.00306779 0.00299378 0.00287724 0.00268304 0.00231359 0.00191859 0.0016224 0.00135509 0.00111447 0.000904691 0.000728063 0.000585902 0.000480733 0.000417924 0.000394682 0.000369609 0.000276808 0.000139206 4.60924e-05 1.08949e-05 1.9863e-06 2.85552e-07 3.02894e-08 1.72598e-09 0 
0 9.01764e-05 0.000251243 0.000433177 0.000689239 0.00100167 0.00135204 0.00172275 0.00215737 0.00262792 0.00285124 0.00296683 0.00303145 0.00306236 0.00306595 0.00304381 0.00299378 0.00290851 0.00276851 0.0025126 0.00210655 0.00178989 0.00151956 0.00126959 0.00104467 0.000848894 0.000684558 0.00055325 0.000458139 0.000404443 0.000385548 0.000354982 0.000254859 0.000122479 3.9309e-05 9.15033e-06 1.6599e-06 2.38698e-07 2.53891e-08 1.45225e-09 0 
0 8.50979e-05 0.000244279 0.000409055 0.000641849 0.000927653 0.0012484 0.00158606 0.00193086 0.00235081 0.00268887 0.00284348 0.00292382 0.00296095 0.00296509 0.00293842 0.00287724 0.00276851 0.0025734 0.00222144 0.001901 0.00164027 0.00139371 0.00116457 0.000958617 0.000779748 0.000630292 0.000512292 0.000429652 0.000386587 0.000370792 0.000331546 0.000224881 0.000102215 3.16416e-05 7.24305e-06 1.30771e-06 1.88309e-07 2.01127e-08 1.15658e-09 0 
0 7.8549e-05 0.00023681 0.000383363 0.000589062 0.000844528 0.00113175 0.00143405 0.00173452 0.00202986 0.0023714 0.00262794 0.00274856 0.00280044 0.00280624 0.00276999 0.00268304 0.0025126 0.00222144 0.00194033 0.00170423 0.00147386 0.00125206 0.00104585 0.000860695 0.00070029 0.000567114 0.000463818 0.000394731 0.00036154 0.000345346 0.000295661 0.000187738 8.05527e-05 2.40963e-05 5.43845e-06 9.79635e-07 1.41559e-07 1.52113e-08 8.80896e-10 0 
0 7.04919e-05 0.000228697 0.000358606 0.000534349 0.000757093 0.0010086 0.00127351 0.00153636 0.00178252 0.0020079 0.00223444 0.0024159 0.00250599 0.00251708 0.00245591 0.00231359 0.00210655 0.001901 0.00170423 0.00150156 0.00129815 0.0011018 0.000919116 0.000755072 0.00061321 0.000496262 0.000407373 0.000350214 0.000322619 0.000301798 0.000245304 0.000146538 6.00568e-05 1.75495e-05 3.93393e-06 7.10166e-07 1.03268e-07 1.11848e-08 6.5314e-10 0 
0 6.10344e-05 0.000218957 0.000337169 0.000481326 0.000669935 0.000885019 0.00111205 0.00133742 0.00154792 0.00173185 0.00188193 0.00199709 0.00206715 0.00207538 0.00202035 0.00191859 0.00178989 0.00164027 0.00147386 0.00129815 0.00112106 0.000949617 0.000789587 0.00064546 0.000520662 0.000418062 0.00034041 0.000289336 0.000260609 0.000235388 0.000184207 0.00010689 4.3168e-05 1.258e-05 2.83138e-06 5.14701e-07 7.54389e-08 8.236e-09 4.8461e-10 0 
0 5.05147e-05 0.000205683 0.00032059 0.000433821 0.000587358 0.000766401 0.000956411 0.00114533 0.00132186 0.00147578 0.00159867 0.0016845 0.00172968 0.00173281 0.0016955 0.0016224 0.00151956 0.00139371 0.00125206 0.0011018 0.000949617 0.000801333 0.00066184 0.0005352 0.00042491 0.000333759 0.000262984 0.000212185 0.000179512 0.000156634 0.000124297 7.49779e-05 3.13857e-05 9.36269e-06 2.13508e-06 3.90969e-07 5.7563e-08 6.30457e-09 3.71887e-10 0 
0 3.95395e-05 0.000186499 0.000308246 0.00039575 0.000513592 0.000657374 0.000812155 0.000966686 0.0011113 0.00123745 0.00133809 0.00140807 0.00144442 0.00144645 0.00141559 0.00135509 0.00126959 0.00116457 0.00104585 0.000919116 0.000789587 0.00066184 0.00054 0.000428624 0.000333889 0.000261606 0.000209646 0.00016684 0.000127755 9.90438e-05 7.95605e-05 5.35141e-05 2.45579e-05 7.66073e-06 1.76989e-06 3.23679e-07 4.73593e-08 5.14908e-09 3.01565e-10 0 
0 2.89282e-05 0.000159754 0.000295827 0.000370004 0.000453223 0.000562134 0.000683696 0.0008065 0.000921899 0.00102273 0.00110319 0.00115906 0.00118792 0.00118915 0.00116383 0.00111447 0.00104467 0.000958617 0.000860695 0.000755072 0.00064546 0.0005352 0.000428624 0.000336133 0.000279916 0.000276857 0.000299493 0.000284754 0.000209242 0.000119405 6.4756e-05 4.10042e-05 2.09609e-05 6.92594e-06 1.61029e-06 2.903e-07 4.16656e-08 4.44613e-09 2.56064e-10 0 
0 1.95442e-05 0.000126158 0.000275058 0.00035538 0.000410981 0.000485259 0.00057486 0.000668467 0.000757545 0.000835763 0.000898283 0.000941662 0.000963906 0.000964459 0.000944096 0.000904691 0.000848894 0.000779748 0.00070029 0.00061321 0.000520662 0.00042491 0.000333889 0.000279916 0.000328668 0.00051814 0.000906841 0.00109501 0.00060468 0.000299616 0.000111141 4.08273e-05 1.89389e-05 6.5273e-06 1.51663e-06 2.67196e-07 3.73434e-08 3.88888e-09 2.19265e-10 0 
0 1.20527e-05 8.96508e-05 0.000237183 0.000342185 0.000388572 0.000432143 0.000490119 0.000555927 0.000621011 0.000679114 0.000725867 0.000758328 0.000774808 0.000774783 0.000758759 0.000728063 0.000684558 0.000630292 0.000567114 0.000496262 0.000418062 0.000333759 0.000261606 0.000276857 0.00051814 0.0012948 0.00194951 0.0019976 0.00177623 0.000706586 0.000234059 6.0067e-05 1.85711e-05 6.04268e-06 1.37865e-06 2.36308e-07 3.2156e-08 3.27237e-09 1.80934e-10 0 
0 6.71772e-06 5.61734e-05 0.000180747 0.000311727 0.000376904 0.00040548 0.000435212 0.000473619 0.00051559 0.000555071 0.000587634 0.00061042 0.000621821 0.000621257 0.000608988 0.000585902 0.00055325 0.000512292 0.000463818 0.000407373 0.00034041 0.000262984 0.000209646 0.000299493 0.000906841 0.00194951 0.00213709 0.00215865 0.00206051 0.00154956 0.000375963 8.6827e-05 1.93624e-05 5.30531e-06 1.14891e-06 1.90808e-07 2.53948e-08 2.54135e-09 1.38629e-10 0 
0 3.35981e-06 3.06211e-05 0.000116895 0.000248775 0.000349896 0.000393803 0.000411358 0.000427174 0.000446914 0.000468064 0.000486868 0.000500433 0.000507008 0.000505825 0.000496887 0.000480733 0.000458139 0.000429652 0.000394731 0.000350214 0.000289336 0.000212185 0.00016684 0.000284754 0.00109501 0.0019976 0.00215865 0.00218079 0.00210223 0.00177187 0.00043161 9.31187e-05 1.81737e-05 4.21549e-06 8.45527e-07 1.3596e-07 1.78396e-08 1.77185e-09 9.61631e-11 0 
0 1.50196e-06 1.44496e-05 6.27196e-05 0.000162446 0.000279674 0.000361332 0.000398097 0.000410993 0.000417298 0.000423324 0.000429371 0.000433962 0.000435674 0.000433669 0.000427705 0.000417924 0.000404443 0.000386587 0.00036154 0.000322619 0.000260609 0.000179512 0.000127755 0.000209242 0.00060468 0.00177623 0.00206051 0.00210223 0.00196929 0.00114217 0.000306102 6.9083e-05 1.33912e-05 2.83898e-06 5.31844e-07 8.36298e-08 1.09466e-08 1.09085e-09 5.94635e-11 0 
0 5.99553e-07 5.91712e-06 2.78608e-05 8.37897e-05 0.000175324 0.000273582 0.000346137 0.000385564 0.00040234 0.0004081 0.000409503 0.000409153 0.000407663 0.000404957 0.000400783 0.000394682 0.000385548 0.000370792 0.000345346 0.000301798 0.000235388 0.000156634 9.90438e-05 0.000119405 0.000299616 0.000706586 0.00154956 0.00177187 0.00114217 0.000459542 0.000152088 3.55452e-05 7.45849e-06 1.54106e-06 2.79163e-07 4.38653e-08 5.81319e-09 5.8788e-10 3.24934e-11 0 
0 2.1392e-07 2.11759e-06 1.03814e-05 3.42561e-05 8.28753e-05 0.000154085 0.000231174 0.000295696 0.000339802 0.000365661 0.000378962 0.00038463 0.000385703 0.000383591 0.000378503 0.000369609 0.000354982 0.000331546 0.000295661 0.000245304 0.000184207 0.000124297 7.95605e-05 6.4756e-05 0.000111141 0.000234059 0.000375963 0.00043161 0.000306102 0.000152088 5.17005e-05 1.34995e-05 3.17841e-06 6.63844e-07 1.21471e-07 1.95684e-08 2.6646e-09 2.76351e-10 1.56226e-11 0 
0 6.83258e-08 6.67696e-07 3.30688e-06 1.14104e-05 3.00605e-05 6.30892e-05 0.000108999 0.000160401 0.000208313 0.000246747 0.000273854 0.000290431 0.000298079 0.000298091 0.000291043 0.000276808 0.000254859 0.000224881 0.000187738 0.000146538 0.00010689 7.49779e-05 5.35141e-05 4.10042e-05 4.08273e-05 6.0067e-05 8.6827e-05 9.31187e-05 6.9083e-05 3.55452e-05 1.34995e-05 4.14613e-06 1.06096e-06 2.30947e-07 4.42893e-08 7.46076e-09 1.05579e-09 1.13254e-10 6.59595e-12 0 
0 1.9544e-08 1.8664e-07 9.15797e-07 3.19687e-06 8.74552e-06 1.95794e-05 3.68817e-05 5.9873e-05 8.57562e-05 0.000110854 0.000131966 0.000147066 0.00015526 0.000156419 0.000150857 0.000139206 0.000122479 0.000102215 8.05527e-05 6.00568e-05 4.3168e-05 3.13857e-05 2.45579e-05 2.09609e-05 1.89389e-05 1.85711e-05 1.93624e-05 1.81737e-05 1.33912e-05 7.45849e-06 3.17841e-06 1.06096e-06 2.8862e-07 6.72698e-08 1.37741e-08 2.44906e-09 3.62625e-10 4.0476e-11 2.44202e-12 0 
0 4.99411e-09 4.63365e-08 2.22723e-07 7.71226e-07 2.12595e-06 4.87806e-06 9.56523e-06 1.63488e-05 2.47818e-05 3.38492e-05 4.226e-05 4.88107e-05 5.26459e-05 5.33679e-05 5.10327e-05 4.60924e-05 3.9309e-05 3.16416e-05 2.40963e-05 1.75495e-05 1.258e-05 9.36269e-06 7.66073e-06 6.92594e-06 6.5273e-06 6.04268e-06 5.30531e-06 4.21549e-06 2.83898e-06 1.54106e-06 6.63844e-07 2.30947e-07 6.72698e-08 1.69105e-08 3.7e-09 6.95382e-10 1.08072e-10 1.25988e-11 7.90387e-13 0 
0 1.13085e-09 1.01655e-08 4.75873e-08 1.61749e-07 4.41938e-07 1.01566e-06 2.01476e-06 3.51201e-06 5.45706e-06 7.65198e-06 9.78709e-06 1.15223e-05 1.2578e-05 1.28011e-05 1.21926e-05 1.08949e-05 9.15033e-06 7.24305e-06 5.43845e-06 3.93393e-06 2.83138e-06 2.13508e-06 1.76989e-06 1.61029e-06 1.51663e-06 1.37865e-06 1.14891e-06 8.45527e-07 5.31844e-07 2.79163e-07 1.21471e-07 4.42893e-08 1.37741e-08 3.7e-09 8.59471e-10 1.70462e-10 2.7831e-11 3.39459e-12 2.21919e-13 0 
0 2.22694e-10 1.93794e-09 8.81393e-09 2.92629e-08 7.86054e-08 1.78845e-07 3.53582e-07 6.17797e-07 9.66252e-07 1.36695e-06 1.76461e-06 2.09407e-06 2.29838e-06 2.34443e-06 2.23085e-06 1.9863e-06 1.6599e-06 1.30771e-06 9.79635e-07 7.10166e-07 5.14701e-07 3.90969e-07 3.23679e-07 2.903e-07 2.67196e-07 2.36308e-07 1.90808e-07 1.3596e-07 8.36298e-08 4.38653e-08 1.95684e-08 7.46076e-09 2.44906e-09 6.95382e-10 1.70462e-10 3.55935e-11 6.10122e-12 7.788e-13 5.3099e-14 0 
0 3.65911e-11 3.08393e-10 1.36216e-09 4.40969e-09 1.16053e-08 2.60024e-08 5.08755e-08 8.83613e-08 1.37864e-07 1.95052e-07 2.52188e-07 2.99896e-07 3.29773e-07 3.36805e-07 3.20669e-07 2.85552e-07 2.38698e-07 1.88309e-07 1.41559e-07 1.03268e-07 7.54389e-08 5.7563e-08 4.73593e-08 4.16656e-08 3.73434e-08 3.2156e-08 2.53948e-08 1.78396e-08 1.09466e-08 5.81319e-09 2.6646e-09 1.05579e-09 3.62625e-10 1.08072e-10 2.7831e-11 6.10122e-12 1.09616e-12 1.46302e-13 1.04007e-14 0 
0 4.53396e-12 3.70539e-11 1.5907e-10 5.02122e-10 1.29348e-09 2.84831e-09 5.49914e-09 9.45929e-09 1.46633e-08 2.06644e-08 2.66633e-08 3.16848e-08 3.48471e-08 3.56166e-08 3.3952e-08 3.02894e-08 2.53891e-08 2.01127e-08 1.52113e-08 1.11848e-08 8.236e-09 6.30457e-09 5.14908e-09 4.44613e-09 3.88888e-09 3.27237e-09 2.54135e-09 1.77185e-09 1.09085e-09 5.8788e-10 2.76351e-10 1.13254e-10 4.0476e-11 1.25988e-11 3.39459e-12 7.788e-13 1.46302e-13 2.03832e-14 1.50944e-15 0 
0 3.03033e-13 2.40543e-12 1.00509e-11 3.09661e-11 7.81102e-11 1.69004e-10 3.217e-10 5.4734e-10 8.41629e-10 1.17943e-09 1.51637e-09 1.79846e-09 1.97671e-09 2.02134e-09 1.92975e-09 1.72598e-09 1.45225e-09 1.15658e-09 8.80896e-10 6.5314e-10 4.8461e-10 3.71887e-10 3.01565e-10 2.56064e-10 2.19265e-10 1.80934e-10 1.38629e-10 9.61631e-11 5.94635e-11 3.24934e-11 1.56226e-11 6.59595e-12 2.44202e-12 7.90387e-13 2.21919e-13 5.3099e-14 1.04007e-14 1.50944e-15 1.16263e-16 0 
0 0 0 0 0 0 0 0 0 0 0 0 0 0 0 0 0 0 0 0 0 0 0 0 0 0 0 0 0 0 0 0 0 0 0 0 0 0 0 0 0 
