0 0 0 0 0 0 0 0 0 0 0 0 0 0 0 0 0 0 0 0 0 0 0 0 0 0 0 0 0 0 0 0 0 0 0 0 0 0 0 0 0 
0 2.14792e-09 2.03142e-08 1.00901e-07 3.67302e-07 1.08407e-06 2.709e-06 5.86298e-06 1.11452e-05 1.87996e-05 2.8376e-05 3.86102e-05 4.76695e-05 5.37017e-05 5.54469e-05 5.26396e-05 4.60446e-05 3.71459e-05 2.7644e-05 1.89732e-05 1.20049e-05 7.00077e-06 3.76318e-06 1.8657e-06 8.54046e-07 3.61516e-07 1.41766e-07 5.16008e-08 1.74661e-08 5.50642e-09 1.61849e-09 4.43562e-10 1.13197e-10 2.68084e-11 5.8526e-12 1.16337e-12 2.05821e-13 3.09781e-14 3.57325e-15 2.25288e-16 0 
0 2.03142e-08 1.99846e-07 1.0316e-06 3.89234e-06 1.18575e-05 3.04162e-05 6.71448e-05 0.000129331 0.000219694 0.000332297 0.000451617 0.000556143 0.000625014 0.000644584 0.000612255 0.000536559 0.000433922 0.000323519 0.000222036 0.000140063 8.11244e-05 4.31311e-05 2.10627e-05 9.46111e-06 3.91719e-06 1.49859e-06 5.31128e-07 1.74827e-07 5.35594e-08 1.52942e-08 4.07284e-09 1.01047e-09 2.32831e-10 4.95012e-11 9.59309e-12 1.65659e-12 2.43669e-13 2.75021e-14 1.69875e-15 0 
0 1.00901e-07 1.0316e-06 5.52642e-06 2.15601e-05 6.75066e-05 0.000176561 0.000393687 0.000758549 0.00127811 0.00190658 0.00255009 0.00309538 0.00344468 0.00354044 0.00337474 0.00298633 0.00244928 0.00185538 0.00129252 0.000824659 0.000480462 0.000255297 0.000123784 5.4879e-05 2.2315e-05 8.35206e-06 2.88795e-06 9.25707e-07 2.75874e-07 7.65989e-08 1.98354e-08 4.78759e-09 1.07404e-09 2.2254e-10 4.20783e-11 7.09833e-12 1.02126e-12 1.12889e-13 6.83784e-15 0 
0 3.67302e-07 3.89234e-06 2.15601e-05 8.64727e-05 0.00027579 0.00072552 0.0016031 0.00301613 0.00490623 0.00702735 0.00903831 0.0106288 0.0115929 0.0118394 0.0113721 0.0102726 0.00869042 0.00683536 0.00495327 0.00327702 0.00196511 0.00106393 0.000519948 0.000230033 9.2576e-05 3.40815e-05 1.1541e-05 3.6126e-06 1.04957e-06 2.83868e-07 7.15903e-08 1.68341e-08 3.68167e-09 7.44381e-10 1.37495e-10 2.26861e-11 3.19644e-12 3.46475e-13 2.06057e-14 0 
0 1.08407e-06 1.18575e-05 6.75066e-05 0.00027579 0.000882999 0.00228601 0.00486064 0.00862983 0.0131033 0.0175235 0.0212505 0.0239294 0.0254379 0.0257781 0.0250043 0.0231981 0.0204766 0.0170281 0.0131582 0.00929873 0.0059202 0.00336054 0.0016946 0.000761351 0.000306991 0.000112094 3.73876e-05 1.14758e-05 3.26065e-06 8.61251e-07 2.12011e-07 4.86656e-08 1.03952e-08 2.05447e-09 3.7133e-10 6.00216e-11 8.29528e-12 8.831e-13 5.16485e-14 0 
0 2.709e-06 3.04162e-05 0.000176561 0.00072552 0.00228601 0.00566124 0.0111975 0.0181796 0.0252349 0.0312784 0.035861 0.0389333 0.0405759 0.0408849 0.0399471 0.0378377 0.0346172 0.030343 0.0251291 0.0192716 0.0133635 0.00819788 0.00439098 0.0020511 0.000842823 0.000308754 0.000102213 3.09295e-05 8.62912e-06 2.23319e-06 5.38096e-07 1.20876e-07 2.52762e-08 4.89368e-09 8.67282e-10 1.37609e-10 1.8691e-11 1.95804e-12 1.12834e-13 0 
0 5.86298e-06 6.71448e-05 0.000393687 0.0016031 0.00486064 0.0111975 0.0201093 0.0295819 0.0378824 0.0444231 0.0492418 0.0524686 0.054187 0.0544624 0.0533776 0.05104 0.0475599 0.043013 0.0374123 0.0307612 0.0232757 0.0156837 0.00914567 0.00455388 0.00194552 0.000725158 0.000240512 7.2206e-05 1.98733e-05 5.05813e-06 1.19683e-06 2.63873e-07 5.41622e-08 1.02988e-08 1.79405e-09 2.80086e-10 3.74758e-11 3.87222e-12 2.20384e-13 0 
0 1.11452e-05 0.000129331 0.000758549 0.00301613 0.00862983 0.0181796 0.0295819 0.0401428 0.0488217 0.0556887 0.0609079 0.0645006 0.0664369 0.0667246 0.0654428 0.0627398 0.0588078 0.0538356 0.0479391 0.041094 0.0331854 0.0243694 0.0155993 0.00842851 0.0038143 0.00146791 0.000492739 0.000147784 4.03292e-05 1.01359e-05 2.36342e-06 5.1308e-07 1.0369e-07 1.94201e-08 3.33467e-09 5.13678e-10 6.78957e-11 6.93933e-12 3.91237e-13 0 
0 1.87996e-05 0.000219694 0.00127811 0.00490623 0.0131033 0.0252349 0.0378824 0.0488217 0.0579004 0.0653693 0.0712226 0.0753179 0.0775374 0.077857 0.0763611 0.0732317 0.0687221 0.0631162 0.0566655 0.0494906 0.0414822 0.0324055 0.0225209 0.0132537 0.00642809 0.00258538 0.000886608 0.000267445 7.27287e-05 1.81246e-05 4.18018e-06 8.96667e-07 1.79015e-07 3.31334e-08 5.62664e-09 8.5807e-10 1.12427e-10 1.14078e-11 6.39645e-13 0 
0 2.8376e-05 0.000332297 0.00190658 0.00702735 0.0175235 0.0312784 0.0444231 0.0556887 0.0653693 0.073572 0.0800936 0.0846812 0.0871685 0.0875184 0.0858243 0.0822945 0.0772244 0.0709602 0.0638467 0.0561445 0.0478954 0.038824 0.0286678 0.018192 0.00946839 0.00400596 0.00141308 0.000431118 0.000117365 2.91192e-05 6.66822e-06 1.41861e-06 2.80841e-07 5.1566e-08 8.69472e-09 1.31821e-09 1.71984e-10 1.74108e-11 9.7622e-13 0 
0 3.86102e-05 0.000451617 0.00255009 0.00903831 0.0212505 0.035861 0.0492418 0.0609079 0.0712226 0.0800936 0.0871831 0.0921755 0.0948785 0.0952491 0.0933898 0.0895294 0.0839938 0.0771692 0.0694578 0.0612103 0.052607 0.0434861 0.0333931 0.0224532 0.0124392 0.00553353 0.00201359 0.000623653 0.000170613 4.23061e-05 9.65742e-06 2.04615e-06 4.03444e-07 7.38342e-08 1.24245e-08 1.88327e-09 2.46202e-10 2.5042e-11 1.41509e-12 0 
0 4.76695e-05 0.000556143 0.00309538 0.0106288 0.0239294 0.0389333 0.0524686 0.0645006 0.0753179 0.0846812 0.0921755 0.097451 0.100301 0.100681 0.098699 0.0945995 0.0887289 0.0814997 0.0733474 0.0646743 0.0557494 0.0465318 0.0365646 0.0255799 0.0148783 0.00691294 0.00259165 0.000816135 0.000225035 5.59806e-05 1.2795e-05 2.71335e-06 5.35836e-07 9.83597e-08 1.66367e-08 2.54162e-09 3.35982e-10 3.4683e-11 1.99676e-12 0 
0 5.37017e-05 0.000625014 0.00344468 0.0115929 0.0254379 0.0405759 0.054187 0.0664369 0.0775374 0.0871685 0.0948785 0.100301 0.103224 0.1036 0.101544 0.0973071 0.0912486 0.0837947 0.075398 0.0664859 0.0573745 0.0481037 0.0382696 0.0274268 0.0164918 0.0079198 0.00304506 0.000974844 0.000271619 6.80786e-05 1.56666e-05 3.34769e-06 6.67409e-07 1.24018e-07 2.13084e-08 3.32007e-09 4.49535e-10 4.77276e-11 2.83595e-12 0 
0 5.54469e-05 0.000644584 0.00354044 0.0118394 0.0257781 0.0408849 0.0544624 0.0667246 0.077857 0.0875184 0.0952491 0.100681 0.1036 0.103961 0.10188 0.097612 0.0915166 0.0840237 0.0755893 0.0666471 0.0575295 0.0483141 0.0386433 0.0280258 0.0171687 0.00842221 0.00330146 0.00107395 0.000303389 7.7078e-05 1.80052e-05 3.91632e-06 7.97789e-07 1.52166e-07 2.69671e-08 4.35414e-09 6.13231e-10 6.78741e-11 4.2054e-12 0 
0 5.26396e-05 0.000612255 0.00337474 0.0113721 0.0250043 0.0399471 0.0533776 0.0654428 0.0763611 0.0858243 0.0933898 0.098699 0.101544 0.10188 0.0998241 0.0956248 0.0896373 0.0822831 0.0740097 0.0652415 0.0563033 0.047274 0.0378203 0.0274868 0.0169398 0.00839961 0.00334097 0.00110582 0.00031872 8.29034e-05 1.99193e-05 4.4812e-06 9.49794e-07 1.89541e-07 3.52948e-08 6.00027e-09 8.89225e-10 1.03216e-10 6.66889e-12 0 
0 4.60446e-05 0.000536559 0.00298633 0.0102726 0.0231981 0.0378377 0.05104 0.0627398 0.0732317 0.0822945 0.0895294 0.0945995 0.0973071 0.097612 0.0956248 0.0915862 0.0858367 0.0787805 0.0708449 0.0624314 0.0538363 0.0451107 0.0359343 0.0259576 0.0159359 0.00793231 0.0032 0.00108475 0.000322994 8.75212e-05 2.20879e-05 5.25869e-06 1.18608e-06 2.52449e-07 5.00553e-08 9.01237e-09 1.40297e-09 1.69405e-10 1.12722e-11 0 
0 3.71459e-05 0.000433922 0.00244928 0.00869042 0.0204766 0.0346172 0.0475599 0.0588078 0.0687221 0.0772244 0.0839938 0.0887289 0.0912486 0.0915166 0.0896373 0.0858367 0.0804342 0.0738079 0.0663545 0.058438 0.0503072 0.0419679 0.033128 0.0236247 0.0143661 0.00717648 0.00295925 0.0010439 0.000328474 9.52516e-05 2.59584e-05 6.70003e-06 1.63484e-06 3.73555e-07 7.85982e-08 1.48182e-08 2.38377e-09 2.93935e-10 1.97753e-11 0 
0 2.7644e-05 0.000323519 0.00185538 0.00683536 0.0170281 0.030343 0.043013 0.0538356 0.0631162 0.0709602 0.0771692 0.0814997 0.0837947 0.0840237 0.0822831 0.0787805 0.0738079 0.0677092 0.0608396 0.0535108 0.0459083 0.037997 0.0295704 0.02073 0.0124993 0.00632984 0.00272267 0.00102878 0.000353701 0.000113284 3.41165e-05 9.64339e-06 2.53698e-06 6.13664e-07 1.34269e-07 2.59184e-08 4.21596e-09 5.20646e-10 3.48352e-11 0 
0 1.89732e-05 0.000222036 0.00129252 0.00495327 0.0131582 0.0251291 0.0374123 0.0479391 0.0566655 0.0638467 0.0694578 0.0733474 0.075398 0.0755893 0.0740097 0.0708449 0.0663545 0.0608396 0.0546017 0.0478867 0.0408161 0.0333581 0.0254848 0.0175808 0.0106311 0.0055892 0.00259547 0.00109226 0.00042457 0.00015327 5.11315e-05 1.56223e-05 4.33228e-06 1.0808e-06 2.39758e-07 4.6336e-08 7.47958e-09 9.11179e-10 5.99095e-11 0 
0 1.20049e-05 0.000140063 0.000824659 0.00327702 0.00929873 0.0192716 0.0307612 0.041094 0.0494906 0.0561445 0.0612103 0.0646743 0.0664859 0.0666471 0.0652415 0.0624314 0.058438 0.0535108 0.0478867 0.0417446 0.0351774 0.0282479 0.0211768 0.0145237 0.00902375 0.00510711 0.00266749 0.00129401 0.000578772 0.000234918 8.52497e-05 2.74218e-05 7.7945e-06 1.95462e-06 4.30138e-07 8.1777e-08 1.29208e-08 1.53651e-09 9.84957e-11 0 
0 7.00077e-06 8.11244e-05 0.000480462 0.00196511 0.0059202 0.0133635 0.0232757 0.0331854 0.0414822 0.0478954 0.052607 0.0557494 0.0573745 0.0575295 0.0563033 0.0538363 0.0503072 0.0459083 0.0408161 0.0351774 0.029141 0.0229497 0.0170211 0.0118664 0.00783847 0.0049577 0.00299931 0.00170006 0.000872386 0.000392034 0.000151241 4.99084e-05 1.41841e-05 3.50011e-06 7.51262e-07 1.387e-07 2.12456e-08 2.44914e-09 1.52323e-10 0 
0 3.76318e-06 4.31311e-05 0.000255297 0.00106393 0.00336054 0.00819788 0.0156837 0.0243694 0.0324055 0.038824 0.0434861 0.0465318 0.0481037 0.0483141 0.047274 0.0451107 0.0419679 0.037997 0.0333581 0.0282479 0.0229497 0.0178542 0.0133758 0.00978503 0.00709777 0.00512323 0.00361156 0.00238444 0.00139493 0.00068712 0.000277049 9.16006e-05 2.53882e-05 6.03823e-06 1.24564e-06 2.21155e-07 3.2632e-08 3.63169e-09 2.18607e-10 0 
0 1.8657e-06 2.10627e-05 0.000123784 0.000519948 0.0016946 0.00439098 0.00914567 0.0155993 0.0225209 0.0286678 0.0333931 0.0365646 0.0382696 0.0386433 0.0378203 0.0359343 0.033128 0.0295704 0.0254848 0.0211768 0.0170211 0.0133758 0.0104596 0.00829132 0.00674329 0.00563152 0.00470949 0.00367953 0.00245687 0.00130973 0.000538923 0.000172254 4.4672e-05 9.89632e-06 1.92256e-06 3.25126e-07 4.60265e-08 4.93783e-09 2.87611e-10 0 
0 8.54046e-07 9.46111e-06 5.4879e-05 0.000230033 0.000761351 0.0020511 0.00455388 0.00842851 0.0132537 0.018192 0.0224532 0.0255799 0.0274268 0.0280258 0.0274868 0.0259576 0.0236247 0.02073 0.0175808 0.0145237 0.0118664 0.00978503 0.00829132 0.00732907 0.00700112 0.00752666 0.00836082 0.0079792 0.00579807 0.00309304 0.00121222 0.000353285 8.03689e-05 1.55692e-05 2.73481e-06 4.33466e-07 5.86733e-08 6.07281e-09 3.42967e-10 0 
0 3.61516e-07 3.91719e-06 2.2315e-05 9.2576e-05 0.000306991 0.000842823 0.00194552 0.0038143 0.00642809 0.00946839 0.0124392 0.0148783 0.0164918 0.0171687 0.0169398 0.0159359 0.0143661 0.0124993 0.0106311 0.00902375 0.00783847 0.00709777 0.00674329 0.00700112 0.00915163 0.0146642 0.0211789 0.0225736 0.0166738 0.00846633 0.00301906 0.00077858 0.00015052 2.40361e-05 3.59137e-06 5.17784e-07 6.66355e-08 6.67112e-09 3.66827e-10 0 
0 1.41766e-07 1.49859e-06 8.35206e-06 3.40815e-05 0.000112094 0.000308754 0.000725158 0.00146791 0.00258538 0.00400596 0.00553353 0.00691294 0.0079198 0.00842221 0.00839961 0.00793231 0.00717648 0.00632984 0.0055892 0.00510711 0.0049577 0.00512323 0.00563152 0.00752666 0.0146642 0.030467 0.0484351 0.0531971 0.0393928 0.0195876 0.00661135 0.00156037 0.000265918 3.53701e-05 4.33434e-06 5.48751e-07 6.65855e-08 6.47324e-09 3.48678e-10 0 
0 5.16008e-08 5.31128e-07 2.88795e-06 1.1541e-05 3.73876e-05 0.000102213 0.000240512 0.000492739 0.000886608 0.00141308 0.00201359 0.00259165 0.00304506 0.00330146 0.00334097 0.0032 0.00295925 0.00272267 0.00259547 0.00266749 0.00299931 0.00361156 0.00470949 0.00836082 0.0211789 0.0484351 0.0791109 0.0875708 0.0648911 0.0320854 0.010625 0.0024015 0.000380623 4.47826e-05 4.61732e-06 5.0772e-07 5.78718e-08 5.4969e-09 2.92303e-10 0 
0 1.74661e-08 1.74827e-07 9.25707e-07 3.6126e-06 1.14758e-05 3.09295e-05 7.2206e-05 0.000147784 0.000267445 0.000431118 0.000623653 0.000816135 0.000974844 0.00107395 0.00110582 0.00108475 0.0010439 0.00102878 0.00109226 0.00129401 0.00170006 0.00238444 0.00367953 0.0079792 0.0225736 0.0531971 0.0875708 0.097151 0.0720047 0.0355472 0.0117041 0.00260116 0.000397869 4.37978e-05 4.04323e-06 3.98598e-07 4.32423e-08 4.05567e-09 2.14892e-10 0 
0 5.50642e-09 5.35594e-08 2.75874e-07 1.04957e-06 3.26065e-06 8.62912e-06 1.98733e-05 4.03292e-05 7.27287e-05 0.000117365 0.000170613 0.000225035 0.000271619 0.000303389 0.00031872 0.000322994 0.000328474 0.000353701 0.00042457 0.000578772 0.000872386 0.00139493 0.00245687 0.00579807 0.0166738 0.0393928 0.0648911 0.0720047 0.0533685 0.0263438 0.00866884 0.00191811 0.000289145 3.09554e-05 2.73006e-06 2.57251e-07 2.74952e-08 2.58782e-09 1.38051e-10 0 
0 1.61849e-09 1.52942e-08 7.65989e-08 2.83868e-07 8.61251e-07 2.23319e-06 5.05813e-06 1.01359e-05 1.81246e-05 2.91192e-05 4.23061e-05 5.59806e-05 6.80786e-05 7.7078e-05 8.29034e-05 8.75212e-05 9.52516e-05 0.000113284 0.00015327 0.000234918 0.000392034 0.00068712 0.00130973 0.00309304 0.00846633 0.0195876 0.0320854 0.0355472 0.0263438 0.0130188 0.00429669 0.000952447 0.000143344 1.53775e-05 1.37819e-06 1.34251e-07 1.48129e-08 1.42573e-09 7.73782e-11 0 
0 4.43562e-10 4.07284e-09 1.98354e-08 7.15903e-08 2.12011e-07 5.38096e-07 1.19683e-06 2.36342e-06 4.18018e-06 6.66822e-06 9.65742e-06 1.2795e-05 1.56666e-05 1.80052e-05 1.99193e-05 2.20879e-05 2.59584e-05 3.41165e-05 5.11315e-05 8.52497e-05 0.000151241 0.000277049 0.000538923 0.00121222 0.00301906 0.00661135 0.010625 0.0117041 0.00866884 0.00429669 0.00142573 0.000317804 4.83892e-05 5.38158e-06 5.25178e-07 5.72236e-08 6.79177e-09 6.79164e-10 3.78439e-11 0 
0 1.13197e-10 1.01047e-09 4.78759e-09 1.68341e-08 4.86656e-08 1.20876e-07 2.63873e-07 5.1308e-07 8.96667e-07 1.41861e-06 2.04615e-06 2.71335e-06 3.34769e-06 3.91632e-06 4.4812e-06 5.25869e-06 6.70003e-06 9.64339e-06 1.56223e-05 2.74218e-05 4.99084e-05 9.16006e-05 0.000172254 0.000353285 0.00077858 0.00156037 0.0024015 0.00260116 0.00191811 0.000952447 0.000317804 7.1764e-05 1.13231e-05 1.378e-06 1.59183e-07 2.05659e-08 2.67714e-09 2.80581e-10 1.61635e-11 0 
0 2.68084e-11 2.32831e-10 1.07404e-09 3.68167e-09 1.03952e-08 2.52762e-08 5.41622e-08 1.0369e-07 1.79015e-07 2.80841e-07 4.03444e-07 5.35836e-07 6.67409e-07 7.97789e-07 9.49794e-07 1.18608e-06 1.63484e-06 2.53698e-06 4.33228e-06 7.7945e-06 1.41841e-05 2.53882e-05 4.4672e-05 8.03689e-05 0.00015052 0.000265918 0.000380623 0.000397869 0.000289145 0.000143344 4.83892e-05 1.13231e-05 1.94832e-06 2.8302e-07 4.16604e-08 6.44095e-09 9.15248e-10 1.00784e-10 6.03101e-12 0 
0 5.8526e-12 4.95012e-11 2.2254e-10 7.44381e-10 2.05447e-09 4.89368e-09 1.02988e-08 1.94201e-08 3.31334e-08 5.1566e-08 7.38342e-08 9.83597e-08 1.24018e-07 1.52166e-07 1.89541e-07 2.52449e-07 3.73555e-07 6.13664e-07 1.0808e-06 1.95462e-06 3.50011e-06 6.03823e-06 9.89632e-06 1.55692e-05 2.40361e-05 3.53701e-05 4.47826e-05 4.37978e-05 3.09554e-05 1.53775e-05 5.38158e-06 1.378e-06 2.8302e-07 5.34191e-08 1.00218e-08 1.78167e-09 2.72104e-10 3.14691e-11 1.96207e-12 0 
0 1.16337e-12 9.59309e-12 4.20783e-11 1.37495e-10 3.7133e-10 8.67282e-10 1.79405e-09 3.33467e-09 5.62664e-09 8.69472e-09 1.24245e-08 1.66367e-08 2.13084e-08 2.69671e-08 3.52948e-08 5.00553e-08 7.85982e-08 1.34269e-07 2.39758e-07 4.30138e-07 7.51262e-07 1.24564e-06 1.92256e-06 2.73481e-06 3.59137e-06 4.33434e-06 4.61732e-06 4.04323e-06 2.73006e-06 1.37819e-06 5.25178e-07 1.59183e-07 4.16604e-08 1.00218e-08 2.21601e-09 4.31822e-10 6.99869e-11 8.49358e-12 5.52673e-13 0 
0 2.05821e-13 1.65659e-12 7.09833e-12 2.26861e-11 6.00216e-11 1.37609e-10 2.80086e-10 5.13678e-10 8.5807e-10 1.31821e-09 1.88327e-09 2.54162e-09 3.32007e-09 4.35414e-09 6.00027e-09 9.01237e-09 1.48182e-08 2.59184e-08 4.6336e-08 8.1777e-08 1.387e-07 2.21155e-07 3.25126e-07 4.33466e-07 5.17784e-07 5.48751e-07 5.0772e-07 3.98598e-07 2.57251e-07 1.34251e-07 5.72236e-08 2.05659e-08 6.44095e-09 1.78167e-09 4.31822e-10 8.97115e-11 1.53252e-11 1.94978e-12 1.32476e-13 0 
0 3.09781e-14 2.43669e-13 1.02126e-12 3.19644e-12 8.29528e-12 1.8691e-11 3.74758e-11 6.78957e-11 1.12427e-10 1.71984e-10 2.46202e-10 3.35982e-10 4.49535e-10 6.13231e-10 8.89225e-10 1.40297e-09 2.38377e-09 4.21596e-09 7.47958e-09 1.29208e-08 2.12456e-08 3.2632e-08 4.60265e-08 5.86733e-08 6.66355e-08 6.65855e-08 5.78718e-08 4.32423e-08 2.74952e-08 1.48129e-08 6.79177e-09 2.67714e-09 9.15248e-10 2.72104e-10 6.99869e-11 1.53252e-11 2.74907e-12 3.66163e-13 2.59673e-14 0 
0 3.57325e-15 2.75021e-14 1.12889e-13 3.46475e-13 8.831e-13 1.95804e-12 3.87222e-12 6.93933e-12 1.14078e-11 1.74108e-11 2.5042e-11 3.4683e-11 4.77276e-11 6.78741e-11 1.03216e-10 1.69405e-10 2.93935e-10 5.20646e-10 9.11179e-10 1.53651e-09 2.44914e-09 3.63169e-09 4.93783e-09 6.07281e-09 6.67112e-09 6.47324e-09 5.4969e-09 4.05567e-09 2.58782e-09 1.42573e-09 6.79164e-10 2.80581e-10 1.00784e-10 3.14691e-11 8.49358e-12 1.94978e-12 3.66163e-13 5.09636e-14 3.76816e-15 0 
0 2.25288e-16 1.69875e-15 6.83784e-15 2.06057e-14 5.16485e-14 1.12834e-13 2.20384e-13 3.91237e-13 6.39645e-13 9.7622e-13 1.41509e-12 1.99676e-12 2.83595e-12 4.2054e-12 6.66889e-12 1.12722e-11 1.97753e-11 3.48352e-11 5.99095e-11 9.84957e-11 1.52323e-10 2.18607e-10 2.87611e-10 3.42967e-10 3.66827e-10 3.48678e-10 2.92303e-10 2.14892e-10 1.38051e-10 7.73782e-11 3.78439e-11 1.61635e-11 6.03101e-12 1.96207e-12 5.52673e-13 1.32476e-13 2.59673e-14 3.76816e-15 2.9002e-16 0 
0 0 0 0 0 0 0 0 0 0 0 0 0 0 0 0 0 0 0 0 0 0 0 0 0 0 0 0 0 0 0 0 0 0 0 0 0 0 0 0 0 
