0 0 0 0 0 0 0 0 0 0 0 0 0 0 0 0 0 0 0 0 0 0 0 0 0 0 0 0 0 0 0 0 0 0 0 0 0 0 0 0 0 
0 1.28498e-07 1.10262e-06 4.50835e-06 1.21685e-05 2.43858e-05 3.92132e-05 5.38681e-05 6.6401e-05 7.6115e-05 8.31324e-05 8.78811e-05 9.07946e-05 9.22013e-05 9.23113e-05 9.12342e-05 8.8998e-05 8.55633e-05 8.08427e-05 7.47365e-05 6.71966e-05 5.83104e-05 4.83837e-05 3.79809e-05 2.78764e-05 1.88981e-05 1.16957e-05 6.54197e-06 3.28315e-06 1.47236e-06 5.89409e-07 2.10818e-07 6.74751e-08 1.9334e-08 4.94738e-09 1.12154e-09 2.21063e-10 3.63492e-11 4.50656e-12 3.01336e-13 0 
0 1.10262e-06 9.42923e-06 3.58835e-05 8.3403e-05 0.000136377 0.000177083 0.000201968 0.000216594 0.000226508 0.000234399 0.000240848 0.000245549 0.000248064 0.000248167 0.000245941 0.000241756 0.000236178 0.000229808 0.00022304 0.000215759 0.000207043 0.000195067 0.000177515 0.000152703 0.000121159 8.65301e-05 5.44916e-05 2.98471e-05 1.41453e-05 5.81395e-06 2.08699e-06 6.59642e-07 1.84738e-07 4.59318e-08 1.00881e-08 1.92484e-09 3.0651e-10 3.68461e-11 2.39287e-12 0 
0 4.50835e-06 3.58835e-05 0.000113735 0.000202843 0.000257987 0.000286175 0.00030952 0.000336469 0.000365809 0.000393921 0.00041764 0.000434804 0.0004442 0.000445437 0.000438837 0.000425328 0.000406346 0.000383741 0.000359687 0.000336562 0.000316654 0.000301478 0.000290537 0.000279824 0.000261448 0.0002268 0.000173993 0.000113292 6.11684e-05 2.73165e-05 1.02213e-05 3.26616e-06 9.06602e-07 2.20853e-07 4.72442e-08 8.75792e-09 1.35434e-09 1.58229e-10 1.0001e-11 0 
0 1.21685e-05 8.3403e-05 0.000202843 0.00028193 0.000324657 0.000372214 0.000432545 0.000498541 0.000562893 0.000620256 0.00066677 0.00069978 0.000717775 0.000720361 0.000708188 0.000682813 0.00064651 0.000602058 0.000552545 0.000501229 0.00045151 0.000407009 0.000371472 0.000347753 0.000334931 0.000324024 0.000297161 0.000239059 0.000157406 8.1804e-05 3.36466e-05 1.12569e-05 3.16346e-06 7.64731e-07 1.60607e-07 2.9083e-08 4.38532e-09 4.9956e-10 3.08173e-11 0 
0 2.43858e-05 0.000136377 0.000257987 0.000324657 0.000396007 0.000490401 0.000597002 0.000705411 0.00080784 0.000897923 0.000970523 0.00102191 0.00104994 0.00105406 0.00103529 0.000995995 0.000939573 0.000870143 0.000792171 0.000710157 0.000628403 0.000550949 0.000481774 0.00042523 0.000385897 0.000365669 0.000356337 0.000333227 0.000268803 0.000170117 8.10792e-05 2.95911e-05 8.64494e-06 2.10712e-06 4.38759e-07 7.81225e-08 1.15418e-08 1.28695e-09 7.77379e-11 0 
0 3.92132e-05 0.000177083 0.000286175 0.000372214 0.000490401 0.000633091 0.000786356 0.00093962 0.00108354 0.00120976 0.00131136 0.00138332 0.00142273 0.00142859 0.00140221 0.00134716 0.00126822 0.001171 0.00106159 0.000946067 0.000830152 0.000718888 0.000616621 0.000527295 0.000455243 0.000405679 0.000381502 0.000372419 0.000344566 0.000263589 0.00014997 6.1908e-05 1.93213e-05 4.83076e-06 1.00795e-06 1.77713e-07 2.58573e-08 2.83374e-09 1.68188e-10 0 
0 5.38681e-05 0.000201968 0.00030952 0.000432545 0.000597002 0.000786356 0.000987007 0.00118683 0.00137415 0.00153868 0.00167583 0.00179047 0.00186745 0.00188122 0.00182872 0.00173115 0.00161622 0.00148775 0.00134514 0.00119456 0.0010431 0.000897118 0.000761806 0.000641311 0.000539231 0.000459809 0.000408635 0.000387355 0.00037728 0.000331269 0.000223735 0.000106549 3.63145e-05 9.46121e-06 1.99821e-06 3.51218e-07 5.05802e-08 5.47006e-09 3.20099e-10 0 
0 6.6401e-05 0.000216594 0.000336469 0.000498541 0.000705411 0.00093962 0.00118683 0.00143269 0.0016641 0.00188989 0.00214152 0.00232802 0.00241401 0.00242728 0.00237642 0.00224531 0.00203113 0.00181255 0.00162705 0.00144111 0.0012545 0.00107432 0.000906756 0.000756501 0.000627026 0.000521478 0.00044439 0.00040138 0.000387879 0.000366984 0.000284652 0.000156161 5.88031e-05 1.61479e-05 3.48038e-06 6.13373e-07 8.78202e-08 9.40695e-09 5.44502e-10 0 
0 7.6115e-05 0.000226508 0.000365809 0.000562893 0.00080784 0.00108354 0.00137415 0.0016641 0.00196986 0.0023344 0.00254481 0.00264207 0.00268625 0.00269322 0.00266611 0.00259917 0.00247015 0.0022149 0.00190618 0.00167209 0.00145196 0.00123991 0.0010424 0.000864746 0.000710581 0.000582515 0.000483671 0.000419527 0.000392844 0.000381404 0.000325624 0.00020203 8.40071e-05 2.44403e-05 5.40318e-06 9.58815e-07 1.36968e-07 1.45779e-08 8.37055e-10 0 
0 8.31324e-05 0.000234399 0.000393921 0.000620256 0.000897923 0.00120976 0.00153868 0.00188989 0.0023344 0.00259796 0.0027223 0.00278965 0.00282212 0.00282728 0.0028069 0.00275843 0.00267288 0.00252504 0.00223358 0.00188499 0.00162453 0.00138429 0.00116073 0.000959323 0.00078395 0.000637014 0.000520677 0.000439206 0.000397959 0.000385795 0.000349164 0.000238518 0.000108336 3.3334e-05 7.56987e-06 1.35568e-06 1.9371e-07 2.05377e-08 1.17271e-09 0 
0 8.78811e-05 0.000240848 0.00041764 0.00066677 0.000970523 0.00131136 0.00167583 0.00214152 0.00254481 0.0027223 0.0028195 0.00287545 0.00290307 0.00290742 0.00288982 0.00284869 0.00277859 0.00266576 0.00246968 0.00210259 0.00176573 0.00149957 0.00125513 0.00103479 0.000842594 0.000680867 0.000551211 0.000456774 0.000403343 0.000386437 0.000360944 0.00026404 0.000128714 4.15642e-05 9.67456e-06 1.74918e-06 2.50359e-07 2.64918e-08 1.50734e-09 0 
0 9.07946e-05 0.000245549 0.000434804 0.00069978 0.00102191 0.00138332 0.00179047 0.00232802 0.00264207 0.00278965 0.00287545 0.00292608 0.00295132 0.00295521 0.00293888 0.00290114 0.00283787 0.00273921 0.00257912 0.00227415 0.00187536 0.00158011 0.00132077 0.00108721 0.000883284 0.000711315 0.000572581 0.000469468 0.000407499 0.000385703 0.000365734 0.000279521 0.000143234 4.79603e-05 1.13828e-05 2.07489e-06 2.97625e-07 3.14726e-08 1.78731e-09 0 
0 9.22013e-05 0.000248064 0.0004442 0.000717775 0.00104994 0.00142273 0.00186745 0.00241401 0.00268625 0.00282212 0.00290307 0.00295132 0.00297542 0.00297901 0.00296313 0.00292676 0.00286627 0.00277323 0.00262638 0.00235756 0.00194275 0.00162255 0.00135488 0.00111428 0.000904149 0.000726774 0.000583274 0.000475623 0.000409036 0.000384096 0.000366427 0.000286589 0.000151083 5.16965e-05 1.24203e-05 2.2766e-06 3.27192e-07 3.46057e-08 1.96404e-09 0 
0 9.23113e-05 0.000248167 0.000445437 0.000720361 0.00105406 0.00142859 0.00188122 0.00242728 0.00269322 0.00282728 0.00290742 0.00295521 0.00297901 0.0029824 0.00296638 0.00292996 0.0028696 0.00277704 0.00263168 0.00236778 0.00195084 0.00162551 0.00135678 0.00111543 0.000904667 0.000726751 0.000582745 0.00047451 0.00040714 0.000381503 0.000364342 0.000286519 0.000152167 5.23919e-05 1.26378e-05 2.32173e-06 3.34102e-07 3.53629e-08 2.00798e-09 0 
0 9.12342e-05 0.000245941 0.000438837 0.000708188 0.00103529 0.00140221 0.00182872 0.00237642 0.00266611 0.0028069 0.00288982 0.00293888 0.00296313 0.00296638 0.00294969 0.00291194 0.00284928 0.00275261 0.00259861 0.0023115 0.00189815 0.00159046 0.00132783 0.00109168 0.000885567 0.00071172 0.000571237 0.000466131 0.000401574 0.000377665 0.000359652 0.000279856 0.000146793 5.01035e-05 1.20365e-05 2.20899e-06 3.18044e-07 3.37039e-08 1.91661e-09 0 
0 8.8998e-05 0.000241756 0.000425328 0.000682813 0.000995995 0.00134716 0.00173115 0.00224531 0.00259917 0.00275843 0.00284869 0.00290114 0.00292676 0.00292996 0.00291194 0.00287131 0.00280337 0.00269661 0.00251949 0.00217855 0.00180085 0.00152184 0.00127108 0.00104538 0.000848605 0.000682927 0.000549584 0.000450995 0.000392478 0.000372149 0.000351548 0.000266437 0.000135553 4.52686e-05 1.07562e-05 1.96667e-06 2.83166e-07 3.00613e-08 1.71377e-09 0 
0 8.55633e-05 0.000236178 0.000406346 0.00064651 0.000939573 0.00126822 0.00161622 0.00203113 0.00247015 0.00267288 0.00277859 0.00283787 0.00286627 0.0028696 0.00284928 0.00280337 0.00272522 0.00259731 0.00236462 0.00198067 0.00167912 0.00142535 0.00119088 0.000979905 0.000796267 0.000642119 0.00051896 0.000429835 0.000379974 0.000363919 0.000338158 0.00024568 0.000119388 3.86244e-05 9.03442e-06 1.64323e-06 2.36635e-07 2.51887e-08 1.44138e-09 0 
0 8.08427e-05 0.000229808 0.000383741 0.000602058 0.000870143 0.001171 0.00148775 0.00181255 0.0022149 0.00252504 0.00266576 0.00273921 0.00277323 0.00277704 0.00275261 0.00269661 0.00259731 0.00242011 0.00209138 0.0017838 0.0015386 0.0013073 0.00109237 0.000899188 0.000731407 0.000591218 0.000480551 0.000403175 0.000363449 0.000350521 0.000316466 0.000217171 9.97427e-05 3.11017e-05 7.15033e-06 1.29403e-06 1.86573e-07 1.99404e-08 1.14706e-09 0 
0 7.47365e-05 0.00022304 0.000359687 0.000552545 0.000792171 0.00106159 0.00134514 0.00162705 0.00190618 0.00223358 0.00246968 0.00257912 0.00262638 0.00263168 0.00259861 0.00251949 0.00236462 0.00209138 0.00182097 0.00159861 0.00138249 0.00117444 0.00098101 0.000807336 0.000656875 0.000531959 0.000435103 0.000370525 0.000340257 0.000327088 0.000282831 0.000181606 7.86618e-05 2.36822e-05 5.36517e-06 9.68417e-07 1.40088e-07 1.50613e-08 8.72437e-10 0 
0 6.71966e-05 0.000215759 0.000336562 0.000501229 0.000710157 0.000946067 0.00119456 0.00144111 0.00167209 0.00188499 0.00210259 0.00227415 0.00235756 0.00236778 0.0023115 0.00217855 0.00198067 0.0017838 0.00159861 0.00140847 0.00121767 0.0010335 0.000862136 0.000708261 0.000575195 0.000465507 0.000382198 0.000328912 0.000304022 0.000286384 0.000235064 0.000141868 5.8629e-05 1.7227e-05 3.87403e-06 7.00562e-07 1.01962e-07 1.10481e-08 6.45279e-10 0 
0 5.83104e-05 0.000207043 0.000316654 0.00045151 0.000628403 0.000830152 0.0010431 0.0012545 0.00145196 0.00162453 0.00176573 0.00187536 0.00194275 0.00195084 0.00189815 0.00180085 0.00167912 0.0015386 0.00138249 0.00121767 0.00105156 0.000890745 0.000740637 0.000605445 0.000488386 0.000392169 0.000319439 0.000271888 0.000245804 0.000223532 0.000176515 0.000103361 4.20439e-05 1.23103e-05 2.77825e-06 5.05792e-07 7.41904e-08 8.10285e-09 4.76865e-10 0 
0 4.83837e-05 0.000195067 0.000301478 0.000407009 0.000550949 0.000718888 0.000897118 0.00107432 0.00123991 0.00138429 0.00149957 0.00158011 0.00162255 0.00162551 0.00159046 0.00152184 0.00142535 0.0013073 0.00117444 0.0010335 0.000890745 0.000751654 0.00062081 0.000502022 0.000398577 0.000313106 0.000246797 0.000199337 0.000169114 0.000148391 0.000118691 7.21804e-05 3.04107e-05 9.11071e-06 2.08288e-06 3.81957e-07 5.62818e-08 6.16723e-09 3.63899e-10 0 
0 3.79809e-05 0.000177515 0.000290537 0.000371472 0.000481774 0.000616621 0.000761806 0.000906756 0.0010424 0.00116073 0.00125513 0.00132077 0.00135488 0.00135678 0.00132783 0.00127108 0.00119088 0.00109237 0.00098101 0.000862136 0.000740637 0.00062081 0.000506523 0.000402056 0.000313201 0.000245405 0.000196671 0.000156537 0.000119948 9.32568e-05 7.54105e-05 5.11343e-05 2.36216e-05 7.40122e-06 1.71449e-06 3.14044e-07 4.59949e-08 5.0041e-09 2.93224e-10 0 
0 2.78764e-05 0.000152703 0.000279824 0.000347753 0.00042523 0.000527295 0.000641311 0.000756501 0.000864746 0.000959323 0.00103479 0.00108721 0.00111428 0.00111543 0.00109168 0.00104538 0.000979905 0.000899188 0.000807336 0.000708261 0.000605445 0.000502022 0.000402056 0.000315301 0.000262566 0.000259694 0.000280926 0.000267101 0.000196271 0.000112018 6.08849e-05 3.88524e-05 2.00183e-05 6.64813e-06 1.55026e-06 2.79963e-07 4.02264e-08 4.29595e-09 2.4757e-10 0 
0 1.88981e-05 0.000121159 0.000261448 0.000334931 0.000385897 0.000455243 0.000539231 0.000627026 0.000710581 0.00078395 0.000842594 0.000883284 0.000904149 0.000904667 0.000885567 0.000848605 0.000796267 0.000731407 0.000656875 0.000575195 0.000488386 0.000398577 0.000313201 0.000262566 0.000308293 0.000486019 0.000856598 0.00103424 0.000568963 0.000281041 0.000104258 3.84097e-05 1.79774e-05 6.23627e-06 1.45394e-06 2.56616e-07 3.59041e-08 3.74187e-09 2.11107e-10 0 
0 1.16957e-05 8.65301e-05 0.0002268 0.000324024 0.000365669 0.000405679 0.000459809 0.000521478 0.000582515 0.000637014 0.000680867 0.000711315 0.000726774 0.000726751 0.00071172 0.000682927 0.000642119 0.000591218 0.000531959 0.000465507 0.000392169 0.000313106 0.000245405 0.000259694 0.000486019 0.001222 0.00182397 0.00186839 0.00166848 0.000664502 0.000219549 5.63652e-05 1.75376e-05 5.75372e-06 1.3182e-06 2.26387e-07 3.08378e-08 3.14035e-09 1.73728e-10 0 
0 6.54197e-06 5.44916e-05 0.000173993 0.000297161 0.000356337 0.000381502 0.000408635 0.00044439 0.000483671 0.000520677 0.000551211 0.000572581 0.000583274 0.000582745 0.000571237 0.000549584 0.00051896 0.000480551 0.000435103 0.000382198 0.000319439 0.000246797 0.000196671 0.000280926 0.000856598 0.00182397 0.00199745 0.00201743 0.00192726 0.00145956 0.000352801 8.14489e-05 1.82282e-05 5.03888e-06 1.09673e-06 1.82533e-07 2.43174e-08 2.43495e-09 1.32884e-10 0 
0 3.28315e-06 2.98471e-05 0.000113292 0.000239059 0.000333227 0.000372419 0.000387355 0.00040138 0.000419527 0.000439206 0.000456774 0.000469468 0.000475623 0.00047451 0.000466131 0.000450995 0.000429835 0.000403175 0.000370525 0.000328912 0.000271888 0.000199337 0.000156537 0.000267101 0.00103424 0.00186839 0.00201743 0.00203797 0.00196555 0.00166411 0.000406803 8.73485e-05 1.70918e-05 3.99806e-06 8.06331e-07 1.29957e-07 1.7068e-08 1.69605e-09 9.20824e-11 0 
0 1.47236e-06 1.41453e-05 6.11684e-05 0.000157406 0.000268803 0.000344566 0.00037728 0.000387879 0.000392844 0.000397959 0.000403343 0.000407499 0.000409036 0.00040714 0.000401574 0.000392478 0.000379974 0.000363449 0.000340257 0.000304022 0.000245804 0.000169114 0.000119948 0.000196271 0.000568963 0.00166848 0.00192726 0.00196555 0.001842 0.00107771 0.000287125 6.48048e-05 1.25991e-05 2.69216e-06 5.07007e-07 7.99034e-08 1.04679e-08 1.04358e-09 5.69032e-11 0 
0 5.89409e-07 5.81395e-06 2.73165e-05 8.1804e-05 0.000170117 0.000263589 0.000331269 0.000366984 0.000381404 0.000385795 0.000386437 0.000385703 0.000384096 0.000381503 0.000377665 0.000372149 0.000363919 0.000350521 0.000327088 0.000286384 0.000223532 0.000148391 9.32568e-05 0.000112018 0.000281041 0.000664502 0.00145956 0.00166411 0.00107771 0.000431053 0.000142659 3.33548e-05 7.02945e-06 1.4628e-06 2.66177e-07 4.19051e-08 5.55741e-09 5.62202e-10 3.10814e-11 0 
0 2.10818e-07 2.08699e-06 1.02213e-05 3.36466e-05 8.10792e-05 0.00014997 0.000223735 0.000284652 0.000325624 0.000349164 0.000360944 0.000365734 0.000366427 0.000364342 0.000359652 0.000351548 0.000338158 0.000316466 0.000282831 0.000235064 0.000176515 0.000118691 7.54105e-05 6.08849e-05 0.000104258 0.000219549 0.000352801 0.000406803 0.000287125 0.000142659 4.85019e-05 1.2689e-05 3.00475e-06 6.31198e-07 1.15884e-07 1.86947e-08 2.54698e-09 2.6422e-10 1.49396e-11 0 
0 6.74751e-08 6.59642e-07 3.26616e-06 1.12569e-05 2.95911e-05 6.1908e-05 0.000106549 0.000156161 0.00020203 0.000238518 0.00026404 0.000279521 0.000286589 0.000286519 0.000279856 0.000266437 0.00024568 0.000217171 0.000181606 0.000141868 0.000103361 7.21804e-05 5.11343e-05 3.88524e-05 3.84097e-05 5.63652e-05 8.14489e-05 8.73485e-05 6.48048e-05 3.33548e-05 1.2689e-05 3.9137e-06 1.00669e-06 2.19998e-07 4.22793e-08 7.1284e-09 1.00911e-09 1.08267e-10 6.30644e-12 0 
0 1.9334e-08 1.84738e-07 9.06602e-07 3.16346e-06 8.64494e-06 1.93213e-05 3.63145e-05 5.88031e-05 8.40071e-05 0.000108336 0.000128714 0.000143234 0.000151083 0.000152167 0.000146793 0.000135553 0.000119388 9.97427e-05 7.86618e-05 5.8629e-05 4.20439e-05 3.04107e-05 2.36216e-05 2.00183e-05 1.79774e-05 1.75376e-05 1.82282e-05 1.70918e-05 1.25991e-05 7.02945e-06 3.00475e-06 1.00669e-06 2.74754e-07 6.41787e-08 1.31557e-08 2.34019e-09 3.46578e-10 3.86902e-11 2.33455e-12 0 
0 4.94738e-09 4.59318e-08 2.20853e-07 7.64731e-07 2.10712e-06 4.83076e-06 9.46121e-06 1.61479e-05 2.44403e-05 3.3334e-05 4.15642e-05 4.79603e-05 5.16965e-05 5.23919e-05 5.01035e-05 4.52686e-05 3.86244e-05 3.11017e-05 2.36822e-05 1.7227e-05 1.23103e-05 9.11071e-06 7.40122e-06 6.64813e-06 6.23627e-06 5.75372e-06 5.03888e-06 3.99806e-06 2.69216e-06 1.4628e-06 6.31198e-07 2.19998e-07 6.41787e-08 1.61488e-08 3.53499e-09 6.64516e-10 1.03288e-10 1.20423e-11 7.55544e-13 0 
0 1.12154e-09 1.00881e-08 4.72442e-08 1.60607e-07 4.38759e-07 1.00795e-06 1.99821e-06 3.48038e-06 5.40318e-06 7.56987e-06 9.67456e-06 1.13828e-05 1.24203e-05 1.26378e-05 1.20365e-05 1.07562e-05 9.03442e-06 7.15033e-06 5.36517e-06 3.87403e-06 2.77825e-06 2.08288e-06 1.71449e-06 1.55026e-06 1.45394e-06 1.3182e-06 1.09673e-06 8.06331e-07 5.07007e-07 2.66177e-07 1.15884e-07 4.22793e-08 1.31557e-08 3.53499e-09 8.21279e-10 1.62903e-10 2.65989e-11 3.24455e-12 2.12126e-13 0 
0 2.21063e-10 1.92484e-09 8.75792e-09 2.9083e-08 7.81225e-08 1.77713e-07 3.51218e-07 6.13373e-07 9.58815e-07 1.35568e-06 1.74918e-06 2.07489e-06 2.2766e-06 2.32173e-06 2.20899e-06 1.96667e-06 1.64323e-06 1.29403e-06 9.68417e-07 7.00562e-07 5.05792e-07 3.81957e-07 3.14044e-07 2.79963e-07 2.56616e-07 2.26387e-07 1.82533e-07 1.29957e-07 7.99034e-08 4.19051e-08 1.86947e-08 7.1284e-09 2.34019e-09 6.64516e-10 1.62903e-10 3.40167e-11 5.83121e-12 7.44371e-13 5.07543e-14 0 
0 3.63492e-11 3.0651e-10 1.35434e-09 4.38532e-09 1.15418e-08 2.58573e-08 5.05802e-08 8.78202e-08 1.36968e-07 1.9371e-07 2.50359e-07 2.97625e-07 3.27192e-07 3.34102e-07 3.18044e-07 2.83166e-07 2.36635e-07 1.86573e-07 1.40088e-07 1.01962e-07 7.41904e-08 5.62818e-08 4.59949e-08 4.02264e-08 3.59041e-08 3.08378e-08 2.43174e-08 1.7068e-08 1.04679e-08 5.55741e-09 2.54698e-09 1.00911e-09 3.46578e-10 1.03288e-10 2.65989e-11 5.83121e-12 1.04767e-12 1.39834e-13 9.94135e-15 0 
0 4.50656e-12 3.68461e-11 1.58229e-10 4.9956e-10 1.28695e-09 2.83374e-09 5.47006e-09 9.40695e-09 1.45779e-08 2.05377e-08 2.64918e-08 3.14726e-08 3.46057e-08 3.53629e-08 3.37039e-08 3.00613e-08 2.51887e-08 1.99404e-08 1.50613e-08 1.10481e-08 8.10285e-09 6.16723e-09 5.0041e-09 4.29595e-09 3.74187e-09 3.14035e-09 2.43495e-09 1.69605e-09 1.04358e-09 5.62202e-10 2.6422e-10 1.08267e-10 3.86902e-11 1.20423e-11 3.24455e-12 7.44371e-13 1.39834e-13 1.94825e-14 1.44278e-15 0 
0 3.01336e-13 2.39287e-12 1.0001e-11 3.08173e-11 7.77379e-11 1.68188e-10 3.20099e-10 5.44502e-10 8.37055e-10 1.17271e-09 1.50734e-09 1.78731e-09 1.96404e-09 2.00798e-09 1.91661e-09 1.71377e-09 1.44138e-09 1.14706e-09 8.72437e-10 6.45279e-10 4.76865e-10 3.63899e-10 2.93224e-10 2.4757e-10 2.11107e-10 1.73728e-10 1.32884e-10 9.20824e-11 5.69032e-11 3.10814e-11 1.49396e-11 6.30644e-12 2.33455e-12 7.55544e-13 2.12126e-13 5.07543e-14 9.94135e-15 1.44278e-15 1.1113e-16 0 
0 0 0 0 0 0 0 0 0 0 0 0 0 0 0 0 0 0 0 0 0 0 0 0 0 0 0 0 0 0 0 0 0 0 0 0 0 0 0 0 0 
