0 0 0 0 0 0 0 0 0 0 0 0 0 0 0 0 0 0 0 0 0 0 0 0 0 0 0 0 0 0 0 0 0 0 0 0 0 0 0 0 0 
0 1.96002e-07 1.74819e-06 7.71211e-06 2.32973e-05 5.35593e-05 9.95008e-05 0.000156569 0.000217114 0.000273951 0.00032224 0.000359513 0.000384921 0.000398502 0.000400706 0.000392168 0.000373642 0.000346042 0.000310557 0.000268808 0.000223001 0.000175945 0.000130858 9.08704e-05 5.83575e-05 3.43599e-05 1.84189e-05 8.94804e-06 3.9311e-06 1.56174e-06 5.61775e-07 1.83264e-07 5.42704e-08 1.4577e-08 3.53704e-09 7.67858e-10 1.46147e-10 2.33649e-11 2.83232e-12 1.86007e-13 0 
0 1.74819e-06 1.59495e-05 6.9301e-05 0.00019605 0.000402576 0.000649537 0.000885165 0.00108122 0.00123397 0.00134932 0.00143308 0.00148855 0.00151737 0.00152075 0.00150014 0.00145743 0.00139454 0.00131281 0.00121244 0.00109241 0.00095149 0.000790748 0.000616765 0.000443281 0.000288424 0.000167492 8.60682e-05 3.90483e-05 1.56877e-05 5.6141e-06 1.80124e-06 5.20751e-07 1.35975e-07 3.20076e-08 6.73679e-09 1.2436e-09 1.9302e-10 2.27469e-11 1.45457e-12 0 
0 7.71211e-06 6.9301e-05 0.000277321 0.000671661 0.00113736 0.00154058 0.00185832 0.00212254 0.00235429 0.00255503 0.0027172 0.00283241 0.00289502 0.00290333 0.00285963 0.0027697 0.00264201 0.00248663 0.00231368 0.00213112 0.00194178 0.00174045 0.00151377 0.0012478 0.000944322 0.00063443 0.000368421 0.000182532 7.72729e-05 2.82734e-05 9.07382e-06 2.58728e-06 6.60838e-07 1.51516e-07 3.10065e-08 5.56365e-09 8.39933e-10 9.63929e-11 6.01148e-12 0 
0 2.32973e-05 0.00019605 0.000671661 0.00132163 0.00188911 0.00235855 0.00280549 0.00324998 0.00367319 0.00404835 0.00435214 0.00456766 0.00468513 0.00470202 0.00462256 0.0044569 0.00421986 0.00392949 0.00360559 0.00326826 0.00293612 0.0026232 0.00233288 0.0020496 0.00173684 0.00135945 0.000931513 0.000534302 0.000251594 9.79906e-05 3.22941e-05 9.22849e-06 2.32833e-06 5.23237e-07 1.04564e-07 1.82985e-08 2.69432e-09 3.01828e-10 1.8397e-11 0 
0 5.35593e-05 0.000402576 0.00113736 0.00188911 0.00253443 0.00319377 0.00389602 0.00460438 0.00527304 0.00586105 0.00633494 0.00667038 0.0068533 0.00688021 0.00675772 0.0065012 0.00613292 0.00567972 0.00517076 0.00463537 0.00410142 0.00359407 0.00313415 0.00273272 0.00237799 0.0020202 0.00158893 0.00107472 0.000587802 0.000254633 8.90324e-05 2.60337e-05 6.57049e-06 1.45879e-06 2.86241e-07 4.9053e-08 7.06789e-09 7.7507e-10 4.6288e-11 0 
0 9.95008e-05 0.000649537 0.00154058 0.00235855 0.00319377 0.00413196 0.00513279 0.00613322 0.00707262 0.00789649 0.00855956 0.0090286 0.00928437 0.00932219 0.00915129 0.00879301 0.00827809 0.00764354 0.00692933 0.00617531 0.00541868 0.00469235 0.00402416 0.00343643 0.00294165 0.00252568 0.00212156 0.00162902 0.00104093 0.000516979 0.000197909 6.05732e-05 1.5512e-05 3.4329e-06 6.6537e-07 1.12162e-07 1.58722e-08 1.70912e-09 1.00283e-10 0 
0 0.000156569 0.000885165 0.00185832 0.00280549 0.00389602 0.00513279 0.00644253 0.00774682 0.00896945 0.0100407 0.0109025 0.0115119 0.0118443 0.0118933 0.0116708 0.0112048 0.0105352 0.00970989 0.00878017 0.00779728 0.0068087 0.0058558 0.00497253 0.00418553 0.00351466 0.002968 0.0025175 0.00206451 0.00149188 0.000852361 0.000364687 0.000119185 3.13999e-05 6.98815e-06 1.34595e-06 2.24188e-07 3.12729e-08 3.31718e-09 1.91764e-10 0 
0 0.000217114 0.00108122 0.00212254 0.00324998 0.00460438 0.00613322 0.00774682 0.00935158 0.0108548 0.0121716 0.0132325 0.0139873 0.014403 0.0144644 0.0141845 0.0136036 0.012776 0.0117599 0.0106162 0.00940652 0.00818857 0.00701247 0.00591871 0.00493789 0.00409201 0.00339542 0.00284461 0.00237875 0.00185496 0.00119339 0.000572804 0.000202405 5.54636e-05 1.25083e-05 2.40697e-06 3.97805e-07 5.48925e-08 5.75327e-09 3.28594e-10 0 
0 0.000273951 0.00123397 0.00235429 0.00367319 0.00527304 0.00707262 0.00896945 0.0108548 0.0126206 0.0141713 0.0154354 0.0163544 0.0168687 0.0169455 0.0165981 0.0158826 0.014883 0.0136774 0.0123311 0.0109093 0.00947733 0.00809331 0.00680412 0.00564449 0.00463807 0.00380006 0.00313583 0.00261494 0.00211678 0.00148458 0.000790107 0.000302631 8.67819e-05 1.99391e-05 3.84967e-06 6.33548e-07 8.67512e-08 9.00992e-09 5.09745e-10 0 
0 0.00032224 0.00134932 0.00255503 0.00404835 0.00586105 0.00789649 0.0100407 0.0121716 0.0141713 0.0159459 0.0174126 0.018457 0.019009 0.0190876 0.0187196 0.017922 0.016762 0.0153651 0.0138295 0.0122199 0.010601 0.00903572 0.00757651 0.00626183 0.00511708 0.00415734 0.00338983 0.00280033 0.00229849 0.00170432 0.000985301 0.000406307 0.000121964 2.86165e-05 5.55852e-06 9.13385e-07 1.2444e-07 1.284e-08 7.21336e-10 0 
0 0.000359513 0.00143308 0.0027172 0.00435214 0.00633494 0.00855956 0.0109025 0.0132325 0.0154354 0.0174126 0.0189863 0.0199948 0.0204858 0.020551 0.020222 0.0194757 0.018285 0.0167444 0.0150365 0.0132677 0.0114978 0.00978766 0.00819268 0.00675445 0.00549989 0.00444401 0.00359371 0.00294188 0.00242115 0.00185503 0.00113877 0.000498838 0.000155948 3.73352e-05 7.30365e-06 1.20052e-06 1.63086e-07 1.67552e-08 9.36744e-10 0 
0 0.000384921 0.00148855 0.00283241 0.00456766 0.00667038 0.0090286 0.0115119 0.0139873 0.0163544 0.018457 0.0199948 0.0209053 0.0213386 0.0213929 0.0210959 0.0204212 0.0193012 0.017728 0.0158955 0.0140021 0.0121232 0.0103111 0.00862112 0.00709657 0.0057655 0.00464288 0.00373495 0.00303731 0.00249661 0.00194698 0.00124294 0.000568716 0.00018346 4.46562e-05 8.79366e-06 1.44731e-06 1.96369e-07 2.01265e-08 1.12203e-09 0 
0 0.000398502 0.00151737 0.00289502 0.00468513 0.0068533 0.00928437 0.0118443 0.014403 0.0168687 0.019009 0.0204858 0.0213386 0.0217431 0.021791 0.0215075 0.0208683 0.0198014 0.0182488 0.0163595 0.0143917 0.0124513 0.0105844 0.0088437 0.00727328 0.00590169 0.00474383 0.00380542 0.00308291 0.00253008 0.00198956 0.00129754 0.000609139 0.000200391 4.93193e-05 9.76022e-06 1.60905e-06 2.18322e-07 2.23606e-08 1.24529e-09 0 
0 0.000400706 0.00152075 0.00290333 0.00470202 0.00688021 0.00932219 0.0118933 0.0144644 0.0169455 0.0190876 0.020551 0.0213929 0.021791 0.0218356 0.0215517 0.0209151 0.0198543 0.0183048 0.016406 0.0144256 0.0124763 0.0106026 0.00885612 0.0072808 0.00590507 0.00474368 0.0038021 0.00307689 0.00252376 0.00198886 0.00130512 0.000617709 0.000204626 5.05926e-05 1.00395e-05 1.65784e-06 2.25188e-07 2.30829e-08 1.28643e-09 0 
0 0.000392168 0.00150014 0.00285963 0.00462256 0.00675772 0.00915129 0.0116708 0.0141845 0.0165981 0.0187196 0.020222 0.0210959 0.0215075 0.0215517 0.0212546 0.0205911 0.0194909 0.0179184 0.01605 0.0141185 0.0122118 0.0103769 0.00866717 0.00712575 0.0057804 0.00464556 0.00372671 0.00302005 0.00247888 0.0019478 0.00126871 0.000595569 0.00019627 4.84442e-05 9.61843e-06 1.59094e-06 2.16571e-07 2.22529e-08 1.24327e-09 0 
0 0.000373642 0.00145743 0.0027697 0.0044569 0.0065012 0.00879301 0.0112048 0.0136036 0.0158826 0.017922 0.0194757 0.0204212 0.0208683 0.0209151 0.0205911 0.0198706 0.0187005 0.0171231 0.0153421 0.0135096 0.0116879 0.00993212 0.00829677 0.00682357 0.00553913 0.00445756 0.00358455 0.00291512 0.00239586 0.0018666 0.00119141 0.000546776 0.000177445 4.3507e-05 8.63054e-06 1.43058e-06 1.95433e-07 2.01654e-08 1.1317e-09 0 
0 0.000346042 0.00139454 0.00264201 0.00421986 0.00613292 0.00827809 0.0105352 0.012776 0.014883 0.016762 0.018285 0.0193012 0.0198014 0.0198543 0.0194909 0.0187005 0.0174954 0.0159975 0.0143556 0.0126522 0.0109477 0.00930355 0.00777327 0.00639618 0.0051975 0.00419104 0.00338281 0.00276501 0.00227314 0.00174343 0.0010774 0.000478057 0.000151774 3.68762e-05 7.30957e-06 1.21591e-06 1.67037e-07 1.73479e-08 9.80323e-10 0 
0 0.000310557 0.00131281 0.00248663 0.00392949 0.00567972 0.00764354 0.00970989 0.0117599 0.0136774 0.0153651 0.0167444 0.017728 0.0182488 0.0183048 0.0179184 0.0171231 0.0159975 0.0146496 0.0131635 0.0116055 0.0100416 0.00853321 0.00713027 0.00586931 0.00477412 0.0038584 0.00312811 0.00257002 0.00210558 0.00157587 0.000934069 0.000398583 0.00012367 2.98198e-05 5.92141e-06 9.91408e-07 1.37375e-07 1.44036e-08 8.21937e-10 0 
0 0.000268808 0.00121244 0.00231368 0.00360559 0.00517076 0.00692933 0.00878017 0.0106162 0.0123311 0.0138295 0.0150365 0.0158955 0.0163595 0.016406 0.01605 0.0153421 0.0143556 0.0131635 0.0118333 0.0104319 0.00902392 0.00766595 0.00640339 0.00526976 0.00428754 0.00347047 0.00282335 0.00232445 0.00188402 0.00136487 0.000774271 0.000319218 9.75071e-05 2.34953e-05 4.7009e-06 7.95943e-07 1.11683e-07 1.18604e-08 6.85288e-10 0 
0 0.000223001 0.00109241 0.00213112 0.00326826 0.00463537 0.00617531 0.00779728 0.00940652 0.0109093 0.0122199 0.0132677 0.0140021 0.0143917 0.0144256 0.0141185 0.0135096 0.0126522 0.0116055 0.0104319 0.0091935 0.00794817 0.00674599 0.00562745 0.00462304 0.00375405 0.00303387 0.0024641 0.00201496 0.00160015 0.00112146 0.000617133 0.000250913 7.68574e-05 1.87506e-05 3.81179e-06 6.56019e-07 9.34828e-08 1.00689e-08 5.8921e-10 0 
0 0.000175945 0.00095149 0.00194178 0.00293612 0.00410142 0.00541868 0.0068087 0.00818857 0.00947733 0.010601 0.0114978 0.0121232 0.0124513 0.0124763 0.0122118 0.0116879 0.0109477 0.0100416 0.00902392 0.00794817 0.0068639 0.0058142 0.00483438 0.0039518 0.00318634 0.00254979 0.00204032 0.00163108 0.00126241 0.000872592 0.000484472 0.0002023 6.39533e-05 1.60433e-05 3.33369e-06 5.8339e-07 8.4196e-08 9.15701e-09 5.39801e-10 0 
0 0.000130858 0.000790748 0.00174045 0.0026232 0.00359407 0.00469235 0.0058558 0.00701247 0.00809331 0.00903572 0.00978766 0.0103111 0.0105844 0.0106026 0.0103769 0.00993212 0.00930355 0.00853321 0.00766595 0.00674599 0.0058142 0.0049063 0.00405215 0.00327618 0.00259793 0.00203032 0.00157454 0.00121621 0.000924764 0.000656253 0.000390728 0.000176704 5.93584e-05 1.5433e-05 3.26369e-06 5.75136e-07 8.3113e-08 9.02351e-09 5.30094e-10 0 
0 9.08704e-05 0.000616765 0.00151377 0.00233288 0.00313415 0.00402416 0.00497253 0.00591871 0.00680412 0.00757651 0.00819268 0.00862112 0.0088437 0.00885612 0.00866717 0.00829677 0.00777327 0.00713027 0.00640339 0.00562745 0.00483438 0.00405215 0.00330574 0.00262238 0.00204003 0.00159588 0.00127648 0.00100983 0.000753239 0.000527601 0.000336095 0.000169641 6.16379e-05 1.65562e-05 3.51439e-06 6.13676e-07 8.74759e-08 9.35826e-09 5.41861e-10 0 
0 5.83575e-05 0.000443281 0.0012478 0.0020496 0.00273272 0.00343643 0.00418553 0.00493789 0.00564449 0.00626183 0.00675445 0.00709657 0.00727328 0.0072808 0.00712575 0.00682357 0.00639618 0.00586931 0.00526976 0.00462304 0.0039518 0.00327618 0.00262238 0.00205544 0.00171259 0.00169485 0.00183364 0.0017434 0.0012808 0.000726791 0.000364678 0.000176787 6.77644e-05 1.8603e-05 3.90721e-06 6.67053e-07 9.27915e-08 9.70127e-09 5.50157e-10 0 
0 3.43599e-05 0.000288424 0.000944322 0.00173684 0.00237799 0.00294165 0.00351466 0.00409201 0.00463807 0.00511708 0.00549989 0.0057655 0.00590169 0.00590507 0.0057804 0.00553913 0.0051975 0.00477412 0.00428754 0.00375405 0.00318634 0.00259793 0.00204003 0.00171259 0.00201229 0.00317239 0.00458538 0.00497217 0.00360394 0.00183444 0.000678577 0.00022591 7.65272e-05 2.05558e-05 4.19798e-06 6.945e-07 9.38859e-08 9.57419e-09 5.31353e-10 0 
0 1.84189e-05 0.000167492 0.00063443 0.00135945 0.0020202 0.00252568 0.002968 0.00339542 0.00380006 0.00415734 0.00444401 0.00464288 0.00474383 0.00474368 0.00464556 0.00445756 0.00419104 0.0038584 0.00347047 0.00303387 0.00254979 0.00203032 0.00159588 0.00169485 0.00317239 0.00659561 0.0117483 0.0132566 0.00896884 0.00423312 0.00143304 0.000362592 9.05811e-05 2.1615e-05 4.16197e-06 6.61644e-07 8.69617e-08 8.67663e-09 4.7292e-10 0 
0 8.94804e-06 8.60682e-05 0.000368421 0.000931513 0.00158893 0.00212156 0.0025175 0.00284461 0.00313583 0.00338983 0.00359371 0.00373495 0.00380542 0.0038021 0.00372671 0.00358455 0.00338281 0.00312811 0.00282335 0.0024641 0.00204032 0.00157454 0.00127648 0.00183364 0.00458538 0.0117483 0.0155331 0.0159643 0.0145701 0.0074465 0.00229695 0.000530392 0.000105161 2.098e-05 3.68577e-06 5.59041e-07 7.17135e-08 7.04712e-09 3.7968e-10 0 
0 3.9311e-06 3.90483e-05 0.000182532 0.000534302 0.00107472 0.00162902 0.00206451 0.00237875 0.00261494 0.00280033 0.00294188 0.00303731 0.00308291 0.00307689 0.00302005 0.00291512 0.00276501 0.00257002 0.00232445 0.00201496 0.00163108 0.00121621 0.00100983 0.0017434 0.00497217 0.0132566 0.0159643 0.0163012 0.0151836 0.0088869 0.00252975 0.000569457 0.00010215 1.76571e-05 2.81989e-06 4.09366e-07 5.16929e-08 5.04956e-09 2.71183e-10 0 
0 1.56174e-06 1.56877e-05 7.72729e-05 0.000251594 0.000587802 0.00104093 0.00149188 0.00185496 0.00211678 0.00229849 0.00242115 0.00249661 0.00253008 0.00252376 0.00247888 0.00239586 0.00227314 0.00210558 0.00188402 0.00160015 0.00126241 0.000924764 0.000753239 0.0012808 0.00360394 0.00896884 0.0145701 0.0151836 0.0126563 0.00572631 0.00187416 0.000421863 7.43851e-05 1.19765e-05 1.79899e-06 2.55262e-07 3.21991e-08 3.16205e-09 1.70853e-10 0 
0 5.61775e-07 5.6141e-06 2.82734e-05 9.79906e-05 0.000254633 0.000516979 0.000852361 0.00119339 0.00148458 0.00170432 0.00185503 0.00194698 0.00198956 0.00198886 0.0019478 0.0018666 0.00174343 0.00157587 0.00136487 0.00112146 0.000872592 0.000656253 0.000527601 0.000726791 0.00183444 0.00423312 0.0074465 0.0088869 0.00572631 0.00281363 0.000931105 0.000214736 3.91999e-05 6.2616e-06 9.34781e-07 1.34245e-07 1.72386e-08 1.72238e-09 9.4512e-11 0 
0 1.83264e-07 1.80124e-06 9.07382e-06 3.22941e-05 8.90324e-05 0.000197909 0.000364687 0.000572804 0.000790107 0.000985301 0.00113877 0.00124294 0.00129754 0.00130512 0.00126871 0.00119141 0.0010774 0.000934069 0.000774271 0.000617133 0.000484472 0.000390728 0.000336095 0.000364678 0.000678577 0.00143304 0.00229695 0.00252975 0.00187416 0.000931105 0.000315021 7.73434e-05 1.50639e-05 2.51643e-06 3.95834e-07 5.96189e-08 7.93243e-09 8.15151e-10 4.58138e-11 0 
0 5.42704e-08 5.20751e-07 2.58728e-06 9.22849e-06 2.60337e-05 6.05732e-05 0.000119185 0.000202405 0.000302631 0.000406307 0.000498838 0.000568716 0.000609139 0.000617709 0.000595569 0.000546776 0.000478057 0.000398583 0.000319218 0.000250913 0.0002023 0.000176704 0.000169641 0.000176787 0.00022591 0.000362592 0.000530392 0.000569457 0.000421863 0.000214736 7.73434e-05 2.07105e-05 4.38236e-06 8.0606e-07 1.39745e-07 2.2576e-08 3.14834e-09 3.3551e-10 1.94499e-11 0 
0 1.4577e-08 1.35975e-07 6.60838e-07 2.32833e-06 6.57049e-06 1.5512e-05 3.13999e-05 5.54636e-05 8.67819e-05 0.000121964 0.000155948 0.00018346 0.000200391 0.000204626 0.00019627 0.000177445 0.000151774 0.00012367 9.75071e-05 7.68574e-05 6.39533e-05 5.93584e-05 6.16379e-05 6.77644e-05 7.65272e-05 9.05811e-05 0.000105161 0.00010215 7.43851e-05 3.91999e-05 1.50639e-05 4.38236e-06 1.03812e-06 2.18297e-07 4.23424e-08 7.36906e-09 1.08213e-09 1.20237e-10 7.22778e-12 0 
0 3.53704e-09 3.20076e-08 1.51516e-07 5.23237e-07 1.45879e-06 3.4329e-06 6.98815e-06 1.25083e-05 1.99391e-05 2.86165e-05 3.73352e-05 4.46562e-05 4.93193e-05 5.05926e-05 4.84442e-05 4.3507e-05 3.68762e-05 2.98198e-05 2.34953e-05 1.87506e-05 1.60433e-05 1.5433e-05 1.65562e-05 1.8603e-05 2.05558e-05 2.1615e-05 2.098e-05 1.76571e-05 1.19765e-05 6.2616e-06 2.51643e-06 8.0606e-07 2.18297e-07 5.23534e-08 1.11984e-08 2.0851e-09 3.22598e-10 3.74879e-11 2.3451e-12 0 
0 7.67858e-10 6.73679e-09 3.10065e-08 1.04564e-07 2.86241e-07 6.6537e-07 1.34595e-06 2.40697e-06 3.84967e-06 5.55852e-06 7.30365e-06 8.79366e-06 9.76022e-06 1.00395e-05 9.61843e-06 8.63054e-06 7.30957e-06 5.92141e-06 4.7009e-06 3.81179e-06 3.33369e-06 3.26369e-06 3.51439e-06 3.90721e-06 4.19798e-06 4.16197e-06 3.68577e-06 2.81989e-06 1.79899e-06 9.34781e-07 3.95834e-07 1.39745e-07 4.23424e-08 1.11984e-08 2.58164e-09 5.10093e-10 8.3071e-11 1.01096e-11 6.59451e-13 0 
0 1.46147e-10 1.2436e-09 5.56365e-09 1.82985e-08 4.9053e-08 1.12162e-07 2.24188e-07 3.97805e-07 6.33548e-07 9.13385e-07 1.20052e-06 1.44731e-06 1.60905e-06 1.65784e-06 1.59094e-06 1.43058e-06 1.21591e-06 9.91408e-07 7.95943e-07 6.56019e-07 5.8339e-07 5.75136e-07 6.13676e-07 6.67053e-07 6.945e-07 6.61644e-07 5.59041e-07 4.09366e-07 2.55262e-07 1.34245e-07 5.96189e-08 2.2576e-08 7.36906e-09 2.0851e-09 5.10093e-10 1.06351e-10 1.82038e-11 2.32008e-12 1.57923e-13 0 
0 2.33649e-11 1.9302e-10 8.39933e-10 2.69432e-09 7.06789e-09 1.58722e-08 3.12729e-08 5.48925e-08 8.67512e-08 1.2444e-07 1.63086e-07 1.96369e-07 2.18322e-07 2.25188e-07 2.16571e-07 1.95433e-07 1.67037e-07 1.37375e-07 1.11683e-07 9.34828e-08 8.4196e-08 8.3113e-08 8.74759e-08 9.27915e-08 9.38859e-08 8.69617e-08 7.17135e-08 5.16929e-08 3.21991e-08 1.72386e-08 7.93243e-09 3.14834e-09 1.08213e-09 3.22598e-10 8.3071e-11 1.82038e-11 3.2682e-12 4.35775e-13 3.09435e-14 0 
0 2.83232e-12 2.27469e-11 9.63929e-11 3.01828e-10 7.7507e-10 1.70912e-09 3.31718e-09 5.75327e-09 9.00992e-09 1.284e-08 1.67552e-08 2.01265e-08 2.23606e-08 2.30829e-08 2.22529e-08 2.01654e-08 1.73479e-08 1.44036e-08 1.18604e-08 1.00689e-08 9.15701e-09 9.02351e-09 9.35826e-09 9.70127e-09 9.57419e-09 8.67663e-09 7.04712e-09 5.04956e-09 3.16205e-09 1.72238e-09 8.15151e-10 3.3551e-10 1.20237e-10 3.74879e-11 1.01096e-11 2.32008e-12 4.35775e-13 6.06843e-14 4.49053e-15 0 
0 1.86007e-13 1.45457e-12 6.01148e-12 1.8397e-11 4.6288e-11 1.00283e-10 1.91764e-10 3.28594e-10 5.09745e-10 7.21336e-10 9.36744e-10 1.12203e-09 1.24529e-09 1.28643e-09 1.24327e-09 1.1317e-09 9.80323e-10 8.21937e-10 6.85288e-10 5.8921e-10 5.39801e-10 5.30094e-10 5.41861e-10 5.50157e-10 5.31353e-10 4.7292e-10 3.7968e-10 2.71183e-10 1.70853e-10 9.4512e-11 4.58138e-11 1.94499e-11 7.22778e-12 2.3451e-12 6.59451e-13 1.57923e-13 3.09435e-14 4.49053e-15 3.45753e-16 0 
0 0 0 0 0 0 0 0 0 0 0 0 0 0 0 0 0 0 0 0 0 0 0 0 0 0 0 0 0 0 0 0 0 0 0 0 0 0 0 0 0 
