0 0 0 0 0 0 0 0 0 0 0 0 0 0 0 0 0 0 0 0 0 0 0 0 0 0 0 0 0 0 0 0 0 0 0 0 0 0 0 0 0 
0 1.82418e-07 1.63862e-06 7.33118e-06 2.26261e-05 5.34469e-05 0.00010229 0.000165706 0.000235832 0.000304076 0.000363784 0.000410932 0.000443628 0.000461356 0.000464396 0.000453492 0.000429737 0.00039458 0.000349939 0.000298333 0.000242957 0.00018757 0.0001361 9.19767e-05 5.7385e-05 3.28003e-05 1.70756e-05 8.06754e-06 3.45469e-06 1.34145e-06 4.73008e-07 1.5169e-07 4.4275e-08 1.17489e-08 2.82228e-09 6.07629e-10 1.14868e-10 1.82627e-11 2.20387e-12 1.44205e-13 0 
0 1.63862e-06 1.51245e-05 6.73321e-05 0.000197769 0.000425257 0.000718912 0.00102016 0.00128549 0.00149959 0.00166366 0.00178298 0.00186179 0.0019028 0.00190807 0.00187973 0.00182015 0.00173157 0.00161559 0.00147279 0.00130323 0.00110827 0.000893676 0.000672366 0.000463977 0.00028912 0.000160811 7.936e-05 3.47367e-05 1.35379e-05 4.72556e-06 1.48605e-06 4.22804e-07 1.09002e-07 2.54001e-08 5.30334e-09 9.72783e-10 1.50228e-10 1.76335e-11 1.12402e-12 0 
0 7.33118e-06 6.73321e-05 0.000281413 0.000724694 0.00130729 0.00186006 0.00231273 0.00268326 0.00299787 0.00326385 0.00347584 0.00362542 0.00370649 0.00371731 0.00366091 0.00354455 0.00337867 0.00317525 0.00294565 0.00269763 0.0024319 0.00214019 0.00180878 0.0014317 0.00102922 0.000652409 0.000357224 0.00016775 6.79114e-05 2.39951e-05 7.5011e-06 2.09761e-06 5.28093e-07 1.19783e-07 2.43146e-08 4.33619e-09 6.51577e-10 7.45099e-11 4.63395e-12 0 
0 2.26261e-05 0.000197769 0.000724694 0.00153966 0.00232716 0.00298463 0.00358311 0.00416126 0.00470604 0.00518747 0.00557697 0.00585321 0.00600377 0.00602541 0.00592357 0.00571126 0.00540742 0.0050351 0.00461938 0.00418524 0.00375452 0.00334082 0.00294132 0.0025295 0.00206344 0.00152636 0.000975175 0.000519993 0.000229426 8.48879e-05 2.69547e-05 7.50627e-06 1.86047e-06 4.12968e-07 8.18127e-08 1.42281e-08 2.08556e-09 2.3286e-10 1.41583e-11 0 
0 5.34469e-05 0.000425257 0.00130729 0.00232716 0.00321875 0.00408698 0.00499174 0.00590021 0.00675718 0.00751069 0.00811797 0.00854783 0.00878223 0.00881671 0.00865974 0.00833103 0.00785909 0.00727833 0.00662611 0.00593996 0.00525535 0.00460362 0.00400814 0.00347478 0.00297473 0.00243803 0.00180442 0.0011264 0.000566483 0.000228373 7.57228e-05 2.13639e-05 5.26822e-06 1.15219e-06 2.23846e-07 3.81046e-08 5.4652e-09 5.97395e-10 3.55951e-11 0 
0 0.00010229 0.000718912 0.00186006 0.00298463 0.00408698 0.00529443 0.00657744 0.00785947 0.00906328 0.010119 0.0109687 0.0115698 0.0118975 0.011946 0.011727 0.0112679 0.010608 0.00979489 0.00887966 0.00791341 0.00694381 0.00601295 0.00515598 0.00439892 0.00374892 0.00316926 0.00256119 0.00183515 0.00107089 0.000485908 0.000173111 5.0446e-05 1.25255e-05 2.71979e-06 5.20954e-07 8.71581e-08 1.22733e-08 1.31726e-09 7.71157e-11 0 
0 0.000165706 0.00102016 0.00231273 0.00358311 0.00499174 0.00657744 0.00825585 0.00992725 0.011494 0.0128668 0.013971 0.0147518 0.0151773 0.01524 0.0149552 0.0143583 0.0135005 0.0124428 0.0112514 0.0099919 0.00872507 0.00750397 0.00637204 0.00536296 0.00449931 0.00378012 0.00314495 0.00245669 0.00163384 0.000844615 0.000330414 0.000101256 2.56178e-05 5.56541e-06 1.05665e-06 1.74472e-07 2.42054e-08 2.55853e-09 1.47562e-10 0 
0 0.000235832 0.00128549 0.00268326 0.00416126 0.00590021 0.00785947 0.00992725 0.0119837 0.01391 0.0155971 0.016954 0.0179143 0.0184386 0.0185152 0.0181626 0.0174263 0.0163705 0.0150697 0.0136043 0.0120541 0.0104933 0.0089862 0.00758458 0.00632764 0.00524283 0.0043439 0.00360867 0.00292895 0.00213602 0.0012445 0.00053929 0.00017603 4.58325e-05 1.00301e-05 1.89691e-06 3.10333e-07 4.256e-08 4.44361e-09 2.53162e-10 0 
0 0.000304076 0.00149959 0.00299787 0.00470604 0.00675718 0.00906328 0.011494 0.01391 0.0161723 0.018154 0.0197523 0.0208914 0.0215182 0.0216096 0.0211854 0.0203059 0.0190555 0.0175239 0.0158016 0.0139799 0.0121448 0.0103712 0.00871921 0.00723318 0.00594332 0.00486738 0.00400234 0.00328025 0.00252499 0.0016168 0.000772053 0.000269731 7.2726e-05 1.61137e-05 3.04784e-06 4.95734e-07 6.74124e-08 6.97187e-09 3.93377e-10 0 
0 0.000363784 0.00166366 0.00326385 0.00518747 0.00751069 0.010119 0.0128668 0.0155971 0.018154 0.0203995 0.0222217 0.0235231 0.0242325 0.0243339 0.0238532 0.0228474 0.0214142 0.0196694 0.0177186 0.0156591 0.0135847 0.0115789 0.009709 0.00802429 0.00655729 0.0053267 0.00433641 0.00354603 0.00280435 0.00191884 0.000994459 0.000370617 0.00010364 2.33115e-05 4.42221e-06 7.1708e-07 9.69476e-08 9.95712e-09 5.57753e-10 0 
0 0.000410932 0.00178298 0.00347584 0.00557697 0.00811797 0.0109687 0.013971 0.016954 0.0197523 0.0222217 0.0242163 0.0255929 0.0263076 0.026404 0.0259197 0.0248717 0.0233184 0.0213966 0.0192532 0.0170003 0.014734 0.0125425 0.0104986 0.00865556 0.00704788 0.00569451 0.00460123 0.00374251 0.00299435 0.00213785 0.00117904 0.000464075 0.000134174 3.06403e-05 5.83799e-06 9.45672e-07 1.27398e-07 1.30238e-08 7.25877e-10 0 
0 0.000443628 0.00186179 0.00362542 0.00585321 0.00854783 0.0115698 0.0147518 0.0179143 0.0208914 0.0235231 0.0255929 0.0269437 0.0276141 0.0276987 0.0272387 0.0262225 0.0246464 0.0226178 0.0203313 0.0179371 0.015535 0.0132133 0.0110476 0.00909397 0.00738825 0.0059495 0.00478373 0.0038725 0.0031114 0.00227756 0.0013102 0.000537017 0.000159418 3.68779e-05 7.05862e-06 1.14373e-06 1.53813e-07 1.56829e-08 8.71491e-10 0 
0 0.000461356 0.0019028 0.00370649 0.00600377 0.00878223 0.0118975 0.0151773 0.0184386 0.0215182 0.0242325 0.0263076 0.0276141 0.0282502 0.0283258 0.0278812 0.0268971 0.0253384 0.0232712 0.0209057 0.0184312 0.0159551 0.0135635 0.0113328 0.00932042 0.00756277 0.00607891 0.00487463 0.00393449 0.00316502 0.00234624 0.00138222 0.000580617 0.000175315 4.09206e-05 7.86219e-06 1.27532e-06 1.71473e-07 1.74695e-08 9.69762e-10 0 
0 0.000464396 0.00190807 0.00371731 0.00602541 0.00881671 0.011946 0.01524 0.0185152 0.0216096 0.0243339 0.026404 0.0276987 0.0283258 0.0283966 0.0279511 0.0269696 0.0254129 0.0233392 0.0209603 0.0184732 0.0159871 0.0135868 0.0113488 0.00933005 0.00756711 0.00607874 0.00487051 0.0039277 0.00316023 0.00235104 0.00139532 0.000591066 0.000179647 4.21078e-05 8.11076e-06 1.31776e-06 1.77382e-07 1.80883e-08 1.00497e-09 0 
0 0.000453492 0.00187973 0.00366091 0.00592357 0.00865974 0.011727 0.0149552 0.0181626 0.0211854 0.0238532 0.0259197 0.0272387 0.0278812 0.0279511 0.0274894 0.0264805 0.0249036 0.0228469 0.0205169 0.0180834 0.0156483 0.0132976 0.0111066 0.00913136 0.00740734 0.00595297 0.00477369 0.00385368 0.00309977 0.00229651 0.00135283 0.000569213 0.000172415 4.03962e-05 7.79146e-06 1.26864e-06 1.7121e-07 1.75072e-08 9.75465e-10 0 
0 0.000429737 0.00182015 0.00354455 0.00571126 0.00833103 0.0112679 0.0143583 0.0174263 0.0203059 0.0228474 0.0248717 0.0262225 0.0268971 0.0269696 0.0264805 0.0254305 0.0238458 0.0218547 0.0196325 0.0173081 0.0149774 0.0127276 0.010632 0.00874413 0.00709817 0.005712 0.00459087 0.00371579 0.0029846 0.00218485 0.00126029 0.000519925 0.000155684 3.63379e-05 7.0149e-06 1.14591e-06 1.55325e-07 1.5961e-08 8.93932e-10 0 
0 0.00039458 0.00173157 0.00337867 0.00540742 0.00785909 0.010608 0.0135005 0.0163705 0.0190555 0.0214142 0.0233184 0.0246464 0.0253384 0.0254129 0.0249036 0.0238458 0.0223194 0.0204569 0.0183864 0.0162123 0.014029 0.0119221 0.00996113 0.00819644 0.00666037 0.00537031 0.00433095 0.00351712 0.00281323 0.00201731 0.00112628 0.000451401 0.000133007 3.08969e-05 5.97621e-06 9.81469e-07 1.33964e-07 1.38727e-08 7.83253e-10 0 
0 0.000349939 0.00161559 0.00317525 0.0050351 0.00727833 0.00979489 0.0124428 0.0150697 0.0175239 0.0196694 0.0213966 0.0226178 0.0232712 0.0233392 0.0228469 0.0218547 0.0204569 0.0187604 0.0168666 0.0148719 0.0128679 0.010935 0.00913715 0.00752128 0.00611779 0.00494365 0.00400191 0.00325745 0.00258112 0.00179705 0.000963911 0.000374274 0.000108623 2.51833e-05 4.89795e-06 8.11745e-07 1.11991e-07 1.17294e-08 6.69877e-10 0 
0 0.000298333 0.00147279 0.00294565 0.00461938 0.00662611 0.00887966 0.0112514 0.0136043 0.0158016 0.0177186 0.0192532 0.0203313 0.0209057 0.0209603 0.0205169 0.0196325 0.0183864 0.0168666 0.0151637 0.0133681 0.0115638 0.0098236 0.00820569 0.00675297 0.00549416 0.00444564 0.00360678 0.00293012 0.0022826 0.00153424 0.000791959 0.000300205 8.66032e-05 2.02027e-05 3.97767e-06 6.6895e-07 9.37088e-08 9.96306e-09 5.77219e-10 0 
0 0.000242957 0.00130323 0.00269763 0.00418524 0.00593996 0.00791341 0.0099919 0.0120541 0.0139799 0.0156591 0.0170003 0.0179371 0.0184312 0.0184732 0.0180834 0.0173081 0.0162123 0.0148719 0.0133681 0.0117811 0.0101853 0.00864472 0.00721136 0.0059242 0.00481022 0.00388429 0.00314004 0.00252301 0.00191897 0.00125168 0.000633549 0.00023996 7.01614e-05 1.66934e-05 3.35591e-06 5.75609e-07 8.20825e-08 8.86569e-09 5.20759e-10 0 
0 0.00018757 0.00110827 0.0024319 0.00375452 0.00525535 0.00694381 0.00872507 0.0104933 0.0121448 0.0135847 0.014734 0.015535 0.0159551 0.0159871 0.0156483 0.0149774 0.014029 0.0128679 0.0115638 0.0101853 0.00879582 0.00745066 0.00619505 0.00506391 0.00408194 0.00326124 0.00259278 0.00203451 0.00151415 0.000985109 0.000510705 0.000201288 6.12818e-05 1.50713e-05 3.1058e-06 5.42414e-07 7.83681e-08 8.54456e-09 5.05224e-10 0 
0 0.0001361 0.000893676 0.00214019 0.00334082 0.00460362 0.00601295 0.00750397 0.0089862 0.0103712 0.0115789 0.0125425 0.0132133 0.0135635 0.0135868 0.0132976 0.0127276 0.0119221 0.010935 0.0098236 0.00864472 0.00745066 0.00628721 0.00519258 0.00419771 0.0033267 0.00259473 0.00200205 0.00152834 0.00113344 0.00077031 0.000434071 0.000186595 6.05024e-05 1.54213e-05 3.231e-06 5.67386e-07 8.19395e-08 8.90153e-09 5.23489e-10 0 
0 9.19767e-05 0.000672366 0.00180878 0.00294132 0.00400814 0.00515598 0.00637204 0.00758458 0.00871921 0.009709 0.0104986 0.0110476 0.0113328 0.0113488 0.0111066 0.010632 0.00996113 0.00913715 0.00820569 0.00721136 0.00619505 0.00519258 0.00423573 0.00335913 0.00261175 0.00204209 0.00163251 0.00128937 0.000955573 0.000655116 0.000399101 0.000190996 6.65654e-05 1.74371e-05 3.65387e-06 6.3415e-07 9.01437e-08 9.63144e-09 5.57325e-10 0 
0 5.7385e-05 0.000463977 0.0014317 0.0025295 0.00347478 0.00439892 0.00536296 0.00632764 0.00723318 0.00802429 0.00865556 0.00909397 0.00932042 0.00933005 0.00913136 0.00874413 0.00819644 0.00752128 0.00675297 0.0059242 0.00506391 0.00419771 0.00335913 0.00263242 0.0021939 0.00217173 0.0023497 0.00223406 0.00164112 0.000929788 0.000458999 0.000211627 7.67899e-05 2.03524e-05 4.19787e-06 7.10517e-07 9.84207e-08 1.02658e-08 5.81279e-10 0 
0 3.28003e-05 0.00028912 0.00102922 0.00206344 0.00297473 0.00374892 0.00449931 0.00524283 0.00594332 0.00655729 0.00704788 0.00738825 0.00756277 0.00756711 0.00740734 0.00709817 0.00666037 0.00611779 0.00549416 0.00481022 0.00408194 0.0033267 0.00261175 0.0021939 0.00257863 0.00406529 0.0058667 0.00627364 0.0046183 0.00235075 0.000868879 0.000283728 9.06526e-05 2.31634e-05 4.60858e-06 7.53584e-07 1.01339e-07 1.03055e-08 5.70884e-10 0 
0 1.70756e-05 0.000160811 0.000652409 0.00152636 0.00243803 0.00316926 0.00378012 0.0043439 0.00486738 0.0053267 0.00569451 0.0059495 0.00607891 0.00607874 0.00595297 0.005712 0.00537031 0.00494365 0.00444564 0.00388429 0.00326124 0.00259473 0.00204209 0.00217173 0.00406529 0.00843876 0.0144804 0.0165486 0.0111191 0.00542457 0.00183636 0.00046316 0.000111327 2.50091e-05 4.64239e-06 7.26343e-07 9.48592e-08 9.43649e-09 5.13376e-10 0 
0 8.06754e-06 7.936e-05 0.000357224 0.000975175 0.00180442 0.00256119 0.00314495 0.00360867 0.00400234 0.00433641 0.00460123 0.00478373 0.00487463 0.00487051 0.00477369 0.00459087 0.00433095 0.00400191 0.00360678 0.00314004 0.00259278 0.00200205 0.00163251 0.0023497 0.0058667 0.0144804 0.0207489 0.0214414 0.0188993 0.00913514 0.00294345 0.000679272 0.000131853 2.48038e-05 4.16378e-06 6.18498e-07 7.87343e-08 7.71326e-09 4.14838e-10 0 
0 3.45469e-06 3.47367e-05 0.00016775 0.000519993 0.0011264 0.00183515 0.00245669 0.00292895 0.00328025 0.00354603 0.00374251 0.0038725 0.00393449 0.0039277 0.00385368 0.00371579 0.00351712 0.00325745 0.00293012 0.00252301 0.00203451 0.00152834 0.00128937 0.00223406 0.00627364 0.0165486 0.0214414 0.0220137 0.020169 0.0107049 0.00324177 0.000729505 0.000128899 2.11363e-05 3.21365e-06 4.552e-07 5.6981e-08 5.549e-09 2.97527e-10 0 
0 1.34145e-06 1.35379e-05 6.79114e-05 0.000229426 0.000566483 0.00107089 0.00163384 0.00213602 0.00252499 0.00280435 0.00299435 0.0031114 0.00316502 0.00316023 0.00309977 0.0029846 0.00281323 0.00258112 0.0022826 0.00191897 0.00151415 0.00113344 0.000955573 0.00164112 0.0046183 0.0111191 0.0188993 0.020169 0.0156596 0.00730176 0.00240166 0.00054026 9.37132e-05 1.4367e-05 2.05695e-06 2.84543e-07 3.55757e-08 3.48358e-09 1.87962e-10 0 
0 4.73008e-07 4.72556e-06 2.39951e-05 8.48879e-05 0.000228373 0.000485908 0.000844615 0.0012445 0.0016168 0.00191884 0.00213785 0.00227756 0.00234624 0.00235104 0.00229651 0.00218485 0.00201731 0.00179705 0.00153424 0.00125168 0.000985109 0.00077031 0.000655116 0.000929788 0.00235075 0.00542457 0.00913514 0.0107049 0.00730176 0.00360555 0.00119314 0.000274436 4.89501e-05 7.45883e-06 1.0661e-06 1.49646e-07 1.9068e-08 1.90053e-09 1.04165e-10 0 
0 1.5169e-07 1.48605e-06 7.5011e-06 2.69547e-05 7.57228e-05 0.000173111 0.000330414 0.00053929 0.000772053 0.000994459 0.00117904 0.0013102 0.00138222 0.00139532 0.00135283 0.00126029 0.00112628 0.000963911 0.000791959 0.000633549 0.000510705 0.000434071 0.000399101 0.000458999 0.000868879 0.00183636 0.00294345 0.00324177 0.00240166 0.00119314 0.000403258 9.79736e-05 1.84849e-05 2.9545e-06 4.48287e-07 6.63474e-08 8.77758e-09 9.00358e-10 5.05547e-11 0 
0 4.4275e-08 4.22804e-07 2.09761e-06 7.50627e-06 2.13639e-05 5.0446e-05 0.000101256 0.00017603 0.000269731 0.000370617 0.000464075 0.000537017 0.000580617 0.000591066 0.000569213 0.000519925 0.000451401 0.000374274 0.000300205 0.00023996 0.000201288 0.000186595 0.000190996 0.000211627 0.000283728 0.00046316 0.000679272 0.000729505 0.00054026 0.000274436 9.79736e-05 2.56506e-05 5.2402e-06 9.2854e-07 1.56899e-07 2.50693e-08 3.4839e-09 3.70811e-10 2.14804e-11 0 
0 1.17489e-08 1.09002e-07 5.28093e-07 1.86047e-06 5.26822e-06 1.25255e-05 2.56178e-05 4.58325e-05 7.2726e-05 0.00010364 0.000134174 0.000159418 0.000175315 0.000179647 0.000172415 0.000155684 0.000133007 0.000108623 8.66032e-05 7.01614e-05 6.12818e-05 6.05024e-05 6.65654e-05 7.67899e-05 9.06526e-05 0.000111327 0.000131853 0.000128899 9.37132e-05 4.89501e-05 1.84849e-05 5.2402e-06 1.20446e-06 2.46875e-07 4.71998e-08 8.16895e-09 1.19741e-09 1.3294e-10 7.9868e-12 0 
0 2.82228e-09 2.54001e-08 1.19783e-07 4.12968e-07 1.15219e-06 2.71979e-06 5.56541e-06 1.00301e-05 1.61137e-05 2.33115e-05 3.06403e-05 3.68779e-05 4.09206e-05 4.21078e-05 4.03962e-05 3.63379e-05 3.08969e-05 2.51833e-05 2.02027e-05 1.66934e-05 1.50713e-05 1.54213e-05 1.74371e-05 2.03524e-05 2.31634e-05 2.50091e-05 2.48038e-05 2.11363e-05 1.4367e-05 7.45883e-06 2.9545e-06 9.2854e-07 2.46875e-07 5.84642e-08 1.24298e-08 2.30918e-09 3.56951e-10 4.14583e-11 2.59232e-12 0 
0 6.07629e-10 5.30334e-09 2.43146e-08 8.18127e-08 2.23846e-07 5.20954e-07 1.05665e-06 1.89691e-06 3.04784e-06 4.42221e-06 5.83799e-06 7.05862e-06 7.86219e-06 8.11076e-06 7.79146e-06 7.0149e-06 5.97621e-06 4.89795e-06 3.97767e-06 3.35591e-06 3.1058e-06 3.231e-06 3.65387e-06 4.19787e-06 4.60858e-06 4.64239e-06 4.16378e-06 3.21365e-06 2.05695e-06 1.0661e-06 4.48287e-07 1.56899e-07 4.71998e-08 1.24298e-08 2.86e-09 5.64637e-10 9.19131e-11 1.11817e-11 7.29141e-13 0 
0 1.14868e-10 9.72783e-10 4.33619e-09 1.42281e-08 3.81046e-08 8.71581e-08 1.74472e-07 3.10333e-07 4.95734e-07 7.1708e-07 9.45672e-07 1.14373e-06 1.27532e-06 1.31776e-06 1.26864e-06 1.14591e-06 9.81469e-07 8.11745e-07 6.6895e-07 5.75609e-07 5.42414e-07 5.67386e-07 6.3415e-07 7.10517e-07 7.53584e-07 7.26343e-07 6.18498e-07 4.552e-07 2.84543e-07 1.49646e-07 6.63474e-08 2.50693e-08 8.16895e-09 2.30918e-09 5.64637e-10 1.1769e-10 2.01399e-11 2.56623e-12 1.74634e-13 0 
0 1.82627e-11 1.50228e-10 6.51577e-10 2.08556e-09 5.4652e-09 1.22733e-08 2.42054e-08 4.256e-08 6.74124e-08 9.69476e-08 1.27398e-07 1.53813e-07 1.71473e-07 1.77382e-07 1.7121e-07 1.55325e-07 1.33964e-07 1.11991e-07 9.37088e-08 8.20825e-08 7.83681e-08 8.19395e-08 9.01437e-08 9.84207e-08 1.01339e-07 9.48592e-08 7.87343e-08 5.6981e-08 3.55757e-08 1.9068e-08 8.77758e-09 3.4839e-09 1.19741e-09 3.56951e-10 9.19131e-11 2.01399e-11 3.61539e-12 4.81999e-13 3.42196e-14 0 
0 2.20387e-12 1.76335e-11 7.45099e-11 2.3286e-10 5.97395e-10 1.31726e-09 2.55853e-09 4.44361e-09 6.97187e-09 9.95712e-09 1.30238e-08 1.56829e-08 1.74695e-08 1.80883e-08 1.75072e-08 1.5961e-08 1.38727e-08 1.17294e-08 9.96306e-09 8.86569e-09 8.54456e-09 8.90153e-09 9.63144e-09 1.02658e-08 1.03055e-08 9.43649e-09 7.71326e-09 5.549e-09 3.48358e-09 1.90053e-09 9.00358e-10 3.70811e-10 1.3294e-10 4.14583e-11 1.11817e-11 2.56623e-12 4.81999e-13 6.71162e-14 4.96592e-15 0 
0 1.44205e-13 1.12402e-12 4.63395e-12 1.41583e-11 3.55951e-11 7.71157e-11 1.47562e-10 2.53162e-10 3.93377e-10 5.57753e-10 7.25877e-10 8.71491e-10 9.69762e-10 1.00497e-09 9.75465e-10 8.93932e-10 7.83253e-10 6.69877e-10 5.77219e-10 5.20759e-10 5.05224e-10 5.23489e-10 5.57325e-10 5.81279e-10 5.70884e-10 5.13376e-10 4.14838e-10 2.97527e-10 1.87962e-10 1.04165e-10 5.05547e-11 2.14804e-11 7.9868e-12 2.59232e-12 7.29141e-13 1.74634e-13 3.42196e-14 4.96592e-15 3.82335e-16 0 
0 0 0 0 0 0 0 0 0 0 0 0 0 0 0 0 0 0 0 0 0 0 0 0 0 0 0 0 0 0 0 0 0 0 0 0 0 0 0 0 0 
