0 0 0 0 0 0 0 0 0 0 0 0 0 0 0 0 0 0 0 0 0 0 0 0 0 0 0 0 0 0 0 0 0 0 0 0 0 0 0 0 0 
0 1.99623e-07 1.77362e-06 7.76493e-06 2.31887e-05 5.25477e-05 9.61134e-05 0.000148984 0.000203874 0.000254444 0.000296757 0.000329031 0.000350835 0.000362401 0.000364218 0.000356856 0.000340919 0.000317099 0.000286276 0.000249685 0.000209071 0.000166774 0.0001256 8.84382e-05 5.76468e-05 3.44681e-05 1.87626e-05 9.25012e-06 4.11952e-06 1.65668e-06 6.02317e-07 1.98295e-07 5.9177e-08 1.59979e-08 3.90263e-09 8.50953e-10 1.62545e-10 2.60622e-11 3.16676e-12 2.08369e-13 0 
0 1.77362e-06 1.60782e-05 6.89399e-05 0.00019113 0.000383061 0.000603375 0.000805689 0.00096918 0.00109447 0.00118862 0.00125709 0.00130259 0.00132624 0.00132886 0.00131165 0.00127626 0.00122445 0.00115752 0.00107563 0.000977579 0.000861438 0.000726627 0.000577046 0.000423371 0.00028166 0.00016729 8.78267e-05 4.06197e-05 1.65891e-05 6.01749e-06 1.95177e-06 5.69173e-07 1.4964e-07 3.54154e-08 7.48597e-09 1.38656e-09 2.1578e-10 2.54822e-11 1.63217e-12 0 
0 7.76493e-06 6.89399e-05 0.000269443 0.000631761 0.00103589 0.00136988 0.00162928 0.00184805 0.00204358 0.00221498 0.0023543 0.00245355 0.00250755 0.00251471 0.00247697 0.00239938 0.0022894 0.00215602 0.00200848 0.00185448 0.00169759 0.00153417 0.00135229 0.00113658 0.000882219 0.000610446 0.000365527 0.000186352 8.083e-05 3.01479e-05 9.81647e-06 2.82912e-06 7.28321e-07 1.67965e-07 3.45226e-08 6.21483e-09 9.40558e-10 1.08143e-10 6.754e-12 0 
0 2.31887e-05 0.00019113 0.000631761 0.0011955 0.00166372 0.00205247 0.00243221 0.0028149 0.00318078 0.00350548 0.00376849 0.00395509 0.00405681 0.00407143 0.00400262 0.00385919 0.00365396 0.00340258 0.00312226 0.0028306 0.00254428 0.00227669 0.00203314 0.00180295 0.00155462 0.0012501 0.000886999 0.000528392 0.000257657 0.000103222 3.47301e-05 1.00687e-05 2.56549e-06 5.80453e-07 1.16548e-07 2.04641e-08 3.02043e-09 3.38949e-10 2.06862e-11 0 
0 5.25477e-05 0.000383061 0.00103589 0.00166372 0.00220217 0.00276678 0.0033737 0.00398689 0.00456587 0.00507501 0.00548535 0.0057758 0.00593419 0.00595749 0.00585142 0.00562931 0.00531042 0.004918 0.0044773 0.00401373 0.00355145 0.0031125 0.00271573 0.00237312 0.00207904 0.0017944 0.00145205 0.00102183 0.000583779 0.000262928 9.46871e-05 2.82504e-05 7.22367e-06 1.61733e-06 3.19091e-07 5.48818e-08 7.92726e-09 8.70791e-10 5.20674e-11 0 
0 9.61134e-05 0.000603375 0.00136988 0.00205247 0.00276678 0.00357791 0.00444443 0.00531068 0.00612409 0.00683747 0.00741161 0.00781775 0.00803922 0.00807197 0.007924 0.00761376 0.0071679 0.00661845 0.00600002 0.00534712 0.00469197 0.00406307 0.00348464 0.00297661 0.00255222 0.00220505 0.00188364 0.00149371 0.000998511 0.000520043 0.000207095 6.51598e-05 1.69817e-05 3.79871e-06 7.41148e-07 1.25455e-07 1.78007e-08 1.92016e-09 1.128e-10 0 
0 0.000148984 0.000805689 0.00162928 0.00243221 0.0033737 0.00444443 0.00557851 0.00670788 0.00776654 0.00869416 0.00944037 0.00996838 0.0102566 0.0102991 0.0101061 0.00970227 0.00912236 0.00840768 0.00760264 0.00675157 0.00589557 0.00507046 0.00430566 0.00362432 0.00304431 0.00257564 0.00220183 0.00184461 0.00138643 0.000833332 0.000374114 0.000126736 3.41665e-05 7.709e-06 1.49685e-06 2.50536e-07 3.50528e-08 3.72516e-09 2.15617e-10 0 
0 0.000203874 0.00096918 0.00184805 0.0028149 0.00398689 0.00531068 0.00670788 0.00809741 0.00939907 0.0105397 0.0114607 0.0121205 0.0124875 0.0125424 0.0122948 0.0117848 0.0110641 0.010183 0.00919247 0.00814499 0.00709038 0.00607201 0.00512493 0.00427567 0.00354341 0.00294168 0.00247231 0.00209321 0.00168252 0.00113621 0.000575332 0.000212374 5.99048e-05 1.3744e-05 2.67091e-06 4.4395e-07 6.14683e-08 6.45593e-09 3.69218e-10 0 
0 0.000254444 0.00109447 0.00204358 0.00318078 0.00456587 0.00612409 0.00776654 0.00939907 0.0109286 0.0122764 0.0133886 0.0142113 0.0146745 0.0147445 0.0144333 0.0137901 0.0129012 0.0118462 0.0106777 0.00944626 0.0082063 0.0070079 0.00589161 0.0048875 0.00401609 0.0032909 0.00271909 0.00228298 0.00188894 0.00138306 0.000777944 0.000313202 9.29814e-05 2.18114e-05 4.26077e-06 7.05857e-07 9.70244e-08 1.01002e-08 5.72261e-10 0 
0 0.000296757 0.00118862 0.00221498 0.00350548 0.00507501 0.00683747 0.00869416 0.0105397 0.0122764 0.0138362 0.0151413 0.0160481 0.0165088 0.0165739 0.0162706 0.0155904 0.0145636 0.0133218 0.0119779 0.0105813 0.00917924 0.00782392 0.00656041 0.00542204 0.00443083 0.00359995 0.00293691 0.00243555 0.00203057 0.00156237 0.000953859 0.000415171 0.000129655 3.11627e-05 6.13545e-06 1.01579e-06 1.38986e-07 1.43773e-08 8.08978e-10 0 
0 0.000329031 0.00125709 0.0023543 0.00376849 0.00548535 0.00741161 0.00944037 0.0114607 0.0133886 0.0151413 0.0164881 0.0172966 0.0176799 0.0177308 0.0174747 0.0168838 0.015896 0.0145444 0.0130332 0.0114901 0.00995592 0.00847501 0.00709395 0.0058486 0.00476229 0.00384808 0.00311261 0.00255407 0.00212643 0.00168187 0.00108815 0.000504307 0.000164638 4.04894e-05 8.04096e-06 1.33271e-06 1.81892e-07 1.87385e-08 1.0494e-09 0 
0 0.000350835 0.00130259 0.00245355 0.00395509 0.0057758 0.00781775 0.00996838 0.0121205 0.0142113 0.0160481 0.0172966 0.0180036 0.018338 0.0183802 0.018151 0.0176271 0.0167378 0.0154119 0.0137936 0.0121297 0.0104977 0.00892829 0.00746493 0.00614483 0.00499227 0.00402024 0.00323457 0.00263471 0.00218566 0.0017531 0.00117705 0.000570412 0.000192633 4.82637e-05 9.65961e-06 1.60402e-06 2.18712e-07 2.24811e-08 1.25551e-09 0 
0 0.000362401 0.00132624 0.00250755 0.00405681 0.00593419 0.00803922 0.0102566 0.0124875 0.0146745 0.0165088 0.0176799 0.018338 0.0186498 0.0186871 0.0184685 0.0179737 0.017137 0.0158603 0.0142083 0.0124712 0.0107822 0.00916492 0.00765765 0.00629785 0.0051102 0.00410764 0.00329545 0.0026733 0.00221151 0.0017849 0.00122243 0.000607974 0.000209652 5.31712e-05 1.07019e-05 1.78062e-06 2.42838e-07 2.49449e-08 1.3917e-09 0 
0 0.000364218 0.00132886 0.00251471 0.00407143 0.00595749 0.00807197 0.0102991 0.0125424 0.0147445 0.0165739 0.0177308 0.0183802 0.0186871 0.0187218 0.0185027 0.0180099 0.0171787 0.0159087 0.0142516 0.0125016 0.010804 0.0091807 0.00766841 0.00630435 0.00511313 0.00410751 0.00329255 0.00266786 0.00220514 0.00178245 0.00122754 0.00061538 0.000213715 5.44615e-05 1.09929e-05 1.83213e-06 2.50135e-07 2.57148e-08 1.43559e-09 0 
0 0.000356856 0.00131165 0.00247697 0.00400262 0.00585142 0.007924 0.0101061 0.0122948 0.0144333 0.0162706 0.0174747 0.018151 0.0184685 0.0185027 0.0182732 0.0177582 0.0168898 0.0155805 0.0139356 0.0122328 0.0105746 0.00898526 0.0075048 0.0061701 0.00500518 0.00402255 0.00322732 0.00261897 0.00216725 0.00174792 0.0011951 0.00059386 0.000204987 5.21118e-05 1.05197e-05 1.75572e-06 2.40179e-07 2.47465e-08 1.38476e-09 0 
0 0.000340919 0.00127626 0.00239938 0.00385919 0.00562931 0.00761376 0.00970227 0.0117848 0.0137901 0.0155904 0.0168838 0.0176271 0.0179737 0.0180099 0.0177582 0.0171933 0.0162457 0.0148866 0.013307 0.0117014 0.0101207 0.0086001 0.00718407 0.00590844 0.00479627 0.00385978 0.00310438 0.00252904 0.00209814 0.00168096 0.00112712 0.000546921 0.000185547 4.67838e-05 9.42675e-06 1.57574e-06 2.16237e-07 2.23662e-08 1.25681e-09 0 
0 0.000317099 0.00122445 0.0022894 0.00365396 0.00531042 0.0071679 0.00912236 0.0110641 0.0129012 0.0145636 0.015896 0.0167378 0.017137 0.0171787 0.0168898 0.0162457 0.0152144 0.0138861 0.0124387 0.0109563 0.00947951 0.00805583 0.00673078 0.00553837 0.00450045 0.00362904 0.00293002 0.00240079 0.00199647 0.00157895 0.00102588 0.000480313 0.000158935 3.9619e-05 7.96535e-06 1.33496e-06 1.841e-07 1.91562e-08 1.08335e-09 0 
0 0.000286276 0.00115752 0.00215602 0.00340258 0.004918 0.00661845 0.00840768 0.010183 0.0118462 0.0133218 0.0145444 0.0154119 0.0158603 0.0159087 0.0155805 0.0148866 0.0138861 0.0126956 0.0113999 0.0100492 0.00869492 0.0073888 0.00617401 0.00508216 0.00413386 0.00334109 0.00271015 0.00223477 0.00185742 0.00143781 0.000896024 0.000402119 0.000129519 3.19449e-05 6.42152e-06 1.08183e-06 1.50339e-07 1.57799e-08 9.00519e-10 0 
0 0.000249685 0.00107563 0.00200848 0.00312226 0.0044773 0.00600002 0.00760264 0.00919247 0.0106777 0.0119779 0.0130332 0.0137936 0.0142083 0.0142516 0.0139356 0.013307 0.0124387 0.0113999 0.0102465 0.00903286 0.0078137 0.00663785 0.00554462 0.00456302 0.00371255 0.00300539 0.00244749 0.00202603 0.0016714 0.00125507 0.000747202 0.000322406 0.000101725 2.49824e-05 5.04796e-06 8.58604e-07 1.20674e-07 1.28158e-08 7.39885e-10 0 
0 0.000209071 0.000977579 0.00185448 0.0028306 0.00401373 0.00534712 0.00675157 0.00814499 0.00944626 0.0105813 0.0114901 0.0121297 0.0124712 0.0125016 0.0122328 0.0117014 0.0109563 0.0100492 0.00903286 0.00796054 0.00688222 0.00584127 0.00487274 0.00400304 0.00325068 0.00262782 0.00213826 0.00176178 0.00142732 0.0010364 0.000595805 0.000251894 7.92568e-05 1.96314e-05 4.02017e-06 6.93848e-07 9.89175e-08 1.06458e-08 6.2209e-10 0 
0 0.000166774 0.000861438 0.00169759 0.00254428 0.00355145 0.00469197 0.00589557 0.00709038 0.0082063 0.00917924 0.00995592 0.0104977 0.0107822 0.010804 0.0105746 0.0101207 0.00947951 0.00869492 0.0078137 0.00688222 0.00594337 0.00503445 0.00418603 0.00342185 0.0027593 0.00220942 0.00177277 0.0014292 0.00112724 0.00080349 0.000462722 0.000199547 6.44833e-05 1.63742e-05 3.42159e-06 5.99933e-07 8.65888e-08 9.40945e-09 5.54016e-10 0 
0 0.0001256 0.000726627 0.00153417 0.00227669 0.0031125 0.00406307 0.00507046 0.00607201 0.0070079 0.00782392 0.00847501 0.00892829 0.00916492 0.0091807 0.00898526 0.0086001 0.00805583 0.0073888 0.00663785 0.00584127 0.00503445 0.0042483 0.00350873 0.00283694 0.00225013 0.00175994 0.00136794 0.00106249 0.000817954 0.000593594 0.000364011 0.000169307 5.80306e-05 1.5265e-05 3.24681e-06 5.73555e-07 8.29476e-08 9.00548e-09 5.28866e-10 0 
0 8.84382e-05 0.000577046 0.00135229 0.00203314 0.00271573 0.00348464 0.00430566 0.00512493 0.00589161 0.00656041 0.00709395 0.00746493 0.00765765 0.00766841 0.0075048 0.00718407 0.00673078 0.00617401 0.00554462 0.00487274 0.00418603 0.00350873 0.0028625 0.00227102 0.00176708 0.00138267 0.00110622 0.000875806 0.000655313 0.00046406 0.000302686 0.000157233 5.84482e-05 1.59204e-05 3.40445e-06 5.96643e-07 8.51987e-08 9.12291e-09 5.28515e-10 0 
0 5.76468e-05 0.000423371 0.00113658 0.00180295 0.00237312 0.00297661 0.00362432 0.00427567 0.0048875 0.00542204 0.0058486 0.00614483 0.00629785 0.00630435 0.0061701 0.00590844 0.00553837 0.00508216 0.00456302 0.00400304 0.00342185 0.00283694 0.00227102 0.00178019 0.0014831 0.00146759 0.00158774 0.0015096 0.00110907 0.000629805 0.000318647 0.000158655 6.26282e-05 1.75208e-05 3.7164e-06 6.37554e-07 8.89072e-08 9.30849e-09 5.28402e-10 0 
0 3.44681e-05 0.00028166 0.000882219 0.00155462 0.00207904 0.00255222 0.00304431 0.00354341 0.00401609 0.00443083 0.00476229 0.00499227 0.0051102 0.00511313 0.00500518 0.00479627 0.00450045 0.00413386 0.00371255 0.00325068 0.0027593 0.00225013 0.00176708 0.0014831 0.00174242 0.00274693 0.00398203 0.00438395 0.00312063 0.00158842 0.000587786 0.000197662 6.90934e-05 1.90568e-05 3.94576e-06 6.56869e-07 8.90592e-08 9.09674e-09 5.05418e-10 0 
0 1.87626e-05 0.00016729 0.000610446 0.0012501 0.0017944 0.00220505 0.00257564 0.00294168 0.0032909 0.00359995 0.00384808 0.00402024 0.00410764 0.00410751 0.00402255 0.00385978 0.00362904 0.00334109 0.00300539 0.00262782 0.00220942 0.00175994 0.00138267 0.00146759 0.00274693 0.00572784 0.0103633 0.0115419 0.00795644 0.00366542 0.00124085 0.000314463 8.0203e-05 1.97652e-05 3.87885e-06 6.21752e-07 8.19975e-08 8.19502e-09 4.47157e-10 0 
0 9.25012e-06 8.78267e-05 0.000365527 0.000886999 0.00145205 0.00188364 0.00220183 0.00247231 0.00271909 0.00293691 0.00311261 0.00323457 0.00329545 0.00329255 0.00322732 0.00310438 0.00293002 0.00271015 0.00244749 0.00213826 0.00177277 0.00136794 0.00110622 0.00158774 0.00398203 0.0103633 0.0131622 0.0134955 0.01244 0.00664065 0.0019889 0.00045939 9.21232e-05 1.89715e-05 3.41259e-06 5.23127e-07 6.73736e-08 6.63176e-09 3.57662e-10 0 
0 4.11952e-06 4.06197e-05 0.000186352 0.000528392 0.00102183 0.00149371 0.00184461 0.00209321 0.00228298 0.00243555 0.00255407 0.00263471 0.0026733 0.00266786 0.00261897 0.00252904 0.00240079 0.00223477 0.00202603 0.00176178 0.0014292 0.00106249 0.000875806 0.0015096 0.00438395 0.0115419 0.0134955 0.0137464 0.0128786 0.007951 0.0021905 0.00049316 8.91816e-05 1.58644e-05 2.59931e-06 3.82041e-07 4.84563e-08 4.74117e-09 2.5485e-10 0 
0 1.65668e-06 1.65891e-05 8.083e-05 0.000257657 0.000583779 0.000998511 0.00138643 0.00168252 0.00188894 0.00203057 0.00212643 0.00218566 0.00221151 0.00220514 0.00216725 0.00209814 0.00199647 0.00185742 0.0016714 0.00142732 0.00112724 0.000817954 0.000655313 0.00110907 0.00312063 0.00795644 0.01244 0.0128786 0.0111046 0.00499455 0.00162281 0.000365398 6.50037e-05 1.07498e-05 1.65554e-06 2.3791e-07 3.01437e-08 2.96469e-09 1.60314e-10 0 
0 6.02317e-07 6.01749e-06 3.01479e-05 0.000103222 0.000262928 0.000520043 0.000833332 0.00113621 0.00138306 0.00156237 0.00168187 0.0017531 0.0017849 0.00178245 0.00174792 0.00168096 0.00157895 0.00143781 0.00125507 0.0010364 0.00080349 0.000593594 0.00046406 0.000629805 0.00158842 0.00366542 0.00664065 0.007951 0.00499455 0.00243629 0.000806242 0.000186195 3.44263e-05 5.64177e-06 8.6135e-07 1.25109e-07 1.61275e-08 1.61341e-09 8.85905e-11 0 
0 1.98295e-07 1.95177e-06 9.81647e-06 3.47301e-05 9.46871e-05 0.000207095 0.000374114 0.000575332 0.000777944 0.000953859 0.00108815 0.00117705 0.00122243 0.00122754 0.0011951 0.00112712 0.00102588 0.000896024 0.000747202 0.000595805 0.000462722 0.000364011 0.000302686 0.000318647 0.000587786 0.00124085 0.0019889 0.0021905 0.00162281 0.000806242 0.000272918 6.73899e-05 1.33582e-05 2.2847e-06 3.66013e-07 5.56045e-08 7.41925e-09 7.63146e-10 4.29135e-11 0 
0 5.9177e-08 5.69173e-07 2.82912e-06 1.00687e-05 2.82504e-05 6.51598e-05 0.000126736 0.000212374 0.000313202 0.000415171 0.000504307 0.000570412 0.000607974 0.00061538 0.00059386 0.000546921 0.000480313 0.000402119 0.000322406 0.000251894 0.000199547 0.000169307 0.000157233 0.000158655 0.000197662 0.000314463 0.00045939 0.00049316 0.000365398 0.000186195 6.73899e-05 1.82724e-05 3.94091e-06 7.39009e-07 1.29765e-07 2.10773e-08 2.94448e-09 3.13991e-10 1.821e-11 0 
0 1.59979e-08 1.4964e-07 7.28321e-07 2.56549e-06 7.22367e-06 1.69817e-05 3.41665e-05 5.99048e-05 9.29814e-05 0.000129655 0.000164638 0.000192633 0.000209652 0.000213715 0.000204987 0.000185547 0.000158935 0.000129519 0.000101725 7.92568e-05 6.44833e-05 5.80306e-05 5.84482e-05 6.26282e-05 6.90934e-05 8.0203e-05 9.21232e-05 8.91816e-05 6.50037e-05 3.44263e-05 1.33582e-05 3.94091e-06 9.48309e-07 2.01984e-07 3.94558e-08 6.88542e-09 1.01205e-09 1.12499e-10 6.76483e-12 0 
0 3.90263e-09 3.54154e-08 1.67965e-07 5.80453e-07 1.61733e-06 3.79871e-06 7.709e-06 1.3744e-05 2.18114e-05 3.11627e-05 4.04894e-05 4.82637e-05 5.31712e-05 5.44615e-05 5.21118e-05 4.67838e-05 3.9619e-05 3.19449e-05 2.49824e-05 1.96314e-05 1.63742e-05 1.5265e-05 1.59204e-05 1.75208e-05 1.90568e-05 1.97652e-05 1.89715e-05 1.58644e-05 1.07498e-05 5.64177e-06 2.2847e-06 7.39009e-07 2.01984e-07 4.8741e-08 1.04565e-08 1.94917e-09 3.01708e-10 3.50705e-11 2.19442e-12 0 
0 8.50953e-10 7.48597e-09 3.45226e-08 1.16548e-07 3.19091e-07 7.41148e-07 1.49685e-06 2.67091e-06 4.26077e-06 6.13545e-06 8.04096e-06 9.65961e-06 1.07019e-05 1.09929e-05 1.05197e-05 9.42675e-06 7.96535e-06 6.42152e-06 5.04796e-06 4.02017e-06 3.42159e-06 3.24681e-06 3.40445e-06 3.7164e-06 3.94576e-06 3.87885e-06 3.41259e-06 2.59931e-06 1.65554e-06 8.6135e-07 3.66013e-07 1.29765e-07 3.94558e-08 1.04565e-08 2.41291e-09 4.76954e-10 7.76928e-11 9.45696e-12 6.16999e-13 0 
0 1.62545e-10 1.38656e-09 6.21483e-09 2.04641e-08 5.48818e-08 1.25455e-07 2.50536e-07 4.4395e-07 7.05857e-07 1.01579e-06 1.33271e-06 1.60402e-06 1.78062e-06 1.83213e-06 1.75572e-06 1.57574e-06 1.33496e-06 1.08183e-06 8.58604e-07 6.93848e-07 5.99933e-07 5.73555e-07 5.96643e-07 6.37554e-07 6.56869e-07 6.21752e-07 5.23127e-07 3.82041e-07 2.3791e-07 1.25109e-07 5.56045e-08 2.10773e-08 6.88542e-09 1.94917e-09 4.76954e-10 9.9457e-11 1.70259e-11 2.17025e-12 1.47745e-13 0 
0 2.60622e-11 2.1578e-10 9.40558e-10 3.02043e-09 7.92726e-09 1.78007e-08 3.50528e-08 6.14683e-08 9.70244e-08 1.38986e-07 1.81892e-07 2.18712e-07 2.42838e-07 2.50135e-07 2.40179e-07 2.16237e-07 1.841e-07 1.50339e-07 1.20674e-07 9.89175e-08 8.65888e-08 8.29476e-08 8.51987e-08 8.89072e-08 8.90592e-08 8.19975e-08 6.73736e-08 4.84563e-08 3.01437e-08 1.61275e-08 7.41925e-09 2.94448e-09 1.01205e-09 3.01708e-10 7.76928e-11 1.70259e-11 3.05692e-12 4.07638e-13 2.89485e-14 0 
0 3.16676e-12 2.54822e-11 1.08143e-10 3.38949e-10 8.70791e-10 1.92016e-09 3.72516e-09 6.45593e-09 1.01002e-08 1.43773e-08 1.87385e-08 2.24811e-08 2.49449e-08 2.57148e-08 2.47465e-08 2.23662e-08 1.91562e-08 1.57799e-08 1.28158e-08 1.06458e-08 9.40945e-09 9.00548e-09 9.12291e-09 9.30849e-09 9.09674e-09 8.19502e-09 6.63176e-09 4.74117e-09 2.96469e-09 1.61341e-09 7.63146e-10 3.13991e-10 1.12499e-10 3.50705e-11 9.45696e-12 2.17025e-12 4.07638e-13 5.67684e-14 4.20103e-15 0 
0 2.08369e-13 1.63217e-12 6.754e-12 2.06862e-11 5.20674e-11 1.128e-10 2.15617e-10 3.69218e-10 5.72261e-10 8.08978e-10 1.0494e-09 1.25551e-09 1.3917e-09 1.43559e-09 1.38476e-09 1.25681e-09 1.08335e-09 9.00519e-10 7.39885e-10 6.2209e-10 5.54016e-10 5.28866e-10 5.28515e-10 5.28402e-10 5.05418e-10 4.47157e-10 3.57662e-10 2.5485e-10 1.60314e-10 8.85905e-11 4.29135e-11 1.821e-11 6.76483e-12 2.19442e-12 6.16999e-13 1.47745e-13 2.89485e-14 4.20103e-15 3.23473e-16 0 
0 0 0 0 0 0 0 0 0 0 0 0 0 0 0 0 0 0 0 0 0 0 0 0 0 0 0 0 0 0 0 0 0 0 0 0 0 0 0 0 0 
