0 0 0 0 0 0 0 0 0 0 0 0 0 0 0 0 0 0 0 0 0 0 0 0 0 0 0 0 0 0 0 0 0 0 0 0 0 0 0 0 0 
0 1.51172e-07 1.37095e-06 6.25183e-06 1.98721e-05 4.87628e-05 9.73993e-05 0.000164679 0.000243704 0.000324799 0.000398922 0.000459483 0.000502572 0.000526425 0.000530805 0.000516549 0.00048534 0.00043964 0.000382712 0.000318633 0.000252148 0.000188266 0.000131566 8.53545e-05 5.10215e-05 2.79284e-05 1.39397e-05 6.33038e-06 2.61477e-06 9.83294e-07 3.37171e-07 1.05567e-07 3.01921e-08 7.87595e-09 1.86513e-09 3.96843e-10 7.42939e-11 1.17181e-11 1.40488e-12 9.14345e-14 0 
0 1.37095e-06 1.28464e-05 5.90666e-05 0.000182614 0.000419114 0.000759025 0.00114639 0.00151871 0.00183782 0.00209067 0.00227715 0.00240092 0.00246579 0.0024752 0.00243251 0.00234104 0.00220392 0.00202393 0.00180387 0.00154818 0.00126569 0.0009724 0.000691564 0.000448644 0.000262293 0.000137127 6.39387e-05 2.6636e-05 9.95895e-06 3.3602e-06 1.02807e-06 2.86121e-07 7.24697e-08 1.66493e-08 3.43702e-09 6.24759e-10 9.57871e-11 1.11785e-11 7.0926e-13 0 
0 6.25183e-06 5.90666e-05 0.000261648 0.00073436 0.00145667 0.00224544 0.0029465 0.00352454 0.00399904 0.00438601 0.00468703 0.00489656 0.00500945 0.00502473 0.00494685 0.00478525 0.00455275 0.00426318 0.00392808 0.00355298 0.00313496 0.00266514 0.00214049 0.00158287 0.00104888 0.000609223 0.000306613 0.000133729 5.09842e-05 1.71987e-05 5.19239e-06 1.41467e-06 3.49254e-07 7.80526e-08 1.56657e-08 2.76966e-09 4.13415e-10 4.70318e-11 2.91324e-12 0 
0 1.98721e-05 0.000182614 0.00073436 0.00175035 0.00290589 0.00392523 0.00481111 0.00562456 0.00637292 0.00702857 0.0075575 0.00793224 0.00813642 0.00816577 0.00802769 0.00773977 0.00732753 0.00682176 0.00625534 0.00565924 0.00505673 0.00445481 0.00383563 0.00316048 0.00240541 0.00161903 0.000928531 0.000445843 0.000180042 6.22752e-05 1.88452e-05 5.07495e-06 1.22878e-06 2.68275e-07 5.25191e-08 9.05481e-09 1.31881e-09 1.46552e-10 8.87871e-12 0 
0 4.87628e-05 0.000419114 0.00145667 0.00290589 0.00426518 0.00551498 0.00676061 0.0079956 0.00915766 0.010179 0.011002 0.0115846 0.0119023 0.011949 0.0117363 0.0112908 0.0106512 0.00986406 0.00898002 0.00804964 0.00711989 0.00622928 0.00539847 0.00461306 0.00381019 0.00291298 0.00194073 0.00106904 0.000476952 0.000174657 5.40888e-05 1.4582e-05 3.49057e-06 7.4856e-07 1.43514e-07 2.42078e-08 3.44987e-09 3.75384e-10 2.22926e-11 0 
0 9.73993e-05 0.000759025 0.00224544 0.00392523 0.00551498 0.00717252 0.00891395 0.0106517 0.0122832 0.013714 0.0148656 0.0156802 0.0161244 0.0161901 0.0158933 0.015271 0.0143767 0.0132747 0.0120343 0.0107248 0.00941063 0.00814841 0.00698324 0.00594034 0.00500244 0.0040813 0.00305539 0.00194212 0.000985627 0.000394232 0.000127863 3.50205e-05 8.36423e-06 1.77273e-06 3.34352e-07 5.53773e-08 7.74566e-09 8.27501e-10 4.82878e-11 0 
0 0.000164679 0.00114639 0.0029465 0.00481111 0.00676061 0.00891395 0.0111889 0.0134541 0.0155775 0.017438 0.0189345 0.0199925 0.0205692 0.0206541 0.0202682 0.0194594 0.0182968 0.0168634 0.0152487 0.0135417 0.0118248 0.0101699 0.00863538 0.00726465 0.00607662 0.00503487 0.00400884 0.0028504 0.00164937 0.000735283 0.000254944 7.19822e-05 1.73149e-05 3.64951e-06 6.80285e-07 1.11047e-07 1.52932e-08 1.60869e-09 9.24762e-11 0 
0 0.000243704 0.00151871 0.00352454 0.00562456 0.0079956 0.0106517 0.0134541 0.0162411 0.0188518 0.0211382 0.0229764 0.0242755 0.0249829 0.025086 0.0246105 0.0236156 0.022186 0.0204235 0.0184374 0.0163365 0.0142213 0.0121787 0.0102791 0.00857511 0.00710035 0.00585523 0.00475922 0.00362248 0.00233777 0.00116472 0.000437283 0.000128783 3.14584e-05 6.63194e-06 1.22709e-06 1.98125e-07 2.69502e-08 2.79915e-09 1.58922e-10 0 
0 0.000324799 0.00183782 0.00399904 0.00637292 0.00915766 0.0122832 0.0155775 0.0188518 0.0219178 0.0246019 0.0267593 0.0282843 0.0291147 0.0292341 0.0286723 0.0275005 0.0258197 0.0237487 0.0214154 0.0189465 0.0164595 0.0140558 0.0118169 0.00980282 0.00805355 0.00658521 0.00535924 0.00421621 0.00293894 0.00161543 0.000658183 0.000203532 5.07875e-05 1.07582e-05 1.98323e-06 3.1776e-07 4.2819e-08 4.40324e-09 2.47527e-10 0 
0 0.000398922 0.00209067 0.00438601 0.00702857 0.010179 0.013714 0.017438 0.0211382 0.0246019 0.0276336 0.0300715 0.0317963 0.0327352 0.0328679 0.032228 0.0308972 0.0289925 0.02665 0.0240126 0.0212222 0.0184109 0.0156925 0.0131583 0.010875 0.00888655 0.0072147 0.0058437 0.00465579 0.00340537 0.0020217 0.000887215 0.000288176 7.36515e-05 1.57224e-05 2.89602e-06 4.61741e-07 6.18036e-08 6.30852e-09 3.51977e-10 0 
0 0.000459483 0.00227715 0.00468703 0.0075575 0.011002 0.0148656 0.0189345 0.0229764 0.0267593 0.0300715 0.0327354 0.0346136 0.0356273 0.0357663 0.0350706 0.0336191 0.0315344 0.0289707 0.0260877 0.0230395 0.0199685 0.0169984 0.0142284 0.0117306 0.00955165 0.0077156 0.00621706 0.00496919 0.00373569 0.00234241 0.00109177 0.000370449 9.68891e-05 2.08662e-05 3.84772e-06 6.1185e-07 8.15385e-08 8.28087e-09 4.59607e-10 0 
0 0.000502572 0.00240092 0.00489656 0.00793224 0.0115846 0.0156802 0.0199925 0.0242755 0.0282843 0.0317963 0.0346136 0.0365771 0.0376176 0.0377538 0.0370337 0.0355187 0.0333176 0.0305969 0.0275383 0.0243076 0.0210541 0.0179076 0.0149725 0.0123248 0.010013 0.00806208 0.00647094 0.00517122 0.00394429 0.00256145 0.00124657 0.000437534 0.000116644 2.53273e-05 4.6801e-06 7.43531e-07 9.88583e-08 1.00108e-08 5.53914e-10 0 
0 0.000526425 0.00246579 0.00500945 0.00813642 0.0119023 0.0161244 0.0205692 0.0249829 0.0291147 0.0327352 0.0356273 0.0376176 0.0386553 0.0387843 0.0380577 0.0365217 0.0342669 0.0314617 0.0283056 0.0249753 0.0216232 0.0183822 0.0153591 0.0126317 0.0102496 0.00823779 0.00659691 0.00526783 0.00404533 0.00267775 0.00133705 0.000479489 0.000129502 2.82956e-05 5.24104e-06 8.33017e-07 1.10705e-07 1.12008e-08 6.1916e-10 0 
0 0.000530805 0.0024752 0.00502473 0.00816577 0.011949 0.0161901 0.0206541 0.025086 0.0292341 0.0328679 0.0357663 0.0377538 0.0387843 0.0389067 0.0381752 0.0366336 0.0343686 0.0315486 0.0283767 0.0250318 0.0216666 0.0184138 0.0153806 0.0126447 0.0102554 0.00823762 0.00659204 0.0052623 0.00404884 0.00269631 0.0013584 0.000491234 0.000133459 2.92678e-05 5.4338e-06 8.65071e-07 1.15116e-07 1.16612e-08 6.45382e-10 0 
0 0.000516549 0.00243251 0.00494685 0.00802769 0.0117363 0.0158933 0.0202682 0.0246105 0.0286723 0.032228 0.0350706 0.0370337 0.0380577 0.0381752 0.037438 0.0359001 0.033662 0.0308926 0.0277833 0.0245049 0.0212076 0.0180218 0.0150525 0.0123755 0.0100389 0.00806707 0.00645993 0.00515846 0.0039612 0.00262379 0.00131344 0.000473063 0.00012841 2.81974e-05 5.24789e-06 8.37986e-07 1.1188e-07 1.13729e-08 6.31713e-10 0 
0 0.00048534 0.00234104 0.00478525 0.00773977 0.0112908 0.015271 0.0194594 0.0236156 0.0275005 0.0308972 0.0336191 0.0355187 0.0365217 0.0366336 0.0359001 0.0343928 0.0322299 0.0295739 0.0265962 0.023456 0.0202984 0.0172493 0.0144092 0.0118506 0.00961987 0.00774013 0.00620943 0.00496084 0.00378594 0.00246769 0.00121122 0.000430135 0.000116072 2.549e-05 4.75994e-06 7.6388e-07 1.02584e-07 1.0494e-08 5.86761e-10 0 
0 0.00043964 0.00220392 0.00455275 0.00732753 0.0106512 0.0143767 0.0182968 0.022186 0.0258197 0.0289925 0.0315344 0.0333176 0.0342669 0.0343686 0.033662 0.0322299 0.0301952 0.027706 0.0249153 0.0219718 0.0190131 0.0161577 0.0135 0.0111084 0.00902647 0.00727623 0.00585175 0.00467284 0.0035247 0.00223833 0.00106668 0.000371315 9.94473e-05 2.18648e-05 4.10723e-06 6.64626e-07 9.01062e-08 9.31116e-09 5.26074e-10 0 
0 0.000382712 0.00202393 0.00426318 0.00682176 0.00986406 0.0132747 0.0168634 0.0204235 0.0237487 0.02665 0.0289707 0.0305969 0.0314617 0.0315486 0.0308926 0.0295739 0.027706 0.0254211 0.0228583 0.0201554 0.0174395 0.0148198 0.0123833 0.0101933 0.00829094 0.00669619 0.00539626 0.00429427 0.00317968 0.00195264 0.000900266 0.000307522 8.20566e-05 1.81521e-05 3.44828e-06 5.65622e-07 7.78093e-08 8.16085e-09 4.67932e-10 0 
0 0.000318633 0.00180387 0.00392808 0.00625534 0.00898002 0.0120343 0.0152487 0.0184374 0.0214154 0.0240126 0.0260877 0.0275383 0.0283056 0.0283767 0.0277833 0.0265962 0.0249153 0.0228583 0.0205509 0.0181173 0.0156721 0.0133136 0.0111209 0.00915204 0.00744522 0.0060175 0.00484602 0.00382108 0.0027598 0.00163828 0.000736476 0.000249815 6.72003e-05 1.51102e-05 2.92733e-06 4.90063e-07 6.87734e-08 7.35084e-09 4.28954e-10 0 
0 0.000252148 0.00154818 0.00355298 0.00565924 0.00804964 0.0107248 0.0135417 0.0163365 0.0189465 0.0212222 0.0230395 0.0243076 0.0249753 0.0250318 0.0245049 0.023456 0.0219718 0.0201554 0.0181173 0.0159666 0.0138038 0.0117159 0.00977331 0.00802864 0.00651685 0.00525004 0.00419633 0.0032526 0.00229074 0.00133426 0.000600223 0.000207596 5.74721e-05 1.33191e-05 2.65351e-06 4.55279e-07 6.52526e-08 7.09955e-09 4.20445e-10 0 
0 0.000188266 0.00126569 0.00313496 0.00505673 0.00711989 0.00941063 0.0118248 0.0142213 0.0164595 0.0184109 0.0199685 0.0210541 0.0216232 0.0216666 0.0212076 0.0202984 0.0190131 0.0174395 0.0156721 0.0138038 0.0119207 0.0100976 0.00839586 0.00686206 0.00552676 0.00439764 0.00344789 0.00261281 0.00182182 0.00108237 0.00051094 0.00018728 5.45851e-05 1.31527e-05 2.69325e-06 4.70812e-07 6.8319e-08 7.49132e-09 4.45598e-10 0 
0 0.000131566 0.0009724 0.00266514 0.00445481 0.00622928 0.00814841 0.0101699 0.0121787 0.0140558 0.0156925 0.0169984 0.0179076 0.0183822 0.0184138 0.0180218 0.0172493 0.0161577 0.0148198 0.0133136 0.0117159 0.0100976 0.00852079 0.00703681 0.00568637 0.00449943 0.00349397 0.00266926 0.00199621 0.00142283 0.000907617 0.000474243 0.000190872 5.92455e-05 1.47565e-05 3.06181e-06 5.36273e-07 7.75018e-08 8.43697e-09 4.97397e-10 0 
0 8.53545e-05 0.000691564 0.00214049 0.00383563 0.00539847 0.00698324 0.00863538 0.0102791 0.0118169 0.0131583 0.0142284 0.0149725 0.0153591 0.0153806 0.0150525 0.0144092 0.0135 0.0123833 0.0111209 0.00977331 0.00839586 0.00703681 0.00573851 0.00454731 0.00353129 0.00275836 0.00220307 0.00173494 0.00127201 0.000843929 0.000482399 0.000214594 7.07395e-05 1.79365e-05 3.69846e-06 6.37365e-07 9.03493e-08 9.64469e-09 5.57999e-10 0 
0 5.10215e-05 0.000448644 0.00158287 0.00316048 0.00461306 0.00594034 0.00726465 0.00857511 0.00980282 0.010875 0.0117306 0.0123248 0.0126317 0.0126447 0.0123755 0.0118506 0.0111084 0.0101933 0.00915204 0.00802864 0.00686206 0.00568637 0.00454731 0.00356225 0.00297087 0.0029427 0.00318432 0.00302762 0.00222362 0.00125616 0.000604734 0.000259704 8.731e-05 2.20396e-05 4.43518e-06 7.42295e-07 1.02298e-07 1.06427e-08 6.01688e-10 0 
0 2.79284e-05 0.000262293 0.00104888 0.00240541 0.00381019 0.00500244 0.00607662 0.00710035 0.00805355 0.00888655 0.00955165 0.010013 0.0102496 0.0102554 0.0100389 0.00961987 0.00902647 0.00829094 0.00744522 0.00651685 0.00552676 0.00449943 0.00353129 0.00297087 0.00349461 0.00550956 0.00794946 0.00847351 0.00625904 0.00318587 0.00117583 0.000373082 0.00010986 2.61524e-05 5.01176e-06 8.06201e-07 1.07666e-07 1.09117e-08 6.03184e-10 0 
0 1.39397e-05 0.000137127 0.000609223 0.00161903 0.00291298 0.0040813 0.00503487 0.00585523 0.00658521 0.0072147 0.0077156 0.00806208 0.00823779 0.00823762 0.00806707 0.00774013 0.00727623 0.00669619 0.0060175 0.00525004 0.00439764 0.00349397 0.00275836 0.0029427 0.00550956 0.0114347 0.0186775 0.0212365 0.0148173 0.00735175 0.00248871 0.000624444 0.000142203 2.93545e-05 5.16422e-06 7.89147e-07 1.02138e-07 1.01214e-08 5.49383e-10 0 
0 6.33038e-06 6.39387e-05 0.000306613 0.000928531 0.00194073 0.00305539 0.00400884 0.00475922 0.00535924 0.0058437 0.00621706 0.00647094 0.00659691 0.00659204 0.00645993 0.00620943 0.00585175 0.00539626 0.00484602 0.00419633 0.00344789 0.00266926 0.00220307 0.00318432 0.00794946 0.0186775 0.0294124 0.0310401 0.0251748 0.0120829 0.00398917 0.000919629 0.000173236 3.00564e-05 4.72074e-06 6.79285e-07 8.54912e-08 8.33995e-09 4.4754e-10 0 
0 2.61477e-06 2.6636e-05 0.000133729 0.000445843 0.00106904 0.00194212 0.0028504 0.00362248 0.00421621 0.00465579 0.00496919 0.00517122 0.00526783 0.0052623 0.00515846 0.00496084 0.00467284 0.00429427 0.00382108 0.0032526 0.00261281 0.00199621 0.00173494 0.00302762 0.00847351 0.0212365 0.0310401 0.0322259 0.0280175 0.0136178 0.00439347 0.000988112 0.000170914 2.60869e-05 3.69293e-06 5.036e-07 6.21987e-08 6.03054e-09 3.2267e-10 0 
0 9.83294e-07 9.95895e-06 5.09842e-05 0.000180042 0.000476952 0.000985627 0.00164937 0.00233777 0.00293894 0.00340537 0.00373569 0.00394429 0.00404533 0.00404884 0.0039612 0.00378594 0.0035247 0.00317968 0.0027598 0.00229074 0.00182182 0.00142283 0.00127201 0.00222362 0.00625904 0.0148173 0.0251748 0.0280175 0.0203257 0.00988749 0.00325489 0.00073142 0.000124029 1.77967e-05 2.37605e-06 3.15915e-07 3.89522e-08 3.79815e-09 2.04554e-10 0 
0 3.37171e-07 3.3602e-06 1.71987e-05 6.22752e-05 0.000174657 0.000394232 0.000735283 0.00116472 0.00161543 0.0020217 0.00234241 0.00256145 0.00267775 0.00269631 0.00262379 0.00246769 0.00223833 0.00195264 0.00163828 0.00133426 0.00108237 0.000907617 0.000843929 0.00125616 0.00318587 0.00735175 0.0120829 0.0136178 0.00988749 0.00488649 0.00161693 0.000370415 6.40459e-05 9.15303e-06 1.22681e-06 1.66106e-07 2.09067e-08 2.07634e-09 1.13622e-10 0 
0 1.05567e-07 1.02807e-06 5.19239e-06 1.88452e-05 5.40888e-05 0.000127863 0.000254944 0.000437283 0.000658183 0.000887215 0.00109177 0.00124657 0.00133705 0.0013584 0.00131344 0.00121122 0.00106668 0.000900266 0.000736476 0.000600223 0.00051094 0.000474243 0.000482399 0.000604734 0.00117583 0.00248871 0.00398917 0.00439347 0.00325489 0.00161693 0.000545592 0.000130657 2.36359e-05 3.55199e-06 5.10241e-07 7.34292e-08 9.62706e-09 9.84864e-10 5.52302e-11 0 
0 3.01921e-08 2.86121e-07 1.41467e-06 5.07495e-06 1.4582e-05 3.50205e-05 7.19822e-05 0.000128783 0.000203532 0.000288176 0.000370449 0.000437534 0.000479489 0.000491234 0.000473063 0.000430135 0.000371315 0.000307522 0.000249815 0.000207596 0.00018728 0.000190872 0.000214594 0.000259704 0.000373082 0.000624444 0.000919629 0.000988112 0.00073142 0.000370415 0.000130657 3.32093e-05 6.46789e-06 1.08517e-06 1.76121e-07 2.76424e-08 3.82052e-09 4.05922e-10 2.34916e-11 0 
0 7.87595e-09 7.24697e-08 3.49254e-07 1.22878e-06 3.49057e-06 8.36423e-06 1.73149e-05 3.14584e-05 5.07875e-05 7.36515e-05 9.68891e-05 0.000116644 0.000129502 0.000133459 0.00012841 0.000116072 9.94473e-05 8.20566e-05 6.72003e-05 5.74721e-05 5.45851e-05 5.92455e-05 7.07395e-05 8.731e-05 0.00010986 0.000142203 0.000173236 0.000170914 0.000124029 6.40459e-05 2.36359e-05 6.46789e-06 1.42303e-06 2.80339e-07 5.23624e-08 8.98144e-09 1.31285e-09 1.45596e-10 8.74072e-12 0 
0 1.86513e-09 1.66493e-08 7.80526e-08 2.68275e-07 7.4856e-07 1.77273e-06 3.64951e-06 6.63194e-06 1.07582e-05 1.57224e-05 2.08662e-05 2.53273e-05 2.82956e-05 2.92678e-05 2.81974e-05 2.549e-05 2.18648e-05 1.81521e-05 1.51102e-05 1.33191e-05 1.31527e-05 1.47565e-05 1.79365e-05 2.20396e-05 2.61524e-05 2.93545e-05 3.00564e-05 2.60869e-05 1.77967e-05 9.15303e-06 3.55199e-06 1.08517e-06 2.80339e-07 6.50462e-08 1.36929e-08 2.53472e-09 3.91315e-10 4.54182e-11 2.83833e-12 0 
0 3.96843e-10 3.43702e-09 1.56657e-08 5.25191e-08 1.43514e-07 3.34352e-07 6.80285e-07 1.22709e-06 1.98323e-06 2.89602e-06 3.84772e-06 4.6801e-06 5.24104e-06 5.4338e-06 5.24789e-06 4.75994e-06 4.10723e-06 3.44828e-06 2.92733e-06 2.65351e-06 2.69325e-06 3.06181e-06 3.69846e-06 4.43518e-06 5.01176e-06 5.16422e-06 4.72074e-06 3.69293e-06 2.37605e-06 1.22681e-06 5.10241e-07 1.76121e-07 5.23624e-08 1.36929e-08 3.1408e-09 6.19315e-10 1.00753e-10 1.22516e-11 7.98563e-13 0 
0 7.42939e-11 6.24759e-10 2.76966e-09 9.05481e-09 2.42078e-08 5.53773e-08 1.11047e-07 1.98125e-07 3.1776e-07 4.61741e-07 6.1185e-07 7.43531e-07 8.33017e-07 8.65071e-07 8.37986e-07 7.6388e-07 6.64626e-07 5.65622e-07 4.90063e-07 4.55279e-07 4.70812e-07 5.36273e-07 6.37365e-07 7.42295e-07 8.06201e-07 7.89147e-07 6.79285e-07 5.036e-07 3.15915e-07 1.66106e-07 7.34292e-08 2.76424e-08 8.98144e-09 2.53472e-09 6.19315e-10 1.29036e-10 2.20746e-11 2.8119e-12 1.91291e-13 0 
0 1.17181e-11 9.57871e-11 4.13415e-10 1.31881e-09 3.44987e-09 7.74566e-09 1.52932e-08 2.69502e-08 4.2819e-08 6.18036e-08 8.15385e-08 9.88583e-08 1.10705e-07 1.15116e-07 1.1188e-07 1.02584e-07 9.01062e-08 7.78093e-08 6.87734e-08 6.52526e-08 6.8319e-08 7.75018e-08 9.03493e-08 1.02298e-07 1.07666e-07 1.02138e-07 8.54912e-08 6.21987e-08 3.89522e-08 2.09067e-08 9.62706e-09 3.82052e-09 1.31285e-09 3.91315e-10 1.00753e-10 2.20746e-11 3.96212e-12 5.28124e-13 3.74858e-14 0 
0 1.40488e-12 1.11785e-11 4.70318e-11 1.46552e-10 3.75384e-10 8.27501e-10 1.60869e-09 2.79915e-09 4.40324e-09 6.30852e-09 8.28087e-09 1.00108e-08 1.12008e-08 1.16612e-08 1.13729e-08 1.0494e-08 9.31116e-09 8.16085e-09 7.35084e-09 7.09955e-09 7.49132e-09 8.43697e-09 9.64469e-09 1.06427e-08 1.09117e-08 1.01214e-08 8.33995e-09 6.03054e-09 3.79815e-09 2.07634e-09 9.84864e-10 4.05922e-10 1.45596e-10 4.54182e-11 1.22516e-11 2.8119e-12 5.28124e-13 7.35319e-14 5.43983e-15 0 
0 9.14345e-14 7.0926e-13 2.91324e-12 8.87871e-12 2.22926e-11 4.82878e-11 9.24762e-11 1.58922e-10 2.47527e-10 3.51977e-10 4.59607e-10 5.53914e-10 6.1916e-10 6.45382e-10 6.31713e-10 5.86761e-10 5.26074e-10 4.67932e-10 4.28954e-10 4.20445e-10 4.45598e-10 4.97397e-10 5.57999e-10 6.01688e-10 6.03184e-10 5.49383e-10 4.4754e-10 3.2267e-10 2.04554e-10 1.13622e-10 5.52302e-11 2.34916e-11 8.74072e-12 2.83833e-12 7.98563e-13 1.91291e-13 3.74858e-14 5.43983e-15 4.18793e-16 0 
0 0 0 0 0 0 0 0 0 0 0 0 0 0 0 0 0 0 0 0 0 0 0 0 0 0 0 0 0 0 0 0 0 0 0 0 0 0 0 0 0 
