0 0 0 0 0 0 0 0 0 0 0 0 0 0 0 0 0 0 0 0 0 0 0 0 0 0 0 0 0 0 0 0 0 0 0 0 0 0 0 0 0 
0 9.15797e-09 8.60462e-08 4.21886e-07 1.5048e-06 4.31857e-06 1.04188e-05 2.16466e-05 3.93683e-05 6.35026e-05 9.1906e-05 0.000120588 0.000144734 0.000160071 0.000164015 0.000156245 0.000138617 0.000114545 8.80689e-05 6.28844e-05 4.16074e-05 2.54546e-05 1.43741e-05 7.48439e-06 3.59236e-06 1.59024e-06 6.49954e-07 2.45641e-07 8.59899e-08 2.79255e-08 8.42275e-09 2.36017e-09 6.13808e-10 1.47703e-10 3.26773e-11 6.5674e-12 1.1724e-12 1.77751e-13 2.06229e-14 1.30619e-15 0 
0 8.60462e-08 8.42293e-07 4.29208e-06 1.58277e-05 4.6599e-05 0.000114223 0.000238597 0.000432002 0.000688448 0.000980108 0.00126411 0.00149533 0.00163816 0.00167337 0.00159989 0.00143315 0.00120117 0.000938961 0.000681638 0.000457406 0.000282528 0.00016013 8.31408e-05 3.9539e-05 1.7243e-05 6.91008e-06 2.55128e-06 8.70188e-07 2.74864e-07 8.05555e-08 2.19256e-08 5.53948e-09 1.29564e-09 2.78837e-10 5.45702e-11 9.49733e-12 1.40552e-12 1.59378e-13 9.87852e-15 0 
0 4.21886e-07 4.29208e-06 2.26354e-05 8.56531e-05 0.00025547 0.000624238 0.00127775 0.00223372 0.00340509 0.00462682 0.00572152 0.00655174 0.00703696 0.0071471 0.00689043 0.00630545 0.0054582 0.00444128 0.00336856 0.00235944 0.00151285 0.000882059 0.000465954 0.000222933 9.68271e-05 3.83301e-05 1.38937e-05 4.63246e-06 1.42641e-06 4.06863e-07 1.077e-07 2.64613e-08 6.02126e-09 1.26169e-09 2.40657e-10 4.08693e-11 5.90929e-12 6.5553e-13 3.97999e-14 0 
0 1.5048e-06 1.58277e-05 8.56531e-05 0.000327826 0.000967999 0.00228137 0.00439305 0.00710496 0.0099781 0.0125842 0.0146603 0.0161003 0.0168872 0.0170413 0.0165964 0.0155925 0.0140785 0.0121253 0.00984895 0.00743495 0.00513273 0.00319368 0.00177374 0.000876556 0.000386576 0.00015319 5.49998e-05 1.80326e-05 5.43493e-06 1.51328e-06 3.90486e-07 9.34799e-08 2.07293e-08 4.23556e-09 7.88525e-10 1.30845e-10 1.85084e-11 2.01118e-12 1.19762e-13 0 
0 4.31857e-06 4.6599e-05 0.00025547 0.000967999 0.00273864 0.00597077 0.0103778 0.0150849 0.0193139 0.0227247 0.0252656 0.0269708 0.0278792 0.0280283 0.0274615 0.0262298 0.0243839 0.0219639 0.0190012 0.0155559 0.0117996 0.00808986 0.00490222 0.00259099 0.00119308 0.00048279 0.000173977 5.65785e-05 1.67886e-05 4.58221e-06 1.15632e-06 2.70431e-07 5.85747e-08 1.16947e-08 2.12898e-09 3.45798e-10 4.79329e-11 5.11019e-12 2.98916e-13 0 
0 1.04188e-05 0.000114223 0.000624238 0.00228137 0.00597077 0.0116498 0.0180198 0.0238257 0.0286493 0.0325149 0.0354716 0.0375116 0.0386129 0.0387786 0.0380531 0.0365191 0.0342838 0.0314545 0.0281051 0.0242489 0.0198611 0.015021 0.0101304 0.00590469 0.00292848 0.0012406 0.000456527 0.000148925 4.38287e-05 1.17865e-05 2.9201e-06 6.69319e-07 1.41995e-07 2.77701e-08 4.95478e-09 7.89402e-10 1.07441e-10 1.12592e-11 6.48102e-13 0 
0 2.16466e-05 0.000238597 0.00127775 0.00439305 0.0103778 0.0180198 0.0253851 0.0317585 0.037213 0.0418018 0.0454362 0.0479914 0.0493813 0.0495863 0.0486577 0.0467094 0.0439021 0.0404206 0.036441 0.0320826 0.0273504 0.0221334 0.016409 0.0106445 0.00581586 0.00264259 0.00101219 0.000335524 9.87665e-05 2.63216e-05 6.43018e-06 1.44962e-06 3.02151e-07 5.80448e-08 1.01762e-08 1.5941e-09 2.13512e-10 2.20404e-11 1.25103e-12 0 
0 3.93683e-05 0.000432002 0.00223372 0.00710496 0.0150849 0.0238257 0.0317585 0.0388543 0.0452312 0.0507482 0.0551691 0.0582903 0.0599892 0.0602367 0.0590951 0.0567056 0.0532708 0.0490318 0.0442409 0.0391234 0.0338172 0.0282863 0.0223152 0.0158454 0.00957227 0.00473825 0.00192084 0.000655315 0.000194617 5.17066e-05 1.25112e-05 2.78444e-06 5.72077e-07 1.08274e-07 1.87037e-08 2.88841e-09 3.81661e-10 3.89019e-11 2.1824e-12 0 
0 6.35026e-05 0.000688448 0.00340509 0.0099781 0.0193139 0.0286493 0.037213 0.0452312 0.0526236 0.0590743 0.0642546 0.0679124 0.069901 0.0701862 0.0688413 0.0660327 0.0619989 0.0570257 0.0514183 0.0454713 0.039424 0.0333794 0.0271922 0.0205338 0.0135152 0.0073003 0.00316287 0.00112164 0.000338618 9.0182e-05 2.17058e-05 4.78643e-06 9.72575e-07 1.8192e-07 3.10566e-08 4.74148e-09 6.19784e-10 6.25452e-11 3.47714e-12 0 
0 9.1906e-05 0.000980108 0.00462682 0.0125842 0.0227247 0.0325149 0.0418018 0.0507482 0.0590743 0.0663537 0.0721996 0.0763245 0.0785632 0.0788778 0.0773518 0.0741736 0.0696129 0.0639927 0.0576596 0.0509543 0.0441779 0.0375333 0.0310073 0.0242669 0.0170049 0.00991564 0.00459311 0.00170148 0.000524868 0.000140736 3.38223e-05 7.41557e-06 1.49516e-06 2.77288e-07 4.69293e-08 7.10536e-09 9.21644e-10 9.2369e-11 5.10501e-12 0 
0 0.000120588 0.00126411 0.00572152 0.0146603 0.0252656 0.0354716 0.0454362 0.0551691 0.0642546 0.0721996 0.078577 0.083073 0.0855081 0.0858419 0.0841665 0.0806883 0.0757022 0.0695608 0.0626428 0.0553222 0.047938 0.0407515 0.0338511 0.0269949 0.0197047 0.0121901 0.00598989 0.00231559 0.000731268 0.000197963 4.76491e-05 1.04206e-05 2.09172e-06 3.85926e-07 6.49771e-08 9.79094e-09 1.26486e-09 1.26379e-10 6.97175e-12 0 
0 0.000144734 0.00149533 0.00655174 0.0161003 0.0269708 0.0375116 0.0479914 0.0582903 0.0679124 0.0763245 0.083073 0.0878261 0.0903944 0.0907363 0.0889504 0.0852562 0.0799666 0.0734554 0.0661239 0.0583683 0.0505511 0.0429656 0.0357613 0.0287849 0.0215298 0.0138761 0.00713914 0.0028625 0.000924159 0.000252864 6.11024e-05 1.33695e-05 2.68104e-06 4.93979e-07 8.30762e-08 1.25129e-08 1.61755e-09 1.61947e-10 8.96687e-12 0 
0 0.000160071 0.00163816 0.00703696 0.0168872 0.0278792 0.0386129 0.0493813 0.0599892 0.069901 0.0785632 0.0855081 0.0903944 0.0930279 0.0933668 0.0915138 0.087696 0.0822366 0.0755213 0.0679635 0.0599717 0.05192 0.0441172 0.0367436 0.0297036 0.0225112 0.0148749 0.00789409 0.003252 0.0010692 0.000295655 7.18696e-05 1.57851e-05 3.17539e-06 5.87034e-07 9.91429e-08 1.50157e-08 1.95521e-09 1.97581e-10 1.10675e-11 0 
0 0.000164015 0.00167337 0.0071471 0.0170413 0.0280283 0.0387786 0.0495863 0.0602367 0.0701862 0.0788778 0.0858419 0.0907363 0.0933668 0.0936924 0.0918174 0.0879707 0.0824779 0.0757269 0.0681333 0.0601073 0.0520246 0.0441969 0.0368143 0.0298066 0.0227128 0.0151843 0.00819171 0.00343075 0.00114321 0.000319393 7.83077e-05 1.73407e-05 3.5192e-06 6.57233e-07 1.12342e-07 1.72603e-08 2.28586e-09 2.35584e-10 1.3494e-11 0 
0 0.000156245 0.00159989 0.00689043 0.0165964 0.0274615 0.0380531 0.0486577 0.0590951 0.0688413 0.0773518 0.0841665 0.0889504 0.0915138 0.0918174 0.0899642 0.0861799 0.0807843 0.0741585 0.0667105 0.0588423 0.0509222 0.0432543 0.036022 0.0291536 0.0222054 0.0148555 0.0080436 0.00339297 0.00114181 0.000322751 8.01954e-05 1.80338e-05 3.72582e-06 7.10434e-07 1.24383e-07 1.96375e-08 2.68031e-09 2.85357e-10 1.69078e-11 0 
0 0.000138617 0.00143315 0.00630545 0.0155925 0.0262298 0.0365191 0.0467094 0.0567056 0.0660327 0.0741736 0.0806883 0.0852562 0.087696 0.0879707 0.0861799 0.0825404 0.0773596 0.0710034 0.0638628 0.0563236 0.0487377 0.0413925 0.03445 0.0278161 0.0210653 0.0139749 0.00752191 0.00317828 0.00108072 0.00031087 7.90462e-05 1.82801e-05 3.9021e-06 7.72051e-07 1.40753e-07 2.31927e-08 3.30615e-09 3.67221e-10 2.2637e-11 0 
0 0.000114545 0.00120117 0.0054582 0.0140785 0.0243839 0.0342838 0.0439021 0.0532708 0.0619989 0.0696129 0.0757022 0.0799666 0.0822366 0.0824779 0.0807843 0.0773596 0.0724925 0.0665262 0.0598279 0.052759 0.0456476 0.0387547 0.0322073 0.0258777 0.0193822 0.012665 0.00674763 0.00286106 0.000991477 0.000294374 7.80062e-05 1.89371e-05 4.26509e-06 8.92637e-07 1.72086e-07 2.98915e-08 4.46752e-09 5.16643e-10 3.29042e-11 0 
0 8.80689e-05 0.000938961 0.00444128 0.0121253 0.0219639 0.0314545 0.0404206 0.0490318 0.0570257 0.0639927 0.0695608 0.0734554 0.0755213 0.0757269 0.0741585 0.0710034 0.0665262 0.0610423 0.0548884 0.0483953 0.0418598 0.0355063 0.0294154 0.0234339 0.0172748 0.0110913 0.00587644 0.00253464 0.000914507 0.000287737 8.16961e-05 2.13509e-05 5.17126e-06 1.15695e-06 2.36197e-07 4.29676e-08 6.64981e-09 7.87997e-10 5.09592e-11 0 
0 6.28844e-05 0.000681638 0.00336856 0.00984895 0.0190012 0.0281051 0.036441 0.0442409 0.0514183 0.0576596 0.0626428 0.0661239 0.0679635 0.0681333 0.0667105 0.0638628 0.0598279 0.0548884 0.0493458 0.0434943 0.0375912 0.0318139 0.0261962 0.0206007 0.0149091 0.00945902 0.00507484 0.00229365 0.000893425 0.000308704 9.65508e-05 2.757e-05 7.18733e-06 1.70067e-06 3.61044e-07 6.73048e-08 1.05489e-08 1.25452e-09 8.08763e-11 0 
0 4.16074e-05 0.000457406 0.00235944 0.00743495 0.0155559 0.0242489 0.0320826 0.0391234 0.0454713 0.0509543 0.0553222 0.0583683 0.0599717 0.0601073 0.0588423 0.0563236 0.052759 0.0483953 0.0434943 0.038307 0.033042 0.0278258 0.0226726 0.0175354 0.0125042 0.00798133 0.004485 0.00221863 0.000973052 0.000380007 0.000132124 4.08439e-05 1.12182e-05 2.73351e-06 5.87391e-07 1.09497e-07 1.70214e-08 1.99709e-09 1.26605e-10 0 
0 2.54546e-05 0.000282528 0.00151285 0.00513273 0.0117996 0.0198611 0.0273504 0.0338172 0.039424 0.0441779 0.047938 0.0505511 0.05192 0.0520246 0.0509222 0.0487377 0.0456476 0.0418598 0.0375912 0.033042 0.0283683 0.0236651 0.0189908 0.0144549 0.0102977 0.00681878 0.00418601 0.00236172 0.0011986 0.000532584 0.000203272 6.63543e-05 1.86476e-05 4.55024e-06 9.66345e-07 1.76704e-07 2.68397e-08 3.07168e-09 1.8987e-10 0 
0 1.43741e-05 0.00016013 0.000882059 0.00319368 0.00808986 0.015021 0.0221334 0.0282863 0.0333794 0.0375333 0.0407515 0.0429656 0.0441172 0.0441969 0.0432543 0.0413925 0.0387547 0.0355063 0.0318139 0.0278258 0.0236651 0.0194518 0.0153544 0.0116161 0.00847749 0.00603142 0.00417744 0.00273947 0.0016158 0.000810903 0.000333861 0.000112214 3.13924e-05 7.48769e-06 1.54266e-06 2.73019e-07 4.01363e-08 4.45099e-09 2.67068e-10 0 
0 7.48439e-06 8.31408e-05 0.000465954 0.00177374 0.00490222 0.0101304 0.016409 0.0223152 0.0271922 0.0310073 0.0338511 0.0357613 0.0367436 0.0368143 0.036022 0.03445 0.0322073 0.0294154 0.0261962 0.0226726 0.0189908 0.0153544 0.0120251 0.00925272 0.00716746 0.00571391 0.00464089 0.00359945 0.00243893 0.00134676 0.000581203 0.000194614 5.22862e-05 1.18284e-05 2.31882e-06 3.93032e-07 5.5614e-08 5.95883e-09 3.46595e-10 0 
0 3.59236e-06 3.9539e-05 0.000222933 0.000876556 0.00259099 0.00590469 0.0106445 0.0158454 0.0205338 0.0242669 0.0269949 0.0287849 0.0297036 0.0298066 0.0291536 0.0278161 0.0258777 0.0234339 0.0206007 0.0175354 0.0144549 0.0116161 0.00925272 0.00754606 0.00671483 0.00693435 0.00759856 0.00723511 0.0052793 0.00286477 0.00117023 0.000362767 8.78728e-05 1.78606e-05 3.22223e-06 5.15992e-07 7.00323e-08 7.25076e-09 4.09378e-10 0 
0 1.59024e-06 1.7243e-05 9.68271e-05 0.000386576 0.00119308 0.00292848 0.00581586 0.00957227 0.0135152 0.0170049 0.0197047 0.0215298 0.0225112 0.0227128 0.0222054 0.0210653 0.0193822 0.0172748 0.0149091 0.0125042 0.0102977 0.00847749 0.00716746 0.00671483 0.00833379 0.0132261 0.0190884 0.0203447 0.015029 0.00764157 0.00275627 0.00073956 0.000152599 2.61353e-05 4.11458e-06 6.07958e-07 7.88281e-08 7.90584e-09 4.34912e-10 0 
0 6.49954e-07 6.91008e-06 3.83301e-05 0.00015319 0.00048279 0.0012406 0.00264259 0.00473825 0.0073003 0.00991564 0.0121901 0.0138761 0.0148749 0.0151843 0.0148555 0.0139749 0.012665 0.0110913 0.00945902 0.00798133 0.00681878 0.00603142 0.00571391 0.00693435 0.0132261 0.0274578 0.043651 0.0479426 0.0355018 0.0176534 0.0059674 0.00143049 0.000255164 3.63853e-05 4.79512e-06 6.34779e-07 7.82066e-08 7.6306e-09 4.11413e-10 0 
0 2.45641e-07 2.55128e-06 1.38937e-05 5.49998e-05 0.000173977 0.000456527 0.00101219 0.00192084 0.00316287 0.00459311 0.00598989 0.00713914 0.00789409 0.00819171 0.0080436 0.00752191 0.00674763 0.00587644 0.00507484 0.004485 0.00418601 0.00417744 0.00464089 0.00759856 0.0190884 0.043651 0.0712967 0.078921 0.0584815 0.0289162 0.00957776 0.00217823 0.000355285 4.42428e-05 4.93329e-06 5.77957e-07 6.75553e-08 6.4548e-09 3.43715e-10 0 
0 8.59899e-08 8.70188e-07 4.63246e-06 1.80326e-05 5.65785e-05 0.000148925 0.000335524 0.000655315 0.00112164 0.00170148 0.00231559 0.0028625 0.003252 0.00343075 0.00339297 0.00317828 0.00286106 0.00253464 0.00229365 0.00221863 0.00236172 0.00273947 0.00359945 0.00723511 0.0203447 0.0479426 0.078921 0.0875549 0.0648925 0.032036 0.0105493 0.00235362 0.000367455 4.23342e-05 4.21269e-06 4.47586e-07 5.02323e-08 4.7494e-09 2.52075e-10 0 
0 2.79255e-08 2.74864e-07 1.42641e-06 5.43493e-06 1.67886e-05 4.38287e-05 9.87665e-05 0.000194617 0.000338618 0.000524868 0.000731268 0.000924159 0.0010692 0.00114321 0.00114181 0.00108072 0.000991477 0.000914507 0.000893425 0.000973052 0.0011986 0.0016158 0.00243893 0.0052793 0.015029 0.0355018 0.0584815 0.0648925 0.0480971 0.0237418 0.00781449 0.00173663 0.000266564 2.96956e-05 2.8134e-06 2.86911e-07 3.18531e-08 3.02507e-09 1.61661e-10 0 
0 8.42275e-09 8.05555e-08 4.06863e-07 1.51328e-06 4.58221e-06 1.17865e-05 2.63216e-05 5.17066e-05 9.0182e-05 0.000140736 0.000197963 0.000252864 0.000295655 0.000319393 0.000322751 0.00031087 0.000294374 0.000287737 0.000308704 0.000380007 0.000532584 0.000810903 0.00134676 0.00286477 0.00764157 0.0176534 0.0289162 0.032036 0.0237418 0.0117335 0.00387662 0.000865223 0.000132693 1.48055e-05 1.42578e-06 1.50074e-07 1.71591e-08 1.665e-09 9.05051e-11 0 
0 2.36017e-09 2.19256e-08 1.077e-07 3.90486e-07 1.15632e-06 2.9201e-06 6.43018e-06 1.25112e-05 2.17058e-05 3.38223e-05 4.76491e-05 6.11024e-05 7.18696e-05 7.83077e-05 8.01954e-05 7.90462e-05 7.80062e-05 8.16961e-05 9.65508e-05 0.000132124 0.000203272 0.000333861 0.000581203 0.00117023 0.00275627 0.0059674 0.00957776 0.0105493 0.00781449 0.00387662 0.00129133 0.000290892 4.52692e-05 5.26201e-06 5.53483e-07 6.46136e-08 7.88207e-09 7.92812e-10 4.42282e-11 0 
0 6.13808e-10 5.53948e-09 2.64613e-08 9.34799e-08 2.70431e-07 6.69319e-07 1.44962e-06 2.78444e-06 4.78643e-06 7.41557e-06 1.04206e-05 1.33695e-05 1.57851e-05 1.73407e-05 1.80338e-05 1.82801e-05 1.89371e-05 2.13509e-05 2.757e-05 4.08439e-05 6.63543e-05 0.000112214 0.000194614 0.000362767 0.00073956 0.00143049 0.00217823 0.00235362 0.00173663 0.000865223 0.000290892 6.66507e-05 1.0819e-05 1.38985e-06 1.72973e-07 2.35274e-08 3.11415e-09 3.27481e-10 1.88799e-11 0 
0 1.47703e-10 1.29564e-09 6.02126e-09 2.07293e-08 5.85747e-08 1.41995e-07 3.02151e-07 5.72077e-07 9.72575e-07 1.49516e-06 2.09172e-06 2.68104e-06 3.17539e-06 3.5192e-06 3.72582e-06 3.9021e-06 4.26509e-06 5.17126e-06 7.18733e-06 1.12182e-05 1.86476e-05 3.13924e-05 5.22862e-05 8.78728e-05 0.000152599 0.000255164 0.000355285 0.000367455 0.000266564 0.000132693 4.52692e-05 1.0819e-05 1.93744e-06 2.99513e-07 4.67959e-08 7.44706e-09 1.06645e-09 1.17619e-10 7.0419e-12 0 
0 3.26773e-11 2.78837e-10 1.26169e-09 4.23556e-09 1.16947e-08 2.77701e-08 5.80448e-08 1.08274e-07 1.8192e-07 2.77288e-07 3.85926e-07 4.93979e-07 5.87034e-07 6.57233e-07 7.10434e-07 7.72051e-07 8.92637e-07 1.15695e-06 1.70067e-06 2.73351e-06 4.55024e-06 7.48769e-06 1.18284e-05 1.78606e-05 2.61353e-05 3.63853e-05 4.42428e-05 4.23342e-05 2.96956e-05 1.48055e-05 5.26201e-06 1.38985e-06 2.99513e-07 5.9498e-08 1.15225e-08 2.07197e-09 3.17316e-10 3.67225e-11 2.29035e-12 0 
0 6.5674e-12 5.45702e-11 2.40657e-10 7.88525e-10 2.12898e-09 4.95478e-09 1.01762e-08 1.87037e-08 3.10566e-08 4.69293e-08 6.49771e-08 8.30762e-08 9.91429e-08 1.12342e-07 1.24383e-07 1.40753e-07 1.72086e-07 2.36197e-07 3.61044e-07 5.87391e-07 9.66345e-07 1.54266e-06 2.31882e-06 3.22223e-06 4.11458e-06 4.79512e-06 4.93329e-06 4.21269e-06 2.8134e-06 1.42578e-06 5.53483e-07 1.72973e-07 4.67959e-08 1.15225e-08 2.57462e-09 5.03309e-10 8.16398e-11 9.91078e-12 6.45037e-13 0 
0 1.1724e-12 9.49733e-12 4.08693e-11 1.30845e-10 3.45798e-10 7.89402e-10 1.5941e-09 2.88841e-09 4.74148e-09 7.10536e-09 9.79094e-09 1.25129e-08 1.50157e-08 1.72603e-08 1.96375e-08 2.31927e-08 2.98915e-08 4.29676e-08 6.73048e-08 1.09497e-07 1.76704e-07 2.73019e-07 3.93032e-07 5.15992e-07 6.07958e-07 6.34779e-07 5.77957e-07 4.47586e-07 2.86911e-07 1.50074e-07 6.46136e-08 2.35274e-08 7.44706e-09 2.07197e-09 5.03309e-10 1.04634e-10 1.78788e-11 2.27504e-12 1.54601e-13 0 
0 1.77751e-13 1.40552e-12 5.90929e-12 1.85084e-11 4.79329e-11 1.07441e-10 2.13512e-10 3.81661e-10 6.19784e-10 9.21644e-10 1.26486e-09 1.61755e-09 1.95521e-09 2.28586e-09 2.68031e-09 3.30615e-09 4.46752e-09 6.64981e-09 1.05489e-08 1.70214e-08 2.68397e-08 4.01363e-08 5.5614e-08 7.00323e-08 7.88281e-08 7.82066e-08 6.75553e-08 5.02323e-08 3.18531e-08 1.71591e-08 7.88207e-09 3.11415e-09 1.06645e-09 3.17316e-10 8.16398e-11 1.78788e-11 3.20738e-12 4.27249e-13 3.03027e-14 0 
0 2.06229e-14 1.59378e-13 6.5553e-13 2.01118e-12 5.11019e-12 1.12592e-11 2.20404e-11 3.89019e-11 6.25452e-11 9.2369e-11 1.26379e-10 1.61947e-10 1.97581e-10 2.35584e-10 2.85357e-10 3.67221e-10 5.16643e-10 7.87997e-10 1.25452e-09 1.99709e-09 3.07168e-09 4.45099e-09 5.95883e-09 7.25076e-09 7.90584e-09 7.6306e-09 6.4548e-09 4.7494e-09 3.02507e-09 1.665e-09 7.92812e-10 3.27481e-10 1.17619e-10 3.67225e-11 9.91078e-12 2.27504e-12 4.27249e-13 5.94683e-14 4.39729e-15 0 
0 1.30619e-15 9.87852e-15 3.97999e-14 1.19762e-13 2.98916e-13 6.48102e-13 1.25103e-12 2.1824e-12 3.47714e-12 5.10501e-12 6.97175e-12 8.96687e-12 1.10675e-11 1.3494e-11 1.69078e-11 2.2637e-11 3.29042e-11 5.09592e-11 8.08763e-11 1.26605e-10 1.8987e-10 2.67068e-10 3.46595e-10 4.09378e-10 4.34912e-10 4.11413e-10 3.43715e-10 2.52075e-10 1.61661e-10 9.05051e-11 4.42282e-11 1.88799e-11 7.0419e-12 2.29035e-12 6.45037e-13 1.54601e-13 3.03027e-14 4.39729e-15 3.38453e-16 0 
0 0 0 0 0 0 0 0 0 0 0 0 0 0 0 0 0 0 0 0 0 0 0 0 0 0 0 0 0 0 0 0 0 0 0 0 0 0 0 0 0 
