0 0 0 0 0 0 0 0 0 0 0 0 0 0 0 0 0 0 0 0 0 0 0 0 0 0 0 0 0 0 0 0 0 0 0 0 0 0 0 0 0 
0 1.09023e-10 1.03943e-09 5.24107e-09 1.95227e-08 5.94537e-08 1.54515e-07 3.50138e-07 7.00171e-07 1.24484e-06 1.97795e-06 2.82005e-06 3.62002e-06 4.19651e-06 4.40526e-06 4.19788e-06 3.63933e-06 2.8762e-06 2.07607e-06 1.37121e-06 8.3031e-07 4.6191e-07 2.36609e-07 1.11871e-07 4.89457e-08 1.98679e-08 7.50109e-09 2.64029e-09 8.6818e-10 2.67089e-10 7.69378e-11 2.07478e-11 5.22934e-12 1.22726e-12 2.66306e-13 5.27593e-14 9.32596e-15 1.40564e-15 1.62714e-16 1.03169e-17 0 
0 1.03943e-09 1.02833e-08 5.38082e-08 2.07809e-07 6.54941e-07 1.75687e-06 4.09548e-06 8.39258e-06 1.52274e-05 2.4587e-05 3.54761e-05 4.59105e-05 5.34688e-05 5.62122e-05 5.34904e-05 4.61793e-05 3.62425e-05 2.5905e-05 1.68938e-05 1.00715e-05 5.50092e-06 2.75941e-06 1.27474e-06 5.43905e-07 2.14991e-07 7.89579e-08 2.70176e-08 8.63409e-09 2.58174e-09 7.2313e-10 1.89735e-10 4.65685e-11 1.06535e-11 2.25603e-12 4.36729e-13 7.55309e-14 1.11537e-14 1.26678e-15 7.89212e-17 0 
0 5.24107e-09 5.38082e-08 2.9224e-07 1.17035e-06 3.81713e-06 1.0565e-05 2.53153e-05 5.30918e-05 9.81253e-05 0.000160648 0.000234034 0.000304697 0.000355982 0.000374596 0.000356125 0.000306599 0.000239462 0.000169912 0.000109687 6.45295e-05 3.46713e-05 1.70581e-05 7.70847e-06 3.21029e-06 1.23645e-06 4.41939e-07 1.47065e-07 4.56929e-08 1.32849e-08 3.61962e-09 9.24497e-10 2.21089e-10 4.93371e-11 1.02042e-11 1.93191e-12 3.27247e-13 4.74031e-14 5.28959e-15 3.24322e-16 0 
0 1.95227e-08 2.07809e-07 1.17035e-06 4.85462e-06 1.6361e-05 4.66272e-05 0.000114519 0.000244873 0.000458854 0.000757602 0.00110822 0.00144453 0.00168736 0.00177499 0.00168763 0.00145346 0.001135 0.000803883 0.000516576 0.000301447 0.000160031 7.74983e-05 3.43547e-05 1.39959e-05 5.26188e-06 1.83308e-06 5.93994e-07 1.79639e-07 5.08404e-08 1.34894e-08 3.35763e-09 7.83282e-10 1.70711e-10 3.45292e-11 6.40269e-12 1.06392e-12 1.51438e-13 1.66356e-14 1.00608e-15 0 
0 5.94537e-08 6.54941e-07 3.81713e-06 1.6361e-05 5.68065e-05 0.000166037 0.000415751 0.000899924 0.00169438 0.00279237 0.0040587 0.0052486 0.00609137 0.00639026 0.00608752 0.0052747 0.0041538 0.00296657 0.00191732 0.00112032 0.000592331 0.000284133 0.000124161 4.96669e-05 1.82811e-05 6.22247e-06 1.96763e-06 5.80337e-07 1.60168e-07 4.14574e-08 1.00738e-08 2.29649e-09 4.89699e-10 9.70512e-11 1.76612e-11 2.88521e-12 4.04539e-13 4.38677e-14 2.62505e-15 0 
0 1.54515e-07 1.75687e-06 1.0565e-05 4.66272e-05 0.000166037 0.000494684 0.00125204 0.00271162 0.00505486 0.00817774 0.011618 0.0147007 0.0167957 0.0175106 0.0167559 0.0147264 0.011844 0.00866242 0.0057231 0.00339952 0.00181305 0.000870099 0.000377608 0.000149143 5.39726e-05 1.80109e-05 5.57393e-06 1.60754e-06 4.33726e-07 1.09779e-07 2.61028e-08 5.82876e-09 1.21906e-09 2.37331e-10 4.2502e-11 6.84682e-12 9.48838e-13 1.01958e-13 6.06347e-15 0 
0 3.50138e-07 4.09548e-06 2.53153e-05 0.000114519 0.000415751 0.00125204 0.00316469 0.00674601 0.0122034 0.0189726 0.0258443 0.0315341 0.0351528 0.0363046 0.0349723 0.0314124 0.0261347 0.0199159 0.0137216 0.00845302 0.00462863 0.00225391 0.000981662 0.000385721 0.000138005 4.53463e-05 1.37849e-05 3.90022e-06 1.03192e-06 2.56175e-07 5.97837e-08 1.31165e-08 2.69921e-09 5.17967e-10 9.16236e-11 1.46152e-11 2.01122e-12 2.15307e-13 1.28034e-14 0 
0 7.00171e-07 8.39258e-06 5.30918e-05 0.000244873 0.000899924 0.00271162 0.00674601 0.0138886 0.0238786 0.0350197 0.0451473 0.0527481 0.0572118 0.0584867 0.0567333 0.0521769 0.0451416 0.0362156 0.0264348 0.0172195 0.0098725 0.00496114 0.00219684 0.000866825 0.000308702 0.000100398 3.01086e-05 8.38976e-06 2.18482e-06 5.33929e-07 1.22753e-07 2.65648e-08 5.40135e-09 1.02631e-09 1.80235e-10 2.86318e-11 3.93826e-12 4.23155e-13 2.53706e-14 0 
0 1.24484e-06 1.52274e-05 9.81253e-05 0.000458854 0.00169438 0.00505486 0.0122034 0.0238786 0.0384958 0.0529089 0.0646137 0.072657 0.0770666 0.0781546 0.0762053 0.0714036 0.0638633 0.0537686 0.041703 0.0290175 0.0176838 0.00931756 0.00425209 0.00170222 0.000607971 0.00019684 5.85192e-05 1.61312e-05 4.15271e-06 1.00348e-06 2.2834e-07 4.89871e-08 9.89602e-09 1.87349e-09 3.28951e-10 5.24618e-11 7.27824e-12 7.92735e-13 4.84212e-14 0 
0 1.97795e-06 2.4587e-05 0.000160648 0.000757602 0.00279237 0.00817774 0.0189726 0.0350197 0.0529089 0.0686768 0.080444 0.0881201 0.092168 0.0930142 0.0909577 0.0861887 0.0787813 0.0687075 0.0560399 0.0415046 0.0270064 0.0150663 0.00716353 0.00293709 0.00105993 0.000343692 0.000101827 2.79084e-05 7.13907e-06 1.71516e-06 3.88607e-07 8.32042e-08 1.68272e-08 3.20174e-09 5.67633e-10 9.18862e-11 1.30098e-11 1.45357e-12 9.1455e-14 0 
0 2.82005e-06 3.54761e-05 0.000234034 0.00110822 0.0040587 0.011618 0.0258443 0.0451473 0.0646137 0.080444 0.0917507 0.0990172 0.102805 0.103487 0.101331 0.0965553 0.0893013 0.0795558 0.0671661 0.0522444 0.0360503 0.0213065 0.0106099 0.00448475 0.00164563 0.000537536 0.000159609 4.37482e-05 1.11905e-05 2.69192e-06 6.12207e-07 1.32037e-07 2.70195e-08 5.22972e-09 9.48649e-10 1.58023e-10 2.31367e-11 2.68187e-12 1.7522e-13 0 
0 3.62002e-06 4.59105e-05 0.000304697 0.00144453 0.0052486 0.0147007 0.0315341 0.0527481 0.072657 0.0881201 0.0990172 0.106049 0.109716 0.110308 0.108062 0.103223 0.09601 0.0865052 0.0745551 0.059952 0.0432811 0.0268917 0.0140026 0.0061168 0.00229221 0.000758302 0.000227044 6.26756e-05 1.61628e-05 3.93051e-06 9.07407e-07 1.99722e-07 4.19662e-08 8.39366e-09 1.58237e-09 2.75058e-10 4.20904e-11 5.09216e-12 3.45804e-13 0 
0 4.19651e-06 5.34688e-05 0.000355982 0.00168736 0.00609137 0.0167957 0.0351528 0.0572118 0.0770666 0.092168 0.102805 0.109716 0.113327 0.113869 0.111563 0.106671 0.0994644 0.0901093 0.0785238 0.0644108 0.0479303 0.0309206 0.0167169 0.00753466 0.00289061 0.000973489 0.000296046 8.30657e-05 2.18409e-05 5.44269e-06 1.29588e-06 2.96262e-07 6.50997e-08 1.36871e-08 2.71891e-09 4.97484e-10 7.9776e-11 1.00426e-11 7.03574e-13 0 
0 4.40526e-06 5.62122e-05 0.000374596 0.00177499 0.00639026 0.0175106 0.0363046 0.0584867 0.0781546 0.0930142 0.103487 0.110308 0.113869 0.114381 0.112059 0.107173 0.10002 0.0908099 0.0795245 0.0658808 0.0498648 0.0329493 0.0183131 0.00848178 0.00333642 0.0011508 0.000358908 0.000103692 2.82516e-05 7.35282e-06 1.8435e-06 4.46884e-07 1.0453e-07 2.33879e-08 4.92126e-09 9.46077e-10 1.57785e-10 2.04381e-11 1.45856e-12 0 
0 4.19788e-06 5.34904e-05 0.000356125 0.00168763 0.00608752 0.0167559 0.0349723 0.0567333 0.0762053 0.0909577 0.101331 0.108062 0.111563 0.112059 0.10977 0.104967 0.0979479 0.0889331 0.0779336 0.0647164 0.049275 0.0329347 0.0186319 0.00883176 0.00357205 0.00127319 0.000413059 0.000125214 3.61515e-05 1.00652e-05 2.71755e-06 7.10626e-07 1.7858e-07 4.2541e-08 9.41575e-09 1.8792e-09 3.21338e-10 4.22133e-11 3.02796e-12 0 
0 3.63933e-06 4.61793e-05 0.000306599 0.00145346 0.0052747 0.0147264 0.0314124 0.0521769 0.0714036 0.0861887 0.0965553 0.103223 0.106671 0.107173 0.104967 0.100322 0.093515 0.0847505 0.0740454 0.0612423 0.0464767 0.0311033 0.0177785 0.00861655 0.00360835 0.00134867 0.000464911 0.00015173 4.76878e-05 1.45392e-05 4.29261e-06 1.21678e-06 3.26883e-07 8.19156e-08 1.87748e-08 3.82662e-09 6.60617e-10 8.68302e-11 6.18941e-12 0 
0 2.8762e-06 3.62425e-05 0.000239462 0.001135 0.0041538 0.011844 0.0261347 0.0451416 0.0638633 0.0787813 0.0893013 0.09601 0.0994644 0.10002 0.0979479 0.093515 0.0869714 0.0784883 0.0680915 0.0557516 0.0418545 0.0278593 0.016054 0.00799851 0.00351854 0.001411 0.000531827 0.000192427 6.74073e-05 2.27907e-05 7.35885e-06 2.23842e-06 6.32556e-07 1.63736e-07 3.81777e-08 7.8216e-09 1.34503e-09 1.74936e-10 1.22818e-11 0 
0 2.07607e-06 2.5905e-05 0.000169912 0.000803883 0.00296657 0.00866242 0.0199159 0.0362156 0.0537686 0.0687075 0.0795558 0.0865052 0.0901093 0.0908099 0.0889331 0.0847505 0.0784883 0.0702981 0.0602616 0.0485611 0.0358878 0.0237337 0.0138677 0.00720795 0.00341161 0.00151342 0.000643275 0.000264121 0.000104161 3.89082e-05 1.35518e-05 4.34155e-06 1.26538e-06 3.32161e-07 7.75358e-08 1.57539e-08 2.66904e-09 3.40495e-10 2.33827e-11 0 
0 1.37121e-06 1.68938e-05 0.000109687 0.000516576 0.00191732 0.0057231 0.0137216 0.0264348 0.041703 0.0560399 0.0671661 0.0745551 0.0785238 0.0795245 0.0779336 0.0740454 0.0680915 0.0602616 0.0507833 0.0401189 0.0291943 0.0193247 0.0116369 0.00647073 0.00340022 0.00172119 0.000843704 0.000396375 0.000175022 7.11705e-05 2.6233e-05 8.67694e-06 2.56017e-06 6.70434e-07 1.5452e-07 3.07857e-08 5.09241e-09 6.32743e-10 4.22742e-11 0 
0 8.3031e-07 1.00715e-05 6.45295e-05 0.000301447 0.00112032 0.00339952 0.00845302 0.0172195 0.0290175 0.0415046 0.0522444 0.059952 0.0644108 0.0658808 0.0647164 0.0612423 0.0557516 0.0485611 0.0401189 0.0311218 0.0225078 0.0151928 0.00968806 0.00594962 0.00357552 0.00210691 0.00119877 0.000641034 0.000312938 0.000136257 5.21924e-05 1.7502e-05 5.14009e-06 1.32319e-06 2.97459e-07 5.7551e-08 9.22535e-09 1.11021e-09 7.1872e-11 0 
0 4.6191e-07 5.50092e-06 3.46713e-05 0.000160031 0.000592331 0.00181305 0.00462863 0.0098725 0.0176838 0.0270064 0.0360503 0.0432811 0.0479303 0.0498648 0.049275 0.0464767 0.0418545 0.0358878 0.0291943 0.0225078 0.0165329 0.0117292 0.00819034 0.00571542 0.00399145 0.00274404 0.00180075 0.00108627 0.000580665 0.00026755 0.000104892 3.50413e-05 1.007e-05 2.51164e-06 5.44584e-07 1.01471e-07 1.56687e-08 1.81881e-09 1.13786e-10 0 
0 2.36609e-07 2.75941e-06 1.70581e-05 7.74983e-05 0.000284133 0.000870099 0.00225391 0.00496114 0.00931756 0.0150663 0.0213065 0.0268917 0.0309206 0.0329493 0.0329347 0.0311033 0.0278593 0.0237337 0.0193247 0.0151928 0.0117292 0.00907583 0.00714996 0.00574771 0.00465036 0.00369002 0.00277374 0.00189036 0.00111162 0.000541137 0.000214195 6.96269e-05 1.90873e-05 4.52086e-06 9.33346e-07 1.66231e-07 2.46205e-08 2.75005e-09 1.66077e-10 0 
0 1.11871e-07 1.27474e-06 7.70847e-06 3.43547e-05 0.000124161 0.000377608 0.000981662 0.00219684 0.00425209 0.00716353 0.0106099 0.0140026 0.0167169 0.0183131 0.0186319 0.0177785 0.016054 0.0138677 0.0116369 0.00968806 0.00819034 0.00714996 0.00645767 0.00595835 0.00552129 0.00506696 0.00447806 0.00356755 0.00235629 0.00121255 0.000474671 0.00014405 3.5779e-05 7.70889e-06 1.47879e-06 2.4924e-07 3.52966e-08 3.79198e-09 2.21206e-10 0 
0 4.89457e-08 5.43905e-07 3.21029e-06 1.39959e-05 4.96669e-05 0.000149143 0.000385721 0.000866825 0.00170222 0.00293709 0.00448475 0.0061168 0.00753466 0.00848178 0.00883176 0.00861655 0.00799851 0.00720795 0.00647073 0.00594962 0.00571542 0.00574771 0.00595835 0.00627408 0.00683049 0.0079161 0.00904791 0.00868703 0.00627367 0.00327052 0.00122197 0.000332826 7.03454e-05 1.27936e-05 2.16294e-06 3.37696e-07 4.55363e-08 4.71126e-09 2.66172e-10 0 
0 1.98679e-08 2.14991e-07 1.23645e-06 5.26188e-06 1.82811e-05 5.39726e-05 0.000138005 0.000308702 0.000607971 0.00105993 0.00164563 0.00229221 0.00289061 0.00333642 0.00357205 0.00360835 0.00351854 0.00341161 0.00340022 0.00357552 0.00399145 0.00465036 0.00552129 0.00683049 0.0098414 0.0161547 0.0233955 0.0249416 0.0184157 0.00932024 0.00326694 0.00080506 0.00014494 2.12552e-05 2.95275e-06 4.10238e-07 5.22054e-08 5.214e-09 2.86578e-10 0 
0 7.50109e-09 7.89579e-08 4.41939e-07 1.83308e-06 6.22247e-06 1.80109e-05 4.53463e-05 0.000100398 0.00019684 0.000343692 0.000537536 0.000758302 0.000973489 0.0011508 0.00127319 0.00134867 0.001411 0.00151342 0.00172119 0.00210691 0.00274404 0.00369002 0.00506696 0.0079161 0.0161547 0.0336688 0.053529 0.0587919 0.0435356 0.0216441 0.00728156 0.00168381 0.00027323 3.36138e-05 3.74684e-06 4.43953e-07 5.26064e-08 5.08732e-09 2.73717e-10 0 
0 2.64029e-09 2.70176e-08 1.47065e-07 5.93994e-07 1.96763e-06 5.57393e-06 1.37849e-05 3.01086e-05 5.85192e-05 0.000101827 0.000159609 0.000227044 0.000296046 0.000358908 0.000413059 0.000464911 0.000531827 0.000643275 0.000843704 0.00119877 0.00180075 0.00277374 0.00447806 0.00904791 0.0233955 0.053529 0.087431 0.0967807 0.0717157 0.0354595 0.011734 0.00262793 0.000403685 4.47028e-05 4.18883e-06 4.20635e-07 4.60891e-08 4.33804e-09 2.3027e-10 0 
0 8.6818e-10 8.63409e-09 4.56929e-08 1.79639e-07 5.80337e-07 1.60754e-06 3.90022e-06 8.38976e-06 1.61312e-05 2.79084e-05 4.37482e-05 6.26756e-05 8.30657e-05 0.000103692 0.000125214 0.00015173 0.000192427 0.000264121 0.000396375 0.000641034 0.00108627 0.00189036 0.00356755 0.00868703 0.0249416 0.0587919 0.0967807 0.107368 0.0795775 0.0392855 0.01293 0.00285666 0.000427304 4.48575e-05 3.79236e-06 3.37002e-07 3.46697e-08 3.21048e-09 1.69718e-10 0 
0 2.67089e-10 2.58174e-09 1.32849e-08 5.08404e-08 1.60168e-07 4.33726e-07 1.03192e-06 2.18482e-06 4.15271e-06 7.13907e-06 1.11905e-05 1.61628e-05 2.18409e-05 2.82516e-05 3.61515e-05 4.76878e-05 6.74073e-05 0.000104161 0.000175022 0.000312938 0.000580665 0.00111162 0.00235629 0.00627367 0.0184157 0.0435356 0.0717157 0.0795775 0.0589813 0.029114 0.00957437 0.00210566 0.000311409 3.19974e-05 2.59768e-06 2.19675e-07 2.21249e-08 2.05258e-09 1.09226e-10 0 
0 7.69378e-11 7.2313e-10 3.61962e-09 1.34894e-08 4.14574e-08 1.09779e-07 2.56175e-07 5.33929e-07 1.00348e-06 1.71516e-06 2.69192e-06 3.93051e-06 5.44269e-06 7.35282e-06 1.00652e-05 1.45392e-05 2.27907e-05 3.89082e-05 7.11705e-05 0.000136257 0.00026755 0.000541137 0.00121255 0.00327052 0.00932024 0.0216441 0.0354595 0.0392855 0.029114 0.0143851 0.00473872 0.00104196 0.000153846 1.58436e-05 1.30542e-06 1.14225e-07 1.19153e-08 1.13194e-09 6.12979e-11 0 
0 2.07478e-11 1.89735e-10 9.24497e-10 3.35763e-09 1.00738e-08 2.61028e-08 5.97837e-08 1.22753e-07 2.2834e-07 3.88607e-07 6.12207e-07 9.07407e-07 1.29588e-06 1.8435e-06 2.71755e-06 4.29261e-06 7.35885e-06 1.35518e-05 2.6233e-05 5.21924e-05 0.000104892 0.000214195 0.000474671 0.00122197 0.00326694 0.00728156 0.011734 0.01293 0.00957437 0.00473872 0.00156497 0.000345074 5.14054e-05 5.4533e-06 4.85725e-07 4.79347e-08 5.44464e-09 5.39353e-10 3.00047e-11 0 
0 5.22934e-12 4.65685e-11 2.21089e-10 7.83282e-10 2.29649e-09 5.82876e-09 1.31165e-08 2.65648e-08 4.89871e-08 8.32042e-08 1.32037e-07 1.99722e-07 2.96262e-07 4.46884e-07 7.10626e-07 1.21678e-06 2.23842e-06 4.34155e-06 8.67694e-06 1.7502e-05 3.50413e-05 6.96269e-05 0.00014405 0.000332826 0.00080506 0.00168381 0.00262793 0.00285666 0.00210566 0.00104196 0.000345074 7.68119e-05 1.17696e-05 1.34722e-06 1.41177e-07 1.6872e-08 2.13734e-09 2.22816e-10 1.28227e-11 0 
0 1.22726e-12 1.06535e-11 4.93371e-11 1.70711e-10 4.89699e-10 1.21906e-09 2.69921e-09 5.40135e-09 9.89602e-09 1.68272e-08 2.70195e-08 4.19662e-08 6.50997e-08 1.0453e-07 1.7858e-07 3.26883e-07 6.32556e-07 1.26538e-06 2.56017e-06 5.14009e-06 1.007e-05 1.90873e-05 3.5779e-05 7.03454e-05 0.00014494 0.00027323 0.000403685 0.000427304 0.000311409 0.000153846 5.14054e-05 1.17696e-05 1.9371e-06 2.60344e-07 3.51736e-08 5.19278e-09 7.28554e-10 8.00327e-11 4.7864e-12 0 
0 2.66306e-13 2.25603e-12 1.02042e-11 3.45292e-11 9.70512e-11 2.37331e-10 5.17967e-10 1.02631e-09 1.87349e-09 3.20174e-09 5.22972e-09 8.39366e-09 1.36871e-08 2.33879e-08 4.2541e-08 8.19156e-08 1.63736e-07 3.32161e-07 6.70434e-07 1.32319e-06 2.51164e-06 4.52086e-06 7.70889e-06 1.27936e-05 2.12552e-05 3.36138e-05 4.47028e-05 4.48575e-05 3.19974e-05 1.58436e-05 5.4533e-06 1.34722e-06 2.60344e-07 4.56881e-08 8.15346e-09 1.42254e-09 2.1629e-10 2.49908e-11 1.55759e-12 0 
0 5.27593e-14 4.36729e-13 1.93191e-12 6.40269e-12 1.76612e-11 4.2502e-11 9.16236e-11 1.80235e-10 3.28951e-10 5.67633e-10 9.48649e-10 1.58237e-09 2.71891e-09 4.92126e-09 9.41575e-09 1.87748e-08 3.81777e-08 7.75358e-08 1.5452e-07 2.97459e-07 5.44584e-07 9.33346e-07 1.47879e-06 2.16294e-06 2.95275e-06 3.74684e-06 4.18883e-06 3.79236e-06 2.59768e-06 1.30542e-06 4.85725e-07 1.41177e-07 3.51736e-08 8.15346e-09 1.77205e-09 3.43499e-10 5.56034e-11 6.7455e-12 4.38819e-13 0 
0 9.32596e-15 7.55309e-14 3.27247e-13 1.06392e-12 2.88521e-12 6.84682e-12 1.46152e-11 2.86318e-11 5.24618e-11 9.18862e-11 1.58023e-10 2.75058e-10 4.97484e-10 9.46077e-10 1.8792e-09 3.82662e-09 7.8216e-09 1.57539e-08 3.07857e-08 5.7551e-08 1.01471e-07 1.66231e-07 2.4924e-07 3.37696e-07 4.10238e-07 4.43953e-07 4.20635e-07 3.37002e-07 2.19675e-07 1.14225e-07 4.79347e-08 1.6872e-08 5.19278e-09 1.42254e-09 3.43499e-10 7.12859e-11 1.21737e-11 1.54855e-12 1.05197e-13 0 
0 1.40564e-15 1.11537e-14 4.74031e-14 1.51438e-13 4.04539e-13 9.48838e-13 2.01122e-12 3.93826e-12 7.27824e-12 1.30098e-11 2.31367e-11 4.20904e-11 7.9776e-11 1.57785e-10 3.21338e-10 6.60617e-10 1.34503e-09 2.66904e-09 5.09241e-09 9.22535e-09 1.56687e-08 2.46205e-08 3.52966e-08 4.55363e-08 5.22054e-08 5.26064e-08 4.60891e-08 3.46697e-08 2.21249e-08 1.19153e-08 5.44464e-09 2.13734e-09 7.28554e-10 2.1629e-10 5.56034e-11 1.21737e-11 2.18355e-12 2.90811e-13 2.0621e-14 0 
0 1.62714e-16 1.26678e-15 5.28959e-15 1.66356e-14 4.38677e-14 1.01958e-13 2.15307e-13 4.23155e-13 7.92735e-13 1.45357e-12 2.68187e-12 5.09216e-12 1.00426e-11 2.04381e-11 4.22133e-11 8.68302e-11 1.74936e-10 3.40495e-10 6.32743e-10 1.11021e-09 1.81881e-09 2.75005e-09 3.79198e-09 4.71126e-09 5.214e-09 5.08732e-09 4.33804e-09 3.21048e-09 2.05258e-09 1.13194e-09 5.39353e-10 2.22816e-10 8.00327e-11 2.49908e-11 6.7455e-12 1.54855e-12 2.90811e-13 4.04742e-14 2.99237e-15 0 
0 1.03169e-17 7.89212e-17 3.24322e-16 1.00608e-15 2.62505e-15 6.06347e-15 1.28034e-14 2.53706e-14 4.84212e-14 9.1455e-14 1.7522e-13 3.45804e-13 7.03574e-13 1.45856e-12 3.02796e-12 6.18941e-12 1.22818e-11 2.33827e-11 4.22742e-11 7.1872e-11 1.13786e-10 1.66077e-10 2.21206e-10 2.66172e-10 2.86578e-10 2.73717e-10 2.3027e-10 1.69718e-10 1.09226e-10 6.12979e-11 3.00047e-11 1.28227e-11 4.7864e-12 1.55759e-12 4.38819e-13 1.05197e-13 2.0621e-14 2.99237e-15 2.30304e-16 0 
0 0 0 0 0 0 0 0 0 0 0 0 0 0 0 0 0 0 0 0 0 0 0 0 0 0 0 0 0 0 0 0 0 0 0 0 0 0 0 0 0 
