0 0 0 0 0 0 0 0 0 0 0 0 0 0 0 0 0 0 0 0 0 0 0 0 0 0 0 0 0 0 0 0 0 0 0 0 0 0 0 0 0 
0 2.00355e-07 1.77717e-06 7.7551e-06 2.30459e-05 5.19061e-05 9.43183e-05 0.000145284 0.000197712 0.000245634 0.000285472 0.000315705 0.000336052 0.00034681 0.000348476 0.000341589 0.0003267 0.000304416 0.000275502 0.000241046 0.000202617 0.000162363 0.000122918 8.70517e-05 5.70977e-05 3.43615e-05 1.88262e-05 9.33956e-06 4.1835e-06 1.69119e-06 6.17669e-07 2.04144e-07 6.11239e-08 1.65697e-08 4.05135e-09 8.85032e-10 1.69312e-10 2.71808e-11 3.30597e-12 2.17704e-13 0 
0 1.77717e-06 1.60659e-05 6.84956e-05 0.000188269 0.000373471 0.00058238 0.000771118 0.000921774 0.00103647 0.00112251 0.00118517 0.00122687 0.00124855 0.0012509 0.001235 0.00120241 0.00115484 0.00109355 0.00101872 0.000929126 0.000822645 0.000698155 0.000558574 0.000413343 0.000277558 0.000166425 8.81706e-05 4.11148e-05 1.69099e-05 6.16953e-06 2.01045e-06 5.88465e-07 1.55166e-07 3.68084e-08 7.79459e-09 1.44579e-09 2.2525e-10 2.66241e-11 1.7065e-12 0 
0 7.7551e-06 6.84956e-05 0.000265012 0.0006129 0.000991575 0.00129847 0.00153564 0.0017371 0.00191864 0.00207855 0.00220885 0.00230178 0.00235236 0.00235906 0.0023237 0.00225101 0.00214806 0.00202334 0.00188574 0.00174277 0.00159821 0.00144908 0.00128414 0.00108783 0.000853212 0.000597654 0.00036251 0.000187075 8.19938e-05 3.08363e-05 1.01037e-05 2.92539e-06 7.55663e-07 1.74708e-07 3.59754e-08 6.48539e-09 9.82532e-10 1.13059e-10 7.06528e-12 0 
0 2.30459e-05 0.000188269 0.0006129 0.00114109 0.00157086 0.00192883 0.00228244 0.00264065 0.00298366 0.00328818 0.00353487 0.0037099 0.00380531 0.00381902 0.00375448 0.00361994 0.00342744 0.00319166 0.00292876 0.00265533 0.00238719 0.00213737 0.00191174 0.00170143 0.00147725 0.00120091 0.000864435 0.000523188 0.000258944 0.000105008 3.56499e-05 1.04004e-05 2.66137e-06 6.03916e-07 1.21507e-07 2.13652e-08 3.15665e-09 3.54498e-10 2.16469e-11 0 
0 5.19061e-05 0.000373471 0.000991575 0.00157086 0.0020683 0.00259569 0.0031646 0.00373973 0.00428281 0.00476038 0.00514528 0.00541773 0.0055663 0.00558815 0.00548866 0.00528032 0.0049812 0.00461311 0.00419973 0.0037649 0.00333131 0.00291969 0.002548 0.00222836 0.00195722 0.00169974 0.0013912 0.000995052 0.000578968 0.000265139 9.67129e-05 2.91096e-05 7.48597e-06 1.68219e-06 3.32676e-07 5.7308e-08 8.28645e-09 9.10906e-10 5.44937e-11 0 
0 9.43183e-05 0.00058238 0.00129847 0.00192883 0.00259569 0.00335613 0.0041689 0.00498144 0.00574443 0.00641358 0.00695213 0.00733309 0.00754083 0.00757155 0.00743275 0.00714175 0.00672352 0.00620814 0.00562805 0.00501563 0.0044011 0.00381119 0.00326866 0.00279242 0.00239571 0.00207468 0.00178388 0.00143296 0.000975815 0.000518506 0.00021002 6.68808e-05 1.75646e-05 3.94761e-06 7.72419e-07 1.30983e-07 1.86064e-08 2.00858e-09 1.18054e-10 0 
0 0.000145284 0.000771118 0.00153564 0.00228244 0.0031646 0.0041689 0.00523267 0.00629203 0.00728505 0.00815517 0.00885517 0.00935062 0.00962124 0.0096612 0.00947998 0.0091009 0.00855685 0.00788645 0.00713132 0.006333 0.00553007 0.00475612 0.00403874 0.00339967 0.0028559 0.00241788 0.00207305 0.00175123 0.00133723 0.000820844 0.000376131 0.00012942 3.52438e-05 8.00017e-06 1.55889e-06 2.61472e-07 3.66301e-08 3.89594e-09 2.25622e-10 0 
0 0.000197712 0.000921774 0.0017371 0.00264065 0.00373973 0.00498144 0.00629203 0.00759542 0.00881639 0.00988652 0.0107519 0.0113746 0.0117231 0.0117755 0.0115403 0.0110577 0.0103791 0.00955181 0.00862259 0.00764004 0.00665082 0.00569557 0.00480721 0.00401061 0.00332379 0.00275984 0.00232218 0.00197539 0.00160691 0.00110682 0.000573201 0.000215606 6.15915e-05 1.42381e-05 2.77891e-06 4.63052e-07 6.42074e-08 6.74966e-09 3.86237e-10 0 
0 0.000245634 0.00103647 0.00191864 0.00298366 0.00428281 0.00574443 0.00728505 0.00881639 0.0102515 0.0115187 0.0125724 0.0133579 0.0138 0.0138669 0.0135711 0.0129566 0.0121099 0.0111137 0.010016 0.00886065 0.00769755 0.00657344 0.00552636 0.0045845 0.00376712 0.00308703 0.00255179 0.00214798 0.00179238 0.00133527 0.000768529 0.000316076 9.52627e-05 2.25512e-05 4.42802e-06 7.35691e-07 1.01294e-07 1.05552e-08 5.98414e-10 0 
0 0.000285472 0.00112251 0.00207855 0.00328818 0.00476038 0.00641358 0.00815517 0.00988652 0.0115187 0.0129953 0.0142355 0.0150807 0.0155013 0.0155605 0.015285 0.0146575 0.013688 0.0125061 0.0112372 0.0099255 0.00861018 0.00733888 0.0061537 0.0050859 0.00415614 0.00337681 0.00275538 0.00228825 0.00191919 0.00149853 0.00093564 0.000416684 0.000132382 3.2156e-05 6.36878e-06 1.05789e-06 1.45017e-07 1.50177e-08 8.45584e-10 0 
0 0.000315705 0.00118517 0.00220885 0.00353487 0.00514528 0.00695213 0.00885517 0.0107519 0.0125724 0.0142355 0.0154821 0.0162092 0.0165517 0.0165973 0.0163687 0.0158387 0.0149381 0.0136677 0.012233 0.0107789 0.00933876 0.0079496 0.00665416 0.00548601 0.00446705 0.00360953 0.00291992 0.002398 0.00200525 0.001606 0.00106159 0.000503839 0.000167595 4.17049e-05 8.33745e-06 1.38689e-06 1.89672e-07 1.95632e-08 1.09638e-09 0 
0 0.000336052 0.00122687 0.00230178 0.0037099 0.00541773 0.00733309 0.00935062 0.0113746 0.0133579 0.0150807 0.0162092 0.0168403 0.0171387 0.0171765 0.0169721 0.016504 0.015705 0.0144858 0.0129554 0.011381 0.00984713 0.00837478 0.00700214 0.00576389 0.00468278 0.00377102 0.00303421 0.00247296 0.00205856 0.00166943 0.00114407 0.000567969 0.000195634 4.96394e-05 1.00062e-05 1.66805e-06 2.27935e-07 2.34585e-08 1.31108e-09 0 
0 0.00034681 0.00124855 0.00235236 0.00380531 0.0055663 0.00754083 0.00962124 0.0117231 0.0138 0.0155013 0.0165517 0.0171387 0.0174172 0.0174506 0.0172555 0.0168135 0.0160639 0.0149019 0.0133506 0.0117038 0.0101143 0.00859675 0.00718291 0.00590741 0.00479339 0.00385299 0.00309127 0.00250885 0.00208168 0.00169726 0.00118568 0.000604129 0.00021259 5.4629e-05 1.10774e-05 1.85056e-06 2.5294e-07 2.60158e-08 1.45257e-09 0 
0 0.000348476 0.0012509 0.00235906 0.00381902 0.00558815 0.00757155 0.0096612 0.0117755 0.0138669 0.0155605 0.0165973 0.0171765 0.0174506 0.0174818 0.0172862 0.0168458 0.0161013 0.0149468 0.0133926 0.0117329 0.0101348 0.00861156 0.00719301 0.00591352 0.00479614 0.00385287 0.00308854 0.00250367 0.00207538 0.00169427 0.00118985 0.000611025 0.000216559 5.59202e-05 1.13721e-05 1.90305e-06 2.60398e-07 2.68039e-08 1.49751e-09 0 
0 0.000341589 0.001235 0.0023237 0.00375448 0.00548866 0.00743275 0.00947998 0.0115403 0.0135711 0.015285 0.0163687 0.0169721 0.0172555 0.0172862 0.0170812 0.0166209 0.0158416 0.0146439 0.0130928 0.0114791 0.00991942 0.00842823 0.00703954 0.00578758 0.00469488 0.00377318 0.00302737 0.00245792 0.00204021 0.00166234 0.00115917 0.000589912 0.000207726 5.34942e-05 1.08779e-05 1.82269e-06 2.49877e-07 2.57767e-08 1.4434e-09 0 
0 0.0003267 0.00120241 0.00225101 0.00361994 0.00528032 0.00714175 0.0091009 0.0110577 0.0129566 0.0146575 0.0158387 0.016504 0.0168135 0.0168458 0.0166209 0.0161149 0.0152582 0.0139945 0.012495 0.0109781 0.00949338 0.00806694 0.0067387 0.00554215 0.00449892 0.0036205 0.00291211 0.00237389 0.00197642 0.00160094 0.00109523 0.000544051 0.000188139 4.80219e-05 9.74307e-06 1.63465e-06 2.24769e-07 2.32737e-08 1.30856e-09 0 
0 0.000304416 0.00115484 0.00214806 0.00342744 0.0049812 0.00672352 0.00855685 0.0103791 0.0121099 0.013688 0.0149381 0.015705 0.0160639 0.0161013 0.0158416 0.0152582 0.0143035 0.0130446 0.0116725 0.0102777 0.00889185 0.00755641 0.0063135 0.00519502 0.00422145 0.00340408 0.00274867 0.00225421 0.0018828 0.00150726 0.000999611 0.000478752 0.000161279 4.06583e-05 8.22564e-06 1.38317e-06 1.91078e-07 1.98994e-08 1.12581e-09 0 
0 0.000275502 0.00109355 0.00202334 0.00319166 0.00461311 0.00620814 0.00788645 0.00955181 0.0111137 0.0125061 0.0136677 0.0144858 0.0149019 0.0149468 0.0146439 0.0139945 0.0130446 0.0119149 0.0106943 0.00942631 0.00815588 0.00693073 0.00579125 0.00476709 0.00387758 0.003134 0.00254265 0.0020995 0.00175471 0.00137675 0.000875905 0.000401598 0.000131467 3.27501e-05 6.61931e-06 1.11827e-06 1.55612e-07 1.63422e-08 9.32701e-10 0 
0 0.000241046 0.00101872 0.00188574 0.00292876 0.00419973 0.00562805 0.00713132 0.00862259 0.010016 0.0112372 0.012233 0.0129554 0.0133506 0.0133926 0.0130928 0.012495 0.0116725 0.0106943 0.00961138 0.00847288 0.00732929 0.00622633 0.00520088 0.00428013 0.0034824 0.00281919 0.0022967 0.00190515 0.00158261 0.00120578 0.000732442 0.000322249 0.000103124 2.55407e-05 5.18374e-06 8.83565e-07 1.24286e-07 1.32013e-08 7.61957e-10 0 
0 0.000202617 0.000929126 0.00174277 0.00265533 0.0037649 0.00501563 0.006333 0.00764004 0.00886065 0.0099255 0.0107789 0.011381 0.0117038 0.0117329 0.0114791 0.0109781 0.0102777 0.00942631 0.00847288 0.00746702 0.00645556 0.00547914 0.00457066 0.00375487 0.00304918 0.00246518 0.0020073 0.00165873 0.00135461 0.000998002 0.000584379 0.000251257 7.99952e-05 1.99495e-05 4.09914e-06 7.08472e-07 1.01037e-07 1.08717e-08 6.34978e-10 0 
0 0.000162363 0.000822645 0.00159821 0.00238719 0.00333131 0.0044011 0.00553007 0.00665082 0.00769755 0.00861018 0.00933876 0.00984713 0.0101143 0.0101348 0.00991942 0.00949338 0.00889185 0.00815588 0.00732929 0.00645556 0.00557491 0.00472234 0.00392652 0.00320972 0.00258833 0.00207299 0.00166504 0.00134684 0.00107047 0.000772853 0.000452049 0.000197688 6.45052e-05 1.647e-05 3.45064e-06 6.0563e-07 8.74248e-08 9.49791e-09 5.58985e-10 0 
0 0.000122918 0.000698155 0.00144908 0.00213737 0.00291969 0.00381119 0.00475612 0.00569557 0.00657344 0.00733888 0.0079496 0.00837478 0.00859675 0.00861156 0.00842823 0.00806694 0.00755641 0.00693073 0.00622633 0.00547914 0.00472234 0.00398493 0.00329121 0.0026611 0.00211084 0.00165151 0.00128479 0.00100015 0.000773903 0.000566936 0.000352071 0.000165753 5.73164e-05 1.51556e-05 3.23201e-06 5.716e-07 8.26989e-08 8.97905e-09 5.27271e-10 0 
0 8.70517e-05 0.000558574 0.00128414 0.00191174 0.002548 0.00326866 0.00403874 0.00480721 0.00552636 0.0061537 0.00665416 0.00700214 0.00718291 0.00719301 0.00703954 0.0067387 0.0063135 0.00579125 0.00520088 0.00457066 0.00392652 0.00329121 0.00268507 0.00213034 0.00165776 0.00129724 0.00103798 0.000822031 0.000615862 0.000438125 0.000288655 0.000151802 5.69877e-05 1.56172e-05 3.35048e-06 5.88142e-07 8.40535e-08 9.00422e-09 5.2178e-10 0 
0 5.70977e-05 0.000413343 0.00108783 0.00170143 0.00222836 0.00279242 0.00339967 0.00401061 0.0045845 0.0050859 0.00548601 0.00576389 0.00590741 0.00591352 0.00578758 0.00554215 0.00519502 0.00476709 0.00428013 0.00375487 0.00320972 0.0026611 0.00213034 0.00166996 0.00139122 0.00137662 0.00148931 0.00141601 0.00104033 0.000590942 0.000300025 0.000151096 6.03978e-05 1.70338e-05 3.6285e-06 6.2379e-07 8.70835e-08 9.12349e-09 5.18136e-10 0 
0 3.43615e-05 0.000277558 0.000853212 0.00147725 0.00195722 0.00239571 0.0028559 0.00332379 0.00376712 0.00415614 0.00446705 0.00468278 0.00479339 0.00479614 0.00469488 0.00449892 0.00422145 0.00387758 0.0034824 0.00304918 0.00258833 0.00211084 0.00165776 0.00139122 0.0016344 0.00257664 0.00374305 0.004154 0.00292719 0.00148995 0.000551426 0.000186225 6.59759e-05 1.84027e-05 3.8326e-06 6.39739e-07 8.68475e-08 8.87725e-09 4.93472e-10 0 
0 1.88262e-05 0.000166425 0.000597654 0.00120091 0.00169974 0.00207468 0.00241788 0.00275984 0.00308703 0.00337681 0.00360953 0.00377102 0.00385299 0.00385287 0.00377318 0.0036205 0.00340408 0.003134 0.00281919 0.00246518 0.00207299 0.00165151 0.00129724 0.00137662 0.00257664 0.00538422 0.00978966 0.0108303 0.00754683 0.0034382 0.00116393 0.000295162 7.5952e-05 1.89765e-05 3.75396e-06 6.0383e-07 7.97501e-08 7.97625e-09 4.35431e-10 0 
0 9.33956e-06 8.81706e-05 0.00036251 0.000864435 0.0013912 0.00178388 0.00207305 0.00232218 0.00255179 0.00275538 0.00291992 0.00303421 0.00309127 0.00308854 0.00302737 0.00291211 0.00274867 0.00254265 0.0022967 0.0020073 0.00166504 0.00128479 0.00103798 0.00148931 0.00374305 0.00978966 0.0122365 0.0125333 0.0115886 0.00631071 0.0018656 0.000430959 8.68431e-05 1.81292e-05 3.29362e-06 5.07127e-07 6.54223e-08 6.44435e-09 3.47709e-10 0 
0 4.1835e-06 4.11148e-05 0.000187075 0.000523188 0.000995052 0.00143296 0.00175123 0.00197539 0.00214798 0.00228825 0.002398 0.00247296 0.00250885 0.00250367 0.00245792 0.00237389 0.00225421 0.0020995 0.00190515 0.00165873 0.00134684 0.00100015 0.000822031 0.00141601 0.00415399 0.0108303 0.0125333 0.0127544 0.011975 0.0075588 0.00205472 0.000462614 8.39483e-05 1.51192e-05 2.50405e-06 3.69933e-07 4.7007e-08 4.60258e-09 2.47498e-10 0 
0 1.69119e-06 1.69099e-05 8.19938e-05 0.000258944 0.000578968 0.000975815 0.00133723 0.00160691 0.00179238 0.00191919 0.00200525 0.00205856 0.00208168 0.00207538 0.00204021 0.00197642 0.0018828 0.00175471 0.00158261 0.00135461 0.00107047 0.000773903 0.000615862 0.00104033 0.00292719 0.00754683 0.0115886 0.011975 0.0104559 0.0047065 0.00152221 0.000342788 6.12152e-05 1.02406e-05 1.59378e-06 2.30239e-07 2.92255e-08 2.87622e-09 1.55583e-10 0 
0 6.17669e-07 6.16953e-06 3.08363e-05 0.000105008 0.000265139 0.000518506 0.000820844 0.00110682 0.00133527 0.00149853 0.001606 0.00166943 0.00169726 0.00169427 0.00166234 0.00160094 0.00150726 0.00137675 0.00120578 0.000998002 0.000772853 0.000566936 0.000438125 0.000590942 0.00148995 0.0034382 0.00631071 0.0075588 0.0047065 0.00228525 0.000756263 0.000174754 3.249e-05 5.38341e-06 8.29661e-07 1.2107e-07 1.56316e-08 1.56464e-09 8.5937e-11 0 
0 2.04144e-07 2.01045e-06 1.01037e-05 3.56499e-05 9.67129e-05 0.00021002 0.000376131 0.000573201 0.000768529 0.00093564 0.00106159 0.00114407 0.00118568 0.00118985 0.00115917 0.00109523 0.000999611 0.000875905 0.000732442 0.000584379 0.000452049 0.000352071 0.000288655 0.000300025 0.000551426 0.00116393 0.0018656 0.00205472 0.00152221 0.000756263 0.000256055 6.33818e-05 1.26599e-05 2.18713e-06 3.53052e-07 5.38254e-08 7.19025e-09 7.39891e-10 4.16153e-11 0 
0 6.11239e-08 5.88465e-07 2.92539e-06 1.04004e-05 2.91096e-05 6.68808e-05 0.00012942 0.000215606 0.000316076 0.000416684 0.000503839 0.000567969 0.000604129 0.000611025 0.000589912 0.000544051 0.000478752 0.000401598 0.000322249 0.000251257 0.000197688 0.000165753 0.000151802 0.000151096 0.000186225 0.000295162 0.000430959 0.000462614 0.000342788 0.000174754 6.33818e-05 1.72794e-05 3.7574e-06 7.10336e-07 1.25387e-07 2.04112e-08 2.85349e-09 3.04374e-10 1.76554e-11 0 
0 1.65697e-08 1.55166e-07 7.55663e-07 2.66137e-06 7.48597e-06 1.75646e-05 3.52438e-05 6.15915e-05 9.52627e-05 0.000132382 0.000167595 0.000195634 0.00021259 0.000216559 0.000207726 0.000188139 0.000161279 0.000131467 0.000103124 7.99952e-05 6.45052e-05 5.73164e-05 5.69877e-05 6.03978e-05 6.59759e-05 7.5952e-05 8.68431e-05 8.39483e-05 6.12152e-05 3.249e-05 1.26599e-05 3.7574e-06 9.10139e-07 1.94883e-07 3.81788e-08 6.67e-09 9.80769e-10 1.09043e-10 6.55789e-12 0 
0 4.05135e-09 3.68084e-08 1.74708e-07 6.03916e-07 1.68219e-06 3.94761e-06 8.00017e-06 1.42381e-05 2.25512e-05 3.2156e-05 4.17049e-05 4.96394e-05 5.4629e-05 5.59202e-05 5.34942e-05 4.80219e-05 4.06583e-05 3.27501e-05 2.55407e-05 1.99495e-05 1.647e-05 1.51556e-05 1.56172e-05 1.70338e-05 1.84027e-05 1.89765e-05 1.81292e-05 1.51192e-05 1.02406e-05 5.38341e-06 2.18713e-06 7.10336e-07 1.94883e-07 4.71462e-08 1.01266e-08 1.88855e-09 2.92381e-10 3.39908e-11 2.1271e-12 0 
0 8.85032e-10 7.79459e-09 3.59754e-08 1.21507e-07 3.32676e-07 7.72419e-07 1.55889e-06 2.77891e-06 4.42802e-06 6.36878e-06 8.33745e-06 1.00062e-05 1.10774e-05 1.13721e-05 1.08779e-05 9.74307e-06 8.22564e-06 6.61931e-06 5.18374e-06 4.09914e-06 3.45064e-06 3.23201e-06 3.35048e-06 3.6285e-06 3.8326e-06 3.75396e-06 3.29362e-06 2.50405e-06 1.59378e-06 8.29661e-07 3.53052e-07 1.25387e-07 3.81788e-08 1.01266e-08 2.33769e-09 4.62166e-10 7.52917e-11 9.16549e-12 5.98033e-13 0 
0 1.69312e-10 1.44579e-09 6.48539e-09 2.13652e-08 5.7308e-08 1.30983e-07 2.61472e-07 4.63052e-07 7.35691e-07 1.05789e-06 1.38689e-06 1.66805e-06 1.85056e-06 1.90305e-06 1.82269e-06 1.63465e-06 1.38317e-06 1.11827e-06 8.83565e-07 7.08472e-07 6.0563e-07 5.716e-07 5.88142e-07 6.2379e-07 6.39739e-07 6.0383e-07 5.07127e-07 3.69933e-07 2.30239e-07 1.2107e-07 5.38254e-08 2.04112e-08 6.67e-09 1.88855e-09 4.62166e-10 9.63794e-11 1.65e-11 2.10333e-12 1.43199e-13 0 
0 2.71808e-11 2.2525e-10 9.82532e-10 3.15665e-09 8.28645e-09 1.86064e-08 3.66301e-08 6.42074e-08 1.01294e-07 1.45017e-07 1.89672e-07 2.27935e-07 2.5294e-07 2.60398e-07 2.49877e-07 2.24769e-07 1.91078e-07 1.55612e-07 1.24286e-07 1.01037e-07 8.74248e-08 8.26989e-08 8.40535e-08 8.70835e-08 8.68475e-08 7.97501e-08 6.54223e-08 4.7007e-08 2.92255e-08 1.56316e-08 7.19025e-09 2.85349e-09 9.80769e-10 2.92381e-10 7.52917e-11 1.65e-11 2.96257e-12 3.95072e-13 2.80573e-14 0 
0 3.30597e-12 2.66241e-11 1.13059e-10 3.54498e-10 9.10906e-10 2.00858e-09 3.89594e-09 6.74966e-09 1.05552e-08 1.50177e-08 1.95632e-08 2.34585e-08 2.60158e-08 2.68039e-08 2.57767e-08 2.32737e-08 1.98994e-08 1.63422e-08 1.32013e-08 1.08717e-08 9.49791e-09 8.97905e-09 9.00422e-09 9.12349e-09 8.87725e-09 7.97625e-09 6.44435e-09 4.60258e-09 2.87622e-09 1.56464e-09 7.39891e-10 3.04374e-10 1.09043e-10 3.39908e-11 9.16549e-12 2.10333e-12 3.95072e-13 5.50194e-14 4.07171e-15 0 
0 2.17704e-13 1.7065e-12 7.06528e-12 2.16469e-11 5.44937e-11 1.18054e-10 2.25622e-10 3.86237e-10 5.98414e-10 8.45584e-10 1.09638e-09 1.31108e-09 1.45257e-09 1.49751e-09 1.4434e-09 1.30856e-09 1.12581e-09 9.32701e-10 7.61957e-10 6.34978e-10 5.58985e-10 5.27271e-10 5.2178e-10 5.18136e-10 4.93472e-10 4.35431e-10 3.47709e-10 2.47498e-10 1.55583e-10 8.5937e-11 4.16153e-11 1.76554e-11 6.55789e-12 2.1271e-12 5.98033e-13 1.43199e-13 2.80573e-14 4.07171e-15 3.1352e-16 0 
0 0 0 0 0 0 0 0 0 0 0 0 0 0 0 0 0 0 0 0 0 0 0 0 0 0 0 0 0 0 0 0 0 0 0 0 0 0 0 0 0 
