0 0 0 0 0 0 0 0 0 0 0 0 0 0 0 0 0 0 0 0 0 0 0 0 0 0 0 0 0 0 0 0 0 0 0 0 0 0 0 0 0 
0 1.78408e-07 1.55416e-06 6.54595e-06 1.84554e-05 3.89728e-05 6.61592e-05 9.55712e-05 0.000123006 0.000146029 0.00016386 0.000176655 0.0001849 0.000189088 0.000189608 0.00018672 0.000180578 0.000171257 0.000158809 0.00014335 0.000125186 0.000104953 8.36942e-05 6.28232e-05 4.38952e-05 2.82328e-05 1.65481e-05 8.76835e-06 4.17829e-06 1.78651e-06 6.85472e-07 2.3636e-07 7.33462e-08 2.04838e-08 5.13263e-09 1.1439e-09 2.22411e-10 3.61748e-11 4.44631e-12 2.95275e-13 0 
0 1.55416e-06 1.36294e-05 5.46138e-05 0.000136904 0.000243989 0.000343457 0.00041817 0.000470153 0.000507344 0.000535376 0.000556507 0.000571033 0.000578658 0.000579249 0.000573138 0.000561113 0.000544224 0.000523436 0.00049916 0.000470763 0.000436302 0.000392898 0.000338159 0.000272489 0.000201005 0.000132895 7.74663e-05 3.94437e-05 1.75139e-05 6.81095e-06 2.33686e-06 7.1255e-07 1.9402e-07 4.71976e-08 1.01928e-08 1.91978e-09 3.0268e-10 3.61094e-11 2.33131e-12 0 
0 6.54595e-06 5.46138e-05 0.000189451 0.000379508 0.000536578 0.000639473 0.000718193 0.000793477 0.00086801 0.000936827 0.000994073 0.00103527 0.00105777 0.00106074 0.00104496 0.00101261 0.000967018 0.000912364 0.000853341 0.000794635 0.000739982 0.000690491 0.000642431 0.000585947 0.000507953 0.000401718 0.000277984 0.000163115 8.00672e-05 3.30118e-05 1.16046e-05 3.53923e-06 9.49582e-07 2.2571e-07 4.74331e-08 8.68039e-09 1.32983e-09 1.54303e-10 9.70356e-12 0 
0 1.84554e-05 0.000136904 0.000379508 0.000599976 0.00074576 0.0008792 0.00102873 0.00118726 0.00134082 0.00147752 0.00158834 0.00166697 0.00170984 0.001716 0.001687 0.00162656 0.00154007 0.00143417 0.00131617 0.00119372 0.00107459 0.000966313 0.000875187 0.000802997 0.00074115 0.000666577 0.000551304 0.000391776 0.000227008 0.00010525 3.95567e-05 1.23987e-05 3.33178e-06 7.81524e-07 1.60844e-07 2.87294e-08 4.29162e-09 4.85734e-10 2.98284e-11 0 
0 3.89728e-05 0.000243989 0.000536578 0.00074576 0.000938266 0.0011676 0.00142209 0.00168038 0.00192439 0.00213898 0.00231192 0.00243434 0.0025011 0.00251092 0.00246622 0.0023726 0.0022382 0.0020728 0.00188706 0.00169169 0.00149692 0.00131228 0.00114676 0.00100887 0.000904281 0.000827631 0.000750591 0.00062675 0.000438633 0.000239993 0.000101014 3.36382e-05 9.24261e-06 2.16637e-06 4.40118e-07 7.71511e-08 1.12848e-08 1.25015e-09 7.51882e-11 0 
0 6.61592e-05 0.000343457 0.000639473 0.0008792 0.0011676 0.00150808 0.00187321 0.00223831 0.00258114 0.00288181 0.0031238 0.00329501 0.00338841 0.00340223 0.00333981 0.00320901 0.00302108 0.0027895 0.00252885 0.00225367 0.00197754 0.00171249 0.00146883 0.00125567 0.00108176 0.000953852 0.000866023 0.000780626 0.000634596 0.000413911 0.000201736 7.36962e-05 2.11688e-05 5.02643e-06 1.01675e-06 1.75962e-07 2.53155e-08 2.75513e-09 1.62802e-10 0 
0 9.55712e-05 0.00041817 0.000718193 0.00102873 0.00142209 0.00187321 0.00235119 0.00282719 0.00327339 0.00366451 0.00398047 0.00420842 0.00433802 0.00435811 0.00427039 0.00409303 0.00384556 0.00354367 0.00320431 0.0028456 0.00248482 0.00213706 0.00181473 0.00152766 0.00128414 0.00109234 0.000957979 0.000867826 0.000764831 0.000576537 0.000327688 0.00013422 4.10938e-05 1.00142e-05 2.03389e-06 3.49522e-07 4.96808e-08 5.33124e-09 3.10496e-10 0 
0 0.000123006 0.000470153 0.000793477 0.00118726 0.00168038 0.00223831 0.00282719 0.00341285 0.00396188 0.00444926 0.00487648 0.00523249 0.00544632 0.00548143 0.00534062 0.0050525 0.00468733 0.00429533 0.00387463 0.0034329 0.0029884 0.00255919 0.00216002 0.00180209 0.00149361 0.00124157 0.00105338 0.000930145 0.000839008 0.000695388 0.000452467 0.00020901 6.90585e-05 1.74485e-05 3.58336e-06 6.1461e-07 8.66598e-08 9.20111e-09 5.29784e-10 0 
0 0.000146029 0.000507344 0.00086801 0.00134082 0.00192439 0.00258114 0.00327339 0.00396188 0.00461604 0.00526046 0.00586266 0.00623761 0.00640666 0.00643175 0.00632688 0.00606608 0.00560682 0.00503956 0.00450581 0.00398165 0.00345874 0.00295364 0.00248315 0.00205995 0.0016927 0.00138748 0.00115036 0.000987027 0.000883648 0.000769719 0.000555275 0.000286549 0.00010249 2.69999e-05 5.63417e-06 9.68328e-07 1.35901e-07 1.43204e-08 8.17432e-10 0 
0 0.00016386 0.000535376 0.000936827 0.00147752 0.00213898 0.00288181 0.00366451 0.00444926 0.00526046 0.00606663 0.00654569 0.00678926 0.00690242 0.00691905 0.00684644 0.0066728 0.00635654 0.00580137 0.00509501 0.00446411 0.00386898 0.00329757 0.00276503 0.00228524 0.00186748 0.00151742 0.00123963 0.00103998 0.000915013 0.000812879 0.000629127 0.000355741 0.000136929 3.76227e-05 7.99408e-06 1.38019e-06 1.93309e-07 2.02676e-08 1.14976e-09 0 
0 0.000176655 0.000556507 0.000994073 0.00158834 0.00231192 0.0031238 0.00398047 0.00487648 0.00586266 0.00654569 0.00689523 0.00708704 0.00717915 0.00719242 0.00713188 0.00699075 0.00674538 0.00633413 0.00564183 0.0048686 0.00419776 0.00357202 0.00298991 0.00246502 0.00200718 0.00162191 0.00131275 0.00108453 0.000938395 0.00083705 0.000676726 0.000409705 0.000167581 4.77992e-05 1.03342e-05 1.79418e-06 2.5122e-07 2.62612e-08 1.48366e-09 0 
0 0.0001849 0.000571033 0.00103527 0.00166697 0.00243434 0.00329501 0.00420842 0.00523249 0.00623761 0.00678926 0.00708704 0.00725634 0.00733877 0.00735028 0.00729502 0.00716806 0.00695233 0.00660519 0.00601822 0.00518433 0.00443062 0.0037632 0.00314626 0.00258988 0.00210411 0.00169445 0.00136379 0.00111597 0.000953855 0.000849281 0.000703752 0.000445934 0.000190633 5.59631e-05 1.2272e-05 2.14181e-06 3.00106e-07 3.13274e-08 1.76577e-09 0 
0 0.000189088 0.000578658 0.00105777 0.00170984 0.0025011 0.00338841 0.00433802 0.00544632 0.00640666 0.00690242 0.00717915 0.00733877 0.00741677 0.00742723 0.00737389 0.00725257 0.00704862 0.00672637 0.00619401 0.00536749 0.00455666 0.00386316 0.00322749 0.00265437 0.00215381 0.00173127 0.00138932 0.00113114 0.000960112 0.000852749 0.000715051 0.000464552 0.000203791 6.08965e-05 1.34783e-05 2.3615e-06 3.31254e-07 3.45712e-08 1.94701e-09 0 
0 0.000189608 0.000579249 0.00106074 0.001716 0.00251092 0.00340223 0.00435811 0.00548143 0.00643175 0.00691905 0.00719242 0.00735028 0.00742723 0.00743702 0.00738335 0.00726211 0.007059 0.00673929 0.00621382 0.00538911 0.00456747 0.00386987 0.00323203 0.00265711 0.00215505 0.00173122 0.00138806 0.00112859 0.000956208 0.000848578 0.00071352 0.000466602 0.000206215 6.19719e-05 1.37643e-05 2.41643e-06 3.39351e-07 3.5442e-08 1.99707e-09 0 
0 0.00018672 0.000573138 0.00104496 0.001687 0.00246622 0.00333981 0.00427039 0.00534062 0.00632688 0.00684644 0.00713188 0.00729502 0.00737389 0.00738335 0.00732727 0.00720109 0.00698906 0.00665238 0.00609109 0.00525133 0.00446614 0.00378732 0.00316307 0.00260053 0.00210955 0.00169541 0.00136063 0.00110842 0.000941895 0.000836847 0.000700122 0.000453112 0.00019825 5.92213e-05 1.31245e-05 2.30424e-06 3.23963e-07 3.3889e-08 1.91296e-09 0 
0 0.000180578 0.000561113 0.00101261 0.00162656 0.0023726 0.00320901 0.00409303 0.0050525 0.00606608 0.0066728 0.00699075 0.00716806 0.00725257 0.00726211 0.00720109 0.00706375 0.0068303 0.0064504 0.0058051 0.00498119 0.00426918 0.0036248 0.00302789 0.00249025 0.0020215 0.00162682 0.00130898 0.00107175 0.000917362 0.00081672 0.000674129 0.000424928 0.000181216 5.32715e-05 1.17247e-05 2.05563e-06 2.89403e-07 3.03524e-08 1.71866e-09 0 
0 0.000171257 0.000544224 0.000967018 0.00154007 0.0022382 0.00302108 0.00384556 0.00468733 0.00560682 0.00635654 0.00674538 0.00695233 0.00704862 0.007059 0.00698906 0.0068303 0.00655344 0.00608164 0.00534927 0.00463197 0.00399615 0.00339533 0.00283684 0.00233427 0.00189682 0.0015296 0.00123587 0.00102009 0.00088243 0.000785906 0.000633411 0.000383138 0.000157309 4.51885e-05 9.84944e-06 1.72375e-06 2.43194e-07 2.56058e-08 1.45666e-09 0 
0 0.000158809 0.000523436 0.000912364 0.00143417 0.0020728 0.0027895 0.00354367 0.00429533 0.00503956 0.00580137 0.00633413 0.00660519 0.00672637 0.00673929 0.00665238 0.0064504 0.00608164 0.00548357 0.00483026 0.00423777 0.00366476 0.00311418 0.00260218 0.00214199 0.00174231 0.00140832 0.00114401 0.000954274 0.000835116 0.000739759 0.000575163 0.000329929 0.000129505 3.62601e-05 7.82651e-06 1.36878e-06 1.93836e-07 2.05258e-08 1.17528e-09 0 
0 0.00014335 0.00049916 0.000853341 0.00131617 0.00188706 0.00252885 0.00320431 0.00387463 0.00450581 0.00509501 0.00564183 0.00601822 0.00619401 0.00621382 0.00609109 0.0058051 0.00534927 0.00483026 0.00432174 0.00380729 0.00329327 0.00279767 0.00233691 0.00192319 0.00156476 0.00126706 0.00103494 0.000872615 0.000769536 0.000670882 0.000497731 0.000269549 0.000101309 2.77493e-05 5.95254e-06 1.04348e-06 1.48704e-07 1.5872e-08 9.16514e-10 0 
0 0.000125186 0.000470763 0.000794635 0.00119372 0.00169169 0.00225367 0.0028456 0.0034329 0.00398165 0.00446411 0.0048686 0.00518433 0.00536749 0.00538911 0.00525133 0.00498119 0.00463197 0.00423777 0.00380729 0.00335515 0.00290067 0.00246194 0.00205373 0.00168718 0.00137016 0.0011085 0.000907354 0.000768373 0.000674426 0.000571495 0.000403989 0.000208761 7.62211e-05 2.06627e-05 4.43838e-06 7.83479e-07 1.12678e-07 1.21443e-08 7.08002e-10 0 
0 0.000104953 0.000436302 0.000739982 0.00107459 0.00149692 0.00197754 0.00248482 0.0029884 0.00345874 0.00386898 0.00419776 0.00443062 0.00455666 0.00456747 0.00446614 0.00426918 0.00399615 0.00366476 0.00329327 0.00290067 0.00250497 0.00212188 0.0017643 0.00144225 0.00116328 0.000933229 0.000756002 0.00062998 0.000538637 0.000442172 0.000304785 0.000155787 5.69949e-05 1.55884e-05 3.38494e-06 6.03903e-07 8.77002e-08 9.53488e-09 5.60165e-10 0 
0 8.36942e-05 0.000392898 0.000690491 0.000966313 0.00131228 0.00171249 0.00213706 0.00255919 0.00295364 0.00329757 0.00357202 0.0037632 0.00386316 0.00386987 0.00378732 0.0036248 0.00339533 0.00311418 0.00279767 0.00246194 0.00212188 0.00179055 0.00147885 0.00119583 0.000949118 0.000744432 0.000583623 0.000463933 0.000377688 0.000305134 0.000217076 0.000117051 4.485e-05 1.26324e-05 2.78685e-06 5.01162e-07 7.30639e-08 7.95822e-09 4.67862e-10 0 
0 6.28232e-05 0.000338159 0.000642431 0.000875187 0.00114676 0.00146883 0.00181473 0.00216002 0.00248315 0.00276503 0.00298991 0.00314626 0.00322749 0.00323203 0.00316307 0.00302789 0.00283684 0.00260218 0.00233691 0.00205373 0.0017643 0.00147885 0.00120657 0.000957574 0.000745645 0.000583935 0.000467659 0.000371422 0.000281758 0.000210215 0.000154376 9.29287e-05 3.89324e-05 1.14385e-05 2.55096e-06 4.57129e-07 6.60708e-08 7.12561e-09 4.14828e-10 0 
0 4.38952e-05 0.000272489 0.000585947 0.000802997 0.00100887 0.00125567 0.00152766 0.00180209 0.00205995 0.00228524 0.00246502 0.00258988 0.00265437 0.00265711 0.00260053 0.00249025 0.00233427 0.00214199 0.00192319 0.00168718 0.00144225 0.00119583 0.000957574 0.000750828 0.00062534 0.000618603 0.0006692 0.000636267 0.00046751 0.000266278 0.000140189 7.99718e-05 3.6634e-05 1.12797e-05 2.51955e-06 4.44027e-07 6.28501e-08 6.64261e-09 3.79694e-10 0 
0 2.82328e-05 0.000201005 0.000507953 0.00074115 0.000904281 0.00108176 0.00128414 0.00149361 0.0016927 0.00186748 0.00200718 0.00210411 0.00215381 0.00215505 0.00210955 0.0020215 0.00189682 0.00174231 0.00156476 0.00137016 0.00116328 0.000949118 0.000745645 0.00062534 0.000734393 0.00115776 0.00182414 0.002183 0.0013191 0.000669478 0.000248106 8.77064e-05 3.60074e-05 1.13168e-05 2.5067e-06 4.30899e-07 5.93824e-08 6.12566e-09 3.42813e-10 0 
0 1.65481e-05 0.000132895 0.000401718 0.000666577 0.000827631 0.000953852 0.00109234 0.00124157 0.00138748 0.00151742 0.00162191 0.00169445 0.00173127 0.00173122 0.00169541 0.00162682 0.0015296 0.00140832 0.00126706 0.0011085 0.000933229 0.000744432 0.000583935 0.000618603 0.00115776 0.00262408 0.00449703 0.00466602 0.00379414 0.00154839 0.000522993 0.000133512 3.79215e-05 1.09831e-05 2.35885e-06 3.93361e-07 5.27957e-08 5.32705e-09 2.92617e-10 0 
0 8.76835e-06 7.74663e-05 0.000277984 0.000551304 0.000750591 0.000866023 0.000957979 0.00105338 0.00115036 0.00123963 0.00131275 0.00136379 0.00138932 0.00138806 0.00136063 0.00130898 0.00123587 0.00114401 0.00103494 0.000907354 0.000756002 0.000583623 0.000467659 0.0006692 0.00182414 0.00449703 0.00504955 0.005117 0.00482419 0.00322172 0.000838338 0.000193855 4.12373e-05 9.99754e-06 2.01088e-06 3.23613e-07 4.24845e-08 4.21972e-09 2.28923e-10 0 
0 4.17829e-06 3.94437e-05 0.000163115 0.000391776 0.00062675 0.000780626 0.000867826 0.000930145 0.000987027 0.00103998 0.00108453 0.00111597 0.00113114 0.00112859 0.00110842 0.00107175 0.00102009 0.000954274 0.000872615 0.000768373 0.00062998 0.000463933 0.000371422 0.000636267 0.002183 0.00466602 0.005117 0.0051775 0.00494632 0.00380154 0.000928065 0.000207984 3.92327e-05 8.10927e-06 1.50051e-06 2.3311e-07 3.0175e-08 2.97737e-09 1.60858e-10 0 
0 1.78651e-06 1.75139e-05 8.00672e-05 0.000227008 0.000438633 0.000634596 0.000764831 0.000839008 0.000883648 0.000915013 0.000938395 0.000953855 0.000960112 0.000956208 0.000941895 0.000917362 0.00088243 0.000835116 0.000769536 0.000674426 0.000538637 0.000377688 0.000281758 0.00046751 0.0013191 0.00379414 0.00482419 0.00494632 0.00459528 0.00233334 0.000683972 0.000154216 2.87602e-05 5.47305e-06 9.48591e-07 1.44176e-07 1.86343e-08 1.84653e-09 1.00283e-10 0 
0 6.85472e-07 6.81095e-06 3.30118e-05 0.00010525 0.000239993 0.000413911 0.000576537 0.000695388 0.000769719 0.000812879 0.00083705 0.000849281 0.000852749 0.000848578 0.000836847 0.00081672 0.000785906 0.000739759 0.000670882 0.000571495 0.000442172 0.000305134 0.000210215 0.000266278 0.000669478 0.00154839 0.00322172 0.00380154 0.00233334 0.00102683 0.000339825 7.90112e-05 1.56558e-05 2.92928e-06 4.96336e-07 7.57365e-08 9.93076e-09 9.99696e-10 5.50886e-11 0 
0 2.3636e-07 2.33686e-06 1.16046e-05 3.95567e-05 0.000101014 0.000201736 0.000327688 0.000452467 0.000555275 0.000629127 0.000676726 0.000703752 0.000715051 0.00071352 0.000700122 0.000674129 0.000633411 0.000575163 0.000497731 0.000403989 0.000304785 0.000217076 0.000154376 0.000140189 0.000248106 0.000522993 0.000838338 0.000928065 0.000683972 0.000339825 0.000115313 2.93568e-05 6.40056e-06 1.23089e-06 2.14106e-07 3.37528e-08 4.56028e-09 4.71299e-10 2.65788e-11 0 
0 7.33462e-08 7.1255e-07 3.53923e-06 1.23987e-05 3.36382e-05 7.36962e-05 0.00013422 0.00020901 0.000286549 0.000355741 0.000409705 0.000445934 0.000464552 0.000466602 0.000453112 0.000424928 0.000383138 0.000329929 0.000269549 0.000208761 0.000155787 0.000117051 9.29287e-05 7.99718e-05 8.77064e-05 0.000133512 0.000193855 0.000207984 0.000154216 7.90112e-05 2.93568e-05 8.5237e-06 2.02816e-06 4.16363e-07 7.72798e-08 1.28446e-08 1.80852e-09 1.93504e-10 1.1248e-11 0 
0 2.04838e-08 1.9402e-07 9.49582e-07 3.33178e-06 9.24261e-06 2.11688e-05 4.10938e-05 6.90585e-05 0.00010249 0.000136929 0.000167581 0.000190633 0.000203791 0.000206215 0.00019825 0.000181216 0.000157309 0.000129505 0.000101309 7.62211e-05 5.69949e-05 4.485e-05 3.89324e-05 3.6634e-05 3.60074e-05 3.79215e-05 4.12373e-05 3.92327e-05 2.87602e-05 1.56558e-05 6.40056e-06 2.02816e-06 5.25607e-07 1.18448e-07 2.38407e-08 4.20944e-09 6.21429e-10 6.92371e-11 4.17088e-12 0 
0 5.13263e-09 4.71976e-08 2.2571e-07 7.81524e-07 2.16637e-06 5.02643e-06 1.00142e-05 1.74485e-05 2.69999e-05 3.76227e-05 4.77992e-05 5.59631e-05 6.08965e-05 6.19719e-05 5.92213e-05 5.32715e-05 4.51885e-05 3.62601e-05 2.77493e-05 2.06627e-05 1.55884e-05 1.26324e-05 1.14385e-05 1.12797e-05 1.13168e-05 1.09831e-05 9.99754e-06 8.10927e-06 5.47305e-06 2.92928e-06 1.23089e-06 4.16363e-07 1.18448e-07 2.93376e-08 6.37293e-09 1.19394e-09 1.85237e-10 2.15662e-11 1.35134e-12 0 
0 1.1439e-09 1.01928e-08 4.74331e-08 1.60844e-07 4.40118e-07 1.01675e-06 2.03389e-06 3.58336e-06 5.63417e-06 7.99408e-06 1.03342e-05 1.2272e-05 1.34783e-05 1.37643e-05 1.31245e-05 1.17247e-05 9.84944e-06 7.82651e-06 5.95254e-06 4.43838e-06 3.38494e-06 2.78685e-06 2.55096e-06 2.51955e-06 2.5067e-06 2.35885e-06 2.01088e-06 1.50051e-06 9.48591e-07 4.96336e-07 2.14106e-07 7.72798e-08 2.38407e-08 6.37293e-09 1.47667e-09 2.92468e-10 4.77022e-11 5.81288e-12 3.79662e-13 0 
0 2.22411e-10 1.91978e-09 8.68039e-09 2.87294e-08 7.71511e-08 1.75962e-07 3.49522e-07 6.1461e-07 9.68328e-07 1.38019e-06 1.79418e-06 2.14181e-06 2.3615e-06 2.41643e-06 2.30424e-06 2.05563e-06 1.72375e-06 1.36878e-06 1.04348e-06 7.83479e-07 6.03903e-07 5.01162e-07 4.57129e-07 4.44027e-07 4.30899e-07 3.93361e-07 3.23613e-07 2.3311e-07 1.44176e-07 7.57365e-08 3.37528e-08 1.28446e-08 4.20944e-09 1.19394e-09 2.92468e-10 6.10335e-11 1.04557e-11 1.33378e-12 9.08744e-14 0 
0 3.61748e-11 3.0268e-10 1.32983e-09 4.29162e-09 1.12848e-08 2.53155e-08 4.96808e-08 8.66598e-08 1.35901e-07 1.93309e-07 2.5122e-07 3.00106e-07 3.31254e-07 3.39351e-07 3.23963e-07 2.89403e-07 2.43194e-07 1.93836e-07 1.48704e-07 1.12678e-07 8.77002e-08 7.30639e-08 6.60708e-08 6.28501e-08 5.93824e-08 5.27957e-08 4.24845e-08 3.0175e-08 1.86343e-08 9.93076e-09 4.56028e-09 1.80852e-09 6.21429e-10 1.85237e-10 4.77022e-11 1.04557e-11 1.87793e-12 2.50541e-13 1.78024e-14 0 
0 4.44631e-12 3.61094e-11 1.54303e-10 4.85734e-10 1.25015e-09 2.75513e-09 5.33124e-09 9.20111e-09 1.43204e-08 2.02676e-08 2.62612e-08 3.13274e-08 3.45712e-08 3.5442e-08 3.3889e-08 3.03524e-08 2.56058e-08 2.05258e-08 1.5872e-08 1.21443e-08 9.53488e-09 7.95822e-09 7.12561e-09 6.64261e-09 6.12566e-09 5.32705e-09 4.21972e-09 2.97737e-09 1.84653e-09 9.99696e-10 4.71299e-10 1.93504e-10 6.92371e-11 2.15662e-11 5.81288e-12 1.33378e-12 2.50541e-13 3.48989e-14 2.58357e-15 0 
0 2.95275e-13 2.33131e-12 9.70356e-12 2.98284e-11 7.51882e-11 1.62802e-10 3.10496e-10 5.29784e-10 8.17432e-10 1.14976e-09 1.48366e-09 1.76577e-09 1.94701e-09 1.99707e-09 1.91296e-09 1.71866e-09 1.45666e-09 1.17528e-09 9.16514e-10 7.08002e-10 5.60165e-10 4.67862e-10 4.14828e-10 3.79694e-10 3.42813e-10 2.92617e-10 2.28923e-10 1.60858e-10 1.00283e-10 5.50886e-11 2.65788e-11 1.1248e-11 4.17088e-12 1.35134e-12 3.79662e-13 9.08744e-14 1.78024e-14 2.58357e-15 1.98966e-16 0 
0 0 0 0 0 0 0 0 0 0 0 0 0 0 0 0 0 0 0 0 0 0 0 0 0 0 0 0 0 0 0 0 0 0 0 0 0 0 0 0 0 
