0 0 0 0 0 0 0 0 0 0 0 0 0 0 0 0 0 0 0 0 0 0 0 0 0 0 0 0 0 0 0 0 0 0 0 0 0 0 0 0 0 
0 1.1082e-07 9.46622e-07 3.83575e-06 1.0217e-05 2.01532e-05 3.18834e-05 4.31441e-05 5.2499e-05 5.95507e-05 6.45149e-05 6.77973e-05 6.977e-05 7.07002e-05 7.07513e-05 7.00027e-05 6.84659e-05 6.60956e-05 6.28019e-05 5.84755e-05 5.30355e-05 4.64965e-05 3.90398e-05 3.10576e-05 2.31332e-05 1.59329e-05 1.00246e-05 5.70099e-06 2.90727e-06 1.32331e-06 5.36831e-07 1.94238e-07 6.27772e-08 1.81338e-08 4.67097e-09 1.06453e-09 2.10718e-10 3.47651e-11 4.32163e-12 2.89576e-13 0 
0 9.46622e-07 8.0352e-06 3.01081e-05 6.84024e-05 0.000108978 0.000138083 0.000154374 0.000163159 0.000168975 0.000173804 0.000177946 0.000181057 0.000182738 0.00018278 0.000181229 0.000178369 0.000174644 0.000170548 0.000166432 0.000162269 0.000157388 0.000150344 0.000139143 0.000122068 9.89907e-05 7.23538e-05 4.66402e-05 2.61221e-05 1.26316e-05 5.2822e-06 1.92326e-06 6.1483e-07 1.73726e-07 4.34919e-08 9.60282e-09 1.83966e-09 2.93848e-10 3.54066e-11 2.30348e-12 0 
0 3.83575e-06 3.01081e-05 9.28718e-05 0.000159897 0.000196881 0.000213604 0.000228358 0.000247019 0.000268066 0.000288477 0.000305773 0.00031831 0.000325178 0.000326082 0.000321255 0.000311381 0.000297519 0.000281044 0.000263593 0.000247 0.000233112 0.000223308 0.00021754 0.000213034 0.000203612 0.000181608 0.000143702 9.65558e-05 5.36723e-05 2.45698e-05 9.37567e-06 3.04051e-06 8.53128e-07 2.09452e-07 4.5057e-08 8.3862e-09 1.30063e-09 1.52273e-10 9.63931e-12 0 
0 1.0217e-05 6.84024e-05 0.000159897 0.000213626 0.000240257 0.000273122 0.000316755 0.00036495 0.000412033 0.000454018 0.000488064 0.000512226 0.000525398 0.000527291 0.000518381 0.000499807 0.000473234 0.000440697 0.000404459 0.000366912 0.000330579 0.000298204 0.000272782 0.00025691 0.000250656 0.000247913 0.000234534 0.000195823 0.000134011 7.21275e-05 3.05139e-05 1.04218e-05 2.97094e-06 7.25136e-07 1.53275e-07 2.78755e-08 4.21551e-09 4.8117e-10 2.97235e-11 0 
0 2.01532e-05 0.000108978 0.000196881 0.000240257 0.000290317 0.000359014 0.000436999 0.000516348 0.000591324 0.000657263 0.000710405 0.000748022 0.000768535 0.000771552 0.000757816 0.00072905 0.00068775 0.000636929 0.000579855 0.000519822 0.000459981 0.000403297 0.000352723 0.000311613 0.000283816 0.000271752 0.000270617 0.00026181 0.000220364 0.000145739 7.21777e-05 2.71138e-05 8.07794e-06 1.99382e-06 4.18458e-07 7.48783e-08 1.10972e-08 1.23987e-09 7.49921e-11 0 
0 3.18834e-05 0.000138083 0.000213604 0.000273122 0.000359014 0.000463413 0.000575598 0.000687784 0.000793129 0.00088552 0.000959897 0.00101263 0.00104165 0.001046 0.00102653 0.000986123 0.000928319 0.000857153 0.000777061 0.000692504 0.000607656 0.000526213 0.000451359 0.000386004 0.000333457 0.00029806 0.00028324 0.00028319 0.000272343 0.000218523 0.000130325 5.58883e-05 1.79091e-05 4.55267e-06 9.59472e-07 1.70175e-07 2.48492e-08 2.72915e-09 1.62198e-10 0 
0 4.31441e-05 0.000154374 0.000228358 0.000316755 0.000436999 0.000575598 0.000722471 0.000868735 0.00100586 0.00112649 0.00123051 0.00132595 0.00139127 0.00140315 0.00135947 0.00127673 0.00118447 0.00108908 0.000984624 0.000874393 0.000763533 0.000656674 0.000557628 0.00046943 0.000394738 0.000336824 0.000300485 0.000288699 0.000289729 0.000266237 0.00018939 9.44775e-05 3.33091e-05 8.8664e-06 1.8964e-06 3.35752e-07 4.85552e-08 5.26387e-09 3.08483e-10 0 
0 5.2499e-05 0.000163159 0.000247019 0.00036495 0.000516348 0.000687784 0.000868735 0.00104871 0.00121869 0.00139849 0.00160176 0.0017313 0.00178555 0.00179392 0.00176237 0.00167708 0.00151676 0.00133385 0.00119124 0.00105488 0.000918273 0.000786384 0.000663729 0.000553745 0.000458976 0.000381766 0.000325732 0.000296152 0.000292128 0.000287526 0.00023504 0.000135872 5.32986e-05 1.50312e-05 3.29064e-06 5.85044e-07 8.41762e-08 9.04176e-09 5.24219e-10 0 
0 5.95507e-05 0.000168975 0.000268066 0.000412033 0.000591324 0.000793129 0.00100586 0.00121869 0.0014632 0.00173664 0.00186672 0.00192909 0.00195785 0.00196249 0.00194493 0.00190176 0.00182062 0.00165554 0.00140613 0.00122426 0.00106281 0.00090759 0.00076302 0.000632978 0.000520133 0.000426402 0.000354188 0.00030817 0.000292424 0.000293253 0.000263256 0.000172671 7.52303e-05 2.25882e-05 5.08756e-06 9.12199e-07 1.31052e-07 1.39926e-08 8.04925e-10 0 
0 6.45149e-05 0.000173804 0.000288477 0.000454018 0.000657263 0.00088552 0.00112649 0.00139849 0.00173664 0.00190065 0.00198118 0.00202556 0.00204715 0.00205066 0.00203723 0.00200531 0.00194948 0.00185436 0.0016667 0.00138759 0.00118931 0.00101328 0.000849636 0.000702207 0.000573837 0.000466285 0.000381182 0.000322028 0.000294306 0.000292837 0.000277687 0.000200763 9.59495e-05 3.05977e-05 7.09869e-06 1.28644e-06 1.85003e-07 1.96844e-08 1.12629e-09 0 
0 6.77973e-05 0.000177946 0.000305773 0.000488064 0.000710405 0.000959897 0.00123051 0.00160176 0.00186672 0.00198118 0.00204532 0.00208262 0.00210116 0.00210415 0.00209247 0.00206512 0.00201873 0.00194482 0.00181938 0.00156527 0.00129482 0.00109769 0.000918735 0.000757449 0.000616763 0.000498383 0.000403501 0.000334652 0.000297251 0.000290915 0.000283682 0.00021961 0.000112956 3.79269e-05 9.03937e-06 1.6559e-06 2.38693e-07 2.53555e-08 1.4459e-09 0 
0 6.977e-05 0.000181057 0.00031831 0.000512226 0.000748022 0.00101263 0.00132595 0.0017313 0.00192909 0.00202556 0.00208262 0.00211655 0.00213357 0.00213627 0.00212539 0.00210019 0.00205806 0.00199283 0.0018886 0.00169108 0.00138237 0.0011568 0.000966783 0.000795815 0.000646548 0.00052067 0.000419132 0.00034384 0.00029978 0.000288947 0.000285243 0.000230564 0.000124854 4.35647e-05 1.06045e-05 1.96035e-06 2.8333e-07 3.00848e-08 1.71254e-09 0 
0 7.07002e-05 0.000182738 0.000325178 0.000525398 0.000768535 0.00104165 0.00139127 0.00178555 0.00195785 0.00204715 0.00210116 0.00213357 0.00214985 0.00215235 0.00214176 0.00211742 0.00207704 0.00201529 0.00191907 0.00174654 0.00143814 0.00118817 0.000991748 0.000815632 0.00066182 0.000531985 0.000426956 0.000348302 0.000300669 0.000287042 0.000284603 0.000235283 0.000131165 4.68225e-05 1.15481e-05 2.14777e-06 3.11102e-07 3.30445e-08 1.88001e-09 0 
0 7.07513e-05 0.00018278 0.000326082 0.000527291 0.000771552 0.001046 0.00140315 0.00179392 0.00196249 0.00205066 0.00210415 0.00213627 0.00215235 0.00215471 0.00214403 0.00211965 0.00207933 0.00201785 0.00192252 0.00175321 0.00144546 0.00119042 0.000993143 0.000816475 0.0006622 0.000531968 0.000426568 0.000347479 0.000299227 0.000284951 0.0002827 0.00023492 0.000131931 4.73965e-05 1.17382e-05 2.18828e-06 3.17386e-07 3.37376e-08 1.92035e-09 0 
0 7.00027e-05 0.000181229 0.000321255 0.000518381 0.000757816 0.00102653 0.00135947 0.00176237 0.00194493 0.00203723 0.00209247 0.00212539 0.00214176 0.00214403 0.00213289 0.00210764 0.00206584 0.00200177 0.00190111 0.00171656 0.001403 0.00116451 0.000971949 0.000799087 0.000648219 0.000520966 0.000418146 0.000341365 0.000295252 0.000282416 0.000279584 0.000229887 0.000127428 4.53452e-05 1.11777e-05 2.08096e-06 3.0192e-07 3.21286e-08 1.83132e-09 0 
0 6.84659e-05 0.000178369 0.000311381 0.000499807 0.00072905 0.000986123 0.00127673 0.00167708 0.00190176 0.00200531 0.00206512 0.00210019 0.00211742 0.00211965 0.00210764 0.00208054 0.00203537 0.00196501 0.00185037 0.00162466 0.00132404 0.00111405 0.000930408 0.0007652 0.000621163 0.00049989 0.000402302 0.000330339 0.000288864 0.000279112 0.000274549 0.000219901 0.000118069 4.10377e-05 9.99275e-06 1.85206e-06 2.68611e-07 2.86282e-08 1.63566e-09 0 
0 6.60956e-05 0.000174644 0.000297519 0.000473234 0.00068775 0.000928319 0.00118447 0.00151676 0.00182062 0.00194948 0.00201873 0.00205806 0.00207704 0.00207933 0.00206584 0.00203537 0.00198378 0.00190051 0.00175319 0.00147027 0.00123003 0.00104335 0.000871701 0.000717272 0.000582853 0.000470021 0.000379898 0.00031496 0.000280203 0.000274289 0.000266004 0.000204206 0.000104495 3.50946e-05 8.39688e-06 1.54649e-06 2.24198e-07 2.39502e-08 1.37318e-09 0 
0 6.28019e-05 0.000170548 0.000281044 0.000440697 0.000636929 0.000857153 0.00108908 0.00133385 0.00165554 0.00185436 0.00194482 0.00199283 0.00201529 0.00201785 0.00200177 0.00196501 0.00190051 0.001788 0.00156133 0.00130898 0.00112631 0.000956923 0.000799594 0.000658189 0.000535377 0.000432765 0.000351815 0.000295656 0.000268886 0.000266074 0.000251287 0.000182039 8.77562e-05 2.83119e-05 6.64279e-06 1.2157e-06 1.76324e-07 1.89039e-08 1.08921e-09 0 
0 5.84755e-05 0.000166432 0.000263593 0.000404459 0.000579855 0.000777061 0.000984624 0.00119124 0.00140613 0.0016667 0.00181938 0.0018886 0.00191907 0.00192252 0.00190111 0.00185037 0.00175319 0.00156133 0.00133766 0.00117032 0.00101196 0.000859665 0.000718081 0.000590955 0.000480821 0.000389395 0.000318618 0.000272119 0.000252966 0.000250522 0.000226907 0.000153447 6.94622e-05 2.15519e-05 4.97011e-06 9.05859e-07 1.31709e-07 1.41975e-08 8.23444e-10 0 
0 5.30355e-05 0.000162269 0.000247 0.000366912 0.000519822 0.000692504 0.000874393 0.00105488 0.00122426 0.00138759 0.00156527 0.00169108 0.00174654 0.00175321 0.00171656 0.00162466 0.00147027 0.00130898 0.00117032 0.00103098 0.000891314 0.000756501 0.000631067 0.000518434 0.000421034 0.000340776 0.000280035 0.000242161 0.000227423 0.00022132 0.000190149 0.000120376 5.17211e-05 1.55968e-05 3.56103e-06 6.49289e-07 9.49053e-08 1.03054e-08 6.02491e-10 0 
0 4.64965e-05 0.000157388 0.000233112 0.000330579 0.000459981 0.000607656 0.000763533 0.000918273 0.00106281 0.00118931 0.00129482 0.00138237 0.00143814 0.00144546 0.001403 0.00132404 0.00123003 0.00112631 0.00101196 0.000891314 0.000769724 0.000652009 0.000542133 0.000443175 0.0003575 0.000287145 0.000234274 0.000200708 0.000184654 0.00017339 0.000142832 8.72666e-05 3.67153e-05 1.09919e-05 2.51319e-06 4.60808e-07 6.78478e-08 7.42463e-09 4.37384e-10 0 
0 3.90398e-05 0.000150344 0.000223308 0.000298204 0.000403297 0.000526213 0.000656674 0.000786384 0.00090759 0.00101328 0.00109769 0.0011568 0.00118817 0.00119042 0.00116451 0.00111405 0.00104335 0.000956923 0.000859665 0.000756501 0.000652009 0.000550197 0.000454422 0.000367475 0.000291781 0.000229316 0.000181052 0.000146973 0.000126355 0.000113856 9.45301e-05 5.97243e-05 2.59406e-05 7.93036e-06 1.83503e-06 3.38838e-07 5.01275e-08 5.50608e-09 3.254e-10 0 
0 3.10576e-05 0.000139143 0.00021754 0.000272782 0.000352723 0.000451359 0.000557628 0.000663729 0.00076302 0.000849636 0.000918735 0.000966783 0.000991748 0.000993143 0.000971949 0.000930408 0.000871701 0.000799594 0.000718081 0.000631067 0.000542133 0.000454422 0.000370769 0.000294313 0.000229297 0.000179691 0.000144038 0.000114723 8.81941e-05 6.95098e-05 5.80095e-05 4.08635e-05 1.94742e-05 6.23024e-06 1.46165e-06 2.69779e-07 3.97022e-08 4.33378e-09 2.54586e-10 0 
0 2.31332e-05 0.000122068 0.000213034 0.00025691 0.000311613 0.000386004 0.00046943 0.000553745 0.000632978 0.000702207 0.000757449 0.000795815 0.000815632 0.000816475 0.000799087 0.0007652 0.000717272 0.000658189 0.000590955 0.000518434 0.000443175 0.000367475 0.000294313 0.000230818 0.000192205 0.000190093 0.000205633 0.000195513 0.00014367 8.20501e-05 4.50732e-05 2.98404e-05 1.5955e-05 5.42634e-06 1.28316e-06 2.33664e-07 3.3755e-08 3.61887e-09 2.09204e-10 0 
0 1.59329e-05 9.89907e-05 0.000203612 0.000250656 0.000283816 0.000333457 0.000394738 0.000458976 0.000520133 0.000573837 0.000616763 0.000646548 0.00066182 0.0006622 0.000648219 0.000621163 0.000582853 0.000535377 0.000480821 0.000421034 0.0003575 0.000291781 0.000229297 0.000192205 0.000225665 0.000355764 0.00064683 0.000780212 0.000423552 0.000205717 7.63397e-05 2.85164e-05 1.39229e-05 4.97789e-06 1.17911e-06 2.09916e-07 2.9526e-08 3.08882e-09 1.74802e-10 0 
0 1.00246e-05 7.23538e-05 0.000181608 0.000247913 0.000271752 0.00029806 0.000336824 0.000381766 0.000426402 0.000466285 0.000498383 0.00052067 0.000531985 0.000531968 0.000520966 0.00049989 0.000470021 0.000432765 0.000389395 0.000340776 0.000287145 0.000229316 0.000179691 0.000190093 0.000355764 0.000918622 0.00131955 0.00135024 0.0012261 0.000493397 0.000160706 4.13354e-05 1.32569e-05 4.52004e-06 1.05566e-06 1.82955e-07 2.50451e-08 2.55893e-09 1.41941e-10 0 
0 5.70099e-06 4.66402e-05 0.000143702 0.000234534 0.000270617 0.00028324 0.000300485 0.000325732 0.000354188 0.000381182 0.000403501 0.000419132 0.000426956 0.000426568 0.000418146 0.000402302 0.000379898 0.000351815 0.000318618 0.000280035 0.000234274 0.000181052 0.000144038 0.000205633 0.00064683 0.00131955 0.00143896 0.00145297 0.00139298 0.00108753 0.000258978 5.96357e-05 1.35772e-05 3.91229e-06 8.71458e-07 1.46486e-07 1.96062e-08 1.96873e-09 1.07675e-10 0 
0 2.90727e-06 2.61221e-05 9.65558e-05 0.000195823 0.00026181 0.00028319 0.000288699 0.000296152 0.00030817 0.000322028 0.000334652 0.00034384 0.000348302 0.000347479 0.000341365 0.000330339 0.00031496 0.000295656 0.000272119 0.000242161 0.000200708 0.000146973 0.000114723 0.000195513 0.000780212 0.00135024 0.00145297 0.00146732 0.00141826 0.00122233 0.000305531 6.39465e-05 1.26696e-05 3.08362e-06 6.37785e-07 1.03879e-07 1.37033e-08 1.36493e-09 7.4235e-11 0 
0 1.32331e-06 1.26316e-05 5.36723e-05 0.000134011 0.000220364 0.000272343 0.000289729 0.000292128 0.000292424 0.000294306 0.000297251 0.00029978 0.000300669 0.000299227 0.000295252 0.000288864 0.000280203 0.000268886 0.000252966 0.000227423 0.000184654 0.000126355 8.81941e-05 0.00014367 0.000423552 0.0012261 0.00139298 0.00141826 0.00133156 0.000810135 0.00021017 4.74518e-05 9.35724e-06 2.07502e-06 4.00346e-07 6.37408e-08 8.38387e-09 8.37468e-10 4.57289e-11 0 
0 5.36831e-07 5.2822e-06 2.45698e-05 7.21275e-05 0.000145739 0.000218523 0.000266237 0.000287526 0.000293253 0.000292837 0.000290915 0.000288947 0.000287042 0.000284951 0.000282416 0.000279112 0.000274289 0.000266074 0.000250522 0.00022132 0.00017339 0.000113856 6.95098e-05 8.20501e-05 0.000205717 0.000493397 0.00108753 0.00122233 0.000810135 0.000315523 0.000104425 2.44613e-05 5.26416e-06 1.13259e-06 2.10352e-07 3.34057e-08 4.44491e-09 4.50373e-10 2.49271e-11 0 
0 1.94238e-07 1.92326e-06 9.37567e-06 3.05139e-05 7.21777e-05 0.000130325 0.00018939 0.00023504 0.000263256 0.000277687 0.000283682 0.000285243 0.000284603 0.0002827 0.000279584 0.000274549 0.000266004 0.000251287 0.000226907 0.000190149 0.000142832 9.45301e-05 5.80095e-05 4.50732e-05 7.63397e-05 0.000160706 0.000258978 0.000305531 0.00021017 0.000104425 3.55255e-05 9.38153e-06 2.28291e-06 4.92512e-07 9.18041e-08 1.49049e-08 2.03562e-09 2.1143e-10 1.19655e-11 0 
0 6.27772e-08 6.1483e-07 3.04051e-06 1.04218e-05 2.71138e-05 5.58883e-05 9.44775e-05 0.000135872 0.000172671 0.000200763 0.00021961 0.000230564 0.000235283 0.00023492 0.000229887 0.000219901 0.000204206 0.000182039 0.000153447 0.000120376 8.72666e-05 5.97243e-05 4.08635e-05 2.98404e-05 2.85164e-05 4.13354e-05 5.96357e-05 6.39465e-05 4.74518e-05 2.44613e-05 9.38153e-06 2.9525e-06 7.78042e-07 1.73116e-07 3.35899e-08 5.68586e-09 8.06197e-10 8.65748e-11 5.04652e-12 0 
0 1.81338e-08 1.73726e-07 8.53128e-07 2.97094e-06 8.07794e-06 1.79091e-05 3.33091e-05 5.32986e-05 7.52303e-05 9.59495e-05 0.000112956 0.000124854 0.000131165 0.000131931 0.000127428 0.000118069 0.000104495 8.77562e-05 6.94622e-05 5.17211e-05 3.67153e-05 2.59406e-05 1.94742e-05 1.5955e-05 1.39229e-05 1.32569e-05 1.35772e-05 1.26696e-05 9.35724e-06 5.26416e-06 2.28291e-06 7.78042e-07 2.15551e-07 5.08511e-08 1.04759e-08 1.86741e-09 2.76834e-10 3.09246e-11 1.86705e-12 0 
0 4.67097e-09 4.34919e-08 2.09452e-07 7.25136e-07 1.99382e-06 4.55267e-06 8.8664e-06 1.50312e-05 2.25882e-05 3.05977e-05 3.79269e-05 4.35647e-05 4.68225e-05 4.73965e-05 4.53452e-05 4.10377e-05 3.50946e-05 2.83119e-05 2.15519e-05 1.55968e-05 1.09919e-05 7.93036e-06 6.23024e-06 5.42634e-06 4.97789e-06 4.52004e-06 3.91229e-06 3.08362e-06 2.07502e-06 1.13259e-06 4.92512e-07 1.73116e-07 5.08511e-08 1.28501e-08 2.81887e-09 5.30429e-10 8.24958e-11 9.62272e-12 6.04009e-13 0 
0 1.06453e-09 9.60282e-09 4.5057e-08 1.53275e-07 4.18458e-07 9.59472e-07 1.8964e-06 3.29064e-06 5.08756e-06 7.09869e-06 9.03937e-06 1.06045e-05 1.15481e-05 1.17382e-05 1.11777e-05 9.99275e-06 8.39688e-06 6.64279e-06 4.97011e-06 3.56103e-06 2.51319e-06 1.83503e-06 1.46165e-06 1.28316e-06 1.17911e-06 1.05566e-06 8.71458e-07 6.37785e-07 4.00346e-07 2.10352e-07 9.18041e-08 3.35899e-08 1.04759e-08 2.81887e-09 6.55405e-10 1.30062e-10 2.12444e-11 2.59229e-12 1.69541e-13 0 
0 2.10718e-10 1.83966e-09 8.3862e-09 2.78755e-08 7.48783e-08 1.70175e-07 3.35752e-07 5.85044e-07 9.12199e-07 1.28644e-06 1.6559e-06 1.96035e-06 2.14777e-06 2.18828e-06 2.08096e-06 1.85206e-06 1.54649e-06 1.2157e-06 9.05859e-07 6.49289e-07 4.60808e-07 3.38838e-07 2.69779e-07 2.33664e-07 2.09916e-07 1.82955e-07 1.46486e-07 1.03879e-07 6.37408e-08 3.34057e-08 1.49049e-08 5.68586e-09 1.86741e-09 5.30429e-10 1.30062e-10 2.71645e-11 4.65762e-12 5.94702e-13 4.05598e-14 0 
0 3.47651e-11 2.93848e-10 1.30063e-09 4.21551e-09 1.10972e-08 2.48492e-08 4.85552e-08 8.41762e-08 1.31052e-07 1.85003e-07 2.38693e-07 2.8333e-07 3.11102e-07 3.17386e-07 3.0192e-07 2.68611e-07 2.24198e-07 1.76324e-07 1.31709e-07 9.49053e-08 6.78478e-08 5.01275e-08 3.97022e-08 3.3755e-08 2.9526e-08 2.50451e-08 1.96062e-08 1.37033e-08 8.38387e-09 4.44491e-09 2.03562e-09 8.06197e-10 2.76834e-10 8.24958e-11 2.12444e-11 4.65762e-12 8.36912e-13 1.11721e-13 7.94415e-15 0 
0 4.32163e-12 3.54066e-11 1.52273e-10 4.8117e-10 1.23987e-09 2.72915e-09 5.26387e-09 9.04176e-09 1.39926e-08 1.96844e-08 2.53555e-08 3.00848e-08 3.30445e-08 3.37376e-08 3.21286e-08 2.86282e-08 2.39502e-08 1.89039e-08 1.41975e-08 1.03054e-08 7.42463e-09 5.50608e-09 4.33378e-09 3.61887e-09 3.08882e-09 2.55893e-09 1.96873e-09 1.36493e-09 8.37468e-10 4.50373e-10 2.1143e-10 8.65748e-11 3.09246e-11 9.62272e-12 2.59229e-12 5.94702e-13 1.11721e-13 1.55668e-14 1.15294e-15 0 
0 2.89576e-13 2.30348e-12 9.63931e-12 2.97235e-11 7.49921e-11 1.62198e-10 3.08483e-10 5.24219e-10 8.04925e-10 1.12629e-09 1.4459e-09 1.71254e-09 1.88001e-09 1.92035e-09 1.83132e-09 1.63566e-09 1.37318e-09 1.08921e-09 8.23444e-10 6.02491e-10 4.37384e-10 3.254e-10 2.54586e-10 2.09204e-10 1.74802e-10 1.41941e-10 1.07675e-10 7.4235e-11 4.57289e-11 2.49271e-11 1.19655e-11 5.04652e-12 1.86705e-12 6.04009e-13 1.69541e-13 4.05598e-14 7.94415e-15 1.15294e-15 8.881e-17 0 
0 0 0 0 0 0 0 0 0 0 0 0 0 0 0 0 0 0 0 0 0 0 0 0 0 0 0 0 0 0 0 0 0 0 0 0 0 0 0 0 0 
