0 0 0 0 0 0 0 0 0 0 0 0 0 0 0 0 0 0 0 0 0 0 0 0 0 0 0 0 0 0 0 0 0 0 0 0 0 0 0 0 0 
0 9.92428e-09 9.32043e-08 4.56568e-07 1.62617e-06 4.65761e-06 1.12088e-05 2.32209e-05 4.21014e-05 6.77025e-05 9.77063e-05 0.00012789 0.000153218 0.000169259 0.000173357 0.000165195 0.000146706 0.000121432 9.35742e-05 6.69979e-05 4.44661e-05 2.72941e-05 1.54659e-05 8.08055e-06 3.89144e-06 1.72808e-06 7.08362e-07 2.68432e-07 9.41937e-08 3.06548e-08 9.26313e-09 2.59983e-09 6.77068e-10 1.63117e-10 3.61229e-11 7.26589e-12 1.29799e-12 1.96904e-13 2.28558e-14 1.44817e-15 0 
0 9.32043e-08 9.12025e-07 4.64293e-06 1.70921e-05 5.01914e-05 0.000122606 0.000255047 0.000459679 0.000729177 0.00103367 0.00132843 0.00156722 0.00171413 0.00175003 0.00167409 0.00150197 0.00126202 0.000989821 0.000721427 0.000486255 0.000301747 0.000171822 8.9612e-05 4.27948e-05 1.87337e-05 7.53289e-06 2.78951e-06 9.53901e-07 3.01977e-07 8.86691e-08 2.41726e-08 6.11538e-09 1.43193e-09 3.08452e-10 6.04114e-11 1.05204e-11 1.55769e-12 1.76704e-13 1.09558e-14 0 
0 4.56568e-07 4.64293e-06 2.44542e-05 9.23053e-05 0.000274224 0.000666403 0.00135492 0.00235124 0.00355845 0.00480446 0.00591103 0.00674441 0.00722881 0.0073374 0.0070795 0.0064925 0.00563978 0.00461084 0.00351758 0.00248016 0.00160144 0.000940247 0.000499956 0.000240608 0.000105035 4.17571e-05 1.51899e-05 5.07957e-06 1.56789e-06 4.48114e-07 1.18813e-07 2.92308e-08 6.65861e-09 1.39645e-09 2.66544e-10 4.52902e-11 6.55129e-12 7.26989e-13 4.41496e-14 0 
0 1.62617e-06 1.70921e-05 9.23053e-05 0.000351859 0.00103219 0.0024109 0.00459366 0.00735042 0.0102262 0.0128027 0.0148378 0.0162418 0.0170057 0.0171528 0.0167166 0.0157354 0.0142543 0.0123365 0.0100868 0.00767763 0.00535103 0.00336326 0.00188628 0.000940377 0.000417785 0.000166538 6.007e-05 1.97662e-05 5.97426e-06 1.66714e-06 4.30937e-07 1.03305e-07 2.29325e-08 4.68963e-09 8.73618e-10 1.45036e-10 2.05233e-11 2.23073e-12 1.32861e-13 0 
0 4.65761e-06 5.01914e-05 0.000274224 0.00103219 0.00289005 0.00621743 0.0106579 0.0153108 0.0194391 0.0227516 0.0252187 0.0268767 0.0277605 0.0279036 0.0273477 0.026144 0.0243449 0.0219924 0.0191151 0.0157597 0.0120707 0.00837507 0.00514146 0.00275166 0.0012808 0.000522737 0.000189585 6.19458e-05 1.84451e-05 5.04732e-06 1.27616e-06 2.98894e-07 6.48111e-08 1.29505e-08 2.35904e-09 3.83336e-10 5.31532e-11 5.66797e-12 3.31589e-13 0 
0 1.12088e-05 0.000122606 0.000666403 0.0024109 0.00621743 0.0119333 0.0182045 0.0238544 0.0285468 0.0323258 0.0352302 0.03724 0.0383263 0.0384893 0.0377717 0.0362566 0.0340532 0.0312731 0.027998 0.0242481 0.0199937 0.0152794 0.010448 0.00618479 0.00311274 0.0013347 0.000495609 0.000162709 4.80985e-05 1.29751e-05 3.22177e-06 7.39658e-07 1.57102e-07 3.07505e-08 5.48985e-09 8.75016e-10 1.19127e-10 1.24859e-11 7.18781e-13 0 
0 2.32209e-05 0.000255047 0.00135492 0.00459366 0.0106579 0.0182045 0.0253784 0.0315951 0.0369531 0.0414839 0.0450812 0.0476129 0.0489905 0.0491936 0.0482729 0.0463414 0.0435598 0.0401137 0.0361837 0.0318994 0.0272814 0.0222237 0.0166639 0.0109813 0.00610565 0.00281862 0.00109297 0.000365439 0.000108196 2.89462e-05 7.08997e-06 1.60129e-06 3.34191e-07 6.4257e-08 1.12721e-08 1.7665e-09 2.3666e-10 2.4433e-11 1.38689e-12 0 
0 4.21014e-05 0.000459679 0.00235124 0.00735042 0.0153108 0.0238544 0.0315951 0.0385734 0.0448793 0.0503465 0.0547305 0.0578263 0.0595114 0.059757 0.0586245 0.0562542 0.0528474 0.0486437 0.0438957 0.0388328 0.0336058 0.0282017 0.0224148 0.0161282 0.00991969 0.00500315 0.00206034 0.000710869 0.000212692 5.67804e-05 1.37819e-05 3.07365e-06 6.32391e-07 1.19804e-07 2.07083e-08 3.19921e-09 4.22818e-10 4.31002e-11 2.41784e-12 0 
0 6.77025e-05 0.000729177 0.00355845 0.0102262 0.0194391 0.0285468 0.0369531 0.0448793 0.0522061 0.058604 0.0637427 0.0673713 0.0693441 0.069627 0.0682928 0.0655066 0.0615051 0.0565717 0.0510101 0.0451146 0.0391301 0.0331778 0.0271428 0.020696 0.0138453 0.00762954 0.00336749 0.00121104 0.000369019 9.88557e-05 2.38814e-05 5.27875e-06 1.07428e-06 2.01149e-07 3.43611e-08 5.2479e-09 6.86091e-10 6.92362e-11 3.84859e-12 0 
0 9.77063e-05 0.00103367 0.00480446 0.0128027 0.0227516 0.0323258 0.0414839 0.0503465 0.058604 0.0658251 0.0716243 0.0757164 0.0779372 0.0782493 0.0767355 0.0735826 0.0690583 0.0634829 0.0572004 0.0505498 0.0438331 0.037263 0.0308551 0.0243077 0.0172663 0.0102676 0.00485445 0.00182808 0.000570228 0.000153964 3.71596e-05 8.16904e-06 1.64987e-06 3.06305e-07 5.18728e-08 7.85629e-09 1.01912e-09 1.02124e-10 5.64241e-12 0 
0 0.00012789 0.00132843 0.00591103 0.0148378 0.0252187 0.0352302 0.0450812 0.0547305 0.0637427 0.0716243 0.0779508 0.0824111 0.0848268 0.0851579 0.0834959 0.0800454 0.075099 0.0690065 0.0621437 0.0548819 0.0475589 0.0404407 0.0336367 0.0269449 0.0198854 0.0125298 0.00628942 0.00247622 0.000792007 0.000216114 5.22677e-05 1.1464e-05 2.30527e-06 4.2578e-07 7.17277e-08 1.08102e-08 1.39639e-09 1.3947e-10 7.68921e-12 0 
0 0.000153218 0.00156722 0.00674441 0.0162418 0.0268767 0.03724 0.0476129 0.0578263 0.0673713 0.0757164 0.0824111 0.0871263 0.0896742 0.0900133 0.0882417 0.0845769 0.0793294 0.0728702 0.065597 0.0579035 0.0501497 0.0426311 0.035512 0.0286772 0.0216437 0.0141871 0.00745701 0.00304863 0.000998035 0.000275464 6.69089e-05 1.46848e-05 2.9501e-06 5.44082e-07 9.15386e-08 1.37868e-08 1.78145e-09 1.78216e-10 9.85653e-12 0 
0 0.000169259 0.00171413 0.00722881 0.0170057 0.0277605 0.0383263 0.0489905 0.0595114 0.0693441 0.0779372 0.0848268 0.0896742 0.0922866 0.0926229 0.0907846 0.0869972 0.0815813 0.0749195 0.067422 0.0594939 0.0515072 0.0437709 0.0364771 0.0295644 0.0225809 0.0151567 0.00821503 0.00345239 0.00115175 0.000321403 7.85471e-05 1.73043e-05 3.4867e-06 6.45048e-07 1.08944e-07 1.64915e-08 2.14515e-09 2.16447e-10 1.21002e-11 0 
0 0.000173357 0.00175003 0.0073374 0.0171528 0.0279036 0.0384893 0.0491936 0.059757 0.069627 0.0782493 0.0851579 0.0900133 0.0926229 0.0929459 0.0910857 0.0872698 0.0818207 0.0751235 0.0675904 0.0596284 0.0516108 0.0438492 0.0365437 0.029656 0.0227609 0.0154451 0.00850587 0.00363385 0.00122876 0.000346448 8.53841e-05 1.89599e-05 3.85251e-06 7.19595e-07 1.22919e-07 1.88593e-08 2.49255e-09 2.56211e-10 1.46291e-11 0 
0 0.000165195 0.00167409 0.0070795 0.0167166 0.0273477 0.0377717 0.0482729 0.0586245 0.0682928 0.0767355 0.0834959 0.0882417 0.0907846 0.0910857 0.0892473 0.0854932 0.0801406 0.0735677 0.0661789 0.0583736 0.0505172 0.0429143 0.0357581 0.0290075 0.0222517 0.015105 0.00834417 0.00358825 0.0012247 0.000349183 8.7166e-05 1.96417e-05 4.05948e-06 7.73379e-07 1.3515e-07 2.12799e-08 2.89462e-09 3.06957e-10 1.81087e-11 0 
0 0.000146706 0.00150197 0.0064925 0.0157354 0.026144 0.0362566 0.0463414 0.0562542 0.0655066 0.0735826 0.0800454 0.0845769 0.0869972 0.0872698 0.0854932 0.0818827 0.0767432 0.0704376 0.063354 0.055875 0.0483505 0.0410686 0.0342026 0.0276883 0.0211252 0.0142196 0.00780236 0.00335688 0.00115628 0.000335104 8.55032e-05 1.97882e-05 4.21934e-06 8.32771e-07 1.51298e-07 2.48265e-08 3.52275e-09 3.89408e-10 2.38908e-11 0 
0 0.000121432 0.00126202 0.00563978 0.0142543 0.0243449 0.0340532 0.0435598 0.0528474 0.0615051 0.0690583 0.075099 0.0793294 0.0815813 0.0818207 0.0801406 0.0767432 0.0719149 0.0659962 0.0593513 0.052339 0.0452857 0.0384549 0.0319863 0.0257806 0.0194656 0.0129045 0.00700012 0.00301633 0.00105672 0.00031549 8.37293e-05 2.0302e-05 4.55881e-06 9.50201e-07 1.82326e-07 3.15163e-08 4.68804e-09 5.39745e-10 3.42381e-11 0 
0 9.35742e-05 0.000989821 0.00461084 0.0123365 0.0219924 0.0312731 0.0401137 0.0486437 0.0565717 0.0634829 0.0690065 0.0728702 0.0749195 0.0751235 0.0735677 0.0704376 0.0659962 0.060556 0.0544513 0.0480105 0.04153 0.0352384 0.0292309 0.0233774 0.0173832 0.0113172 0.00609233 0.00266269 0.000968376 0.000305557 8.66807e-05 2.25825e-05 5.44613e-06 1.21278e-06 2.4647e-07 4.46497e-08 6.88471e-09 8.1324e-10 5.24496e-11 0 
0 6.69979e-05 0.000721427 0.00351758 0.0100868 0.0191151 0.027998 0.0361837 0.0438957 0.0510101 0.0572004 0.0621437 0.065597 0.067422 0.0675904 0.0661789 0.063354 0.0593513 0.0544513 0.0489533 0.0431501 0.0372999 0.0315866 0.0260585 0.0205889 0.0150332 0.00965654 0.00524678 0.00239355 0.00093649 0.000323649 0.000100975 2.87271e-05 7.45953e-06 1.75859e-06 3.72133e-07 6.9181e-08 1.08179e-08 1.28404e-09 8.26481e-11 0 
0 4.44661e-05 0.000486255 0.00248016 0.00767763 0.0157597 0.0242481 0.0318994 0.0388328 0.0451146 0.0505498 0.0548819 0.0579035 0.0594939 0.0596284 0.0583736 0.055875 0.052339 0.0480105 0.0431501 0.0380084 0.032797 0.0276498 0.022589 0.0175622 0.0126243 0.00813439 0.0046089 0.00229153 0.00100664 0.000392774 0.000136271 4.20206e-05 1.15137e-05 2.79955e-06 6.00489e-07 1.11768e-07 1.73523e-08 2.03374e-09 1.28815e-10 0 
0 2.72941e-05 0.000301747 0.00160144 0.00535103 0.0120707 0.0199937 0.0272814 0.0336058 0.0391301 0.0438331 0.0475589 0.0501497 0.0515072 0.0516108 0.0505172 0.0483505 0.0452857 0.04153 0.0372999 0.032797 0.0281811 0.0235508 0.0189607 0.0145022 0.0103907 0.00691638 0.00426137 0.00240882 0.00122336 0.000543596 0.000207397 6.76581e-05 1.89992e-05 4.63221e-06 9.82966e-07 1.79611e-07 2.72638e-08 3.11848e-09 1.92672e-10 0 
0 1.54659e-05 0.000171822 0.000940247 0.00336326 0.00837507 0.0152794 0.0222237 0.0282017 0.0331778 0.037263 0.0404407 0.0426311 0.0437709 0.0438492 0.0429143 0.0410686 0.0384549 0.0352384 0.0315866 0.0276498 0.0235508 0.019404 0.0153639 0.0116589 0.00852681 0.0060717 0.00420615 0.00275952 0.00162952 0.000819189 0.000337856 0.000113703 3.18311e-05 7.59389e-06 1.56439e-06 2.76798e-07 4.06808e-08 4.51019e-09 2.70556e-10 0 
0 8.08055e-06 8.9612e-05 0.000499956 0.00188628 0.00514146 0.010448 0.0166639 0.0224148 0.0271428 0.0308551 0.0336367 0.035512 0.0364771 0.0365437 0.0357581 0.0342026 0.0319863 0.0292309 0.0260585 0.022589 0.0189607 0.0153639 0.0120502 0.0092715 0.00717075 0.00570484 0.00462703 0.00358791 0.00243394 0.00134751 0.000583569 0.000196066 5.28071e-05 1.19633e-05 2.34669e-06 3.97816e-07 5.6289e-08 6.03061e-09 3.50735e-10 0 
0 3.89144e-06 4.27948e-05 0.000240608 0.000940377 0.00275166 0.00618479 0.0109813 0.0161282 0.020696 0.0243077 0.0269449 0.0286772 0.0295644 0.029656 0.0290075 0.0276883 0.0257806 0.0233774 0.0205889 0.0175622 0.0145022 0.0116589 0.0092715 0.00753576 0.00668206 0.0068863 0.00754087 0.00717947 0.00523997 0.00284648 0.0011661 0.000363092 8.8341e-05 1.80138e-05 3.25552e-06 5.21669e-07 7.08154e-08 7.33203e-09 4.13959e-10 0 
0 1.72808e-06 1.87337e-05 0.000105035 0.000417785 0.0012808 0.00311274 0.00610565 0.00991969 0.0138453 0.0172663 0.0198854 0.0216437 0.0225809 0.0227609 0.0222517 0.0211252 0.0194656 0.0173832 0.0150332 0.0126243 0.0103907 0.00852681 0.00717075 0.00668206 0.0082711 0.0131211 0.0189364 0.0201826 0.0149093 0.00758119 0.00273636 0.000736248 0.00015263 2.62671e-05 4.14941e-06 6.14054e-07 7.96566e-08 7.9899e-09 4.39552e-10 0 
0 7.08362e-07 7.53289e-06 4.17571e-05 0.000166538 0.000522737 0.0013347 0.00281862 0.00500315 0.00762954 0.0102676 0.0125298 0.0141871 0.0151567 0.0154451 0.015105 0.0142196 0.0129045 0.0113172 0.00965654 0.00813439 0.00691638 0.0060717 0.00570484 0.0068863 0.0131211 0.027239 0.0433032 0.0475606 0.0352189 0.0175128 0.00592029 0.00142063 0.000254242 3.64341e-05 4.82488e-06 6.40515e-07 7.89881e-08 7.70866e-09 4.1565e-10 0 
0 2.68432e-07 2.78951e-06 1.51899e-05 6.007e-05 0.000189585 0.000495609 0.00109297 0.00206034 0.00336749 0.00485445 0.00628942 0.00745701 0.00821503 0.00850587 0.00834417 0.00780236 0.00700012 0.00609233 0.00524678 0.0046089 0.00426137 0.00420615 0.00462703 0.00754087 0.0189364 0.0433032 0.0707286 0.0782922 0.0580155 0.0286858 0.00950154 0.00216171 0.000353314 4.41797e-05 4.95276e-06 5.82586e-07 6.82017e-08 6.51899e-09 3.47166e-10 0 
0 9.41937e-08 9.53901e-07 5.07957e-06 1.97662e-05 6.19458e-05 0.000162709 0.000365439 0.000710869 0.00121104 0.00182808 0.00247622 0.00304863 0.00345239 0.00363385 0.00358825 0.00335688 0.00301633 0.00266269 0.00239355 0.00229153 0.00240882 0.00275952 0.00358791 0.00717947 0.0201826 0.0475606 0.0782922 0.0868573 0.0643754 0.0317808 0.0104653 0.00233542 0.000365148 4.22098e-05 4.22235e-06 4.50783e-07 5.06966e-08 4.79568e-09 2.5456e-10 0 
0 3.06548e-08 3.01977e-07 1.56789e-06 5.97426e-06 1.84451e-05 4.80985e-05 0.000108196 0.000212692 0.000369019 0.000570228 0.000792007 0.000998035 0.00115175 0.00122876 0.0012247 0.00115628 0.00105672 0.000968376 0.00093649 0.00100664 0.00122336 0.00162952 0.00243394 0.00523997 0.0149093 0.0352189 0.0580155 0.0643754 0.0477138 0.0235526 0.00775231 0.00172328 0.000264863 2.95931e-05 2.81781e-06 2.88837e-07 3.21417e-08 3.05415e-09 1.63234e-10 0 
0 9.26313e-09 8.86691e-08 4.48114e-07 1.66714e-06 5.04732e-06 1.29751e-05 2.89462e-05 5.67804e-05 9.88557e-05 0.000153964 0.000216114 0.000275464 0.000321403 0.000346448 0.000349183 0.000335104 0.00031549 0.000305557 0.000323649 0.000392774 0.000543596 0.000819189 0.00134751 0.00284648 0.00758119 0.0175128 0.0286858 0.0317808 0.0235526 0.01164 0.00384596 0.000858782 0.00013189 1.47587e-05 1.4284e-06 1.51102e-07 1.73143e-08 1.68089e-09 9.13779e-11 0 
0 2.59983e-09 2.41726e-08 1.18813e-07 4.30937e-07 1.27616e-06 3.22177e-06 7.08997e-06 1.37819e-05 2.38814e-05 3.71596e-05 5.22677e-05 6.69089e-05 7.85471e-05 8.53841e-05 8.7166e-05 8.55032e-05 8.37293e-05 8.66807e-05 0.000100975 0.000136271 0.000207397 0.000337856 0.000583569 0.0011661 0.00273636 0.00592029 0.00950154 0.0104653 0.00775231 0.00384596 0.00128145 0.00028889 4.50314e-05 5.25124e-06 5.55186e-07 6.50962e-08 7.95415e-09 8.00347e-10 4.46521e-11 0 
0 6.77068e-10 6.11538e-09 2.92308e-08 1.03305e-07 2.98894e-07 7.39658e-07 1.60129e-06 3.07365e-06 5.27875e-06 8.16904e-06 1.1464e-05 1.46848e-05 1.73043e-05 1.89599e-05 1.96417e-05 1.97882e-05 2.0302e-05 2.25825e-05 2.87271e-05 4.20206e-05 6.76581e-05 0.000113703 0.000196066 0.000363092 0.000736248 0.00142063 0.00216171 0.00233542 0.00172328 0.000858782 0.00028889 6.6265e-05 1.0779e-05 1.39002e-06 1.73849e-07 2.3722e-08 3.14305e-09 3.30589e-10 1.90601e-11 0 
0 1.63117e-10 1.43193e-09 6.65861e-09 2.29325e-08 6.48111e-08 1.57102e-07 3.34191e-07 6.32391e-07 1.07428e-06 1.64987e-06 2.30527e-06 2.9501e-06 3.4867e-06 3.85251e-06 4.05948e-06 4.21934e-06 4.55881e-06 5.44613e-06 7.45953e-06 1.15137e-05 1.89992e-05 3.18311e-05 5.28071e-05 8.8341e-05 0.00015263 0.000254242 0.000353314 0.000365148 0.000264863 0.00013189 4.50314e-05 1.0779e-05 1.93579e-06 3.00517e-07 4.71302e-08 7.5134e-09 1.07645e-09 1.18734e-10 7.1089e-12 0 
0 3.61229e-11 3.08452e-10 1.39645e-09 4.68963e-09 1.29505e-08 3.07505e-08 6.4257e-08 1.19804e-07 2.01149e-07 3.06305e-07 4.2578e-07 5.44082e-07 6.45048e-07 7.19595e-07 7.73379e-07 8.32771e-07 9.50201e-07 1.21278e-06 1.75859e-06 2.79955e-06 4.63221e-06 7.59389e-06 1.19633e-05 1.80138e-05 2.62671e-05 3.64341e-05 4.41797e-05 4.22098e-05 2.95931e-05 1.47587e-05 5.25124e-06 1.39002e-06 3.00517e-07 5.98917e-08 1.16213e-08 2.09115e-09 3.20308e-10 3.70703e-11 2.3121e-12 0 
0 7.26589e-12 6.04114e-11 2.66544e-10 8.73618e-10 2.35904e-09 5.48985e-09 1.12721e-08 2.07083e-08 3.43611e-08 5.18728e-08 7.17277e-08 9.15386e-08 1.08944e-07 1.22919e-07 1.3515e-07 1.51298e-07 1.82326e-07 2.4647e-07 3.72133e-07 6.00489e-07 9.82966e-07 1.56439e-06 2.34669e-06 3.25552e-06 4.14941e-06 4.82488e-06 4.95276e-06 4.22235e-06 2.81781e-06 1.4284e-06 5.55186e-07 1.73849e-07 4.71302e-08 1.16213e-08 2.5983e-09 5.08036e-10 8.24109e-11 1.00046e-11 6.51154e-13 0 
0 1.29799e-12 1.05204e-11 4.52902e-11 1.45036e-10 3.83336e-10 8.75016e-10 1.7665e-09 3.19921e-09 5.2479e-09 7.85629e-09 1.08102e-08 1.37868e-08 1.64915e-08 1.88593e-08 2.12799e-08 2.48265e-08 3.15163e-08 4.46497e-08 6.9181e-08 1.11768e-07 1.79611e-07 2.76798e-07 3.97816e-07 5.21669e-07 6.14054e-07 6.40515e-07 5.82586e-07 4.50783e-07 2.88837e-07 1.51102e-07 6.50962e-08 2.3722e-08 7.5134e-09 2.09115e-09 5.08036e-10 1.05622e-10 1.80478e-11 2.29657e-12 1.56066e-13 0 
0 1.96904e-13 1.55769e-12 6.55129e-12 2.05233e-11 5.31532e-11 1.19127e-10 2.3666e-10 4.22818e-10 6.86091e-10 1.01912e-09 1.39639e-09 1.78145e-09 2.14515e-09 2.49255e-09 2.89462e-09 3.52275e-09 4.68804e-09 6.88471e-09 1.08179e-08 1.73523e-08 2.72638e-08 4.06808e-08 5.6289e-08 7.08154e-08 7.96566e-08 7.89881e-08 6.82017e-08 5.06966e-08 3.21417e-08 1.73143e-08 7.95415e-09 3.14305e-09 1.07645e-09 3.20308e-10 8.24109e-11 1.80478e-11 3.23772e-12 4.31293e-13 3.05898e-14 0 
0 2.28558e-14 1.76704e-13 7.26989e-13 2.23073e-12 5.66797e-12 1.24859e-11 2.4433e-11 4.31002e-11 6.92362e-11 1.02124e-10 1.3947e-10 1.78216e-10 2.16447e-10 2.56211e-10 3.06957e-10 3.89408e-10 5.39745e-10 8.1324e-10 1.28404e-09 2.03374e-09 3.11848e-09 4.51019e-09 6.03061e-09 7.33203e-09 7.9899e-09 7.70866e-09 6.51899e-09 4.79568e-09 3.05415e-09 1.68089e-09 8.00347e-10 3.30589e-10 1.18734e-10 3.70703e-11 1.00046e-11 2.29657e-12 4.31293e-13 6.00313e-14 4.43895e-15 0 
0 1.44817e-15 1.09558e-14 4.41496e-14 1.32861e-13 3.31589e-13 7.18781e-13 1.38689e-12 2.41784e-12 3.84859e-12 5.64241e-12 7.68921e-12 9.85653e-12 1.21002e-11 1.46291e-11 1.81087e-11 2.38908e-11 3.42381e-11 5.24496e-11 8.26481e-11 1.28815e-10 1.92672e-10 2.70556e-10 3.50735e-10 4.13959e-10 4.39552e-10 4.1565e-10 3.47166e-10 2.5456e-10 1.63234e-10 9.13779e-11 4.46521e-11 1.90601e-11 7.1089e-12 2.3121e-12 6.51154e-13 1.56066e-13 3.05898e-14 4.43895e-15 3.4166e-16 0 
0 0 0 0 0 0 0 0 0 0 0 0 0 0 0 0 0 0 0 0 0 0 0 0 0 0 0 0 0 0 0 0 0 0 0 0 0 0 0 0 0 
