0 0 0 0 0 0 0 0 0 0 0 0 0 0 0 0 0 0 0 0 0 0 0 0 0 0 0 0 0 0 0 0 0 0 0 0 0 0 0 0 0 
0 2.00588e-07 1.77582e-06 7.71992e-06 2.28115e-05 5.10177e-05 9.20076e-05 0.000140707 0.000190278 0.000235176 0.000272223 0.000300175 0.000318904 0.000328768 0.000330268 0.000323911 0.000310188 0.000289615 0.00026284 0.000230792 0.00019485 0.000156949 0.000119526 8.52105e-05 5.62894e-05 3.41272e-05 1.88375e-05 9.41262e-06 4.24451e-06 1.72621e-06 6.33788e-07 2.1042e-07 6.32438e-08 1.71991e-08 4.21629e-09 9.23053e-10 1.76895e-10 2.84386e-11 3.46294e-12 2.28253e-13 0 
0 1.77582e-06 1.6002e-05 6.77737e-05 0.000184438 0.000361577 0.000557385 0.000730977 0.000867595 0.000970829 0.00104817 0.00110459 0.00114223 0.0011618 0.00116386 0.00114938 0.0011198 0.00107678 0.00102155 0.000954314 0.000873839 0.000777852 0.000664714 0.000536322 0.000400763 0.000271983 0.000164867 8.82644e-05 4.15508e-05 1.72292e-05 6.32854e-06 2.07348e-06 6.09536e-07 1.61269e-07 3.83587e-08 8.13999e-09 1.51235e-09 2.35925e-10 2.79142e-11 1.79063e-12 0 
0 7.71992e-06 6.77737e-05 0.000259165 0.000589982 0.000940015 0.00121741 0.00143074 0.0016136 0.00177995 0.00192731 0.00204769 0.00213364 0.00218046 0.00218666 0.00215391 0.00208664 0.00199142 0.00187624 0.00174949 0.00161848 0.00148717 0.00135327 0.00120639 0.00103105 0.000818228 0.000581189 0.000357767 0.000187236 8.3062e-05 3.15407e-05 1.04102e-05 3.03043e-06 7.85897e-07 1.82227e-07 3.76047e-08 6.79004e-09 1.02993e-09 1.18621e-10 7.41802e-12 0 
0 2.28115e-05 0.000184438 0.000589982 0.00107824 0.00146637 0.00179126 0.00211638 0.00244764 0.00276536 0.00304755 0.00327618 0.0034384 0.00352682 0.00353953 0.00347972 0.00335503 0.00317662 0.0029581 0.00271449 0.00246121 0.0022131 0.00198273 0.00177644 0.00158729 0.00138872 0.00114282 0.000836099 0.000515302 0.000259461 0.000106716 3.66128e-05 1.076e-05 2.76722e-06 6.30087e-07 1.27072e-07 2.2381e-08 3.31064e-09 3.72108e-10 2.27364e-11 0 
0 5.10177e-05 0.000361577 0.000940015 0.00146637 0.00191955 0.00240614 0.00293305 0.00346605 0.00396937 0.004412 0.00476873 0.00502124 0.00515894 0.00517919 0.00508698 0.00489389 0.00461666 0.00427551 0.00389238 0.00348938 0.00308754 0.00270614 0.00236213 0.00206758 0.00182104 0.00159223 0.00131982 0.00096146 0.000571238 0.000266685 9.87405e-05 3.00278e-05 7.774e-06 1.75442e-06 3.4792e-07 6.00434e-08 8.69259e-09 9.56351e-10 5.72459e-11 0 
0 9.20076e-05 0.000557385 0.00121741 0.00179126 0.00240614 0.00311055 0.0038638 0.00461688 0.00532403 0.00594421 0.00644335 0.00679643 0.00698897 0.00701744 0.00688879 0.00661909 0.00623147 0.0057538 0.00521617 0.00464856 0.00407901 0.00353228 0.00302949 0.00258838 0.00222204 0.00192913 0.0016706 0.00136131 0.000946629 0.000514685 0.000212626 6.86723e-05 1.81987e-05 4.11279e-06 8.07455e-07 1.37212e-07 1.95172e-08 2.10873e-09 1.24013e-10 0 
0 0.000140707 0.000730977 0.00143074 0.00211638 0.00293305 0.0038638 0.00484972 0.00583155 0.00675191 0.00755835 0.00820719 0.00866665 0.00891784 0.00895498 0.00878672 0.00843505 0.00793066 0.00730929 0.00660942 0.00586953 0.00512536 0.00440805 0.00374317 0.0031509 0.0026472 0.00224279 0.00192899 0.00164444 0.00127803 0.000803458 0.000376963 0.000132087 3.6399e-05 8.32126e-06 1.62822e-06 2.73776e-07 3.84115e-08 4.08926e-09 2.36961e-10 0 
0 0.000190278 0.000867595 0.0016136 0.00244764 0.00346605 0.00461688 0.00583155 0.00703955 0.00817119 0.00916337 0.00996755 0.0105499 0.0108786 0.0109286 0.0107065 0.0102533 0.00962082 0.00885296 0.00799157 0.00708092 0.00616408 0.00527875 0.0044554 0.0037171 0.00308059 0.00255836 0.00215529 0.00184278 0.00151892 0.00106972 0.000568439 0.000218542 6.33645e-05 1.47788e-05 2.89915e-06 4.845e-07 6.72969e-08 7.08182e-09 4.05513e-10 0 
0 0.000235176 0.000970829 0.00177995 0.00276536 0.00396937 0.00532403 0.00675191 0.00817119 0.00950178 0.0106806 0.0116711 0.012416 0.0128331 0.0128964 0.012619 0.012037 0.0112354 0.010303 0.00928326 0.0082122 0.00713422 0.00609237 0.00512192 0.00424899 0.00349144 0.00286124 0.00236625 0.00199722 0.00168208 0.0012775 0.000754747 0.000318152 9.75986e-05 2.33535e-05 4.61345e-06 7.69112e-07 1.06103e-07 1.10691e-08 6.28004e-10 0 
0 0.000272223 0.00104817 0.00192731 0.00304755 0.004412 0.00594421 0.00755835 0.00916337 0.0106806 0.0120673 0.0132335 0.0140047 0.0143795 0.0144321 0.0141879 0.0136224 0.0127213 0.011605 0.0104176 0.00919936 0.00798006 0.00680179 0.00570335 0.0047137 0.00385198 0.00312973 0.00255426 0.00212438 0.00179331 0.0014232 0.00091142 0.00041675 0.000135083 3.32228e-05 6.62633e-06 1.10494e-06 1.51798e-07 1.574e-08 8.86955e-10 0 
0 0.000300175 0.00110459 0.00204769 0.00327618 0.00476873 0.00644335 0.00820719 0.00996755 0.0116711 0.0132335 0.014362 0.0150007 0.0153003 0.0153404 0.0151405 0.0146756 0.013874 0.0126995 0.0113485 0.00999158 0.00865541 0.00736782 0.00616718 0.00508452 0.00414014 0.00334539 0.00270648 0.00222471 0.00186911 0.00151776 0.00102775 0.000501265 0.000170416 4.29978e-05 8.66335e-06 1.44728e-06 1.98404e-07 2.04921e-08 1.14941e-09 0 
0 0.000318904 0.00114223 0.00213364 0.0034384 0.00502124 0.00679643 0.00866665 0.0105499 0.012416 0.0140047 0.0150007 0.0155523 0.0158135 0.0158469 0.015668 0.0152582 0.0145559 0.0134592 0.0120297 0.0105527 0.00912683 0.00776189 0.00648969 0.00534206 0.00434007 0.00349505 0.00281231 0.0022935 0.00191624 0.0015729 0.00110297 0.000562883 0.000198385 5.10904e-05 1.03857e-05 1.73927e-06 2.38271e-07 2.4558e-08 1.37375e-09 0 
0 0.000328768 0.0011618 0.00218046 0.00352682 0.00515894 0.00698897 0.00891784 0.0108786 0.0128331 0.0143795 0.0153003 0.0158135 0.0160575 0.0160871 0.0159163 0.0155291 0.0148714 0.0138372 0.0124031 0.0108551 0.00937479 0.00796763 0.00665724 0.00547509 0.00444259 0.00357102 0.00286515 0.00232647 0.00193653 0.00159658 0.00114037 0.000597314 0.000215197 5.61574e-05 1.14875e-05 1.92822e-06 2.64246e-07 2.72194e-08 1.52113e-09 0 
0 0.000330268 0.00116386 0.00218666 0.00353953 0.00517919 0.00701744 0.00895498 0.0109286 0.0128964 0.0144321 0.0153404 0.0158469 0.0160871 0.0161147 0.0159434 0.0155575 0.0149042 0.0138779 0.0124436 0.0108829 0.0093939 0.00798136 0.00666659 0.00548074 0.00444514 0.00357091 0.00286261 0.0023216 0.00193038 0.00159309 0.00114355 0.00060362 0.000219041 5.74448e-05 1.17856e-05 1.98171e-06 2.71872e-07 2.80265e-08 1.5672e-09 0 
0 0.000323911 0.00114938 0.00215391 0.00347972 0.00508698 0.00688879 0.00878672 0.0107065 0.012619 0.0141879 0.0151405 0.015668 0.0159163 0.0159434 0.0157638 0.0153604 0.0146758 0.0136045 0.012162 0.0106454 0.00919402 0.00781143 0.00652436 0.00536403 0.00435129 0.00349705 0.00280594 0.00227931 0.00189816 0.00156401 0.00111492 0.000583072 0.000210128 5.49389e-05 1.12682e-05 1.89689e-06 2.60708e-07 2.69321e-08 1.50932e-09 0 
0 0.000310188 0.0011198 0.00208664 0.00335503 0.00489389 0.00661909 0.00843505 0.0102533 0.012037 0.0136224 0.0146756 0.0152582 0.0155291 0.0155575 0.0153604 0.0149165 0.0141594 0.0130078 0.0115981 0.0101777 0.00879882 0.00747658 0.00624553 0.00513655 0.00416968 0.00335555 0.00269916 0.00220175 0.00184011 0.00150866 0.00105563 0.000538642 0.00019046 4.93183e-05 1.00876e-05 1.69988e-06 2.34286e-07 2.429e-08 1.36664e-09 0 
0 0.000289615 0.00107678 0.00199142 0.00317662 0.00461666 0.00623147 0.00793066 0.00962082 0.0112354 0.0127213 0.013874 0.0145559 0.0148714 0.0149042 0.0146758 0.0141594 0.0132948 0.0121156 0.0108251 0.00952642 0.00824115 0.0070034 0.00585146 0.00481483 0.00391251 0.00315497 0.00254778 0.00209143 0.00175514 0.00142408 0.000966548 0.000475128 0.000163431 4.17492e-05 8.50903e-06 1.43645e-06 1.98847e-07 2.07299e-08 1.17336e-09 0 
0 0.00026284 0.00102155 0.00187624 0.0029581 0.00427551 0.0057538 0.00730929 0.00885296 0.010303 0.011605 0.0126995 0.0134592 0.0138372 0.0138779 0.0136045 0.0130078 0.0121156 0.0110516 0.00991318 0.00873659 0.00755901 0.00642351 0.00536743 0.00441822 0.00359381 0.00290469 0.00235706 0.00194907 0.00163888 0.00130531 0.000850134 0.000399514 0.000133286 3.35955e-05 6.83409e-06 1.1584e-06 1.61458e-07 1.69679e-08 9.68574e-10 0 
0 0.000230792 0.000954314 0.00174949 0.00271449 0.00389238 0.00521617 0.00660942 0.00799157 0.00928326 0.0104176 0.0113485 0.0120297 0.0124031 0.0124436 0.012162 0.0115981 0.0108251 0.00991318 0.00890817 0.00785281 0.00679291 0.00577067 0.00482026 0.0039669 0.00322755 0.00261298 0.00212953 0.00177042 0.00148195 0.00114761 0.000713252 0.000320949 0.000104425 2.61222e-05 5.32998e-06 9.10825e-07 1.28257e-07 1.36264e-08 7.8633e-10 0 
0 0.00019485 0.000873839 0.00161848 0.00246121 0.00348938 0.00464856 0.00586953 0.00708092 0.0082122 0.00919936 0.00999158 0.0105527 0.0108551 0.0108829 0.0106454 0.0101777 0.00952642 0.00873659 0.00785281 0.00692056 0.00598312 0.00507816 0.00423616 0.00348008 0.00282606 0.00228503 0.00186199 0.00154358 0.0012718 0.000952496 0.000569608 0.000249743 8.06254e-05 2.02702e-05 4.18208e-06 7.24079e-07 1.03315e-07 1.11151e-08 6.4888e-10 0 
0 0.000156949 0.000777852 0.00148717 0.0022131 0.00308754 0.00407901 0.00512536 0.00616408 0.00713422 0.00798006 0.00865541 0.00912683 0.00937479 0.0093939 0.00919402 0.00879882 0.00824115 0.00755901 0.00679291 0.00598312 0.00516692 0.00437674 0.00363916 0.00297483 0.00239899 0.00192181 0.00154537 0.00125467 0.00100585 0.000736863 0.000438788 0.000195044 6.43751e-05 1.6545e-05 3.47746e-06 6.11115e-07 8.82408e-08 9.5845e-09 5.63836e-10 0 
0 0.000119526 0.000664714 0.00135327 0.00198273 0.00270614 0.00353228 0.00440805 0.00527875 0.00609237 0.00680179 0.00736782 0.00776189 0.00796763 0.00798136 0.00781143 0.00747658 0.0070034 0.00642351 0.00577067 0.00507816 0.00437674 0.0036933 0.00305035 0.00246639 0.00195656 0.00153132 0.00119245 0.00093059 0.000724267 0.000536327 0.00033795 0.000161372 5.63837e-05 1.50012e-05 3.20916e-06 5.68365e-07 8.22754e-08 8.93418e-09 5.24608e-10 0 
0 8.52105e-05 0.000536322 0.00120639 0.00177644 0.00236213 0.00302949 0.00374317 0.0044554 0.00512192 0.00570335 0.00616718 0.00648969 0.00665724 0.00666659 0.00652436 0.00624553 0.00585146 0.00536743 0.00482026 0.00423616 0.00363916 0.00305035 0.0024886 0.00197454 0.00153666 0.0012026 0.000962357 0.000762403 0.000572013 0.000409068 0.000272656 0.000145451 5.52328e-05 1.52443e-05 3.28304e-06 5.77426e-07 8.2604e-08 8.85375e-09 5.13237e-10 0 
0 5.62894e-05 0.000400763 0.00103105 0.00158729 0.00206758 0.00258838 0.0031509 0.0037171 0.00424899 0.0047137 0.00508452 0.00534206 0.00547509 0.00548074 0.00536403 0.00513655 0.00481483 0.00441822 0.0039669 0.00348008 0.00297483 0.00246639 0.00197454 0.00154789 0.00128947 0.00127589 0.00138032 0.00131239 0.000964212 0.000547882 0.000279271 0.000142512 5.78006e-05 1.64545e-05 3.52248e-06 6.07068e-07 8.48599e-08 8.89751e-09 5.05583e-10 0 
0 3.41272e-05 0.000271983 0.000818228 0.00138872 0.00182104 0.00222204 0.0026472 0.00308059 0.00349144 0.00385198 0.00414014 0.00434007 0.00444259 0.00444514 0.00435129 0.00416968 0.00391251 0.00359381 0.00322755 0.00282606 0.00239899 0.00195656 0.00153666 0.00128947 0.0015148 0.00238807 0.00348068 0.00390177 0.00271301 0.00138091 0.000511154 0.000173472 6.2422e-05 1.76386e-05 3.69821e-06 6.19224e-07 8.41886e-08 8.61287e-09 4.79065e-10 0 
0 1.88375e-05 0.000164867 0.000581189 0.00114282 0.00159223 0.00192913 0.00224279 0.00255836 0.00286124 0.00312973 0.00334539 0.00349505 0.00357102 0.00357091 0.00349705 0.00335555 0.00315497 0.00290469 0.00261298 0.00228503 0.00192181 0.00153132 0.0012026 0.00127589 0.00238807 0.00500706 0.00913993 0.0100279 0.00708749 0.00318662 0.00107875 0.000273766 7.11765e-05 1.8068e-05 3.60714e-06 5.82532e-07 7.70673e-08 7.71458e-09 4.2139e-10 0 
0 9.41262e-06 8.82644e-05 0.000357767 0.000836099 0.00131982 0.0016706 0.00192899 0.00215529 0.00236625 0.00255426 0.00270648 0.00281231 0.00286515 0.00286261 0.00280594 0.00269916 0.00254778 0.00235706 0.00212953 0.00186199 0.00154537 0.00119245 0.000962357 0.00138032 0.00348068 0.00913993 0.0112272 0.0114852 0.0106512 0.005938 0.00172907 0.000399472 8.09534e-05 1.71687e-05 3.15482e-06 4.88207e-07 6.31025e-08 6.2211e-09 3.35839e-10 0 
0 4.24451e-06 4.15508e-05 0.000187236 0.000515302 0.00096146 0.00136131 0.00164444 0.00184278 0.00199722 0.00212438 0.00222471 0.0022935 0.00232647 0.0023216 0.00227931 0.00220175 0.00209143 0.00194907 0.00177042 0.00154358 0.00125467 0.00093059 0.000762403 0.00131239 0.00390177 0.0100279 0.0114852 0.0116765 0.0109883 0.00711145 0.00190441 0.000428787 7.81236e-05 1.42739e-05 2.39346e-06 3.5566e-07 4.52883e-08 4.4379e-09 2.38752e-10 0 
0 1.72621e-06 1.72292e-05 8.3062e-05 0.000259461 0.000571238 0.000946629 0.00127803 0.00151892 0.00168208 0.00179331 0.00186911 0.00191624 0.00193653 0.00193038 0.00189816 0.00184011 0.00175514 0.00163888 0.00148195 0.0012718 0.00100585 0.000724267 0.000572013 0.000964212 0.00271301 0.00708749 0.0106512 0.0109883 0.00971875 0.00439075 0.00141081 0.000317747 5.69966e-05 9.66374e-06 1.52222e-06 2.21211e-07 2.81381e-08 2.77125e-09 1.49964e-10 0 
0 6.33788e-07 6.32854e-06 3.15407e-05 0.000106716 0.000266685 0.000514685 0.000803458 0.00106972 0.0012775 0.0014232 0.00151776 0.0015729 0.00159658 0.00159309 0.00156401 0.00150866 0.00142408 0.00130531 0.00114761 0.000952496 0.000736863 0.000536327 0.000409068 0.000547882 0.00138091 0.00318662 0.005938 0.00711145 0.00439075 0.00211801 0.00070092 0.000162073 3.03279e-05 5.08984e-06 7.92884e-07 1.16315e-07 1.50447e-08 1.50683e-09 8.27891e-11 0 
0 2.1042e-07 2.07348e-06 1.04102e-05 3.66128e-05 9.87405e-05 0.000212626 0.000376963 0.000568439 0.000754747 0.00091142 0.00102775 0.00110297 0.00114037 0.00114355 0.00111492 0.00105563 0.000966548 0.000850134 0.000713252 0.000569608 0.000438788 0.00033795 0.000272656 0.000279271 0.000511154 0.00107875 0.00172907 0.00190441 0.00141081 0.00070092 0.000237375 5.8927e-05 1.18756e-05 2.07557e-06 3.37949e-07 5.17285e-08 6.91927e-09 7.1234e-10 4.00764e-11 0 
0 6.32438e-08 6.09536e-07 3.03043e-06 1.076e-05 3.00278e-05 6.86723e-05 0.000132087 0.000218542 0.000318152 0.00041675 0.000501265 0.000562883 0.000597314 0.00060362 0.000583072 0.000538642 0.000475128 0.000399514 0.000320949 0.000249743 0.000195044 0.000161372 0.000145451 0.000142512 0.000173472 0.000273766 0.000399472 0.000428787 0.000317747 0.000162073 5.8927e-05 1.61676e-05 3.54924e-06 6.77242e-07 1.20257e-07 1.96249e-08 2.74582e-09 2.92984e-10 1.69983e-11 0 
0 1.71991e-08 1.61269e-07 7.85897e-07 2.76722e-06 7.774e-06 1.81987e-05 3.6399e-05 6.33645e-05 9.75986e-05 0.000135083 0.000170416 0.000198385 0.000215197 0.000219041 0.000210128 0.00019046 0.000163431 0.000133286 0.000104425 8.06254e-05 6.43751e-05 5.63837e-05 5.52328e-05 5.78006e-05 6.2422e-05 7.11765e-05 8.09534e-05 7.81236e-05 5.69966e-05 3.03279e-05 1.18756e-05 3.54924e-06 8.66246e-07 1.86601e-07 3.6675e-08 6.41536e-09 9.43747e-10 1.04949e-10 6.31277e-12 0 
0 4.21629e-09 3.83587e-08 1.82227e-07 6.30087e-07 1.75442e-06 4.11279e-06 8.32126e-06 1.47788e-05 2.33535e-05 3.32228e-05 4.29978e-05 5.10904e-05 5.61574e-05 5.74448e-05 5.49389e-05 4.93183e-05 4.17492e-05 3.35955e-05 2.61222e-05 2.02702e-05 1.6545e-05 1.50012e-05 1.52443e-05 1.64545e-05 1.76386e-05 1.8068e-05 1.71687e-05 1.42739e-05 9.66374e-06 5.08984e-06 2.07557e-06 6.77242e-07 1.86601e-07 4.52706e-08 9.73691e-09 1.81683e-09 2.81343e-10 3.27124e-11 2.04736e-12 0 
0 9.23053e-10 8.13999e-09 3.76047e-08 1.27072e-07 3.4792e-07 8.07455e-07 1.62822e-06 2.89915e-06 4.61345e-06 6.62633e-06 8.66335e-06 1.03857e-05 1.14875e-05 1.17856e-05 1.12682e-05 1.00876e-05 8.50903e-06 6.83409e-06 5.32998e-06 4.18208e-06 3.47746e-06 3.20916e-06 3.28304e-06 3.52248e-06 3.69821e-06 3.60714e-06 3.15482e-06 2.39346e-06 1.52222e-06 7.92884e-07 3.37949e-07 1.20257e-07 3.6675e-08 9.73691e-09 2.24872e-09 4.44666e-10 7.24497e-11 8.82042e-12 5.75576e-13 0 
0 1.76895e-10 1.51235e-09 6.79004e-09 2.2381e-08 6.00434e-08 1.37212e-07 2.73776e-07 4.845e-07 7.69112e-07 1.10494e-06 1.44728e-06 1.73927e-06 1.92822e-06 1.98171e-06 1.89689e-06 1.69988e-06 1.43645e-06 1.1584e-06 9.10825e-07 7.24079e-07 6.11115e-07 5.68365e-07 5.77426e-07 6.07068e-07 6.19224e-07 5.82532e-07 4.88207e-07 3.5566e-07 2.21211e-07 1.16315e-07 5.17285e-08 1.96249e-08 6.41536e-09 1.81683e-09 4.44666e-10 9.27369e-11 1.58775e-11 2.02412e-12 1.37816e-13 0 
0 2.84386e-11 2.35925e-10 1.02993e-09 3.31064e-09 8.69259e-09 1.95172e-08 3.84115e-08 6.72969e-08 1.06103e-07 1.51798e-07 1.98404e-07 2.38271e-07 2.64246e-07 2.71872e-07 2.60708e-07 2.34286e-07 1.98847e-07 1.61458e-07 1.28257e-07 1.03315e-07 8.82408e-08 8.22754e-08 8.2604e-08 8.48599e-08 8.41886e-08 7.70673e-08 6.31025e-08 4.52883e-08 2.81381e-08 1.50447e-08 6.91927e-09 2.74582e-09 9.43747e-10 2.81343e-10 7.24497e-11 1.58775e-11 2.85089e-12 3.80195e-13 2.70022e-14 0 
0 3.46294e-12 2.79142e-11 1.18621e-10 3.72108e-10 9.56351e-10 2.10873e-09 4.08926e-09 7.08182e-09 1.10691e-08 1.574e-08 2.04921e-08 2.4558e-08 2.72194e-08 2.80265e-08 2.69321e-08 2.429e-08 2.07299e-08 1.69679e-08 1.36264e-08 1.11151e-08 9.5845e-09 8.93418e-09 8.85375e-09 8.89751e-09 8.61287e-09 7.71458e-09 6.2211e-09 4.4379e-09 2.77125e-09 1.50683e-09 7.1234e-10 2.92984e-10 1.04949e-10 3.27124e-11 8.82042e-12 2.02412e-12 3.80195e-13 5.29487e-14 3.9186e-15 0 
0 2.28253e-13 1.79063e-12 7.41802e-12 2.27364e-11 5.72459e-11 1.24013e-10 2.36961e-10 4.05513e-10 6.28004e-10 8.86955e-10 1.14941e-09 1.37375e-09 1.52113e-09 1.5672e-09 1.50932e-09 1.36664e-09 1.17336e-09 9.68574e-10 7.8633e-10 6.4888e-10 5.63836e-10 5.24608e-10 5.13237e-10 5.05583e-10 4.79065e-10 4.2139e-10 3.35839e-10 2.38752e-10 1.49964e-10 8.27891e-11 4.00764e-11 1.69983e-11 6.31277e-12 2.04736e-12 5.75576e-13 1.37816e-13 2.70022e-14 3.9186e-15 3.01736e-16 0 
0 0 0 0 0 0 0 0 0 0 0 0 0 0 0 0 0 0 0 0 0 0 0 0 0 0 0 0 0 0 0 0 0 0 0 0 0 0 0 0 0 
