0 0 0 0 0 0 0 0 0 0 0 0 0 0 0 0 0 0 0 0 0 0 0 0 0 0 0 0 0 0 0 0 0 0 0 0 0 0 0 0 0 
0 2.00582e-07 1.77559e-06 7.7174e-06 2.27974e-05 5.09675e-05 9.18813e-05 0.000140462 0.000189885 0.000234627 0.000271532 0.000299368 0.000318015 0.000327834 0.000329325 0.000322996 0.000309331 0.000288845 0.000262179 0.000230254 0.000194439 0.00015666 0.000119342 8.51084e-05 5.62426e-05 3.41119e-05 1.88363e-05 9.41551e-06 4.24729e-06 1.72788e-06 6.34573e-07 2.1073e-07 6.33496e-08 1.72307e-08 4.22462e-09 9.24978e-10 1.7728e-10 2.85027e-11 3.47094e-12 2.28791e-13 0 
0 1.77559e-06 1.59973e-05 6.77303e-05 0.000184225 0.000360939 0.000556072 0.000728896 0.000864809 0.000967472 0.00104438 0.00110049 0.00113793 0.0011574 0.00115944 0.00114503 0.0011156 0.00107281 0.00101788 0.000951019 0.000870998 0.000775536 0.000662969 0.000535145 0.000400084 0.000271671 0.00016477 8.82604e-05 4.15694e-05 1.72442e-05 6.33627e-06 2.0766e-06 6.10589e-07 1.61576e-07 3.84371e-08 8.15752e-09 1.51573e-09 2.36469e-10 2.798e-11 1.79492e-12 0 
0 7.7174e-06 6.77303e-05 0.000258841 0.000588765 0.000937339 0.00121326 0.0014254 0.00160733 0.00177293 0.00191966 0.00203954 0.00212514 0.00217177 0.00217794 0.00214533 0.00207833 0.0019835 0.00186879 0.00174259 0.00161218 0.00148153 0.00134838 0.0012024 0.0010281 0.000816378 0.00058029 0.000357485 0.000187224 8.31091e-05 3.15744e-05 1.04253e-05 3.03568e-06 7.87419e-07 1.82608e-07 3.76875e-08 6.80555e-09 1.03235e-09 1.18905e-10 7.43605e-12 0 
0 2.27974e-05 0.000184225 0.000588765 0.00107499 0.00146105 0.00178428 0.00210798 0.00243788 0.00275433 0.00303539 0.0032631 0.00342467 0.00351274 0.0035254 0.00346583 0.00334163 0.00316394 0.0029463 0.00270366 0.00245139 0.0022043 0.0019749 0.00176958 0.00158147 0.00138416 0.00113978 0.000834571 0.000514841 0.000259459 0.000106794 3.66596e-05 1.07779e-05 2.77254e-06 6.31412e-07 1.27355e-07 2.24328e-08 3.3185e-09 3.73008e-10 2.27921e-11 0 
0 5.09675e-05 0.000360939 0.000937339 0.00146105 0.00191202 0.00239656 0.00292135 0.00345221 0.00395353 0.00439439 0.00474969 0.0050012 0.00513834 0.00515852 0.00506668 0.00487435 0.00459823 0.00425844 0.00387684 0.00347545 0.00307521 0.00269535 0.00235273 0.00205944 0.00181412 0.00158672 0.0013161 0.000959649 0.000570776 0.000266735 9.88361e-05 3.00731e-05 7.78845e-06 1.75807e-06 3.48695e-07 6.01828e-08 8.71333e-09 9.58674e-10 5.73866e-11 0 
0 9.18813e-05 0.000556072 0.00121326 0.00178428 0.00239656 0.00309813 0.00384838 0.00459845 0.00530278 0.00592049 0.00641763 0.0067693 0.00696107 0.00698943 0.00686129 0.00659266 0.00620659 0.00573083 0.00519535 0.00463001 0.00406272 0.00351817 0.0030174 0.00257806 0.00221325 0.00192174 0.0016648 0.00135757 0.000945037 0.000514428 0.000212738 6.87591e-05 1.82303e-05 4.12112e-06 8.09234e-07 1.37529e-07 1.95637e-08 2.11385e-09 1.24317e-10 0 
0 0.000140462 0.000728896 0.0014254 0.00210798 0.00292135 0.00384838 0.00483036 0.00580827 0.00672495 0.00752817 0.00817443 0.00863208 0.00888229 0.00891928 0.00875168 0.00840139 0.007899 0.00728011 0.00658304 0.0058461 0.0051049 0.00439045 0.00372823 0.00313832 0.00263665 0.00223392 0.00192167 0.00163895 0.0012749 0.000802475 0.000376963 0.000132212 3.64561e-05 8.33741e-06 1.63174e-06 2.74402e-07 3.85024e-08 4.09913e-09 2.37541e-10 0 
0 0.000189885 0.000864809 0.00160733 0.00243788 0.00345221 0.00459845 0.00580827 0.00701145 0.00813857 0.00912681 0.00992791 0.0105083 0.010836 0.0108859 0.0106644 0.0102127 0.00958249 0.00881763 0.00795966 0.00705265 0.00613948 0.00525768 0.00443762 0.00370226 0.0030683 0.00254817 0.00214683 0.00183602 0.00151436 0.00106771 0.000568127 0.000218671 6.3451e-05 1.48059e-05 2.90523e-06 4.8559e-07 6.74544e-08 7.09878e-09 4.06498e-10 0 
0 0.000234627 0.000967472 0.00177293 0.00275433 0.00395353 0.00530278 0.00672495 0.00813857 0.00946388 0.0106382 0.0116256 0.0123685 0.0127842 0.0128473 0.0125709 0.0119906 0.0111912 0.010262 0.00924622 0.00817942 0.00710574 0.00606805 0.00510147 0.00423202 0.0034775 0.00284983 0.00235686 0.00198956 0.00167642 0.00127444 0.000753952 0.000318223 9.77105e-05 2.33934e-05 4.6228e-06 7.70808e-07 1.06348e-07 1.10954e-08 6.29515e-10 0 
0 0.000271532 0.00104438 0.00191966 0.00303539 0.00439439 0.00592049 0.00752817 0.00912681 0.0106382 0.0120205 0.0131828 0.0139502 0.0143226 0.0143749 0.0141323 0.0135699 0.0126725 0.0115595 0.0103761 0.00916265 0.00794821 0.00677464 0.00568058 0.00469488 0.0038366 0.00311724 0.00254408 0.00211608 0.00178688 0.00141926 0.000910078 0.000416704 0.00013521 3.32756e-05 6.63928e-06 1.10733e-06 1.52143e-07 1.57768e-08 8.89066e-10 0 
0 0.000299368 0.00110049 0.00203954 0.0032631 0.00474969 0.00641763 0.00817443 0.00992791 0.0116256 0.0131828 0.0143052 0.0149395 0.015237 0.0152769 0.0150783 0.0146166 0.0138201 0.0126506 0.0113038 0.00995178 0.00862086 0.00733841 0.00614256 0.00506423 0.00412361 0.00333203 0.00269569 0.00221593 0.00186218 0.00151318 0.00102591 0.000501073 0.000170544 4.30613e-05 8.6797e-06 1.45034e-06 1.98848e-07 2.05394e-08 1.15212e-09 0 
0 0.000318015 0.00113793 0.00212514 0.00342467 0.0050012 0.0067693 0.00863208 0.0105083 0.0123685 0.0139502 0.0149395 0.0154872 0.0157466 0.0157798 0.0156022 0.0151952 0.0144976 0.0134072 0.011983 0.0105109 0.00909042 0.0077309 0.00646379 0.00532074 0.00432275 0.0034811 0.00280109 0.00228442 0.001909 0.00156792 0.00110076 0.000562555 0.000198506 5.11613e-05 1.04047e-05 1.74287e-06 2.38796e-07 2.4614e-08 1.37695e-09 0 
0 0.000327834 0.0011574 0.00217177 0.00351274 0.00513834 0.00696107 0.00888229 0.010836 0.0127842 0.0143226 0.015237 0.0157466 0.015989 0.0160183 0.0158488 0.0154642 0.014811 0.0137832 0.0123553 0.0108123 0.00933741 0.00793582 0.00663066 0.00545323 0.00442486 0.00355677 0.00285372 0.00231724 0.00192916 0.00159139 0.00113795 0.000596893 0.000215309 5.62318e-05 1.15079e-05 1.93214e-06 2.64819e-07 2.72806e-08 1.52462e-09 0 
0 0.000329325 0.00115944 0.00217794 0.0035254 0.00515852 0.00698943 0.00891928 0.0108859 0.0128473 0.0143749 0.0152769 0.0157798 0.0160183 0.0160457 0.0158756 0.0154924 0.0148436 0.0138238 0.0123957 0.01084 0.00935645 0.0079495 0.00663998 0.00545886 0.0044274 0.00355666 0.00285119 0.00231239 0.00192302 0.00158788 0.00114108 0.000603169 0.000219145 5.75188e-05 1.18063e-05 1.98568e-06 2.72454e-07 2.80886e-08 1.57074e-09 0 
0 0.000322996 0.00114503 0.00214533 0.00346583 0.00506668 0.00686129 0.00875168 0.0106644 0.0125709 0.0141323 0.0150783 0.0156022 0.0158488 0.0158756 0.0156973 0.0152967 0.0146167 0.0135518 0.0121151 0.0106033 0.00915735 0.00778025 0.00649831 0.00534261 0.00433392 0.00348309 0.00279474 0.00227027 0.00189095 0.00155894 0.00111255 0.000582653 0.00021023 5.5009e-05 1.12876e-05 1.90063e-06 2.61257e-07 2.69907e-08 1.51268e-09 0 
0 0.000309331 0.0011156 0.00207833 0.00334163 0.00487435 0.00659266 0.00840139 0.0102127 0.0119906 0.0135699 0.0146166 0.0151952 0.0154642 0.0154924 0.0152967 0.0148559 0.0141037 0.0129579 0.0115528 0.0101373 0.00876371 0.00744673 0.0062206 0.00511605 0.00415303 0.00334216 0.00268839 0.00219304 0.00183318 0.0015039 0.00105351 0.000538302 0.000190561 4.93813e-05 1.01048e-05 1.70316e-06 2.34768e-07 2.43416e-08 1.36959e-09 0 
0 0.000288845 0.00107281 0.0019835 0.00316394 0.00459823 0.00620659 0.007899 0.00958249 0.0111912 0.0126725 0.0138201 0.0144976 0.014811 0.0148436 0.0146167 0.0141037 0.0132437 0.0120688 0.0107823 0.00948844 0.00820826 0.00697544 0.0058281 0.00479561 0.00389689 0.00314238 0.00253762 0.00208319 0.00174864 0.00141977 0.000964763 0.000474888 0.000163526 4.18023e-05 8.52316e-06 1.43914e-06 1.9924e-07 2.0772e-08 1.17577e-09 0 
0 0.000262179 0.00101788 0.00186879 0.0029463 0.00425844 0.00573083 0.00728011 0.00881763 0.010262 0.0115595 0.0126506 0.0134072 0.0137832 0.0138238 0.0135518 0.0129579 0.0120688 0.011008 0.0098737 0.00870172 0.00752883 0.00639787 0.005346 0.00440058 0.00357946 0.00289309 0.00234767 0.00194145 0.00163297 0.00130159 0.00084873 0.000399363 0.000133367 3.36367e-05 6.84479e-06 1.16042e-06 1.61753e-07 1.69995e-08 9.7039e-10 0 
0 0.000230254 0.000951019 0.00174259 0.00270366 0.00387684 0.00519535 0.00658304 0.00795966 0.00924622 0.0103761 0.0113038 0.011983 0.0123553 0.0123957 0.0121151 0.0115528 0.0107823 0.0098737 0.00887262 0.00782146 0.00676579 0.00574763 0.00480102 0.00395106 0.00321467 0.00260255 0.00212108 0.00176359 0.0014768 0.00114457 0.000712199 0.00032085 0.000104482 2.61504e-05 5.33723e-06 9.12188e-07 1.28456e-07 1.36478e-08 7.87557e-10 0 
0 0.000194439 0.000870998 0.00161218 0.00245139 0.00347545 0.00463001 0.0058461 0.00705265 0.00817942 0.00916265 0.00995178 0.0105109 0.0108123 0.01084 0.0106033 0.0101373 0.00948844 0.00870172 0.00782146 0.00689293 0.00595923 0.00505788 0.00421925 0.00346618 0.00281478 0.00227592 0.00185463 0.00153773 0.00126755 0.00095011 0.0005688 0.000249642 8.06514e-05 2.02854e-05 4.18612e-06 7.24847e-07 1.03428e-07 1.11272e-08 6.4957e-10 0 
0 0.00015666 0.000775536 0.00148153 0.0022043 0.00307521 0.00406272 0.0051049 0.00613948 0.00710574 0.00794821 0.00862086 0.00909042 0.00933741 0.00935645 0.00915735 0.00876371 0.00820826 0.00752883 0.00676579 0.00595923 0.00514629 0.00435926 0.00362464 0.00296296 0.00238942 0.00191417 0.00153931 0.00124998 0.00100254 0.000734984 0.000438075 0.000194892 6.43637e-05 1.65479e-05 3.47865e-06 6.11366e-07 8.82786e-08 9.58851e-09 5.64061e-10 0 
0 0.000119342 0.000662969 0.00134838 0.0019749 0.00269535 0.00351817 0.00439045 0.00525768 0.00606805 0.00677464 0.00733841 0.0077309 0.00793582 0.0079495 0.00778025 0.00744673 0.00697544 0.00639787 0.00574763 0.00505788 0.00435926 0.00367856 0.00303818 0.00245655 0.00194876 0.00152524 0.00118778 0.000927059 0.000721733 0.000534748 0.00033721 0.000161138 5.63323e-05 1.49923e-05 3.20781e-06 5.68169e-07 8.22495e-08 8.93143e-09 5.24445e-10 0 
0 8.51084e-05 0.000535145 0.0012024 0.00176958 0.00235273 0.0030174 0.00372823 0.00443762 0.00510147 0.00568058 0.00614256 0.00646379 0.00663066 0.00663998 0.00649831 0.0062206 0.0058281 0.005346 0.00480102 0.00421925 0.00362464 0.00303818 0.00247867 0.00196667 0.00153054 0.00119781 0.000958533 0.000759387 0.000569792 0.00040759 0.000271833 0.00014512 5.514e-05 1.52244e-05 3.2794e-06 5.76845e-07 8.25253e-08 8.84557e-09 5.12773e-10 0 
0 5.62426e-05 0.000400084 0.0010281 0.00158147 0.00205944 0.00257806 0.00313832 0.00370226 0.00423202 0.00469488 0.00506423 0.00532074 0.00545323 0.00545886 0.00534261 0.00511605 0.00479561 0.00440058 0.00395106 0.00346618 0.00296296 0.00245655 0.00196667 0.00154171 0.00128433 0.0012708 0.00137481 0.00130715 0.000960364 0.000545705 0.000278218 0.000142072 5.76656e-05 1.64241e-05 3.51686e-06 6.06178e-07 8.47414e-08 8.88546e-09 5.04913e-10 0 
0 3.41119e-05 0.000271671 0.000816378 0.00138416 0.00181412 0.00221325 0.00263665 0.0030683 0.0034775 0.0038366 0.00412361 0.00432275 0.00442486 0.0044274 0.00433392 0.00415303 0.00389689 0.00357946 0.00321467 0.00281478 0.00238942 0.00194876 0.00153054 0.00128433 0.00150875 0.00237854 0.00346749 0.00388906 0.00270218 0.00137539 0.000509118 0.000172825 6.22394e-05 1.75988e-05 3.69115e-06 6.18141e-07 8.40479e-08 8.59887e-09 4.78302e-10 0 
0 1.88363e-05 0.00016477 0.00058029 0.00113978 0.00158672 0.00192174 0.00223392 0.00254817 0.00284983 0.00311724 0.00333203 0.0034811 0.00355677 0.00355666 0.00348309 0.00334216 0.00314238 0.00289309 0.00260255 0.00227592 0.00191417 0.00152524 0.00119781 0.0012708 0.00237854 0.00498809 0.00910665 0.00998702 0.00706407 0.0031739 0.00107444 0.000272683 7.09331e-05 1.8021e-05 3.59947e-06 5.81413e-07 7.69259e-08 7.70078e-09 4.20649e-10 0 
0 9.41551e-06 8.82604e-05 0.000357485 0.000834571 0.0013161 0.0016648 0.00192167 0.00214683 0.00235686 0.00254408 0.00269569 0.00280109 0.00285372 0.00285119 0.00279474 0.00268839 0.00253762 0.00234767 0.00212108 0.00185463 0.00153931 0.00118778 0.000958533 0.00137481 0.00346749 0.00910665 0.0111767 0.0114327 0.010604 0.00591892 0.00172217 0.00039788 8.06544e-05 1.71193e-05 3.14759e-06 4.87215e-07 6.29805e-08 6.20935e-09 3.35214e-10 0 
0 4.24729e-06 4.15694e-05 0.000187224 0.000514841 0.000959649 0.00135757 0.00163895 0.00183602 0.00198956 0.00211608 0.00221593 0.00228442 0.00231724 0.00231239 0.00227027 0.00219304 0.00208319 0.00194145 0.00176359 0.00153773 0.00124998 0.000927059 0.000759387 0.00130715 0.00388906 0.00998702 0.0114327 0.0116225 0.0109388 0.00708845 0.00189681 0.000427077 7.78283e-05 1.42305e-05 2.38772e-06 3.54913e-07 4.5198e-08 4.42924e-09 2.38293e-10 0 
0 1.72788e-06 1.72442e-05 8.31091e-05 0.000259459 0.000570776 0.000945037 0.0012749 0.00151436 0.00167642 0.00178688 0.00186218 0.001909 0.00192916 0.00192302 0.00189095 0.00183318 0.00174864 0.00163297 0.0014768 0.00126755 0.00100254 0.000721733 0.000569792 0.000960364 0.00270218 0.00706407 0.010604 0.0109388 0.00968098 0.00437487 0.00140517 0.000316481 5.67827e-05 9.6342e-06 1.5185e-06 2.20739e-07 2.8081e-08 2.76573e-09 1.49669e-10 0 
0 6.34573e-07 6.33627e-06 3.15744e-05 0.000106794 0.000266735 0.000514428 0.000802475 0.00106771 0.00127444 0.00141926 0.00151318 0.00156792 0.00159139 0.00158788 0.00155894 0.0015039 0.00141977 0.00130159 0.00114457 0.00095011 0.000734984 0.000534748 0.00040759 0.000545705 0.00137539 0.0031739 0.00591892 0.00708845 0.00437487 0.00210955 0.000698122 0.000161432 3.02181e-05 5.07478e-06 7.90975e-07 1.16066e-07 1.5014e-08 1.50379e-09 8.26238e-11 0 
0 2.1073e-07 2.0766e-06 1.04253e-05 3.66596e-05 9.88361e-05 0.000212738 0.000376963 0.000568127 0.000753952 0.000910078 0.00102591 0.00110076 0.00113795 0.00114108 0.00111255 0.00105351 0.000964763 0.00084873 0.000712199 0.0005688 0.000438075 0.00033721 0.000271833 0.000278218 0.000509118 0.00107444 0.00172217 0.00189681 0.00140517 0.000698122 0.000236431 5.87013e-05 1.18357e-05 2.06982e-06 3.37163e-07 5.16188e-08 6.90506e-09 7.10894e-10 3.99956e-11 0 
0 6.33496e-08 6.10589e-07 3.03568e-06 1.07779e-05 3.00731e-05 6.87591e-05 0.000132212 0.000218671 0.000318223 0.000416704 0.000501073 0.000562555 0.000596893 0.000603169 0.000582653 0.000538302 0.000474888 0.000399363 0.00032085 0.000249642 0.000194892 0.000161138 0.00014512 0.000142072 0.000172825 0.000272683 0.00039788 0.000427077 0.000316481 0.000161432 5.87013e-05 1.6111e-05 3.53857e-06 6.75529e-07 1.19989e-07 1.95837e-08 2.74017e-09 2.92387e-10 1.69639e-11 0 
0 1.72307e-08 1.61576e-07 7.87419e-07 2.77254e-06 7.78845e-06 1.82303e-05 3.64561e-05 6.3451e-05 9.77105e-05 0.00013521 0.000170544 0.000198506 0.000215309 0.000219145 0.00021023 0.000190561 0.000163526 0.000133367 0.000104482 8.06514e-05 6.43637e-05 5.63323e-05 5.514e-05 5.76656e-05 6.22394e-05 7.09331e-05 8.06544e-05 7.78283e-05 5.67827e-05 3.02181e-05 1.18357e-05 3.53857e-06 8.63979e-07 1.8617e-07 3.65964e-08 6.40201e-09 9.41805e-10 1.04735e-10 6.29991e-12 0 
0 4.22462e-09 3.84371e-08 1.82608e-07 6.31412e-07 1.75807e-06 4.12112e-06 8.33741e-06 1.48059e-05 2.33934e-05 3.32756e-05 4.30613e-05 5.11613e-05 5.62318e-05 5.75188e-05 5.5009e-05 4.93813e-05 4.18023e-05 3.36367e-05 2.61504e-05 2.02854e-05 1.65479e-05 1.49923e-05 1.52244e-05 1.64241e-05 1.75988e-05 1.8021e-05 1.71193e-05 1.42305e-05 9.6342e-06 5.07478e-06 2.06982e-06 6.75529e-07 1.8617e-07 4.51726e-08 9.71649e-09 1.81307e-09 2.80764e-10 3.26454e-11 2.04318e-12 0 
0 9.24978e-10 8.15752e-09 3.76875e-08 1.27355e-07 3.48695e-07 8.09234e-07 1.63174e-06 2.90523e-06 4.6228e-06 6.63928e-06 8.6797e-06 1.04047e-05 1.15079e-05 1.18063e-05 1.12876e-05 1.01048e-05 8.52316e-06 6.84479e-06 5.33723e-06 4.18612e-06 3.47865e-06 3.20781e-06 3.2794e-06 3.51686e-06 3.69115e-06 3.59947e-06 3.14759e-06 2.38772e-06 1.5185e-06 7.90975e-07 3.37163e-07 1.19989e-07 3.65964e-08 9.71649e-09 2.24406e-09 4.43749e-10 7.23006e-11 8.80232e-12 5.74397e-13 0 
0 1.7728e-10 1.51573e-09 6.80555e-09 2.24328e-08 6.01828e-08 1.37529e-07 2.74402e-07 4.8559e-07 7.70808e-07 1.10733e-06 1.45034e-06 1.74287e-06 1.93214e-06 1.98568e-06 1.90063e-06 1.70316e-06 1.43914e-06 1.16042e-06 9.12188e-07 7.24847e-07 6.11366e-07 5.68169e-07 5.76845e-07 6.06178e-07 6.18141e-07 5.81413e-07 4.87215e-07 3.54913e-07 2.20739e-07 1.16066e-07 5.16188e-08 1.95837e-08 6.40201e-09 1.81307e-09 4.43749e-10 9.25459e-11 1.58448e-11 2.01996e-12 1.37534e-13 0 
0 2.85027e-11 2.36469e-10 1.03235e-09 3.3185e-09 8.71333e-09 1.95637e-08 3.85024e-08 6.74544e-08 1.06348e-07 1.52143e-07 1.98848e-07 2.38796e-07 2.64819e-07 2.72454e-07 2.61257e-07 2.34768e-07 1.9924e-07 1.61753e-07 1.28456e-07 1.03428e-07 8.82786e-08 8.22495e-08 8.25253e-08 8.47414e-08 8.40479e-08 7.69259e-08 6.29805e-08 4.5198e-08 2.8081e-08 1.5014e-08 6.90506e-09 2.74017e-09 9.41805e-10 2.80764e-10 7.23006e-11 1.58448e-11 2.84503e-12 3.79415e-13 2.69469e-14 0 
0 3.47094e-12 2.798e-11 1.18905e-10 3.73008e-10 9.58674e-10 2.11385e-09 4.09913e-09 7.09878e-09 1.10954e-08 1.57768e-08 2.05394e-08 2.4614e-08 2.72806e-08 2.80886e-08 2.69907e-08 2.43416e-08 2.0772e-08 1.69995e-08 1.36478e-08 1.11272e-08 9.58851e-09 8.93143e-09 8.84557e-09 8.88546e-09 8.59887e-09 7.70078e-09 6.20935e-09 4.42924e-09 2.76573e-09 1.50379e-09 7.10894e-10 2.92387e-10 1.04735e-10 3.26454e-11 8.80232e-12 2.01996e-12 3.79415e-13 5.28401e-14 3.91057e-15 0 
0 2.28791e-13 1.79492e-12 7.43605e-12 2.27921e-11 5.73866e-11 1.24317e-10 2.37541e-10 4.06498e-10 6.29515e-10 8.89066e-10 1.15212e-09 1.37695e-09 1.52462e-09 1.57074e-09 1.51268e-09 1.36959e-09 1.17577e-09 9.7039e-10 7.87557e-10 6.4957e-10 5.64061e-10 5.24445e-10 5.12773e-10 5.04913e-10 4.78302e-10 4.20649e-10 3.35214e-10 2.38293e-10 1.49669e-10 8.26238e-11 3.99956e-11 1.69639e-11 6.29991e-12 2.04318e-12 5.74397e-13 1.37534e-13 2.69469e-14 3.91057e-15 3.01117e-16 0 
0 0 0 0 0 0 0 0 0 0 0 0 0 0 0 0 0 0 0 0 0 0 0 0 0 0 0 0 0 0 0 0 0 0 0 0 0 0 0 0 0 
