0 0 0 0 0 0 0 0 0 0 0 0 0 0 0 0 0 0 0 0 0 0 0 0 0 0 0 0 0 0 0 0 0 0 0 0 0 0 0 0 0 
0 1.11525e-07 1.02052e-06 4.73922e-06 1.55003e-05 3.94988e-05 8.24148e-05 0.000145771 0.000225074 0.000311252 0.000393909 0.000464069 0.000515448 0.00054455 0.000550255 0.000533347 0.000496171 0.000442411 0.000376901 0.000305356 0.000233874 0.000168186 0.000112746 6.99694e-05 3.99575e-05 2.09032e-05 9.98998e-06 4.35745e-06 1.7354e-06 6.31862e-07 2.10649e-07 6.43738e-08 1.80344e-08 4.62308e-09 1.07891e-09 2.26781e-10 4.20301e-11 6.57427e-12 7.82798e-13 5.06595e-14 0 
0 1.02052e-06 9.69142e-06 4.58975e-05 0.000148959 0.000364691 0.000709882 0.00114927 0.00161537 0.00204658 0.00240632 0.00267989 0.00286469 0.00296308 0.00297914 0.00291757 0.00278345 0.0025823 0.0023207 0.00200776 0.00165753 0.00129124 0.000937073 0.000625298 0.000379269 0.000207381 0.00010181 4.48775e-05 1.78156e-05 6.39855e-06 2.0888e-06 6.22116e-07 1.69396e-07 4.2151e-08 9.54578e-09 1.94788e-09 3.50778e-10 5.33774e-11 6.19154e-12 3.90919e-13 0 
0 4.73922e-06 4.58975e-05 0.000214436 0.000654498 0.00143619 0.00243457 0.00343378 0.00430209 0.00501196 0.00557484 0.00600072 0.00629165 0.00644706 0.00646883 0.00636362 0.00614279 0.00582037 0.0054099 0.0049208 0.00435601 0.00371464 0.00300313 0.00225338 0.00153283 0.000925885 0.0004902 0.000226768 9.21429e-05 3.32108e-05 1.07305e-05 3.13542e-06 8.33286e-07 2.01844e-07 4.44517e-08 8.82085e-09 1.54578e-09 2.29146e-10 2.5928e-11 1.59918e-12 0 
0 1.55003e-05 0.000148959 0.000654498 0.00176199 0.00328377 0.00479054 0.00609818 0.0072364 0.00824182 0.00910554 0.00979662 0.0102847 0.0105502 0.0105884 0.010409 0.0100346 0.0094975 0.00883608 0.00808908 0.00728866 0.00645091 0.00556701 0.0046067 0.00355268 0.00246088 0.00147847 0.000754475 0.000326487 0.000121379 3.94999e-05 1.14461e-05 2.98946e-06 7.08171e-07 1.52177e-07 2.9445e-08 5.03269e-09 7.28239e-10 8.0527e-11 4.86021e-12 0 
0 3.94988e-05 0.000364691 0.00143619 0.00328377 0.00527043 0.00706476 0.00874572 0.0103647 0.0118757 0.0132011 0.0142688 0.0150244 0.0154364 0.015497 0.0152211 0.0146433 0.0138137 0.0127926 0.0116453 0.0104358 0.00922024 0.00803569 0.0068817 0.00570499 0.00442754 0.00305811 0.00178706 0.000859242 0.000341053 0.000114431 3.33682e-05 8.64277e-06 2.01432e-06 4.24193e-07 8.03047e-08 1.3425e-08 1.90096e-09 2.05881e-10 1.21842e-11 0 
0 8.24148e-05 0.000709882 0.00243457 0.00479054 0.00706476 0.00928688 0.0115588 0.0138143 0.0159304 0.0177861 0.0192796 0.0203361 0.0209122 0.0209974 0.0206125 0.0198054 0.0186456 0.0172164 0.0156077 0.0139091 0.012204 0.0105628 0.00903351 0.00761844 0.006242 0.00477159 0.00318729 0.00174634 0.00076417 0.000271264 8.09689e-05 2.10207e-05 4.8535e-06 1.00657e-06 1.87154e-07 3.07004e-08 4.26577e-09 4.53624e-10 2.6383e-11 0 
0 0.000145771 0.00114927 0.00343378 0.00609818 0.00874572 0.0115588 0.0145111 0.017449 0.0202029 0.0226158 0.0245567 0.0259289 0.0266768 0.026787 0.0262864 0.0252374 0.0237296 0.0218706 0.0197765 0.0175626 0.0153359 0.0131891 0.0111961 0.009402 0.0077938 0.00625381 0.00460074 0.00285743 0.00140271 0.000538482 0.000167325 4.4023e-05 1.01422e-05 2.082e-06 3.81717e-07 6.16469e-08 8.4301e-09 8.82535e-10 5.05648e-11 0 
0 0.000225074 0.00161537 0.00430209 0.0072364 0.0103647 0.0138143 0.017449 0.0210636 0.0244495 0.0274148 0.0297988 0.0314835 0.0324007 0.0325343 0.0319178 0.0306277 0.0287737 0.0264878 0.0239121 0.0211873 0.018444 0.0157949 0.0133309 0.0111173 0.00918179 0.00746994 0.00579273 0.00396222 0.00217532 0.00091374 0.000299497 8.06344e-05 1.86591e-05 3.80965e-06 6.91387e-07 1.10294e-07 1.48875e-08 1.53846e-09 8.70472e-11 0 
0 0.000311252 0.00204658 0.00501196 0.00824182 0.0118757 0.0159304 0.0202029 0.0244495 0.0284258 0.0319069 0.0347042 0.0366797 0.0377538 0.0379078 0.0371814 0.0356644 0.0334859 0.0308004 0.0277742 0.0245722 0.0213468 0.0182294 0.0153256 0.0127127 0.0104367 0.00848741 0.00672936 0.00489842 0.00295148 0.00135521 0.000471624 0.000130815 3.05643e-05 6.2321e-06 1.12345e-06 1.77579e-07 2.37274e-08 2.42673e-09 1.35927e-10 0 
0 0.000393909 0.00240632 0.00557484 0.00910554 0.0132011 0.0177861 0.0226158 0.0274148 0.0319069 0.0358378 0.0389952 0.0412235 0.0424331 0.0426032 0.0417786 0.0400615 0.0375981 0.0345626 0.0311426 0.0275238 0.0238777 0.0203521 0.0170654 0.014104 0.0115225 0.00933303 0.0074497 0.00561684 0.00362375 0.00179821 0.000663701 0.000190148 4.49993e-05 9.1912e-06 1.65057e-06 2.59237e-07 3.438e-08 3.4889e-09 1.93922e-10 0 
0 0.000464069 0.00267989 0.00600072 0.00979662 0.0142688 0.0192796 0.0245567 0.0297988 0.0347042 0.0389952 0.0424401 0.0448692 0.0461849 0.0463654 0.0454602 0.0435809 0.0408871 0.0375699 0.0338336 0.0298806 0.0258977 0.0220458 0.0184533 0.0152137 0.0123867 0.00999447 0.00798249 0.00612834 0.00413816 0.00218175 0.000847473 0.000250331 6.00513e-05 1.23091e-05 2.20706e-06 3.45268e-07 4.55603e-08 4.59868e-09 2.54237e-10 0 
0 0.000515448 0.00286469 0.00629165 0.0102847 0.0150244 0.0203361 0.0259289 0.0314835 0.0366797 0.0412235 0.0448692 0.047436 0.048821 0.0490052 0.0480425 0.0460485 0.043191 0.0396736 0.0357136 0.0315252 0.0273056 0.0232249 0.0194183 0.0159844 0.0129856 0.0104487 0.00833615 0.00645538 0.00448181 0.00246464 0.000995356 0.000301452 7.31959e-05 1.50664e-05 2.7017e-06 4.21863e-07 5.55154e-08 5.58643e-09 3.07898e-10 0 
0 0.00054455 0.00296308 0.00644706 0.0105502 0.0154364 0.0209122 0.0266768 0.0324007 0.0377538 0.0424331 0.0461849 0.048821 0.0502371 0.0504185 0.0494229 0.0473658 0.0444177 0.0407896 0.0367072 0.032391 0.0280438 0.0238404 0.0199196 0.0163824 0.0132926 0.0106785 0.00851077 0.00661531 0.00466085 0.00262709 0.00108735 0.000334922 8.2059e-05 1.69575e-05 3.04475e-06 4.75434e-07 6.25309e-08 6.28776e-09 3.46305e-10 0 
0 0.000550255 0.00297914 0.00646883 0.0105884 0.015497 0.0209974 0.026787 0.0325343 0.0379078 0.0426032 0.0463654 0.0490052 0.0504185 0.0505924 0.0495858 0.0475141 0.0445483 0.0409008 0.0367989 0.0324642 0.0281 0.0238814 0.0199476 0.0163993 0.0133003 0.0106788 0.00850771 0.00661999 0.00468658 0.00266517 0.00111403 0.00034582 8.51663e-05 1.76582e-05 3.17795e-06 4.9717e-07 6.5503e-08 6.59815e-09 3.64081e-10 0 
0 0.000533347 0.00291757 0.00636362 0.010409 0.0152211 0.0206125 0.0262864 0.0319178 0.0371814 0.0417786 0.0454602 0.0480425 0.0494229 0.0495858 0.0485884 0.0465474 0.0436331 0.0400535 0.0360304 0.031781 0.0275047 0.023373 0.019522 0.0160501 0.0130194 0.010457 0.0083335 0.00647851 0.00457021 0.00258555 0.0010767 0.000333967 8.23803e-05 1.71317e-05 3.09464e-06 4.86138e-07 6.4334e-08 6.51101e-09 3.61072e-10 0 
0 0.000496171 0.00278345 0.00614279 0.0100346 0.0146433 0.0198054 0.0252374 0.0306277 0.0356644 0.0400615 0.0435809 0.0460485 0.0473658 0.0475141 0.0465474 0.0445817 0.0417828 0.0383491 0.0344924 0.0304208 0.0263256 0.0223712 0.0186877 0.0153694 0.0124757 0.0100312 0.00799934 0.00619853 0.00432267 0.00240318 0.000986039 0.000303691 7.48934e-05 1.56355e-05 2.8417e-06 4.49688e-07 5.99938e-08 6.12439e-09 3.42723e-10 0 
0 0.000442411 0.0025823 0.00582037 0.0094975 0.0138137 0.0186456 0.0237296 0.0287737 0.0334859 0.0375981 0.0408871 0.043191 0.0444177 0.0445483 0.0436331 0.0417828 0.0391535 0.0359309 0.0323132 0.0284959 0.0246586 0.0209554 0.0175086 0.0144067 0.0117057 0.00942566 0.00751816 0.00578637 0.00395745 0.00214175 0.000860319 0.000262597 6.48392e-05 1.36364e-05 2.5048e-06 4.01304e-07 5.42587e-08 5.61672e-09 3.1883e-10 0 
0 0.000376901 0.0023207 0.0054099 0.00883608 0.0127926 0.0172164 0.0218706 0.0264878 0.0308004 0.0345626 0.0375699 0.0396736 0.0407896 0.0409008 0.0400535 0.0383491 0.0359309 0.0329691 0.0296456 0.0261402 0.0226178 0.0192203 0.0160603 0.0132199 0.0107506 0.00866588 0.00690048 0.00524826 0.00349643 0.00183512 0.000722748 0.000219795 5.47251e-05 1.16838e-05 2.18581e-06 3.57181e-07 4.92786e-08 5.20456e-09 3.01253e-10 0 
0 0.000305356 0.00200776 0.0049208 0.00808908 0.0116453 0.0156077 0.0197765 0.0239121 0.0277742 0.0311426 0.0338336 0.0357136 0.0367072 0.0367989 0.0360304 0.0344924 0.0323132 0.0296456 0.0266531 0.0234969 0.0203256 0.0172668 0.014423 0.011869 0.00965094 0.00777254 0.00615214 0.0045965 0.00297742 0.00152659 0.000597988 0.000184145 4.69288e-05 1.03007e-05 1.98281e-06 3.33065e-07 4.71489e-08 5.0977e-09 3.01303e-10 0 
0 0.000233874 0.00165753 0.00435601 0.00728866 0.0104358 0.0139091 0.0175626 0.0211873 0.0245722 0.0275238 0.0298806 0.0315252 0.032391 0.0324642 0.031781 0.0304208 0.0284959 0.0261402 0.0234969 0.0207075 0.0179025 0.0151947 0.0126751 0.010411 0.008441 0.00675832 0.00527982 0.00386223 0.00245769 0.00126316 0.00050822 0.000163088 4.34384e-05 9.92947e-06 1.97898e-06 3.42115e-07 4.95655e-08 5.45769e-09 3.27123e-10 0 
0 0.000168186 0.00129124 0.00371464 0.00645091 0.00922024 0.012204 0.0153359 0.018444 0.0213468 0.0238777 0.0258977 0.0273056 0.0280438 0.0281 0.0275047 0.0263256 0.0246586 0.0226178 0.0203256 0.0179025 0.0154603 0.0130958 0.0108881 0.00889494 0.00714707 0.00563668 0.00431348 0.00310936 0.00200352 0.00108278 0.000469166 0.000162135 4.58221e-05 1.09206e-05 2.23654e-06 3.93123e-07 5.74807e-08 6.35415e-09 3.80925e-10 0 
0 0.000112746 0.000937073 0.00300313 0.00556701 0.00803569 0.0105628 0.0131891 0.0157949 0.0182294 0.0203521 0.0220458 0.0232249 0.0238404 0.0238814 0.023373 0.0223712 0.0209554 0.0192203 0.0172668 0.0151947 0.0130958 0.0110503 0.00912334 0.00736398 0.00580614 0.00447238 0.0033653 0.00244971 0.00166795 0.000996513 0.000484774 0.000184108 5.51228e-05 1.3492e-05 2.7827e-06 4.87313e-07 7.05962e-08 7.71074e-09 4.56141e-10 0 
0 6.99694e-05 0.000625298 0.00225338 0.0046067 0.0068817 0.00903351 0.0111961 0.0133309 0.0153256 0.0170654 0.0184533 0.0194183 0.0199196 0.0199476 0.019522 0.0186877 0.0175086 0.0160603 0.014423 0.0126751 0.0108881 0.00912334 0.00743393 0.0058802 0.00455634 0.00355424 0.00283559 0.0022244 0.00160891 0.00102885 0.000550958 0.000228306 7.14212e-05 1.75793e-05 3.57453e-06 6.12613e-07 8.66978e-08 9.25457e-09 5.3572e-10 0 
0 3.99575e-05 0.000379269 0.00153283 0.00355268 0.00570499 0.00761844 0.009402 0.0111173 0.0127127 0.014104 0.0152137 0.0159844 0.0163824 0.0163993 0.0160501 0.0153694 0.0144067 0.0132199 0.011869 0.010411 0.00889494 0.00736398 0.0058802 0.00460428 0.00384605 0.00381474 0.00412935 0.0039262 0.00288253 0.00162155 0.000758365 0.000302844 9.43667e-05 2.26948e-05 4.4583e-06 7.38421e-07 1.01325e-07 1.05216e-08 5.9427e-10 0 
0 2.09032e-05 0.000207381 0.000925885 0.00246088 0.00442754 0.006242 0.0077938 0.00918179 0.0104367 0.0115225 0.0123867 0.0129856 0.0132926 0.0133003 0.0130194 0.0124757 0.0117057 0.0107506 0.00965094 0.008441 0.00714707 0.00580614 0.00455634 0.00384605 0.00453181 0.00714551 0.0103099 0.0109883 0.00811754 0.00413175 0.00152165 0.000467741 0.000126907 2.81081e-05 5.17988e-06 8.19403e-07 1.0871e-07 1.09855e-08 6.06257e-10 0 
0 9.98998e-06 0.00010181 0.0004902 0.00147847 0.00305811 0.00477159 0.00625381 0.00746994 0.00848741 0.00933303 0.00999447 0.0104487 0.0106785 0.0106788 0.010457 0.0100312 0.00942566 0.00866588 0.00777254 0.00675832 0.00563668 0.00447238 0.00355424 0.00381474 0.00714551 0.01483 0.0236768 0.0263363 0.0191767 0.00953471 0.00322752 0.000804607 0.000173462 3.28928e-05 5.46522e-06 8.13969e-07 1.04374e-07 1.03055e-08 5.58296e-10 0 
0 4.35745e-06 4.48775e-05 0.000226768 0.000754475 0.00178706 0.00318729 0.00460074 0.00579273 0.00672936 0.0074497 0.00798249 0.00833615 0.00851077 0.00850771 0.0083335 0.00799934 0.00751816 0.00690048 0.00615214 0.00527982 0.00431348 0.0033653 0.00283559 0.00412935 0.0103099 0.0236768 0.038567 0.0421272 0.0318799 0.0156204 0.00517366 0.00119096 0.000217509 3.4853e-05 5.10204e-06 7.08424e-07 8.80445e-08 8.55292e-09 4.58045e-10 0 
0 1.7354e-06 1.78156e-05 9.21429e-05 0.000326487 0.000859242 0.00174634 0.00285743 0.00396222 0.00489842 0.00561684 0.00612834 0.00645538 0.00661531 0.00661999 0.00647851 0.00619853 0.00578637 0.00524826 0.0045965 0.00386223 0.00310936 0.00244971 0.0022244 0.0039262 0.0109883 0.0263363 0.0421272 0.0449241 0.0358089 0.017334 0.00569802 0.00128047 0.000216668 3.0853e-05 4.05277e-06 5.29326e-07 6.4379e-08 6.21318e-09 3.31794e-10 0 
0 6.31862e-07 6.39855e-06 3.32108e-05 0.000121379 0.000341053 0.00076417 0.00140271 0.00217532 0.00295148 0.00362375 0.00413816 0.00448181 0.00466085 0.00468658 0.00457021 0.00432267 0.00395745 0.00349643 0.00297742 0.00245769 0.00200352 0.00166795 0.00160891 0.00288253 0.00811754 0.0191767 0.0318799 0.0358089 0.0260102 0.0128229 0.00422135 0.000947282 0.000157027 2.11444e-05 2.62366e-06 3.33322e-07 4.04347e-08 3.92474e-09 2.10995e-10 0 
0 2.10649e-07 2.0888e-06 1.07305e-05 3.94999e-05 0.000114431 0.000271264 0.000538482 0.00091374 0.00135521 0.00179821 0.00218175 0.00246464 0.00262709 0.00266517 0.00258555 0.00240318 0.00214175 0.00183512 0.00152659 0.00126316 0.00108278 0.000996513 0.00102885 0.00162155 0.00413175 0.00953471 0.0156204 0.017334 0.0128229 0.00633744 0.00209684 0.000478162 8.02439e-05 1.07803e-05 1.34922e-06 1.75165e-07 2.17282e-08 2.14946e-09 1.17445e-10 0 
0 6.43738e-08 6.22116e-07 3.13542e-06 1.14461e-05 3.33682e-05 8.09689e-05 0.000167325 0.000299497 0.000471624 0.000663701 0.000847473 0.000995356 0.00108735 0.00111403 0.0010767 0.000986039 0.000860319 0.000722748 0.000597988 0.00050822 0.000469166 0.000484774 0.000550958 0.000758365 0.00152165 0.00322752 0.00517366 0.00569802 0.00422135 0.00209684 0.00070612 0.000166697 2.89906e-05 4.09802e-06 5.54198e-07 7.71447e-08 1.0006e-08 1.02067e-09 5.71692e-11 0 
0 1.80344e-08 1.69396e-07 8.33286e-07 2.98946e-06 8.64277e-06 2.10207e-05 4.4023e-05 8.06344e-05 0.000130815 0.000190148 0.000250331 0.000301452 0.000334922 0.00034582 0.000333967 0.000303691 0.000262597 0.000219795 0.000184145 0.000163088 0.000162135 0.000184108 0.000228306 0.000302844 0.000467741 0.000804607 0.00119096 0.00128047 0.000947282 0.000478162 0.000166697 4.1219e-05 7.66741e-06 1.21462e-06 1.88184e-07 2.89058e-08 3.9694e-09 4.20956e-10 2.43394e-11 0 
0 4.62308e-09 4.2151e-08 2.01844e-07 7.08171e-07 2.01432e-06 4.8535e-06 1.01422e-05 1.86591e-05 3.05643e-05 4.49993e-05 6.00513e-05 7.31959e-05 8.2059e-05 8.51663e-05 8.23803e-05 7.48934e-05 6.48392e-05 5.47251e-05 4.69288e-05 4.34384e-05 4.58221e-05 5.51228e-05 7.14212e-05 9.43667e-05 0.000126907 0.000173462 0.000217509 0.000216668 0.000157027 8.02439e-05 2.89906e-05 7.66741e-06 1.61201e-06 3.03661e-07 5.51548e-08 9.35792e-09 1.36352e-09 1.5105e-10 9.06191e-12 0 
0 1.07891e-09 9.54578e-09 4.44517e-08 1.52177e-07 4.24193e-07 1.00657e-06 2.082e-06 3.80965e-06 6.2321e-06 9.1912e-06 1.23091e-05 1.50664e-05 1.69575e-05 1.76582e-05 1.71317e-05 1.56355e-05 1.36364e-05 1.16838e-05 1.03007e-05 9.92947e-06 1.09206e-05 1.3492e-05 1.75793e-05 2.26948e-05 2.81081e-05 3.28928e-05 3.4853e-05 3.0853e-05 2.11444e-05 1.07803e-05 4.09802e-06 1.21462e-06 3.03661e-07 6.87532e-08 1.42991e-08 2.63568e-09 4.06339e-10 4.71309e-11 2.94385e-12 0 
0 2.26781e-10 1.94788e-09 8.82085e-09 2.9445e-08 8.03047e-08 1.87154e-07 3.81717e-07 6.91387e-07 1.12345e-06 1.65057e-06 2.20706e-06 2.7017e-06 3.04475e-06 3.17795e-06 3.09464e-06 2.8417e-06 2.5048e-06 2.18581e-06 1.98281e-06 1.97898e-06 2.23654e-06 2.7827e-06 3.57453e-06 4.4583e-06 5.17988e-06 5.46522e-06 5.10204e-06 4.05277e-06 2.62366e-06 1.34922e-06 5.54198e-07 1.88184e-07 5.51548e-08 1.42991e-08 3.26749e-09 6.43408e-10 1.0461e-10 1.27152e-11 8.28463e-13 0 
0 4.20301e-11 3.50778e-10 1.54578e-09 5.03269e-09 1.3425e-08 3.07004e-08 6.16469e-08 1.10294e-07 1.77579e-07 2.59237e-07 3.45268e-07 4.21863e-07 4.75434e-07 4.9717e-07 4.86138e-07 4.49688e-07 4.01304e-07 3.57181e-07 3.33065e-07 3.42115e-07 3.93123e-07 4.87313e-07 6.12613e-07 7.38421e-07 8.19403e-07 8.13969e-07 7.08424e-07 5.29326e-07 3.33322e-07 1.75165e-07 7.71447e-08 2.89058e-08 9.35792e-09 2.63568e-09 6.43408e-10 1.34e-10 2.29172e-11 2.91843e-12 1.98481e-13 0 
0 6.57427e-12 5.33774e-11 2.29146e-10 7.28239e-10 1.90096e-09 4.26577e-09 8.4301e-09 1.48875e-08 2.37274e-08 3.438e-08 4.55603e-08 5.55154e-08 6.25309e-08 6.5503e-08 6.4334e-08 5.99938e-08 5.42587e-08 4.92786e-08 4.71489e-08 4.95655e-08 5.74807e-08 7.05962e-08 8.66978e-08 1.01325e-07 1.0871e-07 1.04374e-07 8.80445e-08 6.4379e-08 4.04347e-08 2.17282e-08 1.0006e-08 3.9694e-09 1.36352e-09 4.06339e-10 1.0461e-10 2.29172e-11 4.1128e-12 5.48115e-13 3.88969e-14 0 
0 7.82798e-13 6.19154e-12 2.5928e-11 8.0527e-11 2.05881e-10 4.53624e-10 8.82535e-10 1.53846e-09 2.42673e-09 3.4889e-09 4.59868e-09 5.58643e-09 6.28776e-09 6.59815e-09 6.51101e-09 6.12439e-09 5.61672e-09 5.20456e-09 5.0977e-09 5.45769e-09 6.35415e-09 7.71074e-09 9.25457e-09 1.05216e-08 1.09855e-08 1.03055e-08 8.55292e-09 6.21318e-09 3.92474e-09 2.14946e-09 1.02067e-09 4.20956e-10 1.5105e-10 4.71309e-11 1.27152e-11 2.91843e-12 5.48115e-13 7.63088e-14 5.64453e-15 0 
0 5.06595e-14 3.90919e-13 1.59918e-12 4.86021e-12 1.21842e-11 2.6383e-11 5.05648e-11 8.70472e-11 1.35927e-10 1.93922e-10 2.54237e-10 3.07898e-10 3.46305e-10 3.64081e-10 3.61072e-10 3.42723e-10 3.1883e-10 3.01253e-10 3.01303e-10 3.27123e-10 3.80925e-10 4.56141e-10 5.3572e-10 5.9427e-10 6.06257e-10 5.58296e-10 4.58045e-10 3.31794e-10 2.10995e-10 1.17445e-10 5.71692e-11 2.43394e-11 9.06191e-12 2.94385e-12 8.28463e-13 1.98481e-13 3.88969e-14 5.64453e-15 4.34524e-16 0 
0 0 0 0 0 0 0 0 0 0 0 0 0 0 0 0 0 0 0 0 0 0 0 0 0 0 0 0 0 0 0 0 0 0 0 0 0 0 0 0 0 
