0 0 0 0 0 0 0 0 0 0 0 0 0 0 0 0 0 0 0 0 0 0 0 0 0 0 0 0 0 0 0 0 0 0 0 0 0 0 0 0 0 
0 1.62924e-07 1.41166e-06 5.88334e-06 1.63317e-05 3.38486e-05 5.63538e-05 7.99467e-05 0.000101307 0.00011876 0.000131971 0.000141275 0.00014718 0.000150135 0.000150463 0.000148363 0.000143928 0.000137169 0.000128058 0.000116591 0.000102896 8.73461e-05 7.06615e-05 5.39051e-05 3.83379e-05 2.51285e-05 1.50177e-05 8.11213e-06 3.93712e-06 1.71192e-06 6.6671e-07 2.32861e-07 7.30476e-08 2.05847e-08 5.19611e-09 1.165e-09 2.27608e-10 3.7163e-11 4.58182e-12 3.05019e-13 0 
0 1.41166e-06 1.22683e-05 4.82623e-05 0.000117758 0.000203496 0.000278288 0.000330997 0.000365914 0.000390464 0.000409174 0.000423567 0.000433622 0.000438927 0.00043928 0.000434894 0.000426386 0.000414622 0.000400442 0.000384278 0.000365718 0.000343191 0.000314103 0.000275818 0.000227552 0.000172323 0.000117137 7.01949e-05 3.66815e-05 1.66669e-05 6.60881e-06 2.30365e-06 7.11297e-07 1.95592e-07 4.79453e-08 1.04158e-08 1.97075e-09 3.11811e-10 3.72996e-11 2.4132e-12 0 
0 5.88334e-06 4.82623e-05 0.000162107 0.000311528 0.00042411 0.000492642 0.000545854 0.000599539 0.000654369 0.000705656 0.000748537 0.000779459 0.000796364 0.000798592 0.000786729 0.000762427 0.000728214 0.0006873 0.00064335 0.000600155 0.000560976 0.000527278 0.000496832 0.000462119 0.000411573 0.000336536 0.000241686 0.000147197 7.47385e-05 3.16935e-05 1.13871e-05 3.52977e-06 9.58308e-07 2.29743e-07 4.85815e-08 8.93089e-09 1.37274e-09 1.59671e-10 1.00594e-11 0 
0 1.63317e-05 0.000117758 0.000311528 0.000470374 0.000568892 0.000663926 0.000774872 0.000893827 0.00100935 0.00111223 0.00119565 0.00125484 0.00128711 0.00129175 0.00126992 0.00122442 0.00115932 0.0010796 0.000990788 0.000898677 0.000809198 0.000728333 0.000661532 0.000611446 0.000573138 0.000529253 0.000454395 0.000337682 0.000204824 9.88818e-05 3.83566e-05 1.22984e-05 3.35651e-06 7.9559e-07 1.64897e-07 2.95948e-08 4.4355e-09 5.03172e-10 3.09496e-11 0 
0 3.38486e-05 0.000203496 0.00042411 0.000568892 0.000707733 0.000879108 0.00107052 0.00126494 0.00144862 0.00161015 0.00174034 0.00183249 0.00188274 0.00189014 0.00185649 0.00178602 0.00168484 0.00156034 0.00142052 0.00127345 0.00112684 0.000987888 0.000863506 0.000760614 0.000684906 0.000634872 0.000591012 0.000514191 0.000378795 0.000218321 9.60102e-05 3.30098e-05 9.26456e-06 2.20105e-06 4.50993e-07 7.94878e-08 1.16675e-08 1.29551e-09 7.80371e-11 0 
0 5.63538e-05 0.000278288 0.000492642 0.000663926 0.000879108 0.00113524 0.00141009 0.00168492 0.00194299 0.00216933 0.0023515 0.00248041 0.00255077 0.00256119 0.00251416 0.00241565 0.00227417 0.00209984 0.00190363 0.00169648 0.00148863 0.00128911 0.0011057 0.000945352 0.000815093 0.000721565 0.000663652 0.00061585 0.000524727 0.000362506 0.000186683 7.11829e-05 2.10436e-05 5.08641e-06 1.03995e-06 1.81138e-07 2.61629e-08 2.85432e-09 1.68929e-10 0 
0 7.99467e-05 0.000330997 0.000545854 0.000774872 0.00107052 0.00141009 0.0017699 0.00212821 0.0024641 0.00275864 0.00299771 0.00317455 0.00327992 0.00329708 0.00322509 0.00308452 0.00289538 0.00266762 0.0024121 0.00214207 0.00187049 0.00160871 0.00136607 0.00114998 0.000966771 0.000823145 0.000725489 0.000668272 0.000610832 0.000486658 0.000294273 0.000127123 4.04012e-05 1.0075e-05 2.07396e-06 3.5919e-07 5.12877e-08 5.51867e-09 3.21954e-10 0 
0 0.000101307 0.000365914 0.000599539 0.000893827 0.00126494 0.00168492 0.00212821 0.00256908 0.0029827 0.0033553 0.00370843 0.00401141 0.00418329 0.00421113 0.00410185 0.00386285 0.0035495 0.00323608 0.00291689 0.00258418 0.00224957 0.00192647 0.00162599 0.00135655 0.00112436 0.000934809 0.00079445 0.000707442 0.000654452 0.000569213 0.000394643 0.000193802 6.70307e-05 1.74309e-05 3.6397e-06 6.30135e-07 8.93209e-08 9.51291e-09 5.48757e-10 0 
0 0.00011876 0.000390464 0.000654369 0.00100935 0.00144862 0.00194299 0.0024641 0.0029827 0.00348346 0.00402268 0.00448622 0.00472994 0.00483641 0.00485247 0.0047868 0.0046218 0.00430211 0.00383223 0.00339602 0.0029975 0.00260363 0.0022234 0.00186923 0.00155066 0.00127421 0.00104449 0.000866485 0.000746504 0.000679488 0.000615798 0.000472231 0.000260312 9.81721e-05 2.6768e-05 5.69787e-06 9.90108e-07 1.39809e-07 1.47836e-08 8.45626e-10 0 
0 0.000131971 0.000409174 0.000705656 0.00111223 0.00161015 0.00216933 0.00275864 0.0033553 0.00402268 0.00462209 0.00492263 0.00507885 0.00515242 0.00516353 0.00511662 0.00500475 0.00480344 0.00444048 0.00387299 0.00336372 0.00291258 0.0024823 0.00208143 0.00172026 0.00140578 0.00114227 0.000933359 0.000784664 0.000697956 0.00064019 0.000524487 0.000317438 0.000129547 3.70241e-05 8.04923e-06 1.40731e-06 1.98471e-07 2.08898e-08 1.18777e-09 0 
0 0.000141275 0.000423567 0.000748537 0.00119565 0.00174034 0.0023515 0.00299771 0.00370843 0.00448622 0.00492263 0.00514723 0.00527272 0.00533364 0.0053427 0.00530304 0.00521061 0.00505125 0.00478764 0.00431699 0.00368562 0.00316111 0.00268892 0.0022507 0.00185559 0.00151094 0.00122092 0.000988288 0.000817432 0.000712679 0.000652603 0.000556083 0.000360446 0.000156902 4.67329e-05 1.03643e-05 1.82468e-06 2.57432e-07 2.70245e-08 1.53058e-09 0 
0 0.00014718 0.000433622 0.000779459 0.00125484 0.00183249 0.00248041 0.00317455 0.00401141 0.00472994 0.00507885 0.00527272 0.00538462 0.0054396 0.00544755 0.00541111 0.00532729 0.00518564 0.00496031 0.00458078 0.00394966 0.00333999 0.00283294 0.0023684 0.00194958 0.0015839 0.00127553 0.00102667 0.000840757 0.000722784 0.000658171 0.000572845 0.000388418 0.0001771 5.44364e-05 1.22679e-05 2.17336e-06 3.06997e-07 3.21906e-08 1.81919e-09 0 
0 0.000150135 0.000438927 0.000796364 0.00128711 0.00188274 0.00255077 0.00327992 0.00418329 0.00483641 0.00515242 0.00533364 0.0054396 0.00549182 0.0054991 0.00546382 0.00538343 0.00524889 0.00503847 0.00469543 0.00409991 0.00343985 0.00290835 0.00242955 0.00199812 0.00162132 0.00130325 0.00104587 0.000852027 0.000726773 0.000658858 0.00057906 0.000402304 0.000188419 5.90367e-05 1.34426e-05 2.3921e-06 3.38365e-07 3.54769e-08 2.0034e-09 0 
0 0.000150463 0.00043928 0.000798592 0.00129175 0.00189014 0.00256119 0.00329708 0.00421113 0.00485247 0.00516353 0.0053427 0.00544755 0.0054991 0.00550593 0.0054704 0.00538999 0.00525589 0.00504691 0.00470824 0.00411849 0.0034493 0.00291345 0.00243297 0.00200019 0.00162225 0.00130321 0.00104492 0.00085008 0.00072366 0.000655174 0.000577047 0.000403378 0.00019033 5.99874e-05 1.37094e-05 2.44468e-06 3.46214e-07 3.63263e-08 2.05238e-09 0 
0 0.000148363 0.000434894 0.000786729 0.00126992 0.00185649 0.00251416 0.00322509 0.00410185 0.0047868 0.00511662 0.00530304 0.00541111 0.00546382 0.0054704 0.00543332 0.00534978 0.0052101 0.0049907 0.00462876 0.00400952 0.00336927 0.00285118 0.00238106 0.00195759 0.001588 0.00127625 0.00102428 0.000834954 0.000713172 0.000647001 0.000567415 0.000392499 0.00018318 5.73325e-05 1.30652e-05 2.32906e-06 3.30143e-07 3.46905e-08 1.96323e-09 0 
0 0.000143928 0.000426386 0.000762427 0.00122442 0.00178602 0.00241565 0.00308452 0.00386285 0.0046218 0.00500475 0.00521061 0.00532729 0.00538343 0.00538999 0.00534978 0.00525926 0.00510642 0.00486076 0.00443705 0.00378609 0.00321639 0.0027287 0.0022793 0.00187458 0.00152172 0.00122462 0.000985419 0.000807523 0.000695485 0.000633639 0.000549292 0.000370035 0.000168016 5.1642e-05 1.16707e-05 2.07589e-06 2.94518e-07 3.10182e-08 1.76048e-09 0 
0 0.000137169 0.000414622 0.000728214 0.00115932 0.00168484 0.00227417 0.00289538 0.0035495 0.00430211 0.00480344 0.00505125 0.00518564 0.00524889 0.00525589 0.0052101 0.00510642 0.00492725 0.00462523 0.00409265 0.00349802 0.00300874 0.0025559 0.00213548 0.00175716 0.00142786 0.00115144 0.000930431 0.000768992 0.000670581 0.000613275 0.00052045 0.000336264 0.000146559 4.38822e-05 9.80035e-06 1.73797e-06 2.46926e-07 2.60958e-08 1.48749e-09 0 
0 0.000128058 0.000400442 0.0006873 0.0010796 0.00156034 0.00209984 0.00266762 0.00323608 0.00383223 0.00444048 0.00478764 0.00496031 0.00503847 0.00504691 0.0049907 0.00486076 0.00462523 0.00420245 0.00365686 0.00319166 0.00275877 0.00234425 0.00195883 0.00161242 0.00131156 0.00106015 0.000861387 0.000720089 0.000637081 0.000582035 0.000477657 0.000292181 0.000121227 3.5237e-05 7.77247e-06 1.37529e-06 1.95948e-07 2.08137e-08 1.19355e-09 0 
0 0.000116591 0.000384278 0.00064335 0.000990788 0.00142052 0.00190363 0.0024121 0.00291689 0.00339602 0.00387299 0.00431699 0.00458078 0.00469543 0.00470824 0.00462876 0.00443705 0.00409265 0.00365686 0.00325545 0.00286614 0.00247906 0.00210599 0.00175914 0.00144771 0.0011779 0.000953844 0.000779509 0.00065968 0.000590396 0.000533196 0.000417997 0.000240546 9.50299e-05 2.68954e-05 5.87808e-06 1.04066e-06 1.49041e-07 1.5945e-08 9.21561e-10 0 
0 0.000102896 0.000365718 0.000600155 0.000898677 0.00127345 0.00169648 0.00214207 0.00258418 0.0029975 0.00336372 0.00368562 0.00394966 0.00409991 0.00411849 0.00400952 0.00378609 0.00349802 0.00319166 0.00286614 0.00252565 0.00218353 0.00185326 0.00154598 0.00127005 0.00103142 0.00083456 0.000683901 0.000582569 0.000520957 0.000458515 0.000341903 0.000186668 7.11683e-05 1.98351e-05 4.32729e-06 7.70012e-07 1.11165e-07 1.20001e-08 6.99858e-10 0 
0 8.73461e-05 0.000343191 0.000560976 0.000809198 0.00112684 0.00148863 0.00187049 0.00224957 0.00260363 0.00291258 0.00316111 0.00333999 0.00343985 0.0034493 0.00336927 0.00321639 0.00300874 0.00275877 0.00247906 0.00218353 0.00188566 0.00159728 0.00132811 0.00108568 0.000875715 0.000702781 0.000570465 0.000479008 0.000417763 0.000355618 0.000257205 0.000137898 5.23403e-05 1.46525e-05 3.22312e-06 5.78835e-07 8.43207e-08 9.17903e-09 5.39438e-10 0 
0 7.06615e-05 0.000314103 0.000527278 0.000728333 0.000987888 0.00128911 0.00160871 0.00192647 0.0022234 0.0024823 0.00268892 0.00283294 0.00290835 0.00291345 0.00285118 0.0027287 0.0025559 0.00234425 0.00210599 0.00185326 0.00159728 0.00134786 0.00111323 0.000900199 0.000714565 0.000560784 0.000440502 0.000352149 0.000290861 0.000241862 0.000179258 0.000100801 3.99132e-05 1.14814e-05 2.56337e-06 4.63925e-07 6.78626e-08 7.40499e-09 4.35786e-10 0 
0 5.39051e-05 0.000275818 0.000496832 0.000661532 0.000863506 0.0011057 0.00136607 0.00162599 0.00186923 0.00208143 0.0022507 0.0023684 0.00242955 0.00243297 0.00238106 0.0022793 0.00213548 0.00195883 0.00175914 0.00154598 0.00132811 0.00111323 0.000908278 0.000720882 0.000561422 0.000439748 0.000352269 0.000279992 0.000213148 0.000161303 0.000122462 7.68362e-05 3.33043e-05 1.00044e-05 2.26008e-06 4.07959e-07 5.9217e-08 6.4041e-09 3.73577e-10 0 
0 3.83379e-05 0.000227552 0.000462119 0.000611446 0.000760614 0.000945352 0.00114998 0.00135655 0.00155066 0.00172026 0.00185559 0.00194958 0.00199812 0.00200019 0.00195759 0.00187458 0.00175716 0.00161242 0.00144771 0.00127005 0.00108568 0.000900199 0.000720882 0.000565273 0.000470772 0.000465671 0.000503753 0.000478962 0.000351936 0.000200596 0.000106772 6.3306e-05 3.02199e-05 9.55508e-06 2.16627e-06 3.84921e-07 5.47522e-08 5.806e-09 3.32727e-10 0 
0 2.51285e-05 0.000172323 0.000411573 0.000573138 0.000684906 0.000815093 0.000966771 0.00112436 0.00127421 0.00140578 0.00151094 0.0015839 0.00162132 0.00162225 0.001588 0.00152172 0.00142786 0.00131156 0.0011779 0.00103142 0.000875715 0.000714565 0.000561422 0.000470772 0.000552828 0.000871522 0.00142931 0.00172193 0.000998022 0.000503961 0.000186833 6.69849e-05 2.87792e-05 9.36801e-06 2.113e-06 3.66545e-07 5.07693e-08 5.25453e-09 2.94815e-10 0 
0 1.50177e-05 0.000117137 0.000336536 0.000529253 0.000634872 0.000721565 0.000823145 0.000934809 0.00104449 0.00114227 0.00122092 0.00127553 0.00130325 0.00130321 0.00127625 0.00122462 0.00115144 0.00106015 0.000953844 0.00083456 0.000702781 0.000560784 0.000439748 0.000465671 0.000871522 0.00205263 0.00335101 0.0034516 0.00292149 0.00117029 0.000393693 0.0001007 2.95076e-05 8.93125e-06 1.96337e-06 3.30849e-07 4.46306e-08 4.51687e-09 2.48678e-10 0 
0 8.11213e-06 7.01949e-05 0.000241686 0.000454395 0.000591012 0.000663652 0.000725489 0.00079445 0.000866485 0.000933359 0.000988288 0.00102667 0.00104587 0.00104492 0.00102428 0.000985419 0.000930431 0.000861387 0.000779509 0.000683901 0.000570465 0.000440502 0.000352269 0.000503753 0.00142931 0.00335101 0.00371735 0.00376029 0.00356239 0.00249969 0.000631238 0.000145972 3.15913e-05 8.01824e-06 1.65957e-06 2.70355e-07 3.5676e-08 3.55311e-09 1.93131e-10 0 
0 3.93712e-06 3.66815e-05 0.000147197 0.000337682 0.000514191 0.00061585 0.000668272 0.000707442 0.000746504 0.000784664 0.000817432 0.000840757 0.000852027 0.00085008 0.000834954 0.000807523 0.000768992 0.000720089 0.00065968 0.000582569 0.000479008 0.000352149 0.000279992 0.000478962 0.00172193 0.0034516 0.00376029 0.00380194 0.00364609 0.00292129 0.000704569 0.000156588 2.99063e-05 6.45258e-06 1.23185e-06 1.93975e-07 2.524e-08 2.49645e-09 1.35094e-10 0 
0 1.71192e-06 1.66669e-05 7.47385e-05 0.000204824 0.000378795 0.000524727 0.000610832 0.000654452 0.000679488 0.000697956 0.000712679 0.000722784 0.000726773 0.00072366 0.000713172 0.000695485 0.000670581 0.000637081 0.000590396 0.000520957 0.000417763 0.000290861 0.000213148 0.000351936 0.000998022 0.00292149 0.00356239 0.00364609 0.00340156 0.00181917 0.000514871 0.00011613 2.19638e-05 4.3512e-06 7.77264e-07 1.19732e-07 1.55512e-08 1.54424e-09 8.39776e-11 0 
0 6.6671e-07 6.60881e-06 3.16935e-05 9.88818e-05 0.000218321 0.000362506 0.000486658 0.000569213 0.000615798 0.00064019 0.000652603 0.000658171 0.000658858 0.000655174 0.000647001 0.000633639 0.000613275 0.000582035 0.000533196 0.000458515 0.000355618 0.000241862 0.000161303 0.000200596 0.000503961 0.00117029 0.00249969 0.00292129 0.00181917 0.000772962 0.000255811 5.95909e-05 1.20562e-05 2.34141e-06 4.07222e-07 6.28652e-08 8.2773e-09 8.34674e-10 4.60452e-11 0 
0 2.32861e-07 2.30365e-06 1.13871e-05 3.83566e-05 9.60102e-05 0.000186683 0.000294273 0.000394643 0.000472231 0.000524487 0.000556083 0.000572845 0.00057906 0.000577047 0.000567415 0.000549292 0.00052045 0.000477657 0.000417997 0.000341903 0.000257205 0.000179258 0.000122462 0.000106772 0.000186833 0.000393693 0.000631238 0.000704569 0.000514871 0.000255811 8.68622e-05 2.23174e-05 5.00515e-06 9.93372e-07 1.76277e-07 2.80297e-08 3.79859e-09 3.93094e-10 2.21879e-11 0 
0 7.30476e-08 7.11297e-07 3.52977e-06 1.22984e-05 3.30098e-05 7.11829e-05 0.000127123 0.000193802 0.000260312 0.000317438 0.000360446 0.000388418 0.000402304 0.000403378 0.000392499 0.000370035 0.000336264 0.000292181 0.000240546 0.000186668 0.000137898 0.000100801 7.68362e-05 6.3306e-05 6.69849e-05 0.0001007 0.000145972 0.000156588 0.00011613 5.95909e-05 2.23174e-05 6.6143e-06 1.61757e-06 3.39748e-07 6.38854e-08 1.06752e-08 1.506e-09 1.61288e-10 9.38191e-12 0 
0 2.05847e-08 1.95592e-07 9.58308e-07 3.35651e-06 9.26456e-06 2.10436e-05 4.04012e-05 6.70307e-05 9.81721e-05 0.000129547 0.000156902 0.0001771 0.000188419 0.00019033 0.00018318 0.000168016 0.000146559 0.000121227 9.50299e-05 7.11683e-05 5.23403e-05 3.99132e-05 3.33043e-05 3.02199e-05 2.87792e-05 2.95076e-05 3.15913e-05 2.99063e-05 2.19638e-05 1.20562e-05 5.00515e-06 1.61757e-06 4.27191e-07 9.75663e-08 1.97729e-08 3.50085e-09 5.17406e-10 5.76859e-11 3.47695e-12 0 
0 5.19611e-09 4.79453e-08 2.29743e-07 7.9559e-07 2.20105e-06 5.08641e-06 1.0075e-05 1.74309e-05 2.6768e-05 3.70241e-05 4.67329e-05 5.44364e-05 5.90367e-05 5.99874e-05 5.73325e-05 5.1642e-05 4.38822e-05 3.5237e-05 2.68954e-05 1.98351e-05 1.46525e-05 1.14814e-05 1.00044e-05 9.55508e-06 9.36801e-06 8.93125e-06 8.01824e-06 6.45258e-06 4.3512e-06 2.34141e-06 9.93372e-07 3.39748e-07 9.75663e-08 2.43096e-08 5.2959e-09 9.93387e-10 1.5422e-10 1.79637e-11 1.12609e-12 0 
0 1.165e-09 1.04158e-08 4.85815e-08 1.64897e-07 4.50993e-07 1.03995e-06 2.07396e-06 3.6397e-06 5.69787e-06 8.04923e-06 1.03643e-05 1.22679e-05 1.34426e-05 1.37094e-05 1.30652e-05 1.16707e-05 9.80035e-06 7.77247e-06 5.87808e-06 4.32729e-06 3.22312e-06 2.56337e-06 2.26008e-06 2.16627e-06 2.113e-06 1.96337e-06 1.65957e-06 1.23185e-06 7.77264e-07 4.07222e-07 1.76277e-07 6.38854e-08 1.97729e-08 5.2959e-09 1.22832e-09 2.43407e-10 3.97151e-11 4.84123e-12 3.16305e-13 0 
0 2.27608e-10 1.97075e-09 8.93089e-09 2.95948e-08 7.94878e-08 1.81138e-07 3.5919e-07 6.30135e-07 9.90108e-07 1.40731e-06 1.82468e-06 2.17336e-06 2.3921e-06 2.44468e-06 2.32906e-06 2.07589e-06 1.73797e-06 1.37529e-06 1.04066e-06 7.70012e-07 5.78835e-07 4.63925e-07 4.07959e-07 3.84921e-07 3.66545e-07 3.30849e-07 2.70355e-07 1.93975e-07 1.19732e-07 6.28652e-08 2.80297e-08 1.06752e-08 3.50085e-09 9.93387e-10 2.43407e-10 5.08062e-11 8.70558e-12 1.11078e-12 7.56998e-14 0 
0 3.7163e-11 3.11811e-10 1.37274e-09 4.4355e-09 1.16675e-08 2.61629e-08 5.12877e-08 8.93209e-08 1.39809e-07 1.98471e-07 2.57432e-07 3.06997e-07 3.38365e-07 3.46214e-07 3.30143e-07 2.94518e-07 2.46926e-07 1.95948e-07 1.49041e-07 1.11165e-07 8.43207e-08 6.78626e-08 5.9217e-08 5.47522e-08 5.07693e-08 4.46306e-08 3.5676e-08 2.524e-08 1.55512e-08 8.2773e-09 3.79859e-09 1.506e-09 5.17406e-10 1.5422e-10 3.97151e-11 8.70558e-12 1.56376e-12 2.08657e-13 1.48289e-14 0 
0 4.58182e-12 3.72996e-11 1.59671e-10 5.03172e-10 1.29551e-09 2.85432e-09 5.51867e-09 9.51291e-09 1.47836e-08 2.08898e-08 2.70245e-08 3.21906e-08 3.54769e-08 3.63263e-08 3.46905e-08 3.10182e-08 2.60958e-08 2.08137e-08 1.5945e-08 1.20001e-08 9.17903e-09 7.40499e-09 6.4041e-09 5.806e-09 5.25453e-09 4.51687e-09 3.55311e-09 2.49645e-09 1.54424e-09 8.34674e-10 3.93094e-10 1.61288e-10 5.76859e-11 1.79637e-11 4.84123e-12 1.11078e-12 2.08657e-13 2.90669e-14 2.15206e-15 0 
0 3.05019e-13 2.4132e-12 1.00594e-11 3.09496e-11 7.80371e-11 1.68929e-10 3.21954e-10 5.48757e-10 8.45626e-10 1.18777e-09 1.53058e-09 1.81919e-09 2.0034e-09 2.05238e-09 1.96323e-09 1.76048e-09 1.48749e-09 1.19355e-09 9.21561e-10 6.99858e-10 5.39438e-10 4.35786e-10 3.73577e-10 3.32727e-10 2.94815e-10 2.48678e-10 1.93131e-10 1.35094e-10 8.39776e-11 4.60452e-11 2.21879e-11 9.38191e-12 3.47695e-12 1.12609e-12 3.16305e-13 7.56998e-14 1.48289e-14 2.15206e-15 1.65744e-16 0 
0 0 0 0 0 0 0 0 0 0 0 0 0 0 0 0 0 0 0 0 0 0 0 0 0 0 0 0 0 0 0 0 0 0 0 0 0 0 0 0 0 
