0 0 0 0 0 0 0 0 0 0 0 0 0 0 0 0 0 0 0 0 0 0 0 0 0 0 0 0 0 0 0 0 0 0 0 0 0 0 0 0 0 
0 2.00436e-07 1.77735e-06 7.75118e-06 2.30134e-05 5.17745e-05 9.39655e-05 0.000144573 0.000196545 0.00024398 0.000283367 0.000313229 0.000333314 0.000343926 0.000345564 0.000338764 0.000324065 0.000302058 0.000273491 0.000239425 0.000201397 0.000161519 0.000122396 8.67742e-05 5.69808e-05 3.4332e-05 1.88325e-05 9.35343e-06 4.1942e-06 1.69715e-06 6.20366e-07 2.05183e-07 6.14726e-08 1.66727e-08 4.07824e-09 8.91214e-10 1.70542e-10 2.73846e-11 3.33137e-12 2.1941e-13 0 
0 1.77735e-06 1.60592e-05 6.8395e-05 0.000187693 0.000371626 0.000578433 0.00076471 0.000913064 0.00102587 0.00111047 0.0011721 0.00121313 0.00123447 0.00123676 0.0012211 0.001189 0.00114218 0.00108189 0.00100832 0.000920232 0.000815476 0.000692843 0.000555078 0.0004114 0.000276725 0.000166215 8.82074e-05 4.11944e-05 1.69647e-05 6.19618e-06 2.02088e-06 5.91926e-07 1.56163e-07 3.70608e-08 7.85067e-09 1.45657e-09 2.26977e-10 2.68326e-11 1.72009e-12 0 
0 7.75118e-06 6.8395e-05 0.000264129 0.000609313 0.00098335 0.0012854 0.00151863 0.00171702 0.00189605 0.00205391 0.00218259 0.00227438 0.00232435 0.00233097 0.00229603 0.00222423 0.00212253 0.00199938 0.00186355 0.00172256 0.00158018 0.00143358 0.00127163 0.00107878 0.000847718 0.000595138 0.000361841 0.00018715 8.21847e-05 3.09556e-05 1.01546e-05 2.94265e-06 7.606e-07 1.75931e-07 3.62397e-08 6.53471e-09 9.90196e-10 1.13958e-10 7.12223e-12 0 
0 2.30134e-05 0.000187693 0.000609313 0.00113103 0.00155395 0.00190646 0.00225538 0.00260919 0.00294808 0.00324896 0.00349271 0.00366565 0.00375992 0.00377347 0.0037097 0.00357676 0.00338656 0.00315359 0.00289384 0.0026237 0.00235882 0.00211219 0.00188974 0.00168295 0.00146302 0.00119171 0.00086006 0.000522059 0.000259096 0.000105307 3.58112e-05 1.04597e-05 2.67867e-06 6.08172e-07 1.22409e-07 2.15296e-08 3.18154e-09 3.57342e-10 2.18227e-11 0 
0 5.17745e-05 0.000371626 0.00098335 0.00155395 0.00204409 0.0025648 0.00312686 0.00369512 0.00423172 0.0047036 0.00508391 0.00535311 0.0054999 0.0055215 0.00542319 0.00521734 0.00492178 0.00455808 0.00414964 0.00372 0.00329158 0.00288488 0.00251772 0.00220219 0.00193512 0.00168241 0.00137985 0.000989863 0.000577886 0.000265459 9.706e-05 2.92619e-05 7.53315e-06 1.69395e-06 3.35148e-07 5.77506e-08 8.35208e-09 9.18244e-10 5.49378e-11 0 
0 9.39655e-05 0.000578433 0.0012854 0.00190646 0.0025648 0.0033161 0.00411917 0.00492202 0.00567591 0.00633708 0.0068692 0.00724562 0.00745089 0.00748124 0.00734409 0.00705656 0.00664332 0.00613409 0.00556092 0.0049558 0.0043486 0.00376573 0.00322968 0.00275917 0.00236742 0.00205104 0.00176562 0.00142159 0.000971354 0.000518041 0.000210493 6.71817e-05 1.76689e-05 3.97455e-06 7.78105e-07 1.31991e-07 1.87536e-08 2.02475e-09 1.19016e-10 0 
0 0.000144573 0.00076471 0.00151863 0.00225538 0.00312686 0.00411917 0.00517025 0.00621697 0.00719816 0.00805789 0.00874955 0.00923914 0.00950658 0.00954608 0.00936697 0.00899237 0.00845478 0.00779237 0.00704625 0.00625746 0.00546411 0.00469939 0.00399056 0.00335912 0.00282189 0.00238937 0.00204967 0.00173406 0.00132792 0.000818271 0.000376372 0.000129878 3.54352e-05 8.05266e-06 1.57016e-06 2.63465e-07 3.69182e-08 3.92717e-09 2.27452e-10 0 
0 0.000196545 0.000913064 0.00171702 0.00260919 0.00369512 0.00492202 0.00621697 0.00750481 0.00871123 0.00976865 0.010624 0.0112401 0.0115853 0.0116373 0.0114043 0.0109265 0.0102555 0.0094379 0.00851974 0.00754891 0.00657148 0.00562764 0.00474987 0.00396277 0.00328415 0.00272701 0.00229502 0.00195393 0.00159287 0.0011011 0.000572603 0.000216134 6.1888e-05 1.43268e-05 2.79848e-06 4.66529e-07 6.47072e-08 6.80334e-09 3.8935e-10 0 
0 0.00024398 0.00102587 0.00189605 0.00294808 0.00423172 0.00567591 0.00719816 0.00871123 0.0101293 0.0113821 0.0124253 0.0132042 0.0136423 0.0137087 0.0134158 0.0128065 0.0119672 0.0109815 0.00989653 0.00875496 0.00760573 0.00649503 0.00546044 0.00452981 0.00372219 0.00305023 0.00252157 0.00212349 0.00177464 0.0013262 0.00076653 0.000316498 9.56582e-05 2.26834e-05 4.45826e-06 7.41116e-07 1.02073e-07 1.06383e-08 6.03195e-10 0 
0 0.000283367 0.00111047 0.00205391 0.00324896 0.0047036 0.00633708 0.00805789 0.00976865 0.0113821 0.0128439 0.0140721 0.0149057 0.0153189 0.0153771 0.0151066 0.0144889 0.0135302 0.0123591 0.0111036 0.00980714 0.00850748 0.00725134 0.00608029 0.00502524 0.00410656 0.00333654 0.00272261 0.00226159 0.00189885 0.00148658 0.000931988 0.000416815 0.000132846 3.23326e-05 6.41087e-06 1.06554e-06 1.46116e-07 1.51345e-08 8.52272e-10 0 
0 0.000313229 0.0011721 0.00218259 0.00349271 0.00508391 0.0068692 0.00874955 0.010624 0.0124253 0.0140721 0.0153 0.0160126 0.0163479 0.0163926 0.0161687 0.0156496 0.014765 0.0135097 0.0120887 0.0106505 0.00922738 0.00785478 0.00657478 0.00542057 0.00441377 0.00356648 0.00288513 0.00236979 0.0019832 0.00159192 0.0010564 0.000503573 0.000168089 4.19199e-05 8.39082e-06 1.39672e-06 1.91088e-07 1.97135e-08 1.10496e-09 0 
0 0.000333314 0.00121313 0.00227438 0.00366565 0.00535311 0.00724562 0.00923914 0.0112401 0.0132042 0.0149057 0.0160126 0.0166303 0.0169225 0.0169595 0.0167594 0.0163011 0.0155181 0.0143186 0.0128043 0.011246 0.00972972 0.00827488 0.00691861 0.00569513 0.00462692 0.00372604 0.00299804 0.00244373 0.00203547 0.00165397 0.00113771 0.000567317 0.000196126 4.98816e-05 1.00684e-05 1.67964e-06 2.29612e-07 2.36366e-08 1.32122e-09 0 
0 0.000343926 0.00123447 0.00232435 0.00375992 0.0054999 0.00745089 0.00950658 0.0115853 0.0136423 0.0153189 0.0163479 0.0169225 0.0171951 0.017228 0.017037 0.0166041 0.0158699 0.0147286 0.0131961 0.0115654 0.00999374 0.00849421 0.00709723 0.00583695 0.00473621 0.00380704 0.00305442 0.00247914 0.00205812 0.00168111 0.00117863 0.000603207 0.000213064 5.4885e-05 1.11447e-05 1.86322e-06 2.54776e-07 2.62109e-08 1.46367e-09 0 
0 0.000345564 0.00123676 0.00233097 0.00377347 0.0055215 0.00748124 0.00954608 0.0116373 0.0137087 0.0153771 0.0163926 0.0169595 0.017228 0.0172585 0.017067 0.0166358 0.0159065 0.0147729 0.0132378 0.0115943 0.010014 0.00850884 0.00710721 0.00584298 0.00473893 0.00380692 0.00305172 0.00247402 0.00205184 0.00167803 0.00118263 0.000610009 0.000217014 5.61759e-05 1.14401e-05 1.91588e-06 2.62262e-07 2.70021e-08 1.5088e-09 0 
0 0.000338764 0.0012211 0.00229603 0.0037097 0.00542319 0.00734409 0.00936697 0.0114043 0.0134158 0.0151066 0.0161687 0.0167594 0.017037 0.017067 0.0168663 0.0164155 0.0156519 0.0144747 0.0129409 0.0113431 0.00980118 0.00832769 0.00695557 0.00571855 0.00463888 0.00372817 0.00299128 0.00242883 0.00201716 0.00164656 0.00115228 0.00058898 0.000208165 5.37365e-05 1.09421e-05 1.83479e-06 2.51637e-07 2.59641e-08 1.45408e-09 0 
0 0.000324065 0.001189 0.00222423 0.00357676 0.00521734 0.00705656 0.00899237 0.0109265 0.0128065 0.0144889 0.0156496 0.0163011 0.0166041 0.0166358 0.0164155 0.0159199 0.0150795 0.0138336 0.0123486 0.0108477 0.00938017 0.00797072 0.00665831 0.00547604 0.00444526 0.00357732 0.0028774 0.00234586 0.00195431 0.00158616 0.00108909 0.000543335 0.000188559 4.82391e-05 9.79973e-06 1.6453e-06 2.26317e-07 2.34386e-08 1.31798e-09 0 
0 0.000302058 0.00114218 0.00212253 0.00338656 0.00492178 0.00664332 0.00845478 0.0102555 0.0119672 0.0135302 0.014765 0.0155181 0.0158699 0.0159065 0.0156519 0.0150795 0.0141391 0.0128929 0.0115343 0.0101553 0.00878579 0.00746627 0.0062382 0.00513305 0.0041711 0.00336348 0.00271593 0.00222771 0.00186212 0.00149398 0.000994511 0.000478302 0.000161664 4.08408e-05 8.27225e-06 1.39187e-06 1.92343e-07 2.00344e-08 1.13353e-09 0 
0 0.000273491 0.00108189 0.00199938 0.00315359 0.00455808 0.00613409 0.00779237 0.0094379 0.0109815 0.0123591 0.0135097 0.0143186 0.0147286 0.0147729 0.0144747 0.0138336 0.0128929 0.0117741 0.0105669 0.00931389 0.0080586 0.00684806 0.00572217 0.00471023 0.00383133 0.00309663 0.00251241 0.00207502 0.00173598 0.00136538 0.00087196 0.000401371 0.000131789 3.28916e-05 6.65468e-06 1.12483e-06 1.56565e-07 1.64441e-08 9.38537e-10 0 
0 0.000239425 0.00100832 0.00186355 0.00289384 0.00414964 0.00556092 0.00704625 0.00851974 0.00989653 0.0111036 0.0120887 0.0128043 0.0131961 0.0132378 0.0129409 0.0123486 0.0115343 0.0105669 0.00949676 0.00837181 0.00724187 0.00615207 0.00513884 0.00422908 0.00344086 0.00278558 0.00226947 0.00188325 0.00156637 0.00119656 0.000729523 0.000322121 0.000103355 2.56383e-05 5.20791e-06 8.88042e-07 1.24936e-07 1.32708e-08 7.65939e-10 0 
0 0.000201397 0.000920232 0.00172256 0.0026237 0.00372 0.0049558 0.00625746 0.00754891 0.00875496 0.00980714 0.0106505 0.011246 0.0115654 0.0115943 0.0113431 0.0108477 0.0101553 0.00931389 0.00837181 0.00737795 0.00637855 0.00541378 0.00451614 0.00371008 0.00301282 0.00243582 0.00198364 0.00164004 0.00134127 0.0009908 0.000582127 0.000251071 8.01122e-05 2.00043e-05 4.11302e-06 7.11063e-07 1.01414e-07 1.09119e-08 6.37275e-10 0 
0 0.000161519 0.000815476 0.00158018 0.00235882 0.00329158 0.0043486 0.00546411 0.00657148 0.00760573 0.00850748 0.00922738 0.00972972 0.00999374 0.010014 0.00980118 0.00938017 0.00878579 0.0080586 0.00724187 0.00637855 0.00550841 0.00466601 0.00387969 0.00317144 0.00255747 0.00204836 0.00164556 0.00133189 0.00106006 0.000767136 0.000449994 0.000197301 6.44956e-05 1.64846e-05 3.45542e-06 6.06587e-07 8.75662e-08 9.5129e-09 5.59826e-10 0 
0 0.000122396 0.000692843 0.00143358 0.00211219 0.00288488 0.00376573 0.00469939 0.00562764 0.00649503 0.00725134 0.00785478 0.00827488 0.00849421 0.00850884 0.00832769 0.00797072 0.00746627 0.00684806 0.00615207 0.00541378 0.00466601 0.0039374 0.00325195 0.00262937 0.0020857 0.00163193 0.00126976 0.000988847 0.000765875 0.000562026 0.000349835 0.000165072 5.71749e-05 1.5133e-05 3.22878e-06 5.71153e-07 8.26411e-08 8.97292e-09 5.26905e-10 0 
0 8.67742e-05 0.000555078 0.00127163 0.00188974 0.00251772 0.00322968 0.00399056 0.00474987 0.00546044 0.00608029 0.00657478 0.00691861 0.00709723 0.00710721 0.00695557 0.00665831 0.0062382 0.00572217 0.00513884 0.00451614 0.00387969 0.00325195 0.00265305 0.00210495 0.00163802 0.00128182 0.00102566 0.000812318 0.000608727 0.000433413 0.00028608 0.000150792 5.67118e-05 1.55592e-05 3.34006e-06 5.86493e-07 8.38308e-08 8.98112e-09 5.20469e-10 0 
0 5.69808e-05 0.0004114 0.00107878 0.00168295 0.00220219 0.00275917 0.00335912 0.00396277 0.00452981 0.00502524 0.00542057 0.00569513 0.00583695 0.00584298 0.00571855 0.00547604 0.00513305 0.00471023 0.00422908 0.00371008 0.00317144 0.00262937 0.00210495 0.00165007 0.00137464 0.00136021 0.00147154 0.00139912 0.00102792 0.000583926 0.000296652 0.000149712 5.99838e-05 1.69424e-05 3.61186e-06 6.21175e-07 8.67363e-08 9.08823e-09 5.16179e-10 0 
0 3.4332e-05 0.000276725 0.000847718 0.00146302 0.00193512 0.00236742 0.00282189 0.00328415 0.00372219 0.00410656 0.00441377 0.00462692 0.00473621 0.00473893 0.00463888 0.00444526 0.0041711 0.00383133 0.00344086 0.00301282 0.00255747 0.0020857 0.00163802 0.00137464 0.00161491 0.0025459 0.00370011 0.00411274 0.00289228 0.00147217 0.000544863 0.000184153 6.54041e-05 1.82811e-05 3.81136e-06 6.3651e-07 8.64297e-08 8.83574e-09 4.91211e-10 0 
0 1.88325e-05 0.000166215 0.000595138 0.00119171 0.00168241 0.00205104 0.00238937 0.00272701 0.00305023 0.00333654 0.00356648 0.00372604 0.00380704 0.00380692 0.00372817 0.00357732 0.00336348 0.00309663 0.00278558 0.00243582 0.00204836 0.00163193 0.00128182 0.00136021 0.0025459 0.0053225 0.00968483 0.0107004 0.00747243 0.0033972 0.00115005 0.000291676 7.51786e-05 1.8831e-05 3.73066e-06 6.00466e-07 7.93271e-08 7.93503e-09 4.3322e-10 0 
0 9.35343e-06 8.82074e-05 0.000361841 0.00086006 0.00137985 0.00176562 0.00204967 0.00229502 0.00252157 0.00272261 0.00288513 0.00299804 0.00305442 0.00305172 0.00299128 0.0028774 0.00271593 0.00251241 0.00226947 0.00198364 0.00164556 0.00126976 0.00102566 0.00147154 0.00370011 0.00968483 0.0120709 0.0123612 0.0114353 0.00625053 0.00184335 0.000425828 8.58863e-05 1.79747e-05 3.27152e-06 5.04132e-07 6.50559e-08 6.40913e-09 3.45837e-10 0 
0 4.1942e-06 4.11944e-05 0.00018715 0.000522059 0.000989863 0.00142159 0.00173406 0.00195393 0.00212349 0.00226159 0.00236979 0.00244373 0.00247914 0.00247402 0.00242883 0.00234586 0.00222771 0.00207502 0.00188325 0.00164004 0.00133189 0.000988847 0.000812318 0.00139912 0.00411274 0.0107004 0.0123612 0.0125772 0.0118132 0.00748684 0.00203022 0.000457101 8.30011e-05 1.49829e-05 2.4864e-06 3.6767e-07 4.67353e-08 4.57657e-09 2.46117e-10 0 
0 1.69715e-06 1.69647e-05 8.21847e-05 0.000259096 0.000577886 0.000971354 0.00132792 0.00159287 0.00177464 0.00189885 0.0019832 0.00203547 0.00205812 0.00205184 0.00201716 0.00195431 0.00186212 0.00173598 0.00156637 0.00134127 0.00106006 0.000765875 0.000608727 0.00102792 0.00289228 0.00747243 0.0114353 0.0118132 0.0103371 0.00465481 0.00150405 0.000338707 6.05293e-05 1.01476e-05 1.58235e-06 2.28807e-07 2.90535e-08 2.85963e-09 1.54695e-10 0 
0 6.20366e-07 6.19618e-06 3.09556e-05 0.000105307 0.000265459 0.000518041 0.000818271 0.0011011 0.0013262 0.00148658 0.00159192 0.00165397 0.00168111 0.00167803 0.00164656 0.00158616 0.00149398 0.00136538 0.00119656 0.0009908 0.000767136 0.000562026 0.000433413 0.000583926 0.00147217 0.0033972 0.00625053 0.00748684 0.00465481 0.00225799 0.000747243 0.000172688 3.21389e-05 5.33611e-06 8.23791e-07 1.20316e-07 1.55388e-08 1.5555e-09 8.54394e-11 0 
0 2.05183e-07 2.02088e-06 1.01546e-05 3.58112e-05 9.706e-05 0.000210493 0.000376372 0.000572603 0.00076653 0.000931988 0.0010564 0.00113771 0.00117863 0.00118263 0.00115228 0.00108909 0.000994511 0.00087196 0.000729523 0.000582127 0.000449994 0.000349835 0.00028608 0.000296652 0.000544863 0.00115005 0.00184335 0.00203022 0.00150405 0.000747243 0.000253011 6.2657e-05 1.25329e-05 2.16921e-06 3.50646e-07 5.3493e-08 7.14737e-09 7.35533e-10 4.1372e-11 0 
0 6.14726e-08 5.91926e-07 2.94265e-06 1.04597e-05 2.92619e-05 6.71817e-05 0.000129878 0.000216134 0.000316498 0.000416815 0.000503573 0.000567317 0.000603207 0.000610009 0.00058898 0.000543335 0.000478302 0.000401371 0.000322121 0.000251071 0.000197301 0.000165072 0.000150792 0.000149712 0.000184153 0.000291676 0.000425828 0.000457101 0.000338707 0.000172688 6.2657e-05 1.7099e-05 3.72384e-06 7.05041e-07 1.24572e-07 2.02867e-08 2.83645e-09 3.02572e-10 1.75515e-11 0 
0 1.66727e-08 1.56163e-07 7.606e-07 2.67867e-06 7.53315e-06 1.76689e-05 3.54352e-05 6.1888e-05 9.56582e-05 0.000132846 0.000168089 0.000196126 0.000213064 0.000217014 0.000208165 0.000188559 0.000161664 0.000131789 0.000103355 8.01122e-05 6.44956e-05 5.71749e-05 5.67118e-05 5.99838e-05 6.54041e-05 7.51786e-05 8.58863e-05 8.30011e-05 6.05293e-05 3.21389e-05 1.25329e-05 3.72384e-06 9.03105e-07 1.93564e-07 3.79403e-08 6.62968e-09 9.7491e-10 1.08395e-10 6.51911e-12 0 
0 4.07824e-09 3.70608e-08 1.75931e-07 6.08172e-07 1.69395e-06 3.97455e-06 8.05266e-06 1.43268e-05 2.26834e-05 3.23326e-05 4.19199e-05 4.98816e-05 5.4885e-05 5.61759e-05 5.37365e-05 4.82391e-05 4.08408e-05 3.28916e-05 2.56383e-05 2.00043e-05 1.64846e-05 1.5133e-05 1.55592e-05 1.69424e-05 1.82811e-05 1.8831e-05 1.79747e-05 1.49829e-05 1.01476e-05 5.33611e-06 2.16921e-06 7.05041e-07 1.93564e-07 4.68486e-08 1.00649e-08 1.8772e-09 2.90635e-10 3.37885e-11 2.11448e-12 0 
0 8.91214e-10 7.85067e-09 3.62397e-08 1.22409e-07 3.35148e-07 7.78105e-07 1.57016e-06 2.79848e-06 4.45826e-06 6.41087e-06 8.39082e-06 1.00684e-05 1.11447e-05 1.14401e-05 1.09421e-05 9.79973e-06 8.27225e-06 6.65468e-06 5.20791e-06 4.11302e-06 3.45542e-06 3.22878e-06 3.34006e-06 3.61186e-06 3.81136e-06 3.73066e-06 3.27152e-06 2.4864e-06 1.58235e-06 8.23791e-07 3.50646e-07 1.24572e-07 3.79403e-08 1.00649e-08 2.3236e-09 4.59396e-10 7.4842e-11 9.11089e-12 5.9448e-13 0 
0 1.70542e-10 1.45657e-09 6.53471e-09 2.15296e-08 5.77506e-08 1.31991e-07 2.63465e-07 4.66529e-07 7.41116e-07 1.06554e-06 1.39672e-06 1.67964e-06 1.86322e-06 1.91588e-06 1.83479e-06 1.6453e-06 1.39187e-06 1.12483e-06 8.88042e-07 7.11063e-07 6.06587e-07 5.71153e-07 5.86493e-07 6.21175e-07 6.3651e-07 6.00466e-07 5.04132e-07 3.6767e-07 2.28807e-07 1.20316e-07 5.3493e-08 2.02867e-08 6.62968e-09 1.8772e-09 4.59396e-10 9.5803e-11 1.64015e-11 2.0908e-12 1.42347e-13 0 
0 2.73846e-11 2.26977e-10 9.90196e-10 3.18154e-09 8.35208e-09 1.87536e-08 3.69182e-08 6.47072e-08 1.02073e-07 1.46116e-07 1.91088e-07 2.29612e-07 2.54776e-07 2.62262e-07 2.51637e-07 2.26317e-07 1.92343e-07 1.56565e-07 1.24936e-07 1.01414e-07 8.75662e-08 8.26411e-08 8.38308e-08 8.67363e-08 8.64297e-08 7.93271e-08 6.50559e-08 4.67353e-08 2.90535e-08 1.55388e-08 7.14737e-09 2.83645e-09 9.7491e-10 2.90635e-10 7.4842e-11 1.64015e-11 2.9449e-12 3.92718e-13 2.78904e-14 0 
0 3.33137e-12 2.68326e-11 1.13958e-10 3.57342e-10 9.18244e-10 2.02475e-09 3.92717e-09 6.80334e-09 1.06383e-08 1.51345e-08 1.97135e-08 2.36366e-08 2.62109e-08 2.70021e-08 2.59641e-08 2.34386e-08 2.00344e-08 1.64441e-08 1.32708e-08 1.09119e-08 9.5129e-09 8.97292e-09 8.98112e-09 9.08823e-09 8.83574e-09 7.93503e-09 6.40913e-09 4.57657e-09 2.85963e-09 1.5555e-09 7.35533e-10 3.02572e-10 1.08395e-10 3.37885e-11 9.11089e-12 2.0908e-12 3.92718e-13 5.46918e-14 4.04749e-15 0 
0 2.1941e-13 1.72009e-12 7.12223e-12 2.18227e-11 5.49378e-11 1.19016e-10 2.27452e-10 3.8935e-10 6.03195e-10 8.52272e-10 1.10496e-09 1.32122e-09 1.46367e-09 1.5088e-09 1.45408e-09 1.31798e-09 1.13353e-09 9.38537e-10 7.65939e-10 6.37275e-10 5.59826e-10 5.26905e-10 5.20469e-10 5.16179e-10 4.91211e-10 4.3322e-10 3.45837e-10 2.46117e-10 1.54695e-10 8.54394e-11 4.1372e-11 1.75515e-11 6.51911e-12 2.11448e-12 5.9448e-13 1.42347e-13 2.78904e-14 4.04749e-15 3.11656e-16 0 
0 0 0 0 0 0 0 0 0 0 0 0 0 0 0 0 0 0 0 0 0 0 0 0 0 0 0 0 0 0 0 0 0 0 0 0 0 0 0 0 0 
