0 0 0 0 0 0 0 0 0 0 0 0 0 0 0 0 0 0 0 0 0 0 0 0 0 0 0 0 0 0 0 0 0 0 0 0 0 0 0 0 0 
0 7.07146e-08 6.52581e-07 3.08365e-06 1.03681e-05 2.74264e-05 5.9828e-05 0.000110975 0.000179476 0.00025875 0.000339037 0.000410264 0.000464227 0.000495627 0.000502215 0.000484519 0.000445432 0.00038975 0.000323642 0.000253944 0.000187274 0.000129033 8.25689e-05 4.88074e-05 2.65366e-05 1.3233e-05 6.04429e-06 2.52879e-06 9.70008e-07 3.41631e-07 1.10631e-07 3.29705e-08 9.04045e-09 2.27567e-09 5.22999e-10 1.08529e-10 1.99001e-11 3.08522e-12 3.64662e-13 2.34556e-14 0 
0 6.52581e-07 6.2689e-06 3.04848e-05 0.000103488 0.000269745 0.000565506 0.000988192 0.00148933 0.00199918 0.0024567 0.00282293 0.00307903 0.00321921 0.00324494 0.00316174 0.00297803 0.00270524 0.00235903 0.00196104 0.00154001 0.00113046 0.000767184 0.000476533 0.000268837 0.000137141 6.31961e-05 2.6353e-05 9.97907e-06 3.44525e-06 1.0885e-06 3.15566e-07 8.40401e-08 2.05349e-08 4.58182e-09 9.2369e-10 1.6471e-10 2.48641e-11 2.86543e-12 1.7996e-13 0 
0 3.08365e-06 3.04848e-05 0.000149267 0.000492892 0.00119987 0.0022703 0.00352341 0.00473787 0.00578143 0.00661326 0.00723346 0.00765033 0.00787152 0.00790505 0.00776137 0.00745342 0.00699502 0.00639845 0.00567369 0.00483259 0.00390033 0.00293067 0.00201053 0.00123728 0.000674907 0.000324947 0.000138499 5.26483e-05 1.80089e-05 5.58824e-06 1.58268e-06 4.10548e-07 9.75791e-08 2.11724e-08 4.15252e-09 7.21019e-10 1.06109e-10 1.19373e-11 7.32888e-13 0 
0 1.03681e-05 0.000103488 0.000492892 0.00150159 0.0032131 0.00524878 0.00716763 0.00881029 0.0101901 0.0113295 0.0122211 0.0128438 0.0131811 0.0132299 0.0130032 0.0125282 0.0118425 0.0109875 0.00999957 0.00890012 0.00768812 0.00634855 0.00489144 0.00340975 0.00208748 0.00110099 0.000498388 0.000195427 6.74116e-05 2.07738e-05 5.7883e-06 1.46942e-06 3.40887e-07 7.21192e-08 1.37916e-08 2.33635e-09 3.3579e-10 3.6938e-11 2.22041e-12 0 
0 2.74264e-05 0.000269745 0.00119987 0.0032131 0.00589166 0.0084978 0.0108189 0.0129287 0.0148456 0.0165116 0.0178496 0.0187958 0.0193115 0.0193874 0.0190421 0.0183188 0.01728 0.016 0.0145573 0.0130239 0.0114506 0.00984576 0.00816371 0.00634204 0.00442317 0.00265036 0.00132817 0.000556123 0.00019817 6.15833e-05 1.70442e-05 4.2611e-06 9.69161e-07 2.00614e-07 3.7513e-08 6.21539e-09 8.74338e-10 9.42351e-11 5.55658e-12 0 
0 5.9828e-05 0.000565506 0.0022703 0.00524878 0.0084978 0.0115253 0.0144421 0.0172793 0.0199295 0.0222516 0.0241201 0.0254419 0.0261626 0.0262692 0.0257876 0.024778 0.023327 0.0215388 0.0195257 0.0173988 0.0152574 0.0131743 0.011167 0.00916547 0.00703921 0.00478532 0.0027202 0.00125594 0.000474914 0.000151569 4.2149e-05 1.04542e-05 2.34321e-06 4.76447e-07 8.73995e-08 1.4203e-08 1.96048e-09 2.07498e-10 1.20269e-11 0 
0 0.000110975 0.000988192 0.00352341 0.00716763 0.0108189 0.0144421 0.0181523 0.0218297 0.0252752 0.028294 0.0307221 0.0324389 0.0333746 0.0335124 0.0328862 0.0315738 0.0296874 0.0273617 0.0247418 0.021972 0.0191854 0.0164948 0.0139776 0.0116406 0.00936944 0.0069703 0.00446461 0.00231077 0.000948427 0.000316578 8.95325e-05 2.22043e-05 4.93124e-06 9.89009e-07 1.78593e-07 2.85512e-08 3.87748e-09 4.04e-10 2.30698e-11 0 
0 0.000179476 0.00148933 0.00473787 0.00881029 0.0129287 0.0172793 0.0218297 0.026352 0.030588 0.0342978 0.0372804 0.0393881 0.0405356 0.0407028 0.0399315 0.0383174 0.0359979 0.0331382 0.0299157 0.0265068 0.0230747 0.0197598 0.0166722 0.0138737 0.0113291 0.0088444 0.00619517 0.00357579 0.00161107 0.000570426 0.000165853 4.14306e-05 9.16425e-06 1.82029e-06 3.24688e-07 5.122e-08 6.8629e-09 7.05704e-10 3.97947e-11 0 
0 0.00025875 0.00199918 0.00578143 0.0101901 0.0148456 0.0199295 0.0252752 0.030588 0.0355627 0.0399177 0.0434174 0.0458888 0.0472325 0.0474252 0.0465164 0.0446187 0.0418932 0.0385335 0.0347475 0.0307416 0.0267064 0.0228062 0.0191723 0.0158948 0.0129948 0.0103491 0.0076635 0.00483042 0.00238286 0.0009009 0.000271315 6.8668e-05 1.51957e-05 3.00027e-06 5.30339e-07 8.27998e-08 1.09758e-08 1.11672e-09 6.23339e-11 0 
0 0.000339037 0.0024567 0.00661326 0.0113295 0.0165116 0.0222516 0.028294 0.0342978 0.0399177 0.0448357 0.0487856 0.0515728 0.0530855 0.0532981 0.0522669 0.0501194 0.0470378 0.0432403 0.0389616 0.0344342 0.0298727 0.0254619 0.0213498 0.0176421 0.0143896 0.0115308 0.00879954 0.00590416 0.00314684 0.00126804 0.000396638 0.000102063 2.26699e-05 4.46291e-06 7.8406e-07 1.21491e-07 1.59754e-08 1.61236e-09 8.93018e-11 0 
0 0.000410264 0.00282293 0.00723346 0.0122211 0.0178496 0.0241201 0.0307221 0.0372804 0.0434174 0.0487856 0.0530948 0.0561328 0.0577782 0.0580038 0.0568717 0.0545214 0.0511523 0.0470025 0.0423282 0.0373827 0.0323999 0.0275809 0.0230863 0.0190323 0.0154845 0.0124189 0.00961914 0.00671925 0.00379922 0.00161717 0.00052419 0.000137233 3.06525e-05 6.03084e-06 1.05573e-06 1.62779e-07 2.12877e-08 2.13665e-09 1.17709e-10 0 
0 0.000464227 0.00307903 0.00765033 0.0128438 0.0187958 0.0254419 0.0324389 0.0393881 0.0458888 0.0515728 0.0561328 0.0593445 0.0610799 0.0613109 0.0601042 0.057608 0.0540338 0.0496342 0.0446803 0.0394402 0.0341613 0.029056 0.0242936 0.019997 0.016239 0.013016 0.0101509 0.00726187 0.0042753 0.0018969 0.000633037 0.000168292 3.78184e-05 7.4486e-06 1.3021e-06 2.00265e-07 2.61133e-08 2.6132e-09 1.43558e-10 0 
0 0.000495627 0.00321921 0.00787152 0.0131811 0.0193115 0.0261626 0.0333746 0.0405356 0.0472325 0.0530855 0.0577782 0.0610799 0.0628592 0.0630882 0.0618362 0.0592566 0.0555676 0.05103 0.0459232 0.0405234 0.0350848 0.029826 0.0249208 0.0204952 0.0166251 0.0133163 0.0104153 0.00754455 0.0045477 0.0020716 0.000705245 0.000189655 4.28547e-05 8.45927e-06 1.47969e-06 2.27559e-07 2.96634e-08 2.96771e-09 1.6303e-10 0 
0 0.000502215 0.00324494 0.00790505 0.0132299 0.0193874 0.0262692 0.0335124 0.0407028 0.0474252 0.0532981 0.0580038 0.0613109 0.0630882 0.0633082 0.0620413 0.0594422 0.0557307 0.051169 0.046038 0.040615 0.0351551 0.0298774 0.0249559 0.0205164 0.0166353 0.0133205 0.0104275 0.0075859 0.00461401 0.00212553 0.000730655 0.000197831 4.49063e-05 8.89353e-06 1.55992e-06 2.40521e-07 3.14377e-08 3.15454e-09 1.73872e-10 0 
0 0.000484519 0.00316174 0.00776137 0.0130032 0.0190421 0.0257876 0.0328862 0.0399315 0.0465164 0.0522669 0.0568717 0.0601042 0.0618362 0.0620413 0.0607892 0.0582321 0.0545863 0.0501092 0.0450766 0.0397603 0.0344104 0.0292413 0.0244234 0.0200795 0.0162834 0.0130403 0.0102021 0.00740427 0.00448704 0.00206186 0.000708951 0.000192468 4.38697e-05 8.7315e-06 1.54002e-06 2.38896e-07 3.14316e-08 3.17654e-09 1.76446e-10 0 
0 0.000445432 0.00297803 0.00745342 0.0125282 0.0183188 0.024778 0.0315738 0.0383174 0.0446187 0.0501194 0.0545214 0.057608 0.0592566 0.0594422 0.0582321 0.0557729 0.0522722 0.0479773 0.0431524 0.0380585 0.0329352 0.0279879 0.0233796 0.0192277 0.0156015 0.0124979 0.00975486 0.00701803 0.00419106 0.00190008 0.000649145 0.000176369 4.04237e-05 8.11271e-06 1.44524e-06 2.26713e-07 3.0193e-08 3.09123e-09 1.74076e-10 0 
0 0.00038975 0.00270524 0.00699502 0.0118425 0.01728 0.023327 0.0296874 0.0359979 0.0418932 0.0470378 0.0511523 0.0540338 0.0555676 0.0557307 0.0545863 0.0522722 0.0489835 0.0449521 0.0404261 0.0356504 0.0308497 0.0262167 0.0219044 0.0180228 0.0146341 0.0117213 0.00910267 0.0064494 0.00376336 0.00167319 0.000567197 0.000154632 3.5824e-05 7.29767e-06 1.32285e-06 2.11484e-07 2.87326e-08 3.00277e-09 1.72639e-10 0 
0 0.000323642 0.00235903 0.00639845 0.0109875 0.016 0.0215388 0.0273617 0.0331382 0.0385335 0.0432403 0.0470025 0.0496342 0.05103 0.051169 0.0501092 0.0479773 0.0449521 0.0412467 0.0370888 0.0327032 0.0282965 0.0240459 0.0200923 0.0165368 0.0134313 0.0107394 0.00826371 0.00573215 0.00325753 0.00142389 0.000482586 0.000133389 3.15945e-05 6.6086e-06 1.23244e-06 2.02811e-07 2.83504e-08 3.04491e-09 1.79602e-10 0 
0 0.000253944 0.00196104 0.00567369 0.00999957 0.0145573 0.0195257 0.0247418 0.0299157 0.0347475 0.0389616 0.0423282 0.0446803 0.0459232 0.046038 0.0450766 0.0431524 0.0404261 0.0370888 0.0333449 0.0293963 0.0254287 0.021602 0.0180436 0.0148437 0.0120404 0.00957723 0.00726385 0.00492196 0.00274345 0.00119871 0.00041485 0.00011872 2.9284e-05 6.38319e-06 1.23794e-06 2.11105e-07 3.0451e-08 3.35962e-09 2.02652e-10 0 
0 0.000187274 0.00154001 0.00483259 0.00890012 0.0130239 0.0173988 0.021972 0.0265068 0.0307416 0.0344342 0.0373827 0.0394402 0.0405234 0.040615 0.0397603 0.0380585 0.0356504 0.0327032 0.0293963 0.0259066 0.0223973 0.0190094 0.0158554 0.013012 0.0105017 0.00826118 0.00615122 0.00410168 0.00229793 0.00104035 0.00038122 0.000116225 3.03973e-05 6.95987e-06 1.40348e-06 2.46545e-07 3.63408e-08 4.06984e-09 2.47836e-10 0 
0 0.000129033 0.00113046 0.00390033 0.00768812 0.0114506 0.0152574 0.0191854 0.0230747 0.0267064 0.0298727 0.0323999 0.0341613 0.0350848 0.0351551 0.0344104 0.0329352 0.0308497 0.0282965 0.0254287 0.0223973 0.0193417 0.0163826 0.0136151 0.0111004 0.00885282 0.00683961 0.00501289 0.00336765 0.00198216 0.000978375 0.000395273 0.000131118 3.64489e-05 8.67622e-06 1.78856e-06 3.17441e-07 4.69031e-08 5.23753e-09 3.16903e-10 0 
0 8.25689e-05 0.000767184 0.00293067 0.00634855 0.00984576 0.0131743 0.0164948 0.0197598 0.0228062 0.0254619 0.0275809 0.029056 0.029826 0.0298774 0.0292413 0.0279879 0.0262167 0.0240459 0.021602 0.0190094 0.0163826 0.0138195 0.0113957 0.00916339 0.00716236 0.00543341 0.00399499 0.00280932 0.00181807 0.00101807 0.000464282 0.000167912 4.88671e-05 1.18149e-05 2.43018e-06 4.26395e-07 6.20048e-08 6.80132e-09 4.04007e-10 0 
0 4.88074e-05 0.000476533 0.00201053 0.00489144 0.00816371 0.011167 0.0139776 0.0166722 0.0191723 0.0213498 0.0230863 0.0242936 0.0249208 0.0249559 0.0244234 0.0233796 0.0219044 0.0200923 0.0180436 0.0158554 0.0136151 0.0113957 0.00926063 0.00729349 0.0056295 0.00438526 0.00349588 0.00272878 0.00194016 0.00119011 0.000596047 0.00023055 6.86459e-05 1.64401e-05 3.30215e-06 5.63518e-07 7.96922e-08 8.5124e-09 4.93302e-10 0 
0 2.65366e-05 0.000268837 0.00123728 0.00340975 0.00634204 0.00916547 0.0116406 0.0138737 0.0158948 0.0176421 0.0190323 0.019997 0.0204952 0.0205164 0.0200795 0.0192277 0.0180228 0.0165368 0.0148437 0.013012 0.0111004 0.00916339 0.00729349 0.00571097 0.00479049 0.00476679 0.00516435 0.00491054 0.00360258 0.00201364 0.000909955 0.00033696 9.72676e-05 2.2272e-05 4.27033e-06 7.0024e-07 9.57295e-08 9.92722e-09 5.60422e-10 0 
0 1.3233e-05 0.000137141 0.000674907 0.00208748 0.00442317 0.00703921 0.00936944 0.0113291 0.0129948 0.0143896 0.0154845 0.016239 0.0166251 0.0166353 0.0162834 0.0156015 0.0146341 0.0134313 0.0120404 0.0105017 0.00885282 0.00716236 0.0056295 0.00479049 0.00566784 0.00893949 0.0128984 0.0137471 0.0101556 0.00516879 0.00189712 0.000562525 0.000140434 2.88652e-05 5.10023e-06 7.92519e-07 1.0446e-07 1.05291e-08 5.80319e-10 0 
0 6.04429e-06 6.31961e-05 0.000324947 0.00110099 0.00265036 0.00478532 0.0069703 0.0088444 0.0103491 0.0115308 0.0124189 0.013016 0.0133163 0.0133205 0.0130403 0.0124979 0.0117213 0.0107394 0.00957723 0.00826118 0.00683961 0.00543341 0.00438526 0.00476679 0.00893949 0.0185534 0.0295024 0.0324493 0.0239888 0.0119286 0.0040374 0.000998047 0.00020332 3.53688e-05 5.52153e-06 7.98792e-07 1.01396e-07 9.97652e-09 5.39563e-10 0 
0 2.52879e-06 2.6353e-05 0.000138499 0.000498388 0.00132817 0.0027202 0.00446461 0.00619517 0.0076635 0.00879954 0.00961914 0.0101509 0.0104153 0.0104275 0.0102021 0.00975486 0.00910267 0.00826371 0.00726385 0.00615122 0.00501289 0.00399499 0.00349588 0.00516435 0.0128984 0.0295024 0.0481916 0.0533044 0.0395521 0.0195389 0.00647258 0.00148676 0.000262787 3.8911e-05 5.2804e-06 7.03455e-07 8.61668e-08 8.33376e-09 4.45483e-10 0 
0 9.70008e-07 9.97907e-06 5.26483e-05 0.000195427 0.000556123 0.00125594 0.00231077 0.00357579 0.00483042 0.00590416 0.00671925 0.00726187 0.00754455 0.0075859 0.00740427 0.00701803 0.0064494 0.00573215 0.00492196 0.00410168 0.00336765 0.00280932 0.00272878 0.00491054 0.0137471 0.0324493 0.0533044 0.0586288 0.0440298 0.021648 0.00712861 0.0016 0.000264508 3.51961e-05 4.27023e-06 5.30259e-07 6.33182e-08 6.07976e-09 3.24062e-10 0 
0 3.41631e-07 3.44525e-06 1.80089e-05 6.74116e-05 0.00019817 0.000474914 0.000948427 0.00161107 0.00238286 0.00314684 0.00379922 0.0042753 0.0045477 0.00461401 0.00448704 0.00419106 0.00376336 0.00325753 0.00274345 0.00229793 0.00198216 0.00181807 0.00194016 0.00360258 0.0101556 0.0239888 0.0395521 0.0440298 0.0325006 0.0160424 0.00528116 0.00118284 0.00019157 2.42586e-05 2.78518e-06 3.35359e-07 3.98816e-08 3.85097e-09 2.06666e-10 0 
0 1.10631e-07 1.0885e-06 5.58824e-06 2.07738e-05 6.15833e-05 0.000151569 0.000316578 0.000570426 0.0009009 0.00126804 0.00161717 0.0018969 0.0020716 0.00212553 0.00206186 0.00190008 0.00167319 0.00142389 0.00119871 0.00104035 0.000978375 0.00101807 0.00119011 0.00201364 0.00516879 0.0119286 0.0195389 0.021648 0.0160424 0.00792858 0.00262282 0.00059489 9.69773e-05 1.22699e-05 1.4262e-06 1.76082e-07 2.14527e-08 2.1126e-09 1.15258e-10 0 
0 3.29705e-08 3.15566e-07 1.58268e-06 5.7883e-06 1.70442e-05 4.2149e-05 8.95325e-05 0.000165853 0.000271315 0.000396638 0.00052419 0.000633037 0.000705245 0.000730655 0.000708951 0.000649145 0.000567197 0.000482586 0.00041485 0.00038122 0.000395273 0.000464282 0.000596047 0.000909955 0.00189712 0.0040374 0.00647258 0.00712861 0.00528116 0.00262282 0.000881035 0.000205005 3.43534e-05 4.56815e-06 5.77435e-07 7.71739e-08 9.87687e-09 1.00415e-09 5.61775e-11 0 
0 9.04045e-09 8.40401e-08 4.10548e-07 1.46942e-06 4.2611e-06 1.04542e-05 2.22043e-05 4.14306e-05 6.8668e-05 0.000102063 0.000137233 0.000168292 0.000189655 0.000197831 0.000192468 0.000176369 0.000154632 0.000133389 0.00011872 0.000116225 0.000131118 0.000167912 0.00023055 0.00033696 0.000562525 0.000998047 0.00148676 0.0016 0.00118284 0.00059489 0.000205005 4.94031e-05 8.79119e-06 1.31041e-06 1.92233e-07 2.87425e-08 3.91553e-09 4.14384e-10 2.39383e-11 0 
0 2.27567e-09 2.05349e-08 9.75791e-08 3.40887e-07 9.69161e-07 2.34321e-06 4.93124e-06 9.16425e-06 1.51957e-05 2.26699e-05 3.06525e-05 3.78184e-05 4.28547e-05 4.49063e-05 4.38697e-05 4.04237e-05 3.5824e-05 3.15945e-05 2.9284e-05 3.03973e-05 3.64489e-05 4.88671e-05 6.86459e-05 9.72676e-05 0.000140434 0.00020332 0.000262787 0.000264508 0.00019157 9.69773e-05 3.43534e-05 8.79119e-06 1.76254e-06 3.15391e-07 5.53427e-08 9.26145e-09 1.34428e-09 1.48744e-10 8.91782e-12 0 
0 5.22999e-10 4.58182e-09 2.11724e-08 7.21192e-08 2.00614e-07 4.76447e-07 9.89009e-07 1.82029e-06 3.00027e-06 4.46291e-06 6.03084e-06 7.4486e-06 8.45927e-06 8.89353e-06 8.7315e-06 8.11271e-06 7.29767e-06 6.6086e-06 6.38319e-06 6.95987e-06 8.67622e-06 1.18149e-05 1.64401e-05 2.2272e-05 2.88652e-05 3.53688e-05 3.8911e-05 3.51961e-05 2.42586e-05 1.22699e-05 4.56815e-06 1.31041e-06 3.15391e-07 6.92882e-08 1.41907e-08 2.60183e-09 4.00488e-10 4.64218e-11 2.89816e-12 0 
0 1.08529e-10 9.2369e-10 4.15252e-09 1.37916e-08 3.7513e-08 8.73995e-08 1.78593e-07 3.24688e-07 5.30339e-07 7.8406e-07 1.05573e-06 1.3021e-06 1.47969e-06 1.55992e-06 1.54002e-06 1.44524e-06 1.32285e-06 1.23244e-06 1.23794e-06 1.40348e-06 1.78856e-06 2.43018e-06 3.30215e-06 4.27033e-06 5.10023e-06 5.52153e-06 5.2804e-06 4.27023e-06 2.78518e-06 1.4262e-06 5.77435e-07 1.92233e-07 5.53427e-08 1.41907e-08 3.2273e-09 6.34455e-10 1.03089e-10 1.25254e-11 8.15802e-13 0 
0 1.99001e-11 1.6471e-10 7.21019e-10 2.33635e-09 6.21539e-09 1.4203e-08 2.85512e-08 5.122e-08 8.27998e-08 1.21491e-07 1.62779e-07 2.00265e-07 2.27559e-07 2.40521e-07 2.38896e-07 2.26713e-07 2.11484e-07 2.02811e-07 2.11105e-07 2.46545e-07 3.17441e-07 4.26395e-07 5.63518e-07 7.0024e-07 7.92519e-07 7.98792e-07 7.03455e-07 5.30259e-07 3.35359e-07 1.76082e-07 7.71739e-08 2.87425e-08 9.26145e-09 2.60183e-09 6.34455e-10 1.32075e-10 2.25818e-11 2.87498e-12 1.95474e-13 0 
0 3.08522e-12 2.48641e-11 1.06109e-10 3.3579e-10 8.74338e-10 1.96048e-09 3.87748e-09 6.8629e-09 1.09758e-08 1.59754e-08 2.12877e-08 2.61133e-08 2.96634e-08 3.14377e-08 3.14316e-08 3.0193e-08 2.87326e-08 2.83504e-08 3.0451e-08 3.63408e-08 4.69031e-08 6.20048e-08 7.96922e-08 9.57295e-08 1.0446e-07 1.01396e-07 8.61668e-08 6.33182e-08 3.98816e-08 2.14527e-08 9.87687e-09 3.91553e-09 1.34428e-09 4.00488e-10 1.03089e-10 2.25818e-11 4.05209e-12 5.39939e-13 3.83095e-14 0 
0 3.64662e-13 2.86543e-12 1.19373e-11 3.6938e-11 9.42351e-11 2.07498e-10 4.04e-10 7.05704e-10 1.11672e-09 1.61236e-09 2.13665e-09 2.6132e-09 2.96771e-09 3.15454e-09 3.17654e-09 3.09123e-09 3.00277e-09 3.04491e-09 3.35962e-09 4.06984e-09 5.23753e-09 6.80132e-09 8.5124e-09 9.92722e-09 1.05291e-08 9.97652e-09 8.33376e-09 6.07976e-09 3.85097e-09 2.1126e-09 1.00415e-09 4.14384e-10 1.48744e-10 4.64218e-11 1.25254e-11 2.87498e-12 5.39939e-13 7.51646e-14 5.55924e-15 0 
0 2.34556e-14 1.7996e-13 7.32888e-13 2.22041e-12 5.55658e-12 1.20269e-11 2.30698e-11 3.97947e-11 6.23339e-11 8.93018e-11 1.17709e-10 1.43558e-10 1.6303e-10 1.73872e-10 1.76446e-10 1.74076e-10 1.72639e-10 1.79602e-10 2.02652e-10 2.47836e-10 3.16903e-10 4.04007e-10 4.93302e-10 5.60422e-10 5.80319e-10 5.39563e-10 4.45483e-10 3.24062e-10 2.06666e-10 1.15258e-10 5.61775e-11 2.39383e-11 8.91782e-12 2.89816e-12 8.15802e-13 1.95474e-13 3.83095e-14 5.55924e-15 4.27933e-16 0 
0 0 0 0 0 0 0 0 0 0 0 0 0 0 0 0 0 0 0 0 0 0 0 0 0 0 0 0 0 0 0 0 0 0 0 0 0 0 0 0 0 
