0 0 0 0 0 0 0 0 0 0 0 0 0 0 0 0 0 0 0 0 0 0 0 0 0 0 0 0 0 0 0 0 0 0 0 0 0 0 0 0 0 
0 1.40051e-07 1.20545e-06 4.95877e-06 1.3504e-05 2.73518e-05 4.44682e-05 6.17107e-05 7.67341e-05 8.85841e-05 9.72811e-05 0.000103248 0.000106953 0.000108765 0.000108929 0.000107579 0.000104758 0.000100437 9.45367e-05 8.6976e-05 7.77438e-05 6.69971e-05 5.51495e-05 4.29037e-05 3.11784e-05 2.09124e-05 1.27998e-05 7.08059e-06 3.51572e-06 1.56115e-06 6.19467e-07 2.19884e-07 6.9924e-08 1.99287e-08 5.07733e-09 1.14694e-09 2.25431e-10 3.69843e-11 4.57717e-12 3.05629e-13 0 
0 1.20545e-06 1.0361e-05 3.9845e-05 9.40451e-05 0.000156492 0.000206567 0.000238756 0.000258535 0.000272116 0.000282727 0.000291196 0.00029727 0.000300504 0.000300666 0.000297871 0.00029256 0.000285388 0.00027703 0.000267903 0.000257813 0.000245645 0.000229317 0.000206339 0.00017517 0.000136955 9.6297e-05 5.96972e-05 3.22134e-05 1.50629e-05 6.12036e-06 2.17637e-06 6.82741e-07 1.90086e-07 4.70464e-08 1.02967e-08 1.95938e-09 3.11371e-10 3.73721e-11 2.42412e-12 0 
0 4.95877e-06 3.9845e-05 0.00012863 0.000234903 0.000305293 0.00034366 0.000374564 0.000408512 0.00044468 0.000479065 0.000507993 0.000528903 0.000540345 0.000541853 0.000533817 0.000517367 0.000494238 0.000466659 0.000437223 0.000408721 0.000383751 0.000363874 0.000348169 0.000331641 0.000305198 0.000259855 0.000195239 0.000124466 6.59017e-05 2.89477e-05 1.06915e-05 3.38315e-06 9.32397e-07 2.2597e-07 4.81597e-08 8.90376e-09 1.37423e-09 1.60327e-10 1.01232e-11 0 
0 1.3504e-05 9.40451e-05 0.000234903 0.000335206 0.000392088 0.000452061 0.000526043 0.000606456 0.000684768 0.000754557 0.000811144 0.000851301 0.000873192 0.000876338 0.00086153 0.000830661 0.000786496 0.000732418 0.000672179 0.000609733 0.000549181 0.000494821 0.000450933 0.000420447 0.000401481 0.000382726 0.000343761 0.000269714 0.000173037 8.78419e-05 3.54584e-05 1.17018e-05 3.2576e-06 7.82504e-07 1.63642e-07 2.95479e-08 4.44678e-09 5.05889e-10 3.11788e-11 0 
0 2.73518e-05 0.000156492 0.000305293 0.000392088 0.000481251 0.000596529 0.000726264 0.000858151 0.00098276 0.00109235 0.00118067 0.00124319 0.00127728 0.00128229 0.00125946 0.00121165 0.00114302 0.00105855 0.000963698 0.000863925 0.000764467 0.000670229 0.000586006 0.000516905 0.000467952 0.000440358 0.000422964 0.000386628 0.00030308 0.000186211 8.65012e-05 3.09702e-05 8.93148e-06 2.15901e-06 4.47229e-07 7.93699e-08 1.17017e-08 1.30303e-09 7.86398e-11 0 
0 4.44682e-05 0.000206567 0.00034366 0.000452061 0.000596529 0.000770169 0.000956623 0.00114307 0.00131815 0.0014717 0.00159529 0.0016828 0.00173064 0.00173774 0.00170574 0.00163883 0.00154283 0.00142456 0.00129145 0.00115092 0.0010099 0.000874547 0.000750132 0.000641429 0.000553556 0.000492276 0.000459717 0.000441659 0.000398156 0.000294946 0.000162585 6.54317e-05 2.00673e-05 4.96266e-06 1.02868e-06 1.80657e-07 2.62237e-08 2.86975e-09 1.70171e-10 0 
0 6.17107e-05 0.000238756 0.000374564 0.000526043 0.000726264 0.000956623 0.00120072 0.00144381 0.00167168 0.00187169 0.00203629 0.00216687 0.00225161 0.00226643 0.00220826 0.00209959 0.00196528 0.00180983 0.0016364 0.00145321 0.00126896 0.00109137 0.000926757 0.000780169 0.000655953 0.000559083 0.00049558 0.000465559 0.000444467 0.000378497 0.000246853 0.000113962 3.79777e-05 9.75543e-06 2.04329e-06 3.57429e-07 5.1333e-08 5.5425e-09 3.24021e-10 0 
0 7.67341e-05 0.000258535 0.000408512 0.000606456 0.000858151 0.00114307 0.00144381 0.00174291 0.00202402 0.00228839 0.00257104 0.002797 0.00290911 0.00292663 0.00285895 0.00269305 0.00244456 0.00220045 0.00197914 0.00175315 0.00152614 0.00130694 0.00110309 0.000920303 0.00076279 0.00063433 0.000540106 0.000485675 0.00046294 0.000426547 0.000319354 0.000169146 6.19814e-05 1.67238e-05 3.56767e-06 6.25141e-07 8.92158e-08 9.53882e-09 5.51533e-10 0 
0 8.85841e-05 0.000272116 0.00044468 0.000684768 0.00098276 0.00131815 0.00167168 0.00202402 0.00238087 0.0028036 0.00308565 0.00321652 0.00327509 0.0032842 0.00324818 0.00315875 0.00298325 0.00265844 0.0023118 0.00203389 0.00176634 0.00150838 0.00126811 0.00105199 0.000864441 0.000708631 0.000588227 0.000509149 0.000472545 0.000448945 0.000370552 0.000221461 8.9259e-05 2.54312e-05 5.55373e-06 9.78846e-07 1.39307e-07 1.47957e-08 8.48522e-10 0 
0 9.72811e-05 0.000282727 0.000479065 0.000754557 0.00109235 0.0014717 0.00187169 0.00228839 0.0028036 0.00315779 0.00332284 0.00341132 0.00345367 0.00346029 0.00343356 0.00336995 0.00325692 0.00305909 0.00268338 0.00228794 0.00197614 0.00168403 0.00141206 0.00116704 0.000953696 0.00077494 0.000633352 0.000533697 0.000480792 0.000458049 0.000401764 0.000264159 0.00011596 3.48428e-05 7.80171e-06 1.38636e-06 1.97256e-07 2.08646e-08 1.18976e-09 0 
0 0.000103248 0.000291196 0.000507993 0.000811144 0.00118067 0.00159529 0.00203629 0.00257104 0.00308565 0.00332284 0.00345035 0.00352314 0.00355891 0.00356444 0.00354149 0.00348792 0.00339631 0.00324762 0.00298493 0.00253426 0.00214648 0.00182424 0.0015269 0.00125885 0.00102504 0.000828292 0.000670535 0.000555335 0.000488433 0.000461351 0.000418639 0.000294784 0.000138621 4.36167e-05 9.99488e-06 1.79158e-06 2.55235e-07 2.69386e-08 1.53049e-09 0 
0 0.000106953 0.00029727 0.000528903 0.000851301 0.00124319 0.0016828 0.00216687 0.002797 0.00321652 0.00341132 0.00352314 0.00358873 0.00362129 0.00362622 0.00360498 0.00355599 0.00347368 0.00334458 0.00313267 0.00273638 0.00227441 0.0019221 0.00160676 0.00132262 0.00107454 0.000865334 0.000696544 0.000570895 0.000494057 0.000461982 0.000426402 0.00031382 0.000154957 5.04813e-05 1.17824e-05 2.12798e-06 3.03726e-07 3.20303e-08 1.81613e-09 0 
0 0.000108765 0.000300504 0.000540345 0.000873192 0.00127728 0.00173064 0.00225161 0.00290911 0.00327509 0.00345367 0.00355891 0.00362129 0.00365234 0.00365687 0.00363625 0.00358909 0.00351055 0.00338917 0.00319576 0.00284103 0.0023505 0.00197353 0.00164824 0.00135555 0.00109992 0.00088414 0.000709557 0.000578431 0.000496189 0.000460812 0.000428404 0.000322783 0.000163894 5.45197e-05 1.28736e-05 2.33716e-06 3.34169e-07 3.52444e-08 1.99706e-09 0 
0 0.000108929 0.000300666 0.000541853 0.000876338 0.00128229 0.00173774 0.00226643 0.00292663 0.0032842 0.00346029 0.00356444 0.00362622 0.00365687 0.00366113 0.00364034 0.00359315 0.00351479 0.00339409 0.0032028 0.002854 0.00235898 0.00197706 0.00165056 0.00135695 0.00110055 0.000884112 0.000708914 0.000577087 0.000493943 0.000457867 0.000426258 0.000322994 0.00016522 5.52979e-05 1.31083e-05 2.38505e-06 3.4144e-07 3.60378e-08 2.04301e-09 0 
0 0.000107579 0.000297871 0.000533817 0.00086153 0.00125946 0.00170574 0.00220826 0.00285895 0.00324818 0.00343356 0.00354149 0.00360498 0.00363625 0.00364034 0.00361867 0.00356972 0.0034883 0.00336204 0.00315882 0.0027819 0.00229876 0.0019346 0.00161534 0.00132805 0.00107732 0.000865826 0.000694912 0.000566873 0.000487062 0.000452908 0.000420249 0.000315094 0.000159261 5.287e-05 1.24866e-05 2.2701e-06 3.25195e-07 3.43674e-08 1.9513e-09 0 
0 0.000104758 0.00029256 0.000517367 0.000830661 0.00121165 0.00163883 0.00209959 0.00269305 0.00315875 0.00336995 0.00348792 0.00355599 0.00358909 0.00359315 0.00356972 0.00351693 0.00342843 0.00328841 0.00305285 0.00261955 0.00218678 0.00185128 0.0015463 0.00127174 0.00103235 0.000830798 0.000668565 0.000548398 0.0004757 0.000445422 0.000409519 0.000299045 0.000146742 4.77182e-05 1.11561e-05 2.02166e-06 2.89695e-07 3.06752e-08 1.74625e-09 0 
0 0.000100437 0.000285388 0.000494238 0.000786496 0.00114302 0.00154283 0.00196528 0.00244456 0.00298325 0.00325692 0.00339631 0.00347368 0.00351055 0.00351479 0.0034883 0.00342843 0.00332609 0.00315698 0.00284585 0.00239341 0.00204203 0.00173397 0.00144874 0.00119208 0.00096868 0.000781153 0.000631295 0.000522532 0.000459952 0.000434149 0.000392032 0.000274458 0.000128833 4.06568e-05 9.36865e-06 1.69007e-06 2.42317e-07 2.57332e-08 1.47066e-09 0 
0 9.45367e-05 0.00027703 0.000466659 0.000732418 0.00105855 0.00142456 0.00180983 0.00220045 0.00265844 0.00305909 0.00324762 0.00334458 0.00338917 0.00339409 0.00336204 0.00328841 0.00315698 0.0029185 0.00251738 0.00216788 0.00187168 0.00159037 0.0013289 0.00109389 0.000889776 0.000719229 0.000584534 0.000489867 0.000439005 0.000416202 0.000364605 0.000241264 0.000107276 3.27033e-05 7.41837e-06 1.33274e-06 1.91409e-07 2.04159e-08 1.17318e-09 0 
0 8.6976e-05 0.000267903 0.000437223 0.000672179 0.000963698 0.00129145 0.0016364 0.00197914 0.0023118 0.00268338 0.00298493 0.00313267 0.00319576 0.0032028 0.00315882 0.00305285 0.00284585 0.00251738 0.00221219 0.00194462 0.00168183 0.00142873 0.00119343 0.000982146 0.000799106 0.00064713 0.000529165 0.000449747 0.000409661 0.000386089 0.000323648 0.000200714 8.44174e-05 2.49134e-05 5.57861e-06 1.00059e-06 1.44265e-07 1.54847e-08 8.96259e-10 0 
0 7.77438e-05 0.000257813 0.000408721 0.000609733 0.000863925 0.00115092 0.00145321 0.00175315 0.00203389 0.00228794 0.00253426 0.00273638 0.00284103 0.002854 0.0027819 0.00261955 0.00239341 0.00216788 0.00194462 0.00171344 0.00148133 0.00125728 0.00104881 0.000861618 0.000699737 0.000566263 0.000464648 0.00039858 0.000364562 0.000336071 0.000267564 0.000156408 6.29871e-05 1.81937e-05 4.05108e-06 7.28688e-07 1.05767e-07 1.14454e-08 6.68109e-10 0 
0 6.69971e-05 0.000245645 0.000383751 0.000549181 0.000764467 0.0010099 0.00126896 0.00152614 0.00176634 0.00197614 0.00214648 0.00227441 0.0023505 0.00235898 0.00229876 0.00218678 0.00204203 0.00187168 0.00168183 0.00148133 0.00127925 0.00108362 0.000901005 0.00073654 0.000594123 0.000476989 0.000388105 0.00032891 0.000293952 0.000261723 0.000200954 0.000114395 4.55053e-05 1.31308e-05 2.93854e-06 5.32544e-07 7.79304e-08 8.50134e-09 5.0004e-10 0 
0 5.51495e-05 0.000229317 0.000363874 0.000494821 0.000670229 0.000874547 0.00109137 0.00130694 0.00150838 0.00168403 0.00182424 0.0019221 0.00197353 0.00197706 0.0019346 0.00185128 0.00173397 0.00159037 0.00142873 0.00125728 0.00108362 0.000914407 0.000755231 0.000610718 0.000484846 0.000380758 0.000299794 0.000241343 0.000202988 0.000175048 0.000136617 8.10134e-05 3.34544e-05 9.89084e-06 2.24366e-06 4.09636e-07 6.02106e-08 6.58806e-09 3.88366e-10 0 
0 4.29037e-05 0.000206339 0.000348169 0.000450933 0.000586006 0.000750132 0.000926757 0.00110309 0.00126811 0.00141206 0.0015269 0.00160676 0.00164824 0.00165056 0.00161534 0.0015463 0.00144874 0.0013289 0.00119343 0.00104881 0.000901005 0.000755231 0.000616196 0.000489095 0.000380973 0.000298475 0.00023917 0.000190278 0.000145493 0.000112127 8.88287e-05 5.87423e-05 2.65847e-05 8.21659e-06 1.88779e-06 3.4411e-07 5.02465e-08 5.45547e-09 3.19178e-10 0 
0 3.11784e-05 0.00017517 0.000331641 0.000420447 0.000516905 0.000641429 0.000780169 0.000920303 0.00105199 0.00116704 0.00125885 0.00132262 0.00135555 0.00135695 0.00132805 0.00127174 0.00119208 0.00109389 0.000982146 0.000861618 0.00073654 0.000610718 0.000489095 0.000383546 0.000319406 0.000315922 0.000341754 0.000324935 0.000238766 0.000136213 7.35308e-05 4.58132e-05 2.30331e-05 7.52975e-06 1.73988e-06 3.12533e-07 4.47546e-08 4.76805e-09 2.74251e-10 0 
0 2.09124e-05 0.000136955 0.000305198 0.000401481 0.000467952 0.000553556 0.000655953 0.00076279 0.000864441 0.000953696 0.00102504 0.00107454 0.00109992 0.00110055 0.00107732 0.00103235 0.00096868 0.000889776 0.000799106 0.000699737 0.000594123 0.000484846 0.000380973 0.000319406 0.000375046 0.000591253 0.00101925 0.00123079 0.000685917 0.000341894 0.000126806 4.63022e-05 2.10794e-05 7.16591e-06 1.65312e-06 2.90137e-07 4.0458e-08 4.20659e-09 2.36877e-10 0 
0 1.27998e-05 9.6297e-05 0.000259855 0.000382726 0.000440358 0.000492276 0.000559083 0.00063433 0.000708631 0.00077494 0.000828292 0.000865334 0.00088414 0.000884112 0.000865826 0.000830798 0.000781153 0.000719229 0.00064713 0.000566263 0.000476989 0.000380758 0.000298475 0.000315922 0.000591253 0.00145779 0.00223668 0.00229368 0.00201931 0.000802344 0.000267087 6.8487e-05 2.08954e-05 6.68137e-06 1.51094e-06 2.57922e-07 3.50216e-08 3.559e-09 1.96566e-10 0 
0 7.08059e-06 5.96972e-05 0.000195239 0.000343761 0.000422964 0.000459717 0.00049558 0.000540106 0.000588227 0.000633352 0.000670535 0.000696544 0.000709557 0.000708914 0.000694912 0.000668565 0.000631295 0.000584534 0.000529165 0.000464648 0.000388105 0.000299794 0.00023917 0.000341754 0.00101925 0.00223668 0.00245758 0.00248292 0.00236592 0.001752 0.000428715 9.90668e-05 2.19281e-05 5.89751e-06 1.26353e-06 2.08885e-07 2.7743e-08 2.77301e-09 1.51128e-10 0 
0 3.51572e-06 3.22134e-05 0.000124466 0.000269714 0.000386628 0.000441659 0.000465559 0.000485675 0.000509149 0.000533697 0.000555335 0.000570895 0.000578431 0.000577087 0.000566873 0.000548398 0.000522532 0.000489867 0.000449747 0.00039858 0.00032891 0.000241343 0.000190278 0.000324935 0.00123079 0.00229368 0.00248292 0.0025088 0.0024157 0.00201521 0.000487984 0.000106252 2.06254e-05 4.7003e-06 9.31795e-07 1.49096e-07 1.95241e-08 1.93716e-09 1.05057e-10 0 
0 1.56115e-06 1.50629e-05 6.59017e-05 0.000173037 0.00030308 0.000398156 0.000444467 0.00046294 0.000472545 0.000480792 0.000488433 0.000494057 0.000496189 0.000493943 0.000487062 0.0004757 0.000459952 0.000439005 0.000409661 0.000364562 0.000293952 0.000202988 0.000145493 0.000238766 0.000685917 0.00201931 0.00236592 0.0024157 0.00226099 0.00128686 0.000349295 7.88197e-05 1.51852e-05 3.16644e-06 5.86552e-07 9.17898e-08 1.19926e-08 1.19405e-09 6.505e-11 0 
0 6.19467e-07 6.12036e-06 2.89477e-05 8.78419e-05 0.000186211 0.000294946 0.000378497 0.000426547 0.000448945 0.000458049 0.000461351 0.000461982 0.000460812 0.000457867 0.000452908 0.000445422 0.000434149 0.000416202 0.000386089 0.000336071 0.000261723 0.000175048 0.000112127 0.000136213 0.000341894 0.000802344 0.001752 0.00201521 0.00128686 0.000524387 0.000173548 4.05277e-05 8.42713e-06 1.71523e-06 3.0775e-07 4.81584e-08 6.37235e-09 6.43976e-10 3.55767e-11 0 
0 2.19884e-07 2.17637e-06 1.06915e-05 3.54584e-05 8.65012e-05 0.000162585 0.000246853 0.000319354 0.000370552 0.000401764 0.000418639 0.000426402 0.000428404 0.000426258 0.000420249 0.000409519 0.000392032 0.000364605 0.000323648 0.000267564 0.000200954 0.000136617 8.88287e-05 7.35308e-05 0.000126806 0.000267087 0.000428715 0.000487984 0.000349295 0.000173548 5.89792e-05 1.53381e-05 3.56823e-06 7.36212e-07 1.33751e-07 2.14815e-08 2.9218e-09 3.02862e-10 1.71147e-11 0 
0 6.9924e-08 6.82741e-07 3.38315e-06 1.17018e-05 3.09702e-05 6.54317e-05 0.000113962 0.000169146 0.000221461 0.000264159 0.000294784 0.00031382 0.000322783 0.000322994 0.000315094 0.000299045 0.000274458 0.000241264 0.000200714 0.000156408 0.000114395 8.10134e-05 5.87423e-05 4.58132e-05 4.63022e-05 6.8487e-05 9.90668e-05 0.000106252 7.88197e-05 4.05277e-05 1.53381e-05 4.6694e-06 1.18184e-06 2.55104e-07 4.86992e-08 8.18822e-09 1.15788e-09 1.24156e-10 7.22865e-12 0 
0 1.99287e-08 1.90086e-07 9.32397e-07 3.2576e-06 8.93148e-06 2.00673e-05 3.79777e-05 6.19814e-05 8.9259e-05 0.00011596 0.000138621 0.000154957 0.000163894 0.00016522 0.000159261 0.000146742 0.000128833 0.000107276 8.44174e-05 6.29871e-05 4.55053e-05 3.34544e-05 2.65847e-05 2.30331e-05 2.10794e-05 2.08954e-05 2.19281e-05 2.06254e-05 1.51852e-05 8.42713e-06 3.56823e-06 1.18184e-06 3.19265e-07 7.40622e-08 1.51288e-08 2.68727e-09 3.9772e-10 4.43806e-11 2.67694e-12 0 
0 5.07733e-09 4.70464e-08 2.2597e-07 7.82504e-07 2.15901e-06 4.96266e-06 9.75543e-06 1.67238e-05 2.54312e-05 3.48428e-05 4.36167e-05 5.04813e-05 5.45197e-05 5.52979e-05 5.287e-05 4.77182e-05 4.06568e-05 3.27033e-05 2.49134e-05 1.81937e-05 1.31308e-05 9.89084e-06 8.21659e-06 7.52975e-06 7.16591e-06 6.68137e-06 5.89751e-06 4.7003e-06 3.16644e-06 1.71523e-06 7.36212e-07 2.55104e-07 7.40622e-08 1.85799e-08 4.06116e-09 7.62908e-10 1.18535e-10 1.38157e-11 8.66564e-13 0 
0 1.14694e-09 1.02967e-08 4.81597e-08 1.63642e-07 4.47229e-07 1.02868e-06 2.04329e-06 3.56767e-06 5.55373e-06 7.80171e-06 9.99488e-06 1.17824e-05 1.28736e-05 1.31083e-05 1.24866e-05 1.11561e-05 9.36865e-06 7.41837e-06 5.57861e-06 4.05108e-06 2.93854e-06 2.24366e-06 1.88779e-06 1.73988e-06 1.65312e-06 1.51094e-06 1.26353e-06 9.31795e-07 5.86552e-07 3.0775e-07 1.33751e-07 4.86992e-08 1.51288e-08 4.06116e-09 9.43028e-10 1.86995e-10 3.05255e-11 3.72269e-12 2.43332e-13 0 
0 2.25431e-10 1.95938e-09 8.90376e-09 2.95479e-08 7.93699e-08 1.80657e-07 3.57429e-07 6.25141e-07 9.78846e-07 1.38636e-06 1.79158e-06 2.12798e-06 2.33716e-06 2.38505e-06 2.2701e-06 2.02166e-06 1.69007e-06 1.33274e-06 1.00059e-06 7.28688e-07 5.32544e-07 4.09636e-07 3.4411e-07 3.12533e-07 2.90137e-07 2.57922e-07 2.08885e-07 1.49096e-07 9.17898e-08 4.81584e-08 2.14815e-08 8.18822e-09 2.68727e-09 7.62908e-10 1.86995e-10 3.90422e-11 6.69175e-12 8.54091e-13 5.82258e-14 0 
0 3.69843e-11 3.11371e-10 1.37423e-09 4.44678e-09 1.17017e-08 2.62237e-08 5.1333e-08 8.92158e-08 1.39307e-07 1.97256e-07 2.55235e-07 3.03726e-07 3.34169e-07 3.4144e-07 3.25195e-07 2.89695e-07 2.42317e-07 1.91409e-07 1.44265e-07 1.05767e-07 7.79304e-08 6.02106e-08 5.02465e-08 4.47546e-08 4.0458e-08 3.50216e-08 2.7743e-08 1.95241e-08 1.19926e-08 6.37235e-09 2.9218e-09 1.15788e-09 3.9772e-10 1.18535e-10 3.05255e-11 6.69175e-12 1.2022e-12 1.60443e-13 1.14052e-14 0 
0 4.57717e-12 3.73721e-11 1.60327e-10 5.05889e-10 1.30303e-09 2.86975e-09 5.5425e-09 9.53882e-09 1.47957e-08 2.08646e-08 2.69386e-08 3.20303e-08 3.52444e-08 3.60378e-08 3.43674e-08 3.06752e-08 2.57332e-08 2.04159e-08 1.54847e-08 1.14454e-08 8.50134e-09 6.58806e-09 5.45547e-09 4.76805e-09 4.20659e-09 3.559e-09 2.77301e-09 1.93716e-09 1.19405e-09 6.43976e-10 3.02862e-10 1.24156e-10 4.43806e-11 1.38157e-11 3.72269e-12 8.54091e-13 1.60443e-13 2.23528e-14 1.65521e-15 0 
0 3.05629e-13 2.42412e-12 1.01232e-11 3.11788e-11 7.86398e-11 1.70171e-10 3.24021e-10 5.51533e-10 8.48522e-10 1.18976e-09 1.53049e-09 1.81613e-09 1.99706e-09 2.04301e-09 1.9513e-09 1.74625e-09 1.47066e-09 1.17318e-09 8.96259e-10 6.68109e-10 5.0004e-10 3.88366e-10 3.19178e-10 2.74251e-10 2.36877e-10 1.96566e-10 1.51128e-10 1.05057e-10 6.505e-11 3.55767e-11 1.71147e-11 7.22865e-12 2.67694e-12 8.66564e-13 2.43332e-13 5.82258e-14 1.14052e-14 1.65521e-15 1.27488e-16 0 
0 0 0 0 0 0 0 0 0 0 0 0 0 0 0 0 0 0 0 0 0 0 0 0 0 0 0 0 0 0 0 0 0 0 0 0 0 0 0 0 0 
