0 0 0 0 0 0 0 0 0 0 0 0 0 0 0 0 0 0 0 0 0 0 0 0 0 0 0 0 0 0 0 0 0 0 0 0 0 0 0 0 0 
0 1.40764e-07 1.21182e-06 4.98689e-06 1.35882e-05 2.75408e-05 4.48065e-05 6.22201e-05 7.74101e-05 8.94044e-05 9.82157e-05 0.000104266 0.000108025 0.000109865 0.000110033 0.000108664 0.000105803 0.000101421 9.54409e-05 8.77812e-05 7.84344e-05 6.75627e-05 5.5587e-05 4.32194e-05 3.13881e-05 2.1039e-05 1.28683e-05 7.1135e-06 3.5297e-06 1.56639e-06 6.212e-07 2.20394e-07 7.00578e-08 1.99602e-08 5.08395e-09 1.14818e-09 2.25635e-10 3.70125e-11 4.58015e-12 3.05801e-13 0 
0 1.21182e-06 1.04191e-05 4.0095e-05 9.47271e-05 0.000157801 0.00020851 0.000241204 0.000261345 0.000275184 0.000285987 0.000294597 0.000300767 0.000304051 0.000304217 0.000301383 0.000295994 0.000288711 0.000280214 0.000270921 0.000260632 0.00024822 0.000231587 0.000208233 0.000176631 0.000137969 9.69144e-05 6.00205e-05 3.23574e-05 1.51175e-05 6.1381e-06 2.18139e-06 6.83994e-07 1.90364e-07 4.71019e-08 1.03066e-08 1.96093e-09 3.11578e-10 3.73932e-11 2.42531e-12 0 
0 4.98689e-06 4.0095e-05 0.000129587 0.000237004 0.000308442 0.000347526 0.000378961 0.000413391 0.000450026 0.000484838 0.00051412 0.000535285 0.000546866 0.000548392 0.000540259 0.000523609 0.000500199 0.000472281 0.000442479 0.00041361 0.00038829 0.000368084 0.00035204 0.000335094 0.000308081 0.000262002 0.000196593 0.000125162 6.61888e-05 2.90437e-05 1.07182e-05 3.38951e-06 9.33735e-07 2.26221e-07 4.8202e-08 8.9101e-09 1.37504e-09 1.60408e-10 1.01276e-11 0 
0 1.35882e-05 9.47271e-05 0.000237004 0.000338764 0.00039664 0.000457471 0.000532383 0.000613776 0.000693035 0.000763666 0.000820936 0.000861578 0.000883734 0.000886918 0.000871931 0.000840689 0.000795991 0.00074126 0.000680294 0.000617092 0.000555805 0.000500774 0.000456315 0.000425357 0.00040595 0.000386628 0.00034681 0.000271677 0.000174011 8.82059e-05 3.55635e-05 1.17264e-05 3.26253e-06 7.83377e-07 1.63781e-07 2.95677e-08 4.44921e-09 5.06124e-10 3.11915e-11 0 
0 2.75408e-05 0.000157801 0.000308442 0.00039664 0.000487029 0.000603727 0.000735031 0.000868511 0.000994624 0.00110553 0.00119492 0.00125819 0.0012927 0.00129777 0.00127467 0.00122628 0.00115682 0.00107133 0.000975332 0.000874354 0.000773695 0.00067832 0.000593075 0.00052312 0.000473506 0.000445389 0.000427408 0.000390128 0.000305272 0.000187208 8.68241e-05 3.10485e-05 8.94681e-06 2.1616e-06 4.47619e-07 7.9423e-08 1.1708e-08 1.30363e-09 7.86711e-11 0 
0 4.48065e-05 0.00020851 0.000347526 0.000457471 0.000603727 0.000779467 0.000968172 0.00115687 0.00133406 0.00148947 0.00161455 0.00170311 0.00175152 0.00175871 0.00172633 0.00165862 0.00156145 0.00144176 0.00130704 0.00116481 0.00102209 0.000885105 0.000759187 0.00064917 0.000560222 0.000498139 0.000464987 0.000446273 0.000401657 0.000296936 0.000163356 6.56373e-05 2.01083e-05 4.96942e-06 1.02966e-06 1.80784e-07 2.62383e-08 2.87108e-09 1.70241e-10 0 
0 6.22201e-05 0.000241204 0.000378961 0.000532383 0.000735031 0.000968172 0.00121522 0.00146124 0.00169186 0.00189428 0.00206076 0.00219244 0.00227769 0.00229257 0.00223405 0.00212462 0.00198897 0.00183167 0.00165616 0.00147075 0.00128428 0.00110454 0.000937945 0.000789587 0.000663869 0.000565814 0.000501464 0.00047082 0.000448921 0.000381552 0.000248297 0.000114405 3.80718e-05 9.77095e-06 2.04548e-06 3.57706e-07 5.13638e-08 5.54526e-09 3.24163e-10 0 
0 7.74101e-05 0.000261345 0.000413391 0.000613776 0.000868511 0.00115687 0.00146124 0.00176395 0.00204844 0.00231547 0.00260006 0.00282846 0.00294231 0.00296011 0.0028913 0.00272316 0.00247261 0.00222679 0.00200302 0.00177431 0.00154456 0.00132272 0.00111641 0.000931413 0.000771998 0.000641984 0.000546594 0.000491371 0.000467963 0.000430455 0.000321561 0.000169939 6.21654e-05 1.6755e-05 3.57204e-06 6.25681e-07 8.92749e-08 9.54403e-09 5.51797e-10 0 
0 8.94044e-05 0.000275184 0.000450026 0.000693035 0.000994624 0.00133406 0.00169186 0.00204844 0.00240881 0.00283508 0.00312206 0.00325539 0.00331501 0.00332428 0.0032876 0.00319654 0.00301766 0.00268838 0.00233935 0.00205843 0.00178767 0.00152659 0.00128342 0.00106469 0.000874877 0.000717185 0.000595317 0.000515217 0.000477909 0.00045342 0.000373447 0.000222666 8.95689e-05 2.54862e-05 5.56147e-06 9.79795e-07 1.39409e-07 1.48046e-08 8.48969e-10 0 
0 9.82157e-05 0.000285987 0.000484838 0.000763666 0.00110553 0.00148947 0.00189428 0.00231547 0.00283508 0.0031956 0.0033636 0.00345359 0.00349666 0.00350338 0.0034762 0.0034115 0.00329649 0.00309502 0.00271375 0.0023153 0.00199999 0.00170436 0.00142911 0.00118113 0.000965209 0.000784295 0.000640994 0.0005401 0.000486383 0.000462867 0.000405187 0.000265767 0.000116416 3.4928e-05 7.81389e-06 1.38785e-06 1.97415e-07 2.08785e-08 1.19045e-09 0 
0 0.000104266 0.000294597 0.00051412 0.000820936 0.00119492 0.00161455 0.00206076 0.00260006 0.00312206 0.0033636 0.00349328 0.00356728 0.00360362 0.00360924 0.0035859 0.00353145 0.00343831 0.00328704 0.00301955 0.00256352 0.00217231 0.00184626 0.00154534 0.00127405 0.00103741 0.000838292 0.000678628 0.000562017 0.000494186 0.000466366 0.000422419 0.000296729 0.00013922 4.37341e-05 1.0012e-05 1.79368e-06 2.5546e-07 2.6958e-08 1.53146e-09 0 
0 0.000108025 0.000300767 0.000535285 0.000861578 0.00125819 0.00170311 0.00219244 0.00282846 0.00325539 0.00345359 0.00356728 0.00363393 0.00366701 0.003672 0.00365042 0.00360063 0.00351697 0.00338569 0.00317004 0.00276753 0.00230151 0.0019453 0.00162615 0.00133858 0.00108751 0.00087578 0.000704952 0.000577772 0.000499914 0.000467101 0.000430393 0.000316003 0.000155671 5.06267e-05 1.1804e-05 2.13065e-06 3.04013e-07 3.20551e-08 1.81736e-09 0 
0 0.000109865 0.000304051 0.000546866 0.000883734 0.0012927 0.00175152 0.00227769 0.00294231 0.00331501 0.00349666 0.00360362 0.00366701 0.00369854 0.00370314 0.00368218 0.00363427 0.00355444 0.00343103 0.00323428 0.00287355 0.00237818 0.00199733 0.00166814 0.00137192 0.0011132 0.000894813 0.000718123 0.000585402 0.000502089 0.000465966 0.000432489 0.000325095 0.000164677 5.46835e-05 1.28983e-05 2.34024e-06 3.34502e-07 3.52733e-08 1.9985e-09 0 
0 0.000110033 0.000304217 0.000548392 0.000886918 0.00129777 0.00175871 0.00229257 0.00296011 0.00332428 0.00350338 0.00360924 0.003672 0.00370314 0.00370747 0.00368634 0.00363838 0.00355874 0.00343604 0.00324145 0.0028867 0.00238668 0.00200091 0.00167048 0.00137333 0.00111384 0.000894785 0.000717472 0.000584043 0.000499819 0.000462998 0.000430342 0.000325325 0.000166019 5.54669e-05 1.31341e-05 2.38829e-06 3.41794e-07 3.60689e-08 2.04456e-09 0 
0 0.000108664 0.000301383 0.000540259 0.000871931 0.00127467 0.00172633 0.00223405 0.0028913 0.0032876 0.0034762 0.0035859 0.00365042 0.00368218 0.00368634 0.00366431 0.00361456 0.00353181 0.00340345 0.00319668 0.00281355 0.00232597 0.00195794 0.00163484 0.00134409 0.00109032 0.000876279 0.000703301 0.000573704 0.000492849 0.000457961 0.000424243 0.000317344 0.000160024 5.30308e-05 1.25112e-05 2.27325e-06 3.25543e-07 3.43983e-08 1.95286e-09 0 
0 0.000105803 0.000295994 0.000523609 0.000840689 0.00122628 0.00165862 0.00212462 0.00272316 0.00319654 0.0034115 0.00353145 0.00360063 0.00363427 0.00363838 0.00361456 0.00356092 0.00347094 0.00332854 0.00308877 0.00264934 0.00221297 0.00187363 0.00156497 0.00128709 0.00104481 0.000840828 0.000676635 0.000555003 0.000481331 0.000450337 0.000413331 0.00030112 0.000147425 4.78604e-05 1.1178e-05 2.0245e-06 2.90016e-07 3.07042e-08 1.74775e-09 0 
0 0.000101421 0.000288711 0.000500199 0.000795991 0.00115682 0.00156145 0.00198897 0.00247261 0.00301766 0.00329649 0.00343831 0.00351697 0.00355444 0.00355874 0.00353181 0.00347094 0.00336688 0.0031948 0.00287814 0.00242145 0.00206665 0.0017549 0.00146622 0.00120647 0.000980375 0.000790584 0.000638914 0.000528817 0.000465358 0.000438849 0.000395561 0.000276283 0.000129407 4.07744e-05 9.38697e-06 1.69251e-06 2.426e-07 2.57595e-08 1.47205e-09 0 
0 9.54409e-05 0.000280214 0.000472281 0.00074126 0.00107133 0.00144176 0.00183167 0.00222679 0.00268838 0.00309502 0.00328704 0.00338569 0.00343103 0.00343604 0.00340345 0.00332854 0.0031948 0.00295192 0.00254629 0.00219394 0.00189428 0.00160957 0.00134494 0.00110709 0.000900518 0.000727911 0.000591586 0.000495742 0.000444104 0.000420583 0.000367744 0.000242784 0.000107732 3.27958e-05 7.43314e-06 1.33478e-06 1.91656e-07 2.04397e-08 1.17448e-09 0 
0 8.77812e-05 0.000270921 0.000442479 0.000680294 0.000975332 0.00130704 0.00165616 0.00200302 0.00233935 0.00271375 0.00301955 0.00317004 0.00323428 0.00324145 0.00319668 0.00308877 0.00287814 0.00254629 0.00223874 0.00196809 0.00170214 0.00144598 0.00120783 0.000994003 0.000808753 0.000654941 0.000535544 0.000455113 0.000414336 0.000390009 0.000326296 0.000201913 8.47651e-05 2.49849e-05 5.59054e-06 1.00233e-06 1.44487e-07 1.5507e-08 8.97505e-10 0 
0 7.84344e-05 0.000260632 0.00041361 0.000617092 0.000874354 0.00116481 0.00147075 0.00177431 0.00205843 0.0023153 0.00256352 0.00276753 0.00287355 0.0028867 0.00281355 0.00264934 0.00242145 0.00219394 0.00196809 0.00173413 0.00149921 0.00127246 0.00106147 0.00087202 0.000708184 0.000573097 0.000470237 0.000403293 0.000368629 0.00033936 0.000269664 0.00015732 6.32516e-05 1.82506e-05 4.06125e-06 7.30277e-07 1.0598e-07 1.14675e-08 6.69379e-10 0 
0 6.75627e-05 0.00024822 0.00038829 0.000555805 0.000773695 0.00102209 0.00128428 0.00154456 0.00178767 0.00199999 0.00217231 0.00230151 0.00237818 0.00238668 0.00232597 0.00221297 0.00206665 0.00189428 0.00170214 0.00149921 0.0012947 0.0010967 0.000911882 0.000745431 0.000601295 0.000482741 0.000392758 0.000332763 0.000297182 0.000264248 0.000202536 0.000115091 4.57186e-05 1.31803e-05 2.94809e-06 5.34125e-07 7.81506e-08 8.52476e-09 5.01401e-10 0 
0 5.5587e-05 0.000231587 0.000368084 0.000500774 0.00067832 0.000885105 0.00110454 0.00132272 0.00152659 0.00170436 0.00184626 0.0019453 0.00199733 0.00200091 0.00195794 0.00187363 0.0017549 0.00160957 0.00144598 0.00127246 0.0010967 0.000925446 0.000764348 0.00061809 0.000490697 0.000385345 0.000303385 0.000244184 0.000205267 0.000176821 0.000137789 8.15799e-05 3.36462e-05 9.93934e-06 2.25357e-06 4.11335e-07 6.04512e-08 6.6138e-09 3.89861e-10 0 
0 4.32194e-05 0.000208233 0.00035204 0.000456315 0.000593075 0.000759187 0.000937945 0.00111641 0.00128342 0.00142911 0.00154534 0.00162615 0.00166814 0.00167048 0.00163484 0.00156497 0.00146622 0.00134494 0.00120783 0.00106147 0.000911882 0.000764348 0.000623634 0.000494998 0.00038557 0.000302074 0.000242052 0.000192565 0.000147223 0.000113398 8.97211e-05 5.92397e-05 2.67754e-05 8.26849e-06 1.89875e-06 3.46003e-07 5.05136e-08 5.48379e-09 3.20805e-10 0 
0 3.13881e-05 0.000176631 0.000335094 0.000425357 0.00052312 0.00064917 0.000789587 0.000931413 0.00106469 0.00118113 0.00127405 0.00133858 0.00137192 0.00137333 0.00134409 0.00128709 0.00120647 0.00110709 0.000994003 0.00087202 0.000745431 0.00061809 0.000494998 0.000388175 0.000323261 0.000319736 0.000345879 0.000328857 0.000241648 0.000137854 7.43848e-05 4.62764e-05 2.32303e-05 7.58673e-06 1.75205e-06 3.14616e-07 4.50435e-08 4.79812e-09 2.75948e-10 0 
0 2.1039e-05 0.000137969 0.000308081 0.00040595 0.000473506 0.000560222 0.000663869 0.000771998 0.000874877 0.000965209 0.00103741 0.00108751 0.0011132 0.00111384 0.00109032 0.00104481 0.000980375 0.000900518 0.000808753 0.000708184 0.000601295 0.000490697 0.00038557 0.000323261 0.000379574 0.00059839 0.00103009 0.00124386 0.000693847 0.000346021 0.000128335 4.68347e-05 2.1285e-05 7.2266e-06 1.66602e-06 2.92299e-07 4.0751e-08 4.23644e-09 2.38531e-10 0 
0 1.28683e-05 9.69144e-05 0.000262002 0.000386628 0.000445389 0.000498139 0.000565814 0.000641984 0.000717185 0.000784295 0.000838292 0.00087578 0.000894813 0.000894785 0.000876279 0.000840828 0.000790584 0.000727911 0.000654941 0.000573097 0.000482741 0.000385345 0.000302074 0.000319736 0.00059839 0.00147351 0.00226481 0.00232272 0.00204288 0.000811693 0.000270311 6.93086e-05 2.11204e-05 6.74241e-06 1.52349e-06 2.59965e-07 3.52921e-08 3.58603e-09 1.98039e-10 0 
0 7.1135e-06 6.00205e-05 0.000196593 0.00034681 0.000427408 0.000464987 0.000501464 0.000546594 0.000595317 0.000640994 0.000678628 0.000704952 0.000718123 0.000717472 0.000703301 0.000676635 0.000638914 0.000591586 0.000535544 0.000470237 0.000392758 0.000303385 0.000242052 0.000345879 0.00103009 0.00226481 0.00248906 0.00251479 0.00239589 0.00177159 0.000433867 0.000100262 2.21775e-05 5.95433e-06 1.27443e-06 2.10597e-07 2.79651e-08 2.79489e-09 1.52309e-10 0 
0 3.5297e-06 3.23574e-05 0.000125162 0.000271677 0.000390128 0.000446273 0.00047082 0.000491371 0.000515217 0.0005401 0.000562017 0.000577772 0.000585402 0.000584043 0.000573704 0.000555003 0.000528817 0.000495742 0.000455113 0.000403293 0.000332763 0.000244184 0.000192565 0.000328857 0.00124386 0.00232272 0.00251479 0.00254104 0.00244647 0.00203882 0.000493485 0.000107534 2.0864e-05 4.74692e-06 9.40013e-07 1.50342e-07 1.96836e-08 1.95279e-09 1.05898e-10 0 
0 1.56639e-06 1.51175e-05 6.61888e-05 0.000174011 0.000305272 0.000401657 0.000448921 0.000467963 0.000477909 0.000486383 0.000494186 0.000499914 0.000502089 0.000499819 0.000492849 0.000481331 0.000465358 0.000444104 0.000414336 0.000368629 0.000297182 0.000205267 0.000147223 0.000241648 0.000693847 0.00204288 0.00239589 0.00244647 0.0022896 0.00130084 0.000353512 7.97701e-05 1.53596e-05 3.19794e-06 5.91766e-07 9.25641e-08 1.20917e-08 1.20382e-09 6.55788e-11 0 
0 6.212e-07 6.1381e-06 2.90437e-05 8.82059e-05 0.000187208 0.000296936 0.000381552 0.000430455 0.00045342 0.000462867 0.000466366 0.000467101 0.000465966 0.000462998 0.000457961 0.000450337 0.000438849 0.000420583 0.000390009 0.00033936 0.000264248 0.000176821 0.000113398 0.000137854 0.000346021 0.000811693 0.00177159 0.00203882 0.00130084 0.000530718 0.000175643 4.10139e-05 8.52114e-06 1.73195e-06 3.10474e-07 4.85658e-08 6.42535e-09 6.49289e-10 3.58687e-11 0 
0 2.20394e-07 2.18139e-06 1.07182e-05 3.55635e-05 8.68241e-05 0.000163356 0.000248297 0.000321561 0.000373447 0.000405187 0.000422419 0.000430393 0.000432489 0.000430342 0.000424243 0.000413331 0.000395561 0.000367744 0.000326296 0.000269664 0.000202536 0.000137789 8.97211e-05 7.43848e-05 0.000128335 0.000270311 0.000433867 0.000493485 0.000353512 0.000175643 5.96897e-05 1.55171e-05 3.60591e-06 7.43143e-07 1.34919e-07 2.1663e-08 2.94618e-09 3.05374e-10 1.7256e-11 0 
0 7.00578e-08 6.83994e-07 3.38951e-06 1.17264e-05 3.10485e-05 6.56373e-05 0.000114405 0.000169939 0.000222666 0.000265767 0.000296729 0.000316003 0.000325095 0.000325325 0.000317344 0.00030112 0.000276283 0.000242784 0.000201913 0.00015732 0.000115091 8.15799e-05 5.92397e-05 4.62764e-05 4.68347e-05 6.93086e-05 0.000100262 0.000107534 7.97701e-05 4.10139e-05 1.55171e-05 4.72008e-06 1.19346e-06 2.57409e-07 4.91183e-08 8.25722e-09 1.16756e-09 1.25189e-10 7.2886e-12 0 
0 1.99602e-08 1.90364e-07 9.33735e-07 3.26253e-06 8.94681e-06 2.01083e-05 3.80718e-05 6.21654e-05 8.95689e-05 0.000116416 0.00013922 0.000155671 0.000164677 0.000166019 0.000160024 0.000147425 0.000129407 0.000107732 8.47651e-05 6.32516e-05 4.57186e-05 3.36462e-05 2.67754e-05 2.32303e-05 2.1285e-05 2.11204e-05 2.21775e-05 2.0864e-05 1.53597e-05 8.52114e-06 3.60591e-06 1.19346e-06 3.22193e-07 7.47084e-08 1.52574e-08 2.70986e-09 4.01047e-10 4.47506e-11 2.6992e-12 0 
0 5.08395e-09 4.71019e-08 2.26221e-07 7.83377e-07 2.1616e-06 4.96942e-06 9.77095e-06 1.6755e-05 2.54862e-05 3.4928e-05 4.37341e-05 5.06267e-05 5.46835e-05 5.54669e-05 5.30308e-05 4.78604e-05 4.07744e-05 3.27958e-05 2.49849e-05 1.82506e-05 1.31803e-05 9.93934e-06 8.26849e-06 7.58673e-06 7.2266e-06 6.74241e-06 5.95433e-06 4.74692e-06 3.19794e-06 1.73195e-06 7.43143e-07 2.57409e-07 7.47084e-08 1.87384e-08 4.09542e-09 7.69311e-10 1.19527e-10 1.3931e-11 8.73784e-13 0 
0 1.14818e-09 1.03066e-08 4.8202e-08 1.63781e-07 4.47619e-07 1.02966e-06 2.04548e-06 3.57204e-06 5.56147e-06 7.81389e-06 1.0012e-05 1.1804e-05 1.28983e-05 1.31341e-05 1.25112e-05 1.1178e-05 9.38697e-06 7.43314e-06 5.59054e-06 4.06125e-06 2.94809e-06 2.25357e-06 1.89875e-06 1.75205e-06 1.66602e-06 1.52349e-06 1.27443e-06 9.40013e-07 5.91766e-07 3.10474e-07 1.34919e-07 4.91183e-08 1.52574e-08 4.09542e-09 9.50952e-10 1.88563e-10 3.07809e-11 3.75379e-12 2.45362e-13 0 
0 2.25635e-10 1.96093e-09 8.9101e-09 2.95677e-08 7.9423e-08 1.80784e-07 3.57706e-07 6.25681e-07 9.79795e-07 1.38785e-06 1.79368e-06 2.13065e-06 2.34024e-06 2.38829e-06 2.27325e-06 2.0245e-06 1.69251e-06 1.33478e-06 1.00233e-06 7.30277e-07 5.34125e-07 4.11335e-07 3.46003e-07 3.14616e-07 2.92299e-07 2.59965e-07 2.10597e-07 1.50342e-07 9.25641e-08 4.85658e-08 2.1663e-08 8.25722e-09 2.70986e-09 7.69311e-10 1.88563e-10 3.93692e-11 6.74773e-12 8.61228e-13 5.87118e-14 0 
0 3.70125e-11 3.11578e-10 1.37504e-09 4.44921e-09 1.1708e-08 2.62383e-08 5.13638e-08 8.92749e-08 1.39409e-07 1.97415e-07 2.5546e-07 3.04013e-07 3.34502e-07 3.41794e-07 3.25543e-07 2.90016e-07 2.426e-07 1.91656e-07 1.44487e-07 1.0598e-07 7.81506e-08 6.04512e-08 5.05136e-08 4.50435e-08 4.0751e-08 3.52921e-08 2.79651e-08 1.96836e-08 1.20917e-08 6.42535e-09 2.94618e-09 1.16756e-09 4.01047e-10 1.19527e-10 3.07809e-11 6.74773e-12 1.21225e-12 1.61784e-13 1.15004e-14 0 
0 4.58015e-12 3.73932e-11 1.60408e-10 5.06124e-10 1.30363e-09 2.87108e-09 5.54526e-09 9.54403e-09 1.48046e-08 2.08785e-08 2.6958e-08 3.20551e-08 3.52733e-08 3.60689e-08 3.43983e-08 3.07042e-08 2.57595e-08 2.04397e-08 1.5507e-08 1.14675e-08 8.52476e-09 6.6138e-09 5.48379e-09 4.79812e-09 4.23644e-09 3.58603e-09 2.79489e-09 1.95279e-09 1.20382e-09 6.49289e-10 3.05374e-10 1.25189e-10 4.47506e-11 1.3931e-11 3.75379e-12 8.61228e-13 1.61784e-13 2.25395e-14 1.66903e-15 0 
0 3.05801e-13 2.42531e-12 1.01276e-11 3.11915e-11 7.86711e-11 1.70241e-10 3.24163e-10 5.51797e-10 8.48969e-10 1.19045e-09 1.53146e-09 1.81736e-09 1.9985e-09 2.04456e-09 1.95286e-09 1.74775e-09 1.47205e-09 1.17448e-09 8.97505e-10 6.69379e-10 5.01401e-10 3.89861e-10 3.20805e-10 2.75948e-10 2.38531e-10 1.98039e-10 1.52309e-10 1.05898e-10 6.55788e-11 3.58687e-11 1.7256e-11 7.2886e-12 2.6992e-12 8.73784e-13 2.45362e-13 5.87118e-14 1.15004e-14 1.66903e-15 1.28552e-16 0 
0 0 0 0 0 0 0 0 0 0 0 0 0 0 0 0 0 0 0 0 0 0 0 0 0 0 0 0 0 0 0 0 0 0 0 0 0 0 0 0 0 
