0 0 0 0 0 0 0 0 0 0 0 0 0 0 0 0 0 0 0 0 0 0 0 0 0 0 0 0 0 0 0 0 0 0 0 0 0 0 0 0 0 
0 1.8862e-07 1.65055e-06 7.01366e-06 2.00336e-05 4.29801e-05 7.41771e-05 0.000108821 0.000141938 0.000170337 0.000192736 0.000209046 0.000219677 0.000225139 0.000225866 0.000222181 0.000214306 0.000202394 0.000186603 0.000167198 0.000144699 0.00012002 9.45356e-05 6.9984e-05 4.81627e-05 3.04837e-05 1.75759e-05 9.16323e-06 4.29996e-06 1.81297e-06 6.87079e-07 2.34406e-07 7.20899e-08 1.99833e-08 4.97663e-09 1.10362e-09 2.13718e-10 3.46487e-11 4.24777e-12 2.81509e-13 0 
0 1.65055e-06 1.45852e-05 5.93551e-05 0.000152215 0.000278454 0.000401744 0.000498994 0.000569181 0.000620128 0.000658329 0.00068676 0.000706097 0.000716211 0.000717081 0.000709164 0.000693414 0.000671041 0.000643106 0.000609974 0.000570812 0.000523407 0.000464823 0.000393234 0.00031053 0.000223974 0.000144624 8.23542e-05 4.10282e-05 1.78712e-05 6.83883e-06 2.31599e-06 6.98909e-07 1.88767e-07 4.56301e-08 9.80602e-09 1.83991e-09 2.89234e-10 3.44267e-11 2.21875e-12 0 
0 7.01366e-06 5.93551e-05 0.000211557 0.000438934 0.000640922 0.000780819 0.000887287 0.000985384 0.00108014 0.00116667 0.00123832 0.00128979 0.00131788 0.00132159 0.0013019 0.00126152 0.00120455 0.0011361 0.00106183 0.000987203 0.000916256 0.000849542 0.000781748 0.000701016 0.000593704 0.000456258 0.000305875 0.000173915 8.29873e-05 3.34278e-05 1.15415e-05 3.47341e-06 9.22927e-07 2.17835e-07 4.55437e-08 8.30333e-09 1.26855e-09 1.46891e-10 9.22329e-12 0 
0 2.00336e-05 0.000152215 0.000438934 0.000721613 0.000918349 0.00109238 0.00128114 0.00147925 0.00167073 0.0018411 0.00197919 0.00207718 0.00213059 0.00213827 0.00210213 0.00202681 0.00191904 0.00178707 0.00164 0.00148734 0.00133857 0.00120267 0.00108644 0.000990312 0.000901714 0.000792549 0.000634632 0.000434025 0.000241944 0.000108459 3.97147e-05 1.22195e-05 3.24234e-06 7.54084e-07 1.54302e-07 2.74519e-08 4.08955e-09 4.61972e-10 2.83302e-11 0 
0 4.29801e-05 0.000278454 0.000640922 0.000918349 0.00116695 0.00145463 0.001772 0.00209389 0.00239794 0.00266533 0.00288083 0.00303338 0.00311656 0.0031288 0.00307309 0.00295644 0.00278897 0.00258287 0.00235143 0.00210797 0.00186526 0.00163512 0.00142853 0.00125531 0.00112047 0.00101395 0.000898703 0.000724099 0.000484936 0.000253931 0.000103066 3.34355e-05 9.02973e-06 2.09337e-06 4.22343e-07 7.37061e-08 1.07497e-08 1.18858e-09 7.1392e-11 0 
0 7.41771e-05 0.000401744 0.000780819 0.00109238 0.00145463 0.00187917 0.00233416 0.0027891 0.0032163 0.00359096 0.00389249 0.00410581 0.00422216 0.00423937 0.00416162 0.00399866 0.00376449 0.00347593 0.00315114 0.00280824 0.00246417 0.00213389 0.00183025 0.00156446 0.00134672 0.00118317 0.00106184 0.000932923 0.000728023 0.000452041 0.000210377 7.41896e-05 2.08178e-05 4.87239e-06 9.7709e-07 1.68212e-07 2.41224e-08 2.61994e-09 1.54609e-10 0 
0 0.000108821 0.000498994 0.000887287 0.00128114 0.001772 0.00233416 0.00292976 0.00352289 0.00407889 0.00456616 0.00495898 0.00523958 0.00539578 0.0054194 0.00531425 0.00509788 0.00479141 0.00441565 0.00399281 0.00354584 0.00309628 0.00266294 0.00226129 0.00190356 0.00159994 0.00135977 0.00118708 0.00105941 0.000904182 0.000649654 0.000350332 0.000137289 4.0772e-05 9.75222e-06 1.95926e-06 3.34579e-07 4.73801e-08 5.07293e-09 2.95036e-10 0 
0 0.000141938 0.000569181 0.000985384 0.00147925 0.00209389 0.0027891 0.00352289 0.00425266 0.00493654 0.00553984 0.00604809 0.00645052 0.00669338 0.00673294 0.00656998 0.00624508 0.00582594 0.00535025 0.00482793 0.00427765 0.00372378 0.00318894 0.00269155 0.00224554 0.00186113 0.00154677 0.00131023 0.0011481 0.00101258 0.000804582 0.000495746 0.000217549 6.92304e-05 1.70884e-05 3.46268e-06 5.89439e-07 8.27524e-08 8.76401e-09 5.03835e-10 0 
0 0.000170337 0.000620128 0.00108014 0.00167073 0.00239794 0.0032163 0.00407889 0.00493654 0.00574592 0.00650279 0.00720477 0.00769748 0.00793546 0.00797076 0.00782109 0.00746322 0.00689696 0.00625119 0.00561139 0.00496125 0.00430985 0.00368046 0.0030942 0.00256685 0.00210923 0.00172883 0.00143259 0.00122452 0.00108004 0.000908499 0.000621613 0.000303373 0.000103859 2.66058e-05 5.46359e-06 9.30703e-07 1.29973e-07 1.36567e-08 7.7821e-10 0 
0 0.000192736 0.000658329 0.00116667 0.0018411 0.00266533 0.00359096 0.00456616 0.00553984 0.00650279 0.00746439 0.00813732 0.00848803 0.00864914 0.00867234 0.00856863 0.00832 0.00786559 0.00713624 0.00632056 0.00556007 0.00482094 0.00410903 0.00344544 0.00284759 0.00232702 0.00189079 0.00154434 0.00129309 0.00112647 0.000972751 0.000716453 0.000382319 0.000140174 3.72974e-05 7.77956e-06 1.32958e-06 1.85181e-07 1.93539e-08 1.09585e-09 0 
0 0.000209046 0.00068676 0.00123832 0.00197919 0.00288083 0.00389249 0.00495898 0.00604809 0.00720477 0.00813732 0.00863939 0.00891102 0.00904019 0.00905833 0.00897291 0.00877365 0.00842512 0.00783905 0.00695275 0.00605127 0.00522979 0.00445099 0.00372565 0.00307161 0.0025011 0.00202102 0.00163563 0.00134977 0.0011598 0.00101064 0.000780357 0.000445625 0.00017304 4.76392e-05 1.00895e-05 1.7321e-06 2.41042e-07 2.51104e-08 1.41575e-09 0 
0 0.000219677 0.000706097 0.00128979 0.00207718 0.00303338 0.00410581 0.00523958 0.00645052 0.00769748 0.00848803 0.00891102 0.00914845 0.00926308 0.00927864 0.00920115 0.00902324 0.00871946 0.0082266 0.00741911 0.00641895 0.00551729 0.00468913 0.00392049 0.00322719 0.00262188 0.00211141 0.0016993 0.00138949 0.00118133 0.00103089 0.000818242 0.000489178 0.000198126 5.60106e-05 1.20136e-05 2.07155e-06 2.88367e-07 2.9992e-08 1.68686e-09 0 
0 0.000225139 0.000716211 0.00131788 0.00213059 0.00311656 0.00422216 0.00539578 0.00669338 0.00793546 0.00864914 0.00904019 0.00926308 0.00937117 0.00938521 0.00931064 0.0091412 0.00885519 0.00839967 0.00765381 0.00662893 0.00567068 0.00481355 0.0040217 0.00330755 0.00268381 0.0021573 0.00173113 0.00140861 0.00119021 0.0010379 0.000835136 0.00051214 0.000212658 6.11196e-05 1.32202e-05 2.28742e-06 3.18696e-07 3.31356e-08 1.86204e-09 0 
0 0.000225866 0.000717081 0.00132159 0.00213827 0.0031288 0.00423937 0.0054194 0.00673294 0.00797076 0.00867234 0.00905833 0.00927864 0.00938521 0.00939834 0.00932336 0.00915416 0.00886955 0.00841806 0.00768048 0.00665207 0.00568317 0.00482188 0.00402735 0.00331097 0.00268535 0.00215723 0.00172958 0.00140549 0.00118561 0.0010335 0.00083436 0.000515199 0.000215517 6.22825e-05 1.35169e-05 2.34324e-06 3.26842e-07 3.40073e-08 1.91204e-09 0 
0 0.000222181 0.000709164 0.0013019 0.00210213 0.00307309 0.00416162 0.00531425 0.00656998 0.00782109 0.00856863 0.00897291 0.00920115 0.00931064 0.00932336 0.00924494 0.00906859 0.00877088 0.00829432 0.00751358 0.00649067 0.0055597 0.00471912 0.00394143 0.00324046 0.00262866 0.00211261 0.00169538 0.00138026 0.00116736 0.00101801 0.000817238 0.000499504 0.000207028 5.95195e-05 1.28959e-05 2.23641e-06 3.12353e-07 3.25559e-08 1.83388e-09 0 
0 0.000214306 0.000693414 0.00126152 0.00202681 0.00295644 0.00399866 0.00509788 0.00624508 0.00746322 0.00832 0.00877365 0.00902324 0.0091412 0.00915416 0.00906859 0.00887586 0.00854639 0.00800647 0.0071442 0.00617791 0.00531763 0.00451672 0.00377298 0.00310304 0.00251894 0.00202714 0.00163099 0.00133429 0.00113565 0.000990518 0.000783307 0.000466403 0.000188736 5.34915e-05 1.15237e-05 1.99704e-06 2.79409e-07 2.92054e-08 1.65061e-09 0 
0 0.000202394 0.000671041 0.00120455 0.00191904 0.00278897 0.00376449 0.00479141 0.00582594 0.00689696 0.00786559 0.00842512 0.00871946 0.00885519 0.00886955 0.00877088 0.00854639 0.00815298 0.00749324 0.00660506 0.00576349 0.00497904 0.00423083 0.00353492 0.00290868 0.00236358 0.00190599 0.00153982 0.00126939 0.00109012 0.000948371 0.000730798 0.000417854 0.000163226 4.53254e-05 9.68686e-06 1.67738e-06 2.35325e-07 2.47039e-08 1.40316e-09 0 
0 0.000186603 0.000643106 0.0011361 0.00178707 0.00258287 0.00347593 0.00441565 0.00535025 0.00625119 0.00713624 0.00783905 0.0082266 0.00839967 0.00841806 0.00829432 0.00800647 0.00749324 0.00675909 0.00600379 0.00527926 0.00456652 0.0038805 0.00324251 0.00266909 0.00217106 0.00175485 0.00142518 0.00118642 0.00102817 0.000886403 0.000657701 0.000357242 0.000133916 3.63685e-05 7.71398e-06 1.33658e-06 1.88366e-07 1.98987e-08 1.13812e-09 0 
0 0.000167198 0.000609974 0.00106183 0.00164 0.00235143 0.00315114 0.00399281 0.00482793 0.00561139 0.00632056 0.00695275 0.00741911 0.00765381 0.00768048 0.00751358 0.0071442 0.00660506 0.00600379 0.00538342 0.00474406 0.00410366 0.00348611 0.00291196 0.00239644 0.00194981 0.00157879 0.00128891 0.00108311 0.000942784 0.000797063 0.000564006 0.000290189 0.000104667 2.79185e-05 5.90011e-06 1.02627e-06 1.45693e-07 1.55245e-08 8.95971e-10 0 
0 0.000144699 0.000570812 0.000987203 0.00148734 0.00210797 0.00280824 0.00354584 0.00427765 0.00496125 0.00556007 0.00605127 0.00641895 0.00662893 0.00665207 0.00649067 0.00617791 0.00576349 0.00527926 0.00474406 0.00418078 0.00361446 0.00306776 0.0025591 0.00210235 0.00170731 0.00138109 0.00112929 0.000951308 0.000821544 0.00067381 0.000455168 0.000224636 7.91587e-05 2.09859e-05 4.45284e-06 7.81204e-07 1.12038e-07 1.20635e-08 7.03262e-10 0 
0 0.00012002 0.000523407 0.000916256 0.00133857 0.00186526 0.00246417 0.00309628 0.00372378 0.00430985 0.00482094 0.00522979 0.00551729 0.00567068 0.00568317 0.0055597 0.00531763 0.00497904 0.00456652 0.00410366 0.00361446 0.00312138 0.00264403 0.00219845 0.00179714 0.00144948 0.00116245 0.000939991 0.000778107 0.000654076 0.000520671 0.000344681 0.000169346 6.01277e-05 1.61424e-05 3.47006e-06 6.16028e-07 8.92673e-08 9.69827e-09 5.69764e-10 0 
0 9.45356e-05 0.000464823 0.000849542 0.00120267 0.00163512 0.00213389 0.00266294 0.00318894 0.00368046 0.00410903 0.00445099 0.00468913 0.00481355 0.00482188 0.00471912 0.00451672 0.00423083 0.0038805 0.00348611 0.00306776 0.00264403 0.00223116 0.00184276 0.00149007 0.00118252 0.000927017 0.000725527 0.000573949 0.0004616 0.000364066 0.000250348 0.000130405 4.86493e-05 1.34732e-05 2.94461e-06 5.26965e-07 7.66388e-08 8.3375e-09 4.89853e-10 0 
0 6.9984e-05 0.000393234 0.000781748 0.00108644 0.00142853 0.00183025 0.00226129 0.00269155 0.0030942 0.00344544 0.00372565 0.00392049 0.0040217 0.00402735 0.00394143 0.00377298 0.00353492 0.00324251 0.00291196 0.0025591 0.00219845 0.00184276 0.00150346 0.00119313 0.00092894 0.000727357 0.000582401 0.000462248 0.00034962 0.000257798 0.000184219 0.000107169 4.36603e-05 1.25982e-05 2.78081e-06 4.95497e-07 7.13844e-08 7.68303e-09 4.46629e-10 0 
0 4.81627e-05 0.00031053 0.000701016 0.000990312 0.00125531 0.00156446 0.00190356 0.00224554 0.00256685 0.00284759 0.00307161 0.00322719 0.00330755 0.00331097 0.00324046 0.00310304 0.00290868 0.00266909 0.00239644 0.00210235 0.00179714 0.00149007 0.00119313 0.000935474 0.000779166 0.000770816 0.000833872 0.000792835 0.000582538 0.000331589 0.000173008 9.5624e-05 4.23318e-05 1.275e-05 2.81361e-06 4.92608e-07 6.94618e-08 7.323e-09 4.17789e-10 0 
0 3.04837e-05 0.000223974 0.000593704 0.000901714 0.00112047 0.00134672 0.00159994 0.00186113 0.00210923 0.00232702 0.0025011 0.00262188 0.00268381 0.00268535 0.00262866 0.00251894 0.00236358 0.00217106 0.00194981 0.00170731 0.00144948 0.00118252 0.00092894 0.000779166 0.000915108 0.00144265 0.00220515 0.00260984 0.00164062 0.000834221 0.000309063 0.000108004 4.27148e-05 1.3035e-05 2.84372e-06 4.85199e-07 6.6599e-08 6.85266e-09 3.82762e-10 0 
0 1.75759e-05 0.000144624 0.000456258 0.000792549 0.00101395 0.00118317 0.00135977 0.00154677 0.00172883 0.00189079 0.00202102 0.00211141 0.0021573 0.00215723 0.00211261 0.00202714 0.00190599 0.00175485 0.00157879 0.00138109 0.00116245 0.000927017 0.000727357 0.000770816 0.00144265 0.00317356 0.00562685 0.00589896 0.00461702 0.00192658 0.000651688 0.000166096 4.59972e-05 1.28406e-05 2.70357e-06 4.46894e-07 5.97347e-08 6.01292e-09 3.2972e-10 0 
0 9.16323e-06 8.23542e-05 0.000305875 0.000634632 0.000898703 0.00106184 0.00118708 0.00131023 0.00143259 0.00154434 0.00163563 0.0016993 0.00173113 0.00172958 0.00169538 0.00163099 0.00153982 0.00142518 0.00128891 0.00112929 0.000939991 0.000725527 0.000582401 0.000833872 0.00220515 0.00562685 0.00641669 0.00651631 0.00611812 0.00390295 0.00104457 0.000241496 5.06612e-05 1.18262e-05 2.32113e-06 3.69641e-07 4.83186e-08 4.7888e-09 2.59408e-10 0 
0 4.29996e-06 4.10282e-05 0.000173915 0.000434025 0.000724099 0.000932923 0.00105941 0.0011481 0.00122452 0.00129309 0.00134977 0.00138949 0.00140861 0.00140549 0.00138026 0.00133429 0.00126939 0.00118642 0.00108311 0.000951308 0.000778107 0.000573949 0.000462248 0.000792835 0.00260984 0.00589896 0.00651631 0.00659898 0.00628155 0.00463373 0.00115264 0.00025913 4.83944e-05 9.65725e-06 1.73981e-06 2.67124e-07 3.44249e-08 3.39004e-09 1.82923e-10 0 
0 1.81297e-06 1.78712e-05 8.29873e-05 0.000241944 0.000484936 0.000728023 0.000904182 0.00101258 0.00108004 0.00112647 0.0011598 0.00118133 0.00119021 0.00118561 0.00116736 0.00113565 0.00109012 0.00102817 0.000942784 0.000821544 0.000654076 0.0004616 0.00034962 0.000582538 0.00164062 0.00461702 0.00611812 0.00628155 0.00579999 0.00282336 0.000852281 0.000192108 3.54252e-05 6.52286e-06 1.10165e-06 1.65479e-07 2.12971e-08 2.10677e-09 1.14295e-10 0 
0 6.87079e-07 6.83883e-06 3.34278e-05 0.000108459 0.000253931 0.000452041 0.000649654 0.000804582 0.000908499 0.000972751 0.00101064 0.00103089 0.0010379 0.0010335 0.00101801 0.000990518 0.000948371 0.000886403 0.000797063 0.00067381 0.000520671 0.000364066 0.000257798 0.000331589 0.000834221 0.00192658 0.00390295 0.00463373 0.00282336 0.00127951 0.000423444 9.83003e-05 1.91556e-05 3.47548e-06 5.75747e-07 8.6957e-08 1.1361e-08 1.14205e-09 6.28788e-11 0 
0 2.34406e-07 2.31599e-06 1.15415e-05 3.97147e-05 0.000103066 0.000210377 0.000350332 0.000495746 0.000621613 0.000716453 0.000780357 0.000818242 0.000835136 0.00083436 0.000817238 0.000783307 0.000730798 0.000657701 0.000564006 0.000455168 0.000344681 0.000250348 0.000184219 0.000173008 0.000309063 0.000651688 0.00104457 0.00115264 0.000852281 0.000423444 0.000143609 3.62933e-05 7.73445e-06 1.44848e-06 2.47591e-07 3.87349e-08 5.21957e-09 5.38853e-10 3.03673e-11 0 
0 7.20899e-08 6.98909e-07 3.47341e-06 1.22195e-05 3.34355e-05 7.41896e-05 0.000137289 0.000217549 0.000303373 0.000382319 0.000445625 0.000489178 0.00051214 0.000515199 0.000499504 0.000466403 0.000417854 0.000357242 0.000290189 0.000224636 0.000169346 0.000130405 0.000107169 9.5624e-05 0.000108004 0.000166096 0.000241496 0.00025913 0.000192108 9.83003e-05 3.62933e-05 1.03652e-05 2.4109e-06 4.85283e-07 8.90408e-08 1.47295e-08 2.07043e-09 2.21355e-10 1.28598e-11 0 
0 1.99833e-08 1.88767e-07 9.22927e-07 3.24234e-06 9.02973e-06 2.08178e-05 4.0772e-05 6.92304e-05 0.000103859 0.000140174 0.00017304 0.000198126 0.000212658 0.000215517 0.000207028 0.000188736 0.000163226 0.000133916 0.000104667 7.91587e-05 6.01277e-05 4.86493e-05 4.36603e-05 4.23318e-05 4.27148e-05 4.59972e-05 5.06612e-05 4.83944e-05 3.54252e-05 1.91556e-05 7.73445e-06 2.4109e-06 6.14742e-07 1.36911e-07 2.73886e-08 4.82416e-09 7.11495e-10 7.92288e-11 4.77069e-12 0 
0 4.97663e-09 4.56301e-08 2.17835e-07 7.54084e-07 2.09337e-06 4.87239e-06 9.75222e-06 1.70884e-05 2.66058e-05 3.72974e-05 4.76392e-05 5.60106e-05 6.11196e-05 6.22825e-05 5.95195e-05 5.34915e-05 4.53254e-05 3.63685e-05 2.79185e-05 2.09859e-05 1.61424e-05 1.34732e-05 1.25982e-05 1.275e-05 1.3035e-05 1.28406e-05 1.18262e-05 9.65725e-06 6.52286e-06 3.47548e-06 1.44848e-06 4.85283e-07 1.36911e-07 3.37307e-08 7.30854e-09 1.36776e-09 2.12092e-10 2.46834e-11 1.54613e-12 0 
0 1.10362e-09 9.80602e-09 4.55437e-08 1.54302e-07 4.22343e-07 9.7709e-07 1.95926e-06 3.46268e-06 5.46359e-06 7.77956e-06 1.00895e-05 1.20136e-05 1.32202e-05 1.35169e-05 1.28959e-05 1.15237e-05 9.68686e-06 7.71398e-06 5.90011e-06 4.45284e-06 3.47006e-06 2.94461e-06 2.78081e-06 2.81361e-06 2.84372e-06 2.70357e-06 2.32113e-06 1.73981e-06 1.10165e-06 5.75747e-07 2.47591e-07 8.90408e-08 2.73886e-08 7.30854e-09 1.692e-09 3.3497e-10 5.46178e-11 6.65381e-12 4.3447e-13 0 
0 2.13718e-10 1.83991e-09 8.30333e-09 2.74519e-08 7.37061e-08 1.68212e-07 3.34579e-07 5.89439e-07 9.30703e-07 1.32958e-06 1.7321e-06 2.07155e-06 2.28742e-06 2.34324e-06 2.23641e-06 1.99704e-06 1.67738e-06 1.33658e-06 1.02627e-06 7.81204e-07 6.16028e-07 5.26965e-07 4.95497e-07 4.92608e-07 4.85199e-07 4.46894e-07 3.69641e-07 2.67124e-07 1.65479e-07 8.6957e-08 3.87349e-08 1.47295e-08 4.82416e-09 1.36776e-09 3.3497e-10 6.98905e-11 1.1971e-11 1.52678e-12 1.04004e-13 0 
0 3.46487e-11 2.89234e-10 1.26855e-09 4.08955e-09 1.07497e-08 2.41224e-08 4.73801e-08 8.27524e-08 1.29973e-07 1.85181e-07 2.41042e-07 2.88367e-07 3.18696e-07 3.26842e-07 3.12353e-07 2.79409e-07 2.35325e-07 1.88366e-07 1.45693e-07 1.12038e-07 8.92673e-08 7.66388e-08 7.13844e-08 6.94618e-08 6.6599e-08 5.97347e-08 4.83186e-08 3.44249e-08 2.12971e-08 1.1361e-08 5.21957e-09 2.07043e-09 7.11495e-10 2.12092e-10 5.46178e-11 1.1971e-11 2.1499e-12 2.86791e-13 2.03753e-14 0 
0 4.24777e-12 3.44267e-11 1.46891e-10 4.61972e-10 1.18858e-09 2.61994e-09 5.07293e-09 8.76401e-09 1.36567e-08 1.93539e-08 2.51104e-08 2.9992e-08 3.31356e-08 3.40073e-08 3.25559e-08 2.92054e-08 2.47039e-08 1.98987e-08 1.55245e-08 1.20635e-08 9.69827e-09 8.3375e-09 7.68303e-09 7.323e-09 6.85266e-09 6.01292e-09 4.7888e-09 3.39004e-09 2.10677e-09 1.14205e-09 5.38853e-10 2.21355e-10 7.92288e-11 2.46834e-11 6.65381e-12 1.52678e-12 2.86791e-13 3.9946e-14 2.95694e-15 0 
0 2.81509e-13 2.21875e-12 9.22329e-12 2.83302e-11 7.1392e-11 1.54609e-10 2.95036e-10 5.03835e-10 7.7821e-10 1.09585e-09 1.41575e-09 1.68686e-09 1.86204e-09 1.91204e-09 1.83388e-09 1.65061e-09 1.40316e-09 1.13812e-09 8.95971e-10 7.03262e-10 5.69764e-10 4.89853e-10 4.46629e-10 4.17789e-10 3.82762e-10 3.2972e-10 2.59408e-10 1.82923e-10 1.14295e-10 6.28788e-11 3.03673e-11 1.28598e-11 4.77069e-12 1.54613e-12 4.3447e-13 1.04004e-13 2.03753e-14 2.95694e-15 2.2771e-16 0 
0 0 0 0 0 0 0 0 0 0 0 0 0 0 0 0 0 0 0 0 0 0 0 0 0 0 0 0 0 0 0 0 0 0 0 0 0 0 0 0 0 
