0 0 0 0 0 0 0 0 0 0 0 0 0 0 0 0 0 0 0 0 0 0 0 0 0 0 0 0 0 0 0 0 0 0 0 0 0 0 0 0 0 
0 1.55488e-10 1.4814e-09 7.46026e-09 2.77366e-08 8.42523e-08 2.18264e-07 4.92731e-07 9.81175e-07 1.73669e-06 2.74721e-06 3.90042e-06 4.98843e-06 5.76577e-06 6.0401e-06 5.74948e-06 4.98393e-06 3.94198e-06 2.84983e-06 1.88635e-06 1.1452e-06 6.38881e-07 3.28201e-07 1.55608e-07 6.82574e-08 2.77706e-08 1.05054e-08 3.70374e-09 1.21938e-09 3.75462e-10 1.08213e-10 2.91878e-11 7.35581e-12 1.72564e-12 3.74203e-13 7.40675e-14 1.30772e-14 1.96823e-15 2.27453e-16 1.4393e-17 0 
0 1.4814e-09 1.46487e-08 7.65665e-08 2.95158e-07 9.27766e-07 2.48009e-06 5.75695e-06 1.17403e-05 2.11906e-05 3.40348e-05 4.88621e-05 6.29561e-05 7.30669e-05 7.66386e-05 7.28513e-05 6.29063e-05 4.94353e-05 3.54137e-05 2.31619e-05 1.3854e-05 7.59313e-06 3.82198e-06 1.77131e-06 7.5798e-07 3.00363e-07 1.10542e-07 3.78868e-08 1.21221e-08 3.62752e-09 1.01643e-09 2.66694e-10 6.54355e-11 1.49601e-11 3.16504e-12 6.11947e-13 1.05674e-13 1.55768e-14 1.76536e-15 1.09709e-16 0 
0 7.46026e-09 7.65665e-08 4.15415e-07 1.66043e-06 5.39958e-06 1.48846e-05 3.54846e-05 7.39737e-05 0.000135816 0.000220836 0.000319616 0.000413753 0.000481288 0.000505092 0.000479766 0.000413408 0.000323655 0.000230467 0.000149417 8.83114e-05 4.767e-05 2.35568e-05 1.06877e-05 4.46648e-06 1.72525e-06 6.18076e-07 2.06036e-07 6.40916e-08 1.86471e-08 5.08181e-09 1.29772e-09 3.10168e-10 6.91516e-11 1.42843e-11 2.70011e-12 4.56492e-13 6.59737e-14 7.34201e-15 4.48741e-16 0 
0 2.77366e-08 2.95158e-07 1.66043e-06 6.8721e-06 2.30772e-05 6.54324e-05 0.000159633 0.000338562 0.000628541 0.00102765 0.00148913 0.00192531 0.00223546 0.00234375 0.00222742 0.00192273 0.00150827 0.00107481 0.000695502 0.000408771 0.00021849 0.000106461 4.74447e-05 1.94142e-05 7.32479e-06 2.55867e-06 8.30738e-07 2.51557e-07 7.12411e-08 1.89044e-08 4.7037e-09 1.0964e-09 2.38658e-10 4.81942e-11 8.91847e-12 1.47834e-12 2.09817e-13 2.29693e-14 1.38348e-15 0 
0 8.42523e-08 9.27766e-07 5.39958e-06 2.30772e-05 7.97457e-05 0.000231456 0.000574047 0.00122765 0.00227905 0.00369975 0.00530017 0.00677034 0.00778934 0.00813663 0.00775417 0.00675066 0.00536023 0.00386918 0.00253024 0.0014958 0.000799348 0.000386981 0.000170387 6.85679e-05 2.53541e-05 8.65907e-06 2.74451e-06 8.10644e-07 2.23882e-07 5.79499e-08 1.40733e-08 3.20469e-09 6.82269e-10 1.34934e-10 2.44917e-11 3.98859e-12 5.5716e-13 6.01486e-14 3.58019e-15 0 
0 2.18264e-07 2.48009e-06 1.48846e-05 6.54324e-05 0.000231456 0.000682621 0.00170317 0.00362085 0.00660366 0.0104386 0.014511 0.0180381 0.0203634 0.0211176 0.0202374 0.0179261 0.0146091 0.0108685 0.00731795 0.00442932 0.00240273 0.00116962 0.000513334 0.00020448 7.44589e-05 2.4956e-05 7.74574e-06 2.23774e-06 6.04212e-07 1.52919e-07 3.63313e-08 8.10104e-09 1.6908e-09 3.28291e-10 5.8596e-11 9.40122e-12 1.29646e-12 1.38492e-13 8.178e-15 0 
0 4.92731e-07 5.75695e-06 3.54846e-05 0.000159633 0.000574047 0.00170317 0.00421361 0.00873457 0.0152989 0.0230204 0.0304664 0.0363636 0.0399755 0.0410508 0.0396343 0.0359542 0.0304268 0.0237261 0.0167917 0.0106359 0.0059758 0.00297353 0.00131699 0.000523861 0.000189044 6.24774e-05 1.90628e-05 5.40488e-06 1.43123e-06 3.55235e-07 8.2811e-08 1.81341e-08 3.72171e-09 7.11683e-10 1.25339e-10 1.98857e-11 2.71863e-12 2.88736e-13 1.70072e-14 0 
0 9.81175e-07 1.17403e-05 7.39737e-05 0.000338562 0.00122765 0.00362085 0.00873457 0.017293 0.0284905 0.0401591 0.0501586 0.0573312 0.0613923 0.0624546 0.0607173 0.0563635 0.0495945 0.0407856 0.0307287 0.0207434 0.0123201 0.00638498 0.0028965 0.00116298 0.000419099 0.000137351 4.13846e-05 1.15613e-05 3.0135e-06 7.36157e-07 1.68988e-07 3.64765e-08 7.38992e-09 1.39757e-09 2.43983e-10 3.84762e-11 5.24538e-12 5.5759e-13 3.30088e-14 0 
0 1.73669e-06 2.11906e-05 0.000135816 0.000628541 0.00227905 0.00660366 0.0152989 0.0284905 0.0437246 0.0577018 0.0684832 0.0756667 0.0795121 0.0803633 0.0784828 0.0740346 0.0670917 0.0577043 0.0461503 0.0333841 0.0212288 0.0116417 0.00548897 0.00225017 0.000816543 0.000267021 7.98509e-05 2.20777e-05 5.68868e-06 1.37357e-06 3.11861e-07 6.66652e-08 1.34001e-08 2.52046e-09 4.38944e-10 6.93043e-11 9.49919e-12 1.01999e-12 6.12921e-14 0 
0 2.74721e-06 3.40348e-05 0.000220836 0.00102765 0.00369975 0.0104386 0.0230204 0.0401591 0.0577018 0.0722329 0.0827542 0.0895623 0.0931281 0.0937935 0.0918036 0.0873465 0.0805291 0.07133 0.0596703 0.0458376 0.0312023 0.0182396 0.00903216 0.00381784 0.00140616 0.000461713 0.000137765 3.78847e-05 9.69738e-06 2.32633e-06 5.25307e-07 1.1189e-07 2.24685e-08 4.23627e-09 7.42579e-10 1.18576e-10 1.65229e-11 1.81317e-12 1.11875e-13 0 
0 3.90042e-06 4.88621e-05 0.000319616 0.00148913 0.00530017 0.014511 0.0304664 0.0501586 0.0684832 0.0827542 0.0928807 0.099453 0.102894 0.103455 0.101349 0.0967982 0.089997 0.0810138 0.0697106 0.0559356 0.0403066 0.0250375 0.0130639 0.00572756 0.00215434 0.00071434 0.000213829 5.88072e-05 1.50419e-05 3.60837e-06 8.16336e-07 1.74715e-07 3.53908e-08 6.76305e-09 1.2081e-09 1.97712e-10 2.83874e-11 3.22341e-12 2.06287e-13 0 
0 4.98843e-06 6.29561e-05 0.000413753 0.00192531 0.00677034 0.0180381 0.0363636 0.0573312 0.0756667 0.0895623 0.099453 0.105952 0.10937 0.109879 0.10767 0.102992 0.0961121 0.0872078 0.0762247 0.0628732 0.0472096 0.0308229 0.016873 0.00767911 0.0029601 0.000995921 0.000300752 8.32538e-05 2.1438e-05 5.18753e-06 1.18786e-06 2.58515e-07 5.35475e-08 1.05283e-08 1.94672e-09 3.31423e-10 4.96525e-11 5.8852e-12 3.92176e-13 0 
0 5.76577e-06 7.30669e-05 0.000481288 0.00223546 0.00778934 0.0203634 0.0399755 0.0613923 0.0795121 0.0931281 0.102894 0.10937 0.112783 0.113262 0.110986 0.10622 0.099273 0.0904001 0.0796414 0.0667228 0.0514266 0.0347906 0.0197896 0.00931389 0.00368275 0.00126235 0.000387005 0.000108717 2.84708e-05 7.03548e-06 1.65457e-06 3.72304e-07 8.02849e-08 1.65325e-08 3.21406e-09 5.75804e-10 9.05455e-11 1.12023e-11 7.73275e-13 0 
0 6.0401e-06 7.66386e-05 0.000505092 0.00234375 0.00813663 0.0211176 0.0410508 0.0624546 0.0803633 0.0937935 0.103455 0.109879 0.113262 0.113717 0.111421 0.106644 0.099714 0.0909212 0.0803655 0.0678244 0.0530047 0.0366328 0.0213966 0.0103472 0.00419478 0.0014714 0.000461734 0.000133158 3.59895e-05 9.2445e-06 2.27809e-06 5.41174e-07 1.23864e-07 2.71199e-08 5.59199e-09 1.05583e-09 1.73406e-10 2.21777e-11 1.56648e-12 0 
0 5.74948e-06 7.28513e-05 0.000479766 0.00222742 0.00775417 0.0202374 0.0396343 0.0607173 0.0784828 0.0918036 0.101349 0.10767 0.110986 0.111421 0.109154 0.104456 0.0976497 0.089029 0.0787113 0.0665182 0.0521957 0.0363962 0.0215807 0.0106553 0.0044309 0.00160145 0.000520809 0.000156854 4.46884e-05 1.22174e-05 3.22961e-06 8.26149e-07 2.03293e-07 4.7526e-08 1.0352e-08 2.03901e-09 3.44983e-10 4.4938e-11 3.20192e-12 0 
0 4.98393e-06 6.29063e-05 0.000413408 0.00192273 0.00675066 0.0179261 0.0359542 0.0563635 0.0740346 0.0873465 0.0967982 0.102992 0.10622 0.106644 0.104456 0.0999168 0.0933334 0.0849725 0.0749385 0.0630912 0.0493023 0.0343331 0.0204846 0.0102922 0.00440963 0.00166259 0.000571251 0.000184151 5.68255e-05 1.69598e-05 4.90071e-06 1.36205e-06 3.59787e-07 8.89236e-08 2.0157e-08 4.07267e-09 6.98286e-10 9.12873e-11 6.47948e-12 0 
0 3.94198e-06 4.94353e-05 0.000323655 0.00150827 0.00536023 0.0146091 0.0304268 0.0495945 0.0670917 0.0805291 0.089997 0.0961121 0.099273 0.099714 0.0976497 0.0933334 0.0870388 0.0789898 0.0692657 0.0577902 0.044652 0.0308274 0.018434 0.00945244 0.00422245 0.00169571 0.000632844 0.000225051 7.72347e-05 2.55896e-05 8.11609e-06 2.43266e-06 6.7946e-07 1.7428e-07 4.0349e-08 8.22072e-09 1.40752e-09 1.82433e-10 1.27731e-11 0 
0 2.84983e-06 3.54137e-05 0.000230467 0.00107481 0.00386918 0.0108685 0.0237261 0.0407856 0.0577043 0.07133 0.0810138 0.0872078 0.0904001 0.0909212 0.089029 0.0849725 0.0789898 0.0712606 0.0618644 0.0508608 0.0386386 0.0263744 0.0158611 0.00840277 0.00400051 0.00176313 0.000738217 0.000297487 0.00011519 4.23567e-05 1.45688e-05 4.62237e-06 1.33727e-06 3.4903e-07 8.11117e-08 1.64228e-08 2.77462e-09 3.53176e-10 2.42101e-11 0 
0 1.88635e-06 2.31619e-05 0.000149417 0.000695502 0.00253024 0.00731795 0.0167917 0.0307287 0.0461503 0.0596703 0.0697106 0.0762247 0.0796414 0.0803655 0.0787113 0.0749385 0.0692657 0.0618644 0.0528902 0.0426335 0.0317873 0.0215547 0.0132167 0.00740472 0.00387574 0.00193752 0.000934415 0.000432076 0.000188262 7.57672e-05 2.77107e-05 9.11216e-06 2.67659e-06 6.98486e-07 1.60543e-07 3.19153e-08 5.26987e-09 6.53846e-10 4.36327e-11 0 
0 1.1452e-06 1.3854e-05 8.83114e-05 0.000408771 0.0014958 0.00442932 0.0106359 0.0207434 0.0333841 0.0458376 0.0559356 0.0628732 0.0667228 0.0678244 0.0665182 0.0630912 0.0577902 0.0508608 0.0426335 0.0336577 0.0247757 0.0169516 0.0108691 0.0066485 0.00395046 0.00229448 0.00128779 0.000681139 0.000329845 0.000142792 5.44668e-05 1.82074e-05 5.33415e-06 1.37043e-06 3.07581e-07 5.94298e-08 9.51595e-09 1.14413e-09 7.40114e-11 0 
0 6.38881e-07 7.59313e-06 4.767e-05 0.00021849 0.000799348 0.00240273 0.0059758 0.0123201 0.0212288 0.0312023 0.0403066 0.0472096 0.0514266 0.0530047 0.0521957 0.0493023 0.044652 0.0386386 0.0317873 0.0247757 0.0183326 0.0130155 0.00902546 0.0062184 0.00427967 0.00290432 0.00188767 0.00113152 0.000602554 0.000277026 0.000108463 3.61993e-05 1.03939e-05 2.59027e-06 5.61183e-07 1.04487e-07 1.61241e-08 1.87062e-09 1.16973e-10 0 
0 3.28201e-07 3.82198e-06 2.35568e-05 0.000106461 0.000386981 0.00116962 0.00297353 0.00638498 0.0116417 0.0182396 0.0250375 0.0308229 0.0347906 0.0366328 0.0363962 0.0343331 0.0308274 0.0263744 0.0215547 0.0169516 0.0130155 0.00995122 0.00771163 0.00609361 0.00485862 0.00381453 0.00284829 0.00193466 0.00113669 0.000553752 0.000219512 7.14614e-05 1.96105e-05 4.64682e-06 9.5933e-07 1.70817e-07 2.52918e-08 2.82419e-09 1.70509e-10 0 
0 1.55608e-07 1.77131e-06 1.06877e-05 4.74447e-05 0.000170387 0.000513334 0.00131699 0.0028965 0.00548897 0.00903216 0.0130639 0.016873 0.0197896 0.0213966 0.0215807 0.0204846 0.018434 0.0158611 0.0132167 0.0108691 0.00902546 0.00771163 0.00681818 0.00617817 0.00564693 0.00513331 0.00451123 0.00358607 0.00237002 0.00122307 0.000480783 0.000146568 3.65501e-05 7.89629e-06 1.51665e-06 2.55711e-07 3.62124e-08 3.8899e-09 2.26889e-10 0 
0 6.82574e-08 7.5798e-07 4.46648e-06 1.94142e-05 6.85679e-05 0.00020448 0.000523861 0.00116298 0.00225017 0.00381784 0.00572756 0.00767911 0.00931389 0.0103472 0.0106553 0.0102922 0.00945244 0.00840277 0.00740472 0.0066485 0.0062184 0.00609361 0.00617817 0.00639179 0.00686831 0.00789791 0.00899862 0.00863337 0.00623848 0.00325905 0.00122271 0.000334951 7.12599e-05 1.30379e-05 2.21265e-06 3.45986e-07 4.66722e-08 4.82897e-09 2.72813e-10 0 
0 2.77706e-08 3.00363e-07 1.72525e-06 7.32479e-06 2.53541e-05 7.44589e-05 0.000189044 0.000419099 0.000816543 0.00140616 0.00215434 0.0029601 0.00368275 0.00419478 0.0044309 0.00440963 0.00422245 0.00400051 0.00387574 0.00395046 0.00427967 0.00485862 0.00564693 0.00686831 0.0097957 0.0160334 0.0232109 0.0247439 0.0182707 0.00925043 0.00324788 0.000803504 0.00014554 2.15082e-05 3.00914e-06 4.1965e-07 5.34646e-08 5.34102e-09 2.9357e-10 0 
0 1.05054e-08 1.10542e-07 6.18076e-07 2.55867e-06 8.65907e-06 2.4956e-05 6.24774e-05 0.000137351 0.000267021 0.000461713 0.00071434 0.000995921 0.00126235 0.0014714 0.00160145 0.00166259 0.00169571 0.00176313 0.00193752 0.00229448 0.00290432 0.00381453 0.00513331 0.00789791 0.0160334 0.033401 0.0531025 0.0583234 0.0431887 0.0214722 0.00722644 0.00167419 0.000272788 3.37865e-05 3.79957e-06 4.53203e-07 5.38342e-08 5.20883e-09 2.80284e-10 0 
0 3.70374e-09 3.78868e-08 2.06036e-07 8.30738e-07 2.74451e-06 7.74574e-06 1.90628e-05 4.13846e-05 7.98509e-05 0.000137765 0.000213829 0.000300752 0.000387005 0.000461734 0.000520809 0.000571251 0.000632844 0.000738217 0.000934415 0.00128779 0.00188767 0.00284829 0.00451123 0.00899862 0.0232109 0.0531025 0.0867344 0.0960095 0.0711443 0.035177 0.0116416 0.00260956 0.00040192 4.47348e-05 4.22812e-06 4.28374e-07 4.71288e-08 4.44007e-09 2.35726e-10 0 
0 1.21938e-09 1.21221e-08 6.40916e-08 2.51557e-07 8.10644e-07 2.23774e-06 5.40488e-06 1.15613e-05 2.20777e-05 3.78847e-05 5.88072e-05 8.32538e-05 0.000108717 0.000133158 0.000156854 0.000184151 0.000225051 0.000297487 0.000432076 0.000681139 0.00113152 0.00193466 0.00358607 0.00863337 0.0247439 0.0583234 0.0960095 0.106513 0.0789434 0.0389725 0.0128277 0.00283569 0.000424965 4.47882e-05 3.81599e-06 3.42505e-07 3.54285e-08 3.2851e-09 1.73702e-10 0 
0 3.75462e-10 3.62752e-09 1.86471e-08 7.12411e-08 2.23882e-07 6.04212e-07 1.43123e-06 3.0135e-06 5.68868e-06 9.69738e-06 1.50419e-05 2.1438e-05 2.84708e-05 3.59895e-05 4.46884e-05 5.68255e-05 7.72347e-05 0.00011519 0.000188262 0.000329845 0.000602554 0.00113669 0.00237002 0.00623848 0.0182707 0.0431887 0.0711443 0.0789434 0.0585114 0.0288821 0.00949885 0.00209024 0.00030962 3.19217e-05 2.61039e-06 2.23042e-07 2.26012e-08 2.09993e-09 1.11773e-10 0 
0 1.08213e-10 1.01643e-09 5.08181e-09 1.89044e-08 5.79499e-08 1.52919e-07 3.55235e-07 7.36157e-07 1.37357e-06 2.32633e-06 3.60837e-06 5.18753e-06 7.03548e-06 9.2445e-06 1.22174e-05 1.69598e-05 2.55896e-05 4.23567e-05 7.57672e-05 0.000142792 0.000277026 0.000553752 0.00122307 0.00325905 0.00925043 0.0214722 0.035177 0.0389725 0.0288821 0.0142709 0.00470201 0.00103462 0.000153001 1.581e-05 1.31234e-06 1.16019e-07 1.21725e-08 1.15797e-09 6.27209e-11 0 
0 2.91878e-11 2.66694e-10 1.29772e-09 4.7037e-09 1.40733e-08 3.63313e-08 8.2811e-08 1.68988e-07 3.11861e-07 5.25307e-07 8.16336e-07 1.18786e-06 1.65457e-06 2.27809e-06 3.22961e-06 4.90071e-06 8.11609e-06 1.45688e-05 2.77107e-05 5.44668e-05 0.000108463 0.000219512 0.000480783 0.00122271 0.00324788 0.00722644 0.0116416 0.0128277 0.00949885 0.00470201 0.0015535 0.000342849 5.11648e-05 5.44939e-06 4.89373e-07 4.87647e-08 5.56426e-09 5.51746e-10 3.06991e-11 0 
0 7.35581e-12 6.54355e-11 3.10168e-10 1.0964e-09 3.20469e-09 8.10104e-09 1.81341e-08 3.64765e-08 6.66652e-08 1.1189e-07 1.74715e-07 2.58515e-07 3.72304e-07 5.41174e-07 8.26149e-07 1.36205e-06 2.43266e-06 4.62237e-06 9.11216e-06 1.82074e-05 3.61993e-05 7.14614e-05 0.000146568 0.000334951 0.000803504 0.00167419 0.00260956 0.00283569 0.00209024 0.00103462 0.000342849 7.6405e-05 1.17357e-05 1.35047e-06 1.42807e-07 1.72012e-08 2.18527e-09 2.27939e-10 1.31189e-11 0 
0 1.72564e-12 1.49601e-11 6.91516e-11 2.38658e-10 6.82269e-10 1.6908e-09 3.72171e-09 7.38992e-09 1.34001e-08 2.24685e-08 3.53908e-08 5.35475e-08 8.02849e-08 1.23864e-07 2.03293e-07 3.59787e-07 6.7946e-07 1.33727e-06 2.67659e-06 5.33415e-06 1.03939e-05 1.96105e-05 3.65501e-05 7.12599e-05 0.00014554 0.000272788 0.00040192 0.000424965 0.00030962 0.000153001 5.11648e-05 1.17357e-05 1.93889e-06 2.62432e-07 3.57543e-08 5.30379e-09 7.45128e-10 8.18737e-11 4.89677e-12 0 
0 3.74203e-13 3.16504e-12 1.42843e-11 4.81942e-11 1.34934e-10 3.28291e-10 7.11683e-10 1.39757e-09 2.52046e-09 4.23627e-09 6.76305e-09 1.05283e-08 1.65325e-08 2.71199e-08 4.7526e-08 8.89236e-08 1.7428e-07 3.4903e-07 6.98486e-07 1.37043e-06 2.59027e-06 4.64682e-06 7.89629e-06 1.30379e-05 2.15082e-05 3.37865e-05 4.47348e-05 4.47882e-05 3.19217e-05 1.581e-05 5.44939e-06 1.35047e-06 2.62432e-07 4.63818e-08 8.31983e-09 1.45445e-09 2.21245e-10 2.55657e-11 1.59347e-12 0 
0 7.40675e-14 6.11947e-13 2.70011e-12 8.91847e-12 2.44917e-11 5.8596e-11 1.25339e-10 2.43983e-10 4.38944e-10 7.42579e-10 1.2081e-09 1.94672e-09 3.21406e-09 5.59199e-09 1.0352e-08 2.0157e-08 4.0349e-08 8.11117e-08 1.60543e-07 3.07581e-07 5.61183e-07 9.5933e-07 1.51665e-06 2.21265e-06 3.00914e-06 3.79957e-06 4.22812e-06 3.81599e-06 2.61039e-06 1.31234e-06 4.89373e-07 1.42807e-07 3.57543e-08 8.31983e-09 1.8115e-09 3.51343e-10 5.68802e-11 6.90063e-12 4.48921e-13 0 
0 1.30772e-14 1.05674e-13 4.56492e-13 1.47834e-12 3.98859e-12 9.40122e-12 1.98857e-11 3.84762e-11 6.93043e-11 1.18576e-10 1.97712e-10 3.31423e-10 5.75804e-10 1.05583e-09 2.03901e-09 4.07267e-09 8.22072e-09 1.64228e-08 3.19153e-08 5.94298e-08 1.04487e-07 1.70817e-07 2.55711e-07 3.45986e-07 4.1965e-07 4.53203e-07 4.28374e-07 3.42505e-07 2.23042e-07 1.16019e-07 4.87647e-08 1.72012e-08 5.30379e-09 1.45445e-09 3.51343e-10 7.29217e-11 1.24535e-11 1.58416e-12 1.07617e-13 0 
0 1.96823e-15 1.55768e-14 6.59737e-14 2.09817e-13 5.5716e-13 1.29646e-12 2.71863e-12 5.24538e-12 9.49919e-12 1.65229e-11 2.83874e-11 4.96525e-11 9.05455e-11 1.73406e-10 3.44983e-10 6.98286e-10 1.40752e-09 2.77462e-09 5.26987e-09 9.51595e-09 1.61241e-08 2.52918e-08 3.62124e-08 4.66722e-08 5.34646e-08 5.38342e-08 4.71288e-08 3.54285e-08 2.26012e-08 1.21725e-08 5.56426e-09 2.18527e-09 7.45128e-10 2.21245e-10 5.68802e-11 1.24535e-11 2.23375e-12 2.97499e-13 2.10954e-14 0 
0 2.27453e-16 1.76536e-15 7.34201e-15 2.29693e-14 6.01486e-14 1.38492e-13 2.88736e-13 5.5759e-13 1.01999e-12 1.81317e-12 3.22341e-12 5.8852e-12 1.12023e-11 2.21777e-11 4.4938e-11 9.12873e-11 1.82433e-10 3.53176e-10 6.53846e-10 1.14413e-09 1.87062e-09 2.82419e-09 3.8899e-09 4.82897e-09 5.34102e-09 5.20883e-09 4.44007e-09 3.2851e-09 2.09993e-09 1.15797e-09 5.51746e-10 2.27939e-10 8.18737e-11 2.55657e-11 6.90063e-12 1.58416e-12 2.97499e-13 4.14051e-14 3.06121e-15 0 
0 1.4393e-17 1.09709e-16 4.48741e-16 1.38348e-15 3.58019e-15 8.178e-15 1.70072e-14 3.30088e-14 6.12921e-14 1.11875e-13 2.06287e-13 3.92176e-13 7.73275e-13 1.56648e-12 3.20192e-12 6.47948e-12 1.27731e-11 2.42101e-11 4.36327e-11 7.40114e-11 1.16973e-10 1.70509e-10 2.26889e-10 2.72813e-10 2.9357e-10 2.80284e-10 2.35726e-10 1.73702e-10 1.11773e-10 6.27209e-11 3.06991e-11 1.31189e-11 4.89677e-12 1.59347e-12 4.48921e-13 1.07617e-13 2.10954e-14 3.06121e-15 2.35603e-16 0 
0 0 0 0 0 0 0 0 0 0 0 0 0 0 0 0 0 0 0 0 0 0 0 0 0 0 0 0 0 0 0 0 0 0 0 0 0 0 0 0 0 
