0 0 0 0 0 0 0 0 0 0 0 0 0 0 0 0 0 0 0 0 0 0 0 0 0 0 0 0 0 0 0 0 0 0 0 0 0 0 0 0 0 
0 1.70572e-07 1.48164e-06 6.20561e-06 1.73519e-05 3.62788e-05 6.09501e-05 8.71993e-05 0.000111301 0.000131245 0.000146507 0.000157352 0.000164286 0.000167781 0.000168192 0.000165745 0.000160558 0.000152669 0.000142082 0.000128843 0.000113153 9.54984e-05 7.67422e-05 5.81051e-05 4.09851e-05 2.66281e-05 1.57701e-05 8.44222e-06 4.06228e-06 1.75248e-06 6.77749e-07 2.35293e-07 7.34358e-08 2.06069e-08 5.18372e-09 1.15897e-09 2.25918e-10 3.68204e-11 4.53307e-12 3.01429e-13 0 
0 1.48164e-06 1.29311e-05 5.13098e-05 0.000126784 0.000222269 0.00030809 0.000370458 0.000412773 0.00044277 0.000465496 0.0004828 0.000494791 0.000501101 0.000501555 0.000496415 0.000486376 0.000472389 0.000455354 0.000435696 0.000412905 0.000385232 0.000349929 0.000304422 0.000248413 0.000185834 0.000124698 7.37678e-05 3.80831e-05 1.71179e-05 6.72595e-06 2.32712e-06 7.14312e-07 1.95516e-07 4.77546e-08 1.03456e-08 1.95328e-09 3.08537e-10 3.68613e-11 2.38251e-12 0 
0 6.20561e-06 5.13098e-05 0.00017496 0.000342811 0.000475006 0.000558393 0.000622607 0.000685704 0.000749196 0.000808226 0.000857465 0.000892937 0.000912322 0.000914879 0.000901279 0.000873411 0.000834158 0.000787165 0.000736559 0.000686545 0.000640615 0.000600108 0.000562141 0.000518124 0.000455697 0.000366879 0.00025896 0.000154999 7.74637e-05 3.24183e-05 1.15285e-05 3.54637e-06 9.57467e-07 2.28619e-07 4.82027e-08 8.84244e-09 1.35704e-09 1.57665e-10 9.92456e-12 0 
0 1.73519e-05 0.000126784 0.000342811 0.00052883 0.000647784 0.000759549 0.000887509 0.00102399 0.00115638 0.00127426 0.00136983 0.00143765 0.00147462 0.00147993 0.00145492 0.00140279 0.00132821 0.00123687 0.00113512 0.00102956 0.000926937 0.000833956 0.000756476 0.000696833 0.00064852 0.000591578 0.000499166 0.00036331 0.000215712 0.000102184 3.90527e-05 1.23884e-05 3.35642e-06 7.91662e-07 1.63539e-07 2.92851e-08 4.38229e-09 4.96602e-10 3.05223e-11 0 
0 3.62788e-05 0.000222269 0.000475006 0.000647784 0.000810085 0.00100709 0.00122646 0.00144922 0.00165965 0.00184472 0.00199388 0.00209945 0.00215703 0.0021655 0.00212694 0.00204621 0.00193029 0.00178765 0.00162746 0.00145897 0.001291 0.00113178 0.000989168 0.000870812 0.000782481 0.000721076 0.000663193 0.000566102 0.000407205 0.00022906 9.86816e-05 3.34215e-05 9.28657e-06 2.19225e-06 4.47386e-07 7.86507e-08 1.15256e-08 1.27838e-09 7.69495e-11 0 
0 6.09501e-05 0.00030809 0.000558393 0.000759549 0.00100709 0.00130062 0.00161552 0.00193039 0.00222605 0.00248536 0.00269406 0.00284174 0.00292232 0.00293425 0.00288039 0.00276756 0.00260547 0.00240575 0.00218096 0.00194363 0.00170549 0.00147691 0.00126677 0.00108301 0.000933433 0.000824831 0.000754125 0.000690464 0.000575622 0.000387164 0.00019431 7.26131e-05 2.1177e-05 5.07578e-06 1.03254e-06 1.79303e-07 2.585e-08 2.81695e-09 1.66594e-10 0 
0 8.71993e-05 0.000370458 0.000622607 0.000887509 0.00122646 0.00161552 0.00202774 0.00243826 0.00282307 0.00316045 0.00343357 0.00363276 0.00374847 0.00376685 0.00368814 0.00353167 0.00331683 0.0030562 0.0027635 0.00245414 0.00214299 0.00184307 0.00156508 0.00131751 0.00110755 0.000942613 0.000828898 0.000757679 0.000680972 0.000528779 0.00031064 0.000130884 4.0871e-05 1.00818e-05 2.06218e-06 3.55841e-07 5.07007e-08 5.44854e-09 3.17612e-10 0 
0 0.000111301 0.000412773 0.000685704 0.00102399 0.00144922 0.00193039 0.00243826 0.00294335 0.00341702 0.00384022 0.0042253 0.00455364 0.00474629 0.00477778 0.00465309 0.00438988 0.00405319 0.00370582 0.0033417 0.00296064 0.00257729 0.00220712 0.00186287 0.00155418 0.00128815 0.00107089 0.000909404 0.000806686 0.000737615 0.000627381 0.000422316 0.000201538 6.82218e-05 1.7501e-05 3.62574e-06 6.24952e-07 8.8365e-08 9.39747e-09 5.41625e-10 0 
0 0.000131245 0.00044277 0.000749196 0.00115638 0.00165965 0.00222605 0.00282307 0.00341702 0.00398535 0.00457088 0.00510213 0.00540402 0.00553679 0.00555663 0.0054746 0.00526858 0.00488368 0.0043663 0.00388811 0.00343403 0.00298293 0.00254731 0.00214155 0.00177656 0.00145984 0.00119664 0.000992442 0.000853425 0.000770907 0.00068597 0.000511329 0.000273316 0.000100543 2.69727e-05 5.68774e-06 9.83219e-07 1.38437e-07 1.46145e-08 8.35137e-10 0 
0 0.000146507 0.000465496 0.000808226 0.00127426 0.00184472 0.00248536 0.00316045 0.00384022 0.00457088 0.00526915 0.00564473 0.0058373 0.00592743 0.00594086 0.00588321 0.00574555 0.00549653 0.00504859 0.00441371 0.00385169 0.00333681 0.00284393 0.00238465 0.00197087 0.00161057 0.00130867 0.00106923 0.000898038 0.000794808 0.000718346 0.000573195 0.000336098 0.00013345 3.74379e-05 8.05151e-06 1.39936e-06 1.96707e-07 2.06664e-08 1.1738e-09 0 
0 0.000157352 0.0004828 0.000857465 0.00136983 0.00199388 0.00269406 0.00343357 0.0042253 0.00510213 0.00564473 0.00592141 0.00607467 0.00614871 0.00615956 0.00611113 0.00599825 0.00580291 0.00547765 0.00490709 0.00420952 0.0036209 0.00308063 0.00257859 0.00212591 0.00173105 0.00139879 0.00113222 0.000935981 0.000813202 0.0007357 0.000611811 0.000384169 0.000162422 4.74007e-05 1.03866e-05 1.81659e-06 2.55375e-07 2.67553e-08 1.51356e-09 0 
0 0.000164286 0.000494791 0.000892937 0.00143765 0.00209945 0.00284174 0.00363276 0.00455364 0.00540402 0.0058373 0.00607467 0.00621073 0.0062773 0.00628677 0.0062424 0.00614041 0.00596763 0.00569127 0.00522315 0.00449691 0.00382356 0.00324557 0.00271344 0.00223359 0.00181465 0.00146135 0.00117621 0.000962884 0.000825589 0.000744039 0.000633023 0.000415914 0.000184002 5.53469e-05 1.23131e-05 2.16599e-06 3.0479e-07 3.18918e-08 1.80008e-09 0 
0 0.000167781 0.000501101 0.000912322 0.00147462 0.00215703 0.00292232 0.00374847 0.00474629 0.00553679 0.00592743 0.00614871 0.0062773 0.00634043 0.00634906 0.00630617 0.00620851 0.00604475 0.00578738 0.00536448 0.00466299 0.00393482 0.00333187 0.00278349 0.00228921 0.00185751 0.00149311 0.00119821 0.00097587 0.000830539 0.000745857 0.000641413 0.000431941 0.0001962 6.01186e-05 1.35067e-05 2.38594e-06 3.36162e-07 3.51691e-08 1.98351e-09 0 
0 0.000168192 0.000501555 0.000914879 0.00147993 0.0021655 0.00293425 0.00376685 0.00477778 0.00555663 0.00594086 0.00615956 0.00628677 0.00634906 0.00635716 0.00631398 0.00621634 0.00605317 0.00579769 0.00538032 0.00468319 0.00394482 0.00333768 0.0027874 0.00229158 0.00185858 0.00149306 0.00119713 0.000973656 0.000827063 0.000741926 0.000639576 0.00043344 0.000198349 6.11299e-05 1.37834e-05 2.43979e-06 3.44152e-07 3.60313e-08 2.03315e-09 0 
0 0.000165745 0.000496415 0.000901279 0.00145492 0.00212694 0.00288039 0.00368814 0.00465309 0.0054746 0.00588321 0.00611113 0.0062424 0.00630617 0.00631398 0.00626889 0.00616736 0.00599724 0.00572864 0.00528221 0.00456052 0.00385549 0.00326642 0.00272793 0.00224278 0.00181934 0.00146218 0.00117348 0.000956294 0.000814895 0.000732205 0.000628275 0.000421352 0.000190796 5.84196e-05 1.31388e-05 2.32535e-06 3.28344e-07 3.44286e-08 1.94605e-09 0 
0 0.000160558 0.000486376 0.000873411 0.00140279 0.00204621 0.00276756 0.00353167 0.00438988 0.00526858 0.00574555 0.00599825 0.00614041 0.00620851 0.00621634 0.00616736 0.00605714 0.00587045 0.00556859 0.00504826 0.00431527 0.00368327 0.00312618 0.00261135 0.00214767 0.0017434 0.00140302 0.00112895 0.000924776 0.000794218 0.000715927 0.000606686 0.00039625 0.000174716 5.25863e-05 1.17365e-05 2.0734e-06 2.93093e-07 3.08072e-08 1.74657e-09 0 
0 0.000152669 0.000472389 0.000834158 0.00132821 0.00193029 0.00260547 0.00331683 0.00405319 0.00488368 0.00549653 0.00580291 0.00596763 0.00604475 0.00605317 0.00599724 0.00587045 0.00565035 0.00527681 0.00465022 0.0040005 0.00344671 0.00292824 0.00244658 0.00201315 0.00163588 0.00131918 0.00106592 0.000880447 0.000764946 0.000691056 0.000572589 0.000358763 0.00015205 4.4646e-05 9.85688e-06 1.73709e-06 2.45983e-07 2.59503e-08 1.47779e-09 0 
0 0.000142082 0.000455354 0.000787165 0.00123687 0.00178765 0.00240575 0.0030562 0.00370582 0.0043663 0.00504859 0.00547765 0.00569127 0.00578738 0.00579769 0.00572864 0.00556859 0.00527681 0.00477205 0.00417637 0.00365563 0.00316064 0.00268576 0.0022442 0.00184732 0.00150263 0.00121459 0.000986765 0.000824082 0.000725434 0.000653346 0.000522891 0.000310405 0.000125481 3.58354e-05 7.82374e-06 1.37672e-06 1.95585e-07 2.07445e-08 1.18872e-09 0 
0 0.000128843 0.000435696 0.000736559 0.00113512 0.00162746 0.00218096 0.0027635 0.0033417 0.00388811 0.00441371 0.00490709 0.00522315 0.00536448 0.00538032 0.00528221 0.00504826 0.00465022 0.00417637 0.00372836 0.0032836 0.00284022 0.0024128 0.00201542 0.00165862 0.0013495 0.00109278 0.000892838 0.00075431 0.000670501 0.000595705 0.000455175 0.00025461 9.82567e-05 2.73823e-05 5.93177e-06 1.04524e-06 1.49341e-07 1.59591e-08 9.21955e-10 0 
0 0.000113153 0.000412905 0.000686545 0.00102956 0.00145897 0.00194363 0.00245414 0.00296064 0.00343403 0.00385169 0.00420952 0.00449691 0.00466299 0.00468319 0.00456052 0.00431527 0.0040005 0.00365563 0.0032836 0.00289359 0.00250163 0.00212325 0.0017712 0.00145507 0.00118168 0.000956079 0.000783075 0.000665237 0.000589761 0.000509989 0.000370929 0.000197365 7.37292e-05 2.02811e-05 4.39204e-06 7.78544e-07 1.12189e-07 1.21011e-08 7.05596e-10 0 
0 9.54984e-05 0.000385232 0.000640615 0.000926937 0.001291 0.00170549 0.00214299 0.00257729 0.00298293 0.00333681 0.0036209 0.00382356 0.00393482 0.00394482 0.00385549 0.00368327 0.00344671 0.00316064 0.00284022 0.00250163 0.00216036 0.00182998 0.00152159 0.00124384 0.00100327 0.000805019 0.000652848 0.000546248 0.000472019 0.000395048 0.000279361 0.000146455 5.46321e-05 1.51262e-05 3.30686e-06 5.91992e-07 8.61067e-08 9.36743e-09 5.50401e-10 0 
0 7.67422e-05 0.000349929 0.000600108 0.000833956 0.00113178 0.00147691 0.00184307 0.00220712 0.00254731 0.00284393 0.00308063 0.00324557 0.00333187 0.00333768 0.00326642 0.00312618 0.00292824 0.00268576 0.0024128 0.00212325 0.00182998 0.00154422 0.00127541 0.00103133 0.000818612 0.000642269 0.000504055 0.000401894 0.000329707 0.000270477 0.000196646 0.000108417 4.22687e-05 1.20381e-05 2.6724e-06 4.82176e-07 7.04174e-08 7.67694e-09 4.51555e-10 0 
0 5.81051e-05 0.000304422 0.000562141 0.000756476 0.000989168 0.00126677 0.00156508 0.00186287 0.00214155 0.00238465 0.00257859 0.00271344 0.00278349 0.0027874 0.00272793 0.00261135 0.00244658 0.0022442 0.00201542 0.0017712 0.00152159 0.00127541 0.00104059 0.000825874 0.000643145 0.000503716 0.000403466 0.00032057 0.000243637 0.000183146 0.000136884 8.42264e-05 3.59275e-05 1.068e-05 2.39799e-06 4.31353e-07 6.24838e-08 6.74835e-09 3.93272e-10 0 
0 4.09851e-05 0.000248413 0.000518124 0.000696833 0.000870812 0.00108301 0.00131751 0.00155418 0.00177656 0.00197087 0.00212591 0.00223359 0.00228921 0.00229158 0.00224278 0.00214767 0.00201315 0.00184732 0.00165862 0.00145507 0.00124384 0.00103133 0.000825874 0.000647584 0.000539336 0.000533507 0.00057714 0.000548737 0.000403201 0.000229739 0.000121654 7.08284e-05 3.31626e-05 1.03556e-05 2.33137e-06 4.12642e-07 5.85574e-08 6.19957e-09 3.5484e-10 0 
0 2.66281e-05 0.000185834 0.000455697 0.00064852 0.000782481 0.000933433 0.00110755 0.00128815 0.00145984 0.00161057 0.00173105 0.00181465 0.00185751 0.00185858 0.00181934 0.0017434 0.00163588 0.00150263 0.0013495 0.00118168 0.00100327 0.000818612 0.000643145 0.000539336 0.000633364 0.000998486 0.00160667 0.00193097 0.00114015 0.000577379 0.000214015 7.62208e-05 3.20536e-05 1.0264e-05 2.29553e-06 3.96503e-07 5.47868e-08 5.66133e-09 3.17247e-10 0 
0 1.57701e-05 0.000124698 0.000366879 0.000591578 0.000721076 0.000824831 0.000942613 0.00107089 0.00119664 0.00130867 0.00139879 0.00146135 0.00149311 0.00149306 0.00146218 0.00140302 0.00131918 0.00121459 0.00109278 0.000956079 0.000805019 0.000642269 0.000503716 0.000533507 0.000998486 0.00230958 0.00385949 0.00398674 0.00331451 0.00133772 0.000451046 0.000115264 3.32812e-05 9.86749e-06 2.14579e-06 3.59825e-07 4.84236e-08 4.89365e-09 2.69127e-10 0 
0 8.44222e-06 7.37678e-05 0.00025896 0.000499166 0.000663193 0.000754125 0.000828898 0.000909404 0.000992442 0.00106923 0.00113222 0.00117621 0.00119821 0.00119713 0.00117348 0.00112895 0.00106592 0.000986765 0.000892838 0.000783075 0.000652848 0.000504055 0.000403466 0.00057714 0.00160667 0.00385949 0.00430292 0.00435582 0.00411725 0.00282485 0.000723081 0.000167214 3.58943e-05 8.9161e-06 1.82101e-06 2.94978e-07 3.88312e-08 3.86237e-09 2.09746e-10 0 
0 4.06228e-06 3.80831e-05 0.000154999 0.00036331 0.000566102 0.000690464 0.000757679 0.000806686 0.000853425 0.000898038 0.000935981 0.000962884 0.00097587 0.000973656 0.000956294 0.000924776 0.000880447 0.000824082 0.00075431 0.000665237 0.000546248 0.000401894 0.00032057 0.000548737 0.00193097 0.00398674 0.00435582 0.00440545 0.00421758 0.00331733 0.000803395 0.000179387 3.40598e-05 7.20164e-06 1.35501e-06 2.12039e-07 2.75237e-08 2.71922e-09 1.47035e-10 0 
0 1.75248e-06 1.71179e-05 7.74637e-05 0.000215712 0.000407205 0.000575622 0.000680972 0.000737615 0.000770907 0.000794808 0.000813202 0.000825589 0.000830539 0.000827063 0.000814895 0.000794218 0.000764946 0.000725434 0.000670501 0.000589761 0.000472019 0.000329707 0.000243637 0.000403201 0.00114015 0.00331451 0.00411725 0.00421758 0.00392812 0.00205043 0.000589879 0.000133026 2.49922e-05 4.85823e-06 8.5574e-07 1.31006e-07 1.69767e-08 1.68414e-09 9.15271e-11 0 
0 6.77749e-07 6.72595e-06 3.24183e-05 0.000102184 0.00022906 0.000387164 0.000528779 0.000627381 0.00068597 0.000718346 0.0007357 0.000744039 0.000745857 0.000741926 0.000732205 0.000715927 0.000691056 0.000653346 0.000595705 0.000509989 0.000395048 0.000270477 0.000183146 0.000229739 0.000577379 0.00133772 0.00282485 0.00331733 0.00205043 0.000885569 0.000293077 6.82105e-05 1.36644e-05 2.60767e-06 4.48069e-07 6.88011e-08 9.04146e-09 9.10998e-10 5.02296e-11 0 
0 2.35293e-07 2.32712e-06 1.15285e-05 3.90527e-05 9.86816e-05 0.00019431 0.00031064 0.000422316 0.000511329 0.000573195 0.000611811 0.000633023 0.000641413 0.000639576 0.000628275 0.000606686 0.000572589 0.000522891 0.000455175 0.000370929 0.000279361 0.000196646 0.000136884 0.000121654 0.000214015 0.000451046 0.000723081 0.000803395 0.000589879 0.000293077 9.9485e-05 2.54495e-05 5.63183e-06 1.10139e-06 1.93649e-07 3.067e-08 4.15054e-09 4.29251e-10 2.42187e-11 0 
0 7.34358e-08 7.14312e-07 3.54637e-06 1.23884e-05 3.34215e-05 7.26131e-05 0.000130884 0.000201538 0.000273316 0.000336098 0.000384169 0.000415914 0.000431941 0.00043344 0.000421352 0.00039625 0.000358763 0.000310405 0.00025461 0.000197365 0.000146455 0.000108417 8.42264e-05 7.08284e-05 7.62208e-05 0.000115264 0.000167214 0.000179387 0.000133026 6.82105e-05 2.54495e-05 7.4695e-06 1.80336e-06 3.74773e-07 7.00502e-08 1.16766e-08 1.64578e-09 1.76179e-10 1.02447e-11 0 
0 2.06069e-08 1.95516e-07 9.57467e-07 3.35642e-06 9.28657e-06 2.1177e-05 4.0871e-05 6.82218e-05 0.000100543 0.00013345 0.000162422 0.000184002 0.0001962 0.000198349 0.000190796 0.000174716 0.00015205 0.000125481 9.82567e-05 7.37292e-05 5.46321e-05 4.22687e-05 3.59275e-05 3.31626e-05 3.20536e-05 3.32812e-05 3.58943e-05 3.40598e-05 2.49922e-05 1.36644e-05 5.63183e-06 1.80336e-06 4.72096e-07 1.07159e-07 2.16486e-08 3.82806e-09 5.65467e-10 6.30243e-11 3.79772e-12 0 
0 5.18372e-09 4.77546e-08 2.28619e-07 7.91662e-07 2.19225e-06 5.07578e-06 1.00818e-05 1.7501e-05 2.69727e-05 3.74379e-05 4.74007e-05 5.53469e-05 6.01186e-05 6.11299e-05 5.84196e-05 5.25863e-05 4.4646e-05 3.58354e-05 2.73823e-05 2.02811e-05 1.51262e-05 1.20381e-05 1.068e-05 1.03556e-05 1.0264e-05 9.86749e-06 8.9161e-06 7.20164e-06 4.85823e-06 2.60767e-06 1.10139e-06 3.74773e-07 1.07159e-07 2.66269e-08 5.79305e-09 1.08602e-09 1.6855e-10 1.96284e-11 1.2302e-12 0 
0 1.15897e-09 1.03456e-08 4.82027e-08 1.63539e-07 4.47386e-07 1.03254e-06 2.06218e-06 3.62574e-06 5.68774e-06 8.05151e-06 1.03866e-05 1.23131e-05 1.35067e-05 1.37834e-05 1.31388e-05 1.17365e-05 9.85688e-06 7.82374e-06 5.93177e-06 4.39204e-06 3.30686e-06 2.6724e-06 2.39799e-06 2.33137e-06 2.29553e-06 2.14579e-06 1.82101e-06 1.35501e-06 8.5574e-07 4.48069e-07 1.93649e-07 7.00502e-08 2.16486e-08 5.79305e-09 1.34301e-09 2.66071e-10 4.34053e-11 5.29021e-12 3.45584e-13 0 
0 2.25918e-10 1.95328e-09 8.84244e-09 2.92851e-08 7.86507e-08 1.79303e-07 3.55841e-07 6.24952e-07 9.83219e-07 1.39936e-06 1.81659e-06 2.16599e-06 2.38594e-06 2.43979e-06 2.32535e-06 2.0734e-06 1.73709e-06 1.37672e-06 1.04524e-06 7.78544e-07 5.91992e-07 4.82176e-07 4.31353e-07 4.12642e-07 3.96503e-07 3.59825e-07 2.94978e-07 2.12039e-07 1.31006e-07 6.88011e-08 3.067e-08 1.16766e-08 3.82806e-09 1.08602e-09 2.66071e-10 5.55311e-11 9.5142e-12 1.21382e-12 8.27122e-14 0 
0 3.68204e-11 3.08537e-10 1.35704e-09 4.38229e-09 1.15256e-08 2.585e-08 5.07007e-08 8.8365e-08 1.38437e-07 1.96707e-07 2.55375e-07 3.0479e-07 3.36162e-07 3.44152e-07 3.28344e-07 2.93093e-07 2.45983e-07 1.95585e-07 1.49341e-07 1.12189e-07 8.61067e-08 7.04174e-08 6.24838e-08 5.85574e-08 5.47868e-08 4.84236e-08 3.88312e-08 2.75237e-08 1.69767e-08 9.04146e-09 4.15054e-09 1.64578e-09 5.65467e-10 1.6855e-10 4.34053e-11 9.5142e-12 1.70893e-12 2.2801e-13 1.6203e-14 0 
0 4.53307e-12 3.68613e-11 1.57665e-10 4.96602e-10 1.27838e-09 2.81695e-09 5.44854e-09 9.39747e-09 1.46145e-08 2.06664e-08 2.67553e-08 3.18918e-08 3.51691e-08 3.60313e-08 3.44286e-08 3.08072e-08 2.59503e-08 2.07445e-08 1.59591e-08 1.21011e-08 9.36743e-09 7.67694e-09 6.74835e-09 6.19957e-09 5.66133e-09 4.89365e-09 3.86237e-09 2.71922e-09 1.68414e-09 9.10998e-10 4.29251e-10 1.76179e-10 6.30243e-11 1.96284e-11 5.29021e-12 1.21382e-12 2.2801e-13 3.17618e-14 2.35146e-15 0 
0 3.01429e-13 2.38251e-12 9.92456e-12 3.05223e-11 7.69495e-11 1.66594e-10 3.17612e-10 5.41625e-10 8.35137e-10 1.1738e-09 1.51356e-09 1.80008e-09 1.98351e-09 2.03315e-09 1.94605e-09 1.74657e-09 1.47779e-09 1.18872e-09 9.21955e-10 7.05596e-10 5.50401e-10 4.51555e-10 3.93272e-10 3.5484e-10 3.17247e-10 2.69127e-10 2.09746e-10 1.47035e-10 9.15271e-11 5.02296e-11 2.42187e-11 1.02447e-11 3.79772e-12 1.2302e-12 3.45584e-13 8.27122e-14 1.6203e-14 2.35146e-15 1.81096e-16 0 
0 0 0 0 0 0 0 0 0 0 0 0 0 0 0 0 0 0 0 0 0 0 0 0 0 0 0 0 0 0 0 0 0 0 0 0 0 0 0 0 0 
