0 0 0 0 0 0 0 0 0 0 0 0 0 0 0 0 0 0 0 0 0 0 0 0 0 0 0 0 0 0 0 0 0 0 0 0 0 0 0 0 0 
0 1.39813e-07 1.20332e-06 4.94941e-06 1.3476e-05 2.7289e-05 4.43559e-05 6.15417e-05 7.65099e-05 8.83121e-05 9.69713e-05 0.000102911 0.000106597 0.0001084 0.000108563 0.000107219 0.000104411 0.00010011 9.4237e-05 8.67091e-05 7.75148e-05 6.68094e-05 5.50043e-05 4.27988e-05 3.11086e-05 2.08703e-05 1.2777e-05 7.06961e-06 3.51106e-06 1.5594e-06 6.18886e-07 2.19713e-07 6.98789e-08 1.99181e-08 5.07509e-09 1.14652e-09 2.25361e-10 3.69746e-11 4.57614e-12 3.05569e-13 0 
0 1.20332e-06 1.03416e-05 3.97618e-05 9.38186e-05 0.000156058 0.000205922 0.000237946 0.000257605 0.0002711 0.000281649 0.000290071 0.000296114 0.000299331 0.000299491 0.000296709 0.000291424 0.000284289 0.000275977 0.000266904 0.00025688 0.000244792 0.000228565 0.000205711 0.000174685 0.000136619 9.60917e-05 5.95896e-05 3.21654e-05 1.50447e-05 6.11442e-06 2.17468e-06 6.82319e-07 1.89991e-07 4.70275e-08 1.02933e-08 1.95885e-09 3.113e-10 3.73647e-11 2.42371e-12 0 
0 4.94941e-06 3.97618e-05 0.000128312 0.000234206 0.00030425 0.000342381 0.00037311 0.000406898 0.000442912 0.000477155 0.000505966 0.000526793 0.000538189 0.00053969 0.000531687 0.000515303 0.000492267 0.000464799 0.000435485 0.000407105 0.00038225 0.000362482 0.000346889 0.000330498 0.000304242 0.000259143 0.000194789 0.000124234 6.58059e-05 2.89156e-05 1.06825e-05 3.381e-06 9.31944e-07 2.25884e-07 4.81452e-08 8.90158e-09 1.37395e-09 1.60299e-10 1.01216e-11 0 
0 1.3476e-05 9.38186e-05 0.000234206 0.000334027 0.000390583 0.000450272 0.000523946 0.000604036 0.000682035 0.000751545 0.000807906 0.000847903 0.000869707 0.00087284 0.000858091 0.000827345 0.000783357 0.000729494 0.000669496 0.000607299 0.000546991 0.000492852 0.000449153 0.000418823 0.000400002 0.000381434 0.00034275 0.000269062 0.000172713 8.77203e-05 3.54232e-05 1.16935e-05 3.25594e-06 7.82207e-07 1.63594e-07 2.9541e-08 4.44593e-09 5.05806e-10 3.11744e-11 0 
0 2.7289e-05 0.000156058 0.00030425 0.000390583 0.000479341 0.000594149 0.000723365 0.000854725 0.000978836 0.00108799 0.00117595 0.00123822 0.00127218 0.00127717 0.00125443 0.00120682 0.00113845 0.00105433 0.000959851 0.000860476 0.000761415 0.000667554 0.000583669 0.00051485 0.000466116 0.000438693 0.000421493 0.000385467 0.000302351 0.000185879 8.63932e-05 3.0944e-05 8.92631e-06 2.15813e-06 4.47095e-07 7.93516e-08 1.16995e-08 1.30283e-09 7.86287e-11 0 
0 4.43559e-05 0.000205922 0.000342381 0.000450272 0.000594149 0.000767095 0.000952804 0.00113851 0.00131289 0.00146583 0.00158893 0.00167608 0.00172373 0.00173081 0.00169893 0.00163229 0.00153667 0.00141887 0.00128629 0.00114632 0.00100587 0.000871056 0.000747137 0.000638869 0.000551352 0.000490337 0.000457973 0.000440131 0.000396995 0.000294284 0.000162328 6.53629e-05 2.00535e-05 4.96037e-06 1.02835e-06 1.80613e-07 2.62186e-08 2.86928e-09 1.70147e-10 0 
0 6.15417e-05 0.000237946 0.00037311 0.000523946 0.000723365 0.000952804 0.00119593 0.00143804 0.00166501 0.00186423 0.0020282 0.00215841 0.00224299 0.00225778 0.00219974 0.00209132 0.00195745 0.0018026 0.00162987 0.00144741 0.0012639 0.00108701 0.000923057 0.000777055 0.000653335 0.000556857 0.000493633 0.000463819 0.000442991 0.000377482 0.000246372 0.000113813 3.79461e-05 9.75019e-06 2.04254e-06 3.57334e-07 5.13223e-08 5.54153e-09 3.23971e-10 0 
0 7.65099e-05 0.000257605 0.000406898 0.000604036 0.000854725 0.00113851 0.00143804 0.00173595 0.00201595 0.00227944 0.00256144 0.00278658 0.00289812 0.00291554 0.00284825 0.00268308 0.00243529 0.00219174 0.00197124 0.00174615 0.00152004 0.00130172 0.00109869 0.000916629 0.000759745 0.000631799 0.00053796 0.000483791 0.000461276 0.000425251 0.000318621 0.000168882 6.19197e-05 1.67133e-05 3.56619e-06 6.24956e-07 8.91954e-08 9.537e-09 5.51441e-10 0 
0 8.83121e-05 0.0002711 0.000442912 0.000682035 0.000978836 0.00131289 0.00166501 0.00201595 0.00237163 0.00279318 0.0030736 0.00320366 0.00326189 0.00327095 0.00323514 0.00314625 0.00297186 0.00264853 0.00230269 0.00202578 0.00175929 0.00150236 0.00126305 0.00104779 0.00086099 0.000705803 0.000585883 0.000507142 0.000470771 0.000447462 0.00036959 0.00022106 8.91553e-05 2.54128e-05 5.5511e-06 9.78523e-07 1.39271e-07 1.47926e-08 8.48367e-10 0 
0 9.69713e-05 0.000281649 0.000477155 0.000751545 0.00108799 0.00146583 0.00186423 0.00227944 0.00279318 0.00314528 0.00330936 0.00339734 0.00343946 0.00344605 0.00341947 0.00335621 0.00324383 0.0030472 0.00267334 0.00227889 0.00196825 0.00167731 0.00140643 0.00116238 0.000949889 0.000771847 0.000630825 0.000531579 0.000478942 0.000456453 0.000400628 0.000263623 0.000115808 3.48143e-05 7.79759e-06 1.38586e-06 1.97201e-07 2.08598e-08 1.18952e-09 0 
0 0.000102911 0.000290071 0.000505966 0.000807906 0.00117595 0.00158893 0.0020282 0.00256144 0.0030736 0.00330936 0.00343615 0.00350855 0.00354413 0.00354963 0.00352681 0.00347353 0.00338243 0.00323459 0.00297348 0.00252458 0.00213793 0.00181696 0.00152081 0.00125383 0.00102095 0.000824986 0.000667858 0.000553125 0.00048653 0.000459691 0.000417386 0.000294136 0.000138421 4.35773e-05 9.98911e-06 1.79086e-06 2.55158e-07 2.69319e-08 1.53016e-09 0 
0 0.000106597 0.000296114 0.000526793 0.000847903 0.00123822 0.00167608 0.00215841 0.00278658 0.00320366 0.00339734 0.00350855 0.00357379 0.00360618 0.00361108 0.00358996 0.00354124 0.00345938 0.00333098 0.0031203 0.00272607 0.00226546 0.00191443 0.00160034 0.00131734 0.00107025 0.000861879 0.000693764 0.000568621 0.00049212 0.000460288 0.000425079 0.000313094 0.000154719 5.04325e-05 1.17751e-05 2.12707e-06 3.03628e-07 3.20218e-08 1.81571e-09 0 
0 0.0001084 0.000299331 0.000538189 0.000869707 0.00127218 0.00172373 0.00224299 0.00289812 0.00326189 0.00343946 0.00354413 0.00360618 0.00363706 0.00364157 0.00362106 0.00357416 0.00349605 0.00337532 0.00318302 0.00283027 0.00234135 0.00196565 0.00164166 0.00135014 0.00109553 0.00088061 0.000706725 0.000576125 0.000494238 0.000459107 0.000427049 0.000322015 0.000163633 5.44649e-05 1.28653e-05 2.33612e-06 3.34056e-07 3.52345e-08 1.99657e-09 0 
0 0.000108563 0.000299491 0.00053969 0.00087284 0.00127717 0.00173081 0.00225778 0.00291554 0.00327095 0.00344605 0.00354963 0.00361108 0.00364157 0.00364582 0.00362514 0.0035782 0.00350026 0.00338022 0.00319002 0.00284318 0.00234982 0.00196918 0.00164397 0.00135153 0.00109616 0.000880582 0.000706085 0.000574787 0.000491999 0.000456169 0.000424904 0.000322219 0.000164953 5.52413e-05 1.30996e-05 2.38395e-06 3.4132e-07 3.60272e-08 2.04247e-09 0 
0 0.000107219 0.000296709 0.000531687 0.000858091 0.00125443 0.00169893 0.00219974 0.00284825 0.00323514 0.00341947 0.00352681 0.00358996 0.00362106 0.00362514 0.00360358 0.00355489 0.00347392 0.00334836 0.0031463 0.00277143 0.00228977 0.00192688 0.00160889 0.00132275 0.00107302 0.00086237 0.000692139 0.000564614 0.000485149 0.000451235 0.000418926 0.000314346 0.000159006 5.28161e-05 1.24783e-05 2.26904e-06 3.25077e-07 3.43568e-08 1.95076e-09 0 
0 0.000104411 0.000291424 0.000515303 0.000827345 0.00120682 0.00163229 0.00209132 0.00268308 0.00314625 0.00335621 0.00347353 0.00354124 0.00357416 0.0035782 0.00355489 0.0035024 0.00341437 0.00327513 0.00304097 0.0026097 0.00217812 0.0018439 0.00154013 0.00126666 0.00102823 0.000827482 0.000665896 0.000546214 0.000473838 0.000443796 0.000408256 0.000298355 0.000146514 4.76706e-05 1.11487e-05 2.0207e-06 2.89586e-07 3.06652e-08 1.74574e-09 0 
0 0.00010011 0.000284289 0.000492267 0.000783357 0.00113845 0.00153667 0.00195745 0.00243529 0.00297186 0.00324383 0.00338243 0.00345938 0.00349605 0.00350026 0.00347392 0.00341437 0.0033126 0.00314447 0.00283516 0.00238415 0.00203389 0.00172705 0.00144295 0.00118732 0.000964813 0.000778035 0.000628775 0.000520454 0.000458164 0.000432593 0.000390862 0.000273852 0.000128642 4.06174e-05 9.36248e-06 1.68925e-06 2.42221e-07 2.57242e-08 1.47019e-09 0 
0 9.4237e-05 0.000275977 0.000464799 0.000729494 0.00105433 0.00141887 0.0018026 0.00219174 0.00264853 0.0030472 0.00323459 0.00333098 0.00337532 0.00338022 0.00334836 0.00327513 0.00314447 0.00290744 0.00250783 0.00215926 0.00186421 0.00158402 0.00132359 0.00108952 0.000886224 0.000716358 0.000582202 0.000487924 0.000437318 0.000414751 0.000363564 0.000240759 0.000107123 3.26723e-05 7.4134e-06 1.33205e-06 1.91325e-07 2.04078e-08 1.17274e-09 0 
0 8.67091e-05 0.000266904 0.000435485 0.000669496 0.000959851 0.00128629 0.00162987 0.00197124 0.00230269 0.00267334 0.00297348 0.0031203 0.00318302 0.00319002 0.0031463 0.00304097 0.00283516 0.00250783 0.00220341 0.00193686 0.00167512 0.00142303 0.00118866 0.000978225 0.000795916 0.000644547 0.000527056 0.000447973 0.000408114 0.000384791 0.000322769 0.000200315 8.43013e-05 2.48895e-05 5.5746e-06 9.99999e-07 1.4419e-07 1.54772e-08 8.95837e-10 0 
0 7.75148e-05 0.00025688 0.000407105 0.000607299 0.000860476 0.00114632 0.00144741 0.00174615 0.00202578 0.00227889 0.00252458 0.00272607 0.00283027 0.00284318 0.00277143 0.0026097 0.00238415 0.00215926 0.00193686 0.0017066 0.00147542 0.00125226 0.00104462 0.000858179 0.000696944 0.000564003 0.000462799 0.000397021 0.000363216 0.000334982 0.000266867 0.000156105 6.28988e-05 1.81746e-05 4.04767e-06 7.28154e-07 1.05695e-07 1.14379e-08 6.67682e-10 0 
0 6.68094e-05 0.000244792 0.00038225 0.000546991 0.000761415 0.00100587 0.0012639 0.00152004 0.00175929 0.00196825 0.00213793 0.00226546 0.00234135 0.00234982 0.00228977 0.00217812 0.00203389 0.00186421 0.00167512 0.00147542 0.00127415 0.00107929 0.000897408 0.000733599 0.000591752 0.000475086 0.000386566 0.000327635 0.000292883 0.000260886 0.000200428 0.000114163 4.54343e-05 1.31142e-05 2.93535e-06 5.32016e-07 7.78568e-08 8.49351e-09 4.99585e-10 0 
0 5.50043e-05 0.000228565 0.000362482 0.000492852 0.000667554 0.000871056 0.00108701 0.00130172 0.00150236 0.00167731 0.00181696 0.00191443 0.00196565 0.00196918 0.00192688 0.0018439 0.00172705 0.00158402 0.00142303 0.00125226 0.00107929 0.000910757 0.000752216 0.00060828 0.000482911 0.000379241 0.000298606 0.000240404 0.000202234 0.00017446 0.000136228 8.08253e-05 3.33907e-05 9.87468e-06 2.24035e-06 4.0907e-07 6.01304e-08 6.57948e-09 3.87867e-10 0 
0 4.27988e-05 0.000205711 0.000346889 0.000449153 0.000583669 0.000747137 0.000923057 0.00109869 0.00126305 0.00140643 0.00152081 0.00160034 0.00164166 0.00164397 0.00160889 0.00154013 0.00144295 0.00132359 0.00118866 0.00104462 0.000897408 0.000752216 0.000613736 0.000487143 0.000379453 0.000297285 0.000238217 0.000189521 0.000144921 0.000111706 8.85331e-05 5.85773e-05 2.65213e-05 8.19934e-06 1.88415e-06 3.4348e-07 5.01576e-08 5.44605e-09 3.18637e-10 0 
0 3.11086e-05 0.000174685 0.000330498 0.000418823 0.00051485 0.000638869 0.000777055 0.000916629 0.00104779 0.00116238 0.00125383 0.00131734 0.00135014 0.00135153 0.00132275 0.00126666 0.00118732 0.00108952 0.000978225 0.000858179 0.000733599 0.00060828 0.000487143 0.000382015 0.000318131 0.000314661 0.000340389 0.000323638 0.000237813 0.000135671 7.32482e-05 4.56597e-05 2.29677e-05 7.51083e-06 1.73584e-06 3.11842e-07 4.46586e-08 4.75806e-09 2.73686e-10 0 
0 2.08703e-05 0.000136619 0.000304242 0.000400002 0.000466116 0.000551352 0.000653335 0.000759745 0.00086099 0.000949889 0.00102095 0.00107025 0.00109553 0.00109616 0.00107302 0.00102823 0.000964813 0.000886224 0.000795916 0.000696944 0.000591752 0.000482911 0.000379453 0.000318131 0.000373549 0.000588892 0.00101566 0.00122646 0.000683295 0.000340529 0.000126301 4.61261e-05 2.10113e-05 7.14577e-06 1.64884e-06 2.8942e-07 4.03607e-08 4.19667e-09 2.36327e-10 0 
0 1.2777e-05 9.60917e-05 0.000259143 0.000381434 0.000438693 0.000490337 0.000556857 0.000631799 0.000705803 0.000771847 0.000824986 0.000861879 0.00088061 0.000880582 0.00086237 0.000827482 0.000778035 0.000716358 0.000644547 0.000564003 0.000475086 0.000379241 0.000297285 0.000314661 0.000588892 0.00145259 0.00222738 0.00228408 0.00201151 0.000799252 0.000266021 6.82153e-05 2.0821e-05 6.66114e-06 1.50677e-06 2.57244e-07 3.49318e-08 3.55003e-09 1.96077e-10 0 
0 7.06961e-06 5.95896e-05 0.000194789 0.00034275 0.000421493 0.000457973 0.000493633 0.00053796 0.000585883 0.000630825 0.000667858 0.000693764 0.000706725 0.000706085 0.000692139 0.000665896 0.000628775 0.000582202 0.000527056 0.000462799 0.000386566 0.000298606 0.000238217 0.000340389 0.00101566 0.00222738 0.00244718 0.0024724 0.00235601 0.00174552 0.000427011 9.86717e-05 2.18456e-05 5.87868e-06 1.25991e-06 2.08317e-07 2.76693e-08 2.76574e-09 1.50737e-10 0 
0 3.51106e-06 3.21654e-05 0.000124234 0.000269062 0.000385467 0.000440131 0.000463819 0.000483791 0.000507142 0.000531579 0.000553125 0.000568621 0.000576125 0.000574787 0.000564614 0.000546214 0.000520454 0.000487924 0.000447973 0.000397021 0.000327635 0.000240404 0.000189521 0.000323638 0.00122646 0.00228408 0.0024724 0.00249815 0.00240553 0.0020074 0.000486165 0.000105828 2.05465e-05 4.68485e-06 9.2907e-07 1.48683e-07 1.94711e-08 1.93196e-09 1.04778e-10 0 
0 1.5594e-06 1.50447e-05 6.58059e-05 0.000172713 0.000302351 0.000396995 0.000442991 0.000461276 0.000470771 0.000478942 0.00048653 0.00049212 0.000494238 0.000491999 0.000485149 0.000473838 0.000458164 0.000437318 0.000408114 0.000363216 0.000292883 0.000202234 0.000144921 0.000237813 0.000683295 0.00201151 0.00235601 0.00240553 0.00225153 0.00128223 0.000347901 7.85054e-05 1.51274e-05 3.156e-06 5.84823e-07 9.15329e-08 1.19597e-08 1.19081e-09 6.48746e-11 0 
0 6.18886e-07 6.11442e-06 2.89156e-05 8.77203e-05 0.000185879 0.000294284 0.000377482 0.000425251 0.000447462 0.000456453 0.000459691 0.000460288 0.000459107 0.000456169 0.000451235 0.000443796 0.000432593 0.000414751 0.000384791 0.000334982 0.000260886 0.00017446 0.000111706 0.000135671 0.000340529 0.000799252 0.00174552 0.0020074 0.00128223 0.000522294 0.000172855 4.0367e-05 8.39602e-06 1.70968e-06 3.06847e-07 4.80232e-08 6.35477e-09 6.42213e-10 3.54798e-11 0 
0 2.19713e-07 2.17468e-06 1.06825e-05 3.54232e-05 8.63932e-05 0.000162328 0.000246372 0.000318621 0.00036959 0.000400628 0.000417386 0.000425079 0.000427049 0.000424904 0.000418926 0.000408256 0.000390862 0.000363564 0.000322769 0.000266867 0.000200428 0.000136228 8.85331e-05 7.32482e-05 0.000126301 0.000266021 0.000427011 0.000486165 0.000347901 0.000172855 5.87443e-05 1.52789e-05 3.55576e-06 7.33916e-07 1.33363e-07 2.14212e-08 2.91371e-09 3.02029e-10 1.70678e-11 0 
0 6.98789e-08 6.82319e-07 3.381e-06 1.16935e-05 3.0944e-05 6.53629e-05 0.000113813 0.000168882 0.00022106 0.000263623 0.000294136 0.000313094 0.000322015 0.000322219 0.000314346 0.000298355 0.000273852 0.000240759 0.000200315 0.000156105 0.000114163 8.08253e-05 5.85773e-05 4.56597e-05 4.61261e-05 6.82153e-05 9.86717e-05 0.000105828 7.85054e-05 4.0367e-05 1.52789e-05 4.65263e-06 1.178e-06 2.5434e-07 4.85602e-08 8.16532e-09 1.15467e-09 1.23813e-10 7.20876e-12 0 
0 1.99181e-08 1.89991e-07 9.31944e-07 3.25594e-06 8.92631e-06 2.00535e-05 3.79461e-05 6.19197e-05 8.91553e-05 0.000115808 0.000138421 0.000154719 0.000163633 0.000164953 0.000159006 0.000146514 0.000128642 0.000107123 8.43013e-05 6.28988e-05 4.54343e-05 3.33907e-05 2.65213e-05 2.29677e-05 2.10113e-05 2.0821e-05 2.18456e-05 2.05465e-05 1.51274e-05 8.39602e-06 3.55576e-06 1.178e-06 3.18294e-07 7.38479e-08 1.50862e-08 2.67977e-09 3.96616e-10 4.42578e-11 2.66955e-12 0 
0 5.07509e-09 4.70275e-08 2.25884e-07 7.82207e-07 2.15813e-06 4.96037e-06 9.75019e-06 1.67133e-05 2.54128e-05 3.48143e-05 4.35773e-05 5.04325e-05 5.44649e-05 5.52413e-05 5.28161e-05 4.76706e-05 4.06174e-05 3.26723e-05 2.48895e-05 1.81746e-05 1.31142e-05 9.87468e-06 8.19934e-06 7.51083e-06 7.14577e-06 6.66114e-06 5.87868e-06 4.68485e-06 3.156e-06 1.70968e-06 7.33916e-07 2.5434e-07 7.38479e-08 1.85273e-08 4.04979e-09 7.60783e-10 1.18206e-10 1.37774e-11 8.64168e-13 0 
0 1.14652e-09 1.02933e-08 4.81452e-08 1.63594e-07 4.47095e-07 1.02835e-06 2.04254e-06 3.56619e-06 5.5511e-06 7.79759e-06 9.98911e-06 1.17751e-05 1.28653e-05 1.30996e-05 1.24783e-05 1.11487e-05 9.36248e-06 7.4134e-06 5.5746e-06 4.04767e-06 2.93535e-06 2.24035e-06 1.88415e-06 1.73584e-06 1.64884e-06 1.50677e-06 1.25991e-06 9.2907e-07 5.84823e-07 3.06847e-07 1.33363e-07 4.85602e-08 1.50862e-08 4.04979e-09 9.40399e-10 1.86475e-10 3.04407e-11 3.71237e-12 2.42659e-13 0 
0 2.25361e-10 1.95885e-09 8.90158e-09 2.9541e-08 7.93516e-08 1.80613e-07 3.57334e-07 6.24956e-07 9.78523e-07 1.38586e-06 1.79086e-06 2.12707e-06 2.33612e-06 2.38395e-06 2.26904e-06 2.0207e-06 1.68925e-06 1.33205e-06 9.99999e-07 7.28154e-07 5.32016e-07 4.0907e-07 3.4348e-07 3.11842e-07 2.8942e-07 2.57244e-07 2.08317e-07 1.48683e-07 9.15329e-08 4.80232e-08 2.14212e-08 8.16532e-09 2.67977e-09 7.60783e-10 1.86475e-10 3.89338e-11 6.67317e-12 8.51723e-13 5.80645e-14 0 
0 3.69746e-11 3.113e-10 1.37395e-09 4.44593e-09 1.16995e-08 2.62186e-08 5.13223e-08 8.91954e-08 1.39271e-07 1.97201e-07 2.55158e-07 3.03628e-07 3.34056e-07 3.4132e-07 3.25077e-07 2.89586e-07 2.42221e-07 1.91325e-07 1.4419e-07 1.05695e-07 7.78568e-08 6.01304e-08 5.01576e-08 4.46586e-08 4.03607e-08 3.49318e-08 2.76693e-08 1.94711e-08 1.19597e-08 6.35477e-09 2.91371e-09 1.15467e-09 3.96616e-10 1.18206e-10 3.04407e-11 6.67317e-12 1.19886e-12 1.59999e-13 1.13736e-14 0 
0 4.57614e-12 3.73647e-11 1.60299e-10 5.05806e-10 1.30283e-09 2.86928e-09 5.54153e-09 9.537e-09 1.47926e-08 2.08598e-08 2.69319e-08 3.20218e-08 3.52345e-08 3.60272e-08 3.43568e-08 3.06652e-08 2.57242e-08 2.04078e-08 1.54772e-08 1.14379e-08 8.49351e-09 6.57948e-09 5.44605e-09 4.75806e-09 4.19667e-09 3.55003e-09 2.76574e-09 1.93196e-09 1.19081e-09 6.42213e-10 3.02029e-10 1.23813e-10 4.42578e-11 1.37774e-11 3.71237e-12 8.51723e-13 1.59999e-13 2.22908e-14 1.65063e-15 0 
0 3.05569e-13 2.42371e-12 1.01216e-11 3.11744e-11 7.86287e-11 1.70147e-10 3.23971e-10 5.51441e-10 8.48367e-10 1.18952e-09 1.53016e-09 1.81571e-09 1.99657e-09 2.04247e-09 1.95076e-09 1.74574e-09 1.47019e-09 1.17274e-09 8.95837e-10 6.67682e-10 4.99585e-10 3.87867e-10 3.18637e-10 2.73686e-10 2.36327e-10 1.96077e-10 1.50737e-10 1.04778e-10 6.48746e-11 3.54798e-11 1.70678e-11 7.20876e-12 2.66955e-12 8.64168e-13 2.42659e-13 5.80645e-14 1.13736e-14 1.65063e-15 1.27135e-16 0 
0 0 0 0 0 0 0 0 0 0 0 0 0 0 0 0 0 0 0 0 0 0 0 0 0 0 0 0 0 0 0 0 0 0 0 0 0 0 0 0 0 
