0 0 0 0 0 0 0 0 0 0 0 0 0 0 0 0 0 0 0 0 0 0 0 0 0 0 0 0 0 0 0 0 0 0 0 0 0 0 0 0 0 
0 2.00594e-07 1.77658e-06 7.72933e-06 2.28663e-05 5.12151e-05 9.25083e-05 0.000141684 0.00019185 0.000237374 0.000274994 0.000303414 0.000322474 0.00033252 0.000334054 0.000327589 0.000313627 0.000292703 0.00026549 0.000232947 0.000196491 0.000158102 0.000120256 8.56139e-05 5.64725e-05 3.41857e-05 1.88407e-05 9.40012e-06 4.23298e-06 1.71937e-06 6.30583e-07 2.09159e-07 6.2815e-08 1.70711e-08 4.18264e-09 9.15274e-10 1.75341e-10 2.81804e-11 3.43067e-12 2.26082e-13 0 
0 1.77658e-06 1.60197e-05 6.7942e-05 0.00018528 0.000364119 0.000562643 0.000739337 0.000878805 0.000984355 0.00106345 0.00112113 0.00115958 0.00117958 0.0011817 0.00116693 0.00113675 0.00109281 0.00103635 0.000967587 0.000885271 0.000787159 0.00067171 0.000541024 0.000403462 0.000273214 0.000165239 8.82716e-05 4.14723e-05 1.71674e-05 6.29699e-06 2.06081e-06 6.05267e-07 1.60026e-07 3.80419e-08 8.06923e-09 1.49869e-09 2.33731e-10 2.76487e-11 1.7733e-12 0 
0 7.72933e-06 6.7942e-05 0.000260443 0.000594841 0.00095076 0.00123414 0.00145227 0.00163888 0.0018083 0.00195822 0.00208061 0.00216799 0.00221558 0.00222188 0.0021886 0.00212022 0.00202342 0.0019063 0.00177735 0.00164392 0.00150993 0.00137297 0.00122246 0.00104289 0.000825622 0.000584755 0.000358862 0.000187262 8.28646e-05 3.14025e-05 1.03488e-05 3.00916e-06 7.79737e-07 1.80689e-07 3.72706e-08 6.72745e-09 1.02018e-09 1.17476e-10 7.34535e-12 0 
0 2.28663e-05 0.00018528 0.000594841 0.0010913 0.00148785 0.00181941 0.00215031 0.00248707 0.00280995 0.0030967 0.00332902 0.00349386 0.00358371 0.00359662 0.00353584 0.00340914 0.00322785 0.00300581 0.00275826 0.00250086 0.00224867 0.00201435 0.00180415 0.00161075 0.00140704 0.001155 0.00084218 0.000517103 0.000259439 0.000106393 3.64216e-05 1.06874e-05 2.74567e-06 6.24733e-07 1.25931e-07 2.21722e-08 3.27895e-09 3.68481e-10 2.25118e-11 0 
0 5.12151e-05 0.000364119 0.00095076 0.00148785 0.00194998 0.00244487 0.00298035 0.00352195 0.00403339 0.00448316 0.00484564 0.00510223 0.00524214 0.00526273 0.00516903 0.00497282 0.00469112 0.00434446 0.00395516 0.00354566 0.00313733 0.00274976 0.00240011 0.00210046 0.00184896 0.00161441 0.00133474 0.000968665 0.000573032 0.000266452 9.83472e-05 2.98437e-05 7.71551e-06 1.73965e-06 3.44793e-07 5.94811e-08 8.609e-09 9.46989e-10 5.66786e-11 0 
0 9.25083e-05 0.000562643 0.00123414 0.00181941 0.00244487 0.00316071 0.00392612 0.00469135 0.0054099 0.00604009 0.00654727 0.00690605 0.00710169 0.00713062 0.0069999 0.00672584 0.00633198 0.0058466 0.0053003 0.00472354 0.0041448 0.00358925 0.00307834 0.00263006 0.00225754 0.00195896 0.00169398 0.00137632 0.000952946 0.000515657 0.000212153 6.83177e-05 1.80705e-05 4.07909e-06 8.00274e-07 1.35932e-07 1.93298e-08 2.0881e-09 1.22785e-10 0 
0 0.000141684 0.000739337 0.00145227 0.00215031 0.00298035 0.00392612 0.00492794 0.00592561 0.0068608 0.00768025 0.00833954 0.00880635 0.0090615 0.00909921 0.00892831 0.00857105 0.00805856 0.00742718 0.00671602 0.0059642 0.00520803 0.00447915 0.00380354 0.00320171 0.00268983 0.00227858 0.00195854 0.00166654 0.00129053 0.000807324 0.000376922 0.000131572 3.6167e-05 8.25593e-06 1.61403e-06 2.71249e-07 3.80451e-08 4.04945e-09 2.34625e-10 0 
0 0.00019185 0.000878805 0.00163888 0.00248707 0.00352195 0.00469135 0.00592561 0.00715309 0.00830298 0.00931107 0.0101277 0.0107183 0.0110509 0.0111014 0.0108766 0.0104176 0.00977568 0.0089957 0.00812046 0.00719512 0.0062635 0.00536389 0.00452726 0.00377705 0.00313027 0.00259953 0.00218943 0.00187004 0.00153725 0.00107769 0.000569628 0.000218003 6.30119e-05 1.46692e-05 2.87457e-06 4.80099e-07 6.66617e-08 7.01345e-09 4.01543e-10 0 
0 0.000237374 0.000984355 0.0018083 0.00280995 0.00403339 0.0054099 0.0068608 0.00830298 0.0096549 0.0108517 0.0118549 0.0126082 0.0130305 0.0130946 0.0128133 0.0122245 0.0114138 0.0104685 0.00943291 0.00834465 0.00724928 0.00619063 0.00520453 0.00431752 0.00354775 0.00290737 0.00240417 0.00202812 0.00170489 0.00128972 0.000757861 0.000317831 9.71401e-05 2.31915e-05 4.57562e-06 7.62262e-07 1.05115e-07 1.09634e-08 6.21912e-10 0 
0 0.000274994 0.00106345 0.00195822 0.0030967 0.00448316 0.00604009 0.00768025 0.00931107 0.0108517 0.0122566 0.0134381 0.014225 0.0146092 0.0146632 0.0144126 0.0138341 0.0129186 0.0117889 0.010585 0.00934768 0.00810877 0.00691149 0.00579533 0.00478972 0.00391411 0.0031802 0.00259535 0.00215791 0.00181923 0.00143898 0.000916723 0.000416884 0.000134562 3.30084e-05 6.5739e-06 1.09531e-06 1.50406e-07 1.55915e-08 8.78442e-10 0 
0 0.000303414 0.00112113 0.00208061 0.00332902 0.00484564 0.00654727 0.00833954 0.0101277 0.0118549 0.0134381 0.0145914 0.0152479 0.0155561 0.0155973 0.0153916 0.0149137 0.0140918 0.0128971 0.011529 0.0101524 0.00879498 0.00748666 0.00626665 0.00516653 0.00420691 0.00339934 0.00275008 0.00226014 0.00189708 0.00153614 0.00103505 0.000501977 0.000169883 4.27391e-05 8.59714e-06 1.43493e-06 1.96613e-07 2.03012e-08 1.13851e-09 0 
0 0.000322474 0.00115958 0.00216799 0.00349386 0.00510223 0.00690605 0.00880635 0.0107183 0.0126082 0.014225 0.0152479 0.0158153 0.0160839 0.0161181 0.0159342 0.0155128 0.0147911 0.013669 0.0122185 0.0107218 0.00927395 0.00788708 0.00659436 0.00542822 0.00441007 0.00355142 0.00285764 0.00233018 0.00194544 0.00159294 0.00111176 0.000564137 0.000197877 5.08013e-05 1.03087e-05 1.72472e-06 2.36152e-07 2.43322e-08 1.36087e-09 0 
0 0.00033252 0.00117958 0.00221558 0.00358371 0.00524214 0.00710169 0.0090615 0.0110509 0.0130305 0.0146092 0.0155561 0.0160839 0.0163347 0.0163651 0.0161895 0.0157914 0.0151153 0.014055 0.0125965 0.0110284 0.00952582 0.00809613 0.00676461 0.00556339 0.00451425 0.00362862 0.00291134 0.00236375 0.00196629 0.00161745 0.00115002 0.000598936 0.000214725 5.58539e-05 1.14044e-05 1.91237e-06 2.6193e-07 2.69724e-08 1.50704e-09 0 
0 0.000334054 0.0011817 0.00222188 0.00359662 0.00526273 0.00713062 0.00909921 0.0111014 0.0130946 0.0146632 0.0155973 0.0161181 0.0163651 0.0163934 0.0162172 0.0158205 0.015149 0.0140966 0.0126373 0.0110564 0.00954522 0.00811008 0.00677412 0.00556914 0.00451684 0.0036285 0.00290876 0.00235881 0.00196011 0.00161405 0.0011534 0.000605365 0.000218596 5.71424e-05 1.17019e-05 1.96566e-06 2.69523e-07 2.77757e-08 1.55288e-09 0 
0 0.000327589 0.00116693 0.0021886 0.00353584 0.00516903 0.0069999 0.00892831 0.0108766 0.0128133 0.0144126 0.0153916 0.0159342 0.0161895 0.0162172 0.0160327 0.0156179 0.0149143 0.0138171 0.0123519 0.0108156 0.00934218 0.00793741 0.00662959 0.00545054 0.00442147 0.00355345 0.00285117 0.00231582 0.00192729 0.00158439 0.00112434 0.000584691 0.000209697 5.46524e-05 1.11892e-05 1.88175e-06 2.58491e-07 2.66951e-08 1.49579e-09 0 
0 0.000313627 0.00113675 0.00212022 0.00340914 0.00497282 0.00672584 0.00857105 0.0104176 0.0122245 0.0138341 0.0149137 0.0155128 0.0157914 0.0158205 0.0156179 0.0151617 0.0143844 0.0132093 0.0117811 0.0103412 0.00894069 0.00759716 0.00634626 0.0052194 0.00423693 0.00340967 0.00274266 0.00223694 0.00186808 0.00152782 0.00106409 0.000539948 0.000190038 4.90609e-05 1.00179e-05 1.68658e-06 2.32339e-07 2.40817e-08 1.35472e-09 0 
0 0.000292703 0.00109281 0.00202342 0.00322785 0.00469112 0.00633198 0.00805856 0.00977568 0.0114138 0.0129186 0.0140918 0.0147911 0.0151153 0.015149 0.0149143 0.0143844 0.0135009 0.0123051 0.0109981 0.00967987 0.00837406 0.00711636 0.00594583 0.00489249 0.00397561 0.00320586 0.00258882 0.00212472 0.00178136 0.00144139 0.000973649 0.00047604 0.000163033 4.15324e-05 8.45171e-06 1.4256e-06 1.97259e-07 2.05599e-08 1.16362e-09 0 
0 0.00026549 0.00103635 0.0019063 0.00300581 0.00434446 0.0058466 0.00742718 0.0089957 0.0104685 0.0117889 0.0128971 0.013669 0.014055 0.0140966 0.0138171 0.0132093 0.0123051 0.0112278 0.0100727 0.00887747 0.00768092 0.00652712 0.005454 0.00448948 0.00365177 0.00295153 0.00239498 0.00197985 0.00166271 0.00132023 0.000855705 0.000400077 0.000132946 3.34275e-05 6.7907e-06 1.15024e-06 1.60265e-07 1.684e-08 9.61238e-10 0 
0 0.000232947 0.000967587 0.00177735 0.00275826 0.00395516 0.0053003 0.00671602 0.00812046 0.00943291 0.010585 0.011529 0.0122185 0.0125965 0.0126373 0.0123519 0.0117811 0.0109981 0.0100727 0.0090518 0.00797946 0.00690247 0.00586374 0.004898 0.00403088 0.00327961 0.0026551 0.00216369 0.00179801 0.00150271 0.0011598 0.000717424 0.000321318 0.000104182 2.60071e-05 5.30055e-06 9.05303e-07 1.2745e-07 1.35399e-08 7.81367e-10 0 
0 0.000196491 0.000885271 0.00164392 0.00250086 0.00354566 0.00472354 0.0059642 0.00719512 0.00834465 0.00934768 0.0101524 0.0107218 0.0110284 0.0110564 0.0108156 0.0103412 0.00967987 0.00887747 0.00797946 0.00703218 0.00607962 0.00516006 0.00430448 0.00353621 0.00287163 0.00232183 0.0018917 0.00156718 0.00128891 0.000962049 0.000572814 0.000250126 8.05143e-05 2.02078e-05 4.16559e-06 7.20952e-07 1.02857e-07 1.10661e-08 6.4608e-10 0 
0 0.000158102 0.000787159 0.00150993 0.00224867 0.00313733 0.0041448 0.00520803 0.0062635 0.00724928 0.00810877 0.00879498 0.00927395 0.00952582 0.00954522 0.00934218 0.00894069 0.00837406 0.00768092 0.00690247 0.00607962 0.00525025 0.00444733 0.00369786 0.00302281 0.00243767 0.0019527 0.00156984 0.00127358 0.0010192 0.000744393 0.000441625 0.000195637 6.4416e-05 1.65326e-05 3.4725e-06 6.10074e-07 8.80847e-08 9.56791e-09 5.62908e-10 0 
0 0.000120256 0.00067171 0.00137297 0.00201435 0.00274976 0.00358925 0.00447915 0.00536389 0.00619063 0.00691149 0.00748666 0.00788708 0.00809613 0.00811008 0.00793741 0.00759716 0.00711636 0.00652712 0.00586374 0.00516006 0.00444733 0.00375287 0.00309955 0.00250617 0.00198808 0.00155588 0.00121134 0.000944841 0.000734479 0.000542673 0.000340914 0.000162307 5.65871e-05 1.50358e-05 3.21442e-06 5.69125e-07 8.23757e-08 8.94479e-09 5.25235e-10 0 
0 8.56139e-05 0.000541024 0.00122246 0.00180415 0.00240011 0.00307834 0.00380354 0.00452726 0.00520453 0.00579533 0.00626665 0.00659436 0.00676461 0.00677412 0.00662959 0.00634626 0.00594583 0.005454 0.004898 0.00430448 0.00369786 0.00309955 0.00252873 0.00200637 0.0015614 0.00122193 0.000977809 0.000774589 0.000580984 0.000415032 0.000275964 0.000146779 5.56036e-05 1.53238e-05 3.29751e-06 5.79734e-07 8.29166e-08 8.88623e-09 5.15081e-10 0 
0 5.64725e-05 0.000403462 0.00104289 0.00161075 0.00210046 0.00263006 0.00320171 0.00377705 0.00431752 0.00478972 0.00516653 0.00542822 0.00556339 0.00556914 0.00545054 0.0052194 0.00489249 0.00448948 0.00403088 0.00353621 0.00302281 0.00250617 0.00200637 0.00157282 0.00131026 0.00129647 0.00140258 0.00133356 0.00097976 0.00055668 0.000283522 0.000144284 5.83424e-05 1.65764e-05 3.54491e-06 6.10617e-07 8.53326e-08 8.94558e-09 5.08255e-10 0 
0 3.41857e-05 0.000273214 0.000825622 0.00140704 0.00184896 0.00225754 0.00268983 0.00313027 0.00354775 0.00391411 0.00420691 0.00441007 0.00451425 0.00451684 0.00442147 0.00423693 0.00397561 0.00365177 0.00327961 0.00287163 0.00243767 0.00198808 0.0015614 0.00131026 0.00153923 0.00242659 0.00353406 0.00395315 0.00275675 0.00140318 0.000519381 0.000176085 6.31569e-05 1.77982e-05 3.72647e-06 6.23553e-07 8.47506e-08 8.66879e-09 4.82114e-10 0 
0 1.88407e-05 0.000165239 0.000584755 0.001155 0.00161441 0.00195896 0.00227858 0.00259953 0.00290737 0.0031802 0.00339934 0.00355142 0.00362862 0.0036285 0.00355345 0.00340967 0.00320586 0.00295153 0.0026551 0.00232183 0.0019527 0.00155588 0.00122193 0.00129647 0.00242659 0.00508378 0.00927394 0.0101929 0.00718191 0.00323801 0.00109615 0.000278138 7.21579e-05 1.82567e-05 3.63789e-06 5.87012e-07 7.76327e-08 7.76977e-09 4.24353e-10 0 
0 9.40012e-06 8.82716e-05 0.000358862 0.00084218 0.00133474 0.00169398 0.00195854 0.00218943 0.00240417 0.00259535 0.00275008 0.00285764 0.00291134 0.00290876 0.00285117 0.00274266 0.00258882 0.00239498 0.00216369 0.0018917 0.00156984 0.00121134 0.000977809 0.00140258 0.00353406 0.00927394 0.011432 0.0116978 0.0108421 0.00601483 0.00175696 0.000405904 8.21602e-05 1.73673e-05 3.1838e-06 4.92179e-07 6.35906e-08 6.26811e-09 3.38339e-10 0 
0 4.23298e-06 4.14723e-05 0.000187262 0.000517103 0.000968665 0.00137632 0.00166654 0.00187004 0.00202812 0.00215791 0.00226014 0.00233018 0.00236375 0.00235881 0.00231582 0.00223694 0.00212472 0.00197985 0.00179801 0.00156718 0.00127358 0.000944841 0.000774589 0.00133356 0.00395315 0.0101929 0.0116978 0.0118949 0.0111886 0.00720398 0.00193511 0.000435697 7.9316e-05 1.44483e-05 2.41651e-06 3.58652e-07 4.56495e-08 4.47254e-09 2.40593e-10 0 
0 1.71937e-06 1.71674e-05 8.28646e-05 0.000259439 0.000573032 0.000952946 0.00129053 0.00153725 0.00170489 0.00181923 0.00189708 0.00194544 0.00196629 0.00196011 0.00192729 0.00186808 0.00178136 0.00166271 0.00150271 0.00128891 0.0010192 0.000734479 0.000580984 0.00097976 0.00275675 0.00718191 0.0108421 0.0111886 0.00987089 0.00445499 0.00143356 0.000322862 5.78603e-05 9.78274e-06 1.53712e-06 2.23103e-07 2.83665e-08 2.79331e-09 1.51146e-10 0 
0 6.30583e-07 6.29699e-06 3.14025e-05 0.000106393 0.000266452 0.000515657 0.000807324 0.00107769 0.00128972 0.00143898 0.00153614 0.00159294 0.00161745 0.00161405 0.00158439 0.00152782 0.00144139 0.00132023 0.0011598 0.000962049 0.000744393 0.000542673 0.000415032 0.00055668 0.00140318 0.00323801 0.00601483 0.00720398 0.00445499 0.00215217 0.000712225 0.000164664 3.07711e-05 5.15047e-06 8.00547e-07 1.17311e-07 1.5168e-08 1.51898e-09 8.34508e-11 0 
0 2.09159e-07 2.06081e-06 1.03488e-05 3.64216e-05 9.83472e-05 0.000212153 0.000376922 0.000569628 0.000757861 0.000916723 0.00103505 0.00111176 0.00115002 0.0011534 0.00112434 0.00106409 0.000973649 0.000855705 0.000717424 0.000572814 0.000441625 0.000340914 0.000275964 0.000283522 0.000519381 0.00109615 0.00175696 0.00193511 0.00143356 0.000712225 0.000241191 5.98384e-05 1.20368e-05 2.09867e-06 3.41101e-07 5.21682e-08 6.97618e-09 7.18128e-10 4.03998e-11 0 
0 6.2815e-08 6.05267e-07 3.00916e-06 1.06874e-05 2.98437e-05 6.83177e-05 0.000131572 0.000218003 0.000317831 0.000416884 0.000501977 0.000564137 0.000598936 0.000605365 0.000584691 0.000539948 0.00047604 0.000400077 0.000321318 0.000250126 0.000195637 0.000162307 0.000146779 0.000144284 0.000176085 0.000278138 0.000405904 0.000435697 0.000322862 0.000164664 5.98384e-05 1.63957e-05 3.5922e-06 6.84121e-07 1.2133e-07 1.97899e-08 2.76843e-09 2.95377e-10 1.71364e-11 0 
0 1.70711e-08 1.60026e-07 7.79737e-07 2.74567e-06 7.71551e-06 1.80705e-05 3.6167e-05 6.30119e-05 9.71401e-05 0.000134562 0.000169883 0.000197877 0.000214725 0.000218596 0.000209697 0.000190038 0.000163033 0.000132946 0.000104182 8.05143e-05 6.4416e-05 5.65871e-05 5.56036e-05 5.83424e-05 6.31569e-05 7.21579e-05 8.21602e-05 7.9316e-05 5.78603e-05 3.07711e-05 1.20368e-05 3.5922e-06 8.75356e-07 1.8833e-07 3.69902e-08 6.46881e-09 9.51522e-10 1.05809e-10 6.36426e-12 0 
0 4.18264e-09 3.80419e-08 1.80689e-07 6.24733e-07 1.73965e-06 4.07909e-06 8.25593e-06 1.46692e-05 2.31915e-05 3.30084e-05 4.27391e-05 5.08013e-05 5.58539e-05 5.71424e-05 5.46524e-05 4.90609e-05 4.15324e-05 3.34275e-05 2.60071e-05 2.02078e-05 1.65326e-05 1.50358e-05 1.53238e-05 1.65764e-05 1.77982e-05 1.82567e-05 1.73673e-05 1.44483e-05 9.78274e-06 5.15047e-06 2.09867e-06 6.84121e-07 1.8833e-07 4.56635e-08 9.81867e-09 1.83189e-09 2.83661e-10 3.29809e-11 2.06411e-12 0 
0 9.15274e-10 8.06923e-09 3.72706e-08 1.25931e-07 3.44793e-07 8.00274e-07 1.61403e-06 2.87457e-06 4.57562e-06 6.5739e-06 8.59714e-06 1.03087e-05 1.14044e-05 1.17019e-05 1.11892e-05 1.00179e-05 8.45171e-06 6.7907e-06 5.30055e-06 4.16559e-06 3.4725e-06 3.21442e-06 3.29751e-06 3.54491e-06 3.72647e-06 3.63789e-06 3.1838e-06 2.41651e-06 1.53712e-06 8.00547e-07 3.41101e-07 1.2133e-07 3.69902e-08 9.81867e-09 2.2674e-09 4.48341e-10 7.30466e-11 8.8929e-12 5.80293e-13 0 
0 1.75341e-10 1.49869e-09 6.72745e-09 2.21722e-08 5.94811e-08 1.35932e-07 2.71249e-07 4.80099e-07 7.62262e-07 1.09531e-06 1.43493e-06 1.72472e-06 1.91237e-06 1.96566e-06 1.88175e-06 1.68658e-06 1.4256e-06 1.15024e-06 9.05303e-07 7.20952e-07 6.10074e-07 5.69125e-07 5.79734e-07 6.10617e-07 6.23553e-07 5.87012e-07 4.92179e-07 3.58652e-07 2.23103e-07 1.17311e-07 5.21682e-08 1.97899e-08 6.46881e-09 1.83189e-09 4.48341e-10 9.35019e-11 1.60082e-11 2.04076e-12 1.38947e-13 0 
0 2.81804e-11 2.33731e-10 1.02018e-09 3.27895e-09 8.609e-09 1.93298e-08 3.80451e-08 6.66617e-08 1.05115e-07 1.50406e-07 1.96613e-07 2.36152e-07 2.6193e-07 2.69523e-07 2.58491e-07 2.32339e-07 1.97259e-07 1.60265e-07 1.2745e-07 1.02857e-07 8.80847e-08 8.23757e-08 8.29166e-08 8.53326e-08 8.47506e-08 7.76327e-08 6.35906e-08 4.56495e-08 2.83665e-08 1.5168e-08 6.97618e-09 2.76843e-09 9.51522e-10 2.83661e-10 7.30466e-11 1.60082e-11 2.87435e-12 3.8332e-13 2.72238e-14 0 
0 3.43067e-12 2.76487e-11 1.17476e-10 3.68481e-10 9.46989e-10 2.0881e-09 4.04945e-09 7.01345e-09 1.09634e-08 1.55915e-08 2.03012e-08 2.43322e-08 2.69724e-08 2.77757e-08 2.66951e-08 2.40817e-08 2.05599e-08 1.684e-08 1.35399e-08 1.10661e-08 9.56791e-09 8.94479e-09 8.88623e-09 8.94558e-09 8.66879e-09 7.76977e-09 6.26811e-09 4.47254e-09 2.79331e-09 1.51898e-09 7.18128e-10 2.95377e-10 1.05809e-10 3.29809e-11 8.8929e-12 2.04076e-12 3.8332e-13 5.33837e-14 3.95076e-15 0 
0 2.26082e-13 1.7733e-12 7.34535e-12 2.25118e-11 5.66786e-11 1.22785e-10 2.34625e-10 4.01543e-10 6.21912e-10 8.78442e-10 1.13851e-09 1.36087e-09 1.50704e-09 1.55288e-09 1.49579e-09 1.35472e-09 1.16362e-09 9.61238e-10 7.81367e-10 6.4608e-10 5.62908e-10 5.25235e-10 5.15081e-10 5.08255e-10 4.82114e-10 4.24353e-10 3.38339e-10 2.40593e-10 1.51146e-10 8.34508e-11 4.03998e-11 1.71364e-11 6.36426e-12 2.06411e-12 5.80293e-13 1.38947e-13 2.72238e-14 3.95076e-15 3.04211e-16 0 
0 0 0 0 0 0 0 0 0 0 0 0 0 0 0 0 0 0 0 0 0 0 0 0 0 0 0 0 0 0 0 0 0 0 0 0 0 0 0 0 0 
