0 0 0 0 0 0 0 0 0 0 0 0 0 0 0 0 0 0 0 0 0 0 0 0 0 0 0 0 0 0 0 0 0 0 0 0 0 0 0 0 0 
0 1.90233e-07 1.66609e-06 7.09155e-06 2.03064e-05 4.36966e-05 7.56523e-05 0.000111315 0.000145563 0.00017505 0.000198387 0.000215425 0.000226555 0.000232284 0.000233056 0.000229206 0.000220969 0.000208519 0.000192036 0.000171822 0.000148442 0.000122871 9.65513e-05 7.12858e-05 4.89161e-05 3.08653e-05 1.77401e-05 9.22041e-06 4.31422e-06 1.81418e-06 6.85931e-07 2.33546e-07 7.17037e-08 1.98482e-08 4.93728e-09 1.09386e-09 2.11667e-10 3.42952e-11 4.20236e-12 2.78391e-13 0 
0 1.66609e-06 1.47437e-05 6.01766e-05 0.000154991 0.00028495 0.00041306 0.00051502 0.000589096 0.000643016 0.00068342 0.000713429 0.000733802 0.000744452 0.000745383 0.000737084 0.000720537 0.000696987 0.000667508 0.000632458 0.000590963 0.000540768 0.000478953 0.000403845 0.000317671 0.000228138 0.000146647 8.31346e-05 4.1246e-05 1.7901e-05 6.82947e-06 2.30714e-06 6.94885e-07 1.87394e-07 4.52442e-08 9.71405e-09 1.82134e-09 2.86155e-10 3.40455e-11 2.19344e-12 0 
0 7.09155e-06 6.01766e-05 0.000215592 0.000450311 0.000661612 0.000809457 0.000921932 0.0010249 0.00112391 0.00121414 0.00128878 0.00134238 0.00137163 0.00137549 0.00135499 0.00131295 0.00125361 0.0011823 0.00110485 0.00102687 0.00095245 0.000881997 0.000809873 0.000723847 0.000610281 0.000466411 0.000310786 0.00017565 8.33669e-05 3.34337e-05 1.15046e-05 3.45369e-06 9.16021e-07 2.15919e-07 4.50995e-08 8.21652e-09 1.25462e-09 1.45222e-10 9.11585e-12 0 
0 2.03064e-05 0.000154991 0.000450311 0.000745894 0.000953594 0.0011363 0.00133326 0.00153959 0.0017389 0.00191623 0.00205996 0.00216195 0.00221754 0.00222553 0.00218792 0.00210953 0.00199736 0.00186 0.00170693 0.00154801 0.0013931 0.00125144 0.00112991 0.00102861 0.000934095 0.00081734 0.000650396 0.000441539 0.000244324 0.00010883 3.96566e-05 1.21594e-05 3.21878e-06 7.47411e-07 1.52771e-07 2.71593e-08 4.04385e-09 4.56642e-10 2.7996e-11 0 
0 4.36966e-05 0.00028495 0.000661612 0.000953594 0.00121411 0.00151394 0.00184431 0.00217934 0.0024958 0.00277411 0.0029984 0.00315717 0.00324375 0.00325649 0.00319851 0.0030771 0.00290279 0.00268828 0.00244739 0.002194 0.00194138 0.00170183 0.00148674 0.00130615 0.00116488 0.00105177 0.000928047 0.000742572 0.000493111 0.000256064 0.000103222 3.33229e-05 8.97045e-06 2.07539e-06 4.18171e-07 7.29171e-08 1.06288e-08 1.17478e-09 7.05459e-11 0 
0 7.56523e-05 0.00041306 0.000809457 0.0011363 0.00151394 0.00195586 0.00242942 0.00290293 0.00334756 0.00373751 0.00405135 0.00427337 0.00439446 0.00441237 0.00433145 0.00416185 0.00391812 0.00361778 0.00327974 0.00292285 0.00256473 0.00222098 0.00190494 0.00162826 0.00140142 0.00123032 0.00110162 0.000963014 0.000745558 0.000458573 0.000211557 7.41139e-05 2.07061e-05 4.8333e-06 9.67688e-07 1.6643e-07 2.38524e-08 2.58962e-09 1.52781e-10 0 
0 0.000111315 0.00051502 0.000921932 0.00133326 0.00184431 0.00242942 0.00304933 0.00366667 0.00424535 0.00475249 0.00516122 0.00545283 0.00561472 0.00563911 0.00553022 0.00530561 0.00498689 0.00459585 0.00415576 0.00369055 0.00322264 0.00277162 0.00235357 0.00198125 0.00166519 0.00141497 0.00123413 0.00109814 0.000931359 0.00066299 0.00035395 0.000137555 4.06197e-05 9.68218e-06 1.94126e-06 3.31117e-07 4.68571e-08 5.01481e-09 2.91578e-10 0 
0 0.000145563 0.000589096 0.0010249 0.00153959 0.00217934 0.00290293 0.00366667 0.00442622 0.00513797 0.00576533 0.00629106 0.0067033 0.00695138 0.00699165 0.00682481 0.00649272 0.00606171 0.00556831 0.00502494 0.00445222 0.00387575 0.00331909 0.0028014 0.00233718 0.00193708 0.00160982 0.0013632 0.00119268 0.00104723 0.000825297 0.000503203 0.000218684 6.91043e-05 1.69834e-05 3.43286e-06 5.83542e-07 8.18584e-08 8.6652e-09 4.98009e-10 0 
0 0.00017505 0.000643016 0.00112391 0.0017389 0.0024958 0.00334756 0.00424535 0.00513797 0.00597959 0.0067609 0.007481 0.00799506 0.00824712 0.00828456 0.00812544 0.00774885 0.00716423 0.00650244 0.00583994 0.0051637 0.00448574 0.00383066 0.00322047 0.00267161 0.00219531 0.00179936 0.00149087 0.00127336 0.00111978 0.000935501 0.000633567 0.000305936 0.000103879 2.64724e-05 5.42006e-06 9.21766e-07 1.28606e-07 1.35058e-08 7.69363e-10 0 
0 0.000198387 0.00068342 0.00121414 0.00191623 0.00277411 0.00373751 0.00475249 0.00576533 0.0067609 0.00775054 0.00846244 0.00883773 0.00900987 0.00903458 0.00892371 0.00865786 0.00817302 0.00741192 0.00657465 0.00578662 0.00501767 0.00427672 0.00358606 0.0029638 0.00242199 0.00196795 0.00160729 0.00134526 0.00116959 0.00100436 0.000732642 0.000386647 0.000140467 3.71521e-05 7.72268e-06 1.31737e-06 1.83289e-07 1.91449e-08 1.08362e-09 0 
0 0.000215425 0.000713429 0.00128878 0.00205996 0.0029984 0.00405135 0.00516122 0.00629106 0.007481 0.00846244 0.00899956 0.00928948 0.00942709 0.00944633 0.00935523 0.0091427 0.00877066 0.00814608 0.00722413 0.0062961 0.00544308 0.00463263 0.0038777 0.00319696 0.00260317 0.00210349 0.00170235 0.00140451 0.00120514 0.00104531 0.000799925 0.000451699 0.000173683 4.75009e-05 1.00218e-05 1.71689e-06 2.38652e-07 2.48454e-08 1.40027e-09 0 
0 0.000226555 0.000733802 0.00134238 0.00216195 0.00315717 0.00427337 0.00545283 0.0067033 0.00799506 0.00883773 0.00928948 0.00954243 0.00966436 0.00968082 0.00959828 0.00940881 0.00908498 0.00855904 0.0077065 0.00667493 0.00574194 0.00488048 0.00408048 0.00335889 0.00272888 0.00219758 0.00176863 0.00144596 0.00122802 0.00106738 0.000840105 0.000496655 0.000199107 5.58922e-05 1.1939e-05 2.05408e-06 2.85587e-07 2.96826e-08 1.66878e-09 0 
0 0.000232284 0.000744452 0.00137163 0.00221754 0.00324375 0.00439446 0.00561472 0.00695138 0.00824712 0.00900987 0.00942709 0.00966436 0.00977925 0.00979409 0.00971471 0.00953437 0.00922971 0.00874388 0.0079524 0.00689027 0.00590109 0.00500996 0.00418583 0.00344253 0.00279334 0.00224534 0.00180176 0.00146591 0.00123748 0.00107521 0.000858205 0.000520465 0.000213875 6.10228e-05 1.3143e-05 2.26878e-06 3.157e-07 3.2801e-08 1.84247e-09 0 
0 0.000233056 0.000745383 0.00137549 0.00222553 0.00325649 0.00441237 0.00563911 0.00699165 0.00828456 0.00903458 0.00944633 0.00968082 0.00979409 0.00980796 0.00972815 0.0095481 0.00924498 0.00876351 0.00798037 0.00691365 0.00591396 0.00501863 0.00419171 0.00344609 0.00279494 0.00224527 0.00180015 0.00146267 0.00123276 0.00107078 0.000857615 0.000523734 0.000216815 6.22002e-05 1.34411e-05 2.32465e-06 3.23839e-07 3.36711e-08 1.89236e-09 0 
0 0.000229206 0.000737084 0.00135499 0.00218792 0.00319851 0.00433145 0.00553022 0.00682481 0.00812544 0.00892371 0.00935523 0.00959828 0.00971471 0.00972815 0.00964468 0.00945695 0.00913976 0.00863142 0.00780473 0.00674763 0.00578583 0.00491169 0.00410228 0.0033727 0.00273593 0.00219883 0.00176455 0.00143639 0.00121367 0.00105449 0.000839732 0.00050763 0.000208246 5.9442e-05 1.28251e-05 2.21907e-06 3.0955e-07 3.22419e-08 1.81548e-09 0 
0 0.000220969 0.000720537 0.00131295 0.00210953 0.0030771 0.00416185 0.00530561 0.00649272 0.00774885 0.00865786 0.0091427 0.00940881 0.00953437 0.0095481 0.00945695 0.00925163 0.00890031 0.0083244 0.00742005 0.00642595 0.00553435 0.00470104 0.00392696 0.00322968 0.00262174 0.00210987 0.00169753 0.00138849 0.00118044 0.00102542 0.000804163 0.000473605 0.000189755 5.34141e-05 1.14614e-05 1.98196e-06 2.76979e-07 2.89333e-08 1.63465e-09 0 
0 0.000208519 0.000696987 0.00125361 0.00199736 0.00290279 0.00391812 0.00498689 0.00606171 0.00716423 0.00817302 0.00877066 0.00908498 0.00922971 0.00924498 0.00913976 0.00890031 0.00848046 0.0077819 0.00686571 0.00599754 0.00518217 0.00440349 0.00367918 0.00302739 0.00246004 0.00198377 0.00160262 0.00132083 0.00113264 0.000980827 0.000749241 0.0004238 0.000163998 4.52523e-05 9.636e-06 1.6653e-06 2.33387e-07 2.4487e-08 1.39045e-09 0 
0 0.000192036 0.000667508 0.0011823 0.00186 0.00268828 0.00361778 0.00459585 0.00556831 0.00650244 0.00741192 0.00814608 0.00855904 0.00874388 0.00876351 0.00863142 0.0083244 0.0077819 0.0070238 0.00624672 0.00549452 0.00475287 0.00403887 0.00337484 0.00277801 0.00225966 0.00182646 0.00148327 0.00123427 0.00106756 0.00091549 0.00067316 0.000361846 0.00013447 3.63118e-05 7.67709e-06 1.3279e-06 1.86979e-07 1.97436e-08 1.12903e-09 0 
0 0.000171822 0.000632458 0.00110485 0.00170693 0.00244739 0.00327974 0.00415576 0.00502494 0.00583994 0.00657465 0.00722413 0.0077065 0.0079524 0.00798037 0.00780473 0.00742005 0.00686571 0.00624672 0.00560286 0.00493765 0.00427113 0.00362839 0.0030308 0.00249424 0.00202938 0.00164321 0.00134136 0.00112643 0.000977972 0.000821883 0.000576287 0.000293632 0.000105093 2.78942e-05 5.87879e-06 1.02111e-06 1.44861e-07 1.54314e-08 8.9053e-10 0 
0 0.000148442 0.000590963 0.00102687 0.00154801 0.002194 0.00292285 0.00369055 0.00445222 0.0051637 0.00578662 0.0062961 0.00667493 0.00689027 0.00691365 0.00674763 0.00642595 0.00599754 0.00549452 0.00493765 0.0043514 0.00376197 0.00319296 0.00266354 0.00218815 0.00177699 0.00143741 0.0011751 0.000988865 0.000851276 0.000693805 0.000464616 0.000227311 7.95716e-05 2.10085e-05 4.44766e-06 7.79432e-07 1.1173e-07 1.20285e-08 7.01242e-10 0 
0 0.000122871 0.000540768 0.00095245 0.0013931 0.00194138 0.00256473 0.00322264 0.00387575 0.00448574 0.00501767 0.00544308 0.00574194 0.00590109 0.00591396 0.00578583 0.00553435 0.00518217 0.00475287 0.00427113 0.00376197 0.00324877 0.00275193 0.00228818 0.00187049 0.00150862 0.00120979 0.000977928 0.00080846 0.000677364 0.000536042 0.00035214 0.000171726 6.06337e-05 1.62226e-05 3.48093e-06 6.17415e-07 8.94357e-08 9.7156e-09 5.70799e-10 0 
0 9.65513e-05 0.000478953 0.000881997 0.00125144 0.00170183 0.00222098 0.00277162 0.00331909 0.00383066 0.00427672 0.00463263 0.00488048 0.00500996 0.00501863 0.00491169 0.00470104 0.00440349 0.00403887 0.00362839 0.00319296 0.00275193 0.00232221 0.00191796 0.00155088 0.00123074 0.000964724 0.000754785 0.000596536 0.000478651 0.000375796 0.00025676 0.00013288 4.93262e-05 1.36182e-05 2.9712e-06 5.31262e-07 7.72311e-08 8.40027e-09 4.93495e-10 0 
0 7.12858e-05 0.000403845 0.000809873 0.00112991 0.00148674 0.00190494 0.00235357 0.0028014 0.00322047 0.00358606 0.0038777 0.00408048 0.00418583 0.00419171 0.00410228 0.00392696 0.00367918 0.00337484 0.0030308 0.00266354 0.00228818 0.00191796 0.00156481 0.0012418 0.000966811 0.000756984 0.000606099 0.000480996 0.000363594 0.000267507 0.000190177 0.000109927 4.45492e-05 1.28115e-05 2.82252e-06 5.02409e-07 7.23382e-08 7.78289e-09 4.52321e-10 0 
0 4.89161e-05 0.000317671 0.000723847 0.00102861 0.00130615 0.00162826 0.00198125 0.00233718 0.00267161 0.0029638 0.00319696 0.00335889 0.00344253 0.00344609 0.0033727 0.00322968 0.00302739 0.00277801 0.00249424 0.00218815 0.00187049 0.00155088 0.0012418 0.000973628 0.000810953 0.000802271 0.000867903 0.00082519 0.000606309 0.000345078 0.00017974 9.87579e-05 4.3438e-05 1.30289e-05 2.86862e-06 5.01631e-07 7.06851e-08 7.44862e-09 4.24813e-10 0 
0 3.08653e-05 0.000228138 0.000610281 0.000934095 0.00116488 0.00140142 0.00166519 0.00193708 0.00219531 0.00242199 0.00260317 0.00272888 0.00279334 0.00279494 0.00273593 0.00262174 0.00246004 0.00225966 0.00202938 0.00177699 0.00150862 0.00123074 0.000966811 0.000810953 0.000952454 0.00150153 0.00228335 0.00269481 0.00170723 0.000868266 0.000321657 0.000112162 4.40492e-05 1.33672e-05 2.90777e-06 4.95434e-07 6.79538e-08 6.98886e-09 3.90235e-10 0 
0 1.77401e-05 0.000146647 0.000466411 0.00081734 0.00105177 0.00123032 0.00141497 0.00160982 0.00179936 0.00196795 0.00210349 0.00219758 0.00224534 0.00224527 0.00219883 0.00210987 0.00198377 0.00182646 0.00164321 0.00143741 0.00120979 0.000964724 0.000756984 0.000802271 0.00150153 0.00328612 0.00585742 0.00615594 0.0047818 0.00200489 0.000678284 0.000172821 4.76338e-05 1.32052e-05 2.76977e-06 4.57069e-07 6.10477e-08 6.14242e-09 3.36717e-10 0 
0 9.22041e-06 8.31346e-05 0.000310786 0.000650396 0.000928047 0.00110162 0.00123413 0.0013632 0.00149087 0.00160729 0.00170235 0.00176863 0.00180176 0.00180015 0.00176455 0.00169753 0.00160262 0.00148327 0.00134136 0.0011751 0.000977928 0.000754785 0.000606099 0.000867903 0.00228335 0.00585742 0.00670409 0.00681136 0.00639008 0.00403939 0.00108719 0.000251339 5.25893e-05 1.21892e-05 2.38116e-06 3.78434e-07 4.94277e-08 4.89675e-09 2.65184e-10 0 
0 4.31422e-06 4.1246e-05 0.00017565 0.000441539 0.000742572 0.000963014 0.00109814 0.00119268 0.00127336 0.00134526 0.00140451 0.00144596 0.00146591 0.00146267 0.00143639 0.00138849 0.00132083 0.00123427 0.00112643 0.000988865 0.00080846 0.000596536 0.000480996 0.00082519 0.00269481 0.00615594 0.00681136 0.00689911 0.00656244 0.00480045 0.00119924 0.000269698 5.02745e-05 9.9665e-06 1.78634e-06 2.73643e-07 3.52351e-08 3.46854e-09 1.87115e-10 0 
0 1.81418e-06 1.7901e-05 8.33669e-05 0.000244324 0.000493111 0.000745558 0.000931359 0.00104723 0.00111978 0.00116959 0.00120514 0.00122802 0.00123748 0.00123276 0.00121367 0.00118044 0.00113264 0.00106756 0.000977972 0.000851276 0.000677364 0.000478651 0.000363594 0.000606309 0.00170723 0.0047818 0.00639008 0.00656244 0.00604966 0.00292263 0.000887064 0.000199936 3.67917e-05 6.73278e-06 1.13146e-06 1.69569e-07 2.18055e-08 2.15636e-09 1.16963e-10 0 
0 6.85931e-07 6.82947e-06 3.34337e-05 0.00010883 0.000256064 0.000458573 0.00066299 0.000825297 0.000935501 0.00100436 0.00104531 0.00106738 0.00107521 0.00107078 0.00105449 0.00102542 0.000980827 0.00091549 0.000821883 0.000693805 0.000536042 0.000375796 0.000267507 0.000345078 0.000868266 0.00200489 0.00403939 0.00480045 0.00292263 0.00133172 0.000440724 0.000102282 1.987e-05 3.58427e-06 5.91192e-07 8.91111e-08 1.16343e-08 1.16921e-09 6.43639e-11 0 
0 2.33546e-07 2.30714e-06 1.15046e-05 3.96566e-05 0.000103222 0.000211557 0.00035395 0.000503203 0.000633567 0.000732642 0.000799925 0.000840105 0.000858205 0.000857615 0.000839732 0.000804163 0.000749241 0.00067316 0.000576287 0.000464616 0.00035214 0.00025676 0.000190177 0.00017974 0.000321657 0.000678284 0.00108719 0.00119924 0.000887064 0.000440724 0.000149454 3.77192e-05 8.00429e-06 1.49148e-06 2.54079e-07 3.96905e-08 5.34559e-09 5.51751e-10 3.10901e-11 0 
0 7.17037e-08 6.94885e-07 3.45369e-06 1.21594e-05 3.33229e-05 7.41139e-05 0.000137555 0.000218684 0.000305936 0.000386647 0.000451699 0.000496655 0.000520465 0.000523734 0.00050763 0.000473605 0.0004238 0.000361846 0.000293632 0.000227311 0.000171726 0.00013288 0.000109927 9.87579e-05 0.000112162 0.000172821 0.000251339 0.000269698 0.000199936 0.000102282 3.77192e-05 1.07395e-05 2.48728e-06 4.98762e-07 9.13084e-08 1.50907e-08 2.12051e-09 2.26675e-10 1.31675e-11 0 
0 1.98482e-08 1.87394e-07 9.16021e-07 3.21878e-06 8.97045e-06 2.07061e-05 4.06197e-05 6.91043e-05 0.000103879 0.000140467 0.000173683 0.000199107 0.000213875 0.000216815 0.000208246 0.000189755 0.000163998 0.00013447 0.000105093 7.95716e-05 6.06337e-05 4.93262e-05 4.45492e-05 4.3438e-05 4.40492e-05 4.76338e-05 5.25893e-05 5.02745e-05 3.67917e-05 1.987e-05 8.00429e-06 2.48728e-06 6.32244e-07 1.40485e-07 2.80699e-08 4.94182e-09 7.28714e-10 8.1138e-11 4.88526e-12 0 
0 4.93728e-09 4.52442e-08 2.15919e-07 7.47411e-07 2.07539e-06 4.8333e-06 9.68218e-06 1.69834e-05 2.64724e-05 3.71521e-05 4.75009e-05 5.58922e-05 6.10228e-05 6.22002e-05 5.9442e-05 5.34141e-05 4.52523e-05 3.63118e-05 2.78942e-05 2.10085e-05 1.62226e-05 1.36182e-05 1.28115e-05 1.30289e-05 1.33672e-05 1.32052e-05 1.21892e-05 9.9665e-06 6.73278e-06 3.58427e-06 1.49148e-06 4.98762e-07 1.40485e-07 3.45752e-08 7.48777e-09 1.40101e-09 2.17226e-10 2.52792e-11 1.58335e-12 0 
0 1.09386e-09 9.71405e-09 4.50995e-08 1.52771e-07 4.18171e-07 9.67688e-07 1.94126e-06 3.43286e-06 5.42006e-06 7.72268e-06 1.00218e-05 1.1939e-05 1.3143e-05 1.34411e-05 1.28251e-05 1.14614e-05 9.636e-06 7.67709e-06 5.87879e-06 4.44766e-06 3.48093e-06 2.9712e-06 2.82252e-06 2.86862e-06 2.90777e-06 2.76977e-06 2.38116e-06 1.78634e-06 1.13146e-06 5.91192e-07 2.54079e-07 9.13084e-08 2.80699e-08 7.48777e-09 1.7332e-09 3.43098e-10 5.59399e-11 6.81453e-12 4.44943e-13 0 
0 2.11667e-10 1.82134e-09 8.21652e-09 2.71593e-08 7.29171e-08 1.6643e-07 3.31117e-07 5.83542e-07 9.21766e-07 1.31737e-06 1.71689e-06 2.05408e-06 2.26878e-06 2.32465e-06 2.21907e-06 1.98196e-06 1.6653e-06 1.3279e-06 1.02111e-06 7.79432e-07 6.17415e-07 5.31262e-07 5.02409e-07 5.01631e-07 4.95434e-07 4.57069e-07 3.78434e-07 2.73643e-07 1.69569e-07 8.91111e-08 3.96905e-08 1.50907e-08 4.94182e-09 1.40101e-09 3.43098e-10 7.1584e-11 1.22606e-11 1.56368e-12 1.06513e-13 0 
0 3.42952e-11 2.86155e-10 1.25462e-09 4.04385e-09 1.06288e-08 2.38524e-08 4.68571e-08 8.18584e-08 1.28606e-07 1.83289e-07 2.38652e-07 2.85587e-07 3.157e-07 3.23839e-07 3.0955e-07 2.76979e-07 2.33387e-07 1.86979e-07 1.44861e-07 1.1173e-07 8.94357e-08 7.72311e-08 7.23382e-08 7.06851e-08 6.79538e-08 6.10477e-08 4.94277e-08 3.52351e-08 2.18055e-08 1.16343e-08 5.34559e-09 2.12051e-09 7.28714e-10 2.17226e-10 5.59399e-11 1.22606e-11 2.20189e-12 2.93719e-13 2.0867e-14 0 
0 4.20236e-12 3.40455e-11 1.45222e-10 4.56642e-10 1.17478e-09 2.58962e-09 5.01481e-09 8.6652e-09 1.35058e-08 1.91449e-08 2.48454e-08 2.96826e-08 3.2801e-08 3.36711e-08 3.22419e-08 2.89333e-08 2.4487e-08 1.97436e-08 1.54314e-08 1.20285e-08 9.7156e-09 8.40027e-09 7.78289e-09 7.44862e-09 6.98886e-09 6.14242e-09 4.89675e-09 3.46854e-09 2.15636e-09 1.16921e-09 5.51751e-10 2.26675e-10 8.1138e-11 2.52792e-11 6.81453e-12 1.56368e-12 2.93719e-13 4.09107e-14 3.02829e-15 0 
0 2.78391e-13 2.19344e-12 9.11585e-12 2.7996e-11 7.05459e-11 1.52781e-10 2.91578e-10 4.98009e-10 7.69363e-10 1.08362e-09 1.40027e-09 1.66878e-09 1.84247e-09 1.89236e-09 1.81548e-09 1.63465e-09 1.39045e-09 1.12903e-09 8.9053e-10 7.01242e-10 5.70799e-10 4.93495e-10 4.52321e-10 4.24813e-10 3.90235e-10 3.36717e-10 2.65184e-10 1.87115e-10 1.16963e-10 6.43639e-11 3.10901e-11 1.31675e-11 4.88526e-12 1.58335e-12 4.44943e-13 1.06513e-13 2.0867e-14 3.02829e-15 2.33203e-16 0 
0 0 0 0 0 0 0 0 0 0 0 0 0 0 0 0 0 0 0 0 0 0 0 0 0 0 0 0 0 0 0 0 0 0 0 0 0 0 0 0 0 
