0 0 0 0 0 0 0 0 0 0 0 0 0 0 0 0 0 0 0 0 0 0 0 0 0 0 0 0 0 0 0 0 0 0 0 0 0 0 0 0 0 
0 3.85152e-10 3.66195e-09 1.83719e-08 6.79153e-08 2.04704e-07 5.25176e-07 1.17212e-06 2.30469e-06 4.02554e-06 6.28477e-06 8.81492e-06 1.11567e-05 1.27921e-05 1.33318e-05 1.26643e-05 1.09895e-05 8.72603e-06 6.34858e-06 4.23704e-06 2.59705e-06 1.46386e-06 7.59969e-07 3.64053e-07 1.61254e-07 6.61924e-08 2.52385e-08 8.95866e-09 2.96624e-09 9.17533e-10 2.65377e-10 7.17604e-11 1.81141e-11 4.25283e-12 9.22239e-13 1.82417e-13 3.21637e-14 4.83134e-15 5.56867e-16 3.51238e-17 0 
0 3.66195e-09 3.6159e-08 1.88366e-07 7.22049e-07 2.25114e-06 5.95357e-06 1.3641e-05 2.74082e-05 4.86887e-05 7.69593e-05 0.000108848 0.000138465 0.00015916 0.000165966 0.000157485 0.000136288 0.000107725 7.78448e-05 5.14669e-05 3.11592e-05 1.72949e-05 8.81502e-06 4.13429e-06 1.78859e-06 7.15692e-07 2.65616e-07 9.1679e-08 2.95002e-08 8.86676e-09 2.4924e-09 6.55334e-10 1.60968e-10 3.68081e-11 7.78241e-12 1.5026e-12 2.58932e-13 3.80603e-14 4.29831e-15 2.65977e-16 0 
0 1.83719e-08 1.88366e-07 1.01871e-06 4.04732e-06 1.30396e-05 3.54884e-05 8.32464e-05 0.000170263 0.000306105 0.000487135 0.000690892 0.000879125 0.0010098 0.00105237 0.000998621 0.000864604 0.000683484 0.000493271 0.000324897 0.000195303 0.00010722 5.38428e-05 2.47899e-05 1.04954e-05 4.09957e-06 1.48244e-06 4.97916e-07 1.55799e-07 4.55254e-08 1.24433e-08 3.18294e-09 7.61186e-10 1.69633e-10 3.49935e-11 6.6003e-12 1.11255e-12 1.60179e-13 1.7743e-14 1.07838e-15 0 
0 6.79153e-08 7.22049e-07 4.04732e-06 1.66298e-05 5.51933e-05 0.000153881 0.000367183 0.000757903 0.00136445 0.00216056 0.00303744 0.00382868 0.00436649 0.00453774 0.00431568 0.00376166 0.00300187 0.00218779 0.00145209 0.000875948 0.000479985 0.000239205 0.000108714 4.52282e-05 1.72982e-05 6.10894e-06 2.00037e-06 6.09593e-07 1.73408e-07 4.61438e-08 1.14966e-08 2.67992e-09 5.8272e-10 1.17425e-10 2.1663e-11 3.57642e-12 5.05044e-13 5.49516e-14 3.28557e-15 0 
0 2.04704e-07 2.25114e-06 1.30396e-05 5.51933e-05 0.000187671 0.000531739 0.00127603 0.00261784 0.00463273 0.00715482 0.00978458 0.0120338 0.0134954 0.0139394 0.0133301 0.0118063 0.00964797 0.00722708 0.00492591 0.00303619 0.00168672 0.000844667 0.000382499 0.000157435 5.92497e-05 2.05104e-05 6.56662e-06 1.95362e-06 5.4215e-07 1.40721e-07 3.42102e-08 7.7866e-09 1.65478e-09 3.26286e-10 5.89764e-11 9.55314e-12 1.32562e-12 1.41954e-13 8.36723e-15 0 
0 5.25176e-07 5.95357e-06 3.54884e-05 0.000153881 0.000531739 0.0015128 0.0035885 0.00715407 0.0121276 0.017809 0.0231902 0.0274083 0.0299623 0.030674 0.0295746 0.0268363 0.0227732 0.0178763 0.0128059 0.00826363 0.00476011 0.00244027 0.00111664 0.000459292 0.000171288 5.84179e-05 1.83579e-05 5.34896e-06 1.45212e-06 3.68578e-07 8.76373e-08 1.9521e-08 4.06356e-09 7.85734e-10 1.39458e-10 2.2215e-11 3.03641e-12 3.20849e-13 1.86972e-14 0 
0 1.17212e-06 1.3641e-05 8.32464e-05 0.000367183 0.00127603 0.0035885 0.00823284 0.0155392 0.0246011 0.0336906 0.0413123 0.0467218 0.0497527 0.050489 0.0490723 0.0456406 0.0403529 0.033491 0.0256235 0.0176978 0.0108334 0.00581659 0.00273926 0.00114101 0.000425579 0.000143922 4.4606e-05 1.27779e-05 3.40478e-06 8.47666e-07 1.97695e-07 4.32153e-08 8.83585e-09 1.68007e-09 2.9364e-10 4.61367e-11 6.23146e-12 6.52025e-13 3.7713e-14 0 
0 2.30469e-06 2.74082e-05 0.000170263 0.000757903 0.00261784 0.00715407 0.0155392 0.0272118 0.0397536 0.0507415 0.0590492 0.0645598 0.0674945 0.0680891 0.0665263 0.0629344 0.0573843 0.0499162 0.0406885 0.0302982 0.020031 0.011497 0.00568144 0.00243339 0.00091759 0.000310017 9.52838e-05 2.69528e-05 7.07598e-06 1.73403e-06 3.98021e-07 8.56687e-08 1.72622e-08 3.23881e-09 5.5947e-10 8.70446e-11 1.1668e-11 1.21484e-12 7.01279e-14 0 
0 4.02554e-06 4.86887e-05 0.000306105 0.00136445 0.00463273 0.0121276 0.0246011 0.0397536 0.0539885 0.0653137 0.0734901 0.078844 0.0816639 0.082144 0.0804492 0.0767417 0.0711509 0.0637137 0.0543638 0.0431504 0.0307977 0.0190835 0.0100423 0.0044854 0.00172873 0.000588123 0.000180303 5.06007e-05 1.31434e-05 3.183e-06 7.21889e-07 1.53601e-07 3.06293e-08 5.69589e-09 9.77129e-10 1.5135e-10 2.02573e-11 2.11317e-12 1.22694e-13 0 
0 6.28477e-06 7.69593e-05 0.000487135 0.00216056 0.00715482 0.017809 0.0336906 0.0507415 0.0653137 0.0764684 0.0845643 0.089963 0.0928279 0.0932625 0.0914097 0.0874727 0.0816765 0.0741818 0.0649751 0.0538643 0.0408965 0.0272413 0.0153429 0.00721199 0.00286631 0.000988932 0.000304132 8.5093e-05 2.19676e-05 5.2811e-06 1.18894e-06 2.51323e-07 4.98619e-08 9.24491e-09 1.5856e-09 2.46368e-10 3.32098e-11 3.5046e-12 2.06818e-13 0 
0 8.81492e-06 0.000108848 0.000690892 0.00303744 0.00978458 0.0231902 0.0413123 0.0590492 0.0734901 0.0845643 0.092789 0.0983806 0.101369 0.101793 0.0997861 0.0955826 0.0894793 0.0817546 0.072537 0.061671 0.0488533 0.0344863 0.0206773 0.0102466 0.00421967 0.00148428 0.000460203 0.000128993 3.32618e-05 7.9798e-06 1.79363e-06 3.79099e-07 7.53791e-08 1.40514e-08 2.43252e-09 3.83265e-10 5.26538e-11 5.69192e-12 3.45652e-13 0 
0 1.11567e-05 0.000138465 0.000879125 0.00382868 0.0120338 0.0274083 0.0467218 0.0645598 0.078844 0.089963 0.0983806 0.104169 0.107271 0.107692 0.105563 0.101138 0.0947589 0.0867793 0.0774462 0.0667242 0.0542413 0.0398861 0.0251446 0.0130656 0.00557482 0.00200475 0.000629247 0.000177576 4.59995e-05 1.10863e-05 2.50718e-06 5.34634e-07 1.07662e-07 2.04219e-08 3.61688e-09 5.86279e-10 8.32893e-11 9.34675e-12 5.90355e-13 0 
0 1.27921e-05 0.00015916 0.0010098 0.00436649 0.0134954 0.0299623 0.0497527 0.0674945 0.0816639 0.0928279 0.101369 0.107271 0.110433 0.110845 0.10864 0.104083 0.0975365 0.0893962 0.0799794 0.0693517 0.0571855 0.0431344 0.0281658 0.0151908 0.00668767 0.00245991 0.000784449 0.00022415 5.87653e-05 1.43593e-05 3.30373e-06 7.20174e-07 1.49115e-07 2.92635e-08 5.39356e-09 9.13926e-10 1.36029e-10 1.59836e-11 1.05341e-12 0 
0 1.33318e-05 0.000165966 0.00105237 0.00453774 0.0139394 0.030674 0.050489 0.0680891 0.082144 0.0932625 0.101793 0.107692 0.110845 0.111241 0.10901 0.104423 0.0978499 0.0896982 0.0803156 0.0698226 0.0579491 0.0442897 0.0295257 0.0163315 0.00737177 0.00277244 0.000902053 0.000263016 7.05422e-05 1.77159e-05 4.21554e-06 9.57193e-07 2.07881e-07 4.30265e-08 8.38688e-09 1.50186e-09 2.35224e-10 2.88782e-11 1.97115e-12 0 
0 1.26643e-05 0.000157485 0.000998621 0.00431568 0.0133301 0.0295746 0.0490723 0.0665263 0.0804492 0.0914097 0.0997861 0.105563 0.10864 0.10901 0.106806 0.102293 0.0958341 0.0878313 0.0786286 0.0683574 0.0567861 0.0435511 0.029271 0.0164191 0.00755512 0.00290822 0.000972339 0.000292847 8.16949e-05 2.15199e-05 5.41813e-06 1.31128e-06 3.04775e-07 6.74789e-08 1.3998e-08 2.64415e-09 4.32092e-10 5.47181e-11 3.8115e-12 0 
0 1.09895e-05 0.000136288 0.000864604 0.00376166 0.0118063 0.0268363 0.0456406 0.0629344 0.0767417 0.0874727 0.0955826 0.101138 0.104083 0.104423 0.102293 0.0979465 0.0917296 0.0840186 0.075127 0.0651633 0.0539221 0.0411612 0.0276092 0.0155768 0.00729075 0.00288885 0.00100576 0.000319119 9.49025e-05 2.69349e-05 7.35821e-06 1.93464e-06 4.85918e-07 1.15025e-07 2.51633e-08 4.94078e-09 8.28074e-10 1.06323e-10 7.4401e-12 0 
0 8.72603e-06 0.000107725 0.000683484 0.00300187 0.00964797 0.0227732 0.0403529 0.0573843 0.0711509 0.0816765 0.0894793 0.0947589 0.0975365 0.0978499 0.0958341 0.0917296 0.0858526 0.0785372 0.0700438 0.0604403 0.0495675 0.0373942 0.0248594 0.014067 0.00672998 0.00278398 0.0010325 0.000355246 0.00011611 3.64421e-05 1.09761e-05 3.14548e-06 8.46772e-07 2.10915e-07 4.7717e-08 9.54763e-09 1.61163e-09 2.06558e-10 1.43341e-11 0 
0 6.34858e-06 7.78448e-05 0.000493271 0.00218779 0.00722708 0.0178763 0.033491 0.0499162 0.0637137 0.0741818 0.0817546 0.0867793 0.0893962 0.0896982 0.0878313 0.0840186 0.0785372 0.0716638 0.0635938 0.054369 0.0439435 0.0325865 0.0214318 0.0122308 0.00607365 0.00269047 0.00109811 0.000423586 0.000156133 5.48367e-05 1.81494e-05 5.58529e-06 1.57805e-06 4.04408e-07 9.26539e-08 1.85515e-08 3.10668e-09 3.92665e-10 2.67653e-11 0 
0 4.23704e-06 5.14669e-05 0.000324897 0.00145209 0.00492591 0.0128059 0.0256235 0.0406885 0.0543638 0.0649751 0.072537 0.0774462 0.0799794 0.0803156 0.0786286 0.075127 0.0700438 0.0635938 0.0559241 0.0471146 0.0373351 0.027175 0.0177946 0.0104149 0.00551707 0.00270952 0.00125996 0.0005586 0.000234176 9.13278e-05 3.26014e-05 1.05248e-05 3.04838e-06 7.86892e-07 1.79318e-07 3.54047e-08 5.81392e-09 7.18135e-10 4.77494e-11 0 
0 2.59705e-06 3.11592e-05 0.000195303 0.000875948 0.00303619 0.00826363 0.0176978 0.0302982 0.0431504 0.0538643 0.061671 0.0667242 0.0693517 0.0698226 0.0683574 0.0651633 0.0604403 0.054369 0.0471146 0.0389014 0.0301709 0.0216956 0.0143979 0.00889266 0.00520401 0.00292976 0.00158745 0.000814004 0.000384839 0.000163691 6.16391e-05 2.04062e-05 5.93339e-06 1.51519e-06 3.38394e-07 6.51176e-08 1.03916e-08 1.24593e-09 8.04115e-11 0 
0 1.46386e-06 1.72949e-05 0.00010722 0.000479985 0.00168672 0.00476011 0.0108334 0.020031 0.0307977 0.0408965 0.0488533 0.0542413 0.0571855 0.0579491 0.0567861 0.0539221 0.0495675 0.0439435 0.0373351 0.0301709 0.0230623 0.0166933 0.011566 0.00780505 0.00520031 0.00341405 0.00216073 0.00127191 0.000669816 0.000305955 0.000119311 3.97037e-05 1.13704e-05 2.82648e-06 6.10885e-07 1.13491e-07 1.74798e-08 2.02454e-09 1.26419e-10 0 
0 7.59969e-07 8.81502e-06 5.38428e-05 0.000239205 0.000844667 0.00244027 0.00581659 0.011497 0.0190835 0.0272413 0.0344863 0.0398861 0.0431344 0.0442897 0.0435511 0.0411612 0.0373942 0.0325865 0.027175 0.0216956 0.0166933 0.0125612 0.00942262 0.00714906 0.005486 0.00418274 0.00306542 0.00206286 0.00120944 0.000590629 0.000235163 7.68852e-05 2.11601e-05 5.0199e-06 1.03623e-06 1.8437e-07 2.72735e-08 3.04277e-09 1.83559e-10 0 
0 3.64053e-07 4.13429e-06 2.47899e-05 0.000108714 0.000382499 0.00111664 0.00273926 0.00568144 0.0100423 0.0153429 0.0206773 0.0251446 0.0281658 0.0295257 0.029271 0.0276092 0.0248594 0.0214318 0.0177946 0.0143979 0.011566 0.00942262 0.00789896 0.00681737 0.00599754 0.00530923 0.00459384 0.00363047 0.00240469 0.00125154 0.000498059 0.000153842 3.88003e-05 8.44539e-06 1.62775e-06 2.747e-07 3.88988e-08 4.17703e-09 2.43544e-10 0 
0 1.61254e-07 1.78859e-06 1.04954e-05 4.52282e-05 0.000157435 0.000459292 0.00114101 0.00243339 0.0044854 0.00721199 0.0102466 0.0130656 0.0151908 0.0163315 0.0164191 0.0155768 0.014067 0.0122308 0.0104149 0.00889266 0.00780505 0.00714906 0.00681737 0.00671127 0.00695324 0.00782651 0.00884257 0.00846777 0.00612885 0.00322122 0.00122316 0.000340786 7.38816e-05 1.37469e-05 2.35758e-06 3.70189e-07 4.99894e-08 5.17274e-09 2.92206e-10 0 
0 6.61924e-08 7.15692e-07 4.09957e-06 1.72982e-05 5.92497e-05 0.000171288 0.000425579 0.00091759 0.00172873 0.00286631 0.00421967 0.00557482 0.00668767 0.00737177 0.00755512 0.00729075 0.00672998 0.00607365 0.00551707 0.00520401 0.00520031 0.005486 0.00599754 0.00695324 0.00964538 0.0156704 0.0226643 0.0241593 0.0178414 0.00904212 0.0031896 0.000798179 0.000147169 2.22342e-05 3.17263e-06 4.47023e-07 5.71302e-08 5.71091e-09 3.13936e-10 0 
0 2.52385e-08 2.65616e-07 1.48244e-06 6.10894e-06 2.05104e-05 5.84179e-05 0.000143922 0.000310017 0.000588123 0.000988932 0.00148428 0.00200475 0.00245991 0.00277244 0.00290822 0.00288885 0.00278398 0.00269047 0.00270952 0.00292976 0.00341405 0.00418274 0.00530923 0.00782651 0.0156704 0.0326098 0.0518432 0.0569404 0.0421646 0.0209643 0.00706244 0.00164497 0.0002713 3.42695e-05 3.95159e-06 4.80023e-07 5.74004e-08 5.562e-09 2.99375e-10 0 
0 8.95866e-09 9.1679e-08 4.97916e-07 2.00037e-06 6.56662e-06 1.83579e-05 4.4606e-05 9.52838e-05 0.000180303 0.000304132 0.000460203 0.000629247 0.000784449 0.000902053 0.000972339 0.00100576 0.0010325 0.00109811 0.00125996 0.00158745 0.00216073 0.00306542 0.00459384 0.00884257 0.0226643 0.0518432 0.0846775 0.0937327 0.0694571 0.034343 0.0113681 0.00255462 0.000396528 4.48025e-05 4.34056e-06 4.5076e-07 5.01437e-08 4.73616e-09 2.51564e-10 0 
0 2.96624e-09 2.95002e-08 1.55799e-07 6.09593e-07 1.95362e-06 5.34896e-06 1.27779e-05 2.69528e-05 5.06007e-05 8.5093e-05 0.000128993 0.000177576 0.00022415 0.000263016 0.000292847 0.000319119 0.000355246 0.000423586 0.0005586 0.000814004 0.00127191 0.00206286 0.00363047 0.00846777 0.0241593 0.0569404 0.0937327 0.103987 0.0770714 0.0380484 0.0125251 0.00277328 0.000417923 4.4563e-05 3.88302e-06 3.58394e-07 3.76265e-08 3.50145e-09 1.85257e-10 0 
0 9.17533e-10 8.86676e-09 4.55254e-08 1.73408e-07 5.4215e-07 1.45212e-06 3.40478e-06 7.07598e-06 1.31434e-05 2.19676e-05 3.32618e-05 4.59995e-05 5.87653e-05 7.05422e-05 8.16949e-05 9.49025e-05 0.00011611 0.000156133 0.000234176 0.000384839 0.000669816 0.00120944 0.00240469 0.00612885 0.0178414 0.0421646 0.0694571 0.0770714 0.0571238 0.0281973 0.00927547 0.00204439 0.000304255 3.16861e-05 2.64622e-06 2.32752e-07 2.39799e-08 2.23711e-09 1.19156e-10 0 
0 2.65377e-10 2.4924e-09 1.24433e-08 4.61438e-08 1.40721e-07 3.68578e-07 8.47666e-07 1.73403e-06 3.183e-06 5.2811e-06 7.9798e-06 1.10863e-05 1.43593e-05 1.77159e-05 2.15199e-05 2.69349e-05 3.64421e-05 5.48367e-05 9.13278e-05 0.000163691 0.000305955 0.000590629 0.00125154 0.00322122 0.00904212 0.0209643 0.034343 0.0380484 0.0281973 0.0139334 0.00459326 0.00101277 0.000150469 1.57052e-05 1.3319e-06 1.21193e-07 1.29168e-08 1.23332e-09 6.6843e-11 0 
0 7.17604e-11 6.55334e-10 3.18294e-09 1.14966e-08 3.42102e-08 8.76373e-08 1.97695e-07 3.98021e-07 7.21889e-07 1.18894e-06 1.79363e-06 2.50718e-06 3.30373e-06 4.21554e-06 5.41813e-06 7.35821e-06 1.09761e-05 1.81494e-05 3.26014e-05 6.16391e-05 0.000119311 0.000235163 0.000498059 0.00122316 0.0031896 0.00706244 0.0113681 0.0125251 0.00927547 0.00459326 0.00151941 0.000336217 5.04419e-05 5.43566e-06 4.99786e-07 5.11609e-08 5.91034e-09 5.87626e-10 3.27098e-11 0 
0 1.81141e-11 1.60968e-10 7.61186e-10 2.67992e-09 7.7866e-09 1.9521e-08 4.32153e-08 8.56687e-08 1.53601e-07 2.51323e-07 3.79099e-07 5.34634e-07 7.20174e-07 9.57193e-07 1.31128e-06 1.93464e-06 3.14548e-06 5.58529e-06 1.05248e-05 2.04062e-05 3.97037e-05 7.68852e-05 0.000153842 0.000340786 0.000798179 0.00164497 0.00255462 0.00277328 0.00204439 0.00101277 0.000336217 7.51868e-05 1.16318e-05 1.35937e-06 1.47493e-07 1.81524e-08 2.32394e-09 2.42768e-10 1.39761e-11 0 
0 4.25283e-12 3.68081e-11 1.69633e-10 5.8272e-10 1.65478e-09 4.06356e-09 8.83585e-09 1.72622e-08 3.06293e-08 4.98619e-08 7.53791e-08 1.07662e-07 1.49115e-07 2.07881e-07 3.04775e-07 4.85918e-07 8.46772e-07 1.57805e-06 3.04838e-06 5.93339e-06 1.13704e-05 2.11601e-05 3.88003e-05 7.38816e-05 0.000147169 0.0002713 0.000396528 0.000417923 0.000304255 0.000150469 5.04419e-05 1.16318e-05 1.94329e-06 2.684e-07 3.74296e-08 5.62478e-09 7.93086e-10 8.72018e-11 5.21625e-12 0 
0 9.22239e-13 7.78241e-12 3.49935e-11 1.17425e-10 3.26286e-10 7.85734e-10 1.68007e-09 3.23881e-09 5.69589e-09 9.24491e-09 1.40514e-08 2.04219e-08 2.92635e-08 4.30265e-08 6.74789e-08 1.15025e-07 2.10915e-07 4.04408e-07 7.86892e-07 1.51519e-06 2.82648e-06 5.0199e-06 8.44539e-06 1.37469e-05 2.22342e-05 3.42695e-05 4.48025e-05 4.4563e-05 3.16861e-05 1.57052e-05 5.43566e-06 1.35937e-06 2.684e-07 4.83817e-08 8.80072e-09 1.54674e-09 2.35582e-10 2.72293e-11 1.69731e-12 0 
0 1.82417e-13 1.5026e-12 6.6003e-12 2.1663e-11 5.89764e-11 1.39458e-10 2.9364e-10 5.5947e-10 9.77129e-10 1.5856e-09 2.43252e-09 3.61688e-09 5.39356e-09 8.38688e-09 1.3998e-08 2.51633e-08 4.7717e-08 9.26539e-08 1.79318e-07 3.38394e-07 6.10885e-07 1.03623e-06 1.62775e-06 2.35758e-06 3.17263e-06 3.95159e-06 4.34056e-06 3.88302e-06 2.64622e-06 1.3319e-06 4.99786e-07 1.47493e-07 3.74296e-08 8.80072e-09 1.92562e-09 3.74034e-10 6.05748e-11 7.34956e-12 4.78155e-13 0 
0 3.21637e-14 2.58932e-13 1.11255e-12 3.57642e-12 9.55314e-12 2.2215e-11 4.61367e-11 8.70446e-11 1.5135e-10 2.46368e-10 3.83265e-10 5.86279e-10 9.13926e-10 1.50186e-09 2.64415e-09 4.94078e-09 9.54763e-09 1.85515e-08 3.54047e-08 6.51176e-08 1.13491e-07 1.8437e-07 2.747e-07 3.70189e-07 4.47023e-07 4.80023e-07 4.5076e-07 3.58394e-07 2.32752e-07 1.21193e-07 5.11609e-08 1.81524e-08 5.62478e-09 1.54674e-09 3.74034e-10 7.76549e-11 1.32629e-11 1.6872e-12 1.14622e-13 0 
0 4.83134e-15 3.80603e-14 1.60179e-13 5.05044e-13 1.32562e-12 3.03641e-12 6.23146e-12 1.1668e-11 2.02573e-11 3.32098e-11 5.26538e-11 8.32893e-11 1.36029e-10 2.35224e-10 4.32092e-10 8.28074e-10 1.61163e-09 3.10668e-09 5.81392e-09 1.03916e-08 1.74798e-08 2.72735e-08 3.88988e-08 4.99894e-08 5.71302e-08 5.74004e-08 5.01437e-08 3.76265e-08 2.39799e-08 1.29168e-08 5.91034e-09 2.32394e-09 7.93086e-10 2.35582e-10 6.05748e-11 1.32629e-11 2.37899e-12 3.1685e-13 2.24683e-14 0 
0 5.56867e-16 4.29831e-15 1.7743e-14 5.49516e-14 1.41954e-13 3.20849e-13 6.52025e-13 1.21484e-12 2.11317e-12 3.5046e-12 5.69192e-12 9.34675e-12 1.59836e-11 2.88782e-11 5.47181e-11 1.06323e-10 2.06558e-10 3.92665e-10 7.18135e-10 1.24593e-09 2.02454e-09 3.04277e-09 4.17703e-09 5.17274e-09 5.71091e-09 5.562e-09 4.73616e-09 3.50145e-09 2.23711e-09 1.23332e-09 5.87626e-10 2.42768e-10 8.72018e-11 2.72293e-11 7.34956e-12 1.6872e-12 3.1685e-13 4.40988e-14 3.26043e-15 0 
0 3.51238e-17 2.65977e-16 1.07838e-15 3.28557e-15 8.36723e-15 1.86972e-14 3.7713e-14 7.01279e-14 1.22694e-13 2.06818e-13 3.45652e-13 5.90355e-13 1.05341e-12 1.97115e-12 3.8115e-12 7.4401e-12 1.43341e-11 2.67653e-11 4.77494e-11 8.04115e-11 1.26419e-10 1.83559e-10 2.43544e-10 2.92206e-10 3.13936e-10 2.99375e-10 2.51564e-10 1.85257e-10 1.19156e-10 6.6843e-11 3.27098e-11 1.39761e-11 5.21625e-12 1.69731e-12 4.78155e-13 1.14622e-13 2.24683e-14 3.26043e-15 2.50937e-16 0 
0 0 0 0 0 0 0 0 0 0 0 0 0 0 0 0 0 0 0 0 0 0 0 0 0 0 0 0 0 0 0 0 0 0 0 0 0 0 0 0 0 
