0 0 0 0 0 0 0 0 0 0 0 0 0 0 0 0 0 0 0 0 0 0 0 0 0 0 0 0 0 0 0 0 0 0 0 0 0 0 0 0 0 
0 1.94955e-07 1.7402e-06 7.68859e-06 2.328e-05 5.36755e-05 0.000100033 0.000157889 0.000219541 0.000277639 0.000327153 0.000365462 0.000391625 0.000405631 0.000407919 0.000399135 0.000380067 0.000351679 0.000315228 0.000272423 0.000225566 0.000177568 0.000131725 9.12124e-05 5.83991e-05 3.42767e-05 1.83172e-05 8.87215e-06 3.88707e-06 1.54045e-06 5.52931e-07 1.80047e-07 5.32349e-08 1.42802e-08 3.4613e-09 7.50749e-10 1.42787e-10 2.28143e-11 2.76424e-12 1.81465e-13 0 
0 1.7402e-06 1.58969e-05 6.92555e-05 0.000196718 0.000405941 0.000658193 0.000900736 0.00110375 0.00126247 0.00138249 0.00146962 0.0015273 0.00155727 0.00156082 0.00153947 0.00149515 0.00142982 0.00134483 0.0012404 0.00111556 0.000969296 0.00080306 0.000624038 0.00044661 0.000289271 0.000167216 8.5555e-05 3.86655e-05 1.54828e-05 5.52584e-06 1.76906e-06 5.10564e-07 1.33131e-07 3.13042e-08 6.58308e-09 1.2144e-09 1.88387e-10 2.21914e-11 1.41857e-12 0 
0 7.68859e-06 6.92555e-05 0.000278453 0.000678842 0.00115715 0.00157526 0.00190586 0.00218011 0.00241979 0.00262687 0.00279394 0.00291256 0.002977 0.00298556 0.00294059 0.00284803 0.00271655 0.00255645 0.00237801 0.0021892 0.00199268 0.0017829 0.0015463 0.00126941 0.000955625 0.000638138 0.000368269 0.000181407 7.64242e-05 2.78562e-05 8.91422e-06 2.53637e-06 6.46817e-07 1.48128e-07 3.02867e-08 5.43092e-09 8.19486e-10 9.40106e-11 5.8612e-12 0 
0 2.328e-05 0.000196718 0.000678842 0.00134652 0.00193555 0.00242279 0.00288433 0.00334204 0.00377743 0.00416328 0.00447572 0.00469736 0.00481817 0.00483553 0.00475381 0.00458345 0.00433968 0.00404105 0.00370791 0.00336088 0.00301896 0.00269624 0.00239562 0.00210046 0.00177332 0.00138013 0.000938867 0.000534377 0.000249866 9.67723e-05 3.1762e-05 9.05059e-06 2.27899e-06 5.11458e-07 1.02114e-07 1.78576e-08 2.62814e-09 2.9431e-10 1.79341e-11 0 
0 5.36755e-05 0.000405941 0.00115715 0.00193555 0.00260433 0.00328409 0.0040066 0.00473511 0.00542277 0.00602748 0.00651482 0.00685979 0.0070479 0.00707558 0.00694961 0.00668581 0.00630707 0.005841 0.00531759 0.00476699 0.00421785 0.003696 0.0032226 0.00280844 0.0024402 0.00206594 0.00161512 0.00108346 0.000587335 0.000252452 8.77543e-05 2.55583e-05 6.43391e-06 1.42609e-06 2.79522e-07 4.78667e-08 6.89354e-09 7.55691e-10 4.51197e-11 0 
0 0.000100033 0.000658193 0.00157526 0.00242279 0.00328409 0.00424926 0.00527854 0.00630738 0.00727345 0.00812072 0.00880261 0.00928497 0.009548 0.0095869 0.00941115 0.00904269 0.00851315 0.00786059 0.00712609 0.00635066 0.00557255 0.00482559 0.00413838 0.0035337 0.00302378 0.00259255 0.00216974 0.00165462 0.00104744 0.000515213 0.000195686 5.95674e-05 1.5202e-05 3.35719e-06 6.49846e-07 1.09455e-07 1.54808e-08 1.66639e-09 9.77519e-11 0 
0 0.000157889 0.000900736 0.00190586 0.00288433 0.0040066 0.00527854 0.00662547 0.0079668 0.00922415 0.0103259 0.011212 0.0118388 0.0121805 0.0122309 0.0120021 0.0115229 0.0108344 0.00998561 0.00902949 0.00801868 0.00700204 0.00602208 0.00511372 0.00430434 0.00361417 0.0030507 0.00258311 0.00210849 0.00151104 0.00085433 0.000362006 0.000117471 3.08086e-05 6.83809e-06 1.31495e-06 2.18814e-07 3.05052e-08 3.23452e-09 1.86939e-10 0 
0 0.000219541 0.00110375 0.00218011 0.00334204 0.00473511 0.00630738 0.0079668 0.00961712 0.011163 0.0125172 0.0136078 0.0143831 0.0148094 0.0148723 0.0145852 0.013989 0.0131385 0.0120938 0.0109177 0.00967363 0.00842109 0.00721159 0.00608677 0.0050781 0.00420815 0.00349138 0.00292285 0.00243746 0.00188837 0.00120264 0.000570993 0.000200017 5.44977e-05 1.22492e-05 2.35255e-06 3.88374e-07 5.3555e-08 5.61074e-09 3.20367e-10 0 
0 0.000277639 0.00126247 0.00241979 0.00377743 0.00542277 0.00727345 0.00922415 0.011163 0.0129789 0.0145729 0.0158699 0.01681 0.0173351 0.0174133 0.0170584 0.0163273 0.0153033 0.0140653 0.0126812 0.0112191 0.00974644 0.00832312 0.00699733 0.00580477 0.00476976 0.00390783 0.0032238 0.00268414 0.00216244 0.00150284 0.000790778 0.000299875 8.54049e-05 1.95431e-05 3.76456e-06 6.18733e-07 8.46581e-08 8.78849e-09 4.97072e-10 0 
0 0.000327153 0.00138249 0.00262687 0.00416328 0.00602748 0.00812072 0.0103259 0.0125172 0.0145729 0.0163939 0.0178953 0.0189667 0.0195364 0.0196177 0.019237 0.0184166 0.0172292 0.0157986 0.0142217 0.0125669 0.010902 0.0092923 0.00779165 0.00643964 0.00526238 0.00427535 0.0034856 0.00287689 0.00235318 0.00173113 0.000989541 0.000403631 0.000120215 2.8073e-05 5.43853e-06 8.92349e-07 1.21471e-07 1.25273e-08 7.03548e-10 0 
0 0.000365462 0.00146962 0.00279394 0.00447572 0.00651482 0.00880261 0.011212 0.0136078 0.0158699 0.0178953 0.0195137 0.0205629 0.0210772 0.0211456 0.0208007 0.0200218 0.0187911 0.0172119 0.0154613 0.0136442 0.0118243 0.0100656 0.00842532 0.00694625 0.00565606 0.00457018 0.00369551 0.00302355 0.00248194 0.00188861 0.00114674 0.000496614 0.000153922 3.66562e-05 7.14966e-06 1.17329e-06 1.59241e-07 1.63512e-08 9.13851e-10 0 
0 0.000391625 0.0015273 0.00291256 0.00469736 0.00685979 0.00928497 0.0118388 0.0143831 0.01681 0.0189667 0.0205629 0.0215181 0.0219739 0.0220309 0.0217185 0.0210102 0.0198417 0.0182193 0.0163417 0.0143988 0.0124674 0.0106039 0.00886593 0.00729808 0.00592921 0.00477471 0.00384086 0.00312223 0.00256113 0.00198515 0.00125397 0.000567089 0.000181273 4.38739e-05 8.61215e-06 1.41497e-06 1.91793e-07 1.96463e-08 1.09487e-09 0 
0 0.000405631 0.00155727 0.002977 0.00481817 0.0070479 0.009548 0.0121805 0.0148094 0.0173351 0.0195364 0.0210772 0.0219739 0.0223997 0.02245 0.0221517 0.0214798 0.0203628 0.0187544 0.0168165 0.0147988 0.0128047 0.010885 0.00909482 0.00747981 0.00606927 0.00487852 0.00391336 0.00316938 0.00259636 0.00203017 0.00131047 0.000608001 0.000198147 4.84796e-05 9.56231e-06 1.57358e-06 2.13293e-07 2.18328e-08 1.21547e-09 0 
0 0.000407919 0.00156082 0.00298556 0.00483553 0.00707558 0.0095869 0.0122309 0.0148723 0.0174133 0.0196177 0.0211456 0.0220309 0.02245 0.0224969 0.0221981 0.021529 0.020418 0.0188117 0.0168637 0.0148334 0.0128305 0.0109037 0.0091076 0.00748754 0.00607275 0.00487838 0.00390995 0.00316324 0.0025901 0.00202991 0.00131859 0.000616797 0.000202406 4.97469e-05 9.83885e-06 1.62175e-06 2.20065e-07 2.25448e-08 1.25602e-09 0 
0 0.000399135 0.00153947 0.00294059 0.00475381 0.00694961 0.00941115 0.0120021 0.0145852 0.0170584 0.019237 0.0208007 0.0217185 0.0221517 0.0221981 0.0218857 0.0211888 0.020039 0.0184139 0.016499 0.0145182 0.0125584 0.0106716 0.00891328 0.00732809 0.00594454 0.00477746 0.00383241 0.0031047 0.00254371 0.00198746 0.00128142 0.000594593 0.000194147 4.76424e-05 9.42854e-06 1.55679e-06 2.11718e-07 2.17425e-08 1.21438e-09 0 
0 0.000380067 0.00149515 0.00284803 0.00458345 0.00668581 0.00904269 0.0115229 0.013989 0.0163273 0.0184166 0.0200218 0.0210102 0.0214798 0.021529 0.0211888 0.0204346 0.0192191 0.0175983 0.015774 0.0138927 0.0120198 0.0102142 0.00853236 0.00701733 0.00569642 0.00458412 0.00368618 0.00299655 0.00245762 0.00190321 0.0012023 0.000545552 0.00017549 4.27917e-05 8.46272e-06 1.40046e-06 1.91149e-07 1.97141e-08 1.10611e-09 0 
0 0.000351679 0.00142982 0.00271655 0.00433968 0.00630707 0.00851315 0.0108344 0.0131385 0.0153033 0.0172292 0.0187911 0.0198417 0.0203628 0.020418 0.020039 0.0192191 0.0179797 0.016446 0.0147618 0.0130113 0.0112585 0.00956773 0.007994 0.0065778 0.00534509 0.00431003 0.00347861 0.00284171 0.00233027 0.00177552 0.00108585 0.000476585 0.000150068 3.62785e-05 7.17125e-06 1.19117e-06 1.63516e-07 1.69762e-08 9.5919e-10 0 
0 0.000315228 0.00134483 0.00255645 0.00404105 0.005841 0.00786059 0.00998561 0.0120938 0.0140653 0.0157986 0.0172119 0.0182193 0.0187544 0.0188117 0.0184139 0.0175983 0.016446 0.0150638 0.013537 0.0119351 0.0103268 0.00877551 0.00733274 0.00603597 0.00490968 0.00396791 0.00321649 0.00264045 0.00215648 0.00160243 0.000940014 0.000397061 0.000122289 2.93567e-05 5.81564e-06 9.72541e-07 1.34688e-07 1.41193e-08 8.05737e-10 0 
0 0.000272423 0.0012404 0.00237801 0.00370791 0.00531759 0.00712609 0.00902949 0.0109177 0.0126812 0.0142217 0.0154613 0.0163417 0.0168165 0.0168637 0.016499 0.015774 0.0147618 0.013537 0.0121693 0.0107281 0.00928016 0.00788363 0.00658522 0.00541939 0.00440927 0.00356891 0.00290275 0.00238691 0.00192726 0.00138569 0.00077833 0.000317975 9.65092e-05 2.3169e-05 4.6269e-06 7.82755e-07 1.09803e-07 1.16611e-08 6.7392e-10 0 
0 0.000225566 0.00111556 0.0021892 0.00336088 0.00476699 0.00635066 0.00801868 0.00967363 0.0112191 0.0125669 0.0136442 0.0143988 0.0147988 0.0148334 0.0145182 0.0138927 0.0130113 0.0119351 0.0107281 0.00945455 0.00817386 0.00693755 0.00578725 0.00475431 0.00386062 0.00311978 0.00253282 0.00206773 0.00163507 0.00113752 0.000620428 0.000250297 7.6267e-05 1.85524e-05 3.76637e-06 6.47884e-07 9.23213e-08 9.94595e-09 5.82207e-10 0 
0 0.000177568 0.000969296 0.00199268 0.00301896 0.00421785 0.00557255 0.00700204 0.00842109 0.00974644 0.010902 0.0118243 0.0124674 0.0128047 0.0128305 0.0125584 0.0120198 0.0112585 0.0103268 0.00928016 0.00817386 0.00705881 0.0059793 0.00497166 0.004064 0.00327674 0.00262176 0.00209665 0.00167308 0.0012898 0.000885901 0.000488245 0.000202577 6.37677e-05 1.59596e-05 3.31287e-06 5.79562e-07 8.36468e-08 9.09918e-09 5.3654e-10 0 
0 0.000131725 0.00080306 0.0017829 0.00269624 0.003696 0.00482559 0.00602208 0.00721159 0.00832312 0.0092923 0.0100656 0.0106039 0.010885 0.0109037 0.0106716 0.0102142 0.00956773 0.00877551 0.00788363 0.00693755 0.0059793 0.00504561 0.00416721 0.00336917 0.00267154 0.00208747 0.00161807 0.00124836 0.000946779 0.000668816 0.000395849 0.000178025 5.95658e-05 1.54519e-05 3.26412e-06 5.74957e-07 8.30772e-08 9.01989e-09 5.29927e-10 0 
0 9.12124e-05 0.000624038 0.0015463 0.00239562 0.0032226 0.00413838 0.00511372 0.00608677 0.00699733 0.00779165 0.00842532 0.00886593 0.00909482 0.0091076 0.00891328 0.00853236 0.007994 0.00733274 0.00658522 0.00578725 0.00497166 0.00416721 0.00339958 0.00269676 0.00209778 0.00164098 0.00131248 0.00103814 0.000773852 0.000540825 0.000342878 0.00017207 6.22367e-05 1.66709e-05 3.53361e-06 6.16602e-07 8.78638e-08 9.39821e-09 5.44125e-10 0 
0 5.83991e-05 0.00044661 0.00126941 0.00210046 0.00280844 0.0035337 0.00430434 0.0050781 0.00580477 0.00643964 0.00694625 0.00729808 0.00747981 0.00748754 0.00732809 0.00701733 0.0065778 0.00603597 0.00541939 0.00475431 0.004064 0.00336917 0.00269676 0.0021137 0.00176117 0.00174297 0.00188571 0.0017929 0.00131715 0.000747306 0.000374334 0.000180494 6.87776e-05 1.88096e-05 3.94283e-06 6.72492e-07 9.35032e-08 9.77303e-09 5.54125e-10 0 
0 3.42767e-05 0.000289271 0.000955625 0.00177332 0.0024402 0.00302378 0.00361417 0.00420815 0.00476976 0.00526238 0.00565606 0.00592921 0.00606927 0.00607275 0.00594454 0.00569642 0.00534509 0.00490968 0.00440927 0.00386062 0.00327674 0.00267154 0.00209778 0.00176117 0.00206943 0.00326247 0.00471398 0.00509955 0.00370628 0.00188653 0.000697791 0.000231832 7.80397e-05 2.08502e-05 4.24627e-06 7.01606e-07 9.47916e-08 9.66351e-09 5.36196e-10 0 
0 1.83172e-05 0.000167216 0.000638138 0.00138013 0.00206594 0.00259255 0.0030507 0.00349138 0.00390783 0.00427535 0.00457018 0.00477471 0.00487852 0.00487838 0.00477746 0.00458412 0.00431003 0.00396791 0.00356891 0.00311978 0.00262176 0.00208747 0.00164098 0.00174297 0.00326247 0.00678058 0.0120337 0.0136073 0.00918278 0.00435332 0.00147373 0.000372765 9.2736e-05 2.1986e-05 4.21704e-06 6.69271e-07 8.79039e-08 8.76775e-09 4.77785e-10 0 
0 8.87215e-06 8.5555e-05 0.000368269 0.000938867 0.00161512 0.00216974 0.00258311 0.00292285 0.0032238 0.0034856 0.00369551 0.00384086 0.00391336 0.00390995 0.00383241 0.00368618 0.00347861 0.00321649 0.00290275 0.00253282 0.00209665 0.00161807 0.00131248 0.00188571 0.00471398 0.0120337 0.0160455 0.0164988 0.0150187 0.00761531 0.00236218 0.000545421 0.000107894 2.13888e-05 3.73954e-06 5.65962e-07 7.25425e-08 7.1262e-09 3.83865e-10 0 
0 3.88707e-06 3.86655e-05 0.000181407 0.000534377 0.00108346 0.00165462 0.00210849 0.00243746 0.00268414 0.00287689 0.00302355 0.00312223 0.00316938 0.00316324 0.0031047 0.00299655 0.00284171 0.00264045 0.00238691 0.00206773 0.00167308 0.00124836 0.00103814 0.0017929 0.00509955 0.0136073 0.0164988 0.016856 0.0156793 0.00907793 0.00260158 0.000585609 0.000104876 1.80247e-05 2.86365e-06 4.14658e-07 5.23135e-08 5.1085e-09 2.74299e-10 0 
0 1.54045e-06 1.54828e-05 7.64242e-05 0.000249866 0.000587335 0.00104744 0.00151104 0.00188837 0.00216244 0.00235318 0.00248194 0.00256113 0.00259636 0.0025901 0.00254371 0.00245762 0.00233027 0.00215648 0.00192726 0.00163507 0.0012898 0.000946779 0.000773852 0.00131715 0.00370628 0.00918278 0.0150187 0.0156793 0.012973 0.00588323 0.00192738 0.000433814 7.63567e-05 1.22285e-05 1.82753e-06 2.5863e-07 3.25941e-08 3.19986e-09 1.72869e-10 0 
0 5.52931e-07 5.52584e-06 2.78562e-05 9.67723e-05 0.000252452 0.000515213 0.00085433 0.00120264 0.00150284 0.00173113 0.00188861 0.00198515 0.00203017 0.00202991 0.00198746 0.00190321 0.00177552 0.00160243 0.00138569 0.00113752 0.000885901 0.000668816 0.000540825 0.000747306 0.00188653 0.00435332 0.00761531 0.00907793 0.00588323 0.00289352 0.000957542 0.000220771 4.01995e-05 6.38846e-06 9.49356e-07 1.36018e-07 1.74523e-08 1.74328e-09 9.56466e-11 0 
0 1.80047e-07 1.76906e-06 8.91422e-06 3.1762e-05 8.77543e-05 0.000195686 0.000362006 0.000570993 0.000790778 0.000989541 0.00114674 0.00125397 0.00131047 0.00131859 0.00128142 0.0012023 0.00108585 0.000940014 0.00077833 0.000620428 0.000488245 0.000395849 0.000342878 0.000374334 0.000697791 0.00147373 0.00236218 0.00260158 0.00192738 0.000957542 0.000323931 7.94403e-05 1.54184e-05 2.56344e-06 4.01715e-07 6.03963e-08 8.03115e-09 8.25136e-10 4.63701e-11 0 
0 5.32349e-08 5.10564e-07 2.53637e-06 9.05059e-06 2.55583e-05 5.95674e-05 0.000117471 0.000200017 0.000299875 0.000403631 0.000496614 0.000567089 0.000608001 0.000616797 0.000594593 0.000545552 0.000476585 0.000397061 0.000317975 0.000250297 0.000202577 0.000178025 0.00017207 0.000180494 0.000231832 0.000372765 0.000545421 0.000585609 0.000433814 0.000220771 7.94403e-05 2.12194e-05 4.47292e-06 8.19479e-07 1.41695e-07 2.28654e-08 3.18755e-09 3.39643e-10 1.96879e-11 0 
0 1.42802e-08 1.33131e-07 6.46817e-07 2.27899e-06 6.43391e-06 1.5202e-05 3.08086e-05 5.44977e-05 8.54049e-05 0.000120215 0.000153922 0.000181273 0.000198147 0.000202406 0.000194147 0.00017549 0.000150068 0.000122289 9.65092e-05 7.6267e-05 6.37677e-05 5.95658e-05 6.22367e-05 6.87776e-05 7.80397e-05 9.2736e-05 0.000107894 0.000104876 7.63567e-05 4.01995e-05 1.54184e-05 4.47292e-06 1.05619e-06 2.21509e-07 4.29022e-08 7.46225e-09 1.09561e-09 1.21724e-10 7.31668e-12 0 
0 3.4613e-09 3.13042e-08 1.48128e-07 5.11458e-07 1.42609e-06 3.35719e-06 6.83809e-06 1.22492e-05 1.95431e-05 2.8073e-05 3.66562e-05 4.38739e-05 4.84796e-05 4.97469e-05 4.76424e-05 4.27917e-05 3.62785e-05 2.93567e-05 2.3169e-05 1.85524e-05 1.59596e-05 1.54519e-05 1.66709e-05 1.88096e-05 2.08502e-05 2.1986e-05 2.13888e-05 1.80247e-05 1.22285e-05 6.38846e-06 2.56344e-06 8.19479e-07 2.21509e-07 5.30553e-08 1.13415e-08 2.11126e-09 3.26615e-10 3.79525e-11 2.37404e-12 0 
0 7.50749e-10 6.58308e-09 3.02867e-08 1.02114e-07 2.79522e-07 6.49846e-07 1.31495e-06 2.35255e-06 3.76456e-06 5.43853e-06 7.14966e-06 8.61215e-06 9.56231e-06 9.83885e-06 9.42854e-06 8.46272e-06 7.17125e-06 5.81564e-06 4.6269e-06 3.76637e-06 3.31287e-06 3.26412e-06 3.53361e-06 3.94283e-06 4.24627e-06 4.21704e-06 3.73954e-06 2.86365e-06 1.82753e-06 9.49356e-07 4.01715e-07 1.41695e-07 4.29022e-08 1.13415e-08 2.61412e-09 5.16467e-10 8.41049e-11 1.0235e-11 6.67608e-13 0 
0 1.42787e-10 1.2144e-09 5.43092e-09 1.78576e-08 4.78667e-08 1.09455e-07 2.18814e-07 3.88374e-07 6.18733e-07 8.92349e-07 1.17329e-06 1.41497e-06 1.57358e-06 1.62175e-06 1.55679e-06 1.40046e-06 1.19117e-06 9.72541e-07 7.82755e-07 6.47884e-07 5.79562e-07 5.74957e-07 6.16602e-07 6.72492e-07 7.01606e-07 6.69271e-07 5.65962e-07 4.14658e-07 2.5863e-07 1.36018e-07 6.03963e-08 2.28654e-08 7.46225e-09 2.11126e-09 5.16467e-10 1.07677e-10 1.84302e-11 2.34887e-12 1.59878e-13 0 
0 2.28143e-11 1.88387e-10 8.19486e-10 2.62814e-09 6.89354e-09 1.54808e-08 3.05052e-08 5.3555e-08 8.46581e-08 1.21471e-07 1.59241e-07 1.91793e-07 2.13293e-07 2.20065e-07 2.11718e-07 1.91149e-07 1.63516e-07 1.34688e-07 1.09803e-07 9.23213e-08 8.36468e-08 8.30772e-08 8.78638e-08 9.35032e-08 9.47916e-08 8.79039e-08 7.25425e-08 5.23135e-08 3.25941e-08 1.74523e-08 8.03115e-09 3.18755e-09 1.09561e-09 3.26615e-10 8.41049e-11 1.84302e-11 3.30881e-12 4.41183e-13 3.13269e-14 0 
0 2.76424e-12 2.21914e-11 9.40106e-11 2.9431e-10 7.55691e-10 1.66639e-09 3.23452e-09 5.61074e-09 8.78849e-09 1.25273e-08 1.63512e-08 1.96463e-08 2.18328e-08 2.25448e-08 2.17425e-08 1.97141e-08 1.69762e-08 1.41193e-08 1.16611e-08 9.94595e-09 9.09918e-09 9.01989e-09 9.39821e-09 9.77303e-09 9.66351e-09 8.76775e-09 7.1262e-09 5.1085e-09 3.19986e-09 1.74328e-09 8.25136e-10 3.39643e-10 1.21724e-10 3.79525e-11 1.0235e-11 2.34887e-12 4.41183e-13 6.14369e-14 4.54616e-15 0 
0 1.81465e-13 1.41857e-12 5.8612e-12 1.79341e-11 4.51197e-11 9.77519e-11 1.86939e-10 3.20367e-10 4.97072e-10 7.03548e-10 9.13851e-10 1.09487e-09 1.21547e-09 1.25602e-09 1.21438e-09 1.10611e-09 9.5919e-10 8.05737e-10 6.7392e-10 5.82207e-10 5.3654e-10 5.29927e-10 5.44125e-10 5.54125e-10 5.36196e-10 4.77785e-10 3.83865e-10 2.74299e-10 1.72869e-10 9.56466e-11 4.63701e-11 1.96879e-11 7.31668e-12 2.37404e-12 6.67608e-13 1.59878e-13 3.13269e-14 4.54616e-15 3.50035e-16 0 
0 0 0 0 0 0 0 0 0 0 0 0 0 0 0 0 0 0 0 0 0 0 0 0 0 0 0 0 0 0 0 0 0 0 0 0 0 0 0 0 0 
