0 0 0 0 0 0 0 0 0 0 0 0 0 0 0 0 0 0 0 0 0 0 0 0 0 0 0 0 0 0 0 0 0 0 0 0 0 0 0 0 0 
0 8.11895e-08 7.47605e-07 3.51675e-06 1.17394e-05 3.07502e-05 6.62907e-05 0.000121399 0.000193869 0.000276303 0.000358541 0.000430603 0.000484678 0.000515904 0.000522335 0.000504588 0.000465439 0.000409433 0.00034245 0.000271129 0.000202072 0.000140892 9.132e-05 5.47036e-05 3.01418e-05 1.52265e-05 7.04005e-06 2.97852e-06 1.15407e-06 4.10099e-07 1.33843e-07 4.01583e-08 1.10752e-08 2.80157e-09 6.46535e-10 1.34631e-10 2.47579e-11 3.84761e-12 4.55685e-13 2.93593e-14 0 
0 7.47605e-07 7.16133e-06 3.45932e-05 0.000116096 0.00029773 0.000612021 0.0010475 0.00154828 0.00204421 0.00247977 0.00282299 0.00306037 0.00318918 0.00321209 0.00313455 0.00296387 0.00270948 0.00238398 0.00200512 0.00159753 0.00119265 0.000824688 0.000522427 0.000300556 0.000156186 7.31866e-05 3.09675e-05 1.18728e-05 4.1419e-06 1.31997e-06 3.85424e-07 1.03254e-07 2.5353e-08 5.67951e-09 1.14873e-09 2.05384e-10 3.10713e-11 3.58711e-12 2.2561e-13 0 
0 3.51675e-06 3.45932e-05 0.000167417 0.000541841 0.00128341 0.00235593 0.00355645 0.0046803 0.00562713 0.00637686 0.00693632 0.00731344 0.00751372 0.00754327 0.00741135 0.00713045 0.00671444 0.00617565 0.0055228 0.00476289 0.00391047 0.0030035 0.00211457 0.00133821 0.000750393 0.000370463 0.000161291 6.23725e-05 2.16241e-05 6.78059e-06 1.93608e-06 5.05432e-07 1.20736e-07 2.6301e-08 5.17458e-09 9.00717e-10 1.32815e-10 1.49651e-11 9.1993e-13 0 
0 1.17394e-05 0.000116096 0.000541841 0.0015981 0.00329076 0.00519652 0.00693611 0.00842069 0.00968292 0.0107383 0.0115706 0.0121545 0.0124713 0.012517 0.0123036 0.0118571 0.0112144 0.0104166 0.00950236 0.00849723 0.00740471 0.00620707 0.00489341 0.00351722 0.00223091 0.00121924 0.000569567 0.000229042 8.05171e-05 2.51568e-05 7.08e-06 1.81056e-06 4.22328e-07 8.97171e-08 1.72105e-08 2.92248e-09 4.20797e-10 4.63542e-11 2.78948e-12 0 
0 3.07502e-05 0.00029773 0.00128341 0.00329076 0.00579702 0.00815864 0.0102789 0.0122413 0.0140426 0.0156143 0.0168784 0.0177725 0.0182601 0.0183318 0.0180053 0.0173217 0.0163399 0.0151308 0.0137699 0.0123287 0.0108619 0.00938963 0.00787846 0.00625713 0.00451317 0.00281905 0.00147349 0.000639626 0.000234221 7.41915e-05 2.08034e-05 5.24769e-06 1.20105e-06 2.49729e-07 4.68488e-08 7.78064e-09 1.09644e-09 1.18328e-10 6.98406e-12 0 
0 6.62907e-05 0.000612021 0.00235593 0.00519652 0.00815864 0.010936 0.0136642 0.0163399 0.0188444 0.0210398 0.0228065 0.0240563 0.0247378 0.0248386 0.0243832 0.0234286 0.0220566 0.0203658 0.0184626 0.0164525 0.0144315 0.0124746 0.0106135 0.00880239 0.00691513 0.0048804 0.00290843 0.00140678 0.000552313 0.000181008 5.12231e-05 1.28498e-05 2.90179e-06 5.9302e-07 1.09166e-07 1.77838e-08 2.45905e-09 2.60593e-10 1.51182e-11 0 
0 0.000121399 0.0010475 0.00355645 0.00693611 0.0102789 0.0136642 0.0171648 0.020641 0.0238987 0.0267531 0.029049 0.0306723 0.031557 0.0316873 0.0310952 0.0298543 0.0280706 0.0258716 0.0233944 0.0207754 0.018141 0.0155993 0.0132297 0.011057 0.00900189 0.00687631 0.00460114 0.0025094 0.00108014 0.000373492 0.000108106 2.72025e-05 6.09662e-06 1.22995e-06 2.22969e-07 3.57396e-08 4.86251e-09 5.07268e-10 2.89924e-11 0 
0 0.000193869 0.00154828 0.0046803 0.00842069 0.0122413 0.0163399 0.020641 0.0249169 0.0289222 0.0324299 0.03525 0.0372429 0.038328 0.0384861 0.0377568 0.0362306 0.0340375 0.0313334 0.0282865 0.0250633 0.0218181 0.0186841 0.015767 0.0131338 0.0107765 0.00854568 0.00619609 0.00376601 0.0017922 0.000663147 0.000198618 5.05319e-05 1.13022e-05 2.26044e-06 4.04973e-07 6.40693e-08 8.60103e-09 8.85578e-10 4.99819e-11 0 
0 0.000276303 0.00204421 0.00562713 0.00968292 0.0140426 0.0188444 0.0238987 0.0289222 0.033626 0.0377438 0.0410528 0.0433897 0.0446601 0.0448424 0.0439831 0.0421887 0.0396117 0.0364349 0.0328551 0.0290674 0.0252519 0.0215642 0.0181288 0.0150338 0.0123142 0.00989067 0.00750709 0.00495594 0.00259005 0.00103091 0.000321909 8.33172e-05 1.86839e-05 3.71853e-06 6.60561e-07 1.03457e-07 1.37422e-08 1.40008e-09 7.82202e-11 0 
0 0.000358541 0.00247977 0.00637686 0.0107383 0.0156143 0.0210398 0.0267531 0.0324299 0.0377438 0.0423939 0.0461287 0.0487641 0.0501944 0.0503955 0.0494205 0.0473899 0.0444761 0.0408854 0.0368397 0.0325589 0.0282458 0.0240753 0.0201872 0.0166828 0.0136178 0.0109626 0.00851008 0.00593848 0.00335151 0.00142907 0.000466172 0.000123156 2.77807e-05 5.5189e-06 9.74923e-07 1.51585e-07 1.9976e-08 2.01896e-09 1.11922e-10 0 
0 0.000430603 0.00282299 0.00693632 0.0115706 0.0168784 0.0228065 0.029049 0.03525 0.0410528 0.0461287 0.0502032 0.0530758 0.0546316 0.0548449 0.0537745 0.0515522 0.0483665 0.0444427 0.040023 0.0353468 0.0306353 0.0260788 0.021829 0.0179964 0.014647 0.0117788 0.00923447 0.0066664 0.00398165 0.00179857 0.000610737 0.000164715 3.74356e-05 7.4398e-06 1.31018e-06 2.02752e-07 2.65757e-08 2.6712e-09 1.47286e-10 0 
0 0.000484678 0.00306037 0.00731344 0.0121545 0.0177725 0.0240563 0.0306723 0.0372429 0.0433897 0.0487641 0.0530758 0.0561126 0.0577534 0.0579719 0.0568309 0.0544707 0.0510911 0.046931 0.0422469 0.0372923 0.0323008 0.0274735 0.0229706 0.0189083 0.015358 0.0123316 0.00970606 0.00714282 0.00442966 0.00208816 0.000732246 0.000201044 4.60378e-05 9.1658e-06 1.61243e-06 2.48936e-07 3.25345e-08 3.26023e-09 1.7924e-10 0 
0 0.000515904 0.00318918 0.00751372 0.0124713 0.0182601 0.0247378 0.031557 0.038328 0.0446601 0.0501944 0.0546316 0.0577534 0.0594356 0.059652 0.0584684 0.0560295 0.0525414 0.0482509 0.0434222 0.0383165 0.0331741 0.0282017 0.0235636 0.0193792 0.0157221 0.0126102 0.00993939 0.00738569 0.00467921 0.00226494 0.000811467 0.000225694 5.20122e-05 1.03823e-05 1.82779e-06 2.82155e-07 3.68606e-08 3.69214e-09 2.02929e-10 0 
0 0.000522335 0.00321209 0.00754327 0.012517 0.0183318 0.0248386 0.0316873 0.0384861 0.0448424 0.0503955 0.0548449 0.0579719 0.059652 0.0598599 0.0586623 0.056205 0.0526956 0.0483823 0.0435307 0.038403 0.0332405 0.0282502 0.0235967 0.0193992 0.0157314 0.0126125 0.00994477 0.00741324 0.00473348 0.00231594 0.000837954 0.000234717 5.4345e-05 1.08832e-05 1.92092e-06 2.97224e-07 3.89207e-08 3.90836e-09 2.1542e-10 0 
0 0.000504588 0.00313455 0.00741135 0.0123036 0.0180053 0.0243832 0.0310952 0.0377568 0.0439831 0.0494205 0.0537745 0.0568309 0.0584684 0.0586623 0.0574785 0.0550608 0.0516135 0.0473803 0.0426217 0.0375949 0.0325364 0.0276488 0.0230933 0.0189861 0.0153989 0.0123486 0.00973377 0.0072412 0.0046056 0.00224552 0.00081174 0.000227772 5.29189e-05 1.06442e-05 1.88806e-06 2.93726e-07 3.86885e-08 3.90964e-09 2.16962e-10 0 
0 0.000465439 0.00296387 0.00713045 0.0118571 0.0173217 0.0234286 0.0298543 0.0362306 0.0421887 0.0473899 0.0515522 0.0544707 0.0560295 0.056205 0.0550608 0.0527355 0.0494255 0.0453644 0.0408023 0.0359858 0.0311416 0.0264637 0.0221064 0.0181808 0.0147549 0.0118395 0.00932046 0.00688388 0.00431608 0.00207266 0.000742599 0.00020809 4.85379e-05 9.83167e-06 1.7593e-06 2.76423e-07 3.68045e-08 3.76236e-09 2.11341e-10 0 
0 0.000409433 0.00270948 0.00671444 0.0112144 0.0163399 0.0220566 0.0280706 0.0340375 0.0396117 0.0444761 0.0483665 0.0510911 0.0525414 0.0526956 0.0516135 0.0494255 0.0463158 0.042504 0.0382245 0.0337088 0.0291696 0.0247889 0.0207115 0.0170418 0.013842 0.0111125 0.00871982 0.00635703 0.00389516 0.00182904 0.000647643 0.000181483 4.26746e-05 8.75422e-06 1.59059e-06 2.54158e-07 3.44487e-08 3.58705e-09 2.05299e-10 0 
0 0.00034245 0.00238398 0.00617565 0.0104166 0.0151308 0.0203658 0.0258716 0.0313334 0.0364349 0.0408854 0.0444427 0.046931 0.0482509 0.0483823 0.0473803 0.0453644 0.042504 0.0390003 0.0350689 0.0309222 0.0267555 0.0227363 0.0189982 0.0156373 0.012708 0.0101956 0.00794626 0.00568408 0.00338788 0.00155653 0.000547896 0.000154903 3.70936e-05 7.78682e-06 1.4511e-06 2.38008e-07 3.31101e-08 3.53579e-09 2.0727e-10 0 
0 0.000271129 0.00200512 0.0055228 0.00950236 0.0137699 0.0184626 0.0233944 0.0282865 0.0328551 0.0368397 0.040023 0.0422469 0.0434222 0.0435307 0.0426217 0.0408023 0.0382245 0.0350689 0.0315289 0.0277953 0.0240438 0.0204256 0.0170612 0.0140378 0.0113989 0.00911185 0.00701703 0.00490638 0.00285685 0.00130239 0.000464606 0.000135162 3.35432e-05 7.3101e-06 1.41253e-06 2.39585e-07 3.43475e-08 3.76562e-09 2.25742e-10 0 
0 0.000202072 0.00159753 0.00476289 0.00849723 0.0123287 0.0164525 0.0207754 0.0250633 0.0290674 0.0325589 0.0353468 0.0372923 0.0383165 0.038403 0.0375949 0.0359858 0.0337088 0.0309222 0.0277953 0.0244957 0.0211775 0.0179743 0.0149929 0.012309 0.00995318 0.00788166 0.00596503 0.00409255 0.00237624 0.00111147 0.000416351 0.000128301 3.36411e-05 7.68648e-06 1.54338e-06 2.69743e-07 3.95549e-08 4.40802e-09 2.67221e-10 0 
0 0.000140892 0.00119265 0.00391047 0.00740471 0.0108619 0.0144315 0.018141 0.0218181 0.0252519 0.0282458 0.0306353 0.0323008 0.0331741 0.0332405 0.0325364 0.0311416 0.0291696 0.0267555 0.0240438 0.0211775 0.0182885 0.015491 0.0128766 0.0105073 0.00840399 0.00654 0.00486014 0.00333344 0.00201079 0.00101542 0.000417038 0.000139566 3.89108e-05 9.25657e-06 1.90379e-06 3.36906e-07 4.96301e-08 5.52642e-09 3.33533e-10 0 
0 9.132e-05 0.000824688 0.0030035 0.00620707 0.00938963 0.0124746 0.0155993 0.0186841 0.0215642 0.0240753 0.0260788 0.0274735 0.0282017 0.0282502 0.0276488 0.0264637 0.0247889 0.0227363 0.0204256 0.0179743 0.015491 0.0130692 0.0107827 0.00868329 0.00680819 0.00519063 0.00384331 0.00272929 0.00179062 0.00101965 0.00047259 0.000172972 5.06813e-05 1.22876e-05 2.5285e-06 4.43345e-07 6.43982e-08 7.05538e-09 4.1862e-10 0 
0 5.47036e-05 0.000522427 0.00211457 0.00489341 0.00787846 0.0106135 0.0132297 0.015767 0.0181288 0.0201872 0.021829 0.0229706 0.0235636 0.0235967 0.0230933 0.0221064 0.0207115 0.0189982 0.0170612 0.0149929 0.0128766 0.0107827 0.00877162 0.00691892 0.00534692 0.0041664 0.00332174 0.00259648 0.00185517 0.0011511 0.000586871 0.000231119 6.97012e-05 1.68107e-05 3.38707e-06 5.78602e-07 8.18347e-08 8.73921e-09 5.06275e-10 0 
0 3.01418e-05 0.000300556 0.00133821 0.00351722 0.00625713 0.00880239 0.011057 0.0131338 0.0150338 0.0166828 0.0179964 0.0189083 0.0193792 0.0193992 0.0189861 0.0181808 0.0170418 0.0156373 0.0140378 0.012309 0.0105073 0.00868329 0.00691892 0.00541689 0.00453682 0.00450918 0.00488372 0.0046436 0.00340758 0.00190842 0.000870793 0.000329052 9.69318e-05 2.24876e-05 4.3397e-06 7.13487e-07 9.76318e-08 1.01276e-08 5.71786e-10 0 
0 1.52265e-05 0.000156186 0.000750393 0.00223091 0.00451317 0.00691513 0.00900189 0.0107765 0.0123142 0.0136178 0.014647 0.015358 0.0157221 0.0157314 0.0153989 0.0147549 0.013842 0.012708 0.0113989 0.00995318 0.00840399 0.00680819 0.00534692 0.00453682 0.00535982 0.00845266 0.0121959 0.0129984 0.00960253 0.00488741 0.00179575 0.00053782 0.000137275 2.87874e-05 5.14527e-06 8.03429e-07 1.06082e-07 1.06994e-08 5.89892e-10 0 
0 7.04005e-06 7.31866e-05 0.000370463 0.00121924 0.00281905 0.0048804 0.00687631 0.00854568 0.00989067 0.0109626 0.0117788 0.0123316 0.0126102 0.0126125 0.0123486 0.0118395 0.0111125 0.0101956 0.00911185 0.00788166 0.00654 0.00519063 0.0041664 0.00450918 0.00845266 0.0175429 0.0279053 0.0307371 0.0226824 0.011279 0.00381768 0.000946066 0.000195676 3.48295e-05 5.531e-06 8.06673e-07 1.02682e-07 1.01124e-08 5.47143e-10 0 
0 2.97852e-06 3.09675e-05 0.000161291 0.000569567 0.00147349 0.00290843 0.00460114 0.00619609 0.00750709 0.00851008 0.00923447 0.00970606 0.00993939 0.00994477 0.00973377 0.00932046 0.00871982 0.00794626 0.00701703 0.00596503 0.00486014 0.00384331 0.00332174 0.00488372 0.0121959 0.0279053 0.0455799 0.0503546 0.0374346 0.0184749 0.00612009 0.00140672 0.000250851 3.79252e-05 5.25391e-06 7.0811e-07 8.70918e-08 8.43329e-09 4.51018e-10 0 
0 1.15407e-06 1.18728e-05 6.23725e-05 0.000229042 0.000639626 0.00140678 0.0025094 0.00376601 0.00495594 0.00593848 0.0066664 0.00714282 0.00738569 0.00741324 0.0072412 0.00688388 0.00635703 0.00568408 0.00490638 0.00409255 0.00333344 0.00272929 0.00259648 0.0046436 0.0129984 0.0307371 0.0503546 0.0550498 0.0417608 0.0204711 0.00674038 0.00151343 0.000251778 3.41027e-05 4.22747e-06 5.3246e-07 6.39143e-08 6.14566e-09 3.27735e-10 0 
0 4.10099e-07 4.1419e-06 2.16241e-05 8.05171e-05 0.000234221 0.000552313 0.00108014 0.0017922 0.00259005 0.00335151 0.00398165 0.00442966 0.00467921 0.00473348 0.0046056 0.00431608 0.00389516 0.00338788 0.00285685 0.00237624 0.00201079 0.00179062 0.00185517 0.00340758 0.00960253 0.0226824 0.0374346 0.0417608 0.0307326 0.0151687 0.00499356 0.00111906 0.000182369 2.34668e-05 2.75143e-06 3.36344e-07 4.02268e-08 3.88997e-09 2.08856e-10 0 
0 1.33843e-07 1.31997e-06 6.78059e-06 2.51568e-05 7.41915e-05 0.000181008 0.000373492 0.000663147 0.00103091 0.00142907 0.00179857 0.00208816 0.00226494 0.00231594 0.00224552 0.00207266 0.00182904 0.00155653 0.00130239 0.00111147 0.00101542 0.00101965 0.0011511 0.00190842 0.00488741 0.011279 0.0184749 0.0204711 0.0151687 0.00749678 0.00248013 0.00056338 9.25407e-05 1.18935e-05 1.41054e-06 1.76646e-07 2.1633e-08 2.13307e-09 1.16421e-10 0 
0 4.01583e-08 3.85424e-07 1.93608e-06 7.08e-06 2.08034e-05 5.12231e-05 0.000108106 0.000198618 0.000321909 0.000466172 0.000610737 0.000732246 0.000811467 0.000837954 0.00081174 0.000742599 0.000647643 0.000547896 0.000464606 0.000416351 0.000417038 0.00047259 0.000586871 0.000870793 0.00179575 0.00381768 0.00612009 0.00674038 0.00499356 0.00248013 0.000833706 0.000194738 3.29476e-05 4.4525e-06 5.73397e-07 7.75305e-08 9.96081e-09 1.01363e-09 5.67256e-11 0 
0 1.10752e-08 1.03254e-07 5.05432e-07 1.81056e-06 5.24769e-06 1.28498e-05 2.72025e-05 5.05319e-05 8.33172e-05 0.000123156 0.000164715 0.000201044 0.000225694 0.000234717 0.000227772 0.00020809 0.000181483 0.000154903 0.000135162 0.000128301 0.000139566 0.000172972 0.000231119 0.000329052 0.00053782 0.000946066 0.00140672 0.00151343 0.00111906 0.00056338 0.000194738 4.72412e-05 8.5042e-06 1.28864e-06 1.91965e-07 2.89262e-08 3.94965e-09 4.18235e-10 2.41663e-11 0 
0 2.80157e-09 2.5353e-08 1.20736e-07 4.22328e-07 1.20105e-06 2.90179e-06 6.09662e-06 1.13022e-05 1.86839e-05 2.77807e-05 3.74356e-05 4.60378e-05 5.20122e-05 5.4345e-05 5.29189e-05 4.85379e-05 4.26746e-05 3.70936e-05 3.35432e-05 3.36411e-05 3.89108e-05 5.06813e-05 6.97012e-05 9.69318e-05 0.000137275 0.000195676 0.000250851 0.000251778 0.000182369 9.25407e-05 3.29476e-05 8.5042e-06 1.72689e-06 3.13464e-07 5.55509e-08 9.33344e-09 1.35622e-09 1.50113e-10 9.00141e-12 0 
0 6.46535e-10 5.67951e-09 2.6301e-08 8.97171e-08 2.49729e-07 5.9302e-07 1.22995e-06 2.26044e-06 3.71853e-06 5.5189e-06 7.4398e-06 9.1658e-06 1.03823e-05 1.08832e-05 1.06442e-05 9.83167e-06 8.75422e-06 7.78682e-06 7.3101e-06 7.68648e-06 9.25657e-06 1.22876e-05 1.68107e-05 2.24876e-05 2.87874e-05 3.48295e-05 3.79252e-05 3.41027e-05 2.34668e-05 1.18935e-05 4.4525e-06 1.28864e-06 3.13464e-07 6.94616e-08 1.42897e-08 2.62401e-09 4.04081e-10 4.68464e-11 2.92504e-12 0 
0 1.34631e-10 1.14873e-09 5.17458e-09 1.72105e-08 4.68488e-08 1.09166e-07 2.22969e-07 4.04973e-07 6.60561e-07 9.74923e-07 1.31018e-06 1.61243e-06 1.82779e-06 1.92092e-06 1.88806e-06 1.7593e-06 1.59059e-06 1.4511e-06 1.41253e-06 1.54338e-06 1.90379e-06 2.5285e-06 3.38707e-06 4.3397e-06 5.14527e-06 5.531e-06 5.25391e-06 4.22747e-06 2.75143e-06 1.41054e-06 5.73397e-07 1.91965e-07 5.55509e-08 1.42897e-08 3.25431e-09 6.40062e-10 1.04018e-10 1.26396e-11 8.23315e-13 0 
0 2.47579e-11 2.05384e-10 9.00717e-10 2.92248e-09 7.78064e-09 1.77838e-08 3.57396e-08 6.40693e-08 1.03457e-07 1.51585e-07 2.02752e-07 2.48936e-07 2.82155e-07 2.97224e-07 2.93726e-07 2.76423e-07 2.54158e-07 2.38008e-07 2.39585e-07 2.69743e-07 3.36906e-07 4.43345e-07 5.78602e-07 7.13487e-07 8.03429e-07 8.06673e-07 7.0811e-07 5.3246e-07 3.36344e-07 1.76646e-07 7.75305e-08 2.89262e-08 9.33344e-09 2.62401e-09 6.40062e-10 1.33259e-10 2.27859e-11 2.90115e-12 1.97267e-13 0 
0 3.84761e-12 3.10713e-11 1.32815e-10 4.20797e-10 1.09644e-09 2.45905e-09 4.86251e-09 8.60103e-09 1.37422e-08 1.9976e-08 2.65757e-08 3.25345e-08 3.68606e-08 3.89207e-08 3.86885e-08 3.68045e-08 3.44487e-08 3.31101e-08 3.43475e-08 3.95549e-08 4.96301e-08 6.43982e-08 8.18347e-08 9.76318e-08 1.06082e-07 1.02682e-07 8.70918e-08 6.39143e-08 4.02268e-08 2.1633e-08 9.96081e-09 3.94965e-09 1.35622e-09 4.04081e-10 1.04018e-10 2.27859e-11 4.08885e-12 5.44859e-13 3.86605e-14 0 
0 4.55685e-13 3.58711e-12 1.49651e-11 4.63542e-11 1.18328e-10 2.60593e-10 5.07268e-10 8.85578e-10 1.40008e-09 2.01896e-09 2.6712e-09 3.26023e-09 3.69214e-09 3.90836e-09 3.90964e-09 3.76236e-09 3.58705e-09 3.53579e-09 3.76562e-09 4.40802e-09 5.52642e-09 7.05538e-09 8.73921e-09 1.01276e-08 1.06994e-08 1.01124e-08 8.43329e-09 6.14566e-09 3.88997e-09 2.13307e-09 1.01363e-09 4.18235e-10 1.50113e-10 4.68464e-11 1.26396e-11 2.90115e-12 5.44859e-13 7.5851e-14 5.61017e-15 0 
0 2.93593e-14 2.2561e-13 9.1993e-13 2.78948e-12 6.98406e-12 1.51182e-11 2.89924e-11 4.99819e-11 7.82202e-11 1.11922e-10 1.47286e-10 1.7924e-10 2.02929e-10 2.1542e-10 2.16962e-10 2.11341e-10 2.05299e-10 2.0727e-10 2.25742e-10 2.67221e-10 3.33533e-10 4.1862e-10 5.06275e-10 5.71786e-10 5.89892e-10 5.47143e-10 4.51018e-10 3.27735e-10 2.08856e-10 1.16421e-10 5.67256e-11 2.41663e-11 9.00141e-12 2.92504e-12 8.23315e-13 1.97267e-13 3.86605e-14 5.61017e-15 4.31861e-16 0 
0 0 0 0 0 0 0 0 0 0 0 0 0 0 0 0 0 0 0 0 0 0 0 0 0 0 0 0 0 0 0 0 0 0 0 0 0 0 0 0 0 
