0 0 0 0 0 0 0 0 0 0 0 0 0 0 0 0 0 0 0 0 0 0 0 0 0 0 0 0 0 0 0 0 0 0 0 0 0 0 0 0 0 
0 1.55478e-07 1.34407e-06 5.5767e-06 1.53792e-05 3.1624e-05 5.2222e-05 7.35258e-05 9.25664e-05 0.000107942 0.000119462 0.000127507 0.000132577 0.000135096 0.00013536 0.000133543 0.000129719 0.000123882 0.000115979 0.000105975 9.39378e-05 8.01572e-05 6.52353e-05 5.01026e-05 3.58988e-05 2.3717e-05 1.42906e-05 7.78251e-06 3.80667e-06 1.6671e-06 6.53398e-07 2.29469e-07 7.2318e-08 2.04577e-08 5.18034e-09 1.16444e-09 2.27965e-10 3.72822e-11 4.6025e-12 3.06712e-13 0 
0 1.34407e-06 1.16366e-05 4.54223e-05 0.000109573 0.000186911 0.000252522 0.000297416 0.000326468 0.000346736 0.000362289 0.000374384 0.000382902 0.000387408 0.000387684 0.000383905 0.000376623 0.000366628 0.000354705 0.000341285 0.00032604 0.000307559 0.000283409 0.00025096 0.000209092 0.000160092 0.000110095 6.67477e-05 3.52655e-05 1.61813e-05 6.46981e-06 2.27054e-06 7.04861e-07 1.94642e-07 4.78687e-08 1.04255e-08 1.97643e-09 3.13176e-10 3.75059e-11 2.42869e-12 0 
0 5.5767e-06 4.54223e-05 0.000150506 0.000284218 0.000380825 0.000437629 0.000482169 0.000528306 0.000576088 0.000621028 0.000658684 0.000685859 0.000700721 0.00070268 0.000692248 0.000670882 0.000640817 0.000604899 0.000566401 0.000528755 0.000495 0.00046667 0.000442049 0.000414539 0.000373378 0.000309584 0.000225812 0.000139702 7.19574e-05 3.08826e-05 1.12003e-05 3.49622e-06 9.54044e-07 2.29564e-07 4.86732e-08 8.96506e-09 1.37994e-09 1.60674e-10 1.01303e-11 0 
0 1.53792e-05 0.000109573 0.000284218 0.000420918 0.000503281 0.000584901 0.000681938 0.000786471 0.000888084 0.000978605 0.001052 0.00110408 0.00113247 0.00113655 0.00111734 0.00107731 0.00102003 0.000949891 0.000871756 0.000790731 0.000712072 0.00064115 0.000583018 0.000540505 0.000509888 0.000476033 0.000415105 0.000314303 0.00019435 9.54507e-05 3.75308e-05 1.21518e-05 3.33884e-06 7.94981e-07 1.65271e-07 2.9723e-08 4.46099e-09 5.06556e-10 3.11791e-11 0 
0 3.1624e-05 0.000186911 0.000380825 0.000503281 0.000623208 0.000773547 0.000941904 0.00111296 0.00127457 0.0014167 0.00153124 0.00161232 0.00165654 0.00166304 0.00163343 0.00157143 0.00148241 0.00137287 0.00124985 0.00112045 0.000991455 0.000869212 0.000759847 0.000669637 0.000604108 0.000562904 0.000529701 0.000468769 0.000352804 0.000207849 9.31296e-05 3.24629e-05 9.19521e-06 2.19741e-06 4.5191e-07 7.9836e-08 1.17362e-08 1.30441e-09 7.86247e-11 0 
0 5.2222e-05 0.000252522 0.000437629 0.000584901 0.000773547 0.000998851 0.00124067 0.00148249 0.00170955 0.00190869 0.00206898 0.00218241 0.00224436 0.00225354 0.00221213 0.00212543 0.00200093 0.00184755 0.00167492 0.00149266 0.00130977 0.00113423 0.00097286 0.000831813 0.000717431 0.00063612 0.000588162 0.000552374 0.000479897 0.000339597 0.000179008 6.95218e-05 2.08098e-05 5.06893e-06 1.04119e-06 1.81861e-07 2.63117e-08 2.87356e-09 1.7018e-10 0 
0 7.35258e-05 0.000297416 0.000482169 0.000681938 0.000941904 0.00124067 0.00155725 0.00187252 0.00216805 0.00242727 0.00263837 0.00279733 0.0028947 0.00291097 0.00284421 0.0027161 0.00254785 0.00234714 0.0021223 0.00188471 0.00164576 0.00141543 0.00120194 0.00101182 0.000850655 0.000724545 0.000639863 0.000593428 0.000550636 0.000448895 0.000278588 0.000123108 3.97597e-05 1.00148e-05 2.07366e-06 3.60351e-07 5.15547e-08 5.55387e-09 3.24239e-10 0 
0 9.25664e-05 0.000326468 0.000528306 0.000786471 0.00111296 0.00148249 0.00187252 0.00226042 0.00262452 0.00295597 0.00328338 0.0035617 0.00371346 0.00373776 0.00364296 0.00342781 0.00313558 0.00284889 0.00256654 0.0022737 0.00197929 0.00169501 0.00143063 0.00119357 0.000989276 0.000822562 0.000699521 0.000625032 0.000584232 0.000518362 0.000369031 0.000185978 6.56004e-05 1.72732e-05 3.63295e-06 6.31526e-07 8.97237e-08 9.56846e-09 5.52399e-10 0 
0 0.000107942 0.000346736 0.000576088 0.000888084 0.00127457 0.00170955 0.00216805 0.00262452 0.00307045 0.00357001 0.00396998 0.00416812 0.00425502 0.00426826 0.00421471 0.00408061 0.00381634 0.00339338 0.00299051 0.00263748 0.00229081 0.00195627 0.00164465 0.00136435 0.00112112 0.000919018 0.00076256 0.000658045 0.000603027 0.000555491 0.000436931 0.000247632 9.55297e-05 2.64382e-05 5.67652e-06 9.91129e-07 1.40325e-07 1.48604e-08 8.5077e-10 0 
0 0.000119462 0.000362289 0.000621028 0.000978605 0.0014167 0.00190869 0.00242727 0.00295597 0.00357001 0.00408045 0.00432545 0.00445438 0.00451545 0.00452477 0.00448597 0.0043935 0.0042278 0.00393132 0.00342844 0.00296151 0.00256272 0.00218406 0.00183135 0.00151357 0.00123688 0.00100504 0.000821289 0.000691015 0.000617379 0.000573761 0.00048127 0.000299699 0.000125393 3.64506e-05 8.00388e-06 1.40707e-06 1.99031e-07 2.09838e-08 1.19428e-09 0 
0 0.000127507 0.000374384 0.000658684 0.001052 0.00153124 0.00206898 0.00263837 0.00328338 0.00396998 0.00432545 0.00451094 0.00461539 0.00466631 0.00467399 0.00464099 0.00456407 0.00443186 0.00421453 0.00382516 0.0032547 0.00278197 0.00236587 0.00198029 0.00163265 0.0013294 0.00107423 0.00086958 0.000719577 0.000629285 0.00058246 0.000507215 0.00033828 0.000151194 4.58799e-05 1.02882e-05 1.82232e-06 2.57946e-07 2.71279e-08 1.53807e-09 0 
0 0.000132577 0.000382902 0.000685859 0.00110408 0.00161232 0.00218241 0.00279733 0.0035617 0.00416812 0.00445438 0.00461539 0.00470887 0.00475497 0.00476175 0.00473136 0.00466138 0.00454339 0.00435662 0.00404461 0.00349797 0.00294151 0.00249265 0.00208385 0.00171534 0.0013936 0.00112228 0.000903338 0.00073998 0.000637624 0.000585983 0.000520463 0.000363009 0.000170093 5.33262e-05 1.2161e-05 2.16848e-06 3.07384e-07 3.22937e-08 1.82707e-09 0 
0 0.000135096 0.000387408 0.000700721 0.00113247 0.00165654 0.00224436 0.0028947 0.00371346 0.00425502 0.00451545 0.00466631 0.00475497 0.00479882 0.00480503 0.00477558 0.00470838 0.00459612 0.00442129 0.00413855 0.00363308 0.00303227 0.00255909 0.00213765 0.00175805 0.00142652 0.00114667 0.000920224 0.000749845 0.000640875 0.000585867 0.000524998 0.000375084 0.0001806 5.77503e-05 1.33123e-05 2.38499e-06 3.38586e-07 3.55711e-08 2.01104e-09 0 
0 0.00013536 0.000387684 0.00070268 0.00113655 0.00166304 0.00225354 0.00291097 0.00373776 0.00426826 0.00452477 0.00467399 0.00476175 0.00480503 0.00481087 0.00478119 0.00471397 0.00460203 0.00442832 0.00414903 0.00364991 0.00304133 0.0025636 0.00214065 0.00175987 0.00142734 0.00114663 0.000919392 0.000748122 0.000638075 0.000582428 0.000522891 0.000375821 0.000182302 5.86435e-05 1.35691e-05 2.43616e-06 3.4627e-07 3.64049e-08 2.05919e-09 0 
0 0.000133543 0.000383905 0.000692248 0.00111734 0.00163343 0.00221213 0.00284421 0.00364296 0.00421471 0.00448597 0.00464099 0.00473136 0.00477558 0.00478119 0.00475023 0.00468042 0.00456394 0.0043818 0.00408384 0.00355361 0.00296879 0.00250873 0.00209498 0.00172239 0.0013972 0.00112292 0.000901228 0.000734834 0.000628952 0.00057549 0.000514626 0.000366003 0.000175544 5.60538e-05 1.29291e-05 2.32015e-06 3.30052e-07 3.47484e-08 1.96867e-09 0 
0 0.000129719 0.000376623 0.000670882 0.00107731 0.00157143 0.00212543 0.0027161 0.00342781 0.00408061 0.0043935 0.00456407 0.00466138 0.00470838 0.00471397 0.00468042 0.00460493 0.00447777 0.00427451 0.00392603 0.00335047 0.00283151 0.00240089 0.00200545 0.00164935 0.00133889 0.00107749 0.000867045 0.000710761 0.000613675 0.00056442 0.000499317 0.000345838 0.000161257 5.0523e-05 1.15495e-05 2.06729e-06 2.94284e-07 3.10501e-08 1.76408e-09 0 
0 0.000123882 0.000366628 0.000640817 0.00102003 0.00148241 0.00200093 0.00254785 0.00313558 0.00381634 0.0042278 0.00443186 0.00454339 0.00459612 0.00460203 0.00456394 0.00447777 0.00432946 0.00408116 0.00363073 0.00308447 0.00264755 0.00224882 0.00187891 0.00154605 0.00125631 0.0010131 0.00081868 0.000676983 0.000592273 0.000547602 0.00047477 0.000315335 0.000140967 4.2968e-05 9.69821e-06 1.7298e-06 2.4652e-07 2.60954e-08 1.48877e-09 0 
0 0.000115979 0.000354705 0.000604899 0.000949891 0.00137287 0.00184755 0.00234714 0.00284889 0.00339338 0.00393132 0.00421453 0.00435662 0.00442129 0.00442832 0.0043818 0.00427451 0.00408116 0.00372851 0.00322991 0.00280908 0.00242735 0.0020626 0.00172349 0.00141869 0.00115398 0.000932781 0.000757967 0.000634186 0.000563584 0.000521503 0.000437711 0.000275072 0.000116857 3.452e-05 7.68659e-06 1.36707e-06 1.95299e-07 2.07735e-08 1.19206e-09 0 
0 0.000105975 0.000341285 0.000566401 0.000871756 0.00124985 0.00167492 0.0021223 0.00256654 0.00299051 0.00342844 0.00382516 0.00404461 0.00413855 0.00414903 0.00408384 0.00392603 0.00363073 0.00322991 0.00286555 0.00252185 0.00218121 0.00185297 0.00154779 0.00127377 0.00103638 0.000839257 0.000686007 0.00058142 0.000523526 0.00047979 0.000384895 0.000227247 9.17116e-05 2.63267e-05 5.80099e-06 1.0315e-06 1.48059e-07 1.5857e-08 9.16896e-10 0 
0 9.39378e-05 0.00032604 0.000528755 0.000790731 0.00112045 0.00149266 0.00188471 0.0022737 0.00263748 0.00296151 0.0032547 0.00349797 0.00363308 0.00364991 0.00355361 0.00335047 0.00308447 0.00280908 0.00252185 0.00222221 0.00192118 0.0016306 0.00136023 0.00111746 0.000907504 0.00073433 0.000602041 0.000514079 0.000463288 0.000414284 0.000315937 0.000176565 6.85805e-05 1.93459e-05 4.24957e-06 7.58903e-07 1.09755e-07 1.18571e-08 6.91698e-10 0 
0 8.01572e-05 0.000307559 0.000495 0.000712072 0.000991455 0.00130977 0.00164576 0.00197929 0.00229081 0.00256272 0.00278197 0.00294151 0.00303227 0.00304133 0.00296879 0.00283151 0.00264755 0.00242735 0.00218121 0.00192118 0.0016591 0.00140537 0.00116854 0.000955239 0.000770514 0.000618441 0.000502418 0.000423211 0.000372194 0.000321724 0.000237487 0.000129952 5.01148e-05 1.41732e-05 3.13566e-06 5.64819e-07 8.24e-08 8.97585e-09 5.27624e-10 0 
0 6.52353e-05 0.000283409 0.00046667 0.00064115 0.000869212 0.00113423 0.00141543 0.00169501 0.00195627 0.00218406 0.00236587 0.00249265 0.00255909 0.0025636 0.00250873 0.00240089 0.00224882 0.0020626 0.00185297 0.0016306 0.00140537 0.00118592 0.000979481 0.000792048 0.000628747 0.00049355 0.000388002 0.00031092 0.000258393 0.000217532 0.000164079 9.39436e-05 3.77304e-05 1.0954e-05 2.45864e-06 4.4626e-07 6.5381e-08 7.14045e-09 4.20439e-10 0 
0 5.01026e-05 0.00025096 0.000442049 0.000583018 0.000759847 0.00097286 0.00120194 0.00143063 0.00164465 0.00183135 0.00198029 0.00208385 0.00213765 0.00214065 0.00209498 0.00200545 0.00187891 0.00172349 0.00154779 0.00136023 0.00116854 0.000979481 0.000799156 0.000634288 0.000494013 0.000386979 0.000310028 0.000246497 0.000187931 0.000143096 0.000110211 7.03927e-05 3.09612e-05 9.39045e-06 2.13342e-06 3.8635e-07 5.61897e-08 6.08452e-09 3.55272e-10 0 
0 3.58988e-05 0.000209092 0.000414539 0.000540505 0.000669637 0.000831813 0.00101182 0.00119357 0.00136435 0.00151357 0.00163265 0.00171534 0.00175805 0.00175987 0.00172239 0.00164935 0.00154605 0.00141869 0.00127377 0.00111746 0.000955239 0.000792048 0.000634288 0.000497383 0.000414223 0.000409725 0.000443229 0.000421417 0.000309656 0.000176551 9.44196e-05 5.69263e-05 2.76578e-05 8.84477e-06 2.01816e-06 3.59907e-07 5.13076e-08 5.44903e-09 3.12643e-10 0 
0 2.3717e-05 0.000160092 0.000373378 0.000509888 0.000604108 0.000717431 0.000850655 0.000989276 0.00112112 0.00123688 0.0013294 0.0013936 0.00142652 0.00142734 0.0013972 0.00133889 0.00125631 0.00115398 0.00103638 0.000907504 0.000770514 0.000628747 0.000494013 0.000414223 0.000486408 0.000766812 0.00127951 0.00154352 0.000881185 0.000443412 0.000164411 5.93089e-05 2.59856e-05 8.5852e-06 1.95138e-06 3.39846e-07 4.71769e-08 4.89007e-09 2.74691e-10 0 
0 1.42906e-05 0.000110095 0.000309584 0.000476033 0.000562904 0.00063612 0.000724545 0.000822562 0.000919018 0.00100504 0.00107423 0.00112228 0.00114667 0.00114663 0.00112292 0.00107749 0.0010131 0.000932781 0.000839257 0.00073433 0.000618441 0.00049355 0.000386979 0.000409725 0.000766812 0.00183538 0.0029328 0.003015 0.00259002 0.00103257 0.000346392 8.86761e-05 2.63394e-05 8.12312e-06 1.80321e-06 3.05205e-07 4.12621e-08 4.18164e-09 2.30461e-10 0 
0 7.78251e-06 6.67477e-05 0.000225812 0.000415105 0.000529701 0.000588162 0.000639863 0.000699521 0.00076256 0.000821289 0.00086958 0.000903338 0.000920224 0.000919392 0.000901228 0.000867045 0.00081868 0.000757967 0.000686007 0.000602041 0.000502418 0.000388002 0.000310028 0.000443229 0.00127951 0.0029328 0.00324119 0.00327691 0.00311073 0.00222535 0.000555531 0.00012845 2.80098e-05 7.25042e-06 1.51866e-06 2.48658e-07 3.2885e-08 3.27908e-09 1.78391e-10 0 
0 3.80667e-06 3.52655e-05 0.000139702 0.000314303 0.000468769 0.000552374 0.000593428 0.000625032 0.000658045 0.000691015 0.000719577 0.00073998 0.000749845 0.000748122 0.000734834 0.000710761 0.000676983 0.000634186 0.00058142 0.000514079 0.000423211 0.00031092 0.000246497 0.000421417 0.00154352 0.003015 0.00327691 0.00331239 0.00318126 0.00258787 0.00062344 0.000137784 2.64584e-05 5.81535e-06 1.12474e-06 1.78098e-07 2.32247e-08 2.29954e-09 1.24528e-10 0 
0 1.6671e-06 1.61813e-05 7.19574e-05 0.00019435 0.000352804 0.000479897 0.000550636 0.000584232 0.000603027 0.000617379 0.000629285 0.000637624 0.000640875 0.000638075 0.000628952 0.000613675 0.000592273 0.000563584 0.000523526 0.000463288 0.000372194 0.000258393 0.000187931 0.000309656 0.000881185 0.00259002 0.00311073 0.00318126 0.00297161 0.00162409 0.000453011 0.000102193 1.94476e-05 3.92014e-06 7.09113e-07 1.09836e-07 1.4295e-08 1.42078e-09 7.73094e-11 0 
0 6.53398e-07 6.46981e-06 3.08826e-05 9.54507e-05 0.000207849 0.000339597 0.000448895 0.000518362 0.000555491 0.000573761 0.00058246 0.000585983 0.000585867 0.000582428 0.00057549 0.00056442 0.000547602 0.000521503 0.00047979 0.000414284 0.000321724 0.000217532 0.000143096 0.000176551 0.000443412 0.00103257 0.00222535 0.00258787 0.00162409 0.000680093 0.000225078 5.2475e-05 1.07143e-05 2.11426e-06 3.71709e-07 5.76556e-08 7.60439e-09 7.67381e-10 4.23534e-11 0 
0 2.29469e-07 2.27054e-06 1.12003e-05 3.75308e-05 9.31296e-05 0.000179008 0.000278588 0.000369031 0.000436931 0.00048127 0.000507215 0.000520463 0.000524998 0.000522891 0.000514626 0.000499317 0.00047477 0.000437711 0.000384895 0.000315937 0.000237487 0.000164079 0.000110211 9.44196e-05 0.000164411 0.000346392 0.000555531 0.00062344 0.000453011 0.000225078 7.64482e-05 1.97213e-05 4.47775e-06 9.00608e-07 1.61131e-07 2.57111e-08 3.48877e-09 3.61235e-10 2.03976e-11 0 
0 7.2318e-08 7.04861e-07 3.49622e-06 1.21518e-05 3.24629e-05 6.95218e-05 0.000123108 0.000185978 0.000247632 0.000299699 0.00033828 0.000363009 0.000375084 0.000375821 0.000366003 0.000345838 0.000315335 0.000275072 0.000227247 0.000176565 0.000129952 9.39436e-05 7.03927e-05 5.69263e-05 5.93089e-05 8.86761e-05 0.00012845 0.000137784 0.000102193 5.2475e-05 1.97213e-05 5.89772e-06 1.45931e-06 3.09424e-07 5.84919e-08 9.79516e-09 1.38298e-09 1.48173e-10 8.62168e-12 0 
0 2.04577e-08 1.94642e-07 9.54044e-07 3.33884e-06 9.19521e-06 2.08098e-05 3.97597e-05 6.56004e-05 9.55297e-05 0.000125393 0.000151194 0.000170093 0.0001806 0.000182302 0.000175544 0.000161257 0.000140967 0.000116857 9.17116e-05 6.85805e-05 5.01148e-05 3.77304e-05 3.09612e-05 2.76578e-05 2.59856e-05 2.63394e-05 2.80098e-05 2.64584e-05 1.94476e-05 1.07143e-05 4.47775e-06 1.45931e-06 3.88429e-07 8.91983e-08 1.81273e-08 3.21311e-09 4.75107e-10 5.29854e-11 3.19441e-12 0 
0 5.18034e-09 4.78687e-08 2.29564e-07 7.94981e-07 2.19741e-06 5.06893e-06 1.00148e-05 1.72732e-05 2.64382e-05 3.64506e-05 4.58799e-05 5.33262e-05 5.77503e-05 5.86435e-05 5.60538e-05 5.0523e-05 4.2968e-05 3.452e-05 2.63267e-05 1.93459e-05 1.41732e-05 1.0954e-05 9.39045e-06 8.84477e-06 8.5852e-06 8.12312e-06 7.25042e-06 5.81535e-06 3.92014e-06 2.11426e-06 9.00608e-07 3.09424e-07 8.91983e-08 2.22781e-08 4.85899e-09 9.11898e-10 1.41608e-10 1.64981e-11 1.03442e-12 0 
0 1.16444e-09 1.04255e-08 4.86732e-08 1.65271e-07 4.5191e-07 1.04119e-06 2.07366e-06 3.63295e-06 5.67652e-06 8.00388e-06 1.02882e-05 1.2161e-05 1.33123e-05 1.35691e-05 1.29291e-05 1.15495e-05 9.69821e-06 7.68659e-06 5.80099e-06 4.24957e-06 3.13566e-06 2.45864e-06 2.13342e-06 2.01816e-06 1.95138e-06 1.80321e-06 1.51866e-06 1.12474e-06 7.09113e-07 3.71709e-07 1.61131e-07 5.84919e-08 1.81273e-08 4.85899e-09 1.12743e-09 2.23466e-10 3.64673e-11 4.44598e-12 2.90524e-13 0 
0 2.27965e-10 1.97643e-09 8.96506e-09 2.9723e-08 7.9836e-08 1.81861e-07 3.60351e-07 6.31526e-07 9.91129e-07 1.40707e-06 1.82232e-06 2.16848e-06 2.38499e-06 2.43616e-06 2.32015e-06 2.06729e-06 1.7298e-06 1.36707e-06 1.0315e-06 7.58903e-07 5.64819e-07 4.4626e-07 3.8635e-07 3.59907e-07 3.39846e-07 3.05205e-07 2.48658e-07 1.78098e-07 1.09836e-07 5.76556e-08 2.57111e-08 9.79516e-09 3.21311e-09 9.11898e-10 2.23466e-10 4.66482e-11 7.99387e-12 1.02007e-12 6.95259e-14 0 
0 3.72822e-11 3.13176e-10 1.37994e-09 4.46099e-09 1.17362e-08 2.63117e-08 5.15547e-08 8.97237e-08 1.40325e-07 1.99031e-07 2.57946e-07 3.07384e-07 3.38586e-07 3.4627e-07 3.30052e-07 2.94284e-07 2.4652e-07 1.95299e-07 1.48059e-07 1.09755e-07 8.24e-08 6.5381e-08 5.61897e-08 5.13076e-08 4.71769e-08 4.12621e-08 3.2885e-08 2.32247e-08 1.4295e-08 7.60439e-09 3.48877e-09 1.38298e-09 4.75107e-10 1.41608e-10 3.64673e-11 7.99387e-12 1.43599e-12 1.9162e-13 1.36192e-14 0 
0 4.6025e-12 3.75059e-11 1.60674e-10 5.06556e-10 1.30441e-09 2.87356e-09 5.55387e-09 9.56846e-09 1.48604e-08 2.09838e-08 2.71279e-08 3.22937e-08 3.55711e-08 3.64049e-08 3.47484e-08 3.10501e-08 2.60954e-08 2.07735e-08 1.5857e-08 1.18571e-08 8.97585e-09 7.14045e-09 6.08452e-09 5.44903e-09 4.89007e-09 4.18164e-09 3.27908e-09 2.29954e-09 1.42078e-09 7.67381e-10 3.61235e-10 1.48173e-10 5.29854e-11 1.64981e-11 4.44598e-12 1.02007e-12 1.9162e-13 2.66945e-14 1.97651e-15 0 
0 3.06712e-13 2.42869e-12 1.01303e-11 3.11791e-11 7.86247e-11 1.7018e-10 3.24239e-10 5.52399e-10 8.5077e-10 1.19428e-09 1.53807e-09 1.82707e-09 2.01104e-09 2.05919e-09 1.96867e-09 1.76408e-09 1.48877e-09 1.19206e-09 9.16896e-10 6.91698e-10 5.27624e-10 4.20439e-10 3.55272e-10 3.12643e-10 2.74691e-10 2.30461e-10 1.78391e-10 1.24528e-10 7.73094e-11 4.23534e-11 2.03976e-11 8.62168e-12 3.19441e-12 1.03442e-12 2.90524e-13 6.95259e-14 1.36192e-14 1.97651e-15 1.52227e-16 0 
0 0 0 0 0 0 0 0 0 0 0 0 0 0 0 0 0 0 0 0 0 0 0 0 0 0 0 0 0 0 0 0 0 0 0 0 0 0 0 0 0 
