0 0 0 0 0 0 0 0 0 0 0 0 0 0 0 0 0 0 0 0 0 0 0 0 0 0 0 0 0 0 0 0 0 0 0 0 0 0 0 0 0 
0 1.8551e-07 1.62088e-06 6.86723e-06 1.95298e-05 4.1677e-05 7.15293e-05 0.000104392 0.00013555 0.000162078 0.000182875 0.000197946 0.000207732 0.000212742 0.000213394 0.000209991 0.000202729 0.000191732 0.000177117 0.000159095 0.000138108 0.000114968 9.0935e-05 6.76344e-05 4.67845e-05 2.97721e-05 1.72608e-05 9.04806e-06 4.2678e-06 1.80786e-06 6.8798e-07 2.3555e-07 7.26591e-08 2.01913e-08 5.03876e-09 1.11926e-09 2.17039e-10 3.52253e-11 4.3222e-12 2.8664e-13 0 
0 1.62088e-06 1.42866e-05 5.78391e-05 0.000147198 0.000266922 0.000381924 0.000471192 0.000534854 0.000580841 0.00061537 0.000641169 0.000658775 0.000667993 0.000668761 0.000661489 0.000647073 0.000626671 0.000601311 0.000571377 0.000536104 0.00049336 0.000440206 0.000374582 0.000297828 0.000216449 0.000140881 8.08563e-05 4.05775e-05 1.77887e-05 6.84399e-06 2.32785e-06 7.04921e-07 1.90907e-07 4.62451e-08 9.95451e-09 1.87015e-09 2.94278e-10 3.5054e-11 2.26052e-12 0 
0 6.86723e-06 5.78391e-05 0.000204287 0.000418878 0.000605027 0.000731624 0.000828078 0.000918004 0.00100558 0.00108585 0.00115242 0.00120026 0.00122639 0.00122984 0.00121152 0.00117397 0.00112101 0.00105743 0.000988547 0.000919577 0.000854461 0.00079397 0.000733354 0.000661417 0.000564608 0.000438127 0.000296876 0.000170595 8.21779e-05 3.33603e-05 1.15873e-05 3.50271e-06 9.33724e-07 2.20901e-07 4.6264e-08 8.44526e-09 1.29143e-09 1.49643e-10 9.40096e-12 0 
0 1.95298e-05 0.000147198 0.000418878 0.000679617 0.000858023 0.00101751 0.00119238 0.00137654 0.00155468 0.0017132 0.00184169 0.00193288 0.00198258 0.00198972 0.0019561 0.00188601 0.00178573 0.00166293 0.00152609 0.00138406 0.00124573 0.00111958 0.00101229 0.000924796 0.000845968 0.000749388 0.000606684 0.000420319 0.000237371 0.000107614 3.97489e-05 1.23057e-05 3.27896e-06 7.64767e-07 1.5679e-07 2.79314e-08 4.1648e-09 4.70776e-10 2.88835e-11 0 
0 4.1677e-05 0.000266922 0.000605027 0.000858023 0.00108659 0.00135368 0.00164891 0.00194843 0.00223135 0.00248017 0.00268071 0.00282265 0.00290006 0.00291144 0.00285961 0.00275106 0.00259522 0.00240344 0.00218807 0.00196154 0.00173569 0.00152156 0.00132943 0.00116869 0.00104467 0.000949026 0.000847769 0.000691393 0.00046997 0.000249749 0.000102606 3.35771e-05 9.12004e-06 2.12202e-06 4.29113e-07 7.49988e-08 1.09489e-08 1.21138e-09 7.27932e-11 0 
0 7.15293e-05 0.000381924 0.000731624 0.00101751 0.00135368 0.00174863 0.00217201 0.00259535 0.00299286 0.0033415 0.00362208 0.00382059 0.00392886 0.00394488 0.00387253 0.00372088 0.00350298 0.00323446 0.00293223 0.00261316 0.00229298 0.00198565 0.00170311 0.00145584 0.00125357 0.00110272 0.00099359 0.000880626 0.000696818 0.000439912 0.000207925 7.41914e-05 2.09805e-05 4.93398e-06 9.92289e-07 1.71127e-07 2.45669e-08 2.67003e-09 1.57635e-10 0 
0 0.000104392 0.000471192 0.000828078 0.00119238 0.00164891 0.00217201 0.00272624 0.00327816 0.00379553 0.00424898 0.00461474 0.00487669 0.00502333 0.00504566 0.00494679 0.00474433 0.00445867 0.00410891 0.00371544 0.00329951 0.00288118 0.00247795 0.0021042 0.00177133 0.00148886 0.00126576 0.00110675 0.000992806 0.000856665 0.000625605 0.000343386 0.000136568 4.09707e-05 9.8605e-06 1.98816e-06 3.40226e-07 4.82394e-08 5.16882e-09 3.00755e-10 0 
0 0.00013555 0.000534854 0.000918004 0.00137654 0.00194843 0.00259535 0.00327816 0.00395724 0.00459367 0.00515607 0.0056351 0.00602113 0.00625467 0.00629288 0.00613698 0.00582443 0.00542493 0.00497911 0.00449258 0.00398049 0.00346509 0.00296741 0.00250457 0.00208955 0.00173185 0.00143942 0.00121998 0.00107185 0.000952641 0.000767899 0.000481935 0.000215155 6.93299e-05 1.72459e-05 3.51013e-06 5.99016e-07 8.42177e-08 8.92672e-09 5.13456e-10 0 
0 0.000162078 0.000580841 0.00100558 0.00155468 0.00223135 0.00299286 0.00379553 0.00459367 0.00534828 0.00606445 0.00673411 0.00718802 0.00740167 0.00743332 0.00729972 0.00697504 0.00644275 0.0058241 0.0052224 0.00461665 0.00401045 0.00342478 0.00287925 0.00238854 0.0019627 0.00160875 0.00133335 0.0011412 0.00101172 0.000861235 0.000599935 0.000298336 0.000103637 2.67963e-05 5.53202e-06 9.45138e-07 1.32207e-07 1.39046e-08 7.92792e-10 0 
0 0.000182875 0.00061537 0.00108585 0.0017132 0.00248017 0.0033415 0.00424898 0.00515607 0.00606445 0.00697571 0.00758078 0.00789149 0.00803471 0.00805547 0.00796336 0.0077427 0.00733897 0.0066672 0.00588861 0.00517448 0.00448606 0.00382358 0.00320609 0.00264977 0.00216537 0.00175945 0.00143717 0.00120417 0.00105261 0.000917828 0.000687477 0.000374086 0.000139402 3.74896e-05 7.86775e-06 1.34918e-06 1.8826e-07 1.96966e-08 1.11595e-09 0 
0 0.000197946 0.000641169 0.00115242 0.00184169 0.00268071 0.00362208 0.00461474 0.0056351 0.00673411 0.00758078 0.00802591 0.00826784 0.00838326 0.00839961 0.00832342 0.00814575 0.00783551 0.00731348 0.00649137 0.00563481 0.00486672 0.00414179 0.00346683 0.00285823 0.00232735 0.00188062 0.00152206 0.00125654 0.00108229 0.000950683 0.00074563 0.000434276 0.000171592 4.77999e-05 1.01929e-05 1.75638e-06 2.44919e-07 2.55437e-08 1.44116e-09 0 
0 0.000207732 0.000658775 0.00120026 0.00193288 0.00282265 0.00382059 0.00487669 0.00602113 0.00718802 0.00789149 0.00826784 0.00848 0.00858272 0.0085968 0.00852753 0.00836849 0.00809736 0.00765854 0.0069286 0.00598386 0.00513494 0.00436341 0.00364813 0.003003 0.00243974 0.00196473 0.00158128 0.00129332 0.0011016 0.000967965 0.000779642 0.000475355 0.000196042 5.61209e-05 1.21259e-05 2.09928e-06 2.92863e-07 3.04967e-08 1.71648e-09 0 
0 0.000212742 0.000667993 0.00122639 0.00198258 0.00290006 0.00392886 0.00502333 0.00625467 0.00740167 0.00803471 0.00838326 0.00858272 0.00867971 0.00869243 0.00862572 0.00847407 0.00821845 0.00781236 0.00714335 0.00618467 0.0052786 0.00447922 0.00374232 0.00307778 0.00249737 0.00200743 0.00161089 0.00131104 0.00110952 0.000973647 0.000794519 0.000496833 0.000210136 6.11824e-05 1.3335e-05 2.31689e-06 3.23527e-07 3.368e-08 1.89403e-09 0 
0 0.000213394 0.000668761 0.00122984 0.00198972 0.00291144 0.00394488 0.00504566 0.00629288 0.00743332 0.00805547 0.00839961 0.0085968 0.00869243 0.00870434 0.00863724 0.00848577 0.00823133 0.0078287 0.00716771 0.00620736 0.00529047 0.00448698 0.00374758 0.00308096 0.0024988 0.00200737 0.00160944 0.00130812 0.00110515 0.000969294 0.000793449 0.000499535 0.00021285 6.2318e-05 1.36288e-05 2.37252e-06 3.31673e-07 3.45531e-08 1.94414e-09 0 
0 0.000209991 0.000661489 0.00121152 0.0019561 0.00285961 0.00387253 0.00494679 0.00613698 0.00729972 0.00796336 0.00832342 0.00852753 0.00862572 0.00863724 0.00856708 0.00840929 0.00814332 0.00771862 0.00701609 0.00605397 0.00517487 0.00439133 0.00366762 0.00301535 0.00244605 0.00196585 0.00157762 0.00128467 0.0010883 0.000955149 0.00077763 0.000484573 0.000204518 5.95521e-05 1.3e-05 2.26366e-06 3.16853e-07 3.30648e-08 1.86383e-09 0 
0 0.000202729 0.000647073 0.00117397 0.00188601 0.00275106 0.00372088 0.00474433 0.00582443 0.00697504 0.0077427 0.00814575 0.00836849 0.00847407 0.00848577 0.00840929 0.00823707 0.00794321 0.00746241 0.00667431 0.00575621 0.00494876 0.00420296 0.00351088 0.00288747 0.00234395 0.00188632 0.00151772 0.00124199 0.00105916 0.000930316 0.000746493 0.000453116 0.00018661 5.35357e-05 1.16154e-05 2.02068e-06 2.83299e-07 2.96452e-08 1.67651e-09 0 
0 0.000191732 0.000626671 0.00112101 0.00178573 0.00259522 0.00350298 0.00445867 0.00542493 0.00644275 0.00733897 0.00783551 0.00809736 0.00821845 0.00823133 0.00814332 0.00794321 0.00759298 0.00699991 0.00616228 0.00536523 0.00463327 0.00393692 0.00328935 0.00270662 0.00219939 0.00177359 0.0014329 0.00118177 0.00101742 0.00089225 0.000698114 0.000406813 0.000161583 4.53777e-05 9.76141e-06 1.69624e-06 2.38413e-07 2.50525e-08 1.42369e-09 0 
0 0.000177117 0.000601311 0.00105743 0.00166293 0.00240344 0.00323446 0.00410891 0.00497911 0.0058241 0.0066672 0.00731348 0.00765854 0.00781236 0.0078287 0.00771862 0.00746241 0.00699991 0.00630946 0.00559055 0.00491286 0.0042493 0.00361093 0.00301726 0.00248367 0.00202024 0.00163295 0.00132629 0.00110486 0.000960716 0.000835943 0.000630166 0.00034863 0.000132713 3.64087e-05 7.76725e-06 1.34995e-06 1.90553e-07 2.01455e-08 1.15264e-09 0 
0 0.000159095 0.000571377 0.000988547 0.00152609 0.00218807 0.00293223 0.00371544 0.00449258 0.0052224 0.00588861 0.00649137 0.0069286 0.00714336 0.00716771 0.00701609 0.00667431 0.00616228 0.00559055 0.00500991 0.00441452 0.00381858 0.00324394 0.00270967 0.00222996 0.00181436 0.00146914 0.0011996 0.00100923 0.000882403 0.000753841 0.000542026 0.000283719 0.000103747 2.79177e-05 5.92905e-06 1.03395e-06 1.46965e-07 1.56684e-08 9.04415e-10 0 
0 0.000138108 0.000536104 0.000919577 0.00138406 0.00196154 0.00261316 0.00329951 0.00398049 0.00461665 0.00517448 0.00563481 0.00598386 0.00618467 0.00620736 0.00605397 0.00575621 0.00536523 0.00491286 0.00441452 0.00389034 0.00336336 0.00285465 0.00238133 0.0019563 0.00158871 0.00128521 0.00105127 0.000887182 0.00077041 0.000638889 0.000438233 0.000219635 7.83149e-05 2.09158e-05 4.45588e-06 7.83306e-07 1.12439e-07 1.21102e-08 7.05976e-10 0 
0 0.000114968 0.00049336 0.000854461 0.00124573 0.00173569 0.00229298 0.00288118 0.00346509 0.00401045 0.00448606 0.00486672 0.00513494 0.0052786 0.00529047 0.00517487 0.00494876 0.00463327 0.0042493 0.00381858 0.00336336 0.00290454 0.00246035 0.00204573 0.0016723 0.0013488 0.00108183 0.000875346 0.000726237 0.000613993 0.000493855 0.000331392 0.000164981 5.91632e-05 1.59811e-05 3.44675e-06 6.12869e-07 8.887e-08 9.65709e-09 5.67328e-10 0 
0 9.0935e-05 0.000440206 0.00079397 0.00111958 0.00152156 0.00198565 0.00247795 0.00296741 0.00342478 0.00382358 0.00414179 0.00436341 0.00447922 0.00448698 0.00439133 0.00420296 0.00393692 0.00361093 0.00324394 0.00285465 0.00246035 0.00207616 0.00171475 0.00138657 0.00110042 0.000862812 0.00067567 0.000535385 0.000432351 0.000343756 0.000239082 0.00012598 4.74174e-05 1.32055e-05 2.89497e-06 5.189e-07 7.55245e-08 8.21937e-09 4.83002e-10 0 
0 6.76344e-05 0.000374582 0.000733354 0.00101229 0.00132943 0.00170311 0.0021042 0.00250457 0.00287925 0.00320609 0.00346683 0.00364813 0.00374232 0.00374758 0.00366762 0.00351088 0.00328935 0.00301726 0.00270967 0.00238133 0.00204573 0.00171475 0.00139902 0.00111027 0.000864469 0.000676915 0.00054205 0.000430318 0.000325794 0.000241175 0.000173918 0.000102336 4.20815e-05 1.22156e-05 2.70554e-06 4.82984e-07 6.9655e-08 7.50179e-09 4.36296e-10 0 
0 4.67845e-05 0.000297828 0.000661417 0.000924796 0.00116869 0.00145584 0.00177133 0.00208955 0.00238854 0.00264977 0.00285823 0.003003 0.00307778 0.00308096 0.00301535 0.00288747 0.00270662 0.00248367 0.00222996 0.0019563 0.0016723 0.00138657 0.00111027 0.000870525 0.000725056 0.000717271 0.000775945 0.000737758 0.000542074 0.000308621 0.00016151 9.02131e-05 4.03953e-05 1.22567e-05 2.7157e-06 4.76496e-07 6.72735e-08 7.09807e-09 4.05206e-10 0 
0 2.97721e-05 0.000216449 0.000564608 0.000845968 0.00104467 0.00125357 0.00148886 0.00173185 0.0019627 0.00216537 0.00232735 0.00243974 0.00249737 0.0024988 0.00244605 0.00234395 0.00219939 0.00202024 0.00181436 0.00158871 0.0013488 0.00110042 0.000864469 0.000725056 0.000851537 0.00134244 0.00207181 0.00246282 0.00152735 0.000776268 0.000287623 0.000100898 4.04043e-05 1.24524e-05 2.73051e-06 4.67042e-07 6.41911e-08 6.61039e-09 3.6946e-10 0 
0 1.72608e-05 0.000140881 0.000438127 0.000749388 0.000949026 0.00110272 0.00126576 0.00143942 0.00160875 0.00175945 0.00188062 0.00196473 0.00200743 0.00200737 0.00196585 0.00188632 0.00177359 0.00163295 0.00146914 0.00128521 0.00108183 0.000862812 0.000676915 0.000717271 0.00134244 0.00298146 0.00523175 0.00546303 0.00433247 0.00179339 0.000606416 0.000154642 4.31868e-05 1.22055e-05 2.58711e-06 4.28911e-07 5.74093e-08 5.78335e-09 3.17311e-10 0 
0 9.04806e-06 8.08563e-05 0.000296876 0.000606684 0.000847769 0.00099359 0.00110675 0.00121998 0.00133335 0.00143717 0.00152206 0.00158128 0.00161089 0.00160944 0.00157762 0.00151772 0.0014329 0.00132629 0.0011996 0.00105127 0.000875346 0.00067567 0.00054205 0.000775945 0.00207181 0.00523175 0.00593126 0.00601865 0.00565873 0.00366735 0.000972015 0.000224739 4.73642e-05 1.11971e-05 2.21588e-06 3.54135e-07 4.63585e-08 4.59783e-09 2.49185e-10 0 
0 4.2678e-06 4.05775e-05 0.000170595 0.000420319 0.000691393 0.000880626 0.000992806 0.00107185 0.0011412 0.00120417 0.00125654 0.00129332 0.00131104 0.00130812 0.00128467 0.00124199 0.00118177 0.00110486 0.00100923 0.000887182 0.000726237 0.000535385 0.000430318 0.000737758 0.00246282 0.00546303 0.00601865 0.00609309 0.00580729 0.00434583 0.00107345 0.000241139 4.5184e-05 9.1228e-06 1.65841e-06 2.55645e-07 3.29949e-08 3.25134e-09 1.75511e-10 0 
0 1.80786e-06 1.77887e-05 8.21779e-05 0.000237371 0.00046997 0.000696818 0.000856665 0.000952641 0.00101172 0.00105261 0.00108229 0.0011016 0.00110952 0.00110515 0.0010883 0.00105916 0.00101742 0.000960716 0.000882403 0.00077041 0.000613993 0.000432351 0.000325794 0.000542074 0.00152735 0.00433247 0.00565873 0.00580729 0.00537522 0.00265298 0.000793074 0.00017878 3.30908e-05 6.16023e-06 1.04953e-06 1.58284e-07 2.04003e-08 2.01921e-09 1.09583e-10 0 
0 6.8798e-07 6.84399e-06 3.33603e-05 0.000107614 0.000249749 0.000439912 0.000625605 0.000767899 0.000861235 0.000917828 0.000950683 0.000967965 0.000973647 0.000969294 0.000955149 0.000930316 0.00089225 0.000835943 0.000753841 0.000638889 0.000493855 0.000343756 0.000241175 0.000308621 0.000776268 0.00179339 0.00366735 0.00434583 0.00265298 0.00119062 0.000394029 9.15191e-05 1.79328e-05 3.28722e-06 5.48731e-07 8.31667e-08 1.08791e-08 1.09413e-09 6.02574e-11 0 
0 2.3555e-07 2.32785e-06 1.15873e-05 3.97489e-05 0.000102606 0.000207925 0.000343386 0.000481935 0.000599935 0.000687477 0.00074563 0.000779642 0.000794519 0.000793449 0.00077763 0.000746493 0.000698114 0.000630166 0.000542026 0.000438233 0.000331392 0.000239082 0.000173918 0.00016151 0.000287623 0.000606416 0.000972015 0.00107345 0.000793074 0.000394029 0.000133658 3.38604e-05 7.27073e-06 1.37381e-06 2.36224e-07 3.70527e-08 4.99738e-09 5.16101e-10 2.90918e-11 0 
0 7.26591e-08 7.04921e-07 3.50271e-06 1.23057e-05 3.35771e-05 7.41914e-05 0.000136568 0.000215155 0.000298336 0.000374086 0.000434276 0.000475355 0.000496833 0.000499535 0.000484573 0.000453116 0.000406813 0.00034863 0.000283719 0.000219635 0.000164981 0.00012598 0.000102336 9.02131e-05 0.000100898 0.000154642 0.000224739 0.000241139 0.00017878 9.15191e-05 3.38604e-05 9.72333e-06 2.27884e-06 4.61765e-07 8.50587e-08 1.40935e-08 1.98216e-09 2.11973e-10 1.2317e-11 0 
0 2.01913e-08 1.90907e-07 9.33724e-07 3.27896e-06 9.12004e-06 2.09805e-05 4.09707e-05 6.93299e-05 0.000103637 0.000139402 0.000171592 0.000196042 0.000210136 0.00021285 0.000204518 0.00018661 0.000161583 0.000132713 0.000103747 7.83149e-05 5.91632e-05 4.74174e-05 4.20815e-05 4.03953e-05 4.04043e-05 4.31868e-05 4.73642e-05 4.5184e-05 3.30908e-05 1.79328e-05 7.27073e-06 2.27884e-06 5.84261e-07 1.30646e-07 2.619e-08 4.61685e-09 6.81139e-10 7.58622e-11 4.56864e-12 0 
0 5.03876e-09 4.62451e-08 2.20901e-07 7.64767e-07 2.12202e-06 4.93398e-06 9.8605e-06 1.72459e-05 2.67963e-05 3.74896e-05 4.77999e-05 5.61209e-05 6.11824e-05 6.2318e-05 5.95521e-05 5.35357e-05 4.53777e-05 3.64087e-05 2.79177e-05 2.09158e-05 1.59811e-05 1.32055e-05 1.22156e-05 1.22567e-05 1.24524e-05 1.22055e-05 1.11971e-05 9.1228e-06 6.16023e-06 3.28722e-06 1.37381e-06 4.61765e-07 1.30646e-07 3.22457e-08 6.99287e-09 1.30916e-09 2.03041e-10 2.3633e-11 1.4805e-12 0 
0 1.11926e-09 9.95451e-09 4.6264e-08 1.5679e-07 4.29113e-07 9.92289e-07 1.98816e-06 3.51013e-06 5.53202e-06 7.86775e-06 1.01929e-05 1.21259e-05 1.3335e-05 1.36288e-05 1.3e-05 1.16154e-05 9.76141e-06 7.76725e-06 5.92905e-06 4.45588e-06 3.44675e-06 2.89497e-06 2.70554e-06 2.7157e-06 2.73051e-06 2.58711e-06 2.21588e-06 1.65841e-06 1.04953e-06 5.48731e-07 2.36224e-07 8.50587e-08 2.619e-08 6.99287e-09 1.61939e-09 3.20643e-10 5.2287e-11 6.37042e-12 4.16003e-13 0 
0 2.17039e-10 1.87015e-09 8.44526e-09 2.79314e-08 7.49988e-08 1.71127e-07 3.40226e-07 5.99016e-07 9.45138e-07 1.34918e-06 1.75638e-06 2.09928e-06 2.31689e-06 2.37252e-06 2.26366e-06 2.02068e-06 1.69624e-06 1.34995e-06 1.03395e-06 7.83306e-07 6.12869e-07 5.189e-07 4.82984e-07 4.76496e-07 4.67042e-07 4.28911e-07 3.54135e-07 2.55645e-07 1.58284e-07 8.31667e-08 3.70527e-08 1.40935e-08 4.61685e-09 1.30916e-09 3.20643e-10 6.69051e-11 1.14603e-11 1.46174e-12 9.95796e-14 0 
0 3.52253e-11 2.94278e-10 1.29143e-09 4.1648e-09 1.09489e-08 2.45669e-08 4.82394e-08 8.42177e-08 1.32207e-07 1.8826e-07 2.44919e-07 2.92863e-07 3.23527e-07 3.31673e-07 3.16853e-07 2.83299e-07 2.38413e-07 1.90553e-07 1.46965e-07 1.12439e-07 8.887e-08 7.55245e-08 6.9655e-08 6.72735e-08 6.41911e-08 5.74093e-08 4.63585e-08 3.29949e-08 2.04003e-08 1.08791e-08 4.99738e-09 1.98216e-09 6.81139e-10 2.03041e-10 5.2287e-11 1.14603e-11 2.05824e-12 2.74575e-13 1.95083e-14 0 
0 4.3222e-12 3.5054e-11 1.49643e-10 4.70776e-10 1.21138e-09 2.67003e-09 5.16882e-09 8.92672e-09 1.39046e-08 1.96966e-08 2.55437e-08 3.04967e-08 3.368e-08 3.45531e-08 3.30648e-08 2.96452e-08 2.50525e-08 2.01455e-08 1.56684e-08 1.21102e-08 9.65709e-09 8.21937e-09 7.50179e-09 7.09807e-09 6.61039e-09 5.78335e-09 4.59783e-09 3.25134e-09 2.01921e-09 1.09413e-09 5.16101e-10 2.11973e-10 7.58622e-11 2.3633e-11 6.37042e-12 1.46174e-12 2.74575e-13 3.82452e-14 2.83112e-15 0 
0 2.8664e-13 2.26052e-12 9.40096e-12 2.88835e-11 7.27932e-11 1.57635e-10 3.00755e-10 5.13456e-10 7.92792e-10 1.11595e-09 1.44116e-09 1.71648e-09 1.89403e-09 1.94414e-09 1.86383e-09 1.67651e-09 1.42369e-09 1.15264e-09 9.04415e-10 7.05976e-10 5.67328e-10 4.83002e-10 4.36296e-10 4.05206e-10 3.6946e-10 3.17311e-10 2.49185e-10 1.75511e-10 1.09583e-10 6.02574e-11 2.90918e-11 1.2317e-11 4.56864e-12 1.4805e-12 4.16003e-13 9.95796e-14 1.95083e-14 2.83112e-15 2.18024e-16 0 
0 0 0 0 0 0 0 0 0 0 0 0 0 0 0 0 0 0 0 0 0 0 0 0 0 0 0 0 0 0 0 0 0 0 0 0 0 0 0 0 0 
