0 0 0 0 0 0 0 0 0 0 0 0 0 0 0 0 0 0 0 0 0 0 0 0 0 0 0 0 0 0 0 0 0 0 0 0 0 0 0 0 0 
0 1.7718e-07 1.54273e-06 6.49181e-06 1.82777e-05 3.8534e-05 6.53018e-05 9.41814e-05 0.00012105 0.000143546 0.000160934 0.000173392 0.00018141 0.000185477 0.000185978 0.000183167 0.00017719 0.000168117 0.00015599 0.000140913 0.000123174 0.00010338 8.25453e-05 6.20499e-05 4.34232e-05 2.79759e-05 1.64257e-05 8.71828e-06 4.16112e-06 1.78179e-06 6.84554e-07 2.36308e-07 7.33997e-08 2.05148e-08 5.14372e-09 1.14698e-09 2.23103e-10 3.62996e-11 4.46286e-12 2.96439e-13 0 
0 1.54273e-06 1.35184e-05 5.40814e-05 0.000135247 0.00024038 0.000337511 0.000410081 0.000460369 0.000496293 0.00052339 0.000543847 0.000557929 0.000565322 0.000565889 0.000559948 0.00054827 0.00053189 0.000511761 0.000488299 0.000460891 0.000427625 0.00038564 0.000332503 0.000268493 0.000198519 0.000131575 7.68843e-05 3.92369e-05 1.74573e-05 6.80049e-06 2.33649e-06 7.13218e-07 1.94368e-07 4.7314e-08 1.02233e-08 1.92628e-09 3.03799e-10 3.62515e-11 2.34092e-12 0 
0 6.49181e-06 5.40814e-05 0.000187072 0.000373371 0.000526137 0.000625605 0.00070177 0.000774924 0.00084754 0.000914664 0.000970527 0.00101073 0.0010327 0.0010356 0.00102019 0.000988615 0.000944119 0.000890788 0.000833221 0.000776024 0.000722895 0.000674987 0.000628716 0.000574441 0.000499178 0.000395951 0.000274897 0.000161835 7.96752e-05 3.29311e-05 1.15982e-05 3.5423e-06 9.51384e-07 2.26307e-07 4.75844e-08 8.71152e-09 1.33498e-09 1.54935e-10 9.74484e-12 0 
0 1.82777e-05 0.000135247 0.000373371 0.000587879 0.000728948 0.000858598 0.0010044 0.00115911 0.00130903 0.00144248 0.00155067 0.00162744 0.00166929 0.00167531 0.001647 0.00158798 0.00150355 0.00140016 0.00128496 0.00116543 0.00104914 0.000943509 0.000854755 0.000784771 0.000725332 0.000653891 0.000542618 0.000387138 0.000225229 0.000104797 3.94948e-05 1.24037e-05 3.33762e-06 7.83605e-07 1.61372e-07 2.88356e-08 4.30873e-09 4.87769e-10 2.99577e-11 0 
0 3.8534e-05 0.00024038 0.000526137 0.000728948 0.000916187 0.00113993 0.00138837 0.00164054 0.00187875 0.00208825 0.0022571 0.00237662 0.00244179 0.00245137 0.00240773 0.00231634 0.00218512 0.00202365 0.00184231 0.00165157 0.00146142 0.00128117 0.0011196 0.000985086 0.000883333 0.000809386 0.000735767 0.000616632 0.000433523 0.000238288 0.000100682 3.3621e-05 9.25487e-06 2.17178e-06 4.41544e-07 7.74376e-08 1.13302e-08 1.25543e-09 7.55161e-11 0 
0 6.53018e-05 0.000337511 0.000625605 0.000858598 0.00113993 0.00147232 0.00182879 0.00218523 0.00251993 0.00281347 0.00304972 0.00321687 0.00330807 0.00332156 0.00326062 0.00313291 0.00294943 0.00272335 0.00246888 0.00220022 0.00193064 0.00167188 0.001434 0.00122591 0.0010562 0.000931652 0.000846859 0.000765348 0.000624796 0.000409604 0.000200606 7.35579e-05 2.11818e-05 5.03726e-06 1.01989e-06 1.76603e-07 2.54165e-08 2.7667e-09 1.63509e-10 0 
0 9.41814e-05 0.000410081 0.00070177 0.0010044 0.00138837 0.00182879 0.00229543 0.00276014 0.00319576 0.00357762 0.00388618 0.00410913 0.00423628 0.00425606 0.00416993 0.00399624 0.00375441 0.00345964 0.00312832 0.00277812 0.0024259 0.00208638 0.00177169 0.00149143 0.0012537 0.00106654 0.000935779 0.000848996 0.000750691 0.000568681 0.000324999 0.00013374 4.10799e-05 1.00308e-05 2.03963e-06 3.50744e-07 4.98742e-08 5.35327e-09 3.11825e-10 0 
0 0.00012105 0.000460369 0.000774924 0.00115911 0.00164054 0.00218523 0.00276014 0.00333191 0.00386796 0.00434423 0.00476401 0.00511545 0.00532596 0.00536051 0.00522225 0.00493809 0.00457787 0.0041937 0.00378276 0.00335149 0.00291754 0.0024985 0.0021088 0.00175935 0.0014582 0.00121215 0.00102858 0.000908945 0.000821757 0.000684039 0.000447602 0.000207878 6.89589e-05 1.74667e-05 3.59226e-06 6.16635e-07 8.69853e-08 9.23815e-09 5.32003e-10 0 
0 0.000143546 0.000496293 0.00084754 0.00130903 0.00187875 0.00251993 0.00319576 0.00386796 0.00450726 0.00514136 0.00573231 0.00609487 0.00625746 0.00628162 0.00618084 0.00592961 0.00548244 0.00492326 0.00439931 0.00388725 0.00337672 0.00288359 0.00242427 0.0020111 0.00165256 0.00135458 0.00112315 0.000964038 0.000864365 0.000755609 0.000548077 0.000284487 0.000102225 2.70104e-05 5.64605e-06 9.71291e-07 1.36389e-07 1.43761e-08 8.20765e-10 0 
0 0.000160934 0.00052339 0.000914664 0.00144248 0.00208825 0.00281347 0.00357762 0.00434423 0.00514136 0.00593018 0.00639086 0.00662519 0.00673419 0.00675025 0.00668034 0.0065132 0.00620911 0.00567218 0.00497734 0.00435852 0.00377725 0.00321937 0.00269946 0.00223105 0.00182319 0.00148143 0.00121026 0.00101554 0.000894394 0.000796854 0.000619872 0.000352626 0.000136427 3.76132e-05 8.0079e-06 1.38408e-06 1.93969e-07 2.03438e-08 1.1543e-09 0 
0 0.000173392 0.000543847 0.000970527 0.00155067 0.0022571 0.00304972 0.00388618 0.00476401 0.00573231 0.00639086 0.00672722 0.00691208 0.00700095 0.00701378 0.00695542 0.00681937 0.00658302 0.00618726 0.00551542 0.00475486 0.00409832 0.00348731 0.002919 0.00240657 0.00195958 0.00158345 0.00128163 0.00105894 0.000916886 0.000819803 0.000665912 0.000405609 0.000166815 4.77601e-05 1.03485e-05 1.79883e-06 2.52036e-07 2.63561e-08 1.48935e-09 0 
0 0.00018141 0.000557929 0.00101073 0.00162744 0.00237662 0.00321687 0.00410913 0.00511545 0.00609487 0.00662519 0.00691208 0.00707542 0.007155 0.00716615 0.00711284 0.00699036 0.00678235 0.00644796 0.00588192 0.00506571 0.00432595 0.00367397 0.00307165 0.00252846 0.00205421 0.00165427 0.00133146 0.00108959 0.000931799 0.000831332 0.00069192 0.000441085 0.000189632 5.58925e-05 1.22856e-05 2.14694e-06 3.01035e-07 3.14366e-08 1.77233e-09 0 
0 0.000185477 0.000565322 0.0010327 0.00166929 0.00244179 0.00330807 0.00423628 0.00532596 0.00625746 0.00673419 0.00700095 0.007155 0.00723035 0.00724048 0.00718902 0.00707193 0.0068752 0.00656461 0.00605176 0.00524609 0.00444941 0.00377157 0.00315096 0.00259142 0.00210273 0.00169022 0.00135637 0.00110438 0.000937824 0.000834498 0.000702705 0.000459265 0.000202635 6.08017e-05 1.34903e-05 2.36679e-06 3.32236e-07 3.46876e-08 1.95403e-09 0 
0 0.000185978 0.000565889 0.0010356 0.00167531 0.00245137 0.00332156 0.00425606 0.00536051 0.00628162 0.00675025 0.00701378 0.00716615 0.00724048 0.00724997 0.00719818 0.00708116 0.00688522 0.00657706 0.00607089 0.0052675 0.00446007 0.00377813 0.00315538 0.0025941 0.00210394 0.00169017 0.00135515 0.00110189 0.000933991 0.000830363 0.000701114 0.000461219 0.000205014 6.18669e-05 1.3775e-05 2.42157e-06 3.40319e-07 3.55574e-08 2.00404e-09 0 
0 0.000183167 0.000559948 0.00102019 0.001647 0.00240773 0.00326062 0.00416993 0.00522225 0.00618084 0.00668034 0.00695542 0.00711284 0.00718902 0.00719818 0.00714407 0.00702231 0.00681781 0.00649337 0.00595246 0.00513219 0.00436083 0.00369753 0.00308806 0.00253886 0.00205952 0.00165521 0.00132837 0.0010822 0.000920051 0.000818983 0.000688078 0.000447962 0.000197113 5.91212e-05 1.3134e-05 2.30894e-06 3.24854e-07 3.39954e-08 1.91939e-09 0 
0 0.00017719 0.00054827 0.000988615 0.00158798 0.00231634 0.00313291 0.00399624 0.00493809 0.00592961 0.0065132 0.00681937 0.00699036 0.00707193 0.00708116 0.00702231 0.00688984 0.00666479 0.00629894 0.00567525 0.00486622 0.00416817 0.00353884 0.00295609 0.00243119 0.00197356 0.00158824 0.00127795 0.00104642 0.00089619 0.000799534 0.000662847 0.000420291 0.000180229 5.31873e-05 1.1733e-05 2.05964e-06 2.9016e-07 3.04428e-08 1.72413e-09 0 
0 0.000168117 0.00053189 0.000944119 0.00150355 0.00218512 0.00294943 0.00375441 0.00457787 0.00548244 0.00620911 0.00658302 0.00678235 0.0068752 0.00688522 0.00681781 0.00666479 0.00639815 0.00594385 0.00522868 0.00452304 0.00390143 0.00331481 0.00276957 0.00227892 0.00185184 0.00149333 0.00120658 0.000996033 0.000862248 0.000769766 0.000623271 0.000379215 0.000156516 4.51231e-05 9.85589e-06 1.72684e-06 2.43777e-07 2.56755e-08 1.46087e-09 0 
0 0.00015599 0.000511761 0.000890788 0.00140016 0.00202365 0.00272335 0.00345964 0.0041937 0.00492326 0.00567218 0.00618726 0.00644796 0.00656461 0.00657706 0.00649337 0.00629894 0.00594385 0.00536097 0.0047174 0.00413741 0.00357786 0.00304033 0.00254047 0.0020912 0.001701 0.00137492 0.00111691 0.000931852 0.000816299 0.000725097 0.000566486 0.000326804 0.000128903 3.62089e-05 7.8301e-06 1.37078e-06 1.94221e-07 2.05719e-08 1.17806e-09 0 
0 0.000140913 0.000488299 0.000833221 0.00128496 0.00184231 0.00246888 0.00312832 0.00378276 0.00439931 0.00497734 0.00551542 0.00588192 0.00605176 0.00607089 0.00595246 0.00567525 0.00522868 0.0047174 0.00421944 0.00371701 0.00321517 0.00273133 0.00228149 0.00187758 0.00152766 0.00123702 0.00101045 0.000852253 0.000752577 0.00065817 0.000490697 0.000267168 0.000100852 2.77025e-05 5.95205e-06 1.04428e-06 1.4888e-07 1.58938e-08 9.17835e-10 0 
0 0.000123174 0.000460891 0.000776024 0.00116543 0.00165157 0.00220022 0.00277812 0.00335149 0.00388725 0.00435852 0.00475486 0.00506571 0.00524609 0.0052675 0.00513219 0.00486622 0.00452304 0.00413741 0.00371701 0.00327559 0.00283188 0.00240355 0.00200503 0.00164717 0.00133767 0.00108223 0.000885941 0.000750639 0.000659958 0.000561124 0.000398536 0.000206941 7.58415e-05 2.0609e-05 4.43272e-06 7.8301e-07 1.12646e-07 1.21424e-08 7.07901e-10 0 
0 0.00010338 0.000427625 0.000722895 0.00104914 0.00146142 0.00193064 0.0024259 0.00291754 0.00337672 0.00377725 0.00409832 0.00432595 0.00444941 0.00446007 0.00436083 0.00416817 0.00390143 0.00357786 0.00321517 0.00283188 0.00244557 0.00207156 0.00172246 0.00140805 0.0011357 0.000911131 0.000738236 0.000615594 0.000527264 0.000434224 0.000300576 0.000154279 5.66233e-05 1.55178e-05 3.37331e-06 6.0216e-07 8.7469e-08 9.51063e-09 5.58749e-10 0 
0 8.25453e-05 0.00038564 0.000674987 0.000943509 0.00128117 0.00167188 0.00208638 0.0024985 0.00288359 0.00321937 0.00348731 0.00367397 0.00377157 0.00377813 0.00369753 0.00353884 0.00331481 0.00304033 0.00273133 0.00240355 0.00207156 0.00174808 0.00144378 0.00116748 0.000926623 0.000726826 0.000569919 0.000453267 0.000369474 0.000299253 0.000213656 0.000115628 4.44314e-05 1.25372e-05 2.76867e-06 4.98158e-07 7.2646e-08 7.91384e-09 4.65289e-10 0 
0 6.20499e-05 0.000332503 0.000628716 0.000854755 0.0011196 0.001434 0.00177169 0.0021088 0.00242427 0.00269946 0.002919 0.00307165 0.00315096 0.00315538 0.00308806 0.00295609 0.00276957 0.00254047 0.00228149 0.00200503 0.00172246 0.00144378 0.00117796 0.000934872 0.000727978 0.000570109 0.000456596 0.00036266 0.000275196 0.000205574 0.000151405 9.14699e-05 3.84349e-05 1.1314e-05 2.526e-06 4.52936e-07 6.54883e-08 7.0644e-09 4.11332e-10 0 
0 4.34232e-05 0.000268493 0.000574441 0.000784771 0.000985086 0.00122591 0.00149143 0.00175935 0.0020111 0.00223105 0.00240657 0.00252846 0.00259142 0.0025941 0.00253886 0.00243119 0.00227892 0.0020912 0.00187758 0.00164717 0.00140805 0.00116748 0.000934872 0.000733031 0.000610515 0.000603934 0.000653331 0.000621178 0.000456424 0.000259981 0.000137004 7.84173e-05 3.60516e-05 1.11261e-05 2.48846e-06 4.38858e-07 6.21443e-08 6.56983e-09 3.75614e-10 0 
0 2.79759e-05 0.000198519 0.000499178 0.000725332 0.000883333 0.0010562 0.0012537 0.0014582 0.00165256 0.00182319 0.00195958 0.00205421 0.00210273 0.00210394 0.00205952 0.00197356 0.00185184 0.001701 0.00152766 0.00133767 0.0011357 0.000926623 0.000727978 0.000610515 0.000716978 0.0011303 0.00178697 0.00214031 0.0012882 0.000653602 0.00024223 8.5734e-05 3.53371e-05 1.11405e-05 2.47158e-06 4.25199e-07 5.8622e-08 6.0489e-09 3.3859e-10 0 
0 1.64257e-05 0.000131575 0.000395951 0.000653891 0.000809386 0.000931652 0.00106654 0.00121215 0.00135458 0.00148143 0.00158345 0.00165427 0.00169022 0.00169017 0.00165521 0.00158824 0.00149333 0.00137492 0.00123702 0.00108223 0.000911131 0.000726826 0.000570109 0.000603934 0.0011303 0.00257037 0.00438729 0.00454835 0.0037125 0.00151203 0.000510591 0.000130368 3.71285e-05 1.07951e-05 2.32327e-06 3.87783e-07 5.20699e-08 5.25517e-09 2.88723e-10 0 
0 8.71828e-06 7.68843e-05 0.000274897 0.000542618 0.000735767 0.000846859 0.000935779 0.00102858 0.00112315 0.00121026 0.00128163 0.00133146 0.00135637 0.00135515 0.00132837 0.00127795 0.00120658 0.00111691 0.00101045 0.000885941 0.000738236 0.000569919 0.000456596 0.000653331 0.00178697 0.00438729 0.00491991 0.00498469 0.00470147 0.00315415 0.000818467 0.000189263 4.03204e-05 9.8144e-06 1.97907e-06 3.1884e-07 4.18767e-08 4.16033e-09 2.25737e-10 0 
0 4.16112e-06 3.92369e-05 0.000161835 0.000387138 0.000616632 0.000765348 0.000848996 0.000908945 0.000964038 0.00101554 0.00105894 0.00108959 0.00110438 0.00110189 0.0010822 0.00104642 0.000996033 0.000931852 0.000852253 0.000750639 0.000615594 0.000453267 0.00036266 0.000621178 0.00214031 0.00454835 0.00498469 0.00504324 0.00481977 0.00371906 0.000906523 0.000203055 3.83438e-05 7.95515e-06 1.47609e-06 2.29593e-07 2.97334e-08 2.93441e-09 1.58559e-10 0 
0 1.78179e-06 1.74573e-05 7.96752e-05 0.000225229 0.000433523 0.000624796 0.000750691 0.000821757 0.000864365 0.000894394 0.000916886 0.000931799 0.000937824 0.000933991 0.000920051 0.00089619 0.000862248 0.000816299 0.000752577 0.000659958 0.000527264 0.000369474 0.000275196 0.000456424 0.0012882 0.0037125 0.00470147 0.00481977 0.00447983 0.0022851 0.000667752 0.000150564 2.8113e-05 5.36862e-06 9.32992e-07 1.41976e-07 1.8358e-08 1.81949e-09 9.88251e-11 0 
0 6.84554e-07 6.80049e-06 3.29311e-05 0.000104797 0.000238288 0.000409604 0.000568681 0.000684039 0.000755609 0.000796854 0.000819803 0.000831332 0.000834498 0.000830363 0.000818983 0.000799534 0.000769766 0.000725097 0.00065817 0.000561124 0.000434224 0.000299253 0.000205574 0.000259981 0.000653602 0.00151203 0.00315415 0.00371906 0.0022851 0.00100248 0.000331766 7.71502e-05 1.53144e-05 2.87475e-06 4.88233e-07 7.45781e-08 9.78249e-09 9.84917e-10 5.42793e-11 0 
0 2.36308e-07 2.33649e-06 1.15982e-05 3.94948e-05 0.000100682 0.000200606 0.000324999 0.000447602 0.000548077 0.000619872 0.000665912 0.00069192 0.000702705 0.000701114 0.000688078 0.000662847 0.000623271 0.000566486 0.000490697 0.000398536 0.000300576 0.000213656 0.000151405 0.000137004 0.00024223 0.000510591 0.000818467 0.000906523 0.000667752 0.000331766 0.000112585 2.86849e-05 6.26932e-06 1.20901e-06 2.10676e-07 3.3238e-08 4.49195e-09 4.64291e-10 2.61856e-11 0 
0 7.33997e-08 7.13218e-07 3.5423e-06 1.24037e-05 3.3621e-05 7.35579e-05 0.00013374 0.000207878 0.000284487 0.000352626 0.000405609 0.000441085 0.000459265 0.000461219 0.000447962 0.000420291 0.000379215 0.000326804 0.000267168 0.000206941 0.000154279 0.000115628 9.14699e-05 7.84173e-05 8.5734e-05 0.000130368 0.000189263 0.000203055 0.000150564 7.71502e-05 2.86849e-05 8.34334e-06 1.99001e-06 4.09364e-07 7.60702e-08 1.26497e-08 1.78138e-09 1.90616e-10 1.10808e-11 0 
0 2.05148e-08 1.94368e-07 9.51384e-07 3.33762e-06 9.25487e-06 2.11818e-05 4.10799e-05 6.89589e-05 0.000102225 0.000136427 0.000166815 0.000189632 0.000202635 0.000205014 0.000197113 0.000180229 0.000156516 0.000128903 0.000100852 7.58415e-05 5.66233e-05 4.44314e-05 3.84349e-05 3.60516e-05 3.53371e-05 3.71285e-05 4.03204e-05 3.83438e-05 2.8113e-05 1.53144e-05 6.26932e-06 1.99001e-06 5.16589e-07 1.16557e-07 2.34745e-08 4.14581e-09 6.12096e-10 6.82012e-11 4.10867e-12 0 
0 5.14372e-09 4.7314e-08 2.26307e-07 7.83605e-07 2.17178e-06 5.03726e-06 1.00308e-05 1.74667e-05 2.70104e-05 3.76132e-05 4.77601e-05 5.58925e-05 6.08017e-05 6.18669e-05 5.91212e-05 5.31873e-05 4.51231e-05 3.62089e-05 2.77025e-05 2.0609e-05 1.55178e-05 1.25372e-05 1.1314e-05 1.11261e-05 1.11405e-05 1.07951e-05 9.8144e-06 7.95515e-06 5.36862e-06 2.87475e-06 1.20901e-06 4.09364e-07 1.16557e-07 2.88846e-08 6.27615e-09 1.17594e-09 1.82454e-10 2.12431e-11 1.33114e-12 0 
0 1.14698e-09 1.02233e-08 4.75844e-08 1.61372e-07 4.41544e-07 1.01989e-06 2.03963e-06 3.59226e-06 5.64605e-06 8.0079e-06 1.03485e-05 1.22856e-05 1.34903e-05 1.3775e-05 1.3134e-05 1.1733e-05 9.85589e-06 7.8301e-06 5.95205e-06 4.43272e-06 3.37331e-06 2.76867e-06 2.526e-06 2.48846e-06 2.47158e-06 2.32327e-06 1.97907e-06 1.47609e-06 9.32992e-07 4.88233e-07 2.10676e-07 7.60702e-08 2.34745e-08 6.27615e-09 1.45437e-09 2.88065e-10 4.69856e-11 5.72573e-12 3.7398e-13 0 
0 2.23103e-10 1.92628e-09 8.71152e-09 2.88356e-08 7.74376e-08 1.76603e-07 3.50744e-07 6.16635e-07 9.71291e-07 1.38408e-06 1.79883e-06 2.14694e-06 2.36679e-06 2.42157e-06 2.30894e-06 2.05964e-06 1.72684e-06 1.37078e-06 1.04428e-06 7.8301e-07 6.0216e-07 4.98158e-07 4.52936e-07 4.38858e-07 4.25199e-07 3.87783e-07 3.1884e-07 2.29593e-07 1.41976e-07 7.45781e-08 3.3238e-08 1.26497e-08 4.14581e-09 1.17594e-09 2.88065e-10 6.01158e-11 1.02987e-11 1.31377e-12 8.95134e-14 0 
0 3.62996e-11 3.03799e-10 1.33498e-09 4.30873e-09 1.13302e-08 2.54165e-08 4.98742e-08 8.69853e-08 1.36389e-07 1.93969e-07 2.52036e-07 3.01035e-07 3.32236e-07 3.40319e-07 3.24854e-07 2.9016e-07 2.43777e-07 1.94221e-07 1.4888e-07 1.12646e-07 8.7469e-08 7.2646e-08 6.54883e-08 6.21443e-08 5.8622e-08 5.20699e-08 4.18767e-08 2.97334e-08 1.8358e-08 9.78249e-09 4.49195e-09 1.78138e-09 6.12096e-10 1.82454e-10 4.69856e-11 1.02987e-11 1.84975e-12 2.46784e-13 1.75357e-14 0 
0 4.46286e-12 3.62515e-11 1.54935e-10 4.87769e-10 1.25543e-09 2.7667e-09 5.35327e-09 9.23815e-09 1.43761e-08 2.03438e-08 2.63561e-08 3.14366e-08 3.46876e-08 3.55574e-08 3.39954e-08 3.04428e-08 2.56755e-08 2.05719e-08 1.58938e-08 1.21424e-08 9.51063e-09 7.91384e-09 7.0644e-09 6.56983e-09 6.0489e-09 5.25517e-09 4.16033e-09 2.93441e-09 1.81949e-09 9.84917e-10 4.64291e-10 1.90616e-10 6.82012e-11 2.12431e-11 5.72573e-12 1.31377e-12 2.46784e-13 3.43758e-14 2.54486e-15 0 
0 2.96439e-13 2.34092e-12 9.74484e-12 2.99577e-11 7.55161e-11 1.63509e-10 3.11825e-10 5.32003e-10 8.20765e-10 1.1543e-09 1.48935e-09 1.77233e-09 1.95403e-09 2.00404e-09 1.91939e-09 1.72413e-09 1.46087e-09 1.17806e-09 9.17835e-10 7.07901e-10 5.58749e-10 4.65289e-10 4.11332e-10 3.75614e-10 3.3859e-10 2.88723e-10 2.25737e-10 1.58559e-10 9.88251e-11 5.42793e-11 2.61856e-11 1.10808e-11 4.10867e-12 1.33114e-12 3.7398e-13 8.95134e-14 1.75357e-14 2.54486e-15 1.95986e-16 0 
0 0 0 0 0 0 0 0 0 0 0 0 0 0 0 0 0 0 0 0 0 0 0 0 0 0 0 0 0 0 0 0 0 0 0 0 0 0 0 0 0 
