0 0 0 0 0 0 0 0 0 0 0 0 0 0 0 0 0 0 0 0 0 0 0 0 0 0 0 0 0 0 0 0 0 0 0 0 0 0 0 0 0 
0 1.71313e-07 1.54488e-06 6.96572e-06 2.17565e-05 5.21862e-05 0.000101594 0.000167387 0.000241901 0.000315947 0.000381853 0.000434593 0.000471535 0.00049173 0.000495292 0.000483016 0.000456216 0.000416714 0.000366926 0.000309965 0.000249639 0.000190241 0.000136027 9.04667e-05 5.54979e-05 3.11822e-05 1.5963e-05 7.42339e-06 3.13317e-06 1.20104e-06 4.18774e-07 1.33011e-07 3.85073e-08 1.01486e-08 2.42398e-09 5.19421e-10 9.78127e-11 1.55019e-11 1.86586e-12 1.21829e-13 0 
0 1.54488e-06 1.43487e-05 6.47314e-05 0.000194137 0.000428519 0.000744415 0.00108227 0.00139011 0.00164416 0.00184109 0.00198487 0.0020799 0.00212944 0.00213613 0.00210255 0.0020314 0.00192518 0.00178579 0.00161437 0.00141226 0.00118319 0.000936581 0.000689471 0.000464424 0.000282193 0.000153124 7.38598e-05 3.16883e-05 1.21436e-05 4.18082e-06 1.3002e-06 3.66645e-07 9.38522e-08 2.17456e-08 4.51972e-09 8.26051e-10 1.27201e-10 1.48964e-11 9.47806e-13 0 
0 6.96572e-06 6.47314e-05 0.000277074 0.000738709 0.00138324 0.00202911 0.00257346 0.00301827 0.00339002 0.00369979 0.00394446 0.00411628 0.0042092 0.00422166 0.00415718 0.0040239 0.0038333 0.00359829 0.00333057 0.00303727 0.00271759 0.00236208 0.00195919 0.00151151 0.00105301 0.000644943 0.000341425 0.000155599 6.14642e-05 2.13081e-05 6.56663e-06 1.81687e-06 4.53789e-07 1.02314e-07 2.06744e-08 3.67423e-09 5.5064e-10 6.28383e-11 3.90183e-12 0 
0 2.17565e-05 0.000194137 0.000738709 0.00164206 0.00257118 0.00335913 0.00406082 0.00472587 0.00534753 0.00589544 0.00633836 0.0066524 0.00682354 0.00684814 0.00673238 0.00649104 0.00614562 0.00572219 0.005249 0.00475367 0.00425925 0.00377776 0.0033011 0.00279653 0.00222422 0.00158761 0.000972498 0.00049726 0.000211614 7.61509e-05 2.37032e-05 6.51001e-06 1.59811e-06 3.52347e-07 6.94673e-08 1.2039e-08 1.76018e-09 1.96159e-10 1.19099e-11 0 
0 5.21862e-05 0.000428519 0.00138324 0.00257118 0.00363205 0.0046392 0.00567237 0.00670574 0.00767986 0.0085363 0.0092265 0.00971506 0.00998147 0.0100207 0.00984226 0.00946866 0.00893227 0.0082722 0.0075309 0.00675096 0.00597245 0.00522998 0.00454715 0.00392391 0.00331868 0.00265329 0.00188812 0.00112271 0.000538123 0.000208543 6.72127e-05 1.8607e-05 4.53214e-06 9.83216e-07 1.89987e-07 3.22212e-08 4.60947e-09 5.02938e-10 2.99274e-11 0 
0 0.000101594 0.000744415 0.00202911 0.00335913 0.0046392 0.00601679 0.00747556 0.00893271 0.0103009 0.0115008 0.0124665 0.0131497 0.0135222 0.0135773 0.0133284 0.0128066 0.0120566 0.0111324 0.0100922 0.008994 0.00789199 0.00683389 0.00585906 0.00499453 0.00424074 0.00354285 0.00278663 0.00190933 0.00105499 0.000454864 0.000155872 4.42599e-05 1.08125e-05 2.3243e-06 4.42379e-07 7.37079e-08 1.0351e-08 1.10889e-09 6.48336e-11 0 
0 0.000167387 0.00108227 0.00257346 0.00406082 0.00567237 0.00747556 0.0093832 0.0112828 0.0130635 0.0146238 0.0158788 0.0167661 0.0172497 0.017321 0.0169973 0.016319 0.015344 0.0141419 0.0127879 0.0113563 0.00991651 0.00852865 0.00724207 0.00609452 0.00510873 0.00427368 0.00350372 0.00264648 0.00166975 0.000813941 0.000303044 8.97452e-05 2.22294e-05 4.76855e-06 8.98484e-07 1.47658e-07 2.04241e-08 2.15462e-09 1.24103e-10 0 
0 0.000241901 0.00139011 0.00301827 0.00472587 0.00670574 0.00893271 0.0112828 0.0136201 0.0158095 0.0177269 0.0192686 0.0203587 0.0209528 0.0210395 0.02064 0.0198049 0.0186057 0.0171275 0.015462 0.0137001 0.0119262 0.0102133 0.00862027 0.00719159 0.00595766 0.00492942 0.00406691 0.00322912 0.00225187 0.00123482 0.000504942 0.000157926 4.00315e-05 8.62417e-06 1.6162e-06 2.62974e-07 3.59445e-08 3.74495e-09 2.1306e-10 0 
0 0.000315947 0.00164416 0.00339002 0.00534753 0.00767986 0.0103009 0.0130635 0.0158095 0.0183807 0.020632 0.0224436 0.0237283 0.024431 0.0245326 0.0240571 0.023068 0.0216543 0.0199163 0.0179593 0.0158888 0.0138032 0.0117875 0.00990984 0.00822087 0.00675465 0.00552947 0.00453263 0.0036652 0.00272371 0.00164613 0.000737893 0.000245148 6.39858e-05 1.39115e-05 2.60314e-06 4.2077e-07 5.70047e-08 5.88182e-09 3.31375e-10 0 
0 0.000381853 0.00184109 0.00369979 0.00589544 0.0085363 0.0115008 0.0146238 0.0177269 0.020632 0.0231777 0.0252323 0.0266932 0.0274906 0.027604 0.0270616 0.0259327 0.0243224 0.0223511 0.0201376 0.0177974 0.0154397 0.01316 0.0110348 0.00912002 0.00745265 0.00605313 0.00492058 0.00399054 0.00307183 0.00199406 0.000968089 0.000341063 9.18535e-05 2.02107e-05 3.78691e-06 6.09766e-07 8.2099e-08 8.4108e-09 4.70376e-10 0 
0 0.000434593 0.00198487 0.00394446 0.00633836 0.0092265 0.0124665 0.0158788 0.0192686 0.0224436 0.0252323 0.0274816 0.0290576 0.0298952 0.0300093 0.0294378 0.0282267 0.0264679 0.0243035 0.0218791 0.0193214 0.0167459 0.0142552 0.0119322 0.0098375 0.00801026 0.0064717 0.00522517 0.00422704 0.00331143 0.00225484 0.00116494 0.000431705 0.000119708 2.66707e-05 5.01227e-06 8.05679e-07 1.08054e-07 1.10165e-08 6.12953e-10 0 
0 0.000471535 0.0020799 0.00411628 0.0066524 0.00971506 0.0131497 0.0167661 0.0203587 0.0237283 0.0266932 0.0290576 0.0306597 0.0314803 0.0315855 0.0310206 0.0298004 0.0279723 0.0256774 0.0230987 0.0203853 0.0176563 0.0150176 0.0125562 0.0103358 0.00839712 0.0067617 0.00543417 0.0043818 0.00346 0.00242565 0.00130841 0.000503731 0.000143 3.22106e-05 6.0747e-06 9.76236e-07 1.30669e-07 1.32856e-08 7.36976e-10 0 
0 0.00049173 0.00212944 0.0042092 0.00682354 0.00998147 0.0135222 0.0172497 0.0209528 0.024431 0.0274906 0.0298952 0.0314803 0.032274 0.0323698 0.0318153 0.0306099 0.0287676 0.0264107 0.0237458 0.0209458 0.0181337 0.0154156 0.0128804 0.0105932 0.00859548 0.00690885 0.00553813 0.00445558 0.00352947 0.00251229 0.00138921 0.000547575 0.000157862 3.58379e-05 6.7804e-06 1.09052e-06 1.45918e-07 1.48236e-08 8.21449e-10 0 
0 0.000495292 0.00213613 0.00422166 0.00684814 0.0100207 0.0135773 0.017321 0.0210395 0.0245326 0.027604 0.0300093 0.0315855 0.0323698 0.0324598 0.0319036 0.0306985 0.0288533 0.0264857 0.0238064 0.0209933 0.01817 0.0154421 0.0128985 0.0106041 0.00860042 0.00690867 0.00553362 0.00444879 0.00352687 0.00252173 0.00140571 0.000558776 0.000162112 3.69496e-05 7.00777e-06 1.1289e-06 1.51234e-07 1.53793e-08 8.53067e-10 0 
0 0.000483016 0.00210255 0.00415718 0.00673238 0.00984226 0.0133284 0.0169973 0.02064 0.0240571 0.0270616 0.0294378 0.0310206 0.0318153 0.0319036 0.0313328 0.0301096 0.0282643 0.0259308 0.0233063 0.020551 0.0177851 0.0151134 0.0126233 0.0103783 0.00841883 0.00676571 0.00542335 0.00436366 0.00345617 0.00245946 0.00136115 0.000537969 0.000155703 3.54991e-05 6.74464e-06 1.08922e-06 1.46332e-07 1.49256e-08 8.30491e-10 0 
0 0.000456216 0.0020314 0.0040239 0.00649104 0.00946866 0.0128066 0.016319 0.0198049 0.023068 0.0259327 0.0282267 0.0298004 0.0306099 0.0306985 0.0301096 0.0288727 0.0270592 0.0248154 0.0223072 0.0196709 0.0170226 0.0144656 0.0120838 0.00993816 0.00806744 0.00649175 0.00521489 0.00420393 0.00331898 0.00232945 0.0012626 0.000490275 0.00014059 3.19824e-05 6.08784e-06 9.87006e-07 1.33252e-07 1.36652e-08 7.64682e-10 0 
0 0.000416714 0.00192518 0.0038333 0.00614562 0.00893227 0.0120566 0.015344 0.0186057 0.0216543 0.0243224 0.0264679 0.0279723 0.0287676 0.0288533 0.0282643 0.0270592 0.0253394 0.0232402 0.0208953 0.018426 0.0159447 0.0135501 0.0113214 0.00931569 0.00756984 0.00610322 0.0049181 0.00397277 0.00311446 0.00213588 0.00112127 0.00042439 0.000120163 2.72705e-05 5.20919e-06 8.50019e-07 1.15665e-07 1.19635e-08 6.75427e-10 0 
0 0.000366926 0.00178579 0.00359829 0.00572219 0.0082722 0.0111324 0.0141419 0.0171275 0.0199163 0.0223511 0.0243035 0.0256774 0.0264107 0.0264857 0.0259308 0.0248154 0.0232402 0.0213197 0.0191695 0.0169027 0.0146251 0.0124282 0.0103849 0.00854833 0.00695313 0.00561788 0.00454162 0.00366972 0.00283964 0.00188665 0.000953528 0.000351334 9.84278e-05 2.23657e-05 4.30531e-06 7.10129e-07 9.78063e-08 1.02445e-08 5.85729e-10 0 
0 0.000309965 0.00161437 0.00333057 0.005249 0.0075309 0.0100922 0.0127879 0.015462 0.0179593 0.0201376 0.0218791 0.0230987 0.0237458 0.0238064 0.0233063 0.0223072 0.0208953 0.0191695 0.0172344 0.0151935 0.0131429 0.011165 0.0093262 0.0076751 0.00624423 0.00505094 0.00408845 0.00328831 0.00249308 0.00159855 0.000780983 0.000282762 7.91818e-05 1.81763e-05 3.552e-06 5.95802e-07 8.34669e-08 8.88778e-09 5.1613e-10 0 
0 0.000249639 0.00141226 0.00303727 0.00475367 0.00675096 0.008994 0.0113563 0.0137001 0.0158888 0.0177974 0.0193214 0.0203853 0.0209458 0.0209933 0.020551 0.0196709 0.018426 0.0169027 0.0151935 0.0133898 0.0115761 0.00982518 0.00819609 0.00673312 0.00546655 0.00441118 0.00355287 0.00281922 0.00208438 0.00130133 0.000628069 0.000229017 6.53988e-05 1.53758e-05 3.07673e-06 5.27382e-07 7.53116e-08 8.15408e-09 4.80329e-10 0 
0 0.000190241 0.00118319 0.00271759 0.00425925 0.00597245 0.00789199 0.00991651 0.0119262 0.0138032 0.0154397 0.0167459 0.0176563 0.0181337 0.01817 0.0177851 0.0170226 0.0159447 0.0146251 0.0131429 0.0115761 0.00999691 0.00846807 0.00704098 0.0057552 0.00463804 0.00370075 0.00292828 0.00226908 0.00164763 0.00103429 0.000516095 0.000197292 5.89392e-05 1.43609e-05 2.94959e-06 5.1505e-07 7.45148e-08 8.14053e-09 4.82374e-10 0 
0 0.000136027 0.000936581 0.00236208 0.00377776 0.00522998 0.00683389 0.00852865 0.0102133 0.0117875 0.01316 0.0142552 0.0150176 0.0154156 0.0154421 0.0151134 0.0144656 0.0135501 0.0124282 0.011165 0.00982518 0.00846807 0.00714574 0.00590153 0.00477029 0.00377862 0.00294286 0.00226268 0.00171421 0.00125205 0.000829823 0.000453477 0.000189688 6.03821e-05 1.52382e-05 3.17871e-06 5.57442e-07 8.05088e-08 8.75198e-09 5.15139e-10 0 
0 9.04667e-05 0.000689471 0.00195919 0.0033011 0.00454715 0.00585906 0.00724207 0.00862027 0.00990984 0.0110348 0.0119322 0.0125562 0.0128804 0.0128985 0.0126233 0.0120838 0.0113214 0.0103849 0.0093262 0.00819609 0.00704098 0.00590153 0.00481365 0.0038165 0.00296616 0.00231838 0.00185274 0.00146174 0.00107894 0.00073032 0.000433741 0.000201518 6.86504e-05 1.77429e-05 3.69293e-06 6.38981e-07 9.07155e-08 9.68789e-09 5.605e-10 0 
0 5.54979e-05 0.000464424 0.00151151 0.00279653 0.00392391 0.00499453 0.00609452 0.00719159 0.00822087 0.00912002 0.0098375 0.0103358 0.0105932 0.0106041 0.0103783 0.00993816 0.00931569 0.00854833 0.0076751 0.00673312 0.0057552 0.00477029 0.0038165 0.00299045 0.00249282 0.00246813 0.00267052 0.0025391 0.00186507 0.00105556 0.000516046 0.000231264 8.13738e-05 2.11473e-05 4.3184e-06 7.2754e-07 1.00561e-07 1.04772e-08 5.92833e-10 0 
0 3.11822e-05 0.000282193 0.00105301 0.00222422 0.00331868 0.00424074 0.00510873 0.00595766 0.00675465 0.00745265 0.00801026 0.00839712 0.00859548 0.00860042 0.00841883 0.00806744 0.00756984 0.00695313 0.00624423 0.00546655 0.00463804 0.00377862 0.00296616 0.00249282 0.00293072 0.00462042 0.00666683 0.00711263 0.00524895 0.00267174 0.000987004 0.000318687 9.85336e-05 2.44735e-05 4.79707e-06 7.7927e-07 1.04496e-07 1.06113e-08 5.87287e-10 0 
0 1.5963e-05 0.000153124 0.000644943 0.00158761 0.00265329 0.00354285 0.00427368 0.00492942 0.00552947 0.00605313 0.0064717 0.0067617 0.00690885 0.00690867 0.00676571 0.00649175 0.00610322 0.00561788 0.00505094 0.00441118 0.00370075 0.00294286 0.00231838 0.00246813 0.00462042 0.00958972 0.0161017 0.0184193 0.0125095 0.00616531 0.00208711 0.000525367 0.000123571 2.68318e-05 4.87612e-06 7.55859e-07 9.83596e-08 9.76911e-09 5.30962e-10 0 
0 7.42339e-06 7.38598e-05 0.000341425 0.000972498 0.00188812 0.00278663 0.00350372 0.00406691 0.00453263 0.00492058 0.00522517 0.00543417 0.00553813 0.00553362 0.00542335 0.00521489 0.0049181 0.00454162 0.00408845 0.00355287 0.00292828 0.00226268 0.00185274 0.00267052 0.00666683 0.0161017 0.024094 0.025039 0.0214095 0.0102337 0.00334539 0.00077173 0.000148015 2.69481e-05 4.40612e-06 6.46435e-07 8.19228e-08 8.01196e-09 4.30502e-10 0 
0 3.13317e-06 3.16883e-05 0.000155599 0.00049726 0.00112271 0.00190933 0.00264648 0.00322912 0.0036652 0.00399054 0.00422704 0.0043818 0.00445558 0.00444879 0.00436366 0.00420393 0.00397277 0.00366972 0.00328831 0.00281922 0.00226908 0.00171421 0.00146174 0.0025391 0.00711263 0.0184193 0.025039 0.0258003 0.0232721 0.0117983 0.00368444 0.000828948 0.000145228 2.31303e-05 3.41852e-06 4.77139e-07 5.94169e-08 5.77609e-09 3.09437e-10 0 
0 1.20104e-06 1.21436e-05 6.14642e-05 0.000211614 0.000538123 0.00105499 0.00166975 0.00225187 0.00272371 0.00307183 0.00331143 0.00346 0.00352947 0.00352687 0.00345617 0.00331898 0.00311446 0.00283964 0.00249308 0.00208438 0.00164763 0.00125205 0.00107894 0.00186507 0.00524895 0.0125095 0.0214095 0.0232721 0.0174393 0.00829365 0.00272961 0.00061379 0.0001055 1.57438e-05 2.19245e-06 2.98676e-07 3.7143e-08 3.63101e-09 1.95767e-10 0 
0 4.18774e-07 4.18082e-06 2.13081e-05 7.61509e-05 0.000208543 0.000454864 0.000813941 0.00123482 0.00164613 0.00199406 0.00225484 0.00242565 0.00251229 0.00252173 0.00245946 0.00232945 0.00213588 0.00188665 0.00159855 0.00130133 0.00103429 0.000829823 0.00073032 0.00105556 0.00267174 0.00616531 0.0102337 0.0117983 0.00829365 0.0040979 0.00135604 0.000311415 5.48459e-05 8.14223e-06 1.13463e-06 1.5707e-07 1.99197e-08 1.98262e-09 1.08595e-10 0 
0 1.33011e-07 1.3002e-06 6.56663e-06 2.37032e-05 6.72127e-05 0.000155872 0.000303044 0.000504942 0.000737893 0.000968089 0.00116494 0.00130841 0.00138921 0.00140571 0.00136115 0.0012626 0.00112127 0.000953528 0.000780983 0.000628069 0.000516095 0.000453477 0.000433741 0.000516046 0.000987004 0.00208711 0.00334539 0.00368444 0.00272961 0.00135604 0.000458026 0.000110633 2.05164e-05 3.19879e-06 4.75083e-07 6.95625e-08 9.17109e-09 9.39733e-10 5.27385e-11 0 
0 3.85073e-08 3.66645e-07 1.81687e-06 6.51001e-06 1.8607e-05 4.42599e-05 8.97452e-05 0.000157926 0.000245148 0.000341063 0.000431705 0.000503731 0.000547575 0.000558776 0.000537969 0.000490275 0.00042439 0.000351334 0.000282762 0.000229017 0.000197292 0.000189688 0.000201518 0.000231264 0.000318687 0.000525367 0.00077173 0.000828948 0.00061379 0.000311415 0.000110633 2.86147e-05 5.73327e-06 9.94169e-07 1.65396e-07 2.62476e-08 3.63997e-09 3.87151e-10 2.24181e-11 0 
0 1.01486e-08 9.38522e-08 4.53789e-07 1.59811e-06 4.53214e-06 1.08125e-05 2.22294e-05 4.00315e-05 6.39858e-05 9.18535e-05 0.000119708 0.000143 0.000157862 0.000162112 0.000155703 0.00014059 0.000120163 9.84278e-05 7.91818e-05 6.53988e-05 5.89392e-05 6.03821e-05 6.86504e-05 8.13738e-05 9.85336e-05 0.000123571 0.000148015 0.000145228 0.0001055 5.48459e-05 2.05164e-05 5.73327e-06 1.29509e-06 2.61399e-07 4.95338e-08 8.54362e-09 1.25098e-09 1.38826e-10 8.33787e-12 0 
0 2.42398e-09 2.17456e-08 1.02314e-07 3.52347e-07 9.83216e-07 2.3243e-06 4.76855e-06 8.62417e-06 1.39115e-05 2.02107e-05 2.66707e-05 3.22106e-05 3.58379e-05 3.69496e-05 3.54991e-05 3.19824e-05 2.72705e-05 2.23657e-05 1.81763e-05 1.53758e-05 1.43609e-05 1.52382e-05 1.77429e-05 2.11473e-05 2.44735e-05 2.68318e-05 2.69481e-05 2.31303e-05 1.57438e-05 8.14223e-06 3.19879e-06 9.94169e-07 2.61399e-07 6.14229e-08 1.30098e-08 2.4136e-09 3.72904e-10 4.3299e-11 2.70679e-12 0 
0 5.19421e-10 4.51972e-09 2.06744e-08 6.94673e-08 1.89987e-07 4.42379e-07 8.98484e-07 1.6162e-06 2.60314e-06 3.78691e-06 5.01227e-06 6.0747e-06 6.7804e-06 7.00777e-06 6.74464e-06 6.08784e-06 5.20919e-06 4.30531e-06 3.552e-06 3.07673e-06 2.94959e-06 3.17871e-06 3.69293e-06 4.3184e-06 4.79707e-06 4.87612e-06 4.40612e-06 3.41852e-06 2.19245e-06 1.13463e-06 4.75083e-07 1.65396e-07 4.95338e-08 1.30098e-08 2.98989e-09 5.89998e-10 9.60181e-11 1.16789e-11 7.61427e-13 0 
0 9.78127e-11 8.26051e-10 3.67423e-09 1.2039e-08 3.22212e-08 7.37079e-08 1.47658e-07 2.62974e-07 4.2077e-07 6.09766e-07 8.05679e-07 9.76236e-07 1.09052e-06 1.1289e-06 1.08922e-06 9.87006e-07 8.50019e-07 7.10129e-07 5.95802e-07 5.27382e-07 5.1505e-07 5.57442e-07 6.38981e-07 7.2754e-07 7.7927e-07 7.55859e-07 6.46435e-07 4.77139e-07 2.98676e-07 1.5707e-07 6.95625e-08 2.62476e-08 8.54362e-09 2.4136e-09 5.89998e-10 1.22957e-10 2.10385e-11 2.68039e-12 1.82379e-13 0 
0 1.55019e-11 1.27201e-10 5.5064e-10 1.76018e-09 4.60947e-09 1.0351e-08 2.04241e-08 3.59445e-08 5.70047e-08 8.2099e-08 1.08054e-07 1.30669e-07 1.45918e-07 1.51234e-07 1.46332e-07 1.33252e-07 1.15665e-07 9.78063e-08 8.34669e-08 7.53116e-08 7.45148e-08 8.05088e-08 9.07155e-08 1.00561e-07 1.04496e-07 9.83596e-08 8.19228e-08 5.94169e-08 3.7143e-08 1.99197e-08 9.17109e-09 3.63997e-09 1.25098e-09 3.72904e-10 9.60181e-11 2.10385e-11 3.77648e-12 5.03434e-13 3.57381e-14 0 
0 1.86586e-12 1.48964e-11 6.28383e-11 1.96159e-10 5.02938e-10 1.10889e-09 2.15462e-09 3.74495e-09 5.88182e-09 8.4108e-09 1.10165e-08 1.32856e-08 1.48236e-08 1.53793e-08 1.49256e-08 1.36652e-08 1.19635e-08 1.02445e-08 8.88778e-09 8.15408e-09 8.14053e-09 8.75198e-09 9.68789e-09 1.04772e-08 1.06113e-08 9.76911e-09 8.01196e-09 5.77609e-09 3.63101e-09 1.98262e-09 9.39733e-10 3.87151e-10 1.38826e-10 4.3299e-11 1.16789e-11 2.68039e-12 5.03434e-13 7.00983e-14 5.18625e-15 0 
0 1.21829e-13 9.47806e-13 3.90183e-12 1.19099e-11 2.99274e-11 6.48336e-11 1.24103e-10 2.1306e-10 3.31375e-10 4.70376e-10 6.12953e-10 7.36976e-10 8.21449e-10 8.53067e-10 8.30491e-10 7.64682e-10 6.75427e-10 5.85729e-10 5.1613e-10 4.80329e-10 4.82374e-10 5.15139e-10 5.605e-10 5.92833e-10 5.87287e-10 5.30962e-10 4.30502e-10 3.09437e-10 1.95767e-10 1.08595e-10 5.27385e-11 2.24181e-11 8.33787e-12 2.70679e-12 7.61427e-13 1.82379e-13 3.57381e-14 5.18625e-15 3.99288e-16 0 
0 0 0 0 0 0 0 0 0 0 0 0 0 0 0 0 0 0 0 0 0 0 0 0 0 0 0 0 0 0 0 0 0 0 0 0 0 0 0 0 0 
