0 0 0 0 0 0 0 0 0 0 0 0 0 0 0 0 0 0 0 0 0 0 0 0 0 0 0 0 0 0 0 0 0 0 0 0 0 0 0 0 0 
0 1.25505e-07 1.14501e-06 5.28509e-06 1.71205e-05 4.30729e-05 8.85398e-05 0.00015418 0.000234551 0.000320157 0.000400881 0.000468479 0.000517475 0.000545003 0.00055028 0.000534131 0.000498676 0.00044717 0.000383913 0.00031408 0.000243368 0.000177356 0.000120647 7.60443e-05 4.4122e-05 2.34461e-05 1.13739e-05 5.03014e-06 2.02846e-06 7.4677e-07 2.51368e-07 7.7458e-08 2.18543e-08 5.63601e-09 1.32194e-09 2.79033e-10 5.18947e-11 8.14069e-12 9.71622e-13 6.30033e-14 0 
0 1.14501e-06 1.08266e-05 5.07775e-05 0.000162157 0.000388432 0.000737537 0.00116523 0.00160334 0.00199749 0.00231986 0.00256197 0.00272426 0.00281011 0.00282358 0.00276892 0.00265047 0.00247268 0.00224037 0.00195989 0.00164133 0.00130126 0.000963856 0.000657838 0.000408486 0.000228569 0.000114646 5.15062e-05 2.07822e-05 7.56587e-06 2.49756e-06 7.50676e-07 2.05928e-07 5.15526e-08 1.17325e-08 2.40366e-09 4.34254e-10 6.6252e-11 7.70112e-12 4.87061e-13 0 
0 5.28509e-06 5.07775e-05 0.000233127 0.00069183 0.00146609 0.00240202 0.00329778 0.00405793 0.00467729 0.00517207 0.00554988 0.00580975 0.00594899 0.0059682 0.00587316 0.00567462 0.0053864 0.00502242 0.00459298 0.00410157 0.00354509 0.00292188 0.0022487 0.00157667 0.000984009 0.000537883 0.000256024 0.00010652 3.91156e-05 1.28207e-05 3.78724e-06 1.01495e-06 2.47436e-07 5.4765e-08 1.09097e-08 1.91766e-09 2.8495e-10 3.23027e-11 1.99532e-12 0 
0 1.71205e-05 0.000162157 0.00069183 0.001786 0.00319182 0.00452023 0.00566517 0.00667878 0.00758849 0.00837668 0.00900973 0.00945748 0.00970128 0.00973634 0.00957155 0.00922776 0.00873511 0.00812948 0.00744813 0.00672379 0.00597633 0.00520309 0.0043759 0.00346304 0.00248472 0.0015549 0.000826197 0.000370254 0.000141463 4.69657e-05 1.38045e-05 3.64211e-06 8.69096e-07 1.87759e-07 3.64741e-08 6.25262e-09 9.06793e-10 1.00442e-10 6.07015e-12 0 
0 4.30729e-05 0.000388432 0.00146609 0.00319182 0.00494856 0.00653327 0.00805144 0.00953212 0.0109195 0.0121377 0.0131192 0.0138139 0.0141927 0.0142485 0.0139948 0.0134635 0.0127008 0.0117621 0.0107076 0.00959698 0.0084839 0.00740775 0.00637827 0.00535674 0.00426327 0.0030611 0.00187581 0.000945341 0.000390171 0.000134711 4.00568e-05 1.05114e-05 2.47146e-06 5.23618e-07 9.95491e-08 1.66927e-08 2.36885e-09 2.56968e-10 1.52258e-11 0 
0 8.85398e-05 0.000737537 0.00240202 0.00452023 0.00653327 0.00854592 0.0106285 0.0127014 0.0146469 0.0163531 0.0177263 0.0186976 0.0192273 0.0193056 0.0189517 0.0182097 0.0171434 0.0158293 0.0143502 0.0127886 0.0112212 0.00971431 0.0083166 0.00704235 0.00583997 0.00458515 0.00319978 0.00184973 0.000851586 0.00031445 9.64188e-05 2.54678e-05 5.94528e-06 1.24182e-06 2.31995e-07 3.81794e-08 5.31687e-09 5.66294e-10 3.29735e-11 0 
0 0.00015418 0.00116523 0.00329778 0.00566517 0.00805144 0.0106285 0.013342 0.0160432 0.0185752 0.0207937 0.0225782 0.0238399 0.0245275 0.0246288 0.0241685 0.0232041 0.0218178 0.0201085 0.0181832 0.0161476 0.0141003 0.0121268 0.0102958 0.00865388 0.00720443 0.00586305 0.00445463 0.00291219 0.00151548 0.000611816 0.000197026 5.3027e-05 1.23875e-05 2.56485e-06 4.72817e-07 7.66321e-08 1.05043e-08 1.10146e-09 6.31796e-11 0 
0 0.000234551 0.00160334 0.00405793 0.00667878 0.00953212 0.0127014 0.0160432 0.0193665 0.0224796 0.025206 0.0273979 0.0289469 0.0297902 0.0299131 0.0293463 0.02816 0.0264554 0.0243537 0.0219855 0.0194803 0.016958 0.0145223 0.012257 0.0102236 0.00845468 0.00692204 0.00547773 0.00390931 0.00227793 0.00101491 0.000347892 9.64096e-05 2.26998e-05 4.68281e-06 8.55239e-07 1.36978e-07 1.85371e-08 1.91887e-09 1.08698e-10 0 
0 0.000320157 0.00199749 0.00467729 0.00758849 0.0109195 0.0146469 0.0185752 0.0224796 0.0261356 0.0293362 0.0319081 0.0337246 0.0347124 0.0348542 0.0341861 0.0327911 0.030788 0.0283189 0.0255365 0.0225925 0.0196269 0.0167607 0.0140909 0.0116889 0.00959989 0.00782788 0.00628 0.00472082 0.00300701 0.00147155 0.000539863 0.000155107 3.70108e-05 7.63955e-06 1.38721e-06 2.20252e-07 2.95122e-08 3.02389e-09 1.69581e-10 0 
0 0.000400881 0.00231986 0.00517207 0.00837668 0.0121377 0.0163531 0.0207937 0.025206 0.0293362 0.0329505 0.0358538 0.0379034 0.0390166 0.0391733 0.0384144 0.0368347 0.0345691 0.031778 0.0286335 0.0253062 0.0219539 0.0187124 0.0156905 0.0129678 0.0105956 0.00859243 0.0069057 0.00533121 0.00361327 0.00191344 0.000749021 0.000223554 5.42243e-05 1.12331e-05 2.03389e-06 3.21019e-07 4.27038e-08 4.34204e-09 2.41648e-10 0 
0 0.000468479 0.00256197 0.00554988 0.00900973 0.0131192 0.0177263 0.0225782 0.0273979 0.0319081 0.0358538 0.0390222 0.0412569 0.0424671 0.0426331 0.0418008 0.0400719 0.0375939 0.0345431 0.0311077 0.0274731 0.0238112 0.0202696 0.0169665 0.013988 0.0113893 0.00919514 0.00737537 0.0057634 0.00406328 0.00228397 0.000944638 0.000292024 7.20225e-05 1.49981e-05 2.71363e-06 4.26787e-07 5.65009e-08 5.71461e-09 3.16343e-10 0 
0 0.000517475 0.00272426 0.00580975 0.00945748 0.0138139 0.0186976 0.0238399 0.0289469 0.0337246 0.0379034 0.0412569 0.0436152 0.0448846 0.0450529 0.0441713 0.0423409 0.0397133 0.0364779 0.0328363 0.0289852 0.0251057 0.0213537 0.0178538 0.0146965 0.0119397 0.00961045 0.00769007 0.00603946 0.00435711 0.00254998 0.00109884 0.000349398 8.74247e-05 1.83051e-05 3.31434e-06 5.20446e-07 6.87204e-08 6.92957e-09 3.82415e-10 0 
0 0.000545003 0.00281011 0.00594899 0.00970128 0.0141927 0.0192273 0.0245275 0.0297902 0.0347124 0.0390166 0.0424671 0.0448846 0.0461764 0.0463409 0.0454334 0.0435506 0.0408421 0.0375046 0.03375 0.0297813 0.0257844 0.0219196 0.0183147 0.0150625 0.0122218 0.00982081 0.00784568 0.00617296 0.00450612 0.00269863 0.00119273 0.000386374 9.76813e-05 2.05485e-05 3.72657e-06 5.85253e-07 7.72355e-08 7.78197e-09 4.29098e-10 0 
0 0.00055028 0.00282358 0.0059682 0.00973634 0.0142485 0.0193056 0.0246288 0.0299131 0.0348542 0.0391733 0.0426331 0.0450529 0.0463409 0.0464983 0.0455816 0.0436867 0.0409624 0.0376071 0.0338344 0.0298486 0.025836 0.0219573 0.0183405 0.0150781 0.0122289 0.00982083 0.00784139 0.00617239 0.00452222 0.0027298 0.0012182 0.000397806 0.000101116 2.13439e-05 3.87974e-06 6.10386e-07 8.06774e-08 8.14109e-09 4.49614e-10 0 
0 0.000534131 0.00276892 0.00587316 0.00957155 0.0139948 0.0189517 0.0241685 0.0293463 0.0341861 0.0384144 0.0418008 0.0441713 0.0454334 0.0455816 0.0446704 0.0427995 0.0401206 0.0368276 0.0331277 0.0292204 0.0252887 0.0214899 0.0179491 0.014757 0.0119706 0.00961719 0.00768238 0.00604459 0.00441502 0.00265052 0.00117712 0.000383649 9.75936e-05 2.065e-05 3.7658e-06 5.9465e-07 7.89106e-08 7.99637e-09 4.43583e-10 0 
0 0.000498676 0.00265047 0.00567462 0.00922776 0.0134635 0.0182097 0.0232041 0.02816 0.0327911 0.0368347 0.0400719 0.0423409 0.0435506 0.0436867 0.0427995 0.0409928 0.0384181 0.0352599 0.0317134 0.0279698 0.0242046 0.0205688 0.0171821 0.0141311 0.0114709 0.00922652 0.00737902 0.00579569 0.00419218 0.00247318 0.00107996 0.000348626 8.84925e-05 1.87727e-05 3.44097e-06 5.46864e-07 7.30935e-08 7.46411e-09 4.17408e-10 0 
0 0.00044717 0.00247268 0.0053864 0.00873511 0.0127008 0.0171434 0.0218178 0.0264554 0.030788 0.0345691 0.0375939 0.0397133 0.0408421 0.0409624 0.0401206 0.0384181 0.0359996 0.0330361 0.0297098 0.0262 0.0226719 0.019267 0.0160979 0.013246 0.0107631 0.00867155 0.00694368 0.00543032 0.0038618 0.00221679 0.000944432 0.000300963 7.62584e-05 1.62614e-05 3.00723e-06 4.83114e-07 6.53409e-08 6.75578e-09 3.82636e-10 0 
0 0.000383913 0.00224037 0.00502242 0.00812948 0.0117621 0.0158293 0.0201085 0.0243537 0.0283189 0.031778 0.0345431 0.0364779 0.0375046 0.0376071 0.0368276 0.0352599 0.0330361 0.0303128 0.0272571 0.0240341 0.0207955 0.0176717 0.0147663 0.0121549 0.00988551 0.0079763 0.00638639 0.0049511 0.00343728 0.00190969 0.000793512 0.000250581 6.37554e-05 1.37572e-05 2.5843e-06 4.22451e-07 5.81758e-08 6.12461e-09 3.53083e-10 0 
0 0.00031408 0.00195989 0.00459298 0.00744813 0.0107076 0.0143502 0.0181832 0.0219855 0.0255365 0.0286335 0.0311077 0.0328363 0.03375 0.0338344 0.0331277 0.0317134 0.0297098 0.0272571 0.0245057 0.0216038 0.018688 0.0158757 0.013261 0.010913 0.00887578 0.00716048 0.00571122 0.00436232 0.00294522 0.00159075 0.0006525 0.00020721 5.3675e-05 1.1859e-05 2.28477e-06 3.82928e-07 5.39961e-08 5.81033e-09 3.41676e-10 0 
0 0.000243368 0.00164133 0.00410157 0.00672379 0.00959698 0.0127886 0.0161476 0.0194803 0.0225925 0.0253062 0.0274731 0.0289852 0.0297813 0.0298486 0.0292204 0.0279698 0.0262 0.0240341 0.0216038 0.0190391 0.0164601 0.0139705 0.011654 0.00957297 0.00776594 0.00623542 0.00491885 0.00368154 0.00243228 0.00130564 0.000544906 0.000178973 4.82012e-05 1.10523e-05 2.19988e-06 3.78989e-07 5.46682e-08 5.99175e-09 3.57507e-10 0 
0 0.000177356 0.00130126 0.00354509 0.00597633 0.0084839 0.0112212 0.0141003 0.016958 0.0196269 0.0219539 0.0238112 0.0251057 0.0257844 0.025836 0.0252887 0.0242046 0.0226719 0.0207955 0.018688 0.0164601 0.0142147 0.0120408 0.0100112 0.00818048 0.00658032 0.00520976 0.00402625 0.0029582 0.00196101 0.00109457 0.000487649 0.000171621 4.89383e-05 1.16941e-05 2.39306e-06 4.19641e-07 6.11783e-08 6.74258e-09 4.03062e-10 0 
0 0.000120647 0.000963856 0.00292188 0.00520309 0.00740775 0.00971431 0.0121268 0.0145223 0.0167607 0.0187124 0.0202696 0.0213537 0.0219196 0.0219573 0.0214899 0.0205688 0.019267 0.0176717 0.0158757 0.0139705 0.0120408 0.0101603 0.00838966 0.00677548 0.00535053 0.00413521 0.00313004 0.00230138 0.00159262 0.000973051 0.000484708 0.000187571 5.68029e-05 1.39775e-05 2.88757e-06 5.05576e-07 7.31694e-08 7.98181e-09 4.71584e-10 0 
0 7.60443e-05 0.000657838 0.0022487 0.0043759 0.00637827 0.0083166 0.0102958 0.012257 0.0140909 0.0156905 0.0169665 0.0178538 0.0183147 0.0183405 0.0179491 0.0171821 0.0160979 0.0147663 0.013261 0.011654 0.0100112 0.00838966 0.00683878 0.00541373 0.00419867 0.00327687 0.0026153 0.00205456 0.00149348 0.000967568 0.000529865 0.000224874 7.15854e-05 1.77933e-05 3.63449e-06 6.23963e-07 8.83435e-08 9.42954e-09 5.45709e-10 0 
0 4.4122e-05 0.000408486 0.00157667 0.00346304 0.00535674 0.00704235 0.00865388 0.0102236 0.0116889 0.0129678 0.013988 0.0146965 0.0150625 0.0150781 0.014757 0.0141311 0.013246 0.0121549 0.010913 0.00957297 0.00818048 0.00677548 0.00541373 0.00423968 0.00353898 0.0035081 0.00379686 0.00361004 0.00265081 0.00149363 0.000705815 0.000288989 9.24059e-05 2.25925e-05 4.47462e-06 7.43706e-07 1.02193e-07 1.06178e-08 5.99863e-10 0 
0 2.34461e-05 0.000228569 0.000984009 0.00248472 0.00426327 0.00583997 0.00720443 0.00845468 0.00959989 0.0105956 0.0113893 0.0119397 0.0122218 0.0122289 0.0119706 0.0114709 0.0107631 0.00988551 0.00887578 0.00776594 0.00658032 0.00535053 0.00419867 0.00353898 0.00416689 0.00656981 0.00947921 0.010103 0.00746352 0.0037989 0.00140024 0.000435266 0.000121442 2.75715e-05 5.15031e-06 8.19446e-07 1.08957e-07 1.10208e-08 6.08523e-10 0 
0 1.13739e-05 0.000114646 0.000537883 0.0015549 0.0030611 0.00458515 0.00586305 0.00692204 0.00782788 0.00859243 0.00919514 0.00961045 0.00982081 0.00982083 0.00961719 0.00922652 0.00867155 0.0079763 0.00716048 0.00623542 0.00520976 0.00413521 0.00327687 0.0035081 0.00656981 0.0136351 0.0218691 0.0245087 0.0176357 0.00876651 0.00296755 0.000741557 0.000162901 3.1798e-05 5.38958e-06 8.09986e-07 1.04199e-07 1.03007e-08 5.58386e-10 0 
0 5.03014e-06 5.15062e-05 0.000256024 0.000826197 0.00187581 0.00319978 0.00445463 0.00547773 0.00628 0.0069057 0.00737537 0.00769007 0.00784568 0.00784139 0.00768238 0.00737902 0.00694368 0.00638639 0.00571122 0.00491885 0.00402625 0.00313004 0.0026153 0.00379686 0.00947921 0.0218691 0.0354323 0.0382985 0.0295056 0.014367 0.00475683 0.00109561 0.000202246 3.32922e-05 4.99417e-06 7.02281e-07 8.76699e-08 8.52883e-09 4.57058e-10 0 
0 2.02846e-06 2.07822e-05 0.00010652 0.000370254 0.000945341 0.00184973 0.00291219 0.00390931 0.00472082 0.00533121 0.0057634 0.00603946 0.00617296 0.00617239 0.00604459 0.00579569 0.00543032 0.0049511 0.00436232 0.00368154 0.0029582 0.00230138 0.00205456 0.00361004 0.010103 0.0245087 0.0382985 0.0403763 0.0331689 0.0159828 0.00523894 0.00117767 0.000200792 2.92689e-05 3.94552e-06 5.23299e-07 6.39969e-08 6.18625e-09 3.30571e-10 0 
0 7.4677e-07 7.56587e-06 3.91156e-05 0.000141463 0.000390171 0.000851586 0.00151548 0.00227793 0.00300701 0.00361327 0.00406328 0.00435711 0.00450612 0.00452222 0.00441502 0.00419218 0.0038618 0.00343728 0.00294522 0.00243228 0.00196101 0.00159262 0.00149348 0.00265081 0.00746352 0.0176357 0.0295056 0.0331689 0.023963 0.0117898 0.00388125 0.000871414 0.000145576 2.00253e-05 2.54856e-06 3.29086e-07 4.01556e-08 3.90392e-09 2.10001e-10 0 
0 2.51368e-07 2.49756e-06 1.28207e-05 4.69657e-05 0.000134711 0.00031445 0.000611816 0.00101491 0.00147155 0.00191344 0.00228397 0.00254998 0.00269863 0.0027298 0.00265052 0.00247318 0.00221679 0.00190969 0.00159075 0.00130564 0.00109457 0.000973051 0.000967568 0.00149363 0.0037989 0.00876651 0.014367 0.0159828 0.0117898 0.00582684 0.00192798 0.000440373 7.46481e-05 1.02393e-05 1.31243e-06 1.72976e-07 2.157e-08 2.13677e-09 1.16812e-10 0 
0 7.7458e-08 7.50676e-07 3.78724e-06 1.38045e-05 4.00568e-05 9.64188e-05 0.000197026 0.000347892 0.000539863 0.000749021 0.000944638 0.00109884 0.00119273 0.0012182 0.00117712 0.00107996 0.000944432 0.000793512 0.0006525 0.000544906 0.000487649 0.000484708 0.000529865 0.000705815 0.00140024 0.00296755 0.00475683 0.00523894 0.00388125 0.00192798 0.000649725 0.000154132 2.71597e-05 3.91984e-06 5.4148e-07 7.62857e-08 9.9332e-09 1.01428e-09 5.68342e-11 0 
0 2.18543e-08 2.05928e-07 1.01495e-06 3.64211e-06 1.05114e-05 2.54678e-05 5.3027e-05 9.64096e-05 0.000155107 0.000223554 0.000292024 0.000349398 0.000386374 0.000397806 0.000383649 0.000348626 0.000300963 0.000250581 0.00020721 0.000178973 0.000171621 0.000187571 0.000224874 0.000288989 0.000435266 0.000741557 0.00109561 0.00117767 0.000871414 0.000440373 0.000154132 3.84625e-05 7.26591e-06 1.17413e-06 1.84954e-07 2.8633e-08 3.94113e-09 4.1823e-10 2.41892e-11 0 
0 5.63601e-09 5.15526e-08 2.47436e-07 8.69096e-07 2.47146e-06 5.94528e-06 1.23875e-05 2.26998e-05 3.70108e-05 5.42243e-05 7.20225e-05 8.74247e-05 9.76813e-05 0.000101116 9.75936e-05 8.84925e-05 7.62584e-05 6.37554e-05 5.3675e-05 4.82012e-05 4.89383e-05 5.68029e-05 7.15854e-05 9.24059e-05 0.000121442 0.000162901 0.000202246 0.000200792 0.000145576 7.46481e-05 2.71597e-05 7.26591e-06 1.55171e-06 2.96982e-07 5.44906e-08 9.28197e-09 1.35401e-09 1.50052e-10 9.00411e-12 0 
0 1.32194e-09 1.17325e-08 5.4765e-08 1.87759e-07 5.23618e-07 1.24182e-06 2.56485e-06 4.68281e-06 7.63955e-06 1.12331e-05 1.49981e-05 1.83051e-05 2.05485e-05 2.13439e-05 2.065e-05 1.87727e-05 1.62614e-05 1.37572e-05 1.1859e-05 1.10523e-05 1.16941e-05 1.39775e-05 1.77933e-05 2.25925e-05 2.75715e-05 3.1798e-05 3.32922e-05 2.92689e-05 2.00253e-05 1.02393e-05 3.91984e-06 1.17413e-06 2.96982e-07 6.78396e-08 1.41715e-08 2.61621e-09 4.03534e-10 4.68159e-11 2.92467e-12 0 
0 2.79033e-10 2.40366e-09 1.09097e-08 3.64741e-08 9.95491e-08 2.31995e-07 4.72817e-07 8.55239e-07 1.38721e-06 2.03389e-06 2.71363e-06 3.31434e-06 3.72657e-06 3.87974e-06 3.7658e-06 3.44097e-06 3.00723e-06 2.5843e-06 2.28477e-06 2.19988e-06 2.39306e-06 2.88757e-06 3.63449e-06 4.47462e-06 5.15031e-06 5.38958e-06 4.99417e-06 3.94552e-06 2.54856e-06 1.31243e-06 5.4148e-07 1.84954e-07 5.44906e-08 1.41715e-08 3.24279e-09 6.3886e-10 1.03892e-10 1.26297e-11 8.22996e-13 0 
0 5.18947e-11 4.34254e-10 1.91766e-09 6.25262e-09 1.66927e-08 3.81794e-08 7.66321e-08 1.36978e-07 2.20252e-07 3.21019e-07 4.26787e-07 5.20446e-07 5.85253e-07 6.10386e-07 5.9465e-07 5.46864e-07 4.83114e-07 4.22451e-07 3.82928e-07 3.78989e-07 4.19641e-07 5.05576e-07 6.23963e-07 7.43706e-07 8.19446e-07 8.09986e-07 7.02281e-07 5.23299e-07 3.29086e-07 1.72976e-07 7.62857e-08 2.8633e-08 9.28197e-09 2.61621e-09 6.3886e-10 1.33072e-10 2.27607e-11 2.89876e-12 1.97162e-13 0 
0 8.14069e-12 6.6252e-11 2.8495e-10 9.06793e-10 2.36885e-09 5.31687e-09 1.05043e-08 1.85371e-08 2.95122e-08 4.27038e-08 5.65009e-08 6.87204e-08 7.72355e-08 8.06774e-08 7.89106e-08 7.30935e-08 6.53409e-08 5.81758e-08 5.39961e-08 5.46682e-08 6.11783e-08 7.31694e-08 8.83435e-08 1.02193e-07 1.08957e-07 1.04199e-07 8.76699e-08 6.39969e-08 4.01556e-08 2.157e-08 9.9332e-09 3.94113e-09 1.35401e-09 4.03534e-10 1.03892e-10 2.27607e-11 4.08489e-12 5.44426e-13 3.86377e-14 0 
0 9.71622e-13 7.70112e-12 3.23027e-11 1.00442e-10 2.56968e-10 5.66294e-10 1.10146e-09 1.91887e-09 3.02389e-09 4.34204e-09 5.71461e-09 6.92957e-09 7.78197e-09 8.14109e-09 7.99637e-09 7.46411e-09 6.75578e-09 6.12461e-09 5.81033e-09 5.99175e-09 6.74258e-09 7.98181e-09 9.42954e-09 1.06178e-08 1.10208e-08 1.03007e-08 8.52883e-09 6.18625e-09 3.90392e-09 2.13677e-09 1.01428e-09 4.1823e-10 1.50052e-10 4.68159e-11 1.26297e-11 2.89876e-12 5.44426e-13 7.57974e-14 5.60694e-15 0 
0 6.30033e-14 4.87061e-13 1.99532e-12 6.07015e-12 1.52258e-11 3.29735e-11 6.31796e-11 1.08698e-10 1.69581e-10 2.41648e-10 3.16343e-10 3.82415e-10 4.29098e-10 4.49614e-10 4.43583e-10 4.17408e-10 3.82636e-10 3.53083e-10 3.41676e-10 3.57507e-10 4.03062e-10 4.71584e-10 5.45709e-10 5.99863e-10 6.08523e-10 5.58386e-10 4.57058e-10 3.30571e-10 2.10001e-10 1.16812e-10 5.68342e-11 2.41892e-11 9.00411e-12 2.92467e-12 8.22996e-13 1.97162e-13 3.86377e-14 5.60694e-15 4.3164e-16 0 
0 0 0 0 0 0 0 0 0 0 0 0 0 0 0 0 0 0 0 0 0 0 0 0 0 0 0 0 0 0 0 0 0 0 0 0 0 0 0 0 0 
