0 0 0 0 0 0 0 0 0 0 0 0 0 0 0 0 0 0 0 0 0 0 0 0 0 0 0 0 0 0 0 0 0 0 0 0 0 0 0 0 0 
0 1.98069e-07 1.76336e-06 7.75074e-06 2.32853e-05 5.3163e-05 9.80272e-05 0.000153137 0.000210997 0.000264827 0.000310225 0.000345066 0.000368715 0.00038131 0.000383323 0.000375358 0.000358096 0.000332338 0.000299117 0.000259863 0.000216553 0.000171768 0.000128528 8.98531e-05 5.81201e-05 3.44749e-05 1.86175e-05 9.1087e-06 4.02792e-06 1.60959e-06 5.81955e-07 1.90681e-07 5.66765e-08 1.52704e-08 3.71483e-09 8.08156e-10 1.54082e-10 2.46681e-11 2.99369e-12 1.96785e-13 0 
0 1.76336e-06 1.60388e-05 6.92488e-05 0.000194016 0.000393776 0.000628012 0.000847433 0.00102745 0.00116657 0.00127136 0.00134749 0.00139799 0.00142422 0.00142722 0.0014083 0.00136923 0.00131187 0.00123751 0.00114635 0.00103724 0.000908574 0.000760557 0.000598419 0.000434408 0.0002857 0.000167719 8.70769e-05 3.98717e-05 1.61448e-05 5.81517e-06 1.87547e-06 5.44463e-07 1.42633e-07 3.36621e-08 7.09957e-09 1.31269e-09 2.04003e-10 2.40654e-11 1.5401e-12 0 
0 7.75074e-06 6.92488e-05 0.000274001 0.000653359 0.00108927 0.00145831 0.00174695 0.00198849 0.00220225 0.00238849 0.0025394 0.00264676 0.00270514 0.00271289 0.00267211 0.00258824 0.00246927 0.00232473 0.00216435 0.00199598 0.00182284 0.0016405 0.00143621 0.00119517 0.000915699 0.000624045 0.000367783 0.000184733 7.91187e-05 2.92152e-05 9.441e-06 2.70574e-06 6.93699e-07 1.59495e-07 3.27074e-08 5.87805e-09 8.88449e-10 1.02053e-10 6.36886e-12 0 
0 2.32853e-05 0.000194016 0.000653359 0.00126156 0.00177984 0.00220905 0.00262269 0.00303676 0.00343184 0.00378225 0.00406605 0.00426739 0.00437714 0.00439291 0.00431868 0.00416391 0.00394247 0.00367121 0.00336869 0.00305377 0.00274416 0.00245364 0.00218663 0.00192999 0.00164954 0.00130826 0.000911752 0.000532601 0.000255029 0.000100675 3.35076e-05 9.64115e-06 2.44389e-06 5.50985e-07 1.10359e-07 1.93435e-08 2.85147e-09 3.197e-10 1.94984e-11 0 
0 5.3163e-05 0.000393776 0.00108927 0.00177984 0.00237197 0.00298455 0.00364 0.0043017 0.0049264 0.00547575 0.00591848 0.00623187 0.00640277 0.00642791 0.00631347 0.00607382 0.00572974 0.00530634 0.00483084 0.00433066 0.00383184 0.00335805 0.00292917 0.00255685 0.00223246 0.00191148 0.00152455 0.00105124 0.000587174 0.000259147 9.18938e-05 2.71288e-05 6.88949e-06 1.53573e-06 3.02126e-07 5.18653e-08 7.48194e-09 8.21147e-10 4.90682e-11 0 
0 9.80272e-05 0.000628012 0.00145831 0.00220905 0.00298455 0.00386038 0.00479537 0.00573003 0.00660767 0.00737738 0.00799685 0.00843506 0.00867402 0.00870935 0.00854969 0.00821496 0.00773389 0.00714106 0.0064738 0.00576934 0.00506246 0.00438389 0.00375971 0.00321111 0.00275107 0.00236947 0.00200701 0.00156565 0.00102261 0.000519628 0.000202708 6.28622e-05 1.62326e-05 3.61074e-06 7.0204e-07 1.18578e-07 1.68015e-08 1.81072e-09 1.06305e-10 0 
0 0.000153137 0.000847433 0.00174695 0.00262269 0.00364 0.00479537 0.006019 0.00723755 0.00837981 0.00938067 0.0101858 0.0107553 0.011066 0.0111118 0.0109038 0.0104683 0.00984267 0.00907157 0.00820297 0.00728469 0.0063611 0.00547084 0.00464564 0.00391044 0.00328417 0.00277602 0.00236391 0.00195917 0.00144329 0.00084511 0.000370022 0.000123014 3.27646e-05 7.3395e-06 1.41906e-06 2.36913e-07 3.30951e-08 3.51364e-09 2.03243e-10 0 
0 0.000210997 0.00102745 0.00198849 0.00303676 0.0043017 0.00573003 0.00723755 0.00873681 0.0101412 0.0113716 0.0123638 0.0130717 0.0134632 0.0135213 0.0132575 0.0127117 0.0119367 0.0109869 0.00991832 0.00878814 0.00765026 0.00655147 0.00552961 0.00461328 0.00382311 0.00317312 0.00266265 0.00224043 0.00177341 0.00116819 0.000575351 0.000207589 5.76716e-05 1.31126e-05 2.53506e-06 4.20112e-07 5.80645e-08 6.09179e-09 3.48151e-10 0 
0 0.000264827 0.00116657 0.00220225 0.00343184 0.0049264 0.00660767 0.00837981 0.0101412 0.0117912 0.0132421 0.014431 0.015302 0.0157913 0.0158648 0.0155349 0.0148553 0.0139108 0.0127796 0.0115206 0.0101922 0.00885429 0.00756126 0.00635682 0.00527342 0.00433319 0.00355051 0.00293179 0.00245323 0.00200756 0.00143799 0.000786072 0.000308359 8.9894e-05 2.08583e-05 4.04956e-06 6.68541e-07 9.17104e-08 9.5355e-09 5.39856e-10 0 
0 0.000310225 0.00127136 0.00238849 0.00378225 0.00547575 0.00737738 0.00938067 0.0113716 0.0132421 0.0149104 0.0162976 0.0172769 0.0177858 0.017858 0.0175208 0.0167784 0.0156825 0.0143626 0.0129217 0.0114167 0.00990405 0.00844172 0.00707844 0.00585018 0.00478069 0.00388413 0.00316793 0.00262214 0.00216908 0.00163789 0.00097231 0.000411484 0.000125868 2.98716e-05 5.8396e-06 9.63001e-07 1.31467e-07 1.35815e-08 7.63572e-10 0 
0 0.000345066 0.00134749 0.0025394 0.00406605 0.00591848 0.00799685 0.0101858 0.0123638 0.014431 0.0162976 0.0177637 0.0186755 0.0191129 0.019171 0.0188784 0.0182082 0.017114 0.0156643 0.0140538 0.0123963 0.010742 0.00914422 0.0076541 0.00631042 0.00513833 0.0041519 0.00335794 0.00275219 0.00227819 0.00177311 0.00111669 0.000502617 0.000160409 3.88962e-05 7.66355e-06 1.26464e-06 1.72179e-07 1.77125e-08 9.91065e-10 0 
0 0.000368715 0.00139799 0.00264676 0.00426739 0.00623187 0.00843506 0.0107553 0.0130717 0.015302 0.0172769 0.0186755 0.0194842 0.0198675 0.0199156 0.0196529 0.019054 0.0180473 0.0165919 0.0148639 0.013084 0.0113264 0.00963328 0.00805437 0.00663005 0.00538648 0.00433768 0.00348971 0.00284025 0.00234543 0.0018547 0.00121353 0.000570848 0.000188219 4.64475e-05 9.21704e-06 1.5234e-06 2.0718e-07 2.12637e-08 1.18642e-09 0 
0 0.00038131 0.00142422 0.00270514 0.00437714 0.00640277 0.00867402 0.011066 0.0134632 0.0157913 0.0177858 0.0191129 0.0198675 0.0202249 0.0202674 0.0200168 0.0194505 0.0184982 0.0170785 0.0153036 0.0134498 0.0116331 0.0098886 0.00826232 0.00679514 0.00551371 0.00443198 0.00355547 0.00288237 0.00237501 0.00189185 0.00126366 0.000609983 0.000205234 5.12364e-05 1.02212e-05 1.69242e-06 2.30192e-07 2.36094e-08 1.31596e-09 0 
0 0.000383323 0.00142722 0.00271289 0.00439291 0.00642791 0.00870935 0.0111118 0.0135213 0.0158648 0.017858 0.019171 0.0199156 0.0202674 0.0203069 0.0200559 0.019492 0.0185456 0.017131 0.0153485 0.0134819 0.0116565 0.00990562 0.00827393 0.00680216 0.00551688 0.00443185 0.00355235 0.00287662 0.00236862 0.00189022 0.00127001 0.000618002 0.000209396 5.25205e-05 1.05065e-05 1.74258e-06 2.37273e-07 2.43554e-08 1.35847e-09 0 
0 0.000375358 0.0014083 0.00267211 0.00431868 0.00631347 0.00854969 0.0109038 0.0132575 0.0155349 0.0175208 0.0188784 0.0196529 0.0200168 0.0200559 0.019793 0.0192043 0.0182187 0.0167722 0.0150121 0.0131938 0.0114092 0.00969475 0.0080974 0.00665731 0.0054004 0.00434017 0.00348195 0.00282369 0.00232721 0.00185237 0.00123547 0.000596097 0.00020084 5.02719e-05 1.00601e-05 1.6711e-06 2.28013e-07 2.34592e-08 1.31164e-09 0 
0 0.000358096 0.00136923 0.00258824 0.00416391 0.00607382 0.00821496 0.0104683 0.0127117 0.0148553 0.0167784 0.0182082 0.019054 0.0194505 0.019492 0.0192043 0.0185613 0.0174987 0.0160253 0.0143435 0.0126231 0.0109197 0.00927919 0.00775135 0.00637499 0.00517499 0.00416454 0.00334922 0.00272616 0.00225112 0.0017782 0.00116258 0.000548069 0.000181673 4.51388e-05 9.02078e-06 1.50122e-06 2.05522e-07 2.12307e-08 1.1922e-09 0 
0 0.000332338 0.00131187 0.00246927 0.00394247 0.00572974 0.00773389 0.00984267 0.0119367 0.0139108 0.0156825 0.017114 0.0180473 0.0184982 0.0185456 0.0182187 0.0174987 0.016376 0.0149611 0.0134155 0.0118209 0.010228 0.00869194 0.00726226 0.00597569 0.00485582 0.00391557 0.00316092 0.00258686 0.00213889 0.00166544 0.0010546 0.000480185 0.000155488 3.82409e-05 7.63108e-06 1.27389e-06 1.7532e-07 1.82242e-08 1.03021e-09 0 
0 0.000299117 0.00123751 0.00232473 0.00367121 0.00530634 0.00714106 0.00907157 0.0109869 0.0127796 0.0143626 0.0156643 0.0165919 0.0170785 0.017131 0.0167722 0.0160253 0.0149611 0.0136912 0.0122989 0.0108426 0.00938149 0.00797224 0.00666153 0.00548346 0.00446027 0.00360483 0.00292333 0.0024062 0.0019855 0.00151079 0.000917527 0.000401115 0.00012669 3.08772e-05 6.1669e-06 1.03552e-06 1.43681e-07 1.5072e-08 8.60067e-10 0 
0 0.000259863 0.00114635 0.00216435 0.00336869 0.00483084 0.0064738 0.00820297 0.00991832 0.0115206 0.0129217 0.0140538 0.0148639 0.0153036 0.0153485 0.0150121 0.0143435 0.0134155 0.0122989 0.0110555 0.00974612 0.00843069 0.00716199 0.00598243 0.00492333 0.00400569 0.00324252 0.00263928 0.00217885 0.00178148 0.00131341 0.000762681 0.000321369 9.96874e-05 2.42374e-05 4.87187e-06 8.26632e-07 1.16074e-07 1.23263e-08 7.11897e-10 0 
0 0.000216553 0.00103724 0.00199598 0.00305377 0.00433066 0.00576934 0.00728469 0.00878814 0.0101922 0.0114167 0.0123963 0.013084 0.0134498 0.0134819 0.0131938 0.0126231 0.0118209 0.0108426 0.00974612 0.00858912 0.00742566 0.00630251 0.00525751 0.00431912 0.00350731 0.00283488 0.00230463 0.00189164 0.00151703 0.00108168 0.000607908 0.000251816 7.81212e-05 1.91953e-05 3.91548e-06 6.74727e-07 9.61628e-08 1.03531e-08 6.05398e-10 0 
0 0.000171768 0.000908574 0.00182284 0.00274416 0.00383184 0.00506246 0.0063611 0.00765026 0.00885429 0.00990405 0.010742 0.0113264 0.0116331 0.0116565 0.0114092 0.0109197 0.010228 0.00938149 0.00843069 0.00742566 0.00641267 0.00543198 0.00451657 0.00369203 0.00297703 0.00238304 0.00190947 0.00153284 0.00119735 0.000840024 0.000474649 0.000201264 6.42899e-05 1.622e-05 3.37915e-06 5.91853e-07 8.54154e-08 9.28554e-09 5.47043e-10 0 
0 0.000128528 0.000760557 0.0016405 0.00245364 0.00335805 0.00438389 0.00547084 0.00655147 0.00756126 0.00844172 0.00914422 0.00963328 0.0098886 0.00990562 0.00969475 0.00927919 0.00869194 0.00797224 0.00716199 0.00630251 0.00543198 0.00458376 0.00378578 0.00306088 0.00242748 0.00189789 0.00147347 0.00114123 0.000872989 0.000626232 0.000378167 0.000173328 5.87832e-05 1.53679e-05 3.25869e-06 5.74897e-07 8.31058e-08 9.02244e-09 5.29938e-10 0 
0 8.98531e-05 0.000598419 0.00143621 0.00218663 0.00292917 0.00375971 0.00464564 0.00552961 0.00635682 0.00707844 0.0076541 0.00805437 0.00826232 0.00827393 0.0080974 0.00775135 0.00726226 0.00666153 0.00598243 0.00525751 0.00451657 0.00378578 0.00308848 0.00245017 0.00190627 0.00149141 0.00119307 0.000944194 0.000705353 0.000496678 0.000320006 0.000163757 6.0152e-05 1.62649e-05 3.46464e-06 6.06025e-07 8.64565e-08 9.25303e-09 5.35895e-10 0 
0 5.81201e-05 0.000434408 0.00119517 0.00192999 0.00255685 0.00321111 0.00391044 0.00461328 0.00527342 0.00585018 0.00631042 0.00663005 0.00679514 0.00680216 0.00665731 0.00637499 0.00597569 0.00548346 0.00492333 0.00431912 0.00369203 0.00306088 0.00245017 0.00192054 0.00160011 0.00158346 0.0017131 0.0016288 0.00119662 0.000679269 0.000342202 0.00016803 6.53213e-05 1.80953e-05 3.81853e-06 6.53414e-07 9.10001e-08 9.52036e-09 5.40144e-10 0 
0 3.44749e-05 0.0002857 0.000915699 0.00164954 0.00223246 0.00275107 0.00328417 0.00382311 0.00433319 0.00478069 0.00513833 0.00538648 0.00551371 0.00551688 0.0054004 0.00517499 0.00485582 0.00446027 0.00400569 0.00350731 0.00297703 0.00242748 0.00190627 0.00160011 0.00188001 0.00296384 0.00428868 0.00468114 0.00336703 0.00171384 0.000634081 0.000212121 7.29446e-05 1.98441e-05 4.07951e-06 6.76927e-07 9.16378e-08 9.3521e-09 5.19299e-10 0 
0 1.86175e-05 0.000167719 0.000624045 0.00130826 0.00191148 0.00236947 0.00277602 0.00317312 0.00355051 0.00388413 0.0041519 0.00433768 0.00443198 0.00443185 0.00434017 0.00416454 0.00391557 0.00360483 0.00324252 0.00283488 0.00238304 0.00189789 0.00149141 0.00158346 0.00296384 0.00616885 0.0110775 0.012428 0.00847362 0.00395484 0.00133883 0.000339016 8.55361e-05 2.07289e-05 4.0281e-06 6.42917e-07 8.46385e-08 8.45154e-09 4.60888e-10 0 
0 9.1087e-06 8.70769e-05 0.000367783 0.000911752 0.00152455 0.00200701 0.00236391 0.00266265 0.00293179 0.00316793 0.00335794 0.00348971 0.00355547 0.00355235 0.00348195 0.00334922 0.00316092 0.00292333 0.00263928 0.00230463 0.00190947 0.00147347 0.00119307 0.0017131 0.00428868 0.0110775 0.0143606 0.0147427 0.013527 0.00705393 0.00214595 0.000495593 9.87968e-05 2.00119e-05 3.55595e-06 5.42126e-07 6.96769e-08 6.85247e-09 3.69369e-10 0 
0 4.02792e-06 3.98717e-05 0.000184733 0.000532601 0.00105124 0.00156565 0.00195917 0.00224043 0.00245323 0.00262214 0.00275219 0.00284025 0.00288237 0.00287662 0.00282369 0.00272616 0.00258686 0.0024062 0.00217885 0.00189164 0.00153284 0.00114123 0.000944194 0.0016288 0.00468114 0.012428 0.0147427 0.0150353 0.0140458 0.00843549 0.00236345 0.00053206 9.58115e-05 1.67903e-05 2.71473e-06 3.9647e-07 5.01716e-08 4.90481e-09 2.63521e-10 0 
0 1.60959e-06 1.61448e-05 7.91187e-05 0.000255029 0.000587174 0.00102261 0.00144329 0.00177341 0.00200756 0.00216908 0.00227819 0.00234543 0.00237501 0.00236862 0.00232721 0.00225112 0.00213889 0.0019855 0.00178148 0.00151703 0.00119735 0.000872989 0.000705353 0.00119662 0.00336703 0.00847362 0.013527 0.0140458 0.0119076 0.00536555 0.00175095 0.000394189 6.98011e-05 1.1383e-05 1.73052e-06 2.47064e-07 3.12322e-08 3.06932e-09 1.65905e-10 0 
0 5.81955e-07 5.81517e-06 2.92152e-05 0.000100675 0.000259147 0.000519628 0.00084511 0.00116819 0.00143799 0.00163789 0.00177311 0.0018547 0.00189185 0.00189022 0.00185237 0.0017782 0.00166544 0.00151079 0.00131341 0.00108168 0.000840024 0.000626232 0.000496678 0.000679269 0.00171384 0.00395484 0.00705393 0.00843549 0.00536555 0.00262866 0.0008699 0.000200753 3.6871e-05 5.96217e-06 8.99765e-07 1.29929e-07 1.67157e-08 1.67115e-09 9.17296e-11 0 
0 1.90681e-07 1.87547e-06 9.441e-06 3.35076e-05 9.18938e-05 0.000202708 0.000370022 0.000575351 0.000786072 0.00097231 0.00111669 0.00121353 0.00126366 0.00127001 0.00123547 0.00116258 0.0010546 0.000917527 0.000762681 0.000607908 0.000474649 0.000378167 0.000320006 0.000342202 0.000634081 0.00133883 0.00214595 0.00236345 0.00175095 0.0008699 0.000294387 7.24748e-05 1.42344e-05 2.4049e-06 3.81652e-07 5.77243e-08 7.6909e-09 7.90695e-10 4.44503e-11 0 
0 5.66765e-08 5.44463e-07 2.70574e-06 9.64115e-06 2.71288e-05 6.28622e-05 0.000123014 0.000207589 0.000308359 0.000411484 0.000502617 0.000570848 0.000609983 0.000618002 0.000596097 0.000548069 0.000480185 0.000401115 0.000321369 0.000251816 0.000201264 0.000173328 0.000163757 0.00016803 0.000212121 0.000339016 0.000495593 0.00053206 0.000394189 0.000200753 7.24748e-05 1.95227e-05 4.16888e-06 7.73974e-07 1.35016e-07 2.18695e-08 3.0524e-09 3.25388e-10 1.88668e-11 0 
0 1.52704e-08 1.42633e-07 6.93699e-07 2.44389e-06 6.88949e-06 1.62326e-05 3.27646e-05 5.76716e-05 8.9894e-05 0.000125868 0.000160409 0.000188219 0.000205234 0.000209396 0.00020084 0.000181673 0.000155488 0.00012669 9.96874e-05 7.81212e-05 6.42899e-05 5.87832e-05 6.0152e-05 6.53213e-05 7.29446e-05 8.55361e-05 9.87968e-05 9.58115e-05 6.98011e-05 3.6871e-05 1.42344e-05 4.16888e-06 9.95042e-07 2.10544e-07 4.09792e-08 7.14127e-09 1.04915e-09 1.16597e-10 7.01004e-12 0 
0 3.71483e-09 3.36621e-08 1.59495e-07 5.50985e-07 1.53573e-06 3.61074e-06 7.3395e-06 1.31126e-05 2.08583e-05 2.98716e-05 3.88962e-05 4.64475e-05 5.12364e-05 5.25205e-05 5.02719e-05 4.51388e-05 3.82409e-05 3.08772e-05 2.42374e-05 1.91953e-05 1.622e-05 1.53679e-05 1.62649e-05 1.80953e-05 1.98441e-05 2.07289e-05 2.00119e-05 1.67903e-05 1.1383e-05 5.96217e-06 2.4049e-06 7.73974e-07 2.10544e-07 5.0646e-08 1.08488e-08 2.02111e-09 3.12768e-10 3.63506e-11 2.27422e-12 0 
0 8.08156e-10 7.09957e-09 3.27074e-08 1.10359e-07 3.02126e-07 7.0204e-07 1.41906e-06 2.53506e-06 4.04956e-06 5.8396e-06 7.66355e-06 9.21704e-06 1.02212e-05 1.05065e-05 1.00601e-05 9.02078e-06 7.63108e-06 6.1669e-06 4.87187e-06 3.91548e-06 3.37915e-06 3.25869e-06 3.46464e-06 3.81853e-06 4.07951e-06 4.0281e-06 3.55595e-06 2.71473e-06 1.73052e-06 8.99765e-07 3.81652e-07 1.35016e-07 4.09792e-08 1.08488e-08 2.5022e-09 4.94497e-10 8.05403e-11 9.80253e-12 6.3948e-13 0 
0 1.54082e-10 1.31269e-09 5.87805e-09 1.93435e-08 5.18653e-08 1.18578e-07 2.36913e-07 4.20112e-07 6.68541e-07 9.63001e-07 1.26464e-06 1.5234e-06 1.69242e-06 1.74258e-06 1.6711e-06 1.50122e-06 1.27389e-06 1.03552e-06 8.26632e-07 6.74727e-07 5.91853e-07 5.74897e-07 6.06025e-07 6.53414e-07 6.76927e-07 6.42917e-07 5.42126e-07 3.9647e-07 2.47064e-07 1.29929e-07 5.77243e-08 2.18695e-08 7.14127e-09 2.02111e-09 4.94497e-10 1.03107e-10 1.76496e-11 2.24958e-12 1.53135e-13 0 
0 2.46681e-11 2.04003e-10 8.88449e-10 2.85147e-09 7.48194e-09 1.68015e-08 3.30951e-08 5.80645e-08 9.17104e-08 1.31467e-07 1.72179e-07 2.0718e-07 2.30192e-07 2.37273e-07 2.28013e-07 2.05522e-07 1.7532e-07 1.43681e-07 1.16074e-07 9.61628e-08 8.54154e-08 8.31058e-08 8.64565e-08 9.10001e-08 9.16378e-08 8.46385e-08 6.96769e-08 5.01716e-08 3.12322e-08 1.67157e-08 7.6909e-09 3.0524e-09 1.04915e-09 3.12768e-10 8.05403e-11 1.76496e-11 3.16879e-12 4.22537e-13 3.00049e-14 0 
0 2.99369e-12 2.40654e-11 1.02053e-10 3.197e-10 8.21147e-10 1.81072e-09 3.51364e-09 6.09179e-09 9.5355e-09 1.35815e-08 1.77125e-08 2.12637e-08 2.36094e-08 2.43554e-08 2.34592e-08 2.12307e-08 1.82242e-08 1.5072e-08 1.23263e-08 1.03531e-08 9.28554e-09 9.02244e-09 9.25303e-09 9.52036e-09 9.3521e-09 8.45154e-09 6.85247e-09 4.90481e-09 3.06932e-09 1.67115e-09 7.90695e-10 3.25388e-10 1.16597e-10 3.63506e-11 9.80253e-12 2.24958e-12 4.22537e-13 5.8842e-14 4.35433e-15 0 
0 1.96785e-13 1.5401e-12 6.36886e-12 1.94984e-11 4.90682e-11 1.06305e-10 2.03243e-10 3.48151e-10 5.39856e-10 7.63572e-10 9.91065e-10 1.18642e-09 1.31596e-09 1.35847e-09 1.31164e-09 1.1922e-09 1.03021e-09 8.60067e-10 7.11897e-10 6.05398e-10 5.47043e-10 5.29938e-10 5.35895e-10 5.40144e-10 5.19299e-10 4.60888e-10 3.69369e-10 2.63521e-10 1.65905e-10 9.17296e-11 4.44503e-11 1.88668e-11 7.01004e-12 2.27422e-12 6.3948e-13 1.53135e-13 3.00049e-14 4.35433e-15 3.35272e-16 0 
0 0 0 0 0 0 0 0 0 0 0 0 0 0 0 0 0 0 0 0 0 0 0 0 0 0 0 0 0 0 0 0 0 0 0 0 0 0 0 0 0 
