0 0 0 0 0 0 0 0 0 0 0 0 0 0 0 0 0 0 0 0 0 0 0 0 0 0 0 0 0 0 0 0 0 0 0 0 0 0 0 0 0 
0 1.87441e-07 1.63926e-06 6.95762e-06 1.98395e-05 4.24751e-05 7.31458e-05 0.000107089 0.000139433 0.000167091 0.000188854 0.00020467 0.000214966 0.000220247 0.000220944 0.000217372 0.00020974 0.000198192 0.000182869 0.000164013 0.000142113 0.000118043 9.31306e-05 6.90708e-05 4.76298e-05 3.02104e-05 1.74562e-05 9.12024e-06 4.28842e-06 1.81143e-06 6.87604e-07 2.34912e-07 7.23303e-08 2.00695e-08 5.0021e-09 1.10999e-09 2.15066e-10 3.4882e-11 4.27782e-12 2.83578e-13 0 
0 1.63926e-06 1.4471e-05 5.87708e-05 0.000150266 0.000273944 0.000393952 0.000488024 0.000555602 0.000604562 0.000641292 0.000668669 0.000687313 0.000697068 0.000697896 0.000690238 0.000675021 0.000653437 0.000626532 0.000594683 0.000557079 0.00051154 0.000455125 0.00038591 0.000305565 0.000221051 0.000143183 8.17852e-05 4.08616e-05 1.78434e-05 6.84259e-06 2.32121e-06 7.01432e-07 1.89649e-07 4.58814e-08 9.86635e-09 1.85215e-09 2.91271e-10 3.46797e-11 2.23557e-12 0 
0 6.95762e-06 5.87708e-05 0.000208729 0.000431068 0.000626758 0.000761333 0.000863789 0.00095862 0.00105051 0.00113455 0.00120418 0.00125421 0.00128152 0.00128512 0.00126598 0.00122672 0.00117135 0.00110483 0.00103271 0.000960339 0.000891723 0.000827503 0.000762592 0.000685388 0.000582273 0.000449182 0.000302397 0.000172653 8.26911e-05 3.34101e-05 1.15624e-05 3.48574e-06 9.27373e-07 2.19085e-07 4.58358e-08 8.36071e-09 1.27778e-09 1.48e-10 9.29478e-12 0 
0 1.98395e-05 0.000150266 0.000431068 0.000705022 0.000894421 0.00106264 0.00124586 0.00143843 0.0016246 0.00179026 0.00192454 0.00201982 0.00207176 0.00207923 0.00204409 0.00197085 0.00186606 0.00173773 0.00159473 0.00144629 0.00130167 0.00116965 0.00105699 0.000964321 0.000879652 0.00077554 0.000623694 0.000428719 0.000240208 0.000108156 3.97386e-05 1.22563e-05 3.25746e-06 7.5844e-07 1.55311e-07 2.76456e-08 4.11988e-09 4.65516e-10 2.85528e-11 0 
0 4.24751e-05 0.000273944 0.000626758 0.000894421 0.00113502 0.00141451 0.00172308 0.00203607 0.00233173 0.00259174 0.00280129 0.00294962 0.00303051 0.00304241 0.00298824 0.00287481 0.00271196 0.00251156 0.0022865 0.00204977 0.00181376 0.00158998 0.00138915 0.00122089 0.00109038 0.000988223 0.000878608 0.000711292 0.000479149 0.000252355 0.000102913 3.34997e-05 9.06732e-06 2.10508e-06 4.25088e-07 7.42283e-08 1.083e-08 1.19775e-09 7.19555e-11 0 
0 7.31458e-05 0.000393952 0.000761333 0.00106264 0.00141451 0.00182729 0.00226971 0.00271209 0.00312749 0.0034918 0.00378501 0.00399244 0.00410558 0.00412232 0.00404672 0.00388825 0.00366055 0.00337995 0.00306413 0.0027307 0.00239613 0.00207497 0.00177972 0.00152129 0.00130971 0.00115122 0.0010348 0.0009123 0.000715828 0.000447376 0.000209472 7.42104e-05 2.08868e-05 4.89767e-06 9.83263e-07 1.6939e-07 2.43016e-08 2.6401e-09 1.55826e-10 0 
0 0.000107089 0.000488024 0.000863789 0.00124586 0.00172308 0.00226971 0.00284887 0.00342562 0.00396627 0.00444009 0.00482215 0.00509533 0.00524771 0.00527081 0.00516817 0.00495735 0.00465916 0.00429373 0.00388257 0.00344793 0.00301079 0.00258942 0.00219885 0.00185101 0.00155579 0.00132241 0.00115519 0.00103304 0.000885487 0.000640302 0.000347693 0.000137044 4.08607e-05 9.79702e-06 1.97103e-06 3.36864e-07 4.77268e-08 5.11155e-09 2.97337e-10 0 
0 0.000139433 0.000555602 0.00095862 0.00143843 0.00203607 0.00271209 0.00342562 0.00413524 0.00480026 0.00538729 0.00588385 0.00627972 0.00651895 0.006558 0.00639777 0.00607774 0.00566651 0.00520273 0.00469464 0.00415954 0.00362096 0.00310089 0.00261723 0.00218354 0.00180975 0.0015041 0.00127437 0.00111785 0.000988901 0.000790219 0.000490429 0.000216669 6.92883e-05 1.71544e-05 3.48208e-06 5.93321e-07 8.33442e-08 8.82959e-09 5.07709e-10 0 
0 0.000167091 0.000604562 0.00105051 0.0016246 0.00233173 0.00312749 0.00396627 0.00480026 0.00558785 0.00632841 0.00701779 0.00749545 0.00772381 0.00775765 0.00761438 0.00726952 0.00671633 0.00608134 0.00545677 0.00482428 0.00419085 0.00357884 0.00300876 0.00249598 0.00205099 0.0016811 0.00139315 0.00119144 0.00105298 0.000889911 0.000613202 0.000301476 0.000103801 2.66873e-05 5.4917e-06 9.36567e-07 1.30877e-07 1.37567e-08 7.84085e-10 0 
0 0.000188854 0.000641292 0.00113455 0.00179026 0.00259174 0.0034918 0.00444009 0.00538729 0.00632841 0.00727044 0.00791658 0.0082511 0.00840496 0.00842718 0.00832816 0.00809086 0.00765679 0.0069498 0.00614879 0.0054068 0.00468783 0.00399557 0.00335031 0.00276896 0.00226277 0.00183859 0.00150174 0.00125776 0.00109718 0.00095109 0.000705153 0.000379182 0.00013991 3.73825e-05 7.81601e-06 1.33756e-06 1.86428e-07 1.94923e-08 1.10395e-09 0 
0 0.00020467 0.000668669 0.00120418 0.00192454 0.00280129 0.00378501 0.00482215 0.00588385 0.00701779 0.00791658 0.00839559 0.00865521 0.00877882 0.00879624 0.00871455 0.00852402 0.00819097 0.00763061 0.00676929 0.00588569 0.00508548 0.00432809 0.00362278 0.0029868 0.00243204 0.00196521 0.00159049 0.00131273 0.00112904 0.000986953 0.000766771 0.00044127 0.00017252 4.77149e-05 1.01325e-05 1.74201e-06 2.42614e-07 2.52856e-08 1.42601e-09 0 
0 0.000214966 0.000687313 0.00125421 0.00201982 0.00294962 0.00399244 0.00509533 0.00627972 0.00749545 0.0082511 0.00865521 0.00888242 0.00899224 0.0090072 0.00893303 0.00876275 0.00847217 0.00800114 0.00722437 0.00624592 0.00536531 0.00455967 0.00381223 0.00313808 0.00254949 0.00205311 0.00165239 0.00135128 0.00114968 0.001006 0.000803111 0.000483853 0.000197363 5.60689e-05 1.20606e-05 2.0829e-06 2.90192e-07 3.01962e-08 1.69882e-09 0 
0 0.000220247 0.000697068 0.00128152 0.00207176 0.00303051 0.00410558 0.00524771 0.00651895 0.00772381 0.00840496 0.00877882 0.00899224 0.00909585 0.00910936 0.00903796 0.00887571 0.00860198 0.00816644 0.00745127 0.00645227 0.00551482 0.00468067 0.00391066 0.00321622 0.00260971 0.00209773 0.00168334 0.00136984 0.00115817 0.00101248 0.000819197 0.000506231 0.000211726 6.11607e-05 1.32685e-05 2.2995e-06 3.2066e-07 3.33561e-08 1.87497e-09 0 
0 0.000220944 0.000697896 0.00128512 0.00207923 0.00304241 0.00412232 0.00527081 0.006558 0.00775765 0.00842718 0.00879624 0.0090072 0.00910936 0.009122 0.0090502 0.00888816 0.00861574 0.00818399 0.00747704 0.00647524 0.00552706 0.00468877 0.00391615 0.00321955 0.00261121 0.00209767 0.00168183 0.0013668 0.00115366 0.00100809 0.000818301 0.000509149 0.000214529 6.23132e-05 1.35641e-05 2.35526e-06 3.28808e-07 3.42285e-08 1.92502e-09 0 
0 0.000217372 0.000690238 0.00126598 0.00204409 0.00298824 0.00404672 0.00516817 0.00639777 0.00761438 0.00832816 0.00871455 0.00893303 0.00903796 0.0090502 0.00897512 0.00880626 0.00852137 0.00806577 0.00731616 0.00631699 0.00540673 0.00458884 0.0038326 0.00315098 0.00255607 0.00205428 0.00164858 0.00134227 0.00113597 0.000993135 0.000801696 0.000493739 0.000206099 5.95482e-05 1.29399e-05 2.24761e-06 3.14186e-07 3.27624e-08 1.84601e-09 0 
0 0.00020974 0.000675021 0.00122672 0.00197085 0.00287481 0.00388825 0.00495735 0.00607774 0.00726952 0.00809086 0.00852402 0.00876275 0.00887571 0.00888816 0.00880626 0.00862182 0.00830674 0.00779066 0.00695751 0.00601021 0.00517101 0.00439201 0.00366881 0.00301736 0.00244939 0.00197117 0.00158597 0.00129761 0.00110529 0.000966711 0.000768875 0.000461281 0.000187952 5.3523e-05 1.15625e-05 2.00676e-06 2.80995e-07 2.93841e-08 1.66111e-09 0 
0 0.000198192 0.000653437 0.00117135 0.00186606 0.00271196 0.00366055 0.00465916 0.00566651 0.00671633 0.00765679 0.00819097 0.00847217 0.00860198 0.00861574 0.00852137 0.00830674 0.00793077 0.00729749 0.00642893 0.00560517 0.00484161 0.00411401 0.00343732 0.00282837 0.00229832 0.00185336 0.00149732 0.00123458 0.00106127 0.000926197 0.000718005 0.000413608 0.000162625 4.53577e-05 9.71842e-06 1.68515e-06 2.36587e-07 2.48458e-08 1.4115e-09 0 
0 0.000182869 0.000626532 0.00110483 0.00173773 0.00251156 0.00337995 0.00429373 0.00520273 0.00608134 0.0069498 0.00763061 0.00800114 0.00816644 0.00818399 0.00806577 0.00779066 0.00729749 0.00658023 0.00583949 0.00513362 0.00444043 0.00377336 0.00315298 0.00259539 0.00211111 0.0017064 0.00138588 0.00115402 0.00100142 0.000866491 0.000646943 0.000353939 0.000133479 3.63934e-05 7.73667e-06 1.34212e-06 1.89264e-07 1.99996e-08 1.14404e-09 0 
0 0.000164013 0.000594683 0.00103271 0.00159473 0.0022865 0.00306413 0.00388257 0.00469464 0.00545677 0.00614879 0.00676929 0.00722437 0.00745127 0.00747704 0.00731616 0.00695751 0.00642893 0.00583949 0.00523496 0.00461308 0.00399035 0.00338986 0.00283156 0.00233027 0.00189597 0.00153521 0.00125342 0.00105377 0.000918858 0.000780032 0.000555434 0.000287712 0.000104332 2.79248e-05 5.91279e-06 1.0295e-06 1.46222e-07 1.55841e-08 8.99459e-10 0 
0 0.000142113 0.000557079 0.000960339 0.00144629 0.00204977 0.0027307 0.00344793 0.00415954 0.00482428 0.0054068 0.00588569 0.00624592 0.00645227 0.00647524 0.00631699 0.00601021 0.00560517 0.00513362 0.00461308 0.00406534 0.00351466 0.00298306 0.00248844 0.0020443 0.00166017 0.00134298 0.00109829 0.00092585 0.000801299 0.000660065 0.000448568 0.000222718 7.88455e-05 2.0963e-05 4.45497e-06 7.82185e-07 1.12217e-07 1.20841e-08 7.04457e-10 0 
0 0.000118043 0.00051154 0.000891723 0.00130167 0.00181376 0.00239613 0.00301079 0.00362096 0.00419085 0.00468783 0.00508548 0.00536531 0.00551482 0.00552706 0.00540673 0.00517101 0.00484161 0.00444043 0.00399035 0.00351466 0.0030352 0.00257102 0.00213775 0.00174752 0.00140946 0.00113041 0.000914307 0.000757521 0.000638212 0.000510113 0.00033949 0.00016766 5.97605e-05 1.60822e-05 3.46156e-06 6.14899e-07 8.91269e-08 9.68375e-09 5.68902e-10 0 
0 9.31306e-05 0.000455125 0.000827503 0.00116965 0.00158998 0.00207497 0.00258942 0.00310089 0.00357884 0.00399557 0.00432809 0.00455967 0.00468067 0.00468877 0.00458884 0.00439201 0.00411401 0.00377336 0.00338986 0.00298306 0.00257102 0.00216955 0.00179188 0.00144893 0.00114989 0.000901501 0.000705718 0.000558638 0.000450009 0.000356046 0.000245924 0.000128679 4.81721e-05 1.33701e-05 2.92557e-06 5.23877e-07 7.62126e-08 8.29232e-09 4.87233e-10 0 
0 6.90708e-05 0.00038591 0.000762592 0.00105699 0.00138915 0.00177972 0.00219885 0.00261723 0.00300876 0.00335031 0.00362278 0.00381223 0.00391066 0.00391615 0.0038326 0.00366881 0.00343732 0.00315298 0.00283156 0.00248844 0.00213775 0.00179188 0.00146195 0.0011602 0.000903316 0.000707309 0.000566364 0.000449559 0.000340156 0.000251206 0.000180149 0.00010527 4.30429e-05 1.24492e-05 2.75156e-06 4.9064e-07 7.07135e-08 7.61275e-09 4.42623e-10 0 
0 4.76298e-05 0.000305565 0.000685388 0.000964321 0.00122089 0.00152129 0.00185101 0.00218354 0.00249598 0.00276896 0.0029868 0.00313808 0.00321622 0.00321955 0.00315098 0.00301736 0.00282837 0.00259539 0.00233027 0.0020443 0.00174752 0.00144893 0.0011602 0.00090966 0.00075766 0.000749534 0.000810848 0.000770943 0.000566455 0.000322461 0.000168444 9.34851e-05 4.15704e-05 1.25568e-05 2.77536e-06 4.86321e-07 6.86085e-08 7.23532e-09 4.12885e-10 0 
0 3.02104e-05 0.000221051 0.000582273 0.000879652 0.00109038 0.00130971 0.00155579 0.00180975 0.00205099 0.00226277 0.00243204 0.00254949 0.00260971 0.00261121 0.00255607 0.00244939 0.00229832 0.00211111 0.00189597 0.00166017 0.00140946 0.00114989 0.000903316 0.00075766 0.000889841 0.00140282 0.0021522 0.00255178 0.00159558 0.000811186 0.000300542 0.000105184 4.18025e-05 1.28061e-05 2.79937e-06 4.78096e-07 6.56577e-08 6.75799e-09 3.77565e-10 0 
0 1.74562e-05 0.000143183 0.000449182 0.00077554 0.000988223 0.00115122 0.00132241 0.0015041 0.0016811 0.00183859 0.00196521 0.00205311 0.00209773 0.00209767 0.00205428 0.00197117 0.00185336 0.0017064 0.00153521 0.00134298 0.00113041 0.000901501 0.000707309 0.000749534 0.00140282 0.0030973 0.00547019 0.00572545 0.00450454 0.00187363 0.000633694 0.000161544 4.48839e-05 1.25904e-05 2.65787e-06 4.39849e-07 5.88244e-08 5.92309e-09 3.24866e-10 0 
0 9.12024e-06 8.17852e-05 0.000302397 0.000623694 0.000878608 0.0010348 0.00115519 0.00127437 0.00139315 0.00150174 0.00159049 0.00165239 0.00168334 0.00168183 0.00164858 0.00158597 0.00149732 0.00138588 0.00125342 0.00109829 0.000914307 0.000705718 0.000566364 0.000810848 0.0021522 0.00547019 0.00622317 0.00631781 0.00593498 0.00380982 0.00101573 0.000234836 4.9353e-05 1.15779e-05 2.27977e-06 3.63561e-07 4.75507e-08 4.71401e-09 2.55405e-10 0 
0 4.28842e-06 4.08616e-05 0.000172653 0.000428719 0.000711292 0.0009123 0.00103304 0.00111785 0.00119144 0.00125776 0.00131273 0.00135128 0.00136984 0.0013668 0.00134227 0.00129761 0.00123458 0.00115402 0.00105377 0.00092585 0.000757521 0.000558638 0.000449559 0.000770943 0.00255178 0.00572545 0.00631781 0.00639715 0.00609246 0.00451992 0.00112114 0.000251979 4.71199e-05 9.44606e-06 1.70779e-06 2.6262e-07 3.38644e-08 3.33569e-09 1.80019e-10 0 
0 1.81143e-06 1.78434e-05 8.26911e-05 0.000240208 0.000479149 0.000715828 0.000885487 0.000988901 0.00105298 0.00109718 0.00112904 0.00114968 0.00115817 0.00115366 0.00113597 0.00110529 0.00106127 0.00100142 0.000918858 0.000801299 0.000638212 0.000450009 0.000340156 0.000566455 0.00159558 0.00450454 0.00593498 0.00609246 0.0056311 0.00275587 0.000828748 0.000186811 3.44986e-05 6.37954e-06 1.08115e-06 1.62656e-07 2.09455e-08 2.07245e-09 1.12448e-10 0 
0 6.87604e-07 6.84259e-06 3.34101e-05 0.000108156 0.000252355 0.000447376 0.000640302 0.000790219 0.000889911 0.00095109 0.000986953 0.001006 0.00101248 0.00100809 0.000993135 0.000966711 0.000926197 0.000866491 0.000780032 0.000660065 0.000510113 0.000356046 0.000251206 0.000322461 0.000811186 0.00187363 0.00380982 0.00451992 0.00275587 0.00124418 0.000411753 9.56056e-05 1.86706e-05 3.40112e-06 5.65121e-07 8.54696e-08 1.1172e-08 1.12327e-09 6.18513e-11 0 
0 2.34912e-07 2.32121e-06 1.15624e-05 3.97386e-05 0.000102913 0.000209472 0.000347693 0.000490429 0.000613202 0.000705153 0.000766771 0.000803111 0.000819197 0.000818301 0.000801696 0.000768875 0.000718005 0.000646943 0.000555434 0.000448568 0.00033949 0.000245924 0.000180149 0.000168444 0.000300542 0.000633694 0.00101573 0.00112114 0.000828748 0.000411753 0.000139654 3.53272e-05 7.55082e-06 1.41903e-06 2.43123e-07 3.80748e-08 5.13244e-09 5.29933e-10 2.98673e-11 0 
0 7.23303e-08 7.01432e-07 3.48574e-06 1.22563e-05 3.34997e-05 7.42104e-05 0.000137044 0.000216669 0.000301476 0.000379182 0.00044127 0.000483853 0.000506231 0.000509149 0.000493739 0.000461281 0.000413608 0.000353939 0.000287712 0.000222718 0.00016766 0.000128679 0.00010527 9.34851e-05 0.000105184 0.000161544 0.000234836 0.000251979 0.000186811 9.56056e-05 3.53272e-05 1.01108e-05 2.35873e-06 4.76024e-07 8.7477e-08 1.448e-08 2.03582e-09 2.17676e-10 1.2647e-11 0 
0 2.00695e-08 1.89649e-07 9.27373e-07 3.25746e-06 9.06732e-06 2.08868e-05 4.08607e-05 6.92883e-05 0.000103801 0.00013991 0.00017252 0.000197363 0.000211726 0.000214529 0.000206099 0.000187952 0.000162625 0.000133479 0.000104332 7.88455e-05 5.97605e-05 4.81721e-05 4.30429e-05 4.15704e-05 4.18025e-05 4.48839e-05 4.9353e-05 4.71199e-05 3.44986e-05 1.86706e-05 7.55082e-06 2.35873e-06 6.02734e-07 1.34449e-07 2.69182e-08 4.74285e-09 6.99591e-10 7.79087e-11 4.69147e-12 0 
0 5.0021e-09 4.58814e-08 2.19085e-07 7.5844e-07 2.10508e-06 4.89767e-06 9.79702e-06 1.71544e-05 2.66873e-05 3.73825e-05 4.77149e-05 5.60689e-05 6.11607e-05 6.23132e-05 5.95482e-05 5.3523e-05 4.53577e-05 3.63934e-05 2.79248e-05 2.0963e-05 1.60822e-05 1.33701e-05 1.24492e-05 1.25568e-05 1.28061e-05 1.25904e-05 1.15779e-05 9.44606e-06 6.37954e-06 3.40112e-06 1.41903e-06 4.76024e-07 1.34449e-07 3.31478e-08 7.18471e-09 1.34478e-09 2.08543e-10 2.42716e-11 1.5204e-12 0 
0 1.10999e-09 9.86635e-09 4.58358e-08 1.55311e-07 4.25088e-07 9.83263e-07 1.97103e-06 3.48208e-06 5.4917e-06 7.81601e-06 1.01325e-05 1.20606e-05 1.32685e-05 1.35641e-05 1.29399e-05 1.15625e-05 9.71842e-06 7.73667e-06 5.91279e-06 4.45497e-06 3.46156e-06 2.92557e-06 2.75156e-06 2.77536e-06 2.79937e-06 2.65787e-06 2.27977e-06 1.70779e-06 1.08115e-06 5.65121e-07 2.43123e-07 8.7477e-08 2.69182e-08 7.18471e-09 1.66353e-09 3.29351e-10 5.37038e-11 6.54268e-12 4.27229e-13 0 
0 2.15066e-10 1.85215e-09 8.36071e-09 2.76456e-08 7.42283e-08 1.6939e-07 3.36864e-07 5.93321e-07 9.36567e-07 1.33756e-06 1.74201e-06 2.0829e-06 2.2995e-06 2.35526e-06 2.24761e-06 2.00676e-06 1.68515e-06 1.34212e-06 1.0295e-06 7.82185e-07 6.14899e-07 5.23877e-07 4.9064e-07 4.86321e-07 4.78096e-07 4.39849e-07 3.63561e-07 2.6262e-07 1.62656e-07 8.54696e-08 3.80748e-08 1.448e-08 4.74285e-09 1.34478e-09 3.29351e-10 6.87198e-11 1.17707e-11 1.50128e-12 1.02269e-13 0 
0 3.4882e-11 2.91271e-10 1.27778e-09 4.11988e-09 1.083e-08 2.43016e-08 4.77268e-08 8.33442e-08 1.30877e-07 1.86428e-07 2.42614e-07 2.90192e-07 3.2066e-07 3.28808e-07 3.14186e-07 2.80995e-07 2.36587e-07 1.89264e-07 1.46222e-07 1.12217e-07 8.91269e-08 7.62126e-08 7.07135e-08 6.86085e-08 6.56577e-08 5.88244e-08 4.75507e-08 3.38644e-08 2.09455e-08 1.1172e-08 5.13244e-09 2.03582e-09 6.99591e-10 2.08543e-10 5.37038e-11 1.17707e-11 2.11396e-12 2.82e-13 2.00353e-14 0 
0 4.27782e-12 3.46797e-11 1.48e-10 4.65516e-10 1.19775e-09 2.6401e-09 5.11155e-09 8.82959e-09 1.37567e-08 1.94923e-08 2.52856e-08 3.01962e-08 3.33561e-08 3.42285e-08 3.27624e-08 2.93841e-08 2.48458e-08 1.99996e-08 1.55841e-08 1.20841e-08 9.68375e-09 8.29232e-09 7.61275e-09 7.23532e-09 6.75799e-09 5.92309e-09 4.71401e-09 3.33569e-09 2.07245e-09 1.12327e-09 5.29933e-10 2.17676e-10 7.79087e-11 2.42716e-11 6.54268e-12 1.50128e-12 2.82e-13 3.92791e-14 2.9076e-15 0 
0 2.83578e-13 2.23557e-12 9.29478e-12 2.85528e-11 7.19555e-11 1.55826e-10 2.97337e-10 5.07709e-10 7.84085e-10 1.10395e-09 1.42601e-09 1.69882e-09 1.87497e-09 1.92502e-09 1.84601e-09 1.66111e-09 1.4115e-09 1.14404e-09 8.99459e-10 7.04457e-10 5.68902e-10 4.87233e-10 4.42623e-10 4.12885e-10 3.77565e-10 3.24866e-10 2.55405e-10 1.80019e-10 1.12448e-10 6.18513e-11 2.98673e-11 1.2647e-11 4.69147e-12 1.5204e-12 4.27229e-13 1.02269e-13 2.00353e-14 2.9076e-15 2.23912e-16 0 
0 0 0 0 0 0 0 0 0 0 0 0 0 0 0 0 0 0 0 0 0 0 0 0 0 0 0 0 0 0 0 0 0 0 0 0 0 0 0 0 0 
