0 0 0 0 0 0 0 0 0 0 0 0 0 0 0 0 0 0 0 0 0 0 0 0 0 0 0 0 0 0 0 0 0 0 0 0 0 0 0 0 0 
0 3.02667e-08 2.82031e-07 1.35958e-06 4.72015e-06 1.30487e-05 3.00438e-05 5.91706e-05 0.000101701 0.000155224 0.000213685 0.000268953 0.000312993 0.000339684 0.000345841 0.000331469 0.000299442 0.0002548 0.000203768 0.000152637 0.000106661 6.92353e-05 4.15834e-05 2.30361e-05 1.17457e-05 5.50694e-06 2.37432e-06 9.42229e-07 3.4464e-07 1.16367e-07 3.63161e-08 1.04818e-08 2.79611e-09 6.8755e-10 1.54918e-10 3.16171e-11 5.71726e-12 8.76141e-13 1.02559e-13 6.54379e-15 0 
0 2.82031e-07 2.73978e-06 1.36905e-05 4.87497e-05 0.000136213 0.000311669 0.000600125 0.000995817 0.00145743 0.0019231 0.00233193 0.00263816 0.002815 0.00285262 0.00275461 0.00253545 0.00221921 0.00183844 0.00143206 0.00104084 0.000700244 0.000432937 0.000244643 0.000125953 5.90378e-05 2.52259e-05 9.85087e-06 3.52681e-06 1.16126e-06 3.52572e-07 9.88671e-08 2.56105e-08 6.11587e-09 1.33903e-09 2.65787e-10 4.67956e-11 6.99103e-12 7.98852e-13 4.9823e-14 0 
0 1.35958e-06 1.36905e-05 7.01591e-05 0.000251405 0.000688871 0.00150274 0.00269459 0.0041115 0.0055335 0.00678291 0.00776262 0.00843699 0.00880247 0.0088692 0.00865311 0.00817348 0.00745362 0.00652486 0.00543458 0.00425576 0.00308968 0.0020502 0.00122872 0.000660182 0.000317359 0.000136856 5.3237e-05 1.88045e-05 6.06875e-06 1.79851e-06 4.91118e-07 1.23748e-07 2.87386e-08 6.12136e-09 1.18301e-09 2.03015e-10 2.95987e-11 3.30508e-12 2.01705e-13 0 
0 4.72015e-06 4.87497e-05 0.000251405 0.000878091 0.00225297 0.00444032 0.00707107 0.00964005 0.0118459 0.013605 0.0149219 0.0158121 0.0162872 0.0163606 0.0160539 0.0153967 0.0144219 0.0131586 0.0116269 0.0098449 0.00785832 0.00578608 0.00383838 0.00224975 0.00115312 0.000517089 0.000204585 7.2272e-05 2.30616e-05 6.70937e-06 1.7912e-06 4.40314e-07 9.96771e-08 2.06963e-08 3.9012e-09 6.5359e-10 9.31354e-11 1.01774e-11 6.08624e-13 0 
0 1.30487e-05 0.000136213 0.000688871 0.00225297 0.00516407 0.00889386 0.0125595 0.0157423 0.0184216 0.020634 0.0223652 0.0235749 0.0242312 0.0243283 0.023891 0.0229719 0.0216432 0.0199843 0.0180649 0.0159239 0.0135557 0.0109353 0.00811674 0.00535175 0.00304327 0.00147298 0.000609972 0.000219733 7.01921e-05 2.02077e-05 5.30283e-06 1.27674e-06 2.82615e-07 5.73513e-08 1.05684e-08 1.73213e-09 2.41703e-10 2.58934e-11 1.51986e-12 0 
0 3.00438e-05 0.000311669 0.00150274 0.00444032 0.00889386 0.0135863 0.0178182 0.0216051 0.0250033 0.0279401 0.0302932 0.0319553 0.0328612 0.0329952 0.0323901 0.0311211 0.0292962 0.0270437 0.0244971 0.021774 0.0189456 0.0160003 0.0128445 0.00943994 0.00605579 0.00326249 0.00145818 0.000548322 0.000178081 5.12327e-05 1.33009e-05 3.15118e-06 6.84556e-07 1.36187e-07 2.45993e-08 3.95372e-09 5.41447e-10 5.69813e-11 3.2891e-12 0 
0 5.91706e-05 0.000600125 0.00269459 0.00707107 0.0125595 0.0178182 0.0227282 0.0274059 0.0317451 0.0355391 0.0385894 0.040746 0.0419213 0.0420944 0.0413078 0.0396593 0.0372897 0.0343679 0.0310752 0.0275882 0.0240572 0.0205696 0.0170935 0.013461 0.0095706 0.00578569 0.00285352 0.00114541 0.000384507 0.000111743 2.89046e-05 6.77235e-06 1.44952e-06 2.8364e-07 5.03668e-08 7.9595e-09 1.07235e-09 1.11111e-10 6.32034e-12 0 
0 0.000101701 0.000995817 0.0041115 0.00964005 0.0157423 0.0216051 0.0274059 0.0330986 0.0384209 0.043081 0.0468273 0.0494748 0.0509161 0.0511261 0.0501574 0.0481299 0.0452165 0.0416243 0.0375765 0.0332937 0.0289771 0.0247855 0.02079 0.0168958 0.0128423 0.00856446 0.00468332 0.00203686 0.000716919 0.000212633 5.51821e-05 1.28502e-05 2.72056e-06 5.25397e-07 9.19963e-08 1.43343e-08 1.90476e-09 1.94779e-10 1.09431e-11 0 
0 0.000155224 0.00145743 0.0055335 0.0118459 0.0184216 0.0250033 0.0317451 0.0384209 0.0446698 0.0501401 0.0545359 0.0576403 0.059328 0.0595701 0.0584286 0.0560449 0.0526215 0.0484014 0.0436458 0.0386139 0.0335444 0.0286387 0.0240346 0.01974 0.0155367 0.0111028 0.0066493 0.00314337 0.00117016 0.000357011 9.35034e-05 2.1738e-05 4.56921e-06 8.73748e-07 1.51318e-07 2.33125e-08 3.06357e-09 3.09957e-10 1.72401e-11 0 
0 0.000213685 0.0019231 0.00678291 0.013605 0.020634 0.0279401 0.0355391 0.043081 0.0501401 0.0563174 0.0612789 0.0647799 0.0666799 0.0669469 0.0656517 0.0629543 0.0590835 0.0543135 0.0489391 0.0432522 0.0375224 0.0319804 0.0268012 0.0220616 0.0176358 0.013147 0.00844168 0.00430342 0.00169647 0.000534567 0.000141861 3.30431e-05 6.91807e-06 1.31397e-06 2.25735e-07 3.44846e-08 4.4939e-09 4.51036e-10 2.48997e-11 0 
0 0.000268953 0.00233193 0.00776262 0.0149219 0.0223652 0.0302932 0.0385894 0.0468273 0.0545359 0.0612789 0.0666916 0.0705076 0.0725743 0.0728576 0.0714357 0.0684836 0.0642516 0.0590392 0.0531678 0.0469559 0.0406969 0.0346433 0.0289921 0.0238584 0.0191898 0.0146465 0.00986611 0.00534358 0.00221779 0.000721417 0.000194297 4.54499e-05 9.50356e-06 1.7979e-06 3.07283e-07 4.66815e-08 6.04978e-09 6.04036e-10 3.31892e-11 0 
0 0.000312993 0.00263816 0.00843699 0.0158121 0.0235749 0.0319553 0.040746 0.0494748 0.0576403 0.0647799 0.0705076 0.0745417 0.0767215 0.0770117 0.075496 0.0723605 0.067871 0.0623447 0.0561222 0.0495403 0.0429095 0.0364965 0.0305118 0.0250905 0.0202252 0.0156281 0.0108483 0.00613558 0.00265218 0.000886539 0.000242141 5.69514e-05 1.1919e-05 2.25187e-06 3.83995e-07 5.81867e-08 7.52252e-09 7.49548e-10 4.11239e-11 0 
0 0.000339684 0.002815 0.00880247 0.0162872 0.0242312 0.0328612 0.0419213 0.0509161 0.059328 0.0666799 0.0725743 0.0767215 0.0789567 0.0792443 0.0776716 0.0744313 0.0697977 0.0640981 0.0576835 0.0509008 0.0440695 0.0374639 0.0313007 0.0257244 0.0207506 0.0161291 0.0113837 0.00661222 0.00293733 0.00100158 0.00027673 6.5466e-05 1.37387e-05 2.59917e-06 4.43599e-07 6.72785e-08 8.70884e-09 8.69365e-10 4.7824e-11 0 
0 0.000345841 0.00285262 0.0088692 0.0163606 0.0243283 0.0329952 0.0420944 0.0511261 0.0595701 0.0669469 0.0728576 0.0770117 0.0792443 0.0795207 0.0779292 0.0746644 0.0700025 0.0642726 0.0578276 0.0510159 0.0441578 0.0375284 0.031345 0.0257535 0.020777 0.0161828 0.0114966 0.00675656 0.00304242 0.00104941 0.000292371 6.9585e-05 1.46748e-05 2.78902e-06 4.78286e-07 7.29273e-08 9.49816e-09 9.54951e-10 5.29698e-11 0 
0 0.000331469 0.00275461 0.00865311 0.0160539 0.023891 0.0323901 0.0413078 0.0501574 0.0584286 0.0656517 0.0714357 0.075496 0.0776716 0.0779292 0.0763564 0.0731445 0.068565 0.0629415 0.05662 0.0499423 0.0432224 0.0367295 0.030676 0.0252032 0.0203295 0.0158214 0.0112213 0.00658706 0.00296968 0.00102845 0.00028827 6.91141e-05 1.46975e-05 2.8196e-06 4.88633e-07 7.53886e-08 9.94919e-09 1.01509e-09 5.72212e-11 0 
0 0.000299442 0.00253545 0.00817348 0.0153967 0.0229719 0.0311211 0.0396593 0.0481299 0.0560449 0.0629543 0.0684836 0.0723605 0.0744313 0.0746644 0.0731445 0.0700555 0.0656584 0.0602635 0.0542031 0.0478048 0.0413695 0.035155 0.0293641 0.0241277 0.0194486 0.0150795 0.0105996 0.00614944 0.00275064 0.000952476 0.000268802 6.51968e-05 1.40712e-05 2.74659e-06 4.85361e-07 7.65115e-08 1.03349e-08 1.08074e-09 6.24992e-11 0 
0 0.0002548 0.00221921 0.00745362 0.0144219 0.0216432 0.0292962 0.0372897 0.0452165 0.0526215 0.0590835 0.0642516 0.067871 0.0697977 0.0700025 0.068565 0.0656584 0.0615275 0.0564637 0.0507787 0.0447799 0.0387498 0.0329299 0.0275089 0.0226018 0.0181856 0.0139972 0.00968615 0.00551542 0.00244008 0.000846821 0.000242297 6.00515e-05 1.33123e-05 2.67843e-06 4.89077e-07 7.97786e-08 1.11554e-08 1.20681e-09 7.20819e-11 0 
0 0.000203768 0.00183844 0.00652486 0.0131586 0.0199843 0.0270437 0.0343679 0.0416243 0.0484014 0.0543135 0.0590392 0.0623447 0.0640981 0.0642726 0.0629415 0.0602635 0.0564637 0.0518093 0.0465867 0.041078 0.0355427 0.0302024 0.0252276 0.0207105 0.0165965 0.012624 0.00855991 0.00478264 0.00210747 0.000742836 0.000219218 5.65719e-05 1.31232e-05 2.76798e-06 5.29504e-07 9.02511e-08 1.31326e-08 1.47102e-09 9.04743e-11 0 
0 0.000152637 0.00143206 0.00543458 0.0116269 0.0180649 0.0244971 0.0310752 0.0375765 0.0436458 0.0489391 0.0531678 0.0561222 0.0576835 0.0578276 0.05662 0.0542031 0.0507787 0.0465867 0.0418841 0.0369242 0.0319401 0.0271302 0.0226419 0.0185383 0.0147403 0.0110318 0.00733407 0.00406741 0.00182586 0.000672701 0.000210852 5.8122e-05 1.43768e-05 3.21324e-06 6.4575e-07 1.14541e-07 1.71857e-08 1.96833e-09 1.22888e-10 0 
0 0.000106661 0.00104084 0.00425576 0.0098449 0.0159239 0.021774 0.0275882 0.0332937 0.0386139 0.0432522 0.0469559 0.0495403 0.0509008 0.0510159 0.0499423 0.0478048 0.0447799 0.041078 0.0369242 0.0325405 0.0281307 0.023866 0.0198653 0.0161636 0.0126887 0.00933084 0.0061503 0.00348356 0.00165944 0.000666538 0.00022933 6.87587e-05 1.81909e-05 4.2707e-06 8.87166e-07 1.60558e-07 2.4334e-08 2.79432e-09 1.73963e-10 0 
0 6.92353e-05 0.000700244 0.00308968 0.00785832 0.0135557 0.0189456 0.0240572 0.0289771 0.0335444 0.0375224 0.0406969 0.0429095 0.0440695 0.0441578 0.0432224 0.0413695 0.0387498 0.0355427 0.0319401 0.0281307 0.0242859 0.0205446 0.0169956 0.0136665 0.0105492 0.00767161 0.00514399 0.00310832 0.0016501 0.000750823 0.000288569 9.3748e-05 2.604e-05 6.26132e-06 1.30971e-06 2.36102e-07 3.54071e-08 4.00735e-09 2.45357e-10 0 
0 4.15834e-05 0.000432937 0.0020502 0.00578608 0.0109353 0.0160003 0.0205696 0.0247855 0.0286387 0.0319804 0.0346433 0.0364965 0.0374639 0.0375284 0.0367295 0.035155 0.0329299 0.0302024 0.0271302 0.023866 0.0205446 0.0172708 0.0141188 0.0111574 0.00848862 0.00622733 0.00440875 0.00296131 0.00180681 0.000945092 0.000404596 0.000139855 3.97127e-05 9.51553e-06 1.95729e-06 3.44879e-07 5.04371e-08 5.56487e-09 3.32361e-10 0 
0 2.30361e-05 0.000244643 0.00122872 0.00383838 0.00811674 0.0128445 0.0170935 0.02079 0.0240346 0.0268012 0.0289921 0.0305118 0.0313007 0.031345 0.030676 0.0293641 0.0275089 0.0252276 0.0226419 0.0198653 0.0169956 0.0141188 0.0113391 0.008821 0.00676878 0.00528501 0.00422575 0.00327878 0.00227319 0.00131907 0.00060919 0.000217661 6.1274e-05 1.423e-05 2.82073e-06 4.79478e-07 6.78107e-08 7.25393e-09 4.2115e-10 0 
0 1.17457e-05 0.000125953 0.000660182 0.00224975 0.00535175 0.00943994 0.013461 0.0168958 0.01974 0.0220616 0.0238584 0.0250905 0.0257244 0.0257535 0.0252032 0.0241277 0.0226018 0.0207105 0.0185383 0.0161636 0.0136665 0.0111574 0.008821 0.00695025 0.00592428 0.00595992 0.00647746 0.00616096 0.00451117 0.00249001 0.00107031 0.000360618 9.48289e-05 2.04182e-05 3.79619e-06 6.14973e-07 8.37413e-08 8.67495e-09 4.89679e-10 0 
0 5.50694e-06 5.90378e-05 0.000317359 0.00115312 0.00304327 0.00605579 0.0095706 0.0128423 0.0155367 0.0176358 0.0191898 0.0202252 0.0207506 0.020777 0.0203295 0.0194486 0.0181856 0.0165965 0.0147403 0.0126887 0.0105492 0.00848862 0.00676878 0.00592428 0.0071087 0.0112283 0.0162014 0.0172675 0.0127562 0.00649074 0.00236562 0.000667015 0.000150374 2.81138e-05 4.69217e-06 7.11515e-07 9.30132e-08 9.3496e-09 5.14714e-10 0 
0 2.37432e-06 2.52259e-05 0.000136856 0.000517089 0.00147298 0.00326249 0.00578569 0.00856446 0.0111028 0.013147 0.0146465 0.0156281 0.0161291 0.0161828 0.0158214 0.0150795 0.0139972 0.012624 0.0110318 0.00933084 0.00767161 0.00622733 0.00528501 0.00595992 0.0112283 0.0233046 0.0370484 0.0406915 0.0301319 0.0149833 0.00506941 0.00123569 0.000234549 3.67019e-05 5.26483e-06 7.30219e-07 9.13816e-08 8.9527e-09 4.83344e-10 0 
0 9.42229e-07 9.85087e-06 5.3237e-05 0.000204585 0.000609972 0.00145818 0.00285352 0.00468332 0.0066493 0.00844168 0.00986611 0.0108483 0.0113837 0.0114966 0.0112213 0.0105996 0.00968615 0.00855991 0.00733407 0.0061503 0.00514399 0.00440875 0.00422575 0.00647746 0.0162014 0.0370484 0.0605128 0.0669843 0.0496361 0.0245424 0.00812989 0.0018597 0.000315146 4.2477e-05 5.21457e-06 6.53551e-07 7.83334e-08 7.53143e-09 4.01755e-10 0 
0 3.4464e-07 3.52681e-06 1.88045e-05 7.2272e-05 0.000219733 0.000548322 0.00114541 0.00203686 0.00314337 0.00430342 0.00534358 0.00613558 0.00661222 0.00675656 0.00658706 0.00614944 0.00551542 0.00478264 0.00406741 0.00348356 0.00310832 0.00296131 0.00327878 0.00616096 0.0172675 0.0406915 0.0669843 0.0742988 0.0550815 0.0271903 0.00895403 0.00200479 0.00032164 3.95439e-05 4.32921e-06 4.98982e-07 5.79138e-08 5.52047e-09 2.93594e-10 0 
0 1.16367e-07 1.16126e-06 6.06875e-06 2.30616e-05 7.01921e-05 0.000178081 0.000384507 0.000716919 0.00117016 0.00169647 0.00221779 0.00265218 0.00293733 0.00304242 0.00296968 0.00275064 0.00244008 0.00210747 0.00182586 0.00165944 0.0016501 0.00180681 0.00227319 0.00451117 0.0127562 0.0301319 0.0496361 0.0550815 0.040822 0.0201506 0.00663331 0.00148061 0.000233008 2.74902e-05 2.85578e-06 3.17591e-07 3.66051e-08 3.50744e-09 1.87824e-10 0 
0 3.63161e-08 3.52572e-07 1.79851e-06 6.70937e-06 2.02077e-05 5.12327e-05 0.000111743 0.000212633 0.000357011 0.000534567 0.000721417 0.000886539 0.00100158 0.00104941 0.00102845 0.000952476 0.000846821 0.000742836 0.000672701 0.000666538 0.000750823 0.000945092 0.00131907 0.00249001 0.00649074 0.0149833 0.0245424 0.0271903 0.0201506 0.00995893 0.003293 0.000741016 0.000116798 1.37884e-05 1.45445e-06 1.66481e-07 1.9709e-08 1.92771e-09 1.04973e-10 0 
0 1.04818e-08 9.88671e-08 4.91118e-07 1.7912e-06 5.30283e-06 1.33009e-05 2.89046e-05 5.51821e-05 9.35034e-05 0.000141861 0.000194297 0.000242141 0.00027673 0.000292371 0.00028827 0.000268802 0.000242297 0.000219218 0.000210852 0.00022933 0.000288569 0.000404596 0.00060919 0.00107031 0.00236562 0.00506941 0.00812989 0.00895403 0.00663331 0.003293 0.00110178 0.000251913 4.04981e-05 5.00624e-06 5.76844e-07 7.23856e-08 9.06664e-09 9.17224e-10 5.12391e-11 0 
0 2.79611e-09 2.56105e-08 1.23748e-07 4.40314e-07 1.27674e-06 3.15118e-06 6.77235e-06 1.28502e-05 2.1738e-05 3.30431e-05 4.54499e-05 5.69514e-05 6.5466e-05 6.9585e-05 6.91141e-05 6.51968e-05 6.00515e-05 5.65719e-05 5.8122e-05 6.87587e-05 9.3748e-05 0.000139855 0.000217661 0.000360618 0.000667015 0.00123569 0.0018597 0.00200479 0.00148061 0.000741016 0.000251913 5.90031e-05 9.97888e-06 1.37596e-06 1.86367e-07 2.669e-08 3.58938e-09 3.78731e-10 2.18554e-11 0 
0 6.8755e-10 6.11587e-09 2.87386e-08 9.96771e-08 2.82615e-07 6.84556e-07 1.44952e-06 2.72056e-06 4.56921e-06 6.91807e-06 9.50356e-06 1.1919e-05 1.37387e-05 1.46748e-05 1.46975e-05 1.40712e-05 1.33123e-05 1.31232e-05 1.43768e-05 1.81909e-05 2.604e-05 3.97127e-05 6.1274e-05 9.48289e-05 0.000150374 0.000234549 0.000315146 0.00032164 0.000233008 0.000116798 4.04981e-05 9.97888e-06 1.88464e-06 3.13639e-07 5.21476e-08 8.53275e-09 1.23101e-09 1.35995e-10 8.14732e-12 0 
0 1.54918e-10 1.33903e-09 6.12136e-09 2.06963e-08 5.73513e-08 1.36187e-07 2.8364e-07 5.25397e-07 8.73748e-07 1.31397e-06 1.7979e-06 2.25187e-06 2.59917e-06 2.78902e-06 2.8196e-06 2.74659e-06 2.67843e-06 2.76798e-06 3.21324e-06 4.2707e-06 6.26132e-06 9.51553e-06 1.423e-05 2.04182e-05 2.81138e-05 3.67019e-05 4.2477e-05 3.95439e-05 2.74902e-05 1.37884e-05 5.00624e-06 1.37596e-06 3.13639e-07 6.57461e-08 1.31317e-08 2.38692e-09 3.66546e-10 4.24528e-11 2.64893e-12 0 
0 3.16171e-11 2.65787e-10 1.18301e-09 3.9012e-09 1.05684e-08 2.45993e-08 5.03668e-08 9.19963e-08 1.51318e-07 2.25735e-07 3.07283e-07 3.83995e-07 4.43599e-07 4.78286e-07 4.88633e-07 4.85361e-07 4.89077e-07 5.29504e-07 6.4575e-07 8.87166e-07 1.30971e-06 1.95729e-06 2.82073e-06 3.79619e-06 4.69217e-06 5.26483e-06 5.21457e-06 4.32921e-06 2.85578e-06 1.45445e-06 5.76844e-07 1.86367e-07 5.21476e-08 1.31317e-08 2.96316e-09 5.81045e-10 9.43316e-11 1.14561e-11 7.45852e-13 0 
0 5.71726e-12 4.67956e-11 2.03015e-10 6.5359e-10 1.73213e-09 3.95372e-09 7.9595e-09 1.43343e-08 2.33125e-08 3.44846e-08 4.66815e-08 5.81867e-08 6.72785e-08 7.29273e-08 7.53886e-08 7.65115e-08 7.97786e-08 9.02511e-08 1.14541e-07 1.60558e-07 2.36102e-07 3.44879e-07 4.79478e-07 6.14973e-07 7.11515e-07 7.30219e-07 6.53551e-07 4.98982e-07 3.17591e-07 1.66481e-07 7.23856e-08 2.669e-08 8.53275e-09 2.38692e-09 5.81045e-10 1.2088e-10 2.06608e-11 2.62965e-12 1.78741e-13 0 
0 8.76141e-13 6.99103e-12 2.95987e-11 9.31354e-11 2.41703e-10 5.41447e-10 1.07235e-09 1.90476e-09 3.06357e-09 4.4939e-09 6.04978e-09 7.52252e-09 8.70884e-09 9.49816e-09 9.94919e-09 1.03349e-08 1.11554e-08 1.31326e-08 1.71857e-08 2.4334e-08 3.54071e-08 5.04371e-08 6.78107e-08 8.37413e-08 9.30132e-08 9.13816e-08 7.83334e-08 5.79138e-08 3.66051e-08 1.9709e-08 9.06664e-09 3.58938e-09 1.23101e-09 3.66546e-10 9.43316e-11 2.06608e-11 3.70687e-12 4.93852e-13 3.50323e-14 0 
0 1.02559e-13 7.98852e-13 3.30508e-12 1.01774e-11 2.58934e-11 5.69813e-11 1.11111e-10 1.94779e-10 3.09957e-10 4.51036e-10 6.04036e-10 7.49548e-10 8.69365e-10 9.54951e-10 1.01509e-09 1.08074e-09 1.20681e-09 1.47102e-09 1.96833e-09 2.79432e-09 4.00735e-09 5.56487e-09 7.25393e-09 8.67495e-09 9.3496e-09 8.9527e-09 7.53143e-09 5.52047e-09 3.50744e-09 1.92771e-09 9.17224e-10 3.78731e-10 1.35995e-10 4.24528e-11 1.14561e-11 2.62965e-12 4.93852e-13 6.87431e-14 5.08363e-15 0 
0 6.54379e-15 4.9823e-14 2.01705e-13 6.08624e-13 1.51986e-12 3.2891e-12 6.32034e-12 1.09431e-11 1.72401e-11 2.48997e-11 3.31892e-11 4.11239e-11 4.7824e-11 5.29698e-11 5.72212e-11 6.24992e-11 7.20819e-11 9.04743e-11 1.22888e-10 1.73963e-10 2.45357e-10 3.32361e-10 4.2115e-10 4.89679e-10 5.14714e-10 4.83344e-10 4.01755e-10 2.93594e-10 1.87824e-10 1.04973e-10 5.12391e-11 2.18554e-11 8.14732e-12 2.64893e-12 7.45852e-13 1.78741e-13 3.50323e-14 5.08363e-15 3.91298e-16 0 
0 0 0 0 0 0 0 0 0 0 0 0 0 0 0 0 0 0 0 0 0 0 0 0 0 0 0 0 0 0 0 0 0 0 0 0 0 0 0 0 0 
