0 0 0 0 0 0 0 0 0 0 0 0 0 0 0 0 0 0 0 0 0 0 0 0 0 0 0 0 0 0 0 0 0 0 0 0 0 0 0 0 0 
0 1.81189e-07 1.62836e-06 7.29222e-06 2.25387e-05 5.33398e-05 0.000102296 0.000166053 0.00023676 0.000305743 0.000366222 0.000414055 0.000447266 0.000465291 0.000468392 0.000457322 0.000433197 0.000397511 0.000352238 0.000299967 0.000243964 0.000188056 0.000136214 9.18768e-05 5.72064e-05 3.26307e-05 1.69528e-05 7.99417e-06 3.41725e-06 1.32484e-06 4.66514e-07 1.49432e-07 4.35728e-08 1.1553e-08 2.77329e-09 5.9674e-10 1.12756e-10 1.79202e-11 2.16185e-12 1.41419e-13 0 
0 1.62836e-06 1.50414e-05 6.70717e-05 0.000197507 0.000426046 0.000722608 0.00102837 0.00129877 0.00151754 0.00168539 0.00180751 0.00188817 0.00193014 0.00193557 0.00190663 0.00184572 0.00175513 0.00163647 0.00149037 0.00131702 0.00111804 0.000899577 0.000675056 0.000464489 0.000288563 0.000160021 7.87513e-05 3.43861e-05 1.33737e-05 4.66038e-06 1.46356e-06 4.15953e-07 1.07143e-07 2.49496e-08 5.2064e-09 9.54582e-10 1.47366e-10 1.72928e-11 1.10205e-12 0 
0 7.29222e-06 6.70717e-05 0.000281147 0.000727069 0.00131746 0.00188127 0.00234448 0.00272345 0.00304456 0.00331557 0.00353134 0.00368351 0.00376595 0.00377696 0.00371962 0.00360129 0.00343253 0.00322546 0.00299149 0.00273832 0.00246649 0.00216755 0.00182793 0.00144252 0.00103315 0.000652206 0.000355658 0.000166406 6.71643e-05 2.36757e-05 7.38826e-06 2.06336e-06 5.18964e-07 1.17626e-07 2.38636e-08 4.25397e-09 6.39015e-10 7.30554e-11 4.54261e-12 0 
0 2.25387e-05 0.000197507 0.000727069 0.00155311 0.00235722 0.00302954 0.00363981 0.00422805 0.00478184 0.0052711 0.0056669 0.00594761 0.0061006 0.00612258 0.0060191 0.00580337 0.00549462 0.00511627 0.00469378 0.00425246 0.00381434 0.00339287 0.00298466 0.00256241 0.00208421 0.00153529 0.000975967 0.000517781 0.000227442 8.38661e-05 2.65647e-05 7.38501e-06 1.82825e-06 4.0548e-07 8.0282e-08 1.3956e-08 2.04503e-09 2.28283e-10 1.38777e-11 0 
0 5.33398e-05 0.000426046 0.00131746 0.00235722 0.00326813 0.00415236 0.00507216 0.00599536 0.00686616 0.00763183 0.0082489 0.00868569 0.00892387 0.00895891 0.00879941 0.0084654 0.00798584 0.00739572 0.00673298 0.00603575 0.00534007 0.00467766 0.00407202 0.00352841 0.00301658 0.00246537 0.00181634 0.0011273 0.000563642 0.000226129 7.47156e-05 2.10302e-05 5.17802e-06 1.13133e-06 2.19648e-07 3.73729e-08 5.35858e-09 5.85611e-10 3.48874e-11 0 
0 0.000102296 0.000722608 0.00188127 0.00302954 0.00415236 0.00537977 0.00668352 0.00798624 0.00920945 0.0102822 0.0111456 0.0117564 0.0120894 0.0121387 0.0119162 0.0114496 0.0107791 0.00995287 0.00902288 0.00804104 0.00705581 0.00610992 0.00523905 0.00446941 0.0038075 0.0032146 0.00258988 0.00184608 0.00107028 0.000482619 0.000171116 4.97043e-05 1.23165e-05 2.67106e-06 5.11218e-07 8.54859e-08 1.20338e-08 1.29127e-09 7.55822e-11 0 
0 0.000166053 0.00102837 0.00234448 0.00363981 0.00507216 0.00668352 0.008389 0.0100874 0.0116794 0.0130743 0.0141963 0.0149897 0.0154221 0.0154858 0.0151964 0.0145899 0.0137182 0.0126435 0.0114329 0.0101531 0.0088658 0.00762499 0.0064748 0.00544939 0.00457143 0.00383896 0.00318875 0.00248141 0.00164013 0.000841897 0.000327359 9.98945e-05 2.52067e-05 5.46749e-06 1.03708e-06 1.71141e-07 2.37346e-08 2.50816e-09 1.44634e-10 0 
0 0.00023676 0.00129877 0.00272345 0.00422805 0.00599536 0.00798624 0.0100874 0.0121769 0.0141344 0.0158487 0.0172273 0.0182029 0.0187354 0.0188132 0.0184551 0.0177072 0.0166345 0.0153128 0.0138237 0.0122485 0.0106626 0.00913113 0.00770691 0.00642968 0.0053273 0.00441326 0.00366359 0.00296627 0.00215212 0.0012449 0.00053567 0.000173927 4.51341e-05 9.85794e-06 1.86224e-06 3.04456e-07 4.17368e-08 4.35654e-09 2.48159e-10 0 
0 0.000305743 0.00151754 0.00304456 0.00478184 0.00686616 0.00920945 0.0116794 0.0141344 0.0164332 0.0184467 0.0200699 0.021226 0.0218616 0.0219542 0.021524 0.0206318 0.0193624 0.0178064 0.0160564 0.0142053 0.0123407 0.0105385 0.00885984 0.00734984 0.00603915 0.00494566 0.00406538 0.00332704 0.00255082 0.00162232 0.000768806 0.000266939 7.16831e-05 1.58452e-05 2.99304e-06 4.86444e-07 6.61186e-08 6.83612e-09 3.85647e-10 0 
0 0.000366222 0.00168539 0.00331557 0.0052711 0.00763183 0.0102822 0.0130743 0.0158487 0.0184467 0.0207274 0.0225766 0.0238967 0.0246166 0.0247195 0.0242313 0.023211 0.0217572 0.019986 0.0180043 0.0159116 0.0138038 0.0117657 0.00986559 0.00815371 0.00666305 0.00541253 0.00440563 0.00359943 0.00283801 0.00193006 0.000992492 0.000367347 0.000102246 2.2935e-05 4.3441e-06 7.038e-07 9.51038e-08 9.76471e-09 5.46867e-10 0 
0 0.000414055 0.00180751 0.00353134 0.0056669 0.0082489 0.0111456 0.0141963 0.0172273 0.0200699 0.0225766 0.0246012 0.0260023 0.0267322 0.0268308 0.0263357 0.0252676 0.0236897 0.0217395 0.0195632 0.0172744 0.0149716 0.0127448 0.0106679 0.00879516 0.00716155 0.00578632 0.00467505 0.00380037 0.00303356 0.00215409 0.00117882 0.00046059 0.000132479 3.01603e-05 5.73669e-06 9.28373e-07 1.24998e-07 1.27742e-08 7.1182e-10 0 
0 0.000447266 0.00188817 0.00368351 0.00594761 0.00868569 0.0117564 0.0149897 0.0182029 0.021226 0.0238967 0.0260023 0.0273839 0.0280723 0.0281594 0.0276868 0.0266459 0.0250388 0.0229786 0.0206579 0.0182262 0.0157856 0.0134264 0.0112258 0.00924065 0.00750741 0.00604544 0.00486064 0.00393314 0.0031541 0.00229745 0.00131162 0.000533527 0.000157509 3.63155e-05 6.93815e-06 1.12306e-06 1.50945e-07 1.53851e-08 8.54759e-10 0 
0 0.000465291 0.00193014 0.00376595 0.0061006 0.00892387 0.0120894 0.0154221 0.0187354 0.0218616 0.0246166 0.0267322 0.0280723 0.0287268 0.0288047 0.0283473 0.0273369 0.0257436 0.0236413 0.0212408 0.0187281 0.0162124 0.0137822 0.0115156 0.00947075 0.00768475 0.00617694 0.00495306 0.00399644 0.00320945 0.0023682 0.00138478 0.000577221 0.000173296 4.03096e-05 7.72992e-06 1.25254e-06 1.68309e-07 1.71411e-08 9.51328e-10 0 
0 0.000468392 0.00193557 0.00377696 0.00612258 0.00895891 0.0121387 0.0154858 0.0188132 0.0219542 0.0247195 0.0268308 0.0281594 0.0288047 0.0288777 0.0284194 0.0274113 0.0258194 0.0237101 0.0212961 0.0187708 0.0162449 0.013806 0.0115318 0.00948053 0.00768916 0.00617677 0.00494889 0.00398963 0.00320486 0.0023735 0.00139829 0.000587774 0.000177623 4.14886e-05 7.97604e-06 1.29449e-06 1.74147e-07 1.77524e-08 9.86107e-10 0 
0 0.000457322 0.00190663 0.00371962 0.0060191 0.00879941 0.0119162 0.0151964 0.0184551 0.021524 0.0242313 0.0263357 0.0276868 0.0283473 0.0284194 0.0279449 0.0269101 0.0253004 0.0232104 0.0208461 0.0183748 0.0159007 0.0135121 0.0112858 0.00927864 0.00752681 0.00604897 0.00485049 0.00391432 0.00314322 0.00231802 0.00135548 0.000566016 0.000170486 3.98085e-05 7.66369e-06 1.24656e-06 1.68136e-07 1.71873e-08 9.57478e-10 0 
0 0.000433197 0.00184572 0.00360129 0.00580337 0.0084654 0.0114496 0.0145899 0.0177072 0.0206318 0.023211 0.0252676 0.0266459 0.0273369 0.0274113 0.0269101 0.0258372 0.0242246 0.0222038 0.0199482 0.0175872 0.015219 0.0129329 0.0108035 0.00888516 0.00721265 0.0058041 0.00466465 0.0037739 0.00302552 0.00220415 0.00126209 0.000516849 0.000153937 3.58151e-05 6.9018e-06 1.12637e-06 1.52599e-07 1.56769e-08 8.77917e-10 0 
0 0.000397511 0.00175513 0.00343253 0.00549462 0.00798584 0.0107791 0.0137182 0.0166345 0.0193624 0.0217572 0.0236897 0.0250388 0.0257436 0.0258194 0.0253004 0.0242246 0.0226755 0.0207853 0.0186827 0.0164738 0.0142553 0.0121144 0.0101218 0.00832864 0.00676779 0.00545689 0.00440042 0.0035715 0.00285035 0.00203344 0.001127 0.000448548 0.000131515 3.04614e-05 5.88272e-06 9.65329e-07 1.31709e-07 1.36369e-08 7.6992e-10 0 
0 0.000352238 0.00163647 0.00322546 0.00511627 0.00739572 0.00995287 0.0126435 0.0153128 0.0178064 0.019986 0.0217395 0.0229786 0.0236413 0.0237101 0.0232104 0.0222038 0.0207853 0.0190626 0.0171386 0.0151118 0.0130755 0.0111113 0.00928452 0.00764259 0.00621646 0.00502332 0.00406583 0.00330684 0.00261328 0.00180957 0.000963739 0.000371813 0.000107436 2.48453e-05 4.82587e-06 7.99303e-07 1.10248e-07 1.15467e-08 6.5951e-10 0 
0 0.000299967 0.00149037 0.00299149 0.00469378 0.00673298 0.00902288 0.0114329 0.0138237 0.0160564 0.0180043 0.0195632 0.0206579 0.0212408 0.0212961 0.0208461 0.0199482 0.0186827 0.0171386 0.0154083 0.0135837 0.0117503 0.00998204 0.00833803 0.00686189 0.00558276 0.00451719 0.00366393 0.00297326 0.00230906 0.00154345 0.000791451 0.000298322 8.57404e-05 1.99606e-05 3.92616e-06 6.60045e-07 9.24581e-08 9.83155e-09 5.69743e-10 0 
0 0.000243964 0.00131702 0.00273832 0.00425246 0.00603575 0.00804104 0.0101531 0.0122485 0.0142053 0.0159116 0.0172744 0.0182262 0.0187281 0.0187708 0.0183748 0.0175872 0.0164738 0.0151118 0.0135837 0.0119711 0.0103495 0.00878414 0.00732767 0.00601974 0.00488775 0.00394661 0.00318915 0.00255887 0.00193988 0.00125876 0.000633461 0.0002388 6.96144e-05 1.65378e-05 3.32253e-06 5.69809e-07 8.1266e-08 8.77978e-09 5.15877e-10 0 
0 0.000188056 0.00111804 0.00246649 0.00381434 0.00534007 0.00705581 0.0088658 0.0106626 0.0123407 0.0138038 0.0149716 0.0157856 0.0162124 0.0162449 0.0159007 0.015219 0.0142553 0.0130755 0.0117503 0.0103495 0.00893768 0.00757083 0.00629497 0.00514556 0.00414765 0.00331329 0.00263277 0.00206292 0.00153086 0.000991721 0.000511736 0.00020093 6.10262e-05 1.49903e-05 3.08771e-06 5.39223e-07 7.79176e-08 8.4973e-09 5.02552e-10 0 
0 0.000136214 0.000899577 0.00216755 0.00339287 0.00467766 0.00610992 0.00762499 0.00913113 0.0105385 0.0117657 0.0127448 0.0134264 0.0137822 0.013806 0.0135121 0.0129329 0.0121144 0.0111113 0.00998204 0.00878414 0.00757083 0.00638862 0.00527632 0.00426535 0.00338014 0.00263598 0.00203306 0.00155064 0.00114791 0.000777786 0.000436644 0.00018707 6.05167e-05 1.54055e-05 3.22587e-06 5.66379e-07 8.17933e-08 8.88626e-09 5.22641e-10 0 
0 9.18768e-05 0.000675056 0.00182793 0.00298466 0.00407202 0.00523905 0.0064748 0.00770691 0.00885984 0.00986559 0.0106679 0.0112258 0.0115156 0.0115318 0.0112858 0.0108035 0.0101218 0.00928452 0.00833803 0.00732767 0.00629497 0.00527632 0.004304 0.00341318 0.00265366 0.00207477 0.00165857 0.00130979 0.000970247 0.000664164 0.000403368 0.000192342 6.68469e-05 1.74818e-05 3.66015e-06 6.34996e-07 9.0249e-08 9.64205e-09 5.57923e-10 0 
0 5.72064e-05 0.000464489 0.00144252 0.00256241 0.00352841 0.00446941 0.00544939 0.00642968 0.00734984 0.00815371 0.00879516 0.00924065 0.00947075 0.00948053 0.00927864 0.00888516 0.00832864 0.00764259 0.00686189 0.00601974 0.00514556 0.00426535 0.00341318 0.00267474 0.00222922 0.00220674 0.00238759 0.00227009 0.00166757 0.000944662 0.000465801 0.000214024 7.73695e-05 2.04569e-05 4.21427e-06 7.12884e-07 9.87219e-08 1.02957e-08 5.82921e-10 0 
0 3.26307e-05 0.000288563 0.00103315 0.00208421 0.00301658 0.0038075 0.00457143 0.0053273 0.00603915 0.00666305 0.00716155 0.00750741 0.00768475 0.00768916 0.00752681 0.00721265 0.00676779 0.00621646 0.00558276 0.00488775 0.00414765 0.00338014 0.00265366 0.00222922 0.00262022 0.00413086 0.00596114 0.00637194 0.00469279 0.00238866 0.00088284 0.000287897 9.16177e-05 2.33296e-05 4.63328e-06 7.57018e-07 1.01765e-07 1.0347e-08 5.73115e-10 0 
0 1.69528e-05 0.000160021 0.000652206 0.00153529 0.00246537 0.0032146 0.00383896 0.00441326 0.00494566 0.00541253 0.00578632 0.00604544 0.00617694 0.00617677 0.00604897 0.0058041 0.00545689 0.00502332 0.00451719 0.00394661 0.00331329 0.00263598 0.00207477 0.00220674 0.00413086 0.00857461 0.0146741 0.0167756 0.0112809 0.00551206 0.00186598 0.000470521 0.000112798 2.52351e-05 4.67238e-06 7.30219e-07 9.53238e-08 9.48084e-09 5.15727e-10 0 
0 7.99417e-06 7.87513e-05 0.000355658 0.000975967 0.00181634 0.00258988 0.00318875 0.00366359 0.00406538 0.00440563 0.00467505 0.00486064 0.00495306 0.00494889 0.00485049 0.00466465 0.00440042 0.00406583 0.00366393 0.00318915 0.00263277 0.00203306 0.00165857 0.00238759 0.00596114 0.0146741 0.0211417 0.021859 0.0192037 0.00926239 0.00299093 0.000690196 0.000133779 2.50658e-05 4.19442e-06 6.22128e-07 7.91537e-08 7.75274e-09 4.16913e-10 0 
0 3.41725e-06 3.43861e-05 0.000166406 0.000517781 0.0011273 0.00184608 0.00248141 0.00296627 0.00332704 0.00359943 0.00380037 0.00393314 0.00399644 0.00398963 0.00391432 0.0037739 0.0035715 0.00330684 0.00297326 0.00255887 0.00206292 0.00155064 0.00130979 0.00227009 0.00637194 0.0167756 0.021859 0.0224517 0.0205379 0.0108341 0.00329405 0.000741253 0.00013084 2.13781e-05 3.23932e-06 4.58031e-07 5.72998e-08 5.57886e-09 2.99097e-10 0 
0 1.32484e-06 1.33737e-05 6.71643e-05 0.000227442 0.000563642 0.00107028 0.00164013 0.00215212 0.00255082 0.00283801 0.00303356 0.0031541 0.00320945 0.00320486 0.00314322 0.00302552 0.00285035 0.00261328 0.00230906 0.00193988 0.00153086 0.00114791 0.000970247 0.00166757 0.00469279 0.0112809 0.0192037 0.0205379 0.0158714 0.00741864 0.0024404 0.000548948 9.51143e-05 1.45337e-05 2.07387e-06 2.86362e-07 3.57803e-08 3.50291e-09 1.88987e-10 0 
0 4.66514e-07 4.66038e-06 2.36757e-05 8.38661e-05 0.000226129 0.000482619 0.000841897 0.0012449 0.00162232 0.00193006 0.00215409 0.00229745 0.0023682 0.0023735 0.00231802 0.00220415 0.00203344 0.00180957 0.00154345 0.00125876 0.000991721 0.000777786 0.000664164 0.000944662 0.00238866 0.00551206 0.00926239 0.0108341 0.00741864 0.0036637 0.00121238 0.000278809 4.96529e-05 7.54182e-06 1.07468e-06 1.50602e-07 1.9179e-08 1.91127e-09 1.04746e-10 0 
0 1.49432e-07 1.46356e-06 7.38826e-06 2.65647e-05 7.47156e-05 0.000171116 0.000327359 0.00053567 0.000768806 0.000992492 0.00117882 0.00131162 0.00138478 0.00139829 0.00135548 0.00126209 0.001127 0.000963739 0.000791451 0.000633461 0.000511736 0.000436644 0.000403368 0.000465801 0.00088284 0.00186598 0.00299093 0.00329405 0.0024404 0.00121238 0.000409731 9.94753e-05 1.87284e-05 2.98439e-06 4.51666e-07 6.67626e-08 8.82889e-09 9.05506e-10 5.08406e-11 0 
0 4.35728e-08 4.15953e-07 2.06336e-06 7.38501e-06 2.10302e-05 4.97043e-05 9.98945e-05 0.000173927 0.000266939 0.000367347 0.00046059 0.000533527 0.000577221 0.000587774 0.000566016 0.000516849 0.000448548 0.000371813 0.000298322 0.0002388 0.00020093 0.00018707 0.000192342 0.000214024 0.000287897 0.000470521 0.000690196 0.000741253 0.000548948 0.000278809 9.94753e-05 2.60048e-05 5.29993e-06 9.36679e-07 1.57983e-07 2.52221e-08 3.50426e-09 3.72946e-10 2.16031e-11 0 
0 1.1553e-08 1.07143e-07 5.18964e-07 1.82825e-06 5.17802e-06 1.23165e-05 2.52067e-05 4.51341e-05 7.16831e-05 0.000102246 0.000132479 0.000157509 0.000173296 0.000177623 0.000170486 0.000153937 0.000131515 0.000107436 8.57404e-05 6.96144e-05 6.10262e-05 6.05167e-05 6.68469e-05 7.73695e-05 9.16177e-05 0.000112798 0.000133779 0.00013084 9.51143e-05 4.96529e-05 1.87284e-05 5.29993e-06 1.21564e-06 2.4871e-07 4.75006e-08 8.2177e-09 1.2044e-09 1.33709e-10 8.03269e-12 0 
0 2.77329e-09 2.49496e-08 1.17626e-07 4.0548e-07 1.13133e-06 2.67106e-06 5.46749e-06 9.85794e-06 1.58452e-05 2.2935e-05 3.01603e-05 3.63155e-05 4.03096e-05 4.14886e-05 3.98085e-05 3.58151e-05 3.04614e-05 2.48453e-05 1.99606e-05 1.65378e-05 1.49903e-05 1.54055e-05 1.74818e-05 2.04569e-05 2.33296e-05 2.52351e-05 2.50658e-05 2.13781e-05 1.45337e-05 7.54182e-06 2.98439e-06 9.36679e-07 2.4871e-07 5.88445e-08 1.25051e-08 2.32279e-09 3.59033e-10 4.16987e-11 2.60728e-12 0 
0 5.9674e-10 5.2064e-09 2.38636e-08 8.0282e-08 2.19648e-07 5.11218e-07 1.03708e-06 1.86224e-06 2.99304e-06 4.3441e-06 5.73669e-06 6.93815e-06 7.72992e-06 7.97604e-06 7.66369e-06 6.9018e-06 5.88272e-06 4.82587e-06 3.92616e-06 3.32253e-06 3.08771e-06 3.22587e-06 3.66015e-06 4.21427e-06 4.63328e-06 4.67238e-06 4.19442e-06 3.23932e-06 2.07387e-06 1.07468e-06 4.51666e-07 1.57983e-07 4.75006e-08 1.25051e-08 2.87693e-09 5.67945e-10 9.24489e-11 1.12466e-11 7.33358e-13 0 
0 1.12756e-10 9.54582e-10 4.25397e-09 1.3956e-08 3.73729e-08 8.54859e-08 1.71141e-07 3.04456e-07 4.86444e-07 7.038e-07 9.28373e-07 1.12306e-06 1.25254e-06 1.29449e-06 1.24656e-06 1.12637e-06 9.65329e-07 7.99303e-07 6.60045e-07 5.69809e-07 5.39223e-07 5.66379e-07 6.34996e-07 7.12884e-07 7.57018e-07 7.30219e-07 6.22128e-07 4.58031e-07 2.86362e-07 1.50602e-07 6.67626e-08 2.52221e-08 8.2177e-09 2.32279e-09 5.67945e-10 1.18378e-10 2.02572e-11 2.58114e-12 1.75646e-13 0 
0 1.79202e-11 1.47366e-10 6.39015e-10 2.04503e-09 5.35858e-09 1.20338e-08 2.37346e-08 4.17368e-08 6.61186e-08 9.51038e-08 1.24998e-07 1.50945e-07 1.68309e-07 1.74147e-07 1.68136e-07 1.52599e-07 1.31709e-07 1.10248e-07 9.24581e-08 8.1266e-08 7.79176e-08 8.17933e-08 9.0249e-08 9.87219e-08 1.01765e-07 9.53238e-08 7.91537e-08 5.72998e-08 3.57803e-08 1.9179e-08 8.82889e-09 3.50426e-09 1.2044e-09 3.59033e-10 9.24489e-11 2.02572e-11 3.63642e-12 4.84798e-13 3.44179e-14 0 
0 2.16185e-12 1.72928e-11 7.30554e-11 2.28283e-10 5.85611e-10 1.29127e-09 2.50816e-09 4.35654e-09 6.83612e-09 9.76471e-09 1.27742e-08 1.53851e-08 1.71411e-08 1.77524e-08 1.71873e-08 1.56769e-08 1.36369e-08 1.15467e-08 9.83155e-09 8.77978e-09 8.4973e-09 8.88626e-09 9.64205e-09 1.02957e-08 1.0347e-08 9.48084e-09 7.75274e-09 5.57886e-09 3.50291e-09 1.91127e-09 9.05506e-10 3.72946e-10 1.33709e-10 4.16987e-11 1.12466e-11 2.58114e-12 4.84798e-13 6.75057e-14 4.99469e-15 0 
0 1.41419e-13 1.10205e-12 4.54261e-12 1.38777e-11 3.48874e-11 7.55822e-11 1.44634e-10 2.48159e-10 3.85647e-10 5.46867e-10 7.1182e-10 8.54759e-10 9.51328e-10 9.86107e-10 9.57478e-10 8.77917e-10 7.6992e-10 6.5951e-10 5.69743e-10 5.15877e-10 5.02552e-10 5.22641e-10 5.57923e-10 5.82921e-10 5.73115e-10 5.15727e-10 4.16913e-10 2.99097e-10 1.88987e-10 1.04746e-10 5.08406e-11 2.16031e-11 8.03269e-12 2.60728e-12 7.33358e-13 1.75646e-13 3.44179e-14 4.99469e-15 3.8455e-16 0 
0 0 0 0 0 0 0 0 0 0 0 0 0 0 0 0 0 0 0 0 0 0 0 0 0 0 0 0 0 0 0 0 0 0 0 0 0 0 0 0 0 
