0 0 0 0 0 0 0 0 0 0 0 0 0 0 0 0 0 0 0 0 0 0 0 0 0 0 0 0 0 0 0 0 0 0 0 0 0 0 0 0 0 
0 1.65435e-07 1.43456e-06 5.98823e-06 1.66614e-05 3.46283e-05 5.78187e-05 8.22453e-05 0.000104461 0.000122685 0.00013653 0.000146308 0.000152529 0.000155649 0.000156003 0.000153796 0.00014913 0.000142024 0.000132458 0.000120444 0.00010613 8.99261e-05 7.25943e-05 5.52472e-05 3.91893e-05 2.56147e-05 1.5264e-05 8.22155e-06 3.9793e-06 1.72591e-06 6.70657e-07 2.33788e-07 7.32192e-08 2.06052e-08 5.19553e-09 1.16383e-09 2.27215e-10 3.70774e-11 4.56917e-12 3.04066e-13 0 
0 1.43456e-06 1.24842e-05 4.92466e-05 0.000120644 0.000209441 0.000287652 0.000343323 0.000380493 0.000406696 0.000426625 0.000441903 0.000452547 0.000458158 0.000458541 0.000453925 0.000444949 0.000432508 0.00041746 0.000400235 0.000380393 0.000356304 0.000325322 0.000284822 0.000234163 0.000176641 0.000119578 7.13641e-05 3.71482e-05 1.68208e-05 6.65041e-06 2.31265e-06 7.12727e-07 1.95696e-07 4.79155e-08 1.04001e-08 1.96643e-09 3.10964e-10 3.71833e-11 2.40492e-12 0 
0 5.98823e-06 4.92466e-05 0.00016621 0.000321392 0.000440005 0.000513053 0.000569607 0.000626168 0.00068366 0.000737332 0.000782174 0.000814499 0.00083217 0.000834499 0.0008221 0.000796697 0.00076093 0.000718141 0.000672141 0.000626851 0.000585607 0.000549841 0.000517125 0.000479604 0.000425444 0.000346166 0.000247237 0.000149746 7.56496e-05 3.19448e-05 1.14397e-05 3.53741e-06 9.5867e-07 2.29534e-07 4.84918e-08 8.90835e-09 1.3686e-09 1.59132e-10 1.00227e-11 0 
0 1.66614e-05 0.000120644 0.000321392 0.000488596 0.000593328 0.000693475 0.000809656 0.000934019 0.00105475 0.00116226 0.00124943 0.00131129 0.00134501 0.00134985 0.00132704 0.00127949 0.00121146 0.00112816 0.00103535 0.00093909 0.000845555 0.000760957 0.000690878 0.000637884 0.000596563 0.000548748 0.000468541 0.000345897 0.000208383 9.99936e-05 3.86039e-05 1.23353e-05 3.35871e-06 7.94856e-07 1.6457e-07 2.95148e-08 4.42132e-09 5.01392e-10 3.08326e-11 0 
0 3.46283e-05 0.000209441 0.000440005 0.000593328 0.000739353 0.000918626 0.00111867 0.00132184 0.00151378 0.00168258 0.00181862 0.00191492 0.00196743 0.00197516 0.00193999 0.00186635 0.00176063 0.00163053 0.00148442 0.00133073 0.00117753 0.00103232 0.00090231 0.000794654 0.00071508 0.000661611 0.000613546 0.000530576 0.000387912 0.00022185 9.69229e-05 3.31634e-05 9.27781e-06 2.19969e-06 4.50133e-07 7.92714e-08 1.16296e-08 1.29086e-09 7.7739e-11 0 
0 5.78187e-05 0.000287652 0.000513053 0.000693475 0.000918626 0.00118631 0.00147352 0.00176072 0.0020304 0.00226691 0.00245727 0.00259197 0.00266549 0.00267638 0.00262724 0.00252431 0.00237646 0.0021943 0.00198926 0.0017728 0.00155559 0.00134709 0.00115544 0.000987858 0.000851642 0.00075349 0.00069171 0.000639157 0.000540832 0.000370464 0.00018922 7.16865e-05 2.11005e-05 5.08641e-06 1.03826e-06 1.80668e-07 2.60796e-08 2.8442e-09 1.6829e-10 0 
0 8.22453e-05 0.000343323 0.000569607 0.000809656 0.00111867 0.00147352 0.00184951 0.00222395 0.00257494 0.00288271 0.00313228 0.00331595 0.00342443 0.00344196 0.00336793 0.00322254 0.00302551 0.0027876 0.0025206 0.00223843 0.00195463 0.00168107 0.00142752 0.00120171 0.00101024 0.000860043 0.000757467 0.000696033 0.000632813 0.000500074 0.000299617 0.000128403 4.05786e-05 1.0084e-05 2.07157e-06 3.58353e-07 5.11331e-08 5.49979e-09 3.20771e-10 0 
0 0.000104461 0.000380493 0.000626168 0.000934019 0.00132184 0.00176072 0.00222395 0.00268464 0.00311681 0.00350495 0.00386783 0.00417908 0.00435779 0.00438683 0.00427254 0.00402555 0.00370482 0.0033811 0.00304806 0.00270042 0.00235076 0.00201313 0.00169913 0.00141757 0.00117493 0.00097683 0.000829962 0.000738165 0.000680357 0.000587568 0.000403562 0.00019638 6.7456e-05 1.74651e-05 3.63767e-06 6.28891e-07 8.90731e-08 9.48212e-09 5.46829e-10 0 
0 0.000122685 0.000406696 0.00068366 0.00105475 0.00151378 0.0020304 0.00257494 0.00311681 0.00363832 0.00419192 0.00467749 0.00493895 0.00505325 0.00507044 0.00499991 0.00482261 0.0044824 0.00399688 0.00354792 0.00313228 0.00272074 0.00232341 0.00195332 0.00162041 0.00133153 0.00109147 0.000905383 0.000779558 0.000707864 0.000637801 0.000484716 0.000264585 9.89929e-05 2.68516e-05 5.69846e-06 9.88558e-07 1.39462e-07 1.47391e-08 8.42816e-10 0 
0 0.00013653 0.000426625 0.000737332 0.00116226 0.00168258 0.00226691 0.00288271 0.00350495 0.00419192 0.00482302 0.00514588 0.00531293 0.00539145 0.00540325 0.00535314 0.00523357 0.00501808 0.00462922 0.00403973 0.00351436 0.00304357 0.00259396 0.00217505 0.00179764 0.00146901 0.00119365 0.000975314 0.000819692 0.00072796 0.000664596 0.000539941 0.000323512 0.000130874 3.71815e-05 8.05539e-06 1.4057e-06 1.98037e-07 2.08319e-08 1.18407e-09 0 
0 0.000146308 0.000441903 0.000782174 0.00124943 0.00181862 0.00245727 0.00313228 0.00386783 0.00467749 0.00514588 0.00538601 0.0055198 0.00558466 0.00559425 0.00555197 0.00545342 0.00528331 0.00500132 0.0044998 0.00384722 0.00330307 0.00280987 0.00235194 0.00193906 0.0015789 0.00127584 0.00103273 0.000854049 0.000743786 0.000678485 0.000573688 0.000368119 0.000158757 4.69778e-05 1.03784e-05 1.8233e-06 2.56943e-07 2.6956e-08 1.52613e-09 0 
0 0.000152529 0.000452547 0.000814499 0.00131129 0.00191492 0.00259197 0.00331595 0.00417908 0.00493895 0.00531293 0.0055198 0.00563894 0.0056974 0.00570582 0.005667 0.00557772 0.00542675 0.00518617 0.00478001 0.00411863 0.00348926 0.00296035 0.00247494 0.00203727 0.00165515 0.0013329 0.00107285 0.000878475 0.00075458 0.000684876 0.000591803 0.000397275 0.000179403 5.47637e-05 1.22907e-05 2.17245e-06 3.06493e-07 3.2116e-08 1.81426e-09 0 
0 0.000155649 0.000458158 0.00083217 0.00134501 0.00196743 0.00266549 0.00342443 0.00435779 0.00505325 0.00539145 0.00558466 0.0056974 0.00575291 0.00576059 0.00572303 0.00563745 0.00549415 0.00526968 0.00490275 0.00427403 0.0035926 0.00303912 0.00253884 0.002088 0.00169425 0.00136187 0.00109291 0.000890273 0.000758858 0.000685894 0.000598675 0.000411829 0.000191006 5.94214e-05 1.34721e-05 2.39172e-06 3.37883e-07 3.54016e-08 1.99834e-09 0 
0 0.000156003 0.000458541 0.000834499 0.00134985 0.00197516 0.00267638 0.00344196 0.00438683 0.00507044 0.00540325 0.00559425 0.00570582 0.00576059 0.00576781 0.00572998 0.0056444 0.00550158 0.00527868 0.00491648 0.00429317 0.00360221 0.00304444 0.00254241 0.00209016 0.00169522 0.00136183 0.00109192 0.000888243 0.000755631 0.000682128 0.000596709 0.000413032 0.000192992 6.03918e-05 1.37422e-05 2.44474e-06 3.45782e-07 3.62556e-08 2.04756e-09 0 
0 0.000153796 0.000453925 0.0008221 0.00132704 0.00193999 0.00262724 0.00336793 0.00427254 0.00499991 0.00535314 0.00555197 0.005667 0.00572303 0.00572998 0.00569049 0.00560156 0.00545276 0.00521864 0.00483138 0.00417978 0.00351933 0.00297939 0.00248816 0.00204565 0.00165943 0.00133366 0.00107035 0.000872427 0.000744627 0.000673482 0.000586563 0.000401771 0.00018571 5.77173e-05 1.30974e-05 2.32941e-06 3.29783e-07 3.46292e-08 1.959e-09 0 
0 0.00014913 0.000444949 0.000796697 0.00127949 0.00186635 0.00252431 0.00322254 0.00402555 0.00482261 0.00523357 0.00545342 0.00557772 0.00563745 0.0056444 0.00560156 0.00550514 0.00534216 0.00507971 0.00462668 0.00394935 0.00336053 0.00285143 0.00238182 0.0019589 0.00159017 0.0012797 0.00102974 0.000843736 0.000726025 0.000659235 0.000567376 0.000378475 0.000170247 5.19773e-05 1.16995e-05 2.07645e-06 2.94253e-07 3.09707e-08 1.75715e-09 0 
0 0.000142024 0.000432508 0.00076093 0.00121146 0.00176063 0.00237646 0.00302551 0.00370482 0.0044824 0.00501808 0.00528331 0.00542675 0.00549415 0.00550158 0.00545276 0.00534216 0.00515076 0.00482739 0.00426498 0.00365306 0.00314397 0.00267087 0.00223154 0.0018362 0.00149209 0.00120323 0.000972269 0.000803419 0.000699786 0.000637503 0.000536915 0.000343528 0.000148393 4.41545e-05 9.82483e-06 1.73881e-06 2.46782e-07 2.60658e-08 1.48533e-09 0 
0 0.000132458 0.00041746 0.000718141 0.00112816 0.00163053 0.0021943 0.0027876 0.0033811 0.00399688 0.00462922 0.00500132 0.00518617 0.00526968 0.00527868 0.00521864 0.00507971 0.00482739 0.00437877 0.00381707 0.00333491 0.00288286 0.0024497 0.00204695 0.00168495 0.00137055 0.00110784 0.000900103 0.000752219 0.00066445 0.000604291 0.000491983 0.000298085 0.000122653 3.54504e-05 7.79381e-06 1.37662e-06 1.95954e-07 2.08045e-08 1.19274e-09 0 
0 0.000120444 0.000400235 0.000672141 0.00103535 0.00148442 0.00198926 0.0025206 0.00304806 0.00354792 0.00403973 0.0044998 0.00478001 0.00490275 0.00491648 0.00483138 0.00462668 0.00426498 0.00381707 0.00340146 0.00299504 0.00259058 0.00220073 0.00183827 0.00151283 0.00123089 0.000996744 0.000814507 0.00068893 0.000615243 0.000552752 0.000429807 0.000245114 9.61117e-05 2.70671e-05 5.89882e-06 1.04275e-06 1.49226e-07 1.59589e-08 9.22225e-10 0 
0 0.00010613 0.000380393 0.000626851 0.00093909 0.00133073 0.0017728 0.00223843 0.00270042 0.00313228 0.00351436 0.00384722 0.00411863 0.00427403 0.00429317 0.00417978 0.00394935 0.00365306 0.00333491 0.00299504 0.00263926 0.00228175 0.00193663 0.00161552 0.00132718 0.00107782 0.000872083 0.000714533 0.000608138 0.00054233 0.000474652 0.000351138 0.00019014 7.20209e-05 1.99884e-05 4.35038e-06 7.73162e-07 1.11552e-07 1.20388e-08 7.02061e-10 0 
0 8.99261e-05 0.000356304 0.000585607 0.000845555 0.00117753 0.00155559 0.00195463 0.00235076 0.00272074 0.00304357 0.00330307 0.00348926 0.0035926 0.00360221 0.00351933 0.00336053 0.00314397 0.00288286 0.00259058 0.00228175 0.00197048 0.00166913 0.00138785 0.00113451 0.000915102 0.000734352 0.000595917 0.000499818 0.000434629 0.00036798 0.00026424 0.000140658 5.30917e-05 1.48102e-05 3.25134e-06 5.83302e-07 8.49293e-08 9.24329e-09 5.43176e-10 0 
0 7.25943e-05 0.000325322 0.000549841 0.000760957 0.00103232 0.00134709 0.00168107 0.00201313 0.00232341 0.00259396 0.00280987 0.00296035 0.00303912 0.00304444 0.00297939 0.00285143 0.00267087 0.0024497 0.00220073 0.00193663 0.00166913 0.00140849 0.00116331 0.000940689 0.000746692 0.000585948 0.000460137 0.000367537 0.000302914 0.000250797 0.00018474 0.000103229 4.06721e-05 1.16622e-05 2.59896e-06 4.69898e-07 6.86999e-08 7.49416e-09 4.40957e-10 0 
0 5.52472e-05 0.000284822 0.000517125 0.000690878 0.00090231 0.00115544 0.00142752 0.00169913 0.00195332 0.00217505 0.00235194 0.00247494 0.00253884 0.00254241 0.00248816 0.00238182 0.00223154 0.00204695 0.00183827 0.00161552 0.00138785 0.00116331 0.000949133 0.000753301 0.000586657 0.000459502 0.000368079 0.000292525 0.000222572 0.000168074 0.000126963 7.91648e-05 3.41381e-05 1.02205e-05 2.30436e-06 4.15486e-07 6.02692e-08 6.51505e-09 3.79927e-10 0 
0 3.91893e-05 0.000234163 0.000479604 0.000637884 0.000794654 0.000987858 0.00120171 0.00141757 0.00162041 0.00179764 0.00193906 0.00203727 0.002088 0.00209016 0.00204565 0.0019589 0.0018362 0.00168495 0.00151283 0.00132718 0.00113451 0.000940689 0.000753301 0.000590689 0.000491943 0.000486617 0.000526413 0.000500506 0.000367765 0.000209596 0.000111378 6.56525e-05 3.11466e-05 9.80892e-06 2.21883e-06 3.93765e-07 5.59676e-08 5.93179e-09 3.39798e-10 0 
0 2.56147e-05 0.000176641 0.000425444 0.000596563 0.00071508 0.000851642 0.00101024 0.00117493 0.00133153 0.00146901 0.0015789 0.00165515 0.00169425 0.00169522 0.00165943 0.00159017 0.00149209 0.00137055 0.00123089 0.00107782 0.000915102 0.000746692 0.000586657 0.000491943 0.000577695 0.000910725 0.00148453 0.0017873 0.00104185 0.00052663 0.000195227 6.98448e-05 2.98028e-05 9.65053e-06 2.17083e-06 3.7606e-07 5.20468e-08 5.38397e-09 3.01957e-10 0 
0 1.5264e-05 0.000119578 0.000346166 0.000548748 0.000661611 0.00075349 0.000860043 0.00097683 0.00109147 0.00119365 0.00127584 0.0013329 0.00136187 0.00136183 0.00133366 0.0012797 0.00120323 0.00110784 0.000996744 0.000872083 0.000734352 0.000585948 0.000459502 0.000486617 0.000910725 0.00213266 0.00350792 0.00361619 0.00304387 0.00122193 0.000411402 0.000105199 3.06803e-05 9.22516e-06 2.021e-06 3.40029e-07 4.58338e-08 4.63647e-09 2.55172e-10 0 
0 8.22155e-06 7.13641e-05 0.000247237 0.000468541 0.000613546 0.00069171 0.000757467 0.000829962 0.000905383 0.000975314 0.00103273 0.00107285 0.00109291 0.00109192 0.00107035 0.00102974 0.000972269 0.000900103 0.000814507 0.000714533 0.000595917 0.000460137 0.000368079 0.000526413 0.00148453 0.00350792 0.00389722 0.00394309 0.00373288 0.00260095 0.000659592 0.000152531 3.29244e-05 8.29914e-06 1.71046e-06 2.78144e-07 3.66754e-08 3.65113e-09 1.98399e-10 0 
0 3.9793e-06 3.71482e-05 0.000149746 0.000345897 0.000530576 0.000639157 0.000696033 0.000738165 0.000779558 0.000819692 0.000854049 0.000878475 0.000890273 0.000888243 0.000872427 0.000843736 0.000803419 0.000752219 0.00068893 0.000608138 0.000499818 0.000367537 0.000292525 0.000500506 0.0017873 0.00361619 0.00394309 0.00398714 0.00382164 0.00304454 0.000735029 0.000163628 3.11918e-05 6.68649e-06 1.27062e-06 1.99683e-07 2.59628e-08 2.567e-09 1.38877e-10 0 
0 1.72591e-06 1.68208e-05 7.56496e-05 0.000208383 0.000387912 0.000540832 0.000632813 0.000680357 0.000707864 0.00072796 0.000743786 0.00075458 0.000758858 0.000755631 0.000744627 0.000726025 0.000699786 0.00066445 0.000615243 0.00054233 0.000434629 0.000302914 0.000222572 0.000367765 0.00104185 0.00304387 0.00373288 0.00382164 0.00356358 0.00189117 0.000538031 0.000121347 2.29014e-05 4.50949e-06 8.01954e-07 1.23293e-07 1.60021e-08 1.58852e-09 8.63677e-11 0 
0 6.70657e-07 6.65041e-06 3.19448e-05 9.99936e-05 0.00022185 0.000370464 0.000500074 0.000587568 0.000637801 0.000664596 0.000678485 0.000684876 0.000685894 0.000682128 0.000673482 0.000659235 0.000637503 0.000604291 0.000552752 0.000474652 0.00036798 0.000250797 0.000168074 0.000209596 0.00052663 0.00122193 0.00260095 0.00304454 0.00189117 0.000807732 0.000267318 6.22534e-05 1.25549e-05 2.42464e-06 4.20079e-07 6.47401e-08 8.51896e-09 8.58822e-10 4.73694e-11 0 
0 2.33788e-07 2.31265e-06 1.14397e-05 3.86039e-05 9.69229e-05 0.00018922 0.000299617 0.000403562 0.000484716 0.000539941 0.000573688 0.000591803 0.000598675 0.000596709 0.000586563 0.000567376 0.000536915 0.000491983 0.000429807 0.000351138 0.00026424 0.00018474 0.000126963 0.000111378 0.000195227 0.000411402 0.000659592 0.000735029 0.000538031 0.000267318 9.07603e-05 2.32862e-05 5.20007e-06 1.02722e-06 1.81751e-07 2.88638e-08 3.90988e-09 4.04531e-10 2.28304e-11 0 
0 7.32192e-08 7.12727e-07 3.53741e-06 1.23353e-05 3.31634e-05 7.16865e-05 0.000128403 0.00019638 0.000264585 0.000323512 0.000368119 0.000397275 0.000411829 0.000413032 0.000401771 0.000378475 0.000343528 0.000298085 0.000245114 0.00019014 0.000140658 0.000103229 7.91648e-05 6.56525e-05 6.98448e-05 0.000105199 0.000152531 0.000163628 0.000121347 6.22534e-05 2.32862e-05 6.87988e-06 1.67561e-06 3.50756e-07 6.58303e-08 1.09916e-08 1.5502e-09 1.65997e-10 9.65482e-12 0 
0 2.06052e-08 1.95696e-07 9.5867e-07 3.35871e-06 9.27781e-06 2.11005e-05 4.05786e-05 6.7456e-05 9.89929e-05 0.000130874 0.000158757 0.000179403 0.000191006 0.000192992 0.00018571 0.000170247 0.000148393 0.000122653 9.61117e-05 7.20209e-05 5.30917e-05 4.06721e-05 3.41381e-05 3.11466e-05 2.98028e-05 3.06803e-05 3.29244e-05 3.11918e-05 2.29014e-05 1.25549e-05 5.20007e-06 1.67561e-06 4.41288e-07 1.00589e-07 2.03653e-08 3.60427e-09 5.32602e-10 5.93741e-11 3.5784e-12 0 
0 5.19553e-09 4.79155e-08 2.29534e-07 7.94856e-07 2.19969e-06 5.08641e-06 1.0084e-05 1.74651e-05 2.68516e-05 3.71815e-05 4.69778e-05 5.47637e-05 5.94214e-05 6.03918e-05 5.77173e-05 5.19773e-05 4.41545e-05 3.54504e-05 2.70671e-05 1.99884e-05 1.48102e-05 1.16622e-05 1.02205e-05 9.80892e-06 9.65053e-06 9.22516e-06 8.29914e-06 6.68649e-06 4.50949e-06 2.42464e-06 1.02722e-06 3.50756e-07 1.00589e-07 2.50413e-08 5.45301e-09 1.02267e-09 1.58751e-10 1.84901e-11 1.15901e-12 0 
0 1.16383e-09 1.04001e-08 4.84918e-08 1.6457e-07 4.50133e-07 1.03826e-06 2.07157e-06 3.63767e-06 5.69846e-06 8.05539e-06 1.03784e-05 1.22907e-05 1.34721e-05 1.37422e-05 1.30974e-05 1.16995e-05 9.82483e-06 7.79381e-06 5.89882e-06 4.35038e-06 3.25134e-06 2.59896e-06 2.30436e-06 2.21883e-06 2.17083e-06 2.021e-06 1.71046e-06 1.27062e-06 8.01954e-07 4.20079e-07 1.81751e-07 6.58303e-08 2.03653e-08 5.45301e-09 1.26457e-09 2.50572e-10 4.08819e-11 4.9832e-12 3.25564e-13 0 
0 2.27215e-10 1.96643e-09 8.90835e-09 2.95148e-08 7.92714e-08 1.80668e-07 3.58353e-07 6.28891e-07 9.88558e-07 1.4057e-06 1.8233e-06 2.17245e-06 2.39172e-06 2.44474e-06 2.32941e-06 2.07645e-06 1.73881e-06 1.37662e-06 1.04275e-06 7.73162e-07 5.83302e-07 4.69898e-07 4.15486e-07 3.93765e-07 3.7606e-07 3.40029e-07 2.78144e-07 1.99683e-07 1.23293e-07 6.47401e-08 2.88638e-08 1.09916e-08 3.60427e-09 1.02267e-09 2.50572e-10 5.23001e-11 8.96126e-12 1.14336e-12 7.79172e-14 0 
0 3.70774e-11 3.10964e-10 1.3686e-09 4.42132e-09 1.16296e-08 2.60796e-08 5.11331e-08 8.90731e-08 1.39462e-07 1.98037e-07 2.56943e-07 3.06493e-07 3.37883e-07 3.45782e-07 3.29783e-07 2.94253e-07 2.46782e-07 1.95954e-07 1.49226e-07 1.11552e-07 8.49293e-08 6.86999e-08 6.02692e-08 5.59676e-08 5.20468e-08 4.58338e-08 3.66754e-08 2.59628e-08 1.60021e-08 8.51896e-09 3.90988e-09 1.5502e-09 5.32602e-10 1.58751e-10 4.08819e-11 8.96126e-12 1.60966e-12 2.14776e-13 1.52634e-14 0 
0 4.56917e-12 3.71833e-11 1.59132e-10 5.01392e-10 1.29086e-09 2.8442e-09 5.49979e-09 9.48212e-09 1.47391e-08 2.08319e-08 2.6956e-08 3.2116e-08 3.54016e-08 3.62556e-08 3.46292e-08 3.09707e-08 2.60658e-08 2.08045e-08 1.59589e-08 1.20388e-08 9.24329e-09 7.49416e-09 6.51505e-09 5.93179e-09 5.38397e-09 4.63647e-09 3.65113e-09 2.567e-09 1.58852e-09 8.58822e-10 4.04531e-10 1.65997e-10 5.93741e-11 1.84901e-11 4.9832e-12 1.14336e-12 2.14776e-13 2.9919e-14 2.21512e-15 0 
0 3.04066e-13 2.40492e-12 1.00227e-11 3.08326e-11 7.7739e-11 1.6829e-10 3.20771e-10 5.46829e-10 8.42816e-10 1.18407e-09 1.52613e-09 1.81426e-09 1.99834e-09 2.04756e-09 1.959e-09 1.75715e-09 1.48533e-09 1.19274e-09 9.22225e-10 7.02061e-10 5.43176e-10 4.40957e-10 3.79927e-10 3.39798e-10 3.01957e-10 2.55172e-10 1.98399e-10 1.38877e-10 8.63677e-11 4.73694e-11 2.28304e-11 9.65482e-12 3.5784e-12 1.15901e-12 3.25564e-13 7.79172e-14 1.52634e-14 2.21512e-15 1.70599e-16 0 
0 0 0 0 0 0 0 0 0 0 0 0 0 0 0 0 0 0 0 0 0 0 0 0 0 0 0 0 0 0 0 0 0 0 0 0 0 0 0 0 0 
