0 0 0 0 0 0 0 0 0 0 0 0 0 0 0 0 0 0 0 0 0 0 0 0 0 0 0 0 0 0 0 0 0 0 0 0 0 0 0 0 0 
0 1.95368e-07 1.71665e-06 7.35358e-06 2.1257e-05 4.62735e-05 8.10925e-05 0.00012069 0.00015939 0.000193227 0.000220348 0.000240351 0.000253522 0.00026035 0.000261309 0.000256783 0.000247069 0.000232423 0.000213133 0.000189651 0.000162744 0.000133638 0.000104051 7.60351e-05 5.15924e-05 3.21707e-05 1.82688e-05 9.38374e-06 4.34211e-06 1.80756e-06 6.77383e-07 2.2888e-07 6.98198e-08 1.92234e-08 4.7608e-09 1.05098e-09 2.02777e-10 3.2778e-11 4.00891e-12 2.65176e-13 0 
0 1.71665e-06 1.52749e-05 6.30463e-05 0.000165093 0.000309392 0.00045672 0.000577961 0.000668249 0.000734682 0.000784384 0.000821044 0.000845777 0.00085868 0.000859881 0.000849985 0.000830111 0.000801618 0.00076564 0.000722489 0.00067115 0.000609247 0.000534013 0.000444515 0.000344437 0.00024327 0.000153674 8.56401e-05 4.18224e-05 1.7902e-05 6.7515e-06 2.25963e-06 6.75563e-07 1.81128e-07 4.35336e-08 9.31379e-09 1.7415e-09 2.73027e-10 3.24297e-11 2.08663e-12 0 
0 7.35358e-06 6.30463e-05 0.000230359 0.000493682 0.000742855 0.000923974 0.00106181 0.00118515 0.00130174 0.00140711 0.00149398 0.00155626 0.00159024 0.00159473 0.00157093 0.0015221 0.00145314 0.00137011 0.0012796 0.00118779 0.00109885 0.00101257 0.00092198 0.000813519 0.000673957 0.000504158 0.000328153 0.000181244 8.4282e-05 3.32422e-05 1.12935e-05 3.35846e-06 8.84652e-07 2.07482e-07 4.31783e-08 7.84523e-09 1.19553e-09 1.38176e-10 8.6638e-12 0 
0 2.1257e-05 0.000165093 0.000493682 0.000841765 0.00109548 0.00131445 0.00154517 0.001785 0.00201624 0.00222188 0.00238854 0.0025068 0.00257127 0.00258053 0.00253693 0.00244602 0.00231596 0.00215668 0.00197916 0.0017948 0.00161486 0.00144963 0.00130613 0.00118292 0.00106303 0.000913992 0.000709798 0.00046833 0.000251924 0.000109529 3.91799e-05 1.18571e-05 3.1109e-06 7.18022e-07 1.46162e-07 2.59109e-08 3.85034e-09 4.34183e-10 2.65923e-11 0 
0 4.62735e-05 0.000309392 0.000742855 0.00109548 0.00140559 0.00175513 0.00213847 0.00252697 0.00289391 0.00321661 0.00347669 0.00366078 0.00376117 0.00377594 0.00370871 0.00356794 0.00336582 0.0031171 0.00283778 0.00254397 0.00225105 0.00197321 0.00172346 0.00151266 0.00134451 0.00120322 0.00104309 0.000812336 0.000522054 0.000262559 0.000103126 3.26832e-05 8.69243e-06 1.99565e-06 4.00139e-07 6.95524e-08 1.01173e-08 1.1167e-09 6.69936e-11 0 
0 8.10925e-05 0.00045672 0.000923974 0.00131445 0.00175513 0.00226783 0.00281695 0.00336598 0.00388153 0.00433369 0.00469759 0.00495501 0.0050954 0.00511617 0.00502236 0.00482571 0.00454311 0.00419486 0.0038029 0.00338908 0.00297384 0.00257525 0.00220877 0.00188777 0.0016237 0.00142125 0.00126095 0.00108068 0.00081113 0.000481034 0.000214629 7.33323e-05 2.01545e-05 4.65746e-06 9.26838e-07 1.58815e-07 2.27087e-08 2.46184e-09 1.45104e-10 0 
0 0.00012069 0.000577961 0.00106181 0.00154517 0.00213847 0.00281695 0.00353574 0.00425155 0.00492254 0.00551053 0.00598404 0.00632066 0.00650615 0.00653385 0.00640933 0.00615085 0.00578215 0.00532892 0.00481866 0.00427924 0.00373669 0.00321373 0.002729 0.00229726 0.00193061 0.00163927 0.00142445 0.00125262 0.00103642 0.000711597 0.000365521 0.000137629 3.97798e-05 9.35941e-06 1.86237e-06 3.16257e-07 4.46365e-08 4.76948e-09 2.77031e-10 0 
0 0.00015939 0.000668249 0.00118515 0.001785 0.00252697 0.00336598 0.00425155 0.00513225 0.00595742 0.00668297 0.0072816 0.00773572 0.00800425 0.00804708 0.00786551 0.00750371 0.00702189 0.00645551 0.0058264 0.00516241 0.00449398 0.00384852 0.00324825 0.00270999 0.00224604 0.00186626 0.00157825 0.0013723 0.00118394 0.000903466 0.000528983 0.000221514 6.81641e-05 1.64815e-05 3.30046e-06 5.58079e-07 7.80486e-08 8.24702e-09 4.73447e-10 0 
0 0.000193227 0.000734682 0.00130174 0.00201624 0.00289391 0.00388153 0.00492254 0.00595742 0.00693061 0.00781474 0.00860563 0.00919598 0.00950207 0.00954791 0.00935151 0.00890594 0.00825568 0.0075266 0.00676991 0.00598728 0.00520127 0.0044417 0.00373418 0.00309776 0.00254548 0.0020863 0.0017278 0.00147112 0.00127847 0.00103967 0.000676649 0.000313689 0.000103243 2.58002e-05 5.22378e-06 8.82896e-07 1.22754e-07 1.28651e-08 7.31964e-10 0 
0 0.000220348 0.000784384 0.00140711 0.00222188 0.00321661 0.00433369 0.00551053 0.00668297 0.00781474 0.00891185 0.00977147 0.0102531 0.010474 0.0105054 0.0103628 0.0100214 0.00941184 0.00853641 0.0076103 0.00670838 0.005818 0.00495891 0.00415808 0.00343657 0.00280833 0.00228184 0.00186332 0.001557 0.00134293 0.00112804 0.000792506 0.00040077 0.000140614 3.63616e-05 7.46152e-06 1.26384e-06 1.75153e-07 1.8254e-08 1.0318e-09 0 
0 0.000240351 0.000821044 0.00149398 0.00238854 0.00347669 0.00469759 0.00598404 0.0072816 0.00860563 0.00977147 0.0104616 0.0108323 0.0110071 0.0110312 0.010915 0.010644 0.0101686 0.00938475 0.00833143 0.00729311 0.00631085 0.00537159 0.00449624 0.00370692 0.00301841 0.00243902 0.00197372 0.00162687 0.00138809 0.00118214 0.000873462 0.000472312 0.000174939 4.66653e-05 9.70512e-06 1.64964e-06 2.28321e-07 2.3712e-08 1.33444e-09 0 
0 0.000253522 0.000845777 0.00155626 0.0025068 0.00366078 0.00495501 0.00632066 0.00773572 0.00919598 0.0102531 0.0108323 0.0111537 0.0113077 0.0113281 0.0112234 0.010983 0.010571 0.0099012 0.00887264 0.00771879 0.00665609 0.00565893 0.00473137 0.00389468 0.00316417 0.00254811 0.00205065 0.00167547 0.00141678 0.00121211 0.000923087 0.000522586 0.000201484 5.50735e-05 1.15838e-05 1.97628e-06 2.73514e-07 2.83545e-08 1.59167e-09 0 
0 0.00026035 0.00085868 0.00159024 0.00257127 0.00376117 0.0050954 0.00650615 0.00800425 0.00950207 0.010474 0.0110071 0.0113077 0.0114524 0.0114707 0.0113702 0.011142 0.0107554 0.0101368 0.00915993 0.00795622 0.0068389 0.005809 0.00485352 0.00399166 0.00323891 0.0026035 0.0020891 0.00169884 0.00142879 0.0012236 0.000946231 0.000549668 0.000217067 6.02512e-05 1.27701e-05 2.18524e-06 3.02639e-07 3.13605e-08 1.7588e-09 0 
0 0.000261309 0.000859881 0.00159473 0.00258053 0.00377594 0.00511617 0.00653385 0.00804708 0.00954791 0.0105054 0.0110312 0.0113281 0.0114707 0.0114878 0.0113868 0.0111591 0.0107747 0.0101619 0.00919253 0.00798056 0.00685337 0.00581903 0.00486034 0.00399579 0.00324077 0.00260342 0.00208723 0.00169514 0.00142357 0.0012192 0.000946491 0.000553787 0.000220307 6.14767e-05 1.30717e-05 2.24099e-06 3.10704e-07 3.222e-08 1.808e-09 0 
0 0.000256783 0.000849985 0.00157093 0.00253693 0.00370871 0.00502236 0.00640933 0.00786551 0.00935151 0.0103628 0.010915 0.0112234 0.0113702 0.0113868 0.0112812 0.0110435 0.0106407 0.00999359 0.0089836 0.00779586 0.00670612 0.00569508 0.00475665 0.00391069 0.00317235 0.00254957 0.00204594 0.00166456 0.00140106 0.00119958 0.000925557 0.000536171 0.000211501 5.87579e-05 1.2479e-05 2.14077e-06 2.97252e-07 3.08821e-08 1.73636e-09 0 
0 0.000247069 0.000830111 0.0015221 0.00244602 0.00356794 0.00482571 0.00615085 0.00750371 0.00890594 0.0100214 0.010644 0.010983 0.011142 0.0111591 0.0110435 0.0107828 0.0103355 0.00960579 0.00854289 0.00743692 0.0064161 0.0054509 0.00455336 0.00374485 0.00303994 0.00244641 0.0019682 0.00160876 0.00136146 0.00116381 0.000883369 0.0004987 0.000192382 5.27744e-05 1.11562e-05 1.91366e-06 2.66279e-07 2.77502e-08 1.56577e-09 0 
0 0.000232423 0.000801618 0.00145314 0.00231596 0.00336582 0.00454311 0.00578215 0.00702189 0.00825568 0.00941184 0.0101686 0.010571 0.0107554 0.0107747 0.0106407 0.0103355 0.00980101 0.00895134 0.00792977 0.0069502 0.00600856 0.0051059 0.00426606 0.0035103 0.00285245 0.0023002 0.00185807 0.00152978 0.00130418 0.00110898 0.00081877 0.000444258 0.000165865 4.46876e-05 9.38637e-06 1.61027e-06 2.248e-07 2.35381e-08 1.33517e-09 0 
0 0.000213133 0.00076564 0.00137011 0.00215668 0.0031171 0.00419486 0.00532892 0.00645551 0.0075266 0.00853641 0.00938475 0.0099012 0.0101368 0.0101619 0.00999359 0.00960579 0.00895134 0.00810501 0.00723596 0.00637029 0.00551099 0.00468312 0.00391317 0.00322114 0.0026201 0.00211778 0.00171951 0.00142848 0.00122602 0.00102964 0.000730902 0.000377452 0.000135723 3.58738e-05 7.49322e-06 1.28782e-06 1.80743e-07 1.9055e-08 1.08892e-09 0 
0 0.000189651 0.000722489 0.0012796 0.00197916 0.00283778 0.0038029 0.00481866 0.0058264 0.00676991 0.0076103 0.00833143 0.00887264 0.00915993 0.00919253 0.0089836 0.00854289 0.00792977 0.00723596 0.00649567 0.00572522 0.00495243 0.00420716 0.00351425 0.00289211 0.00235309 0.00190525 0.00155462 0.00130199 0.00111895 0.000918623 0.00062176 0.000305194 0.000106079 2.76395e-05 5.76567e-06 9.96213e-07 1.40976e-07 1.50025e-08 8.65605e-10 0 
0 0.000162744 0.00067115 0.00118779 0.0017948 0.00254397 0.00338908 0.00427924 0.00516241 0.00598728 0.00670838 0.00729311 0.00771879 0.00795622 0.00798056 0.00779586 0.00743692 0.0069502 0.00637029 0.00572522 0.0050455 0.00436205 0.00370228 0.00308841 0.00253719 0.00206042 0.0016665 0.00136121 0.00114076 0.000969906 0.000771347 0.000499521 0.000236407 8.07089e-05 2.09827e-05 4.40548e-06 7.68932e-07 1.10038e-07 1.1841e-08 6.90449e-10 0 
0 0.000133638 0.000609247 0.00109885 0.00161486 0.00225105 0.00297384 0.00373669 0.00449398 0.00520127 0.005818 0.00631085 0.00665609 0.0068389 0.00685337 0.00670612 0.0064161 0.00600856 0.00551099 0.00495243 0.00436205 0.00376699 0.0031909 0.00265317 0.00216885 0.0017492 0.00140234 0.00113195 0.000931028 0.000770172 0.000595788 0.00038004 0.000180162 6.22913e-05 1.64549e-05 3.50708e-06 6.20087e-07 8.97108e-08 9.7429e-09 5.72523e-10 0 
0 0.000104051 0.000534013 0.00101257 0.00144963 0.00197321 0.00257525 0.00321373 0.00384852 0.0044417 0.00495891 0.00537159 0.00565893 0.005809 0.00581903 0.00569508 0.0054509 0.0051059 0.00468312 0.00420716 0.00370228 0.0031909 0.00269264 0.0022239 0.00179823 0.00142691 0.00111802 0.000873571 0.000687907 0.00054704 0.000422051 0.000281396 0.000142088 5.17639e-05 1.41257e-05 3.06251e-06 5.45858e-07 7.92343e-08 8.6124e-09 5.05813e-10 0 
0 7.60351e-05 0.000444515 0.00092198 0.00130613 0.00172346 0.00220877 0.002729 0.00324825 0.00373418 0.00415808 0.00449624 0.00473137 0.00485352 0.00486034 0.00475665 0.00455336 0.00426606 0.00391317 0.00351425 0.00308841 0.00265317 0.0022239 0.0018144 0.0014398 0.00112084 0.000877471 0.000702459 0.000557191 0.000420269 0.00030659 0.000213746 0.000120572 4.79008e-05 1.36017e-05 2.97534e-06 5.27588e-07 7.58025e-08 8.14514e-09 4.7295e-10 0 
0 5.15924e-05 0.000344437 0.000813519 0.00118292 0.00151266 0.00188777 0.00229726 0.00270999 0.00309776 0.00343657 0.00370692 0.00389468 0.00399166 0.00399579 0.00391069 0.00374485 0.0035103 0.00322114 0.00289211 0.00253719 0.00216885 0.00179823 0.0014398 0.00112882 0.000940256 0.000930232 0.00100634 0.000956816 0.000703008 0.000399927 0.000206963 0.000111187 4.77181e-05 1.40879e-05 3.07522e-06 5.35321e-07 7.52397e-08 7.91557e-09 4.50893e-10 0 
0 3.21707e-05 0.00024327 0.000673957 0.00106303 0.00134451 0.0016237 0.00193061 0.00224604 0.00254548 0.00280833 0.00301841 0.00316417 0.00323891 0.00324077 0.00317235 0.00303994 0.00285245 0.0026201 0.00235309 0.00206042 0.0017492 0.00142691 0.00112084 0.000940256 0.00110438 0.00174104 0.00260186 0.00303152 0.00197857 0.00100676 0.000372878 0.00012896 4.93156e-05 1.46481e-05 3.15141e-06 5.34103e-07 7.30564e-08 7.50091e-09 4.18301e-10 0 
0 1.82688e-05 0.000153674 0.000504158 0.000913992 0.00120322 0.00142125 0.00163927 0.00186626 0.0020863 0.00228184 0.00243902 0.00254811 0.0026035 0.00260342 0.00254957 0.00244641 0.0023002 0.00211778 0.00190525 0.0016665 0.00140234 0.00111802 0.000877471 0.000930232 0.00174104 0.00374419 0.00678113 0.00720587 0.00543511 0.0023238 0.000786477 0.000200152 5.41893e-05 1.46283e-05 3.02365e-06 4.95763e-07 6.60235e-08 6.63234e-09 3.63155e-10 0 
0 9.38374e-06 8.56401e-05 0.000328153 0.000709798 0.00104309 0.00126095 0.00142445 0.00157825 0.0017278 0.00186332 0.00197372 0.00205065 0.0020891 0.00208723 0.00204594 0.0019682 0.00185807 0.00171951 0.00155462 0.00136121 0.00113195 0.000873571 0.000702459 0.00100634 0.00260186 0.00678113 0.00789008 0.00803183 0.00751191 0.00457999 0.0012606 0.000291375 6.03716e-05 1.36198e-05 2.61283e-06 4.12015e-07 5.36458e-08 5.30662e-09 2.87092e-10 0 
0 4.34211e-06 4.18224e-05 0.000181244 0.00046833 0.000812336 0.00108068 0.00125262 0.0013723 0.00147112 0.001557 0.00162687 0.00167547 0.00169884 0.00169514 0.00166456 0.00160876 0.00152978 0.00142848 0.00130199 0.00114076 0.000931028 0.000687907 0.000557191 0.000956816 0.00303152 0.00720587 0.00803183 0.00814225 0.00772223 0.00546092 0.00138926 0.000312688 5.78805e-05 1.11914e-05 1.96664e-06 2.98604e-07 3.8323e-08 3.76728e-09 2.03056e-10 0 
0 1.80756e-06 1.7902e-05 8.4282e-05 0.000251924 0.000522054 0.00081113 0.00103642 0.00118394 0.00127847 0.00134293 0.00138809 0.00141678 0.00142879 0.00142357 0.00140106 0.00136146 0.00130418 0.00122602 0.00111895 0.000969906 0.000770172 0.00054704 0.000420269 0.000703008 0.00197857 0.00543511 0.00751191 0.00772223 0.00706287 0.00332175 0.00102856 0.000231778 4.23165e-05 7.56488e-06 1.24716e-06 1.85247e-07 2.37459e-08 2.34535e-09 1.27121e-10 0 
0 6.77383e-07 6.7515e-06 3.32422e-05 0.000109529 0.000262559 0.000481034 0.000711597 0.000903466 0.00103967 0.00112804 0.00118214 0.00121211 0.0012236 0.0012192 0.00119958 0.00116381 0.00110898 0.00102964 0.000918623 0.000771347 0.000595788 0.000422051 0.00030659 0.000399927 0.00100676 0.0023238 0.00457999 0.00546092 0.00332175 0.00154415 0.000511022 0.000118465 2.27481e-05 4.0142e-06 6.51057e-07 9.73697e-08 1.26781e-08 1.27281e-09 7.00245e-11 0 
0 2.2888e-07 2.25963e-06 1.12935e-05 3.91799e-05 0.000103126 0.000214629 0.000365521 0.000528983 0.000676649 0.000792506 0.000873462 0.000923087 0.000946231 0.000946491 0.000925557 0.000883369 0.00081877 0.000730902 0.00062176 0.000499521 0.00038004 0.000281396 0.000213746 0.000206963 0.000372878 0.000786477 0.0012606 0.00138926 0.00102856 0.000511022 0.000173225 4.34956e-05 9.08387e-06 1.66034e-06 2.79141e-07 4.33513e-08 5.82701e-09 6.00973e-10 3.38473e-11 0 
0 6.98198e-08 6.75563e-07 3.35846e-06 1.18571e-05 3.26832e-05 7.33323e-05 0.000137629 0.000221514 0.000313689 0.00040077 0.000472312 0.000522586 0.000549668 0.000553787 0.000536171 0.0004987 0.000444258 0.000377452 0.000305194 0.000236407 0.000180162 0.000142088 0.000120572 0.000111187 0.00012896 0.000200152 0.000291375 0.000312688 0.000231778 0.000118465 4.34956e-05 1.22426e-05 2.78959e-06 5.51247e-07 1.00033e-07 1.64726e-08 2.31179e-09 2.46986e-10 1.43419e-11 0 
0 1.92234e-08 1.81128e-07 8.84652e-07 3.1109e-06 8.69243e-06 2.01545e-05 3.97798e-05 6.81641e-05 0.000103243 0.000140614 0.000174939 0.000201484 0.000217067 0.000220307 0.000211501 0.000192382 0.000165865 0.000135723 0.000106079 8.07089e-05 6.22913e-05 5.17639e-05 4.79008e-05 4.77181e-05 4.93156e-05 5.41893e-05 6.03716e-05 5.78805e-05 4.23165e-05 2.27481e-05 9.08387e-06 2.78959e-06 7.00608e-07 1.54284e-07 3.06822e-08 5.39172e-09 7.94494e-10 8.84284e-11 5.32259e-12 0 
0 4.7608e-09 4.35336e-08 2.07482e-07 7.18022e-07 1.99565e-06 4.65746e-06 9.35941e-06 1.64815e-05 2.58002e-05 3.63616e-05 4.66653e-05 5.50735e-05 6.02512e-05 6.14767e-05 5.87579e-05 5.27744e-05 4.46876e-05 3.58738e-05 2.76395e-05 2.09827e-05 1.64549e-05 1.41257e-05 1.36017e-05 1.40879e-05 1.46481e-05 1.46283e-05 1.36198e-05 1.11914e-05 7.56488e-06 4.0142e-06 1.66034e-06 5.51247e-07 1.54284e-07 3.78161e-08 8.17355e-09 1.5281e-09 2.36841e-10 2.75544e-11 1.72545e-12 0 
0 1.05098e-09 9.31379e-09 4.31783e-08 1.46162e-07 4.00139e-07 9.26838e-07 1.86237e-06 3.30046e-06 5.22378e-06 7.46152e-06 9.70512e-06 1.15838e-05 1.27701e-05 1.30717e-05 1.2479e-05 1.11562e-05 9.38637e-06 7.49322e-06 5.76567e-06 4.40548e-06 3.50708e-06 3.06251e-06 2.97534e-06 3.07522e-06 3.15141e-06 3.02365e-06 2.61283e-06 1.96664e-06 1.24716e-06 6.51057e-07 2.79141e-07 1.00033e-07 3.06822e-08 8.17355e-09 1.89071e-09 3.74156e-10 6.09907e-11 7.42842e-12 4.84937e-13 0 
0 2.02777e-10 1.7415e-09 7.84523e-09 2.59109e-08 6.95524e-08 1.58815e-07 3.16257e-07 5.58079e-07 8.82896e-07 1.26384e-06 1.64964e-06 1.97628e-06 2.18524e-06 2.24099e-06 2.14077e-06 1.91366e-06 1.61027e-06 1.28782e-06 9.96213e-07 7.68932e-07 6.20087e-07 5.45858e-07 5.27588e-07 5.35321e-07 5.34103e-07 4.95763e-07 4.12015e-07 2.98604e-07 1.85247e-07 9.73697e-08 4.33513e-08 1.64726e-08 5.39172e-09 1.5281e-09 3.74156e-10 7.80541e-11 1.33672e-11 1.70458e-12 1.16095e-13 0 
0 3.2778e-11 2.73027e-10 1.19553e-09 3.85034e-09 1.01173e-08 2.27087e-08 4.46365e-08 7.80486e-08 1.22754e-07 1.75153e-07 2.28321e-07 2.73514e-07 3.02639e-07 3.10704e-07 2.97252e-07 2.66279e-07 2.248e-07 1.80743e-07 1.40976e-07 1.10038e-07 8.97108e-08 7.92343e-08 7.58025e-08 7.52397e-08 7.30564e-08 6.60235e-08 5.36458e-08 3.8323e-08 2.37459e-08 1.26781e-08 5.82701e-09 2.31179e-09 7.94494e-10 2.36841e-10 6.09907e-11 1.33672e-11 2.40047e-12 3.20184e-13 2.2745e-14 0 
0 4.00891e-12 3.24297e-11 1.38176e-10 4.34183e-10 1.1167e-09 2.46184e-09 4.76948e-09 8.24702e-09 1.28651e-08 1.8254e-08 2.3712e-08 2.83545e-08 3.13605e-08 3.222e-08 3.08821e-08 2.77502e-08 2.35381e-08 1.9055e-08 1.50025e-08 1.1841e-08 9.7429e-09 8.6124e-09 8.14514e-09 7.91557e-09 7.50091e-09 6.63234e-09 5.30662e-09 3.76728e-09 2.34535e-09 1.27281e-09 6.00973e-10 2.46986e-10 8.84284e-11 2.75544e-11 7.42842e-12 1.70458e-12 3.20184e-13 4.4595e-14 3.30081e-15 0 
0 2.65176e-13 2.08663e-12 8.6638e-12 2.65923e-11 6.69936e-11 1.45104e-10 2.77031e-10 4.73447e-10 7.31964e-10 1.0318e-09 1.33444e-09 1.59167e-09 1.7588e-09 1.808e-09 1.73636e-09 1.56577e-09 1.33517e-09 1.08892e-09 8.65605e-10 6.90449e-10 5.72523e-10 5.05813e-10 4.7295e-10 4.50893e-10 4.18301e-10 3.63155e-10 2.87092e-10 2.03056e-10 1.27121e-10 7.00245e-11 3.38473e-11 1.43419e-11 5.32259e-12 1.72545e-12 4.84937e-13 1.16095e-13 2.2745e-14 3.30081e-15 2.54182e-16 0 
0 0 0 0 0 0 0 0 0 0 0 0 0 0 0 0 0 0 0 0 0 0 0 0 0 0 0 0 0 0 0 0 0 0 0 0 0 0 0 0 0 
