0 0 0 0 0 0 0 0 0 0 0 0 0 0 0 0 0 0 0 0 0 0 0 0 0 0 0 0 0 0 0 0 0 0 0 0 0 0 0 0 0 
0 1.34602e-07 1.15685e-06 4.74513e-06 1.28675e-05 2.59308e-05 4.1938e-05 5.79184e-05 7.172e-05 8.25171e-05 9.0383e-05 9.57452e-05 9.90562e-05 0.000100666 0.000100803 9.95882e-05 9.70579e-05 9.31771e-05 8.78619e-05 8.10209e-05 7.26236e-05 6.27917e-05 5.18849e-05 4.05377e-05 2.95988e-05 1.9954e-05 1.22778e-05 6.82773e-06 3.40742e-06 1.52018e-06 6.05741e-07 2.15793e-07 6.88334e-08 1.96678e-08 5.02127e-09 1.13618e-09 2.23616e-10 3.67258e-11 4.54901e-12 3.03951e-13 0 
0 1.15685e-06 9.91923e-06 3.7956e-05 8.89328e-05 0.000146757 0.000192208 0.000220757 0.000237948 0.000249683 0.000258926 0.000266381 0.000271768 0.000274643 0.000274774 0.000272262 0.000267513 0.000261139 0.000253778 0.000245837 0.000237164 0.000226735 0.000212592 0.000192321 0.0001643 0.00012936 9.16357e-05 5.72341e-05 3.11047e-05 1.46378e-05 5.98017e-06 2.13605e-06 6.72489e-07 1.87755e-07 4.65701e-08 1.02095e-08 1.94526e-09 3.09428e-10 3.71665e-11 2.41216e-12 0 
0 4.74513e-06 3.7956e-05 0.000121465 0.000219332 0.00028214 0.000315389 0.000342498 0.000372958 0.000405741 0.000437023 0.000463377 0.000482436 0.000492868 0.000494241 0.000486915 0.000471917 0.000450838 0.000425717 0.000398944 0.000373108 0.000350658 0.000333139 0.000319847 0.00030627 0.000283891 0.000243873 0.00018506 0.000119171 6.36873e-05 2.81958e-05 1.04784e-05 3.33114e-06 9.21177e-07 2.23797e-07 4.77806e-08 8.84492e-09 1.36641e-09 1.59521e-10 1.00772e-11 0 
0 1.28675e-05 8.89328e-05 0.000219332 0.000309091 0.000358867 0.000412652 0.000479876 0.000553166 0.000624584 0.000688236 0.000739849 0.000776476 0.000796443 0.000799313 0.000785806 0.00075765 0.000717368 0.000668043 0.000613101 0.000556152 0.000500952 0.000451467 0.000411721 0.000384621 0.000368775 0.000354021 0.000321147 0.000254994 0.000165629 8.50253e-05 3.46288e-05 1.15025e-05 3.21648e-06 7.74956e-07 1.62391e-07 2.93618e-08 4.42286e-09 5.03486e-10 3.10444e-11 0 
0 2.59308e-05 0.000146757 0.00028214 0.000358867 0.00043917 0.000544122 0.000662431 0.000782724 0.00089638 0.000996335 0.00107689 0.00113392 0.00116501 0.00116959 0.00114876 0.00110516 0.00104255 0.000965511 0.000878994 0.00078799 0.000697275 0.000611326 0.000534536 0.000471646 0.000427475 0.000403598 0.000390331 0.000360688 0.000286628 0.000178605 8.39867e-05 3.0345e-05 8.80507e-06 2.13682e-06 4.43727e-07 7.8871e-08 1.16396e-08 1.29695e-09 7.83056e-11 0 
0 4.1938e-05 0.000192208 0.000315389 0.000412652 0.000544122 0.000702477 0.000872541 0.0010426 0.00120229 0.00134235 0.00145508 0.00153491 0.00157858 0.00158507 0.00155585 0.0014948 0.00140722 0.00129935 0.00117794 0.00104976 0.000921138 0.000797679 0.000684201 0.000585068 0.000505015 0.000449549 0.000421214 0.000407758 0.000372168 0.000279952 0.000156661 6.38136e-05 1.97339e-05 4.90561e-06 1.02003e-06 1.79471e-07 2.60809e-08 2.85607e-09 1.69433e-10 0 
0 5.79184e-05 0.000220757 0.000342498 0.000479876 0.000662431 0.000872541 0.00109518 0.0013169 0.00152475 0.00170724 0.00185823 0.00198084 0.00206183 0.00207617 0.0020207 0.00191752 0.00179289 0.00165078 0.00149257 0.00132548 0.00115743 0.000995443 0.0008453 0.000711598 0.000598314 0.000510068 0.000452689 0.000427095 0.000411649 0.000355701 0.00023588 0.000110517 3.7225e-05 9.62648e-06 2.02424e-06 3.549e-07 5.10364e-08 5.51471e-09 3.22547e-10 0 
0 7.172e-05 0.000237948 0.000372958 0.000553166 0.000782724 0.0010426 0.0013169 0.00158972 0.00184628 0.00209142 0.00235939 0.00256666 0.00266597 0.00268138 0.00262205 0.00247291 0.00224044 0.00200879 0.00180527 0.00159906 0.001392 0.00119207 0.00100614 0.000839413 0.000695747 0.000578603 0.000492854 0.000444123 0.000426109 0.000397599 0.000302742 0.000163054 6.0527e-05 1.64683e-05 3.53029e-06 6.20284e-07 8.86587e-08 9.48756e-09 5.48853e-10 0 
0 8.25171e-05 0.000249683 0.000405741 0.000624584 0.00089638 0.00120229 0.00152475 0.00184628 0.00217766 0.00257316 0.00281948 0.00293311 0.00298435 0.00299237 0.00296089 0.00288295 0.00273123 0.00243998 0.00211134 0.00185522 0.00161109 0.0013758 0.00115665 0.000959523 0.000788461 0.000646353 0.0005366 0.000464928 0.000433335 0.000415966 0.000348905 0.000212274 8.68342e-05 2.49869e-05 5.48849e-06 9.70473e-07 1.3836e-07 1.47098e-08 8.4409e-10 0 
0 9.0383e-05 0.000258926 0.000437023 0.000688236 0.000996335 0.00134235 0.00170724 0.00209142 0.00257316 0.00288183 0.00302616 0.00310391 0.00314126 0.00314714 0.00312363 0.0030677 0.00296862 0.00279634 0.00246184 0.00208885 0.0018025 0.00153601 0.00128795 0.00106447 0.000869871 0.000706829 0.000577712 0.000487053 0.000439982 0.00042266 0.000376303 0.000251964 0.000112416 3.41607e-05 7.70027e-06 1.37339e-06 1.95803e-07 2.07341e-08 1.18308e-09 0 
0 9.57452e-05 0.000266381 0.000463377 0.000739849 0.00107689 0.00145508 0.00185823 0.00235939 0.00281948 0.00302616 0.00313829 0.00320256 0.00323422 0.00323916 0.00321891 0.00317163 0.00309091 0.00296042 0.00273165 0.00232118 0.00195843 0.00166391 0.0013927 0.00114821 0.000934942 0.00075549 0.000611611 0.000506674 0.000446478 0.000424589 0.000390623 0.000280102 0.000133992 4.2683e-05 9.85367e-06 1.7735e-06 2.53218e-07 2.67582e-08 1.52131e-09 0 
0 9.90562e-05 0.000271768 0.000482436 0.000776476 0.00113392 0.00153491 0.00198084 0.00256666 0.00293311 0.00310391 0.00320256 0.0032606 0.00328947 0.00329388 0.00327512 0.00323181 0.00315913 0.00304544 0.00285988 0.00250888 0.00207726 0.00175322 0.00146553 0.00120637 0.000980092 0.000789276 0.000635329 0.000520815 0.000451362 0.000424509 0.000396883 0.000297395 0.000149461 4.93296e-05 1.16053e-05 2.10519e-06 3.01182e-07 3.18031e-08 1.80459e-09 0 
0 0.000100666 0.000274643 0.000492868 0.000796443 0.00116501 0.00157858 0.00206183 0.00266597 0.00298435 0.00314126 0.00323422 0.00328947 0.00331702 0.00332108 0.00330286 0.00326114 0.00319172 0.00308467 0.0029149 0.00260328 0.00214907 0.0018002 0.00150337 0.0012364 0.00100324 0.000806429 0.000647196 0.000527667 0.000453193 0.000423104 0.000398216 0.000305424 0.000157876 5.32267e-05 1.2672e-05 2.31104e-06 3.31242e-07 3.49823e-08 1.98373e-09 0 
0 0.000100803 0.000274774 0.000494241 0.000799313 0.00116959 0.00158507 0.00207617 0.00268138 0.00299237 0.00314714 0.00323916 0.00329388 0.00332108 0.00332491 0.00330653 0.00326477 0.0031955 0.00308903 0.00292105 0.00261492 0.00215738 0.00180345 0.00150548 0.00123768 0.00100382 0.000806403 0.000646609 0.000526437 0.000451117 0.000420326 0.000396091 0.000305492 0.000159084 5.39655e-05 1.28987e-05 2.35765e-06 3.38348e-07 3.57593e-08 2.02877e-09 0 
0 9.95882e-05 0.000272262 0.000486915 0.000785806 0.00114876 0.00155585 0.0020207 0.00262205 0.00296089 0.00312363 0.00321891 0.00327512 0.00330286 0.00330653 0.00328737 0.00324407 0.00317213 0.00306085 0.00288263 0.00255056 0.00210084 0.00176465 0.00147336 0.00121133 0.000982625 0.000789725 0.000633839 0.00051713 0.000444889 0.000415927 0.000390738 0.000298194 0.000153403 5.16017e-05 1.22859e-05 2.24361e-06 3.22171e-07 3.4092e-08 1.93709e-09 0 
0 9.70579e-05 0.000267513 0.000471917 0.00075765 0.00110516 0.0014948 0.00191752 0.00247291 0.00288295 0.0030677 0.00317163 0.00323181 0.00326114 0.00326477 0.00324407 0.00319743 0.00311932 0.00299616 0.00279035 0.00240225 0.00199613 0.0016886 0.00141039 0.00115996 0.000941612 0.000757776 0.00060981 0.000500306 0.000434654 0.000409433 0.000381318 0.000283428 0.000141492 4.65963e-05 1.09778e-05 1.99778e-06 2.86923e-07 3.04187e-08 1.73284e-09 0 
0 9.31771e-05 0.000261139 0.000450838 0.000717368 0.00104255 0.00140722 0.00179289 0.00224044 0.00273123 0.00296862 0.00309091 0.00315913 0.00319172 0.0031955 0.00317213 0.00311932 0.00302923 0.00288104 0.00260947 0.00218947 0.00186281 0.00158157 0.0013214 0.0010873 0.000883538 0.000712495 0.000575822 0.000476767 0.000420523 0.000399692 0.00036587 0.000260705 0.00012441 3.97273e-05 9.21958e-06 1.66967e-06 2.39889e-07 2.55035e-08 1.45842e-09 0 
0 8.78619e-05 0.000253778 0.000425717 0.000668043 0.000965511 0.00129935 0.00165078 0.00200879 0.00243998 0.00279634 0.00296042 0.00304544 0.00308467 0.00308903 0.00306085 0.00299616 0.00288104 0.00267374 0.00230703 0.00197818 0.0017072 0.00145058 0.00121209 0.000997739 0.00081157 0.000656014 0.000533187 0.000447074 0.000401781 0.000384027 0.000341283 0.000229779 0.000103755 3.19712e-05 7.29855e-06 1.31577e-06 1.89319e-07 2.02123e-08 1.16206e-09 0 
0 8.10209e-05 0.000245837 0.000398944 0.000613101 0.000878994 0.00117794 0.00149257 0.00180527 0.00211134 0.00246184 0.00273165 0.00285988 0.0029149 0.00292105 0.00288263 0.00279035 0.00260947 0.00230703 0.00201894 0.00177375 0.00153401 0.00130315 0.00108853 0.000895821 0.000728869 0.000590256 0.000482719 0.000410654 0.000375503 0.000357243 0.000303923 0.000191626 8.17302e-05 2.43495e-05 5.48256e-06 9.86309e-07 1.42428e-07 1.52995e-08 8.85859e-10 0 
0 7.26236e-05 0.000237164 0.000373108 0.000556152 0.00078799 0.00104976 0.00132548 0.00159906 0.00185522 0.00208885 0.00232118 0.00250888 0.00260328 0.00261492 0.00255056 0.00240225 0.00218947 0.00197818 0.00177375 0.00156284 0.00135113 0.00114677 0.000956626 0.000785887 0.000638235 0.000516508 0.000423941 0.00036422 0.000334804 0.000311824 0.000251886 0.000149496 6.09478e-05 1.77479e-05 3.97039e-06 7.15971e-07 1.04054e-07 1.12669e-08 6.57861e-10 0 
0 6.27917e-05 0.000226735 0.000350658 0.000500952 0.000697275 0.000921138 0.00115743 0.001392 0.00161109 0.0018025 0.00195843 0.00207726 0.00214907 0.00215738 0.00210084 0.00199613 0.00186281 0.0017072 0.00153401 0.00135113 0.00116681 0.000988372 0.000821811 0.000671802 0.000541908 0.000435105 0.00035421 0.000300801 0.000270302 0.000243095 0.000189156 0.000109132 4.38741e-05 1.27478e-05 2.86423e-06 5.2019e-07 7.62066e-08 8.31782e-09 4.89369e-10 0 
0 5.18849e-05 0.000212592 0.000333139 0.000451467 0.000611326 0.000797679 0.000995443 0.00119207 0.0013758 0.00153601 0.00166391 0.00175322 0.0018002 0.00180345 0.00176465 0.0016886 0.00158157 0.00145058 0.00130315 0.00114677 0.000988372 0.000834036 0.00068885 0.000557041 0.000442245 0.000347354 0.000273635 0.00022063 0.000186328 0.000162008 0.00012792 7.6769e-05 3.20045e-05 9.52161e-06 2.16787e-06 3.96618e-07 5.83651e-08 6.39049e-09 3.76883e-10 0 
0 4.05377e-05 0.000192321 0.000319847 0.000411721 0.000534536 0.000684201 0.0008453 0.00100614 0.00115665 0.00128795 0.0013927 0.00146553 0.00150337 0.00150548 0.00147336 0.00141039 0.0013214 0.00121209 0.00108853 0.000956626 0.000821811 0.00068885 0.000562037 0.000446113 0.000347507 0.00027227 0.000218185 0.00017362 0.000132889 0.00010284 8.22656e-05 5.50521e-05 2.51584e-05 7.82624e-06 1.8051e-06 3.29792e-07 4.8224e-08 5.2409e-09 3.06846e-10 0 
0 2.95988e-05 0.0001643 0.00030627 0.000384621 0.000471646 0.000585068 0.000711598 0.000839413 0.000959523 0.00106447 0.00114821 0.00120637 0.0012364 0.00123768 0.00121133 0.00115996 0.0010873 0.000997739 0.000895821 0.000785887 0.000671802 0.000557041 0.000446113 0.000349846 0.000291337 0.000288156 0.000311715 0.000296375 0.000217781 0.000124267 6.72988e-05 4.24073e-05 2.15703e-05 7.10449e-06 1.64873e-06 2.96907e-07 4.25845e-08 4.54196e-09 2.6148e-10 0 
0 1.9954e-05 0.00012936 0.000283891 0.000368775 0.000427475 0.000505015 0.000598314 0.000695747 0.000788461 0.000869871 0.000934942 0.000980092 0.00100324 0.00100382 0.000982625 0.000941612 0.000883538 0.00081157 0.000728869 0.000638235 0.000541908 0.000442245 0.000347507 0.000291337 0.000342082 0.000539286 0.000939623 0.00113464 0.00062818 0.000311843 0.000115672 4.24147e-05 1.95646e-05 6.71528e-06 1.55696e-06 2.73987e-07 3.82664e-08 3.98309e-09 2.24489e-10 0 
0 1.22778e-05 9.16357e-05 0.000243873 0.000354021 0.000403598 0.000449549 0.000510068 0.000578603 0.000646353 0.000706829 0.00075549 0.000789276 0.000806429 0.000806403 0.000789725 0.000757776 0.000712495 0.000656014 0.000590256 0.000516508 0.000435105 0.000347354 0.00027227 0.000288156 0.000539286 0.00134232 0.00203236 0.00208295 0.00184685 0.000734282 0.000243611 6.2503e-05 1.92472e-05 6.23002e-06 1.41764e-06 2.42692e-07 3.30033e-08 3.35717e-09 1.85561e-10 0 
0 6.82773e-06 5.72341e-05 0.00018506 0.000321147 0.000390331 0.000421214 0.000452689 0.000492854 0.0005366 0.000577712 0.000611611 0.000635329 0.000647196 0.000646609 0.000633839 0.00060981 0.000575822 0.000533187 0.000482719 0.000423941 0.00035421 0.000273635 0.000218185 0.000311715 0.000939623 0.00203236 0.00222941 0.00225203 0.00214854 0.00160845 0.000391215 9.03671e-05 2.01067e-05 5.47855e-06 1.18264e-06 1.96141e-07 2.60882e-08 2.6098e-09 1.42324e-10 0 
0 3.40742e-06 3.11047e-05 0.000119171 0.000254994 0.000360688 0.000407758 0.000427095 0.000444123 0.000464928 0.000487053 0.000506674 0.000520815 0.000527667 0.000526437 0.00051713 0.000500306 0.000476767 0.000447074 0.000410654 0.00036422 0.000300801 0.00022063 0.00017362 0.000296375 0.00113464 0.00208295 0.00225203 0.00227524 0.00219255 0.00184253 0.000447923 9.69172e-05 1.88843e-05 4.3571e-06 8.70883e-07 1.39832e-07 1.83367e-08 1.82065e-09 9.87896e-11 0 
0 1.52018e-06 1.46378e-05 6.36873e-05 0.000165629 0.000286628 0.000372168 0.000411649 0.000426109 0.000433335 0.000439982 0.000446478 0.000451362 0.000453193 0.000451117 0.000444889 0.000434654 0.000420523 0.000401781 0.000375503 0.000334804 0.000270302 0.000186328 0.000132889 0.000217781 0.00062818 0.00184685 0.00214854 0.00219255 0.00205338 0.00118429 0.000318594 7.18992e-05 1.39113e-05 2.93461e-06 5.47918e-07 8.60341e-08 1.12551e-08 1.12131e-09 6.11125e-11 0 
0 6.05741e-07 5.98017e-06 2.81958e-05 8.50253e-05 0.000178605 0.000279952 0.000355701 0.000397599 0.000415966 0.00042266 0.000424589 0.000424509 0.000423104 0.000420326 0.000415927 0.000409433 0.000399692 0.000384027 0.000357243 0.000311824 0.000243095 0.000162008 0.00010284 0.000124267 0.000311843 0.000734282 0.00160845 0.00184253 0.00118429 0.000478296 0.000158294 3.69867e-05 7.73973e-06 1.59197e-06 2.87565e-07 4.51301e-08 5.97808e-09 6.04428e-10 3.34031e-11 0 
0 2.15793e-07 2.13605e-06 1.04784e-05 3.46288e-05 8.39867e-05 0.000156661 0.00023588 0.000302742 0.000348905 0.000376303 0.000390623 0.000396883 0.000398216 0.000396091 0.000390738 0.000381318 0.00036587 0.000341283 0.000303923 0.000251886 0.000189156 0.00012792 8.22656e-05 6.72988e-05 0.000115672 0.000243611 0.000391215 0.000447923 0.000318594 0.000158294 5.38058e-05 1.40322e-05 3.29191e-06 6.85042e-07 1.25083e-07 2.01321e-08 2.74044e-09 2.8417e-10 1.60627e-11 0 
0 6.88334e-08 6.72489e-07 3.33114e-06 1.15025e-05 3.0345e-05 6.38136e-05 0.000110517 0.000163054 0.000212274 0.000251964 0.000280102 0.000297395 0.000305424 0.000305492 0.000298194 0.000283428 0.000260705 0.000229779 0.000191626 0.000149496 0.000109132 7.6769e-05 5.50521e-05 4.24073e-05 4.24147e-05 6.2503e-05 9.03671e-05 9.69172e-05 7.18992e-05 3.69867e-05 1.40322e-05 4.29827e-06 1.09629e-06 2.38039e-07 4.55875e-08 7.67516e-09 1.08589e-09 1.16469e-10 6.78256e-12 0 
0 1.96678e-08 1.87755e-07 9.21177e-07 3.21648e-06 8.80507e-06 1.97339e-05 3.7225e-05 6.0527e-05 8.68342e-05 0.000112416 0.000133992 0.000149461 0.000157876 0.000159084 0.000153403 0.000141492 0.00012441 0.000103755 8.17302e-05 6.09478e-05 4.38741e-05 3.20045e-05 2.51584e-05 2.15703e-05 1.95646e-05 1.92472e-05 2.01067e-05 1.88843e-05 1.39113e-05 7.73973e-06 3.29191e-06 1.09629e-06 2.97609e-07 6.92678e-08 1.41732e-08 2.51927e-09 3.72972e-10 4.16273e-11 2.5113e-12 0 
0 5.02127e-09 4.65701e-08 2.23797e-07 7.74956e-07 2.13682e-06 4.90561e-06 9.62648e-06 1.64683e-05 2.49869e-05 3.41607e-05 4.2683e-05 4.93296e-05 5.32267e-05 5.39655e-05 5.16017e-05 4.65963e-05 3.97273e-05 3.19712e-05 2.43495e-05 1.77479e-05 1.27478e-05 9.52161e-06 7.82624e-06 7.10449e-06 6.71528e-06 6.23002e-06 5.47855e-06 4.3571e-06 2.93461e-06 1.59197e-06 6.85042e-07 2.38039e-07 6.92678e-08 1.74022e-08 3.80644e-09 7.15288e-10 1.11157e-10 1.29576e-11 8.1285e-13 0 
0 1.13618e-09 1.02095e-08 4.77806e-08 1.62391e-07 4.43727e-07 1.02003e-06 2.02424e-06 3.53029e-06 5.48849e-06 7.70027e-06 9.85367e-06 1.16053e-05 1.2672e-05 1.28987e-05 1.22859e-05 1.09778e-05 9.21958e-06 7.29855e-06 5.48256e-06 3.97039e-06 2.86423e-06 2.16787e-06 1.8051e-06 1.64873e-06 1.55696e-06 1.41764e-06 1.18264e-06 8.70883e-07 5.47918e-07 2.87565e-07 1.25083e-07 4.55875e-08 1.41732e-08 3.80644e-09 8.84101e-10 1.75336e-10 2.86254e-11 3.49133e-12 2.28233e-13 0 
0 2.23616e-10 1.94526e-09 8.84492e-09 2.93618e-08 7.8871e-08 1.79471e-07 3.549e-07 6.20284e-07 9.70473e-07 1.37339e-06 1.7735e-06 2.10519e-06 2.31104e-06 2.35765e-06 2.24361e-06 1.99778e-06 1.66967e-06 1.31577e-06 9.86309e-07 7.15971e-07 5.2019e-07 3.96618e-07 3.29792e-07 2.96907e-07 2.73987e-07 2.42692e-07 1.96141e-07 1.39832e-07 8.60341e-08 4.51301e-08 2.01321e-08 7.67516e-09 2.51927e-09 7.15288e-10 1.75336e-10 3.66103e-11 6.27533e-12 8.01e-13 5.46107e-14 0 
0 3.67258e-11 3.09428e-10 1.36641e-09 4.42286e-09 1.16396e-08 2.60809e-08 5.10364e-08 8.86587e-08 1.3836e-07 1.95803e-07 2.53218e-07 3.01182e-07 3.31242e-07 3.38348e-07 3.22171e-07 2.86923e-07 2.39889e-07 1.89319e-07 1.42428e-07 1.04054e-07 7.62066e-08 5.83651e-08 4.8224e-08 4.25845e-08 3.82664e-08 3.30033e-08 2.60882e-08 1.83367e-08 1.12551e-08 5.97808e-09 2.74044e-09 1.08589e-09 3.72972e-10 1.11157e-10 2.86254e-11 6.27533e-12 1.12742e-12 1.50471e-13 1.06969e-14 0 
0 4.54901e-12 3.71665e-11 1.59521e-10 5.03486e-10 1.29695e-09 2.85607e-09 5.51471e-09 9.48756e-09 1.47098e-08 2.07341e-08 2.67582e-08 3.18031e-08 3.49823e-08 3.57593e-08 3.4092e-08 3.04187e-08 2.55035e-08 2.02123e-08 1.52995e-08 1.12669e-08 8.31782e-09 6.39049e-09 5.2409e-09 4.54196e-09 3.98309e-09 3.35717e-09 2.6098e-09 1.82065e-09 1.12131e-09 6.04428e-10 2.8417e-10 1.16469e-10 4.16273e-11 1.29576e-11 3.49133e-12 8.01e-13 1.50471e-13 2.09639e-14 1.55242e-15 0 
0 3.03951e-13 2.41216e-12 1.00772e-11 3.10444e-11 7.83056e-11 1.69433e-10 3.22547e-10 5.48853e-10 8.4409e-10 1.18308e-09 1.52131e-09 1.80459e-09 1.98373e-09 2.02877e-09 1.93709e-09 1.73284e-09 1.45842e-09 1.16206e-09 8.85859e-10 6.57861e-10 4.89369e-10 3.76883e-10 3.06846e-10 2.6148e-10 2.24489e-10 1.85561e-10 1.42324e-10 9.87896e-11 6.11125e-11 3.34031e-11 1.60627e-11 6.78256e-12 2.5113e-12 8.1285e-13 2.28233e-13 5.46107e-14 1.06969e-14 1.55242e-15 1.19573e-16 0 
0 0 0 0 0 0 0 0 0 0 0 0 0 0 0 0 0 0 0 0 0 0 0 0 0 0 0 0 0 0 0 0 0 0 0 0 0 0 0 0 0 
