0 0 0 0 0 0 0 0 0 0 0 0 0 0 0 0 0 0 0 0 0 0 0 0 0 0 0 0 0 0 0 0 0 0 0 0 0 0 0 0 0 
0 8.5653e-08 7.87978e-07 3.69964e-06 1.23126e-05 3.21194e-05 6.89032e-05 0.000125518 0.00019941 0.000282871 0.000365626 0.000437778 0.000491712 0.000522762 0.000529108 0.000511401 0.00047236 0.000416413 0.000349303 0.00027756 0.000207752 0.000145553 9.48357e-05 5.71201e-05 3.16463e-05 1.60719e-05 7.46841e-06 3.17439e-06 1.2351e-06 4.40511e-07 1.44233e-07 4.33962e-08 1.19967e-08 3.04084e-09 7.02953e-10 1.46588e-10 2.69889e-11 4.19849e-12 4.9765e-13 3.20849e-14 0 
0 7.87978e-07 7.5388e-06 3.6313e-05 0.000121275 0.00030889 0.000629778 0.00106872 0.00156721 0.00205555 0.00248083 0.00281391 0.00304331 0.00316738 0.00318917 0.00311404 0.00294891 0.00270245 0.00238616 0.00201626 0.00161566 0.0012144 0.000846126 0.00054034 0.000313382 0.000164108 7.7437e-05 3.29663e-05 1.27049e-05 4.45144e-06 1.42374e-06 4.16962e-07 1.11977e-07 2.75504e-08 6.18196e-09 1.25204e-09 2.24101e-10 3.39331e-11 3.92033e-12 2.46714e-13 0 
0 3.69964e-06 3.6313e-05 0.000174859 0.000561114 0.00131393 0.00238226 0.00355673 0.00464179 0.00554977 0.00626768 0.00680401 0.00716614 0.00735858 0.0073867 0.00725929 0.00698869 0.00658881 0.00607211 0.00544714 0.00471955 0.00390035 0.00302152 0.00214934 0.00137576 0.000780286 0.000389279 0.000171007 6.6611e-05 2.32252e-05 7.31477e-06 2.09574e-06 5.48573e-07 1.31315e-07 2.86527e-08 5.64458e-09 9.83534e-10 1.45144e-10 1.63648e-11 1.00649e-12 0 
0 1.23126e-05 0.000121275 0.000561114 0.00163258 0.00330956 0.00515738 0.00682548 0.00825 0.00946797 0.0104912 0.0113006 0.0118691 0.0121778 0.0122223 0.0120142 0.0115791 0.0109533 0.0101778 0.00929161 0.00832186 0.00727413 0.0061309 0.0048752 0.0035461 0.0022814 0.00126521 0.000598899 0.00024343 8.62695e-05 2.71129e-05 7.66294e-06 1.9657e-06 4.59566e-07 9.77953e-08 1.87844e-08 3.19289e-09 4.60079e-10 5.07108e-11 3.05303e-12 0 
0 3.21194e-05 0.00030889 0.00131393 0.00330956 0.00573964 0.00800559 0.01005 0.0119557 0.013711 0.0152445 0.0164783 0.0173512 0.0178271 0.0178971 0.0175784 0.016911 0.0159526 0.0147725 0.0134449 0.0120403 0.0106147 0.00919199 0.00774432 0.00620014 0.0045297 0.00287645 0.00152975 0.000674216 0.00024978 7.97727e-05 2.24939e-05 5.69579e-06 1.30707e-06 2.72283e-07 5.11491e-08 8.50321e-09 1.19914e-09 1.2948e-10 7.64542e-12 0 
0 6.89032e-05 0.000629778 0.00238226 0.00515738 0.00800559 0.0106881 0.0133424 0.0159528 0.0183976 0.0205409 0.0222657 0.0234858 0.0241512 0.0242495 0.023805 0.022873 0.0215335 0.0198829 0.0180249 0.0160626 0.0140906 0.0121838 0.0103782 0.0086374 0.00684055 0.00489658 0.00297332 0.00146607 0.000584838 0.000193867 5.52778e-05 1.39347e-05 3.15686e-06 6.4653e-07 1.19191e-07 1.94371e-08 2.68962e-09 2.85176e-10 1.65507e-11 0 
0 0.000125518 0.00106872 0.00355673 0.00682548 0.01005 0.0133424 0.016758 0.0201515 0.023332 0.0261187 0.0283601 0.0299449 0.0308086 0.0309358 0.0303578 0.0291463 0.027405 0.0252581 0.0228396 0.0202828 0.0177109 0.0152301 0.0129197 0.0108098 0.00883409 0.00681221 0.00463471 0.00258139 0.00113344 0.000397892 0.00011633 2.94562e-05 6.62764e-06 1.34043e-06 2.43399e-07 3.90576e-08 5.31796e-09 5.55072e-10 3.17363e-11 0 
0 0.00019941 0.00156721 0.00464179 0.00825 0.0119557 0.0159528 0.0201515 0.024326 0.0282363 0.0316609 0.0344141 0.0363598 0.0374191 0.0375734 0.0368614 0.0353714 0.0332303 0.0305904 0.0276157 0.0244689 0.0213007 0.0182411 0.0153938 0.0128267 0.0105402 0.00840269 0.00616949 0.00382596 0.00186198 0.000701966 0.000212957 5.46122e-05 1.22735e-05 2.46195e-06 4.419e-07 6.99965e-08 9.40431e-09 9.6881e-10 5.46997e-11 0 
0 0.000282871 0.00205555 0.00554977 0.00946797 0.013711 0.0183976 0.023332 0.0282363 0.0328285 0.0368487 0.0400793 0.0423607 0.0436011 0.043779 0.0429401 0.0411882 0.0386723 0.0355709 0.032076 0.0283781 0.0246531 0.0210529 0.017699 0.0146785 0.0120299 0.00968874 0.00741759 0.00498295 0.00266508 0.00108387 0.000343757 8.98412e-05 2.02632e-05 4.04673e-06 7.20382e-07 1.12977e-07 1.50198e-08 1.53111e-09 8.5573e-11 0 
0 0.000365626 0.00248083 0.00626768 0.0104912 0.0152445 0.0205409 0.0261187 0.0316609 0.0368487 0.0413885 0.0450348 0.0476077 0.0490042 0.0492004 0.0482485 0.0462661 0.0434214 0.0399158 0.0359661 0.0317868 0.0275759 0.0235044 0.0197085 0.0162876 0.0132981 0.0107205 0.00837024 0.00592546 0.00342009 0.00149281 0.000495784 0.000132484 3.00862e-05 6.00038e-06 1.06247e-06 1.65439e-07 2.18219e-08 2.20683e-09 1.22384e-10 0 
0 0.000437778 0.00281391 0.00680401 0.0113006 0.0164783 0.0222657 0.0283601 0.0344141 0.0400793 0.0450348 0.0490127 0.0518172 0.0533362 0.0535444 0.0524993 0.0503297 0.0472195 0.0433888 0.0390739 0.0345086 0.0299088 0.0254603 0.0213114 0.0175698 0.0143012 0.0115099 0.00905967 0.00661777 0.00403703 0.00186843 0.000647121 0.00017679 4.04846e-05 8.08082e-06 1.42672e-06 2.21132e-07 2.9013e-08 2.91795e-09 1.60952e-10 0 
0 0.000491712 0.00304331 0.00716614 0.0118691 0.0173512 0.0234858 0.0299449 0.0363598 0.0423607 0.0476077 0.0518172 0.054782 0.0563838 0.0565971 0.0554832 0.053179 0.0498795 0.0458181 0.0412451 0.0364079 0.0315348 0.026822 0.0224259 0.0184599 0.0149947 0.0120461 0.00950954 0.00706832 0.00447114 0.00216012 0.00077351 0.000215355 4.97209e-05 9.94547e-06 1.75435e-06 2.71287e-07 3.54906e-08 3.55857e-09 1.95709e-10 0 
0 0.000522762 0.00316738 0.00735858 0.0121778 0.0178271 0.0241512 0.0308086 0.0374191 0.0436011 0.0490042 0.0533362 0.0563838 0.0580258 0.058237 0.0570818 0.0547008 0.0512955 0.0471067 0.0423925 0.0374078 0.0323874 0.0275329 0.0230048 0.0189197 0.0153499 0.0123165 0.00973185 0.00729618 0.00471037 0.00233652 0.000855325 0.000241378 5.61055e-05 1.12539e-05 1.98675e-06 3.07193e-07 4.01698e-08 4.02574e-09 2.21321e-10 0 
0 0.000529108 0.00318917 0.0073867 0.0122223 0.0178971 0.0242495 0.0309358 0.0375734 0.043779 0.0492004 0.0535444 0.0565971 0.058237 0.0584399 0.057271 0.0548722 0.051446 0.047235 0.0424984 0.0374923 0.0324522 0.0275803 0.0230372 0.0189392 0.0153589 0.0123183 0.00973517 0.00731898 0.00475978 0.00238595 0.000882107 0.000250733 5.85563e-05 1.17836e-05 2.08551e-06 3.23188e-07 4.23559e-08 4.25494e-09 2.34541e-10 0 
0 0.000511401 0.00311404 0.00725929 0.0120142 0.0175784 0.023805 0.0303578 0.0368614 0.0429401 0.0482485 0.0524993 0.0554832 0.0570818 0.057271 0.0561154 0.0537552 0.0503896 0.0462567 0.0416109 0.0367033 0.0317648 0.0269932 0.0225457 0.0185359 0.0150343 0.012061 0.00953002 0.00715135 0.0046325 0.00231324 0.000854052 0.00024309 5.69513e-05 1.15083e-05 2.04647e-06 3.18785e-07 4.2013e-08 4.24596e-09 2.35563e-10 0 
0 0.00047236 0.00294891 0.00698869 0.0115791 0.016911 0.022873 0.0291463 0.0353714 0.0411882 0.0462661 0.0503297 0.053179 0.0547008 0.0548722 0.0537552 0.051485 0.0482534 0.0442886 0.0398347 0.0351325 0.0304031 0.0258361 0.0215821 0.0177498 0.0144059 0.0115651 0.0091299 0.00680617 0.0043474 0.00213697 0.000781192 0.000221857 5.21495e-05 1.06068e-05 1.9019e-06 2.99081e-07 3.98243e-08 4.06925e-09 2.2839e-10 0 
0 0.000416413 0.00270245 0.00658881 0.0109533 0.0159526 0.0215335 0.027405 0.0332303 0.0386723 0.0434214 0.0472195 0.0498795 0.0512955 0.051446 0.0503896 0.0482534 0.0452175 0.041496 0.037318 0.0329094 0.0284778 0.024201 0.0202204 0.0166378 0.0135151 0.0108577 0.00854928 0.00629711 0.00393191 0.00188797 0.000681015 0.000193139 4.57181e-05 9.40903e-06 1.71171e-06 2.73525e-07 3.70471e-08 3.85283e-09 2.20157e-10 0 
0 0.000349303 0.00238616 0.00607211 0.0101778 0.0147725 0.0198829 0.0252581 0.0305904 0.0355709 0.0399158 0.0433888 0.0458181 0.0471067 0.047235 0.0462567 0.0442886 0.041496 0.0380755 0.0342373 0.0301889 0.026121 0.0221972 0.0185477 0.0152667 0.0124089 0.00996622 0.00780151 0.00564395 0.00342737 0.0016074 0.000575084 0.00016423 3.95271e-05 8.31363e-06 1.54938e-06 2.53866e-07 3.52565e-08 3.75717e-09 2.19741e-10 0 
0 0.00027756 0.00201626 0.00544714 0.00929161 0.0134449 0.0180249 0.0228396 0.0276157 0.032076 0.0359661 0.0390739 0.0412451 0.0423925 0.0424984 0.0416109 0.0398347 0.037318 0.0342373 0.0307812 0.0271362 0.0234737 0.0199412 0.0166567 0.0137055 0.0111327 0.00891343 0.00690112 0.00488264 0.00289296 0.0013425 0.000485302 0.00014225 3.54126e-05 7.72044e-06 1.49013e-06 2.52259e-07 3.60815e-08 3.94615e-09 2.35997e-10 0 
0 0.000207752 0.00161566 0.00471955 0.00832186 0.0120403 0.0160626 0.0202828 0.0244689 0.0283781 0.0317868 0.0345086 0.0364079 0.0374078 0.0374923 0.0367033 0.0351325 0.0329094 0.0301889 0.0271362 0.0239148 0.0206753 0.0175481 0.0146376 0.0120187 0.00972428 0.00771773 0.00587566 0.0040758 0.00240114 0.00113883 0.000430814 0.000133438 3.50426e-05 8.00263e-06 1.6044e-06 2.79864e-07 4.09558e-08 4.55518e-09 2.7564e-10 0 
0 0.000145553 0.0012144 0.00390035 0.00727413 0.0106147 0.0140906 0.0177109 0.0213007 0.0246531 0.0275759 0.0299088 0.0315348 0.0323874 0.0324522 0.0317648 0.0304031 0.0284778 0.026121 0.0234737 0.0206753 0.0178548 0.0151238 0.0125721 0.0102615 0.0082153 0.00640961 0.00478812 0.00331109 0.00201771 0.00102898 0.000425714 0.000143058 3.99452e-05 9.50207e-06 1.95263e-06 3.45153e-07 5.07838e-08 5.64839e-09 3.40539e-10 0 
0 9.48357e-05 0.000846126 0.00302152 0.0061309 0.00919199 0.0121838 0.0152301 0.0182411 0.0210529 0.0235044 0.0254603 0.026822 0.0275329 0.0275803 0.0269932 0.0258361 0.024201 0.0221972 0.0199412 0.0175481 0.0151238 0.0127599 0.0105292 0.00848332 0.00665865 0.00508607 0.00377617 0.00269224 0.00177637 0.00101873 0.000475459 0.000174928 5.1407e-05 1.24791e-05 2.56853e-06 4.50252e-07 6.53727e-08 7.15866e-09 4.2455e-10 0 
0 5.71201e-05 0.00054034 0.00214934 0.0048752 0.00774432 0.0103782 0.0129197 0.0153938 0.017699 0.0197085 0.0213114 0.0224259 0.0230048 0.0230372 0.0225457 0.0215821 0.0202204 0.0185477 0.0166567 0.0146376 0.0125721 0.0105292 0.00856838 0.00676228 0.00522832 0.0040746 0.00324878 0.00254089 0.00181903 0.00113397 0.000582434 0.000231109 7.00744e-05 1.6951e-05 3.41986e-06 5.84464e-07 8.26689e-08 8.82754e-09 5.11325e-10 0 
0 3.16463e-05 0.000313382 0.00137576 0.0035461 0.00620014 0.0086374 0.0108098 0.0128267 0.0146785 0.0162876 0.0175698 0.0184599 0.0189197 0.0189392 0.0185359 0.0177498 0.0166378 0.0152667 0.0137055 0.0120187 0.0102615 0.00848332 0.00676228 0.00529417 0.00443169 0.00440292 0.00476811 0.00453365 0.00332719 0.00186481 0.00085422 0.000325504 9.66992e-05 2.25557e-05 4.36453e-06 7.18358e-07 9.83375e-08 1.02022e-08 5.76024e-10 0 
0 1.60719e-05 0.000164108 0.000780286 0.0022814 0.0045297 0.00684055 0.00883409 0.0105402 0.0120299 0.0132981 0.0143012 0.0149947 0.0153499 0.0153589 0.0150343 0.0144059 0.0135151 0.0124089 0.0111327 0.00972428 0.0082153 0.00665865 0.00522832 0.00443169 0.00523292 0.00825221 0.0119067 0.0126902 0.00937481 0.00477155 0.00175388 0.000527421 0.000135865 2.87288e-05 5.15901e-06 8.07182e-07 1.06654e-07 1.07601e-08 5.93317e-10 0 
0 7.46841e-06 7.7437e-05 0.000389279 0.00126521 0.00287645 0.00489658 0.00681221 0.00840269 0.00968874 0.0107205 0.0115099 0.0120461 0.0123165 0.0123183 0.012061 0.0115651 0.0108577 0.00996622 0.00891343 0.00771773 0.00640961 0.00508607 0.0040746 0.00440292 0.00825221 0.0171269 0.02725 0.0300414 0.0221446 0.0110115 0.0037272 0.000924544 0.000192429 3.45796e-05 5.52978e-06 8.09145e-07 1.03114e-07 1.01588e-08 5.49753e-10 0 
0 3.17439e-06 3.29663e-05 0.000171007 0.000598899 0.00152975 0.00297332 0.00463471 0.00616949 0.00741759 0.00837024 0.00905967 0.00950954 0.00973185 0.00973517 0.00953002 0.0091299 0.00854928 0.00780151 0.00690112 0.00587566 0.00478812 0.00377617 0.00324878 0.00476811 0.0119067 0.02725 0.0445058 0.0491275 0.036569 0.0180369 0.00597497 0.00137371 0.000245859 3.74949e-05 5.23846e-06 7.09345e-07 8.73873e-08 8.46605e-09 4.52861e-10 0 
0 1.2351e-06 1.27049e-05 6.6611e-05 0.00024343 0.000674216 0.00146607 0.00258139 0.00382596 0.00498295 0.00592546 0.00661777 0.00706832 0.00729618 0.00731898 0.00715135 0.00680617 0.00629711 0.00564395 0.00488264 0.0040758 0.00331109 0.00269224 0.00254089 0.00453365 0.0126902 0.0300414 0.0491275 0.0535408 0.0408376 0.0199871 0.00658054 0.00147776 0.00024648 3.36345e-05 4.20649e-06 5.3286e-07 6.40963e-08 6.16669e-09 3.28923e-10 0 
0 4.40511e-07 4.45144e-06 2.32252e-05 8.62695e-05 0.00024978 0.000584838 0.00113344 0.00186198 0.00266508 0.00342009 0.00403703 0.00447114 0.00471037 0.00475978 0.0046325 0.0043474 0.00393191 0.00342737 0.00289296 0.00240114 0.00201771 0.00177637 0.00181903 0.00332719 0.00937481 0.0221446 0.036569 0.0408376 0.0300054 0.014809 0.00487515 0.00109277 0.000178543 2.31295e-05 2.73544e-06 3.36431e-07 4.03287e-08 3.90212e-09 2.09549e-10 0 
0 1.44233e-07 1.42374e-06 7.31477e-06 2.71129e-05 7.97727e-05 0.000193867 0.000397892 0.000701966 0.00108387 0.00149281 0.00186843 0.00216012 0.00233652 0.00238595 0.00231324 0.00213697 0.00188797 0.0016074 0.0013425 0.00113883 0.00102898 0.00101873 0.00113397 0.00186481 0.00477155 0.0110115 0.0180369 0.0199871 0.014809 0.007319 0.00242137 0.000550369 9.06915e-05 1.17327e-05 1.403e-06 1.7671e-07 2.16855e-08 2.13935e-09 1.16783e-10 0 
0 4.33962e-08 4.16962e-07 2.09574e-06 7.66294e-06 2.24939e-05 5.52778e-05 0.00011633 0.000212957 0.000343757 0.000495784 0.000647121 0.00077351 0.000855325 0.000882107 0.000854052 0.000781192 0.000681015 0.000575084 0.000485302 0.000430814 0.000425714 0.000475459 0.000582434 0.00085422 0.00175388 0.0037272 0.00597497 0.00658054 0.00487515 0.00242137 0.000814187 0.000190483 3.23582e-05 4.4024e-06 5.71265e-07 7.7602e-08 9.98529e-09 1.01651e-09 5.68938e-11 0 
0 1.19967e-08 1.11977e-07 5.48573e-07 1.9657e-06 5.69579e-06 1.39347e-05 2.94562e-05 5.46122e-05 8.98412e-05 0.000132484 0.00017679 0.000215355 0.000241378 0.000250733 0.00024309 0.000221857 0.000193139 0.00016423 0.00014225 0.000133438 0.000143058 0.000174928 0.000231109 0.000325504 0.000527421 0.000924544 0.00137371 0.00147776 0.00109277 0.000550369 0.000190483 4.63385e-05 8.38228e-06 1.2788e-06 1.91682e-07 2.89731e-08 3.95967e-09 4.19395e-10 2.42357e-11 0 
0 3.04084e-09 2.75504e-08 1.31315e-07 4.59566e-07 1.30707e-06 3.15686e-06 6.62764e-06 1.22735e-05 2.02632e-05 3.00862e-05 4.04846e-05 4.97209e-05 5.61055e-05 5.85563e-05 5.69513e-05 5.21495e-05 4.57181e-05 3.95271e-05 3.54126e-05 3.50426e-05 3.99452e-05 5.1407e-05 7.00744e-05 9.66992e-05 0.000135865 0.000192429 0.000245859 0.00024648 0.000178543 9.06915e-05 3.23582e-05 8.38228e-06 1.71113e-06 3.1241e-07 5.55831e-08 9.35362e-09 1.35975e-09 1.50524e-10 9.02665e-12 0 
0 7.02953e-10 6.18196e-09 2.86527e-08 9.77953e-08 2.72283e-07 6.4653e-07 1.34043e-06 2.46195e-06 4.04673e-06 6.00038e-06 8.08082e-06 9.94547e-06 1.12539e-05 1.17836e-05 1.15083e-05 1.06068e-05 9.40903e-06 8.31363e-06 7.72044e-06 8.00263e-06 9.50207e-06 1.24791e-05 1.6951e-05 2.25557e-05 2.87288e-05 3.45796e-05 3.74949e-05 3.36345e-05 2.31295e-05 1.17327e-05 4.4024e-06 1.2788e-06 3.1241e-07 6.94672e-08 1.43161e-08 2.63046e-09 4.05147e-10 4.69734e-11 2.93312e-12 0 
0 1.46588e-10 1.25204e-09 5.64458e-09 1.87844e-08 5.11491e-08 1.19191e-07 2.43399e-07 4.419e-07 7.20382e-07 1.06247e-06 1.42672e-06 1.75435e-06 1.98675e-06 2.08551e-06 2.04647e-06 1.9019e-06 1.71171e-06 1.54938e-06 1.49013e-06 1.6044e-06 1.95263e-06 2.56853e-06 3.41986e-06 4.36453e-06 5.15901e-06 5.52978e-06 5.23846e-06 4.20649e-06 2.73544e-06 1.403e-06 5.71265e-07 1.91682e-07 5.55831e-08 1.43161e-08 3.26211e-09 6.41716e-10 1.04294e-10 1.26737e-11 8.25567e-13 0 
0 2.69889e-11 2.24101e-10 9.83534e-10 3.19289e-09 8.50321e-09 1.94371e-08 3.90576e-08 6.99965e-08 1.12977e-07 1.65439e-07 2.21132e-07 2.71287e-07 3.07193e-07 3.23188e-07 3.18785e-07 2.99081e-07 2.73525e-07 2.53866e-07 2.52259e-07 2.79864e-07 3.45153e-07 4.50252e-07 5.84464e-07 7.18358e-07 8.07182e-07 8.09145e-07 7.09345e-07 5.3286e-07 3.36431e-07 1.7671e-07 7.7602e-08 2.89731e-08 9.35362e-09 2.63046e-09 6.41716e-10 1.3361e-10 2.28466e-11 2.90897e-12 1.97804e-13 0 
0 4.19849e-12 3.39331e-11 1.45144e-10 4.60079e-10 1.19914e-09 2.68962e-09 5.31796e-09 9.40431e-09 1.50198e-08 2.18219e-08 2.9013e-08 3.54906e-08 4.01698e-08 4.23559e-08 4.2013e-08 3.98243e-08 3.70471e-08 3.52565e-08 3.60815e-08 4.09558e-08 5.07838e-08 6.53727e-08 8.26689e-08 9.83375e-08 1.06654e-07 1.03114e-07 8.73873e-08 6.40963e-08 4.03287e-08 2.16855e-08 9.98529e-09 3.95967e-09 1.35975e-09 4.05147e-10 1.04294e-10 2.28466e-11 4.0998e-12 5.46328e-13 3.87655e-14 0 
0 4.9765e-13 3.92033e-12 1.63648e-11 5.07108e-11 1.2948e-10 2.85176e-10 5.55072e-10 9.6881e-10 1.53111e-09 2.20683e-09 2.91795e-09 3.55857e-09 4.02574e-09 4.25494e-09 4.24596e-09 4.06925e-09 3.85283e-09 3.75717e-09 3.94615e-09 4.55518e-09 5.64839e-09 7.15866e-09 8.82754e-09 1.02022e-08 1.07601e-08 1.01588e-08 8.46605e-09 6.16669e-09 3.90212e-09 2.13935e-09 1.01651e-09 4.19395e-10 1.50524e-10 4.69734e-11 1.26737e-11 2.90897e-12 5.46328e-13 7.60561e-14 5.62542e-15 0 
0 3.20849e-14 2.46714e-13 1.00649e-12 3.05303e-12 7.64542e-12 1.65507e-11 3.17363e-11 5.46997e-11 8.5573e-11 1.22384e-10 1.60952e-10 1.95709e-10 2.21321e-10 2.34541e-10 2.35563e-10 2.2839e-10 2.20157e-10 2.19741e-10 2.35997e-10 2.7564e-10 3.40539e-10 4.2455e-10 5.11325e-10 5.76024e-10 5.93317e-10 5.49753e-10 4.52861e-10 3.28923e-10 2.09549e-10 1.16783e-10 5.68938e-11 2.42357e-11 9.02665e-12 2.93312e-12 8.25567e-13 1.97804e-13 3.87655e-14 5.62542e-15 4.33037e-16 0 
0 0 0 0 0 0 0 0 0 0 0 0 0 0 0 0 0 0 0 0 0 0 0 0 0 0 0 0 0 0 0 0 0 0 0 0 0 0 0 0 0 
