0 0 0 0 0 0 0 0 0 0 0 0 0 0 0 0 0 0 0 0 0 0 0 0 0 0 0 0 0 0 0 0 0 0 0 0 0 0 0 0 0 
0 1.66025e-15 1.59265e-14 8.12917e-14 3.08708e-13 9.66046e-13 2.60161e-12 6.16129e-12 1.29844e-11 2.45185e-11 4.16633e-11 6.38944e-11 8.86282e-11 1.11403e-10 1.27123e-10 1.31942e-10 1.24817e-10 1.07869e-10 8.53782e-11 6.20616e-11 4.15532e-11 2.57067e-11 1.47418e-11 7.8623e-12 3.91273e-12 1.82284e-12 7.97456e-13 3.28552e-13 1.27803e-13 4.70327e-14 1.63969e-14 5.41708e-15 1.69397e-15 4.99717e-16 1.38118e-16 3.53174e-17 8.16185e-18 1.62795e-18 2.52137e-19 2.15921e-20 0 
0 1.59265e-14 1.5803e-13 8.34633e-13 3.27875e-12 1.06041e-11 2.94708e-11 7.1882e-11 1.55631e-10 3.01055e-10 5.224e-10 8.15308e-10 1.14679e-09 1.45637e-09 1.67293e-09 1.74165e-09 1.64699e-09 1.41828e-09 1.1153e-09 8.03377e-10 5.31841e-10 3.24718e-10 1.83517e-10 9.63637e-11 4.71889e-11 2.16298e-11 9.31287e-12 3.7788e-12 1.44918e-12 5.26519e-13 1.81517e-13 5.94088e-14 1.84397e-14 5.4095e-15 1.4895e-15 3.80015e-16 8.77299e-17 1.74942e-17 2.70979e-18 2.32061e-19 0 
0 8.12917e-14 8.34633e-13 4.56384e-12 1.85592e-11 6.20853e-11 1.78215e-10 4.4807e-10 9.97503e-10 1.97834e-09 3.50824e-09 5.57606e-09 7.9584e-09 1.02172e-08 1.18207e-08 1.23497e-08 1.16792e-08 1.00257e-08 7.83617e-09 5.59593e-09 3.66462e-09 2.20946e-09 1.23146e-09 6.37165e-10 3.07331e-10 1.38765e-10 5.88831e-11 2.35691e-11 8.92802e-12 3.2091e-12 1.09652e-12 3.56391e-13 1.10068e-13 3.21888e-14 8.84975e-15 2.25732e-15 5.21444e-16 1.04084e-16 1.61367e-17 1.38239e-18 0 
0 3.08708e-13 3.27875e-12 1.85592e-11 7.8125e-11 2.70335e-10 8.0158e-10 2.07777e-09 4.75731e-09 9.67629e-09 1.75419e-08 2.84055e-08 4.11553e-08 5.34393e-08 6.23027e-08 6.53592e-08 6.18557e-08 5.29701e-08 4.11854e-08 2.91854e-08 1.89274e-08 1.12828e-08 6.21055e-09 3.17144e-09 1.50949e-09 6.72751e-10 2.81996e-10 1.11629e-10 4.18816e-11 1.49369e-11 5.07395e-12 1.64277e-12 5.06349e-13 1.48031e-13 4.07384e-14 1.04102e-14 2.41003e-15 4.82033e-16 7.4835e-17 6.41308e-18 0 
0 9.66046e-13 1.06041e-11 6.20853e-11 2.70335e-10 9.66978e-10 2.96015e-09 7.90727e-09 1.86145e-08 3.88225e-08 7.19471e-08 1.18706e-07 1.74634e-07 2.29439e-07 2.69705e-07 2.84305e-07 2.69497e-07 2.30469e-07 1.78479e-07 1.25687e-07 8.0854e-08 4.77441e-08 2.60098e-08 1.314e-08 6.18792e-09 2.73018e-09 1.13408e-09 4.45504e-10 1.66156e-10 5.90199e-11 2.00073e-11 6.47646e-12 1.99917e-12 5.8606e-13 1.61856e-13 4.15175e-14 9.64524e-15 1.93438e-15 3.00757e-16 2.57724e-17 0 
0 2.60161e-12 2.94708e-11 1.78215e-10 8.0158e-10 2.96015e-09 9.3448e-09 2.56992e-08 6.21532e-08 1.32838e-07 2.51569e-07 4.22853e-07 6.31716e-07 8.40055e-07 9.96233e-07 1.05613e-06 1.00382e-06 8.58447e-07 6.63225e-07 4.65031e-07 2.97401e-07 1.74401e-07 9.42992e-08 4.72802e-08 2.21068e-08 9.69298e-09 4.0065e-09 1.56871e-09 5.84236e-10 2.07634e-10 7.05545e-11 2.29304e-11 7.11509e-12 2.09809e-12 5.82911e-13 1.50343e-13 3.50828e-14 7.05689e-15 1.09848e-15 9.40515e-17 0 
0 6.16129e-12 7.1882e-11 4.4807e-10 2.07777e-09 7.90727e-09 2.56992e-08 7.26565e-08 1.80304e-07 3.94532e-07 7.63014e-07 1.30613e-06 1.98144e-06 2.66774e-06 3.19375e-06 3.4083e-06 3.25253e-06 2.78615e-06 2.15184e-06 1.50589e-06 9.60105e-07 5.60916e-07 3.02103e-07 1.50928e-07 7.0375e-08 3.08105e-08 1.27367e-08 4.99686e-09 1.86833e-09 6.67854e-10 2.28616e-10 7.49332e-11 2.34611e-11 6.97977e-12 1.95492e-12 5.07609e-13 1.19034e-13 2.40093e-14 3.73873e-15 3.19455e-16 0 
0 1.29844e-11 1.55631e-10 9.97503e-10 4.75731e-09 1.86145e-08 6.21532e-08 1.80304e-07 4.5839e-07 1.0256e-06 2.0237e-06 3.52605e-06 5.43105e-06 7.40527e-06 8.95574e-06 9.63172e-06 9.24288e-06 7.9467e-06 6.15058e-06 4.30857e-06 2.74786e-06 1.60557e-06 8.65131e-07 4.32759e-07 2.023e-07 8.89404e-08 3.69929e-08 1.46316e-08 5.52601e-09 1.99841e-09 6.92796e-10 2.30049e-10 7.29404e-11 2.19503e-11 6.20778e-12 1.62388e-12 3.82626e-13 7.73291e-14 1.20313e-14 1.02428e-15 0 
0 2.45185e-11 3.01055e-10 1.97834e-09 9.67629e-09 3.88225e-08 1.32838e-07 3.94532e-07 1.0256e-06 2.34269e-06 4.71099e-06 8.34914e-06 1.30539e-05 1.80303e-05 2.20444e-05 2.39235e-05 2.31278e-05 2.00047e-05 1.55613e-05 1.09497e-05 7.01381e-06 4.11766e-06 2.23128e-06 1.124e-06 5.30075e-07 2.35593e-07 9.9276e-08 3.98629e-08 1.53093e-08 5.63559e-09 1.98913e-09 6.72028e-10 2.1646e-10 6.6024e-11 1.8872e-11 4.97354e-12 1.17665e-12 2.37963e-13 3.69283e-14 3.12635e-15 0 
0 4.16633e-11 5.224e-10 3.50824e-09 1.75419e-08 7.19471e-08 2.51569e-07 7.63014e-07 2.0237e-06 4.71099e-06 9.64205e-06 1.73673e-05 2.75556e-05 3.85656e-05 4.77095e-05 5.23229e-05 5.10642e-05 4.45572e-05 3.49536e-05 2.48053e-05 1.60342e-05 9.5096e-06 5.21392e-06 2.66284e-06 1.27612e-06 5.77764e-07 2.48578e-07 1.02099e-07 4.01534e-08 1.51386e-08 5.46753e-09 1.88647e-09 6.18791e-10 1.9154e-10 5.53441e-11 1.46841e-11 3.48337e-12 7.03649e-13 1.08682e-13 9.12872e-15 0 
0 6.38944e-11 8.15308e-10 5.57606e-09 2.84055e-08 1.18706e-07 4.22853e-07 1.30613e-06 3.52605e-06 8.34914e-06 1.73673e-05 3.17644e-05 5.1129e-05 7.25315e-05 9.08803e-05 0.00010089 9.96395e-05 8.79844e-05 6.98777e-05 5.02499e-05 3.29594e-05 1.98723e-05 1.11025e-05 5.79343e-06 2.84476e-06 1.32323e-06 5.86178e-07 2.4823e-07 1.00674e-07 3.90999e-08 1.45133e-08 5.12897e-09 1.71594e-09 5.39208e-10 1.57391e-10 4.19817e-11 9.96586e-12 2.00603e-12 3.07595e-13 2.55668e-14 0 
0 8.86282e-11 1.14679e-09 7.9584e-09 4.11553e-08 1.74634e-07 6.31716e-07 1.98144e-06 5.43105e-06 1.30539e-05 2.75556e-05 5.1129e-05 8.34688e-05 0.00012007 0.000152552 0.000171762 0.000172133 0.000154376 0.000124688 9.13524e-05 6.11874e-05 3.77782e-05 2.1682e-05 1.16617e-05 5.92143e-06 2.85595e-06 1.31417e-06 5.78333e-07 2.43485e-07 9.79111e-08 3.74807e-08 1.35927e-08 4.64073e-09 1.47947e-09 4.35588e-10 1.16549e-10 2.76135e-11 5.52288e-12 8.38242e-13 6.87481e-14 0 
0 1.11403e-10 1.45637e-09 1.02172e-08 5.34393e-08 2.29439e-07 8.40055e-07 2.66774e-06 7.40527e-06 1.80303e-05 3.85656e-05 7.25315e-05 0.00012007 0.000175243 0.00022608 0.000258746 0.000263959 0.000241425 0.000199332 0.000149713 0.000103147 6.5756e-05 3.91246e-05 2.19024e-05 1.16153e-05 5.86521e-06 2.82823e-06 1.30315e-06 5.72874e-07 2.39488e-07 9.47669e-08 3.52954e-08 1.22902e-08 3.96857e-09 1.1757e-09 3.14623e-10 7.4156e-11 1.46876e-11 2.1993e-12 1.77425e-13 0 
0 1.27123e-10 1.67293e-09 1.18207e-08 6.23027e-08 2.69705e-07 9.96233e-07 3.19375e-06 8.95574e-06 2.20444e-05 4.77095e-05 9.08803e-05 0.000152552 0.00022608 0.000296647 0.000346008 0.000360616 0.000337961 0.000286915 0.000222477 0.000158964 0.000105612 6.58073e-05 3.87495e-05 2.16871e-05 1.15767e-05 5.89911e-06 2.86498e-06 1.3214e-06 5.75927e-07 2.35837e-07 9.01654e-08 3.19663e-08 1.04269e-08 3.09777e-09 8.26e-10 1.92925e-10 3.76956e-11 5.5486e-12 4.38853e-13 0 
0 1.31942e-10 1.74165e-09 1.23497e-08 6.53592e-08 2.84305e-07 1.05613e-06 3.4083e-06 9.63172e-06 2.39235e-05 5.23229e-05 0.00010089 0.000171762 0.000258746 0.000346008 0.000412559 0.00044111 0.000425865 0.000374223 0.000301966 0.000225827 0.000157963 0.000104202 6.52505e-05 3.89444e-05 2.21807e-05 1.2035e-05 6.19552e-06 3.00877e-06 1.3694e-06 5.80183e-07 2.27309e-07 8.18104e-08 2.6854e-08 7.96616e-09 2.10687e-09 4.85448e-10 9.31737e-11 1.34296e-11 1.0378e-12 0 
0 1.24817e-10 1.64699e-09 1.16792e-08 6.18557e-08 2.69497e-07 1.00382e-06 3.25253e-06 9.24288e-06 2.31278e-05 5.10642e-05 9.96395e-05 0.000172133 0.000263959 0.000360616 0.00044111 0.000486167 0.000486471 0.000445784 0.000377632 0.000298563 0.000222281 0.000156988 0.000105691 6.79443e-05 4.16394e-05 2.42152e-05 1.3273e-05 6.80326e-06 3.23461e-06 1.41581e-06 5.66704e-07 2.06181e-07 6.77661e-08 1.99652e-08 5.20948e-09 1.17812e-09 2.21097e-10 3.10788e-11 2.33846e-12 0 
0 1.07869e-10 1.41828e-09 1.00257e-08 5.29701e-08 2.30469e-07 8.58447e-07 2.78615e-06 7.9467e-06 2.00047e-05 4.45572e-05 8.79844e-05 0.000154376 0.000241425 0.000337961 0.000425865 0.000486471 0.000507977 0.00048944 0.000439441 0.000371193 0.000297427 0.000227398 0.000166311 0.000116212 7.72073e-05 4.83917e-05 2.83411e-05 1.53524e-05 7.61867e-06 3.43537e-06 1.39853e-06 5.11452e-07 1.67262e-07 4.86292e-08 1.2442e-08 2.74634e-09 5.01505e-10 6.84671e-11 4.99912e-12 0 
0 8.53782e-11 1.1153e-09 7.83617e-09 4.11854e-08 1.78479e-07 6.63225e-07 2.15184e-06 6.15058e-06 1.55613e-05 3.49536e-05 6.98777e-05 0.000124688 0.000199332 0.000286915 0.000374223 0.000445784 0.00048944 0.000500248 0.000480795 0.00043853 0.000382257 0.000319642 0.000256334 0.00019626 0.000142275 9.65694e-05 6.05949e-05 3.47041e-05 1.79388e-05 8.29709e-06 3.41441e-06 1.2461e-06 4.02409e-07 1.14599e-07 2.85556e-08 6.11575e-09 1.08129e-09 1.42801e-10 1.00862e-11 0 
0 6.20616e-11 8.03377e-10 5.59593e-09 2.91854e-08 1.25687e-07 4.65031e-07 1.50589e-06 4.30857e-06 1.09497e-05 2.48053e-05 5.02499e-05 9.13524e-05 0.000149713 0.000222477 0.000301966 0.000377632 0.000439441 0.000480795 0.000499525 0.000496901 0.000475764 0.000439009 0.000389125 0.00032872 0.000261527 0.000193052 0.00013007 7.87311e-05 4.22549e-05 1.99299e-05 8.2259e-06 2.96941e-06 9.38448e-07 2.59606e-07 6.25435e-08 1.29183e-08 2.20077e-09 2.80122e-10 1.90879e-11 0 
0 4.15532e-11 5.31841e-10 3.66462e-09 1.89274e-08 8.0854e-08 2.97401e-07 9.60105e-07 2.74786e-06 7.01381e-06 1.60342e-05 3.29594e-05 6.11874e-05 0.000103147 0.000158964 0.000225827 0.000298563 0.000371193 0.00043853 0.000496901 0.000543728 0.000576387 0.000591142 0.000582912 0.00054652 0.00047963 0.000386565 0.00028028 0.000179259 9.95453e-05 4.75442e-05 1.94882e-05 6.88086e-06 2.10527e-06 5.60446e-07 1.29557e-07 2.56565e-08 4.19325e-09 5.12823e-10 3.36444e-11 0 
0 2.57067e-11 3.24718e-10 2.20946e-09 1.12828e-08 4.77441e-08 1.74401e-07 5.60916e-07 1.60557e-06 4.11766e-06 9.5096e-06 1.98723e-05 3.77782e-05 6.5756e-05 0.000105612 0.000157963 0.000222281 0.000297427 0.000382257 0.000475764 0.000576387 0.000680404 0.000779658 0.000859431 0.000898381 0.00087368 0.000772818 0.000606701 0.000412306 0.000237264 0.000114052 4.57745e-05 1.55187e-05 4.51703e-06 1.14196e-06 2.51082e-07 4.7405e-08 7.40656e-09 8.68472e-10 5.47985e-11 0 
0 1.47418e-11 1.83517e-10 1.23146e-09 6.21055e-09 2.60098e-08 9.42992e-08 3.02103e-07 8.65131e-07 2.23128e-06 5.21392e-06 1.11025e-05 2.1682e-05 3.91246e-05 6.58073e-05 0.000104202 0.000156988 0.000227398 0.000319642 0.000439009 0.000591142 0.000779658 0.00100112 0.00123708 0.00144678 0.00157024 0.00154802 0.00134966 0.00100337 0.000610718 0.000295704 0.000113569 3.55013e-05 9.4169e-06 2.19107e-06 4.50592e-07 8.05262e-08 1.1994e-08 1.34727e-09 8.1773e-11 0 
0 7.8623e-12 9.63637e-11 6.37165e-10 3.17144e-09 1.314e-08 4.72802e-08 1.50928e-07 4.32759e-07 1.124e-06 2.66284e-06 5.79343e-06 1.16617e-05 2.19024e-05 3.87495e-05 6.52505e-05 0.000105691 0.000166311 0.000256334 0.000389125 0.000582912 0.000859431 0.00123708 0.00171567 0.00225998 0.00279965 0.00322187 0.00331529 0.00284323 0.00189031 0.000930769 0.000336368 9.21026e-05 2.05471e-05 4.07211e-06 7.48075e-07 1.24399e-07 1.75979e-08 1.89455e-09 1.10797e-10 0 
0 3.91273e-12 4.71889e-11 3.07331e-10 1.50949e-09 6.18792e-09 2.21068e-08 7.0375e-08 2.023e-07 5.30075e-07 1.27612e-06 2.84476e-06 5.92143e-06 1.16153e-05 2.16871e-05 3.89444e-05 6.79443e-05 0.000116212 0.00019626 0.00032872 0.00054652 0.000898381 0.00144678 0.00225998 0.00342916 0.00512409 0.00739309 0.00936907 0.00927546 0.00664004 0.00331715 0.00114599 0.00027874 5.08012e-05 7.84707e-06 1.17477e-06 1.73915e-07 2.31329e-08 2.38931e-09 1.35074e-10 0 
0 1.82284e-12 2.16298e-11 1.38765e-10 6.72751e-10 2.73018e-09 9.69298e-09 3.08105e-08 8.89404e-08 2.35593e-07 5.77764e-07 1.32323e-06 2.85595e-06 5.86521e-06 1.15767e-05 2.21807e-05 4.16394e-05 7.72073e-05 0.000142275 0.000261527 0.00047963 0.00087368 0.00157024 0.00279965 0.00512409 0.00982494 0.0179985 0.0266844 0.0285478 0.0210205 0.0104942 0.00353709 0.000808387 0.000129202 1.5864e-05 1.80345e-06 2.20959e-07 2.69964e-08 2.67506e-09 1.46878e-10 0 
0 7.97456e-13 9.31287e-12 5.88831e-11 2.81996e-10 1.13408e-09 4.0065e-09 1.27367e-08 3.69929e-08 9.9276e-08 2.48578e-07 5.86178e-07 1.31417e-06 2.82823e-06 5.89911e-06 1.2035e-05 2.42152e-05 4.83917e-05 9.65694e-05 0.000193052 0.000386565 0.000772818 0.00154802 0.00322187 0.00739309 0.0179985 0.0386211 0.0615522 0.0676159 0.0500576 0.0248327 0.00824681 0.00183255 0.000275419 2.95294e-05 2.64429e-06 2.55383e-07 2.77593e-08 2.63473e-09 1.4134e-10 0 
0 3.28552e-13 3.7788e-12 2.35691e-11 1.11629e-10 4.45504e-10 1.56871e-09 4.99686e-09 1.46316e-08 3.98629e-08 1.02099e-07 2.4823e-07 5.78333e-07 1.30315e-06 2.86498e-06 6.19552e-06 1.3273e-05 2.83411e-05 6.05949e-05 0.00013007 0.00028028 0.000606701 0.00134966 0.00331529 0.00936907 0.0266844 0.0615522 0.100568 0.111323 0.08249 0.0407707 0.0134305 0.00294454 0.000430669 4.32603e-05 3.34168e-06 2.61114e-07 2.48864e-08 2.26459e-09 1.19576e-10 0 
0 1.27803e-13 1.44918e-12 8.92802e-12 4.18816e-11 1.66156e-10 5.84236e-10 1.86833e-09 5.52601e-09 1.53093e-08 4.01534e-08 1.00674e-07 2.43485e-07 5.72874e-07 1.3214e-06 3.00877e-06 6.80326e-06 1.53524e-05 3.47041e-05 7.87311e-05 0.000179259 0.000412306 0.00100337 0.00284323 0.00927546 0.0285478 0.0676159 0.111323 0.123503 0.0915347 0.0451794 0.0148294 0.00322985 0.000466566 4.55154e-05 3.26402e-06 2.22627e-07 1.91126e-08 1.68657e-09 8.85001e-11 0 
0 4.70327e-14 5.26519e-13 3.2091e-12 1.49369e-11 5.90199e-11 2.07634e-10 6.67854e-10 1.99841e-09 5.63559e-09 1.51386e-08 3.90999e-08 9.79111e-08 2.39488e-07 5.75927e-07 1.3694e-06 3.23461e-06 7.61867e-06 1.79388e-05 4.22549e-05 9.95453e-05 0.000237264 0.000610718 0.00189031 0.00664004 0.0210205 0.0500576 0.08249 0.0915347 0.0678418 0.0334752 0.0109732 0.00238254 0.000342354 3.30381e-05 2.30659e-06 1.49394e-07 1.2328e-08 1.08248e-09 5.7126e-11 0 
0 1.63969e-14 1.81517e-13 1.09652e-12 5.07395e-12 2.00073e-11 7.05545e-11 2.28616e-10 6.92796e-10 1.98913e-09 5.46753e-09 1.45133e-08 3.74807e-08 9.47669e-08 2.35837e-07 5.80183e-07 1.41581e-06 3.43537e-06 8.29709e-06 1.99299e-05 4.75442e-05 0.000114052 0.000295704 0.000930769 0.00331715 0.0104942 0.0248327 0.0407707 0.0451794 0.0334752 0.0165185 0.00541213 0.00117376 0.000168567 1.62968e-05 1.1491e-06 7.67837e-08 6.61539e-09 5.97621e-10 3.21235e-11 0 
0 5.41708e-15 5.94088e-14 3.56391e-13 1.64277e-12 6.47646e-12 2.29304e-11 7.49332e-11 2.30049e-10 6.72028e-10 1.88647e-09 5.12897e-09 1.35927e-08 3.52954e-08 9.01654e-08 2.27309e-07 5.66704e-07 1.39853e-06 3.41441e-06 8.2259e-06 1.94882e-05 4.57745e-05 0.000113569 0.000336368 0.00114599 0.00353709 0.00824681 0.0134305 0.0148294 0.0109732 0.00541213 0.00177276 0.000384809 5.55327e-05 5.45941e-06 4.06099e-07 3.06654e-08 2.97871e-09 2.84513e-10 1.57446e-11 0 
0 1.69397e-15 1.84397e-14 1.10068e-13 5.06349e-13 1.99917e-12 7.11509e-12 2.34611e-11 7.29404e-11 2.1646e-10 6.18791e-10 1.71594e-09 4.64073e-09 1.22902e-08 3.19663e-08 8.18104e-08 2.06181e-07 5.11452e-07 1.2461e-06 2.96941e-06 6.88086e-06 1.55187e-05 3.55013e-05 9.21026e-05 0.00027874 0.000808387 0.00183255 0.00294454 0.00322985 0.00238254 0.00117376 0.000384809 8.39405e-05 1.22975e-05 1.26437e-06 1.066e-07 1.00492e-08 1.14924e-09 1.17376e-10 6.73442e-12 0 
0 4.99717e-16 5.4095e-15 3.21888e-14 1.48031e-13 5.8606e-13 2.09809e-12 6.97977e-12 2.19503e-11 6.6024e-11 1.9154e-10 5.39208e-10 1.47947e-09 3.96857e-09 1.04269e-08 2.6854e-08 6.77661e-08 1.67262e-07 4.02409e-07 9.38448e-07 2.10527e-06 4.51703e-06 9.4169e-06 2.05471e-05 5.08012e-05 0.000129202 0.000275419 0.000430669 0.000466566 0.000342354 0.000168567 5.55327e-05 1.22975e-05 1.87612e-06 2.15032e-07 2.30567e-08 2.89813e-09 3.86864e-10 4.2122e-11 2.51534e-12 0 
0 1.38118e-16 1.4895e-15 8.84975e-15 4.07384e-14 1.61856e-13 5.82911e-13 1.95492e-12 6.20778e-12 1.8872e-11 5.53441e-11 1.57391e-10 4.35588e-10 1.1757e-09 3.09777e-09 7.96616e-09 1.99652e-08 4.86292e-08 1.14599e-07 2.59606e-07 5.60446e-07 1.14196e-06 2.19107e-06 4.07211e-06 7.84707e-06 1.5864e-05 2.95294e-05 4.32603e-05 4.55154e-05 3.30381e-05 1.62968e-05 5.45941e-06 1.26437e-06 2.15032e-07 3.11615e-08 4.7074e-09 7.63972e-10 1.14148e-10 1.31489e-11 8.18912e-13 0 
0 3.53174e-17 3.80015e-16 2.25732e-15 1.04102e-14 4.15175e-14 1.50343e-13 5.07609e-13 1.62388e-12 4.97354e-12 1.46841e-11 4.19817e-11 1.16549e-10 3.14623e-10 8.26e-10 2.10687e-09 5.20948e-09 1.2442e-08 2.85556e-08 6.25435e-08 1.29557e-07 2.51082e-07 4.50592e-07 7.48075e-07 1.17477e-06 1.80345e-06 2.64429e-06 3.34168e-06 3.26402e-06 2.30659e-06 1.1491e-06 4.06099e-07 1.066e-07 2.30567e-08 4.7074e-09 9.57274e-10 1.81722e-10 2.92832e-11 3.54911e-12 2.30783e-13 0 
0 8.16185e-18 8.77299e-17 5.21444e-16 2.41003e-15 9.64524e-15 3.50828e-14 1.19034e-13 3.82626e-13 1.17665e-12 3.48337e-12 9.96586e-12 2.76135e-11 7.4156e-11 1.92925e-10 4.85448e-10 1.17812e-09 2.74634e-09 6.11575e-09 1.29183e-08 2.56565e-08 4.7405e-08 8.05262e-08 1.24399e-07 1.73915e-07 2.20959e-07 2.55383e-07 2.61114e-07 2.22627e-07 1.49394e-07 7.67837e-08 3.06654e-08 1.00492e-08 2.89813e-09 7.63972e-10 1.81722e-10 3.75571e-11 6.40766e-12 8.14798e-13 5.53354e-14 0 
0 1.62795e-18 1.74942e-17 1.04084e-16 4.82033e-16 1.93438e-15 7.05689e-15 2.40093e-14 7.73291e-14 2.37963e-13 7.03649e-13 2.00603e-12 5.52288e-12 1.46876e-11 3.76956e-11 9.31737e-11 2.21097e-10 5.01505e-10 1.08129e-09 2.20077e-09 4.19325e-09 7.40656e-09 1.1994e-08 1.75979e-08 2.31329e-08 2.69964e-08 2.77593e-08 2.48864e-08 1.91126e-08 1.2328e-08 6.61539e-09 2.97871e-09 1.14924e-09 3.86864e-10 1.14148e-10 2.92832e-11 6.40766e-12 1.1491e-12 1.53016e-13 1.0848e-14 0 
0 2.52137e-19 2.70979e-18 1.61367e-17 7.4835e-17 3.00757e-16 1.09848e-15 3.73873e-15 1.20313e-14 3.69283e-14 1.08682e-13 3.07595e-13 8.38242e-13 2.1993e-12 5.5486e-12 1.34296e-11 3.10788e-11 6.84671e-11 1.42801e-10 2.80122e-10 5.12823e-10 8.68472e-10 1.34727e-09 1.89455e-09 2.38931e-09 2.67506e-09 2.63473e-09 2.26459e-09 1.68657e-09 1.08248e-09 5.97621e-10 2.84513e-10 1.17376e-10 4.2122e-11 1.31489e-11 3.54911e-12 8.14798e-13 1.53016e-13 2.12949e-14 1.57421e-15 0 
0 2.15921e-20 2.32061e-19 1.38239e-18 6.41308e-18 2.57724e-17 9.40515e-17 3.19455e-16 1.02428e-15 3.12635e-15 9.12872e-15 2.55668e-14 6.87481e-14 1.77425e-13 4.38853e-13 1.0378e-12 2.33846e-12 4.99912e-12 1.00862e-11 1.90879e-11 3.36444e-11 5.47985e-11 8.1773e-11 1.10797e-10 1.35074e-10 1.46878e-10 1.4134e-10 1.19576e-10 8.85001e-11 5.7126e-11 3.21235e-11 1.57446e-11 6.73442e-12 2.51534e-12 8.18912e-13 2.30783e-13 5.53354e-14 1.0848e-14 1.57421e-15 1.21151e-16 0 
0 0 0 0 0 0 0 0 0 0 0 0 0 0 0 0 0 0 0 0 0 0 0 0 0 0 0 0 0 0 0 0 0 0 0 0 0 0 0 0 0 
