0 0 0 0 0 0 0 0 0 0 0 0 0 0 0 0 0 0 0 0 0 0 0 0 0 0 0 0 0 0 0 0 0 0 0 0 0 0 0 0 0 
0 2.86643e-09 2.70794e-08 1.34213e-07 4.86924e-07 1.43051e-06 3.55407e-06 7.64022e-06 1.44172e-05 2.41367e-05 3.6172e-05 4.89092e-05 6.00844e-05 6.74607e-05 6.95467e-05 6.605e-05 5.79034e-05 4.68962e-05 3.50885e-05 2.4241e-05 1.54519e-05 9.0825e-06 4.92198e-06 2.45993e-06 1.13482e-06 4.83887e-07 1.91033e-07 6.99577e-08 2.38082e-08 7.54161e-09 2.22582e-09 6.12149e-10 1.56683e-10 3.7199e-11 8.13753e-12 1.62023e-12 2.87025e-13 4.32448e-14 4.99206e-15 3.14919e-16 0 
0 2.70794e-08 2.66186e-07 1.37122e-06 5.15517e-06 1.5621e-05 3.97869e-05 8.70746e-05 0.000166088 0.000279259 0.000418228 0.000563454 0.000689099 0.000770938 0.000793586 0.000754418 0.000663419 0.000539604 0.000405397 0.000280757 0.000178868 0.000104668 5.62168e-05 2.77213e-05 1.25655e-05 5.24564e-06 2.0217e-06 7.21205e-07 2.38738e-07 7.34941e-08 2.10728e-08 5.63084e-09 1.40094e-09 3.2354e-10 6.89122e-11 1.3374e-11 2.31203e-12 3.40353e-13 3.8436e-14 2.37495e-15 0 
0 1.34213e-07 1.37122e-06 7.32897e-06 2.84648e-05 8.84952e-05 0.00022916 0.000504514 0.00095779 0.00158857 0.00233377 0.0030801 0.00370047 0.00409134 0.004195 0.00400555 0.00356452 0.00295016 0.0022615 0.00159739 0.00103441 0.000611731 0.00032971 0.000161963 7.26417e-05 2.98365e-05 1.12639e-05 3.92332e-06 1.26531e-06 3.79005e-07 1.05674e-07 2.74573e-08 6.64523e-09 1.49395e-09 3.10054e-10 5.86975e-11 9.91062e-12 1.42672e-12 1.57762e-13 9.55713e-15 0 
0 4.86924e-07 5.15517e-06 2.84648e-05 0.000113433 0.000357926 0.000927011 0.00200705 0.0036876 0.00585213 0.00819188 0.0103371 0.0119881 0.0129669 0.0132059 0.0127183 0.0115792 0.00992181 0.00793894 0.00587248 0.00397368 0.00243784 0.00134857 0.000671771 0.000302061 0.000123198 4.58484e-05 1.56615e-05 4.93672e-06 1.44228e-06 3.91809e-07 9.91555e-08 2.33784e-08 5.12328e-09 1.0374e-09 1.91819e-10 3.16709e-11 4.46409e-12 4.83942e-13 2.87783e-14 0 
0 1.43051e-06 1.5621e-05 8.84952e-05 0.000357926 0.00112667 0.00284496 0.00585938 0.0100434 0.0147456 0.0191733 0.0227706 0.02529 0.0266804 0.0269746 0.0262321 0.0245212 0.0219266 0.018581 0.0147178 0.0107128 0.00704301 0.00412655 0.00214114 0.000985204 0.000404832 0.000149981 5.0579e-05 1.56555e-05 4.47673e-06 1.18822e-06 2.93578e-07 6.75731e-08 1.44626e-08 2.86227e-09 5.17796e-10 8.37378e-11 1.1575e-11 1.23211e-12 7.20348e-14 0 
0 3.55407e-06 3.97869e-05 0.00022916 0.000927011 0.00284496 0.00678678 0.0128426 0.0199697 0.0267631 0.032367 0.0365431 0.0393276 0.0408089 0.0410693 0.0401858 0.0382325 0.0352717 0.0313476 0.0265146 0.0209413 0.0150663 0.00962717 0.00536546 0.00259404 0.00109527 0.000409414 0.000137528 4.20544e-05 1.18224e-05 3.07661e-06 7.44314e-07 1.67683e-07 3.5134e-08 6.81113e-09 1.20801e-09 1.91732e-10 2.60409e-11 2.72696e-12 1.57037e-13 0 
0 7.64022e-06 8.70746e-05 0.000504514 0.00200705 0.00585938 0.0128426 0.0219068 0.0309144 0.0385337 0.0445147 0.0489714 0.0519916 0.053609 0.0538588 0.0528131 0.0505832 0.0472984 0.0430661 0.0379267 0.0318527 0.0248956 0.0175095 0.0107123 0.00558281 0.00247645 0.00094919 0.000321036 9.76843e-05 2.71361e-05 6.95144e-06 1.65226e-06 3.6542e-07 7.51603e-08 1.43094e-08 2.49424e-09 3.89438e-10 5.20898e-11 5.37828e-12 3.05759e-13 0 
0 1.44172e-05 0.000166088 0.00095779 0.0036876 0.0100434 0.0199697 0.0309144 0.0406348 0.0486365 0.0550978 0.0600953 0.0635696 0.0654499 0.0657263 0.0644721 0.0618367 0.0580227 0.0532456 0.0476722 0.0413411 0.0341344 0.0259951 0.0174763 0.00996254 0.00473101 0.00188951 0.00065087 0.000198599 5.48164e-05 1.38821e-05 3.25353e-06 7.08713e-07 1.43531e-07 2.69139e-08 4.62345e-09 7.12072e-10 9.405e-11 9.60052e-12 5.40318e-13 0 
0 2.41367e-05 0.000279259 0.00158857 0.00585213 0.0147456 0.0267631 0.0385337 0.0486365 0.0572187 0.0644258 0.0701333 0.0741441 0.0763212 0.0766339 0.0751637 0.0720909 0.0676704 0.0621966 0.0559525 0.049128 0.0417067 0.0334432 0.0242668 0.0150991 0.00774732 0.00326361 0.00115662 0.000356509 9.82982e-05 2.47155e-05 5.73319e-06 1.2343e-06 2.46955e-07 4.57557e-08 7.77117e-09 1.18436e-09 1.54969e-10 1.56923e-11 8.77418e-13 0 
0 3.6172e-05 0.000418228 0.00233377 0.00819188 0.0191733 0.032367 0.0445147 0.0550978 0.0644258 0.0724348 0.0788337 0.0833423 0.0857882 0.086132 0.0844653 0.0809935 0.0760093 0.0698595 0.0629021 0.0554417 0.0476179 0.0392638 0.0300045 0.0200661 0.0110943 0.00495408 0.00181846 0.000569497 0.000157599 3.95022e-05 9.10348e-06 1.94413e-06 3.85669e-07 7.08639e-08 1.19437e-08 1.80825e-09 2.35358e-10 2.37461e-11 1.32548e-12 0 
0 4.89092e-05 0.000563454 0.0030801 0.0103371 0.0227706 0.0365431 0.0489714 0.0600953 0.0701333 0.0788337 0.085803 0.090714 0.0933734 0.093738 0.0919084 0.0881099 0.0826639 0.0759534 0.0683831 0.0603275 0.0520399 0.0434938 0.0342851 0.0241539 0.0142199 0.00671082 0.00255599 0.000816021 0.000227465 5.70457e-05 1.31102e-05 2.7882e-06 5.50672e-07 1.0078e-07 1.69349e-08 2.55986e-09 3.33278e-10 3.37107e-11 1.89141e-12 0 
0 6.00844e-05 0.000689099 0.00370047 0.0119881 0.02529 0.0393276 0.0519916 0.0635696 0.0741441 0.0833423 0.090714 0.0959048 0.0987095 0.0990829 0.0971327 0.0930985 0.0873218 0.08021 0.0721967 0.0636957 0.0550276 0.0462758 0.0371091 0.0270415 0.0166817 0.00824394 0.00324823 0.0010578 0.000297722 7.49587e-05 1.72483e-05 3.66969e-06 7.25229e-07 1.32947e-07 2.24144e-08 3.40693e-09 4.4724e-10 4.57574e-11 2.60578e-12 0 
0 6.74607e-05 0.000770938 0.00409134 0.0129669 0.0266804 0.0408089 0.053609 0.0654499 0.0763212 0.0857882 0.0933734 0.0987095 0.101585 0.101955 0.0999319 0.0957629 0.089801 0.0824669 0.0742095 0.065462 0.0565786 0.0477072 0.0385926 0.0286802 0.0182417 0.00932197 0.00377485 0.00125197 0.000356374 9.03982e-05 2.0928e-05 4.4807e-06 8.92265e-07 1.65169e-07 2.81997e-08 4.35546e-09 5.83199e-10 6.10997e-11 3.57588e-12 0 
0 6.95467e-05 0.000793586 0.004195 0.0132059 0.0269746 0.0410693 0.0538588 0.0657263 0.0766339 0.086132 0.093738 0.0990829 0.101955 0.102311 0.100263 0.0960629 0.0900646 0.0826918 0.0743961 0.065615 0.0567125 0.047863 0.038857 0.0291421 0.0188375 0.00982331 0.00405566 0.00136684 0.000394277 0.000101254 2.37491e-05 5.16209e-06 1.04681e-06 1.98092e-07 3.47241e-08 5.53074e-09 7.66755e-10 8.34169e-11 5.07679e-12 0 
0 6.605e-05 0.000754418 0.00400555 0.0127183 0.0262321 0.0401858 0.0528131 0.0644721 0.0751637 0.0844653 0.0919084 0.0971327 0.0999319 0.100263 0.0982397 0.0941072 0.0882151 0.080979 0.072842 0.0642324 0.055506 0.0468329 0.0380164 0.02854 0.0185225 0.00974102 0.00407228 0.00139368 0.000409219 0.000107281 2.57856e-05 5.77065e-06 1.21128e-06 2.38524e-07 4.3709e-08 7.29997e-09 1.06212e-09 1.21079e-10 7.69161e-12 0 
0 5.79034e-05 0.000663419 0.00356452 0.0115792 0.0245212 0.0382325 0.0505832 0.0618367 0.0720909 0.0809935 0.0881099 0.0930985 0.0957629 0.0960629 0.0941072 0.0901329 0.0844752 0.0775329 0.0697301 0.0614741 0.0530957 0.0447356 0.0361876 0.0270048 0.0174263 0.00916563 0.00386926 0.00135024 0.000407689 0.00011076 2.77989e-05 6.5434e-06 1.45322e-06 3.03851e-07 5.91358e-08 1.04558e-08 1.6006e-09 1.90409e-10 1.2508e-11 0 
0 4.68962e-05 0.000539604 0.00295016 0.00992181 0.0219266 0.0352717 0.0472984 0.0580227 0.0676704 0.0760093 0.0826639 0.0873218 0.089801 0.0900646 0.0882151 0.0844752 0.0791596 0.0726419 0.0653177 0.0575616 0.0496628 0.0417135 0.0334965 0.0246922 0.0157417 0.00826143 0.00353971 0.00127621 0.000404267 0.000116686 3.14136e-05 7.97491e-06 1.91076e-06 4.28842e-07 8.87611e-08 1.64959e-08 2.62163e-09 3.20021e-10 2.13528e-11 0 
0 3.50885e-05 0.000405397 0.0022615 0.00793894 0.018581 0.0313476 0.0430661 0.0532456 0.0621966 0.0698595 0.0759534 0.08021 0.0824669 0.0826918 0.080979 0.0775329 0.0726419 0.0666472 0.0599068 0.0527497 0.0454078 0.0379181 0.0300873 0.0218032 0.0137194 0.00723674 0.00320192 0.00122451 0.000420171 0.000133065 3.94419e-05 1.09618e-05 2.83875e-06 6.77343e-07 1.46523e-07 2.8022e-08 4.52392e-09 5.55289e-10 3.6971e-11 0 
0 2.4241e-05 0.000280757 0.00159739 0.00587248 0.0147178 0.0265146 0.0379267 0.0476722 0.0559525 0.0629021 0.0683831 0.0721967 0.0742095 0.0743961 0.072842 0.0697301 0.0653177 0.0599068 0.0538073 0.0472897 0.0405197 0.033501 0.0261435 0.0186039 0.0116486 0.00630375 0.00297405 0.00125396 0.000483455 0.000172274 5.6685e-05 1.71052e-05 4.69443e-06 1.16133e-06 2.5589e-07 4.91869e-08 7.90528e-09 9.59657e-10 6.29172e-11 0 
0 1.54519e-05 0.000178868 0.00103441 0.00397368 0.0107128 0.0209413 0.0318527 0.0413411 0.049128 0.0554417 0.0603275 0.0636957 0.065462 0.065615 0.0642324 0.0614741 0.0575616 0.0527497 0.0472897 0.0413853 0.0351513 0.0286273 0.021918 0.015417 0.00980402 0.00563159 0.00295335 0.00142643 0.000632628 0.000254451 9.15916e-05 2.92639e-05 8.27272e-06 2.06536e-06 4.52868e-07 8.58436e-08 1.35304e-08 1.60576e-09 1.02765e-10 0 
0 9.0825e-06 0.000104668 0.000611731 0.00243784 0.00704301 0.0150663 0.0248956 0.0341344 0.0417067 0.0476179 0.0520399 0.0550276 0.0565786 0.0567125 0.055506 0.0530957 0.0496628 0.0454078 0.0405197 0.0351513 0.0294285 0.0235206 0.0177439 0.0125598 0.008373 0.00530534 0.00319901 0.00180443 0.000922064 0.000413105 0.000159012 5.2373e-05 1.48576e-05 3.6599e-06 7.84271e-07 1.4458e-07 2.21176e-08 2.54682e-09 1.5825e-10 0 
0 4.92198e-06 5.62168e-05 0.00032971 0.00134857 0.00412655 0.00962717 0.0175095 0.0259951 0.0334432 0.0392638 0.0434938 0.0462758 0.0477072 0.047863 0.0468329 0.0447356 0.0417135 0.0379181 0.033501 0.0286273 0.0235206 0.0185067 0.0139779 0.0102477 0.00740522 0.00530972 0.00372159 0.00245031 0.00143398 0.000708071 0.000286368 9.4922e-05 2.63482e-05 6.26963e-06 1.29313e-06 2.29472e-07 3.38395e-08 3.76396e-09 2.26454e-10 0 
0 2.45993e-06 2.77213e-05 0.000161963 0.000671771 0.00214114 0.00536546 0.0107123 0.0174763 0.0242668 0.0300045 0.0342851 0.0371091 0.0385926 0.038857 0.0380164 0.0361876 0.0334965 0.0300873 0.0261435 0.021918 0.0177439 0.0139779 0.0108833 0.00854018 0.00686192 0.0056729 0.00471534 0.00367749 0.00246077 0.00131912 0.000546923 0.000176134 4.59483e-05 1.02157e-05 1.98773e-06 3.36282e-07 4.76024e-08 5.10584e-09 2.97329e-10 0 
0 1.13482e-06 1.25655e-05 7.26417e-05 0.000302061 0.000985204 0.00259404 0.00558281 0.00996254 0.0150991 0.0200661 0.0241539 0.0270415 0.0286802 0.0291421 0.02854 0.0270048 0.0246922 0.0218032 0.0186039 0.015417 0.0125598 0.0102477 0.00854018 0.00741386 0.00697946 0.00744228 0.00824345 0.0078631 0.00571815 0.00305969 0.00120745 0.000355442 8.17046e-05 1.59594e-05 2.81665e-06 4.47253e-07 6.0568e-08 6.26922e-09 3.54042e-10 0 
0 4.83887e-07 5.24564e-06 2.98365e-05 0.000123198 0.000404832 0.00109527 0.00247645 0.00473101 0.00774732 0.0110943 0.0142199 0.0166817 0.0182417 0.0188375 0.0185225 0.0174263 0.0157417 0.0137194 0.0116486 0.00980402 0.008373 0.00740522 0.00686192 0.00697946 0.00902756 0.0144344 0.0208432 0.0222156 0.0164098 0.00833475 0.00297843 0.000773174 0.000151062 2.44084e-05 3.68075e-06 5.33031e-07 6.86899e-08 6.8789e-09 3.78278e-10 0 
0 1.91033e-07 2.0217e-06 1.12639e-05 4.58484e-05 0.000149981 0.000409414 0.00094919 0.00188951 0.00326361 0.00495408 0.00671082 0.00824394 0.00932197 0.00982331 0.00974102 0.00916563 0.00826143 0.00723674 0.00630375 0.00563159 0.00530534 0.00530972 0.0056729 0.00744228 0.0144344 0.0299834 0.0476663 0.0523528 0.0387676 0.0192769 0.00650852 0.00154029 0.000264438 3.55757e-05 4.41461e-06 5.63433e-07 6.85576e-08 6.66926e-09 3.59292e-10 0 
0 6.99577e-08 7.21205e-07 3.92332e-06 1.56615e-05 5.0579e-05 0.000137528 0.000321036 0.00065087 0.00115662 0.00181846 0.00255599 0.00324823 0.00377485 0.00405566 0.00407228 0.00386926 0.00353971 0.00320192 0.00297405 0.00295335 0.00319901 0.00372159 0.00471534 0.00824345 0.0208432 0.0476663 0.0778552 0.0861808 0.0638611 0.0315761 0.0104569 0.0023662 0.00037678 4.47366e-05 4.67397e-06 5.19801e-07 5.95233e-08 5.65985e-09 3.01038e-10 0 
0 2.38082e-08 2.38738e-07 1.26531e-06 4.93672e-06 1.56555e-05 4.20544e-05 9.76843e-05 0.000198599 0.000356509 0.000569497 0.000816021 0.0010578 0.00125197 0.00136684 0.00139368 0.00135024 0.00127621 0.00122451 0.00125396 0.00142643 0.00180443 0.00245031 0.00367749 0.0078631 0.0222156 0.0523528 0.0861808 0.095609 0.0708618 0.034983 0.0115186 0.00256178 0.000393153 4.35935e-05 4.07495e-06 4.07077e-07 4.44385e-08 4.17405e-09 2.21229e-10 0 
0 7.54161e-09 7.34941e-08 3.79005e-07 1.44228e-06 4.47673e-06 1.18224e-05 2.71361e-05 5.48164e-05 9.82982e-05 0.000157599 0.000227465 0.000297722 0.000356374 0.000394277 0.000409219 0.000407689 0.000404267 0.000420171 0.000483455 0.000632628 0.000922064 0.00143398 0.00246077 0.00571815 0.0164098 0.0387676 0.0638611 0.0708618 0.0525214 0.0259257 0.00853171 0.00188924 0.000285621 3.07715e-05 2.74622e-06 2.62402e-07 2.82426e-08 2.66258e-09 1.42083e-10 0 
0 2.22582e-09 2.10728e-08 1.05674e-07 3.91809e-07 1.18822e-06 3.07661e-06 6.95144e-06 1.38821e-05 2.47155e-05 3.95022e-05 5.70457e-05 7.49587e-05 9.03982e-05 0.000101254 0.000107281 0.00011076 0.000116686 0.000133065 0.000172274 0.000254451 0.000413105 0.000708071 0.00131912 0.00305969 0.00833475 0.0192769 0.0315761 0.034983 0.0259257 0.0128123 0.00422943 0.000938617 0.000141683 1.52946e-05 1.38725e-06 1.36997e-07 1.52156e-08 1.4667e-09 7.96234e-11 0 
0 6.12149e-10 5.63084e-09 2.74573e-08 9.91555e-08 2.93578e-07 7.44314e-07 1.65226e-06 3.25353e-06 5.73319e-06 9.10348e-06 1.31102e-05 1.72483e-05 2.0928e-05 2.37491e-05 2.57856e-05 2.77989e-05 3.14136e-05 3.94419e-05 5.6685e-05 9.15916e-05 0.000159012 0.000286368 0.000546923 0.00120745 0.00297843 0.00650852 0.0104569 0.0115186 0.00853171 0.00422943 0.00140434 0.000313561 4.79067e-05 5.36588e-06 5.30321e-07 5.85022e-08 6.97895e-09 6.98637e-10 3.89369e-11 0 
0 1.56683e-10 1.40094e-09 6.64523e-09 2.33784e-08 6.75731e-08 1.67683e-07 3.6542e-07 7.08713e-07 1.2343e-06 1.94413e-06 2.7882e-06 3.66969e-06 4.4807e-06 5.16209e-06 5.77065e-06 6.5434e-06 7.97491e-06 1.09618e-05 1.71052e-05 2.92639e-05 5.2373e-05 9.4922e-05 0.000176134 0.000355442 0.000773174 0.00154029 0.0023662 0.00256178 0.00188924 0.000938617 0.000313561 7.09666e-05 1.12477e-05 1.38106e-06 1.61612e-07 2.10765e-08 2.75215e-09 2.88621e-10 1.66289e-11 0 
0 3.7199e-11 3.2354e-10 1.49395e-09 5.12328e-09 1.44626e-08 3.5134e-08 7.51603e-08 1.43531e-07 2.46955e-07 3.85669e-07 5.50672e-07 7.25229e-07 8.92265e-07 1.04681e-06 1.21128e-06 1.45322e-06 1.91076e-06 2.83875e-06 4.69443e-06 8.27272e-06 1.48576e-05 2.63482e-05 4.59483e-05 8.17046e-05 0.000151062 0.000264438 0.00037678 0.000393153 0.000285621 0.000141683 4.79067e-05 1.12477e-05 1.94802e-06 2.85997e-07 4.2551e-08 6.61398e-09 9.41197e-10 1.03671e-10 6.20429e-12 0 
0 8.13753e-12 6.89122e-11 3.10054e-10 1.0374e-09 2.86227e-09 6.81113e-09 1.43094e-08 2.69139e-08 4.57557e-08 7.08639e-08 1.0078e-07 1.32947e-07 1.65169e-07 1.98092e-07 2.38524e-07 3.03851e-07 4.28842e-07 6.77343e-07 1.16133e-06 2.06536e-06 3.6599e-06 6.26963e-06 1.02157e-05 1.59594e-05 2.44084e-05 3.55757e-05 4.47366e-05 4.35935e-05 3.07715e-05 1.52946e-05 5.36588e-06 1.38106e-06 2.85997e-07 5.44766e-08 1.02803e-08 1.83153e-09 2.79863e-10 3.23702e-11 2.01836e-12 0 
0 1.62023e-12 1.3374e-11 5.86975e-11 1.91819e-10 5.17796e-10 1.20801e-09 2.49424e-09 4.62345e-09 7.77117e-09 1.19437e-08 1.69349e-08 2.24144e-08 2.81997e-08 3.47241e-08 4.3709e-08 5.91358e-08 8.87611e-08 1.46523e-07 2.5589e-07 4.52868e-07 7.84271e-07 1.29313e-06 1.98773e-06 2.81665e-06 3.68075e-06 4.41461e-06 4.67397e-06 4.07495e-06 2.74622e-06 1.38725e-06 5.30321e-07 1.61612e-07 4.2551e-08 1.02803e-08 2.27763e-09 4.44094e-10 7.19865e-11 8.73669e-12 5.68513e-13 0 
0 2.87025e-13 2.31203e-12 9.91062e-12 3.16709e-11 8.37378e-11 1.91732e-10 3.89438e-10 7.12072e-10 1.18436e-09 1.80825e-09 2.55986e-09 3.40693e-09 4.35546e-09 5.53074e-09 7.29997e-09 1.04558e-08 1.64959e-08 2.8022e-08 4.91869e-08 8.58436e-08 1.4458e-07 2.29472e-07 3.36282e-07 4.47253e-07 5.33031e-07 5.63433e-07 5.19801e-07 4.07077e-07 2.62402e-07 1.36997e-07 5.85022e-08 2.10765e-08 6.61398e-09 1.83153e-09 4.44094e-10 9.22725e-11 1.57634e-11 2.00558e-12 1.36271e-13 0 
0 4.32448e-14 3.40353e-13 1.42672e-12 4.46409e-12 1.1575e-11 2.60409e-11 5.20898e-11 9.405e-11 1.54969e-10 2.35358e-10 3.33278e-10 4.4724e-10 5.83199e-10 7.66755e-10 1.06212e-09 1.6006e-09 2.62163e-09 4.52392e-09 7.90528e-09 1.35304e-08 2.21176e-08 3.38395e-08 4.76024e-08 6.0568e-08 6.86899e-08 6.85576e-08 5.95233e-08 4.44385e-08 2.82426e-08 1.52156e-08 6.97895e-09 2.75215e-09 9.41197e-10 2.79863e-10 7.19865e-11 1.57634e-11 2.8277e-12 3.76642e-13 2.67109e-14 0 
0 4.99206e-15 3.8436e-14 1.57762e-13 4.83942e-13 1.23211e-12 2.72696e-12 5.37828e-12 9.60052e-12 1.56923e-11 2.37461e-11 3.37107e-11 4.57574e-11 6.10997e-11 8.34169e-11 1.21079e-10 1.90409e-10 3.20021e-10 5.55289e-10 9.59657e-10 1.60576e-09 2.54682e-09 3.76396e-09 5.10584e-09 6.26922e-09 6.8789e-09 6.66926e-09 5.65985e-09 4.17405e-09 2.66258e-09 1.4667e-09 6.98637e-10 2.88621e-10 1.03671e-10 3.23702e-11 8.73669e-12 2.00558e-12 3.76642e-13 5.24225e-14 3.87607e-15 0 
0 3.14919e-16 2.37495e-15 9.55713e-15 2.87783e-14 7.20348e-14 1.57037e-13 3.05759e-13 5.40318e-13 8.77418e-13 1.32548e-12 1.89141e-12 2.60578e-12 3.57588e-12 5.07679e-12 7.69161e-12 1.2508e-11 2.13528e-11 3.6971e-11 6.29172e-11 1.02765e-10 1.5825e-10 2.26454e-10 2.97329e-10 3.54042e-10 3.78278e-10 3.59292e-10 3.01038e-10 2.21229e-10 1.42083e-10 7.96234e-11 3.89369e-11 1.66289e-11 6.20429e-12 2.01836e-12 5.68513e-13 1.36271e-13 2.67109e-14 3.87607e-15 2.98327e-16 0 
0 0 0 0 0 0 0 0 0 0 0 0 0 0 0 0 0 0 0 0 0 0 0 0 0 0 0 0 0 0 0 0 0 0 0 0 0 0 0 0 0 
