0 0 0 0 0 0 0 0 0 0 0 0 0 0 0 0 0 0 0 0 0 0 0 0 0 0 0 0 0 0 0 0 0 0 0 0 0 0 0 0 0 
0 1.60567e-07 1.45255e-06 6.59105e-06 2.07889e-05 5.05012e-05 9.9725e-05 0.000166672 0.000244036 0.000322288 0.000392963 0.000450169 0.000490584 0.000512831 0.000516845 0.00050345 0.000474159 0.000431139 0.000377265 0.000316176 0.000252202 0.000190053 0.000134194 8.80359e-05 5.32394e-05 2.94843e-05 1.48833e-05 6.83063e-06 2.84858e-06 1.08037e-06 3.73213e-07 1.17598e-07 3.38154e-08 8.86144e-09 2.10651e-09 4.49619e-10 8.43942e-11 1.33397e-11 1.60212e-12 1.04422e-13 0 
0 1.45255e-06 1.35587e-05 6.18254e-05 0.000188605 0.000425445 0.000756278 0.00112275 0.00146657 0.00175616 0.00198323 0.00214984 0.00226015 0.00231781 0.00232591 0.00228746 0.00220548 0.00208277 0.00192163 0.00172399 0.0014927 0.00123411 0.000961122 0.000694303 0.000458106 0.000272484 0.000144833 6.85532e-05 2.8932e-05 1.09356e-05 3.72271e-06 1.14723e-06 3.21145e-07 8.17227e-08 1.8846e-08 3.90228e-09 7.11053e-10 1.09229e-10 1.27671e-11 8.1107e-13 0 
0 6.59105e-06 6.18254e-05 0.000269788 0.000740195 0.00143077 0.00215617 0.0027849 0.0033003 0.00372632 0.00407705 0.0043518 0.00454385 0.0046475 0.00466146 0.00458975 0.00444121 0.00422814 0.00396402 0.00366057 0.00332413 0.00295262 0.00253645 0.00206785 0.00155918 0.00105691 0.000628663 0.000323581 0.000143888 5.57181e-05 1.90219e-05 5.79481e-06 1.58954e-06 3.9444e-07 8.84957e-08 1.7815e-08 3.15694e-09 4.72065e-10 5.37787e-11 3.33479e-12 0 
0 2.07889e-05 0.000188605 0.000740195 0.00170992 0.00276351 0.00367451 0.00447364 0.00521812 0.00590834 0.00651489 0.00700472 0.0073519 0.00754109 0.00756828 0.00744033 0.00717355 0.00679165 0.00632332 0.00579941 0.00524953 0.00469717 0.00415196 0.00360061 0.00300622 0.00233548 0.00161481 0.000953981 0.000471026 0.000194641 6.84983e-05 2.09847e-05 5.69984e-06 1.38844e-06 3.04443e-07 5.97861e-08 1.03314e-08 1.50731e-09 1.67712e-10 1.01705e-11 0 
0 5.05012e-05 0.000425445 0.00143077 0.00276351 0.00398328 0.0051195 0.00626751 0.00741075 0.00848752 0.00943406 0.0101969 0.0107368 0.0110312 0.0110745 0.0108774 0.0104645 0.00987168 0.00914219 0.00832288 0.00746077 0.00659978 0.00577691 0.00501472 0.00430609 0.00359767 0.00280918 0.00192928 0.00110001 0.000506598 0.000190167 5.99223e-05 1.63417e-05 3.94151e-06 8.49547e-07 1.63438e-07 2.76346e-08 3.94492e-09 4.29775e-10 2.55455e-11 0 
0 9.9725e-05 0.000756278 0.00215617 0.00367451 0.0051195 0.00664868 0.00826169 0.00987216 0.0113842 0.0127104 0.0137777 0.0145326 0.0149443 0.0150052 0.0147301 0.0141534 0.0133246 0.0123032 0.0111536 0.00993991 0.00872197 0.00755238 0.00647385 0.00551304 0.00466189 0.0038477 0.00294871 0.00194023 0.00102302 0.000422945 0.0001405 3.90874e-05 9.42743e-06 2.01041e-06 3.80689e-07 6.32175e-08 8.85797e-09 9.4749e-10 5.53373e-11 0 
0 0.000166672 0.00112275 0.0027849 0.00447364 0.00626751 0.00826169 0.01037 0.0124695 0.0144374 0.0161618 0.0175488 0.0185294 0.0190639 0.0191426 0.0187849 0.0180353 0.0169577 0.0156293 0.0141328 0.0125507 0.0109594 0.0094256 0.00800359 0.00673435 0.00563932 0.00469517 0.00379196 0.0027741 0.00166999 0.000774716 0.000277116 7.98767e-05 1.94586e-05 4.13275e-06 7.73979e-07 1.26715e-07 1.74846e-08 1.84155e-09 1.05955e-10 0 
0 0.000244036 0.00146657 0.0033003 0.00521812 0.00741075 0.00987216 0.0124695 0.0150525 0.0174722 0.0195912 0.0212949 0.0224991 0.023155 0.0232507 0.0228098 0.0218874 0.0205624 0.0189288 0.0170881 0.015141 0.0131805 0.0112874 0.00952686 0.00794777 0.00658262 0.00543774 0.00445292 0.00345899 0.00231426 0.00120401 0.00046938 0.000141894 3.52194e-05 7.49468e-06 1.39442e-06 2.25903e-07 3.0794e-08 3.20277e-09 1.82004e-10 0 
0 0.000322288 0.00175616 0.00372632 0.00590834 0.00848752 0.0113842 0.0144374 0.0174722 0.0203138 0.0228015 0.0248018 0.026217 0.0269888 0.0271 0.0265778 0.0254896 0.0239305 0.0220108 0.0198481 0.0175599 0.0152549 0.0130272 0.0109521 0.00908545 0.00746465 0.0061074 0.00498872 0.00397796 0.00285806 0.00164061 0.000697426 0.00022252 5.66152e-05 1.21282e-05 2.2503e-06 3.61935e-07 4.88864e-08 5.03464e-09 2.83297e-10 0 
0 0.000392963 0.00198323 0.00407705 0.00651489 0.00943406 0.0127104 0.0161618 0.0195912 0.0228015 0.0256124 0.0278752 0.0294791 0.0303533 0.0304772 0.0298817 0.0286433 0.0268735 0.0247002 0.0222553 0.0196691 0.0170635 0.0145441 0.0121953 0.0100792 0.00823634 0.00668836 0.00542753 0.00436263 0.00327004 0.00202317 0.000928958 0.000312669 8.17424e-05 1.76789e-05 3.28057e-06 5.25299e-07 7.04922e-08 7.20695e-09 4.0252e-10 0 
0 0.000450169 0.00214984 0.0043518 0.00700472 0.0101969 0.0137777 0.0175488 0.0212949 0.0248018 0.0278752 0.0303499 0.0320923 0.0330283 0.0331565 0.0325153 0.031171 0.0292343 0.026853 0.0241789 0.0213534 0.0185071 0.0157544 0.0131871 0.0108721 0.00885267 0.00715171 0.00576874 0.00463895 0.00355767 0.00231818 0.00113183 0.000399226 0.000107095 2.34045e-05 4.3513e-06 6.95178e-07 9.29007e-08 9.45089e-09 5.25116e-10 0 
0 0.000490584 0.00226015 0.00454385 0.0073519 0.0107368 0.0145326 0.0185294 0.0224991 0.026217 0.0294791 0.0320923 0.033897 0.0348415 0.0349641 0.0343119 0.032926 0.0308909 0.0283638 0.0255243 0.0225288 0.0195132 0.016597 0.0138768 0.0114228 0.00928024 0.0074725 0.0060018 0.00481819 0.00373759 0.00251589 0.00128283 0.00046901 0.000128493 2.83453e-05 5.28414e-06 8.43687e-07 1.12502e-07 1.14125e-08 6.32176e-10 0 
0 0.000512831 0.00231781 0.0046475 0.00754109 0.0110312 0.0149443 0.0190639 0.023155 0.0269888 0.0303533 0.0330283 0.0348415 0.0357715 0.0358855 0.0352352 0.0338444 0.0317713 0.0291684 0.0262367 0.0231478 0.0200408 0.0170369 0.014235 0.0117072 0.00949947 0.00763522 0.00611758 0.00490374 0.00382333 0.00261875 0.00136965 0.000512134 0.000142297 3.1609e-05 5.90864e-06 9.43958e-07 1.25821e-07 1.27528e-08 7.0571e-10 0 
0 0.000516845 0.00232591 0.00466146 0.00756828 0.0110745 0.0150052 0.0191426 0.0232507 0.0271 0.0304772 0.0331565 0.0349641 0.0358855 0.0359933 0.0353398 0.0339462 0.0318659 0.0292498 0.0263029 0.0232002 0.0200809 0.0170662 0.014255 0.0117193 0.00950492 0.00763504 0.00611281 0.0048974 0.00382363 0.00263295 0.00138892 0.00052373 0.000146408 3.26464e-05 6.11705e-06 9.78835e-07 1.30634e-07 1.32553e-08 7.34315e-10 0 
0 0.00050345 0.00228746 0.00458975 0.00744033 0.0108774 0.0147301 0.0187849 0.0228098 0.0265778 0.0298817 0.0325153 0.0343119 0.0352352 0.0353398 0.0346759 0.0332759 0.0312117 0.0286399 0.0257521 0.0227118 0.0196555 0.0167029 0.0139509 0.0114698 0.00930424 0.00747701 0.00599066 0.00480219 0.00374371 0.00256467 0.0013437 0.000504245 0.000140744 3.14103e-05 5.89808e-06 9.4641e-07 1.26696e-07 1.28976e-08 7.1692e-10 0 
0 0.000474159 0.00220548 0.00444121 0.00717355 0.0104645 0.0141534 0.0180353 0.0218874 0.0254896 0.0286433 0.031171 0.032926 0.0338444 0.0339462 0.0332759 0.0318878 0.029882 0.0274142 0.0246507 0.0217395 0.0188129 0.015987 0.0133547 0.0109834 0.00891588 0.00717413 0.00575941 0.00462226 0.00358608 0.00241973 0.00124222 0.000458873 0.000127136 2.8347e-05 5.33719e-06 8.60272e-07 1.15789e-07 1.18568e-08 6.63137e-10 0 
0 0.000431139 0.00208277 0.00422814 0.00679165 0.00987168 0.0133246 0.0169577 0.0205624 0.0239305 0.0268735 0.0292343 0.0308909 0.0317713 0.0318659 0.0312117 0.029882 0.0279911 0.02568 0.0230922 0.0203638 0.0176216 0.0149752 0.012512 0.0102954 0.00836593 0.00674448 0.00542969 0.00436085 0.003351 0.00220545 0.00109785 0.000396492 0.000108778 2.42441e-05 4.58681e-06 7.44847e-07 1.01132e-07 1.04534e-08 5.9033e-10 0 
0 0.000377265 0.00192163 0.00396402 0.00632332 0.00914219 0.0123032 0.0156293 0.0189288 0.0220108 0.0247002 0.026853 0.0283638 0.0291684 0.0292498 0.0286399 0.0274142 0.02568 0.023561 0.0211855 0.0186804 0.0161632 0.0137352 0.011477 0.00944736 0.0076843 0.00620752 0.00501058 0.0040175 0.00303786 0.00193452 0.000929377 0.000328168 8.9424e-05 2.00092e-05 3.82216e-06 6.28337e-07 8.64641e-08 9.06139e-09 5.18805e-10 0 
0 0.000316176 0.00172399 0.00366057 0.00579941 0.00832288 0.0111536 0.0141328 0.0170881 0.0198481 0.0222553 0.0241789 0.0255243 0.0262367 0.0263029 0.0257521 0.0246507 0.0230922 0.0211855 0.0190469 0.0167914 0.0145251 0.0123393 0.010307 0.00848228 0.00690067 0.00557977 0.00450509 0.00358669 0.00265036 0.00162971 0.000760254 0.000265304 7.26035e-05 1.6467e-05 3.20123e-06 5.36215e-07 7.51719e-08 8.01939e-09 4.66857e-10 0 
0 0.000252202 0.0014927 0.00332413 0.00524953 0.00746077 0.00993991 0.0125507 0.015141 0.0175599 0.0196691 0.0213534 0.0225288 0.0231478 0.0232002 0.0227118 0.0217395 0.0203638 0.0186804 0.0167914 0.0147981 0.0127936 0.0108585 0.00905807 0.00744117 0.00604075 0.0048706 0.00390776 0.0030631 0.00220652 0.00132618 0.000615398 0.000217758 6.10802e-05 1.42385e-05 2.84109e-06 4.87107e-07 6.96849e-08 7.56389e-09 4.46813e-10 0 
0 0.000190053 0.00123411 0.00295262 0.00469717 0.00659978 0.00872197 0.0109594 0.0131805 0.0152549 0.0170635 0.0185071 0.0195132 0.0200408 0.0200809 0.0196555 0.0188129 0.0176216 0.0161632 0.0145251 0.0127936 0.0110483 0.00935867 0.00778146 0.0063602 0.00512414 0.00408292 0.00321538 0.00246228 0.00174906 0.00106509 0.000515166 0.000192277 5.66272e-05 1.37067e-05 2.80966e-06 4.90821e-07 7.11176e-08 7.78454e-09 4.62219e-10 0 
0 0.000134194 0.000961122 0.00253645 0.00415196 0.00577691 0.00755238 0.0094256 0.0112874 0.0130272 0.0145441 0.0157544 0.016597 0.0170369 0.0170662 0.0167029 0.015987 0.0149752 0.0137352 0.0123393 0.0108585 0.00935867 0.00789723 0.00652203 0.00527114 0.00417313 0.00324521 0.00248676 0.00187093 0.00134843 0.000874976 0.000466301 0.000190849 5.9885e-05 1.49991e-05 3.119e-06 5.4653e-07 7.89551e-08 8.58932e-09 5.05995e-10 0 
0 8.80359e-05 0.000694303 0.00206785 0.00360061 0.00501472 0.00647385 0.00800359 0.00952686 0.0109521 0.0121953 0.0131871 0.0138768 0.014235 0.014255 0.0139509 0.0133547 0.012512 0.011477 0.010307 0.00905807 0.00778146 0.00652203 0.00531926 0.00421624 0.00327547 0.00255929 0.00204462 0.00161154 0.0011852 0.000793482 0.000461355 0.000209207 6.99663e-05 1.78891e-05 3.70367e-06 6.39359e-07 9.06879e-08 9.68227e-09 5.60155e-10 0 
0 5.32394e-05 0.000458106 0.00155918 0.00300622 0.00430609 0.00551304 0.00673435 0.00794777 0.00908545 0.0100792 0.0108721 0.0114228 0.0117072 0.0117193 0.0114698 0.0109834 0.0102954 0.00944736 0.00848228 0.00744117 0.0063602 0.00527114 0.00421624 0.00330326 0.00275422 0.00272753 0.00295133 0.00280609 0.00206105 0.00116534 0.000564937 0.000247256 8.48199e-05 2.16884e-05 4.39281e-06 7.37331e-07 1.01743e-07 1.05915e-08 5.99e-10 0 
0 2.94843e-05 0.000272484 0.00105691 0.00233548 0.00359767 0.00466189 0.00563932 0.00658262 0.00746465 0.00823634 0.00885267 0.00928024 0.00949947 0.00950492 0.00930424 0.00891588 0.00836593 0.0076843 0.00690067 0.00604075 0.00512414 0.00417313 0.00327547 0.00275422 0.00323891 0.00510635 0.00736775 0.00785504 0.00580098 0.00295272 0.00109026 0.000348662 0.000104914 2.54509e-05 4.92667e-06 7.95975e-07 1.06491e-07 1.08018e-08 5.97417e-10 0 
0 1.48833e-05 0.000144833 0.000628663 0.00161481 0.00280918 0.0038477 0.00469517 0.00543774 0.0061074 0.00668836 0.00715171 0.0074725 0.00763522 0.00763504 0.00747701 0.00717413 0.00674448 0.00620752 0.00557977 0.0048706 0.00408292 0.00324521 0.00255929 0.00272753 0.00510635 0.010598 0.0175051 0.0199788 0.013761 0.00681372 0.00230659 0.000579604 0.0001339 2.82677e-05 5.0458e-06 7.7602e-07 1.00681e-07 9.98689e-09 5.42392e-10 0 
0 6.83063e-06 6.85532e-05 0.000323581 0.000953981 0.00192928 0.00294871 0.00379196 0.00445292 0.00498872 0.00542753 0.00576874 0.0060018 0.00611758 0.00611281 0.00599066 0.00575941 0.00542969 0.00501058 0.00450509 0.00390776 0.00321538 0.00248676 0.00204462 0.00295133 0.00736775 0.0175051 0.0270213 0.0282905 0.0234968 0.011233 0.00369723 0.000852591 0.0001619 2.86941e-05 4.58853e-06 6.66069e-07 8.40896e-08 8.21236e-09 4.40944e-10 0 
0 2.84858e-06 2.8932e-05 0.000143888 0.000471026 0.00110001 0.00194023 0.0027741 0.00345899 0.00397796 0.00436263 0.00463895 0.00481819 0.00490374 0.0048974 0.00480219 0.00462226 0.00436085 0.0040175 0.00358669 0.0030631 0.00246228 0.00187093 0.00161154 0.00280609 0.00785504 0.0199788 0.0282905 0.0292589 0.0259123 0.0127757 0.00407194 0.000915953 0.000159337 2.47806e-05 3.57615e-06 4.92829e-07 6.10952e-08 5.93055e-09 3.17491e-10 0 
0 1.08037e-06 1.09356e-05 5.57181e-05 0.000194641 0.000506598 0.00102302 0.00166999 0.00231426 0.00285806 0.00327004 0.00355767 0.00373759 0.00382333 0.00382363 0.00374371 0.00358608 0.003351 0.00303786 0.00265036 0.00220652 0.00174906 0.00134843 0.0011852 0.00206105 0.00580098 0.013761 0.0234968 0.0259123 0.0190018 0.00916435 0.00301669 0.0006781 0.000115679 1.68878e-05 2.29756e-06 3.08863e-07 3.82309e-08 3.73209e-09 2.01093e-10 0 
0 3.73213e-07 3.72271e-06 1.90219e-05 6.84983e-05 0.000190167 0.000422945 0.000774716 0.00120401 0.00164061 0.00202317 0.00231818 0.00251589 0.00261875 0.00263295 0.00256467 0.00241973 0.00220545 0.00193452 0.00162971 0.00132618 0.00106509 0.000874976 0.000793482 0.00116534 0.00295272 0.00681372 0.011233 0.0127757 0.00916435 0.00452888 0.00149863 0.000343696 5.99099e-05 8.70672e-06 1.18751e-06 1.62412e-07 2.05124e-08 2.03917e-09 1.11634e-10 0 
0 1.17598e-07 1.14723e-06 5.79481e-06 2.09847e-05 5.99223e-05 0.0001405 0.000277116 0.00046938 0.000697426 0.000928958 0.00113183 0.00128283 0.00136965 0.00138892 0.0013437 0.00124222 0.00109785 0.000929377 0.000760254 0.000615398 0.000515166 0.000466301 0.000461355 0.000564937 0.00109026 0.00230659 0.00369723 0.00407194 0.00301669 0.00149863 0.000505908 0.000121615 2.22408e-05 3.39727e-06 4.954e-07 7.18574e-08 9.44494e-09 9.66933e-10 5.42424e-11 0 
0 3.38154e-08 3.21145e-07 1.58954e-06 5.69984e-06 1.63417e-05 3.90874e-05 7.98767e-05 0.000141894 0.00022252 0.000312669 0.000399226 0.00046901 0.000512134 0.00052373 0.000504245 0.000458873 0.000396492 0.000328168 0.000265304 0.000217758 0.000192277 0.000190849 0.000209207 0.000247256 0.000348662 0.000579604 0.000852591 0.000915953 0.0006781 0.000343696 0.000121615 3.11481e-05 6.14268e-06 1.04591e-06 1.71667e-07 2.70796e-08 3.74847e-09 3.98456e-10 2.30653e-11 0 
0 8.86144e-09 8.17227e-08 3.9444e-07 1.38844e-06 3.94151e-06 9.42743e-06 1.94586e-05 3.52194e-05 5.66152e-05 8.17424e-05 0.000107095 0.000128493 0.000142297 0.000146408 0.000140744 0.000127136 0.000108778 8.9424e-05 7.26035e-05 6.10802e-05 5.66272e-05 5.9885e-05 6.99663e-05 8.48199e-05 0.000104914 0.0001339 0.0001619 0.000159337 0.000115679 5.99099e-05 2.22408e-05 6.14268e-06 1.36747e-06 2.72364e-07 5.12086e-08 8.80586e-09 1.28817e-09 1.42901e-10 8.58057e-12 0 
0 2.10651e-09 1.8846e-08 8.84957e-08 3.04443e-07 8.49547e-07 2.01041e-06 4.13275e-06 7.49468e-06 1.21282e-05 1.76789e-05 2.34045e-05 2.83453e-05 3.1609e-05 3.26464e-05 3.14103e-05 2.8347e-05 2.42441e-05 2.00092e-05 1.6467e-05 1.42385e-05 1.37067e-05 1.49991e-05 1.78891e-05 2.16884e-05 2.54509e-05 2.82677e-05 2.86941e-05 2.47806e-05 1.68878e-05 8.70672e-06 3.39727e-06 1.04591e-06 2.72364e-07 6.35612e-08 1.34179e-08 2.48633e-09 3.83976e-10 4.45744e-11 2.786e-12 0 
0 4.49619e-10 3.90228e-09 1.7815e-08 5.97861e-08 1.63438e-07 3.80689e-07 7.73979e-07 1.39442e-06 2.2503e-06 3.28057e-06 4.3513e-06 5.28414e-06 5.90864e-06 6.11705e-06 5.89808e-06 5.33719e-06 4.58681e-06 3.82216e-06 3.20123e-06 2.84109e-06 2.80966e-06 3.119e-06 3.70367e-06 4.39281e-06 4.92667e-06 5.0458e-06 4.58853e-06 3.57615e-06 2.29756e-06 1.18751e-06 4.954e-07 1.71667e-07 5.12086e-08 1.34179e-08 3.08044e-09 6.07619e-10 9.8866e-11 1.20235e-11 7.83783e-13 0 
0 8.43942e-11 7.11053e-10 3.15694e-09 1.03314e-08 2.76346e-08 6.32175e-08 1.26715e-07 2.25903e-07 3.61935e-07 5.25299e-07 6.95178e-07 8.43687e-07 9.43958e-07 9.78835e-07 9.4641e-07 8.60272e-07 7.44847e-07 6.28337e-07 5.36215e-07 4.87107e-07 4.90821e-07 5.4653e-07 6.39359e-07 7.37331e-07 7.95975e-07 7.7602e-07 6.66069e-07 4.92829e-07 3.08863e-07 1.62412e-07 7.18574e-08 2.70796e-08 8.80586e-09 2.48633e-09 6.07619e-10 1.26612e-10 2.16618e-11 2.75952e-12 1.87743e-13 0 
0 1.33397e-11 1.09229e-10 4.72065e-10 1.50731e-09 3.94492e-09 8.85797e-09 1.74846e-08 3.0794e-08 4.88864e-08 7.04922e-08 9.29007e-08 1.12502e-07 1.25821e-07 1.30634e-07 1.26696e-07 1.15789e-07 1.01132e-07 8.64641e-08 7.51719e-08 6.96849e-08 7.11176e-08 7.89551e-08 9.06879e-08 1.01743e-07 1.06491e-07 1.00681e-07 8.40896e-08 6.10952e-08 3.82309e-08 2.05124e-08 9.44494e-09 3.74847e-09 1.28817e-09 3.83976e-10 9.8866e-11 2.16618e-11 3.88816e-12 5.18291e-13 3.679e-14 0 
0 1.60212e-12 1.27671e-11 5.37787e-11 1.67712e-10 4.29775e-10 9.4749e-10 1.84155e-09 3.20277e-09 5.03464e-09 7.20695e-09 9.45089e-09 1.14125e-08 1.27528e-08 1.32553e-08 1.28976e-08 1.18568e-08 1.04534e-08 9.06139e-09 8.01939e-09 7.56389e-09 7.78454e-09 8.58932e-09 9.68227e-09 1.05915e-08 1.08018e-08 9.98689e-09 8.21236e-09 5.93055e-09 3.73209e-09 2.03917e-09 9.66933e-10 3.98456e-10 1.42901e-10 4.45744e-11 1.20235e-11 2.75952e-12 5.18291e-13 7.21647e-14 5.33888e-15 0 
0 1.04422e-13 8.1107e-13 3.33479e-12 1.01705e-11 2.55455e-11 5.53373e-11 1.05955e-10 1.82004e-10 2.83297e-10 4.0252e-10 5.25116e-10 6.32176e-10 7.0571e-10 7.34315e-10 7.1692e-10 6.63137e-10 5.9033e-10 5.18805e-10 4.66857e-10 4.46813e-10 4.62219e-10 5.05995e-10 5.60155e-10 5.99e-10 5.97417e-10 5.42392e-10 4.40944e-10 3.17491e-10 2.01093e-10 1.11634e-10 5.42424e-11 2.30653e-11 8.58057e-12 2.786e-12 7.83783e-13 1.87743e-13 3.679e-14 5.33888e-15 4.11029e-16 0 
0 0 0 0 0 0 0 0 0 0 0 0 0 0 0 0 0 0 0 0 0 0 0 0 0 0 0 0 0 0 0 0 0 0 0 0 0 0 0 0 0 
