0 0 0 0 0 0 0 0 0 0 0 0 0 0 0 0 0 0 0 0 0 0 0 0 0 0 0 0 0 0 0 0 0 0 0 0 0 0 0 0 0 
0 1.66791e-07 1.44696e-06 6.04523e-06 1.68415e-05 3.50564e-05 5.86269e-05 8.35185e-05 0.000106213 0.000124872 0.000139074 0.000149121 0.00015552 0.000158735 0.000159103 0.000156835 0.000152038 0.000144736 0.000134913 0.00012259 0.000107928 9.13566e-05 7.36627e-05 5.59863e-05 3.9656e-05 2.58796e-05 1.53973e-05 8.28024e-06 4.00166e-06 1.7332e-06 6.72663e-07 2.34239e-07 7.32947e-08 2.06111e-08 5.19385e-09 1.16288e-09 2.26939e-10 3.70206e-11 4.56103e-12 3.03463e-13 0 
0 1.44696e-06 1.26014e-05 4.97845e-05 0.000122233 0.000212736 0.000292871 0.000350222 0.000388676 0.000415823 0.000436448 0.000452231 0.000463211 0.000468997 0.000469397 0.00046465 0.000455409 0.000442581 0.000427037 0.000409207 0.000388632 0.000363651 0.00033159 0.000289834 0.000237825 0.000179018 0.000120913 7.1997e-05 3.73977e-05 1.69017e-05 6.67166e-06 2.317e-06 7.13327e-07 1.95701e-07 4.78866e-08 1.03887e-08 1.96355e-09 3.10417e-10 3.71097e-11 2.39975e-12 0 
0 6.04523e-06 4.97845e-05 0.000168471 0.000326876 0.000448903 0.000524527 0.000582989 0.000641185 0.000700184 0.000755204 0.000801153 0.000834271 0.000852374 0.000854761 0.000842059 0.000816035 0.00077939 0.000735542 0.000688383 0.000641907 0.00059949 0.000562543 0.000528525 0.000489393 0.000433172 0.000351495 0.000250282 0.000151127 7.61353e-05 3.20753e-05 1.14657e-05 3.54068e-06 9.58616e-07 2.29358e-07 4.84299e-08 8.89364e-09 1.36597e-09 1.58793e-10 9.99989e-12 0 
0 1.68415e-05 0.000122233 0.000326876 0.000498809 0.000607087 0.000710139 0.000829283 0.000956698 0.00108036 0.0011905 0.00127978 0.00134314 0.00137768 0.00138264 0.00135928 0.00131057 0.00124089 0.00115556 0.0010605 0.000961894 0.00086607 0.000779362 0.000707426 0.000652774 0.000609723 0.000559648 0.000476395 0.000350411 0.000210312 0.000100583 3.87301e-05 1.23524e-05 3.35902e-06 7.94243e-07 1.64347e-07 2.94631e-08 4.41238e-09 5.00283e-10 3.07603e-11 0 
0 3.50564e-05 0.000212736 0.000448903 0.000607087 0.000757189 0.000940925 0.00114584 0.00135395 0.00155055 0.00172345 0.0018628 0.00196144 0.00201522 0.00202314 0.00198712 0.00191169 0.00180339 0.00167013 0.00152047 0.00136306 0.00120613 0.00105739 0.000924205 0.000813856 0.000732089 0.000676651 0.000626163 0.000539679 0.000392917 0.000223755 9.7402e-05 3.32391e-05 9.28261e-06 2.19836e-06 4.49542e-07 7.91317e-08 1.16057e-08 1.28797e-09 7.7555e-11 0 
0 5.86269e-05 0.000292871 0.000524527 0.000710139 0.000940925 0.00121512 0.00150931 0.00180348 0.00207971 0.00232198 0.00251696 0.00265493 0.00273023 0.00274138 0.00269105 0.00258563 0.00243419 0.0022476 0.00203758 0.00181586 0.00159337 0.00137981 0.0011835 0.00101184 0.000872263 0.000771489 0.000707494 0.000652202 0.000549763 0.000374816 0.000190577 7.19452e-05 2.11261e-05 5.08504e-06 1.03706e-06 1.80363e-07 2.60271e-08 2.83789e-09 1.67895e-10 0 
0 8.35185e-05 0.000350222 0.000582989 0.000829283 0.00114584 0.00150931 0.00189444 0.00227797 0.00263749 0.00295272 0.00320822 0.00339577 0.00350605 0.00352378 0.0034486 0.00330044 0.00309894 0.00285531 0.00258183 0.0022928 0.00200211 0.00172191 0.00146219 0.0012309 0.00103477 0.000880861 0.000775493 0.000711637 0.000645088 0.000507479 0.000302515 0.000129077 4.06654e-05 1.00862e-05 2.0697e-06 3.57798e-07 5.10347e-08 5.48797e-09 3.20038e-10 0 
0 0.000106213 0.000388676 0.000641185 0.000956698 0.00135395 0.00180348 0.00227797 0.00274985 0.00319248 0.00358943 0.00395785 0.00427358 0.00445597 0.00448567 0.00436864 0.00411736 0.00379255 0.00346294 0.00312208 0.00276601 0.00240786 0.00206203 0.00174041 0.00145201 0.00120347 0.00100054 0.000849994 0.00075547 0.000694885 0.000597767 0.000408444 0.000197758 6.76724e-05 1.74792e-05 3.63557e-06 6.2804e-07 8.89135e-08 9.46271e-09 5.45626e-10 0 
0 0.000124872 0.000415823 0.000700184 0.00108036 0.00155055 0.00207971 0.00263749 0.00319248 0.00372575 0.00428741 0.00478497 0.00505655 0.00517539 0.00519324 0.00511988 0.00493549 0.00458383 0.00408989 0.00363366 0.00320834 0.00278683 0.00237985 0.00200076 0.00165977 0.00136387 0.00111798 0.00092733 0.000798194 0.000723818 0.000650083 0.000491596 0.000266892 9.94197e-05 2.68904e-05 5.69725e-06 9.87443e-07 1.39234e-07 1.47107e-08 8.41051e-10 0 
0 0.000139074 0.000436448 0.000755204 0.0011905 0.00172345 0.00232198 0.00295272 0.00358943 0.00428741 0.00493595 0.00527175 0.00544507 0.00552644 0.00553865 0.00548668 0.00536267 0.00513896 0.00473532 0.0041339 0.00359938 0.00311748 0.00265697 0.00222789 0.0018413 0.00150469 0.00122265 0.000998987 0.000839449 0.000744851 0.000678259 0.000548495 0.000326813 0.000131573 3.72581e-05 8.05661e-06 1.40444e-06 1.97746e-07 2.07946e-08 1.18172e-09 0 
0 0.000149121 0.000452231 0.000801153 0.00127978 0.0018628 0.00251696 0.00320822 0.00395785 0.00478497 0.00527175 0.00552086 0.00565945 0.00572657 0.00573647 0.00569267 0.00559059 0.00541428 0.00512166 0.0046027 0.00393848 0.00338318 0.00287812 0.00240907 0.00198616 0.00161725 0.00130683 0.00105781 0.000874706 0.000761313 0.000693001 0.000583463 0.000372308 0.000159743 4.71e-05 1.03834e-05 1.82206e-06 2.56606e-07 2.69112e-08 1.52328e-09 0 
0 0.00015552 0.000463211 0.000834271 0.00134314 0.00196144 0.00265493 0.00339577 0.00427358 0.00505655 0.00544507 0.00565945 0.00578276 0.00584322 0.0058519 0.00581171 0.0057193 0.00556295 0.00531357 0.00489208 0.00421397 0.00357351 0.00303224 0.00253506 0.00208676 0.00169535 0.00136528 0.0010989 0.000899755 0.000772501 0.000699869 0.00060235 0.000402124 0.000180633 5.49294e-05 1.22999e-05 2.17137e-06 3.06134e-07 3.20665e-08 1.81107e-09 0 
0 0.000158735 0.000468997 0.000852374 0.00137768 0.00201522 0.00273023 0.00350605 0.00445597 0.00517539 0.00552644 0.00572657 0.00584322 0.00590061 0.00590853 0.00586966 0.00578109 0.00563275 0.00540017 0.00501945 0.00437217 0.00367883 0.00311291 0.00260051 0.00213872 0.0017354 0.00139495 0.00111945 0.000911852 0.000776945 0.000701081 0.000609599 0.000417053 0.00019239 5.96177e-05 1.34848e-05 2.39088e-06 3.37528e-07 3.53508e-08 1.99503e-09 0 
0 0.000159103 0.000469397 0.000854761 0.00138264 0.00202314 0.00274138 0.00352378 0.00448567 0.00519324 0.00553865 0.00573647 0.0058519 0.00590853 0.00591597 0.00587682 0.00578826 0.00564042 0.0054095 0.00503371 0.0043916 0.00368853 0.00311836 0.00260416 0.00214093 0.0017364 0.00139491 0.00111844 0.000909775 0.000773655 0.000697271 0.000607662 0.00041833 0.000194418 6.05988e-05 1.37567e-05 2.44412e-06 3.45453e-07 3.62072e-08 2.04437e-09 0 
0 0.000156835 0.00046465 0.000842059 0.00135928 0.00198712 0.00269105 0.0034486 0.00436864 0.00511988 0.00548668 0.00569267 0.00581171 0.00586966 0.00587682 0.00583595 0.0057439 0.00558985 0.00534723 0.00494538 0.00427579 0.00360404 0.00305174 0.0025486 0.00209534 0.00169974 0.00136606 0.00109634 0.00089357 0.000762359 0.000688357 0.000597225 0.000406856 0.000187065 5.79142e-05 1.31117e-05 2.32899e-06 3.29499e-07 3.45865e-08 1.95616e-09 0 
0 0.000152038 0.000455409 0.000816035 0.00131057 0.00191169 0.00258563 0.00330044 0.00411736 0.00493549 0.00536267 0.00559059 0.0057193 0.00578109 0.00578826 0.0057439 0.00564408 0.00547526 0.00520312 0.00473331 0.00404152 0.00344187 0.00292068 0.00243968 0.00200648 0.00162879 0.00131079 0.00105474 0.000864167 0.000743237 0.000673604 0.000577435 0.000383098 0.000171439 5.21485e-05 1.17122e-05 2.07622e-06 2.9403e-07 3.09365e-08 1.75487e-09 0 
0 0.000144736 0.000442581 0.00077939 0.00124089 0.00180339 0.00243419 0.00309894 0.00379255 0.00458383 0.00513896 0.00541428 0.00556295 0.00563275 0.00564042 0.00558985 0.00547526 0.0052768 0.00494108 0.00436214 0.0037406 0.00322028 0.00273574 0.00228574 0.00188081 0.00152834 0.00123246 0.000995876 0.00082284 0.000716239 0.000651091 0.000546059 0.000347499 0.000149372 4.42931e-05 9.83573e-06 1.73883e-06 2.4664e-07 2.60427e-08 1.48376e-09 0 
0 0.000134913 0.000427037 0.000735542 0.00115556 0.00167013 0.0022476 0.00285531 0.00346294 0.00408989 0.00473532 0.00512166 0.00531357 0.00540017 0.0054095 0.00534723 0.00520312 0.00494109 0.00447806 0.00390756 0.00341575 0.00295288 0.0025092 0.00209667 0.00172588 0.00140384 0.00113474 0.000921948 0.000770341 0.000679859 0.000616756 0.000499923 0.000301304 0.000123412 3.5559e-05 7.80358e-06 1.377e-06 1.95908e-07 2.07942e-08 1.192e-09 0 
0 0.00012259 0.000409207 0.000688383 0.0010605 0.00152047 0.00203758 0.00258183 0.00312208 0.00363366 0.0041339 0.0046027 0.00489208 0.00501945 0.00503371 0.00494538 0.00473331 0.00436214 0.00390756 0.00348386 0.00306777 0.0026535 0.00225418 0.00188293 0.00154958 0.00126079 0.00102095 0.000834254 0.000705423 0.000629218 0.000563685 0.000436338 0.0002476 9.66873e-05 2.71552e-05 5.9088e-06 1.04365e-06 1.49292e-07 1.59628e-08 9.22374e-10 0 
0 0.000107928 0.000388632 0.000641907 0.000961894 0.00136306 0.00181586 0.0022928 0.00276601 0.00320834 0.00359938 0.00393848 0.00421397 0.00437217 0.0043916 0.00427579 0.00404152 0.0037406 0.00341575 0.00306777 0.00270337 0.00233717 0.00198367 0.00165476 0.00135942 0.001104 0.000893256 0.000731814 0.000622549 0.000554339 0.000483661 0.000356239 0.000192031 7.24767e-05 2.00685e-05 4.36213e-06 7.74727e-07 1.11742e-07 1.20575e-08 7.03126e-10 0 
0 9.13566e-05 0.000363651 0.00059949 0.00086607 0.00120613 0.00159337 0.00200211 0.00240786 0.00278683 0.00311748 0.00338318 0.00357351 0.00367883 0.00368853 0.00360404 0.00344187 0.00322028 0.00295288 0.0026535 0.00233717 0.00201834 0.00170968 0.00142156 0.00116207 0.000937327 0.000752166 0.000610274 0.000511541 0.000444101 0.000374881 0.000268131 0.000142167 5.34979e-05 1.48945e-05 3.26629e-06 5.85656e-07 8.52492e-08 9.27705e-09 5.4514e-10 0 
0 7.36627e-05 0.00033159 0.000562543 0.000779362 0.00105739 0.00137981 0.00172191 0.00206203 0.00237985 0.00265697 0.00287812 0.00303224 0.00311291 0.00311836 0.00305174 0.00292068 0.00273574 0.0025092 0.00225418 0.00198367 0.00170968 0.00144271 0.00119156 0.000963538 0.000764821 0.000600147 0.000471212 0.000376209 0.000309693 0.000255799 0.000187787 0.000104568 4.10874e-05 1.17605e-05 2.61825e-06 4.73131e-07 6.91525e-08 7.54234e-09 4.43751e-10 0 
0 5.59863e-05 0.000289834 0.000528525 0.000707426 0.000924205 0.0011835 0.00146219 0.00174041 0.00200076 0.00222789 0.00240907 0.00253506 0.00260051 0.00260416 0.0025486 0.00243968 0.00228574 0.00209667 0.00188293 0.00165476 0.00142156 0.00119156 0.000972187 0.000771595 0.000600897 0.000470648 0.000377 0.000299596 0.000227885 0.000171885 0.000129484 8.04599e-05 3.45989e-05 1.03394e-05 2.32865e-06 4.19609e-07 6.08452e-08 6.57576e-09 3.83401e-10 0 
0 3.9656e-05 0.000237825 0.000489393 0.000652774 0.000813856 0.00101184 0.0012309 0.00145201 0.00165977 0.0018413 0.00198616 0.00208676 0.00213872 0.00214093 0.00209534 0.00200648 0.00188081 0.00172588 0.00154958 0.00135942 0.00116207 0.000963538 0.000771595 0.00060503 0.000503889 0.000498436 0.0005392 0.000512664 0.000376698 0.000214674 0.000113972 6.6967e-05 3.16623e-05 9.94946e-06 2.24784e-06 3.9864e-07 5.6637e-08 6.00104e-09 3.43689e-10 0 
0 2.58796e-05 0.000179018 0.000433172 0.000609723 0.000732089 0.000872263 0.00103477 0.00120347 0.00136387 0.00150469 0.00161725 0.00169535 0.0017354 0.0017364 0.00169974 0.00162879 0.00152834 0.00140384 0.00126079 0.001104 0.000937327 0.000764821 0.000600897 0.000503889 0.000591727 0.000932846 0.0015155 0.00182386 0.00106661 0.000539422 0.000199963 7.14553e-05 3.03753e-05 9.80758e-06 2.20287e-06 3.81322e-07 5.27527e-08 5.45546e-09 3.05899e-10 0 
0 1.53973e-05 0.000120913 0.000351495 0.000559648 0.000676651 0.000771489 0.000880861 0.00100054 0.00111798 0.00122265 0.00130683 0.00136528 0.00139495 0.00139491 0.00136606 0.00131079 0.00123246 0.00113474 0.00102095 0.000893256 0.000752166 0.000600147 0.000470648 0.000498436 0.000932846 0.00217754 0.00359651 0.00370932 0.00311252 0.0012511 0.000421395 0.000107737 3.1339e-05 9.38907e-06 2.05299e-06 3.45115e-07 4.64998e-08 4.70263e-09 2.58763e-10 0 
0 8.28024e-06 7.1997e-05 0.000250282 0.000476395 0.000626163 0.000707494 0.000775493 0.000849994 0.00092733 0.000998987 0.00105781 0.0010989 0.00111945 0.00111844 0.00109634 0.00105474 0.000995876 0.000921948 0.000834254 0.000731814 0.000610274 0.000471212 0.000377 0.0005392 0.0015155 0.00359651 0.00399909 0.00404667 0.00382942 0.00265774 0.000675594 0.000156232 3.36748e-05 8.45617e-06 1.73876e-06 2.82464e-07 3.72292e-08 3.70542e-09 2.01316e-10 0 
0 4.00166e-06 3.73977e-05 0.000151127 0.000350411 0.000539679 0.000652202 0.000711637 0.00075547 0.000798194 0.000839449 0.000874706 0.000899755 0.000911852 0.000909775 0.00089357 0.000864167 0.00082284 0.000770341 0.000705423 0.000622549 0.000511541 0.000376209 0.000299596 0.000512664 0.00182386 0.00370932 0.00404667 0.0040921 0.00392106 0.00311371 0.000752239 0.0001676 3.1916e-05 6.81742e-06 1.2922e-06 2.02852e-07 2.63635e-08 2.60609e-09 1.40973e-10 0 
0 1.7332e-06 1.69017e-05 7.61353e-05 0.000210312 0.000392917 0.000549763 0.000645088 0.000694885 0.000723818 0.000744851 0.000761313 0.000772501 0.000776945 0.000773655 0.000762359 0.000743237 0.000716239 0.000679859 0.000629218 0.000554339 0.000444101 0.000309693 0.000227885 0.000376698 0.00106661 0.00311252 0.00382942 0.00392106 0.00365523 0.00193156 0.0005511 0.000124291 2.34294e-05 4.59811e-06 8.15701e-07 1.2527e-07 1.62522e-08 1.61307e-09 8.76925e-11 0 
0 6.72663e-07 6.67166e-06 3.20753e-05 0.000100583 0.000223755 0.000374816 0.000507479 0.000597767 0.000650083 0.000678259 0.000693001 0.000699869 0.000701081 0.000697271 0.000688357 0.000673604 0.000651091 0.000616756 0.000563685 0.000483661 0.000374881 0.000255799 0.000171885 0.000214674 0.000539422 0.0012511 0.00265774 0.00311371 0.00193156 0.000827352 0.000273811 6.37554e-05 1.28355e-05 2.47119e-06 4.27235e-07 6.57811e-08 8.65302e-09 8.72213e-10 4.81036e-11 0 
0 2.34239e-07 2.317e-06 1.14657e-05 3.87301e-05 9.7402e-05 0.000190577 0.000302515 0.000408444 0.000491596 0.000548495 0.000583463 0.00060235 0.000609599 0.000607662 0.000597225 0.000577435 0.000546059 0.000499923 0.000436338 0.000356239 0.000268131 0.000187787 0.000129484 0.000113972 0.000199963 0.000421395 0.000675594 0.000752239 0.0005511 0.000273811 9.29597e-05 2.38322e-05 5.30949e-06 1.04612e-06 1.84795e-07 2.93269e-08 3.97162e-09 4.10874e-10 2.31867e-11 0 
0 7.32947e-08 7.13327e-07 3.54068e-06 1.23524e-05 3.32391e-05 7.19452e-05 0.000129077 0.000197758 0.000266892 0.000326813 0.000372308 0.000402124 0.000417053 0.00041833 0.000406856 0.000383098 0.000347499 0.000301304 0.0002476 0.000192031 0.000142167 0.000104568 8.04599e-05 6.6967e-05 7.14553e-05 0.000107737 0.000156232 0.0001676 0.000124291 6.37554e-05 2.38322e-05 7.02913e-06 1.70809e-06 3.56889e-07 6.69111e-08 1.11673e-08 1.57472e-09 1.6861e-10 9.80619e-12 0 
0 2.06111e-08 1.95701e-07 9.58616e-07 3.35902e-06 9.28261e-06 2.11261e-05 4.06654e-05 6.76724e-05 9.94197e-05 0.000131573 0.000159743 0.000180633 0.00019239 0.000194418 0.000187065 0.000171439 0.000149372 0.000123412 9.66873e-05 7.24767e-05 5.34979e-05 4.10874e-05 3.45989e-05 3.16623e-05 3.03753e-05 3.1339e-05 3.36748e-05 3.1916e-05 2.34294e-05 1.28355e-05 5.30949e-06 1.70809e-06 4.49149e-07 1.02271e-07 2.06942e-08 3.66167e-09 5.41033e-10 6.03106e-11 3.63467e-12 0 
0 5.19385e-09 4.78866e-08 2.29358e-07 7.94243e-07 2.19836e-06 5.08504e-06 1.00862e-05 1.74792e-05 2.68904e-05 3.72581e-05 4.71e-05 5.49294e-05 5.96177e-05 6.05988e-05 5.79142e-05 5.21485e-05 4.42931e-05 3.5559e-05 2.71552e-05 2.00685e-05 1.48945e-05 1.17605e-05 1.03394e-05 9.94946e-06 9.80758e-06 9.38907e-06 8.45617e-06 6.81742e-06 4.59811e-06 2.47119e-06 1.04612e-06 3.56889e-07 1.02271e-07 2.54476e-08 5.54021e-09 1.03892e-09 1.61265e-10 1.87821e-11 1.17728e-12 0 
0 1.16288e-09 1.03887e-08 4.84299e-08 1.64347e-07 4.49542e-07 1.03706e-06 2.0697e-06 3.63557e-06 5.69725e-06 8.05661e-06 1.03834e-05 1.22999e-05 1.34848e-05 1.37567e-05 1.31117e-05 1.17122e-05 9.83573e-06 7.80358e-06 5.9088e-06 4.36213e-06 3.26629e-06 2.61825e-06 2.32865e-06 2.24784e-06 2.20287e-06 2.05299e-06 1.73876e-06 1.2922e-06 8.15701e-07 4.27235e-07 1.84795e-07 6.69111e-08 2.06942e-08 5.54021e-09 1.28469e-09 2.54548e-10 4.15292e-11 5.06196e-12 3.307e-13 0 
0 2.26939e-10 1.96355e-09 8.89364e-09 2.94631e-08 7.91317e-08 1.80363e-07 3.57798e-07 6.2804e-07 9.87443e-07 1.40444e-06 1.82206e-06 2.17137e-06 2.39088e-06 2.44412e-06 2.32899e-06 2.07622e-06 1.73883e-06 1.377e-06 1.04365e-06 7.74727e-07 5.85656e-07 4.73131e-07 4.19609e-07 3.9864e-07 3.81322e-07 3.45115e-07 2.82464e-07 2.02852e-07 1.2527e-07 6.57811e-08 2.93269e-08 1.11673e-08 3.66167e-09 1.03892e-09 2.54548e-10 5.3129e-11 9.10311e-12 1.16144e-12 7.91474e-14 0 
0 3.70206e-11 3.10417e-10 1.36597e-09 4.41238e-09 1.16057e-08 2.60271e-08 5.10347e-08 8.89135e-08 1.39234e-07 1.97746e-07 2.56606e-07 3.06134e-07 3.37528e-07 3.45453e-07 3.29499e-07 2.9403e-07 2.4664e-07 1.95908e-07 1.49292e-07 1.11742e-07 8.52492e-08 6.91525e-08 6.08452e-08 5.6637e-08 5.27527e-08 4.64998e-08 3.72292e-08 2.63635e-08 1.62522e-08 8.65302e-09 3.97162e-09 1.57472e-09 5.41033e-10 1.61265e-10 4.15292e-11 9.10311e-12 1.63513e-12 2.18171e-13 1.55045e-14 0 
0 4.56103e-12 3.71097e-11 1.58793e-10 5.00283e-10 1.28797e-09 2.83789e-09 5.48797e-09 9.46271e-09 1.47107e-08 2.07946e-08 2.69112e-08 3.20665e-08 3.53508e-08 3.62072e-08 3.45865e-08 3.09365e-08 2.60427e-08 2.07942e-08 1.59628e-08 1.20575e-08 9.27705e-09 7.54234e-09 6.57576e-09 6.00104e-09 5.45546e-09 4.70263e-09 3.70542e-09 2.60609e-09 1.61307e-09 8.72213e-10 4.10874e-10 1.6861e-10 6.03106e-11 1.87821e-11 5.06196e-12 1.16144e-12 2.18171e-13 3.03918e-14 2.2501e-15 0 
0 3.03463e-13 2.39975e-12 9.99989e-12 3.07603e-11 7.7555e-11 1.67895e-10 3.20038e-10 5.45626e-10 8.41051e-10 1.18172e-09 1.52328e-09 1.81107e-09 1.99503e-09 2.04437e-09 1.95616e-09 1.75487e-09 1.48376e-09 1.192e-09 9.22374e-10 7.03126e-10 5.4514e-10 4.43751e-10 3.83401e-10 3.43689e-10 3.05899e-10 2.58763e-10 2.01316e-10 1.40973e-10 8.76925e-11 4.81036e-11 2.31867e-11 9.80619e-12 3.63467e-12 1.17728e-12 3.307e-13 7.91474e-14 1.55045e-14 2.2501e-15 1.73292e-16 0 
0 0 0 0 0 0 0 0 0 0 0 0 0 0 0 0 0 0 0 0 0 0 0 0 0 0 0 0 0 0 0 0 0 0 0 0 0 0 0 0 0 
