0 0 0 0 0 0 0 0 0 0 0 0 0 0 0 0 0 0 0 0 0 0 0 0 0 0 0 0 0 0 0 0 0 0 0 0 0 0 0 0 0 
0 1.29603e-16 1.24428e-15 6.36426e-15 2.42558e-14 7.63125e-14 2.07034e-13 4.95042e-13 1.05591e-12 2.02342e-12 3.49916e-12 5.47762e-12 7.78006e-12 1.00463e-11 1.18165e-11 1.26851e-11 1.24553e-11 1.1212e-11 9.27674e-12 7.07445e-12 4.98729e-12 3.26036e-12 1.98289e-12 1.12561e-12 5.98352e-13 2.98803e-13 1.40598e-13 6.25044e-14 2.63131e-14 1.05072e-14 3.9831e-15 1.43295e-15 4.88286e-16 1.56925e-16 4.71935e-17 1.31006e-17 3.27591e-18 7.04035e-19 1.16907e-19 1.06745e-20 0 
0 1.24428e-15 1.23455e-14 6.52803e-14 2.5715e-13 8.35497e-13 2.33762e-12 5.75373e-12 1.26042e-11 2.47402e-11 4.36951e-11 6.96371e-11 1.00364e-10 1.31065e-10 1.55383e-10 1.67582e-10 1.648e-10 1.4815e-10 1.22094e-10 9.25278e-11 6.46965e-11 4.18833e-11 2.51957e-11 1.41365e-11 7.42469e-12 3.66342e-12 1.70382e-12 7.49209e-13 3.12264e-13 1.23591e-13 4.64954e-14 1.66209e-14 5.63448e-15 1.80336e-15 5.40553e-16 1.49644e-16 3.73266e-17 8.00159e-18 1.32484e-18 1.20544e-19 0 
0 6.36426e-15 6.52803e-14 3.5706e-13 1.45473e-12 4.88491e-12 1.41068e-11 3.57724e-11 8.05499e-11 1.62085e-10 2.92598e-10 4.75103e-10 6.95317e-10 9.18906e-10 1.09875e-09 1.19126e-09 1.17398e-09 1.05459e-09 8.66212e-10 6.52796e-10 4.53053e-10 2.90694e-10 1.7314e-10 9.61218e-11 4.99439e-11 2.43837e-11 1.12275e-11 4.8919e-12 2.02245e-12 7.94977e-13 2.97398e-13 1.05846e-13 3.57632e-14 1.14182e-14 3.41618e-15 9.44191e-16 2.35119e-16 5.02972e-17 8.30491e-18 7.52878e-19 0 
0 2.42558e-14 2.5715e-13 1.45473e-12 6.12998e-12 2.12756e-11 6.34249e-11 1.65737e-10 3.83713e-10 7.91811e-10 1.46157e-09 2.41906e-09 3.59687e-09 4.81335e-09 5.80857e-09 6.33546e-09 6.26214e-09 5.62632e-09 4.61078e-09 3.45955e-09 2.38637e-09 1.51988e-09 8.97807e-10 4.94124e-10 2.54521e-10 1.23235e-10 5.63149e-11 2.43751e-11 1.00226e-11 3.92304e-12 1.46317e-12 5.19737e-13 1.75412e-13 5.59728e-14 1.67404e-14 4.62458e-15 1.15048e-15 2.4568e-16 4.04524e-17 3.65242e-18 0 
0 7.63125e-14 8.35497e-13 4.88491e-12 2.12756e-11 7.62793e-11 2.34634e-10 6.31587e-10 1.50311e-09 3.18056e-09 6.00338e-09 1.01302e-08 1.53087e-08 2.07549e-08 2.52953e-08 2.77798e-08 2.7569e-08 2.48055e-08 2.03116e-08 1.51989e-08 1.04402e-08 6.61459e-09 3.88448e-09 2.12503e-09 1.08826e-09 5.24173e-10 2.38495e-10 1.02893e-10 4.22195e-11 1.65103e-11 6.15837e-12 2.18945e-12 7.39934e-13 2.36449e-13 7.08005e-14 1.95692e-14 4.86626e-15 1.03745e-15 1.70295e-16 1.53047e-17 0 
0 2.07034e-13 2.33762e-12 1.41068e-11 6.34249e-11 2.34634e-10 7.43938e-10 2.06106e-09 5.03879e-09 1.09278e-08 2.10868e-08 3.62763e-08 5.57292e-08 7.65842e-08 9.43361e-08 1.04421e-07 1.04181e-07 9.40216e-08 7.70691e-08 5.76391e-08 3.95251e-08 2.49807e-08 1.46299e-08 7.98236e-09 4.07915e-09 1.96216e-09 8.925e-10 3.8537e-10 1.58435e-10 6.21385e-11 2.3262e-11 8.30312e-12 2.81711e-12 9.03332e-13 2.71187e-13 7.50591e-14 1.86626e-14 3.9715e-15 6.49543e-16 5.80551e-17 0 
0 4.95042e-13 5.75373e-12 3.57724e-11 1.65737e-10 6.31587e-10 2.06106e-09 5.86936e-09 1.47246e-08 3.27035e-08 6.44822e-08 1.13073e-07 1.76611e-07 2.46121e-07 3.06663e-07 3.42532e-07 3.44093e-07 3.12072e-07 2.5666e-07 1.92364e-07 1.3209e-07 8.35677e-08 4.8994e-08 2.67731e-08 1.37135e-08 6.61864e-09 3.02408e-09 1.31311e-09 5.43406e-10 2.14666e-10 8.09614e-11 2.91073e-11 9.93987e-12 3.20433e-12 9.65603e-13 2.67775e-13 6.65702e-14 1.41338e-14 2.30121e-15 2.04315e-16 0 
0 1.05591e-12 1.26042e-11 8.05499e-11 3.83713e-10 1.50311e-09 5.03879e-09 1.47246e-08 3.78532e-08 8.60069e-08 1.73154e-07 3.09392e-07 4.91349e-07 6.94707e-07 8.76356e-07 9.89084e-07 1.00221e-06 9.15499e-07 7.5752e-07 5.70791e-07 3.93916e-07 2.50495e-07 1.47689e-07 8.12302e-08 4.19233e-08 2.04126e-08 9.42026e-09 4.13563e-09 1.73147e-09 6.92098e-10 2.6401e-10 9.59081e-11 3.30438e-11 1.07263e-11 3.24729e-12 9.02413e-13 2.24227e-13 4.74565e-14 7.68266e-15 6.76616e-16 0 
0 2.02342e-12 2.47402e-11 1.62085e-10 7.91811e-10 3.18056e-09 1.09278e-08 3.27035e-08 8.60069e-08 1.99652e-07 4.10048e-07 7.46224e-07 1.20497e-06 1.72937e-06 2.21091e-06 2.52525e-06 2.58634e-06 2.38584e-06 1.99247e-06 1.51501e-06 1.05533e-06 6.77806e-07 4.04025e-07 2.24946e-07 1.17686e-07 5.81657e-08 2.72789e-08 1.21791e-08 5.18636e-09 2.10746e-09 8.1625e-10 3.00507e-10 1.04673e-10 3.42543e-11 1.04224e-11 2.90164e-12 7.20006e-13 1.51714e-13 2.43829e-14 2.12642e-15 0 
0 3.49916e-12 4.36951e-11 2.92598e-10 1.46157e-09 6.00338e-09 2.10868e-08 6.44822e-08 1.73154e-07 4.10048e-07 8.58236e-07 1.58988e-06 2.61034e-06 3.80495e-06 4.93557e-06 5.71496e-06 5.93043e-06 5.54134e-06 4.68789e-06 3.61261e-06 2.55265e-06 1.66512e-06 1.0096e-06 5.72725e-07 3.058e-07 1.54468e-07 7.41078e-08 3.38556e-08 1.4744e-08 6.11839e-09 2.41471e-09 9.0323e-10 3.18567e-10 1.05167e-10 3.2155e-11 8.96125e-12 2.21768e-12 4.64446e-13 7.3962e-14 6.37413e-15 0 
0 5.47762e-12 6.96371e-11 4.75103e-10 2.41906e-09 1.01302e-08 3.62763e-08 1.13073e-07 3.09392e-07 7.46224e-07 1.58988e-06 2.9964e-06 5.00225e-06 7.41038e-06 9.76572e-06 1.14867e-05 1.211e-05 1.15014e-05 9.8981e-06 7.76899e-06 5.60009e-06 3.73365e-06 2.31858e-06 1.34991e-06 7.4109e-07 3.85401e-07 1.90462e-07 8.95898e-08 4.01132e-08 1.70716e-08 6.88665e-09 2.62241e-09 9.37403e-10 3.1218e-10 9.58407e-11 2.66996e-11 6.57761e-12 1.36623e-12 2.15088e-13 1.82757e-14 0 
0 7.78006e-12 1.00364e-10 6.95317e-10 3.59687e-09 1.53087e-08 5.57292e-08 1.76611e-07 4.91349e-07 1.20497e-06 2.61034e-06 5.00225e-06 8.49187e-06 1.27951e-05 1.71571e-05 2.05472e-05 2.20763e-05 2.13953e-05 1.88206e-05 1.51304e-05 1.11975e-05 7.68467e-06 4.92511e-06 2.96646e-06 1.6879e-06 9.10666e-07 4.66847e-07 2.27485e-07 1.05238e-07 4.61035e-08 1.90562e-08 7.39652e-09 2.68007e-09 8.99694e-10 2.76927e-10 7.69601e-11 1.88285e-11 3.86866e-12 6.0051e-13 5.01767e-14 0 
0 1.00463e-11 1.31065e-10 9.18906e-10 4.81335e-09 2.07549e-08 7.65842e-08 2.46121e-07 6.94707e-07 1.72937e-06 3.80495e-06 7.41038e-06 1.27951e-05 1.96277e-05 2.68275e-05 3.27979e-05 3.60392e-05 3.58003e-05 3.23634e-05 2.68171e-05 2.0522e-05 1.46115e-05 9.74554e-06 6.12443e-06 3.64198e-06 2.05449e-06 1.1001e-06 5.58499e-07 2.68128e-07 1.21276e-07 5.14462e-08 2.03616e-08 7.47335e-09 2.52484e-09 7.77385e-10 2.14926e-10 5.20623e-11 1.05493e-11 1.60973e-12 1.31898e-13 0 
0 1.18165e-11 1.55383e-10 1.09875e-09 5.80857e-09 2.52953e-08 9.43361e-08 3.06663e-07 8.76356e-07 2.21091e-06 4.93557e-06 9.76572e-06 1.71571e-05 2.68275e-05 3.7454e-05 4.68844e-05 5.28986e-05 5.41307e-05 5.05909e-05 4.35111e-05 3.47018e-05 2.58518e-05 1.81042e-05 1.19767e-05 7.50679e-06 4.46176e-06 2.51179e-06 1.33545e-06 6.67787e-07 3.12522e-07 1.36159e-07 5.49174e-08 2.03826e-08 6.91253e-09 2.12227e-09 5.81689e-10 1.39012e-10 2.76812e-11 4.13858e-12 3.31541e-13 0 
0 1.26851e-11 1.67582e-10 1.19126e-09 6.33546e-09 2.77798e-08 1.04421e-07 3.42532e-07 9.89084e-07 2.52525e-06 5.71496e-06 1.14867e-05 2.05472e-05 3.27979e-05 4.68844e-05 6.02986e-05 7.01701e-05 7.43793e-05 7.23464e-05 6.50759e-05 5.45483e-05 4.2904e-05 3.18395e-05 2.23734e-05 1.49048e-05 9.40268e-06 5.59876e-06 3.13142e-06 1.63564e-06 7.92999e-07 3.54715e-07 1.45549e-07 5.4473e-08 1.84778e-08 5.63384e-09 1.52436e-09 3.57897e-10 6.97622e-11 1.01831e-11 7.95083e-13 0 
0 1.24553e-11 1.648e-10 1.17398e-09 6.26214e-09 2.7569e-08 1.04181e-07 3.44093e-07 1.00221e-06 2.58634e-06 5.93043e-06 1.211e-05 2.20763e-05 3.60392e-05 5.28986e-05 7.01701e-05 8.46418e-05 9.35035e-05 9.53323e-05 9.04158e-05 8.03631e-05 6.73551e-05 5.34619e-05 4.0259e-05 2.87361e-05 1.93738e-05 1.22683e-05 7.24589e-06 3.96142e-06 1.99007e-06 9.1257e-07 3.79819e-07 1.42761e-07 4.82063e-08 1.4523e-08 3.85968e-09 8.86105e-10 1.68354e-10 2.39034e-11 1.81329e-12 0 
0 1.1212e-11 1.4815e-10 1.05459e-09 5.62632e-09 2.48055e-08 9.40216e-08 3.12072e-07 9.15499e-07 2.38584e-06 5.54134e-06 1.15014e-05 2.13953e-05 3.58003e-05 5.41307e-05 7.43793e-05 9.35035e-05 0.000108356 0.000116678 0.000117663 0.00011189 0.000100852 8.63921e-05 7.03108e-05 5.41819e-05 3.92907e-05 2.65906e-05 1.66365e-05 9.53113e-06 4.95686e-06 2.32371e-06 9.76738e-07 3.667e-07 1.22528e-07 3.62542e-08 9.40975e-09 2.10147e-09 3.8742e-10 5.33033e-11 3.91653e-12 0 
0 9.27674e-12 1.22094e-10 8.66212e-10 4.61078e-09 2.03116e-08 7.70691e-08 2.5666e-07 7.5752e-07 1.99247e-06 4.68789e-06 9.8981e-06 1.88206e-05 3.23634e-05 5.05909e-05 7.23464e-05 9.53323e-05 0.000116678 0.000133715 0.000144572 0.000148369 0.000145076 0.000135258 0.000119916 0.000100478 7.88449e-05 5.72865e-05 3.80668e-05 2.28606e-05 1.22827e-05 5.86136e-06 2.47348e-06 9.21164e-07 3.02376e-07 8.72585e-08 2.19781e-08 4.74846e-09 8.45559e-10 1.1232e-10 7.97087e-12 0 
0 7.07445e-12 9.25278e-11 6.52796e-10 3.45955e-09 1.51989e-08 5.76391e-08 1.92364e-07 5.70791e-07 1.51501e-06 3.61261e-06 7.76899e-06 1.51304e-05 2.68171e-05 4.35111e-05 6.50759e-05 9.04158e-05 0.000117663 0.000144572 0.000168895 0.000188547 0.000201576 0.000206109 0.000200509 0.000183909 0.000157064 0.000123042 8.70256e-05 5.47592e-05 3.02977e-05 1.46331e-05 6.1525e-06 2.25357e-06 7.20555e-07 2.01212e-07 4.88479e-08 1.01528e-08 1.73853e-09 2.22216e-10 1.51941e-11 0 
0 4.98729e-12 6.46965e-11 4.53053e-10 2.38637e-09 1.04402e-08 3.95251e-08 1.3209e-07 3.93916e-07 1.05533e-06 2.55265e-06 5.60009e-06 1.11975e-05 2.0522e-05 3.47018e-05 5.45483e-05 8.03631e-05 0.00011189 0.000148369 0.000188547 0.000230504 0.00027124 0.000306175 0.000328969 0.000332354 0.000310632 0.000263513 0.000198889 0.000131135 7.44733e-05 3.61522e-05 1.4995e-05 5.34191e-06 1.6461e-06 4.40809e-07 1.02409e-07 2.03654e-08 3.3401e-09 4.09668e-10 2.6941e-11 0 
0 3.26036e-12 4.18833e-11 2.90694e-10 1.51988e-09 6.61459e-09 2.49807e-08 8.35677e-08 2.50495e-07 6.77806e-07 1.66512e-06 3.73365e-06 7.68467e-06 1.46115e-05 2.58518e-05 4.2904e-05 6.73551e-05 0.000100852 0.000145076 0.000201576 0.00027124 0.000353109 0.000442359 0.000527804 0.000590625 0.000607761 0.000562338 0.000456856 0.000318186 0.000186034 9.02054e-05 3.63336e-05 1.23311e-05 3.59207e-06 9.09556e-07 2.00428e-07 3.79306e-08 5.9391e-09 6.97703e-10 4.40927e-11 0 
0 1.98289e-12 2.51957e-11 1.7314e-10 8.97807e-10 3.88448e-09 1.46299e-08 4.8994e-08 1.47689e-07 4.04025e-07 1.0096e-06 2.31858e-06 4.92511e-06 9.74554e-06 1.81042e-05 3.18395e-05 5.34619e-05 8.63921e-05 0.000135258 0.000206109 0.000306175 0.000442359 0.000617158 0.000821033 0.00102379 0.00117377 0.00121173 0.00109583 0.000835455 0.000515048 0.000249672 9.51096e-05 2.93278e-05 7.67498e-06 1.77043e-06 3.62928e-07 6.48539e-08 9.66862e-09 1.08722e-09 6.60521e-11 0 
0 1.12561e-12 1.41365e-11 9.61218e-11 4.94124e-10 2.12503e-09 7.98236e-09 2.67731e-08 8.12302e-08 2.24946e-07 5.72725e-07 1.34991e-06 2.96646e-06 6.12443e-06 1.19767e-05 2.23734e-05 4.0259e-05 7.03108e-05 0.000119916 0.000200509 0.000328969 0.000527804 0.000821033 0.00122247 0.00172114 0.0022736 0.00277434 0.00298364 0.0026234 0.00175805 0.000861273 0.000306328 8.16843e-05 1.7611e-05 3.38225e-06 6.10106e-07 1.00818e-07 1.4247e-08 1.53425e-09 8.97696e-11 0 
0 5.98352e-13 7.42469e-12 4.99439e-11 2.54521e-10 1.08826e-09 4.07915e-09 1.37135e-08 4.19233e-08 1.17686e-07 3.058e-07 7.4109e-07 1.6879e-06 3.64198e-06 7.50679e-06 1.49048e-05 2.87361e-05 5.41819e-05 0.000100478 0.000183909 0.000332354 0.000590625 0.00102379 0.00172114 0.00282786 0.00458339 0.00703747 0.00921517 0.00923216 0.0066118 0.00327966 0.00111757 0.000265828 4.67378e-05 6.86774e-06 9.82467e-07 1.4222e-07 1.88025e-08 1.94032e-09 1.09701e-10 0 
0 2.98803e-13 3.66342e-12 2.43837e-11 1.23235e-10 5.24173e-10 1.96216e-09 6.61864e-09 2.04126e-08 5.81657e-08 1.54468e-07 3.85401e-07 9.10666e-07 2.05449e-06 4.46176e-06 9.40268e-06 1.93738e-05 3.92907e-05 7.88449e-05 0.000157064 0.000310632 0.000607761 0.00117377 0.0022736 0.00458339 0.00952091 0.0181188 0.0271674 0.0291323 0.0214313 0.010656 0.00356186 0.000803016 0.000125372 1.47441e-05 1.57411e-06 1.8366e-07 2.2049e-08 2.17745e-09 1.19509e-10 0 
0 1.40598e-13 1.70382e-12 1.12275e-11 5.63149e-11 2.38495e-10 8.925e-10 3.02408e-09 9.42026e-09 2.72789e-08 7.41078e-08 1.90462e-07 4.66847e-07 1.1001e-06 2.51179e-06 5.59876e-06 1.22683e-05 2.65906e-05 5.72865e-05 0.000123042 0.000263513 0.000562338 0.00121173 0.00277434 0.00703747 0.0181188 0.0394528 0.063015 0.0692398 0.0512484 0.0253918 0.00839921 0.00185178 0.000274497 2.86063e-05 2.41886e-06 2.17704e-07 2.28289e-08 2.14928e-09 1.15169e-10 0 
0 6.25044e-14 7.49209e-13 4.8919e-12 2.43751e-11 1.02893e-10 3.8537e-10 1.31311e-09 4.13563e-09 1.21791e-08 3.38556e-08 8.95898e-08 2.27485e-07 5.58499e-07 1.33545e-06 3.13142e-06 7.24589e-06 1.66365e-05 3.80668e-05 8.70256e-05 0.000198889 0.000456856 0.00109583 0.00298364 0.00921517 0.0271674 0.063015 0.103005 0.114025 0.0844881 0.0417431 0.0137254 0.00299501 0.000434271 4.28217e-05 3.16364e-06 2.2889e-07 2.06457e-08 1.85126e-09 9.75441e-11 0 
0 2.63131e-14 3.12264e-13 2.02245e-12 1.00226e-11 4.22195e-11 1.58435e-10 5.43406e-10 1.73147e-09 5.18636e-09 1.4744e-08 4.01132e-08 1.05238e-07 2.68128e-07 6.67787e-07 1.63564e-06 3.96142e-06 9.53113e-06 2.28606e-05 5.47592e-05 0.000131135 0.000318186 0.000835455 0.0026234 0.00923216 0.0291323 0.0692398 0.114025 0.126501 0.0937552 0.0462658 0.015168 0.00329285 0.000472766 4.55045e-05 3.14964e-06 1.99335e-07 1.5984e-08 1.38126e-09 7.22565e-11 0 
0 1.05072e-14 1.23591e-13 7.94977e-13 3.92304e-12 1.65103e-11 6.21385e-11 2.14666e-10 6.92098e-10 2.10746e-09 6.11839e-09 1.70716e-08 4.61035e-08 1.21276e-07 3.12522e-07 7.92999e-07 1.99007e-06 4.95686e-06 1.22827e-05 3.02977e-05 7.44733e-05 0.000186034 0.000515048 0.00175805 0.0066118 0.0214313 0.0512484 0.0844881 0.0937552 0.0694848 0.0342764 0.0112229 0.00243024 0.000347481 3.31527e-05 2.2424e-06 1.35019e-07 1.03509e-08 8.87451e-10 4.66694e-11 0 
0 3.9831e-15 4.64954e-14 2.97398e-13 1.46317e-12 6.15837e-12 2.3262e-11 8.09614e-11 2.6401e-10 8.1625e-10 2.41471e-09 6.88665e-09 1.90562e-08 5.14462e-08 1.36159e-07 3.54715e-07 9.1257e-07 2.32371e-06 5.86136e-06 1.46331e-05 3.61522e-05 9.02054e-05 0.000249672 0.000861273 0.00327966 0.010656 0.0253918 0.0417431 0.0462658 0.0342764 0.0169048 0.00553126 0.00119662 0.00017104 1.63448e-05 1.11497e-06 6.91241e-08 5.5439e-09 4.89949e-10 2.62534e-11 0 
0 1.43295e-15 1.66209e-14 1.05846e-13 5.19737e-13 2.18945e-12 8.30312e-12 2.91073e-11 9.59081e-11 3.00507e-10 9.0323e-10 2.62241e-09 7.39652e-09 2.03616e-08 5.49174e-08 1.45549e-07 3.79819e-07 9.76738e-07 2.47348e-06 6.1525e-06 1.4995e-05 3.63336e-05 9.51096e-05 0.000306328 0.00111757 0.00356186 0.00839921 0.0137254 0.015168 0.0112229 0.00553126 0.00180918 0.000391696 5.6215e-05 5.44708e-06 3.89182e-07 2.7142e-08 2.4798e-09 2.33081e-10 1.28703e-11 0 
0 4.88286e-16 5.63448e-15 3.57632e-14 1.75412e-13 7.39934e-13 2.81711e-12 9.93987e-12 3.30438e-11 1.04673e-10 3.18567e-10 9.37403e-10 2.68007e-09 7.47335e-09 2.03826e-08 5.4473e-08 1.42761e-07 3.667e-07 9.21164e-07 2.25357e-06 5.34191e-06 1.23311e-05 2.93278e-05 8.16843e-05 0.000265828 0.000803016 0.00185178 0.00299501 0.00329285 0.00243024 0.00119662 0.000391696 8.5151e-05 1.23729e-05 1.24473e-06 9.94269e-08 8.66164e-09 9.49288e-10 9.60751e-11 5.5057e-12 0 
0 1.56925e-16 1.80336e-15 1.14182e-14 5.59728e-14 2.36449e-13 9.03332e-13 3.20433e-12 1.07263e-11 3.42543e-11 1.05167e-10 3.1218e-10 8.99694e-10 2.52484e-09 6.91253e-09 1.84778e-08 4.82063e-08 1.22528e-07 3.02376e-07 7.20555e-07 1.6461e-06 3.59207e-06 7.67498e-06 1.7611e-05 4.67378e-05 0.000125372 0.000274497 0.000434271 0.000472766 0.000347481 0.00017104 5.6215e-05 1.23729e-05 1.85941e-06 2.05448e-07 2.05775e-08 2.43257e-09 3.17715e-10 3.44584e-11 2.05662e-12 0 
0 4.71935e-17 5.40553e-16 3.41618e-15 1.67404e-14 7.08005e-14 2.71187e-13 9.65603e-13 3.24729e-12 1.04224e-11 3.2155e-11 9.58407e-11 2.76927e-10 7.77385e-10 2.12227e-09 5.63384e-09 1.4523e-08 3.62542e-08 8.72585e-08 2.01212e-07 4.40809e-07 9.09556e-07 1.77043e-06 3.38225e-06 6.86774e-06 1.47441e-05 2.86063e-05 4.28217e-05 4.55045e-05 3.31527e-05 1.63448e-05 5.44708e-06 1.24473e-06 2.05448e-07 2.818e-08 4.00694e-09 6.30532e-10 9.34774e-11 1.07541e-11 6.6962e-13 0 
0 1.31006e-17 1.49644e-16 9.44191e-16 4.62458e-15 1.95692e-14 7.50591e-14 2.67775e-13 9.02413e-13 2.90164e-12 8.96125e-12 2.66996e-11 7.69601e-11 2.14926e-10 5.81689e-10 1.52436e-09 3.85968e-09 9.40975e-09 2.19781e-08 4.88479e-08 1.02409e-07 2.00428e-07 3.62928e-07 6.10106e-07 9.82467e-07 1.57411e-06 2.41886e-06 3.16364e-06 3.14964e-06 2.2424e-06 1.11497e-06 3.89182e-07 9.94269e-08 2.05775e-08 4.00694e-09 7.92105e-10 1.48962e-10 2.39567e-11 2.90256e-12 1.88722e-13 0 
0 3.27591e-18 3.73266e-17 2.35119e-16 1.15048e-15 4.86626e-15 1.86626e-14 6.65702e-14 2.24227e-13 7.20006e-13 2.21768e-12 6.57761e-12 1.88285e-11 5.20623e-11 1.39012e-10 3.57897e-10 8.86105e-10 2.10147e-09 4.74846e-09 1.01528e-08 2.03654e-08 3.79306e-08 6.48539e-08 1.00818e-07 1.4222e-07 1.8366e-07 2.17704e-07 2.2889e-07 1.99335e-07 1.35019e-07 6.91241e-08 2.7142e-08 8.66164e-09 2.43257e-09 6.30532e-10 1.48962e-10 3.07297e-11 5.24084e-12 6.66363e-13 4.52521e-14 0 
0 7.04035e-19 8.00159e-18 5.02972e-17 2.4568e-16 1.03745e-15 3.9715e-15 1.41338e-14 4.74565e-14 1.51714e-13 4.64446e-13 1.36623e-12 3.86866e-12 1.05493e-11 2.76812e-11 6.97622e-11 1.68354e-10 3.8742e-10 8.45559e-10 1.73853e-09 3.3401e-09 5.9391e-09 9.66862e-09 1.4247e-08 1.88025e-08 2.2049e-08 2.28289e-08 2.06457e-08 1.5984e-08 1.03509e-08 5.5439e-09 2.4798e-09 9.49288e-10 3.17715e-10 9.34774e-11 2.39567e-11 5.24084e-12 9.39796e-13 1.2514e-13 8.87148e-15 0 
0 1.16907e-19 1.32484e-18 8.30491e-18 4.04524e-17 1.70295e-16 6.49543e-16 2.30121e-15 7.68266e-15 2.43829e-14 7.3962e-14 2.15088e-13 6.0051e-13 1.60973e-12 4.13858e-12 1.01831e-11 2.39034e-11 5.33033e-11 1.1232e-10 2.22216e-10 4.09668e-10 6.97703e-10 1.08722e-09 1.53425e-09 1.94032e-09 2.17745e-09 2.14928e-09 1.85126e-09 1.38126e-09 8.87451e-10 4.89949e-10 2.33081e-10 9.60751e-11 3.44584e-11 1.07541e-11 2.90256e-12 6.66363e-13 1.2514e-13 1.74153e-14 1.28739e-15 0 
0 1.06745e-20 1.20544e-19 7.52878e-19 3.65242e-18 1.53047e-17 5.80551e-17 2.04315e-16 6.76616e-16 2.12642e-15 6.37413e-15 1.82757e-14 5.01767e-14 1.31898e-13 3.31541e-13 7.95083e-13 1.81329e-12 3.91653e-12 7.97087e-12 1.51941e-11 2.6941e-11 4.40927e-11 6.60521e-11 8.97696e-11 1.09701e-10 1.19509e-10 1.15169e-10 9.75441e-11 7.22565e-11 4.66694e-11 2.62534e-11 1.28703e-11 5.5057e-12 2.05662e-12 6.6962e-13 1.88722e-13 4.52521e-14 8.87148e-15 1.28739e-15 9.90766e-17 0 
0 0 0 0 0 0 0 0 0 0 0 0 0 0 0 0 0 0 0 0 0 0 0 0 0 0 0 0 0 0 0 0 0 0 0 0 0 0 0 0 0 
