0 0 0 0 0 0 0 0 0 0 0 0 0 0 0 0 0 0 0 0 0 0 0 0 0 0 0 0 0 0 0 0 0 0 0 0 0 0 0 0 0 
0 2.30477e-08 2.15248e-07 1.04248e-06 3.64633e-06 1.01847e-05 2.37526e-05 4.74662e-05 8.28334e-05 0.000128293 0.000178932 0.000227627 0.000266974 0.000291097 0.000296811 0.000283998 0.00025535 0.000215641 0.000170706 0.000126291 8.70009e-05 5.5601e-05 3.28542e-05 1.79029e-05 8.98219e-06 4.14697e-06 1.76252e-06 6.90335e-07 2.49544e-07 8.33804e-08 2.57838e-08 7.38284e-09 1.95601e-09 4.78175e-10 1.07211e-10 2.179e-11 3.92655e-12 5.99976e-13 7.00619e-14 4.46129e-15 0 
0 2.15248e-07 2.09575e-06 1.05323e-05 3.78879e-05 0.00010748 0.000250831 0.000494191 0.000839963 0.00125768 0.00169269 0.00208491 0.00238487 0.00256098 0.00259988 0.00250402 0.00228904 0.00198169 0.00161753 0.0012372 0.00088052 0.000579001 0.000349628 0.000193029 9.72241e-05 4.467e-05 1.87512e-05 7.21018e-06 2.54729e-06 8.29269e-07 2.49364e-07 6.93613e-08 1.78458e-08 4.23765e-09 9.23481e-10 1.826e-10 3.2048e-11 4.77546e-12 5.44532e-13 3.39029e-14 0 
0 1.04248e-06 1.05323e-05 5.4455e-05 0.000198396 0.000557592 0.00125715 0.00233903 0.00369993 0.00513711 0.0064519 0.00751278 0.00825701 0.00866631 0.00874537 0.00851018 0.00798397 0.00719825 0.00619805 0.00504994 0.00384767 0.00270584 0.00173461 0.00100403 0.000522074 0.000243783 0.000102573 3.91031e-05 1.35881e-05 4.32785e-06 1.26902e-06 3.43567e-07 8.59707e-08 1.9854e-08 4.20997e-09 8.10693e-10 1.38722e-10 2.01786e-11 2.24907e-12 1.37058e-13 0 
0 3.64633e-06 3.78879e-05 0.000198396 0.000712774 0.00190661 0.00394987 0.00660367 0.00936489 0.0118285 0.0138207 0.0153108 0.016313 0.0168468 0.016933 0.0165968 0.0158681 0.0147774 0.0133518 0.0116159 0.00961034 0.00742895 0.00525281 0.00332776 0.00186098 0.000913557 0.000395032 0.000151863 5.24825e-05 1.64718e-05 4.73242e-06 1.25134e-06 3.05335e-07 6.87248e-08 1.42061e-08 2.66857e-09 4.45886e-10 6.34066e-11 6.9177e-12 4.13176e-13 0 
0 1.01847e-05 0.00010748 0.000557592 0.00190661 0.00463677 0.00847319 0.0125136 0.0161078 0.0191015 0.0215246 0.0233919 0.0246853 0.0253844 0.0254887 0.0250257 0.0240489 0.0226289 0.0208389 0.0187354 0.0163398 0.0136419 0.0106602 0.00756107 0.0047162 0.00253116 0.00116293 0.000461877 0.000161308 5.04006e-05 1.42834e-05 3.70597e-06 8.84903e-07 1.94678e-07 3.93253e-08 7.22183e-09 1.18061e-09 1.64429e-10 1.75901e-11 1.03139e-12 0 
0 2.37526e-05 0.000250831 0.00125715 0.00394987 0.00847319 0.0136388 0.0183904 0.022546 0.0261875 0.0292964 0.0317749 0.0335223 0.0344741 0.0346149 0.0339795 0.0326465 0.0307278 0.0283547 0.0256585 0.0227436 0.0196507 0.016332 0.0127091 0.00888845 0.00534973 0.00269699 0.00113805 0.00040973 0.000129097 3.63875e-05 9.31626e-06 2.18597e-06 4.71644e-07 9.33716e-08 1.68062e-08 2.69434e-09 3.6831e-10 3.87103e-11 2.23242e-12 0 
0 4.74662e-05 0.000494191 0.00233903 0.00660367 0.0125136 0.0183904 0.0237504 0.0287289 0.0332999 0.0372849 0.0404864 0.0427493 0.0439825 0.0441641 0.0433387 0.0416091 0.0391226 0.036056 0.0325975 0.028926 0.0251804 0.0214096 0.0175201 0.0133413 0.00896524 0.0050427 0.00231529 0.000877071 0.000282648 7.99653e-05 2.03276e-05 4.70835e-06 9.99946e-07 1.94621e-07 3.44308e-08 5.42705e-09 7.2986e-10 7.55324e-11 4.29309e-12 0 
0 8.28334e-05 0.000839963 0.00369993 0.00936489 0.0161078 0.022546 0.0287289 0.034722 0.0403094 0.0451991 0.0491298 0.0519074 0.0534197 0.05364 0.0526236 0.0504965 0.0474398 0.0436709 0.0394235 0.0349279 0.0303891 0.0259522 0.021636 0.0172619 0.012589 0.00785099 0.00396609 0.00160618 0.000536368 0.000153685 3.90275e-05 8.96417e-06 1.88094e-06 3.61091e-07 6.29732e-08 9.78561e-09 1.29801e-09 1.32581e-10 7.44344e-12 0 
0 0.000128293 0.00125768 0.00513711 0.0118285 0.0191015 0.0261875 0.0332999 0.0403094 0.0468662 0.0526055 0.0572175 0.0604745 0.0622452 0.0624992 0.0613016 0.0588006 0.0552089 0.0507813 0.0457919 0.0405122 0.0351911 0.0300321 0.025148 0.0204676 0.0156816 0.0106015 0.00586589 0.00255733 0.00089306 0.000261066 6.6586e-05 1.52301e-05 3.16865e-06 6.0193e-07 1.03793e-07 1.59455e-08 2.09168e-09 2.11398e-10 1.17515e-11 0 
0 0.000178932 0.00169269 0.0064519 0.0138207 0.0215246 0.0292964 0.0372849 0.0451991 0.0526055 0.0590866 0.064292 0.0679651 0.0699586 0.0702387 0.0688799 0.0660498 0.0619886 0.0569841 0.0513454 0.0453789 0.0393668 0.0335484 0.0280919 0.0230217 0.0180966 0.0129212 0.00770789 0.00360622 0.0013212 0.000395777 0.00010179 2.32666e-05 4.8153e-06 9.07963e-07 1.55264e-07 2.36498e-08 3.07652e-09 3.08486e-10 1.70242e-11 0 
0 0.000227627 0.00208491 0.00751278 0.0153108 0.0233919 0.0317749 0.0404864 0.0491298 0.0572175 0.064292 0.0699708 0.0739745 0.0761429 0.0764401 0.0749482 0.071851 0.0674109 0.0619422 0.0557821 0.0492647 0.0426979 0.0363451 0.0304055 0.0249631 0.0198625 0.0146645 0.00924601 0.00459192 0.00175962 0.000540565 0.000140492 3.21753e-05 6.64301e-06 1.24699e-06 2.12099e-07 3.21278e-08 4.15698e-09 4.14775e-10 2.27913e-11 0 
0 0.000266974 0.00238487 0.00825701 0.016313 0.0246853 0.0335223 0.0427493 0.0519074 0.0604745 0.0679651 0.0739745 0.078207 0.080494 0.0807985 0.0792082 0.0759186 0.0712083 0.0654103 0.0588818 0.0519762 0.0450193 0.0382903 0.0320056 0.0262817 0.0210259 0.0158208 0.0103489 0.00537455 0.00213688 0.000671406 0.000176381 4.05438e-05 8.37138e-06 1.5689e-06 2.66253e-07 4.02375e-08 5.19579e-09 5.17667e-10 2.84248e-11 0 
0 0.000291097 0.00256098 0.00866631 0.0168468 0.0253844 0.0344741 0.0439825 0.0534197 0.0622452 0.0699586 0.0761429 0.080494 0.082839 0.0831408 0.0814908 0.0780911 0.0732296 0.0672498 0.0605198 0.0534037 0.0462364 0.0393055 0.0328355 0.0269581 0.0216164 0.0164246 0.0109762 0.00586643 0.0023935 0.000765163 0.000202953 4.68791e-05 9.70346e-06 1.82126e-06 3.09476e-07 4.6842e-08 6.06161e-09 6.05739e-10 3.33956e-11 0 
0 0.000296811 0.00259988 0.00874537 0.016933 0.0254887 0.0346149 0.0441641 0.05364 0.0624992 0.0702387 0.0764401 0.0807985 0.0831408 0.0834308 0.0817611 0.0783357 0.0734445 0.067433 0.0606711 0.0535243 0.046329 0.0393733 0.0328826 0.0269924 0.0216594 0.0165176 0.0111385 0.0060348 0.00249678 0.000807108 0.000215813 5.01582e-05 1.04384e-05 1.96981e-06 3.36699e-07 5.13078e-08 6.69201e-09 6.74932e-10 3.76115e-11 0 
0 0.000283998 0.00250402 0.00851018 0.0165968 0.0250257 0.0339795 0.0433387 0.0526236 0.0613016 0.0688799 0.0749482 0.0792082 0.0814908 0.0817611 0.0801109 0.076741 0.0719364 0.0660364 0.0594041 0.052398 0.0453476 0.0385351 0.0321803 0.0264138 0.0211874 0.0161413 0.0108717 0.00589237 0.00244588 0.000795333 0.00021429 5.02459e-05 1.05616e-05 2.01567e-06 3.48973e-07 5.39536e-08 7.15258e-09 7.34558e-10 4.17532e-11 0 
0 0.00025535 0.00228904 0.00798397 0.0158681 0.0240489 0.0326465 0.0416091 0.0504965 0.0588006 0.0660498 0.071851 0.0759186 0.0780911 0.0783357 0.076741 0.0735002 0.0688868 0.0632267 0.0568683 0.0501553 0.0434036 0.036883 0.0308025 0.0252788 0.0202448 0.0153396 0.0102288 0.00548869 0.00226948 0.000741022 0.000201761 4.80171e-05 1.02781e-05 2.00316e-06 3.55075e-07 5.63352e-08 7.67859e-09 8.11866e-10 4.75394e-11 0 
0 0.000215641 0.00198169 0.00719825 0.0147774 0.0226289 0.0307278 0.0391226 0.0474398 0.0552089 0.0619886 0.0674109 0.0712083 0.0732296 0.0734445 0.0719364 0.0688868 0.0645528 0.05924 0.0532755 0.0469818 0.040655 0.0345479 0.0288528 0.0236643 0.0188852 0.0141638 0.00928491 0.00490491 0.00201903 0.000665338 0.000184808 4.52008e-05 9.9941e-06 2.0193e-06 3.71939e-07 6.13824e-08 8.69974e-09 9.54873e-10 5.788e-11 0 
0 0.000170706 0.00161753 0.00619805 0.0133518 0.0208389 0.0283547 0.036056 0.0436709 0.0507813 0.0569841 0.0619422 0.0654103 0.0672498 0.067433 0.0660364 0.0632267 0.05924 0.0543568 0.0488774 0.0430978 0.03729 0.0316848 0.0264522 0.021656 0.0171689 0.012683 0.00814556 0.00424776 0.00175894 0.000594715 0.000171932 4.41421e-05 1.02874e-05 2.19236e-06 4.25024e-07 7.35093e-08 1.08552e-08 1.23324e-09 7.68507e-11 0 
0 0.000126291 0.0012372 0.00504994 0.0116159 0.0187354 0.0256585 0.0325975 0.0394235 0.0457919 0.0513454 0.0557821 0.0588818 0.0605198 0.0606711 0.0594041 0.0568683 0.0532755 0.0488774 0.0439435 0.0387396 0.0335094 0.0284576 0.0237247 0.0193397 0.0151664 0.0109993 0.00695029 0.00363635 0.00155548 0.000556882 0.000172785 4.77503e-05 1.19248e-05 2.699e-06 5.49662e-07 9.87493e-08 1.49901e-08 1.73474e-09 1.09288e-10 0 
0 8.70009e-05 0.00088052 0.00384767 0.00961034 0.0163398 0.0227436 0.028926 0.0349279 0.0405122 0.0453789 0.0492647 0.0519762 0.0534037 0.0535243 0.052398 0.0501553 0.0469818 0.0430978 0.0387396 0.0341396 0.0295098 0.0250229 0.0207848 0.0167997 0.0129749 0.00925829 0.00585486 0.00317882 0.00146677 0.000579425 0.00019864 5.98241e-05 1.59579e-05 3.78138e-06 7.92602e-07 1.44615e-07 2.20744e-08 2.55046e-09 1.59616e-10 0 
0 5.5601e-05 0.000579001 0.00270584 0.00742895 0.0136419 0.0196507 0.0251804 0.0303891 0.0351911 0.0393668 0.0426979 0.0450193 0.0462364 0.046329 0.0453476 0.0434036 0.040655 0.03729 0.0335094 0.0295098 0.0254666 0.0215151 0.0177315 0.0141344 0.0107379 0.00763257 0.00498669 0.00294182 0.00153326 0.000689698 0.000263716 8.56357e-05 2.38437e-05 5.75468e-06 1.2087e-06 2.18758e-07 3.29246e-08 3.73822e-09 2.29506e-10 0 
0 3.28542e-05 0.000349628 0.00173461 0.00525281 0.0106602 0.016332 0.0214096 0.0259522 0.0300321 0.0335484 0.0363451 0.0382903 0.0393055 0.0393733 0.0385351 0.036883 0.0345479 0.0316848 0.0284576 0.0250229 0.0215151 0.0180358 0.0146625 0.0114871 0.00864893 0.00628264 0.00440939 0.00293444 0.00176978 0.000913507 0.000386342 0.0001324 3.74252e-05 8.95442e-06 1.84254e-06 3.25044e-07 4.76046e-08 5.25982e-09 3.14549e-10 0 
0 1.79029e-05 0.000193029 0.00100403 0.00332776 0.00756107 0.0127091 0.0175201 0.021636 0.025148 0.0280919 0.0304055 0.0320056 0.0328355 0.0328826 0.0321803 0.0308025 0.0288528 0.0264522 0.0237247 0.0207848 0.0177315 0.0146625 0.0117105 0.00907274 0.00696018 0.00544976 0.00436817 0.00338632 0.00233278 0.00133526 0.000605078 0.000212297 5.89975e-05 1.36037e-05 2.68846e-06 4.56626e-07 6.45861e-08 6.91191e-09 4.01491e-10 0 
0 8.98219e-06 9.72241e-05 0.000522074 0.00186098 0.0047162 0.00888845 0.0133413 0.0172619 0.0204676 0.0230217 0.0249631 0.0262817 0.0269581 0.0269924 0.0264138 0.0252788 0.0236643 0.021656 0.0193397 0.0167997 0.0141344 0.0114871 0.00907274 0.00718331 0.00617084 0.0062389 0.00679088 0.00646017 0.00472673 0.00259848 0.00110213 0.000362955 9.33295e-05 1.97904e-05 3.65079e-06 5.89634e-07 8.02189e-08 8.30858e-09 4.69016e-10 0 
0 4.14697e-06 4.467e-05 0.000243783 0.000913557 0.00253116 0.00534973 0.00896524 0.012589 0.0156816 0.0180966 0.0198625 0.0210259 0.0216164 0.0216594 0.0211874 0.0202448 0.0188852 0.0171689 0.0151664 0.0129749 0.0107379 0.00864893 0.00696018 0.00617084 0.00745214 0.01178 0.016998 0.0181165 0.0133834 0.00680899 0.00247573 0.000688969 0.000151583 2.7682e-05 4.55128e-06 6.85646e-07 8.94427e-08 8.98511e-09 4.94538e-10 0 
0 1.76252e-06 1.87512e-05 0.000102573 0.000395032 0.00116293 0.00269699 0.0050427 0.00785099 0.0106015 0.0129212 0.0146645 0.0158208 0.0164246 0.0165176 0.0161413 0.0153396 0.0141638 0.012683 0.0109993 0.00925829 0.00763257 0.00628264 0.00544976 0.0062389 0.01178 0.0244505 0.0388701 0.0426918 0.0316135 0.01572 0.00531777 0.00129089 0.000240881 3.67458e-05 5.15612e-06 7.06858e-07 8.81142e-08 8.62334e-09 4.65385e-10 0 
0 6.90335e-07 7.21018e-06 3.91031e-05 0.000151863 0.000461877 0.00113805 0.00231529 0.00396609 0.00586589 0.00770789 0.00924601 0.0103489 0.0109762 0.0111385 0.0108717 0.0102288 0.00928491 0.00814556 0.00695029 0.00585486 0.00498669 0.00440939 0.00436817 0.00679088 0.016998 0.0388701 0.063488 0.0702775 0.0520764 0.0257492 0.0085295 0.00194848 0.000326778 4.30858e-05 5.15621e-06 6.35394e-07 7.56891e-08 7.26573e-09 3.87394e-10 0 
0 2.49544e-07 2.54729e-06 1.35881e-05 5.24825e-05 0.000161308 0.00040973 0.000877071 0.00160618 0.00255733 0.00360622 0.00459192 0.00537455 0.00586643 0.0060348 0.00589237 0.00548869 0.00490491 0.00424776 0.00363635 0.00317882 0.00294182 0.00293444 0.00338632 0.00646017 0.0181165 0.0426918 0.0702775 0.0779621 0.0577864 0.0285273 0.00939424 0.00210164 0.000334692 4.04051e-05 4.31159e-06 4.86843e-07 5.60436e-08 5.33142e-09 2.83386e-10 0 
0 8.33804e-08 8.29269e-07 4.32785e-06 1.64718e-05 5.04006e-05 0.000129097 0.000282648 0.000536368 0.00089306 0.0013212 0.00175962 0.00213688 0.0023935 0.00249678 0.00244588 0.00226948 0.00201903 0.00175894 0.00155548 0.00146677 0.00153326 0.00176978 0.00233278 0.00472673 0.0133834 0.0316135 0.0520764 0.0577864 0.0428293 0.0211415 0.00695933 0.00155174 0.000242528 2.81543e-05 2.85308e-06 3.10415e-07 3.54535e-08 3.38969e-09 1.8142e-10 0 
0 2.57838e-08 2.49364e-07 1.26902e-06 4.73242e-06 1.42834e-05 3.63875e-05 7.99653e-05 0.000153685 0.000261066 0.000395777 0.000540565 0.000671406 0.000765163 0.000807108 0.000795333 0.000741022 0.000665338 0.000594715 0.000556882 0.000579425 0.000689698 0.000913507 0.00133526 0.00259848 0.00680899 0.01572 0.0257492 0.0285273 0.0211415 0.0104486 0.00345431 0.000775664 0.000121319 1.40965e-05 1.45114e-06 1.62636e-07 1.90923e-08 1.86376e-09 1.01443e-10 0 
0 7.38284e-09 6.93613e-08 3.43567e-07 1.25134e-06 3.70597e-06 9.31626e-06 2.03276e-05 3.90275e-05 6.6586e-05 0.00010179 0.000140492 0.000176381 0.000202953 0.000215813 0.00021429 0.000201761 0.000184808 0.000171932 0.000172785 0.00019864 0.000263716 0.000386342 0.000605078 0.00110213 0.00247573 0.00531777 0.0085295 0.00939424 0.00695933 0.00345431 0.00115446 0.000262867 4.18692e-05 5.08792e-06 5.72356e-07 7.05461e-08 8.78016e-09 8.86993e-10 4.95323e-11 0 
0 1.95601e-09 1.78458e-08 8.59707e-08 3.05335e-07 8.84903e-07 2.18597e-06 4.70835e-06 8.96417e-06 1.52301e-05 2.32666e-05 3.21753e-05 4.05438e-05 4.68791e-05 5.01582e-05 5.02459e-05 4.80171e-05 4.52008e-05 4.41421e-05 4.77503e-05 5.98241e-05 8.56357e-05 0.0001324 0.000212297 0.000362955 0.000688969 0.00129089 0.00194848 0.00210164 0.00155174 0.000775664 0.000262867 6.11818e-05 1.02282e-05 1.38354e-06 1.83377e-07 2.59336e-08 3.47437e-09 3.66291e-10 2.11321e-11 0 
0 4.78175e-10 4.23765e-09 1.9854e-08 6.87248e-08 1.94678e-07 4.71644e-07 9.99946e-07 1.88094e-06 3.16865e-06 4.8153e-06 6.64301e-06 8.37138e-06 9.70346e-06 1.04384e-05 1.05616e-05 1.02781e-05 9.9941e-06 1.02874e-05 1.19248e-05 1.59579e-05 2.38437e-05 3.74252e-05 5.89975e-05 9.33295e-05 0.000151583 0.000240881 0.000326778 0.000334692 0.000242528 0.000121319 4.18692e-05 1.02282e-05 1.90388e-06 3.10819e-07 5.08888e-08 8.27129e-09 1.19116e-09 1.31537e-10 7.87887e-12 0 
0 1.07211e-10 9.23481e-10 4.20997e-09 1.42061e-08 3.93253e-08 9.33716e-08 1.94621e-07 3.61091e-07 6.0193e-07 9.07963e-07 1.24699e-06 1.5689e-06 1.82126e-06 1.96981e-06 2.01567e-06 2.00316e-06 2.0193e-06 2.19236e-06 2.699e-06 3.78138e-06 5.75468e-06 8.95442e-06 1.36037e-05 1.97904e-05 2.7682e-05 3.67458e-05 4.30858e-05 4.04051e-05 2.81543e-05 1.40965e-05 5.08792e-06 1.38354e-06 3.10819e-07 6.42906e-08 1.27458e-08 2.3108e-09 3.54622e-10 4.10633e-11 2.56191e-12 0 
0 2.179e-11 1.826e-10 8.10693e-10 2.66857e-09 7.22183e-09 1.68062e-08 3.44308e-08 6.29732e-08 1.03793e-07 1.55264e-07 2.12099e-07 2.66253e-07 3.09476e-07 3.36699e-07 3.48973e-07 3.55075e-07 3.71939e-07 4.25024e-07 5.49662e-07 7.92602e-07 1.2087e-06 1.84254e-06 2.68846e-06 3.65079e-06 4.55128e-06 5.15612e-06 5.15621e-06 4.31159e-06 2.85308e-06 1.45114e-06 5.72356e-07 1.83377e-07 5.08888e-08 1.27458e-08 2.86934e-09 5.6223e-10 9.12568e-11 1.10814e-11 7.21396e-13 0 
0 3.92655e-12 3.2048e-11 1.38722e-10 4.45886e-10 1.18061e-09 2.69434e-09 5.42705e-09 9.78561e-09 1.59455e-08 2.36498e-08 3.21278e-08 4.02375e-08 4.6842e-08 5.13078e-08 5.39536e-08 5.63352e-08 6.13824e-08 7.35093e-08 9.87493e-08 1.44615e-07 2.18758e-07 3.25044e-07 4.56626e-07 5.89634e-07 6.85646e-07 7.06858e-07 6.35394e-07 4.86843e-07 3.10415e-07 1.62636e-07 7.05461e-08 2.59336e-08 8.27129e-09 2.3108e-09 5.6223e-10 1.16945e-10 1.99867e-11 2.54369e-12 1.72886e-13 0 
0 5.99976e-13 4.77546e-12 2.01786e-11 6.34066e-11 1.64429e-10 3.6831e-10 7.2986e-10 1.29801e-09 2.09168e-09 3.07652e-09 4.15698e-09 5.19579e-09 6.06161e-09 6.69201e-09 7.15258e-09 7.67859e-09 8.69974e-09 1.08552e-08 1.49901e-08 2.20744e-08 3.29246e-08 4.76046e-08 6.45861e-08 8.02189e-08 8.94427e-08 8.81142e-08 7.56891e-08 5.60436e-08 3.54535e-08 1.90923e-08 8.78016e-09 3.47437e-09 1.19116e-09 3.54622e-10 9.12568e-11 1.99867e-11 3.58581e-12 4.77706e-13 3.38854e-14 0 
0 7.00619e-14 5.44532e-13 2.24907e-12 6.9177e-12 1.75901e-11 3.87103e-11 7.55324e-11 1.32581e-10 2.11398e-10 3.08486e-10 4.14775e-10 5.17667e-10 6.05739e-10 6.74932e-10 7.34558e-10 8.11866e-10 9.54873e-10 1.23324e-09 1.73474e-09 2.55046e-09 3.73822e-09 5.25982e-09 6.91191e-09 8.30858e-09 8.98511e-09 8.62334e-09 7.26573e-09 5.33142e-09 3.38969e-09 1.86376e-09 8.86993e-10 3.66291e-10 1.31537e-10 4.10633e-11 1.10814e-11 2.54369e-12 4.77706e-13 6.64944e-14 4.91719e-15 0 
0 4.46129e-15 3.39029e-14 1.37058e-13 4.13176e-13 1.03139e-12 2.23242e-12 4.29309e-12 7.44344e-12 1.17515e-11 1.70242e-11 2.27913e-11 2.84248e-11 3.33956e-11 3.76115e-11 4.17532e-11 4.75394e-11 5.788e-11 7.68507e-11 1.09288e-10 1.59616e-10 2.29506e-10 3.14549e-10 4.01491e-10 4.69016e-10 4.94538e-10 4.65385e-10 3.87394e-10 2.83386e-10 1.8142e-10 1.01443e-10 4.95323e-11 2.11321e-11 7.87887e-12 2.56191e-12 7.21396e-13 1.72886e-13 3.38854e-14 4.91719e-15 3.78481e-16 0 
0 0 0 0 0 0 0 0 0 0 0 0 0 0 0 0 0 0 0 0 0 0 0 0 0 0 0 0 0 0 0 0 0 0 0 0 0 0 0 0 0 
