0 0 0 0 0 0 0 0 0 0 0 0 0 0 0 0 0 0 0 0 0 0 0 0 0 0 0 0 0 0 0 0 0 0 0 0 0 0 0 0 0 
0 1.24661e-17 1.19792e-16 6.14123e-16 2.34983e-15 7.43641e-15 2.03375e-14 4.91399e-14 1.06195e-13 2.06768e-13 3.64424e-13 5.83282e-13 8.49913e-13 1.12984e-12 1.37303e-12 1.52847e-12 1.56208e-12 1.46906e-12 1.27464e-12 1.02314e-12 7.61988e-13 5.2814e-13 3.41734e-13 2.07071e-13 1.1786e-13 6.31964e-14 3.20064e-14 1.53455e-14 6.97714e-15 3.01142e-15 1.234e-15 4.79542e-16 1.76246e-16 6.09519e-17 1.96655e-17 5.83497e-18 1.55297e-18 3.53592e-19 6.19019e-20 5.9294e-21 0 
0 1.19792e-16 1.18848e-15 6.29268e-15 2.48625e-14 8.11841e-14 2.28803e-13 5.68743e-13 1.2618e-12 2.51606e-12 4.52922e-12 7.38277e-12 1.09228e-11 1.46982e-11 1.80258e-11 2.01912e-11 2.07053e-11 1.94882e-11 1.68833e-11 1.35041e-11 1.00046e-11 6.88871e-12 4.42366e-12 2.65852e-12 1.50032e-12 7.97641e-13 4.00652e-13 1.90605e-13 8.60446e-14 3.68993e-14 1.50339e-14 5.81272e-15 2.12668e-15 7.32427e-16 2.35372e-16 6.95583e-17 1.84342e-17 4.17746e-18 7.27415e-19 6.92481e-20 0 
0 6.14123e-16 6.29268e-15 3.44296e-14 1.40559e-13 4.7393e-13 1.37757e-12 3.52574e-12 8.03709e-12 1.64265e-11 3.02263e-11 5.02173e-11 7.54954e-11 1.02912e-10 1.27464e-10 1.43767e-10 1.48038e-10 1.39555e-10 1.20815e-10 9.63754e-11 7.10947e-11 4.86818e-11 3.10614e-11 1.85382e-11 1.03878e-11 5.48415e-12 2.73648e-12 1.29396e-12 5.80974e-13 2.47968e-13 1.00617e-13 3.87647e-14 1.41376e-14 4.85428e-15 1.55517e-15 4.5804e-16 1.20916e-16 2.72749e-17 4.72319e-18 4.46703e-19 0 
0 2.34983e-15 2.48625e-14 1.40559e-13 5.92939e-13 2.06464e-12 6.19062e-12 1.63178e-11 3.82317e-11 8.01223e-11 1.50775e-10 2.55446e-10 3.90464e-10 5.39559e-10 6.75434e-10 7.67782e-10 7.94638e-10 7.51103e-10 6.50579e-10 5.18295e-10 3.81283e-10 2.60078e-10 1.65187e-10 9.81039e-11 5.47006e-11 2.8743e-11 1.42812e-11 6.72811e-12 3.01163e-12 1.28224e-12 5.19258e-13 1.99719e-13 7.27225e-14 2.49269e-14 7.96889e-15 2.3406e-15 6.15661e-16 1.3823e-16 2.37986e-17 2.23494e-18 0 
0 7.43641e-15 8.11841e-14 4.7393e-13 2.06464e-12 7.42067e-12 2.29433e-11 6.22668e-11 1.49923e-10 3.22163e-10 6.2008e-10 1.07164e-09 1.66628e-09 2.33559e-09 2.95747e-09 3.39154e-09 3.53243e-09 3.35257e-09 2.91014e-09 2.31971e-09 1.70534e-09 1.16145e-09 7.36193e-10 4.36265e-10 2.42752e-10 1.2734e-10 6.3194e-11 2.97527e-11 1.33164e-11 5.67127e-12 2.29782e-12 8.84227e-13 3.22035e-13 1.10344e-13 3.5235e-14 1.03263e-14 2.70686e-15 6.04834e-16 1.0348e-16 9.64255e-18 0 
0 2.03375e-14 2.28803e-13 1.37757e-12 6.19062e-12 2.29433e-11 7.30803e-11 2.04058e-10 5.0463e-10 1.1115e-09 2.18787e-09 3.85747e-09 6.10346e-09 8.68323e-09 1.1132e-08 1.28937e-08 1.35341e-08 1.29202e-08 1.12623e-08 9.00346e-09 6.63197e-09 4.52313e-09 2.87036e-09 1.70306e-09 9.491e-10 4.98867e-10 2.48195e-10 1.17206e-10 5.26336e-11 2.24939e-11 9.14403e-12 3.52877e-12 1.28785e-12 4.4173e-13 1.41012e-13 4.12521e-14 1.07762e-14 2.39539e-15 4.06977e-16 3.7595e-17 0 
0 4.91399e-14 5.68743e-13 3.52574e-12 1.63178e-11 6.22668e-11 2.04058e-10 5.85554e-10 1.48593e-09 3.35262e-09 6.74659e-09 1.21346e-08 1.95432e-08 2.82378e-08 3.6687e-08 4.29763e-08 4.55406e-08 4.38204e-08 3.84528e-08 3.09173e-08 2.28918e-08 1.569e-08 1.00069e-08 5.96914e-09 3.34597e-09 1.76995e-09 8.8664e-10 4.21717e-10 1.90755e-10 8.20912e-11 3.35822e-11 1.30284e-11 4.77357e-12 1.64107e-12 5.24094e-13 1.53073e-13 3.98384e-14 8.80391e-15 1.48401e-15 1.35744e-16 0 
0 1.06195e-13 1.2618e-12 8.03709e-12 3.82317e-11 1.49923e-10 5.0463e-10 1.48593e-09 3.86478e-09 8.92427e-09 1.83496e-08 3.36633e-08 5.51987e-08 8.10547e-08 1.06837e-07 1.26768e-07 1.35881e-07 1.32109e-07 1.17039e-07 9.49611e-08 7.09424e-08 4.90684e-08 3.15946e-08 1.90379e-08 1.0787e-08 5.77119e-09 2.92511e-09 1.40777e-09 6.44095e-10 2.80148e-10 1.15682e-10 4.52258e-11 1.66644e-11 5.74809e-12 1.83727e-12 5.35691e-13 1.3882e-13 3.04704e-14 5.08954e-15 4.60345e-16 0 
0 2.06768e-13 2.51606e-12 1.64265e-11 8.01223e-11 3.22163e-10 1.1115e-09 3.35262e-09 8.92427e-09 2.10675e-08 4.4231e-08 8.2745e-08 1.38169e-07 2.06339e-07 2.76258e-07 3.32607e-07 3.61444e-07 3.56063e-07 3.19538e-07 2.62638e-07 1.98833e-07 1.3945e-07 9.11187e-08 5.57646e-08 3.21162e-08 1.74745e-08 9.00893e-09 4.40873e-09 2.04926e-09 9.04195e-10 3.7801e-10 1.49251e-10 5.53857e-11 1.9182e-11 6.13682e-12 1.78534e-12 4.60238e-13 1.00208e-13 1.65609e-14 1.47874e-15 0 
0 3.64424e-13 4.52922e-12 3.02263e-11 1.50775e-10 6.2008e-10 2.18787e-09 6.74659e-09 1.83496e-08 4.4231e-08 9.47456e-08 1.8069e-07 3.07327e-07 4.67132e-07 6.3615e-07 7.78685e-07 8.60113e-07 8.61282e-07 7.85946e-07 6.57288e-07 5.06763e-07 3.62349e-07 2.41664e-07 1.51123e-07 8.90072e-08 4.95465e-08 2.61284e-08 1.30681e-08 6.19829e-09 2.7844e-09 1.18175e-09 4.72118e-10 1.76629e-10 6.14386e-11 1.96661e-11 5.7033e-12 1.46055e-12 3.14926e-13 5.14008e-14 4.5222e-15 0 
0 5.83282e-13 7.38277e-12 5.02173e-11 2.55446e-10 1.07164e-09 3.85747e-09 1.21346e-08 3.36633e-08 8.2745e-08 1.8069e-07 3.51189e-07 6.08605e-07 9.42404e-07 1.30744e-06 1.63073e-06 1.83624e-06 1.87584e-06 1.74809e-06 1.49489e-06 1.18029e-06 8.65621e-07 5.93049e-07 3.81451e-07 2.31266e-07 1.32538e-07 7.19101e-08 3.69463e-08 1.79581e-08 8.24069e-09 3.55908e-09 1.44074e-09 5.43689e-10 1.89885e-10 6.07558e-11 1.75382e-11 4.45356e-12 9.49015e-13 1.52642e-13 1.32034e-14 0 
0 8.49913e-13 1.09228e-11 7.54954e-11 3.90464e-10 1.66628e-09 6.10346e-09 1.95432e-08 5.51987e-08 1.38169e-07 3.07327e-07 6.08605e-07 1.07504e-06 1.69767e-06 2.4037e-06 3.06262e-06 3.52718e-06 3.6909e-06 3.52949e-06 3.10338e-06 2.52472e-06 1.91187e-06 1.35495e-06 9.02753e-07 5.67308e-07 3.36903e-07 1.89164e-07 1.00337e-07 5.01778e-08 2.35897e-08 1.03866e-08 4.26373e-09 1.62275e-09 5.68517e-10 1.81539e-10 5.20557e-11 1.30768e-11 2.74702e-12 4.34327e-13 3.68479e-14 0 
0 1.12984e-12 1.46982e-11 1.02912e-10 5.39559e-10 2.33559e-09 8.68323e-09 2.82378e-08 8.10547e-08 2.06339e-07 4.67132e-07 9.42404e-07 1.69767e-06 2.73752e-06 3.96378e-06 5.17386e-06 6.11693e-06 6.58626e-06 6.49743e-06 5.90989e-06 4.98734e-06 3.92765e-06 2.90089e-06 2.01694e-06 1.32316e-06 8.19585e-07 4.78953e-07 2.63509e-07 1.36066e-07 6.56888e-08 2.95206e-08 1.22896e-08 4.71295e-09 1.65345e-09 5.25709e-10 1.49339e-10 3.70055e-11 7.64113e-12 1.18426e-12 9.8286e-14 0 
0 1.37303e-12 1.80258e-11 1.27464e-10 6.75434e-10 2.95747e-09 1.1132e-08 3.6687e-08 1.06837e-07 2.76258e-07 6.3615e-07 1.30744e-06 2.4037e-06 3.96378e-06 5.88295e-06 7.89186e-06 9.61731e-06 1.07082e-05 1.09614e-05 1.03818e-05 9.15368e-06 7.55415e-06 5.85984e-06 4.28428e-06 2.95518e-06 1.92161e-06 1.17518e-06 6.73524e-07 3.60178e-07 1.7886e-07 8.20706e-08 3.46205e-08 1.33533e-08 4.67916e-09 1.47673e-09 4.14186e-10 1.00893e-10 2.04099e-11 3.09118e-12 2.50268e-13 0 
0 1.52847e-12 2.01912e-11 1.43767e-10 7.67782e-10 3.39154e-09 1.28937e-08 4.29763e-08 1.26768e-07 3.32607e-07 7.78685e-07 1.63073e-06 3.06262e-06 5.17386e-06 7.89186e-06 1.09189e-05 1.37768e-05 1.59478e-05 1.70454e-05 1.69284e-05 1.57129e-05 1.36961e-05 1.12474e-05 8.71389e-06 6.36498e-06 4.37215e-06 2.8126e-06 1.68564e-06 9.35763e-07 4.784e-07 2.24002e-07 9.55713e-08 3.69691e-08 1.28927e-08 4.02285e-09 1.1095e-09 2.64631e-10 5.22528e-11 7.70807e-12 6.07023e-13 0 
0 1.56208e-12 2.07053e-11 1.48038e-10 7.94638e-10 3.53243e-09 1.35341e-08 4.55406e-08 1.35881e-07 3.61444e-07 8.60113e-07 1.83624e-06 3.52718e-06 6.11693e-06 9.61731e-06 1.37768e-05 1.80842e-05 2.18891e-05 2.45885e-05 2.57922e-05 2.53983e-05 2.35704e-05 2.0655e-05 1.70867e-05 1.33091e-05 9.71584e-06 6.60618e-06 4.15391e-06 2.3978e-06 1.26195e-06 6.01957e-07 2.58972e-07 1.00062e-07 3.45691e-08 1.06126e-08 2.86443e-09 6.6599e-10 1.27846e-10 1.83049e-11 1.39809e-12 0 
0 1.46906e-12 1.94882e-11 1.39555e-10 7.51103e-10 3.35257e-09 1.29202e-08 4.38204e-08 1.32109e-07 3.56063e-07 8.61282e-07 1.87584e-06 3.6909e-06 6.58626e-06 1.07082e-05 1.59478e-05 2.18891e-05 2.78674e-05 3.31205e-05 3.69626e-05 3.89128e-05 3.87513e-05 3.65196e-05 3.24981e-05 2.71771e-05 2.12078e-05 1.531e-05 1.01286e-05 6.08483e-06 3.2931e-06 1.59561e-06 6.89183e-07 2.64573e-07 9.00276e-08 2.70366e-08 7.10284e-09 1.60198e-09 2.97714e-10 4.12286e-11 3.04537e-12 0 
0 1.27464e-12 1.68833e-11 1.20815e-10 6.50579e-10 2.91014e-09 1.12623e-08 3.84528e-08 1.17039e-07 3.19538e-07 7.85946e-07 1.74809e-06 3.52949e-06 6.49743e-06 1.09614e-05 1.70454e-05 2.45885e-05 3.31205e-05 4.19209e-05 5.0125e-05 5.68315e-05 6.11884e-05 6.24782e-05 6.02401e-05 5.44465e-05 4.5677e-05 3.51584e-05 2.45294e-05 1.53378e-05 8.51686e-06 4.17387e-06 1.79946e-06 6.81779e-07 2.26923e-07 6.6224e-08 1.68328e-08 3.66382e-09 6.56358e-10 8.76153e-11 6.24252e-12 0 
0 1.02314e-12 1.35041e-11 9.63754e-11 5.18295e-10 2.31971e-09 9.00346e-09 3.09173e-08 9.49611e-08 2.62638e-07 6.57288e-07 1.49489e-06 3.10338e-06 5.90989e-06 1.03818e-05 1.69284e-05 2.57922e-05 3.69626e-05 5.0125e-05 6.46292e-05 7.94474e-05 9.31196e-05 0.000103742 0.000109129 0.0001073 9.73207e-05 8.02007e-05 5.91266e-05 3.8458e-05 2.18393e-05 1.07637e-05 4.59756e-06 1.70505e-06 5.50596e-07 1.54986e-07 3.78713e-08 7.91333e-09 1.36095e-09 1.74573e-10 1.19712e-11 0 
0 7.61988e-13 1.00046e-11 7.10947e-11 3.81283e-10 1.70534e-09 6.63197e-09 2.28918e-08 7.09424e-08 1.98833e-07 5.06763e-07 1.18029e-06 2.52472e-06 4.98734e-06 9.15368e-06 1.57129e-05 2.53983e-05 3.89128e-05 5.68315e-05 7.94474e-05 0.000106496 0.000136709 0.000167231 0.000193176 0.000207936 0.000205065 0.00018176 0.000142015 9.61385e-05 5.56707e-05 2.74048e-05 1.1481e-05 4.12059e-06 1.2773e-06 3.43753e-07 8.01995e-08 1.60056e-08 2.63287e-09 3.23721e-10 2.13322e-11 0 
0 5.2814e-13 6.88871e-12 4.86818e-11 2.60078e-10 1.16145e-09 4.52313e-09 1.569e-08 4.90684e-08 1.3945e-07 3.62349e-07 8.65621e-07 1.91187e-06 3.92765e-06 7.55415e-06 1.36961e-05 2.35704e-05 3.87513e-05 6.11884e-05 9.31196e-05 0.000136709 0.00019313 0.000260785 0.000332711 0.000394531 0.000426177 0.000410193 0.000343721 0.000244908 0.000145331 7.10087e-05 2.86637e-05 9.72271e-06 2.83047e-06 7.17124e-07 1.58277e-07 3.00119e-08 4.70786e-09 5.53948e-10 3.50551e-11 0 
0 3.41734e-13 4.42366e-12 3.10614e-11 1.65187e-10 7.36193e-10 2.87036e-09 1.00069e-08 3.15946e-08 9.11187e-08 2.41664e-07 5.93049e-07 1.35495e-06 2.90089e-06 5.85984e-06 1.12474e-05 2.0655e-05 3.65196e-05 6.24782e-05 0.000103742 0.000167231 0.000260785 0.000390161 0.000552529 0.000728067 0.000876621 0.000945313 0.000886853 0.000694263 0.000434056 0.000210757 7.95568e-05 2.41372e-05 6.21049e-06 1.41631e-06 2.88983e-07 5.16052e-08 7.69869e-09 8.66481e-10 5.26852e-11 0 
0 2.07071e-13 2.65852e-12 1.85382e-11 9.81039e-11 4.36265e-10 1.70306e-09 5.96914e-09 1.90379e-08 5.57646e-08 1.51123e-07 3.81451e-07 9.02753e-07 2.01694e-06 4.28428e-06 8.71389e-06 1.70867e-05 3.24981e-05 6.02401e-05 0.000109129 0.000193176 0.000332711 0.000552529 0.000874333 0.00130694 0.00183651 0.00237715 0.00267505 0.0024149 0.00163418 0.000798184 0.00027986 7.26788e-05 1.50967e-05 2.79364e-06 4.92481e-07 8.07072e-08 1.13869e-08 1.22643e-09 7.1789e-11 0 
0 1.1786e-13 1.50032e-12 1.03878e-11 5.47006e-11 2.42752e-10 9.491e-10 3.34597e-09 1.0787e-08 3.21162e-08 8.90072e-08 2.31266e-07 5.67308e-07 1.32316e-06 2.95518e-06 6.36498e-06 1.33091e-05 2.71771e-05 5.44465e-05 0.0001073 0.000207936 0.000394531 0.000728067 0.00130694 0.00231747 0.00407116 0.00664918 0.0089996 0.0091326 0.0065517 0.00323312 0.00108953 0.000254164 4.31871e-05 6.02229e-06 8.1715e-07 1.15006e-07 1.50851e-08 1.5548e-09 8.79073e-11 0 
0 6.31964e-14 7.97641e-13 5.48415e-12 2.8743e-11 1.2734e-10 4.98867e-10 1.76995e-09 5.77119e-09 1.74745e-08 4.95465e-08 1.32538e-07 3.36903e-07 8.19585e-07 1.92161e-06 4.37215e-06 9.71584e-06 2.12078e-05 4.5677e-05 9.73207e-05 0.000205065 0.000426177 0.000876621 0.00183651 0.00407116 0.00914758 0.0180992 0.0274884 0.0295666 0.0217358 0.0107681 0.00357441 0.000796826 0.000121897 1.37648e-05 1.37558e-06 1.51471e-07 1.77837e-08 1.74856e-09 9.59201e-11 0 
0 3.20064e-14 4.00652e-13 2.73648e-12 1.42812e-11 6.3194e-11 2.48195e-10 8.8664e-10 2.92511e-09 9.00893e-09 2.61284e-08 7.19101e-08 1.89164e-07 4.78953e-07 1.17518e-06 2.8126e-06 6.60618e-06 1.531e-05 3.51584e-05 8.02007e-05 0.00018176 0.000410193 0.000945313 0.00237715 0.00664918 0.0180992 0.0400807 0.0642232 0.0705992 0.0522388 0.0258449 0.00851753 0.0018656 0.000273375 2.77824e-05 2.22242e-06 1.8506e-07 1.85646e-08 1.72968e-09 9.2554e-11 0 
0 1.53455e-14 1.90605e-13 1.29396e-12 6.72811e-12 2.97527e-11 1.17206e-10 4.21717e-10 1.40777e-09 4.40873e-09 1.30681e-08 3.69463e-08 1.00337e-07 2.63509e-07 6.73524e-07 1.68564e-06 4.15391e-06 1.01286e-05 2.45294e-05 5.91266e-05 0.000142015 0.000343721 0.000886853 0.00267505 0.0089996 0.0274884 0.0642232 0.105069 0.116319 0.0861814 0.0425572 0.0139661 0.00303522 0.000436964 4.24078e-05 3.00741e-06 2.00886e-07 1.69697e-08 1.49327e-09 7.84702e-11 0 
0 6.97714e-15 8.60446e-14 5.80974e-13 3.01163e-12 1.33164e-11 5.26336e-11 1.90755e-10 6.44095e-10 2.04926e-09 6.19829e-09 1.79581e-08 5.01778e-08 1.36066e-07 3.60178e-07 9.35763e-07 2.3978e-06 6.08483e-06 1.53378e-05 3.8458e-05 9.61385e-05 0.000244908 0.000694263 0.0024149 0.0091326 0.0295666 0.0705992 0.116319 0.129052 0.0956415 0.0471819 0.0154486 0.00334435 0.000477752 4.54632e-05 3.04854e-06 1.79048e-07 1.32675e-08 1.11643e-09 5.81734e-11 0 
0 3.01142e-15 3.68993e-14 2.47968e-13 1.28224e-12 5.67127e-12 2.24939e-11 8.20912e-11 2.80148e-10 9.04195e-10 2.7844e-09 8.24069e-09 2.35897e-08 6.56888e-08 1.7886e-07 4.784e-07 1.26195e-06 3.2931e-06 8.51686e-06 2.18393e-05 5.56707e-05 0.000145331 0.000434056 0.00163418 0.0065517 0.0217358 0.0522388 0.0861814 0.0956415 0.0708782 0.0349509 0.0114306 0.00246966 0.000351683 3.32314e-05 2.18542e-06 1.22483e-07 8.63258e-09 7.18104e-10 3.7594e-11 0 
0 1.234e-15 1.50339e-14 1.00617e-13 5.19258e-13 2.29782e-12 9.14403e-12 3.35822e-11 1.15682e-10 3.7801e-10 1.18175e-09 3.55908e-09 1.03866e-08 2.95206e-08 8.20706e-08 2.24002e-07 6.01957e-07 1.59561e-06 4.17387e-06 1.07637e-05 2.74048e-05 7.10087e-05 0.000210757 0.000798184 0.00323312 0.0107681 0.0258449 0.0425572 0.0471819 0.0349509 0.0172281 0.00563043 0.00121562 0.00017308 1.63772e-05 1.08474e-06 6.2443e-08 4.61206e-09 3.96391e-10 2.11549e-11 0 
0 4.79542e-16 5.81272e-15 3.87647e-14 1.99719e-13 8.84227e-13 3.52877e-12 1.30284e-11 4.52258e-11 1.49251e-10 4.72118e-10 1.44074e-09 4.26373e-09 1.22896e-08 3.46205e-08 9.55713e-08 2.58972e-07 6.89183e-07 1.79946e-06 4.59756e-06 1.1481e-05 2.86637e-05 7.95568e-05 0.00027986 0.00108953 0.00357441 0.00851753 0.0139661 0.0154486 0.0114306 0.00563043 0.0018395 0.000397428 5.67754e-05 5.43344e-06 3.74292e-07 2.40703e-08 2.04579e-09 1.88371e-10 1.03724e-11 0 
0 1.76246e-16 2.12668e-15 1.41376e-14 7.27225e-14 3.22035e-13 1.28785e-12 4.77357e-12 1.66644e-11 5.53857e-11 1.76629e-10 5.43689e-10 1.62275e-09 4.71295e-09 1.33533e-08 3.69691e-08 1.00062e-07 2.64573e-07 6.81779e-07 1.70505e-06 4.12059e-06 9.72271e-06 2.41372e-05 7.26788e-05 0.000254164 0.000796826 0.0018656 0.00303522 0.00334435 0.00246966 0.00121562 0.000397428 8.61535e-05 1.24318e-05 1.22704e-06 9.31476e-08 7.45292e-09 7.75325e-10 7.75519e-11 4.43751e-12 0 
0 6.09519e-17 7.32427e-16 4.85428e-15 2.49269e-14 1.10344e-13 4.4173e-13 1.64107e-12 5.74809e-12 1.9182e-11 6.14386e-11 1.89885e-10 5.68517e-10 1.65345e-09 4.67916e-09 1.28927e-08 3.45691e-08 9.00276e-08 2.26923e-07 5.50596e-07 1.2773e-06 2.83047e-06 6.21049e-06 1.50967e-05 4.31871e-05 0.000121897 0.000273375 0.000436964 0.000477752 0.000351683 0.00017308 5.67754e-05 1.24318e-05 1.84394e-06 1.9702e-07 1.84145e-08 2.02725e-09 2.57552e-10 2.77928e-11 1.65771e-12 0 
0 1.96655e-17 2.35372e-16 1.55517e-15 7.96889e-15 3.5235e-14 1.41012e-13 5.24094e-13 1.83727e-12 6.13682e-12 1.96661e-11 6.07558e-11 1.81539e-10 5.25709e-10 1.47673e-09 4.02285e-09 1.06126e-08 2.70366e-08 6.6224e-08 1.54986e-07 3.43753e-07 7.17124e-07 1.41631e-06 2.79364e-06 6.02229e-06 1.37648e-05 2.77824e-05 4.24078e-05 4.54632e-05 3.32314e-05 1.63772e-05 5.43344e-06 1.22704e-06 1.9702e-07 2.55768e-08 3.39679e-09 5.1439e-10 7.54919e-11 8.67085e-12 5.39773e-13 0 
0 5.83497e-18 6.95583e-17 4.5804e-16 2.3406e-15 1.03263e-14 4.12521e-14 1.53073e-13 5.35691e-13 1.78534e-12 5.7033e-12 1.75382e-11 5.20557e-11 1.49339e-10 4.14186e-10 1.1095e-09 2.86443e-09 7.10284e-09 1.68328e-08 3.78713e-08 8.01995e-08 1.58277e-07 2.88983e-07 4.92481e-07 8.1715e-07 1.37558e-06 2.22242e-06 3.00741e-06 3.04854e-06 2.18542e-06 1.08474e-06 3.74292e-07 9.31476e-08 1.84145e-08 3.39679e-09 6.48327e-10 1.20454e-10 1.93222e-11 2.34008e-12 1.52135e-13 0 
0 1.55297e-18 1.84342e-17 1.20916e-16 6.15661e-16 2.70686e-15 1.07762e-14 3.98384e-14 1.3882e-13 4.60238e-13 1.46055e-12 4.45356e-12 1.30768e-11 3.70055e-11 1.00893e-10 2.64631e-10 6.6599e-10 1.60198e-09 3.66382e-09 7.91333e-09 1.60056e-08 3.00119e-08 5.16052e-08 8.07072e-08 1.15006e-07 1.51471e-07 1.8506e-07 2.00886e-07 1.79048e-07 1.22483e-07 6.2443e-08 2.40703e-08 7.45292e-09 2.02725e-09 5.1439e-10 1.20454e-10 2.47887e-11 4.2256e-12 5.37224e-13 3.64805e-14 0 
0 3.53592e-19 4.17746e-18 2.72749e-17 1.3823e-16 6.04834e-16 2.39539e-15 8.80391e-15 3.04704e-14 1.00208e-13 3.14926e-13 9.49015e-13 2.74702e-12 7.64113e-12 2.04099e-11 5.22528e-11 1.27846e-10 2.97714e-10 6.56358e-10 1.36095e-09 2.63287e-09 4.70786e-09 7.69869e-09 1.13869e-08 1.50851e-08 1.77837e-08 1.85646e-08 1.69697e-08 1.32675e-08 8.63258e-09 4.61206e-09 2.04579e-09 7.75325e-10 2.57552e-10 7.54919e-11 1.93222e-11 4.2256e-12 7.5769e-13 1.00888e-13 7.15198e-15 0 
0 6.19019e-20 7.27415e-19 4.72319e-18 2.37986e-17 1.0348e-16 4.06977e-16 1.48401e-15 5.08954e-15 1.65609e-14 5.14008e-14 1.52642e-13 4.34327e-13 1.18426e-12 3.09118e-12 7.70807e-12 1.83049e-11 4.12286e-11 8.76153e-11 1.74573e-10 3.23721e-10 5.53948e-10 8.66481e-10 1.22643e-09 1.5548e-09 1.74856e-09 1.72968e-09 1.49327e-09 1.11643e-09 7.18104e-10 3.96391e-10 1.88371e-10 7.75519e-11 2.77928e-11 8.67085e-12 2.34008e-12 5.37224e-13 1.00888e-13 1.40402e-14 1.03787e-15 0 
0 5.9294e-21 6.92481e-20 4.46703e-19 2.23494e-18 9.64255e-18 3.7595e-17 1.35744e-16 4.60345e-16 1.47874e-15 4.5222e-15 1.32034e-14 3.68479e-14 9.8286e-14 2.50268e-13 6.07023e-13 1.39809e-12 3.04537e-12 6.24252e-12 1.19712e-11 2.13322e-11 3.50551e-11 5.26852e-11 7.1789e-11 8.79073e-11 9.59201e-11 9.2554e-11 7.84702e-11 5.81734e-11 3.7594e-11 2.11549e-11 1.03724e-11 4.43751e-12 1.65771e-12 5.39773e-13 1.52135e-13 3.64805e-14 7.15198e-15 1.03787e-15 7.98731e-17 0 
0 0 0 0 0 0 0 0 0 0 0 0 0 0 0 0 0 0 0 0 0 0 0 0 0 0 0 0 0 0 0 0 0 0 0 0 0 0 0 0 0 
