0 0 0 0 0 0 0 0 0 0 0 0 0 0 0 0 0 0 0 0 0 0 0 0 0 0 0 0 0 0 0 0 0 0 0 0 0 0 0 0 0 
0 1.90013e-07 1.70107e-06 7.55945e-06 2.30918e-05 5.38379e-05 0.000101564 0.000162217 0.000227953 0.000290816 0.000345036 0.000387378 0.000416498 0.000432179 0.000434799 0.000425055 0.000403865 0.000372402 0.000332206 0.000285339 0.000234498 0.000182981 0.000134387 9.20337e-05 5.82353e-05 3.37694e-05 1.78312e-05 8.53869e-06 3.70186e-06 1.45334e-06 5.17402e-07 1.67298e-07 4.91722e-08 1.31249e-08 3.16816e-09 6.84835e-10 1.29889e-10 2.07064e-11 2.50422e-12 1.6415e-13 0 
0 1.70107e-06 1.56144e-05 6.87121e-05 0.000198218 0.000416835 0.000688828 0.000958227 0.00118899 0.00137194 0.00151104 0.00161204 0.0016788 0.0017135 0.00171777 0.00169339 0.00164249 0.00156713 0.00146876 0.00134771 0.00120336 0.0010356 0.000847637 0.000649154 0.000456981 0.000290823 0.000165175 8.31194e-05 3.70144e-05 1.46372e-05 5.17059e-06 1.64169e-06 4.70688e-07 1.22092e-07 2.85893e-08 5.99236e-09 1.10255e-09 1.70684e-10 2.00733e-11 1.28151e-12 0 
0 7.55945e-06 6.87121e-05 0.000281274 0.000703197 0.00122987 0.00170764 0.00209099 0.00240657 0.0026786 0.00291136 0.00309815 0.00323041 0.00330219 0.00331175 0.00326172 0.00315864 0.003012 0.0028329 0.00263218 0.00241782 0.00219168 0.00194689 0.00166943 0.00134846 0.000994333 0.000648497 0.000365356 0.000176048 7.281e-05 2.61577e-05 8.28008e-06 2.33703e-06 5.92441e-07 1.35074e-07 2.75257e-08 4.9234e-09 7.41485e-10 8.49382e-11 5.2896e-12 0 
0 2.30918e-05 0.000198218 0.000703197 0.00143898 0.00211511 0.00267556 0.0031965 0.00370722 0.00419112 0.00461948 0.00496622 0.00521217 0.00534623 0.0053655 0.00527482 0.00508578 0.00481526 0.00448383 0.00411397 0.0037283 0.00334723 0.00298486 0.00264186 0.00229717 0.00191049 0.00145371 0.000961332 0.000531098 0.000241762 9.16637e-05 2.9624e-05 8.35122e-06 2.08744e-06 4.66084e-07 9.27211e-08 1.61735e-08 2.37588e-09 2.65701e-10 1.61745e-11 0 
0 5.38379e-05 0.000416835 0.00122987 0.00211511 0.00288003 0.00364218 0.00444546 0.00525405 0.00601711 0.00668809 0.00722885 0.00761163 0.00782036 0.00785106 0.00771129 0.00741858 0.00699832 0.00648118 0.0059004 0.00528943 0.00467999 0.00410044 0.00357316 0.00310725 0.00268298 0.00223985 0.00170928 0.00111012 0.000581498 0.00024263 8.25001e-05 2.36725e-05 5.90189e-06 1.30002e-06 2.53765e-07 4.3336e-08 6.22927e-09 6.81972e-10 4.06799e-11 0 
0 0.000101564 0.000688828 0.00170764 0.00267556 0.00364218 0.00471482 0.00585706 0.00699867 0.00807062 0.00901075 0.00976738 0.0103026 0.0105945 0.0106376 0.0104426 0.0100338 0.0094462 0.00872211 0.00790712 0.00704669 0.0061833 0.00535444 0.00459169 0.00391949 0.00334839 0.00285397 0.00235285 0.00174566 0.00106527 0.000504924 0.000186149 5.55168e-05 1.39867e-05 3.06444e-06 5.9027e-07 9.91103e-08 1.39893e-08 1.50381e-09 8.81333e-11 0 
0 0.000162217 0.000958227 0.00209099 0.0031965 0.00444546 0.00585706 0.00735163 0.00883997 0.0102351 0.0114576 0.0124408 0.0131361 0.0135152 0.013571 0.0133173 0.0127858 0.0120218 0.01108 0.0100191 0.00889754 0.00776946 0.0066821 0.00567417 0.00477591 0.00400882 0.00337742 0.00283876 0.00227362 0.00157631 0.000855735 0.000349456 0.000110403 2.84693e-05 6.25552e-06 1.19575e-06 1.9826e-07 2.75774e-08 2.91986e-09 1.68591e-10 0 
0 0.000227953 0.00118899 0.00240657 0.00370722 0.00525405 0.00699867 0.00883997 0.0106712 0.0123865 0.0138889 0.0150979 0.015955 0.0164244 0.0164933 0.0161774 0.0155194 0.0145779 0.0134192 0.0121143 0.0107339 0.00934405 0.00800198 0.00675388 0.00563464 0.00466909 0.00387172 0.00323108 0.00266378 0.00201 0.00123004 0.000560049 0.000189832 5.06308e-05 1.12378e-05 2.14275e-06 3.52245e-07 4.84495e-08 5.06783e-09 2.89071e-10 0 
0 0.000290816 0.00137194 0.0026786 0.00419112 0.00601711 0.00807062 0.0102351 0.0123865 0.0144012 0.0161674 0.0175971 0.0186237 0.0191929 0.0192768 0.0188916 0.0180962 0.0169733 0.0156055 0.014071 0.0124487 0.0108147 0.00923534 0.00776424 0.00644097 0.00529248 0.00433543 0.0035719 0.00295454 0.00233409 0.00156432 0.000787596 0.000287529 7.98122e-05 1.7988e-05 3.4354e-06 5.61879e-07 7.66586e-08 7.94415e-09 4.48817e-10 0 
0 0.000345036 0.00151104 0.00291136 0.00461948 0.00668809 0.00901075 0.0114576 0.0138889 0.0161674 0.0181755 0.0198172 0.0209923 0.0216274 0.0217183 0.0212905 0.0203849 0.0190892 0.0175211 0.0157789 0.0139441 0.0120968 0.0103107 0.00864562 0.00714543 0.00583913 0.00474369 0.00386522 0.0031781 0.00256257 0.00182616 0.00099871 0.000390748 0.000112995 2.59253e-05 4.97303e-06 8.11466e-07 1.10109e-07 1.13338e-08 6.35756e-10 0 
0 0.000387378 0.00161204 0.00309815 0.00496622 0.00722885 0.00976738 0.0124408 0.0150979 0.0175971 0.0198172 0.0216064 0.022809 0.0234151 0.0234961 0.0230879 0.0221839 0.0208034 0.0190721 0.017149 0.0151388 0.0131202 0.0111688 0.00934874 0.00770756 0.00627597 0.00507098 0.00409928 0.00334593 0.00271707 0.00201092 0.00116944 0.000484693 0.000145428 3.39563e-05 6.55043e-06 1.06842e-06 1.44504e-07 1.48075e-08 8.26518e-10 0 
0 0.000416498 0.0016788 0.00323041 0.00521217 0.00761163 0.0103026 0.0131361 0.015955 0.0186237 0.0209923 0.022809 0.0239428 0.0244919 0.0245607 0.0241843 0.0233394 0.0219828 0.020174 0.0181162 0.0159742 0.0138336 0.0117661 0.00983764 0.00809796 0.00657905 0.00529797 0.00426104 0.003458 0.00281205 0.00212625 0.00128813 0.000556875 0.000171974 4.07474e-05 7.90399e-06 1.29018e-06 1.74236e-07 1.78092e-08 9.91172e-10 0 
0 0.000432179 0.0017135 0.00330219 0.00534623 0.00782036 0.0105945 0.0135152 0.0164244 0.0191929 0.0216274 0.0234151 0.0244919 0.0250072 0.0250681 0.0247074 0.0239001 0.0225837 0.020763 0.0186344 0.0164158 0.0142078 0.0120779 0.0100916 0.0082996 0.00673446 0.00541318 0.00434168 0.00351148 0.00285485 0.00218139 0.00135188 0.000599349 0.000188507 4.51116e-05 8.78863e-06 1.43651e-06 1.93979e-07 1.98121e-08 1.1015e-09 0 
0 0.000434799 0.00171777 0.00331175 0.0053655 0.00785106 0.0106376 0.013571 0.0164933 0.0192768 0.0217183 0.0234961 0.0245607 0.0250681 0.0251249 0.0247637 0.0239594 0.0226479 0.0208253 0.0186847 0.0164536 0.0142363 0.0120987 0.0101058 0.00830818 0.00673833 0.00541302 0.00433795 0.00350498 0.00284903 0.00218314 0.00136221 0.000608961 0.00019283 4.63486e-05 9.0533e-06 1.48218e-06 2.00368e-07 2.04827e-08 1.13966e-09 0 
0 0.000425055 0.00169339 0.00326172 0.00527482 0.00771129 0.0104426 0.0133173 0.0161774 0.0188916 0.0212905 0.0230879 0.0241843 0.0247074 0.0247637 0.0243871 0.0235534 0.0222087 0.0203842 0.0182855 0.0161054 0.0139346 0.0118412 0.00989018 0.00813125 0.00659606 0.00530104 0.00425184 0.00343962 0.00279649 0.00213523 0.00132234 0.000586721 0.000184994 4.44197e-05 8.68481e-06 1.42459e-06 1.93041e-07 1.97844e-08 1.10375e-09 0 
0 0.000403865 0.00164249 0.00315864 0.00508578 0.00741858 0.0100338 0.0127858 0.0155194 0.0180962 0.0203849 0.0221839 0.0233394 0.0239001 0.0239594 0.0235534 0.022665 0.0212777 0.0194895 0.0174907 0.0154136 0.0133371 0.0113336 0.00946751 0.00778643 0.00632075 0.00508649 0.00408936 0.00331846 0.00269786 0.00203876 0.0012366 0.000537153 0.000167113 3.99194e-05 7.80523e-06 1.28377e-06 1.74648e-07 1.7981e-08 1.00798e-09 0 
0 0.000372402 0.00156713 0.003012 0.00481526 0.00699832 0.0094462 0.0120218 0.0145779 0.0169733 0.0190892 0.0208034 0.0219828 0.0225837 0.0226479 0.0222087 0.0212777 0.0199078 0.0182296 0.0163755 0.0144369 0.0124925 0.0106164 0.00887014 0.00729873 0.00593091 0.00478231 0.00385859 0.00314451 0.0025515 0.00189317 0.00111135 0.000467825 0.000142811 3.38815e-05 6.62893e-06 1.09517e-06 1.49927e-07 1.55457e-08 8.77986e-10 0 
0 0.000332206 0.00146876 0.0028329 0.00448383 0.00648118 0.00872211 0.01108 0.0134192 0.0156055 0.0175211 0.0190721 0.020174 0.020763 0.0208253 0.0203842 0.0194895 0.0182296 0.0167093 0.0150198 0.0132431 0.0114586 0.00973731 0.00813641 0.00669751 0.00544777 0.00440257 0.00356687 0.0029178 0.00235232 0.00169851 0.00095687 0.000388776 0.000116452 2.74987e-05 5.40002e-06 8.99127e-07 1.24283e-07 1.30214e-08 7.43249e-10 0 
0 0.000285339 0.00134771 0.00263218 0.00411397 0.0059004 0.00790712 0.0100191 0.0121143 0.014071 0.0157789 0.017149 0.0181162 0.0186344 0.0186847 0.0182855 0.0174907 0.0163755 0.0150198 0.013503 0.0119039 0.0102973 0.00874767 0.00730696 0.00601336 0.00489249 0.00395955 0.0032172 0.00263202 0.00209243 0.00146004 0.00078918 0.000311407 9.22839e-05 2.1854e-05 4.33442e-06 7.31097e-07 1.0247e-07 1.0886e-08 6.29741e-10 0 
0 0.000234498 0.00120336 0.00241782 0.0037283 0.00528943 0.00704669 0.00889754 0.0107339 0.0124487 0.0139441 0.0151388 0.0159742 0.0164158 0.0164536 0.0161054 0.0154136 0.0144369 0.0132431 0.0119039 0.0104908 0.00906972 0.00769791 0.00642153 0.00527537 0.00428361 0.00346058 0.00280451 0.002274 0.00176773 0.00119472 0.000629702 0.000246672 7.37083e-05 1.77399e-05 3.58393e-06 6.15516e-07 8.77197e-08 9.45971e-09 5.54535e-10 0 
0 0.000182981 0.0010356 0.00219168 0.00334723 0.00467999 0.0061833 0.00776946 0.00934405 0.0108147 0.0120968 0.0131202 0.0138336 0.0142078 0.0142363 0.0139346 0.0133371 0.0124925 0.0114586 0.0102973 0.00906972 0.00783246 0.00663463 0.00551655 0.00450937 0.00363548 0.00290705 0.00231901 0.00183702 0.00139416 0.000934327 0.000500613 0.000202774 6.28259e-05 1.55914e-05 3.22466e-06 5.63568e-07 8.13649e-08 8.8592e-09 5.22998e-10 0 
0 0.000134387 0.000847637 0.00194689 0.00298486 0.00410044 0.00535444 0.0066821 0.00800198 0.00923534 0.0103107 0.0111688 0.0117661 0.0120779 0.0120987 0.0118412 0.0113336 0.0106164 0.00973731 0.00874767 0.00769791 0.00663463 0.00559861 0.00462391 0.00373825 0.00296353 0.00231387 0.00179 0.00137457 0.00103206 0.000716319 0.000414464 0.000182513 6.01711e-05 1.54789e-05 3.25683e-06 5.72789e-07 8.27354e-08 8.9845e-09 5.28055e-10 0 
0 9.20337e-05 0.000649154 0.00166943 0.00264186 0.00357316 0.00459169 0.00567417 0.00675388 0.00776424 0.00864562 0.00934874 0.00983764 0.0100916 0.0101058 0.00989018 0.00946751 0.00887014 0.00813641 0.00730696 0.00642153 0.00551655 0.00462391 0.00377203 0.00299188 0.00232687 0.00181982 0.00145522 0.00115029 0.000855242 0.000592525 0.000368842 0.000181082 6.43771e-05 1.70655e-05 3.59779e-06 6.26183e-07 8.91227e-08 9.52751e-09 5.51448e-10 0 
0 5.82353e-05 0.000456981 0.00134846 0.00229717 0.00310725 0.00391949 0.00477591 0.00563464 0.00644097 0.00714543 0.00770756 0.00809796 0.0082996 0.00830818 0.00813125 0.00778643 0.00729873 0.00669751 0.00601336 0.00527537 0.00450937 0.00373825 0.00299188 0.00234484 0.00195396 0.00193395 0.00209237 0.0019894 0.00146145 0.000828661 0.000412354 0.000194775 7.25637e-05 1.95599e-05 4.06954e-06 6.91618e-07 9.5992e-08 1.00232e-08 5.67934e-10 0 
0 3.37694e-05 0.000290823 0.000994333 0.00191049 0.00268298 0.00334839 0.00400882 0.00466909 0.00529248 0.00583913 0.00627597 0.00657905 0.00673446 0.00673833 0.00659606 0.00632075 0.00593091 0.00544777 0.00489249 0.00428361 0.00363548 0.00296353 0.00232687 0.00195396 0.00229623 0.00362004 0.00522628 0.00561466 0.00411249 0.00209329 0.000774027 0.000255142 8.38445e-05 2.19467e-05 4.42204e-06 7.27152e-07 9.80289e-08 9.98185e-09 5.53427e-10 0 
0 1.78312e-05 0.000165175 0.000648497 0.00145371 0.00223985 0.00285397 0.00337742 0.00387172 0.00433543 0.00474369 0.00507098 0.00529797 0.00541318 0.00541302 0.00530104 0.00508649 0.00478231 0.00440257 0.00395955 0.00346058 0.00290705 0.00231387 0.00181982 0.00193395 0.00362004 0.00751751 0.013143 0.0149567 0.0100365 0.00483045 0.00163524 0.000413087 0.00010115 2.33932e-05 4.42039e-06 6.96998e-07 9.13064e-08 9.09586e-09 4.95277e-10 0 
0 8.53869e-06 8.31194e-05 0.000365356 0.000961332 0.00170928 0.00235285 0.00283876 0.00323108 0.0035719 0.00386522 0.00409928 0.00426104 0.00434168 0.00433795 0.00425184 0.00408936 0.00385859 0.00356687 0.0032172 0.00280451 0.00231901 0.00179 0.00145522 0.00209237 0.00522628 0.013143 0.0181123 0.0186607 0.0167783 0.00828592 0.00262107 0.000605056 0.000118652 2.29588e-05 3.94019e-06 5.913e-07 7.55537e-08 7.41258e-09 3.98998e-10 0 
0 3.70186e-06 3.70144e-05 0.000176048 0.000531098 0.00111012 0.00174566 0.00227362 0.00266378 0.00295454 0.0031781 0.00334593 0.003458 0.00351148 0.00350498 0.00343962 0.00331846 0.00314451 0.0029178 0.00263202 0.002274 0.00183702 0.00137457 0.00115029 0.0019894 0.00561466 0.0149567 0.0186607 0.0191062 0.0176672 0.00981647 0.00288671 0.00064971 0.000115637 1.94461e-05 3.02805e-06 4.34121e-07 5.45755e-08 5.32265e-09 2.85608e-10 0 
0 1.45334e-06 1.46372e-05 7.281e-05 0.000241762 0.000581498 0.00106527 0.00157631 0.00201 0.00233409 0.00256257 0.00271707 0.00281205 0.00285485 0.00284903 0.00279649 0.00269786 0.0025515 0.00235232 0.00209243 0.00176773 0.00139416 0.00103206 0.000855242 0.00146145 0.00411249 0.0100365 0.0167783 0.0176672 0.0141959 0.00651138 0.00213862 0.000481239 8.41339e-05 1.3204e-05 1.93501e-06 2.71044e-07 3.40363e-08 3.33751e-09 1.80201e-10 0 
0 5.17402e-07 5.17059e-06 2.61577e-05 9.16637e-05 0.00024263 0.000504924 0.000855735 0.00123004 0.00156432 0.00182616 0.00201092 0.00212625 0.00218139 0.00218314 0.00213523 0.00203876 0.00189317 0.00169851 0.00146004 0.00119472 0.000934327 0.000716319 0.000592525 0.000828661 0.00209329 0.00483045 0.00828592 0.00981647 0.00651138 0.00321065 0.00106248 0.0002447 4.41312e-05 6.87807e-06 1.00415e-06 1.42549e-07 1.82332e-08 1.81947e-09 9.97785e-11 0 
0 1.67298e-07 1.64169e-06 8.28008e-06 2.9624e-05 8.25001e-05 0.000186149 0.000349456 0.000560049 0.000787596 0.00099871 0.00116944 0.00128813 0.00135188 0.00136221 0.00132234 0.0012366 0.00111135 0.00095687 0.00078918 0.000629702 0.000500613 0.000414464 0.000368842 0.000412354 0.000774027 0.00163524 0.00262107 0.00288671 0.00213862 0.00106248 0.00035928 8.77286e-05 1.68041e-05 2.74357e-06 4.23701e-07 6.32542e-08 8.3919e-09 8.61559e-10 4.83979e-11 0 
0 4.91722e-08 4.70688e-07 2.33703e-06 8.35122e-06 2.36725e-05 5.55168e-05 0.000110403 0.000189832 0.000287529 0.000390748 0.000484693 0.000556875 0.000599349 0.000608961 0.000586721 0.000537153 0.000467825 0.000388776 0.000311407 0.000246672 0.000202774 0.000182513 0.000181082 0.000194775 0.000255142 0.000413087 0.000605056 0.00064971 0.000481239 0.0002447 8.77286e-05 2.32153e-05 4.82318e-06 8.70297e-07 1.48931e-07 2.39267e-08 3.33081e-09 3.54728e-10 2.0556e-11 0 
0 1.31249e-08 1.22092e-07 5.92441e-07 2.08744e-06 5.90189e-06 1.39867e-05 2.84693e-05 5.06308e-05 7.98122e-05 0.000112995 0.000145428 0.000171974 0.000188507 0.00019283 0.000184994 0.000167113 0.000142811 0.000116452 9.22839e-05 7.37083e-05 6.28259e-05 6.01711e-05 6.43771e-05 7.25637e-05 8.38445e-05 0.00010115 0.000118652 0.000115637 8.41339e-05 4.41312e-05 1.68041e-05 4.82318e-06 1.12495e-06 2.335e-07 4.49632e-08 7.80329e-09 1.14483e-09 1.27151e-10 7.64108e-12 0 
0 3.16816e-09 2.85893e-08 1.35074e-07 4.66084e-07 1.30002e-06 3.06444e-06 6.25552e-06 1.12378e-05 1.7988e-05 2.59253e-05 3.39563e-05 4.07474e-05 4.51116e-05 4.63486e-05 4.44197e-05 3.99194e-05 3.38815e-05 2.74987e-05 2.1854e-05 1.77399e-05 1.55914e-05 1.54789e-05 1.70655e-05 1.95599e-05 2.19467e-05 2.33932e-05 2.29588e-05 1.94461e-05 1.3204e-05 6.87807e-06 2.74357e-06 8.70297e-07 2.335e-07 5.56443e-08 1.1866e-08 2.20689e-09 3.41285e-10 3.96486e-11 2.47968e-12 0 
0 6.84835e-10 5.99236e-09 2.75257e-08 9.27211e-08 2.53765e-07 5.9027e-07 1.19575e-06 2.14275e-06 3.4354e-06 4.97303e-06 6.55043e-06 7.90399e-06 8.78863e-06 9.0533e-06 8.68481e-06 7.80523e-06 6.62893e-06 5.40002e-06 4.33442e-06 3.58393e-06 3.22466e-06 3.25683e-06 3.59779e-06 4.06954e-06 4.42204e-06 4.42039e-06 3.94019e-06 3.02805e-06 1.93501e-06 1.00415e-06 4.23701e-07 1.48931e-07 4.49632e-08 1.1866e-08 2.73289e-09 5.39755e-10 8.78812e-11 1.0693e-11 6.97383e-13 0 
0 1.29889e-10 1.10255e-09 4.9234e-09 1.61735e-08 4.3336e-08 9.91103e-08 1.9826e-07 3.52245e-07 5.61879e-07 8.11466e-07 1.06842e-06 1.29018e-06 1.43651e-06 1.48218e-06 1.42459e-06 1.28377e-06 1.09517e-06 8.99127e-07 7.31097e-07 6.15516e-07 5.63568e-07 5.72789e-07 6.26183e-07 6.91618e-07 7.27152e-07 6.96998e-07 5.913e-07 4.34121e-07 2.71044e-07 1.42549e-07 6.32542e-08 2.39267e-08 7.80329e-09 2.20689e-09 5.39755e-10 1.12519e-10 1.92572e-11 2.45402e-12 1.67018e-13 0 
0 2.07064e-11 1.70684e-10 7.41485e-10 2.37588e-09 6.22927e-09 1.39893e-08 2.75774e-08 4.84495e-08 7.66586e-08 1.10109e-07 1.44504e-07 1.74236e-07 1.93979e-07 2.00368e-07 1.93041e-07 1.74648e-07 1.49927e-07 1.24283e-07 1.0247e-07 8.77197e-08 8.13649e-08 8.27354e-08 8.91227e-08 9.5992e-08 9.80289e-08 9.13064e-08 7.55537e-08 5.45755e-08 3.40363e-08 1.82332e-08 8.3919e-09 3.33081e-09 1.14483e-09 3.41285e-10 8.78812e-11 1.92572e-11 3.45711e-12 4.60928e-13 3.27265e-14 0 
0 2.50422e-12 2.00733e-11 8.49382e-11 2.65701e-10 6.81972e-10 1.50381e-09 2.91986e-09 5.06783e-09 7.94415e-09 1.13338e-08 1.48075e-08 1.78092e-08 1.98121e-08 2.04827e-08 1.97844e-08 1.7981e-08 1.55457e-08 1.30214e-08 1.0886e-08 9.45971e-09 8.8592e-09 8.9845e-09 9.52751e-09 1.00232e-08 9.98185e-09 9.09586e-09 7.41258e-09 5.32265e-09 3.33751e-09 1.81947e-09 8.61559e-10 3.54728e-10 1.27151e-10 3.96486e-11 1.0693e-11 2.45402e-12 4.60928e-13 6.41845e-14 4.74926e-15 0 
0 1.6415e-13 1.28151e-12 5.2896e-12 1.61745e-11 4.06799e-11 8.81333e-11 1.68591e-10 2.89071e-10 4.48817e-10 6.35756e-10 8.26518e-10 9.91172e-10 1.1015e-09 1.13966e-09 1.10375e-09 1.00798e-09 8.77986e-10 7.43249e-10 6.29741e-10 5.54535e-10 5.22998e-10 5.28055e-10 5.51448e-10 5.67934e-10 5.53427e-10 4.95277e-10 3.98998e-10 2.85608e-10 1.80201e-10 9.97785e-11 4.83979e-11 2.0556e-11 7.64108e-12 2.47968e-12 6.97383e-13 1.67018e-13 3.27265e-14 4.74926e-15 3.65664e-16 0 
0 0 0 0 0 0 0 0 0 0 0 0 0 0 0 0 0 0 0 0 0 0 0 0 0 0 0 0 0 0 0 0 0 0 0 0 0 0 0 0 0 
