0 0 0 0 0 0 0 0 0 0 0 0 0 0 0 0 0 0 0 0 0 0 0 0 0 0 0 0 0 0 0 0 0 0 0 0 0 0 0 0 0 
0 3.28209e-08 3.05607e-07 1.47102e-06 5.09469e-06 1.4037e-05 3.21858e-05 6.30929e-05 0.000107918 0.000163949 0.000224771 0.000281964 0.000327342 0.000354746 0.000361017 0.0003462 0.000313213 0.00026715 0.000214326 0.000161173 0.000113132 7.37974e-05 4.4553e-05 2.48108e-05 1.27158e-05 5.99108e-06 2.59491e-06 1.03409e-06 3.79666e-07 1.28622e-07 4.02588e-08 1.16493e-08 3.11436e-09 7.67234e-10 1.73145e-10 3.5384e-11 6.40553e-12 9.82527e-13 1.15102e-13 7.34881e-15 0 
0 3.05607e-07 2.96656e-06 1.47955e-05 5.25061e-05 0.000145974 0.000331842 0.000634216 0.00104431 0.00151741 0.00198992 0.00240135 0.00270756 0.00288352 0.0029205 0.00282243 0.00260336 0.00228633 0.00190272 0.00149058 0.00109054 0.000739008 0.000460359 0.00026209 0.000135895 6.41119e-05 2.7552e-05 1.08132e-05 3.888e-06 1.28488e-06 3.91311e-07 1.10016e-07 2.85606e-08 6.83273e-09 1.49822e-09 2.97751e-10 5.24764e-11 7.84619e-12 8.97177e-13 5.59864e-14 0 
0 1.47102e-06 1.47955e-05 7.55926e-05 0.000269358 0.000731828 0.00157924 0.00279842 0.0042222 0.00562913 0.00685094 0.00780158 0.00845275 0.00880432 0.0088674 0.0086577 0.00819348 0.0074961 0.00659343 0.00552739 0.00436423 0.00319958 0.00214623 0.00130066 0.000706307 0.000342782 0.000149022 5.83568e-05 2.07238e-05 6.71704e-06 1.99753e-06 5.46982e-07 1.38133e-07 3.2137e-08 6.85514e-09 1.32636e-09 2.27825e-10 3.32404e-11 3.71392e-12 2.26763e-13 0 
0 5.09469e-06 5.25061e-05 0.000269358 0.000931855 0.00235823 0.00457445 0.0071775 0.00967427 0.0117987 0.0134902 0.014759 0.0156189 0.0160783 0.0161485 0.0158501 0.0152125 0.0142696 0.0130518 0.0115794 0.00986671 0.00794767 0.00592227 0.00398464 0.00237053 0.00123223 0.000559257 0.000223404 7.95009e-05 2.55083e-05 7.45199e-06 1.99572e-06 4.91774e-07 1.11534e-07 2.31916e-08 4.37644e-09 7.33843e-10 1.04641e-10 1.14407e-11 6.84444e-13 0 
0 1.4037e-05 0.000145974 0.000731828 0.00235823 0.00530406 0.0089737 0.0125149 0.0155795 0.0181738 0.0203294 0.022023 0.0232089 0.0238529 0.023948 0.0235185 0.0226163 0.0213136 0.0196911 0.0178213 0.0157486 0.0134718 0.0109603 0.00824079 0.00552477 0.00319937 0.00157508 0.000661417 0.00024077 7.7489e-05 2.24264e-05 5.90721e-06 1.42615e-06 3.16321e-07 6.42873e-08 1.18597e-08 1.9454e-09 2.71631e-10 2.91131e-11 1.70944e-12 0 
0 3.21858e-05 0.000331842 0.00157924 0.00457445 0.0089737 0.0135107 0.0175968 0.0212842 0.0246139 0.0274993 0.0298134 0.0314486 0.03234 0.0324719 0.0318764 0.0306278 0.0288325 0.0266174 0.0241154 0.0214464 0.018689 0.0158431 0.0128197 0.00955183 0.00624468 0.00343531 0.00156473 0.000597077 0.000195926 5.67599e-05 1.48049e-05 3.51881e-06 7.66143e-07 1.52663e-07 2.76071e-08 4.44084e-09 6.08519e-10 6.40673e-11 3.69926e-12 0 
0 6.30929e-05 0.000634216 0.00279842 0.0071775 0.0125149 0.0175968 0.0223842 0.0269747 0.031242 0.0349752 0.037977 0.0400993 0.0412559 0.0414262 0.0406521 0.0390299 0.0366979 0.0338227 0.0305828 0.0271531 0.0236854 0.0202751 0.0169078 0.0134277 0.0096966 0.00598962 0.00302226 0.00123675 0.000420978 0.000123472 3.2128e-05 7.55676e-06 1.62161e-06 3.17877e-07 5.65158e-08 8.93886e-09 1.20501e-09 1.24907e-10 7.10704e-12 0 
0 0.000107918 0.00104431 0.0042222 0.00967427 0.0155795 0.0212842 0.0269747 0.0325738 0.0378112 0.0423972 0.046084 0.0486895 0.050108 0.0503146 0.0493612 0.047366 0.0444988 0.0409636 0.0369801 0.0327656 0.0285191 0.0244007 0.0204927 0.0167246 0.0128471 0.00873106 0.00489169 0.00217746 0.000780145 0.000234141 6.12177e-05 1.43224e-05 3.04137e-06 5.88519e-07 1.03186e-07 1.60922e-08 2.13965e-09 2.18885e-10 1.23004e-11 0 
0 0.000163949 0.00151741 0.00562913 0.0117987 0.0181738 0.0246139 0.031242 0.0378112 0.0439608 0.0493442 0.0536703 0.0567253 0.0583863 0.0586245 0.0575012 0.0551553 0.0517862 0.0476331 0.0429531 0.0380011 0.0330123 0.0281864 0.0236646 0.0194732 0.0154249 0.0111866 0.00685688 0.00332576 0.00126474 0.000391553 0.00010349 2.4194e-05 5.10309e-06 9.78007e-07 1.6962e-07 2.61569e-08 3.43945e-09 3.4812e-10 1.9367e-11 0 
0 0.000224771 0.00198992 0.00685094 0.0134902 0.0203294 0.0274993 0.0349752 0.0423972 0.0493442 0.0554235 0.0603062 0.0637516 0.0656215 0.0658843 0.0646097 0.061955 0.0581457 0.0534514 0.0481623 0.0425657 0.0369269 0.0314734 0.02638 0.0217337 0.0174388 0.0131423 0.00861556 0.00450986 0.00182116 0.000583831 0.000156617 3.67168e-05 7.71747e-06 1.46939e-06 2.5283e-07 3.86622e-08 5.04139e-09 5.06164e-10 2.79477e-11 0 
0 0.000281964 0.00240135 0.00780158 0.014759 0.022023 0.0298134 0.037977 0.046084 0.0536703 0.0603062 0.065633 0.0693884 0.0714224 0.0717012 0.0703018 0.0673966 0.0632318 0.0581021 0.0523239 0.0462106 0.040051 0.0340936 0.0285337 0.0234913 0.0189378 0.0145708 0.00999369 0.0055558 0.00236626 0.000784749 0.000213963 5.04166e-05 1.05879e-05 2.00834e-06 3.43813e-07 5.22837e-08 6.77975e-09 6.77114e-10 3.72071e-11 0 
0 0.000327342 0.00270756 0.00845275 0.0156189 0.0232089 0.0314486 0.0400993 0.0486895 0.0567253 0.0637516 0.0693884 0.0733586 0.0755038 0.0757894 0.0742977 0.071212 0.0667937 0.0613552 0.0552314 0.048754 0.0422284 0.0359173 0.0300284 0.0246992 0.0199407 0.0155046 0.0109339 0.00634192 0.00281572 0.000961014 0.00026602 6.30654e-05 1.32599e-05 2.51214e-06 4.29087e-07 6.50819e-08 8.41806e-09 8.38901e-10 4.60207e-11 0 
0 0.000354746 0.00288352 0.00880432 0.0160783 0.0238529 0.03234 0.0412559 0.050108 0.0583863 0.0656215 0.0714224 0.0755038 0.0777034 0.0779865 0.0764388 0.0732499 0.0686898 0.0630807 0.0567679 0.0500929 0.04337 0.0368693 0.0308045 0.0253211 0.0204498 0.0159789 0.0114404 0.00680872 0.00310745 0.00108274 0.000303383 7.23672e-05 1.52595e-05 2.89485e-06 4.94838e-07 7.51097e-08 9.72512e-09 9.70678e-10 5.33718e-11 0 
0 0.000361017 0.0029205 0.0088674 0.0161485 0.023948 0.0324719 0.0414262 0.0503146 0.0586245 0.0658843 0.0717012 0.0757894 0.0779865 0.0782585 0.0766923 0.0734793 0.0688913 0.0632524 0.0569098 0.0502061 0.0434569 0.0369327 0.030848 0.0253491 0.0204728 0.0160236 0.0115395 0.00694427 0.00321193 0.00113219 0.000319926 7.67754e-05 1.62667e-05 3.09949e-06 5.32209e-07 8.11848e-08 1.05717e-08 1.06216e-09 5.88509e-11 0 
0 0.0003462 0.00282243 0.0086577 0.0158501 0.0235185 0.0318764 0.0406521 0.0493612 0.0575012 0.0646097 0.0703018 0.0742977 0.0764388 0.0766923 0.0751444 0.0719835 0.0674767 0.0619424 0.0557213 0.0491496 0.0425363 0.0361465 0.0301896 0.0248078 0.0200332 0.0156681 0.0112645 0.00676836 0.00313244 0.00110798 0.000314833 7.60769e-05 1.62464e-05 3.1231e-06 5.41598e-07 8.35377e-08 1.10136e-08 1.12188e-09 6.31077e-11 0 
0 0.000313213 0.00260336 0.00819348 0.0152125 0.0226163 0.0306278 0.0390299 0.047366 0.0551553 0.061955 0.0673966 0.071212 0.0732499 0.0734793 0.0719835 0.0689435 0.0646162 0.059307 0.0533428 0.047046 0.0407128 0.0345971 0.0288988 0.0237506 0.0191705 0.0149451 0.0106537 0.00632485 0.00290104 0.00102467 0.000292826 7.15136e-05 1.54851e-05 3.02571e-06 5.34458e-07 8.41273e-08 1.13378e-08 1.1822e-09 6.81368e-11 0 
0 0.00026715 0.00228633 0.0074961 0.0142696 0.0213136 0.0288325 0.0366979 0.0444988 0.0517862 0.0581457 0.0632318 0.0667937 0.0686898 0.0688913 0.0674767 0.0646162 0.0605508 0.0555674 0.0499727 0.0440691 0.0381347 0.0324074 0.0270736 0.0222516 0.0179354 0.0138921 0.0097562 0.0056816 0.00257287 0.000908859 0.000262835 6.54816e-05 1.454e-05 2.92372e-06 5.32771e-07 8.66427e-08 1.20707e-08 1.30054e-09 7.73519e-11 0 
0 0.000214326 0.00190272 0.00659343 0.0130518 0.0196911 0.0266174 0.0338227 0.0409636 0.0476331 0.0534514 0.0581021 0.0613552 0.0630807 0.0632524 0.0619424 0.059307 0.0555674 0.050987 0.0458473 0.040426 0.0349786 0.0297234 0.0248298 0.0203951 0.0163834 0.0125543 0.00864299 0.00493209 0.00221829 0.000793416 0.000236004 6.10725e-05 1.41597e-05 2.9791e-06 5.67837e-07 9.63842e-08 1.39646e-08 1.5576e-09 9.54151e-11 0 
0 0.000161173 0.00149058 0.00552739 0.0115794 0.0178213 0.0241154 0.0305828 0.0369801 0.0429531 0.0481623 0.0523239 0.0552314 0.0567679 0.0569098 0.0557213 0.0533428 0.0499727 0.0458473 0.0412192 0.0363381 0.0314333 0.0267006 0.0222877 0.0182654 0.0145711 0.0109959 0.00741838 0.00419023 0.00191203 0.000711964 0.00022419 6.18137e-05 1.5255e-05 3.3976e-06 6.80133e-07 1.20173e-07 1.79654e-08 2.05091e-09 1.27672e-10 0 
0 0.000113132 0.00109054 0.00436423 0.00986671 0.0157486 0.0214464 0.0271531 0.0327656 0.0380011 0.0425657 0.0462106 0.048754 0.0500929 0.0502061 0.0491496 0.047046 0.0440691 0.040426 0.0363381 0.0320241 0.0276848 0.02349 0.0195607 0.0159398 0.0125645 0.00931655 0.00621778 0.00357064 0.00172019 0.000695522 0.00023983 7.18536e-05 1.89673e-05 4.44066e-06 9.19906e-07 1.66054e-07 2.51094e-08 2.87761e-09 1.78842e-10 0 
0 7.37974e-05 0.000739008 0.00319958 0.00794767 0.0134718 0.018689 0.0236854 0.0285191 0.0330123 0.0369269 0.040051 0.0422284 0.04337 0.0434569 0.0425363 0.0407128 0.0381347 0.0349786 0.0314333 0.0276848 0.0239027 0.0202258 0.0167459 0.0134946 0.0104611 0.00765822 0.00517718 0.00315396 0.00168556 0.00077039 0.00029675 9.64528e-05 2.67754e-05 6.43091e-06 1.34345e-06 2.41874e-07 3.62303e-08 4.09627e-09 2.50576e-10 0 
0 4.4553e-05 0.000460359 0.00214623 0.00592227 0.0109603 0.0158431 0.0202751 0.0244007 0.0281864 0.0314734 0.0340936 0.0359173 0.0368693 0.0369327 0.0361465 0.0345971 0.0324074 0.0297234 0.0267006 0.02349 0.0202258 0.0170135 0.0139273 0.0110316 0.00841825 0.00619506 0.00439899 0.0029644 0.001816 0.000954256 0.000410229 0.00014222 4.04477e-05 9.69662e-06 1.99435e-06 3.51277e-07 5.13492e-08 5.66291e-09 3.38073e-10 0 
0 2.48108e-05 0.00026209 0.00130066 0.00398464 0.00824079 0.0128197 0.0169078 0.0204927 0.0236646 0.02638 0.0285337 0.0300284 0.0308045 0.030848 0.0301896 0.0288988 0.0270736 0.0248298 0.0222877 0.0195607 0.0167459 0.0139273 0.0112023 0.00872567 0.00669754 0.00522615 0.00417624 0.00324153 0.00225199 0.00131253 0.00060992 0.000219218 6.1972e-05 1.44254e-05 2.86227e-06 4.8667e-07 6.88257e-08 7.36153e-09 4.27331e-10 0 
0 1.27158e-05 0.000135895 0.000706307 0.00237053 0.00552477 0.00955183 0.0134277 0.0167246 0.0194732 0.0217337 0.0234913 0.0246992 0.0253211 0.0253491 0.0248078 0.0237506 0.0222516 0.0203951 0.0182654 0.0159398 0.0134946 0.0110316 0.00872567 0.00686738 0.00584157 0.00586882 0.00637589 0.00606408 0.00444118 0.00245434 0.00105941 0.000359582 9.52411e-05 2.06071e-05 3.8408e-06 6.22797e-07 8.48314e-08 8.78843e-09 4.96081e-10 0 
0 5.99108e-06 6.41119e-05 0.000342782 0.00123223 0.00319937 0.00624468 0.0096966 0.0128471 0.0154249 0.0174388 0.0189378 0.0199407 0.0204498 0.0204728 0.0200332 0.0191705 0.0179354 0.0163834 0.0145711 0.0125645 0.0104611 0.00841825 0.00669754 0.00584157 0.00699732 0.0110502 0.0159443 0.0169934 0.0125538 0.00638794 0.00232978 0.000659638 0.000149886 2.82335e-05 4.7344e-06 7.19387e-07 9.41048e-08 9.46124e-09 5.209e-10 0 
0 2.59491e-06 2.7552e-05 0.000149022 0.000559257 0.00157508 0.00343531 0.00598962 0.00873106 0.0111866 0.0131423 0.0145708 0.0155046 0.0159789 0.0160236 0.0156681 0.0149451 0.0138921 0.0125543 0.0109959 0.00931655 0.00765822 0.00619506 0.00522615 0.00586882 0.0110502 0.0229347 0.0364604 0.0400459 0.0296536 0.0147455 0.00498918 0.00121767 0.000232404 3.66656e-05 5.2963e-06 7.37239e-07 9.23716e-08 9.05276e-09 4.88808e-10 0 
0 1.03409e-06 1.08132e-05 5.83568e-05 0.000223404 0.000661417 0.00156473 0.00302226 0.00489169 0.00685688 0.00861556 0.00999369 0.0109339 0.0114404 0.0115395 0.0112645 0.0106537 0.0097562 0.00864299 0.00741838 0.00621778 0.00517718 0.00439899 0.00417624 0.00637589 0.0159443 0.0364604 0.0595524 0.0659214 0.0488484 0.0241528 0.00800088 0.00183093 0.000311304 4.22602e-05 5.2301e-06 6.58942e-07 7.91292e-08 7.61169e-09 4.061e-10 0 
0 3.79666e-07 3.888e-06 2.07238e-05 7.95009e-05 0.00024077 0.000597077 0.00123675 0.00217746 0.00332576 0.00450986 0.0055558 0.00634192 0.00680872 0.00694427 0.00676836 0.00632485 0.0056816 0.00493209 0.00419023 0.00357064 0.00315396 0.0029644 0.00324153 0.00606408 0.0169934 0.0400459 0.0659214 0.0731133 0.0542094 0.0267587 0.00881192 0.00197345 0.000317363 3.92507e-05 4.33241e-06 5.02546e-07 5.8474e-08 5.57735e-09 2.9667e-10 0 
0 1.28622e-07 1.28488e-06 6.71704e-06 2.55083e-05 7.7489e-05 0.000195926 0.000420978 0.000780145 0.00126474 0.00182116 0.00236626 0.00281572 0.00310745 0.00321193 0.00313244 0.00290104 0.00257287 0.00221829 0.00191203 0.00172019 0.00168556 0.001816 0.00225199 0.00444118 0.0125538 0.0296536 0.0488484 0.0542094 0.0401741 0.0198308 0.00652806 0.00145758 0.000229894 2.72665e-05 2.85511e-06 3.19684e-07 3.69491e-08 3.54277e-09 1.89748e-10 0 
0 4.02588e-08 3.91311e-07 1.99753e-06 7.45199e-06 2.24264e-05 5.67599e-05 0.000123472 0.000234141 0.000391553 0.000583831 0.000784749 0.000961014 0.00108274 0.00113219 0.00110798 0.00102467 0.000908859 0.000793416 0.000711964 0.000695522 0.00077039 0.000954256 0.00131253 0.00245434 0.00638794 0.0147455 0.0241528 0.0267587 0.0198308 0.00980086 0.00324089 0.000729777 0.000115317 1.36843e-05 1.45473e-06 1.67604e-07 1.9893e-08 1.94686e-09 1.06032e-10 0 
0 1.16493e-08 1.10016e-07 5.46982e-07 1.99572e-06 5.90721e-06 1.48049e-05 3.2128e-05 6.12177e-05 0.00010349 0.000156617 0.000213963 0.00026602 0.000303383 0.000319926 0.000314833 0.000292826 0.000262835 0.000236004 0.00022419 0.00023983 0.00029675 0.000410229 0.00060992 0.00105941 0.00232978 0.00498918 0.00800088 0.00881192 0.00652806 0.00324089 0.00108472 0.000248346 4.00465e-05 4.97798e-06 5.77955e-07 7.29265e-08 9.15209e-09 9.2627e-10 5.17504e-11 0 
0 3.11436e-09 2.85606e-08 1.38133e-07 4.91774e-07 1.42615e-06 3.51881e-06 7.55676e-06 1.43224e-05 2.4194e-05 3.67168e-05 5.04166e-05 6.30654e-05 7.23672e-05 7.67754e-05 7.60769e-05 7.15136e-05 6.54816e-05 6.10725e-05 6.18137e-05 7.18536e-05 9.64528e-05 0.00014222 0.000219218 0.000359582 0.000659638 0.00121767 0.00183093 0.00197345 0.00145758 0.000729777 0.000248346 5.82886e-05 9.89545e-06 1.37287e-06 1.8721e-07 2.69139e-08 3.6237e-09 3.82451e-10 2.20719e-11 0 
0 7.67234e-10 6.83273e-09 3.2137e-08 1.11534e-07 3.16321e-07 7.66143e-07 1.62161e-06 3.04137e-06 5.10309e-06 7.71747e-06 1.05879e-05 1.32599e-05 1.52595e-05 1.62667e-05 1.62464e-05 1.54851e-05 1.454e-05 1.41597e-05 1.5255e-05 1.89673e-05 2.67754e-05 4.04477e-05 6.1972e-05 9.52411e-05 0.000149886 0.000232404 0.000311304 0.000317363 0.000229894 0.000115317 4.00465e-05 9.89545e-06 1.87763e-06 3.14363e-07 5.25162e-08 8.61053e-09 1.2429e-09 1.37327e-10 8.22761e-12 0 
0 1.73145e-10 1.49822e-09 6.85514e-09 2.31916e-08 6.42873e-08 1.52663e-07 3.17877e-07 5.88519e-07 9.78007e-07 1.46939e-06 2.00834e-06 2.51214e-06 2.89485e-06 3.09949e-06 3.1231e-06 3.02571e-06 2.92372e-06 2.9791e-06 3.3976e-06 4.44066e-06 6.43091e-06 9.69662e-06 1.44254e-05 2.06071e-05 2.82335e-05 3.66656e-05 4.22602e-05 3.92507e-05 2.72665e-05 1.36843e-05 4.97798e-06 1.37287e-06 3.14363e-07 6.61693e-08 1.32462e-08 2.40961e-09 3.70107e-10 4.2868e-11 2.67495e-12 0 
0 3.5384e-11 2.97751e-10 1.32636e-09 4.37644e-09 1.18597e-08 2.76071e-08 5.65158e-08 1.03186e-07 1.6962e-07 2.5283e-07 3.43813e-07 4.29087e-07 4.94838e-07 5.32209e-07 5.41598e-07 5.34458e-07 5.32771e-07 5.67837e-07 6.80133e-07 9.19906e-07 1.34345e-06 1.99435e-06 2.86227e-06 3.8408e-06 4.7344e-06 5.2963e-06 5.2301e-06 4.33241e-06 2.85511e-06 1.45473e-06 5.77955e-07 1.8721e-07 5.25162e-08 1.32462e-08 2.99112e-09 5.86661e-10 9.52499e-11 1.1568e-11 7.53161e-13 0 
0 6.40553e-12 5.24764e-11 2.27825e-10 7.33843e-10 1.9454e-09 4.44084e-09 8.93886e-09 1.60922e-08 2.61569e-08 3.86622e-08 5.22837e-08 6.50819e-08 7.51097e-08 8.11848e-08 8.35377e-08 8.41273e-08 8.66427e-08 9.63842e-08 1.20173e-07 1.66054e-07 2.41874e-07 3.51277e-07 4.8667e-07 6.22797e-07 7.19387e-07 7.37239e-07 6.58942e-07 5.02546e-07 3.19684e-07 1.67604e-07 7.29265e-08 2.69139e-08 8.61053e-09 2.40961e-09 5.86661e-10 1.22055e-10 2.08621e-11 2.65533e-12 1.80491e-13 0 
0 9.82527e-13 7.84619e-12 3.32404e-11 1.04641e-10 2.71631e-10 6.08519e-10 1.20501e-09 2.13965e-09 3.43945e-09 5.04139e-09 6.77975e-09 8.41806e-09 9.72512e-09 1.05717e-08 1.10136e-08 1.13378e-08 1.20707e-08 1.39646e-08 1.79654e-08 2.51094e-08 3.62303e-08 5.13492e-08 6.88257e-08 8.48314e-08 9.41048e-08 9.23716e-08 7.91292e-08 5.8474e-08 3.69491e-08 1.9893e-08 9.15209e-09 3.6237e-09 1.2429e-09 3.70107e-10 9.52499e-11 2.08621e-11 3.74303e-12 4.98676e-13 3.53751e-14 0 
0 1.15102e-13 8.97177e-13 3.71392e-12 1.14407e-11 2.91131e-11 6.40673e-11 1.24907e-10 2.18885e-10 3.4812e-10 5.06164e-10 6.77114e-10 8.38901e-10 9.70678e-10 1.06216e-09 1.12188e-09 1.1822e-09 1.30054e-09 1.5576e-09 2.05091e-09 2.87761e-09 4.09627e-09 5.66291e-09 7.36153e-09 8.78843e-09 9.46124e-09 9.05276e-09 7.61169e-09 5.57735e-09 3.54277e-09 1.94686e-09 9.2627e-10 3.82451e-10 1.37327e-10 4.2868e-11 1.1568e-11 2.65533e-12 4.98676e-13 6.9415e-14 5.13337e-15 0 
0 7.34881e-15 5.59864e-14 2.26763e-13 6.84444e-13 1.70944e-12 3.69926e-12 7.10704e-12 1.23004e-11 1.9367e-11 2.79477e-11 3.72071e-11 4.60207e-11 5.33718e-11 5.88509e-11 6.31077e-11 6.81368e-11 7.73519e-11 9.54151e-11 1.27672e-10 1.78842e-10 2.50576e-10 3.38073e-10 4.27331e-10 4.96081e-10 5.209e-10 4.88808e-10 4.061e-10 2.9667e-10 1.89748e-10 1.06032e-10 5.17504e-11 2.20719e-11 8.22761e-12 2.67495e-12 7.53161e-13 1.80491e-13 3.53751e-14 5.13337e-15 3.95128e-16 0 
0 0 0 0 0 0 0 0 0 0 0 0 0 0 0 0 0 0 0 0 0 0 0 0 0 0 0 0 0 0 0 0 0 0 0 0 0 0 0 0 0 
