0 0 0 0 0 0 0 0 0 0 0 0 0 0 0 0 0 0 0 0 0 0 0 0 0 0 0 0 0 0 0 0 0 0 0 0 0 0 0 0 0 
0 1.53356e-07 1.3249e-06 5.49041e-06 1.5114e-05 3.10116e-05 5.10963e-05 7.17918e-05 9.02226e-05 0.000105057 0.00011614 0.000123861 0.000128717 0.000131125 0.000131373 0.000129629 0.000125961 0.000120361 0.00011277 0.000103144 9.1538e-05 7.82203e-05 6.37632e-05 4.90624e-05 3.52249e-05 2.33223e-05 1.40844e-05 7.68736e-06 3.76819e-06 1.6535e-06 6.49206e-07 2.28342e-07 7.20551e-08 2.04049e-08 5.17148e-09 1.16326e-09 2.27864e-10 3.72824e-11 4.60417e-12 3.0691e-13 0 
0 1.3249e-06 1.14587e-05 4.46325e-05 0.000107332 0.000182439 0.00024566 0.000288557 0.000316128 0.000335322 0.000350082 0.000361597 0.000369726 0.00037403 0.000374288 0.000370663 0.000363692 0.000354146 0.000342792 0.000330062 0.000315647 0.000298181 0.000275279 0.000244321 0.000204109 0.000156747 0.000108138 6.57708e-05 3.48544e-05 1.60358e-05 6.42634e-06 2.25951e-06 7.02479e-07 1.9421e-07 4.78057e-08 1.0419e-08 1.97626e-09 3.13278e-10 3.753e-11 2.43084e-12 0 
0 5.49041e-06 4.46325e-05 0.000147338 0.000276905 0.000369411 0.000423262 0.00046562 0.000509835 0.000555806 0.000599109 0.000635413 0.00066162 0.000675954 0.000677843 0.000667781 0.000647175 0.000618183 0.000583555 0.000546464 0.000510244 0.000477871 0.000450893 0.000427721 0.000402001 0.000363201 0.000302295 0.000221434 0.000137584 7.11459e-05 3.06355e-05 1.11394e-05 3.48394e-06 9.52032e-07 2.29313e-07 4.86557e-08 8.96661e-09 1.38071e-09 1.60809e-10 1.01409e-11 0 
0 1.5114e-05 0.000107332 0.000276905 0.000407917 0.000486207 0.000564413 0.000657868 0.00075867 0.000856683 0.000944002 0.0010148 0.00106504 0.00109243 0.00109636 0.00107784 0.00103922 0.000983962 0.000916304 0.000840933 0.000762778 0.000686919 0.000618563 0.000562656 0.000522056 0.000493344 0.000461968 0.000404555 0.000307883 0.000191387 9.44408e-05 3.72726e-05 1.21009e-05 3.33103e-06 7.94112e-07 1.65229e-07 2.97323e-08 4.4641e-09 5.07045e-10 3.12151e-11 0 
0 3.10116e-05 0.000182439 0.000369411 0.000486207 0.000601303 0.00074621 0.0009086 0.00107361 0.0012295 0.0013666 0.0014771 0.00155531 0.00159796 0.00160424 0.00157568 0.00151587 0.00142999 0.00132432 0.00120565 0.00108083 0.000956399 0.000838481 0.000733002 0.000646065 0.000583137 0.000544135 0.000513549 0.000456594 0.000345656 0.000204866 9.22666e-05 3.22845e-05 9.16796e-06 2.19445e-06 4.51763e-07 7.98616e-08 1.17448e-08 1.30572e-09 7.87178e-11 0 
0 5.10963e-05 0.00024566 0.000423262 0.000564413 0.00074621 0.000963533 0.0011968 0.00143007 0.0016491 0.0018412 0.00199582 0.00210525 0.00216502 0.00217387 0.00213392 0.00205028 0.00193018 0.00178222 0.00161569 0.00143988 0.00126346 0.00109412 0.000938461 0.000802411 0.000692133 0.000613953 0.000568481 0.000535637 0.000467835 0.000333244 0.000176786 6.90074e-05 2.07271e-05 5.05959e-06 1.04061e-06 1.81899e-07 2.63296e-08 2.87634e-09 1.70376e-10 0 
0 7.17918e-05 0.000288557 0.00046562 0.000657868 0.0009086 0.0011968 0.00150219 0.0018063 0.00209139 0.00234146 0.00254534 0.00269978 0.00279515 0.00281119 0.00274576 0.00262077 0.00245786 0.00226416 0.00204725 0.00181807 0.00158756 0.00136538 0.00115944 0.000976042 0.000820586 0.000699003 0.000617639 0.000573879 0.000534682 0.000438631 0.000274162 0.00012191 3.95484e-05 9.98926e-06 2.07173e-06 3.60352e-07 5.15828e-08 5.55868e-09 3.24584e-10 0 
0 9.02226e-05 0.000316128 0.000509835 0.00075867 0.00107361 0.00143007 0.0018063 0.00218049 0.00253177 0.00285269 0.00317343 0.00344464 0.00359074 0.00361405 0.00352324 0.00331492 0.00302864 0.00274867 0.00247582 0.0021933 0.00190931 0.00163508 0.00138005 0.00115136 0.000954297 0.000793493 0.000674921 0.000603608 0.000565798 0.00050474 0.000361943 0.000183707 6.51514e-05 1.72144e-05 3.62784e-06 6.31348e-07 8.97553e-08 9.57533e-09 5.52917e-10 0 
0 0.000105057 0.000335322 0.000555806 0.000856683 0.0012295 0.0016491 0.00209139 0.00253177 0.00296368 0.00345246 0.00383496 0.00402187 0.00410403 0.00411658 0.00406596 0.00393936 0.00368935 0.00327991 0.00288557 0.00254426 0.00220981 0.00188709 0.0015865 0.00131611 0.00108148 0.000886526 0.000735643 0.000635097 0.000583066 0.000539495 0.000427299 0.000244022 9.4726e-05 2.63239e-05 5.66554e-06 9.90527e-07 1.40342e-07 1.48684e-08 8.51437e-10 0 
0 0.00011614 0.000350082 0.000599109 0.000944002 0.0013666 0.0018412 0.00234146 0.00285269 0.00345246 0.00393907 0.00417066 0.00429291 0.00435091 0.00435979 0.00432298 0.00423526 0.00407826 0.00379818 0.00331345 0.0028574 0.00247213 0.00210684 0.00176659 0.00146005 0.00119314 0.0009695 0.000792266 0.000666743 0.000596408 0.000556256 0.000469594 0.000294716 0.000124156 3.62608e-05 7.98421e-06 1.40575e-06 1.99009e-07 2.09912e-08 1.19502e-09 0 
0 0.000123861 0.000361597 0.000635413 0.0010148 0.0014771 0.00199582 0.00254534 0.00317343 0.00383496 0.00417066 0.00434658 0.00444585 0.0044943 0.00450163 0.00447028 0.00439718 0.00427163 0.00406563 0.00369679 0.00314329 0.00268381 0.00228222 0.00191026 0.00157492 0.0012824 0.00103625 0.00083884 0.000694226 0.000607617 0.00056405 0.000494102 0.000332113 0.000149519 4.56056e-05 1.02581e-05 1.82004e-06 2.57858e-07 2.71323e-08 1.53877e-09 0 
0 0.000128717 0.000369726 0.00066162 0.00106504 0.00155531 0.00210525 0.00269978 0.00344464 0.00402187 0.00429291 0.00444585 0.00453478 0.00457868 0.00458516 0.00455626 0.00448971 0.00437755 0.00420025 0.0039048 0.00338081 0.00283839 0.00240453 0.00201016 0.00165469 0.00134432 0.00108259 0.000871401 0.000713875 0.000615516 0.000567081 0.000506466 0.000355984 0.000168056 5.29754e-05 1.21207e-05 2.1652e-06 3.07218e-07 3.22935e-08 1.82763e-09 0 
0 0.000131125 0.00037403 0.000675954 0.00109243 0.00159796 0.00216502 0.00279515 0.00359074 0.00410403 0.00435091 0.0044943 0.00457868 0.00462045 0.00462639 0.00459838 0.00453444 0.00442769 0.00426161 0.00399364 0.00351165 0.00292684 0.00246865 0.00206206 0.00169589 0.00137608 0.00110612 0.000887688 0.000723379 0.000618585 0.000566778 0.000510586 0.000367584 0.000178337 5.7348e-05 1.32647e-05 2.3809e-06 3.38347e-07 3.55656e-08 2.01138e-09 0 
0 0.000131373 0.000374288 0.000677843 0.00109636 0.00160424 0.00217387 0.00281119 0.00361405 0.00411658 0.00435979 0.00450163 0.00458516 0.00462639 0.00463198 0.00460375 0.00453978 0.00443332 0.0042683 0.00400355 0.00352795 0.0029358 0.00247301 0.00206496 0.00169764 0.00137687 0.00110609 0.000886885 0.000721713 0.000615868 0.000563407 0.000508463 0.000368235 0.000179984 5.8225e-05 1.35185e-05 2.43166e-06 3.45979e-07 3.63944e-08 2.05926e-09 0 
0 0.000129629 0.000370663 0.000667781 0.00107784 0.00157568 0.00213392 0.00274576 0.00352324 0.00406596 0.00432298 0.00447028 0.00455626 0.00459838 0.00460375 0.0045743 0.00450789 0.00439713 0.00422416 0.00394187 0.00343516 0.00286518 0.00242006 0.0020209 0.00166149 0.0013478 0.00108321 0.000869365 0.000708902 0.000607095 0.000556783 0.000500549 0.000358702 0.000173337 5.56557e-05 1.28803e-05 2.31565e-06 3.29737e-07 3.47338e-08 1.96845e-09 0 
0 0.000125961 0.000363692 0.000647175 0.00103922 0.00151587 0.00205028 0.00262077 0.00331492 0.00393936 0.00423526 0.00439718 0.00448971 0.00453444 0.00453978 0.00450789 0.00443611 0.00431527 0.00412242 0.00379255 0.00323771 0.00273188 0.00231601 0.00193453 0.00159103 0.00129154 0.00103939 0.000836392 0.000685695 0.000592433 0.000546289 0.00048596 0.000339151 0.000159297 5.01734e-05 1.15061e-05 2.06311e-06 2.93963e-07 3.10318e-08 1.76354e-09 0 
0 0.000120361 0.000354146 0.000618183 0.000983962 0.00142999 0.00193018 0.00245786 0.00302864 0.00368935 0.00407826 0.00427163 0.00437755 0.00442769 0.00443332 0.00439713 0.00431527 0.00417454 0.00393934 0.00351056 0.00297754 0.00255403 0.00216931 0.00181247 0.00149138 0.00121189 0.000977276 0.000789741 0.000653144 0.000571922 0.000530361 0.000462517 0.000309525 0.000139338 4.26813e-05 9.66174e-06 1.72605e-06 2.46196e-07 2.60729e-08 1.48785e-09 0 
0 0.00011277 0.000342792 0.000583555 0.000916304 0.00132432 0.00178222 0.00226416 0.00274867 0.00327991 0.00379818 0.00406563 0.00420025 0.00426161 0.0042683 0.00422416 0.00412242 0.00393934 0.00360485 0.0031196 0.00271003 0.00234153 0.00198966 0.00166254 0.00136853 0.00111317 0.0008998 0.000731184 0.000611921 0.000544456 0.000505562 0.000426946 0.000270298 0.000115578 3.42948e-05 7.65649e-06 1.36365e-06 1.94956e-07 2.0745e-08 1.19066e-09 0 
0 0.000103144 0.000330062 0.000546464 0.000840933 0.00120565 0.00161569 0.00204725 0.00247582 0.00288557 0.00331345 0.00369679 0.0039048 0.00399364 0.00400355 0.00394187 0.00379255 0.00351056 0.0031196 0.0027646 0.0024327 0.00210409 0.00178745 0.00149306 0.00122873 0.000999737 0.000809585 0.00066179 0.000561122 0.000506087 0.000465672 0.00037593 0.000223521 9.07392e-05 2.615e-05 5.77513e-06 1.02815e-06 1.47671e-07 1.58202e-08 9.14889e-10 0 
0 9.1538e-05 0.000315647 0.000510244 0.000762778 0.00108083 0.00143988 0.00181807 0.0021933 0.00254426 0.0028574 0.00314329 0.00338081 0.00351165 0.00352795 0.00343516 0.00323771 0.00297754 0.00271003 0.0024327 0.00214363 0.00185325 0.00157294 0.00131214 0.00107795 0.000875416 0.000708375 0.000580834 0.000496297 0.000448212 0.000402551 0.000308884 0.000173735 6.78286e-05 1.91978e-05 4.2251e-06 7.55293e-07 1.09287e-07 1.18092e-08 6.88962e-10 0 
0 7.82203e-05 0.000298181 0.000477871 0.000686919 0.000956399 0.00126346 0.00158756 0.00190931 0.00220981 0.00247213 0.00268381 0.00283839 0.00292684 0.0029358 0.00286518 0.00273188 0.00255403 0.00234153 0.00210409 0.00185325 0.00160044 0.00135568 0.00112722 0.000921462 0.000743272 0.000596599 0.000484781 0.000408709 0.000360266 0.000312729 0.000232146 0.000127746 4.9481e-05 1.40336e-05 3.10977e-06 5.60628e-07 8.1823e-08 8.91471e-09 5.2407e-10 0 
0 6.37632e-05 0.000275279 0.000450893 0.000618563 0.000838481 0.00109412 0.00136538 0.00163508 0.00188709 0.00210684 0.00228222 0.00240453 0.00246865 0.00247301 0.00242006 0.00231601 0.00216931 0.00198966 0.00178745 0.00157294 0.00135568 0.00114399 0.000944847 0.000764043 0.000606523 0.000476135 0.000374395 0.000300212 0.000249919 0.000211116 0.000160012 9.20722e-05 3.71245e-05 1.08057e-05 2.42896e-06 4.41232e-07 6.46731e-08 7.06492e-09 4.16056e-10 0 
0 4.90624e-05 0.000244321 0.000427721 0.000562656 0.000733002 0.000938461 0.00115944 0.00138005 0.0015865 0.00176659 0.00191026 0.00201016 0.00206206 0.00206496 0.0020209 0.00193453 0.00181247 0.00166254 0.00149306 0.00131214 0.00112722 0.000944847 0.000770899 0.000611865 0.000476557 0.000373313 0.000299088 0.00023782 0.00018139 0.000138351 0.000106981 6.8667e-05 3.03245e-05 9.22189e-06 2.09843e-06 3.80359e-07 5.5349e-08 5.99566e-09 3.50179e-10 0 
0 3.52249e-05 0.000204109 0.000402001 0.000522056 0.000646065 0.000802411 0.000976042 0.00115136 0.00131611 0.00146005 0.00157492 0.00165469 0.00169589 0.00169764 0.00166149 0.00159103 0.00149138 0.00136853 0.00122873 0.00107795 0.000921462 0.000764043 0.000611865 0.000479803 0.000399579 0.000395237 0.000427557 0.000406516 0.000298707 0.000170323 9.12087e-05 5.52458e-05 2.69721e-05 8.65253e-06 1.97781e-06 3.53069e-07 5.03641e-08 5.35114e-09 3.0713e-10 0 
0 2.33223e-05 0.000156747 0.000363201 0.000493344 0.000583137 0.000692133 0.000820586 0.000954297 0.00108148 0.00119314 0.0012824 0.00134432 0.00137608 0.00137687 0.0013478 0.00129154 0.00121189 0.00111317 0.000999737 0.000875416 0.000743272 0.000606523 0.000476557 0.000399579 0.000469209 0.000739697 0.00124011 0.00149637 0.000850983 0.000427733 0.000158604 5.73118e-05 2.52471e-05 8.37529e-06 1.9077e-06 3.32602e-07 4.62002e-08 4.79087e-09 2.69209e-10 0 
0 1.40844e-05 0.000108138 0.000302295 0.000461968 0.000544135 0.000613953 0.000699003 0.000793493 0.000886526 0.0009695 0.00103625 0.00108259 0.00110612 0.00110609 0.00108321 0.00103939 0.000977276 0.0008998 0.000809585 0.000708375 0.000596599 0.000476135 0.000373313 0.000395237 0.000739697 0.00177822 0.0028248 0.00290269 0.0025031 0.000996968 0.000334144 8.55605e-05 2.551e-05 7.90798e-06 1.76014e-06 2.98277e-07 4.035e-08 4.09077e-09 2.25519e-10 0 
0 7.68736e-06 6.57708e-05 0.000221434 0.000404555 0.000513549 0.000568481 0.000617639 0.000674921 0.000735643 0.000792266 0.00083884 0.000871401 0.000887688 0.000886885 0.000869365 0.000836392 0.000789741 0.000731184 0.00066179 0.000580834 0.000484781 0.000374395 0.000299088 0.000427557 0.00124011 0.0028248 0.00311893 0.00315292 0.00299467 0.00215337 0.000535934 0.000123913 2.70771e-05 7.04715e-06 1.48089e-06 2.42811e-07 3.21311e-08 3.20499e-09 1.74403e-10 0 
0 3.76819e-06 3.48544e-05 0.000137584 0.000307883 0.000456594 0.000535637 0.000573879 0.000603608 0.000635097 0.000666743 0.000694226 0.000713875 0.000723379 0.000721713 0.000708902 0.000685695 0.000653144 0.000611921 0.000561122 0.000496297 0.000408709 0.000300212 0.00023782 0.000406516 0.00149637 0.00290269 0.00315292 0.00318685 0.00306188 0.00250054 0.000602483 0.000132914 2.5562e-05 5.64717e-06 1.09611e-06 1.73826e-07 2.26812e-08 2.24638e-09 1.21674e-10 0 
0 1.6535e-06 1.60358e-05 7.11459e-05 0.000191387 0.000345656 0.000467835 0.000534682 0.000565798 0.000583066 0.000596408 0.000607617 0.000615516 0.000618585 0.000615868 0.000607095 0.000592433 0.000571922 0.000544456 0.000506087 0.000448212 0.000360266 0.000249919 0.00018139 0.000298707 0.000850983 0.0025031 0.00299467 0.00306188 0.00286098 0.00157287 0.000436993 9.85837e-05 1.8793e-05 3.80642e-06 6.90905e-07 1.07175e-07 1.39565e-08 1.38748e-09 7.551e-11 0 
0 6.49206e-07 6.42634e-06 3.06355e-05 9.44408e-05 0.000204866 0.000333244 0.000438631 0.00050474 0.000539495 0.000556256 0.00056405 0.000567081 0.000566778 0.000563407 0.000556783 0.000546289 0.000530361 0.000505562 0.000465672 0.000402551 0.000312729 0.000211116 0.000138351 0.000170323 0.000427733 0.000996968 0.00215337 0.00250054 0.00157287 0.000656045 0.000217119 5.06312e-05 1.03642e-05 2.05421e-06 3.62214e-07 5.62551e-08 7.42314e-09 7.49243e-10 4.13578e-11 0 
0 2.28342e-07 2.25951e-06 1.11394e-05 3.72726e-05 9.22666e-05 0.000176786 0.000274162 0.000361943 0.000427299 0.000469594 0.000494102 0.000506466 0.000510586 0.000508463 0.000500549 0.00048596 0.000462517 0.000426946 0.00037593 0.000308884 0.000232146 0.000160012 0.000106981 9.12087e-05 0.000158604 0.000334144 0.000535934 0.000602483 0.000436993 0.000217119 7.3751e-05 1.90469e-05 4.33947e-06 8.75987e-07 1.57074e-07 2.50876e-08 3.40534e-09 3.52651e-10 1.9915e-11 0 
0 7.20551e-08 7.02479e-07 3.48394e-06 1.21009e-05 3.22845e-05 6.90074e-05 0.00012191 0.000183707 0.000244022 0.000294716 0.000332113 0.000355984 0.000367584 0.000368235 0.000358702 0.000339151 0.000309525 0.000270298 0.000223521 0.000173735 0.000127746 9.20722e-05 6.8667e-05 5.52458e-05 5.73118e-05 8.55605e-05 0.000123913 0.000132914 9.85837e-05 5.06312e-05 1.90469e-05 5.71034e-06 1.41751e-06 3.01337e-07 5.70446e-08 9.55841e-09 1.34985e-09 1.4464e-10 8.41683e-12 0 
0 2.04049e-08 1.9421e-07 9.52032e-07 3.33103e-06 9.16796e-06 2.07271e-05 3.95484e-05 6.51514e-05 9.4726e-05 0.000124156 0.000149519 0.000168056 0.000178337 0.000179984 0.000173337 0.000159297 0.000139338 0.000115578 9.07392e-05 6.78286e-05 4.9481e-05 3.71245e-05 3.03245e-05 2.69721e-05 2.52471e-05 2.551e-05 2.70771e-05 2.5562e-05 1.8793e-05 1.03642e-05 4.33947e-06 1.41751e-06 3.78109e-07 8.69566e-08 1.7685e-08 3.13567e-09 4.63717e-10 5.17194e-11 3.11829e-12 0 
0 5.17148e-09 4.78057e-08 2.29313e-07 7.94112e-07 2.19445e-06 5.05959e-06 9.98926e-06 1.72144e-05 2.63239e-05 3.62608e-05 4.56056e-05 5.29754e-05 5.7348e-05 5.8225e-05 5.56557e-05 5.01734e-05 4.26813e-05 3.42948e-05 2.615e-05 1.91978e-05 1.40336e-05 1.08057e-05 9.22189e-06 8.65253e-06 8.37529e-06 7.90798e-06 7.04715e-06 5.64717e-06 3.80642e-06 2.05421e-06 8.75987e-07 3.01337e-07 8.69566e-08 2.17323e-08 4.74144e-09 8.89962e-10 1.38213e-10 1.61034e-11 1.00972e-12 0 
0 1.16326e-09 1.0419e-08 4.86557e-08 1.65229e-07 4.51763e-07 1.04061e-06 2.07173e-06 3.62784e-06 5.66554e-06 7.98421e-06 1.02581e-05 1.21207e-05 1.32647e-05 1.35185e-05 1.28803e-05 1.15061e-05 9.66174e-06 7.65649e-06 5.77513e-06 4.2251e-06 3.10977e-06 2.42896e-06 2.09843e-06 1.97781e-06 1.9077e-06 1.76014e-06 1.48089e-06 1.09611e-06 6.90905e-07 3.62214e-07 1.57074e-07 5.70446e-08 1.7685e-08 4.74144e-09 1.10028e-09 2.18097e-10 3.55927e-11 4.33955e-12 2.83581e-13 0 
0 2.27864e-10 1.97626e-09 8.96661e-09 2.97323e-08 7.98616e-08 1.81899e-07 3.60352e-07 6.31348e-07 9.90527e-07 1.40575e-06 1.82004e-06 2.1652e-06 2.3809e-06 2.43166e-06 2.31565e-06 2.06311e-06 1.72605e-06 1.36365e-06 1.02815e-06 7.55293e-07 5.60628e-07 4.41232e-07 3.80359e-07 3.53069e-07 3.32602e-07 2.98277e-07 2.42811e-07 1.73826e-07 1.07175e-07 5.62551e-08 2.50876e-08 9.55841e-09 3.13567e-09 8.89962e-10 2.18097e-10 4.55287e-11 7.80223e-12 9.95648e-13 6.78632e-14 0 
0 3.72824e-11 3.13278e-10 1.38071e-09 4.4641e-09 1.17448e-08 2.63296e-08 5.15828e-08 8.97553e-08 1.40342e-07 1.99009e-07 2.57858e-07 3.07218e-07 3.38347e-07 3.45979e-07 3.29737e-07 2.93963e-07 2.46196e-07 1.94956e-07 1.47671e-07 1.09287e-07 8.1823e-08 6.46731e-08 5.5349e-08 5.03641e-08 4.62002e-08 4.035e-08 3.21311e-08 2.26812e-08 1.39565e-08 7.42314e-09 3.40534e-09 1.34985e-09 4.63717e-10 1.38213e-10 3.55927e-11 7.80223e-12 1.40158e-12 1.87032e-13 1.32934e-14 0 
0 4.60417e-12 3.753e-11 1.60809e-10 5.07045e-10 1.30572e-09 2.87634e-09 5.55868e-09 9.57533e-09 1.48684e-08 2.09912e-08 2.71323e-08 3.22935e-08 3.55656e-08 3.63944e-08 3.47338e-08 3.10318e-08 2.60729e-08 2.0745e-08 1.58202e-08 1.18092e-08 8.91471e-09 7.06492e-09 5.99566e-09 5.35114e-09 4.79087e-09 4.09077e-09 3.20499e-09 2.24638e-09 1.38748e-09 7.49243e-10 3.52651e-10 1.4464e-10 5.17194e-11 1.61034e-11 4.33955e-12 9.95648e-13 1.87032e-13 2.60556e-14 1.92923e-15 0 
0 3.0691e-13 2.43084e-12 1.01409e-11 3.12151e-11 7.87178e-11 1.70376e-10 3.24584e-10 5.52917e-10 8.51437e-10 1.19502e-09 1.53877e-09 1.82763e-09 2.01138e-09 2.05926e-09 1.96845e-09 1.76354e-09 1.48785e-09 1.19066e-09 9.14889e-10 6.88962e-10 5.2407e-10 4.16056e-10 3.50179e-10 3.0713e-10 2.69209e-10 2.25519e-10 1.74403e-10 1.21674e-10 7.551e-11 4.13578e-11 1.9915e-11 8.41683e-12 3.11829e-12 1.00972e-12 2.83581e-13 6.78632e-14 1.32934e-14 1.92923e-15 1.48587e-16 0 
0 0 0 0 0 0 0 0 0 0 0 0 0 0 0 0 0 0 0 0 0 0 0 0 0 0 0 0 0 0 0 0 0 0 0 0 0 0 0 0 0 
