0 0 0 0 0 0 0 0 0 0 0 0 0 0 0 0 0 0 0 0 0 0 0 0 0 0 0 0 0 0 0 0 0 0 0 0 0 0 0 0 0 
0 8.81014e-10 8.35731e-09 4.17494e-08 1.53328e-07 4.58051e-07 1.16211e-06 2.56005e-06 4.9618e-06 8.53811e-06 1.3137e-05 1.81833e-05 2.2762e-05 2.58896e-05 2.68591e-05 2.54924e-05 2.21829e-05 1.77225e-05 1.30106e-05 8.78169e-06 5.4523e-06 3.11589e-06 1.64057e-06 7.96871e-07 3.57669e-07 1.48635e-07 5.73085e-08 2.05446e-08 6.86112e-09 2.1379e-09 6.22126e-10 1.69064e-10 4.2843e-11 1.00885e-11 2.19237e-12 4.34238e-13 7.66172e-14 1.15095e-14 1.32595e-15 8.35464e-17 0 
0 8.35731e-09 8.23909e-08 4.27558e-07 1.62815e-06 5.02757e-06 1.31294e-05 2.96232e-05 5.84888e-05 0.000101985 0.000158252 0.000220068 0.00027605 0.000314145 0.000325845 0.000309097 0.000268705 0.000214269 0.000156752 0.000105184 6.47322e-05 3.65455e-05 1.89435e-05 9.029e-06 3.96505e-06 1.60821e-06 6.04049e-07 2.10663e-07 6.83841e-08 2.07039e-08 5.85404e-09 1.54632e-09 3.81135e-10 8.73673e-11 1.85011e-11 3.5749e-12 6.16076e-13 9.05048e-14 1.02091e-14 6.30624e-16 0 
0 4.17494e-08 4.27558e-07 2.30341e-06 9.08446e-06 2.89355e-05 7.75135e-05 0.000178201 0.000355915 0.000623444 0.00096641 0.00133783 0.00166877 0.00189058 0.00195738 0.00185925 0.00162289 0.00130137 0.000957164 0.000644435 0.000396512 0.000222794 0.000114375 5.37348e-05 2.31636e-05 9.19111e-06 3.36851e-06 1.1442e-06 3.61346e-07 1.06373e-07 2.92429e-08 7.51265e-09 1.80213e-09 4.02397e-10 8.30934e-11 1.56751e-11 2.64063e-12 3.79696e-13 4.19768e-14 2.54458e-15 0 
0 1.53328e-07 1.62815e-06 9.08446e-06 3.69802e-05 0.000120876 0.000329617 0.000763716 0.00152084 0.00263039 0.00399891 0.00541649 0.00662614 0.00740798 0.00763402 0.00728487 0.00644169 0.00526434 0.00395673 0.00271961 0.00170095 0.000965066 0.000496433 0.000231949 9.87874e-05 3.85257e-05 1.38238e-05 4.58501e-06 1.41149e-06 4.04683e-07 1.0832e-07 2.71007e-08 6.33462e-09 1.37947e-09 2.78103e-10 5.12803e-11 8.45484e-12 1.19143e-12 1.29261e-13 7.69995e-15 0 
0 4.58051e-07 5.02757e-06 2.89355e-05 0.000120876 0.000401957 0.00110134 0.00252466 0.00489488 0.00813647 0.0118116 0.0152994 0.0180495 0.0197176 0.0201636 0.0193995 0.0175518 0.0148548 0.0116538 0.00838006 0.00546325 0.0032031 0.00168307 0.000793649 0.00033752 0.000130336 4.60288e-05 1.49646e-05 4.50425e-06 1.26085e-06 3.29306e-07 8.03918e-08 1.83437e-08 3.90255e-09 7.69394e-10 1.38902e-10 2.24509e-11 3.10565e-12 3.31214e-13 1.94227e-14 0 
0 1.16211e-06 1.31294e-05 7.75135e-05 0.000329617 0.00110134 0.0029757 0.0065776 0.0120448 0.0186762 0.0252765 0.0308265 0.0347917 0.0370196 0.0375415 0.0364483 0.0338497 0.0298898 0.024813 0.0190579 0.0132952 0.00828467 0.00456322 0.00221759 0.000956257 0.00036954 0.00012938 4.14443e-05 1.22445e-05 3.35714e-06 8.57923e-07 2.04874e-07 4.57411e-08 9.52784e-09 1.84088e-09 3.26065e-10 5.17724e-11 7.04503e-12 7.40181e-13 4.28253e-14 0 
0 2.56005e-06 2.96232e-05 0.000178201 0.000763716 0.00252466 0.0065776 0.0136396 0.0229874 0.0327092 0.0411179 0.0474808 0.0517241 0.0539886 0.0544301 0.053178 0.0503327 0.0459623 0.0401214 0.0329493 0.0248814 0.016827 0.0099658 0.00511274 0.00227856 0.000893194 0.000312875 9.93742e-05 2.89533e-05 7.80463e-06 1.9579e-06 4.58713e-07 1.00487e-07 2.05482e-08 3.90082e-09 6.79616e-10 1.06278e-10 1.4264e-11 1.48046e-12 8.47643e-14 0 
0 4.9618e-06 5.84888e-05 0.000355915 0.00152084 0.00489488 0.0120448 0.0229874 0.0353809 0.0465697 0.0553971 0.0618285 0.0660888 0.0683457 0.0687169 0.0673214 0.0642938 0.0597588 0.0537801 0.0463358 0.0374374 0.0275065 0.017752 0.00980552 0.00460351 0.00185791 0.000657903 0.00020867 6.0269e-05 1.60394e-05 3.96428e-06 9.14293e-07 1.97146e-07 3.96994e-08 7.42771e-09 1.27686e-09 1.9729e-10 2.62051e-11 2.69667e-12 1.53405e-13 0 
0 8.53811e-06 0.000101985 0.000623444 0.00263039 0.00813647 0.0186762 0.0327092 0.0465697 0.0580611 0.0669619 0.0735769 0.078067 0.0804708 0.0808296 0.0792502 0.0759103 0.0710264 0.0647868 0.0572582 0.0483283 0.0378977 0.0265177 0.0158879 0.00796433 0.00335293 0.00121239 0.000386777 0.000111335 2.93815e-05 7.18285e-06 1.63682e-06 3.48672e-07 6.93942e-08 1.2844e-08 2.18703e-09 3.35272e-10 4.42713e-11 4.53971e-12 2.58039e-13 0 
0 1.3137e-05 0.000158252 0.00096641 0.00399891 0.0118116 0.0252765 0.0411179 0.0553971 0.0669619 0.0761382 0.0831696 0.0880359 0.0906589 0.0910321 0.0892612 0.0855579 0.0802068 0.0735074 0.0656769 0.0567177 0.0463731 0.0345484 0.0223023 0.0119796 0.00530287 0.00197333 0.0006372 0.000183734 4.82948e-05 1.17267e-05 2.65125e-06 5.60284e-07 1.10696e-07 2.03632e-08 3.45203e-09 5.28008e-10 6.97512e-11 7.17822e-12 4.10953e-13 0 
0 1.81833e-05 0.000220068 0.00133783 0.00541649 0.0152994 0.0308265 0.0474808 0.0618285 0.0735769 0.0831696 0.0906661 0.0959014 0.0987282 0.0991174 0.0971795 0.0931503 0.0873583 0.0801737 0.0719269 0.0627729 0.052533 0.0408159 0.027946 0.0159824 0.00744532 0.00286253 0.000939793 0.000272645 7.16913e-05 1.73675e-05 3.91421e-06 8.24831e-07 1.62685e-07 2.99307e-08 5.08734e-09 7.82646e-10 1.04377e-10 1.08898e-11 6.34833e-13 0 
0 2.2762e-05 0.00027605 0.00166877 0.00662614 0.0180495 0.0347917 0.0517241 0.0660888 0.078067 0.0880359 0.0959014 0.101412 0.104385 0.104782 0.102718 0.098446 0.0923212 0.0847547 0.0761445 0.0667559 0.056537 0.045051 0.0321399 0.0193204 0.00941768 0.00373916 0.00125094 0.000366452 9.68209e-05 2.35219e-05 5.31581e-06 1.12457e-06 2.23154e-07 4.14312e-08 7.1336e-09 1.11667e-09 1.52262e-10 1.6319e-11 9.8128e-13 0 
0 2.58896e-05 0.000314145 0.00189058 0.00740798 0.0197176 0.0370196 0.0539886 0.0683457 0.0804708 0.0906589 0.0987282 0.104385 0.107431 0.107823 0.105683 0.10127 0.0949556 0.0871708 0.0783477 0.0688138 0.0586128 0.0473542 0.0346545 0.0215684 0.0108909 0.00444712 0.00151669 0.000450087 0.000120105 2.94568e-05 6.7299e-06 1.4433e-06 2.9147e-07 5.53356e-08 9.7942e-09 1.58438e-09 2.24276e-10 2.5031e-11 1.56891e-12 0 
0 2.68591e-05 0.000325845 0.00195738 0.00763402 0.0201636 0.0375415 0.0544301 0.0687169 0.0808296 0.0910321 0.0991174 0.104782 0.107823 0.1082 0.106034 0.101589 0.095238 0.0874178 0.0785708 0.0690485 0.0589432 0.0479172 0.0355252 0.0225616 0.0116648 0.00487053 0.00169316 0.000511094 0.00013874 3.46899e-05 8.11137e-06 1.78968e-06 3.74075e-07 7.39543e-08 1.37025e-08 2.32825e-09 3.46438e-10 4.0555e-11 2.65327e-12 0 
0 2.54924e-05 0.000309097 0.00185925 0.00728487 0.0193995 0.0364483 0.053178 0.0673214 0.0792502 0.0892612 0.0971795 0.102718 0.105683 0.106034 0.103893 0.0995203 0.093281 0.0856045 0.0769245 0.0675865 0.0576897 0.0469299 0.0348999 0.0223327 0.0116971 0.00497006 0.00176414 0.000545595 0.000152432 3.94638e-05 9.62362e-06 2.23119e-06 4.93259e-07 1.0357e-07 2.03939e-08 3.67087e-09 5.74843e-10 7.0197e-11 4.74411e-12 0 
0 2.21829e-05 0.000268705 0.00162289 0.00644169 0.0175518 0.0338497 0.0503327 0.0642938 0.0759103 0.0855579 0.0931503 0.098446 0.10127 0.101589 0.0995203 0.0953133 0.089319 0.081946 0.0736022 0.0646021 0.055019 0.0445717 0.0329727 0.0210481 0.0110871 0.00479017 0.001748 0.000561527 0.000164633 4.51893e-05 1.17909e-05 2.94286e-06 7.01318e-07 1.58094e-07 3.31323e-08 6.2742e-09 1.02074e-09 1.27945e-10 8.78206e-12 0 
0 1.77225e-05 0.000214269 0.00130137 0.00526434 0.0148548 0.0298898 0.0459623 0.0597588 0.0710264 0.0802068 0.0873583 0.0923212 0.0949556 0.095238 0.093281 0.089319 0.0836789 0.0767369 0.0688585 0.0603049 0.0511055 0.0410224 0.0299777 0.0189716 0.0100384 0.00444138 0.00169315 0.000578577 0.000183233 5.49293e-05 1.57223e-05 4.28961e-06 1.10574e-06 2.65601e-07 5.83451e-08 1.14028e-08 1.88916e-09 2.38567e-10 1.63616e-11 0 
0 1.30106e-05 0.000156752 0.000957164 0.00395673 0.0116538 0.024813 0.0401214 0.0537801 0.0647868 0.0735074 0.0801737 0.0847547 0.0871708 0.0874178 0.0856045 0.081946 0.0767369 0.0703088 0.0629677 0.0549067 0.0461217 0.0364844 0.0262108 0.016442 0.00881228 0.00406789 0.0016665 0.000626707 0.000221543 7.4281e-05 2.35454e-05 6.98581e-06 1.91655e-06 4.79911e-07 1.07974e-07 2.13127e-08 3.52903e-09 4.42059e-10 2.99165e-11 0 
0 8.78169e-06 0.000105184 0.000644435 0.00271961 0.00838006 0.0190579 0.0329493 0.0463358 0.0572582 0.0656769 0.0719269 0.0761445 0.0783477 0.0785708 0.0769245 0.0736022 0.0688585 0.0629677 0.0561648 0.0485824 0.0402407 0.0312214 0.0220487 0.0138357 0.00766862 0.00381182 0.00174241 0.000746527 0.000301081 0.000113353 3.93114e-05 1.24073e-05 3.53142e-06 8.99305e-07 2.02765e-07 3.9697e-08 6.47472e-09 7.9539e-10 5.26519e-11 0 
0 5.4523e-06 6.47322e-05 0.000396512 0.00170095 0.00546325 0.0132952 0.0248814 0.0374374 0.0483283 0.0567177 0.0627729 0.0667559 0.0688138 0.0690485 0.0675865 0.0646021 0.0603049 0.0549067 0.0485824 0.0414574 0.0336798 0.0256036 0.0179276 0.0114948 0.00680679 0.00378451 0.0019964 0.000993658 0.00045771 0.000190761 7.07348e-05 2.31445e-05 6.66829e-06 1.69045e-06 3.75299e-07 7.18679e-08 1.14228e-08 1.36503e-09 8.78569e-11 0 
0 3.11589e-06 3.65455e-05 0.000222794 0.000965066 0.0032031 0.00828467 0.016827 0.0275065 0.0378977 0.0463731 0.052533 0.056537 0.0586128 0.0589432 0.0576897 0.055019 0.0511055 0.0461217 0.0402407 0.0336798 0.0267903 0.0201109 0.0142553 0.00964355 0.00632249 0.00404653 0.0024986 0.00144373 0.000751243 0.000340675 0.000132241 4.38541e-05 1.252e-05 3.10293e-06 6.68737e-07 1.2392e-07 1.90431e-08 2.20133e-09 1.37233e-10 0 
0 1.64057e-06 1.89435e-05 0.000114375 0.000496433 0.00168307 0.00456322 0.0099658 0.017752 0.0265177 0.0345484 0.0408159 0.045051 0.0473542 0.0479172 0.0469299 0.0445717 0.0410224 0.0364844 0.0312214 0.0256036 0.0201109 0.015232 0.0112915 0.00833949 0.00619618 0.00459399 0.00330419 0.00220307 0.00128957 0.000631805 0.000252853 8.30615e-05 2.29302e-05 5.4461e-06 1.12395e-06 1.99803e-07 2.95252e-08 3.29062e-09 1.9833e-10 0 
0 7.96871e-07 9.029e-06 5.37348e-05 0.000231949 0.000793649 0.00221759 0.00511274 0.00980552 0.0158879 0.0223023 0.027946 0.0321399 0.0346545 0.0355252 0.0348999 0.0329727 0.0299777 0.0262108 0.0220487 0.0179276 0.0142553 0.0112915 0.0090819 0.00749829 0.00635134 0.00547225 0.00466096 0.00366318 0.00243378 0.0012793 0.000516283 0.000161809 4.13071e-05 9.06141e-06 1.75268e-06 2.96062e-07 4.19192e-08 4.49961e-09 2.6224e-10 0 
0 3.57669e-07 3.96505e-06 2.31636e-05 9.87874e-05 0.00033752 0.000956257 0.00227856 0.00460351 0.00796433 0.0119796 0.0159824 0.0193204 0.0215684 0.0225616 0.0223327 0.0210481 0.0189716 0.016442 0.0138357 0.0114948 0.00964355 0.00833949 0.00749829 0.00701754 0.00700393 0.00771729 0.00864919 0.00826864 0.00599523 0.00317161 0.00122066 0.000346621 7.67167e-05 1.45301e-05 2.51879e-06 3.97178e-07 5.36911e-08 5.55639e-09 3.13845e-10 0 
0 1.48635e-07 1.60821e-06 9.19111e-06 3.85257e-05 0.000130336 0.00036954 0.000893194 0.00185791 0.00335293 0.00530287 0.00744532 0.00941768 0.0108909 0.0116648 0.0116971 0.0110871 0.0100384 0.00881228 0.00766862 0.00680679 0.00632249 0.00619618 0.00635134 0.00700393 0.00945111 0.015251 0.0220412 0.0234937 0.0173518 0.00880206 0.00312006 0.000790843 0.000148765 2.30206e-05 3.35285e-06 4.77354e-07 6.1199e-08 6.12172e-09 3.3656e-10 0 
0 5.73085e-08 6.04049e-07 3.36851e-06 1.38238e-05 4.60288e-05 0.00012938 0.000312875 0.000657903 0.00121239 0.00197333 0.00286253 0.00373916 0.00444712 0.00487053 0.00497006 0.00479017 0.00444138 0.00406789 0.00381182 0.00378451 0.00404653 0.00459399 0.00547225 0.00771729 0.015251 0.03171 0.0504118 0.0553682 0.0410004 0.0203863 0.00687408 0.00161036 0.000269277 3.47689e-05 4.11757e-06 5.09595e-07 6.13437e-08 5.9529e-09 3.20517e-10 0 
0 2.05446e-08 2.10663e-07 1.1442e-06 4.58501e-06 1.49646e-05 4.14443e-05 9.93742e-05 0.00020867 0.000386777 0.0006372 0.000939793 0.00125094 0.00151669 0.00169316 0.00176414 0.001748 0.00169315 0.0016665 0.00174241 0.0019964 0.0024986 0.00330419 0.00466096 0.00864919 0.0220412 0.0504118 0.0823395 0.0911446 0.0675393 0.0333948 0.0110564 0.00249104 0.000390076 4.48305e-05 4.4618e-06 4.75345e-07 5.34683e-08 5.0631e-09 2.69064e-10 0 
0 6.86112e-09 6.83841e-08 3.61346e-07 1.41149e-06 4.50425e-06 1.22445e-05 2.89533e-05 6.0269e-05 0.000111335 0.000183734 0.000272645 0.000366452 0.000450087 0.000511094 0.000545595 0.000561527 0.000578577 0.000626707 0.000746527 0.000993658 0.00144373 0.00220307 0.00366318 0.00826864 0.0234937 0.0553682 0.0911446 0.101116 0.0749433 0.0369979 0.0121805 0.00270151 0.000409673 4.42694e-05 3.95414e-06 3.75789e-07 4.00459e-08 3.73994e-09 1.98003e-10 0 
0 2.1379e-09 2.07039e-08 1.06373e-07 4.04683e-07 1.26085e-06 3.35714e-06 7.80463e-06 1.60394e-05 2.93815e-05 4.82948e-05 7.16913e-05 9.68209e-05 0.000120105 0.00013874 0.000152432 0.000164633 0.000183233 0.000221543 0.000301081 0.00045771 0.000751243 0.00128957 0.00243378 0.00599523 0.0173518 0.0410004 0.0675393 0.0749433 0.0555466 0.0274188 0.00902098 0.00199171 0.000298012 3.13958e-05 2.68381e-06 2.43366e-07 2.54956e-08 2.38815e-09 1.2729e-10 0 
0 6.22126e-10 5.85404e-09 2.92429e-08 1.0832e-07 3.29306e-07 8.57923e-07 1.9579e-06 3.96428e-06 7.18285e-06 1.17267e-05 1.73675e-05 2.35219e-05 2.94568e-05 3.46899e-05 3.94638e-05 4.51893e-05 5.49293e-05 7.4281e-05 0.000113353 0.000190761 0.000340675 0.000631805 0.0012793 0.00317161 0.00880206 0.0203863 0.0333948 0.0369979 0.0274188 0.0135494 0.00446905 0.000987641 0.000147524 1.55755e-05 1.35254e-06 1.26849e-07 1.37347e-08 1.31624e-09 7.1381e-11 0 
0 1.69064e-10 1.54632e-09 7.51265e-09 2.71007e-08 8.03918e-08 2.04874e-07 4.58713e-07 9.14293e-07 1.63682e-06 2.65125e-06 3.91421e-06 5.31581e-06 6.7299e-06 8.11137e-06 9.62362e-06 1.17909e-05 1.57223e-05 2.35454e-05 3.93114e-05 7.07348e-05 0.000132241 0.000252853 0.000516283 0.00122066 0.00312006 0.00687408 0.0110564 0.0121805 0.00902098 0.00446905 0.00148031 0.000328564 4.95969e-05 5.41599e-06 5.10956e-07 5.3784e-08 6.29059e-09 6.27085e-10 3.49222e-11 0 
0 4.2843e-11 3.81135e-10 1.80213e-09 6.33462e-09 1.83437e-08 4.57411e-08 1.00487e-07 1.97146e-07 3.48672e-07 5.60284e-07 8.24831e-07 1.12457e-06 1.4433e-06 1.78968e-06 2.23119e-06 2.94286e-06 4.28961e-06 6.98581e-06 1.24073e-05 2.31445e-05 4.38541e-05 8.30615e-05 0.000161809 0.000346621 0.000790843 0.00161036 0.00249104 0.00270151 0.00199171 0.000987641 0.000328564 7.37715e-05 1.15071e-05 1.36818e-06 1.52583e-07 1.91953e-08 2.4763e-09 2.59072e-10 1.4919e-11 0 
0 1.00885e-11 8.73673e-11 4.02397e-10 1.37947e-09 3.90255e-09 9.52784e-09 2.05482e-08 3.96994e-08 6.93942e-08 1.10696e-07 1.62685e-07 2.23154e-07 2.9147e-07 3.74075e-07 4.93259e-07 7.01318e-07 1.10574e-06 1.91655e-06 3.53142e-06 6.66829e-06 1.252e-05 2.29302e-05 4.13071e-05 7.67167e-05 0.000148765 0.000269277 0.000390076 0.000409673 0.000298012 0.000147524 4.95969e-05 1.15071e-05 1.94665e-06 2.74818e-07 3.92617e-08 5.97713e-09 8.45782e-10 9.30587e-11 5.56752e-12 0 
0 2.19237e-12 1.85011e-11 8.30934e-11 2.78103e-10 7.69394e-10 1.84088e-09 3.90082e-09 7.42771e-09 1.2844e-08 2.03632e-08 2.99307e-08 4.14312e-08 5.53356e-08 7.39543e-08 1.0357e-07 1.58094e-07 2.65601e-07 4.79911e-07 8.99305e-07 1.69045e-06 3.10293e-06 5.4461e-06 9.06141e-06 1.45301e-05 2.30206e-05 3.47689e-05 4.48305e-05 4.42694e-05 3.13958e-05 1.55755e-05 5.41599e-06 1.36818e-06 2.74818e-07 5.05655e-08 9.32819e-09 1.64811e-09 2.51335e-10 2.90578e-11 1.81148e-12 0 
0 4.34238e-13 3.5749e-12 1.56751e-11 5.12803e-11 1.38902e-10 3.26065e-10 6.79616e-10 1.27686e-09 2.18703e-09 3.45203e-09 5.08734e-09 7.1336e-09 9.7942e-09 1.37025e-08 2.03939e-08 3.31323e-08 5.83451e-08 1.07974e-07 2.02765e-07 3.75299e-07 6.68737e-07 1.12395e-06 1.75268e-06 2.51879e-06 3.35285e-06 4.11757e-06 4.4618e-06 3.95414e-06 2.68381e-06 1.35254e-06 5.10956e-07 1.52583e-07 3.92617e-08 9.32819e-09 2.05094e-09 3.98965e-10 6.46346e-11 7.84296e-12 5.1029e-13 0 
0 7.66172e-14 6.16076e-13 2.64063e-12 8.45484e-12 2.24509e-11 5.17724e-11 1.06278e-10 1.9729e-10 3.35272e-10 5.28008e-10 7.82646e-10 1.11667e-09 1.58438e-09 2.32825e-09 3.67087e-09 6.2742e-09 1.14028e-08 2.13127e-08 3.9697e-08 7.18679e-08 1.2392e-07 1.99803e-07 2.96062e-07 3.97178e-07 4.77354e-07 5.09595e-07 4.75345e-07 3.75789e-07 2.43366e-07 1.26849e-07 5.3784e-08 1.91953e-08 5.97713e-09 1.64811e-09 3.98965e-10 8.28557e-11 1.41524e-11 1.80045e-12 1.22322e-13 0 
0 1.15095e-14 9.05048e-14 3.79696e-13 1.19143e-12 3.10565e-12 7.04503e-12 1.4264e-11 2.62051e-11 4.42713e-11 6.97512e-11 1.04377e-10 1.52262e-10 2.24276e-10 3.46438e-10 5.74843e-10 1.02074e-09 1.88916e-09 3.52903e-09 6.47472e-09 1.14228e-08 1.90431e-08 2.95252e-08 4.19192e-08 5.36911e-08 6.1199e-08 6.13437e-08 5.34683e-08 4.00459e-08 2.54956e-08 1.37347e-08 6.29059e-09 2.4763e-09 8.45782e-10 2.51335e-10 6.46346e-11 1.41524e-11 2.53861e-12 3.38119e-13 2.39773e-14 0 
0 1.32595e-15 1.02091e-14 4.19768e-14 1.29261e-13 3.31214e-13 7.40181e-13 1.48046e-12 2.69667e-12 4.53971e-12 7.17822e-12 1.08898e-11 1.6319e-11 2.5031e-11 4.0555e-11 7.0197e-11 1.27945e-10 2.38567e-10 4.42059e-10 7.9539e-10 1.36503e-09 2.20133e-09 3.29062e-09 4.49961e-09 5.55639e-09 6.12172e-09 5.9529e-09 5.0631e-09 3.73994e-09 2.38815e-09 1.31624e-09 6.27085e-10 2.59072e-10 9.30587e-11 2.90578e-11 7.84296e-12 1.80045e-12 3.38119e-13 4.70595e-14 3.4794e-15 0 
0 8.35464e-17 6.30624e-16 2.54458e-15 7.69995e-15 1.94227e-14 4.28253e-14 8.47643e-14 1.53405e-13 2.58039e-13 4.10953e-13 6.34833e-13 9.8128e-13 1.56891e-12 2.65327e-12 4.74411e-12 8.78206e-12 1.63616e-11 2.99165e-11 5.26519e-11 8.78569e-11 1.37233e-10 1.9833e-10 2.6224e-10 3.13845e-10 3.3656e-10 3.20517e-10 2.69064e-10 1.98003e-10 1.2729e-10 7.1381e-11 3.49222e-11 1.4919e-11 5.56752e-12 1.81148e-12 5.1029e-13 1.22322e-13 2.39773e-14 3.4794e-15 2.67792e-16 0 
0 0 0 0 0 0 0 0 0 0 0 0 0 0 0 0 0 0 0 0 0 0 0 0 0 0 0 0 0 0 0 0 0 0 0 0 0 0 0 0 0 
