0 0 0 0 0 0 0 0 0 0 0 0 0 0 0 0 0 0 0 0 0 0 0 0 0 0 0 0 0 0 0 0 0 0 0 0 0 0 0 0 0 
0 1.97319e-07 1.73665e-06 7.46326e-06 2.16775e-05 4.74663e-05 8.36991e-05 0.000125298 0.000166316 0.000202457 0.000231611 0.000253221 0.000267505 0.000274937 0.000276001 0.000271106 0.000260588 0.000244748 0.000223941 0.000198705 0.000169923 0.000138961 0.000107686 7.82769e-05 5.28092e-05 3.2731e-05 1.84733e-05 9.43218e-06 4.34007e-06 1.79754e-06 6.70618e-07 2.25725e-07 6.86343e-08 1.8846e-08 4.65698e-09 1.02619e-09 1.97704e-10 3.19201e-11 3.90027e-12 2.57793e-13 0 
0 1.73665e-06 1.54957e-05 6.43197e-05 0.000169845 0.000321413 0.000478896 0.000610651 0.000709976 0.000783464 0.000838431 0.000878853 0.000906047 0.000920223 0.000921581 0.000910796 0.000889055 0.00085778 0.00081813 0.000770392 0.000713486 0.000645006 0.000562327 0.000464994 0.000357529 0.000250369 0.00015676 8.66037e-05 4.19561e-05 1.78347e-05 6.68726e-06 2.22769e-06 6.63546e-07 1.77389e-07 4.25377e-08 9.08452e-09 1.69627e-09 2.65649e-10 3.15268e-11 2.0272e-12 0 
0 7.46326e-06 6.43197e-05 0.000237359 0.000515371 0.000785031 0.000984793 0.00113699 0.00127176 0.00139807 0.00151175 0.00160529 0.0016723 0.00170885 0.00171368 0.00168809 0.00163557 0.00156136 0.00147193 0.00137426 0.00127479 0.00117771 0.00108244 0.000981278 0.000860076 0.000706092 0.000522407 0.000335981 0.000183412 8.44158e-05 3.30178e-05 1.11459e-05 3.29897e-06 8.65996e-07 2.02597e-07 4.20839e-08 7.63597e-09 1.16247e-09 1.34253e-10 8.41299e-12 0 
0 2.16775e-05 0.000169845 0.000515371 0.00089188 0.00117146 0.00141078 0.00166008 0.00191816 0.00216674 0.00238775 0.00256686 0.00269395 0.00276323 0.00277318 0.00272632 0.00262863 0.00248885 0.00231768 0.00212689 0.0019287 0.00173514 0.001557 0.00140131 0.00126565 0.00113112 0.000963688 0.000739018 0.000480543 0.000254812 0.000109443 3.8789e-05 1.16626e-05 3.04633e-06 7.01008e-07 1.42406e-07 2.52091e-08 3.74232e-09 4.21703e-10 2.58147e-11 0 
0 4.74663e-05 0.000321413 0.000785031 0.00117146 0.00150924 0.00188598 0.0022981 0.00271562 0.00310996 0.00345675 0.00373624 0.00393408 0.00404196 0.00405783 0.00398559 0.0038343 0.00361709 0.00334981 0.00304963 0.00273389 0.00241909 0.00212047 0.00185186 0.0016245 0.0014413 0.00128376 0.00110264 0.000846743 0.000535102 0.000264797 0.000102659 3.2238e-05 8.52268e-06 1.94921e-06 3.89876e-07 6.76614e-08 9.83198e-09 1.08444e-09 6.50269e-11 0 
0 8.36991e-05 0.000478896 0.000984793 0.00141078 0.00188598 0.00243712 0.00302725 0.00361727 0.00417131 0.00465722 0.00504828 0.00532493 0.00547579 0.0054981 0.0053973 0.00518598 0.00488228 0.00450803 0.0040868 0.00364209 0.00319585 0.0027675 0.00237365 0.00202856 0.00174416 0.00152423 0.00134573 0.0011414 0.000843038 0.000490716 0.000215291 7.26461e-05 1.98042e-05 4.55376e-06 9.03476e-07 1.54527e-07 2.20701e-08 2.39084e-09 1.4085e-10 0 
0 0.000125298 0.000610651 0.00113699 0.00166008 0.0022981 0.00302725 0.0037997 0.00456895 0.00529004 0.0059219 0.00643061 0.00679179 0.0069903 0.00701984 0.00688668 0.00660963 0.00621374 0.00572675 0.0051784 0.0045987 0.00401566 0.00345365 0.00293273 0.00246875 0.00207461 0.0017608 0.00152697 0.00133437 0.00108983 0.000734431 0.000369922 0.000137094 3.92058e-05 9.16517e-06 1.81689e-06 3.07855e-07 4.33936e-08 4.63293e-09 2.68961e-10 0 
0 0.000166316 0.000709976 0.00127176 0.00191816 0.00271562 0.00361727 0.00456895 0.0055154 0.00640212 0.0071811 0.00782023 0.00829848 0.00857822 0.00862237 0.00843304 0.00805429 0.0075435 0.00693705 0.00626135 0.00554781 0.00482948 0.00413584 0.00349075 0.00291231 0.0024137 0.00200538 0.00169466 0.0014686 0.00125527 0.00094196 0.000540183 0.000222012 6.74196e-05 1.61705e-05 3.22328e-06 5.43602e-07 7.59088e-08 8.01367e-09 4.59793e-10 0 
0 0.000202457 0.000783464 0.00139807 0.00216674 0.00310996 0.00417131 0.00529004 0.00640212 0.00744692 0.00838866 0.00921779 0.00984358 0.0101761 0.0102261 0.0100109 0.00953282 0.00885091 0.00808343 0.00727469 0.00643423 0.00558957 0.0047733 0.00401296 0.00332903 0.00273551 0.002242 0.00185625 0.0015778 0.00136255 0.00109247 0.000696567 0.000316317 0.0001025 2.53669e-05 5.10779e-06 8.60646e-07 1.19453e-07 1.25065e-08 7.1112e-10 0 
0 0.000231611 0.000838431 0.00151175 0.00238775 0.00345675 0.00465722 0.0059219 0.0071811 0.00838866 0.00954242 0.0104736 0.0110154 0.0112652 0.0113005 0.0111391 0.0107537 0.0100786 0.00914928 0.00817335 0.0072087 0.00625232 0.00532912 0.0044685 0.00369312 0.00301798 0.00245218 0.0020022 0.00167155 0.00143556 0.00119188 0.000821189 0.000406343 0.000140101 3.58257e-05 7.30484e-06 1.23298e-06 1.70543e-07 1.77536e-08 1.00284e-09 0 
0 0.000253221 0.000878853 0.00160529 0.00256686 0.00373624 0.00504828 0.00643061 0.00782023 0.00921779 0.0104736 0.0112517 0.0116706 0.0118677 0.0118946 0.0117635 0.0114577 0.0109213 0.0100522 0.00893471 0.00783471 0.0067818 0.0057726 0.00483191 0.00398366 0.00324375 0.0026211 0.00212097 0.00174732 0.00148632 0.00125357 0.000909477 0.000481009 0.000174838 4.60637e-05 9.51218e-06 1.61059e-06 2.22441e-07 2.30732e-08 1.29754e-09 0 
0 0.000267505 0.000906047 0.0016723 0.00269395 0.00393408 0.00532493 0.00679179 0.00829848 0.00984358 0.0110154 0.0116706 0.012033 0.0122061 0.0122288 0.0121108 0.0118402 0.0113758 0.0106229 0.00950505 0.0082867 0.0071523 0.00608138 0.0050846 0.00418544 0.00340039 0.00273834 0.00220369 0.00179987 0.00151838 0.00128816 0.000964268 0.000533911 0.000201842 5.44448e-05 1.13644e-05 1.93081e-06 2.66614e-07 2.76036e-08 1.54833e-09 0 
0 0.000274937 0.000920223 0.00170885 0.00276323 0.00404196 0.00547579 0.0069903 0.00857822 0.0101761 0.0112652 0.0118677 0.0122061 0.0123685 0.0123888 0.0122757 0.0120192 0.0115839 0.0108873 0.00981213 0.00853652 0.00734808 0.00624263 0.00521587 0.00428966 0.00348072 0.00279786 0.00224502 0.00182512 0.00153189 0.00130184 0.000990222 0.000562645 0.000217776 5.96246e-05 1.25373e-05 2.13616e-06 2.95147e-07 3.05437e-08 1.71164e-09 0 
0 0.000276001 0.000921581 0.00171368 0.00277318 0.00405783 0.0054981 0.00701984 0.00862237 0.0102261 0.0113005 0.0118946 0.0122288 0.0123888 0.0124077 0.0122942 0.0120382 0.0116056 0.0109155 0.00984679 0.00856143 0.00736346 0.0062534 0.00522319 0.00429409 0.00348271 0.00279777 0.00224301 0.00182117 0.00152644 0.00129752 0.000991001 0.000567219 0.000221161 6.08697e-05 1.28395e-05 2.19164e-06 3.03147e-07 3.13949e-08 1.76034e-09 0 
0 0.000271106 0.000910796 0.00168809 0.00272632 0.00398559 0.0053973 0.00688668 0.00843304 0.0100109 0.0111391 0.0117635 0.0121108 0.0122757 0.0122942 0.0121753 0.011908 0.0114545 0.0107265 0.00962144 0.00836648 0.00720572 0.00612022 0.00511175 0.00420265 0.00340918 0.00273991 0.00219864 0.00178826 0.00150203 0.00127605 0.000968449 0.000548883 0.000212277 5.81833e-05 1.22609e-05 2.09446e-06 2.90158e-07 3.01069e-08 1.69154e-09 0 
0 0.000260588 0.000889055 0.00163557 0.00262863 0.0038343 0.00518598 0.00660963 0.00805429 0.00953282 0.0107537 0.0114577 0.0118402 0.0120192 0.0120382 0.011908 0.0116145 0.0111105 0.0102943 0.00915369 0.00798658 0.00689468 0.00585782 0.0048933 0.00402443 0.00326689 0.00262905 0.00211506 0.00172814 0.00145887 0.00123652 0.000922717 0.000509746 0.000192926 5.22486e-05 1.09638e-05 1.87317e-06 2.60087e-07 2.70734e-08 1.5266e-09 0 
0 0.000244748 0.00085778 0.00156136 0.00248885 0.00361709 0.00488228 0.00621374 0.0075435 0.00885091 0.0100786 0.0109213 0.0113758 0.0115839 0.0116056 0.0114545 0.0111105 0.0105101 0.00958496 0.00850936 0.00746746 0.00645704 0.00548708 0.00458455 0.00377236 0.0030654 0.00247192 0.00199667 0.00164296 0.00139627 0.00117592 0.000852981 0.000453091 0.000166143 4.42346e-05 9.22862e-06 1.57748e-06 2.19802e-07 2.29919e-08 1.30353e-09 0 
0 0.000223941 0.00081813 0.00147193 0.00231768 0.00334981 0.00450803 0.00572675 0.00693705 0.00808343 0.00914928 0.0100522 0.0106229 0.0108873 0.0109155 0.0107265 0.0102943 0.00958496 0.00869436 0.00777331 0.0068456 0.00592241 0.00503274 0.00420531 0.00346162 0.00281571 0.00227586 0.00184767 0.00153356 0.00131078 0.00108883 0.000758972 0.000384036 0.000135828 3.55224e-05 7.37571e-06 1.26365e-06 1.77069e-07 1.86536e-08 1.06567e-09 0 
0 0.000198705 0.000770392 0.00137426 0.00212689 0.00304963 0.0040868 0.0051784 0.00626135 0.00727469 0.00817335 0.00893471 0.00950505 0.00981213 0.00984679 0.00962144 0.00915369 0.00850936 0.00777331 0.00698024 0.00615262 0.00532216 0.00452125 0.00377661 0.00310802 0.00252876 0.00204744 0.00167026 0.0013968 0.00119399 0.000968352 0.00064362 0.000310006 0.000106186 2.74155e-05 5.69029e-06 9.80688e-07 1.38615e-07 1.47446e-08 8.50691e-10 0 
0 0.000169923 0.000713486 0.00127479 0.0019287 0.00273389 0.00364209 0.0045987 0.00554781 0.00643423 0.0072087 0.00783471 0.0082867 0.00853652 0.00856143 0.00836648 0.00798658 0.00746746 0.0068456 0.00615262 0.00542217 0.0046877 0.00397867 0.00331898 0.0027266 0.00221423 0.0017908 0.00146206 0.00122259 0.00103273 0.000810968 0.000516267 0.000240277 8.10149e-05 2.09032e-05 4.37114e-06 7.61477e-07 1.08888e-07 1.17155e-08 6.83244e-10 0 
0 0.000138961 0.000645006 0.00117771 0.00173514 0.00241909 0.00319585 0.00401566 0.00482948 0.00558957 0.00625232 0.0067818 0.0071523 0.00734808 0.00736346 0.00720572 0.00689468 0.00645704 0.00592241 0.00532216 0.0046877 0.00404822 0.00342912 0.00285124 0.00233076 0.00187975 0.00150678 0.00121532 0.000996928 0.000819262 0.000626429 0.000393668 0.000183994 6.2958e-05 1.65275e-05 3.51115e-06 6.19889e-07 8.96337e-08 9.73391e-09 5.7209e-10 0 
0 0.000107686 0.000562327 0.00108244 0.001557 0.00212047 0.0027675 0.00345365 0.00413584 0.0047733 0.00532912 0.0057726 0.00608138 0.00624263 0.0062534 0.00612022 0.00585782 0.00548708 0.00503274 0.00452125 0.00397867 0.00342912 0.00289366 0.00238992 0.00193247 0.00153334 0.00120115 0.00093787 0.000737147 0.000583511 0.000446216 0.000293861 0.000146565 5.28998e-05 1.43532e-05 3.10231e-06 5.52121e-07 8.00885e-08 8.70279e-09 5.11072e-10 0 
0 7.82769e-05 0.000464994 0.000981278 0.00140131 0.00185186 0.00237365 0.00293273 0.00349075 0.00401296 0.0044685 0.00483191 0.0050846 0.00521587 0.00522319 0.00511175 0.0048933 0.00458455 0.00420531 0.00377661 0.00331898 0.00285124 0.00238992 0.00194984 0.00154724 0.00120441 0.000942828 0.000754718 0.000598489 0.000450911 0.000327532 0.000226114 0.000125996 4.95594e-05 1.39841e-05 3.04829e-06 5.39517e-07 7.74379e-08 8.31586e-09 4.82664e-10 0 
0 5.28092e-05 0.000357529 0.000860076 0.00126565 0.0016245 0.00202856 0.00246875 0.00291231 0.00332903 0.00369312 0.00398366 0.00418544 0.00428966 0.00429409 0.00420265 0.00402443 0.00377236 0.00346162 0.00310802 0.0027266 0.00233076 0.00193247 0.00154724 0.00121303 0.00101042 0.000999673 0.00108147 0.00102825 0.000755483 0.000429674 0.00022163 0.00011773 4.99055e-05 1.46168e-05 3.17697e-06 5.51795e-07 7.74588e-08 8.14262e-09 4.63558e-10 0 
0 3.2731e-05 0.000250369 0.000706092 0.00113112 0.0014413 0.00174416 0.00207461 0.0024137 0.00273551 0.00301798 0.00324375 0.00340039 0.00348072 0.00348271 0.00340918 0.00326689 0.0030654 0.00281571 0.00252876 0.00221423 0.00187975 0.00153334 0.00120441 0.00101042 0.00118683 0.00187102 0.0027758 0.00320948 0.002126 0.00108192 0.000400667 0.000138 5.20724e-05 1.53002e-05 3.27332e-06 5.53289e-07 7.55781e-08 7.75345e-09 4.32124e-10 0 
0 1.84733e-05 0.00015676 0.000522407 0.000963688 0.00128376 0.00152423 0.0017608 0.00200538 0.002242 0.00245218 0.0026211 0.00273834 0.00279786 0.00279777 0.00273991 0.00262905 0.00247192 0.00227586 0.00204744 0.0017908 0.00150678 0.00120115 0.000942828 0.000999673 0.00187102 0.00399415 0.00727155 0.00777685 0.00577905 0.00249703 0.000845191 0.000214965 5.76823e-05 1.53637e-05 3.15201e-06 5.15119e-07 6.85014e-08 6.87581e-09 3.76277e-10 0 
0 9.43218e-06 8.66037e-05 0.000335981 0.000739018 0.00110264 0.00134573 0.00152697 0.00169466 0.00185625 0.0020022 0.00212097 0.00220369 0.00224502 0.00224301 0.00219864 0.00211506 0.00199667 0.00184767 0.00167026 0.00146206 0.00121532 0.00093787 0.000754718 0.00108147 0.0027758 0.00727155 0.00854488 0.00870747 0.00813062 0.00486414 0.00135471 0.000313097 6.45557e-05 1.43674e-05 2.73085e-06 4.289e-07 5.57558e-08 5.51121e-09 2.98014e-10 0 
0 4.34007e-06 4.19561e-05 0.000183412 0.000480543 0.000846743 0.0011414 0.00133437 0.0014686 0.0015778 0.00167155 0.00174732 0.00179987 0.00182512 0.00182117 0.00178826 0.00172814 0.00164296 0.00153356 0.0013968 0.00122259 0.000996928 0.000737147 0.000598489 0.00102825 0.00320948 0.00777685 0.00870747 0.00883168 0.00836296 0.00580772 0.0014926 0.000336014 6.19811e-05 1.18356e-05 2.05896e-06 3.11194e-07 3.98719e-08 3.9168e-09 2.11026e-10 0 
0 1.79754e-06 1.78347e-05 8.44158e-05 0.000254812 0.000535102 0.000843038 0.00108983 0.00125527 0.00136255 0.00143556 0.00148632 0.00151838 0.00153189 0.00152644 0.00150203 0.00145887 0.00139627 0.00131078 0.00119399 0.00103273 0.000819262 0.000583511 0.000450911 0.000755483 0.002126 0.00577905 0.00813062 0.00836296 0.00760857 0.00353636 0.00110535 0.000249054 4.52929e-05 8.0029e-06 1.30651e-06 1.93167e-07 2.47206e-08 2.44011e-09 1.3221e-10 0 
0 6.70618e-07 6.68726e-06 3.30178e-05 0.000109443 0.000264797 0.000490716 0.000734431 0.00094196 0.00109247 0.00119188 0.00125357 0.00128816 0.00130184 0.00129752 0.00127605 0.00123652 0.00117592 0.00108883 0.000968352 0.000810968 0.000626429 0.000446216 0.000327532 0.000429674 0.00108192 0.00249703 0.00486414 0.00580772 0.00353636 0.00165943 0.00054917 0.000127238 2.42925e-05 4.2397e-06 6.81721e-07 1.01542e-07 1.32028e-08 1.3248e-09 7.28635e-11 0 
0 2.25725e-07 2.22769e-06 1.11459e-05 3.8789e-05 0.000102659 0.000215291 0.000369922 0.000540183 0.000696567 0.000821189 0.000909477 0.000964268 0.000990222 0.000991001 0.000968449 0.000922717 0.000852981 0.000758972 0.00064362 0.000516267 0.000393668 0.000293861 0.000226114 0.00022163 0.000400667 0.000845191 0.00135471 0.0014926 0.00110535 0.00054917 0.000186119 4.66149e-05 9.65845e-06 1.74824e-06 2.91926e-07 4.5199e-08 6.06911e-09 6.25697e-10 3.52313e-11 0 
0 6.86343e-08 6.63546e-07 3.29897e-06 1.16626e-05 3.2238e-05 7.26461e-05 0.000137094 0.000222012 0.000316317 0.000406343 0.000481009 0.000533911 0.000562645 0.000567219 0.000548883 0.000509746 0.000453091 0.000384036 0.000310006 0.000240277 0.000183994 0.000146565 0.000125996 0.00011773 0.000138 0.000214965 0.000313097 0.000336014 0.000249054 0.000127238 4.66149e-05 1.3046e-05 2.94845e-06 5.78283e-07 1.0446e-07 1.71692e-08 2.40799e-09 2.57192e-10 1.49317e-11 0 
0 1.8846e-08 1.77389e-07 8.65996e-07 3.04633e-06 8.52268e-06 1.98042e-05 3.92058e-05 6.74196e-05 0.0001025 0.000140101 0.000174838 0.000201842 0.000217776 0.000221161 0.000212277 0.000192926 0.000166143 0.000135828 0.000106186 8.10149e-05 6.2958e-05 5.28998e-05 4.95594e-05 4.99055e-05 5.20724e-05 5.76823e-05 6.45557e-05 6.19811e-05 4.52929e-05 2.42925e-05 9.65845e-06 2.94845e-06 7.35966e-07 1.61318e-07 3.20021e-08 5.61826e-09 8.27576e-10 9.20928e-11 5.54232e-12 0 
0 4.65698e-09 4.25377e-08 2.02597e-07 7.01008e-07 1.94921e-06 4.55376e-06 9.16517e-06 1.61705e-05 2.53669e-05 3.58257e-05 4.60637e-05 5.44448e-05 5.96246e-05 6.08697e-05 5.81833e-05 5.22486e-05 4.42346e-05 3.55224e-05 2.74155e-05 2.09032e-05 1.65275e-05 1.43532e-05 1.39841e-05 1.46168e-05 1.53002e-05 1.53637e-05 1.43674e-05 1.18356e-05 8.0029e-06 4.2397e-06 1.74824e-06 5.78283e-07 1.61318e-07 3.94554e-08 8.51913e-09 1.59205e-09 2.46705e-10 2.86982e-11 1.79686e-12 0 
0 1.02619e-09 9.08452e-09 4.20839e-08 1.42406e-07 3.89876e-07 9.03476e-07 1.81689e-06 3.22328e-06 5.10779e-06 7.30484e-06 9.51218e-06 1.13644e-05 1.25373e-05 1.28395e-05 1.22609e-05 1.09638e-05 9.22862e-06 7.37571e-06 5.69029e-06 4.37114e-06 3.51115e-06 3.10231e-06 3.04829e-06 3.17697e-06 3.27332e-06 3.15201e-06 2.73085e-06 2.05896e-06 1.30651e-06 6.81721e-07 2.91926e-07 1.0446e-07 3.20021e-08 8.51913e-09 1.96998e-09 3.8978e-10 6.35308e-11 7.73707e-12 5.0504e-13 0 
0 1.97704e-10 1.69627e-09 7.63597e-09 2.52091e-08 6.76614e-08 1.54527e-07 3.07855e-07 5.43602e-07 8.60646e-07 1.23298e-06 1.61059e-06 1.93081e-06 2.13616e-06 2.19164e-06 2.09446e-06 1.87317e-06 1.57748e-06 1.26365e-06 9.80688e-07 7.61477e-07 6.19889e-07 5.52121e-07 5.39517e-07 5.51795e-07 5.53289e-07 5.15119e-07 4.289e-07 3.11194e-07 1.93167e-07 1.01542e-07 4.5199e-08 1.71692e-08 5.61826e-09 1.59205e-09 3.8978e-10 8.13083e-11 1.39237e-11 1.77543e-12 1.20912e-13 0 
0 3.19201e-11 2.65649e-10 1.16247e-09 3.74232e-09 9.83198e-09 2.20701e-08 4.33936e-08 7.59088e-08 1.19453e-07 1.70543e-07 2.22441e-07 2.66614e-07 2.95147e-07 3.03147e-07 2.90158e-07 2.60087e-07 2.19802e-07 1.77069e-07 1.38615e-07 1.08888e-07 8.96337e-08 8.00885e-08 7.74379e-08 7.74588e-08 7.55781e-08 6.85014e-08 5.57558e-08 3.98719e-08 2.47206e-08 1.32028e-08 6.06911e-09 2.40799e-09 8.27576e-10 2.46705e-10 6.35308e-11 1.39237e-11 2.50033e-12 3.3349e-13 2.3689e-14 0 
0 3.90027e-12 3.15268e-11 1.34253e-10 4.21703e-10 1.08444e-09 2.39084e-09 4.63293e-09 8.01367e-09 1.25065e-08 1.77536e-08 2.30732e-08 2.76036e-08 3.05437e-08 3.13949e-08 3.01069e-08 2.70734e-08 2.29919e-08 1.86536e-08 1.47446e-08 1.17155e-08 9.73391e-09 8.70279e-09 8.31586e-09 8.14262e-09 7.75345e-09 6.87581e-09 5.51121e-09 3.9168e-09 2.44011e-09 1.3248e-09 6.25697e-10 2.57192e-10 9.20928e-11 2.86982e-11 7.73707e-12 1.77543e-12 3.3349e-13 4.64474e-14 3.43781e-15 0 
0 2.57793e-13 2.0272e-12 8.41299e-12 2.58147e-11 6.50269e-11 1.4085e-10 2.68961e-10 4.59793e-10 7.1112e-10 1.00284e-09 1.29754e-09 1.54833e-09 1.71164e-09 1.76034e-09 1.69154e-09 1.5266e-09 1.30353e-09 1.06567e-09 8.50691e-10 6.83244e-10 5.7209e-10 5.11072e-10 4.82664e-10 4.63558e-10 4.32124e-10 3.76277e-10 2.98014e-10 2.11026e-10 1.3221e-10 7.28635e-11 3.52313e-11 1.49317e-11 5.54232e-12 1.79686e-12 5.0504e-13 1.20912e-13 2.3689e-14 3.43781e-15 2.64728e-16 0 
0 0 0 0 0 0 0 0 0 0 0 0 0 0 0 0 0 0 0 0 0 0 0 0 0 0 0 0 0 0 0 0 0 0 0 0 0 0 0 0 0 
