0 0 0 0 0 0 0 0 0 0 0 0 0 0 0 0 0 0 0 0 0 0 0 0 0 0 0 0 0 0 0 0 0 0 0 0 0 0 0 0 0 
0 1.36493e-07 1.17369e-06 4.81903e-06 1.3087e-05 2.64194e-05 4.28053e-05 5.92149e-05 7.34305e-05 8.45834e-05 9.27293e-05 9.82949e-05 0.000101738 0.000103416 0.000103562 0.000102301 9.96736e-05 9.56447e-05 9.01327e-05 8.30491e-05 7.43699e-05 6.42284e-05 5.30025e-05 4.13496e-05 3.01424e-05 2.02849e-05 1.24587e-05 6.91574e-06 3.4453e-06 1.53459e-06 6.10599e-07 2.17251e-07 6.92253e-08 1.97624e-08 5.04181e-09 1.14017e-09 2.24297e-10 3.6824e-11 4.55984e-12 3.04605e-13 0 
0 1.17369e-06 1.00721e-05 3.86073e-05 9.06877e-05 0.000150084 0.000197096 0.000226866 0.000244922 0.000257271 0.000266971 0.000274765 0.000280382 0.000283377 0.000283518 0.000280911 0.000275974 0.000269332 0.000261638 0.000253302 0.000244156 0.000233148 0.000218276 0.000197097 0.000168015 0.000131966 9.32421e-05 5.80874e-05 3.14911e-05 1.47869e-05 6.02973e-06 2.15043e-06 6.7618e-07 1.88603e-07 4.67456e-08 1.02421e-08 1.95061e-09 3.10175e-10 3.72466e-11 2.41688e-12 0 
0 4.81903e-06 3.86073e-05 0.000123923 0.000224641 0.000289997 0.000324954 0.00035333 0.00038496 0.000418883 0.000451211 0.000478432 0.000498116 0.000508889 0.000510308 0.000502742 0.000487254 0.000465483 0.000439533 0.000411863 0.00038513 0.000361833 0.000343527 0.000329433 0.000314877 0.000291143 0.000249338 0.00018856 0.000121004 6.44598e-05 2.84604e-05 1.05542e-05 3.34985e-06 9.25267e-07 2.24601e-07 4.79231e-08 8.8674e-09 1.36945e-09 1.59839e-10 1.00956e-11 0 
0 1.3087e-05 9.06877e-05 0.000224641 0.000317944 0.000370094 0.000425955 0.000495455 0.000571148 0.000644893 0.000710615 0.000763906 0.000801725 0.000822342 0.000825304 0.000811359 0.000782287 0.000740694 0.000689766 0.000633037 0.000574232 0.000517227 0.000466098 0.000424959 0.000396726 0.000379845 0.000363767 0.000328862 0.000260048 0.000168193 8.60095e-05 3.4922e-05 1.15738e-05 3.23143e-06 7.77749e-07 1.62863e-07 2.94333e-08 4.4322e-09 5.0444e-10 3.10985e-11 0 
0 2.64194e-05 0.000150084 0.000289997 0.000370094 0.000453373 0.000561807 0.000683971 0.000808176 0.000925528 0.00102873 0.00111191 0.00117079 0.00120289 0.00120762 0.00118612 0.00114109 0.00107645 0.000996907 0.000907576 0.000813614 0.000719948 0.000631203 0.000551905 0.000486921 0.000441143 0.000416028 0.000401399 0.000369531 0.000292278 0.000181242 8.48685e-05 3.05673e-05 8.85076e-06 2.145e-06 4.45044e-07 7.90627e-08 1.16639e-08 1.29937e-09 7.84404e-11 0 
0 4.28053e-05 0.000197096 0.000324954 0.000425955 0.000561807 0.000725319 0.000900914 0.00107651 0.00124139 0.001386 0.00150239 0.00158481 0.00162989 0.00163659 0.00160643 0.0015434 0.00145298 0.0013416 0.00121624 0.00108389 0.000951091 0.000823617 0.000706449 0.000604087 0.000521396 0.000463974 0.000434232 0.000419259 0.000381038 0.000285114 0.000158723 6.43844e-05 1.98535e-05 4.92648e-06 1.02327e-06 1.79925e-07 2.61366e-08 2.8615e-09 1.6973e-10 0 
0 5.92149e-05 0.000226866 0.00035333 0.000495455 0.000683971 0.000900914 0.0011308 0.00135973 0.00157433 0.00176273 0.00191831 0.00204358 0.00212585 0.00214035 0.00208396 0.00197893 0.00185106 0.00170445 0.00154111 0.00136858 0.00119507 0.00102781 0.000872787 0.000734736 0.000617764 0.00052661 0.000467172 0.000440108 0.0004228 0.000363504 0.000239675 0.000111724 3.74929e-05 9.67328e-06 2.03131e-06 3.5586e-07 5.11514e-08 5.52567e-09 3.23136e-10 0 
0 7.34305e-05 0.000244922 0.00038496 0.000571148 0.000808176 0.00107651 0.00135973 0.00164141 0.00190626 0.00215785 0.00243089 0.00264464 0.0027483 0.00276443 0.00270228 0.00254738 0.00230932 0.00207345 0.00186394 0.00165105 0.00143726 0.00123083 0.00103885 0.000866709 0.00071837 0.000597408 0.000508802 0.00045816 0.000438588 0.000407466 0.000308457 0.000165175 6.10412e-05 1.65603e-05 3.54405e-06 6.22113e-07 8.88729e-08 9.5076e-09 5.49915e-10 0 
0 8.45834e-05 0.000257271 0.000418883 0.000644893 0.000925528 0.00124139 0.00157433 0.00190626 0.00224618 0.00265117 0.00290951 0.00302881 0.00308247 0.00309086 0.00305787 0.00297614 0.00281657 0.0025138 0.00217895 0.00191551 0.00166348 0.00142054 0.00119426 0.000990724 0.0008141 0.000667368 0.000554022 0.000479857 0.000446598 0.000427173 0.000356323 0.000215458 8.76868e-05 2.51459e-05 5.51233e-06 9.73601e-07 1.38721e-07 1.47431e-08 8.4583e-10 0 
0 9.27293e-05 0.000266971 0.000451211 0.000710615 0.00102873 0.001386 0.00176273 0.00215785 0.00265117 0.00297507 0.00312625 0.00320756 0.00324657 0.0032527 0.00322812 0.00316964 0.00306593 0.00288523 0.0025367 0.00215601 0.0018611 0.00158596 0.00132983 0.00109908 0.000898157 0.000729812 0.000596488 0.000502797 0.000453773 0.000434664 0.000385002 0.000256176 0.000113657 3.44036e-05 7.73711e-06 1.37821e-06 1.96353e-07 2.07843e-08 1.18568e-09 0 
0 9.82949e-05 0.000274765 0.000478432 0.000763906 0.00111191 0.00150239 0.00191831 0.00243089 0.00290951 0.00312625 0.00324348 0.00331059 0.00334361 0.00334875 0.0033276 0.00327823 0.00319389 0.00305737 0.00281737 0.00239309 0.00202188 0.00171801 0.00143798 0.00118554 0.000965344 0.000780057 0.000631494 0.000523096 0.000460649 0.000437044 0.000400177 0.00028516 0.000135608 4.30143e-05 9.90473e-06 1.78017e-06 2.53977e-07 2.68271e-08 1.52486e-09 0 
0 0.000101738 0.000280382 0.000498116 0.000801725 0.00117079 0.00158481 0.00204358 0.00264464 0.00302881 0.00320756 0.00331059 0.00337114 0.00340124 0.00340582 0.00338623 0.00334104 0.00326515 0.00314634 0.00295206 0.00258579 0.00214377 0.00181021 0.00151319 0.00124559 0.00101196 0.000814941 0.000655985 0.000537715 0.000465779 0.000437195 0.000406937 0.000303044 0.000151376 4.97372e-05 1.16691e-05 2.11356e-06 3.02134e-07 3.18894e-08 1.80902e-09 0 
0 0.000103416 0.000283377 0.000508889 0.000822342 0.00120289 0.00162989 0.00212585 0.0027483 0.00308247 0.00324657 0.00334361 0.00340124 0.00342995 0.00343417 0.00341514 0.00337162 0.00329916 0.00318735 0.00300975 0.00268371 0.00221703 0.00185869 0.00155226 0.00127661 0.00103587 0.000832652 0.000668239 0.000544798 0.00046771 0.000435865 0.000408491 0.000311389 0.00015997 5.36836e-05 1.27445e-05 2.32061e-06 3.32334e-07 3.50814e-08 1.98882e-09 0 
0 0.000103562 0.000283518 0.000510308 0.000825304 0.00120762 0.00163659 0.00214035 0.00276443 0.00309086 0.0032527 0.00334875 0.00340582 0.00343417 0.00343814 0.00341896 0.00337539 0.0033031 0.0031919 0.0030162 0.00269581 0.00222539 0.00186203 0.00155444 0.00127793 0.00103646 0.000832625 0.000667634 0.00054353 0.000465577 0.00043303 0.000406357 0.000311504 0.000161218 5.4436e-05 1.2974e-05 2.36767e-06 3.39498e-07 3.58642e-08 2.03418e-09 0 
0 0.000102301 0.000280911 0.000502742 0.000811359 0.00118612 0.00160643 0.00208396 0.00270228 0.00305787 0.00322812 0.0033276 0.00338623 0.00341514 0.00341896 0.00339896 0.00335378 0.00327869 0.00316244 0.00297593 0.00262881 0.0021676 0.001822 0.00152127 0.00125071 0.00101458 0.000815405 0.000654448 0.000533917 0.000459129 0.000428444 0.000400784 0.000304001 0.000155441 5.20496e-05 1.2358e-05 2.25329e-06 3.23293e-07 3.41954e-08 1.94247e-09 0 
0 9.96736e-05 0.000275974 0.000487254 0.000782287 0.00114109 0.0015434 0.00197893 0.00254738 0.00297614 0.00316964 0.00327823 0.00334104 0.00337162 0.00337539 0.00335378 0.0033051 0.00322353 0.00309478 0.00287913 0.00247566 0.00206045 0.00174349 0.00145625 0.00119768 0.000972231 0.000782417 0.000629636 0.000516536 0.000448516 0.000421619 0.000390925 0.000288799 0.00014332 4.69927e-05 1.10418e-05 2.00649e-06 2.87948e-07 3.05146e-08 1.73789e-09 0 
0 9.56447e-05 0.000269332 0.000465483 0.000740694 0.00107645 0.00145298 0.00185106 0.00230932 0.00281657 0.00306593 0.00319389 0.00326515 0.00329916 0.0033031 0.00327869 0.00322353 0.00312938 0.00297426 0.00268949 0.00225826 0.00192329 0.00163299 0.00136437 0.00112266 0.000912269 0.000735663 0.000594541 0.000492213 0.000433842 0.000411367 0.000374792 0.000265441 0.000125952 4.0056e-05 9.2731e-06 1.6771e-06 2.40783e-07 2.55888e-08 1.46299e-09 0 
0 9.01327e-05 0.000261638 0.000439533 0.000689766 0.000996907 0.0013416 0.00170445 0.00207345 0.0025138 0.00288523 0.00305737 0.00314634 0.00318735 0.0031919 0.00316244 0.00309478 0.00297426 0.00275662 0.002378 0.00204218 0.0017627 0.00149775 0.00125151 0.00103018 0.00083796 0.000677346 0.000550514 0.000461518 0.00041436 0.000394939 0.000349247 0.000233741 0.000104984 3.22302e-05 7.34151e-06 1.32192e-06 1.90084e-07 2.02872e-08 1.16617e-09 0 
0 8.30491e-05 0.000253302 0.000411863 0.000633037 0.000907576 0.00121624 0.00154111 0.00186394 0.00217895 0.0025367 0.00281737 0.00295206 0.00300975 0.0030162 0.00297593 0.00287913 0.00268949 0.002378 0.00208414 0.00183141 0.00158389 0.00134553 0.00112393 0.00092495 0.00075257 0.000609448 0.000498393 0.000423852 0.000387054 0.000367038 0.000310669 0.000194765 8.26686e-05 2.45488e-05 5.51686e-06 9.9145e-07 1.43093e-07 1.53667e-08 8.89641e-10 0 
0 7.43699e-05 0.000244156 0.00038513 0.000574232 0.000813614 0.00108389 0.00136858 0.00165105 0.00191551 0.00215601 0.00239309 0.00258579 0.00268371 0.00269581 0.00262881 0.00247566 0.00225826 0.00204218 0.00183141 0.00161366 0.00139507 0.00118406 0.000987733 0.000811442 0.000658988 0.000533298 0.000437679 0.000375823 0.000344874 0.000320067 0.000257254 0.000151884 6.1659e-05 1.79048e-05 3.99898e-06 7.20498e-07 1.04665e-07 1.13307e-08 6.61525e-10 0 
0 6.42284e-05 0.000233148 0.000361833 0.000517227 0.000719948 0.000951091 0.00119507 0.00143726 0.00166348 0.0018611 0.00202188 0.00214377 0.00221703 0.00222539 0.0021676 0.00206045 0.00192329 0.0017627 0.00158389 0.00139507 0.00120475 0.00102051 0.000848534 0.000693647 0.000559528 0.000449239 0.000365651 0.000310297 0.00027831 0.000249429 0.000193193 0.000110947 4.44405e-05 1.28816e-05 2.89029e-06 5.24532e-07 7.68132e-08 8.38242e-09 4.93126e-10 0 
0 5.30025e-05 0.000218276 0.000343527 0.000466098 0.000631203 0.000823617 0.00102781 0.00123083 0.00142054 0.00158596 0.00171801 0.00181021 0.00185869 0.00186203 0.001822 0.00174349 0.00163299 0.00149775 0.00134553 0.00118406 0.00102051 0.000861156 0.00071125 0.000575154 0.00045662 0.000358627 0.000282464 0.000227626 0.000191965 0.000166434 0.000130887 7.82256e-05 3.25047e-05 9.64948e-06 2.19418e-06 4.01143e-07 5.9007e-08 6.45924e-09 3.80879e-10 0 
0 4.13496e-05 0.000197097 0.000329433 0.000424959 0.000551905 0.000706449 0.000872787 0.00103885 0.00119426 0.00132983 0.00143798 0.00151319 0.00155226 0.00155444 0.00152127 0.00145625 0.00136437 0.00125151 0.00112393 0.000987733 0.000848534 0.00071125 0.000580312 0.000460617 0.0003588 0.000281113 0.000225267 0.000179242 0.000137145 0.00010598 8.44935e-05 5.63113e-05 2.56473e-05 7.9605e-06 1.8336e-06 3.34732e-07 4.89222e-08 5.31501e-09 3.11106e-10 0 
0 3.01424e-05 0.000168015 0.000314877 0.000396726 0.000486921 0.000604087 0.000734736 0.000866709 0.000990724 0.00109908 0.00118554 0.00124559 0.00127661 0.00127793 0.00125071 0.00119768 0.00112266 0.00103018 0.00092495 0.000811442 0.000693647 0.000575154 0.000460617 0.000361218 0.000300809 0.000297525 0.000321852 0.000306012 0.000224862 0.000128298 6.94044e-05 4.35632e-05 2.20693e-05 7.25008e-06 1.68e-06 3.02274e-07 4.33304e-08 4.6197e-09 2.65873e-10 0 
0 2.02849e-05 0.000131966 0.000291143 0.000379845 0.000441143 0.000521396 0.000617764 0.00071837 0.0008141 0.000898157 0.000965344 0.00101196 0.00103587 0.00103646 0.00101458 0.000972231 0.000912269 0.00083796 0.00075257 0.000658988 0.000559528 0.00045662 0.0003588 0.000300809 0.000353205 0.000556821 0.00096664 0.00116728 0.000647665 0.000321983 0.000119429 4.37286e-05 2.00793e-05 6.86909e-06 1.58987e-06 2.7952e-07 3.90178e-08 4.05974e-09 2.28739e-10 0 
0 1.24587e-05 9.32421e-05 0.000249338 0.000363767 0.000416028 0.000463974 0.00052661 0.000597408 0.000667368 0.000729812 0.000780057 0.000814941 0.000832652 0.000832625 0.000815405 0.000782417 0.000735663 0.000677346 0.000609448 0.000533298 0.000449239 0.000358627 0.000281113 0.000297525 0.000556821 0.00138149 0.0021012 0.00215391 0.00190522 0.000757248 0.000251533 6.45227e-05 1.98054e-05 6.38373e-06 1.44951e-06 2.47903e-07 3.36943e-08 3.4263e-09 1.89331e-10 0 
0 6.91574e-06 5.80874e-05 0.00018856 0.000328862 0.000401399 0.000434232 0.000467172 0.000508802 0.000554022 0.000596488 0.000631494 0.000655985 0.000668239 0.000667634 0.000654448 0.000629636 0.000594541 0.000550514 0.000498393 0.000437679 0.000365651 0.000282464 0.000225267 0.000321852 0.00096664 0.0021012 0.0023062 0.00232973 0.00222173 0.00165707 0.000403867 9.33029e-05 2.07225e-05 5.62098e-06 1.21024e-06 2.00497e-07 2.66543e-08 2.66565e-09 1.45337e-10 0 
0 3.4453e-06 3.14911e-05 0.000121004 0.000260048 0.000369531 0.000419259 0.000440108 0.00045816 0.000479857 0.000502797 0.000523096 0.000537715 0.000544798 0.00054353 0.000533917 0.000516536 0.000492213 0.000461518 0.000423852 0.000375823 0.000310297 0.000227626 0.000179242 0.000306012 0.00116728 0.00215391 0.00232973 0.00235383 0.00226767 0.00190095 0.000461445 0.000100067 1.94726e-05 4.47366e-06 8.91655e-07 1.42997e-07 1.87426e-08 1.8605e-09 1.00934e-10 0 
0 1.53459e-06 1.47869e-05 6.44598e-05 0.000168193 0.000292278 0.000381038 0.0004228 0.000438588 0.000446598 0.000453773 0.000460649 0.000465779 0.00046771 0.000465577 0.000459129 0.000448516 0.000433842 0.00041436 0.000387054 0.000344874 0.00027831 0.000191965 0.000137145 0.000224862 0.000647665 0.00190522 0.00222173 0.00226767 0.00212329 0.00121906 0.000328954 7.42345e-05 1.43419e-05 3.01334e-06 5.6109e-07 8.80001e-08 1.15072e-08 1.14618e-09 6.24589e-11 0 
0 6.10599e-07 6.02973e-06 2.84604e-05 8.60095e-05 0.000181242 0.000285114 0.000363504 0.000407466 0.000427173 0.000434664 0.000437044 0.000437195 0.000435865 0.00043303 0.000428444 0.000421619 0.000411367 0.000394939 0.000367038 0.000320067 0.000249429 0.000166434 0.00010598 0.000128298 0.000321983 0.000757248 0.00165707 0.00190095 0.00121906 0.000493849 0.000163442 3.81819e-05 7.97228e-06 1.63386e-06 2.94448e-07 4.61644e-08 6.11282e-09 6.17947e-10 3.41462e-11 0 
0 2.17251e-07 2.15043e-06 1.05542e-05 3.4922e-05 8.48685e-05 0.000158723 0.000239675 0.000308457 0.000356323 0.000385002 0.000400177 0.000406937 0.000408491 0.000406357 0.000400784 0.000390925 0.000374792 0.000349247 0.000310669 0.000257254 0.000193193 0.000130887 8.44935e-05 6.94044e-05 0.000119429 0.000251533 0.000403867 0.000461445 0.000328954 0.000163442 5.55517e-05 1.44733e-05 3.38555e-06 7.02452e-07 1.2804e-07 2.0593e-08 2.80241e-09 2.90559e-10 1.64223e-11 0 
0 6.92253e-08 6.7618e-07 3.34985e-06 1.15738e-05 3.05673e-05 6.43844e-05 0.000111724 0.000165175 0.000215458 0.000256176 0.00028516 0.000303044 0.000311389 0.000311504 0.000304001 0.000288799 0.000265441 0.000233741 0.000194765 0.000151884 0.000110947 7.82256e-05 5.63113e-05 4.35632e-05 4.37286e-05 6.45227e-05 9.33029e-05 0.000100067 7.42345e-05 3.81819e-05 1.44733e-05 4.42393e-06 1.12535e-06 2.43854e-07 4.66497e-08 7.85043e-09 1.11049e-09 1.19096e-10 6.93503e-12 0 
0 1.97624e-08 1.88603e-07 9.25267e-07 3.23143e-06 8.85076e-06 1.98535e-05 3.74929e-05 6.10412e-05 8.76868e-05 0.000113657 0.000135608 0.000151376 0.00015997 0.000161218 0.000155441 0.00014332 0.000125952 0.000104984 8.26686e-05 6.1659e-05 4.44405e-05 3.25047e-05 2.56473e-05 2.20693e-05 2.00793e-05 1.98054e-05 2.07225e-05 1.94726e-05 1.43419e-05 7.97228e-06 3.38555e-06 1.12535e-06 3.04984e-07 7.09036e-08 1.44996e-08 2.57667e-09 3.81429e-10 4.25682e-11 2.56791e-12 0 
0 5.04181e-09 4.67456e-08 2.24601e-07 7.77749e-07 2.145e-06 4.92648e-06 9.67328e-06 1.65603e-05 2.51459e-05 3.44036e-05 4.30143e-05 4.97372e-05 5.36836e-05 5.4436e-05 5.20496e-05 4.69927e-05 4.0056e-05 3.22302e-05 2.45488e-05 1.79048e-05 1.28816e-05 9.64948e-06 7.9605e-06 7.25008e-06 6.86909e-06 6.38373e-06 5.62098e-06 4.47366e-06 3.01334e-06 1.63386e-06 7.02452e-07 2.43854e-07 7.09036e-08 1.78044e-08 3.89346e-09 7.31559e-10 1.13678e-10 1.32508e-11 8.31207e-13 0 
0 1.14017e-09 1.02421e-08 4.79231e-08 1.62863e-07 4.45044e-07 1.02327e-06 2.03131e-06 3.54405e-06 5.51233e-06 7.73711e-06 9.90473e-06 1.16691e-05 1.27445e-05 1.2974e-05 1.2358e-05 1.10418e-05 9.2731e-06 7.34151e-06 5.51686e-06 3.99898e-06 2.89029e-06 2.19418e-06 1.8336e-06 1.68e-06 1.58987e-06 1.44951e-06 1.21024e-06 8.91655e-07 5.6109e-07 2.94448e-07 1.2804e-07 4.66497e-08 1.44996e-08 3.89346e-09 9.04235e-10 1.7932e-10 2.92747e-11 3.57039e-12 2.33393e-13 0 
0 2.24297e-10 1.95061e-09 8.8674e-09 2.94333e-08 7.90627e-08 1.79925e-07 3.5586e-07 6.22113e-07 9.73601e-07 1.37821e-06 1.78017e-06 2.11356e-06 2.32061e-06 2.36767e-06 2.25329e-06 2.00649e-06 1.6771e-06 1.32192e-06 9.9145e-07 7.20498e-07 5.24532e-07 4.01143e-07 3.34732e-07 3.02274e-07 2.7952e-07 2.47903e-07 2.00497e-07 1.42997e-07 8.80001e-08 4.61644e-08 2.0593e-08 7.85043e-09 2.57667e-09 7.31559e-10 1.7932e-10 3.74413e-11 6.41763e-12 8.19142e-13 5.58461e-14 0 
0 3.6824e-11 3.10175e-10 1.36945e-09 4.4322e-09 1.16639e-08 2.61366e-08 5.11514e-08 8.88729e-08 1.38721e-07 1.96353e-07 2.53977e-07 3.02134e-07 3.32334e-07 3.39498e-07 3.23293e-07 2.87948e-07 2.40783e-07 1.90084e-07 1.43093e-07 1.04665e-07 7.68132e-08 5.9007e-08 4.89222e-08 4.33304e-08 3.90178e-08 3.36943e-08 2.66543e-08 1.87426e-08 1.15072e-08 6.11282e-09 2.80241e-09 1.11049e-09 3.81429e-10 1.13678e-10 2.92747e-11 6.41763e-12 1.15297e-12 1.53879e-13 1.09389e-14 0 
0 4.55984e-12 3.72466e-11 1.59839e-10 5.0444e-10 1.29937e-09 2.8615e-09 5.52567e-09 9.5076e-09 1.47431e-08 2.07843e-08 2.68271e-08 3.18894e-08 3.50814e-08 3.58642e-08 3.41954e-08 3.05146e-08 2.55888e-08 2.02872e-08 1.53667e-08 1.13307e-08 8.38242e-09 6.45924e-09 5.31501e-09 4.6197e-09 4.05974e-09 3.4263e-09 2.66565e-09 1.8605e-09 1.14618e-09 6.17947e-10 2.90559e-10 1.19096e-10 4.25682e-11 1.32508e-11 3.57039e-12 8.19142e-13 1.53879e-13 2.14385e-14 1.58755e-15 0 
0 3.04605e-13 2.41688e-12 1.00956e-11 3.10985e-11 7.84404e-11 1.6973e-10 3.23136e-10 5.49915e-10 8.4583e-10 1.18568e-09 1.52486e-09 1.80902e-09 1.98882e-09 2.03418e-09 1.94247e-09 1.73789e-09 1.46299e-09 1.16617e-09 8.89641e-10 6.61525e-10 4.93126e-10 3.80879e-10 3.11106e-10 2.65873e-10 2.28739e-10 1.89331e-10 1.45337e-10 1.00934e-10 6.24589e-11 3.41462e-11 1.64223e-11 6.93503e-12 2.56791e-12 8.31207e-13 2.33393e-13 5.58461e-14 1.09389e-14 1.58755e-15 1.22278e-16 0 
0 0 0 0 0 0 0 0 0 0 0 0 0 0 0 0 0 0 0 0 0 0 0 0 0 0 0 0 0 0 0 0 0 0 0 0 0 0 0 0 0 
