0 0 0 0 0 0 0 0 0 0 0 0 0 0 0 0 0 0 0 0 0 0 0 0 0 0 0 0 0 0 0 0 0 0 0 0 0 0 0 0 0 
0 1.47988e-07 1.34314e-06 6.13482e-06 1.95489e-05 4.81267e-05 9.64874e-05 0.000163757 0.000243192 0.000325096 0.000400255 0.000461854 0.000505783 0.000530146 0.000534645 0.00052012 0.000488308 0.00044177 0.000383902 0.000318924 0.000251712 0.000187367 0.000130491 8.43469e-05 5.02272e-05 2.73889e-05 1.36202e-05 6.16406e-06 2.53814e-06 9.51843e-07 3.25602e-07 1.01734e-07 2.90446e-08 7.56538e-09 1.78936e-09 3.80329e-10 7.11418e-11 1.1213e-11 1.34356e-12 8.74019e-14 0 
0 1.34314e-06 1.26011e-05 5.80935e-05 0.00018038 0.000416313 0.000758562 0.00115224 0.00153366 0.00186251 0.00212404 0.0023173 0.00244569 0.00251304 0.00252291 0.00247877 0.00238405 0.00224202 0.00205562 0.00182801 0.00156423 0.001274 0.000974345 0.000689365 0.000444731 0.000258541 0.00013444 6.23811e-05 2.58783e-05 9.64174e-06 3.24383e-06 9.90159e-07 2.7505e-07 6.95599e-08 1.59612e-08 3.29172e-09 5.97875e-10 9.16072e-11 1.06853e-11 6.77685e-13 0 
0 6.13482e-06 5.80935e-05 0.000258576 0.000731088 0.00146254 0.00227163 0.00299704 0.0035967 0.00408804 0.00448756 0.0047976 0.00501311 0.00512914 0.00514487 0.00506492 0.00489887 0.00465974 0.00436143 0.00401537 0.00362681 0.00319261 0.00270436 0.00216091 0.00158755 0.00104407 0.000601717 0.000300635 0.000130306 4.94317e-05 1.66112e-05 5.00052e-06 1.35943e-06 3.35062e-07 7.47861e-08 1.49954e-08 2.64917e-09 3.952e-10 4.49391e-11 2.78262e-12 0 
0 1.95489e-05 0.00018038 0.000731088 0.00176053 0.00294937 0.00400588 0.00492186 0.00575894 0.00652691 0.00719898 0.00774093 0.00812484 0.008334 0.00836406 0.00822262 0.00792768 0.00750535 0.0069871 0.00640646 0.00579477 0.00517511 0.00455347 0.00391051 0.00320731 0.00242393 0.00161684 0.00091826 0.000436938 0.000175148 6.02493e-05 1.81609e-05 4.87726e-06 1.17863e-06 2.56969e-07 5.0255e-08 8.658e-09 1.26032e-09 1.39994e-10 8.47868e-12 0 
0 4.81267e-05 0.000416313 0.00146254 0.00294937 0.00435647 0.00564545 0.00692408 0.00818967 0.00938007 0.0104262 0.0112693 0.011866 0.0121914 0.0122393 0.0120214 0.011565 0.0109099 0.0101037 0.00919812 0.00824505 0.0072924 0.00637905 0.00552477 0.00471249 0.00387639 0.00294194 0.00194003 0.00105657 0.000466575 0.00016951 5.22066e-05 1.40232e-05 3.34873e-06 7.16982e-07 1.37308e-07 2.31429e-08 3.2963e-09 3.58532e-10 2.12856e-11 0 
0 9.64874e-05 0.000758562 0.00227163 0.00400588 0.00564545 0.00734625 0.00913042 0.0109104 0.0125815 0.0140471 0.0152267 0.0160611 0.016516 0.0165833 0.0162793 0.015642 0.014726 0.0135972 0.0123266 0.0109853 0.00963919 0.00834619 0.00715211 0.0060814 0.00511328 0.00415435 0.00308482 0.00193808 0.000971314 0.000384396 0.000123728 3.37208e-05 8.02888e-06 1.69832e-06 3.19911e-07 5.29407e-08 7.40061e-09 7.90325e-10 4.61054e-11 0 
0 0.000163757 0.00115224 0.00299704 0.00492186 0.00692408 0.00913042 0.0114607 0.0137809 0.0159558 0.0178616 0.0193944 0.0204782 0.0210688 0.0211558 0.0207605 0.019932 0.0187412 0.017273 0.0156191 0.0138706 0.012112 0.0104169 0.00884505 0.00744049 0.00622098 0.00514515 0.00407572 0.00286951 0.00163859 0.000721067 0.00024754 6.94362e-05 1.66358e-05 3.49792e-06 6.51056e-07 1.06175e-07 1.46132e-08 1.53653e-09 8.83026e-11 0 
0 0.000243192 0.00153366 0.0035967 0.00575894 0.00818967 0.0109104 0.0137809 0.0166356 0.0193097 0.0216517 0.0235345 0.0248651 0.0255897 0.0256953 0.0252083 0.0241892 0.0227249 0.0209196 0.0188853 0.0167333 0.0145667 0.0124745 0.0105288 0.00878329 0.00727196 0.00599269 0.00485752 0.00367068 0.00233988 0.00114924 0.000426273 0.000124505 3.02605e-05 6.36057e-06 1.17481e-06 1.89479e-07 2.57567e-08 2.674e-09 1.51772e-10 0 
0 0.000325096 0.00186251 0.00408804 0.00652691 0.00938007 0.0125815 0.0159558 0.0193097 0.0224502 0.0251995 0.0274091 0.0289707 0.0298208 0.029943 0.0293679 0.0281682 0.0264467 0.0243256 0.0219355 0.0194067 0.0168593 0.0143973 0.0121039 0.0100409 0.00824894 0.00674333 0.00548024 0.00429035 0.00295933 0.0016032 0.000644261 0.000197253 4.89199e-05 1.03259e-05 1.89965e-06 3.03996e-07 4.09335e-08 4.20733e-09 2.3644e-10 0 
0 0.000400255 0.00212404 0.00448756 0.00719898 0.0104262 0.0140471 0.0178616 0.0216517 0.0251995 0.0283046 0.030801 0.0325663 0.0335269 0.0336625 0.0330078 0.031646 0.0296961 0.0272972 0.0245958 0.0217377 0.0188581 0.0160737 0.0134779 0.0111392 0.00910234 0.00738919 0.00598067 0.00474936 0.0034439 0.0020162 0.000871791 0.000279962 7.10419e-05 1.51031e-05 2.77545e-06 4.41913e-07 5.9101e-08 6.02955e-09 3.363e-10 0 
0 0.000461854 0.0023173 0.0047976 0.00774093 0.0112693 0.0152267 0.0193944 0.0235345 0.0274091 0.030801 0.033528 0.0354512 0.0364901 0.0366326 0.0359193 0.0344325 0.0322986 0.0296738 0.0267213 0.0235991 0.0204535 0.0174113 0.014574 0.0120155 0.00978364 0.00790266 0.00636515 0.00507597 0.00378888 0.00234474 0.00107626 0.000360667 9.35774e-05 2.00603e-05 3.68953e-06 5.85824e-07 7.80009e-08 7.91727e-09 4.39274e-10 0 
0 0.000505783 0.00244569 0.00501311 0.00812484 0.011866 0.0160611 0.0204782 0.0248651 0.0289707 0.0325663 0.0354512 0.037466 0.038537 0.0386776 0.0379359 0.0363794 0.0341239 0.0313386 0.0282069 0.024898 0.0215655 0.0183425 0.0153362 0.0126242 0.0102562 0.0082577 0.00662615 0.00528614 0.00400751 0.00257055 0.00123182 0.000426713 0.000112781 2.43666e-05 4.49006e-06 7.12213e-07 9.46063e-08 9.57478e-09 5.29602e-10 0 
0 0.000530146 0.00251304 0.00512914 0.008334 0.0121914 0.016516 0.0210688 0.0255897 0.0298208 0.0335269 0.0364901 0.038537 0.0396091 0.0397429 0.0389919 0.0374096 0.0350958 0.0322236 0.0289925 0.0255819 0.0221485 0.0188287 0.0157321 0.0129385 0.0104985 0.00843774 0.00675561 0.00538672 0.00411398 0.00269123 0.00132323 0.00046818 0.000125316 2.72387e-05 5.03073e-06 7.9829e-07 1.05989e-07 1.07177e-08 5.92253e-10 0 
0 0.000534645 0.00252291 0.00514487 0.00836406 0.0122393 0.0165833 0.0211558 0.0256953 0.029943 0.0336625 0.0366326 0.0386776 0.0397429 0.03987 0.0391136 0.0375247 0.0351999 0.0323124 0.0290653 0.0256397 0.0221928 0.0188611 0.0157542 0.0129519 0.0105045 0.00843759 0.00675074 0.00538157 0.00411875 0.00271132 0.00134522 0.000479939 0.000129215 2.81889e-05 5.21834e-06 8.29428e-07 1.10272e-07 1.11645e-08 6.17708e-10 0 
0 0.00052012 0.00247877 0.00506492 0.00822262 0.0120214 0.0162793 0.0207605 0.0252083 0.0293679 0.0330078 0.0359193 0.0379359 0.0389919 0.0391136 0.0383529 0.0367709 0.0344761 0.031641 0.0284576 0.0251001 0.0217227 0.0184596 0.0154181 0.0126761 0.0102827 0.00826287 0.00661529 0.00527481 0.00402855 0.00263756 0.0013005 0.000462238 0.000124368 2.71708e-05 5.04269e-06 8.03985e-07 1.0725e-07 1.08973e-08 6.0517e-10 0 
0 0.000488308 0.00238405 0.00489887 0.00792768 0.011565 0.015642 0.019932 0.0241892 0.0281682 0.031646 0.0344325 0.0363794 0.0374096 0.0375247 0.0367709 0.0352249 0.03301 0.0302911 0.027242 0.0240258 0.0207915 0.0176683 0.0147592 0.0121385 0.00985353 0.00792793 0.00635832 0.00507112 0.00384733 0.00247808 0.00119838 0.000420207 0.00011245 2.45769e-05 4.57761e-06 7.33618e-07 9.84521e-08 1.00683e-08 5.62931e-10 0 
0 0.00044177 0.00224202 0.00465974 0.00750535 0.0109099 0.014726 0.0187412 0.0227249 0.0264467 0.0296961 0.0322986 0.0341239 0.0350958 0.0351999 0.0344761 0.03301 0.0309273 0.0283786 0.0255205 0.0225055 0.0194749 0.0165502 0.0138279 0.0113782 0.0092457 0.00745263 0.0059912 0.00477397 0.00357731 0.00224422 0.00105424 0.000362673 9.63969e-05 2.1104e-05 3.95555e-06 6.39395e-07 8.66488e-08 8.95357e-09 5.05976e-10 0 
0 0.000383902 0.00205562 0.00436143 0.0069871 0.0101037 0.0135972 0.017273 0.0209196 0.0243256 0.0272972 0.0296738 0.0313386 0.0322236 0.0323124 0.031641 0.0302911 0.0283786 0.0260385 0.0234136 0.020645 0.0178631 0.0151798 0.0126841 0.0104409 0.00849227 0.00685822 0.00552339 0.00438333 0.00322179 0.00195437 0.000889007 0.000300477 7.96495e-05 1.75574e-05 3.32971e-06 5.45833e-07 7.50854e-08 7.87781e-09 4.51954e-10 0 
0 0.000318924 0.00182801 0.00401537 0.00640646 0.00919812 0.0123266 0.0156191 0.0188853 0.0219355 0.0245958 0.0267213 0.0282069 0.0289925 0.0290653 0.0284576 0.027242 0.0255205 0.0234136 0.0210501 0.0185574 0.0160527 0.013637 0.011391 0.00937433 0.00762591 0.00616251 0.004958 0.00389584 0.00279163 0.00163776 0.000727441 0.000244538 6.54305e-05 1.46738e-05 2.83998e-06 4.7541e-07 6.67463e-08 7.13924e-09 4.16962e-10 0 
0 0.000251712 0.00156423 0.00362681 0.00579477 0.00824505 0.0109853 0.0138706 0.0167333 0.0194067 0.0217377 0.0235991 0.024898 0.0255819 0.0256397 0.0251001 0.0240258 0.0225055 0.020645 0.0185574 0.0163544 0.0141391 0.0120005 0.0100107 0.00822361 0.00667478 0.00537552 0.00429069 0.00331261 0.00231511 0.00133453 0.000594372 0.000204102 5.62785e-05 1.30202e-05 2.59301e-06 4.45051e-07 6.38307e-08 6.95066e-09 4.1199e-10 0 
0 0.000187367 0.001274 0.00319261 0.00517511 0.0072924 0.00963919 0.012112 0.0145667 0.0168593 0.0188581 0.0204535 0.0215655 0.0221485 0.0221928 0.0217227 0.0207915 0.0194749 0.0178631 0.0160527 0.0141391 0.0122103 0.0103429 0.00859977 0.00702859 0.00566022 0.00450151 0.00352373 0.00266062 0.00184361 0.00108651 0.000508916 0.000185483 5.38896e-05 1.29679e-05 2.65475e-06 4.64219e-07 6.7398e-08 7.39481e-09 4.40123e-10 0 
0 0.000130491 0.000974345 0.00270436 0.00455347 0.00637905 0.00834619 0.0104169 0.0124745 0.0143973 0.0160737 0.0174113 0.0183425 0.0188287 0.0188611 0.0184596 0.0176683 0.0165502 0.0151798 0.013637 0.0120005 0.0103429 0.00872774 0.00720764 0.00582409 0.00460748 0.00357603 0.00272904 0.00203675 0.00144637 0.000917496 0.00047637 0.000190709 5.89936e-05 1.46685e-05 3.04155e-06 5.32669e-07 7.6992e-08 8.38349e-09 4.94373e-10 0 
0 8.43469e-05 0.000689365 0.00216091 0.00391051 0.00552477 0.00715211 0.00884505 0.0105288 0.0121039 0.0134779 0.014574 0.0153362 0.0157321 0.0157542 0.0154181 0.0147592 0.0138279 0.0126841 0.011391 0.0100107 0.00859977 0.00720764 0.00587758 0.00465705 0.00361599 0.00282424 0.00225548 0.0017757 0.00130053 0.000860268 0.000489015 0.000216195 7.09373e-05 1.79387e-05 3.69419e-06 6.3629e-07 9.01804e-08 9.62632e-09 5.56948e-10 0 
0 5.02272e-05 0.000444731 0.00158755 0.00320731 0.00471249 0.0060814 0.00744049 0.00878329 0.0100409 0.0111392 0.0120155 0.0126242 0.0129385 0.0129519 0.0126761 0.0121385 0.0113782 0.0104409 0.00937433 0.00822361 0.00702859 0.00582409 0.00465705 0.00364807 0.00304272 0.0030141 0.00326165 0.00310115 0.00227757 0.00128625 0.000617783 0.000263674 8.80663e-05 2.21379e-05 4.44567e-06 7.43363e-07 1.02404e-07 1.06518e-08 6.02136e-10 0 
0 2.73889e-05 0.000258541 0.00104407 0.00242393 0.00387639 0.00511328 0.00622098 0.00727196 0.00824894 0.00910234 0.00978364 0.0102562 0.0104985 0.0105045 0.0102827 0.00985353 0.0092457 0.00849227 0.00762591 0.00667478 0.00566022 0.00460748 0.00361599 0.00304272 0.00357948 0.00564339 0.00814255 0.00867904 0.00641108 0.00326325 0.00120421 0.000381095 0.000111434 2.63646e-05 5.03582e-06 8.08922e-07 1.07967e-07 1.09392e-08 6.04612e-10 0 
0 1.36202e-05 0.00013444 0.000601717 0.00161684 0.00294194 0.00415435 0.00514515 0.00599269 0.00674333 0.00738919 0.00790266 0.0082577 0.00843774 0.00843759 0.00826287 0.00792793 0.00745263 0.00685822 0.00616251 0.00537552 0.00450151 0.00357603 0.00282424 0.0030141 0.00564339 0.0117125 0.0190706 0.0216496 0.0151704 0.00753033 0.00254915 0.000639292 0.000144905 2.96953e-05 5.19933e-06 7.92832e-07 1.02535e-07 1.01574e-08 5.51241e-10 0 
0 6.16406e-06 6.23811e-05 0.000300635 0.00091826 0.00194003 0.00308482 0.00407572 0.00485752 0.00548024 0.00598067 0.00636515 0.00662615 0.00675561 0.00675074 0.00661529 0.00635832 0.0059912 0.00552339 0.004958 0.00429069 0.00352373 0.00272904 0.00225548 0.00326165 0.00814255 0.0190706 0.0301944 0.0319588 0.0257248 0.0123681 0.00408607 0.000941867 0.000176961 3.0492e-05 4.761e-06 6.83096e-07 8.58824e-08 8.3751e-09 4.49344e-10 0 
0 2.53814e-06 2.58783e-05 0.000130306 0.000436938 0.00105657 0.00193808 0.00286951 0.00367068 0.00429035 0.00474936 0.00507597 0.00528614 0.00538672 0.00538157 0.00527481 0.00507112 0.00477397 0.00438333 0.00389584 0.00331261 0.00266062 0.00203675 0.0017757 0.00310115 0.00867904 0.0216496 0.0319588 0.0332289 0.0286971 0.0139046 0.00450019 0.00101205 0.00017473 2.65084e-05 3.72904e-06 5.06753e-07 6.25109e-08 6.05847e-09 3.24109e-10 0 
0 9.51843e-07 9.64174e-06 4.94317e-05 0.000175148 0.000466575 0.000971314 0.00163859 0.00233988 0.00295933 0.0034439 0.00378888 0.00400751 0.00411398 0.00411875 0.00402855 0.00384733 0.00357731 0.00322179 0.00279163 0.00231511 0.00184361 0.00144637 0.00130053 0.00227757 0.00641108 0.0151704 0.0257248 0.0286971 0.0207724 0.0101276 0.00333395 0.000749108 0.000126782 1.80906e-05 2.40045e-06 3.17994e-07 3.91577e-08 3.81675e-09 2.05523e-10 0 
0 3.25602e-07 3.24383e-06 1.66112e-05 6.02493e-05 0.00016951 0.000384396 0.000721067 0.00114924 0.0016032 0.0020162 0.00234474 0.00257055 0.00269123 0.00271132 0.00263756 0.00247808 0.00224422 0.00195437 0.00163776 0.00133453 0.00108651 0.000917496 0.000860268 0.00128625 0.00326325 0.00753033 0.0123681 0.0139046 0.0101276 0.00500519 0.0016562 0.00037927 6.54058e-05 9.29695e-06 1.23899e-06 1.67193e-07 2.10193e-08 2.08685e-09 1.14182e-10 0 
0 1.01734e-07 9.90159e-07 5.00052e-06 1.81609e-05 5.22066e-05 0.000123728 0.00024754 0.000426273 0.000644261 0.000871791 0.00107626 0.00123182 0.00132323 0.00134522 0.0013005 0.00119838 0.00105424 0.000889007 0.000727441 0.000594372 0.000508916 0.00047637 0.000489015 0.000617783 0.00120421 0.00254915 0.00408607 0.00450019 0.00333395 0.0016562 0.000558754 0.000133644 2.4092e-05 3.60146e-06 5.14788e-07 7.38885e-08 9.67906e-09 9.89948e-10 5.55094e-11 0 
0 2.90446e-08 2.7505e-07 1.35943e-06 4.87726e-06 1.40232e-05 3.37208e-05 6.94362e-05 0.000124505 0.000197253 0.000279962 0.000360667 0.000426713 0.00046818 0.000479939 0.000462238 0.000420207 0.000362673 0.000300477 0.000244538 0.000204102 0.000185483 0.000190709 0.000216195 0.000263674 0.000381095 0.000639292 0.000941867 0.00101205 0.000749108 0.00037927 0.000133644 3.38855e-05 6.57308e-06 1.0975e-06 1.77459e-07 2.78053e-08 3.84106e-09 4.08042e-10 2.36124e-11 0 
0 7.56538e-09 6.95599e-08 3.35062e-07 1.17863e-06 3.34873e-06 8.02888e-06 1.66358e-05 3.02605e-05 4.89199e-05 7.10419e-05 9.35774e-05 0.000112781 0.000125316 0.000129215 0.000124368 0.00011245 9.63969e-05 7.96495e-05 6.54305e-05 5.62785e-05 5.38896e-05 5.89936e-05 7.09373e-05 8.80663e-05 0.000111434 0.000144905 0.000176961 0.00017473 0.000126782 6.54058e-05 2.4092e-05 6.57308e-06 1.44063e-06 2.82775e-07 5.27011e-08 9.03183e-09 1.31988e-09 1.46362e-10 8.78616e-12 0 
0 1.78936e-09 1.59612e-08 7.47861e-08 2.56969e-07 7.16982e-07 1.69832e-06 3.49792e-06 6.36057e-06 1.03259e-05 1.51031e-05 2.00603e-05 2.43666e-05 2.72387e-05 2.81889e-05 2.71708e-05 2.45769e-05 2.1104e-05 1.75574e-05 1.46738e-05 1.30202e-05 1.29679e-05 1.46685e-05 1.79387e-05 2.21379e-05 2.63646e-05 2.96953e-05 3.0492e-05 2.65084e-05 1.80906e-05 9.29695e-06 3.60146e-06 1.0975e-06 2.82775e-07 6.54848e-08 1.37722e-08 2.54855e-09 3.93405e-10 4.56581e-11 2.8532e-12 0 
0 3.80329e-10 3.29172e-09 1.49954e-08 5.0255e-08 1.37308e-07 3.19911e-07 6.51056e-07 1.17481e-06 1.89965e-06 2.77545e-06 3.68953e-06 4.49006e-06 5.03073e-06 5.21834e-06 5.04269e-06 4.57761e-06 3.95555e-06 3.32971e-06 2.83998e-06 2.59301e-06 2.65475e-06 3.04155e-06 3.69419e-06 4.44567e-06 5.03582e-06 5.19933e-06 4.761e-06 3.72904e-06 2.40045e-06 1.23899e-06 5.14788e-07 1.77459e-07 5.27011e-08 1.37722e-08 3.15805e-09 6.22649e-10 1.0129e-10 1.23164e-11 8.02763e-13 0 
0 7.11418e-11 5.97875e-10 2.64917e-09 8.658e-09 2.31429e-08 5.29407e-08 1.06175e-07 1.89479e-07 3.03996e-07 4.41913e-07 5.85824e-07 7.12213e-07 7.9829e-07 8.29428e-07 8.03985e-07 7.33618e-07 6.39395e-07 5.45833e-07 4.7541e-07 4.45051e-07 4.64219e-07 5.32669e-07 6.3629e-07 7.43363e-07 8.08922e-07 7.92832e-07 6.83096e-07 5.06753e-07 3.17994e-07 1.67193e-07 7.38885e-08 2.78053e-08 9.03183e-09 2.54855e-09 6.22649e-10 1.29726e-10 2.21921e-11 2.8268e-12 1.923e-13 0 
0 1.1213e-11 9.16072e-11 3.952e-10 1.26032e-09 3.2963e-09 7.40061e-09 1.46132e-08 2.57567e-08 4.09335e-08 5.9101e-08 7.80009e-08 9.46063e-08 1.05989e-07 1.10272e-07 1.0725e-07 9.84521e-08 8.66488e-08 7.50854e-08 6.67463e-08 6.38307e-08 6.7398e-08 7.6992e-08 9.01804e-08 1.02404e-07 1.07967e-07 1.02535e-07 8.58824e-08 6.25109e-08 3.91577e-08 2.10193e-08 9.67906e-09 3.84106e-09 1.31988e-09 3.93405e-10 1.0129e-10 2.21921e-11 3.98316e-12 5.3092e-13 3.76836e-14 0 
0 1.34356e-12 1.06853e-11 4.49391e-11 1.39994e-10 3.58532e-10 7.90325e-10 1.53653e-09 2.674e-09 4.20733e-09 6.02955e-09 7.91727e-09 9.57478e-09 1.07177e-08 1.11645e-08 1.08973e-08 1.00683e-08 8.95357e-09 7.87781e-09 7.13924e-09 6.95066e-09 7.39481e-09 8.38349e-09 9.62632e-09 1.06518e-08 1.09392e-08 1.01574e-08 8.3751e-09 6.05847e-09 3.81675e-09 2.08685e-09 9.89948e-10 4.08042e-10 1.46362e-10 4.56581e-11 1.23164e-11 2.8268e-12 5.3092e-13 7.39207e-14 5.46853e-15 0 
0 8.74019e-14 6.77685e-13 2.78262e-12 8.47868e-12 2.12856e-11 4.61054e-11 8.83026e-11 1.51772e-10 2.3644e-10 3.363e-10 4.39274e-10 5.29602e-10 5.92253e-10 6.17708e-10 6.0517e-10 5.62931e-10 5.05976e-10 4.51954e-10 4.16962e-10 4.1199e-10 4.40123e-10 4.94373e-10 5.56948e-10 6.02136e-10 6.04612e-10 5.51241e-10 4.49344e-10 3.24109e-10 2.05523e-10 1.14182e-10 5.55094e-11 2.36124e-11 8.78616e-12 2.8532e-12 8.02763e-13 1.923e-13 3.76836e-14 5.46853e-15 4.21e-16 0 
0 0 0 0 0 0 0 0 0 0 0 0 0 0 0 0 0 0 0 0 0 0 0 0 0 0 0 0 0 0 0 0 0 0 0 0 0 0 0 0 0 
