0 0 0 0 0 0 0 0 0 0 0 0 0 0 0 0 0 0 0 0 0 0 0 0 0 0 0 0 0 0 0 0 0 0 0 0 0 0 0 0 0 
0 1.43019e-07 1.29961e-06 5.95043e-06 1.90334e-05 4.70915e-05 9.49512e-05 0.000162089 0.000242022 0.000325043 0.000401692 0.000464814 0.000509991 0.00053512 0.0005398 0.000524874 0.000492165 0.000444389 0.000385144 0.00031887 0.000250643 0.000185691 0.000128646 8.26847e-05 4.89497e-05 2.65365e-05 1.31221e-05 5.90752e-06 2.42095e-06 9.04072e-07 3.08125e-07 9.59693e-08 2.73252e-08 7.10138e-09 1.67643e-09 3.55763e-10 6.64599e-11 1.04639e-11 1.25268e-12 8.1431e-14 0 
0 1.29961e-06 1.22152e-05 5.65408e-05 0.000176708 0.000411335 0.00075653 0.0011593 0.0015544 0.00189821 0.00217325 0.00237713 0.0025128 0.00258409 0.00259471 0.00254829 0.00244846 0.00229869 0.00210226 0.00186291 0.00158667 0.00128469 0.000975609 0.000684749 0.000437976 0.000252418 0.00013018 5.99583e-05 2.47148e-05 9.15925e-06 3.06807e-06 9.3319e-07 2.58481e-07 6.52181e-08 1.49369e-08 3.07585e-09 5.57989e-10 8.54127e-11 9.95494e-12 6.30969e-13 0 
0 5.95043e-06 5.65408e-05 0.000253497 0.00072478 0.00146894 0.00230859 0.0030719 0.00370577 0.00422393 0.00464339 0.00496772 0.00519265 0.00531363 0.00533008 0.00524687 0.00507385 0.00482428 0.00451212 0.00414861 0.00373859 0.00327866 0.00276133 0.00218874 0.00159165 0.00103462 0.000589173 0.000291112 0.000124988 4.70574e-05 1.57218e-05 4.71209e-06 1.27679e-06 3.13901e-07 6.9928e-08 1.40005e-08 2.47056e-09 3.68226e-10 4.18426e-11 2.58947e-12 0 
0 1.90334e-05 0.000176708 0.00072478 0.00177306 0.00301263 0.00412772 0.00509162 0.00596605 0.00676468 0.00746228 0.00802441 0.00842251 0.00863938 0.00867055 0.00852391 0.00821809 0.00778014 0.00724255 0.00663979 0.00600372 0.005357 0.0047039 0.00402282 0.00327511 0.00244782 0.00161 0.00090074 0.00042273 0.000167569 5.71648e-05 1.71296e-05 4.58129e-06 1.10386e-06 2.40162e-07 4.68956e-08 8.07006e-09 1.17374e-09 1.30294e-10 7.88735e-12 0 
0 4.70915e-05 0.000411335 0.00146894 0.00301263 0.00449506 0.00584622 0.00717653 0.0084896 0.00972385 0.0108084 0.0116823 0.012301 0.0126383 0.0126879 0.012462 0.011989 0.0113098 0.010474 0.00953522 0.00854707 0.0075589 0.00661008 0.00571875 0.00486343 0.00397403 0.0029811 0.0019346 0.00103534 0.000450113 0.000161588 4.93561e-05 1.31849e-05 3.13711e-06 6.70032e-07 1.28101e-07 2.15656e-08 3.06905e-09 3.33612e-10 1.97973e-11 0 
0 9.49512e-05 0.00075653 0.00230859 0.00412772 0.00584622 0.00761463 0.00946501 0.0113103 0.0130427 0.014562 0.0157848 0.0166498 0.0171215 0.0171912 0.016876 0.0162153 0.0152658 0.0140956 0.0127785 0.011388 0.00999248 0.00865186 0.00741288 0.00629853 0.0052821 0.0042624 0.00312419 0.00192738 0.00094752 0.000368982 0.000117414 3.17637e-05 7.52772e-06 1.58761e-06 2.98482e-07 4.93312e-08 6.89003e-09 7.35353e-10 4.288e-11 0 
0 0.000162089 0.0011593 0.0030719 0.00509162 0.00717653 0.00946501 0.0118808 0.014286 0.0165407 0.0185163 0.0201053 0.0212288 0.0218411 0.0219313 0.0215215 0.0206627 0.0194282 0.0179062 0.0161917 0.0143791 0.012556 0.0107987 0.0091691 0.00771208 0.0064432 0.00531281 0.00417358 0.00289274 0.00161823 0.000698159 0.000236104 6.55819e-05 1.56185e-05 3.27211e-06 6.07658e-07 9.89552e-08 1.36068e-08 1.4298e-09 8.21335e-11 0 
0 0.000242022 0.0015544 0.00370577 0.00596605 0.0084896 0.0113103 0.014286 0.0172454 0.0200175 0.0224453 0.0243972 0.0257765 0.0265276 0.026637 0.0261322 0.0250758 0.0235579 0.0216864 0.0195775 0.0173467 0.0151007 0.0129318 0.0109147 0.00910505 0.00753692 0.00620385 0.00500567 0.0037388 0.00233758 0.00112314 0.00040901 0.000117986 2.84604e-05 5.95571e-06 1.09712e-06 1.76661e-07 2.39895e-08 2.48887e-09 1.412e-10 0 
0 0.000325043 0.00189821 0.00422393 0.00676468 0.00972385 0.0130427 0.0165407 0.0200175 0.0232731 0.0261231 0.0284137 0.030032 0.0309126 0.0310391 0.0304434 0.0292003 0.0274161 0.0252173 0.0227396 0.020118 0.0174773 0.014925 0.0125476 0.0104089 0.00855088 0.00698717 0.00566496 0.00439958 0.00298429 0.0015807 0.000622022 0.00018761 4.61032e-05 9.67985e-06 1.77531e-06 2.83576e-07 3.81404e-08 3.9174e-09 2.20041e-10 0 
0 0.000401692 0.00217325 0.00464339 0.00746228 0.0108084 0.014562 0.0185163 0.0224453 0.0261231 0.0293419 0.0319288 0.0337571 0.0347514 0.0348916 0.0342139 0.0328039 0.030784 0.0282977 0.0254974 0.0225345 0.0195494 0.0166629 0.013972 0.0115475 0.00943586 0.00765865 0.00619102 0.00488983 0.00349684 0.00200289 0.000846613 0.000267246 6.70915e-05 1.41757e-05 2.59589e-06 4.12476e-07 5.50953e-08 5.6165e-09 3.13103e-10 0 
0 0.000464814 0.00237713 0.00496772 0.00802441 0.0116823 0.0157848 0.0201053 0.0243972 0.0284137 0.0319288 0.0347538 0.0367465 0.037824 0.0379718 0.0372315 0.0356906 0.0334802 0.0307608 0.0277007 0.0244641 0.0212032 0.0180496 0.0151083 0.012456 0.0101422 0.00819167 0.00659318 0.00523781 0.00386484 0.00234276 0.00105032 0.000345408 8.85467e-05 1.88512e-05 3.45371e-06 5.47154e-07 7.27546e-08 7.37866e-09 4.09173e-10 0 
0 0.000509991 0.0025128 0.00519265 0.00842251 0.012301 0.0166498 0.0212288 0.0257765 0.030032 0.0337571 0.0367465 0.0388395 0.0399567 0.0401038 0.0393294 0.03771 0.0353709 0.0324856 0.0292404 0.0258107 0.022356 0.0190149 0.0158984 0.0130869 0.0106321 0.00856001 0.00686547 0.00546119 0.00409942 0.00257864 0.00120658 0.000409725 0.000106895 2.2923e-05 4.20648e-06 6.65647e-07 8.82969e-08 8.9286e-09 4.93596e-10 0 
0 0.00053512 0.00258409 0.00531363 0.00863938 0.0126383 0.0171215 0.0218411 0.0265276 0.0309126 0.0347514 0.037824 0.0399567 0.0410805 0.0412216 0.0404337 0.0387814 0.0363778 0.0334019 0.0300546 0.0265196 0.0229604 0.0195188 0.0163088 0.0134128 0.0108833 0.00874675 0.00700043 0.00556827 0.00421468 0.00270598 0.00129915 0.000450348 0.000118925 2.5649e-05 4.71666e-06 7.46625e-07 9.89888e-08 1.00013e-08 5.52382e-10 0 
0 0.0005398 0.00259471 0.00533008 0.00867055 0.0126879 0.0171912 0.0219313 0.026637 0.0310391 0.0348916 0.0379718 0.0401038 0.0412216 0.0413558 0.0405617 0.0389014 0.0364855 0.0334937 0.0301299 0.0265795 0.0230063 0.0195525 0.0163317 0.0134266 0.0108896 0.00874662 0.00699559 0.00556382 0.00422155 0.00272847 0.00132207 0.000462098 0.00012273 2.65647e-05 4.89637e-06 7.76369e-07 1.03075e-07 1.04276e-08 5.76678e-10 0 
0 0.000524874 0.00254829 0.00524687 0.00852391 0.012462 0.016876 0.0215215 0.0261322 0.0304434 0.0342139 0.0372315 0.0393294 0.0404337 0.0405617 0.0397657 0.0381169 0.0357353 0.0327983 0.0295002 0.0260201 0.022519 0.0191362 0.0159833 0.0131407 0.0106597 0.00856546 0.00685496 0.00545249 0.00412743 0.00265301 0.00127786 0.00044515 0.00011819 2.56249e-05 4.73591e-06 7.5334e-07 1.00367e-07 1.01912e-08 5.65787e-10 0 
0 0.000492165 0.00244846 0.00507385 0.00821809 0.011989 0.0162153 0.0206627 0.0250758 0.0292003 0.0328039 0.0356906 0.03771 0.0387814 0.0389014 0.0381169 0.0365118 0.0342166 0.0314002 0.0282404 0.0249064 0.0215536 0.018316 0.0153002 0.0125834 0.0102147 0.00821814 0.00658789 0.0052392 0.00393693 0.00248864 0.00117621 0.000404574 0.000106918 2.32017e-05 4.30486e-06 6.88508e-07 9.23047e-08 9.43572e-09 5.27539e-10 0 
0 0.000444389 0.00229869 0.00482428 0.00778014 0.0113098 0.0152658 0.0194282 0.0235579 0.0274161 0.030784 0.0334802 0.0353709 0.0363778 0.0364855 0.0357353 0.0342166 0.0320594 0.0294185 0.0264559 0.0233305 0.0201888 0.0171568 0.0143348 0.0117953 0.00958456 0.00772517 0.00620599 0.00492756 0.0036533 0.0022484 0.00103313 0.000349113 9.17415e-05 1.99578e-05 3.72844e-06 6.01741e-07 8.14981e-08 8.42136e-09 4.76079e-10 0 
0 0.000385144 0.00210226 0.00451212 0.00724255 0.010474 0.0140956 0.0179062 0.0216864 0.0252173 0.0282977 0.0307608 0.0324856 0.0334019 0.0334937 0.0327983 0.0314002 0.0294185 0.0269929 0.0242718 0.0214018 0.0185179 0.0157362 0.013149 0.0108237 0.00880345 0.00710847 0.00571888 0.00451789 0.00328172 0.00195289 0.000870197 0.000289457 7.59764e-05 1.66603e-05 3.15187e-06 5.16238e-07 7.10181e-08 7.45551e-09 4.28123e-10 0 
0 0.00031887 0.00186291 0.00414861 0.00663979 0.00953522 0.0127785 0.0161917 0.0195775 0.0227396 0.0254974 0.0277007 0.0292404 0.0300546 0.0301299 0.0295002 0.0282404 0.0264559 0.0242718 0.0218217 0.0192376 0.0166412 0.0141369 0.0118086 0.00971793 0.00790517 0.00638631 0.00512974 0.00400808 0.00283621 0.00163374 0.000712474 0.00023629 6.27249e-05 1.40134e-05 2.70851e-06 4.53409e-07 6.37065e-08 6.82213e-09 3.98992e-10 0 
0 0.000250643 0.00158667 0.00373859 0.00600372 0.00854707 0.011388 0.0143791 0.0173467 0.020118 0.0225345 0.0244641 0.0258107 0.0265196 0.0265795 0.0260201 0.0249064 0.0233305 0.0214018 0.0192376 0.0169539 0.0146573 0.0124404 0.0103776 0.00852497 0.00691877 0.00556897 0.00443498 0.00340228 0.00234917 0.00133265 0.000584611 0.000198611 5.44428e-05 1.25649e-05 2.50128e-06 4.29578e-07 6.16816e-08 6.72568e-09 3.99212e-10 0 
0 0.000185691 0.00128469 0.00327866 0.005357 0.0075589 0.00999248 0.012556 0.0151007 0.0174773 0.0195494 0.0212032 0.022356 0.0229604 0.0230063 0.022519 0.0215536 0.0201888 0.0185179 0.0166412 0.0146573 0.0126578 0.010722 0.00891497 0.00728595 0.00586628 0.0046614 0.00363951 0.00273228 0.00187493 0.00109139 0.000505224 0.000182588 5.28013e-05 1.26821e-05 2.59551e-06 4.54093e-07 6.59841e-08 7.24662e-09 4.31713e-10 0 
0 0.000128646 0.000975609 0.00276133 0.0047039 0.00661008 0.00865186 0.0107987 0.0129318 0.014925 0.0166629 0.0180496 0.0190149 0.0195188 0.0195525 0.0191362 0.018316 0.0171568 0.0157362 0.0141369 0.0124404 0.010722 0.00904764 0.00747167 0.00603685 0.00477419 0.00370231 0.00282062 0.00209834 0.00148158 0.000931837 0.000479181 0.000190303 5.85692e-05 1.4526e-05 3.00913e-06 5.26924e-07 7.61804e-08 8.29831e-09 4.8955e-10 0 
0 8.26847e-05 0.000684749 0.00218874 0.00402282 0.00571875 0.00741288 0.0091691 0.0109147 0.0125476 0.013972 0.0151083 0.0158984 0.0163088 0.0163317 0.0159833 0.0153002 0.0143348 0.013149 0.0118086 0.0103776 0.00891497 0.00747167 0.00609247 0.00482649 0.00374669 0.00292585 0.0023363 0.00183848 0.00134431 0.000885116 0.000498884 0.00021849 7.11886e-05 1.793e-05 3.68528e-06 6.34253e-07 8.98679e-08 9.59258e-09 5.55019e-10 0 
0 4.89497e-05 0.000437976 0.00159165 0.00327511 0.00486343 0.00629853 0.00771208 0.00910505 0.0104089 0.0115475 0.012456 0.0130869 0.0134128 0.0134266 0.0131407 0.0125834 0.0117953 0.0108237 0.00971793 0.00852497 0.00728595 0.00603685 0.00482649 0.00378058 0.0031537 0.00312446 0.00338117 0.00321479 0.00236095 0.0013327 0.000637793 0.000269653 8.91689e-05 2.2273e-05 4.45859e-06 7.44479e-07 1.02496e-07 1.06584e-08 6.02421e-10 0 
0 2.65365e-05 0.000252418 0.00103462 0.00244782 0.00397403 0.0052821 0.0064432 0.00753692 0.00855088 0.00943586 0.0101422 0.0106321 0.0108833 0.0108896 0.0106597 0.0102147 0.00958456 0.00880345 0.00790517 0.00691877 0.00586628 0.00477419 0.00374669 0.0031537 0.00371066 0.00585025 0.00844101 0.00899686 0.00664608 0.00338286 0.00124804 0.000393389 0.000113802 2.66731e-05 5.0691e-06 8.12502e-07 1.08349e-07 1.09736e-08 6.06368e-10 0 
0 1.31221e-05 0.00013018 0.000589173 0.00161 0.0029811 0.0042624 0.00531281 0.00620385 0.00698717 0.00765865 0.00819167 0.00856001 0.00874675 0.00874662 0.00856546 0.00821814 0.00772517 0.00710847 0.00638631 0.00556897 0.0046614 0.00370231 0.00292585 0.00312446 0.00585025 0.0121418 0.0196832 0.022286 0.0157183 0.00780636 0.00264258 0.000662207 0.000149031 3.02031e-05 5.24965e-06 7.97902e-07 1.03067e-07 1.02051e-08 5.53682e-10 0 
0 5.90752e-06 5.99583e-05 0.000291112 0.00090074 0.0019346 0.00312419 0.00417358 0.00500567 0.00566496 0.00619102 0.00659318 0.00686547 0.00700043 0.00699559 0.00685496 0.00658789 0.00620599 0.00571888 0.00512974 0.00443498 0.00363951 0.00282062 0.0023363 0.00338117 0.00844101 0.0196832 0.0313904 0.0333813 0.0265709 0.0128112 0.00423584 0.000976228 0.000182684 3.11494e-05 4.81985e-06 6.88448e-07 8.64182e-08 8.4227e-09 4.51775e-10 0 
0 2.42095e-06 2.47148e-05 0.000124988 0.00042273 0.00103534 0.00192738 0.00289274 0.0037388 0.00439958 0.00488983 0.00523781 0.00546119 0.00556827 0.00556382 0.00545249 0.0052392 0.00492756 0.00451789 0.00400808 0.00340228 0.00273228 0.00209834 0.00183848 0.00321479 0.00899686 0.022286 0.0333813 0.0347959 0.0297293 0.0143552 0.00466514 0.00104905 0.000180604 2.71483e-05 3.78237e-06 5.11233e-07 6.29429e-08 6.09673e-09 3.2607e-10 0 
0 9.04072e-07 9.15925e-06 4.70574e-05 0.000167569 0.000450113 0.00094752 0.00161823 0.00233758 0.00298429 0.00349684 0.00386484 0.00409942 0.00421468 0.00422155 0.00412743 0.00393693 0.0036533 0.00328172 0.00283621 0.00234917 0.00187493 0.00148158 0.00134431 0.00236095 0.00664608 0.0157183 0.0265709 0.0297293 0.0214704 0.0104987 0.00345616 0.000776439 0.000131018 1.85376e-05 2.43662e-06 3.2096e-07 3.94435e-08 3.84239e-09 2.06854e-10 0 
0 3.08125e-07 3.06807e-06 1.57218e-05 5.71648e-05 0.000161588 0.000368982 0.000698159 0.00112314 0.0015807 0.00200289 0.00234276 0.00257864 0.00270598 0.00272847 0.00265301 0.00248864 0.0022484 0.00195289 0.00163374 0.00133265 0.00109139 0.000931837 0.000885116 0.0013327 0.00338286 0.00780636 0.0128112 0.0143552 0.0104987 0.00518866 0.00171689 0.000392944 6.74954e-05 9.51543e-06 1.25701e-06 1.68743e-07 2.11762e-08 2.10138e-09 1.14954e-10 0 
0 9.59693e-08 9.3319e-07 4.71209e-06 1.71296e-05 4.93561e-05 0.000117414 0.000236104 0.00040901 0.000622022 0.000846613 0.00105032 0.00120658 0.00129915 0.00132207 0.00127786 0.00117621 0.00103313 0.000870197 0.000712474 0.000584611 0.000505224 0.000479181 0.000498884 0.000637793 0.00124804 0.00264258 0.00423584 0.00466514 0.00345616 0.00171689 0.000579089 0.000138248 2.47904e-05 3.67613e-06 5.21459e-07 7.454e-08 9.75153e-09 9.96993e-10 5.58955e-11 0 
0 2.73252e-08 2.58481e-07 1.27679e-06 4.58129e-06 1.31849e-05 3.17637e-05 6.55819e-05 0.000117986 0.00018761 0.000267246 0.000345408 0.000409725 0.000450348 0.000462098 0.00044515 0.000404574 0.000349113 0.000289457 0.00023629 0.000198611 0.000182588 0.000190303 0.00021849 0.000269653 0.000393389 0.000662207 0.000976228 0.00104905 0.000776439 0.000392944 0.000138248 3.49231e-05 6.73305e-06 1.11592e-06 1.79395e-07 2.80347e-08 3.86967e-09 4.10983e-10 2.37797e-11 0 
0 7.10138e-09 6.52181e-08 3.13901e-07 1.10386e-06 3.13711e-06 7.52772e-06 1.56185e-05 2.84604e-05 4.61032e-05 6.70915e-05 8.85467e-05 0.000106895 0.000118925 0.00012273 0.00011819 0.000106918 9.17415e-05 7.59764e-05 6.27249e-05 5.44428e-05 5.28013e-05 5.85692e-05 7.11886e-05 8.91689e-05 0.000113802 0.000149031 0.000182684 0.000180604 0.000131018 6.74954e-05 2.47904e-05 6.73305e-06 1.46703e-06 2.86343e-07 5.31832e-08 9.10235e-09 1.32966e-09 1.47425e-10 8.84917e-12 0 
0 1.67643e-09 1.49369e-08 6.9928e-08 2.40162e-07 6.70032e-07 1.58761e-06 3.27211e-06 5.95571e-06 9.67985e-06 1.41757e-05 1.88512e-05 2.2923e-05 2.5649e-05 2.65647e-05 2.56249e-05 2.32017e-05 1.99578e-05 1.66603e-05 1.40134e-05 1.25649e-05 1.26821e-05 1.4526e-05 1.793e-05 2.2273e-05 2.66731e-05 3.02031e-05 3.11494e-05 2.71483e-05 1.85376e-05 9.51543e-06 3.67613e-06 1.11592e-06 2.86343e-07 6.61119e-08 1.38836e-08 2.56782e-09 3.96311e-10 4.59914e-11 2.87382e-12 0 
0 3.55763e-10 3.07585e-09 1.40005e-08 4.68956e-08 1.28101e-07 2.98482e-07 6.07658e-07 1.09712e-06 1.77531e-06 2.59589e-06 3.45371e-06 4.20648e-06 4.71666e-06 4.89637e-06 4.73591e-06 4.30486e-06 3.72844e-06 3.15187e-06 2.70851e-06 2.50128e-06 2.59551e-06 3.00913e-06 3.68528e-06 4.45859e-06 5.0691e-06 5.24965e-06 4.81985e-06 3.78237e-06 2.43662e-06 1.25701e-06 5.21459e-07 1.79395e-07 5.31832e-08 1.38836e-08 3.18214e-09 6.27288e-10 1.02037e-10 1.24065e-11 8.08593e-13 0 
0 6.64599e-11 5.57989e-10 2.47056e-09 8.07006e-09 2.15656e-08 4.93312e-08 9.89552e-08 1.76661e-07 2.83576e-07 4.12476e-07 5.47154e-07 6.65647e-07 7.46625e-07 7.76369e-07 7.5334e-07 6.88508e-07 6.01741e-07 5.16238e-07 4.53409e-07 4.29578e-07 4.54093e-07 5.26924e-07 6.34253e-07 7.44479e-07 8.12502e-07 7.97902e-07 6.88448e-07 5.11233e-07 3.2096e-07 1.68743e-07 7.454e-08 2.80347e-08 9.10235e-09 2.56782e-09 6.27288e-10 1.30685e-10 2.23554e-11 2.84749e-12 1.937e-13 0 
0 1.04639e-11 8.54127e-11 3.68226e-10 1.17374e-09 3.06905e-09 6.89003e-09 1.36068e-08 2.39895e-08 3.81404e-08 5.50953e-08 7.27546e-08 8.82969e-08 9.89888e-08 1.03075e-07 1.00367e-07 9.23047e-08 8.14981e-08 7.10181e-08 6.37065e-08 6.16816e-08 6.59841e-08 7.61804e-08 8.98679e-08 1.02496e-07 1.08349e-07 1.03067e-07 8.64182e-08 6.29429e-08 3.94435e-08 2.11762e-08 9.75153e-09 3.86967e-09 1.32966e-09 3.96311e-10 1.02037e-10 2.23554e-11 4.0124e-12 5.34805e-13 3.79583e-14 0 
0 1.25268e-12 9.95494e-12 4.18426e-11 1.30294e-10 3.33612e-10 7.35353e-10 1.4298e-09 2.48887e-09 3.9174e-09 5.6165e-09 7.37866e-09 8.9286e-09 1.00013e-08 1.04276e-08 1.01912e-08 9.43572e-09 8.42136e-09 7.45551e-09 6.82213e-09 6.72568e-09 7.24662e-09 8.29831e-09 9.59258e-09 1.06584e-08 1.09736e-08 1.02051e-08 8.4227e-09 6.09673e-09 3.84239e-09 2.10138e-09 9.96993e-10 4.10983e-10 1.47425e-10 4.59914e-11 1.24065e-11 2.84749e-12 5.34805e-13 7.44607e-14 5.50838e-15 0 
0 8.1431e-14 6.30969e-13 2.58947e-12 7.88735e-12 1.97973e-11 4.288e-11 8.21335e-11 1.412e-10 2.20041e-10 3.13103e-10 4.09173e-10 4.93596e-10 5.52382e-10 5.76678e-10 5.65787e-10 5.27539e-10 4.76079e-10 4.28123e-10 3.98992e-10 3.99212e-10 4.31713e-10 4.8955e-10 5.55019e-10 6.02421e-10 6.06368e-10 5.53682e-10 4.51775e-10 3.2607e-10 2.06854e-10 1.14954e-10 5.58955e-11 2.37797e-11 8.84917e-12 2.87382e-12 8.08593e-13 1.937e-13 3.79583e-14 5.50838e-15 4.24064e-16 0 
0 0 0 0 0 0 0 0 0 0 0 0 0 0 0 0 0 0 0 0 0 0 0 0 0 0 0 0 0 0 0 0 0 0 0 0 0 0 0 0 0 
