0 0 0 0 0 0 0 0 0 0 0 0 0 0 0 0 0 0 0 0 0 0 0 0 0 0 0 0 0 0 0 0 0 0 0 0 0 0 0 0 0 
0 1.56652e-07 1.3547e-06 5.62466e-06 1.55271e-05 3.19669e-05 5.28545e-05 7.45028e-05 9.38901e-05 0.000109574 0.000121345 0.000129575 0.000134767 0.00013735 0.000137623 0.000135765 0.000131851 0.000125878 0.000117797 0.000107577 9.52936e-05 8.12493e-05 6.60635e-05 5.06862e-05 3.62757e-05 2.39369e-05 1.4405e-05 7.83497e-06 3.82774e-06 1.67448e-06 6.55646e-07 2.30063e-07 7.24535e-08 2.04838e-08 5.18445e-09 1.1649e-09 2.27984e-10 3.72759e-11 4.6008e-12 3.0655e-13 0 
0 1.3547e-06 1.17355e-05 4.5863e-05 0.00011083 0.000189433 0.000256406 0.000302446 0.000332351 0.00035324 0.000369251 0.00038168 0.000390421 0.000395044 0.000395331 0.000391463 0.000384002 0.000373749 0.000361498 0.00034768 0.000331955 0.000312888 0.000288019 0.000254715 0.0002119 0.000161969 0.000111187 6.72895e-05 3.54918e-05 1.62605e-05 6.49317e-06 2.27636e-06 7.06079e-07 1.94851e-07 4.7896e-08 1.04274e-08 1.97619e-09 3.13067e-10 3.74863e-11 2.42709e-12 0 
0 5.62466e-06 4.5863e-05 0.000152284 0.00028835 0.000387307 0.000445814 0.000491613 0.000538854 0.000587673 0.00063355 0.000671977 0.000699707 0.000714871 0.000716869 0.000706226 0.000684426 0.000653748 0.000617091 0.000577789 0.000539327 0.000504777 0.000475668 0.000450208 0.000421661 0.000379137 0.00031369 0.000228262 0.000140878 7.24032e-05 3.10165e-05 1.12326e-05 3.50252e-06 9.55012e-07 2.29667e-07 4.86749e-08 8.9627e-09 1.37928e-09 1.60571e-10 1.01226e-11 0 
0 1.55271e-05 0.00011083 0.00028835 0.000428309 0.000513019 0.000596601 0.000695689 0.000802353 0.000906023 0.000998373 0.00107325 0.00112638 0.00115535 0.00115951 0.00113992 0.00109907 0.00104064 0.00096908 0.000889365 0.000806701 0.000726442 0.000654052 0.000594646 0.00055103 0.000519309 0.000484015 0.000421061 0.0003179 0.000195994 9.6004e-05 3.76695e-05 1.21784e-05 3.34266e-06 7.95336e-07 1.65267e-07 2.97129e-08 4.4585e-09 5.06198e-10 3.11538e-11 0 
0 3.19669e-05 0.000189433 0.000387307 0.000513019 0.000635719 0.000789164 0.000960931 0.00113544 0.00130032 0.00144532 0.00156218 0.0016449 0.00169 0.00169664 0.00166643 0.00160318 0.00151236 0.0014006 0.0012751 0.00114308 0.00101148 0.000886769 0.000775184 0.000683101 0.00061608 0.000573601 0.000538877 0.000475647 0.000356807 0.0002095 9.35998e-05 3.25576e-05 9.20893e-06 2.19869e-06 4.51917e-07 7.98083e-08 1.17294e-08 1.30346e-09 7.85596e-11 0 
0 5.28545e-05 0.000256406 0.000445814 0.000596601 0.000789164 0.00101903 0.00126574 0.00151243 0.00174409 0.00194725 0.00211077 0.0022265 0.00228969 0.00229905 0.00225681 0.00216836 0.00204136 0.00188487 0.00170875 0.00152281 0.00133623 0.00115714 0.000992512 0.000848611 0.000731883 0.000648777 0.000599381 0.000561879 0.000486702 0.000343146 0.000180232 6.97991e-05 2.08527e-05 5.0733e-06 1.04134e-06 1.81809e-07 2.62973e-08 2.87153e-09 1.70043e-10 0 
0 7.45028e-05 0.000302446 0.000491613 0.000695689 0.000960931 0.00126574 0.00158871 0.00191034 0.00221185 0.00247629 0.00269152 0.00285309 0.00295161 0.00296801 0.00290049 0.00277057 0.00259926 0.00239455 0.00216517 0.00192278 0.001679 0.00144402 0.00122622 0.00103226 0.000867834 0.000739136 0.00065255 0.000604565 0.000559681 0.000454666 0.000281046 0.000123761 3.98715e-05 1.00274e-05 2.07439e-06 3.60291e-07 5.15304e-08 5.55025e-09 3.23992e-10 0 
0 9.38901e-05 0.000332351 0.000538854 0.000802353 0.00113544 0.00151243 0.00191034 0.00230608 0.00267751 0.003015 0.00334621 0.00362845 0.00378336 0.00380821 0.00371117 0.00349225 0.00319673 0.00290615 0.00261837 0.00231963 0.00201928 0.00172925 0.00145954 0.00121768 0.00100926 0.000839168 0.000713571 0.000637256 0.000594716 0.000526058 0.000372993 0.000187228 6.58415e-05 1.73033e-05 3.6352e-06 6.3152e-07 8.9691e-08 9.56302e-09 5.52018e-10 0 
0 0.000109574 0.00035324 0.000587673 0.000906023 0.00130032 0.00174409 0.00221185 0.00267751 0.00313149 0.00363708 0.00404687 0.00425154 0.00434121 0.00435485 0.00429959 0.00416111 0.00388865 0.00345824 0.00305048 0.00269074 0.00233709 0.00199579 0.00167788 0.00139191 0.00114377 0.000937581 0.000777937 0.000671148 0.0006144 0.000564558 0.00044234 0.000249632 9.59654e-05 2.64977e-05 5.6817e-06 9.913e-07 1.40291e-07 1.48534e-08 8.50255e-10 0 
0 0.000121345 0.000369251 0.00063355 0.000998373 0.00144532 0.00194725 0.00247629 0.003015 0.00363708 0.00416103 0.00441386 0.00454668 0.00460953 0.00461911 0.00457915 0.00448391 0.00431315 0.00400714 0.00349415 0.00302099 0.00261448 0.00222818 0.00186835 0.00154415 0.00126186 0.00102534 0.000837869 0.000704878 0.00062934 0.000583705 0.000487848 0.00030247 0.000126068 3.65509e-05 8.01353e-06 1.40757e-06 1.99011e-07 2.09762e-08 1.19367e-09 0 
0 0.000129575 0.00038168 0.000671977 0.00107325 0.00156218 0.00211077 0.00269152 0.00334621 0.00404687 0.00441386 0.00460492 0.00471238 0.00476474 0.00477261 0.00473866 0.00465952 0.00452344 0.00429951 0.00389829 0.00331838 0.00283806 0.00241366 0.00202029 0.00166563 0.00135626 0.00109594 0.000887142 0.000734059 0.00064165 0.000592932 0.00051462 0.000341721 0.000152113 4.60261e-05 1.03034e-05 1.82328e-06 2.57951e-07 2.71208e-08 1.53742e-09 0 
0 0.000134767 0.000390421 0.000699707 0.00112638 0.0016449 0.0022265 0.00285309 0.00362845 0.00425154 0.00454668 0.00471238 0.0048085 0.00485588 0.00486282 0.00483156 0.0047596 0.00463823 0.00444595 0.0041243 0.00356485 0.00300044 0.00254299 0.00212594 0.00174999 0.00142175 0.00114495 0.000921584 0.000754892 0.000650244 0.000596743 0.000528378 0.000366937 0.000171214 5.35141e-05 1.21815e-05 2.16995e-06 3.07426e-07 3.22884e-08 1.82645e-09 0 
0 0.00013735 0.000395044 0.000714871 0.00115535 0.00169 0.00228969 0.00295161 0.00378336 0.00434121 0.00460953 0.00476474 0.00485588 0.00490093 0.0049073 0.00487701 0.00480791 0.00469246 0.00451254 0.00422121 0.00370234 0.00309253 0.00261076 0.00218083 0.00179357 0.00145534 0.00116983 0.000938812 0.000764964 0.000653601 0.000596738 0.000533154 0.000379283 0.000181846 5.79666e-05 1.33368e-05 2.38687e-06 3.38663e-07 3.55682e-08 2.01052e-09 0 
0 0.000137623 0.000395331 0.000716869 0.00115951 0.00169664 0.00229905 0.00296801 0.00380821 0.00435485 0.00461911 0.00477261 0.00486282 0.0049073 0.00491327 0.00488276 0.00481364 0.00469853 0.00451977 0.00423203 0.00371945 0.00310164 0.00261536 0.0021839 0.00179542 0.00145617 0.00116979 0.000937963 0.000763207 0.000650754 0.00059326 0.000531058 0.000380068 0.00018358 5.88687e-05 1.35951e-05 2.43828e-06 3.46375e-07 3.64047e-08 2.05881e-09 0 
0 0.000135765 0.000391463 0.000706226 0.00113992 0.00166643 0.00225681 0.00290049 0.00371117 0.00429959 0.00457915 0.00473866 0.00483156 0.00487701 0.00488276 0.00485092 0.00477914 0.00465934 0.00447187 0.00416479 0.0036212 0.003028 0.00255939 0.0021373 0.00175719 0.00142543 0.0011456 0.000919432 0.000749649 0.00064143 0.000586142 0.000522591 0.00037009 0.00017676 5.62681e-05 1.29543e-05 2.32228e-06 3.30174e-07 3.47507e-08 1.96847e-09 0 
0 0.000131851 0.000384002 0.000684426 0.00109907 0.00160318 0.00216836 0.00277057 0.00349225 0.00416111 0.00448391 0.00465952 0.0047596 0.00480791 0.00481364 0.00477914 0.0047015 0.00457066 0.00436135 0.00400207 0.00341489 0.00288843 0.00244939 0.00204596 0.00168267 0.00136593 0.00109925 0.000884558 0.000725079 0.0006258 0.00057474 0.000506869 0.000349577 0.000162336 5.07109e-05 1.1572e-05 2.06928e-06 2.94416e-07 3.10552e-08 1.76409e-09 0 
0 0.000125878 0.000373749 0.000653748 0.00104064 0.00151236 0.00204136 0.00259926 0.00319673 0.00388865 0.00431315 0.00452344 0.00463823 0.00469246 0.00469853 0.00465934 0.00457066 0.00441796 0.00416201 0.00369927 0.00314559 0.00270098 0.00229425 0.00191686 0.00157728 0.00128169 0.00103356 0.000835212 0.0006906 0.000603886 0.000557407 0.00048169 0.000318579 0.000141863 4.3122e-05 9.71705e-06 1.73161e-06 2.46661e-07 2.61038e-08 1.48905e-09 0 
0 0.000117797 0.000361498 0.000617091 0.00096908 0.0014006 0.00188487 0.00239455 0.00290615 0.00345824 0.00400714 0.00429951 0.00444595 0.00451254 0.00451977 0.00447187 0.00436135 0.00416201 0.00379896 0.00329298 0.00286567 0.00247638 0.00210426 0.0017583 0.00144735 0.00117729 0.000951624 0.000773268 0.000646902 0.000574494 0.00053056 0.000443781 0.000277733 0.000117559 3.46408e-05 7.70222e-06 1.36876e-06 1.9546e-07 2.07861e-08 1.19266e-09 0 
0 0.000107577 0.00034768 0.000577789 0.000889365 0.0012751 0.00170875 0.00216517 0.00261837 0.00305048 0.00349415 0.00389829 0.0041243 0.00422121 0.00423203 0.00416479 0.00400207 0.00369927 0.00329298 0.00292322 0.00257279 0.00222528 0.0018904 0.00157906 0.00129951 0.00105732 0.000856209 0.000699842 0.00059301 0.000533466 0.000487802 0.000389941 0.000229322 9.2245e-05 2.64219e-05 5.8146e-06 1.03322e-06 1.48255e-07 1.58752e-08 9.17883e-10 0 
0 9.52936e-05 0.000331955 0.000539327 0.000806701 0.00114308 0.00152281 0.00192278 0.00231963 0.00269074 0.00302099 0.00331838 0.00356485 0.00370234 0.00371945 0.0036212 0.00341489 0.00314559 0.00286567 0.00257279 0.0022671 0.00195999 0.00166354 0.00138771 0.00114003 0.000925836 0.000749158 0.000614156 0.00052423 0.000471874 0.000420935 0.000319903 0.000178141 6.89942e-05 1.94262e-05 4.26268e-06 7.6082e-07 1.10001e-07 1.18823e-08 6.93137e-10 0 
0 8.12493e-05 0.000312888 0.000504777 0.000726442 0.00101148 0.00133623 0.001679 0.00201928 0.00233709 0.00261448 0.00283806 0.00300044 0.00309253 0.00310164 0.003028 0.00288843 0.00270098 0.00247638 0.00222528 0.00195999 0.00169262 0.00143376 0.00119215 0.000974535 0.000786077 0.00063092 0.00051249 0.000431485 0.000378984 0.000326822 0.000240494 0.000131184 5.04657e-05 1.42499e-05 3.14981e-06 5.67102e-07 8.27139e-08 9.00909e-09 5.29556e-10 0 
0 6.60635e-05 0.000288019 0.000475668 0.000654052 0.000886769 0.00115714 0.00144402 0.00172925 0.00199579 0.00222818 0.00241366 0.00254299 0.00261076 0.00261536 0.00255939 0.00244939 0.00229425 0.00210426 0.0018904 0.00166354 0.00143376 0.00120988 0.000999268 0.000808048 0.000641443 0.000503498 0.000395774 0.000317031 0.000263222 0.000221176 0.000166376 9.49944e-05 3.80686e-05 1.10364e-05 2.47509e-06 4.49044e-07 6.57726e-08 7.18222e-09 4.22863e-10 0 
0 5.06862e-05 0.000254715 0.000450208 0.000594646 0.000775184 0.000992512 0.00122622 0.00145954 0.00167788 0.00186835 0.00202029 0.00212594 0.00218083 0.0021839 0.0021373 0.00204596 0.00191686 0.0017583 0.00157906 0.00138771 0.00119215 0.000999268 0.000815299 0.000647099 0.000503986 0.000394787 0.000316278 0.000251454 0.000191666 0.000145801 0.000112045 7.13676e-05 3.13191e-05 9.48489e-06 2.15298e-06 3.89695e-07 5.6659e-08 6.1341e-09 3.58113e-10 0 
0 3.62757e-05 0.0002119 0.000421661 0.00055103 0.000683101 0.000848611 0.00103226 0.00121768 0.00139191 0.00154415 0.00166563 0.00174999 0.00179357 0.00179542 0.00175719 0.00168267 0.00157728 0.00144735 0.00129951 0.00114003 0.000974535 0.000808048 0.000647099 0.000507427 0.000422589 0.000418001 0.000452183 0.00042993 0.000315911 0.000180109 9.62516e-05 5.78809e-05 2.80452e-05 8.953e-06 2.04082e-06 3.63744e-07 5.18366e-08 5.5039e-09 3.15732e-10 0 
0 2.39369e-05 0.000161969 0.000379137 0.000519309 0.00061608 0.000731883 0.000867834 0.00100926 0.00114377 0.00126186 0.00135626 0.00142175 0.00145534 0.00145617 0.00142543 0.00136593 0.00128169 0.00117729 0.00105732 0.000925836 0.000786077 0.000641443 0.000503986 0.000422589 0.000496234 0.000782302 0.0013019 0.00157028 0.000898448 0.00045237 0.000167728 6.04481e-05 2.64046e-05 8.70374e-06 1.97599e-06 3.43921e-07 4.77259e-08 4.94582e-09 2.77771e-10 0 
0 1.4405e-05 0.000111187 0.00031369 0.000484015 0.000573601 0.000648777 0.000739136 0.000839168 0.000937581 0.00102534 0.00109594 0.00114495 0.00116983 0.00116979 0.0011456 0.00109925 0.00103356 0.000951624 0.000856209 0.000749158 0.00063092 0.000503498 0.000394787 0.000418001 0.000782302 0.00186786 0.00299456 0.0030793 0.00263948 0.00105293 0.00035339 9.04557e-05 2.68115e-05 8.2449e-06 1.82751e-06 3.09108e-07 4.17755e-08 4.23277e-09 2.33241e-10 0 
0 7.83497e-06 6.72895e-05 0.000228262 0.000421061 0.000538877 0.000599381 0.00065255 0.000713571 0.000777937 0.000837869 0.000887142 0.000921584 0.000938812 0.000937963 0.000919432 0.000884558 0.000835212 0.000773268 0.000699842 0.000614156 0.00051249 0.000395774 0.000316278 0.000452183 0.0013019 0.00299456 0.00331124 0.00334797 0.00317721 0.0022663 0.000566728 0.000131043 2.85416e-05 7.3657e-06 1.53999e-06 2.51955e-07 3.33097e-08 3.32081e-09 1.80637e-10 0 
0 3.82774e-06 3.54918e-05 0.000140878 0.0003179 0.000475647 0.000561879 0.000604565 0.000637256 0.000671148 0.000704878 0.000734059 0.000754892 0.000764964 0.000763207 0.000749649 0.000725079 0.0006906 0.000646902 0.00059301 0.00052423 0.000431485 0.000317031 0.000251454 0.00042993 0.00157028 0.0030793 0.00334797 0.00338433 0.00324965 0.00263759 0.000635422 0.000140566 2.69699e-05 5.91082e-06 1.14093e-06 1.80508e-07 2.35311e-08 2.32949e-09 1.26136e-10 0 
0 1.67448e-06 1.62605e-05 7.24032e-05 0.000195994 0.000356807 0.000486702 0.000559681 0.000594716 0.0006144 0.00062934 0.00064165 0.000650244 0.000653601 0.000650754 0.00064143 0.0006258 0.000603886 0.000574494 0.000533466 0.000471874 0.000378984 0.000263222 0.000191666 0.000315911 0.000898448 0.00263948 0.00317721 0.00324965 0.00303495 0.00165321 0.000462163 0.000104255 1.98209e-05 3.98471e-06 7.19408e-07 1.11337e-07 1.44858e-08 1.43955e-09 7.83234e-11 0 
0 6.55646e-07 6.49317e-06 3.10165e-05 9.6004e-05 0.0002095 0.000343146 0.000454666 0.000526058 0.000564558 0.000583705 0.000592932 0.000596743 0.000596738 0.00059326 0.000586142 0.00057474 0.000557407 0.00053056 0.000487802 0.000420935 0.000326822 0.000221176 0.000145801 0.000180109 0.00045237 0.00105293 0.0022663 0.00263759 0.00165321 0.000693832 0.000229624 5.35281e-05 1.09138e-05 2.14833e-06 3.77076e-07 5.84458e-08 7.70659e-09 7.77607e-10 4.29145e-11 0 
0 2.30063e-07 2.27636e-06 1.12326e-05 3.76695e-05 9.35998e-05 0.000180232 0.000281046 0.000372993 0.00044234 0.000487848 0.00051462 0.000528378 0.000533154 0.000531058 0.000522591 0.000506869 0.00048169 0.000443781 0.000389941 0.000319903 0.000240494 0.000166376 0.000112045 9.62516e-05 0.000167728 0.00035339 0.000566728 0.000635422 0.000462163 0.000229624 7.79891e-05 2.01061e-05 4.55643e-06 9.14559e-07 1.63422e-07 2.60629e-08 3.53582e-09 3.66075e-10 2.06696e-11 0 
0 7.24535e-08 7.06079e-07 3.50252e-06 1.21784e-05 3.25576e-05 6.97991e-05 0.000123761 0.000187228 0.000249632 0.00030247 0.000341721 0.000366937 0.000379283 0.000380068 0.00037009 0.000349577 0.000318579 0.000277733 0.000229322 0.000178141 0.000131184 9.49944e-05 7.13676e-05 5.78809e-05 6.04481e-05 9.04557e-05 0.000131043 0.000140566 0.000104255 5.35281e-05 2.01061e-05 6.00442e-06 1.48304e-06 3.14e-07 5.9309e-08 9.92872e-09 1.40166e-09 1.50165e-10 8.73718e-12 0 
0 2.04838e-08 1.94851e-07 9.55012e-07 3.34266e-06 9.20893e-06 2.08527e-05 3.98715e-05 6.58415e-05 9.59654e-05 0.000126068 0.000152113 0.000171214 0.000181846 0.00018358 0.00017676 0.000162336 0.000141863 0.000117559 9.2245e-05 6.89942e-05 5.04657e-05 3.80686e-05 3.13191e-05 2.80452e-05 2.64046e-05 2.68115e-05 2.85416e-05 2.69699e-05 1.98209e-05 1.09138e-05 4.55643e-06 1.48304e-06 3.9427e-07 9.04646e-08 1.83769e-08 3.25679e-09 4.8153e-10 5.36993e-11 3.23733e-12 0 
0 5.18445e-09 4.7896e-08 2.29667e-07 7.95336e-07 2.19869e-06 5.0733e-06 1.00274e-05 1.73033e-05 2.64977e-05 3.65509e-05 4.60261e-05 5.35141e-05 5.79666e-05 5.88687e-05 5.62681e-05 5.07109e-05 4.3122e-05 3.46408e-05 2.64219e-05 1.94262e-05 1.42499e-05 1.10364e-05 9.48489e-06 8.953e-06 8.70374e-06 8.2449e-06 7.3657e-06 5.91082e-06 3.98471e-06 2.14833e-06 9.14559e-07 3.14e-07 9.04646e-08 2.25861e-08 4.9253e-09 9.2427e-10 1.43524e-10 1.67207e-11 1.04834e-12 0 
0 1.1649e-09 1.04274e-08 4.86749e-08 1.65267e-07 4.51917e-07 1.04134e-06 2.07439e-06 3.6352e-06 5.6817e-06 8.01353e-06 1.03034e-05 1.21815e-05 1.33368e-05 1.35951e-05 1.29543e-05 1.1572e-05 9.71705e-06 7.70222e-06 5.8146e-06 4.26268e-06 3.14981e-06 2.47509e-06 2.15298e-06 2.04082e-06 1.97599e-06 1.82751e-06 1.53999e-06 1.14093e-06 7.19408e-07 3.77076e-07 1.63422e-07 5.9309e-08 1.83769e-08 4.9253e-09 1.14275e-09 2.26493e-10 3.69605e-11 4.50601e-12 2.9444e-13 0 
0 2.27984e-10 1.97619e-09 8.9627e-09 2.97129e-08 7.98083e-08 1.81809e-07 3.60291e-07 6.3152e-07 9.913e-07 1.40757e-06 1.82328e-06 2.16995e-06 2.38687e-06 2.43828e-06 2.32228e-06 2.06928e-06 1.73161e-06 1.36876e-06 1.03322e-06 7.6082e-07 5.67102e-07 4.49044e-07 3.89695e-07 3.63744e-07 3.43921e-07 3.09108e-07 2.51955e-07 1.80508e-07 1.11337e-07 5.84458e-08 2.60629e-08 9.92872e-09 3.25679e-09 9.2427e-10 2.26493e-10 4.72796e-11 8.10195e-12 1.03385e-12 7.04636e-14 0 
0 3.72759e-11 3.13067e-10 1.37928e-09 4.4585e-09 1.17294e-08 2.62973e-08 5.15304e-08 8.9691e-08 1.40291e-07 1.99011e-07 2.57951e-07 3.07426e-07 3.38663e-07 3.46375e-07 3.30174e-07 2.94416e-07 2.46661e-07 1.9546e-07 1.48255e-07 1.10001e-07 8.27139e-08 6.57726e-08 5.6659e-08 5.18366e-08 4.77259e-08 4.17755e-08 3.33097e-08 2.35311e-08 1.44858e-08 7.70659e-09 3.53582e-09 1.40166e-09 4.8153e-10 1.43524e-10 3.69605e-11 8.10195e-12 1.45539e-12 1.94207e-13 1.3803e-14 0 
0 4.6008e-12 3.74863e-11 1.60571e-10 5.06198e-10 1.30346e-09 2.87153e-09 5.55025e-09 9.56302e-09 1.48534e-08 2.09762e-08 2.71208e-08 3.22884e-08 3.55682e-08 3.64047e-08 3.47507e-08 3.10552e-08 2.61038e-08 2.07861e-08 1.58752e-08 1.18823e-08 9.00909e-09 7.18222e-09 6.1341e-09 5.5039e-09 4.94582e-09 4.23277e-09 3.32081e-09 2.32949e-09 1.43955e-09 7.77607e-10 3.66075e-10 1.50165e-10 5.36993e-11 1.67207e-11 4.50601e-12 1.03385e-12 1.94207e-13 2.70548e-14 2.00317e-15 0 
0 3.0655e-13 2.42709e-12 1.01226e-11 3.11538e-11 7.85596e-11 1.70043e-10 3.23992e-10 5.52018e-10 8.50255e-10 1.19367e-09 1.53742e-09 1.82645e-09 2.01052e-09 2.05881e-09 1.96847e-09 1.76409e-09 1.48905e-09 1.19266e-09 9.17883e-10 6.93137e-10 5.29556e-10 4.22863e-10 3.58113e-10 3.15732e-10 2.77771e-10 2.33241e-10 1.80637e-10 1.26136e-10 7.83234e-11 4.29145e-11 2.06696e-11 8.73718e-12 3.23733e-12 1.04834e-12 2.9444e-13 7.04636e-14 1.3803e-14 2.00317e-15 1.5428e-16 0 
0 0 0 0 0 0 0 0 0 0 0 0 0 0 0 0 0 0 0 0 0 0 0 0 0 0 0 0 0 0 0 0 0 0 0 0 0 0 0 0 0 
