0 0 0 0 0 0 0 0 0 0 0 0 0 0 0 0 0 0 0 0 0 0 0 0 0 0 0 0 0 0 0 0 0 0 0 0 0 0 0 0 0 
0 1.99907e-07 1.77522e-06 7.76391e-06 2.31498e-05 5.23586e-05 9.5569e-05 0.000147846 0.000201961 0.000251694 0.000293222 0.000324846 0.000346185 0.000357493 0.000359262 0.000352051 0.000336449 0.000313117 0.000282902 0.000246988 0.000207066 0.000165413 0.000124781 8.80227e-05 5.74892e-05 3.44442e-05 1.8788e-05 9.28091e-06 4.14078e-06 1.66797e-06 6.0729e-07 2.00178e-07 5.98012e-08 1.61806e-08 3.95005e-09 8.618e-10 1.64696e-10 2.64174e-11 3.21093e-12 2.11329e-13 0 
0 1.77522e-06 1.60786e-05 6.88182e-05 0.000190275 0.000380113 0.000596829 0.00079482 0.000954196 0.00107608 0.00116761 0.00123421 0.00127848 0.00130149 0.00130403 0.00128724 0.00125275 0.00120231 0.00113719 0.00105758 0.000962256 0.000849218 0.00071771 0.00057131 0.000420301 0.000280442 0.000167066 8.79614e-05 4.07874e-05 1.66945e-05 6.0668e-06 1.97065e-06 5.75352e-07 1.51404e-07 3.58591e-08 7.58411e-09 1.40537e-09 2.18785e-10 2.58443e-11 1.65573e-12 0 
0 7.76391e-06 6.88182e-05 0.000268112 0.000625922 0.00102197 0.00134726 0.00159949 0.00181268 0.0020037 0.00217142 0.00230785 0.00240508 0.00245799 0.002465 0.00242802 0.002352 0.00224427 0.00211366 0.00196931 0.00181886 0.00166594 0.00150715 0.00133074 0.00112127 0.000873217 0.000606568 0.000364688 0.000186639 8.12204e-05 3.03725e-05 9.90908e-06 2.85997e-06 7.37047e-07 1.70112e-07 3.49843e-08 6.30071e-09 9.53869e-10 1.09701e-10 6.85261e-12 0 
0 2.31498e-05 0.000190275 0.000625922 0.00117837 0.00163422 0.00201305 0.00238439 0.00275925 0.00311782 0.00343607 0.00369387 0.00387678 0.00397648 0.00399081 0.00392337 0.00378277 0.00358161 0.00333521 0.00306046 0.00277463 0.00249411 0.00223223 0.00199445 0.00177069 0.00153018 0.00123473 0.000880097 0.000526919 0.000258147 0.000103815 3.50283e-05 1.01752e-05 2.5961e-06 5.87922e-07 1.18124e-07 2.075e-08 3.06361e-09 3.43876e-10 2.09905e-11 0 
0 5.23586e-05 0.000380113 0.00102197 0.00163422 0.00215946 0.00271214 0.00330691 0.00390795 0.00447546 0.00497452 0.00537673 0.00566143 0.00581668 0.00583952 0.00573556 0.00551784 0.00520527 0.00482062 0.00438865 0.00393425 0.00348114 0.00305092 0.00266217 0.00232693 0.00204026 0.00176442 0.00143298 0.00101364 0.000582456 0.000263712 9.53519e-05 2.85273e-05 7.30755e-06 1.63798e-06 3.23407e-07 5.56515e-08 8.04113e-09 8.83501e-10 5.28358e-11 0 
0 9.5569e-05 0.000596829 0.00134726 0.00201305 0.00271214 0.00350708 0.00435642 0.00520552 0.00600283 0.00670208 0.00726485 0.00766295 0.00788004 0.00791214 0.00776709 0.007463 0.00702596 0.0064874 0.00588121 0.00524124 0.00459907 0.00398262 0.00341565 0.00291779 0.00250226 0.00216353 0.00185204 0.00147472 0.00099163 0.000519739 0.000208083 6.57186e-05 1.71686e-05 3.84618e-06 7.51088e-07 1.27209e-07 1.80561e-08 1.94818e-09 1.14464e-10 0 
0 0.000147846 0.00079482 0.00159949 0.00238439 0.00330691 0.00435642 0.00546805 0.00657506 0.00761275 0.008522 0.00925346 0.00977106 0.0100537 0.0100954 0.00990614 0.00951019 0.00894174 0.00824119 0.0074521 0.00661788 0.00577883 0.00497006 0.00422041 0.00355257 0.00298414 0.0025253 0.00216084 0.0018151 0.00137115 0.000829663 0.00037488 0.000127619 3.45134e-05 7.80199e-06 1.51659e-06 2.54008e-07 3.5553e-08 3.77928e-09 2.18786e-10 0 
0 0.000201961 0.000954196 0.00181268 0.00275925 0.00390795 0.00520552 0.00657506 0.00793707 0.00921296 0.010331 0.0112342 0.0118822 0.0122432 0.0122973 0.0120537 0.0115525 0.0108452 0.00998137 0.00901045 0.00798371 0.00694999 0.00595178 0.00502345 0.00419101 0.00347326 0.00288361 0.00242442 0.00205579 0.00165877 0.00112724 0.000574863 0.00021346 6.0451e-05 1.39022e-05 2.7053e-06 4.50018e-07 6.23372e-08 6.54904e-09 3.74611e-10 0 
0 0.000251694 0.00107608 0.0020037 0.00311782 0.00447546 0.00600283 0.00761275 0.00921296 0.0107123 0.0120343 0.0131277 0.0139384 0.014395 0.014464 0.0141576 0.0135236 0.0126483 0.0116122 0.0104663 0.00925921 0.00804381 0.00686913 0.00577494 0.00479072 0.00393657 0.00322579 0.00266568 0.00223999 0.00185842 0.00136824 0.000775237 0.000314215 9.37255e-05 2.20488e-05 4.3141e-06 7.15341e-07 9.83796e-08 1.02445e-08 5.8055e-10 0 
0 0.000293222 0.00116761 0.00217142 0.00343607 0.00497452 0.00670208 0.008522 0.010331 0.0120343 0.0135674 0.0148518 0.0157395 0.0161875 0.0162507 0.0159562 0.0152925 0.0142836 0.0130611 0.0117413 0.0103718 0.00899748 0.007669 0.00643051 0.00531468 0.00434309 0.00352868 0.00287894 0.00238858 0.00199524 0.00154241 0.000948406 0.000415794 0.000130552 3.14824e-05 6.20995e-06 1.02918e-06 1.40901e-07 1.45804e-08 8.20584e-10 0 
0 0.000324846 0.00123421 0.00230785 0.00369387 0.00537673 0.00726485 0.00925346 0.0112342 0.0131277 0.0148518 0.0161673 0.0169498 0.0173198 0.017369 0.0171218 0.0165506 0.0155903 0.0142641 0.0127775 0.0112629 0.0097588 0.0083072 0.00695348 0.00573279 0.00466799 0.00377188 0.00305107 0.00250427 0.00208792 0.00165803 0.00108007 0.000504338 0.00016562 4.08816e-05 8.13575e-06 1.34996e-06 1.84364e-07 1.90002e-08 1.0643e-09 0 
0 0.000346185 0.00127848 0.00240508 0.00387678 0.00566143 0.00766295 0.00977106 0.0118822 0.0139384 0.0157395 0.0169498 0.0176321 0.0179547 0.0179955 0.0177744 0.0172686 0.0164084 0.0151161 0.0135256 0.0118905 0.0102899 0.00875149 0.00731711 0.00602316 0.00489342 0.00394064 0.00317058 0.00258308 0.00214522 0.00172674 0.00116694 0.000569842 0.00019364 4.87087e-05 9.77052e-06 1.62441e-06 2.21643e-07 2.27914e-08 1.27314e-09 0 
0 0.000357493 0.00130149 0.00245799 0.00397648 0.00581668 0.00788004 0.0100537 0.0122432 0.014395 0.0161875 0.0173198 0.0179547 0.0182557 0.0182917 0.0180808 0.0176032 0.0167947 0.0155544 0.0139342 0.012226 0.0105689 0.00898345 0.00750602 0.00617314 0.00500901 0.00402631 0.00323024 0.0026208 0.00217018 0.00175725 0.00121112 0.000606973 0.000210645 5.36436e-05 1.08222e-05 1.80291e-06 2.4605e-07 2.5285e-08 1.41101e-09 0 
0 0.000359262 0.00130403 0.002465 0.00399081 0.00583952 0.00791214 0.0100954 0.0122973 0.014464 0.0162507 0.017369 0.0179955 0.0182917 0.0183253 0.0181138 0.0176381 0.016835 0.0156018 0.013977 0.012256 0.0105903 0.00899892 0.00751656 0.00617952 0.00501188 0.00402618 0.00322739 0.00261545 0.00216382 0.00175462 0.00121592 0.000614218 0.00021468 5.49346e-05 1.11144e-05 1.85474e-06 2.53399e-07 2.60608e-08 1.45525e-09 0 
0 0.000352051 0.00128724 0.00242802 0.00392337 0.00573556 0.00776709 0.00990614 0.0120537 0.0141576 0.0159562 0.0171218 0.0177744 0.0180808 0.0181138 0.0178923 0.0173951 0.0165554 0.0152815 0.0136661 0.011992 0.0103653 0.00880734 0.00735619 0.00604792 0.00490607 0.0039429 0.00316346 0.00256756 0.00212681 0.00172092 0.00118404 0.000592817 0.000205916 5.25602e-05 1.06345e-05 1.77708e-06 2.43265e-07 2.50739e-08 1.40338e-09 0 
0 0.000336449 0.00125275 0.002352 0.00378277 0.00551784 0.007463 0.00951019 0.0115525 0.0135236 0.0152925 0.0165506 0.0172686 0.0176032 0.0176381 0.0173951 0.0168493 0.0159307 0.0146015 0.0130474 0.0114704 0.00992031 0.00842981 0.00704182 0.00579145 0.0047013 0.00378335 0.00304298 0.00247952 0.00205941 0.00165575 0.00111733 0.000546202 0.000186422 4.71851e-05 9.52814e-06 1.59453e-06 2.18953e-07 2.26547e-08 1.27325e-09 0 
0 0.000313117 0.00120231 0.00224427 0.00358161 0.00520527 0.00702596 0.00894174 0.0108452 0.0126483 0.0142836 0.0155903 0.0164084 0.0167947 0.016835 0.0165554 0.0159307 0.0149234 0.013617 0.0121939 0.0107396 0.00929181 0.00789631 0.0065975 0.0054287 0.00441134 0.00355719 0.0028721 0.00235402 0.00196034 0.00155641 0.00101785 0.000479981 0.000159721 3.99556e-05 8.0488e-06 1.35035e-06 1.86323e-07 1.93926e-08 1.09685e-09 0 
0 0.000282902 0.00113719 0.00211366 0.00333521 0.00482062 0.0064874 0.00824119 0.00998137 0.0116122 0.0130611 0.0142641 0.0151161 0.0155544 0.0156018 0.0152815 0.0146015 0.013617 0.0124461 0.0111745 0.00985026 0.00852275 0.00724249 0.00605176 0.00498153 0.004052 0.00327494 0.00265666 0.00219163 0.00182481 0.00141866 0.000889915 0.000402085 0.000130169 3.22057e-05 6.48497e-06 1.09347e-06 1.52021e-07 1.59591e-08 9.10765e-10 0 
0 0.000246988 0.00105758 0.00196931 0.00306046 0.00438865 0.00588121 0.0074521 0.00901045 0.0104663 0.0117413 0.0127775 0.0135256 0.0139342 0.013977 0.0136661 0.0130474 0.0121939 0.0111745 0.0100436 0.008854 0.00765898 0.00650641 0.00543483 0.00447266 0.00363904 0.00294592 0.00239935 0.00198751 0.00164326 0.00123966 0.000742744 0.000322454 0.000102193 2.51636e-05 5.09162e-06 8.666e-07 1.21828e-07 1.29389e-08 7.46932e-10 0 
0 0.000207066 0.000962256 0.00181886 0.00277463 0.00393425 0.00524124 0.00661788 0.00798371 0.00925921 0.0103718 0.0112629 0.0118905 0.012226 0.012256 0.011992 0.0114704 0.0107396 0.00985026 0.008854 0.00780291 0.00674594 0.00572561 0.00477626 0.00392377 0.00318632 0.00257587 0.00209646 0.00172896 0.00140431 0.00102441 0.000592346 0.000251761 7.95086e-05 1.97356e-05 4.04575e-06 6.98563e-07 9.95996e-08 1.07184e-08 6.26233e-10 0 
0 0.000165413 0.000849218 0.00166594 0.00249411 0.00348114 0.00459907 0.00577883 0.00694999 0.00804381 0.00899748 0.0097588 0.0102899 0.0105689 0.0105903 0.0103653 0.00992031 0.00929181 0.00852275 0.00765898 0.00674594 0.00582568 0.00493476 0.00410315 0.00335409 0.00270469 0.00216585 0.0017384 0.00140299 0.00110927 0.000793894 0.000459443 0.000199005 6.45035e-05 1.64074e-05 3.43131e-06 6.0182e-07 8.68649e-08 9.43864e-09 5.55657e-10 0 
0 0.000124781 0.00071771 0.00150715 0.00223223 0.00305092 0.00398262 0.00497006 0.00595178 0.00686913 0.007669 0.0083072 0.00875149 0.00898345 0.00899892 0.00880734 0.00842981 0.00789631 0.00724249 0.00650641 0.00572561 0.00493476 0.00416418 0.00343925 0.00278078 0.00220564 0.00172532 0.00134141 0.00104263 0.000803964 0.00058518 0.000360278 0.000168211 5.78149e-05 1.52329e-05 3.24265e-06 5.73022e-07 8.28809e-08 8.99838e-09 5.28434e-10 0 
0 8.80227e-05 0.00057131 0.00133074 0.00199445 0.00266217 0.00341565 0.00422041 0.00502345 0.00577494 0.00643051 0.00695348 0.00731711 0.00750602 0.00751656 0.00735619 0.00704182 0.0065975 0.00605176 0.00543483 0.00477626 0.00410315 0.00343925 0.00280583 0.00222609 0.00173217 0.00135539 0.00108443 0.000858638 0.000642728 0.000455808 0.000298246 0.000155529 5.79939e-05 1.58268e-05 3.38789e-06 5.94042e-07 8.48488e-08 9.08666e-09 5.26459e-10 0 
0 5.74892e-05 0.000420301 0.00112127 0.00177069 0.00232693 0.00291779 0.00355257 0.00419101 0.00479072 0.00531468 0.00573279 0.00602316 0.00617314 0.00617952 0.00604792 0.00579145 0.0054287 0.00498153 0.00447266 0.00392377 0.00335409 0.00278078 0.00222609 0.00174498 0.00145376 0.00143854 0.0015563 0.00147971 0.00108712 0.000617395 0.000312711 0.00015626 6.19272e-05 1.73688e-05 3.68909e-06 6.33289e-07 8.83428e-08 9.25126e-09 5.25227e-10 0 
0 3.44442e-05 0.000280442 0.000873217 0.00153018 0.00204026 0.00250226 0.00298414 0.00347326 0.00393657 0.00434309 0.00466799 0.00489342 0.00500901 0.00501188 0.00490607 0.0047013 0.00441134 0.004052 0.00363904 0.00318632 0.00270469 0.00220564 0.00173217 0.00145376 0.00170792 0.00269254 0.00390551 0.00431022 0.00305884 0.00155697 0.000576174 0.000194018 6.81069e-05 1.88514e-05 3.91042e-06 6.51535e-07 8.83714e-08 9.02852e-09 5.01707e-10 0 
0 1.8788e-05 0.000167066 0.000606568 0.00123473 0.00176442 0.00216353 0.0025253 0.00288361 0.00322579 0.00352868 0.00377188 0.00394064 0.00402631 0.00402618 0.0039429 0.00378335 0.00355719 0.00327494 0.00294592 0.00257587 0.00216585 0.00172532 0.00135539 0.00143854 0.00269254 0.00561781 0.0101814 0.0113161 0.00782604 0.00359285 0.00121628 0.0003083 7.88515e-05 1.95165e-05 3.83972e-06 6.16157e-07 8.1297e-08 8.12687e-09 4.43505e-10 0 
0 9.28091e-06 8.79614e-05 0.000364688 0.000880097 0.00143298 0.00185204 0.00216084 0.00242442 0.00266568 0.00287894 0.00305107 0.00317058 0.00323024 0.00322739 0.00316346 0.00304298 0.0028721 0.00265666 0.00239935 0.00209646 0.0017384 0.00134141 0.00108443 0.0015563 0.00390551 0.0101814 0.012865 0.0131866 0.0121677 0.00653587 0.00194952 0.00045031 9.04406e-05 1.8705e-05 3.37522e-06 5.18124e-07 6.67645e-08 6.57331e-09 3.54558e-10 0 
0 4.14078e-06 4.07874e-05 0.000186639 0.000526919 0.00101364 0.00147472 0.0018151 0.00205579 0.00223999 0.00238858 0.00250427 0.00258308 0.0026208 0.00261545 0.00256756 0.00247952 0.00235402 0.00219163 0.00198751 0.00172896 0.00140299 0.00104263 0.000858638 0.00147971 0.00431022 0.0113161 0.0131866 0.0134277 0.0125888 0.0078269 0.00214713 0.000483404 8.75128e-05 1.56282e-05 2.56934e-06 3.78251e-07 4.80035e-08 4.6979e-09 2.52555e-10 0 
0 1.66797e-06 1.66945e-05 8.12204e-05 0.000258147 0.000582456 0.00099163 0.00137115 0.00165877 0.00185842 0.00199524 0.00208792 0.00214522 0.00217018 0.00216382 0.00212681 0.00205941 0.00196034 0.00182481 0.00164326 0.00140431 0.00110927 0.000803964 0.000642728 0.00108712 0.00305884 0.00782604 0.0121677 0.0125888 0.0108991 0.00490224 0.00159068 0.000358177 6.37958e-05 1.05883e-05 1.6361e-06 2.35508e-07 2.98568e-08 2.93706e-09 1.58837e-10 0 
0 6.0729e-07 6.0668e-06 3.03725e-05 0.000103815 0.000263712 0.000519739 0.000829663 0.00112724 0.00136824 0.00154241 0.00165803 0.00172674 0.00175725 0.00175462 0.00172092 0.00165575 0.00155641 0.00141866 0.00123966 0.00102441 0.000793894 0.00058518 0.000455808 0.000617395 0.00155697 0.00359285 0.00653587 0.0078269 0.00490224 0.00238804 0.000790279 0.000182542 3.38095e-05 5.55992e-06 8.5138e-07 1.23844e-07 1.59725e-08 1.59817e-09 8.77617e-11 0 
0 2.00178e-07 1.97065e-06 9.90908e-06 3.50283e-05 9.53519e-05 0.000208083 0.00037488 0.000574863 0.000775237 0.000948406 0.00108007 0.00116694 0.00121112 0.00121592 0.00118404 0.00111733 0.00101785 0.000889915 0.000742744 0.000592346 0.000459443 0.000360278 0.000298246 0.000312711 0.000576174 0.00121628 0.00194952 0.00214713 0.00159068 0.000790279 0.000267532 6.61112e-05 1.31361e-05 2.25385e-06 3.6194e-07 5.50476e-08 7.34766e-09 7.55879e-10 4.25079e-11 0 
0 5.98012e-08 5.75352e-07 2.85997e-06 1.01752e-05 2.85273e-05 6.57186e-05 0.000127619 0.00021346 0.000314215 0.000415794 0.000504338 0.000569842 0.000606973 0.000614218 0.000592817 0.000546202 0.000479981 0.000402085 0.000322454 0.000251761 0.000199005 0.000168211 0.000155529 0.00015626 0.000194018 0.0003083 0.00045031 0.000483404 0.000358177 0.000182542 6.61112e-05 1.79563e-05 3.88274e-06 7.29972e-07 1.28392e-07 2.08689e-08 2.91603e-09 3.10986e-10 1.80367e-11 0 
0 1.61806e-08 1.51404e-07 7.37047e-07 2.5961e-06 7.30755e-06 1.71686e-05 3.45134e-05 6.0451e-05 9.37255e-05 0.000130552 0.00016562 0.00019364 0.000210645 0.00021468 0.000205916 0.000186422 0.000159721 0.000130169 0.000102193 7.95086e-05 6.45035e-05 5.78149e-05 5.79939e-05 6.19272e-05 6.81069e-05 7.88515e-05 9.04406e-05 8.75128e-05 6.37958e-05 3.38095e-05 1.31361e-05 3.88274e-06 9.36263e-07 1.99754e-07 3.9056e-08 6.81805e-09 1.00227e-09 1.11419e-10 6.70016e-12 0 
0 3.95005e-09 3.58591e-08 1.70112e-07 5.87922e-07 1.63798e-06 3.84618e-06 7.80199e-06 1.39022e-05 2.20488e-05 3.14824e-05 4.08816e-05 4.87087e-05 5.36436e-05 5.49346e-05 5.25602e-05 4.71851e-05 3.99556e-05 3.22057e-05 2.51636e-05 1.97356e-05 1.64074e-05 1.52329e-05 1.58268e-05 1.73688e-05 1.88514e-05 1.95165e-05 1.8705e-05 1.56282e-05 1.05883e-05 5.55992e-06 2.25385e-06 7.29972e-07 1.99754e-07 4.82415e-08 1.03533e-08 1.93022e-09 2.98792e-10 3.47331e-11 2.17338e-12 0 
0 8.618e-10 7.58411e-09 3.49843e-08 1.18124e-07 3.23407e-07 7.51088e-07 1.51659e-06 2.7053e-06 4.3141e-06 6.20995e-06 8.13575e-06 9.77052e-06 1.08222e-05 1.11144e-05 1.06345e-05 9.52814e-06 8.0488e-06 6.48497e-06 5.09162e-06 4.04575e-06 3.43131e-06 3.24265e-06 3.38789e-06 3.68909e-06 3.91042e-06 3.83972e-06 3.37522e-06 2.56934e-06 1.6361e-06 8.5138e-07 3.6194e-07 1.28392e-07 3.9056e-08 1.03533e-08 2.38939e-09 4.72331e-10 7.69423e-11 9.36586e-12 6.11071e-13 0 
0 1.64696e-10 1.40537e-09 6.30071e-09 2.075e-08 5.56515e-08 1.27209e-07 2.54008e-07 4.50018e-07 7.15341e-07 1.02918e-06 1.34996e-06 1.62441e-06 1.80291e-06 1.85474e-06 1.77708e-06 1.59453e-06 1.35035e-06 1.09347e-06 8.666e-07 6.98563e-07 6.0182e-07 5.73022e-07 5.94042e-07 6.33289e-07 6.51535e-07 6.16157e-07 5.18124e-07 3.78251e-07 2.35508e-07 1.23844e-07 5.50476e-08 2.08689e-08 6.81805e-09 1.93022e-09 4.72331e-10 9.8495e-11 1.68615e-11 2.14933e-12 1.46324e-13 0 
0 2.64174e-11 2.18785e-10 9.53869e-10 3.06361e-09 8.04113e-09 1.80561e-08 3.5553e-08 6.23372e-08 9.83796e-08 1.40901e-07 1.84364e-07 2.21643e-07 2.4605e-07 2.53399e-07 2.43265e-07 2.18953e-07 1.86323e-07 1.52021e-07 1.21828e-07 9.95996e-08 8.68649e-08 8.28809e-08 8.48488e-08 8.83428e-08 8.83714e-08 8.1297e-08 6.67645e-08 4.80035e-08 2.98568e-08 1.59725e-08 7.34766e-09 2.91603e-09 1.00227e-09 2.98792e-10 7.69423e-11 1.68615e-11 3.02743e-12 4.03711e-13 2.86699e-14 0 
0 3.21093e-12 2.58443e-11 1.09701e-10 3.43876e-10 8.83501e-10 1.94818e-09 3.77928e-09 6.54904e-09 1.02445e-08 1.45804e-08 1.90002e-08 2.27914e-08 2.5285e-08 2.60608e-08 2.50739e-08 2.26547e-08 1.93926e-08 1.59591e-08 1.29389e-08 1.07184e-08 9.43864e-09 8.99838e-09 9.08666e-09 9.25126e-09 9.02852e-09 8.12687e-09 6.57331e-09 4.6979e-09 2.93706e-09 1.59817e-09 7.55879e-10 3.10986e-10 1.11419e-10 3.47331e-11 9.36586e-12 2.14933e-12 4.03711e-13 5.62218e-14 4.16061e-15 0 
0 2.11329e-13 1.65573e-12 6.85261e-12 2.09905e-11 5.28358e-11 1.14464e-10 2.18786e-10 3.74611e-10 5.8055e-10 8.20584e-10 1.0643e-09 1.27314e-09 1.41101e-09 1.45525e-09 1.40338e-09 1.27325e-09 1.09685e-09 9.10765e-10 7.46932e-10 6.26233e-10 5.55657e-10 5.28434e-10 5.26459e-10 5.25227e-10 5.01707e-10 4.43505e-10 3.54558e-10 2.52555e-10 1.58837e-10 8.77617e-11 4.25079e-11 1.80367e-11 6.70016e-12 2.17338e-12 6.11071e-13 1.46324e-13 2.86699e-14 4.16061e-15 3.20362e-16 0 
0 0 0 0 0 0 0 0 0 0 0 0 0 0 0 0 0 0 0 0 0 0 0 0 0 0 0 0 0 0 0 0 0 0 0 0 0 0 0 0 0 
