0 0 0 0 0 0 0 0 0 0 0 0 0 0 0 0 0 0 0 0 0 0 0 0 0 0 0 0 0 0 0 0 0 0 0 0 0 0 0 0 0 
0 1.10836e-07 1.01436e-06 4.71199e-06 1.54184e-05 3.93148e-05 8.20909e-05 0.00014531 0.000224528 0.000310699 0.000393419 0.000463681 0.000515161 0.000544333 0.000550057 0.000533117 0.000495868 0.000442014 0.000376417 0.000304814 0.000233323 0.000167678 0.000112324 6.96533e-05 3.97458e-05 2.07763e-05 9.92205e-06 4.32488e-06 1.72137e-06 6.26414e-07 2.08734e-07 6.37625e-08 1.78569e-08 4.57624e-09 1.06771e-09 2.24381e-10 4.15781e-11 6.50264e-12 7.74178e-13 5.00968e-14 0 
0 1.01436e-06 9.63488e-06 4.5651e-05 0.000148275 0.000363401 0.000708237 0.001148 0.00161531 0.00204827 0.00240983 0.00268497 0.00287091 0.00296995 0.00298614 0.00292423 0.00278931 0.00258699 0.00232393 0.0020094 0.00165767 0.0012902 0.000935355 0.000623448 0.000377708 0.000206292 0.000101169 4.45537e-05 1.76731e-05 6.34316e-06 2.06959e-06 6.1612e-07 1.67702e-07 4.17171e-08 9.44524e-09 1.92698e-09 3.4696e-10 5.27897e-11 6.12272e-12 3.86541e-13 0 
0 4.71199e-06 4.5651e-05 0.000213463 0.000652415 0.00143408 0.00243516 0.00343937 0.00431319 0.0050278 0.00559427 0.00602269 0.00631526 0.00647152 0.00649342 0.00638769 0.0061657 0.00584148 0.00542856 0.00493631 0.00436767 0.00372191 0.00300598 0.00225258 0.00152994 0.000922633 0.000487712 0.000225304 9.14433e-05 3.2929e-05 1.06321e-05 3.10502e-06 8.24872e-07 1.99743e-07 4.39782e-08 8.72523e-09 1.5288e-09 2.26601e-10 2.56377e-11 1.58116e-12 0 
0 1.54184e-05 0.000148275 0.000652415 0.00176 0.00328703 0.00480277 0.00611895 0.00726374 0.00827412 0.0091417 0.00983572 0.0103258 0.0105924 0.0106308 0.0104506 0.0100747 0.00953537 0.00887113 0.00812077 0.0073164 0.00647388 0.00558407 0.00461676 0.00355559 0.00245844 0.00147399 0.000750691 0.000324299 0.000120407 3.91461e-05 1.13358e-05 2.95922e-06 7.00758e-07 1.50545e-07 2.91235e-08 4.97702e-09 7.20105e-10 7.96208e-11 4.80521e-12 0 
0 3.93148e-05 0.000363401 0.00143408 0.00328703 0.00528528 0.00709063 0.00878006 0.0104061 0.0119232 0.013254 0.0143259 0.0150846 0.0154983 0.0155591 0.0152821 0.014702 0.0138691 0.0128439 0.0116919 0.0104774 0.00925674 0.00806659 0.00690599 0.00572097 0.00443392 0.00305634 0.00178175 0.000854712 0.000338617 0.000113459 3.30537e-05 8.55597e-06 1.99325e-06 4.19633e-07 7.9425e-08 1.32759e-08 1.87965e-09 2.03557e-10 1.2046e-11 0 
0 8.20909e-05 0.000708237 0.00243516 0.00480277 0.00709063 0.00932359 0.011605 0.0138696 0.0159942 0.0178574 0.0193569 0.0204176 0.020996 0.0210815 0.0206951 0.0198848 0.0187204 0.0172854 0.0156702 0.0139649 0.0122528 0.0106049 0.00906896 0.00764649 0.00626069 0.00477893 0.00318491 0.00174034 0.000759655 0.000269151 8.02356e-05 2.08132e-05 4.80308e-06 9.95773e-07 1.85104e-07 3.03593e-08 4.21791e-09 4.485e-10 2.60836e-11 0 
0 0.00014531 0.001148 0.00343937 0.00611895 0.00878006 0.011605 0.0145692 0.0175189 0.0202838 0.0227065 0.0246551 0.0260329 0.0267837 0.0268943 0.0263918 0.0253386 0.0238247 0.0219583 0.0198558 0.017633 0.0153974 0.013242 0.0112409 0.00943903 0.00782248 0.00627178 0.00460591 0.00285307 0.00139651 0.000534795 0.000165897 4.36003e-05 1.00382e-05 2.0598e-06 3.77549e-07 6.09632e-08 8.33564e-09 8.72577e-10 4.99915e-11 0 
0 0.000224528 0.00161531 0.00431319 0.00726374 0.0104061 0.0138696 0.0175189 0.021148 0.0245475 0.0275246 0.0299182 0.0316097 0.0325306 0.0326647 0.0320458 0.0307504 0.028889 0.026594 0.0240079 0.0212722 0.0185179 0.0158582 0.0133843 0.0111617 0.00921771 0.00749635 0.0058066 0.00396274 0.00216903 0.000908469 0.000297131 7.9888e-05 1.84712e-05 3.76943e-06 6.83882e-07 1.09076e-07 1.47212e-08 1.52115e-09 8.60628e-11 0 
0 0.000310699 0.00204827 0.0050278 0.00827412 0.0119232 0.0159942 0.0202838 0.0245475 0.0285398 0.0320347 0.0348433 0.0368267 0.0379051 0.0380597 0.0373304 0.0358074 0.0336201 0.0309239 0.0278855 0.0246707 0.0214324 0.0183025 0.015387 0.0127637 0.0104782 0.00851978 0.00675042 0.00490511 0.002947 0.00134887 0.000468224 0.000129655 3.02632e-05 6.16711e-06 1.11135e-06 1.75629e-07 2.34636e-08 2.39954e-09 1.34396e-10 0 
0 0.000393419 0.00240983 0.00559427 0.0091417 0.013254 0.0178574 0.0227065 0.0275246 0.0320347 0.0359815 0.0391515 0.0413886 0.0426031 0.0427738 0.041946 0.0402221 0.0377488 0.0347012 0.0312674 0.0276341 0.0239734 0.0204337 0.0171338 0.0141605 0.0115686 0.00936965 0.00747588 0.00562914 0.00362223 0.00179158 0.000659365 0.000188538 4.45664e-05 9.09668e-06 1.63296e-06 2.5641e-07 3.40001e-08 3.45003e-09 1.91749e-10 0 
0 0.000463681 0.00268497 0.00602269 0.00983572 0.0143259 0.0193569 0.0246551 0.0299182 0.0348433 0.0391515 0.0426101 0.0450489 0.04637 0.0465511 0.0456423 0.0437555 0.041051 0.0377205 0.0339692 0.0300003 0.0260015 0.0221342 0.0185272 0.0152747 0.0124363 0.0100341 0.00801208 0.00614487 0.00413974 0.00217547 0.000842441 0.000248304 5.9487e-05 1.21843e-05 2.18375e-06 3.41534e-07 4.50605e-08 4.54778e-09 2.51407e-10 0 
0 0.000515161 0.00287091 0.00631526 0.0103258 0.0150846 0.0204176 0.0260329 0.0316097 0.0368267 0.0413886 0.0450489 0.047626 0.0490168 0.0492017 0.048235 0.046233 0.0433641 0.0398326 0.0358568 0.0316515 0.0274151 0.0233179 0.0194961 0.0160484 0.0130376 0.0104903 0.00836783 0.00647468 0.00448588 0.002459 0.000989912 0.000299104 7.25227e-05 1.49158e-05 2.67347e-06 4.17342e-07 5.49115e-08 5.52512e-09 3.045e-10 0 
0 0.000544333 0.00296995 0.00647152 0.0105924 0.0154983 0.020996 0.0267837 0.0325306 0.0379051 0.0426031 0.04637 0.0490168 0.0504388 0.050621 0.0496212 0.0475556 0.0445956 0.0409531 0.0368543 0.0325208 0.0281562 0.0239359 0.0199995 0.016448 0.0133459 0.0107211 0.00854348 0.00663607 0.00466646 0.00262204 0.00108174 0.00033239 8.13179e-05 1.67903e-05 3.01328e-06 4.70392e-07 6.18577e-08 6.21948e-09 3.42526e-10 0 
0 0.000550057 0.00298614 0.00649342 0.0106308 0.0155591 0.0210815 0.0268943 0.0326647 0.0380597 0.0427738 0.0465511 0.0492017 0.050621 0.0507958 0.0497848 0.0477045 0.0447267 0.0410647 0.0369464 0.0325943 0.0282126 0.0239771 0.0200276 0.016465 0.0133536 0.0107214 0.00854051 0.00664106 0.00469271 0.00266045 0.00110847 0.000343256 8.44084e-05 1.74862e-05 3.14553e-06 4.91966e-07 6.48076e-08 6.52757e-09 3.60172e-10 0 
0 0.000533117 0.00292423 0.00638769 0.0104506 0.0152821 0.0206951 0.0263918 0.0320458 0.0373304 0.041946 0.0456423 0.048235 0.0496212 0.0497848 0.0487832 0.0467339 0.0438079 0.040214 0.0361748 0.0319084 0.027615 0.0234667 0.0196003 0.0161144 0.0130715 0.0104987 0.00836552 0.0064989 0.00457594 0.00258089 0.00107134 0.000331518 8.1657e-05 1.69674e-05 3.0636e-06 4.81144e-07 6.36651e-08 6.44296e-09 3.57295e-10 0 
0 0.000495868 0.00278931 0.0061657 0.0100747 0.014702 0.0198848 0.0253386 0.0307504 0.0358074 0.0402221 0.0437555 0.046233 0.0475556 0.0477045 0.0467339 0.0447603 0.0419502 0.0385028 0.0346306 0.0305427 0.0264312 0.0224609 0.0187626 0.015431 0.0125257 0.0100711 0.00802978 0.00621732 0.00432722 0.0023984 0.000981066 0.00030148 7.42468e-05 1.54889e-05 2.81394e-06 4.45208e-07 5.93915e-08 6.06288e-09 3.39297e-10 0 
0 0.000442014 0.00258699 0.00584148 0.00953537 0.0138691 0.0187204 0.0238247 0.028889 0.0336201 0.0377488 0.041051 0.0433641 0.0445956 0.0447267 0.0438079 0.0419502 0.0393104 0.0360749 0.0324427 0.0286101 0.0247574 0.0210394 0.0175788 0.0144645 0.0117525 0.00946306 0.00754623 0.00580274 0.00396038 0.00213693 0.000855909 0.000260714 6.42963e-05 1.35136e-05 2.48148e-06 3.97523e-07 5.37476e-08 5.56425e-09 3.15893e-10 0 
0 0.000376417 0.00232393 0.00542856 0.00887113 0.0128439 0.0172854 0.0219583 0.026594 0.0309239 0.0347012 0.0377205 0.0398326 0.0409531 0.0410647 0.040214 0.0385028 0.0360749 0.0331012 0.0297645 0.026245 0.0227085 0.0192973 0.0161246 0.0132729 0.0107936 0.00870003 0.00692543 0.00526165 0.00349774 0.00183056 0.000719072 0.000218287 5.42951e-05 1.15865e-05 2.16723e-06 3.5415e-07 4.88661e-08 5.16195e-09 2.98853e-10 0 
0 0.000304814 0.0020094 0.00493631 0.00812077 0.0116919 0.0156702 0.0198558 0.0240079 0.0278855 0.0312674 0.0339692 0.0358568 0.0368543 0.0369464 0.0361748 0.0346306 0.0324427 0.0297645 0.0267599 0.0235911 0.020407 0.017336 0.0144808 0.0119166 0.00968945 0.00780275 0.00617335 0.00460681 0.00297768 0.00152277 0.00059517 0.000183014 4.66061e-05 1.02271e-05 1.96863e-06 3.3073e-07 4.68287e-08 5.06438e-09 2.99415e-10 0 
0 0.000233323 0.00165767 0.00436767 0.0073164 0.0104774 0.0139649 0.017633 0.0212722 0.0246707 0.0276341 0.0300003 0.0316515 0.0325208 0.0325943 0.0319084 0.0305427 0.0286101 0.026245 0.0235911 0.0207905 0.0179743 0.0152556 0.0127259 0.0104526 0.00847449 0.00678401 0.00529702 0.00387009 0.00245798 0.00126061 0.000506309 0.000162301 4.3208e-05 9.87574e-06 1.96846e-06 3.40363e-07 4.93232e-08 5.43232e-09 3.25678e-10 0 
0 0.000167678 0.0012902 0.00372191 0.00647388 0.00925674 0.0122528 0.0153974 0.0185179 0.0214324 0.0239734 0.0260015 0.0274151 0.0281562 0.0282126 0.027615 0.0264312 0.0247574 0.0227085 0.020407 0.0179743 0.0155223 0.0131483 0.0109317 0.00893044 0.00717512 0.00565756 0.00432715 0.00311612 0.00200501 0.00108188 0.000468161 0.000161652 4.56675e-05 1.08827e-05 2.22891e-06 3.9183e-07 5.73005e-08 6.3352e-09 3.79844e-10 0 
0 0.000112324 0.000935355 0.00300598 0.00558407 0.00806659 0.0106049 0.013242 0.0158582 0.0183025 0.0204337 0.0221342 0.0233179 0.0239359 0.0239771 0.0234667 0.0224609 0.0210394 0.0192973 0.017336 0.0152556 0.0131483 0.0110945 0.00915981 0.00739318 0.00582864 0.00448889 0.00337667 0.00245672 0.00167137 0.000997464 0.000484684 0.00018391 5.50341e-05 1.3467e-05 2.77734e-06 4.86383e-07 7.04652e-08 7.69692e-09 4.55352e-10 0 
0 6.96533e-05 0.000623448 0.00225258 0.00461676 0.00690599 0.00906896 0.0112409 0.0133843 0.015387 0.0171338 0.0185272 0.0194961 0.0199995 0.0200276 0.0196003 0.0187626 0.0175788 0.0161246 0.0144808 0.0127259 0.0109317 0.00915981 0.00746347 0.00590331 0.00457402 0.00356794 0.00284647 0.00223277 0.00161455 0.00103179 0.000551923 0.00022844 7.14028e-05 1.75665e-05 3.57115e-06 6.11984e-07 8.66071e-08 9.24495e-09 5.3517e-10 0 
0 3.97458e-05 0.000377708 0.00152994 0.00355559 0.00572097 0.00764649 0.00943903 0.0111617 0.0127637 0.0141605 0.0152747 0.0160484 0.016448 0.016465 0.0161144 0.015431 0.0144645 0.0132729 0.0119166 0.0104526 0.00893044 0.00739318 0.00590331 0.00462234 0.0038613 0.00382998 0.00414589 0.00394192 0.00289405 0.00162789 0.000760933 0.000303496 9.44504e-05 2.26966e-05 4.45687e-06 7.3806e-07 1.01269e-07 1.05155e-08 5.93917e-10 0 
0 2.07763e-05 0.000206292 0.000922633 0.00245844 0.00443392 0.00626069 0.00782248 0.00921771 0.0104782 0.0115686 0.0124363 0.0130376 0.0133459 0.0133536 0.0130715 0.0125257 0.0117525 0.0107936 0.00968945 0.00847449 0.00717512 0.00582864 0.00457402 0.0038613 0.00454996 0.00717415 0.0103512 0.0110323 0.00815007 0.00414831 0.00152768 0.000469332 0.000127164 2.81308e-05 5.18058e-06 8.19281e-07 1.08682e-07 1.09821e-08 6.06059e-10 0 
0 9.92205e-06 0.000101169 0.000487712 0.00147399 0.00305634 0.00477893 0.00627178 0.00749635 0.00851978 0.00936965 0.0100341 0.0104903 0.0107211 0.0107214 0.0104987 0.0100711 0.00946306 0.00870003 0.00780275 0.00678401 0.00565756 0.00448889 0.00356794 0.00382998 0.00717415 0.0148894 0.0237679 0.0264289 0.0192535 0.00957292 0.00324045 0.000807733 0.000173975 3.29432e-05 5.46819e-06 8.14044e-07 1.04367e-07 1.03042e-08 5.58209e-10 0 
0 4.32488e-06 4.45537e-05 0.000225304 0.000750691 0.00178175 0.00318491 0.00460591 0.0058066 0.00675042 0.00747588 0.00801208 0.00836783 0.00854348 0.00854051 0.00836552 0.00802978 0.00754623 0.00692543 0.00617335 0.00529702 0.00432715 0.00337667 0.00284647 0.00414589 0.0103512 0.0237679 0.0387215 0.0423142 0.0319991 0.0156829 0.0051944 0.0011957 0.000218259 3.49272e-05 5.10672e-06 7.08623e-07 8.80496e-08 8.55281e-09 4.58025e-10 0 
0 1.72137e-06 1.76731e-05 9.14433e-05 0.000324299 0.000854712 0.00174034 0.00285307 0.00396274 0.00490511 0.00562914 0.00614487 0.00647468 0.00663607 0.00664106 0.0064989 0.00621732 0.00580274 0.00526165 0.00460681 0.00387009 0.00311612 0.00245672 0.00223277 0.00394192 0.0110323 0.0264289 0.0423142 0.0451507 0.0359389 0.017402 0.00572085 0.00128559 0.000217451 3.09293e-05 4.05759e-06 5.29547e-07 6.43881e-08 6.21356e-09 3.31803e-10 0 
0 6.26414e-07 6.34316e-06 3.2929e-05 0.000120407 0.000338617 0.000759655 0.00139651 0.00216903 0.002947 0.00362223 0.00413974 0.00448588 0.00466646 0.00469271 0.00457594 0.00432722 0.00396038 0.00349774 0.00297768 0.00245798 0.00200501 0.00167137 0.00161455 0.00289405 0.00815007 0.0192535 0.0319991 0.0359389 0.0261128 0.0128743 0.00423827 0.000951053 0.000157592 2.11984e-05 2.62708e-06 3.33484e-07 4.04423e-08 3.92516e-09 2.11011e-10 0 
0 2.08734e-07 2.06959e-06 1.06321e-05 3.91461e-05 0.000113459 0.000269151 0.000534795 0.000908469 0.00134887 0.00179158 0.00217547 0.002459 0.00262204 0.00266045 0.00258089 0.0023984 0.00213693 0.00183056 0.00152277 0.00126061 0.00108188 0.000997464 0.00103179 0.00162789 0.00414831 0.00957292 0.0156829 0.017402 0.0128743 0.00636284 0.00210524 0.000480038 8.05194e-05 1.08064e-05 1.35088e-06 1.75248e-07 2.17327e-08 2.14975e-09 1.17458e-10 0 
0 6.37625e-08 6.1612e-07 3.10502e-06 1.13358e-05 3.30537e-05 8.02356e-05 0.000165897 0.000297131 0.000468224 0.000659365 0.000842441 0.000989912 0.00108174 0.00110847 0.00107134 0.000981066 0.000855909 0.000719072 0.00059517 0.000506309 0.000468161 0.000484684 0.000551923 0.000760933 0.00152768 0.00324045 0.0051944 0.00572085 0.00423827 0.00210524 0.000708922 0.000167318 2.90803e-05 4.10652e-06 5.54758e-07 7.71758e-08 1.00081e-08 1.02082e-09 5.71768e-11 0 
0 1.78569e-08 1.67702e-07 8.24872e-07 2.95922e-06 8.55597e-06 2.08132e-05 4.36003e-05 7.9888e-05 0.000129655 0.000188538 0.000248304 0.000299104 0.00033239 0.000343256 0.000331518 0.00030148 0.000260714 0.000218287 0.000183014 0.000162301 0.000161652 0.00018391 0.00022844 0.000303496 0.000469332 0.000807733 0.0011957 0.00128559 0.000951053 0.000480038 0.000167318 4.13544e-05 7.68683e-06 1.2165e-06 1.88318e-07 2.89149e-08 3.97017e-09 4.21025e-10 2.4343e-11 0 
0 4.57624e-09 4.17171e-08 1.99743e-07 7.00758e-07 1.99325e-06 4.80308e-06 1.00382e-05 1.84712e-05 3.02632e-05 4.45664e-05 5.9487e-05 7.25227e-05 8.13179e-05 8.44084e-05 8.1657e-05 7.42468e-05 6.42963e-05 5.42951e-05 4.66061e-05 4.3208e-05 4.56675e-05 5.50341e-05 7.14028e-05 9.44504e-05 0.000127164 0.000173975 0.000218259 0.000217451 0.000157592 8.05194e-05 2.90803e-05 7.68683e-06 1.61484e-06 3.03953e-07 5.51795e-08 9.36023e-09 1.36378e-09 1.51075e-10 9.06335e-12 0 
0 1.06771e-09 9.44524e-09 4.39782e-08 1.50545e-07 4.19633e-07 9.95773e-07 2.0598e-06 3.76943e-06 6.16711e-06 9.09668e-06 1.21843e-05 1.49158e-05 1.67903e-05 1.74862e-05 1.69674e-05 1.54889e-05 1.35136e-05 1.15865e-05 1.02271e-05 9.87574e-06 1.08827e-05 1.3467e-05 1.75665e-05 2.26966e-05 2.81308e-05 3.29432e-05 3.49272e-05 3.09293e-05 2.11984e-05 1.08064e-05 4.10652e-06 1.2165e-06 3.03953e-07 6.87885e-08 1.43032e-08 2.63623e-09 4.06415e-10 4.71391e-11 2.94434e-12 0 
0 2.24381e-10 1.92698e-09 8.72523e-09 2.91235e-08 7.9425e-08 1.85104e-07 3.77549e-07 6.83882e-07 1.11135e-06 1.63296e-06 2.18375e-06 2.67347e-06 3.01328e-06 3.14553e-06 3.0636e-06 2.81394e-06 2.48148e-06 2.16723e-06 1.96863e-06 1.96846e-06 2.22891e-06 2.77734e-06 3.57115e-06 4.45687e-06 5.18058e-06 5.46819e-06 5.10672e-06 4.05759e-06 2.62708e-06 1.35088e-06 5.54758e-07 1.88318e-07 5.51795e-08 1.43032e-08 3.2682e-09 6.43532e-10 1.04629e-10 1.27175e-11 8.28603e-13 0 
0 4.15781e-11 3.4696e-10 1.5288e-09 4.97702e-09 1.32759e-08 3.03593e-08 6.09632e-08 1.09076e-07 1.75629e-07 2.5641e-07 3.41534e-07 4.17342e-07 4.70392e-07 4.91966e-07 4.81144e-07 4.45208e-07 3.97523e-07 3.5415e-07 3.3073e-07 3.40363e-07 3.9183e-07 4.86383e-07 6.11984e-07 7.3806e-07 8.19281e-07 8.14044e-07 7.08623e-07 5.29547e-07 3.33484e-07 1.75248e-07 7.71758e-08 2.89149e-08 9.36023e-09 2.63623e-09 6.43532e-10 1.34025e-10 2.29214e-11 2.91895e-12 1.98515e-13 0 
0 6.50264e-12 5.27897e-11 2.26601e-10 7.20105e-10 1.87965e-09 4.21791e-09 8.33564e-09 1.47212e-08 2.34636e-08 3.40001e-08 4.50605e-08 5.49115e-08 6.18577e-08 6.48076e-08 6.36651e-08 5.93915e-08 5.37476e-08 4.88661e-08 4.68287e-08 4.93232e-08 5.73005e-08 7.04652e-08 8.66071e-08 1.01269e-07 1.08682e-07 1.04367e-07 8.80496e-08 6.43881e-08 4.04423e-08 2.17327e-08 1.00081e-08 3.97017e-09 1.36378e-09 4.06415e-10 1.04629e-10 2.29214e-11 4.11354e-12 5.48212e-13 3.89036e-14 0 
0 7.74178e-13 6.12272e-12 2.56377e-11 7.96208e-11 2.03557e-10 4.485e-10 8.72577e-10 1.52115e-09 2.39954e-09 3.45003e-09 4.54778e-09 5.52512e-09 6.21948e-09 6.52757e-09 6.44296e-09 6.06288e-09 5.56425e-09 5.16195e-09 5.06438e-09 5.43232e-09 6.3352e-09 7.69692e-09 9.24495e-09 1.05155e-08 1.09821e-08 1.03042e-08 8.55281e-09 6.21356e-09 3.92516e-09 2.14975e-09 1.02082e-09 4.21025e-10 1.51075e-10 4.71391e-11 1.27175e-11 2.91895e-12 5.48212e-13 7.63221e-14 5.64551e-15 0 
0 5.00968e-14 3.86541e-13 1.58116e-12 4.80521e-12 1.2046e-11 2.60836e-11 4.99915e-11 8.60628e-11 1.34396e-10 1.91749e-10 2.51407e-10 3.045e-10 3.42526e-10 3.60172e-10 3.57295e-10 3.39297e-10 3.15893e-10 2.98853e-10 2.99415e-10 3.25678e-10 3.79844e-10 4.55352e-10 5.3517e-10 5.93917e-10 6.06059e-10 5.58209e-10 4.58025e-10 3.31803e-10 2.11011e-10 1.17458e-10 5.71768e-11 2.4343e-11 9.06335e-12 2.94434e-12 8.28603e-13 1.98515e-13 3.89036e-14 5.64551e-15 4.34599e-16 0 
0 0 0 0 0 0 0 0 0 0 0 0 0 0 0 0 0 0 0 0 0 0 0 0 0 0 0 0 0 0 0 0 0 0 0 0 0 0 0 0 0 
