0 0 0 0 0 0 0 0 0 0 0 0 0 0 0 0 0 0 0 0 0 0 0 0 0 0 0 0 0 0 0 0 0 0 0 0 0 0 0 0 0 
0 1.49803e-07 1.29288e-06 5.34691e-06 1.46755e-05 3.0005e-05 4.92567e-05 6.89722e-05 8.64263e-05 0.000100398 0.000110788 0.000117996 0.000122514 0.000124747 0.000124969 0.000123341 0.000119921 0.000114695 0.000107597 9.85717e-05 8.76527e-05 7.50747e-05 6.13635e-05 4.73589e-05 3.41153e-05 2.26682e-05 1.37399e-05 7.52695e-06 3.70257e-06 1.62999e-06 6.41828e-07 2.26311e-07 7.15649e-08 2.03016e-08 5.15266e-09 1.16037e-09 2.27509e-10 3.72519e-11 4.60311e-12 3.06983e-13 0 
0 1.29288e-06 1.11626e-05 4.33272e-05 0.00010366 0.000175172 0.000234589 0.000274337 0.000299591 0.000317107 0.000330629 0.000341238 0.000348758 0.000352745 0.000352973 0.000349592 0.000343111 0.000334268 0.000323805 0.000312151 0.000299031 0.000283149 0.000262201 0.000233592 0.000196009 0.00015127 0.000104906 6.41402e-05 3.41593e-05 1.57858e-05 6.35007e-06 2.23958e-06 6.97994e-07 1.93341e-07 4.76626e-08 1.03997e-08 1.97435e-09 3.13187e-10 3.75385e-11 2.43236e-12 0 
0 5.34691e-06 4.33272e-05 0.000142155 0.000265068 0.000351095 0.000400331 0.000439277 0.000480467 0.000523574 0.000564281 0.000598442 0.00062311 0.000636604 0.000638382 0.000628909 0.000609509 0.00058222 0.000549642 0.000514779 0.000480814 0.000450619 0.000425755 0.000404833 0.000381889 0.000346778 0.000290434 0.000214235 0.000134053 6.97705e-05 3.02071e-05 1.10306e-05 3.46092e-06 9.47938e-07 2.2871e-07 4.85866e-08 8.96174e-09 1.38084e-09 1.609e-10 1.01501e-11 0 
0 1.46755e-05 0.00010366 0.000265068 0.00038709 0.000459009 0.000531843 0.000619622 0.000714502 0.000806797 0.000889028 0.000955701 0.00100302 0.00102881 0.00103251 0.00101507 0.000978696 0.00092666 0.000862943 0.000791964 0.000718368 0.000646954 0.00058267 0.000530278 0.000492678 0.000466914 0.000439371 0.000387456 0.000297352 0.000186449 9.27213e-05 3.682e-05 1.20074e-05 3.31542e-06 7.9202e-07 1.65022e-07 2.97228e-08 4.46552e-09 5.0743e-10 3.12484e-11 0 
0 3.0005e-05 0.000175172 0.000351095 0.000459009 0.000566489 0.000702778 0.000855689 0.00101109 0.0011579 0.00128702 0.00139108 0.00146474 0.00150491 0.00151081 0.00148392 0.00142759 0.00134672 0.0012472 0.00113544 0.00101789 0.000900703 0.000789658 0.000690351 0.000608603 0.000549777 0.0005142 0.000487645 0.000436882 0.000333922 0.000199874 9.07841e-05 3.19653e-05 9.11553e-06 2.18776e-06 4.51145e-07 7.98374e-08 1.17492e-08 1.3068e-09 7.88055e-11 0 
0 4.92567e-05 0.000234589 0.000400331 0.000531843 0.000702778 0.000907422 0.00112711 0.00134678 0.00155307 0.00173398 0.00187959 0.00198266 0.00203896 0.00204731 0.00200967 0.00193088 0.00181778 0.00167843 0.0015216 0.00135603 0.00118988 0.0010304 0.000883811 0.000755699 0.000651932 0.000578699 0.000537099 0.000508782 0.000448266 0.000322764 0.000173036 6.81093e-05 2.05739e-05 5.03999e-06 1.03879e-06 1.81811e-07 2.63371e-08 2.87853e-09 1.70557e-10 0 
0 6.89722e-05 0.000274337 0.000439277 0.000619622 0.000855689 0.00112711 0.00141471 0.00170111 0.0019696 0.00220514 0.00239757 0.00254492 0.00263717 0.00265286 0.00258952 0.00246939 0.00231491 0.00213232 0.00192803 0.00171219 0.00149511 0.00128587 0.00109192 0.000919203 0.000772814 0.000658414 0.000582287 0.000542674 0.000509014 0.000421888 0.000266795 0.000119858 3.9169e-05 9.93886e-06 2.06681e-06 3.60052e-07 5.1586e-08 5.56197e-09 3.24881e-10 0 
0 8.64263e-05 0.000299591 0.000480467 0.000714502 0.00101109 0.00134678 0.00170111 0.00205351 0.00238443 0.00268872 0.00299876 0.003258 0.00339473 0.00341641 0.00333213 0.00313524 0.00285891 0.0025895 0.00233169 0.00206558 0.00179812 0.00153986 0.00129968 0.00108431 0.000898725 0.00074731 0.000635824 0.000569498 0.000536293 0.000482695 0.000350266 0.000179869 6.43624e-05 1.71033e-05 3.61638e-06 6.30525e-07 8.97323e-08 9.57864e-09 5.53307e-10 0 
0 0.000100398 0.000317107 0.000523574 0.000806797 0.0011579 0.00155307 0.0019696 0.00238443 0.00279424 0.00326524 0.00361927 0.00378893 0.00386383 0.00387533 0.0038292 0.00371407 0.00348642 0.00309969 0.00271893 0.00239616 0.00208112 0.0017772 0.00149411 0.00123947 0.0010185 0.000834904 0.000692874 0.000598604 0.000551213 0.000513748 0.000411551 0.000237982 9.33351e-05 2.61143e-05 5.64272e-06 9.88703e-07 1.40254e-07 1.48691e-08 8.51824e-10 0 
0 0.000110788 0.000330629 0.000564281 0.000889028 0.00128702 0.00173398 0.00220514 0.00268872 0.00326524 0.00371356 0.00392466 0.00403664 0.00408989 0.00409809 0.00406434 0.00398395 0.00384034 0.00358549 0.00313078 0.00269206 0.0023282 0.00198414 0.00166372 0.00137503 0.00112366 0.000913042 0.000746155 0.000628164 0.000562999 0.000528177 0.00045061 0.000286442 0.000122038 3.59193e-05 7.94515e-06 1.40239e-06 1.98805e-07 2.09857e-08 1.19525e-09 0 
0 0.000117996 0.000341238 0.000598442 0.000955701 0.00139108 0.00187959 0.00239757 0.00299876 0.00361927 0.00392466 0.00408584 0.0041771 0.00422173 0.00422852 0.00419971 0.00413252 0.00401726 0.0038287 0.00349188 0.00296641 0.00252786 0.00214932 0.00179902 0.0014832 0.00120771 0.000975905 0.000790002 0.000653938 0.000573129 0.000534586 0.000472858 0.000321924 0.000146672 4.51182e-05 1.01999e-05 1.81476e-06 2.57497e-07 2.7117e-08 1.53865e-09 0 
0 0.000122514 0.000348758 0.00062311 0.00100302 0.00146474 0.00198266 0.00254492 0.003258 0.00378893 0.00403664 0.0041771 0.00425899 0.00429948 0.00430549 0.00427891 0.00421766 0.00411453 0.00395185 0.00368189 0.00319442 0.00267462 0.00226454 0.0018931 0.00155833 0.00126604 0.00101955 0.000820661 0.000672396 0.000580345 0.000536868 0.000483845 0.000344415 0.000164609 5.23573e-05 1.20444e-05 2.15799e-06 3.06687e-07 3.22662e-08 1.82702e-09 0 
0 0.000124747 0.000352745 0.000636604 0.00102881 0.00150491 0.00203896 0.00263717 0.00339473 0.00386383 0.00408989 0.00422173 0.00429948 0.00433802 0.00434354 0.00431776 0.00425889 0.00416065 0.00400811 0.00376287 0.00331814 0.00275944 0.00232497 0.00194198 0.00159713 0.00129594 0.00104171 0.000835998 0.000681326 0.000583131 0.000536285 0.000487321 0.000355256 0.000174521 5.66424e-05 1.31753e-05 2.37219e-06 3.3767e-07 3.55268e-08 2.01024e-09 0 
0 0.000124969 0.000352973 0.000638382 0.00103251 0.00151081 0.00204731 0.00265286 0.00341641 0.00387533 0.00409809 0.00422852 0.00430549 0.00434354 0.00434873 0.00432275 0.00426384 0.00416587 0.00401427 0.0037719 0.00333356 0.00276826 0.00232909 0.00194471 0.00159878 0.00129669 0.00104167 0.000835242 0.000679753 0.000580547 0.000533029 0.00048518 0.000355775 0.000176077 5.74926e-05 1.34241e-05 2.42221e-06 3.45212e-07 3.63469e-08 2.05765e-09 0 
0 0.000123341 0.000349592 0.000628909 0.00101507 0.00148392 0.00200967 0.00258952 0.00333213 0.0038292 0.00406434 0.00419971 0.00427891 0.00431776 0.00432275 0.00429565 0.00423451 0.00413261 0.0039738 0.00371562 0.00324652 0.00270067 0.00227919 0.00190321 0.00156473 0.00126931 0.00102013 0.000818742 0.000667696 0.000572328 0.000526898 0.000477823 0.000346703 0.000169615 5.49587e-05 1.27895e-05 2.30632e-06 3.28944e-07 3.46811e-08 1.96645e-09 0 
0 0.000119921 0.000343111 0.000609509 0.000978696 0.00142759 0.00193088 0.00246939 0.00313524 0.00371407 0.00398395 0.00413252 0.00421766 0.00425889 0.00426384 0.00423451 0.00416846 0.00405741 0.0038806 0.00357946 0.00305854 0.00257364 0.00218115 0.00182188 0.00149838 0.00121633 0.000978858 0.000787692 0.000645866 0.000558635 0.000517302 0.000464369 0.000328143 0.000155986 4.95606e-05 1.14254e-05 2.05453e-06 2.93193e-07 3.09763e-08 1.7612e-09 0 
0 0.000114695 0.000334268 0.00058222 0.00092666 0.00134672 0.00181778 0.00231491 0.00285891 0.00348642 0.00384034 0.00401726 0.00411453 0.00416065 0.00416587 0.00413261 0.00405741 0.00392834 0.00371331 0.00331897 0.0028078 0.00240545 0.00204298 0.00170692 0.00140453 0.00114131 0.000920365 0.000743764 0.00061526 0.000539528 0.000502765 0.000442671 0.000299938 0.000136579 4.21775e-05 9.59401e-06 1.71849e-06 2.45462e-07 2.60147e-08 1.48514e-09 0 
0 0.000107597 0.000323805 0.000549642 0.000862943 0.0012472 0.00167843 0.00213232 0.0025895 0.00309969 0.00358549 0.0038287 0.00395185 0.00400811 0.00401427 0.0039738 0.0038806 0.00371331 0.00340743 0.00294457 0.00255268 0.00220519 0.0018738 0.00156572 0.00128883 0.00104835 0.000847401 0.000688632 0.00057653 0.000513985 0.000480001 0.000409465 0.000262397 0.000113406 3.38992e-05 7.60098e-06 1.35695e-06 1.94239e-07 2.06819e-08 1.18742e-09 0 
0 9.85717e-05 0.000312151 0.000514779 0.000791964 0.00113544 0.0015216 0.00192803 0.00233169 0.00271893 0.00313078 0.00349188 0.00368189 0.00376287 0.0037719 0.00371562 0.00357946 0.00331897 0.00294457 0.00260425 0.00229107 0.00198156 0.00168335 0.00140611 0.00115718 0.000941517 0.000762444 0.000623312 0.000528847 0.000478273 0.000442985 0.000361334 0.000217338 8.90874e-05 2.58407e-05 5.72827e-06 1.02187e-06 1.4692e-07 1.57478e-08 9.10907e-10 0 
0 8.76527e-05 0.000299031 0.000480814 0.000718368 0.00101789 0.00135603 0.00171219 0.00206558 0.00239616 0.00269206 0.00296641 0.00319442 0.00331814 0.00333356 0.00324652 0.00305854 0.0028078 0.00255268 0.00229107 0.0020188 0.00174533 0.00148134 0.00123572 0.00101517 0.000824437 0.000667138 0.000547132 0.000468005 0.000424135 0.000383659 0.000297381 0.00016904 6.65562e-05 1.89421e-05 4.18201e-06 7.4884e-07 1.08444e-07 1.17226e-08 6.84002e-10 0 
0 7.50747e-05 0.000283149 0.000450619 0.000646954 0.000900703 0.00118988 0.00149511 0.00179812 0.00208112 0.0023282 0.00252786 0.00267462 0.00275944 0.00276826 0.00270067 0.00257364 0.00240545 0.00220519 0.00198156 0.00174533 0.00150723 0.00127673 0.00106158 0.0008678 0.000699992 0.000561894 0.000456748 0.000385625 0.000341202 0.000298243 0.000223446 0.000124103 4.84197e-05 1.37971e-05 3.06551e-06 5.53428e-07 8.08289e-08 8.8093e-09 5.17942e-10 0 
0 6.13635e-05 0.000262201 0.000425755 0.00058267 0.000789658 0.0010304 0.00128587 0.00153986 0.0017772 0.00198414 0.00214932 0.00226454 0.00232497 0.00232909 0.00227919 0.00218115 0.00204298 0.0018738 0.00168335 0.00148134 0.00127673 0.00107737 0.000889823 0.000719551 0.000571216 0.000448464 0.000352764 0.000283173 0.000236395 0.000200817 0.000153426 8.90103e-05 3.61238e-05 1.05591e-05 2.37937e-06 4.3281e-07 6.3486e-08 6.93819e-09 4.087e-10 0 
0 4.73589e-05 0.000233592 0.000404833 0.000530278 0.000690351 0.000883811 0.00109192 0.00129968 0.00149411 0.00166372 0.00179902 0.0018931 0.00194198 0.00194471 0.00190321 0.00182188 0.00170692 0.00156572 0.00140611 0.00123572 0.00106158 0.000889823 0.000726007 0.00057624 0.000448822 0.000351599 0.000281704 0.00022403 0.000170989 0.000130784 0.000101798 6.5873e-05 2.92854e-05 8.94518e-06 2.04078e-06 3.70471e-07 5.39595e-08 5.84873e-09 3.41753e-10 0 
0 3.41153e-05 0.000196009 0.000381889 0.000492678 0.000608603 0.000755699 0.000919203 0.00108431 0.00123947 0.00137503 0.0014832 0.00155833 0.00159713 0.00159878 0.00156473 0.00149838 0.00140453 0.00128883 0.00115718 0.00101517 0.0008678 0.000719551 0.00057624 0.000451872 0.000376315 0.000372222 0.000402658 0.000382842 0.000281313 0.000160427 8.60965e-05 5.25504e-05 2.58625e-05 8.33945e-06 1.91186e-06 3.41869e-07 4.8817e-08 5.19051e-09 2.9808e-10 0 
0 2.26682e-05 0.00015127 0.000346778 0.000466914 0.000549777 0.000651932 0.000772814 0.000898725 0.0010185 0.00112366 0.00120771 0.00126604 0.00129594 0.00129669 0.00126931 0.00121633 0.00114131 0.00104835 0.000941517 0.000824437 0.000699992 0.000571216 0.000448822 0.000376315 0.000441884 0.000696621 0.00117695 0.00142063 0.00080304 0.000402824 0.000149378 5.41306e-05 2.40601e-05 8.03521e-06 1.83662e-06 3.20787e-07 4.46054e-08 4.62878e-09 2.60247e-10 0 
0 1.37399e-05 0.000104906 0.000290434 0.000439371 0.0005142 0.000578699 0.000658414 0.00074731 0.000834904 0.000913042 0.000975905 0.00101955 0.00104171 0.00104167 0.00102013 0.000978858 0.000920365 0.000847401 0.000762444 0.000667138 0.000561894 0.000448464 0.000351599 0.000372222 0.000696621 0.00168658 0.00265355 0.00272493 0.00236409 0.000940441 0.000314685 8.06089e-05 2.41842e-05 7.56082e-06 1.69024e-06 2.87004e-07 3.88644e-08 3.94267e-09 2.17461e-10 0 
0 7.52695e-06 6.41402e-05 0.000214235 0.000387456 0.000487645 0.000537099 0.000582287 0.000635824 0.000692874 0.000746155 0.000790002 0.000820661 0.000835998 0.000835242 0.000818742 0.000787692 0.000743764 0.000688632 0.000623312 0.000547132 0.000456748 0.000352764 0.000281704 0.000402658 0.00117695 0.00265355 0.00292561 0.00295694 0.00281105 0.00203818 0.000504808 0.000116704 2.55906e-05 6.72016e-06 1.41973e-06 2.33312e-07 3.09049e-08 3.08439e-09 1.6791e-10 0 
0 3.70257e-06 3.41593e-05 0.000134053 0.000297352 0.000436882 0.000508782 0.000542674 0.000569498 0.000598604 0.000628164 0.000653938 0.000672396 0.000681326 0.000679753 0.000667696 0.000645866 0.00061526 0.00057653 0.000528847 0.000468005 0.000385625 0.000283173 0.00022403 0.000382842 0.00142063 0.00272493 0.00295694 0.00298847 0.00287306 0.00236095 0.000569222 0.000125178 2.41347e-05 5.37711e-06 1.04978e-06 1.66892e-07 2.17978e-08 2.15993e-09 1.17031e-10 0 
0 1.62999e-06 1.57858e-05 6.97705e-05 0.000186449 0.000333922 0.000448266 0.000509014 0.000536293 0.000551213 0.000562999 0.000573129 0.000580345 0.000583131 0.000580547 0.000572328 0.000558635 0.000539528 0.000513985 0.000478273 0.000424135 0.000341202 0.000236395 0.000170989 0.000281313 0.00080304 0.00236409 0.00281105 0.00287306 0.00268586 0.00149088 0.000411544 9.28491e-05 1.77504e-05 3.62383e-06 6.61464e-07 1.02858e-07 1.34065e-08 1.33336e-09 7.25845e-11 0 
0 6.41828e-07 6.35007e-06 3.02071e-05 9.27213e-05 0.000199874 0.000322764 0.000421888 0.000482695 0.000513748 0.000528177 0.000534586 0.000536868 0.000536285 0.000533029 0.000526898 0.000517302 0.000502765 0.000480001 0.000442985 0.000383659 0.000298243 0.000200817 0.000130784 0.000160427 0.000402824 0.000940442 0.00203818 0.00236095 0.00149088 0.00061784 0.000204476 4.7701e-05 9.80585e-06 1.95768e-06 3.46857e-07 5.39829e-08 7.12876e-09 7.19771e-10 3.97399e-11 0 
0 2.26311e-07 2.23958e-06 1.10306e-05 3.682e-05 9.07841e-05 0.000173036 0.000266795 0.000350266 0.000411551 0.00045061 0.000472858 0.000483845 0.000487321 0.00048518 0.000477823 0.000464369 0.000442671 0.000409465 0.000361334 0.000297381 0.000223446 0.000153426 0.000101798 8.60965e-05 0.000149378 0.000314685 0.000504808 0.000569223 0.000411544 0.000204476 6.94653e-05 1.79737e-05 4.11821e-06 8.36323e-07 1.50507e-07 2.40759e-08 3.26985e-09 3.38707e-10 1.9131e-11 0 
0 7.15649e-08 6.97994e-07 3.46092e-06 1.20074e-05 3.19653e-05 6.81093e-05 0.000119858 0.000179869 0.000237982 0.000286442 0.000321924 0.000344415 0.000355256 0.000355775 0.000346703 0.000328143 0.000299938 0.000262397 0.000217338 0.00016904 0.000124103 8.90103e-05 6.5873e-05 5.25504e-05 5.41306e-05 8.06089e-05 0.000116704 0.000125178 9.28491e-05 4.7701e-05 1.79737e-05 5.41098e-06 1.35035e-06 2.88273e-07 5.46989e-08 9.17414e-09 1.29605e-09 1.38902e-10 8.08407e-12 0 
0 2.03016e-08 1.93341e-07 9.47938e-07 3.31542e-06 9.11553e-06 2.05739e-05 3.9169e-05 6.43624e-05 9.33351e-05 0.000122038 0.000146672 0.000164609 0.000174521 0.000176077 0.000169615 0.000155986 0.000136579 0.000113406 8.90874e-05 6.65562e-05 4.84197e-05 3.61238e-05 2.92854e-05 2.58625e-05 2.40601e-05 2.41842e-05 2.55906e-05 2.41347e-05 1.77504e-05 9.80585e-06 4.11821e-06 1.35035e-06 3.61456e-07 8.3327e-08 1.69676e-08 3.00995e-09 4.45222e-10 4.96632e-11 2.99466e-12 0 
0 5.15266e-09 4.76626e-08 2.2871e-07 7.9202e-07 2.18776e-06 5.03999e-06 9.93886e-06 1.71033e-05 2.61143e-05 3.59193e-05 4.51182e-05 5.23573e-05 5.66424e-05 5.74926e-05 5.49587e-05 4.95606e-05 4.21775e-05 3.38992e-05 2.58407e-05 1.89421e-05 1.37971e-05 1.05591e-05 8.94518e-06 8.33945e-06 8.03521e-06 7.56082e-06 6.72016e-06 5.37711e-06 3.62383e-06 1.95768e-06 8.36323e-07 2.88273e-07 8.3327e-08 2.08471e-08 4.55065e-09 8.54348e-10 1.32698e-10 1.54624e-11 9.69615e-13 0 
0 1.16037e-09 1.03997e-08 4.85866e-08 1.65022e-07 4.51145e-07 1.03879e-06 2.06681e-06 3.61638e-06 5.64272e-06 7.94515e-06 1.01999e-05 1.20444e-05 1.31753e-05 1.34241e-05 1.27895e-05 1.14254e-05 9.59401e-06 7.60098e-06 5.72827e-06 4.18201e-06 3.06551e-06 2.37937e-06 2.04078e-06 1.91186e-06 1.83662e-06 1.69024e-06 1.41973e-06 1.04978e-06 6.61464e-07 3.46857e-07 1.50507e-07 5.46989e-08 1.69676e-08 4.55065e-09 1.0562e-09 2.0938e-10 3.41727e-11 4.1667e-12 2.72304e-13 0 
0 2.27509e-10 1.97435e-09 8.96174e-09 2.97228e-08 7.98374e-08 1.81811e-07 3.60052e-07 6.30525e-07 9.88703e-07 1.40239e-06 1.81476e-06 2.15799e-06 2.37219e-06 2.42221e-06 2.30632e-06 2.05453e-06 1.71849e-06 1.35695e-06 1.02187e-06 7.4884e-07 5.53428e-07 4.3281e-07 3.70471e-07 3.41869e-07 3.20787e-07 2.87004e-07 2.33312e-07 1.66892e-07 1.02858e-07 5.39829e-08 2.40759e-08 9.17414e-09 3.00995e-09 8.54348e-10 2.0938e-10 4.37108e-11 7.49103e-12 9.55982e-13 6.51629e-14 0 
0 3.72519e-11 3.13187e-10 1.38084e-09 4.46552e-09 1.17492e-08 2.63371e-08 5.1586e-08 8.97323e-08 1.40254e-07 1.98805e-07 2.57497e-07 3.06687e-07 3.3767e-07 3.45212e-07 3.28944e-07 2.93193e-07 2.45462e-07 1.94239e-07 1.4692e-07 1.08444e-07 8.08289e-08 6.3486e-08 5.39595e-08 4.8817e-08 4.46054e-08 3.88644e-08 3.09049e-08 2.17978e-08 1.34065e-08 7.12876e-09 3.26985e-09 1.29605e-09 4.45222e-10 1.32698e-10 3.41727e-11 7.49103e-12 1.34571e-12 1.79582e-13 1.27644e-14 0 
0 4.60311e-12 3.75385e-11 1.609e-10 5.0743e-10 1.3068e-09 2.87853e-09 5.56197e-09 9.57864e-09 1.48691e-08 2.09857e-08 2.7117e-08 3.22662e-08 3.55268e-08 3.63469e-08 3.46811e-08 3.09763e-08 2.60147e-08 2.06819e-08 1.57478e-08 1.17226e-08 8.8093e-09 6.93819e-09 5.84873e-09 5.19051e-09 4.62878e-09 3.94267e-09 3.08439e-09 2.15993e-09 1.33336e-09 7.19771e-10 3.38707e-10 1.38902e-10 4.96632e-11 1.54624e-11 4.1667e-12 9.55982e-13 1.79582e-13 2.5018e-14 1.85245e-15 0 
0 3.06983e-13 2.43236e-12 1.01501e-11 3.12484e-11 7.88055e-11 1.70557e-10 3.24881e-10 5.53307e-10 8.51824e-10 1.19525e-09 1.53865e-09 1.82702e-09 2.01024e-09 2.05765e-09 1.96645e-09 1.7612e-09 1.48514e-09 1.18742e-09 9.10907e-10 6.84002e-10 5.17942e-10 4.087e-10 3.41753e-10 2.9808e-10 2.60247e-10 2.17461e-10 1.6791e-10 1.17031e-10 7.25845e-11 3.97399e-11 1.9131e-11 8.08407e-12 2.99466e-12 9.69615e-13 2.72304e-13 6.51629e-14 1.27644e-14 1.85245e-15 1.42675e-16 0 
0 0 0 0 0 0 0 0 0 0 0 0 0 0 0 0 0 0 0 0 0 0 0 0 0 0 0 0 0 0 0 0 0 0 0 0 0 0 0 0 0 
