0 0 0 0 0 0 0 0 0 0 0 0 0 0 0 0 0 0 0 0 0 0 0 0 0 0 0 0 0 0 0 0 0 0 0 0 0 0 0 0 0 
0 1.88785e-07 1.65214e-06 7.02157e-06 2.00612e-05 4.3052e-05 7.43245e-05 0.00010907 0.000142299 0.000170805 0.000193295 0.000209677 0.000220357 0.000225845 0.000226576 0.000222876 0.000214965 0.000203 0.000187141 0.000167656 0.000145071 0.000120304 9.47368e-05 7.01144e-05 4.82385e-05 3.05223e-05 1.75927e-05 9.16917e-06 4.30151e-06 1.81315e-06 6.86985e-07 2.34328e-07 7.20536e-08 1.99704e-08 4.97285e-09 1.10268e-09 2.13519e-10 3.46144e-11 4.24336e-12 2.81206e-13 0 
0 1.65214e-06 1.46013e-05 5.9438e-05 0.000152493 0.000279101 0.000402866 0.000500578 0.000571145 0.000622382 0.000660798 0.000689383 0.000708821 0.000718988 0.000719863 0.000711909 0.000696081 0.000673594 0.000645507 0.000612189 0.000572799 0.000525121 0.000466222 0.000394287 0.000311241 0.000224391 0.000144828 8.2434e-05 4.10511e-05 1.78747e-05 6.83811e-06 2.31518e-06 6.98529e-07 1.88636e-07 4.5593e-08 9.79713e-09 1.83811e-09 2.88935e-10 3.43897e-11 2.21628e-12 0 
0 7.02157e-06 5.9438e-05 0.000211961 0.000440064 0.000642967 0.00078364 0.000890694 0.000989268 0.00108444 0.00117133 0.00124328 0.00129495 0.00132316 0.00132689 0.00130712 0.00126657 0.00120937 0.00114064 0.00106605 0.000991101 0.000919814 0.000852735 0.00078452 0.000703272 0.000595349 0.000457271 0.000306369 0.000174093 8.30276e-05 3.34295e-05 1.15382e-05 3.47155e-06 9.22266e-07 2.1765e-07 4.55007e-08 8.29491e-09 1.26719e-09 1.46729e-10 9.21283e-12 0 
0 2.00612e-05 0.000152493 0.000440064 0.00072401 0.000921817 0.00109669 0.00128626 0.00148518 0.00167742 0.00184847 0.00198712 0.0020855 0.00213913 0.00214684 0.00211056 0.00203493 0.00192673 0.00179423 0.00164658 0.0014933 0.00134393 0.00120746 0.00109071 0.000994079 0.000904907 0.000795003 0.000636201 0.00043478 0.000242188 0.000108499 3.97102e-05 1.22139e-05 3.24009e-06 7.53441e-07 1.54154e-07 2.74235e-08 4.0851e-09 4.61453e-10 2.82977e-11 0 
0 4.3052e-05 0.000279101 0.000642967 0.000921817 0.00117158 0.00146046 0.0017791 0.00210228 0.00240755 0.00267601 0.00289238 0.00304554 0.00312905 0.00314134 0.00308541 0.00296829 0.00280014 0.00259323 0.00236085 0.00211642 0.00187274 0.00164167 0.00143425 0.0012603 0.00112484 0.00101767 0.000901604 0.000725937 0.000485758 0.000254151 0.000103084 3.34253e-05 9.02409e-06 2.09164e-06 4.21939e-07 7.36295e-08 1.0738e-08 1.18724e-09 7.13095e-11 0 
0 7.43245e-05 0.000402866 0.00078364 0.00109669 0.00146046 0.0018867 0.00234352 0.00280028 0.00322919 0.00360535 0.00390809 0.00412226 0.00423908 0.00425636 0.0041783 0.00401469 0.00377958 0.00348986 0.00316377 0.0028195 0.00247404 0.00214244 0.00183759 0.00157072 0.0013521 0.00118781 0.00106576 0.000935899 0.000729771 0.000452701 0.000210501 7.41845e-05 2.08073e-05 4.86864e-06 9.76181e-07 1.68039e-07 2.40962e-08 2.61699e-09 1.54431e-10 0 
0 0.00010907 0.000500578 0.000890694 0.00128626 0.0017791 0.00234352 0.00294151 0.00353701 0.00409524 0.00458446 0.00497884 0.00526053 0.00541728 0.00544097 0.00533546 0.00511828 0.00481061 0.00443334 0.00400882 0.00356005 0.00310869 0.00267362 0.00227035 0.00191119 0.00160635 0.00136519 0.0011917 0.00106323 0.000906875 0.000650989 0.000350702 0.00013732 4.07582e-05 9.74554e-06 1.95752e-06 3.34243e-07 4.73292e-08 5.06728e-09 2.94699e-10 0 
0 0.000142299 0.000571145 0.000989268 0.00148518 0.00210228 0.00280028 0.00353701 0.00426971 0.00495632 0.00556198 0.00607194 0.00647532 0.0067187 0.00675833 0.00659499 0.00626938 0.00584909 0.00537167 0.00484728 0.0042948 0.00373871 0.00320172 0.00270234 0.00225454 0.00186859 0.00155296 0.00131544 0.00115249 0.001016 0.000806644 0.000496499 0.000217669 6.92202e-05 1.70785e-05 3.45981e-06 5.88868e-07 8.26656e-08 8.7544e-09 5.03268e-10 0 
0 0.000170805 0.000622382 0.00108444 0.00167742 0.00240755 0.00322919 0.00409524 0.00495632 0.00576887 0.00652812 0.0072319 0.00772676 0.00796613 0.00800164 0.00785104 0.0074913 0.00692319 0.00627585 0.00563383 0.00498114 0.00432712 0.00369521 0.0031066 0.00257714 0.00211768 0.00173575 0.00143831 0.00122932 0.00108395 0.000911176 0.000622812 0.000303637 0.000103865 2.65933e-05 5.45941e-06 9.29839e-07 1.29841e-07 1.3642e-08 7.77349e-10 0 
0 0.000193295 0.000660798 0.00117133 0.00184847 0.00267601 0.00360535 0.00458446 0.00556198 0.00652812 0.00749252 0.00816931 0.0085224 0.00868457 0.00870792 0.00860352 0.00835322 0.00789584 0.00716331 0.00634551 0.00558232 0.00484026 0.00412549 0.00345925 0.002859 0.00233635 0.00189837 0.00155052 0.00129821 0.00113071 0.000975877 0.00071807 0.000382761 0.000140208 3.72841e-05 7.77413e-06 1.3284e-06 1.84997e-07 1.93336e-08 1.09466e-09 0 
0 0.000209677 0.000689383 0.00124328 0.00198712 0.00289238 0.00390809 0.00497884 0.00607194 0.0072319 0.00816931 0.00867477 0.00894817 0.00907815 0.00909641 0.00901044 0.00880989 0.00845908 0.00786925 0.00697939 0.00607531 0.00525073 0.00446883 0.00374058 0.00308392 0.00251112 0.00202912 0.00164218 0.00135515 0.00116426 0.00101407 0.000782306 0.00044624 0.00017311 4.76269e-05 1.00831e-05 1.73063e-06 2.40811e-07 2.50847e-08 1.41425e-09 0 
0 0.000220357 0.000708821 0.00129495 0.0020855 0.00304554 0.00412226 0.00526053 0.00647532 0.00772676 0.0085224 0.00894817 0.0091871 0.00930244 0.00931808 0.0092401 0.00906108 0.00875536 0.0082593 0.00744736 0.00644408 0.00553935 0.00470792 0.0039362 0.00324012 0.00263239 0.00211987 0.00170611 0.00139504 0.00118592 0.00103449 0.000820415 0.000489933 0.00019823 5.60006e-05 1.20066e-05 2.06987e-06 2.88098e-07 2.9962e-08 1.68511e-09 0 
0 0.000225845 0.000718988 0.00132316 0.00213913 0.00312905 0.00423908 0.00541728 0.0067187 0.00796613 0.00868457 0.00907815 0.00930244 0.00941119 0.00942531 0.00935027 0.00917978 0.00889196 0.00843351 0.00768317 0.00665459 0.0056933 0.00483284 0.00403782 0.00332081 0.00269457 0.00216595 0.00173807 0.00141424 0.00119486 0.00104158 0.000837427 0.000512979 0.000212786 6.11119e-05 1.32129e-05 2.28563e-06 3.18407e-07 3.31031e-08 1.86014e-09 0 
0 0.000226576 0.000719863 0.00132689 0.00214684 0.00314134 0.00425636 0.00544097 0.00675833 0.00800164 0.00870792 0.00909641 0.00931808 0.00942531 0.00943851 0.00936306 0.00919281 0.00890641 0.00845201 0.00770998 0.00667775 0.00570583 0.0048412 0.0040435 0.00332424 0.00269612 0.00216588 0.00173651 0.00141111 0.00119025 0.00103717 0.000836669 0.000516059 0.000215653 6.22764e-05 1.35098e-05 2.34146e-06 3.26552e-07 3.39747e-08 1.91013e-09 0 
0 0.000222876 0.000711909 0.00130712 0.00211056 0.00308541 0.0041783 0.00533546 0.00659499 0.00785104 0.00860352 0.00901044 0.0092401 0.00935027 0.00936306 0.00928415 0.0091067 0.0088071 0.00832746 0.00754221 0.0065159 0.00558191 0.00473803 0.00395722 0.00325345 0.00263919 0.00212108 0.00170217 0.00138577 0.00117191 0.0010216 0.000819472 0.000500323 0.000207156 5.95137e-05 1.28892e-05 2.23475e-06 3.12083e-07 3.25255e-08 1.83209e-09 0 
0 0.000214965 0.000696081 0.00126657 0.00203493 0.00296829 0.00401469 0.00511828 0.00626938 0.0074913 0.00835322 0.00880989 0.00906108 0.00917978 0.00919281 0.0091067 0.00891274 0.00858116 0.00803775 0.0071713 0.00620226 0.00533891 0.00453482 0.00378811 0.00311548 0.00252904 0.00203526 0.00163752 0.00133962 0.00114006 0.000993961 0.00078538 0.00046713 0.000188843 5.34855e-05 1.15179e-05 1.9956e-06 2.79175e-07 2.91791e-08 1.64906e-09 0 
0 0.000203 0.000673594 0.00120937 0.00192673 0.00280014 0.00377958 0.00481061 0.00584909 0.00692319 0.00789584 0.00845908 0.00875536 0.00889196 0.00890641 0.0088071 0.00858116 0.00818519 0.00752162 0.00663064 0.00578648 0.00499899 0.00424778 0.00354909 0.00292034 0.00237306 0.00191363 0.00154598 0.00127445 0.0010943 0.000951575 0.000732634 0.000418455 0.000163308 4.53196e-05 9.68209e-06 1.67623e-06 2.35139e-07 2.46829e-08 1.40193e-09 0 
0 0.000187141 0.000645507 0.00114064 0.00179423 0.00259323 0.00348986 0.00443334 0.00537167 0.00627585 0.00716331 0.00786925 0.0082593 0.00843351 0.00845201 0.00832746 0.00803775 0.00752162 0.00678507 0.00602764 0.0053004 0.00458482 0.00389606 0.00325551 0.00267979 0.00217976 0.00176188 0.00143089 0.00119112 0.00103205 0.000889278 0.000659242 0.000357709 0.000133976 3.6364e-05 7.71053e-06 1.33575e-06 1.88233e-07 1.98838e-08 1.13724e-09 0 
0 0.000167656 0.000612189 0.00106605 0.00164658 0.00236085 0.00316377 0.00400882 0.00484728 0.00563383 0.00634551 0.00697939 0.00744736 0.00768317 0.00770998 0.00754221 0.0071713 0.00663064 0.00602764 0.00540497 0.00476307 0.00412011 0.00350009 0.00292363 0.00240605 0.00195763 0.00158512 0.00129406 0.00108737 0.000946249 0.000799519 0.000565232 0.000290539 0.000104712 2.79169e-05 5.89815e-06 1.02579e-06 1.45614e-07 1.55156e-08 8.95451e-10 0 
0 0.000145071 0.000572799 0.000991101 0.0014933 0.00211642 0.0028195 0.00356005 0.0042948 0.00498114 0.00558232 0.00607531 0.00644408 0.00665459 0.00667775 0.0065159 0.00620226 0.00578648 0.0053004 0.00476307 0.00419753 0.00362894 0.00308006 0.00256936 0.00211078 0.00171416 0.00138662 0.00113379 0.000955 0.000824474 0.00067579 0.000456112 0.000224907 7.92019e-05 2.09887e-05 4.45244e-06 7.81047e-07 1.1201e-07 1.20603e-08 7.03077e-10 0 
0 0.000120304 0.000525121 0.000919814 0.00134393 0.00187274 0.00247404 0.00310869 0.00373871 0.00432712 0.00484026 0.00525073 0.00553935 0.0056933 0.00570583 0.00558191 0.00533891 0.00499899 0.00458482 0.00412011 0.00362894 0.00313389 0.00265463 0.00220727 0.00180435 0.00145529 0.0011671 0.000943718 0.000781092 0.000656372 0.000522193 0.000345424 0.000169585 6.01793e-05 1.61507e-05 3.47122e-06 6.16179e-07 8.92858e-08 9.70018e-09 5.69878e-10 0 
0 9.47368e-05 0.000466222 0.000852735 0.00120746 0.00164167 0.00214244 0.00267362 0.00320172 0.00369521 0.00412549 0.00446883 0.00470792 0.00483284 0.0048412 0.00473803 0.00453482 0.00424778 0.00389606 0.00350009 0.00308006 0.00265463 0.0022401 0.00185014 0.00149604 0.00118725 0.000930721 0.000728401 0.000576169 0.000463279 0.000365225 0.000250984 0.000130652 4.87173e-05 1.34879e-05 2.9473e-06 5.27401e-07 7.66989e-08 8.34387e-09 4.90223e-10 0 
0 7.01144e-05 0.000394287 0.00078452 0.00109071 0.00143425 0.00183759 0.00227035 0.00270234 0.0031066 0.00345925 0.00374058 0.0039362 0.00403782 0.0040435 0.00395722 0.00378811 0.00354909 0.00325551 0.00292363 0.00256936 0.00220727 0.00185014 0.00150949 0.00119791 0.00093266 0.000730266 0.000584728 0.00046409 0.000350993 0.000258753 0.000184807 0.000107443 4.37488e-05 1.26195e-05 2.78498e-06 4.9619e-07 7.148e-08 7.69304e-09 4.472e-10 0 
0 4.82385e-05 0.000311241 0.000703272 0.000994079 0.0012603 0.00157072 0.00191119 0.00225454 0.00257714 0.002859 0.00308392 0.00324012 0.00332081 0.00332424 0.00325345 0.00311548 0.00292034 0.00267979 0.00240605 0.00211078 0.00180435 0.00149604 0.00119791 0.000939221 0.000782288 0.000773905 0.000837214 0.000796012 0.000584872 0.000332913 0.00017367 9.59333e-05 4.24415e-05 1.27778e-05 2.8191e-06 4.93508e-07 6.95839e-08 7.33554e-09 4.18491e-10 0 
0 3.05223e-05 0.000224391 0.000595349 0.000904907 0.00112484 0.0013521 0.00160635 0.00186859 0.00211768 0.00233635 0.00251112 0.00263239 0.00269457 0.00269612 0.00263919 0.00252904 0.00237306 0.00217976 0.00195763 0.00171416 0.00145529 0.00118725 0.00093266 0.000782288 0.000918776 0.00144844 0.00221283 0.00261823 0.00164716 0.000837564 0.0003103 0.000108413 4.28466e-05 1.3068e-05 2.85009e-06 4.86218e-07 6.67339e-08 6.86624e-09 3.83507e-10 0 
0 1.75927e-05 0.000144828 0.000457271 0.000795003 0.00101767 0.00118781 0.00136519 0.00155296 0.00173575 0.00189837 0.00202912 0.00211987 0.00216595 0.00216588 0.00212108 0.00203526 0.00191363 0.00176188 0.00158512 0.00138662 0.0011671 0.000930721 0.000730266 0.000773905 0.00144844 0.00318462 0.00564955 0.00592417 0.00463328 0.00193427 0.0006543 0.000166757 4.61584e-05 1.28767e-05 2.71014e-06 4.47906e-07 5.98653e-08 6.02581e-09 3.30417e-10 0 
0 9.16917e-06 8.2434e-05 0.000306369 0.000636201 0.000901604 0.00106576 0.0011917 0.00131544 0.00143831 0.00155052 0.00164218 0.00170611 0.00173807 0.00173651 0.00170217 0.00163752 0.00154598 0.00143089 0.00129406 0.00113379 0.000943718 0.000728401 0.000584728 0.000837214 0.00221283 0.00564955 0.00644484 0.0065452 0.00614476 0.00391642 0.00104875 0.000242463 5.08508e-05 1.18621e-05 2.32709e-06 3.70515e-07 4.84289e-08 4.79954e-09 2.59983e-10 0 
0 4.30151e-06 4.10511e-05 0.000174093 0.00043478 0.000725937 0.000935899 0.00106323 0.00115249 0.00122932 0.00129821 0.00135515 0.00139504 0.00141424 0.00141111 0.00138577 0.00133962 0.00127445 0.00119112 0.00108737 0.000955 0.000781092 0.000576169 0.00046409 0.000796012 0.00261823 0.00592417 0.0065452 0.00662836 0.00630906 0.00465018 0.00115721 0.000260168 4.85792e-05 9.68777e-06 1.74442e-06 2.67771e-07 3.45055e-08 3.39784e-09 1.8334e-10 0 
0 1.81315e-06 1.78747e-05 8.30276e-05 0.000242188 0.000485758 0.000729771 0.000906875 0.001016 0.00108395 0.00113071 0.00116426 0.00118592 0.00119486 0.00119025 0.00117191 0.00114006 0.0010943 0.00103205 0.000946249 0.000824474 0.000656372 0.000463279 0.000350993 0.000584872 0.00164716 0.00463328 0.00614476 0.00630906 0.00582451 0.00283314 0.000855697 0.000192877 3.55596e-05 6.54357e-06 1.1046e-06 1.65885e-07 2.13476e-08 2.1117e-09 1.1456e-10 0 
0 6.86985e-07 6.83811e-06 3.34295e-05 0.000108499 0.000254151 0.000452701 0.000650989 0.000806644 0.000911176 0.000975877 0.00101407 0.00103449 0.00104158 0.00103717 0.0010216 0.000993961 0.000951575 0.000889278 0.000799519 0.00067579 0.000522193 0.000365225 0.000258753 0.000332913 0.000837564 0.00193427 0.00391642 0.00465018 0.00283314 0.00128464 0.000425141 9.86915e-05 1.92259e-05 3.48622e-06 5.77277e-07 8.71708e-08 1.13882e-08 1.14475e-09 6.30264e-11 0 
0 2.34328e-07 2.31518e-06 1.15382e-05 3.97102e-05 0.000103084 0.000210501 0.000350702 0.000496499 0.000622812 0.00071807 0.000782306 0.000820415 0.000837427 0.000836669 0.000819472 0.00078538 0.000732634 0.000659242 0.000565232 0.000456112 0.000345424 0.000250984 0.000184807 0.00017367 0.0003103 0.0006543 0.00104875 0.00115721 0.000855697 0.000425141 0.000144183 3.64335e-05 7.76104e-06 1.45273e-06 2.48235e-07 3.88298e-08 5.23209e-09 5.40135e-10 3.04391e-11 0 
0 7.20536e-08 6.98529e-07 3.47155e-06 1.22139e-05 3.34253e-05 7.41845e-05 0.00013732 0.000217669 0.000303637 0.000382761 0.00044624 0.000489933 0.000512979 0.000516059 0.000500323 0.00046713 0.000418455 0.000357709 0.000290539 0.000224907 0.000169585 0.000130652 0.000107443 9.59333e-05 0.000108413 0.000166757 0.000242463 0.000260168 0.000192877 9.86915e-05 3.64335e-05 1.04021e-05 2.41844e-06 4.86618e-07 8.92658e-08 1.47654e-08 2.07541e-09 2.21884e-10 1.28904e-11 0 
0 1.99704e-08 1.88636e-07 9.22266e-07 3.24009e-06 9.02409e-06 2.08073e-05 4.07582e-05 6.92202e-05 0.000103865 0.000140208 0.00017311 0.00019823 0.000212786 0.000215653 0.000207156 0.000188843 0.000163308 0.000133976 0.000104712 7.92019e-05 6.01793e-05 4.87173e-05 4.37488e-05 4.24415e-05 4.28466e-05 4.61584e-05 5.08508e-05 4.85792e-05 3.55596e-05 1.92259e-05 7.76104e-06 2.41844e-06 6.16474e-07 1.37265e-07 2.74563e-08 4.83585e-09 7.13205e-10 7.94185e-11 4.78208e-12 0 
0 4.97285e-09 4.5593e-08 2.1765e-07 7.53441e-07 2.09164e-06 4.86864e-06 9.74554e-06 1.70785e-05 2.65933e-05 3.72841e-05 4.76269e-05 5.60006e-05 6.11119e-05 6.22764e-05 5.95137e-05 5.34855e-05 4.53196e-05 3.6364e-05 2.79169e-05 2.09887e-05 1.61507e-05 1.34879e-05 1.26195e-05 1.27778e-05 1.3068e-05 1.28767e-05 1.18621e-05 9.68777e-06 6.54357e-06 3.48622e-06 1.45273e-06 4.86618e-07 1.37265e-07 3.38146e-08 7.32634e-09 1.37106e-09 2.12602e-10 2.47426e-11 1.54983e-12 0 
0 1.10268e-09 9.79713e-09 4.55007e-08 1.54154e-07 4.21939e-07 9.76181e-07 1.95752e-06 3.45981e-06 5.45941e-06 7.77413e-06 1.00831e-05 1.20066e-05 1.32129e-05 1.35098e-05 1.28892e-05 1.15179e-05 9.68209e-06 7.71053e-06 5.89815e-06 4.45244e-06 3.47122e-06 2.9473e-06 2.78498e-06 2.8191e-06 2.85009e-06 2.71014e-06 2.32709e-06 1.74442e-06 1.1046e-06 5.77277e-07 2.48235e-07 8.92658e-08 2.74563e-08 7.32634e-09 1.6961e-09 3.35777e-10 5.47491e-11 6.66977e-12 4.35511e-13 0 
0 2.13519e-10 1.83811e-09 8.29491e-09 2.74235e-08 7.36295e-08 1.68039e-07 3.34243e-07 5.88868e-07 9.29839e-07 1.3284e-06 1.73063e-06 2.06987e-06 2.28563e-06 2.34146e-06 2.23475e-06 1.9956e-06 1.67623e-06 1.33575e-06 1.02579e-06 7.81047e-07 6.16179e-07 5.27401e-07 4.9619e-07 4.93508e-07 4.86218e-07 4.47906e-07 3.70515e-07 2.67771e-07 1.65885e-07 8.71708e-08 3.88298e-08 1.47654e-08 4.83585e-09 1.37106e-09 3.35777e-10 7.00587e-11 1.19997e-11 1.53045e-12 1.04253e-13 0 
0 3.46144e-11 2.88935e-10 1.26719e-09 4.0851e-09 1.0738e-08 2.40962e-08 4.73292e-08 8.26656e-08 1.29841e-07 1.84997e-07 2.40811e-07 2.88098e-07 3.18407e-07 3.26552e-07 3.12083e-07 2.79175e-07 2.35139e-07 1.88233e-07 1.45614e-07 1.1201e-07 8.92858e-08 7.66989e-08 7.148e-08 6.95839e-08 6.67339e-08 5.98653e-08 4.84289e-08 3.45055e-08 2.13476e-08 1.13882e-08 5.23209e-09 2.07541e-09 7.13205e-10 2.12602e-10 5.47491e-11 1.19997e-11 2.15506e-12 2.87479e-13 2.04242e-14 0 
0 4.24336e-12 3.43897e-11 1.46729e-10 4.61453e-10 1.18724e-09 2.61699e-09 5.06728e-09 8.7544e-09 1.3642e-08 1.93336e-08 2.50847e-08 2.9962e-08 3.31031e-08 3.39747e-08 3.25255e-08 2.91791e-08 2.46829e-08 1.98838e-08 1.55156e-08 1.20603e-08 9.70018e-09 8.34387e-09 7.69304e-09 7.33554e-09 6.86624e-09 6.02581e-09 4.79954e-09 3.39784e-09 2.1117e-09 1.14475e-09 5.40135e-10 2.21884e-10 7.94185e-11 2.47426e-11 6.66977e-12 1.53045e-12 2.87479e-13 4.00419e-14 2.96403e-15 0 
0 2.81206e-13 2.21628e-12 9.21283e-12 2.82977e-11 7.13095e-11 1.54431e-10 2.94699e-10 5.03268e-10 7.77349e-10 1.09466e-09 1.41425e-09 1.68511e-09 1.86014e-09 1.91013e-09 1.83209e-09 1.64906e-09 1.40193e-09 1.13724e-09 8.95451e-10 7.03077e-10 5.69878e-10 4.90223e-10 4.472e-10 4.18491e-10 3.83507e-10 3.30417e-10 2.59983e-10 1.8334e-10 1.1456e-10 6.30264e-11 3.04391e-11 1.28904e-11 4.78208e-12 1.54983e-12 4.35511e-13 1.04253e-13 2.04242e-14 2.96403e-15 2.28256e-16 0 
0 0 0 0 0 0 0 0 0 0 0 0 0 0 0 0 0 0 0 0 0 0 0 0 0 0 0 0 0 0 0 0 0 0 0 0 0 0 0 0 0 
