0 0 0 0 0 0 0 0 0 0 0 0 0 0 0 0 0 0 0 0 0 0 0 0 0 0 0 0 0 0 0 0 0 0 0 0 0 0 0 0 0 
0 7.41049e-11 7.07007e-10 3.5693e-09 1.33201e-08 4.06664e-08 1.06022e-07 2.41144e-07 4.84225e-07 8.64715e-07 1.38009e-06 1.97602e-06 2.54616e-06 2.96082e-06 3.11518e-06 2.97255e-06 2.57814e-06 2.03666e-06 1.46837e-06 9.6815e-07 5.85004e-07 3.24686e-07 1.65924e-07 7.82713e-08 3.41742e-08 1.38469e-08 5.22021e-09 1.8354e-09 6.03058e-10 1.85452e-10 5.34186e-11 1.44093e-11 3.63389e-12 8.53574e-13 1.85434e-13 3.679e-14 6.51434e-15 9.83836e-16 1.14153e-16 7.25731e-18 0 
0 7.07007e-10 6.99788e-09 3.66565e-08 1.41823e-07 4.48136e-07 1.2062e-06 2.82344e-06 5.81334e-06 1.06018e-05 1.72082e-05 2.49541e-05 3.24379e-05 3.79144e-05 3.99606e-05 3.80769e-05 3.28781e-05 2.57806e-05 1.83948e-05 1.19676e-05 7.11496e-06 3.87477e-06 1.93812e-06 8.92955e-07 3.80108e-07 1.49951e-07 5.49861e-08 1.87941e-08 6.00203e-09 1.79424e-09 5.02622e-10 1.31944e-10 3.24116e-11 7.42351e-12 1.57437e-12 3.05321e-13 5.29168e-14 7.83365e-15 8.92266e-16 5.5774e-17 0 
0 3.5693e-09 3.66565e-08 1.99286e-07 7.99577e-07 2.61528e-06 7.26668e-06 1.74976e-05 3.69088e-05 6.86533e-05 0.000113146 0.000165891 0.000217204 0.000254895 0.000269005 0.000256053 0.000220353 0.000171787 0.000121538 7.81756e-05 4.58102e-05 2.45163e-05 1.2017e-05 5.41234e-06 2.24766e-06 8.63713e-07 3.08183e-07 1.02435e-07 3.18063e-08 9.24616e-09 2.52001e-09 6.44119e-10 1.54212e-10 3.4465e-11 7.14156e-12 1.35512e-12 2.3015e-13 3.34408e-14 3.74495e-15 2.30576e-16 0 
0 1.33201e-08 1.41823e-07 7.99577e-07 3.32371e-06 1.12397e-05 3.2187e-05 7.95532e-05 0.000171419 0.000324036 0.000539988 0.000797043 0.00104716 0.00123053 0.00129903 0.00123617 0.00106289 0.00082691 0.000582634 0.000372165 0.000215841 0.000113914 5.48759e-05 2.42173e-05 9.82998e-06 3.6852e-06 1.28118e-06 4.14609e-07 1.25306e-07 3.54615e-08 9.41356e-09 2.34543e-09 5.47944e-10 1.19646e-10 2.4257e-11 4.51046e-12 7.51957e-13 1.07447e-13 1.18567e-14 7.20888e-16 0 
0 4.06664e-08 4.48136e-07 2.61528e-06 1.12397e-05 3.91977e-05 0.000115315 0.000291294 0.000637568 0.00121615 0.00203256 0.00299504 0.00391917 0.00458782 0.00483476 0.0046064 0.00397571 0.00310836 0.00219922 0.00140676 0.000813654 0.000426217 0.000202834 8.80646e-05 3.50513e-05 1.28535e-05 4.36369e-06 1.37763e-06 4.06016e-07 1.12056e-07 2.90235e-08 7.06135e-09 1.61268e-09 3.44695e-10 6.85122e-11 1.25113e-11 2.0524e-12 2.89187e-13 3.15421e-14 1.90057e-15 0 
0 1.06022e-07 1.2062e-06 7.26668e-06 3.2187e-05 0.000115315 0.000346743 0.000889032 0.00195816 0.00372451 0.00615787 0.00893315 0.0115034 0.0133041 0.0139505 0.0133367 0.0116376 0.00924543 0.00665622 0.00432248 0.00252473 0.00132648 0.000628759 0.000270249 0.000105975 3.81552e-05 1.2689e-05 3.91884e-06 1.12915e-06 3.04659e-07 7.71765e-08 1.83797e-08 4.11355e-09 8.62878e-10 1.68605e-10 3.0329e-11 4.91196e-12 6.85062e-13 7.41768e-14 4.45159e-15 0 
0 2.41144e-07 2.82344e-06 1.74976e-05 7.95532e-05 0.000291294 0.000889032 0.00229092 0.00500953 0.00934064 0.0149907 0.0210255 0.026257 0.0297199 0.0308971 0.0297046 0.0264133 0.0215994 0.0160888 0.0108021 0.00648445 0.00346892 0.0016572 0.00071135 0.000276605 9.82604e-05 3.21383e-05 9.74357e-06 2.75354e-06 7.28558e-07 1.81061e-07 4.23394e-08 9.31619e-09 1.92442e-09 3.71039e-10 6.60144e-11 1.06043e-11 1.47165e-12 1.59144e-13 9.57764e-15 0 
0 4.84225e-07 5.81334e-06 3.69088e-05 0.000171419 0.000637568 0.00195816 0.00500953 0.0106975 0.0191761 0.0293024 0.0391142 0.0468765 0.0516385 0.0531212 0.0514094 0.0467782 0.0397068 0.0310094 0.0219031 0.0137739 0.00763855 0.00373264 0.00161804 0.000628947 0.000221775 7.1682e-05 2.14224e-05 5.96064e-06 1.55242e-06 3.79932e-07 8.75786e-08 1.90247e-08 3.88752e-09 7.43309e-10 1.31546e-10 2.10941e-11 2.93435e-12 3.19527e-13 1.94572e-14 0 
0 8.64715e-07 1.06018e-05 6.86533e-05 0.000324036 0.00121615 0.00372451 0.00934064 0.0191761 0.0325364 0.0468037 0.0591664 0.0680584 0.0731124 0.0745043 0.0725085 0.0673503 0.0592477 0.0486191 0.0364213 0.0243201 0.0142075 0.00720963 0.00319485 0.0012528 0.000441484 0.000141783 4.19673e-05 1.15489e-05 2.97412e-06 7.20151e-07 1.6446e-07 3.54637e-08 7.21247e-09 1.37708e-09 2.44328e-10 3.946e-11 5.5566e-12 6.15694e-13 3.83354e-14 0 
0 1.38009e-06 1.72082e-05 0.000113146 0.000539988 0.00203256 0.00615787 0.0149907 0.0293024 0.0468037 0.0634908 0.076593 0.0853624 0.0900784 0.0911984 0.0890728 0.0839073 0.0757799 0.0647459 0.051184 0.0363606 0.0225605 0.0120222 0.00550509 0.00219706 0.000779198 0.000250092 7.37083e-05 2.01663e-05 5.16314e-06 1.24426e-06 2.83357e-07 6.11044e-08 1.24732e-08 2.40106e-09 4.31721e-10 7.1053e-11 1.02516e-11 1.16932e-12 7.51842e-14 0 
0 1.97602e-06 2.49541e-05 0.000165891 0.000797043 0.00299504 0.00893315 0.0210255 0.0391142 0.0591664 0.076593 0.0894012 0.0976639 0.101988 0.102873 0.100659 0.0955655 0.0876855 0.0769613 0.0633533 0.0474455 0.0311959 0.0175219 0.0083457 0.00341348 0.00122615 0.000395654 0.000116793 3.19672e-05 8.19279e-06 1.98025e-06 4.53723e-07 9.8854e-08 2.04921e-08 4.02912e-09 7.44385e-10 1.26566e-10 1.89415e-11 2.24514e-12 1.49899e-13 0 
0 2.54616e-06 3.24379e-05 0.000217204 0.00104716 0.00391917 0.0115034 0.026257 0.0468765 0.0680584 0.0853624 0.0976639 0.105517 0.109593 0.110332 0.108041 0.102966 0.0952657 0.0849259 0.0717633 0.0558534 0.0385161 0.0227046 0.011258 0.00473686 0.00173224 0.000565287 0.000168258 4.64293e-05 1.20193e-05 2.94485e-06 6.87325e-07 1.53455e-07 3.28102e-08 6.69537e-09 1.29021e-09 2.29431e-10 3.59022e-11 4.43526e-12 3.06881e-13 0 
0 2.96082e-06 3.79144e-05 0.000254895 0.00123053 0.00458782 0.0133041 0.0297199 0.0516385 0.0731124 0.0900784 0.101988 0.109593 0.113533 0.114192 0.111851 0.106776 0.0991822 0.089133 0.0764524 0.0609775 0.043498 0.0266454 0.013694 0.00592998 0.00221626 0.000736016 0.00022273 6.2602e-05 1.65753e-05 4.17825e-06 1.01041e-06 2.35435e-07 5.28643e-08 1.13731e-08 2.31178e-09 4.32274e-10 7.06852e-11 9.04936e-12 6.42983e-13 0 
0 3.11518e-06 3.99606e-05 0.000269005 0.00129903 0.00483476 0.0139505 0.0308971 0.0531212 0.0745043 0.0911984 0.102873 0.110332 0.114192 0.114809 0.11246 0.107418 0.0999321 0.0901183 0.0778484 0.0629021 0.0457883 0.028792 0.0152221 0.00677297 0.00259617 0.000884152 0.000275069 7.98946e-05 2.20198e-05 5.82658e-06 1.49097e-06 3.69762e-07 8.85444e-08 2.02628e-08 4.35162e-09 8.51453e-10 1.4411e-10 1.88918e-11 1.36122e-12 0 
0 2.97255e-06 3.80769e-05 0.000256053 0.00123617 0.0046064 0.0133367 0.0297046 0.0514094 0.0725085 0.0890728 0.100659 0.108041 0.111851 0.11246 0.11015 0.105202 0.0978697 0.0882904 0.0763778 0.0619529 0.0454728 0.0290055 0.0156516 0.00714507 0.00282351 0.000996995 0.000324052 9.92673e-05 2.91502e-05 8.2907e-06 2.29143e-06 6.13305e-07 1.57461e-07 3.82144e-08 8.59013e-09 1.73607e-09 2.9985e-10 3.97036e-11 2.86577e-12 0 
0 2.57814e-06 3.28781e-05 0.000220353 0.00106289 0.00397571 0.0116376 0.0264133 0.0467782 0.0673503 0.0839073 0.0955655 0.102966 0.106776 0.107418 0.105202 0.100408 0.0932826 0.0839562 0.0723805 0.0584891 0.0428605 0.0274687 0.0150473 0.00705962 0.00290375 0.00108126 0.000375665 0.000124614 4.00119e-05 1.24858e-05 3.76977e-06 1.08993e-06 2.97677e-07 7.55957e-08 1.75096e-08 3.59837e-09 6.25255e-10 8.26026e-11 5.91183e-12 0 
0 2.03666e-06 2.57806e-05 0.000171787 0.00082691 0.00310836 0.00924543 0.0215994 0.0397068 0.0592477 0.0757799 0.0876855 0.0952657 0.0991822 0.0999321 0.0978697 0.0932826 0.0863986 0.077341 0.0661228 0.0528698 0.0383908 0.024586 0.0136725 0.00664595 0.00289405 0.00116483 0.000445308 0.000164433 5.88955e-05 2.03326e-05 6.68306e-06 2.06224e-06 5.89361e-07 1.53892e-07 3.61269e-08 7.4408e-09 1.2849e-09 1.6767e-10 1.18028e-11 0 
0 1.46837e-06 1.83948e-05 0.000121538 0.000582634 0.00219922 0.00665622 0.0160888 0.0310094 0.0486191 0.0647459 0.0769613 0.0849259 0.089133 0.0901183 0.0882904 0.0839562 0.077341 0.0685921 0.0578514 0.0455159 0.0326294 0.0209008 0.0118974 0.00609561 0.00288331 0.00129329 0.000559801 0.000234568 9.42629e-05 3.57655e-05 1.26106e-05 4.07808e-06 1.19714e-06 3.15987e-07 7.4079e-08 1.51028e-08 2.56569e-09 3.28024e-10 2.25658e-11 0 
0 9.6815e-07 1.19676e-05 7.81756e-05 0.000372165 0.00140676 0.00432248 0.0108021 0.0219031 0.0364213 0.051184 0.0633533 0.0717633 0.0764524 0.0778484 0.0763778 0.0723805 0.0661228 0.0578514 0.047923 0.0370187 0.0262726 0.0170043 0.0100946 0.00559829 0.00296682 0.0015256 0.000761363 0.000363613 0.000162706 6.68371e-05 2.48234e-05 8.25773e-06 2.44715e-06 6.43022e-07 1.48603e-07 2.96712e-08 4.91669e-09 6.11783e-10 4.09215e-11 0 
0 5.85004e-07 7.11496e-06 4.58102e-05 0.000215841 0.000813654 0.00252473 0.00648445 0.0137739 0.0243201 0.0363606 0.0474455 0.0558534 0.0609775 0.0629021 0.0619529 0.0584891 0.0528698 0.0455159 0.0370187 0.0282134 0.0200775 0.0134143 0.00854462 0.005291 0.00322614 0.00193197 0.00111506 0.000602911 0.000296697 0.000129924 4.99721e-05 1.68094e-05 4.94868e-06 1.27641e-06 2.87405e-07 5.56799e-08 8.93528e-09 1.07629e-09 6.97288e-11 0 
0 3.24686e-07 3.87477e-06 2.45163e-05 0.000113914 0.000426217 0.00132648 0.00346892 0.00763855 0.0142075 0.0225605 0.0311959 0.0385161 0.043498 0.0457883 0.0454728 0.0428605 0.0383908 0.0326294 0.0262726 0.0200775 0.0146893 0.0104573 0.00738298 0.00523379 0.00371515 0.00258923 0.00171602 0.00104181 0.000559039 0.000258156 0.000101344 3.38882e-05 9.74688e-06 2.43306e-06 5.27968e-07 9.84467e-08 1.52116e-08 1.76673e-09 1.1058e-10 0 
0 1.65924e-07 1.93812e-06 1.2017e-05 5.48759e-05 0.000202834 0.000628759 0.0016572 0.00373264 0.00720963 0.0120222 0.0175219 0.0227046 0.0266454 0.028792 0.0290055 0.0274687 0.024586 0.0209008 0.0170043 0.0134143 0.0104573 0.00822137 0.00660314 0.00540881 0.00444392 0.00356503 0.00269819 0.00184529 0.00108615 0.000528362 0.000208829 6.77792e-05 1.85607e-05 4.3941e-06 9.07185e-07 1.61612e-07 2.39437e-08 2.67527e-09 1.61605e-10 0 
0 7.82713e-08 8.92955e-07 5.41234e-06 2.42173e-05 8.80646e-05 0.000270249 0.00071135 0.00161804 0.00319485 0.00550509 0.0083457 0.011258 0.013694 0.0152221 0.0156516 0.0150473 0.0136725 0.0118974 0.0100946 0.00854462 0.00738298 0.00660314 0.00610147 0.00573669 0.00539158 0.00499667 0.00444191 0.00354705 0.00234139 0.0012015 0.000468379 0.000141485 3.49972e-05 7.51929e-06 1.4405e-06 2.42698e-07 3.43707e-08 3.69294e-09 2.15456e-10 0 
0 3.41742e-08 3.80108e-07 2.24766e-06 9.82998e-06 3.50513e-05 0.000105975 0.000276605 0.000628947 0.0012528 0.00219706 0.00341348 0.00473686 0.00592998 0.00677297 0.00714507 0.00705962 0.00664595 0.00609561 0.00559829 0.005291 0.00523379 0.00540881 0.00573669 0.00615095 0.00678756 0.00793108 0.00909555 0.00873972 0.00630805 0.00328134 0.00122091 0.000330607 6.94103e-05 1.25453e-05 2.11252e-06 3.29293e-07 4.43853e-08 4.59198e-09 2.59442e-10 0 
0 1.38469e-08 1.49951e-07 8.63713e-07 3.6852e-06 1.28535e-05 3.81552e-05 9.82604e-05 0.000221775 0.000441484 0.000779198 0.00122615 0.00173224 0.00221626 0.00259617 0.00282351 0.00290375 0.00289405 0.00288331 0.00296682 0.00322614 0.00371515 0.00444392 0.00539158 0.00678756 0.00988447 0.016276 0.0235813 0.0251408 0.0185616 0.00939017 0.00328578 0.000806498 0.000144312 2.09966e-05 2.8954e-06 4.00679e-07 5.09273e-08 5.08511e-09 2.79482e-10 0 
0 5.22021e-09 5.49861e-08 3.08183e-07 1.28118e-06 4.36369e-06 1.2689e-05 3.21383e-05 7.1682e-05 0.000141783 0.000250092 0.000395654 0.000565287 0.000736016 0.000884152 0.000996995 0.00108126 0.00116483 0.00129329 0.0015256 0.00193197 0.00258923 0.00356503 0.00499667 0.00793108 0.016276 0.0339387 0.0539589 0.0592641 0.0438852 0.0218173 0.00733687 0.00169335 0.000273643 3.3435e-05 3.69305e-06 4.34547e-07 5.13588e-08 4.96387e-09 2.67047e-10 0 
0 1.8354e-09 1.87941e-08 1.02435e-07 4.14609e-07 1.37763e-06 3.91884e-06 9.74357e-06 2.14224e-05 4.19673e-05 7.37083e-05 0.000116793 0.000168258 0.00022273 0.000275069 0.000324052 0.000375665 0.000445308 0.000559801 0.000761363 0.00111506 0.00171602 0.00269819 0.00444191 0.00909555 0.0235813 0.0539589 0.0881333 0.097558 0.0722917 0.0357442 0.011827 0.00264632 0.000405431 4.46659e-05 4.14862e-06 4.12755e-07 4.50317e-08 4.23432e-09 2.24724e-10 0 
0 6.03058e-10 6.00203e-09 3.18063e-08 1.25306e-07 4.06016e-07 1.12915e-06 2.75354e-06 5.96064e-06 1.15489e-05 2.01663e-05 3.19672e-05 4.64293e-05 6.2602e-05 7.98946e-05 9.92673e-05 0.000124614 0.000164433 0.000234568 0.000363613 0.000602911 0.00104181 0.00184529 0.00354705 0.00873972 0.0251408 0.0592641 0.097558 0.108231 0.0802167 0.0396011 0.0130331 0.0028777 0.000429636 4.49239e-05 3.76807e-06 3.31394e-07 3.38976e-08 3.13457e-09 1.65666e-10 0 
0 1.85452e-10 1.79424e-09 9.24616e-09 3.54615e-08 1.12056e-07 3.04659e-07 7.28558e-07 1.55242e-06 2.97412e-06 5.16314e-06 8.19279e-06 1.20193e-05 1.65753e-05 2.20198e-05 2.91502e-05 4.00119e-05 5.88955e-05 9.42629e-05 0.000162706 0.000296697 0.000559039 0.00108615 0.00234139 0.00630805 0.0185616 0.0438852 0.0722917 0.0802167 0.0594551 0.0293477 0.00965043 0.00212114 0.000313199 3.20715e-05 2.58458e-06 2.16243e-07 2.16401e-08 2.00441e-09 1.06635e-10 0 
0 5.34186e-11 5.02622e-10 2.52001e-09 9.41356e-09 2.90235e-08 7.71765e-08 1.81061e-07 3.79932e-07 7.20151e-07 1.24426e-06 1.98025e-06 2.94485e-06 4.17825e-06 5.82658e-06 8.2907e-06 1.24858e-05 2.03326e-05 3.57655e-05 6.68371e-05 0.000129924 0.000258156 0.000528362 0.0012015 0.00328134 0.00939017 0.0218173 0.0357442 0.0396011 0.0293477 0.0145002 0.00477565 0.00104933 0.000154692 1.58764e-05 1.2983e-06 1.12397e-07 1.16534e-08 1.10546e-09 5.985e-11 0 
0 1.44093e-11 1.31944e-10 6.44119e-10 2.34543e-09 7.06135e-09 1.83797e-08 4.23394e-08 8.75786e-08 1.6446e-07 2.83357e-07 4.53723e-07 6.87325e-07 1.01041e-06 1.49097e-06 2.29143e-06 3.76977e-06 6.68306e-06 1.26106e-05 2.48234e-05 4.99721e-05 0.000101344 0.000208829 0.000468379 0.00122091 0.00328578 0.00733687 0.011827 0.0130331 0.00965043 0.00477565 0.00157649 0.000347305 5.16456e-05 5.45685e-06 4.81985e-07 4.70889e-08 5.32286e-09 5.26738e-10 2.9298e-11 0 
0 3.63389e-12 3.24116e-11 1.54212e-10 5.47944e-10 1.61268e-09 4.11355e-09 9.31619e-09 1.90247e-08 3.54637e-08 6.11044e-08 9.8854e-08 1.53455e-07 2.35435e-07 3.69762e-07 6.13305e-07 1.08993e-06 2.06224e-06 4.07808e-06 8.25773e-06 1.68094e-05 3.38882e-05 6.77792e-05 0.000141485 0.000330607 0.000806498 0.00169335 0.00264632 0.0028777 0.00212114 0.00104933 0.000347305 7.72191e-05 1.18032e-05 1.34381e-06 1.39511e-07 1.65367e-08 2.08854e-09 2.176e-10 1.25213e-11 0 
0 8.53574e-13 7.42351e-12 3.4465e-11 1.19646e-10 3.44695e-10 8.62878e-10 1.92442e-09 3.88752e-09 7.21247e-09 1.24732e-08 2.04921e-08 3.28102e-08 5.28643e-08 8.85444e-08 1.57461e-07 2.97677e-07 5.89361e-07 1.19714e-06 2.44715e-06 4.94868e-06 9.74688e-06 1.85607e-05 3.49972e-05 6.94103e-05 0.000144312 0.000273643 0.000405431 0.000429636 0.000313199 0.000154692 5.16456e-05 1.18032e-05 1.93514e-06 2.58206e-07 3.45816e-08 5.07973e-09 7.1168e-10 7.81586e-11 4.67405e-12 0 
0 1.85434e-13 1.57437e-12 7.14156e-12 2.4257e-11 6.85122e-11 1.68605e-10 3.71039e-10 7.43309e-10 1.37708e-09 2.40106e-09 4.02912e-09 6.69537e-09 1.13731e-08 2.02628e-08 3.82144e-08 7.55957e-08 1.53892e-07 3.15987e-07 6.43022e-07 1.27641e-06 2.43306e-06 4.3941e-06 7.51929e-06 1.25453e-05 2.09966e-05 3.3435e-05 4.46659e-05 4.49239e-05 3.20715e-05 1.58764e-05 5.45685e-06 1.34381e-06 2.58206e-07 4.49806e-08 7.98398e-09 1.39005e-09 2.11246e-10 2.44056e-11 1.52107e-12 0 
0 3.679e-14 3.05321e-13 1.35512e-12 4.51046e-12 1.25113e-11 3.0329e-11 6.60144e-11 1.31546e-10 2.44328e-10 4.31721e-10 7.44385e-10 1.29021e-09 2.31178e-09 4.35162e-09 8.59013e-09 1.75096e-08 3.61269e-08 7.4079e-08 1.48603e-07 2.87405e-07 5.27968e-07 9.07185e-07 1.4405e-06 2.11252e-06 2.8954e-06 3.69305e-06 4.14862e-06 3.76807e-06 2.58458e-06 1.2983e-06 4.81985e-07 1.39511e-07 3.45816e-08 7.98398e-09 1.73187e-09 3.35514e-10 5.43035e-11 6.58757e-12 4.28536e-13 0 
0 6.51434e-15 5.29168e-14 2.3015e-13 7.51957e-13 2.0524e-12 4.91196e-12 1.06043e-11 2.10941e-11 3.946e-11 7.1053e-11 1.26566e-10 2.29431e-10 4.32274e-10 8.51453e-10 1.73607e-09 3.59837e-09 7.4408e-09 1.51028e-08 2.96712e-08 5.56799e-08 9.84467e-08 1.61612e-07 2.42698e-07 3.29293e-07 4.00679e-07 4.34547e-07 4.12755e-07 3.31394e-07 2.16243e-07 1.12397e-07 4.70889e-08 1.65367e-08 5.07973e-09 1.39005e-09 3.35514e-10 6.96204e-11 1.18889e-11 1.5123e-12 1.02733e-13 0 
0 9.83836e-16 7.83365e-15 3.34408e-14 1.07447e-13 2.89187e-13 6.85062e-13 1.47165e-12 2.93435e-12 5.5566e-12 1.02516e-11 1.89415e-11 3.59022e-11 7.06852e-11 1.4411e-10 2.9985e-10 6.25255e-10 1.2849e-09 2.56569e-09 4.91669e-09 8.93528e-09 1.52116e-08 2.39437e-08 3.43707e-08 4.43853e-08 5.09273e-08 5.13588e-08 4.50317e-08 3.38976e-08 2.16401e-08 1.16534e-08 5.32286e-09 2.08854e-09 7.1168e-10 2.11246e-10 5.43035e-11 1.18889e-11 2.13246e-12 2.84003e-13 2.01381e-14 0 
0 1.14153e-16 8.92266e-16 3.74495e-15 1.18567e-14 3.15421e-14 7.41768e-14 1.59144e-13 3.19527e-13 6.15694e-13 1.16932e-12 2.24514e-12 4.43526e-12 9.04936e-12 1.88918e-11 3.97036e-11 8.26026e-11 1.6767e-10 3.28024e-10 6.11783e-10 1.07629e-09 1.76673e-09 2.67527e-09 3.69294e-09 4.59198e-09 5.08511e-09 4.96387e-09 4.23432e-09 3.13457e-09 2.00441e-09 1.10546e-09 5.26738e-10 2.176e-10 7.81586e-11 2.44056e-11 6.58757e-12 1.5123e-12 2.84003e-13 3.95266e-14 2.92229e-15 0 
0 7.25731e-18 5.5774e-17 2.30576e-16 7.20888e-16 1.90057e-15 4.45159e-15 9.57764e-15 1.94572e-14 3.83354e-14 7.51842e-14 1.49899e-13 3.06881e-13 6.42983e-13 1.36122e-12 2.86577e-12 5.91183e-12 1.18028e-11 2.25658e-11 4.09215e-11 6.97288e-11 1.1058e-10 1.61605e-10 2.15456e-10 2.59442e-10 2.79482e-10 2.67047e-10 2.24724e-10 1.65666e-10 1.06635e-10 5.985e-11 2.9298e-11 1.25213e-11 4.67405e-12 1.52107e-12 4.28536e-13 1.02733e-13 2.01381e-14 2.92229e-15 2.2491e-16 0 
0 0 0 0 0 0 0 0 0 0 0 0 0 0 0 0 0 0 0 0 0 0 0 0 0 0 0 0 0 0 0 0 0 0 0 0 0 0 0 0 0 
