0 0 0 0 0 0 0 0 0 0 0 0 0 0 0 0 0 0 0 0 0 0 0 0 0 0 0 0 0 0 0 0 0 0 0 0 0 0 0 0 0 
0 5.22695e-17 5.01992e-16 2.56977e-15 9.80827e-15 3.09251e-14 8.41482e-14 2.01986e-13 4.3292e-13 8.34499e-13 1.4533e-12 2.29379e-12 3.28896e-12 4.29296e-12 5.11092e-12 5.56107e-12 5.54209e-12 5.0707e-12 4.27027e-12 3.31926e-12 2.38841e-12 1.59589e-12 9.93383e-13 5.77905e-13 3.15222e-13 1.61712e-13 7.82509e-14 3.58073e-14 1.55274e-14 6.38992e-15 2.49696e-15 9.25931e-16 3.25096e-16 1.07575e-16 3.3276e-17 9.48851e-18 2.43338e-18 5.35397e-19 9.08445e-20 8.4592e-21 0 
0 5.01992e-16 4.98053e-15 2.63487e-14 1.03907e-13 3.38224e-13 9.48857e-13 2.34401e-12 5.15897e-12 1.01855e-11 1.81167e-11 2.91149e-11 4.23713e-11 5.59516e-11 6.7173e-11 7.34733e-11 7.33877e-11 6.71108e-11 5.63467e-11 4.35702e-11 3.11309e-11 2.06244e-11 1.27151e-11 7.32111e-12 3.95108e-12 2.00556e-12 9.60578e-13 4.35348e-13 1.87133e-13 7.64118e-14 2.96581e-14 1.0935e-14 3.82088e-15 1.25923e-15 3.88158e-16 1.10328e-16 2.82045e-17 6.18442e-18 1.04526e-18 9.68834e-20 0 
0 2.56977e-15 2.63487e-14 1.44135e-13 5.87675e-13 1.97638e-12 5.7212e-12 1.45578e-11 3.29296e-11 6.66459e-11 1.21167e-10 1.98424e-10 2.93309e-10 3.92116e-10 4.75039e-10 5.22666e-10 5.23575e-10 4.78864e-10 4.01124e-10 3.0879e-10 2.19262e-10 1.44163e-10 8.81195e-11 5.02768e-11 2.68825e-11 1.35218e-11 6.42085e-12 2.88724e-12 1.2325e-12 5.00299e-13 1.93236e-13 7.0966e-14 2.47185e-14 8.1252e-15 2.49882e-15 7.08621e-16 1.80688e-16 3.94964e-17 6.64948e-18 6.13336e-19 0 
0 9.80827e-15 1.03907e-13 5.87675e-13 2.47736e-12 8.60865e-12 2.57184e-11 6.74218e-11 1.56786e-10 3.25398e-10 6.04957e-10 1.01e-09 1.51727e-09 2.05481e-09 2.51376e-09 2.78434e-09 2.79978e-09 2.56362e-09 2.14486e-09 1.64588e-09 1.16308e-09 7.60141e-10 4.6149e-10 2.61424e-10 1.38783e-10 6.93329e-11 3.27198e-11 1.46346e-11 6.21986e-12 2.51621e-12 9.69451e-13 3.55413e-13 1.23645e-13 4.06038e-14 1.24744e-14 3.53258e-15 8.98916e-16 1.95914e-16 3.28499e-17 3.01398e-18 0 
0 3.09251e-14 3.38224e-13 1.97638e-12 8.60865e-12 3.08929e-11 9.52073e-11 2.5706e-10 6.14427e-10 1.30759e-09 2.48609e-09 4.23255e-09 6.46446e-09 8.87373e-09 1.09703e-08 1.2244e-08 1.23725e-08 1.13569e-08 9.50497e-09 7.28328e-09 5.1324e-09 3.34169e-09 2.02003e-09 1.13919e-09 6.02192e-10 2.99719e-10 1.41022e-10 6.2943e-11 2.67201e-11 1.08061e-11 4.16495e-12 1.52817e-12 5.32141e-13 1.74883e-13 5.3741e-14 1.52099e-14 3.86393e-15 8.39625e-16 1.40164e-16 1.27837e-17 0 
0 8.41482e-14 9.48857e-13 5.7212e-12 2.57184e-11 9.52073e-11 3.02386e-10 8.40196e-10 2.06287e-09 4.49968e-09 8.74734e-09 1.51867e-08 2.35887e-08 3.2838e-08 4.1058e-08 4.62247e-08 4.70036e-08 4.33231e-08 3.63416e-08 2.78699e-08 1.96346e-08 1.27724e-08 7.71183e-09 4.34454e-09 2.29522e-09 1.14247e-09 5.38058e-10 2.40594e-10 1.02406e-10 4.155e-11 1.60722e-11 5.91834e-12 2.06756e-12 6.81178e-13 2.09622e-13 5.93318e-14 1.505e-14 3.2598e-15 5.41449e-16 4.90469e-17 0 
0 2.01986e-13 2.34401e-12 1.45578e-11 6.74218e-11 2.5706e-10 8.40196e-10 2.39947e-09 6.0454e-09 1.35059e-08 2.68332e-08 4.75013e-08 7.50476e-08 1.06008e-07 1.34169e-07 1.52559e-07 1.56356e-07 1.44994e-07 1.22194e-07 9.40443e-08 6.64459e-08 4.33358e-08 2.62362e-08 1.48266e-08 7.86287e-09 3.93218e-09 1.86225e-09 8.3804e-10 3.59193e-10 1.46795e-10 5.71855e-11 2.11947e-11 7.44503e-12 2.46291e-12 7.59742e-13 2.15139e-13 5.44835e-14 1.17565e-14 1.94122e-15 1.74447e-16 0 
0 4.3292e-13 5.15897e-12 3.29296e-11 1.56786e-10 6.14427e-10 2.06287e-09 6.0454e-09 1.56091e-08 3.56804e-08 7.24017e-08 1.30649e-07 2.09984e-07 3.01129e-07 3.86171e-07 4.44111e-07 4.5962e-07 4.29828e-07 3.64946e-07 2.82797e-07 2.0113e-07 1.32065e-07 8.05364e-08 4.58795e-08 2.455e-08 1.24001e-08 5.93657e-09 2.70231e-09 1.17184e-09 4.84402e-10 1.9072e-10 7.13493e-11 2.52534e-11 8.39985e-12 2.5991e-12 7.36382e-13 1.86098e-13 3.99699e-14 6.55293e-15 5.83373e-16 0 
0 8.34499e-13 1.01855e-11 6.66459e-11 3.25398e-10 1.30759e-09 4.49968e-09 1.35059e-08 3.56804e-08 8.33493e-08 1.72599e-07 3.17365e-07 5.18948e-07 7.5598e-07 9.8339e-07 1.14569e-06 1.1999e-06 1.13468e-06 9.73762e-07 7.62633e-07 5.48363e-07 3.64261e-07 2.24936e-07 1.29902e-07 7.05483e-08 3.6204e-08 1.76233e-08 8.15888e-09 3.59733e-09 1.51052e-09 6.03173e-10 2.28365e-10 8.15881e-11 2.73136e-11 8.47964e-12 2.40286e-12 6.05457e-13 1.29271e-13 2.1011e-14 1.84987e-15 0 
0 1.4533e-12 1.81167e-11 1.21167e-10 6.04957e-10 2.48609e-09 8.74734e-09 2.68332e-08 7.24017e-08 1.72599e-07 3.64404e-07 6.82458e-07 1.13545e-06 1.68134e-06 2.22125e-06 2.62646e-06 2.79055e-06 2.67672e-06 2.33053e-06 1.85283e-06 1.35363e-06 9.14704e-07 5.75406e-07 3.39014e-07 1.88087e-07 9.87046e-08 4.91567e-08 2.32782e-08 1.04878e-08 4.49203e-09 1.82507e-09 7.00881e-10 2.531e-10 8.53213e-11 2.65705e-11 7.52401e-12 1.88774e-12 4.00002e-13 6.43331e-14 5.59058e-15 0 
0 2.29379e-12 2.91149e-11 1.98424e-10 1.01e-09 4.23255e-09 1.51867e-08 4.75013e-08 1.30649e-07 3.17365e-07 6.82458e-07 1.30118e-06 2.20299e-06 3.31842e-06 4.4588e-06 5.36214e-06 5.79593e-06 5.65922e-06 5.02033e-06 4.07183e-06 3.03962e-06 2.10256e-06 1.35647e-06 8.21083e-07 4.68682e-07 2.5326e-07 1.29877e-07 6.32729e-08 2.92721e-08 1.28378e-08 5.32179e-09 2.0766e-09 7.58542e-10 2.57462e-10 8.03589e-11 2.27074e-11 5.6624e-12 1.18826e-12 1.88686e-13 1.61478e-14 0 
0 3.28896e-12 4.23713e-11 2.93309e-10 1.51727e-09 6.46446e-09 2.35887e-08 7.50476e-08 2.09984e-07 5.18948e-07 1.13545e-06 2.20299e-06 3.79628e-06 5.82239e-06 7.9697e-06 9.77129e-06 1.07793e-05 1.07568e-05 9.76957e-06 8.12912e-06 6.24002e-06 4.44918e-06 2.96563e-06 1.85838e-06 1.09965e-06 6.16264e-07 3.27552e-07 1.65092e-07 7.87823e-08 3.54984e-08 1.50471e-08 5.97231e-09 2.20683e-09 7.53552e-10 2.3537e-10 6.62343e-11 1.63766e-11 3.39484e-12 5.30865e-13 4.46293e-14 0 
0 4.29296e-12 5.59516e-11 3.92116e-10 2.05481e-09 8.87373e-09 3.2838e-08 1.06008e-07 3.01129e-07 7.5598e-07 1.68134e-06 3.31842e-06 5.82239e-06 9.10208e-06 1.27161e-05 1.59383e-05 1.80094e-05 1.84505e-05 1.72487e-05 1.48164e-05 1.17771e-05 8.7216e-06 6.05448e-06 3.95949e-06 2.44787e-06 1.43311e-06 7.94537e-07 4.16493e-07 2.05839e-07 9.55508e-08 4.14751e-08 1.67487e-08 6.2556e-09 2.14541e-09 6.69072e-10 1.86992e-10 4.57084e-11 9.33196e-12 1.43288e-12 1.18011e-13 0 
0 5.11092e-12 6.7173e-11 4.75039e-10 2.51376e-09 1.09703e-08 4.1058e-08 1.34169e-07 3.86171e-07 9.8339e-07 2.22125e-06 4.4588e-06 7.9697e-06 1.27161e-05 1.81717e-05 2.33563e-05 2.71419e-05 2.86906e-05 2.77736e-05 2.47978e-05 2.05666e-05 1.59489e-05 1.16283e-05 8.00307e-06 5.21048e-06 3.20959e-06 1.86741e-06 1.02297e-06 5.2538e-07 2.51743e-07 1.11962e-07 4.59702e-08 1.73248e-08 5.95244e-09 1.84767e-09 5.11096e-10 1.23077e-10 2.4663e-11 3.70646e-12 2.98184e-13 0 
0 5.56107e-12 7.34733e-11 5.22666e-10 2.78434e-09 1.2244e-08 4.62247e-08 1.52559e-07 4.44111e-07 1.14569e-06 2.62646e-06 5.36214e-06 9.77129e-06 1.59383e-05 2.33563e-05 3.08924e-05 3.70868e-05 4.0673e-05 4.10363e-05 3.83665e-05 3.34715e-05 2.74139e-05 2.11756e-05 1.54675e-05 1.06883e-05 6.97501e-06 4.28293e-06 2.4622e-06 1.31759e-06 6.52403e-07 2.97171e-07 1.23841e-07 4.69606e-08 1.6106e-08 4.95607e-09 1.35123e-09 3.1925e-10 6.25506e-11 9.16895e-12 7.1836e-13 0 
0 5.54209e-12 7.33877e-11 5.23575e-10 2.79978e-09 1.23725e-08 4.70036e-08 1.56356e-07 4.5962e-07 1.1999e-06 2.79055e-06 5.79593e-06 1.07793e-05 1.80094e-05 2.71419e-05 3.70868e-05 4.62235e-05 5.29092e-05 5.60246e-05 5.52772e-05 5.11557e-05 4.46383e-05 3.68495e-05 2.88051e-05 2.12871e-05 1.48129e-05 9.64917e-06 5.84249e-06 3.2638e-06 1.67016e-06 7.77952e-07 3.28073e-07 1.2467e-07 4.24818e-08 1.28947e-08 3.44813e-09 7.95625e-10 1.51787e-10 2.16235e-11 1.64481e-12 0 
0 5.0707e-12 6.71108e-11 4.78864e-10 2.56362e-09 1.13569e-08 4.33231e-08 1.44994e-07 4.29828e-07 1.13468e-06 2.67672e-06 5.65922e-06 1.07568e-05 1.84505e-05 2.86906e-05 4.0673e-05 5.29092e-05 6.36095e-05 7.12015e-05 7.47294e-05 7.39816e-05 6.93738e-05 6.17241e-05 5.20502e-05 4.14353e-05 3.09357e-05 2.14797e-05 1.37397e-05 8.02114e-06 4.23798e-06 2.01292e-06 8.55287e-07 3.23959e-07 1.09033e-07 3.24525e-08 8.46373e-09 1.89763e-09 3.50961e-10 4.84127e-11 3.56469e-12 0 
0 4.27027e-12 5.63467e-11 4.01124e-10 2.14486e-09 9.50497e-09 3.63416e-08 1.22194e-07 3.64946e-07 9.73762e-07 2.33053e-06 5.02033e-06 9.76957e-06 1.72487e-05 2.77736e-05 4.10363e-05 5.60246e-05 7.12015e-05 8.48609e-05 9.54823e-05 0.000101943 0.000103571 0.000100116 9.17703e-05 7.92422e-05 6.3852e-05 4.74665e-05 3.21567e-05 1.9623e-05 1.06819e-05 5.15156e-06 2.1925e-06 8.22124e-07 2.71358e-07 7.86579e-08 1.98838e-08 4.30867e-09 7.69087e-10 1.02361e-10 7.2757e-12 0 
0 3.31926e-12 4.35702e-11 3.0879e-10 1.64588e-09 7.28328e-09 2.78699e-08 9.40443e-08 2.82797e-07 7.62633e-07 1.85283e-06 4.07183e-06 8.12912e-06 1.48164e-05 2.47978e-05 3.83665e-05 5.52772e-05 7.47294e-05 9.54823e-05 0.000116005 0.000134562 0.000149221 0.000157869 0.000158421 0.000149369 0.000130645 0.000104421 7.50793e-05 4.78671e-05 2.67591e-05 1.30283e-05 5.5122e-06 2.02902e-06 6.51315e-07 1.82456e-07 4.44093e-08 9.24982e-09 1.58664e-09 2.03089e-10 1.39024e-11 0 
0 2.38841e-12 3.11309e-11 2.19262e-10 1.16308e-09 5.1324e-09 1.96346e-08 6.64459e-08 2.0113e-07 5.48363e-07 1.35363e-06 3.03962e-06 6.24002e-06 1.17771e-05 2.05666e-05 3.34715e-05 5.11557e-05 7.39816e-05 0.000101943 0.000134562 0.000170649 0.000207877 0.000242264 0.00026789 0.000277537 0.000264977 0.000228723 0.00017501 0.000116599 6.67288e-05 3.25725e-05 1.35642e-05 4.84665e-06 1.49704e-06 4.0169e-07 9.34786e-08 1.86157e-08 3.05674e-09 3.75281e-10 2.46996e-11 0 
0 1.59589e-12 2.06244e-11 1.44163e-10 7.60141e-10 3.34169e-09 1.27724e-08 4.33358e-08 1.32065e-07 3.64261e-07 9.14704e-07 2.10256e-06 4.44918e-06 8.7216e-06 1.59489e-05 2.74139e-05 4.46383e-05 6.93738e-05 0.000103571 0.000149221 0.000207877 0.00027956 0.000360808 0.0004421 0.000506226 0.000531016 0.000499008 0.000410319 0.000288299 0.000169527 8.24494e-05 3.32429e-05 1.12821e-05 3.28633e-06 8.32426e-07 1.83557e-07 3.4765e-08 5.44742e-09 6.40348e-10 4.04898e-11 0 
0 9.93383e-13 1.27151e-11 8.81195e-11 4.6149e-10 2.02003e-09 7.71183e-09 2.62362e-08 8.05364e-08 2.24936e-07 5.75406e-07 1.35647e-06 2.96563e-06 6.05448e-06 1.16283e-05 2.11756e-05 3.68495e-05 6.17241e-05 0.000100116 0.000157869 0.000242264 0.000360808 0.000517553 0.000705826 0.000899541 0.00105122 0.0011035 0.00101185 0.000779053 0.000482762 0.000234157 8.89041e-05 2.72559e-05 7.09042e-06 1.62913e-06 3.33441e-07 5.9574e-08 8.88403e-09 9.99349e-10 6.07337e-11 0 
0 5.77905e-13 7.32111e-12 5.02768e-11 2.61424e-10 1.13919e-09 4.34454e-09 1.48266e-08 4.58795e-08 1.29902e-07 3.39014e-07 8.21083e-07 1.85838e-06 3.95949e-06 8.00307e-06 1.54675e-05 2.88051e-05 5.20502e-05 9.17703e-05 0.000158421 0.00026789 0.0004421 0.000705826 0.00107655 0.00155142 0.00209826 0.00261788 0.00286369 0.0025428 0.00171001 0.000836604 0.000295896 7.81166e-05 1.66124e-05 3.14827e-06 5.63338e-07 9.2823e-08 1.31102e-08 1.41194e-09 8.26267e-11 0 
0 3.15222e-13 3.95108e-12 2.68825e-11 1.38783e-10 6.02192e-10 2.29522e-09 7.86287e-09 2.455e-08 7.05483e-08 1.88087e-07 4.68682e-07 1.09965e-06 2.44787e-06 5.21048e-06 1.06883e-05 2.12871e-05 4.14353e-05 7.92422e-05 0.000149369 0.000277537 0.000506226 0.000899541 0.00155142 0.00262426 0.00438514 0.00689287 0.00913956 0.00920014 0.00659218 0.00326284 0.00110684 0.000261263 4.53354e-05 6.53274e-06 9.16888e-07 1.31421e-07 1.73273e-08 1.78734e-09 1.01054e-10 0 
0 1.61712e-13 2.00556e-12 1.35218e-11 6.93329e-11 2.99719e-10 1.14247e-09 3.93218e-09 1.24001e-08 3.6204e-08 9.87046e-08 2.5326e-07 6.16264e-07 1.43311e-06 3.20959e-06 6.97501e-06 1.48129e-05 3.09357e-05 6.3852e-05 0.000130645 0.000264977 0.000531016 0.00105122 0.00209826 0.00438514 0.00938597 0.0181267 0.0273074 0.0293137 0.0215584 0.0107037 0.00356785 0.000800735 0.000124014 1.43574e-05 1.49551e-06 1.70905e-07 2.03584e-08 2.00745e-09 1.10158e-10 0 
0 7.82509e-14 9.60578e-13 6.42085e-12 3.27198e-11 1.41022e-10 5.38058e-10 1.86225e-09 5.93657e-09 1.76233e-08 4.91567e-08 1.29877e-07 3.27552e-07 7.94537e-07 1.86741e-06 4.28293e-06 9.64917e-06 2.14797e-05 4.74665e-05 0.000104421 0.000228723 0.000499008 0.0011035 0.00261788 0.00689287 0.0181267 0.0397141 0.0635014 0.0697842 0.0516459 0.0255751 0.00844766 0.00185757 0.000274088 2.82827e-05 2.34123e-06 2.04783e-07 2.11402e-08 1.98308e-09 1.06211e-10 0 
0 3.58073e-14 4.35348e-13 2.88724e-12 1.46346e-11 6.2943e-11 2.40594e-10 8.3804e-10 2.70231e-09 8.15888e-09 2.32782e-08 6.32729e-08 1.65092e-07 4.16493e-07 1.02297e-06 2.4622e-06 5.84249e-06 1.37397e-05 3.21567e-05 7.50793e-05 0.00017501 0.000410319 0.00101185 0.00286369 0.00913956 0.0273074 0.0635014 0.103828 0.114938 0.0851629 0.0420689 0.0138225 0.00301132 0.000435383 4.26615e-05 3.10201e-06 2.17815e-07 1.91909e-08 1.70955e-09 8.99928e-11 0 
0 1.55274e-14 1.87133e-13 1.2325e-12 6.21986e-12 2.67201e-11 1.02406e-10 3.59193e-10 1.17184e-09 3.59733e-09 1.04878e-08 2.92721e-08 7.87823e-08 2.05839e-07 5.2538e-07 1.31759e-06 3.2638e-06 8.02114e-06 1.9623e-05 4.78671e-05 0.000116599 0.000288299 0.000779053 0.0025428 0.00920014 0.0293137 0.0697842 0.114938 0.127516 0.0945061 0.0466315 0.0152806 0.00331358 0.000474782 4.54915e-05 3.10983e-06 1.91317e-07 1.49094e-08 1.27647e-09 6.66833e-11 0 
0 6.38992e-15 7.64118e-14 5.00299e-13 2.51621e-12 1.08061e-11 4.155e-11 1.46795e-10 4.84402e-10 1.51052e-09 4.49203e-09 1.28378e-08 3.54984e-08 9.55508e-08 2.51743e-07 6.52403e-07 1.67016e-06 4.23798e-06 1.06819e-05 2.67591e-05 6.67288e-05 0.000169527 0.000482762 0.00171001 0.00659218 0.0215584 0.0516459 0.0851629 0.0945061 0.0700399 0.0345457 0.0113061 0.00244605 0.00034917 3.31861e-05 2.21999e-06 1.30066e-07 9.67139e-09 8.20462e-10 4.3079e-11 0 
0 2.49696e-15 2.96581e-14 1.93236e-13 9.69451e-13 4.16495e-12 1.60722e-11 5.71855e-11 1.9072e-10 6.03173e-10 1.82507e-09 5.32179e-09 1.50471e-08 4.14751e-08 1.11962e-07 2.97171e-07 7.77952e-07 2.01292e-06 5.15156e-06 1.30283e-05 3.25725e-05 8.24494e-05 0.000234157 0.000836604 0.00326284 0.0107037 0.0255751 0.0420689 0.0466315 0.0345457 0.0170341 0.00557097 0.00120423 0.000171859 1.63586e-05 1.10308e-06 6.64845e-08 5.17545e-09 4.52947e-10 2.42368e-11 0 
0 9.25931e-16 1.0935e-14 7.0966e-14 3.55413e-13 1.52817e-12 5.91834e-12 2.11947e-11 7.13493e-11 2.28365e-10 7.00881e-10 2.0766e-09 5.97231e-09 1.67487e-08 4.59702e-08 1.23841e-07 3.28073e-07 8.55287e-07 2.1925e-06 5.5122e-06 1.35642e-05 3.32429e-05 8.89041e-05 0.000295896 0.00110684 0.00356785 0.00844766 0.0138225 0.0152806 0.0113061 0.00557097 0.00182131 0.00039399 5.64401e-05 5.442e-06 3.83314e-07 2.59282e-08 2.3082e-09 2.15401e-10 1.18824e-11 0 
0 3.25096e-16 3.82088e-15 2.47185e-14 1.23645e-13 5.32141e-13 2.06756e-12 7.44503e-12 2.52534e-11 8.15881e-11 2.531e-10 7.58542e-10 2.20683e-09 6.2556e-09 1.73248e-08 4.69606e-08 1.2467e-07 3.23959e-07 8.22124e-07 2.02902e-06 4.84665e-06 1.12821e-05 2.72559e-05 7.81166e-05 0.000261263 0.000800735 0.00185757 0.00301132 0.00331358 0.00244605 0.00120423 0.00039399 8.55527e-05 1.23969e-05 1.2378e-06 9.69484e-08 8.18393e-09 8.80511e-10 8.8751e-11 5.0833e-12 0 
0 1.07575e-16 1.25923e-15 8.1252e-15 4.06038e-14 1.74883e-13 6.81178e-13 2.46291e-12 8.39985e-12 2.73136e-11 8.53213e-11 2.57462e-10 7.53552e-10 2.14541e-09 5.95244e-09 1.6106e-08 4.24818e-08 1.09033e-07 2.71358e-07 6.51315e-07 1.49704e-06 3.28633e-06 7.09042e-06 1.66124e-05 4.53354e-05 0.000124014 0.000274088 0.000435383 0.000474782 0.00034917 0.000171859 5.64401e-05 1.23969e-05 1.8534e-06 2.02126e-07 1.9723e-08 2.27236e-09 2.9393e-10 3.1823e-11 1.89889e-12 0 
0 3.3276e-17 3.88158e-16 2.49882e-15 1.24744e-14 5.3741e-14 2.09622e-13 7.59742e-13 2.5991e-12 8.47964e-12 2.65705e-11 8.03589e-11 2.3537e-10 6.69072e-10 1.84767e-09 4.95607e-09 1.28947e-08 3.24525e-08 7.86579e-08 1.82456e-07 4.0169e-07 8.32426e-07 1.62913e-06 3.14827e-06 6.53274e-06 1.43574e-05 2.82827e-05 4.26615e-05 4.54915e-05 3.31861e-05 1.63586e-05 5.442e-06 1.2378e-06 2.02126e-07 2.71518e-08 3.7658e-09 5.8462e-10 8.6367e-11 9.93045e-12 6.18281e-13 0 
0 9.48851e-18 1.10328e-16 7.08621e-16 3.53258e-15 1.52099e-14 5.93318e-14 2.15139e-13 7.36382e-13 2.40286e-12 7.52401e-12 2.27074e-11 6.62343e-11 1.86992e-10 5.11096e-10 1.35123e-09 3.44813e-09 8.46373e-09 1.98838e-08 4.44093e-08 9.34786e-08 1.83557e-07 3.33441e-07 5.63338e-07 9.16888e-07 1.49551e-06 2.34123e-06 3.10201e-06 3.10983e-06 2.21999e-06 1.10308e-06 3.83314e-07 9.69484e-08 1.9723e-08 3.7658e-09 7.35271e-10 1.37692e-10 2.21245e-11 2.68018e-12 1.74257e-13 0 
0 2.43338e-18 2.82045e-17 1.80688e-16 8.98916e-16 3.86393e-15 1.505e-14 5.44835e-14 1.86098e-13 6.05457e-13 1.88774e-12 5.6624e-12 1.63766e-11 4.57084e-11 1.23077e-10 3.1925e-10 7.95625e-10 1.89763e-09 4.30867e-09 9.24982e-09 1.86157e-08 3.4765e-08 5.9574e-08 9.2823e-08 1.31421e-07 1.70905e-07 2.04783e-07 2.17815e-07 1.91317e-07 1.30066e-07 6.64845e-08 2.59282e-08 8.18393e-09 2.27236e-09 5.8462e-10 1.37692e-10 2.8381e-11 4.83947e-12 6.15308e-13 4.17842e-14 0 
0 5.35397e-19 6.18442e-18 3.94964e-17 1.95914e-16 8.39625e-16 3.2598e-15 1.17565e-14 3.99699e-14 1.29271e-13 4.00002e-13 1.18826e-12 3.39484e-12 9.33196e-12 2.4663e-11 6.25506e-11 1.51787e-10 3.50961e-10 7.69087e-10 1.58664e-09 3.05674e-09 5.44742e-09 8.88403e-09 1.31102e-08 1.73273e-08 2.03584e-08 2.11402e-08 1.91909e-08 1.49094e-08 9.67139e-09 5.17545e-09 2.3082e-09 8.80511e-10 2.9393e-10 8.6367e-11 2.21245e-11 4.83947e-12 8.67801e-13 1.15552e-13 8.19166e-15 0 
0 9.08445e-20 1.04526e-18 6.64948e-18 3.28499e-17 1.40164e-16 5.41449e-16 1.94122e-15 6.55293e-15 2.1011e-14 6.43331e-14 1.88686e-13 5.30865e-13 1.43288e-12 3.70646e-12 9.16895e-12 2.16235e-11 4.84127e-11 1.02361e-10 2.03089e-10 3.75281e-10 6.40348e-10 9.99349e-10 1.41194e-09 1.78734e-09 2.00745e-09 1.98308e-09 1.70955e-09 1.27647e-09 8.20462e-10 4.52947e-10 2.15401e-10 8.8751e-11 3.1823e-11 9.93045e-12 2.68018e-12 6.15308e-13 1.15552e-13 1.60809e-14 1.18874e-15 0 
0 8.4592e-21 9.68834e-20 6.13336e-19 3.01398e-18 1.27837e-17 4.90469e-17 1.74447e-16 5.83373e-16 1.84987e-15 5.59058e-15 1.61478e-14 4.46293e-14 1.18011e-13 2.98184e-13 7.1836e-13 1.64481e-12 3.56469e-12 7.2757e-12 1.39024e-11 2.46996e-11 4.04898e-11 6.07337e-11 8.26267e-11 1.01054e-10 1.10158e-10 1.06211e-10 8.99928e-11 6.66833e-11 4.3079e-11 2.42368e-11 1.18824e-11 5.0833e-12 1.89889e-12 6.18281e-13 1.74257e-13 4.17842e-14 8.19166e-15 1.18874e-15 9.14843e-17 0 
0 0 0 0 0 0 0 0 0 0 0 0 0 0 0 0 0 0 0 0 0 0 0 0 0 0 0 0 0 0 0 0 0 0 0 0 0 0 0 0 0 
