0 0 0 0 0 0 0 0 0 0 0 0 0 0 0 0 0 0 0 0 0 0 0 0 0 0 0 0 0 0 0 0 0 0 0 0 0 0 0 0 0 
0 1.47664e-07 1.27365e-06 5.2611e-06 1.44147e-05 2.941e-05 4.81753e-05 6.73225e-05 8.42138e-05 9.76913e-05 0.000107685 0.000114601 0.000118927 0.00012106 0.000121269 0.000119706 0.000116427 0.000111414 0.000104598 9.59149e-05 8.53894e-05 7.32367e-05 5.9956e-05 4.63554e-05 3.34581e-05 2.22784e-05 1.3533e-05 7.42979e-06 3.66242e-06 1.61542e-06 6.37181e-07 2.25006e-07 7.12411e-08 2.02307e-08 5.13903e-09 1.1581e-09 2.27188e-10 3.72157e-11 4.60024e-12 3.06875e-13 0 
0 1.27365e-06 1.09855e-05 4.25514e-05 0.000101496 0.000170924 0.000228162 0.000266124 0.000290072 0.000306646 0.000319472 0.000329571 0.000336747 0.000340555 0.000340767 0.000337525 0.000331321 0.000322874 0.000312913 0.000301863 0.00028947 0.000274477 0.00025463 0.000227353 0.000191272 0.000148044 0.000102987 6.31618e-05 3.37371e-05 1.56318e-05 6.30217e-06 2.22676e-06 6.95008e-07 1.92733e-07 4.75547e-08 1.03833e-08 1.97225e-09 3.1298e-10 3.75252e-11 2.43207e-12 0 
0 5.2611e-06 4.25514e-05 0.000139105 0.000258175 0.000340518 0.000387158 0.000424184 0.000463661 0.000505137 0.000544363 0.000577299 0.000601089 0.000614102 0.000615817 0.00060668 0.00058797 0.000561655 0.000530246 0.000496656 0.000463975 0.000435014 0.000411339 0.000391675 0.000370279 0.000337242 0.000283491 0.000209977 0.000131938 6.89333e-05 2.99411e-05 1.09612e-05 3.44564e-06 9.45055e-07 2.28242e-07 4.8522e-08 8.95448e-09 1.38024e-09 1.60874e-10 1.01506e-11 0 
0 1.44147e-05 0.000101496 0.000258175 0.000375083 0.000443416 0.000513207 0.000597749 0.000689245 0.00077827 0.000857593 0.000921907 0.000967549 0.000992429 0.000996005 0.000979175 0.00094409 0.000893894 0.00083243 0.000763962 0.000692973 0.0006241 0.000562139 0.000511748 0.000475839 0.00045172 0.000426307 0.000377485 0.000291137 0.00018349 9.16705e-05 3.65358e-05 1.19463e-05 3.30457e-06 7.90394e-07 1.64818e-07 2.97026e-08 4.46418e-09 5.07409e-10 3.12528e-11 0 
0 2.941e-05 0.000170924 0.000340518 0.000443416 0.000546573 0.000677941 0.000825434 0.000975334 0.00111696 0.00124151 0.00134189 0.00141295 0.00145169 0.00145739 0.00143145 0.00137711 0.0012991 0.0012031 0.00109529 0.000981896 0.000868855 0.000761739 0.00066596 0.000587175 0.000530678 0.000497018 0.000472696 0.0004254 0.000326993 0.000196873 8.98706e-05 3.17616e-05 9.08006e-06 2.18272e-06 4.50557e-07 7.97839e-08 1.17461e-08 1.30679e-09 7.88189e-11 0 
0 4.81753e-05 0.000228162 0.000387158 0.000513207 0.000677941 0.000875336 0.00108725 0.00129916 0.00149815 0.00167267 0.00181313 0.00191256 0.00196689 0.00197494 0.00193862 0.00186261 0.0017535 0.00161909 0.0014678 0.00130808 0.00114781 0.000993968 0.000852561 0.000728987 0.00062894 0.00055852 0.000519089 0.000493276 0.000436844 0.000316548 0.000170763 6.75478e-05 2.04732e-05 5.0259e-06 1.03719e-06 1.81669e-07 2.63286e-08 2.87841e-09 1.7058e-10 0 
0 6.73225e-05 0.000266124 0.000424184 0.000597749 0.000825434 0.00108725 0.00136468 0.00164096 0.00189995 0.00212719 0.00231309 0.00245645 0.00254693 0.00256242 0.00250028 0.00238288 0.00223317 0.00205693 0.00185986 0.00165165 0.00144224 0.0012404 0.00105331 0.000886701 0.000745496 0.0006352 0.000562047 0.000524749 0.000494153 0.000412063 0.000262388 0.000118597 3.8926e-05 9.90412e-06 2.06287e-06 3.59696e-07 5.15625e-08 5.56118e-09 3.24897e-10 0 
0 8.42138e-05 0.000290072 0.000463661 0.000689245 0.000975334 0.00129916 0.00164096 0.0019809 0.00230017 0.00259503 0.00289886 0.00315085 0.00328202 0.00330276 0.00322228 0.00303225 0.00276196 0.0024985 0.00224927 0.00199254 0.00173454 0.00148541 0.00125372 0.00104597 0.000866948 0.0007209 0.000613458 0.000549953 0.000519298 0.000469858 0.000343348 0.00017754 6.38663e-05 1.70291e-05 3.6078e-06 6.29726e-07 8.96744e-08 9.57588e-09 5.53266e-10 0 
0 9.76913e-05 0.000306646 0.000505137 0.00077827 0.00111696 0.00149815 0.00189995 0.00230017 0.00269745 0.00315785 0.00349528 0.00365542 0.00372633 0.00373725 0.00369359 0.00358477 0.00336969 0.00299663 0.00262369 0.00231147 0.00200754 0.00171436 0.00144128 0.00119564 0.000982482 0.000805386 0.000668414 0.000577716 0.00053292 0.000498836 0.000402292 0.000234351 9.24724e-05 2.59776e-05 5.62642e-06 9.87134e-07 1.40132e-07 1.48623e-08 8.51633e-10 0 
0 0.000107685 0.000319472 0.000544363 0.000857593 0.00124151 0.00167267 0.00212719 0.00259503 0.00315785 0.00358414 0.00378398 0.00389024 0.00394085 0.00394868 0.00391663 0.00384031 0.00370412 0.00346321 0.00302631 0.00259754 0.0022459 0.00191399 0.00160489 0.00132641 0.00108393 0.000880758 0.000719787 0.000606092 0.000543844 0.00051197 0.000439505 0.000281503 0.000120737 3.57001e-05 7.91811e-06 1.3997e-06 1.98586e-07 2.09721e-08 1.19479e-09 0 
0 0.000114601 0.000329571 0.000577299 0.000921907 0.00134189 0.00181313 0.00231309 0.00289886 0.00349528 0.00378398 0.00393698 0.00402378 0.00406627 0.00407276 0.00404536 0.00398146 0.00387193 0.00369304 0.00337412 0.00286534 0.00243869 0.00207333 0.00173541 0.00143075 0.00116501 0.000941397 0.000762075 0.000630895 0.000553373 0.000517616 0.000460477 0.000315871 0.000144934 4.48088e-05 1.01605e-05 1.81074e-06 2.57157e-07 2.70945e-08 1.53781e-09 0 
0 0.000118927 0.000336747 0.000601089 0.000967549 0.00141295 0.00191256 0.00245645 0.00315085 0.00365542 0.00389024 0.00402378 0.00410174 0.00414032 0.00414607 0.00412078 0.00406248 0.00396438 0.00380983 0.00355399 0.00308764 0.00258102 0.00218448 0.00182616 0.00150322 0.00122127 0.000983497 0.000791647 0.000648672 0.000560206 0.000519489 0.000470691 0.000337564 0.000162515 5.19676e-05 1.19934e-05 2.15265e-06 3.06221e-07 3.22342e-08 1.82575e-09 0 
0 0.00012106 0.000340555 0.000614102 0.000992429 0.00145169 0.00196689 0.00254693 0.00328202 0.00372633 0.00394085 0.00406627 0.00414032 0.00417706 0.00418234 0.00415781 0.00410175 0.00400827 0.00386326 0.00363061 0.00320713 0.00266378 0.00224281 0.00187331 0.00154066 0.00125012 0.00100487 0.00080644 0.000657276 0.000562834 0.000518756 0.000473809 0.000347969 0.000172208 5.61994e-05 1.3116e-05 2.36586e-06 3.37103e-07 3.54864e-08 2.00858e-09 0 
0 0.000121269 0.000340767 0.000615817 0.000996005 0.00145739 0.00197494 0.00256242 0.00330276 0.00373725 0.00394868 0.00407276 0.00414607 0.00418234 0.00418731 0.00416258 0.0041065 0.00401325 0.00386912 0.00363916 0.00322201 0.00267252 0.00224679 0.00187595 0.00154225 0.00125084 0.00100484 0.00080571 0.000655757 0.000560328 0.000515569 0.000471661 0.000348414 0.000173711 5.70336e-05 1.33618e-05 2.41543e-06 3.44588e-07 3.6301e-08 2.05569e-09 0 
0 0.000119706 0.000337525 0.00060668 0.000979175 0.00143145 0.00193862 0.00250028 0.00322228 0.00369359 0.00391663 0.00404536 0.00412078 0.00415781 0.00416258 0.00413679 0.00407858 0.00398163 0.00383069 0.00358587 0.00313835 0.00260665 0.00219863 0.00183592 0.0015094 0.00122443 0.000984057 0.000789795 0.000644131 0.000552424 0.000509716 0.000464622 0.00033961 0.00016736 5.45219e-05 1.27296e-05 2.29967e-06 3.28314e-07 3.46329e-08 1.96431e-09 0 
0 0.000116427 0.000331321 0.00058797 0.00094409 0.00137711 0.00186261 0.00238288 0.00303225 0.00358477 0.00384031 0.00398146 0.00406248 0.00410175 0.0041065 0.00407858 0.00401574 0.00391013 0.00374224 0.00345704 0.00295603 0.00248317 0.00210404 0.00175746 0.00144539 0.00117332 0.000944246 0.000759844 0.000623086 0.000539281 0.000500625 0.000451812 0.000321626 0.000153977 4.9176e-05 1.13721e-05 2.04847e-06 2.92595e-07 3.09285e-08 1.75897e-09 0 
0 0.000111414 0.000322874 0.000561655 0.000893894 0.0012991 0.0017535 0.00223317 0.00276196 0.00336969 0.00370412 0.00387193 0.00396438 0.00400827 0.00401325 0.00398163 0.00391013 0.00378754 0.00358367 0.003209 0.00271082 0.00232049 0.00197074 0.00164656 0.00135486 0.00110096 0.000887821 0.000717473 0.000593591 0.000520969 0.000486868 0.000431106 0.000294249 0.000134901 4.18607e-05 9.5494e-06 1.7132e-06 2.44911e-07 2.59679e-08 1.48282e-09 0 
0 0.000104598 0.000312913 0.000530246 0.00083243 0.0012031 0.00161909 0.00205693 0.0024985 0.00299663 0.00346321 0.00369304 0.00380983 0.00386326 0.00386912 0.00383069 0.00374224 0.00358367 0.00329394 0.00284459 0.00246271 0.00212723 0.00180754 0.00151036 0.00124326 0.00101128 0.000817438 0.000664299 0.000556283 0.000496514 0.000465252 0.000399252 0.000257695 0.000112082 3.36502e-05 7.56462e-06 1.35235e-06 1.93723e-07 2.06349e-08 1.18495e-09 0 
0 9.59149e-05 0.000301863 0.000496656 0.000763962 0.00109529 0.0014678 0.00185986 0.00224927 0.00262369 0.00302631 0.00337412 0.00355399 0.00363061 0.00363916 0.00358587 0.00345704 0.003209 0.00284459 0.00251258 0.00221008 0.00191149 0.00162383 0.00135639 0.00111626 0.000908226 0.000735487 0.000601306 0.000510375 0.000462309 0.000429866 0.000352783 0.00021365 8.80796e-05 2.56469e-05 5.69802e-06 1.01769e-06 1.46411e-07 1.5698e-08 9.0815e-10 0 
0 8.53894e-05 0.00028947 0.000463975 0.000692973 0.000981896 0.00130808 0.00165165 0.00199254 0.00231147 0.00259754 0.00286534 0.00308764 0.00320713 0.00322201 0.00313835 0.00295603 0.00271082 0.00246271 0.00221008 0.00194741 0.00168361 0.00142896 0.00119203 0.000979275 0.000795286 0.000643557 0.000527856 0.000451804 0.000410297 0.000372713 0.000290631 0.000166238 6.57828e-05 1.87837e-05 4.15485e-06 7.4472e-07 1.07901e-07 1.16666e-08 6.80796e-10 0 
0 7.32367e-05 0.000274477 0.000435014 0.0006241 0.000868855 0.00114781 0.00144224 0.00173454 0.00200754 0.0022459 0.00243869 0.00258102 0.00266378 0.00267252 0.00260665 0.00248317 0.00232049 0.00212723 0.00191149 0.00168361 0.00145394 0.00123159 0.00102404 0.000837115 0.000675243 0.000542048 0.000440711 0.000372399 0.000330237 0.000289847 0.000218347 0.000121939 4.77809e-05 1.36531e-05 3.03835e-06 5.48986e-07 8.02143e-08 8.74407e-09 5.14151e-10 0 
0 5.9956e-05 0.00025463 0.000411339 0.000562139 0.000761739 0.000993968 0.0012404 0.00148541 0.00171436 0.00191399 0.00207333 0.00218448 0.00224281 0.00224679 0.00219863 0.00210404 0.00197074 0.00180754 0.00162383 0.00142896 0.00123159 0.00103927 0.00085836 0.000694109 0.000551026 0.000432639 0.000340389 0.000273414 0.000228628 0.000194869 0.000149588 8.72079e-05 3.55292e-05 1.04115e-05 2.34957e-06 4.27737e-07 6.27702e-08 6.86172e-09 4.0426e-10 0 
0 4.63554e-05 0.000227353 0.000391675 0.000511748 0.00066596 0.000852561 0.00105331 0.00125372 0.00144128 0.00160489 0.00173541 0.00182616 0.00187331 0.00187595 0.00183592 0.00175746 0.00164656 0.00151036 0.00135639 0.00119203 0.00102404 0.00085836 0.000700336 0.000555868 0.000432962 0.000339182 0.000271762 0.000216142 0.000165036 0.000126442 9.88039e-05 6.42451e-05 2.86751e-05 8.78172e-06 2.00661e-06 3.64597e-07 5.31334e-08 5.76131e-09 3.36738e-10 0 
0 3.34581e-05 0.000191272 0.000370279 0.000475839 0.000587175 0.000728987 0.000886701 0.00104597 0.00119564 0.00132641 0.00143075 0.00150322 0.00154066 0.00154225 0.0015094 0.00144539 0.00135486 0.00124326 0.00111626 0.000979275 0.000837115 0.000694109 0.000555868 0.0004359 0.000363011 0.000359061 0.000388421 0.000369305 0.000271367 0.000154768 8.3167e-05 5.09943e-05 2.52163e-05 8.15596e-06 1.87306e-06 3.35268e-07 4.79042e-08 5.09567e-09 2.92734e-10 0 
0 2.22784e-05 0.000148044 0.000337242 0.00045172 0.000530678 0.00062894 0.000745496 0.000866948 0.000982482 0.00108393 0.00116501 0.00122127 0.00125012 0.00125084 0.00122443 0.00117332 0.00110096 0.00101128 0.000908226 0.000795286 0.000675243 0.000551026 0.000432962 0.000363011 0.000426259 0.000671989 0.00114051 0.00137684 0.000775644 0.00038858 0.000144102 5.23066e-05 2.33734e-05 7.83692e-06 1.79499e-06 3.13853e-07 4.36685e-08 4.53349e-09 2.54975e-10 0 
0 1.3533e-05 0.000102987 0.000283491 0.000426307 0.000497018 0.00055852 0.0006352 0.0007209 0.000805386 0.000880758 0.000941397 0.000983497 0.00100487 0.00100484 0.000984057 0.000944246 0.000887821 0.000817438 0.000735487 0.000643557 0.000542048 0.000432639 0.000339182 0.000359061 0.000671989 0.00163371 0.00255582 0.00262365 0.00228409 0.000908139 0.000303558 7.77765e-05 2.34213e-05 7.35921e-06 1.64942e-06 2.80405e-07 3.79937e-08 3.8558e-09 2.12733e-10 0 
0 7.42979e-06 6.31618e-05 0.000209977 0.000377485 0.000472696 0.000519089 0.000562047 0.000613458 0.000668414 0.000719787 0.000762075 0.000791647 0.00080644 0.00080571 0.000789795 0.000759844 0.000717473 0.000664299 0.000601306 0.000527856 0.000440711 0.000340389 0.000271762 0.000388421 0.00114051 0.00255582 0.00281557 0.00284544 0.00270647 0.00197185 0.000487013 0.000112581 2.47379e-05 6.53085e-06 1.38408e-06 2.27758e-07 3.01872e-08 3.01376e-09 1.64105e-10 0 
0 3.66242e-06 3.37371e-05 0.000131938 0.000291137 0.0004254 0.000493276 0.000524749 0.000549953 0.000577716 0.000606092 0.000630895 0.000648672 0.000657276 0.000655757 0.000644131 0.000623086 0.000593591 0.000556283 0.000510375 0.000451804 0.000372399 0.000273414 0.000216142 0.000369305 0.00137684 0.00262365 0.00284544 0.00287562 0.00276557 0.00228066 0.00055022 0.000120753 2.33167e-05 5.22102e-06 1.02281e-06 1.62842e-07 2.12811e-08 2.10934e-09 1.14313e-10 0 
0 1.61542e-06 1.56318e-05 6.89333e-05 0.00018349 0.000326993 0.000436844 0.000494153 0.000519298 0.00053292 0.000543844 0.000553373 0.000560206 0.000562834 0.000560328 0.000552424 0.000539281 0.000520969 0.000496514 0.000462309 0.000410297 0.000330237 0.000228628 0.000165036 0.000271367 0.000775644 0.00228409 0.00270647 0.00276557 0.00258608 0.00144363 0.000396992 8.95697e-05 1.71527e-05 3.51832e-06 6.44333e-07 1.00338e-07 1.3085e-08 1.3017e-09 7.0873e-11 0 
0 6.37181e-07 6.30217e-06 2.99411e-05 9.16705e-05 0.000196873 0.000316548 0.000412063 0.000469858 0.000498836 0.00051197 0.000517616 0.000519489 0.000518756 0.000515569 0.000509716 0.000500625 0.000486868 0.000465252 0.000429866 0.000372713 0.000289847 0.000194869 0.000126442 0.000154768 0.00038858 0.000908139 0.00197185 0.00228066 0.00144363 0.000595994 0.000197246 4.60248e-05 9.48523e-06 1.90183e-06 3.37918e-07 5.26564e-08 6.95672e-09 7.0254e-10 3.87938e-11 0 
0 2.25006e-07 2.22676e-06 1.09612e-05 3.65358e-05 8.98706e-05 0.000170763 0.000262388 0.000343348 0.000402292 0.000439505 0.000460477 0.000470691 0.000473809 0.000471661 0.000464622 0.000451812 0.000431106 0.000399252 0.000352783 0.000290631 0.000218347 0.000149588 9.88039e-05 8.3167e-05 0.000144102 0.000303558 0.000487013 0.00055022 0.000396992 0.000197246 6.70143e-05 1.7359e-05 3.99079e-06 8.13327e-07 1.46681e-07 2.34851e-08 3.19067e-09 3.30556e-10 1.86726e-11 0 
0 7.12411e-08 6.95008e-07 3.44564e-06 1.19463e-05 3.17616e-05 6.75478e-05 0.000118597 0.00017754 0.000234351 0.000281503 0.000315871 0.000337564 0.000347969 0.000348414 0.00033961 0.000321626 0.000294249 0.000257695 0.00021365 0.000166238 0.000121939 8.72079e-05 6.42451e-05 5.09943e-05 5.23066e-05 7.77765e-05 0.000112581 0.000120753 8.95697e-05 4.60248e-05 1.7359e-05 5.23884e-06 1.31151e-06 2.80679e-07 5.33308e-08 8.94971e-09 1.26462e-09 1.35548e-10 7.88955e-12 0 
0 2.02307e-08 1.92733e-07 9.45055e-07 3.30457e-06 9.08006e-06 2.04732e-05 3.8926e-05 6.38663e-05 9.24724e-05 0.000120737 0.000144934 0.000162515 0.000172208 0.000173711 0.00016736 0.000153977 0.000134901 0.000112082 8.80796e-05 6.57828e-05 4.77809e-05 3.55292e-05 2.86751e-05 2.52163e-05 2.33734e-05 2.34213e-05 2.47379e-05 2.33167e-05 1.71527e-05 9.48523e-06 3.99079e-06 1.31151e-06 3.51784e-07 8.12119e-08 1.65487e-08 2.93652e-09 4.34415e-10 4.84616e-11 2.9224e-12 0 
0 5.13903e-09 4.75547e-08 2.28242e-07 7.90394e-07 2.18272e-06 5.0259e-06 9.90412e-06 1.70291e-05 2.59776e-05 3.57001e-05 4.48088e-05 5.19676e-05 5.61994e-05 5.70336e-05 5.45219e-05 4.9176e-05 4.18607e-05 3.36502e-05 2.56469e-05 1.87837e-05 1.36531e-05 1.04115e-05 8.78172e-06 8.15596e-06 7.83692e-06 7.35921e-06 6.53085e-06 5.22102e-06 3.51832e-06 1.90183e-06 8.13327e-07 2.80679e-07 8.12119e-08 2.03305e-08 4.43923e-09 8.33541e-10 1.29476e-10 1.50878e-11 9.46176e-13 0 
0 1.1581e-09 1.03833e-08 4.8522e-08 1.64818e-07 4.50557e-07 1.03719e-06 2.06287e-06 3.6078e-06 5.62642e-06 7.91811e-06 1.01605e-05 1.19934e-05 1.3116e-05 1.33618e-05 1.27296e-05 1.13721e-05 9.5494e-06 7.56462e-06 5.69802e-06 4.15485e-06 3.03835e-06 2.34957e-06 2.00661e-06 1.87306e-06 1.79499e-06 1.64942e-06 1.38408e-06 1.02281e-06 6.44333e-07 3.37918e-07 1.46681e-07 5.33308e-08 1.65487e-08 4.43923e-09 1.03044e-09 2.04286e-10 3.33429e-11 4.06569e-12 2.65714e-13 0 
0 2.27188e-10 1.97225e-09 8.95448e-09 2.97026e-08 7.97839e-08 1.81669e-07 3.59696e-07 6.29726e-07 9.87134e-07 1.3997e-06 1.81074e-06 2.15265e-06 2.36586e-06 2.41543e-06 2.29967e-06 2.04847e-06 1.7132e-06 1.35235e-06 1.01769e-06 7.4472e-07 5.48986e-07 4.27737e-07 3.64597e-07 3.35268e-07 3.13853e-07 2.80405e-07 2.27758e-07 1.62842e-07 1.00338e-07 5.26564e-08 2.34851e-08 8.94971e-09 2.93652e-09 8.33541e-10 2.04286e-10 4.26486e-11 7.30919e-12 9.32803e-13 6.35849e-14 0 
0 3.72157e-11 3.1298e-10 1.38024e-09 4.46418e-09 1.17461e-08 2.63286e-08 5.15625e-08 8.96744e-08 1.40132e-07 1.98586e-07 2.57157e-07 3.06221e-07 3.37103e-07 3.44588e-07 3.28314e-07 2.92595e-07 2.44911e-07 1.93723e-07 1.46411e-07 1.07901e-07 8.02143e-08 6.27702e-08 5.31334e-08 4.79042e-08 4.36685e-08 3.79937e-08 3.01872e-08 2.12811e-08 1.3085e-08 6.95672e-09 3.19067e-09 1.26462e-09 4.34415e-10 1.29476e-10 3.33429e-11 7.30919e-12 1.31306e-12 1.75228e-13 1.24552e-14 0 
0 4.60024e-12 3.75252e-11 1.60874e-10 5.07409e-10 1.30679e-09 2.87841e-09 5.56118e-09 9.57588e-09 1.48623e-08 2.09721e-08 2.70945e-08 3.22342e-08 3.54864e-08 3.6301e-08 3.46329e-08 3.09285e-08 2.59679e-08 2.06349e-08 1.5698e-08 1.16666e-08 8.74407e-09 6.86172e-09 5.76131e-09 5.09567e-09 4.53349e-09 3.8558e-09 3.01376e-09 2.10934e-09 1.3017e-09 7.0254e-10 3.30556e-10 1.35548e-10 4.84616e-11 1.50878e-11 4.06569e-12 9.32803e-13 1.75228e-13 2.44117e-14 1.80759e-15 0 
0 3.06875e-13 2.43207e-12 1.01506e-11 3.12528e-11 7.88189e-11 1.7058e-10 3.24897e-10 5.53266e-10 8.51633e-10 1.19479e-09 1.53781e-09 1.82575e-09 2.00858e-09 2.05569e-09 1.96431e-09 1.75897e-09 1.48282e-09 1.18495e-09 9.0815e-10 6.80796e-10 5.14151e-10 4.0426e-10 3.36738e-10 2.92734e-10 2.54975e-10 2.12733e-10 1.64105e-10 1.14313e-10 7.0873e-11 3.87938e-11 1.86726e-11 7.88955e-12 2.9224e-12 9.46176e-13 2.65714e-13 6.35849e-14 1.24552e-14 1.80759e-15 1.39221e-16 0 
0 0 0 0 0 0 0 0 0 0 0 0 0 0 0 0 0 0 0 0 0 0 0 0 0 0 0 0 0 0 0 0 0 0 0 0 0 0 0 0 0 
