0 0 0 0 0 0 0 0 0 0 0 0 0 0 0 0 0 0 0 0 0 0 0 0 0 0 0 0 0 0 0 0 0 0 0 0 0 0 0 0 0 
0 1.92312e-07 1.71949e-06 7.62237e-06 2.31962e-05 5.38236e-05 0.000101007 0.000160506 0.000224524 0.000285357 0.000337557 0.000378159 0.000405998 0.000420952 0.000423427 0.000414098 0.000393827 0.000363693 0.000325112 0.000279989 0.000230847 0.000180819 0.000133376 9.17774e-05 5.83686e-05 3.40234e-05 1.80581e-05 8.68983e-06 3.78441e-06 1.49174e-06 5.32943e-07 1.72843e-07 5.09315e-08 1.36236e-08 3.29436e-09 7.13153e-10 1.35422e-10 2.16094e-11 2.61551e-12 1.71555e-13 0 
0 1.71949e-06 1.57511e-05 6.90169e-05 0.000197783 0.00041256 0.000676201 0.00093402 0.00115267 0.00132497 0.00145564 0.00155051 0.00161324 0.00164585 0.00164979 0.00162675 0.00157876 0.00150783 0.00141538 0.00130167 0.00116591 0.00100757 0.000829049 0.000638936 0.000453007 0.00029049 0.000166241 8.42539e-05 3.77576e-05 1.50113e-05 5.3261e-06 1.69706e-06 4.87938e-07 1.26851e-07 2.97566e-08 6.24586e-09 1.15048e-09 1.78261e-10 2.09791e-11 1.34009e-12 0 
0 7.62237e-06 6.90169e-05 0.000280361 0.000693385 0.00119933 0.00165101 0.00201104 0.0023083 0.00256605 0.00278751 0.00296566 0.00309195 0.00316052 0.00316964 0.00312182 0.00302334 0.00288334 0.00271257 0.00252165 0.00231858 0.00210557 0.00187633 0.00161696 0.00131534 0.00097866 0.000644816 0.000367059 0.000178547 7.44285e-05 2.69047e-05 8.55616e-06 2.42327e-06 6.1587e-07 1.40683e-07 2.87096e-08 5.14071e-09 7.7485e-10 8.88159e-11 5.53377e-12 0 
0 2.31962e-05 0.000197783 0.000693385 0.00139994 0.00203782 0.00256586 0.00306062 0.00354812 0.00401085 0.00442068 0.00475246 0.00498782 0.0051161 0.00513454 0.00504777 0.00486687 0.00460801 0.00429087 0.00393703 0.00356822 0.00320428 0.00285935 0.00253512 0.00221248 0.00185223 0.00142331 0.000952837 0.0005332 0.000245522 9.39373e-05 3.05592e-05 8.65431e-06 2.17e-06 4.85575e-07 9.67471e-08 1.68943e-08 2.48374e-09 2.77925e-10 1.69259e-11 0 
0 5.38236e-05 0.00041256 0.00119933 0.00203782 0.00276025 0.00348621 0.00425422 0.0050279 0.0057581 0.00640019 0.00691768 0.00728398 0.00748372 0.00751311 0.00737935 0.00709924 0.00669707 0.00620219 0.00564641 0.00506175 0.0044786 0.00392422 0.00342051 0.00297738 0.00257803 0.00216559 0.00167017 0.00110005 0.000584789 0.000247121 8.48199e-05 2.44928e-05 6.13155e-06 1.3542e-06 2.64806e-07 4.52749e-08 6.51325e-09 7.13465e-10 4.25757e-11 0 
0 0.000101007 0.000676201 0.00165101 0.00256586 0.00348621 0.00451194 0.00560494 0.0066974 0.00772321 0.00862287 0.00934693 0.00985912 0.0101384 0.0101797 0.0099931 0.00960186 0.00903958 0.00834666 0.00756675 0.00674336 0.00591714 0.00512397 0.00439415 0.00375144 0.00320721 0.00274087 0.00227469 0.00170807 0.00105903 0.000510018 0.000190432 5.72902e-05 1.45127e-05 3.1904e-06 6.1582e-07 1.03538e-07 1.4627e-08 1.57327e-09 9.22406e-11 0 
0 0.000160506 0.00093402 0.00201104 0.00306062 0.00425422 0.00560494 0.00703517 0.00845944 0.00979454 0.0109644 0.0119053 0.0125707 0.0129335 0.012987 0.0127441 0.0122354 0.0115043 0.0106031 0.00958785 0.00851453 0.00743502 0.00639446 0.00542993 0.00457041 0.0038369 0.00323535 0.00272833 0.00220355 0.00154998 0.000856339 0.000355274 0.000113527 2.94858e-05 6.50663e-06 1.24692e-06 2.07062e-07 2.88295e-08 3.05432e-09 1.76428e-10 0 
0 0.000224524 0.00115267 0.0023083 0.00354812 0.0050279 0.0066974 0.00845944 0.0102118 0.0118533 0.0132911 0.0144484 0.0152698 0.0157202 0.0157864 0.0154833 0.0148523 0.0139506 0.0128416 0.0115928 0.0102718 0.00894182 0.00765753 0.00646315 0.0053921 0.00446823 0.00370608 0.00309724 0.00256651 0.00195918 0.00121989 0.000565518 0.000194395 5.23195e-05 1.16748e-05 2.23291e-06 3.67727e-07 5.06339e-08 5.2999e-09 3.02442e-10 0 
0 0.000285357 0.00132497 0.00256605 0.00401085 0.0057581 0.00772321 0.00979454 0.0118533 0.0137814 0.0154724 0.0168439 0.0178323 0.0183821 0.0184635 0.0180916 0.0173246 0.0162452 0.0149342 0.0134653 0.0119128 0.0103491 0.0088378 0.00743002 0.00616371 0.00506468 0.00414912 0.00342043 0.00283758 0.0022612 0.00153967 0.000790087 0.000293163 8.22693e-05 1.86616e-05 3.57703e-06 5.86262e-07 8.00831e-08 8.30523e-09 4.6944e-10 0 
0 0.000337557 0.00145564 0.00278751 0.00442068 0.00640019 0.00862287 0.0109644 0.0132911 0.0154724 0.0173985 0.0189785 0.0201089 0.0207164 0.0208032 0.0203954 0.0195261 0.0182777 0.0167701 0.0151002 0.0133439 0.0115761 0.0098669 0.00827346 0.00683785 0.00558778 0.0045396 0.00369989 0.00304739 0.00247288 0.00178699 0.000996177 0.000396777 0.000116187 2.68581e-05 5.17362e-06 8.46183e-07 1.14976e-07 1.18445e-08 6.6474e-10 0 
0 0.000378159 0.00155051 0.00296566 0.00475246 0.00691768 0.00934693 0.0119053 0.0144484 0.0168439 0.0189785 0.0206943 0.0218317 0.0223981 0.0224736 0.0220929 0.0212424 0.0199256 0.0182606 0.0164132 0.0144874 0.0125555 0.010688 0.00894631 0.00737578 0.00600581 0.00485274 0.00392338 0.00320581 0.00261586 0.0019598 0.00116126 0.000490461 0.000149208 3.51319e-05 6.80898e-06 1.11347e-06 1.5082e-07 1.54683e-08 8.63873e-10 0 
0 0.000405998 0.00161324 0.00309195 0.00498782 0.00728398 0.00985912 0.0125707 0.0152698 0.0178323 0.0201089 0.0218317 0.0228877 0.0233954 0.023459 0.023111 0.022326 0.0210503 0.0193213 0.0173423 0.0152876 0.0132382 0.0112596 0.00941416 0.00774937 0.00629585 0.00506994 0.00407797 0.00331195 0.00270375 0.00206684 0.00127511 0.000562025 0.000176135 4.21117e-05 8.20989e-06 1.34382e-06 1.81765e-07 1.85959e-08 1.03555e-09 0 
0 0.000420952 0.00164585 0.00316052 0.0051161 0.00748372 0.0101384 0.0129335 0.0157202 0.0183821 0.0207164 0.0223981 0.0233954 0.0238707 0.0239269 0.023594 0.0228467 0.0216171 0.0198871 0.0178414 0.0157109 0.0135963 0.011558 0.00965721 0.00794234 0.00644457 0.00518018 0.00415505 0.00336262 0.00274314 0.00211748 0.00133575 0.000603893 0.000192838 4.65835e-05 9.12311e-06 1.49547e-06 2.02265e-07 2.06778e-08 1.15029e-09 0 
0 0.000423427 0.00164979 0.00316964 0.00513454 0.00751311 0.0101797 0.012987 0.0157864 0.0184635 0.0208032 0.0224736 0.023459 0.0239269 0.0239793 0.0236459 0.0229016 0.0216775 0.0199474 0.0178903 0.0157473 0.0136236 0.0115779 0.00967078 0.00795055 0.00644827 0.00518002 0.00415146 0.00335626 0.00273709 0.0021183 0.00134511 0.000613165 0.000197139 4.7835e-05 9.3931e-06 1.54224e-06 2.08822e-07 2.13665e-08 1.18949e-09 0 
0 0.000414098 0.00162675 0.00312182 0.00504777 0.00737935 0.0099931 0.0127441 0.0154833 0.0180916 0.0203954 0.0220929 0.023111 0.023594 0.0236459 0.0232979 0.0225245 0.0212641 0.0195248 0.0175062 0.0154135 0.0133349 0.0113315 0.00946445 0.00778123 0.00631212 0.00507287 0.00406908 0.00329389 0.00268725 0.00207276 0.00130636 0.0005909 0.000189111 4.58294e-05 9.00661e-06 1.4815e-06 2.01061e-07 2.0624e-08 1.15115e-09 0 
0 0.000393827 0.00157876 0.00302334 0.00486687 0.00709924 0.00960186 0.0122354 0.0148523 0.0173246 0.0195261 0.0212424 0.022326 0.0228467 0.0229016 0.0225245 0.0216944 0.0203804 0.0186643 0.0167421 0.0147507 0.012763 0.0108458 0.00905998 0.00745125 0.00604867 0.00486756 0.0039137 0.00317844 0.00259417 0.00198162 0.00122338 0.000541474 0.000170873 4.11754e-05 8.08976e-06 1.33402e-06 1.81737e-07 1.87246e-08 1.05005e-09 0 
0 0.000363693 0.00150783 0.00288334 0.00460801 0.00669707 0.00903958 0.0115043 0.0139506 0.0162452 0.0182777 0.0199256 0.0210503 0.0216171 0.0216775 0.0212641 0.0203804 0.0190665 0.0174516 0.0156721 0.0138156 0.0119547 0.0101594 0.00848832 0.00698455 0.00567561 0.0045765 0.00369305 0.0030129 0.00245622 0.00184382 0.00110178 0.000472185 0.000146059 3.49292e-05 6.8637e-06 1.13654e-06 1.55769e-07 1.616e-08 9.12833e-10 0 
0 0.000325112 0.00141538 0.00271257 0.00429087 0.00620219 0.00834666 0.0106031 0.0128416 0.0149342 0.0167701 0.0182606 0.0193213 0.0198871 0.0199474 0.0195248 0.0186643 0.0174516 0.015992 0.0143736 0.0126731 0.0109653 0.00931816 0.00778617 0.00640921 0.00521327 0.00421316 0.00341427 0.00279738 0.00226822 0.00165847 0.000950816 0.000392801 0.000119058 2.83109e-05 5.58011e-06 9.30805e-07 1.28763e-07 1.34936e-08 7.70111e-10 0 
0 0.000279989 0.00130167 0.00252165 0.00393703 0.00564641 0.00756675 0.00958785 0.0115928 0.0134653 0.0151002 0.0164132 0.0173423 0.0178414 0.0178903 0.0175062 0.0167421 0.0156721 0.0143736 0.0129217 0.0113915 0.00985402 0.00837112 0.00699243 0.00575451 0.00468191 0.00378934 0.00308032 0.00252578 0.00202176 0.00142927 0.000785455 0.000314571 9.41717e-05 2.243e-05 4.46148e-06 7.53452e-07 1.05637e-07 1.12205e-08 6.48795e-10 0 
0 0.000230847 0.00116591 0.00231858 0.00356822 0.00506175 0.00674336 0.00851453 0.0102718 0.0119128 0.0133439 0.0144874 0.0152876 0.0157109 0.0157473 0.0154135 0.0147507 0.0138156 0.0126731 0.0113915 0.0100392 0.00867931 0.00736654 0.00614511 0.00504829 0.00409928 0.00331211 0.00268633 0.00218475 0.00171111 0.00117107 0.000626384 0.000248469 7.48619e-05 1.80983e-05 3.66373e-06 6.29618e-07 8.97208e-08 9.671e-09 5.66557e-10 0 
0 0.000180819 0.00100757 0.00210557 0.00320428 0.0044786 0.00591714 0.00743502 0.00894182 0.0103491 0.0115761 0.0125555 0.0132382 0.0135963 0.0136236 0.0133349 0.012763 0.0119547 0.0109653 0.00985402 0.00867931 0.0074953 0.00634904 0.00527908 0.00431528 0.00347916 0.0027828 0.00222236 0.00176613 0.00134954 0.000914078 0.00049572 0.000202856 6.32738e-05 1.57583e-05 3.26408e-06 5.70677e-07 8.2377e-08 8.96559e-09 5.29003e-10 0 
0 0.000133376 0.000829049 0.00187633 0.00285935 0.00392422 0.00512397 0.00639446 0.00765753 0.0088378 0.0098669 0.010688 0.0112596 0.011558 0.0115779 0.0113315 0.0108458 0.0101594 0.00931816 0.00837112 0.00736654 0.00634904 0.00535762 0.00442488 0.00357741 0.00283631 0.00221529 0.00171524 0.00131985 0.00099531 0.000696077 0.00040668 0.0001807 5.99481e-05 1.54761e-05 3.26167e-06 5.74002e-07 8.29211e-08 9.00379e-09 5.29093e-10 0 
0 9.17774e-05 0.000638936 0.00161696 0.00253512 0.00342051 0.00439415 0.00542993 0.00646315 0.00743002 0.00827346 0.00894631 0.00941416 0.00965721 0.00967078 0.00946445 0.00905998 0.00848832 0.00778617 0.00699243 0.00614511 0.00527908 0.00442488 0.00360973 0.00286328 0.00222706 0.00174191 0.00139305 0.00110146 0.000819859 0.00057015 0.000357713 0.000177275 6.34891e-05 1.6905e-05 3.5721e-06 6.22388e-07 8.86266e-08 9.47665e-09 5.48568e-10 0 
0 5.83686e-05 0.000453007 0.00131534 0.00221248 0.00297738 0.00375144 0.00457041 0.0053921 0.00616371 0.00683785 0.00737578 0.00774937 0.00794234 0.00795055 0.00778123 0.00745125 0.00698455 0.00640921 0.00575451 0.00504829 0.00431528 0.00357741 0.00286328 0.00224413 0.00186995 0.00185072 0.00200231 0.00190377 0.00139857 0.000793221 0.000395846 0.000188635 7.09588e-05 1.92462e-05 4.0171e-06 6.83748e-07 9.49709e-08 9.92071e-09 5.62282e-10 0 
0 3.40234e-05 0.00029049 0.00097866 0.00185223 0.00257803 0.00320721 0.0038369 0.00446823 0.00506468 0.00558778 0.00600581 0.00629585 0.00644457 0.00644827 0.00631212 0.00604867 0.00567561 0.00521327 0.00468191 0.00409928 0.00347916 0.00283631 0.00222706 0.00186995 0.00219739 0.00346421 0.00500271 0.00538839 0.00393546 0.00200318 0.00074081 0.000245023 8.13531e-05 2.14826e-05 4.34846e-06 7.16524e-07 9.66859e-08 9.84997e-09 5.46294e-10 0 
0 1.80581e-05 0.000166241 0.000644816 0.00142331 0.00216559 0.00274087 0.00323535 0.00370608 0.00414912 0.0045396 0.00485274 0.00506994 0.00518018 0.00518002 0.00507287 0.00486756 0.0045765 0.00421316 0.00378934 0.00331211 0.0027828 0.00221529 0.00174191 0.00185072 0.00346421 0.00719591 0.0126639 0.0143769 0.00966323 0.00462251 0.00156486 0.000395526 9.75101e-05 2.27925e-05 4.33468e-06 6.85399e-07 8.98877e-08 8.95924e-09 4.87999e-10 0 
0 8.68983e-06 8.42539e-05 0.000367059 0.000952837 0.00167017 0.00227469 0.00272833 0.00309724 0.00342043 0.00369989 0.00392338 0.00407797 0.00415505 0.00415146 0.00406908 0.0039137 0.00369305 0.00341427 0.00308032 0.00268633 0.00222236 0.00171524 0.00139305 0.00200231 0.00500271 0.0126639 0.0172053 0.0177106 0.0160164 0.00799314 0.00250825 0.00057907 0.000113981 2.22846e-05 3.85519e-06 5.80664e-07 7.42946e-08 7.29301e-09 3.92684e-10 0 
0 3.78441e-06 3.77576e-05 0.000178547 0.0005332 0.00110005 0.00170807 0.00220355 0.00256651 0.00283758 0.00304739 0.00320581 0.00331195 0.00336262 0.00335626 0.00329389 0.00317844 0.0030129 0.00279738 0.00252578 0.00218475 0.00176613 0.00131985 0.00110146 0.00190377 0.00538839 0.0143769 0.0177106 0.0181162 0.0167973 0.00949815 0.00276245 0.000621777 0.00011096 1.8834e-05 2.95817e-06 4.25933e-07 5.36281e-08 5.23309e-09 2.80881e-10 0 
0 1.49174e-06 1.50113e-05 7.44285e-05 0.000245522 0.000584789 0.00105903 0.00154998 0.00195918 0.0022612 0.00247288 0.00261586 0.00270375 0.00274314 0.00273709 0.00268725 0.00259417 0.00245622 0.00226822 0.00202176 0.00171111 0.00134954 0.00099531 0.000819859 0.00139857 0.00393546 0.00966323 0.0160164 0.0167973 0.0136693 0.00623671 0.00204656 0.000460574 8.0754e-05 1.27836e-05 1.88927e-06 2.65816e-07 3.34317e-08 3.27988e-09 1.77134e-10 0 
0 5.32943e-07 5.3261e-06 2.69047e-05 9.39373e-05 0.000247121 0.000510018 0.000856339 0.00121989 0.00153967 0.00178699 0.0019598 0.00206684 0.00211748 0.0021183 0.00207276 0.00198162 0.00184382 0.00165847 0.00142927 0.00117107 0.000914078 0.000696077 0.00057015 0.000793221 0.00200318 0.00462251 0.00799314 0.00949815 0.00623671 0.00307245 0.00101675 0.000234277 4.24248e-05 6.66736e-06 9.80855e-07 1.39799e-07 1.79057e-08 1.78756e-09 9.80486e-11 0 
0 1.72843e-07 1.69706e-06 8.55616e-06 3.05592e-05 8.48199e-05 0.000190432 0.000355274 0.000565518 0.000790087 0.000996177 0.00116126 0.00127511 0.00133575 0.00134511 0.00130636 0.00122338 0.00110178 0.000950816 0.000785455 0.000626384 0.00049572 0.00040668 0.000357713 0.000395846 0.00074081 0.00156486 0.00250825 0.00276245 0.00204656 0.00101675 0.000343878 8.41233e-05 1.62043e-05 2.66631e-06 4.14379e-07 6.20521e-08 8.24061e-09 8.46297e-10 4.75486e-11 0 
0 5.09315e-08 4.87938e-07 2.42327e-06 8.65431e-06 2.44928e-05 5.72902e-05 0.000113527 0.000194395 0.000293163 0.000396777 0.000490461 0.000562025 0.000603893 0.000613165 0.0005909 0.000541474 0.000472185 0.000392801 0.000314571 0.000248469 0.000202856 0.0001807 0.000177275 0.000188635 0.000245023 0.000395526 0.00057907 0.000621777 0.000460574 0.000234277 8.41233e-05 2.23501e-05 4.6723e-06 8.48618e-07 1.45875e-07 2.34808e-08 3.27074e-09 3.48406e-10 2.01923e-11 0 
0 1.36236e-08 1.26851e-07 6.1587e-07 2.17e-06 6.13155e-06 1.45127e-05 2.94858e-05 5.23195e-05 8.22693e-05 0.000116187 0.000149208 0.000176135 0.000192838 0.000197139 0.000189111 0.000170873 0.000146059 0.000119058 9.41717e-05 7.48619e-05 6.32738e-05 5.99481e-05 6.34891e-05 7.09588e-05 8.13531e-05 9.75101e-05 0.000113981 0.00011096 8.0754e-05 4.24248e-05 1.62043e-05 4.6723e-06 1.09555e-06 2.28419e-07 4.40957e-08 7.66016e-09 1.12419e-09 1.24876e-10 7.50514e-12 0 
0 3.29436e-09 2.97566e-08 1.40683e-07 4.85575e-07 1.3542e-06 3.1904e-06 6.50663e-06 1.16748e-05 1.86616e-05 2.68581e-05 3.51319e-05 4.21117e-05 4.65835e-05 4.7835e-05 4.58294e-05 4.11754e-05 3.49292e-05 2.83109e-05 2.243e-05 1.80983e-05 1.57583e-05 1.54761e-05 1.6905e-05 1.92462e-05 2.14826e-05 2.27925e-05 2.22846e-05 1.8834e-05 1.27836e-05 6.66736e-06 2.66631e-06 8.48618e-07 2.28419e-07 5.45536e-08 1.16458e-08 2.16678e-09 3.35134e-10 3.89376e-11 2.43541e-12 0 
0 7.13153e-10 6.24586e-09 2.87096e-08 9.67471e-08 2.64806e-07 6.1582e-07 1.24692e-06 2.23291e-06 3.57703e-06 5.17362e-06 6.80898e-06 8.20989e-06 9.12311e-06 9.3931e-06 9.00661e-06 8.08976e-06 6.8637e-06 5.58011e-06 4.46148e-06 3.66373e-06 3.26408e-06 3.26167e-06 3.5721e-06 4.0171e-06 4.34846e-06 4.33468e-06 3.85519e-06 2.95817e-06 1.88927e-06 9.80855e-07 4.14379e-07 1.45875e-07 4.40957e-08 1.16458e-08 2.68307e-09 5.2999e-10 8.6298e-11 1.0501e-11 6.84903e-13 0 
0 1.35422e-10 1.15048e-09 5.14071e-09 1.68943e-08 4.52749e-08 1.03538e-07 2.07062e-07 3.67727e-07 5.86262e-07 8.46183e-07 1.11347e-06 1.34382e-06 1.49547e-06 1.54224e-06 1.4815e-06 1.33402e-06 1.13654e-06 9.30805e-07 7.53452e-07 6.29618e-07 5.70677e-07 5.74002e-07 6.22388e-07 6.83748e-07 7.16524e-07 6.85399e-07 5.80664e-07 4.25933e-07 2.65816e-07 1.39799e-07 6.20521e-08 2.34808e-08 7.66016e-09 2.16678e-09 5.2999e-10 1.10489e-10 1.89105e-11 2.40994e-12 1.64025e-13 0 
0 2.16094e-11 1.78261e-10 7.7485e-10 2.48374e-09 6.51325e-09 1.4627e-08 2.88295e-08 5.06339e-08 8.00831e-08 1.14976e-07 1.5082e-07 1.81765e-07 2.02265e-07 2.08822e-07 2.01061e-07 1.81737e-07 1.55769e-07 1.28763e-07 1.05637e-07 8.97208e-08 8.2377e-08 8.29211e-08 8.86266e-08 9.49709e-08 9.66859e-08 8.98877e-08 7.42946e-08 5.36281e-08 3.34317e-08 1.79057e-08 8.24061e-09 3.27074e-09 1.12419e-09 3.35134e-10 8.6298e-11 1.89105e-11 3.39494e-12 4.52651e-13 3.21398e-14 0 
0 2.61551e-12 2.09791e-11 8.88159e-11 2.77925e-10 7.13465e-10 1.57327e-09 3.05432e-09 5.2999e-09 8.30523e-09 1.18445e-08 1.54683e-08 1.85959e-08 2.06778e-08 2.13665e-08 2.0624e-08 1.87246e-08 1.616e-08 1.34936e-08 1.12205e-08 9.671e-09 8.96559e-09 9.00379e-09 9.47665e-09 9.92071e-09 9.84997e-09 8.95924e-09 7.29301e-09 5.23309e-09 3.27988e-09 1.78756e-09 8.46297e-10 3.48406e-10 1.24876e-10 3.89376e-11 1.0501e-11 2.40994e-12 4.52651e-13 6.30327e-14 4.66412e-15 0 
0 1.71555e-13 1.34009e-12 5.53377e-12 1.69259e-11 4.25757e-11 9.22406e-11 1.76428e-10 3.02442e-10 4.6944e-10 6.6474e-10 8.63873e-10 1.03555e-09 1.15029e-09 1.18949e-09 1.15115e-09 1.05005e-09 9.12833e-10 7.70111e-10 6.48795e-10 5.66557e-10 5.29003e-10 5.29093e-10 5.48568e-10 5.62282e-10 5.46294e-10 4.87999e-10 3.92684e-10 2.80881e-10 1.77134e-10 9.80486e-11 4.75486e-11 2.01923e-11 7.50514e-12 2.43541e-12 6.84903e-13 1.64025e-13 3.21398e-14 4.66412e-15 3.59113e-16 0 
0 0 0 0 0 0 0 0 0 0 0 0 0 0 0 0 0 0 0 0 0 0 0 0 0 0 0 0 0 0 0 0 0 0 0 0 0 0 0 0 0 
