0 0 0 0 0 0 0 0 0 0 0 0 0 0 0 0 0 0 0 0 0 0 0 0 0 0 0 0 0 0 0 0 0 0 0 0 0 0 0 0 0 
0 9.88306e-08 9.06743e-07 4.23362e-06 1.39655e-05 3.59981e-05 7.61324e-05 0.000136595 0.000213823 0.00029932 0.000382637 0.000454266 0.000507236 0.000537471 0.000543519 0.000526109 0.000487779 0.000432587 0.000365834 0.000293668 0.00022247 0.000158002 0.000104484 6.39154e-05 3.59705e-05 1.85495e-05 8.74526e-06 3.76691e-06 1.48332e-06 5.34689e-07 1.76701e-07 5.35928e-08 1.49175e-08 3.80323e-09 8.83508e-10 1.84996e-10 3.41768e-11 5.33173e-12 6.3346e-13 4.09207e-14 0 
0 9.06743e-07 8.64302e-06 4.1279e-05 0.000135882 0.000339206 0.00067534 0.00111841 0.00160404 0.00206562 0.00245843 0.00276115 0.00296741 0.003078 0.00309671 0.0030286 0.00287956 0.00265644 0.00236792 0.00202624 0.00164958 0.00126352 0.000899347 0.000587609 0.000348781 0.000186747 8.99243e-05 3.89687e-05 1.52469e-05 5.41004e-06 1.74853e-06 5.16516e-07 1.397e-07 3.45713e-08 7.79428e-09 1.5847e-09 2.84537e-10 4.31943e-11 5.00066e-12 3.15233e-13 0 
0 4.23362e-06 4.1279e-05 0.000195791 0.000612577 0.00138745 0.00242879 0.0035179 0.00449023 0.00529181 0.00592516 0.00640091 0.00672396 0.00689605 0.00692059 0.0068052 0.00656172 0.00620418 0.00574562 0.00519475 0.00455501 0.00382974 0.00303606 0.00222194 0.00146837 0.000860434 0.000442538 0.000199583 7.94227e-05 2.81608e-05 8.98487e-06 2.6001e-06 6.8589e-07 1.65183e-07 3.62143e-08 7.16093e-09 1.25142e-09 1.85107e-10 2.0909e-11 1.28786e-12 0 
0 1.39655e-05 0.000135882 0.000612577 0.00171292 0.00332261 0.00499625 0.00646991 0.00773732 0.00883941 0.00977697 0.0105236 0.0110497 0.0113358 0.011377 0.0111838 0.0107806 0.0102015 0.00948657 0.00867523 0.0077979 0.00686599 0.00586544 0.00476875 0.00358078 0.00239596 0.00138528 0.000681462 0.000285909 0.000103793 3.31965e-05 9.5011e-06 2.45953e-06 5.7888e-07 1.23801e-07 2.38691e-08 4.0687e-09 5.8755e-10 6.48687e-11 3.91044e-12 0 
0 3.59981e-05 0.000339206 0.00138745 0.00332261 0.00552539 0.00753512 0.00938118 0.0111338 0.012761 0.0141863 0.0153339 0.016146 0.0165888 0.0166539 0.0163574 0.0157364 0.0148448 0.0137472 0.0125134 0.011211 0.00989718 0.00860408 0.0073192 0.00597755 0.00451539 0.00299956 0.00167565 0.000772096 0.000296151 9.69455e-05 2.77989e-05 7.11957e-06 1.64664e-06 3.44915e-07 6.50494e-08 1.0845e-08 1.5326e-09 1.65743e-10 9.79808e-12 0 
0 7.61324e-05 0.00067534 0.00242879 0.00499625 0.00753512 0.00996753 0.0124196 0.0148453 0.0171196 0.0191139 0.0207189 0.0218543 0.0224734 0.0225649 0.0221513 0.021284 0.0200376 0.0185017 0.0167728 0.0149473 0.013114 0.0113465 0.0096892 0.00812836 0.00656503 0.00487437 0.00311529 0.00162271 0.000678486 0.000232757 6.78971e-05 1.7369e-05 3.97255e-06 8.1876e-07 1.51597e-07 2.4796e-08 3.43841e-09 3.6512e-10 2.12136e-11 0 
0 0.000136595 0.00111841 0.0035179 0.00646991 0.00938118 0.0124196 0.0155942 0.0187517 0.0217111 0.0243042 0.02639 0.0278647 0.0286684 0.0287867 0.0282488 0.0271215 0.0255012 0.0235034 0.021253 0.0188738 0.0164808 0.0141733 0.0120287 0.0100875 0.00831496 0.00656096 0.00466131 0.00275136 0.00127961 0.000469916 0.000141621 3.65493e-05 8.32115e-06 1.69556e-06 3.09387e-07 4.98084e-08 6.79676e-09 7.10507e-10 4.0667e-11 0 
0 0.000213823 0.00160404 0.00449023 0.00773732 0.0111338 0.0148453 0.0187517 0.0226361 0.0262747 0.0294614 0.0320234 0.0338339 0.0348196 0.0349632 0.0343007 0.0329142 0.0309218 0.0284653 0.0256972 0.0227691 0.0198209 0.016974 0.0143256 0.0119433 0.00984543 0.00794477 0.00601815 0.00393725 0.00204127 0.000813109 0.000256398 6.73594e-05 1.53597e-05 3.10838e-06 5.61035e-07 8.91867e-08 1.20109e-08 1.2393e-09 7.00479e-11 0 
0 0.00029932 0.00206562 0.00529181 0.00883941 0.012761 0.0171196 0.0217111 0.0262747 0.030548 0.0342889 0.037295 0.039418 0.0405722 0.0407377 0.0399571 0.0383269 0.0359858 0.0330998 0.0298477 0.0264067 0.0229405 0.0195904 0.0164697 0.0136609 0.0112083 0.00908104 0.00709648 0.00498577 0.00284184 0.00123028 0.000408823 0.00011005 2.52593e-05 5.09698e-06 9.13082e-07 1.43767e-07 1.91619e-08 1.95663e-09 1.09477e-10 0 
0 0.000382637 0.00245843 0.00592516 0.00977697 0.0141863 0.0191139 0.0243042 0.0294614 0.0342889 0.0385133 0.0419063 0.0443006 0.0456001 0.0457828 0.0448969 0.0430521 0.0404049 0.0371429 0.0334676 0.0295786 0.0256603 0.0218715 0.0183394 0.0151567 0.0123799 0.01001 0.00791959 0.00581115 0.00356291 0.00166257 0.000582428 0.000161125 3.73458e-05 7.53703e-06 1.34401e-06 2.10187e-07 2.78004e-08 2.81637e-09 1.56366e-10 0 
0 0.000454266 0.00276115 0.00640091 0.0105236 0.0153339 0.0207189 0.02639 0.0320234 0.037295 0.0419063 0.0456079 0.0482179 0.0496315 0.0498253 0.0488527 0.0468336 0.0439393 0.0403746 0.0363594 0.0321113 0.0278311 0.0236916 0.0198309 0.0163494 0.0133103 0.0107298 0.00852099 0.00640567 0.00413182 0.00204782 0.000751841 0.000213556 5.00426e-05 1.01212e-05 1.8008e-06 2.80415e-07 3.68975e-08 3.71766e-09 2.05297e-10 0 
0 0.000507236 0.00296741 0.00672396 0.0110497 0.016146 0.0218543 0.0278647 0.0338339 0.039418 0.0443006 0.0482179 0.0509766 0.0524667 0.052665 0.051629 0.0494851 0.0464147 0.0426352 0.0383798 0.0338787 0.0293442 0.0249587 0.020868 0.0171776 0.0139544 0.0112219 0.0089167 0.00678798 0.00452106 0.00233915 0.000890685 0.000258631 6.12222e-05 1.24212e-05 2.20909e-06 3.43273e-07 4.50411e-08 4.52429e-09 2.49085e-10 0 
0 0.000537471 0.003078 0.00689605 0.0113358 0.0165888 0.0224734 0.0286684 0.0348196 0.0405722 0.0456001 0.0496315 0.0524667 0.0539929 0.054189 0.0531154 0.0509012 0.0477325 0.0438344 0.0394475 0.0348091 0.0301375 0.0256202 0.0214067 0.0176054 0.0142845 0.0114706 0.00911198 0.00697759 0.00472926 0.00251068 0.000978739 0.000288573 6.88497e-05 1.40156e-05 2.49521e-06 3.87711e-07 5.08453e-08 5.10403e-09 2.80844e-10 0 
0 0.000543519 0.00309671 0.00692059 0.011377 0.0166539 0.0225649 0.0287867 0.0349632 0.0407377 0.0457828 0.0498253 0.052665 0.054189 0.0543772 0.0532912 0.0510606 0.0478726 0.0439538 0.0395461 0.0348878 0.0301978 0.0256643 0.0214368 0.0176236 0.0142928 0.0114714 0.00911113 0.00698945 0.00476564 0.0025547 0.00100584 0.000298799 7.16417e-05 1.46315e-05 2.61113e-06 4.06548e-07 5.34193e-08 5.37326e-09 2.96308e-10 0 
0 0.000526109 0.0030286 0.0068052 0.0111838 0.0163574 0.0221513 0.0282488 0.0343007 0.0399571 0.0448969 0.0488527 0.051629 0.0531154 0.0532912 0.0522168 0.0500213 0.0468895 0.0430434 0.0387203 0.0341536 0.0295581 0.025118 0.0209794 0.0172483 0.0139909 0.0112326 0.00892231 0.00683516 0.0046426 0.00247716 0.000972728 0.000289036 6.94653e-05 1.42373e-05 2.55141e-06 3.99077e-07 5.26971e-08 5.32864e-09 2.95507e-10 0 
0 0.000487779 0.00287956 0.00656172 0.0107806 0.0157364 0.021284 0.0271215 0.0329142 0.0383269 0.0430521 0.0468336 0.0494851 0.0509012 0.0510606 0.0500213 0.0479088 0.0449014 0.041212 0.0370674 0.0326918 0.028291 0.0240413 0.0200829 0.0165168 0.0134065 0.0107736 0.00855767 0.00652445 0.00437469 0.00229504 0.000889944 0.000263188 6.33468e-05 1.30501e-05 2.35535e-06 3.71473e-07 4.94986e-08 5.05382e-09 2.83129e-10 0 
0 0.000432587 0.00265644 0.00620418 0.0102015 0.0148448 0.0200376 0.0255012 0.0309218 0.0359858 0.0404049 0.0439393 0.0464147 0.0477325 0.0478726 0.0468895 0.0449014 0.0420763 0.0386133 0.0347256 0.0306233 0.0264995 0.0225198 0.0188157 0.0154822 0.0125784 0.0101199 0.00803071 0.00606633 0.00398161 0.0020359 0.000775671 0.000228172 5.51389e-05 1.14668e-05 2.09534e-06 3.35125e-07 4.53297e-08 4.7009e-09 2.67581e-10 0 
0 0.000365834 0.00236792 0.00574562 0.00948657 0.0137472 0.0185017 0.0235034 0.0284653 0.0330998 0.0371429 0.0403746 0.0426352 0.0438344 0.0439538 0.0430434 0.041212 0.0386133 0.0354304 0.0318589 0.0280917 0.0243064 0.0206552 0.0172592 0.0142066 0.011551 0.0092983 0.00735285 0.00547233 0.00349427 0.00173778 0.000652635 0.000192246 4.70312e-05 9.95998e-06 1.85858e-06 3.03922e-07 4.20415e-08 4.45721e-09 2.59166e-10 0 
0 0.000293668 0.00202624 0.00519475 0.00867523 0.0125134 0.0167728 0.021253 0.0256972 0.0298477 0.0334676 0.0363594 0.0383798 0.0394475 0.0395461 0.0387203 0.0370674 0.0347256 0.0318589 0.0286429 0.0252511 0.021843 0.0185559 0.0154997 0.0127546 0.0103671 0.00833019 0.006533 0.00476475 0.00296108 0.00144667 0.00054438 0.000163433 4.1129e-05 8.98952e-06 1.73138e-06 2.91749e-07 4.14868e-08 4.50862e-09 2.67913e-10 0 
0 0.00022247 0.00164958 0.00455501 0.0077979 0.011211 0.0149473 0.0188738 0.0227691 0.0264067 0.0295786 0.0321113 0.0338787 0.0348091 0.0348878 0.0341536 0.0326918 0.0306233 0.0280917 0.0252511 0.0222534 0.019239 0.0163291 0.0136212 0.0111867 0.00906277 0.00723032 0.00558614 0.00398928 0.00244773 0.00120947 0.000471664 0.000148569 3.9257e-05 8.96229e-06 1.79033e-06 3.1073e-07 4.52253e-08 5.00306e-09 3.01216e-10 0 
0 0.000158002 0.00126352 0.00382974 0.00686599 0.00989718 0.013114 0.0164808 0.0198209 0.0229405 0.0256603 0.0278311 0.0293442 0.0301375 0.0301978 0.0295581 0.028291 0.0264995 0.0243064 0.021843 0.019239 0.0166145 0.0140734 0.0117002 0.0095552 0.00766651 0.00601885 0.00455694 0.00322236 0.00202149 0.00106158 0.000449304 0.000153018 4.29602e-05 1.02242e-05 2.09675e-06 3.6949e-07 5.41837e-08 6.00713e-09 3.61097e-10 0 
0 0.000104484 0.000899347 0.00303606 0.00586544 0.00860408 0.0113465 0.0141733 0.016974 0.0195904 0.0218715 0.0236916 0.0249587 0.0256202 0.0256643 0.025118 0.0240413 0.0225198 0.0206552 0.0185559 0.0163291 0.0140734 0.0118747 0.00980201 0.0079061 0.00622185 0.00477493 0.00357108 0.00257421 0.00172638 0.00101091 0.000481731 0.000180053 5.34001e-05 1.30146e-05 2.68114e-06 4.6971e-07 6.8116e-08 7.44891e-09 4.41181e-10 0 
0 6.39154e-05 0.000587609 0.00222194 0.00476875 0.0073192 0.0096892 0.0120287 0.0143256 0.0164697 0.0183394 0.0198309 0.020868 0.0214067 0.0214368 0.0209794 0.0200829 0.0188157 0.0172592 0.0154997 0.0136212 0.0117002 0.00980201 0.00798284 0.00630841 0.00488336 0.00380756 0.00303671 0.00237881 0.00171229 0.00108169 0.000567611 0.000230254 7.093e-05 1.73092e-05 3.50588e-06 5.99991e-07 8.48853e-08 9.06233e-09 5.24741e-10 0 
0 3.59705e-05 0.000348781 0.00146837 0.00358078 0.00597755 0.00812836 0.0100875 0.0119433 0.0136609 0.0151567 0.0163494 0.0171776 0.0176054 0.0176236 0.0172483 0.0165168 0.0154822 0.0142066 0.0127546 0.0111867 0.0095552 0.0079061 0.00630841 0.00493903 0.00412927 0.00409851 0.00443732 0.00421906 0.00309701 0.00173929 0.000805457 0.000314417 9.57181e-05 2.26798e-05 4.42268e-06 7.30263e-07 1.00087e-07 1.03882e-08 5.86618e-10 0 
0 1.85495e-05 0.000186747 0.000860434 0.00239596 0.00451539 0.00656503 0.00831496 0.00984543 0.0112083 0.0123799 0.0133103 0.0139544 0.0142845 0.0142928 0.0139909 0.0134065 0.0125784 0.011551 0.0103671 0.00906277 0.00766651 0.00622185 0.00488336 0.00412927 0.00486984 0.00767895 0.0110795 0.0118086 0.00872356 0.00444015 0.0016338 0.000496973 0.000131475 2.84719e-05 5.18187e-06 8.15384e-07 1.07962e-07 1.0901e-08 6.01338e-10 0 
0 8.74526e-06 8.99243e-05 0.000442538 0.00138528 0.00299956 0.00487437 0.00656096 0.00794477 0.00908104 0.01001 0.0107298 0.0112219 0.0114706 0.0114714 0.0112326 0.0107736 0.0101199 0.0092983 0.00833019 0.00723032 0.00601885 0.00477493 0.00380756 0.00409851 0.00767895 0.0159371 0.0253872 0.0280907 0.0206068 0.0102465 0.00346839 0.000862641 0.000182824 3.37722e-05 5.50897e-06 8.13579e-07 1.04013e-07 1.02589e-08 5.5547e-10 0 
0 3.76691e-06 3.89687e-05 0.000199583 0.000681462 0.00167565 0.00311529 0.00466131 0.00601815 0.00709648 0.00791959 0.00852099 0.0089167 0.00911198 0.00911113 0.00892231 0.00855767 0.00803071 0.00735285 0.006533 0.00558614 0.00455694 0.00357108 0.00303671 0.00443732 0.0110795 0.0253872 0.0414346 0.0455567 0.0341192 0.0167846 0.0055599 0.00127914 0.000231339 3.61837e-05 5.17892e-06 7.10562e-07 8.79414e-08 8.53169e-09 4.56643e-10 0 
0 1.48332e-06 1.52469e-05 7.94227e-05 0.000285909 0.000772096 0.00162271 0.00275136 0.00393725 0.00498577 0.00581115 0.00640567 0.00678798 0.00697759 0.00698945 0.00683516 0.00652445 0.00606633 0.00547233 0.00476475 0.00398928 0.00322236 0.00257421 0.00237881 0.00421906 0.0118086 0.0280907 0.0455567 0.0491242 0.0382253 0.0186074 0.0061234 0.00137563 0.000231156 3.22359e-05 4.1351e-06 5.32284e-07 6.44009e-08 6.20603e-09 3.3122e-10 0 
0 5.34689e-07 5.41004e-06 2.81608e-05 0.000103793 0.000296151 0.000678486 0.00127961 0.00204127 0.00284184 0.00356291 0.00413182 0.00452106 0.00472926 0.00476564 0.0046426 0.00437469 0.00398161 0.00349427 0.00296108 0.00244773 0.00202149 0.00172638 0.00171229 0.00309701 0.00872356 0.0206068 0.0341192 0.0382253 0.0279301 0.0137802 0.00453649 0.00101747 0.00016748 2.21277e-05 2.68265e-06 3.35606e-07 4.04836e-08 3.92357e-09 2.10819e-10 0 
0 1.76701e-07 1.74853e-06 8.98487e-06 3.31965e-05 9.69455e-05 0.000232757 0.000469916 0.000813109 0.00123028 0.00166257 0.00204782 0.00233915 0.00251068 0.0025547 0.00247716 0.00229504 0.0020359 0.00173778 0.00144667 0.00120947 0.00106158 0.00101091 0.00108169 0.00173929 0.00444015 0.0102465 0.0167846 0.0186074 0.0137802 0.00681056 0.00225328 0.000513041 8.53302e-05 1.12533e-05 1.3778e-06 1.76325e-07 2.17617e-08 2.14995e-09 1.17418e-10 0 
0 5.35928e-08 5.16516e-07 2.6001e-06 9.5011e-06 2.77989e-05 6.78971e-05 0.000141621 0.000256398 0.000408823 0.000582428 0.000751841 0.000890685 0.000978739 0.00100584 0.000972728 0.000889944 0.000775671 0.000652635 0.00054438 0.000471664 0.000449304 0.000481731 0.000567611 0.000805457 0.0016338 0.00346839 0.0055599 0.0061234 0.00453649 0.00225328 0.000758269 0.000178223 3.06383e-05 4.25075e-06 5.63579e-07 7.75514e-08 1.0021e-08 1.02122e-09 5.71795e-11 0 
0 1.49175e-08 1.397e-07 6.8589e-07 2.45953e-06 7.11957e-06 1.7369e-05 3.65493e-05 6.73594e-05 0.00011005 0.000161125 0.000213556 0.000258631 0.000288573 0.000298799 0.000289036 0.000263188 0.000228172 0.000192246 0.000163433 0.000148569 0.000153018 0.000180053 0.000230254 0.000314417 0.000496973 0.000862641 0.00127914 0.00137563 0.00101747 0.000513041 0.000178223 4.37156e-05 8.021e-06 1.2477e-06 1.90294e-07 2.90095e-08 3.97469e-09 4.21262e-10 2.43505e-11 0 
0 3.80323e-09 3.45713e-08 1.65183e-07 5.7888e-07 1.64664e-06 3.97255e-06 8.32115e-06 1.53597e-05 2.52593e-05 3.73458e-05 5.00426e-05 6.12222e-05 6.88497e-05 7.16417e-05 6.94653e-05 6.33468e-05 5.51389e-05 4.70312e-05 4.1129e-05 3.9257e-05 4.29602e-05 5.34001e-05 7.093e-05 9.57181e-05 0.000131475 0.000182824 0.000231339 0.000231156 0.00016748 8.53302e-05 3.06383e-05 8.021e-06 1.66242e-06 3.08518e-07 5.54936e-08 9.37927e-09 1.36514e-09 1.51177e-10 9.0677e-12 0 
0 8.83508e-10 7.79428e-09 3.62143e-08 1.23801e-07 3.44915e-07 8.1876e-07 1.69556e-06 3.10838e-06 5.09698e-06 7.53703e-06 1.01212e-05 1.24212e-05 1.40156e-05 1.46315e-05 1.42373e-05 1.30501e-05 1.14668e-05 9.95998e-06 8.98952e-06 8.96229e-06 1.02242e-05 1.30146e-05 1.73092e-05 2.26798e-05 2.84719e-05 3.37722e-05 3.61837e-05 3.22359e-05 2.21277e-05 1.12533e-05 4.25075e-06 1.2477e-06 3.08518e-07 6.92601e-08 1.43429e-08 2.63981e-09 4.06791e-10 4.71738e-11 2.94609e-12 0 
0 1.84996e-10 1.5847e-09 7.16093e-09 2.38691e-08 6.50494e-08 1.51597e-07 3.09387e-07 5.61035e-07 9.13082e-07 1.34401e-06 1.8008e-06 2.20909e-06 2.49521e-06 2.61113e-06 2.55141e-06 2.35535e-06 2.09534e-06 1.85858e-06 1.73138e-06 1.79033e-06 2.09675e-06 2.68114e-06 3.50588e-06 4.42268e-06 5.18187e-06 5.50897e-06 5.17892e-06 4.1351e-06 2.68265e-06 1.3778e-06 5.63579e-07 1.90294e-07 5.54936e-08 1.43429e-08 3.27313e-09 6.44218e-10 1.04722e-10 1.27273e-11 8.29154e-13 0 
0 3.41768e-11 2.84537e-10 1.25142e-09 4.0687e-09 1.0845e-08 2.4796e-08 4.98084e-08 8.91867e-08 1.43767e-07 2.10187e-07 2.80415e-07 3.43273e-07 3.87711e-07 4.06548e-07 3.99077e-07 3.71473e-07 3.35125e-07 3.03922e-07 2.91749e-07 3.1073e-07 3.6949e-07 4.6971e-07 5.99991e-07 7.30263e-07 8.15384e-07 8.13579e-07 7.10562e-07 5.32284e-07 3.35606e-07 1.76325e-07 7.75514e-08 2.90095e-08 9.37927e-09 2.63981e-09 6.44218e-10 1.34151e-10 2.29411e-11 2.92123e-12 1.98655e-13 0 
0 5.33173e-12 4.31943e-11 1.85107e-10 5.8755e-10 1.5326e-09 3.43841e-09 6.79676e-09 1.20109e-08 1.91619e-08 2.78004e-08 3.68975e-08 4.50411e-08 5.08453e-08 5.34193e-08 5.26971e-08 4.94986e-08 4.53297e-08 4.20415e-08 4.14868e-08 4.52253e-08 5.41837e-08 6.8116e-08 8.48853e-08 1.00087e-07 1.07962e-07 1.04013e-07 8.79414e-08 6.44009e-08 4.04836e-08 2.17617e-08 1.0021e-08 3.97469e-09 1.36514e-09 4.06791e-10 1.04722e-10 2.29411e-11 4.11692e-12 5.48636e-13 3.89316e-14 0 
0 6.3346e-13 5.00066e-12 2.0909e-11 6.48687e-11 1.65743e-10 3.6512e-10 7.10507e-10 1.2393e-09 1.95663e-09 2.81637e-09 3.71766e-09 4.52429e-09 5.10403e-09 5.37326e-09 5.32864e-09 5.05382e-09 4.7009e-09 4.45721e-09 4.50862e-09 5.00306e-09 6.00713e-09 7.44891e-09 9.06233e-09 1.03882e-08 1.0901e-08 1.02589e-08 8.53169e-09 6.20603e-09 3.92357e-09 2.14995e-09 1.02122e-09 4.21262e-10 1.51177e-10 4.71738e-11 1.27273e-11 2.92123e-12 5.48636e-13 7.63794e-14 5.64955e-15 0 
0 4.09207e-14 3.15233e-13 1.28786e-12 3.91044e-12 9.79808e-12 2.12136e-11 4.0667e-11 7.00479e-11 1.09477e-10 1.56366e-10 2.05297e-10 2.49085e-10 2.80844e-10 2.96308e-10 2.95507e-10 2.83129e-10 2.67581e-10 2.59166e-10 2.67913e-10 3.01216e-10 3.61097e-10 4.41181e-10 5.24741e-10 5.86618e-10 6.01338e-10 5.5547e-10 4.56643e-10 3.3122e-10 2.10819e-10 1.17418e-10 5.71795e-11 2.43505e-11 9.0677e-12 2.94609e-12 8.29154e-13 1.98655e-13 3.89316e-14 5.64955e-15 4.34902e-16 0 
0 0 0 0 0 0 0 0 0 0 0 0 0 0 0 0 0 0 0 0 0 0 0 0 0 0 0 0 0 0 0 0 0 0 0 0 0 0 0 0 0 
