0 0 0 0 0 0 0 0 0 0 0 0 0 0 0 0 0 0 0 0 0 0 0 0 0 0 0 0 0 0 0 0 0 0 0 0 0 0 0 0 0 
0 1.25016e-07 1.07177e-06 4.37436e-06 1.17759e-05 2.35247e-05 3.77062e-05 5.16428e-05 6.34946e-05 7.26316e-05 7.92e-05 8.36256e-05 8.63307e-05 8.76312e-05 8.77275e-05 8.67228e-05 8.46411e-05 8.14412e-05 7.70341e-05 7.13171e-05 6.42332e-05 5.58528e-05 4.64537e-05 3.65628e-05 2.69143e-05 1.83034e-05 1.13648e-05 6.37781e-06 3.21093e-06 1.4442e-06 5.79658e-07 2.07803e-07 6.66378e-08 1.91245e-08 4.90016e-09 1.112e-09 2.19367e-10 3.60944e-11 4.47733e-12 2.99506e-13 0 
0 1.07177e-06 9.15177e-06 3.47201e-05 8.03338e-05 0.000130681 0.000168864 0.000191836 0.000205137 0.000214116 0.00022131 0.000227239 0.000231583 0.000233912 0.000234 0.000231923 0.000228033 0.00022287 0.000217013 0.000210848 0.000204281 0.000196443 0.000185586 0.000169452 0.000146337 0.000116614 8.36682e-05 5.29344e-05 2.91227e-05 1.38571e-05 5.71498e-06 2.05723e-06 6.51693e-07 1.82832e-07 4.55196e-08 1.0008e-08 1.91109e-09 3.04505e-10 3.6622e-11 2.37915e-12 0 
0 4.37436e-06 3.47201e-05 0.000109454 0.000193846 0.000244968 0.000270548 0.000291949 0.00031706 0.000344583 0.000371015 0.000393336 0.000409494 0.00041834 0.000419505 0.00041329 0.000400571 0.000382703 0.000361433 0.00033882 0.000317126 0.00029855 0.000284587 0.000274843 0.00026558 0.000249256 0.00021742 0.000167826 0.000109962 5.97144e-05 2.67982e-05 1.00664e-05 3.22603e-06 8.97371e-07 2.1894e-07 4.68868e-08 8.69859e-09 1.34594e-09 1.57313e-10 9.94614e-12 0 
0 1.17759e-05 8.03338e-05 0.000193846 0.000267327 0.000306412 0.000350708 0.000407391 0.000469515 0.000530114 0.000584136 0.000627941 0.000659028 0.000675975 0.00067841 0.000666947 0.00064305 0.00060886 0.000566998 0.000520369 0.000472045 0.000425237 0.000383379 0.000350061 0.0003281 0.000316809 0.000307835 0.000284057 0.000230212 0.000152748 7.99368e-05 3.30624e-05 1.11066e-05 3.13004e-06 7.58088e-07 1.59414e-07 2.88916e-08 4.35897e-09 4.96754e-10 3.06525e-11 0 
0 2.35247e-05 0.000130681 0.000244968 0.000306412 0.00037306 0.000461855 0.000562236 0.000664331 0.000760795 0.000845632 0.000914004 0.000962402 0.000988794 0.000992676 0.000975003 0.000937993 0.000884857 0.00081947 0.000746039 0.000668801 0.000591808 0.000518867 0.000453737 0.000400557 0.000363768 0.000345409 0.000338038 0.00031825 0.000258899 0.000165289 7.93801e-05 2.91367e-05 8.54515e-06 2.08796e-06 4.35446e-07 7.76084e-08 1.14729e-08 1.27979e-09 7.73251e-11 0 
0 3.77062e-05 0.000168864 0.000270548 0.000350708 0.000461855 0.000596223 0.000740562 0.000884901 0.00102044 0.00113931 0.00123499 0.00130277 0.00133992 0.00134545 0.00132058 0.00126871 0.00119437 0.00110281 0.000999763 0.000890973 0.000781808 0.000677024 0.000580713 0.000496596 0.00042879 0.000382338 0.000360295 0.000353385 0.000329473 0.000254446 0.000146129 6.07792e-05 1.90681e-05 4.78307e-06 9.99968e-07 1.76511e-07 2.57007e-08 2.81777e-09 1.67285e-10 0 
0 5.16428e-05 0.000191836 0.000291949 0.000407391 0.000562236 0.000740562 0.000929528 0.00111771 0.00129412 0.00144912 0.00157898 0.00168944 0.00176415 0.00177759 0.00172678 0.00163225 0.00152237 0.00140113 0.00126681 0.00112499 0.000982358 0.000844874 0.000717442 0.000603965 0.000507836 0.000433097 0.000385188 0.000366103 0.000358699 0.000317812 0.000216872 0.000104236 3.57647e-05 9.35744e-06 1.98121e-06 3.48728e-07 5.0263e-08 5.43838e-09 3.18337e-10 0 
0 6.34946e-05 0.000205137 0.00031706 0.000469515 0.000664331 0.000884901 0.00111771 0.00134926 0.00156731 0.00178296 0.00202523 0.00220005 0.00227895 0.00229111 0.00224466 0.0021234 0.00191978 0.00170838 0.00153235 0.00135719 0.00118145 0.00101176 0.000853951 0.000712446 0.000590512 0.000491124 0.000418625 0.000378603 0.000367358 0.0003503 0.000274562 0.0001522 5.77771e-05 1.59497e-05 3.44823e-06 6.08757e-07 8.72435e-08 9.35031e-09 5.41399e-10 0 
0 7.26316e-05 0.000214116 0.000344583 0.000530114 0.000760795 0.00102044 0.00129412 0.00156731 0.00185963 0.00220631 0.00239819 0.00248726 0.00252787 0.0025343 0.00250941 0.002448 0.00233032 0.00209463 0.00179731 0.00157478 0.00136741 0.0011677 0.000981698 0.000814387 0.000669201 0.000548595 0.000455543 0.000395373 0.000371199 0.000362708 0.000312767 0.000196209 8.23448e-05 2.41063e-05 5.34892e-06 9.51121e-07 1.36021e-07 1.44862e-08 8.32092e-10 0 
0 7.92e-05 0.00022131 0.000371015 0.000584136 0.000845632 0.00113931 0.00144912 0.00178296 0.00220631 0.00244677 0.00256099 0.00262306 0.00265304 0.00265782 0.00263903 0.00259437 0.00251569 0.00238012 0.00211163 0.00177677 0.00152996 0.00130368 0.00109314 0.000903457 0.000738296 0.000599918 0.000490369 0.000413766 0.000375549 0.00036595 0.000334283 0.000230943 0.00010596 3.28342e-05 7.48785e-06 1.34412e-06 1.92301e-07 2.04026e-08 1.16547e-09 0 
0 8.36256e-05 0.000227239 0.000393336 0.000627941 0.000914004 0.00123499 0.00157898 0.00202523 0.00239819 0.00256099 0.00265059 0.00270228 0.00272784 0.00273189 0.00271564 0.00267766 0.00261298 0.00250913 0.00232953 0.00198628 0.00166337 0.00141225 0.00118204 0.000974531 0.000793525 0.000641217 0.000519118 0.000430251 0.000380367 0.000365961 0.00034475 0.000255049 0.000125663 4.08931e-05 9.56286e-06 1.73345e-06 2.48454e-07 2.63103e-08 1.49767e-09 0 
0 8.63307e-05 0.000231583 0.000409494 0.000659028 0.000962402 0.00130277 0.00168944 0.00220005 0.00248726 0.00262306 0.00270228 0.00274911 0.00277249 0.00277612 0.00276103 0.00272614 0.0026677 0.0025767 0.00242952 0.00214866 0.00176816 0.00148813 0.00124386 0.00102389 0.000831846 0.000669892 0.00053924 0.000442179 0.000384151 0.000364912 0.000348791 0.000269556 0.000139652 4.71435e-05 1.12449e-05 2.05542e-06 2.95272e-07 3.12492e-08 1.77545e-09 0 
0 8.76312e-05 0.000233912 0.00041834 0.000675975 0.000988794 0.00133992 0.00176415 0.00227895 0.00252787 0.00265304 0.00272784 0.00277249 0.00279482 0.00279817 0.00278349 0.00274986 0.00269395 0.00260807 0.00247287 0.00222608 0.00183315 0.00152816 0.00127598 0.00104939 0.000851495 0.00068445 0.000549309 0.000447964 0.000385538 0.000363217 0.000349165 0.000276113 0.000147185 5.07868e-05 1.2265e-05 2.25458e-06 3.24527e-07 3.43527e-08 1.95062e-09 0 
0 8.77275e-05 0.000234 0.000419505 0.00067841 0.000992676 0.00134545 0.00177759 0.00229111 0.0025343 0.00265782 0.00273189 0.00277612 0.00279817 0.00280132 0.00278652 0.00275284 0.00269705 0.00261159 0.00247774 0.00223553 0.00184111 0.00153097 0.00127777 0.00105047 0.000851984 0.000684428 0.000548811 0.000446914 0.000383738 0.000360726 0.000347108 0.000275974 0.000148202 5.14578e-05 1.24772e-05 2.29884e-06 3.31321e-07 3.50981e-08 1.9939e-09 0 
0 8.67228e-05 0.000231923 0.00041329 0.000666947 0.000975003 0.00132058 0.00172678 0.00224466 0.00250941 0.00263903 0.00271564 0.00276103 0.00278349 0.00278652 0.00277109 0.00273619 0.00267829 0.00258908 0.00244737 0.00218357 0.00179052 0.0014979 0.0012505 0.0010281 0.000833996 0.000670273 0.000537973 0.000439028 0.000378522 0.000357179 0.000342767 0.000269655 0.000143002 4.9214e-05 1.18831e-05 2.18698e-06 3.15351e-07 3.3446e-08 1.90282e-09 0 
0 8.46411e-05 0.000228033 0.000400571 0.00064305 0.000937993 0.00126871 0.00163225 0.0021234 0.002448 0.00259437 0.00267766 0.00272614 0.00274986 0.00275284 0.00273619 0.00269864 0.00263591 0.0025375 0.00237487 0.00205916 0.00169715 0.00143323 0.00119706 0.000984504 0.000799186 0.000643156 0.000517583 0.000424787 0.000370024 0.000352167 0.000335349 0.000256965 0.00013214 4.44792e-05 1.06198e-05 1.94692e-06 2.80725e-07 2.98251e-08 1.70105e-09 0 
0 8.14412e-05 0.00022287 0.000382703 0.00060886 0.000884857 0.00119437 0.00152237 0.00191978 0.00233032 0.00251569 0.00261298 0.0026677 0.00269395 0.00269705 0.00267829 0.00263591 0.00256384 0.00244623 0.00223336 0.00186979 0.00158153 0.00134235 0.00112153 0.00092284 0.000749896 0.000604725 0.000488746 0.000404887 0.000358373 0.000344714 0.000323036 0.000237277 0.000116492 3.79675e-05 8.92051e-06 1.6265e-06 2.34535e-07 2.49826e-08 1.43013e-09 0 
0 7.70341e-05 0.000217013 0.000361433 0.000566998 0.00081947 0.00110281 0.00140113 0.00170838 0.00209463 0.00238012 0.00250913 0.0025767 0.00260807 0.00261159 0.00258908 0.0025375 0.00244623 0.00228419 0.00197667 0.00168056 0.00144902 0.00123117 0.00102875 0.000846823 0.000688813 0.00055679 0.000452581 0.000379834 0.000343006 0.000332488 0.000302875 0.000210092 9.74224e-05 3.05833e-05 7.05938e-06 1.28038e-06 1.8482e-07 1.97651e-08 1.13734e-09 0 
0 7.13171e-05 0.000210848 0.00033882 0.000520369 0.000746039 0.000999763 0.00126681 0.00153235 0.00179731 0.00211163 0.00232953 0.00242952 0.00247287 0.00247774 0.00244737 0.00237487 0.00223336 0.00197667 0.00171585 0.00150555 0.00130198 0.00110604 0.00092388 0.000760321 0.000618622 0.000500983 0.000409798 0.000349177 0.000321428 0.000310809 0.000271235 0.00017596 7.6885e-05 2.32852e-05 5.29372e-06 9.57338e-07 1.38623e-07 1.49114e-08 8.63963e-10 0 
0 6.42332e-05 0.000204281 0.000317126 0.000472045 0.000668801 0.000890973 0.00112499 0.00135719 0.00157478 0.00177677 0.00198628 0.00214866 0.00222608 0.00223553 0.00218357 0.00205916 0.00186979 0.00168056 0.00150555 0.00132645 0.00114676 0.000973311 0.000811929 0.000667015 0.000541698 0.000438406 0.00036001 0.000310114 0.000287545 0.000272608 0.000225789 0.000137566 5.72902e-05 1.69199e-05 3.81631e-06 6.91234e-07 1.00688e-07 1.09145e-08 6.37591e-10 0 
0 5.58528e-05 0.000196443 0.00029855 0.000425237 0.000591808 0.000781808 0.000982358 0.00118145 0.00136741 0.00152996 0.00166337 0.00176816 0.00183315 0.00184111 0.00179052 0.00169715 0.00158153 0.00144902 0.00130198 0.00114676 0.000990323 0.000838872 0.000697506 0.000570187 0.000459947 0.000369352 0.000300951 0.000256482 0.000232673 0.00021293 0.000169552 0.00010012 4.09977e-05 1.20566e-05 2.72792e-06 4.97316e-07 7.3e-08 7.97578e-09 4.69472e-10 0 
0 4.64537e-05 0.000185586 0.000284587 0.000383379 0.000518867 0.000677024 0.000844874 0.00101176 0.0011677 0.00130368 0.00141225 0.00148813 0.00152816 0.00153097 0.0014979 0.00143323 0.00134235 0.00123117 0.00110604 0.000973311 0.000838872 0.000707881 0.000584657 0.000472787 0.000375373 0.000294905 0.000232526 0.000187996 0.000159907 0.000141045 0.000113645 6.96337e-05 2.95141e-05 8.87725e-06 2.03429e-06 3.73546e-07 5.50846e-08 6.03879e-09 3.56427e-10 0 
0 3.65628e-05 0.000169452 0.000274843 0.000350061 0.000453737 0.000580713 0.000717442 0.000853951 0.000981698 0.00109314 0.00118204 0.00124386 0.00127598 0.00127777 0.0012505 0.00119706 0.00112153 0.00102875 0.00092388 0.000811929 0.000697506 0.000584657 0.000477027 0.000378646 0.000294972 0.000231129 0.000185238 0.000147456 0.000113062 8.81366e-05 7.17109e-05 4.89913e-05 2.27709e-05 7.16391e-06 1.66363e-06 3.05179e-07 4.47379e-08 4.87042e-09 2.85527e-10 0 
0 2.69143e-05 0.000146337 0.00026558 0.0003281 0.000400557 0.000496596 0.000603965 0.000712446 0.000814387 0.000903457 0.000974531 0.00102389 0.00104939 0.00105047 0.0010281 0.000984504 0.00092284 0.000846823 0.000760321 0.000667015 0.000570187 0.000472787 0.000378646 0.000296945 0.000247278 0.000244571 0.000264566 0.000251546 0.000184842 0.000105508 5.74655e-05 3.6935e-05 1.91698e-05 6.39632e-06 1.49563e-06 2.70535e-07 3.8912e-08 4.15866e-09 2.39801e-10 0 
0 1.83034e-05 0.000116614 0.000249256 0.000316809 0.000363768 0.00042879 0.000507836 0.000590512 0.000669201 0.000738296 0.000793525 0.000831846 0.000851495 0.000851984 0.000833996 0.000799186 0.000749896 0.000688813 0.000618622 0.000541698 0.000459947 0.000375373 0.000294972 0.000247278 0.000290339 0.000457717 0.000811865 0.000980104 0.000537463 0.000264674 9.81929e-05 3.62727e-05 1.71186e-05 5.97403e-06 1.39717e-06 2.47014e-07 3.4596e-08 3.60815e-09 2.03682e-10 0 
0 1.13648e-05 8.36682e-05 0.00021742 0.000307835 0.000345409 0.000382338 0.000433097 0.000491124 0.000548595 0.000599918 0.000641217 0.000669892 0.00068445 0.000684428 0.000670273 0.000643156 0.000604725 0.00055679 0.000500983 0.000438406 0.000369352 0.000294905 0.000231129 0.000244571 0.000457717 0.00115722 0.00171371 0.00175499 0.00157308 0.0006274 0.000206763 5.3102e-05 1.66202e-05 5.4945e-06 1.26364e-06 2.17408e-07 2.96432e-08 3.02062e-09 1.6719e-10 0 
0 6.37781e-06 5.29344e-05 0.000167826 0.000284057 0.000338038 0.000360295 0.000385188 0.000418625 0.000455543 0.000490369 0.000519118 0.00053924 0.000549309 0.000548811 0.000537973 0.000517583 0.000488746 0.000452581 0.000409798 0.00036001 0.000300951 0.000232526 0.000185238 0.000264566 0.000811865 0.00171371 0.00187501 0.00189364 0.00181033 0.00137971 0.0003324 7.67099e-05 1.72249e-05 4.80067e-06 1.04973e-06 1.75057e-07 2.33428e-08 2.33862e-09 1.2768e-10 0 
0 3.21093e-06 2.91227e-05 0.000109962 0.000230212 0.00031825 0.000353385 0.000366103 0.000378603 0.000395373 0.000413766 0.000430251 0.000442179 0.000447964 0.000446914 0.000439028 0.000424787 0.000404887 0.000379834 0.000349177 0.000310114 0.000256482 0.000187996 0.000147456 0.000251546 0.000980104 0.00175499 0.00189364 0.0019128 0.00184567 0.00156875 0.000384909 8.2264e-05 1.61359e-05 3.80403e-06 7.7108e-07 1.24538e-07 1.63706e-08 1.6275e-09 8.83903e-11 0 
0 1.4442e-06 1.38571e-05 5.97144e-05 0.000152748 0.000258899 0.000329473 0.000358699 0.000367358 0.000371199 0.000375549 0.000380367 0.000384151 0.000385538 0.000383738 0.000378522 0.000370024 0.000358373 0.000343006 0.000321428 0.000287545 0.000232673 0.000159907 0.000113062 0.000184842 0.000537463 0.00157308 0.00181033 0.00184567 0.00173028 0.00102044 0.000270404 6.10348e-05 1.18988e-05 2.56117e-06 4.8468e-07 7.65417e-08 1.00355e-08 1.00086e-09 5.45884e-11 0 
0 5.79658e-07 5.71498e-06 2.67982e-05 7.99368e-05 0.000165289 0.000254446 0.000317812 0.0003503 0.000362708 0.00036595 0.000365961 0.000364912 0.000363217 0.000360726 0.000357179 0.000352167 0.000344714 0.000332488 0.000310809 0.000272608 0.00021293 0.000141045 8.81366e-05 0.000105508 0.000264674 0.0006274 0.00137971 0.00156875 0.00102044 0.00040595 0.000134352 3.14239e-05 6.64951e-06 1.39288e-06 2.54499e-07 4.01369e-08 5.32644e-09 5.39004e-10 2.98054e-11 0 
0 2.07803e-07 2.05723e-06 1.00664e-05 3.30624e-05 7.93801e-05 0.000146129 0.000216872 0.000274562 0.000312767 0.000334283 0.00034475 0.000348791 0.000349165 0.000347108 0.000342767 0.000335349 0.000323036 0.000302875 0.000271235 0.000225789 0.000169552 0.000113645 7.17109e-05 5.74655e-05 9.81929e-05 0.000206763 0.0003324 0.000384909 0.000270404 0.000134352 4.56831e-05 1.19732e-05 2.85042e-06 6.01962e-07 1.10855e-07 1.79065e-08 2.44078e-09 2.53263e-10 1.43226e-11 0 
0 6.66378e-08 6.51693e-07 3.22603e-06 1.11066e-05 2.91367e-05 6.07792e-05 0.000104236 0.0001522 0.000196209 0.000230943 0.000255049 0.000269556 0.000276113 0.000275974 0.000269655 0.000256965 0.000237277 0.000210092 0.00017596 0.000137566 0.00010012 6.96337e-05 4.89913e-05 3.6935e-05 3.62727e-05 5.3102e-05 7.67099e-05 8.2264e-05 6.10348e-05 3.14239e-05 1.19732e-05 3.7075e-06 9.5823e-07 2.10166e-07 4.04681e-08 6.82849e-09 9.66962e-10 1.03763e-10 6.04495e-12 0 
0 1.91245e-08 1.82832e-07 8.97371e-07 3.13004e-06 8.54515e-06 1.90681e-05 3.57647e-05 5.77771e-05 8.23448e-05 0.00010596 0.000125663 0.000139652 0.000147185 0.000148202 0.000143002 0.00013214 0.000116492 9.74224e-05 7.6885e-05 5.72902e-05 4.09977e-05 2.95141e-05 2.27709e-05 1.91698e-05 1.71186e-05 1.66202e-05 1.72249e-05 1.61359e-05 1.18988e-05 6.64951e-06 2.85042e-06 9.5823e-07 2.62315e-07 6.1396e-08 1.2598e-08 2.24193e-09 3.32091e-10 3.70776e-11 2.2375e-12 0 
0 4.90016e-09 4.55196e-08 2.1894e-07 7.58088e-07 2.08796e-06 4.78307e-06 9.35744e-06 1.59497e-05 2.41063e-05 3.28342e-05 4.08931e-05 4.71435e-05 5.07868e-05 5.14578e-05 4.9214e-05 4.44792e-05 3.79675e-05 3.05833e-05 2.32852e-05 1.69199e-05 1.20566e-05 8.87725e-06 7.16391e-06 6.39632e-06 5.97403e-06 5.4945e-06 4.80067e-06 3.80403e-06 2.56117e-06 1.39288e-06 6.01962e-07 2.10166e-07 6.1396e-08 1.5462e-08 3.3861e-09 6.36654e-10 9.8969e-11 1.15398e-11 7.2408e-13 0 
0 1.112e-09 1.0008e-08 4.68868e-08 1.59414e-07 4.35446e-07 9.99968e-07 1.98121e-06 3.44823e-06 5.34892e-06 7.48785e-06 9.56286e-06 1.12449e-05 1.2265e-05 1.24772e-05 1.18831e-05 1.06198e-05 8.92051e-06 7.05938e-06 5.29372e-06 3.81631e-06 2.72792e-06 2.03429e-06 1.66363e-06 1.49563e-06 1.39717e-06 1.26364e-06 1.04973e-06 7.7108e-07 4.8468e-07 2.54499e-07 1.10855e-07 4.04681e-08 1.2598e-08 3.3861e-09 7.86808e-10 1.5608e-10 2.54867e-11 3.10908e-12 2.03282e-13 0 
0 2.19367e-10 1.91109e-09 8.69859e-09 2.88916e-08 7.76084e-08 1.76511e-07 3.48728e-07 6.08757e-07 9.51121e-07 1.34412e-06 1.73345e-06 2.05542e-06 2.25458e-06 2.29884e-06 2.18698e-06 1.94692e-06 1.6265e-06 1.28038e-06 9.57338e-07 6.91234e-07 4.97316e-07 3.73546e-07 3.05179e-07 2.70535e-07 2.47014e-07 2.17408e-07 1.75057e-07 1.24538e-07 7.65417e-08 4.01369e-08 1.79065e-08 6.82849e-09 2.24193e-09 6.36654e-10 1.5608e-10 3.25932e-11 5.58743e-12 7.13285e-13 4.86372e-14 0 
0 3.60944e-11 3.04505e-10 1.34594e-09 4.35897e-09 1.14729e-08 2.57007e-08 5.0263e-08 8.72435e-08 1.36021e-07 1.92301e-07 2.48454e-07 2.95272e-07 3.24527e-07 3.31321e-07 3.15351e-07 2.80725e-07 2.34535e-07 1.8482e-07 1.38623e-07 1.00688e-07 7.3e-08 5.50846e-08 4.47379e-08 3.8912e-08 3.4596e-08 2.96432e-08 2.33428e-08 1.63706e-08 1.00355e-08 5.32644e-09 2.44078e-09 9.66962e-10 3.32091e-10 9.8969e-11 2.54867e-11 5.58743e-12 1.0039e-12 1.33996e-13 9.52658e-15 0 
0 4.47733e-12 3.6622e-11 1.57313e-10 4.96754e-10 1.27979e-09 2.81777e-09 5.43838e-09 9.35031e-09 1.44862e-08 2.04026e-08 2.63103e-08 3.12492e-08 3.43527e-08 3.50981e-08 3.3446e-08 2.98251e-08 2.49826e-08 1.97651e-08 1.49114e-08 1.09145e-08 7.97578e-09 6.03879e-09 4.87042e-09 4.15866e-09 3.60815e-09 3.02062e-09 2.33862e-09 1.6275e-09 1.00086e-09 5.39004e-10 2.53263e-10 1.03763e-10 3.70776e-11 1.15398e-11 3.10908e-12 7.13285e-13 1.33996e-13 1.86693e-14 1.38258e-15 0 
0 2.99506e-13 2.37915e-12 9.94614e-12 3.06525e-11 7.73251e-11 1.67285e-10 3.18337e-10 5.41399e-10 8.32092e-10 1.16547e-09 1.49767e-09 1.77545e-09 1.95062e-09 1.9939e-09 1.90282e-09 1.70105e-09 1.43013e-09 1.13734e-09 8.63963e-10 6.37591e-10 4.69472e-10 3.56427e-10 2.85527e-10 2.39801e-10 2.03682e-10 1.6719e-10 1.2768e-10 8.83903e-11 5.45884e-11 2.98054e-11 1.43226e-11 6.04495e-12 2.2375e-12 7.2408e-13 2.03282e-13 4.86372e-14 9.52658e-15 1.38258e-15 1.06495e-16 0 
0 0 0 0 0 0 0 0 0 0 0 0 0 0 0 0 0 0 0 0 0 0 0 0 0 0 0 0 0 0 0 0 0 0 0 0 0 0 0 0 0 
