0 0 0 0 0 0 0 0 0 0 0 0 0 0 0 0 0 0 0 0 0 0 0 0 0 0 0 0 0 0 0 0 0 0 0 0 0 0 0 0 0 
0 6.03331e-11 5.7581e-10 2.90871e-09 1.08647e-08 3.32108e-08 8.67181e-08 1.97598e-07 3.97596e-07 7.11567e-07 1.13818e-06 1.63312e-06 2.10837e-06 2.45568e-06 2.58687e-06 2.47038e-06 2.14336e-06 1.6931e-06 1.22019e-06 8.03975e-07 4.85389e-07 2.69144e-07 1.37408e-07 6.47607e-08 2.82524e-08 1.14398e-08 4.31055e-09 1.51506e-09 4.97727e-10 1.53064e-10 4.40977e-11 1.18993e-11 3.00241e-12 7.05711e-13 1.53435e-13 3.04708e-14 5.4014e-15 8.16797e-16 9.491e-17 6.04405e-18 0 
0 5.7581e-10 5.70063e-09 2.98769e-08 1.15694e-07 3.66035e-07 9.86849e-07 2.31464e-06 4.77679e-06 8.73339e-06 1.42121e-05 2.06608e-05 2.69173e-05 3.152e-05 3.3266e-05 3.17232e-05 2.73987e-05 2.14785e-05 1.53151e-05 9.9543e-06 5.9113e-06 3.21538e-06 1.6064e-06 7.39322e-07 3.14419e-07 1.23945e-07 4.5426e-08 1.55216e-08 4.95643e-09 1.48182e-09 4.15228e-10 1.09055e-10 2.68066e-11 6.14483e-12 1.30449e-12 2.53278e-13 4.39563e-14 6.51728e-15 7.43656e-16 4.65803e-17 0 
0 2.90871e-09 2.98769e-08 1.62507e-07 6.52599e-07 2.13747e-06 5.9502e-06 1.43615e-05 3.03783e-05 5.66812e-05 9.37168e-05 0.000137836 0.000180978 0.000212861 0.000224991 0.000214322 0.000184439 0.000143691 0.00010154 6.52135e-05 3.81508e-05 2.0383e-05 9.97534e-06 4.48664e-06 1.86111e-06 7.14555e-07 2.54811e-07 8.46678e-08 2.62878e-08 7.64331e-09 2.08401e-09 5.33008e-10 1.27716e-10 2.85724e-11 5.92777e-12 1.1264e-12 1.91621e-13 2.78958e-14 3.13088e-15 1.93263e-16 0 
0 1.08647e-08 1.15694e-07 6.52599e-07 2.7155e-06 9.19782e-06 2.64003e-05 6.54464e-05 0.000141537 0.000268665 0.000449698 0.000666651 0.000879218 0.00103626 0.00109597 0.00104359 0.000896802 0.00069663 0.000489754 0.000312029 0.000180483 9.50126e-05 4.56676e-05 2.01156e-05 8.15286e-06 3.05309e-06 1.06066e-06 3.43115e-07 1.03694e-07 2.93524e-08 7.79592e-09 1.94389e-09 4.54596e-10 9.93871e-11 2.01797e-11 3.75887e-12 6.27935e-13 8.9939e-14 9.95221e-15 6.07066e-16 0 
0 3.32108e-08 3.66035e-07 2.13747e-06 9.19782e-06 3.21435e-05 9.48497e-05 0.000240582 0.000529304 0.0010158 0.00170893 0.00253456 0.00333553 0.00392119 0.00414197 0.00394754 0.00340159 0.00265117 0.00186801 0.00118947 0.000684892 0.000357314 0.00016946 7.33717e-05 2.91422e-05 1.06707e-05 3.61917e-06 1.14204e-06 3.36559e-07 9.2915e-08 2.40811e-08 5.8644e-09 1.34098e-09 2.8706e-10 5.71612e-11 1.04611e-11 1.72047e-12 2.43147e-13 2.66146e-14 1.61039e-15 0 
0 8.67181e-08 9.86849e-07 5.9502e-06 2.64003e-05 9.48497e-05 0.000286419 0.000738745 0.00163981 0.00314823 0.00525845 0.00770486 0.0100068 0.011644 0.0122467 0.0117054 0.0101812 0.00804295 0.00574888 0.00370417 0.0021473 0.00112071 0.000528344 0.000226142 8.8409e-05 3.17643e-05 1.05498e-05 3.25605e-06 9.3807e-07 2.53193e-07 6.41886e-08 1.53043e-08 3.43044e-09 7.20951e-10 1.41197e-10 2.54684e-11 4.13824e-12 5.79395e-13 6.30249e-14 3.80298e-15 0 
0 1.97598e-07 2.31464e-06 1.43615e-05 6.54464e-05 0.000240582 0.000738745 0.00192048 0.00424904 0.00803566 0.0130944 0.0186323 0.0235444 0.0268629 0.0280282 0.0269252 0.0238243 0.0193182 0.0142322 0.00943958 0.0055991 0.00296385 0.00140392 0.000598803 0.000231799 8.20992e-05 2.6804e-05 8.11898e-06 2.29401e-06 6.07228e-07 1.51051e-07 3.53724e-08 7.79803e-09 1.61468e-09 3.12234e-10 5.57493e-11 8.99349e-12 1.25446e-12 1.36476e-13 8.27167e-15 0 
0 3.97596e-07 4.77679e-06 3.03783e-05 0.000141537 0.000529304 0.00163981 0.00424904 0.00922939 0.01688 0.0263292 0.0357896 0.0434888 0.0483269 0.0498981 0.0482368 0.0436412 0.0366714 0.0282434 0.0196246 0.0121333 0.00662506 0.00319655 0.00137263 0.000530092 0.000186136 6.00143e-05 1.79138e-05 4.98315e-06 1.29853e-06 3.18178e-07 7.34779e-08 1.60008e-08 3.2798e-09 6.29525e-10 1.11931e-10 1.80499e-11 2.52769e-12 2.77402e-13 1.70435e-14 0 
0 7.11567e-07 8.73339e-06 5.66812e-05 0.000268665 0.0010158 0.00314823 0.00803566 0.01688 0.0293832 0.0433001 0.0558059 0.0650553 0.0704322 0.0719957 0.0699952 0.0646838 0.05636 0.0455925 0.0335273 0.0219244 0.012548 0.00625693 0.00273615 0.00106323 0.00037254 0.00011925 3.52429e-05 9.69583e-06 2.49874e-06 6.06016e-07 1.38731e-07 3.00133e-08 6.12938e-09 1.17631e-09 2.1001e-10 3.41697e-11 4.85326e-12 5.43024e-13 3.41725e-14 0 
0 1.13818e-06 1.42121e-05 9.37168e-05 0.000449698 0.00170893 0.00525845 0.0130944 0.0263292 0.0433001 0.0602122 0.073935 0.0833086 0.0884294 0.0897284 0.0875733 0.0821854 0.0736693 0.0621715 0.0482824 0.0335406 0.0203158 0.0105902 0.00476614 0.00187946 0.000661596 0.000211465 6.2209e-05 1.70171e-05 4.36173e-06 1.0535e-06 2.40717e-07 5.21409e-08 1.07037e-08 2.0747e-09 3.76115e-10 6.24902e-11 9.11172e-12 1.05109e-12 6.83666e-14 0 
0 1.63312e-06 2.06608e-05 0.000137836 0.000666651 0.00253456 0.00770486 0.0186323 0.0357896 0.0558059 0.073935 0.0875815 0.0964685 0.101153 0.102184 0.099939 0.0946468 0.0863835 0.0751013 0.0608871 0.0446332 0.0286085 0.0156681 0.00730829 0.00294518 0.00104824 0.000336568 9.91538e-05 2.71428e-05 6.96894e-06 1.68998e-06 3.89043e-07 8.52853e-08 1.78148e-08 3.5346e-09 6.59804e-10 1.13457e-10 1.71802e-11 2.06022e-12 1.39075e-13 0 
0 2.10837e-06 2.69173e-05 0.000180978 0.000879218 0.00333553 0.0100068 0.0235444 0.0434888 0.0650553 0.0833086 0.0964685 0.104873 0.109239 0.11009 0.107775 0.102545 0.0945265 0.0836708 0.0698298 0.0533158 0.0358572 0.0205783 0.00996729 0.00412273 0.00149175 0.000484143 0.000143842 3.97251e-05 1.03142e-05 2.5394e-06 5.96651e-07 1.34331e-07 2.90079e-08 5.9858e-09 1.16724e-09 2.1006e-10 3.3249e-11 4.15059e-12 2.8982e-13 0 
0 2.45568e-06 3.152e-05 0.000212861 0.00103626 0.00392119 0.011644 0.0268629 0.0483269 0.0704322 0.0884294 0.101153 0.109239 0.11342 0.114169 0.111811 0.106613 0.0987608 0.0882662 0.0749376 0.0587666 0.0409413 0.0244135 0.0122417 0.00520456 0.00192324 0.000635221 0.00019201 5.40819e-05 1.43876e-05 3.65245e-06 8.91316e-07 2.09926e-07 4.76973e-08 1.03875e-08 2.13663e-09 4.03909e-10 6.66839e-11 8.60683e-12 6.15654e-13 0 
0 2.58687e-06 3.3266e-05 0.000224991 0.00109597 0.00414197 0.0122467 0.0280282 0.0498981 0.0719957 0.0897284 0.102184 0.11009 0.114169 0.114869 0.112507 0.107361 0.0996532 0.0894473 0.0765824 0.0609434 0.0433932 0.0265848 0.0137153 0.00599099 0.00227114 0.000769882 0.000239596 6.98801e-05 1.93989e-05 5.18281e-06 1.34143e-06 3.36784e-07 8.16413e-08 1.8898e-08 4.09978e-09 8.0909e-10 1.3791e-10 1.81822e-11 1.31605e-12 0 
0 2.47038e-06 3.17232e-05 0.000214322 0.00104359 0.00394754 0.0117054 0.0269252 0.0482368 0.0699952 0.0875733 0.099939 0.107775 0.111811 0.112507 0.11019 0.105146 0.097607 0.0876643 0.0752023 0.0601341 0.0432319 0.0269077 0.0141881 0.00636679 0.00249187 0.000877455 0.000285964 8.82024e-05 2.61586e-05 7.52798e-06 2.10664e-06 5.70631e-07 1.48085e-07 3.62683e-08 8.21395e-09 1.67005e-09 2.89825e-10 3.85206e-11 2.78863e-12 0 
0 2.14336e-06 2.73987e-05 0.000184439 0.000896802 0.00340159 0.0101812 0.0238243 0.0436412 0.0646838 0.0821854 0.0946468 0.102545 0.106613 0.107361 0.105146 0.100259 0.0929267 0.0832477 0.0711624 0.0567095 0.0407525 0.0255377 0.0137052 0.00633766 0.00258901 0.000964234 0.00033694 0.00011285 3.66635e-05 1.15815e-05 3.53676e-06 1.03264e-06 2.84313e-07 7.26668e-08 1.69164e-08 3.49025e-09 6.08355e-10 8.05668e-11 5.7773e-12 0 
0 1.6931e-06 2.14785e-05 0.000143691 0.00069663 0.00265117 0.00804295 0.0193182 0.0366714 0.05636 0.0736693 0.0863835 0.0945265 0.0987608 0.0996532 0.097607 0.0929267 0.085832 0.0764307 0.0647577 0.0510684 0.0364167 0.0228696 0.0125073 0.0060169 0.00261267 0.00105565 0.000407096 0.00015202 5.50859e-05 1.92189e-05 6.37278e-06 1.98029e-06 5.69029e-07 1.49211e-07 3.51428e-08 7.25673e-09 1.25566e-09 1.64117e-10 1.15676e-11 0 
0 1.22019e-06 1.53151e-05 0.00010154 0.000489754 0.00186801 0.00574888 0.0142322 0.0282434 0.0455925 0.0621715 0.0751013 0.0836708 0.0882662 0.0894473 0.0876643 0.0832477 0.0764307 0.0673749 0.0562828 0.0436941 0.0308283 0.0194424 0.0109401 0.00557672 0.00264267 0.00119398 0.000522102 0.000221114 8.97042e-05 3.42995e-05 1.21663e-05 3.95237e-06 1.16428e-06 3.08143e-07 7.23924e-08 1.47836e-08 2.51481e-09 3.21862e-10 2.2161e-11 0 
0 8.03975e-07 9.9543e-06 6.52135e-05 0.000312029 0.00118947 0.00370417 0.00943958 0.0196246 0.0335273 0.0482824 0.0608871 0.0698298 0.0749376 0.0765824 0.0752023 0.0711624 0.0647577 0.0562828 0.0461817 0.0352541 0.024713 0.0158337 0.00934994 0.00518911 0.00276649 0.00143542 0.000723186 0.00034827 0.000156873 6.47631e-05 2.41428e-05 8.0538e-06 2.39184e-06 6.29545e-07 1.45682e-07 2.91193e-08 4.82944e-09 6.01352e-10 4.02471e-11 0 
0 4.85389e-07 5.9113e-06 3.81508e-05 0.000180483 0.000684892 0.0021473 0.0055991 0.0121333 0.0219244 0.0335406 0.0446332 0.0533158 0.0587666 0.0609434 0.0601341 0.0567095 0.0510684 0.0436941 0.0352541 0.0266404 0.0188246 0.0125333 0.00799424 0.00497906 0.00306147 0.00184923 0.00107514 0.000584566 0.000288815 0.00012683 4.88814e-05 1.64678e-05 4.85394e-06 1.25319e-06 2.82403e-07 5.47471e-08 8.79043e-09 1.05932e-09 6.86556e-11 0 
0 2.69144e-07 3.21538e-06 2.0383e-05 9.50126e-05 0.000357314 0.00112071 0.00296385 0.00662506 0.012548 0.0203158 0.0286085 0.0358572 0.0409413 0.0433932 0.0432319 0.0407525 0.0364167 0.0308283 0.024713 0.0188246 0.0137674 0.00983557 0.00699344 0.00500223 0.00358181 0.00251395 0.00167448 0.00101987 0.000548324 0.000253489 9.9578e-05 3.33135e-05 9.58558e-06 2.39379e-06 5.19653e-07 9.69318e-08 1.49824e-08 1.74059e-09 1.0897e-10 0 
0 1.37408e-07 1.6064e-06 9.97534e-06 4.56676e-05 0.00016946 0.000528344 0.00140392 0.00319655 0.00625693 0.0105902 0.0156681 0.0205783 0.0244135 0.0265848 0.0269077 0.0255377 0.0228696 0.0194424 0.0158337 0.0125333 0.00983557 0.00780621 0.00633705 0.00524263 0.00434159 0.00350242 0.00266007 0.00182248 0.00107326 0.000521914 0.000206127 6.68505e-05 1.82962e-05 4.33041e-06 8.94039e-07 1.59289e-07 2.36033e-08 2.63764e-09 1.59353e-10 0 
0 6.47607e-08 7.39322e-07 4.48664e-06 2.01156e-05 7.33717e-05 0.000226142 0.000598803 0.00137263 0.00273615 0.00476614 0.00730829 0.00996729 0.0122417 0.0137153 0.0141881 0.0137052 0.0125073 0.0109401 0.00934994 0.00799424 0.00699344 0.00633705 0.00592572 0.00562543 0.00532526 0.00496003 0.00442268 0.00353602 0.0023335 0.00119578 0.000465164 0.000140185 3.46023e-05 7.42366e-06 1.4212e-06 2.394e-07 3.39039e-08 3.643e-09 2.12557e-10 0 
0 2.82524e-08 3.14419e-07 1.86111e-06 8.15286e-06 2.91422e-05 8.8409e-05 0.000231799 0.000530092 0.00106323 0.00187946 0.00294518 0.00412273 0.00520456 0.00599099 0.00636679 0.00633766 0.0060169 0.00557672 0.00518911 0.00497906 0.00500223 0.00524263 0.00562543 0.00608739 0.00676411 0.00793728 0.00911868 0.00876565 0.0063249 0.0032865 0.00122027 0.000329462 6.8935e-05 1.24197e-05 2.08704e-06 3.25049e-07 4.38041e-08 4.53175e-09 2.56043e-10 0 
0 1.14398e-08 1.23945e-07 7.14555e-07 3.05309e-06 1.06707e-05 3.17643e-05 8.20992e-05 0.000186136 0.00037254 0.000661596 0.00104824 0.00149175 0.00192324 0.00227114 0.00249187 0.00258901 0.00261267 0.00264267 0.00276649 0.00306147 0.00358181 0.00434159 0.00532526 0.00676411 0.00990492 0.0163365 0.0236747 0.0252408 0.0186349 0.00942517 0.00329511 0.000807172 0.000143986 2.08652e-05 2.86636e-06 3.95845e-07 5.02811e-08 5.01995e-09 2.75896e-10 0 
0 4.31055e-09 4.5426e-08 2.54811e-07 1.06066e-06 3.61917e-06 1.05498e-05 2.6804e-05 6.00143e-05 0.00011925 0.000211465 0.000336568 0.000484143 0.000635221 0.000769882 0.000877455 0.000964234 0.00105565 0.00119398 0.00143542 0.00184923 0.00251395 0.00350242 0.00496003 0.00793728 0.0163365 0.0340744 0.0541751 0.0595016 0.044061 0.0219044 0.0073646 0.0016981 0.000273839 3.33434e-05 3.66577e-06 4.29784e-07 5.07274e-08 4.90142e-09 2.63673e-10 0 
0 1.51506e-09 1.55216e-08 8.46678e-08 3.43115e-07 1.14204e-06 3.25605e-06 8.11898e-06 1.79138e-05 3.52429e-05 6.2209e-05 9.91538e-05 0.000143842 0.00019201 0.000239596 0.000285964 0.00033694 0.000407096 0.000522102 0.000723186 0.00107514 0.00167448 0.00266007 0.00442268 0.00911868 0.0236747 0.0541751 0.0884865 0.097949 0.0725815 0.0358874 0.0118737 0.00265552 0.000406298 4.46456e-05 4.12817e-06 4.08762e-07 4.44963e-08 4.18182e-09 2.21918e-10 0 
0 4.97727e-10 4.95643e-09 2.62878e-08 1.03694e-07 3.36559e-07 9.3807e-07 2.29401e-06 4.98315e-06 9.69583e-06 1.70171e-05 2.71428e-05 3.97251e-05 5.40819e-05 6.98801e-05 8.82024e-05 0.00011285 0.00015202 0.000221114 0.00034827 0.000584566 0.00101987 0.00182248 0.00353602 0.00876565 0.0252408 0.0595016 0.097949 0.108665 0.0805382 0.0397598 0.013085 0.00288825 0.0004308 4.49559e-05 3.75567e-06 3.2855e-07 3.35064e-08 3.09614e-09 1.63615e-10 0 
0 1.53064e-10 1.48182e-09 7.64331e-09 2.93524e-08 9.2915e-08 2.53193e-07 6.07228e-07 1.29853e-06 2.49874e-06 4.36173e-06 6.96894e-06 1.03142e-05 1.43876e-05 1.93989e-05 2.61586e-05 3.66635e-05 5.50859e-05 8.97042e-05 0.000156873 0.000288815 0.000548324 0.00107326 0.0023335 0.0063249 0.0186349 0.044061 0.0725815 0.0805382 0.0596934 0.0294653 0.00968866 0.00212891 0.000314093 3.2108e-05 2.57788e-06 2.14502e-07 2.13945e-08 1.98001e-09 1.05323e-10 0 
0 4.40977e-11 4.15228e-10 2.08401e-09 7.79592e-09 2.40811e-08 6.41886e-08 1.51051e-07 3.18178e-07 6.06016e-07 1.0535e-06 1.68998e-06 2.5394e-06 3.65245e-06 5.18281e-06 7.52798e-06 1.15815e-05 1.92189e-05 3.42995e-05 6.47631e-05 0.00012683 0.000253489 0.000521914 0.00119578 0.0032865 0.00942517 0.0219044 0.0358874 0.0397598 0.0294653 0.0145581 0.0047942 0.00105302 0.000155115 1.58925e-05 1.29467e-06 1.11469e-07 1.15207e-08 1.09204e-09 5.91166e-11 0 
0 1.18993e-11 1.09055e-10 5.33008e-10 1.94389e-09 5.8644e-09 1.53043e-08 3.53724e-08 7.34779e-08 1.38731e-07 2.40717e-07 3.89043e-07 5.96651e-07 8.91316e-07 1.34143e-06 2.10664e-06 3.53676e-06 6.37278e-06 1.21663e-05 2.41428e-05 4.88814e-05 9.9578e-05 0.000206127 0.000465164 0.00122027 0.00329511 0.0073646 0.0118737 0.013085 0.00968866 0.0047942 0.00158227 0.000348423 5.17656e-05 5.4585e-06 4.80081e-07 4.66599e-08 5.26115e-09 5.20347e-10 2.894e-11 0 
0 3.00241e-12 2.68066e-11 1.27716e-10 4.54596e-10 1.34098e-09 3.43044e-09 7.79803e-09 1.60008e-08 3.00133e-08 5.21409e-08 8.52853e-08 1.34331e-07 2.09926e-07 3.36784e-07 5.70631e-07 1.03264e-06 1.98029e-06 3.95237e-06 8.0538e-06 1.64678e-05 3.33135e-05 6.68505e-05 0.000140185 0.000329462 0.000807172 0.0016981 0.00265552 0.00288825 0.00212891 0.00105302 0.000348423 7.74228e-05 1.18199e-05 1.34206e-06 1.38665e-07 1.63667e-08 2.06382e-09 2.14958e-10 1.23686e-11 0 
0 7.05711e-13 6.14483e-12 2.85724e-11 9.93871e-11 2.8706e-10 7.20951e-10 1.61468e-09 3.2798e-09 6.12938e-09 1.07037e-08 1.78148e-08 2.90079e-08 4.76973e-08 8.16413e-08 1.48085e-07 2.84313e-07 5.69029e-07 1.16428e-06 2.39184e-06 4.85394e-06 9.58558e-06 1.82962e-05 3.46023e-05 6.8935e-05 0.000143986 0.000273839 0.000406298 0.0004308 0.000314093 0.000155115 5.17656e-05 1.18199e-05 1.93409e-06 2.57117e-07 3.42814e-08 5.02243e-09 7.03129e-10 7.72091e-11 4.61713e-12 0 
0 1.53435e-13 1.30449e-12 5.92777e-12 2.01797e-11 5.71612e-11 1.41197e-10 3.12234e-10 6.29525e-10 1.17631e-09 2.0747e-09 3.5346e-09 5.9858e-09 1.03875e-08 1.8898e-08 3.62683e-08 7.26668e-08 1.49211e-07 3.08143e-07 6.29545e-07 1.25319e-06 2.39379e-06 4.33041e-06 7.42366e-06 1.24197e-05 2.08652e-05 3.33434e-05 4.46456e-05 4.49559e-05 3.2108e-05 1.58925e-05 5.4585e-06 1.34206e-06 2.57117e-07 4.46216e-08 7.89807e-09 1.37359e-09 2.08689e-10 2.41091e-11 1.50256e-12 0 
0 3.04708e-14 2.53278e-13 1.1264e-12 3.75887e-12 1.04611e-11 2.54684e-11 5.57493e-11 1.11931e-10 2.1001e-10 3.76115e-10 6.59804e-10 1.16724e-09 2.13663e-09 4.09978e-09 8.21395e-09 1.69164e-08 3.51428e-08 7.23924e-08 1.45682e-07 2.82403e-07 5.19653e-07 8.94039e-07 1.4212e-06 2.08704e-06 2.86636e-06 3.66577e-06 4.12817e-06 3.75567e-06 2.57788e-06 1.29467e-06 4.80081e-07 1.38665e-07 3.42814e-08 7.89807e-09 1.71151e-09 3.31467e-10 5.36448e-11 6.50755e-12 4.23326e-13 0 
0 5.4014e-15 4.39563e-14 1.91621e-13 6.27935e-13 1.72047e-12 4.13824e-12 8.99349e-12 1.80499e-11 3.41697e-11 6.24902e-11 1.13457e-10 2.1006e-10 4.03909e-10 8.0909e-10 1.67005e-09 3.49025e-09 7.25673e-09 1.47836e-08 2.91193e-08 5.47471e-08 9.69318e-08 1.59289e-07 2.394e-07 3.25049e-07 3.95845e-07 4.29784e-07 4.08762e-07 3.2855e-07 2.14502e-07 1.11469e-07 4.66599e-08 1.63667e-08 5.02243e-09 1.37359e-09 3.31467e-10 6.87765e-11 1.17446e-11 1.49393e-12 1.01484e-13 0 
0 8.16797e-16 6.51728e-15 2.78958e-14 8.9939e-14 2.43147e-13 5.79395e-13 1.25446e-12 2.52769e-12 4.85326e-12 9.11172e-12 1.71802e-11 3.3249e-11 6.66839e-11 1.3791e-10 2.89825e-10 6.08355e-10 1.25566e-09 2.51481e-09 4.82944e-09 8.79043e-09 1.49824e-08 2.36033e-08 3.39039e-08 4.38041e-08 5.02811e-08 5.07274e-08 4.44963e-08 3.35064e-08 2.13945e-08 1.15207e-08 5.26115e-09 2.06382e-09 7.03129e-10 2.08689e-10 5.36448e-11 1.17446e-11 2.10656e-12 2.80554e-13 1.98934e-14 0 
0 9.491e-17 7.43656e-16 3.13088e-15 9.95221e-15 2.66146e-14 6.30249e-14 1.36476e-13 2.77402e-13 5.43024e-13 1.05109e-12 2.06022e-12 4.15059e-12 8.60683e-12 1.81822e-11 3.85206e-11 8.05668e-11 1.64117e-10 3.21862e-10 6.01352e-10 1.05932e-09 1.74059e-09 2.63764e-09 3.643e-09 4.53175e-09 5.01995e-09 4.90142e-09 4.18182e-09 3.09614e-09 1.98001e-09 1.09204e-09 5.20347e-10 2.14958e-10 7.72091e-11 2.41091e-11 6.50755e-12 1.49393e-12 2.80554e-13 3.90464e-14 2.88678e-15 0 
0 6.04405e-18 4.65803e-17 1.93263e-16 6.07066e-16 1.61039e-15 3.80298e-15 8.27167e-15 1.70435e-14 3.41725e-14 6.83666e-14 1.39075e-13 2.8982e-13 6.15654e-13 1.31605e-12 2.78863e-12 5.7773e-12 1.15676e-11 2.2161e-11 4.02471e-11 6.86556e-11 1.0897e-10 1.59353e-10 2.12557e-10 2.56043e-10 2.75896e-10 2.63673e-10 2.21918e-10 1.63615e-10 1.05323e-10 5.91166e-11 2.894e-11 1.23686e-11 4.61713e-12 1.50256e-12 4.23326e-13 1.01484e-13 1.98934e-14 2.88678e-15 2.22176e-16 0 
0 0 0 0 0 0 0 0 0 0 0 0 0 0 0 0 0 0 0 0 0 0 0 0 0 0 0 0 0 0 0 0 0 0 0 0 0 0 0 0 0 
