0 0 0 0 0 0 0 0 0 0 0 0 0 0 0 0 0 0 0 0 0 0 0 0 0 0 0 0 0 0 0 0 0 0 0 0 0 0 0 0 0 
0 1.45523e-07 1.25443e-06 5.17558e-06 1.41558e-05 2.88219e-05 4.71108e-05 6.57043e-05 8.20496e-05 9.50492e-05 0.00010466 0.000111296 0.000115438 0.000117476 0.000117671 0.000116171 0.000113028 0.000108219 0.000101674 9.33216e-05 8.31762e-05 7.14354e-05 5.8573e-05 4.53661e-05 3.28077e-05 2.18908e-05 1.33263e-05 7.33209e-06 3.62173e-06 1.60053e-06 6.32379e-07 2.23638e-07 7.0896e-08 2.01535e-08 5.12372e-09 1.15544e-09 2.26789e-10 3.71665e-11 4.59574e-12 3.06659e-13 0 
0 1.25443e-06 1.08089e-05 4.17817e-05 9.93611e-05 0.000166759 0.000221892 0.000258141 0.000280845 0.000296523 0.000308686 0.000318298 0.000325146 0.000328783 0.00032898 0.00032587 0.000319932 0.000311865 0.000302382 0.000291908 0.000280204 0.000266058 0.000247261 0.00022126 0.000186627 0.000144865 0.000101083 6.21845e-05 3.33117e-05 1.54749e-05 6.25277e-06 2.21332e-06 6.91811e-07 1.92063e-07 4.7431e-08 1.03633e-08 1.96947e-09 3.12663e-10 3.74985e-11 2.4309e-12 0 
0 5.17558e-06 4.17817e-05 0.0001361 0.000251436 0.000330241 0.000374408 0.000409605 0.000447441 0.000487349 0.000525148 0.000556903 0.000579845 0.000592396 0.00059405 0.000585237 0.000567192 0.000541815 0.000511534 0.000479169 0.000447723 0.000419946 0.000397405 0.000378931 0.000359002 0.000327938 0.000276678 0.000205767 0.000129827 6.80885e-05 2.96688e-05 1.08888e-05 3.42931e-06 9.41865e-07 2.27697e-07 4.84405e-08 8.94406e-09 1.37916e-09 1.60791e-10 1.01474e-11 0 
0 1.41558e-05 9.93611e-05 0.000251436 0.000363431 0.000428345 0.000495221 0.000576648 0.00066488 0.000750752 0.000827269 0.000889309 0.000933337 0.000957337 0.000960786 0.000944551 0.000910707 0.000862286 0.000802996 0.00073695 0.000668476 0.000602052 0.000542332 0.000493863 0.00045957 0.000437004 0.000413604 0.00036773 0.000285004 0.000180538 9.06071e-05 3.6243e-05 1.18817e-05 3.29265e-06 7.885e-07 1.64557e-07 2.9672e-08 4.46124e-09 5.07206e-10 3.12459e-11 0 
0 2.88219e-05 0.000166759 0.000330241 0.000428345 0.000527355 0.000653982 0.000796248 0.000940846 0.00107746 0.00119761 0.00129444 0.00136299 0.00140036 0.00140586 0.00138083 0.00132842 0.00125316 0.00116056 0.00105656 0.000947176 0.000838133 0.000734808 0.000642431 0.0005665 0.000512237 0.000480398 0.000458177 0.000414173 0.000320151 0.00019387 8.89409e-05 3.15492e-05 9.04172e-06 2.17694e-06 4.49813e-07 7.97021e-08 1.17388e-08 1.30631e-09 7.88037e-11 0 
0 4.71108e-05 0.000221892 0.000374408 0.000495221 0.000653982 0.000844385 0.00104881 0.00125322 0.00144518 0.00161352 0.00174902 0.00184494 0.00189736 0.00190513 0.00187008 0.00179675 0.0016915 0.00156183 0.0014159 0.00126182 0.00110722 0.000958822 0.000822416 0.000703219 0.000606758 0.000539041 0.00050167 0.000478213 0.000425661 0.000310391 0.000168476 6.69707e-05 2.03664e-05 5.01014e-06 1.03524e-06 1.81463e-07 2.63107e-08 2.87725e-09 1.70541e-10 0 
0 6.57043e-05 0.000258141 0.000409605 0.000576648 0.000796248 0.00104881 0.00131643 0.00158294 0.00183277 0.002052 0.00223161 0.00237115 0.00245994 0.00247524 0.00241425 0.00229946 0.00215432 0.00198421 0.00179409 0.00159325 0.00139125 0.00119654 0.00101606 0.000855348 0.000719144 0.000612802 0.000542506 0.000507399 0.000479688 0.000402406 0.000257994 0.000117316 3.86721e-05 9.86618e-06 2.05823e-06 3.59214e-07 5.15205e-08 5.55839e-09 3.24796e-10 0 
0 8.20496e-05 0.000280845 0.000447441 0.00066488 0.000940846 0.00125322 0.00158294 0.00191086 0.0022189 0.00250471 0.00280246 0.00304715 0.00317285 0.00319265 0.0031159 0.00293271 0.00266849 0.00241075 0.00216977 0.00192208 0.0016732 0.00143288 0.00120939 0.00100899 0.000836294 0.000695423 0.000591877 0.00053107 0.000502817 0.000457312 0.000336502 0.000175195 6.33545e-05 1.69496e-05 3.598e-06 6.28706e-07 8.95846e-08 9.56969e-09 5.53024e-10 0 
0 9.50492e-05 0.000296523 0.000487349 0.000750752 0.00107746 0.00144518 0.00183277 0.0022189 0.00260418 0.00305399 0.00337524 0.00352645 0.00359361 0.00360398 0.00356264 0.00345973 0.00325659 0.00289719 0.00253185 0.00222978 0.00193655 0.00165374 0.00139031 0.00115336 0.000947742 0.000776911 0.000644817 0.000557553 0.000515218 0.000484316 0.000393176 0.00023072 9.15905e-05 2.58331e-05 5.60824e-06 9.85221e-07 1.39961e-07 1.48501e-08 8.51135e-10 0 
0 0.00010466 0.000308686 0.000525148 0.000827269 0.00119761 0.00161352 0.002052 0.00250471 0.00305399 0.00345899 0.00364825 0.00374914 0.00379726 0.00380472 0.00377428 0.0037018 0.00357261 0.0033448 0.00292548 0.00250639 0.0021665 0.00184631 0.00154814 0.0012795 0.0010456 0.000849615 0.00069435 0.000584795 0.000525331 0.00049623 0.000428616 0.000276587 0.000119415 3.54709e-05 7.88849e-06 1.39654e-06 1.98298e-07 2.0951e-08 1.1939e-09 0 
0 0.000111296 0.000318298 0.000556903 0.000889309 0.00129444 0.00174902 0.00223161 0.00280246 0.00337524 0.00364825 0.00379355 0.00387613 0.0039166 0.0039228 0.00389674 0.00383595 0.00373182 0.00356207 0.00326011 0.00276787 0.00235268 0.00200002 0.00167404 0.00138016 0.00112382 0.00090811 0.000735135 0.000608662 0.00053429 0.000501161 0.000448368 0.000309869 0.000143178 4.44874e-05 1.01178e-05 1.8061e-06 2.56726e-07 2.70624e-08 1.53643e-09 0 
0 0.000115438 0.000325146 0.000579845 0.000933337 0.00136299 0.00184494 0.00237115 0.00304715 0.00352645 0.00374914 0.00387613 0.00395036 0.00398714 0.00399264 0.00396857 0.00391308 0.00381973 0.00367285 0.00343032 0.00298449 0.00249075 0.00210726 0.00176159 0.00145007 0.00117809 0.000948721 0.000763658 0.000625785 0.00054076 0.000502652 0.000457847 0.000330787 0.000160405 5.15648e-05 1.19385e-05 2.14659e-06 3.05649e-07 3.21907e-08 1.82384e-09 0 
0 0.000117476 0.000328783 0.000592396 0.000957337 0.00140036 0.00189736 0.00245994 0.00317285 0.00359361 0.00379726 0.0039166 0.00398714 0.00402217 0.00402723 0.00400387 0.00395049 0.0038615 0.00372362 0.00350284 0.00309975 0.00257153 0.00216356 0.00180707 0.00148618 0.00120591 0.00096934 0.000777927 0.000634074 0.000543239 0.000501781 0.000460627 0.000340769 0.000169882 5.57427e-05 1.30527e-05 2.35875e-06 3.36419e-07 3.54335e-08 2.00621e-09 0 
0 0.000117671 0.00032898 0.00059405 0.000960786 0.00140586 0.00190513 0.00247524 0.00319265 0.00360398 0.00380472 0.0039228 0.00399264 0.00402723 0.00403199 0.00400844 0.00395503 0.00386626 0.00372919 0.00351093 0.0031141 0.0025802 0.00216741 0.00180961 0.00148771 0.00120661 0.000969309 0.000777223 0.000632606 0.000540809 0.000498663 0.000458476 0.000341144 0.000171334 5.65611e-05 1.32953e-05 2.40785e-06 3.43846e-07 3.62424e-08 2.05301e-09 0 
0 0.000116171 0.00032587 0.000585237 0.000944551 0.00138083 0.00187008 0.00241425 0.0031159 0.00356264 0.00377428 0.00389674 0.00396857 0.00400387 0.00400844 0.00398389 0.00392846 0.00383619 0.00369269 0.00346047 0.00303377 0.00251599 0.00212092 0.001771 0.00145603 0.00118113 0.000949261 0.000761871 0.000621396 0.000533208 0.000493076 0.000451742 0.000332602 0.000165093 5.40723e-05 1.26659e-05 2.29227e-06 3.27572e-07 3.45728e-08 1.96149e-09 0 
0 0.000113028 0.000319932 0.000567192 0.000910707 0.00132842 0.00179675 0.00229946 0.00293271 0.00345973 0.0037018 0.00383595 0.00391308 0.00395049 0.00395503 0.00392846 0.00386865 0.00376819 0.00360872 0.00333856 0.0028571 0.00239592 0.00202965 0.00169531 0.00139429 0.00113183 0.000910858 0.000732981 0.000601109 0.000520593 0.000484465 0.000439549 0.00031518 0.000151955 4.87796e-05 1.13155e-05 2.04173e-06 2.91899e-07 3.08701e-08 1.75613e-09 0 
0 0.000108219 0.000311865 0.000541815 0.000862286 0.00125316 0.0016915 0.00215432 0.00266849 0.00325659 0.00357261 0.00373182 0.00381973 0.0038615 0.00386626 0.00383619 0.00376819 0.00365172 0.00345837 0.00310257 0.00261734 0.00223854 0.00190106 0.00158834 0.00130696 0.00106203 0.000856428 0.000692111 0.000572683 0.000503041 0.000471452 0.000419795 0.000288611 0.000133209 4.15339e-05 9.50195e-06 1.70735e-06 2.44279e-07 2.59124e-08 1.48001e-09 0 
0 0.000101674 0.000302382 0.000511534 0.000802996 0.00116056 0.00156183 0.00198421 0.00241075 0.00289719 0.0033448 0.00356207 0.00367285 0.00372362 0.00372919 0.00369269 0.00360872 0.00345837 0.00318402 0.00274822 0.00237593 0.00205202 0.00174362 0.00145696 0.0011993 0.000975519 0.000788535 0.000640824 0.000536745 0.000479628 0.00045093 0.000389246 0.000253026 0.000110744 3.33933e-05 7.52609e-06 1.34734e-06 1.93146e-07 2.05813e-08 1.1821e-09 0 
0 9.33216e-05 0.000291908 0.000479169 0.00073695 0.00105656 0.0014159 0.00179409 0.00216977 0.00253185 0.00292548 0.00326011 0.00343032 0.00350284 0.00351093 0.00346047 0.00333856 0.00310257 0.00274822 0.00242416 0.00213195 0.0018439 0.00156641 0.00130843 0.00107679 0.000876111 0.000709483 0.000580077 0.000492545 0.000446866 0.000417108 0.000344389 0.000209982 8.70611e-05 2.54473e-05 5.66625e-06 1.01323e-06 1.45858e-07 1.56436e-08 9.05127e-10 0 
0 8.31762e-05 0.000280204 0.000447723 0.000668476 0.000947176 0.00126182 0.00159325 0.00192208 0.00222978 0.00250639 0.00276787 0.00298449 0.00309975 0.0031141 0.00303377 0.0028571 0.00261734 0.00237593 0.00213195 0.00187855 0.00162408 0.00137843 0.00114988 0.000944648 0.000767165 0.00062081 0.000509258 0.000436159 0.000396898 0.000362054 0.000283996 0.000163452 6.50031e-05 1.86217e-05 4.12676e-06 7.40422e-07 1.07332e-07 1.16078e-08 6.77426e-10 0 
0 7.14354e-05 0.000266058 0.000419946 0.000602052 0.000838133 0.00110722 0.00139125 0.0016732 0.00193655 0.0021665 0.00235268 0.00249075 0.00257153 0.0025802 0.00251599 0.00239592 0.00223854 0.00205202 0.0018439 0.00162408 0.00140253 0.00118804 0.00098783 0.000807516 0.000651369 0.000522902 0.000425235 0.000359622 0.000319613 0.000281668 0.000213339 0.000119792 4.71411e-05 1.35077e-05 3.01076e-06 5.4446e-07 7.95869e-08 8.67744e-09 5.10278e-10 0 
0 5.8573e-05 0.000247261 0.000397405 0.000542332 0.000734808 0.000958822 0.00119654 0.00143288 0.00165374 0.00184631 0.00200002 0.00210726 0.00216356 0.00216741 0.00212092 0.00202965 0.00190106 0.00174362 0.00156641 0.00137843 0.00118804 0.00100252 0.000828008 0.000669567 0.000531549 0.000417372 0.000328447 0.000263989 0.000221112 0.000189088 0.000145835 8.54319e-05 3.49393e-05 1.02644e-05 2.31976e-06 4.22654e-07 6.20522e-08 6.78499e-09 3.99805e-10 0 
0 4.53661e-05 0.00022126 0.000378931 0.000493863 0.000642431 0.000822416 0.00101606 0.00120939 0.00139031 0.00154814 0.00167404 0.00176159 0.00180707 0.00180961 0.001771 0.00169531 0.00158834 0.00145696 0.00130843 0.00114988 0.00098783 0.000828008 0.000675573 0.000536217 0.000417662 0.000327202 0.000262171 0.000208532 0.000159289 0.000122243 9.58946e-05 6.26529e-05 2.80746e-05 8.62022e-06 1.97276e-06 3.58772e-07 5.23133e-08 5.67448e-09 3.31755e-10 0 
0 3.28077e-05 0.000186627 0.000359002 0.00045957 0.0005665 0.000703219 0.000855348 0.00100899 0.00115336 0.0012795 0.00138016 0.00145007 0.00148618 0.00148771 0.00145603 0.00139429 0.00130696 0.0011993 0.00107679 0.000944648 0.000807516 0.000669567 0.000536217 0.000420492 0.000350178 0.000346365 0.000374686 0.000356247 0.000261772 0.000149308 8.03365e-05 4.94826e-05 2.45843e-05 7.97572e-06 1.83486e-06 3.28758e-07 4.70032e-08 5.00201e-09 2.87452e-10 0 
0 2.18908e-05 0.000144865 0.000327938 0.000437004 0.000512237 0.000606758 0.000719144 0.000836294 0.000947742 0.0010456 0.00112382 0.00117809 0.00120591 0.00120661 0.00118113 0.00113183 0.00106203 0.000975519 0.000876111 0.000767165 0.000651369 0.000531549 0.000417662 0.000350178 0.000411187 0.000648228 0.00110512 0.00133427 0.000749228 0.00037484 0.000139012 5.05438e-05 2.27054e-05 7.64288e-06 1.75413e-06 3.07035e-07 4.27465e-08 4.43966e-09 2.49783e-10 0 
0 1.33263e-05 0.000101083 0.000276678 0.000413604 0.000480398 0.000539041 0.000612802 0.000695423 0.000776911 0.000849615 0.00090811 0.000948721 0.00096934 0.000969309 0.000949261 0.000910858 0.000856428 0.000788535 0.000709483 0.00062081 0.000522902 0.000417372 0.000327202 0.000346365 0.000648228 0.00158235 0.0024617 0.00252622 0.00220657 0.000876992 0.000292824 7.50434e-05 2.26821e-05 7.1625e-06 1.60943e-06 2.73927e-07 3.71383e-08 3.77043e-09 2.08084e-10 0 
0 7.33209e-06 6.21845e-05 0.000205767 0.00036773 0.000458177 0.00050167 0.000542506 0.000591877 0.000644817 0.00069435 0.000735135 0.000763658 0.000777927 0.000777223 0.000761871 0.000732981 0.000692111 0.000640824 0.000580077 0.000509258 0.000425235 0.000328447 0.000262171 0.000374686 0.00110512 0.0024617 0.00270978 0.00273828 0.00260589 0.00190754 0.000469851 0.000108604 2.39134e-05 6.34654e-06 1.34921e-06 2.22313e-07 2.94828e-08 2.94442e-09 1.60369e-10 0 
0 3.62173e-06 3.33117e-05 0.000129827 0.000285004 0.000414173 0.000478213 0.000507399 0.00053107 0.000557553 0.000584795 0.000608662 0.000625785 0.000634074 0.000632606 0.000621396 0.000601109 0.000572683 0.000536745 0.000492545 0.000436159 0.000359622 0.000263989 0.000208532 0.000356247 0.00133427 0.00252622 0.00273828 0.00276717 0.0026622 0.0022029 0.000531898 0.000116486 2.25263e-05 5.06925e-06 9.96456e-07 1.58873e-07 2.07744e-08 2.05971e-09 1.11646e-10 0 
0 1.60053e-06 1.54749e-05 6.80885e-05 0.000180538 0.000320151 0.000425661 0.000479688 0.000502817 0.000515218 0.000525331 0.00053429 0.00054076 0.000543239 0.000540809 0.000533208 0.000520593 0.000503041 0.000479628 0.000446866 0.000396898 0.000319613 0.000221112 0.000159289 0.000261772 0.000749228 0.00220657 0.00260589 0.0026622 0.00249009 0.0013978 0.000382955 8.64061e-05 1.6575e-05 3.41575e-06 6.27594e-07 9.78686e-08 1.27698e-08 1.27066e-09 6.91942e-11 0 
0 6.32379e-07 6.25277e-06 2.96688e-05 9.06071e-05 0.00019387 0.000310391 0.000402406 0.000457312 0.000484316 0.00049623 0.000501161 0.000502652 0.000501781 0.000498663 0.000493076 0.000484465 0.000471452 0.00045093 0.000417108 0.000362054 0.000281668 0.000189088 0.000122243 0.000149308 0.00037484 0.000876992 0.00190754 0.0022029 0.0013978 0.00057492 0.000190271 4.44075e-05 9.175e-06 1.84749e-06 3.29181e-07 5.13571e-08 6.78808e-09 6.85646e-10 3.78659e-11 0 
0 2.23638e-07 2.21332e-06 1.08888e-05 3.6243e-05 8.89409e-05 0.000168476 0.000257994 0.000336502 0.000393176 0.000428616 0.000448368 0.000457847 0.000460627 0.000458476 0.000451742 0.000439549 0.000419795 0.000389246 0.000344389 0.000283996 0.000213339 0.000145835 9.58946e-05 8.03365e-05 0.000139012 0.000292824 0.000469851 0.000531898 0.000382955 0.000190271 6.46498e-05 1.67652e-05 3.86724e-06 7.90915e-07 1.4294e-07 2.29064e-08 3.11307e-09 3.22565e-10 1.82231e-11 0 
0 7.0896e-08 6.91811e-07 3.42931e-06 1.18817e-05 3.15492e-05 6.69707e-05 0.000117316 0.000175195 0.00023072 0.000276587 0.000309869 0.000330787 0.000340769 0.000341144 0.000332602 0.00031518 0.000288611 0.000253026 0.000209982 0.000163452 0.000119792 8.54319e-05 6.26529e-05 4.94826e-05 5.05438e-05 7.50434e-05 0.000108604 0.000116486 8.64061e-05 4.44075e-05 1.67652e-05 5.07211e-06 1.27374e-06 2.73263e-07 5.19918e-08 8.72982e-09 1.23381e-09 1.3226e-10 7.69886e-12 0 
0 2.01535e-08 1.92063e-07 9.41865e-07 3.29265e-06 9.04172e-06 2.03664e-05 3.86721e-05 6.33545e-05 9.15905e-05 0.000119415 0.000143178 0.000160405 0.000169882 0.000171334 0.000165093 0.000151955 0.000133209 0.000110744 8.70611e-05 6.50031e-05 4.71411e-05 3.49393e-05 2.80746e-05 2.45843e-05 2.27054e-05 2.26821e-05 2.39134e-05 2.25263e-05 1.6575e-05 9.175e-06 3.86724e-06 1.27374e-06 3.42347e-07 7.91432e-08 1.61385e-08 2.86456e-09 4.23823e-10 4.72838e-11 2.85157e-12 0 
0 5.12372e-09 4.7431e-08 2.27697e-07 7.885e-07 2.17694e-06 5.01014e-06 9.86618e-06 1.69496e-05 2.58331e-05 3.54709e-05 4.44874e-05 5.15648e-05 5.57427e-05 5.65611e-05 5.40723e-05 4.87796e-05 4.15339e-05 3.33933e-05 2.54473e-05 1.86217e-05 1.35077e-05 1.02644e-05 8.62022e-06 7.97572e-06 7.64288e-06 7.1625e-06 6.34654e-06 5.06925e-06 3.41575e-06 1.84749e-06 7.90915e-07 2.73263e-07 7.91432e-08 1.98247e-08 4.33006e-09 8.1315e-10 1.26318e-10 1.47207e-11 9.23201e-13 0 
0 1.15544e-09 1.03633e-08 4.84405e-08 1.64557e-07 4.49813e-07 1.03524e-06 2.05823e-06 3.598e-06 5.60824e-06 7.88849e-06 1.01178e-05 1.19385e-05 1.30527e-05 1.32953e-05 1.26659e-05 1.13155e-05 9.50195e-06 7.52609e-06 5.66625e-06 4.12676e-06 3.01076e-06 2.31976e-06 1.97276e-06 1.83486e-06 1.75413e-06 1.60943e-06 1.34921e-06 9.96456e-07 6.27594e-07 3.29181e-07 1.4294e-07 5.19918e-08 1.61385e-08 4.33006e-09 1.00521e-09 1.99295e-10 3.25297e-11 3.96669e-12 2.59255e-13 0 
0 2.26789e-10 1.96947e-09 8.94406e-09 2.9672e-08 7.97021e-08 1.81463e-07 3.59214e-07 6.28706e-07 9.85221e-07 1.39654e-06 1.8061e-06 2.14659e-06 2.35875e-06 2.40785e-06 2.29227e-06 2.04173e-06 1.70735e-06 1.34734e-06 1.01323e-06 7.40422e-07 5.4446e-07 4.22654e-07 3.58772e-07 3.28758e-07 3.07035e-07 2.73927e-07 2.22313e-07 1.58873e-07 9.78686e-08 5.13571e-08 2.29064e-08 8.72982e-09 2.86456e-09 8.1315e-10 1.99295e-10 4.16077e-11 7.13098e-12 9.10085e-13 6.20382e-14 0 
0 3.71665e-11 3.12663e-10 1.37916e-09 4.46124e-09 1.17388e-08 2.63107e-08 5.15205e-08 8.95846e-08 1.39961e-07 1.98298e-07 2.56726e-07 3.05649e-07 3.36419e-07 3.43846e-07 3.27572e-07 2.91899e-07 2.44279e-07 1.93146e-07 1.45858e-07 1.07332e-07 7.95869e-08 6.20522e-08 5.23133e-08 4.70032e-08 4.27465e-08 3.71383e-08 2.94828e-08 2.07744e-08 1.27698e-08 6.78808e-09 3.11307e-09 1.23381e-09 4.23823e-10 1.26318e-10 3.25297e-11 7.13098e-12 1.28106e-12 1.70961e-13 1.21521e-14 0 
0 4.59574e-12 3.74985e-11 1.60791e-10 5.07206e-10 1.30631e-09 2.87725e-09 5.55839e-09 9.56969e-09 1.48501e-08 2.0951e-08 2.70624e-08 3.21907e-08 3.54335e-08 3.62424e-08 3.45728e-08 3.08701e-08 2.59124e-08 2.05813e-08 1.56436e-08 1.16078e-08 8.67744e-09 6.78499e-09 5.67448e-09 5.00201e-09 4.43966e-09 3.77043e-09 2.94442e-09 2.05971e-09 1.27066e-09 6.85646e-10 3.22565e-10 1.3226e-10 4.72838e-11 1.47207e-11 3.96669e-12 9.10085e-13 1.70961e-13 2.38175e-14 1.76361e-15 0 
0 3.06659e-13 2.4309e-12 1.01474e-11 3.12459e-11 7.88037e-11 1.70541e-10 3.24796e-10 5.53024e-10 8.51135e-10 1.1939e-09 1.53643e-09 1.82384e-09 2.00621e-09 2.05301e-09 1.96149e-09 1.75613e-09 1.48001e-09 1.1821e-09 9.05127e-10 6.77426e-10 5.10278e-10 3.99805e-10 3.31755e-10 2.87452e-10 2.49783e-10 2.08084e-10 1.60369e-10 1.11646e-10 6.91942e-11 3.78659e-11 1.82231e-11 7.69886e-12 2.85157e-12 9.23201e-13 2.59255e-13 6.20382e-14 1.21521e-14 1.76361e-15 1.35834e-16 0 
0 0 0 0 0 0 0 0 0 0 0 0 0 0 0 0 0 0 0 0 0 0 0 0 0 0 0 0 0 0 0 0 0 0 0 0 0 0 0 0 0 
