0 0 0 0 0 0 0 0 0 0 0 0 0 0 0 0 0 0 0 0 0 0 0 0 0 0 0 0 0 0 0 0 0 0 0 0 0 0 0 0 0 
0 1.48853e-07 1.28433e-06 5.30874e-06 1.45593e-05 2.97397e-05 4.8774e-05 6.82351e-05 8.5437e-05 9.91871e-05 0.000109399 0.000116476 0.000120908 0.000123095 0.000123312 0.000121713 0.000118357 0.000113226 0.000106255 9.7383e-05 8.66406e-05 7.42533e-05 6.07349e-05 4.69112e-05 3.38224e-05 2.24947e-05 1.36479e-05 7.48384e-06 3.68479e-06 1.62356e-06 6.39782e-07 2.25739e-07 7.14236e-08 2.02709e-08 5.14681e-09 1.15941e-09 2.27376e-10 3.72375e-11 4.60204e-12 3.06949e-13 0 
0 1.28433e-06 1.10839e-05 4.29817e-05 0.000102694 0.000173274 0.000231713 0.000270658 0.000295324 0.000312415 0.000325623 0.000336003 0.000343368 0.000347275 0.000347495 0.000344177 0.000337821 0.000329156 0.000318919 0.000307537 0.000294744 0.000279263 0.000258811 0.000230801 0.000193892 0.000149831 0.000104051 6.37053e-05 3.39721e-05 1.57177e-05 6.32897e-06 2.23396e-06 6.96693e-07 1.93078e-07 4.76166e-08 1.03929e-08 1.9735e-09 3.13109e-10 3.75342e-11 2.43234e-12 0 
0 5.30874e-06 4.29817e-05 0.000140794 0.000261985 0.000346357 0.000394423 0.000432504 0.000472924 0.000515298 0.00055534 0.000588951 0.000613225 0.000626503 0.000628253 0.000618931 0.000599841 0.000572989 0.000540935 0.000506644 0.000473256 0.000443616 0.000419288 0.000398933 0.000376687 0.000342511 0.000287332 0.000212337 0.000133112 6.93994e-05 3.00897e-05 1.10001e-05 3.45426e-06 9.46695e-07 2.28512e-07 4.856e-08 8.9589e-09 1.38064e-09 1.60896e-10 1.01508e-11 0 
0 1.45593e-05 0.000102694 0.000261985 0.000381709 0.000452013 0.000523479 0.000609803 0.000703164 0.000793991 0.000874917 0.000940531 0.000987095 0.00101248 0.00101613 0.000998955 0.000963162 0.000911952 0.000849246 0.000779394 0.000706969 0.000636695 0.000573454 0.000521961 0.000485123 0.000460101 0.00043352 0.000382998 0.00029458 0.000185134 9.2256e-05 3.66948e-05 1.19807e-05 3.31073e-06 7.91331e-07 1.64938e-07 2.97151e-08 4.46513e-09 5.07444e-10 3.12517e-11 0 
0 2.97397e-05 0.000173274 0.000346357 0.000452013 0.000557549 0.000691629 0.000842108 0.000995037 0.00113952 0.00126659 0.001369 0.00144149 0.00148102 0.00148683 0.00146036 0.00140493 0.00132534 0.00122741 0.00111742 0.00100173 0.000886407 0.000777126 0.000679402 0.000598985 0.000541206 0.000506493 0.000480947 0.000431747 0.000330831 0.000198541 9.03802e-05 3.18759e-05 9.10013e-06 2.18561e-06 4.50903e-07 7.98172e-08 1.17484e-08 1.30685e-09 7.88151e-11 0 
0 4.8774e-05 0.000231713 0.000394423 0.000523479 0.000691629 0.000893019 0.00110922 0.00132541 0.00152841 0.00170646 0.00184976 0.00195119 0.00200661 0.00201482 0.00197777 0.00190024 0.00178893 0.00165179 0.00149745 0.0013345 0.001171 0.00101405 0.000869783 0.000743708 0.000641612 0.000569643 0.00052902 0.000501835 0.00044316 0.000319994 0.000172028 6.78617e-05 2.05299e-05 5.03393e-06 1.03812e-06 1.81756e-07 2.63345e-08 2.8786e-09 1.70575e-10 0 
0 6.82351e-05 0.000270658 0.000432504 0.000609803 0.000842108 0.00110922 0.00139225 0.00167411 0.00193833 0.00217015 0.00235965 0.0025052 0.00259665 0.00261226 0.00254945 0.00243055 0.00227822 0.00209848 0.00189743 0.00168501 0.00147138 0.00126546 0.00107459 0.000904613 0.000760551 0.000647994 0.000573204 0.000534635 0.000502359 0.000417501 0.000264835 0.0001193 3.90624e-05 9.92382e-06 2.06515e-06 3.5991e-07 5.15778e-08 5.56187e-09 3.24903e-10 0 
0 8.5437e-05 0.000295324 0.000472924 0.000703164 0.000995037 0.00132541 0.00167411 0.00202092 0.00234661 0.00264666 0.00295392 0.00320994 0.00334419 0.00336545 0.00328287 0.00308903 0.00281538 0.00254865 0.00229469 0.00203279 0.00176958 0.00151542 0.00127905 0.0010671 0.00088446 0.000735455 0.000625785 0.000560728 0.000528675 0.000476954 0.000347183 0.000178836 6.41439e-05 1.7071e-05 3.61272e-06 6.30197e-07 8.97106e-08 9.57784e-09 5.53313e-10 0 
0 9.91871e-05 0.000312415 0.000515298 0.000793991 0.00113952 0.00152841 0.00193833 0.00234661 0.00275078 0.00321706 0.00356367 0.00372902 0.00380212 0.00381336 0.00376835 0.00365607 0.00343409 0.00305343 0.00267617 0.00235814 0.00204809 0.00174899 0.00147039 0.00121979 0.00100233 0.000821654 0.000681894 0.00058923 0.000543008 0.000507072 0.000407418 0.000236369 9.29542e-05 2.60545e-05 5.63571e-06 9.88048e-07 1.40206e-07 1.48668e-08 8.51777e-10 0 
0 0.000109399 0.000325623 0.00055534 0.000874917 0.00126659 0.00170646 0.00217015 0.00264666 0.00321706 0.00365551 0.00386151 0.00397091 0.00402297 0.004031 0.00399801 0.00391946 0.0037792 0.00353066 0.00308389 0.00264963 0.00229125 0.00195265 0.00163731 0.0013532 0.00110582 0.00089855 0.000734319 0.000618257 0.000554405 0.000520916 0.000445648 0.000284244 0.000121462 3.58232e-05 7.93346e-06 1.40125e-06 1.98717e-07 2.09806e-08 1.1951e-09 0 
0 0.000116476 0.000336003 0.000588951 0.000940531 0.001369 0.00184976 0.00235965 0.00295392 0.00356367 0.00386151 0.004019 0.00410824 0.00415191 0.00415856 0.00413039 0.00406468 0.00395201 0.00376782 0.00343907 0.00292104 0.00248783 0.00211521 0.00177046 0.00145966 0.00118854 0.000960414 0.000777466 0.000643595 0.000564264 0.00052698 0.000467322 0.000319228 0.000145902 4.49822e-05 1.01828e-05 1.81305e-06 2.57357e-07 2.71082e-08 1.53834e-09 0 
0 0.000120908 0.000343368 0.000613225 0.000987095 0.00144149 0.00195119 0.0025052 0.00320994 0.00372902 0.00397091 0.00410824 0.00418836 0.00422798 0.00423388 0.00420788 0.00414796 0.0040471 0.00388809 0.00362452 0.00314651 0.0026326 0.0022286 0.00186305 0.00153359 0.00124594 0.00100337 0.000807637 0.000661747 0.000571307 0.000529076 0.000477961 0.000341361 0.00016368 5.21857e-05 1.20222e-05 2.15571e-06 3.06493e-07 3.22534e-08 1.82654e-09 0 
0 0.000123095 0.000347275 0.000626503 0.00101248 0.00148102 0.00200661 0.00259665 0.00334419 0.00380212 0.00402297 0.00415191 0.00422798 0.00426572 0.00427113 0.00424591 0.00418831 0.00409222 0.00394308 0.00370353 0.00326834 0.00271649 0.00228809 0.00191116 0.00157178 0.00127537 0.00102517 0.00082273 0.00067053 0.000574022 0.000528425 0.000481275 0.000352007 0.000173495 5.64472e-05 1.31495e-05 2.36948e-06 3.37432e-07 3.55104e-08 2.00959e-09 0 
0 0.000123312 0.000347495 0.000628253 0.00101613 0.00148683 0.00201482 0.00261226 0.00336545 0.00381336 0.004031 0.00415856 0.00423388 0.00427113 0.00427622 0.00425081 0.00419317 0.00409733 0.0039491 0.00371234 0.00328352 0.00272528 0.00229215 0.00191384 0.0015734 0.0012761 0.00102514 0.000821985 0.000668982 0.000571473 0.0005252 0.00047913 0.000352492 0.000175027 5.72903e-05 1.33969e-05 2.4193e-06 3.44949e-07 3.63281e-08 2.05687e-09 0 
0 0.000121713 0.000344177 0.000618931 0.000998955 0.00146036 0.00197777 0.00254945 0.00328287 0.00376835 0.00399801 0.00413039 0.00420788 0.00424591 0.00425081 0.00422429 0.00416448 0.00406481 0.00390955 0.00365741 0.00319799 0.00265846 0.00224302 0.00187301 0.0015399 0.00124916 0.00100394 0.000805748 0.000657118 0.000563396 0.000519194 0.000471916 0.00034354 0.000168614 5.47662e-05 1.27634e-05 2.30346e-06 3.28678e-07 3.46612e-08 1.96559e-09 0 
0 0.000118357 0.000337821 0.000599841 0.000963162 0.00140493 0.00190024 0.00243055 0.00308903 0.00365607 0.00391946 0.00406468 0.00414796 0.00418831 0.00419317 0.00416448 0.00409987 0.00399128 0.0038185 0.00352456 0.00301253 0.00253302 0.00214654 0.00179296 0.00147459 0.00119702 0.000963321 0.000775192 0.00063564 0.00054995 0.000509825 0.000458752 0.000325238 0.000155095 4.93911e-05 1.14021e-05 2.05192e-06 2.9294e-07 3.09564e-08 1.76028e-09 0 
0 0.000113226 0.000329156 0.000572989 0.000911952 0.00132534 0.00178893 0.00227822 0.00281538 0.00343409 0.0037792 0.00395201 0.0040471 0.00409222 0.00409733 0.00406481 0.00399128 0.00386514 0.00365515 0.00326965 0.00276426 0.00236731 0.00201055 0.00167983 0.00138223 0.0011232 0.000905756 0.000731962 0.000605534 0.0005312 0.00049564 0.000437499 0.000297403 0.000135835 4.2038e-05 9.57454e-06 1.71621e-06 2.45227e-07 2.5995e-08 1.48417e-09 0 
0 0.000106255 0.000318919 0.000540935 0.000849246 0.00122741 0.00165179 0.00209848 0.00254865 0.00305343 0.00353066 0.00376782 0.00388809 0.00394308 0.0039491 0.00390955 0.0038185 0.00365515 0.00335654 0.00289968 0.00251229 0.00217019 0.00184405 0.00154087 0.00126838 0.00103171 0.000833951 0.000677709 0.000567442 0.000506147 0.000473392 0.000404901 0.000260303 0.000112819 3.37895e-05 7.5851e-06 1.35496e-06 1.94017e-07 2.06618e-08 1.18637e-09 0 
0 9.7383e-05 0.000307537 0.000506644 0.000779394 0.00111742 0.00149745 0.00189743 0.00229469 0.00267617 0.00308389 0.00343907 0.00362452 0.00370353 0.00371234 0.00365741 0.00352456 0.00326965 0.00289968 0.0025631 0.00225471 0.0019501 0.00165663 0.00138379 0.00113881 0.000926573 0.000750343 0.000613434 0.000520556 0.000471112 0.000437109 0.000357514 0.000215697 8.86409e-05 2.57553e-05 5.71502e-06 1.02005e-06 1.46699e-07 1.57262e-08 9.09715e-10 0 
0 8.66406e-05 0.000294744 0.000473256 0.000706969 0.00100173 0.0013345 0.00168501 0.00203279 0.00235814 0.00264963 0.00292104 0.00314651 0.00326834 0.00328352 0.00319799 0.00301253 0.00276426 0.00251229 0.00225471 0.00198675 0.00171762 0.00145783 0.00121611 0.000999058 0.000811351 0.000656553 0.00053848 0.000460735 0.00041793 0.000378758 0.000294367 0.000167793 6.62133e-05 1.88721e-05 4.17005e-06 7.47031e-07 1.08206e-07 1.16981e-08 6.82598e-10 0 
0 7.42533e-05 0.000279263 0.000443616 0.000636695 0.000886407 0.001171 0.00147138 0.00176958 0.00204809 0.00229125 0.00248783 0.0026326 0.00271649 0.00272528 0.00265846 0.00253302 0.00236731 0.00217019 0.0019501 0.00171762 0.00148331 0.00125647 0.00104473 0.000854026 0.000688882 0.000552985 0.00044955 0.00037969 0.000336286 0.000294484 0.000221169 0.000123139 4.8136e-05 1.37333e-05 3.05349e-06 5.51465e-07 8.05574e-08 8.78049e-09 5.16268e-10 0 
0 6.07349e-05 0.000258811 0.000419288 0.000573454 0.000777126 0.00101405 0.00126546 0.00151542 0.00174899 0.00195265 0.00211521 0.0022286 0.00228809 0.00229215 0.00224302 0.00214654 0.00201055 0.00184405 0.00165663 0.00145783 0.00125647 0.00106027 0.0008757 0.00070813 0.000562153 0.000441361 0.00034721 0.000278794 0.000232912 0.000198153 0.00015171 8.8206e-05 3.58589e-05 1.04935e-05 2.36613e-06 4.30557e-07 6.31682e-08 6.90424e-09 4.06729e-10 0 
0 4.69112e-05 0.000230801 0.000398933 0.000521961 0.000679402 0.000869783 0.00107459 0.00127905 0.00147039 0.00163731 0.00177046 0.00186305 0.00191116 0.00191384 0.00187301 0.00179296 0.00167983 0.00154087 0.00138379 0.00121611 0.00104473 0.0008757 0.000714483 0.000567095 0.000441702 0.000346025 0.000277241 0.000220489 0.000168317 0.000128837 0.000100456 6.51451e-05 2.90129e-05 8.87229e-06 2.02555e-06 3.67855e-07 5.35916e-08 5.8098e-09 3.3952e-10 0 
0 3.38224e-05 0.000193892 0.000376687 0.000485123 0.000598985 0.000743708 0.000904613 0.0010671 0.00121979 0.0013532 0.00145966 0.00153359 0.00157178 0.0015734 0.0015399 0.00147459 0.00138223 0.00126838 0.00113881 0.000999058 0.000854026 0.00070813 0.000567095 0.000444702 0.000370343 0.000366314 0.000396267 0.000376766 0.000276849 0.000157887 8.47821e-05 5.18533e-05 2.55735e-05 8.25749e-06 1.89454e-06 3.38924e-07 4.84099e-08 5.14822e-09 2.95696e-10 0 
0 2.24947e-05 0.000149831 0.000342511 0.000460101 0.000541206 0.000641612 0.000760551 0.00088446 0.00100233 0.00110582 0.00118854 0.00124594 0.00127537 0.0012761 0.00124916 0.00119702 0.0011232 0.00103171 0.000926573 0.000811351 0.000688882 0.000562153 0.000441702 0.000370343 0.00043487 0.000685564 0.00116062 0.00140102 0.000790741 0.00039643 0.000147009 5.33123e-05 2.37526e-05 7.94655e-06 1.81802e-06 3.17691e-07 4.41872e-08 4.58625e-09 2.57894e-10 0 
0 1.36479e-05 0.000104051 0.000287332 0.00043352 0.000506493 0.000569643 0.000647994 0.000735455 0.000821654 0.00089855 0.000960414 0.00100337 0.00102517 0.00102514 0.00100394 0.000963321 0.000905756 0.000833951 0.000750343 0.000656553 0.000552985 0.000441361 0.000346025 0.000366314 0.000685564 0.00166289 0.00260966 0.00267943 0.00232822 0.000925939 0.00030969 7.93375e-05 2.38422e-05 7.47061e-06 1.67199e-06 2.84056e-07 3.84755e-08 3.90387e-09 2.1535e-10 0 
0 7.48384e-06 6.37053e-05 0.000212337 0.000382998 0.000480947 0.00052902 0.000573204 0.000625785 0.000681894 0.000734319 0.000777466 0.000807637 0.00082273 0.000821985 0.000805748 0.000775192 0.000731962 0.000677709 0.000613434 0.00053848 0.00044955 0.00034721 0.000277241 0.000396267 0.00116062 0.00260966 0.00287617 0.00290684 0.00276406 0.00200845 0.000496819 0.000114853 2.52081e-05 6.6354e-06 1.40379e-06 2.3083e-07 3.05843e-08 3.05284e-09 1.6621e-10 0 
0 3.68479e-06 3.39721e-05 0.000133112 0.00029458 0.000431747 0.000501835 0.000534635 0.000560728 0.00058923 0.000618257 0.000643595 0.000661747 0.00067053 0.000668982 0.000657118 0.00063564 0.000605534 0.000567442 0.000520556 0.000460735 0.00037969 0.000278794 0.000220489 0.000376766 0.00140102 0.00267943 0.00290684 0.00293776 0.00282477 0.00232495 0.000560691 0.000123192 2.37677e-05 5.3072e-06 1.03772e-06 1.65082e-07 2.15669e-08 2.13733e-09 1.15817e-10 0 
0 1.62356e-06 1.57177e-05 6.93994e-05 0.000185134 0.000330831 0.00044316 0.000502359 0.000528675 0.000543008 0.000554405 0.000564264 0.000571307 0.000574022 0.000571473 0.000563396 0.00054995 0.0005312 0.000506147 0.000471112 0.00041793 0.000336286 0.000232912 0.000168317 0.000276849 0.000790741 0.00232822 0.00276406 0.00282476 0.00264104 0.0014697 0.000405012 9.1377e-05 1.74823e-05 3.57657e-06 6.53801e-07 1.01731e-07 1.32628e-08 1.31921e-09 7.18198e-11 0 
0 6.39782e-07 6.32897e-06 3.00897e-05 9.2256e-05 0.000198541 0.000319994 0.000417501 0.000476954 0.000507072 0.000520916 0.00052698 0.000529076 0.000528425 0.0005252 0.000519194 0.000509825 0.00049564 0.000473392 0.000437109 0.000378758 0.000294484 0.000198153 0.000128837 0.000157887 0.00039643 0.000925939 0.00200845 0.00232495 0.0014697 0.000608034 0.00020123 4.69486e-05 9.66205e-06 1.93267e-06 3.42859e-07 5.339e-08 7.05187e-09 7.12071e-10 3.93171e-11 0 
0 2.25739e-07 2.23396e-06 1.10001e-05 3.66948e-05 9.03802e-05 0.000172028 0.000264835 0.000347183 0.000407418 0.000445648 0.000467322 0.000477961 0.000481275 0.00047913 0.000471916 0.000458752 0.000437499 0.000404901 0.000357514 0.000294367 0.000221169 0.00015171 0.000100456 8.47821e-05 0.000147009 0.00030969 0.000496819 0.000560691 0.000405012 0.00020123 6.83651e-05 1.76979e-05 4.0611e-06 8.26029e-07 1.48796e-07 2.38118e-08 3.23446e-09 3.35064e-10 1.89261e-11 0 
0 7.14236e-08 6.96693e-07 3.45426e-06 1.19807e-05 3.18759e-05 6.78617e-05 0.0001193 0.000178836 0.000236369 0.000284244 0.000319228 0.000341361 0.000352007 0.000352492 0.00034354 0.000325238 0.000297403 0.000260303 0.000215697 0.000167793 0.000123139 8.8206e-05 6.51451e-05 5.18533e-05 5.33123e-05 7.93375e-05 0.000114853 0.000123192 9.1377e-05 4.69486e-05 1.76979e-05 5.3338e-06 1.33296e-06 2.84875e-07 5.40873e-08 9.07383e-09 1.28201e-09 1.37403e-10 7.99714e-12 0 
0 2.02709e-08 1.93078e-07 9.46695e-07 3.31073e-06 9.10013e-06 2.05299e-05 3.90624e-05 6.41439e-05 9.29542e-05 0.000121462 0.000145902 0.00016368 0.000173495 0.000175027 0.000168614 0.000155095 0.000135835 0.000112819 8.86409e-05 6.62133e-05 4.8136e-05 3.58589e-05 2.90129e-05 2.55735e-05 2.37526e-05 2.38422e-05 2.52081e-05 2.37677e-05 1.74823e-05 9.66205e-06 4.0611e-06 1.33296e-06 3.57128e-07 8.23812e-08 1.67803e-08 2.97713e-09 4.40392e-10 4.91262e-11 2.96237e-12 0 
0 5.14681e-09 4.76166e-08 2.28512e-07 7.91331e-07 2.18561e-06 5.03393e-06 9.92382e-06 1.7071e-05 2.60545e-05 3.58232e-05 4.49822e-05 5.21857e-05 5.64472e-05 5.72903e-05 5.47662e-05 4.93911e-05 4.2038e-05 3.37895e-05 2.57553e-05 1.88721e-05 1.37333e-05 1.04935e-05 8.87229e-06 8.25749e-06 7.94655e-06 7.47061e-06 6.6354e-06 5.3072e-06 3.57657e-06 1.93267e-06 8.26029e-07 2.84875e-07 8.23812e-08 2.06162e-08 4.50085e-09 8.45048e-10 1.31258e-10 1.5295e-11 9.5914e-13 0 
0 1.15941e-09 1.03929e-08 4.856e-08 1.64938e-07 4.50903e-07 1.03812e-06 2.06515e-06 3.61272e-06 5.63571e-06 7.93346e-06 1.01828e-05 1.20222e-05 1.31495e-05 1.33969e-05 1.27634e-05 1.14021e-05 9.57454e-06 7.5851e-06 5.71502e-06 4.17005e-06 3.05349e-06 2.36613e-06 2.02555e-06 1.89454e-06 1.81802e-06 1.67199e-06 1.40379e-06 1.03772e-06 6.53801e-07 3.42859e-07 1.48796e-07 5.40873e-08 1.67803e-08 4.50085e-09 1.04469e-09 2.07103e-10 3.38019e-11 4.12156e-12 2.69359e-13 0 
0 2.27376e-10 1.9735e-09 8.9589e-09 2.97151e-08 7.98172e-08 1.81756e-07 3.5991e-07 6.30197e-07 9.88048e-07 1.40125e-06 1.81305e-06 2.15571e-06 2.36948e-06 2.4193e-06 2.30346e-06 2.05192e-06 1.71621e-06 1.35496e-06 1.02005e-06 7.47031e-07 5.51465e-07 4.30557e-07 3.67855e-07 3.38924e-07 3.17691e-07 2.84056e-07 2.3083e-07 1.65082e-07 1.01731e-07 5.339e-08 2.38118e-08 9.07383e-09 2.97713e-09 8.45048e-10 2.07103e-10 4.32361e-11 7.40977e-12 9.45623e-13 6.44577e-14 0 
0 3.72375e-11 3.13109e-10 1.38064e-09 4.46513e-09 1.17484e-08 2.63345e-08 5.15778e-08 8.97106e-08 1.40206e-07 1.98717e-07 2.57357e-07 3.06493e-07 3.37432e-07 3.44949e-07 3.28678e-07 2.9294e-07 2.45227e-07 1.94017e-07 1.46699e-07 1.08206e-07 8.05574e-08 6.31682e-08 5.35916e-08 4.84099e-08 4.41872e-08 3.84755e-08 3.05843e-08 2.15669e-08 1.32628e-08 7.05187e-09 3.23446e-09 1.28201e-09 4.40392e-10 1.31258e-10 3.38019e-11 7.40977e-12 1.33112e-12 1.77636e-13 1.26262e-14 0 
0 4.60204e-12 3.75342e-11 1.60896e-10 5.07444e-10 1.30685e-09 2.8786e-09 5.56187e-09 9.57784e-09 1.48668e-08 2.09806e-08 2.71082e-08 3.22534e-08 3.55104e-08 3.63281e-08 3.46612e-08 3.09564e-08 2.5995e-08 2.06618e-08 1.57262e-08 1.16981e-08 8.78049e-09 6.90424e-09 5.8098e-09 5.14822e-09 4.58625e-09 3.90387e-09 3.05284e-09 2.13733e-09 1.31921e-09 7.12071e-10 3.35064e-10 1.37403e-10 4.91262e-11 1.5295e-11 4.12156e-12 9.45623e-13 1.77636e-13 2.47471e-14 1.8324e-15 0 
0 3.06949e-13 2.43234e-12 1.01508e-11 3.12517e-11 7.88151e-11 1.70575e-10 3.24903e-10 5.53313e-10 8.51777e-10 1.1951e-09 1.53834e-09 1.82654e-09 2.00959e-09 2.05687e-09 1.96559e-09 1.76028e-09 1.48417e-09 1.18637e-09 9.09715e-10 6.82598e-10 5.16268e-10 4.06729e-10 3.3952e-10 2.95696e-10 2.57894e-10 2.1535e-10 1.6621e-10 1.15817e-10 7.18198e-11 3.93171e-11 1.89261e-11 7.99714e-12 2.96237e-12 9.5914e-13 2.69359e-13 6.44577e-14 1.26262e-14 1.8324e-15 1.41131e-16 0 
0 0 0 0 0 0 0 0 0 0 0 0 0 0 0 0 0 0 0 0 0 0 0 0 0 0 0 0 0 0 0 0 0 0 0 0 0 0 0 0 0 
