0 0 0 0 0 0 0 0 0 0 0 0 0 0 0 0 0 0 0 0 0 0 0 0 0 0 0 0 0 0 0 0 0 0 0 0 0 0 0 0 0 
0 1.37233e-07 1.24872e-06 5.73313e-06 1.84171e-05 4.58249e-05 9.29984e-05 0.000159816 0.000240115 0.00032422 0.000402416 0.000467169 0.000513708 0.00053968 0.000544565 0.000529202 0.000495515 0.000446398 0.000385684 0.000318062 0.000248827 0.000183344 0.000126251 8.06199e-05 4.74077e-05 2.55292e-05 1.25431e-05 5.61318e-06 2.2879e-06 8.50293e-07 2.88587e-07 8.95608e-08 2.54225e-08 6.58984e-09 1.55231e-09 3.28829e-10 6.1337e-11 9.64541e-12 1.15354e-12 7.49235e-14 0 
0 1.24872e-06 1.1761e-05 5.46843e-05 0.000172165 0.00040466 0.000752245 0.00116448 0.00157469 0.00193555 0.00222627 0.00244264 0.00258693 0.0026629 0.00267442 0.00262532 0.00251945 0.00236056 0.00215238 0.0018994 0.0016089 0.00129375 0.000974464 0.000677639 0.000429174 0.000244909 0.00012513 5.71499e-05 2.33875e-05 8.61524e-06 2.8716e-06 8.69929e-07 2.40175e-07 6.04395e-08 1.3813e-08 2.83952e-09 5.14407e-10 7.86539e-11 9.15901e-12 5.80101e-13 0 
0 5.73313e-06 5.46843e-05 0.000247174 0.000715683 0.00147231 0.00234578 0.00315305 0.0038276 0.00437794 0.00482131 0.00516269 0.00539881 0.00552566 0.00554298 0.00545594 0.00527469 0.00501271 0.00468403 0.0042996 0.00386377 0.00337302 0.00282131 0.00221509 0.00159169 0.00102079 0.000573384 0.000279758 0.000118837 4.43626e-05 1.47251e-05 4.39164e-06 1.18552e-06 2.90635e-07 6.46034e-08 1.29126e-08 2.2756e-09 3.38823e-10 3.84707e-11 2.3793e-12 0 
0 1.84171e-05 0.000172165 0.000715683 0.00178264 0.00307938 0.00426371 0.00528511 0.00620401 0.00703867 0.00776597 0.00835149 0.00876601 0.00899179 0.00902425 0.00887159 0.00855321 0.00809717 0.00753716 0.00690865 0.00624395 0.00556502 0.00487402 0.00414686 0.00334603 0.00246812 0.001597 0.000878206 0.000405765 0.000158836 5.36837e-05 1.59806e-05 4.25417e-06 1.02167e-06 2.21749e-07 4.32248e-08 7.42876e-09 1.07942e-09 1.19737e-10 7.24424e-12 0 
0 4.58249e-05 0.00040466 0.00147231 0.00307938 0.00465082 0.00607634 0.00746745 0.00883567 0.0101206 0.0112495 0.0121591 0.012803 0.0131541 0.0132057 0.0129706 0.0124782 0.0117713 0.0109014 0.00992428 0.00889556 0.00786622 0.00687591 0.00594048 0.00503301 0.00407915 0.00301754 0.00192186 0.00100807 0.000430596 0.000152529 4.61608e-05 1.22559e-05 2.90424e-06 6.18593e-07 1.18042e-07 1.98456e-08 2.82158e-09 3.06498e-10 1.8179e-11 0 
0 9.29984e-05 0.000752245 0.00234578 0.00426371 0.00607634 0.00792408 0.00985113 0.0117719 0.013575 0.0151563 0.016429 0.0173293 0.0178202 0.0178928 0.0175648 0.0168771 0.0158888 0.0146708 0.0133 0.0118527 0.0104002 0.00900455 0.00771341 0.00654754 0.00547272 0.00437917 0.00316006 0.00190842 0.000917768 0.000350972 0.000110267 2.95852e-05 6.97515e-06 1.46621e-06 2.75064e-07 4.53951e-08 6.334e-09 6.75544e-10 3.93731e-11 0 
0 0.000159816 0.00116448 0.00315305 0.00528511 0.00746745 0.00985113 0.0123656 0.0148691 0.0172158 0.0192719 0.0209258 0.0220952 0.0227325 0.0228263 0.0223998 0.0215059 0.020221 0.0186369 0.0168525 0.0149659 0.0130684 0.0112394 0.00954305 0.00802515 0.00669805 0.00550156 0.0042776 0.00290989 0.00158942 0.000670503 0.000222977 6.12643e-05 1.44935e-05 3.02415e-06 5.60197e-07 9.1079e-08 1.25105e-08 1.31367e-09 7.54249e-11 0 
0 0.000240115 0.00157469 0.0038276 0.00620401 0.00883567 0.0117719 0.0148691 0.0179492 0.0208345 0.0233613 0.0253928 0.0268285 0.0276101 0.027724 0.0271986 0.0260992 0.0245193 0.0225714 0.0203765 0.0180546 0.0157169 0.0134596 0.0113601 0.00947633 0.00784221 0.00644527 0.00517034 0.00380725 0.0023266 0.00109 0.00038883 0.000110623 2.6462e-05 5.51027e-06 1.01207e-06 1.62669e-07 2.20637e-08 2.28733e-09 1.297e-10 0 
0 0.00032422 0.00193555 0.00437794 0.00703867 0.0101206 0.013575 0.0172158 0.0208345 0.0242229 0.0271892 0.0295731 0.0312571 0.0321731 0.0323046 0.031685 0.0303916 0.0285349 0.0262464 0.0236676 0.0209391 0.0181906 0.0155341 0.0130597 0.0108337 0.0088992 0.00726758 0.00587424 0.00451688 0.003003 0.00154956 0.000595449 0.000176618 4.29623e-05 8.96743e-06 1.63902e-06 2.61266e-07 3.50948e-08 3.60163e-09 2.02195e-10 0 
0 0.000402416 0.00222627 0.00482131 0.00776597 0.0112495 0.0151563 0.0192719 0.0233613 0.0271892 0.0305392 0.0332309 0.0351323 0.0361658 0.0363114 0.0356069 0.0341409 0.0320397 0.0294524 0.026538 0.0234542 0.0203472 0.0173429 0.0145422 0.0120188 0.00982074 0.00796918 0.00643142 0.00504503 0.00354747 0.00198047 0.000815768 0.000252607 6.26661e-05 1.31505e-05 2.3988e-06 3.80284e-07 5.07244e-08 5.16637e-09 2.87845e-10 0 
0 0.000467169 0.00244264 0.00516269 0.00835149 0.0121591 0.016429 0.0209258 0.0253928 0.0295731 0.0332309 0.0361695 0.0382423 0.0393641 0.039518 0.0387469 0.0371436 0.0348447 0.0320157 0.0288311 0.0254625 0.0220686 0.0187862 0.0157248 0.0129643 0.0105561 0.00852499 0.00685485 0.00541919 0.00394248 0.0023321 0.0010177 0.000327678 8.2887e-05 1.75118e-05 3.19451e-06 5.04825e-07 6.70256e-08 6.79131e-09 3.76378e-10 0 
0 0.000513708 0.00258693 0.00539881 0.00876601 0.012803 0.0173293 0.0220952 0.0268285 0.0312571 0.0351323 0.0382423 0.0404243 0.0415932 0.0417476 0.0409367 0.0392462 0.036811 0.0338099 0.0304335 0.026864 0.0232683 0.0197909 0.0165472 0.013621 0.011066 0.00890878 0.0071406 0.00565883 0.00419615 0.0025789 0.00117404 0.000389836 0.000100249 2.13208e-05 3.89439e-06 6.14631e-07 8.14018e-08 8.22349e-09 4.54344e-10 0 
0 0.00053968 0.0026629 0.00552566 0.00899179 0.0131541 0.0178202 0.0227325 0.0276101 0.0321731 0.0361658 0.0393641 0.0415932 0.0427748 0.0429239 0.042095 0.0403641 0.0378583 0.0347627 0.0312806 0.0276018 0.0238974 0.0203154 0.0169744 0.0139602 0.0113275 0.0091033 0.00728213 0.00577397 0.00432206 0.00271369 0.00126752 0.000429361 0.000111692 2.38819e-05 4.37066e-06 6.89975e-07 9.13328e-08 9.21904e-09 5.08887e-10 0 
0 0.000544565 0.00267442 0.00554298 0.00902425 0.0132057 0.0178928 0.0228263 0.027724 0.0323046 0.0363114 0.039518 0.0417476 0.0429239 0.0430662 0.0422299 0.0404896 0.0379702 0.0348579 0.0313589 0.0276642 0.0239452 0.0203504 0.0169982 0.0139746 0.011334 0.0091032 0.00727738 0.00577054 0.00433166 0.00273902 0.0012914 0.000441053 0.00011538 2.47577e-05 4.5414e-06 7.18146e-07 9.51982e-08 9.62226e-09 5.31885e-10 0 
0 0.000529202 0.00262532 0.00545594 0.00887159 0.0129706 0.0175648 0.0223998 0.0271986 0.031685 0.0356069 0.0387469 0.0409367 0.042095 0.0422299 0.0413945 0.0396704 0.0371895 0.0341347 0.0307037 0.027082 0.023438 0.0199172 0.0166356 0.013677 0.0110947 0.0089146 0.00713072 0.00565383 0.00423308 0.00266191 0.00124801 0.000425008 0.000111188 2.3904e-05 4.39744e-06 6.97723e-07 9.28286e-08 9.41895e-09 5.22751e-10 0 
0 0.000495515 0.00251945 0.00527469 0.00855321 0.0124782 0.0168771 0.0215059 0.0260992 0.0303916 0.0341409 0.0371436 0.0392462 0.0403641 0.0404896 0.0396704 0.0379978 0.03561 0.0326806 0.0293927 0.0259229 0.0224332 0.0190635 0.0159246 0.013097 0.0106315 0.00855294 0.00685182 0.00542912 0.00403181 0.0024925 0.00114736 0.000386201 0.000100651 2.16703e-05 4.00371e-06 6.3892e-07 8.55633e-08 8.74294e-09 4.88811e-10 0 
0 0.000446398 0.00236056 0.00501271 0.00809717 0.0117713 0.0158888 0.020221 0.0245193 0.0285349 0.0320397 0.0348447 0.036811 0.0378583 0.0379702 0.0371895 0.03561 0.0333664 0.0306187 0.0275355 0.0242826 0.0210127 0.017857 0.0149198 0.0122767 0.00997564 0.00803951 0.00645258 0.00510024 0.0037325 0.0022458 0.00100615 0.000333243 8.64723e-05 1.86806e-05 3.47738e-06 5.60283e-07 7.58395e-08 7.83737e-09 4.43296e-10 0 
0 0.000385684 0.00215238 0.00468403 0.00753716 0.0109014 0.0146708 0.0186369 0.0225714 0.0262464 0.0294524 0.0320157 0.0338099 0.0347627 0.0348579 0.0341347 0.0326806 0.0306187 0.0280945 0.0252624 0.0222752 0.0192737 0.0163784 0.0136857 0.0112654 0.00916255 0.00739694 0.00594274 0.00466807 0.00334273 0.00194502 0.000846542 0.000276605 7.18187e-05 1.56591e-05 2.95481e-06 4.83562e-07 6.65356e-08 6.99056e-09 4.01898e-10 0 
0 0.000318062 0.0018994 0.0042996 0.00690865 0.00992428 0.0133 0.0168525 0.0203765 0.0236676 0.026538 0.0288311 0.0304335 0.0312806 0.0313589 0.0307037 0.0293927 0.0275355 0.0252624 0.0227123 0.0200227 0.0173203 0.0147138 0.0122905 0.0101145 0.00822737 0.00664402 0.00532568 0.00413222 0.00288049 0.00162436 0.000693827 0.000226676 5.96549e-05 1.32736e-05 2.56213e-06 4.28991e-07 6.03376e-08 6.47091e-09 3.79094e-10 0 
0 0.000248827 0.0016089 0.00386377 0.00624395 0.00889556 0.0118527 0.0149659 0.0180546 0.0209391 0.0234542 0.0254625 0.026864 0.0276018 0.0276642 0.027082 0.0259229 0.0242826 0.0222752 0.0200227 0.0176458 0.0152555 0.0129481 0.0108012 0.00887275 0.00720017 0.00579133 0.00459887 0.00350084 0.00238292 0.00132713 0.000572355 0.000192166 5.23433e-05 1.20503e-05 2.3982e-06 4.12235e-07 5.9275e-08 6.47382e-09 3.84905e-10 0 
0 0.000183344 0.00129375 0.00337302 0.00556502 0.00786622 0.0104002 0.0130684 0.0157169 0.0181906 0.0203472 0.0220686 0.0232683 0.0238974 0.0239452 0.023438 0.0224332 0.0210127 0.0192737 0.0173203 0.0152555 0.0131744 0.0111596 0.00927874 0.00758289 0.00610373 0.00484482 0.00377077 0.00281141 0.00190748 0.00109477 0.000500165 0.000179089 5.15297e-05 1.23526e-05 2.52763e-06 4.42518e-07 6.43689e-08 7.07729e-09 4.22096e-10 0 
0 0.000126251 0.000974464 0.00282131 0.00487402 0.00687591 0.00900455 0.0112394 0.0134596 0.0155341 0.0173429 0.0187862 0.0197909 0.0203154 0.0203504 0.0199172 0.0190635 0.017857 0.0163784 0.0147138 0.0129481 0.0111596 0.00941684 0.00777635 0.00628222 0.00496609 0.00384712 0.00292494 0.0021677 0.00152043 0.000946997 0.000481728 0.000189614 5.80301e-05 1.43524e-05 2.97019e-06 5.20058e-07 7.52113e-08 8.19652e-09 4.8378e-10 0 
0 8.06199e-05 0.000677639 0.00221509 0.00414686 0.00594048 0.00771341 0.00954305 0.0113601 0.0130597 0.0145422 0.0157248 0.0165472 0.0169744 0.0169982 0.0166356 0.0159246 0.0149198 0.0136857 0.0122905 0.0108012 0.00927874 0.00777635 0.00634032 0.00502174 0.00389715 0.00304277 0.00242926 0.00191059 0.00139436 0.000913169 0.000509737 0.000220878 7.13999e-05 1.79022e-05 3.67169e-06 6.31367e-07 8.94343e-08 9.54601e-09 5.52359e-10 0 
0 4.74077e-05 0.000429174 0.00159169 0.00334603 0.00503301 0.00654754 0.00802515 0.00947633 0.0108337 0.0120188 0.0129643 0.013621 0.0139602 0.0139746 0.013677 0.013097 0.0122767 0.0112654 0.0101145 0.00887275 0.00758289 0.00628222 0.00502174 0.00393325 0.00328169 0.00325179 0.00351911 0.00334595 0.00245715 0.00138621 0.000660639 0.00027632 9.03441e-05 2.24041e-05 4.46872e-06 7.44997e-07 1.02499e-07 1.06555e-08 6.02162e-10 0 
0 2.55292e-05 0.000244909 0.00102079 0.00246812 0.00407915 0.00547272 0.00669805 0.00784221 0.0088992 0.00982074 0.0105561 0.011066 0.0113275 0.011334 0.0110947 0.0106315 0.00997564 0.00916255 0.00822737 0.00720017 0.00610373 0.00496609 0.00389715 0.00328169 0.00386205 0.006089 0.00878549 0.00936381 0.00691731 0.00352091 0.00129859 0.000407438 0.000116439 2.70006e-05 5.10184e-06 8.15727e-07 1.08672e-07 1.10013e-08 6.07742e-10 0 
0 1.25431e-05 0.00012513 0.000573384 0.001597 0.00301754 0.00437917 0.00550156 0.00644527 0.00726758 0.00796918 0.00852499 0.00890878 0.0091033 0.0091032 0.0089146 0.00855294 0.00803951 0.00739694 0.00664402 0.00579133 0.00484482 0.00384712 0.00304277 0.00325179 0.006089 0.0126373 0.0203988 0.0230199 0.0163528 0.00812494 0.00275041 0.000688599 0.000153716 3.07613e-05 5.30198e-06 8.02842e-07 1.03562e-07 1.02486e-08 5.55876e-10 0 
0 5.61318e-06 5.71499e-05 0.000279758 0.000878206 0.00192186 0.00316006 0.0042776 0.00517034 0.00587424 0.00643142 0.00685485 0.0071406 0.00728213 0.00727738 0.00713072 0.00685182 0.00645258 0.00594274 0.00532568 0.00459887 0.00377077 0.00292494 0.00242926 0.00351911 0.00878549 0.0203988 0.0327511 0.0350219 0.0275442 0.0133253 0.00440871 0.00101586 0.000189234 3.18848e-05 4.88281e-06 6.93841e-07 8.6936e-08 8.46787e-09 4.54059e-10 0 
0 2.2879e-06 2.33875e-05 0.000118837 0.000405765 0.00100807 0.00190842 0.00290989 0.00380725 0.00451688 0.00504503 0.00541919 0.00565883 0.00577397 0.00577054 0.00565383 0.00542912 0.00510024 0.00466807 0.00413222 0.00350084 0.00281141 0.0021677 0.00191059 0.00334595 0.00936381 0.0230199 0.0350219 0.0366275 0.0308943 0.0148856 0.00485553 0.00109175 0.000187344 2.78698e-05 3.84026e-06 5.15827e-07 6.33679e-08 6.13373e-09 3.27952e-10 0 
0 8.50293e-07 8.61524e-06 4.43626e-05 0.000158836 0.000430596 0.000917768 0.00158942 0.0023266 0.003003 0.00354747 0.00394248 0.00419615 0.00432206 0.00433166 0.00423308 0.00403181 0.0037325 0.00334273 0.00288049 0.00238292 0.00190748 0.00152043 0.00139436 0.00245715 0.00691731 0.0163528 0.0275442 0.0308943 0.0222871 0.0109271 0.00359721 0.00080797 0.000135878 1.90426e-05 2.4761e-06 3.24025e-07 3.97271e-08 3.86744e-09 2.08147e-10 0 
0 2.88587e-07 2.8716e-06 1.47251e-05 5.36837e-05 0.000152529 0.000350972 0.000670503 0.00109 0.00154956 0.00198047 0.0023321 0.0025789 0.00271369 0.00273902 0.00266191 0.0024925 0.0022458 0.00194502 0.00162436 0.00132713 0.00109477 0.000946997 0.000913169 0.00138621 0.00352091 0.00812494 0.0133253 0.0148856 0.0109271 0.00540041 0.00178693 0.000408705 6.98885e-05 9.76172e-06 1.27662e-06 1.70342e-07 2.13324e-08 2.11567e-09 1.15709e-10 0 
0 8.95608e-08 8.69929e-07 4.39164e-06 1.59806e-05 4.61608e-05 0.000110267 0.000222977 0.00038883 0.000595449 0.000815768 0.0010177 0.00117404 0.00126752 0.0012914 0.00124801 0.00114736 0.00100615 0.000846542 0.000693827 0.000572355 0.000500165 0.000481728 0.000509737 0.000660639 0.00129859 0.00275041 0.00440871 0.00485553 0.00359721 0.00178693 0.000602544 0.000143541 2.55868e-05 3.7597e-06 5.28637e-07 7.52067e-08 9.82362e-09 1.00394e-09 5.62748e-11 0 
0 2.54225e-08 2.40175e-07 1.18552e-06 4.25417e-06 1.22559e-05 2.95852e-05 6.12643e-05 0.000110623 0.000176618 0.000252607 0.000327678 0.000389836 0.000429361 0.000441053 0.000425008 0.000386201 0.000333243 0.000276605 0.000226676 0.000192166 0.000179089 0.000189614 0.000220878 0.00027632 0.000407438 0.000688599 0.00101586 0.00109175 0.00080797 0.000408705 0.000143541 3.61094e-05 6.91384e-06 1.13622e-06 1.81437e-07 2.82667e-08 3.89809e-09 4.13889e-10 2.39445e-11 0 
0 6.58984e-09 6.04395e-08 2.90635e-07 1.02167e-06 2.90424e-06 6.97515e-06 1.44935e-05 2.6462e-05 4.29623e-05 6.26661e-05 8.2887e-05 0.000100249 0.000111692 0.00011538 0.000111188 0.000100651 8.64723e-05 7.18187e-05 5.96549e-05 5.23433e-05 5.15297e-05 5.80301e-05 7.13999e-05 9.03441e-05 0.000116439 0.000153716 0.000189234 0.000187344 0.000135878 6.98885e-05 2.55868e-05 6.91384e-06 1.49633e-06 2.9017e-07 5.36791e-08 9.17298e-09 1.33936e-09 1.48477e-10 8.91136e-12 0 
0 1.55231e-09 1.3813e-08 6.46034e-08 2.21749e-07 6.18593e-07 1.46621e-06 3.02415e-06 5.51027e-06 8.96743e-06 1.31505e-05 1.75118e-05 2.13208e-05 2.38819e-05 2.47577e-05 2.3904e-05 2.16703e-05 1.86806e-05 1.56591e-05 1.32736e-05 1.20503e-05 1.23526e-05 1.43524e-05 1.79022e-05 2.24041e-05 2.70006e-05 3.07613e-05 3.18848e-05 2.78698e-05 1.90426e-05 9.76172e-06 3.7597e-06 1.13622e-06 2.9017e-07 6.67614e-08 1.39959e-08 2.58701e-09 3.99191e-10 4.63211e-11 2.8942e-12 0 
0 3.28829e-10 2.83952e-09 1.29126e-08 4.32248e-08 1.18042e-07 2.75064e-07 5.60197e-07 1.01207e-06 1.63902e-06 2.3988e-06 3.19451e-06 3.89439e-06 4.37066e-06 4.5414e-06 4.39744e-06 4.00371e-06 3.47738e-06 2.95481e-06 2.56213e-06 2.3982e-06 2.52763e-06 2.97019e-06 3.67169e-06 4.46872e-06 5.10184e-06 5.30198e-06 4.88281e-06 3.84026e-06 2.4761e-06 1.27662e-06 5.28637e-07 1.81437e-07 5.36791e-08 1.39959e-08 3.20614e-09 6.31895e-10 1.02777e-10 1.24957e-11 8.14359e-13 0 
0 6.1337e-11 5.14407e-10 2.2756e-09 7.42876e-09 1.98456e-08 4.53951e-08 9.1079e-08 1.62669e-07 2.61266e-07 3.80284e-07 5.04825e-07 6.14631e-07 6.89975e-07 7.18146e-07 6.97723e-07 6.3892e-07 5.60283e-07 4.83562e-07 4.28991e-07 4.12235e-07 4.42518e-07 5.20058e-07 6.31367e-07 7.44997e-07 8.15727e-07 8.02842e-07 6.93841e-07 5.15827e-07 3.24025e-07 1.70342e-07 7.52067e-08 2.82667e-08 9.17298e-09 2.58701e-09 6.31895e-10 1.31637e-10 2.25172e-11 2.86798e-12 1.95085e-13 0 
0 9.64541e-12 7.86539e-11 3.38823e-10 1.07942e-09 2.82158e-09 6.334e-09 1.25105e-08 2.20637e-08 3.50948e-08 5.07244e-08 6.70256e-08 8.14018e-08 9.13328e-08 9.51982e-08 9.28286e-08 8.55633e-08 7.58395e-08 6.65356e-08 6.03376e-08 5.9275e-08 6.43689e-08 7.52113e-08 8.94343e-08 1.02499e-07 1.08672e-07 1.03562e-07 8.6936e-08 6.33679e-08 3.97271e-08 2.13324e-08 9.82362e-09 3.89809e-09 1.33936e-09 3.99191e-10 1.02777e-10 2.25172e-11 4.04135e-12 5.3865e-13 3.82301e-14 0 
0 1.15354e-12 9.15901e-12 3.84707e-11 1.19737e-10 3.06498e-10 6.75544e-10 1.31367e-09 2.28733e-09 3.60163e-09 5.16637e-09 6.79131e-09 8.22349e-09 9.21904e-09 9.62226e-09 9.41895e-09 8.74294e-09 7.83737e-09 6.99056e-09 6.47091e-09 6.47382e-09 7.07729e-09 8.19652e-09 9.54601e-09 1.06555e-08 1.10013e-08 1.02486e-08 8.46787e-09 6.13373e-09 3.86744e-09 2.11567e-09 1.00394e-09 4.13889e-10 1.48477e-10 4.63211e-11 1.24957e-11 2.86798e-12 5.3865e-13 7.49951e-14 5.54781e-15 0 
0 7.49235e-14 5.80101e-13 2.3793e-12 7.24424e-12 1.8179e-11 3.93731e-11 7.54249e-11 1.297e-10 2.02195e-10 2.87845e-10 3.76378e-10 4.54344e-10 5.08887e-10 5.31885e-10 5.22751e-10 4.88811e-10 4.43296e-10 4.01898e-10 3.79094e-10 3.84905e-10 4.22096e-10 4.8378e-10 5.52359e-10 6.02162e-10 6.07742e-10 5.55876e-10 4.54059e-10 3.27952e-10 2.08147e-10 1.15709e-10 5.62748e-11 2.39445e-11 8.91136e-12 2.8942e-12 8.14359e-13 1.95085e-13 3.82301e-14 5.54781e-15 4.27095e-16 0 
0 0 0 0 0 0 0 0 0 0 0 0 0 0 0 0 0 0 0 0 0 0 0 0 0 0 0 0 0 0 0 0 0 0 0 0 0 0 0 0 0 
