0 0 0 0 0 0 0 0 0 0 0 0 0 0 0 0 0 0 0 0 0 0 0 0 0 0 0 0 0 0 0 0 0 0 0 0 0 0 0 0 0 
0 1.79014e-07 1.55981e-06 6.57283e-06 1.85439e-05 3.91924e-05 6.65895e-05 9.62706e-05 0.000123993 0.000147283 0.000165339 0.000178306 0.000186667 0.000190916 0.000191446 0.00018852 0.000182293 0.000172846 0.000160234 0.00014458 0.000126201 0.000105745 8.42715e-05 6.32109e-05 4.41311e-05 2.83606e-05 1.66087e-05 8.79294e-06 4.18661e-06 1.78874e-06 6.85881e-07 2.36368e-07 7.33137e-08 2.04666e-08 5.12666e-09 1.14227e-09 2.22047e-10 3.61093e-11 4.43767e-12 2.94669e-13 0 
0 1.55981e-06 1.36845e-05 5.48793e-05 0.000137734 0.000245805 0.00034646 0.000422267 0.000475117 0.000512957 0.000541469 0.000562944 0.000577698 0.000585441 0.000586045 0.000579848 0.000567645 0.000550495 0.000529369 0.000504676 0.000475772 0.000440699 0.00039657 0.000341013 0.0002745 0.00020225 0.000133553 7.77544e-05 3.95449e-05 1.7541e-05 6.81568e-06 2.33686e-06 7.12158e-07 1.9383e-07 4.71355e-08 1.01768e-08 1.91637e-09 3.02095e-10 3.60353e-11 2.32631e-12 0 
0 6.57283e-06 5.48793e-05 0.000190644 0.000382603 0.000541866 0.000646516 0.000726545 0.000802918 0.000878428 0.000948109 0.00100606 0.00104775 0.00107053 0.00107354 0.00105756 0.00102482 0.000978674 0.000923347 0.000863581 0.000804106 0.000748673 0.000698372 0.000649392 0.000591775 0.000512385 0.000404617 0.000279527 0.000163749 8.02584e-05 3.30498e-05 1.16068e-05 3.5374e-06 9.48602e-07 2.25393e-07 4.73536e-08 8.66411e-09 1.32714e-09 1.53974e-10 9.68212e-12 0 
0 1.85439e-05 0.000137734 0.000382603 0.000606108 0.000754307 0.000889683 0.00104112 0.00120158 0.00135701 0.00149536 0.00160751 0.0016871 0.00173048 0.00173672 0.00170737 0.00164619 0.00155866 0.00145148 0.00133205 0.00120813 0.00108754 0.000977921 0.000885584 0.000812264 0.000749179 0.000672997 0.00055568 0.000394095 0.000227889 0.000105471 3.95845e-05 1.23951e-05 3.32858e-06 7.80419e-07 1.60567e-07 2.86739e-08 4.28271e-09 4.84676e-10 2.97613e-11 0 
0 3.91924e-05 0.000245805 0.000541866 0.000754307 0.000949503 0.00118168 0.00143926 0.00170067 0.00194762 0.0021648 0.00233983 0.00246373 0.00253129 0.00254123 0.00249599 0.00240124 0.00226522 0.00209783 0.00190985 0.00171211 0.00151499 0.00132812 0.00116059 0.00102098 0.000914938 0.000836899 0.000758099 0.000631849 0.000441187 0.000240834 0.000101173 3.36441e-05 9.23571e-06 2.16348e-06 4.39368e-07 7.70014e-08 1.12612e-08 1.2474e-09 7.5018e-11 0 
0 6.65895e-05 0.00034646 0.000646516 0.000889683 0.00118168 0.00152629 0.00189582 0.00226533 0.0026123 0.0029166 0.00316151 0.00333479 0.00342931 0.0034433 0.00338013 0.00324775 0.00305755 0.00282317 0.00255938 0.00228087 0.00200141 0.00173316 0.00148656 0.00127082 0.00109477 0.000965146 0.000875759 0.000788362 0.000639529 0.000416057 0.000202288 7.37596e-05 2.11605e-05 5.02059e-06 1.0151e-06 1.75627e-07 2.5263e-08 2.74911e-09 1.62435e-10 0 
0 9.62706e-05 0.000422267 0.000726545 0.00104112 0.00143926 0.00189582 0.00237957 0.00286132 0.00331291 0.00370874 0.00402847 0.00425897 0.00438983 0.00441008 0.00432154 0.00414231 0.00389196 0.00358645 0.00324299 0.00287995 0.00251482 0.00216286 0.00183664 0.0015461 0.00129963 0.00110547 0.000969272 0.000877387 0.00077198 0.000580478 0.00032902 0.00013445 4.10973e-05 1.00051e-05 2.03085e-06 3.48882e-07 4.95799e-08 5.31978e-09 3.09806e-10 0 
0 0.000123993 0.000475117 0.000802918 0.00120158 0.00170067 0.00226533 0.00286132 0.00345405 0.00400969 0.00450273 0.00493377 0.00529208 0.00550757 0.00554295 0.00540088 0.00511078 0.00474308 0.00434707 0.0039214 0.00347434 0.00302448 0.00259008 0.0021861 0.00182384 0.00151164 0.00125654 0.001066 0.000940924 0.000847754 0.000701108 0.000454893 0.000209563 6.91028e-05 1.74378e-05 3.5786e-06 6.13546e-07 8.64898e-08 9.18183e-09 5.2863e-10 0 
0 0.000147283 0.000512957 0.000878428 0.00135701 0.00194762 0.0026123 0.00331291 0.00400969 0.00467143 0.00532113 0.00592891 0.00631013 0.00648249 0.00650806 0.00640109 0.0061354 0.00567011 0.0050988 0.00456003 0.00402971 0.00350049 0.00298929 0.00251313 0.00208482 0.00171313 0.00140423 0.00116422 0.000998723 0.00089344 0.000776851 0.000558882 0.000287566 0.000102615 2.69924e-05 5.62775e-06 9.66764e-07 1.35646e-07 1.42913e-08 8.15697e-10 0 
0 0.000165339 0.000541469 0.000948109 0.00149536 0.0021648 0.0029166 0.00370874 0.00450273 0.00532113 0.00613595 0.00662442 0.00687276 0.00698807 0.007005 0.006931 0.00675401 0.00643145 0.00586708 0.00515495 0.00451786 0.00391568 0.00333738 0.00279841 0.00231283 0.00189002 0.00153573 0.00125458 0.00105242 0.000925493 0.000820994 0.000633779 0.000357286 0.000137169 3.76243e-05 7.98648e-06 1.37813e-06 1.92962e-07 2.02279e-08 1.14739e-09 0 
0 0.000178306 0.000562944 0.00100606 0.00160751 0.00233983 0.00316151 0.00402847 0.00493377 0.00592891 0.00662442 0.00698077 0.00717617 0.00726995 0.00728344 0.00722178 0.00707803 0.00682801 0.00640876 0.00570616 0.00492652 0.00424839 0.00361514 0.003026 0.00249478 0.00203141 0.00164149 0.00132859 0.00109756 0.000949333 0.000845794 0.000682173 0.000411744 0.000167953 4.78149e-05 1.03261e-05 1.79171e-06 2.5079e-07 2.62115e-08 1.48069e-09 0 
0 0.000186667 0.000577698 0.00104775 0.0016871 0.00246373 0.00333479 0.00425897 0.00529208 0.00631013 0.00687276 0.00717617 0.00734855 0.00743244 0.00744414 0.00738787 0.0072586 0.00703889 0.00668517 0.0060875 0.00524474 0.00448391 0.00380862 0.00318425 0.00262115 0.00212951 0.0017149 0.00138025 0.0011294 0.000965073 0.000858388 0.000709719 0.000448353 0.000191122 5.59939e-05 1.22642e-05 2.13907e-06 2.99616e-07 3.12702e-08 1.76234e-09 0 
0 0.000190916 0.000585441 0.00107053 0.00173048 0.00253129 0.00342931 0.00438983 0.00550757 0.00648249 0.00698807 0.00726995 0.00743244 0.00751182 0.00752244 0.00746814 0.00734462 0.00713696 0.00680869 0.0062663 0.0054293 0.00461127 0.00390978 0.00326646 0.00268642 0.00217981 0.00175218 0.00140609 0.00114476 0.000971451 0.000862012 0.000721282 0.000467193 0.000204357 6.09391e-05 1.34711e-05 2.35866e-06 3.30735e-07 3.45101e-08 1.94334e-09 0 
0 0.000191446 0.000586045 0.00107354 0.00173672 0.00254123 0.0034433 0.00441008 0.00554295 0.00650806 0.007005 0.00728344 0.00744414 0.00752244 0.00753239 0.00747775 0.00735432 0.00714752 0.00682185 0.00628647 0.00545101 0.00462215 0.00391658 0.00327105 0.00268919 0.00218106 0.00175212 0.00140482 0.00114218 0.00096751 0.000857824 0.000719782 0.000469292 0.000206804 6.20195e-05 1.37579e-05 2.41366e-06 3.38838e-07 3.53813e-08 1.99342e-09 0 
0 0.00018852 0.000579848 0.00105756 0.00170737 0.00249599 0.00338013 0.00432154 0.00540088 0.00640109 0.006931 0.00722178 0.00738787 0.00746814 0.00747775 0.00742065 0.00729219 0.00707629 0.00673328 0.00616154 0.00531199 0.00451975 0.00383303 0.00320126 0.00263192 0.00213501 0.00171588 0.00137705 0.00112176 0.000953007 0.000845913 0.000706201 0.000455685 0.000198807 5.92667e-05 1.31187e-05 2.30169e-06 3.23491e-07 3.3833e-08 1.90959e-09 0 
0 0.000182293 0.000567645 0.00102482 0.00164619 0.00240124 0.00324775 0.00414231 0.00511078 0.0061354 0.00675401 0.00707803 0.0072586 0.00734462 0.00735432 0.00729219 0.00715234 0.00691455 0.0065274 0.00587113 0.00503974 0.00432061 0.00366855 0.00306444 0.00252031 0.0020459 0.00164646 0.00132478 0.00108464 0.00092813 0.000825439 0.000679819 0.000427242 0.000181699 5.33096e-05 1.17196e-05 2.05346e-06 2.89e-07 3.03046e-08 1.71579e-09 0 
0 0.000172846 0.000550495 0.000978674 0.00155866 0.00226522 0.00305755 0.00389196 0.00474308 0.00567011 0.00643145 0.00682801 0.00703889 0.00713696 0.00714752 0.00707629 0.00691455 0.00663242 0.00615165 0.00541069 0.00468743 0.00404437 0.00343631 0.00287109 0.00236245 0.00191972 0.00154807 0.00125079 0.00103234 0.000892693 0.000794089 0.00063852 0.000385093 0.000157696 4.52178e-05 9.84542e-06 1.72206e-06 2.42882e-07 2.55689e-08 1.45444e-09 0 
0 0.000160234 0.000529369 0.000923347 0.00145148 0.00209783 0.00282317 0.00358645 0.00434707 0.0050988 0.00586708 0.00640876 0.00668517 0.00680869 0.00682185 0.00673328 0.0065274 0.00615165 0.005546 0.00488773 0.00428886 0.003709 0.00315177 0.00263359 0.00216785 0.00176335 0.00142532 0.00115781 0.000965685 0.00084468 0.000747187 0.000579529 0.000331484 0.000129799 3.6283e-05 7.82411e-06 1.36767e-06 1.93629e-07 2.05012e-08 1.17379e-09 0 
0 0.00014458 0.000504676 0.000863581 0.00133205 0.00190985 0.00255938 0.00324299 0.0039214 0.00456003 0.00515495 0.00570616 0.0060875 0.0062663 0.00628647 0.00616154 0.00587113 0.00541069 0.00488773 0.00437381 0.00385325 0.00333302 0.00283145 0.00236512 0.00194641 0.00158365 0.00128236 0.0010474 0.000882976 0.000778151 0.000677315 0.000501265 0.000270733 0.000101531 2.77708e-05 5.95236e-06 1.04301e-06 1.48605e-07 1.586e-08 9.15788e-10 0 
0 0.000126201 0.000475772 0.000804106 0.00120813 0.00171211 0.00228087 0.00287995 0.00347434 0.00402971 0.00451786 0.00492652 0.00524474 0.0054293 0.00545101 0.00531199 0.00503974 0.00468743 0.00428886 0.00385325 0.00339566 0.00293569 0.00249166 0.00207852 0.00170754 0.0013867 0.00112188 0.000918253 0.000777394 0.000681772 0.000576739 0.000406728 0.000209667 7.64071e-05 2.06883e-05 4.44092e-06 7.83663e-07 1.12686e-07 1.21445e-08 7.08009e-10 0 
0 0.000105745 0.000440699 0.000748673 0.00108754 0.00151499 0.00200141 0.00251482 0.00302448 0.00350049 0.00391568 0.00424839 0.00448391 0.00461127 0.00462215 0.00451975 0.00432061 0.00404437 0.003709 0.00333302 0.00293569 0.00253521 0.0021475 0.0017856 0.00145966 0.00117732 0.000944477 0.000765045 0.000637295 0.00054441 0.000446191 0.000306901 0.00015654 5.71788e-05 1.5623e-05 3.3906e-06 6.04746e-07 8.78117e-08 9.54656e-09 5.60848e-10 0 
0 8.42715e-05 0.00039657 0.000698372 0.000977921 0.00132812 0.00173316 0.00216286 0.00259008 0.00298929 0.00333738 0.00361514 0.00380862 0.00390978 0.00391658 0.00383303 0.00366855 0.00343631 0.00315177 0.00283145 0.00249166 0.0021475 0.00181216 0.0014967 0.00121027 0.00096057 0.000753395 0.000590597 0.000469358 0.000381861 0.000308114 0.000218802 0.000117765 4.50592e-05 1.26798e-05 2.79589e-06 5.02651e-07 7.3271e-08 7.98022e-09 4.69137e-10 0 
0 6.32109e-05 0.000341013 0.000649392 0.000885584 0.00116059 0.00148656 0.00183664 0.0021861 0.00251313 0.00279841 0.003026 0.00318425 0.00326646 0.00327105 0.00320126 0.00306444 0.00287109 0.00263359 0.00236512 0.00207852 0.0017856 0.0014967 0.00122114 0.000969131 0.000754639 0.000590973 0.000473291 0.000375882 0.000285097 0.000212573 0.000155882 9.3665e-05 3.91825e-05 1.15009e-05 2.56345e-06 4.59226e-07 6.63621e-08 7.15621e-09 4.16575e-10 0 
0 4.41311e-05 0.0002745 0.000591775 0.000812264 0.00102098 0.00127082 0.0015461 0.00182384 0.00208482 0.00231283 0.00249478 0.00262115 0.00268642 0.00268919 0.00263192 0.00252031 0.00236245 0.00216785 0.00194641 0.00170754 0.00145966 0.00121027 0.000969131 0.000759887 0.000632887 0.00062607 0.000677279 0.000643948 0.000473153 0.000269484 0.000141809 8.07599e-05 3.69281e-05 1.1357e-05 2.53517e-06 4.46622e-07 6.32044e-08 6.67912e-09 3.81741e-10 0 
0 2.83606e-05 0.00020225 0.000512385 0.000749179 0.000914938 0.00109477 0.00129963 0.00151164 0.00171313 0.00189002 0.00203141 0.00212951 0.00217981 0.00218106 0.00213501 0.0020459 0.00191972 0.00176335 0.00158365 0.0013867 0.00117732 0.00096057 0.000754639 0.000632887 0.000743259 0.00117173 0.00184302 0.00220462 0.00133483 0.00067756 0.000251097 8.87094e-05 3.63469e-05 1.14058e-05 2.52438e-06 4.33767e-07 5.97647e-08 6.16424e-09 3.44935e-10 0 
0 1.66087e-05 0.000133553 0.000404617 0.000672997 0.000836899 0.000965146 0.00110547 0.00125654 0.00140423 0.00153573 0.00164149 0.0017149 0.00175218 0.00175212 0.00171588 0.00164646 0.00154807 0.00142532 0.00128236 0.00112188 0.000944477 0.000753395 0.000590973 0.00062607 0.00117173 0.00265135 0.00455286 0.00472601 0.00383554 0.00156691 0.000529307 0.000135112 3.83242e-05 1.10781e-05 2.3768e-06 3.9617e-07 5.31611e-08 5.36322e-09 2.94576e-10 0 
0 8.79294e-06 7.77544e-05 0.000279527 0.00055568 0.000758099 0.000875759 0.000969272 0.001066 0.00116422 0.00125458 0.00132859 0.00138025 0.00140609 0.00140482 0.00137705 0.00132478 0.00125079 0.00115781 0.0010474 0.000918253 0.000765045 0.000590597 0.000473291 0.000677279 0.00184302 0.00455286 0.00511569 0.00518453 0.0048868 0.00325598 0.000848454 0.000196193 4.17035e-05 1.00903e-05 2.02694e-06 3.26019e-07 4.27905e-08 4.24962e-09 2.30526e-10 0 
0 4.18661e-06 3.95449e-05 0.000163749 0.000394095 0.000631849 0.000788362 0.000877387 0.000940924 0.000998723 0.00105242 0.00109756 0.0011294 0.00114476 0.00114218 0.00112176 0.00108464 0.00103234 0.000965685 0.000882976 0.000777394 0.000637295 0.000469358 0.000375882 0.000643948 0.00220462 0.00472601 0.00518453 0.00524603 0.00501088 0.00384337 0.00093904 0.000210494 3.96848e-05 8.18736e-06 1.51285e-06 2.34883e-07 3.03975e-08 2.999e-09 1.62016e-10 0 
0 1.78874e-06 1.7541e-05 8.02584e-05 0.000227889 0.000441187 0.000639529 0.00077198 0.000847754 0.00089344 0.000925493 0.000949333 0.000965073 0.000971451 0.00096751 0.000953007 0.00092813 0.000892693 0.00084468 0.000778151 0.000681772 0.00054441 0.000381861 0.000285097 0.000473153 0.00133483 0.00383554 0.0048868 0.00501088 0.00465411 0.00235783 0.000692229 0.000156075 2.90894e-05 5.52598e-06 9.5647e-07 1.45285e-07 1.87735e-08 1.86015e-09 1.01017e-10 0 
0 6.85881e-07 6.81568e-06 3.30498e-05 0.000105471 0.000240834 0.000416057 0.000580478 0.000701108 0.000776851 0.000820994 0.000845794 0.000858388 0.000862012 0.000857824 0.000845913 0.000825439 0.000794089 0.000747187 0.000677315 0.000576739 0.000446191 0.000308114 0.000212573 0.000269484 0.00067756 0.00156691 0.00325598 0.00384337 0.00235783 0.00103922 0.000343927 7.99583e-05 1.58292e-05 2.95691e-06 5.00429e-07 7.63206e-08 1.00055e-08 1.00714e-09 5.54964e-11 0 
0 2.36368e-07 2.33686e-06 1.16068e-05 3.95845e-05 0.000101173 0.000202288 0.00032902 0.000454893 0.000558882 0.000633779 0.000682173 0.000709719 0.000721282 0.000719782 0.000706201 0.000679819 0.00063852 0.000579529 0.000501265 0.000406728 0.000306901 0.000218802 0.000155882 0.000141809 0.000251097 0.000529307 0.000848454 0.00093904 0.000692229 0.000343927 0.000116702 2.96986e-05 6.46717e-06 1.24197e-06 2.15837e-07 3.40123e-08 4.59471e-09 4.74831e-10 2.6777e-11 0 
0 7.33137e-08 7.12158e-07 3.5374e-06 1.23951e-05 3.36441e-05 7.37596e-05 0.00013445 0.000209563 0.000287566 0.000357286 0.000411744 0.000448353 0.000467193 0.000469292 0.000455685 0.000427242 0.000385093 0.000331484 0.000270733 0.000209667 0.00015654 0.000117765 9.3665e-05 8.07599e-05 8.87094e-05 0.000135112 0.000196193 0.000210494 0.000156075 7.99583e-05 2.96986e-05 8.6153e-06 2.04748e-06 4.19899e-07 7.789e-08 1.29429e-08 1.8222e-09 1.94959e-10 1.13323e-11 0 
0 2.04666e-08 1.9383e-07 9.48602e-07 3.32858e-06 9.23571e-06 2.11605e-05 4.10973e-05 6.91028e-05 0.000102615 0.000137169 0.000167953 0.000191122 0.000204357 0.000206804 0.000198807 0.000181699 0.000157696 0.000129799 0.000101531 7.64071e-05 5.71788e-05 4.50592e-05 3.91825e-05 3.69281e-05 3.63469e-05 3.83242e-05 4.17035e-05 3.96848e-05 2.90894e-05 1.58292e-05 6.46717e-06 2.04748e-06 5.30167e-07 1.19403e-07 2.40254e-08 4.24152e-09 6.26132e-10 6.97591e-11 4.20223e-12 0 
0 5.12666e-09 4.71355e-08 2.25393e-07 7.80419e-07 2.16348e-06 5.02059e-06 1.00051e-05 1.74378e-05 2.69924e-05 3.76243e-05 4.78149e-05 5.59939e-05 6.09391e-05 6.20195e-05 5.92667e-05 5.33096e-05 4.52178e-05 3.6283e-05 2.77708e-05 2.06883e-05 1.5623e-05 1.26798e-05 1.15009e-05 1.1357e-05 1.14058e-05 1.10781e-05 1.00903e-05 8.18736e-06 5.52598e-06 2.95691e-06 1.24197e-06 4.19899e-07 1.19403e-07 2.95661e-08 6.42171e-09 1.20301e-09 1.86639e-10 2.1729e-11 1.36152e-12 0 
0 1.14227e-09 1.01768e-08 4.73536e-08 1.60567e-07 4.39368e-07 1.0151e-06 2.03085e-06 3.5786e-06 5.62775e-06 7.98648e-06 1.03261e-05 1.22642e-05 1.34711e-05 1.37579e-05 1.31187e-05 1.17196e-05 9.84542e-06 7.82411e-06 5.95236e-06 4.44092e-06 3.3906e-06 2.79589e-06 2.56345e-06 2.53517e-06 2.52438e-06 2.3768e-06 2.02694e-06 1.51285e-06 9.5647e-07 5.00429e-07 2.15837e-07 7.789e-08 2.40254e-08 6.42171e-09 1.48791e-09 2.94687e-10 4.80633e-11 5.85681e-12 3.82525e-13 0 
0 2.22047e-10 1.91637e-09 8.66411e-09 2.86739e-08 7.70014e-08 1.75627e-07 3.48882e-07 6.13546e-07 9.66764e-07 1.37813e-06 1.79171e-06 2.13907e-06 2.35866e-06 2.41366e-06 2.30169e-06 2.05346e-06 1.72206e-06 1.36767e-06 1.04301e-06 7.83663e-07 6.04746e-07 5.02651e-07 4.59226e-07 4.46622e-07 4.33767e-07 3.9617e-07 3.26019e-07 2.34883e-07 1.45285e-07 7.63206e-08 3.40123e-08 1.29429e-08 4.24152e-09 1.20301e-09 2.94687e-10 6.14959e-11 1.05349e-11 1.34386e-12 9.15602e-14 0 
0 3.61093e-11 3.02095e-10 1.32714e-09 4.28271e-09 1.12612e-08 2.5263e-08 4.95799e-08 8.64898e-08 1.35646e-07 1.92962e-07 2.5079e-07 2.99616e-07 3.30735e-07 3.38838e-07 3.23491e-07 2.89e-07 2.42882e-07 1.93629e-07 1.48605e-07 1.12686e-07 8.78117e-08 7.3271e-08 6.63621e-08 6.32044e-08 5.97647e-08 5.31611e-08 4.27905e-08 3.03975e-08 1.87735e-08 1.00055e-08 4.59471e-09 1.8222e-09 6.26132e-10 1.86639e-10 4.80633e-11 1.05349e-11 1.89214e-12 2.52434e-13 1.79368e-14 0 
0 4.43767e-12 3.60353e-11 1.53974e-10 4.84676e-10 1.2474e-09 2.74911e-09 5.31978e-09 9.18183e-09 1.42913e-08 2.02279e-08 2.62115e-08 3.12702e-08 3.45101e-08 3.53813e-08 3.3833e-08 3.03046e-08 2.55689e-08 2.05012e-08 1.586e-08 1.21445e-08 9.54656e-09 7.98022e-09 7.15621e-09 6.67912e-09 6.16424e-09 5.36322e-09 4.24962e-09 2.999e-09 1.86015e-09 1.00714e-09 4.74831e-10 1.94959e-10 6.97591e-11 2.1729e-11 5.85681e-12 1.34386e-12 2.52434e-13 3.51626e-14 2.60307e-15 0 
0 2.94669e-13 2.32631e-12 9.68212e-12 2.97613e-11 7.5018e-11 1.62435e-10 3.09806e-10 5.2863e-10 8.15697e-10 1.14739e-09 1.48069e-09 1.76234e-09 1.94334e-09 1.99342e-09 1.90959e-09 1.71579e-09 1.45444e-09 1.17379e-09 9.15788e-10 7.08009e-10 5.60848e-10 4.69137e-10 4.16575e-10 3.81741e-10 3.44935e-10 2.94576e-10 2.30526e-10 1.62016e-10 1.01017e-10 5.54964e-11 2.6777e-11 1.13323e-11 4.20223e-12 1.36152e-12 3.82525e-13 9.15602e-14 1.79368e-14 2.60307e-15 2.00467e-16 0 
0 0 0 0 0 0 0 0 0 0 0 0 0 0 0 0 0 0 0 0 0 0 0 0 0 0 0 0 0 0 0 0 0 0 0 0 0 0 0 0 0 
