0 0 0 0 0 0 0 0 0 0 0 0 0 0 0 0 0 0 0 0 0 0 0 0 0 0 0 0 0 0 0 0 0 0 0 0 0 0 0 0 0 
0 1.28032e-07 1.09849e-06 4.49037e-06 1.21157e-05 2.42697e-05 3.90095e-05 5.35668e-05 6.60067e-05 7.56419e-05 8.25978e-05 8.73022e-05 9.0187e-05 9.15791e-05 9.16871e-05 9.062e-05 8.8405e-05 8.50026e-05 8.03249e-05 7.42721e-05 6.67946e-05 5.79774e-05 4.81226e-05 3.77894e-05 2.77468e-05 1.88181e-05 1.16514e-05 6.52004e-06 3.27354e-06 1.46863e-06 5.88122e-07 2.10422e-07 6.73656e-08 1.93067e-08 4.94127e-09 1.12031e-09 2.20846e-10 3.63167e-11 4.50285e-12 3.01105e-13 0 
0 1.09849e-06 9.392e-06 3.5727e-05 8.29887e-05 0.000135605 0.000175966 0.000200588 0.000215031 0.000224816 0.000232611 0.000238988 0.00024364 0.000246129 0.00024623 0.000244024 0.00023988 0.000234359 0.00022806 0.000221375 0.000214193 0.000205598 0.000193777 0.00017642 0.000151841 0.000120545 8.61449e-05 5.42829e-05 2.97504e-05 1.41071e-05 5.80087e-06 2.08308e-06 6.58604e-07 1.84491e-07 4.58786e-08 1.00778e-08 1.92309e-09 3.06256e-10 3.68179e-11 2.39114e-12 0 
0 4.49037e-06 3.5727e-05 0.000113157 0.000201622 0.000256214 0.000284041 0.000307118 0.000333814 0.000362905 0.000390787 0.000414315 0.000431341 0.000440662 0.000441889 0.000435341 0.00042194 0.000403111 0.000380689 0.000356832 0.000333904 0.000314178 0.00029917 0.000288395 0.000277884 0.000259791 0.00022553 0.000173161 0.000112845 6.09745e-05 2.72478e-05 1.02009e-05 3.26091e-06 9.05405e-07 2.20607e-07 4.71984e-08 8.75038e-09 1.35328e-09 1.58114e-10 9.99414e-12 0 
0 1.21157e-05 8.29887e-05 0.000201622 0.000279939 0.000322164 0.000369272 0.000429103 0.000494569 0.000558408 0.000615314 0.000661458 0.000694204 0.000712056 0.000714621 0.000702546 0.000677373 0.000641359 0.000597261 0.000548143 0.000497236 0.000447916 0.000403776 0.000368543 0.000345067 0.000332457 0.00032182 0.000295383 0.000237865 0.000156781 8.15552e-05 3.35693e-05 1.12372e-05 3.15912e-06 7.63875e-07 1.60455e-07 2.90587e-08 4.382e-09 4.99208e-10 3.07967e-11 0 
0 2.42697e-05 0.000135605 0.000256214 0.000322164 0.000392868 0.000486495 0.000592245 0.00069979 0.000801403 0.000890768 0.00096279 0.00101377 0.00104157 0.00104566 0.00102704 0.000988059 0.000932087 0.00086321 0.000785859 0.000704498 0.000623396 0.000546559 0.000477938 0.000421854 0.000382871 0.000362902 0.000353843 0.000331194 0.000267466 0.00016947 8.08534e-05 2.95312e-05 8.63193e-06 2.10465e-06 4.38335e-07 7.80573e-08 1.15331e-08 1.28606e-09 7.76863e-11 0 
0 3.90095e-05 0.000175966 0.000284041 0.000369272 0.000486495 0.000628046 0.00078009 0.000932133 0.0010749 0.00120012 0.00130091 0.0013723 0.0014114 0.00141722 0.00139104 0.00133643 0.00125812 0.00116167 0.00105313 0.000938529 0.000823538 0.00071316 0.000611708 0.000523095 0.000451624 0.000402487 0.000378605 0.000369826 0.000342519 0.000262357 0.000149457 6.17586e-05 1.92881e-05 4.82459e-06 1.00693e-06 1.7756e-07 2.58376e-08 2.83173e-09 1.68075e-10 0 
0 5.35668e-05 0.000200588 0.000307118 0.000429103 0.000592245 0.00078009 0.000979142 0.00117737 0.0013632 0.00152642 0.00166258 0.00177665 0.00185331 0.00186704 0.00181477 0.00171762 0.00160338 0.0014759 0.00133443 0.00118504 0.00103479 0.00088997 0.000755735 0.000636201 0.000534935 0.000456155 0.000405428 0.000384453 0.000374751 0.000329448 0.000222814 0.000106241 3.62422e-05 9.44771e-06 1.99602e-06 3.509e-07 5.05401e-08 5.46608e-09 3.19879e-10 0 
0 6.60067e-05 0.000215031 0.000333814 0.000494569 0.00069979 0.000932133 0.00117737 0.00142128 0.00165086 0.00187525 0.00212564 0.00231056 0.00239558 0.00240869 0.00235844 0.00222867 0.0020159 0.00179829 0.00161409 0.00142963 0.00124451 0.00106576 0.000899531 0.000750473 0.00062203 0.000517325 0.000440865 0.000398266 0.00038508 0.000364719 0.000283292 0.000155632 5.86675e-05 1.6122e-05 3.47623e-06 6.12783e-07 8.77471e-08 9.39981e-09 5.44112e-10 0 
0 7.56419e-05 0.000224816 0.000362905 0.000558408 0.000801403 0.0010749 0.0013632 0.00165086 0.00195477 0.00231693 0.00252478 0.0026209 0.00266457 0.00267147 0.00264467 0.0025785 0.00245107 0.00219848 0.00189127 0.00165877 0.00144039 0.00123003 0.0010341 0.000857856 0.000704919 0.000577874 0.000479823 0.000416224 0.000389888 0.00037886 0.000323886 0.00020125 8.37866e-05 2.43965e-05 5.39615e-06 9.57828e-07 1.36848e-07 1.45663e-08 8.36431e-10 0 
0 8.25978e-05 0.000232611 0.000390787 0.000615314 0.000890768 0.00120012 0.00152642 0.00187525 0.00231693 0.00257728 0.00270022 0.00276684 0.00279897 0.00280407 0.00278391 0.00273597 0.00265138 0.00250524 0.00221693 0.00187018 0.00161159 0.00137326 0.00115149 0.000951679 0.000777703 0.000631938 0.00051653 0.000435726 0.000394897 0.000383091 0.000347148 0.0002375 0.00010802 3.32683e-05 7.55921e-06 1.3542e-06 1.9353e-07 2.05206e-08 1.1718e-09 0 
0 8.73022e-05 0.000238988 0.000414315 0.000661458 0.00096279 0.00130091 0.00166258 0.00212564 0.00252478 0.00270022 0.00279637 0.00285173 0.00287907 0.00288338 0.00286596 0.00282527 0.00275592 0.00264433 0.00245054 0.00208669 0.00175172 0.00148762 0.00124513 0.00102655 0.00083588 0.000675442 0.00054682 0.000453145 0.000400201 0.000383644 0.000358746 0.000262829 0.000128307 4.14757e-05 9.66e-06 1.74715e-06 2.50116e-07 2.64687e-08 1.50612e-09 0 
0 9.0187e-05 0.00024364 0.000431341 0.000694204 0.00101377 0.0013723 0.00177665 0.00231056 0.0026209 0.00276684 0.00285173 0.00290183 0.00292681 0.00293067 0.00291451 0.00287717 0.00281457 0.00271696 0.00255867 0.00225701 0.00186069 0.00156752 0.00131025 0.00107854 0.000876246 0.000705648 0.000568019 0.000465735 0.000404307 0.000382865 0.000363433 0.000278177 0.000142756 4.78524e-05 1.13648e-05 2.07237e-06 2.97324e-07 3.14441e-08 1.7858e-09 0 
0 9.15791e-05 0.000246129 0.000440662 0.000712056 0.00104157 0.0014114 0.00185331 0.00239558 0.00266457 0.00279897 0.00287907 0.00292681 0.00295067 0.00295423 0.00293852 0.00290252 0.00284267 0.00275062 0.00260539 0.00233961 0.00192775 0.00160964 0.00134408 0.0011054 0.000896944 0.000720983 0.000578627 0.000471838 0.000405823 0.000381246 0.000364081 0.000285176 0.000150562 5.15763e-05 1.24e-05 2.27375e-06 3.2685e-07 3.45734e-08 1.96233e-09 0 
0 9.16871e-05 0.00024623 0.000441889 0.000714621 0.00104566 0.00141722 0.00186704 0.00240869 0.00267147 0.00280407 0.00288338 0.00293067 0.00295423 0.00295758 0.00294174 0.0029057 0.00284596 0.00275439 0.00261062 0.00234972 0.00193582 0.00161257 0.00134597 0.00110654 0.000897459 0.00072096 0.000578102 0.000470734 0.000403939 0.000378666 0.000361999 0.000285096 0.000151637 5.22684e-05 1.26168e-05 2.31877e-06 3.33744e-07 3.53291e-08 2.00618e-09 0 
0 9.062e-05 0.000244024 0.000435341 0.000702546 0.00102704 0.00139104 0.00181477 0.00235844 0.00264467 0.00278391 0.00286596 0.00291451 0.00293852 0.00294174 0.00292522 0.00288786 0.00282586 0.00273023 0.00257793 0.00229404 0.00188342 0.00157779 0.00131725 0.00108298 0.000878511 0.000706049 0.000566686 0.000462423 0.000398422 0.000374868 0.000357357 0.00027848 0.000146287 4.99858e-05 1.20164e-05 2.20614e-06 3.17698e-07 3.36709e-08 1.91485e-09 0 
0 8.8405e-05 0.00023988 0.00042194 0.000677373 0.000988059 0.00133643 0.00171762 0.00222867 0.0025785 0.00273597 0.00282527 0.00287717 0.00290252 0.0029057 0.00288786 0.00284766 0.00278044 0.00267484 0.00249973 0.00216224 0.00178666 0.00150971 0.00126095 0.00103705 0.000841843 0.000677485 0.000545205 0.000447409 0.000389408 0.000369422 0.000349348 0.00026516 0.000135098 4.51642e-05 1.07383e-05 1.96411e-06 2.82852e-07 3.0031e-08 1.71215e-09 0 
0 8.50026e-05 0.000234359 0.000403111 0.000641359 0.000932087 0.00125812 0.00160338 0.0020159 0.00245107 0.00265138 0.00275592 0.00281457 0.00284267 0.00284596 0.00282586 0.00278044 0.00270313 0.00257665 0.00234671 0.00196549 0.00166577 0.001414 0.00118139 0.000972097 0.000789923 0.000637003 0.000514826 0.000426422 0.000377021 0.0003613 0.000336105 0.000244548 0.000119001 3.85377e-05 9.01951e-06 1.64106e-06 2.36364e-07 2.51622e-08 1.43994e-09 0 
0 8.03249e-05 0.00022806 0.000380689 0.000597261 0.00086321 0.00116167 0.0014759 0.00179829 0.00219848 0.00250524 0.00264433 0.00271696 0.00275062 0.00275439 0.00273023 0.00267484 0.00257665 0.00240156 0.0020757 0.00176967 0.00152634 0.00129689 0.00108366 0.000892023 0.000725579 0.000586508 0.000476724 0.000399982 0.000360655 0.000348063 0.000314624 0.000216219 9.94333e-05 3.10332e-05 7.13842e-06 1.29226e-06 1.86346e-07 1.99178e-08 1.14581e-09 0 
0 7.42721e-05 0.000221375 0.000356832 0.000548143 0.000785859 0.00105313 0.00133443 0.00161409 0.00189127 0.00221693 0.00245054 0.00255867 0.00260539 0.00261062 0.00257793 0.00249973 0.00234671 0.0020757 0.00180658 0.00158588 0.00137147 0.00116508 0.000973193 0.000800903 0.000651641 0.000527721 0.00043164 0.000367605 0.000337685 0.000324872 0.000281261 0.000180847 7.8425e-05 2.36297e-05 5.35579e-06 9.6697e-07 1.39897e-07 1.50419e-08 8.71337e-10 0 
0 6.67946e-05 0.000214193 0.000333904 0.000497236 0.000704498 0.000938529 0.00118504 0.00142963 0.00165877 0.00187018 0.00208669 0.00225701 0.00233961 0.00234972 0.00229404 0.00216224 0.00196549 0.00176967 0.00158588 0.00139725 0.00120797 0.00102526 0.000855266 0.000702617 0.000570611 0.000461799 0.000379163 0.000326342 0.000301773 0.00028451 0.00023381 0.00014129 5.84504e-05 1.71863e-05 3.86642e-06 6.99335e-07 1.01794e-07 1.10306e-08 6.44272e-10 0 
0 5.79774e-05 0.000205598 0.000314178 0.000447916 0.000623396 0.000823538 0.00103479 0.00124451 0.00144039 0.00161159 0.00175172 0.00186069 0.00192775 0.00193582 0.00188342 0.00178666 0.00166577 0.00152634 0.00137147 0.00120797 0.00104318 0.000883648 0.000734735 0.000600621 0.000484495 0.000389047 0.00031691 0.000269782 0.000244012 0.00022209 0.000175573 0.000102925 4.19039e-05 1.22765e-05 2.77157e-06 5.04669e-07 7.40327e-08 8.08602e-09 4.75886e-10 0 
0 4.81226e-05 0.000193777 0.00029917 0.000403776 0.000546559 0.00071316 0.00088997 0.00106576 0.00123003 0.00137326 0.00148762 0.00156752 0.00160964 0.00161257 0.00157779 0.00150971 0.001414 0.00129689 0.00116508 0.00102526 0.000883648 0.000745665 0.000615863 0.000498022 0.000395402 0.000310615 0.000244845 0.000197786 0.000167857 0.000147391 0.000118007 7.18366e-05 3.02902e-05 9.07942e-06 2.07638e-06 3.80833e-07 5.6122e-08 6.15008e-09 3.62902e-10 0 
0 3.77894e-05 0.00017642 0.000288395 0.000368543 0.000477938 0.000611708 0.000755735 0.000899531 0.0010341 0.00115149 0.00124513 0.00131025 0.00134408 0.00134597 0.00131725 0.00126095 0.00118139 0.00108366 0.000973193 0.000855266 0.000734735 0.000615863 0.000502488 0.000398853 0.000310707 0.000243452 0.000195107 0.000155295 0.000119006 9.25574e-05 7.49067e-05 5.08437e-05 2.35067e-05 7.36925e-06 1.70765e-06 3.12853e-07 4.58261e-08 4.98615e-09 2.9219e-10 0 
0 2.77468e-05 0.000151841 0.000277884 0.000345067 0.000421854 0.000523095 0.000636201 0.000750473 0.000857856 0.000951679 0.00102655 0.00107854 0.0011054 0.00110654 0.00108298 0.00103705 0.000972097 0.000892023 0.000800903 0.000702617 0.000600621 0.000498022 0.000398853 0.000312789 0.000260474 0.000257625 0.000278688 0.000264973 0.000194708 0.000111127 6.04176e-05 3.85913e-05 1.99032e-05 6.61407e-06 1.54289e-06 2.78692e-07 4.00492e-08 4.27745e-09 2.46524e-10 0 
0 1.88181e-05 0.000120545 0.000259791 0.000332457 0.000382871 0.000451624 0.000534935 0.00062203 0.000704919 0.000777703 0.00083588 0.000876246 0.000896944 0.000897459 0.000878511 0.000841843 0.000789923 0.000725579 0.000651641 0.000570611 0.000484495 0.000395402 0.000310707 0.000260474 0.000305836 0.000482147 0.000850503 0.00102687 0.000564655 0.000278802 0.000103428 3.81176e-05 1.78605e-05 6.20072e-06 1.44626e-06 2.55319e-07 3.57273e-08 3.72381e-09 2.10104e-10 0 
0 1.16514e-05 8.61449e-05 0.00022553 0.00032182 0.000362902 0.000402487 0.000456155 0.000517325 0.000577874 0.000631938 0.000675442 0.000705648 0.000720983 0.00072096 0.000706049 0.000677485 0.000637003 0.000586508 0.000527721 0.000461799 0.000389047 0.000310615 0.000243452 0.000257625 0.000482147 0.00121317 0.00180886 0.00185285 0.00165545 0.000659427 0.000217799 5.59187e-05 1.74125e-05 5.71852e-06 1.31081e-06 2.25172e-07 3.06762e-08 3.12416e-09 1.72844e-10 0 
0 6.52004e-06 5.42829e-05 0.000173161 0.000295383 0.000353843 0.000378605 0.000405428 0.000440865 0.000479823 0.00051653 0.00054682 0.000568019 0.000578627 0.000578102 0.000566686 0.000545205 0.000514826 0.000476724 0.00043164 0.000379163 0.00031691 0.000244845 0.000195107 0.000278688 0.000850503 0.00180886 0.00198066 0.00200045 0.00191124 0.00144867 0.000350009 8.08005e-05 1.80911e-05 5.00648e-06 1.09035e-06 1.81521e-07 2.41855e-08 2.42192e-09 1.3218e-10 0 
0 3.27354e-06 2.97504e-05 0.000112845 0.000237865 0.000331194 0.000369826 0.000384453 0.000398266 0.000416224 0.000435726 0.000453145 0.000465735 0.000471838 0.000470734 0.000462423 0.000447409 0.000426422 0.000399982 0.000367605 0.000326342 0.000269782 0.000197786 0.000155295 0.000264973 0.00102687 0.00185285 0.00200045 0.00202081 0.00194912 0.00165108 0.00040381 8.66528e-05 1.69612e-05 3.97165e-06 8.01549e-07 1.29222e-07 1.69735e-08 1.68677e-09 9.15827e-11 0 
0 1.46863e-06 1.41071e-05 6.09745e-05 0.000156781 0.000267466 0.000342519 0.000374751 0.00038508 0.000389888 0.000394897 0.000400201 0.000404307 0.000405823 0.000403939 0.000398422 0.000389408 0.000377021 0.000360655 0.000337685 0.000301773 0.000244012 0.000167857 0.000119006 0.000194708 0.000564655 0.00165545 0.00191124 0.00194912 0.00182669 0.0010699 0.000284837 6.4289e-05 1.25034e-05 2.67433e-06 5.03978e-07 7.94479e-08 1.04093e-08 1.0378e-09 5.65898e-11 0 
0 5.88122e-07 5.80087e-06 2.72478e-05 8.15552e-05 0.00016947 0.000262357 0.000329448 0.000364719 0.00037886 0.000383091 0.000383644 0.000382865 0.000381246 0.000378666 0.000374868 0.000369422 0.0003613 0.000348063 0.000324872 0.00028451 0.00022209 0.000147391 9.25574e-05 0.000111127 0.000278802 0.000659427 0.00144867 0.00165108 0.0010699 0.000427618 0.000141523 3.30906e-05 6.97758e-06 1.45328e-06 2.64593e-07 4.16655e-08 5.52613e-09 5.59061e-10 3.09086e-11 0 
0 2.10422e-07 2.08308e-06 1.02009e-05 3.35693e-05 8.08534e-05 0.000149457 0.000222814 0.000283292 0.000323886 0.000347148 0.000358746 0.000363433 0.000364081 0.000361999 0.000357357 0.000349348 0.000336105 0.000314624 0.000281261 0.00023381 0.000175573 0.000118007 7.49067e-05 6.04176e-05 0.000103428 0.000217799 0.000350009 0.00040381 0.000284837 0.000141523 4.81162e-05 1.25911e-05 2.98371e-06 6.27224e-07 1.15202e-07 1.85879e-08 2.53259e-09 2.62736e-10 1.4856e-11 0 
0 6.73656e-08 6.58604e-07 3.26091e-06 1.12372e-05 2.95312e-05 6.17586e-05 0.000106241 0.000155632 0.00020125 0.0002375 0.000262829 0.000278177 0.000285176 0.000285096 0.00027848 0.00026516 0.000244548 0.000216219 0.000180847 0.00014129 0.000102925 7.18366e-05 5.08437e-05 3.85913e-05 3.81176e-05 5.59187e-05 8.08005e-05 8.66528e-05 6.4289e-05 3.30906e-05 1.25911e-05 3.88556e-06 1.0001e-06 2.18664e-07 4.20338e-08 7.08777e-09 1.0034e-09 1.07657e-10 6.27103e-12 0 
0 1.93067e-08 1.84491e-07 9.05405e-07 3.15912e-06 8.63193e-06 1.92881e-05 3.62422e-05 5.86675e-05 8.37866e-05 0.00010802 0.000128307 0.000142756 0.000150562 0.000151637 0.000146287 0.000135098 0.000119001 9.94333e-05 7.8425e-05 5.84504e-05 4.19039e-05 3.02902e-05 2.35067e-05 1.99032e-05 1.78605e-05 1.74125e-05 1.80911e-05 1.69612e-05 1.25034e-05 6.97758e-06 2.98371e-06 1.0001e-06 2.73065e-07 6.38014e-08 1.30802e-08 2.32687e-09 3.44615e-10 3.84717e-11 2.32141e-12 0 
0 4.94127e-09 4.58786e-08 2.20607e-07 7.63875e-07 2.10465e-06 4.82459e-06 9.44771e-06 1.6122e-05 2.43965e-05 3.32683e-05 4.14757e-05 4.78524e-05 5.15763e-05 5.22684e-05 4.99858e-05 4.51642e-05 3.85377e-05 3.10332e-05 2.36297e-05 1.71863e-05 1.22765e-05 9.07942e-06 7.36925e-06 6.61407e-06 6.20072e-06 5.71852e-06 5.00648e-06 3.97165e-06 2.67433e-06 1.45328e-06 6.27224e-07 2.18664e-07 6.38014e-08 1.60557e-08 3.51482e-09 6.60741e-10 1.02703e-10 1.19742e-11 7.51282e-13 0 
0 1.12031e-09 1.00778e-08 4.71984e-08 1.60455e-07 4.38335e-07 1.00693e-06 1.99602e-06 3.47623e-06 5.39615e-06 7.55921e-06 9.66e-06 1.13648e-05 1.24e-05 1.26168e-05 1.20164e-05 1.07383e-05 9.01951e-06 7.13842e-06 5.35579e-06 3.86642e-06 2.77157e-06 2.07638e-06 1.70765e-06 1.54289e-06 1.44626e-06 1.31081e-06 1.09035e-06 8.01549e-07 5.03978e-07 2.64593e-07 1.15202e-07 4.20338e-08 1.30802e-08 3.51482e-09 8.16609e-10 1.61979e-10 2.64483e-11 3.2262e-12 2.10928e-13 0 
0 2.20846e-10 1.92309e-09 8.75038e-09 2.90587e-08 7.80573e-08 1.7756e-07 3.509e-07 6.12783e-07 9.57828e-07 1.3542e-06 1.74715e-06 2.07237e-06 2.27375e-06 2.31877e-06 2.20614e-06 1.96411e-06 1.64106e-06 1.29226e-06 9.6697e-07 6.99335e-07 5.04669e-07 3.80833e-07 3.12853e-07 2.78692e-07 2.55319e-07 2.25172e-07 1.81521e-07 1.29222e-07 7.94479e-08 4.16655e-08 1.85879e-08 7.08777e-09 2.32687e-09 6.60741e-10 1.61979e-10 3.38239e-11 5.79818e-12 7.4016e-13 5.04675e-14 0 
0 3.63167e-11 3.06256e-10 1.35328e-09 4.382e-09 1.15331e-08 2.58376e-08 5.05401e-08 8.77471e-08 1.36848e-07 1.9353e-07 2.50116e-07 2.97324e-07 3.2685e-07 3.33744e-07 3.17698e-07 2.82852e-07 2.36364e-07 1.86346e-07 1.39897e-07 1.01794e-07 7.40327e-08 5.6122e-08 4.58261e-08 4.00492e-08 3.57273e-08 3.06762e-08 2.41855e-08 1.69735e-08 1.04093e-08 5.52613e-09 2.53259e-09 1.0034e-09 3.44615e-10 1.02703e-10 2.64483e-11 5.79818e-12 1.04174e-12 1.39044e-13 9.88517e-15 0 
0 4.50285e-12 3.68179e-11 1.58114e-10 4.99208e-10 1.28606e-09 2.83173e-09 5.46608e-09 9.39981e-09 1.45663e-08 2.05206e-08 2.64687e-08 3.14441e-08 3.45734e-08 3.53291e-08 3.36709e-08 3.0031e-08 2.51622e-08 1.99178e-08 1.50419e-08 1.10306e-08 8.08602e-09 6.15008e-09 4.98615e-09 4.27745e-09 3.72381e-09 3.12416e-09 2.42192e-09 1.68677e-09 1.0378e-09 5.59061e-10 2.62736e-10 1.07657e-10 3.84717e-11 1.19742e-11 3.2262e-12 7.4016e-13 1.39044e-13 1.93723e-14 1.43462e-15 0 
0 3.01105e-13 2.39114e-12 9.99414e-12 3.07967e-11 7.76863e-11 1.68075e-10 3.19879e-10 5.44112e-10 8.36431e-10 1.1718e-09 1.50612e-09 1.7858e-09 1.96233e-09 2.00618e-09 1.91485e-09 1.71215e-09 1.43994e-09 1.14581e-09 8.71337e-10 6.44272e-10 4.75886e-10 3.62902e-10 2.9219e-10 2.46524e-10 2.10104e-10 1.72844e-10 1.3218e-10 9.15827e-11 5.65898e-11 3.09086e-11 1.4856e-11 6.27103e-12 2.32141e-12 7.51282e-13 2.10928e-13 5.04675e-14 9.88517e-15 1.43462e-15 1.10502e-16 0 
0 0 0 0 0 0 0 0 0 0 0 0 0 0 0 0 0 0 0 0 0 0 0 0 0 0 0 0 0 0 0 0 0 0 0 0 0 0 0 0 0 
