0 0 0 0 0 0 0 0 0 0 0 0 0 0 0 0 0 0 0 0 0 0 0 0 0 0 0 0 0 0 0 0 0 0 0 0 0 0 0 0 0 
0 1.14573e-07 9.79614e-07 3.977e-06 1.06228e-05 2.1024e-05 3.33754e-05 4.53068e-05 5.52812e-05 6.28458e-05 6.82015e-05 7.17613e-05 7.39108e-05 7.493e-05 7.49917e-05 7.41809e-05 7.25122e-05 6.99408e-05 6.63764e-05 6.17104e-05 5.58668e-05 4.88729e-05 4.0933e-05 3.24722e-05 2.41119e-05 1.65515e-05 1.03776e-05 5.88104e-06 2.98893e-06 1.35619e-06 5.4862e-07 1.98018e-07 6.38663e-08 1.84167e-08 4.7372e-09 1.0784e-09 2.13272e-10 3.51614e-11 4.36844e-12 2.92583e-13 0 
0 9.79614e-07 8.3282e-06 3.13079e-05 7.14708e-05 0.000114493 0.000145824 0.000163721 0.000173574 0.000180135 0.000185522 0.000190089 0.000193495 0.000195332 0.000195384 0.000193706 0.000190598 0.000186529 0.000182013 0.000177414 0.000172687 0.000167112 0.000159166 0.000146783 0.000128237 0.000103515 7.52922e-05 4.82958e-05 2.69223e-05 1.29632e-05 5.40105e-06 1.9606e-06 6.25257e-07 1.76338e-07 4.40814e-08 9.72207e-09 1.86092e-09 2.97049e-10 3.57746e-11 2.32654e-12 0 
0 3.977e-06 3.13079e-05 9.7127e-05 0.000168473 0.000208872 0.000227686 0.000244016 0.000264235 0.00028686 0.000308745 0.000327273 0.000340699 0.000348052 0.00034902 0.000343853 0.00033328 0.000318436 0.000300785 0.000282071 0.000264234 0.000249213 0.000238419 0.000231727 0.000226126 0.000215087 0.000190719 0.000149929 0.000100073 5.52864e-05 2.51763e-05 9.56723e-06 3.0929e-06 8.65839e-07 2.12221e-07 4.55982e-08 8.47968e-09 1.31432e-09 1.53807e-10 9.73329e-12 0 
0 1.06228e-05 7.14708e-05 0.000168473 0.00022698 0.000256565 0.000292189 0.000339012 0.000390624 0.000441025 0.000485964 0.000522407 0.000548269 0.000562368 0.000564394 0.000554857 0.000534976 0.000506533 0.000471707 0.000432917 0.000392725 0.000353822 0.000319124 0.000291778 0.000274449 0.000267032 0.000262873 0.000247056 0.000204665 0.000138926 7.42212e-05 3.12128e-05 1.06139e-05 3.0165e-06 7.3475e-07 1.55095e-07 2.81805e-08 4.25901e-09 4.85931e-10 3.00089e-11 0 
0 2.1024e-05 0.000114493 0.000208872 0.000256565 0.000310644 0.000384265 0.000467747 0.000552681 0.000632933 0.000703511 0.000760393 0.000800657 0.000822613 0.000825843 0.00081114 0.00078035 0.000736144 0.000681747 0.000620656 0.000556399 0.000492347 0.000431672 0.000377526 0.00033346 0.000303481 0.000289939 0.000287402 0.000276055 0.000230277 0.000150887 7.41228e-05 2.76745e-05 8.21069e-06 2.02117e-06 4.23485e-07 7.5698e-08 1.12113e-08 1.25208e-09 7.57094e-11 0 
0 3.33754e-05 0.000145824 0.000227686 0.000292189 0.000384265 0.000496021 0.0006161 0.00073618 0.000848938 0.00094783 0.00102744 0.00108387 0.00111487 0.00111951 0.00109873 0.0010555 0.00099364 0.000917467 0.000831739 0.000741232 0.000650414 0.00056324 0.000483118 0.000413158 0.000356869 0.000318782 0.000302259 0.000300675 0.0002868 0.000227817 0.000134523 5.72247e-05 1.82348e-05 4.6191e-06 9.71401e-07 1.72073e-07 2.51072e-08 2.75622e-09 1.63761e-10 0 
0 4.53068e-05 0.000163721 0.000244016 0.000339012 0.000467747 0.0006161 0.000773308 0.000929864 0.00107663 0.0012057 0.00131599 0.00141516 0.00148302 0.00149534 0.00144973 0.00136392 0.0012674 0.0011657 0.00105391 0.00093592 0.000817259 0.000702881 0.000596865 0.000502461 0.000422507 0.000360468 0.000321317 0.000307833 0.000306977 0.000279386 0.000196579 9.71059e-05 3.39907e-05 9.00662e-06 1.92121e-06 3.39618e-07 4.90708e-08 5.31701e-09 3.11501e-10 0 
0 5.52812e-05 0.000173574 0.000264235 0.000390624 0.000552681 0.00073618 0.000929864 0.0011225 0.00130428 0.0014928 0.00170654 0.00184758 0.00190768 0.00191694 0.00188191 0.00178783 0.0016161 0.00142569 0.00127499 0.0011291 0.000982888 0.000841718 0.000710432 0.000592709 0.000491271 0.000408617 0.000348551 0.000316457 0.000310799 0.000303354 0.000245246 0.000140214 5.4527e-05 1.52909e-05 3.33638e-06 5.92067e-07 8.50977e-08 9.13533e-09 5.29461e-10 0 
0 6.28458e-05 0.000180135 0.00028686 0.000441025 0.000632933 0.000848938 0.00107663 0.00130428 0.0015605 0.00185324 0.00199762 0.00206617 0.00209769 0.00210275 0.00208348 0.00203607 0.00194657 0.00176437 0.00150203 0.00131032 0.0011376 0.000971453 0.00081671 0.000677518 0.000556732 0.000456404 0.000379077 0.000329609 0.000311888 0.000310631 0.000275914 0.000178862 7.71616e-05 2.30134e-05 5.16282e-06 9.23652e-07 1.32537e-07 1.41416e-08 8.13179e-10 0 
0 6.82015e-05 0.000185522 0.000308745 0.000485964 0.000703511 0.00094783 0.0012057 0.0014928 0.00185324 0.00203491 0.00212331 0.00217184 0.00219541 0.00219922 0.00218453 0.00214962 0.00208845 0.00198393 0.00177692 0.00148304 0.00127294 0.00108458 0.000909421 0.000751618 0.000614215 0.000499095 0.000407991 0.000344567 0.000314331 0.000311037 0.000292049 0.000208634 9.86437e-05 3.12191e-05 7.20995e-06 1.30331e-06 1.87172e-07 1.99002e-08 1.13814e-09 0 
0 7.17613e-05 0.000190089 0.000327273 0.000522407 0.000760393 0.00102744 0.00131599 0.00170654 0.00199762 0.00212331 0.00219343 0.00223412 0.00225432 0.00225757 0.00224481 0.00221496 0.00216426 0.00208334 0.00194536 0.00166903 0.00138527 0.00117492 0.000983382 0.000810748 0.000660162 0.000533452 0.000431888 0.000358132 0.000317711 0.000309537 0.000299101 0.000228795 0.000116354 3.87458e-05 9.18817e-06 1.67846e-06 2.4158e-07 2.56411e-08 1.4615e-09 0 
0 7.39108e-05 0.000193495 0.000340699 0.000548269 0.000800657 0.00108387 0.00141516 0.00184758 0.00206617 0.00217184 0.00223412 0.00227111 0.00228964 0.00229256 0.00228068 0.0022532 0.00220722 0.00213592 0.00202166 0.00180433 0.00147704 0.00123815 0.00103481 0.000851813 0.000692042 0.000557307 0.000448622 0.00036799 0.000320535 0.000307762 0.000301236 0.000240628 0.000128793 4.45483e-05 1.07858e-05 1.9879e-06 2.86849e-07 3.04318e-08 1.73142e-09 0 
0 7.493e-05 0.000195332 0.000348052 0.000562368 0.000822613 0.00111487 0.00148302 0.00190768 0.00209769 0.00219541 0.00225432 0.00228964 0.00230735 0.00231006 0.0022985 0.00227196 0.00222791 0.00216047 0.00205512 0.00186517 0.0015352 0.00127164 0.00106153 0.000873024 0.000708389 0.000569419 0.000456996 0.000372775 0.00032154 0.000305891 0.000300823 0.000245797 0.000135418 4.7909e-05 1.17504e-05 2.17863e-06 3.15046e-07 3.34331e-08 1.90113e-09 0 
0 7.49917e-05 0.000195384 0.00034902 0.000564394 0.000825843 0.00111951 0.00149534 0.00191694 0.00210275 0.00219922 0.00225757 0.00229256 0.00231006 0.00231261 0.00230095 0.00227437 0.00223039 0.00216326 0.0020589 0.00187252 0.00154271 0.00127403 0.00106303 0.000873926 0.000708796 0.000569401 0.000456581 0.000371896 0.000320008 0.000303698 0.000298874 0.000245484 0.000136247 4.85083e-05 1.19464e-05 2.22016e-06 3.2147e-07 3.41406e-08 1.94229e-09 0 
0 7.41809e-05 0.000193706 0.000343853 0.000554857 0.00081114 0.00109873 0.00144973 0.00188191 0.00208348 0.00218453 0.00224481 0.00228068 0.0022985 0.00230095 0.00228879 0.00226127 0.00221566 0.00214567 0.0020354 0.00183218 0.00149815 0.00124636 0.00104034 0.000855315 0.000693831 0.000557624 0.000447566 0.000365348 0.000315732 0.00030092 0.000295462 0.000240129 0.000131561 4.64045e-05 1.13764e-05 2.11149e-06 3.05848e-07 3.25179e-08 1.85258e-09 0 
0 7.25122e-05 0.000190598 0.00033328 0.000534976 0.00078035 0.0010555 0.00136392 0.00178783 0.00203607 0.00214962 0.00221496 0.0022532 0.00227196 0.00227437 0.00226127 0.00223169 0.00218238 0.00210544 0.00197962 0.00173211 0.00141558 0.00119241 0.000995876 0.000819044 0.000664872 0.000535065 0.000430606 0.000353534 0.000308832 0.000297213 0.000289857 0.000229467 0.000121811 4.19812e-05 1.01694e-05 1.87934e-06 2.72147e-07 2.89808e-08 1.65503e-09 0 
0 6.99408e-05 0.000186529 0.000318436 0.000506533 0.000736144 0.00099364 0.0012674 0.0016161 0.00194657 0.00208845 0.00216426 0.00220722 0.00222791 0.00223039 0.00221566 0.00218238 0.00212598 0.00203468 0.00187218 0.00156844 0.00131631 0.00111676 0.000933038 0.000767743 0.000623866 0.000503093 0.000406623 0.000337048 0.000299449 0.000291771 0.000280405 0.000212771 0.000107695 3.58836e-05 8.54437e-06 1.56946e-06 2.27204e-07 2.42528e-08 1.38995e-09 0 
0 6.63764e-05 0.000182013 0.000300785 0.000471707 0.000681747 0.000917467 0.0011657 0.00142569 0.00176437 0.00198393 0.00208334 0.00213592 0.00216047 0.00216326 0.00214567 0.00210544 0.00203468 0.00191075 0.00166376 0.00140015 0.00120554 0.00102426 0.000855858 0.000704503 0.000573049 0.000463215 0.000376557 0.000316338 0.000287157 0.000282605 0.000264365 0.000189333 9.03422e-05 2.89363e-05 6.75994e-06 1.23419e-06 1.78778e-07 1.91542e-08 1.10325e-09 0 
0 6.17104e-05 0.000177414 0.000282071 0.000432917 0.000620656 0.000831739 0.00105391 0.00127499 0.00150203 0.00177692 0.00194536 0.00202166 0.00205512 0.0020589 0.0020354 0.00197962 0.00187218 0.00166376 0.00143042 0.00125262 0.00108317 0.000920156 0.000768609 0.000632538 0.000514654 0.000416793 0.000341008 0.000291062 0.000269872 0.000265578 0.000238192 0.000159323 7.14514e-05 2.20277e-05 5.06062e-06 9.20441e-07 1.33683e-07 1.44021e-08 8.3508e-10 0 
0 5.58668e-05 0.000172687 0.000264234 0.000392725 0.000556399 0.000741232 0.00093592 0.0011291 0.00131032 0.00148304 0.00166903 0.00180433 0.00186517 0.00187252 0.00183218 0.00173211 0.00156844 0.00140015 0.00125262 0.00110353 0.000954032 0.000809732 0.000675473 0.000554914 0.00045066 0.000364747 0.000299678 0.000258881 0.000242302 0.000234171 0.000199251 0.000124869 5.32103e-05 1.59575e-05 3.63159e-06 6.60983e-07 9.65251e-08 1.04764e-08 6.12354e-10 0 
0 4.88729e-05 0.000167112 0.000249213 0.000353822 0.000492347 0.000650414 0.000817259 0.000982888 0.0011376 0.00127294 0.00138527 0.00147704 0.0015352 0.00154271 0.00149815 0.00141558 0.00131631 0.00120554 0.00108317 0.000954032 0.000823885 0.000697888 0.00058028 0.000474359 0.000382653 0.000307331 0.000250657 0.000214444 0.000196555 0.000183308 0.000149652 9.06124e-05 3.78505e-05 1.12781e-05 2.57145e-06 4.70765e-07 6.92567e-08 7.57553e-09 4.46173e-10 0 
0 4.0933e-05 0.000159166 0.000238419 0.000319124 0.000431672 0.00056324 0.000702881 0.000841718 0.000971453 0.00108458 0.00117492 0.00123815 0.00127164 0.00127403 0.00124636 0.00119241 0.00111676 0.00102426 0.000920156 0.000809732 0.000697888 0.000588912 0.000486397 0.000393331 0.000312305 0.000245423 0.0001937 0.000157071 0.000134652 0.000120645 9.93719e-05 6.2275e-05 2.68736e-05 8.18014e-06 1.88793e-06 3.48086e-07 5.14508e-08 5.64844e-09 3.33697e-10 0 
0 3.24722e-05 0.000146783 0.000231727 0.000291778 0.000377526 0.000483118 0.000596865 0.000710432 0.00081671 0.000909421 0.000983382 0.00103481 0.00106153 0.00106303 0.00104034 0.000995876 0.000933038 0.000855858 0.000768609 0.000675473 0.00058028 0.000486397 0.000396858 0.000315019 0.000245422 0.000192322 0.000154155 0.000122763 9.4309e-05 7.41114e-05 6.14323e-05 4.29239e-05 2.03208e-05 6.4722e-06 1.51429e-06 2.79035e-07 4.10213e-08 4.47453e-09 2.62708e-10 0 
0 2.41119e-05 0.000128237 0.000226126 0.000274449 0.00033346 0.000413158 0.000502461 0.000592709 0.000677518 0.000751618 0.000810748 0.000851813 0.000873024 0.000873926 0.000855315 0.000819044 0.000767743 0.000704503 0.000632538 0.000554914 0.000474359 0.000393331 0.000315019 0.000247054 0.000205727 0.000203469 0.000220102 0.000209271 0.000153779 8.7811e-05 4.81273e-05 3.16117e-05 1.67694e-05 5.67454e-06 1.33784e-06 2.43185e-07 3.50892e-08 3.75871e-09 2.17139e-10 0 
0 1.65515e-05 0.000103515 0.000215087 0.000267032 0.000303481 0.000356869 0.000422507 0.000491271 0.000556732 0.000614215 0.000660162 0.000692042 0.000708389 0.000708796 0.000693831 0.000664872 0.000623866 0.000573049 0.000514654 0.00045066 0.000382653 0.000312305 0.000245422 0.000205727 0.000241544 0.000380795 0.000687945 0.000830025 0.000451607 0.000220192 8.17057e-05 3.04298e-05 1.47235e-05 5.23062e-06 1.23481e-06 2.19425e-07 3.08281e-08 3.22236e-09 1.82235e-10 0 
0 1.03776e-05 7.52922e-05 0.000190719 0.000262873 0.000289939 0.000318782 0.000360468 0.000408617 0.000456404 0.000499095 0.000533452 0.000557307 0.000569419 0.000569401 0.000557624 0.000535065 0.000503093 0.000463215 0.000416793 0.000364747 0.000307331 0.000245423 0.000192322 0.000203469 0.000380795 0.000977995 0.00141585 0.00144905 0.00131174 0.00052637 0.000172014 4.42262e-05 1.40919e-05 4.76571e-06 1.10854e-06 1.91749e-07 2.6221e-08 2.67713e-09 1.48411e-10 0 
0 5.88104e-06 4.82958e-05 0.000149929 0.000247056 0.000287402 0.000302259 0.000321317 0.000348551 0.000379077 0.000407991 0.000431888 0.000448622 0.000456996 0.000456581 0.000447566 0.000430606 0.000406623 0.000376557 0.000341008 0.000299678 0.000250657 0.0001937 0.000154155 0.000220102 0.000687945 0.00141585 0.00154527 0.00156038 0.00149487 0.00115994 0.000276995 6.38282e-05 1.4478e-05 4.13518e-06 9.16645e-07 1.5376e-07 2.05594e-08 2.06318e-09 1.12787e-10 0 
0 2.98893e-06 2.69223e-05 0.000100073 0.000204665 0.000276055 0.000300675 0.000307833 0.000316457 0.000329609 0.000344567 0.000358132 0.00036799 0.000372775 0.000371896 0.000365348 0.000353534 0.000337048 0.000316338 0.000291062 0.000258881 0.000214444 0.000157071 0.000122763 0.000209271 0.000830025 0.00144905 0.00156038 0.00157589 0.00152254 0.00130777 0.000325118 6.84441e-05 1.35242e-05 3.26387e-06 6.71508e-07 1.09132e-07 1.43827e-08 1.43187e-09 7.78463e-11 0 
0 1.35619e-06 1.29632e-05 5.52864e-05 0.000138926 0.000230277 0.0002868 0.000306977 0.000310799 0.000311888 0.000314331 0.000317711 0.000320535 0.00032154 0.000320008 0.000315732 0.000308832 0.000299449 0.000287157 0.000269872 0.000242302 0.000196555 0.000134652 9.4309e-05 0.000153779 0.000451607 0.00131174 0.00149487 0.00152254 0.0014289 0.000862386 0.000224959 5.07871e-05 9.98426e-06 2.19663e-06 4.21669e-07 6.6993e-08 8.80423e-09 8.79086e-10 4.79867e-11 0 
0 5.4862e-07 5.40105e-06 2.51763e-05 7.42212e-05 0.000150887 0.000227817 0.000279386 0.000303354 0.000310631 0.000311037 0.000309537 0.000307762 0.000305891 0.000303698 0.00030092 0.000297213 0.000291771 0.000282605 0.000265578 0.000234171 0.000183308 0.000120645 7.41114e-05 8.7811e-05 0.000220192 0.00052637 0.00115994 0.00130777 0.000862386 0.000337725 0.000111773 2.61718e-05 5.60691e-06 1.19783e-06 2.21519e-07 3.51155e-08 4.66918e-09 4.72936e-10 2.61694e-11 0 
0 1.98018e-07 1.9606e-06 9.56723e-06 3.12128e-05 7.41228e-05 0.000134523 0.000196579 0.000245246 0.000275914 0.000292049 0.000299101 0.000301236 0.000300823 0.000298874 0.000295462 0.000289857 0.000280405 0.000264365 0.000238192 0.000199251 0.000149652 9.93719e-05 6.14323e-05 4.81273e-05 8.17057e-05 0.000172014 0.000276995 0.000325118 0.000224959 0.000111773 3.80199e-05 1.00199e-05 2.42406e-06 5.20037e-07 9.66292e-08 1.56675e-08 2.13867e-09 2.22075e-10 1.25655e-11 0 
0 6.38663e-08 6.25257e-07 3.0929e-06 1.06139e-05 2.76745e-05 5.72247e-05 9.71059e-05 0.000140214 0.000178862 0.000208634 0.000228795 0.000240628 0.000245797 0.000245484 0.000240129 0.000229467 0.000212771 0.000189333 0.000159323 0.000124869 9.06124e-05 6.2275e-05 4.29239e-05 3.16117e-05 3.04298e-05 4.42262e-05 6.38282e-05 6.84441e-05 5.07871e-05 2.61718e-05 1.00199e-05 3.13979e-06 8.23169e-07 1.8247e-07 3.53345e-08 5.97624e-09 8.47083e-10 9.09476e-11 5.30059e-12 0 
0 1.84167e-08 1.76338e-07 8.65839e-07 3.0165e-06 8.21069e-06 1.82348e-05 3.39907e-05 5.4527e-05 7.71616e-05 9.86437e-05 0.000116354 0.000128793 0.000135418 0.000136247 0.000131561 0.000121811 0.000107695 9.03422e-05 7.14514e-05 5.32103e-05 3.78505e-05 2.68736e-05 2.03208e-05 1.67694e-05 1.47235e-05 1.40919e-05 1.4478e-05 1.35242e-05 9.98426e-06 5.60691e-06 2.42406e-06 8.23169e-07 2.27341e-07 5.35223e-08 1.10148e-08 1.96261e-09 2.90886e-10 3.24898e-11 1.9613e-12 0 
0 4.7372e-09 4.40814e-08 2.12221e-07 7.3475e-07 2.02117e-06 4.6191e-06 9.00662e-06 1.52909e-05 2.30134e-05 3.12191e-05 3.87458e-05 4.45483e-05 4.7909e-05 4.85083e-05 4.64045e-05 4.19812e-05 3.58836e-05 2.89363e-05 2.20277e-05 1.59575e-05 1.12781e-05 8.18014e-06 6.4722e-06 5.67454e-06 5.23062e-06 4.76571e-06 4.13518e-06 3.26387e-06 2.19663e-06 1.19783e-06 5.20037e-07 1.8247e-07 5.35223e-08 1.35132e-08 2.96302e-09 5.57436e-10 8.66849e-11 1.01103e-11 6.34554e-13 0 
0 1.0784e-09 9.72207e-09 4.55982e-08 1.55095e-07 4.23485e-07 9.71401e-07 1.92121e-06 3.33638e-06 5.16282e-06 7.20995e-06 9.18817e-06 1.07858e-05 1.17504e-05 1.19464e-05 1.13764e-05 1.01694e-05 8.54437e-06 6.75994e-06 5.06062e-06 3.63159e-06 2.57145e-06 1.88793e-06 1.51429e-06 1.33784e-06 1.23481e-06 1.10854e-06 9.16645e-07 6.71508e-07 4.21669e-07 2.21519e-07 9.66292e-08 3.53345e-08 1.10148e-08 2.96302e-09 6.8881e-10 1.36677e-10 2.23232e-11 2.72373e-12 1.78123e-13 0 
0 2.13272e-10 1.86092e-09 8.47968e-09 2.81805e-08 7.5698e-08 1.72073e-07 3.39618e-07 5.92067e-07 9.23652e-07 1.30331e-06 1.67846e-06 1.9879e-06 2.17863e-06 2.22016e-06 2.11149e-06 1.87934e-06 1.56946e-06 1.23419e-06 9.20441e-07 6.60983e-07 4.70765e-07 3.48086e-07 2.79035e-07 2.43185e-07 2.19425e-07 1.91749e-07 1.5376e-07 1.09132e-07 6.6993e-08 3.51155e-08 1.56675e-08 5.97624e-09 1.96261e-09 5.57436e-10 1.36677e-10 2.8545e-11 4.89408e-12 6.24861e-13 4.26143e-14 0 
0 3.51614e-11 2.97049e-10 1.31432e-09 4.25901e-09 1.12113e-08 2.51072e-08 4.90708e-08 8.50977e-08 1.32537e-07 1.87172e-07 2.4158e-07 2.86849e-07 3.15046e-07 3.2147e-07 3.05848e-07 2.72147e-07 2.27204e-07 1.78778e-07 1.33683e-07 9.65251e-08 6.92567e-08 5.14508e-08 4.10213e-08 3.50892e-08 3.08281e-08 2.6221e-08 2.05594e-08 1.43827e-08 8.80423e-09 4.66918e-09 2.13867e-09 8.47083e-10 2.90886e-10 8.66849e-11 2.23232e-11 4.89408e-12 8.79379e-13 1.17386e-13 8.34663e-15 0 
0 4.36844e-12 3.57746e-11 1.53807e-10 4.85931e-10 1.25208e-09 2.75622e-09 5.31701e-09 9.13533e-09 1.41416e-08 1.99002e-08 2.56411e-08 3.04318e-08 3.34331e-08 3.41406e-08 3.25179e-08 2.89808e-08 2.42528e-08 1.91542e-08 1.44021e-08 1.04764e-08 7.57553e-09 5.64844e-09 4.47453e-09 3.75871e-09 3.22236e-09 2.67713e-09 2.06318e-09 1.43187e-09 8.79086e-10 4.72936e-10 2.22075e-10 9.09476e-11 3.24898e-11 1.01103e-11 2.72373e-12 6.24861e-13 1.17386e-13 1.63559e-14 1.21135e-15 0 
0 2.92583e-13 2.32654e-12 9.73329e-12 3.00089e-11 7.57094e-11 1.63761e-10 3.11501e-10 5.29461e-10 8.13179e-10 1.13814e-09 1.4615e-09 1.73142e-09 1.90113e-09 1.94229e-09 1.85258e-09 1.65503e-09 1.38995e-09 1.10325e-09 8.3508e-10 6.12354e-10 4.46173e-10 3.33697e-10 2.62708e-10 2.17139e-10 1.82235e-10 1.48411e-10 1.12787e-10 7.78463e-11 4.79867e-11 2.61694e-11 1.25655e-11 5.30059e-12 1.9613e-12 6.34554e-13 1.78123e-13 4.26143e-14 8.34663e-15 1.21135e-15 9.33082e-17 0 
0 0 0 0 0 0 0 0 0 0 0 0 0 0 0 0 0 0 0 0 0 0 0 0 0 0 0 0 0 0 0 0 0 0 0 0 0 0 0 0 0 
