0 0 0 0 0 0 0 0 0 0 0 0 0 0 0 0 0 0 0 0 0 0 0 0 0 0 0 0 0 0 0 0 0 0 0 0 0 0 0 0 0 
0 1.58758e-07 1.37378e-06 5.71099e-06 1.57943e-05 3.25887e-05 5.40053e-05 7.6286e-05 9.63118e-05 0.000112566 0.000124799 0.000133374 0.000138794 0.000141496 0.000141786 0.000139851 0.00013577 0.000129545 0.000121134 0.000110513 9.77747e-05 8.32442e-05 6.75727e-05 5.17467e-05 3.69582e-05 2.43334e-05 1.46102e-05 7.92856e-06 3.86505e-06 1.68742e-06 6.5954e-07 2.31075e-07 7.26778e-08 2.05252e-08 5.19034e-09 1.16539e-09 2.2795e-10 3.72533e-11 4.59634e-12 3.06165e-13 0 
0 1.37378e-06 1.19134e-05 4.66595e-05 0.000113114 0.000194036 0.000263529 0.0003117 0.000343198 0.000365247 0.000382114 0.000395167 0.000404326 0.000409166 0.000409474 0.00040544 0.000397645 0.000386912 0.000374048 0.000359486 0.000342863 0.000322699 0.000296489 0.000261593 0.000217026 0.00016538 0.000113162 6.82623e-05 3.58946e-05 1.64002e-05 6.53374e-06 2.28624e-06 7.08079e-07 1.95173e-07 4.79312e-08 1.04276e-08 1.97517e-09 3.12775e-10 3.74393e-11 2.42345e-12 0 
0 5.71099e-06 4.66595e-05 0.000155518 0.000295914 0.000399233 0.000460923 0.000509075 0.000558371 0.000609115 0.000656728 0.000696586 0.000725341 0.000741064 0.000743136 0.000732101 0.000709497 0.000677683 0.00063966 0.000598866 0.000558888 0.000522861 0.000492296 0.000465261 0.000434768 0.000389698 0.000321179 0.000232701 0.000142991 7.31958e-05 3.12511e-05 1.12879e-05 3.5129e-06 9.56479e-07 2.29783e-07 4.86633e-08 8.95572e-09 1.37766e-09 1.60337e-10 1.01057e-11 0 
0 1.57943e-05 0.000113114 0.000295914 0.000441921 0.000531017 0.000618252 0.000721142 0.000831754 0.000939232 0.00103497 0.00111259 0.00116767 0.0011977 0.00120201 0.0011817 0.00113936 0.00107878 0.0010046 0.000921964 0.000836263 0.000753042 0.000677932 0.000616159 0.000570487 0.000536689 0.00049869 0.000431953 0.000324429 0.000198948 9.69848e-05 3.79105e-05 1.22228e-05 3.34857e-06 7.95736e-07 1.6521e-07 2.96856e-08 4.45266e-09 5.05397e-10 3.10985e-11 0 
0 3.25887e-05 0.000194036 0.000399233 0.000531017 0.000658873 0.000818074 0.000996153 0.00117706 0.00134798 0.0014983 0.00161944 0.00170519 0.00175195 0.00175883 0.00172752 0.00166194 0.0015678 0.00145194 0.00132184 0.00118498 0.00104856 0.00091927 0.000803573 0.000708021 0.000638225 0.000593358 0.000555765 0.000488231 0.00036407 0.000212461 9.44282e-05 3.27196e-05 9.23099e-06 2.20035e-06 4.51791e-07 7.9734e-08 1.17135e-08 1.30135e-09 7.84178e-11 0 
0 5.40053e-05 0.000263529 0.000460923 0.000618252 0.000818074 0.00105638 0.00131213 0.00156787 0.00180802 0.00201863 0.00218814 0.00230811 0.0023736 0.0023833 0.00233952 0.00224784 0.00211618 0.00195397 0.00177139 0.00157863 0.00138521 0.00119955 0.00102889 0.000879705 0.000758632 0.000672192 0.000620102 0.000579369 0.000499138 0.000349566 0.000182414 7.02823e-05 2.09241e-05 5.07967e-06 1.0413e-06 1.81659e-07 2.62633e-08 2.86698e-09 1.69741e-10 0 
0 7.6286e-05 0.0003117 0.000509075 0.000721142 0.000996153 0.00131213 0.00164694 0.00198037 0.00229292 0.00256704 0.00278992 0.00295635 0.00305703 0.00307367 0.00300473 0.00287145 0.00269443 0.00248232 0.00224453 0.00199327 0.00174055 0.00149695 0.00127117 0.0010701 0.000899634 0.000766142 0.000676018 0.000625122 0.000576296 0.000465177 0.000285466 0.000124914 4.00622e-05 1.00472e-05 2.07508e-06 3.6007e-07 5.14706e-08 5.54201e-09 3.23446e-10 0 
0 9.63118e-05 0.000343198 0.000558371 0.000831754 0.00117706 0.00156787 0.00198037 0.00239061 0.0027756 0.00312432 0.00346256 0.00375178 0.00391237 0.00393822 0.00383713 0.00361144 0.00331 0.00301218 0.00271431 0.00240466 0.0020933 0.00179264 0.00151304 0.00126232 0.00104625 0.000869909 0.000739575 0.000659855 0.000614036 0.000540144 0.000380165 0.000189454 6.62596e-05 1.73524e-05 3.63816e-06 6.31315e-07 8.96043e-08 9.55024e-09 5.51159e-10 0 
0 0.000112566 0.000365247 0.000609115 0.000939232 0.00134798 0.00180802 0.00229292 0.0027756 0.00324454 0.00376113 0.00418872 0.0044057 0.00450061 0.004515 0.00445649 0.00430973 0.00402207 0.00357834 0.00316151 0.00278933 0.00242276 0.00206894 0.00173938 0.00144294 0.00118569 0.000971944 0.0008064 0.000695388 0.000635398 0.000581207 0.000452178 0.000253216 9.67294e-05 2.65977e-05 5.68934e-06 9.91304e-07 1.40188e-07 1.48362e-08 8.49062e-10 0 
0 0.000124799 0.000382114 0.000656728 0.00103497 0.0014983 0.00201863 0.00256704 0.00312432 0.00376113 0.00430978 0.00457747 0.00471762 0.00478384 0.0047939 0.00475176 0.00465131 0.00447099 0.00414703 0.00361583 0.00313113 0.00271029 0.00230986 0.00193683 0.00160075 0.00130812 0.00106292 0.000868562 0.000730532 0.000651445 0.000602005 0.000499853 0.000307462 0.00012726 3.67217e-05 8.02857e-06 1.40805e-06 1.98912e-07 2.0956e-08 1.19219e-09 0 
0 0.000133374 0.000395167 0.000696586 0.00111259 0.00161944 0.00218814 0.00278992 0.00346256 0.00418872 0.00457747 0.00477904 0.00489217 0.00494722 0.00495546 0.00491972 0.0048364 0.00469302 0.00445666 0.00403331 0.00343633 0.00294188 0.00250213 0.00209435 0.00172668 0.00140597 0.00113611 0.000919652 0.000760862 0.000664515 0.000612229 0.000528164 0.000347939 0.000153743 4.62776e-05 1.03277e-05 1.82448e-06 2.57883e-07 2.70998e-08 1.53577e-09 0 
0 0.000138794 0.000404326 0.000725341 0.00116767 0.00170519 0.00230811 0.00295635 0.00375178 0.0044057 0.00471762 0.00489217 0.00499325 0.00504302 0.00505029 0.0050174 0.0049417 0.00481396 0.0046113 0.00427149 0.0036886 0.00310955 0.00263618 0.00220387 0.00181414 0.00147387 0.00118692 0.00095536 0.000782494 0.000673586 0.000616587 0.000542875 0.00037405 0.000173209 5.38394e-05 1.2215e-05 2.17195e-06 3.07407e-07 3.2269e-08 1.82478e-09 0 
0 0.000141496 0.000409166 0.000741064 0.0011977 0.00175195 0.0023736 0.00305703 0.00391237 0.00450061 0.00478384 0.00494722 0.00504302 0.00509034 0.00509699 0.00506513 0.00499248 0.00487102 0.00468152 0.00437399 0.00383036 0.00320411 0.00270641 0.00226077 0.00185931 0.00150868 0.00121271 0.000973221 0.00079295 0.000677142 0.000616795 0.000548105 0.000386894 0.000184068 5.83421e-05 1.33771e-05 2.38956e-06 3.387e-07 3.55522e-08 2.00897e-09 0 
0 0.000141786 0.000409474 0.000743136 0.00120201 0.00175883 0.0023833 0.00307367 0.00393822 0.004515 0.0047939 0.00495546 0.00505029 0.00509699 0.00510324 0.00507115 0.00499847 0.00487738 0.00468913 0.00438543 0.00384797 0.00321332 0.00271117 0.00226395 0.00186124 0.00150955 0.00121267 0.000972341 0.000791132 0.000674208 0.000613248 0.000546032 0.000387771 0.00018586 5.92604e-05 1.36383e-05 2.44137e-06 3.4646e-07 3.63932e-08 2.0575e-09 0 
0 0.000139851 0.00040544 0.000732101 0.0011817 0.00172752 0.00233952 0.00300473 0.00383713 0.00445649 0.00475176 0.00491972 0.0050174 0.00506513 0.00507115 0.00503765 0.00496218 0.00483612 0.00463862 0.00431434 0.00374617 0.00313764 0.00265318 0.00221565 0.0018216 0.00147768 0.00118759 0.000953131 0.00077707 0.000664512 0.000605793 0.000537191 0.000377498 0.00017893 5.66408e-05 1.29961e-05 2.32545e-06 3.30295e-07 3.47446e-08 1.96751e-09 0 
0 0.00013577 0.000397645 0.000709497 0.00113936 0.00166194 0.00224784 0.00287145 0.00361144 0.00430973 0.00465131 0.0048364 0.0049417 0.00499248 0.00499847 0.00496218 0.00488048 0.00474273 0.00452201 0.00414241 0.00353416 0.00299383 0.00253916 0.00212096 0.00174435 0.001416 0.00113955 0.000916976 0.000751582 0.000648225 0.000593769 0.000520702 0.000356349 0.000164258 5.10374e-05 1.16091e-05 2.07228e-06 2.94565e-07 3.10551e-08 1.76358e-09 0 
0 0.000129545 0.000386912 0.000677683 0.00107878 0.0015678 0.00211618 0.00269443 0.00331 0.00402207 0.00447099 0.00469302 0.00481396 0.00487102 0.00487738 0.00483612 0.00474273 0.00458172 0.00431136 0.00382593 0.0032588 0.0027999 0.00237835 0.00198713 0.00163509 0.00132867 0.00107145 0.000865817 0.000715802 0.000625357 0.000575476 0.000494348 0.000324445 0.000143455 4.33891e-05 9.74835e-06 1.73439e-06 2.46844e-07 2.61112e-08 1.4891e-09 0 
0 0.000121134 0.000374048 0.00063966 0.0010046 0.00145194 0.00195397 0.00248232 0.00301218 0.00357834 0.00414703 0.00445666 0.0046113 0.00468152 0.00468913 0.00463862 0.00452201 0.00431136 0.00392904 0.00340982 0.00297044 0.00256714 0.0021814 0.00182275 0.00150041 0.00122044 0.000986505 0.000801591 0.000670435 0.000594656 0.000547231 0.000454868 0.000282537 0.000118806 3.48504e-05 7.72835e-06 1.37144e-06 1.95695e-07 2.08031e-08 1.1934e-09 0 
0 0.000110513 0.000359486 0.000598866 0.000921964 0.00132184 0.00177139 0.00224453 0.00271431 0.00316151 0.00361583 0.00403331 0.00427149 0.00437399 0.00438543 0.00431434 0.00414241 0.00382593 0.00340982 0.00302999 0.00266707 0.00230685 0.00195969 0.00163694 0.00134714 0.00109608 0.00088759 0.00072545 0.000614454 0.000551823 0.00050253 0.000399143 0.000233061 9.3192e-05 2.65875e-05 5.83767e-06 1.03605e-06 1.48568e-07 1.5904e-08 9.19423e-10 0 
0 9.77747e-05 0.000342863 0.000558888 0.000836263 0.00118498 0.00157863 0.00199327 0.00240466 0.00278933 0.00313113 0.00343633 0.0036886 0.00383036 0.00384797 0.00374617 0.00353416 0.0032588 0.00297044 0.00266707 0.0023502 0.00203184 0.00172452 0.00143858 0.00118182 0.000959773 0.000776608 0.000636577 0.000543003 0.000487718 0.000433146 0.000327128 0.000180981 6.97306e-05 1.95674e-05 4.28541e-06 7.64105e-07 1.10422e-07 1.1925e-08 6.95578e-10 0 
0 8.32442e-05 0.000322699 0.000522861 0.000753042 0.00104856 0.00138521 0.00174055 0.0020933 0.00242276 0.00271029 0.00294188 0.00310955 0.00320411 0.00321332 0.00313764 0.00299383 0.0027999 0.00256714 0.00230685 0.00203184 0.00175466 0.00148632 0.00123585 0.00101026 0.000814888 0.000654018 0.000531132 0.000446785 0.000391509 0.00033618 0.000245975 0.000133411 5.10946e-05 1.43864e-05 3.17485e-06 5.71128e-07 8.32665e-08 9.06757e-09 5.32956e-10 0 
0 6.75727e-05 0.000296489 0.000492296 0.000677932 0.00091927 0.00119955 0.00149695 0.00179264 0.00206894 0.00230986 0.00250213 0.00263618 0.00270641 0.00271117 0.00265318 0.00253916 0.00237835 0.0021814 0.00195969 0.00172452 0.00148632 0.00125423 0.0010359 0.000837666 0.000664945 0.000521912 0.000410156 0.000328334 0.000272137 0.000227879 0.00017058 9.69052e-05 3.86803e-05 1.11848e-05 2.50464e-06 4.54035e-07 6.64742e-08 7.25703e-09 4.27203e-10 0 
0 5.17467e-05 0.000261593 0.000465261 0.000616159 0.000803573 0.00102889 0.00127117 0.00151304 0.00173938 0.00193683 0.00209435 0.00220387 0.00226077 0.00226395 0.00221565 0.00212096 0.00198713 0.00182275 0.00163694 0.00143858 0.00123585 0.0010359 0.000845183 0.000670814 0.000522447 0.000409239 0.000327847 0.000260628 0.000198576 0.000150798 0.00011542 7.3152e-05 3.19711e-05 9.65629e-06 2.18841e-06 3.95747e-07 5.75073e-08 6.22368e-09 3.63246e-10 0 
0 3.69582e-05 0.000217026 0.000434768 0.000570487 0.000708021 0.000879705 0.0010701 0.00126232 0.00144294 0.00160075 0.00172668 0.00181414 0.00185931 0.00186124 0.0018216 0.00174435 0.00163509 0.00150041 0.00134714 0.00118182 0.00101026 0.000837666 0.000670814 0.00052602 0.000438075 0.000433323 0.000468758 0.000445689 0.000327489 0.000186694 9.96387e-05 5.96379e-05 2.87546e-05 9.15038e-06 2.08207e-06 3.70718e-07 5.27976e-08 5.60353e-09 3.21338e-10 0 
0 2.43334e-05 0.00016538 0.000389698 0.000536689 0.000638225 0.000758632 0.000899634 0.00104625 0.00118569 0.00130812 0.00140597 0.00147387 0.00150868 0.00150955 0.00147768 0.001416 0.00132867 0.00122044 0.00109608 0.000959773 0.000814888 0.000664945 0.000522447 0.000438075 0.000514424 0.000810978 0.00134313 0.00161947 0.000930426 0.000468951 0.000173869 6.25535e-05 2.71749e-05 8.9206e-06 2.02088e-06 3.51347e-07 4.87257e-08 5.04728e-09 2.83375e-10 0 
0 1.46102e-05 0.000113162 0.000321179 0.00049869 0.000593358 0.000672192 0.000766142 0.000869909 0.000971944 0.00106292 0.00113611 0.00118692 0.00121271 0.00121267 0.00118759 0.00113955 0.00107145 0.000986505 0.00088759 0.000776608 0.000654018 0.000521912 0.000409239 0.000433323 0.000810978 0.00192767 0.003109 0.00319861 0.00273065 0.00109062 0.000366343 9.37493e-05 2.76823e-05 8.46825e-06 1.87192e-06 3.1623e-07 4.27117e-08 4.32597e-09 2.38307e-10 0 
0 7.92856e-06 6.82623e-05 0.000232701 0.000431953 0.000555765 0.000620102 0.000676018 0.000739575 0.0008064 0.000868562 0.000919652 0.00095536 0.000973221 0.000972341 0.000953131 0.000916976 0.000865817 0.000801591 0.00072545 0.000636577 0.000531132 0.000410156 0.000327847 0.000468758 0.00134313 0.003109 0.00344127 0.00347993 0.00330058 0.00234177 0.000587459 0.000135841 2.95243e-05 7.57751e-06 1.57902e-06 2.57976e-07 3.40847e-08 3.39693e-09 1.84732e-10 0 
0 3.86505e-06 3.58946e-05 0.000142991 0.000324429 0.000488231 0.000579369 0.000625122 0.000659855 0.000695388 0.000730532 0.000760862 0.000782494 0.00079295 0.000791132 0.00077707 0.000751582 0.000715802 0.000670435 0.000614454 0.000543003 0.000446785 0.000328334 0.000260628 0.000445689 0.00161947 0.00319861 0.00347993 0.00351796 0.00337659 0.00272926 0.000657621 0.000145715 2.79153e-05 6.08643e-06 1.17058e-06 1.84911e-07 2.40905e-08 2.38417e-09 1.2907e-10 0 
0 1.68742e-06 1.64002e-05 7.31958e-05 0.000198948 0.00036407 0.000499138 0.000576296 0.000614036 0.000635398 0.000651445 0.000664515 0.000673586 0.000677142 0.000674208 0.000664512 0.000648225 0.000625357 0.000594656 0.000551823 0.000487718 0.000391509 0.000272137 0.000198576 0.000327489 0.000930426 0.00273065 0.00330058 0.00337659 0.00315245 0.00170688 0.000479104 0.000108072 2.05111e-05 4.10349e-06 7.38266e-07 1.14081e-07 1.48344e-08 1.47382e-09 8.01747e-11 0 
0 6.5954e-07 6.53374e-06 3.12511e-05 9.69848e-05 0.000212461 0.000349566 0.000465177 0.000540144 0.000581207 0.000602005 0.000612229 0.000616587 0.000616795 0.000613248 0.000605793 0.000593769 0.000575476 0.000547231 0.00050253 0.000433146 0.00033618 0.000227879 0.000150798 0.000186694 0.000468951 0.00109062 0.00234177 0.00272926 0.00170688 0.000719265 0.000238041 5.54773e-05 1.12822e-05 2.21096e-06 3.86904e-07 5.98903e-08 7.8933e-09 7.96282e-10 4.39392e-11 0 
0 2.31075e-07 2.28624e-06 1.12879e-05 3.79105e-05 9.44282e-05 0.000182414 0.000285466 0.000380165 0.000452178 0.000499853 0.000528164 0.000542875 0.000548105 0.000546032 0.000537191 0.000520702 0.000494348 0.000454868 0.000399143 0.000327128 0.000245975 0.00017058 0.00011542 9.96387e-05 0.000173869 0.000366343 0.000587459 0.000657621 0.000479104 0.000238041 8.08413e-05 2.08178e-05 4.70145e-06 9.40171e-07 1.67617e-07 2.67058e-08 3.62178e-09 3.74916e-10 2.11665e-11 0 
0 7.26778e-08 7.08079e-07 3.5129e-06 1.22228e-05 3.27196e-05 7.02823e-05 0.000124914 0.000189454 0.000253216 0.000307462 0.000347939 0.00037405 0.000386894 0.000387771 0.000377498 0.000356349 0.000324445 0.000282537 0.000233061 0.000180981 0.000133411 9.69052e-05 7.3152e-05 5.96379e-05 6.25535e-05 9.37493e-05 0.000135841 0.000145715 0.000108072 5.54773e-05 2.08178e-05 6.2013e-06 1.52666e-06 3.22386e-07 6.08036e-08 1.01728e-08 1.43579e-09 1.53804e-10 8.94813e-12 0 
0 2.05252e-08 1.95173e-07 9.56479e-07 3.34857e-06 9.23099e-06 2.09241e-05 4.00622e-05 6.62596e-05 9.67294e-05 0.00012726 0.000153743 0.000173209 0.000184068 0.00018586 0.00017893 0.000164258 0.000143455 0.000118806 9.3192e-05 6.97306e-05 5.10946e-05 3.86803e-05 3.19711e-05 2.87546e-05 2.71749e-05 2.76823e-05 2.95243e-05 2.79153e-05 2.05111e-05 1.12822e-05 4.70145e-06 1.52666e-06 4.04983e-07 9.27821e-08 1.88332e-08 3.3366e-09 4.93265e-10 5.50035e-11 3.31572e-12 0 
0 5.19034e-09 4.79312e-08 2.29783e-07 7.95736e-07 2.20035e-06 5.07967e-06 1.00472e-05 1.73524e-05 2.65977e-05 3.67217e-05 4.62776e-05 5.38394e-05 5.83421e-05 5.92604e-05 5.66408e-05 5.10374e-05 4.33891e-05 3.48504e-05 2.65875e-05 1.95674e-05 1.43864e-05 1.11848e-05 9.65629e-06 9.15038e-06 8.9206e-06 8.46825e-06 7.57751e-06 6.08643e-06 4.10349e-06 2.21096e-06 9.40171e-07 3.22386e-07 9.27821e-08 2.31493e-08 5.04647e-09 9.46876e-10 1.47022e-10 1.71273e-11 1.07378e-12 0 
0 1.16539e-09 1.04276e-08 4.86633e-08 1.6521e-07 4.51791e-07 1.0413e-06 2.07508e-06 3.63816e-06 5.68934e-06 8.02857e-06 1.03277e-05 1.2215e-05 1.33771e-05 1.36383e-05 1.29961e-05 1.16091e-05 9.74835e-06 7.72835e-06 5.83767e-06 4.28541e-06 3.17485e-06 2.50464e-06 2.18841e-06 2.08207e-06 2.02088e-06 1.87192e-06 1.57902e-06 1.17058e-06 7.38266e-07 3.86904e-07 1.67617e-07 6.08036e-08 1.88332e-08 5.04647e-09 1.17073e-09 2.32025e-10 3.78615e-11 4.61566e-12 3.01593e-13 0 
0 2.2795e-10 1.97517e-09 8.95572e-09 2.96856e-08 7.9734e-08 1.81659e-07 3.6007e-07 6.31315e-07 9.91304e-07 1.40805e-06 1.82448e-06 2.17195e-06 2.38956e-06 2.44137e-06 2.32545e-06 2.07228e-06 1.73439e-06 1.37144e-06 1.03605e-06 7.64105e-07 5.71128e-07 4.54035e-07 3.95747e-07 3.70718e-07 3.51347e-07 3.1623e-07 2.57976e-07 1.84911e-07 1.14081e-07 5.98903e-08 2.67058e-08 1.01728e-08 3.3366e-09 9.46876e-10 2.32025e-10 4.84331e-11 8.2994e-12 1.05901e-12 7.21765e-14 0 
0 3.72533e-11 3.12775e-10 1.37766e-09 4.45266e-09 1.17135e-08 2.62633e-08 5.14706e-08 8.96043e-08 1.40188e-07 1.98912e-07 2.57883e-07 3.07407e-07 3.387e-07 3.4646e-07 3.30295e-07 2.94565e-07 2.46844e-07 1.95695e-07 1.48568e-07 1.10422e-07 8.32665e-08 6.64742e-08 5.75073e-08 5.27976e-08 4.87257e-08 4.27117e-08 3.40847e-08 2.40905e-08 1.48344e-08 7.8933e-09 3.62178e-09 1.43579e-09 4.93265e-10 1.47022e-10 3.78615e-11 8.2994e-12 1.49084e-12 1.98934e-13 1.41386e-14 0 
0 4.59634e-12 3.74393e-11 1.60337e-10 5.05397e-10 1.30135e-09 2.86698e-09 5.54201e-09 9.55024e-09 1.48362e-08 2.0956e-08 2.70998e-08 3.2269e-08 3.55522e-08 3.63932e-08 3.47446e-08 3.10551e-08 2.61112e-08 2.08031e-08 1.5904e-08 1.1925e-08 9.06757e-09 7.25703e-09 6.22368e-09 5.60353e-09 5.04728e-09 4.32597e-09 3.39693e-09 2.38417e-09 1.47382e-09 7.96282e-10 3.74916e-10 1.53804e-10 5.50035e-11 1.71273e-11 4.61566e-12 1.05901e-12 1.98934e-13 2.7713e-14 2.05188e-15 0 
0 3.06165e-13 2.42345e-12 1.01057e-11 3.10985e-11 7.84178e-11 1.69741e-10 3.23446e-10 5.51159e-10 8.49062e-10 1.19219e-09 1.53577e-09 1.82478e-09 2.00897e-09 2.0575e-09 1.96751e-09 1.76358e-09 1.4891e-09 1.1934e-09 9.19423e-10 6.95578e-10 5.32956e-10 4.27203e-10 3.63246e-10 3.21338e-10 2.83375e-10 2.38307e-10 1.84732e-10 1.2907e-10 8.01747e-11 4.39392e-11 2.11665e-11 8.94813e-12 3.31572e-12 1.07378e-12 3.01593e-13 7.21765e-14 1.41386e-14 2.05188e-15 1.5803e-16 0 
0 0 0 0 0 0 0 0 0 0 0 0 0 0 0 0 0 0 0 0 0 0 0 0 0 0 0 0 0 0 0 0 0 0 0 0 0 0 0 0 0 
