0 0 0 0 0 0 0 0 0 0 0 0 0 0 0 0 0 0 0 0 0 0 0 0 0 0 0 0 0 0 0 0 0 0 0 0 0 0 0 0 0 
0 1.74734e-07 1.57397e-06 7.08114e-06 2.20414e-05 5.26371e-05 0.000101969 0.000167182 0.00024053 0.000312976 0.000377137 0.000428282 0.000464002 0.000483483 0.000486892 0.00047501 0.000449086 0.000410829 0.000362507 0.000307054 0.0002481 0.000189787 0.000136285 9.10618e-05 5.61375e-05 3.16986e-05 1.63063e-05 7.61773e-06 3.22862e-06 1.24223e-06 4.34534e-07 1.38399e-07 4.01615e-08 1.06055e-08 2.53728e-09 5.4444e-10 1.02639e-10 1.62817e-11 1.96119e-12 1.28133e-13 0 
0 1.57397e-06 1.4593e-05 6.55852e-05 0.000195526 0.000428344 0.000738259 0.00106574 0.00136118 0.00160338 0.00179046 0.00192685 0.00201697 0.00206392 0.00207017 0.00203817 0.00197051 0.00186962 0.00173728 0.00157444 0.00138201 0.00116298 0.000925611 0.000685754 0.000465186 0.000284731 0.000155608 7.55532e-05 3.26015e-05 1.2554e-05 4.3392e-06 1.35376e-06 3.82727e-07 9.81698e-08 2.27833e-08 4.7416e-09 8.67509e-10 1.33697e-10 1.56675e-11 9.97395e-13 0 
0 7.08114e-06 6.55852e-05 0.000278825 0.000735995 0.00136328 0.0019819 0.0024987 0.00292097 0.00327539 0.00357197 0.00380686 0.00397205 0.00406144 0.0040734 0.00401132 0.00388308 0.00369985 0.0034743 0.00321807 0.00293851 0.00263526 0.00229915 0.00191773 0.00149081 0.00104821 0.000648454 0.000346642 0.000159339 6.33846e-05 2.20932e-05 6.83637e-06 1.89725e-06 4.74946e-07 1.07268e-07 2.17038e-08 3.86104e-09 5.79082e-10 6.61234e-11 4.10771e-12 0 
0 2.20414e-05 0.000195526 0.000735995 0.00161464 0.0025019 0.00325033 0.00392081 0.00455991 0.00515881 0.00568711 0.00611429 0.0064172 0.00658228 0.00660601 0.00649435 0.00626156 0.00592838 0.00552001 0.00506377 0.00458656 0.00411113 0.00365009 0.00319698 0.00272078 0.00218051 0.00157295 0.000975442 0.000504844 0.000217072 7.87352e-05 2.46466e-05 6.79578e-06 1.67284e-06 3.69533e-07 7.29564e-08 1.26564e-08 1.8518e-09 2.06483e-10 1.25418e-11 0 
0 5.26371e-05 0.000428344 0.00136328 0.0025019 0.0035116 0.00447701 0.00547212 0.00646868 0.00740831 0.00823446 0.00890025 0.00937154 0.00962853 0.00966633 0.00949424 0.00913385 0.00861643 0.0079797 0.00726462 0.00651228 0.00576144 0.00504578 0.00438898 0.00379295 0.00322001 0.00259385 0.00186755 0.0011264 0.000547426 0.00021455 6.97071e-05 1.94013e-05 4.74214e-06 1.03114e-06 1.99556e-07 3.388e-08 4.85037e-09 5.29501e-10 3.15201e-11 0 
0 0.000101969 0.000738259 0.0019819 0.00325033 0.00447701 0.00580424 0.00721124 0.00861685 0.00993666 0.0110942 0.0120257 0.0126847 0.013044 0.0130972 0.0128571 0.0123537 0.0116303 0.0107388 0.00973535 0.00867598 0.00761294 0.00659229 0.00565221 0.00481954 0.00409703 0.00343544 0.00272451 0.00189182 0.00106211 0.0004647 0.000161011 4.60552e-05 1.13028e-05 2.43663e-06 4.64598e-07 7.7501e-08 1.08922e-08 1.16749e-09 6.82851e-11 0 
0 0.000167182 0.00106574 0.0024987 0.00392081 0.00547212 0.00721124 0.00905142 0.0108839 0.0126016 0.0141067 0.0153173 0.0161733 0.0166398 0.0167085 0.0163963 0.0157419 0.0148014 0.0136419 0.0123357 0.0109548 0.00956586 0.00822708 0.00698602 0.00587927 0.00492968 0.00412958 0.00340111 0.00259531 0.00166322 0.000824692 0.000311415 9.31208e-05 2.32038e-05 4.99538e-06 9.43258e-07 1.55225e-07 2.14891e-08 2.26824e-09 1.30697e-10 0 
0 0.00024053 0.00136118 0.00292097 0.00455991 0.00646868 0.00861685 0.0108839 0.0131385 0.0152504 0.0171001 0.0185873 0.0196391 0.0202126 0.0202963 0.0199107 0.0191048 0.0179478 0.0165219 0.0149152 0.0132157 0.0115045 0.00985215 0.00831546 0.00693733 0.00574736 0.00475754 0.00393373 0.00314464 0.00222264 0.00124066 0.00051586 0.000163308 4.17096e-05 9.02551e-06 1.69578e-06 2.7635e-07 3.78088e-08 3.94158e-09 2.24337e-10 0 
0 0.000312976 0.00160338 0.00327539 0.00515881 0.00740831 0.00993666 0.0126016 0.0152504 0.0177307 0.0199026 0.0216512 0.0228926 0.0235725 0.023671 0.0232109 0.0222545 0.0208893 0.0192122 0.0173243 0.015327 0.0133151 0.0113707 0.00955943 0.00793019 0.00651589 0.00533478 0.00437744 0.00355467 0.00267003 0.00164155 0.000749436 0.000252576 6.65315e-05 1.45422e-05 2.72944e-06 4.41965e-07 5.994e-08 6.18879e-09 3.4882e-10 0 
0 0.000377137 0.00179046 0.00357197 0.00568711 0.00823446 0.0110942 0.0141067 0.0171001 0.0199026 0.0223596 0.0243451 0.0257586 0.0265303 0.0266403 0.0261158 0.0250232 0.0234657 0.0215616 0.0194256 0.0171681 0.0148938 0.0126947 0.0106446 0.00879754 0.00718914 0.0058394 0.00474912 0.00386162 0.00299737 0.00197659 0.000978052 0.000350157 9.5311e-05 2.11018e-05 3.96767e-06 6.40143e-07 8.62903e-08 8.84656e-09 4.94975e-10 0 
0 0.000428282 0.00192685 0.00380686 0.00611429 0.00890025 0.0120257 0.0153173 0.0185873 0.0216512 0.0243451 0.0265192 0.0280379 0.0288407 0.0289499 0.0284031 0.0272385 0.0255396 0.0234472 0.0211061 0.0186383 0.0161538 0.0137511 0.0115103 0.00948965 0.00772703 0.006243 0.00504181 0.00408579 0.00322177 0.00222528 0.00117188 0.000441854 0.00012398 2.78151e-05 5.24763e-06 8.45352e-07 1.13519e-07 1.15825e-08 6.44764e-10 0 
0 0.000464002 0.00201697 0.00397205 0.0064172 0.00937154 0.0126847 0.0161733 0.0196391 0.0228926 0.0257586 0.0280379 0.0295685 0.0303456 0.0304447 0.0299104 0.0287487 0.0269926 0.0247757 0.0222838 0.0196647 0.017032 0.0144866 0.0121122 0.00997031 0.00810021 0.00652269 0.00524292 0.00423294 0.00336059 0.00238692 0.00131213 0.000514346 0.000147876 3.35598e-05 6.35558e-06 1.02375e-06 1.37213e-07 1.39621e-08 7.74894e-10 0 
0 0.000483483 0.00206392 0.00406144 0.00658228 0.00962853 0.013044 0.0166398 0.0202126 0.0235725 0.0265303 0.0288407 0.0303456 0.0310927 0.0311824 0.0306605 0.0295196 0.0277584 0.0254854 0.0229092 0.0202056 0.0174925 0.0148705 0.0124249 0.0102186 0.00829155 0.00666461 0.005343 0.00430309 0.0034251 0.00246818 0.00139054 0.000558244 0.000163065 3.731e-05 7.08959e-06 1.143e-06 1.53149e-07 1.55708e-08 8.63283e-10 0 
0 0.000486892 0.00207017 0.0040734 0.00660601 0.00966633 0.0130972 0.0167085 0.0202963 0.023671 0.0266403 0.0289499 0.0304447 0.0311824 0.0312666 0.0307433 0.0296035 0.0278409 0.0255583 0.022968 0.0202515 0.0175275 0.0148961 0.0124424 0.0102291 0.00829631 0.00666443 0.00533859 0.00429625 0.00342175 0.00247617 0.00140606 0.000569256 0.000167349 3.84451e-05 7.32327e-06 1.18256e-06 1.58638e-07 1.61448e-08 8.95943e-10 0 
0 0.00047501 0.00203817 0.00401132 0.00649435 0.00949424 0.0128571 0.0163963 0.0199107 0.0232109 0.0261158 0.0284031 0.0299104 0.0306605 0.0307433 0.0302046 0.0290433 0.0272747 0.0250218 0.0224847 0.0198247 0.0171562 0.014579 0.0121769 0.0100113 0.00812115 0.00652653 0.00523229 0.00421443 0.00335409 0.00241609 0.00136196 0.000548085 0.000160693 3.69193e-05 7.04424e-06 1.14024e-06 1.53382e-07 1.56557e-08 8.71444e-10 0 
0 0.000449086 0.00197051 0.00388308 0.00626156 0.00913385 0.0123537 0.0157419 0.0191048 0.0222545 0.0250232 0.0272385 0.0287487 0.0295196 0.0296035 0.0290433 0.0278597 0.0261121 0.023943 0.0215197 0.0189755 0.0164207 0.0139541 0.0116565 0.00958675 0.00778218 0.00626228 0.00503141 0.00406125 0.00322354 0.00229138 0.00126489 0.000499793 0.000145089 3.32453e-05 6.35328e-06 1.03222e-06 1.39512e-07 1.43151e-08 8.01234e-10 0 
0 0.000410829 0.00186962 0.00369985 0.00592838 0.00861643 0.0116303 0.0148014 0.0179478 0.0208893 0.0234657 0.0255396 0.0269926 0.0277584 0.0278409 0.0272747 0.0261121 0.0244494 0.0224205 0.0201568 0.0177745 0.0153809 0.013071 0.010921 0.00898629 0.00730218 0.00588756 0.00474555 0.00383987 0.00302899 0.00210525 0.00112529 0.000432964 0.000123981 2.83218e-05 5.42898e-06 8.87468e-07 1.20863e-07 1.25049e-08 7.05973e-10 0 
0 0.000362507 0.00173728 0.0034743 0.00552001 0.0079797 0.0107388 0.0136419 0.0165219 0.0192122 0.0215616 0.0234472 0.0247757 0.0254854 0.0255583 0.0250218 0.023943 0.0224205 0.0205663 0.0184917 0.016305 0.014108 0.0119887 0.0100177 0.00824607 0.00670729 0.00541951 0.00438316 0.00354987 0.00276689 0.00186414 0.000958619 0.000358544 0.000101454 2.31832e-05 4.47543e-06 7.39145e-07 1.01846e-07 1.06668e-08 6.09639e-10 0 
0 0.000307054 0.00157444 0.00321807 0.00506377 0.00726462 0.00973535 0.0123357 0.0149152 0.0173243 0.0194256 0.0211061 0.0222838 0.0229092 0.022968 0.0224847 0.0215197 0.0201568 0.0184917 0.016625 0.0146563 0.0126781 0.0107703 0.00899643 0.00740372 0.00602349 0.00487291 0.00394725 0.00318464 0.0024344 0.00158284 0.000785729 0.000288221 8.13871e-05 1.87661e-05 3.6747e-06 6.16787e-07 8.6398e-08 9.19514e-09 5.33582e-10 0 
0 0.0002481 0.00138201 0.00293851 0.00458656 0.00651228 0.00867598 0.0109548 0.0132157 0.015327 0.0171681 0.0186383 0.0196647 0.0202056 0.0202515 0.0198247 0.0189755 0.0177745 0.016305 0.0146563 0.0129164 0.0111668 0.00947776 0.00790627 0.00649505 0.00527342 0.00425631 0.0034321 0.00273385 0.00203847 0.00128912 0.000630756 0.000232483 6.6827e-05 1.57628e-05 3.15797e-06 5.41353e-07 7.72691e-08 8.35962e-09 4.92005e-10 0 
0 0.000189787 0.00116298 0.00263526 0.00411113 0.00576144 0.00761294 0.00956586 0.0115045 0.0133151 0.0148938 0.0161538 0.017032 0.0174925 0.0175275 0.0171562 0.0164207 0.0153809 0.014108 0.0126781 0.0111668 0.00964342 0.00816865 0.00679202 0.00555176 0.00447445 0.00357168 0.0028303 0.00220149 0.00161025 0.0010214 0.00051527 0.000198682 5.96675e-05 1.45752e-05 2.99616e-06 5.23167e-07 7.56557e-08 8.26011e-09 4.8914e-10 0 
0 0.000136285 0.000925611 0.00229915 0.00365009 0.00504578 0.00659229 0.00822708 0.00985215 0.0113707 0.0126947 0.0137511 0.0144866 0.0148705 0.0148961 0.014579 0.0139541 0.013071 0.0119887 0.0107703 0.00947776 0.00816865 0.00689307 0.00569289 0.00460181 0.00364574 0.00284067 0.00218645 0.00166023 0.00121807 0.000813194 0.000448315 0.000188987 6.04717e-05 1.53032e-05 3.19607e-06 5.60682e-07 8.09726e-08 8.8005e-09 5.17856e-10 0 
0 9.10618e-05 0.000685754 0.00191773 0.00319698 0.00438898 0.00565221 0.00698602 0.00831546 0.00955943 0.0106446 0.0115103 0.0121122 0.0124249 0.0124424 0.0121769 0.0116565 0.010921 0.0100177 0.00899643 0.00790627 0.00679202 0.00569289 0.00464359 0.00368196 0.00286196 0.00223717 0.00178803 0.00141114 0.00104284 0.00070852 0.000423894 0.000198622 6.8105e-05 1.76693e-05 3.68463e-06 6.38085e-07 9.06194e-08 9.6788e-09 5.59993e-10 0 
0 5.61375e-05 0.000465186 0.00149081 0.00272078 0.00379295 0.00481954 0.00587927 0.00693733 0.00793019 0.00879754 0.00948965 0.00997031 0.0102186 0.0102291 0.0100113 0.00958675 0.00898629 0.00824607 0.00740372 0.00649505 0.00555176 0.00460181 0.00368196 0.00288515 0.00240488 0.00238091 0.0025761 0.00244933 0.00179917 0.00101858 0.000499386 0.000225639 8.00993e-05 2.0934e-05 4.2871e-06 7.23218e-07 1.00024e-07 1.04246e-08 5.89966e-10 0 
0 3.16986e-05 0.000284731 0.00104821 0.00218051 0.00322001 0.00409703 0.00492968 0.00574736 0.00651589 0.00718914 0.00772703 0.00810021 0.00829155 0.00829631 0.00812115 0.00778218 0.00730218 0.00670729 0.00602349 0.00527342 0.00447445 0.00364574 0.00286196 0.00240488 0.0028271 0.00445704 0.00643125 0.00686435 0.00506334 0.00257727 0.000952256 0.000308477 9.62815e-05 2.41103e-05 4.74631e-06 7.72484e-07 1.0367e-07 1.05316e-08 5.83027e-10 0 
0 1.63063e-05 0.000155608 0.000648454 0.00157295 0.00259385 0.00343544 0.00412958 0.00475754 0.00533478 0.0058394 0.006243 0.00652269 0.00666461 0.00666443 0.00652653 0.00626228 0.00588756 0.00541951 0.00487291 0.00425631 0.00357168 0.00284067 0.00223717 0.00238091 0.00445704 0.00925084 0.0156281 0.0178801 0.0120955 0.00594731 0.00201331 0.000507086 0.000120017 2.63164e-05 4.81196e-06 7.47929e-07 9.74285e-08 9.68102e-09 5.26316e-10 0 
0 7.61773e-06 7.55532e-05 0.000346642 0.000975442 0.00186755 0.00272451 0.00340111 0.00393373 0.00437744 0.00474912 0.00504181 0.00524292 0.005343 0.00533859 0.00523229 0.00503141 0.00474555 0.00438316 0.00394725 0.0034321 0.0028303 0.00218645 0.00178803 0.0025761 0.00643125 0.0156281 0.0231064 0.023966 0.0206861 0.00990536 0.0032271 0.000744528 0.000143292 2.63341e-05 4.33873e-06 6.38854e-07 8.10675e-08 7.93219e-09 4.26328e-10 0 
0 3.22862e-06 3.26015e-05 0.000159339 0.000504844 0.0011264 0.00189182 0.00259531 0.00314464 0.00355467 0.00386162 0.00408579 0.00423294 0.00430309 0.00429625 0.00421443 0.00406125 0.00383987 0.00354987 0.00318464 0.00273385 0.00220149 0.00166023 0.00141114 0.00244933 0.00686435 0.0178801 0.023966 0.0246675 0.0223652 0.0114756 0.00355416 0.000799687 0.000140446 2.25559e-05 3.3611e-06 4.71149e-07 5.87604e-08 5.71516e-09 3.06247e-10 0 
0 1.24223e-06 1.2554e-05 6.33846e-05 0.000217072 0.000547426 0.00106211 0.00166322 0.00222264 0.00267003 0.00299737 0.00322177 0.00336059 0.0034251 0.00342175 0.00335409 0.00322354 0.00302899 0.00276689 0.0024344 0.00203847 0.00161025 0.00121807 0.00104284 0.00179917 0.00506334 0.0120955 0.0206861 0.0223652 0.0169173 0.00800129 0.00263309 0.000592156 0.000102049 1.53466e-05 2.15436e-06 2.94807e-07 3.67195e-08 3.59134e-09 1.93671e-10 0 
0 4.34534e-07 4.3392e-06 2.20932e-05 7.87352e-05 0.00021455 0.0004647 0.000824692 0.00124066 0.00164155 0.00197659 0.00222528 0.00238692 0.00246818 0.00247617 0.00241609 0.00229138 0.00210525 0.00186414 0.00158284 0.00128912 0.0010214 0.000813194 0.00070852 0.00101858 0.00257727 0.00594731 0.00990536 0.0114756 0.00800129 0.003953 0.0013081 0.000300543 5.31233e-05 7.94553e-06 1.1154e-06 1.55038e-07 1.96893e-08 1.96049e-09 1.07402e-10 0 
0 1.38399e-07 1.35376e-06 6.83637e-06 2.46466e-05 6.97071e-05 0.000161011 0.000311415 0.00051586 0.000749436 0.000978052 0.00117188 0.00131213 0.00139054 0.00140606 0.00136196 0.00126489 0.00112529 0.000958619 0.000785729 0.000630756 0.00051527 0.000448315 0.000423894 0.000499386 0.000952256 0.00201331 0.0032271 0.00355416 0.00263309 0.0013081 0.000441915 0.00010692 1.99256e-05 3.12892e-06 4.67613e-07 6.86852e-08 9.06466e-09 9.29111e-10 5.215e-11 0 
0 4.01615e-08 3.82727e-07 1.89725e-06 6.79578e-06 1.94013e-05 4.60552e-05 9.31208e-05 0.000163308 0.000252576 0.000350157 0.000441854 0.000514346 0.000558244 0.000569256 0.000548085 0.000499793 0.000432964 0.000358544 0.000288221 0.000232483 0.000198682 0.000188987 0.000198622 0.000225639 0.000308477 0.000507086 0.000744528 0.000799687 0.000592156 0.000300543 0.00010692 2.77503e-05 5.59108e-06 9.75608e-07 1.6305e-07 2.59273e-08 3.59778e-09 3.8274e-10 2.21652e-11 0 
0 1.06055e-08 9.81698e-08 4.74946e-07 1.67284e-06 4.74214e-06 1.13028e-05 2.32038e-05 4.17096e-05 6.65315e-05 9.5311e-05 0.00012398 0.000147876 0.000163065 0.000167349 0.000160693 0.000145089 0.000123981 0.000101454 8.13871e-05 6.6827e-05 5.96675e-05 6.04717e-05 6.8105e-05 8.00993e-05 9.62815e-05 0.000120017 0.000143292 0.000140446 0.000102049 5.31233e-05 1.99256e-05 5.59108e-06 1.26934e-06 2.57357e-07 4.88958e-08 8.44208e-09 1.2365e-09 1.37236e-10 8.24313e-12 0 
0 2.53728e-09 2.27833e-08 1.07268e-07 3.69533e-07 1.03114e-06 2.43663e-06 4.99538e-06 9.02551e-06 1.45422e-05 2.11018e-05 2.78151e-05 3.35598e-05 3.731e-05 3.84451e-05 3.69193e-05 3.32453e-05 2.83218e-05 2.31832e-05 1.87661e-05 1.57628e-05 1.45752e-05 1.53032e-05 1.76693e-05 2.0934e-05 2.41103e-05 2.63164e-05 2.63341e-05 2.25559e-05 1.53466e-05 7.94553e-06 3.12892e-06 9.75608e-07 2.57357e-07 6.0612e-08 1.28523e-08 2.38535e-09 3.68593e-10 4.28019e-11 2.67589e-12 0 
0 5.4444e-10 4.7416e-09 2.17038e-08 7.29564e-08 1.99556e-07 4.64598e-07 9.43258e-07 1.69578e-06 2.72944e-06 3.96767e-06 5.24763e-06 6.35558e-06 7.08959e-06 7.32327e-06 7.04424e-06 6.35328e-06 5.42898e-06 4.47543e-06 3.6747e-06 3.15797e-06 2.99616e-06 3.19607e-06 3.68463e-06 4.2871e-06 4.74631e-06 4.81196e-06 4.33873e-06 3.3611e-06 2.15436e-06 1.1154e-06 4.67613e-07 1.6305e-07 4.88958e-08 1.28523e-08 2.95473e-09 5.83142e-10 9.49089e-11 1.15446e-11 7.5271e-13 0 
0 1.02639e-10 8.67509e-10 3.86104e-09 1.26564e-08 3.388e-08 7.7501e-08 1.55225e-07 2.7635e-07 4.41965e-07 6.40143e-07 8.45352e-07 1.02375e-06 1.143e-06 1.18256e-06 1.14024e-06 1.03222e-06 8.87468e-07 7.39145e-07 6.16787e-07 5.41353e-07 5.23167e-07 5.60682e-07 6.38085e-07 7.23218e-07 7.72484e-07 7.47929e-07 6.38854e-07 4.71149e-07 2.94807e-07 1.55038e-07 6.86852e-08 2.59273e-08 8.44208e-09 2.38535e-09 5.83142e-10 1.21534e-10 2.07958e-11 2.64956e-12 1.80287e-13 0 
0 1.62817e-11 1.33697e-10 5.79082e-10 1.8518e-09 4.85037e-09 1.08922e-08 2.14891e-08 3.78088e-08 5.994e-08 8.62903e-08 1.13519e-07 1.37213e-07 1.53149e-07 1.58638e-07 1.53382e-07 1.39512e-07 1.20863e-07 1.01846e-07 8.6398e-08 7.72691e-08 7.56557e-08 8.09726e-08 9.06194e-08 1.00024e-07 1.0367e-07 9.74285e-08 8.10675e-08 5.87604e-08 3.67195e-08 1.96893e-08 9.06466e-09 3.59778e-09 1.2365e-09 3.68593e-10 9.49089e-11 2.07958e-11 3.73296e-12 4.97645e-13 3.5328e-14 0 
0 1.96119e-12 1.56675e-11 6.61234e-11 2.06483e-10 5.29501e-10 1.16749e-09 2.26824e-09 3.94158e-09 6.18879e-09 8.84656e-09 1.15825e-08 1.39621e-08 1.55708e-08 1.61448e-08 1.56557e-08 1.43151e-08 1.25049e-08 1.06668e-08 9.19514e-09 8.35962e-09 8.26011e-09 8.8005e-09 9.6788e-09 1.04246e-08 1.05316e-08 9.68102e-09 7.93219e-09 5.71516e-09 3.59134e-09 1.96049e-09 9.29111e-10 3.8274e-10 1.37236e-10 4.28019e-11 1.15446e-11 2.64956e-12 4.97645e-13 6.92929e-14 5.12675e-15 0 
0 1.28133e-13 9.97395e-13 4.10771e-12 1.25418e-11 3.15201e-11 6.82851e-11 1.30697e-10 2.24337e-10 3.4882e-10 4.94975e-10 6.44764e-10 7.74894e-10 8.63283e-10 8.95943e-10 8.71444e-10 8.01234e-10 7.05973e-10 6.09639e-10 5.33582e-10 4.92005e-10 4.8914e-10 5.17856e-10 5.59993e-10 5.89966e-10 5.83027e-10 5.26316e-10 4.26328e-10 3.06247e-10 1.93671e-10 1.07402e-10 5.215e-11 2.21652e-11 8.24313e-12 2.67589e-12 7.5271e-13 1.80287e-13 3.5328e-14 5.12675e-15 3.9471e-16 0 
0 0 0 0 0 0 0 0 0 0 0 0 0 0 0 0 0 0 0 0 0 0 0 0 0 0 0 0 0 0 0 0 0 0 0 0 0 0 0 0 0 
