0 0 0 0 0 0 0 0 0 0 0 0 0 0 0 0 0 0 0 0 0 0 0 0 0 0 0 0 0 0 0 0 0 0 0 0 0 0 0 0 0 
0 1.95486e-07 1.71785e-06 7.36001e-06 2.12811e-05 4.6341e-05 8.12384e-05 0.000120945 0.000159772 0.000193733 0.000220964 0.000241054 0.000254284 0.000261145 0.000262109 0.000257563 0.000247806 0.000233096 0.000213725 0.000190148 0.000163139 0.000133932 0.000104253 7.61612e-05 5.16617e-05 3.22032e-05 1.82811e-05 9.387e-06 4.34228e-06 1.80713e-06 6.77053e-07 2.2872e-07 6.97586e-08 1.92037e-08 4.75535e-09 1.04967e-09 2.02508e-10 3.27324e-11 4.00313e-12 2.64782e-13 0 
0 1.71785e-06 1.52879e-05 6.31194e-05 0.00016536 0.000310058 0.000457937 0.000579742 0.000670511 0.000737318 0.000787299 0.000824158 0.000849021 0.000861993 0.000863201 0.000853258 0.000833284 0.000804644 0.000768472 0.000725078 0.000673443 0.000611192 0.00053556 0.000445642 0.000345165 0.00024367 0.000153852 8.56984e-05 4.18325e-05 1.78994e-05 6.7484e-06 2.25801e-06 6.74941e-07 1.80933e-07 4.34811e-08 9.30165e-09 1.73909e-09 2.72634e-10 3.23816e-11 2.08346e-12 0 
0 7.36001e-06 6.31194e-05 0.000230752 0.000494879 0.000745153 0.000927263 0.00106586 0.00118981 0.00130691 0.00141273 0.00149996 0.00156249 0.0015966 0.00160111 0.00157722 0.00152819 0.00145895 0.00137558 0.00128469 0.00119247 0.00110309 0.00101634 0.000925191 0.000816056 0.000675724 0.000505176 0.0003286 0.000181375 8.42952e-05 3.32321e-05 1.12861e-05 3.35539e-06 8.83675e-07 2.07224e-07 4.31202e-08 7.83409e-09 1.19377e-09 1.37967e-10 8.6504e-12 0 
0 2.12811e-05 0.00016536 0.000494879 0.00084449 0.00109958 0.00131963 0.00155134 0.00179215 0.00202432 0.00223079 0.00239812 0.00251685 0.00258157 0.00259087 0.00254709 0.00245582 0.00232524 0.00216532 0.00198709 0.00180199 0.00162132 0.00145539 0.00131125 0.00118738 0.00106672 0.000916709 0.000711419 0.000469026 0.0002521 0.000109532 3.9161e-05 1.18471e-05 3.10752e-06 7.17123e-07 1.45963e-07 2.58735e-08 3.84458e-09 4.33517e-10 2.65507e-11 0 
0 4.6341e-05 0.000310058 0.000745153 0.00109958 0.00141116 0.00176216 0.00214704 0.0025371 0.00290551 0.0032295 0.00349062 0.00367546 0.00377625 0.00379107 0.00372358 0.00358224 0.00337931 0.00312959 0.00284915 0.00255417 0.00226007 0.00198112 0.00173035 0.00151867 0.00134972 0.00120757 0.00104633 0.000814243 0.0005228 0.000262701 0.000103107 3.26609e-05 8.6836e-06 1.9932e-06 3.99594e-07 6.94517e-08 1.01021e-08 1.11497e-09 6.68885e-11 0 
0 8.12384e-05 0.000457937 0.000927263 0.00131963 0.00176216 0.00227692 0.00282824 0.00337947 0.00389709 0.00435106 0.00471641 0.00497487 0.00511582 0.00513667 0.00504249 0.00484505 0.00456132 0.00421168 0.00381814 0.00340266 0.00298576 0.00258557 0.00221762 0.00189533 0.00163017 0.00142679 0.00126553 0.001084 0.000812907 0.000481596 0.000214681 7.32996e-05 2.01365e-05 4.65201e-06 9.256e-07 1.58587e-07 2.26746e-08 2.45805e-09 1.44876e-10 0 
0 0.000120945 0.000579742 0.00106586 0.00155134 0.00214704 0.00282824 0.00354991 0.00426859 0.00494227 0.00553262 0.00600802 0.00634595 0.00653214 0.00655993 0.00643496 0.00617548 0.00580532 0.00535028 0.00483798 0.00429639 0.00375167 0.00322661 0.00273993 0.00230647 0.00193834 0.00164579 0.00142997 0.00125705 0.00103935 0.000712884 0.000365789 0.000137609 3.97508e-05 9.34927e-06 1.85997e-06 3.1581e-07 4.45702e-08 4.76218e-09 2.766e-10 0 
0 0.000159772 0.000670511 0.00118981 0.00179215 0.0025371 0.00337947 0.00426859 0.00515282 0.00598129 0.00670971 0.0073105 0.00776589 0.00803502 0.00807792 0.00789593 0.00753323 0.00704988 0.00648136 0.00584976 0.0051831 0.004512 0.00386395 0.00326127 0.00272085 0.00225504 0.00187373 0.00158451 0.0013775 0.00118782 0.000905601 0.000529632 0.000221558 6.81279e-05 1.64654e-05 3.29639e-06 5.57311e-07 7.79347e-08 8.23457e-09 4.72718e-10 0 
0 0.000193733 0.000737318 0.00130691 0.00202432 0.00290551 0.00389709 0.00494227 0.00598129 0.00695832 0.00784552 0.00863846 0.0092308 0.00953836 0.00958443 0.00938699 0.0089396 0.00828759 0.00755648 0.00679701 0.00601128 0.00522212 0.0044595 0.00374915 0.00311018 0.00255568 0.00209466 0.0017347 0.00147686 0.00128302 0.00104257 0.000677778 0.000313857 0.00010321 2.5778e-05 5.21769e-06 8.81717e-07 1.22578e-07 1.2846e-08 7.30851e-10 0 
0 0.000220964 0.000787299 0.00141273 0.00223079 0.0032295 0.00435106 0.00553262 0.00670971 0.00784552 0.00894568 0.0098093 0.0102941 0.0105166 0.0105481 0.0104046 0.0100608 0.00944771 0.00856926 0.00764052 0.00673524 0.00584131 0.00497878 0.00417474 0.00345034 0.00281958 0.00229099 0.00187077 0.00156315 0.00134793 0.00113153 0.000794112 0.000401104 0.000140596 3.63345e-05 7.45333e-06 1.26221e-06 1.74908e-07 1.82273e-08 1.03026e-09 0 
0 0.000241054 0.000824158 0.00149996 0.00239812 0.00349062 0.00471641 0.00600802 0.0073105 0.00863846 0.0098093 0.010504 0.0108773 0.0110533 0.0110775 0.0109605 0.0106877 0.0102091 0.00942064 0.00836378 0.00732218 0.00633613 0.00539312 0.00451426 0.00372178 0.0030305 0.00244879 0.00198163 0.00163334 0.00139338 0.00118603 0.000875463 0.000472821 0.000174946 4.66354e-05 9.69508e-06 1.64758e-06 2.28009e-07 2.3678e-08 1.33248e-09 0 
0 0.000254284 0.000849021 0.00156249 0.00251685 0.00367546 0.00497487 0.00634595 0.00776589 0.0092308 0.0102941 0.0108773 0.0112009 0.0113558 0.0113764 0.0112709 0.011029 0.0106142 0.00994006 0.00890659 0.00774925 0.00668273 0.00568161 0.00475034 0.00391029 0.00317685 0.00255833 0.00205887 0.00168216 0.00142225 0.00121624 0.000925366 0.000523241 0.000201519 5.50426e-05 1.15725e-05 1.97389e-06 2.73148e-07 2.83146e-08 1.58936e-09 0 
0 0.000261145 0.000861993 0.0015966 0.00258157 0.00377625 0.00511582 0.00653214 0.00803502 0.00953836 0.0105166 0.0110533 0.0113558 0.0115015 0.0115199 0.0114187 0.0111891 0.0107999 0.0101772 0.00919499 0.00798734 0.00686623 0.00583228 0.00487298 0.00400766 0.0032519 0.00261393 0.00209747 0.00170562 0.00143434 0.00122784 0.000948659 0.000550413 0.000217122 6.02209e-05 1.27581e-05 2.18266e-06 3.02242e-07 3.13171e-08 1.75629e-09 0 
0 0.000262109 0.000863201 0.00160111 0.00259087 0.00379107 0.00513667 0.00655993 0.00807792 0.00958443 0.0105481 0.0110775 0.0113764 0.0115199 0.0115371 0.0114354 0.0112063 0.0108193 0.0102024 0.00922771 0.00801172 0.00688075 0.00584235 0.00487982 0.0040118 0.00325376 0.00261385 0.00209559 0.0017019 0.0014291 0.00122344 0.000948946 0.000554557 0.00022037 6.14475e-05 1.30597e-05 2.2384e-06 3.10304e-07 3.21762e-08 1.80546e-09 0 
0 0.000257563 0.000853258 0.00157722 0.00254709 0.00372358 0.00504249 0.00643496 0.00789593 0.00938699 0.0104046 0.0109605 0.0112709 0.0114187 0.0114354 0.0113291 0.0110899 0.0106844 0.0100331 0.00901786 0.00782647 0.00673293 0.00571791 0.00477571 0.00392637 0.00318506 0.00255979 0.00205414 0.00167121 0.00140649 0.00120373 0.000927924 0.0005369 0.000211559 5.87303e-05 1.24678e-05 2.13834e-06 2.96877e-07 3.0841e-08 1.73398e-09 0 
0 0.000247806 0.000833284 0.00152819 0.00245582 0.00358224 0.00484505 0.00617548 0.00753323 0.0089396 0.0100608 0.0106877 0.011029 0.0111891 0.0112063 0.0110899 0.0108275 0.0103772 0.00964286 0.00857565 0.00746641 0.0064418 0.00547274 0.00457161 0.00375986 0.00305213 0.00245622 0.00197608 0.00161517 0.0013667 0.00116776 0.000885545 0.000499337 0.000192425 5.2749e-05 1.11463e-05 1.91154e-06 2.65952e-07 2.77144e-08 1.56369e-09 0 
0 0.000233096 0.000804644 0.00145895 0.00232524 0.00337931 0.00456132 0.00580532 0.00704988 0.00828759 0.00944771 0.0102091 0.0106142 0.0107999 0.0108193 0.0106844 0.0103772 0.00983921 0.00898536 0.00796085 0.00697796 0.00603264 0.00512636 0.00428316 0.00352437 0.00286389 0.00230942 0.00186551 0.00153586 0.00130914 0.00111262 0.000820668 0.00044477 0.000165892 4.46656e-05 9.37824e-06 1.60855e-06 2.24537e-07 2.35092e-08 1.33349e-09 0 
0 0.000213725 0.000768472 0.00137558 0.00216532 0.00312959 0.00421168 0.00535028 0.00648136 0.00755648 0.00856926 0.00942064 0.00994006 0.0101772 0.0102024 0.0100331 0.00964286 0.00898536 0.00813661 0.0072648 0.00639581 0.00553308 0.00470189 0.00392886 0.00323405 0.0026306 0.00212627 0.0017264 0.00143413 0.00123059 0.00103287 0.000732465 0.000377837 0.000135738 3.58567e-05 7.48718e-06 1.28656e-06 1.8055e-07 1.90338e-08 1.0877e-09 0 
0 0.000190148 0.000725078 0.00128469 0.00198709 0.00284915 0.00381814 0.00483798 0.00584976 0.00679701 0.00764052 0.00836378 0.00890659 0.00919499 0.00922771 0.00901786 0.00857565 0.00796085 0.0072648 0.00652169 0.00574817 0.00497228 0.00422402 0.00352834 0.0029037 0.00236252 0.00191288 0.00156083 0.00130709 0.00112301 0.000921342 0.000622982 0.000305477 0.000106091 2.76288e-05 5.76184e-06 9.9541e-07 1.40853e-07 1.4989e-08 8.64825e-10 0 
0 0.000163139 0.000673443 0.00119247 0.00180199 0.00255417 0.00340266 0.00429639 0.0051831 0.00601128 0.00673524 0.00732218 0.00774925 0.00798734 0.00801172 0.00782647 0.00746641 0.00697796 0.00639581 0.00574817 0.00506572 0.00437953 0.00371712 0.00310079 0.00254736 0.00206868 0.00167318 0.00136663 0.00114517 0.000973307 0.000773517 0.000500457 0.000236632 8.07304e-05 2.09795e-05 4.40382e-06 7.68559e-07 1.09979e-07 1.18346e-08 6.90083e-10 0 
0 0.000133932 0.000611192 0.00110309 0.00162132 0.00226007 0.00298576 0.00375167 0.004512 0.00522212 0.00584131 0.00633613 0.00668273 0.00686623 0.00688075 0.00673293 0.0064418 0.00603264 0.00553308 0.00497228 0.00437953 0.00378209 0.00320369 0.0026638 0.00217754 0.00175621 0.00140795 0.00113643 0.000934577 0.00077283 0.000597464 0.000380797 0.00018038 6.23309e-05 1.64596e-05 3.50746e-06 6.20103e-07 8.97103e-08 9.74279e-09 5.72522e-10 0 
0 0.000104253 0.00053556 0.00101634 0.00145539 0.00198112 0.00258557 0.00322661 0.00386395 0.0044595 0.00497878 0.00539312 0.00568161 0.00583228 0.00584235 0.00571791 0.00547274 0.00512636 0.00470189 0.00422402 0.00371712 0.00320369 0.00270343 0.00223281 0.00180544 0.00143262 0.00112249 0.000877026 0.000690557 0.000549009 0.000423365 0.00028208 0.000142337 5.1828e-05 1.41387e-05 3.06481e-06 5.46221e-07 7.92839e-08 8.61765e-09 5.06119e-10 0 
0 7.61612e-05 0.000445642 0.000925191 0.00131125 0.00173035 0.00221762 0.00273993 0.00326127 0.00374915 0.00417474 0.00451426 0.00475034 0.00487298 0.00487982 0.00477571 0.00457161 0.00428316 0.00392886 0.00352834 0.00310079 0.0026638 0.00223281 0.00182167 0.00144557 0.00112533 0.00088098 0.000705265 0.000559409 0.000421916 0.000307719 0.000214417 0.000120869 4.79925e-05 1.3623e-05 2.97943e-06 5.28258e-07 7.58944e-08 8.15474e-09 4.73496e-10 0 
0 5.16617e-05 0.000345165 0.000816056 0.00118738 0.00151867 0.00189533 0.00230647 0.00272085 0.00311018 0.00345034 0.00372178 0.00391029 0.00400766 0.0040118 0.00392637 0.00375986 0.00352437 0.00323405 0.0029037 0.00254736 0.00217754 0.00180544 0.00144557 0.00113334 0.000944023 0.00093396 0.00101038 0.000960651 0.000705825 0.000401524 0.000207753 0.000111542 4.78378e-05 1.41171e-05 3.08085e-06 5.36236e-07 7.53631e-08 7.9282e-09 4.51598e-10 0 
0 3.22032e-05 0.00024367 0.000675724 0.00106672 0.00134972 0.00163017 0.00193834 0.00225504 0.00255568 0.00281958 0.0030305 0.00317685 0.0032519 0.00325376 0.00318506 0.00305213 0.00286389 0.0026306 0.00236252 0.00206868 0.00175621 0.00143262 0.00112533 0.000944023 0.00110881 0.00174802 0.00261117 0.00304115 0.00198648 0.0010108 0.000374371 0.000129447 4.94653e-05 1.46839e-05 3.15813e-06 5.35163e-07 7.31959e-08 7.51489e-09 4.19066e-10 0 
0 1.82811e-05 0.000153852 0.000505176 0.000916709 0.00120757 0.00142679 0.00164579 0.00187373 0.00209466 0.00229099 0.00244879 0.00255833 0.00261393 0.00261385 0.00255979 0.00245622 0.00230942 0.00212627 0.00191288 0.00167318 0.00140795 0.00112249 0.00088098 0.00093396 0.00174802 0.00375757 0.00680767 0.00723652 0.00545376 0.0023331 0.000789629 0.000200947 5.43779e-05 1.46684e-05 3.0307e-06 4.9683e-07 6.61602e-08 6.64579e-09 3.63881e-10 0 
0 9.387e-06 8.56984e-05 0.0003286 0.000711419 0.00104633 0.00126553 0.00142997 0.00158451 0.0017347 0.00187077 0.00198163 0.00205887 0.00209747 0.00209559 0.00205414 0.00197608 0.00186551 0.0017264 0.00156083 0.00136663 0.00113643 0.000877026 0.000705265 0.00101038 0.00261117 0.00680767 0.00792504 0.00806786 0.00754495 0.00459541 0.00126565 0.000292541 6.05969e-05 1.36604e-05 2.61929e-06 4.12944e-07 5.37621e-08 5.3179e-09 2.87694e-10 0 
0 4.34228e-06 4.18325e-05 0.000181375 0.000469026 0.000814243 0.001084 0.00125705 0.0013775 0.00147686 0.00156315 0.00163334 0.00168216 0.00170562 0.0017019 0.00167121 0.00161517 0.00153586 0.00143413 0.00130709 0.00114517 0.000934577 0.000690557 0.000559409 0.000960651 0.00304115 0.00723652 0.00806786 0.008179 0.00775642 0.00547974 0.00139481 0.00031394 5.81011e-05 1.12263e-05 1.97169e-06 2.99296e-07 3.84083e-08 3.77552e-09 2.03495e-10 0 
0 1.80713e-06 1.78994e-05 8.42952e-05 0.0002521 0.0005228 0.000812907 0.00103935 0.00118782 0.00128302 0.00134793 0.00139338 0.00142225 0.00143434 0.0014291 0.00140649 0.0013667 0.00130914 0.00123059 0.00112301 0.000973307 0.00077283 0.000549009 0.000421916 0.000705825 0.00198648 0.00545376 0.00754495 0.00775642 0.00709226 0.0033333 0.00103268 0.000232706 4.24767e-05 7.58863e-06 1.2504e-06 1.85682e-07 2.37996e-08 2.35057e-09 1.27401e-10 0 
0 6.77053e-07 6.7484e-06 3.32321e-05 0.000109532 0.000262701 0.000481596 0.000712884 0.000905601 0.00104257 0.00113153 0.00118603 0.00121624 0.00122784 0.00122344 0.00120373 0.00116776 0.00111262 0.00103287 0.000921342 0.000773517 0.000597464 0.000423365 0.000307719 0.000401524 0.0010108 0.0023331 0.00459541 0.00547974 0.0033333 0.00155034 0.00051307 0.000118936 2.28314e-05 4.02644e-06 6.52735e-07 9.7599e-08 1.27069e-08 1.27567e-09 7.01809e-11 0 
0 2.2872e-07 2.25801e-06 1.12861e-05 3.9161e-05 0.000103107 0.000214681 0.000365789 0.000529632 0.000677778 0.000794112 0.000875463 0.000925366 0.000948659 0.000948946 0.000927924 0.000885545 0.000820668 0.000732465 0.000622982 0.000500457 0.000380797 0.00028208 0.000214417 0.000207753 0.000374371 0.000789629 0.00126565 0.00139481 0.00103268 0.00051307 0.000173917 4.36633e-05 9.11491e-06 1.66512e-06 2.79841e-07 4.34529e-08 5.84034e-09 6.02334e-10 3.39235e-11 0 
0 6.97586e-08 6.74941e-07 3.35539e-06 1.18471e-05 3.26609e-05 7.32996e-05 0.000137609 0.000221558 0.000313857 0.000401104 0.000472821 0.000523241 0.000550413 0.000554557 0.0005369 0.000499337 0.00044477 0.000377837 0.000305477 0.000236632 0.00018038 0.000142337 0.000120869 0.000111542 0.000129447 0.000200947 0.000292541 0.00031394 0.000232706 0.000118936 4.36633e-05 1.22859e-05 2.7982e-06 5.52723e-07 1.00276e-07 1.65109e-08 2.31708e-09 2.47548e-10 1.43743e-11 0 
0 1.92037e-08 1.80933e-07 8.83675e-07 3.10752e-06 8.6836e-06 2.01365e-05 3.97508e-05 6.81279e-05 0.00010321 0.000140596 0.000174946 0.000201519 0.000217122 0.00022037 0.000211559 0.000192425 0.000165892 0.000135738 0.000106091 8.07304e-05 6.23309e-05 5.1828e-05 4.79925e-05 4.78378e-05 4.94653e-05 5.43779e-05 6.05969e-05 5.81011e-05 4.24767e-05 2.28314e-05 9.11491e-06 2.7982e-06 7.02536e-07 1.5467e-07 3.07547e-08 5.40418e-09 7.96315e-10 8.86301e-11 5.33468e-12 0 
0 4.75535e-09 4.34811e-08 2.07224e-07 7.17123e-07 1.9932e-06 4.65201e-06 9.34927e-06 1.64654e-05 2.5778e-05 3.63345e-05 4.66354e-05 5.50426e-05 6.02209e-05 6.14475e-05 5.87303e-05 5.2749e-05 4.46656e-05 3.58567e-05 2.76288e-05 2.09795e-05 1.64596e-05 1.41387e-05 1.3623e-05 1.41171e-05 1.46839e-05 1.46684e-05 1.36604e-05 1.12263e-05 7.58863e-06 4.02644e-06 1.66512e-06 5.52723e-07 1.5467e-07 3.79061e-08 8.19255e-09 1.53162e-09 2.37384e-10 2.76174e-11 1.72938e-12 0 
0 1.04967e-09 9.30165e-09 4.31202e-08 1.45963e-07 3.99594e-07 9.256e-07 1.85997e-06 3.29639e-06 5.21769e-06 7.45333e-06 9.69508e-06 1.15725e-05 1.27581e-05 1.30597e-05 1.24678e-05 1.11463e-05 9.37824e-06 7.48718e-06 5.76184e-06 4.40382e-06 3.50746e-06 3.06481e-06 2.97943e-06 3.08085e-06 3.15813e-06 3.0307e-06 2.61929e-06 1.97169e-06 1.2504e-06 6.52735e-07 2.79841e-07 1.00276e-07 3.07547e-08 8.19255e-09 1.89507e-09 3.75015e-10 6.11305e-11 7.44541e-12 4.86043e-13 0 
0 2.02508e-10 1.73909e-09 7.83409e-09 2.58735e-08 6.94517e-08 1.58587e-07 3.1581e-07 5.57311e-07 8.81717e-07 1.26221e-06 1.64758e-06 1.97389e-06 2.18266e-06 2.2384e-06 2.13834e-06 1.91154e-06 1.60855e-06 1.28656e-06 9.9541e-07 7.68559e-07 6.20103e-07 5.46221e-07 5.28258e-07 5.36236e-07 5.35163e-07 4.9683e-07 4.12944e-07 2.99296e-07 1.85682e-07 9.7599e-08 4.34529e-08 1.65109e-08 5.40418e-09 1.53162e-09 3.75015e-10 7.82332e-11 1.33978e-11 1.70848e-12 1.1636e-13 0 
0 3.27324e-11 2.72634e-10 1.19377e-09 3.84458e-09 1.01021e-08 2.26746e-08 4.45702e-08 7.79347e-08 1.22578e-07 1.74908e-07 2.28009e-07 2.73148e-07 3.02242e-07 3.10304e-07 2.96877e-07 2.65952e-07 2.24537e-07 1.8055e-07 1.40853e-07 1.09979e-07 8.97103e-08 7.92839e-08 7.58944e-08 7.53631e-08 7.31959e-08 6.61602e-08 5.37621e-08 3.84083e-08 2.37996e-08 1.27069e-08 5.84034e-09 2.31708e-09 7.96315e-10 2.37384e-10 6.11305e-11 1.33978e-11 2.40597e-12 3.20916e-13 2.27969e-14 0 
0 4.00313e-12 3.23816e-11 1.37967e-10 4.33517e-10 1.11497e-09 2.45805e-09 4.76218e-09 8.23457e-09 1.2846e-08 1.82273e-08 2.3678e-08 2.83146e-08 3.13171e-08 3.21762e-08 3.0841e-08 2.77144e-08 2.35092e-08 1.90338e-08 1.4989e-08 1.18346e-08 9.74279e-09 8.61765e-09 8.15474e-09 7.9282e-09 7.51489e-09 6.64579e-09 5.3179e-09 3.77552e-09 2.35057e-09 1.27567e-09 6.02334e-10 2.47548e-10 8.86301e-11 2.76174e-11 7.44541e-12 1.70848e-12 3.20916e-13 4.4697e-14 3.30835e-15 0 
0 2.64782e-13 2.08346e-12 8.6504e-12 2.65507e-11 6.68885e-11 1.44876e-10 2.766e-10 4.72718e-10 7.30851e-10 1.03026e-09 1.33248e-09 1.58936e-09 1.75629e-09 1.80546e-09 1.73398e-09 1.56369e-09 1.33349e-09 1.0877e-09 8.64825e-10 6.90083e-10 5.72522e-10 5.06119e-10 4.73496e-10 4.51598e-10 4.19066e-10 3.63881e-10 2.87694e-10 2.03495e-10 1.27401e-10 7.01809e-11 3.39235e-11 1.43743e-11 5.33468e-12 1.72938e-12 4.86043e-13 1.1636e-13 2.27969e-14 3.30835e-15 2.54762e-16 0 
0 0 0 0 0 0 0 0 0 0 0 0 0 0 0 0 0 0 0 0 0 0 0 0 0 0 0 0 0 0 0 0 0 0 0 0 0 0 0 0 0 
