0 0 0 0 0 0 0 0 0 0 0 0 0 0 0 0 0 0 0 0 0 0 0 0 0 0 0 0 0 0 0 0 0 0 0 0 0 0 0 0 0 
0 1.99516e-07 1.76062e-06 7.60545e-06 2.22611e-05 4.92073e-05 8.76425e-05 0.000132451 0.000177267 0.000217245 0.000249823 0.000274165 0.000290355 0.000298825 0.000300072 0.00029455 0.000282657 0.000264782 0.0002414 0.000213208 0.000181296 0.000147272 0.00011325 8.16153e-05 5.45495e-05 3.34797e-05 1.87094e-05 9.46099e-06 4.31416e-06 1.77227e-06 6.56461e-07 2.19603e-07 6.64266e-08 1.8161e-08 4.47172e-09 9.82499e-10 1.88839e-10 3.04306e-11 3.71256e-12 2.45082e-13 0 
0 1.76062e-06 1.57793e-05 6.60925e-05 0.000176896 0.000340069 0.000514405 0.000664126 0.000779201 0.000865131 0.000929418 0.000976502 0.00100805 0.00102447 0.00102612 0.00101377 0.000988755 0.000952575 0.000906432 0.00085057 0.000783826 0.000703797 0.0006082 0.000497505 0.000377726 0.00026086 0.000160992 8.77028e-05 4.19459e-05 1.76326e-05 6.55052e-06 2.16589e-06 6.4133e-07 1.70653e-07 4.0773e-08 8.6828e-09 1.61765e-09 2.52895e-10 2.99725e-11 1.92521e-12 0 
0 7.60545e-06 6.60925e-05 0.000247824 0.000549573 0.00085397 0.00108639 0.00126403 0.0014189 0.00156211 0.00169011 0.0017951 0.00187021 0.00191114 0.00191656 0.00188791 0.00182908 0.00174589 0.00164548 0.00153546 0.00142268 0.00131129 0.0012 0.00107994 0.000936161 0.000757178 0.000550201 0.000347036 0.000185909 8.4163e-05 3.24829e-05 1.08545e-05 3.18868e-06 8.32471e-07 1.93974e-07 4.01739e-08 7.27348e-09 1.10548e-09 1.27516e-10 7.98342e-12 0 
0 2.22611e-05 0.000176896 0.000549573 0.000974329 0.0012994 0.0015745 0.00185593 0.00214527 0.00242348 0.00267072 0.00287106 0.00301321 0.0030907 0.00310184 0.00304942 0.00294015 0.00278381 0.00259233 0.0023789 0.00215711 0.00194022 0.00173986 0.00156289 0.00140509 0.00124421 0.00104411 0.000784278 0.000497995 0.000258026 0.000108685 3.79586e-05 1.12957e-05 2.9298e-06 6.70981e-07 1.35861e-07 2.39957e-08 3.5565e-09 4.00307e-10 2.44846e-11 0 
0 4.92073e-05 0.000340069 0.00085397 0.0012994 0.00168562 0.00210913 0.00257042 0.00303745 0.00347853 0.00386642 0.00417903 0.00440032 0.00452099 0.00453874 0.00445793 0.00428872 0.00404577 0.0037468 0.00341106 0.00305789 0.00270576 0.00237167 0.0020708 0.00181489 0.00160523 0.00141843 0.00119963 0.000900148 0.000553499 0.000266851 0.00010133 3.1361e-05 8.21249e-06 1.86694e-06 3.71977e-07 6.43925e-08 9.34134e-09 1.02916e-09 6.16639e-11 0 
0 8.76425e-05 0.000514405 0.00108639 0.0015745 0.00210913 0.00272593 0.00338601 0.00404596 0.00466567 0.00520916 0.00564657 0.00595599 0.00612473 0.00614968 0.00603694 0.00580058 0.00546089 0.00504229 0.00457114 0.00407373 0.0035746 0.00309548 0.00265492 0.0022687 0.00194938 0.00169885 0.00148753 0.00123992 0.000891878 0.000503646 0.000215074 7.1149e-05 1.91485e-05 4.36849e-06 8.62597e-07 1.47103e-07 2.09712e-08 2.26912e-09 1.33575e-10 0 
0 0.000132451 0.000664126 0.00126403 0.00185593 0.00257042 0.00338601 0.00425001 0.00511043 0.00591697 0.0066237 0.00719248 0.00759572 0.00781669 0.00784945 0.00770135 0.00739241 0.00695004 0.00640543 0.00579211 0.00514371 0.00449156 0.00386296 0.00328029 0.0027613 0.00232023 0.00196781 0.00170057 0.00147036 0.00117524 0.000768103 0.000374814 0.000135439 3.8086e-05 8.8135e-06 1.73685e-06 2.93271e-07 4.12515e-08 4.39854e-09 2.55143e-10 0 
0 0.000177267 0.000779201 0.0014189 0.00214527 0.00303745 0.00404596 0.00511043 0.00616905 0.00716079 0.00803109 0.00874038 0.00926189 0.00956166 0.00960815 0.00940527 0.00899594 0.00843399 0.00775864 0.00700336 0.0062053 0.00540184 0.00462599 0.00390445 0.00325745 0.00269971 0.00224262 0.0018927 0.00163087 0.00137231 0.00100158 0.000555277 0.000221475 6.58608e-05 1.5597e-05 3.08643e-06 5.18373e-07 7.22119e-08 7.61241e-09 4.36377e-10 0 
0 0.000217245 0.000865131 0.00156211 0.00242348 0.00347853 0.00466567 0.00591697 0.00716079 0.00832799 0.00937015 0.0102664 0.0109461 0.0113185 0.0113749 0.0111305 0.0106039 0.00987062 0.00903457 0.00813599 0.00719672 0.00625201 0.005339 0.00448855 0.00372356 0.0030597 0.00250759 0.00207518 0.00175869 0.00150256 0.00117667 0.000725428 0.000318633 0.000100725 2.45486e-05 4.90026e-06 8.21691e-07 1.13733e-07 1.18885e-08 6.75309e-10 0 
0 0.000249823 0.000929418 0.00169011 0.00267072 0.00386642 0.00520916 0.0066237 0.00803109 0.00937015 0.0106216 0.0116618 0.0123055 0.0126077 0.0126502 0.0124545 0.0119914 0.011212 0.0101993 0.00913508 0.00806233 0.00699327 0.00596069 0.00499808 0.00413081 0.00337565 0.00274276 0.00223905 0.00186633 0.00159115 0.00129551 0.000864377 0.000412921 0.000138458 3.47848e-05 7.02174e-06 1.17866e-06 1.62529e-07 1.68892e-08 9.52976e-10 0 
0 0.000274165 0.000976502 0.0017951 0.00287106 0.00417903 0.00564657 0.00719248 0.00874038 0.0102664 0.0116618 0.0125926 0.0131006 0.0133389 0.0133711 0.0132123 0.0128422 0.0121953 0.0111874 0.00996744 0.00875929 0.00758528 0.00645673 0.00540455 0.00445578 0.00362817 0.00293172 0.00237212 0.00195242 0.0016521 0.0013708 0.000964948 0.0004923 0.000173637 4.48581e-05 9.16013e-06 1.54153e-06 2.12185e-07 2.1967e-08 1.23389e-09 0 
0 0.000290355 0.00100805 0.00187021 0.00301321 0.00440032 0.00595599 0.00759572 0.00926189 0.0109461 0.0123055 0.0131006 0.013539 0.0137474 0.0137743 0.013632 0.0133054 0.0127444 0.0118448 0.0105855 0.00925735 0.00799899 0.00680208 0.00568719 0.00468147 0.00380338 0.00306286 0.00246473 0.00201183 0.0016903 0.0014138 0.00102855 0.000549276 0.000201209 5.31465e-05 1.09606e-05 1.85003e-06 2.54544e-07 2.63003e-08 1.47341e-09 0 
0 0.000298825 0.00102447 0.00191114 0.0030907 0.00452099 0.00612473 0.00781669 0.00956166 0.0113185 0.0126077 0.0133389 0.0137474 0.0139425 0.0139665 0.0138303 0.0135212 0.0129961 0.0121589 0.0109229 0.00952911 0.00821705 0.0069824 0.00583401 0.00479804 0.00389323 0.00312944 0.00251099 0.00204034 0.00170654 0.00143151 0.00105938 0.000580624 0.000217615 5.82988e-05 1.21059e-05 2.04867e-06 2.82009e-07 2.9123e-08 1.62999e-09 0 
0 0.000300072 0.00102612 0.00191656 0.00310184 0.00453874 0.00614968 0.00784945 0.00960815 0.0113749 0.0126502 0.0133711 0.0137743 0.0139665 0.013989 0.0138522 0.013544 0.0130223 0.0121926 0.0109604 0.00955513 0.00823401 0.00699444 0.00584221 0.004803 0.00389546 0.00312934 0.00250875 0.00203598 0.00170074 0.00142745 0.00106113 0.000585959 0.000221218 5.95684e-05 1.24075e-05 2.10345e-06 2.89868e-07 2.99571e-08 1.67765e-09 0 
0 0.00029455 0.00101377 0.00188791 0.00304942 0.00445793 0.00603694 0.00770135 0.00940527 0.0111305 0.0124545 0.0132123 0.013632 0.0138303 0.0138522 0.013709 0.0133869 0.0128398 0.0119672 0.0107095 0.00934228 0.00805827 0.00684551 0.00571756 0.00470072 0.00381321 0.00306461 0.00245911 0.00199907 0.00167304 0.00140276 0.00103589 0.000566551 0.000212272 5.69508e-05 1.18544e-05 2.01156e-06 2.77669e-07 2.87534e-08 1.61364e-09 0 
0 0.000282657 0.000988755 0.00182908 0.00294015 0.00428872 0.00580058 0.00739241 0.00899594 0.0106039 0.0119914 0.0128422 0.0133054 0.0135212 0.013544 0.0133869 0.0130327 0.0124249 0.0114613 0.0101991 0.00892551 0.00771123 0.00655204 0.00547322 0.00450137 0.00365406 0.00294062 0.00236559 0.00193151 0.00162364 0.0013566 0.000984224 0.000524889 0.000192676 5.11307e-05 1.06051e-05 1.80053e-06 2.49162e-07 2.58887e-08 1.45833e-09 0 
0 0.000264782 0.000952575 0.00174589 0.00278381 0.00404577 0.00546089 0.00695004 0.00843399 0.00987062 0.011212 0.0121953 0.0127444 0.0129961 0.0130223 0.0128398 0.0124249 0.0117098 0.0106676 0.0095008 0.00835024 0.00722216 0.00613737 0.00512787 0.00421943 0.00342869 0.00276486 0.00223307 0.00183565 0.00155169 0.00128592 0.000905958 0.000464924 0.000165644 4.32815e-05 8.93421e-06 1.51849e-06 2.1095e-07 2.20318e-08 1.24814e-09 0 
0 0.0002414 0.000906432 0.00164548 0.00259233 0.0037468 0.00504229 0.00640543 0.00775864 0.00903457 0.0101993 0.0111874 0.0118448 0.0121589 0.0121926 0.0119672 0.0114613 0.0106676 0.00970315 0.00869062 0.00765652 0.00662428 0.00562919 0.0047037 0.00387187 0.0031494 0.00254555 0.00206621 0.00171226 0.0014533 0.00118537 0.000801927 0.00039261 0.00013525 3.47833e-05 7.15496e-06 1.21983e-06 1.70508e-07 1.79419e-08 1.02458e-09 0 
0 0.000213208 0.00085057 0.00153546 0.0023789 0.00341106 0.00457114 0.00579211 0.00700336 0.00813599 0.00913508 0.00996744 0.0105855 0.0109229 0.0109604 0.0107095 0.0101991 0.0095008 0.00869062 0.00780699 0.00688176 0.0059529 0.00505707 0.00422419 0.00347636 0.00282845 0.00229 0.00186737 0.00155775 0.00131958 0.00104882 0.000676718 0.000316173 0.000105809 2.69276e-05 5.54536e-06 9.51958e-07 1.34315e-07 1.42783e-08 8.238e-10 0 
0 0.000181296 0.000783826 0.00142268 0.00215711 0.00305789 0.00407373 0.00514371 0.0062053 0.00719672 0.00806233 0.00875929 0.00925735 0.00952911 0.00955513 0.00934228 0.00892551 0.00835024 0.00765652 0.00688176 0.00606477 0.00524325 0.0044502 0.00371232 0.00304974 0.00247662 0.0020028 0.00163382 0.00136115 0.00113739 0.000874745 0.000541605 0.000245401 8.11267e-05 2.0685e-05 4.29866e-06 7.46683e-07 1.06656e-07 1.14739e-08 6.69402e-10 0 
0 0.000147272 0.000703797 0.00131129 0.00194022 0.00270576 0.0035746 0.00449156 0.00540184 0.00625201 0.00699327 0.00758528 0.00799899 0.00821705 0.00823401 0.00805827 0.00771123 0.00722216 0.00662428 0.0059529 0.00524325 0.00452798 0.00383551 0.00318915 0.00260698 0.00210245 0.00168486 0.00135719 0.00110834 0.000900976 0.000675969 0.000414701 0.000189488 6.37828e-05 1.65818e-05 3.50519e-06 6.17474e-07 8.9219e-08 9.68891e-09 5.69645e-10 0 
0 0.00011325 0.0006082 0.0012 0.00173986 0.00237167 0.00309548 0.00386296 0.00462599 0.005339 0.00596069 0.00645673 0.00680208 0.0069824 0.00699444 0.00684551 0.00655204 0.00613737 0.00562919 0.00505707 0.0044502 0.00383551 0.00323659 0.00267316 0.00216145 0.00171487 0.00134285 0.00104729 0.000820586 0.000644715 0.000486006 0.000313793 0.000153463 5.45791e-05 1.46766e-05 3.15717e-06 5.60603e-07 8.12377e-08 8.82436e-09 5.18163e-10 0 
0 8.16153e-05 0.000497505 0.00107994 0.00156289 0.0020708 0.00265492 0.00328029 0.00390445 0.00448855 0.00499808 0.00540455 0.00568719 0.00583401 0.00584221 0.00571756 0.00547322 0.00512787 0.0047037 0.00422419 0.00371232 0.00318915 0.00267316 0.0021809 0.00173051 0.00134693 0.00105428 0.000843815 0.000668858 0.000503002 0.00036284 0.000246574 0.000134731 5.2161e-05 1.45716e-05 3.1589e-06 5.57481e-07 7.98924e-08 8.5717e-09 4.97213e-10 0 
0 5.45495e-05 0.000377726 0.000936161 0.00140509 0.00181489 0.0022687 0.0027613 0.00325745 0.00372356 0.00413081 0.00445578 0.00468147 0.00479804 0.004803 0.00470072 0.00450137 0.00421943 0.00387187 0.00347636 0.00304974 0.00260698 0.00216145 0.00173051 0.00135666 0.0011301 0.00111813 0.00120963 0.0011501 0.000845001 0.000480394 0.000246485 0.000128593 5.34403e-05 1.54535e-05 3.33591e-06 5.77356e-07 8.08905e-08 8.49313e-09 4.83087e-10 0 
0 3.34797e-05 0.00026086 0.000757178 0.00124421 0.00160523 0.00194938 0.00232023 0.00269971 0.0030597 0.00337565 0.00362817 0.00380338 0.00389323 0.00389546 0.00381321 0.00365406 0.00342869 0.0031494 0.00282845 0.00247662 0.00210245 0.00171487 0.00134693 0.0011301 0.00132748 0.00209276 0.00307539 0.00350811 0.00237767 0.00121015 0.000448062 0.000153306 5.66259e-05 1.635e-05 3.46652e-06 5.83459e-07 7.95294e-08 8.14841e-09 4.53716e-10 0 
0 1.87094e-05 0.000160992 0.000550201 0.00104411 0.00141843 0.00169885 0.00196781 0.00224262 0.00250759 0.00274276 0.00293172 0.00306286 0.00312944 0.00312934 0.00306461 0.00294062 0.00276486 0.00254555 0.00229 0.0020028 0.00168486 0.00134285 0.00105428 0.00111813 0.00209276 0.00442461 0.00808899 0.00874848 0.0063507 0.0027927 0.000945355 0.000240206 6.35447e-05 1.65644e-05 3.35738e-06 5.45784e-07 7.24108e-08 7.2592e-09 3.96916e-10 0 
0 9.46099e-06 8.77028e-05 0.000347036 0.000784278 0.00119963 0.00148753 0.00170057 0.0018927 0.00207518 0.00223905 0.00237212 0.00246473 0.00251099 0.00250875 0.00245911 0.00236559 0.00223307 0.00206621 0.00186737 0.00163382 0.00135719 0.00104729 0.000843815 0.00120963 0.00307539 0.00808899 0.00968003 0.0098813 0.00920092 0.00533506 0.00151526 0.000350146 7.16345e-05 1.56008e-05 2.92105e-06 4.55776e-07 5.90982e-08 5.83468e-09 3.15264e-10 0 
0 4.31416e-06 4.19459e-05 0.000185909 0.000497995 0.000900148 0.00123992 0.00147036 0.00163087 0.00175869 0.00186633 0.00195242 0.00201183 0.00204034 0.00203598 0.00199907 0.00193151 0.00183565 0.00171226 0.00155775 0.00136115 0.00110834 0.000820586 0.000668858 0.0011501 0.00350811 0.00874848 0.0098813 0.0100317 0.0094741 0.00638127 0.00166911 0.000375805 6.89361e-05 1.29043e-05 2.20845e-06 3.31296e-07 4.23313e-08 4.15379e-09 2.23645e-10 0 
0 1.77227e-06 1.76326e-05 8.4163e-05 0.000258026 0.000553499 0.000891878 0.00117524 0.00137231 0.00150256 0.00159115 0.0016521 0.0016903 0.00170654 0.00170074 0.00167304 0.00162364 0.00155169 0.0014533 0.00131958 0.00113739 0.000900976 0.000644715 0.000503002 0.000845001 0.00237767 0.0063507 0.00920092 0.0094741 0.00852753 0.00390166 0.00123635 0.000278519 5.03378e-05 8.7303e-06 1.40277e-06 2.05831e-07 2.62707e-08 2.59052e-09 1.4028e-10 0 
0 6.56461e-07 6.55052e-06 3.24829e-05 0.000108685 0.000266851 0.000503646 0.000768103 0.00100158 0.00117667 0.00129551 0.0013708 0.0014138 0.00143151 0.00142745 0.00140276 0.0013566 0.00128592 0.00118537 0.00104882 0.000874745 0.000675969 0.000486006 0.00036284 0.000480394 0.00121015 0.0027927 0.00533506 0.00638127 0.00390166 0.00185609 0.00061425 0.000142189 2.69011e-05 4.61297e-06 7.31387e-07 1.08213e-07 1.40378e-08 1.40742e-09 7.73712e-11 0 
0 2.19603e-07 2.16589e-06 1.08545e-05 3.79586e-05 0.00010133 0.000215074 0.000374814 0.000555277 0.000725428 0.000864377 0.000964948 0.00102855 0.00105938 0.00106113 0.00103589 0.000984224 0.000905958 0.000801927 0.000676718 0.000541605 0.000414701 0.000313793 0.000246574 0.000246485 0.000448062 0.000945355 0.00151526 0.00166911 0.00123635 0.00061425 0.000208108 5.19132e-05 1.0622e-05 1.89274e-06 3.12553e-07 4.81501e-08 6.45446e-09 6.65005e-10 3.74304e-11 0 
0 6.64266e-08 6.4133e-07 3.18868e-06 1.12957e-05 3.1361e-05 7.1149e-05 0.000135439 0.000221475 0.000318633 0.000412921 0.0004923 0.000549276 0.000580624 0.000585959 0.000566551 0.000524889 0.000464924 0.00039261 0.000316173 0.000245401 0.000189488 0.000153463 0.000134731 0.000128593 0.000153306 0.000240206 0.000350146 0.000375805 0.000278519 0.000142189 5.19132e-05 1.43986e-05 3.21186e-06 6.22306e-07 1.11569e-07 1.82803e-08 2.56111e-09 2.73425e-10 1.58693e-11 0 
0 1.8161e-08 1.70653e-07 8.32471e-07 2.9298e-06 8.21249e-06 1.91485e-05 3.8086e-05 6.58608e-05 0.000100725 0.000138458 0.000173637 0.000201209 0.000217615 0.000221218 0.000212272 0.000192676 0.000165644 0.00013525 0.000105809 8.11267e-05 6.37828e-05 5.45791e-05 5.2161e-05 5.34403e-05 5.66259e-05 6.35447e-05 7.16345e-05 6.89361e-05 5.03378e-05 2.69011e-05 1.0622e-05 3.21186e-06 7.9375e-07 1.72657e-07 3.41124e-08 5.97923e-09 8.80234e-10 9.79227e-11 5.89178e-12 0 
0 4.47172e-09 4.0773e-08 1.93974e-07 6.70981e-07 1.86694e-06 4.36849e-06 8.8135e-06 1.5597e-05 2.45486e-05 3.47848e-05 4.48581e-05 5.31465e-05 5.82988e-05 5.95684e-05 5.69508e-05 5.11307e-05 4.32815e-05 3.47833e-05 2.69276e-05 2.0685e-05 1.65818e-05 1.46766e-05 1.45716e-05 1.54535e-05 1.635e-05 1.65644e-05 1.56008e-05 1.29043e-05 8.7303e-06 4.61297e-06 1.89274e-06 6.22306e-07 1.72657e-07 4.20793e-08 9.07026e-09 1.6939e-09 2.62406e-10 3.05183e-11 1.91046e-12 0 
0 9.82499e-10 8.6828e-09 4.01739e-08 1.35861e-07 3.71977e-07 8.62597e-07 1.73685e-06 3.08643e-06 4.90026e-06 7.02174e-06 9.16013e-06 1.09606e-05 1.21059e-05 1.24075e-05 1.18544e-05 1.06051e-05 8.93421e-06 7.15496e-06 5.54536e-06 4.29866e-06 3.50519e-06 3.15717e-06 3.1589e-06 3.33591e-06 3.46652e-06 3.35738e-06 2.92105e-06 2.20845e-06 1.40277e-06 7.31387e-07 3.12553e-07 1.11569e-07 3.41124e-08 9.07026e-09 2.09626e-09 4.14654e-10 6.75737e-11 8.22823e-12 5.37024e-13 0 
0 1.88839e-10 1.61765e-09 7.27348e-09 2.39957e-08 6.43925e-08 1.47103e-07 2.93271e-07 5.18373e-07 8.21691e-07 1.17866e-06 1.54153e-06 1.85003e-06 2.04867e-06 2.10345e-06 2.01156e-06 1.80053e-06 1.51849e-06 1.21983e-06 9.51958e-07 7.46683e-07 6.17474e-07 5.60603e-07 5.57481e-07 5.77356e-07 5.83459e-07 5.45784e-07 4.55776e-07 3.31296e-07 2.05831e-07 1.08213e-07 4.81501e-08 1.82803e-08 5.97923e-09 1.6939e-09 4.14654e-10 8.64885e-11 1.48093e-11 1.88818e-12 1.28577e-13 0 
0 3.04306e-11 2.52895e-10 1.10548e-09 3.5565e-09 9.34134e-09 2.09712e-08 4.12515e-08 7.22119e-08 1.13733e-07 1.62529e-07 2.12185e-07 2.54544e-07 2.82009e-07 2.89868e-07 2.77669e-07 2.49162e-07 2.1095e-07 1.70508e-07 1.34315e-07 1.06656e-07 8.9219e-08 8.12377e-08 7.98924e-08 8.08905e-08 7.95294e-08 7.24108e-08 5.90982e-08 4.23313e-08 2.62707e-08 1.40378e-08 6.45446e-09 2.56111e-09 8.80234e-10 2.62406e-10 6.75737e-11 1.48093e-11 2.65925e-12 3.54665e-13 2.51912e-14 0 
0 3.71256e-12 2.99725e-11 1.27516e-10 4.00307e-10 1.02916e-09 2.26912e-09 4.39854e-09 7.61241e-09 1.18885e-08 1.68892e-08 2.1967e-08 2.63003e-08 2.9123e-08 2.99571e-08 2.87534e-08 2.58887e-08 2.20318e-08 1.79419e-08 1.42783e-08 1.14739e-08 9.68891e-09 8.82436e-09 8.5717e-09 8.49313e-09 8.14841e-09 7.2592e-09 5.83468e-09 4.15379e-09 2.59052e-09 1.40742e-09 6.65005e-10 2.73425e-10 9.79227e-11 3.05183e-11 8.22823e-12 1.88818e-12 3.54665e-13 4.9395e-14 3.65581e-15 0 
0 2.45082e-13 1.92521e-12 7.98342e-12 2.44846e-11 6.16639e-11 1.33575e-10 2.55143e-10 4.36377e-10 6.75309e-10 9.52976e-10 1.23389e-09 1.47341e-09 1.62999e-09 1.67765e-09 1.61364e-09 1.45833e-09 1.24814e-09 1.02458e-09 8.238e-10 6.69402e-10 5.69645e-10 5.18163e-10 4.97213e-10 4.83087e-10 4.53716e-10 3.96916e-10 3.15264e-10 2.23645e-10 1.4028e-10 7.73712e-11 3.74304e-11 1.58693e-11 5.89178e-12 1.91046e-12 5.37024e-13 1.28577e-13 2.51912e-14 3.65581e-15 2.81508e-16 0 
0 0 0 0 0 0 0 0 0 0 0 0 0 0 0 0 0 0 0 0 0 0 0 0 0 0 0 0 0 0 0 0 0 0 0 0 0 0 0 0 0 
