0 0 0 0 0 0 0 0 0 0 0 0 0 0 0 0 0 0 0 0 0 0 0 0 0 0 0 0 0 0 0 0 0 0 0 0 0 0 0 0 0 
0 1.93615e-07 1.72977e-06 7.65601e-06 2.32435e-05 5.37722e-05 0.000100581 0.000159323 0.000222239 0.00028179 0.000332726 0.000372247 0.000399294 0.000413799 0.000416184 0.000407113 0.000387411 0.000358102 0.000320525 0.000276492 0.000228423 0.000179343 0.000132642 9.15433e-05 5.84038e-05 3.41546e-05 1.81861e-05 8.77829e-06 3.83373e-06 1.515e-06 5.42445e-07 1.76257e-07 5.20205e-08 1.39335e-08 3.37303e-09 7.30851e-10 1.38886e-10 2.21757e-11 2.68538e-12 1.76209e-13 0 
0 1.72977e-06 1.58249e-05 6.91529e-05 0.00019735 0.000409578 0.000667898 0.000918513 0.00112974 0.00129558 0.00142116 0.00151232 0.00157264 0.00160399 0.00160774 0.00158551 0.00153927 0.00147102 0.00138213 0.00127285 0.0011423 0.000989698 0.000816998 0.00063211 0.000450153 0.000290026 0.000166763 8.48958e-05 3.81963e-05 1.52369e-05 5.4211e-06 1.73117e-06 4.98629e-07 1.29813e-07 3.04854e-08 6.4045e-09 1.18053e-09 1.83018e-10 2.15484e-11 1.37693e-12 0 
0 7.65601e-06 6.91529e-05 0.000279562 0.000686752 0.0011797 0.00161543 0.0019614 0.00224766 0.00249677 0.00271139 0.00288427 0.00300691 0.00307352 0.00308238 0.00303591 0.00294024 0.00280429 0.0026386 0.00245362 0.00225736 0.00205224 0.00183232 0.00158384 0.00129399 0.000968128 0.000641925 0.000367778 0.000179959 7.53901e-05 2.73585e-05 8.72595e-06 2.47672e-06 6.30461e-07 1.44188e-07 2.94513e-08 5.27708e-09 7.95812e-10 9.12545e-11 5.68743e-12 0 
0 2.32435e-05 0.00019735 0.000686752 0.00137502 0.00198963 0.00249817 0.00297708 0.00345043 0.00390018 0.00429864 0.00462125 0.0048501 0.00497484 0.00499277 0.00490839 0.00473249 0.00448078 0.00417242 0.0038284 0.00346993 0.00311645 0.00278209 0.00246916 0.0021597 0.0018153 0.00140337 0.000946638 0.000533983 0.00024766 9.52984e-05 3.1131e-05 8.84175e-06 2.2214e-06 4.97759e-07 9.92703e-08 1.73469e-08 2.55154e-09 2.85615e-10 1.7399e-11 0 
0 5.37722e-05 0.000409578 0.0011797 0.00198963 0.00268643 0.0033904 0.00413682 0.00488908 0.00559911 0.00622347 0.00672667 0.00708286 0.00727708 0.00730566 0.00717559 0.00690321 0.00651216 0.00603094 0.0054905 0.004922 0.00435497 0.00381602 0.00332671 0.00289739 0.00251295 0.00211883 0.00164469 0.00109269 0.000586246 0.000249721 8.62224e-05 2.49978e-05 6.27426e-06 1.38805e-06 2.71725e-07 4.64924e-08 6.6918e-09 7.33282e-10 4.37693e-11 0 
0 0.000100581 0.000667898 0.00161543 0.00249817 0.0033904 0.0043874 0.00545019 0.00651248 0.00750996 0.00838478 0.00908885 0.0095869 0.00985848 0.00989864 0.00971718 0.00933674 0.00878998 0.00811619 0.00735782 0.00655717 0.00575375 0.0049825 0.00427288 0.00364822 0.00312032 0.0026708 0.00222545 0.0016834 0.00105404 0.000512688 0.000192968 5.83734e-05 1.48385e-05 3.26898e-06 6.31822e-07 1.06318e-07 1.50279e-08 1.61697e-09 9.48266e-11 0 
0 0.000159323 0.000918513 0.0019614 0.00297708 0.00413682 0.00545019 0.00684092 0.00822586 0.00952409 0.0106616 0.0115766 0.0122237 0.0125765 0.0126285 0.0123923 0.0118976 0.0111867 0.0103103 0.00932311 0.00827943 0.00722972 0.0062179 0.00528 0.00444426 0.00373132 0.0031479 0.00265978 0.00215908 0.0015322 0.000855791 0.000358586 0.000115413 3.01124e-05 6.66294e-06 1.27893e-06 2.12585e-07 2.96164e-08 3.1389e-09 1.8136e-10 0 
0 0.000222239 0.00112974 0.00224766 0.00345043 0.00488908 0.00651248 0.00822586 0.00992984 0.011526 0.0129242 0.0140498 0.0148493 0.0152882 0.0153529 0.0150574 0.0144429 0.0135655 0.0124871 0.0112727 0.00998819 0.00869492 0.00744609 0.0062847 0.00524322 0.00434492 0.00360431 0.00301471 0.00250575 0.00192631 0.0012123 0.000568351 0.000197104 5.33542e-05 1.1946e-05 2.28924e-06 3.77433e-07 5.2006e-08 5.44583e-09 3.10855e-10 0 
0 0.00028179 0.00129558 0.00249677 0.00390018 0.00559911 0.00750996 0.00952409 0.011526 0.0134009 0.0150458 0.0163819 0.0173473 0.0178853 0.0179651 0.0176013 0.0168514 0.0157985 0.0145222 0.0130936 0.0115839 0.0100634 0.00859377 0.00722487 0.00599352 0.00492485 0.00403472 0.00332727 0.0027651 0.00221498 0.0015229 0.000790783 0.000296433 8.37638e-05 1.90784e-05 3.66539e-06 6.01533e-07 8.22327e-08 8.53216e-09 4.82411e-10 0 
0 0.000332726 0.00142116 0.00271139 0.00429864 0.00622347 0.00838478 0.0106616 0.0129242 0.0150458 0.016922 0.0184646 0.0195672 0.0201571 0.0202413 0.0198461 0.0189997 0.0177803 0.0163093 0.0146836 0.0129755 0.0112565 0.00959446 0.00804502 0.00664904 0.0054335 0.00441431 0.00359833 0.00296672 0.00241662 0.00176122 0.000993514 0.000400168 0.000118114 2.74335e-05 5.29853e-06 8.67905e-07 1.18029e-07 1.21652e-08 6.82961e-10 0 
0 0.000372247 0.00151232 0.00288427 0.00462125 0.00672667 0.00908885 0.0115766 0.0140498 0.0163819 0.0184646 0.0201346 0.0212306 0.0217724 0.0218446 0.0214808 0.020664 0.0193875 0.0177631 0.0159618 0.0140876 0.0122088 0.0103929 0.00869929 0.00717212 0.00583998 0.00471877 0.00381535 0.00311951 0.00255276 0.00192674 0.00115494 0.000493573 0.000151471 3.58548e-05 6.96973e-06 1.14163e-06 1.54779e-07 1.58831e-08 8.87344e-10 0 
0 0.000399294 0.00157264 0.00300691 0.0048501 0.00708286 0.0095869 0.0122237 0.0148493 0.0173473 0.0195672 0.0212306 0.0222388 0.0227217 0.0227821 0.0224511 0.0217027 0.0204775 0.0187985 0.0168677 0.0148661 0.0128727 0.0109487 0.00915422 0.0075354 0.00612201 0.00492996 0.00396556 0.00322208 0.00263646 0.00202877 0.00126569 0.000564662 0.00017861 4.29484e-05 8.39982e-06 1.37733e-06 1.86481e-07 1.90895e-08 1.06341e-09 0 
0 0.000413799 0.00160399 0.00307352 0.00497484 0.00727708 0.00985848 0.0125765 0.0152882 0.0178853 0.0201571 0.0217724 0.0227217 0.0231732 0.0232265 0.0229103 0.022199 0.0210229 0.0193499 0.0173552 0.0152783 0.013221 0.0112389 0.00939056 0.00772304 0.00626663 0.00503715 0.00404046 0.00327107 0.00267384 0.00207671 0.00132439 0.000606101 0.000195401 4.74846e-05 9.33058e-06 1.53226e-06 2.07453e-07 2.12207e-08 1.18091e-09 0 
0 0.000416184 0.00160774 0.00308238 0.00499277 0.00730566 0.00989864 0.0126285 0.0153529 0.0179651 0.0202413 0.0218446 0.0227821 0.0232265 0.0232762 0.0229595 0.0222512 0.0210808 0.0194088 0.0174033 0.0153139 0.0132476 0.0112583 0.00940376 0.00773102 0.00627022 0.005037 0.00403696 0.00326481 0.00266767 0.00207701 0.00133316 0.000615152 0.000199685 4.8744e-05 9.60372e-06 1.5797e-06 2.14112e-07 2.19205e-08 1.22075e-09 0 
0 0.000407113 0.00158551 0.00303591 0.00490839 0.00717559 0.00971718 0.0123923 0.0150574 0.0176013 0.0198461 0.0214808 0.0224511 0.0229103 0.0229595 0.0226285 0.0218918 0.0206836 0.0189979 0.0170284 0.014989 0.0129667 0.0110186 0.00920312 0.00756638 0.00613784 0.0049328 0.00395688 0.00320426 0.00261948 0.00203293 0.00129514 0.000592903 0.000191544 4.66914e-05 9.20601e-06 1.51698e-06 2.06076e-07 2.115e-08 1.18087e-09 0 
0 0.000387411 0.00153927 0.00294024 0.00473249 0.00690321 0.00933674 0.0118976 0.0144429 0.0168514 0.0189997 0.020664 0.0217027 0.022199 0.0222512 0.0218918 0.0210976 0.0198298 0.0181585 0.0162829 0.0143438 0.0124106 0.0105463 0.00880981 0.00724551 0.00588165 0.00473317 0.00380583 0.00309228 0.00252974 0.00194506 0.00121395 0.00054363 0.0001731 4.19437e-05 8.26603e-06 1.36534e-06 1.86168e-07 1.919e-08 1.07641e-09 0 
0 0.000358102 0.00147102 0.00280429 0.00448078 0.00651216 0.00878998 0.0111867 0.0135655 0.0157985 0.0177803 0.0193875 0.0204775 0.0210229 0.0210808 0.0206836 0.0198298 0.0185509 0.0169746 0.0152404 0.0134342 0.0116246 0.00987885 0.00825394 0.00679169 0.00551889 0.00445016 0.0035914 0.00293184 0.00239685 0.00181205 0.00109473 0.000474455 0.000147989 3.55704e-05 7.00908e-06 1.1623e-06 1.59417e-07 1.65441e-08 9.34641e-10 0 
0 0.000320525 0.00138213 0.0026386 0.00417242 0.00603094 0.00811619 0.0103103 0.0124871 0.0145222 0.0163093 0.0177631 0.0187985 0.0193499 0.0194088 0.0189979 0.0181585 0.0169746 0.0155518 0.0139769 0.0123231 0.0106626 0.00906087 0.00757118 0.00623224 0.00506932 0.00409688 0.00332053 0.00272312 0.00221563 0.00163249 0.000946121 0.000394962 0.000120612 2.88079e-05 5.6915e-06 9.50499e-07 1.31555e-07 1.37884e-08 7.86887e-10 0 
0 0.000276492 0.00127285 0.00245362 0.0038284 0.0054905 0.00735782 0.00932311 0.0112727 0.0130936 0.0146836 0.0159618 0.0168677 0.0173552 0.0174033 0.0170284 0.0162829 0.0152404 0.0139769 0.012565 0.011077 0.00958193 0.00813998 0.00679935 0.00559562 0.00455264 0.00368483 0.00299617 0.00246011 0.00197737 0.00140913 0.000782409 0.000316287 9.52965e-05 2.27816e-05 4.53983e-06 7.673e-07 1.07604e-07 1.14284e-08 6.60647e-10 0 
0 0.000228423 0.0011423 0.00225736 0.00346993 0.004922 0.00655717 0.00827943 0.00998819 0.0115839 0.0129755 0.0140876 0.0148661 0.0152783 0.0153139 0.014989 0.0143438 0.0134342 0.0123231 0.011077 0.00976199 0.00843966 0.00716314 0.00597544 0.0049089 0.00398612 0.00322094 0.00261361 0.00212947 0.00167544 0.00115558 0.0006238 0.00024941 7.55416e-05 1.83152e-05 3.71252e-06 6.38282e-07 9.09531e-08 9.80123e-09 5.73968e-10 0 
0 0.000179343 0.000989698 0.00205224 0.00311645 0.00435497 0.00575375 0.00722972 0.00869492 0.0100634 0.0112565 0.0122088 0.0128727 0.013221 0.0132476 0.0129667 0.0124106 0.0116246 0.0106626 0.00958193 0.00843966 0.00728834 0.00617373 0.00513332 0.00419614 0.00338319 0.00270647 0.00216283 0.00172219 0.00132149 0.000900997 0.00049234 0.00020278 6.35208e-05 1.5856e-05 3.28756e-06 5.74939e-07 8.29854e-08 9.02958e-09 5.32614e-10 0 
0 0.000132642 0.000816998 0.00183232 0.00278209 0.00381602 0.0049825 0.0062179 0.00744609 0.00859377 0.00959446 0.0103929 0.0109487 0.0112389 0.0112583 0.0110186 0.0105463 0.00987885 0.00906087 0.00813998 0.00716314 0.00617373 0.00520968 0.00430271 0.00347868 0.0027582 0.00215471 0.00166922 0.00128605 0.000972433 0.000683301 0.000401653 0.000179479 5.97806e-05 1.54676e-05 3.26339e-06 5.74546e-07 8.30077e-08 9.01274e-09 5.29564e-10 0 
0 9.15433e-05 0.00063211 0.00158384 0.00246916 0.00332671 0.00427288 0.00528 0.0062847 0.00722487 0.00804502 0.00869929 0.00915422 0.00939056 0.00940376 0.00920312 0.00880981 0.00825394 0.00757118 0.00679935 0.00597544 0.00513332 0.00430271 0.00351009 0.00278433 0.00216578 0.00169407 0.00135486 0.00107146 0.000798073 0.000556296 0.00035074 0.000174847 6.29102e-05 1.67978e-05 3.55461e-06 6.19772e-07 8.82825e-08 9.4413e-09 5.46566e-10 0 
0 5.84038e-05 0.000450153 0.00129399 0.0021597 0.00289739 0.00364822 0.00444426 0.00524322 0.00599352 0.00664904 0.00717212 0.0075354 0.00772304 0.00773102 0.00756638 0.00724551 0.00679169 0.00623224 0.00559562 0.0049089 0.00419614 0.00347868 0.00278433 0.00218229 0.00181838 0.00179963 0.00194702 0.0018512 0.00135997 0.000771456 0.000385666 0.000184803 6.99395e-05 1.90436e-05 3.98281e-06 6.78567e-07 9.42962e-08 9.85287e-09 5.58536e-10 0 
0 3.41546e-05 0.000290026 0.000968128 0.0018153 0.00251295 0.00312032 0.00373132 0.00434492 0.00492485 0.0054335 0.00583998 0.00612201 0.00626663 0.00627022 0.00613784 0.00588165 0.00551889 0.00506932 0.00455264 0.00398612 0.00338319 0.0027582 0.00216578 0.00181838 0.00213672 0.00336856 0.0048657 0.00525084 0.0038268 0.00194787 0.000720415 0.000238781 7.97946e-05 2.11873e-05 4.30101e-06 7.09619e-07 9.58103e-08 9.76384e-09 5.41632e-10 0 
0 1.81861e-05 0.000166763 0.000641925 0.00140337 0.00211883 0.0026708 0.0031479 0.00360431 0.00403472 0.00441431 0.00471877 0.00492996 0.00503715 0.005037 0.0049328 0.00473317 0.00445016 0.00409688 0.00368483 0.00322094 0.00270647 0.00215471 0.00169407 0.00179963 0.00336856 0.00699882 0.0123666 0.0140147 0.00943513 0.00449488 0.00152165 0.000384738 9.52553e-05 2.24142e-05 4.27987e-06 6.77913e-07 8.89684e-08 8.87056e-09 4.83271e-10 0 
0 8.77829e-06 8.48958e-05 0.000367778 0.000946638 0.00164469 0.00222545 0.00265978 0.00301471 0.00332727 0.00359833 0.00381535 0.00396556 0.00404046 0.00403696 0.00395688 0.00380583 0.0035914 0.00332053 0.00299617 0.00261361 0.00216283 0.00166922 0.00135486 0.00194702 0.0048657 0.0123666 0.0166533 0.0171335 0.0155447 0.00781394 0.00243899 0.000563117 0.000111101 2.18632e-05 3.80116e-06 5.73827e-07 7.34815e-08 7.21565e-09 3.88596e-10 0 
0 3.83373e-06 3.81963e-05 0.000179959 0.000533983 0.00109269 0.0016834 0.00215908 0.00250575 0.0027651 0.00296672 0.00311951 0.00322208 0.00327107 0.00326481 0.00320426 0.00309228 0.00293184 0.00272312 0.00246011 0.00212947 0.00172219 0.00128605 0.00107146 0.0018512 0.00525084 0.0140147 0.0171335 0.0175157 0.016266 0.00930015 0.00268618 0.000604629 0.000108079 1.84527e-05 2.91394e-06 4.20685e-07 5.30175e-08 5.17526e-09 2.77828e-10 0 
0 1.515e-06 1.52369e-05 7.53901e-05 0.00024766 0.000586246 0.00105404 0.0015322 0.00192631 0.00221498 0.00241662 0.00255276 0.00263646 0.00267384 0.00266767 0.00261948 0.00252974 0.00239685 0.00221563 0.00197737 0.00167544 0.00132149 0.000972433 0.000798073 0.00135997 0.0038268 0.00943513 0.0155447 0.016266 0.0133413 0.00606878 0.00199005 0.000447887 7.86721e-05 1.2522e-05 1.86036e-06 2.6247e-07 3.30425e-08 3.24272e-09 1.75154e-10 0 
0 5.42445e-07 5.4211e-06 2.73585e-05 9.52984e-05 0.000249721 0.000512688 0.000855791 0.0012123 0.0015229 0.00176122 0.00192674 0.00202877 0.00207671 0.00207701 0.00203293 0.00194506 0.00181205 0.00163249 0.00140913 0.00115558 0.000900997 0.000683301 0.000556296 0.000771456 0.00194787 0.00449488 0.00781394 0.00930015 0.00606878 0.00298761 0.000988675 0.000227875 4.1372e-05 6.536e-06 9.66113e-07 1.38038e-07 1.7695e-08 1.76699e-09 9.69332e-11 0 
0 1.76257e-07 1.73117e-06 8.72595e-06 3.1131e-05 8.62224e-05 0.000192968 0.000358586 0.000568351 0.000790783 0.000993514 0.00115494 0.00126569 0.00132439 0.00133316 0.00129514 0.00121395 0.00109473 0.000946121 0.000782409 0.0006238 0.00049234 0.000401653 0.00035074 0.000385666 0.000720415 0.00152165 0.00243899 0.00268618 0.00199005 0.000988675 0.000334421 8.19051e-05 1.5833e-05 2.61794e-06 4.08461e-07 6.12814e-08 8.14326e-09 8.36466e-10 4.70012e-11 0 
0 5.20205e-08 4.98629e-07 2.47672e-06 8.84175e-06 2.49978e-05 5.83734e-05 0.000115413 0.000197104 0.000296433 0.000400168 0.000493573 0.000564662 0.000606101 0.000615152 0.000592903 0.00054363 0.000474455 0.000394962 0.000316287 0.00024941 0.00020278 0.000179479 0.000174847 0.000184803 0.000238781 0.000384738 0.000563117 0.000604629 0.000447887 0.000227875 8.19051e-05 2.18155e-05 4.57835e-06 8.34956e-07 1.43925e-07 2.31945e-08 3.23208e-09 3.44335e-10 1.9958e-11 0 
0 1.39335e-08 1.29813e-07 6.30461e-07 2.2214e-06 6.27426e-06 1.48385e-05 3.01124e-05 5.33542e-05 8.37638e-05 0.000118114 0.000151471 0.00017861 0.000195401 0.000199685 0.000191544 0.0001731 0.000147989 0.000120612 9.52965e-05 7.55416e-05 6.35208e-05 5.97806e-05 6.29102e-05 6.99395e-05 7.97946e-05 9.52553e-05 0.000111101 0.000108079 7.86721e-05 4.1372e-05 1.5833e-05 4.57835e-06 1.07708e-06 2.25191e-07 4.354e-08 7.56814e-09 1.11091e-09 1.23411e-10 7.41758e-12 0 
0 3.37303e-09 3.04854e-08 1.44188e-07 4.97759e-07 1.38805e-06 3.26898e-06 6.66294e-06 1.1946e-05 1.90784e-05 2.74335e-05 3.58548e-05 4.29484e-05 4.74846e-05 4.8744e-05 4.66914e-05 4.19437e-05 3.55704e-05 2.88079e-05 2.27816e-05 1.83152e-05 1.5856e-05 1.54676e-05 1.67978e-05 1.90436e-05 2.11873e-05 2.24142e-05 2.18632e-05 1.84527e-05 1.2522e-05 6.536e-06 2.61794e-06 8.34956e-07 2.25191e-07 5.38557e-08 1.15042e-08 2.14098e-09 3.31175e-10 3.84799e-11 2.4069e-12 0 
0 7.30851e-10 6.4045e-09 2.94513e-08 9.92703e-08 2.71725e-07 6.31822e-07 1.27893e-06 2.28924e-06 3.66539e-06 5.29853e-06 6.96973e-06 8.39982e-06 9.33058e-06 9.60372e-06 9.20601e-06 8.26603e-06 7.00908e-06 5.6915e-06 4.53983e-06 3.71252e-06 3.28756e-06 3.26339e-06 3.55461e-06 3.98281e-06 4.30101e-06 4.27987e-06 3.80116e-06 2.91394e-06 1.86036e-06 9.66113e-07 4.08461e-07 1.43925e-07 4.354e-08 1.15042e-08 2.65102e-09 5.23705e-10 8.52789e-11 1.03774e-11 6.76867e-13 0 
0 1.38886e-10 1.18053e-09 5.27708e-09 1.73469e-08 4.64924e-08 1.06318e-07 2.12585e-07 3.77433e-07 6.01533e-07 8.67905e-07 1.14163e-06 1.37733e-06 1.53226e-06 1.5797e-06 1.51698e-06 1.36534e-06 1.1623e-06 9.50499e-07 7.673e-07 6.38282e-07 5.74939e-07 5.74546e-07 6.19772e-07 6.78567e-07 7.09619e-07 6.77913e-07 5.73827e-07 4.20685e-07 2.6247e-07 1.38038e-07 6.12814e-08 2.31945e-08 7.56814e-09 2.14098e-09 5.23705e-10 1.09182e-10 1.86873e-11 2.38157e-12 1.62098e-13 0 
0 2.21757e-11 1.83018e-10 7.95812e-10 2.55154e-09 6.6918e-09 1.50279e-08 2.96164e-08 5.2006e-08 8.22327e-08 1.18029e-07 1.54779e-07 1.86481e-07 2.07453e-07 2.14112e-07 2.06076e-07 1.86168e-07 1.59417e-07 1.31555e-07 1.07604e-07 9.09531e-08 8.29854e-08 8.30077e-08 8.82825e-08 9.42962e-08 9.58103e-08 8.89684e-08 7.34815e-08 5.30175e-08 3.30425e-08 1.7695e-08 8.14326e-09 3.23208e-09 1.11091e-09 3.31175e-10 8.52789e-11 1.86873e-11 3.35491e-12 4.47322e-13 3.17621e-14 0 
0 2.68538e-12 2.15484e-11 9.12545e-11 2.85615e-10 7.33282e-10 1.61697e-09 3.1389e-09 5.44583e-09 8.53216e-09 1.21652e-08 1.58831e-08 1.90895e-08 2.12207e-08 2.19205e-08 2.115e-08 1.919e-08 1.65441e-08 1.37884e-08 1.14284e-08 9.80123e-09 9.02958e-09 9.01274e-09 9.4413e-09 9.85287e-09 9.76384e-09 8.87056e-09 7.21565e-09 5.17526e-09 3.24272e-09 1.76699e-09 8.36466e-10 3.44335e-10 1.23411e-10 3.84799e-11 1.03774e-11 2.38157e-12 4.47322e-13 6.22912e-14 4.60931e-15 0 
0 1.76209e-13 1.37693e-12 5.68743e-12 1.7399e-11 4.37693e-11 9.48266e-11 1.8136e-10 3.10855e-10 4.82411e-10 6.82961e-10 8.87344e-10 1.06341e-09 1.18091e-09 1.22075e-09 1.18087e-09 1.07641e-09 9.34641e-10 7.86887e-10 6.60647e-10 5.73968e-10 5.32614e-10 5.29564e-10 5.46566e-10 5.58536e-10 5.41632e-10 4.83271e-10 3.88596e-10 2.77828e-10 1.75154e-10 9.69332e-11 4.70012e-11 1.9958e-11 7.41758e-12 2.4069e-12 6.76867e-13 1.62098e-13 3.17621e-14 4.60931e-15 3.54895e-16 0 
0 0 0 0 0 0 0 0 0 0 0 0 0 0 0 0 0 0 0 0 0 0 0 0 0 0 0 0 0 0 0 0 0 0 0 0 0 0 0 0 0 
