0 0 0 0 0 0 0 0 0 0 0 0 0 0 0 0 0 0 0 0 0 0 0 0 0 0 0 0 0 0 0 0 0 0 0 0 0 0 0 0 0 
0 1.07774e-09 1.02171e-08 5.09797e-08 1.86887e-07 5.56918e-07 1.40856e-06 3.09168e-06 5.96832e-06 1.02278e-05 1.56742e-05 2.16174e-05 2.69817e-05 3.06254e-05 3.17375e-05 3.01211e-05 2.6236e-05 2.10005e-05 1.54589e-05 1.04691e-05 6.52467e-06 3.74388e-06 1.97942e-06 9.65402e-07 4.35016e-07 1.81442e-07 7.01926e-08 2.5239e-08 8.45115e-09 2.63936e-09 7.69536e-10 2.09461e-10 5.31504e-11 1.25289e-11 2.72494e-12 5.40055e-13 9.5329e-14 1.43243e-14 1.65043e-15 1.03991e-16 0 
0 1.02171e-08 1.00682e-07 5.21912e-07 1.98375e-06 6.10893e-06 1.5896e-05 3.57084e-05 7.01533e-05 0.00012168 0.000187833 0.000259978 0.000324863 0.000368713 0.000381952 0.00036237 0.000315493 0.000252267 0.000185238 0.000124853 7.72131e-05 4.38131e-05 2.28249e-05 1.09314e-05 4.82198e-06 1.96374e-06 7.4026e-07 2.58984e-07 8.42983e-08 2.55805e-08 7.24661e-09 1.9171e-09 4.731e-10 1.08549e-10 2.30025e-11 4.44679e-12 7.66551e-13 1.12624e-13 1.27038e-14 7.84594e-16 0 
0 5.09797e-08 5.21912e-07 2.80861e-06 1.10532e-05 3.50885e-05 9.35584e-05 0.00021381 0.000424047 0.000737129 0.00113393 0.00155887 0.00193364 0.00218245 0.00225588 0.00214398 0.00187634 0.00151124 0.00111797 0.000757733 0.000469531 0.000265688 0.00013731 6.49068e-05 2.81328e-05 1.12162e-05 4.12757e-06 1.4069e-06 4.4559e-07 1.31483e-07 3.62141e-08 9.31738e-09 2.23756e-09 5.00034e-10 1.03313e-10 1.94958e-11 3.28471e-12 4.72289e-13 5.22031e-14 3.1634e-15 0 
0 1.86887e-07 1.98375e-06 1.10532e-05 4.48676e-05 0.000145975 0.000395364 0.000907819 0.00178815 0.00305573 0.00459031 0.00615165 0.00746308 0.00829919 0.00853475 0.00815442 0.00724192 0.00596018 0.00452099 0.00314031 0.00198581 0.00113881 0.000591577 0.000278783 0.000119599 4.69232e-05 1.69201e-05 5.63441e-06 1.7401e-06 5.00157e-07 1.34137e-07 3.36093e-08 7.86435e-09 1.71383e-09 3.45661e-10 6.37497e-11 1.05105e-11 1.4808e-12 1.60592e-13 9.56102e-15 0 
0 5.56918e-07 6.10893e-06 3.50885e-05 0.000145975 0.000482026 0.00130683 0.00295323 0.005628 0.00918436 0.0131026 0.0167258 0.0195225 0.0211896 0.0216199 0.0208376 0.0189605 0.0161987 0.0128709 0.00939734 0.00622839 0.00371184 0.00197968 0.00094546 0.000406251 0.000158155 5.62056e-05 1.83619e-05 5.54734e-06 1.55721e-06 4.07563e-07 9.96472e-08 2.27611e-08 4.84545e-09 9.55595e-10 1.72526e-10 2.78801e-11 3.85511e-12 4.1089e-13 2.4075e-14 0 
0 1.40856e-06 1.5896e-05 9.35584e-05 0.000395364 0.00130683 0.00347358 0.00751316 0.0134204 0.0203081 0.0269232 0.0323335 0.0361248 0.0382229 0.0386914 0.037626 0.0351238 0.0312971 0.0263314 0.020585 0.0146665 0.00934744 0.00526109 0.00260516 0.00114039 0.000445748 0.000157378 5.07226e-05 1.50529e-05 4.14056e-06 1.06059e-06 2.53681e-07 5.6697e-08 1.18168e-08 2.28361e-09 4.04438e-10 6.41913e-11 8.72924e-12 9.16289e-13 5.29512e-14 0 
0 3.09168e-06 3.57084e-05 0.00021381 0.000907819 0.00295323 0.00751316 0.015124 0.0247241 0.0342844 0.0423085 0.0482892 0.052256 0.0543632 0.0547531 0.0535442 0.0508361 0.0466991 0.0411734 0.0343336 0.0264806 0.0183787 0.0111905 0.00589099 0.00268181 0.00106823 0.000378483 0.000121172 3.54999e-05 9.60614e-06 2.4162e-06 5.67079e-07 1.24358e-07 2.54428e-08 4.83035e-09 8.41301e-10 1.31476e-10 1.76284e-11 1.82718e-12 1.04434e-13 0 
0 5.96832e-06 7.01533e-05 0.000424047 0.00178815 0.005628 0.0134204 0.0247241 0.0368918 0.0475191 0.0558184 0.0618921 0.0659466 0.0681022 0.0684446 0.0670803 0.0641481 0.0597914 0.0541033 0.0470777 0.0386681 0.0291047 0.0193582 0.0110358 0.00532818 0.00219748 0.00079015 0.000253217 7.36397e-05 1.96876e-05 4.88067e-06 1.12779e-06 2.43444e-07 4.90433e-08 9.17485e-09 1.57626e-09 2.43296e-10 3.22673e-11 3.31388e-12 1.88035e-13 0 
0 1.02278e-05 0.00012168 0.000737129 0.00305573 0.00918436 0.0203081 0.0342844 0.0475191 0.0583556 0.0668261 0.0732057 0.0775757 0.0799242 0.0802697 0.0787112 0.0754288 0.0706526 0.0646018 0.0573933 0.0489539 0.0391133 0.0281453 0.0174473 0.00904459 0.00391407 0.00144356 0.000466618 0.000135459 3.59419e-05 8.8167e-06 2.01325e-06 4.29303e-07 8.54624e-08 1.58112e-08 2.68944e-09 4.11609e-10 5.42263e-11 5.54377e-12 3.13904e-13 0 
0 1.56742e-05 0.000187833 0.00113393 0.00459031 0.0131026 0.0269232 0.0423085 0.0558184 0.0668261 0.0757046 0.0825872 0.087378 0.0899659 0.0903322 0.0885785 0.0849166 0.0796372 0.0730583 0.0654397 0.0568542 0.0470883 0.0359017 0.0239524 0.0133472 0.00610408 0.00232725 0.000763698 0.000222456 5.88398e-05 1.43411e-05 3.24911e-06 6.87224e-07 1.3576e-07 2.49493e-08 4.22184e-09 6.44041e-10 8.47756e-11 8.68435e-12 4.94337e-13 0 
0 2.16174e-05 0.000259978 0.00155887 0.00615165 0.0167258 0.0323335 0.0482892 0.0618921 0.0732057 0.0825872 0.0899765 0.0951535 0.0979518 0.0983363 0.0964151 0.0924228 0.0866895 0.0795944 0.0714955 0.0626103 0.0528483 0.0418067 0.0294878 0.0175059 0.00845462 0.0033432 0.00111853 0.000328325 8.69366e-05 2.11443e-05 4.77464e-06 1.00659e-06 1.98374e-07 3.6426e-08 6.1723e-09 9.45509e-10 1.25399e-10 1.2993e-11 7.51189e-13 0 
0 2.69817e-05 0.000324863 0.00193364 0.00746308 0.0195225 0.0361248 0.052256 0.0659466 0.0775757 0.087378 0.0951535 0.100612 0.103558 0.103951 0.101904 0.0976681 0.0915984 0.0841095 0.0756163 0.0664321 0.0565966 0.0457357 0.0334899 0.0208755 0.0105679 0.00432713 0.00147844 0.000438719 0.000116774 2.84782e-05 6.44498e-06 1.36285e-06 2.69881e-07 4.99274e-08 8.55248e-09 1.32982e-09 1.7983e-10 1.90863e-11 1.13514e-12 0 
0 3.06254e-05 0.000368713 0.00218245 0.00829919 0.0211896 0.0382229 0.0543632 0.0681022 0.0799242 0.0899659 0.0979518 0.103558 0.106577 0.106966 0.104843 0.100467 0.0942066 0.086495 0.0777752 0.0684119 0.0585315 0.0478344 0.0358232 0.0230791 0.0121063 0.00510508 0.00178024 0.000535435 0.000143918 3.54084e-05 8.09162e-06 1.73173e-06 3.48259e-07 6.57107e-08 1.15371e-08 1.84811e-09 2.58689e-10 2.85222e-11 1.76542e-12 0 
0 3.17375e-05 0.000381952 0.00225588 0.00853475 0.0216199 0.0386914 0.0547531 0.0684446 0.0802697 0.0903322 0.0983363 0.103951 0.106966 0.10734 0.105191 0.100783 0.0944853 0.0867364 0.0779869 0.0686196 0.0588017 0.0482896 0.0365668 0.0239977 0.0128793 0.00555333 0.00197391 0.000603627 0.000164885 4.12918e-05 9.63659e-06 2.11603e-06 4.39053e-07 8.59766e-08 1.57512e-08 2.64329e-09 3.88288e-10 4.48845e-11 2.90212e-12 0 
0 3.01211e-05 0.00036237 0.00214398 0.00815442 0.0208376 0.037626 0.0535442 0.0670803 0.0787112 0.0885785 0.0964151 0.101904 0.104843 0.105191 0.103068 0.0987306 0.0925442 0.0849381 0.0763542 0.0671678 0.0575475 0.0472748 0.0358758 0.0236887 0.0128587 0.00563388 0.00204179 0.000638625 0.000179143 4.63207e-05 1.1236e-05 2.58294e-06 5.64822e-07 1.17128e-07 2.27642e-08 4.04543e-09 6.26027e-10 7.56466e-11 5.06638e-12 0 
0 2.6236e-05 0.000315493 0.00187634 0.00724192 0.0189605 0.0351238 0.0508361 0.0641481 0.0754288 0.0849166 0.0924228 0.0976681 0.100467 0.100783 0.0987306 0.0945586 0.0886164 0.0813137 0.0730686 0.0642266 0.0549265 0.0449543 0.0339322 0.0223203 0.0121542 0.00539875 0.00200533 0.000649358 0.000190443 5.19948e-05 1.34401e-05 3.31481e-06 7.79756e-07 1.73526e-07 3.59362e-08 6.73446e-09 1.08596e-09 1.35129e-10 9.22e-12 0 
0 2.10005e-05 0.000252267 0.00151124 0.00596018 0.0161987 0.0312971 0.0466991 0.0597914 0.0706526 0.0796372 0.0866895 0.0915984 0.0942066 0.0944853 0.0925442 0.0886164 0.0830281 0.076159 0.0683877 0.0600094 0.0511125 0.0414938 0.0309458 0.0201446 0.0109774 0.00496975 0.00191907 0.0006578 0.00020739 6.15837e-05 1.74152e-05 4.69168e-06 1.19511e-06 2.84102e-07 6.18705e-08 1.20065e-08 1.97791e-09 2.48641e-10 1.69906e-11 0 
0 1.54589e-05 0.000185238 0.00111797 0.00452099 0.0128709 0.0263314 0.0411734 0.0541033 0.0646018 0.0730583 0.0795944 0.0841095 0.086495 0.0867364 0.0849381 0.0813137 0.076159 0.0698117 0.0625955 0.0547386 0.046279 0.0370754 0.0271798 0.0174859 0.00959846 0.00450407 0.00185703 0.000696607 0.000244175 8.09568e-05 2.53698e-05 7.45051e-06 2.02668e-06 5.0402e-07 1.12783e-07 2.21662e-08 3.65786e-09 4.56953e-10 3.08573e-11 0 
0 1.04691e-05 0.000124853 0.000757733 0.00314031 0.00939734 0.020585 0.0343336 0.0470777 0.0573933 0.0654397 0.0714955 0.0756163 0.0777752 0.0779869 0.0763542 0.0730686 0.0683877 0.0625955 0.0559473 0.0486028 0.0405913 0.0319288 0.0229768 0.0147145 0.00829073 0.00415585 0.00189927 0.000808515 0.000323081 0.000120503 4.1453e-05 1.29978e-05 3.68049e-06 9.33506e-07 2.09812e-07 4.09736e-08 6.66951e-09 8.17992e-10 5.4077e-11 0 
0 6.52467e-06 7.72131e-05 0.000469531 0.00198581 0.00622839 0.0146665 0.0264806 0.0386681 0.0489539 0.0568542 0.0626103 0.0664321 0.0684119 0.0686196 0.0671678 0.0642266 0.0600094 0.0547386 0.0486028 0.041731 0.0342359 0.0263785 0.0187521 0.0121827 0.00726879 0.00404412 0.00212364 0.0010498 0.000480325 0.000199064 7.34896e-05 2.39641e-05 6.886e-06 1.74192e-06 3.86056e-07 7.38228e-08 1.17198e-08 1.39917e-09 8.99829e-11 0 
0 3.74388e-06 4.38131e-05 0.000265688 0.00113881 0.00371184 0.00934744 0.0183787 0.0291047 0.0391133 0.0470883 0.0528483 0.0565966 0.0585315 0.0588017 0.0575475 0.0549265 0.0511125 0.046279 0.0405913 0.0342359 0.0275028 0.0208656 0.0149199 0.0101369 0.00664001 0.0042305 0.00259781 0.00149416 0.000775056 0.000350786 0.000135991 4.50529e-05 1.28506e-05 3.18213e-06 6.85248e-07 1.26886e-07 1.94863e-08 2.25133e-09 1.40284e-10 0 
0 1.97942e-06 2.28249e-05 0.00013731 0.000591577 0.00197968 0.00526109 0.0111905 0.0193582 0.0281453 0.0359017 0.0418067 0.0457357 0.0478344 0.0482896 0.0472748 0.0449543 0.0414938 0.0370754 0.0319288 0.0263785 0.0208656 0.0158756 0.0117717 0.00865782 0.00638949 0.00470615 0.00336908 0.00224118 0.00131151 0.0006432 0.000257794 8.47961e-05 2.34284e-05 5.56609e-06 1.14863e-06 2.04138e-07 3.01568e-08 3.36005e-09 2.02462e-10 0 
0 9.65402e-07 1.09314e-05 6.49068e-05 0.000278783 0.00094546 0.00260516 0.00589099 0.0110358 0.0174473 0.0239524 0.0294878 0.0334899 0.0358232 0.0365668 0.0358758 0.0339322 0.0309458 0.0271798 0.0229768 0.0187521 0.0149199 0.0117717 0.00939128 0.00767542 0.00644063 0.00551082 0.00467487 0.00366912 0.00244004 0.00128622 0.000521123 0.000163985 4.20002e-05 9.23261e-06 1.78745e-06 3.0201e-07 4.276e-08 4.58936e-09 2.67439e-10 0 
0 4.35016e-07 4.82198e-06 2.81328e-05 0.000119599 0.000406251 0.00114039 0.00268181 0.00532818 0.00904459 0.0133472 0.0175059 0.0208755 0.0230791 0.0239977 0.0236887 0.0223203 0.0201446 0.0174859 0.0147145 0.0121827 0.0101369 0.00865782 0.00767542 0.00709162 0.00700991 0.00768198 0.00859238 0.00821103 0.00595625 0.00315654 0.0012194 0.000348106 7.74838e-05 1.47453e-05 2.56332e-06 4.04647e-07 5.47161e-08 5.66262e-09 3.19836e-10 0 
0 1.81442e-07 1.96374e-06 1.12162e-05 4.69232e-05 0.000158155 0.000445748 0.00106823 0.00219748 0.00391407 0.00610408 0.00845462 0.0105679 0.0121063 0.0128793 0.0128587 0.0121542 0.0109774 0.00959846 0.00829073 0.00726879 0.00664001 0.00638949 0.00644063 0.00700991 0.00939287 0.0151324 0.0218661 0.0233068 0.0172141 0.00873419 0.00309997 0.000788547 0.000149164 2.32337e-05 3.40231e-06 4.85709e-07 6.23212e-08 6.23508e-09 3.42805e-10 0 
0 7.01926e-08 7.4026e-07 4.12757e-06 1.69201e-05 5.62056e-05 0.000157378 0.000378483 0.00079015 0.00144356 0.00232725 0.0033432 0.00432713 0.00510508 0.00555333 0.00563388 0.00539875 0.00496975 0.00450407 0.00415585 0.00404412 0.0042305 0.00470615 0.00551082 0.00768198 0.0151324 0.0314574 0.0500101 0.054927 0.0406738 0.020224 0.00682091 0.0016004 0.000268647 3.48995e-05 4.16281e-06 5.17712e-07 6.24283e-08 6.0605e-09 3.26338e-10 0 
0 2.5239e-08 2.58984e-07 1.4069e-06 5.63441e-06 1.83619e-05 5.07226e-05 0.000121172 0.000253217 0.000466618 0.000763698 0.00111853 0.00147844 0.00178024 0.00197391 0.00204179 0.00200533 0.00191907 0.00185703 0.00189927 0.00212364 0.00259781 0.00336908 0.00467487 0.00859238 0.0218661 0.0500101 0.0816834 0.0904184 0.0670011 0.0331287 0.0109689 0.002473 0.000388206 4.48289e-05 4.49453e-06 4.82074e-07 5.43811e-08 5.15294e-09 2.73875e-10 0 
0 8.45115e-09 8.42983e-08 4.4559e-07 1.7401e-06 5.54734e-06 1.50529e-05 3.54999e-05 7.36397e-05 0.000135459 0.000222456 0.000328325 0.000438719 0.000535435 0.000603627 0.000638625 0.000649358 0.0006578 0.000696607 0.000808515 0.0010498 0.00149416 0.00224118 0.00366912 0.00821103 0.0233068 0.054927 0.0904184 0.10031 0.0743461 0.0367031 0.0120838 0.00268123 0.000407312 4.41798e-05 3.97311e-06 3.80539e-07 4.07092e-08 3.8054e-09 2.01503e-10 0 
0 2.63936e-09 2.55805e-08 1.31483e-07 5.00157e-07 1.55721e-06 4.14056e-06 9.60614e-06 1.96876e-05 3.59419e-05 5.88398e-05 8.69366e-05 0.000116774 0.000143918 0.000164885 0.000179143 0.000190443 0.00020739 0.000244175 0.000323081 0.000480325 0.000775056 0.00131151 0.00244004 0.00595625 0.0172141 0.0406738 0.0670011 0.0743461 0.055104 0.0272004 0.00894948 0.00197683 0.000296233 3.131e-05 2.69374e-06 2.46261e-07 2.59109e-08 2.42958e-09 1.29521e-10 0 
0 7.69536e-10 7.24661e-09 3.62141e-08 1.34137e-07 4.07563e-07 1.06059e-06 2.4162e-06 4.88067e-06 8.8167e-06 1.43411e-05 2.11443e-05 2.84782e-05 3.54084e-05 4.12918e-05 4.63207e-05 5.19948e-05 6.15837e-05 8.09568e-05 0.000120503 0.000199064 0.000350786 0.0006432 0.00128622 0.00315654 0.00873419 0.020224 0.0331287 0.0367031 0.0272004 0.0134416 0.0044341 0.000980533 0.000146685 1.5537e-05 1.35803e-06 1.28392e-07 1.39587e-08 1.33896e-09 7.26254e-11 0 
0 2.09461e-10 1.9171e-09 9.31738e-09 3.36093e-08 9.96472e-08 2.53681e-07 5.67079e-07 1.12779e-06 2.01325e-06 3.24911e-06 4.77464e-06 6.44498e-06 8.09162e-06 9.63659e-06 1.1236e-05 1.34401e-05 1.74152e-05 2.53698e-05 4.1453e-05 7.34896e-05 0.000135991 0.000257794 0.000521123 0.0012194 0.00309997 0.00682091 0.0109689 0.0120838 0.00894948 0.0044341 0.00146927 0.000326395 4.93553e-05 5.40969e-06 5.13961e-07 5.45003e-08 6.39471e-09 6.37898e-10 3.55286e-11 0 
0 5.31504e-11 4.731e-10 2.23756e-09 7.86435e-09 2.27611e-08 5.6697e-08 1.24358e-07 2.43444e-07 4.29303e-07 6.87224e-07 1.00659e-06 1.36285e-06 1.73173e-06 2.11603e-06 2.58294e-06 3.31481e-06 4.69168e-06 7.45051e-06 1.29978e-05 2.39641e-05 4.50529e-05 8.47961e-05 0.000163985 0.000348106 0.000788547 0.0016004 0.002473 0.00268123 0.00197683 0.000980533 0.000326395 7.33686e-05 1.14708e-05 1.3704e-06 1.53965e-07 1.94804e-08 2.51802e-09 2.63538e-10 1.51774e-11 0 
0 1.25289e-11 1.08549e-10 5.00034e-10 1.71383e-09 4.84545e-09 1.18168e-08 2.54428e-08 4.90433e-08 8.54624e-08 1.3576e-07 1.98374e-07 2.69881e-07 3.48259e-07 4.39053e-07 5.64822e-07 7.79756e-07 1.19511e-06 2.02668e-06 3.68049e-06 6.886e-06 1.28506e-05 2.34284e-05 4.20002e-05 7.74838e-05 0.000149164 0.000268647 0.000388206 0.000407312 0.000296233 0.000146685 4.93553e-05 1.14708e-05 1.94727e-06 2.76547e-07 3.97616e-08 6.07355e-09 8.60212e-10 9.46631e-11 5.66377e-12 0 
0 2.72494e-12 2.30025e-11 1.03313e-10 3.45661e-10 9.55595e-10 2.28361e-09 4.83035e-09 9.17485e-09 1.58112e-08 2.49493e-08 3.6426e-08 4.99274e-08 6.57107e-08 8.59766e-08 1.17128e-07 1.73526e-07 2.84102e-07 5.0402e-07 9.33506e-07 1.74192e-06 3.18213e-06 5.56609e-06 9.23261e-06 1.47453e-05 2.32337e-05 3.48995e-05 4.48289e-05 4.41798e-05 3.131e-05 1.5537e-05 5.40969e-06 1.3704e-06 2.76547e-07 5.11608e-08 9.47244e-09 1.67586e-09 2.5565e-10 2.95586e-11 1.84275e-12 0 
0 5.40055e-13 4.44679e-12 1.94958e-11 6.37497e-11 1.72526e-10 4.04438e-10 8.41301e-10 1.57626e-09 2.68944e-09 4.22184e-09 6.1723e-09 8.55248e-09 1.15371e-08 1.57512e-08 2.27642e-08 3.59362e-08 6.18705e-08 1.12783e-07 2.09812e-07 3.86056e-07 6.85248e-07 1.14863e-06 1.78745e-06 2.56332e-06 3.40231e-06 4.16281e-06 4.49453e-06 3.97311e-06 2.69374e-06 1.35803e-06 5.13961e-07 1.53965e-07 3.97616e-08 9.47244e-09 2.08525e-09 4.05791e-10 6.57464e-11 7.9781e-12 5.19092e-13 0 
0 9.5329e-14 7.66551e-13 3.28471e-12 1.05105e-11 2.78801e-11 6.41913e-11 1.31476e-10 2.43296e-10 4.11609e-10 6.44041e-10 9.45509e-10 1.32982e-09 1.84811e-09 2.64329e-09 4.04543e-09 6.73446e-09 1.20065e-08 2.21662e-08 4.09736e-08 7.38228e-08 1.26886e-07 2.04138e-07 3.0201e-07 4.04647e-07 4.85709e-07 5.17712e-07 4.82074e-07 3.80539e-07 2.46261e-07 1.28392e-07 5.45003e-08 1.94804e-08 6.07355e-09 1.67586e-09 4.05791e-10 8.42799e-11 1.43961e-11 1.83147e-12 1.24431e-13 0 
0 1.43243e-14 1.12624e-13 4.72289e-13 1.4808e-12 3.85511e-12 8.72924e-12 1.76284e-11 3.22673e-11 5.42263e-11 8.47756e-11 1.25399e-10 1.7983e-10 2.58689e-10 3.88288e-10 6.26027e-10 1.08596e-09 1.97791e-09 3.65786e-09 6.66951e-09 1.17198e-08 1.94863e-08 3.01568e-08 4.276e-08 5.47161e-08 6.23212e-08 6.24283e-08 5.43811e-08 4.07092e-08 2.59109e-08 1.39587e-08 6.39471e-09 2.51802e-09 8.60212e-10 2.5565e-10 6.57464e-11 1.43961e-11 2.58232e-12 3.43944e-13 2.43906e-14 0 
0 1.65043e-15 1.27038e-14 5.22031e-14 1.60592e-13 4.1089e-13 9.16289e-13 1.82718e-12 3.31388e-12 5.54377e-12 8.68435e-12 1.2993e-11 1.90863e-11 2.85222e-11 4.48845e-11 7.56466e-11 1.35129e-10 2.48641e-10 4.56953e-10 8.17992e-10 1.39917e-09 2.25133e-09 3.36005e-09 4.58936e-09 5.66262e-09 6.23508e-09 6.0605e-09 5.15294e-09 3.8054e-09 2.42958e-09 1.33896e-09 6.37898e-10 2.63538e-10 9.46631e-11 2.95586e-11 7.9781e-12 1.83147e-12 3.43944e-13 4.78704e-14 3.53937e-15 0 
0 1.03991e-16 7.84594e-16 3.1634e-15 9.56102e-15 2.4075e-14 5.29512e-14 1.04434e-13 1.88035e-13 3.13904e-13 4.94337e-13 7.51189e-13 1.13514e-12 1.76542e-12 2.90212e-12 5.06638e-12 9.22e-12 1.69906e-11 3.08573e-11 5.4077e-11 8.99829e-11 1.40284e-10 2.02462e-10 2.67439e-10 3.19836e-10 3.42805e-10 3.26338e-10 2.73875e-10 2.01503e-10 1.29521e-10 7.26254e-11 3.55286e-11 1.51774e-11 5.66377e-12 1.84275e-12 5.19092e-13 1.24431e-13 2.43906e-14 3.53937e-15 2.72409e-16 0 
0 0 0 0 0 0 0 0 0 0 0 0 0 0 0 0 0 0 0 0 0 0 0 0 0 0 0 0 0 0 0 0 0 0 0 0 0 0 0 0 0 
