0 0 0 0 0 0 0 0 0 0 0 0 0 0 0 0 0 0 0 0 0 0 0 0 0 0 0 0 0 0 0 0 0 0 0 0 0 0 0 0 0 
0 1.87951e-07 1.64414e-06 6.98178e-06 1.9923e-05 4.26918e-05 7.35876e-05 0.00010783 0.000140504 0.000168477 0.00019051 0.000206536 0.000216975 0.000222332 0.000223042 0.000219422 0.000211687 0.000199985 0.000184462 0.000165373 0.000143218 0.000118888 9.37321e-05 6.94623e-05 4.78587e-05 3.03281e-05 1.75079e-05 9.13896e-06 4.29352e-06 1.81216e-06 6.87406e-07 2.34705e-07 7.22303e-08 2.00333e-08 4.99139e-09 1.10731e-09 2.14497e-10 3.47835e-11 4.26511e-12 2.82703e-13 0 
0 1.64414e-06 1.45202e-05 5.90221e-05 0.000151101 0.000275873 0.000397278 0.0004927 0.000561385 0.000611188 0.000648542 0.000676365 0.000695303 0.00070521 0.000706056 0.000698288 0.000682845 0.000660926 0.000633585 0.000601192 0.000562927 0.000516597 0.000459262 0.000389038 0.000307689 0.000222304 0.000143803 8.20312e-05 4.09344e-05 1.7856e-05 6.84125e-06 2.31907e-06 7.0038e-07 1.89279e-07 4.57756e-08 9.8409e-09 1.84698e-09 2.9041e-10 3.45727e-11 2.22845e-12 0 
0 6.98178e-06 5.90221e-05 0.000209941 0.000434429 0.000632796 0.000769628 0.000873785 0.000970002 0.00106311 0.00114821 0.0012187 0.00126934 0.00129698 0.00130063 0.00128125 0.00124152 0.00118546 0.00111813 0.00104509 0.000971762 0.000902157 0.000836881 0.000770749 0.00069205 0.000587155 0.000452211 0.000303891 0.000173199 8.2821e-05 3.3419e-05 1.15539e-05 3.4806e-06 9.25506e-07 2.18559e-07 4.57125e-08 8.33646e-09 1.27387e-09 1.4753e-10 9.26452e-12 0 
0 1.9923e-05 0.000151101 0.000434429 0.000712092 0.000904602 0.00107529 0.00126086 0.00145579 0.00164421 0.00181187 0.00194777 0.00204421 0.00209677 0.00210433 0.00206877 0.00199464 0.00188858 0.0017587 0.00161398 0.00146374 0.00131736 0.00118369 0.00106951 0.000975379 0.000889047 0.000782795 0.000628372 0.000430997 0.000240959 0.00010829 3.973e-05 1.22411e-05 3.25112e-06 7.56605e-07 1.54885e-07 2.75637e-08 4.10705e-09 4.64016e-10 2.84585e-11 0 
0 4.26918e-05 0.000275873 0.000632796 0.000904602 0.0011486 0.00143157 0.00174388 0.00206065 0.00235988 0.00262303 0.00283511 0.00298523 0.00306709 0.00307914 0.00302432 0.00290952 0.0027447 0.00254188 0.0023141 0.00207452 0.00183566 0.00160917 0.00140589 0.00123552 0.00110318 0.000999172 0.000887175 0.000716768 0.000481635 0.000253039 0.000102983 3.34736e-05 9.0516e-06 2.10015e-06 4.23929e-07 7.40075e-08 1.0796e-08 1.19387e-09 7.17169e-11 0 
0 7.35876e-05 0.000397278 0.000769628 0.00107529 0.00143157 0.00184935 0.00229711 0.00274483 0.00316525 0.00353396 0.00383071 0.00404064 0.00415514 0.00417208 0.00409557 0.00393519 0.00370474 0.00342075 0.00310112 0.00276367 0.00242505 0.00210002 0.0018012 0.00153964 0.00132545 0.00116481 0.00104631 0.000921094 0.000721045 0.000449384 0.000209868 7.42047e-05 2.08581e-05 4.88705e-06 9.80659e-07 1.68892e-07 2.42258e-08 2.63157e-09 1.55311e-10 0 
0 0.00010783 0.0004927 0.000873785 0.00126086 0.00174388 0.00229711 0.00288326 0.00346698 0.00401415 0.00449369 0.00488032 0.00515666 0.00531066 0.00533397 0.00523027 0.00501709 0.00471539 0.00434556 0.00392944 0.00348956 0.00304713 0.00262068 0.0022254 0.00187335 0.00157456 0.0013383 0.00116875 0.00104427 0.000893466 0.000644311 0.000348834 0.000137155 4.08245e-05 9.77824e-06 1.96607e-06 3.35899e-07 4.75801e-08 5.09521e-09 2.96363e-10 0 
0 0.000140504 0.000561385 0.000970002 0.00145579 0.00206065 0.00274483 0.00346698 0.00418516 0.0048582 0.00545214 0.00595366 0.00635231 0.0065931 0.00663236 0.00647097 0.00614886 0.00573428 0.00526545 0.0047513 0.00420975 0.00366467 0.00313833 0.00264883 0.0022099 0.00183159 0.00152224 0.00128962 0.00113072 0.000998991 0.00079636 0.000492717 0.000217054 6.92665e-05 1.71269e-05 3.47391e-06 5.91682e-07 8.3094e-08 8.80184e-09 5.06069e-10 0 
0 0.000168477 0.000611188 0.00106311 0.00164421 0.00235988 0.00316525 0.00401415 0.0048582 0.00565505 0.00640252 0.00709729 0.00758142 0.00781387 0.00784833 0.00770234 0.00735192 0.00679311 0.00615353 0.0055225 0.00488252 0.00424144 0.00362204 0.00304508 0.00252611 0.00207575 0.00170139 0.00140992 0.00120551 0.0010645 0.000897845 0.00061681 0.000302299 0.00010383 2.66535e-05 5.47989e-06 9.34093e-07 1.30495e-07 1.37144e-08 7.81599e-10 0 
0 0.00019051 0.000648542 0.00114821 0.00181187 0.00262303 0.00353396 0.00449369 0.00545214 0.00640252 0.00735294 0.0080105 0.00835186 0.00850878 0.00853141 0.00843042 0.00818833 0.00774564 0.00702906 0.0062218 0.00547196 0.00474442 0.0040438 0.00339076 0.00280239 0.00229008 0.00186078 0.00151985 0.00127278 0.00110964 0.000960326 0.000709992 0.000380537 0.000140029 3.73477e-05 7.80073e-06 1.3342e-06 1.85901e-07 1.94338e-08 1.10052e-09 0 
0 0.000206536 0.000676365 0.0012187 0.00194777 0.00283511 0.00383071 0.00488032 0.00595366 0.00709729 0.0080105 0.00849925 0.00876394 0.0088899 0.00890762 0.00882436 0.00863014 0.00829055 0.0077193 0.00684728 0.00595608 0.00514683 0.00438034 0.00366651 0.00302285 0.0024614 0.00198894 0.00160968 0.00132848 0.00114213 0.000997047 0.000772582 0.000443146 0.00017275 4.76845e-05 1.01145e-05 1.73784e-06 2.41951e-07 2.52116e-08 1.42167e-09 0 
0 0.000216975 0.000695303 0.00126934 0.00204421 0.00298523 0.00404064 0.00515666 0.00635231 0.00758142 0.00835186 0.00876394 0.00899546 0.00910732 0.00912253 0.00904696 0.00887346 0.0085773 0.00809705 0.0073072 0.00631947 0.00542992 0.00461471 0.00385826 0.00317597 0.00258026 0.00207789 0.00167234 0.00136752 0.00116314 0.0010166 0.000809578 0.000486144 0.000197697 5.60464e-05 1.2041e-05 2.07812e-06 2.89422e-07 3.011e-08 1.69377e-09 0 
0 0.000222332 0.00070521 0.00129698 0.00209677 0.00306709 0.00415514 0.00531066 0.0065931 0.00781387 0.00850878 0.0088899 0.00910732 0.00921282 0.00922656 0.00915382 0.00898853 0.00870961 0.00826563 0.00753743 0.00652736 0.00558108 0.00473716 0.00395787 0.00325505 0.00264121 0.00212306 0.00170366 0.00138632 0.0011718 0.00102331 0.000826006 0.000508771 0.000212134 6.11457e-05 1.32483e-05 2.29442e-06 3.19832e-07 3.32629e-08 1.8695e-09 0 
0 0.000223042 0.000706056 0.00130063 0.00210433 0.00307914 0.00417208 0.00533397 0.00663236 0.00784833 0.00853141 0.00890762 0.00912253 0.00922656 0.0092394 0.00916626 0.00900119 0.00872362 0.00828354 0.00756359 0.0065504 0.00559343 0.00474536 0.00396343 0.00325841 0.00264273 0.00212299 0.00170213 0.00138325 0.00116725 0.00101891 0.000825161 0.000511749 0.00021496 6.23027e-05 1.35445e-05 2.35021e-06 3.27979e-07 3.41351e-08 1.91954e-09 0 
0 0.000219422 0.000698288 0.00128125 0.00206877 0.00302432 0.00409557 0.00523027 0.00647097 0.00770234 0.00843042 0.00882436 0.00904696 0.00915382 0.00916626 0.00908977 0.00891775 0.00862744 0.00816298 0.00740014 0.00639082 0.00547176 0.00464423 0.00387887 0.00318902 0.00258693 0.00207908 0.00166847 0.00135842 0.00114932 0.00100373 0.000808335 0.000496217 0.000206504 5.95385e-05 1.29216e-05 2.2429e-06 3.13413e-07 3.26752e-08 1.84088e-09 0 
0 0.000211687 0.000682845 0.00124152 0.00199464 0.00290952 0.00393519 0.00501709 0.00614886 0.00735192 0.00818833 0.00863014 0.00887346 0.00898853 0.00900119 0.00891775 0.0087298 0.00840864 0.00788248 0.00703689 0.00608149 0.00523335 0.00444503 0.0037131 0.00305379 0.00247896 0.00199496 0.00160511 0.00131321 0.0011182 0.000976852 0.000775043 0.000463484 0.000188295 5.35118e-05 1.15464e-05 2.00268e-06 2.80327e-07 2.93087e-08 1.65667e-09 0 
0 0.000199985 0.000660926 0.00118546 0.00188858 0.0027447 0.00370474 0.00471539 0.00573428 0.00679311 0.00774564 0.00829055 0.0085773 0.00870961 0.00872362 0.00862744 0.00840864 0.0080253 0.00738076 0.00650379 0.00567248 0.00490004 0.00416367 0.00347881 0.00286251 0.00232607 0.00187574 0.00151539 0.00124938 0.00107354 0.000935646 0.000723475 0.000415435 0.000162888 4.53457e-05 9.7053e-06 1.68189e-06 2.36056e-07 2.47859e-08 1.40798e-09 0 
0 0.000184462 0.000633585 0.00111813 0.0017587 0.00254188 0.00342075 0.00434556 0.00526545 0.00615353 0.00702906 0.0077193 0.00809705 0.00826563 0.00828354 0.00816298 0.00788248 0.00738076 0.00665625 0.00590934 0.00519554 0.00449404 0.00381891 0.00319105 0.00262672 0.0021366 0.001727 0.00140259 0.00116779 0.0010128 0.00087498 0.000651547 0.000355362 0.000133671 3.63842e-05 7.72726e-06 1.3398e-06 1.88887e-07 1.99572e-08 1.14155e-09 0 
0 0.000165373 0.000601192 0.00104509 0.00161398 0.0023141 0.00310112 0.00392944 0.0047513 0.0055225 0.0062218 0.00684728 0.0073072 0.00753743 0.00756359 0.00740014 0.00703689 0.00650379 0.00590934 0.00529808 0.00466877 0.00403853 0.00343078 0.00286574 0.0023584 0.00191886 0.00155374 0.00126851 0.00106625 0.000929042 0.000787296 0.000559105 0.00028878 0.000104479 2.79232e-05 5.90758e-06 1.02816e-06 1.46001e-07 1.55591e-08 8.97996e-10 0 
0 0.000143218 0.000562927 0.000971762 0.00146374 0.00207452 0.00276367 0.00348956 0.00420975 0.00488252 0.00547196 0.00595608 0.00631947 0.00652736 0.0065504 0.00639082 0.00608149 0.00567248 0.00519554 0.00466877 0.00411442 0.00355709 0.00301907 0.00251848 0.00206898 0.00168022 0.00135918 0.00111147 0.000936678 0.000809919 0.00066593 0.000451395 0.000223545 7.89821e-05 2.09735e-05 4.45421e-06 7.81791e-07 1.12144e-07 1.20756e-08 7.03967e-10 0 
0 0.000118888 0.000516597 0.000902157 0.00131736 0.00183566 0.00242505 0.00304713 0.00366467 0.00424144 0.00474442 0.00514683 0.00542992 0.00558108 0.00559343 0.00547176 0.00523335 0.00490004 0.00449404 0.00403853 0.00355709 0.00307184 0.00260206 0.00216356 0.00176862 0.00142647 0.00114403 0.000925228 0.000766278 0.000644967 0.000514617 0.000341711 0.000168384 5.99192e-05 1.61084e-05 3.46529e-06 6.15398e-07 8.91893e-08 9.69021e-09 5.69285e-10 0 
0 9.37321e-05 0.000459262 0.000836881 0.00118369 0.00160917 0.00210002 0.00262068 0.00313833 0.00362204 0.0040438 0.00438034 0.00461471 0.00473716 0.00474536 0.00464423 0.00444503 0.00416367 0.00381891 0.00343078 0.00301907 0.00260206 0.00219574 0.00181351 0.00146642 0.00116376 0.00091235 0.000714141 0.00056515 0.000454942 0.000359464 0.000247813 0.000129418 4.8377e-05 1.34145e-05 2.93377e-06 5.25208e-07 7.63964e-08 8.31181e-09 4.88363e-10 0 
0 6.94623e-05 0.000389038 0.000770749 0.00106951 0.00140589 0.0018012 0.0022254 0.00264883 0.00304508 0.00339076 0.00366651 0.00385826 0.00395787 0.00396343 0.00387887 0.0037131 0.00347881 0.00319105 0.00286574 0.00251848 0.00216356 0.00181351 0.0014796 0.0011742 0.00091421 0.000715832 0.000573182 0.000454954 0.00034418 0.000254011 0.000181883 0.000106081 4.3307e-05 1.2513e-05 2.7641e-06 4.92723e-07 7.10014e-08 7.6429e-09 4.44342e-10 0 
0 4.78587e-05 0.000307689 0.00069205 0.000975379 0.00123552 0.00153964 0.00187335 0.0022099 0.00252611 0.00280239 0.00302285 0.00317597 0.00325505 0.00325841 0.00318902 0.00305379 0.00286251 0.00262672 0.0023584 0.00206898 0.00176862 0.00146642 0.0011742 0.000920635 0.000766803 0.000758582 0.000820637 0.00078025 0.000573293 0.000326342 0.000170385 9.43963e-05 4.18954e-05 1.26394e-05 2.79173e-06 4.89012e-07 6.89738e-08 7.27287e-09 4.14985e-10 0 
0 3.03281e-05 0.000222304 0.000587155 0.000889047 0.00110318 0.00132545 0.00157456 0.00183159 0.00207575 0.00229008 0.0024614 0.00258026 0.00264121 0.00264273 0.00258693 0.00247896 0.00232607 0.0021366 0.00191886 0.00168022 0.00142647 0.00116376 0.00091421 0.000766803 0.000900583 0.00141976 0.00217472 0.00257652 0.00161472 0.000820979 0.000304165 0.000106383 4.21913e-05 1.29039e-05 2.81833e-06 4.81134e-07 6.60604e-08 6.7985e-09 3.79789e-10 0 
0 1.75079e-05 0.000143803 0.000452211 0.000782795 0.000999172 0.00116481 0.0013383 0.00152224 0.00170139 0.00186078 0.00198894 0.00207789 0.00212306 0.00212299 0.00207908 0.00199496 0.00187574 0.001727 0.00155374 0.00135918 0.00114403 0.00091235 0.000715832 0.000758582 0.00141976 0.00312973 0.00553686 0.00579918 0.00455246 0.00189614 0.000641344 0.00016348 4.53578e-05 1.26971e-05 2.67739e-06 4.42861e-07 5.92136e-08 5.9615e-09 3.26942e-10 0 
0 9.13896e-06 8.20312e-05 0.000303891 0.000628372 0.000887175 0.00104631 0.00116875 0.00128962 0.00140992 0.00151985 0.00160968 0.00167234 0.00170366 0.00170213 0.00166847 0.00160511 0.00151539 0.00140259 0.00126851 0.00111147 0.000925228 0.000714141 0.000573182 0.000820637 0.00217472 0.00553686 0.00630535 0.00640209 0.00601276 0.0038495 0.00102799 0.000237667 4.99095e-05 1.16837e-05 2.29743e-06 3.66159e-07 4.7879e-08 4.74598e-09 2.57117e-10 0 
0 4.29352e-06 4.09344e-05 0.000173199 0.000430997 0.000716768 0.000921094 0.00104427 0.00113072 0.00120551 0.00127278 0.00132848 0.00136752 0.00138632 0.00138325 0.00135842 0.00131321 0.00124938 0.00116779 0.00106625 0.000936678 0.000766278 0.00056515 0.000454954 0.00078025 0.00257652 0.00579918 0.00640209 0.00648284 0.00617276 0.0045684 0.00113453 0.000255019 4.7662e-05 9.53604e-06 1.72146e-06 2.64544e-07 3.4104e-08 3.35892e-09 1.8126e-10 0 
0 1.81216e-06 1.7856e-05 8.2821e-05 0.000240959 0.000481635 0.000721045 0.000893466 0.000998991 0.0010645 0.00110964 0.00114213 0.00116314 0.0011718 0.00116725 0.00114932 0.0011182 0.00107354 0.0010128 0.000929042 0.000809919 0.000644967 0.000454942 0.00034418 0.000573293 0.00161472 0.00455246 0.00601276 0.00617276 0.00570289 0.0027846 0.000838753 0.000189063 3.48928e-05 6.4406e-06 1.0899e-06 1.63862e-07 2.10957e-08 2.08712e-09 1.13238e-10 0 
0 6.87406e-07 6.84125e-06 3.3419e-05 0.00010829 0.000253039 0.000449384 0.000644311 0.00079636 0.000897845 0.000960326 0.000997047 0.0010166 0.00102331 0.00101891 0.00100373 0.000976852 0.000935646 0.00087498 0.000787296 0.00066593 0.000514617 0.000359464 0.000254011 0.000326342 0.000820979 0.00189614 0.0038495 0.0045684 0.0027846 0.0012592 0.000416723 9.67513e-05 1.8877e-05 3.43281e-06 5.69656e-07 8.61049e-08 1.12528e-08 1.1313e-09 6.22904e-11 0 
0 2.34705e-07 2.31907e-06 1.15539e-05 3.973e-05 0.000102983 0.000209868 0.000348834 0.000492717 0.00061681 0.000709992 0.000772582 0.000809578 0.000826006 0.000825161 0.000808335 0.000775043 0.000723475 0.000651547 0.000559105 0.000451395 0.000341711 0.000247813 0.000181883 0.000170385 0.000304165 0.000641344 0.00102799 0.00113453 0.000838753 0.000416723 0.000141336 3.57381e-05 7.629e-06 1.43159e-06 2.45031e-07 3.83568e-08 5.16967e-09 5.33745e-10 3.0081e-11 0 
0 7.22303e-08 7.0038e-07 3.4806e-06 1.22411e-05 3.34736e-05 7.42047e-05 0.000137155 0.000217054 0.000302299 0.000380537 0.000443146 0.000486144 0.000508771 0.000511749 0.000496217 0.000463484 0.000415435 0.000355362 0.00028878 0.000223545 0.000168384 0.000129418 0.000106081 9.43963e-05 0.000106383 0.00016348 0.000237667 0.000255019 0.000189063 9.67513e-05 3.57381e-05 1.02191e-05 2.38096e-06 4.79974e-07 8.81448e-08 1.45866e-08 2.05061e-09 2.19248e-10 1.27379e-11 0 
0 2.00333e-08 1.89279e-07 9.25506e-07 3.25112e-06 9.0516e-06 2.08581e-05 4.08245e-05 6.92665e-05 0.00010383 0.000140029 0.00017275 0.000197697 0.000212134 0.00021496 0.000206504 0.000188295 0.000162888 0.000133671 0.000104479 7.89821e-05 5.99192e-05 4.8377e-05 4.3307e-05 4.18954e-05 4.21913e-05 4.53578e-05 4.99095e-05 4.7662e-05 3.48928e-05 1.8877e-05 7.629e-06 2.38096e-06 6.07856e-07 1.355e-07 2.71192e-08 4.77759e-09 7.04677e-10 7.84728e-11 4.72532e-12 0 
0 4.99139e-09 4.57756e-08 2.18559e-07 7.56605e-07 2.10015e-06 4.88705e-06 9.77824e-06 1.71269e-05 2.66535e-05 3.73477e-05 4.76845e-05 5.60464e-05 6.11457e-05 6.23027e-05 5.95385e-05 5.35118e-05 4.53457e-05 3.63842e-05 2.79232e-05 2.09735e-05 1.61084e-05 1.34145e-05 1.2513e-05 1.26394e-05 1.29039e-05 1.26971e-05 1.16837e-05 9.53604e-06 6.4406e-06 3.43281e-06 1.43159e-06 4.79974e-07 1.355e-07 3.33968e-08 7.23762e-09 1.3546e-09 2.10059e-10 2.44476e-11 1.5314e-12 0 
0 1.10731e-09 9.8409e-09 4.57125e-08 1.54885e-07 4.23929e-07 9.80659e-07 1.96607e-06 3.47391e-06 5.47989e-06 7.80073e-06 1.01145e-05 1.2041e-05 1.32483e-05 1.35445e-05 1.29216e-05 1.15464e-05 9.7053e-06 7.72726e-06 5.90758e-06 4.45421e-06 3.46529e-06 2.93377e-06 2.7641e-06 2.79173e-06 2.81833e-06 2.67739e-06 2.29743e-06 1.72146e-06 1.0899e-06 5.69656e-07 2.45031e-07 8.81448e-08 2.71192e-08 7.23762e-09 1.67569e-09 3.31752e-10 5.40943e-11 6.59017e-12 4.30323e-13 0 
0 2.14497e-10 1.84698e-09 8.33646e-09 2.75637e-08 7.40075e-08 1.68892e-07 3.35899e-07 5.91682e-07 9.34093e-07 1.3342e-06 1.73784e-06 2.07812e-06 2.29442e-06 2.35021e-06 2.2429e-06 2.00268e-06 1.68189e-06 1.3398e-06 1.02816e-06 7.81791e-07 6.15398e-07 5.25208e-07 4.92723e-07 4.89012e-07 4.81134e-07 4.42861e-07 3.66159e-07 2.64544e-07 1.63862e-07 8.61049e-08 3.83568e-08 1.45866e-08 4.77759e-09 1.3546e-09 3.31752e-10 6.922e-11 1.18563e-11 1.51218e-12 1.0301e-13 0 
0 3.47835e-11 2.9041e-10 1.27387e-09 4.10705e-09 1.0796e-08 2.42258e-08 4.75801e-08 8.3094e-08 1.30495e-07 1.85901e-07 2.41951e-07 2.89422e-07 3.19832e-07 3.27979e-07 3.13413e-07 2.80327e-07 2.36056e-07 1.88887e-07 1.46001e-07 1.12144e-07 8.91893e-08 7.63964e-08 7.10014e-08 6.89738e-08 6.60604e-08 5.92136e-08 4.7879e-08 3.4104e-08 2.10957e-08 1.12528e-08 5.16967e-09 2.05061e-09 7.04677e-10 2.10059e-10 5.40943e-11 1.18563e-11 2.12931e-12 2.84047e-13 2.01806e-14 0 
0 4.26511e-12 3.45727e-11 1.4753e-10 4.64016e-10 1.19387e-09 2.63157e-09 5.09521e-09 8.80184e-09 1.37144e-08 1.94338e-08 2.52116e-08 3.011e-08 3.32629e-08 3.41351e-08 3.26752e-08 2.93087e-08 2.47859e-08 1.99572e-08 1.55591e-08 1.20756e-08 9.69021e-09 8.31181e-09 7.6429e-09 7.27287e-09 6.7985e-09 5.9615e-09 4.74598e-09 3.35892e-09 2.08712e-09 1.1313e-09 5.33745e-10 2.19248e-10 7.84728e-11 2.44476e-11 6.59017e-12 1.51218e-12 2.84047e-13 3.95641e-14 2.92868e-15 0 
0 2.82703e-13 2.22845e-12 9.26452e-12 2.84585e-11 7.17169e-11 1.55311e-10 2.96363e-10 5.06069e-10 7.81599e-10 1.10052e-09 1.42167e-09 1.69377e-09 1.8695e-09 1.91954e-09 1.84088e-09 1.65667e-09 1.40798e-09 1.14155e-09 8.97996e-10 7.03967e-10 5.69285e-10 4.88363e-10 4.44342e-10 4.14985e-10 3.79789e-10 3.26942e-10 2.57117e-10 1.8126e-10 1.13238e-10 6.22904e-11 3.0081e-11 1.27379e-11 4.72532e-12 1.5314e-12 4.30323e-13 1.0301e-13 2.01806e-14 2.92868e-15 2.25535e-16 0 
0 0 0 0 0 0 0 0 0 0 0 0 0 0 0 0 0 0 0 0 0 0 0 0 0 0 0 0 0 0 0 0 0 0 0 0 0 0 0 0 0 
