0 0 0 0 0 0 0 0 0 0 0 0 0 0 0 0 0 0 0 0 0 0 0 0 0 0 0 0 0 0 0 0 0 0 0 0 0 0 0 0 0 
0 1.35783e-07 1.16737e-06 4.79127e-06 1.30045e-05 2.62354e-05 4.24785e-05 5.87259e-05 7.27849e-05 8.38031e-05 9.18429e-05 9.73314e-05 0.000100725 0.000102376 0.000102519 0.000101276 9.8685e-05 9.47123e-05 8.92749e-05 8.22832e-05 7.37107e-05 6.36864e-05 5.25812e-05 4.10438e-05 2.99378e-05 2.01605e-05 1.23908e-05 6.88274e-06 3.43112e-06 1.52921e-06 6.08787e-07 2.16708e-07 6.90799e-08 1.97274e-08 5.03423e-09 1.1387e-09 2.24048e-10 3.67882e-11 4.55591e-12 3.04369e-13 0 
0 1.16737e-06 1.00147e-05 3.83623e-05 9.00267e-05 0.000148829 0.00019525 0.000224557 0.000242284 0.000254399 0.000263925 0.000271591 0.000277121 0.00028007 0.000280207 0.000277637 0.000272771 0.00026623 0.000258663 0.000250477 0.000241511 0.000230723 0.000216128 0.000195293 0.000166614 0.000130984 9.26378e-05 5.7767e-05 3.13463e-05 1.47311e-05 6.01124e-06 2.14508e-06 6.74811e-07 1.8829e-07 4.6681e-08 1.02301e-08 1.94865e-09 3.09903e-10 3.72176e-11 2.41518e-12 0 
0 4.79127e-06 3.83623e-05 0.000122997 0.000222637 0.000287027 0.000321334 0.000349229 0.000380415 0.000413906 0.000445837 0.00047273 0.000492177 0.000502821 0.000504223 0.000496747 0.000481445 0.000459936 0.000434301 0.000406971 0.000380577 0.000357602 0.000339595 0.000325806 0.000311623 0.000288404 0.000247277 0.000187242 0.000120315 6.41703e-05 2.83615e-05 1.05259e-05 3.34291e-06 9.23756e-07 2.24305e-07 4.7871e-08 8.85922e-09 1.36835e-09 1.59724e-10 1.0089e-11 0 
0 1.30045e-05 9.00267e-05 0.000222637 0.000314596 0.000365844 0.000420917 0.000489555 0.000564337 0.0006372 0.000702139 0.000754794 0.000792162 0.000812532 0.00081546 0.00080168 0.000772956 0.000731859 0.000681538 0.000625486 0.000567384 0.000511063 0.000460557 0.000419946 0.000392143 0.000375656 0.000360083 0.00032595 0.000258144 0.00016723 8.56409e-05 3.48126e-05 1.15473e-05 3.22591e-06 7.76722e-07 1.6269e-07 2.94073e-08 4.42883e-09 5.04096e-10 3.10791e-11 0 
0 2.62354e-05 0.000148829 0.000287027 0.000365844 0.000447994 0.000555108 0.000675813 0.000798536 0.000914488 0.00101646 0.00109865 0.00115682 0.00118855 0.00119321 0.00117197 0.00112748 0.00106361 0.000985016 0.00089675 0.000803909 0.000711361 0.000623674 0.000545327 0.000481135 0.000435967 0.000411323 0.000397214 0.000366193 0.00029015 0.000180252 8.45386e-05 3.04845e-05 8.83384e-06 2.14199e-06 4.44562e-07 7.8993e-08 1.16551e-08 1.2985e-09 7.83921e-11 0 
0 4.24785e-05 0.00019525 0.000321334 0.000420917 0.000555108 0.000716667 0.000890167 0.00106366 0.00122658 0.00136946 0.00148447 0.00156591 0.00161046 0.00161708 0.00158727 0.00152499 0.00143565 0.00132559 0.00120173 0.00107096 0.000939746 0.000813793 0.000698022 0.000596883 0.000515192 0.000458512 0.000429305 0.000414911 0.00037769 0.000283171 0.00015795 6.41713e-05 1.98091e-05 4.91878e-06 1.02208e-06 1.7976e-07 2.61164e-08 2.85955e-09 1.69624e-10 0 
0 5.87259e-05 0.000224557 0.000349229 0.000489555 0.000675813 0.000890167 0.00111731 0.00134351 0.00155555 0.00174172 0.00189555 0.00201981 0.0021016 0.00211604 0.00206 0.00195566 0.00182903 0.00168412 0.00152272 0.00135226 0.00118081 0.00101555 0.000862376 0.000725972 0.000610397 0.000520345 0.000461687 0.000435183 0.000418586 0.000360562 0.000238249 0.000111272 3.73932e-05 9.65597e-06 2.02871e-06 3.5551e-07 5.11097e-08 5.52172e-09 3.22924e-10 0 
0 7.27849e-05 0.000242284 0.000380415 0.000564337 0.000798536 0.00106366 0.00134351 0.00162183 0.00188354 0.00213268 0.00240382 0.00261513 0.00271716 0.00273301 0.00267193 0.0025192 0.00228323 0.00204896 0.00184172 0.00163136 0.00142012 0.00121615 0.00102646 0.000856371 0.000709801 0.000590286 0.000502762 0.000452846 0.000433868 0.000403741 0.000306306 0.00016438 6.08493e-05 1.65262e-05 3.53899e-06 6.21445e-07 8.87951e-08 9.50036e-09 5.49533e-10 0 
0 8.38031e-05 0.000254399 0.000413906 0.0006372 0.000914488 0.00122658 0.00155555 0.00188354 0.00222022 0.00262165 0.00287543 0.00299257 0.00304531 0.00305356 0.00302114 0.00294086 0.00278428 0.00248585 0.00215334 0.00189268 0.00164364 0.0014036 0.00118002 0.000978906 0.000804389 0.000659408 0.000547424 0.000474204 0.000441578 0.000422938 0.000353527 0.000214263 8.73681e-05 2.50868e-05 5.50353e-06 9.72454e-07 1.3859e-07 1.47311e-08 8.45201e-10 0 
0 9.18429e-05 0.000263925 0.000445837 0.000702139 0.00101646 0.00136946 0.00174172 0.00213268 0.00262165 0.00293977 0.00308834 0.00316829 0.00320667 0.0032127 0.00318853 0.00313102 0.00302908 0.00285159 0.00250836 0.00213057 0.0018389 0.00156704 0.00131397 0.00108597 0.000887444 0.000721107 0.000589377 0.000496834 0.000448552 0.000430125 0.000381721 0.000254593 0.000113192 3.43132e-05 7.72349e-06 1.37644e-06 1.96152e-07 2.0766e-08 1.18474e-09 0 
0 9.73314e-05 0.000271591 0.00047273 0.000754794 0.00109865 0.00148447 0.00189555 0.00240382 0.00287543 0.00308834 0.00320362 0.00326965 0.00330216 0.00330722 0.00328642 0.00323784 0.00315488 0.00302065 0.00278493 0.00236586 0.00199785 0.00169752 0.00142083 0.0011714 0.000953829 0.000770752 0.000623963 0.000516876 0.000455284 0.000432332 0.00039657 0.000283257 0.000135003 4.28908e-05 9.88582e-06 1.77771e-06 2.53699e-07 2.6802e-08 1.52357e-09 0 
0 0.000100725 0.000277121 0.000492177 0.000792162 0.00115682 0.00156591 0.00201981 0.00261513 0.00299257 0.00316829 0.00326965 0.00332925 0.00335888 0.0033634 0.00334413 0.00329965 0.00322498 0.00310812 0.00291716 0.00255668 0.00211858 0.00178862 0.00149514 0.00123074 0.000999892 0.00080522 0.000648162 0.000531314 0.00046032 0.000432395 0.000403141 0.000300917 0.000150658 4.95852e-05 1.16455e-05 2.11048e-06 3.01785e-07 3.18579e-08 1.80741e-09 0 
0 0.000102376 0.00028007 0.000502821 0.000812532 0.00118855 0.00161046 0.0021016 0.00271716 0.00304531 0.00320667 0.00330216 0.00335888 0.00338715 0.00339131 0.00337259 0.00332975 0.00325845 0.00314845 0.00297383 0.00265327 0.00219129 0.00183654 0.00153374 0.00126138 0.00102351 0.00082272 0.000660269 0.00053831 0.000462213 0.000431036 0.00040461 0.000309143 0.000159185 5.35131e-05 1.27176e-05 2.31708e-06 3.31933e-07 3.50452e-08 1.98697e-09 0 
0 0.000102519 0.000280207 0.000504223 0.00081546 0.00119321 0.00161708 0.00211604 0.00273301 0.00305356 0.0032127 0.00330722 0.0033634 0.00339131 0.00339522 0.00337635 0.00333347 0.00326233 0.00315293 0.00298017 0.0026652 0.00219963 0.00183985 0.0015359 0.00126269 0.0010241 0.000822693 0.00065967 0.000537056 0.000460101 0.000428223 0.000402479 0.00030924 0.000160418 5.42604e-05 1.2946e-05 2.36398e-06 3.39076e-07 3.58258e-08 2.03221e-09 0 
0 0.000101276 0.000277637 0.000496747 0.00080168 0.00117197 0.00158727 0.00206 0.00267193 0.00302114 0.00318853 0.00328642 0.00334413 0.00337259 0.00337635 0.00335667 0.00331221 0.00323831 0.00312395 0.00294061 0.0025992 0.00214231 0.00180028 0.00150312 0.0012358 0.00100248 0.000805678 0.000646642 0.000527559 0.000453737 0.000423708 0.000396989 0.000301815 0.000154677 5.18824e-05 1.23312e-05 2.24972e-06 3.22881e-07 3.41575e-08 1.94051e-09 0 
0 9.8685e-05 0.000272771 0.000481445 0.000772956 0.00112748 0.00152499 0.00195566 0.0025192 0.00294086 0.00313102 0.00323784 0.00329965 0.00332975 0.00333347 0.00331221 0.0032643 0.00318405 0.00305742 0.00284553 0.00244787 0.00203609 0.0017227 0.00143888 0.00118339 0.000960634 0.000773084 0.000622127 0.000510389 0.000443267 0.000417009 0.000387297 0.000286777 0.000142635 4.68448e-05 1.10181e-05 2.00327e-06 2.87571e-07 3.04794e-08 1.73604e-09 0 
0 9.47123e-05 0.00026623 0.000459936 0.000731859 0.00106361 0.00143565 0.00182903 0.00228323 0.00278428 0.00302908 0.00315488 0.00322498 0.00325845 0.00326233 0.00323831 0.00318405 0.00309145 0.00293896 0.00265921 0.0022322 0.00190038 0.00161352 0.00134809 0.00110927 0.000901387 0.000726888 0.000587451 0.000486363 0.000428799 0.000406951 0.000371424 0.000263659 0.000125374 3.99333e-05 9.25324e-06 1.67435e-06 2.40454e-07 2.55575e-08 1.46132e-09 0 
0 8.92749e-05 0.000258663 0.000434301 0.000681538 0.000985016 0.00132559 0.00168412 0.00204896 0.00248585 0.00285159 0.00302065 0.00310812 0.00314845 0.00315293 0.00312395 0.00305742 0.00293896 0.00272526 0.00235112 0.00201794 0.00174168 0.00147989 0.00123658 0.00101789 0.000827964 0.000669266 0.000543951 0.000456048 0.000409598 0.000390813 0.000346242 0.000232251 0.000104524 3.21336e-05 7.32556e-06 1.31965e-06 1.89802e-07 2.02597e-08 1.16465e-09 0 
0 8.22832e-05 0.000250477 0.000406971 0.000625486 0.00089675 0.00120173 0.00152272 0.00184172 0.00215334 0.00250836 0.00278493 0.00291716 0.00297383 0.00298017 0.00294061 0.00284553 0.00265921 0.00235112 0.00205944 0.00180957 0.001565 0.00132948 0.00111052 0.000913917 0.000743593 0.000602179 0.000492457 0.000418854 0.000382682 0.000363335 0.000308125 0.000193585 8.23171e-05 2.44744e-05 5.50411e-06 9.89543e-07 1.42847e-07 1.53419e-08 8.88243e-10 0 
0 7.37107e-05 0.000241511 0.000380577 0.000567384 0.000803909 0.00107096 0.00135226 0.00163136 0.00189268 0.00213057 0.00236586 0.00255668 0.00265327 0.0026652 0.0025992 0.00244787 0.0022322 0.00201794 0.00180957 0.00159441 0.00137843 0.00116994 0.000975951 0.000801763 0.000651128 0.000526939 0.000432476 0.00037143 0.000341064 0.000316952 0.00025523 0.000150987 6.13925e-05 1.78462e-05 3.98832e-06 7.18813e-07 1.04438e-07 1.1307e-08 6.60163e-10 0 
0 6.36864e-05 0.000230723 0.000357602 0.000511063 0.000711361 0.000939746 0.00118081 0.00142012 0.00164364 0.0018389 0.00199785 0.00211858 0.00219129 0.00219963 0.00214231 0.00203609 0.00190038 0.00174168 0.001565 0.00137843 0.00119038 0.00100834 0.000838413 0.000685373 0.000552854 0.000443886 0.000361318 0.000306701 0.00027528 0.000247036 0.000191671 0.000110264 4.4228e-05 1.28315e-05 2.88054e-06 5.22909e-07 7.65865e-08 8.35829e-09 4.91722e-10 0 
0 5.25812e-05 0.000216128 0.000339595 0.000460557 0.000623674 0.000813793 0.00101555 0.00121615 0.0014036 0.00156704 0.00169752 0.00178862 0.00183654 0.00183985 0.00180028 0.0017227 0.00161352 0.00147989 0.00132948 0.00116994 0.00100834 0.000850884 0.000702766 0.000568293 0.000451176 0.000354357 0.00027912 0.000224977 0.000189832 0.000164761 0.000129768 7.76769e-05 3.23166e-05 9.60145e-06 2.1843e-06 3.99446e-07 5.87663e-08 6.43346e-09 3.79381e-10 0 
0 4.10438e-05 0.000195293 0.000325806 0.000419946 0.000545327 0.000698022 0.000862376 0.00102646 0.00118002 0.00131397 0.00142083 0.00149514 0.00153374 0.0015359 0.00150312 0.00143888 0.00134809 0.00123658 0.00111052 0.000975951 0.000838413 0.000702766 0.00057339 0.000455124 0.000354523 0.000277764 0.000222585 0.000177113 0.000135533 0.000104792 8.36513e-05 5.58361e-05 2.54631e-05 7.90996e-06 1.82288e-06 3.32874e-07 4.86597e-08 5.28715e-09 3.09505e-10 0 
0 2.99378e-05 0.000166614 0.000311623 0.000392143 0.000481135 0.000596883 0.000725972 0.000856371 0.000978906 0.00108597 0.0011714 0.00123074 0.00126138 0.00126269 0.0012358 0.00118339 0.00110927 0.00101789 0.000913917 0.000801763 0.000685373 0.000568293 0.000455124 0.00035691 0.000297221 0.000293976 0.000318012 0.000302362 0.00022218 0.000126771 6.86072e-05 4.31262e-05 2.1881e-05 7.1952e-06 1.66822e-06 3.00253e-07 4.30495e-08 4.59043e-09 2.64219e-10 0 
0 2.01605e-05 0.000130984 0.000288404 0.000375656 0.000435967 0.000515192 0.000610397 0.000709801 0.000804389 0.000887444 0.000953829 0.000999892 0.00102351 0.0010241 0.00100248 0.000960634 0.000901387 0.000827964 0.000743593 0.000651128 0.000552854 0.000451176 0.000354523 0.000297221 0.000348992 0.00055018 0.000956425 0.00115494 0.000640285 0.000318143 0.000118006 4.32312e-05 1.98848e-05 6.81105e-06 1.57746e-06 2.77435e-07 3.87346e-08 4.03086e-09 2.27138e-10 0 
0 1.23908e-05 9.26378e-05 0.000247277 0.000360083 0.000411323 0.000458512 0.000520345 0.000590286 0.000659408 0.000721107 0.000770752 0.00080522 0.00082272 0.000822693 0.000805678 0.000773084 0.000726888 0.000669266 0.000602179 0.000526939 0.000443886 0.000354357 0.000277764 0.000293976 0.00055018 0.00136668 0.00207512 0.00212702 0.00188313 0.00074855 0.000248533 6.37578e-05 1.95943e-05 6.32569e-06 1.43749e-06 2.45938e-07 3.34338e-08 3.40024e-09 1.8791e-10 0 
0 6.88274e-06 5.7767e-05 0.000187242 0.00032595 0.000397214 0.000429305 0.000461687 0.000502762 0.000547424 0.000589377 0.000623963 0.000648162 0.000660269 0.00065967 0.000646642 0.000622127 0.000587451 0.000543951 0.000492457 0.000432476 0.000361318 0.00027912 0.000222585 0.000318012 0.000956425 0.00207512 0.00227709 0.00230027 0.00219399 0.00163868 0.000399075 9.2191e-05 2.04894e-05 5.56716e-06 1.19982e-06 1.98854e-07 2.64408e-08 2.64459e-09 1.44201e-10 0 
0 3.43112e-06 3.13463e-05 0.000120315 0.000258144 0.000366193 0.000414911 0.000435183 0.000452846 0.000474204 0.000496834 0.000516876 0.000531314 0.00053831 0.000537056 0.000527559 0.000510389 0.000486363 0.000456048 0.000418854 0.00037143 0.000306701 0.000224977 0.000177113 0.000302362 0.00115494 0.00212702 0.00230027 0.00232404 0.00223919 0.00187884 0.000456324 9.88741e-05 1.92499e-05 4.4296e-06 8.83814e-07 1.41803e-07 1.85895e-08 1.84547e-09 1.00125e-10 0 
0 1.52921e-06 1.47311e-05 6.41703e-05 0.00016723 0.00029015 0.00037769 0.000418586 0.000433868 0.000441578 0.000448552 0.000455284 0.00046032 0.000462213 0.000460101 0.000453737 0.000443267 0.000428799 0.000409598 0.000382682 0.000341064 0.00027528 0.000189832 0.000135533 0.00022218 0.000640285 0.00188313 0.00219399 0.00223919 0.00209679 0.00120591 0.00032503 7.335e-05 1.41789e-05 2.98358e-06 5.56117e-07 8.72584e-08 1.14121e-08 1.1368e-09 6.19511e-11 0 
0 6.08787e-07 6.01124e-06 2.83615e-05 8.56409e-05 0.000180252 0.000283171 0.000360562 0.000403741 0.000422938 0.000430125 0.000432332 0.000432395 0.000431036 0.000428223 0.000423708 0.000417009 0.000406951 0.000390813 0.000363335 0.000316952 0.000247036 0.000164761 0.000104792 0.000126771 0.000318143 0.00074855 0.00163868 0.00187884 0.00120591 0.000487958 0.000161492 3.77292e-05 7.88427e-06 1.61803e-06 2.9185e-07 4.57742e-08 6.062e-09 6.12848e-10 3.3866e-11 0 
0 2.16708e-07 2.14508e-06 1.05259e-05 3.48126e-05 8.45386e-05 0.00015795 0.000238249 0.000306306 0.000353527 0.000381721 0.00039657 0.000403141 0.00040461 0.000402479 0.000396989 0.000387297 0.000371424 0.000346242 0.000308125 0.00025523 0.000191671 0.000129768 8.36513e-05 6.86072e-05 0.000118006 0.000248533 0.000399075 0.000456324 0.00032503 0.000161492 5.48905e-05 1.43063e-05 3.35013e-06 6.95875e-07 1.26924e-07 2.04191e-08 2.77903e-09 2.88149e-10 1.62867e-11 0 
0 6.90799e-08 6.74811e-07 3.34291e-06 1.15473e-05 3.04845e-05 6.41713e-05 0.000111272 0.00016438 0.000214263 0.000254593 0.000283257 0.000300917 0.000309143 0.00030924 0.000301815 0.000286777 0.000263659 0.000232251 0.000193585 0.000150987 0.000110264 7.76769e-05 5.58361e-05 4.31262e-05 4.32312e-05 6.37578e-05 9.2191e-05 9.88741e-05 7.335e-05 3.77292e-05 1.43063e-05 4.37639e-06 1.11437e-06 2.41658e-07 4.62489e-08 7.78431e-09 1.10121e-09 1.18105e-10 6.87752e-12 0 
0 1.97274e-08 1.8829e-07 9.23756e-07 3.22591e-06 8.83384e-06 1.98091e-05 3.73932e-05 6.08493e-05 8.73681e-05 0.000113192 0.000135003 0.000150658 0.000159185 0.000160418 0.000154677 0.000142635 0.000125374 0.000104524 8.23171e-05 6.13925e-05 4.4228e-05 3.23166e-05 2.54631e-05 2.1881e-05 1.98848e-05 1.95943e-05 2.04894e-05 1.92499e-05 1.41789e-05 7.88427e-06 3.35013e-06 1.11437e-06 3.02199e-07 7.02863e-08 1.43764e-08 2.55502e-09 3.78239e-10 4.22133e-11 2.54656e-12 0 
0 5.03423e-09 4.6681e-08 2.24305e-07 7.76722e-07 2.14199e-06 4.91878e-06 9.65597e-06 1.65262e-05 2.50868e-05 3.43132e-05 4.28908e-05 4.95852e-05 5.35131e-05 5.42604e-05 5.18824e-05 4.68448e-05 3.99333e-05 3.21336e-05 2.44744e-05 1.78462e-05 1.28315e-05 9.60145e-06 7.90996e-06 7.1952e-06 6.81105e-06 6.32569e-06 5.56716e-06 4.4296e-06 2.98358e-06 1.61803e-06 6.95875e-07 2.41658e-07 7.02863e-08 1.76526e-08 3.86063e-09 7.25421e-10 1.12727e-10 1.31402e-11 8.24283e-13 0 
0 1.1387e-09 1.02301e-08 4.7871e-08 1.6269e-07 4.44562e-07 1.02208e-06 2.02871e-06 3.53899e-06 5.50353e-06 7.72349e-06 9.88582e-06 1.16455e-05 1.27176e-05 1.2946e-05 1.23312e-05 1.10181e-05 9.25324e-06 7.32556e-06 5.50411e-06 3.98832e-06 2.88054e-06 2.1843e-06 1.82288e-06 1.66822e-06 1.57746e-06 1.43749e-06 1.19982e-06 8.83814e-07 5.56117e-07 2.9185e-07 1.26924e-07 4.62489e-08 1.43764e-08 3.86063e-09 8.9664e-10 1.77817e-10 2.90298e-11 3.54057e-12 2.31447e-13 0 
0 2.24048e-10 1.94865e-09 8.85922e-09 2.94073e-08 7.8993e-08 1.7976e-07 3.5551e-07 6.21445e-07 9.72454e-07 1.37644e-06 1.77771e-06 2.11048e-06 2.31708e-06 2.36398e-06 2.24972e-06 2.00327e-06 1.67435e-06 1.31965e-06 9.89543e-07 7.18813e-07 5.22909e-07 3.99446e-07 3.32874e-07 3.00253e-07 2.77435e-07 2.45938e-07 1.98854e-07 1.41803e-07 8.72584e-08 4.57742e-08 2.04191e-08 7.78431e-09 2.55502e-09 7.25421e-10 1.77817e-10 3.71278e-11 6.36395e-12 8.12298e-13 5.53801e-14 0 
0 3.67882e-11 3.09903e-10 1.36835e-09 4.42883e-09 1.16551e-08 2.61164e-08 5.11097e-08 8.87951e-08 1.3859e-07 1.96152e-07 2.53699e-07 3.01785e-07 3.31933e-07 3.39076e-07 3.22881e-07 2.87571e-07 2.40454e-07 1.89802e-07 1.42847e-07 1.04438e-07 7.65865e-08 5.87663e-08 4.86597e-08 4.30495e-08 3.87346e-08 3.34338e-08 2.64408e-08 1.85895e-08 1.14121e-08 6.062e-09 2.77903e-09 1.10121e-09 3.78239e-10 1.12727e-10 2.90298e-11 6.36395e-12 1.14334e-12 1.52594e-13 1.08476e-14 0 
0 4.55591e-12 3.72176e-11 1.59724e-10 5.04096e-10 1.2985e-09 2.85955e-09 5.52172e-09 9.50036e-09 1.47311e-08 2.0766e-08 2.6802e-08 3.18579e-08 3.50452e-08 3.58258e-08 3.41575e-08 3.04794e-08 2.55575e-08 2.02597e-08 1.53419e-08 1.1307e-08 8.35829e-09 6.43346e-09 5.28715e-09 4.59043e-09 4.03086e-09 3.40024e-09 2.64459e-09 1.84547e-09 1.1368e-09 6.12848e-10 2.88149e-10 1.18105e-10 4.22133e-11 1.31402e-11 3.54057e-12 8.12298e-13 1.52594e-13 2.12595e-14 1.5743e-15 0 
0 3.04369e-13 2.41518e-12 1.0089e-11 3.10791e-11 7.83921e-11 1.69624e-10 3.22924e-10 5.49533e-10 8.45201e-10 1.18474e-09 1.52357e-09 1.80741e-09 1.98697e-09 2.03221e-09 1.94051e-09 1.73604e-09 1.46132e-09 1.16465e-09 8.88243e-10 6.60163e-10 4.91722e-10 3.79381e-10 3.09505e-10 2.64219e-10 2.27138e-10 1.8791e-10 1.44201e-10 1.00125e-10 6.19511e-11 3.3866e-11 1.62867e-11 6.87752e-12 2.54656e-12 8.24283e-13 2.31447e-13 5.53801e-14 1.08476e-14 1.5743e-15 1.21257e-16 0 
0 0 0 0 0 0 0 0 0 0 0 0 0 0 0 0 0 0 0 0 0 0 0 0 0 0 0 0 0 0 0 0 0 0 0 0 0 0 0 0 0 
