0 0 0 0 0 0 0 0 0 0 0 0 0 0 0 0 0 0 0 0 0 0 0 0 0 0 0 0 0 0 0 0 0 0 0 0 0 0 0 0 0 
0 1.99063e-07 1.77013e-06 7.76252e-06 2.32395e-05 5.28275e-05 9.69505e-05 0.000150769 0.000206904 0.000258832 0.000302425 0.000335761 0.000358326 0.000370316 0.000372213 0.000364602 0.000348119 0.000323497 0.000291682 0.000253986 0.000212251 0.000168913 0.000126871 8.90669e-05 5.78711e-05 3.44875e-05 1.87111e-05 9.19536e-06 4.08305e-06 1.63767e-06 5.94026e-07 1.95177e-07 5.81488e-08 1.56979e-08 3.825e-09 8.33233e-10 1.59036e-10 2.54836e-11 3.09487e-12 2.03555e-13 0 
0 1.77013e-06 1.60691e-05 6.91004e-05 0.000192418 0.000387672 0.000613803 0.000823189 0.000993463 0.00112441 0.00122289 0.00129449 0.00134202 0.00136672 0.00136949 0.00135158 0.00131469 0.00126062 0.00119066 0.001105 0.00100243 0.000881158 0.000740915 0.000586136 0.000428146 0.000283479 0.000167554 8.75578e-05 4.03265e-05 1.64106e-05 5.93519e-06 1.92051e-06 5.59004e-07 1.46747e-07 3.469e-08 7.32583e-09 1.35591e-09 2.10889e-10 2.48934e-11 1.59389e-12 0 
0 7.76252e-06 6.91004e-05 0.000271462 0.000640979 0.00105829 0.00140664 0.00167796 0.00190601 0.00210899 0.00228647 0.00243055 0.00253313 0.00258893 0.00259633 0.00255735 0.00247717 0.0023635 0.00222554 0.00207273 0.00191286 0.00174935 0.00157824 0.00138725 0.00116118 0.000896471 0.000616403 0.000366663 0.000185775 8.01538e-05 2.97705e-05 9.66291e-06 2.77836e-06 7.14023e-07 1.64459e-07 3.37698e-08 6.07501e-09 9.18905e-10 1.05611e-10 6.59379e-12 0 
0 2.32395e-05 0.000192418 0.000640979 0.00122315 0.00171184 0.00211708 0.00251069 0.00290628 0.00328417 0.00361945 0.00389103 0.0040837 0.00418872 0.00420382 0.00413278 0.00398468 0.00377277 0.00351321 0.00322374 0.00292252 0.00262662 0.00234963 0.00209651 0.00185558 0.00159421 0.00127466 0.000897723 0.000530441 0.000256701 0.000102207 3.42326e-05 9.89309e-06 2.51529e-06 5.68253e-07 1.13981e-07 1.99987e-08 2.9502e-09 3.30944e-10 2.0192e-11 0 
0 5.28275e-05 0.000387672 0.00105829 0.00171184 0.00227219 0.00285648 0.00348337 0.00411653 0.00471434 0.00524004 0.00566371 0.00596362 0.00612715 0.00615121 0.0060417 0.00581236 0.0054831 0.00507792 0.00462289 0.00414424 0.00366692 0.00321363 0.00280366 0.00244887 0.00214246 0.0018431 0.00148258 0.00103457 0.000585533 0.000261494 9.35627e-05 2.77915e-05 7.08592e-06 1.58356e-06 3.12054e-07 5.36289e-08 7.74214e-09 8.50142e-10 5.08194e-11 0 
0 9.69505e-05 0.000613803 0.00140664 0.00211708 0.00285648 0.00369424 0.00458895 0.00548337 0.00632323 0.00705981 0.00765262 0.00807197 0.00830064 0.00833445 0.00818166 0.00786134 0.00740098 0.00683366 0.00619513 0.005521 0.00484454 0.00419519 0.00359792 0.0030732 0.00263418 0.00227298 0.00193495 0.00152408 0.00100907 0.000520179 0.000205371 6.4226e-05 1.66737e-05 3.721e-06 7.24934e-07 1.22599e-07 1.73854e-08 1.87464e-09 1.10098e-10 0 
0 0.000150769 0.000823189 0.00167796 0.00251069 0.00348337 0.00458895 0.00575991 0.006926 0.00801909 0.00897687 0.00974733 0.0102924 0.0105899 0.0106338 0.0104346 0.0100177 0.00941899 0.00868107 0.00784986 0.00697111 0.00608728 0.00523534 0.00444567 0.00374215 0.0031431 0.00265824 0.00226885 0.00189239 0.00141063 0.000838726 0.000372623 0.00012524 3.35923e-05 7.5565e-06 1.46462e-06 2.44881e-07 3.42393e-08 3.63721e-09 2.10469e-10 0 
0 0.000206904 0.000993463 0.00190601 0.00290628 0.00411653 0.00548337 0.006926 0.00836072 0.0097047 0.0108823 0.0118325 0.0125121 0.0128891 0.0129453 0.0126911 0.0121664 0.0114234 0.010514 0.00949138 0.00840985 0.00732095 0.00626946 0.00529158 0.0044147 0.00365859 0.00303701 0.00255082 0.00215424 0.00172069 0.00115011 0.000575689 0.000210486 5.89949e-05 1.3484e-05 2.61469e-06 4.34061e-07 6.00543e-08 6.30455e-09 3.60456e-10 0 
0 0.000258832 0.00112441 0.00210899 0.00328417 0.00471434 0.00632323 0.00801909 0.0097047 0.0112838 0.012674 0.0138176 0.0146599 0.015134 0.0152055 0.0148864 0.0142283 0.0133168 0.0122305 0.0110248 0.00975342 0.00847315 0.00723578 0.00608319 0.00504642 0.00414667 0.00339782 0.00280674 0.00235333 0.0019384 0.00140648 0.000781798 0.000311358 9.17317e-05 2.14199e-05 4.17346e-06 6.90387e-07 9.4818e-08 9.86554e-09 5.58788e-10 0 
0 0.000302425 0.00122289 0.00228647 0.00361945 0.00524004 0.00705981 0.00897687 0.0108823 0.012674 0.0142782 0.0156171 0.0165545 0.0170354 0.0171035 0.016786 0.0160796 0.0150238 0.0137502 0.0123665 0.0109253 0.00947773 0.00807833 0.00677374 0.00559836 0.00457491 0.00371698 0.00303207 0.00251254 0.00208808 0.00159426 0.000962087 0.000413878 0.000128134 3.06337e-05 6.01331e-06 9.9392e-07 1.35866e-07 1.40467e-08 7.90105e-10 0 
0 0.000335761 0.00129449 0.00243055 0.00389103 0.00566371 0.00765262 0.00974733 0.0118325 0.0138176 0.0156171 0.0170141 0.0178653 0.0182706 0.0183244 0.0180535 0.0174301 0.0163978 0.0150051 0.0134533 0.0118632 0.0102796 0.0087506 0.00732462 0.00603878 0.00491715 0.00397319 0.00321365 0.00263575 0.00218929 0.00172018 0.00110061 0.000503906 0.000162954 3.98383e-05 7.88534e-06 1.30453e-06 1.77863e-07 1.83124e-08 1.02516e-09 0 
0 0.000358326 0.00134202 0.00253313 0.0040837 0.00596362 0.00807197 0.0102924 0.0125121 0.0146599 0.0165545 0.0178653 0.0186136 0.0189677 0.0190122 0.0187695 0.0182153 0.0172778 0.0158977 0.014234 0.0125226 0.0108389 0.00921861 0.00770767 0.00634465 0.00515461 0.00415097 0.00333965 0.00271942 0.00225175 0.00179562 0.00119282 0.000570938 0.000190889 4.75231e-05 9.47731e-06 1.57066e-06 2.1393e-07 2.19758e-08 1.22681e-09 0 
0 0.000370316 0.00136672 0.00258893 0.00418872 0.00612715 0.00830064 0.0105899 0.0128891 0.015134 0.0170354 0.0182706 0.0189677 0.0192979 0.0193372 0.0191058 0.0185821 0.0176983 0.0163622 0.014659 0.0128741 0.0111326 0.00946294 0.00790666 0.00650264 0.00527637 0.00424121 0.00340253 0.00275945 0.00227911 0.00182958 0.00124016 0.000609177 0.000207917 5.23835e-05 1.0504e-05 1.74415e-06 2.37596e-07 2.43907e-08 1.36025e-09 0 
0 0.000372213 0.00136949 0.00259633 0.00420382 0.00615121 0.00833445 0.0106338 0.0129453 0.0152055 0.0171035 0.0183244 0.0190122 0.0193372 0.0193739 0.0191419 0.0186204 0.0177423 0.0164124 0.0147029 0.0129052 0.0111551 0.00947923 0.00791777 0.00650936 0.0052794 0.00424108 0.00339954 0.00275388 0.00227271 0.00182746 0.00124577 0.000616841 0.000212024 5.36719e-05 1.07928e-05 1.79511e-06 2.44806e-07 2.51509e-08 1.40358e-09 0 
0 0.000364602 0.00135158 0.00255735 0.00413278 0.0060417 0.00818166 0.0104346 0.0126911 0.0148864 0.016786 0.0180535 0.0187695 0.0191058 0.0191419 0.0188989 0.0183541 0.0174378 0.0160713 0.0143785 0.0126284 0.0109183 0.00927743 0.00774884 0.00637074 0.00516793 0.00415335 0.00333219 0.00270333 0.00223338 0.00179156 0.00121245 0.000595144 0.000203362 5.13633e-05 1.03307e-05 1.72075e-06 2.3514e-07 2.42126e-08 1.35441e-09 0 
0 0.000348119 0.00131469 0.00247717 0.00398468 0.00581236 0.00786134 0.0100177 0.0121664 0.0142283 0.0160796 0.0174301 0.0182153 0.0185821 0.0186204 0.0183541 0.0177574 0.0167623 0.0153552 0.0137335 0.0120809 0.0104497 0.00887976 0.00741768 0.00610057 0.00495223 0.00398528 0.00320522 0.00261028 0.00216142 0.00172165 0.00114241 0.000547719 0.000184023 4.61143e-05 9.25978e-06 1.54495e-06 2.11801e-07 2.18955e-08 1.23001e-09 0 
0 0.000323497 0.00126062 0.0023635 0.00377277 0.0054831 0.00740098 0.00941899 0.0114234 0.0133168 0.0150238 0.0163978 0.0172778 0.0176983 0.0177423 0.0174378 0.0167623 0.0156925 0.0143284 0.0128408 0.0113123 0.00978774 0.00831778 0.00694965 0.00571846 0.0046468 0.00374704 0.00302512 0.0024775 0.00205545 0.00161522 0.00103834 0.000480534 0.000157573 3.90577e-05 7.8279e-06 1.30974e-06 1.80467e-07 1.87701e-08 1.06132e-09 0 
0 0.000291682 0.00119066 0.00222554 0.00351321 0.00507792 0.00683366 0.00868107 0.010514 0.0122305 0.0137502 0.0150051 0.0158977 0.0163622 0.0164124 0.0160713 0.0153552 0.0143284 0.0131054 0.0117701 0.010376 0.00897766 0.00762906 0.00637477 0.00524742 0.00426828 0.0034497 0.00279796 0.00230549 0.00191054 0.00146851 0.000905425 0.000401921 0.000128397 3.15101e-05 6.31689e-06 1.06273e-06 1.47587e-07 1.5487e-08 8.83775e-10 0 
0 0.000253986 0.001105 0.00207273 0.00322374 0.00462289 0.00619513 0.00784986 0.00949138 0.0110248 0.0123665 0.0134533 0.014234 0.014659 0.0147029 0.0143785 0.0137335 0.0128408 0.0117701 0.0105796 0.00932659 0.00806779 0.00685369 0.00572491 0.0047114 0.00383327 0.00310305 0.00252651 0.00208913 0.00171715 0.00127969 0.000754014 0.000322138 0.000100918 2.46796e-05 4.97577e-06 8.45447e-07 1.18777e-07 1.26138e-08 7.28332e-10 0 
0 0.000212251 0.00100243 0.00191286 0.00292252 0.00414424 0.005521 0.00697111 0.00840985 0.00975342 0.0109253 0.0118632 0.0125226 0.0128741 0.0129052 0.0126284 0.0120809 0.0113123 0.010376 0.00932659 0.00821939 0.00710601 0.00603121 0.00503119 0.0041332 0.00335636 0.0027131 0.00220683 0.00181545 0.00146466 0.00105554 0.000601112 0.000251976 7.88136e-05 1.94555e-05 3.97754e-06 6.86028e-07 9.77889e-08 1.05258e-08 6.15244e-10 0 
0 0.000168913 0.000881158 0.00174935 0.00262662 0.00366692 0.00484454 0.00608728 0.00732095 0.00847315 0.00947773 0.0102796 0.0108389 0.0111326 0.0111551 0.0109183 0.0104497 0.00978774 0.00897766 0.00806779 0.00710601 0.00613663 0.00519815 0.00432215 0.00353311 0.00284897 0.00228094 0.00182914 0.00147205 0.00115641 0.000818868 0.000467853 0.000200339 6.44246e-05 1.63147e-05 3.40478e-06 5.96707e-07 8.61189e-08 9.3598e-09 5.51223e-10 0 
0 0.000126871 0.000740915 0.00157824 0.00234963 0.00321363 0.00419519 0.00523534 0.00626946 0.00723578 0.00807833 0.0087506 0.00921861 0.00946294 0.00947923 0.00927743 0.00887976 0.00831778 0.00762906 0.00685369 0.00603121 0.00519815 0.00438645 0.00362282 0.00292916 0.00232317 0.00181677 0.00141145 0.00109501 0.000840764 0.000607212 0.00036998 0.000171029 5.83608e-05 1.5312e-05 3.25259e-06 5.74253e-07 8.30329e-08 9.01458e-09 5.29429e-10 0 
0 8.90669e-05 0.000586136 0.00138725 0.00209651 0.00280366 0.00359792 0.00444567 0.00529158 0.00608319 0.00677374 0.00732462 0.00770767 0.00790666 0.00791777 0.00774884 0.00741768 0.00694965 0.00637477 0.00572491 0.00503119 0.00432215 0.00362282 0.00295556 0.0023448 0.00182441 0.00142746 0.001142 0.000903984 0.000675949 0.000477549 0.000309892 0.000159972 5.91703e-05 1.60677e-05 3.43034e-06 6.00694e-07 8.57426e-08 9.17921e-09 5.31709e-10 0 
0 5.78711e-05 0.000428146 0.00116118 0.00185558 0.00244887 0.0030732 0.00374215 0.0044147 0.00504642 0.00559836 0.00603878 0.00634465 0.00650264 0.00650936 0.00637074 0.00610057 0.00571846 0.00524742 0.0047114 0.0041332 0.00353311 0.00292916 0.0023448 0.00183799 0.00153129 0.00151531 0.00163936 0.00155869 0.00114513 0.00065018 0.000328369 0.000162549 6.37567e-05 1.77633e-05 3.75974e-06 6.44303e-07 8.9799e-08 9.39882e-09 5.3341e-10 0 
0 3.44875e-05 0.000283479 0.000896471 0.00159421 0.00214246 0.00263418 0.0031431 0.00365859 0.00414667 0.00457491 0.00491715 0.00515461 0.00527637 0.0052794 0.00516793 0.00495223 0.0046468 0.00426828 0.00383327 0.00335636 0.00284897 0.00232317 0.00182441 0.00153129 0.00179908 0.00283626 0.00410803 0.0045057 0.0032221 0.00164007 0.000606853 0.000203631 7.06952e-05 1.9387e-05 4.0022e-06 6.65359e-07 9.01522e-08 9.20505e-09 5.11308e-10 0 
0 1.87111e-05 0.000167554 0.000616403 0.00127466 0.0018431 0.00227298 0.00265824 0.00303701 0.00339782 0.00371698 0.00397319 0.00415097 0.00424121 0.00424108 0.00415335 0.00398528 0.00374704 0.0034497 0.00310305 0.0027131 0.00228094 0.00181677 0.00142746 0.00151531 0.00283626 0.00590905 0.0106595 0.0119097 0.00816988 0.00378461 0.0012812 0.000324578 8.241e-05 2.01675e-05 3.9416e-06 6.30686e-07 8.31141e-08 8.30355e-09 4.52969e-10 0 
0 9.19536e-06 8.75578e-05 0.000366663 0.000897723 0.00148258 0.00193495 0.00226885 0.00255082 0.00280674 0.00303207 0.00321365 0.00333965 0.00340253 0.00339954 0.00333219 0.00320522 0.00302512 0.00279796 0.00252651 0.00220683 0.00182914 0.00141145 0.001142 0.00163936 0.00410803 0.0106595 0.0136531 0.0140062 0.0128875 0.00681165 0.00205358 0.0004743 9.48783e-05 1.94043e-05 3.4727e-06 5.31132e-07 6.8346e-08 6.72501e-09 3.6261e-10 0 
0 4.08305e-06 4.03265e-05 0.000185775 0.000530441 0.00103457 0.00152408 0.00189239 0.00215424 0.00235333 0.00251254 0.00263575 0.00271942 0.00275945 0.00275388 0.00270333 0.00261028 0.0024775 0.00230549 0.00208913 0.00181545 0.00147205 0.00109501 0.000903984 0.00155869 0.0045057 0.0119097 0.0140062 0.0142737 0.0133572 0.00815248 0.00226172 0.00050918 9.19167e-05 1.62488e-05 2.64762e-06 3.88114e-07 4.91798e-08 4.81024e-09 2.58511e-10 0 
0 1.63767e-06 1.64106e-05 8.01538e-05 0.000256701 0.000585533 0.00100907 0.00141063 0.00172069 0.0019384 0.00208808 0.00218929 0.00225175 0.00227911 0.00227271 0.00223338 0.00216142 0.00205545 0.00191054 0.00171715 0.00146466 0.00115641 0.000840764 0.000675949 0.00114513 0.0032221 0.00816988 0.0128875 0.0133572 0.0114384 0.00514678 0.00167558 0.000377255 6.69831e-05 1.10125e-05 1.6869e-06 2.4176e-07 3.06026e-08 3.00883e-09 1.62673e-10 0 
0 5.94026e-07 5.93519e-06 2.97705e-05 0.000102207 0.000261494 0.000520179 0.000838726 0.00115011 0.00140648 0.00159426 0.00172018 0.00179562 0.00182958 0.00182746 0.00179156 0.00172165 0.00161522 0.00146851 0.00127969 0.00105554 0.000818868 0.000607212 0.000477549 0.00065018 0.00164007 0.00378461 0.00681165 0.00815248 0.00514678 0.00251551 0.000832457 0.000192192 3.54359e-05 5.77486e-06 8.77426e-07 1.27137e-07 1.63754e-08 1.63776e-09 8.99148e-11 0 
0 1.95177e-07 1.92051e-06 9.66291e-06 3.42326e-05 9.35627e-05 0.000205371 0.000372623 0.000575689 0.000781798 0.000962087 0.00110061 0.00119282 0.00124016 0.00124577 0.00121245 0.00114241 0.00103834 0.000905425 0.000754014 0.000601112 0.000467853 0.00036998 0.000309892 0.000328369 0.000606853 0.0012812 0.00205358 0.00226172 0.00167558 0.000832457 0.00028176 6.94866e-05 1.37207e-05 2.33474e-06 3.72567e-07 5.64966e-08 7.53374e-09 7.74762e-10 4.35616e-11 0 
0 5.81488e-08 5.59004e-07 2.77836e-06 9.89309e-06 2.77915e-05 6.4226e-05 0.00012524 0.000210486 0.000311358 0.000413878 0.000503906 0.000570938 0.000609177 0.000616841 0.000595144 0.000547719 0.000480534 0.000401921 0.000322138 0.000251976 0.000200339 0.000171029 0.000159972 0.000162549 0.000203631 0.000324578 0.0004743 0.00050918 0.000377255 0.000192192 6.94866e-05 1.87892e-05 4.03555e-06 7.53613e-07 1.3197e-07 2.14109e-08 2.98997e-09 3.18796e-10 1.8487e-11 0 
0 1.56979e-08 1.46747e-07 7.14023e-07 2.51529e-06 7.08592e-06 1.66737e-05 3.35923e-05 5.89949e-05 9.17317e-05 0.000128134 0.000162954 0.000190889 0.000207917 0.000212024 0.000203362 0.000184023 0.000157573 0.000128397 0.000100918 7.88136e-05 6.44246e-05 5.83608e-05 5.91703e-05 6.37567e-05 7.06952e-05 8.241e-05 9.48783e-05 9.19167e-05 6.69831e-05 3.54359e-05 1.37207e-05 4.03555e-06 9.67802e-07 2.05573e-07 4.00967e-08 6.99322e-09 1.02769e-09 1.14227e-10 6.86822e-12 0 
0 3.825e-09 3.469e-08 1.64459e-07 5.68253e-07 1.58356e-06 3.721e-06 7.5565e-06 1.3484e-05 2.14199e-05 3.06337e-05 3.98383e-05 4.75231e-05 5.23835e-05 5.36719e-05 5.13633e-05 4.61143e-05 3.90577e-05 3.15101e-05 2.46796e-05 1.94555e-05 1.63147e-05 1.5312e-05 1.60677e-05 1.77633e-05 1.9387e-05 2.01675e-05 1.94043e-05 1.62488e-05 1.10125e-05 5.77486e-06 2.33474e-06 7.53613e-07 2.05573e-07 4.95421e-08 1.06217e-08 1.97949e-09 3.0637e-10 3.56102e-11 2.22807e-12 0 
0 8.33233e-10 7.32583e-09 3.37698e-08 1.13981e-07 3.12054e-07 7.24934e-07 1.46462e-06 2.61469e-06 4.17346e-06 6.01331e-06 7.88534e-06 9.47731e-06 1.0504e-05 1.07928e-05 1.03307e-05 9.25978e-06 7.8279e-06 6.31689e-06 4.97577e-06 3.97754e-06 3.40478e-06 3.25259e-06 3.43034e-06 3.75974e-06 4.0022e-06 3.9416e-06 3.4727e-06 2.64762e-06 1.6869e-06 8.77426e-07 3.72567e-07 1.3197e-07 4.00967e-08 1.06217e-08 2.45054e-09 4.84348e-10 7.88931e-11 9.60264e-12 6.26477e-13 0 
0 1.59036e-10 1.35591e-09 6.07501e-09 1.99987e-08 5.36289e-08 1.22599e-07 2.44881e-07 4.34061e-07 6.90387e-07 9.9392e-07 1.30453e-06 1.57066e-06 1.74415e-06 1.79511e-06 1.72075e-06 1.54495e-06 1.30974e-06 1.06273e-06 8.45447e-07 6.86028e-07 5.96707e-07 5.74253e-07 6.00694e-07 6.44303e-07 6.65359e-07 6.30686e-07 5.31132e-07 3.88114e-07 2.4176e-07 1.27137e-07 5.64966e-08 2.14109e-08 6.99322e-09 1.97949e-09 4.84348e-10 1.00996e-10 1.72888e-11 2.20369e-12 1.50017e-13 0 
0 2.54836e-11 2.10889e-10 9.18905e-10 2.9502e-09 7.74214e-09 1.73854e-08 3.42393e-08 6.00543e-08 9.4818e-08 1.35866e-07 1.77863e-07 2.1393e-07 2.37596e-07 2.44806e-07 2.3514e-07 2.11801e-07 1.80467e-07 1.47587e-07 1.18777e-07 9.77889e-08 8.61189e-08 8.30329e-08 8.57426e-08 8.9799e-08 9.01522e-08 8.31141e-08 6.8346e-08 4.91798e-08 3.06026e-08 1.63754e-08 7.53374e-09 2.98997e-09 1.02769e-09 3.0637e-10 7.88931e-11 1.72888e-11 3.10408e-12 4.13919e-13 2.93938e-14 0 
0 3.09487e-12 2.48934e-11 1.05611e-10 3.30944e-10 8.50142e-10 1.87464e-09 3.63721e-09 6.30455e-09 9.86554e-09 1.40467e-08 1.83124e-08 2.19758e-08 2.43907e-08 2.51509e-08 2.42126e-08 2.18955e-08 1.87701e-08 1.5487e-08 1.26138e-08 1.05258e-08 9.3598e-09 9.01458e-09 9.17921e-09 9.39882e-09 9.20505e-09 8.30355e-09 6.72501e-09 4.81024e-09 3.00883e-09 1.63776e-09 7.74762e-10 3.18796e-10 1.14227e-10 3.56102e-11 9.60264e-12 2.20369e-12 4.13919e-13 5.76426e-14 4.26566e-15 0 
0 2.03555e-13 1.59389e-12 6.59379e-12 2.0192e-11 5.08194e-11 1.10098e-10 2.10469e-10 3.60456e-10 5.58788e-10 7.90105e-10 1.02516e-09 1.22681e-09 1.36025e-09 1.40358e-09 1.35441e-09 1.23001e-09 1.06132e-09 8.83775e-10 7.28332e-10 6.15244e-10 5.51223e-10 5.29429e-10 5.31709e-10 5.3341e-10 5.11308e-10 4.52969e-10 3.6261e-10 2.58511e-10 1.62673e-10 8.99148e-11 4.35616e-11 1.8487e-11 6.86822e-12 2.22807e-12 6.26477e-13 1.50017e-13 2.93938e-14 4.26566e-15 3.28447e-16 0 
0 0 0 0 0 0 0 0 0 0 0 0 0 0 0 0 0 0 0 0 0 0 0 0 0 0 0 0 0 0 0 0 0 0 0 0 0 0 0 0 0 
