0 0 0 0 0 0 0 0 0 0 0 0 0 0 0 0 0 0 0 0 0 0 0 0 0 0 0 0 0 0 0 0 0 0 0 0 0 0 0 0 0 
0 2.77826e-08 2.59075e-07 1.25083e-06 4.35324e-06 1.20752e-05 2.79199e-05 5.52502e-05 9.5435e-05 0.000146355 0.000202329 0.000255538 0.000298127 0.000324034 0.000330061 0.000316171 0.000285187 0.000242078 0.000192959 0.000143961 0.000100135 6.46718e-05 3.86372e-05 2.12896e-05 1.07983e-05 5.0374e-06 2.16175e-06 8.54214e-07 3.11247e-07 1.04734e-07 3.25879e-08 9.3813e-09 2.49697e-09 6.12825e-10 1.37859e-10 2.80974e-11 5.07504e-12 7.76987e-13 9.08804e-14 5.79482e-15 0 
0 2.59075e-07 2.51868e-06 1.26097e-05 4.50536e-05 0.000126521 0.000291393 0.00056534 0.000945494 0.00139407 0.00185127 0.00225612 0.00256138 0.00273859 0.00277676 0.0026791 0.00246055 0.00214611 0.00176945 0.00137025 0.00098917 0.000660558 0.000405268 0.000227272 0.00011617 5.4096e-05 2.298e-05 8.92842e-06 3.18265e-06 1.04405e-06 3.15988e-07 8.83739e-08 2.28416e-08 5.4446e-09 1.19024e-09 2.35957e-10 4.15008e-11 6.19478e-12 7.07378e-13 4.4093e-14 0 
0 1.25083e-06 1.26097e-05 6.48139e-05 0.00023355 0.000645394 0.00142336 0.00258329 0.00398778 0.00542038 0.00669502 0.00770319 0.00840102 0.00878085 0.00885147 0.00862894 0.0081337 0.00739137 0.00643731 0.00532481 0.00413379 0.00297068 0.00194935 0.00115508 0.00061396 0.000292318 0.000125034 4.83136e-05 1.69734e-05 5.45404e-06 1.61069e-06 4.38592e-07 1.10262e-07 2.55597e-08 5.43626e-09 1.04937e-09 1.79912e-10 2.62106e-11 2.925e-12 1.78424e-13 0 
0 4.35324e-06 4.50536e-05 0.00023355 0.000823503 0.00214236 0.00429163 0.00694115 0.0095795 0.0118696 0.0137014 0.015071 0.0159947 0.0164872 0.0165643 0.0162486 0.0155698 0.01456 0.0132471 0.0116517 0.00979738 0.00774368 0.00562964 0.00367994 0.00212417 0.00107337 0.000475538 0.000186348 6.5349e-05 2.07379e-05 6.00829e-06 1.59896e-06 3.92098e-07 8.85946e-08 1.83683e-08 3.45845e-09 5.78905e-10 8.2437e-11 9.0036e-12 5.38209e-13 0 
0 1.20752e-05 0.000126521 0.000645394 0.00214236 0.00500648 0.00878585 0.0125775 0.015888 0.0186614 0.0209364 0.0227085 0.0239437 0.0246131 0.0247124 0.024267 0.02333 0.0219734 0.020275 0.0183009 0.016084 0.0136155 0.01088 0.00796362 0.00515933 0.00287934 0.00136986 0.000559409 0.000199434 6.32364e-05 1.81098e-05 4.73442e-06 1.13676e-06 2.5112e-07 5.08829e-08 9.36583e-09 1.53374e-09 2.13885e-10 2.29025e-11 1.34384e-12 0 
0 2.79199e-05 0.000291393 0.00142336 0.00429163 0.00878585 0.0136365 0.0180274 0.0219241 0.0253962 0.0283869 0.0307801 0.0324698 0.0333906 0.0335268 0.0329118 0.031622 0.0297668 0.0274758 0.0248823 0.0221008 0.0191941 0.0161379 0.0128381 0.00929426 0.00584377 0.00308117 0.00135113 0.000500705 0.000160964 4.59902e-05 1.18843e-05 2.80655e-06 6.08308e-07 1.20822e-07 2.17986e-08 3.50064e-09 4.79111e-10 5.03994e-11 2.90829e-12 0 
0 5.52502e-05 0.00056534 0.00258329 0.00694115 0.0125775 0.0180274 0.023072 0.0278425 0.0322558 0.036112 0.0392117 0.0414031 0.0425974 0.0427733 0.041974 0.0402989 0.037891 0.0349219 0.0315752 0.028029 0.0244313 0.0208592 0.0172613 0.0134619 0.00940888 0.00555972 0.00267873 0.00105468 0.000349207 0.000100568 2.58617e-05 6.03615e-06 1.2886e-06 2.51704e-07 4.46405e-08 7.04851e-09 9.49052e-10 9.82954e-11 5.58984e-12 0 
0 9.5435e-05 0.000945494 0.00398778 0.0095795 0.015888 0.0219241 0.0278425 0.0336316 0.0390405 0.0437758 0.0475826 0.0502727 0.0517373 0.0519507 0.0509663 0.0489062 0.0459458 0.0422956 0.0381824 0.0338301 0.0294417 0.0251733 0.021082 0.0170466 0.0128018 0.00836364 0.00445896 0.00189416 0.000655014 0.000192016 4.94671e-05 1.14662e-05 2.42029e-06 4.66483e-07 8.15714e-08 1.26985e-08 1.68639e-09 1.72382e-10 9.68237e-12 0 
0 0.000146355 0.00139407 0.00542038 0.0118696 0.0186614 0.0253962 0.0322558 0.0390405 0.0453903 0.0509488 0.0554155 0.0585699 0.0602849 0.0605308 0.059371 0.0569488 0.0534702 0.049182 0.0443498 0.0392367 0.0340849 0.0290974 0.0244063 0.0199976 0.0156213 0.0109805 0.00641505 0.0029537 0.00107633 0.00032367 8.4013e-05 1.94246e-05 4.06892e-06 7.7636e-07 1.34258e-07 2.06646e-08 2.71394e-09 2.74482e-10 1.52638e-11 0 
0 0.000202329 0.00185127 0.00669502 0.0137014 0.0209364 0.0283869 0.036112 0.0437758 0.0509488 0.0572257 0.0622672 0.0658247 0.0677554 0.0680267 0.0667106 0.0639697 0.0600364 0.0551895 0.0497284 0.0439498 0.0381275 0.0324953 0.0272274 0.0223874 0.017815 0.013116 0.0082337 0.00408326 0.00157104 0.000486667 0.000127785 2.95749e-05 6.16794e-06 1.16864e-06 2.00457e-07 3.05929e-08 3.98433e-09 3.99758e-10 2.20657e-11 0 
0 0.000255538 0.00225612 0.00770319 0.015071 0.0227085 0.0307801 0.0392117 0.0475826 0.0554155 0.0622672 0.0677672 0.0716448 0.0737449 0.0740327 0.0725878 0.0695881 0.0652879 0.0599914 0.0540254 0.0477132 0.0413533 0.0352017 0.0294571 0.0242272 0.019431 0.0146918 0.00970127 0.00511173 0.00206654 0.00065941 0.000175463 4.07508e-05 8.48455e-06 1.60092e-06 2.73172e-07 4.14584e-08 5.36985e-09 5.3601e-10 2.94506e-11 0 
0 0.000298127 0.00256138 0.00840102 0.0159947 0.0239437 0.0324698 0.0414031 0.0502727 0.0585699 0.0658247 0.0716448 0.075744 0.077959 0.0782538 0.0767136 0.0735276 0.0689657 0.0633503 0.0570274 0.0503393 0.0436015 0.037085 0.0310026 0.0254854 0.0205034 0.0157262 0.0107252 0.00590546 0.0024838 0.000813192 0.000219196 5.11548e-05 1.06571e-05 2.00796e-06 3.41845e-07 5.17515e-08 6.68757e-09 6.6629e-10 3.65628e-11 0 
0 0.000324034 0.00273859 0.00878085 0.0164872 0.0246131 0.0333906 0.0425974 0.0517373 0.0602849 0.0677554 0.0737449 0.077959 0.0802302 0.0805224 0.0789243 0.0756318 0.0709234 0.0651319 0.0586139 0.0517218 0.0447803 0.038068 0.0318047 0.0261322 0.0210474 0.0162575 0.0112907 0.00638985 0.0027609 0.000921314 0.000251054 5.89113e-05 1.23054e-05 2.32172e-06 3.95645e-07 5.99609e-08 7.76012e-09 7.74839e-10 4.26494e-11 0 
0 0.000330061 0.00277676 0.00885147 0.0165643 0.0247124 0.0335268 0.0427733 0.0519507 0.0605308 0.0680267 0.0740327 0.0782538 0.0805224 0.0808033 0.0791861 0.0758687 0.0711315 0.0653093 0.0587603 0.0518387 0.04487 0.0381336 0.0318498 0.0261627 0.021078 0.016322 0.0114188 0.00654273 0.00286603 0.000967344 0.000265776 6.27451e-05 1.31723e-05 2.49728e-06 4.27744e-07 6.51991e-08 8.4943e-09 8.54743e-10 4.74733e-11 0 
0 0.000316171 0.0026791 0.00862894 0.0162486 0.024267 0.0329118 0.041974 0.0509663 0.059371 0.0667106 0.0725878 0.0767136 0.0789243 0.0791861 0.0775879 0.0743242 0.0696709 0.0639566 0.0575332 0.0507478 0.0439195 0.0373218 0.0311699 0.0256032 0.0206224 0.015955 0.0111446 0.00638092 0.00280035 0.000949562 0.000262605 6.24812e-05 1.32333e-05 2.53386e-06 4.38887e-07 6.77448e-08 8.9514e-09 9.1499e-10 5.17033e-11 0 
0 0.000285187 0.00246055 0.0081337 0.0155698 0.02333 0.031622 0.0402989 0.0489062 0.0569488 0.0639697 0.0695881 0.0735276 0.0756318 0.0758687 0.0743242 0.0711854 0.0667174 0.0612355 0.0550774 0.0485758 0.0420367 0.0357219 0.0298365 0.0245087 0.0197223 0.0151936 0.0105135 0.00595176 0.00259466 0.0008809 0.00024557 5.9169e-05 1.27316e-05 2.48312e-06 4.39107e-07 6.93433e-08 9.39108e-09 9.85244e-10 5.71897e-11 0 
0 0.000242078 0.00214611 0.00739137 0.01456 0.0219734 0.0297668 0.037891 0.0459458 0.0534702 0.0600364 0.0652879 0.0689657 0.0709234 0.0711315 0.0696709 0.0667174 0.0625198 0.0573743 0.0515977 0.0455022 0.0393747 0.0334608 0.0279507 0.0229548 0.0184294 0.0140808 0.00958644 0.00533056 0.00230301 0.000785366 0.000222409 5.48563e-05 1.21449e-05 2.4459e-06 4.47711e-07 7.32819e-08 1.02887e-08 1.11798e-09 6.70816e-11 0 
0 0.000192959 0.00176945 0.00643731 0.0132471 0.020275 0.0274758 0.0349219 0.0422956 0.049182 0.0551895 0.0599914 0.0633503 0.0651319 0.0653093 0.0639566 0.0612355 0.0573743 0.052645 0.0473381 0.0417406 0.0361159 0.030689 0.0256309 0.0210268 0.0168007 0.0126716 0.00845089 0.00461865 0.0019936 0.000692721 0.000202916 5.22459e-05 1.21319e-05 2.56645e-06 4.92922e-07 8.43947e-08 1.23372e-08 1.38812e-09 8.57343e-11 0 
0 0.000143961 0.00137025 0.00532481 0.0116517 0.0183009 0.0248823 0.0315752 0.0381824 0.0443498 0.0497284 0.0540254 0.0570274 0.0586139 0.0587603 0.0575332 0.0550774 0.0515977 0.0473381 0.0425596 0.0375197 0.032455 0.0275663 0.0229998 0.0188095 0.0148982 0.0110468 0.00722897 0.00393402 0.00173746 0.000633673 0.000197819 5.45443e-05 1.35286e-05 3.03531e-06 6.12539e-07 1.09093e-07 1.64299e-08 1.88812e-09 1.18229e-10 0 
0 0.000100135 0.00098917 0.00413379 0.00979738 0.016084 0.0221008 0.028029 0.0338301 0.0392367 0.0439498 0.0477132 0.0503393 0.0517218 0.0518387 0.0507478 0.0485758 0.0455022 0.0417406 0.0375197 0.0330651 0.0285835 0.0242471 0.0201716 0.016383 0.0128006 0.00932755 0.00606793 0.00338917 0.00159681 0.000637472 0.000218952 6.57197e-05 1.74302e-05 4.10412e-06 8.55029e-07 1.55152e-07 2.35696e-08 2.71203e-09 1.69133e-10 0 
0 6.46718e-05 0.000660558 0.00297068 0.00774368 0.0136155 0.0191941 0.0244313 0.0294417 0.0340849 0.0381275 0.0413533 0.0436015 0.0447803 0.04487 0.0439195 0.0420367 0.0393747 0.0361159 0.032455 0.0285835 0.0246745 0.0208663 0.0172441 0.0138319 0.0106262 0.0076728 0.00510157 0.00305779 0.00161286 0.000730828 0.00028033 9.1042e-05 2.5306e-05 6.09204e-06 1.27601e-06 2.30325e-07 3.45817e-08 3.91804e-09 2.40106e-10 0 
0 3.86372e-05 0.000405268 0.00194935 0.00562964 0.01088 0.0161379 0.0208592 0.0251733 0.0290974 0.0324953 0.0352017 0.037085 0.038068 0.0381336 0.0373218 0.0357219 0.0334608 0.030689 0.0275663 0.0242471 0.0208663 0.0175279 0.0143063 0.0112765 0.00855142 0.00625323 0.004414 0.0029554 0.00179607 0.000935252 0.000398738 0.000137429 3.8964e-05 9.33147e-06 1.91964e-06 3.38374e-07 4.95091e-08 5.46503e-09 3.26537e-10 0 
0 2.12896e-05 0.000227272 0.00115508 0.00367994 0.00796362 0.0128381 0.0172613 0.021082 0.0244063 0.0272274 0.0294571 0.0310026 0.0318047 0.0318498 0.0311699 0.0298365 0.0279507 0.0256309 0.0229998 0.0201716 0.0172441 0.0143063 0.0114705 0.00891137 0.00683673 0.00534213 0.00427436 0.00331541 0.00229378 0.00132507 0.000608148 0.00021599 6.0546e-05 1.4028e-05 2.77793e-06 4.72076e-07 6.67661e-08 7.14316e-09 4.14785e-10 0 
0 1.07983e-05 0.00011617 0.00061396 0.00212417 0.00515933 0.00929426 0.0134619 0.0170466 0.0199976 0.0223874 0.0242272 0.0254854 0.0261322 0.0261627 0.0256032 0.0245087 0.0229548 0.0210268 0.0188095 0.016383 0.0138319 0.0112765 0.00891137 0.00703089 0.00600687 0.00605201 0.00658049 0.00625926 0.0045821 0.00252594 0.00108107 0.00036153 9.43738e-05 2.02193e-05 3.74968e-06 6.06841e-07 8.26097e-08 8.55721e-09 4.83037e-10 0 
0 5.0374e-06 5.4096e-05 0.000292318 0.00107337 0.00287934 0.00584377 0.00940888 0.0128018 0.0156213 0.017815 0.019431 0.0205034 0.0210474 0.021078 0.0206224 0.0197223 0.0184294 0.0168007 0.0148982 0.0128006 0.0106262 0.00855142 0.00683673 0.00600687 0.00722164 0.0114093 0.0164627 0.017546 0.012962 0.00659517 0.0024019 0.000674368 0.000150821 2.79822e-05 4.64761e-06 7.03273e-07 9.18731e-08 9.23311e-09 5.08263e-10 0 
0 2.16175e-06 2.298e-05 0.000125034 0.000475538 0.00136986 0.00308117 0.00555972 0.00836364 0.0109805 0.013116 0.0146918 0.0157262 0.0162575 0.016322 0.015955 0.0151936 0.0140808 0.0126716 0.0110468 0.00932755 0.0076728 0.00625323 0.00534213 0.00605201 0.0114093 0.0236805 0.037646 0.0413476 0.0306179 0.015225 0.00515091 0.0012539 0.000236679 3.67277e-05 5.23102e-06 7.22822e-07 9.03429e-08 8.84785e-09 4.77623e-10 0 
0 8.54214e-07 8.92842e-06 4.83136e-05 0.000186348 0.000559409 0.00135113 0.00267873 0.00445896 0.00641505 0.0082337 0.00970127 0.0107252 0.0112907 0.0114188 0.0111446 0.0105135 0.00958644 0.00845089 0.00722897 0.00606793 0.00510157 0.004414 0.00427436 0.00658049 0.0164627 0.037646 0.0614887 0.0680645 0.0504365 0.0249382 0.00826097 0.00188889 0.000319006 4.26871e-05 5.19712e-06 6.47836e-07 7.74955e-08 7.44708e-09 3.97192e-10 0 
0 3.11247e-07 3.18265e-06 1.69734e-05 6.5349e-05 0.000199434 0.000500705 0.00105468 0.00189416 0.0029537 0.00408326 0.00511173 0.00590546 0.00638985 0.00654273 0.00638092 0.00595176 0.00533056 0.00461865 0.00393402 0.00338917 0.00305779 0.0029554 0.00331541 0.00625926 0.017546 0.0413476 0.0680645 0.0755017 0.0559683 0.0276289 0.00909843 0.0020366 0.000325954 3.98342e-05 4.32471e-06 4.95181e-07 5.73225e-08 5.46057e-09 2.90357e-10 0 
0 1.04734e-07 1.04405e-06 5.45404e-06 2.07379e-05 6.32364e-05 0.000160964 0.000349207 0.000655014 0.00107633 0.00157104 0.00206654 0.0024838 0.0027609 0.00286603 0.00280035 0.00259466 0.00230301 0.0019936 0.00173746 0.00159681 0.00161286 0.00179607 0.00229378 0.0045821 0.012962 0.0306179 0.0504365 0.0559683 0.0414804 0.0204756 0.00674025 0.00150398 0.000236152 2.77128e-05 2.85569e-06 3.15351e-07 3.62416e-08 3.47018e-09 1.85796e-10 0 
0 3.25879e-08 3.15988e-07 1.61069e-06 6.00829e-06 1.81098e-05 4.59902e-05 0.000100568 0.000192016 0.00032367 0.000486667 0.00065941 0.000813192 0.000921314 0.000967344 0.000949562 0.0008809 0.000785366 0.000692721 0.000633673 0.000637472 0.000730828 0.000935252 0.00132507 0.00252594 0.00659517 0.015225 0.0249382 0.0276289 0.0204756 0.0101195 0.00334593 0.00075241 0.000118292 1.38918e-05 1.45377e-06 1.6528e-07 1.95144e-08 1.90749e-09 1.03857e-10 0 
0 9.3813e-09 8.83739e-08 4.38592e-07 1.59896e-06 4.73442e-06 1.18843e-05 2.58617e-05 4.94671e-05 8.4013e-05 0.000127785 0.000175463 0.000219196 0.000251054 0.000265776 0.000262605 0.00024557 0.000222409 0.000202916 0.000197819 0.000218952 0.00028033 0.000398738 0.000608148 0.00108107 0.0024019 0.00515091 0.00826097 0.00909843 0.00674025 0.00334593 0.00111909 0.000255522 4.09525e-05 5.034e-06 5.75545e-07 7.18092e-08 8.97625e-09 9.07672e-10 5.06995e-11 0 
0 2.49697e-09 2.28416e-08 1.10262e-07 3.92098e-07 1.13676e-06 2.80655e-06 6.03615e-06 1.14662e-05 1.94246e-05 2.95749e-05 4.07508e-05 5.11548e-05 5.89113e-05 6.27451e-05 6.24812e-05 5.9169e-05 5.48563e-05 5.22459e-05 5.45443e-05 6.57197e-05 9.1042e-05 0.000137429 0.00021599 0.00036153 0.000674368 0.0012539 0.00188889 0.0020366 0.00150398 0.00075241 0.000255522 5.97235e-05 1.00622e-05 1.37878e-06 1.85448e-07 2.64522e-08 3.55308e-09 3.74802e-10 2.16269e-11 0 
0 6.12825e-10 5.4446e-09 2.55597e-08 8.85946e-08 2.5112e-07 6.08308e-07 1.2886e-06 2.42029e-06 4.06892e-06 6.16794e-06 8.48455e-06 1.06571e-05 1.23054e-05 1.31723e-05 1.32333e-05 1.27316e-05 1.21449e-05 1.21319e-05 1.35286e-05 1.74302e-05 2.5306e-05 3.8964e-05 6.0546e-05 9.43738e-05 0.000150821 0.000236679 0.000319006 0.000325954 0.000236152 0.000118292 4.09525e-05 1.00622e-05 1.89136e-06 3.12809e-07 5.1754e-08 8.45036e-09 1.21843e-09 1.34587e-10 8.06251e-12 0 
0 1.37859e-10 1.19024e-09 5.43626e-09 1.83683e-08 5.08829e-08 1.20822e-07 2.51704e-07 4.66483e-07 7.7636e-07 1.16864e-06 1.60092e-06 2.00796e-06 2.32172e-06 2.49728e-06 2.53386e-06 2.48312e-06 2.4459e-06 2.56645e-06 3.03531e-06 4.10412e-06 6.09204e-06 9.33147e-06 1.4028e-05 2.02193e-05 2.79822e-05 3.67277e-05 4.26871e-05 3.98342e-05 2.77128e-05 1.38918e-05 5.034e-06 1.37878e-06 3.12809e-07 6.52924e-08 1.30102e-08 2.36291e-09 3.62782e-10 4.2014e-11 2.62144e-12 0 
0 2.80974e-11 2.35957e-10 1.04937e-09 3.45845e-09 9.36583e-09 2.17986e-08 4.46405e-08 8.15714e-08 1.34258e-07 2.00457e-07 2.73172e-07 3.41845e-07 3.95645e-07 4.27744e-07 4.38887e-07 4.39107e-07 4.47711e-07 4.92922e-07 6.12539e-07 8.55029e-07 1.27601e-06 1.91964e-06 2.77793e-06 3.74968e-06 4.64761e-06 5.23102e-06 5.19712e-06 4.32471e-06 2.85569e-06 1.45377e-06 5.75545e-07 1.85448e-07 5.1754e-08 1.30102e-08 2.93357e-09 5.75107e-10 9.33609e-11 1.13378e-11 7.38128e-13 0 
0 5.07504e-12 4.15008e-11 1.79912e-10 5.78905e-10 1.53374e-09 3.50064e-09 7.04851e-09 1.26985e-08 2.06646e-08 3.05929e-08 4.14584e-08 5.17515e-08 5.99609e-08 6.51991e-08 6.77448e-08 6.93433e-08 7.32819e-08 8.43947e-08 1.09093e-07 1.55152e-07 2.30325e-07 3.38374e-07 4.72076e-07 6.06841e-07 7.03273e-07 7.22822e-07 6.47836e-07 4.95181e-07 3.15351e-07 1.6528e-07 7.18092e-08 2.64522e-08 8.45036e-09 2.36291e-09 5.75107e-10 1.19638e-10 2.04479e-11 2.60251e-12 1.76892e-13 0 
0 7.76987e-13 6.19478e-12 2.62106e-11 8.2437e-11 2.13885e-10 4.79111e-10 9.49052e-10 1.68639e-09 2.71394e-09 3.98433e-09 5.36985e-09 6.68757e-09 7.76012e-09 8.4943e-09 8.9514e-09 9.39108e-09 1.02887e-08 1.23372e-08 1.64299e-08 2.35696e-08 3.45817e-08 4.95091e-08 6.67661e-08 8.26097e-08 9.18731e-08 9.03429e-08 7.74955e-08 5.73225e-08 3.62416e-08 1.95144e-08 8.97625e-09 3.55308e-09 1.21843e-09 3.62782e-10 9.33609e-11 2.04479e-11 3.66865e-12 4.88754e-13 3.46702e-14 0 
0 9.08804e-14 7.07378e-13 2.925e-12 9.0036e-12 2.29025e-11 5.03994e-11 9.82954e-11 1.72382e-10 2.74482e-10 3.99758e-10 5.3601e-10 6.6629e-10 7.74839e-10 8.54743e-10 9.1499e-10 9.85244e-10 1.11798e-09 1.38812e-09 1.88812e-09 2.71203e-09 3.91804e-09 5.46503e-09 7.14316e-09 8.55721e-09 9.23311e-09 8.84785e-09 7.44708e-09 5.46057e-09 3.47018e-09 1.90749e-09 9.07672e-10 3.74802e-10 1.34587e-10 4.2014e-11 1.13378e-11 2.60251e-12 4.88754e-13 6.8033e-14 5.03107e-15 0 
0 5.79482e-15 4.4093e-14 1.78424e-13 5.38209e-13 1.34384e-12 2.90829e-12 5.58984e-12 9.68237e-12 1.52638e-11 2.20657e-11 2.94506e-11 3.65628e-11 4.26494e-11 4.74733e-11 5.17033e-11 5.71897e-11 6.70816e-11 8.57343e-11 1.18229e-10 1.69133e-10 2.40106e-10 3.26537e-10 4.14785e-10 4.83037e-10 5.08263e-10 4.77623e-10 3.97192e-10 2.90357e-10 1.85796e-10 1.03857e-10 5.06995e-11 2.16269e-11 8.06251e-12 2.62144e-12 7.38128e-13 1.76892e-13 3.46702e-14 5.03107e-15 3.8725e-16 0 
0 0 0 0 0 0 0 0 0 0 0 0 0 0 0 0 0 0 0 0 0 0 0 0 0 0 0 0 0 0 0 0 0 0 0 0 0 0 0 0 0 
