0 0 0 0 0 0 0 0 0 0 0 0 0 0 0 0 0 0 0 0 0 0 0 0 0 0 0 0 0 0 0 0 0 0 0 0 0 0 0 0 0 
0 2.00429e-07 1.77247e-06 7.68884e-06 2.26468e-05 5.04484e-05 9.05958e-05 0.000137989 0.000185944 0.000229154 0.000264658 0.000291358 0.000309204 0.000318581 0.000319993 0.000313926 0.000300839 0.000281203 0.000255604 0.000224887 0.000190329 0.000153752 0.00011748 8.4062e-05 5.57528e-05 3.39431e-05 1.88146e-05 9.43937e-06 4.2727e-06 1.7436e-06 6.42086e-07 2.13722e-07 6.43751e-08 1.75383e-08 4.30586e-09 9.43811e-10 1.81053e-10 2.91304e-11 3.54947e-12 2.34078e-13 0 
0 1.77247e-06 1.59426e-05 6.72691e-05 0.000182036 0.000354502 0.000542966 0.000708263 0.000837316 0.000934435 0.00100715 0.00106026 0.00109574 0.0011142 0.00111611 0.00110238 0.00107441 0.00103381 0.000981804 0.000918597 0.000842979 0.000752617 0.000645622 0.000523371 0.00039322 0.000268457 0.000163728 8.81741e-05 4.17317e-05 1.73844e-05 6.41007e-06 2.10668e-06 6.20812e-07 1.6457e-07 3.92033e-08 8.32912e-09 1.54893e-09 2.41809e-10 2.86267e-11 1.83716e-12 0 
0 7.68884e-06 6.72691e-05 0.000255532 0.000576557 0.000910801 0.00117236 0.00137304 0.00154599 0.00170421 0.00184478 0.00195979 0.00204196 0.00208672 0.00209265 0.00206133 0.001997 0.00190598 0.00179596 0.00167507 0.00155048 0.00142621 0.00130035 0.00116302 0.000998847 0.000797858 0.000571146 0.000354511 0.000187007 8.35318e-05 3.18937e-05 1.05707e-05 3.0866e-06 8.02266e-07 1.86331e-07 3.84986e-08 6.95778e-09 1.05609e-09 1.21697e-10 7.61335e-12 0 
0 2.26468e-05 0.000182036 0.000576557 0.00104283 0.00140871 0.00171598 0.00202577 0.0023424 0.00264636 0.00291638 0.00313516 0.00329039 0.00337501 0.00338717 0.00332993 0.00321061 0.00303988 0.00283078 0.00259767 0.00235536 0.00211815 0.00189828 0.00170233 0.00152433 0.00133922 0.00110953 0.000819116 0.000509995 0.000259294 0.000107509 3.71068e-05 1.09511e-05 2.82443e-06 6.44371e-07 1.30128e-07 2.29409e-08 3.39572e-09 3.81854e-10 2.334e-11 0 
0 5.04484e-05 0.000354502 0.000910801 0.00140871 0.00183825 0.00230278 0.00280682 0.00331685 0.00379851 0.00422208 0.00456346 0.0048051 0.00493686 0.00495625 0.00486801 0.00468323 0.00441793 0.00409146 0.00372483 0.00333918 0.00295464 0.00258972 0.00226075 0.00197974 0.00174625 0.00153247 0.00127915 0.000941348 0.00056588 0.000267079 9.97321e-05 3.05089e-05 7.92893e-06 1.79377e-06 3.56288e-07 6.15511e-08 8.91705e-09 9.81509e-10 5.87712e-11 0 
0 9.05958e-05 0.000542966 0.00117236 0.00171598 0.00230278 0.00297666 0.00369748 0.00441815 0.00509485 0.00568834 0.00616599 0.00650387 0.00668813 0.00671537 0.00659226 0.00633416 0.00596323 0.00550613 0.00499163 0.00444846 0.00390342 0.00338023 0.00289911 0.00247712 0.00212721 0.00184928 0.00160764 0.00132033 0.000928854 0.00051158 0.000213724 6.95861e-05 1.85367e-05 4.20247e-06 8.26657e-07 1.40643e-07 2.00204e-08 2.16416e-09 1.27314e-10 0 
0 0.000137989 0.000708263 0.00137304 0.00202577 0.00280682 0.00369748 0.00464096 0.00558053 0.00646126 0.00723299 0.00785396 0.00829383 0.00853447 0.00857007 0.00840885 0.00807209 0.0075893 0.00699465 0.00632491 0.00561687 0.00490473 0.0042183 0.00358204 0.00301528 0.0025334 0.00214717 0.00184985 0.00158477 0.00124365 0.000792316 0.000376727 0.000133381 3.70062e-05 8.49465e-06 1.66612e-06 2.80544e-07 3.93949e-08 4.19619e-09 2.43242e-10 0 
0 0.000185944 0.000837316 0.00154599 0.0023424 0.00331685 0.00441815 0.00558053 0.00673653 0.00781947 0.00876919 0.00954018 0.010101 0.0104194 0.0104681 0.0102528 0.00981528 0.00920759 0.00847201 0.00764757 0.00677611 0.00589874 0.00505152 0.00426362 0.00355709 0.00294801 0.00244848 0.00206404 0.00176958 0.0014691 0.00104742 0.000564689 0.000219815 6.42779e-05 1.50687e-05 2.96466e-06 4.96277e-07 6.90004e-08 7.2654e-09 4.1618e-10 0 
0 0.000229154 0.000934435 0.00170421 0.00264636 0.00379851 0.00509485 0.00646126 0.00781947 0.00909314 0.0102241 0.0111811 0.0119038 0.0123062 0.0123673 0.0121007 0.0115371 0.0107596 0.00986126 0.00888386 0.00785871 0.00682712 0.00583012 0.00490144 0.00406608 0.00334115 0.00273815 0.00226499 0.00191451 0.00162051 0.00124385 0.000745655 0.000318733 9.87697e-05 2.37798e-05 4.71408e-06 7.87424e-07 1.0875e-07 1.13529e-08 6.44365e-10 0 
0 0.000264658 0.00100715 0.00184478 0.00291638 0.00422208 0.00568834 0.00723299 0.00876919 0.0102241 0.011563 0.0126871 0.0134155 0.0137649 0.0138139 0.0135868 0.0130564 0.0121955 0.0111148 0.00997095 0.00880354 0.00763656 0.006509 0.00545784 0.00451079 0.00368617 0.00299503 0.00244456 0.00203474 0.00172362 0.00138009 0.000896343 0.000415997 0.00013639 3.37844e-05 6.76552e-06 1.13066e-06 1.55526e-07 1.61383e-08 9.09806e-10 0 
0 0.000291358 0.00106026 0.00195979 0.00313516 0.00456346 0.00616599 0.00785396 0.00954018 0.0111811 0.0126871 0.0137483 0.0143401 0.0146176 0.0146548 0.0144698 0.0140389 0.0132916 0.0121727 0.0108671 0.00956251 0.00828289 0.00705067 0.00590171 0.00486566 0.00396192 0.00320139 0.00259011 0.00213004 0.00179408 0.0014678 0.00100728 0.000498867 0.000171719 4.36718e-05 8.83877e-06 1.48022e-06 2.03197e-07 2.10037e-08 1.17868e-09 0 
0 0.000309204 0.00109574 0.00204196 0.00329039 0.0048051 0.00650387 0.00829383 0.010101 0.0119038 0.0134155 0.0143401 0.0148508 0.0150928 0.0151239 0.0149582 0.0145785 0.0139269 0.0128984 0.0115262 0.0101015 0.0087342 0.00742778 0.00621034 0.00511211 0.00415325 0.0033446 0.00269132 0.00219553 0.001838 0.0015186 0.00107848 0.000558969 0.000199592 5.18405e-05 1.05892e-05 1.77804e-06 2.43936e-07 2.51629e-08 1.4083e-09 0 
0 0.000318581 0.0011142 0.00208672 0.00337501 0.00493686 0.00668813 0.00853447 0.0104194 0.0123062 0.0137649 0.0146176 0.0150928 0.0153191 0.0153467 0.0151884 0.0148295 0.0142196 0.0132547 0.0118875 0.0103931 0.00897173 0.00762467 0.00637067 0.0052394 0.00425136 0.00341731 0.00274187 0.00222694 0.00185683 0.00154013 0.00111358 0.000592378 0.00021629 5.69428e-05 1.17069e-05 1.97043e-06 2.70436e-07 2.78808e-08 1.55889e-09 0 
0 0.000319993 0.00111611 0.00209265 0.00338717 0.00495625 0.00671537 0.00857007 0.0104681 0.0123673 0.0138139 0.0146548 0.0151239 0.0153467 0.0153724 0.0152136 0.0148558 0.01425 0.013293 0.011927 0.0104202 0.00899008 0.00763781 0.00637962 0.00524482 0.0042538 0.0034172 0.00273944 0.00222224 0.00185079 0.00153641 0.00111625 0.000598353 0.000220056 5.82256e-05 1.20065e-05 2.02441e-06 2.78148e-07 2.86978e-08 1.60554e-09 0 
0 0.000313926 0.00110238 0.00206133 0.00332993 0.00486801 0.00659226 0.00840885 0.0102528 0.0121007 0.0135868 0.0144698 0.0149582 0.0151884 0.0152136 0.0150472 0.0146732 0.014038 0.0130361 0.0116558 0.0101914 0.00879862 0.00747519 0.00624351 0.00513313 0.00416399 0.00334652 0.00268521 0.00218183 0.00182015 0.00150887 0.00108878 0.000578165 0.000211118 5.56787e-05 1.14765e-05 1.93713e-06 2.66627e-07 2.75658e-08 1.54556e-09 0 
0 0.000300839 0.00107441 0.001997 0.00321061 0.00468323 0.00633416 0.00807209 0.00981528 0.0115371 0.0130564 0.0140389 0.0145785 0.0148295 0.0148558 0.0146732 0.0142616 0.0135577 0.0124699 0.0111103 0.00974164 0.00842021 0.00715474 0.00597669 0.00491544 0.00399019 0.00321111 0.00258305 0.00210776 0.00176516 0.00145676 0.0010321 0.000534624 0.000191446 4.99836e-05 1.02716e-05 1.73523e-06 2.39482e-07 2.48468e-08 1.39852e-09 0 
0 0.000281203 0.00103381 0.00190598 0.00303988 0.00441793 0.00596323 0.0075893 0.00920759 0.0107596 0.0121955 0.0132916 0.0139269 0.0142196 0.01425 0.014038 0.0135577 0.0127441 0.0116106 0.0103637 0.00911693 0.00788643 0.00670193 0.00559958 0.00460757 0.00374409 0.00301917 0.00243824 0.00200251 0.00168479 0.00137707 0.000946704 0.000472239 0.000164376 4.23105e-05 8.66022e-06 1.46529e-06 2.0308e-07 2.1184e-08 1.19941e-09 0 
0 0.000255604 0.000981804 0.00179596 0.00283078 0.00409146 0.00550613 0.00699465 0.00847201 0.00986126 0.0111148 0.0121727 0.0128984 0.0132547 0.013293 0.0130361 0.0124699 0.0116106 0.0105817 0.0094875 0.0083606 0.00723363 0.00614701 0.00513638 0.00422803 0.00343911 0.00277967 0.00225584 0.0018668 0.00157485 0.00126467 0.00083447 0.000397645 0.000134104 3.40305e-05 6.9484e-06 1.18005e-06 1.64632e-07 1.73087e-08 9.88144e-10 0 
0 0.000224887 0.000918597 0.00167507 0.00259767 0.00372483 0.00499163 0.00632491 0.00764757 0.00888386 0.00997095 0.0108671 0.0115262 0.0118875 0.011927 0.0116558 0.0111103 0.0103637 0.0094875 0.00852483 0.00751478 0.0065005 0.00552226 0.00461277 0.00379614 0.00308862 0.00250055 0.00203832 0.00169662 0.00142608 0.00111429 0.000701463 0.000319691 0.000105006 2.64192e-05 5.4072e-06 9.25414e-07 1.30395e-07 1.3856e-08 7.99512e-10 0 
0 0.000190329 0.000842979 0.00155048 0.00235536 0.00333918 0.00444846 0.00561687 0.00677611 0.00785871 0.00880354 0.00956251 0.0101015 0.0103931 0.0104202 0.0101914 0.00974164 0.00911693 0.0083606 0.00751478 0.00662266 0.00572557 0.00485956 0.00405381 0.00333027 0.00270442 0.0021868 0.00178264 0.00148035 0.00122567 0.000926341 0.000560561 0.000248523 8.08734e-05 2.04281e-05 4.22477e-06 7.32245e-07 1.04515e-07 1.12437e-08 6.56231e-10 0 
0 0.000153752 0.000752617 0.00142621 0.00211815 0.00295464 0.00390342 0.00490473 0.00589874 0.00682712 0.00763656 0.00828289 0.0087342 0.00897173 0.00899008 0.00879862 0.00842021 0.00788643 0.00723363 0.0065005 0.00572557 0.0049445 0.00418834 0.00348251 0.00284678 0.00229577 0.00183936 0.00147996 0.001204 0.000969855 0.000716305 0.000430881 0.000193317 6.4227e-05 1.65701e-05 3.48931e-06 6.13673e-07 8.86277e-08 9.62568e-09 5.66135e-10 0 
0 0.00011748 0.000645622 0.00130035 0.00189828 0.00258972 0.00338023 0.0042183 0.00505152 0.00583012 0.006509 0.00705067 0.00742778 0.00762467 0.00763781 0.00747519 0.00715474 0.00670193 0.00614701 0.00552226 0.00485956 0.00418834 0.00353432 0.00291905 0.00236025 0.00187244 0.00146574 0.001142 0.000892444 0.000696827 0.000519146 0.000329834 0.000158772 5.58063e-05 1.49005e-05 3.19348e-06 5.66067e-07 8.19704e-08 8.90189e-09 5.22706e-10 0 
0 8.4062e-05 0.000523371 0.00116302 0.00170233 0.00226075 0.00289911 0.00358204 0.00426362 0.00490144 0.00545784 0.00590171 0.00621034 0.00637067 0.00637962 0.00624351 0.00597669 0.00559958 0.00513638 0.00461277 0.00405381 0.00348251 0.00291905 0.00238149 0.0018896 0.00147063 0.00115098 0.000921108 0.000729862 0.000548037 0.000393077 0.000263722 0.000141831 5.42106e-05 1.50232e-05 3.24255e-06 5.70949e-07 8.17253e-08 8.76243e-09 5.0805e-10 0 
0 5.57528e-05 0.00039322 0.000998847 0.00152433 0.00197974 0.00247712 0.00301528 0.00355709 0.00406608 0.00451079 0.00486566 0.00511211 0.0052394 0.00524482 0.00513313 0.00491544 0.00460757 0.00422803 0.00379614 0.00333027 0.00284678 0.00236025 0.0018896 0.00148132 0.001234 0.00122098 0.0013209 0.0012559 0.000922715 0.000524397 0.000267898 0.000137734 5.6325e-05 1.61197e-05 3.46053e-06 5.9724e-07 8.35495e-08 8.76414e-09 4.98168e-10 0 
0 3.39431e-05 0.000268457 0.000797858 0.00133922 0.00174625 0.00212721 0.0025334 0.00294801 0.00334115 0.00368617 0.00396192 0.00415325 0.00425136 0.0042538 0.00416399 0.00399019 0.00374409 0.00343911 0.00308862 0.00270442 0.00229577 0.00187244 0.00147063 0.001234 0.00144959 0.00228527 0.00333878 0.00376482 0.00259626 0.00132146 0.000489195 0.00016648 6.04373e-05 1.72033e-05 3.62064e-06 6.07303e-07 8.26388e-08 8.45854e-09 4.70648e-10 0 
0 1.88146e-05 0.000163728 0.000571146 0.00110953 0.00153247 0.00184928 0.00214717 0.00244848 0.00273815 0.00299503 0.00320139 0.0033446 0.00341731 0.0034172 0.00334652 0.00321111 0.00301917 0.00277967 0.00250055 0.0021868 0.00183936 0.00146574 0.00115098 0.00122098 0.00228527 0.00480311 0.00877887 0.00958523 0.00683375 0.00304948 0.00103232 0.000262091 6.85416e-05 1.75562e-05 3.52307e-06 5.70232e-07 7.55125e-08 7.56269e-09 4.13232e-10 0 
0 9.43937e-06 8.81741e-05 0.000354511 0.000819116 0.00127915 0.00160764 0.00184985 0.00206404 0.00226499 0.00244456 0.00259011 0.00269132 0.00274187 0.00273944 0.00268521 0.00258305 0.00243824 0.00225584 0.00203832 0.00178264 0.00147996 0.001142 0.000921108 0.0013209 0.00333878 0.00877887 0.0106841 0.0109217 0.0101435 0.00573099 0.00165464 0.000382303 7.7723e-05 1.6632e-05 3.07581e-06 4.77323e-07 6.17624e-08 6.09192e-09 3.28965e-10 0 
0 4.2727e-06 4.17317e-05 0.000187007 0.000509995 0.000941348 0.00132033 0.00158477 0.00176958 0.00191451 0.00203474 0.00213004 0.00219553 0.00222694 0.00222224 0.00218183 0.00210776 0.00200251 0.0018668 0.00169662 0.00148035 0.001204 0.000892444 0.000729862 0.0012559 0.00376482 0.00958523 0.0109217 0.0110979 0.0104568 0.00686149 0.00182248 0.000410345 7.49348e-05 1.38037e-05 2.33076e-06 3.4747e-07 4.42974e-08 4.3428e-09 2.33698e-10 0 
0 1.7436e-06 1.73844e-05 8.35318e-05 0.000259294 0.00056588 0.000928854 0.00124365 0.0014691 0.00162051 0.00172362 0.00179408 0.001838 0.00185683 0.00185079 0.00182015 0.00176516 0.00168479 0.00157485 0.00142608 0.00122567 0.000969855 0.000696827 0.000548037 0.000922715 0.00259626 0.00683375 0.0101435 0.0104568 0.00930892 0.00421988 0.00135008 0.000304093 5.46861e-05 9.34312e-06 1.4817e-06 2.16037e-07 2.75118e-08 2.7107e-09 1.46722e-10 0 
0 6.42086e-07 6.41007e-06 3.18937e-05 0.000107509 0.000267079 0.00051158 0.000792316 0.00104742 0.00124385 0.00138009 0.0014678 0.0015186 0.00154013 0.00153641 0.00150887 0.00145676 0.00137707 0.00126467 0.00111429 0.000926341 0.000716305 0.000519146 0.000393077 0.000524397 0.00132146 0.00304948 0.00573099 0.00686149 0.00421988 0.00202683 0.00067075 0.000155155 2.91408e-05 4.92631e-06 7.7204e-07 1.13589e-07 1.47069e-08 1.47351e-09 8.09738e-11 0 
0 2.13722e-07 2.10668e-06 1.05707e-05 3.71068e-05 9.97321e-05 0.000213724 0.000376727 0.000564689 0.000745655 0.000896343 0.00100728 0.00107848 0.00111358 0.00111625 0.00108878 0.0010321 0.000946704 0.00083447 0.000701463 0.000560561 0.000430881 0.000329834 0.000263722 0.000267898 0.000489195 0.00103232 0.00165464 0.00182248 0.00135008 0.00067075 0.000227189 5.64908e-05 1.14429e-05 2.01309e-06 3.2936e-07 5.05255e-08 6.76332e-09 6.96468e-10 3.91895e-11 0 
0 6.43751e-08 6.20812e-07 3.0866e-06 1.09511e-05 3.05089e-05 6.95861e-05 0.000133381 0.000219815 0.000318733 0.000415997 0.000498867 0.000558969 0.000592378 0.000598353 0.000578165 0.000534624 0.000472239 0.000397645 0.000319691 0.000248523 0.000193317 0.000158772 0.000141831 0.000137734 0.00016648 0.000262091 0.000382303 0.000410345 0.000304093 0.000155155 5.64908e-05 1.55558e-05 3.43344e-06 6.58567e-07 1.17327e-07 1.91732e-08 2.68385e-09 2.86425e-10 1.66198e-11 0 
0 1.75383e-08 1.6457e-07 8.02266e-07 2.82443e-06 7.92893e-06 1.85367e-05 3.70062e-05 6.42779e-05 9.87697e-05 0.00013639 0.000171719 0.000199592 0.00021629 0.000220056 0.000211118 0.000191446 0.000164376 0.000134104 0.000105006 8.08734e-05 6.4227e-05 5.58063e-05 5.42106e-05 5.6325e-05 6.04373e-05 6.85416e-05 7.7723e-05 7.49348e-05 5.46861e-05 2.91408e-05 1.14429e-05 3.43344e-06 8.41552e-07 1.81887e-07 3.5813e-08 6.26894e-09 9.22438e-10 1.02593e-10 6.17159e-12 0 
0 4.30586e-09 3.92033e-08 1.86331e-07 6.44371e-07 1.79377e-06 4.20247e-06 8.49465e-06 1.50687e-05 2.37798e-05 3.37844e-05 4.36718e-05 5.18405e-05 5.69428e-05 5.82256e-05 5.56787e-05 4.99836e-05 4.23105e-05 3.40305e-05 2.64192e-05 2.04281e-05 1.65701e-05 1.49005e-05 1.50232e-05 1.61197e-05 1.72033e-05 1.75562e-05 1.6632e-05 1.38037e-05 9.34312e-06 4.92631e-06 2.01309e-06 6.58567e-07 1.81887e-07 4.41964e-08 9.513e-09 1.77558e-09 2.7499e-10 3.19764e-11 2.00145e-12 0 
0 9.43811e-10 8.32912e-09 3.84986e-08 1.30128e-07 3.56288e-07 8.26657e-07 1.66612e-06 2.96466e-06 4.71408e-06 6.76552e-06 8.83877e-06 1.05892e-05 1.17069e-05 1.20065e-05 1.14765e-05 1.02716e-05 8.66022e-06 6.9484e-06 5.4072e-06 4.22477e-06 3.48931e-06 3.19348e-06 3.24255e-06 3.46053e-06 3.62064e-06 3.52307e-06 3.07581e-06 2.33076e-06 1.4817e-06 7.7204e-07 3.2936e-07 1.17327e-07 3.5813e-08 9.513e-09 2.19755e-09 4.34596e-10 7.08138e-11 8.62177e-12 5.62645e-13 0 
0 1.81053e-10 1.54893e-09 6.95778e-09 2.29409e-08 6.15511e-08 1.40643e-07 2.80544e-07 4.96277e-07 7.87424e-07 1.13066e-06 1.48022e-06 1.77804e-06 1.97043e-06 2.02441e-06 1.93713e-06 1.73523e-06 1.46529e-06 1.18005e-06 9.25414e-07 7.32245e-07 6.13673e-07 5.66067e-07 5.70949e-07 5.9724e-07 6.07303e-07 5.70232e-07 4.77323e-07 3.4747e-07 2.16037e-07 1.13589e-07 5.05255e-08 1.91732e-08 6.26894e-09 1.77558e-09 4.34596e-10 9.06405e-11 1.55191e-11 1.97852e-12 1.34717e-13 0 
0 2.91304e-11 2.41809e-10 1.05609e-09 3.39572e-09 8.91705e-09 2.00204e-08 3.93949e-08 6.90004e-08 1.0875e-07 1.55526e-07 2.03197e-07 2.43936e-07 2.70436e-07 2.78148e-07 2.66627e-07 2.39482e-07 2.0308e-07 1.64632e-07 1.30395e-07 1.04515e-07 8.86277e-08 8.19704e-08 8.17253e-08 8.35495e-08 8.26388e-08 7.55125e-08 6.17624e-08 4.42974e-08 2.75118e-08 1.47069e-08 6.76332e-09 2.68385e-09 9.22438e-10 2.7499e-10 7.08138e-11 1.55191e-11 2.7866e-12 3.71631e-13 2.63948e-14 0 
0 3.54947e-12 2.86267e-11 1.21697e-10 3.81854e-10 9.81509e-10 2.16416e-09 4.19619e-09 7.2654e-09 1.13529e-08 1.61383e-08 2.10037e-08 2.51629e-08 2.78808e-08 2.86978e-08 2.75658e-08 2.48468e-08 2.1184e-08 1.73087e-08 1.3856e-08 1.12437e-08 9.62568e-09 8.90189e-09 8.76243e-09 8.76414e-09 8.45854e-09 7.56269e-09 6.09192e-09 4.3428e-09 2.7107e-09 1.47351e-09 6.96468e-10 2.86425e-10 1.02593e-10 3.19764e-11 8.62177e-12 1.97852e-12 3.71631e-13 5.17567e-14 3.83045e-15 0 
0 2.34078e-13 1.83716e-12 7.61335e-12 2.334e-11 5.87712e-11 1.27314e-10 2.43242e-10 4.1618e-10 6.44365e-10 9.09806e-10 1.17868e-09 1.4083e-09 1.55889e-09 1.60554e-09 1.54556e-09 1.39852e-09 1.19941e-09 9.88144e-10 7.99512e-10 6.56231e-10 5.66135e-10 5.22706e-10 5.0805e-10 4.98168e-10 4.70648e-10 4.13232e-10 3.28965e-10 2.33698e-10 1.46722e-10 8.09738e-11 3.91895e-11 1.66198e-11 6.17159e-12 2.00145e-12 5.62645e-13 1.34717e-13 2.63948e-14 3.83045e-15 2.94951e-16 0 
0 0 0 0 0 0 0 0 0 0 0 0 0 0 0 0 0 0 0 0 0 0 0 0 0 0 0 0 0 0 0 0 0 0 0 0 0 0 0 0 0 
