0 0 0 0 0 0 0 0 0 0 0 0 0 0 0 0 0 0 0 0 0 0 0 0 0 0 0 0 0 0 0 0 0 0 0 0 0 0 0 0 0 
0 1.95266e-07 1.74259e-06 7.69578e-06 2.32864e-05 5.36453e-05 9.98854e-05 0.000157518 0.000218854 0.00027659 0.000325752 0.000363763 0.000389708 0.000403592 0.000405855 0.000397143 0.000378231 0.00035007 0.000313897 0.000271395 0.000224839 0.000177111 0.000131483 9.11195e-05 5.83907e-05 3.43026e-05 1.83475e-05 8.89442e-06 3.8999e-06 1.54663e-06 5.55489e-07 1.80976e-07 5.35334e-08 1.43657e-08 3.48309e-09 7.55667e-10 1.43752e-10 2.29724e-11 2.78378e-12 1.82769e-13 0 
0 1.74259e-06 1.59129e-05 6.92727e-05 0.000196538 0.000404997 0.000655734 0.000896288 0.00109729 0.00125428 0.00137295 0.0014591 0.00151614 0.00154578 0.00154927 0.00152814 0.00148429 0.00141967 0.00133562 0.00123237 0.00110892 0.000964203 0.000799552 0.000621979 0.00044568 0.000289046 0.000167306 8.57076e-05 3.87775e-05 1.55423e-05 5.55138e-06 1.77835e-06 5.13499e-07 1.3395e-07 3.15064e-08 6.62724e-09 1.22279e-09 1.89717e-10 2.23508e-11 1.4289e-12 0 
0 7.69578e-06 6.92727e-05 0.000278144 0.000676814 0.0011515 0.00156531 0.00189218 0.00216352 0.0024009 0.00260614 0.0027718 0.00288943 0.00295335 0.00296184 0.00291723 0.00282543 0.00269505 0.00253631 0.00235946 0.00217246 0.00197803 0.00177069 0.00153697 0.00126325 0.000952428 0.000637115 0.000368338 0.000181741 7.6672e-05 2.79772e-05 8.96031e-06 2.55104e-06 6.50851e-07 1.49102e-07 3.04935e-08 5.46903e-09 8.25354e-10 9.46942e-11 5.90431e-12 0 
0 2.32864e-05 0.000196538 0.000676814 0.00133941 0.00192219 0.00240427 0.00286158 0.00331547 0.00374735 0.00413012 0.00444006 0.00465993 0.00477978 0.004797 0.00471594 0.00454693 0.0043051 0.00400886 0.00367838 0.00333415 0.00299506 0.00267517 0.00237754 0.00208583 0.00176287 0.00137425 0.000936817 0.000534394 0.000250379 9.71271e-05 3.1916e-05 9.10188e-06 2.29319e-06 5.14843e-07 1.02818e-07 1.79842e-08 2.64713e-09 2.96467e-10 1.80669e-11 0 
0 5.36453e-05 0.000404997 0.0011515 0.00192219 0.00258418 0.00325803 0.00397469 0.00469739 0.00537956 0.00597945 0.00646291 0.00680513 0.00699175 0.0070192 0.00689423 0.00663254 0.00625681 0.00579446 0.00527522 0.00472901 0.00418425 0.00366659 0.00319708 0.0027866 0.00242229 0.00205281 0.00160766 0.00108103 0.000587513 0.000253095 8.81254e-05 2.56955e-05 6.47324e-06 1.43549e-06 2.81452e-07 4.82072e-08 6.94357e-09 7.6125e-10 4.54548e-11 0 
0 9.98854e-05 0.000655734 0.00156531 0.00240427 0.00325803 0.00421541 0.00523648 0.00625712 0.00721549 0.00805601 0.00873247 0.00921099 0.00947193 0.00951051 0.00933616 0.00897064 0.00844532 0.00779795 0.00706931 0.00630006 0.00552815 0.00478714 0.00410542 0.00350563 0.00300009 0.0025733 0.00215592 0.00164734 0.00104565 0.00051576 0.000196336 5.98585e-05 1.52913e-05 3.37896e-06 6.54305e-07 1.10232e-07 1.55931e-08 1.67865e-09 9.84779e-11 0 
0 0.000157518 0.000896288 0.00189218 0.00286158 0.00397469 0.00523648 0.00657268 0.00790332 0.00915065 0.0102436 0.0111227 0.0117444 0.0120835 0.0121335 0.0119065 0.0114311 0.0107481 0.00990604 0.00895754 0.00795479 0.00694624 0.00597409 0.00507298 0.00427005 0.00358545 0.00302684 0.00256422 0.0020959 0.00150563 0.000853832 0.000362802 0.000117969 3.09793e-05 6.88127e-06 1.32386e-06 2.20357e-07 3.07255e-08 3.25823e-09 1.88323e-10 0 
0 0.000218854 0.00109729 0.00216352 0.00331547 0.00469739 0.00625712 0.00790332 0.00954049 0.0110741 0.0124175 0.0134994 0.0142689 0.0146921 0.0147545 0.0144696 0.0138777 0.0130339 0.0119975 0.0108307 0.00959655 0.00835399 0.00715413 0.00603827 0.00503764 0.00417464 0.00346369 0.0029003 0.00242058 0.00187884 0.00120007 0.000571558 0.000200714 5.4777e-05 1.23238e-05 2.36819e-06 3.91082e-07 5.39389e-08 5.65164e-09 3.22727e-10 0 
0 0.00027659 0.00125428 0.0024009 0.00374735 0.00537956 0.00721549 0.00915065 0.0110741 0.0128755 0.014457 0.0157445 0.0166785 0.0172005 0.0172782 0.0169255 0.0161989 0.015182 0.0139534 0.0125802 0.0111297 0.00966878 0.0082568 0.00694157 0.00575851 0.00473176 0.00387673 0.00319843 0.00266421 0.00214936 0.00149768 0.000790649 0.000300687 8.5804e-05 1.96573e-05 3.78904e-06 6.22989e-07 8.5259e-08 8.85203e-09 5.00708e-10 0 
0 0.000325752 0.00137295 0.00260614 0.00413012 0.00597945 0.00805601 0.0102436 0.0124175 0.014457 0.0162646 0.017756 0.0188196 0.0193843 0.0194648 0.0190877 0.0182738 0.0170943 0.0156735 0.0141085 0.0124667 0.0108151 0.00921825 0.00772957 0.00638833 0.00522045 0.0042413 0.00345797 0.00285483 0.00233748 0.00172351 0.0009884 0.000404429 0.000120723 2.82299e-05 5.47306e-06 8.98394e-07 1.22324e-07 1.2617e-08 7.08652e-10 0 
0 0.000363763 0.0014591 0.0027718 0.00444006 0.00646291 0.00873247 0.0111227 0.0134994 0.0157445 0.017756 0.0193615 0.0203991 0.0209067 0.0209741 0.0206338 0.0198642 0.018645 0.0170769 0.0153387 0.0135356 0.0117301 0.00998538 0.00835819 0.0068909 0.005611 0.00453377 0.00366613 0.003 0.00246446 0.00187903 0.00114453 0.00049729 0.000154512 3.68523e-05 7.19399e-06 1.18112e-06 1.60345e-07 1.64672e-08 9.20421e-10 0 
0 0.000389708 0.00151614 0.00288943 0.00465993 0.00680513 0.00921099 0.0117444 0.0142689 0.0166785 0.0188196 0.0203991 0.0213413 0.0217906 0.0218468 0.0215389 0.0208403 0.0196858 0.0180775 0.0162129 0.0142843 0.012368 0.0105194 0.00879528 0.00723993 0.00588197 0.00473667 0.0038103 0.00309774 0.00254256 0.00197424 0.00125089 0.0005676 0.000181912 4.41001e-05 8.66443e-06 1.42427e-06 1.93108e-07 1.97842e-08 1.10266e-09 0 
0 0.000403592 0.00154578 0.00295335 0.00477978 0.00699175 0.00947193 0.0120835 0.0146921 0.0172005 0.0193843 0.0209067 0.0217906 0.0222102 0.0222598 0.0219658 0.0213034 0.0202009 0.0186085 0.0166846 0.0146813 0.0127027 0.0107982 0.00902235 0.00742021 0.00602091 0.00483965 0.00388221 0.00314443 0.00257727 0.00201855 0.00130684 0.000608375 0.000198803 4.87224e-05 9.61933e-06 1.58378e-06 2.14738e-07 2.19844e-08 1.22403e-09 0 
0 0.000405855 0.00154927 0.00296184 0.004797 0.0070192 0.00951051 0.0121335 0.0147545 0.0172782 0.0194648 0.0209741 0.0218468 0.0222598 0.022306 0.0220116 0.0213519 0.0202554 0.0186654 0.0167316 0.0147157 0.0127283 0.0108168 0.00903503 0.00742788 0.00602436 0.00483951 0.00387883 0.00313833 0.002571 0.00201816 0.00131481 0.000617107 0.000203056 4.99916e-05 9.89667e-06 1.63213e-06 2.21537e-07 2.26994e-08 1.26475e-09 0 
0 0.000397143 0.00152814 0.00291723 0.00471594 0.00689423 0.00933616 0.0119065 0.0144696 0.0169255 0.0190877 0.0206338 0.0215389 0.0219658 0.0220116 0.0217036 0.0210164 0.0198809 0.0182709 0.0163694 0.0144028 0.0124584 0.0105865 0.00884226 0.0072697 0.00589717 0.0047394 0.00380191 0.00308028 0.00252505 0.00197611 0.00127786 0.000594919 0.000194768 4.78744e-05 9.48326e-06 1.56661e-06 2.13113e-07 2.18891e-08 1.22267e-09 0 
0 0.000378231 0.00148429 0.00282543 0.00454693 0.00663254 0.00897064 0.0114311 0.0138777 0.0161989 0.0182738 0.0198642 0.0208403 0.0213034 0.0213519 0.0210164 0.0202719 0.0190695 0.0174611 0.0156493 0.0137821 0.011924 0.0101328 0.00846438 0.00696141 0.00565103 0.0045476 0.00365685 0.00297307 0.00243985 0.00189274 0.00119925 0.000545944 0.000176061 4.29986e-05 8.51109e-06 1.40912e-06 1.92381e-07 1.98438e-08 1.11346e-09 0 
0 0.00035007 0.00141967 0.00269505 0.0043051 0.00625681 0.00844532 0.0107481 0.0130339 0.015182 0.0170943 0.018645 0.0196858 0.0202009 0.0202554 0.0198809 0.0190695 0.0178399 0.0163165 0.0146446 0.0129077 0.0111688 0.00949149 0.0079303 0.00652539 0.0053025 0.0042757 0.00345096 0.0028196 0.00231384 0.00176635 0.00108349 0.000477043 0.000150566 3.64514e-05 7.21112e-06 1.19829e-06 1.64528e-07 1.7083e-08 9.65262e-10 0 
0 0.000313897 0.00133562 0.00253631 0.00400886 0.00579446 0.00779795 0.00990604 0.0119975 0.0139534 0.0156735 0.0170769 0.0180775 0.0186085 0.0186654 0.0182709 0.0174611 0.0163165 0.0149443 0.0134292 0.01184 0.0102445 0.00870559 0.00727431 0.00598787 0.00487056 0.00393631 0.00319099 0.00262015 0.00214185 0.00159486 0.000938371 0.000397525 0.000122692 2.94907e-05 5.84613e-06 9.77972e-07 1.35461e-07 1.42011e-08 8.10394e-10 0 
0 0.000271395 0.00123237 0.00235946 0.00367838 0.00527522 0.00706931 0.00895754 0.0108307 0.0125802 0.0141085 0.0153387 0.0162129 0.0166846 0.0167316 0.0163694 0.0156493 0.0146446 0.0134292 0.0120723 0.0106426 0.00920622 0.00782081 0.00653275 0.00537621 0.00437414 0.00354051 0.00287985 0.00236891 0.00191485 0.00137977 0.000777216 0.000318352 9.68004e-05 2.32635e-05 4.64826e-06 7.86555e-07 1.10344e-07 1.17185e-08 6.77192e-10 0 
0 0.000224839 0.00110892 0.00217246 0.00333415 0.00472901 0.00630006 0.00795479 0.00959655 0.0111297 0.0124667 0.0135356 0.0142843 0.0146813 0.0147157 0.0144028 0.0137821 0.0129077 0.01184 0.0106426 0.00937922 0.00810873 0.00688227 0.00574114 0.00471643 0.00382987 0.00309499 0.002513 0.00205253 0.00162506 0.00113295 0.000619519 0.000250488 7.64399e-05 1.86099e-05 3.77951e-06 6.50234e-07 9.26565e-08 9.98143e-09 5.84228e-10 0 
0 0.000177111 0.000964203 0.00197803 0.00299506 0.00418425 0.00552815 0.00694624 0.00835399 0.00966878 0.0108151 0.0117301 0.012368 0.0127027 0.0127283 0.0124584 0.011924 0.0111688 0.0102445 0.00920622 0.00810873 0.00700256 0.00593166 0.00493204 0.00403162 0.00325066 0.002601 0.00208041 0.00166099 0.00128194 0.000882107 0.000487185 0.000202507 6.38236e-05 1.59841e-05 3.31894e-06 5.80676e-07 8.38065e-08 9.116e-09 5.37488e-10 0 
0 0.000131483 0.000799552 0.00177069 0.00267517 0.00366659 0.00478714 0.00597409 0.00715413 0.0082568 0.00921825 0.00998538 0.0105194 0.0107982 0.0108168 0.0105865 0.0101328 0.00949149 0.00870559 0.00782081 0.00688227 0.00593166 0.00500541 0.00413401 0.00334234 0.0026503 0.00207098 0.00160551 0.0012391 0.000940448 0.000665216 0.000394389 0.000177652 5.95084e-05 1.5447e-05 3.2641e-06 5.75025e-07 8.30898e-08 9.02117e-09 5.29989e-10 0 
0 9.11195e-05 0.000621979 0.00153697 0.00237754 0.00319708 0.00410542 0.00507298 0.00603827 0.00694157 0.00772957 0.00835819 0.00879528 0.00902235 0.00903503 0.00884226 0.00846438 0.0079303 0.00727431 0.00653275 0.00574114 0.00493204 0.00413401 0.0033725 0.00267529 0.00208112 0.00162796 0.0013021 0.00102997 0.000767908 0.000537017 0.00034093 0.000171376 6.20665e-05 1.66385e-05 3.5282e-06 6.1578e-07 8.77549e-08 9.38701e-09 5.4349e-10 0 
0 5.83907e-05 0.00044568 0.00126325 0.00208583 0.0027866 0.00350563 0.00427005 0.00503764 0.00575851 0.00638833 0.0068909 0.00723993 0.00742021 0.00742788 0.0072697 0.00696141 0.00652539 0.00598787 0.00537621 0.00471643 0.00403162 0.00334234 0.00267529 0.00209689 0.00174715 0.00172908 0.00187068 0.00177862 0.00130666 0.000741386 0.000371551 0.000179429 6.84877e-05 1.87507e-05 3.93271e-06 6.7095e-07 9.33015e-08 9.7527e-09 5.53001e-10 0 
0 3.43026e-05 0.000289046 0.000952428 0.00176287 0.00242229 0.00300009 0.00358545 0.00417464 0.00473176 0.00522045 0.005611 0.00588197 0.00602091 0.00602436 0.00589717 0.00565103 0.0053025 0.00487056 0.00437414 0.00382987 0.00325066 0.0026503 0.00208112 0.00174715 0.00205294 0.00323648 0.00467685 0.00506269 0.00367675 0.0018715 0.000692246 0.000230125 7.76053e-05 2.0766e-05 4.2325e-06 6.99585e-07 9.45341e-08 9.63813e-09 5.3482e-10 0 
0 1.83475e-05 0.000167306 0.000637115 0.00137425 0.00205281 0.0025733 0.00302684 0.00346369 0.00387673 0.0042413 0.00453377 0.00473667 0.00483965 0.00483951 0.0047394 0.0045476 0.0042757 0.00393631 0.00354051 0.00309499 0.002601 0.00207098 0.00162796 0.00172908 0.00323648 0.00672717 0.0119516 0.0135066 0.00912102 0.00431863 0.00146199 0.00036983 9.21156e-05 2.18796e-05 4.20131e-06 6.67098e-07 8.76357e-08 8.74182e-09 4.76401e-10 0 
0 8.89442e-06 8.57076e-05 0.000368338 0.000936817 0.00160766 0.00215592 0.00256422 0.0029003 0.00319843 0.00345797 0.00366613 0.0038103 0.00388221 0.00387883 0.00380191 0.00365685 0.00345096 0.00319099 0.00287985 0.002513 0.00208041 0.00160551 0.0013021 0.00187068 0.00467685 0.0119516 0.0158972 0.0163441 0.0148894 0.00756662 0.00234335 0.000541084 0.000107106 2.12714e-05 3.72416e-06 5.63988e-07 7.23063e-08 7.10368e-09 3.82674e-10 0 
0 3.8999e-06 3.87775e-05 0.000181741 0.000534394 0.00108103 0.00164734 0.0020959 0.00242058 0.00266421 0.00285483 0.003 0.00309774 0.00314443 0.00313833 0.00308028 0.00297307 0.0028196 0.00262015 0.00236891 0.00205253 0.00166099 0.0012391 0.00102997 0.00177862 0.00506269 0.0135066 0.0163441 0.0166954 0.015536 0.00902303 0.00258085 0.000580948 0.00010409 1.79191e-05 2.85112e-06 4.13148e-07 5.21366e-08 5.0917e-09 2.73411e-10 0 
0 1.54663e-06 1.55423e-05 7.6672e-05 0.000250379 0.000587513 0.00104565 0.00150563 0.00187884 0.00214936 0.00233748 0.00246446 0.00254256 0.00257727 0.002571 0.00252505 0.00243985 0.00231384 0.00214185 0.00191485 0.00162506 0.00128194 0.000940448 0.000767908 0.00130666 0.00367675 0.00912102 0.0148894 0.015536 0.012882 0.00583788 0.00191202 0.000430366 7.57882e-05 1.21561e-05 1.81936e-06 2.57669e-07 3.24815e-08 3.18908e-09 1.72295e-10 0 
0 5.55489e-07 5.55138e-06 2.79772e-05 9.71271e-05 0.000253095 0.00051576 0.000853832 0.00120007 0.00149768 0.00172351 0.00187903 0.00197424 0.00201855 0.00201816 0.00197611 0.00189274 0.00176635 0.00159486 0.00137977 0.00113295 0.000882107 0.000665216 0.000537017 0.000741386 0.0018715 0.00431863 0.00756662 0.00902303 0.00583788 0.00287047 0.000949913 0.00021903 3.99115e-05 6.352e-06 9.45183e-07 1.35511e-07 1.73913e-08 1.73732e-09 9.53232e-11 0 
0 1.80976e-07 1.77835e-06 8.96031e-06 3.1916e-05 8.81254e-05 0.000196336 0.000362802 0.000571558 0.000790649 0.0009884 0.00114453 0.00125089 0.00130684 0.00131481 0.00127786 0.00119925 0.00108349 0.000938371 0.000777216 0.000619519 0.000487185 0.000394389 0.00034093 0.000371551 0.000692246 0.00146199 0.00234335 0.00258085 0.00191202 0.000949913 0.00032136 7.88355e-05 1.53163e-05 2.54994e-06 4.00033e-07 6.01744e-08 8.003e-09 8.22289e-10 4.62115e-11 0 
0 5.35334e-08 5.13499e-07 2.55104e-06 9.10188e-06 2.56955e-05 5.98585e-05 0.000117969 0.000200714 0.000300687 0.000404429 0.00049729 0.0005676 0.000608375 0.000617107 0.000594919 0.000545944 0.000477043 0.000397525 0.000318352 0.000250488 0.000202507 0.000177652 0.000171376 0.000179429 0.000230125 0.00036983 0.000541084 0.000580948 0.000430366 0.00021903 7.88355e-05 2.10728e-05 4.44689e-06 8.15633e-07 1.41138e-07 2.27828e-08 3.17637e-09 3.38465e-10 1.96201e-11 0 
0 1.43657e-08 1.3395e-07 6.50851e-07 2.29319e-06 6.47324e-06 1.52913e-05 3.09793e-05 5.4777e-05 8.5804e-05 0.000120723 0.000154512 0.000181912 0.000198803 0.000203056 0.000194768 0.000176061 0.000150566 0.000122692 9.68004e-05 7.64399e-05 6.38236e-05 5.95084e-05 6.20665e-05 6.84877e-05 7.76053e-05 9.21156e-05 0.000107106 0.00010409 7.57882e-05 3.99115e-05 1.53163e-05 4.44689e-06 1.05101e-06 2.2059e-07 4.27424e-08 7.43567e-09 1.09176e-09 1.213e-10 7.29133e-12 0 
0 3.48309e-09 3.15064e-08 1.49102e-07 5.14843e-07 1.43549e-06 3.37896e-06 6.88127e-06 1.23238e-05 1.96573e-05 2.82299e-05 3.68523e-05 4.41001e-05 4.87224e-05 4.99916e-05 4.78744e-05 4.29986e-05 3.64514e-05 2.94907e-05 2.32635e-05 1.86099e-05 1.59841e-05 1.5447e-05 1.66385e-05 1.87507e-05 2.0766e-05 2.18796e-05 2.12714e-05 1.79191e-05 1.21561e-05 6.352e-06 2.54994e-06 8.15633e-07 2.2059e-07 5.28549e-08 1.13007e-08 2.1038e-09 3.25469e-10 3.782e-11 2.36579e-12 0 
0 7.55667e-10 6.62724e-09 3.04935e-08 1.02818e-07 2.81452e-07 6.54305e-07 1.32386e-06 2.36819e-06 3.78904e-06 5.47306e-06 7.19399e-06 8.66443e-06 9.61933e-06 9.89667e-06 9.48326e-06 8.51109e-06 7.21112e-06 5.84613e-06 4.64826e-06 3.77951e-06 3.31894e-06 3.2641e-06 3.5282e-06 3.93271e-06 4.2325e-06 4.20131e-06 3.72416e-06 2.85112e-06 1.81936e-06 9.45183e-07 4.00033e-07 1.41138e-07 4.27424e-08 1.13007e-08 2.60486e-09 5.1465e-10 8.38101e-11 1.01992e-11 6.65283e-13 0 
0 1.43752e-10 1.22279e-09 5.46903e-09 1.79842e-08 4.82072e-08 1.10232e-07 2.20357e-07 3.91082e-07 6.22989e-07 8.98394e-07 1.18112e-06 1.42427e-06 1.58378e-06 1.63213e-06 1.56661e-06 1.40912e-06 1.19829e-06 9.77972e-07 7.86555e-07 6.50234e-07 5.80676e-07 5.75025e-07 6.1578e-07 6.7095e-07 6.99585e-07 6.67098e-07 5.63988e-07 4.13148e-07 2.57669e-07 1.35511e-07 6.01744e-08 2.27828e-08 7.43567e-09 2.1038e-09 5.1465e-10 1.07299e-10 1.83657e-11 2.34066e-12 1.59321e-13 0 
0 2.29724e-11 1.89717e-10 8.25354e-10 2.64713e-09 6.94357e-09 1.55931e-08 3.07255e-08 5.39389e-08 8.5259e-08 1.22324e-07 1.60345e-07 1.93108e-07 2.14738e-07 2.21537e-07 2.13113e-07 1.92381e-07 1.64528e-07 1.35461e-07 1.10344e-07 9.26565e-08 8.38065e-08 8.30898e-08 8.77549e-08 9.33015e-08 9.45341e-08 8.76357e-08 7.23063e-08 5.21366e-08 3.24815e-08 1.73913e-08 8.003e-09 3.17637e-09 1.09176e-09 3.25469e-10 8.38101e-11 1.83657e-11 3.29723e-12 4.39641e-13 3.12176e-14 0 
0 2.78378e-12 2.23508e-11 9.46942e-11 2.96467e-10 7.6125e-10 1.67865e-09 3.25823e-09 5.65164e-09 8.85203e-09 1.2617e-08 1.64672e-08 1.97842e-08 2.19844e-08 2.26994e-08 2.18891e-08 1.98438e-08 1.7083e-08 1.42011e-08 1.17185e-08 9.98143e-09 9.116e-09 9.02117e-09 9.38701e-09 9.7527e-09 9.63813e-09 8.74182e-09 7.10368e-09 5.0917e-09 3.18908e-09 1.73732e-09 8.22289e-10 3.38465e-10 1.213e-10 3.782e-11 1.01992e-11 2.34066e-12 4.39641e-13 6.12223e-14 4.5303e-15 0 
0 1.82769e-13 1.4289e-12 5.90431e-12 1.80669e-11 4.54548e-11 9.84779e-11 1.88323e-10 3.22727e-10 5.00708e-10 7.08652e-10 9.20421e-10 1.10266e-09 1.22403e-09 1.26475e-09 1.22267e-09 1.11346e-09 9.65262e-10 8.10394e-10 6.77192e-10 5.84228e-10 5.37488e-10 5.29989e-10 5.4349e-10 5.53001e-10 5.3482e-10 4.76401e-10 3.82674e-10 2.73411e-10 1.72295e-10 9.53232e-11 4.62115e-11 1.96201e-11 7.29133e-12 2.36579e-12 6.65283e-13 1.59321e-13 3.12176e-14 4.5303e-15 3.48814e-16 0 
0 0 0 0 0 0 0 0 0 0 0 0 0 0 0 0 0 0 0 0 0 0 0 0 0 0 0 0 0 0 0 0 0 0 0 0 0 0 0 0 0 
