0 0 0 0 0 0 0 0 0 0 0 0 0 0 0 0 0 0 0 0 0 0 0 0 0 0 0 0 0 0 0 0 0 0 0 0 0 0 0 0 0 
0 1.81424e-08 1.69737e-07 8.2506e-07 2.90265e-06 8.17303e-06 1.92534e-05 3.8919e-05 6.87427e-05 0.000107728 0.000151849 0.000194871 0.000230034 0.000251803 0.000257075 0.000245651 0.000220024 0.000184662 0.000144972 0.000106172 7.23003e-05 4.56289e-05 2.66107e-05 1.43105e-05 7.08795e-06 3.23256e-06 1.3583e-06 5.26495e-07 1.88542e-07 6.24756e-08 1.9179e-08 5.45697e-09 1.43793e-09 3.49898e-10 7.81432e-11 1.58298e-11 2.84465e-12 4.33662e-13 5.05435e-14 3.21331e-15 0 
0 1.69737e-07 1.65541e-06 8.35506e-06 3.02869e-05 8.69075e-05 0.000205895 0.00041291 0.000715174 0.00109057 0.00149164 0.00186128 0.00214896 0.00232023 0.00235925 0.00226742 0.00206092 0.00176799 0.00142552 0.00107417 0.00075159 0.000485261 0.000287595 0.00015591 7.71942e-05 3.49192e-05 1.44568e-05 5.49221e-06 1.92023e-06 6.19575e-07 1.84901e-07 5.11025e-08 1.30777e-08 3.09158e-09 6.71243e-10 1.32322e-10 2.31658e-11 3.4449e-12 3.92158e-13 2.4383e-14 0 
0 8.2506e-07 8.35506e-06 4.34757e-05 0.00016033 0.000459172 0.00106149 0.0020329 0.00331109 0.00471959 0.00605495 0.00716187 0.00795331 0.00839502 0.00848437 0.00823642 0.00767848 0.00685081 0.00581193 0.00464481 0.00345728 0.00236798 0.00147636 0.000831463 0.000421533 0.000192516 7.95014e-05 2.98447e-05 1.02417e-05 3.229e-06 9.39024e-07 2.52526e-07 6.28469e-08 1.44502e-08 3.05329e-09 5.86294e-10 1.00097e-10 1.45339e-11 1.61761e-12 9.84643e-14 0 
0 2.90265e-06 3.02869e-05 0.00016033 0.000587969 0.00162274 0.00349615 0.00608716 0.00894154 0.0115946 0.0137872 0.0154394 0.0165513 0.0171445 0.0172448 0.0168807 0.0160828 0.0148815 0.0133064 0.011395 0.00921878 0.00691992 0.0047238 0.00288086 0.00155225 0.000737193 0.000310179 0.000116713 3.96788e-05 1.22988e-05 3.49988e-06 9.18624e-07 2.22866e-07 4.99391e-08 1.0287e-08 1.92718e-09 3.21337e-10 4.56217e-11 4.97119e-12 2.96635e-13 0 
0 8.17303e-06 8.69075e-05 0.000459172 0.00162274 0.0041336 0.00794226 0.01223 0.0161833 0.0194866 0.0221258 0.0241316 0.0255081 0.0262489 0.0263608 0.0258744 0.0248432 0.0233341 0.0214118 0.0191198 0.0164696 0.0134664 0.0101972 0.00693909 0.00412931 0.00211632 0.000934498 0.000359837 0.000122845 3.77617e-05 1.05768e-05 2.72087e-06 6.45581e-07 1.41357e-07 2.84533e-08 5.2114e-09 8.50266e-10 1.18246e-10 1.26359e-11 7.40318e-13 0 
0 1.92534e-05 0.000205895 0.00106149 0.00349615 0.00794226 0.0134276 0.0186544 0.0231843 0.0270686 0.0303364 0.0329233 0.0347417 0.035731 0.0358775 0.0352178 0.0338327 0.0318362 0.0293587 0.0265245 0.0234185 0.0200506 0.0163568 0.012322 0.00822487 0.00468699 0.00224145 0.000905696 0.000315863 9.73562e-05 2.70331e-05 6.85023e-06 1.59572e-06 3.4251e-07 6.75535e-08 1.21264e-08 1.94031e-09 2.6487e-10 2.78116e-11 1.60283e-12 0 
0 3.8919e-05 0.00041291 0.0020329 0.00608716 0.01223 0.0186544 0.0244679 0.0297357 0.0345073 0.0386476 0.0419689 0.0443156 0.0455942 0.0457825 0.0449269 0.0431335 0.040555 0.0373734 0.0337802 0.0299504 0.0260022 0.0219383 0.0176222 0.0129485 0.0082512 0.00436583 0.00189546 0.000687863 0.000215226 5.97227e-05 1.49902e-05 3.44266e-06 7.26887e-07 1.40903e-07 2.4857e-08 3.91035e-09 5.25185e-10 5.4303e-11 3.08476e-12 0 
0 6.87427e-05 0.000715174 0.00331109 0.00894154 0.0161833 0.0231843 0.0297357 0.0359854 0.0417852 0.0468556 0.0509306 0.0538101 0.0553778 0.0556062 0.0545526 0.0523474 0.0491786 0.0452712 0.040867 0.0362016 0.0314773 0.0268132 0.0221646 0.0172959 0.0120819 0.00708643 0.00335424 0.00128668 0.000413544 0.000115597 2.88993e-05 6.57141e-06 1.36974e-06 2.61784e-07 4.55171e-08 7.05884e-09 9.35093e-10 9.54351e-11 5.35566e-12 0 
0 0.000107728 0.00109057 0.00471959 0.0115946 0.0194866 0.0270686 0.0345073 0.0417852 0.0485838 0.0545338 0.0593148 0.0626912 0.0645268 0.0647901 0.0635486 0.060956 0.0572326 0.0526427 0.0474702 0.041996 0.0364749 0.0311036 0.0259542 0.0208678 0.0155029 0.00992199 0.00512546 0.00209677 0.000698495 0.000198024 4.95581e-05 1.12025e-05 2.31321e-06 4.37274e-07 7.51586e-08 1.15225e-08 1.50955e-09 1.52457e-10 8.47265e-12 0 
0 0.000151849 0.00149164 0.00605495 0.0137872 0.0221258 0.0303364 0.0386476 0.0468556 0.0545338 0.0612524 0.0666487 0.0704565 0.072523 0.0728134 0.0714047 0.0684709 0.0642609 0.0590729 0.0532275 0.0470421 0.0408082 0.0347682 0.029071 0.0236692 0.0182212 0.0124306 0.0069326 0.00302481 0.00104886 0.000302946 7.61941e-05 1.71815e-05 3.52613e-06 6.61339e-07 1.12707e-07 1.71316e-08 2.22592e-09 2.23077e-10 1.23104e-11 0 
0 0.000194871 0.00186128 0.00716187 0.0154394 0.0241316 0.0329233 0.0419689 0.0509306 0.0593148 0.0666487 0.0725357 0.0766861 0.0789339 0.0792421 0.0776955 0.0744847 0.0698819 0.0642127 0.0578269 0.0510705 0.0442625 0.0376735 0.0314958 0.0257631 0.020208 0.0143762 0.00850922 0.00392954 0.00141664 0.000417515 0.000105793 2.38645e-05 4.88214e-06 9.1127e-07 1.5446e-07 2.33499e-08 3.01826e-09 3.01096e-10 1.65519e-11 0 
0 0.000230034 0.00214896 0.00795331 0.0165513 0.0255081 0.0347417 0.0443156 0.0538101 0.0626912 0.0704565 0.0766861 0.0810738 0.0834446 0.0837602 0.0821116 0.0787014 0.0738185 0.0678079 0.0610401 0.0538814 0.0466693 0.039692 0.0331651 0.0271702 0.0215107 0.0156942 0.00968177 0.00467264 0.00174108 0.000522864 0.000133604 3.02136e-05 6.17838e-06 1.15124e-06 1.94722e-07 2.93776e-08 3.7916e-09 3.77937e-10 2.07787e-11 0 
0 0.000251803 0.00232023 0.00839502 0.0171445 0.0262489 0.035731 0.0455942 0.0553778 0.0645268 0.072523 0.0789339 0.0834446 0.0858756 0.0861884 0.0844779 0.0809536 0.0759139 0.0697149 0.0627382 0.0553612 0.0479311 0.0407451 0.0340297 0.0278901 0.0221758 0.0164015 0.0103749 0.00515664 0.00196817 0.000600114 0.000154617 3.51162e-05 7.1983e-06 1.34365e-06 2.27676e-07 3.44282e-08 4.45739e-09 4.46184e-10 2.46676e-11 0 
0 0.000257075 0.00235925 0.00848437 0.0172448 0.0263608 0.0358775 0.0457825 0.0556062 0.0647901 0.0728134 0.0792421 0.0837602 0.0861884 0.086489 0.0847581 0.0812072 0.0761367 0.0699048 0.062895 0.0554863 0.0480272 0.0408156 0.0340798 0.0279324 0.0222425 0.0165405 0.0105811 0.00533792 0.00206608 0.000636805 0.000165384 3.78047e-05 7.79616e-06 1.46446e-06 2.49918e-07 3.81057e-08 4.98175e-09 5.044e-10 2.82578e-11 0 
0 0.000245651 0.00226742 0.00823642 0.0168807 0.0258744 0.0352178 0.0449269 0.0545526 0.0635486 0.0714047 0.0776955 0.0821116 0.0844779 0.0847581 0.0830474 0.079554 0.0745733 0.068457 0.0615816 0.0543187 0.0470098 0.0399465 0.0333513 0.0273309 0.0217523 0.0161601 0.0103335 0.00522347 0.0020321 0.000631011 0.000165359 3.81887e-05 7.9676e-06 1.51667e-06 2.62782e-07 4.07637e-08 5.43364e-09 5.62106e-10 3.22344e-11 0 
0 0.000220024 0.00206092 0.00767848 0.0160828 0.0248432 0.0338327 0.0431335 0.0523474 0.060956 0.0684709 0.0744847 0.0787014 0.0809536 0.0812072 0.079554 0.0761944 0.071412 0.0655444 0.0589529 0.0519938 0.0449944 0.0382334 0.0319204 0.0261448 0.0207546 0.0153143 0.00969447 0.00486312 0.00189157 0.000591912 0.000157242 3.69711e-05 7.88066e-06 1.53749e-06 2.73823e-07 4.3772e-08 6.02409e-09 6.44122e-10 3.8182e-11 0 
0 0.000184662 0.00176799 0.00685081 0.0148815 0.0233341 0.0318362 0.040555 0.0491786 0.0572326 0.0642609 0.0698819 0.0738185 0.0759139 0.0761367 0.0745733 0.071412 0.066919 0.0614115 0.0552283 0.0487039 0.0421449 0.0358115 0.0298934 0.0244518 0.0193071 0.0140693 0.00875606 0.00434138 0.00169125 0.000537304 0.000146403 3.55607e-05 7.87113e-06 1.60038e-06 2.97652e-07 4.97084e-08 7.13759e-09 7.94004e-10 4.87695e-11 0 
0 0.000144972 0.00142552 0.00581193 0.0133064 0.0214118 0.0293587 0.0373734 0.0452712 0.0526427 0.0590729 0.0642127 0.0678079 0.0697149 0.0699048 0.068457 0.0655444 0.0614115 0.0563493 0.050669 0.0446775 0.0386559 0.0328405 0.0273933 0.0223381 0.0174775 0.0125166 0.00764476 0.00376696 0.00148952 0.000489761 0.00013998 3.59411e-05 8.43613e-06 1.81781e-06 3.56974e-07 6.25667e-08 9.35919e-09 1.07609e-09 6.77875e-11 0 
0 0.000106172 0.00107417 0.00464481 0.011395 0.0191198 0.0265245 0.0337802 0.040867 0.0474702 0.0532275 0.0578269 0.0610401 0.0627382 0.062895 0.0615816 0.0589529 0.0552283 0.050669 0.0455542 0.0401591 0.034735 0.029488 0.0245443 0.0198915 0.0153531 0.0107882 0.00651678 0.00325611 0.0013462 0.000473696 0.000146503 4.07182e-05 1.02722e-05 2.35221e-06 4.8459e-07 8.79898e-08 1.34837e-08 1.57328e-09 9.98178e-11 0 
0 7.23003e-05 0.00075159 0.00345728 0.00921878 0.0164696 0.0234185 0.0299504 0.0362016 0.041996 0.0470421 0.0510705 0.0538814 0.0553612 0.0554863 0.0543187 0.0519938 0.0487039 0.0446775 0.0401591 0.0353889 0.0305834 0.0259114 0.0214604 0.0172063 0.0130595 0.00905726 0.00553179 0.0029098 0.00131489 0.000514983 0.000176661 5.35104e-05 1.4384e-05 3.43544e-06 7.25368e-07 1.33202e-07 2.04456e-08 2.37345e-09 1.49132e-10 0 
0 4.56289e-05 0.000485261 0.00236798 0.00691992 0.0134664 0.0200506 0.0260022 0.0314773 0.0364749 0.0408082 0.0442625 0.0466693 0.0479311 0.0480272 0.0470098 0.0449944 0.0421449 0.0386559 0.034735 0.0305834 0.0263766 0.0222423 0.0182449 0.0144041 0.0107727 0.00750559 0.00480516 0.00278757 0.00143622 0.00064193 0.000244905 7.95818e-05 2.2211e-05 5.37747e-06 1.13318e-06 2.05728e-07 3.10499e-08 3.53396e-09 2.17419e-10 0 
0 2.66107e-05 0.000287595 0.00147636 0.0047238 0.0101972 0.0163568 0.0219383 0.0268132 0.0311036 0.0347682 0.0376735 0.039692 0.0407451 0.0408156 0.0399465 0.0382334 0.0358115 0.0328405 0.029488 0.0259114 0.0222423 0.0185803 0.0150124 0.0116609 0.00870033 0.00627264 0.00437672 0.00289499 0.00173212 0.000885688 0.000371316 0.000126461 3.56289e-05 8.516e-06 1.75292e-06 3.09528e-07 4.53832e-08 5.01993e-09 3.00505e-10 0 
0 1.43105e-05 0.00015591 0.000831463 0.00288086 0.00693909 0.012322 0.0176222 0.0221646 0.0259542 0.029071 0.0314958 0.0331651 0.0340297 0.0340798 0.0333513 0.0319204 0.0298934 0.0273933 0.0245443 0.0214604 0.0182449 0.0150124 0.011927 0.00921192 0.00707284 0.00555699 0.00446637 0.00346123 0.00237247 0.0013435 0.000599929 0.000207556 5.71034e-05 1.30934e-05 2.5815e-06 4.38189e-07 6.1985e-08 6.63583e-09 3.85606e-10 0 
0 7.08795e-06 7.71942e-05 0.000421533 0.00155225 0.00412931 0.00822487 0.0129485 0.0172959 0.0208678 0.0236692 0.0257631 0.0271702 0.0278901 0.0279324 0.0273309 0.0261448 0.0244518 0.0223381 0.0198915 0.0172063 0.0144041 0.0116609 0.00921192 0.00733507 0.00635117 0.00645279 0.00703432 0.00669301 0.00489373 0.00268091 0.00112486 0.000363861 9.19287e-05 1.92565e-05 3.52988e-06 5.68719e-07 7.73192e-08 8.00725e-09 4.52025e-10 0 
0 3.23256e-06 3.49192e-05 0.000192516 0.000737193 0.00211632 0.00468699 0.0082512 0.0120819 0.0155029 0.0182212 0.020208 0.0215107 0.0221758 0.0222425 0.0217523 0.0207546 0.0193071 0.0174775 0.0153531 0.0130595 0.0107727 0.00870033 0.00707284 0.00635117 0.00771856 0.0122114 0.0176211 0.0187806 0.0138739 0.00705761 0.00256075 0.00070515 0.000152211 2.72821e-05 4.43093e-06 6.63919e-07 8.64601e-08 8.68129e-09 4.77738e-10 0 
0 1.3583e-06 1.44568e-05 7.95014e-05 0.000310179 0.000934498 0.00224145 0.00436583 0.00708643 0.00992199 0.0124306 0.0143762 0.0156942 0.0164015 0.0165405 0.0161601 0.0153143 0.0140693 0.0125166 0.0107882 0.00905726 0.00750559 0.00627264 0.00555699 0.00645279 0.0122114 0.0253467 0.0402949 0.0442566 0.0327723 0.0162963 0.00551177 0.00133335 0.000245495 3.67093e-05 5.05967e-06 6.86953e-07 8.5356e-08 8.3462e-09 4.50297e-10 0 
0 5.26495e-07 5.49221e-06 2.98447e-05 0.000116713 0.000359837 0.000905696 0.00189546 0.00335424 0.00512546 0.0069326 0.00850922 0.00968177 0.0103749 0.0105811 0.0103335 0.00969447 0.00875606 0.00764476 0.00651678 0.00553179 0.00480516 0.00437672 0.00446637 0.00703432 0.0176211 0.0402949 0.0658152 0.0728534 0.0539852 0.026693 0.008842 0.00201749 0.000335588 4.34967e-05 5.10008e-06 6.19713e-07 7.34398e-08 7.04067e-09 3.75252e-10 0 
0 1.88542e-07 1.92023e-06 1.02417e-05 3.96788e-05 0.000122845 0.000315863 0.000687863 0.00128668 0.00209677 0.00302481 0.00392954 0.00467264 0.00515664 0.00533792 0.00522347 0.00486312 0.00434138 0.00376696 0.00325611 0.0029098 0.00278757 0.00289499 0.00346123 0.00669301 0.0187806 0.0442566 0.0728534 0.0808224 0.0599037 0.029573 0.00973852 0.00217711 0.000344688 4.10297e-05 4.2899e-06 4.76231e-07 5.44441e-08 5.17055e-09 2.74717e-10 0 
0 6.24756e-08 6.19575e-07 3.229e-06 1.22988e-05 3.77617e-05 9.73562e-05 0.000215226 0.000413544 0.000698495 0.00104886 0.00141664 0.00174108 0.00196817 0.00206608 0.0020321 0.00189157 0.00169125 0.00148952 0.0013462 0.00131489 0.00143622 0.00173212 0.00237247 0.00489373 0.0138739 0.0327723 0.0539852 0.0599037 0.0443992 0.0219164 0.00721427 0.00160714 0.000249837 2.86439e-05 2.84608e-06 3.04097e-07 3.44654e-08 3.28918e-09 1.75965e-10 0 
0 1.9179e-08 1.84901e-07 9.39024e-07 3.49988e-06 1.05768e-05 2.70331e-05 5.97227e-05 0.000115597 0.000198024 0.000302946 0.000417515 0.000522864 0.000600114 0.000636805 0.000631011 0.000591912 0.000537304 0.000489761 0.000473696 0.000514983 0.00064193 0.000885688 0.0013435 0.00268091 0.00705761 0.0162963 0.026693 0.029573 0.0219164 0.0108315 0.00358035 0.000802573 0.000124784 1.43227e-05 1.44604e-06 1.59256e-07 1.85624e-08 1.80907e-09 9.84291e-11 0 
0 5.45697e-09 5.11025e-08 2.52526e-07 9.18624e-07 2.72087e-06 6.85023e-06 1.49902e-05 2.88993e-05 4.95581e-05 7.61941e-05 0.000105793 0.000133604 0.000154617 0.000165384 0.000165359 0.000157242 0.000146403 0.00013998 0.000146503 0.000176661 0.000244905 0.000371316 0.000599929 0.00112486 0.00256075 0.00551177 0.008842 0.00973852 0.00721427 0.00358035 0.00119547 0.000271331 4.29123e-05 5.14578e-06 5.67778e-07 6.89406e-08 8.53399e-09 8.61104e-10 4.80726e-11 0 
0 1.43793e-09 1.30777e-08 6.28469e-08 2.22866e-07 6.45581e-07 1.59572e-06 3.44266e-06 6.57141e-06 1.12025e-05 1.71815e-05 2.38645e-05 3.02136e-05 3.51162e-05 3.78047e-05 3.81887e-05 3.69711e-05 3.55607e-05 3.59411e-05 4.07182e-05 5.35104e-05 7.95818e-05 0.000126461 0.000207556 0.000363861 0.00070515 0.00133335 0.00201749 0.00217711 0.00160714 0.000802573 0.000271331 6.28493e-05 1.04137e-05 1.38743e-06 1.80653e-07 2.52785e-08 3.3756e-09 3.5563e-10 2.05129e-11 0 
0 3.49898e-10 3.09158e-09 1.44502e-08 4.99391e-08 1.41357e-07 3.4251e-07 7.26887e-07 1.36974e-06 2.31321e-06 3.52613e-06 4.88214e-06 6.17838e-06 7.1983e-06 7.79616e-06 7.9676e-06 7.88066e-06 7.87113e-06 8.43613e-06 1.02722e-05 1.4384e-05 2.2211e-05 3.56289e-05 5.71034e-05 9.19287e-05 0.000152211 0.000245495 0.000335588 0.000344688 0.000249837 0.000124784 4.29123e-05 1.04137e-05 1.91639e-06 3.08026e-07 4.97852e-08 8.04595e-09 1.15695e-09 1.27715e-10 7.64889e-12 0 
0 7.81432e-11 6.71243e-10 3.05329e-09 1.0287e-08 2.84533e-08 6.75535e-08 1.40903e-07 2.61784e-07 4.37274e-07 6.61339e-07 9.1127e-07 1.15124e-06 1.34365e-06 1.46446e-06 1.51667e-06 1.53749e-06 1.60038e-06 1.81781e-06 2.35221e-06 3.43544e-06 5.37747e-06 8.516e-06 1.30934e-05 1.92565e-05 2.72821e-05 3.67093e-05 4.34967e-05 4.10297e-05 2.86439e-05 1.43227e-05 5.14578e-06 1.38743e-06 3.08026e-07 6.30056e-08 1.24122e-08 2.24537e-09 3.44387e-10 3.98716e-11 2.48732e-12 0 
0 1.58298e-11 1.32322e-10 5.86294e-10 1.92718e-09 5.2114e-09 1.21264e-08 2.4857e-08 4.55171e-08 7.51586e-08 1.12707e-07 1.5446e-07 1.94722e-07 2.27676e-07 2.49918e-07 2.62782e-07 2.73823e-07 2.97652e-07 3.56974e-07 4.8459e-07 7.25368e-07 1.13318e-06 1.75292e-06 2.5815e-06 3.52988e-06 4.43093e-06 5.05967e-06 5.10008e-06 4.2899e-06 2.84608e-06 1.44604e-06 5.67778e-07 1.80653e-07 4.97852e-08 1.24122e-08 2.78864e-09 5.46073e-10 8.86181e-11 1.07601e-11 7.00428e-13 0 
0 2.84465e-12 2.31658e-11 1.00097e-10 3.21337e-10 8.50266e-10 1.94031e-09 3.91035e-09 7.05884e-09 1.15225e-08 1.71316e-08 2.33499e-08 2.93776e-08 3.44282e-08 3.81057e-08 4.07637e-08 4.3772e-08 4.97084e-08 6.25667e-08 8.79898e-08 1.33202e-07 2.05728e-07 3.09528e-07 4.38189e-07 5.68719e-07 6.63919e-07 6.86953e-07 6.19713e-07 4.76231e-07 3.04097e-07 1.59256e-07 6.89406e-08 2.52785e-08 8.04595e-09 2.24537e-09 5.46073e-10 1.13568e-10 1.94083e-11 2.46995e-12 1.67866e-13 0 
0 4.33662e-13 3.4449e-12 1.45339e-11 4.56217e-11 1.18246e-10 2.6487e-10 5.25185e-10 9.35093e-10 1.50955e-09 2.22592e-09 3.01826e-09 3.7916e-09 4.45739e-09 4.98175e-09 5.43364e-09 6.02409e-09 7.13759e-09 9.35919e-09 1.34837e-08 2.04456e-08 3.10499e-08 4.53832e-08 6.1985e-08 7.73192e-08 8.64601e-08 8.5356e-08 7.34398e-08 5.44441e-08 3.44654e-08 1.85624e-08 8.53399e-09 3.3756e-09 1.15695e-09 3.44387e-10 8.86181e-11 1.94083e-11 3.48196e-12 4.63857e-13 3.29018e-14 0 
0 5.05435e-14 3.92158e-13 1.61761e-12 4.97119e-12 1.26359e-11 2.78116e-11 5.4303e-11 9.54351e-11 1.52457e-10 2.23077e-10 3.01096e-10 3.77937e-10 4.46184e-10 5.044e-10 5.62106e-10 6.44122e-10 7.94004e-10 1.07609e-09 1.57328e-09 2.37345e-09 3.53396e-09 5.01993e-09 6.63583e-09 8.00725e-09 8.68129e-09 8.3462e-09 7.04067e-09 5.17055e-09 3.28918e-09 1.80907e-09 8.61104e-10 3.5563e-10 1.27715e-10 3.98716e-11 1.07601e-11 2.46995e-12 4.63857e-13 6.45657e-14 4.77445e-15 0 
0 3.21331e-15 2.4383e-14 9.84643e-14 2.96635e-13 7.40318e-13 1.60283e-12 3.08476e-12 5.35566e-12 8.47265e-12 1.23104e-11 1.65519e-11 2.07787e-11 2.46676e-11 2.82578e-11 3.22344e-11 3.8182e-11 4.87695e-11 6.77875e-11 9.98178e-11 1.49132e-10 2.17419e-10 3.00505e-10 3.85606e-10 4.52025e-10 4.77738e-10 4.50297e-10 3.75252e-10 2.74717e-10 1.75965e-10 9.84291e-11 4.80726e-11 2.05129e-11 7.64889e-12 2.48732e-12 7.00428e-13 1.67866e-13 3.29018e-14 4.77445e-15 3.67491e-16 0 
0 0 0 0 0 0 0 0 0 0 0 0 0 0 0 0 0 0 0 0 0 0 0 0 0 0 0 0 0 0 0 0 0 0 0 0 0 0 0 0 0 
