0 0 0 0 0 0 0 0 0 0 0 0 0 0 0 0 0 0 0 0 0 0 0 0 0 0 0 0 0 0 0 0 0 0 0 0 0 0 0 0 0 
0 1.66566e-07 1.4449e-06 6.03575e-06 1.68115e-05 3.4985e-05 5.84918e-05 8.33054e-05 0.000105919 0.000124505 0.000138647 0.000148649 0.000155018 0.000158217 0.000158582 0.000156325 0.00015155 0.00014428 0.000134501 0.00012223 0.000107627 9.11171e-05 7.3484e-05 5.58628e-05 3.95781e-05 2.58355e-05 1.53752e-05 8.27051e-06 3.99796e-06 1.73201e-06 6.72336e-07 2.34167e-07 7.3283e-08 2.06104e-08 5.1942e-09 1.16305e-09 2.26988e-10 3.70306e-11 4.56245e-12 3.03568e-13 0 
0 1.4449e-06 1.25819e-05 4.96948e-05 0.000121967 0.000212184 0.000291996 0.000349063 0.000387301 0.000414288 0.000434796 0.000450493 0.000461417 0.000467173 0.00046757 0.000462845 0.000453649 0.000440887 0.000425426 0.000407699 0.000387247 0.000362417 0.000330538 0.000288994 0.000237212 0.000178621 0.00012069 7.18918e-05 3.73564e-05 1.68884e-05 6.66819e-06 2.3163e-06 7.13236e-07 1.95703e-07 4.78921e-08 1.03907e-08 1.96405e-09 3.10513e-10 3.71224e-11 2.40065e-12 0 
0 6.03575e-06 4.96948e-05 0.000168093 0.000325957 0.000447408 0.000522598 0.000580737 0.000638658 0.000697402 0.000752195 0.000797958 0.000830943 0.000848973 0.00085135 0.000838699 0.00081278 0.000776282 0.000732613 0.000685649 0.000639373 0.000597154 0.000560407 0.000526609 0.000487749 0.000431876 0.000350603 0.000249774 0.000150898 7.60549e-05 3.20539e-05 1.14615e-05 3.54018e-06 9.58637e-07 2.2939e-07 4.84408e-08 8.89621e-09 1.36642e-09 1.58852e-10 1.00038e-11 0 
0 1.68115e-05 0.000121967 0.000325957 0.000497093 0.000604772 0.000707334 0.000825979 0.000952881 0.00107605 0.00118574 0.00127467 0.00133778 0.00137218 0.00137712 0.00135385 0.00130534 0.00123594 0.00115095 0.00105627 0.000958055 0.000862617 0.000776264 0.000704641 0.000650269 0.00060751 0.000557818 0.000475079 0.000349657 0.000209991 0.000100486 3.87095e-05 1.23497e-05 3.35902e-06 7.94355e-07 1.64386e-07 2.94721e-08 4.41393e-09 5.00475e-10 3.07728e-11 0 
0 3.4985e-05 0.000212184 0.000447408 0.000604772 0.000754186 0.000937172 0.00114127 0.00134854 0.00154436 0.00171657 0.00185536 0.00195361 0.00200718 0.00201506 0.00197918 0.00190406 0.0017962 0.00166346 0.0015144 0.00135761 0.00120131 0.00105317 0.000920519 0.000810624 0.000729227 0.000674122 0.000624044 0.000538154 0.000392081 0.000223438 9.73231e-05 3.32269e-05 9.28193e-06 2.19861e-06 4.49647e-07 7.91561e-08 1.16098e-08 1.28847e-09 7.75867e-11 0 
0 5.84918e-05 0.000291996 0.000522598 0.000707334 0.000937172 0.00121027 0.00150329 0.00179628 0.00207141 0.00231271 0.00250691 0.00264433 0.00271933 0.00273044 0.00268031 0.0025753 0.00242447 0.00223862 0.00202945 0.00180861 0.00158701 0.00137431 0.00117878 0.00100781 0.000868792 0.00076846 0.000704839 0.000650012 0.000548267 0.00037409 0.000190352 7.19029e-05 2.11221e-05 5.08534e-06 1.03728e-06 1.80416e-07 2.60362e-08 2.83898e-09 1.67963e-10 0 
0 8.33054e-05 0.000349063 0.000580737 0.000825979 0.00114127 0.00150329 0.00188687 0.00226887 0.00262696 0.00294093 0.00319543 0.00338233 0.00349231 0.00351 0.00343502 0.00328733 0.00308658 0.00284391 0.00257152 0.00228365 0.00199412 0.00171503 0.00145635 0.00122599 0.00103064 0.000877357 0.000772459 0.000709013 0.000643028 0.000506241 0.000302033 0.000128966 4.06515e-05 1.0086e-05 2.07004e-06 3.57896e-07 5.10518e-08 5.49001e-09 3.20164e-10 0 
0 0.000105919 0.000387301 0.000638658 0.000952881 0.00134854 0.00179628 0.00226887 0.00273888 0.00317974 0.00357521 0.00394269 0.00425768 0.00443945 0.00446904 0.00435247 0.00410191 0.00377778 0.00344916 0.00310962 0.00275497 0.00239825 0.0020538 0.00173346 0.00144621 0.00119867 0.00099655 0.000846622 0.000752559 0.000692444 0.000596058 0.00040763 0.000197529 6.76371e-05 1.74771e-05 3.63597e-06 6.2819e-07 8.89413e-08 9.46608e-09 5.45834e-10 0 
0 0.000124505 0.000414288 0.000697402 0.00107605 0.00154436 0.00207141 0.00262696 0.00317974 0.00371103 0.00427134 0.0047669 0.00503677 0.00515484 0.00517258 0.0050997 0.00491651 0.00456677 0.00407423 0.00361922 0.00319554 0.00277571 0.00237035 0.00199278 0.00165315 0.00135842 0.00111352 0.000923636 0.000795058 0.000721135 0.000648022 0.000490446 0.000266509 9.93496e-05 2.68843e-05 5.69753e-06 9.87643e-07 1.39273e-07 1.47156e-08 8.41357e-10 0 
0 0.000138647 0.000434796 0.000752195 0.00118574 0.00171657 0.00231271 0.00294093 0.00357521 0.00427134 0.00491696 0.00525057 0.00542283 0.00550371 0.00551585 0.00546419 0.00534094 0.00511862 0.00471747 0.00411805 0.00358507 0.00310504 0.00264636 0.00221899 0.00183395 0.00149869 0.00121777 0.000995002 0.000836123 0.00074201 0.000675964 0.000547064 0.000326264 0.000131458 3.72458e-05 8.05651e-06 1.40467e-06 1.97797e-07 2.08011e-08 1.18213e-09 0 
0 0.000148649 0.000450493 0.000797958 0.00127467 0.00185536 0.00250691 0.00319543 0.00394269 0.0047669 0.00525057 0.00549815 0.00563593 0.00570266 0.00571252 0.00566898 0.00556749 0.00539224 0.00510142 0.00458539 0.00392311 0.0033697 0.00286663 0.00239946 0.00197823 0.0016108 0.00130162 0.00105359 0.000871229 0.000758364 0.000690561 0.000581825 0.00037161 0.00015958 4.70802e-05 1.03827e-05 1.82229e-06 2.56666e-07 2.6919e-08 1.52378e-09 0 
0 0.000155018 0.000461417 0.000830943 0.00133778 0.00195361 0.00264433 0.00338233 0.00425768 0.00503677 0.00542283 0.00563593 0.00575853 0.00581866 0.00582729 0.00578734 0.00569545 0.00554002 0.00529212 0.00487323 0.00419792 0.00355933 0.00302014 0.00252494 0.00207843 0.00168859 0.00135983 0.00109451 0.000896173 0.000769485 0.000697349 0.000600582 0.000401315 0.000180429 5.49024e-05 1.22985e-05 2.17158e-06 3.06198e-07 3.20752e-08 1.81162e-09 0 
0 0.000158217 0.000467173 0.000848973 0.00137218 0.00200718 0.00271933 0.00349231 0.00443945 0.00515484 0.00550371 0.00570266 0.00581866 0.00587573 0.00588361 0.00584496 0.0057569 0.00560941 0.00537821 0.00499982 0.00435565 0.00366431 0.00310049 0.00259013 0.00213018 0.00172847 0.00138938 0.00111498 0.000908219 0.000773901 0.000698528 0.000607767 0.000416181 0.000192161 5.95857e-05 1.34829e-05 2.39105e-06 3.37592e-07 3.53598e-08 1.99561e-09 0 
0 0.000158582 0.00046757 0.00085135 0.00137712 0.00201506 0.00273044 0.00351 0.00446904 0.00517258 0.00551585 0.00571252 0.00582729 0.00588361 0.00589101 0.00585208 0.00576403 0.00561704 0.00538748 0.00501399 0.00437503 0.003674 0.00310591 0.00259377 0.00213238 0.00172946 0.00138934 0.00111398 0.000906151 0.000770621 0.000694726 0.000605826 0.000417446 0.000194182 6.0565e-05 1.37544e-05 2.44426e-06 3.45512e-07 3.62157e-08 2.04493e-09 0 
0 0.000156325 0.000462845 0.000838699 0.00135385 0.00197918 0.00268031 0.00343502 0.00435247 0.0050997 0.00546419 0.00566898 0.00578734 0.00584496 0.00585208 0.00581145 0.00571993 0.00556676 0.00532559 0.0049262 0.00425963 0.00358978 0.00303956 0.00253842 0.00208697 0.00169295 0.0013606 0.00109197 0.000890011 0.000759375 0.000685856 0.000595438 0.000406008 0.00018684 5.78821e-05 1.31095e-05 2.32909e-06 3.29551e-07 3.45941e-08 1.95666e-09 0 
0 0.00015155 0.000453649 0.00081278 0.00130534 0.00190406 0.0025753 0.00328733 0.00410191 0.00491651 0.00534094 0.00556749 0.00569545 0.0057569 0.00576403 0.00571993 0.00562068 0.00545285 0.00518235 0.00471538 0.004026 0.00342818 0.00290902 0.00242994 0.00199847 0.00162229 0.00130556 0.00105053 0.000860728 0.000740341 0.000671189 0.000575749 0.000382327 0.000171242 5.21205e-05 1.17102e-05 2.07628e-06 2.94071e-07 3.09426e-08 1.75528e-09 0 
0 0.00014428 0.000440887 0.000776282 0.00123594 0.0017962 0.00242447 0.00308658 0.00377778 0.00456677 0.00511862 0.00539224 0.00554002 0.00560941 0.00561704 0.00556676 0.00545285 0.00525559 0.00492197 0.00434579 0.00372586 0.00320743 0.00272482 0.00227662 0.0018733 0.00152223 0.00122754 0.000991902 0.000819571 0.000713471 0.000648808 0.000544527 0.000346837 0.00014921 4.42705e-05 9.83404e-06 1.73885e-06 2.46667e-07 2.60469e-08 1.48404e-09 0 
0 0.000134501 0.000425426 0.000732613 0.00115095 0.00166346 0.00223862 0.00284391 0.00344916 0.00407423 0.00471747 0.00510142 0.00529212 0.00537821 0.00538748 0.00532559 0.00518235 0.00492197 0.00446135 0.00389233 0.00340214 0.00294109 0.00249919 0.0020883 0.00171899 0.00139824 0.00113021 0.000918271 0.000767291 0.000677267 0.000614662 0.000498593 0.000300768 0.000123286 3.55413e-05 7.80205e-06 1.37695e-06 1.95918e-07 2.07962e-08 1.19213e-09 0 
0 0.00012223 0.000407699 0.000685649 0.00105627 0.0015144 0.00202945 0.00257152 0.00310962 0.00361922 0.00411805 0.00458539 0.00487323 0.00499982 0.00501399 0.0049262 0.00471538 0.00434579 0.00389233 0.00346999 0.00305553 0.00264291 0.00224518 0.00187541 0.0015434 0.00125575 0.00101688 0.00083093 0.000702647 0.000626868 0.00056185 0.000435245 0.000247186 9.65921e-05 2.71408e-05 5.9072e-06 1.04351e-06 1.49283e-07 1.59623e-08 9.2236e-10 0 
0 0.000107627 0.000387247 0.000639373 0.000958055 0.00135761 0.00180861 0.00228365 0.00275497 0.00319554 0.00358507 0.00392311 0.00419792 0.00435565 0.00437503 0.00425963 0.004026 0.00372586 0.00340214 0.00305553 0.00269258 0.00232784 0.00197575 0.00164816 0.00135399 0.00109959 0.000889692 0.000728905 0.000620124 0.00055232 0.000482149 0.000355386 0.000191716 7.24012e-05 2.00553e-05 4.36021e-06 7.74473e-07 1.11711e-07 1.20545e-08 7.02955e-10 0 
0 9.11171e-05 0.000362417 0.000597154 0.000862617 0.00120131 0.00158701 0.00199412 0.00239825 0.00277571 0.00310504 0.0033697 0.00355933 0.00366431 0.003674 0.00358978 0.00342818 0.00320743 0.00294109 0.00264291 0.00232784 0.00201028 0.00170285 0.00141589 0.00115743 0.000933586 0.000749167 0.000607857 0.000509569 0.000442509 0.000373723 0.00026748 0.000141916 5.34304e-05 1.48806e-05 3.26382e-06 5.85268e-07 8.51964e-08 9.27149e-09 5.44816e-10 0 
0 7.3484e-05 0.000330538 0.000560407 0.000776264 0.00105317 0.00137431 0.00171503 0.0020538 0.00237035 0.00264636 0.00286663 0.00302014 0.00310049 0.00310591 0.00303956 0.00290902 0.00272482 0.00249919 0.00224518 0.00197575 0.00170285 0.00143695 0.00118681 0.000959692 0.00076177 0.000597757 0.000469348 0.00037475 0.000308553 0.000254959 0.000187277 0.000104344 4.10181e-05 1.17442e-05 2.61504e-06 4.72593e-07 6.90772e-08 7.53433e-09 4.43287e-10 0 
0 5.58628e-05 0.000288994 0.000526609 0.000704641 0.000920519 0.00117878 0.00145635 0.00173346 0.00199278 0.00221899 0.00239946 0.00252494 0.00259013 0.00259377 0.00253842 0.00242994 0.00227662 0.0020883 0.00187541 0.00164816 0.00141589 0.00118681 0.000968306 0.000768515 0.0005985 0.000468771 0.000375498 0.000298406 0.000226991 0.000171244 0.000129061 8.02428e-05 3.45218e-05 1.03195e-05 2.32459e-06 4.18921e-07 6.07491e-08 6.56563e-09 3.82821e-10 0 
0 3.95781e-05 0.000237212 0.000487749 0.000650269 0.000810624 0.00100781 0.00122599 0.00144621 0.00165315 0.00183395 0.00197823 0.00207843 0.00213018 0.00213238 0.00208697 0.00199847 0.0018733 0.00171899 0.0015434 0.00135399 0.00115743 0.000959692 0.000768515 0.000602616 0.000501878 0.000496447 0.000537047 0.000510617 0.000375194 0.000213819 0.000113536 6.67462e-05 3.15758e-05 9.92594e-06 2.24299e-06 3.97825e-07 5.65251e-08 5.98947e-09 3.43039e-10 0 
0 2.58355e-05 0.000178621 0.000431876 0.00060751 0.000729227 0.000868792 0.00103064 0.00119867 0.00135842 0.00149869 0.0016108 0.00168859 0.00172847 0.00172946 0.00169295 0.00162229 0.00152223 0.00139824 0.00125575 0.00109959 0.000933586 0.00076177 0.0005985 0.000501878 0.000589365 0.000929122 0.0015103 0.00181772 0.00106244 0.000537269 0.000199166 7.11843e-05 3.02792e-05 9.78126e-06 2.19751e-06 3.80441e-07 5.26346e-08 5.4435e-09 3.0524e-10 0 
0 1.53752e-05 0.00012069 0.000350603 0.000557818 0.000674122 0.00076846 0.000877357 0.00099655 0.00111352 0.00121777 0.00130162 0.00135983 0.00138938 0.00138934 0.0013606 0.00130556 0.00122754 0.00113021 0.00101688 0.000889692 0.000749167 0.000597757 0.000468771 0.000496447 0.000929122 0.00217 0.00358159 0.00369363 0.00310099 0.00124619 0.000419713 0.00010731 3.12283e-05 9.36157e-06 2.04763e-06 3.44263e-07 4.63883e-08 4.69156e-09 2.58162e-10 0 
0 8.27051e-06 7.18918e-05 0.000249774 0.000475079 0.000624044 0.000704839 0.000772459 0.000846622 0.000923636 0.000995002 0.00105359 0.00109451 0.00111498 0.00111398 0.00109197 0.00105053 0.000991902 0.000918271 0.00083093 0.000728905 0.000607857 0.000469348 0.000375498 0.000537047 0.0015103 0.00358159 0.00398192 0.00402921 0.00381315 0.0026482 0.0006729 0.000155609 3.35486e-05 8.42981e-06 1.73401e-06 2.8174e-07 3.71364e-08 3.69633e-09 2.00828e-10 0 
0 3.99796e-06 3.73564e-05 0.000150898 0.000349657 0.000538154 0.000650012 0.000709013 0.000752559 0.000795058 0.000836123 0.000871229 0.000896173 0.000908219 0.000906151 0.000890011 0.000860728 0.000819571 0.000767291 0.000702647 0.000620124 0.000509569 0.00037475 0.000298406 0.000510617 0.00181772 0.00369363 0.00402921 0.0040744 0.00390431 0.00310208 0.000749341 0.000166932 3.17942e-05 6.79543e-06 1.28858e-06 2.02321e-07 2.62964e-08 2.59955e-09 1.40622e-10 0 
0 1.73201e-06 1.68884e-05 7.60549e-05 0.000209991 0.000392081 0.000548267 0.000643028 0.000692444 0.000721135 0.00074201 0.000758364 0.000769485 0.000773901 0.000770621 0.000759375 0.000740341 0.000713471 0.000677267 0.000626868 0.00055232 0.000442509 0.000308553 0.000226991 0.000375194 0.00106244 0.00310099 0.00381315 0.00390431 0.00363979 0.00192477 0.0005489 0.000123796 2.33406e-05 4.58323e-06 8.13396e-07 1.24939e-07 1.62103e-08 1.60895e-09 8.74707e-11 0 
0 6.72336e-07 6.66819e-06 3.20539e-05 0.000100486 0.000223438 0.00037409 0.000506241 0.000596058 0.000648022 0.000675964 0.000690561 0.000697349 0.000698528 0.000694726 0.000685856 0.000671189 0.000648808 0.000614662 0.00056185 0.000482149 0.000373723 0.000254959 0.000171244 0.000213819 0.000537269 0.00124619 0.0026482 0.00310208 0.00192477 0.000824049 0.000272718 6.35025e-05 1.27883e-05 2.46337e-06 4.26035e-07 6.56067e-08 8.63057e-09 8.6997e-10 4.79807e-11 0 
0 2.34167e-07 2.3163e-06 1.14615e-05 3.87095e-05 9.73231e-05 0.000190352 0.000302033 0.00040763 0.000490446 0.000547064 0.000581825 0.000600582 0.000607767 0.000605826 0.000595438 0.000575749 0.000544527 0.000498593 0.000435245 0.000355386 0.00026748 0.000187277 0.000129061 0.000113536 0.000199166 0.000419713 0.0006729 0.000749341 0.0005489 0.000272718 9.25895e-05 2.37404e-05 5.2911e-06 1.04295e-06 1.84285e-07 2.92493e-08 3.96128e-09 4.09812e-10 2.3127e-11 0 
0 7.3283e-08 7.13236e-07 3.54018e-06 1.23497e-05 3.32269e-05 7.19029e-05 0.000128966 0.000197529 0.000266509 0.000326264 0.00037161 0.000401315 0.000416181 0.000417446 0.000406008 0.000382327 0.000346837 0.000300768 0.000247186 0.000191716 0.000141916 0.000104344 8.02428e-05 6.67462e-05 7.11843e-05 0.00010731 0.000155609 0.000166932 0.000123796 6.35025e-05 2.37404e-05 7.00404e-06 1.70264e-06 3.55861e-07 6.673e-08 1.11379e-08 1.57061e-09 1.68172e-10 9.78084e-12 0 
0 2.06104e-08 1.95703e-07 9.58637e-07 3.35902e-06 9.28193e-06 2.11221e-05 4.06515e-05 6.76371e-05 9.93496e-05 0.000131458 0.00015958 0.000180429 0.000192161 0.000194182 0.00018684 0.000171242 0.00014921 0.000123286 9.65921e-05 7.24012e-05 5.34304e-05 4.10181e-05 3.45218e-05 3.15758e-05 3.02792e-05 3.12283e-05 3.35486e-05 3.17942e-05 2.33406e-05 1.27883e-05 5.2911e-06 1.70264e-06 4.47831e-07 1.01989e-07 2.06391e-08 3.65206e-09 5.39621e-10 6.01538e-11 3.62525e-12 0 
0 5.1942e-09 4.78921e-08 2.2939e-07 7.94355e-07 2.19861e-06 5.08534e-06 1.0086e-05 1.74771e-05 2.68843e-05 3.72458e-05 4.70802e-05 5.49024e-05 5.95857e-05 6.0565e-05 5.78821e-05 5.21205e-05 4.42705e-05 3.55413e-05 2.71408e-05 2.00553e-05 1.48806e-05 1.17442e-05 1.03195e-05 9.92594e-06 9.78126e-06 9.36157e-06 8.42981e-06 6.79543e-06 4.58323e-06 2.46337e-06 1.04295e-06 3.55861e-07 1.01989e-07 2.53795e-08 5.5256e-09 1.0362e-09 1.60844e-10 1.87332e-11 1.17422e-12 0 
0 1.16305e-09 1.03907e-08 4.84408e-08 1.64386e-07 4.49647e-07 1.03728e-06 2.07004e-06 3.63597e-06 5.69753e-06 8.05651e-06 1.03827e-05 1.22985e-05 1.34829e-05 1.37544e-05 1.31095e-05 1.17102e-05 9.83404e-06 7.80205e-06 5.9072e-06 4.36021e-06 3.26382e-06 2.61504e-06 2.32459e-06 2.24299e-06 2.19751e-06 2.04763e-06 1.73401e-06 1.28858e-06 8.13396e-07 4.26035e-07 1.84285e-07 6.673e-08 2.06391e-08 5.5256e-09 1.28132e-09 2.53882e-10 4.14208e-11 5.04877e-12 3.2984e-13 0 
0 2.26988e-10 1.96405e-09 8.89621e-09 2.94721e-08 7.91561e-08 1.80416e-07 3.57896e-07 6.2819e-07 9.87643e-07 1.40467e-06 1.82229e-06 2.17158e-06 2.39105e-06 2.44426e-06 2.32909e-06 2.07628e-06 1.73885e-06 1.37695e-06 1.04351e-06 7.74473e-07 5.85268e-07 4.72593e-07 4.18921e-07 3.97825e-07 3.80441e-07 3.44263e-07 2.8174e-07 2.02321e-07 1.24939e-07 6.56067e-08 2.92493e-08 1.11379e-08 3.65206e-09 1.0362e-09 2.53882e-10 5.29901e-11 9.07935e-12 1.15841e-12 7.89414e-14 0 
0 3.70306e-11 3.10513e-10 1.36642e-09 4.41393e-09 1.16098e-08 2.60362e-08 5.10518e-08 8.89413e-08 1.39273e-07 1.97797e-07 2.56666e-07 3.06198e-07 3.37592e-07 3.45512e-07 3.29551e-07 2.94071e-07 2.46667e-07 1.95918e-07 1.49283e-07 1.11711e-07 8.51964e-08 6.90772e-08 6.07491e-08 5.65251e-08 5.26346e-08 4.63883e-08 3.71364e-08 2.62964e-08 1.62103e-08 8.63057e-09 3.96128e-09 1.57061e-09 5.39621e-10 1.60844e-10 4.14208e-11 9.07935e-12 1.63086e-12 2.17603e-13 1.54641e-14 0 
0 4.56245e-12 3.71224e-11 1.58852e-10 5.00475e-10 1.28847e-09 2.83898e-09 5.49001e-09 9.46608e-09 1.47156e-08 2.08011e-08 2.6919e-08 3.20752e-08 3.53598e-08 3.62157e-08 3.45941e-08 3.09426e-08 2.60469e-08 2.07962e-08 1.59623e-08 1.20545e-08 9.27149e-09 7.53433e-09 6.56563e-09 5.98947e-09 5.4435e-09 4.69156e-09 3.69633e-09 2.59955e-09 1.60895e-09 8.6997e-10 4.09812e-10 1.68172e-10 6.01538e-11 1.87332e-11 5.04877e-12 1.15841e-12 2.17603e-13 3.03126e-14 2.24424e-15 0 
0 3.03568e-13 2.40065e-12 1.00038e-11 3.07728e-11 7.75867e-11 1.67963e-10 3.20164e-10 5.45834e-10 8.41357e-10 1.18213e-09 1.52378e-09 1.81162e-09 1.99561e-09 2.04493e-09 1.95666e-09 1.75528e-09 1.48404e-09 1.19213e-09 9.2236e-10 7.02955e-10 5.44816e-10 4.43287e-10 3.82821e-10 3.43039e-10 3.0524e-10 2.58162e-10 2.00828e-10 1.40622e-10 8.74707e-11 4.79807e-11 2.3127e-11 9.78084e-12 3.62525e-12 1.17422e-12 3.2984e-13 7.89414e-14 1.54641e-14 2.24424e-15 1.72841e-16 0 
0 0 0 0 0 0 0 0 0 0 0 0 0 0 0 0 0 0 0 0 0 0 0 0 0 0 0 0 0 0 0 0 0 0 0 0 0 0 0 0 0 
