0 0 0 0 0 0 0 0 0 0 0 0 0 0 0 0 0 0 0 0 0 0 0 0 0 0 0 0 0 0 0 0 0 0 0 0 0 0 0 0 0 
0 7.52087e-08 6.93397e-07 3.27013e-06 1.09609e-05 2.88714e-05 6.26583e-05 0.00011558 0.000185896 0.00026666 0.000347919 0.000419617 0.000473711 0.00050508 0.000511608 0.000493864 0.000454692 0.000398786 0.000332197 0.000261688 0.000193881 0.000134281 8.64102e-05 5.13757e-05 2.80958e-05 1.40896e-05 6.46978e-06 2.72e-06 1.04793e-06 3.70509e-07 1.20391e-07 3.59845e-08 9.89174e-09 2.49528e-09 5.74507e-10 1.19398e-10 2.19208e-11 3.40206e-12 4.02463e-13 2.59059e-14 0 
0 6.93397e-07 6.6529e-06 3.22597e-05 0.000108975 0.000282062 0.000586312 0.00101533 0.00151724 0.00202186 0.0024704 0.00282693 0.00307502 0.00321029 0.00323478 0.003154 0.00297587 0.00271091 0.00237339 0.00198323 0.00156739 0.00115913 0.000793121 0.000496892 0.000282721 0.000145387 6.74834e-05 2.83191e-05 1.07813e-05 3.73902e-06 1.18576e-06 3.44833e-07 9.20709e-08 2.25449e-08 5.03906e-09 1.01731e-09 1.81615e-10 2.74419e-11 3.16494e-12 1.98896e-13 0 
0 3.27013e-06 3.22597e-05 0.000157171 0.000514536 0.00123781 0.00231135 0.00354358 0.00471939 0.00572051 0.00651578 0.00710871 0.00750766 0.0077194 0.00775111 0.00761269 0.00731689 0.00687754 0.00630686 0.00561412 0.00480877 0.003911 0.00296749 0.00205918 0.00128283 0.000708202 0.000344697 0.00014827 5.67806e-05 1.95354e-05 6.08933e-06 1.73068e-06 4.50182e-07 1.07233e-07 2.33071e-08 4.57743e-09 7.95658e-10 1.17193e-10 1.31932e-11 8.1044e-13 0 
0 1.09609e-05 0.000108975 0.000514536 0.00154576 0.00325255 0.00523387 0.00707386 0.0086455 0.00997222 0.0110738 0.011939 0.0125444 0.0128727 0.0129201 0.0126992 0.0122369 0.0115702 0.0107408 0.00978598 0.00872918 0.00757116 0.00629507 0.00490068 0.00346309 0.00215342 0.00115349 0.000529304 0.000209813 7.29646e-05 2.26185e-05 6.32949e-06 1.6119e-06 3.74826e-07 7.94407e-08 1.52123e-08 2.57969e-09 3.71058e-10 4.08426e-11 2.45629e-12 0 
0 2.88714e-05 0.000282062 0.00123781 0.00325255 0.00585871 0.0083564 0.0105869 0.0126307 0.0144964 0.0161211 0.0174268 0.0183503 0.0188537 0.0189278 0.0185907 0.0178847 0.0168707 0.0156217 0.0142149 0.0127223 0.0111966 0.00965185 0.00804726 0.00631496 0.00447122 0.00272875 0.00139277 0.000592313 0.000213546 6.69069e-05 1.86214e-05 4.67336e-06 1.0658e-06 2.21045e-07 4.13915e-08 6.86506e-09 9.66463e-10 1.04223e-10 6.14816e-12 0 
0 6.26583e-05 0.000586312 0.00231135 0.00523387 0.0083564 0.0112713 0.0141041 0.0168704 0.019457 0.0217239 0.0235482 0.0248385 0.0255422 0.0256462 0.0251761 0.0241904 0.0227738 0.021028 0.0190628 0.0169868 0.0148982 0.012871 0.0109296 0.00901468 0.00699583 0.00483667 0.0028073 0.00132262 0.000508269 0.000164064 4.59658e-05 1.14563e-05 2.5761e-06 5.24945e-07 9.64419e-08 1.56891e-08 2.16726e-09 2.29508e-10 1.3308e-11 0 
0 0.00011558 0.00101533 0.00354358 0.00707386 0.0105869 0.0141041 0.0177224 0.0213121 0.0246758 0.027623 0.0299936 0.0316697 0.0325832 0.0327177 0.0321063 0.0308251 0.0289834 0.0267129 0.0241551 0.021451 0.0187307 0.0161052 0.013653 0.0113899 0.00921715 0.00694084 0.00453375 0.00240115 0.00100601 0.000340913 9.73733e-05 2.42989e-05 5.41754e-06 1.08929e-06 1.97032e-07 3.1535e-08 4.28605e-09 4.46812e-10 2.55243e-11 0 
0 0.000185896 0.00151724 0.00471939 0.0086455 0.0126307 0.0168704 0.0213121 0.0257271 0.0298626 0.0334845 0.0363963 0.038454 0.0395743 0.0397375 0.0389845 0.0374087 0.0351443 0.0323523 0.0292063 0.0258783 0.0225275 0.0192915 0.0162783 0.0135528 0.0110927 0.00872366 0.00620754 0.00366628 0.00169172 0.000610439 0.000179748 4.52536e-05 1.00574e-05 2.0036e-06 3.58061e-07 5.65548e-08 7.58398e-09 7.80288e-10 4.40173e-11 0 
0 0.00026666 0.00202186 0.00572051 0.00997222 0.0144964 0.019457 0.0246758 0.0298626 0.0347194 0.0389711 0.0423878 0.0448006 0.0461124 0.0463005 0.0454133 0.0435606 0.0408998 0.0376197 0.0339235 0.0300126 0.026073 0.0222654 0.018718 0.0155203 0.0127005 0.0101558 0.00760686 0.0048957 0.00247715 0.000957592 0.000292886 7.48377e-05 1.6655e-05 3.29965e-06 5.84499e-07 9.13796e-08 1.21238e-08 1.23425e-09 6.89204e-11 0 
0 0.000347919 0.0024704 0.00651578 0.0110738 0.0161211 0.0217239 0.027623 0.0334845 0.0389711 0.0437724 0.0476287 0.0503498 0.0518266 0.0520342 0.0510275 0.0489309 0.0459223 0.0422149 0.0380376 0.0336176 0.0291642 0.0248581 0.0208436 0.0172245 0.0140546 0.0112874 0.00868312 0.00593108 0.0032424 0.00133902 0.000426445 0.000110971 2.48113e-05 4.90345e-06 8.63488e-07 1.33996e-07 1.76362e-08 1.78106e-09 9.86834e-11 0 
0 0.000419617 0.00282693 0.00710871 0.011939 0.0174268 0.0235482 0.0299936 0.0363963 0.0423878 0.0476287 0.0518357 0.0548017 0.0564081 0.0566283 0.055523 0.0532285 0.0499392 0.0458879 0.0413244 0.0364962 0.0316315 0.0269268 0.0225388 0.0185813 0.0151204 0.0121428 0.00945941 0.00670829 0.00388693 0.00169795 0.000561478 0.00014887 3.34987e-05 6.61917e-06 1.16168e-06 1.79397e-07 2.3484e-08 2.35853e-09 1.29981e-10 0 
0 0.000473711 0.00307502 0.00750766 0.0125444 0.0183503 0.0248385 0.0316697 0.038454 0.0448006 0.0503498 0.0548017 0.0579372 0.0596314 0.059857 0.0586789 0.0562419 0.0527524 0.0484571 0.0436207 0.0385049 0.0333512 0.0283669 0.0237175 0.019523 0.0158557 0.0127198 0.00996357 0.00722159 0.0043519 0.00198279 0.000675958 0.000182191 4.12717e-05 8.16624e-06 1.43141e-06 2.20511e-07 2.87816e-08 2.88189e-09 1.58369e-10 0 
0 0.00050508 0.00321029 0.0077194 0.0128727 0.0188537 0.0255422 0.0325832 0.0395743 0.0461124 0.0518266 0.0564081 0.0596314 0.0613685 0.061592 0.0603698 0.0578514 0.0542499 0.0498199 0.0448342 0.0395624 0.0342528 0.0291187 0.0243299 0.0200093 0.0162321 0.0130103 0.0102136 0.00748637 0.00461482 0.00215892 0.00075133 0.000204975 4.67061e-05 9.26354e-06 1.62483e-06 2.50283e-07 3.26558e-08 3.26871e-09 1.79601e-10 0 
0 0.000511608 0.00323478 0.00775111 0.0129201 0.0189278 0.0256462 0.0327177 0.0397375 0.0463005 0.0520342 0.0566283 0.059857 0.061592 0.0618067 0.06057 0.0580326 0.0544091 0.0499556 0.0449462 0.0396518 0.0343214 0.0291688 0.0243641 0.02003 0.0162419 0.0130136 0.0102225 0.00752131 0.00467586 0.00221174 0.000777271 0.000213525 4.8879e-05 9.72625e-06 1.71054e-06 2.64137e-07 3.4551e-08 3.46798e-09 1.91141e-10 0 
0 0.000493864 0.003154 0.00761269 0.0126992 0.0185907 0.0251761 0.0321063 0.0389845 0.0454133 0.0510275 0.055523 0.0586789 0.0603698 0.06057 0.0593476 0.0568512 0.0532918 0.0489209 0.0440076 0.0388174 0.0335944 0.0285479 0.0238442 0.0196034 0.0158985 0.0127405 0.0100034 0.00734363 0.00454807 0.00214493 0.000753604 0.000207494 4.76805e-05 9.53251e-06 1.68534e-06 2.61751e-07 3.44535e-08 3.48165e-09 1.93303e-10 0 
0 0.000454692 0.00297587 0.00731689 0.0122369 0.0178847 0.0241904 0.0308251 0.0374087 0.0435606 0.0489309 0.0532285 0.0562419 0.0578514 0.0580326 0.0568512 0.0544503 0.0510326 0.0468395 0.0421291 0.037156 0.0321542 0.0273242 0.0228252 0.0187719 0.0152331 0.0122128 0.00957128 0.0069698 0.00425409 0.00197786 0.000689695 0.000189869 4.38426e-05 8.83321e-06 1.57651e-06 2.47459e-07 3.29498e-08 3.37095e-09 1.89604e-10 0 
0 0.000398786 0.00271091 0.00687754 0.0115702 0.0168707 0.0227738 0.0289834 0.0351443 0.0408998 0.0459223 0.0499392 0.0527524 0.0542499 0.0544091 0.0532918 0.0510326 0.0478219 0.0438861 0.0394675 0.034805 0.0301181 0.025595 0.021385 0.0175957 0.0142896 0.0114583 0.00894205 0.00641902 0.00382816 0.00174307 0.000602046 0.00016606 3.8713e-05 7.909e-06 1.43494e-06 2.29326e-07 3.1121e-08 3.24685e-09 1.86283e-10 0 
0 0.000332197 0.00237339 0.00630686 0.0107408 0.0156217 0.021028 0.0267129 0.0323523 0.0376197 0.0422149 0.0458879 0.0484571 0.0498199 0.0499556 0.0489209 0.0468395 0.0438861 0.0402685 0.0362093 0.0319277 0.0276255 0.0234757 0.0196159 0.0161452 0.013117 0.0105052 0.00813202 0.00572025 0.00332023 0.00148306 0.000510844 0.000142552 3.39176e-05 7.10429e-06 1.32425e-06 2.17574e-07 3.03462e-08 3.25074e-09 1.91206e-10 0 
0 0.000261688 0.00198323 0.00561412 0.00978598 0.0142149 0.0190628 0.0241551 0.0292063 0.0339235 0.0380376 0.0413244 0.0436207 0.0448342 0.0449462 0.0440076 0.0421291 0.0394675 0.0362093 0.0325542 0.0286992 0.0248257 0.0210897 0.0176159 0.014493 0.0117621 0.00937784 0.00716293 0.00492277 0.00279723 0.00124483 0.00043639 0.00012574 3.10897e-05 6.77483e-06 1.3116e-06 2.23115e-07 3.20942e-08 3.5309e-09 2.12398e-10 0 
0 0.000193881 0.00156739 0.00480877 0.00872918 0.0127223 0.0169868 0.021451 0.0258783 0.0300126 0.0336176 0.0364962 0.0385049 0.0395624 0.0396518 0.0388174 0.037156 0.034805 0.0319277 0.0286992 0.0252922 0.0218662 0.0185587 0.01548 0.0127064 0.0102643 0.00809952 0.0060759 0.00410335 0.00233508 0.00107206 0.000396495 0.000121411 3.17816e-05 7.26914e-06 1.46298e-06 2.5641e-07 3.77082e-08 4.21382e-09 2.56096e-10 0 
0 0.000134281 0.00115913 0.003911 0.00757116 0.0111966 0.0148982 0.0187307 0.0225275 0.026073 0.0291642 0.0316315 0.0333512 0.0342528 0.0343214 0.0335944 0.0321542 0.0301181 0.0276255 0.0248257 0.0218662 0.0188831 0.0159944 0.0132938 0.0108429 0.00865924 0.00671239 0.00495047 0.00335633 0.00199667 0.000995191 0.000404856 0.000134787 3.75116e-05 8.92612e-06 1.83814e-06 3.25819e-07 4.80776e-08 5.36205e-09 3.24078e-10 0 
0 8.64102e-05 0.000793121 0.00296749 0.00629507 0.00965185 0.012871 0.0161052 0.0192915 0.0222654 0.0248581 0.0269268 0.0283669 0.0291187 0.0291688 0.0285479 0.0273242 0.025595 0.0234757 0.0210897 0.0185587 0.0159944 0.013493 0.0111293 0.00895544 0.00700987 0.0053298 0.00393103 0.00277625 0.00180737 0.00101941 0.000468125 0.000170166 4.96654e-05 1.20219e-05 2.47316e-06 4.33803e-07 6.30513e-08 6.91247e-09 4.10405e-10 0 
0 5.13757e-05 0.000496892 0.00205918 0.00490068 0.00804726 0.0109296 0.013653 0.0162783 0.018718 0.0208436 0.0225388 0.0237175 0.0243299 0.0243641 0.0238442 0.0228252 0.021385 0.0196159 0.0176159 0.01548 0.0132938 0.0111293 0.0090486 0.00713152 0.0055075 0.00429074 0.00342062 0.00267167 0.00190366 0.00117358 0.00059233 0.0002309 6.91306e-05 1.66065e-05 3.34002e-06 5.70229e-07 8.06447e-08 8.61323e-09 4.9907e-10 0 
0 2.80958e-05 0.000282721 0.00128283 0.00346309 0.00631496 0.00901468 0.0113899 0.0135528 0.0155203 0.0172245 0.0185813 0.019523 0.0200093 0.02003 0.0196034 0.0187719 0.0175957 0.0161452 0.014493 0.0127064 0.0108429 0.00895544 0.00713152 0.00558368 0.00468035 0.00465471 0.00504218 0.00479433 0.00351772 0.00196795 0.000893096 0.00033364 9.71607e-05 2.23744e-05 4.30207e-06 7.06249e-07 9.65897e-08 1.00177e-08 5.65551e-10 0 
0 1.40896e-05 0.000145387 0.000708202 0.00215342 0.00447122 0.00699583 0.00921715 0.0110927 0.0127005 0.0140546 0.0151204 0.0158557 0.0162321 0.0162419 0.0158985 0.0152331 0.0142896 0.013117 0.0117621 0.0102643 0.00865924 0.00700987 0.0055075 0.00468035 0.00553375 0.00872751 0.0125925 0.0134211 0.00991478 0.00504627 0.00185303 0.000551866 0.000139104 2.88423e-05 5.12183e-06 7.97575e-07 1.05205e-07 1.06071e-08 5.847e-10 0 
0 6.46978e-06 6.74834e-05 0.000344697 0.00115349 0.00272875 0.00483667 0.00694084 0.00872366 0.0101558 0.0112874 0.0121428 0.0127198 0.0130103 0.0130136 0.0127405 0.0122128 0.0114583 0.0105052 0.00937784 0.00809952 0.00671239 0.0053298 0.00429074 0.00465471 0.00872751 0.0181134 0.0288062 0.0317003 0.0234199 0.0116457 0.00394173 0.000975465 0.000200034 3.51456e-05 5.52778e-06 8.02544e-07 1.01996e-07 1.00396e-08 5.43074e-10 0 
0 2.72e-06 2.83191e-05 0.00014827 0.000529304 0.00139277 0.0028073 0.00453375 0.00620754 0.00760686 0.00868312 0.00945941 0.00996357 0.0102136 0.0102225 0.0100034 0.00957128 0.00894205 0.00813202 0.00716293 0.0060759 0.00495047 0.00393103 0.00342062 0.00504218 0.0125925 0.0288062 0.0470539 0.0520244 0.0386278 0.0190755 0.0063191 0.00145194 0.000257622 3.84919e-05 5.27076e-06 7.05764e-07 8.66049e-08 8.3805e-09 4.48074e-10 0 
0 1.04793e-06 1.07813e-05 5.67806e-05 0.000209813 0.000592313 0.00132262 0.00240115 0.00366628 0.0048957 0.00593108 0.00670829 0.00722159 0.00748637 0.00752131 0.00734363 0.0069698 0.00641902 0.00572025 0.00492277 0.00410335 0.00335633 0.00277625 0.00267167 0.00479433 0.0134211 0.0317003 0.0520244 0.0570854 0.043037 0.0211353 0.00695956 0.00156232 0.000258988 3.47276e-05 4.25302e-06 5.31428e-07 6.3604e-08 6.11098e-09 3.25795e-10 0 
0 3.70509e-07 3.73902e-06 1.95354e-05 7.29646e-05 0.000213546 0.000508269 0.00100601 0.00169172 0.00247715 0.0032424 0.00388693 0.0043519 0.00461482 0.00467586 0.00454807 0.00425409 0.00382816 0.00332023 0.00279723 0.00233508 0.00199667 0.00180737 0.00190366 0.00351772 0.00991478 0.0234199 0.0386278 0.043037 0.0317305 0.015662 0.00515593 0.00115508 0.00018758 2.39185e-05 2.77135e-06 3.35919e-07 4.00486e-08 3.86957e-09 2.07706e-10 0 
0 1.20391e-07 1.18576e-06 6.08933e-06 2.26185e-05 6.69069e-05 0.000164064 0.000340913 0.000610439 0.000957592 0.00133902 0.00169795 0.00198279 0.00215892 0.00221174 0.00214493 0.00197786 0.00174307 0.00148306 0.00124483 0.00107206 0.000995191 0.00101941 0.00117358 0.00196795 0.00504627 0.0116457 0.0190755 0.0211353 0.015662 0.00774056 0.0025607 0.000581186 9.50549e-05 1.21085e-05 1.41983e-06 1.76397e-07 2.15402e-08 2.12241e-09 1.15813e-10 0 
0 3.59845e-08 3.44833e-07 1.73068e-06 6.32949e-06 1.86214e-05 4.59658e-05 9.73733e-05 0.000179748 0.000292886 0.000426445 0.000561478 0.000675958 0.00075133 0.000777271 0.000753604 0.000689695 0.000602046 0.000510844 0.00043639 0.000396495 0.000404856 0.000468125 0.00059233 0.000893096 0.00185303 0.00394173 0.0063191 0.00695956 0.00515593 0.0025607 0.00086044 0.000200547 3.37456e-05 4.51883e-06 5.75872e-07 7.73604e-08 9.9176e-09 1.00871e-09 5.644e-11 0 
0 9.89174e-09 9.20709e-08 4.50182e-07 1.6119e-06 4.67336e-06 1.14563e-05 2.42989e-05 4.52536e-05 7.48377e-05 0.000110971 0.00014887 0.000182191 0.000204975 0.000213525 0.000207494 0.000189869 0.00016606 0.000142552 0.00012574 0.000121411 0.000134787 0.000170166 0.0002309 0.00033364 0.000551866 0.000975465 0.00145194 0.00156232 0.00115508 0.000581186 0.000200547 4.8467e-05 8.6678e-06 1.30129e-06 1.92187e-07 2.88345e-08 3.93206e-09 4.16238e-10 2.40477e-11 0 
0 2.49528e-09 2.25449e-08 1.07233e-07 3.74826e-07 1.0658e-06 2.5761e-06 5.41754e-06 1.00574e-05 1.6655e-05 2.48113e-05 3.34987e-05 4.12717e-05 4.67061e-05 4.8879e-05 4.76805e-05 4.38426e-05 3.8713e-05 3.39176e-05 3.10897e-05 3.17816e-05 3.75116e-05 4.96654e-05 6.91306e-05 9.71607e-05 0.000139104 0.000200034 0.000257622 0.000258988 0.00018758 9.50549e-05 3.37456e-05 8.6678e-06 1.74747e-06 3.1466e-07 5.54556e-08 9.29672e-09 1.35006e-09 1.49404e-10 8.95802e-12 0 
0 5.74507e-10 5.03906e-09 2.33071e-08 7.94407e-08 2.21045e-07 5.24945e-07 1.08929e-06 2.0036e-06 3.29965e-06 4.90345e-06 6.61917e-06 8.16624e-06 9.26354e-06 9.72625e-06 9.53251e-06 8.83321e-06 7.909e-06 7.10429e-06 6.77483e-06 7.26914e-06 8.92612e-06 1.20219e-05 1.66065e-05 2.23744e-05 2.88423e-05 3.51456e-05 3.84919e-05 3.47276e-05 2.39185e-05 1.21085e-05 4.51883e-06 1.30129e-06 3.1466e-07 6.93911e-08 1.42398e-08 2.6126e-09 4.02224e-10 4.66265e-11 2.9111e-12 0 
0 1.19398e-10 1.01731e-09 4.57743e-09 1.52123e-08 4.13915e-08 9.64419e-08 1.97032e-07 3.58061e-07 5.84499e-07 8.63488e-07 1.16168e-06 1.43141e-06 1.62483e-06 1.71054e-06 1.68534e-06 1.57651e-06 1.43494e-06 1.32425e-06 1.3116e-06 1.46298e-06 1.83814e-06 2.47316e-06 3.34002e-06 4.30207e-06 5.12183e-06 5.52778e-06 5.27076e-06 4.25302e-06 2.77135e-06 1.41983e-06 5.75872e-07 1.92187e-07 5.54556e-08 1.42398e-08 3.24044e-09 6.37168e-10 1.03538e-10 1.25805e-11 8.19422e-13 0 
0 2.19208e-11 1.81615e-10 7.95658e-10 2.57969e-09 6.86506e-09 1.56891e-08 3.1535e-08 5.65548e-08 9.13796e-08 1.33996e-07 1.79397e-07 2.20511e-07 2.50283e-07 2.64137e-07 2.61751e-07 2.47459e-07 2.29326e-07 2.17574e-07 2.23115e-07 2.5641e-07 3.25819e-07 4.33803e-07 5.70229e-07 7.06249e-07 7.97575e-07 8.02544e-07 7.05764e-07 5.31428e-07 3.35919e-07 1.76397e-07 7.73604e-08 2.88345e-08 9.29672e-09 2.6126e-09 6.37168e-10 1.32647e-10 2.26803e-11 2.88761e-12 1.96338e-13 0 
0 3.40206e-12 2.74419e-11 1.17193e-10 3.71058e-10 9.66463e-10 2.16726e-09 4.28605e-09 7.58398e-09 1.21238e-08 1.76362e-08 2.3484e-08 2.87816e-08 3.26558e-08 3.4551e-08 3.44535e-08 3.29498e-08 3.1121e-08 3.03462e-08 3.20942e-08 3.77082e-08 4.80776e-08 6.30513e-08 8.06447e-08 9.65897e-08 1.05205e-07 1.01996e-07 8.66049e-08 6.3604e-08 4.00486e-08 2.15402e-08 9.9176e-09 3.93206e-09 1.35006e-09 4.02224e-10 1.03538e-10 2.26803e-11 4.06983e-12 5.42312e-13 3.84787e-14 0 
0 4.02463e-13 3.16494e-12 1.31932e-11 4.08426e-11 1.04223e-10 2.29508e-10 4.46812e-10 7.80288e-10 1.23425e-09 1.78106e-09 2.35853e-09 2.88189e-09 3.26871e-09 3.46798e-09 3.48165e-09 3.37095e-09 3.24685e-09 3.25074e-09 3.5309e-09 4.21382e-09 5.36205e-09 6.91247e-09 8.61323e-09 1.00177e-08 1.06071e-08 1.00396e-08 8.3805e-09 6.11098e-09 3.86957e-09 2.12241e-09 1.00871e-09 4.16238e-10 1.49404e-10 4.66265e-11 1.25805e-11 2.88761e-12 5.42312e-13 7.54957e-14 5.58379e-15 0 
0 2.59059e-14 1.98896e-13 8.1044e-13 2.45629e-12 6.14816e-12 1.3308e-11 2.55243e-11 4.40173e-11 6.89204e-11 9.86834e-11 1.29981e-10 1.58369e-10 1.79601e-10 1.91141e-10 1.93303e-10 1.89604e-10 1.86283e-10 1.91206e-10 2.12398e-10 2.56096e-10 3.24078e-10 4.10405e-10 4.9907e-10 5.65551e-10 5.847e-10 5.43074e-10 4.48074e-10 3.25795e-10 2.07706e-10 1.15813e-10 5.644e-11 2.40477e-11 8.95802e-12 2.9111e-12 8.19422e-13 1.96338e-13 3.84787e-14 5.58379e-15 4.29826e-16 0 
0 0 0 0 0 0 0 0 0 0 0 0 0 0 0 0 0 0 0 0 0 0 0 0 0 0 0 0 0 0 0 0 0 0 0 0 0 0 0 0 0 
