0 0 0 0 0 0 0 0 0 0 0 0 0 0 0 0 0 0 0 0 0 0 0 0 0 0 0 0 0 0 0 0 0 0 0 0 0 0 0 0 0 
0 1.41477e-07 1.2182e-06 5.01506e-06 1.36726e-05 2.77307e-05 4.51468e-05 6.2733e-05 7.80912e-05 9.02315e-05 9.91587e-05 0.000105294 0.000109108 0.000110977 0.000111148 0.00010976 0.000106859 0.000102415 9.6353e-05 8.8593e-05 7.91304e-05 6.81322e-05 5.60272e-05 4.35368e-05 3.15987e-05 2.11659e-05 1.29368e-05 7.14639e-06 3.54363e-06 1.57159e-06 6.22919e-07 2.20898e-07 7.01895e-08 1.9991e-08 5.0904e-09 1.14938e-09 2.25831e-10 3.70395e-11 4.58296e-12 3.05962e-13 0 
0 1.2182e-06 1.04773e-05 4.03458e-05 9.54124e-05 0.000159119 0.000210469 0.000243676 0.000264184 0.000278286 0.000289283 0.000298037 0.000304305 0.000307639 0.00030781 0.000304936 0.000299468 0.000292073 0.000283434 0.000273972 0.000263481 0.000250821 0.000233878 0.000210142 0.000178101 0.000138989 9.7534e-05 6.03442e-05 3.25012e-05 1.51718e-05 6.15571e-06 2.18635e-06 6.85226e-07 1.90637e-07 4.71559e-08 1.03162e-08 1.96242e-09 3.11773e-10 3.74129e-11 2.4264e-12 0 
0 5.01506e-06 4.03458e-05 0.00013055 0.000239122 0.000311623 0.000351435 0.000383408 0.000418329 0.000455437 0.000490682 0.000520322 0.000541744 0.000553466 0.00055501 0.000546779 0.000529926 0.000506231 0.000477971 0.000447799 0.000418557 0.000392883 0.000372342 0.000355951 0.000338582 0.000310989 0.000264162 0.000197953 0.000125859 6.64754e-05 2.91391e-05 1.07446e-05 3.39578e-06 9.35043e-07 2.26465e-07 4.82427e-08 8.91612e-09 1.37581e-09 1.60482e-10 1.01317e-11 0 
0 1.36726e-05 9.54124e-05 0.000239122 0.000342359 0.000401243 0.000462945 0.000538799 0.000621183 0.000701401 0.000772885 0.000830847 0.00087198 0.000894402 0.000897625 0.000882457 0.000850838 0.0008056 0.000750208 0.000688506 0.00062454 0.000562509 0.000506799 0.00046176 0.000430323 0.000410467 0.000390566 0.000349882 0.000273649 0.000174986 8.8569e-05 3.56678e-05 1.17507e-05 3.26736e-06 7.84223e-07 1.63914e-07 2.95864e-08 4.45149e-09 5.0634e-10 3.1203e-11 0 
0 2.77307e-05 0.000159119 0.000311623 0.000401243 0.000492876 0.000611011 0.000743905 0.000878996 0.00100663 0.00111888 0.00120935 0.00127338 0.0013083 0.00131344 0.00129006 0.00124109 0.00117078 0.00108427 0.000987106 0.00088491 0.000783035 0.000686508 0.00060023 0.000529409 0.000479124 0.000450476 0.000431895 0.000393656 0.000307475 0.000188205 8.71457e-05 3.1126e-05 8.96187e-06 2.16411e-06 4.47994e-07 7.94732e-08 1.17138e-08 1.30417e-09 7.86995e-11 0 
0 4.51468e-05 0.000210469 0.000351435 0.000462945 0.000611011 0.000788877 0.00097986 0.00117084 0.00135017 0.00150745 0.00163404 0.00172367 0.00177266 0.00177993 0.00174716 0.00167864 0.0015803 0.00145916 0.00132282 0.00117887 0.00103443 0.00089579 0.000768352 0.000657005 0.000566968 0.000504071 0.000470317 0.000450933 0.000405183 0.000298933 0.000164126 6.58415e-05 2.01488e-05 4.97601e-06 1.0306e-06 1.80905e-07 2.62519e-08 2.87232e-09 1.70304e-10 0 
0 6.2733e-05 0.000243676 0.000383408 0.000538799 0.000743905 0.00097986 0.00122989 0.00147888 0.00171229 0.00191714 0.00208552 0.00221833 0.00230409 0.00231904 0.00226015 0.00214995 0.00201293 0.00185378 0.00167615 0.00148851 0.00129979 0.00111788 0.000949268 0.000799119 0.000671881 0.000572626 0.000507418 0.000476138 0.000453418 0.000384627 0.000249745 0.000114846 3.81648e-05 9.78616e-06 2.0476e-06 3.57969e-07 5.13927e-08 5.54783e-09 3.24293e-10 0 
0 7.80912e-05 0.000264184 0.000418329 0.000621183 0.000878996 0.00117084 0.00147888 0.00178524 0.00207314 0.00234288 0.00262942 0.00286027 0.00297586 0.00299395 0.00292398 0.00275361 0.00250099 0.00225345 0.00202719 0.00179573 0.00156321 0.00133869 0.00112989 0.000942658 0.000781318 0.00064973 0.000553159 0.000497133 0.00047304 0.000434395 0.000323778 0.00017073 6.2348e-05 1.67857e-05 3.57629e-06 6.262e-07 8.93308e-08 9.5489e-09 5.5204e-10 0 
0 9.02315e-05 0.000278286 0.000455437 0.000701401 0.00100663 0.00135017 0.00171229 0.00207314 0.00243711 0.00286691 0.00315887 0.00329473 0.00335541 0.00336483 0.0033275 0.00323477 0.00305244 0.00271867 0.00236724 0.00208327 0.00180925 0.00154502 0.00129891 0.00107754 0.000885438 0.000725842 0.000602493 0.000521358 0.000483332 0.000457937 0.00037636 0.000223872 8.98771e-05 2.55404e-05 5.56902e-06 9.80709e-07 1.39506e-07 1.4813e-08 8.49385e-10 0 
0 9.91587e-05 0.000289283 0.000490682 0.000772885 0.00111888 0.00150745 0.00191714 0.00234288 0.00286691 0.00323385 0.00340486 0.0034964 0.00354018 0.00354701 0.00351936 0.00345356 0.00333653 0.00313135 0.00274447 0.00234299 0.00202412 0.00172493 0.00144636 0.00119539 0.000976862 0.000793763 0.000648728 0.000546581 0.000492038 0.000467732 0.000408634 0.00026738 0.000116871 3.50122e-05 7.82582e-06 1.3893e-06 1.97568e-07 2.08915e-08 1.19109e-09 0 
0 0.000105294 0.000298037 0.000520322 0.000830847 0.00120935 0.00163404 0.00208552 0.00262942 0.00315887 0.00340486 0.00353676 0.00361197 0.00364891 0.0036546 0.00363088 0.00357553 0.00348082 0.00332693 0.00305454 0.00259314 0.00219845 0.00186855 0.00156399 0.00128943 0.00104994 0.000848412 0.000686818 0.000568779 0.000500006 0.000471433 0.000426227 0.000298682 0.000139818 4.38503e-05 1.00288e-05 1.79572e-06 2.55677e-07 2.69765e-08 1.53237e-09 0 
0 0.000109108 0.000304305 0.000541744 0.00087198 0.00127338 0.00172367 0.00221833 0.00286027 0.00329473 0.0034964 0.00361197 0.00367971 0.00371331 0.00371838 0.00369644 0.00364584 0.0035608 0.0034273 0.00320784 0.00279904 0.00232893 0.00196878 0.00164578 0.00135474 0.00110064 0.000886353 0.000713461 0.000584732 0.00050584 0.000472274 0.000434417 0.000318196 0.000156384 5.0771e-05 1.18253e-05 2.13325e-06 3.04289e-07 3.20788e-08 1.81853e-09 0 
0 0.000110977 0.000307639 0.000553466 0.000894402 0.0013083 0.00177266 0.00230409 0.00297586 0.00335541 0.00354018 0.00364891 0.00371331 0.00374534 0.00375001 0.00372871 0.00368001 0.00359888 0.00347341 0.00327325 0.00290642 0.00240619 0.00202143 0.00168828 0.00138848 0.00112664 0.000905616 0.000726791 0.000592458 0.000508058 0.000471175 0.00043661 0.000327416 0.00016546 5.4846e-05 1.29226e-05 2.34325e-06 3.34824e-07 3.5301e-08 1.99987e-09 0 
0 0.000111148 0.00030781 0.00055501 0.000897625 0.00131344 0.00177993 0.00231904 0.00299395 0.00336483 0.00354701 0.0036546 0.00371838 0.00375001 0.0037544 0.00373293 0.00368419 0.00360325 0.0034785 0.00328056 0.00291975 0.00241472 0.00202504 0.00169065 0.00138991 0.00112728 0.000905587 0.000726133 0.000591083 0.000505764 0.000468185 0.000434461 0.000327668 0.000166818 5.56346e-05 1.31594e-05 2.39146e-06 3.42137e-07 3.60986e-08 2.04604e-09 0 
0 0.00010976 0.000304936 0.000546779 0.000882457 0.00129006 0.00174716 0.00226015 0.00292398 0.0033275 0.00351936 0.00363088 0.00369644 0.00372871 0.00373293 0.00371053 0.00365998 0.00357587 0.00344535 0.00323497 0.00284555 0.0023535 0.00198156 0.00165458 0.00136031 0.00110348 0.000886857 0.00071179 0.000580618 0.000498703 0.000463069 0.00042827 0.000319604 0.000160786 5.31905e-05 1.25355e-05 2.27632e-06 3.2588e-07 3.44279e-08 1.95436e-09 0 
0 0.000106859 0.000299468 0.000529926 0.000850838 0.00124109 0.00167864 0.00214995 0.00275361 0.00323477 0.00345356 0.00357553 0.00364584 0.00368001 0.00368419 0.00365998 0.00360545 0.00351399 0.00336916 0.00312508 0.00267949 0.00223948 0.00189624 0.00158386 0.00130263 0.00105743 0.000850979 0.000684802 0.000561686 0.000487027 0.000455304 0.000417174 0.000303205 0.000148107 4.80014e-05 1.11996e-05 2.02728e-06 2.90327e-07 3.07321e-08 1.74918e-09 0 
0 0.000102415 0.000292073 0.000506231 0.0008056 0.00117078 0.0015803 0.00201293 0.00250099 0.00305244 0.00333653 0.00348082 0.0035608 0.00359888 0.00360325 0.00357587 0.00351399 0.00340816 0.00323307 0.00291078 0.00244983 0.00209156 0.00177609 0.00148393 0.00122104 0.00099221 0.000800128 0.000646625 0.000535176 0.000470827 0.000443598 0.000399118 0.000278113 0.000129981 4.0891e-05 9.40502e-06 1.69489e-06 2.42875e-07 2.5785e-08 1.47339e-09 0 
0 9.6353e-05 0.000283434 0.000477971 0.000750208 0.00108427 0.00145916 0.00185378 0.00225345 0.00271867 0.00313135 0.00332693 0.0034273 0.00347341 0.0034785 0.00344535 0.00336916 0.00323307 0.0029857 0.00257554 0.00222032 0.00191714 0.001629 0.00136118 0.00112046 0.000911389 0.000736699 0.000598723 0.000501687 0.000449263 0.000425009 0.000370905 0.000244308 0.000108186 3.28876e-05 7.4477e-06 1.33678e-06 1.91898e-07 2.04629e-08 1.17573e-09 0 
0 8.8593e-05 0.000273972 0.000447799 0.000688506 0.000987106 0.00132282 0.00167615 0.00202719 0.00236724 0.00274447 0.00305454 0.00320784 0.00327325 0.00328056 0.00323497 0.00312508 0.00291078 0.00257554 0.00226561 0.00199184 0.00172268 0.00146344 0.00122241 0.001006 0.000818516 0.000662847 0.000541999 0.000460541 0.000419063 0.000393966 0.00032896 0.000203116 8.5112e-05 2.50558e-05 5.60232e-06 1.00405e-06 1.44705e-07 1.55288e-08 8.98726e-10 0 
0 7.91304e-05 0.000263481 0.000418557 0.00062454 0.00088491 0.00117887 0.00148851 0.00179573 0.00208327 0.00234299 0.00259314 0.00279904 0.00290642 0.00291975 0.00284555 0.00267949 0.00244983 0.00222032 0.00199184 0.00175506 0.00151731 0.00128782 0.00107429 0.000882547 0.000716733 0.000580013 0.000475894 0.000408062 0.000372741 0.000342678 0.000271778 0.000158234 6.35157e-05 1.83072e-05 4.07133e-06 7.31849e-07 1.0619e-07 1.14894e-08 6.70634e-10 0 
0 6.81322e-05 0.000250821 0.000392883 0.000562509 0.000783035 0.00103443 0.00129979 0.00156321 0.00180925 0.00202412 0.00219845 0.00232893 0.00240619 0.00241472 0.0023535 0.00223948 0.00209156 0.00191714 0.00172268 0.00151731 0.00131033 0.00110994 0.00092289 0.00075443 0.000608553 0.000488562 0.000397467 0.000336662 0.000300446 0.000266796 0.000204128 0.00011579 4.59319e-05 1.32298e-05 2.9576e-06 5.35698e-07 7.83695e-08 8.54804e-09 5.02755e-10 0 
0 5.60272e-05 0.000233878 0.000372342 0.000506799 0.000686508 0.00089579 0.00111788 0.00133869 0.00154502 0.00172493 0.00186855 0.00196878 0.00202143 0.00202504 0.00198156 0.00189624 0.00177609 0.001629 0.00146344 0.00128782 0.00110994 0.000936619 0.000773576 0.000625552 0.000496618 0.000389988 0.000307019 0.000247058 0.00020757 0.000178611 0.000138971 8.21493e-05 3.38385e-05 9.98792e-06 2.26349e-06 4.13034e-07 6.06917e-08 6.63953e-09 3.91356e-10 0 
0 4.35368e-05 0.000210142 0.000355951 0.00046176 0.00060023 0.000768352 0.000949268 0.00112989 0.00129891 0.00144636 0.00156399 0.00164578 0.00168828 0.00169065 0.00165458 0.00158386 0.00148393 0.00136118 0.00122241 0.00107429 0.00092289 0.000773576 0.000631163 0.000500973 0.000390222 0.000305717 0.000244968 0.00019488 0.000148973 0.000114683 9.06221e-05 5.97408e-05 2.69672e-05 8.32062e-06 1.90974e-06 3.47903e-07 5.07815e-08 5.51219e-09 3.22436e-10 0 
0 3.15987e-05 0.000178101 0.000338582 0.000430323 0.000529409 0.000657005 0.000799119 0.000942658 0.00107754 0.00119539 0.00128943 0.00135474 0.00138848 0.00138991 0.00136031 0.00130263 0.00122104 0.00112046 0.001006 0.000882547 0.00075443 0.000625552 0.000500973 0.000392859 0.000327162 0.000323596 0.000350055 0.000332827 0.000244565 0.000139514 7.52488e-05 4.67443e-05 2.34291e-05 7.64407e-06 1.76429e-06 3.16708e-07 4.53337e-08 4.82833e-09 2.77653e-10 0 
0 2.11659e-05 0.000138989 0.000310989 0.000410467 0.000479124 0.000566968 0.000671881 0.000781318 0.000885438 0.000976862 0.00104994 0.00110064 0.00112664 0.00112728 0.00110348 0.00105743 0.00099221 0.000911389 0.000818516 0.000716733 0.000608553 0.000496618 0.000390222 0.000327162 0.000384156 0.000605614 0.00104103 0.00125706 0.000701873 0.000350198 0.000129883 4.73733e-05 2.14925e-05 7.28775e-06 1.679e-06 2.94473e-07 4.10457e-08 4.26646e-09 2.40194e-10 0 
0 1.29368e-05 9.7534e-05 0.000264162 0.000390566 0.000450476 0.000504071 0.000572626 0.00064973 0.000725842 0.000793763 0.000848412 0.000886353 0.000905616 0.000905587 0.000886857 0.000850979 0.000800128 0.000736699 0.000662847 0.000580013 0.000488562 0.000389988 0.000305717 0.000323596 0.000605614 0.00148938 0.00229331 0.00235215 0.00206669 0.000821156 0.000273574 7.01401e-05 2.13477e-05 6.80395e-06 1.53612e-06 2.62022e-07 3.55642e-08 3.61323e-09 1.99521e-10 0 
0 7.14639e-06 6.03442e-05 0.000197953 0.000349882 0.000431895 0.000470317 0.000507418 0.000553159 0.000602493 0.000648728 0.000686818 0.000713461 0.000726791 0.000726133 0.00071179 0.000684802 0.000646625 0.000598723 0.000541999 0.000475894 0.000397467 0.000307019 0.000244968 0.000350055 0.00104103 0.00229331 0.00252095 0.00254707 0.00242624 0.00179139 0.000439082 0.000101471 2.24297e-05 6.01167e-06 1.28541e-06 2.12321e-07 2.81886e-08 2.81692e-09 1.53497e-10 0 
0 3.54363e-06 3.25012e-05 0.000125859 0.000273649 0.000393656 0.000450933 0.000476138 0.000497133 0.000521358 0.000546581 0.000568779 0.000584732 0.000592458 0.000591083 0.000580618 0.000561686 0.000535176 0.000501687 0.000460541 0.000408062 0.000336662 0.000247058 0.00019488 0.000332827 0.00125706 0.00235215 0.00254707 0.00257371 0.00247765 0.00206269 0.000499053 0.000108832 2.11053e-05 4.79399e-06 9.48295e-07 1.51597e-07 1.98441e-08 1.96854e-09 1.06744e-10 0 
0 1.57159e-06 1.51718e-05 6.64754e-05 0.000174986 0.000307475 0.000405183 0.000453418 0.00047304 0.000483332 0.000492038 0.000500006 0.00050584 0.000508058 0.000505764 0.000498703 0.000487027 0.000470827 0.000449263 0.000419063 0.000372741 0.000300446 0.00020757 0.000148973 0.000244565 0.000701873 0.00206669 0.00242624 0.00247765 0.00231859 0.00131497 0.00035778 8.0732e-05 1.55361e-05 3.22974e-06 5.97022e-07 9.3344e-08 1.21915e-08 1.21366e-09 6.6111e-11 0 
0 6.22919e-07 6.15571e-06 2.91391e-05 8.8569e-05 0.000188205 0.000298933 0.000384627 0.000434395 0.000457937 0.000467732 0.000471433 0.000472274 0.000471175 0.000468185 0.000463069 0.000455304 0.000443598 0.000425009 0.000393966 0.000342678 0.000266796 0.000178611 0.000114683 0.000139514 0.000350198 0.000821156 0.00179139 0.00206269 0.00131497 0.000537125 0.000177763 4.15059e-05 8.61619e-06 1.74884e-06 3.13219e-07 4.89762e-08 6.47871e-09 6.54639e-10 3.61626e-11 0 
0 2.20898e-07 2.18635e-06 1.07446e-05 3.56678e-05 8.71457e-05 0.000164126 0.000249745 0.000323778 0.00037636 0.000408634 0.000426227 0.000434417 0.00043661 0.000434461 0.00042827 0.000417174 0.000399118 0.000370905 0.00032896 0.000271778 0.000204128 0.000138971 9.06221e-05 7.52488e-05 0.000129883 0.000273574 0.000439082 0.000499053 0.00035778 0.000177763 6.04087e-05 1.56983e-05 3.64398e-06 7.50134e-07 1.36097e-07 2.18458e-08 2.97073e-09 3.07904e-10 1.73983e-11 0 
0 7.01895e-08 6.85226e-07 3.39578e-06 1.17507e-05 3.1126e-05 6.58415e-05 0.000114846 0.00017073 0.000223872 0.00026738 0.000298682 0.000318196 0.000327416 0.000327668 0.000319604 0.000303205 0.000278113 0.000244308 0.000203116 0.000158234 0.00011579 8.21493e-05 5.97408e-05 4.67443e-05 4.73733e-05 7.01401e-05 0.000101471 0.000108832 8.0732e-05 4.15059e-05 1.56983e-05 4.77131e-06 1.20519e-06 2.59734e-07 4.95404e-08 8.32672e-09 1.1773e-09 1.26229e-10 7.34896e-12 0 
0 1.9991e-08 1.90637e-07 9.35043e-07 3.26736e-06 8.96187e-06 2.01488e-05 3.81648e-05 6.2348e-05 8.98771e-05 0.000116871 0.000139818 0.000156384 0.00016546 0.000166818 0.000160786 0.000148107 0.000129981 0.000108186 8.5112e-05 6.35157e-05 4.59319e-05 3.38385e-05 2.69672e-05 2.34291e-05 2.14925e-05 2.13477e-05 2.24297e-05 2.11053e-05 1.55361e-05 8.61619e-06 3.64398e-06 1.20519e-06 3.25146e-07 7.53596e-08 1.53869e-08 2.73261e-09 4.04397e-10 4.51233e-11 2.72162e-12 0 
0 5.0904e-09 4.71559e-08 2.26465e-07 7.84223e-07 2.16411e-06 4.97601e-06 9.78616e-06 1.67857e-05 2.55404e-05 3.50122e-05 4.38503e-05 5.0771e-05 5.4846e-05 5.56346e-05 5.31905e-05 4.80014e-05 4.0891e-05 3.28876e-05 2.50558e-05 1.83072e-05 1.32298e-05 9.98792e-06 8.32062e-06 7.64407e-06 7.28775e-06 6.80395e-06 6.01167e-06 4.79399e-06 3.22974e-06 1.74884e-06 7.50134e-07 2.59734e-07 7.53596e-08 1.8898e-08 4.12992e-09 7.75759e-10 1.20526e-10 1.40472e-11 8.81054e-13 0 
0 1.14938e-09 1.03162e-08 4.82427e-08 1.63914e-07 4.47994e-07 1.0306e-06 2.0476e-06 3.57629e-06 5.56902e-06 7.82582e-06 1.00288e-05 1.18253e-05 1.29226e-05 1.31594e-05 1.25355e-05 1.11996e-05 9.40502e-06 7.4477e-06 5.60232e-06 4.07133e-06 2.9576e-06 2.26349e-06 1.90974e-06 1.76429e-06 1.679e-06 1.53612e-06 1.28541e-06 9.48295e-07 5.97022e-07 3.13219e-07 1.36097e-07 4.95404e-08 1.53869e-08 4.12992e-09 9.58932e-10 1.90141e-10 3.10382e-11 3.78511e-12 2.47406e-13 0 
0 2.25831e-10 1.96242e-09 8.91612e-09 2.95864e-08 7.94732e-08 1.80905e-07 3.57969e-07 6.262e-07 9.80709e-07 1.3893e-06 1.79572e-06 2.13325e-06 2.34325e-06 2.39146e-06 2.27632e-06 2.02728e-06 1.69489e-06 1.33678e-06 1.00405e-06 7.31849e-07 5.35698e-07 4.13034e-07 3.47903e-07 3.16708e-07 2.94473e-07 2.62022e-07 2.12321e-07 1.51597e-07 9.3344e-08 4.89762e-08 2.18458e-08 8.32672e-09 2.73261e-09 7.75759e-10 1.90141e-10 3.96985e-11 6.80411e-12 8.68415e-13 5.92011e-14 0 
0 3.70395e-11 3.11773e-10 1.37581e-09 4.45149e-09 1.17138e-08 2.62519e-08 5.13927e-08 8.93308e-08 1.39506e-07 1.97568e-07 2.55677e-07 3.04289e-07 3.34824e-07 3.42137e-07 3.2588e-07 2.90327e-07 2.42875e-07 1.91898e-07 1.44705e-07 1.0619e-07 7.83695e-08 6.06917e-08 5.07815e-08 4.53337e-08 4.10457e-08 3.55642e-08 2.81886e-08 1.98441e-08 1.21915e-08 6.47871e-09 2.97073e-09 1.1773e-09 4.04397e-10 1.20526e-10 3.10382e-11 6.80411e-12 1.22237e-12 1.63134e-13 1.15963e-14 0 
0 4.58296e-12 3.74129e-11 1.60482e-10 5.0634e-10 1.30417e-09 2.87232e-09 5.54783e-09 9.5489e-09 1.4813e-08 2.08915e-08 2.69765e-08 3.20788e-08 3.5301e-08 3.60986e-08 3.44279e-08 3.07321e-08 2.5785e-08 2.04629e-08 1.55288e-08 1.14894e-08 8.54804e-09 6.63953e-09 5.51219e-09 4.82833e-09 4.26646e-09 3.61323e-09 2.81692e-09 1.96854e-09 1.21366e-09 6.54639e-10 3.07904e-10 1.26229e-10 4.51233e-11 1.40472e-11 3.78511e-12 8.68415e-13 1.63134e-13 2.27275e-14 1.68294e-15 0 
0 3.05962e-13 2.4264e-12 1.01317e-11 3.1203e-11 7.86995e-11 1.70304e-10 3.24293e-10 5.5204e-10 8.49385e-10 1.19109e-09 1.53237e-09 1.81853e-09 1.99987e-09 2.04604e-09 1.95436e-09 1.74918e-09 1.47339e-09 1.17573e-09 8.98726e-10 6.70634e-10 5.02755e-10 3.91356e-10 3.22436e-10 2.77653e-10 2.40194e-10 1.99521e-10 1.53497e-10 1.06744e-10 6.6111e-11 3.61626e-11 1.73983e-11 7.34896e-12 2.72162e-12 8.81054e-13 2.47406e-13 5.92011e-14 1.15963e-14 1.68294e-15 1.29623e-16 0 
0 0 0 0 0 0 0 0 0 0 0 0 0 0 0 0 0 0 0 0 0 0 0 0 0 0 0 0 0 0 0 0 0 0 0 0 0 0 0 0 0 
