0 0 0 0 0 0 0 0 0 0 0 0 0 0 0 0 0 0 0 0 0 0 0 0 0 0 0 0 0 0 0 0 0 0 0 0 0 0 0 0 0 
0 1.25247e-07 1.07382e-06 4.38323e-06 1.18018e-05 2.35814e-05 3.78052e-05 5.17887e-05 6.36847e-05 7.28592e-05 7.94566e-05 8.39032e-05 8.66216e-05 8.7929e-05 8.80262e-05 8.70168e-05 8.49251e-05 8.17101e-05 7.72827e-05 7.15405e-05 6.44271e-05 5.60138e-05 4.65803e-05 3.6656e-05 2.69777e-05 1.83427e-05 1.13867e-05 6.38873e-06 3.21575e-06 1.44609e-06 5.80314e-07 2.08007e-07 6.66948e-08 1.91388e-08 4.90341e-09 1.11266e-09 2.19485e-10 3.61122e-11 4.47938e-12 2.99635e-13 0 
0 1.07382e-06 9.17014e-06 3.47969e-05 8.05356e-05 0.000131054 0.000169401 0.000192496 0.000205882 0.000214921 0.00022216 0.000228122 0.000232489 0.00023483 0.000234919 0.000232832 0.000228923 0.000223734 0.000217843 0.00021164 0.000205028 0.000197133 0.000186204 0.000169979 0.000146754 0.000116912 8.38571e-05 5.30376e-05 2.91709e-05 1.38764e-05 5.72164e-06 2.05924e-06 6.52234e-07 1.82963e-07 4.5548e-08 1.00136e-08 1.91205e-09 3.04645e-10 3.66378e-11 2.38012e-12 0 
0 4.38323e-06 3.47969e-05 0.000109735 0.000194434 0.000245816 0.000271563 0.000293089 0.000318319 0.000345959 0.0003725 0.000394911 0.000411134 0.000420016 0.000421186 0.000414946 0.000402176 0.000384236 0.000362879 0.000340172 0.000318386 0.000299724 0.000285683 0.000275863 0.000266507 0.000250052 0.000218035 0.000168232 0.000110182 5.98112e-05 2.6833e-05 1.00768e-05 3.22876e-06 8.98004e-07 2.19072e-07 4.69116e-08 8.70275e-09 1.34653e-09 1.57378e-10 9.95004e-12 0 
0 1.18018e-05 8.05356e-05 0.000194434 0.000268277 0.000307596 0.000352103 0.000409022 0.000471396 0.000532239 0.000586477 0.000630458 0.00066167 0.000678684 0.000681129 0.00066962 0.000645627 0.000611301 0.00056927 0.000522455 0.000473937 0.00042694 0.000384911 0.000351449 0.000329376 0.000317987 0.000308889 0.000284914 0.000230794 0.000153056 8.00614e-05 3.31016e-05 1.11168e-05 3.13233e-06 7.58546e-07 1.59497e-07 2.8905e-08 4.36083e-09 4.96952e-10 3.06642e-11 0 
0 2.35814e-05 0.000131054 0.000245816 0.000307596 0.000374548 0.000463705 0.00056449 0.000666994 0.000763845 0.000849021 0.000917668 0.00096626 0.000992757 0.000996655 0.00097891 0.000941752 0.000888403 0.000822755 0.000749029 0.000671481 0.00059418 0.000520947 0.000455554 0.000402156 0.000365203 0.000346724 0.000339229 0.000319229 0.000259551 0.000165609 7.94938e-05 2.91674e-05 8.55196e-06 2.08928e-06 4.35676e-07 7.76445e-08 1.14778e-08 1.28029e-09 7.73544e-11 0 
0 3.78052e-05 0.000169401 0.000271563 0.000352103 0.000463705 0.000598613 0.00074353 0.000888447 0.00102453 0.00114387 0.00123994 0.00130799 0.00134528 0.00135084 0.00132587 0.0012738 0.00119916 0.00110723 0.00100377 0.000894544 0.000784942 0.000679737 0.00058304 0.000498586 0.000430505 0.000383852 0.000361672 0.000354624 0.000330461 0.000255048 0.000146384 6.0855e-05 1.90853e-05 4.78635e-06 1.00052e-06 1.76596e-07 2.57117e-08 2.8189e-09 1.67349e-10 0 
0 5.17887e-05 0.000192496 0.000293089 0.000409022 0.00056449 0.00074353 0.000933254 0.00112219 0.00129931 0.00145492 0.00158525 0.00169599 0.00177085 0.0017843 0.00173339 0.00163866 0.00152845 0.00140674 0.00127189 0.0011295 0.000986296 0.000848261 0.000720317 0.000606385 0.000509871 0.000434828 0.000386708 0.000367483 0.00035991 0.000318695 0.000217326 0.00010439 3.58019e-05 9.36454e-06 1.98239e-06 3.48902e-07 5.02853e-08 5.44062e-09 3.18462e-10 0 
0 6.36847e-05 0.000205882 0.000318319 0.000471396 0.000666994 0.000888447 0.00112219 0.00135467 0.00157359 0.00178988 0.00203278 0.00220837 0.00228773 0.00229996 0.00225322 0.00213132 0.001927 0.00171513 0.00153849 0.00136263 0.00118618 0.00101581 0.000857373 0.000715301 0.000592879 0.000493091 0.000420295 0.000380081 0.000368692 0.000351391 0.000275227 0.000152463 5.78461e-05 1.59632e-05 3.45044e-06 6.09078e-07 8.72839e-08 9.35431e-09 5.41618e-10 0 
0 7.28592e-05 0.000214921 0.000345959 0.000532239 0.000763845 0.00102453 0.00129931 0.00157359 0.00186677 0.00221464 0.0024077 0.0024973 0.00253813 0.0025446 0.00251956 0.0024578 0.00233941 0.00210244 0.00180436 0.00158109 0.00137289 0.00117238 0.000985633 0.000817651 0.000671883 0.000550794 0.000457366 0.000396939 0.000372605 0.000363927 0.000313611 0.000196595 8.24562e-05 2.4129e-05 5.35265e-06 9.51655e-07 1.36087e-07 1.44926e-08 8.32443e-10 0 
0 7.94566e-05 0.00022216 0.0003725 0.000586477 0.000849021 0.00114387 0.00145492 0.00178988 0.00221464 0.00245658 0.00257144 0.00263385 0.00266399 0.00266879 0.0026499 0.002605 0.00252588 0.00238953 0.00211955 0.00178378 0.00153609 0.0013089 0.00109752 0.000907078 0.000741255 0.000602322 0.000492334 0.000415416 0.000377003 0.000367242 0.000335258 0.000231443 0.000106119 3.2868e-05 7.49346e-06 1.34492e-06 1.92399e-07 2.04121e-08 1.16598e-09 0 
0 8.39032e-05 0.000228122 0.000394911 0.000630458 0.000917668 0.00123994 0.00158525 0.00203278 0.0024077 0.00257144 0.00266153 0.00271349 0.00273919 0.00274325 0.00272691 0.00268873 0.00262371 0.00251928 0.00233863 0.00199382 0.00167 0.00141791 0.00118678 0.000978437 0.000796705 0.000643787 0.000521198 0.000431971 0.000381857 0.000367293 0.000345809 0.000255642 0.000125866 4.09383e-05 9.57048e-06 1.73454e-06 2.48586e-07 2.6323e-08 1.49835e-09 0 
0 8.66216e-05 0.000232489 0.000411134 0.00066167 0.00096626 0.00130799 0.00169599 0.00220837 0.0024973 0.00263385 0.00271349 0.00276057 0.00278406 0.0027877 0.00277254 0.00273747 0.00267872 0.00258722 0.00243922 0.00215681 0.00177511 0.00149409 0.00124884 0.001028 0.00083518 0.000672577 0.000541401 0.000443948 0.000385665 0.000366263 0.000349898 0.000270213 0.00013989 4.71985e-05 1.12543e-05 2.05676e-06 2.95435e-07 3.12648e-08 1.77628e-09 0 
0 8.7929e-05 0.00023483 0.000420016 0.000678684 0.000992757 0.00134528 0.00177085 0.00228773 0.00253813 0.00266399 0.00273919 0.00278406 0.00280651 0.00280987 0.00279512 0.00276131 0.00270511 0.00261876 0.00248283 0.00223462 0.00184025 0.00153428 0.00128109 0.00105359 0.000854908 0.000687193 0.000551511 0.000449757 0.000387062 0.000364573 0.000350292 0.000276803 0.000147444 5.0848e-05 1.22756e-05 2.2561e-06 3.24712e-07 3.43704e-08 1.95156e-09 0 
0 8.80262e-05 0.000234919 0.000421186 0.000681129 0.000996655 0.00135084 0.0017843 0.00229996 0.0025446 0.00266879 0.00274325 0.0027877 0.00280987 0.00281304 0.00279816 0.00276431 0.00270822 0.00262231 0.00248772 0.00224412 0.00184822 0.00153709 0.00128289 0.00105468 0.000855398 0.000687171 0.00055101 0.000448703 0.000385256 0.000362076 0.000348233 0.000276668 0.000148465 5.15206e-05 1.24881e-05 2.30041e-06 3.31513e-07 3.51166e-08 1.99488e-09 0 
0 8.70168e-05 0.000232832 0.000414946 0.00066962 0.00097891 0.00132587 0.00173339 0.00225322 0.00251956 0.0026499 0.00272691 0.00277254 0.00279512 0.00279816 0.00278265 0.00274757 0.00268936 0.00259967 0.00245718 0.00219188 0.0017975 0.0015039 0.00125552 0.00103222 0.000837338 0.000672959 0.000540129 0.000440785 0.000380017 0.00035851 0.000343869 0.000270327 0.000143254 4.92738e-05 1.18935e-05 2.18849e-06 3.15537e-07 3.34639e-08 1.90378e-09 0 
0 8.49251e-05 0.000228923 0.000402176 0.000645627 0.000941752 0.0012738 0.00163866 0.00213132 0.0024578 0.002605 0.00268873 0.00273747 0.00276131 0.00276431 0.00274757 0.00270982 0.00264675 0.00254782 0.00238426 0.00206691 0.00170387 0.00143898 0.00120186 0.000988449 0.000802389 0.000645734 0.000519657 0.000426486 0.00037148 0.000353466 0.000336407 0.000257589 0.000132367 4.45323e-05 1.0629e-05 1.94828e-06 2.80893e-07 2.98415e-08 1.70193e-09 0 
0 8.17101e-05 0.000223734 0.000384236 0.000611301 0.000888403 0.00119916 0.00152845 0.001927 0.00233941 0.00252588 0.00262371 0.00267872 0.00270511 0.00270822 0.00268936 0.00264675 0.0025743 0.00245603 0.00224189 0.00187698 0.00158785 0.00134773 0.00112602 0.000926539 0.000752902 0.000607149 0.000490704 0.000406505 0.000359774 0.000345963 0.000324025 0.000237831 0.000116685 3.80117e-05 8.92825e-06 1.62765e-06 2.3468e-07 2.49969e-08 1.43091e-09 0 
0 7.72827e-05 0.000217843 0.000362879 0.00056927 0.000822755 0.00110723 0.00140674 0.00171513 0.00210244 0.00238953 0.00251928 0.00258722 0.00261876 0.00262231 0.00259967 0.00254782 0.00245603 0.00229303 0.00198411 0.00168725 0.00145482 0.00123611 0.00103288 0.000850217 0.000691574 0.000559021 0.000454394 0.000381347 0.000344333 0.000333662 0.000303765 0.000210559 9.75771e-05 3.06182e-05 7.06556e-06 1.28132e-06 1.8494e-07 1.97772e-08 1.13801e-09 0 
0 7.15405e-05 0.00021164 0.000340172 0.000522455 0.000749029 0.00100377 0.00127189 0.00153849 0.00180436 0.00211955 0.00233863 0.00243922 0.00248283 0.00248772 0.00245718 0.00238426 0.00224189 0.00198411 0.00172266 0.00151158 0.0013072 0.00111048 0.000927583 0.000763368 0.000621101 0.000502991 0.000411438 0.000350561 0.00032265 0.00031187 0.000271995 0.000176333 7.70035e-05 2.33119e-05 5.29856e-06 9.58093e-07 1.38724e-07 1.49217e-08 8.64543e-10 0 
0 6.44271e-05 0.000205028 0.000318386 0.000473937 0.000671481 0.000894544 0.0011295 0.00136263 0.00158109 0.00178378 0.00199382 0.00215681 0.00223462 0.00224412 0.00219188 0.00206691 0.00187698 0.00168725 0.00151158 0.00133177 0.00115136 0.000977212 0.000815183 0.000669688 0.00054387 0.000440163 0.000361449 0.000311333 0.000288616 0.000273506 0.000226398 0.000137851 5.73794e-05 1.69405e-05 3.8202e-06 6.91865e-07 1.00774e-07 1.09236e-08 6.38113e-10 0 
0 5.60138e-05 0.000197133 0.000299724 0.00042694 0.00059418 0.000784942 0.000986296 0.00118618 0.00137289 0.00153609 0.00167 0.00177511 0.00184025 0.00184822 0.0017975 0.00170387 0.00158785 0.00145482 0.0013072 0.00115136 0.000994293 0.000842235 0.000700301 0.000572472 0.000461791 0.000370831 0.000302149 0.000257481 0.000233527 0.000213621 0.000170009 0.000100334 4.10672e-05 1.20735e-05 2.73129e-06 4.97884e-07 7.30799e-08 7.98431e-09 4.69969e-10 0 
0 4.65803e-05 0.000186204 0.000285683 0.000384911 0.000520947 0.000679737 0.000848261 0.00101581 0.00117238 0.0013089 0.00141791 0.00149409 0.00153428 0.00153709 0.0015039 0.00143898 0.00134773 0.00123611 0.00111048 0.000977212 0.000842235 0.000710718 0.000587 0.000474682 0.000376877 0.000296084 0.000233451 0.000188732 0.000160506 0.000141523 0.000113976 6.98012e-05 2.95733e-05 8.89273e-06 2.03751e-06 3.74105e-07 5.51642e-08 6.04734e-09 3.56924e-10 0 
0 3.6656e-05 0.000169979 0.000275863 0.000351449 0.000455554 0.00058304 0.000720317 0.000857373 0.000985633 0.00109752 0.00118678 0.00124884 0.00128109 0.00128289 0.00125552 0.00120186 0.00112602 0.00103288 0.000927583 0.000815183 0.000700301 0.000587 0.000478939 0.000380164 0.000296153 0.000232054 0.000185979 0.000148045 0.000113508 8.84691e-05 7.19519e-05 4.91316e-05 2.28268e-05 7.17955e-06 1.66699e-06 3.05765e-07 4.4821e-08 4.87926e-09 2.86036e-10 0 
0 2.69777e-05 0.000146754 0.000266507 0.000329376 0.000402156 0.000498586 0.000606385 0.000715301 0.000817651 0.000907078 0.000978437 0.001028 0.00105359 0.00105468 0.00103222 0.000988449 0.000926539 0.000850217 0.000763368 0.000669688 0.000572472 0.000474682 0.000380164 0.000298135 0.000248269 0.000245551 0.000265627 0.000252554 0.000185583 0.00010593 5.76874e-05 3.70599e-05 1.92253e-05 6.41285e-06 1.49923e-06 2.71156e-07 3.89986e-08 4.16771e-09 2.40313e-10 0 
0 1.83427e-05 0.000116912 0.000250052 0.000317987 0.000365203 0.000430505 0.000509871 0.000592879 0.000671883 0.000741255 0.000796705 0.00083518 0.000854908 0.000855398 0.000837338 0.000802389 0.000752902 0.000691574 0.000621101 0.00054387 0.000461791 0.000376877 0.000296153 0.000248269 0.000291503 0.000459551 0.000814778 0.00098363 0.000539506 0.000265735 9.85861e-05 3.64114e-05 1.71746e-05 5.9912e-06 1.4009e-06 2.47645e-07 3.46819e-08 3.61694e-09 2.0417e-10 0 
0 1.13867e-05 8.38571e-05 0.000218035 0.000308889 0.000346724 0.000383852 0.000434828 0.000493091 0.000550794 0.000602322 0.000643787 0.000672577 0.000687193 0.000687171 0.000672959 0.000645734 0.000607149 0.000559021 0.000502991 0.000440163 0.000370831 0.000296084 0.000232054 0.000245551 0.000459551 0.00116144 0.00172085 0.00176233 0.00157927 0.000629806 0.000207592 5.33136e-05 1.66799e-05 5.51144e-06 1.26722e-06 2.17997e-07 2.97216e-08 3.02848e-09 1.67619e-10 0 
0 6.38873e-06 5.30376e-05 0.000168232 0.000284914 0.000339229 0.000361672 0.000386708 0.000420295 0.000457366 0.000492334 0.000521198 0.000541401 0.000551511 0.00055101 0.000540129 0.000519657 0.000490704 0.000454394 0.000411438 0.000361449 0.000302149 0.000233451 0.000185979 0.000265627 0.000814778 0.00172085 0.00188293 0.00190164 0.0018179 0.0013849 0.000333723 7.70171e-05 1.729e-05 4.81621e-06 1.0528e-06 1.75547e-07 2.34067e-08 2.34494e-09 1.28022e-10 0 
0 3.21575e-06 2.91709e-05 0.000110182 0.000230794 0.000319229 0.000354624 0.000367483 0.000380081 0.000396939 0.000415416 0.000431971 0.000443948 0.000449757 0.000448703 0.000440785 0.000426486 0.000406505 0.000381347 0.000350561 0.000311333 0.000257481 0.000188732 0.000148045 0.000252554 0.00098363 0.00176233 0.00190164 0.0019209 0.00185343 0.00157494 0.000386329 8.25935e-05 1.61979e-05 3.81668e-06 7.73386e-07 1.24893e-07 1.64163e-08 1.63199e-09 8.86325e-11 0 
0 1.44609e-06 1.38764e-05 5.98112e-05 0.000153056 0.000259551 0.000330461 0.00035991 0.000368692 0.000372605 0.000377003 0.000381857 0.000385665 0.000387062 0.000385256 0.000380017 0.00037148 0.000359774 0.000344333 0.00032265 0.000288616 0.000233527 0.000160506 0.000113508 0.000185583 0.000539506 0.00157927 0.0018179 0.00185343 0.00173751 0.00102417 0.000271488 6.12792e-05 1.19443e-05 2.5697e-06 4.8614e-07 7.6762e-08 1.00638e-08 1.00366e-09 5.47402e-11 0 
0 5.80314e-07 5.72164e-06 2.6833e-05 8.00614e-05 0.000165609 0.000255048 0.000318695 0.000351391 0.000363927 0.000367242 0.000367293 0.000366263 0.000364573 0.000362076 0.00035851 0.000353466 0.000345963 0.000333662 0.00031187 0.000273506 0.000213621 0.000141523 8.84691e-05 0.00010593 0.000265735 0.000629806 0.0013849 0.00157494 0.00102417 0.000407577 0.00013489 3.1549e-05 6.67419e-06 1.39744e-06 2.55263e-07 4.02527e-08 5.34157e-09 5.40524e-10 2.9889e-11 0 
0 2.08007e-07 2.05924e-06 1.00768e-05 3.31016e-05 7.94938e-05 0.000146384 0.000217326 0.000275227 0.000313611 0.000335258 0.000345809 0.000349898 0.000350292 0.000348233 0.000343869 0.000336407 0.000324025 0.000303765 0.000271995 0.000226398 0.000170009 0.000113976 7.19519e-05 5.76874e-05 9.85861e-05 0.000207592 0.000333723 0.000386329 0.000271488 0.00013489 4.58658e-05 1.20197e-05 2.86046e-06 6.03871e-07 1.11184e-07 1.79581e-08 2.44774e-09 2.53982e-10 1.4363e-11 0 
0 6.66948e-08 6.52234e-07 3.22876e-06 1.11168e-05 2.91674e-05 6.0855e-05 0.00010439 0.000152463 0.000196595 0.000231443 0.000255642 0.000270213 0.000276803 0.000276668 0.000270327 0.000257589 0.000237831 0.000210559 0.000176333 0.000137851 0.000100334 6.98012e-05 4.91316e-05 3.70599e-05 3.64114e-05 5.33136e-05 7.70171e-05 8.25935e-05 6.12792e-05 3.1549e-05 1.20197e-05 3.72091e-06 9.6139e-07 2.10809e-07 4.05867e-08 6.84814e-09 9.69724e-10 1.04058e-10 6.06209e-12 0 
0 1.91388e-08 1.82963e-07 8.98004e-07 3.13233e-06 8.55196e-06 1.90853e-05 3.58019e-05 5.78461e-05 8.24562e-05 0.000106119 0.000125866 0.00013989 0.000147444 0.000148465 0.000143254 0.000132367 0.000116685 9.75771e-05 7.70035e-05 5.73794e-05 4.10672e-05 2.95733e-05 2.28268e-05 1.92253e-05 1.71746e-05 1.66799e-05 1.729e-05 1.61979e-05 1.19443e-05 6.67419e-06 2.86046e-06 9.6139e-07 2.63128e-07 6.15781e-08 1.26346e-08 2.24837e-09 3.3304e-10 3.71833e-11 2.24386e-12 0 
0 4.90341e-09 4.5548e-08 2.19072e-07 7.58546e-07 2.08928e-06 4.78635e-06 9.36454e-06 1.59632e-05 2.4129e-05 3.2868e-05 4.09383e-05 4.71985e-05 5.0848e-05 5.15206e-05 4.92738e-05 4.45323e-05 3.80117e-05 3.06182e-05 2.33119e-05 1.69405e-05 1.20735e-05 8.89273e-06 7.17955e-06 6.41285e-06 5.9912e-06 5.51144e-06 4.81621e-06 3.81668e-06 2.5697e-06 1.39744e-06 6.03871e-07 2.10809e-07 6.15781e-08 1.5507e-08 3.39586e-09 6.38479e-10 9.9252e-11 1.15727e-11 7.26142e-13 0 
0 1.11266e-09 1.00136e-08 4.69116e-08 1.59497e-07 4.35676e-07 1.00052e-06 1.98239e-06 3.45044e-06 5.35265e-06 7.49346e-06 9.57048e-06 1.12543e-05 1.22756e-05 1.24881e-05 1.18935e-05 1.0629e-05 8.92825e-06 7.06556e-06 5.29856e-06 3.8202e-06 2.73129e-06 2.03751e-06 1.66699e-06 1.49923e-06 1.4009e-06 1.26722e-06 1.0528e-06 7.73386e-07 4.8614e-07 2.55263e-07 1.11184e-07 4.05867e-08 1.26346e-08 3.39586e-09 7.89067e-10 1.56527e-10 2.55595e-11 3.11796e-12 2.03862e-13 0 
0 2.19485e-10 1.91205e-09 8.70275e-09 2.8905e-08 7.76445e-08 1.76596e-07 3.48902e-07 6.09078e-07 9.51655e-07 1.34492e-06 1.73454e-06 2.05676e-06 2.2561e-06 2.30041e-06 2.18849e-06 1.94828e-06 1.62765e-06 1.28132e-06 9.58093e-07 6.91865e-07 4.97884e-07 3.74105e-07 3.05765e-07 2.71156e-07 2.47645e-07 2.17997e-07 1.75547e-07 1.24893e-07 7.6762e-08 4.02527e-08 1.79581e-08 6.84814e-09 2.24837e-09 6.38479e-10 1.56527e-10 3.26865e-11 5.6034e-12 7.15322e-13 4.87759e-14 0 
0 3.61122e-11 3.04645e-10 1.34653e-09 4.36083e-09 1.14778e-08 2.57117e-08 5.02853e-08 8.72839e-08 1.36087e-07 1.92399e-07 2.48586e-07 2.95435e-07 3.24712e-07 3.31513e-07 3.15537e-07 2.80893e-07 2.3468e-07 1.8494e-07 1.38724e-07 1.00774e-07 7.30799e-08 5.51642e-08 4.4821e-08 3.89986e-08 3.46819e-08 2.97216e-08 2.34067e-08 1.64163e-08 1.00638e-08 5.34157e-09 2.44774e-09 9.69724e-10 3.3304e-10 9.9252e-11 2.55595e-11 5.6034e-12 1.00676e-12 1.34378e-13 9.55376e-15 0 
0 4.47938e-12 3.66378e-11 1.57378e-10 4.96952e-10 1.28029e-09 2.8189e-09 5.44062e-09 9.35431e-09 1.44926e-08 2.04121e-08 2.6323e-08 3.12648e-08 3.43704e-08 3.51166e-08 3.34639e-08 2.98415e-08 2.49969e-08 1.97772e-08 1.49217e-08 1.09236e-08 7.98431e-09 6.04734e-09 4.87926e-09 4.16771e-09 3.61694e-09 3.02848e-09 2.34494e-09 1.63199e-09 1.00366e-09 5.40524e-10 2.53982e-10 1.04058e-10 3.71833e-11 1.15727e-11 3.11796e-12 7.15322e-13 1.34378e-13 1.87226e-14 1.38653e-15 0 
0 2.99635e-13 2.38012e-12 9.95004e-12 3.06642e-11 7.73544e-11 1.67349e-10 3.18462e-10 5.41618e-10 8.32443e-10 1.16598e-09 1.49835e-09 1.77628e-09 1.95156e-09 1.99488e-09 1.90378e-09 1.70193e-09 1.43091e-09 1.13801e-09 8.64543e-10 6.38113e-10 4.69969e-10 3.56924e-10 2.86036e-10 2.40313e-10 2.0417e-10 1.67619e-10 1.28022e-10 8.86325e-11 5.47402e-11 2.9889e-11 1.4363e-11 6.06209e-12 2.24386e-12 7.26142e-13 2.03862e-13 4.87759e-14 9.55376e-15 1.38653e-15 1.06798e-16 0 
0 0 0 0 0 0 0 0 0 0 0 0 0 0 0 0 0 0 0 0 0 0 0 0 0 0 0 0 0 0 0 0 0 0 0 0 0 0 0 0 0 
