0 0 0 0 0 0 0 0 0 0 0 0 0 0 0 0 0 0 0 0 0 0 0 0 0 0 0 0 0 0 0 0 0 0 0 0 0 0 0 0 0 
0 1.87782e-07 1.64252e-06 6.97375e-06 1.98952e-05 4.26196e-05 7.34403e-05 0.000107583 0.000140146 0.000168014 0.000189957 0.000205913 0.000216303 0.000221635 0.000222341 0.000218737 0.000211036 0.000199386 0.00018393 0.000164919 0.000142849 0.000118606 9.35315e-05 6.93318e-05 4.77825e-05 3.0289e-05 1.74907e-05 9.13277e-06 4.29184e-06 1.81193e-06 6.87477e-07 2.34776e-07 7.22641e-08 2.00455e-08 4.995e-09 1.10821e-09 2.14688e-10 3.48166e-11 4.26938e-12 2.82997e-13 0 
0 1.64252e-06 1.45039e-05 5.89385e-05 0.000150823 0.000275229 0.000396167 0.000491137 0.000559451 0.000608972 0.000646116 0.00067379 0.00069263 0.000702486 0.000703326 0.000695594 0.000680227 0.000658421 0.000631225 0.000599015 0.000560972 0.000514907 0.00045788 0.000387994 0.000306981 0.000221887 0.000143596 8.19496e-05 4.09104e-05 1.78519e-05 6.84174e-06 2.3198e-06 7.00736e-07 1.89404e-07 4.58112e-08 9.84945e-09 1.84872e-09 2.90699e-10 3.46086e-11 2.23084e-12 0 
0 6.97375e-06 5.89385e-05 0.000209537 0.000433307 0.000630778 0.000766854 0.000870441 0.000966193 0.00105889 0.00114364 0.00121384 0.00126427 0.0012918 0.00129544 0.00127614 0.00123657 0.00118074 0.00111368 0.00104095 0.00096794 0.000898666 0.000833743 0.000768021 0.000689823 0.000585525 0.000451201 0.000303394 0.000173018 8.27782e-05 3.34163e-05 1.15568e-05 3.48234e-06 9.26135e-07 2.18736e-07 4.57539e-08 8.3446e-09 1.27518e-09 1.47688e-10 9.27467e-12 0 
0 1.98952e-05 0.000150823 0.000433307 0.000709728 0.000901196 0.00107105 0.00125584 0.00144998 0.00163765 0.00180464 0.00194 0.00203604 0.0020884 0.00209593 0.00206051 0.00198668 0.00188104 0.00175168 0.00160753 0.0014579 0.00131211 0.00117899 0.00106532 0.000971679 0.000885905 0.000780371 0.000626811 0.000430239 0.00024071 0.000108246 3.97332e-05 1.22462e-05 3.25325e-06 7.57222e-07 1.55028e-07 2.75912e-08 4.11135e-09 4.64519e-10 2.84901e-11 0 
0 4.26196e-05 0.000275229 0.000630778 0.000901196 0.00114405 0.00142586 0.00173692 0.00205242 0.00235045 0.00261255 0.00282379 0.00297331 0.00305485 0.00306684 0.00301224 0.0028979 0.00273374 0.00253173 0.00230486 0.00206623 0.00182833 0.00160275 0.00140029 0.00123063 0.00109889 0.00099551 0.000884312 0.00071494 0.000480807 0.000252812 0.00010296 3.34825e-05 9.0569e-06 2.10181e-06 4.24318e-07 7.40816e-08 1.08074e-08 1.19517e-09 7.17969e-11 0 
0 7.34403e-05 0.000396167 0.000766854 0.00107105 0.00142586 0.00184196 0.00228794 0.00273387 0.00315261 0.00351985 0.00381541 0.00402451 0.00413856 0.00415543 0.00407922 0.00391948 0.00368995 0.0034071 0.00308874 0.00275263 0.00241537 0.00209164 0.00179401 0.0015335 0.00132018 0.00116026 0.00104246 0.000918155 0.000719305 0.000448716 0.000209737 7.42071e-05 2.08679e-05 4.89063e-06 9.81533e-07 1.69059e-07 2.42512e-08 2.63443e-09 1.55484e-10 0 
0 0.000107583 0.000491137 0.000870441 0.00125584 0.00173692 0.00228794 0.00287175 0.00345314 0.00399812 0.00447575 0.00486086 0.00513613 0.00528959 0.00531283 0.00520949 0.0049971 0.00469657 0.00432821 0.00391375 0.00347563 0.00303497 0.00261021 0.00221651 0.00186587 0.00156828 0.00133298 0.00116421 0.00104051 0.000890801 0.000642975 0.000348456 0.000137119 4.08368e-05 9.78457e-06 1.96774e-06 3.36223e-07 4.76293e-08 5.10069e-09 2.9669e-10 0 
0 0.000140146 0.000559451 0.000966193 0.00144998 0.00205242 0.00273387 0.00345314 0.00416846 0.00483881 0.00543044 0.00593029 0.00632801 0.00656828 0.00660747 0.00644647 0.00612506 0.0057116 0.00524446 0.00473234 0.00419295 0.00365005 0.0031258 0.00263826 0.00220108 0.00182428 0.00151617 0.00128452 0.00112642 0.000995618 0.000794311 0.000491956 0.000216927 6.92743e-05 1.71362e-05 3.47666e-06 5.92233e-07 8.31779e-08 8.81115e-09 5.06619e-10 0 
0 0.000168014 0.000608972 0.00105889 0.00163765 0.00235045 0.00315261 0.00399812 0.00483881 0.00563256 0.00637771 0.00707069 0.00755266 0.00778374 0.007818 0.00767292 0.00732435 0.00676741 0.00612937 0.00550051 0.00486303 0.00422451 0.00360758 0.00303293 0.00251603 0.00206746 0.0016946 0.00140431 0.0012008 0.00106065 0.000895195 0.000615608 0.000302026 0.000103821 2.6665e-05 5.48386e-06 9.34924e-07 1.30623e-07 1.37286e-08 7.82433e-10 0 
0 0.000189957 0.000646116 0.00114364 0.00180464 0.00261255 0.00351985 0.00447575 0.00543044 0.00637771 0.00732533 0.00797908 0.00831814 0.00847404 0.00849653 0.0083962 0.00815572 0.00771592 0.00700253 0.00619736 0.00545016 0.00472548 0.00402766 0.00337722 0.0027912 0.00228094 0.00185336 0.00151379 0.00126776 0.00110547 0.00095724 0.000708378 0.000380087 0.00013999 3.73596e-05 7.80588e-06 1.33533e-06 1.86078e-07 1.94534e-08 1.10168e-09 0 
0 0.000205913 0.00067379 0.00121384 0.00194 0.00282379 0.00381541 0.00486086 0.00593029 0.00707069 0.00797908 0.00846456 0.00872755 0.00885272 0.00887034 0.00878761 0.00859462 0.00825723 0.00768963 0.00682118 0.00593252 0.0051263 0.00436285 0.00365188 0.00301079 0.00245157 0.001981 0.00160326 0.00132321 0.00113775 0.000993673 0.000770643 0.000442522 0.000172674 4.7695e-05 1.01206e-05 1.73924e-06 2.42174e-07 2.52364e-08 1.42312e-09 0 
0 0.000216303 0.00069263 0.00126427 0.00203604 0.00297331 0.00402451 0.00513613 0.00632801 0.00755266 0.00831814 0.00872755 0.00895762 0.0090688 0.00908393 0.00900882 0.0088364 0.00854212 0.00806496 0.00727949 0.00629485 0.00540829 0.00459629 0.00384285 0.00316329 0.00256996 0.0020696 0.00166566 0.00136209 0.00115864 0.00101306 0.000807419 0.000485382 0.000197587 5.60543e-05 1.20476e-05 2.07973e-06 2.89681e-07 3.01389e-08 1.69546e-09 0 
0 0.000221635 0.000702486 0.0012918 0.0020884 0.00305485 0.00413856 0.00528959 0.00656828 0.00778374 0.00847404 0.00885272 0.0090688 0.00917366 0.00918732 0.00911503 0.00895077 0.00867359 0.00823244 0.0075086 0.00650223 0.0055589 0.00471825 0.00394207 0.00324206 0.00263067 0.00211458 0.00169686 0.00138081 0.00116724 0.00101968 0.000823733 0.000507925 0.000211999 6.11511e-05 1.32551e-05 2.29613e-06 3.2011e-07 3.32942e-08 1.87134e-09 0 
0 0.000222341 0.000703326 0.00129544 0.00209593 0.00306684 0.00415543 0.00531283 0.00660747 0.007818 0.00849653 0.00887034 0.00908393 0.00918732 0.0092001 0.00912741 0.00896336 0.00868752 0.00825023 0.00753463 0.00652525 0.00557122 0.00472642 0.00394761 0.00324541 0.00263218 0.00211452 0.00169533 0.00137774 0.0011627 0.00101529 0.000822871 0.000510883 0.000214818 6.23067e-05 1.35511e-05 2.35191e-06 3.28258e-07 3.41665e-08 1.92138e-09 0 
0 0.000218737 0.000695594 0.00127614 0.00206051 0.00301224 0.00407922 0.00520949 0.00644647 0.00767292 0.0083962 0.00878761 0.00900882 0.00911503 0.00912741 0.00905139 0.00888043 0.00859194 0.00813046 0.00737204 0.00636611 0.00545 0.00462569 0.00386338 0.00317629 0.00257661 0.00207078 0.00166181 0.00135302 0.00114485 0.00100018 0.000806119 0.000495392 0.00020637 5.95421e-05 1.29278e-05 2.24449e-06 3.13673e-07 3.27045e-08 1.8426e-09 0 
0 0.000211036 0.000680227 0.00123657 0.00198668 0.0028979 0.00391948 0.0049971 0.00612506 0.00732435 0.00815572 0.00859462 0.0088364 0.00895077 0.00896336 0.00888043 0.00869366 0.00837454 0.00785177 0.00701033 0.00605764 0.00521249 0.00442729 0.00369827 0.0030416 0.00246906 0.001987 0.0015987 0.00130799 0.00111388 0.000973461 0.000772984 0.000462751 0.000188181 5.35159e-05 1.15518e-05 2.00406e-06 2.80552e-07 2.9334e-08 1.65816e-09 0 
0 0.000199386 0.000658421 0.00118074 0.00188104 0.00273374 0.00368995 0.00469657 0.0057116 0.00676741 0.00771592 0.00825723 0.00854212 0.00867359 0.00868752 0.00859194 0.00837454 0.00799368 0.0073529 0.00647873 0.00564995 0.00488048 0.00414705 0.00346492 0.00285109 0.00231678 0.00186825 0.00150934 0.00124443 0.00106944 0.000932487 0.000721649 0.000414827 0.000162802 4.535e-05 9.70974e-06 1.68299e-06 2.36234e-07 2.48061e-08 1.40916e-09 0 
0 0.00018393 0.000631225 0.00111368 0.00175168 0.00253173 0.0034071 0.00432821 0.00524446 0.00612937 0.00700253 0.00768963 0.00806496 0.00823244 0.00825023 0.00813046 0.00785177 0.0073529 0.0066308 0.00588596 0.00517482 0.0044761 0.00380367 0.00317831 0.00261624 0.00212807 0.0017201 0.001397 0.00116318 0.00100899 0.000872143 0.000650011 0.000354889 0.000133608 3.63875e-05 7.73045e-06 1.34058e-06 1.89013e-07 1.99715e-08 1.14239e-09 0 
0 0.000164919 0.000599015 0.00104095 0.00160753 0.00230486 0.00308874 0.00391375 0.00473234 0.00550051 0.00619736 0.00682118 0.00727949 0.0075086 0.00753463 0.00737204 0.00701033 0.00647873 0.00588596 0.00527695 0.00465013 0.0040224 0.00341708 0.0028543 0.00234899 0.0019112 0.00154753 0.00126346 0.00106207 0.000925635 0.000784869 0.000557881 0.000288425 0.000104431 2.79239e-05 5.90935e-06 1.02861e-06 1.46076e-07 1.55675e-08 8.98489e-10 0 
0 0.000142849 0.000560972 0.00096794 0.0014579 0.00206623 0.00275263 0.00347563 0.00419295 0.00486303 0.00545016 0.00593252 0.00629485 0.00650223 0.00652525 0.00636611 0.00605764 0.00564995 0.00517482 0.00465013 0.00409799 0.00354289 0.00300702 0.00250843 0.00206072 0.00167351 0.00135376 0.00110706 0.000933055 0.000807037 0.00066397 0.000450452 0.00022327 7.89369e-05 2.09701e-05 4.45448e-06 7.81927e-07 1.12169e-07 1.20785e-08 7.04134e-10 0 
0 0.000118606 0.000514907 0.000898666 0.00131211 0.00182833 0.00241537 0.00303497 0.00365005 0.00422451 0.00472548 0.0051263 0.00540829 0.0055589 0.00557122 0.00545 0.00521249 0.00488048 0.0044761 0.0040224 0.00354289 0.00305958 0.00259167 0.00215492 0.00176156 0.00142078 0.00113947 0.000921573 0.000763348 0.000642708 0.000513112 0.00034097 0.000168143 5.98665e-05 1.60997e-05 3.46406e-06 6.15234e-07 8.91689e-08 9.6881e-09 5.6916e-10 0 
0 9.35315e-05 0.00045788 0.000833743 0.00117899 0.00160275 0.00209164 0.00261021 0.0031258 0.00360758 0.00402766 0.00436285 0.00459629 0.00471825 0.00472642 0.00462569 0.00442729 0.00414705 0.00380367 0.00341708 0.00300702 0.00259167 0.00218698 0.00180627 0.00146057 0.00115912 0.000908719 0.000711323 0.000562972 0.000453292 0.000358322 0.000247182 0.000129172 4.83087e-05 1.33997e-05 2.93104e-06 5.24766e-07 7.63353e-08 8.30533e-09 4.87987e-10 0 
0 6.93318e-05 0.000387994 0.000768021 0.00106532 0.00140029 0.00179401 0.00221651 0.00263826 0.00303293 0.00337722 0.00365188 0.00384285 0.00394207 0.00394761 0.00386338 0.00369827 0.00346492 0.00317831 0.0028543 0.00250843 0.00215492 0.00180627 0.00147369 0.00116951 0.000910564 0.00071298 0.000570901 0.000453149 0.000342834 0.000253072 0.000181303 0.00010581 4.32189e-05 1.24917e-05 2.75992e-06 4.92029e-07 7.09055e-08 7.63285e-09 4.43769e-10 0 
0 4.77825e-05 0.000306981 0.000689823 0.000971679 0.00123063 0.0015335 0.00186587 0.00220108 0.00251603 0.0027912 0.00301079 0.00316329 0.00324206 0.00324541 0.00317629 0.0030416 0.00285109 0.00261624 0.00234899 0.00206072 0.00176156 0.00146057 0.00116951 0.000916962 0.000763743 0.000755554 0.000817361 0.000777136 0.000571004 0.000325043 0.000169736 9.40917e-05 4.17869e-05 1.26119e-05 2.78627e-06 4.88115e-07 6.8852e-08 7.26035e-09 4.14285e-10 0 
0 3.0289e-05 0.000221887 0.000585525 0.000885905 0.00109889 0.00132018 0.00156828 0.00182428 0.00206746 0.00228094 0.00245157 0.00256996 0.00263067 0.00263218 0.00257661 0.00246906 0.00231678 0.00212807 0.0019112 0.00167351 0.00142078 0.00115912 0.000910564 0.000763743 0.000896988 0.00141409 0.00216719 0.00256825 0.00160832 0.000817702 0.000302952 0.000105982 4.20613e-05 1.28712e-05 2.812e-06 4.80121e-07 6.5926e-08 6.78498e-09 3.79047e-10 0 
0 1.74907e-05 0.000143596 0.000451201 0.000780371 0.00099551 0.00116026 0.00133298 0.00151617 0.0016946 0.00185336 0.001981 0.0020696 0.00211458 0.00211452 0.00207078 0.001987 0.00186825 0.0017201 0.00154753 0.00135376 0.00113947 0.000908719 0.00071298 0.000755554 0.00141409 0.00311888 0.00551455 0.0057745 0.00453644 0.0018886 0.000638784 0.000162832 4.51993e-05 1.26615e-05 2.67087e-06 4.41856e-07 5.90837e-08 5.94868e-09 3.26249e-10 0 
0 9.13277e-06 8.19496e-05 0.000303394 0.000626811 0.000884312 0.00104246 0.00116421 0.00128452 0.00140431 0.00151379 0.00160326 0.00166566 0.00169686 0.00169533 0.00166181 0.0015987 0.00150934 0.001397 0.00126346 0.00110706 0.000921573 0.000711323 0.000570901 0.000817361 0.00216719 0.00551455 0.00627783 0.00637387 0.00598671 0.00383623 0.00102389 0.00023672 4.97233e-05 1.16483e-05 2.29154e-06 3.65292e-07 4.77694e-08 4.73531e-09 2.56546e-10 0 
0 4.29184e-06 4.09104e-05 0.000173018 0.000430239 0.00071494 0.000918155 0.00104051 0.00112642 0.0012008 0.00126776 0.00132321 0.00136209 0.00138081 0.00137774 0.00135302 0.00130799 0.00124443 0.00116318 0.00106207 0.000933055 0.000763348 0.000562972 0.000453149 0.000777136 0.00256825 0.0057745 0.00637387 0.00645414 0.00614587 0.00455219 0.00113005 0.000254002 4.74806e-05 9.50596e-06 1.71689e-06 2.63902e-07 3.4024e-08 3.35117e-09 1.80846e-10 0 
0 1.81193e-06 1.78519e-05 8.27782e-05 0.00024071 0.000480807 0.000719305 0.000890801 0.000995618 0.00106065 0.00110547 0.00113775 0.00115864 0.00116724 0.0011627 0.00114485 0.00111388 0.00106944 0.00100899 0.000925635 0.000807037 0.000642708 0.000453292 0.000342834 0.000571004 0.00160832 0.00453644 0.00598671 0.00614587 0.00567886 0.00277499 0.000835405 0.000188309 3.47609e-05 6.42019e-06 1.08697e-06 1.63459e-07 2.10456e-08 2.08222e-09 1.12974e-10 0 
0 6.87477e-07 6.84174e-06 3.34163e-05 0.000108246 0.000252812 0.000448716 0.000642975 0.000794311 0.000895195 0.00095724 0.000993673 0.00101306 0.00101968 0.00101529 0.00100018 0.000973461 0.000932487 0.000872143 0.000784869 0.00066397 0.000513112 0.000358322 0.000253072 0.000325043 0.000817702 0.0018886 0.00383623 0.00455219 0.00277499 0.00125417 0.00041506 9.63679e-05 1.88079e-05 3.42222e-06 5.68141e-07 8.58928e-08 1.12258e-08 1.12862e-09 6.21438e-11 0 
0 2.34776e-07 2.3198e-06 1.15568e-05 3.97332e-05 0.00010296 0.000209737 0.000348456 0.000491956 0.000615608 0.000708378 0.000770643 0.000807419 0.000823733 0.000822871 0.000806119 0.000772984 0.000721649 0.000650011 0.000557881 0.000450452 0.00034097 0.000247182 0.000181303 0.000169736 0.000302952 0.000638784 0.00102389 0.00113005 0.000835405 0.00041506 0.000140773 3.56006e-05 7.60285e-06 1.42739e-06 2.44394e-07 3.82627e-08 5.15724e-09 5.32472e-10 3.00096e-11 0 
0 7.22641e-08 7.00736e-07 3.48234e-06 1.22462e-05 3.34825e-05 7.42071e-05 0.000137119 0.000216927 0.000302026 0.000380087 0.000442522 0.000485382 0.000507925 0.000510883 0.000495392 0.000462751 0.000414827 0.000354889 0.000288425 0.00022327 0.000168143 0.000129172 0.00010581 9.40917e-05 0.000105982 0.000162832 0.00023672 0.000254002 0.000188309 9.63679e-05 3.56006e-05 1.01829e-05 2.37353e-06 4.78655e-07 8.79218e-08 1.4551e-08 2.04567e-09 2.18724e-10 1.27076e-11 0 
0 2.00455e-08 1.89404e-07 9.26135e-07 3.25325e-06 9.0569e-06 2.08679e-05 4.08368e-05 6.92743e-05 0.000103821 0.00013999 0.000172674 0.000197587 0.000211999 0.000214818 0.00020637 0.000188181 0.000162802 0.000133608 0.000104431 7.89369e-05 5.98665e-05 4.83087e-05 4.32189e-05 4.17869e-05 4.20613e-05 4.51993e-05 4.97233e-05 4.74806e-05 3.47609e-05 1.88079e-05 7.60285e-06 2.37353e-06 6.06145e-07 1.35149e-07 2.70521e-08 4.76599e-09 7.02979e-10 7.82845e-11 4.71402e-12 0 
0 4.995e-09 4.58112e-08 2.18736e-07 7.57222e-07 2.10181e-06 4.89063e-06 9.78457e-06 1.71362e-05 2.6665e-05 3.73596e-05 4.7695e-05 5.60543e-05 6.11511e-05 6.23067e-05 5.95421e-05 5.35159e-05 4.535e-05 3.63875e-05 2.79239e-05 2.09701e-05 1.60997e-05 1.33997e-05 1.24917e-05 1.26119e-05 1.28712e-05 1.26615e-05 1.16483e-05 9.50596e-06 6.42019e-06 3.42222e-06 1.42739e-06 4.78655e-07 1.35149e-07 3.33137e-08 7.21995e-09 1.35132e-09 2.09553e-10 2.43888e-11 1.52773e-12 0 
0 1.10821e-09 9.84945e-09 4.57539e-08 1.55028e-07 4.24318e-07 9.81533e-07 1.96774e-06 3.47666e-06 5.48386e-06 7.80588e-06 1.01206e-05 1.20476e-05 1.32551e-05 1.35511e-05 1.29278e-05 1.15518e-05 9.70974e-06 7.73045e-06 5.90935e-06 4.45448e-06 3.46406e-06 2.93104e-06 2.75992e-06 2.78627e-06 2.812e-06 2.67087e-06 2.29154e-06 1.71689e-06 1.08697e-06 5.68141e-07 2.44394e-07 8.79218e-08 2.70521e-08 7.21995e-09 1.67163e-09 3.3095e-10 5.39639e-11 6.57431e-12 4.2929e-13 0 
0 2.14688e-10 1.84872e-09 8.3446e-09 2.75912e-08 7.40816e-08 1.69059e-07 3.36223e-07 5.92233e-07 9.34924e-07 1.33533e-06 1.73924e-06 2.07973e-06 2.29613e-06 2.35191e-06 2.24449e-06 2.00406e-06 1.68299e-06 1.34058e-06 1.02861e-06 7.81927e-07 6.15234e-07 5.24766e-07 4.92029e-07 4.88115e-07 4.80121e-07 4.41856e-07 3.65292e-07 2.63902e-07 1.63459e-07 8.58928e-08 3.82627e-08 1.4551e-08 4.76599e-09 1.35132e-09 3.3095e-10 6.9053e-11 1.18277e-11 1.50854e-12 1.02763e-13 0 
0 3.48166e-11 2.90699e-10 1.27518e-09 4.11135e-09 1.08074e-08 2.42512e-08 4.76293e-08 8.31779e-08 1.30623e-07 1.86078e-07 2.42174e-07 2.89681e-07 3.2011e-07 3.28258e-07 3.13673e-07 2.80552e-07 2.36234e-07 1.89013e-07 1.46076e-07 1.12169e-07 8.91689e-08 7.63353e-08 7.09055e-08 6.8852e-08 6.5926e-08 5.90837e-08 4.77694e-08 3.4024e-08 2.10456e-08 1.12258e-08 5.15724e-09 2.04567e-09 7.02979e-10 2.09553e-10 5.39639e-11 1.18277e-11 2.12419e-12 2.83364e-13 2.01321e-14 0 
0 4.26938e-12 3.46086e-11 1.47688e-10 4.64519e-10 1.19517e-09 2.63443e-09 5.10069e-09 8.81115e-09 1.37286e-08 1.94534e-08 2.52364e-08 3.01389e-08 3.32942e-08 3.41665e-08 3.27045e-08 2.9334e-08 2.48061e-08 1.99715e-08 1.55675e-08 1.20785e-08 9.6881e-09 8.30533e-09 7.63285e-09 7.26035e-09 6.78498e-09 5.94868e-09 4.73531e-09 3.35117e-09 2.08222e-09 1.12862e-09 5.32472e-10 2.18724e-10 7.82845e-11 2.43888e-11 6.57431e-12 1.50854e-12 2.83364e-13 3.94689e-14 2.92165e-15 0 
0 2.82997e-13 2.23084e-12 9.27467e-12 2.84901e-11 7.17969e-11 1.55484e-10 2.9669e-10 5.06619e-10 7.82433e-10 1.10168e-09 1.42312e-09 1.69546e-09 1.87134e-09 1.92138e-09 1.8426e-09 1.65816e-09 1.40916e-09 1.14239e-09 8.98489e-10 7.04134e-10 5.6916e-10 4.87987e-10 4.43769e-10 4.14285e-10 3.79047e-10 3.26249e-10 2.56546e-10 1.80846e-10 1.12974e-10 6.21438e-11 3.00096e-11 1.27076e-11 4.71402e-12 1.52773e-12 4.2929e-13 1.02763e-13 2.01321e-14 2.92165e-15 2.24993e-16 0 
0 0 0 0 0 0 0 0 0 0 0 0 0 0 0 0 0 0 0 0 0 0 0 0 0 0 0 0 0 0 0 0 0 0 0 0 0 0 0 0 0 
