0 0 0 0 0 0 0 0 0 0 0 0 0 0 0 0 0 0 0 0 0 0 0 0 0 0 0 0 0 0 0 0 0 0 0 0 0 0 0 0 0 
0 1.9586e-07 1.74711e-06 7.70903e-06 2.32957e-05 5.35777e-05 9.95796e-05 0.000156761 0.000217464 0.000274481 0.000322944 0.000360363 0.000385878 0.000399519 0.000401735 0.000393162 0.00037456 0.000346848 0.000311226 0.000269327 0.000223371 0.000176181 0.000130985 9.09222e-05 5.83655e-05 3.43493e-05 1.84051e-05 8.93755e-06 3.92496e-06 1.55875e-06 5.6053e-07 1.8281e-07 5.41241e-08 1.4535e-08 3.52631e-09 7.65431e-10 1.4567e-10 2.32867e-11 2.82265e-12 1.85361e-13 0 
0 1.74711e-06 1.59426e-05 6.92969e-05 0.000196151 0.000403067 0.000650782 0.000887389 0.00108442 0.00123801 0.00135402 0.00143825 0.00149403 0.00152302 0.00152641 0.00150571 0.00146277 0.00139954 0.00131735 0.00121641 0.0010957 0.00095403 0.000792512 0.000617815 0.000443769 0.000288555 0.000167459 8.59985e-05 3.89952e-05 1.5659e-05 5.60169e-06 1.7967e-06 5.19311e-07 1.35572e-07 3.19079e-08 6.71498e-09 1.23946e-09 1.92362e-10 2.2668e-11 1.44945e-12 0 
0 7.70903e-06 6.92969e-05 0.000277492 0.000672701 0.00114019 0.00154551 0.00186505 0.00213067 0.00236354 0.00256517 0.00272804 0.00284372 0.00290659 0.00291494 0.00287106 0.00278076 0.00265253 0.00249649 0.00232277 0.00213933 0.00194899 0.00174646 0.0015184 0.00125089 0.000945956 0.000634981 0.000368415 0.000182379 7.71548e-05 2.82149e-05 9.05131e-06 2.58008e-06 6.58852e-07 1.51036e-07 3.09043e-08 5.5448e-09 8.37028e-10 9.60543e-11 5.99012e-12 0 
0 2.32957e-05 0.000196151 0.000672701 0.00132518 0.00189569 0.00236763 0.00281662 0.00326297 0.0036879 0.00406457 0.00436958 0.00458597 0.00470391 0.00472086 0.00464108 0.00447476 0.00423678 0.00394524 0.00362003 0.00328133 0.00294782 0.00263351 0.00234175 0.00205681 0.00174204 0.00136242 0.000932594 0.000534336 0.000251359 9.78206e-05 3.22193e-05 9.20336e-06 2.32135e-06 5.21567e-07 1.04217e-07 1.82359e-08 2.68492e-09 3.0076e-10 1.83312e-11 0 
0 5.35777e-05 0.000403067 0.00114019 0.00189569 0.0025443 0.00320652 0.00391163 0.00462283 0.00529418 0.00588454 0.00636033 0.00669712 0.00688077 0.00690778 0.0067848 0.00652726 0.0061575 0.00570249 0.00519149 0.00465395 0.00411785 0.00360846 0.00314664 0.00274342 0.00238679 0.0020267 0.00159269 0.00107601 0.000587762 0.000254334 8.88534e-05 2.59666e-05 6.55116e-06 1.45415e-06 2.85287e-07 4.88844e-08 7.04311e-09 7.72315e-10 4.61219e-11 0 
0 9.95796e-05 0.000650782 0.00154551 0.00236763 0.00320652 0.00414852 0.00515337 0.0061578 0.00710096 0.00792814 0.00859386 0.00906479 0.00932158 0.00935955 0.00918797 0.00882825 0.00831127 0.00767418 0.0069571 0.00620006 0.0054404 0.00471116 0.00404028 0.00345016 0.00295325 0.00253515 0.00212841 0.00163269 0.0010419 0.000516752 0.0001976 6.04318e-05 1.54682e-05 3.42217e-06 6.63167e-07 1.11777e-07 1.58165e-08 1.70305e-09 9.9923e-11 0 
0 0.000156761 0.000887389 0.00186505 0.00281662 0.00391163 0.00515337 0.00646835 0.00777787 0.0090054 0.010081 0.0109461 0.0115581 0.0118918 0.011941 0.0117176 0.0112497 0.0105775 0.00974881 0.00881536 0.00782853 0.00683599 0.00587927 0.00499246 0.0042023 0.0035287 0.00297968 0.00252679 0.00207077 0.00149466 0.000852681 0.000364321 0.000118945 3.13165e-05 6.9669e-06 1.34155e-06 2.23425e-07 3.11639e-08 3.30543e-09 1.91078e-10 0 
0 0.000217464 0.00108442 0.00213067 0.00326297 0.00462283 0.0061578 0.00777787 0.00938906 0.0108983 0.0122204 0.0132854 0.0140432 0.0144603 0.014522 0.014241 0.013658 0.0128272 0.0118071 0.0106588 0.00944422 0.00822139 0.00704057 0.00594243 0.00495768 0.00410841 0.00340897 0.00285566 0.00238708 0.00185974 0.00119475 0.000572573 0.000202073 5.53276e-05 1.24717e-05 2.39925e-06 3.96466e-07 5.47025e-08 5.73301e-09 3.27424e-10 0 
0 0.000274481 0.00123801 0.00236354 0.0036879 0.00529418 0.00710096 0.0090054 0.0108983 0.0126712 0.014228 0.0154967 0.0164187 0.0169345 0.0170114 0.016663 0.0159454 0.0149423 0.0137322 0.0123806 0.010953 0.00951531 0.00812575 0.00683139 0.00566711 0.00465666 0.00381527 0.00314825 0.00262473 0.00212328 0.00148722 0.00079024 0.000302252 8.65886e-05 1.98832e-05 3.83761e-06 6.31445e-07 8.64539e-08 8.97846e-09 5.07944e-10 0 
0 0.000322944 0.00135402 0.00256517 0.00406457 0.00588454 0.00792814 0.010081 0.0122204 0.014228 0.0160092 0.0174807 0.0185289 0.0190835 0.0191625 0.0187926 0.0179917 0.0168279 0.0154263 0.0138848 0.0122689 0.0106434 0.00907194 0.00760688 0.00628693 0.00513759 0.004174 0.00340335 0.00281115 0.00230626 0.00170817 0.000985949 0.000405945 0.000121719 2.85398e-05 5.54152e-06 9.10401e-07 1.24019e-07 1.27956e-08 7.18808e-10 0 
0 0.000360363 0.00143825 0.00272804 0.00436958 0.00636033 0.00859386 0.0109461 0.0132854 0.0154967 0.0174807 0.0190607 0.0200751 0.0205694 0.020635 0.0203038 0.0195528 0.0183564 0.0168104 0.0150965 0.0133209 0.0115439 0.00982689 0.00822552 0.00678152 0.00552193 0.00446182 0.00360808 0.00295342 0.00242976 0.00185983 0.00113995 0.000498544 0.000155665 3.72395e-05 7.28185e-06 1.19665e-06 1.6254e-07 1.66978e-08 9.33492e-10 0 
0 0.000385878 0.00149403 0.00284372 0.00458597 0.00669712 0.00906479 0.0115581 0.0140432 0.0164187 0.0185289 0.0200751 0.0209918 0.0214283 0.021483 0.0211838 0.0205044 0.0193775 0.0177973 0.0159584 0.0140581 0.0121718 0.0103525 0.00865568 0.00712502 0.0057886 0.00466149 0.0037499 0.0030493 0.00250575 0.00195243 0.00124456 0.000568512 0.000183156 4.45461e-05 8.76798e-06 1.44273e-06 1.9572e-07 2.00583e-08 1.11817e-09 0 
0 0.000399519 0.00152302 0.00290659 0.00470391 0.00688077 0.00932158 0.0118918 0.0144603 0.0169345 0.0190835 0.0205694 0.0214283 0.0218358 0.021884 0.0215985 0.0209546 0.0198807 0.0183202 0.016424 0.0144491 0.0125012 0.0106268 0.00887914 0.00730243 0.00592534 0.00476284 0.00382065 0.00309512 0.00253946 0.00199535 0.00129943 0.000609006 0.00020008 4.92011e-05 9.73223e-06 1.60402e-06 2.17608e-07 2.22856e-08 1.24106e-09 0 
0 0.000401735 0.00152641 0.00291494 0.00472086 0.00690778 0.00935955 0.011941 0.014522 0.0170114 0.0191625 0.020635 0.021483 0.021884 0.0219289 0.0216429 0.0210018 0.0199339 0.0183763 0.0164706 0.0144831 0.0125263 0.0106451 0.00889162 0.00730998 0.00592874 0.00476269 0.00381732 0.00308908 0.00253315 0.00199472 0.00130709 0.000617608 0.000204318 5.04736e-05 1.00112e-05 1.65272e-06 2.24461e-07 2.30065e-08 1.28211e-09 0 
0 0.000393162 0.00150571 0.00287106 0.00464108 0.0067848 0.00918797 0.0117176 0.014241 0.016663 0.0187926 0.0203038 0.0211838 0.0215985 0.0216429 0.0213437 0.0206755 0.0195683 0.0179884 0.0161133 0.0141749 0.0122607 0.0104185 0.00870191 0.00715431 0.00580357 0.00466417 0.00374163 0.003032 0.00248806 0.00195346 0.00127057 0.000595458 0.000195976 4.83314e-05 9.59158e-06 1.5861e-06 2.15883e-07 2.21805e-08 1.23917e-09 0 
0 0.00037456 0.00146277 0.00278076 0.00447476 0.00652726 0.00882825 0.0112497 0.013658 0.0159454 0.0179917 0.0195528 0.0205044 0.0209546 0.0210018 0.0206755 0.0199503 0.0187737 0.0171902 0.015403 0.0135637 0.0117348 0.00997193 0.00833002 0.00685092 0.00556133 0.00447542 0.0035989 0.00292662 0.00240461 0.00187183 0.001193 0.000546626 0.000177173 4.34064e-05 8.60681e-06 1.42631e-06 1.94825e-07 2.01013e-08 1.12807e-09 0 
0 0.000346848 0.00139954 0.00265253 0.00423678 0.0061575 0.00831127 0.0105775 0.0128272 0.0149423 0.0168279 0.0183564 0.0193775 0.0198807 0.0199339 0.0195683 0.0187737 0.0175637 0.0160608 0.0144129 0.0127029 0.0109916 0.00934084 0.00780443 0.00642181 0.00521833 0.00420784 0.00339633 0.00277585 0.00228124 0.00174801 0.00107865 0.000477869 0.000151537 3.67921e-05 7.29002e-06 1.21241e-06 1.66537e-07 1.72952e-08 9.77325e-10 0 
0 0.000311226 0.00131735 0.00249649 0.00394524 0.00570249 0.00767418 0.00974881 0.0118071 0.0137322 0.0154263 0.0168104 0.0177973 0.0183202 0.0183763 0.0179884 0.0171902 0.0160608 0.014708 0.0132162 0.011652 0.0100819 0.00856741 0.00715885 0.00589283 0.00479325 0.00387385 0.00314059 0.00257997 0.0021128 0.00157967 0.000934951 0.000398383 0.000123478 2.97546e-05 5.90647e-06 9.88737e-07 1.36994e-07 1.43633e-08 8.1964e-10 0 
0 0.000269327 0.00121641 0.00232277 0.00362003 0.00519149 0.0069571 0.00881536 0.0106588 0.0123806 0.0138848 0.0150965 0.0159584 0.016424 0.0164706 0.0161133 0.015403 0.0144129 0.0132162 0.0118807 0.0104737 0.00906009 0.00769667 0.00642905 0.00529088 0.00430472 0.00348437 0.00283456 0.00233328 0.00189016 0.00136786 0.000774877 0.000319054 9.73682e-05 2.34494e-05 4.69045e-06 7.94079e-07 1.11417e-07 1.18322e-08 6.83678e-10 0 
0 0.000223371 0.0010957 0.00213933 0.00328133 0.00465395 0.00620006 0.00782853 0.00944422 0.010953 0.0122689 0.0133209 0.0140581 0.0144491 0.0144831 0.0141749 0.0135637 0.0127029 0.011652 0.0104737 0.00923034 0.00798002 0.00677303 0.00565001 0.00464157 0.00376909 0.003046 0.0024738 0.00202243 0.00160511 0.00112377 0.000617622 0.000250834 7.67756e-05 1.87228e-05 3.8054e-06 6.54873e-07 9.33189e-08 1.00516e-08 5.88221e-10 0 
0 0.000176181 0.00095403 0.00194899 0.00294782 0.00411785 0.0054404 0.00683599 0.00822139 0.00951531 0.0106434 0.0115439 0.0121718 0.0125012 0.0125263 0.0122607 0.0117348 0.0109916 0.0100819 0.00906009 0.00798002 0.00689141 0.0058375 0.00485376 0.00396764 0.0031991 0.00255995 0.00204828 0.00163703 0.00126631 0.000874498 0.000485022 0.000202345 6.39285e-05 1.60317e-05 3.33079e-06 5.82856e-07 8.41192e-08 9.14892e-09 5.39345e-10 0 
0 0.000130985 0.000792512 0.00174646 0.00263351 0.00360846 0.00471116 0.00587927 0.00704057 0.00812575 0.00907194 0.00982689 0.0103525 0.0106268 0.0106451 0.0104185 0.00997193 0.00934084 0.00856741 0.00769667 0.00677303 0.0058375 0.00492596 0.00406839 0.00328931 0.00260832 0.00203839 0.00158069 0.00122075 0.000927884 0.000658041 0.000391461 0.000176896 5.93891e-05 1.5436e-05 3.26381e-06 5.7512e-07 8.31093e-08 9.02314e-09 5.30079e-10 0 
0 9.09222e-05 0.000617815 0.0015184 0.00234175 0.00314664 0.00404028 0.00499246 0.00594243 0.00683139 0.00760688 0.00822552 0.00865568 0.00887914 0.00889162 0.00870191 0.00833002 0.00780443 0.00715885 0.00642905 0.00565001 0.00485376 0.00406839 0.00331899 0.00263288 0.00204818 0.00160224 0.00128156 0.00101383 0.000756151 0.000529472 0.000337058 0.000169988 6.1724e-05 1.65728e-05 3.51718e-06 6.14103e-07 8.75325e-08 9.36409e-09 5.42191e-10 0 
0 5.83655e-05 0.000443769 0.00125089 0.00205681 0.00274342 0.00345016 0.0042023 0.00495768 0.00566711 0.00628693 0.00678152 0.00712502 0.00730243 0.00730998 0.00715431 0.00685092 0.00642181 0.00589283 0.00529088 0.00464157 0.00396764 0.00328931 0.00263288 0.00206367 0.00171945 0.00170164 0.00184099 0.00175039 0.00128593 0.000729687 0.000366043 0.000177313 6.79089e-05 1.86326e-05 3.91233e-06 6.67837e-07 9.28941e-08 9.71163e-09 5.5073e-10 0 
0 3.43493e-05 0.000288555 0.000945956 0.00174204 0.00238679 0.00295325 0.0035287 0.00410841 0.00465666 0.00513759 0.00552193 0.0057886 0.00592534 0.00592874 0.00580357 0.00556133 0.00521833 0.00479325 0.00430472 0.00376909 0.0031991 0.00260832 0.00204818 0.00171945 0.00202035 0.0031851 0.00460352 0.00499009 0.00361839 0.00184179 0.000681289 0.000226747 7.67419e-05 2.05978e-05 4.2049e-06 6.95521e-07 9.40161e-08 9.58703e-09 5.3205e-10 0 
0 1.84051e-05 0.000167459 0.000634981 0.00136242 0.0020267 0.00253515 0.00297968 0.00340897 0.00381527 0.004174 0.00446182 0.00466149 0.00476284 0.00476269 0.00466417 0.00447542 0.00420784 0.00387385 0.00348437 0.003046 0.00255995 0.00203839 0.00160224 0.00170164 0.0031851 0.0066217 0.0117887 0.0133064 0.00899903 0.00425009 0.00143878 0.000364028 9.08861e-05 2.16678e-05 4.16984e-06 6.62737e-07 8.70969e-08 8.68971e-09 4.73618e-10 0 
0 8.93755e-06 8.59985e-05 0.000368415 0.000932594 0.00159269 0.00212841 0.00252679 0.00285566 0.00314825 0.00340335 0.00360808 0.0037499 0.00382065 0.00381732 0.00374163 0.0035989 0.00339633 0.00314059 0.00283456 0.0024738 0.00204828 0.00158069 0.00128156 0.00184099 0.00460352 0.0117887 0.0156052 0.0160395 0.0146335 0.00747035 0.00230616 0.000532514 0.000105547 2.1038e-05 3.69344e-06 5.60032e-07 7.18323e-08 7.05846e-09 3.80281e-10 0 
0 3.92496e-06 3.89952e-05 0.000182379 0.000534336 0.00107601 0.00163269 0.00207077 0.00238708 0.00262473 0.00281115 0.00295342 0.0030493 0.00309512 0.00308908 0.003032 0.00292662 0.00277585 0.00257997 0.00233328 0.00202243 0.00163703 0.00122075 0.00101383 0.00175039 0.00499009 0.0133064 0.0160395 0.0163792 0.0152534 0.008914 0.00253989 0.000571737 0.000102535 1.77092e-05 2.82613e-06 4.10123e-07 5.17818e-08 5.058e-09 2.71629e-10 0 
0 1.55875e-06 1.5659e-05 7.71548e-05 0.000251359 0.000587762 0.0010419 0.00149466 0.00185974 0.00212328 0.00230626 0.00242976 0.00250575 0.00253946 0.00253315 0.00248806 0.00240461 0.00228124 0.0021128 0.00189016 0.00160511 0.00126631 0.000927884 0.000756151 0.00128593 0.00361839 0.00899903 0.0146335 0.0152534 0.0127012 0.00574842 0.00188167 0.00042355 7.46637e-05 1.20123e-05 1.80306e-06 2.55744e-07 3.22557e-08 3.16747e-09 1.71142e-10 0 
0 5.6053e-07 5.60169e-06 2.82149e-05 9.78206e-05 0.000254334 0.000516752 0.000852681 0.00119475 0.00148722 0.00170817 0.00185983 0.00195243 0.00199535 0.00199472 0.00195346 0.00187183 0.00174801 0.00157967 0.00136786 0.00112377 0.000874498 0.000658041 0.000529472 0.000729687 0.00184179 0.00425009 0.00747035 0.008914 0.00574842 0.00282491 0.000934836 0.000215588 3.93412e-05 6.2796e-06 9.36858e-07 1.34498e-07 1.72692e-08 1.72537e-09 9.46745e-11 0 
0 1.8281e-07 1.7967e-06 9.05131e-06 3.22193e-05 8.88534e-05 0.0001976 0.000364321 0.000572573 0.00079024 0.000985949 0.00113995 0.00124456 0.00129943 0.00130709 0.00127057 0.001193 0.00107865 0.000934951 0.000774877 0.000617622 0.000485022 0.000391461 0.000337058 0.000366043 0.000681289 0.00143878 0.00230616 0.00253989 0.00188167 0.000934836 0.000316279 7.76396e-05 1.51141e-05 2.5231e-06 3.96673e-07 5.97301e-08 7.94656e-09 8.16581e-10 4.58935e-11 0 
0 5.41241e-08 5.19311e-07 2.58008e-06 9.20336e-06 2.59666e-05 6.04318e-05 0.000118945 0.000202073 0.000302252 0.000405945 0.000498544 0.000568512 0.000609006 0.000617608 0.000595458 0.000546626 0.000477869 0.000398383 0.000319054 0.000250834 0.000202345 0.000176896 0.000169988 0.000177313 0.000226747 0.000364028 0.000532514 0.000571737 0.00042355 0.000215588 7.76396e-05 2.07825e-05 4.3952e-06 8.07969e-07 1.40023e-07 2.26174e-08 3.15396e-09 3.36102e-10 1.9484e-11 0 
0 1.4535e-08 1.35572e-07 6.58852e-07 2.32135e-06 6.55116e-06 1.54682e-05 3.13165e-05 5.53276e-05 8.65886e-05 0.000121719 0.000155665 0.000183156 0.00020008 0.000204318 0.000195976 0.000177173 0.000151537 0.000123478 9.73682e-05 7.67756e-05 6.39285e-05 5.93891e-05 6.1724e-05 6.79089e-05 7.67419e-05 9.08861e-05 0.000105547 0.000102535 7.46637e-05 3.93412e-05 1.51141e-05 4.3952e-06 1.04069e-06 2.18755e-07 4.24224e-08 7.3824e-09 1.08406e-09 1.2045e-10 7.24051e-12 0 
0 3.52631e-09 3.19079e-08 1.51036e-07 5.21567e-07 1.45415e-06 3.42217e-06 6.9669e-06 1.24717e-05 1.98832e-05 2.85398e-05 3.72395e-05 4.45461e-05 4.92011e-05 5.04736e-05 4.83314e-05 4.34064e-05 3.67921e-05 2.97546e-05 2.34494e-05 1.87228e-05 1.60317e-05 1.5436e-05 1.65728e-05 1.86326e-05 2.05978e-05 2.16678e-05 2.1038e-05 1.77092e-05 1.20123e-05 6.2796e-06 2.5231e-06 8.07969e-07 2.18755e-07 5.24537e-08 1.12188e-08 2.08885e-09 3.23173e-10 3.75545e-11 2.34924e-12 0 
0 7.65431e-10 6.71498e-09 3.09043e-08 1.04217e-07 2.85287e-07 6.63167e-07 1.34155e-06 2.39925e-06 3.83761e-06 5.54152e-06 7.28185e-06 8.76798e-06 9.73223e-06 1.00112e-05 9.59158e-06 8.60681e-06 7.29002e-06 5.90647e-06 4.69045e-06 3.8054e-06 3.33079e-06 3.26381e-06 3.51718e-06 3.91233e-06 4.2049e-06 4.16984e-06 3.69344e-06 2.82613e-06 1.80306e-06 9.36858e-07 3.96673e-07 1.40023e-07 4.24224e-08 1.12188e-08 2.58629e-09 5.11006e-10 8.3219e-11 1.01275e-11 6.60619e-13 0 
0 1.4567e-10 1.23946e-09 5.5448e-09 1.82359e-08 4.88844e-08 1.11777e-07 2.23425e-07 3.96466e-07 6.31445e-07 9.10401e-07 1.19665e-06 1.44273e-06 1.60402e-06 1.65272e-06 1.5861e-06 1.42631e-06 1.21241e-06 9.88737e-07 7.94079e-07 6.54873e-07 5.82856e-07 5.7512e-07 6.14103e-07 6.67837e-07 6.95521e-07 6.62737e-07 5.60032e-07 4.10123e-07 2.55744e-07 1.34498e-07 5.97301e-08 2.26174e-08 7.3824e-09 2.08885e-09 5.11006e-10 1.06541e-10 1.82362e-11 2.3242e-12 1.58203e-13 0 
0 2.32867e-11 1.92362e-10 8.37028e-10 2.68492e-09 7.04311e-09 1.58165e-08 3.11639e-08 5.47025e-08 8.64539e-08 1.24019e-07 1.6254e-07 1.9572e-07 2.17608e-07 2.24461e-07 2.15883e-07 1.94825e-07 1.66537e-07 1.36994e-07 1.11417e-07 9.33189e-08 8.41192e-08 8.31093e-08 8.75325e-08 9.28941e-08 9.40161e-08 8.70969e-08 7.18323e-08 5.17818e-08 3.22557e-08 1.72692e-08 7.94656e-09 3.15396e-09 1.08406e-09 3.23173e-10 8.3219e-11 1.82362e-11 3.27401e-12 4.3655e-13 3.09984e-14 0 
0 2.82265e-12 2.2668e-11 9.60543e-11 3.0076e-10 7.72315e-10 1.70305e-09 3.30543e-09 5.73301e-09 8.97846e-09 1.27956e-08 1.66978e-08 2.00583e-08 2.22856e-08 2.30065e-08 2.21805e-08 2.01013e-08 1.72952e-08 1.43633e-08 1.18322e-08 1.00516e-08 9.14892e-09 9.02314e-09 9.36409e-09 9.71163e-09 9.58703e-09 8.68971e-09 7.05846e-09 5.058e-09 3.16747e-09 1.72537e-09 8.16581e-10 3.36102e-10 1.2045e-10 3.75545e-11 1.01275e-11 2.3242e-12 4.3655e-13 6.07921e-14 4.4985e-15 0 
0 1.85361e-13 1.44945e-12 5.99012e-12 1.83312e-11 4.61219e-11 9.9923e-11 1.91078e-10 3.27424e-10 5.07944e-10 7.18808e-10 9.33492e-10 1.11817e-09 1.24106e-09 1.28211e-09 1.23917e-09 1.12807e-09 9.77325e-10 8.1964e-10 6.83678e-10 5.88221e-10 5.39345e-10 5.30079e-10 5.42191e-10 5.5073e-10 5.3205e-10 4.73618e-10 3.80281e-10 2.71629e-10 1.71142e-10 9.46745e-11 4.58935e-11 1.9484e-11 7.24051e-12 2.34924e-12 6.60619e-13 1.58203e-13 3.09984e-14 4.4985e-15 3.46367e-16 0 
0 0 0 0 0 0 0 0 0 0 0 0 0 0 0 0 0 0 0 0 0 0 0 0 0 0 0 0 0 0 0 0 0 0 0 0 0 0 0 0 0 
