0 0 0 0 0 0 0 0 0 0 0 0 0 0 0 0 0 0 0 0 0 0 0 0 0 0 0 0 0 0 0 0 0 0 0 0 0 0 0 0 0 
0 1.93857e-07 1.70155e-06 7.27357e-06 2.09601e-05 4.54534e-05 7.93358e-05 0.000117629 0.000154839 0.000187209 0.000213047 0.00023204 0.000244513 0.000250965 0.000251859 0.000247564 0.000238354 0.000224457 0.000206122 0.000183748 0.000158032 0.000130114 0.000101617 7.45111e-05 5.0747e-05 3.17679e-05 1.81122e-05 9.33966e-06 4.33759e-06 1.8117e-06 6.80924e-07 2.30656e-07 7.0511e-08 1.9448e-08 4.82344e-09 1.06607e-09 2.05886e-10 3.33063e-11 4.07606e-12 2.69752e-13 0 
0 1.70155e-06 1.51131e-05 6.21489e-05 0.000161856 0.00030141 0.000442263 0.000556918 0.000641616 0.000703712 0.000750187 0.00078454 0.000807762 0.000819885 0.000820991 0.000811645 0.00079292 0.000766138 0.000732414 0.000692075 0.000644151 0.000586299 0.000515683 0.000431098 0.000335716 0.000238425 0.000151486 8.48995e-05 4.16776e-05 1.79214e-05 6.78454e-06 2.27766e-06 6.8261e-07 1.83368e-07 4.41377e-08 9.45404e-09 1.76932e-09 2.77585e-10 3.29892e-11 2.12354e-12 0 
0 7.27357e-06 6.21489e-05 0.000225612 0.000479416 0.000715698 0.000885318 0.00101435 0.00113065 0.0012412 0.00134139 0.00142409 0.00148341 0.00151577 0.00152004 0.00149737 0.00145086 0.00138518 0.00130615 0.00122011 0.00113305 0.00104913 0.000968351 0.000884202 0.000783541 0.000652927 0.000491917 0.000322684 0.000179585 8.4075e-05 3.33427e-05 1.13753e-05 3.39327e-06 8.95845e-07 2.10454e-07 4.38496e-08 7.97432e-09 1.21601e-09 1.40612e-10 8.81981e-12 0 
0 2.09601e-05 0.000161856 0.000479416 0.000809622 0.00104741 0.00125385 0.001473 0.0017014 0.00192176 0.00211775 0.0022766 0.00238932 0.00245076 0.00245959 0.00241803 0.00233139 0.00220742 0.00205561 0.00188642 0.00171073 0.00153933 0.00138216 0.00124622 0.00113062 0.00101961 0.000881812 0.00069039 0.000459853 0.000249687 0.000109426 3.93813e-05 1.19693e-05 3.14951e-06 7.28372e-07 1.48469e-07 2.63444e-08 3.91732e-09 4.4194e-10 2.70764e-11 0 
0 4.54534e-05 0.00030141 0.000715698 0.00104741 0.00134042 0.00167297 0.00203826 0.00240854 0.00275828 0.00306586 0.00331375 0.00348922 0.0035849 0.00359897 0.0035349 0.00340072 0.00320807 0.00297101 0.00270478 0.00242475 0.00214555 0.00188076 0.00164283 0.00144237 0.0012835 0.00115206 0.00100467 0.000789516 0.000512937 0.000260714 0.000103279 3.29304e-05 8.79292e-06 2.02381e-06 4.06437e-07 7.07207e-08 1.02943e-08 1.13675e-09 6.82184e-11 0 
0 7.93358e-05 0.000442263 0.000885318 0.00125385 0.00167297 0.00216155 0.00268493 0.00320823 0.00369962 0.00413058 0.00447743 0.00472279 0.00485661 0.0048764 0.00478698 0.00459955 0.00433019 0.00399827 0.00362467 0.00323025 0.00283447 0.00245456 0.00210527 0.00179937 0.00154802 0.00135637 0.00120712 0.00104144 0.000789802 0.000474087 0.000213871 7.36757e-05 2.03578e-05 4.71994e-06 9.4114e-07 1.61462e-07 2.31046e-08 2.50597e-09 1.47751e-10 0 
0 0.000117629 0.000556918 0.00101435 0.001473 0.00203826 0.00268493 0.00337003 0.00405229 0.00469184 0.00525228 0.00570372 0.00602496 0.00620234 0.0062289 0.00610976 0.00586287 0.00551122 0.00507918 0.00459283 0.00407868 0.00356157 0.00306312 0.0026011 0.0021896 0.0018402 0.0015629 0.00135981 0.00120055 0.00100161 0.00069602 0.000362112 0.000137771 4.01012e-05 9.47525e-06 1.8901e-06 3.21431e-07 4.5406e-08 4.85427e-09 2.82051e-10 0 
0 0.000154839 0.000641616 0.00113065 0.0017014 0.00240854 0.00320823 0.00405229 0.00489173 0.00567825 0.00637031 0.00694382 0.00738329 0.0076449 0.00768689 0.00751022 0.00715871 0.00669461 0.00615324 0.00555336 0.00492047 0.00428337 0.00366816 0.00309602 0.00258299 0.00214078 0.00177891 0.00150507 0.00131142 0.00113813 0.00087791 0.000520983 0.000220849 6.85536e-05 1.66643e-05 3.34725e-06 5.66969e-07 7.93711e-08 8.39173e-09 4.81932e-10 0 
0 0.000187209 0.000703712 0.0012412 0.00192176 0.00275828 0.00369962 0.00469184 0.00567825 0.00660656 0.00745511 0.00822213 0.00878826 0.00907666 0.00911971 0.00893571 0.0085123 0.00788306 0.00717738 0.00645306 0.00570671 0.00495751 0.00423354 0.00355917 0.00295258 0.00242619 0.00198855 0.00164711 0.00140392 0.00122496 0.00100519 0.000662934 0.000311498 0.000103577 2.60499e-05 5.2936e-06 8.96511e-07 1.24789e-07 1.30872e-08 7.44898e-10 0 
0 0.000213047 0.000750187 0.00134139 0.00211775 0.00306586 0.00413058 0.00525228 0.00637031 0.00745511 0.00851637 0.00932788 0.00977235 0.00997598 0.010005 0.00987367 0.00955889 0.00899162 0.00815266 0.00725717 0.00639434 0.00554534 0.0047265 0.00396321 0.00327551 0.00267671 0.00217491 0.00177611 0.00148496 0.00128426 0.00108679 0.000773161 0.00039655 0.000140736 3.66629e-05 7.55511e-06 1.28266e-06 1.77989e-07 1.85632e-08 1.04975e-09 0 
0 0.00023204 0.00078454 0.00142409 0.0022766 0.00331375 0.00447743 0.00570372 0.00694382 0.00822213 0.00932788 0.00996422 0.0103062 0.0104679 0.0104902 0.010383 0.0101327 0.00969388 0.00896434 0.00795357 0.00695329 0.00601521 0.00511985 0.00428552 0.00353319 0.00287695 0.00232471 0.00188128 0.00155117 0.00132604 0.00113628 0.000849477 0.00046599 0.000174737 4.6994e-05 9.81946e-06 1.67336e-06 2.3193e-07 2.41061e-08 1.35727e-09 0 
0 0.000244513 0.000807762 0.00148341 0.00238932 0.00348922 0.00472279 0.00602496 0.00738329 0.00878826 0.00977235 0.0103062 0.0106034 0.010746 0.010765 0.0106682 0.0104458 0.010065 0.0094458 0.00847567 0.00736275 0.00634463 0.00539373 0.00450963 0.00371215 0.00301588 0.00242869 0.00195458 0.00159732 0.00135269 0.00116347 0.000895869 0.000514523 0.000200943 5.54069e-05 1.1713e-05 2.00381e-06 2.7774e-07 2.8817e-08 1.61844e-09 0 
0 0.000250965 0.000819885 0.00151577 0.00245076 0.0035849 0.00485661 0.00620234 0.0076449 0.00907666 0.00997598 0.0104679 0.010746 0.0108802 0.0108973 0.0108042 0.010593 0.0102354 0.00966366 0.00874961 0.00759257 0.00651934 0.00553679 0.00462606 0.00380459 0.00308712 0.00248148 0.00199121 0.00161952 0.0013638 0.00117366 0.000917273 0.000540522 0.000216273 6.05754e-05 1.29064e-05 2.21488e-06 3.07219e-07 3.18628e-08 1.78789e-09 0 
0 0.000251859 0.000820991 0.00152004 0.00245959 0.00359897 0.0048764 0.0062289 0.00768689 0.00911971 0.010005 0.0104902 0.010765 0.0108973 0.0109132 0.0108197 0.0106089 0.0102532 0.00968682 0.00878075 0.00761658 0.00653325 0.00554635 0.00463256 0.00380852 0.00308889 0.0024814 0.00198943 0.00161597 0.00135874 0.00116923 0.000917228 0.000544353 0.000219416 6.17863e-05 1.32072e-05 2.27072e-06 3.15316e-07 3.27266e-08 1.83736e-09 0 
0 0.000247564 0.000811645 0.00149737 0.00241803 0.0035349 0.00478698 0.00610976 0.00751022 0.00893571 0.00987367 0.010383 0.0106682 0.0108042 0.0108197 0.0107219 0.0105019 0.0101295 0.00953123 0.00858272 0.00743825 0.00639254 0.0054282 0.00453372 0.00372741 0.00302367 0.00243008 0.00195008 0.00158686 0.00133741 0.00115076 0.000897323 0.000527224 0.000210677 5.90509e-05 1.26061e-05 2.16863e-06 3.01576e-07 3.13575e-08 1.76394e-09 0 
0 0.000238354 0.00079292 0.00145086 0.00233139 0.00340072 0.00459955 0.00586287 0.00715871 0.0085123 0.00955889 0.0101327 0.0104458 0.010593 0.0106089 0.0105019 0.0102609 0.00984753 0.00917127 0.00816007 0.0070922 0.00611569 0.00519544 0.00433997 0.00356935 0.00289747 0.00233176 0.00187599 0.00153376 0.00130001 0.00111731 0.00085738 0.000490872 0.00019174 5.30451e-05 1.12683e-05 1.938e-06 2.70047e-07 2.81645e-08 1.58982e-09 0 
0 0.000224457 0.000766138 0.00138518 0.00220742 0.00320807 0.00433019 0.00551122 0.00669461 0.00788306 0.00899162 0.00969388 0.010065 0.0102354 0.0102532 0.0101295 0.00984753 0.00935323 0.00855348 0.00756665 0.00662557 0.00572702 0.00486661 0.00406613 0.00334578 0.00271877 0.0021924 0.00177105 0.00145866 0.00124601 0.00106602 0.000796049 0.000437927 0.00016544 4.49232e-05 9.47816e-06 1.62992e-06 2.27832e-07 2.38714e-08 1.35453e-09 0 
0 0.000206122 0.000732414 0.00130615 0.00205561 0.00297101 0.00399827 0.00507918 0.00615324 0.00717738 0.00815266 0.00896434 0.0094458 0.00966366 0.00968682 0.00953123 0.00917127 0.00855348 0.00773593 0.0068988 0.00607192 0.00525272 0.00446364 0.00372978 0.00307018 0.00249731 0.00201853 0.00163904 0.0013624 0.00117236 0.0009915 0.000712131 0.000372668 0.000135462 3.60566e-05 7.56122e-06 1.30222e-06 1.82958e-07 1.92983e-08 1.10306e-09 0 
0 0.000183748 0.000692075 0.00122011 0.00188642 0.00270478 0.00362467 0.00459283 0.00555336 0.00645306 0.00725717 0.00795357 0.00847567 0.00874961 0.00878075 0.00858272 0.00816007 0.00756665 0.0068988 0.0061915 0.00545692 0.00472033 0.00400999 0.00334955 0.00275656 0.00224281 0.00181598 0.00148199 0.00124231 0.00107132 0.000886418 0.00060705 0.00030167 0.000105867 2.77516e-05 5.8084e-06 1.00531e-06 1.42378e-07 1.51563e-08 8.74526e-10 0 
0 0.000158032 0.000644151 0.00113305 0.00171073 0.00242475 0.00323025 0.00407868 0.00492047 0.00570671 0.00639434 0.00695329 0.00736275 0.00759257 0.00761658 0.00743825 0.0070922 0.00662557 0.00607192 0.00545692 0.00480904 0.00415761 0.00352877 0.00294367 0.00241828 0.00196386 0.00158847 0.00129785 0.00108918 0.000929909 0.000745601 0.000488241 0.00023361 8.04114e-05 2.10107e-05 4.42325e-06 7.73035e-07 1.10684e-07 1.19121e-08 6.94533e-10 0 
0 0.000130114 0.000586299 0.00104913 0.00153933 0.00214555 0.00283447 0.00356157 0.00428337 0.00495751 0.00554534 0.00601521 0.00634463 0.00651934 0.00653325 0.00639254 0.00611569 0.00572702 0.00525272 0.00472033 0.00415761 0.00359045 0.00304136 0.00252882 0.0020672 0.00166724 0.00133676 0.00107954 0.000889436 0.000738899 0.000575923 0.000370957 0.0001775 6.17935e-05 1.63913e-05 3.50113e-06 6.19661e-07 8.96837e-08 9.74061e-09 5.7234e-10 0 
0 0.000101617 0.000515683 0.000968351 0.00138216 0.00188076 0.00245456 0.00306312 0.00366816 0.00423354 0.0047265 0.00511985 0.00539373 0.00553679 0.00554635 0.0054282 0.00519544 0.00486661 0.00446364 0.00400999 0.00352877 0.00304136 0.00256644 0.00211967 0.00171397 0.00136008 0.00106582 0.000833147 0.000656872 0.000523915 0.00040655 0.000273254 0.000139098 5.09867e-05 1.39665e-05 3.03421e-06 5.41364e-07 7.86192e-08 8.54728e-09 5.0203e-10 0 
0 7.45111e-05 0.000431098 0.000884202 0.00124622 0.00164283 0.00210527 0.0026011 0.00309602 0.00355917 0.00396321 0.00428552 0.00450963 0.00462606 0.00463256 0.00453372 0.00433997 0.00406613 0.00372978 0.00334955 0.00294367 0.00252882 0.00211967 0.00172937 0.00137235 0.00106837 0.000836432 0.000669641 0.000531247 0.000400992 0.000293348 0.000205833 0.000117044 4.68042e-05 1.33456e-05 2.92612e-06 5.19505e-07 7.46922e-08 8.02913e-09 4.66346e-10 0 
0 5.0747e-05 0.000335716 0.000783541 0.00113062 0.00144237 0.00179937 0.0021896 0.00258299 0.00295258 0.00327551 0.00353319 0.00371215 0.00380459 0.00380852 0.00372741 0.00356935 0.00334578 0.00307018 0.00275656 0.00241828 0.0020672 0.00171397 0.00137235 0.00107595 0.000896207 0.000886639 0.000959179 0.000911975 0.000670065 0.000381246 0.000197718 0.000107008 4.62978e-05 1.374e-05 3.00776e-06 5.24355e-07 7.37597e-08 7.76397e-09 4.4243e-10 0 
0 3.17679e-05 0.000238425 0.000652927 0.00101961 0.0012835 0.00154802 0.0018402 0.00214078 0.00242619 0.00267671 0.00287695 0.00301588 0.00308712 0.00308889 0.00302367 0.00289747 0.00271877 0.00249731 0.00224281 0.00196386 0.00166724 0.00136008 0.00106837 0.000896207 0.00105262 0.00165945 0.00249315 0.00291826 0.00188608 0.000959582 0.000355431 0.000123258 4.75496e-05 1.42238e-05 3.07131e-06 5.21436e-07 7.13878e-08 7.33362e-09 4.09137e-10 0 
0 1.81122e-05 0.000151486 0.000491917 0.000881812 0.00115206 0.00135637 0.0015629 0.00177891 0.00198855 0.00217491 0.00232471 0.00242869 0.00248148 0.0024814 0.00243008 0.00233176 0.0021924 0.00201853 0.00181598 0.00158847 0.00133676 0.00106582 0.000836432 0.000886639 0.00165945 0.00358791 0.00646922 0.00684761 0.00521551 0.00221511 0.000749618 0.000190846 5.19739e-05 1.41538e-05 2.9398e-06 4.83043e-07 6.43909e-08 6.47175e-09 3.54494e-10 0 
0 9.33966e-06 8.48995e-05 0.000322684 0.00069039 0.00100467 0.00120712 0.00135981 0.00150507 0.00164711 0.00177611 0.00188128 0.00195458 0.00199121 0.00198943 0.00195008 0.00187599 0.00177105 0.00163904 0.00148199 0.00129785 0.00107954 0.000833147 0.000669641 0.000959179 0.00249315 0.00646922 0.00748303 0.00761244 0.007127 0.00439836 0.00120152 0.000277737 5.77312e-05 1.31404e-05 2.53606e-06 4.00951e-07 5.22591e-08 5.172e-09 2.799e-10 0 
0 4.33759e-06 4.16776e-05 0.000179585 0.000459853 0.000789516 0.00104144 0.00120055 0.00131142 0.00140392 0.00148496 0.00155117 0.00159732 0.00161952 0.00161597 0.00158686 0.00153376 0.00145866 0.0013624 0.00124231 0.00108918 0.000889436 0.000656872 0.000531247 0.000911975 0.00291826 0.00684761 0.00761244 0.00771476 0.00732405 0.00523908 0.00132446 0.000298043 5.52967e-05 1.07798e-05 1.90676e-06 2.90368e-07 3.73067e-08 3.66904e-09 1.97816e-10 0 
0 1.8117e-06 1.79214e-05 8.4075e-05 0.000249687 0.000512937 0.000789802 0.00100161 0.00113813 0.00122496 0.00128426 0.00132604 0.00135269 0.0013638 0.00135874 0.00133741 0.00130001 0.00124601 0.00117236 0.00107132 0.000929909 0.000738899 0.000523915 0.000400992 0.000670065 0.00188608 0.00521551 0.007127 0.00732405 0.00671848 0.00318647 0.000980357 0.000220932 4.04404e-05 7.28518e-06 1.2087e-06 1.8007e-07 2.31068e-08 2.28316e-09 1.23779e-10 0 
0 6.80924e-07 6.78454e-06 3.33427e-05 0.000109426 0.000260714 0.000474087 0.00069602 0.00087791 0.00100519 0.00108679 0.00113628 0.00116347 0.00117366 0.00116923 0.00115076 0.00111731 0.00106602 0.0009915 0.000886418 0.000745601 0.000575923 0.00040655 0.000293348 0.000381246 0.000959582 0.00221511 0.00439836 0.00523908 0.00318647 0.00147178 0.000487073 0.000112955 2.17725e-05 3.86992e-06 6.31173e-07 9.46429e-08 1.23342e-08 1.2387e-09 6.81614e-11 0 
0 2.30656e-07 2.27766e-06 1.13753e-05 3.93813e-05 0.000103279 0.000213871 0.000362112 0.000520983 0.000662934 0.000773161 0.000849477 0.000895869 0.000917273 0.000917228 0.000897323 0.00085738 0.000796049 0.000712131 0.00060705 0.000488241 0.000370957 0.000273254 0.000205833 0.000197718 0.000355431 0.000749618 0.00120152 0.00132446 0.000980357 0.000487073 0.000165128 4.1532e-05 8.71923e-06 1.60386e-06 2.70832e-07 4.21431e-08 5.66838e-09 5.84762e-10 3.29395e-11 0 
0 7.0511e-08 6.8261e-07 3.39327e-06 1.19693e-05 3.29304e-05 7.36757e-05 0.000137771 0.000220849 0.000311498 0.00039655 0.00046599 0.000514523 0.000540522 0.000544353 0.000527224 0.000490872 0.000437927 0.000372668 0.00030167 0.00023361 0.0001775 0.000139098 0.000117044 0.000107008 0.000123258 0.000190846 0.000277737 0.000298043 0.000220932 0.000112955 4.1532e-05 1.17339e-05 2.68805e-06 5.33771e-07 9.71466e-08 1.60168e-08 2.24876e-09 2.40295e-10 1.39551e-11 0 
0 1.9448e-08 1.83368e-07 8.95845e-07 3.14951e-06 8.79292e-06 2.03578e-05 4.01012e-05 6.85536e-05 0.000103577 0.000140736 0.000174737 0.000200943 0.000216273 0.000219416 0.000210677 0.00019174 0.00016544 0.000135462 0.000105867 8.04114e-05 6.17935e-05 5.09867e-05 4.68042e-05 4.62978e-05 4.75496e-05 5.19739e-05 5.77312e-05 5.52967e-05 4.04404e-05 2.17725e-05 8.71923e-06 2.68805e-06 6.77806e-07 1.49711e-07 2.98196e-08 5.24339e-09 7.72817e-10 8.60265e-11 5.17853e-12 0 
0 4.82344e-09 4.41377e-08 2.10454e-07 7.28372e-07 2.02381e-06 4.71994e-06 9.47525e-06 1.66643e-05 2.60499e-05 3.66629e-05 4.6994e-05 5.54069e-05 6.05754e-05 6.17863e-05 5.90509e-05 5.30451e-05 4.49232e-05 3.60566e-05 2.77516e-05 2.10107e-05 1.63913e-05 1.39665e-05 1.33456e-05 1.374e-05 1.42238e-05 1.41538e-05 1.31404e-05 1.07798e-05 7.28518e-06 3.86992e-06 1.60386e-06 5.33771e-07 1.49711e-07 3.67454e-08 7.94736e-09 1.48621e-09 2.30377e-10 2.68048e-11 1.67863e-12 0 
0 1.06607e-09 9.45404e-09 4.38496e-08 1.48469e-07 4.06437e-07 9.4114e-07 1.8901e-06 3.34725e-06 5.2936e-06 7.55511e-06 9.81946e-06 1.1713e-05 1.29064e-05 1.32072e-05 1.26061e-05 1.12683e-05 9.47816e-06 7.56122e-06 5.8084e-06 4.42325e-06 3.50113e-06 3.03421e-06 2.92612e-06 3.00776e-06 3.07131e-06 2.9398e-06 2.53606e-06 1.90676e-06 1.2087e-06 6.31173e-07 2.70832e-07 9.71466e-08 2.98196e-08 7.94736e-09 1.83879e-09 3.6392e-10 5.93263e-11 7.22615e-12 4.71761e-13 0 
0 2.05886e-10 1.76932e-09 7.97432e-09 2.63444e-08 7.07207e-08 1.61462e-07 3.21431e-07 5.66969e-07 8.96511e-07 1.28266e-06 1.67336e-06 2.00381e-06 2.21488e-06 2.27072e-06 2.16863e-06 1.938e-06 1.62992e-06 1.30222e-06 1.00531e-06 7.73035e-07 6.19661e-07 5.41364e-07 5.19505e-07 5.24355e-07 5.21436e-07 4.83043e-07 4.00951e-07 2.90368e-07 1.8007e-07 9.46429e-08 4.21431e-08 1.60168e-08 5.24339e-09 1.48621e-09 3.6392e-10 7.59219e-11 1.30026e-11 1.65815e-12 1.12938e-13 0 
0 3.33063e-11 2.77585e-10 1.21601e-09 3.91732e-09 1.02943e-08 2.31046e-08 4.5406e-08 7.93711e-08 1.24789e-07 1.77989e-07 2.3193e-07 2.7774e-07 3.07219e-07 3.15316e-07 3.01576e-07 2.70047e-07 2.27832e-07 1.82958e-07 1.42378e-07 1.10684e-07 8.96837e-08 7.86192e-08 7.46922e-08 7.37597e-08 7.13878e-08 6.43909e-08 5.22591e-08 3.73067e-08 2.31068e-08 1.23342e-08 5.66838e-09 2.24876e-09 7.72817e-10 2.30377e-10 5.93263e-11 1.30026e-11 2.33504e-12 3.11464e-13 2.21262e-14 0 
0 4.07606e-12 3.29892e-11 1.40612e-10 4.4194e-10 1.13675e-09 2.50597e-09 4.85427e-09 8.39173e-09 1.30872e-08 1.85632e-08 2.41061e-08 2.8817e-08 3.18628e-08 3.27266e-08 3.13575e-08 2.81645e-08 2.38714e-08 1.92983e-08 1.51563e-08 1.19121e-08 9.74061e-09 8.54728e-09 8.02913e-09 7.76397e-09 7.33362e-09 6.47175e-09 5.172e-09 3.66904e-09 2.28316e-09 1.2387e-09 5.84762e-10 2.40295e-10 8.60265e-11 2.68048e-11 7.22615e-12 1.65815e-12 3.11464e-13 4.33811e-14 3.21102e-15 0 
0 2.69752e-13 2.12354e-12 8.81981e-12 2.70764e-11 6.82184e-11 1.47751e-10 2.82051e-10 4.81932e-10 7.44898e-10 1.04975e-09 1.35727e-09 1.61844e-09 1.78789e-09 1.83736e-09 1.76394e-09 1.58982e-09 1.35453e-09 1.10306e-09 8.74526e-10 6.94533e-10 5.7234e-10 5.0203e-10 4.66346e-10 4.4243e-10 4.09137e-10 3.54494e-10 2.799e-10 1.97816e-10 1.23779e-10 6.81614e-11 3.29395e-11 1.39551e-11 5.17853e-12 1.67863e-12 4.71761e-13 1.12938e-13 2.21262e-14 3.21102e-15 2.4727e-16 0 
0 0 0 0 0 0 0 0 0 0 0 0 0 0 0 0 0 0 0 0 0 0 0 0 0 0 0 0 0 0 0 0 0 0 0 0 0 0 0 0 0 
