0 0 0 0 0 0 0 0 0 0 0 0 0 0 0 0 0 0 0 0 0 0 0 0 0 0 0 0 0 0 0 0 0 0 0 0 0 0 0 0 0 
0 4.29257e-08 3.98635e-07 1.90829e-06 6.55116e-06 1.78316e-05 4.02767e-05 7.76334e-05 0.000130506 0.000195029 0.00026355 0.000326791 0.000376222 0.000405711 0.000412272 0.000396105 0.00036022 0.00030979 0.000251311 0.000191581 0.000136611 9.06704e-05 5.57499e-05 3.16293e-05 1.651e-05 7.91624e-06 3.4853e-06 1.40986e-06 5.24652e-07 1.79878e-07 5.68949e-08 1.66135e-08 4.47633e-09 1.11012e-09 2.5194e-10 5.17311e-11 9.40207e-12 1.44694e-12 1.69977e-13 1.08774e-14 0 
0 3.98635e-07 3.85842e-06 1.91065e-05 6.69511e-05 0.000182691 0.000405498 0.000754245 0.00120816 0.00171144 0.00219684 0.00260769 0.00290695 0.00307604 0.00311012 0.003014 0.00279999 0.00248738 0.00210276 0.00167993 0.00125769 0.000874311 0.000559462 0.000327177 0.000174048 8.40658e-05 3.68902e-05 1.47435e-05 5.3843e-06 1.80302e-06 5.55267e-07 1.57579e-07 4.12289e-08 9.92761e-09 2.18853e-09 4.36862e-10 7.72723e-11 1.15879e-11 1.32824e-12 8.30503e-14 0 
0 1.90829e-06 1.91065e-05 9.64888e-05 0.000336562 0.000885842 0.00183724 0.00312114 0.00453014 0.00585255 0.00695987 0.00780239 0.00837218 0.00867668 0.00872817 0.008541 0.00813081 0.00751419 0.00670992 0.00574416 0.0046607 0.00353223 0.00246017 0.00155099 0.000875267 0.000439878 0.000197045 7.90876e-05 2.86478e-05 9.43327e-06 2.84087e-06 7.85803e-07 2.00056e-07 4.68468e-08 1.0045e-08 1.95164e-09 3.36343e-10 4.92036e-11 5.50914e-12 3.36946e-13 0 
0 6.55116e-06 6.69511e-05 0.000336562 0.001123 0.00270175 0.00495519 0.00739902 0.00962024 0.0114719 0.0129507 0.0140729 0.0148414 0.0152539 0.0153152 0.0150426 0.0144655 0.0136205 0.0125427 0.0112568 0.00977251 0.00809636 0.00627093 0.00442523 0.00277372 0.00151698 0.00071986 0.000298092 0.000109041 3.57141e-05 1.0595e-05 2.87045e-06 7.13579e-07 1.62938e-07 3.40575e-08 6.4529e-09 1.0854e-09 1.55145e-10 1.69941e-11 1.01817e-12 0 
0 1.78316e-05 0.000182691 0.000885842 0.00270175 0.00568459 0.00907004 0.0121789 0.0148749 0.0172118 0.0191922 0.0207654 0.0218729 0.0224756 0.0225644 0.0221614 0.0213165 0.0201001 0.0185938 0.0168772 0.01501 0.0130107 0.0108485 0.00848747 0.00600951 0.0037064 0.00194041 0.000858316 0.000325065 0.000107628 3.17752e-05 8.48812e-06 2.07003e-06 4.62537e-07 9.45174e-08 1.75074e-08 2.8805e-09 4.03105e-10 4.32774e-11 2.54436e-12 0 
0 4.02767e-05 0.000405498 0.00183724 0.00495519 0.00907004 0.0130707 0.0167079 0.0200888 0.0231942 0.0259025 0.028079 0.0296181 0.0304573 0.0305814 0.0300207 0.0288452 0.0271555 0.0250723 0.0227243 0.0202334 0.0176949 0.0151447 0.0125266 0.00972511 0.00675952 0.00399715 0.00195033 0.000786434 0.000268439 7.98627e-05 2.12039e-05 5.10073e-06 1.11989e-06 2.24476e-07 4.07656e-08 6.57743e-09 9.03261e-10 9.52486e-11 5.50592e-12 0 
0 7.76334e-05 0.000754245 0.00312114 0.00739902 0.0121789 0.0167079 0.0211133 0.0254104 0.0294239 0.0329387 0.0357655 0.0377641 0.0388534 0.0390138 0.0382848 0.036757 0.0345609 0.0318533 0.028803 0.0255768 0.0223249 0.01916 0.0161165 0.0130964 0.0099071 0.00656468 0.00358784 0.00157647 0.000565776 0.000171916 4.5761e-05 1.09223e-05 2.36667e-06 4.66995e-07 8.34054e-08 1.32335e-08 1.78784e-09 1.85602e-10 1.05715e-11 0 
0 0.000130506 0.00120816 0.00453014 0.00962024 0.0148749 0.0200888 0.0254104 0.0306777 0.0356093 0.0399282 0.0434003 0.045854 0.0471899 0.0473845 0.0464866 0.0446076 0.0419074 0.0385781 0.0348266 0.030858 0.0268614 0.0229956 0.0193662 0.0159711 0.0126303 0.00909335 0.00552493 0.00267306 0.00102391 0.000321633 8.65446e-05 2.06129e-05 4.42715e-06 8.6306e-07 1.52074e-07 2.37955e-08 3.17098e-09 3.24872e-10 1.82741e-11 0 
0 0.000195029 0.00171144 0.00585255 0.0114719 0.0172118 0.0231942 0.0294239 0.0356093 0.0414007 0.0464706 0.0505448 0.0534219 0.0549861 0.0552105 0.0541526 0.0519433 0.0487705 0.0448592 0.0404517 0.0357881 0.0310903 0.0265486 0.0223082 0.018437 0.014845 0.0112315 0.00741292 0.00393077 0.00161743 0.0005296 0.00014501 3.46357e-05 7.40249e-06 1.4306e-06 2.49464e-07 3.86063e-08 5.08821e-09 5.15754e-10 2.87185e-11 0 
0 0.00026355 0.00219684 0.00695987 0.0129507 0.0191922 0.0259025 0.0329387 0.0399282 0.0464706 0.0521959 0.0567942 0.060039 0.0618 0.0620475 0.0608471 0.058347 0.0547595 0.0503386 0.0453575 0.0400869 0.0347765 0.0296415 0.0248512 0.0205121 0.016608 0.0128924 0.00900395 0.0051524 0.00227051 0.000777111 0.000217363 5.22509e-05 1.1149e-05 2.14255e-06 3.7083e-07 5.69195e-08 7.43957e-09 7.48003e-10 4.13321e-11 0 
0 0.000326791 0.00260769 0.00780239 0.0140729 0.0207654 0.028079 0.0357655 0.0434003 0.0505448 0.0567942 0.0618108 0.0653476 0.0672631 0.0675256 0.0662077 0.0634717 0.0595494 0.0547185 0.0492768 0.0435195 0.0377186 0.0321084 0.026875 0.022145 0.0179472 0.0141019 0.0101996 0.00617662 0.0028846 0.00102894 0.000294167 7.13042e-05 1.52265e-05 2.91747e-06 5.02572e-07 7.67216e-08 9.97169e-09 9.97151e-10 5.48203e-11 0 
0 0.000376222 0.00290695 0.00837218 0.0148414 0.0218729 0.0296181 0.0377641 0.045854 0.0534219 0.060039 0.0653476 0.0690865 0.0711068 0.0713757 0.0699709 0.0670649 0.062904 0.0577821 0.052015 0.0459148 0.0397692 0.0338258 0.0282811 0.0232735 0.0188549 0.0148948 0.0109916 0.00691323 0.00337209 0.00124404 0.000362612 8.86511e-05 1.89765e-05 3.63352e-06 6.24601e-07 9.50954e-08 1.23256e-08 1.22938e-09 6.74397e-11 0 
0 0.000405711 0.00307604 0.00867668 0.0152539 0.0224756 0.0304573 0.0388534 0.0471899 0.0549861 0.0618 0.0672631 0.0711068 0.0731783 0.0734449 0.0719873 0.0689841 0.0646896 0.0594071 0.053462 0.0471757 0.0408444 0.0347222 0.0290115 0.0238554 0.0193171 0.0152936 0.011403 0.0073311 0.00367611 0.00138803 0.000410515 0.000101126 2.17223e-05 4.16528e-06 7.16414e-07 1.09108e-07 1.41477e-08 1.41219e-09 7.75672e-11 0 
0 0.000412272 0.00311012 0.00872817 0.0153152 0.0225644 0.0305814 0.0390138 0.0473845 0.0552105 0.0620475 0.0675256 0.0713757 0.0734449 0.0737011 0.0722261 0.0692002 0.0648794 0.0595689 0.0535956 0.0472823 0.0409262 0.034782 0.0290523 0.0238807 0.0193328 0.0153161 0.0114621 0.00743394 0.00377397 0.00144187 0.000430233 0.000106637 2.30103e-05 4.42925e-06 7.6465e-07 1.16913e-07 1.52267e-08 1.52757e-09 8.43948e-11 0 
0 0.000396105 0.003014 0.008541 0.0150426 0.0221614 0.0300207 0.0382848 0.0464866 0.0541526 0.0608471 0.0662077 0.0699709 0.0719873 0.0722261 0.0707683 0.0677915 0.0635472 0.0583352 0.0524763 0.0462873 0.0400592 0.0340416 0.0284324 0.0233716 0.0189209 0.0149837 0.0111961 0.00724405 0.00367282 0.0014052 0.000420933 0.000104908 2.2785e-05 4.41807e-06 7.68937e-07 1.18632e-07 1.56054e-08 1.58292e-09 8.85177e-11 0 
0 0.00036022 0.00279999 0.00813081 0.0144655 0.0213165 0.0288452 0.036757 0.0446076 0.0519433 0.058347 0.0634717 0.0670649 0.0689841 0.0692002 0.0677915 0.0649286 0.0608533 0.0558532 0.0502363 0.0443062 0.0383419 0.0325824 0.0272171 0.0223785 0.0181184 0.014324 0.0106333 0.00679732 0.00340484 0.00129514 0.000388667 9.75843e-05 2.14266e-05 4.21007e-06 7.43865e-07 1.16692e-07 1.56302e-08 1.61634e-09 9.22388e-11 0 
0 0.00030979 0.00248738 0.00751419 0.0136205 0.0201001 0.0271555 0.0345609 0.0419074 0.0487705 0.0547595 0.0595494 0.062904 0.0646896 0.0648794 0.0635472 0.0608533 0.0570246 0.0523314 0.0470625 0.0415028 0.0359139 0.0305203 0.0254993 0.0209722 0.0169745 0.0133689 0.00980663 0.00614618 0.00302354 0.00114212 0.000344616 8.7779e-05 1.96627e-05 3.9555e-06 7.17254e-07 1.15659e-07 1.59384e-08 1.69602e-09 9.9541e-11 0 
0 0.000251311 0.00210276 0.00670992 0.0125427 0.0185938 0.0250723 0.0318533 0.0385781 0.0448592 0.0503386 0.0547185 0.0577821 0.0594071 0.0595689 0.0583352 0.0558532 0.0523314 0.0480177 0.0431773 0.0380718 0.0329417 0.0279931 0.0233885 0.0192344 0.0155431 0.0121539 0.00876305 0.00536608 0.00259921 0.000983875 0.000302497 7.93823e-05 1.84318e-05 3.85438e-06 7.2703e-07 1.21836e-07 1.74102e-08 1.91503e-09 1.1574e-10 0 
0 0.000191581 0.00167993 0.00574416 0.0112568 0.0168772 0.0227243 0.028803 0.0348266 0.0404517 0.0453575 0.0492768 0.052015 0.053462 0.0535956 0.0524763 0.0502363 0.0470625 0.0431773 0.0388188 0.034222 0.029603 0.0251474 0.0209999 0.0172474 0.0138762 0.0107226 0.00757624 0.00455744 0.00221017 0.000859061 0.000276382 7.65816e-05 1.8802e-05 4.14435e-06 8.19298e-07 1.42904e-07 2.11007e-08 2.38148e-09 1.46738e-10 0 
0 0.000136611 0.00125769 0.0046607 0.00977251 0.01501 0.0202334 0.0255768 0.030858 0.0357881 0.0400869 0.0435195 0.0459148 0.0471757 0.0472823 0.0462873 0.0443062 0.0415028 0.0380718 0.034222 0.0301593 0.0260736 0.0221273 0.0184436 0.0150861 0.0120257 0.00914199 0.00635501 0.00383278 0.00192867 0.000802188 0.000279946 8.38908e-05 2.20067e-05 5.10646e-06 1.04784e-06 1.87448e-07 2.81138e-08 3.19882e-09 1.97567e-10 0 
0 9.06704e-05 0.000874311 0.00353223 0.00809636 0.0130107 0.0176949 0.0223249 0.0268614 0.0310903 0.0347765 0.0377186 0.0397692 0.0408444 0.0409262 0.0400592 0.0383419 0.0359139 0.0329417 0.029603 0.0260736 0.0225148 0.0190626 0.0158152 0.0128175 0.0100605 0.00752163 0.00522956 0.00328354 0.00180211 0.000839467 0.000326734 0.000106546 2.95384e-05 7.06865e-06 1.47004e-06 2.63463e-07 3.92975e-08 4.42633e-09 2.69878e-10 0 
0 5.57499e-05 0.000559462 0.00246017 0.00627093 0.0108485 0.0151447 0.01916 0.0229956 0.0265486 0.0296415 0.0321084 0.0338258 0.0347222 0.034782 0.0340416 0.0325824 0.0305203 0.0279931 0.0251474 0.0221273 0.0190626 0.0160596 0.0131939 0.0105207 0.00810505 0.0060288 0.00432831 0.00295345 0.00183762 0.000982796 0.000429359 0.000150557 4.30799e-05 1.03492e-05 2.12805e-06 3.74341e-07 5.46307e-08 6.01482e-09 3.58534e-10 0 
0 3.16293e-05 0.000327177 0.00155099 0.00442523 0.00848747 0.0125266 0.0161165 0.0193662 0.0223082 0.0248512 0.026875 0.0282811 0.0290115 0.0290523 0.0284324 0.0272171 0.0254993 0.0233885 0.0209999 0.0184436 0.0158152 0.0131939 0.01066 0.00833816 0.00640962 0.00499453 0.00398531 0.00309804 0.00216813 0.00128378 0.000610112 0.0002241 6.43312e-05 1.51013e-05 3.00711e-06 5.11813e-07 7.23758e-08 7.73773e-09 4.48923e-10 0 
0 1.651e-05 0.000174048 0.000875267 0.00277372 0.00600951 0.00972511 0.0130964 0.0159711 0.018437 0.0205121 0.022145 0.0232735 0.0238554 0.0238807 0.0233716 0.0223785 0.0209722 0.0192344 0.0172474 0.0150861 0.0128175 0.0105207 0.00833816 0.00654387 0.00553303 0.00553662 0.00600792 0.00571342 0.00418717 0.00232325 0.00101768 0.000354703 9.64283e-05 2.12302e-05 3.99182e-06 6.49506e-07 8.85638e-08 9.17738e-09 5.18031e-10 0 
0 7.91624e-06 8.40658e-05 0.000439878 0.00151698 0.0037064 0.00675952 0.0099071 0.0126303 0.014845 0.016608 0.0179472 0.0188549 0.0193171 0.0193328 0.0189209 0.0181184 0.0169745 0.0155431 0.0138762 0.0120257 0.0100605 0.00810505 0.00640962 0.00553303 0.00659367 0.0104068 0.0150158 0.0160038 0.0118227 0.00601653 0.00219934 0.000631879 0.000147726 2.85834e-05 4.87301e-06 7.45748e-07 9.77829e-08 9.83833e-09 5.41819e-10 0 
0 3.4853e-06 3.68902e-05 0.000197045 0.00071986 0.00194041 0.00399715 0.00656468 0.00909335 0.0112315 0.0128924 0.0141019 0.0148948 0.0152936 0.0153161 0.0149837 0.014324 0.0133689 0.0121539 0.0107226 0.00914199 0.00752163 0.0060288 0.00499453 0.00553662 0.0104068 0.0215991 0.0343374 0.037717 0.0279267 0.0138868 0.00469928 0.00115185 0.000224249 3.64423e-05 5.39457e-06 7.60354e-07 9.5668e-08 9.38719e-09 5.07102e-10 0 
0 1.40986e-06 1.47435e-05 7.90876e-05 0.000298092 0.000858316 0.00195033 0.00358784 0.00552493 0.00741292 0.00900395 0.0101996 0.0109916 0.011403 0.0114621 0.0111961 0.0106333 0.00980663 0.00876305 0.00757624 0.00635501 0.00522956 0.00432831 0.00398531 0.00600792 0.0150158 0.0343374 0.0560855 0.0620834 0.0460058 0.0227463 0.00753503 0.00172661 0.000297093 4.13936e-05 5.27217e-06 6.76399e-07 8.17559e-08 7.8779e-09 4.20543e-10 0 
0 5.24652e-07 5.3843e-06 2.86478e-05 0.000109041 0.000325065 0.000786434 0.00157647 0.00267306 0.00393077 0.0051524 0.00617662 0.00691323 0.0073311 0.00743394 0.00724405 0.00679732 0.00614618 0.00536608 0.00455744 0.00383278 0.00328354 0.00295345 0.00309804 0.00571342 0.0160038 0.037717 0.0620834 0.0688085 0.0510688 0.0252005 0.0082988 0.00186 0.000301672 3.81296e-05 4.33345e-06 5.13906e-07 6.03112e-08 5.765e-09 3.06843e-10 0 
0 1.79878e-07 1.80302e-06 9.43327e-06 3.57141e-05 0.000107628 0.000268439 0.000565776 0.00102391 0.00161743 0.00227051 0.0028846 0.00337209 0.00367611 0.00377397 0.00367282 0.00340484 0.00302354 0.00259921 0.00221017 0.00192867 0.00180211 0.00183762 0.00216813 0.00418717 0.0118227 0.0279267 0.0460058 0.0510688 0.0378345 0.0186759 0.00614799 0.00137419 0.00021849 2.64205e-05 2.84618e-06 3.26293e-07 3.80725e-08 3.65892e-09 1.96088e-10 0 
0 5.68949e-08 5.55267e-07 2.84087e-06 1.0595e-05 3.17752e-05 7.98627e-05 0.000171916 0.000321633 0.0005296 0.000777111 0.00102894 0.00124404 0.00138803 0.00144187 0.0014052 0.00129514 0.00114212 0.000983875 0.000859061 0.000802188 0.000839467 0.000982796 0.00128378 0.00232325 0.00601653 0.0138868 0.0227463 0.0252005 0.0186759 0.00923012 0.00305263 0.000688988 0.000109881 1.32891e-05 1.45241e-06 1.71157e-07 2.04929e-08 2.00968e-09 1.09512e-10 0 
0 1.66135e-08 1.57579e-07 7.85803e-07 2.87045e-06 8.48812e-06 2.12039e-05 4.5761e-05 8.65446e-05 0.00014501 0.000217363 0.000294167 0.000362612 0.000410515 0.000430233 0.000420933 0.000388667 0.000344616 0.000302497 0.000276382 0.000279946 0.000326734 0.000429359 0.000610112 0.00101768 0.00219934 0.00469928 0.00753503 0.0082988 0.00614799 0.00305263 0.00102293 0.000235343 3.83788e-05 4.86803e-06 5.80537e-07 7.46548e-08 9.4308e-09 9.55895e-10 5.34276e-11 0 
0 4.47633e-09 4.12289e-08 2.00056e-07 7.13579e-07 2.07003e-06 5.10073e-06 1.09223e-05 2.06129e-05 3.46357e-05 5.22509e-05 7.13042e-05 8.86511e-05 0.000101126 0.000106637 0.000104908 9.75843e-05 8.7779e-05 7.93823e-05 7.65816e-05 8.38908e-05 0.000106546 0.000150557 0.0002241 0.000354703 0.000631879 0.00115185 0.00172661 0.00186 0.00137419 0.000688988 0.000235343 5.56628e-05 9.5819e-06 1.359e-06 1.89736e-07 2.76369e-08 3.73571e-09 3.94623e-10 2.27811e-11 0 
0 1.11012e-09 9.92761e-09 4.68468e-08 1.62938e-07 4.62537e-07 1.11989e-06 2.36667e-06 4.42715e-06 7.40249e-06 1.1149e-05 1.52265e-05 1.89765e-05 2.17223e-05 2.30103e-05 2.2785e-05 2.14266e-05 1.96627e-05 1.84318e-05 1.8802e-05 2.20067e-05 2.95384e-05 4.30799e-05 6.43312e-05 9.64283e-05 0.000147726 0.000224249 0.000297093 0.000301672 0.00021849 0.000109881 3.83788e-05 9.5819e-06 1.84896e-06 3.16189e-07 5.36868e-08 8.86327e-09 1.28175e-09 1.41685e-10 8.49044e-12 0 
0 2.5194e-10 2.18853e-09 1.0045e-08 3.40575e-08 9.45174e-08 2.24476e-07 4.66995e-07 8.6306e-07 1.4306e-06 2.14255e-06 2.91747e-06 3.63352e-06 4.16528e-06 4.42925e-06 4.41807e-06 4.21007e-06 3.9555e-06 3.85438e-06 4.14435e-06 5.10646e-06 7.06865e-06 1.03492e-05 1.51013e-05 2.12302e-05 2.85834e-05 3.64423e-05 4.13936e-05 3.81296e-05 2.64205e-05 1.32891e-05 4.86803e-06 1.359e-06 3.16189e-07 6.75004e-08 1.36167e-08 2.4836e-09 3.81739e-10 4.42255e-11 2.76007e-12 0 
0 5.17311e-11 4.36862e-10 1.95164e-09 6.4529e-09 1.75074e-08 4.07656e-08 8.34054e-08 1.52074e-07 2.49464e-07 3.7083e-07 5.02572e-07 6.24601e-07 7.16414e-07 7.6465e-07 7.68937e-07 7.43865e-07 7.17254e-07 7.2703e-07 8.19298e-07 1.04784e-06 1.47004e-06 2.12805e-06 3.00711e-06 3.99182e-06 4.87301e-06 5.39457e-06 5.27217e-06 4.33345e-06 2.84618e-06 1.45241e-06 5.80537e-07 1.89736e-07 5.36868e-08 1.36167e-08 3.08221e-09 6.04992e-10 9.82501e-11 1.19339e-11 7.77069e-13 0 
0 9.40207e-12 7.72723e-11 3.36343e-10 1.0854e-09 2.8805e-09 6.57743e-09 1.32335e-08 2.37955e-08 3.86063e-08 5.69195e-08 7.67216e-08 9.50954e-08 1.09108e-07 1.16913e-07 1.18632e-07 1.16692e-07 1.15659e-07 1.21836e-07 1.42904e-07 1.87448e-07 2.63463e-07 3.74341e-07 5.11813e-07 6.49506e-07 7.45748e-07 7.60354e-07 6.76399e-07 5.13906e-07 3.26293e-07 1.71157e-07 7.46548e-08 2.76369e-08 8.86327e-09 2.4836e-09 6.04992e-10 1.25892e-10 2.152e-11 2.73928e-12 1.86212e-13 0 
0 1.44694e-12 1.15879e-11 4.92036e-11 1.55145e-10 4.03105e-10 9.03261e-10 1.78784e-09 3.17098e-09 5.08821e-09 7.43957e-09 9.97169e-09 1.23256e-08 1.41477e-08 1.52267e-08 1.56054e-08 1.56302e-08 1.59384e-08 1.74102e-08 2.11007e-08 2.81138e-08 3.92975e-08 5.46307e-08 7.23758e-08 8.85638e-08 9.77829e-08 9.5668e-08 8.17559e-08 6.03112e-08 3.80725e-08 2.04929e-08 9.4308e-09 3.73571e-09 1.28175e-09 3.81739e-10 9.82501e-11 2.152e-11 3.86121e-12 5.14446e-13 3.64958e-14 0 
0 1.69977e-13 1.32824e-12 5.50914e-12 1.69941e-11 4.32774e-11 9.52486e-11 1.85602e-10 3.24872e-10 5.15754e-10 7.48003e-10 9.97151e-10 1.22938e-09 1.41219e-09 1.52757e-09 1.58292e-09 1.61634e-09 1.69602e-09 1.91503e-09 2.38148e-09 3.19882e-09 4.42633e-09 6.01482e-09 7.73773e-09 9.17738e-09 9.83833e-09 9.38719e-09 7.8779e-09 5.765e-09 3.65892e-09 2.00968e-09 9.55895e-10 3.94623e-10 1.41685e-10 4.42255e-11 1.19339e-11 2.73928e-12 5.14446e-13 7.16117e-14 5.29601e-15 0 
0 1.08774e-14 8.30503e-14 3.36946e-13 1.01817e-12 2.54436e-12 5.50592e-12 1.05715e-11 1.82741e-11 2.87185e-11 4.13321e-11 5.48203e-11 6.74397e-11 7.75672e-11 8.43948e-11 8.85177e-11 9.22388e-11 9.9541e-11 1.1574e-10 1.46738e-10 1.97567e-10 2.69878e-10 3.58534e-10 4.48923e-10 5.18031e-10 5.41819e-10 5.07102e-10 4.20543e-10 3.06843e-10 1.96088e-10 1.09512e-10 5.34276e-11 2.27811e-11 8.49044e-12 2.76007e-12 7.77069e-13 1.86212e-13 3.64958e-14 5.29601e-15 4.07654e-16 0 
0 0 0 0 0 0 0 0 0 0 0 0 0 0 0 0 0 0 0 0 0 0 0 0 0 0 0 0 0 0 0 0 0 0 0 0 0 0 0 0 0 
