0 0 0 0 0 0 0 0 0 0 0 0 0 0 0 0 0 0 0 0 0 0 0 0 0 0 0 0 0 0 0 0 0 0 0 0 0 0 0 0 0 
0 7.37108e-08 6.79801e-07 3.20809e-06 1.07641e-05 2.8393e-05 6.17246e-05 0.000114068 0.000183798 0.000264089 0.000345047 0.000416608 0.000470672 0.00050206 0.000508609 0.000490876 0.000451722 0.000395877 0.000329429 0.00025917 0.000191723 0.000132559 8.51445e-05 5.05261e-05 2.75782e-05 1.38043e-05 6.32766e-06 2.65598e-06 1.02178e-06 3.60801e-07 1.17105e-07 3.49684e-08 9.60442e-09 2.42109e-09 5.57093e-10 1.15721e-10 2.12368e-11 3.29477e-12 3.89658e-13 2.50756e-14 0 
0 6.79801e-07 6.52509e-06 3.16702e-05 0.000107159 0.000278009 0.000579521 0.00100657 0.00150839 0.00201489 0.0024665 0.0028263 0.00307707 0.00321397 0.00323887 0.00315728 0.00297729 0.0027097 0.00236925 0.00197641 0.00155873 0.00114992 0.000784692 0.000490219 0.000278139 0.000142651 6.60544e-05 2.76614e-05 1.05122e-05 3.64025e-06 1.153e-06 3.34961e-07 8.9359e-08 2.18655e-08 4.8844e-09 9.85627e-10 1.75891e-10 2.65687e-11 3.06345e-12 1.92478e-13 0 
0 3.20809e-06 3.16702e-05 0.000154556 0.000507431 0.00122552 0.00229841 0.00353791 0.00472667 0.00574178 0.006549 0.00715081 0.00755558 0.00777038 0.00780267 0.00766254 0.00736279 0.00691724 0.00633812 0.00563492 0.00481781 0.00390857 0.0029562 0.00204365 0.00126802 0.000697255 0.000338149 0.000145012 5.53965e-05 1.90224e-05 5.92057e-06 1.68076e-06 4.36794e-07 1.03969e-07 2.25848e-08 4.43357e-09 7.70376e-10 1.13438e-10 1.27675e-11 7.8415e-13 0 
0 1.07641e-05 0.000107159 0.000507431 0.00153151 0.00324048 0.00524019 0.00710614 0.00870089 0.0100448 0.0111587 0.0120325 0.0126436 0.0129748 0.0130227 0.0127999 0.0123334 0.0116605 0.0108227 0.00985715 0.00878654 0.00761102 0.00631421 0.00489909 0.00344657 0.00213219 0.00113628 0.000519059 0.00020501 7.11018e-05 2.19977e-05 6.14695e-06 1.56377e-06 3.63348e-07 7.69627e-08 1.47311e-08 2.49725e-09 3.59105e-10 3.95189e-11 2.37631e-12 0 
0 2.8393e-05 0.000278009 0.00122552 0.00324048 0.00587108 0.00840431 0.0106642 0.0127295 0.014612 0.0162502 0.0175666 0.0184976 0.0190051 0.0190797 0.0187399 0.0180283 0.0170061 0.0157468 0.0143282 0.0128222 0.0112811 0.00971684 0.00808719 0.00632568 0.00445687 0.00270365 0.00137161 0.000580308 0.000208405 6.5118e-05 1.80898e-05 4.53412e-06 1.03312e-06 2.14129e-07 4.00779e-08 6.64492e-09 9.35237e-10 1.00837e-10 5.94756e-12 0 
0 6.17246e-05 0.000579521 0.00229841 0.00524019 0.00840431 0.0113558 0.014216 0.0170057 0.0196132 0.0218984 0.0237373 0.0250381 0.0257474 0.0258522 0.0253783 0.0243847 0.0229567 0.0211969 0.0192159 0.0171231 0.0150171 0.0129715 0.0110088 0.00906589 0.00701209 0.00482141 0.00277935 0.00130071 0.000497172 0.000159876 4.46808e-05 1.11181e-05 2.49736e-06 5.08531e-07 9.33793e-08 1.51856e-08 2.09717e-09 2.22046e-10 1.28735e-11 0 
0 0.000114068 0.00100657 0.00353791 0.00710614 0.0106642 0.014216 0.0178646 0.0214833 0.024874 0.0278449 0.0302345 0.031924 0.0328449 0.0329805 0.0323642 0.0310727 0.0292162 0.0269274 0.0243491 0.0216233 0.0188811 0.0162341 0.0137606 0.0114735 0.00926894 0.00695263 0.00451255 0.00237189 0.00098699 0.000332785 9.47382e-05 2.35925e-05 5.25319e-06 1.05536e-06 1.90788e-07 3.0524e-08 4.14756e-09 4.32297e-10 2.4692e-11 0 
0 0.000183798 0.00150839 0.00472667 0.00870089 0.0127295 0.0170057 0.0214833 0.0259337 0.0301025 0.0337534 0.0366886 0.0387629 0.0398922 0.0400567 0.0392977 0.0377092 0.0354266 0.0326122 0.0294408 0.0260861 0.0227084 0.0194463 0.0164086 0.0136591 0.0111717 0.00876529 0.00620557 0.00363764 0.00166532 0.000597135 0.000175089 4.39656e-05 9.75573e-06 1.94159e-06 3.46761e-07 5.47475e-08 7.3396e-09 7.55004e-10 4.25855e-11 0 
0 0.000264089 0.00201489 0.00574178 0.0100448 0.014612 0.0196132 0.024874 0.0301025 0.0349983 0.0392841 0.0427282 0.0451604 0.0464828 0.0466724 0.0457781 0.0439105 0.0412283 0.0379219 0.034196 0.0302537 0.0262825 0.0224442 0.0188682 0.0156442 0.0127982 0.0102209 0.00762765 0.00487594 0.00244663 0.00093884 0.000285671 7.27618e-05 1.61624e-05 3.19842e-06 5.66165e-07 8.84734e-08 1.17348e-08 1.19441e-09 6.66874e-11 0 
0 0.000345047 0.0024665 0.006549 0.0111587 0.0162502 0.0218984 0.0278449 0.0337534 0.0392841 0.044124 0.0480112 0.0507542 0.0522429 0.0524521 0.0514373 0.0493239 0.0462912 0.042554 0.0383432 0.0338876 0.0293985 0.0250578 0.021011 0.0173626 0.0141656 0.0113686 0.00872338 0.00592428 0.00321187 0.00131567 0.000416503 0.000107978 2.4089e-05 4.75455e-06 8.36609e-07 1.29761e-07 1.70735e-08 1.72388e-09 9.55034e-11 0 
0 0.000416608 0.0028263 0.00715081 0.0120325 0.0175666 0.0237373 0.0302345 0.0366886 0.0427282 0.0480112 0.052252 0.0552418 0.0568611 0.0570831 0.055969 0.053656 0.0503404 0.0462565 0.0416563 0.0367894 0.0318856 0.0271431 0.0227199 0.0187305 0.0152409 0.0122346 0.00951367 0.00671406 0.00385932 0.00167151 0.000549071 0.000144965 3.25393e-05 6.4204e-06 1.12584e-06 1.73771e-07 2.274e-08 2.28335e-09 1.25822e-10 0 
0 0.000470672 0.00307707 0.00755558 0.0126436 0.0184976 0.0250381 0.031924 0.0387629 0.0451604 0.0507542 0.0552418 0.0584026 0.0601104 0.0603378 0.0591502 0.0566936 0.0531761 0.0488463 0.0439711 0.0388142 0.0336191 0.0285948 0.023908 0.0196797 0.0159825 0.0128181 0.0100267 0.00723698 0.00432817 0.0019548 0.000661706 0.000177532 4.01084e-05 7.92388e-06 1.38768e-06 2.13658e-07 2.7878e-08 2.79087e-09 1.53351e-10 0 
0 0.00050206 0.00321397 0.00777038 0.0129748 0.0190051 0.0257474 0.0328449 0.0398922 0.0464828 0.0522429 0.0568611 0.0601104 0.0618615 0.0620868 0.0608547 0.058316 0.0546856 0.0502201 0.0451943 0.0398802 0.0345279 0.0293526 0.0245253 0.02017 0.0163621 0.0131118 0.0102814 0.00750759 0.00459431 0.00213055 0.000736049 0.000199843 4.54094e-05 8.99202e-06 1.57576e-06 2.42594e-07 3.16427e-08 3.16678e-09 1.73988e-10 0 
0 0.000508609 0.00323887 0.00780267 0.0130227 0.0190797 0.0258522 0.0329805 0.0400567 0.0466724 0.0524521 0.0570831 0.0603378 0.0620868 0.0623032 0.0610565 0.0584987 0.0548461 0.0503568 0.0453072 0.0399703 0.0345971 0.0294031 0.0245597 0.0201908 0.016372 0.0131153 0.0102913 0.00754457 0.0046571 0.00218376 0.000761824 0.000208271 4.7542e-05 9.44523e-06 1.65963e-06 2.56149e-07 3.34974e-08 3.36187e-09 1.85294e-10 0 
0 0.000490876 0.00315728 0.00766254 0.0127999 0.0187399 0.0253783 0.0323642 0.0392977 0.0457781 0.0514373 0.055969 0.0591502 0.0608547 0.0610565 0.0598243 0.0573078 0.0537199 0.0493139 0.0443611 0.0391292 0.0338642 0.0287772 0.0240357 0.0197608 0.0160258 0.0128399 0.0100701 0.00736554 0.0045295 0.00211796 0.000738807 0.000202464 4.63983e-05 9.26228e-06 1.63624e-06 2.54023e-07 3.34312e-08 3.37841e-09 1.87598e-10 0 
0 0.000451722 0.00297729 0.00736279 0.0123334 0.0180283 0.0243847 0.0310727 0.0377092 0.0439105 0.0493239 0.053656 0.0566936 0.058316 0.0584987 0.0573078 0.0548876 0.0514425 0.0472157 0.0424675 0.0374544 0.0324125 0.0275437 0.0230085 0.0189226 0.015355 0.0123074 0.00963302 0.00698757 0.00423472 0.00195256 0.00067625 0.00018535 4.26926e-05 8.59025e-06 1.53218e-06 2.40448e-07 3.20179e-08 3.27637e-09 1.84353e-10 0 
0 0.000395877 0.0027097 0.00691724 0.0116605 0.0170061 0.0229567 0.0292162 0.0354266 0.0412283 0.0462912 0.0503404 0.0531761 0.0546856 0.0548461 0.0537199 0.0514425 0.048206 0.0442386 0.0397845 0.0350845 0.03036 0.0258005 0.0215567 0.017737 0.0144036 0.0115457 0.00899629 0.00643081 0.003808 0.00172028 0.000590483 0.000162235 3.77417e-05 7.70299e-06 1.39713e-06 2.23303e-07 3.03145e-08 3.16441e-09 1.81675e-10 0 
0 0.000329429 0.00236925 0.00633812 0.0108227 0.0157468 0.0211969 0.0269274 0.0326122 0.0379219 0.042554 0.0462565 0.0488463 0.0502201 0.0503568 0.0493139 0.0472157 0.0442386 0.040592 0.0365001 0.0321841 0.0278474 0.0236642 0.0197735 0.0162747 0.013221 0.0105831 0.00817676 0.00572578 0.0033005 0.00146371 0.000501463 0.000139486 3.31373e-05 6.93746e-06 1.29332e-06 2.12598e-07 2.96734e-08 3.18136e-09 1.87295e-10 0 
0 0.00025917 0.00197641 0.00563492 0.00985715 0.0143282 0.0192159 0.0243491 0.0294408 0.034196 0.0383432 0.0416563 0.0439711 0.0451943 0.0453072 0.0443611 0.0424675 0.0397845 0.0365001 0.0328156 0.0289297 0.0250251 0.0212591 0.0177573 0.014609 0.0118543 0.00944438 0.00719749 0.00492383 0.00278018 0.00122973 0.000429242 0.000123394 3.04843e-05 6.6433e-06 1.28684e-06 2.19078e-07 3.15419e-08 3.47334e-09 2.09124e-10 0 
0 0.000191723 0.00155873 0.00481781 0.00878654 0.0128222 0.0171231 0.0216233 0.0260861 0.0302537 0.0338876 0.0367894 0.0388142 0.0398802 0.0399703 0.0391292 0.0374544 0.0350845 0.0321841 0.0289297 0.0254954 0.0220418 0.0187077 0.0156041 0.0128075 0.0103431 0.00815364 0.00610183 0.00410378 0.0023233 0.00106169 0.000391437 0.000119683 3.13191e-05 7.16566e-06 1.44306e-06 2.53108e-07 3.72507e-08 4.16566e-09 2.53334e-10 0 
0 0.000132559 0.00114992 0.00390857 0.00761102 0.0112811 0.0150171 0.0188811 0.0227084 0.0262825 0.0293985 0.0318856 0.0336191 0.0345279 0.0345971 0.0338642 0.0324125 0.03036 0.0278474 0.0250251 0.0220418 0.0190348 0.0161228 0.0134001 0.0109282 0.00872359 0.00675505 0.00497183 0.0033607 0.00199221 0.000989742 0.000401704 0.000133572 3.71586e-05 8.843e-06 1.82164e-06 3.23032e-07 4.7687e-08 5.32066e-09 3.21694e-10 0 
0 8.51445e-05 0.000784692 0.0029562 0.00631421 0.00971684 0.0129715 0.0162341 0.0194463 0.0224442 0.0250578 0.0271431 0.0285948 0.0293526 0.0294031 0.0287772 0.0275437 0.0258005 0.0236642 0.0212591 0.0187077 0.0161228 0.013601 0.0112175 0.00902441 0.00706061 0.00536444 0.00395255 0.0027875 0.00181113 0.00101908 0.000466892 0.000169429 4.94028e-05 1.19537e-05 2.45898e-06 4.31358e-07 6.27059e-08 6.8758e-09 4.08295e-10 0 
0 5.05261e-05 0.000490219 0.00204365 0.00489909 0.00808719 0.0110088 0.0137606 0.0164086 0.0188682 0.021011 0.0227199 0.023908 0.0245253 0.0245597 0.0240357 0.0230085 0.0215567 0.0197735 0.0177573 0.0156041 0.0134001 0.0112175 0.00911889 0.00718529 0.00554803 0.00432213 0.00344561 0.00269064 0.00191582 0.00117913 0.000593606 0.000230801 6.89745e-05 1.65523e-05 3.32765e-06 5.68033e-07 8.0333e-08 8.58023e-09 4.97183e-10 0 
0 2.75782e-05 0.000278139 0.00126802 0.00344657 0.00632568 0.00906589 0.0114735 0.0136591 0.0156442 0.0173626 0.0187305 0.0196797 0.02017 0.0201908 0.0197608 0.0189226 0.017737 0.0162747 0.014609 0.0128075 0.0109282 0.00902441 0.00718529 0.00562591 0.00471683 0.00469179 0.00508258 0.00483276 0.00354579 0.00198308 0.000898705 0.000334759 9.72027e-05 2.2342e-05 4.29183e-06 7.04302e-07 9.63106e-08 9.98834e-09 5.63886e-10 0 
0 1.38043e-05 0.000142651 0.000697255 0.00213219 0.00445687 0.00701209 0.00926894 0.0111717 0.0127982 0.0141656 0.0152409 0.0159825 0.0163621 0.016372 0.0160258 0.015355 0.0144036 0.013221 0.0118543 0.0103431 0.00872359 0.00706061 0.00554803 0.00471683 0.0055781 0.0087976 0.0126936 0.0135289 0.00999442 0.00508678 0.00186762 0.000555407 0.000139552 2.88518e-05 5.11502e-06 7.95954e-07 1.04966e-07 1.0582e-08 5.83287e-10 0 
0 6.32766e-06 6.60544e-05 0.000338149 0.00113628 0.00270365 0.00482141 0.00695263 0.00876529 0.0102209 0.0113686 0.0122346 0.0128181 0.0131118 0.0131153 0.0128399 0.0123074 0.0115457 0.0105831 0.00944438 0.00815364 0.00675505 0.00536444 0.00432213 0.00469179 0.0087976 0.0182589 0.0290363 0.0319474 0.023608 0.0117393 0.00397337 0.000982941 0.000201128 3.52214e-05 5.52607e-06 8.01357e-07 1.01805e-07 1.00194e-08 5.41949e-10 0 
0 2.65598e-06 2.76614e-05 0.000145012 0.000519059 0.00137161 0.00277935 0.00451255 0.00620557 0.00762765 0.00872338 0.00951367 0.0100267 0.0102814 0.0102913 0.0100701 0.00963302 0.00899629 0.00817676 0.00719749 0.00610183 0.00497183 0.00395255 0.00344561 0.00508258 0.0126936 0.0290363 0.04743 0.0524483 0.0389331 0.0192287 0.00636985 0.00146346 0.000259336 3.86322e-05 5.27427e-06 7.05048e-07 8.6466e-08 8.36562e-09 4.47247e-10 0 
0 1.02178e-06 1.05122e-05 5.53965e-05 0.00020501 0.000580308 0.00130071 0.00237189 0.00363764 0.00487594 0.00592428 0.00671406 0.00723698 0.00750759 0.00754457 0.00736554 0.00698757 0.00643081 0.00572578 0.00492383 0.00410378 0.0033607 0.0027875 0.00269064 0.00483276 0.0135289 0.0319474 0.0524483 0.0575983 0.0433645 0.0213048 0.00701546 0.00157478 0.000260818 3.48838e-05 4.25895e-06 5.31076e-07 6.35139e-08 6.10108e-09 3.25244e-10 0 
0 3.60801e-07 3.64025e-06 1.90224e-05 7.11018e-05 0.000208405 0.000497172 0.00098699 0.00166532 0.00244663 0.00321187 0.00385932 0.00432817 0.00459431 0.0046571 0.0045295 0.00423472 0.003808 0.0033005 0.00278018 0.0023233 0.00199221 0.00181113 0.00191582 0.00354579 0.00999442 0.023608 0.0389331 0.0433645 0.0319851 0.0157878 0.00519734 0.00116426 0.000188902 2.40318e-05 2.77607e-06 3.35756e-07 3.99962e-08 3.86369e-09 2.07377e-10 0 
0 1.17105e-07 1.153e-06 5.92057e-06 2.19977e-05 6.5118e-05 0.000159876 0.000332785 0.000597135 0.00093884 0.00131567 0.00167151 0.0019548 0.00213055 0.00218376 0.00211796 0.00195256 0.00172028 0.00146371 0.00122973 0.00106169 0.000989742 0.00101908 0.00117913 0.00198308 0.00508678 0.0117393 0.0192287 0.0213048 0.0157878 0.00780273 0.00258124 0.00058572 9.56922e-05 1.21623e-05 1.42202e-06 1.76305e-07 2.15128e-08 2.11932e-09 1.15638e-10 0 
0 3.49684e-08 3.34961e-07 1.68076e-06 6.14695e-06 1.80898e-05 4.46808e-05 9.47382e-05 0.000175089 0.000285671 0.000416503 0.000549071 0.000661706 0.000736049 0.000761824 0.000738807 0.00067625 0.000590483 0.000501463 0.000429242 0.000391437 0.000401704 0.000466892 0.000593606 0.000898705 0.00186762 0.00397337 0.00636985 0.00701546 0.00519734 0.00258124 0.000867253 0.000202023 3.39474e-05 4.53532e-06 5.76422e-07 7.7304e-08 9.90484e-09 1.00727e-09 5.63572e-11 0 
0 9.60442e-09 8.9359e-08 4.36794e-07 1.56377e-06 4.53412e-06 1.11181e-05 2.35925e-05 4.39656e-05 7.27618e-05 0.000107978 0.000144965 0.000177532 0.000199843 0.000208271 0.000202464 0.00018535 0.000162235 0.000139486 0.000123394 0.000119683 0.000133572 0.000169429 0.000230801 0.000334759 0.000555407 0.000982941 0.00146346 0.00157478 0.00116426 0.00058572 0.000202023 4.87774e-05 8.70887e-06 1.30437e-06 1.92214e-07 2.88061e-08 3.92687e-09 4.15655e-10 2.40133e-11 0 
0 2.42109e-09 2.18655e-08 1.03969e-07 3.63348e-07 1.03312e-06 2.49736e-06 5.25319e-06 9.75573e-06 1.61624e-05 2.4089e-05 3.25393e-05 4.01084e-05 4.54094e-05 4.7542e-05 4.63983e-05 4.26926e-05 3.77417e-05 3.31373e-05 3.04843e-05 3.13191e-05 3.71586e-05 4.94028e-05 6.89745e-05 9.72027e-05 0.000139552 0.000201128 0.000259336 0.000260818 0.000188902 9.56922e-05 3.39474e-05 8.70887e-06 1.75252e-06 3.1492e-07 5.5422e-08 9.28572e-09 1.34824e-09 1.49196e-10 8.94536e-12 0 
0 5.57093e-10 4.8844e-09 2.25848e-08 7.69627e-08 2.14129e-07 5.08531e-07 1.05536e-06 1.94159e-06 3.19842e-06 4.75455e-06 6.4204e-06 7.92388e-06 8.99202e-06 9.44523e-06 9.26228e-06 8.59025e-06 7.70299e-06 6.93746e-06 6.6433e-06 7.16566e-06 8.843e-06 1.19537e-05 1.65523e-05 2.2342e-05 2.88518e-05 3.52214e-05 3.86322e-05 3.48838e-05 2.40318e-05 1.21623e-05 4.53532e-06 1.30437e-06 3.1492e-07 6.93616e-08 1.42246e-08 2.60922e-09 4.01679e-10 4.65622e-11 2.90703e-12 0 
0 1.15721e-10 9.85627e-10 4.43357e-09 1.47311e-08 4.00779e-08 9.33793e-08 1.90788e-07 3.46761e-07 5.66165e-07 8.36609e-07 1.12584e-06 1.38768e-06 1.57576e-06 1.65963e-06 1.63624e-06 1.53218e-06 1.39713e-06 1.29332e-06 1.28684e-06 1.44306e-06 1.82164e-06 2.45898e-06 3.32765e-06 4.29183e-06 5.11502e-06 5.52607e-06 5.27427e-06 4.25895e-06 2.77607e-06 1.42202e-06 5.76422e-07 1.92214e-07 5.5422e-08 1.42246e-08 3.23633e-09 6.36317e-10 1.03397e-10 1.25632e-11 8.18283e-13 0 
0 2.12368e-11 1.75891e-10 7.70376e-10 2.49725e-09 6.64492e-09 1.51856e-08 3.0524e-08 5.47475e-08 8.84734e-08 1.29761e-07 1.73771e-07 2.13658e-07 2.42594e-07 2.56149e-07 2.54023e-07 2.40448e-07 2.23303e-07 2.12598e-07 2.19078e-07 2.53108e-07 3.23032e-07 4.31358e-07 5.68033e-07 7.04302e-07 7.95954e-07 8.01357e-07 7.05048e-07 5.31076e-07 3.35756e-07 1.76305e-07 7.7304e-08 2.88061e-08 9.28572e-09 2.60922e-09 6.36317e-10 1.32468e-10 2.26494e-11 2.88364e-12 1.96067e-13 0 
0 3.29477e-12 2.65687e-11 1.13438e-10 3.59105e-10 9.35237e-10 2.09717e-09 4.14756e-09 7.3396e-09 1.17348e-08 1.70735e-08 2.274e-08 2.7878e-08 3.16427e-08 3.34974e-08 3.34312e-08 3.20179e-08 3.03145e-08 2.96734e-08 3.15419e-08 3.72507e-08 4.7687e-08 6.27059e-08 8.0333e-08 9.63106e-08 1.04966e-07 1.01805e-07 8.6466e-08 6.35139e-08 3.99962e-08 2.15128e-08 9.90484e-09 3.92687e-09 1.34824e-09 4.01679e-10 1.03397e-10 2.26494e-11 4.06426e-12 5.41567e-13 3.84255e-14 0 
0 3.89658e-13 3.06345e-12 1.27675e-11 3.95189e-11 1.00837e-10 2.22046e-10 4.32297e-10 7.55004e-10 1.19441e-09 1.72388e-09 2.28335e-09 2.79087e-09 3.16678e-09 3.36187e-09 3.37841e-09 3.27637e-09 3.16441e-09 3.18136e-09 3.47334e-09 4.16566e-09 5.32066e-09 6.8758e-09 8.58023e-09 9.98834e-09 1.0582e-08 1.00194e-08 8.36562e-09 6.10108e-09 3.86369e-09 2.11932e-09 1.00727e-09 4.15655e-10 1.49196e-10 4.65622e-11 1.25632e-11 2.88364e-12 5.41567e-13 7.53916e-14 5.57607e-15 0 
0 2.50756e-14 1.92478e-13 7.8415e-13 2.37631e-12 5.94756e-12 1.28735e-11 2.4692e-11 4.25855e-11 6.66874e-11 9.55034e-11 1.25822e-10 1.53351e-10 1.73988e-10 1.85294e-10 1.87598e-10 1.84353e-10 1.81675e-10 1.87295e-10 2.09124e-10 2.53334e-10 3.21694e-10 4.08295e-10 4.97183e-10 5.63886e-10 5.83287e-10 5.41949e-10 4.47247e-10 3.25244e-10 2.07377e-10 1.15638e-10 5.63572e-11 2.40133e-11 8.94536e-12 2.90703e-12 8.18283e-13 1.96067e-13 3.84255e-14 5.57607e-15 4.29231e-16 0 
0 0 0 0 0 0 0 0 0 0 0 0 0 0 0 0 0 0 0 0 0 0 0 0 0 0 0 0 0 0 0 0 0 0 0 0 0 0 0 0 0 
