0 0 0 0 0 0 0 0 0 0 0 0 0 0 0 0 0 0 0 0 0 0 0 0 0 0 0 0 0 0 0 0 0 0 0 0 0 0 0 0 0 
0 1.82545e-07 1.59288e-06 6.73124e-06 1.90704e-05 4.05096e-05 6.91919e-05 0.000100527 0.000130026 0.000154983 0.000174446 0.000188489 0.000197579 0.000202216 0.000202808 0.000199638 0.000192882 0.000182641 0.000169004 0.000152135 0.000132414 0.000110573 8.77735e-05 6.55474e-05 4.55416e-05 2.91172e-05 1.69623e-05 8.93366e-06 4.23273e-06 1.80033e-06 6.87586e-07 2.36146e-07 7.30337e-08 2.03396e-08 5.08482e-09 1.13114e-09 2.19599e-10 3.56743e-11 4.38058e-12 2.90687e-13 0 
0 1.59288e-06 1.40087e-05 5.64591e-05 0.000142736 0.000256868 0.00036491 0.000447592 0.000505933 0.000547898 0.000579456 0.000603121 0.000619321 0.000627812 0.000628498 0.000621754 0.000608427 0.000589627 0.000566356 0.000539011 0.000506884 0.000467924 0.000419207 0.000358508 0.000286731 0.000209754 0.000137467 7.94364e-05 4.0119e-05 1.76863e-05 6.8366e-06 2.3342e-06 7.08978e-07 1.92461e-07 4.67074e-08 1.00684e-08 1.89365e-09 2.98232e-10 3.55486e-11 2.29359e-12 0 
0 6.73124e-06 5.64591e-05 0.000197844 0.000401536 0.000574558 0.000690339 0.000778684 0.000861945 0.000943609 0.0010187 0.00108107 0.00112591 0.0011504 0.00115364 0.00113646 0.00110126 0.00105162 0.000992069 0.000927644 0.000863324 0.000802969 0.000747511 0.000692663 0.000627815 0.000539577 0.000422218 0.000288752 0.000167457 8.13339e-05 3.32425e-05 1.1607e-05 3.52231e-06 9.41603e-07 2.23223e-07 4.68202e-08 8.55617e-09 1.30944e-09 1.51821e-10 9.54205e-12 0 
0 1.90704e-05 0.000142736 0.000401536 0.000644095 0.000807609 0.000955239 0.00111865 0.00129125 0.0014583 0.00160699 0.00172752 0.00181305 0.00185967 0.00186637 0.00183483 0.00176909 0.00167502 0.00155984 0.00143149 0.00129829 0.00116861 0.00105054 0.000950576 0.00087008 0.000799071 0.000712604 0.000582369 0.000408008 0.000233031 0.000106689 3.97073e-05 1.23593e-05 3.30542e-06 7.72856e-07 1.58715e-07 2.83071e-08 4.22419e-09 4.77758e-10 2.93236e-11 0 
0 4.05096e-05 0.000256868 0.000574558 0.000807609 0.00101979 0.00126983 0.0015467 0.00182763 0.00209302 0.00232642 0.00251452 0.00264766 0.00272027 0.00273095 0.00268233 0.00258051 0.00243433 0.00225444 0.00205243 0.00183993 0.00162809 0.00142725 0.00124712 0.0010967 0.000981516 0.000894604 0.000804516 0.000662983 0.000456479 0.000245703 0.000102019 3.36401e-05 9.18319e-06 2.14356e-06 4.34345e-07 7.60118e-08 1.11061e-08 1.22946e-09 7.39083e-11 0 
0 6.91919e-05 0.00036491 0.000690339 0.000955239 0.00126983 0.00164023 0.00203736 0.00243445 0.00280732 0.00313434 0.00339753 0.00358374 0.00368531 0.00370034 0.00363246 0.00349021 0.00328581 0.00303394 0.00275045 0.00245115 0.00215083 0.00186255 0.00159753 0.00136564 0.00117617 0.00103573 0.000936391 0.000836151 0.000669558 0.00042881 0.000205424 7.40558e-05 2.10854e-05 4.97948e-06 1.00397e-06 1.73406e-07 2.49176e-08 2.70975e-09 1.60042e-10 0 
0 0.000100527 0.000447592 0.000778684 0.00111865 0.0015467 0.00203736 0.00255722 0.00307493 0.00356023 0.00398558 0.00432889 0.00457546 0.00471431 0.0047356 0.00464184 0.00445078 0.00418237 0.00385419 0.0034851 0.00309496 0.00270256 0.00232433 0.00197375 0.00166152 0.00139661 0.00118763 0.00103983 0.000936845 0.000815977 0.000604284 0.000336805 0.000135688 4.10694e-05 9.93806e-06 2.01015e-06 3.44622e-07 4.89158e-08 5.24472e-09 3.05297e-10 0 
0 0.000130026 0.000505933 0.000861945 0.00129125 0.00182763 0.00243445 0.00307493 0.00371191 0.00430895 0.00483748 0.00529281 0.00566537 0.00589053 0.00592747 0.00577797 0.00547604 0.00509229 0.00467094 0.0042141 0.00373372 0.00325027 0.00278345 0.0023493 0.00196 0.00162449 0.00135027 0.00114494 0.00100819 0.000901947 0.000736031 0.000469332 0.000212685 6.92877e-05 1.73529e-05 3.54573e-06 6.06425e-07 8.53667e-08 9.05519e-09 5.2108e-10 0 
0 0.000154983 0.000547898 0.000943609 0.0014583 0.00209302 0.00280732 0.00356023 0.00430895 0.0050182 0.00570152 0.00634232 0.00676173 0.00695513 0.00698377 0.00686333 0.00656718 0.00606603 0.0054701 0.00489943 0.00433049 0.00376182 0.00321246 0.00270075 0.00224046 0.00184103 0.00150904 0.0012509 0.00107182 0.000954355 0.000820716 0.000580596 0.000293452 0.000103249 2.69144e-05 5.58241e-06 9.56219e-07 1.33951e-07 1.40997e-08 8.04319e-10 0 
0 0.000174446 0.000579456 0.0010187 0.00160699 0.00232642 0.00313434 0.00398558 0.00483748 0.00570152 0.00656771 0.00711577 0.00739514 0.00752435 0.0075432 0.00746017 0.00726142 0.00689822 0.0062775 0.00553056 0.00485432 0.00420797 0.00358653 0.00300733 0.0024855 0.00203112 0.00165038 0.00134815 0.00113023 0.000990837 0.00087114 0.000662003 0.000366358 0.00013847 3.75889e-05 7.93124e-06 1.3641e-06 1.90652e-07 1.99653e-08 1.1318e-09 0 
0 0.000188489 0.000603121 0.00108107 0.00172752 0.00251452 0.00339753 0.00432889 0.00529281 0.00634232 0.00711577 0.00751631 0.00773492 0.00783952 0.00785444 0.00778553 0.00762483 0.00734474 0.00687395 0.00610856 0.0052893 0.00456525 0.00388502 0.00325191 0.00268103 0.00218306 0.00176403 0.00142774 0.00117906 0.00101761 0.000899983 0.000715388 0.000423821 0.000170017 4.78521e-05 1.02655e-05 1.77469e-06 2.47915e-07 2.58821e-08 1.46113e-09 0 
0 0.000197579 0.000619321 0.00112591 0.00181305 0.00264766 0.00358374 0.00457546 0.00566537 0.00676173 0.00739514 0.00773492 0.00792718 0.0080205 0.00803339 0.00797062 0.00782646 0.00758106 0.00718483 0.00651959 0.0056232 0.00481749 0.00409292 0.00342197 0.00281683 0.00228849 0.00184293 0.00148327 0.00121342 0.00103515 0.00091492 0.000746225 0.000462761 0.000193875 5.61135e-05 1.22027e-05 2.12002e-06 2.9632e-07 3.08896e-08 1.73968e-09 0 
0 0.000202216 0.000627812 0.0011504 0.00185967 0.00272027 0.00368531 0.00471431 0.00589053 0.00695513 0.00752435 0.00783952 0.0080205 0.0081087 0.00812038 0.00805986 0.00792227 0.00769063 0.00732347 0.00671706 0.00581623 0.00495316 0.00420159 0.00351031 0.00288697 0.00234255 0.00188298 0.00151104 0.00122999 0.0010423 0.000919565 0.000759465 0.00048297 0.000207569 6.11242e-05 1.34118e-05 2.33876e-06 3.27226e-07 3.41025e-08 1.91902e-09 0 
0 0.000202808 0.000628498 0.00115364 0.00186637 0.00273095 0.00370034 0.0047356 0.00592747 0.00698377 0.0075432 0.00785444 0.00803339 0.00812038 0.00813131 0.00807043 0.00793297 0.00770234 0.00733822 0.0067394 0.00583849 0.00496454 0.00420888 0.00351525 0.00288995 0.00234389 0.00188292 0.00150968 0.00122723 0.00103814 0.000915282 0.000758174 0.000485377 0.000210156 6.22344e-05 1.37025e-05 2.39414e-06 3.35359e-07 3.49754e-08 1.96916e-09 0 
0 0.000199638 0.000621754 0.00113646 0.00183483 0.00268233 0.00363246 0.00464184 0.00577797 0.00686333 0.00746017 0.00778553 0.00797062 0.00805986 0.00807043 0.0080068 0.00786366 0.00762272 0.0072389 0.00660074 0.00569195 0.00485541 0.00411913 0.00344025 0.00282841 0.0022944 0.00184398 0.00147984 0.00120526 0.00102244 0.000902235 0.000743444 0.000471059 0.000201976 5.94718e-05 1.30681e-05 2.2837e-06 3.20275e-07 3.34573e-08 1.88711e-09 0 
0 0.000192882 0.000608427 0.00110126 0.00176909 0.00258051 0.00349021 0.00445078 0.00547604 0.00656718 0.00726142 0.00762483 0.00782646 0.00792227 0.00793297 0.00786366 0.00770762 0.00744182 0.00700784 0.00628335 0.00540659 0.00464249 0.00394241 0.00329322 0.00270847 0.00219864 0.00176938 0.00142366 0.00116529 0.00099539 0.000879553 0.000714627 0.000441037 0.000184434 5.34775e-05 1.16753e-05 2.038e-06 2.86246e-07 2.9983e-08 1.69654e-09 0 
0 0.000182641 0.000589627 0.00105162 0.00167502 0.00243433 0.00328581 0.00418237 0.00509229 0.00606603 0.00689822 0.00734474 0.00758106 0.00769063 0.00770234 0.00762272 0.00744182 0.00712566 0.0065878 0.00579546 0.00503468 0.00434615 0.00369285 0.00308543 0.00253882 0.00206304 0.00166364 0.00134412 0.00110894 0.000956752 0.000844801 0.000669695 0.000396707 0.000159873 4.53428e-05 9.80993e-06 1.70995e-06 2.40734e-07 2.53183e-08 1.43945e-09 0 
0 0.000169004 0.000566356 0.000992069 0.00155984 0.00225444 0.00303394 0.00385419 0.00467094 0.0054701 0.0062775 0.00687395 0.00718483 0.00732347 0.00733822 0.0072389 0.00700784 0.0065878 0.00593693 0.0052477 0.00460862 0.00398588 0.00338707 0.0028302 0.00232969 0.00189499 0.00153172 0.00124415 0.00103705 0.000904323 0.000793119 0.000606086 0.000340682 0.000131439 3.63811e-05 7.80092e-06 1.35949e-06 1.92169e-07 2.03305e-08 1.1636e-09 0 
0 0.000152135 0.000539011 0.000927644 0.00143149 0.00205243 0.00275045 0.0034851 0.0042141 0.00489943 0.00553056 0.00610856 0.00651959 0.00671706 0.0067394 0.00660074 0.00628335 0.00579546 0.0052477 0.00469977 0.00414087 0.00358185 0.00304283 0.00254169 0.00209172 0.00170188 0.00137807 0.00112541 0.00094774 0.000831798 0.000716998 0.000522696 0.000277715 0.000102777 2.78712e-05 5.94497e-06 1.03907e-06 1.47859e-07 1.57714e-08 9.10498e-10 0 
0 0.000132414 0.000506884 0.000863324 0.00129829 0.00183993 0.00245115 0.00309496 0.00373372 0.00433049 0.00485432 0.0052893 0.0056232 0.00581623 0.00583849 0.00569195 0.00540659 0.00503468 0.00460862 0.00414087 0.00364916 0.00315485 0.00267767 0.0022337 0.00183502 0.00149022 0.00120558 0.000986441 0.000833744 0.00072744 0.000609019 0.000423309 0.000215017 7.74648e-05 2.08235e-05 4.45209e-06 7.84045e-07 1.12636e-07 1.2135e-08 7.07424e-10 0 
0 0.000110573 0.000467924 0.000802969 0.00116861 0.00162809 0.00215083 0.00270256 0.00325027 0.00376182 0.00420797 0.00456525 0.00481749 0.00495316 0.00496454 0.00485541 0.00464249 0.00434615 0.00398588 0.00358185 0.00315485 0.00272448 0.00230782 0.00191891 0.00156863 0.0012652 0.00101487 0.000821599 0.000682968 0.000580278 0.000470939 0.000319757 0.000161034 5.82535e-05 1.58208e-05 3.4222e-06 6.09382e-07 8.84201e-08 9.6102e-09 5.64573e-10 0 
0 8.77735e-05 0.000419207 0.000747511 0.00105054 0.00142725 0.00186255 0.00232433 0.00278345 0.00321246 0.00358653 0.00388502 0.00409292 0.00420159 0.00420888 0.00411913 0.00394241 0.00369285 0.00338707 0.00304283 0.00267767 0.00230782 0.00194745 0.00160844 0.00130061 0.00103224 0.000809475 0.000634217 0.000503248 0.000407843 0.000326549 0.000229374 0.000122088 4.63114e-05 1.2961e-05 2.84914e-06 5.11406e-07 7.44865e-08 8.10925e-09 4.76617e-10 0 
0 6.55474e-05 0.000358508 0.000692663 0.000950576 0.00124712 0.00159753 0.00197375 0.0023493 0.00270075 0.00300733 0.00325191 0.00342197 0.00351031 0.00351525 0.00344025 0.00329322 0.00308543 0.0028302 0.00254169 0.0022337 0.00191891 0.00160844 0.0013123 0.00104146 0.000810925 0.000635018 0.000508532 0.000403786 0.000305971 0.000227277 0.000165205 9.81808e-05 4.0703e-05 1.18777e-05 2.6386e-06 4.71812e-07 6.81081e-08 7.33954e-09 4.27039e-10 0 
0 4.55416e-05 0.000286731 0.000627815 0.00087008 0.0010967 0.00136564 0.00166152 0.00196 0.00224046 0.0024855 0.00268103 0.00281683 0.00288697 0.00288995 0.00282841 0.00270847 0.00253882 0.00232969 0.00209172 0.00183502 0.00156863 0.00130061 0.00104146 0.000816586 0.000680121 0.000672807 0.000727841 0.000692021 0.000508472 0.000289543 0.000151923 8.5643e-05 3.87328e-05 1.18279e-05 2.62997e-06 4.62337e-07 6.53468e-08 6.89982e-09 3.94106e-10 0 
0 2.91172e-05 0.000209754 0.000539577 0.000799071 0.000981516 0.00117617 0.00139661 0.00162449 0.00184103 0.00203112 0.00218306 0.00228849 0.00234255 0.00234389 0.0022944 0.00219864 0.00206304 0.00189499 0.00170188 0.00149022 0.0012652 0.00103224 0.000810925 0.000680121 0.000798747 0.00125921 0.00196063 0.00233824 0.00143342 0.000728144 0.000269816 9.49691e-05 3.84461e-05 1.19511e-05 2.63222e-06 4.51209e-07 6.20872e-08 6.39845e-09 3.57815e-10 0 
0 1.69623e-05 0.000137467 0.000422218 0.000712604 0.000894604 0.00103573 0.00118763 0.00135027 0.00150904 0.00165038 0.00176403 0.00184293 0.00188298 0.00188292 0.00184398 0.00176938 0.00166364 0.00153172 0.00137807 0.00120558 0.00101487 0.000809475 0.000635018 0.000672807 0.00125921 0.00282112 0.00490154 0.00510275 0.00409217 0.0016829 0.000568822 0.000145123 4.08284e-05 1.16634e-05 2.48655e-06 4.13298e-07 5.53859e-08 5.58336e-09 3.06492e-10 0 
0 8.93366e-06 7.94364e-05 0.000288752 0.000582369 0.000804516 0.000936391 0.00103983 0.00114494 0.0012509 0.00134815 0.00142774 0.00148327 0.00151104 0.00150968 0.00147984 0.00142366 0.00134412 0.00124415 0.00112541 0.000986441 0.000821599 0.000634217 0.000508532 0.000727841 0.00196063 0.00490154 0.00553184 0.00560983 0.0052807 0.00346841 0.00091177 0.000210822 4.46117e-05 1.06632e-05 2.12536e-06 3.40709e-07 4.4657e-08 4.43187e-09 2.40295e-10 0 
0 4.23273e-06 4.0119e-05 0.000167457 0.000408008 0.000662983 0.000836151 0.000936845 0.00100819 0.00107182 0.00113023 0.00117906 0.00121342 0.00122999 0.00122723 0.00120526 0.00116529 0.00110894 0.00103705 0.00094774 0.000833744 0.000682968 0.000503248 0.000403786 0.000692021 0.00233824 0.00510275 0.00560983 0.0056778 0.0054172 0.00410279 0.00100784 0.000226199 4.25079e-05 8.67087e-06 1.58859e-06 2.45722e-07 3.17553e-08 3.13098e-09 1.69076e-10 0 
0 1.80033e-06 1.76863e-05 8.13339e-05 0.000233031 0.000456479 0.000669558 0.000815977 0.000901947 0.000954355 0.000990837 0.00101761 0.00103515 0.0010423 0.00103814 0.00102244 0.00099539 0.000956752 0.000904323 0.000831798 0.00072744 0.000580278 0.000407843 0.000305971 0.000508472 0.00143342 0.00409217 0.0052807 0.0054172 0.00502312 0.00250993 0.000743907 0.000167711 3.11441e-05 5.85374e-06 1.00487e-06 1.52069e-07 1.96236e-08 1.94331e-09 1.05496e-10 0 
0 6.87586e-07 6.8366e-06 3.32425e-05 0.000106689 0.000245703 0.00042881 0.000604284 0.000736031 0.000820716 0.00087114 0.000899983 0.00091492 0.000919565 0.000915282 0.000902235 0.000879553 0.000844801 0.000793119 0.000716998 0.000609019 0.000470939 0.000326549 0.000227277 0.000289543 0.000728144 0.0016829 0.00346841 0.00410279 0.00250993 0.00111681 0.000369602 8.58844e-05 1.69107e-05 3.12776e-06 5.25559e-07 7.98934e-08 1.04619e-08 1.0526e-09 5.79852e-11 0 
0 2.36146e-07 2.3342e-06 1.1607e-05 3.97073e-05 0.000102019 0.000205424 0.000336805 0.000469332 0.000580596 0.000662003 0.000715388 0.000746225 0.000759465 0.000758174 0.000743444 0.000714627 0.000669695 0.000606086 0.000522696 0.000423309 0.000319757 0.000229374 0.000165205 0.000151923 0.000269816 0.000568822 0.00091177 0.00100784 0.000743907 0.000369602 0.000125392 3.18342e-05 6.88122e-06 1.3103e-06 2.26453e-07 3.55994e-08 4.80507e-09 4.96397e-10 2.79868e-11 0 
0 7.30337e-08 7.08978e-07 3.52231e-06 1.23593e-05 3.36401e-05 7.40558e-05 0.000135688 0.000212685 0.000293452 0.000366358 0.000423821 0.000462761 0.00048297 0.000485377 0.000471059 0.000441037 0.000396707 0.000340682 0.000277715 0.000215017 0.000161034 0.000122088 9.81808e-05 8.5643e-05 9.49691e-05 0.000145123 0.000210822 0.000226199 0.000167711 8.58844e-05 3.18342e-05 9.18554e-06 2.1671e-06 4.41652e-07 8.16274e-08 1.35437e-08 1.90576e-09 2.03849e-10 1.18468e-11 0 
0 2.03396e-08 1.92461e-07 9.41603e-07 3.30542e-06 9.18319e-06 2.10854e-05 4.10694e-05 6.92877e-05 0.000103249 0.00013847 0.000170017 0.000193875 0.000207569 0.000210156 0.000201976 0.000184434 0.000159873 0.000131439 0.000102777 7.74648e-05 5.82535e-05 4.63114e-05 4.0703e-05 3.87328e-05 3.84461e-05 4.08284e-05 4.46117e-05 4.25079e-05 3.11441e-05 1.69107e-05 6.88122e-06 2.1671e-06 5.58247e-07 1.25259e-07 2.5155e-08 4.43753e-09 6.54867e-10 7.29477e-11 4.39368e-12 0 
0 5.08482e-09 4.67074e-08 2.23223e-07 7.72856e-07 2.14356e-06 4.97948e-06 9.93806e-06 1.73529e-05 2.69144e-05 3.75889e-05 4.78521e-05 5.61135e-05 6.11242e-05 6.22344e-05 5.94718e-05 5.34775e-05 4.53428e-05 3.63811e-05 2.78712e-05 2.08235e-05 1.58208e-05 1.2961e-05 1.18777e-05 1.18279e-05 1.19511e-05 1.16634e-05 1.06632e-05 8.67087e-06 5.85374e-06 3.12776e-06 1.3103e-06 4.41652e-07 1.25259e-07 3.09641e-08 6.71994e-09 1.25845e-09 1.95207e-10 2.27237e-11 1.42368e-12 0 
0 1.13114e-09 1.00684e-08 4.68202e-08 1.58715e-07 4.34345e-07 1.00397e-06 2.01015e-06 3.54573e-06 5.58241e-06 7.93124e-06 1.02655e-05 1.22027e-05 1.34118e-05 1.37025e-05 1.30681e-05 1.16753e-05 9.80993e-06 7.80092e-06 5.94497e-06 4.45209e-06 3.4222e-06 2.84914e-06 2.6386e-06 2.62997e-06 2.63222e-06 2.48655e-06 2.12536e-06 1.58859e-06 1.00487e-06 5.25559e-07 2.26453e-07 8.16274e-08 2.5155e-08 6.71994e-09 1.55658e-09 3.08245e-10 5.02697e-11 6.12513e-12 4.00015e-13 0 
0 2.19599e-10 1.89365e-09 8.55617e-09 2.83071e-08 7.60118e-08 1.73406e-07 3.44622e-07 6.06425e-07 9.56219e-07 1.3641e-06 1.77469e-06 2.12002e-06 2.33876e-06 2.39414e-06 2.2837e-06 2.038e-06 1.70995e-06 1.35949e-06 1.03907e-06 7.84045e-07 6.09382e-07 5.11406e-07 4.71812e-07 4.62337e-07 4.51209e-07 4.13298e-07 3.40709e-07 2.45722e-07 1.52069e-07 7.98934e-08 3.55994e-08 1.35437e-08 4.43753e-09 1.25845e-09 3.08245e-10 6.43215e-11 1.10183e-11 1.40544e-12 9.57498e-14 0 
0 3.56743e-11 2.98232e-10 1.30944e-09 4.22419e-09 1.11061e-08 2.49176e-08 4.89158e-08 8.53667e-08 1.33951e-07 1.90652e-07 2.47915e-07 2.9632e-07 3.27226e-07 3.35359e-07 3.20275e-07 2.86246e-07 2.40734e-07 1.92169e-07 1.47859e-07 1.12636e-07 8.84201e-08 7.44865e-08 6.81081e-08 6.53468e-08 6.20872e-08 5.53859e-08 4.4657e-08 3.17553e-08 1.96236e-08 1.04619e-08 4.80507e-09 1.90576e-09 6.54867e-10 1.95207e-10 5.02697e-11 1.10183e-11 1.97891e-12 2.64e-13 1.87578e-14 0 
0 4.38058e-12 3.55486e-11 1.51821e-10 4.77758e-10 1.22946e-09 2.70975e-09 5.24472e-09 9.05519e-09 1.40997e-08 1.99653e-08 2.58821e-08 3.08896e-08 3.41025e-08 3.49754e-08 3.34573e-08 2.9983e-08 2.53183e-08 2.03305e-08 1.57714e-08 1.2135e-08 9.6102e-09 8.10925e-09 7.33954e-09 6.89982e-09 6.39845e-09 5.58336e-09 4.43187e-09 3.13098e-09 1.94331e-09 1.0526e-09 4.96397e-10 2.03849e-10 7.29477e-11 2.27237e-11 6.12513e-12 1.40544e-12 2.64e-13 3.6773e-14 2.72221e-15 0 
0 2.90687e-13 2.29359e-12 9.54205e-12 2.93236e-11 7.39083e-11 1.60042e-10 3.05297e-10 5.2108e-10 8.04319e-10 1.1318e-09 1.46113e-09 1.73968e-09 1.91902e-09 1.96916e-09 1.88711e-09 1.69654e-09 1.43945e-09 1.1636e-09 9.10498e-10 7.07424e-10 5.64573e-10 4.76617e-10 4.27039e-10 3.94106e-10 3.57815e-10 3.06492e-10 2.40295e-10 1.69076e-10 1.05496e-10 5.79852e-11 2.79868e-11 1.18468e-11 4.39368e-12 1.42368e-12 4.00015e-13 9.57498e-14 1.87578e-14 2.72221e-15 2.0964e-16 0 
0 0 0 0 0 0 0 0 0 0 0 0 0 0 0 0 0 0 0 0 0 0 0 0 0 0 0 0 0 0 0 0 0 0 0 0 0 0 0 0 0 
