0 0 0 0 0 0 0 0 0 0 0 0 0 0 0 0 0 0 0 0 0 0 0 0 0 0 0 0 0 0 0 0 0 0 0 0 0 0 0 0 0 
0 6.21162e-12 5.94353e-11 3.0162e-10 1.13445e-09 3.50057e-09 9.25011e-09 2.13804e-08 4.37252e-08 7.96519e-08 1.29783e-07 1.89687e-07 2.49242e-07 2.94999e-07 3.1511e-07 3.04373e-07 2.66421e-07 2.11804e-07 1.5331e-07 1.01301e-07 6.12746e-08 3.40282e-08 1.74023e-08 8.22082e-09 3.59824e-09 1.46358e-09 5.5474e-10 1.96423e-10 6.51061e-11 2.02323e-11 5.89936e-12 1.61366e-12 4.13394e-13 9.88236e-14 2.18922e-14 4.43866e-15 8.05139e-16 1.24917e-16 1.49385e-17 9.82663e-19 0 
0 5.94353e-11 5.89437e-10 3.10136e-09 1.20886e-08 3.86105e-08 1.05406e-07 2.51066e-07 5.27509e-07 9.83783e-07 1.63478e-06 2.42694e-06 3.22559e-06 3.84549e-06 4.12041e-06 3.97635e-06 3.46394e-06 2.73068e-06 1.95323e-06 1.27136e-06 7.55389e-07 4.1103e-07 2.05521e-07 9.47593e-08 4.04269e-08 1.60124e-08 5.90675e-09 2.03508e-09 6.56449e-10 1.98612e-10 5.64235e-11 1.50515e-11 3.76492e-12 8.7999e-13 1.90904e-13 3.79709e-14 6.77003e-15 1.03467e-15 1.22176e-16 7.95647e-18 0 
0 3.0162e-10 3.10136e-09 1.69276e-08 6.84228e-08 2.26364e-07 6.38872e-07 1.56914e-06 3.38889e-06 6.47303e-06 1.0973e-05 1.6549e-05 2.22497e-05 2.672e-05 2.87214e-05 2.76953e-05 2.40158e-05 1.87772e-05 1.32758e-05 8.51425e-06 4.97004e-06 2.65012e-06 1.2957e-06 5.83126e-07 2.42504e-07 9.35436e-08 3.35888e-08 1.12633e-08 3.53696e-09 1.04239e-09 2.88706e-10 7.517e-11 1.83779e-11 4.20534e-12 8.94801e-13 1.74928e-13 3.07264e-14 4.63837e-15 5.42558e-16 3.51117e-17 0 
0 1.13445e-09 1.20886e-08 6.84228e-08 2.86727e-07 9.823e-07 2.86539e-06 7.25473e-06 1.60991e-05 3.14792e-05 5.44075e-05 8.331e-05 0.000113246 0.000136946 0.00014766 0.000142307 0.000122905 9.53879e-05 6.67266e-05 4.22095e-05 2.42321e-05 1.26746e-05 6.06523e-06 2.66681e-06 1.08205e-06 4.06863e-07 1.42342e-07 4.65032e-08 1.42322e-08 4.09068e-09 1.10609e-09 2.81529e-10 6.73943e-11 1.51287e-11 3.16484e-12 6.09806e-13 1.0587e-13 1.5846e-14 1.84416e-15 1.19184e-16 0 
0 3.50057e-09 3.86105e-08 2.26364e-07 9.823e-07 3.48093e-06 1.04824e-05 2.73248e-05 6.22216e-05 0.000124363 0.000218801 0.000339612 0.000466081 0.000566978 0.000613009 0.000590692 0.000508668 0.000392529 0.000272223 0.00017021 9.63032e-05 4.95092e-05 2.32316e-05 9.9972e-06 3.96439e-06 1.45553e-06 4.96998e-07 1.58474e-07 4.7357e-08 1.33014e-08 3.51884e-09 8.77621e-10 2.06254e-10 4.55566e-11 9.40176e-12 1.7925e-12 3.08975e-13 4.60878e-14 5.36711e-15 3.48542e-16 0 
0 9.25011e-09 1.05406e-07 6.38872e-07 2.86539e-06 1.04824e-05 3.25221e-05 8.70946e-05 0.000203018 0.000413647 0.00073858 0.00115841 0.00160049 0.00195445 0.00211702 0.00204076 0.00175562 0.00135104 0.000932183 0.000578231 0.00032356 0.000164019 7.56882e-05 3.19628e-05 1.2419e-05 4.46323e-06 1.49113e-06 4.65243e-07 1.36113e-07 3.74656e-08 9.72658e-09 2.385e-09 5.52313e-10 1.20534e-10 2.46559e-11 4.67629e-12 8.05115e-13 1.20479e-13 1.41384e-14 9.29173e-16 0 
0 2.13804e-08 2.51066e-07 1.56914e-06 7.25473e-06 2.73248e-05 8.70946e-05 0.000238868 0.000567914 0.0011745 0.00211769 0.00333844 0.00462037 0.00564273 0.00611297 0.00589946 0.00508573 0.00392172 0.00270752 0.00167589 0.000932497 0.000468326 0.000213416 8.87685e-05 3.39093e-05 1.19681e-05 3.92505e-06 1.20235e-06 3.45602e-07 9.35753e-08 2.39381e-08 5.79687e-09 1.32945e-09 2.88287e-10 5.88227e-11 1.1177e-11 1.93691e-12 2.9312e-13 3.49389e-14 2.34047e-15 0 
0 4.37252e-08 5.27509e-07 3.38889e-06 1.60991e-05 6.22216e-05 0.000203018 0.000567914 0.00137038 0.0028591 0.00516793 0.00812399 0.011179 0.0135773 0.0146717 0.0141879 0.0123085 0.00957591 0.00666965 0.00415429 0.00231627 0.00116018 0.000525006 0.000216117 8.15156e-05 2.83709e-05 9.17128e-06 2.77002e-06 7.85805e-07 2.10318e-07 5.33021e-08 1.28241e-08 2.93229e-09 6.36582e-10 1.30644e-10 2.50923e-11 4.41697e-12 6.81935e-13 8.31932e-14 5.71297e-15 0 
0 7.96519e-08 9.83783e-07 6.47303e-06 3.14792e-05 0.000124363 0.000413647 0.0011745 0.0028591 0.00597228 0.0107238 0.0166466 0.0225714 0.0270816 0.0290984 0.0282175 0.0247492 0.0195783 0.0138923 0.00879785 0.00496317 0.00250005 0.00113126 0.00046358 0.000173556 5.98636e-05 1.91708e-05 5.7393e-06 1.61608e-06 4.30276e-07 1.08799e-07 2.62141e-08 6.02935e-09 1.32324e-09 2.75973e-10 5.41346e-11 9.77281e-12 1.55153e-12 1.94781e-13 1.37464e-14 0 
0 1.29783e-07 1.63478e-06 1.0973e-05 5.44075e-05 0.000218801 0.00073858 0.00211769 0.00516793 0.0107238 0.0189563 0.0287922 0.038169 0.0449981 0.0479523 0.0466476 0.0415016 0.0335903 0.0244934 0.0159299 0.00918448 0.00469516 0.00214102 0.000879303 0.000328743 0.000113041 3.60814e-05 1.07778e-05 3.03444e-06 8.10322e-07 2.06338e-07 5.03073e-08 1.17719e-08 2.64292e-09 5.66683e-10 1.14709e-10 2.1408e-11 3.51196e-12 4.54361e-13 3.28971e-14 0 
0 1.89687e-07 2.42694e-06 1.6549e-05 8.331e-05 0.000339612 0.00115841 0.00333844 0.00812399 0.0166466 0.0287922 0.0425695 0.0549848 0.0635811 0.0671502 0.0655175 0.0591589 0.0490896 0.0369405 0.0248333 0.014748 0.00771329 0.00357171 0.0014805 0.000556509 0.000192093 6.1569e-05 1.85029e-05 5.25816e-06 1.42356e-06 3.69473e-07 9.23588e-08 2.22868e-08 5.18491e-09 1.15552e-09 2.43258e-10 4.71191e-11 7.98777e-12 1.06154e-12 7.84179e-14 0 
0 2.49242e-07 3.22559e-06 2.22497e-05 0.000113246 0.000466081 0.00160049 0.00462037 0.011179 0.0225714 0.038169 0.0549848 0.0693567 0.0788566 0.082647 0.0808341 0.0739194 0.0627202 0.0486321 0.0338167 0.0207533 0.0111615 0.00528089 0.00222431 0.00084682 0.000295813 9.60909e-05 2.93644e-05 8.52702e-06 2.3732e-06 6.37337e-07 1.65861e-07 4.18584e-08 1.02057e-08 2.38124e-09 5.2274e-10 1.04923e-10 1.82912e-11 2.47985e-12 1.8547e-13 0 
0 2.94999e-07 3.84549e-06 2.672e-05 0.000136946 0.000566978 0.00195445 0.00564273 0.0135773 0.0270816 0.0449981 0.0635811 0.0788566 0.0886259 0.09242 0.0905675 0.0835872 0.0721235 0.0572765 0.0410037 0.0259532 0.0143707 0.00697475 0.00300359 0.00116744 0.000416768 0.000138826 4.374e-05 1.31855e-05 3.83759e-06 1.08477e-06 2.9839e-07 7.96598e-08 2.04837e-08 5.00891e-09 1.14267e-09 2.36115e-10 4.1985e-11 5.75724e-12 4.32363e-13 0 
0 3.1511e-07 4.12041e-06 2.87214e-05 0.00014766 0.000613009 0.00211702 0.00611297 0.0146717 0.0290984 0.0479523 0.0671502 0.082647 0.09242 0.0962026 0.0944394 0.0876681 0.0764506 0.0616926 0.0451143 0.0292827 0.0166591 0.00831089 0.00368057 0.00147398 0.000544388 0.000188791 6.2422e-05 1.99131e-05 6.17617e-06 1.86745e-06 5.49062e-07 1.55842e-07 4.22281e-08 1.07643e-08 2.53119e-09 5.33452e-10 9.58507e-11 1.31784e-11 9.86097e-13 0 
0 3.04373e-07 3.97635e-06 2.76953e-05 0.000142307 0.000590692 0.00204076 0.00589946 0.0141879 0.0282175 0.0466476 0.0655175 0.0808341 0.0905675 0.0944394 0.0929008 0.0865068 0.0758218 0.0616956 0.0456981 0.0302053 0.0175956 0.00903677 0.00414328 0.00172945 0.000671353 0.000247113 8.75812e-05 3.01818e-05 1.01463e-05 3.31709e-06 1.04621e-06 3.14848e-07 8.9258e-08 2.34916e-08 5.63534e-09 1.19921e-09 2.15744e-10 2.95023e-11 2.18445e-12 0 
0 2.66421e-07 3.46394e-06 2.40158e-05 0.000122905 0.000508668 0.00175562 0.00508573 0.0123085 0.0247492 0.0415016 0.0591589 0.0739194 0.0835872 0.0876681 0.0865068 0.0806592 0.0707508 0.0576846 0.0429737 0.0287592 0.0171185 0.00908084 0.00435128 0.00192232 0.000800297 0.000319882 0.000124251 4.70811e-05 1.73329e-05 6.14079e-06 2.06852e-06 6.5429e-07 1.9198e-07 5.1585e-08 1.24895e-08 2.65772e-09 4.74694e-10 6.40963e-11 4.66783e-12 0 
0 2.11804e-07 2.73068e-06 1.87772e-05 9.53879e-05 0.000392529 0.00135104 0.00392172 0.00957591 0.0195783 0.0335903 0.0490896 0.0627202 0.0721235 0.0764506 0.0758218 0.0707508 0.0619434 0.0504045 0.0376164 0.0254339 0.0154979 0.00855598 0.00434559 0.00207311 0.000947821 0.000421099 0.000182575 7.68388e-05 3.10223e-05 1.18456e-05 4.22043e-06 1.38691e-06 4.16169e-07 1.12869e-07 2.72958e-08 5.75552e-09 1.01264e-09 1.34132e-10 9.55599e-12 0 
0 1.5331e-07 1.95323e-06 1.32758e-05 6.67266e-05 0.000272223 0.000932183 0.00270752 0.00666965 0.0138923 0.0244934 0.0369405 0.0486321 0.0572765 0.0616926 0.0616956 0.0576846 0.0504045 0.0409205 0.0306177 0.0209918 0.0132007 0.00769031 0.00422251 0.00222742 0.00114506 0.000576029 0.00028159 0.000131802 5.8038e-05 2.36551e-05 8.81001e-06 2.97058e-06 9.00533e-07 2.43736e-07 5.82845e-08 1.20722e-08 2.07709e-09 2.68296e-10 1.8611e-11 0 
0 1.01301e-07 1.27136e-06 8.51425e-06 4.22095e-05 0.00017021 0.000578231 0.00167589 0.00415429 0.00879785 0.0159299 0.0248333 0.0338167 0.0410037 0.0451143 0.0456981 0.0429737 0.0376164 0.0306177 0.0231392 0.0162671 0.0107252 0.00672998 0.00409038 0.00244148 0.00143655 0.000826174 0.00045612 0.000236418 0.000112618 4.8473e-05 1.86422e-05 6.36782e-06 1.92612e-06 5.14356e-07 1.20415e-07 2.42959e-08 4.06041e-09 5.08762e-10 3.42244e-11 0 
0 6.12746e-08 7.55389e-07 4.97004e-06 2.42321e-05 9.63032e-05 0.00032356 0.000932497 0.00231627 0.00496317 0.00918448 0.014748 0.0207533 0.0259532 0.0292827 0.0302053 0.0287592 0.0254339 0.0209918 0.0162671 0.0119547 0.00845675 0.00585932 0.00403226 0.00276779 0.00187872 0.00123647 0.000768533 0.000438694 0.000224335 0.000100945 3.96003e-05 1.35211e-05 4.02779e-06 1.04889e-06 2.38054e-07 4.64238e-08 7.49083e-09 9.06412e-10 5.89449e-11 0 
0 3.40282e-08 4.1103e-07 2.65012e-06 1.26746e-05 4.95092e-05 0.000164019 0.000468326 0.00116018 0.00250005 0.00469516 0.00771329 0.0111615 0.0143707 0.0166591 0.0175956 0.0171185 0.0154979 0.0132007 0.0107252 0.00845675 0.00659496 0.00516541 0.00408662 0.00324318 0.00253493 0.00190066 0.00132506 0.000831006 0.000454708 0.000212348 8.39168e-05 2.81912e-05 8.14163e-06 2.04066e-06 4.44589e-07 8.32058e-08 1.28986e-08 1.50229e-09 9.42522e-11 0 
0 1.74023e-08 2.05521e-07 1.2957e-06 6.06523e-06 2.32316e-05 7.56882e-05 0.000213416 0.000525006 0.00113126 0.00214102 0.00357171 0.00528089 0.00697475 0.00831089 0.00903677 0.00908084 0.00855598 0.00769031 0.00672998 0.00585932 0.00516541 0.00464663 0.00424419 0.00387485 0.00345795 0.00293908 0.00230736 0.00160887 0.00095275 0.000462101 0.000181262 5.83446e-05 1.58784e-05 3.74831e-06 7.73732e-07 1.38002e-07 2.04781e-08 2.29158e-09 1.38618e-10 0 
0 8.22082e-09 9.47593e-08 5.83126e-07 2.66681e-06 9.9972e-06 3.19628e-05 8.87685e-05 0.000216117 0.00046358 0.000879303 0.0014805 0.00222431 0.00300359 0.00368057 0.00414328 0.00435128 0.00434559 0.00422251 0.00409038 0.00403226 0.00408662 0.00424419 0.00445203 0.00462643 0.00468804 0.00458392 0.00421252 0.00341175 0.00224812 0.00113782 0.000434114 0.000127938 3.09277e-05 6.53813e-06 1.24278e-06 2.08915e-07 2.95867e-08 3.18083e-09 1.85704e-10 0 
0 3.59824e-09 4.04269e-08 2.42504e-07 1.08205e-06 3.96439e-06 1.2419e-05 3.39093e-05 8.15156e-05 0.000173556 0.000328743 0.000556509 0.00084682 0.00116744 0.00147398 0.00172945 0.00192232 0.00207311 0.00222742 0.00244148 0.00276779 0.00324318 0.00387485 0.00462643 0.00545775 0.00648813 0.00794753 0.00930094 0.00898306 0.00646418 0.0033242 0.0012105 0.000318043 6.44167e-05 1.12428e-05 1.84959e-06 2.85567e-07 3.83991e-08 3.97163e-09 2.24433e-10 0 
0 1.46358e-09 1.60124e-08 9.35436e-08 4.06863e-07 1.45553e-06 4.46323e-06 1.19681e-05 2.83709e-05 5.98636e-05 0.000113041 0.000192093 0.000295813 0.000416768 0.000544388 0.000671353 0.000800297 0.000947821 0.00114506 0.00143655 0.00187872 0.00253493 0.00345795 0.00468804 0.00648813 0.0100488 0.0168751 0.0245255 0.0261561 0.0193029 0.00973991 0.00337579 0.000811755 0.000140712 1.96173e-05 2.59395e-06 3.50658e-07 4.42487e-08 4.4119e-09 2.42431e-10 0 
0 5.5474e-10 5.90675e-09 3.35888e-08 1.42342e-07 4.96998e-07 1.49113e-06 3.92505e-06 9.17128e-06 1.91708e-05 3.60814e-05 6.1569e-05 9.60909e-05 0.000138826 0.000188791 0.000247113 0.000319882 0.000421099 0.000576029 0.000826174 0.00123647 0.00190066 0.00293908 0.00458392 0.00794753 0.0168751 0.0353181 0.0561605 0.0616825 0.0456754 0.0227021 0.00761552 0.00173974 0.000275245 3.24476e-05 3.40801e-06 3.85104e-07 4.48167e-08 4.31716e-09 2.32117e-10 0 
0 1.96423e-10 2.03508e-09 1.12633e-08 4.65032e-08 1.58474e-07 4.65243e-07 1.20235e-06 2.77002e-06 5.7393e-06 1.07778e-05 1.85029e-05 2.93644e-05 4.374e-05 6.2422e-05 8.75812e-05 0.000124251 0.000182575 0.00028159 0.00045612 0.000768533 0.00132506 0.00230736 0.00421252 0.00930094 0.0245255 0.0561605 0.0917301 0.101539 0.075242 0.0372021 0.0123009 0.00273834 0.00041386 4.44047e-05 3.93334e-06 3.71192e-07 3.9474e-08 3.68975e-09 1.95625e-10 0 
0 6.51061e-11 6.56449e-10 3.53696e-09 1.42322e-08 4.7357e-08 1.36113e-07 3.45602e-07 7.85805e-07 1.61608e-06 3.03444e-06 5.25816e-06 8.52702e-06 1.31855e-05 1.99131e-05 3.01818e-05 4.70811e-05 7.68388e-05 0.000131802 0.000236418 0.000438694 0.000831006 0.00160887 0.00341175 0.00898306 0.0261561 0.0616825 0.101539 0.112648 0.0834904 0.0412168 0.0135596 0.00298387 0.000441188 4.52078e-05 3.63642e-06 3.01735e-07 2.98322e-08 2.73546e-09 1.44374e-10 0 
0 2.02323e-11 1.98612e-10 1.04239e-09 4.09068e-09 1.33014e-08 3.74656e-08 9.35753e-08 2.10318e-07 4.30276e-07 8.10322e-07 1.42356e-06 2.3732e-06 3.83759e-06 6.17617e-06 1.01463e-05 1.73329e-05 3.10223e-05 5.8038e-05 0.000112618 0.000224335 0.000454708 0.00095275 0.00224812 0.00646418 0.0193029 0.0456754 0.075242 0.0834904 0.0618814 0.0305445 0.0100385 0.0021994 0.000322133 3.24181e-05 2.51297e-06 1.98064e-07 1.9085e-08 1.75083e-09 9.30027e-11 0 
0 5.89936e-12 5.64235e-11 2.88706e-10 1.10609e-09 3.51884e-09 9.72658e-09 2.39381e-08 5.33021e-08 1.08799e-07 2.06338e-07 3.69473e-07 6.37337e-07 1.08477e-06 1.86745e-06 3.31709e-06 6.14079e-06 1.18456e-05 2.36551e-05 4.8473e-05 0.000100945 0.000212348 0.000462101 0.00113782 0.0033242 0.00973991 0.0227021 0.0372021 0.0412168 0.0305445 0.0150886 0.00496352 0.00108654 0.000158921 1.6029e-05 1.25958e-06 1.02712e-07 1.02725e-08 9.6597e-10 5.22271e-11 0 
0 1.61366e-12 1.50515e-11 7.517e-11 2.81529e-10 8.77621e-10 2.385e-09 5.79687e-09 1.28241e-08 2.62141e-08 5.03073e-08 9.23588e-08 1.65861e-07 2.9839e-07 5.49062e-07 1.04621e-06 2.06852e-06 4.22043e-06 8.81001e-06 1.86422e-05 3.96003e-05 8.39168e-05 0.000181262 0.000434114 0.0012105 0.00337579 0.00761552 0.0123009 0.0135596 0.0100385 0.00496352 0.00163487 0.00035855 5.28412e-05 5.46921e-06 4.61884e-07 4.26141e-08 4.68059e-09 4.60265e-10 2.55757e-11 0 
0 4.13394e-13 3.76492e-12 1.83779e-11 6.73943e-11 2.06254e-10 5.52313e-10 1.32945e-09 2.93229e-09 6.02935e-09 1.17719e-08 2.22868e-08 4.18584e-08 7.96598e-08 1.55842e-07 3.14848e-07 6.5429e-07 1.38691e-06 2.97058e-06 6.36782e-06 1.35211e-05 2.81912e-05 5.83446e-05 0.000127938 0.000318043 0.000811755 0.00173974 0.00273834 0.00298387 0.0021994 0.00108654 0.00035855 7.92587e-05 1.19656e-05 1.32451e-06 1.30646e-07 1.47651e-08 1.8312e-09 1.90112e-10 1.09332e-11 0 
0 9.88236e-14 8.7999e-13 4.20534e-12 1.51287e-11 4.55566e-11 1.20534e-10 2.88287e-10 6.36582e-10 1.32324e-09 2.64292e-09 5.18491e-09 1.02057e-08 2.04837e-08 4.22281e-08 8.9258e-08 1.9198e-07 4.16169e-07 9.00533e-07 1.92612e-06 4.02779e-06 8.14163e-06 1.58784e-05 3.09277e-05 6.44167e-05 0.000140712 0.000275245 0.00041386 0.000441188 0.000322133 0.000158921 5.28412e-05 1.19656e-05 1.92272e-06 2.46732e-07 3.14471e-08 4.48301e-09 6.22688e-10 6.82786e-11 4.08192e-12 0 
0 2.18922e-14 1.90904e-13 8.94801e-13 3.16484e-12 9.40176e-12 2.46559e-11 5.88227e-11 1.30644e-10 2.75973e-10 5.66683e-10 1.15552e-09 2.38124e-09 5.00891e-09 1.07643e-08 2.34916e-08 5.1585e-08 1.12869e-07 2.43736e-07 5.14356e-07 1.04889e-06 2.04066e-06 3.74831e-06 6.53813e-06 1.12428e-05 1.96173e-05 3.24476e-05 4.44047e-05 4.52078e-05 3.24181e-05 1.6029e-05 5.46921e-06 1.32451e-06 2.46732e-07 4.123e-08 7.08884e-09 1.21865e-09 1.84643e-10 2.13201e-11 1.32853e-12 0 
0 4.43866e-15 3.79709e-14 1.74928e-13 6.09806e-13 1.7925e-12 4.67629e-12 1.1177e-11 2.50923e-11 5.41346e-11 1.14709e-10 2.43258e-10 5.2274e-10 1.14267e-09 2.53119e-09 5.63534e-09 1.24895e-08 2.72958e-08 5.82845e-08 1.20415e-07 2.38054e-07 4.44589e-07 7.73732e-07 1.24278e-06 1.84959e-06 2.59395e-06 3.40801e-06 3.93334e-06 3.63642e-06 2.51297e-06 1.25958e-06 4.61884e-07 1.30646e-07 3.14471e-08 7.08884e-09 1.51987e-09 2.93393e-10 4.74483e-11 5.75483e-12 3.74324e-13 0 
0 8.05139e-16 6.77003e-15 3.07264e-14 1.0587e-13 3.08975e-13 8.05115e-13 1.93691e-12 4.41697e-12 9.77281e-12 2.1408e-11 4.71191e-11 1.04923e-10 2.36115e-10 5.33452e-10 1.19921e-09 2.65772e-09 5.75552e-09 1.20722e-08 2.42959e-08 4.64238e-08 8.32058e-08 1.38002e-07 2.08915e-07 2.85567e-07 3.50658e-07 3.85104e-07 3.71192e-07 3.01735e-07 1.98064e-07 1.02712e-07 4.26141e-08 1.47651e-08 4.48301e-09 1.21865e-09 2.93393e-10 6.08368e-11 1.03871e-11 1.32115e-12 8.97406e-14 0 
0 1.24917e-16 1.03467e-15 4.63837e-15 1.5846e-14 4.60878e-14 1.20479e-13 2.9312e-13 6.81935e-13 1.55153e-12 3.51196e-12 7.98777e-12 1.82912e-11 4.1985e-11 9.58507e-11 2.15744e-10 4.74694e-10 1.01264e-09 2.07709e-09 4.06041e-09 7.49083e-09 1.28986e-08 2.04781e-08 2.95867e-08 3.83991e-08 4.42487e-08 4.48167e-08 3.9474e-08 2.98322e-08 1.9085e-08 1.02725e-08 4.68059e-09 1.8312e-09 6.22688e-10 1.84643e-10 4.74483e-11 1.03871e-11 1.863e-12 2.48106e-13 1.75918e-14 0 
0 1.49385e-17 1.22176e-16 5.42558e-16 1.84416e-15 5.36711e-15 1.41384e-14 3.49389e-14 8.31932e-14 1.94781e-13 4.54361e-13 1.06154e-12 2.47985e-12 5.75724e-12 1.31784e-11 2.95023e-11 6.40963e-11 1.34132e-10 2.68296e-10 5.08762e-10 9.06412e-10 1.50229e-09 2.29158e-09 3.18083e-09 3.97163e-09 4.4119e-09 4.31716e-09 3.68975e-09 2.73546e-09 1.75083e-09 9.6597e-10 4.60265e-10 1.90112e-10 6.82786e-11 2.13201e-11 5.75483e-12 1.32115e-12 2.48106e-13 3.45298e-14 2.5528e-15 0 
0 9.82663e-19 7.95647e-18 3.51117e-17 1.19184e-16 3.48542e-16 9.29173e-16 2.34047e-15 5.71297e-15 1.37464e-14 3.28971e-14 7.84179e-14 1.8547e-13 4.32363e-13 9.86097e-13 2.18445e-12 4.66783e-12 9.55599e-12 1.8611e-11 3.42244e-11 5.89449e-11 9.42522e-11 1.38618e-10 1.85704e-10 2.24433e-10 2.42431e-10 2.32117e-10 1.95625e-10 1.44374e-10 9.30027e-11 5.22271e-11 2.55757e-11 1.09332e-11 4.08192e-12 1.32853e-12 3.74324e-13 8.97406e-14 1.75918e-14 2.5528e-15 1.96469e-16 0 
0 0 0 0 0 0 0 0 0 0 0 0 0 0 0 0 0 0 0 0 0 0 0 0 0 0 0 0 0 0 0 0 0 0 0 0 0 0 0 0 0 
