0 0 0 0 0 0 0 0 0 0 0 0 0 0 0 0 0 0 0 0 0 0 0 0 0 0 0 0 0 0 0 0 0 0 0 0 0 0 0 0 0 
0 1.75726e-07 1.52923e-06 6.42807e-06 1.80697e-05 3.80227e-05 6.43073e-05 9.25753e-05 0.000118796 0.000140691 0.000157576 0.000169652 0.000177411 0.000181342 0.000181821 0.000179096 0.000173308 0.000164516 0.000152754 0.000138112 0.000120855 0.000101564 8.1215e-05 6.11513e-05 4.28721e-05 2.76743e-05 1.62809e-05 8.65839e-06 4.14025e-06 1.77588e-06 6.83313e-07 2.36187e-07 7.34425e-08 2.05455e-08 5.15527e-09 1.15025e-09 2.2385e-10 3.64353e-11 4.48094e-12 2.97714e-13 0 
0 1.52923e-06 1.33877e-05 5.34581e-05 0.00013332 0.000236211 0.000330678 0.000400818 0.000449193 0.00048369 0.000509735 0.000529434 0.000543013 0.000550147 0.000550686 0.000544936 0.000533651 0.000517845 0.00049846 0.000475914 0.000449619 0.000417699 0.000377315 0.000325995 0.000263875 0.000195631 0.000130029 7.61957e-05 3.89884e-05 1.73873e-05 6.7866e-06 2.33545e-06 7.13806e-07 1.94722e-07 4.74368e-08 1.02559e-08 1.93334e-09 3.0502e-10 3.64073e-11 2.35148e-12 0 
0 6.42807e-06 5.34581e-05 0.000184309 0.000366302 0.000514182 0.000609785 0.000683075 0.000753821 0.000824265 0.000889468 0.00094376 0.000982844 0.0010042 0.00100702 0.000992038 0.000961341 0.000918087 0.000866259 0.000810345 0.000754858 0.000703451 0.000657324 0.000613064 0.000561269 0.000489087 0.000389278 0.000271294 0.000160322 7.92022e-05 3.2829e-05 1.15878e-05 3.54492e-06 9.53225e-07 2.26942e-07 4.77477e-08 8.74543e-09 1.34063e-09 1.55629e-10 9.79031e-12 0 
0 1.80697e-05 0.00013332 0.000366302 0.000574044 0.000709799 0.000835167 0.000976726 0.00112712 0.00127288 0.00140265 0.00150785 0.00158251 0.0016232 0.00162905 0.00160152 0.00154414 0.00146203 0.0013615 0.00124948 0.00113326 0.00102021 0.00091758 0.000831513 0.000764015 0.000707276 0.00063935 0.000532594 0.000381734 0.000223125 0.000104245 3.94126e-05 1.24062e-05 3.34352e-06 7.85815e-07 1.61942e-07 2.89516e-08 4.3275e-09 4.90008e-10 3.01002e-11 0 
0 3.80227e-05 0.000236211 0.000514182 0.000709799 0.00089108 0.00110848 0.00135003 0.00159524 0.00182688 0.00203059 0.00219478 0.00231099 0.00237437 0.00238369 0.00234125 0.00225238 0.00212479 0.00196777 0.00179144 0.00160597 0.00142107 0.0012458 0.00108872 0.000958042 0.000859496 0.000788585 0.000718796 0.000604963 0.000427564 0.000236263 0.000100271 3.35918e-05 9.26661e-06 2.17749e-06 4.43084e-07 7.77504e-08 1.138e-08 1.26124e-09 7.58778e-11 0 
0 6.43073e-05 0.000330678 0.000609785 0.000835167 0.00110848 0.00143167 0.00177829 0.00212489 0.00245035 0.00273579 0.00296551 0.00312805 0.00321673 0.00322986 0.00317059 0.00304641 0.00286799 0.00264815 0.00240071 0.00213947 0.00187734 0.00162572 0.00139441 0.00119208 0.00102714 0.000906397 0.000825011 0.000747849 0.000613474 0.00040456 0.000199249 7.33775e-05 2.11911e-05 5.04849e-06 1.02326e-06 1.77302e-07 2.55272e-08 2.77944e-09 1.64288e-10 0 
0 9.25753e-05 0.000400818 0.000683075 0.000976726 0.00135003 0.00177829 0.00223205 0.00268393 0.00310752 0.00347884 0.00377901 0.0039963 0.00412068 0.00414011 0.00405578 0.00388622 0.0036508 0.00336412 0.00304194 0.00270141 0.00235891 0.00202878 0.00172277 0.00145025 0.0012191 0.00103721 0.000910517 0.000827512 0.000734459 0.000559565 0.000321821 0.000133149 4.10525e-05 1.00474e-05 2.04575e-06 3.52072e-07 5.0086e-08 5.37748e-09 3.13289e-10 0 
0 0.000118796 0.000449193 0.000753821 0.00112712 0.00159524 0.00212489 0.00268393 0.00323991 0.00376119 0.00422485 0.00463627 0.00498243 0.00518901 0.00522291 0.00508765 0.00480814 0.0044535 0.00407817 0.00367833 0.00325895 0.00283698 0.00242951 0.00205057 0.00171078 0.00141794 0.00117871 0.00100038 0.000884805 0.000802033 0.000670953 0.000441909 0.000206517 6.88243e-05 1.74832e-05 3.60164e-06 6.18825e-07 8.73408e-08 9.27879e-09 5.34445e-10 0 
0 0.000140691 0.00048369 0.000824265 0.00127288 0.00182688 0.00245035 0.00310752 0.00376119 0.00438363 0.0050061 0.0055838 0.00593214 0.00608748 0.00611058 0.00601439 0.005774 0.00534096 0.00479117 0.00427825 0.00377995 0.00328348 0.00280397 0.00235733 0.00195557 0.00160693 0.00131719 0.00109221 0.000937885 0.00084237 0.000739407 0.000539708 0.000282037 0.000101889 2.70152e-05 5.65831e-06 9.74476e-07 1.3692e-07 1.44372e-08 8.24425e-10 0 
0 0.000157576 0.000509735 0.000889468 0.00140265 0.00203059 0.00273579 0.00347884 0.00422485 0.0050061 0.00577459 0.0062146 0.00643866 0.00654303 0.00655845 0.00649154 0.00633164 0.00604109 0.00552507 0.00484369 0.00423851 0.00367296 0.00313048 0.00262493 0.00216945 0.00177285 0.00144053 0.00117687 0.000987736 0.000870904 0.000778502 0.00060916 0.000348953 0.00013581 3.75919e-05 8.02177e-06 1.38823e-06 1.94685e-07 2.04269e-08 1.15929e-09 0 
0 0.000169652 0.000529434 0.00094376 0.00150785 0.00219478 0.00296551 0.00377901 0.00463627 0.0055838 0.0062146 0.0065363 0.00671342 0.00679866 0.00681101 0.00675508 0.0066247 0.0063984 0.00601992 0.00537164 0.00462562 0.00398528 0.00339103 0.0028384 0.00234012 0.00190547 0.00153973 0.00124626 0.00102984 0.0008924 0.000800086 0.000653433 0.000400804 0.000165885 4.77016e-05 1.03623e-05 1.80375e-06 2.52917e-07 2.64596e-08 1.49557e-09 0 
0 0.000177411 0.000543013 0.000982844 0.00158251 0.00231099 0.00312805 0.0039963 0.00498243 0.00593214 0.00643866 0.00671342 0.00687008 0.0069465 0.00695724 0.00690611 0.00678863 0.00658924 0.00626906 0.00572662 0.00493094 0.00420698 0.00357254 0.00298684 0.00245865 0.00199749 0.00160859 0.0012947 0.0010596 0.0009067 0.000810832 0.000678291 0.000435414 0.000188425 5.57952e-05 1.22979e-05 2.15232e-06 3.02035e-07 3.15552e-08 1.77949e-09 0 
0 0.000181342 0.000550147 0.0010042 0.0016232 0.00237437 0.00321673 0.00412068 0.00518901 0.00608748 0.00654303 0.00679866 0.0069465 0.00701887 0.00702864 0.00697926 0.00686691 0.00667824 0.00638067 0.0058897 0.00510808 0.00432752 0.00366746 0.00306395 0.00251987 0.00204467 0.00164355 0.00131893 0.00107396 0.000912463 0.000813663 0.000688497 0.00045309 0.000201248 6.06752e-05 1.35007e-05 2.3723e-06 3.33289e-07 3.48138e-08 1.96167e-09 0 
0 0.000181821 0.000550686 0.00100702 0.00162905 0.00238369 0.00322986 0.00414011 0.00522291 0.00611058 0.00655845 0.00681101 0.00695724 0.00702864 0.00703779 0.0069881 0.00687581 0.00668787 0.0063926 0.00590805 0.00512925 0.00433801 0.00367385 0.00306826 0.00252248 0.00204585 0.0016435 0.00131774 0.00107154 0.000908714 0.000809571 0.000686843 0.000454936 0.000203573 6.17284e-05 1.37837e-05 2.42689e-06 3.41355e-07 3.56822e-08 2.01162e-09 0 
0 0.000179096 0.000544936 0.000992038 0.00160152 0.00234125 0.00317059 0.00405578 0.00508765 0.00601439 0.00649154 0.00675508 0.00690611 0.00697926 0.0069881 0.00693619 0.00681937 0.00662326 0.00631249 0.00579448 0.0049968 0.00424114 0.00359545 0.00300279 0.00246876 0.00200265 0.00160951 0.0012917 0.0010524 0.000895195 0.000798589 0.000674218 0.000441948 0.000195749 5.89893e-05 1.31415e-05 2.31379e-06 3.25803e-07 3.41101e-08 1.92636e-09 0 
0 0.000173308 0.000533651 0.000961341 0.00154414 0.00225238 0.00304641 0.00388622 0.00480814 0.005774 0.00633164 0.0066247 0.00678863 0.00686691 0.00687581 0.00681937 0.00669233 0.00647667 0.00612649 0.00552736 0.00473563 0.00405335 0.00344114 0.00287446 0.00236406 0.00191907 0.00154439 0.00124267 0.00101763 0.000872096 0.000779903 0.000649852 0.00041487 0.000179043 5.30753e-05 1.17394e-05 2.06376e-06 2.90965e-07 3.05401e-08 1.73004e-09 0 
0 0.000164516 0.000517845 0.000918087 0.00146203 0.00212479 0.00286799 0.0036508 0.0044535 0.00534096 0.00604109 0.0063984 0.00658924 0.00667824 0.00668787 0.00662326 0.00647667 0.00622141 0.00578675 0.00509166 0.00439926 0.00379377 0.00322328 0.00269309 0.00221599 0.00180071 0.0014521 0.00117328 0.000968678 0.000839271 0.000751314 0.000611574 0.00037462 0.00015556 4.50354e-05 9.86078e-06 1.72999e-06 2.44393e-07 2.57499e-08 1.46539e-09 0 
0 0.000152754 0.00049846 0.000866259 0.0013615 0.00196777 0.00264815 0.00336412 0.00407817 0.00479117 0.00552507 0.00601992 0.00626906 0.00638067 0.0063926 0.00631249 0.00612649 0.00578675 0.0052216 0.00458918 0.00402334 0.00347907 0.00295638 0.00247032 0.00203346 0.00165403 0.00133696 0.0010861 0.000906354 0.000794864 0.000708313 0.000556457 0.000323134 0.000128174 3.61402e-05 7.83226e-06 1.37276e-06 1.94619e-07 2.06204e-08 1.18101e-09 0 
0 0.000138112 0.000475914 0.000810345 0.00124948 0.00179144 0.00240071 0.00304194 0.00367833 0.00427825 0.00484369 0.00537164 0.00572662 0.0058897 0.00590805 0.00579448 0.00552736 0.00509166 0.00458918 0.00410316 0.0036144 0.00312639 0.00265591 0.00221849 0.00182574 0.00148548 0.00120287 0.000982606 0.000829091 0.000733243 0.000643596 0.000482553 0.000264366 0.000100299 2.76414e-05 5.95002e-06 1.04495e-06 1.49049e-07 1.59154e-08 9.19157e-10 0 
0 0.000120855 0.000449619 0.000754858 0.00113326 0.00160597 0.00213947 0.00270141 0.00325895 0.00377995 0.00423851 0.00462562 0.00493094 0.00510808 0.00512925 0.0049968 0.00473563 0.00439926 0.00402334 0.0036144 0.00318515 0.00275369 0.00233719 0.00194966 0.00160169 0.00130074 0.00105236 0.000861594 0.000730457 0.000643449 0.00054922 0.000392217 0.000204801 7.53859e-05 2.05422e-05 4.42519e-06 7.82297e-07 1.12585e-07 1.21375e-08 7.07639e-10 0 
0 0.000101564 0.000417699 0.000703451 0.00102021 0.00142107 0.00187734 0.00235891 0.00283698 0.00328348 0.00367296 0.00398528 0.00420698 0.00432752 0.00433801 0.00424114 0.00405335 0.00379377 0.00347907 0.00312639 0.00275369 0.00237804 0.00201436 0.0016749 0.00136917 0.00110435 0.00088601 0.000718032 0.000599217 0.00051428 0.000425103 0.000295706 0.000152515 5.61837e-05 1.54332e-05 3.35922e-06 6.0003e-07 8.71855e-08 9.48088e-09 5.57013e-10 0 
0 8.1215e-05 0.000377315 0.000657324 0.00091758 0.0012458 0.00162572 0.00202878 0.00242951 0.00280397 0.00313048 0.00339103 0.00357254 0.00366746 0.00367385 0.00359545 0.00344114 0.00322328 0.00295638 0.00265591 0.00233719 0.00201436 0.00169982 0.00140392 0.00113524 0.00090105 0.00070681 0.000554335 0.000441128 0.000360109 0.000292521 0.000209718 0.00011398 4.39428e-05 1.24255e-05 2.74725e-06 4.94615e-07 7.21527e-08 7.86142e-09 4.6225e-10 0 
0 6.11513e-05 0.000325995 0.000613064 0.000831513 0.00108872 0.00139441 0.00172277 0.00205057 0.00235733 0.00262493 0.0028384 0.00298684 0.00306395 0.00306826 0.00300279 0.00287446 0.00269309 0.00247032 0.00221849 0.00194966 0.0016749 0.00140392 0.00114544 0.000909066 0.000707894 0.000554391 0.000444019 0.000352698 0.000267732 0.000200286 0.000148006 8.97915e-05 3.78594e-05 1.11695e-05 2.49695e-06 4.48049e-07 6.48088e-08 6.99297e-09 4.07252e-10 0 
0 4.28721e-05 0.000263875 0.000561269 0.000764015 0.000958042 0.00119208 0.00145025 0.00171078 0.00195557 0.00216945 0.00234012 0.00245865 0.00251987 0.00252248 0.00246876 0.00236406 0.00221599 0.00203346 0.00182574 0.00160169 0.00136917 0.00113524 0.000909066 0.000712801 0.000593663 0.000587259 0.000635291 0.000604027 0.000443823 0.000252822 0.000133379 7.66395e-05 3.53817e-05 1.09488e-05 2.45247e-06 4.32865e-07 6.13254e-08 6.48536e-09 3.70877e-10 0 
0 2.76743e-05 0.000195631 0.000489087 0.000707276 0.000859496 0.00102714 0.0012191 0.00141794 0.00160693 0.00177285 0.00190547 0.00199749 0.00204467 0.00204585 0.00200265 0.00191907 0.00180071 0.00165403 0.00148548 0.00130074 0.00110435 0.00090105 0.000707894 0.000593663 0.000697181 0.00109909 0.00174457 0.00209141 0.00125311 0.000635555 0.00023555 8.34882e-05 3.45696e-05 1.09375e-05 2.43103e-06 4.18607e-07 5.77422e-08 5.96006e-09 3.337e-10 0 
0 1.62809e-05 0.000130029 0.000389278 0.00063935 0.000788585 0.000906397 0.00103721 0.00117871 0.00131719 0.00144053 0.00153973 0.00160859 0.00164355 0.0016435 0.00160951 0.00154439 0.0014521 0.00133696 0.00120287 0.00105236 0.00088601 0.00070681 0.000554391 0.000587259 0.00109909 0.00250908 0.00426243 0.00441486 0.00361918 0.00147072 0.000496493 0.000126793 3.62237e-05 1.05792e-05 2.28225e-06 3.81344e-07 5.12312e-08 5.17207e-09 2.84221e-10 0 
0 8.65839e-06 7.61957e-05 0.000271294 0.000532594 0.000718796 0.000825011 0.000910517 0.00100038 0.00109221 0.00117687 0.00124626 0.0012947 0.00131893 0.00131774 0.0012917 0.00124267 0.00117328 0.0010861 0.000982606 0.000861594 0.000718032 0.000554335 0.000444019 0.000635291 0.00174457 0.00426243 0.00477302 0.00483483 0.00456241 0.00307692 0.00079588 0.000184043 3.9276e-05 9.60461e-06 1.94246e-06 3.13335e-07 4.11751e-08 4.09174e-09 2.22058e-10 0 
0 4.14025e-06 3.89884e-05 0.000160322 0.000381734 0.000604963 0.000747849 0.000827512 0.000884805 0.000937885 0.000987736 0.00102984 0.0010596 0.00107396 0.00107154 0.0010524 0.00101763 0.000968678 0.000906354 0.000829091 0.000730457 0.000599217 0.000441128 0.000352698 0.000604027 0.00209141 0.00441486 0.00483483 0.00489121 0.00467639 0.0036248 0.00088206 0.000197451 3.7332e-05 7.77882e-06 1.448e-06 2.25539e-07 2.92239e-08 2.88482e-09 1.55905e-10 0 
0 1.77588e-06 1.73873e-05 7.92022e-05 0.000223125 0.000427564 0.000613474 0.000734459 0.000802033 0.00084237 0.000870904 0.0008924 0.0009067 0.000912463 0.000908714 0.000895195 0.000872096 0.000839271 0.000794864 0.000733243 0.000643449 0.00051428 0.000360109 0.000267732 0.000443823 0.00125311 0.00361918 0.00456241 0.00467639 0.00434881 0.00223 0.000649314 0.000146412 2.73761e-05 5.24914e-06 9.15061e-07 1.39441e-07 1.80393e-08 1.78828e-09 9.7143e-11 0 
0 6.83313e-07 6.7866e-06 3.2829e-05 0.000104245 0.000236263 0.00040456 0.000559565 0.000670953 0.000739407 0.000778502 0.000800086 0.000810832 0.000813663 0.000809571 0.000798589 0.000779903 0.000751314 0.000708313 0.000643596 0.00054922 0.000425103 0.000292521 0.000200286 0.000252822 0.000635555 0.00147072 0.00307692 0.0036248 0.00223 0.000974798 0.000322606 7.50344e-05 1.49254e-05 2.81231e-06 4.78915e-07 7.32431e-08 9.61149e-09 9.67868e-10 5.33455e-11 0 
0 2.36187e-07 2.33545e-06 1.15878e-05 3.94126e-05 0.000100271 0.000199249 0.000321821 0.000441909 0.000539708 0.00060916 0.000653433 0.000678291 0.000688497 0.000686843 0.000674218 0.000649852 0.000611574 0.000556457 0.000482553 0.000392217 0.000295706 0.000209718 0.000148006 0.000133379 0.00023555 0.000496493 0.00079588 0.00088206 0.000649314 0.000322606 0.000109484 2.79202e-05 6.11951e-06 1.18392e-06 2.06731e-07 3.26447e-08 4.41316e-09 4.56207e-10 2.57319e-11 0 
0 7.34425e-08 7.13806e-07 3.54492e-06 1.24062e-05 3.35918e-05 7.33775e-05 0.000133149 0.000206517 0.000282037 0.000348953 0.000400804 0.000435414 0.00045309 0.000454936 0.000441948 0.00041487 0.00037462 0.000323134 0.000264366 0.000204801 0.000152515 0.00011398 8.97915e-05 7.66395e-05 8.34882e-05 0.000126793 0.000184043 0.000197451 0.000146412 7.50344e-05 2.79202e-05 8.13765e-06 1.94635e-06 4.01325e-07 7.46772e-08 1.24249e-08 1.75009e-09 1.87284e-10 1.08879e-11 0 
0 2.05455e-08 1.94722e-07 9.53225e-07 3.34352e-06 9.26661e-06 2.11911e-05 4.10525e-05 6.88243e-05 0.000101889 0.00013581 0.000165885 0.000188425 0.000201248 0.000203573 0.000195749 0.000179043 0.00015556 0.000128174 0.000100299 7.53859e-05 5.61837e-05 4.39428e-05 3.78594e-05 3.53817e-05 3.45696e-05 3.62237e-05 3.9276e-05 3.7332e-05 2.73761e-05 1.49254e-05 6.11951e-06 1.94635e-06 5.06236e-07 1.14379e-07 2.30525e-08 4.07245e-09 6.01334e-10 6.70066e-11 4.03693e-12 0 
0 5.15527e-09 4.74368e-08 2.26942e-07 7.85815e-07 2.17749e-06 5.04849e-06 1.00474e-05 1.74832e-05 2.70152e-05 3.75919e-05 4.77016e-05 5.57952e-05 6.06752e-05 6.17284e-05 5.89893e-05 5.30753e-05 4.50354e-05 3.61402e-05 2.76414e-05 2.05422e-05 1.54332e-05 1.24255e-05 1.11695e-05 1.09488e-05 1.09375e-05 1.05792e-05 9.60461e-06 7.77882e-06 5.24914e-06 2.81231e-06 1.18392e-06 4.01325e-07 1.14379e-07 2.83626e-08 6.16458e-09 1.15518e-09 1.79245e-10 2.08705e-11 1.30785e-12 0 
0 1.15025e-09 1.02559e-08 4.77477e-08 1.61942e-07 4.43084e-07 1.02326e-06 2.04575e-06 3.60164e-06 5.65831e-06 8.02177e-06 1.03623e-05 1.22979e-05 1.35007e-05 1.37837e-05 1.31415e-05 1.17394e-05 9.86078e-06 7.83226e-06 5.95002e-06 4.42519e-06 3.35922e-06 2.74725e-06 2.49695e-06 2.45247e-06 2.43103e-06 2.28225e-06 1.94246e-06 1.448e-06 9.15061e-07 4.78915e-07 2.06731e-07 7.46772e-08 2.30525e-08 6.16458e-09 1.42866e-09 2.82988e-10 4.61592e-11 5.62522e-12 3.67427e-13 0 
0 2.2385e-10 1.93334e-09 8.74543e-09 2.89516e-08 7.77504e-08 1.77302e-07 3.52072e-07 6.18825e-07 9.74476e-07 1.38823e-06 1.80375e-06 2.15232e-06 2.3723e-06 2.42689e-06 2.31379e-06 2.06376e-06 1.72999e-06 1.37276e-06 1.04495e-06 7.82297e-07 6.0003e-07 4.94615e-07 4.48049e-07 4.32865e-07 4.18607e-07 3.81344e-07 3.13335e-07 2.25539e-07 1.39441e-07 7.32431e-08 3.26447e-08 1.24249e-08 4.07245e-09 1.15518e-09 2.82988e-10 5.90576e-11 1.01177e-11 1.29071e-12 8.79438e-14 0 
0 3.64353e-11 3.0502e-10 1.34063e-09 4.3275e-09 1.138e-08 2.55272e-08 5.0086e-08 8.73408e-08 1.3692e-07 1.94685e-07 2.52917e-07 3.02035e-07 3.33289e-07 3.41355e-07 3.25803e-07 2.90965e-07 2.44393e-07 1.94619e-07 1.49049e-07 1.12585e-07 8.71855e-08 7.21527e-08 6.48088e-08 6.13254e-08 5.77422e-08 5.12312e-08 4.11751e-08 2.92239e-08 1.80393e-08 9.61149e-09 4.41316e-09 1.75009e-09 6.01334e-10 1.79245e-10 4.61592e-11 1.01177e-11 1.81725e-12 2.42451e-13 1.72281e-14 0 
0 4.48094e-12 3.64073e-11 1.55629e-10 4.90008e-10 1.26124e-09 2.77944e-09 5.37748e-09 9.27879e-09 1.44372e-08 2.04269e-08 2.64596e-08 3.15552e-08 3.48138e-08 3.56822e-08 3.41101e-08 3.05401e-08 2.57499e-08 2.06204e-08 1.59154e-08 1.21375e-08 9.48088e-09 7.86142e-09 6.99297e-09 6.48536e-09 5.96006e-09 5.17207e-09 4.09174e-09 2.88482e-09 1.78828e-09 9.67868e-10 4.56207e-10 1.87284e-10 6.70066e-11 2.08705e-11 5.62522e-12 1.29071e-12 2.42451e-13 3.37725e-14 2.50023e-15 0 
0 2.97714e-13 2.35148e-12 9.79031e-12 3.01002e-11 7.58778e-11 1.64288e-10 3.13289e-10 5.34445e-10 8.24425e-10 1.15929e-09 1.49557e-09 1.77949e-09 1.96167e-09 2.01162e-09 1.92636e-09 1.73004e-09 1.46539e-09 1.18101e-09 9.19157e-10 7.07639e-10 5.57013e-10 4.6225e-10 4.07252e-10 3.70877e-10 3.337e-10 2.84221e-10 2.22058e-10 1.55905e-10 9.7143e-11 5.33455e-11 2.57319e-11 1.08879e-11 4.03693e-12 1.30785e-12 3.67427e-13 8.79438e-14 1.72281e-14 2.50023e-15 1.9255e-16 0 
0 0 0 0 0 0 0 0 0 0 0 0 0 0 0 0 0 0 0 0 0 0 0 0 0 0 0 0 0 0 0 0 0 0 0 0 0 0 0 0 0 
