0 0 0 0 0 0 0 0 0 0 0 0 0 0 0 0 0 0 0 0 0 0 0 0 0 0 0 0 0 0 0 0 0 0 0 0 0 0 0 0 0 
0 2.00256e-07 1.7699e-06 7.66881e-06 2.25487e-05 5.01228e-05 8.98061e-05 0.00013649 0.000183576 0.000225886 0.000260571 0.000286609 0.000303988 0.00031311 0.000314475 0.000308561 0.00029581 0.00027667 0.000251692 0.000221682 0.000187862 0.000151993 0.000116343 8.34132e-05 5.5441e-05 3.38288e-05 1.87935e-05 9.44939e-06 4.28594e-06 1.75222e-06 6.46298e-07 2.15421e-07 6.49625e-08 1.77155e-08 4.35286e-09 9.54739e-10 1.83247e-10 2.94961e-11 3.59528e-12 2.37166e-13 0 
0 1.7699e-06 1.59038e-05 6.69694e-05 0.000180676 0.000350598 0.000535133 0.00069605 0.000821142 0.000915076 0.000985387 0.00103678 0.00107114 0.00108901 0.00109085 0.00107751 0.00105039 0.00101105 0.000960708 0.000899596 0.000826506 0.00073908 0.000635309 0.000516305 0.000389042 0.000266453 0.00016304 8.80828e-05 4.18093e-05 1.74603e-05 6.45133e-06 2.12378e-06 6.26677e-07 1.66298e-07 3.96472e-08 8.42885e-09 1.56827e-09 2.44923e-10 2.90043e-11 1.86184e-12 0 
0 7.66881e-06 6.69694e-05 0.000253484 0.000569206 0.000895083 0.00114837 0.00134247 0.00151028 0.00166424 0.00180126 0.00191344 0.00199362 0.0020373 0.00204308 0.00201252 0.00194974 0.00186092 0.00175361 0.0016358 0.00151456 0.00139396 0.00127227 0.00113988 0.000981515 0.000786743 0.000565537 0.000352594 0.00018679 8.37439e-05 3.20696e-05 1.06529e-05 3.1158e-06 8.1084e-07 1.8849e-07 3.89705e-08 7.04652e-09 1.06995e-09 1.23328e-10 7.71704e-12 0 
0 2.25487e-05 0.000180676 0.000569206 0.00102383 0.00137811 0.00167621 0.00197797 0.00228691 0.00258361 0.00284722 0.00306081 0.00321236 0.00329497 0.00330685 0.00325096 0.00313447 0.00296779 0.00276365 0.00253609 0.00229956 0.00206807 0.00185372 0.00166316 0.00149094 0.00131277 0.00109152 0.000809714 0.000506896 0.000259068 0.000107883 3.7357e-05 1.105e-05 2.85437e-06 6.51889e-07 1.31742e-07 2.32372e-08 3.44083e-09 3.87025e-10 2.36606e-11 0 
0 5.01228e-05 0.000350598 0.000895083 0.00137811 0.00179533 0.00224827 0.00274027 0.0032382 0.00370843 0.00412196 0.00445524 0.00469115 0.00481979 0.00483871 0.00475257 0.00457217 0.00431316 0.00399444 0.0036365 0.00325999 0.00288458 0.00252834 0.00220729 0.00193338 0.00170668 0.00150064 0.0012572 0.000930221 0.000562712 0.000267147 0.000100218 3.07558e-05 8.00974e-06 1.81446e-06 3.60706e-07 6.23493e-08 9.03606e-09 9.94862e-10 5.95813e-11 0 
0 8.98061e-05 0.000535133 0.00114837 0.00167621 0.00224827 0.00290608 0.0036098 0.00431337 0.00497403 0.00555344 0.00601977 0.00634964 0.00652952 0.00655612 0.00643593 0.00618395 0.00582182 0.00537555 0.00487326 0.00434297 0.00381086 0.00330007 0.00283037 0.00241846 0.00207718 0.00180705 0.00157412 0.00129818 0.000918938 0.000509635 0.000214202 7.00471e-05 1.8712e-05 4.24952e-06 8.36787e-07 1.42458e-07 2.02871e-08 2.19358e-09 1.29068e-10 0 
0 0.00013649 0.00069605 0.00134247 0.00197797 0.00274027 0.0036098 0.0045309 0.00544819 0.00630804 0.00706147 0.00766774 0.00809729 0.00833238 0.00836718 0.00820966 0.00788075 0.00740934 0.00682878 0.00617492 0.00548367 0.00478842 0.00411827 0.0034971 0.00294379 0.00247339 0.00209672 0.00180797 0.00155291 0.00122493 0.00078595 0.000376389 0.000134011 3.73184e-05 8.58532e-06 1.68609e-06 2.84124e-07 3.9916e-08 4.25292e-09 2.46576e-10 0 
0 0.000183576 0.000821142 0.00151028 0.00228691 0.0032382 0.00431337 0.00544819 0.00657678 0.00763404 0.00856139 0.00931495 0.00986458 0.0101776 0.0102256 0.0100139 0.00958448 0.00898977 0.00827118 0.00746622 0.00661542 0.00575886 0.00493173 0.00416251 0.00347274 0.00287811 0.00239054 0.00201587 0.00173074 0.00144231 0.00103506 0.000562364 0.000220382 6.47417e-05 1.52196e-05 2.9991e-06 5.02498e-07 6.99024e-08 7.36273e-09 4.21841e-10 0 
0 0.000225886 0.000915076 0.00166424 0.00258361 0.00370843 0.00497403 0.00630804 0.00763404 0.00887772 0.00998353 0.0109232 0.011634 0.0120283 0.0120882 0.0118276 0.0112741 0.010509 0.00962847 0.00867332 0.00767235 0.00666522 0.00569186 0.0047852 0.00396966 0.00326192 0.00267325 0.00221158 0.00187076 0.00158765 0.00122548 0.000740392 0.000318868 9.93534e-05 2.40006e-05 4.76687e-06 7.97084e-07 1.10151e-07 1.15032e-08 6.53043e-10 0 
0 0.000260571 0.000985387 0.00180126 0.00284722 0.00412196 0.00555344 0.00706147 0.00856139 0.00998353 0.0112975 0.0123988 0.0131039 0.0134399 0.0134871 0.0132689 0.0127573 0.0119185 0.0108567 0.00973557 0.00859487 0.00745547 0.00635464 0.00532841 0.00440382 0.00359875 0.00292401 0.00238672 0.0019874 0.00168658 0.00135679 0.000887844 0.000415359 0.000137025 3.40734e-05 6.83834e-06 1.14421e-06 1.57496e-07 1.63492e-08 9.21919e-10 0 
0 0.000286609 0.00103678 0.00191344 0.00306081 0.00445524 0.00601977 0.00766774 0.00931495 0.0109232 0.0123988 0.0134238 0.0139915 0.0142576 0.0142934 0.0141159 0.0137026 0.0129838 0.0118953 0.0106136 0.00933636 0.0080865 0.00688347 0.00576175 0.00475027 0.00386797 0.00312548 0.00252875 0.00208008 0.0017543 0.00144095 0.000995894 0.000497301 0.000172331 4.40166e-05 8.93032e-06 1.49755e-06 2.05728e-07 2.12745e-08 1.19418e-09 0 
0 0.000303988 0.00107114 0.00199362 0.00321236 0.00469115 0.00634964 0.00809729 0.00986458 0.011634 0.0131039 0.0139915 0.0144812 0.0147135 0.0147433 0.0145844 0.0142201 0.0135946 0.0126023 0.0112611 0.00986375 0.00852722 0.00725164 0.00606306 0.00499088 0.00405476 0.00326529 0.00262754 0.00214385 0.00179657 0.00148951 0.00106496 0.000556561 0.000200137 5.22222e-05 1.06953e-05 1.79841e-06 2.46926e-07 2.54828e-08 1.42659e-09 0 
0 0.00031311 0.00108901 0.0020373 0.00329497 0.00481979 0.00652952 0.00833238 0.0101776 0.0120283 0.0134399 0.0142576 0.0147135 0.0149307 0.0149573 0.0148054 0.0144609 0.0138755 0.0129469 0.0116158 0.0101497 0.00875926 0.00744386 0.0062196 0.00511516 0.00415054 0.00333627 0.00267688 0.00217443 0.00181465 0.00150993 0.00109886 0.00058941 0.000216762 5.73407e-05 1.1821e-05 1.99259e-06 2.737e-07 2.82304e-08 1.57888e-09 0 
0 0.000314475 0.00109085 0.00204308 0.00330685 0.00483871 0.00655612 0.00836718 0.0102256 0.0120882 0.0134871 0.0142934 0.0147433 0.0149573 0.014982 0.0148296 0.0144862 0.0139046 0.012984 0.0116548 0.0101765 0.00877721 0.00745669 0.00622834 0.00512044 0.00415292 0.00333616 0.0026745 0.00216983 0.00180867 0.00150611 0.00110126 0.000595206 0.000220485 5.86206e-05 1.21213e-05 2.04681e-06 2.81455e-07 2.90524e-08 1.62582e-09 0 
0 0.000308561 0.00107751 0.00201252 0.00325096 0.00475257 0.00643593 0.00820966 0.0100139 0.0118276 0.0132689 0.0141159 0.0145844 0.0148054 0.0148296 0.0146699 0.0143109 0.0137012 0.0127359 0.0113892 0.00995219 0.00859019 0.00729792 0.00609545 0.0050114 0.00406524 0.00326716 0.00262156 0.0021304 0.00177887 0.00147937 0.00107441 0.000575224 0.00021154 5.60529e-05 1.15847e-05 1.95824e-06 2.69745e-07 2.79004e-08 1.56471e-09 0 
0 0.00029581 0.00105039 0.00194974 0.00313447 0.00457217 0.00618395 0.00788075 0.00958448 0.0112741 0.0127573 0.0137026 0.0142201 0.0144609 0.0144862 0.0143109 0.0139159 0.0132396 0.0121862 0.0108535 0.00951181 0.00822062 0.00698507 0.00583495 0.00479888 0.00389556 0.00313496 0.00252184 0.00205818 0.00172547 0.00142895 0.00101913 0.000532183 0.000191877 5.03205e-05 1.03671e-05 1.75375e-06 2.42216e-07 2.51405e-08 1.41536e-09 0 
0 0.00027667 0.00101105 0.00186092 0.00296779 0.00431316 0.00582182 0.00740934 0.00898977 0.010509 0.0119185 0.0129838 0.0135946 0.0138755 0.0139046 0.0137012 0.0132396 0.0124534 0.0113448 0.0101206 0.00890107 0.00769943 0.006543 0.00546679 0.0044983 0.0036553 0.00294758 0.00238049 0.00195558 0.0016475 0.00135182 0.000935712 0.000470438 0.000164803 4.25952e-05 8.73869e-06 1.4804e-06 2.05305e-07 2.14233e-08 1.21314e-09 0 
0 0.000251692 0.000960708 0.00175361 0.00276365 0.00399444 0.00537555 0.00682878 0.00827118 0.00962847 0.0108567 0.0118953 0.0126023 0.0129469 0.012984 0.0127359 0.0121862 0.0113448 0.0103341 0.00926313 0.00816239 0.00706209 0.00600123 0.00501458 0.00412777 0.00335755 0.00271377 0.00220247 0.00182335 0.00154084 0.00124277 0.000825739 0.000396437 0.00013448 3.42512e-05 7.00765e-06 1.19137e-06 1.66297e-07 1.74878e-08 9.98441e-10 0 
0 0.000221682 0.000899596 0.0016358 0.00253609 0.0036365 0.00487326 0.00617492 0.00746622 0.00867332 0.00973557 0.0106136 0.0112611 0.0116158 0.0116548 0.0113892 0.0108535 0.0101206 0.00926313 0.00832275 0.00733658 0.00634635 0.00539131 0.00450338 0.00370612 0.00301538 0.00244128 0.00199022 0.00165761 0.00139634 0.00109627 0.000694855 0.000318859 0.000105271 2.6569e-05 5.44702e-06 9.33002e-07 1.31511e-07 1.3976e-08 8.06411e-10 0 
0 0.000187862 0.000826506 0.00151456 0.00229956 0.00325999 0.00434297 0.00548367 0.00661542 0.00767235 0.00859487 0.00933636 0.00986375 0.0101497 0.0101765 0.00995219 0.00951181 0.00890107 0.00816239 0.00733658 0.0064656 0.00558979 0.00474432 0.00395768 0.0032513 0.0026403 0.00213501 0.00174078 0.0014469 0.00120106 0.000912163 0.000555496 0.000247758 8.09739e-05 2.05059e-05 4.24643e-06 7.36432e-07 1.05133e-07 1.13101e-08 6.60025e-10 0 
0 0.000151993 0.00073908 0.00139396 0.00206807 0.00288458 0.00381086 0.00478842 0.00575886 0.00666522 0.00745547 0.0080865 0.00852722 0.00875926 0.00877721 0.00859019 0.00822062 0.00769943 0.00706209 0.00634635 0.00558979 0.00482725 0.00408901 0.00339993 0.00277927 0.00224135 0.00179587 0.00144544 0.00117717 0.000950658 0.000705194 0.000426512 0.000192321 6.4125e-05 1.65783e-05 3.49465e-06 6.14882e-07 8.88128e-08 9.64543e-09 5.67235e-10 0 
0 0.000116343 0.000635309 0.00127227 0.00185372 0.00252834 0.00330007 0.00411827 0.00493173 0.00569186 0.00635464 0.00688347 0.00725164 0.00744386 0.00745669 0.00729792 0.00698507 0.006543 0.00600123 0.00539131 0.00474432 0.00408901 0.0034505 0.00284983 0.00230428 0.00182809 0.00143116 0.00111536 0.000872271 0.000682253 0.000509945 0.000325431 0.000157337 5.54807e-05 1.48423e-05 3.18422e-06 5.64689e-07 8.17864e-08 8.88242e-09 5.21562e-10 0 
0 8.34132e-05 0.000516305 0.00113988 0.00166316 0.00220729 0.00283037 0.0034971 0.00416251 0.0047852 0.00532841 0.00576175 0.00606306 0.0062196 0.00622834 0.00609545 0.00583495 0.00546679 0.00501458 0.00450338 0.00395768 0.00339993 0.00284983 0.00232502 0.00184482 0.00143581 0.00112376 0.000899355 0.000712697 0.000535377 0.000384604 0.000258951 0.000139876 5.36519e-05 1.49011e-05 3.22007e-06 5.67341e-07 8.12349e-08 8.71143e-09 5.05153e-10 0 
0 5.5441e-05 0.000389042 0.000981515 0.00149094 0.00193338 0.00241846 0.00294379 0.00347274 0.00396966 0.00440382 0.00475027 0.00499088 0.00511516 0.00512044 0.0050114 0.00479888 0.0044983 0.00412777 0.00370612 0.0032513 0.00277927 0.00230428 0.00184482 0.00144623 0.00120475 0.00119203 0.00128958 0.00122612 0.000900838 0.000512012 0.000261885 0.000135187 5.55293e-05 1.59375e-05 3.42661e-06 5.91844e-07 8.28288e-08 8.69074e-09 4.94086e-10 0 
0 3.38288e-05 0.000266453 0.000786743 0.00131277 0.00170668 0.00207718 0.00247339 0.00287811 0.00326192 0.00359875 0.00386797 0.00405476 0.00415054 0.00415292 0.00406524 0.00389556 0.0036553 0.00335755 0.00301538 0.0026403 0.00224135 0.00182809 0.00143581 0.00120475 0.00141522 0.00223108 0.00326432 0.00369264 0.00253472 0.00129013 0.000477617 0.000162781 5.93771e-05 1.69683e-05 3.57845e-06 6.00797e-07 8.17916e-08 8.3741e-09 4.6604e-10 0 
0 1.87935e-05 0.00016304 0.000565537 0.00109152 0.00150064 0.00180705 0.00209672 0.00239054 0.00267325 0.00292401 0.00312548 0.00326529 0.00333627 0.00333616 0.00326716 0.00313496 0.00294758 0.00271377 0.00244128 0.00213501 0.00179587 0.00143116 0.00112376 0.00119203 0.00223108 0.0046961 0.0085865 0.00935058 0.00669887 0.00297719 0.00100784 0.000255933 6.71433e-05 1.72815e-05 3.47754e-06 5.63541e-07 7.4665e-08 7.47983e-09 4.0878e-10 0 
0 9.44939e-06 8.80828e-05 0.000352594 0.000809714 0.0012572 0.00157412 0.00180797 0.00201587 0.00221158 0.00238672 0.00252875 0.00262754 0.00267688 0.0026745 0.00262156 0.00252184 0.00238049 0.00220247 0.00199022 0.00174078 0.00144544 0.00111536 0.000899355 0.00128958 0.00326432 0.0085865 0.0103997 0.0106268 0.00987704 0.00562066 0.0016154 0.000373251 7.60142e-05 1.63453e-05 3.03316e-06 4.71415e-07 6.10333e-08 6.02158e-09 3.2522e-10 0 
0 4.28594e-06 4.18093e-05 0.00018679 0.000506896 0.000930221 0.00129818 0.00155291 0.00173074 0.00187076 0.0019874 0.00208008 0.00214385 0.00217443 0.00216983 0.0021304 0.00205818 0.00195558 0.00182335 0.00165761 0.0014469 0.00117717 0.000872271 0.000712697 0.00122612 0.00369264 0.00935058 0.0106268 0.0107955 0.0101785 0.00672792 0.00177929 0.000400622 7.32496e-05 1.3553e-05 2.29699e-06 3.4303e-07 4.37589e-08 4.29106e-09 2.30948e-10 0 
0 1.75222e-06 1.74603e-05 8.37439e-05 0.000259068 0.000562712 0.000918938 0.00122493 0.00144231 0.00158765 0.00168658 0.0017543 0.00179657 0.00181465 0.00180867 0.00177887 0.00172547 0.0016475 0.00154084 0.00139634 0.00120106 0.000950658 0.000682253 0.000535377 0.000900838 0.00253472 0.00669887 0.00987704 0.0101785 0.00909071 0.00413009 0.00131806 0.000296894 5.34648e-05 9.17227e-06 1.45989e-06 2.13233e-07 2.71717e-08 2.67779e-09 1.44958e-10 0 
0 6.46298e-07 6.45133e-06 3.20696e-05 0.000107883 0.000267147 0.000509635 0.00078595 0.00103506 0.00122548 0.00135679 0.00144095 0.00148951 0.00150993 0.00150611 0.00147937 0.00142895 0.00135182 0.00124277 0.00109627 0.000912163 0.000705194 0.000509945 0.000384604 0.000512012 0.00129013 0.00297719 0.00562066 0.00672792 0.00413009 0.00197877 0.000654845 0.000151506 2.85126e-05 4.83905e-06 7.60814e-07 1.12113e-07 1.45235e-08 1.4554e-09 7.99871e-11 0 
0 2.15421e-07 2.12378e-06 1.06529e-05 3.7357e-05 0.000100218 0.000214202 0.000376389 0.000562364 0.000740392 0.000887844 0.000995894 0.00106496 0.00109886 0.00110126 0.00107441 0.00101913 0.000935712 0.000825739 0.000694855 0.000555496 0.000426512 0.000325431 0.000258951 0.000261885 0.000477617 0.00100784 0.0016154 0.00177929 0.00131806 0.000654845 0.000221818 5.52042e-05 1.12132e-05 1.97966e-06 3.24726e-07 4.98733e-08 6.67864e-09 6.87846e-10 3.87075e-11 0 
0 6.49625e-08 6.26677e-07 3.1158e-06 1.105e-05 3.07558e-05 7.00471e-05 0.000134011 0.000220382 0.000318868 0.000415359 0.000497301 0.000556561 0.00058941 0.000595206 0.000575224 0.000532183 0.000470438 0.000396437 0.000318859 0.000247758 0.000192321 0.000157337 0.000139876 0.000135187 0.000162781 0.000255933 0.000373251 0.000400622 0.000296894 0.000151506 5.52042e-05 1.52315e-05 3.3717e-06 6.48533e-07 1.15743e-07 1.89282e-08 2.6502e-09 2.82862e-10 1.64141e-11 0 
0 1.77155e-08 1.66298e-07 8.1084e-07 2.85437e-06 8.00974e-06 1.8712e-05 3.73184e-05 6.47417e-05 9.93534e-05 0.000137025 0.000172331 0.000200137 0.000216762 0.000220485 0.00021154 0.000191877 0.000164803 0.00013448 0.000105271 8.09739e-05 6.4125e-05 5.54807e-05 5.36519e-05 5.55293e-05 5.93771e-05 6.71433e-05 7.60142e-05 7.32496e-05 5.34648e-05 2.85126e-05 1.12132e-05 3.3717e-06 8.28305e-07 1.79343e-07 3.53459e-08 6.18948e-09 9.10867e-10 1.01313e-10 6.09491e-12 0 
0 4.35286e-09 3.96472e-08 1.8849e-07 6.51889e-07 1.81446e-06 4.24952e-06 8.58532e-06 1.52196e-05 2.40006e-05 3.40734e-05 4.40166e-05 5.22222e-05 5.73407e-05 5.86206e-05 5.60529e-05 5.03205e-05 4.25952e-05 3.42512e-05 2.6569e-05 2.05059e-05 1.65783e-05 1.48423e-05 1.49011e-05 1.59375e-05 1.69683e-05 1.72815e-05 1.63453e-05 1.3553e-05 9.17227e-06 4.83905e-06 1.97966e-06 6.48533e-07 1.79343e-07 4.36146e-08 9.39153e-09 1.75318e-09 2.7154e-10 3.15767e-11 1.97651e-12 0 
0 9.54739e-10 8.42885e-09 3.89705e-08 1.31742e-07 3.60706e-07 8.36787e-07 1.68609e-06 2.9991e-06 4.76687e-06 6.83834e-06 8.93032e-06 1.06953e-05 1.1821e-05 1.21213e-05 1.15847e-05 1.03671e-05 8.73869e-06 7.00765e-06 5.44702e-06 4.24643e-06 3.49465e-06 3.18422e-06 3.22007e-06 3.42661e-06 3.57845e-06 3.47754e-06 3.03316e-06 2.29699e-06 1.45989e-06 7.60814e-07 3.24726e-07 1.15743e-07 3.53459e-08 9.39153e-09 2.16977e-09 4.29128e-10 6.99256e-11 8.5139e-12 5.55622e-13 0 
0 1.83247e-10 1.56827e-09 7.04652e-09 2.32372e-08 6.23493e-08 1.42458e-07 2.84124e-07 5.02498e-07 7.97084e-07 1.14421e-06 1.49755e-06 1.79841e-06 1.99259e-06 2.04681e-06 1.95824e-06 1.75375e-06 1.4804e-06 1.19137e-06 9.33002e-07 7.36432e-07 6.14882e-07 5.64689e-07 5.67341e-07 5.91844e-07 6.00797e-07 5.63541e-07 4.71415e-07 3.4303e-07 2.13233e-07 1.12113e-07 4.98733e-08 1.89282e-08 6.18948e-09 1.75318e-09 4.29128e-10 8.95022e-11 1.53246e-11 1.95375e-12 1.33034e-13 0 
0 2.94961e-11 2.44923e-10 1.06995e-09 3.44083e-09 9.03606e-09 2.02871e-08 3.9916e-08 6.99024e-08 1.10151e-07 1.57496e-07 2.05728e-07 2.46926e-07 2.737e-07 2.81455e-07 2.69745e-07 2.42216e-07 2.05305e-07 1.66297e-07 1.31511e-07 1.05133e-07 8.88128e-08 8.17864e-08 8.12349e-08 8.28288e-08 8.17916e-08 7.4665e-08 6.10333e-08 4.37589e-08 2.71717e-08 1.45235e-08 6.67864e-09 2.6502e-09 9.10867e-10 2.7154e-10 6.99256e-11 1.53246e-11 2.75169e-12 3.6698e-13 2.60649e-14 0 
0 3.59528e-12 2.90043e-11 1.23328e-10 3.87025e-10 9.94862e-10 2.19358e-09 4.25292e-09 7.36273e-09 1.15032e-08 1.63492e-08 2.12745e-08 2.54828e-08 2.82304e-08 2.90524e-08 2.79004e-08 2.51405e-08 2.14233e-08 1.74878e-08 1.3976e-08 1.13101e-08 9.64543e-09 8.88242e-09 8.71143e-09 8.69074e-09 8.3741e-09 7.47983e-09 6.02158e-09 4.29106e-09 2.67779e-09 1.4554e-09 6.87846e-10 2.82862e-10 1.01313e-10 3.15767e-11 8.5139e-12 1.95375e-12 3.6698e-13 5.11093e-14 3.78258e-15 0 
0 2.37166e-13 1.86184e-12 7.71704e-12 2.36606e-11 5.95813e-11 1.29068e-10 2.46576e-10 4.21841e-10 6.53043e-10 9.21919e-10 1.19418e-09 1.42659e-09 1.57888e-09 1.62582e-09 1.56471e-09 1.41536e-09 1.21314e-09 9.98441e-10 8.06411e-10 6.60025e-10 5.67235e-10 5.21562e-10 5.05153e-10 4.94086e-10 4.6604e-10 4.0878e-10 3.2522e-10 2.30948e-10 1.44958e-10 7.99871e-11 3.87075e-11 1.64141e-11 6.09491e-12 1.97651e-12 5.55622e-13 1.33034e-13 2.60649e-14 3.78258e-15 2.91266e-16 0 
0 0 0 0 0 0 0 0 0 0 0 0 0 0 0 0 0 0 0 0 0 0 0 0 0 0 0 0 0 0 0 0 0 0 0 0 0 0 0 0 0 
