0 0 0 0 0 0 0 0 0 0 0 0 0 0 0 0 0 0 0 0 0 0 0 0 0 0 0 0 0 0 0 0 0 0 0 0 0 0 0 0 0 
0 9.22897e-08 8.47874e-07 3.9697e-06 1.31524e-05 3.41036e-05 7.2634e-05 0.000131297 0.000207026 0.000291691 0.000374899 0.000446927 0.000500472 0.000531163 0.000537367 0.000519778 0.000481027 0.000425358 0.000358299 0.000286197 0.000215541 0.000152065 9.98308e-05 6.06062e-05 3.38466e-05 1.73235e-05 8.10934e-06 3.47017e-06 1.35842e-06 4.87114e-07 1.60245e-07 4.84103e-08 1.34295e-08 3.41409e-09 7.91203e-10 1.65335e-10 3.04934e-11 4.75049e-12 5.63753e-13 3.63829e-14 0 
0 8.47874e-07 8.09687e-06 3.88352e-05 0.000128761 0.000324649 0.000653985 0.0010961 0.00158917 0.00206476 0.00247401 0.00279183 0.00300949 0.00312667 0.00314686 0.00307529 0.00291833 0.00268366 0.00238129 0.00202532 0.00163624 0.00124186 0.000874772 0.000565189 0.000331676 0.000175655 8.37403e-05 3.59713e-05 1.39692e-05 4.92581e-06 1.58382e-06 4.65874e-07 1.25563e-07 3.09841e-08 6.96923e-09 1.41426e-09 2.53542e-10 3.84409e-11 4.44582e-12 2.80024e-13 0 
0 3.9697e-06 3.88352e-05 0.000185597 0.000588045 0.00135398 0.00241124 0.00354406 0.00457187 0.00542475 0.00609844 0.00660295 0.00694453 0.00712626 0.00715246 0.00703133 0.00677493 0.00639726 0.00591106 0.00532484 0.00464287 0.00387181 0.00303564 0.0021913 0.00142575 0.000822179 0.00041655 0.000185429 7.30099e-05 2.56721e-05 8.13832e-06 2.34348e-06 6.15829e-07 1.47868e-07 3.23421e-08 6.3835e-09 1.11395e-09 1.64584e-10 1.8574e-11 1.14322e-12 0 
0 1.31524e-05 0.000128761 0.000588045 0.00167694 0.00332359 0.00508394 0.0066511 0.00799306 0.00915024 0.0101289 0.0109058 0.0114525 0.0117496 0.0117924 0.0115919 0.0111732 0.0105714 0.00982725 0.00898005 0.00805882 0.00707217 0.00600392 0.00483058 0.00357248 0.00234537 0.00132863 0.000641274 0.000264841 9.49971e-05 3.0119e-05 8.56648e-06 2.20758e-06 5.1786e-07 1.10478e-07 2.1261e-08 3.61906e-09 5.22061e-10 5.75913e-11 3.46954e-12 0 
0 3.41036e-05 0.000324649 0.00135398 0.00332359 0.00563926 0.00777153 0.00971188 0.0115382 0.0132277 0.014706 0.0158958 0.0167377 0.0171968 0.0172643 0.0169569 0.0163132 0.0153888 0.0142508 0.012971 0.0116189 0.0102511 0.0088964 0.00753483 0.00609711 0.00453345 0.00294683 0.00160704 0.00072436 0.000273071 8.82939e-05 2.51065e-05 6.39365e-06 1.473e-06 3.07702e-07 5.79181e-08 9.64246e-09 1.36124e-09 1.471e-10 8.69095e-12 0 
0 7.2634e-05 0.000653985 0.00241124 0.00508394 0.00777153 0.0103231 0.0128732 0.0153892 0.0177471 0.0198146 0.0214784 0.0226554 0.0232972 0.0233921 0.0229633 0.0220642 0.0207721 0.0191798 0.0173876 0.015495 0.0135937 0.0117585 0.0100301 0.00838439 0.00671092 0.0048975 0.00305382 0.00154846 0.000632504 0.000213294 6.15126e-05 1.56205e-05 3.5557e-06 7.30537e-07 1.34972e-07 2.2044e-08 3.05361e-09 3.24017e-10 1.88153e-11 0 
0 0.000131297 0.0010961 0.00354406 0.0066511 0.00971188 0.0128732 0.0161657 0.019439 0.022507 0.0251951 0.0273573 0.0288861 0.0297193 0.0298419 0.0292843 0.0281157 0.0264359 0.0243649 0.022032 0.0195656 0.0170848 0.0146923 0.0124668 0.0104445 0.00857628 0.00669595 0.00466077 0.00267482 0.00120924 0.000434207 0.000128883 3.29458e-05 7.45658e-06 1.51374e-06 2.75542e-07 4.42882e-08 6.03687e-09 6.30596e-10 3.6074e-11 0 
0 0.000207026 0.00158917 0.00457187 0.00799306 0.0115382 0.0153892 0.019439 0.0234658 0.0272379 0.0305414 0.0331972 0.0350741 0.0360959 0.0362448 0.035558 0.0341207 0.0320553 0.0295087 0.0266392 0.0236037 0.0205475 0.0175962 0.0148502 0.0123778 0.0101896 0.00817771 0.00610556 0.00389372 0.00195732 0.000758664 0.000234644 6.09014e-05 1.37863e-05 2.77766e-06 4.99958e-07 7.93358e-08 1.06718e-08 1.10026e-09 6.21557e-11 0 
0 0.000291691 0.00206476 0.00542475 0.00915024 0.0132277 0.0177471 0.022507 0.0272379 0.0316677 0.0355458 0.0386621 0.0408628 0.0420593 0.042231 0.0414217 0.0397318 0.0373049 0.0343131 0.0309418 0.0273746 0.0237814 0.0203084 0.0170733 0.0141608 0.011613 0.00938428 0.00726516 0.00499772 0.00276233 0.00115957 0.000376454 9.98445e-05 2.27164e-05 4.56014e-06 8.14344e-07 1.27968e-07 1.70346e-08 1.73796e-09 9.71882e-11 0 
0 0.000374899 0.00247401 0.00609844 0.0101289 0.014706 0.0198146 0.0251951 0.0305414 0.0355458 0.039925 0.0434424 0.0459244 0.0472715 0.0474608 0.0465425 0.0446301 0.041886 0.0385044 0.0346943 0.0306628 0.0266009 0.0226732 0.0190116 0.015712 0.0128313 0.0103617 0.00814926 0.00588077 0.00350277 0.00158185 0.00053962 0.000146709 3.36571e-05 6.75233e-06 1.19985e-06 1.87236e-07 2.47311e-08 2.50324e-09 1.38902e-10 0 
0 0.000446927 0.00279183 0.00660295 0.0109058 0.0158958 0.0214784 0.0273573 0.0331972 0.0386621 0.0434424 0.0472797 0.0499851 0.0514504 0.0516513 0.0506431 0.0485501 0.0455499 0.0418546 0.0376922 0.0332884 0.0288513 0.0245601 0.0205578 0.0169486 0.0137971 0.0111146 0.00879181 0.00652238 0.00409697 0.00196385 0.000700435 0.000195109 4.5194e-05 9.08029e-06 1.60937e-06 2.50024e-07 3.28513e-08 3.30699e-09 1.82515e-10 0 
0 0.000500472 0.00300949 0.00694453 0.0114525 0.0167377 0.0226554 0.0288861 0.0350741 0.0408628 0.0459244 0.0499851 0.052845 0.0543901 0.0545957 0.0535214 0.0512988 0.0481159 0.044198 0.0397867 0.0351206 0.0304198 0.0258736 0.0216329 0.0178073 0.0144653 0.0116278 0.00921276 0.00693709 0.00450902 0.00225652 0.000833472 0.000236974 5.53961e-05 1.11593e-05 1.97653e-06 3.06389e-07 4.01422e-08 4.02859e-09 2.21675e-10 0 
0 0.000531163 0.00312667 0.00712626 0.0117496 0.0171968 0.0232972 0.0297193 0.0360959 0.0420593 0.0472715 0.0514504 0.0543901 0.0559734 0.0561769 0.055063 0.0527668 0.0494819 0.045441 0.0408935 0.0360851 0.0312422 0.0265593 0.0221914 0.0182507 0.0148077 0.0118869 0.00942056 0.00714462 0.00473263 0.00243112 0.000918699 0.000264999 6.2401e-05 1.26089e-05 2.23533e-06 3.46477e-07 4.53721e-08 4.55081e-09 2.50292e-10 0 
0 0.000537367 0.00314686 0.00715246 0.0117924 0.0172643 0.0233921 0.0298419 0.0362448 0.042231 0.0474608 0.0516513 0.0545957 0.0561769 0.0563724 0.0552455 0.0529321 0.0496271 0.0455648 0.0409957 0.0361666 0.0313047 0.026605 0.0222226 0.0182696 0.0148164 0.011888 0.00942148 0.00716139 0.00477524 0.00247796 0.000945742 0.000274813 6.50252e-05 1.31819e-05 2.34264e-06 3.63884e-07 4.77505e-08 4.79985e-09 2.64624e-10 0 
0 0.000519778 0.00307529 0.00703133 0.0115919 0.0169569 0.0229633 0.0292843 0.035558 0.0414217 0.0465425 0.0506431 0.0535214 0.055063 0.0552455 0.0541311 0.0518546 0.048608 0.0446211 0.0401396 0.0354055 0.0306416 0.0260387 0.0217485 0.0178805 0.0145033 0.0116402 0.00922472 0.00700044 0.00464968 0.00240245 0.000915063 0.000266112 6.31404e-05 1.2849e-05 2.29364e-06 3.58011e-07 4.72267e-08 4.77394e-09 2.64784e-10 0 
0 0.000481027 0.00291833 0.00677493 0.0111732 0.0163132 0.0220642 0.0281157 0.0341207 0.0397318 0.0446301 0.0485501 0.0512988 0.0527668 0.0529321 0.0518546 0.0496646 0.0465472 0.0427226 0.0384262 0.0338902 0.029328 0.0249226 0.020819 0.0171222 0.0138973 0.0111633 0.00884305 0.00667293 0.00437258 0.00222248 0.000836997 0.000242558 5.76891e-05 1.18079e-05 2.12407e-06 3.34483e-07 4.45505e-08 4.54997e-09 2.55109e-10 0 
0 0.000425358 0.00268366 0.00639726 0.0105714 0.0153888 0.0207721 0.0264359 0.0320553 0.0373049 0.041886 0.0455499 0.0481159 0.0494819 0.0496271 0.048608 0.0465472 0.0436186 0.0400287 0.0359985 0.0317458 0.0274709 0.0233453 0.0195054 0.0160496 0.0130386 0.0104836 0.00829038 0.00618988 0.00396733 0.00196733 0.000729462 0.000210677 5.03812e-05 1.04217e-05 1.89992e-06 3.03698e-07 4.11007e-08 4.26772e-09 2.43354e-10 0 
0 0.000358299 0.00238129 0.00591106 0.00982725 0.0142508 0.0191798 0.0243649 0.0295087 0.0343131 0.0385044 0.0418546 0.044198 0.045441 0.0455648 0.0446211 0.0427226 0.0400287 0.0367291 0.0330267 0.0291214 0.0251974 0.0214123 0.0178919 0.0147272 0.0119726 0.00962816 0.0075789 0.00556651 0.00346992 0.00167678 0.000614685 0.000178256 4.32462e-05 9.12541e-06 1.70144e-06 2.78451e-07 3.8587e-08 4.10074e-09 2.39092e-10 0 
0 0.000286197 0.00202532 0.00532484 0.00898005 0.012971 0.0173876 0.022032 0.0266392 0.0309418 0.0346943 0.0376922 0.0397867 0.0408935 0.0409957 0.0401396 0.0384262 0.0359985 0.0330267 0.0296928 0.0261767 0.0226436 0.0192361 0.0160678 0.0132216 0.0107437 0.00861911 0.00671993 0.00483147 0.00293418 0.00139764 0.000515454 0.000152873 3.82541e-05 8.34852e-06 1.60928e-06 2.71746e-07 3.87482e-08 4.22368e-09 2.5175e-10 0 
0 0.000215541 0.00163624 0.00464287 0.00805882 0.0116189 0.015495 0.0195656 0.0236037 0.0273746 0.0306628 0.0332884 0.0351206 0.0360851 0.0361666 0.0354055 0.0338902 0.0317458 0.0291214 0.0261767 0.0230692 0.0199443 0.0169276 0.0141203 0.0115955 0.00938866 0.00747271 0.00573411 0.00403866 0.00242946 0.0011763 0.00045174 0.000141065 3.71502e-05 8.48078e-06 1.6969e-06 2.95214e-07 4.30793e-08 4.77805e-09 2.88375e-10 0 
0 0.000152065 0.00124186 0.00387181 0.00707217 0.0102511 0.0135937 0.0170848 0.0205475 0.0237814 0.0266009 0.0288513 0.0304198 0.0312422 0.0313047 0.0306416 0.029328 0.0274709 0.0251974 0.0226436 0.0199443 0.0172235 0.0145892 0.0121284 0.00990253 0.00793746 0.00621372 0.00467483 0.00327039 0.00202261 0.00104676 0.000437971 0.000148138 4.14703e-05 9.86604e-06 2.02517e-06 3.57402e-07 5.24957e-08 5.82915e-09 3.50906e-10 0 
0 9.98308e-05 0.000874772 0.00303564 0.00600392 0.0088964 0.0117585 0.0146923 0.0175962 0.0203084 0.0226732 0.0245601 0.0258736 0.0265593 0.026605 0.0260387 0.0249226 0.0233453 0.0214123 0.0192361 0.0169276 0.0145892 0.0123094 0.0101594 0.00819037 0.00643784 0.00492976 0.00367406 0.00263433 0.00175262 0.00101572 0.000479021 0.000177628 5.24378e-05 1.27542e-05 2.62623e-06 4.60216e-07 6.67778e-08 7.30741e-09 4.33079e-10 0 
0 6.06062e-05 0.000565189 0.0021913 0.00483058 0.00753483 0.0100301 0.0124668 0.0148502 0.0170733 0.0190116 0.0205578 0.0216329 0.0221914 0.0222226 0.0217485 0.020819 0.0195054 0.0178919 0.0160678 0.0141203 0.0121284 0.0101594 0.00827104 0.00653224 0.0050537 0.00393944 0.00314143 0.00245894 0.0017653 0.00110796 0.000575285 0.000230829 7.05503e-05 1.71416e-05 3.46513e-06 5.92605e-07 8.38296e-08 8.95047e-09 5.1835e-10 0 
0 3.38466e-05 0.000331676 0.00142575 0.00357248 0.00609711 0.00838439 0.0104445 0.0123778 0.0141608 0.015712 0.0169486 0.0178073 0.0182507 0.0182696 0.0178805 0.0171222 0.0160496 0.0147272 0.0132216 0.0115955 0.00990253 0.00819037 0.00653224 0.0051141 0.00427805 0.00424805 0.00459977 0.00437355 0.00321008 0.00180107 0.000829647 0.000320035 9.62592e-05 2.26322e-05 4.39657e-06 7.24804e-07 9.92792e-08 1.03021e-08 5.81708e-10 0 
0 1.73235e-05 0.000175655 0.000822179 0.00234537 0.00453345 0.00671092 0.00857628 0.0101896 0.011613 0.0128313 0.0137971 0.0144653 0.0148077 0.0148164 0.0145033 0.0138973 0.0130386 0.0119726 0.0107437 0.00938866 0.00793746 0.00643784 0.0050537 0.00427805 0.00504814 0.00796043 0.0114857 0.0122414 0.00904332 0.00460287 0.00169282 0.000512052 0.000133697 2.86148e-05 5.17375e-06 8.11838e-07 1.07382e-07 1.0838e-08 5.97738e-10 0 
0 8.10934e-06 8.37403e-05 0.00041655 0.00132863 0.00294683 0.0048975 0.00669595 0.00817771 0.00938428 0.0103617 0.0111146 0.0116278 0.0118869 0.011888 0.0116402 0.0111633 0.0104836 0.00962816 0.00861911 0.00747271 0.00621372 0.00492976 0.00393944 0.00424805 0.00796043 0.0165213 0.0262993 0.0290407 0.0213618 0.0106221 0.00359547 0.000893099 0.000187599 3.4186e-05 5.52246e-06 8.11902e-07 1.03635e-07 1.0216e-08 5.52995e-10 0 
0 3.47017e-06 3.59713e-05 0.000185429 0.000641274 0.00160704 0.00305382 0.00466077 0.00610556 0.00726516 0.00814926 0.00879181 0.00921276 0.00942056 0.00942148 0.00922472 0.00884305 0.00829038 0.0075789 0.00671993 0.00573411 0.00467483 0.00367406 0.00314143 0.00459977 0.0114857 0.0262993 0.0429428 0.0473228 0.0353168 0.0173994 0.0057637 0.0013256 0.000238513 3.68426e-05 5.21104e-06 7.10403e-07 8.77245e-08 8.50478e-09 4.55069e-10 0 
0 1.35842e-06 1.39692e-05 7.30099e-05 0.000264841 0.00072436 0.00154846 0.00267482 0.00389372 0.00499772 0.00588077 0.00652238 0.00693709 0.00714462 0.00716139 0.00700044 0.00667293 0.00618988 0.00556651 0.00483147 0.00403866 0.00327039 0.00263433 0.00245894 0.00437355 0.0122414 0.0290407 0.0473228 0.0513097 0.0395036 0.0192839 0.00634786 0.00142579 0.000238713 3.29337e-05 4.1723e-06 5.32892e-07 6.42922e-08 6.19065e-09 3.30301e-10 0 
0 4.87114e-07 4.92581e-06 2.56721e-05 9.49971e-05 0.000273071 0.000632504 0.00120924 0.00195732 0.00276233 0.00350277 0.00409697 0.00450902 0.00473263 0.00477524 0.00464968 0.00437258 0.00396733 0.00346992 0.00293418 0.00242946 0.00202261 0.00175262 0.0017653 0.00321008 0.00904332 0.0213618 0.0353168 0.0395036 0.028948 0.0142854 0.00470277 0.00105446 0.000172934 2.26266e-05 2.7099e-06 3.36215e-07 4.04334e-08 3.91555e-09 2.1033e-10 0 
0 1.60245e-07 1.58382e-06 8.13832e-06 3.0119e-05 8.82939e-05 0.000213294 0.000434207 0.000758664 0.00115957 0.00158185 0.00196385 0.00225652 0.00243112 0.00247796 0.00240245 0.00222248 0.00196733 0.00167678 0.00139764 0.0011763 0.00104676 0.00101572 0.00110796 0.00180107 0.00460287 0.0106221 0.0173994 0.0192839 0.0142854 0.00706021 0.00233582 0.00053139 8.79761e-05 1.14923e-05 1.39086e-06 1.76622e-07 2.17382e-08 2.14613e-09 1.17182e-10 0 
0 4.84103e-08 4.65874e-07 2.34348e-06 8.56648e-06 2.51065e-05 6.15126e-05 0.000128883 0.000234644 0.000376454 0.00053962 0.000700435 0.000833472 0.000918699 0.000945742 0.000915063 0.000836997 0.000729462 0.000614685 0.000515454 0.00045174 0.000437971 0.000479021 0.000575285 0.000829647 0.00169282 0.00359547 0.0057637 0.00634786 0.00470277 0.00233582 0.000785742 0.000184259 3.14892e-05 4.32678e-06 5.67653e-07 7.76245e-08 1.001e-08 1.01957e-09 5.70762e-11 0 
0 1.34295e-08 1.25563e-07 6.15829e-07 2.20758e-06 6.39365e-06 1.56205e-05 3.29458e-05 6.09014e-05 9.98445e-05 0.000146709 0.000195109 0.000236974 0.000264999 0.000274813 0.000266112 0.000242558 0.000210677 0.000178256 0.000152873 0.000141065 0.000148138 0.000177628 0.000230829 0.000320035 0.000512052 0.000893099 0.0013256 0.00142579 0.00105446 0.00053139 0.000184259 4.50111e-05 8.20075e-06 1.26353e-06 1.91085e-07 2.90101e-08 3.9699e-09 4.20619e-10 2.43099e-11 0 
0 3.41409e-09 3.09841e-08 1.47868e-07 5.1786e-07 1.473e-06 3.5557e-06 7.45658e-06 1.37863e-05 2.27164e-05 3.36571e-05 4.5194e-05 5.53961e-05 6.2401e-05 6.50252e-05 6.31404e-05 5.76891e-05 5.03812e-05 4.32462e-05 3.82541e-05 3.71502e-05 4.14703e-05 5.24378e-05 7.05503e-05 9.62592e-05 0.000133697 0.000187599 0.000238513 0.000238713 0.000172934 8.79761e-05 3.14892e-05 8.20075e-06 1.68703e-06 3.10595e-07 5.55719e-08 9.37274e-09 1.36339e-09 1.50954e-10 9.05344e-12 0 
0 7.91203e-10 6.96923e-09 3.23421e-08 1.10478e-07 3.07702e-07 7.30537e-07 1.51374e-06 2.77766e-06 4.56014e-06 6.75233e-06 9.08029e-06 1.11593e-05 1.26089e-05 1.31819e-05 1.2849e-05 1.18079e-05 1.04217e-05 9.12541e-06 8.34852e-06 8.48078e-06 9.86604e-06 1.27542e-05 1.71416e-05 2.26322e-05 2.86148e-05 3.4186e-05 3.68426e-05 3.29337e-05 2.26266e-05 1.14923e-05 4.32678e-06 1.26353e-06 3.10595e-07 6.94039e-08 1.43389e-08 2.63694e-09 4.06249e-10 4.71062e-11 2.94164e-12 0 
0 1.65335e-10 1.41426e-09 6.3835e-09 2.1261e-08 5.79181e-08 1.34972e-07 2.75542e-07 4.99958e-07 8.14344e-07 1.19985e-06 1.60937e-06 1.97653e-06 2.23533e-06 2.34264e-06 2.29364e-06 2.12407e-06 1.89992e-06 1.70144e-06 1.60928e-06 1.6969e-06 2.02517e-06 2.62623e-06 3.46513e-06 4.39657e-06 5.17375e-06 5.52246e-06 5.21104e-06 4.1723e-06 2.7099e-06 1.39086e-06 5.67653e-07 1.91085e-07 5.55719e-08 1.43389e-08 3.26985e-09 6.43411e-10 1.0458e-10 1.27093e-11 8.27933e-13 0 
0 3.04934e-11 2.53542e-10 1.11395e-09 3.61906e-09 9.64246e-09 2.2044e-08 4.42882e-08 7.93358e-08 1.27968e-07 1.87236e-07 2.50024e-07 3.06389e-07 3.46477e-07 3.63884e-07 3.58011e-07 3.34483e-07 3.03698e-07 2.78451e-07 2.71746e-07 2.95214e-07 3.57402e-07 4.60216e-07 5.92605e-07 7.24804e-07 8.11838e-07 8.11902e-07 7.10403e-07 5.32892e-07 3.36215e-07 1.76622e-07 7.76245e-08 2.90101e-08 9.37274e-09 2.63694e-09 6.43411e-10 1.33973e-10 2.29097e-11 2.91711e-12 1.98367e-13 0 
0 4.75049e-12 3.84409e-11 1.64584e-10 5.22061e-10 1.36124e-09 3.05361e-09 6.03687e-09 1.06718e-08 1.70346e-08 2.47311e-08 3.28513e-08 4.01422e-08 4.53721e-08 4.77505e-08 4.72267e-08 4.45505e-08 4.11007e-08 3.8587e-08 3.87482e-08 4.30793e-08 5.24957e-08 6.67778e-08 8.38296e-08 9.92792e-08 1.07382e-07 1.03635e-07 8.77245e-08 6.42922e-08 4.04334e-08 2.17382e-08 1.001e-08 3.9699e-09 1.36339e-09 4.06249e-10 1.0458e-10 2.29097e-11 4.1112e-12 5.4786e-13 3.88754e-14 0 
0 5.63753e-13 4.44582e-12 1.8574e-11 5.75913e-11 1.471e-10 3.24017e-10 6.30596e-10 1.10026e-09 1.73796e-09 2.50324e-09 3.30699e-09 4.02859e-09 4.55081e-09 4.79985e-09 4.77394e-09 4.54997e-09 4.26772e-09 4.10074e-09 4.22368e-09 4.77805e-09 5.82915e-09 7.30741e-09 8.95047e-09 1.03021e-08 1.0838e-08 1.0216e-08 8.50478e-09 6.19065e-09 3.91555e-09 2.14613e-09 1.01957e-09 4.20619e-10 1.50954e-10 4.71062e-11 1.27093e-11 2.91711e-12 5.4786e-13 7.62705e-14 5.64138e-15 0 
0 3.63829e-14 2.80024e-13 1.14322e-12 3.46954e-12 8.69095e-12 1.88153e-11 3.6074e-11 6.21557e-11 9.71882e-11 1.38902e-10 1.82515e-10 2.21675e-10 2.50292e-10 2.64624e-10 2.64784e-10 2.55109e-10 2.43354e-10 2.39092e-10 2.5175e-10 2.88375e-10 3.50906e-10 4.33079e-10 5.1835e-10 5.81708e-10 5.97738e-10 5.52995e-10 4.55069e-10 3.30301e-10 2.1033e-10 1.17182e-10 5.70762e-11 2.43099e-11 9.05344e-12 2.94164e-12 8.27933e-13 1.98367e-13 3.88754e-14 5.64138e-15 4.3427e-16 0 
0 0 0 0 0 0 0 0 0 0 0 0 0 0 0 0 0 0 0 0 0 0 0 0 0 0 0 0 0 0 0 0 0 0 0 0 0 0 0 0 0 
