0 0 0 0 0 0 0 0 0 0 0 0 0 0 0 0 0 0 0 0 0 0 0 0 0 0 0 0 0 0 0 0 0 0 0 0 0 0 0 0 0 
0 1.16136e-07 9.93375e-07 4.03607e-06 1.07932e-05 2.13909e-05 3.40066e-05 4.62248e-05 5.64655e-05 6.42514e-05 6.97768e-05 7.34571e-05 7.56836e-05 7.67417e-05 7.6808e-05 7.59702e-05 7.42441e-05 7.15853e-05 6.79034e-05 6.30903e-05 5.70724e-05 4.98825e-05 4.17352e-05 3.30698e-05 2.45238e-05 1.68108e-05 1.05249e-05 5.9558e-06 3.02265e-06 1.3697e-06 5.53433e-07 1.99552e-07 6.43056e-08 1.85301e-08 4.7636e-09 1.0839e-09 2.1428e-10 3.5317e-11 4.38674e-12 2.93755e-13 0 
0 9.93375e-07 8.4507e-06 3.18117e-05 7.27665e-05 0.000116836 0.000149129 0.000167727 0.00017805 0.000184939 0.000190573 0.000195326 0.000198861 0.000200765 0.000200822 0.000199089 0.000195872 0.000191653 0.000186954 0.000182141 0.000177165 0.000171284 0.000162941 0.000150041 0.000130857 0.000105427 7.6527e-05 4.89872e-05 2.72542e-05 1.30997e-05 5.44963e-06 1.97575e-06 6.29457e-07 1.77383e-07 4.43157e-08 9.76918e-09 1.86927e-09 2.98301e-10 3.5918e-11 2.3355e-12 0 
0 4.03607e-06 3.18117e-05 9.89257e-05 0.000172126 0.000214012 0.000233747 0.00025077 0.000271667 0.000294977 0.000317499 0.00033656 0.000350369 0.000357932 0.000358928 0.000353613 0.000342739 0.00032747 0.000309311 0.000290051 0.000271675 0.00025616 0.000244933 0.00023783 0.000231741 0.000219987 0.000194586 0.000152553 0.000101544 5.59553e-05 2.54254e-05 9.64515e-06 3.11403e-06 8.7092e-07 2.13319e-07 4.58116e-08 8.51632e-09 1.31966e-09 1.54404e-10 9.76972e-12 0 
0 1.07932e-05 7.27665e-05 0.000172126 0.000232713 0.000263595 0.000300421 0.000348625 0.000401713 0.000453547 0.000499763 0.000537241 0.000563838 0.000578337 0.00058042 0.000570613 0.000550167 0.000520916 0.000485101 0.00044521 0.000403875 0.000363861 0.000328159 0.000299979 0.000282012 0.000274078 0.000269283 0.000252388 0.000208399 0.000140981 7.50873e-05 3.14987e-05 1.06915e-05 3.03475e-06 7.38565e-07 1.55811e-07 2.82999e-08 4.27595e-09 4.87778e-10 3.01194e-11 0 
0 2.13909e-05 0.000116836 0.000214012 0.000263595 0.000319422 0.000395172 0.000481029 0.000568375 0.000650906 0.000723488 0.000781985 0.000823392 0.000845971 0.000849293 0.000834173 0.000802508 0.000757048 0.000701105 0.00063828 0.000572199 0.000506328 0.000443929 0.000388239 0.000342895 0.000311968 0.000297773 0.000294603 0.000282126 0.000234463 0.000153035 7.49245e-05 2.79026e-05 8.26405e-06 2.03205e-06 4.25466e-07 7.60188e-08 1.12556e-08 1.25681e-09 7.5987e-11 0 
0 3.40066e-05 0.000149129 0.000233747 0.000300421 0.000395172 0.000510105 0.000633595 0.000757085 0.000873044 0.000974744 0.00105661 0.00111464 0.0011465 0.00115127 0.00112991 0.00108547 0.00102185 0.000943519 0.000855357 0.00076228 0.000668883 0.000579234 0.000496836 0.000424886 0.000366981 0.000327726 0.000310454 0.000308175 0.000292954 0.00023173 0.000136268 5.77723e-05 1.83664e-05 4.64561e-06 9.76112e-07 1.72816e-07 2.52077e-08 2.76672e-09 1.64365e-10 0 
0 4.62248e-05 0.000167727 0.00025077 0.000348625 0.000481029 0.000633595 0.000795266 0.000956268 0.0011072 0.00123991 0.00135293 0.0014537 0.0015226 0.0015351 0.0014887 0.00140159 0.00130323 0.00119879 0.00108383 0.000962496 0.000840466 0.00072284 0.000613814 0.000516729 0.000434501 0.000370679 0.000330308 0.000316071 0.000314361 0.000284963 0.00019959 9.81907e-05 3.42678e-05 9.06284e-06 1.93104e-06 3.41137e-07 4.9272e-08 5.33767e-09 3.12671e-10 0 
0 5.64655e-05 0.00017805 0.000271667 0.000401713 0.000568375 0.000757085 0.000956268 0.00115438 0.00134124 0.00153355 0.00175161 0.00189756 0.00196024 0.00196989 0.00193332 0.00183542 0.00165892 0.00146538 0.00131116 0.00116116 0.0010108 0.000865619 0.000730605 0.000609539 0.00050522 0.000420215 0.000358405 0.000325214 0.000318822 0.000310104 0.000249547 0.000142017 5.50294e-05 1.53955e-05 3.35457e-06 5.94833e-07 8.54581e-08 9.17178e-09 5.31497e-10 0 
0 6.42514e-05 0.000184939 0.000294977 0.000453547 0.000650906 0.000873044 0.0011072 0.00134124 0.00160253 0.00190333 0.00205408 0.00212537 0.00215812 0.00216337 0.00214334 0.00209405 0.00200082 0.00181115 0.00154348 0.00134749 0.0011699 0.000999038 0.000839901 0.000696756 0.000572541 0.000469362 0.000389827 0.000338863 0.00032027 0.000318069 0.000281275 0.000181448 7.79556e-05 2.31855e-05 5.19287e-06 9.28178e-07 1.33119e-07 1.41997e-08 8.16391e-10 0 
0 6.97768e-05 0.000190573 0.000317499 0.000499763 0.000723488 0.000974744 0.00123991 0.00153355 0.00190333 0.00209287 0.00218476 0.00223512 0.00225955 0.0022635 0.00224825 0.00221202 0.00214849 0.00203981 0.0018243 0.00152429 0.00130907 0.00111538 0.000935245 0.000772961 0.000631656 0.000513267 0.000419571 0.000354299 0.000322964 0.000318847 0.000298154 0.000211935 9.97561e-05 3.14716e-05 7.25454e-06 1.31e-06 1.88025e-07 1.99846e-08 1.14276e-09 0 
0 7.34571e-05 0.000195326 0.00033656 0.000537241 0.000781985 0.00105661 0.00135293 0.00175161 0.00205408 0.00218476 0.00225751 0.0022997 0.00232063 0.00232399 0.00231075 0.00227979 0.0022272 0.00214319 0.00199963 0.00171376 0.00142435 0.00120828 0.00101131 0.000833769 0.000678907 0.0005486 0.00044415 0.000368272 0.000326537 0.00031754 0.000305671 0.000232659 0.000117761 3.90797e-05 9.24797e-06 1.68743e-06 2.42718e-07 2.57531e-08 1.46759e-09 0 
0 7.56836e-05 0.000198861 0.000350369 0.000563838 0.000823392 0.00111464 0.0014537 0.00189756 0.00212537 0.00223512 0.0022997 0.00233803 0.00235721 0.00236023 0.00234792 0.00231943 0.00227175 0.00219779 0.00207909 0.00185305 0.00151795 0.00127328 0.00106419 0.000876001 0.000711693 0.000573132 0.000461359 0.00037842 0.000329491 0.000315855 0.000308061 0.00024487 0.000130428 4.49502e-05 1.08587e-05 1.99887e-06 2.88238e-07 3.0568e-08 1.73881e-09 0 
0 7.67417e-05 0.000200765 0.000357932 0.000578337 0.000845971 0.0011465 0.0015226 0.00196024 0.00215812 0.00225955 0.00232063 0.00235721 0.00237556 0.00237836 0.00236637 0.00233887 0.0022932 0.00222326 0.00211387 0.00191623 0.0015771 0.00130769 0.00109167 0.000897814 0.000728504 0.000585588 0.000469972 0.000383346 0.000330548 0.000314002 0.000307752 0.000250234 0.000137186 4.83536e-05 1.1832e-05 2.19093e-06 3.16606e-07 3.35859e-08 1.90941e-09 0 
0 7.6808e-05 0.000200822 0.000358928 0.00058042 0.000849293 0.00115127 0.0015351 0.00196989 0.00216337 0.0022635 0.00232399 0.00236023 0.00237836 0.00238099 0.0023689 0.00234136 0.00229577 0.00222615 0.0021178 0.00192387 0.00158468 0.00131014 0.00109321 0.000898742 0.000728922 0.000585569 0.000469545 0.000382442 0.000328978 0.000311765 0.000305785 0.000249944 0.000138041 4.89634e-05 1.20304e-05 2.23288e-06 3.23087e-07 3.42994e-08 1.9509e-09 0 
0 7.59702e-05 0.000199089 0.000353613 0.000570613 0.000834173 0.00112991 0.0014887 0.00193332 0.00214334 0.00224825 0.00231075 0.00234792 0.00236637 0.0023689 0.0023563 0.00232777 0.00228049 0.00220789 0.00209338 0.00188193 0.00153924 0.00128172 0.00106988 0.000879603 0.000713533 0.000573458 0.000460274 0.000375706 0.00032457 0.000308882 0.000302244 0.000244451 0.00013328 4.68381e-05 1.14566e-05 2.12368e-06 3.07405e-07 3.26713e-08 1.86094e-09 0 
0 7.42441e-05 0.000195872 0.000342739 0.000550167 0.000802508 0.00108547 0.00140159 0.00183542 0.00209405 0.00221202 0.00227979 0.00231943 0.00233887 0.00234136 0.00232777 0.00229711 0.00224597 0.00216612 0.00203536 0.00177835 0.00145513 0.00122626 0.00102415 0.000842301 0.000683751 0.000550259 0.000442832 0.000363551 0.000317448 0.000304997 0.000296389 0.0002335 0.000123365 4.23672e-05 1.02406e-05 1.89025e-06 2.73549e-07 2.912e-08 1.66265e-09 0 
0 7.15853e-05 0.000191653 0.00032747 0.000520916 0.000757048 0.00102185 0.00130323 0.00165892 0.00200082 0.00214849 0.0022272 0.00227175 0.0022932 0.00229577 0.00228049 0.00224597 0.00218745 0.0020926 0.00192335 0.00161082 0.00135359 0.00114847 0.000959533 0.000789544 0.000641581 0.000517379 0.000418167 0.000346587 0.000307751 0.000299282 0.000286542 0.000216375 0.000109022 3.62061e-05 8.6039e-06 1.57865e-06 2.28398e-07 2.43726e-08 1.39657e-09 0 
0 6.79034e-05 0.000186954 0.000309311 0.000485101 0.000701105 0.000943519 0.00119879 0.00146538 0.00181115 0.00203981 0.00214319 0.00219779 0.00222326 0.00222615 0.00220789 0.00216612 0.0020926 0.00196359 0.00170789 0.00143955 0.00123976 0.00105334 0.00088016 0.000724507 0.000589321 0.000476368 0.000387243 0.000325268 0.000295033 0.000289698 0.000269926 0.000192397 9.14131e-05 2.91914e-05 6.80726e-06 1.2416e-06 1.79756e-07 1.92537e-08 1.10882e-09 0 
0 6.30903e-05 0.000182141 0.000290051 0.00044521 0.00063828 0.000855357 0.00108383 0.00131116 0.00154348 0.0018243 0.00199963 0.00207909 0.00211387 0.0021178 0.00209338 0.00203536 0.00192335 0.00170789 0.00147051 0.00128818 0.00111392 0.000946284 0.000790434 0.000650499 0.000529268 0.000428627 0.000350679 0.00029924 0.000277154 0.000272028 0.000242981 0.000161786 7.22744e-05 2.22222e-05 5.09727e-06 9.2631e-07 1.34474e-07 1.4484e-08 8.39731e-10 0 
0 5.70724e-05 0.000177165 0.000271675 0.000403875 0.000572199 0.00076228 0.000962496 0.00116116 0.00134749 0.00152429 0.00171376 0.00185305 0.00191623 0.00192387 0.00188193 0.00177835 0.00161082 0.00143955 0.00128818 0.00113486 0.000981122 0.000832725 0.000694653 0.000570671 0.000463456 0.000375101 0.000308161 0.000266096 0.000248704 0.000239667 0.000203108 0.000126751 5.38271e-05 1.61054e-05 3.66033e-06 6.65726e-07 9.71805e-08 1.05455e-08 6.16338e-10 0 
0 4.98825e-05 0.000171284 0.00025616 0.000363861 0.000506328 0.000668883 0.000840466 0.0010108 0.0011699 0.00130907 0.00142435 0.00151795 0.0015771 0.00158468 0.00153924 0.00145513 0.00135359 0.00123976 0.00111392 0.000981122 0.00084728 0.000717705 0.000596757 0.000487829 0.000393518 0.000316049 0.00025773 0.000220368 0.000201672 0.000187548 0.000152542 9.20167e-05 3.83226e-05 1.13963e-05 2.59539e-06 4.74847e-07 6.98336e-08 7.63728e-09 4.49769e-10 0 
0 4.17352e-05 0.000162941 0.000244933 0.000328159 0.000443929 0.000579234 0.00072284 0.000865619 0.000999038 0.00111538 0.00120828 0.00127328 0.00130769 0.00131014 0.00128172 0.00122626 0.00114847 0.00105334 0.000946284 0.000832725 0.000717705 0.000605634 0.000500208 0.0004045 0.00032117 0.000252379 0.000199161 0.000161427 0.000138224 0.000123553 0.000101432 6.33515e-05 2.72645e-05 8.28426e-06 1.90991e-06 3.51921e-07 5.19992e-08 5.7074e-09 3.37132e-10 0 
0 3.30698e-05 0.000150041 0.00023783 0.000299979 0.000388239 0.000496836 0.000613814 0.000730605 0.000839901 0.000935245 0.00101131 0.00106419 0.00109167 0.00109321 0.00106988 0.00102415 0.000959533 0.00088016 0.000790434 0.000694653 0.000596757 0.000500208 0.000408126 0.000323963 0.000252387 0.000197777 0.000158525 0.000126235 9.69484e-05 7.60931e-05 6.28982e-05 4.38e-05 2.06785e-05 6.57397e-06 1.53637e-06 2.8291e-07 4.15731e-08 4.53337e-09 2.66102e-10 0 
0 2.45238e-05 0.000130857 0.000231741 0.000282012 0.000342895 0.000424886 0.000516729 0.000609539 0.000696756 0.000772961 0.000833769 0.000876001 0.000897814 0.000898742 0.000879603 0.000842301 0.000789544 0.000724507 0.000650499 0.000570671 0.000487829 0.0004045 0.000323963 0.000254067 0.000211567 0.000209246 0.000226352 0.000215213 0.000158145 9.02991e-05 4.94441e-05 3.23706e-05 1.71159e-05 5.77959e-06 1.36092e-06 2.47196e-07 3.56509e-08 3.81753e-09 2.20474e-10 0 
0 1.68108e-05 0.000105427 0.000219987 0.000274078 0.000311968 0.000366981 0.000434501 0.00050522 0.000572541 0.000631656 0.000678907 0.000711693 0.000728504 0.000728922 0.000713533 0.000683751 0.000641581 0.000589321 0.000529268 0.000463456 0.000393518 0.00032117 0.000252387 0.000211567 0.000248403 0.000391607 0.000705581 0.000851389 0.000463704 0.000226445 8.40234e-05 3.12544e-05 1.5066e-05 5.33805e-06 1.25841e-06 2.23447e-07 3.13782e-08 3.27874e-09 1.85372e-10 0 
0 1.05249e-05 7.6527e-05 0.000194586 0.000269283 0.000297773 0.000327726 0.000370679 0.000420215 0.000469362 0.000513267 0.0005486 0.000573132 0.000585588 0.000585569 0.000573458 0.000550259 0.000517379 0.000476368 0.000428627 0.000375101 0.000316049 0.000252379 0.000197777 0.000209246 0.000391607 0.00100348 0.00145755 0.00149185 0.00134864 0.000540595 0.000176899 4.54744e-05 1.44506e-05 4.87046e-06 1.13099e-06 1.95476e-07 2.67189e-08 2.72715e-09 1.51147e-10 0 
0 5.9558e-06 4.89872e-05 0.000152553 0.000252388 0.000294603 0.000310454 0.000330308 0.000358405 0.000389827 0.000419571 0.00044415 0.000461359 0.000469972 0.000469545 0.000460274 0.000442832 0.000418167 0.000387243 0.000350679 0.000308161 0.00025773 0.000199161 0.000158525 0.000226352 0.000705581 0.00145755 0.00159135 0.00160694 0.001539 0.00119108 0.000284779 6.5639e-05 1.4866e-05 4.23044e-06 9.35861e-07 1.56847e-07 2.09635e-08 2.10321e-09 1.14952e-10 0 
0 3.02265e-06 2.72542e-05 0.000101544 0.000208399 0.000282126 0.000308175 0.000316071 0.000325214 0.000338863 0.000354299 0.000368272 0.00037842 0.000383346 0.000382442 0.000375706 0.000363551 0.000346587 0.000325268 0.00029924 0.000266096 0.000220368 0.000161427 0.000126235 0.000215213 0.000851389 0.00149185 0.00160694 0.00162295 0.00156772 0.0013446 0.000333555 7.03867e-05 1.38926e-05 3.34101e-06 6.85863e-07 1.11362e-07 1.4671e-08 1.46026e-09 7.93771e-11 0 
0 1.3697e-06 1.30997e-05 5.59553e-05 0.000140981 0.000234463 0.000292954 0.000314361 0.000318822 0.00032027 0.000322964 0.000326537 0.000329491 0.000330548 0.000328978 0.00032457 0.000317448 0.000307751 0.000295033 0.000277154 0.000248704 0.000201672 0.000138224 9.69484e-05 0.000158145 0.000463704 0.00134864 0.001539 0.00156772 0.00147106 0.000884827 0.000231347 5.22277e-05 1.02545e-05 2.24868e-06 4.30747e-07 6.83745e-08 8.98264e-09 8.96742e-10 4.89443e-11 0 
0 5.53433e-07 5.44963e-06 2.54254e-05 7.50873e-05 0.000153035 0.00023173 0.000284963 0.000310104 0.000318069 0.000318847 0.00031754 0.000315855 0.000314002 0.000311765 0.000308882 0.000304997 0.000299282 0.000289698 0.000272028 0.000239667 0.000187548 0.000123553 7.60931e-05 9.02991e-05 0.000226445 0.000540595 0.00119108 0.0013446 0.000884827 0.000347314 0.000114946 2.69105e-05 5.7544e-06 1.22572e-06 2.26273e-07 3.58419e-08 4.76438e-09 4.8251e-10 2.66965e-11 0 
0 1.99552e-07 1.97575e-06 9.64515e-06 3.14987e-05 7.49245e-05 0.000136268 0.00019959 0.000249547 0.000281275 0.000298154 0.000305671 0.000308061 0.000307752 0.000305785 0.000302244 0.000296389 0.000286542 0.000269926 0.000242981 0.000203108 0.000152542 0.000101432 6.28982e-05 4.94441e-05 8.40234e-05 0.000176899 0.000284779 0.000333555 0.000231347 0.000114946 3.90973e-05 1.02953e-05 2.48464e-06 5.31787e-07 9.86819e-08 1.59914e-08 2.18242e-09 2.26593e-10 1.28201e-11 0 
0 6.43056e-08 6.29457e-07 3.11403e-06 1.06915e-05 2.79026e-05 5.77723e-05 9.81907e-05 0.000142017 0.000181448 0.000211935 0.000232659 0.00024487 0.000250234 0.000249944 0.000244451 0.0002335 0.000216375 0.000192397 0.000161786 0.000126751 9.20167e-05 6.33515e-05 4.38e-05 3.23706e-05 3.12544e-05 4.54744e-05 6.5639e-05 7.03867e-05 5.22277e-05 2.69105e-05 1.02953e-05 3.22028e-06 8.42472e-07 1.86456e-07 3.60762e-08 6.09958e-09 8.64441e-10 9.28039e-11 5.40843e-12 0 
0 1.85301e-08 1.77383e-07 8.7092e-07 3.03475e-06 8.26405e-06 1.83664e-05 3.42678e-05 5.50294e-05 7.79556e-05 9.97561e-05 0.000117761 0.000130428 0.000137186 0.000138041 0.00013328 0.000123365 0.000109022 9.14131e-05 7.22744e-05 5.38271e-05 3.83226e-05 2.72645e-05 2.06785e-05 1.71159e-05 1.5066e-05 1.44506e-05 1.4866e-05 1.38926e-05 1.02545e-05 5.7544e-06 2.48464e-06 8.42472e-07 2.32368e-07 5.46586e-08 1.12438e-08 2.00304e-09 2.96852e-10 3.31542e-11 2.0013e-12 0 
0 4.7636e-09 4.43157e-08 2.13319e-07 7.38565e-07 2.03205e-06 4.64561e-06 9.06284e-06 1.53955e-05 2.31855e-05 3.14716e-05 3.90797e-05 4.49502e-05 4.83536e-05 4.89634e-05 4.68381e-05 4.23672e-05 3.62061e-05 2.91914e-05 2.22222e-05 1.61054e-05 1.13963e-05 8.28426e-06 6.57397e-06 5.77959e-06 5.33805e-06 4.87046e-06 4.23044e-06 3.34101e-06 2.24868e-06 1.22572e-06 5.31787e-07 1.86456e-07 5.46586e-08 1.37949e-08 3.02424e-09 5.68904e-10 8.84636e-11 1.03173e-11 6.4752e-13 0 
0 1.0839e-09 9.76918e-09 4.58116e-08 1.55811e-07 4.25466e-07 9.76112e-07 1.93104e-06 3.35457e-06 5.19287e-06 7.25454e-06 9.24797e-06 1.08587e-05 1.1832e-05 1.20304e-05 1.14566e-05 1.02406e-05 8.6039e-06 6.80726e-06 5.09727e-06 3.66033e-06 2.59539e-06 1.90991e-06 1.53637e-06 1.36092e-06 1.25841e-06 1.13099e-06 9.35861e-07 6.85863e-07 4.30747e-07 2.26273e-07 9.86819e-08 3.60762e-08 1.12438e-08 3.02424e-09 7.02995e-10 1.39486e-10 2.27812e-11 2.77953e-12 1.81767e-13 0 
0 2.1428e-10 1.86927e-09 8.51632e-09 2.82999e-08 7.60188e-08 1.72816e-07 3.41137e-07 5.94833e-07 9.28178e-07 1.31e-06 1.68743e-06 1.99887e-06 2.19093e-06 2.23288e-06 2.12368e-06 1.89025e-06 1.57865e-06 1.2416e-06 9.2631e-07 6.65726e-07 4.74847e-07 3.51921e-07 2.8291e-07 2.47196e-07 2.23447e-07 1.95476e-07 1.56847e-07 1.11362e-07 6.83745e-08 3.58419e-08 1.59914e-08 6.09958e-09 2.00304e-09 5.68904e-10 1.39486e-10 2.91311e-11 4.99447e-12 6.37666e-13 4.34865e-14 0 
0 3.5317e-11 2.98301e-10 1.31966e-09 4.27595e-09 1.12556e-08 2.52077e-08 4.9272e-08 8.54581e-08 1.33119e-07 1.88025e-07 2.42718e-07 2.88238e-07 3.16606e-07 3.23087e-07 3.07405e-07 2.73549e-07 2.28398e-07 1.79756e-07 1.34474e-07 9.71805e-08 6.98336e-08 5.19992e-08 4.15731e-08 3.56509e-08 3.13782e-08 2.67189e-08 2.09635e-08 1.4671e-08 8.98264e-09 4.76438e-09 2.18242e-09 8.64441e-10 2.96852e-10 8.84636e-11 2.27812e-11 4.99447e-12 8.97409e-13 1.19791e-13 8.51751e-15 0 
0 4.38674e-12 3.5918e-11 1.54404e-10 4.87778e-10 1.25681e-09 2.76672e-09 5.33767e-09 9.17178e-09 1.41997e-08 1.99846e-08 2.57531e-08 3.0568e-08 3.35859e-08 3.42994e-08 3.26713e-08 2.912e-08 2.43726e-08 1.92537e-08 1.4484e-08 1.05455e-08 7.63728e-09 5.7074e-09 4.53337e-09 3.81753e-09 3.27874e-09 2.72715e-09 2.10321e-09 1.46026e-09 8.96742e-10 4.8251e-10 2.26593e-10 9.28039e-11 3.31542e-11 1.03173e-11 2.77953e-12 6.37666e-13 1.19791e-13 1.66909e-14 1.23615e-15 0 
0 2.93755e-13 2.3355e-12 9.76972e-12 3.01194e-11 7.5987e-11 1.64365e-10 3.12671e-10 5.31497e-10 8.16391e-10 1.14276e-09 1.46759e-09 1.73881e-09 1.90941e-09 1.9509e-09 1.86094e-09 1.66265e-09 1.39657e-09 1.10882e-09 8.39731e-10 6.16338e-10 4.49769e-10 3.37132e-10 2.66102e-10 2.20474e-10 1.85372e-10 1.51147e-10 1.14952e-10 7.93771e-11 4.89443e-11 2.66965e-11 1.28201e-11 5.40843e-12 2.0013e-12 6.4752e-13 1.81767e-13 4.34865e-14 8.51751e-15 1.23615e-15 9.52178e-17 0 
0 0 0 0 0 0 0 0 0 0 0 0 0 0 0 0 0 0 0 0 0 0 0 0 0 0 0 0 0 0 0 0 0 0 0 0 0 0 0 0 0 
