0 0 0 0 0 0 0 0 0 0 0 0 0 0 0 0 0 0 0 0 0 0 0 0 0 0 0 0 0 0 0 0 0 0 0 0 0 0 0 0 0 
0 2.00586e-07 1.77687e-06 7.73364e-06 2.28926e-05 5.13119e-05 9.2756e-05 0.000142171 0.000192635 0.000238473 0.000276384 0.00030504 0.000324267 0.000334406 0.000335957 0.000329437 0.000315354 0.000294254 0.000266818 0.000234025 0.000197311 0.000158676 0.000120618 8.58126e-05 5.65616e-05 3.42131e-05 1.88411e-05 9.3933e-06 4.22696e-06 1.71584e-06 6.28943e-07 2.08517e-07 6.2597e-08 1.70062e-08 4.16559e-09 9.11339e-10 1.74555e-10 2.80499e-11 3.41438e-12 2.24987e-13 0 
0 1.77687e-06 1.60276e-05 6.80229e-05 0.000185694 0.000365383 0.000565273 0.000743535 0.00088445 0.000991176 0.00107116 0.00112948 0.00116835 0.00118857 0.00119071 0.0011758 0.00114531 0.0011009 0.00104383 0.000974281 0.000891028 0.000791837 0.000675218 0.000543372 0.000404803 0.000273819 0.000165417 8.827e-05 4.14304e-05 1.71354e-05 6.28083e-06 2.05436e-06 6.03099e-07 1.59397e-07 3.78816e-08 8.03345e-09 1.49178e-09 2.32623e-10 2.75148e-11 1.76456e-12 0 
0 7.73364e-06 6.80229e-05 0.000261073 0.000597265 0.000956155 0.00124257 0.00146314 0.00165166 0.00182265 0.00197385 0.00209727 0.00218537 0.00223334 0.0022397 0.00220615 0.00213721 0.00203962 0.00192151 0.00179144 0.00165678 0.00152144 0.00138292 0.00123056 0.00104883 0.000829315 0.000586519 0.000359391 0.000187263 8.27605e-05 3.13314e-05 1.03175e-05 2.99836e-06 7.76616e-07 1.79911e-07 3.71017e-08 6.69584e-09 1.01526e-09 1.16898e-10 7.30869e-12 0 
0 2.28926e-05 0.000185694 0.000597265 0.00109786 0.0014987 0.00183365 0.00216748 0.00250702 0.00283252 0.00312157 0.00335576 0.00352192 0.00361249 0.00362551 0.00356424 0.00343652 0.00325378 0.00302995 0.00278041 0.00252093 0.00226667 0.00203034 0.00181815 0.00162259 0.00141626 0.0011611 0.0008452 0.000517976 0.000259411 0.000106224 3.63238e-05 1.06505e-05 2.73475e-06 6.22025e-07 1.25354e-07 2.20668e-08 3.26296e-09 3.66651e-10 2.23986e-11 0 
0 5.13119e-05 0.000365383 0.000956155 0.0014987 0.00196536 0.00246446 0.00300428 0.00355024 0.00406579 0.00451917 0.00488456 0.00514321 0.00528425 0.005305 0.00521055 0.00501276 0.0047288 0.00437936 0.00398693 0.00357413 0.00316253 0.00277184 0.00241933 0.00211709 0.00186307 0.0016256 0.00134223 0.000972243 0.000573898 0.000266318 9.81438e-05 2.97498e-05 7.68583e-06 1.73218e-06 3.43213e-07 5.91972e-08 8.56681e-09 9.42267e-10 5.63925e-11 0 
0 9.2756e-05 0.000565273 0.00124257 0.00183365 0.00246446 0.00318609 0.00395766 0.00472903 0.00545335 0.0060886 0.00659986 0.00696152 0.00715873 0.0071879 0.00705612 0.00677987 0.00638283 0.00589357 0.00534287 0.00476148 0.00417809 0.00361807 0.00310306 0.00265116 0.0022755 0.00197403 0.00170576 0.00138384 0.000956072 0.000516111 0.000211902 6.81359e-05 1.80053e-05 4.06202e-06 7.96644e-07 1.35286e-07 1.92352e-08 2.07769e-09 1.22165e-10 0 
0 0.000142171 0.000743535 0.00146314 0.00216748 0.00300428 0.00395766 0.00496752 0.0059732 0.00691591 0.00774194 0.00840652 0.00887705 0.0091342 0.0091722 0.00899997 0.00863988 0.00812328 0.00748683 0.00676997 0.0060121 0.00524986 0.00451512 0.00383409 0.00322743 0.00271141 0.00229669 0.00197346 0.00167766 0.00129677 0.000809219 0.000376876 0.000131305 3.60488e-05 8.2228e-06 1.60685e-06 2.69973e-07 3.78601e-08 4.02937e-09 2.33446e-10 0 
0 0.000192635 0.00088445 0.00165166 0.00250702 0.00355024 0.00472903 0.0059732 0.00721055 0.00836966 0.00938582 0.0102088 0.0108035 0.0111381 0.0111889 0.0109628 0.0105007 0.00985404 0.00906793 0.00818568 0.00725291 0.00631381 0.00540697 0.00456363 0.00380739 0.00315541 0.00262035 0.00220669 0.0018838 0.00154646 0.00108165 0.000570187 0.000217718 6.28315e-05 1.46135e-05 2.86214e-06 4.77876e-07 6.6341e-08 6.97895e-09 3.9954e-10 0 
0 0.000238473 0.000991176 0.00182265 0.00283252 0.00406579 0.00545335 0.00691591 0.00836966 0.00973239 0.0109383 0.011948 0.0127055 0.0131304 0.0131949 0.0129117 0.0123195 0.0115042 0.0105523 0.00950864 0.00841168 0.00730751 0.00624036 0.00524633 0.00435219 0.00357624 0.0029307 0.00242335 0.00204373 0.00171638 0.00129582 0.000759377 0.000317647 9.69042e-05 2.31091e-05 4.55647e-06 7.588e-07 1.04616e-07 1.09101e-08 6.18839e-10 0 
0 0.000276384 0.00107116 0.00197385 0.00312157 0.00451917 0.0060886 0.00774194 0.00938582 0.0109383 0.0123524 0.0135417 0.0143363 0.0147253 0.01478 0.0145261 0.0139411 0.0130184 0.011882 0.0106697 0.00942273 0.0081739 0.00696701 0.00584188 0.0048282 0.00394555 0.00320574 0.00261614 0.00217487 0.00183231 0.00144688 0.000919337 0.000416922 0.000134292 3.28992e-05 6.54732e-06 1.09044e-06 1.49703e-07 1.55165e-08 8.74146e-10 0 
0 0.00030504 0.00112948 0.00209727 0.00335576 0.00488456 0.00659986 0.00840652 0.0102088 0.011948 0.0135417 0.0147073 0.0153729 0.0156855 0.0157272 0.0155186 0.015034 0.0142019 0.0129971 0.0116204 0.0102337 0.00886562 0.00754679 0.00631698 0.00520803 0.0042407 0.00342664 0.00277215 0.00227807 0.0019112 0.00154537 0.00103867 0.0005023 0.000169604 4.26071e-05 8.56355e-06 1.42868e-06 1.95708e-07 2.02049e-08 1.133e-09 0 
0 0.000324267 0.00116835 0.00218537 0.00352192 0.00514321 0.00696152 0.00887705 0.0108035 0.0127055 0.0143363 0.0153729 0.0159484 0.0162208 0.0162555 0.016069 0.0156416 0.01491 0.0137752 0.0123142 0.0108074 0.0093484 0.00795043 0.00664733 0.00547182 0.0044455 0.00357994 0.00288057 0.00234874 0.00196019 0.00160302 0.00111613 0.000564728 0.000197609 5.06535e-05 1.02696e-05 1.71735e-06 2.35081e-07 2.42182e-08 1.35437e-09 0 
0 0.000334406 0.00118857 0.00223334 0.00361249 0.00528425 0.00715873 0.0091342 0.0111381 0.0131304 0.0147253 0.0156855 0.0162208 0.0164751 0.0165058 0.0163278 0.0159241 0.0152387 0.0141652 0.0126944 0.0111161 0.00960225 0.00816116 0.00681895 0.00560808 0.00455051 0.00365776 0.00293471 0.0023826 0.00198133 0.00162795 0.00115483 0.00059971 0.000214474 5.56984e-05 1.13622e-05 1.90434e-06 2.60758e-07 2.68476e-08 1.49993e-09 0 
0 0.000335957 0.00119071 0.0022397 0.00362551 0.005305 0.0071879 0.0091722 0.0111889 0.0131949 0.01478 0.0157272 0.0162555 0.0165058 0.0165345 0.0163559 0.0159536 0.0152729 0.0142072 0.0127353 0.0111443 0.0096218 0.00817522 0.00682853 0.00561387 0.00455312 0.00365765 0.00293211 0.00237764 0.00197513 0.0016246 0.00115831 0.000606201 0.000218358 5.69875e-05 1.16594e-05 1.95753e-06 2.68335e-07 2.76489e-08 1.54566e-09 0 
0 0.000329437 0.0011758 0.00220615 0.00356424 0.00521055 0.00705612 0.00899997 0.0109628 0.0129117 0.0145261 0.0155186 0.016069 0.0163278 0.0163559 0.0161687 0.0157482 0.015035 0.0139246 0.0124481 0.0109017 0.00941716 0.00800117 0.00668284 0.00549432 0.00445699 0.00358199 0.00287406 0.00233429 0.00194201 0.00159465 0.00112904 0.000585466 0.000209466 5.45056e-05 1.11491e-05 1.87409e-06 2.5737e-07 2.65754e-08 1.48895e-09 0 
0 0.000315354 0.00114531 0.00213721 0.00343652 0.00501276 0.00677987 0.00863988 0.0105007 0.0123195 0.0139411 0.015034 0.0156416 0.0159241 0.0159536 0.0157482 0.0152856 0.0144981 0.0133112 0.0118737 0.0104239 0.00901248 0.00765818 0.00639724 0.00526132 0.00427096 0.00343705 0.00276467 0.00225474 0.00188221 0.00153746 0.0010683 0.000540568 0.000189814 4.89291e-05 9.9825e-06 1.67985e-06 2.31354e-07 2.39764e-08 1.3487e-09 0 
0 0.000294254 0.0011009 0.00203962 0.00325378 0.0047288 0.00638283 0.00812328 0.00985404 0.0115042 0.0130184 0.0142019 0.01491 0.0152387 0.0152729 0.015035 0.0144981 0.0136052 0.012401 0.0110857 0.00975752 0.00844132 0.00717352 0.00599359 0.00493178 0.00400754 0.0032316 0.00260958 0.00214155 0.0017946 0.00145009 0.000977174 0.000476467 0.000162824 4.14214e-05 8.42258e-06 1.4201e-06 1.96455e-07 2.04739e-08 1.15869e-09 0 
0 0.000266818 0.00104383 0.00192151 0.00302995 0.00437936 0.00589357 0.00748683 0.00906793 0.0105523 0.011882 0.0129971 0.0137752 0.0141652 0.0142072 0.0139246 0.0133112 0.012401 0.011317 0.0101534 0.00894876 0.00774262 0.00657954 0.0054978 0.00452554 0.0036811 0.00297523 0.00241416 0.00199541 0.00167474 0.00132771 0.000858464 0.000400334 0.000132768 3.33415e-05 6.76863e-06 1.1461e-06 1.59661e-07 1.67753e-08 9.57526e-10 0 
0 0.000234025 0.000974281 0.00179144 0.00278041 0.00398693 0.00534287 0.00676997 0.00818568 0.00950864 0.0106697 0.0116204 0.0123142 0.0126944 0.0127353 0.0124481 0.0118737 0.0110857 0.0101534 0.00912448 0.00804355 0.00695791 0.00591084 0.00493734 0.00406326 0.00330595 0.00267642 0.00218098 0.00181196 0.00151317 0.00116591 0.000719485 0.000321483 0.000104055 2.5948e-05 5.28556e-06 9.02498e-07 1.2704e-07 1.3496e-08 7.78852e-10 0 
0 0.000197311 0.000891028 0.00165678 0.00252093 0.00357413 0.00476148 0.0060121 0.00725291 0.00841168 0.00942273 0.0102337 0.0108074 0.0111161 0.0111443 0.0109017 0.0104239 0.00975752 0.00894876 0.00804355 0.00708866 0.00612845 0.00520151 0.00433906 0.00356461 0.0028947 0.00234045 0.00190672 0.00157911 0.00129753 0.000966832 0.000574398 0.000250305 8.04545e-05 2.01755e-05 4.15715e-06 7.19356e-07 1.02624e-07 1.10411e-08 6.44655e-10 0 
0 0.000158676 0.000791837 0.00152144 0.00226667 0.00316253 0.00417809 0.00524986 0.00631381 0.00730751 0.0081739 0.00886562 0.0093484 0.00960225 0.0096218 0.00941716 0.00901248 0.00844132 0.00774262 0.00695791 0.00612845 0.00529242 0.00448305 0.00372756 0.00304709 0.00245724 0.00196833 0.00158222 0.00128313 0.00102592 0.000748169 0.000443035 0.000195927 6.44337e-05 1.65258e-05 3.46988e-06 6.09531e-07 8.80035e-08 9.55929e-09 5.62426e-10 0 
0 0.000120618 0.000675218 0.00138292 0.00203034 0.00277184 0.00361807 0.00451512 0.00540697 0.00624036 0.00696701 0.00754679 0.00795043 0.00816116 0.00817522 0.00800117 0.00765818 0.00717352 0.00657954 0.00591084 0.00520151 0.00448305 0.00378301 0.00312445 0.00252629 0.00200402 0.0015683 0.00122089 0.000952044 0.000739632 0.000545866 0.000342398 0.000162772 5.66875e-05 1.50527e-05 3.21697e-06 5.6949e-07 8.24236e-08 8.94987e-09 5.25536e-10 0 
0 8.58126e-05 0.000543372 0.00123056 0.00181815 0.00241933 0.00310306 0.00383409 0.00456363 0.00524633 0.00584188 0.00631698 0.00664733 0.00681895 0.00682853 0.00668284 0.00639724 0.00599359 0.0054978 0.00493734 0.00433906 0.00372756 0.00312445 0.00254904 0.00202247 0.00157392 0.00123172 0.000985626 0.000780755 0.00058552 0.000418045 0.00027763 0.000147444 5.57888e-05 1.53634e-05 3.3047e-06 5.80877e-07 8.30715e-08 8.90231e-09 5.15994e-10 0 
0 5.65616e-05 0.000404803 0.00104883 0.00162259 0.00211709 0.00265116 0.00322743 0.00380739 0.00435219 0.0048282 0.00520803 0.00547182 0.00560808 0.00561387 0.00549432 0.00526132 0.00493178 0.00452554 0.00406326 0.00356461 0.00304709 0.00252629 0.00202247 0.00158544 0.00132078 0.00130688 0.00141385 0.00134427 0.000987628 0.000561131 0.00028567 0.000145177 5.86144e-05 1.66374e-05 3.55611e-06 6.12387e-07 8.55681e-08 8.96953e-09 5.09585e-10 0 
0 3.42131e-05 0.000273819 0.000829315 0.00141626 0.00186307 0.0022755 0.00271141 0.00315541 0.00357624 0.00394555 0.0042407 0.0044455 0.00455051 0.00455312 0.00445699 0.00427096 0.00400754 0.0036811 0.00330595 0.0028947 0.00245724 0.00200402 0.00157392 0.00132078 0.00155159 0.00244608 0.00356111 0.00397917 0.00277889 0.00141445 0.000523544 0.000177405 6.3527e-05 1.78783e-05 3.74061e-06 6.25716e-07 8.50312e-08 8.6967e-09 4.83636e-10 0 
0 1.88411e-05 0.000165417 0.000586519 0.0011611 0.0016256 0.00197403 0.00229669 0.00262035 0.0029307 0.00320574 0.00342664 0.00357994 0.00365776 0.00365765 0.00358199 0.00343705 0.0032316 0.00297523 0.00267642 0.00234045 0.00196833 0.0015683 0.00123172 0.00130688 0.00244608 0.00512267 0.00934149 0.0102762 0.00722957 0.00326401 0.00110495 0.00028035 7.26534e-05 1.83515e-05 3.6533e-06 5.89254e-07 7.79153e-08 7.79735e-09 4.25833e-10 0 
0 9.3933e-06 8.827e-05 0.000359391 0.0008452 0.00134223 0.00170576 0.00197346 0.00220669 0.00242335 0.00261614 0.00277215 0.00288057 0.00293471 0.00293211 0.00287406 0.00276467 0.00260958 0.00241416 0.00218098 0.00190672 0.00158222 0.00122089 0.000985626 0.00141385 0.00356111 0.00934149 0.0115359 0.0118057 0.0109388 0.00605357 0.00177107 0.000409159 8.27701e-05 1.74674e-05 3.19834e-06 4.94168e-07 6.38347e-08 6.29162e-09 3.3959e-10 0 
0 4.22696e-06 4.14304e-05 0.000187263 0.000517976 0.000972243 0.00138384 0.00167766 0.0018838 0.00204373 0.00217487 0.00227807 0.00234874 0.0023826 0.00237764 0.00233429 0.00225474 0.00214155 0.00199541 0.00181196 0.00157911 0.00128313 0.000952044 0.000780755 0.00134427 0.00397917 0.0102762 0.0118057 0.0120058 0.0112902 0.00725058 0.00195064 0.000439194 7.99188e-05 1.45362e-05 2.42808e-06 3.60151e-07 4.58303e-08 4.48987e-09 2.41513e-10 0 
0 1.71584e-06 1.71354e-05 8.27605e-05 0.000259411 0.000573898 0.000956072 0.00129677 0.00154646 0.00171638 0.00183231 0.0019112 0.00196019 0.00198133 0.00197513 0.00194201 0.00188221 0.0017946 0.00167474 0.00151317 0.00129753 0.00102592 0.000739632 0.00058552 0.000987628 0.00277889 0.00722957 0.0109388 0.0112902 0.00994756 0.00448754 0.00144507 0.000325451 5.8297e-05 9.84273e-06 1.5446e-06 2.24051e-07 2.84808e-08 2.80436e-09 1.51737e-10 0 
0 6.28943e-07 6.28083e-06 3.13314e-05 0.000106224 0.000266318 0.000516111 0.000809219 0.00108165 0.00129582 0.00144688 0.00154537 0.00160302 0.00162795 0.0016246 0.00159465 0.00153746 0.00145009 0.00132771 0.00116591 0.000966832 0.000748169 0.000545866 0.000418045 0.000561131 0.00141445 0.00326401 0.00605357 0.00725058 0.00448754 0.00216945 0.000717945 0.000165975 3.09951e-05 5.18102e-06 8.04394e-07 1.17811e-07 1.52297e-08 1.52506e-09 8.37819e-11 0 
0 2.08517e-07 2.05436e-06 1.03175e-05 3.63238e-05 9.81438e-05 0.000211902 0.000376876 0.000570187 0.000759377 0.000919337 0.00103867 0.00111613 0.00115483 0.00115831 0.00112904 0.0010683 0.000977174 0.000858464 0.000719485 0.000574398 0.000443035 0.000342398 0.00027763 0.00028567 0.000523544 0.00110495 0.00177107 0.00195064 0.00144507 0.000717945 0.000243122 6.02993e-05 1.21182e-05 2.1103e-06 3.42683e-07 5.23884e-08 7.00466e-09 7.21025e-10 4.05616e-11 0 
0 6.2597e-08 6.03099e-07 2.99836e-06 1.06505e-05 2.97498e-05 6.81359e-05 0.000131305 0.000217718 0.000317647 0.000416922 0.0005023 0.000564728 0.00059971 0.000606201 0.000585466 0.000540568 0.000476467 0.000400334 0.000321483 0.000250305 0.000195927 0.000162772 0.000147444 0.000145177 0.000177405 0.00028035 0.000409159 0.000439194 0.000325451 0.000165975 6.02993e-05 1.6511e-05 3.61385e-06 6.87579e-07 1.21868e-07 1.98725e-08 2.77975e-09 2.96574e-10 1.72055e-11 0 
0 1.70062e-08 1.59397e-07 7.76616e-07 2.73475e-06 7.68583e-06 1.80053e-05 3.60488e-05 6.28315e-05 9.69042e-05 0.000134292 0.000169604 0.000197609 0.000214474 0.000218358 0.000209466 0.000189814 0.000162824 0.000132768 0.000104055 8.04545e-05 6.44337e-05 5.66875e-05 5.57888e-05 5.86144e-05 6.3527e-05 7.26534e-05 8.27701e-05 7.99188e-05 5.8297e-05 3.09951e-05 1.21182e-05 3.61385e-06 8.79938e-07 1.89197e-07 3.71481e-08 6.49557e-09 9.55413e-10 1.0624e-10 6.39004e-12 0 
0 4.16559e-09 3.78816e-08 1.79911e-07 6.22025e-07 1.73218e-06 4.06202e-06 8.2228e-06 1.46135e-05 2.31091e-05 3.28992e-05 4.26071e-05 5.06535e-05 5.56984e-05 5.69875e-05 5.45056e-05 4.89291e-05 4.14214e-05 3.33415e-05 2.5948e-05 2.01755e-05 1.65258e-05 1.50527e-05 1.53634e-05 1.66374e-05 1.78783e-05 1.83515e-05 1.74674e-05 1.45362e-05 9.84273e-06 5.18102e-06 2.1103e-06 6.87579e-07 1.89197e-07 4.58604e-08 9.85961e-09 1.83943e-09 2.84822e-10 3.31153e-11 2.07249e-12 0 
0 9.11339e-10 8.03345e-09 3.71017e-08 1.25354e-07 3.43213e-07 7.96644e-07 1.60685e-06 2.86214e-06 4.55647e-06 6.54732e-06 8.56355e-06 1.02696e-05 1.13622e-05 1.16594e-05 1.11491e-05 9.9825e-06 8.42258e-06 6.76863e-06 5.28556e-06 4.15715e-06 3.46988e-06 3.21697e-06 3.3047e-06 3.55611e-06 3.74061e-06 3.6533e-06 3.19834e-06 2.42808e-06 1.5446e-06 8.04394e-07 3.42683e-07 1.21868e-07 3.71481e-08 9.85961e-09 2.27675e-09 4.5018e-10 7.33453e-11 8.92917e-12 5.82654e-13 0 
0 1.74555e-10 1.49178e-09 6.69584e-09 2.20668e-08 5.91972e-08 1.35286e-07 2.69973e-07 4.77876e-07 7.588e-07 1.09044e-06 1.42868e-06 1.71735e-06 1.90434e-06 1.95753e-06 1.87409e-06 1.67985e-06 1.4201e-06 1.1461e-06 9.02498e-07 7.19356e-07 6.09531e-07 5.6949e-07 5.80877e-07 6.12387e-07 6.25716e-07 5.89254e-07 4.94168e-07 3.60151e-07 2.24051e-07 1.17811e-07 5.23884e-08 1.98725e-08 6.49557e-09 1.83943e-09 4.5018e-10 9.38848e-11 1.60736e-11 2.04909e-12 1.39513e-13 0 
0 2.80499e-11 2.32623e-10 1.01526e-09 3.26296e-09 8.56681e-09 1.92352e-08 3.78601e-08 6.6341e-08 1.04616e-07 1.49703e-07 1.95708e-07 2.35081e-07 2.60758e-07 2.68335e-07 2.5737e-07 2.31354e-07 1.96455e-07 1.59661e-07 1.2704e-07 1.02624e-07 8.80035e-08 8.24236e-08 8.30715e-08 8.55681e-08 8.50312e-08 7.79153e-08 6.38347e-08 4.58303e-08 2.84808e-08 1.52297e-08 7.00466e-09 2.77975e-09 9.55413e-10 2.84822e-10 7.33453e-11 1.60736e-11 2.88609e-12 3.84884e-13 2.73348e-14 0 
0 3.41438e-12 2.75148e-11 1.16898e-10 3.66651e-10 9.42267e-10 2.07769e-09 4.02937e-09 6.97895e-09 1.09101e-08 1.55165e-08 2.02049e-08 2.42182e-08 2.68476e-08 2.76489e-08 2.65754e-08 2.39764e-08 2.04739e-08 1.67753e-08 1.3496e-08 1.10411e-08 9.55929e-09 8.94987e-09 8.90231e-09 8.96953e-09 8.6967e-09 7.79735e-09 6.29162e-09 4.48987e-09 2.80436e-09 1.52506e-09 7.21025e-10 2.96574e-10 1.0624e-10 3.31153e-11 8.92917e-12 2.04909e-12 3.84884e-13 5.36014e-14 3.96686e-15 0 
0 2.24987e-13 1.76456e-12 7.30869e-12 2.23986e-11 5.63925e-11 1.22165e-10 2.33446e-10 3.9954e-10 6.18839e-10 8.74146e-10 1.133e-09 1.35437e-09 1.49993e-09 1.54566e-09 1.48895e-09 1.3487e-09 1.15869e-09 9.57526e-10 7.78852e-10 6.44655e-10 5.62426e-10 5.25536e-10 5.15994e-10 5.09585e-10 4.83636e-10 4.25833e-10 3.3959e-10 2.41513e-10 1.51737e-10 8.37819e-11 4.05616e-11 1.72055e-11 6.39004e-12 2.07249e-12 5.82654e-13 1.39513e-13 2.73348e-14 3.96686e-15 3.0545e-16 0 
0 0 0 0 0 0 0 0 0 0 0 0 0 0 0 0 0 0 0 0 0 0 0 0 0 0 0 0 0 0 0 0 0 0 0 0 0 0 0 0 0 
