0 0 0 0 0 0 0 0 0 0 0 0 0 0 0 0 0 0 0 0 0 0 0 0 0 0 0 0 0 0 0 0 0 0 0 0 0 0 0 0 0 
0 1.42667e-07 1.22884e-06 5.06212e-06 1.38139e-05 2.80489e-05 4.57181e-05 6.35953e-05 7.9238e-05 9.16253e-05 0.000100749 0.000107027 0.000110935 0.000112852 0.000113031 0.000111611 0.00010864 0.000104092 9.78909e-05 8.9961e-05 8.03022e-05 6.90903e-05 5.67669e-05 4.40695e-05 3.19516e-05 2.13781e-05 1.30512e-05 7.20113e-06 3.56676e-06 1.58021e-06 6.25752e-07 2.21724e-07 7.04045e-08 2.0041e-08 5.10078e-09 1.1513e-09 2.2614e-10 3.70814e-11 4.58729e-12 3.06205e-13 0 
0 1.22884e-06 1.05746e-05 4.07656e-05 9.65624e-05 0.000161335 0.000213772 0.000247849 0.000268982 0.000283532 0.000294862 0.00030386 0.000310293 0.000313714 0.000313892 0.000310951 0.000305348 0.000297761 0.000288883 0.000279132 0.000268296 0.000255214 0.000237743 0.00021336 0.000180575 0.000140699 9.85711e-05 6.08845e-05 3.27404e-05 1.52618e-05 6.18474e-06 2.19449e-06 6.87235e-07 1.91078e-07 4.72423e-08 1.03312e-08 1.96473e-09 3.12073e-10 3.74428e-11 2.42803e-12 0 
0 5.06212e-06 4.07656e-05 0.000132165 0.000242688 0.000316993 0.000358044 0.000390936 0.00042669 0.0004646 0.000500577 0.000530824 0.000552683 0.000564642 0.000566218 0.00055782 0.000540625 0.000516447 0.000487608 0.000456806 0.000426933 0.000400657 0.000379547 0.000362566 0.000344471 0.000315891 0.000267795 0.000200232 0.000127023 6.69519e-05 2.92969e-05 1.0788e-05 3.406e-06 9.37155e-07 2.26854e-07 4.83067e-08 8.92544e-09 1.37696e-09 1.60593e-10 1.01376e-11 0 
0 1.38139e-05 9.65624e-05 0.000242688 0.000348432 0.000409033 0.000472214 0.000549666 0.000633728 0.000715569 0.000788498 0.000847631 0.000889595 0.000912471 0.000915758 0.000900284 0.000868026 0.000821875 0.000765363 0.000702414 0.000637154 0.000573862 0.000517001 0.00047098 0.000438729 0.000418105 0.000397215 0.000355053 0.000276957 0.000176615 8.91721e-05 3.58398e-05 1.17904e-05 3.27516e-06 7.85574e-07 1.64123e-07 2.96152e-08 4.45492e-09 5.06659e-10 3.12196e-11 0 
0 2.80489e-05 0.000161335 0.000316993 0.000409033 0.000502776 0.000623348 0.000758932 0.000896753 0.00102697 0.00114148 0.00123378 0.00129911 0.00133473 0.00133997 0.00131612 0.00126616 0.00119443 0.00110617 0.00100705 0.000902786 0.000798854 0.000700374 0.000612346 0.000540059 0.000488636 0.000459082 0.000439473 0.000399598 0.000311169 0.00018987 8.76786e-05 3.12533e-05 8.98633e-06 2.16814e-06 4.48584e-07 7.95504e-08 1.17226e-08 1.30496e-09 7.87402e-11 0 
0 4.57181e-05 0.000213772 0.000358044 0.000472214 0.000623348 0.000804813 0.000999654 0.00119449 0.00137745 0.0015379 0.00166705 0.00175848 0.00180846 0.00181588 0.00178245 0.00171255 0.00161223 0.00148864 0.00134954 0.00120269 0.00105533 0.000913886 0.000783873 0.000670273 0.000578393 0.000514116 0.000479334 0.0004588 0.000411119 0.000302279 0.000165409 6.61786e-05 2.02149e-05 4.98662e-06 1.03209e-06 1.81092e-07 2.62725e-08 2.87413e-09 1.70396e-10 0 
0 6.35953e-05 0.000247849 0.000390936 0.000549666 0.000758932 0.000999654 0.00125473 0.00150875 0.00174688 0.00195586 0.00212746 0.00226218 0.00234882 0.00236386 0.00230437 0.00219286 0.00205352 0.00189123 0.00171001 0.00151858 0.00132605 0.00114046 0.000968445 0.000815262 0.00068545 0.000584161 0.000517497 0.000485132 0.000461003 0.000389793 0.000252163 0.000115579 3.83176e-05 9.81079e-06 2.05097e-06 3.58379e-07 5.14368e-08 5.55164e-09 3.24482e-10 0 
0 7.9238e-05 0.000268982 0.00042669 0.000633728 0.000896753 0.00119449 0.00150875 0.0018213 0.00211499 0.00238932 0.00267913 0.00291405 0.00303258 0.00305116 0.00297924 0.00280511 0.00254906 0.0022986 0.00206813 0.00183201 0.00159479 0.00136573 0.00115271 0.000961701 0.000797101 0.000662848 0.000564277 0.000506886 0.000481618 0.00044103 0.000327491 0.000172047 6.26491e-05 1.68357e-05 3.5831e-06 6.27014e-07 8.94166e-08 9.55622e-09 5.524e-10 0 
0 9.16253e-05 0.000283532 0.0004646 0.000715569 0.00102697 0.00137745 0.00174688 0.00211499 0.00248504 0.00292074 0.00322113 0.00336131 0.00342382 0.00343351 0.00339504 0.00329944 0.00311122 0.00276995 0.00241449 0.00212533 0.00184579 0.00157623 0.00132515 0.00109931 0.000903325 0.000740504 0.000614645 0.000531754 0.000492505 0.000465556 0.000381251 0.000225883 9.03871e-05 2.56291e-05 5.5812e-06 9.82155e-07 1.39657e-07 1.48258e-08 8.50007e-10 0 
0 0.000100749 0.000294862 0.000500577 0.000788498 0.00114148 0.0015379 0.00195586 0.00238932 0.00292074 0.00329858 0.00347473 0.00356891 0.00361393 0.00362093 0.00359249 0.0035248 0.00340434 0.00319277 0.00279647 0.00238989 0.002065 0.00175978 0.00147558 0.00121954 0.000996595 0.000809798 0.000661826 0.000557554 0.000501608 0.00047595 0.000414432 0.000270076 0.000117625 3.51505e-05 7.84514e-06 1.39159e-06 1.97807e-07 2.09117e-08 1.19207e-09 0 
0 0.000107027 0.00030386 0.000530824 0.000847631 0.00123378 0.00166705 0.00212746 0.00267913 0.00322113 0.00347473 0.00361042 0.00368772 0.00372566 0.0037315 0.00370712 0.00365022 0.00355285 0.00339447 0.0031137 0.0026433 0.00224273 0.00190629 0.00159559 0.00131548 0.00107115 0.000865551 0.00070069 0.000580231 0.000509857 0.000479997 0.000432641 0.000301951 0.000140811 4.40416e-05 1.00561e-05 1.79899e-06 2.56017e-07 2.70051e-08 1.53375e-09 0 
0 0.000110935 0.000310293 0.000552683 0.000889595 0.00129911 0.00175848 0.00226218 0.00291405 0.00336131 0.00356891 0.00368772 0.0037573 0.00379181 0.003797 0.00377445 0.00372247 0.00363507 0.00349778 0.0032718 0.00285235 0.00237537 0.00200853 0.00167903 0.00138211 0.00112287 0.000904258 0.000727872 0.000596519 0.000515871 0.000481019 0.000441196 0.00032187 0.000157571 5.10087e-05 1.18599e-05 2.13743e-06 3.04726e-07 3.21157e-08 1.82032e-09 0 
0 0.000112852 0.000313714 0.000564642 0.000912471 0.00133473 0.00180846 0.00234882 0.00303258 0.00342382 0.00361393 0.00372566 0.00379181 0.00382469 0.00382947 0.00380758 0.00375756 0.0036742 0.00354521 0.00333922 0.00296203 0.00245365 0.00206223 0.00172238 0.00141653 0.0011494 0.00092391 0.000741472 0.000604406 0.000518163 0.000479984 0.000443555 0.000331309 0.000166764 5.51142e-05 1.29622e-05 2.34808e-06 3.35334e-07 3.53443e-08 2.00198e-09 0 
0 0.000113031 0.000313892 0.000566218 0.000915758 0.00133997 0.00181588 0.00236386 0.00305116 0.00343351 0.00362093 0.0037315 0.003797 0.00382947 0.00383396 0.0038119 0.00376184 0.00367868 0.00355044 0.00334675 0.00297566 0.00246222 0.00206591 0.0017248 0.00141799 0.00115006 0.000923881 0.0007408 0.000603004 0.000515831 0.000476956 0.000441405 0.000331596 0.000168149 5.59115e-05 1.32008e-05 2.39655e-06 3.4268e-07 3.61453e-08 2.04834e-09 0 
0 0.000111611 0.000310951 0.00055782 0.000900284 0.00131612 0.00178245 0.00230437 0.00297924 0.00339504 0.00359249 0.00370712 0.00377445 0.00380758 0.0038119 0.00378889 0.00373696 0.00365054 0.00351634 0.00329979 0.00289968 0.00240013 0.00202157 0.001688 0.00138779 0.00112578 0.000904773 0.000726168 0.000592326 0.000508614 0.000471706 0.000435059 0.000323393 0.000162056 5.3454e-05 1.25751e-05 2.28127e-06 3.26417e-07 3.44747e-08 1.95669e-09 0 
0 0.00010864 0.000305348 0.000540625 0.000868026 0.00126616 0.00171255 0.00219286 0.00280511 0.00329944 0.0035248 0.00365022 0.00372247 0.00375756 0.00376184 0.00373696 0.00368093 0.00358692 0.00343795 0.00318649 0.00273051 0.00228439 0.00193454 0.00161586 0.00132894 0.00107879 0.000868169 0.000698634 0.000573005 0.00049667 0.0004637 0.000423649 0.000306699 0.000149242 4.82341e-05 1.12348e-05 2.03176e-06 2.90823e-07 3.07764e-08 1.75144e-09 0 
0 0.000104092 0.000297761 0.000516447 0.000821875 0.00119443 0.00161223 0.00205352 0.00254906 0.00311122 0.00340434 0.00355285 0.00363507 0.0036742 0.00367868 0.00365054 0.00358692 0.00347808 0.00329782 0.00296597 0.0024979 0.00213376 0.00181197 0.0015139 0.0012457 0.00101225 0.000816291 0.000659683 0.000545946 0.000480084 0.000451622 0.000405107 0.00028118 0.000130934 4.10834e-05 9.43449e-06 1.69875e-06 2.43316e-07 2.58254e-08 1.47551e-09 0 
0 9.78909e-05 0.000288883 0.000487608 0.000765363 0.00110617 0.00148864 0.00189123 0.0022986 0.00276995 0.00319277 0.00339447 0.00349778 0.00354521 0.00355044 0.00351634 0.00343795 0.00329782 0.0030428 0.0026251 0.00226499 0.00195586 0.00166191 0.00138867 0.00114309 0.000929801 0.00075158 0.00061081 0.000511754 0.000457991 0.000432482 0.000376224 0.000246857 0.000108942 3.3039e-05 7.47149e-06 1.34003e-06 1.92286e-07 2.05e-08 1.17774e-09 0 
0 8.9961e-05 0.000279132 0.000456806 0.000702414 0.00100705 0.00134954 0.00171001 0.00206813 0.00241449 0.00279647 0.0031137 0.0032718 0.00333922 0.00334675 0.00329979 0.00318649 0.00296597 0.0026251 0.00231112 0.00203207 0.00175748 0.001493 0.00124711 0.00102633 0.000835051 0.000676236 0.000552931 0.000469733 0.000427059 0.000400645 0.00033344 0.000205126 8.56883e-05 2.51728e-05 5.62164e-06 1.00685e-06 1.45059e-07 1.55641e-08 9.007e-10 0 
0 8.03022e-05 0.000268296 0.000426933 0.000637154 0.000902786 0.00120269 0.00151858 0.00183201 0.00212533 0.00238989 0.0026433 0.00285235 0.00296203 0.00297566 0.00289968 0.00273051 0.0024979 0.00226499 0.00203207 0.00179051 0.00154797 0.00131383 0.00109599 0.000900376 0.000731212 0.000591725 0.000485474 0.000416134 0.000379693 0.000348275 0.000275329 0.000159762 6.39549e-05 1.84008e-05 4.08794e-06 7.3443e-07 1.06535e-07 1.15252e-08 6.72687e-10 0 
0 6.90903e-05 0.000255214 0.000400657 0.000573862 0.000798854 0.00105533 0.00132605 0.00159479 0.00184579 0.002065 0.00224273 0.00237537 0.00245365 0.00246222 0.00240013 0.00228439 0.00213376 0.00195586 0.00175748 0.00154797 0.0013368 0.00113236 0.000941534 0.000769671 0.000620845 0.000498421 0.000405441 0.000343259 0.000305964 0.000271093 0.000206803 0.00011696 4.62875e-05 1.33119e-05 2.97337e-06 5.38303e-07 7.87318e-08 8.58656e-09 5.04994e-10 0 
0 5.67669e-05 0.000237743 0.000379547 0.000517001 0.000700374 0.000913886 0.00114046 0.00136573 0.00157623 0.00175978 0.00190629 0.00200853 0.00206223 0.00206591 0.00202157 0.00193454 0.00181197 0.00166191 0.001493 0.00131383 0.00113236 0.00095554 0.000789203 0.000638188 0.000506647 0.00039785 0.000313172 0.000251922 0.000211466 0.000181634 0.000140959 8.3105e-05 3.41604e-05 1.0069e-05 2.28003e-06 4.15865e-07 6.10923e-08 6.68237e-09 3.93844e-10 0 
0 4.40695e-05 0.00021336 0.000362566 0.00047098 0.000612346 0.000783873 0.000968445 0.00115271 0.00132515 0.00147558 0.00159559 0.00167903 0.00172238 0.0017248 0.001688 0.00161586 0.0015139 0.00138867 0.00124711 0.00109599 0.000941534 0.000789203 0.000643913 0.000511091 0.0003981 0.000311885 0.000249907 0.0001988 0.000151936 0.000116857 9.21432e-05 6.05845e-05 2.72892e-05 8.40799e-06 1.92815e-06 3.51081e-07 5.12296e-08 5.55968e-09 3.25164e-10 0 
0 3.19516e-05 0.000180575 0.000344471 0.000438729 0.000540059 0.000670273 0.000815262 0.000961701 0.00109931 0.00121954 0.00131548 0.00138211 0.00141653 0.00141799 0.00138779 0.00132894 0.0012457 0.00114309 0.00102633 0.000900376 0.000769671 0.000638188 0.000511091 0.000400792 0.00033377 0.000330133 0.000357126 0.000339551 0.000249505 0.000142326 7.6711e-05 4.75341e-05 2.37637e-05 7.74043e-06 1.78483e-06 3.20219e-07 4.58203e-08 4.87897e-09 2.80511e-10 0 
0 2.13781e-05 0.000140699 0.000315891 0.000418105 0.000488636 0.000578393 0.00068545 0.000797101 0.000903325 0.000996595 0.00107115 0.00112287 0.0011494 0.00115006 0.00112578 0.00107879 0.00101225 0.000929801 0.000835051 0.000731212 0.000620845 0.000506647 0.0003981 0.00033377 0.000391916 0.000617848 0.00105951 0.00127934 0.000715466 0.000357273 0.000132504 4.82847e-05 2.18427e-05 7.39067e-06 1.70082e-06 2.98125e-07 4.15404e-08 4.31686e-09 2.42985e-10 0 
0 1.30512e-05 9.85711e-05 0.000267795 0.000397215 0.000459082 0.000514116 0.000584161 0.000662848 0.000740504 0.000809798 0.000865551 0.000904258 0.00092391 0.000923881 0.000904773 0.000868169 0.000816291 0.00075158 0.000676236 0.000591725 0.000498421 0.00039785 0.000311885 0.000330133 0.000617848 0.00151619 0.00234159 0.00240203 0.00210696 0.000837183 0.000279101 7.15481e-05 2.1732e-05 6.90766e-06 1.55738e-06 2.65479e-07 3.60215e-08 3.65891e-09 2.0201e-10 0 
0 7.20113e-06 6.08845e-05 0.000200232 0.000355053 0.000439473 0.000479334 0.000517497 0.000564277 0.000614645 0.000661826 0.00070069 0.000727872 0.000741472 0.0007408 0.000726168 0.000698634 0.000659683 0.00061081 0.000552931 0.000485474 0.000405441 0.000313172 0.000249907 0.000357126 0.00105951 0.00234159 0.00257504 0.00260184 0.00247772 0.00182484 0.000447914 0.000103519 2.28563e-05 6.1084e-06 1.3039e-06 2.15221e-07 2.85643e-08 2.85395e-09 1.55493e-10 0 
0 3.56676e-06 3.27404e-05 0.000127023 0.000276957 0.000399598 0.0004588 0.000485132 0.000506886 0.000531754 0.000557554 0.000580231 0.000596519 0.000604406 0.000603004 0.000592326 0.000573005 0.000545946 0.000511754 0.000469733 0.000416134 0.000343259 0.000251922 0.0001988 0.000339551 0.00127934 0.00240203 0.00260184 0.00262911 0.00253052 0.00210304 0.000508481 0.000111029 2.15137e-05 4.87343e-06 9.62242e-07 1.53707e-07 2.01141e-08 1.99501e-09 1.08168e-10 0 
0 1.58021e-06 1.52618e-05 6.69519e-05 0.000176615 0.000311169 0.000411119 0.000461003 0.000481618 0.000492505 0.000501608 0.000509857 0.000515871 0.000518163 0.000515831 0.000508614 0.00049667 0.000480084 0.000457991 0.000427059 0.000379693 0.000305964 0.000211466 0.000151936 0.000249505 0.000715466 0.00210696 0.00247772 0.00253052 0.00236774 0.00133884 0.000365007 8.23611e-05 1.58348e-05 3.28342e-06 6.05873e-07 9.46561e-08 1.23593e-08 1.2302e-09 6.70059e-11 0 
0 6.25752e-07 6.18474e-06 2.92969e-05 8.91721e-05 0.00018987 0.000302279 0.000389793 0.00044103 0.000465556 0.00047595 0.000479997 0.000481019 0.000479984 0.000476956 0.000471706 0.0004637 0.000451622 0.000432482 0.000400645 0.000348275 0.000271093 0.000181634 0.000116857 0.000142326 0.000357273 0.000837183 0.00182484 0.00210304 0.00133884 0.000547975 0.000181354 4.23391e-05 8.77695e-06 1.77732e-06 3.17841e-07 4.96666e-08 6.56846e-09 6.63637e-10 3.66569e-11 0 
0 2.21724e-07 2.19449e-06 1.0788e-05 3.58398e-05 8.76786e-05 0.000165409 0.000252163 0.000327491 0.000381251 0.000414432 0.000432641 0.000441196 0.000443555 0.000441405 0.000435059 0.000423649 0.000405107 0.000376224 0.00033344 0.000275329 0.000206803 0.000140959 9.21432e-05 7.6711e-05 0.000132504 0.000279101 0.000447914 0.000508481 0.000365007 0.000181354 6.16264e-05 1.60048e-05 3.7083e-06 7.61921e-07 1.38079e-07 2.21534e-08 3.01202e-09 3.12158e-10 1.76377e-11 0 
0 7.04045e-08 6.87235e-07 3.406e-06 1.17904e-05 3.12533e-05 6.61786e-05 0.000115579 0.000172047 0.000225883 0.000270076 0.000301951 0.00032187 0.000331309 0.000331596 0.000323393 0.000306699 0.00028118 0.000246857 0.000205126 0.000159762 0.00011696 8.3105e-05 6.05845e-05 4.75341e-05 4.82847e-05 7.15481e-05 0.000103519 0.000111029 8.23611e-05 4.23391e-05 1.60048e-05 4.8579e-06 1.22498e-06 2.63649e-07 5.02509e-08 8.44363e-09 1.1937e-09 1.27979e-10 7.45049e-12 0 
0 2.0041e-08 1.91078e-07 9.37155e-07 3.27516e-06 8.98633e-06 2.02149e-05 3.83176e-05 6.26491e-05 9.03871e-05 0.000117625 0.000140811 0.000157571 0.000166764 0.000168149 0.000162056 0.000149242 0.000130934 0.000108942 8.56883e-05 6.39549e-05 4.62875e-05 3.41604e-05 2.72892e-05 2.37637e-05 2.18427e-05 2.1732e-05 2.28563e-05 2.15137e-05 1.58348e-05 8.77695e-06 3.7083e-06 1.22498e-06 3.30122e-07 7.64558e-08 1.56049e-08 2.77088e-09 4.10033e-10 4.57501e-11 2.75932e-12 0 
0 5.10078e-09 4.72423e-08 2.26854e-07 7.85574e-07 2.16814e-06 4.98662e-06 9.81079e-06 1.68357e-05 2.56291e-05 3.51505e-05 4.40416e-05 5.10087e-05 5.51142e-05 5.59115e-05 5.3454e-05 4.82341e-05 4.10834e-05 3.3039e-05 2.51728e-05 1.84008e-05 1.33119e-05 1.0069e-05 8.40799e-06 7.74043e-06 7.39067e-06 6.90766e-06 6.1084e-06 4.87343e-06 3.28342e-06 1.77732e-06 7.61921e-07 2.63649e-07 7.64558e-08 1.91667e-08 4.18797e-09 7.86605e-10 1.22206e-10 1.42426e-11 8.93281e-13 0 
0 1.1513e-09 1.03312e-08 4.83067e-08 1.64123e-07 4.48584e-07 1.03209e-06 2.05097e-06 3.5831e-06 5.5812e-06 7.84514e-06 1.00561e-05 1.18599e-05 1.29622e-05 1.32008e-05 1.25751e-05 1.12348e-05 9.43449e-06 7.47149e-06 5.62164e-06 4.08794e-06 2.97337e-06 2.28003e-06 1.92815e-06 1.78483e-06 1.70082e-06 1.55738e-06 1.3039e-06 9.62242e-07 6.05873e-07 3.17841e-07 1.38079e-07 5.02509e-08 1.56049e-08 4.18797e-09 9.72355e-10 1.92797e-10 3.14709e-11 3.83779e-12 2.50843e-13 0 
0 2.2614e-10 1.96473e-09 8.92544e-09 2.96152e-08 7.95504e-08 1.81092e-07 3.58379e-07 6.27014e-07 9.82155e-07 1.39159e-06 1.79899e-06 2.13743e-06 2.34808e-06 2.39655e-06 2.28127e-06 2.03176e-06 1.69875e-06 1.34003e-06 1.00685e-06 7.3443e-07 5.38303e-07 4.15865e-07 3.51081e-07 3.20219e-07 2.98125e-07 2.65479e-07 2.15221e-07 1.53707e-07 9.46561e-08 4.96666e-08 2.21534e-08 8.44363e-09 2.77088e-09 7.86605e-10 1.92797e-10 4.02523e-11 6.89893e-12 8.80503e-13 6.00242e-14 0 
0 3.70814e-11 3.12073e-10 1.37696e-09 4.45492e-09 1.17226e-08 2.62725e-08 5.14368e-08 8.94166e-08 1.39657e-07 1.97807e-07 2.56017e-07 3.04726e-07 3.35334e-07 3.4268e-07 3.26417e-07 2.90823e-07 2.43316e-07 1.92286e-07 1.45059e-07 1.06535e-07 7.87318e-08 6.10923e-08 5.12296e-08 4.58203e-08 4.15404e-08 3.60215e-08 2.85643e-08 2.01141e-08 1.23593e-08 6.56846e-09 3.01202e-09 1.1937e-09 4.10033e-10 1.22206e-10 3.14709e-11 6.89893e-12 1.2394e-12 1.65405e-13 1.17575e-14 0 
0 4.58729e-12 3.74428e-11 1.60593e-10 5.06659e-10 1.30496e-09 2.87413e-09 5.55164e-09 9.55622e-09 1.48258e-08 2.09117e-08 2.70051e-08 3.21157e-08 3.53443e-08 3.61453e-08 3.44747e-08 3.07764e-08 2.58254e-08 2.05e-08 1.55641e-08 1.15252e-08 8.58656e-09 6.68237e-09 5.55968e-09 4.87897e-09 4.31686e-09 3.65891e-09 2.85395e-09 1.99501e-09 1.2302e-09 6.63637e-10 3.12158e-10 1.27979e-10 4.57501e-11 1.42426e-11 3.83779e-12 8.80503e-13 1.65405e-13 2.30437e-14 1.70634e-15 0 
0 3.06205e-13 2.42803e-12 1.01376e-11 3.12196e-11 7.87402e-11 1.70396e-10 3.24482e-10 5.524e-10 8.50007e-10 1.19207e-09 1.53375e-09 1.82032e-09 2.00198e-09 2.04834e-09 1.95669e-09 1.75144e-09 1.47551e-09 1.17774e-09 9.007e-10 6.72687e-10 5.04994e-10 3.93844e-10 3.25164e-10 2.80511e-10 2.42985e-10 2.0201e-10 1.55493e-10 1.08168e-10 6.70059e-11 3.66569e-11 1.76377e-11 7.45049e-12 2.75932e-12 8.93281e-13 2.50843e-13 6.00242e-14 1.17575e-14 1.70634e-15 1.31425e-16 0 
0 0 0 0 0 0 0 0 0 0 0 0 0 0 0 0 0 0 0 0 0 0 0 0 0 0 0 0 0 0 0 0 0 0 0 0 0 0 0 0 0 
