0 0 0 0 0 0 0 0 0 0 0 0 0 0 0 0 0 0 0 0 0 0 0 0 0 0 0 0 0 0 0 0 0 0 0 0 0 0 0 0 0 
0 1.57824e-07 1.36531e-06 5.67262e-06 1.56754e-05 3.23116e-05 5.34919e-05 7.54896e-05 9.52292e-05 0.000111227 0.000123253 0.000131673 0.000136991 0.000139639 0.000139922 0.000138021 0.000134015 0.000127903 0.000119641 0.0001092 9.66655e-05 8.2353e-05 6.6899e-05 5.12738e-05 3.66542e-05 2.41571e-05 1.45191e-05 7.8871e-06 3.84856e-06 1.68172e-06 6.57834e-07 2.30634e-07 7.25812e-08 2.05077e-08 5.18797e-09 1.16523e-09 2.27976e-10 3.72651e-11 4.59855e-12 3.06351e-13 0 
0 1.36531e-06 1.18343e-05 4.6305e-05 0.000112095 0.00019198 0.000260342 0.000307555 0.000338336 0.000359863 0.000376344 0.000389116 0.000398087 0.000402829 0.000403127 0.000399168 0.000391523 0.000381006 0.000368418 0.000354192 0.000337974 0.000318303 0.000292697 0.000258517 0.000214736 0.000163859 0.000112283 6.78304e-05 3.57163e-05 1.63386e-05 6.51595e-06 2.28194e-06 7.07221e-07 1.95039e-07 4.79178e-08 1.0428e-08 1.97572e-09 3.1292e-10 3.7462e-11 2.42519e-12 0 
0 5.67262e-06 4.6305e-05 0.000154075 0.000292532 0.000393891 0.000454148 0.00050124 0.000549612 0.00059949 0.000646324 0.000685539 0.000713834 0.000729306 0.000731346 0.000720486 0.000698243 0.000666939 0.000629529 0.000589406 0.000550109 0.000514746 0.000484836 0.000458512 0.000428897 0.000384973 0.000317835 0.000230723 0.000142053 7.28452e-05 3.11479e-05 1.12638e-05 3.50844e-06 9.55872e-07 2.29742e-07 4.86708e-08 8.95926e-09 1.37845e-09 1.60449e-10 1.01137e-11 0 
0 1.56754e-05 0.000112095 0.000292532 0.000435822 0.000522943 0.000608534 0.000709716 0.000818556 0.000924325 0.00101854 0.00109493 0.00114914 0.00117869 0.00118293 0.00116294 0.00112127 0.00106166 0.000988656 0.000907331 0.000822993 0.000741102 0.000667213 0.000606504 0.000561757 0.000528897 0.000492118 0.000427085 0.000321519 0.000197636 9.65513e-05 3.78048e-05 1.22036e-05 3.3461e-06 7.95596e-07 1.65244e-07 2.96992e-08 4.45548e-09 5.05778e-10 3.11247e-11 0 
0 3.23116e-05 0.00019198 0.000393891 0.000522943 0.00064848 0.000805097 0.000980342 0.00115838 0.00132659 0.00147451 0.00159373 0.00167813 0.00172414 0.00173091 0.0017001 0.00163556 0.00154291 0.0014289 0.00130086 0.00116618 0.00103192 0.00090468 0.000790829 0.000696836 0.000628287 0.000584497 0.0005482 0.000482605 0.000360833 0.000211147 9.40629e-05 3.2649e-05 9.22161e-06 2.19972e-06 4.51869e-07 7.9771e-08 1.17212e-08 1.30235e-09 7.84847e-11 0 
0 5.34919e-05 0.000260342 0.000454148 0.000608534 0.000805097 0.00103961 0.00129131 0.00154299 0.00177932 0.00198659 0.00215341 0.00227147 0.00233593 0.00234548 0.00230239 0.00221217 0.00208259 0.00192295 0.00174327 0.00155357 0.00136323 0.00118051 0.00101256 0.000865747 0.000746625 0.000661683 0.000610808 0.000571535 0.000493581 0.000346708 0.000181448 7.00702e-05 2.08933e-05 5.07708e-06 1.04137e-06 1.81734e-07 2.62797e-08 2.86914e-09 1.69884e-10 0 
0 7.54896e-05 0.000307555 0.00050124 0.000709716 0.000980342 0.00129131 0.0016208 0.00194893 0.00225653 0.00252631 0.00274575 0.00290999 0.0030097 0.00302623 0.00295793 0.00282616 0.00265171 0.00244292 0.00220891 0.00196163 0.00171292 0.00147319 0.00125099 0.00105311 0.000885359 0.00075402 0.000665486 0.000615903 0.000568858 0.000460486 0.000283502 0.000124405 3.99791e-05 1.00389e-05 2.07488e-06 3.60186e-07 5.14997e-08 5.54595e-09 3.23705e-10 0 
0 9.52292e-05 0.000338336 0.000549612 0.000818556 0.00115838 0.00154299 0.00194893 0.00235267 0.00273157 0.00307524 0.00341033 0.00369645 0.00385452 0.00387992 0.00378064 0.00355795 0.00325914 0.00296458 0.00267124 0.00236649 0.00206007 0.00176419 0.00148902 0.00124228 0.00102965 0.00085611 0.000727903 0.000649716 0.000605378 0.000533846 0.000376971 0.000188469 6.60763e-05 1.73314e-05 3.63702e-06 6.31437e-07 8.96473e-08 9.5564e-09 5.51568e-10 0 
0 0.000111227 0.000359863 0.00059949 0.000924325 0.00132659 0.00177932 0.00225653 0.00273157 0.00319378 0.00370546 0.00412512 0.00433654 0.00442908 0.00444314 0.00438609 0.00424308 0.00396224 0.00352442 0.00311166 0.00274508 0.0023843 0.0020361 0.00171177 0.00142003 0.00116687 0.000956519 0.000793624 0.000684509 0.000625981 0.000573755 0.00044779 0.000251625 9.63932e-05 2.65544e-05 5.68622e-06 9.9135e-07 1.40241e-07 1.48446e-08 8.49634e-10 0 
0 0.000123253 0.000376344 0.000646324 0.00101854 0.00147451 0.00198659 0.00252631 0.00307524 0.00370546 0.00424307 0.00450403 0.00464088 0.00470557 0.00471542 0.00467426 0.00457616 0.00440017 0.00408431 0.0035612 0.00308169 0.00266728 0.0022732 0.00190609 0.00157534 0.00128735 0.00104605 0.000854784 0.000719017 0.000641528 0.000593808 0.000494491 0.000305243 0.000126734 3.66473e-05 8.02227e-06 1.40791e-06 1.98965e-07 2.0966e-08 1.19291e-09 0 
0 0.000131673 0.000389116 0.000685539 0.00109493 0.00159373 0.00215341 0.00274575 0.00341033 0.00412512 0.00450403 0.00470086 0.00481142 0.00486526 0.00487334 0.00483841 0.00475697 0.00461688 0.00438615 0.00397276 0.00338338 0.00289528 0.00246242 0.0020611 0.00169927 0.00138366 0.00111807 0.000905059 0.000748831 0.000654255 0.000603581 0.00052211 0.000345172 0.000153022 4.61677e-05 1.03173e-05 1.82404e-06 2.57926e-07 2.71105e-08 1.53658e-09 0 
0 0.000136991 0.000398087 0.000713834 0.00114914 0.00167813 0.00227147 0.00290999 0.00369645 0.00433654 0.00464088 0.00481142 0.00491027 0.00495896 0.00496608 0.00493393 0.00485992 0.00473505 0.00453708 0.00420547 0.00363306 0.00306057 0.00259435 0.00216889 0.00178535 0.00145048 0.00116808 0.000940198 0.000770104 0.000663111 0.000607691 0.000536392 0.000370883 0.000172326 5.36969e-05 1.22007e-05 2.17117e-06 3.0743e-07 3.22792e-08 1.82561e-09 0 
0 0.000139639 0.000402829 0.000729306 0.00117869 0.00172414 0.00233593 0.0030097 0.00385452 0.00442908 0.00470557 0.00486526 0.00495896 0.00500526 0.00501178 0.00498063 0.00490958 0.00479083 0.00460566 0.00430545 0.00377292 0.00315402 0.00266347 0.00222489 0.0018298 0.00148474 0.00119346 0.000957775 0.000780388 0.000666577 0.000607802 0.000541417 0.000383503 0.000183084 5.81774e-05 1.33598e-05 2.38848e-06 3.387e-07 3.5561e-08 2.00976e-09 0 
0 0.000139922 0.000403127 0.000731346 0.00118293 0.00173091 0.00234548 0.00302623 0.00387992 0.00444314 0.00471542 0.00487334 0.00496608 0.00501178 0.0050179 0.00498652 0.00491545 0.00479706 0.0046131 0.00431661 0.00379031 0.00316318 0.00266816 0.00222802 0.00183169 0.00148559 0.00119343 0.000956909 0.000778597 0.000663683 0.000604286 0.000539333 0.000384339 0.00018485 5.90885e-05 1.36197e-05 2.44011e-06 3.46439e-07 3.64001e-08 2.05819e-09 0 
0 0.000138021 0.000399168 0.000720486 0.00116294 0.0017001 0.00230239 0.00295793 0.00378064 0.00438609 0.00467426 0.00483841 0.00493393 0.00498063 0.00498652 0.00495378 0.00487997 0.00475673 0.00456377 0.00424726 0.00369009 0.00308842 0.00261108 0.00218048 0.00179269 0.00145422 0.00116874 0.000938004 0.000764761 0.000654154 0.000596983 0.00053066 0.000374198 0.000177969 5.64772e-05 1.29781e-05 2.32415e-06 3.30257e-07 3.4749e-08 1.96804e-09 0 
0 0.000134015 0.000391523 0.000698243 0.00112127 0.00163556 0.00221217 0.00282616 0.00355795 0.00424308 0.00457616 0.00475697 0.00485992 0.00490958 0.00491545 0.00487997 0.0048001 0.00466547 0.00444991 0.00407948 0.00348062 0.00294651 0.00249886 0.00208729 0.00171666 0.00139353 0.00112146 0.000902424 0.000739685 0.000638162 0.000585239 0.000514516 0.000353333 0.000163407 5.08942e-05 1.15931e-05 2.07105e-06 2.94513e-07 3.10567e-08 1.76389e-09 0 
0 0.000127903 0.000381006 0.000666939 0.00106166 0.00154291 0.00208259 0.00265171 0.00325914 0.00396224 0.00440017 0.00461688 0.00473505 0.00479083 0.00479706 0.00475673 0.00466547 0.00450822 0.00424437 0.0037691 0.00320797 0.00275549 0.0023406 0.00195559 0.00160914 0.00130758 0.00105444 0.000852079 0.00070449 0.000615723 0.000567378 0.00048869 0.000321834 0.000142751 4.3272e-05 9.73486e-06 1.73323e-06 2.46774e-07 2.61091e-08 1.48915e-09 0 
0 0.000119641 0.000368418 0.000629529 0.000988656 0.0014289 0.00192295 0.00244292 0.00296458 0.00352442 0.00408431 0.00438615 0.00453708 0.00460566 0.0046131 0.00456377 0.00444991 0.00424437 0.0038707 0.00335736 0.00292341 0.0025264 0.00214677 0.00179382 0.00147659 0.00120107 0.000970847 0.000788877 0.000659873 0.000585611 0.000539763 0.000449915 0.0002804 0.000118255 3.47585e-05 7.71706e-06 1.37031e-06 1.95599e-07 2.07965e-08 1.19312e-09 0 
0 0.0001092 0.000354192 0.000589406 0.000907331 0.00130086 0.00174327 0.00220891 0.00267124 0.00311166 0.0035612 0.00397276 0.00420547 0.00430545 0.00431661 0.00424726 0.00407948 0.0037691 0.00335736 0.00298206 0.00262475 0.00227023 0.00192859 0.00161096 0.00132576 0.00107868 0.000873503 0.000713955 0.00060483 0.000543589 0.000495935 0.000395035 0.000231398 9.27733e-05 2.65148e-05 5.82764e-06 1.03484e-06 1.48435e-07 1.58919e-08 9.18776e-10 0 
0 9.66655e-05 0.000337974 0.000550109 0.000822993 0.00116618 0.00155357 0.00196163 0.00236649 0.00274508 0.00308169 0.00338338 0.00363306 0.00377292 0.00379031 0.00369009 0.00348062 0.00320797 0.00292341 0.00262475 0.0023129 0.00199959 0.00169715 0.00141575 0.00116306 0.000944539 0.000764286 0.000626513 0.000534579 0.000480614 0.000427681 0.000323904 0.000179718 6.94046e-05 1.95052e-05 4.27546e-06 7.62672e-07 1.10239e-07 1.19064e-08 6.94517e-10 0 
0 8.2353e-05 0.000318303 0.000514746 0.000741102 0.00103192 0.00136323 0.00171292 0.00206007 0.0023843 0.00266728 0.00289528 0.00306057 0.00315402 0.00316318 0.00308842 0.00294651 0.00275549 0.0025264 0.00227023 0.00199959 0.00172681 0.00146273 0.00121623 0.000994222 0.000801955 0.000643649 0.000522765 0.00043992 0.000385894 0.000331992 0.000243528 0.00013242 5.08155e-05 1.4326e-05 3.16379e-06 5.69352e-07 8.30229e-08 9.0418e-09 5.31458e-10 0 
0 6.6899e-05 0.000292697 0.000484836 0.000667213 0.00090468 0.00118051 0.00147319 0.00176419 0.0020361 0.0022732 0.00246242 0.00259435 0.00266347 0.00266816 0.00261108 0.00249886 0.0023406 0.00214677 0.00192859 0.00169715 0.00146273 0.00123432 0.00101945 0.000824371 0.000654395 0.000513646 0.000403701 0.000323262 0.000268139 0.000224877 0.000168701 9.60529e-05 3.8408e-05 1.11188e-05 2.49152e-06 4.5182e-07 6.6163e-08 7.22384e-09 4.25278e-10 0 
0 5.12738e-05 0.000258517 0.000458512 0.000606504 0.000790829 0.00101256 0.00125099 0.00148902 0.00171177 0.00190609 0.0020611 0.00216889 0.00222489 0.00222802 0.00218048 0.00208729 0.00195559 0.00179382 0.00161096 0.00141575 0.00121623 0.00101945 0.000831768 0.000660169 0.00051416 0.000402751 0.000322654 0.00025651 0.000195474 0.000148557 0.000113908 7.23542e-05 3.16801e-05 9.57989e-06 2.17263e-06 3.93053e-07 5.71297e-08 6.18381e-09 3.60962e-10 0 
0 3.66542e-05 0.000214736 0.000428897 0.000561757 0.000696836 0.000865747 0.00105311 0.00124228 0.00142003 0.00157534 0.00169927 0.00178535 0.0018298 0.00183169 0.00179269 0.00171666 0.00160914 0.00147659 0.00132576 0.00116306 0.000994222 0.000824371 0.000660169 0.000517674 0.000431124 0.000426445 0.000461318 0.000438615 0.000322292 0.000183738 9.8119e-05 5.88508e-05 2.84374e-05 9.06225e-06 2.06367e-06 3.67608e-07 5.23691e-08 5.55911e-09 3.18839e-10 0 
0 2.41571e-05 0.000163859 0.000384973 0.000528897 0.000628287 0.000746625 0.000885359 0.00102965 0.00116687 0.00128735 0.00138366 0.00145048 0.00148474 0.00148559 0.00145422 0.00139353 0.00130758 0.00120107 0.00107868 0.000944539 0.000801955 0.000654395 0.00051416 0.000431124 0.000506258 0.000798106 0.00132465 0.00159744 0.000916068 0.000461508 0.000171112 6.16089e-05 2.683e-05 8.82366e-06 2.00083e-06 3.48032e-07 4.82795e-08 5.00201e-09 2.80875e-10 0 
0 1.45191e-05 0.000112283 0.000317835 0.000492118 0.000584497 0.000661683 0.00075402 0.00085611 0.000956519 0.00104605 0.00111807 0.00116808 0.00119346 0.00119343 0.00116874 0.00112146 0.00105444 0.000970847 0.000873503 0.000764286 0.000643649 0.000513646 0.000402751 0.000426445 0.000798106 0.00190087 0.00305761 0.00314501 0.00268978 0.0010737 0.000360529 9.2271e-05 2.72919e-05 8.36832e-06 1.85208e-06 3.13049e-07 4.22937e-08 4.28436e-09 2.36045e-10 0 
0 7.8871e-06 6.78304e-05 0.000230723 0.000427085 0.0005482 0.000610808 0.000665486 0.000727903 0.000793624 0.000854784 0.000905059 0.000940198 0.000957775 0.000956909 0.000938004 0.000902424 0.000852079 0.000788877 0.000713955 0.000626513 0.000522765 0.000403701 0.000322654 0.000461318 0.00132465 0.00305761 0.00338284 0.00342063 0.00324515 0.00230795 0.000578153 0.000133687 2.90835e-05 7.48268e-06 1.56157e-06 2.55286e-07 3.37386e-08 3.36294e-09 1.82903e-10 0 
0 3.84856e-06 3.57163e-05 0.000142053 0.000321519 0.000482605 0.000571535 0.000615903 0.000649716 0.000684509 0.000719017 0.000748831 0.000770104 0.000780388 0.000778597 0.000764761 0.000739685 0.00070449 0.000659873 0.00060483 0.000534579 0.00043992 0.000323262 0.00025651 0.000438615 0.00159744 0.00314501 0.00342063 0.00345791 0.00331955 0.00268816 0.000647653 0.000143404 2.74911e-05 6.00778e-06 1.15732e-06 1.82944e-07 2.38406e-08 2.35975e-09 1.27759e-10 0 
0 1.68172e-06 1.63386e-05 7.28452e-05 0.000197636 0.000360833 0.000493581 0.000568858 0.000605378 0.000625981 0.000641528 0.000654255 0.000663111 0.000666577 0.000663683 0.000654154 0.000638162 0.000615723 0.000585611 0.000543589 0.000480614 0.000385894 0.000268139 0.000195474 0.000322292 0.000916068 0.00268978 0.00324515 0.00331955 0.00309966 0.00168283 0.000471499 0.000106359 2.02014e-05 4.05029e-06 7.29832e-07 1.12855e-07 1.46787e-08 1.45851e-09 7.93478e-11 0 
0 6.57834e-07 6.51595e-06 3.11479e-05 9.65513e-05 0.000211147 0.000346708 0.000460486 0.000533846 0.000573755 0.000593808 0.000603581 0.000607691 0.000607802 0.000604286 0.000596983 0.000585239 0.000567378 0.000539763 0.000495935 0.000427681 0.000331992 0.000224877 0.000148557 0.000183738 0.000461508 0.0010737 0.00230795 0.00268816 0.00168283 0.000707849 0.000234263 5.46024e-05 1.11169e-05 2.18292e-06 3.82509e-07 5.92448e-08 7.80988e-09 7.87939e-10 4.34815e-11 0 
0 2.30634e-07 2.28194e-06 1.12638e-05 3.78048e-05 9.40629e-05 0.000181448 0.000283502 0.000376971 0.00044779 0.000494491 0.00052211 0.000536392 0.000541417 0.000539333 0.00053066 0.000514516 0.00048869 0.000449915 0.000395035 0.000323904 0.000243528 0.000168701 0.000113908 9.8119e-05 0.000171112 0.000360529 0.000578153 0.000647653 0.000471499 0.000234263 7.9561e-05 2.04985e-05 4.63645e-06 9.28708e-07 1.65741e-07 2.64185e-08 3.58338e-09 3.70966e-10 2.09445e-11 0 
0 7.25812e-08 7.07221e-07 3.50844e-06 1.22036e-05 3.2649e-05 7.00702e-05 0.000124405 0.000188469 0.000251625 0.000305243 0.000345172 0.000370883 0.000383503 0.000384339 0.000374198 0.000353333 0.000321834 0.0002804 0.000231398 0.000179718 0.00013242 9.60529e-05 7.23542e-05 5.88508e-05 6.16089e-05 9.2271e-05 0.000133687 0.000143404 0.000106359 5.46024e-05 2.04985e-05 6.11303e-06 1.50713e-06 3.18634e-07 6.01356e-08 1.00637e-08 1.42054e-09 1.52178e-10 8.85389e-12 0 
0 2.05077e-08 1.95039e-07 9.55872e-07 3.3461e-06 9.22161e-06 2.08933e-05 3.99791e-05 6.60763e-05 9.63932e-05 0.000126734 0.000153022 0.000172326 0.000183084 0.00018485 0.000177969 0.000163407 0.000142751 0.000118255 9.27733e-05 6.94046e-05 5.08155e-05 3.8408e-05 3.16801e-05 2.84374e-05 2.683e-05 2.72919e-05 2.90835e-05 2.74911e-05 2.02014e-05 1.11169e-05 4.63645e-06 1.50713e-06 4.0019e-07 9.1746e-08 1.86293e-08 3.30094e-09 4.88022e-10 5.44208e-11 3.2807e-12 0 
0 5.18797e-09 4.79178e-08 2.29742e-07 7.95596e-07 2.19972e-06 5.07708e-06 1.00389e-05 1.73314e-05 2.65544e-05 3.66473e-05 4.61677e-05 5.36969e-05 5.81774e-05 5.90885e-05 5.64772e-05 5.08942e-05 4.3272e-05 3.47585e-05 2.65148e-05 1.95052e-05 1.4326e-05 1.11188e-05 9.57989e-06 9.06225e-06 8.82366e-06 8.36832e-06 7.48268e-06 6.00778e-06 4.05029e-06 2.18292e-06 9.28708e-07 3.18634e-07 9.1746e-08 2.28976e-08 4.99233e-09 9.36775e-10 1.45459e-10 1.69456e-11 1.06241e-12 0 
0 1.16523e-09 1.0428e-08 4.86708e-08 1.65244e-07 4.51869e-07 1.04137e-06 2.07488e-06 3.63702e-06 5.68622e-06 8.02227e-06 1.03173e-05 1.22007e-05 1.33598e-05 1.36197e-05 1.29781e-05 1.15931e-05 9.73486e-06 7.71706e-06 5.82764e-06 4.27546e-06 3.16379e-06 2.49152e-06 2.17263e-06 2.06367e-06 2.00083e-06 1.85208e-06 1.56157e-06 1.15732e-06 7.29832e-07 3.82509e-07 1.65741e-07 6.01356e-08 1.86293e-08 4.99233e-09 1.15823e-09 2.29554e-10 3.74589e-11 4.56667e-12 2.98397e-13 0 
0 2.27976e-10 1.97572e-09 8.95926e-09 2.96992e-08 7.9771e-08 1.81734e-07 3.60186e-07 6.31437e-07 9.9135e-07 1.40791e-06 1.82404e-06 2.17117e-06 2.38848e-06 2.44011e-06 2.32415e-06 2.07105e-06 1.73323e-06 1.37031e-06 1.03484e-06 7.62672e-07 5.69352e-07 4.5182e-07 3.93053e-07 3.67608e-07 3.48032e-07 3.13049e-07 2.55286e-07 1.82944e-07 1.12855e-07 5.92448e-08 2.64185e-08 1.00637e-08 3.30094e-09 9.36775e-10 2.29554e-10 4.79177e-11 8.21118e-12 1.04777e-12 7.14112e-14 0 
0 3.72651e-11 3.1292e-10 1.37845e-09 4.45548e-09 1.17212e-08 2.62797e-08 5.14997e-08 8.96473e-08 1.40241e-07 1.98965e-07 2.57926e-07 3.0743e-07 3.387e-07 3.46439e-07 3.30257e-07 2.94513e-07 2.46774e-07 1.95599e-07 1.48435e-07 1.10239e-07 8.30229e-08 6.6163e-08 5.71297e-08 5.23691e-08 4.82795e-08 4.22937e-08 3.37386e-08 2.38406e-08 1.46787e-08 7.80988e-09 3.58338e-09 1.42054e-09 4.88022e-10 1.45459e-10 3.74589e-11 8.21118e-12 1.475e-12 1.96822e-13 1.39886e-14 0 
0 4.59855e-12 3.7462e-11 1.60449e-10 5.05778e-10 1.30235e-09 2.86914e-09 5.54595e-09 9.5564e-09 1.48446e-08 2.0966e-08 2.71105e-08 3.22792e-08 3.5561e-08 3.64001e-08 3.4749e-08 3.10567e-08 2.61091e-08 2.07965e-08 1.58919e-08 1.19064e-08 9.0418e-09 7.22384e-09 6.18381e-09 5.55911e-09 5.00201e-09 4.28436e-09 3.36294e-09 2.35975e-09 1.45851e-09 7.87939e-10 3.70966e-10 1.52178e-10 5.44208e-11 1.69456e-11 4.56667e-12 1.04777e-12 1.96822e-13 2.74189e-14 2.03012e-15 0 
0 3.06351e-13 2.42519e-12 1.01137e-11 3.11247e-11 7.84847e-11 1.69884e-10 3.23705e-10 5.51568e-10 8.49634e-10 1.19291e-09 1.53658e-09 1.82561e-09 2.00976e-09 2.05819e-09 1.96804e-09 1.76389e-09 1.48915e-09 1.19312e-09 9.18776e-10 6.94517e-10 5.31458e-10 4.25278e-10 3.60962e-10 3.18839e-10 2.80875e-10 2.36045e-10 1.82903e-10 1.27759e-10 7.93478e-11 4.34815e-11 2.09445e-11 8.85389e-12 3.2807e-12 1.06241e-12 2.98397e-13 7.14112e-14 1.39886e-14 2.03012e-15 1.56355e-16 0 
0 0 0 0 0 0 0 0 0 0 0 0 0 0 0 0 0 0 0 0 0 0 0 0 0 0 0 0 0 0 0 0 0 0 0 0 0 0 0 0 0 
