0 0 0 0 0 0 0 0 0 0 0 0 0 0 0 0 0 0 0 0 0 0 0 0 0 0 0 0 0 0 0 0 0 0 0 0 0 0 0 0 0 
0 1.20656e-07 1.03323e-06 4.20765e-06 1.12901e-05 2.24661e-05 3.58647e-05 4.89381e-05 5.99771e-05 6.84301e-05 7.44689e-05 7.85152e-05 8.09762e-05 8.21529e-05 8.22337e-05 8.13139e-05 7.94134e-05 7.6489e-05 7.24507e-05 6.71926e-05 6.06487e-05 5.28699e-05 4.41016e-05 3.48262e-05 2.57296e-05 1.75663e-05 1.09517e-05 6.17118e-06 3.1192e-06 1.4081e-06 5.6702e-07 2.0385e-07 6.55275e-08 1.88433e-08 4.83598e-09 1.09888e-09 2.17005e-10 3.57354e-11 4.43571e-12 2.96875e-13 0 
0 1.03323e-06 8.80639e-06 3.32819e-05 7.65729e-05 0.000123765 0.000158964 0.0001797 0.000191472 0.000199375 0.000205766 0.000211092 0.000215022 0.000217133 0.000217205 0.000215304 0.000211757 0.000207077 0.000201814 0.000196345 0.000190598 0.000183768 0.000174203 0.000159723 0.000138606 0.00011105 8.01343e-05 5.09919e-05 2.82088e-05 1.34892e-05 5.58697e-06 2.01821e-06 6.41123e-07 1.80261e-07 4.49556e-08 9.89689e-09 1.89175e-09 3.01653e-10 3.63e-11 2.35927e-12 0 
0 4.20765e-06 3.32819e-05 0.000104217 0.00018297 0.000229383 0.000251956 0.00027111 0.000294071 0.000319453 0.000343902 0.00036457 0.000379538 0.000387734 0.000388813 0.000383054 0.00037127 0.00035472 0.000335027 0.000314114 0.000294107 0.000277091 0.000264531 0.000256153 0.000248537 0.00023457 0.00020602 0.000160248 0.000105815 5.78774e-05 2.61331e-05 9.86413e-06 3.17274e-06 8.84899e-07 2.16312e-07 4.6388e-08 8.61461e-09 1.3339e-09 1.55987e-10 9.86602e-12 0 
0 1.12901e-05 7.65729e-05 0.00018297 0.00024988 0.000284753 0.000325239 0.000377618 0.000435162 0.00049132 0.000541387 0.000581986 0.000610798 0.000626505 0.000628762 0.000618137 0.000595989 0.000564302 0.000525503 0.000482288 0.000437506 0.000394141 0.000355405 0.000324699 0.000304782 0.000295231 0.000288435 0.000268205 0.000219371 0.00014695 7.75709e-05 3.23075e-05 1.09084e-05 3.08503e-06 7.4896e-07 1.57745e-07 2.86195e-08 4.32102e-09 4.92671e-10 3.04109e-11 0 
0 2.24661e-05 0.000123765 0.000229383 0.000284753 0.00034589 0.000428069 0.000521091 0.000615713 0.000705118 0.000783745 0.000847114 0.00089197 0.00091643 0.000920028 0.000903648 0.000869347 0.0008201 0.000759498 0.000691441 0.000619855 0.000548498 0.000480898 0.000420552 0.000371346 0.000337542 0.000321329 0.000316156 0.000300155 0.000246757 0.000159262 7.72137e-05 2.8544e-05 8.41184e-06 2.06176e-06 4.30818e-07 7.68775e-08 1.13737e-08 1.26934e-09 7.67189e-11 0 
0 3.58647e-05 0.000158964 0.000251956 0.000325239 0.000428069 0.00055259 0.000686365 0.00082014 0.000945757 0.00105593 0.00114461 0.00120745 0.00124192 0.00124706 0.00122397 0.00117587 0.00110696 0.0010221 0.000926597 0.000825768 0.000724592 0.000627477 0.000538215 0.000460263 0.000397477 0.000354684 0.000335097 0.000330614 0.0003112 0.000243186 0.000141298 5.93252e-05 1.87334e-05 4.71838e-06 9.88874e-07 1.74809e-07 2.54752e-08 2.79455e-09 1.65961e-10 0 
0 4.89381e-05 0.0001797 0.00027111 0.000377618 0.000521091 0.000686365 0.000861502 0.00103591 0.00119942 0.00134312 0.00146441 0.00156996 0.00164184 0.00165483 0.00160617 0.00151532 0.00141132 0.00129861 0.0011741 0.00104266 0.000910466 0.000783043 0.000664936 0.000559765 0.00047068 0.000401476 0.000357402 0.000340824 0.000336403 0.000301427 0.000208347 0.000101293 3.50464e-05 9.21809e-06 1.95779e-06 3.45222e-07 4.98089e-08 5.39247e-09 3.15764e-10 0 
0 5.99771e-05 0.000191472 0.000294071 0.000435162 0.000615713 0.00082014 0.00103591 0.00125052 0.00145277 0.00165653 0.00188699 0.00204743 0.00211804 0.00212891 0.00208755 0.00197809 0.00178777 0.0015852 0.00142028 0.00125787 0.00109498 0.000937714 0.000791455 0.000660306 0.000547298 0.000455197 0.00038812 0.000351586 0.000342875 0.000330157 0.000262154 0.000147213 5.64509e-05 1.56862e-05 3.40431e-06 6.02302e-07 8.64228e-08 9.26872e-09 5.36891e-10 0 
0 6.84301e-05 0.000199375 0.000319453 0.00049132 0.000705118 0.000945757 0.00119942 0.00145277 0.00172932 0.0020535 0.0022241 0.00230394 0.00234048 0.0023463 0.00232393 0.00226879 0.00216386 0.0019515 0.00166862 0.00145962 0.00126734 0.00108224 0.000909854 0.000754787 0.000620226 0.000508451 0.000422249 0.000366757 0.000345462 0.000340266 0.000297077 0.000188945 8.02159e-05 2.36664e-05 5.27543e-06 9.40446e-07 1.34683e-07 1.43549e-08 8.24925e-10 0 
0 7.44689e-05 0.000205766 0.000343902 0.000541387 0.000783745 0.00105593 0.00134312 0.00165653 0.0020535 0.00226758 0.00237026 0.00242628 0.0024534 0.00245775 0.00244079 0.00240048 0.00232963 0.00220799 0.00196653 0.00164879 0.00141804 0.00120827 0.00101314 0.000837338 0.000684265 0.000556014 0.000454499 0.000383644 0.000348948 0.000342219 0.000316227 0.000221554 0.000102939 3.21806e-05 7.37756e-06 1.32819e-06 1.90323e-07 2.02105e-08 1.15508e-09 0 
0 7.85152e-05 0.000211092 0.00036457 0.000581986 0.000847114 0.00114461 0.00146441 0.00188699 0.0022241 0.00237026 0.00245117 0.00249796 0.00252114 0.00252484 0.00251013 0.00247577 0.00241732 0.00232371 0.00216281 0.00184838 0.00154225 0.0013089 0.00109553 0.000903212 0.000735452 0.000594291 0.000481134 0.000398853 0.000353122 0.000341534 0.000325177 0.00024396 0.000121803 4.00206e-05 9.41356e-06 1.7119e-06 2.45793e-07 2.60535e-08 1.48387e-09 0 
0 8.09762e-05 0.000215022 0.000379538 0.000610798 0.00089197 0.00120745 0.00156996 0.00204743 0.00230394 0.00242628 0.00249796 0.00254042 0.00256164 0.00256496 0.0025513 0.0025197 0.0024668 0.00238458 0.00225212 0.00199936 0.00164135 0.00137927 0.00115283 0.00094896 0.000770968 0.000620867 0.000499781 0.000409877 0.000356478 0.000340145 0.000328364 0.000257308 0.000135137 4.60859e-05 1.10614e-05 2.02888e-06 2.92002e-07 3.09345e-08 1.7586e-09 0 
0 8.21529e-05 0.000217133 0.000387734 0.000626505 0.00091643 0.00124192 0.00164184 0.00211804 0.00234048 0.0024534 0.00252114 0.00256164 0.00258193 0.00258499 0.0025717 0.00254122 0.00249059 0.00241291 0.00229104 0.00206958 0.00170344 0.00141645 0.0011826 0.00097259 0.000789179 0.000634359 0.000509112 0.000415226 0.000357695 0.000338361 0.00032838 0.00026326 0.000142285 4.96119e-05 1.20589e-05 2.22466e-06 3.20838e-07 3.39979e-08 1.93163e-09 0 
0 8.22337e-05 0.000217205 0.000388813 0.000628762 0.000920028 0.00124706 0.00165483 0.00212891 0.0023463 0.00245775 0.00252484 0.00256496 0.00258499 0.00258788 0.00257448 0.00254395 0.00249341 0.00241611 0.00229542 0.00207811 0.00171122 0.00141908 0.00118426 0.000973595 0.000789632 0.000634339 0.00050865 0.000414251 0.000356011 0.000335996 0.000326365 0.000263042 0.000143221 5.02527e-05 1.22644e-05 2.2678e-06 3.27481e-07 3.47279e-08 1.97405e-09 0 
0 8.13139e-05 0.000215304 0.000383054 0.000618137 0.000903648 0.00122397 0.00160617 0.00208755 0.00232393 0.00244079 0.00251013 0.0025513 0.0025717 0.00257448 0.0025605 0.00252888 0.00247644 0.00239579 0.00226813 0.00203125 0.00166319 0.00138837 0.00115899 0.000952862 0.000772961 0.00062122 0.000498606 0.000406947 0.000351205 0.000332789 0.000322431 0.000257138 0.000138237 4.80662e-05 1.16799e-05 2.15717e-06 3.11641e-07 3.30864e-08 1.88345e-09 0 
0 7.94134e-05 0.000211757 0.00037127 0.000595989 0.000869347 0.00117587 0.00151532 0.00197809 0.00226879 0.00240048 0.00247577 0.0025197 0.00254122 0.00254395 0.00252888 0.00249488 0.00243811 0.00234928 0.00220314 0.00191726 0.00157449 0.00132837 0.00110945 0.000912454 0.000740699 0.000596088 0.000479709 0.000393764 0.000343408 0.000328357 0.000315813 0.000245323 0.000127844 4.34595e-05 1.04392e-05 1.92022e-06 2.7737e-07 2.94972e-08 1.68325e-09 0 
0 7.6489e-05 0.000207077 0.00035472 0.000564302 0.0008201 0.00110696 0.00141132 0.00178777 0.00216386 0.00232963 0.00241732 0.0024668 0.00249059 0.00249341 0.00247644 0.00243811 0.00237302 0.00226718 0.0020769 0.00173859 0.00146603 0.00124412 0.00103945 0.000855303 0.000695016 0.00056047 0.000452986 0.000375353 0.000332753 0.000321798 0.000304759 0.000226921 0.000112839 3.71178e-05 8.76967e-06 1.60393e-06 2.3166e-07 2.46981e-08 1.41452e-09 0 
0 7.24507e-05 0.000201814 0.000335027 0.000525503 0.000759498 0.0010221 0.00129861 0.0015852 0.0019515 0.00220799 0.00232371 0.00238458 0.00241291 0.00241611 0.00239579 0.00234928 0.00226718 0.00212229 0.00184068 0.00155842 0.00134299 0.00114107 0.000953466 0.000784849 0.000638403 0.000516043 0.000419477 0.000352195 0.000318739 0.000310929 0.000286401 0.00020134 9.44878e-05 2.99122e-05 6.93916e-06 1.26204e-06 1.82439e-07 1.95255e-08 1.124e-09 0 
0 6.71926e-05 0.000196345 0.000314114 0.000482288 0.000691441 0.000926597 0.0011741 0.00142028 0.00166862 0.00196653 0.00216281 0.00225212 0.00229104 0.00229542 0.00226813 0.00220314 0.0020769 0.00184068 0.0015915 0.00139542 0.0012067 0.0010251 0.000856267 0.000704677 0.000573349 0.000464323 0.000379846 0.000323888 0.000299048 0.000291296 0.000257133 0.000168961 7.4635e-05 2.27722e-05 5.19978e-06 9.42596e-07 1.3666e-07 1.47096e-08 8.52531e-10 0 
0 6.06487e-05 0.000190598 0.000294107 0.000437506 0.000619855 0.000825768 0.00104266 0.00125787 0.00145962 0.00164879 0.00184838 0.00199936 0.00206958 0.00207811 0.00203125 0.00191726 0.00173859 0.00155842 0.00139542 0.00122938 0.00106284 0.00090208 0.000752509 0.0006182 0.000502056 0.000406332 0.000333744 0.000287831 0.000267929 0.000256057 0.000214484 0.000132229 5.55984e-05 1.65255e-05 3.74128e-06 6.79015e-07 9.90116e-08 1.07384e-08 6.27449e-10 0 
0 5.28699e-05 0.000183768 0.000277091 0.000394141 0.000548498 0.000724592 0.000910466 0.00109498 0.00126734 0.00141804 0.00154225 0.00164135 0.00170344 0.00171122 0.00166319 0.00157449 0.00146603 0.00134299 0.0012067 0.00106284 0.000917848 0.000777481 0.000646459 0.000528459 0.00042629 0.000342347 0.000279059 0.000238207 0.000217026 0.000200182 0.000161071 9.61136e-05 3.96856e-05 1.17347e-05 2.66359e-06 4.86436e-07 7.14687e-08 7.81217e-09 4.5995e-10 0 
0 4.41016e-05 0.000174203 0.000264531 0.000355405 0.000480898 0.000627477 0.000783043 0.000937714 0.00108224 0.00120827 0.0013089 0.00137927 0.00141645 0.00141908 0.00138837 0.00132837 0.00124412 0.00114107 0.0010251 0.00090208 0.000777481 0.000656076 0.000541869 0.000438188 0.000347911 0.00027336 0.000215627 0.000174549 0.000148953 0.000132243 0.000107536 6.65124e-05 2.84032e-05 8.58572e-06 1.97331e-06 3.62961e-07 5.35756e-08 5.8768e-09 3.46997e-10 0 
0 3.48262e-05 0.000159723 0.000256153 0.000324699 0.000420552 0.000538215 0.000664936 0.000791455 0.000909854 0.00101314 0.00109553 0.00115283 0.0011826 0.00118426 0.00115899 0.00110945 0.00103945 0.000953466 0.000856267 0.000752509 0.000646459 0.000541869 0.000442117 0.00035094 0.000273396 0.000214231 0.000171704 0.000136706 0.000104903 8.20497e-05 6.72771e-05 4.63952e-05 2.17302e-05 6.87163e-06 1.60073e-06 2.94188e-07 4.31771e-08 4.70428e-09 2.75956e-10 0 
0 2.57296e-05 0.000138606 0.000248537 0.000304782 0.000371346 0.000460263 0.000559765 0.000660306 0.000754787 0.000837338 0.000903212 0.00094896 0.00097259 0.000973595 0.000952862 0.000912454 0.000855303 0.000784849 0.000704677 0.0006182 0.000528459 0.000438188 0.00035094 0.00027522 0.000229185 0.000226673 0.000245204 0.000233137 0.000171316 9.7803e-05 5.34075e-05 3.4638e-05 1.81424e-05 6.08911e-06 1.4287e-06 2.58954e-07 3.72951e-08 3.98962e-09 2.30228e-10 0 
0 1.75663e-05 0.00011105 0.00023457 0.000295231 0.000337542 0.000397477 0.00047068 0.000547298 0.000620226 0.000684265 0.000735452 0.000770968 0.000789179 0.000789632 0.000772961 0.000740699 0.000695016 0.000638403 0.000573349 0.000502056 0.00042629 0.000347911 0.000273396 0.000229185 0.000269091 0.000424221 0.000758338 0.000915292 0.00050013 0.000245305 9.1014e-05 3.37349e-05 1.60871e-05 5.65611e-06 1.328e-06 2.35284e-07 3.29956e-08 3.44441e-09 1.94584e-10 0 
0 1.09517e-05 8.01343e-05 0.00020602 0.000288435 0.000321329 0.000354684 0.000401476 0.000455197 0.000508451 0.000556014 0.000594291 0.000620867 0.000634359 0.000634339 0.00062122 0.000596088 0.00056047 0.000516043 0.000464323 0.000406332 0.000342347 0.00027336 0.000214231 0.000226673 0.000424221 0.00107976 0.00158367 0.00162136 0.00145963 0.00058345 0.000191632 4.92383e-05 1.55259e-05 5.18172e-06 1.19739e-06 2.06472e-07 2.81862e-08 2.87448e-09 1.59203e-10 0 
0 6.17118e-06 5.09919e-05 0.000160248 0.000268205 0.000316156 0.000335097 0.000357402 0.00038812 0.000422249 0.000454499 0.000481134 0.000499781 0.000509112 0.00050865 0.000498606 0.000479709 0.000452986 0.000419477 0.000379846 0.000333744 0.000279059 0.000215627 0.000171704 0.000245204 0.000758338 0.00158367 0.00173088 0.00174794 0.00167254 0.00128451 0.000308267 7.11008e-05 1.60325e-05 4.51428e-06 9.92785e-07 1.65968e-07 2.21561e-08 2.22126e-09 1.21337e-10 0 
0 3.1192e-06 2.82088e-05 0.000105815 0.000219371 0.000300155 0.000330614 0.000340824 0.000351586 0.000366757 0.000383644 0.000398853 0.000409877 0.000415226 0.000414251 0.000406947 0.000393764 0.000375353 0.000352195 0.000323888 0.000287831 0.000238207 0.000174549 0.000136706 0.000233137 0.000915292 0.00162136 0.00174794 0.00176549 0.00170447 0.00145542 0.000358934 7.62462e-05 1.50012e-05 3.57123e-06 7.28431e-07 1.17957e-07 1.55224e-08 1.54407e-09 8.38953e-11 0 
0 1.4081e-06 1.34892e-05 5.78774e-05 0.00014695 0.000246757 0.0003112 0.000336403 0.000342875 0.000345462 0.000348948 0.000353122 0.000356478 0.000357695 0.000356011 0.000351205 0.000343408 0.000332753 0.000318739 0.000299048 0.000267929 0.000217026 0.000148953 0.000104903 0.000171316 0.00050013 0.00145963 0.00167254 0.00170447 0.00159864 0.000952065 0.000250615 5.65727e-05 1.10673e-05 2.40403e-06 4.57681e-07 7.24615e-08 9.50989e-09 9.48899e-10 5.17724e-11 0 
0 5.6702e-07 5.58697e-06 2.61331e-05 7.75709e-05 0.000159262 0.000243186 0.000301427 0.000330157 0.000340266 0.000342219 0.000341534 0.000340145 0.000338361 0.000335996 0.000332789 0.000328357 0.000321798 0.000310929 0.000291296 0.000256057 0.000200182 0.000132243 8.20497e-05 9.7803e-05 0.000245305 0.00058345 0.00128451 0.00145542 0.000952065 0.000376241 0.00012452 2.91376e-05 6.19738e-06 1.30889e-06 2.40371e-07 3.7991e-08 5.0458e-09 5.10804e-10 2.82538e-11 0 
0 2.0385e-07 2.01821e-06 9.86413e-06 3.23075e-05 7.72137e-05 0.000141298 0.000208347 0.000262154 0.000297077 0.000316227 0.000325177 0.000328364 0.00032838 0.000326365 0.000322431 0.000315813 0.000304759 0.000286401 0.000257133 0.000214484 0.000161071 0.000107536 6.72771e-05 5.34075e-05 9.1014e-05 0.000191632 0.000308267 0.000358934 0.000250615 0.00012452 4.23466e-05 1.11242e-05 2.66606e-06 5.66752e-07 1.04766e-07 1.69497e-08 2.31177e-09 2.39949e-10 1.35726e-11 0 
0 6.55275e-08 6.41123e-07 3.17274e-06 1.09084e-05 2.8544e-05 5.93252e-05 0.000101293 0.000147213 0.000188945 0.000221554 0.00024396 0.000257308 0.00026326 0.000263042 0.000257138 0.000245323 0.000226921 0.00020134 0.000168961 0.000132229 9.61136e-05 6.65124e-05 4.63952e-05 3.4638e-05 3.37349e-05 4.92383e-05 7.11008e-05 7.62462e-05 5.65727e-05 2.91376e-05 1.11242e-05 3.46166e-06 9.00049e-07 1.98289e-07 3.82725e-08 6.46439e-09 9.15767e-10 9.82913e-11 5.72718e-12 0 
0 1.88433e-08 1.80261e-07 8.84899e-07 3.08503e-06 8.41184e-06 1.87334e-05 3.50464e-05 5.64509e-05 8.02159e-05 0.000102939 0.000121803 0.000135137 0.000142285 0.000143221 0.000138237 0.000127844 0.000112839 9.44878e-05 7.4635e-05 5.55984e-05 3.96856e-05 2.84032e-05 2.17302e-05 1.81424e-05 1.60871e-05 1.55259e-05 1.60325e-05 1.50012e-05 1.10673e-05 6.19738e-06 2.66606e-06 9.00049e-07 2.47305e-07 5.8026e-08 1.19213e-08 2.12261e-09 3.14493e-10 3.51186e-11 2.11957e-12 0 
0 4.83598e-09 4.49556e-08 2.16312e-07 7.4896e-07 2.06176e-06 4.71838e-06 9.21809e-06 1.56862e-05 2.36664e-05 3.21806e-05 4.00206e-05 4.60859e-05 4.96119e-05 5.02527e-05 4.80662e-05 4.34595e-05 3.71178e-05 2.99122e-05 2.27722e-05 1.65255e-05 1.17347e-05 8.58572e-06 6.87163e-06 6.08911e-06 5.65611e-06 5.18172e-06 4.51428e-06 3.57123e-06 2.40403e-06 1.30889e-06 5.66752e-07 1.98289e-07 5.8026e-08 1.46289e-08 3.20534e-09 6.02817e-10 9.37228e-11 1.09293e-11 6.85853e-13 0 
0 1.09888e-09 9.89689e-09 4.6388e-08 1.57745e-07 4.30818e-07 9.88874e-07 1.95779e-06 3.40431e-06 5.27543e-06 7.37756e-06 9.41356e-06 1.10614e-05 1.20589e-05 1.22644e-05 1.16799e-05 1.04392e-05 8.76967e-06 6.93916e-06 5.19978e-06 3.74128e-06 2.66359e-06 1.97331e-06 1.60073e-06 1.4287e-06 1.328e-06 1.19739e-06 9.92785e-07 7.28431e-07 4.57681e-07 2.40371e-07 1.04766e-07 3.82725e-08 1.19213e-08 3.20534e-09 7.44948e-10 1.47793e-10 2.41356e-11 2.94452e-12 1.92539e-13 0 
0 2.17005e-10 1.89175e-09 8.61461e-09 2.86195e-08 7.68775e-08 1.74809e-07 3.45222e-07 6.02302e-07 9.40446e-07 1.32819e-06 1.7119e-06 2.02888e-06 2.22466e-06 2.2678e-06 2.15717e-06 1.92022e-06 1.60393e-06 1.26204e-06 9.42596e-07 6.79015e-07 4.86436e-07 3.62961e-07 2.94188e-07 2.58954e-07 2.35284e-07 2.06472e-07 1.65968e-07 1.17957e-07 7.24615e-08 3.7991e-08 1.69497e-08 6.46439e-09 2.12261e-09 6.02817e-10 1.47793e-10 3.08643e-11 5.29132e-12 6.75524e-13 4.60653e-14 0 
0 3.57354e-11 3.01653e-10 1.3339e-09 4.32102e-09 1.13737e-08 2.54752e-08 4.98089e-08 8.64228e-08 1.34683e-07 1.90323e-07 2.45793e-07 2.92002e-07 3.20838e-07 3.27481e-07 3.11641e-07 2.7737e-07 2.3166e-07 1.82439e-07 1.3666e-07 9.90116e-08 7.14687e-08 5.35756e-08 4.31771e-08 3.72951e-08 3.29956e-08 2.81863e-08 2.21561e-08 1.55224e-08 9.50989e-09 5.0458e-09 2.31177e-09 9.15767e-10 3.14493e-10 9.37228e-11 2.41356e-11 5.29132e-12 9.5072e-13 1.26903e-13 9.02271e-15 0 
0 4.43571e-12 3.63e-11 1.55987e-10 4.92671e-10 1.26934e-09 2.79455e-09 5.39247e-09 9.26872e-09 1.43549e-08 2.02105e-08 2.60535e-08 3.09345e-08 3.39979e-08 3.47279e-08 3.30864e-08 2.94972e-08 2.46981e-08 1.95255e-08 1.47096e-08 1.07384e-08 7.81217e-09 5.8768e-09 4.70428e-09 3.98962e-09 3.44441e-09 2.87448e-09 2.22126e-09 1.54407e-09 9.48899e-10 5.10804e-10 2.39949e-10 9.82913e-11 3.51186e-11 1.09293e-11 2.94452e-12 6.75524e-13 1.26903e-13 1.76814e-14 1.30946e-15 0 
0 2.96875e-13 2.35927e-12 9.86602e-12 3.04109e-11 7.67189e-11 1.65961e-10 3.15764e-10 5.36891e-10 8.24925e-10 1.15508e-09 1.48387e-09 1.7586e-09 1.93163e-09 1.97405e-09 1.88345e-09 1.68325e-09 1.41452e-09 1.124e-09 8.52531e-10 6.27449e-10 4.5995e-10 3.46997e-10 2.75956e-10 2.30228e-10 1.94584e-10 1.59203e-10 1.21337e-10 8.38953e-11 5.17724e-11 2.82538e-11 1.35726e-11 5.72718e-12 2.11957e-12 6.85853e-13 1.92539e-13 4.60653e-14 9.02271e-15 1.30946e-15 1.00864e-16 0 
0 0 0 0 0 0 0 0 0 0 0 0 0 0 0 0 0 0 0 0 0 0 0 0 0 0 0 0 0 0 0 0 0 0 0 0 0 0 0 0 0 
