0 0 0 0 0 0 0 0 0 0 0 0 0 0 0 0 0 0 0 0 0 0 0 0 0 0 0 0 0 0 0 0 0 0 0 0 0 0 0 0 0 
0 1.20957e-07 1.1046e-06 5.10881e-06 1.66018e-05 4.19437e-05 8.66406e-05 0.000151642 0.000231803 0.000317741 0.000399226 0.000467759 0.000517598 0.000545673 0.000551094 0.000534676 0.000498613 0.000446301 0.000382216 0.000311713 0.000240631 0.00017461 0.000118217 7.41388e-05 4.27948e-05 2.26252e-05 1.09223e-05 4.80866e-06 1.93125e-06 7.08422e-07 2.3771e-07 7.3051e-08 2.05632e-08 5.2927e-09 1.23938e-09 2.61249e-10 4.8532e-11 7.60605e-12 9.07109e-13 5.87824e-14 0 
0 1.1046e-06 1.04596e-05 4.92148e-05 0.000158008 0.000381217 0.000729733 0.00116206 0.00160994 0.00201649 0.00235109 0.00260334 0.00277283 0.00286266 0.00287694 0.00282006 0.00269661 0.00251132 0.00226953 0.00197843 0.00164933 0.00130028 0.000956822 0.000648295 0.000399502 0.000221866 0.000110505 4.93367e-05 1.98008e-05 7.17656e-06 2.36039e-06 7.0733e-07 1.93565e-07 4.83618e-08 1.09887e-08 2.24834e-09 4.05767e-10 6.18534e-11 7.18491e-12 4.54161e-13 0 
0 5.10881e-06 4.92148e-05 0.000227268 0.000680719 0.00145905 0.00241684 0.00334658 0.00414117 0.00478891 0.00530492 0.00569772 0.00596731 0.00611161 0.00613161 0.00603336 0.0058278 0.00552886 0.00515037 0.00470233 0.00418798 0.00360471 0.0029531 0.00225454 0.00156549 0.000966751 0.000522968 0.000246603 0.000101803 3.71538e-05 1.21202e-05 3.56748e-06 9.53438e-07 2.31949e-07 5.12534e-08 1.01972e-08 1.79064e-09 2.6587e-10 3.01213e-11 1.85968e-12 0 
0 1.66018e-05 0.000158008 0.000680719 0.00178155 0.00322696 0.00461264 0.00580848 0.006861 0.00780092 0.00861321 0.00926491 0.00972564 0.00997647 0.0100125 0.00984302 0.00948933 0.00898237 0.00835883 0.00765655 0.00690819 0.00613258 0.00532505 0.00445634 0.00349842 0.00248226 0.0015331 0.000803947 0.000356155 0.00013485 4.44741e-05 1.30107e-05 3.42119e-06 8.14418e-07 1.75638e-07 3.40751e-08 5.83571e-09 8.45712e-10 9.36243e-11 5.65571e-12 0 
0 4.19437e-05 0.000381217 0.00145905 0.00322696 0.00505745 0.00670766 0.00827713 0.00980211 0.0112294 0.0124823 0.0134917 0.0142062 0.0145957 0.014653 0.0143922 0.0138458 0.0130614 0.0120961 0.0110115 0.00986895 0.00872299 0.00761249 0.00654427 0.00547484 0.0043237 0.00306685 0.0018509 0.00091858 0.000374267 0.000127997 3.78135e-05 9.87984e-06 2.31621e-06 4.89748e-07 9.29797e-08 1.55756e-08 2.20875e-09 2.39474e-10 1.41837e-11 0 
0 8.66406e-05 0.000729733 0.00241684 0.00461264 0.00670766 0.00878655 0.0109301 0.013062 0.0150628 0.0168175 0.0182296 0.0192286 0.0197733 0.0198538 0.0194899 0.0187268 0.0176302 0.0162788 0.0147577 0.0131517 0.0115397 0.00998946 0.00854969 0.00723133 0.00597533 0.00465332 0.00320304 0.00181997 0.000824063 0.000300336 9.12684e-05 2.39689e-05 5.57494e-06 1.16172e-06 2.1669e-07 3.56227e-08 4.95718e-09 5.27711e-10 3.07155e-11 0 
0 0.000151642 0.00116206 0.00334658 0.00580848 0.00827713 0.0109301 0.0137208 0.0164987 0.0191026 0.0213842 0.0232193 0.0245168 0.025224 0.0253281 0.0248548 0.023863 0.0224373 0.0206795 0.0186995 0.0166062 0.0145007 0.012471 0.0105877 0.008897 0.0073978 0.00599534 0.00451039 0.00290132 0.00148159 0.00058829 0.000187209 5.00043e-05 1.16273e-05 2.40058e-06 4.41737e-07 7.15107e-08 9.79459e-09 1.0265e-09 5.88581e-11 0 
0 0.000231803 0.00160994 0.00414117 0.006861 0.00980211 0.013062 0.0164987 0.0199164 0.0231179 0.0259217 0.0281759 0.0297689 0.0306361 0.0307625 0.0301796 0.0289597 0.0272067 0.0250453 0.0226098 0.0200334 0.0174395 0.0149347 0.012605 0.0105134 0.0086912 0.00710278 0.00558684 0.0039351 0.00224979 0.000983258 0.000332071 9.11409e-05 2.13351e-05 4.38614e-06 7.99379e-07 1.27862e-07 1.72888e-08 1.78865e-09 1.01283e-10 0 
0 0.000317741 0.00201649 0.00478891 0.00780092 0.0112294 0.0150628 0.0191026 0.0231179 0.0268777 0.0301692 0.0328142 0.0346822 0.0356979 0.0358436 0.0351566 0.0337222 0.0316622 0.029123 0.0262616 0.023234 0.0201842 0.0172366 0.014491 0.0120207 0.00987138 0.00804322 0.00643059 0.00478695 0.00299624 0.00143633 0.000517837 0.000147042 3.48399e-05 7.16208e-06 1.29737e-06 2.05683e-07 2.75345e-08 2.81955e-09 1.58059e-10 0 
0 0.000399226 0.00235109 0.00530492 0.00861321 0.0124823 0.0168175 0.0213842 0.0259217 0.0301692 0.0338861 0.0368717 0.0389791 0.0401235 0.0402844 0.0395043 0.0378802 0.0355506 0.0326803 0.0294465 0.0260248 0.0225773 0.0192437 0.016136 0.013336 0.0108961 0.00883325 0.00708531 0.00543129 0.00362507 0.00188003 0.000721855 0.00021253 5.1127e-05 1.05415e-05 1.90346e-06 2.99941e-07 3.98596e-08 4.05025e-09 2.25314e-10 0 
0 0.000467759 0.00260334 0.00569772 0.00926491 0.0134917 0.0182296 0.0232193 0.0281759 0.0328142 0.0368717 0.0401296 0.0424272 0.0436716 0.0438423 0.0429863 0.0412087 0.0386609 0.0355239 0.031991 0.0282532 0.0244873 0.0208452 0.0174483 0.0143852 0.0117126 0.00945462 0.00757438 0.00588799 0.0040963 0.00225599 0.000914107 0.000278344 6.80145e-05 1.40887e-05 2.54142e-06 3.98995e-07 5.27647e-08 5.33313e-09 2.95098e-10 0 
0 0.000517598 0.00277283 0.00596731 0.00972564 0.0142062 0.0192286 0.0245168 0.0297689 0.0346822 0.0389791 0.0424272 0.0448533 0.0461605 0.046334 0.0454259 0.0435421 0.04084 0.0375133 0.0337687 0.0298083 0.0258185 0.02196 0.0183608 0.0151138 0.0122786 0.00988236 0.00790111 0.00617963 0.00440617 0.00252827 0.00106669 0.00033374 8.26722e-05 1.72113e-05 3.10627e-06 4.8686e-07 6.42136e-08 6.47067e-09 3.56938e-10 0 
0 0.000545673 0.00286266 0.00611161 0.00997647 0.0145957 0.0197733 0.025224 0.0306361 0.0356979 0.0401235 0.0436716 0.0461605 0.0474934 0.0476636 0.0467269 0.0447869 0.0420005 0.038569 0.0347082 0.0306269 0.0265165 0.022542 0.0188348 0.0154902 0.0125688 0.010099 0.00806259 0.00632112 0.00456466 0.00268178 0.00116025 0.000369625 9.24723e-05 1.93371e-05 3.49518e-06 5.47864e-07 7.222e-08 7.27176e-09 4.00808e-10 0 
0 0.000551094 0.00287694 0.00613161 0.0100125 0.014653 0.0198538 0.0253281 0.0307625 0.0358436 0.0402844 0.0438423 0.046334 0.0476636 0.0478265 0.04688 0.0449269 0.0421241 0.0386742 0.034795 0.0306961 0.0265696 0.0225808 0.0188612 0.0155062 0.0125761 0.010099 0.0080586 0.00632201 0.00458366 0.00271522 0.0011862 0.00038091 9.58031e-05 2.01015e-05 3.64174e-06 5.71867e-07 7.55051e-08 7.61459e-09 4.20408e-10 0 
0 0.000534676 0.00282006 0.00603336 0.00984302 0.0143922 0.0194899 0.0248548 0.0301796 0.0351566 0.0395043 0.0429863 0.0454259 0.0467269 0.04688 0.0459403 0.0440138 0.0412585 0.0378728 0.0340683 0.0300502 0.0260068 0.0221001 0.0184588 0.015176 0.0123105 0.00988955 0.00789472 0.00618981 0.00447332 0.00263555 0.00114622 0.000367499 9.25277e-05 1.94647e-05 3.53835e-06 5.57759e-07 7.39461e-08 7.48997e-09 4.15434e-10 0 
0 0.000498613 0.00269661 0.0058278 0.00948933 0.0138458 0.0187268 0.023863 0.0289597 0.0337222 0.0378802 0.0412087 0.0435421 0.0447869 0.0449269 0.0440138 0.0421555 0.0395082 0.0362609 0.0326139 0.028764 0.0248919 0.0211528 0.01767 0.0145324 0.0117965 0.00948754 0.00758158 0.0059311 0.00424228 0.00245601 0.00105091 0.000333998 8.39638e-05 1.77163e-05 3.23805e-06 5.13861e-07 6.86371e-08 7.00792e-09 3.91963e-10 0 
0 0.000446301 0.00251132 0.00552886 0.00898237 0.0130614 0.0176302 0.0224373 0.0272067 0.0316622 0.0355506 0.0386609 0.04084 0.0420005 0.0421241 0.0412585 0.0395082 0.0370215 0.0339741 0.0305534 0.026944 0.0233157 0.0198141 0.016555 0.0136222 0.0110686 0.00891631 0.00713174 0.00555092 0.00390022 0.00219717 0.000918227 0.000288449 7.24555e-05 1.53783e-05 2.83733e-06 4.55374e-07 6.15776e-08 6.36867e-09 3.60943e-10 0 
0 0.000382216 0.00226953 0.00515037 0.00835883 0.0120961 0.0162788 0.0206795 0.0250453 0.029123 0.0326803 0.0355239 0.0375133 0.038569 0.0386742 0.0378728 0.0362609 0.0339741 0.0311736 0.0280311 0.0247166 0.0213861 0.0181735 0.0151856 0.0125 0.0101659 0.00820036 0.00655534 0.00505288 0.00346315 0.00188923 0.000771315 0.000240525 6.07505e-05 1.3061e-05 2.44987e-06 4.00381e-07 5.51637e-08 5.81296e-09 3.35524e-10 0 
0 0.000311713 0.00197843 0.00470233 0.00765655 0.0110115 0.0147577 0.0186995 0.0226098 0.0262616 0.0294465 0.031991 0.0337687 0.0347082 0.034795 0.0340683 0.0326139 0.0305534 0.0280311 0.0252015 0.0222172 0.0192186 0.0163265 0.0136375 0.0112228 0.00912715 0.00735971 0.00585691 0.00444356 0.00296119 0.00157268 0.00063534 0.000199683 5.14365e-05 1.13377e-05 2.18336e-06 3.66151e-07 5.16904e-08 5.57031e-09 3.28079e-10 0 
0 0.000240631 0.00164933 0.00418798 0.00690819 0.00986895 0.0131517 0.0166062 0.0200334 0.023234 0.0260248 0.0282532 0.0298083 0.0306269 0.0306961 0.0300502 0.028764 0.026944 0.0247166 0.0222172 0.0195798 0.0169275 0.0143672 0.0119849 0.00984458 0.00798503 0.00640609 0.00503877 0.00374463 0.00244459 0.00129378 0.000533412 0.00017382 4.6632e-05 1.06797e-05 2.12632e-06 3.66692e-07 5.2966e-08 5.81362e-09 3.47377e-10 0 
0 0.00017461 0.00130028 0.00360471 0.00613258 0.00872299 0.0115397 0.0145007 0.0174395 0.0201842 0.0225773 0.0244873 0.0258185 0.0265165 0.0265696 0.0260068 0.0248919 0.0233157 0.0213861 0.0192186 0.0169275 0.0146183 0.0123827 0.0102954 0.00841215 0.00676452 0.00534947 0.00412177 0.00301028 0.00197739 0.00109208 0.000482041 0.000168601 4.79279e-05 1.14413e-05 2.34175e-06 4.10938e-07 5.99648e-08 6.61518e-09 3.95807e-10 0 
0 0.000118217 0.000956822 0.0029531 0.00532505 0.00761249 0.00998946 0.012471 0.0149347 0.0172366 0.0192437 0.0208452 0.02196 0.022542 0.0225808 0.0221001 0.0211528 0.0198141 0.0181735 0.0163265 0.0143672 0.0123827 0.0104487 0.00862751 0.00696648 0.00549882 0.0042455 0.00320761 0.00235092 0.00161839 0.000981568 0.000485132 0.000186563 5.62814e-05 1.3824e-05 2.85422e-06 4.99756e-07 7.23492e-08 7.89547e-09 4.6667e-10 0 
0 7.41388e-05 0.000648295 0.00225454 0.00445634 0.00654427 0.00854969 0.0105877 0.012605 0.014491 0.016136 0.0174483 0.0183608 0.0188348 0.0188612 0.0184588 0.01767 0.016555 0.0151856 0.0136375 0.0119849 0.0102954 0.00862751 0.00703188 0.00556529 0.00431502 0.00336714 0.00268701 0.00210993 0.00153129 0.000987897 0.000537057 0.000226143 7.15762e-05 1.77334e-05 3.6168e-06 6.20564e-07 8.78483e-08 9.37683e-09 5.427e-10 0 
0 4.27948e-05 0.000399502 0.00156549 0.00349842 0.00547484 0.00723133 0.008897 0.0105134 0.0120207 0.013336 0.0143852 0.0151138 0.0154902 0.0155062 0.015176 0.0145324 0.0136222 0.0125 0.0112228 0.00984458 0.00841215 0.00696648 0.00556529 0.00435814 0.00363862 0.0036075 0.00390461 0.0037125 0.00272592 0.00153517 0.000723033 0.000293635 9.31004e-05 2.26398e-05 4.472e-06 7.42419e-07 1.01968e-07 1.05924e-08 5.98373e-10 0 
0 2.26252e-05 0.000221866 0.000966751 0.00248226 0.0043237 0.00597533 0.0073978 0.0086912 0.00987138 0.0108961 0.0117126 0.0122786 0.0125688 0.0125761 0.0123105 0.0117965 0.0110686 0.0101659 0.00912715 0.00798503 0.00676452 0.00549882 0.00431502 0.00363862 0.00428515 0.00675636 0.00974838 0.0103899 0.00767545 0.00390676 0.00143962 0.000445892 0.000123275 2.77624e-05 5.16316e-06 8.19947e-07 1.08944e-07 1.10161e-08 6.08155e-10 0 
0 1.09223e-05 0.000110505 0.000522968 0.0015331 0.00306685 0.00465332 0.00599534 0.00710278 0.00804322 0.00883325 0.00945462 0.00988236 0.010099 0.010099 0.00988955 0.00948754 0.00891631 0.00820036 0.00735971 0.00640609 0.00534947 0.0042455 0.00336714 0.0036075 0.00675636 0.0140223 0.0224497 0.0250943 0.0181346 0.00901544 0.00305179 0.000762033 0.000166375 3.21698e-05 5.41746e-06 8.11802e-07 1.04323e-07 1.03089e-08 5.58712e-10 0 
0 4.80866e-06 4.93367e-05 0.000246603 0.000803947 0.0018509 0.00320304 0.00451039 0.00558684 0.00643059 0.00708531 0.00757438 0.00790111 0.00806259 0.0080586 0.00789472 0.00758158 0.00713174 0.00655534 0.00585691 0.00503877 0.00412177 0.00320761 0.00268701 0.00390461 0.00974838 0.0224497 0.0364551 0.0395527 0.0302708 0.0147726 0.0048919 0.00112653 0.00020723 3.38125e-05 5.03207e-06 7.04728e-07 8.78493e-08 8.54226e-09 4.57677e-10 0 
0 1.93125e-06 1.98008e-05 0.000101803 0.000356155 0.00091858 0.00181997 0.00290132 0.0039351 0.00478695 0.00543129 0.00588799 0.00617963 0.00632112 0.00632201 0.00618981 0.0059311 0.00555092 0.00505288 0.00444356 0.00374463 0.00301028 0.00235092 0.00210993 0.0037125 0.0103899 0.0250943 0.0395527 0.0418464 0.0340316 0.0164171 0.0053877 0.001211 0.000205963 2.97929e-05 3.98244e-06 5.25589e-07 6.41635e-08 6.19911e-09 3.31187e-10 0 
0 7.08422e-07 7.17656e-06 3.71538e-05 0.00013485 0.000374267 0.000824063 0.00148159 0.00224979 0.00299624 0.00362507 0.0040963 0.00440617 0.00456466 0.00458366 0.00447332 0.00424228 0.00390022 0.00346315 0.00296119 0.00244459 0.00197739 0.00161839 0.00153129 0.00272592 0.00767545 0.0181346 0.0302708 0.0340316 0.0246225 0.0121246 0.00399146 0.000896011 0.000149306 2.03947e-05 2.57425e-06 3.30669e-07 4.02729e-08 3.91329e-09 2.10464e-10 0 
0 2.3771e-07 2.36039e-06 1.21202e-05 4.44741e-05 0.000127997 0.000300336 0.00058829 0.000983258 0.00143633 0.00188003 0.00225599 0.00252827 0.00268178 0.00271522 0.00263555 0.00245601 0.00219717 0.00188923 0.00157268 0.00129378 0.00109208 0.000981568 0.000987897 0.00153517 0.00390676 0.00901544 0.0147726 0.0164171 0.0121246 0.0059923 0.0019827 0.000452634 7.64736e-05 1.04182e-05 1.32505e-06 1.73796e-07 2.16358e-08 2.14233e-09 1.17096e-10 0 
0 7.3051e-08 7.0733e-07 3.56748e-06 1.30107e-05 3.78135e-05 9.12684e-05 0.000187209 0.000332071 0.000517837 0.000721855 0.000914107 0.00106669 0.00116025 0.0011862 0.00114622 0.00105091 0.000918227 0.000771315 0.00063534 0.000533412 0.000482041 0.000485132 0.000537057 0.000723033 0.00143962 0.00305179 0.0048919 0.0053877 0.00399146 0.0019827 0.000668012 0.000158218 2.77591e-05 3.97915e-06 5.45908e-07 7.6614e-08 9.96352e-09 1.01704e-09 5.69813e-11 0 
0 2.05632e-08 1.93565e-07 9.53438e-07 3.42119e-06 9.87984e-06 2.39689e-05 5.00043e-05 9.11409e-05 0.000147042 0.00021253 0.000278344 0.00033374 0.000369625 0.00038091 0.000367499 0.000333998 0.000288449 0.000240525 0.000199683 0.00017382 0.000168601 0.000186563 0.000226143 0.000293635 0.000445892 0.000762033 0.00112653 0.001211 0.000896011 0.000452634 0.000158218 3.9363e-05 7.39835e-06 1.18782e-06 1.86114e-07 2.87405e-08 3.95297e-09 4.19399e-10 2.42543e-11 0 
0 5.2927e-09 4.83618e-08 2.31949e-07 8.14418e-07 2.31621e-06 5.57494e-06 1.16273e-05 2.13351e-05 3.48399e-05 5.1127e-05 6.80145e-05 8.26722e-05 9.24723e-05 9.58031e-05 9.25277e-05 8.39638e-05 7.24555e-05 6.07505e-05 5.14365e-05 4.6632e-05 4.79279e-05 5.62814e-05 7.15762e-05 9.31004e-05 0.000123275 0.000166375 0.00020723 0.000205963 0.000149306 7.64736e-05 2.77591e-05 7.39835e-06 1.57194e-06 2.99317e-07 5.47413e-08 9.31287e-09 1.35801e-09 1.50478e-10 9.02897e-12 0 
0 1.23938e-09 1.09887e-08 5.12534e-08 1.75638e-07 4.89748e-07 1.16172e-06 2.40058e-06 4.38614e-06 7.16208e-06 1.05415e-05 1.40887e-05 1.72113e-05 1.93371e-05 2.01015e-05 1.94647e-05 1.77163e-05 1.53783e-05 1.3061e-05 1.13377e-05 1.06797e-05 1.14413e-05 1.3824e-05 1.77334e-05 2.26398e-05 2.77624e-05 3.21698e-05 3.38125e-05 2.97929e-05 2.03947e-05 1.04182e-05 3.97915e-06 1.18782e-06 2.99317e-07 6.81792e-08 1.42224e-08 2.6243e-09 4.04719e-10 4.695e-11 2.93288e-12 0 
0 2.61249e-10 2.24834e-09 1.01972e-08 3.40751e-08 9.29797e-08 2.1669e-07 4.41737e-07 7.99379e-07 1.29737e-06 1.90346e-06 2.54142e-06 3.10627e-06 3.49518e-06 3.64174e-06 3.53835e-06 3.23805e-06 2.83733e-06 2.44987e-06 2.18336e-06 2.12632e-06 2.34175e-06 2.85422e-06 3.6168e-06 4.472e-06 5.16316e-06 5.41746e-06 5.03207e-06 3.98244e-06 2.57425e-06 1.32505e-06 5.45908e-07 1.86114e-07 5.47413e-08 1.42224e-08 3.25301e-09 6.40771e-10 1.04195e-10 1.2666e-11 8.25329e-13 0 
0 4.8532e-11 4.05767e-10 1.79064e-09 5.83571e-09 1.55756e-08 3.56227e-08 7.15107e-08 1.27862e-07 2.05683e-07 2.99941e-07 3.98995e-07 4.8686e-07 5.47864e-07 5.71867e-07 5.57759e-07 5.13861e-07 4.55374e-07 4.00381e-07 3.66151e-07 3.66692e-07 4.10938e-07 4.99756e-07 6.20564e-07 7.42419e-07 8.19947e-07 8.11802e-07 7.04728e-07 5.25589e-07 3.30669e-07 1.73796e-07 7.6614e-08 2.87405e-08 9.31287e-09 2.6243e-09 6.40771e-10 1.33463e-10 2.2827e-11 2.90712e-12 1.97724e-13 0 
0 7.60605e-12 6.18534e-11 2.6587e-10 8.45712e-10 2.20875e-09 4.95718e-09 9.79459e-09 1.72888e-08 2.75345e-08 3.98596e-08 5.27647e-08 6.42136e-08 7.222e-08 7.55051e-08 7.39461e-08 6.86371e-08 6.15776e-08 5.51637e-08 5.16904e-08 5.2966e-08 5.99648e-08 7.23492e-08 8.78483e-08 1.01968e-07 1.08944e-07 1.04323e-07 8.78493e-08 6.41635e-08 4.02729e-08 2.16358e-08 9.96352e-09 3.95297e-09 1.35801e-09 4.04719e-10 1.04195e-10 2.2827e-11 4.09673e-12 5.45993e-13 3.87481e-14 0 
0 9.07109e-13 7.18491e-12 3.01213e-11 9.36243e-11 2.39474e-10 5.27711e-10 1.0265e-09 1.78865e-09 2.81955e-09 4.05025e-09 5.33313e-09 6.47067e-09 7.27176e-09 7.61459e-09 7.48997e-09 7.00792e-09 6.36867e-09 5.81296e-09 5.57031e-09 5.81362e-09 6.61518e-09 7.89547e-09 9.37683e-09 1.05924e-08 1.10161e-08 1.03089e-08 8.54226e-09 6.19911e-09 3.91329e-09 2.14233e-09 1.01704e-09 4.19399e-10 1.50478e-10 4.695e-11 1.2666e-11 2.90712e-12 5.45993e-13 7.60149e-14 5.62295e-15 0 
0 5.87824e-14 4.54161e-13 1.85968e-12 5.65571e-12 1.41837e-11 3.07155e-11 5.88581e-11 1.01283e-10 1.58059e-10 2.25314e-10 2.95098e-10 3.56938e-10 4.00808e-10 4.20408e-10 4.15434e-10 3.91963e-10 3.60943e-10 3.35524e-10 3.28079e-10 3.47377e-10 3.95807e-10 4.6667e-10 5.427e-10 5.98373e-10 6.08155e-10 5.58712e-10 4.57677e-10 3.31187e-10 2.10464e-10 1.17096e-10 5.69813e-11 2.42543e-11 9.02897e-12 2.93288e-12 8.25329e-13 1.97724e-13 3.87481e-14 5.62295e-15 4.32869e-16 0 
0 0 0 0 0 0 0 0 0 0 0 0 0 0 0 0 0 0 0 0 0 0 0 0 0 0 0 0 0 0 0 0 0 0 0 0 0 0 0 0 0 
