0 0 0 0 0 0 0 0 0 0 0 0 0 0 0 0 0 0 0 0 0 0 0 0 0 0 0 0 0 0 0 0 0 0 0 0 0 0 0 0 0 
0 1.96142e-07 1.74925e-06 7.7151e-06 2.32987e-05 5.35404e-05 9.94211e-05 0.000156376 0.000216762 0.000273421 0.000321536 0.000358662 0.000383964 0.000397485 0.000399678 0.000391175 0.000372725 0.000345236 0.000309887 0.000268288 0.000222629 0.000175708 0.00013073 9.08177e-05 5.83488e-05 3.437e-05 1.84325e-05 8.95841e-06 3.93719e-06 1.5647e-06 5.63013e-07 1.83716e-07 5.44163e-08 1.46188e-08 3.54774e-09 7.70278e-10 1.46623e-10 2.34429e-11 2.84197e-12 1.86651e-13 0 
0 1.74925e-06 1.59563e-05 6.93042e-05 0.000195946 0.000402083 0.000648289 0.000882941 0.00107802 0.00122993 0.00134463 0.00142792 0.00148308 0.00151175 0.0015151 0.0014946 0.00145211 0.00138956 0.00130828 0.00120848 0.00108912 0.000948951 0.000788982 0.000615711 0.000442789 0.000288289 0.000167522 8.61368e-05 3.91009e-05 1.57161e-05 5.62645e-06 1.80576e-06 5.22187e-07 1.36376e-07 3.21071e-08 6.75855e-09 1.24774e-09 1.93677e-10 2.28257e-11 1.45967e-12 0 
0 7.7151e-06 6.93042e-05 0.000277148 0.000670617 0.00113453 0.00153566 0.00185161 0.00211443 0.00234507 0.00254493 0.00270641 0.00282114 0.00288349 0.00289177 0.00284825 0.00275868 0.00263152 0.00247681 0.00230463 0.00212294 0.0019346 0.00173444 0.00150915 0.00124471 0.000942682 0.000633871 0.000368423 0.000182682 7.73899e-05 2.83316e-05 9.09622e-06 2.59445e-06 6.62818e-07 1.51995e-07 3.11084e-08 5.58246e-09 8.42832e-10 9.67309e-11 6.03281e-12 0 
0 2.32987e-05 0.000195946 0.000670617 0.00131808 0.00188254 0.0023495 0.0027944 0.00323703 0.00365854 0.00403219 0.00433477 0.00454943 0.00466643 0.00468325 0.0046041 0.00443911 0.00420302 0.00391381 0.00359121 0.00325524 0.00292447 0.00261292 0.00232404 0.00204241 0.00173165 0.00135647 0.000930423 0.00053426 0.000251826 9.81593e-05 3.23686e-05 9.25353e-06 2.3353e-06 5.24904e-07 1.04911e-07 1.8361e-08 2.70371e-09 3.02895e-10 1.84627e-11 0 
0 5.35404e-05 0.000402083 0.00113453 0.00188254 0.00252459 0.00318107 0.00388048 0.004586 0.00525199 0.00583765 0.00630965 0.00664375 0.00682594 0.00685274 0.00673074 0.00647525 0.00610844 0.00565705 0.00515012 0.00461687 0.00408505 0.00357974 0.00312171 0.00272207 0.00236921 0.00201371 0.00158517 0.00107343 0.000587833 0.00025493 8.92102e-05 2.61005e-05 6.58976e-06 1.46341e-06 2.87193e-07 4.92211e-08 7.09262e-09 7.7782e-10 4.64539e-11 0 
0 9.94211e-05 0.000648289 0.00153566 0.0023495 0.00318107 0.00411547 0.0051123 0.00610874 0.00704438 0.00786497 0.00852539 0.00899256 0.00924731 0.00928498 0.00911476 0.00875791 0.00824504 0.00761303 0.00690167 0.00615065 0.00539705 0.00467362 0.0040081 0.00342275 0.0029301 0.00251625 0.00211472 0.00162533 0.00103995 0.000517198 0.000198215 6.07139e-05 1.55557e-05 3.4436e-06 6.67568e-07 1.12546e-07 1.59277e-08 1.71519e-09 1.00642e-10 0 
0 0.000156376 0.000882941 0.00185161 0.0027944 0.00388048 0.0051123 0.00641681 0.0077159 0.00893365 0.0100007 0.0108589 0.011466 0.011797 0.0118458 0.0116242 0.0111601 0.0104932 0.00967113 0.00874512 0.00776615 0.00678152 0.00583242 0.00495268 0.00416882 0.00350066 0.00295636 0.00250824 0.00205825 0.0014891 0.000852029 0.000365046 0.000119423 3.1483e-05 7.00933e-06 1.35033e-06 2.2495e-07 3.13818e-08 3.32891e-09 1.92449e-10 0 
0 0.000216762 0.00107802 0.00211443 0.00323703 0.004586 0.00610874 0.0077159 0.00931424 0.0108115 0.012123 0.0131797 0.0139317 0.0143459 0.0144071 0.0141282 0.0135494 0.012725 0.011713 0.0105738 0.00936897 0.00815588 0.00698447 0.00589508 0.00491818 0.00407568 0.00338193 0.00283359 0.00237045 0.00185017 0.00119201 0.000573025 0.000202734 5.55989e-05 1.25449e-05 2.41466e-06 3.99141e-07 5.50822e-08 5.77348e-09 3.29761e-10 0 
0 0.000273421 0.00122993 0.00234507 0.00365854 0.00525199 0.00704438 0.00893365 0.0108115 0.0125703 0.0141149 0.0153744 0.0162904 0.0168032 0.0168797 0.0165334 0.0158202 0.0148239 0.0136229 0.0122819 0.0108658 0.00943949 0.008061 0.00677696 0.00562196 0.00461956 0.00378491 0.00312345 0.00260518 0.00211029 0.00148192 0.000789962 0.000303006 8.69741e-05 1.99949e-05 3.8617e-06 6.35646e-07 8.70479e-08 9.04133e-09 5.11543e-10 0 
0 0.000321536 0.00134463 0.00254493 0.00403219 0.00583765 0.00786497 0.0100007 0.012123 0.0141149 0.015883 0.0173448 0.0183853 0.0189348 0.0190131 0.0186469 0.0178524 0.0166963 0.0153042 0.0137743 0.0121711 0.0105586 0.00899965 0.00754627 0.00623683 0.00509666 0.00414075 0.00337636 0.00278955 0.00229074 0.00170046 0.00098464 0.000406663 0.000122207 2.86929e-05 5.57546e-06 9.16362e-07 1.24861e-07 1.28843e-08 7.23859e-10 0 
0 0.000358662 0.00142792 0.00270641 0.00433477 0.00630965 0.00852539 0.0108589 0.0131797 0.0153744 0.0173448 0.0189121 0.0199149 0.0204026 0.0204674 0.0201406 0.0193989 0.0182139 0.0166788 0.0149768 0.0132148 0.0114519 0.00974858 0.00815998 0.00672749 0.00547794 0.00442627 0.0035794 0.00293039 0.00241255 0.00185022 0.00113757 0.000499123 0.000156228 3.74305e-05 7.32537e-06 1.20437e-06 1.63631e-07 1.68124e-08 9.39991e-10 0 
0 0.000383964 0.00148308 0.00282114 0.00454943 0.00664375 0.00899256 0.011466 0.0139317 0.0162904 0.0183853 0.0199149 0.0208191 0.0212493 0.0213032 0.0210083 0.0203383 0.0192252 0.0176589 0.0158328 0.0139464 0.0120748 0.01027 0.00858671 0.00706824 0.00574248 0.00462435 0.00372006 0.00302536 0.00248751 0.00194153 0.00124131 0.000568912 0.000183761 4.47659e-05 8.81925e-06 1.45189e-06 1.97017e-07 2.01946e-08 1.12588e-09 0 
0 0.000397485 0.00151175 0.00288349 0.00466643 0.00682594 0.00924731 0.011797 0.0143459 0.0168032 0.0189348 0.0204026 0.0212493 0.0216509 0.0216984 0.021417 0.0207823 0.0197224 0.0181777 0.0162953 0.0143345 0.0124016 0.0105422 0.00880839 0.00724425 0.00587813 0.00472489 0.00379024 0.00307075 0.00252072 0.00198378 0.00129564 0.000609263 0.0002007 4.94369e-05 9.78811e-06 1.61407e-06 2.19033e-07 2.24353e-08 1.24952e-09 0 
0 0.000399678 0.0015151 0.00289177 0.00468325 0.00685274 0.00928498 0.0118458 0.0144071 0.0168797 0.0190131 0.0204674 0.0213032 0.0216984 0.0217427 0.0214608 0.0208288 0.0197749 0.0182335 0.0163417 0.0143682 0.0124266 0.0105603 0.00882077 0.00725173 0.0058815 0.00472475 0.00378693 0.00306474 0.0025144 0.00198302 0.00130315 0.000617801 0.000204931 5.07109e-05 1.00678e-05 1.66294e-06 2.25913e-07 2.31592e-08 1.29075e-09 0 
0 0.000391175 0.0014946 0.00284825 0.0046041 0.00673074 0.00911476 0.0116242 0.0141282 0.0165334 0.0186469 0.0201406 0.0210083 0.021417 0.0214608 0.0211659 0.020507 0.0194138 0.0178488 0.0159869 0.0140624 0.012163 0.0103355 0.00863257 0.0070973 0.00575732 0.00462701 0.00371185 0.00300814 0.00246974 0.00194215 0.00126685 0.000595671 0.000196562 4.85564e-05 9.64518e-06 1.59577e-06 2.17258e-07 2.23252e-08 1.24736e-09 0 
0 0.000372725 0.00145211 0.00275868 0.00443911 0.00647525 0.00875791 0.0111601 0.0135494 0.0158202 0.0178524 0.0193989 0.0203383 0.0207823 0.0208288 0.020507 0.0197913 0.0186276 0.0170564 0.0152814 0.0134558 0.0116413 0.00989247 0.00826365 0.00679633 0.00551702 0.00443977 0.00357027 0.00290367 0.00238714 0.00186138 0.0011898 0.000546917 0.000177714 4.36071e-05 8.65418e-06 1.43483e-06 1.96039e-07 2.02293e-08 1.13533e-09 0 
0 0.000345236 0.00138956 0.00263152 0.00420302 0.00610844 0.00824504 0.0104932 0.012725 0.0148239 0.0166963 0.0182139 0.0192252 0.0197224 0.0197749 0.0194138 0.0186276 0.0174273 0.0159345 0.0142984 0.0126017 0.010904 0.00926641 0.00774224 0.00637064 0.00517675 0.00417432 0.00336934 0.00275421 0.00226507 0.00173884 0.00107615 0.000478239 0.000152009 3.69599e-05 7.32905e-06 1.21941e-06 1.67535e-07 1.74005e-08 9.83315e-10 0 
0 0.000309887 0.00130828 0.00247681 0.00391381 0.00565705 0.00761303 0.00967113 0.011713 0.0136229 0.0153042 0.0166788 0.0176589 0.0181777 0.0182335 0.0178488 0.0170564 0.0159345 0.0145914 0.013111 0.0115592 0.0100015 0.00849914 0.0071018 0.00584588 0.00475506 0.003843 0.00311568 0.0025601 0.00209838 0.00157206 0.000933176 0.000398777 0.000123861 2.98847e-05 5.9363e-06 9.9407e-07 1.37754e-07 1.44438e-08 8.24228e-10 0 
0 0.000268288 0.00120848 0.00230463 0.00359121 0.00515012 0.00690167 0.00874512 0.0105738 0.0122819 0.0137743 0.0149768 0.0158328 0.0162953 0.0163417 0.0159869 0.0152814 0.0142984 0.013111 0.0117861 0.0103903 0.0089879 0.00763534 0.00637783 0.00524872 0.00427042 0.00345663 0.00281218 0.00231564 0.00187789 0.00136187 0.000773655 0.000319379 9.76449e-05 2.35409e-05 4.7113e-06 7.97801e-07 1.11948e-07 1.18885e-08 6.86892e-10 0 
0 0.000222629 0.00108912 0.00212294 0.00325524 0.00461687 0.00615065 0.00776615 0.00936897 0.0108658 0.0121711 0.0132148 0.0139464 0.0143345 0.0143682 0.0140624 0.0134558 0.0126017 0.0115592 0.0103903 0.0091568 0.00791644 0.00671906 0.00560499 0.00460458 0.00373907 0.00302179 0.00245443 0.00200752 0.00159519 0.00111915 0.000616637 0.000250989 7.69384e-05 1.87782e-05 3.81815e-06 6.57161e-07 9.3646e-08 1.00862e-08 5.90194e-10 0 
0 0.000175708 0.000948951 0.0019346 0.00292447 0.00408505 0.00539705 0.00678152 0.00815588 0.00943949 0.0105586 0.0114519 0.0120748 0.0124016 0.0124266 0.012163 0.0116413 0.010904 0.0100015 0.0089879 0.00791644 0.0068365 0.00579099 0.00481508 0.00393602 0.00317363 0.00253967 0.00203239 0.00162516 0.00125853 0.000870685 0.00048392 0.000202253 6.39776e-05 1.60547e-05 3.33656e-06 5.83921e-07 8.42722e-08 9.16503e-09 5.40253e-10 0 
0 0.00013073 0.000788982 0.00173444 0.00261292 0.00357974 0.00467362 0.00583242 0.00698447 0.008061 0.00899965 0.00974858 0.01027 0.0105422 0.0105603 0.0103355 0.00989247 0.00926641 0.00849914 0.00763534 0.00671906 0.00579099 0.00488671 0.00403598 0.00326311 0.00258759 0.00202229 0.00156842 0.00121167 0.000921652 0.000654468 0.000389993 0.000176512 5.93273e-05 1.54299e-05 3.26355e-06 5.75148e-07 8.31162e-08 9.02384e-09 5.30107e-10 0 
0 9.08177e-05 0.000615711 0.00150915 0.00232404 0.00312171 0.0040081 0.00495268 0.00589508 0.00677696 0.00754627 0.00815998 0.00858671 0.00880839 0.00882077 0.00863257 0.00826365 0.00774224 0.0071018 0.00637783 0.00560499 0.00481508 0.00403598 0.00329255 0.00261193 0.00203191 0.00158954 0.00127142 0.00100585 0.000750337 0.000525735 0.000335133 0.000169294 6.15517e-05 1.65396e-05 3.51158e-06 6.13247e-07 8.7419e-08 9.35238e-09 5.41528e-10 0 
0 5.83488e-05 0.000442789 0.00124471 0.00204241 0.00272207 0.00342275 0.00416882 0.00491818 0.00562196 0.00623683 0.00672749 0.00706824 0.00724425 0.00725173 0.0070973 0.00679633 0.00637064 0.00584588 0.00524872 0.00460458 0.00393602 0.00326311 0.00261193 0.00204725 0.00170576 0.00168809 0.00182632 0.00173644 0.00127568 0.000723906 0.000363318 0.000176262 6.76199e-05 1.85733e-05 3.90207e-06 6.66268e-07 9.26885e-08 9.69088e-09 5.49583e-10 0 
0 3.437e-05 0.000288289 0.000942682 0.00173165 0.00236921 0.0029301 0.00350066 0.00407568 0.00461956 0.00509666 0.00547794 0.00574248 0.00587813 0.0058815 0.00575732 0.00551702 0.00517675 0.00475506 0.00427042 0.00373907 0.00317363 0.00258759 0.00203191 0.00170576 0.00200426 0.00315973 0.00456732 0.00495434 0.00358956 0.00182711 0.000675875 0.000225076 7.63129e-05 2.05137e-05 4.19105e-06 6.93478e-07 9.37555e-08 9.56132e-09 5.30655e-10 0 
0 1.84325e-05 0.000167522 0.000633871 0.00135647 0.00201371 0.00251625 0.00295636 0.00338193 0.00378491 0.00414075 0.00442627 0.00462435 0.00472489 0.00472475 0.00462701 0.00443977 0.00417432 0.003843 0.00345663 0.00302179 0.00253967 0.00202229 0.00158954 0.00168809 0.00315973 0.00656963 0.011708 0.013207 0.00893878 0.00421622 0.00142732 0.000361161 9.0277e-05 2.15622e-05 4.1541e-06 6.6055e-07 8.68263e-08 8.66353e-09 4.7222e-10 0 
0 8.95841e-06 8.61368e-05 0.000368423 0.000930423 0.00158517 0.00211472 0.00250824 0.00283359 0.00312345 0.00337636 0.0035794 0.00372006 0.00379024 0.00378693 0.00371185 0.00357027 0.00336934 0.00311568 0.00281218 0.00245443 0.00203239 0.00156842 0.00127142 0.00182632 0.00456732 0.011708 0.0154613 0.0158895 0.0145069 0.00742275 0.00228778 0.000528279 0.000104776 2.09221e-05 3.6781e-06 5.5805e-07 7.15946e-08 7.03576e-09 3.79079e-10 0 
0 3.93719e-06 3.91009e-05 0.000182682 0.00053426 0.00107343 0.00162533 0.00205825 0.00237045 0.00260518 0.00278955 0.00293039 0.00302536 0.00307075 0.00306474 0.00300814 0.00290367 0.00275421 0.0025601 0.00231564 0.00200752 0.00162516 0.00121167 0.00100585 0.00173644 0.00495434 0.013207 0.0158895 0.0162236 0.0151141 0.00885986 0.00251965 0.000567187 0.000101766 1.76051e-05 2.81366e-06 4.08609e-07 5.16039e-08 5.0411e-09 2.70735e-10 0 
0 1.5647e-06 1.57161e-05 7.73899e-05 0.000251826 0.000587833 0.00103995 0.0014891 0.00185017 0.00211029 0.00229074 0.00241255 0.00248751 0.00252072 0.0025144 0.00246974 0.00238714 0.00226507 0.00209838 0.00187789 0.00159519 0.00125853 0.000921652 0.000750337 0.00127568 0.00358956 0.00893878 0.0145069 0.0151141 0.0126114 0.0057043 0.00186668 0.000420183 7.41075e-05 1.19409e-05 1.79493e-06 2.5478e-07 3.21425e-08 3.15663e-09 1.70564e-10 0 
0 5.63013e-07 5.62645e-06 2.83316e-05 9.81593e-05 0.00025493 0.000517198 0.000852029 0.00119201 0.00148192 0.00170046 0.00185022 0.00194153 0.00198378 0.00198302 0.00194215 0.00186138 0.00173884 0.00157206 0.00136187 0.00111915 0.000870685 0.000654468 0.000525735 0.000723906 0.00182711 0.00421622 0.00742275 0.00885986 0.0057043 0.0028024 0.000927388 0.000213887 3.90591e-05 6.24365e-06 9.32706e-07 1.33991e-07 1.7208e-08 1.71938e-09 9.43493e-11 0 
0 1.83716e-07 1.80576e-06 9.09622e-06 3.23686e-05 8.92102e-05 0.000198215 0.000365046 0.000573025 0.000789962 0.00098464 0.00113757 0.00124131 0.00129564 0.00130315 0.00126685 0.0011898 0.00107615 0.000933176 0.000773655 0.000616637 0.00048392 0.000389993 0.000335133 0.000363318 0.000675875 0.00142732 0.00228778 0.00251965 0.00186668 0.000927388 0.000313768 7.70483e-05 1.50139e-05 2.50976e-06 3.94996e-07 5.95077e-08 7.91829e-09 8.1372e-10 4.5734e-11 0 
0 5.44163e-08 5.22187e-07 2.59445e-06 9.25353e-06 2.61005e-05 6.07139e-05 0.000119423 0.000202734 0.000303006 0.000406663 0.000499123 0.000568912 0.000609263 0.000617801 0.000595671 0.000546917 0.000478239 0.000398777 0.000319379 0.000250989 0.000202253 0.000176512 0.000169294 0.000176262 0.000225076 0.000361161 0.000528279 0.000567187 0.000420183 0.000213887 7.70483e-05 2.06388e-05 4.36955e-06 8.04152e-07 1.39466e-07 2.25345e-08 3.14273e-09 3.34917e-10 1.94158e-11 0 
0 1.46188e-08 1.36376e-07 6.62818e-07 2.3353e-06 6.58976e-06 1.55557e-05 3.1483e-05 5.55989e-05 8.69741e-05 0.000122207 0.000156228 0.000183761 0.0002007 0.000204931 0.000196562 0.000177714 0.000152009 0.000123861 9.76449e-05 7.69384e-05 6.39776e-05 5.93273e-05 6.15517e-05 6.76199e-05 7.63129e-05 9.0277e-05 0.000104776 0.000101766 7.41075e-05 3.90591e-05 1.50139e-05 4.36955e-06 1.03555e-06 2.17839e-07 4.22623e-08 7.35571e-09 1.0802e-09 1.20024e-10 7.21503e-12 0 
0 3.54774e-09 3.21071e-08 1.51995e-07 5.24904e-07 1.46341e-06 3.4436e-06 7.00933e-06 1.25449e-05 1.99949e-05 2.86929e-05 3.74305e-05 4.47659e-05 4.94369e-05 5.07109e-05 4.85564e-05 4.36071e-05 3.69599e-05 2.98847e-05 2.35409e-05 1.87782e-05 1.60547e-05 1.54299e-05 1.65396e-05 1.85733e-05 2.05137e-05 2.15622e-05 2.09221e-05 1.76051e-05 1.19409e-05 6.24365e-06 2.50976e-06 8.04152e-07 2.17839e-07 5.2253e-08 1.11779e-08 2.08136e-09 3.22022e-10 3.74214e-11 2.34095e-12 0 
0 7.70278e-10 6.75855e-09 3.11084e-08 1.04911e-07 2.87193e-07 6.67568e-07 1.35033e-06 2.41466e-06 3.8617e-06 5.57546e-06 7.32537e-06 8.81925e-06 9.78811e-06 1.00678e-05 9.64518e-06 8.65418e-06 7.32905e-06 5.9363e-06 4.7113e-06 3.81815e-06 3.33656e-06 3.26355e-06 3.51158e-06 3.90207e-06 4.19105e-06 4.1541e-06 3.6781e-06 2.81366e-06 1.79493e-06 9.32706e-07 3.94996e-07 1.39466e-07 4.22623e-08 1.11779e-08 2.57699e-09 5.0918e-10 8.29228e-11 1.00916e-11 6.58282e-13 0 
0 1.46623e-10 1.24774e-09 5.58246e-09 1.8361e-08 4.92211e-08 1.12546e-07 2.2495e-07 3.99141e-07 6.35646e-07 9.16362e-07 1.20437e-06 1.45189e-06 1.61407e-06 1.66294e-06 1.59577e-06 1.43483e-06 1.21941e-06 9.9407e-07 7.97801e-07 6.57161e-07 5.83921e-07 5.75148e-07 6.13247e-07 6.66268e-07 6.93478e-07 6.6055e-07 5.5805e-07 4.08609e-07 2.5478e-07 1.33991e-07 5.95077e-08 2.25345e-08 7.35571e-09 2.08136e-09 5.0918e-10 1.06162e-10 1.81713e-11 2.31595e-12 1.57643e-13 0 
0 2.34429e-11 1.93677e-10 8.42832e-10 2.70371e-09 7.09262e-09 1.59277e-08 3.13818e-08 5.50822e-08 8.70479e-08 1.24861e-07 1.63631e-07 1.97017e-07 2.19033e-07 2.25913e-07 2.17258e-07 1.96039e-07 1.67535e-07 1.37754e-07 1.11948e-07 9.3646e-08 8.42722e-08 8.31162e-08 8.7419e-08 9.26885e-08 9.37555e-08 8.68263e-08 7.15946e-08 5.16039e-08 3.21425e-08 1.7208e-08 7.91829e-09 3.14273e-09 1.0802e-09 3.22022e-10 8.29228e-11 1.81713e-11 3.26238e-12 4.35e-13 3.08885e-14 0 
0 2.84197e-12 2.28257e-11 9.67309e-11 3.02895e-10 7.7782e-10 1.71519e-09 3.32891e-09 5.77348e-09 9.04133e-09 1.28843e-08 1.68124e-08 2.01946e-08 2.24353e-08 2.31592e-08 2.23252e-08 2.02293e-08 1.74005e-08 1.44438e-08 1.18885e-08 1.00862e-08 9.16503e-09 9.02384e-09 9.35238e-09 9.69088e-09 9.56132e-09 8.66353e-09 7.03576e-09 5.0411e-09 3.15663e-09 1.71938e-09 8.1372e-10 3.34917e-10 1.20024e-10 3.74214e-11 1.00916e-11 2.31595e-12 4.35e-13 6.05765e-14 4.48256e-15 0 
0 1.86651e-13 1.45967e-12 6.03281e-12 1.84627e-11 4.64539e-11 1.00642e-10 1.92449e-10 3.29761e-10 5.11543e-10 7.23859e-10 9.39991e-10 1.12588e-09 1.24952e-09 1.29075e-09 1.24736e-09 1.13533e-09 9.83315e-10 8.24228e-10 6.86892e-10 5.90194e-10 5.40253e-10 5.30107e-10 5.41528e-10 5.49583e-10 5.30655e-10 4.7222e-10 3.79079e-10 2.70735e-10 1.70564e-10 9.43493e-11 4.5734e-11 1.94158e-11 7.21503e-12 2.34095e-12 6.58282e-13 1.57643e-13 3.08885e-14 4.48256e-15 3.4514e-16 0 
0 0 0 0 0 0 0 0 0 0 0 0 0 0 0 0 0 0 0 0 0 0 0 0 0 0 0 0 0 0 0 0 0 0 0 0 0 0 0 0 0 
