0 0 0 0 0 0 0 0 0 0 0 0 0 0 0 0 0 0 0 0 0 0 0 0 0 0 0 0 0 0 0 0 0 0 0 0 0 0 0 0 0 
0 1.9359e-07 1.69891e-06 7.25974e-06 2.09095e-05 4.53151e-05 7.9042e-05 0.00011712 0.000154086 0.000186217 0.000211846 0.000230676 0.000243036 0.000249427 0.000250311 0.000246053 0.000236925 0.000223149 0.00020497 0.000182776 0.000157254 0.000129529 0.000101211 7.42553e-05 5.06038e-05 3.16988e-05 1.80846e-05 9.33145e-06 4.3364e-06 1.8122e-06 6.8144e-07 2.30927e-07 7.06186e-08 1.94834e-08 4.83337e-09 1.06847e-09 2.06383e-10 3.3391e-11 4.08684e-12 2.70488e-13 0 
0 1.69891e-06 1.50851e-05 6.1996e-05 0.000161312 0.000300083 0.00043988 0.000553469 0.000637268 0.000698669 0.000744626 0.000778609 0.000801589 0.000813586 0.000814677 0.00080542 0.00078688 0.000760373 0.00072701 0.000687121 0.000639745 0.000582544 0.000512672 0.000428881 0.000334265 0.000237611 0.000151112 8.47689e-05 4.16494e-05 1.79227e-05 6.7893e-06 2.28042e-06 6.83711e-07 1.83721e-07 4.42337e-08 9.47643e-09 1.77378e-09 2.78316e-10 3.30792e-11 2.12948e-12 0 
0 7.25974e-06 6.1996e-05 0.000224816 0.000477055 0.000711247 0.000879019 0.00100664 0.00112181 0.00123139 0.00133074 0.00141276 0.0014716 0.0015037 0.00150794 0.00148545 0.00143931 0.00137417 0.00129578 0.00121047 0.00112417 0.00104105 0.00096116 0.00087804 0.000778628 0.000649455 0.000489875 0.000321756 0.000179294 8.40318e-05 3.33558e-05 1.13877e-05 3.3987e-06 8.97614e-07 2.10927e-07 4.3957e-08 7.99503e-09 1.2193e-09 1.41004e-10 8.84494e-12 0 
0 2.09095e-05 0.000161312 0.000477055 0.000804363 0.0010396 0.00124402 0.00146131 0.00168785 0.00190645 0.00210088 0.00225846 0.00237028 0.00243123 0.00243999 0.00239876 0.00231281 0.00218983 0.00203923 0.00187139 0.00169711 0.00152709 0.00137122 0.0012365 0.00112212 0.00101252 0.000876526 0.000687166 0.000458418 0.000249291 0.000109397 3.94104e-05 1.19866e-05 3.15561e-06 7.3002e-07 1.48839e-07 2.6414e-08 3.92809e-09 4.43189e-10 2.71544e-11 0 
0 4.53151e-05 0.000300083 0.000711247 0.0010396 0.00132986 0.00165966 0.00202202 0.00238935 0.00273631 0.00304143 0.00328734 0.00346141 0.00355633 0.0035703 0.00350673 0.00337362 0.00318251 0.00294734 0.00268323 0.00240543 0.00212846 0.00186578 0.00162976 0.00143097 0.00127359 0.00114373 0.00099837 0.000785727 0.00051139 0.000260381 0.000103293 3.29678e-05 8.80869e-06 2.02829e-06 4.07445e-07 7.09082e-08 1.03228e-08 1.13998e-09 6.84157e-11 0 
0 7.9042e-05 0.00043988 0.000879019 0.00124402 0.00165966 0.00214433 0.00266353 0.00318267 0.00367014 0.00409767 0.00444175 0.00468516 0.00481791 0.00483755 0.00474884 0.0045629 0.00429569 0.00396641 0.00359579 0.00320451 0.00281188 0.002435 0.00208849 0.00178504 0.00153575 0.00134584 0.00119835 0.001035 0.000786249 0.000472895 0.000213722 7.37243e-05 2.03894e-05 4.72984e-06 9.43425e-07 1.61886e-07 2.31683e-08 2.51307e-09 1.48178e-10 0 
0 0.00011712 0.000553469 0.00100664 0.00146131 0.00202202 0.00266353 0.00334318 0.00402 0.00465446 0.00521044 0.00565829 0.00597705 0.00615312 0.00617949 0.00606122 0.00581621 0.00546732 0.00503871 0.00455623 0.00404618 0.00353319 0.00303871 0.00258037 0.00217216 0.00182555 0.00155052 0.00134932 0.00119206 0.000995872 0.000693403 0.00036151 0.000137779 4.01501e-05 9.4935e-06 1.89452e-06 3.2226e-07 4.55297e-08 4.86792e-09 2.8286e-10 0 
0 0.000154086 0.000637268 0.00112181 0.00168785 0.00238935 0.00318267 0.00402 0.00485275 0.00563301 0.00631964 0.00688911 0.00732625 0.00758673 0.00762859 0.00745272 0.00710286 0.00664159 0.00610426 0.00550912 0.00488126 0.00424924 0.00363893 0.00307135 0.0025624 0.00212373 0.00176476 0.0014932 0.00130152 0.00113064 0.000873666 0.000519613 0.000220713 6.86105e-05 1.66928e-05 3.35468e-06 5.68392e-07 7.95834e-08 8.415e-09 4.83298e-10 0 
0 0.000186217 0.000698669 0.00123139 0.00190645 0.00273631 0.00367014 0.00465446 0.00563301 0.00655405 0.00739689 0.00816004 0.00872208 0.00900753 0.00905012 0.00886816 0.00844847 0.00782275 0.00712081 0.00640172 0.00566124 0.004918 0.0041998 0.00353081 0.00292906 0.00240685 0.00197271 0.00163404 0.00139301 0.00121623 0.000999508 0.00066062 0.000311101 0.00010362 2.60885e-05 5.30466e-06 8.98686e-07 1.25116e-07 1.31228e-08 7.46979e-10 0 
0 0.000211846 0.000744626 0.00133074 0.00210088 0.00304143 0.00409767 0.00521044 0.00631964 0.00739689 0.00845229 0.00925577 0.0096943 0.00989519 0.00992381 0.00979429 0.00948375 0.00892337 0.00809055 0.00719998 0.00634345 0.00550116 0.00468884 0.00393163 0.00324941 0.00265538 0.00215758 0.00176197 0.00147327 0.00127471 0.00108002 0.000769926 0.000395811 0.00014074 3.67088e-05 7.56987e-06 1.28565e-06 1.78443e-07 1.86129e-08 1.05263e-09 0 
0 0.000230676 0.000778609 0.00141276 0.00225846 0.00328734 0.00444175 0.00565829 0.00688911 0.00816004 0.00925577 0.00988354 0.010221 0.0103806 0.0104027 0.0102968 0.0100498 0.0096168 0.00889608 0.0078924 0.00689824 0.00596731 0.00507905 0.00425137 0.00350504 0.00285402 0.00230619 0.0018663 0.0015389 0.00131596 0.00112878 0.000845488 0.0004649 0.000174683 4.70433e-05 9.83742e-06 1.67713e-06 2.32507e-07 2.41693e-08 1.36094e-09 0 
0 0.000243036 0.000801589 0.0014716 0.00237028 0.00346141 0.00468516 0.00597705 0.00732625 0.00872208 0.0096943 0.010221 0.0105143 0.0106552 0.010674 0.0105783 0.0103589 0.00998302 0.00937182 0.00841132 0.00730509 0.00629416 0.00535076 0.0044737 0.00368257 0.00299185 0.00240934 0.00193901 0.00158466 0.00134228 0.00115552 0.000891358 0.000513143 0.00020083 5.5456e-05 1.17332e-05 2.00818e-06 2.78415e-07 2.88911e-08 1.62274e-09 0 
0 0.000249427 0.000813586 0.0015037 0.00243123 0.00355633 0.00481791 0.00615312 0.00758673 0.00900753 0.00989519 0.0103806 0.0106552 0.0107877 0.0108045 0.0107127 0.0105041 0.0101511 0.00958685 0.00868303 0.00753369 0.00646756 0.00549267 0.0045892 0.00377427 0.00306252 0.00246171 0.00197535 0.00160666 0.00135325 0.00116551 0.000912482 0.000538964 0.000216118 6.06224e-05 1.29276e-05 2.21958e-06 3.0795e-07 3.19432e-08 1.79255e-09 0 
0 0.000250311 0.000814677 0.00150794 0.00243999 0.0035703 0.00483755 0.00617949 0.00762859 0.00905012 0.00992381 0.0104027 0.010674 0.0108045 0.0108203 0.010728 0.0105198 0.0101688 0.00960971 0.00871393 0.00755765 0.00648138 0.00550216 0.00459565 0.00377817 0.00306428 0.00246163 0.00197358 0.00160314 0.00134822 0.00116107 0.000912388 0.000542748 0.000219244 6.18308e-05 1.32283e-05 2.27543e-06 3.16052e-07 3.28077e-08 1.84207e-09 0 
0 0.000246053 0.00080542 0.00148545 0.00239876 0.00350673 0.00474884 0.00606122 0.00745272 0.00886816 0.00979429 0.0102968 0.0105783 0.0107127 0.010728 0.0106314 0.0104143 0.0100466 0.00945614 0.0085177 0.00738035 0.00634173 0.00538495 0.00449759 0.00369771 0.00299958 0.00241072 0.00193455 0.00157427 0.00132708 0.00114279 0.000892652 0.000525701 0.000210517 5.9093e-05 1.26259e-05 2.17304e-06 3.02265e-07 3.14335e-08 1.76835e-09 0 
0 0.000236925 0.00078688 0.00143931 0.00231281 0.00337362 0.0045629 0.00581621 0.00710286 0.00844847 0.00948375 0.0100498 0.0103589 0.0105041 0.0105198 0.0104143 0.0101763 0.00976835 0.00910067 0.00809807 0.00703637 0.00606701 0.00515404 0.00430538 0.0035409 0.00287438 0.00231318 0.00186105 0.00152161 0.00129003 0.00110971 0.000853073 0.000489536 0.000191613 5.30842e-05 1.12858e-05 1.94185e-06 2.70647e-07 2.82307e-08 1.59367e-09 0 
0 0.000223149 0.000760373 0.00137417 0.00218983 0.00318251 0.00429569 0.00546732 0.00664159 0.00782275 0.00892337 0.0096168 0.00998302 0.0101511 0.0101688 0.0100466 0.00976835 0.00928047 0.00848897 0.00750786 0.00657297 0.0056814 0.00482783 0.00403373 0.00331912 0.00269711 0.00217493 0.00175695 0.00144713 0.00123655 0.00105899 0.000792275 0.000436841 0.000165352 4.49575e-05 9.49243e-06 1.63303e-06 2.28314e-07 2.39245e-08 1.35762e-09 0 
0 0.00020497 0.00072701 0.00129578 0.00203923 0.00294734 0.00396641 0.00503871 0.00610426 0.00712081 0.00809055 0.00889608 0.00937182 0.00958685 0.00960971 0.00945614 0.00910067 0.00848897 0.00767619 0.00684418 0.00602357 0.00521087 0.00442808 0.00370006 0.00304572 0.00247741 0.00200245 0.001626 0.00135169 0.00116364 0.000985247 0.000709003 0.000371842 0.000135405 3.60832e-05 7.57176e-06 1.30449e-06 1.83309e-07 1.9337e-08 1.10531e-09 0 
0 0.000182776 0.000687121 0.00121047 0.00187139 0.00268323 0.00359579 0.00455623 0.00550912 0.00640172 0.00719998 0.0078924 0.00841132 0.00868303 0.00871393 0.0085177 0.00809807 0.00750786 0.00684418 0.00614221 0.00541344 0.00468272 0.00397803 0.00332287 0.0027346 0.00222494 0.00180151 0.00147022 0.00123262 0.00106356 0.000881127 0.000604591 0.00030106 0.000105821 2.77674e-05 5.81495e-06 1.00673e-06 1.42598e-07 1.51806e-08 8.75934e-10 0 
0 0.000157254 0.000639745 0.00112417 0.00169711 0.00240543 0.00320451 0.00404618 0.00488126 0.00566124 0.00634345 0.00689824 0.00730509 0.00753369 0.00755765 0.00738035 0.00703637 0.00657297 0.00602357 0.00541344 0.00477072 0.00412449 0.00350065 0.00292022 0.00239901 0.00194822 0.00157582 0.00128758 0.0010808 0.000923387 0.000741365 0.000486355 0.000233129 8.03549e-05 2.10135e-05 4.42582e-06 7.73652e-07 1.10782e-07 1.19229e-08 6.95159e-10 0 
0 0.000129529 0.000582544 0.00104105 0.00152709 0.00212846 0.00281188 0.00353319 0.00424924 0.004918 0.00550116 0.00596731 0.00629416 0.00646756 0.00648138 0.00634173 0.00606701 0.0056814 0.00521087 0.00468272 0.00412449 0.00356184 0.00301712 0.00250867 0.00205073 0.00165396 0.00132613 0.00107104 0.000882681 0.000733798 0.000572657 0.000369445 0.000177048 6.17067e-05 1.63795e-05 3.49989e-06 6.19548e-07 8.96733e-08 9.7396e-09 5.72273e-10 0 
0 0.000101211 0.000512672 0.00096116 0.00137122 0.00186578 0.002435 0.00303871 0.00363893 0.0041998 0.00468884 0.00507905 0.00535076 0.00549267 0.00550216 0.00538495 0.00515404 0.00482783 0.00442808 0.00397803 0.00350065 0.00301712 0.00254599 0.00210279 0.00170031 0.00134925 0.00105735 0.000826592 0.000651834 0.000520151 0.000404014 0.000271911 0.000138599 5.08557e-05 1.39395e-05 3.02937e-06 5.40592e-07 7.85133e-08 8.53607e-09 5.01378e-10 0 
0 7.42553e-05 0.000428881 0.00087804 0.0012365 0.00162976 0.00208849 0.00258037 0.00307135 0.00353081 0.00393163 0.00425137 0.0044737 0.0045892 0.00459565 0.00449759 0.00430538 0.00403373 0.00370006 0.00332287 0.00292022 0.00250867 0.00210279 0.00171559 0.00136142 0.00105987 0.000829781 0.000664322 0.000527042 0.000397865 0.000291196 0.00020454 0.000116463 4.66222e-05 1.33029e-05 2.91788e-06 5.1815e-07 7.45058e-08 8.00964e-09 4.65236e-10 0 
0 5.06038e-05 0.000334265 0.000778628 0.00112212 0.00143097 0.00178504 0.00217216 0.0025624 0.00292906 0.00324941 0.00350504 0.00368257 0.00377427 0.00377817 0.00369771 0.0035409 0.00331912 0.00304572 0.0027346 0.00239901 0.00205073 0.00170031 0.00136142 0.00106739 0.000889069 0.000879575 0.000951537 0.000904708 0.000664727 0.000378218 0.000196217 0.000106326 4.6064e-05 1.36825e-05 2.99656e-06 5.22531e-07 7.35132e-08 7.7387e-09 4.4102e-10 0 
0 3.16988e-05 0.000237611 0.000649455 0.00101252 0.00127359 0.00153575 0.00182555 0.00212373 0.00240685 0.00265538 0.00285402 0.00299185 0.00306252 0.00306428 0.00299958 0.00287438 0.00269711 0.00247741 0.00222494 0.00194822 0.00165396 0.00134925 0.00105987 0.000889069 0.00104424 0.00164623 0.00247556 0.00289977 0.00187109 0.000951936 0.000352603 0.000122332 4.72607e-05 1.41539e-05 3.05805e-06 5.19336e-07 7.11109e-08 7.30584e-09 4.07615e-10 0 
0 1.80846e-05 0.000151112 0.000489875 0.000876526 0.00114373 0.00134584 0.00155052 0.00176476 0.00197271 0.00215758 0.00230619 0.00240934 0.00246171 0.00246163 0.00241072 0.00231318 0.00217493 0.00200245 0.00180151 0.00157582 0.00132613 0.00105735 0.000829781 0.000879575 0.00164623 0.00356262 0.00641839 0.0067896 0.00517964 0.0021975 0.000743645 0.000189337 5.16131e-05 1.40759e-05 2.92597e-06 4.80938e-07 6.41205e-08 6.44513e-09 3.53058e-10 0 
0 9.33145e-06 8.47689e-05 0.000321756 0.000687166 0.00099837 0.00119835 0.00134932 0.0014932 0.00163404 0.00176197 0.0018663 0.00193901 0.00197535 0.00197358 0.00193455 0.00186105 0.00175695 0.001626 0.00147022 0.00128758 0.00107104 0.000826592 0.000664322 0.000951537 0.00247556 0.00641839 0.00741736 0.00754482 0.00706489 0.00436868 0.00119195 0.000275527 5.73023e-05 1.3062e-05 2.52342e-06 3.99123e-07 5.20297e-08 5.14971e-09 2.78709e-10 0 
0 4.3364e-06 4.16494e-05 0.000179294 0.000458418 0.000785727 0.001035 0.00119206 0.00130152 0.00139301 0.00147327 0.0015389 0.00158466 0.00160666 0.00160314 0.00157427 0.00152161 0.00144713 0.00135169 0.00123262 0.0010808 0.000882681 0.000651834 0.000527042 0.000904708 0.00289977 0.0067896 0.00754482 0.00764587 0.00725982 0.00520282 0.00131396 0.00029567 5.48773e-05 1.07126e-05 1.89691e-06 2.89008e-07 3.71386e-08 3.65279e-09 1.96949e-10 0 
0 1.8122e-06 1.79227e-05 8.40318e-05 0.000249291 0.00051139 0.000786249 0.000995872 0.00113064 0.00121623 0.00127471 0.00131596 0.00134228 0.00135325 0.00134822 0.00132708 0.00129003 0.00123655 0.00116364 0.00106356 0.000923387 0.000733798 0.000520151 0.000397865 0.000664727 0.00187109 0.00517964 0.00706489 0.00725982 0.00666257 0.00316449 0.000972545 0.000219174 4.01358e-05 7.2395e-06 1.20238e-06 1.79216e-07 2.30012e-08 2.27287e-09 1.23227e-10 0 
0 6.8144e-07 6.7893e-06 3.33558e-05 0.000109397 0.000260381 0.000472895 0.000693403 0.000873666 0.000999508 0.00108002 0.00112878 0.00115552 0.00116551 0.00116107 0.00114279 0.00110971 0.00105899 0.000985247 0.000881127 0.000741365 0.000572657 0.000404014 0.000291196 0.000378218 0.000951936 0.0021975 0.00436868 0.00520282 0.00316449 0.00146006 0.000483193 0.000112061 2.16139e-05 3.84633e-06 6.27903e-07 9.41928e-08 1.22773e-08 1.23306e-09 6.78533e-11 0 
0 2.30927e-07 2.28042e-06 1.13877e-05 3.94104e-05 0.000103293 0.000213722 0.00036151 0.000519613 0.00066062 0.000769926 0.000845488 0.000891358 0.000912482 0.000912388 0.000892652 0.000853073 0.000792275 0.000709003 0.000604591 0.000486355 0.000369445 0.000271911 0.00020454 0.000196217 0.000352603 0.000743645 0.00119195 0.00131396 0.000972545 0.000483193 0.000163816 4.12133e-05 8.65984e-06 1.59461e-06 2.69463e-07 4.19436e-08 5.64216e-09 5.82083e-10 3.27894e-11 0 
0 7.06186e-08 6.83711e-07 3.3987e-06 1.19866e-05 3.29678e-05 7.37243e-05 0.000137779 0.000220713 0.000311101 0.000395811 0.0004649 0.000513143 0.000538964 0.000542748 0.000525701 0.000489536 0.000436841 0.000371842 0.00030106 0.000233129 0.000177048 0.000138599 0.000116463 0.000106326 0.000122332 0.000189337 0.000275527 0.00029567 0.000219174 0.000112061 4.12133e-05 1.16511e-05 2.67146e-06 5.30901e-07 9.66708e-08 1.59415e-08 2.23834e-09 2.3919e-10 1.38912e-11 0 
0 1.94834e-08 1.83721e-07 8.97614e-07 3.15561e-06 8.80869e-06 2.03894e-05 4.01501e-05 6.86105e-05 0.00010362 0.00014074 0.000174683 0.00020083 0.000216118 0.000219244 0.000210517 0.000191613 0.000165352 0.000135405 0.000105821 8.03549e-05 6.17067e-05 5.08557e-05 4.66222e-05 4.6064e-05 4.72607e-05 5.16131e-05 5.73023e-05 5.48773e-05 4.01358e-05 2.16139e-05 8.65984e-06 2.67146e-06 6.74065e-07 1.48958e-07 2.96773e-08 5.21889e-09 7.69236e-10 8.56296e-11 5.15472e-12 0 
0 4.83337e-09 4.42337e-08 2.10927e-07 7.3002e-07 2.02829e-06 4.72984e-06 9.4935e-06 1.66928e-05 2.60885e-05 3.67088e-05 4.70433e-05 5.5456e-05 6.06224e-05 6.18308e-05 5.9093e-05 5.30842e-05 4.49575e-05 3.60832e-05 2.77674e-05 2.10135e-05 1.63795e-05 1.39395e-05 1.33029e-05 1.36825e-05 1.41539e-05 1.40759e-05 1.3062e-05 1.07126e-05 7.2395e-06 3.84633e-06 1.59461e-06 5.30901e-07 1.48958e-07 3.65688e-08 7.91e-09 1.47929e-09 2.29309e-10 2.66809e-11 1.6709e-12 0 
0 1.06847e-09 9.47643e-09 4.3957e-08 1.48839e-07 4.07445e-07 9.43425e-07 1.89452e-06 3.35468e-06 5.30466e-06 7.56987e-06 9.83742e-06 1.17332e-05 1.29276e-05 1.32283e-05 1.26259e-05 1.12858e-05 9.49243e-06 7.57176e-06 5.81495e-06 4.42582e-06 3.49989e-06 3.02937e-06 2.91788e-06 2.99656e-06 3.05805e-06 2.92597e-06 2.52342e-06 1.89691e-06 1.20238e-06 6.27903e-07 2.69463e-07 9.66708e-08 2.96773e-08 7.91e-09 1.83021e-09 3.62229e-10 5.90513e-11 7.19272e-12 4.69583e-13 0 
0 2.06383e-10 1.77378e-09 7.99503e-09 2.6414e-08 7.09082e-08 1.61886e-07 3.2226e-07 5.68392e-07 8.98686e-07 1.28565e-06 1.67713e-06 2.00818e-06 2.21958e-06 2.27543e-06 2.17304e-06 1.94185e-06 1.63303e-06 1.30449e-06 1.00673e-06 7.73652e-07 6.19548e-07 5.40592e-07 5.1815e-07 5.22531e-07 5.19336e-07 4.80938e-07 3.99123e-07 2.89008e-07 1.79216e-07 9.41928e-08 4.19436e-08 1.59415e-08 5.21889e-09 1.47929e-09 3.62229e-10 7.55696e-11 1.29423e-11 1.65048e-12 1.12416e-13 0 
0 3.3391e-11 2.78316e-10 1.2193e-09 3.92809e-09 1.03228e-08 2.31683e-08 4.55297e-08 7.95834e-08 1.25116e-07 1.78443e-07 2.32507e-07 2.78415e-07 3.0795e-07 3.16052e-07 3.02265e-07 2.70647e-07 2.28314e-07 1.83309e-07 1.42598e-07 1.10782e-07 8.96733e-08 7.85133e-08 7.45058e-08 7.35132e-08 7.11109e-08 6.41205e-08 5.20297e-08 3.71386e-08 2.30012e-08 1.22773e-08 5.64216e-09 2.23834e-09 7.69236e-10 2.29309e-10 5.90513e-11 1.29423e-11 2.32422e-12 3.10023e-13 2.2024e-14 0 
0 4.08684e-12 3.30792e-11 1.41004e-10 4.43189e-10 1.13998e-09 2.51307e-09 4.86792e-09 8.415e-09 1.31228e-08 1.86129e-08 2.41693e-08 2.88911e-08 3.19432e-08 3.28077e-08 3.14335e-08 2.82307e-08 2.39245e-08 1.9337e-08 1.51806e-08 1.19229e-08 9.7396e-09 8.53607e-09 8.00964e-09 7.7387e-09 7.30584e-09 6.44513e-09 5.14971e-09 3.65279e-09 2.27287e-09 1.23306e-09 5.82083e-10 2.3919e-10 8.56296e-11 2.66809e-11 7.19272e-12 1.65048e-12 3.10023e-13 4.31805e-14 3.19618e-15 0 
0 2.70488e-13 2.12948e-12 8.84494e-12 2.71544e-11 6.84157e-11 1.48178e-10 2.8286e-10 4.83298e-10 7.46979e-10 1.05263e-09 1.36094e-09 1.62274e-09 1.79255e-09 1.84207e-09 1.76835e-09 1.59367e-09 1.35762e-09 1.10531e-09 8.75934e-10 6.95159e-10 5.72273e-10 5.01378e-10 4.65236e-10 4.4102e-10 4.07615e-10 3.53058e-10 2.78709e-10 1.96949e-10 1.23227e-10 6.78533e-11 3.27894e-11 1.38912e-11 5.15472e-12 1.6709e-12 4.69583e-13 1.12416e-13 2.2024e-14 3.19618e-15 2.46128e-16 0 
0 0 0 0 0 0 0 0 0 0 0 0 0 0 0 0 0 0 0 0 0 0 0 0 0 0 0 0 0 0 0 0 0 0 0 0 0 0 0 0 0 
