0 0 0 0 0 0 0 0 0 0 0 0 0 0 0 0 0 0 0 0 0 0 0 0 0 0 0 0 0 0 0 0 0 0 0 0 0 0 0 0 0 
0 1.26145e-07 1.15069e-06 5.30979e-06 1.71928e-05 4.32292e-05 8.87997e-05 0.000154522 0.000234912 0.000320459 0.000401066 0.000468525 0.000517398 0.000544846 0.000550103 0.000533993 0.000498627 0.00044724 0.000384107 0.000314376 0.000243726 0.000177723 0.000120977 7.63068e-05 4.43065e-05 2.35611e-05 1.14376e-05 5.06151e-06 2.04229e-06 7.52244e-07 2.53324e-07 7.80905e-08 2.20399e-08 5.68546e-09 1.33385e-09 2.81601e-10 5.23806e-11 8.218e-12 9.80957e-13 6.36143e-14 0 
0 1.15069e-06 1.0878e-05 5.09954e-05 0.00016273 0.000389407 0.000738543 0.00116552 0.00160221 0.00199458 0.00231524 0.00255592 0.00271721 0.00280251 0.00281587 0.00276151 0.00264377 0.00246703 0.00223604 0.00195705 0.00164 0.00130122 0.000964716 0.000659099 0.000409708 0.000229497 0.000115226 5.18124e-05 2.09216e-05 7.62143e-06 2.51721e-06 7.56901e-07 2.07707e-07 5.20126e-08 1.18399e-08 2.4261e-09 4.38373e-10 6.68884e-11 7.77585e-12 4.91826e-13 0 
0 5.30979e-06 5.09954e-05 0.000233934 0.000693312 0.00146687 0.00239962 0.00329057 0.00404594 0.00466138 0.00515323 0.00552898 0.0057875 0.00592605 0.00594515 0.00585056 0.00565298 0.00536624 0.00500427 0.00457739 0.00408914 0.00353637 0.00291712 0.00224756 0.001578 0.000986307 0.000539933 0.000257341 0.000107187 3.93949e-05 1.29209e-05 3.81879e-06 1.02381e-06 2.49669e-07 5.52721e-08 1.10127e-08 1.93603e-09 2.87712e-10 3.26185e-11 2.01497e-12 0 
0 1.71928e-05 0.00016273 0.000693312 0.00178636 0.00318649 0.00450689 0.00564482 0.00665307 0.00755858 0.0083434 0.00897384 0.00941978 0.00966259 0.00969751 0.00953337 0.00919098 0.00870033 0.00809721 0.00741879 0.00669778 0.0059542 0.00518567 0.00436419 0.0034576 0.00248467 0.00155773 0.000829239 0.000372225 0.000142399 4.73213e-05 1.39184e-05 3.67391e-06 8.76982e-07 1.8951e-07 3.6821e-08 6.31296e-09 9.15638e-10 1.0143e-10 6.1302e-12 0 
0 4.32292e-05 0.000389407 0.00146687 0.00318649 0.00493294 0.00650861 0.00801966 0.00949415 0.0108759 0.0120892 0.0130668 0.0137588 0.0141361 0.0141916 0.0139389 0.0134098 0.0126501 0.0117152 0.0106649 0.00955874 0.00845026 0.00737888 0.00635474 0.00533977 0.00425425 0.00305978 0.001879 0.000949003 0.000392401 0.000135665 4.03778e-05 1.06022e-05 2.49385e-06 5.28511e-07 1.00499e-07 1.68544e-08 2.39204e-09 2.59502e-10 1.53768e-11 0 
0 8.87997e-05 0.000738543 0.00239962 0.00450689 0.00650861 0.00851206 0.0105861 0.0126507 0.0145884 0.0162878 0.0176555 0.018623 0.0191506 0.0192286 0.0188761 0.0181371 0.0170749 0.0157661 0.0142929 0.0127375 0.0111764 0.00967562 0.00828379 0.00701563 0.00582059 0.00457501 0.00319876 0.00185361 0.000855382 0.00031644 9.71534e-05 2.5683e-05 5.99865e-06 1.25339e-06 2.34208e-07 3.85494e-08 5.36896e-09 5.71884e-10 3.33007e-11 0 
0 0.000154522 0.00116552 0.00329057 0.00564482 0.00801966 0.0105861 0.0132887 0.0159791 0.018501 0.0207107 0.022488 0.0237447 0.0244296 0.0245304 0.0240721 0.0231115 0.0217307 0.0200283 0.0181106 0.0160832 0.0140441 0.0120783 0.0102547 0.00861966 0.00717709 0.00584407 0.00444618 0.00291319 0.00152002 0.000615097 0.000198419 5.34599e-05 1.24969e-05 2.58855e-06 4.7731e-07 7.73732e-08 1.0607e-08 1.11232e-09 6.38058e-11 0 
0 0.000234912 0.00160221 0.00404594 0.00665307 0.00949415 0.0126507 0.0159791 0.0192892 0.0223899 0.0251054 0.0272885 0.0288313 0.0296713 0.0297937 0.0292291 0.0280476 0.0263498 0.0242565 0.0218977 0.0194025 0.0168903 0.0144644 0.0122081 0.0101829 0.00842137 0.00689642 0.0054619 0.00390504 0.00228148 0.00101926 0.000350123 9.71619e-05 2.28959e-05 4.72559e-06 8.63312e-07 1.38296e-07 1.87178e-08 1.93774e-09 1.09772e-10 0 
0 0.000320459 0.00199458 0.00466138 0.00755858 0.0108759 0.0145884 0.018501 0.0223899 0.0260313 0.0292191 0.0317808 0.03359 0.0345739 0.0347151 0.0340496 0.0326602 0.0306651 0.0282058 0.0254345 0.0225023 0.0195486 0.0166938 0.0140346 0.0116423 0.0095617 0.0077975 0.00625849 0.00471091 0.00300797 0.00147629 0.000542945 0.000156255 3.73223e-05 7.70835e-06 1.40019e-06 2.22359e-07 2.97985e-08 3.05348e-09 1.7125e-10 0 
0 0.000401066 0.00231524 0.00515323 0.0083434 0.0120892 0.0162878 0.0207107 0.0251054 0.0292191 0.0328189 0.0357107 0.0377522 0.0388611 0.0390171 0.0382612 0.0366877 0.0344311 0.0316511 0.0285192 0.0252052 0.0218662 0.0186377 0.0156278 0.012916 0.0105533 0.00855852 0.00688023 0.00531662 0.00361098 0.00191781 0.000752792 0.000225117 5.46679e-05 1.13327e-05 2.05272e-06 3.24066e-07 4.31154e-08 4.38429e-09 2.44014e-10 0 
0 0.000468525 0.00255592 0.00552898 0.00897384 0.0130668 0.0176555 0.022488 0.0272885 0.0317808 0.0357107 0.0388665 0.0410924 0.0422978 0.0424631 0.0416341 0.0399121 0.0374439 0.0344053 0.0309835 0.0273635 0.0237161 0.0201887 0.0168988 0.0139322 0.0113439 0.00915863 0.00734724 0.00574545 0.00405799 0.00228749 0.000948843 0.000293957 7.25955e-05 1.51289e-05 2.73848e-06 4.30803e-07 5.70414e-08 5.76983e-09 3.19419e-10 0 
0 0.000517398 0.00271721 0.0057875 0.00941978 0.0137588 0.018623 0.0237447 0.0288313 0.03359 0.0377522 0.0410924 0.0434412 0.0447051 0.0448727 0.0439949 0.0421721 0.039555 0.0363323 0.0327052 0.0288695 0.0250054 0.0212684 0.0177825 0.0146379 0.011892 0.0095722 0.00766029 0.00601938 0.00434959 0.00255256 0.00110323 0.000351604 8.81033e-05 1.84623e-05 3.34435e-06 5.25297e-07 6.93721e-08 6.99597e-09 3.86103e-10 0 
0 0.000544846 0.00280251 0.00592605 0.00966259 0.0141361 0.0191506 0.0244296 0.0296713 0.0345739 0.0388611 0.0422978 0.0447051 0.0459912 0.0461549 0.0452515 0.0433768 0.0406793 0.037355 0.0336153 0.0296624 0.0256814 0.0218321 0.0182416 0.0150024 0.012173 0.0097817 0.0078151 0.0061518 0.00449728 0.00270051 0.00119716 0.00038873 9.84243e-05 2.07225e-05 3.75992e-06 5.90652e-07 7.79605e-08 7.85576e-09 4.33192e-10 0 
0 0.000550103 0.00281587 0.00594515 0.00969751 0.0141916 0.0192286 0.0245304 0.0297937 0.0347151 0.0390171 0.0424631 0.0448727 0.0461549 0.0463114 0.045399 0.0435123 0.0407991 0.037457 0.0336993 0.0297294 0.0257329 0.0218697 0.0182672 0.0150179 0.01218 0.0097817 0.00781077 0.00615104 0.00451299 0.00273136 0.00122255 0.000400181 0.000101873 2.15222e-05 3.91402e-06 6.15946e-07 8.14248e-08 8.21721e-09 4.53839e-10 0 
0 0.000533993 0.00276151 0.00585056 0.00953337 0.0139389 0.0188761 0.0240721 0.0292291 0.0340496 0.0382612 0.0416341 0.0439949 0.0452515 0.045399 0.0444918 0.0426288 0.0399606 0.0366807 0.0329954 0.0291038 0.0251878 0.0214041 0.0178775 0.014698 0.0119229 0.00957889 0.00765244 0.00602386 0.00440624 0.00265215 0.00118132 0.000385919 9.83156e-05 2.08201e-05 3.79856e-06 5.99973e-07 7.96276e-08 8.06956e-09 4.47652e-10 0 
0 0.000498627 0.00264377 0.00565298 0.00919098 0.0134098 0.0181371 0.0231115 0.0280476 0.0326602 0.0366877 0.0399121 0.0421721 0.0433768 0.0435123 0.0426288 0.0408294 0.0382649 0.0351192 0.0315869 0.0278581 0.024108 0.0204867 0.0171135 0.0140747 0.0114251 0.0091898 0.00735044 0.00577632 0.00418457 0.00247516 0.00108393 0.000350684 8.91381e-05 1.89242e-05 3.47018e-06 5.51624e-07 7.37368e-08 7.53e-09 4.21084e-10 0 
0 0.00044724 0.00246703 0.00536624 0.00870033 0.0126501 0.0170749 0.0217307 0.0263498 0.0306651 0.0344311 0.0374439 0.039555 0.0406793 0.0407991 0.0399606 0.0382649 0.0358559 0.0329043 0.0295912 0.0260954 0.0225814 0.0191901 0.0160337 0.0131932 0.0107201 0.00863712 0.00691712 0.005413 0.00385585 0.00221918 0.000948023 0.000302725 7.68005e-05 1.6388e-05 3.03167e-06 4.87111e-07 6.58836e-08 6.81163e-09 3.85766e-10 0 
0 0.000384107 0.00223604 0.00500427 0.00809721 0.0117152 0.0157661 0.0200283 0.0242565 0.0282058 0.0316511 0.0344053 0.0363323 0.037355 0.037457 0.0366807 0.0351192 0.0329043 0.0301918 0.0271483 0.0239382 0.0207125 0.0176012 0.0147074 0.0121063 0.00984608 0.00794477 0.00636247 0.0049364 0.00343314 0.00191227 0.000796567 0.000251998 6.41836e-05 1.3857e-05 2.60361e-06 4.25626e-07 5.86094e-08 6.16949e-09 3.55613e-10 0 
0 0.000314376 0.00195705 0.00457739 0.00741879 0.0106649 0.0142929 0.0181106 0.0218977 0.0254345 0.0285192 0.0309835 0.0327052 0.0336153 0.0336993 0.0329954 0.0315869 0.0295912 0.0271483 0.0244079 0.0215175 0.0186134 0.0158123 0.013208 0.0108695 0.00884043 0.00713241 0.00569055 0.00435052 0.00294256 0.00159307 0.000654868 0.00020827 5.39935e-05 1.19335e-05 2.2993e-06 3.85335e-07 5.43271e-08 5.8448e-09 3.43628e-10 0 
0 0.000243726 0.00164 0.00408914 0.00669778 0.00955874 0.0127375 0.0160832 0.0194025 0.0225023 0.0252052 0.0273635 0.0288695 0.0296624 0.0297294 0.0291038 0.0278581 0.0260954 0.0239382 0.0215175 0.0189631 0.0163944 0.0139147 0.0116075 0.00953478 0.00773512 0.00621135 0.00490179 0.00367234 0.00243024 0.00130715 0.000546487 0.000179697 4.84237e-05 1.11054e-05 2.21038e-06 3.80744e-07 5.49113e-08 6.01719e-09 3.58953e-10 0 
0 0.000177723 0.00130122 0.00353637 0.0059542 0.00845026 0.0111764 0.0140441 0.0168903 0.0195486 0.0218662 0.0237161 0.0250054 0.0256814 0.0257329 0.0251878 0.024108 0.0225814 0.0207125 0.0186134 0.0163944 0.0141579 0.0119927 0.00997127 0.0081479 0.00655438 0.00519003 0.00401265 0.00295065 0.00195851 0.00109482 0.000488405 0.000172041 4.90803e-05 1.17298e-05 2.40032e-06 4.20872e-07 6.13501e-08 6.76061e-09 4.04088e-10 0 
0 0.000120977 0.000964716 0.00291712 0.00518567 0.00737888 0.00967562 0.0120783 0.0144644 0.0166938 0.0186377 0.0201887 0.0212684 0.0218321 0.0218697 0.0214041 0.0204867 0.0191901 0.0176012 0.0158123 0.0139147 0.0119927 0.0101197 0.00835622 0.00674861 0.00532964 0.00411963 0.00311904 0.00229431 0.0015889 0.000971782 0.000484617 0.000187704 5.68743e-05 1.39987e-05 2.89221e-06 5.06386e-07 7.32835e-08 7.99382e-09 4.72267e-10 0 
0 7.63068e-05 0.000659099 0.00224756 0.00436419 0.00635474 0.00828379 0.0102547 0.0122081 0.0140346 0.0156278 0.0168988 0.0177825 0.0182416 0.0182672 0.0178775 0.0171135 0.0160337 0.0147074 0.013208 0.0116075 0.00997127 0.00835622 0.00681162 0.0053924 0.00418228 0.00326416 0.0026052 0.00204676 0.00148814 0.000964674 0.000528826 0.000224683 7.15831e-05 1.7801e-05 3.63684e-06 6.24418e-07 8.841e-08 9.43662e-09 5.46113e-10 0 
0 4.43065e-05 0.000409708 0.001578 0.0034576 0.00533977 0.00701563 0.00861966 0.0101829 0.0116423 0.012916 0.0139322 0.0146379 0.0150024 0.0150179 0.014698 0.0140747 0.0131932 0.0121063 0.0108695 0.00953478 0.0081479 0.00674861 0.0053924 0.00422301 0.00352496 0.00349412 0.00378171 0.00359564 0.00264025 0.00148778 0.00070338 0.000288323 9.23037e-05 2.25848e-05 4.47477e-06 7.43853e-07 1.0222e-07 1.06209e-08 6.00046e-10 0 
0 2.35611e-05 0.000229497 0.000986307 0.00248467 0.00425425 0.00582059 0.00717709 0.00842137 0.0095617 0.0105533 0.0113439 0.011892 0.012173 0.01218 0.0119229 0.0114251 0.0107201 0.00984608 0.00884043 0.00773512 0.00655438 0.00532964 0.00418228 0.00352496 0.00415026 0.00654358 0.00944137 0.0100627 0.00743373 0.00378374 0.0013947 0.000433764 0.00012118 2.75433e-05 5.14824e-06 8.19334e-07 1.08954e-07 1.10209e-08 6.08546e-10 0 
0 1.14376e-05 0.000115226 0.000539933 0.00155773 0.00305978 0.00457501 0.00584407 0.00689642 0.0077975 0.00855852 0.00915863 0.0095722 0.0097817 0.0097817 0.00957889 0.0091898 0.00863712 0.00794477 0.00713241 0.00621135 0.00519003 0.00411963 0.00326416 0.00349412 0.00654358 0.0135807 0.0217879 0.0244268 0.0175656 0.00873151 0.0029557 0.000738675 0.000162409 3.17444e-05 5.38539e-06 8.09689e-07 1.04176e-07 1.02991e-08 5.58312e-10 0 
0 5.06151e-06 5.18124e-05 0.000257341 0.000829239 0.001879 0.00319876 0.00444618 0.0054619 0.00625849 0.00688023 0.00734724 0.00766029 0.0078151 0.00781077 0.00765244 0.00735044 0.00691712 0.00636247 0.00569055 0.00490179 0.00401265 0.00311904 0.0026052 0.00378171 0.00944137 0.0217879 0.0352878 0.0381213 0.0293983 0.01431 0.00473784 0.00109127 0.000201542 3.32179e-05 4.98861e-06 7.01901e-07 8.76401e-08 8.5265e-09 4.56947e-10 0 
0 2.04229e-06 2.09216e-05 0.000107187 0.000372225 0.000949003 0.00185361 0.00291319 0.00390504 0.00471091 0.00531662 0.00574545 0.00601938 0.0061518 0.00615104 0.00602386 0.00577632 0.005413 0.0049364 0.00435052 0.00367234 0.00295065 0.00229431 0.00204676 0.00359564 0.0100627 0.0244268 0.0381213 0.0401702 0.0330469 0.0159221 0.00521802 0.00117299 0.000200063 2.91944e-05 3.94015e-06 5.22951e-07 6.39701e-08 6.18411e-09 3.30467e-10 0 
0 7.52244e-07 7.62143e-06 3.93949e-05 0.000142399 0.000392401 0.000855382 0.00152002 0.00228148 0.00300797 0.00361098 0.00405799 0.00434959 0.00449728 0.00451299 0.00440624 0.00418457 0.00385585 0.00343314 0.00294256 0.00243024 0.00195851 0.0015889 0.00148814 0.00264025 0.00743373 0.0175656 0.0293983 0.0330469 0.0238707 0.0117428 0.00386575 0.000867955 0.00014505 1.99729e-05 2.54485e-06 3.28847e-07 4.01369e-08 3.90239e-09 2.09925e-10 0 
0 2.53324e-07 2.51721e-06 1.29209e-05 4.73213e-05 0.000135665 0.00031644 0.000615097 0.00101926 0.00147629 0.00191781 0.00228749 0.00255256 0.00270051 0.00273136 0.00265215 0.00247516 0.00221918 0.00191227 0.00159307 0.00130715 0.00109482 0.000971782 0.000964674 0.00148778 0.00378374 0.00873151 0.01431 0.0159221 0.0117428 0.00580358 0.00192028 0.000438648 7.43905e-05 1.02139e-05 1.3106e-06 1.72852e-07 2.15596e-08 2.13587e-09 1.16765e-10 0 
0 7.80905e-08 7.56901e-07 3.81879e-06 1.39184e-05 4.03778e-05 9.71534e-05 0.000198419 0.000350123 0.000542945 0.000752792 0.000948843 0.00110323 0.00119716 0.00122255 0.00118132 0.00108393 0.000948023 0.000796567 0.000654868 0.000546487 0.000488405 0.000484617 0.000528826 0.00070338 0.0013947 0.0029557 0.00473784 0.00521802 0.00386575 0.00192028 0.000647153 0.000153557 2.70749e-05 3.91138e-06 5.40833e-07 7.62355e-08 9.92841e-09 1.01383e-09 5.68105e-11 0 
0 2.20399e-08 2.07707e-07 1.02381e-06 3.67391e-06 1.06022e-05 2.5683e-05 5.34599e-05 9.71619e-05 0.000156255 0.000225117 0.000293957 0.000351604 0.00038873 0.000400181 0.000385919 0.000350684 0.000302725 0.000251998 0.00020827 0.000179697 0.000172041 0.000187704 0.000224683 0.000288323 0.000433764 0.000738675 0.00109127 0.00117299 0.000867955 0.000438648 0.000153557 3.83354e-05 7.24711e-06 1.17216e-06 1.84782e-07 2.86164e-08 3.93926e-09 4.18044e-10 2.41788e-11 0 
0 5.68546e-09 5.20126e-08 2.49669e-07 8.76982e-07 2.49385e-06 5.99865e-06 1.24969e-05 2.28959e-05 3.73223e-05 5.46679e-05 7.25955e-05 8.81033e-05 9.84243e-05 0.000101873 9.83156e-05 8.91381e-05 7.68005e-05 6.41836e-05 5.39935e-05 4.84237e-05 4.90803e-05 5.68743e-05 7.15831e-05 9.23037e-05 0.00012118 0.000162409 0.000201542 0.000200063 0.00014505 7.43905e-05 2.70749e-05 7.24711e-06 1.54881e-06 2.9664e-07 5.44525e-08 9.27713e-09 1.35337e-09 1.49984e-10 9.00012e-12 0 
0 1.33385e-09 1.18399e-08 5.52721e-08 1.8951e-07 5.28511e-07 1.25339e-06 2.58855e-06 4.72559e-06 7.70835e-06 1.13327e-05 1.51289e-05 1.84623e-05 2.07225e-05 2.15222e-05 2.08201e-05 1.89242e-05 1.6388e-05 1.3857e-05 1.19335e-05 1.11054e-05 1.17298e-05 1.39987e-05 1.7801e-05 2.25848e-05 2.75433e-05 3.17444e-05 3.32179e-05 2.91944e-05 1.99729e-05 1.02139e-05 3.91138e-06 1.17216e-06 2.9664e-07 6.77884e-08 1.41636e-08 2.61493e-09 4.03345e-10 4.67945e-11 2.92336e-12 0 
0 2.81601e-10 2.4261e-09 1.10127e-08 3.6821e-08 1.00499e-07 2.34208e-07 4.7731e-07 8.63312e-07 1.40019e-06 2.05272e-06 2.73848e-06 3.34435e-06 3.75992e-06 3.91402e-06 3.79856e-06 3.47018e-06 3.03167e-06 2.60361e-06 2.2993e-06 2.21038e-06 2.40032e-06 2.89221e-06 3.63684e-06 4.47477e-06 5.14824e-06 5.38539e-06 4.98861e-06 3.94015e-06 2.54485e-06 1.3106e-06 5.40833e-07 1.84782e-07 5.44525e-08 1.41636e-08 3.24118e-09 6.38556e-10 1.03843e-10 1.26239e-11 8.22623e-13 0 
0 5.23806e-11 4.38373e-10 1.93603e-09 6.31296e-09 1.68544e-08 3.85494e-08 7.73732e-08 1.38296e-07 2.22359e-07 3.24066e-07 4.30803e-07 5.25297e-07 5.90652e-07 6.15946e-07 5.99973e-07 5.51624e-07 4.87111e-07 4.25626e-07 3.85335e-07 3.80744e-07 4.20872e-07 5.06386e-07 6.24418e-07 7.43853e-07 8.19334e-07 8.09689e-07 7.01901e-07 5.22951e-07 3.28847e-07 1.72852e-07 7.62355e-08 2.86164e-08 9.27713e-09 2.61493e-09 6.38556e-10 1.33009e-10 2.27502e-11 2.89743e-12 1.97073e-13 0 
0 8.218e-12 6.68884e-11 2.87712e-10 9.15638e-10 2.39204e-09 5.36896e-09 1.0607e-08 1.87178e-08 2.97985e-08 4.31154e-08 5.70414e-08 6.93721e-08 7.79605e-08 8.14248e-08 7.96276e-08 7.37368e-08 6.58836e-08 5.86094e-08 5.43271e-08 5.49113e-08 6.13501e-08 7.32835e-08 8.841e-08 1.0222e-07 1.08954e-07 1.04176e-07 8.76401e-08 6.39701e-08 4.01369e-08 2.15596e-08 9.92841e-09 3.93926e-09 1.35337e-09 4.03345e-10 1.03843e-10 2.27502e-11 4.08301e-12 5.44176e-13 3.86201e-14 0 
0 9.80957e-13 7.77585e-12 3.26185e-11 1.0143e-10 2.59502e-10 5.71884e-10 1.11232e-09 1.93774e-09 3.05348e-09 4.38429e-09 5.76983e-09 6.99597e-09 7.85576e-09 8.21721e-09 8.06956e-09 7.53e-09 6.81163e-09 6.16949e-09 5.8448e-09 6.01719e-09 6.76061e-09 7.99382e-09 9.43662e-09 1.06209e-08 1.10209e-08 1.02991e-08 8.5265e-09 6.18411e-09 3.90239e-09 2.13587e-09 1.01383e-09 4.18044e-10 1.49984e-10 4.67945e-11 1.26239e-11 2.89743e-12 5.44176e-13 7.57627e-14 5.60439e-15 0 
0 6.36143e-14 4.91826e-13 2.01497e-12 6.1302e-12 1.53768e-11 3.33007e-11 6.38058e-11 1.09772e-10 1.7125e-10 2.44014e-10 3.19419e-10 3.86103e-10 4.33192e-10 4.53839e-10 4.47652e-10 4.21084e-10 3.85766e-10 3.55613e-10 3.43628e-10 3.58953e-10 4.04088e-10 4.72267e-10 5.46113e-10 6.00046e-10 6.08546e-10 5.58312e-10 4.56947e-10 3.30467e-10 2.09925e-10 1.16765e-10 5.68105e-11 2.41788e-11 9.00012e-12 2.92336e-12 8.22623e-13 1.97073e-13 3.86201e-14 5.60439e-15 4.31444e-16 0 
0 0 0 0 0 0 0 0 0 0 0 0 0 0 0 0 0 0 0 0 0 0 0 0 0 0 0 0 0 0 0 0 0 0 0 0 0 0 0 0 0 
