0 0 0 0 0 0 0 0 0 0 0 0 0 0 0 0 0 0 0 0 0 0 0 0 0 0 0 0 0 0 0 0 0 0 0 0 0 0 0 0 0 
0 1.41312e-07 1.28462e-06 5.8866e-06 1.88533e-05 4.67245e-05 9.4393e-05 0.000161455 0.000241519 0.000324884 0.00040201 0.000465629 0.000511218 0.0005366 0.000541342 0.000526284 0.000493279 0.000445096 0.000385403 0.000318714 0.00025017 0.000185042 0.000127966 8.20896e-05 4.85007e-05 2.62409e-05 1.29512e-05 5.82022e-06 2.38133e-06 8.88008e-07 3.02274e-07 9.40461e-08 2.67532e-08 6.9474e-09 1.63903e-09 3.47639e-10 6.49136e-11 1.02167e-11 1.22272e-12 7.94638e-14 0 
0 1.28462e-06 1.20817e-05 5.59984e-05 0.000175396 0.000409462 0.000755477 0.00116116 0.00156081 0.0019097 0.00218936 0.00239692 0.00253511 0.00260777 0.00261865 0.00257144 0.00246984 0.0023174 0.00211751 0.00187414 0.00159366 0.00128774 0.000975559 0.000682841 0.000435481 0.000250244 0.0001287 5.91283e-05 2.43202e-05 8.99684e-06 3.00923e-06 9.14198e-07 2.52975e-07 6.37788e-08 1.4598e-08 3.00453e-09 5.44827e-10 8.33704e-11 9.71433e-12 6.15586e-13 0 
0 5.8866e-06 5.59984e-05 0.000251676 0.000722288 0.00147039 0.00232021 0.00309651 0.00374228 0.00426981 0.00469625 0.00502555 0.00525376 0.00537645 0.00539316 0.00530883 0.0051334 0.00488019 0.00456321 0.0041936 0.00377606 0.00330715 0.00277974 0.00219719 0.00159218 0.00103085 0.000584643 0.00028779 0.000123169 4.62548e-05 1.54236e-05 4.6159e-06 1.24933e-06 3.06891e-07 6.83218e-08 1.3672e-08 2.41166e-09 3.59338e-10 4.0823e-11 2.52589e-12 0 
0 1.88533e-05 0.000175396 0.000722288 0.00177644 0.00303309 0.00416848 0.00514915 0.00603657 0.00684579 0.00755214 0.00812117 0.00852413 0.00874363 0.00877518 0.00862676 0.00831723 0.00787393 0.00732973 0.00671938 0.0060749 0.00541876 0.00475463 0.00406016 0.00329693 0.00245465 0.00160672 0.000894323 0.00041777 0.000164982 5.61258e-05 1.67851e-05 4.48291e-06 1.0791e-06 2.34606e-07 4.5787e-08 7.87626e-09 1.14522e-09 1.27101e-10 7.69279e-12 0 
0 4.67245e-05 0.000409462 0.00147039 0.00303309 0.00454162 0.00591448 0.00726264 0.00859198 0.00984122 0.0109389 0.0118234 0.0124495 0.0127908 0.0128411 0.0126125 0.0121337 0.0114463 0.0106004 0.00965031 0.00865017 0.00764984 0.00668881 0.0057846 0.00491413 0.004006 0.00299287 0.00193155 0.00102757 0.000444392 0.000158897 4.84001e-05 1.29058e-05 3.06696e-06 6.54512e-07 1.25063e-07 2.10457e-08 2.99422e-09 3.2541e-10 1.93076e-11 0 
0 9.4393e-05 0.000755477 0.00232021 0.00416848 0.00591448 0.00770621 0.00957923 0.0114469 0.0132002 0.0147378 0.0159754 0.0168508 0.0173281 0.0173987 0.0170798 0.0164111 0.0154501 0.0142657 0.0129328 0.0115254 0.0101131 0.0087562 0.00750184 0.00637238 0.00533899 0.00429786 0.00313588 0.0019225 0.000938963 0.000363674 0.000115283 3.11102e-05 7.36139e-06 1.55099e-06 2.9141e-07 4.81416e-08 6.72189e-09 7.17261e-10 4.18189e-11 0 
0 0.000161455 0.00116116 0.00309651 0.00514915 0.00726264 0.00957923 0.0120242 0.0144585 0.0167404 0.0187398 0.020348 0.0214851 0.0221048 0.0221961 0.0217813 0.0209121 0.0196627 0.0181223 0.0163871 0.0145527 0.0127076 0.010929 0.00927973 0.00780474 0.00651878 0.00536921 0.00420538 0.0028989 0.00161029 0.000690104 0.00023221 6.42897e-05 1.52802e-05 3.19736e-06 5.93328e-07 9.65751e-08 1.32753e-08 1.39467e-09 8.01039e-11 0 
0 0.000241519 0.00156081 0.00374228 0.00603657 0.00859198 0.0114469 0.0144585 0.0174536 0.0202592 0.0227163 0.0246917 0.0260877 0.0268478 0.0269586 0.0264477 0.0253786 0.0238423 0.0219482 0.0198139 0.0175561 0.015283 0.0130879 0.0110465 0.00921489 0.0076273 0.00627554 0.00505512 0.00376021 0.00233526 0.00111366 0.000403063 0.000115789 2.78604e-05 5.82152e-06 1.07145e-06 1.72434e-07 2.34073e-08 2.42791e-09 1.37721e-10 0 
0 0.000324884 0.0019097 0.00426981 0.00684579 0.00984122 0.0132002 0.0167404 0.0202592 0.0235541 0.0264385 0.0287566 0.0303944 0.0312855 0.0314134 0.0308107 0.0295527 0.027747 0.0255217 0.0230141 0.0203609 0.0176883 0.0151052 0.0126991 0.0105346 0.00865393 0.00707024 0.00572734 0.0044353 0.00299096 0.00157205 0.000614253 0.000184341 4.51616e-05 9.46541e-06 1.7342e-06 2.76838e-07 3.72199e-08 3.82192e-09 2.14643e-10 0 
0 0.00040201 0.00218936 0.00469625 0.00755214 0.0109389 0.0147378 0.0187398 0.0227163 0.0264385 0.0296961 0.0323139 0.0341638 0.0351697 0.0353115 0.0346258 0.0331993 0.0311554 0.0286393 0.0258052 0.0228066 0.0197854 0.0168641 0.0141406 0.0116869 0.00954972 0.00775057 0.00626242 0.00493655 0.00351301 0.00199704 0.000837675 0.000262908 6.5767e-05 1.38674e-05 2.53647e-06 4.02756e-07 5.37746e-08 5.48043e-09 3.05465e-10 0 
0 0.000465629 0.00239692 0.00502555 0.00812117 0.0118234 0.0159754 0.020348 0.0246917 0.0287566 0.0323139 0.0351725 0.0371889 0.0382795 0.0384292 0.0376797 0.0361203 0.0338838 0.031132 0.0280351 0.0247595 0.0214592 0.0182675 0.0152907 0.0126064 0.0102646 0.0082903 0.00667077 0.0052921 0.00388895 0.00234054 0.00104096 0.000340172 8.68555e-05 1.84487e-05 3.3756e-06 5.34378e-07 7.1024e-08 7.20114e-09 3.99258e-10 0 
0 0.000511218 0.00253511 0.00525376 0.00852413 0.0124495 0.0168508 0.0214851 0.0260877 0.0303944 0.0341638 0.0371889 0.0393083 0.040441 0.0405902 0.0398049 0.0381644 0.0357968 0.0328773 0.0295934 0.0261223 0.0226259 0.0192445 0.0160903 0.0132449 0.0107605 0.0086632 0.00694699 0.00552017 0.00412912 0.00257973 0.00119732 0.000403867 0.000104911 2.24419e-05 4.11247e-06 6.50255e-07 8.62146e-08 8.71554e-09 4.81732e-10 0 
0 0.0005366 0.00260777 0.00537645 0.00874363 0.0127908 0.0173281 0.0221048 0.0268478 0.0312855 0.0351697 0.0382795 0.040441 0.0415821 0.0417256 0.0409254 0.0392496 0.0368157 0.0338044 0.0304172 0.0268397 0.0232375 0.0197545 0.0165057 0.0135747 0.0110147 0.00885224 0.00708387 0.00562957 0.00424746 0.0027093 0.00129021 0.000444178 0.000116768 2.51186e-05 4.61247e-06 7.29538e-07 9.66774e-08 9.76499e-09 5.39238e-10 0 
0 0.000541342 0.00261865 0.00539316 0.00877518 0.0128411 0.0173987 0.0221961 0.0269586 0.0314134 0.0353115 0.0384292 0.0405902 0.0417256 0.0418623 0.0410555 0.0393712 0.0369246 0.0338972 0.0304934 0.0269004 0.0232841 0.0197885 0.0165289 0.0135887 0.011021 0.00885211 0.00707904 0.0056254 0.00425511 0.00273263 0.00131342 0.000455917 0.000120539 2.60226e-05 4.78952e-06 7.58812e-07 1.00697e-07 1.01844e-08 5.63146e-10 0 
0 0.000526284 0.00257144 0.00530883 0.00862676 0.0126125 0.0170798 0.0217813 0.0264477 0.0308107 0.0346258 0.0376797 0.0398049 0.0409254 0.0410555 0.0402477 0.0385764 0.0361653 0.0331936 0.0298562 0.0263342 0.0227908 0.0193672 0.0161762 0.0132993 0.0107883 0.00866876 0.00693663 0.00551249 0.00415966 0.00265664 0.00126944 0.000439233 0.000116104 2.51087e-05 4.63405e-06 7.36574e-07 9.80928e-08 9.95808e-09 5.52791e-10 0 
0 0.000493279 0.00246984 0.0051334 0.00831723 0.0121337 0.0164111 0.0209121 0.0253786 0.0295527 0.0331993 0.0361203 0.0381644 0.0392496 0.0393712 0.0385764 0.0369513 0.0346287 0.0317789 0.0285812 0.0252071 0.0218138 0.0185371 0.0154849 0.0127354 0.010338 0.00831719 0.00666608 0.00529586 0.00396598 0.00249072 0.00116802 0.00039917 0.00010505 2.27424e-05 4.21426e-06 6.73565e-07 9.02715e-08 9.22667e-09 5.15849e-10 0 
0 0.000445096 0.0023174 0.00488019 0.00787393 0.0114463 0.0154501 0.0196627 0.0238423 0.027747 0.0311554 0.0338838 0.0357968 0.0368157 0.0369246 0.0361653 0.0346287 0.032446 0.0297735 0.0267753 0.0236121 0.0204325 0.0173639 0.0145079 0.0119377 0.00970025 0.00781819 0.0062791 0.00497918 0.00367771 0.00224845 0.00102543 0.000344439 9.01706e-05 1.95748e-05 3.65294e-06 5.89256e-07 7.97927e-08 8.24527e-09 4.66192e-10 0 
0 0.000385403 0.00211751 0.00456321 0.00732973 0.0106004 0.0142657 0.0181223 0.0219482 0.0255217 0.0286393 0.031132 0.0328773 0.0338044 0.0338972 0.0331936 0.0317789 0.0297735 0.0273188 0.0245648 0.0216601 0.0187415 0.0159262 0.0133078 0.0109543 0.00890968 0.00719385 0.00578531 0.00456292 0.00330069 0.00195125 0.000863407 0.000285667 7.47369e-05 1.63602e-05 3.09267e-06 5.06408e-07 6.96687e-08 7.31549e-09 4.20224e-10 0 
0 0.000318714 0.00187414 0.0041936 0.00671938 0.00965031 0.0129328 0.0163871 0.0198139 0.0230141 0.0258052 0.0280351 0.0295934 0.0304172 0.0304934 0.0298562 0.0285812 0.0267753 0.0245648 0.0220851 0.0194699 0.0168421 0.0143076 0.0119511 0.00983524 0.00800049 0.00646261 0.00518797 0.00404543 0.00285012 0.00163148 0.000707104 0.000233455 6.18105e-05 1.3792e-05 2.66461e-06 4.46078e-07 6.26944e-08 6.71659e-09 3.93013e-10 0 
0 0.00025017 0.00159366 0.00377606 0.0060749 0.00865017 0.0115254 0.0145527 0.0175561 0.0203609 0.0228066 0.0247595 0.0261223 0.0268397 0.0269004 0.0263342 0.0252071 0.0236121 0.0216601 0.0194699 0.0171585 0.0148343 0.0125906 0.0105029 0.00862785 0.00700204 0.00563485 0.00448377 0.00343201 0.00235978 0.00133139 0.000581091 0.000196715 5.38193e-05 1.24114e-05 2.47048e-06 4.2439e-07 6.09614e-08 6.65031e-09 3.94931e-10 0 
0 0.000185042 0.00128774 0.00330715 0.00541876 0.00764984 0.0101131 0.0127076 0.015283 0.0176883 0.0197854 0.0214592 0.0226259 0.0232375 0.0232841 0.0227908 0.0218138 0.0204325 0.0187415 0.0168421 0.0148343 0.0128106 0.0108515 0.00902258 0.0073738 0.00593656 0.00471579 0.00367861 0.00275609 0.00188497 0.00109264 0.000503813 0.00018157 5.24267e-05 1.25845e-05 2.57537e-06 4.50656e-07 6.55044e-08 7.19633e-09 4.28858e-10 0 
0 0.000127966 0.000975559 0.00277974 0.00475463 0.00668881 0.0087562 0.010929 0.0130879 0.0151052 0.0168641 0.0182675 0.0192445 0.0197545 0.0197885 0.0193672 0.0185371 0.0173639 0.0159262 0.0143076 0.0125906 0.0108515 0.00915685 0.00756181 0.00610946 0.00483102 0.00374525 0.00285164 0.00211905 0.00149328 0.000936476 0.000480011 0.000190123 5.8415e-05 1.44756e-05 2.99777e-06 5.24918e-07 7.58972e-08 8.26857e-09 4.87865e-10 0 
0 8.20896e-05 0.000682841 0.00219719 0.00406016 0.0057846 0.00750184 0.00927973 0.0110465 0.0126991 0.0141406 0.0152907 0.0160903 0.0165057 0.0165289 0.0161762 0.0154849 0.0145079 0.0133078 0.0119511 0.0105029 0.00902258 0.00756181 0.00616581 0.00488428 0.00379124 0.00296048 0.00236383 0.00185985 0.00135917 0.000893485 0.000502154 0.000219225 7.12597e-05 1.79237e-05 3.68162e-06 6.33457e-07 8.97476e-08 9.57963e-09 5.54279e-10 0 
0 4.85007e-05 0.000435481 0.00159218 0.00329693 0.00491413 0.00637238 0.00780474 0.00921489 0.0105346 0.0116869 0.0126064 0.0132449 0.0135747 0.0135887 0.0132993 0.0127354 0.0119377 0.0109543 0.00983524 0.00862785 0.0073738 0.00610946 0.00488428 0.00382577 0.00319158 0.00316213 0.00342198 0.00325359 0.00238941 0.00134854 0.000644579 0.000271651 8.95273e-05 2.23145e-05 4.46211e-06 7.44716e-07 1.02508e-07 1.06587e-08 6.02409e-10 0 
0 2.62409e-05 0.000250244 0.00103085 0.00245465 0.004006 0.00533899 0.00651878 0.0076273 0.00865393 0.00954972 0.0102646 0.0107605 0.0110147 0.011021 0.0107883 0.010338 0.00970025 0.00890968 0.00800049 0.00700204 0.00593656 0.00483102 0.00379124 0.00319158 0.00375544 0.00592088 0.00854291 0.00910539 0.00672631 0.0034237 0.001263 0.000397561 0.000114593 2.67731e-05 5.07941e-06 8.13555e-07 1.08458e-07 1.09831e-08 6.06845e-10 0 
0 1.29512e-05 0.0001287 0.000584643 0.00160672 0.00299287 0.00429786 0.00536921 0.00627554 0.00707024 0.00775057 0.0082903 0.0086632 0.00885224 0.00885211 0.00866876 0.00831719 0.00781819 0.00719385 0.00646261 0.00563485 0.00471579 0.00374525 0.00296048 0.00316213 0.00592088 0.0122883 0.0198939 0.022503 0.0159057 0.0079006 0.00267448 0.00067002 0.000150426 3.03713e-05 5.26576e-06 7.99463e-07 1.03226e-07 1.02193e-08 5.54399e-10 0 
0 5.82022e-06 5.91283e-05 0.00028779 0.000894323 0.00193155 0.00313588 0.00420538 0.00505512 0.00572734 0.00626242 0.00667077 0.00694699 0.00708387 0.00707904 0.00693663 0.00666608 0.0062791 0.00578531 0.00518797 0.00448377 0.00367861 0.00285164 0.00236383 0.00342198 0.00854291 0.0198939 0.0317951 0.0338669 0.0268591 0.012963 0.00428698 0.000987955 0.000184628 3.13695e-05 4.83902e-06 6.9013e-07 8.65824e-08 8.43714e-09 4.52507e-10 0 
0 2.38133e-06 2.43202e-05 0.000123169 0.00041777 0.00102757 0.0019225 0.0028989 0.00376021 0.0044353 0.00493655 0.0052921 0.00552017 0.00562957 0.0056254 0.00551249 0.00529586 0.00497918 0.00456292 0.00404543 0.00343201 0.00275609 0.00211905 0.00185985 0.00325359 0.00910539 0.022503 0.0338669 0.0353353 0.0300767 0.014511 0.00472146 0.00106168 0.000182602 2.73637e-05 3.7999e-06 5.12655e-07 6.30767e-08 6.10846e-09 3.26668e-10 0 
0 8.88008e-07 8.99684e-06 4.62548e-05 0.000164982 0.000444392 0.000938963 0.00161029 0.00233526 0.00299096 0.00351301 0.00388895 0.00412912 0.00424746 0.00425511 0.00415966 0.00396598 0.00367771 0.00330069 0.00285012 0.00235978 0.00188497 0.00149328 0.00135917 0.00238941 0.00672631 0.0159057 0.0268591 0.0300767 0.0217108 0.0106254 0.00349788 0.000785768 0.000132459 1.86882e-05 2.44855e-06 3.21906e-07 3.95325e-08 3.85029e-09 2.07264e-10 0 
0 3.02274e-07 3.00923e-06 1.54236e-05 5.61258e-05 0.000158897 0.000363674 0.000690104 0.00111366 0.00157205 0.00199704 0.00234054 0.00257973 0.0027093 0.00273263 0.00265664 0.00249072 0.00224845 0.00195125 0.00163148 0.00133139 0.00109264 0.000936476 0.000893485 0.00134854 0.0034237 0.0079006 0.012963 0.014511 0.0106254 0.00525129 0.00173761 0.000397608 6.82054e-05 9.58894e-06 1.26294e-06 1.69237e-07 2.12252e-08 2.10588e-09 1.15193e-10 0 
0 9.40461e-08 9.14198e-07 4.6159e-06 1.67851e-05 4.84001e-05 0.000115283 0.00023221 0.000403063 0.000614253 0.000837675 0.00104096 0.00119732 0.00129021 0.00131342 0.00126944 0.00116802 0.00102543 0.000863407 0.000707104 0.000581091 0.000503813 0.000480011 0.000502154 0.000644579 0.001263 0.00267448 0.00428698 0.00472146 0.00349788 0.00173761 0.000586029 0.000139816 2.50271e-05 3.70114e-06 5.2364e-07 7.47466e-08 9.77412e-09 9.99178e-10 5.6015e-11 0 
0 2.67532e-08 2.52975e-07 1.24933e-06 4.48291e-06 1.29058e-05 3.11102e-05 6.42897e-05 0.000115789 0.000184341 0.000262908 0.000340172 0.000403867 0.000444178 0.000455917 0.000439233 0.00039917 0.000344439 0.000285667 0.000233455 0.000196715 0.00018157 0.000190123 0.000219225 0.000271651 0.000397561 0.00067002 0.000987955 0.00106168 0.000785768 0.000397608 0.000139816 3.52753e-05 6.78695e-06 1.12203e-06 1.80021e-07 2.81069e-08 3.87858e-09 4.11896e-10 2.38315e-11 0 
0 6.9474e-09 6.37788e-08 3.06891e-07 1.0791e-06 3.06696e-06 7.36139e-06 1.52802e-05 2.78604e-05 4.51616e-05 6.5767e-05 8.68555e-05 0.000104911 0.000116768 0.000120539 0.000116104 0.00010505 9.01706e-05 7.47369e-05 6.18105e-05 5.38193e-05 5.24267e-05 5.8415e-05 7.12597e-05 8.95273e-05 0.000114593 0.000150426 0.000184628 0.000182602 0.000132459 6.82054e-05 2.50271e-05 6.78695e-06 1.47583e-06 2.87507e-07 5.33365e-08 9.12443e-09 1.3327e-09 1.47756e-10 8.86872e-12 0 
0 1.63903e-09 1.4598e-08 6.83218e-08 2.34606e-07 6.54512e-07 1.55099e-06 3.19736e-06 5.82152e-06 9.46541e-06 1.38674e-05 1.84487e-05 2.24419e-05 2.51186e-05 2.60226e-05 2.51087e-05 2.27424e-05 1.95748e-05 1.63602e-05 1.3792e-05 1.24114e-05 1.25845e-05 1.44756e-05 1.79237e-05 2.23145e-05 2.67731e-05 3.03713e-05 3.13695e-05 2.73637e-05 1.86882e-05 9.58894e-06 3.70114e-06 1.12203e-06 2.87507e-07 6.63122e-08 1.39186e-08 2.57384e-09 3.97215e-10 4.60949e-11 2.88022e-12 0 
0 3.47639e-10 3.00453e-09 1.3672e-08 4.5787e-08 1.25063e-07 2.9141e-07 5.93328e-07 1.07145e-06 1.7342e-06 2.53647e-06 3.3756e-06 4.11247e-06 4.61247e-06 4.78952e-06 4.63405e-06 4.21426e-06 3.65294e-06 3.09267e-06 2.66461e-06 2.47048e-06 2.57537e-06 2.99777e-06 3.68162e-06 4.46211e-06 5.07941e-06 5.26576e-06 4.83902e-06 3.7999e-06 2.44855e-06 1.26294e-06 5.2364e-07 1.80021e-07 5.33365e-08 1.39186e-08 3.18965e-09 6.28733e-10 1.02269e-10 1.24346e-11 8.10405e-13 0 
0 6.49136e-11 5.44827e-10 2.41166e-09 7.87626e-09 2.10457e-08 4.81416e-08 9.65751e-08 1.72434e-07 2.76838e-07 4.02756e-07 5.34378e-07 6.50255e-07 7.29538e-07 7.58812e-07 7.36574e-07 6.73565e-07 5.89256e-07 5.06408e-07 4.46078e-07 4.2439e-07 4.50656e-07 5.24918e-07 6.33457e-07 7.44716e-07 8.13555e-07 7.99463e-07 6.9013e-07 5.12655e-07 3.21906e-07 1.69237e-07 7.47466e-08 2.81069e-08 9.12443e-09 2.57384e-09 6.28733e-10 1.30984e-10 2.24062e-11 2.85393e-12 1.94135e-13 0 
0 1.02167e-11 8.33704e-11 3.59338e-10 1.14522e-09 2.99422e-09 6.72189e-09 1.32753e-08 2.34073e-08 3.72199e-08 5.37746e-08 7.1024e-08 8.62146e-08 9.66774e-08 1.00697e-07 9.80928e-08 9.02715e-08 7.97927e-08 6.96687e-08 6.26944e-08 6.09614e-08 6.55044e-08 7.58972e-08 8.97476e-08 1.02508e-07 1.08458e-07 1.03226e-07 8.65824e-08 6.30767e-08 3.95325e-08 2.12252e-08 9.77412e-09 3.87858e-09 1.3327e-09 3.97215e-10 1.02269e-10 2.24062e-11 4.02149e-12 5.36012e-13 3.80437e-14 0 
0 1.22272e-12 9.71433e-12 4.0823e-11 1.27101e-10 3.2541e-10 7.17261e-10 1.39467e-09 2.42791e-09 3.82192e-09 5.48043e-09 7.20114e-09 8.71554e-09 9.76499e-09 1.01844e-08 9.95808e-09 9.22667e-09 8.24527e-09 7.31549e-09 6.71659e-09 6.65031e-09 7.19633e-09 8.26857e-09 9.57963e-09 1.06587e-08 1.09831e-08 1.02193e-08 8.43714e-09 6.10846e-09 3.85029e-09 2.10588e-09 9.99178e-10 4.11896e-10 1.47756e-10 4.60949e-11 1.24346e-11 2.85393e-12 5.36012e-13 7.46285e-14 5.52076e-15 0 
0 7.94638e-14 6.15586e-13 2.52589e-12 7.69279e-12 1.93076e-11 4.18189e-11 8.01039e-11 1.37721e-10 2.14643e-10 3.05465e-10 3.99258e-10 4.81732e-10 5.39238e-10 5.63146e-10 5.52791e-10 5.15849e-10 4.66192e-10 4.20224e-10 3.93013e-10 3.94931e-10 4.28858e-10 4.87865e-10 5.54279e-10 6.02409e-10 6.06845e-10 5.54399e-10 4.52507e-10 3.26668e-10 2.07264e-10 1.15193e-10 5.6015e-11 2.38315e-11 8.86872e-12 2.88022e-12 8.10405e-13 1.94135e-13 3.80437e-14 5.52076e-15 4.25017e-16 0 
0 0 0 0 0 0 0 0 0 0 0 0 0 0 0 0 0 0 0 0 0 0 0 0 0 0 0 0 0 0 0 0 0 0 0 0 0 0 0 0 0 
