0 0 0 0 0 0 0 0 0 0 0 0 0 0 0 0 0 0 0 0 0 0 0 0 0 0 0 0 0 0 0 0 0 0 0 0 0 0 0 0 0 
0 2.00481e-07 1.77738e-06 7.74822e-06 2.29907e-05 5.16848e-05 9.37276e-05 0.000144097 0.000195765 0.000242878 0.000281966 0.000311584 0.000331494 0.00034201 0.00034363 0.000336887 0.000322313 0.00030049 0.000272153 0.000238344 0.000200581 0.000160954 0.000122045 8.65863e-05 5.69005e-05 3.43107e-05 1.88357e-05 9.36219e-06 4.20111e-06 1.70103e-06 6.22132e-07 2.05866e-07 6.17021e-08 1.67406e-08 4.096e-09 8.95299e-10 1.71356e-10 2.75194e-11 3.34818e-12 2.20538e-13 0 
0 1.77738e-06 1.6054e-05 6.83251e-05 0.000187303 0.000370388 0.000575801 0.000760451 0.000907289 0.00101885 0.00110251 0.00116346 0.00120405 0.00122516 0.00122742 0.00121191 0.00118014 0.00113382 0.00107419 0.00100144 0.000914336 0.000810716 0.000689307 0.000552742 0.000410095 0.00027616 0.000166068 8.82273e-05 4.12451e-05 1.70003e-05 6.21363e-06 2.02774e-06 5.94205e-07 1.56821e-07 3.72275e-08 7.88774e-09 1.46371e-09 2.28121e-10 2.69707e-11 1.72909e-12 0 
0 7.74822e-06 6.83251e-05 0.000263531 0.000606914 0.000977883 0.00127674 0.00150738 0.00170375 0.00188115 0.00203765 0.00216525 0.00225629 0.00230586 0.00231242 0.00227777 0.00220655 0.00210569 0.00198356 0.00184891 0.0017092 0.00156827 0.00142332 0.00126334 0.00107276 0.000844047 0.000593443 0.000361377 0.000187189 8.23073e-05 3.10335e-05 1.0188e-05 2.95401e-06 7.63858e-07 1.76739e-07 3.64144e-08 6.56735e-09 9.95269e-10 1.14552e-10 7.15994e-12 0 
0 2.29907e-05 0.000187303 0.000606914 0.00112435 0.00154276 0.00189168 0.00223753 0.00258843 0.00292459 0.00322307 0.00346488 0.00363644 0.00372996 0.0037434 0.00368014 0.00354827 0.00335958 0.00312847 0.00287079 0.00260281 0.0023401 0.00209556 0.00187522 0.00167072 0.00145359 0.00118557 0.000857122 0.000521282 0.000259183 0.0001055 3.59169e-05 1.04986e-05 2.69008e-06 6.10984e-07 1.23006e-07 2.16384e-08 3.19802e-09 3.59225e-10 2.19392e-11 0 
0 5.16848e-05 0.000370388 0.000977883 0.00154276 0.0020281 0.00254441 0.00310195 0.00366568 0.004198 0.00466612 0.0050434 0.00531045 0.00545608 0.0054775 0.00537998 0.00517577 0.00488257 0.00452177 0.00411657 0.00369035 0.00326535 0.00286191 0.00249773 0.0021849 0.00192051 0.00167092 0.0013723 0.000986378 0.000577135 0.000265656 9.72858e-05 2.9362e-05 7.56426e-06 1.70171e-06 3.36783e-07 5.80435e-08 8.39553e-09 9.23103e-10 5.52319e-11 0 
0 9.37276e-05 0.000575801 0.00127674 0.00189168 0.00254441 0.00328968 0.00408635 0.00488281 0.00563068 0.00628659 0.00681447 0.00718789 0.00739152 0.00742163 0.00728557 0.00700033 0.00659039 0.00608521 0.00551661 0.00491631 0.00431395 0.00373572 0.00320395 0.00273722 0.00234875 0.00203542 0.00175352 0.00141403 0.000968347 0.000517701 0.000210795 6.73786e-05 1.77376e-05 3.99232e-06 7.81864e-07 1.32658e-07 1.88511e-08 2.03546e-09 1.19653e-10 0 
0 0.000144097 0.000760451 0.00150738 0.00223753 0.00310195 0.00408635 0.00512906 0.00616743 0.0071408 0.00799368 0.00867984 0.00916555 0.00943091 0.0094701 0.00929239 0.00892074 0.00838742 0.00773028 0.00699011 0.0062076 0.00542057 0.00466194 0.00395876 0.00333236 0.00279944 0.00237055 0.00203422 0.00172268 0.0013217 0.000816518 0.000376509 0.000130176 3.55609e-05 8.08729e-06 1.5776e-06 2.64783e-07 3.71088e-08 3.94784e-09 2.28664e-10 0 
0 0.000195765 0.000907289 0.00170375 0.00258843 0.00366568 0.00488281 0.00616743 0.00744502 0.00864182 0.00969085 0.0105396 0.0111513 0.0114944 0.0115461 0.0113145 0.01084 0.0101739 0.00936272 0.00845185 0.00748876 0.00651912 0.0055828 0.00471203 0.00393119 0.00325799 0.00270534 0.00227709 0.00193973 0.00158354 0.00109726 0.000572171 0.000216472 6.20822e-05 1.43853e-05 2.81141e-06 4.68829e-07 6.5038e-08 6.83887e-09 3.91411e-10 0 
0 0.000242878 0.00101885 0.00188115 0.00292459 0.004198 0.00563068 0.0071408 0.00864182 0.0100486 0.0112919 0.0123282 0.0131028 0.0135382 0.0136043 0.0133133 0.0127075 0.0118731 0.0108943 0.0098177 0.0086852 0.00754513 0.00644328 0.00541693 0.00449372 0.00369253 0.00302594 0.00250161 0.00210731 0.00176288 0.00132014 0.000765158 0.000316759 9.59163e-05 2.27704e-05 4.47822e-06 7.44702e-07 1.02588e-07 1.06933e-08 6.0636e-10 0 
0 0.000281966 0.00110251 0.00203765 0.00322307 0.00466612 0.00628659 0.00799368 0.00969085 0.0112919 0.0127439 0.0139643 0.0147901 0.0151984 0.0152559 0.0149888 0.0143777 0.0134261 0.0122621 0.0110154 0.00972902 0.00843969 0.00719356 0.00603185 0.0049852 0.00407384 0.00330996 0.00270098 0.00224399 0.00188539 0.00147862 0.000929515 0.000416877 0.000133148 3.24487e-05 6.43863e-06 1.07059e-06 1.46843e-07 1.52119e-08 8.56698e-10 0 
0 0.000311584 0.00116346 0.00216525 0.00346488 0.0050434 0.00681447 0.00867984 0.0105396 0.0123282 0.0139643 0.0151797 0.0158827 0.0162133 0.0162574 0.0160367 0.0155246 0.0146507 0.0134055 0.0119935 0.0105658 0.00915387 0.00779219 0.00652239 0.00537738 0.0043786 0.00353806 0.00286217 0.00235116 0.00196861 0.00158256 0.0010529 0.000503365 0.000168409 4.2061e-05 8.426e-06 1.40321e-06 1.92024e-07 1.9813e-08 1.11063e-09 0 
0 0.000331494 0.00120405 0.00225629 0.00363644 0.00531045 0.00718789 0.00916555 0.0111513 0.0131028 0.0147901 0.0158827 0.0164917 0.0167798 0.0168164 0.016619 0.0161671 0.0153947 0.0142082 0.0127046 0.0111568 0.00965223 0.00820895 0.00686349 0.00564975 0.00459005 0.00369635 0.00297417 0.00242443 0.00202021 0.00164371 0.00113343 0.000566849 0.000196441 5.00404e-05 1.01094e-05 1.6873e-06 2.30721e-07 2.37544e-08 1.32793e-09 0 
0 0.00034201 0.00122516 0.00230586 0.00372996 0.00545608 0.00739152 0.00943091 0.0114944 0.0135382 0.0151984 0.0162133 0.0167798 0.0170487 0.0170811 0.0168927 0.0164659 0.0157417 0.0146142 0.0130941 0.011474 0.00991418 0.00842653 0.00704068 0.00579044 0.00469848 0.0037767 0.00303009 0.00245953 0.00204255 0.00167039 0.0011739 0.000602559 0.000213367 5.50525e-05 1.11891e-05 1.87157e-06 2.55989e-07 2.63399e-08 1.47101e-09 0 
0 0.00034363 0.00122742 0.00231242 0.0037434 0.0054775 0.00742163 0.0094701 0.0115461 0.0136043 0.0152559 0.0162574 0.0168164 0.0170811 0.0171112 0.0169224 0.0164971 0.0157778 0.0146581 0.0131356 0.0115028 0.00993432 0.00844105 0.00705057 0.00579642 0.00470117 0.00377658 0.00302741 0.00245444 0.00203628 0.00166725 0.0011778 0.000609299 0.000217304 5.63432e-05 1.14848e-05 1.92434e-06 2.63494e-07 2.71332e-08 1.51627e-09 0 
0 0.000336887 0.00121191 0.00227777 0.00368014 0.00537998 0.00728557 0.00929239 0.0113145 0.0133133 0.0149888 0.0160367 0.016619 0.0168927 0.0169224 0.0167245 0.0162799 0.0155267 0.014363 0.0128407 0.0112534 0.00972314 0.00826134 0.00690015 0.00567298 0.00460192 0.00369847 0.00296746 0.00240962 0.00200192 0.0016361 0.00114766 0.000588326 0.000208446 5.3895e-05 1.09843e-05 1.84278e-06 2.52801e-07 2.6088e-08 1.46115e-09 0 
0 0.000322313 0.00118014 0.00220655 0.00354827 0.00517577 0.00700033 0.00892074 0.01084 0.0127075 0.0143777 0.0155246 0.0161671 0.0164659 0.0164971 0.0162799 0.0157911 0.0149615 0.0137274 0.0122521 0.0107615 0.00930545 0.00790721 0.00660526 0.00543241 0.00440984 0.00354881 0.00285449 0.00232735 0.0019397 0.00157635 0.00108496 0.000542827 0.000188828 4.83812e-05 9.83703e-06 1.65232e-06 2.27339e-07 2.35477e-08 1.32421e-09 0 
0 0.00030049 0.00113382 0.00210569 0.00335958 0.00488257 0.00659039 0.00838742 0.0101739 0.0118731 0.0134261 0.0146507 0.0153947 0.0157417 0.0157778 0.0155267 0.0149615 0.0140306 0.0127929 0.0114431 0.0100744 0.00871579 0.00740678 0.00618849 0.00509215 0.00413786 0.00333668 0.00269432 0.00221021 0.00184844 0.00148515 0.000991084 0.000477976 0.000161911 4.09604e-05 8.30294e-06 1.39761e-06 1.93178e-07 2.01235e-08 1.13864e-09 0 
0 0.000272153 0.00107419 0.00198356 0.00312847 0.00452177 0.00608521 0.00773028 0.00936272 0.0108943 0.0122621 0.0134055 0.0142082 0.0146142 0.0146581 0.014363 0.0137274 0.0127929 0.0116811 0.0104829 0.00923969 0.00799439 0.00679349 0.00567658 0.0046727 0.0038008 0.00307196 0.00249244 0.00205886 0.00172358 0.00135782 0.000869302 0.000401197 0.000131997 3.29842e-05 6.67795e-06 1.12916e-06 1.57194e-07 1.65114e-08 9.42392e-10 0 
0 0.000238344 0.00100144 0.00184891 0.00287079 0.00411657 0.00551661 0.00699011 0.00845185 0.0098177 0.0110154 0.0119935 0.0127046 0.0130941 0.0131356 0.0128407 0.0122521 0.0114431 0.0104829 0.00942111 0.0083051 0.00718416 0.00610305 0.00509789 0.00419538 0.00341345 0.0027634 0.00225149 0.00186878 0.00155561 0.00119041 0.000727552 0.00032202 0.000103504 2.57022e-05 5.2238e-06 8.90991e-07 1.25365e-07 1.33166e-08 7.68566e-10 0 
0 0.000200581 0.000914336 0.0017092 0.00260281 0.00369035 0.00491631 0.0062076 0.00748876 0.0086852 0.00972902 0.0105658 0.0111568 0.011474 0.0115028 0.0112534 0.0107615 0.0100744 0.00923969 0.0083051 0.00731917 0.00632773 0.00537065 0.00448015 0.00368052 0.00298881 0.00241644 0.00196802 0.00162768 0.00133244 0.000986002 0.000580609 0.000250935 8.01865e-05 2.00399e-05 4.1221e-06 7.12764e-07 1.01662e-07 1.09383e-08 6.38784e-10 0 
0 0.000160954 0.000810716 0.00156827 0.0023401 0.00326535 0.00431395 0.00542057 0.00651912 0.00754513 0.00843969 0.00915387 0.00965223 0.00991418 0.00993432 0.00972314 0.00930545 0.00871579 0.00799439 0.00718416 0.00632773 0.00546452 0.00462883 0.00384877 0.00314617 0.0025371 0.0020321 0.0016327 0.001322 0.00105317 0.000763332 0.000448615 0.000197036 6.44869e-05 1.64937e-05 3.4585e-06 6.07206e-07 8.76579e-08 9.52262e-09 5.60371e-10 0 
0 0.000122045 0.000689307 0.00142332 0.00209556 0.00286191 0.00373572 0.00466194 0.0055828 0.00644328 0.00719356 0.00779219 0.00820895 0.00842653 0.00844105 0.00826134 0.00790721 0.00740678 0.00679349 0.00610305 0.00537065 0.00462883 0.00390602 0.00322604 0.00260842 0.0020691 0.001619 0.00125984 0.000981381 0.000760562 0.000558768 0.000348346 0.000164616 5.70794e-05 1.51175e-05 3.22654e-06 5.70842e-07 8.26006e-08 8.96862e-09 5.26649e-10 0 
0 8.65863e-05 0.000552742 0.00126334 0.00187522 0.00249773 0.00320395 0.00395876 0.00471203 0.00541693 0.00603185 0.00652239 0.00686349 0.00704068 0.00705057 0.00690015 0.00660526 0.00618849 0.00567658 0.00509789 0.00448015 0.00384877 0.00322604 0.00263191 0.00208819 0.001625 0.00127164 0.00101752 0.000805906 0.000604015 0.000430298 0.000284374 0.00015012 5.65276e-05 1.55203e-05 3.33306e-06 5.85384e-07 8.3681e-08 8.96558e-09 5.19586e-10 0 
0 5.69005e-05 0.000410095 0.00107276 0.00167072 0.0021849 0.00273722 0.00333236 0.00393119 0.00449372 0.0049852 0.00537738 0.00564975 0.00579044 0.00579642 0.00567298 0.00543241 0.00509215 0.0046727 0.00419538 0.00368052 0.00314617 0.00260842 0.00208819 0.00163693 0.00136369 0.00134937 0.00145982 0.00138798 0.00101974 0.000579294 0.000294423 0.000148796 5.97086e-05 1.68814e-05 3.60074e-06 6.19425e-07 8.65039e-08 9.06463e-09 5.14868e-10 0 
0 3.43107e-05 0.00027616 0.000844047 0.00145359 0.00192051 0.00234875 0.00279944 0.00325799 0.00369253 0.00407384 0.0043786 0.00459005 0.00469848 0.00470117 0.00460192 0.00440984 0.00413786 0.0038008 0.00341345 0.00298881 0.0025371 0.0020691 0.001625 0.00136369 0.00160204 0.00252562 0.00367181 0.00408555 0.00286923 0.00146044 0.000540531 0.000182784 6.50251e-05 1.82002e-05 3.79721e-06 6.34354e-07 8.61506e-08 8.80801e-09 4.89701e-10 0 
0 1.88357e-05 0.000166068 0.000593443 0.00118557 0.00167092 0.00203542 0.00237055 0.00270534 0.00302594 0.00330996 0.00353806 0.00369635 0.0037767 0.00377658 0.00369847 0.00354881 0.00333668 0.00307196 0.0027634 0.00241644 0.0020321 0.001619 0.00127164 0.00134937 0.00252562 0.00528181 0.00961542 0.0106146 0.00742323 0.00337013 0.00114088 0.000289375 7.46671e-05 1.87344e-05 3.71515e-06 5.98223e-07 7.9045e-08 7.90753e-09 4.31745e-10 0 
0 9.36219e-06 8.82273e-05 0.000361377 0.000857122 0.0013723 0.00175352 0.00203422 0.00227709 0.00250161 0.00270098 0.00286217 0.00297417 0.00303009 0.00302741 0.00296746 0.00285449 0.00269432 0.00249244 0.00225149 0.00196802 0.0016327 0.00125984 0.00101752 0.00145982 0.00367181 0.00961542 0.0119618 0.0122479 0.0113343 0.00621069 0.00182866 0.000422441 8.52541e-05 1.78723e-05 3.25682e-06 5.02136e-07 6.48116e-08 6.38563e-09 3.44588e-10 0 
0 4.20111e-06 4.12451e-05 0.000187189 0.000521282 0.000986378 0.00141403 0.00172268 0.00193973 0.00210731 0.00224399 0.00235116 0.00242443 0.00245953 0.00245444 0.00240962 0.00232735 0.00221021 0.00205886 0.00186878 0.00162768 0.001322 0.000981381 0.000805906 0.00138798 0.00408555 0.0106146 0.0122479 0.0124606 0.0117066 0.00743915 0.00201405 0.000453462 8.23755e-05 1.48926e-05 2.47468e-06 3.66163e-07 4.65541e-08 4.55923e-09 2.45196e-10 0 
0 1.70103e-06 1.70003e-05 8.23073e-05 0.000259183 0.000577135 0.000968347 0.0013217 0.00158354 0.00176288 0.00188539 0.00196861 0.00202021 0.00204255 0.00203628 0.00200192 0.0019397 0.00184844 0.00172358 0.00155561 0.00133244 0.00105317 0.000760562 0.000604015 0.00101974 0.00286923 0.00742323 0.0113343 0.0117066 0.0102583 0.00462075 0.00149206 0.000336013 6.00762e-05 1.00859e-05 1.57476e-06 2.27854e-07 2.89388e-08 2.84857e-09 1.54104e-10 0 
0 6.22132e-07 6.21363e-06 3.10335e-05 0.0001055 0.000265656 0.000517701 0.000816518 0.00109726 0.00132014 0.00147862 0.00158256 0.00164371 0.00167039 0.00166725 0.0016361 0.00157635 0.00148515 0.00135782 0.00119041 0.000986002 0.000763332 0.000558768 0.000430298 0.000579294 0.00146044 0.00337013 0.00621069 0.00743915 0.00462075 0.00224 0.000741289 0.000171324 3.19069e-05 5.30477e-06 8.19891e-07 1.19814e-07 1.54769e-08 1.54941e-09 8.51077e-11 0 
0 2.05866e-07 2.02774e-06 1.0188e-05 3.59169e-05 9.72858e-05 0.000210795 0.000376509 0.000572171 0.000765158 0.000929515 0.0010529 0.00113343 0.0011739 0.0011778 0.00114766 0.00108496 0.000991084 0.000869302 0.000727552 0.000580609 0.000448615 0.000348346 0.000284374 0.000294423 0.000540531 0.00114088 0.00182866 0.00201405 0.00149206 0.000741289 0.000251001 6.21783e-05 1.24489e-05 2.15732e-06 3.49046e-07 5.32717e-08 7.1188e-09 7.32629e-10 4.12098e-11 0 
0 6.17021e-08 5.94205e-07 2.95401e-06 1.04986e-05 2.9362e-05 6.73786e-05 0.000130176 0.000216472 0.000316759 0.000416877 0.000503365 0.000566849 0.000602559 0.000609299 0.000588326 0.000542827 0.000477976 0.000401197 0.00032202 0.000250935 0.000197036 0.000164616 0.00015012 0.000148796 0.000182784 0.000289375 0.000422441 0.000453462 0.000336013 0.000171324 6.21783e-05 1.69798e-05 3.70161e-06 7.01526e-07 1.24029e-07 2.02037e-08 2.8251e-09 3.01372e-10 1.74822e-11 0 
0 1.67406e-08 1.56821e-07 7.63858e-07 2.69008e-06 7.56426e-06 1.77376e-05 3.55609e-05 6.20822e-05 9.59163e-05 0.000133148 0.000168409 0.000196441 0.000213367 0.000217304 0.000208446 0.000188828 0.000161911 0.000131997 0.000103504 8.01865e-05 6.44869e-05 5.70794e-05 5.65276e-05 5.97086e-05 6.50251e-05 7.46671e-05 8.52541e-05 8.23755e-05 6.00762e-05 3.19069e-05 1.24489e-05 3.70161e-06 8.98437e-07 1.92687e-07 3.77815e-08 6.60282e-09 9.71007e-10 1.07964e-10 6.49328e-12 0 
0 4.096e-09 3.72275e-08 1.76739e-07 6.10984e-07 1.70171e-06 3.99232e-06 8.08729e-06 1.43853e-05 2.27704e-05 3.24487e-05 4.2061e-05 5.00404e-05 5.50525e-05 5.63432e-05 5.3895e-05 4.83812e-05 4.09604e-05 3.29842e-05 2.57022e-05 2.00399e-05 1.64937e-05 1.51175e-05 1.55203e-05 1.68814e-05 1.82002e-05 1.87344e-05 1.78723e-05 1.48926e-05 1.00859e-05 5.30477e-06 2.15732e-06 7.01526e-07 1.92687e-07 4.66504e-08 1.00237e-08 1.86963e-09 2.89471e-10 3.36537e-11 2.10608e-12 0 
0 8.95299e-10 7.88774e-09 3.64144e-08 1.23006e-07 3.36783e-07 7.81864e-07 1.5776e-06 2.81141e-06 4.47822e-06 6.43863e-06 8.426e-06 1.01094e-05 1.11891e-05 1.14848e-05 1.09843e-05 9.83703e-06 8.30294e-06 6.67795e-06 5.2238e-06 4.1221e-06 3.4585e-06 3.22654e-06 3.33306e-06 3.60074e-06 3.79721e-06 3.71515e-06 3.25682e-06 2.47468e-06 1.57476e-06 8.19891e-07 3.49046e-07 1.24029e-07 3.77815e-08 1.00237e-08 2.31422e-09 4.57551e-10 7.45423e-11 9.07451e-12 5.92112e-13 0 
0 1.71356e-10 1.46371e-09 6.56735e-09 2.16384e-08 5.80435e-08 1.32658e-07 2.64783e-07 4.68829e-07 7.44702e-07 1.07059e-06 1.40321e-06 1.6873e-06 1.87157e-06 1.92434e-06 1.84278e-06 1.65232e-06 1.39761e-06 1.12916e-06 8.90991e-07 7.12764e-07 6.07206e-07 5.70842e-07 5.85384e-07 6.19425e-07 6.34354e-07 5.98223e-07 5.02136e-07 3.66163e-07 2.27854e-07 1.19814e-07 5.32717e-08 2.02037e-08 6.60282e-09 1.86963e-09 4.57551e-10 9.54189e-11 1.63358e-11 2.08245e-12 1.4178e-13 0 
0 2.75194e-11 2.28121e-10 9.95269e-10 3.19802e-09 8.39553e-09 1.88511e-08 3.71088e-08 6.5038e-08 1.02588e-07 1.46843e-07 1.92024e-07 2.30721e-07 2.55989e-07 2.63494e-07 2.52801e-07 2.27339e-07 1.93178e-07 1.57194e-07 1.25365e-07 1.01662e-07 8.76579e-08 8.26006e-08 8.3681e-08 8.65039e-08 8.61506e-08 7.9045e-08 6.48116e-08 4.65541e-08 2.89388e-08 1.54769e-08 7.1188e-09 2.8251e-09 9.71007e-10 2.89471e-10 7.45423e-11 1.63358e-11 2.93313e-12 3.9115e-13 2.77791e-14 0 
0 3.34818e-12 2.69707e-11 1.14552e-10 3.59225e-10 9.23103e-10 2.03546e-09 3.94784e-09 6.83887e-09 1.06933e-08 1.52119e-08 1.9813e-08 2.37544e-08 2.63399e-08 2.71332e-08 2.6088e-08 2.35477e-08 2.01235e-08 1.65114e-08 1.33166e-08 1.09383e-08 9.52262e-09 8.96862e-09 8.96558e-09 9.06463e-09 8.80801e-09 7.90753e-09 6.38563e-09 4.55923e-09 2.84857e-09 1.54941e-09 7.32629e-10 3.01372e-10 1.07964e-10 3.36537e-11 9.07451e-12 2.08245e-12 3.9115e-13 5.44735e-14 4.03135e-15 0 
0 2.20538e-13 1.72909e-12 7.15994e-12 2.19392e-11 5.52319e-11 1.19653e-10 2.28664e-10 3.91411e-10 6.0636e-10 8.56698e-10 1.11063e-09 1.32793e-09 1.47101e-09 1.51627e-09 1.46115e-09 1.32421e-09 1.13864e-09 9.42392e-10 7.68566e-10 6.38784e-10 5.60371e-10 5.26649e-10 5.19586e-10 5.14868e-10 4.89701e-10 4.31745e-10 3.44588e-10 2.45196e-10 1.54104e-10 8.51077e-11 4.12098e-11 1.74822e-11 6.49328e-12 2.10608e-12 5.92112e-13 1.4178e-13 2.77791e-14 4.03135e-15 3.10413e-16 0 
0 0 0 0 0 0 0 0 0 0 0 0 0 0 0 0 0 0 0 0 0 0 0 0 0 0 0 0 0 0 0 0 0 0 0 0 0 0 0 0 0 
