0 0 0 0 0 0 0 0 0 0 0 0 0 0 0 0 0 0 0 0 0 0 0 0 0 0 0 0 0 0 0 0 0 0 0 0 0 0 0 0 0 
0 8.49109e-08 7.81271e-07 3.6693e-06 1.22177e-05 3.18937e-05 6.84746e-05 0.000124846 0.000198512 0.000281816 0.000364496 0.000436643 0.000490608 0.000521691 0.000528052 0.000510336 0.000471272 0.000415308 0.00034821 0.000276526 0.000206833 0.000144794 9.42599e-05 5.67223e-05 3.13975e-05 1.59315e-05 7.39704e-06 3.14165e-06 1.22152e-06 4.35403e-07 1.42485e-07 4.28505e-08 1.18412e-08 3.00042e-09 6.93412e-10 1.44565e-10 2.66111e-11 4.13904e-12 4.90536e-13 3.16227e-14 0 
0 7.81271e-07 7.47616e-06 3.60283e-05 0.000120422 0.000307066 0.000626909 0.00106536 0.0015643 0.00205397 0.00248099 0.00281575 0.00304648 0.00317134 0.00319331 0.00311778 0.00295173 0.00270395 0.00238612 0.0020147 0.00161289 0.00121097 0.000842684 0.000537429 0.000311279 0.000162799 7.67308e-05 3.26327e-05 1.25655e-05 4.39945e-06 1.40627e-06 4.11644e-07 1.10504e-07 2.71789e-08 6.09694e-09 1.23454e-09 2.2093e-10 3.3448e-11 3.86383e-12 2.43134e-13 0 
0 3.6693e-06 3.60283e-05 0.000173634 0.000557975 0.00130905 0.00237827 0.0035572 0.00464869 0.00556304 0.00628612 0.00682619 0.00719075 0.00738445 0.0074128 0.00728466 0.00701239 0.00660989 0.00608962 0.00546011 0.00472725 0.00390257 0.00301902 0.00214393 0.00136974 0.000775411 0.000386176 0.000169392 6.59026e-05 2.29565e-05 7.22487e-06 2.06881e-06 5.41286e-07 1.29526e-07 2.82546e-08 5.56496e-09 9.69497e-10 1.43054e-10 1.61274e-11 9.91803e-13 0 
0 1.22177e-05 0.000120422 0.000557975 0.00162712 0.00330698 0.00516449 0.00684428 0.00827852 0.00950364 0.0105321 0.0113452 0.0119162 0.0122262 0.0122709 0.012062 0.0116251 0.0109964 0.0102173 0.00932658 0.00835112 0.00729616 0.00614412 0.00487892 0.00354195 0.00227343 0.00125776 0.000594067 0.000241037 8.53064e-05 2.6784e-05 7.56465e-06 1.9395e-06 4.53267e-07 9.64275e-08 1.85177e-08 3.14705e-09 4.53417e-10 4.99717e-11 3.0083e-12 0 
0 3.18937e-05 0.000307066 0.00130905 0.00330698 0.00574979 0.00803131 0.010088 0.0120029 0.0137658 0.0153055 0.0165443 0.0174207 0.0178985 0.0179688 0.0176489 0.0169788 0.0160165 0.0148317 0.0134985 0.0120879 0.0106557 0.00922493 0.00776704 0.00621036 0.00452777 0.00286748 0.00152064 0.000668511 0.000247187 7.88363e-05 2.22091e-05 5.62012e-06 1.28914e-06 2.68464e-07 5.04204e-08 8.38069e-09 1.18172e-09 1.27588e-10 7.53318e-12 0 
0 6.84746e-05 0.000626909 0.00237827 0.00516449 0.00803131 0.0107292 0.0133956 0.0160167 0.0184713 0.0206232 0.022355 0.02358 0.0242479 0.0243467 0.0239004 0.0229647 0.0216198 0.0199626 0.0180971 0.016127 0.0141469 0.0122319 0.0104173 0.00866515 0.00685371 0.0048948 0.00296315 0.00145643 0.000579454 0.000191717 5.45959e-05 1.37516e-05 3.11373e-06 6.3747e-07 1.17492e-07 1.91568e-08 2.6505e-09 2.81005e-10 1.63076e-11 0 
0 0.000124846 0.00106536 0.0035572 0.00684428 0.010088 0.0133956 0.0168251 0.0202323 0.0234255 0.0262234 0.0284738 0.0300649 0.0309321 0.0310598 0.0304794 0.0292631 0.0275148 0.0253593 0.0229311 0.0203641 0.0177819 0.015291 0.0129709 0.0108508 0.00886235 0.00682371 0.00463006 0.00256993 0.00112471 0.000393832 0.00011495 2.90764e-05 6.5379e-06 1.32173e-06 2.39937e-07 3.84951e-08 5.2407e-09 5.46961e-10 3.12707e-11 0 
0 0.000198512 0.0015643 0.00464869 0.00827852 0.0120029 0.0160167 0.0202323 0.0244235 0.0283495 0.0317878 0.0345521 0.0365055 0.037569 0.037724 0.0370091 0.0355132 0.0333635 0.030713 0.0277263 0.024567 0.021386 0.0183142 0.0154554 0.0128774 0.0105795 0.00842698 0.00617488 0.00381682 0.00185069 0.000695547 0.000210558 5.39255e-05 1.21095e-05 2.42786e-06 4.35644e-07 6.89917e-08 9.26807e-09 9.54689e-10 5.38992e-11 0 
0 0.000281816 0.00205397 0.00556304 0.00950364 0.0137658 0.0184713 0.0234255 0.0283495 0.0329601 0.0369964 0.0402399 0.0425305 0.0437758 0.0439544 0.0431122 0.0413533 0.0388273 0.0357135 0.0322046 0.0284918 0.0247519 0.0211372 0.0177699 0.0147372 0.0120769 0.0097225 0.00743326 0.00497945 0.00265314 0.00107517 0.000340115 8.87451e-05 1.99967e-05 3.99123e-06 7.10252e-07 1.11364e-07 1.48031e-08 1.50888e-09 8.43255e-11 0 
0 0.000364496 0.00248099 0.00628612 0.0105321 0.0153055 0.0206232 0.0262234 0.0317878 0.0369964 0.0415544 0.0452153 0.0477985 0.0492006 0.0493976 0.0484419 0.0464515 0.0435954 0.0400758 0.0361102 0.0319142 0.0276865 0.0235986 0.0197875 0.0163528 0.0133509 0.0107607 0.00839403 0.00592863 0.00340942 0.00148243 0.000490866 0.000130919 2.96976e-05 5.919e-06 1.04765e-06 1.63091e-07 2.1509e-08 2.17497e-09 1.2061e-10 0 
0 0.000436643 0.00281575 0.00682619 0.0113452 0.0165443 0.022355 0.0284738 0.0345521 0.0402399 0.0452153 0.0492091 0.0520249 0.0535499 0.053759 0.0527097 0.0505314 0.0474088 0.0435627 0.0392305 0.0346469 0.0300287 0.0255624 0.0213968 0.0176402 0.0143583 0.0115544 0.00908908 0.00662678 0.00402869 0.00185713 0.000641098 0.000174768 3.99711e-05 7.97253e-06 1.40699e-06 2.18018e-07 2.85999e-08 2.87612e-09 1.58634e-10 0 
0 0.000490608 0.00304648 0.00719075 0.0119162 0.0174207 0.02358 0.0300649 0.0365055 0.0425305 0.0477985 0.0520249 0.0550015 0.0566098 0.0568239 0.0557056 0.0533921 0.0500794 0.0460018 0.0414104 0.0365539 0.0316612 0.0269295 0.0225158 0.0185339 0.0150546 0.0120933 0.00954242 0.00708154 0.00446517 0.00214855 0.000766698 0.000212962 4.9101e-05 9.81382e-06 1.73035e-06 2.67502e-07 3.49897e-08 3.508e-09 1.92917e-10 0 
0 0.000521691 0.00317134 0.00738445 0.0122262 0.0178985 0.0242479 0.0309321 0.037569 0.0437758 0.0492006 0.0535499 0.0566098 0.0582585 0.0584705 0.0573106 0.0549201 0.0515011 0.0472955 0.0425624 0.0375577 0.0325172 0.0276432 0.0230971 0.0189955 0.0154113 0.0123651 0.00976648 0.00731182 0.00470613 0.00232507 0.000848099 0.000238758 5.54171e-05 1.11068e-05 1.95987e-06 3.02954e-07 3.96093e-08 3.9692e-09 2.18204e-10 0 
0 0.000528052 0.00319331 0.0074128 0.0122709 0.0179688 0.0243467 0.0310598 0.037724 0.0439544 0.0493976 0.053759 0.0568239 0.0584705 0.0586742 0.0575006 0.0550921 0.0516522 0.0474243 0.0426687 0.0376426 0.0325823 0.0276908 0.0231295 0.0190151 0.0154204 0.0123669 0.00977011 0.00733537 0.00475634 0.00237477 0.000874838 0.000248059 5.78484e-05 1.16317e-05 2.05769e-06 3.18794e-07 4.17742e-08 4.19623e-09 2.31301e-10 0 
0 0.000510336 0.00311778 0.00728466 0.012062 0.0176489 0.0239004 0.0304794 0.0370091 0.0431122 0.0484419 0.0527097 0.0557056 0.0573106 0.0575006 0.0563403 0.0539706 0.0505915 0.0464421 0.0417777 0.0368505 0.0318921 0.0271013 0.022636 0.0186102 0.0150945 0.0121085 0.00956401 0.00716699 0.00462892 0.00230241 0.000847085 0.000240533 5.62736e-05 1.13626e-05 2.0197e-06 3.14546e-07 4.14503e-08 4.18902e-09 2.32413e-10 0 
0 0.000471272 0.00295173 0.00701239 0.0116251 0.0169788 0.0229647 0.0292631 0.0355132 0.0413533 0.0464515 0.0505314 0.0533921 0.0549201 0.0550921 0.0539706 0.0516913 0.0484468 0.0444661 0.0399944 0.0352733 0.0305249 0.0259397 0.0216686 0.0178209 0.0144635 0.0116105 0.00916174 0.00681981 0.00434303 0.00212666 0.000774832 0.000219559 5.15427e-05 1.04761e-05 1.87782e-06 2.95251e-07 3.93136e-08 4.01733e-09 2.25506e-10 0 
0 0.000415308 0.00270395 0.00660989 0.0109964 0.0160165 0.0216198 0.0275148 0.0333635 0.0388273 0.0435954 0.0474088 0.0500794 0.0515011 0.0516522 0.0505915 0.0484468 0.0453987 0.0416623 0.0374676 0.0330413 0.028592 0.024298 0.0203014 0.0167045 0.013569 0.0108999 0.00857786 0.0063078 0.00392655 0.00187848 0.000675509 0.000191193 4.52069e-05 9.29872e-06 1.69127e-06 2.70254e-07 3.66081e-08 3.80792e-09 2.17646e-10 0 
0 0.00034821 0.00238612 0.00608962 0.0102173 0.0148317 0.0199626 0.0253593 0.030713 0.0357135 0.0400758 0.0435627 0.0460018 0.0472955 0.0474243 0.0464421 0.0444661 0.0416623 0.0382281 0.0343745 0.0303099 0.0262257 0.0222861 0.018622 0.0153279 0.0124583 0.0100042 0.00782589 0.00565134 0.00342143 0.00159918 0.000570593 0.000162673 3.91187e-05 8.22499e-06 1.53282e-06 2.51192e-07 3.48945e-08 3.71984e-09 2.17638e-10 0 
0 0.000276526 0.0020147 0.00546011 0.00932658 0.0134985 0.0180971 0.0229311 0.0277263 0.0322046 0.0361102 0.0392305 0.0414104 0.0425624 0.0426687 0.0417777 0.0399944 0.0374676 0.0343745 0.0309046 0.027245 0.0235677 0.0200211 0.0167235 0.0137604 0.0111767 0.0089464 0.00692076 0.00488722 0.00288744 0.001336 0.000481883 0.000141068 3.50995e-05 7.65156e-06 1.47709e-06 2.50129e-07 3.579e-08 3.91581e-09 2.34274e-10 0 
0 0.000206833 0.00161289 0.00472725 0.00835112 0.0120879 0.016127 0.0203641 0.024567 0.0284918 0.0319142 0.0346469 0.0365539 0.0375577 0.0376426 0.0368505 0.0352733 0.0330413 0.0303099 0.027245 0.0240106 0.0207582 0.0176184 0.0146963 0.0120667 0.00976215 0.00774504 0.00589087 0.00407906 0.00239734 0.00113441 0.000428431 0.000132584 3.48087e-05 7.94977e-06 1.59419e-06 2.78171e-07 4.07214e-08 4.53057e-09 2.74233e-10 0 
0 0.000144794 0.00121097 0.00390257 0.00729616 0.0106557 0.0141469 0.0177819 0.021386 0.0247519 0.0276865 0.0300287 0.0316612 0.0325172 0.0325823 0.0318921 0.0305249 0.028592 0.0262257 0.0235677 0.0207582 0.0179264 0.0151844 0.0126224 0.0103021 0.00824657 0.00643138 0.00480034 0.0033151 0.00201677 0.00102682 0.000424296 0.000142482 3.97738e-05 9.46131e-06 1.94452e-06 3.43783e-07 5.05921e-08 5.62814e-09 3.39376e-10 0 
0 9.42599e-05 0.000842684 0.00301902 0.00614412 0.00922493 0.0122319 0.015291 0.0183142 0.0211372 0.0235986 0.0255624 0.0269295 0.0276432 0.0276908 0.0271013 0.0259397 0.024298 0.0222861 0.0200211 0.0176184 0.0151844 0.012811 0.0105711 0.00851639 0.00668346 0.00510349 0.00378742 0.00269851 0.00177884 0.00101895 0.000475009 0.000174611 5.12882e-05 1.24477e-05 2.56195e-06 4.49115e-07 6.52124e-08 7.14167e-09 4.23575e-10 0 
0 5.67223e-05 0.000537429 0.00214393 0.00487892 0.00776704 0.0104173 0.0129709 0.0154554 0.0177699 0.0197875 0.0213968 0.0225158 0.0230971 0.0231295 0.022636 0.0216686 0.0203014 0.018622 0.0167235 0.0146963 0.0126224 0.0105711 0.00860198 0.00678821 0.00524797 0.00408981 0.00326086 0.00255011 0.00182504 0.00113684 0.000583193 0.000231121 7.00154e-05 1.69284e-05 3.41454e-06 5.83511e-07 8.25332e-08 8.81318e-09 5.10504e-10 0 
0 3.13975e-05 0.000311279 0.00136974 0.00354195 0.00621036 0.00866515 0.0108508 0.0128774 0.0147372 0.0163528 0.0176402 0.0185339 0.0189955 0.0190151 0.0186102 0.0178209 0.0167045 0.0153279 0.0137604 0.0120667 0.0103021 0.00851639 0.00678821 0.00531447 0.00444906 0.00442046 0.00478719 0.00455179 0.00334046 0.00187202 0.000856972 0.000326101 9.67414e-05 2.25453e-05 4.36059e-06 7.17579e-07 9.82243e-08 1.01902e-08 5.75343e-10 0 
0 1.59315e-05 0.000162799 0.000775411 0.00227343 0.00452777 0.00685371 0.00886235 0.0105795 0.0120769 0.0133509 0.0143583 0.0150546 0.0154113 0.0154204 0.0150945 0.0144635 0.013569 0.0124583 0.0111767 0.00976215 0.00824657 0.00668346 0.00524797 0.00444906 0.00525386 0.00828529 0.0119544 0.012741 0.00941239 0.00479066 0.0017608 0.000529146 0.000136102 2.87395e-05 5.15694e-06 8.06594e-07 1.06563e-07 1.07505e-08 5.92773e-10 0 
0 7.39704e-06 7.67308e-05 0.000386176 0.00125776 0.00286748 0.0048948 0.00682371 0.00842698 0.0097225 0.0107607 0.0115544 0.0120933 0.0123651 0.0123669 0.0121085 0.0116105 0.0108999 0.0100042 0.0089464 0.00774504 0.00643138 0.00510349 0.00408981 0.00442046 0.00828529 0.0171955 0.027358 0.0301557 0.0222334 0.0110556 0.00374213 0.0009281 0.000192969 3.4622e-05 5.53019e-06 8.08769e-07 1.03047e-07 1.01515e-08 5.49344e-10 0 
0 3.14165e-06 3.26327e-05 0.000169392 0.000594067 0.00152064 0.00296315 0.00463006 0.00617488 0.00743326 0.00839403 0.00908908 0.00954242 0.00976648 0.00977011 0.00956401 0.00916174 0.00857786 0.00782589 0.00692076 0.00589087 0.00480034 0.00378742 0.00326086 0.00478719 0.0119544 0.027358 0.044683 0.0493306 0.0367115 0.0181091 0.00599891 0.00137916 0.000246686 3.75669e-05 5.24119e-06 7.0917e-07 8.73421e-08 8.46099e-09 4.52575e-10 0 
0 1.22152e-06 1.25655e-05 6.59026e-05 0.000241037 0.000668511 0.00145643 0.00256993 0.00381682 0.00497945 0.00592863 0.00662678 0.00708154 0.00731182 0.00733537 0.00716699 0.00681981 0.0063078 0.00565134 0.00488722 0.00407906 0.0033151 0.00269851 0.00255011 0.00455179 0.012741 0.0301557 0.0493306 0.0537912 0.0409895 0.020067 0.00660692 0.00148365 0.000247357 3.37125e-05 4.21009e-06 5.32815e-07 6.40688e-08 6.16347e-09 3.28741e-10 0 
0 4.35403e-07 4.39945e-06 2.29565e-05 8.53064e-05 0.000247187 0.000579454 0.00112471 0.00185069 0.00265314 0.00340942 0.00402869 0.00446517 0.00470613 0.00475634 0.00462892 0.00434303 0.00392655 0.00342143 0.00288744 0.00239734 0.00201677 0.00177884 0.00182504 0.00334046 0.00941239 0.0222334 0.0367115 0.0409895 0.0301254 0.0148684 0.00489468 0.00109711 0.000179176 2.31856e-05 2.73817e-06 3.3643e-07 4.03136e-08 3.90027e-09 2.09443e-10 0 
0 1.42485e-07 1.40627e-06 7.22487e-06 2.6784e-05 7.88363e-05 0.000191717 0.000393832 0.000695547 0.00107517 0.00148243 0.00185713 0.00214855 0.00232507 0.00237477 0.00230241 0.00212666 0.00187848 0.00159918 0.001336 0.00113441 0.00102682 0.00101895 0.00113684 0.00187202 0.00479066 0.0110556 0.0181091 0.020067 0.0148684 0.00734834 0.00243107 0.000552517 9.09976e-05 1.17595e-05 1.40429e-06 1.76707e-07 2.16777e-08 2.1384e-09 1.16728e-10 0 
0 4.28505e-08 4.11644e-07 2.06881e-06 7.56465e-06 2.22091e-05 5.45959e-05 0.00011495 0.000210558 0.000340115 0.000490866 0.000641098 0.000766698 0.000848099 0.000874838 0.000847085 0.000774832 0.000675509 0.000570593 0.000481883 0.000428431 0.000424296 0.000475009 0.000583193 0.000856972 0.0017608 0.00374213 0.00599891 0.00660692 0.00489468 0.00243107 0.000817409 0.000191186 3.24559e-05 4.41077e-06 5.71636e-07 7.75933e-08 9.98166e-09 1.01607e-09 5.68684e-11 0 
0 1.18412e-08 1.10504e-07 5.41286e-07 1.9395e-06 5.62012e-06 1.37516e-05 2.90764e-05 5.39255e-05 8.87451e-05 0.000130919 0.000174768 0.000212962 0.000238758 0.000248059 0.000240533 0.000219559 0.000191193 0.000162673 0.000141068 0.000132584 0.000142482 0.000174611 0.000231121 0.000326101 0.000529146 0.0009281 0.00137916 0.00148365 0.00109711 0.000552517 0.000191186 4.64879e-05 8.40255e-06 1.28046e-06 1.91736e-07 2.89665e-08 3.95818e-09 4.19221e-10 2.42252e-11 0 
0 3.00042e-09 2.71789e-08 1.29526e-07 4.53267e-07 1.28914e-06 3.11373e-06 6.5379e-06 1.21095e-05 1.99967e-05 2.96976e-05 3.99711e-05 4.9101e-05 5.54171e-05 5.78484e-05 5.62736e-05 5.15427e-05 4.52069e-05 3.91187e-05 3.50995e-05 3.48087e-05 3.97738e-05 5.12882e-05 7.00154e-05 9.67414e-05 0.000136102 0.000192969 0.000246686 0.000247357 0.000179176 9.09976e-05 3.24559e-05 8.40255e-06 1.71378e-06 3.12595e-07 5.558e-08 9.35068e-09 1.35923e-09 1.50462e-10 9.02287e-12 0 
0 6.93412e-10 6.09694e-09 2.82546e-08 9.64275e-08 2.68464e-07 6.3747e-07 1.32173e-06 2.42786e-06 3.99123e-06 5.919e-06 7.97253e-06 9.81382e-06 1.11068e-05 1.16317e-05 1.13626e-05 1.04761e-05 9.29872e-06 8.22499e-06 7.65156e-06 7.94977e-06 9.46131e-06 1.24477e-05 1.69284e-05 2.25453e-05 2.87395e-05 3.4622e-05 3.75669e-05 3.37125e-05 2.31856e-05 1.17595e-05 4.41077e-06 1.28046e-06 3.12595e-07 6.9469e-08 1.43123e-08 2.62951e-09 4.04988e-10 4.69544e-11 2.93191e-12 0 
0 1.44565e-10 1.23454e-09 5.56496e-09 1.85177e-08 5.04204e-08 1.17492e-07 2.39937e-07 4.35644e-07 7.10252e-07 1.04765e-06 1.40699e-06 1.73035e-06 1.95987e-06 2.05769e-06 2.0197e-06 1.87782e-06 1.69127e-06 1.53282e-06 1.47709e-06 1.59419e-06 1.94452e-06 2.56195e-06 3.41454e-06 4.36059e-06 5.15694e-06 5.53019e-06 5.24119e-06 4.21009e-06 2.73817e-06 1.40429e-06 5.71636e-07 1.91736e-07 5.558e-08 1.43123e-08 3.26096e-09 6.4147e-10 1.04253e-10 1.26686e-11 8.2523e-13 0 
0 2.66111e-11 2.2093e-10 9.69497e-10 3.14705e-09 8.38069e-09 1.91568e-08 3.84951e-08 6.89917e-08 1.11364e-07 1.63091e-07 2.18018e-07 2.67502e-07 3.02954e-07 3.18794e-07 3.14546e-07 2.95251e-07 2.70254e-07 2.51192e-07 2.50129e-07 2.78171e-07 3.43783e-07 4.49115e-07 5.83511e-07 7.17579e-07 8.06594e-07 8.08769e-07 7.0917e-07 5.32815e-07 3.3643e-07 1.76707e-07 7.75933e-08 2.89665e-08 9.35068e-09 2.62951e-09 6.4147e-10 1.33558e-10 2.28376e-11 2.9078e-12 1.97724e-13 0 
0 4.13904e-12 3.3448e-11 1.43054e-10 4.53417e-10 1.18172e-09 2.6505e-09 5.2407e-09 9.26807e-09 1.48031e-08 2.1509e-08 2.85999e-08 3.49897e-08 3.96093e-08 4.17742e-08 4.14503e-08 3.93136e-08 3.66081e-08 3.48945e-08 3.579e-08 4.07214e-08 5.05921e-08 6.52124e-08 8.25332e-08 9.82243e-08 1.06563e-07 1.03047e-07 8.73421e-08 6.40688e-08 4.03136e-08 2.16777e-08 9.98166e-09 3.95818e-09 1.35923e-09 4.04988e-10 1.04253e-10 2.28376e-11 4.09817e-12 5.46108e-13 3.87498e-14 0 
0 4.90536e-13 3.86383e-12 1.61274e-11 4.99717e-11 1.27588e-10 2.81005e-10 5.46961e-10 9.54689e-10 1.50888e-09 2.17497e-09 2.87612e-09 3.508e-09 3.9692e-09 4.19623e-09 4.18902e-09 4.01733e-09 3.80792e-09 3.71984e-09 3.91581e-09 4.53057e-09 5.62814e-09 7.14167e-09 8.81318e-09 1.01902e-08 1.07505e-08 1.01515e-08 8.46099e-09 6.16347e-09 3.90027e-09 2.1384e-09 1.01607e-09 4.19221e-10 1.50462e-10 4.69544e-11 1.26686e-11 2.9078e-12 5.46108e-13 7.60255e-14 5.62314e-15 0 
0 3.16227e-14 2.43134e-13 9.91803e-13 3.0083e-12 7.53318e-12 1.63076e-11 3.12707e-11 5.38992e-11 8.43255e-11 1.2061e-10 1.58634e-10 1.92917e-10 2.18204e-10 2.31301e-10 2.32413e-10 2.25506e-10 2.17646e-10 2.17638e-10 2.34274e-10 2.74233e-10 3.39376e-10 4.23575e-10 5.10504e-10 5.75343e-10 5.92773e-10 5.49344e-10 4.52575e-10 3.28741e-10 2.09443e-10 1.16728e-10 5.68684e-11 2.42252e-11 9.02287e-12 2.93191e-12 8.2523e-13 1.97724e-13 3.87498e-14 5.62314e-15 4.32861e-16 0 
0 0 0 0 0 0 0 0 0 0 0 0 0 0 0 0 0 0 0 0 0 0 0 0 0 0 0 0 0 0 0 0 0 0 0 0 0 0 0 0 0 
