0 0 0 0 0 0 0 0 0 0 0 0 0 0 0 0 0 0 0 0 0 0 0 0 0 0 0 0 0 0 0 0 0 0 0 0 0 0 0 0 0 
0 9.95503e-08 9.1321e-07 4.26252e-06 1.4054e-05 3.62028e-05 7.65065e-05 0.000137155 0.000214529 0.000300097 0.000383406 0.000454976 0.000507872 0.000538051 0.000544081 0.000526694 0.000488418 0.00043329 0.000366585 0.000294429 0.000223189 0.000158627 0.000104979 6.42717e-05 3.62014e-05 1.86839e-05 8.81547e-06 3.79987e-06 1.49726e-06 5.40026e-07 1.78553e-07 5.41781e-08 1.50859e-08 3.84738e-09 8.94e-10 1.87234e-10 3.45965e-11 5.39804e-12 6.41419e-13 4.14391e-14 0 
0 9.1321e-07 8.70287e-06 4.15453e-05 0.00013665 0.000340749 0.000677541 0.0011206 0.00160529 0.00206525 0.00245622 0.00275728 0.0029623 0.00307218 0.00309073 0.003023 0.00287482 0.00265296 0.00236596 0.00202589 0.00165065 0.00126559 0.000901835 0.000589951 0.000350606 0.000187949 9.06026e-05 3.93005e-05 1.53894e-05 5.46434e-06 1.76708e-06 5.2224e-07 1.41302e-07 3.49787e-08 7.88816e-09 1.60412e-09 2.88072e-10 4.3737e-11 5.06405e-12 3.19258e-13 0 
0 4.26252e-06 4.15453e-05 0.000196888 0.000615155 0.00139078 0.00243009 0.00351426 0.00448056 0.00527667 0.00590576 0.00637849 0.00669959 0.00687067 0.00689503 0.00678025 0.00653813 0.00618272 0.00572707 0.00517993 0.00454468 0.00382435 0.00303535 0.00222469 0.00147267 0.000864457 0.000445341 0.000201135 8.01344e-05 2.84393e-05 9.08017e-06 2.62911e-06 6.93835e-07 1.67152e-07 3.66552e-08 7.24957e-09 1.26712e-09 1.87452e-10 2.11759e-11 1.3044e-12 0 
0 1.4054e-05 0.00013665 0.000615155 0.00171642 0.00332167 0.00498577 0.00644949 0.00770907 0.00880534 0.00973853 0.0104819 0.0110058 0.0112907 0.0113317 0.0111394 0.0107378 0.0101611 0.00944934 0.00864182 0.00776911 0.00684294 0.0058495 0.00476097 0.0035807 0.00240079 0.00139116 0.000685782 0.000288222 0.000104772 3.35421e-05 9.60668e-06 2.4881e-06 5.85818e-07 1.25319e-07 2.41666e-08 4.12005e-09 5.95034e-10 6.57008e-11 3.96088e-12 0 
0 3.62028e-05 0.000340749 0.00139078 0.00332167 0.00551206 0.00750883 0.00934494 0.0110897 0.0127102 0.0141297 0.0152727 0.0160815 0.0165226 0.0165874 0.0162921 0.0156736 0.0147855 0.0136924 0.0124635 0.0111665 0.00985847 0.00857189 0.00729501 0.00596344 0.00451219 0.00300439 0.00168273 0.000777237 0.000298695 9.79125e-05 2.81024e-05 7.20182e-06 1.66638e-06 3.49155e-07 6.58632e-08 1.09824e-08 1.55219e-09 1.67876e-10 9.92476e-12 0 
0 7.65065e-05 0.000677541 0.00243009 0.00498577 0.00750883 0.00992863 0.0123702 0.014786 0.0170513 0.0190376 0.0206362 0.021767 0.0223837 0.0224749 0.0220629 0.0211991 0.0199576 0.0184278 0.0167058 0.0148876 0.0130617 0.0113016 0.00965183 0.00809986 0.00654803 0.0048705 0.00312101 0.00163045 0.000683477 0.000234916 6.86141e-05 1.75668e-05 4.01991e-06 8.28809e-07 1.53494e-07 2.51104e-08 3.48241e-09 3.69822e-10 2.1488e-11 0 
0 0.000137155 0.0011206 0.00351426 0.00644949 0.00934494 0.0123702 0.015532 0.0186768 0.0216245 0.0242072 0.0262846 0.0277534 0.028554 0.0286718 0.0281361 0.0270133 0.0253994 0.0234096 0.0211681 0.0187984 0.016415 0.0141167 0.0119809 0.0100484 0.00828586 0.00654503 0.00465996 0.00275885 0.00128707 0.000473834 0.000143044 3.69559e-05 8.41925e-06 1.71626e-06 3.13248e-07 5.04389e-08 6.88362e-09 7.19647e-10 4.11925e-11 0 
0 0.000214529 0.00160529 0.00448056 0.00770907 0.0110897 0.014786 0.0186768 0.0225457 0.0261699 0.0293438 0.0318956 0.0336988 0.0346806 0.0348236 0.0341637 0.0327828 0.0307984 0.0283517 0.0255946 0.0226782 0.0197418 0.0169063 0.0142684 0.0118959 0.00980766 0.00791858 0.00600722 0.0039407 0.00204989 0.000819002 0.000258812 6.80858e-05 1.5538e-05 3.146e-06 5.67999e-07 9.03114e-08 1.2164e-08 1.2552e-09 7.09507e-11 0 
0 0.000300097 0.00206525 0.00527667 0.00880534 0.0127102 0.0170513 0.0216245 0.0261699 0.030426 0.034152 0.0371461 0.0392606 0.0404102 0.0405751 0.0397976 0.0381739 0.0358422 0.0329677 0.0297286 0.0263013 0.0228489 0.0195121 0.0164039 0.0136064 0.0111641 0.00904754 0.00707697 0.00498298 0.00284962 0.00123781 0.000412388 0.000111194 2.55469e-05 5.15798e-06 9.24332e-07 1.4557e-07 1.9405e-08 1.98162e-09 1.10882e-10 0 
0 0.000383406 0.00245622 0.00590576 0.00973853 0.0141297 0.0190376 0.0242072 0.0293438 0.034152 0.0383596 0.041739 0.0441237 0.0454181 0.0456 0.0447177 0.0428802 0.0402436 0.0369946 0.033334 0.0294605 0.0255578 0.0217842 0.0182662 0.0150962 0.0123307 0.00997145 0.00789373 0.00580211 0.00356828 0.00167101 0.000587106 0.000162735 3.77621e-05 7.6261e-06 1.36043e-06 2.12805e-07 2.81509e-08 2.85216e-09 1.58363e-10 0 
0 0.000454976 0.00275728 0.00637849 0.0104819 0.0152727 0.0206362 0.0262846 0.0318956 0.0371461 0.041739 0.0454259 0.0480254 0.0494334 0.0496265 0.0486577 0.0466466 0.0437639 0.0402135 0.0362143 0.0319831 0.02772 0.0235971 0.0197517 0.0162842 0.0132572 0.0106878 0.00849087 0.00639162 0.00413428 0.00205644 0.000757417 0.000215608 5.05888e-05 1.02393e-05 1.82258e-06 2.8388e-07 3.73594e-08 3.76457e-09 2.07901e-10 0 
0 0.000507872 0.0029623 0.00669959 0.0110058 0.0160815 0.021767 0.0277534 0.0336988 0.0392606 0.0441237 0.0480254 0.0507732 0.0522572 0.0524547 0.0514229 0.0492876 0.0462294 0.042465 0.0382266 0.0337435 0.029227 0.0248591 0.0207847 0.0171091 0.0138988 0.0111776 0.00888397 0.00677054 0.00452096 0.00234749 0.000896854 0.000261032 6.18775e-05 1.25641e-05 2.23553e-06 3.47476e-07 4.55999e-08 4.58089e-09 2.52217e-10 0 
0 0.000538051 0.00307218 0.00687067 0.0112907 0.0165226 0.0223837 0.028554 0.0346806 0.0404102 0.0454181 0.0494334 0.0522572 0.0537772 0.0539724 0.0529033 0.050698 0.047542 0.0436594 0.0392901 0.0346702 0.0300171 0.0255179 0.0213213 0.0175351 0.0142275 0.0114252 0.00907796 0.0069583 0.00472747 0.00251861 0.000985187 0.000291182 6.95741e-05 1.41748e-05 2.52474e-06 3.92406e-07 5.14693e-08 5.16716e-09 2.84332e-10 0 
0 0.000544081 0.00309073 0.00689503 0.0113317 0.0165874 0.0224749 0.0286718 0.0348236 0.0405751 0.0456 0.0496265 0.0524547 0.0539724 0.0541599 0.0530783 0.0508568 0.0476816 0.0437783 0.0393882 0.0347485 0.0300773 0.0255618 0.0213512 0.0175532 0.0142358 0.0114259 0.00907695 0.00696967 0.0047632 0.00256232 0.00101229 0.00030145 7.23843e-05 1.47955e-05 2.64162e-06 4.11404e-07 5.40653e-08 5.43865e-09 2.99924e-10 0 
0 0.000526694 0.003023 0.00678025 0.0111394 0.0162921 0.0220629 0.0281361 0.0341637 0.0397976 0.0447177 0.0486577 0.0514229 0.0529033 0.0530783 0.0520084 0.0498217 0.0467023 0.0428716 0.0385657 0.0340173 0.0294401 0.0250177 0.0208957 0.0171794 0.0139351 0.0111881 0.00888898 0.00681612 0.00464048 0.00248459 0.000978912 0.00029157 7.01749e-05 1.43943e-05 2.58066e-06 4.03747e-07 5.33199e-08 5.39185e-09 2.99009e-10 0 
0 0.000488418 0.00287482 0.00653813 0.0107378 0.0156736 0.0211991 0.0270133 0.0327828 0.0381739 0.0428802 0.0466466 0.0492876 0.050698 0.0508568 0.0498217 0.0477176 0.0447222 0.0410474 0.0369195 0.0325613 0.0281781 0.0239453 0.0200027 0.0164509 0.013353 0.010731 0.00852615 0.00650722 0.00437365 0.00230232 0.000895635 0.00026547 6.39814e-05 1.31904e-05 2.38158e-06 3.75675e-07 5.00613e-08 5.11116e-09 2.86319e-10 0 
0 0.00043329 0.00265296 0.00618272 0.0101611 0.0147855 0.0199576 0.0253994 0.0307984 0.0358422 0.0402436 0.0437639 0.0462294 0.047542 0.0476816 0.0467023 0.0447222 0.0419083 0.0384592 0.034587 0.030501 0.0263937 0.0224299 0.0187406 0.0154204 0.0125283 0.0100802 0.00800193 0.00605179 0.00398201 0.00204286 0.000780655 0.000230108 5.56723e-05 1.15848e-05 2.11746e-06 3.3869e-07 4.58098e-08 4.7501e-09 2.70334e-10 0 
0 0.000366585 0.00236596 0.00572707 0.00944934 0.0136924 0.0184278 0.0234096 0.0283517 0.0329677 0.0369946 0.0402135 0.042465 0.0436594 0.0437783 0.0428716 0.0410474 0.0384592 0.035289 0.0317317 0.0279796 0.0242093 0.0205727 0.0171903 0.0141499 0.011505 0.00926219 0.00732765 0.005461 0.00349594 0.00174404 0.00065674 0.000193794 4.7455e-05 1.0054e-05 1.87633e-06 3.06803e-07 4.24325e-08 4.49757e-09 2.61439e-10 0 
0 0.000294429 0.00202589 0.00517993 0.00864182 0.0124635 0.0167058 0.0211681 0.0255946 0.0297286 0.033334 0.0362143 0.0382266 0.0392901 0.0393882 0.0385657 0.0369195 0.034587 0.0317317 0.0285285 0.0251503 0.0217558 0.0184818 0.0154378 0.0127037 0.010326 0.00829847 0.006512 0.00475651 0.00296325 0.00145174 0.000547511 0.000164599 4.14499e-05 9.06144e-06 1.74511e-06 2.94001e-07 4.17952e-08 4.54071e-09 2.69732e-10 0 
0 0.000223189 0.00165065 0.00454468 0.00776911 0.0111665 0.0148876 0.0187984 0.0226782 0.0263013 0.0294605 0.0319831 0.0337435 0.0346702 0.0347485 0.0340173 0.0325613 0.030501 0.0279796 0.0251503 0.0221646 0.0191622 0.0162639 0.0135668 0.0111421 0.00902717 0.00720361 0.00556941 0.00398314 0.00244918 0.00121289 0.000473813 0.000149394 3.94907e-05 9.01593e-06 1.80076e-06 3.12463e-07 4.54649e-08 5.02817e-09 3.02649e-10 0 
0 0.000158627 0.00126559 0.00382435 0.00684294 0.00985847 0.0130617 0.016415 0.0197418 0.0228489 0.0255578 0.02772 0.029227 0.0300171 0.0300773 0.0294401 0.0281781 0.0263937 0.0242093 0.0217558 0.0191622 0.0165482 0.0140172 0.0116535 0.00951732 0.00763686 0.00599732 0.00454364 0.00321663 0.00202102 0.00106305 0.000450506 0.000153547 4.31234e-05 1.02636e-05 2.10464e-06 3.70823e-07 5.43697e-08 6.02672e-09 3.62218e-10 0 
0 0.000104979 0.000901835 0.00303535 0.0058495 0.00857189 0.0113016 0.0141167 0.0169063 0.0195121 0.0217842 0.0235971 0.0248591 0.0255179 0.0255618 0.0250177 0.0239453 0.0224299 0.0205727 0.0184818 0.0162639 0.0140172 0.0118273 0.00976306 0.00787506 0.00619817 0.00475785 0.00355962 0.00256742 0.00172333 0.00101027 0.000481982 0.000180306 5.35028e-05 1.30426e-05 2.68707e-06 4.70736e-07 6.82606e-08 7.46419e-09 4.42055e-10 0 
0 6.42717e-05 0.000589951 0.00222469 0.00476097 0.00729501 0.00965183 0.0119809 0.0142684 0.0164039 0.0182662 0.0197517 0.0207847 0.0213213 0.0213512 0.0208957 0.0200027 0.0187406 0.0171903 0.0154378 0.0135668 0.0116535 0.00976306 0.00795139 0.00628394 0.00486471 0.00379312 0.00302525 0.00237002 0.00170645 0.00107876 0.000566729 0.000230173 7.09665e-05 1.73264e-05 3.51014e-06 6.00766e-07 8.49963e-08 9.0741e-09 5.25413e-10 0 
0 3.62014e-05 0.000350606 0.00147267 0.0035807 0.00596344 0.00809986 0.0100484 0.0118959 0.0136064 0.0150962 0.0162842 0.0171091 0.0175351 0.0175532 0.0171794 0.0164509 0.0154204 0.0141499 0.0127037 0.0111421 0.00951732 0.00787506 0.00628394 0.00491989 0.00411304 0.00408221 0.00441963 0.00420223 0.00308469 0.00173255 0.000802795 0.000313784 9.56521e-05 2.26833e-05 4.42522e-06 7.30811e-07 1.00168e-07 1.03969e-08 5.87118e-10 0 
0 1.86839e-05 0.000187949 0.000864457 0.00240079 0.00451219 0.00654803 0.00828586 0.00980766 0.0111641 0.0123307 0.0132572 0.0138988 0.0142275 0.0142358 0.0139351 0.013353 0.0125283 0.011505 0.010326 0.00902717 0.00763686 0.00619817 0.00486471 0.00411304 0.00485042 0.0076483 0.0110353 0.0117615 0.00868873 0.00442243 0.00162737 0.000495317 0.000131225 2.84543e-05 5.18238e-06 8.15713e-07 1.08018e-07 1.09071e-08 6.01689e-10 0 
0 8.81547e-06 9.06026e-05 0.000445341 0.00139116 0.00300439 0.0048705 0.00654503 0.00791858 0.00904754 0.00997145 0.0106878 0.0111776 0.0114252 0.0114259 0.0111881 0.010731 0.0100802 0.00926219 0.00829847 0.00720361 0.00599732 0.00475785 0.00379312 0.00408221 0.0076483 0.0158735 0.0252882 0.0279882 0.0205246 0.0102056 0.00345455 0.000859317 0.000182297 3.3725e-05 5.50711e-06 8.13702e-07 1.04047e-07 1.02628e-08 5.557e-10 0 
0 3.79987e-06 3.93005e-05 0.000201135 0.000685782 0.00168273 0.00312101 0.00465996 0.00600722 0.00707697 0.00789373 0.00849087 0.00888397 0.00907796 0.00907695 0.00888898 0.00852615 0.00800193 0.00732765 0.006512 0.00556941 0.00454364 0.00355962 0.00302525 0.00441963 0.0110353 0.0252882 0.0412702 0.0453626 0.0339894 0.0167177 0.0055377 0.00127408 0.000230552 3.61102e-05 5.17507e-06 7.10527e-07 8.79584e-08 8.53398e-09 4.5678e-10 0 
0 1.49726e-06 1.53894e-05 8.01344e-05 0.000288222 0.000777237 0.00163045 0.00275885 0.0039407 0.00498298 0.00580211 0.00639162 0.00677054 0.0069583 0.00696967 0.00681612 0.00650722 0.00605179 0.005461 0.00475651 0.00398314 0.00321663 0.00256742 0.00237002 0.00420223 0.0117615 0.0279882 0.0453626 0.0488846 0.0380864 0.0185338 0.00609896 0.00137016 0.000230329 3.21586e-05 4.13079e-06 5.32179e-07 6.44078e-08 6.20723e-09 3.31295e-10 0 
0 5.40026e-07 5.46434e-06 2.84393e-05 0.000104772 0.000298695 0.000683477 0.00128707 0.00204989 0.00284962 0.00356828 0.00413428 0.00452096 0.00472747 0.0047632 0.00464048 0.00437365 0.00398201 0.00349594 0.00296325 0.00244918 0.00202102 0.00172333 0.00170645 0.00308469 0.00868873 0.0205246 0.0339894 0.0380864 0.0278194 0.0137252 0.00451838 0.00101344 0.000166884 2.20725e-05 2.67952e-06 3.35516e-07 4.0486e-08 3.92414e-09 2.10856e-10 0 
0 1.78553e-07 1.76708e-06 9.08017e-06 3.35421e-05 9.79125e-05 0.000234916 0.000473834 0.000819002 0.00123781 0.00167101 0.00205644 0.00234749 0.00251861 0.00256232 0.00248459 0.00230232 0.00204286 0.00174404 0.00145174 0.00121289 0.00106305 0.00101027 0.00107876 0.00173255 0.00442243 0.0102056 0.0167177 0.0185338 0.0137252 0.00678337 0.00224429 0.000511041 8.50405e-05 1.12268e-05 1.37629e-06 1.7628e-07 2.17625e-08 2.1502e-09 1.17435e-10 0 
0 5.41781e-08 5.2224e-07 2.62911e-06 9.60668e-06 2.81024e-05 6.86141e-05 0.000143044 0.000258812 0.000412388 0.000587106 0.000757417 0.000896854 0.000985187 0.00101229 0.000978912 0.000895635 0.000780655 0.00065674 0.000547511 0.000473813 0.000450506 0.000481982 0.000566729 0.000802795 0.00162737 0.00345455 0.0055377 0.00609896 0.00451838 0.00224429 0.000755276 0.000177564 3.05448e-05 4.24228e-06 5.63099e-07 7.75377e-08 1.00215e-08 1.02132e-09 5.71863e-11 0 
0 1.50859e-08 1.41302e-07 6.93835e-07 2.4881e-06 7.20182e-06 1.75668e-05 3.69559e-05 6.80858e-05 0.000111194 0.000162735 0.000215608 0.000261032 0.000291182 0.00030145 0.00029157 0.00026547 0.000230108 0.000193794 0.000164599 0.000149394 0.000153547 0.000180306 0.000230173 0.000313784 0.000495317 0.000859317 0.00127408 0.00137016 0.00101344 0.000511041 0.000177564 4.35736e-05 8.00114e-06 1.24591e-06 1.90195e-07 2.90072e-08 3.9749e-09 4.21299e-10 2.4353e-11 0 
0 3.84738e-09 3.49787e-08 1.67152e-07 5.85818e-07 1.66638e-06 4.01991e-06 8.41925e-06 1.5538e-05 2.55469e-05 3.77621e-05 5.05888e-05 6.18775e-05 6.95741e-05 7.23843e-05 7.01749e-05 6.39814e-05 5.56723e-05 4.7455e-05 4.14499e-05 3.94907e-05 4.31234e-05 5.35028e-05 7.09665e-05 9.56521e-05 0.000131225 0.000182297 0.000230552 0.000230329 0.000166884 8.50405e-05 3.05448e-05 8.00114e-06 1.65966e-06 3.08272e-07 5.5481e-08 9.37926e-09 1.36523e-09 1.51189e-10 9.06855e-12 0 
0 8.94e-10 7.88816e-09 3.66552e-08 1.25319e-07 3.49155e-07 8.28809e-07 1.71626e-06 3.146e-06 5.15798e-06 7.6261e-06 1.02393e-05 1.25641e-05 1.41748e-05 1.47955e-05 1.43943e-05 1.31904e-05 1.15848e-05 1.0054e-05 9.06144e-06 9.01593e-06 1.02636e-05 1.30426e-05 1.73264e-05 2.26833e-05 2.84543e-05 3.3725e-05 3.61102e-05 3.21586e-05 2.20725e-05 1.12268e-05 4.24228e-06 1.24591e-06 3.08272e-07 6.92394e-08 1.43422e-08 2.63992e-09 4.06818e-10 4.71775e-11 2.94634e-12 0 
0 1.87234e-10 1.60412e-09 7.24957e-09 2.41666e-08 6.58632e-08 1.53494e-07 3.13248e-07 5.67999e-07 9.24332e-07 1.36043e-06 1.82258e-06 2.23553e-06 2.52474e-06 2.64162e-06 2.58066e-06 2.38158e-06 2.11746e-06 1.87633e-06 1.74511e-06 1.80076e-06 2.10464e-06 2.68707e-06 3.51014e-06 4.42522e-06 5.18238e-06 5.50711e-06 5.17507e-06 4.13079e-06 2.67952e-06 1.37629e-06 5.63099e-07 1.90195e-07 5.5481e-08 1.43422e-08 3.27323e-09 6.44256e-10 1.04729e-10 1.27283e-11 8.29223e-13 0 
0 3.45965e-11 2.88072e-10 1.26712e-09 4.12005e-09 1.09824e-08 2.51104e-08 5.04389e-08 9.03114e-08 1.4557e-07 2.12805e-07 2.8388e-07 3.47476e-07 3.92406e-07 4.11404e-07 4.03747e-07 3.75675e-07 3.3869e-07 3.06803e-07 2.94001e-07 3.12463e-07 3.70823e-07 4.70736e-07 6.00766e-07 7.30811e-07 8.15713e-07 8.13702e-07 7.10527e-07 5.32179e-07 3.35516e-07 1.7628e-07 7.75377e-08 2.90072e-08 9.37926e-09 2.63992e-09 6.44256e-10 1.34159e-10 2.29427e-11 2.92145e-12 1.98671e-13 0 
0 5.39804e-12 4.3737e-11 1.87452e-10 5.95034e-10 1.55219e-09 3.48241e-09 6.88362e-09 1.2164e-08 1.9405e-08 2.81509e-08 3.73594e-08 4.55999e-08 5.14693e-08 5.40653e-08 5.33199e-08 5.00613e-08 4.58098e-08 4.24325e-08 4.17952e-08 4.54649e-08 5.43697e-08 6.82606e-08 8.49963e-08 1.00168e-07 1.08018e-07 1.04047e-07 8.79584e-08 6.44078e-08 4.0486e-08 2.17625e-08 1.00215e-08 3.9749e-09 1.36523e-09 4.06818e-10 1.04729e-10 2.29427e-11 4.11722e-12 5.48678e-13 3.89347e-14 0 
0 6.41419e-13 5.06405e-12 2.11759e-11 6.57008e-11 1.67876e-10 3.69822e-10 7.19647e-10 1.2552e-09 1.98162e-09 2.85216e-09 3.76457e-09 4.58089e-09 5.16716e-09 5.43865e-09 5.39185e-09 5.11116e-09 4.7501e-09 4.49757e-09 4.54071e-09 5.02817e-09 6.02672e-09 7.46419e-09 9.0741e-09 1.03969e-08 1.09071e-08 1.02628e-08 8.53398e-09 6.20723e-09 3.92414e-09 2.1502e-09 1.02132e-09 4.21299e-10 1.51189e-10 4.71775e-11 1.27283e-11 2.92145e-12 5.48678e-13 7.63853e-14 5.64999e-15 0 
0 4.14391e-14 3.19258e-13 1.3044e-12 3.96088e-12 9.92476e-12 2.1488e-11 4.11925e-11 7.09507e-11 1.10882e-10 1.58363e-10 2.07901e-10 2.52217e-10 2.84332e-10 2.99924e-10 2.99009e-10 2.86319e-10 2.70334e-10 2.61439e-10 2.69732e-10 3.02649e-10 3.62218e-10 4.42055e-10 5.25413e-10 5.87118e-10 6.01689e-10 5.557e-10 4.5678e-10 3.31295e-10 2.10856e-10 1.17435e-10 5.71863e-11 2.4353e-11 9.06855e-12 2.94634e-12 8.29223e-13 1.98671e-13 3.89347e-14 5.64999e-15 4.34937e-16 0 
0 0 0 0 0 0 0 0 0 0 0 0 0 0 0 0 0 0 0 0 0 0 0 0 0 0 0 0 0 0 0 0 0 0 0 0 0 0 0 0 0 
