0 0 0 0 0 0 0 0 0 0 0 0 0 0 0 0 0 0 0 0 0 0 0 0 0 0 0 0 0 0 0 0 0 0 0 0 0 0 0 0 0 
0 7.96967e-08 7.34087e-07 3.45536e-06 1.15462e-05 3.0286e-05 6.53982e-05 0.000119979 0.000191938 0.000273988 0.000356014 0.000428011 0.00048211 0.000513383 0.000519839 0.000502087 0.000462919 0.000406918 0.000340008 0.000268862 0.00020009 0.000139281 9.0116e-05 5.38826e-05 2.96343e-05 1.49431e-05 6.8973e-06 2.91357e-06 1.12732e-06 4.00093e-07 1.30436e-07 3.90989e-08 1.07743e-08 2.7236e-09 6.28179e-10 1.30745e-10 2.40336e-11 3.7338e-12 4.42083e-13 2.84763e-14 0 
0 7.34087e-07 7.03471e-06 3.40139e-05 0.000114338 0.000293896 0.000605812 0.00103988 0.00154115 0.00203942 0.00247832 0.00282489 0.00306495 0.00319536 0.00321866 0.00314031 0.00296777 0.00271073 0.0023822 0.00200043 0.00159065 0.00118476 0.000817118 0.000516219 0.000296174 0.00015351 7.17637e-05 3.03031e-05 1.15978e-05 4.04007e-06 1.28596e-06 3.75115e-07 1.00409e-07 2.46376e-08 5.51618e-09 1.11518e-09 1.99313e-10 3.01438e-11 3.47916e-12 2.18777e-13 0 
0 3.45536e-06 3.40139e-05 0.000164889 0.000535185 0.00127254 0.00234583 0.00355463 0.00469148 0.00565161 0.00641239 0.00697992 0.0073623 0.00756533 0.00759539 0.0074619 0.00717741 0.00675577 0.00620927 0.00554674 0.00477573 0.00391207 0.00299583 0.00210171 0.00132494 0.000740091 0.00036409 0.000158041 6.09672e-05 2.10967e-05 6.60544e-06 1.8839e-06 4.9137e-07 1.17294e-07 2.55371e-08 5.02209e-09 8.7387e-10 1.28821e-10 1.45119e-11 8.91915e-13 0 
0 1.15462e-05 0.000114338 0.000535185 0.00158571 0.00328267 0.00520755 0.00697171 0.00847728 0.00975502 0.0108215 0.0116619 0.012251 0.0125705 0.0126167 0.0124014 0.0119511 0.0113025 0.0104971 0.00957304 0.0085555 0.00744726 0.00623065 0.00489716 0.00350542 0.00221264 0.00120327 0.000559617 0.000224235 7.86151e-05 2.45144e-05 6.88942e-06 1.76e-06 4.10218e-07 8.70942e-08 1.67e-08 2.83485e-09 4.08076e-10 4.4944e-11 2.70421e-12 0 
0 3.0286e-05 0.000293896 0.00127254 0.00328267 0.00581415 0.00820887 0.0103556 0.0123377 0.0141548 0.0157395 0.0170138 0.0179153 0.0184067 0.018479 0.0181499 0.0174608 0.016471 0.0152521 0.0138799 0.0124261 0.0109451 0.00945541 0.00792188 0.00627367 0.00450491 0.00279797 0.00145391 0.000627915 0.00022904 7.23522e-05 2.02499e-05 5.10156e-06 1.16657e-06 2.42407e-07 4.54545e-08 7.54655e-09 1.0632e-09 1.14718e-10 6.77011e-12 0 
0 6.53982e-05 0.000605812 0.00234583 0.00520755 0.00820887 0.0110194 0.013773 0.016471 0.0189957 0.0212088 0.0229897 0.0242495 0.0249365 0.0250381 0.0245791 0.0236168 0.0222337 0.0205294 0.0186109 0.0165845 0.0145469 0.0125728 0.0106924 0.00885643 0.00693748 0.00487195 0.00288474 0.00138628 0.000541364 0.000176747 4.9892e-05 1.24955e-05 2.81879e-06 5.75644e-07 1.05915e-07 1.72482e-08 2.38441e-09 2.52639e-10 1.46549e-11 0 
0 0.000119979 0.00103988 0.00355463 0.00697171 0.0103556 0.013773 0.0173025 0.0208068 0.0240907 0.026968 0.0292823 0.0309187 0.0318105 0.0319418 0.0313449 0.0300941 0.0282961 0.0260794 0.0235823 0.0209423 0.0182867 0.0157243 0.0133345 0.01114 0.00905675 0.00689486 0.00458681 0.00248365 0.00106192 0.000365345 0.000105396 2.64653e-05 5.92367e-06 1.19406e-06 2.16343e-07 3.46647e-08 4.71505e-09 4.91798e-10 2.81048e-11 0 
0 0.000191938 0.00154115 0.00469148 0.00847728 0.0123377 0.016471 0.0208068 0.025117 0.0291545 0.0326904 0.0355332 0.0375421 0.0386358 0.0387952 0.03806 0.0365216 0.0343109 0.0315851 0.0285137 0.0252646 0.0219933 0.0188341 0.0158934 0.0132375 0.0108555 0.0085917 0.00620169 0.00374325 0.00176786 0.000650059 0.00019387 4.91941e-05 1.09854e-05 2.19494e-06 3.92992e-07 6.21485e-08 8.34091e-09 8.58639e-10 4.84554e-11 0 
0 0.000273988 0.00203942 0.00565161 0.00975502 0.0141548 0.0189957 0.0240907 0.0291545 0.033896 0.0380469 0.0413826 0.0437382 0.0450189 0.0452025 0.0443364 0.0425276 0.0399299 0.0367276 0.033119 0.0293009 0.0254547 0.0217374 0.0182743 0.0151541 0.01241 0.00995752 0.00753432 0.00494359 0.00256321 0.00101285 0.000314635 8.11724e-05 1.81681e-05 3.61176e-06 6.41143e-07 1.00371e-07 1.33284e-08 1.35766e-09 7.58406e-11 0 
0 0.000356014 0.00247832 0.00641239 0.0108215 0.0157395 0.0212088 0.026968 0.0326904 0.0380469 0.0427344 0.0464992 0.0491558 0.0505976 0.0508002 0.0498174 0.0477705 0.0448333 0.0412138 0.0371356 0.0328204 0.0284726 0.0242687 0.0203493 0.0168166 0.0137259 0.0110437 0.00855495 0.00593944 0.00332616 0.00140708 0.000456257 0.00012008 2.70267e-05 5.36213e-06 9.46486e-07 1.47091e-07 1.93779e-08 1.95812e-09 1.08536e-10 0 
0 0.000428011 0.00282489 0.00697992 0.0116619 0.0170138 0.0229897 0.0292823 0.0355332 0.0413826 0.0464992 0.0506064 0.0535021 0.0550704 0.0552854 0.0542064 0.0519662 0.048755 0.0447997 0.0403444 0.0356307 0.0308814 0.0262882 0.0220044 0.0181409 0.014764 0.0118692 0.00929172 0.00667951 0.00396027 0.0017742 0.000598491 0.000160724 3.6437e-05 7.2309e-06 1.2723e-06 1.96788e-07 2.57856e-08 2.59126e-09 1.4286e-10 0 
0 0.00048211 0.00306495 0.0073623 0.012251 0.0179153 0.0242495 0.0309187 0.0375421 0.0437382 0.0491558 0.0535021 0.0565633 0.0582173 0.0584375 0.0572874 0.0549082 0.0515014 0.047308 0.0425863 0.0375918 0.0325603 0.0276942 0.0231551 0.0190601 0.015481 0.0124279 0.00977104 0.0071649 0.00441271 0.00206282 0.000718297 0.000196303 4.483e-05 8.9115e-06 1.56628e-06 2.4168e-07 3.15757e-08 3.16353e-09 1.73904e-10 0 
0 0.000513383 0.00319536 0.00756533 0.0125705 0.0184067 0.0249365 0.0318105 0.0386358 0.0450189 0.0505976 0.0550704 0.0582173 0.059913 0.0601312 0.0589381 0.0564795 0.0529634 0.0486385 0.043771 0.0386242 0.0334405 0.0284282 0.0237529 0.0195348 0.0158481 0.0127094 0.0100083 0.00741304 0.00466566 0.00223957 0.000796596 0.00022049 5.06687e-05 1.00978e-05 1.77607e-06 2.74022e-07 3.57869e-08 3.58396e-09 1.96967e-10 0 
0 0.000519839 0.00321866 0.00759539 0.0126167 0.018479 0.0250381 0.0319418 0.0387952 0.0452025 0.0508002 0.0552854 0.0584375 0.0601312 0.0603408 0.0591335 0.0566564 0.0531189 0.0487709 0.0438804 0.0387115 0.0335075 0.0284771 0.0237863 0.019555 0.0158576 0.0127119 0.0100145 0.00744232 0.00472159 0.00229105 0.000822964 0.000229397 5.29617e-05 1.05892e-05 1.86733e-06 2.88785e-07 3.78054e-08 3.7959e-09 2.09219e-10 0 
0 0.000502087 0.00314031 0.0074619 0.0124014 0.0181499 0.0245791 0.0313449 0.03806 0.0443364 0.0498174 0.0542064 0.0572874 0.0589381 0.0591335 0.0579402 0.0555031 0.0520281 0.0477608 0.042964 0.0378969 0.0327977 0.0278709 0.0232788 0.0191386 0.0155223 0.0124457 0.0098015 0.00726884 0.00459363 0.00222147 0.000797377 0.000222683 5.15937e-05 1.03618e-05 1.83645e-06 2.85575e-07 3.76082e-08 3.80042e-09 2.10923e-10 0 
0 0.000462919 0.00296777 0.00717741 0.0119511 0.0174608 0.0236168 0.0300941 0.0365216 0.0425276 0.0477705 0.0519662 0.0549082 0.0564795 0.0566564 0.0555031 0.0531591 0.0498224 0.0457288 0.04113 0.0362749 0.0313917 0.0266763 0.0222839 0.0183268 0.0148731 0.0119321 0.00938362 0.00690741 0.00430282 0.00204993 0.000729516 0.000203517 4.73505e-05 9.57818e-06 1.7128e-06 2.69046e-07 3.58221e-08 3.66257e-09 2.05799e-10 0 
0 0.000406918 0.00271073 0.00675577 0.0113025 0.016471 0.0222337 0.0282961 0.0343109 0.0399299 0.0448333 0.048755 0.0515014 0.0529634 0.0531189 0.0520281 0.0498224 0.0466878 0.0428454 0.0385315 0.0339796 0.0294039 0.024988 0.0208779 0.0171787 0.0139527 0.0111984 0.00877604 0.00637459 0.0038804 0.00180833 0.000636353 0.000177612 4.16733e-05 8.53983e-06 1.55104e-06 2.47842e-07 3.36018e-08 3.50046e-09 2.00459e-10 0 
0 0.000340008 0.0023822 0.00620927 0.0104971 0.0152521 0.0205294 0.0260794 0.0315851 0.0367276 0.0412138 0.0447997 0.047308 0.0486385 0.0487709 0.0477608 0.0457288 0.0428454 0.0393136 0.0353506 0.0311706 0.0269704 0.022919 0.0191508 0.0157628 0.0128092 0.0102726 0.00799359 0.0056951 0.00337261 0.00153876 0.000538712 0.000151804 3.62918e-05 7.61398e-06 1.41893e-06 2.32822e-07 3.24084e-08 3.46342e-09 2.03192e-10 0 
0 0.000268862 0.00200043 0.00554674 0.00957304 0.0138799 0.0186109 0.0235823 0.0285137 0.033119 0.0371356 0.0403444 0.0425863 0.043771 0.0438804 0.042964 0.04113 0.0385315 0.0353506 0.0317822 0.0280186 0.024237 0.0205896 0.0171982 0.0141502 0.0114888 0.00917825 0.00705454 0.0049122 0.0028432 0.00128843 0.000457614 0.000132802 3.29254e-05 7.17496e-06 1.38702e-06 2.3542e-07 3.37777e-08 3.70628e-09 2.2237e-10 0 
0 0.00020009 0.00159065 0.00477573 0.0085555 0.0124261 0.0165845 0.0209423 0.0252646 0.0293009 0.0328204 0.0356307 0.0375918 0.0386242 0.0387115 0.0378969 0.0362749 0.0339796 0.0311706 0.0280186 0.0246924 0.0213476 0.0181186 0.0151132 0.0124073 0.0100304 0.00793626 0.00599372 0.00409655 0.00236682 0.00110193 0.000411446 0.000126582 3.3175e-05 7.58167e-06 1.52317e-06 2.66392e-07 3.90909e-08 4.35924e-09 2.64428e-10 0 
0 0.000139281 0.00118476 0.00391207 0.00744726 0.0109451 0.0145469 0.0182867 0.0219933 0.0254547 0.0284726 0.0308814 0.0325603 0.0334405 0.0335075 0.0327977 0.0313917 0.0294039 0.0269704 0.024237 0.0213476 0.0184354 0.0156154 0.0129797 0.0105903 0.00846744 0.0065833 0.00488339 0.00333994 0.0020078 0.0010106 0.000414057 0.000138384 3.8563e-05 9.17428e-06 1.88743e-06 3.34144e-07 4.92435e-08 5.48551e-09 3.31181e-10 0 
0 9.0116e-05 0.000817118 0.00299583 0.00623065 0.00945541 0.0125728 0.0157243 0.0188341 0.0217374 0.0242687 0.0262882 0.0276942 0.0284282 0.0284771 0.0278709 0.0266763 0.024988 0.022919 0.0205896 0.0181186 0.0156154 0.0131739 0.0108684 0.00875075 0.00685839 0.00522548 0.00386546 0.00274131 0.00179506 0.00101975 0.000471543 0.000172292 5.04325e-05 1.22223e-05 2.51488e-06 4.40995e-07 6.40666e-08 7.02021e-09 4.166e-10 0 
0 5.38826e-05 0.000516219 0.00210171 0.00489716 0.00792188 0.0106924 0.0133345 0.0158934 0.0182743 0.0203493 0.0220044 0.0231551 0.0237529 0.0237863 0.0232788 0.0222839 0.0208779 0.0191508 0.0171982 0.0151132 0.0129797 0.0108684 0.00884023 0.00697169 0.00538682 0.00419729 0.00334629 0.00261517 0.00186727 0.00115676 0.000588287 0.00023109 6.95665e-05 1.67615e-05 3.37567e-06 5.76569e-07 8.15456e-08 8.70861e-09 5.04525e-10 0 
0 2.96343e-05 0.000296174 0.00132494 0.00350542 0.00627367 0.00885643 0.01114 0.0132375 0.0151541 0.0168166 0.0181409 0.0190601 0.0195348 0.019555 0.0191386 0.0183268 0.0171787 0.0157628 0.0141502 0.0124073 0.0105903 0.00875075 0.00697169 0.00545826 0.00457234 0.00454515 0.00492287 0.00468084 0.0034348 0.00192315 0.000876348 0.000330215 9.6998e-05 2.24618e-05 4.33078e-06 7.11759e-07 9.73823e-08 1.01013e-08 5.7029e-10 0 
0 1.49431e-05 0.00015351 0.000740091 0.00221264 0.00450491 0.00693748 0.00905675 0.0108555 0.01241 0.0137259 0.014764 0.015481 0.0158481 0.0158576 0.0155223 0.0148731 0.0139527 0.0128092 0.0114888 0.0100304 0.00846744 0.00685839 0.00538682 0.00457234 0.00540279 0.00852055 0.0122939 0.0131028 0.00967966 0.00492665 0.00180991 0.000541313 0.000137738 2.88036e-05 5.13997e-06 8.02058e-07 1.05875e-07 1.06776e-08 5.88662e-10 0 
0 6.8973e-06 7.17637e-05 0.00036409 0.00120327 0.00279797 0.00487195 0.00689486 0.0085917 0.00995752 0.0110437 0.0118692 0.0124279 0.0127094 0.0127119 0.0124457 0.0119321 0.0111984 0.0102726 0.00917825 0.00793626 0.0065833 0.00522548 0.00419729 0.00454515 0.00852055 0.0176838 0.0281276 0.030974 0.0228646 0.0113695 0.00384832 0.00095334 0.000196763 3.49105e-05 5.53073e-06 8.05732e-07 1.02523e-07 1.00954e-08 5.4619e-10 0 
0 2.91357e-06 3.03031e-05 0.000158041 0.000559617 0.00145391 0.00288474 0.00458681 0.00620169 0.00753432 0.00855495 0.00929172 0.00977104 0.0100083 0.0100145 0.0098015 0.00938362 0.00877604 0.00799359 0.00705454 0.00599372 0.00488339 0.00386546 0.00334629 0.00492287 0.0122939 0.0281276 0.0459439 0.0507683 0.0377287 0.0186232 0.00616925 0.0014179 0.000252531 3.80677e-05 5.25854e-06 7.076e-07 8.69802e-08 8.42109e-09 4.50335e-10 0 
0 1.12732e-06 1.15978e-05 6.09672e-05 0.000224235 0.000627915 0.00138628 0.00248365 0.00374325 0.00494359 0.00593944 0.00667951 0.0071649 0.00741304 0.00744232 0.00726884 0.00690741 0.00637459 0.0056951 0.0049122 0.00409655 0.00333994 0.00274131 0.00261517 0.00468084 0.0131028 0.030974 0.0507683 0.0555562 0.0420749 0.0206351 0.00679452 0.00152551 0.000253564 3.42589e-05 4.23413e-06 5.32257e-07 6.38441e-08 6.13771e-09 3.27288e-10 0 
0 4.00093e-07 4.04007e-06 2.10967e-05 7.86151e-05 0.00022904 0.000541364 0.00106192 0.00176786 0.00256321 0.00332616 0.00396027 0.00441271 0.00466566 0.00472159 0.00459363 0.00430282 0.0038804 0.00337261 0.0028432 0.00236682 0.0020078 0.00179506 0.00186727 0.0034348 0.00967966 0.0228646 0.0377287 0.0420749 0.0309791 0.0152906 0.00503366 0.00112796 0.00018366 2.35795e-05 2.75657e-06 3.36271e-07 4.01869e-08 3.88532e-09 2.08593e-10 0 
0 1.30436e-07 1.28596e-06 6.60544e-06 2.45144e-05 7.23522e-05 0.000176747 0.000365345 0.000650059 0.00101285 0.00140708 0.0017742 0.00206282 0.00223957 0.00229105 0.00222147 0.00204993 0.00180833 0.00153876 0.00128843 0.00110193 0.0010106 0.00101975 0.00115676 0.00192315 0.00492665 0.0113695 0.0186232 0.0206351 0.0152906 0.007557 0.00250003 0.000567782 9.3164e-05 1.19472e-05 1.41294e-06 1.76602e-07 2.16123e-08 2.13066e-09 1.16283e-10 0 
0 3.90989e-08 3.75115e-07 1.8839e-06 6.88942e-06 2.02499e-05 4.9892e-05 0.000105396 0.00019387 0.000314635 0.000456257 0.000598491 0.000718297 0.000796596 0.000822964 0.000797377 0.000729516 0.000636353 0.000538712 0.000457614 0.000411446 0.000414057 0.000471543 0.000588287 0.000876348 0.00180991 0.00384832 0.00616925 0.00679452 0.00503366 0.00250003 0.000840313 0.000196176 3.31458e-05 4.46914e-06 5.74056e-07 7.74961e-08 9.95116e-09 1.01252e-09 5.66609e-11 0 
0 1.07743e-08 1.00409e-07 4.9137e-07 1.76e-06 5.10156e-06 1.24955e-05 2.64653e-05 4.91941e-05 8.11724e-05 0.00012008 0.000160724 0.000196303 0.00022049 0.000229397 0.000222683 0.000203517 0.000177612 0.000151804 0.000132802 0.000126582 0.000138384 0.000172292 0.00023109 0.000330215 0.000541313 0.00095334 0.0014179 0.00152551 0.00112796 0.000567782 0.000196176 4.75452e-05 8.545e-06 1.29185e-06 1.92037e-07 2.89065e-08 3.94571e-09 4.17785e-10 2.41395e-11 0 
0 2.7236e-09 2.46376e-08 1.17294e-07 4.10218e-07 1.16657e-06 2.81879e-06 5.92367e-06 1.09854e-05 1.81681e-05 2.70267e-05 3.6437e-05 4.483e-05 5.06687e-05 5.29617e-05 5.15937e-05 4.73505e-05 4.16733e-05 3.62918e-05 3.29254e-05 3.3175e-05 3.8563e-05 5.04325e-05 6.95665e-05 9.6998e-05 0.000137738 0.000196763 0.000252531 0.000253564 0.00018366 9.3164e-05 3.31458e-05 8.545e-06 1.73208e-06 3.13786e-07 5.55329e-08 9.32533e-09 1.35484e-09 1.49954e-10 8.99162e-12 0 
0 6.28179e-10 5.51618e-09 2.55371e-08 8.70942e-08 2.42407e-07 5.75644e-07 1.19406e-06 2.19494e-06 3.61176e-06 5.36213e-06 7.2309e-06 8.9115e-06 1.00978e-05 1.05892e-05 1.03618e-05 9.57818e-06 8.53983e-06 7.61398e-06 7.17496e-06 7.58167e-06 9.17428e-06 1.22223e-05 1.67615e-05 2.24618e-05 2.88036e-05 3.49105e-05 3.80677e-05 3.42589e-05 2.35795e-05 1.19472e-05 4.46914e-06 1.29185e-06 3.13786e-07 6.94509e-08 1.42788e-08 2.62146e-09 4.03664e-10 4.6797e-11 2.9219e-12 0 
0 1.30745e-10 1.11518e-09 5.02209e-09 1.67e-08 4.54545e-08 1.05915e-07 2.16343e-07 3.92992e-07 6.41143e-07 9.46486e-07 1.2723e-06 1.56628e-06 1.77607e-06 1.86733e-06 1.83645e-06 1.7128e-06 1.55104e-06 1.41893e-06 1.38702e-06 1.52317e-06 1.88743e-06 2.51488e-06 3.37567e-06 4.33078e-06 5.13997e-06 5.53073e-06 5.25854e-06 4.23413e-06 2.75657e-06 1.41294e-06 5.74056e-07 1.92037e-07 5.55329e-08 1.42788e-08 3.25122e-09 6.39414e-10 1.0391e-10 1.26263e-11 8.22439e-13 0 
0 2.40336e-11 1.99313e-10 8.7387e-10 2.83485e-09 7.54655e-09 1.72482e-08 3.46647e-08 6.21485e-08 1.00371e-07 1.47091e-07 1.96788e-07 2.4168e-07 2.74022e-07 2.88785e-07 2.85575e-07 2.69046e-07 2.47842e-07 2.32822e-07 2.3542e-07 2.66392e-07 3.34144e-07 4.40995e-07 5.76569e-07 7.11759e-07 8.02058e-07 8.05732e-07 7.076e-07 5.32257e-07 3.36271e-07 1.76602e-07 7.74961e-08 2.89065e-08 9.32533e-09 2.62146e-09 6.39414e-10 1.33122e-10 2.27622e-11 2.89811e-12 1.97058e-13 0 
0 3.7338e-12 3.01438e-11 1.28821e-10 4.08076e-10 1.0632e-09 2.38441e-09 4.71505e-09 8.34091e-09 1.33284e-08 1.93779e-08 2.57856e-08 3.15757e-08 3.57869e-08 3.78054e-08 3.76082e-08 3.58221e-08 3.36018e-08 3.24084e-08 3.37777e-08 3.90909e-08 4.92435e-08 6.40666e-08 8.15456e-08 9.73823e-08 1.05875e-07 1.02523e-07 8.69802e-08 6.38441e-08 4.01869e-08 2.16123e-08 9.95116e-09 3.94571e-09 1.35484e-09 4.03664e-10 1.0391e-10 2.27622e-11 4.08458e-12 5.44287e-13 3.86196e-14 0 
0 4.42083e-13 3.47916e-12 1.45119e-11 4.4944e-11 1.14718e-10 2.52639e-10 4.91798e-10 8.58639e-10 1.35766e-09 1.95812e-09 2.59126e-09 3.16353e-09 3.58396e-09 3.7959e-09 3.80042e-09 3.66257e-09 3.50046e-09 3.46342e-09 3.70628e-09 4.35924e-09 5.48551e-09 7.02021e-09 8.70861e-09 1.01013e-08 1.06776e-08 1.00954e-08 8.42109e-09 6.13771e-09 3.88532e-09 2.13066e-09 1.01252e-09 4.17785e-10 1.49954e-10 4.6797e-11 1.26263e-11 2.89811e-12 5.44287e-13 7.57712e-14 5.60424e-15 0 
0 2.84763e-14 2.18777e-13 8.91915e-13 2.70421e-12 6.77011e-12 1.46549e-11 2.81048e-11 4.84554e-11 7.58406e-11 1.08536e-10 1.4286e-10 1.73904e-10 1.96967e-10 2.09219e-10 2.10923e-10 2.05799e-10 2.00459e-10 2.03192e-10 2.2237e-10 2.64428e-10 3.31181e-10 4.166e-10 5.04525e-10 5.7029e-10 5.88662e-10 5.4619e-10 4.50335e-10 3.27288e-10 2.08593e-10 1.16283e-10 5.66609e-11 2.41395e-11 8.99162e-12 2.9219e-12 8.22439e-13 1.97058e-13 3.86196e-14 5.60424e-15 4.31403e-16 0 
0 0 0 0 0 0 0 0 0 0 0 0 0 0 0 0 0 0 0 0 0 0 0 0 0 0 0 0 0 0 0 0 0 0 0 0 0 0 0 0 0 
