0 0 0 0 0 0 0 0 0 0 0 0 0 0 0 0 0 0 0 0 0 0 0 0 0 0 0 0 0 0 0 0 0 0 0 0 0 0 0 0 0 
0 1.98857e-07 1.75314e-06 7.55898e-06 2.20636e-05 4.86039e-05 8.62537e-05 0.000129904 0.000173337 0.00021191 0.000243227 0.00026656 0.000282043 0.000290128 0.000291307 0.000286017 0.000274633 0.000257511 0.000235079 0.000207975 0.000177212 0.000144306 0.000111281 8.04479e-05 5.39521e-05 3.32311e-05 1.86374e-05 9.45759e-06 4.32674e-06 1.78269e-06 6.62038e-07 2.21962e-07 6.72665e-08 1.84195e-08 4.54121e-09 9.98821e-10 1.9214e-10 3.09841e-11 3.78219e-12 2.49791e-13 0 
0 1.75314e-06 1.56871e-05 6.54917e-05 0.000174434 0.000333428 0.000501598 0.000644669 0.000753869 0.000835138 0.000895926 0.00094051 0.000970422 0.000986004 0.000987539 0.000975779 0.000951987 0.000917646 0.000873938 0.000821126 0.000758071 0.000682362 0.000591575 0.000485821 0.000370555 0.000257205 0.000159569 8.73705e-05 4.19818e-05 1.77189e-05 6.60464e-06 2.18969e-06 6.49763e-07 1.73188e-07 4.14333e-08 8.83254e-09 1.64687e-09 2.57627e-10 3.05483e-11 1.96295e-12 0 
0 7.55898e-06 6.54917e-05 0.000244158 0.000537316 0.000828896 0.00104911 0.00121719 0.00136454 0.00150145 0.00162413 0.00172487 0.00179698 0.00183629 0.00184149 0.00181397 0.00175748 0.00167762 0.00158128 0.00147585 0.00136803 0.001262 0.00115674 0.0010438 0.000908492 0.00073881 0.000540389 0.000343265 0.000185149 8.43211e-05 3.27008e-05 1.09674e-05 3.23058e-06 8.45076e-07 1.97196e-07 4.08849e-08 7.40806e-09 1.1266e-09 1.30009e-10 8.14227e-12 0 
0 2.20636e-05 0.000174434 0.000537316 0.000944262 0.00125231 0.001514 0.00178347 0.00206123 0.00232847 0.002566 0.00275849 0.00289506 0.00296951 0.00298021 0.00292985 0.00282487 0.00267466 0.00249069 0.00228564 0.00207259 0.00186434 0.00167224 0.00150321 0.00135374 0.00120281 0.00101498 0.000768185 0.00049201 0.000257071 0.000109047 3.82871e-05 1.14358e-05 2.97367e-06 6.82202e-07 1.38296e-07 2.44459e-08 3.62532e-09 4.08222e-10 2.49762e-11 0 
0 4.86039e-05 0.000333428 0.000828896 0.00125231 0.00162041 0.00202656 0.00246964 0.00291835 0.00334213 0.00371481 0.00401517 0.00422778 0.00434372 0.00436077 0.00428313 0.00412055 0.00388713 0.00359989 0.00327731 0.00293799 0.00259968 0.00227871 0.00198979 0.00174449 0.00154474 0.001369 0.00116442 0.000881144 0.000547231 0.000266331 0.000101892 3.17005e-05 8.32977e-06 1.89773e-06 3.78638e-07 6.56052e-08 9.52302e-09 1.0496e-09 6.29067e-11 0 
0 8.62537e-05 0.000501598 0.00104911 0.001514 0.00202656 0.00261906 0.00325324 0.00388732 0.00448272 0.0050049 0.00542517 0.00572246 0.00588458 0.00590856 0.00580023 0.00557313 0.00524677 0.00484458 0.00439191 0.00391399 0.00343444 0.00297411 0.00255084 0.00217985 0.00187348 0.0016344 0.00143547 0.0012042 0.000874604 0.00049936 0.000215336 7.17455e-05 1.93983e-05 4.43801e-06 8.77828e-07 1.49859e-07 2.13782e-08 2.31415e-09 1.36264e-10 0 
0 0.000129904 0.000644669 0.00121719 0.00178347 0.00246964 0.00325324 0.00408337 0.00491004 0.00568496 0.00636399 0.00691053 0.00729819 0.00751082 0.00754238 0.00739983 0.00710272 0.00667756 0.00615428 0.005565 0.00494202 0.00431545 0.00371149 0.00315167 0.00265304 0.00222934 0.00189126 0.00163653 0.00142055 0.00114447 0.000756389 0.000373362 0.00013615 3.85183e-05 8.94606e-06 1.76673e-06 2.98689e-07 4.20453e-08 4.48528e-09 2.60253e-10 0 
0 0.000173337 0.000753869 0.00136454 0.00206123 0.00291835 0.00388732 0.00491004 0.00592716 0.00688003 0.00771651 0.0083997 0.00890493 0.00919712 0.00924272 0.00904493 0.00864716 0.00810437 0.00745459 0.00672877 0.00596198 0.00519003 0.0044446 0.00375136 0.00312972 0.00259387 0.00215484 0.00181949 0.00157112 0.00132969 0.000980388 0.00055025 0.00022186 6.6475e-05 1.58145e-05 3.13765e-06 5.27759e-07 7.35832e-08 7.761e-09 4.4504e-10 0 
0 0.00021191 0.000835138 0.00150145 0.00232847 0.00334213 0.00448272 0.00568496 0.00688003 0.0080019 0.00900663 0.00987767 0.0105382 0.0108965 0.0109507 0.0107167 0.0102071 0.00949268 0.00868244 0.00781723 0.00691455 0.00600686 0.00512965 0.00431255 0.00357756 0.00293973 0.00240931 0.00199419 0.00169192 0.00145125 0.00114637 0.000715469 0.000318072 0.000101448 2.48613e-05 4.97817e-06 8.36208e-07 1.15857e-07 1.21175e-08 6.88566e-10 0 
0 0.000243227 0.000895926 0.00162413 0.002566 0.00371481 0.0050049 0.00636399 0.00771651 0.00900663 0.0102216 0.0112232 0.0118296 0.0121121 0.0121518 0.0119691 0.0115349 0.0107928 0.00981008 0.00877902 0.00774642 0.00671907 0.00572696 0.0048021 0.00396884 0.00324329 0.00263523 0.00215141 0.00179435 0.00153394 0.00125794 0.000849213 0.00041089 0.000139168 3.5186e-05 7.12838e-06 1.19894e-06 1.65508e-07 1.72098e-08 9.71448e-10 0 
0 0.00026656 0.00094051 0.00172487 0.00275849 0.00401517 0.00542517 0.00691053 0.0083997 0.00987767 0.0112232 0.0120976 0.0125716 0.0127941 0.0128243 0.0126761 0.0123304 0.0117253 0.0107675 0.00958478 0.00841705 0.00728794 0.00620356 0.00519264 0.00428106 0.00348591 0.00281677 0.00227918 0.00187658 0.00159102 0.0013281 0.000945277 0.000488613 0.000174219 4.53272e-05 9.29317e-06 1.56735e-06 2.16002e-07 2.23776e-08 1.25749e-09 0 
0 0.000282043 0.000970422 0.00179698 0.00289506 0.00422778 0.00572246 0.00729819 0.00890493 0.0105382 0.0118296 0.0125716 0.0129809 0.0131758 0.0132012 0.0130681 0.0127629 0.0122387 0.0113938 0.0101853 0.00889792 0.00768564 0.00653537 0.00546419 0.00449791 0.00365425 0.00294277 0.00236813 0.00193343 0.00162689 0.00136792 0.00100562 0.000544141 0.00020161 5.36561e-05 1.11137e-05 1.88028e-06 2.5904e-07 2.67845e-08 1.5012e-09 0 
0 0.000290128 0.000986004 0.00183629 0.00296951 0.00434372 0.00588458 0.00751082 0.00919712 0.0108965 0.0121121 0.0127941 0.0131758 0.0133584 0.0133811 0.0132537 0.0129646 0.0124738 0.0116896 0.0105119 0.00916143 0.00789544 0.00670864 0.00560526 0.00460991 0.00374057 0.00300673 0.00241256 0.00196073 0.0016421 0.00138409 0.00103464 0.000574552 0.000217859 5.88227e-05 1.22697e-05 2.08147e-06 2.86908e-07 2.96512e-08 1.6603e-09 0 
0 0.000291307 0.000987539 0.00184149 0.00298021 0.00436077 0.00590856 0.00754238 0.00924272 0.0109507 0.0121518 0.0128243 0.0132012 0.0133811 0.0134022 0.0132743 0.012986 0.0124982 0.0117212 0.0105485 0.00918702 0.0079118 0.00672021 0.00561313 0.00461467 0.00374272 0.00300664 0.00241041 0.00195652 0.00163642 0.00137991 0.00103601 0.000579608 0.000221386 6.00844e-05 1.25718e-05 2.13655e-06 2.94823e-07 3.04921e-08 1.70837e-09 0 
0 0.000286017 0.000975779 0.00181397 0.00292985 0.00428313 0.00580023 0.00739983 0.00904493 0.0107167 0.0119691 0.0126761 0.0130681 0.0132537 0.0132743 0.0131403 0.0128392 0.0123277 0.0115094 0.0103067 0.00898086 0.00774274 0.0065771 0.00549337 0.0045164 0.0036637 0.00294445 0.00236272 0.00192109 0.00160994 0.00135642 0.00101176 0.000560574 0.000212453 5.74396e-05 1.20091e-05 2.04269e-06 2.82332e-07 2.92573e-08 1.6426e-09 0 
0 0.000274633 0.000951987 0.00175748 0.00282487 0.00412055 0.00557313 0.00710272 0.00864716 0.0102071 0.0115349 0.0123304 0.0127629 0.0129646 0.012986 0.0128392 0.0125081 0.0119397 0.0110303 0.00981172 0.00857789 0.00740904 0.00629513 0.00525861 0.00432487 0.00351078 0.00282532 0.00227288 0.0018563 0.00156288 0.00131274 0.000962272 0.000519801 0.000192927 5.1573e-05 1.07416e-05 1.82782e-06 2.53244e-07 2.63302e-08 1.48373e-09 0 
0 0.000257511 0.000917646 0.00167762 0.00267466 0.00388713 0.00524677 0.00667756 0.00810437 0.00949268 0.0107928 0.0117253 0.0122387 0.0124738 0.0124982 0.0123277 0.0119397 0.0112671 0.0102665 0.00913355 0.0080235 0.00693901 0.00589672 0.00492681 0.00405399 0.00329425 0.00265645 0.00214559 0.0017644 0.00149443 0.00124583 0.000887125 0.000460994 0.000165959 4.36576e-05 9.04629e-06 1.54068e-06 2.14262e-07 2.23901e-08 1.26878e-09 0 
0 0.000235079 0.000873938 0.00158128 0.00249069 0.00359989 0.00484458 0.00615428 0.00745459 0.00868244 0.00981008 0.0107675 0.0113938 0.0116896 0.0117212 0.0115094 0.0110303 0.0102665 0.00932939 0.00835107 0.00735642 0.00636454 0.00540846 0.00451926 0.00372005 0.00302591 0.00244575 0.00198535 0.00164622 0.00140087 0.00115029 0.000786733 0.000389805 0.000135565 3.50749e-05 7.23917e-06 1.23636e-06 1.7297e-07 1.82083e-08 1.03994e-09 0 
0 0.000207975 0.000821126 0.00147585 0.00228564 0.00327731 0.00439191 0.005565 0.00672877 0.00781723 0.00877902 0.00958478 0.0101853 0.0105119 0.0105485 0.0103067 0.00981172 0.00913355 0.00835107 0.00750103 0.00661193 0.00571949 0.00485878 0.00405856 0.00334005 0.00271754 0.00220024 0.00179445 0.00149831 0.00127347 0.00101967 0.000665064 0.000314172 0.000106024 2.71219e-05 5.60105e-06 9.62865e-07 1.35939e-07 1.4454e-08 8.33922e-10 0 
0 0.000177212 0.000758071 0.00136803 0.00207259 0.00293799 0.00391399 0.00494202 0.00596198 0.00691455 0.00774642 0.00841705 0.00889792 0.00916143 0.00918702 0.00898086 0.00857789 0.0080235 0.00735642 0.00661193 0.00582697 0.00503766 0.0042757 0.00356676 0.00293015 0.00237952 0.00192435 0.0015703 0.00131002 0.00109903 0.000851694 0.000532683 0.000243708 8.11403e-05 2.07766e-05 4.32727e-06 7.52421e-07 1.07516e-07 1.15668e-08 6.74718e-10 0 
0 0.000144306 0.000682362 0.001262 0.00186434 0.00259968 0.00343444 0.00431545 0.00519003 0.00600686 0.00671907 0.00728794 0.00768564 0.00789544 0.0079118 0.00774274 0.00740904 0.00693901 0.00636454 0.00571949 0.00503766 0.00435044 0.00368512 0.0030641 0.00250476 0.00202004 0.00161897 0.00130474 0.00106726 0.000871034 0.000658028 0.000407229 0.000187598 6.35198e-05 1.6571e-05 3.5091e-06 6.1864e-07 8.94095e-08 9.70944e-09 5.70772e-10 0 
0 0.000111281 0.000591575 0.00115674 0.00167224 0.00227871 0.00297411 0.00371149 0.0044446 0.00512965 0.00572696 0.00620356 0.00653537 0.00670864 0.00672021 0.0065771 0.00629513 0.00589672 0.00540846 0.00485878 0.0042757 0.00368512 0.00310968 0.00256834 0.00207671 0.0016477 0.00129043 0.00100684 0.000789791 0.000622214 0.000471487 0.000306605 0.000151013 5.39931e-05 1.45657e-05 3.13863e-06 5.5776e-07 8.08538e-08 8.78375e-09 5.15791e-10 0 
0 8.04479e-05 0.000485821 0.0010438 0.00150321 0.00198979 0.00255084 0.00315167 0.00375136 0.00431255 0.0048021 0.00519264 0.00546419 0.00560526 0.00561313 0.00549337 0.00525861 0.00492681 0.00451926 0.00405856 0.00356676 0.0030641 0.00256834 0.00209539 0.00166269 0.0012942 0.00101304 0.000810852 0.000642829 0.000483752 0.000349834 0.000239093 0.000131571 5.12299e-05 1.43631e-05 3.11986e-06 5.5116e-07 7.90299e-08 8.48186e-09 4.92105e-10 0 
0 5.39521e-05 0.000370555 0.000908492 0.00135374 0.00174449 0.00217985 0.00265304 0.00312972 0.00357756 0.00396884 0.00428106 0.00449791 0.00460991 0.00461467 0.0045164 0.00432487 0.00405399 0.00372005 0.00334005 0.00293015 0.00250476 0.00207671 0.00166269 0.00130351 0.00108581 0.0010743 0.0011622 0.00110501 0.000811874 0.000461628 0.000237311 0.000124616 5.21598e-05 1.5153e-05 3.27912e-06 5.68248e-07 7.96694e-08 8.3685e-09 4.76146e-10 0 
0 3.32311e-05 0.000257205 0.00073881 0.00120281 0.00154474 0.00187348 0.00222934 0.00259387 0.00293973 0.00324329 0.00348591 0.00365425 0.00374057 0.00374272 0.0036637 0.00351078 0.00329425 0.00302591 0.00271754 0.00237952 0.00202004 0.0016477 0.0012942 0.00108581 0.00127543 0.0020107 0.00296406 0.00339814 0.00228451 0.0011627 0.000430524 0.000147658 5.49619e-05 1.59702e-05 3.39708e-06 5.7265e-07 7.81158e-08 8.00722e-09 4.46001e-10 0 
0 1.86374e-05 0.000159569 0.000540389 0.00101498 0.001369 0.0016344 0.00189126 0.00215484 0.00240931 0.00263523 0.00281677 0.00294277 0.00300673 0.00300664 0.00294445 0.00282532 0.00265645 0.00244575 0.00220024 0.00192435 0.00161897 0.00129043 0.00101304 0.0010743 0.0020107 0.00426465 0.00778935 0.00838958 0.00614122 0.00268327 0.000908288 0.000230869 6.13889e-05 1.61276e-05 3.28328e-06 5.34764e-07 7.10083e-08 7.12177e-09 3.89521e-10 0 
0 9.45759e-06 8.73705e-05 0.000343265 0.000768185 0.00116442 0.00143547 0.00163653 0.00181949 0.00199419 0.00215141 0.00227918 0.00236813 0.00241256 0.00241041 0.00236272 0.00227288 0.00214559 0.00198535 0.00179445 0.0015703 0.00130474 0.00100684 0.000810852 0.0011622 0.00296406 0.00778935 0.0092573 0.00944382 0.00880278 0.00516274 0.00145584 0.000336436 6.90233e-05 1.51503e-05 2.85222e-06 4.46099e-07 5.78971e-08 5.71854e-09 3.09073e-10 0 
0 4.32674e-06 4.19818e-05 0.000185149 0.00049201 0.000881144 0.0012042 0.00142055 0.00157112 0.00169192 0.00179435 0.00187658 0.00193343 0.00196073 0.00195652 0.00192109 0.0018563 0.0017644 0.00164622 0.00149831 0.00131002 0.00106726 0.000789791 0.000642829 0.00110501 0.00339814 0.00838958 0.00944382 0.00958413 0.00906027 0.00617163 0.00160376 0.00036108 6.63681e-05 1.2513e-05 2.15425e-06 3.2405e-07 4.14467e-08 4.06861e-09 2.19111e-10 0 
0 1.78269e-06 1.77189e-05 8.43211e-05 0.000257071 0.000547231 0.000874604 0.00114447 0.00132969 0.00145125 0.00153394 0.00159102 0.00162689 0.0016421 0.00163642 0.00160994 0.00156288 0.00149443 0.00140087 0.00127347 0.00109903 0.000871034 0.000622214 0.000483752 0.000811874 0.00228451 0.00614122 0.00880278 0.00906027 0.00818954 0.00376644 0.00118787 0.000267616 4.84755e-05 8.46391e-06 1.36785e-06 2.01263e-07 2.57128e-08 2.53643e-09 1.37379e-10 0 
0 6.62038e-07 6.60464e-06 3.27008e-05 0.000109047 0.000266331 0.00049936 0.000756389 0.000980388 0.00114637 0.00125794 0.0013281 0.00136792 0.00138409 0.00137991 0.00135642 0.00131274 0.00124583 0.00115029 0.00101967 0.000851694 0.000658028 0.000471487 0.000349834 0.000461628 0.0011627 0.00268327 0.00516274 0.00617163 0.00376644 0.00178332 0.000590167 0.000136658 2.59394e-05 4.47644e-06 7.13378e-07 1.05807e-07 1.37372e-08 1.3777e-09 7.57499e-11 0 
0 2.21962e-07 2.18969e-06 1.09674e-05 3.82871e-05 0.000101892 0.000215336 0.000373362 0.00055025 0.000715469 0.000849213 0.000945277 0.00100562 0.00103464 0.00103601 0.00101176 0.000962272 0.000887125 0.000786733 0.000665064 0.000532683 0.000407229 0.000306605 0.000239093 0.000237311 0.000430524 0.000908288 0.00145584 0.00160376 0.00118787 0.000590167 0.000199971 4.99558e-05 1.02678e-05 1.84003e-06 3.05085e-07 4.70861e-08 6.31572e-09 6.50859e-10 3.66392e-11 0 
0 6.72665e-08 6.49763e-07 3.23058e-06 1.14358e-05 3.17005e-05 7.17455e-05 0.00013615 0.00022186 0.000318072 0.00041089 0.000488613 0.000544141 0.000574552 0.000579608 0.000560574 0.000519801 0.000460994 0.000389805 0.000314172 0.000243708 0.000187598 0.000151013 0.000131571 0.000124616 0.000147658 0.000230869 0.000336436 0.00036108 0.000267616 0.000136658 4.99558e-05 1.39006e-05 3.11545e-06 6.06309e-07 1.09001e-07 1.78799e-08 2.50598e-09 2.67583e-10 1.55319e-11 0 
0 1.84195e-08 1.73188e-07 8.45076e-07 2.97367e-06 8.32977e-06 1.93983e-05 3.85183e-05 6.6475e-05 0.000101448 0.000139168 0.000174219 0.00020161 0.000217859 0.000221386 0.000212453 0.000192927 0.000165959 0.000135565 0.000106024 8.11403e-05 6.35198e-05 5.39931e-05 5.12299e-05 5.21598e-05 5.49619e-05 6.13889e-05 6.90233e-05 6.63681e-05 4.84755e-05 2.59394e-05 1.02678e-05 3.11545e-06 7.72721e-07 1.68553e-07 3.33513e-08 5.84921e-09 8.61276e-10 9.58242e-11 5.76601e-12 0 
0 4.54121e-09 4.14333e-08 1.97196e-07 6.82202e-07 1.89773e-06 4.43801e-06 8.94606e-06 1.58145e-05 2.48613e-05 3.5186e-05 4.53272e-05 5.36561e-05 5.88227e-05 6.00844e-05 5.74396e-05 5.1573e-05 4.36576e-05 3.50749e-05 2.71219e-05 2.07766e-05 1.6571e-05 1.45657e-05 1.43631e-05 1.5153e-05 1.59702e-05 1.61276e-05 1.51503e-05 1.2513e-05 8.46391e-06 4.47644e-06 1.84003e-06 6.06309e-07 1.68553e-07 4.11325e-08 8.87169e-09 1.65722e-09 2.56753e-10 2.98631e-11 1.86957e-12 0 
0 9.98821e-10 8.83254e-09 4.08849e-08 1.38296e-07 3.78638e-07 8.77828e-07 1.76673e-06 3.13765e-06 4.97817e-06 7.12838e-06 9.29317e-06 1.11137e-05 1.22697e-05 1.25718e-05 1.20091e-05 1.07416e-05 9.04629e-06 7.23917e-06 5.60105e-06 4.32727e-06 3.5091e-06 3.13863e-06 3.11986e-06 3.27912e-06 3.39708e-06 3.28328e-06 2.85222e-06 2.15425e-06 1.36785e-06 7.13378e-07 3.05085e-07 1.09001e-07 3.33513e-08 8.87169e-09 2.05078e-09 4.05698e-10 6.61181e-11 8.05142e-12 5.25511e-13 0 
0 1.9214e-10 1.64687e-09 7.40806e-09 2.44459e-08 6.56052e-08 1.49859e-07 2.98689e-07 5.27759e-07 8.36208e-07 1.19894e-06 1.56735e-06 1.88028e-06 2.08147e-06 2.13655e-06 2.04269e-06 1.82782e-06 1.54068e-06 1.23636e-06 9.62865e-07 7.52421e-07 6.1864e-07 5.5776e-07 5.5116e-07 5.68248e-07 5.7265e-07 5.34764e-07 4.46099e-07 3.2405e-07 2.01263e-07 1.05807e-07 4.70861e-08 1.78799e-08 5.84921e-09 1.65722e-09 4.05698e-10 8.46234e-11 1.44905e-11 1.84759e-12 1.25818e-13 0 
0 3.09841e-11 2.57627e-10 1.1266e-09 3.62532e-09 9.52302e-09 2.13782e-08 4.20453e-08 7.35832e-08 1.15857e-07 1.65508e-07 2.16002e-07 2.5904e-07 2.86908e-07 2.94823e-07 2.82332e-07 2.53244e-07 2.14262e-07 1.7297e-07 1.35939e-07 1.07516e-07 8.94095e-08 8.08538e-08 7.90299e-08 7.96694e-08 7.81158e-08 7.10083e-08 5.78971e-08 4.14467e-08 2.57128e-08 1.37372e-08 6.31572e-09 2.50598e-09 8.61276e-10 2.56753e-10 6.61181e-11 1.44905e-11 2.60204e-12 3.47042e-13 2.46505e-14 0 
0 3.78219e-12 3.05483e-11 1.30009e-10 4.08222e-10 1.0496e-09 2.31415e-09 4.48528e-09 7.761e-09 1.21175e-08 1.72098e-08 2.23776e-08 2.67845e-08 2.96512e-08 3.04921e-08 2.92573e-08 2.63302e-08 2.23901e-08 1.82083e-08 1.4454e-08 1.15668e-08 9.70944e-09 8.78375e-09 8.48186e-09 8.3685e-09 8.00722e-09 7.12177e-09 5.71854e-09 4.06861e-09 2.53643e-09 1.3777e-09 6.50859e-10 2.67583e-10 9.58242e-11 2.98631e-11 8.05142e-12 1.84759e-12 3.47042e-13 4.83339e-14 3.57733e-15 0 
0 2.49791e-13 1.96295e-12 8.14227e-12 2.49762e-11 6.29067e-11 1.36264e-10 2.60253e-10 4.4504e-10 6.88566e-10 9.71448e-10 1.25749e-09 1.5012e-09 1.6603e-09 1.70837e-09 1.6426e-09 1.48373e-09 1.26878e-09 1.03994e-09 8.33922e-10 6.74718e-10 5.70772e-10 5.15791e-10 4.92105e-10 4.76146e-10 4.46001e-10 3.89521e-10 3.09073e-10 2.19111e-10 1.37379e-10 7.57499e-11 3.66392e-11 1.55319e-11 5.76601e-12 1.86957e-12 5.25511e-13 1.25818e-13 2.46505e-14 3.57733e-15 2.75467e-16 0 
0 0 0 0 0 0 0 0 0 0 0 0 0 0 0 0 0 0 0 0 0 0 0 0 0 0 0 0 0 0 0 0 0 0 0 0 0 0 0 0 0 
