0 0 0 0 0 0 0 0 0 0 0 0 0 0 0 0 0 0 0 0 0 0 0 0 0 0 0 0 0 0 0 0 0 0 0 0 0 0 0 0 0 
0 1.36043e-07 1.23823e-06 5.68812e-06 1.82884e-05 4.55566e-05 9.25758e-05 0.000159305 0.000239653 0.000323952 0.000402442 0.000467511 0.000514318 0.000540457 0.000545383 0.000529935 0.000496055 0.000446676 0.000385677 0.0003178 0.000248381 0.00018281 0.000125727 8.01788e-05 4.70838e-05 2.53203e-05 1.24242e-05 5.55321e-06 2.26097e-06 8.39465e-07 2.8467e-07 8.82806e-08 2.50435e-08 6.48819e-09 1.52769e-09 3.23496e-10 6.03238e-11 9.48372e-12 1.13396e-12 7.36398e-14 0 
0 1.23823e-06 1.1667e-05 5.42964e-05 0.000171197 0.000403175 0.000751115 0.00116514 0.00157836 0.00194268 0.00223661 0.00245557 0.00260165 0.0026786 0.00269031 0.00264065 0.00253353 0.00237275 0.00216214 0.00190636 0.00161296 0.00129517 0.000973888 0.000675954 0.000427244 0.000243317 0.00012408 5.65742e-05 2.3118e-05 8.5056e-06 2.83223e-06 8.57301e-07 2.36532e-07 5.94909e-08 1.35904e-08 2.79278e-09 5.05795e-10 7.73198e-11 9.00201e-12 5.70073e-13 0 
0 5.68812e-06 5.42964e-05 0.000245821 0.000713587 0.00147247 0.00235266 0.00316895 0.00385198 0.00440908 0.00485748 0.00520243 0.00544089 0.00556896 0.00558647 0.00549863 0.00531566 0.0050511 0.00471895 0.00433013 0.00388887 0.00339165 0.0028328 0.00221971 0.00159108 0.00101758 0.000569989 0.000277391 0.000117578 4.38173e-05 1.4525e-05 4.32766e-06 1.16737e-06 2.86019e-07 6.35493e-08 1.26976e-08 2.23711e-09 3.33022e-10 3.7806e-11 2.33789e-12 0 
0 1.82884e-05 0.000171197 0.000713587 0.00178396 0.00309219 0.0042909 0.0053244 0.00625259 0.00709472 0.00782815 0.00841848 0.00883636 0.00906397 0.0090967 0.00894281 0.00862184 0.0081621 0.00759748 0.00696365 0.00629301 0.00560736 0.00490836 0.00417147 0.00335955 0.00247131 0.00159368 0.000873303 0.000402226 0.000157053 5.29819e-05 1.57508e-05 4.18907e-06 1.00536e-06 2.18106e-07 4.24995e-08 7.30219e-09 1.06082e-09 1.17656e-10 7.11755e-12 0 
0 4.55566e-05 0.000403175 0.00147247 0.00309219 0.00468212 0.00612324 0.00752698 0.00890654 0.0102019 0.0113398 0.0122568 0.0129058 0.0132597 0.0133118 0.0130748 0.0125785 0.0118659 0.010989 0.010004 0.00896693 0.00792913 0.00693024 0.00598558 0.00506708 0.00409962 0.00302382 0.0019184 0.00100215 0.000426541 0.000150688 4.55193e-05 1.20708e-05 2.85803e-06 6.08412e-07 1.16054e-07 1.95062e-08 2.77279e-09 3.01156e-10 1.78603e-11 0 
0 9.25758e-05 0.000751115 0.00235266 0.0042909 0.00612324 0.00798743 0.00993022 0.0118664 0.013684 0.0152781 0.016561 0.0174685 0.0179633 0.0180365 0.0177059 0.0170126 0.0160164 0.0147887 0.0134068 0.0119479 0.0104837 0.00907678 0.0077749 0.0065983 0.00551114 0.00440197 0.00316611 0.00190368 0.000911396 0.000347264 0.000108823 2.91498e-05 6.86536e-06 1.44218e-06 2.70437e-07 4.46184e-08 6.22438e-09 6.6376e-10 3.86824e-11 0 
0 0.000159305 0.00116514 0.00316895 0.0053244 0.00752698 0.00993022 0.0124649 0.0149885 0.017354 0.0194267 0.0210939 0.0222727 0.0229151 0.0230097 0.0225797 0.0216787 0.0203835 0.0187866 0.0169878 0.0150861 0.0131734 0.0113296 0.00961964 0.00808922 0.00675 0.00553953 0.00429766 0.0029121 0.00158285 0.000664698 0.000220303 6.03979e-05 1.42695e-05 2.97501e-06 5.50814e-07 8.95245e-08 1.22943e-08 1.29078e-09 7.41035e-11 0 
0 0.000239653 0.00157836 0.00385198 0.00625259 0.00890654 0.0118664 0.0149885 0.0180934 0.0210018 0.023549 0.0255968 0.027044 0.0278319 0.0279467 0.0274171 0.0263088 0.0247163 0.0227527 0.0205402 0.0181997 0.0158432 0.0135677 0.0114514 0.00955237 0.00790467 0.00649439 0.00520316 0.00381986 0.00232325 0.00108285 0.000384674 0.000109139 2.60632e-05 5.42189e-06 9.95247e-07 1.59906e-07 2.16838e-08 2.2476e-09 1.27434e-10 0 
0 0.000323952 0.00194268 0.00440908 0.00709472 0.0102019 0.013684 0.017354 0.0210018 0.0244175 0.0274076 0.0298106 0.031508 0.0324314 0.0325639 0.0319394 0.0306357 0.0287641 0.0264572 0.0238577 0.0211073 0.0183367 0.0156589 0.0131646 0.0109207 0.00897052 0.00732486 0.00591653 0.00453967 0.00300548 0.00154253 0.000589905 0.000174388 4.23338e-05 8.82586e-06 1.61204e-06 2.56858e-07 3.44938e-08 3.53937e-09 1.98678e-10 0 
0 0.000402442 0.00223661 0.00485748 0.00782815 0.0113398 0.0152781 0.0194267 0.023549 0.0274076 0.0307845 0.0334976 0.0354141 0.0364556 0.0366023 0.0358923 0.0344148 0.032297 0.029689 0.0267511 0.0236426 0.0205106 0.0174822 0.014659 0.0121153 0.00989958 0.00803271 0.0064803 0.00507582 0.00355641 0.00197496 0.000809239 0.00024962 6.17781e-05 1.29465e-05 2.35974e-06 3.7392e-07 4.98615e-08 5.07759e-09 2.82865e-10 0 
0 0.000467511 0.00245557 0.00520243 0.00841848 0.0122568 0.016561 0.0210939 0.0255968 0.0298106 0.0334976 0.0364595 0.0385488 0.0396796 0.0398348 0.0390574 0.0374413 0.0351243 0.0322727 0.0290627 0.0256671 0.0222458 0.0189371 0.0158511 0.0130684 0.0106408 0.00859323 0.00690821 0.00545556 0.003957 0.00232882 0.0010107 0.000324041 8.17484e-05 1.72449e-05 3.1431e-06 4.96453e-07 6.58941e-08 6.67541e-09 3.69911e-10 0 
0 0.000514318 0.00260165 0.00544089 0.00883636 0.0129058 0.0174685 0.0222727 0.027044 0.031508 0.0354141 0.0385488 0.0407489 0.0419283 0.0420841 0.0412658 0.0395609 0.0371061 0.0340812 0.0306779 0.0270798 0.0234552 0.0199499 0.0166801 0.0137304 0.0111549 0.0089802 0.0071968 0.00569867 0.00421465 0.00257775 0.00116695 0.000385736 9.8909e-05 2.10011e-05 3.83245e-06 6.04535e-07 8.00394e-08 8.08429e-09 4.46599e-10 0 
0 0.000540457 0.0026786 0.00556896 0.00906397 0.0132597 0.0179633 0.0229151 0.0278319 0.0324314 0.0364556 0.0396796 0.0419283 0.0431214 0.0432722 0.042435 0.0406883 0.0381617 0.0350415 0.0315317 0.0278235 0.0240893 0.0204786 0.0171107 0.0140723 0.0114184 0.00917632 0.0073397 0.00581555 0.00434281 0.00271403 0.00126056 0.000425022 0.000110231 2.3529e-05 4.30195e-06 6.78757e-07 8.98193e-08 9.06455e-09 5.00302e-10 0 
0 0.000545383 0.00269031 0.00558647 0.0090967 0.0133118 0.0180365 0.0230097 0.0279467 0.0325639 0.0366023 0.0398348 0.0420841 0.0432722 0.043416 0.0425713 0.0408148 0.0382744 0.0351375 0.0316107 0.0278864 0.0241376 0.0205139 0.0171348 0.0140868 0.011425 0.00917623 0.00733498 0.00581235 0.00435302 0.00273995 0.00128462 0.000436696 0.000113894 2.43966e-05 4.47087e-06 7.06612e-07 9.36404e-08 9.46314e-09 5.2304e-10 0 
0 0.000529935 0.00264065 0.00549863 0.00894281 0.0130748 0.0177059 0.0225797 0.0274171 0.0319394 0.0358923 0.0390574 0.0412658 0.042435 0.0425713 0.041728 0.0399887 0.0374875 0.0344086 0.0309503 0.0272995 0.0236263 0.0200772 0.0167692 0.0137868 0.0111838 0.0089861 0.00718707 0.00569453 0.00425353 0.00266254 0.00124143 0.000420839 0.000109773 2.356e-05 4.33015e-06 6.86699e-07 9.13367e-08 9.26626e-09 5.14247e-10 0 
0 0.000496055 0.00253353 0.00531566 0.00862184 0.0125785 0.0170126 0.0216787 0.0263088 0.0306357 0.0344148 0.0374413 0.0395609 0.0406883 0.0408148 0.0399887 0.0383023 0.0358955 0.0329429 0.0296288 0.0261311 0.0226134 0.0192166 0.0160525 0.0132022 0.0107169 0.0086215 0.00690573 0.00546743 0.00405006 0.00249219 0.00114105 0.000382405 9.93844e-05 2.13641e-05 3.94381e-06 6.29084e-07 8.42282e-08 8.60586e-09 4.81152e-10 0 
0 0.000446676 0.00237275 0.0050511 0.0081621 0.0118659 0.0160164 0.0203835 0.0247163 0.0287641 0.032297 0.0351243 0.0371061 0.0381617 0.0382744 0.0374875 0.0358955 0.0336342 0.0308646 0.0277567 0.0244776 0.0211815 0.0180004 0.0150397 0.0123753 0.0100557 0.00810387 0.0065029 0.00513495 0.00374754 0.00224429 0.0010003 0.000329972 8.5408e-05 1.84252e-05 3.4274e-06 5.52051e-07 7.47175e-08 7.72166e-09 4.36803e-10 0 
0 0.000385677 0.00216214 0.00471895 0.00759748 0.010989 0.0147887 0.0187866 0.0227527 0.0264572 0.029689 0.0322727 0.0340812 0.0350415 0.0351375 0.0344086 0.0329429 0.0308646 0.0283201 0.0254653 0.0224541 0.0194285 0.01651 0.0137956 0.0113558 0.00923611 0.00745598 0.00598833 0.00469809 0.00335411 0.0019426 0.00084146 0.000273961 7.09789e-05 1.54586e-05 2.91552e-06 4.77061e-07 6.5645e-08 6.89823e-09 3.96691e-10 0 
0 0.0003178 0.00190636 0.00433013 0.00696365 0.010004 0.0134068 0.0169878 0.0205402 0.0238577 0.0267511 0.0290627 0.0306779 0.0315317 0.0316107 0.0309503 0.0296288 0.0277567 0.0254653 0.0228947 0.0201836 0.0174594 0.014832 0.0123892 0.0101957 0.00829336 0.00669672 0.00536548 0.00415689 0.00288859 0.00162182 0.000689841 0.000224698 5.90338e-05 1.31251e-05 2.53286e-06 4.24117e-07 5.96658e-08 6.40089e-09 3.75128e-10 0 
0 0.000248381 0.00161296 0.00388887 0.00629301 0.00896693 0.0119479 0.0150861 0.0181997 0.0211073 0.0236426 0.0256671 0.0270798 0.0278235 0.0278864 0.0272995 0.0261311 0.0244776 0.0224541 0.0201836 0.0177875 0.0153781 0.0130521 0.0108879 0.00894399 0.00725778 0.00583674 0.00463206 0.00352034 0.00238908 0.00132557 0.000569723 0.000190835 5.19163e-05 1.19464e-05 2.37746e-06 4.0875e-07 5.87918e-08 6.42325e-09 3.82032e-10 0 
0 0.00018281 0.00129517 0.00339165 0.00560736 0.00792913 0.0104837 0.0131734 0.0158432 0.0183367 0.0205106 0.0222458 0.0234552 0.0240893 0.0241376 0.0236263 0.0226134 0.0211815 0.0194285 0.0174594 0.0153781 0.0132802 0.0112492 0.00935325 0.00764371 0.00615231 0.00488222 0.00379732 0.00282713 0.00191366 0.00109517 0.000499029 0.000178353 5.12677e-05 1.22853e-05 2.51381e-06 4.40164e-07 6.40404e-08 7.04285e-09 4.20139e-10 0 
0 0.000125727 0.000973888 0.0028328 0.00490836 0.00693024 0.00907678 0.0113296 0.0135677 0.0156589 0.0174822 0.0189371 0.0199499 0.0204786 0.0205139 0.0200772 0.0192166 0.0180004 0.01651 0.014832 0.0130521 0.0112492 0.00949246 0.00783875 0.00633245 0.00500533 0.00387665 0.00294612 0.00218168 0.00152815 0.000949919 0.00048216 0.000189445 5.79136e-05 1.43157e-05 2.96203e-06 5.18623e-07 7.50088e-08 8.17524e-09 4.82573e-10 0 
0 8.01788e-05 0.000675954 0.00221971 0.00417147 0.00598558 0.0077749 0.00961964 0.0114514 0.0131646 0.014659 0.0158511 0.0166801 0.0171107 0.0171348 0.0167692 0.0160525 0.0150397 0.0137956 0.0123892 0.0108879 0.00935325 0.00783875 0.00639107 0.0050617 0.00392792 0.00306667 0.00244826 0.00192531 0.00140455 0.000918832 0.00051189 0.000221334 7.14331e-05 1.78943e-05 3.6685e-06 6.30708e-07 8.93362e-08 9.53551e-09 5.51759e-10 0 
0 4.70838e-05 0.000427244 0.00159108 0.00335955 0.00506708 0.0065983 0.00808922 0.00955237 0.0109207 0.0121153 0.0130684 0.0137304 0.0140723 0.0140868 0.0137868 0.0132022 0.0123753 0.0113558 0.0101957 0.00894399 0.00764371 0.00633245 0.0050617 0.00396449 0.00330789 0.00327787 0.00354737 0.00337281 0.00247686 0.00139716 0.000665286 0.000277654 9.05722e-05 2.24278e-05 4.47019e-06 7.45005e-07 1.02487e-07 1.06536e-08 6.02034e-10 0 
0 2.53203e-05 0.000243317 0.00101758 0.00247131 0.00409962 0.00551114 0.00675 0.00790467 0.00897052 0.00989958 0.0106408 0.0111549 0.0114184 0.011425 0.0111838 0.0107169 0.0100557 0.00923611 0.00829336 0.00725778 0.00615231 0.00500533 0.00392792 0.00330789 0.00389306 0.00613791 0.00885606 0.00943899 0.00697287 0.00354919 0.00130894 0.000410298 0.000116967 2.7064e-05 5.10782e-06 8.16271e-07 1.08723e-07 1.10055e-08 6.0794e-10 0 
0 1.24242e-05 0.00012408 0.000569989 0.00159368 0.00302382 0.00440197 0.00553953 0.00649439 0.00732486 0.00803271 0.00859323 0.0089802 0.00917632 0.00917623 0.0089861 0.0086215 0.00810387 0.00745598 0.00669672 0.00583674 0.00488222 0.00387665 0.00306667 0.00327787 0.00613791 0.0127388 0.0205466 0.0231704 0.016483 0.0081902 0.0027725 0.000693998 0.000154666 3.0872e-05 5.31196e-06 8.03737e-07 1.03649e-07 1.02561e-08 5.56246e-10 0 
0 5.55321e-06 5.65742e-05 0.000277391 0.000873303 0.0019184 0.00316611 0.00429766 0.00520316 0.00591653 0.0064803 0.00690821 0.0071968 0.0073397 0.00733498 0.00718707 0.00690573 0.0065029 0.00598833 0.00536548 0.00463206 0.00379732 0.00294612 0.00244826 0.00354737 0.00885606 0.0205466 0.0330272 0.0353573 0.0277434 0.013431 0.00444412 0.00102398 0.000190568 3.20324e-05 4.89506e-06 6.94845e-07 8.70292e-08 8.47588e-09 4.5446e-10 0 
0 2.26097e-06 2.3118e-05 0.000117578 0.000402226 0.00100215 0.00190368 0.0029121 0.00381986 0.00453967 0.00507582 0.00545556 0.00569867 0.00581555 0.00581235 0.00569453 0.00546743 0.00513495 0.00469809 0.00415689 0.00352034 0.00282713 0.00218168 0.00192531 0.00337281 0.00943899 0.0231704 0.0353573 0.0370054 0.0311298 0.0149955 0.00489453 0.00110049 0.00018872 2.80154e-05 3.85165e-06 5.16694e-07 6.34455e-08 6.1404e-09 3.28289e-10 0 
0 8.39465e-07 8.5056e-06 4.38173e-05 0.000157053 0.000426541 0.000911396 0.00158285 0.00232325 0.00300548 0.00355641 0.003957 0.00421465 0.00434281 0.00435302 0.00425353 0.00405006 0.00374754 0.00335411 0.00288859 0.00238908 0.00191366 0.00152815 0.00140455 0.00247686 0.00697287 0.016483 0.0277434 0.0311298 0.0224557 0.0110148 0.0036261 0.000814426 0.00013687 1.91446e-05 2.4839e-06 3.24606e-07 3.97793e-08 3.87199e-09 2.08381e-10 0 
0 2.8467e-07 2.83223e-06 1.4525e-05 5.29819e-05 0.000150688 0.000347264 0.000664698 0.00108285 0.00154253 0.00197496 0.00232882 0.00257775 0.00271403 0.00273995 0.00266254 0.00249219 0.00224429 0.0019426 0.00162182 0.00132557 0.00109517 0.000949919 0.000918832 0.00139716 0.00354919 0.0081902 0.013431 0.0149955 0.0110148 0.00544379 0.00180128 0.00041193 7.03763e-05 9.81141e-06 1.28048e-06 1.70646e-07 2.13612e-08 2.11828e-09 1.15847e-10 0 
0 8.82806e-08 8.57301e-07 4.32766e-06 1.57508e-05 4.55193e-05 0.000108823 0.000220303 0.000384674 0.000589905 0.000809239 0.0010107 0.00116695 0.00126056 0.00128462 0.00124143 0.00114105 0.0010003 0.00084146 0.000689841 0.000569723 0.000499029 0.00048216 0.00051189 0.000665286 0.00130894 0.0027725 0.00444412 0.00489453 0.0036261 0.00180128 0.000607347 0.000144622 2.57487e-05 3.77648e-06 5.30041e-07 7.53323e-08 9.83691e-09 1.00521e-09 5.6344e-11 0 
0 2.50435e-08 2.36532e-07 1.16737e-06 4.18907e-06 1.20708e-05 2.91498e-05 6.03979e-05 0.000109139 0.000174388 0.00024962 0.000324041 0.000385736 0.000425022 0.000436696 0.000420839 0.000382405 0.000329972 0.000273961 0.000224698 0.000190835 0.000178353 0.000189445 0.000221334 0.000277654 0.000410298 0.000693998 0.00102398 0.00110049 0.000814426 0.00041193 0.000144622 3.63509e-05 6.95038e-06 1.14025e-06 1.81831e-07 2.83101e-08 3.90332e-09 4.14421e-10 2.39746e-11 0 
0 6.48819e-09 5.94909e-08 2.86019e-07 1.00536e-06 2.85803e-06 6.86536e-06 1.42695e-05 2.60632e-05 4.23338e-05 6.17781e-05 8.17484e-05 9.8909e-05 0.000110231 0.000113894 0.000109773 9.93844e-05 8.5408e-05 7.09789e-05 5.90338e-05 5.19163e-05 5.12677e-05 5.79136e-05 7.14331e-05 9.05722e-05 0.000116967 0.000154666 0.000190568 0.00018872 0.00013687 7.03763e-05 2.57487e-05 6.95038e-06 1.50218e-06 2.90917e-07 5.37729e-08 9.18606e-09 1.34114e-09 1.48669e-10 8.92275e-12 0 
0 1.52769e-09 1.35904e-08 6.35493e-08 2.18106e-07 6.08412e-07 1.44218e-06 2.97501e-06 5.42189e-06 8.82586e-06 1.29465e-05 1.72449e-05 2.10011e-05 2.3529e-05 2.43966e-05 2.356e-05 2.13641e-05 1.84252e-05 1.54586e-05 1.31251e-05 1.19464e-05 1.22853e-05 1.43157e-05 1.78943e-05 2.24278e-05 2.7064e-05 3.0872e-05 3.20324e-05 2.80154e-05 1.91446e-05 9.81141e-06 3.77648e-06 1.14025e-06 2.90917e-07 6.68849e-08 1.40168e-08 2.59055e-09 3.99721e-10 4.63816e-11 2.89793e-12 0 
0 3.23496e-10 2.79278e-09 1.26976e-08 4.24995e-08 1.16054e-07 2.70437e-07 5.50814e-07 9.95247e-07 1.61204e-06 2.35974e-06 3.1431e-06 3.83245e-06 4.30195e-06 4.47087e-06 4.33015e-06 3.94381e-06 3.4274e-06 2.91552e-06 2.53286e-06 2.37746e-06 2.51381e-06 2.96203e-06 3.6685e-06 4.47019e-06 5.10782e-06 5.31196e-06 4.89506e-06 3.85165e-06 2.4839e-06 1.28048e-06 5.30041e-07 1.81831e-07 5.37729e-08 1.40168e-08 3.21057e-09 6.32742e-10 1.02913e-10 1.25121e-11 8.15416e-13 0 
0 6.03238e-11 5.05795e-10 2.23711e-09 7.30219e-09 1.95062e-08 4.46184e-08 8.95245e-08 1.59906e-07 2.56858e-07 3.7392e-07 4.96453e-07 6.04535e-07 6.78757e-07 7.06612e-07 6.86699e-07 6.29084e-07 5.52051e-07 4.77061e-07 4.24117e-07 4.0875e-07 4.40164e-07 5.18623e-07 6.30708e-07 7.45005e-07 8.16271e-07 8.03737e-07 6.94845e-07 5.16694e-07 3.24606e-07 1.70646e-07 7.53323e-08 2.83101e-08 9.18606e-09 2.59055e-09 6.32742e-10 1.31812e-10 2.25469e-11 2.87174e-12 1.95339e-13 0 
0 9.48372e-12 7.73198e-11 3.33022e-10 1.06082e-09 2.77279e-09 6.22438e-09 1.22943e-08 2.16838e-08 3.44938e-08 4.98615e-08 6.58941e-08 8.00394e-08 8.98193e-08 9.36404e-08 9.13367e-08 8.42282e-08 7.47175e-08 6.5645e-08 5.96658e-08 5.87918e-08 6.40404e-08 7.50088e-08 8.93362e-08 1.02487e-07 1.08723e-07 1.03649e-07 8.70292e-08 6.34455e-08 3.97793e-08 2.13612e-08 9.83691e-09 3.90332e-09 1.34114e-09 3.99721e-10 1.02913e-10 2.25469e-11 4.04667e-12 5.39356e-13 3.82799e-14 0 
0 1.13396e-12 9.00201e-12 3.7806e-11 1.17656e-10 3.01156e-10 6.6376e-10 1.29078e-09 2.2476e-09 3.53937e-09 5.07759e-09 6.67541e-09 8.08429e-09 9.06455e-09 9.46314e-09 9.26626e-09 8.60586e-09 7.72166e-09 6.89823e-09 6.40089e-09 6.42325e-09 7.04285e-09 8.17524e-09 9.53551e-09 1.06536e-08 1.10055e-08 1.02561e-08 8.47588e-09 6.1404e-09 3.87199e-09 2.11828e-09 1.00521e-09 4.14421e-10 1.48669e-10 4.63816e-11 1.25121e-11 2.87174e-12 5.39356e-13 7.50932e-14 5.55504e-15 0 
0 7.36398e-14 5.70073e-13 2.33789e-12 7.11755e-12 1.78603e-11 3.86824e-11 7.41035e-11 1.27434e-10 1.98678e-10 2.82865e-10 3.69911e-10 4.46599e-10 5.00302e-10 5.2304e-10 5.14247e-10 4.81152e-10 4.36803e-10 3.96691e-10 3.75128e-10 3.82032e-10 4.20139e-10 4.82573e-10 5.51759e-10 6.02034e-10 6.0794e-10 5.56246e-10 4.5446e-10 3.28289e-10 2.08381e-10 1.15847e-10 5.6344e-11 2.39746e-11 8.92275e-12 2.89793e-12 8.15416e-13 1.95339e-13 3.82799e-14 5.55504e-15 4.27651e-16 0 
0 0 0 0 0 0 0 0 0 0 0 0 0 0 0 0 0 0 0 0 0 0 0 0 0 0 0 0 0 0 0 0 0 0 0 0 0 0 0 0 0 
