0 0 0 0 0 0 0 0 0 0 0 0 0 0 0 0 0 0 0 0 0 0 0 0 0 0 0 0 0 0 0 0 0 0 0 0 0 0 0 0 0 
0 1.50122e-07 1.36179e-06 6.21336e-06 1.97661e-05 4.85555e-05 9.71051e-05 0.000164388 0.000243556 0.000324926 0.000399398 0.000460307 0.000503676 0.000527699 0.000532118 0.000517773 0.000486363 0.000440382 0.000383139 0.000318758 0.000252026 0.000187985 0.000131221 8.50274e-05 5.07618e-05 2.77511e-05 1.38343e-05 6.27537e-06 2.58937e-06 9.72849e-07 3.33323e-07 1.04291e-07 2.98096e-08 7.77235e-09 1.83984e-09 3.91327e-10 7.32408e-11 1.15493e-11 1.38438e-12 9.0086e-14 0 
0 1.36179e-06 1.27657e-05 5.87477e-05 0.000181888 0.000418225 0.000758947 0.00114844 0.00152378 0.00184612 0.00210184 0.00229055 0.00241584 0.00248152 0.00249109 0.00244791 0.00235537 0.00221664 0.00203454 0.00181199 0.00155362 0.00126856 0.000973142 0.000690906 0.000447391 0.000261071 0.000136245 6.34247e-05 2.63851e-05 9.85364e-06 3.32149e-06 1.01544e-06 2.82429e-07 7.14987e-08 1.64195e-08 3.38848e-09 6.15774e-10 9.43897e-11 1.10136e-11 6.98699e-13 0 
0 6.21336e-06 5.87477e-05 0.000260651 0.000733349 0.00145876 0.00225429 0.00296339 0.00354853 0.00402856 0.00441965 0.00472363 0.00493513 0.00504905 0.00506448 0.00498592 0.00482285 0.00458817 0.00429574 0.00395704 0.00357752 0.00315419 0.00267831 0.00214745 0.00158459 0.0010474 0.000606796 0.000304653 0.000132599 5.04695e-05 1.70034e-05 5.12849e-06 1.39625e-06 3.44517e-07 7.69616e-08 1.54417e-08 2.72938e-09 4.07324e-10 4.63319e-11 2.86955e-12 0 
0 1.97661e-05 0.000181888 0.000733349 0.0017539 0.00292049 0.00395205 0.0048478 0.00566903 0.00642385 0.00708493 0.00761815 0.00799593 0.00820175 0.00823134 0.00809215 0.00780191 0.00738633 0.00687644 0.00630532 0.00570408 0.00509593 0.00448754 0.00386058 0.00317622 0.00241179 0.0016185 0.000925231 0.000442925 0.000178425 6.16028e-05 1.86174e-05 5.00904e-06 1.21204e-06 2.64499e-07 5.17624e-08 8.92215e-09 1.29925e-09 1.44359e-10 8.74489e-12 0 
0 4.85555e-05 0.000418225 0.00145876 0.00292049 0.0042955 0.00555817 0.00681468 0.00805977 0.0092312 0.0102607 0.0110904 0.0116777 0.0119979 0.012045 0.0118305 0.0113815 0.0107367 0.00994329 0.00905214 0.00811426 0.00717694 0.00627883 0.0054403 0.00464608 0.00383233 0.00292287 0.00194075 0.00106503 0.000473547 0.000172954 5.34632e-05 1.43958e-05 3.44323e-06 7.38012e-07 1.4144e-07 2.38517e-08 3.39851e-09 3.69747e-10 2.19557e-11 0 
0 9.71051e-05 0.000758947 0.00225429 0.00395205 0.00555817 0.00722997 0.00898553 0.0107372 0.0123818 0.0138242 0.014985 0.0158061 0.0162539 0.0163201 0.0160209 0.0153937 0.0144922 0.0133813 0.012131 0.0108109 0.00948621 0.00821381 0.00703909 0.00598703 0.00503922 0.00410571 0.00306546 0.00194104 0.000980992 0.000390993 0.000126491 3.45879e-05 8.25238e-06 1.74788e-06 3.29526e-07 5.45626e-08 7.63026e-09 8.15066e-10 4.75576e-11 0 
0 0.000164388 0.00114844 0.00296339 0.0048478 0.00681468 0.00898553 0.0112788 0.0135622 0.0157026 0.017578 0.0190865 0.0201531 0.0207344 0.02082 0.020431 0.0196157 0.0184437 0.0169988 0.0153712 0.0136505 0.0119198 0.0102515 0.00870471 0.00732281 0.0061244 0.00507148 0.00403125 0.00285707 0.00164602 0.000730638 0.000252496 7.11359e-05 1.70885e-05 3.5989e-06 6.70519e-07 1.09418e-07 1.50658e-08 1.58456e-09 9.108e-11 0 
0 0.000243556 0.00152378 0.00354853 0.00566903 0.00805977 0.0107372 0.0135622 0.0163715 0.0190032 0.021308 0.023161 0.0244705 0.0251836 0.0252875 0.0248082 0.0238053 0.0223642 0.0205875 0.0185855 0.0164677 0.0143355 0.0122765 0.0103617 0.00864395 0.00715711 0.00590075 0.00479193 0.00363877 0.00233878 0.00115973 0.000433658 0.000127364 3.10594e-05 6.54138e-06 1.20962e-06 1.95235e-07 2.65511e-08 2.75729e-09 1.5653e-10 0 
0 0.000324926 0.00184612 0.00402856 0.00642385 0.0092312 0.0123818 0.0157026 0.0190032 0.0220938 0.0247995 0.0269742 0.0285113 0.0293482 0.0294685 0.0289023 0.0277213 0.026027 0.0239395 0.0215874 0.0190986 0.0165917 0.0141687 0.0119118 0.00988155 0.00811816 0.00663753 0.00539937 0.00424102 0.00294605 0.00161159 0.000653623 0.000201453 5.01661e-05 1.0614e-05 1.95532e-06 3.1316e-07 4.21886e-08 4.33772e-09 2.43819e-10 0 
0 0.000399398 0.00210184 0.00441965 0.00708493 0.0102607 0.0138242 0.017578 0.021308 0.0247995 0.0278555 0.0303127 0.0320509 0.032997 0.0331306 0.0324858 0.0311448 0.0292252 0.026864 0.0242054 0.0213927 0.0185588 0.0158186 0.013264 0.0109624 0.00895791 0.00727241 0.00588906 0.00468696 0.00341847 0.00202016 0.000882194 0.000285462 7.2784e-05 1.5516e-05 2.85577e-06 4.55115e-07 6.09001e-08 6.21524e-09 3.46734e-10 0 
0 0.000460307 0.00229055 0.00472363 0.00761815 0.0110904 0.014985 0.0190865 0.023161 0.0269742 0.0303127 0.0329974 0.0348906 0.0359126 0.0360527 0.0353512 0.033888 0.0317871 0.0292031 0.0262972 0.0232245 0.0201289 0.017135 0.0143427 0.0118248 0.00962836 0.00777746 0.00626607 0.00500466 0.00375362 0.0023435 0.00108676 0.000367224 9.57893e-05 2.05977e-05 3.79492e-06 6.03155e-07 8.0356e-08 8.15931e-09 4.52808e-10 0 
0 0.000503676 0.00241584 0.00493513 0.00799593 0.0116777 0.0158061 0.0201531 0.0244705 0.0285113 0.0320509 0.0348906 0.0368711 0.0379218 0.0380594 0.0373321 0.0358033 0.0335842 0.0308421 0.0277593 0.0245029 0.0212232 0.0180514 0.0150928 0.0124238 0.0100934 0.00812677 0.00652229 0.00520936 0.00396551 0.0025648 0.00124183 0.000433973 0.000115362 2.50073e-05 4.61668e-06 7.3307e-07 9.74373e-08 9.86501e-09 5.45785e-10 0 
0 0.000527699 0.00248152 0.00504905 0.00820175 0.0119979 0.0162539 0.0207344 0.0251836 0.0293482 0.032997 0.0359126 0.0379218 0.0389708 0.0391014 0.0383667 0.0368154 0.034541 0.0317136 0.0285327 0.0251759 0.0217969 0.0185298 0.0154824 0.0127331 0.0103319 0.00830391 0.00664942 0.00530726 0.00406832 0.00268255 0.00133264 0.000475771 0.000128114 2.79437e-05 5.17088e-06 8.2142e-07 1.09129e-07 1.10393e-08 6.10165e-10 0 
0 0.000532118 0.00249109 0.00506448 0.00823134 0.012045 0.0163201 0.02082 0.0252875 0.0294685 0.0331306 0.0360527 0.0380594 0.0391014 0.0392254 0.0384857 0.0369283 0.0346434 0.0318011 0.0286044 0.0252328 0.0218406 0.0185617 0.0155042 0.0127463 0.0103378 0.00830375 0.00664454 0.00530185 0.00407224 0.00270161 0.0013542 0.000487523 0.000132052 2.89086e-05 5.36193e-06 8.5317e-07 1.13498e-07 1.14952e-08 6.36131e-10 0 
0 0.000517773 0.00244791 0.00498592 0.00809215 0.0118305 0.0160209 0.020431 0.0248082 0.0289023 0.0324858 0.0353512 0.0373321 0.0383667 0.0384857 0.0377406 0.0361881 0.0339312 0.03114 0.0280062 0.0247017 0.0213779 0.0181666 0.0151734 0.0124749 0.0101195 0.00813182 0.00651133 0.00519705 0.00398375 0.00262867 0.00130931 0.000469506 0.00012707 2.78557e-05 5.17945e-06 8.26635e-07 1.10333e-07 1.1214e-08 6.22842e-10 0 
0 0.000486363 0.00235537 0.00482285 0.00780191 0.0113815 0.0153937 0.0196157 0.0238053 0.0277213 0.0311448 0.033888 0.0358033 0.0368154 0.0369283 0.0361881 0.0346679 0.0324878 0.029811 0.0268097 0.0236444 0.0204615 0.0173879 0.0145249 0.0119458 0.00969713 0.00780223 0.0062587 0.00499744 0.00380652 0.00247143 0.00120711 0.00042687 0.000114871 2.51861e-05 4.69914e-06 7.53779e-07 1.01204e-07 1.03518e-08 5.78799e-10 0 
0 0.000440382 0.00221664 0.00458817 0.00738633 0.0107367 0.0144922 0.0184437 0.0223642 0.026027 0.0292252 0.0317871 0.0335842 0.034541 0.0346434 0.0339312 0.0324878 0.0304373 0.0279284 0.0251154 0.0221483 0.0191658 0.0162875 0.0136085 0.0111976 0.00909896 0.00733457 0.0058979 0.00470643 0.00354239 0.00224056 0.00106267 0.00036847 9.84355e-05 2.16116e-05 4.05666e-06 6.56206e-07 8.89519e-08 9.19175e-09 5.19361e-10 0 
0 0.000383139 0.00203454 0.00429574 0.00687644 0.00994329 0.0133813 0.0169988 0.0205875 0.0239395 0.026864 0.0292031 0.0308421 0.0317136 0.0318011 0.03114 0.029811 0.0279284 0.0256252 0.0230419 0.0203173 0.0175796 0.0149388 0.0124828 0.0102752 0.00835751 0.00674978 0.00543835 0.00432388 0.00319389 0.00195345 0.000896626 0.000305201 8.12582e-05 1.79542e-05 3.40877e-06 5.59022e-07 7.69005e-08 8.06639e-09 4.62599e-10 0 
0 0.000318758 0.00181199 0.00395704 0.00630532 0.00905214 0.012131 0.0153712 0.0185855 0.0215874 0.0242054 0.0262972 0.0277593 0.0285327 0.0286044 0.0280062 0.0268097 0.0251154 0.0230419 0.020716 0.0182628 0.0157979 0.0134206 0.0112102 0.00922554 0.00750497 0.00606547 0.00488312 0.00384598 0.00277058 0.00163829 0.000733547 0.000248076 6.66135e-05 1.49651e-05 2.89825e-06 4.85181e-07 6.80978e-08 7.28031e-09 4.24956e-10 0 
0 0.000252026 0.00155362 0.00357752 0.00570408 0.00811426 0.0108109 0.0136505 0.0164677 0.0190986 0.0213927 0.0232245 0.0245029 0.0251759 0.0252328 0.0247017 0.0236444 0.0221483 0.0203173 0.0182628 0.0160948 0.0139146 0.01181 0.00985181 0.00809311 0.00656908 0.00529156 0.00422761 0.00327261 0.002299 0.00133448 0.00059833 0.000206446 5.7077e-05 1.32199e-05 2.63341e-06 4.51878e-07 6.47797e-08 7.05002e-09 4.17633e-10 0 
0 0.000187985 0.00126856 0.00315419 0.00509593 0.00717694 0.00948621 0.0119198 0.0143355 0.0165917 0.0185588 0.0201289 0.0212232 0.0217969 0.0218406 0.0213779 0.0204615 0.0191658 0.0175796 0.0157979 0.0139146 0.0120164 0.0101788 0.00846329 0.00691713 0.0055709 0.00443202 0.00347304 0.00262874 0.00182915 0.00108383 0.000510304 0.000186693 5.4356e-05 1.30916e-05 2.68051e-06 4.68628e-07 6.80139e-08 7.45935e-09 4.43785e-10 0 
0 0.000131221 0.000973142 0.00267831 0.00448754 0.00627883 0.00821381 0.0102515 0.0122765 0.0141687 0.0158186 0.017135 0.0180514 0.0185298 0.0185617 0.0181666 0.0173879 0.0162875 0.0149388 0.0134206 0.01181 0.0101788 0.00858922 0.0070933 0.00573192 0.00453517 0.00352113 0.00268907 0.00200968 0.00143068 0.000910936 0.000474973 0.000190827 5.91642e-05 1.47278e-05 3.05518e-06 5.35092e-07 7.73347e-08 8.41944e-09 4.96405e-10 0 
0 8.50274e-05 0.000690906 0.00214745 0.00386058 0.0054403 0.00703909 0.00870471 0.0103617 0.0119118 0.013264 0.0143427 0.0150928 0.0154824 0.0155042 0.0151734 0.0145249 0.0136085 0.0124828 0.0112102 0.00985181 0.00846329 0.0070933 0.0057845 0.00458361 0.00355931 0.00278016 0.00222041 0.00174843 0.00128146 0.000849355 0.000484607 0.000215134 7.0808e-05 1.79379e-05 3.69719e-06 6.37032e-07 9.02964e-08 9.63893e-09 5.57669e-10 0 
0 5.07618e-05 0.000447391 0.00158459 0.00317622 0.00464608 0.00598703 0.00732281 0.00864395 0.00988155 0.0109624 0.0118248 0.0124238 0.0127331 0.0127463 0.0124749 0.0119458 0.0111976 0.0102752 0.00922554 0.00809311 0.00691713 0.00573192 0.00458361 0.00359064 0.00299463 0.00296631 0.00320989 0.00305194 0.00224146 0.00126611 0.000609058 0.000261025 8.75638e-05 2.20731e-05 4.43883e-06 7.42679e-07 1.02337e-07 1.06461e-08 6.0186e-10 0 
0 2.77511e-05 0.000261071 0.0010474 0.00241179 0.00383233 0.00503922 0.0061244 0.00715711 0.00811816 0.00895791 0.00962836 0.0100934 0.0103319 0.0103378 0.0101195 0.00969713 0.00909896 0.00835751 0.00750497 0.00656908 0.0055709 0.00453517 0.00355931 0.00299463 0.00352268 0.00555381 0.00801331 0.00854146 0.00630932 0.00321146 0.00118522 0.000375737 0.000110384 2.62237e-05 5.01994e-06 8.07137e-07 1.0777e-07 1.09213e-08 6.03682e-10 0 
0 1.38343e-05 0.000136245 0.000606796 0.0016185 0.00292287 0.00410571 0.00507148 0.00590075 0.00663753 0.00727241 0.00777746 0.00812677 0.00830391 0.00830375 0.00813182 0.00780223 0.00733457 0.00674978 0.00606547 0.00529156 0.00443202 0.00352113 0.00278016 0.00296631 0.00555381 0.0115266 0.0188073 0.0213733 0.0149339 0.0074108 0.00250869 0.000629355 0.000143099 2.94683e-05 5.17605e-06 7.90402e-07 1.02274e-07 1.01337e-08 5.50022e-10 0 
0 6.27537e-06 6.34247e-05 0.000304653 0.000925231 0.00194075 0.00306546 0.00403125 0.00479193 0.00539937 0.00588906 0.00626607 0.00652229 0.00664942 0.00664454 0.00651133 0.0062587 0.0058979 0.00543835 0.00488312 0.00422761 0.00347304 0.00268907 0.00222041 0.00320989 0.00801331 0.0188073 0.0296717 0.0313437 0.0253569 0.0121771 0.00402121 0.000926984 0.00017447 3.02014e-05 4.73425e-06 6.80576e-07 8.56245e-08 8.35196e-09 4.48157e-10 0 
0 2.58937e-06 2.63851e-05 0.000132599 0.000442925 0.00106503 0.00194104 0.00285707 0.00363877 0.00424102 0.00468696 0.00500466 0.00520936 0.00530726 0.00530185 0.00519705 0.00499744 0.00470643 0.00432388 0.00384598 0.00327261 0.00262874 0.00200968 0.00174843 0.00305194 0.00854146 0.0213733 0.0313437 0.0325566 0.0282433 0.0137122 0.00442876 0.000996029 0.000172177 2.6227e-05 3.70501e-06 5.04665e-07 6.23048e-08 6.04006e-09 3.23161e-10 0 
0 9.72849e-07 9.85364e-06 5.04695e-05 0.000178425 0.000473547 0.000980992 0.00164602 0.00233878 0.00294605 0.00341847 0.00375362 0.00396551 0.00406832 0.00407224 0.00398375 0.00380652 0.00354239 0.00319389 0.00277058 0.002299 0.00182915 0.00143068 0.00128146 0.00224146 0.00630932 0.0149339 0.0253569 0.0282433 0.0204729 0.00996688 0.00328103 0.000737269 0.00012494 1.78943e-05 2.3842e-06 3.16617e-07 3.90219e-08 3.80448e-09 2.04884e-10 0 
0 3.33323e-07 3.32149e-06 1.70034e-05 6.16028e-05 0.000172954 0.000390993 0.000730638 0.00115973 0.00161159 0.00202016 0.0023435 0.0025648 0.00268255 0.00270161 0.00262867 0.00247143 0.00224056 0.00195345 0.00163829 0.00133448 0.00108383 0.000910936 0.000849355 0.00126611 0.00321146 0.0074108 0.0121771 0.0137122 0.00996688 0.00492574 0.00162992 0.000373344 6.44963e-05 9.20084e-06 1.23088e-06 1.66473e-07 2.09449e-08 2.07991e-09 1.13812e-10 0 
0 1.04291e-07 1.01544e-06 5.12849e-06 1.86174e-05 5.34632e-05 0.000126491 0.000252496 0.000433658 0.000653623 0.000882194 0.00108676 0.00124183 0.00133264 0.0013542 0.00130931 0.00120711 0.00106267 0.000896626 0.000733547 0.00059833 0.000510304 0.000474973 0.000484607 0.000609058 0.00118522 0.00250869 0.00402121 0.00442876 0.00328103 0.00162992 0.000549945 0.000131645 2.37871e-05 3.56845e-06 5.11765e-07 7.35844e-08 9.64471e-09 9.86592e-10 5.53251e-11 0 
0 2.98096e-08 2.82429e-07 1.39625e-06 5.00904e-06 1.43958e-05 3.45879e-05 7.11359e-05 0.000127364 0.000201453 0.000285462 0.000367224 0.000433973 0.000475771 0.000487523 0.000469506 0.00042687 0.00036847 0.000305201 0.000248076 0.000206446 0.000186693 0.000190827 0.000215134 0.000261025 0.000375737 0.000629355 0.000926984 0.000996029 0.000737269 0.000373344 0.000131645 3.34333e-05 6.50282e-06 1.08928e-06 1.76571e-07 2.76976e-08 3.82749e-09 4.06642e-10 2.35327e-11 0 
0 7.77235e-09 7.14987e-08 3.44517e-07 1.21204e-06 3.44323e-06 8.25238e-06 1.70885e-05 3.10594e-05 5.01661e-05 7.2784e-05 9.57893e-05 0.000115362 0.000128114 0.000132052 0.00012707 0.000114871 9.84355e-05 8.12582e-05 6.66135e-05 5.7077e-05 5.4356e-05 5.91642e-05 7.0808e-05 8.75638e-05 0.000110384 0.000143099 0.00017447 0.000172177 0.00012494 6.44963e-05 2.37871e-05 6.50282e-06 1.4289e-06 2.81156e-07 5.24768e-08 8.99852e-09 1.31523e-09 1.45856e-10 8.75616e-12 0 
0 1.83984e-09 1.64195e-08 7.69616e-08 2.64499e-07 7.38012e-07 1.74788e-06 3.5989e-06 6.54138e-06 1.0614e-05 1.5516e-05 2.05977e-05 2.50073e-05 2.79437e-05 2.89086e-05 2.78557e-05 2.51861e-05 2.16116e-05 1.79542e-05 1.49651e-05 1.32199e-05 1.30916e-05 1.47278e-05 1.79379e-05 2.20731e-05 2.62237e-05 2.94683e-05 3.02014e-05 2.6227e-05 1.78943e-05 9.20084e-06 3.56845e-06 1.08928e-06 2.81156e-07 6.51942e-08 1.37197e-08 2.53942e-09 3.92025e-10 4.54997e-11 2.84338e-12 0 
0 3.91327e-10 3.38848e-09 1.54417e-08 5.17624e-08 1.4144e-07 3.29526e-07 6.70519e-07 1.20962e-06 1.95532e-06 2.85577e-06 3.79492e-06 4.61668e-06 5.17088e-06 5.36193e-06 5.17945e-06 4.69914e-06 4.05666e-06 3.40877e-06 2.89825e-06 2.63341e-06 2.68051e-06 3.05518e-06 3.69719e-06 4.43883e-06 5.01994e-06 5.17605e-06 4.73425e-06 3.70501e-06 2.3842e-06 1.23088e-06 5.11765e-07 1.76571e-07 5.24768e-08 1.37197e-08 3.14665e-09 6.20447e-10 1.00935e-10 1.22736e-11 7.9999e-13 0 
0 7.32408e-11 6.15774e-10 2.72938e-09 8.92215e-09 2.38517e-08 5.45626e-08 1.09418e-07 1.95235e-07 3.1316e-07 4.55115e-07 6.03155e-07 7.3307e-07 8.2142e-07 8.5317e-07 8.26635e-07 7.53779e-07 6.56206e-07 5.59022e-07 4.85181e-07 4.51878e-07 4.68628e-07 5.35092e-07 6.37032e-07 7.42679e-07 8.07137e-07 7.90402e-07 6.80576e-07 5.04665e-07 3.16617e-07 1.66473e-07 7.35844e-08 2.76976e-08 8.99852e-09 2.53942e-09 6.20447e-10 1.2927e-10 2.21145e-11 2.81696e-12 1.91634e-13 0 
0 1.15493e-11 9.43897e-11 4.07324e-10 1.29925e-09 3.39851e-09 7.63026e-09 1.50658e-08 2.65511e-08 4.21886e-08 6.09001e-08 8.0356e-08 9.74373e-08 1.09129e-07 1.13498e-07 1.10333e-07 1.01204e-07 8.89519e-08 7.69005e-08 6.80978e-08 6.47797e-08 6.80139e-08 7.73347e-08 9.02964e-08 1.02337e-07 1.0777e-07 1.02274e-07 8.56245e-08 6.23048e-08 3.90219e-08 2.09449e-08 9.64471e-09 3.82749e-09 1.31523e-09 3.92025e-10 1.00935e-10 2.21145e-11 3.96926e-12 5.29073e-13 3.7553e-14 0 
0 1.38438e-12 1.10136e-11 4.63319e-11 1.44359e-10 3.69747e-10 8.15066e-10 1.58456e-09 2.75729e-09 4.33772e-09 6.21524e-09 8.15931e-09 9.86501e-09 1.10393e-08 1.14952e-08 1.1214e-08 1.03518e-08 9.19175e-09 8.06639e-09 7.28031e-09 7.05002e-09 7.45935e-09 8.41944e-09 9.63893e-09 1.06461e-08 1.09213e-08 1.01337e-08 8.35196e-09 6.04006e-09 3.80448e-09 2.07991e-09 9.86592e-10 4.06642e-10 1.45856e-10 4.54997e-11 1.22736e-11 2.81696e-12 5.29073e-13 7.3664e-14 5.44958e-15 0 
0 9.0086e-14 6.98699e-13 2.86955e-12 8.74489e-12 2.19557e-11 4.75576e-11 9.108e-11 1.5653e-10 2.43819e-10 3.46734e-10 4.52808e-10 5.45785e-10 6.10165e-10 6.36131e-10 6.22842e-10 5.78799e-10 5.19361e-10 4.62599e-10 4.24956e-10 4.17633e-10 4.43785e-10 4.96405e-10 5.57669e-10 6.0186e-10 6.03682e-10 5.50022e-10 4.48157e-10 3.23161e-10 2.04884e-10 1.13812e-10 5.53251e-11 2.35327e-11 8.75616e-12 2.84338e-12 7.9999e-13 1.91634e-13 3.7553e-14 5.44958e-15 4.19543e-16 0 
0 0 0 0 0 0 0 0 0 0 0 0 0 0 0 0 0 0 0 0 0 0 0 0 0 0 0 0 0 0 0 0 0 0 0 0 0 0 0 0 0 
