0 0 0 0 0 0 0 0 0 0 0 0 0 0 0 0 0 0 0 0 0 0 0 0 0 0 0 0 0 0 0 0 0 0 0 0 0 0 0 0 0 
0 1.98708e-07 1.75149e-06 7.54909e-06 2.20226e-05 4.84806e-05 8.59731e-05 0.000129393 0.000172554 0.000210849 0.00024192 0.000265055 0.000280401 0.000288411 0.000289576 0.000284332 0.000273047 0.000256072 0.000233826 0.000206935 0.000176397 0.000143712 0.000110884 8.02108e-05 5.38292e-05 3.31788e-05 1.86213e-05 9.45597e-06 4.3288e-06 1.78459e-06 6.63084e-07 2.22411e-07 6.74276e-08 1.84693e-08 4.55467e-09 1.00199e-09 1.92783e-10 3.10919e-11 3.79577e-12 2.5071e-13 0 
0 1.75149e-06 1.56674e-05 6.5367e-05 0.000173934 0.000332095 0.000499052 0.000640825 0.000748884 0.000829251 0.000889363 0.000933463 0.00096306 0.000978478 0.000979992 0.000968345 0.000944791 0.000910805 0.000867569 0.000815346 0.000753005 0.000678133 0.000588281 0.000483493 0.000369114 0.000256461 0.000159272 8.72957e-05 4.19845e-05 1.77343e-05 6.61475e-06 2.19421e-06 6.51382e-07 1.73677e-07 4.15614e-08 8.86166e-09 1.65257e-09 2.5855e-10 3.06607e-11 1.97033e-12 0 
0 7.54909e-06 6.5367e-05 0.000243415 0.000534868 0.000823941 0.00104179 0.00120802 0.00135391 0.0014896 0.00161124 0.00171116 0.00178268 0.00182167 0.00182683 0.00179953 0.00174349 0.00166429 0.00156874 0.00146421 0.00135735 0.00125236 0.00114826 0.00103669 0.000903023 0.000735151 0.000538409 0.000342486 0.000184979 8.43435e-05 3.27408e-05 1.09888e-05 3.23862e-06 8.47513e-07 1.97822e-07 4.10232e-08 7.4343e-09 1.13072e-09 1.30496e-10 8.17332e-12 0 
0 2.20226e-05 0.000173934 0.000534868 0.000938331 0.00124308 0.00150218 0.00176933 0.00204482 0.00230992 0.00254556 0.00273651 0.002872 0.00294585 0.00295647 0.00290651 0.00280236 0.00265335 0.00247085 0.00226743 0.00205609 0.00184953 0.00165903 0.00149155 0.00134368 0.00119467 0.00100921 0.000764954 0.000490778 0.000256853 0.000109107 3.83485e-05 1.14627e-05 2.98215e-06 6.8438e-07 1.3877e-07 2.45337e-08 3.63876e-09 4.09769e-10 2.50723e-11 0 
0 4.84806e-05 0.000332095 0.000823941 0.00124308 0.00160767 0.00201044 0.00244997 0.0028951 0.0033155 0.00368521 0.00398318 0.00419409 0.00430911 0.00432602 0.00424901 0.00408772 0.00385616 0.0035712 0.00325119 0.00291458 0.00257896 0.00226056 0.00197398 0.00173074 0.00153291 0.0013593 0.00115745 0.000877331 0.000545935 0.000266198 0.000101993 3.17649e-05 8.35236e-06 1.9037e-06 3.79934e-07 6.58418e-08 9.5585e-09 1.0536e-09 6.31498e-11 0 
0 8.59731e-05 0.000499052 0.00104179 0.00150218 0.00201044 0.00259819 0.00322732 0.00385635 0.004447 0.00496503 0.00538194 0.00567686 0.00583769 0.00586148 0.00575401 0.00552873 0.00520496 0.00480598 0.00435691 0.00388281 0.00340707 0.00295041 0.00253051 0.0021625 0.00185866 0.00162179 0.00142525 0.00119712 0.000871123 0.000498456 0.000215363 7.18565e-05 1.94462e-05 4.45147e-06 8.8079e-07 1.50396e-07 2.14577e-08 2.32295e-09 1.3679e-10 0 
0 0.000129393 0.000640825 0.00120802 0.00176933 0.00244997 0.00322732 0.00405083 0.00487092 0.00563967 0.00631328 0.00685548 0.0072401 0.0074511 0.00748243 0.00734096 0.00704616 0.00662436 0.00610524 0.00552065 0.00490264 0.00428106 0.00368191 0.00312656 0.0026319 0.0022116 0.0018763 0.00162399 0.00141075 0.00113834 0.000754002 0.000373031 0.000136276 3.86004e-05 8.97164e-06 1.77253e-06 2.99745e-07 4.22003e-08 4.50223e-09 2.61251e-10 0 
0 0.000172554 0.000748884 0.00135391 0.00204482 0.0028951 0.00385635 0.00487092 0.00587993 0.00682522 0.0076551 0.00833321 0.00883529 0.00912603 0.00917146 0.00897465 0.00857911 0.00804002 0.00739522 0.00667516 0.00591448 0.00514868 0.00440918 0.00372147 0.00310479 0.0025732 0.0021377 0.00180519 0.00155942 0.00132127 0.000976132 0.000549194 0.000221911 6.65901e-05 1.58563e-05 3.14758e-06 5.29587e-07 7.38507e-08 7.79002e-09 4.46733e-10 0 
0 0.000210849 0.000829251 0.0014896 0.00230992 0.0033155 0.004447 0.00563967 0.00682522 0.00793824 0.0089357 0.00980187 0.0104585 0.0108141 0.0108678 0.0106358 0.0101297 0.00941897 0.0086137 0.007755 0.00685946 0.005959 0.00508878 0.00427818 0.00354905 0.00291631 0.00239012 0.00197838 0.00167886 0.00144117 0.00114033 0.000713428 0.000317923 0.00010158 2.49211e-05 4.99325e-06 8.39031e-07 1.16271e-07 1.21622e-08 6.91155e-10 0 
0 0.00024192 0.000889363 0.00161124 0.00254556 0.00368521 0.00496503 0.00631328 0.0076551 0.0089357 0.0101436 0.0111375 0.0117365 0.0120151 0.0120544 0.0118741 0.0114456 0.010711 0.00973417 0.00870953 0.00768474 0.00666554 0.00568133 0.00476384 0.00393721 0.00321745 0.00261423 0.0021343 0.00178028 0.00152272 0.0012505 0.000846142 0.00041044 0.000139294 3.52623e-05 7.14897e-06 1.20288e-06 1.66088e-07 1.72724e-08 9.75054e-10 0 
0 0.000265055 0.000933463 0.00171116 0.00273651 0.00398318 0.00538194 0.00685548 0.00833321 0.00980187 0.0111375 0.0120008 0.0124683 0.0126878 0.0127176 0.0125714 0.0122304 0.0116333 0.0106855 0.00951013 0.00835024 0.00722988 0.00615413 0.00515126 0.00424695 0.00345813 0.00279433 0.00226104 0.00186176 0.00157906 0.00131967 0.00094132 0.000487828 0.000174314 4.54158e-05 9.31881e-06 1.57236e-06 2.16745e-07 2.24577e-08 1.26209e-09 0 
0 0.000280401 0.00096306 0.00178268 0.002872 0.00419409 0.00567686 0.0072401 0.00883529 0.0104585 0.0117365 0.0124683 0.012872 0.0130644 0.0130894 0.0129581 0.012657 0.0121398 0.0113056 0.0101073 0.00882777 0.00762446 0.0064833 0.00542065 0.00446207 0.00362513 0.00291932 0.00234927 0.00191812 0.00161448 0.00135887 0.00100103 0.000543065 0.000201667 5.37518e-05 1.11431e-05 1.88615e-06 2.59915e-07 2.68789e-08 1.50663e-09 0 
0 0.000288411 0.000978478 0.00182167 0.00294585 0.00430911 0.00583769 0.0074511 0.00912603 0.0108141 0.0120151 0.0126878 0.0130644 0.0132446 0.013267 0.0131413 0.012856 0.0123717 0.0115978 0.0104317 0.00908969 0.00783265 0.00665519 0.00556059 0.00457318 0.00371077 0.00298278 0.00239335 0.00194518 0.00162949 0.00137475 0.00102969 0.000573289 0.000217883 5.89207e-05 1.23012e-05 2.08783e-06 2.8786e-07 2.97541e-08 1.66621e-09 0 
0 0.000289576 0.000979992 0.00182683 0.00295647 0.00432602 0.00586148 0.00748243 0.00917146 0.0108678 0.0120544 0.0127176 0.0130894 0.013267 0.0132878 0.0131616 0.0128772 0.0123959 0.011629 0.0104681 0.0091152 0.0078489 0.00666666 0.00556841 0.0045779 0.0037129 0.00298268 0.00239121 0.001941 0.00162383 0.00137056 0.001031 0.00057829 0.000221394 6.01807e-05 1.26033e-05 2.14295e-06 2.95786e-07 3.05962e-08 1.71435e-09 0 
0 0.000284332 0.000968345 0.00179953 0.00290651 0.00424901 0.00575401 0.00734096 0.00897465 0.0106358 0.0118741 0.0125714 0.0129581 0.0131413 0.0131616 0.0130295 0.0127323 0.0122276 0.0114198 0.0102281 0.00891034 0.00768114 0.0065247 0.0054496 0.00448041 0.0036345 0.00292099 0.0023439 0.00190586 0.00159759 0.0013473 0.00100694 0.000559332 0.000212465 5.75308e-05 1.20387e-05 2.04872e-06 2.83238e-07 2.93554e-08 1.64824e-09 0 
0 0.000273047 0.000944791 0.00174349 0.00280236 0.00408772 0.00552873 0.00704616 0.00857911 0.0101297 0.0114456 0.0122304 0.012657 0.012856 0.0128772 0.0127323 0.0124056 0.0118448 0.0109461 0.00973615 0.00851003 0.00735004 0.00624498 0.00521671 0.00429041 0.00348281 0.0028028 0.00225478 0.0018416 0.00155098 0.0013041 0.000957875 0.000518739 0.000192955 5.16557e-05 1.07678e-05 1.8331e-06 2.54037e-07 2.6416e-08 1.48868e-09 0 
0 0.000256072 0.000910805 0.00166429 0.00265335 0.00385616 0.00520496 0.00662436 0.00804002 0.00941897 0.010711 0.0116333 0.0121398 0.0123717 0.0123959 0.0122276 0.0118448 0.0111805 0.0101883 0.00906189 0.00795972 0.00688373 0.00584973 0.00488755 0.00402168 0.003268 0.00263528 0.00212851 0.00175048 0.00148321 0.00123792 0.000883343 0.000460167 0.000166004 4.3728e-05 9.06778e-06 1.54497e-06 2.14905e-07 2.24597e-08 1.27279e-09 0 
0 0.000233826 0.000867569 0.00156874 0.00247085 0.0035712 0.00480598 0.00610524 0.00739522 0.0086137 0.00973417 0.0106855 0.0113056 0.0115978 0.011629 0.0114198 0.0109461 0.0101883 0.00925647 0.00828479 0.00729783 0.00631383 0.00536537 0.00448325 0.00369041 0.0030018 0.00242626 0.00196956 0.00163331 0.00139059 0.00114335 0.000783672 0.000389208 0.000135613 3.51295e-05 7.25529e-06 1.23955e-06 1.73446e-07 1.82599e-08 1.04292e-09 0 
0 0.000206935 0.000815346 0.00146421 0.00226743 0.00325119 0.00435691 0.00552065 0.00667516 0.007755 0.00870953 0.00951013 0.0101073 0.0104317 0.0104681 0.0102281 0.00973615 0.00906189 0.00828479 0.00744129 0.00655924 0.00567391 0.00482007 0.00402622 0.00331343 0.00269589 0.00218271 0.00178021 0.00148668 0.00126441 0.0010139 0.000662708 0.000313744 0.000106056 2.7158e-05 5.61166e-06 9.6496e-07 1.36252e-07 1.44879e-08 8.35877e-10 0 
0 0.000176397 0.000753005 0.00135735 0.00205609 0.00291458 0.00388281 0.00490264 0.00591448 0.00685946 0.00768474 0.00835024 0.00882777 0.00908969 0.0091152 0.00891034 0.00851003 0.00795972 0.00729783 0.00655924 0.00578054 0.00499752 0.00424163 0.00353834 0.00290681 0.00236056 0.00190904 0.00155789 0.00130002 0.00109149 0.000847119 0.00053088 0.00024335 8.11357e-05 2.0793e-05 4.33262e-06 7.53508e-07 1.07679e-07 1.15844e-08 6.75732e-10 0 
0 0.000143712 0.000678133 0.00125236 0.00184953 0.00257896 0.00340707 0.00428106 0.00514868 0.005959 0.00666554 0.00722988 0.00762446 0.00783265 0.0078489 0.00768114 0.00735004 0.00688373 0.00631383 0.00567391 0.00499752 0.00431577 0.00365576 0.00303969 0.0024848 0.00200395 0.0016061 0.0012945 0.00105922 0.000865147 0.000654472 0.000405728 0.00018721 6.34629e-05 1.65676e-05 3.50964e-06 6.18832e-07 8.94419e-08 9.71294e-09 5.70963e-10 0 
0 0.000110884 0.000588281 0.00114826 0.00165903 0.00226056 0.00295041 0.00368191 0.00440918 0.00508878 0.00568133 0.00615413 0.0064833 0.00665519 0.00666666 0.0065247 0.00624498 0.00584973 0.00536537 0.00482007 0.00424163 0.00365576 0.0030849 0.00254788 0.00206017 0.00163458 0.00128019 0.000998935 0.000783767 0.000617801 0.000468625 0.000305176 0.000150521 5.38739e-05 1.45429e-05 3.13477e-06 5.57166e-07 8.07734e-08 8.77525e-09 5.15295e-10 0 
0 8.02108e-05 0.000483493 0.00103669 0.00149155 0.00197398 0.00253051 0.00312656 0.00372147 0.00427818 0.00476384 0.00515126 0.00542065 0.00556059 0.00556841 0.0054496 0.00521671 0.00488755 0.00448325 0.00402622 0.00353834 0.00303969 0.00254788 0.0020787 0.00164945 0.0012839 0.00100499 0.000804415 0.000637746 0.00047999 0.000347287 0.000237621 0.000130944 5.10439e-05 1.43212e-05 3.11199e-06 5.49882e-07 7.88554e-08 8.46367e-09 4.91071e-10 0 
0 5.38292e-05 0.000369114 0.000903023 0.00134368 0.00173074 0.0021625 0.0026319 0.00310479 0.00354905 0.00393721 0.00424695 0.00446207 0.00457318 0.0045779 0.00448041 0.00429041 0.00402168 0.00369041 0.00331343 0.00290681 0.0024848 0.00206017 0.00164945 0.00129313 0.00107717 0.00106574 0.00115294 0.0010962 0.000805406 0.000457964 0.000235516 0.000123834 5.19061e-05 1.50931e-05 3.26776e-06 5.66423e-07 7.94244e-08 8.34349e-09 4.74753e-10 0 
0 3.31788e-05 0.000256461 0.000735151 0.00119467 0.00153291 0.00185866 0.0022116 0.0025732 0.00291631 0.00321745 0.00345813 0.00362513 0.00371077 0.0037129 0.0036345 0.00348281 0.003268 0.0030018 0.00269589 0.00236056 0.00200395 0.00163458 0.0012839 0.00107717 0.00126527 0.00199468 0.00294238 0.00337661 0.00226633 0.00115343 0.0004271 0.000146553 5.46342e-05 1.58949e-05 3.38324e-06 5.70492e-07 7.78333e-08 7.97899e-09 4.44458e-10 0 
0 1.86213e-05 0.000159272 0.000538409 0.00100921 0.0013593 0.00162179 0.0018763 0.0021377 0.00239012 0.00261423 0.00279433 0.00291932 0.00298278 0.00298268 0.00292099 0.0028028 0.00263528 0.00242626 0.00218271 0.00190904 0.0016061 0.00128019 0.00100499 0.00106574 0.00199468 0.00423351 0.00773045 0.0083194 0.00610005 0.0026619 0.000901051 0.000229046 6.09662e-05 1.60413e-05 3.26856e-06 5.32569e-07 7.07286e-08 7.09434e-09 3.88045e-10 0 
0 9.45597e-06 8.72957e-05 0.000342486 0.000764954 0.00115745 0.00142525 0.00162399 0.00180519 0.00197838 0.0021343 0.00226104 0.00234927 0.00239335 0.00239121 0.0023439 0.00225478 0.00212851 0.00196956 0.00178021 0.00155789 0.0012945 0.000998935 0.000804415 0.00115294 0.00294238 0.00773045 0.00917512 0.00935883 0.00872532 0.00512883 0.00144424 0.00033376 6.85124e-05 1.50615e-05 2.83858e-06 4.44174e-07 5.76578e-08 5.69538e-09 3.07838e-10 0 
0 4.3288e-06 4.19845e-05 0.000184979 0.000490778 0.000877331 0.00119712 0.00141075 0.00155942 0.00167886 0.00178028 0.00186176 0.00191812 0.00194518 0.001941 0.00190586 0.0018416 0.00175048 0.00163331 0.00148668 0.00130002 0.00105922 0.000783767 0.000637746 0.0010962 0.00337661 0.0083194 0.00935883 0.00949722 0.00897984 0.00613034 0.00159101 0.000358205 6.58659e-05 1.24361e-05 2.14352e-06 3.22609e-07 4.12705e-08 4.05164e-09 2.18208e-10 0 
0 1.78459e-06 1.77343e-05 8.43435e-05 0.000256853 0.000545935 0.000871123 0.00113834 0.00132127 0.00144117 0.00152272 0.00157906 0.00161448 0.00162949 0.00162383 0.00159759 0.00155098 0.00148321 0.00139059 0.00126441 0.00109149 0.000865147 0.000617801 0.00047999 0.000805406 0.00226633 0.00610005 0.00872532 0.00897984 0.00812325 0.00374006 0.0011784 0.000265487 4.81113e-05 8.41152e-06 1.36093e-06 2.00355e-07 2.56018e-08 2.52566e-09 1.36801e-10 0 
0 6.63084e-07 6.61475e-06 3.27408e-05 0.000109107 0.000266198 0.000498456 0.000754002 0.000976132 0.00114033 0.0012505 0.00131967 0.00135887 0.00137475 0.00137056 0.0013473 0.0013041 0.00123792 0.00114335 0.0010139 0.000847119 0.000654472 0.000468625 0.000347287 0.000457964 0.00115343 0.0026619 0.00512883 0.00613034 0.00374006 0.00176911 0.000585464 0.000135578 2.57512e-05 4.44957e-06 7.09812e-07 1.05329e-07 1.36774e-08 1.37178e-09 7.54271e-11 0 
0 2.22411e-07 2.19421e-06 1.09888e-05 3.83485e-05 0.000101993 0.000215363 0.000373031 0.000549194 0.000713428 0.000846142 0.00094132 0.00100103 0.00102969 0.001031 0.00100694 0.000957875 0.000883343 0.000783672 0.000662708 0.00053088 0.000405728 0.000305176 0.000237621 0.000235516 0.0004271 0.000901051 0.00144424 0.00159101 0.0011784 0.000585464 0.000198383 4.95732e-05 1.01983e-05 1.82963e-06 3.03605e-07 4.68746e-08 6.28812e-09 6.48044e-10 3.64817e-11 0 
0 6.74276e-08 6.51382e-07 3.23862e-06 1.14627e-05 3.17649e-05 7.18565e-05 0.000136276 0.000221911 0.000317923 0.00041044 0.000487828 0.000543065 0.000573289 0.00057829 0.000559332 0.000518739 0.000460167 0.000389208 0.000313744 0.00024335 0.00018721 0.000150521 0.000130944 0.000123834 0.000146553 0.000229046 0.00033376 0.000358205 0.000265487 0.000135578 4.95732e-05 1.3803e-05 3.09648e-06 6.03146e-07 1.08491e-07 1.78003e-08 2.49501e-09 2.6642e-10 1.54647e-11 0 
0 1.84693e-08 1.73677e-07 8.47513e-07 2.98215e-06 8.35236e-06 1.94462e-05 3.86004e-05 6.65901e-05 0.00010158 0.000139294 0.000174314 0.000201667 0.000217883 0.000221394 0.000212465 0.000192955 0.000166004 0.000135613 0.000106056 8.11357e-05 6.34629e-05 5.38739e-05 5.10439e-05 5.19061e-05 5.46342e-05 6.09662e-05 6.85124e-05 6.58659e-05 4.81113e-05 2.57512e-05 1.01983e-05 3.09648e-06 7.68568e-07 1.6774e-07 3.32e-08 5.82335e-09 8.57503e-10 9.54066e-11 5.74098e-12 0 
0 4.55467e-09 4.15614e-08 1.97822e-07 6.8438e-07 1.9037e-06 4.45147e-06 8.97164e-06 1.58563e-05 2.49211e-05 3.52623e-05 4.54158e-05 5.37518e-05 5.89207e-05 6.01807e-05 5.75308e-05 5.16557e-05 4.3728e-05 3.51295e-05 2.7158e-05 2.0793e-05 1.65676e-05 1.45429e-05 1.43212e-05 1.50931e-05 1.58949e-05 1.60413e-05 1.50615e-05 1.24361e-05 8.41152e-06 4.44957e-06 1.82963e-06 6.03146e-07 1.6774e-07 4.09444e-08 8.83219e-09 1.64993e-09 2.55629e-10 2.97327e-11 1.86143e-12 0 
0 1.00199e-09 8.86166e-09 4.10232e-08 1.3877e-07 3.79934e-07 8.8079e-07 1.77253e-06 3.14758e-06 4.99325e-06 7.14897e-06 9.31881e-06 1.11431e-05 1.23012e-05 1.26033e-05 1.20387e-05 1.07678e-05 9.06778e-06 7.25529e-06 5.61166e-06 4.33262e-06 3.50964e-06 3.13477e-06 3.11199e-06 3.26776e-06 3.38324e-06 3.26856e-06 2.83858e-06 2.14352e-06 1.36093e-06 7.09812e-07 3.03605e-07 1.08491e-07 3.32e-08 8.83219e-09 2.04173e-09 4.03916e-10 6.58285e-11 8.01624e-12 5.2322e-13 0 
0 1.92783e-10 1.65257e-09 7.4343e-09 2.45337e-08 6.58418e-08 1.50396e-07 2.99745e-07 5.29587e-07 8.39031e-07 1.20288e-06 1.57236e-06 1.88615e-06 2.08783e-06 2.14295e-06 2.04872e-06 1.8331e-06 1.54497e-06 1.23955e-06 9.6496e-07 7.53508e-07 6.18832e-07 5.57166e-07 5.49882e-07 5.66423e-07 5.70492e-07 5.32569e-07 4.44174e-07 3.22609e-07 2.00355e-07 1.05329e-07 4.68746e-08 1.78003e-08 5.82335e-09 1.64993e-09 4.03916e-10 8.42523e-11 1.4427e-11 1.83951e-12 1.25269e-13 0 
0 3.10919e-11 2.5855e-10 1.13072e-09 3.63876e-09 9.5585e-09 2.14577e-08 4.22003e-08 7.38507e-08 1.16271e-07 1.66088e-07 2.16745e-07 2.59915e-07 2.8786e-07 2.95786e-07 2.83238e-07 2.54037e-07 2.14905e-07 1.73446e-07 1.36252e-07 1.07679e-07 8.94419e-08 8.07734e-08 7.88554e-08 7.94245e-08 7.78333e-08 7.07286e-08 5.76578e-08 4.12705e-08 2.56018e-08 1.36774e-08 6.28812e-09 2.49501e-09 8.57503e-10 2.55629e-10 6.58285e-11 1.4427e-11 2.59065e-12 3.45525e-13 2.45429e-14 0 
0 3.79577e-12 3.06607e-11 1.30496e-10 4.09769e-10 1.0536e-09 2.32295e-09 4.50223e-09 7.79002e-09 1.21622e-08 1.72724e-08 2.24577e-08 2.68789e-08 2.97541e-08 3.05962e-08 2.93554e-08 2.6416e-08 2.24597e-08 1.82599e-08 1.44879e-08 1.15844e-08 9.71294e-09 8.77525e-09 8.46367e-09 8.34349e-09 7.97899e-09 7.09434e-09 5.69538e-09 4.05164e-09 2.52566e-09 1.37178e-09 6.48044e-10 2.6642e-10 9.54066e-11 2.97327e-11 8.01624e-12 1.83951e-12 3.45525e-13 4.81227e-14 3.56172e-15 0 
0 2.5071e-13 1.97033e-12 8.17332e-12 2.50723e-11 6.31498e-11 1.3679e-10 2.61251e-10 4.46733e-10 6.91155e-10 9.75054e-10 1.26209e-09 1.50663e-09 1.66621e-09 1.71435e-09 1.64824e-09 1.48868e-09 1.27279e-09 1.04292e-09 8.35877e-10 6.75732e-10 5.70963e-10 5.15295e-10 4.91071e-10 4.74753e-10 4.44458e-10 3.88045e-10 3.07838e-10 2.18208e-10 1.36801e-10 7.54271e-11 3.64817e-11 1.54647e-11 5.74098e-12 1.86143e-12 5.2322e-13 1.25269e-13 2.45429e-14 3.56172e-15 2.74265e-16 0 
0 0 0 0 0 0 0 0 0 0 0 0 0 0 0 0 0 0 0 0 0 0 0 0 0 0 0 0 0 0 0 0 0 0 0 0 0 0 0 0 0 
