0 0 0 0 0 0 0 0 0 0 0 0 0 0 0 0 0 0 0 0 0 0 0 0 0 0 0 0 0 0 0 0 0 0 0 0 0 0 0 0 0 
0 1.70132e-07 1.4776e-06 6.18685e-06 1.72918e-05 3.61343e-05 6.06743e-05 8.67607e-05 0.000110693 0.000130481 0.000145615 0.000156363 0.000163232 0.000166693 0.000167098 0.000164673 0.000159534 0.000151716 0.000141222 0.000128094 0.000112528 9.50044e-05 7.6376e-05 5.7854e-05 4.08283e-05 2.65403e-05 1.57267e-05 8.42351e-06 4.05537e-06 1.75032e-06 6.77198e-07 2.35187e-07 7.34249e-08 2.0609e-08 5.18533e-09 1.15952e-09 2.26057e-10 3.68471e-11 4.53674e-12 3.01694e-13 0 
0 1.4776e-06 1.28925e-05 5.11304e-05 0.000126245 0.000221133 0.000306266 0.000368023 0.000409867 0.000439515 0.000461984 0.000479101 0.000490968 0.000497214 0.000497661 0.000492569 0.000482628 0.000468783 0.00045193 0.000432496 0.000409976 0.000382633 0.000347726 0.000302676 0.000247151 0.000185027 0.000124253 7.35614e-05 3.80042e-05 1.70935e-05 6.72003e-06 2.3261e-06 7.14253e-07 1.95553e-07 4.7774e-08 1.03515e-08 1.95465e-09 3.08784e-10 3.68936e-11 2.38474e-12 0 
0 6.18685e-06 5.11304e-05 0.000174191 0.000340906 0.000471866 0.000554302 0.000617812 0.000680311 0.000743257 0.0008018 0.00085064 0.000885826 0.000905056 0.000907592 0.000894101 0.000866457 0.00082752 0.000780909 0.000730721 0.000681137 0.000635636 0.000595565 0.000558083 0.000514667 0.000452998 0.000365047 0.000257936 0.000154547 7.73113e-05 3.23801e-05 1.1522e-05 3.54598e-06 9.5768e-07 2.28724e-07 4.82334e-08 8.8492e-09 1.3582e-09 1.57811e-10 9.93426e-12 0 
0 1.72918e-05 0.000126245 0.000340906 0.000525214 0.000642862 0.000753563 0.000880453 0.00101583 0.00114717 0.00126411 0.00135892 0.00142619 0.00146287 0.00146814 0.00144333 0.00139162 0.00131762 0.00122702 0.00112607 0.00102136 0.00091956 0.00082734 0.000750535 0.000691502 0.000643837 0.00058774 0.000496447 0.000361785 0.000215082 0.000102001 3.90175e-05 1.23851e-05 3.357e-06 7.92032e-07 1.63648e-07 2.93085e-08 4.3862e-09 4.97077e-10 3.05529e-11 0 
0 3.61343e-05 0.000221133 0.000471866 0.000642862 0.000803675 0.000999068 0.00121669 0.00143767 0.00164643 0.00183002 0.00197799 0.00208273 0.00213984 0.00214824 0.00210999 0.0020299 0.00191491 0.00177341 0.00161449 0.00144734 0.00128071 0.00112276 0.000981294 0.00086391 0.00077638 0.000715708 0.000658737 0.000562945 0.000405517 0.000228443 9.85373e-05 3.34026e-05 9.28686e-06 2.19315e-06 4.47677e-07 7.87139e-08 1.1536e-08 1.27961e-09 7.70273e-11 0 
0 6.06743e-05 0.000306266 0.000554302 0.000753563 0.000999068 0.00129026 0.00160264 0.001915 0.00220832 0.00246556 0.0026726 0.00281909 0.00289904 0.00291087 0.00285744 0.00274551 0.00258471 0.00238658 0.00216358 0.00192815 0.0016919 0.00146514 0.00125668 0.00107438 0.00092602 0.000818371 0.000748489 0.000685862 0.000572538 0.000385711 0.00019388 7.25397e-05 2.11727e-05 5.07729e-06 1.03316e-06 1.79443e-07 2.5873e-08 2.81965e-09 1.66762e-10 0 
0 8.67607e-05 0.000368023 0.000617812 0.000880453 0.00121669 0.00160264 0.00201158 0.00241883 0.00280058 0.00313527 0.00340625 0.00360402 0.00371907 0.00373736 0.00365909 0.00350364 0.00329042 0.00303185 0.00274148 0.00243458 0.00212591 0.00182838 0.00155261 0.00130701 0.00109873 0.000935129 0.000822431 0.000752119 0.000676665 0.00052625 0.000309692 0.00013068 4.085e-05 1.00831e-05 2.06324e-06 3.56101e-07 5.07443e-08 5.45364e-09 3.17924e-10 0 
0 0.000110693 0.000409867 0.000680311 0.00101583 0.00143767 0.001915 0.00241883 0.00291989 0.00338981 0.00380981 0.00419286 0.00451972 0.00471117 0.00474246 0.00461867 0.00435684 0.00402157 0.00367638 0.00331508 0.00293705 0.00255676 0.00218954 0.00184803 0.00154179 0.00127789 0.00106237 0.000902206 0.000800489 0.000732465 0.000623842 0.000420682 0.000201103 6.81623e-05 1.74998e-05 3.6272e-06 6.25368e-07 8.8437e-08 9.40595e-09 5.42142e-10 0 
0 0.000130481 0.000439515 0.000743257 0.00114717 0.00164643 0.00220832 0.00280058 0.00338981 0.00395387 0.00453651 0.00506382 0.00536202 0.00549307 0.00551267 0.00543171 0.00522835 0.00484741 0.00433276 0.00385726 0.00340668 0.00295916 0.00252701 0.00212448 0.00176241 0.00144821 0.0011871 0.00098455 0.000846736 0.000765219 0.000681664 0.00050899 0.00027257 0.000100417 2.69651e-05 5.68934e-06 9.83799e-07 1.38542e-07 1.4627e-08 8.35904e-10 0 
0 0.000145615 0.000461984 0.0008018 0.00126411 0.00183002 0.00246556 0.00313527 0.00380981 0.00453651 0.00522891 0.00559957 0.00578975 0.0058788 0.00589208 0.00583513 0.00569916 0.00545328 0.00501074 0.00437977 0.00382111 0.00331022 0.00282127 0.00236565 0.00195516 0.00159774 0.00129825 0.00106071 0.00089094 0.000788766 0.000713523 0.000570255 0.000335012 0.000133237 3.74197e-05 8.05278e-06 1.40007e-06 1.96846e-07 2.06832e-08 1.17483e-09 0 
0 0.000156363 0.000479101 0.00085064 0.00135892 0.00197799 0.0026726 0.00340625 0.00419286 0.00506382 0.00559957 0.00587283 0.00602428 0.00609746 0.00610819 0.00606034 0.0059488 0.00575581 0.00543459 0.00487026 0.00417664 0.00359209 0.00305609 0.00255804 0.00210897 0.00171726 0.00138764 0.0011232 0.000928556 0.000806922 0.000730554 0.000608427 0.000382775 0.000162116 4.7369e-05 1.03871e-05 1.81739e-06 2.55542e-07 2.67759e-08 1.51484e-09 0 
0 0.000163232 0.000490968 0.000885826 0.00142619 0.00208273 0.00281909 0.00360402 0.00451972 0.00536202 0.00578975 0.00602428 0.00615876 0.00622457 0.00623395 0.0061901 0.00608928 0.00591854 0.00564552 0.00518313 0.00446261 0.00379325 0.00321971 0.00269182 0.0022158 0.00180019 0.0014497 0.00116684 0.000955233 0.000819161 0.00073871 0.000629354 0.000414289 0.000183615 5.53019e-05 1.23126e-05 2.16681e-06 3.04974e-07 3.19151e-08 1.80153e-09 0 
0 0.000166693 0.000497214 0.000905056 0.00146287 0.00213984 0.00289904 0.00371907 0.00471117 0.00549307 0.0058788 0.00609746 0.00622457 0.006287 0.00629555 0.00625315 0.00615661 0.00599475 0.00574045 0.00532276 0.00462777 0.00390378 0.00330533 0.00276131 0.00227097 0.00184271 0.00148121 0.00118867 0.000968112 0.000824049 0.000740453 0.000637604 0.000430184 0.000195761 6.0064e-05 1.35052e-05 2.38672e-06 3.36351e-07 3.51935e-08 1.98503e-09 0 
0 0.000167098 0.000497661 0.000907592 0.00146814 0.00214824 0.00291087 0.00373736 0.00474246 0.00551267 0.00589208 0.00610819 0.00623395 0.00629555 0.00630356 0.00626088 0.00616436 0.00600308 0.00575064 0.00533841 0.00464788 0.00391375 0.0033111 0.00276519 0.00227332 0.00184377 0.00148116 0.00118759 0.000965914 0.000820595 0.000736536 0.000635754 0.000431656 0.000197896 6.10718e-05 1.37814e-05 2.4405e-06 3.44334e-07 3.6055e-08 2.03464e-09 0 
0 0.000164673 0.000492569 0.000894101 0.00144333 0.00210999 0.00285744 0.00365909 0.00461867 0.00543171 0.00583513 0.00606034 0.0061901 0.00625315 0.00626088 0.0062163 0.00611595 0.00594782 0.00568243 0.0052415 0.00452601 0.003825 0.00324039 0.00270619 0.00222491 0.00180484 0.00145053 0.00116413 0.000948692 0.000808534 0.000726913 0.000624558 0.000419641 0.000190366 5.83643e-05 1.31366e-05 2.32596e-06 3.28507e-07 3.44501e-08 1.9474e-09 0 
0 0.000159534 0.000482628 0.000866457 0.00139162 0.0020299 0.00274551 0.00350364 0.00435684 0.00522835 0.00569916 0.0059488 0.00608928 0.00615661 0.00616436 0.00611595 0.00600701 0.00582253 0.00552435 0.00501019 0.00428207 0.00365401 0.00310127 0.00259054 0.00213055 0.00172951 0.00139184 0.00111995 0.000917431 0.000788046 0.000710822 0.000603188 0.0003947 0.000174339 5.25385e-05 1.17346e-05 2.0739e-06 2.93227e-07 3.0825e-08 1.74769e-09 0 
0 0.000151716 0.000468783 0.00082752 0.00131762 0.00191491 0.00258471 0.00329042 0.00402157 0.00484741 0.00545328 0.00575581 0.00591854 0.00599475 0.00600308 0.00594782 0.00582253 0.00560511 0.00523625 0.00461532 0.00396898 0.00341926 0.00290491 0.00242708 0.00199711 0.00162284 0.00130867 0.00105743 0.000873466 0.000759051 0.00068624 0.000569421 0.000357438 0.000151743 4.46076e-05 9.85516e-06 1.73744e-06 2.4608e-07 2.59632e-08 1.47861e-09 0 
0 0.000141222 0.00045193 0.000780909 0.00122702 0.00177341 0.00238658 0.00303185 0.00367638 0.00433276 0.00501074 0.00543459 0.00564552 0.00574045 0.00575064 0.00568243 0.00552435 0.00523625 0.00473646 0.00414377 0.00362656 0.00313545 0.00266436 0.00222632 0.0018326 0.00149065 0.00120491 0.000978909 0.00081757 0.000719921 0.000648942 0.000520153 0.000309337 0.000125245 3.58054e-05 7.82196e-06 1.37686e-06 1.95638e-07 2.07519e-08 1.18919e-09 0 
0 0.000128094 0.000432496 0.000730721 0.00112607 0.00161449 0.00216358 0.00274148 0.00331508 0.00385726 0.00437977 0.00487026 0.00518313 0.00532276 0.00533841 0.0052415 0.00501019 0.00461532 0.00414377 0.00369872 0.00325744 0.00281759 0.00239357 0.00199936 0.0016454 0.00133875 0.00108407 0.000885738 0.000748388 0.000665512 0.000591857 0.000452934 0.000253788 9.8077e-05 2.73573e-05 5.92948e-06 1.04513e-06 1.49346e-07 1.59607e-08 9.2207e-10 0 
0 0.000112528 0.000409976 0.000681137 0.00102136 0.00144734 0.00192815 0.00243458 0.00293705 0.00340668 0.00382111 0.00417664 0.00446261 0.00462777 0.00464788 0.00452601 0.00428207 0.00396898 0.00362656 0.00325744 0.00287054 0.00248169 0.00210633 0.00175709 0.00144348 0.00117226 0.000948465 0.000776863 0.000660069 0.000585484 0.000506829 0.000369183 0.000196739 7.3585e-05 2.02573e-05 4.38879e-06 7.78144e-07 1.12143e-07 1.20967e-08 7.05348e-10 0 
0 9.50044e-05 0.000382633 0.000635636 0.00091956 0.00128071 0.0016919 0.00212591 0.00255676 0.00295916 0.00331022 0.00359209 0.00379325 0.00390378 0.00391375 0.003825 0.00365401 0.00341926 0.00313545 0.00281759 0.00248169 0.00214315 0.0018154 0.00150946 0.00123393 0.000995279 0.000798613 0.00064769 0.000542047 0.00046865 0.000392628 0.000278025 0.00014595 5.45e-05 1.50995e-05 3.30223e-06 5.91274e-07 8.60097e-08 9.35721e-09 5.49806e-10 0 
0 7.6376e-05 0.000347726 0.000595565 0.00082734 0.00112276 0.00146514 0.00182838 0.00218954 0.00252701 0.00282127 0.00305609 0.00321971 0.00330533 0.0033111 0.00324039 0.00310127 0.00290491 0.00266436 0.00239357 0.00210633 0.0018154 0.00153192 0.00126525 0.00102312 0.000812092 0.000637164 0.000500076 0.000398784 0.000327289 0.000268711 0.000195587 0.00010796 4.21294e-05 1.20056e-05 2.66607e-06 4.81122e-07 7.027e-08 7.66126e-09 4.50646e-10 0 
0 5.7854e-05 0.000302676 0.000558083 0.000750535 0.000981294 0.00125668 0.00155261 0.00184803 0.00212448 0.00236565 0.00255804 0.00269182 0.00276131 0.00276519 0.00270619 0.00259054 0.00242708 0.00222632 0.00199936 0.00175709 0.00150946 0.00126525 0.0010323 0.000819295 0.000638025 0.000499708 0.000400258 0.000318028 0.000241729 0.000181785 0.000135993 8.37758e-05 3.57695e-05 1.06396e-05 2.38979e-06 4.29967e-07 6.22906e-08 6.72801e-09 3.92109e-10 0 
0 4.08283e-05 0.000247151 0.000514667 0.000691502 0.00086391 0.00107438 0.00130701 0.00154179 0.00176241 0.00195516 0.00210897 0.0022158 0.00227097 0.00227332 0.00222491 0.00213055 0.00199711 0.0018326 0.0016454 0.00144348 0.00123393 0.00102312 0.000819295 0.000642426 0.000535039 0.000529256 0.000572541 0.000544365 0.000399989 0.000227913 0.000120724 7.03634e-05 3.2983e-05 1.03072e-05 2.32144e-06 4.1098e-07 5.83297e-08 6.17604e-09 3.53518e-10 0 
0 2.65403e-05 0.000185027 0.000452998 0.000643837 0.00077638 0.00092602 0.00109873 0.00127789 0.00144821 0.00159774 0.00171726 0.00180019 0.00184271 0.00184377 0.00180484 0.00172951 0.00162284 0.00149065 0.00133875 0.00117226 0.000995279 0.000812092 0.000638025 0.000535039 0.000628318 0.00099053 0.00159568 0.00191809 0.00113123 0.000572778 0.000212312 7.56442e-05 3.18518e-05 1.02094e-05 2.28448e-06 3.94696e-07 5.45449e-08 5.63686e-09 3.15899e-10 0 
0 1.57267e-05 0.000124253 0.000365047 0.00058774 0.000715708 0.000818371 0.000935129 0.00106237 0.0011871 0.00129825 0.00138764 0.0014497 0.00148121 0.00148116 0.00145053 0.00139184 0.00130867 0.00120491 0.00108407 0.000948465 0.000798613 0.000637164 0.000499708 0.000529256 0.00099053 0.00229366 0.00382761 0.00395304 0.00329016 0.00132721 0.000447452 0.000114352 3.30467e-05 9.81012e-06 2.1347e-06 3.58072e-07 4.81944e-08 4.87091e-09 2.67893e-10 0 
0 8.42351e-06 7.35614e-05 0.000257936 0.000496447 0.000658737 0.000748489 0.000822431 0.000902206 0.00098455 0.00106071 0.0011232 0.00116684 0.00118867 0.00118759 0.00116413 0.00111995 0.00105743 0.000978909 0.000885738 0.000776863 0.00064769 0.000500076 0.000400258 0.000572541 0.00159568 0.00382761 0.00426597 0.0043182 0.00408225 0.0028047 0.000717325 0.000165883 3.56259e-05 8.86082e-06 1.81117e-06 2.93484e-07 3.86402e-08 3.84366e-09 2.08742e-10 0 
0 4.05537e-06 3.80042e-05 0.000154547 0.000361785 0.000562945 0.000685862 0.000752119 0.000800489 0.000846736 0.00089094 0.000928556 0.000955233 0.000968112 0.000965914 0.000948692 0.000917431 0.000873466 0.00081757 0.000748388 0.000660069 0.000542047 0.000398784 0.000318028 0.000544365 0.00191809 0.00395304 0.0043182 0.00436732 0.00418152 0.00329278 0.000797188 0.000177958 3.38004e-05 7.1554e-06 1.34749e-06 2.10942e-07 2.73853e-08 2.70573e-09 1.46313e-10 0 
0 1.75032e-06 1.70935e-05 7.73113e-05 0.000215082 0.000405517 0.000572538 0.000676665 0.000732465 0.000765219 0.000788766 0.000806922 0.000819161 0.000824049 0.000820595 0.000808534 0.000788046 0.000759051 0.000719921 0.000665512 0.000585484 0.00046865 0.000327289 0.000241729 0.000399989 0.00113123 0.00329016 0.00408225 0.00418152 0.00389498 0.0020361 0.000585178 0.000131967 2.48031e-05 4.82692e-06 8.50945e-07 1.30321e-07 1.68902e-08 1.67566e-09 9.10698e-11 0 
0 6.77198e-07 6.72003e-06 3.23801e-05 0.000102001 0.000228443 0.000385711 0.00052625 0.000623842 0.000681664 0.000713523 0.000730554 0.00073871 0.000740453 0.000736536 0.000726913 0.000710822 0.00068624 0.000648942 0.000591857 0.000506829 0.000392628 0.000268711 0.000181785 0.000227913 0.000572778 0.00132721 0.0028047 0.00329278 0.0020361 0.000878512 0.000290742 6.76706e-05 1.35642e-05 2.59125e-06 4.45575e-07 6.84403e-08 8.9951e-09 9.06371e-10 4.9976e-11 0 
0 2.35187e-07 2.3261e-06 1.1522e-05 3.90175e-05 9.85373e-05 0.00019388 0.000309692 0.000420682 0.00050899 0.000570255 0.000608427 0.000629354 0.000637604 0.000635754 0.000624558 0.000603188 0.000569421 0.000520153 0.000452934 0.000369183 0.000278025 0.000195587 0.000135993 0.000120724 0.000212312 0.000447452 0.000717325 0.000797188 0.000585178 0.000290742 9.86942e-05 2.52537e-05 5.59294e-06 1.09476e-06 1.9259e-07 3.05096e-08 4.12919e-09 4.27058e-10 2.40955e-11 0 
0 7.34249e-08 7.14253e-07 3.54598e-06 1.23851e-05 3.34026e-05 7.25397e-05 0.00013068 0.000201103 0.00027257 0.000335012 0.000382775 0.000414289 0.000430184 0.000431656 0.000419641 0.0003947 0.000357438 0.000309337 0.000253788 0.000196739 0.00014595 0.00010796 8.37758e-05 7.03634e-05 7.56442e-05 0.000114352 0.000165883 0.000177958 0.000131967 6.76706e-05 2.52537e-05 7.41632e-06 1.7919e-06 3.7263e-07 6.96749e-08 1.16158e-08 1.6373e-09 1.75275e-10 1.01924e-11 0 
0 2.0609e-08 1.95553e-07 9.5768e-07 3.357e-06 9.28686e-06 2.11727e-05 4.085e-05 6.81623e-05 0.000100417 0.000133237 0.000162116 0.000183615 0.000195761 0.000197896 0.000190366 0.000174339 0.000151743 0.000125245 9.8077e-05 7.3585e-05 5.45e-05 4.21294e-05 3.57695e-05 3.2983e-05 3.18518e-05 3.30467e-05 3.56259e-05 3.38004e-05 2.48031e-05 1.35642e-05 5.59294e-06 1.7919e-06 4.69344e-07 1.06574e-07 2.15346e-08 3.80819e-09 5.6255e-10 6.27004e-11 3.77826e-12 0 
0 5.18533e-09 4.7774e-08 2.28724e-07 7.92032e-07 2.19315e-06 5.07729e-06 1.00831e-05 1.74998e-05 2.69651e-05 3.74197e-05 4.7369e-05 5.53019e-05 6.0064e-05 6.10718e-05 5.83643e-05 5.25385e-05 4.46076e-05 3.58054e-05 2.73573e-05 2.02573e-05 1.50995e-05 1.20056e-05 1.06396e-05 1.03072e-05 1.02094e-05 9.81012e-06 8.86082e-06 7.1554e-06 4.82692e-06 2.59125e-06 1.09476e-06 3.7263e-07 1.06574e-07 2.6486e-08 5.76286e-09 1.0804e-09 1.67681e-10 1.95274e-11 1.22388e-12 0 
0 1.15952e-09 1.03515e-08 4.82334e-08 1.63648e-07 4.47677e-07 1.03316e-06 2.06324e-06 3.6272e-06 5.68934e-06 8.05278e-06 1.03871e-05 1.23126e-05 1.35052e-05 1.37814e-05 1.31366e-05 1.17346e-05 9.85516e-06 7.82196e-06 5.92948e-06 4.38879e-06 3.30223e-06 2.66607e-06 2.38979e-06 2.32144e-06 2.28448e-06 2.1347e-06 1.81117e-06 1.34749e-06 8.50945e-07 4.45575e-07 1.9259e-07 6.96749e-08 2.15346e-08 5.76286e-09 1.33605e-09 2.64695e-10 4.31813e-11 5.26297e-12 3.43808e-13 0 
0 2.26057e-10 1.95465e-09 8.8492e-09 2.93085e-08 7.87139e-08 1.79443e-07 3.56101e-07 6.25368e-07 9.83799e-07 1.40007e-06 1.81739e-06 2.16681e-06 2.38672e-06 2.4405e-06 2.32596e-06 2.0739e-06 1.73744e-06 1.37686e-06 1.04513e-06 7.78144e-07 5.91274e-07 4.81122e-07 4.29967e-07 4.1098e-07 3.94696e-07 3.58072e-07 2.93484e-07 2.10942e-07 1.30321e-07 6.84403e-08 3.05096e-08 1.16158e-08 3.80819e-09 1.0804e-09 2.64695e-10 5.52444e-11 9.46514e-12 1.20757e-12 8.22867e-14 0 
0 3.68471e-11 3.08784e-10 1.3582e-09 4.3862e-09 1.1536e-08 2.5873e-08 5.07443e-08 8.8437e-08 1.38542e-07 1.96846e-07 2.55542e-07 3.04974e-07 3.36351e-07 3.44334e-07 3.28507e-07 2.93227e-07 2.4608e-07 1.95638e-07 1.49346e-07 1.12143e-07 8.60097e-08 7.027e-08 6.22906e-08 5.83297e-08 5.45449e-08 4.81944e-08 3.86402e-08 2.73853e-08 1.68902e-08 8.9951e-09 4.12919e-09 1.6373e-09 5.6255e-10 1.67681e-10 4.31813e-11 9.46514e-12 1.70012e-12 2.26836e-13 1.61196e-14 0 
0 4.53674e-12 3.68936e-11 1.57811e-10 4.97077e-10 1.27961e-09 2.81965e-09 5.45364e-09 9.40595e-09 1.4627e-08 2.06832e-08 2.67759e-08 3.19151e-08 3.51935e-08 3.6055e-08 3.44501e-08 3.0825e-08 2.59632e-08 2.07519e-08 1.59607e-08 1.20967e-08 9.35721e-09 7.66126e-09 6.72801e-09 6.17604e-09 5.63686e-09 4.87091e-09 3.84366e-09 2.70573e-09 1.67566e-09 9.06371e-10 4.27058e-10 1.75275e-10 6.27004e-11 1.95274e-11 5.26297e-12 1.20757e-12 2.26836e-13 3.15983e-14 2.33936e-15 0 
0 3.01694e-13 2.38474e-12 9.93426e-12 3.05529e-11 7.70273e-11 1.66762e-10 3.17924e-10 5.42142e-10 8.35904e-10 1.17483e-09 1.51484e-09 1.80153e-09 1.98503e-09 2.03464e-09 1.9474e-09 1.74769e-09 1.47861e-09 1.18919e-09 9.2207e-10 7.05348e-10 5.49806e-10 4.50646e-10 3.92109e-10 3.53518e-10 3.15899e-10 2.67893e-10 2.08742e-10 1.46313e-10 9.10698e-11 4.9976e-11 2.40955e-11 1.01924e-11 3.77826e-12 1.22388e-12 3.43808e-13 8.22867e-14 1.61196e-14 2.33936e-15 1.80165e-16 0 
0 0 0 0 0 0 0 0 0 0 0 0 0 0 0 0 0 0 0 0 0 0 0 0 0 0 0 0 0 0 0 0 0 0 0 0 0 0 0 0 0 
