0 0 0 0 0 0 0 0 0 0 0 0 0 0 0 0 0 0 0 0 0 0 0 0 0 0 0 0 0 0 0 0 0 0 0 0 0 0 0 0 0 
0 6.39873e-08 5.91351e-07 2.80264e-06 9.46824e-06 2.52093e-05 5.54261e-05 0.000103697 0.000169145 0.000245777 0.000324193 0.000394354 0.000447866 0.000479167 0.000485818 0.00046828 0.000429505 0.000374429 0.00030937 0.000241245 0.000176621 0.000120708 7.65702e-05 4.48546e-05 2.41686e-05 1.19476e-05 5.41271e-06 2.24761e-06 8.56346e-07 2.998e-07 9.65776e-08 2.86519e-08 7.82579e-09 1.96341e-09 4.49977e-10 9.31575e-11 1.70482e-11 2.63877e-12 3.1147e-13 2.00117e-14 0 
0 5.91351e-07 5.69102e-06 2.77938e-05 9.50578e-05 0.000250419 0.000531879 0.00094251 0.00143954 0.0019547 0.00242405 0.00280405 0.00307194 0.00321951 0.00324716 0.00316041 0.00296847 0.00268432 0.00232589 0.00191754 0.0014907 0.00108154 0.000724635 0.000444141 0.00024729 0.000124602 5.67841e-05 2.34516e-05 8.80768e-06 3.0199e-06 9.48636e-07 2.73704e-07 7.26035e-08 1.76825e-08 3.93481e-09 7.91511e-10 1.40887e-10 2.12367e-11 2.44447e-12 1.53372e-13 0 
0 2.80264e-06 2.77938e-05 0.000137107 0.000458655 0.00113685 0.00219559 0.00347399 0.00474469 0.00585418 0.00674482 0.00740972 0.00785626 0.00809321 0.0081299 0.00797759 0.00764963 0.00715991 0.00652108 0.00574485 0.00484778 0.00386383 0.00285806 0.0019256 0.00116261 0.000622556 0.000294817 0.00012392 4.65819e-05 1.57943e-05 4.86748e-06 1.37116e-06 3.54176e-07 8.3899e-08 1.81559e-08 3.55341e-09 6.15966e-10 9.05287e-11 1.01737e-11 6.2409e-13 0 
0 9.46824e-06 9.50578e-05 0.000458655 0.00142727 0.0031348 0.00524601 0.00728799 0.00904718 0.0105156 0.0117177 0.0126526 0.0133033 0.0136552 0.0137063 0.0134703 0.0129751 0.0122586 0.0113616 0.0103186 0.00914776 0.00784596 0.00640357 0.00485008 0.00330747 0.00197583 0.00101751 0.000451171 0.000174042 5.93058e-05 1.81136e-05 5.01431e-06 1.26682e-06 2.92828e-07 6.17826e-08 1.17903e-08 1.99415e-09 2.86257e-10 3.14594e-11 1.88968e-12 0 
0 2.52093e-05 0.000250419 0.00113685 0.0031348 0.00591496 0.00869372 0.0111654 0.0133843 0.0153833 0.0171144 0.0185029 0.0194842 0.020019 0.0200977 0.0197396 0.0189896 0.0179121 0.0165837 0.0150844 0.0134858 0.0118337 0.0101278 0.00831608 0.00635074 0.00432129 0.00251519 0.00122527 0.000501098 0.000175462 5.38633e-05 1.4783e-05 3.67442e-06 8.3231e-07 1.71779e-07 3.20522e-08 5.30222e-09 7.45008e-10 8.02259e-11 4.72741e-12 0 
0 5.54261e-05 0.000531879 0.00219559 0.00524601 0.00869372 0.0119078 0.0149615 0.0179106 0.0206595 0.0230671 0.0250042 0.0263745 0.0271216 0.0272321 0.0267329 0.0256862 0.024182 0.0223281 0.020241 0.0180349 0.0158107 0.0136374 0.0115202 0.00937193 0.00707006 0.00467491 0.00257122 0.00115088 0.000424735 0.000133281 3.66533e-05 9.02525e-06 2.01315e-06 4.07984e-07 7.46682e-08 1.21143e-08 1.67023e-09 1.7663e-10 1.02315e-11 0 
0 0.000103697 0.00094251 0.00347399 0.00728799 0.0111654 0.0149615 0.0188163 0.0226298 0.0262017 0.0293312 0.0318483 0.033628 0.034598 0.0347408 0.0340916 0.0327312 0.0307757 0.0283647 0.0256487 0.0227773 0.019888 0.017096 0.0144747 0.0120147 0.00957647 0.00697718 0.00432812 0.00216079 0.000859526 0.000280492 7.81698e-05 1.92083e-05 4.24102e-06 8.47345e-07 1.52622e-07 2.4357e-08 3.30392e-09 3.43954e-10 1.96295e-11 0 
0 0.000169145 0.00143954 0.00474469 0.00904718 0.0133843 0.0179106 0.0226298 0.0273179 0.0317092 0.035555 0.0386469 0.0408319 0.0420214 0.0421948 0.0413952 0.0397219 0.0373175 0.0343529 0.0310123 0.0274785 0.0239204 0.0204836 0.0172799 0.0143645 0.011678 0.00899759 0.00613693 0.00341365 0.00148238 0.000510107 0.000145549 3.59404e-05 7.89387e-06 1.56104e-06 2.7765e-07 4.37173e-08 5.85025e-09 6.01063e-10 3.38744e-11 0 
0 0.000245777 0.0019547 0.00585418 0.0105156 0.0153833 0.0206595 0.0262017 0.0317092 0.0368663 0.041381 0.0450089 0.0475709 0.0489638 0.0491636 0.0482215 0.0462542 0.0434289 0.039946 0.0360212 0.0318685 0.0276853 0.0236421 0.0198743 0.0164717 0.0134413 0.0106241 0.00771161 0.0046967 0.00222635 0.000813808 0.000239499 5.97653e-05 1.31148e-05 2.57624e-06 4.53932e-07 7.07252e-08 9.36264e-09 9.51758e-10 5.30949e-11 0 
0 0.000324193 0.00242405 0.00674482 0.0117177 0.0171144 0.0230671 0.0293312 0.035555 0.041381 0.0464791 0.0505739 0.0534633 0.0550314 0.0552518 0.0541828 0.0519566 0.048762 0.0448253 0.0403898 0.0356964 0.0309677 0.0263953 0.0221322 0.0182868 0.0149034 0.0118913 0.00894504 0.00582391 0.00298095 0.00115683 0.000352241 8.91445e-05 1.96082e-05 3.83792e-06 6.7188e-07 1.03877e-07 1.36399e-08 1.3754e-09 7.61338e-11 0 
0 0.000394354 0.00280405 0.00740972 0.0126526 0.0185029 0.0250042 0.0318483 0.0386469 0.0450089 0.0505739 0.055041 0.0581904 0.0598961 0.0601299 0.0589563 0.05652 0.0530273 0.0487255 0.0438798 0.038753 0.0335875 0.0285919 0.0239325 0.0197292 0.0160452 0.0128352 0.00983749 0.00669605 0.0036393 0.00148825 0.000468139 0.000120277 2.65723e-05 5.19482e-06 9.05902e-07 1.39348e-07 1.81967e-08 1.82475e-09 1.00472e-10 0 
0 0.000447866 0.00307194 0.00785626 0.0133033 0.0194842 0.0263745 0.033628 0.0408319 0.0475709 0.0534633 0.0581904 0.0615198 0.0633188 0.0635583 0.0623074 0.0597197 0.0560144 0.0514535 0.046318 0.040886 0.0354135 0.030121 0.0251841 0.0207296 0.0168301 0.0134661 0.0104164 0.00728483 0.00412858 0.00175772 0.00056803 0.000147957 3.28563e-05 6.42721e-06 1.11903e-06 1.7169e-07 2.23546e-08 2.23514e-09 1.22734e-10 0 
0 0.000479167 0.00321951 0.00809321 0.0136552 0.020019 0.0271216 0.034598 0.0420214 0.0489638 0.0550314 0.0598961 0.0633188 0.0651635 0.0654009 0.0641029 0.0614287 0.0576045 0.0529006 0.0476066 0.0420088 0.0363709 0.0309193 0.0258343 0.0212462 0.0172315 0.0137831 0.010706 0.00759667 0.00441377 0.00192861 0.000635077 0.000167176 3.73098e-05 7.31294e-06 1.27396e-06 1.95451e-07 2.54433e-08 2.54374e-09 1.39706e-10 0 
0 0.000485818 0.00324716 0.0081299 0.0137063 0.0200977 0.0272321 0.0347408 0.0421948 0.0491636 0.0552518 0.0601299 0.0635583 0.0654009 0.0656289 0.0643155 0.0616211 0.0577735 0.0530446 0.0477255 0.0421037 0.0364437 0.0309725 0.0258706 0.0212682 0.0172424 0.0137894 0.0107247 0.00764922 0.00448816 0.00198374 0.000659498 0.00017476 3.91785e-05 7.70505e-06 1.34615e-06 2.07109e-07 2.70412e-08 2.71243e-09 1.4953e-10 0 
0 0.00046828 0.00316041 0.00797759 0.0134703 0.0197396 0.0267329 0.0340916 0.0413952 0.0482215 0.0541828 0.0589563 0.0623074 0.0641029 0.0643155 0.0630174 0.0603666 0.0565872 0.051946 0.0467289 0.0412177 0.0356717 0.0303132 0.0253187 0.0208152 0.0168773 0.0134979 0.0104894 0.00746243 0.00436383 0.00192543 0.000640789 0.000170362 3.83689e-05 7.5867e-06 1.33345e-06 2.06507e-07 2.71564e-08 2.74534e-09 1.52635e-10 0 
0 0.000429505 0.00296847 0.00764963 0.0129751 0.0189896 0.0256862 0.0327312 0.0397219 0.0462542 0.0519566 0.05652 0.0597197 0.0614287 0.0616211 0.0603666 0.0578173 0.0541883 0.0497359 0.0447342 0.0394536 0.0341425 0.0290139 0.0242366 0.0199321 0.0161695 0.0129318 0.0100179 0.00705797 0.0040675 0.00177313 0.000587361 0.000156504 3.54827e-05 7.08117e-06 1.25825e-06 1.97243e-07 2.62826e-08 2.69476e-09 1.52072e-10 0 
0 0.000374429 0.00268432 0.00715991 0.0122586 0.0179121 0.024182 0.0307757 0.0373175 0.0434289 0.048762 0.0530273 0.0560144 0.0576045 0.0577735 0.0565872 0.0541883 0.050779 0.0465998 0.041908 0.0369572 0.0319805 0.0271777 0.0227073 0.0186828 0.0151649 0.0121198 0.00932868 0.00646349 0.00364099 0.00156014 0.00051424 0.000137812 3.1641e-05 6.42e-06 1.16263e-06 1.86038e-07 2.53301e-08 2.65519e-09 1.53209e-10 0 
0 0.00030937 0.00232589 0.00652108 0.0113616 0.0165837 0.0223281 0.0283647 0.0343529 0.039946 0.0448253 0.0487255 0.0514535 0.0529006 0.0530446 0.051946 0.0497359 0.0465998 0.0427586 0.0384483 0.033902 0.0293338 0.0249273 0.0208287 0.0171416 0.0139143 0.0110912 0.00844387 0.00572095 0.00314311 0.00132899 0.000439714 0.000119876 2.82183e-05 5.89346e-06 1.10046e-06 1.81621e-07 2.54872e-08 2.74954e-09 1.62939e-10 0 
0 0.000241245 0.00191754 0.00574485 0.0103186 0.0150844 0.020241 0.0256487 0.0310123 0.0360212 0.0403898 0.0438798 0.046318 0.0476066 0.0477255 0.0467289 0.0447342 0.041908 0.0384483 0.0345672 0.0304738 0.0263608 0.0223938 0.0187046 0.0153848 0.0124664 0.00987324 0.00739697 0.0048963 0.00264757 0.0011251 0.000382113 0.000108314 2.66405e-05 5.81322e-06 1.131e-06 1.93681e-07 2.80662e-08 3.11081e-09 1.88476e-10 0 
0 0.000176621 0.0014907 0.00484778 0.00914776 0.0134858 0.0180349 0.0227773 0.0274785 0.0318685 0.0356964 0.038753 0.040886 0.0420088 0.0421037 0.0412177 0.0394536 0.0369572 0.033902 0.0304738 0.0268562 0.0232183 0.019706 0.0164354 0.0134827 0.0108627 0.008498 0.00624808 0.00408124 0.00223168 0.000989471 0.000357792 0.000108449 2.83433e-05 6.50308e-06 1.31574e-06 2.3199e-07 3.43212e-08 3.85685e-09 2.35597e-10 0 
0 0.000120708 0.00108154 0.00386383 0.00784596 0.0118337 0.0158107 0.019888 0.0239204 0.0276853 0.0309677 0.0335875 0.0354135 0.0363709 0.0364437 0.0356717 0.0341425 0.0319805 0.0293338 0.0263608 0.0232183 0.0200506 0.0169824 0.0141108 0.0114953 0.00914513 0.00702481 0.00509575 0.00337389 0.00195371 0.000950497 0.000380212 0.000125488 3.48362e-05 8.29865e-06 1.71371e-06 3.04786e-07 4.51265e-08 5.04882e-09 3.0601e-10 0 
0 7.65702e-05 0.000724635 0.00285806 0.00640357 0.0101278 0.0136374 0.017096 0.0204836 0.0236421 0.0263953 0.0285919 0.030121 0.0309193 0.0309725 0.0303132 0.0290139 0.0271777 0.0249273 0.0223938 0.019706 0.0169824 0.0143233 0.0118053 0.00948064 0.00739182 0.00558633 0.00408691 0.00285473 0.00183073 0.00101406 0.000457693 0.000164285 4.76108e-05 1.1492e-05 2.36331e-06 4.14874e-07 6.03761e-08 6.6281e-09 3.94023e-10 0 
0 4.48546e-05 0.000444141 0.0019256 0.00485008 0.00831608 0.0115202 0.0144747 0.0172799 0.0198743 0.0221322 0.0239325 0.0251841 0.0258343 0.0258706 0.0253187 0.0242366 0.0227073 0.0208287 0.0187046 0.0164354 0.0141108 0.0118053 0.00958493 0.00753969 0.0058144 0.0045287 0.0036103 0.00281542 0.00199496 0.00121422 0.000600951 0.000229709 6.78235e-05 1.61684e-05 3.24106e-06 5.52738e-07 7.8164e-08 8.35063e-09 4.84044e-10 0 
0 2.41686e-05 0.00024729 0.00116261 0.00330747 0.00635074 0.00937193 0.0120147 0.0143645 0.0164717 0.0182868 0.0197292 0.0207296 0.0212462 0.0212682 0.0208152 0.0199321 0.0186828 0.0171416 0.0153848 0.0134827 0.0114953 0.00948064 0.00753969 0.00590501 0.00495961 0.0049397 0.00535306 0.00509008 0.00373359 0.00208384 0.000935403 0.000341716 9.73159e-05 2.20886e-05 4.21681e-06 6.90256e-07 9.43075e-08 9.77792e-09 5.51969e-10 0 
0 1.19476e-05 0.000124602 0.000622556 0.00197583 0.00432129 0.00707006 0.00957647 0.011678 0.0134413 0.0149034 0.0160452 0.0168301 0.0172315 0.0172424 0.0168773 0.0161695 0.0151649 0.0139143 0.0124664 0.0108627 0.00914513 0.00739182 0.0058144 0.00495961 0.00587498 0.00926716 0.0133712 0.014251 0.0105279 0.00535815 0.00196507 0.000578696 0.000142351 2.88678e-05 5.06099e-06 7.83815e-07 1.03193e-07 1.0397e-08 5.72928e-10 0 
0 5.41271e-06 5.67841e-05 0.000294817 0.00101751 0.00251519 0.00467491 0.00697718 0.00899759 0.0106241 0.0118913 0.0128352 0.0134661 0.0137831 0.0137894 0.0134979 0.0129318 0.0121198 0.0110912 0.00987324 0.008498 0.00702481 0.00558633 0.0045287 0.0049397 0.00926716 0.0192334 0.0305803 0.0336154 0.0248681 0.0123658 0.00418526 0.00103279 0.00020827 3.56791e-05 5.50562e-06 7.92056e-07 1.00349e-07 9.86747e-09 5.3352e-10 0 
0 2.24761e-06 2.34516e-05 0.00012392 0.000451171 0.00122527 0.00257122 0.00432812 0.00613693 0.00771161 0.00894504 0.00983749 0.0104164 0.010706 0.0107247 0.0104894 0.0100179 0.00932868 0.00844387 0.00739697 0.00624808 0.00509575 0.00408691 0.0036103 0.00535306 0.0133712 0.0305803 0.0499518 0.0552735 0.0409865 0.020255 0.00670983 0.00154052 0.000270668 3.95281e-05 5.28973e-06 6.99055e-07 8.5386e-08 8.25156e-09 4.40951e-10 0 
0 8.56346e-07 8.80768e-06 4.65819e-05 0.000174042 0.000501098 0.00115088 0.00216079 0.00341365 0.0046967 0.00582391 0.00669605 0.00728483 0.00759667 0.00764922 0.00746243 0.00705797 0.00646349 0.00572095 0.0048963 0.00408124 0.00337389 0.00285473 0.00281542 0.00509008 0.014251 0.0336154 0.0552735 0.0609711 0.0455785 0.0224409 0.00738991 0.00165818 0.000272967 3.58977e-05 4.29268e-06 5.27834e-07 6.27992e-08 6.0241e-09 3.2099e-10 0 
0 2.998e-07 3.0199e-06 1.57943e-05 5.93058e-05 0.000175462 0.000424735 0.000859526 0.00148238 0.00222635 0.00298095 0.0036393 0.00412858 0.00441377 0.00448816 0.00436383 0.0040675 0.00364099 0.00314311 0.00264757 0.00223168 0.00195371 0.00183073 0.00199496 0.00373359 0.0105279 0.0248681 0.0409865 0.0455785 0.0336912 0.0166305 0.00547472 0.00122569 0.000197688 2.47702e-05 2.80396e-06 3.34105e-07 3.95745e-08 3.81747e-09 2.04805e-10 0 
0 9.65776e-08 9.48636e-07 4.86748e-06 1.81136e-05 5.38633e-05 0.000133281 0.000280492 0.000510107 0.000813808 0.00115683 0.00148825 0.00175772 0.00192861 0.00198374 0.00192543 0.00177313 0.00156014 0.00132899 0.0011251 0.000989471 0.000950497 0.00101406 0.00121422 0.00208384 0.00535815 0.0123658 0.020255 0.0224409 0.0166305 0.00821921 0.00271884 0.000616021 9.99198e-05 1.25123e-05 1.43472e-06 1.7539e-07 2.12909e-08 2.09481e-09 1.14257e-10 0 
0 2.86519e-08 2.73704e-07 1.37116e-06 5.01431e-06 1.4783e-05 3.66533e-05 7.81698e-05 0.000145549 0.000239499 0.000352241 0.000468139 0.00056803 0.000635077 0.000659498 0.000640789 0.000587361 0.00051424 0.000439714 0.000382113 0.000357792 0.000380212 0.000457693 0.000600951 0.000935403 0.00196507 0.00418526 0.00670983 0.00738991 0.00547472 0.00271884 0.000912825 0.00021186 3.52796e-05 4.64131e-06 5.79276e-07 7.67938e-08 9.80162e-09 9.95861e-10 5.57019e-11 0 
0 7.82579e-09 7.26035e-08 3.54176e-07 1.26682e-06 3.67442e-06 9.02525e-06 1.92083e-05 3.59404e-05 5.97653e-05 8.91445e-05 0.000120277 0.000147957 0.000167176 0.00017476 0.000170362 0.000156504 0.000137812 0.000119876 0.000108314 0.000108449 0.000125488 0.000164285 0.000229709 0.000341716 0.000578696 0.00103279 0.00154052 0.00165818 0.00122569 0.000616021 0.00021186 5.0834e-05 8.97724e-06 1.32342e-06 1.92093e-07 2.85653e-08 3.88509e-09 4.11e-10 2.37391e-11 0 
0 1.96341e-09 1.76825e-08 8.3899e-08 2.92828e-07 8.3231e-07 2.01315e-06 4.24102e-06 7.89387e-06 1.31148e-05 1.96082e-05 2.65723e-05 3.28563e-05 3.73098e-05 3.91785e-05 3.83689e-05 3.54827e-05 3.1641e-05 2.82183e-05 2.66405e-05 2.83433e-05 3.48362e-05 4.76108e-05 6.78235e-05 9.73159e-05 0.000142351 0.00020827 0.000270668 0.000272967 0.000197688 9.99198e-05 3.52796e-05 8.97724e-06 1.7845e-06 3.16203e-07 5.51029e-08 9.19542e-09 1.33367e-09 1.47538e-10 8.84451e-12 0 
0 4.49977e-10 3.93481e-09 1.81559e-08 6.17826e-08 1.71779e-07 4.07984e-07 8.47345e-07 1.56104e-06 2.57624e-06 3.83792e-06 5.19482e-06 6.42721e-06 7.31294e-06 7.70505e-06 7.5867e-06 7.08117e-06 6.42e-06 5.89346e-06 5.81322e-06 6.50308e-06 8.29865e-06 1.1492e-05 1.61684e-05 2.20886e-05 2.88678e-05 3.56791e-05 3.95281e-05 3.58977e-05 2.47702e-05 1.25123e-05 4.64131e-06 1.32342e-06 3.16203e-07 6.90488e-08 1.40973e-08 2.58191e-09 3.97301e-10 4.6047e-11 2.87453e-12 0 
0 9.31575e-11 7.91511e-10 3.55341e-09 1.17903e-08 3.20522e-08 7.46682e-08 1.52622e-07 2.7765e-07 4.53932e-07 6.7188e-07 9.05902e-07 1.11903e-06 1.27396e-06 1.34615e-06 1.33345e-06 1.25825e-06 1.16263e-06 1.10046e-06 1.131e-06 1.31574e-06 1.71371e-06 2.36331e-06 3.24106e-06 4.21681e-06 5.06099e-06 5.50562e-06 5.28973e-06 4.29268e-06 2.80396e-06 1.43472e-06 5.79276e-07 1.92093e-07 5.51029e-08 1.40973e-08 3.20294e-09 6.29461e-10 1.02266e-10 1.24245e-11 8.09182e-13 0 
0 1.70482e-11 1.40887e-10 6.15966e-10 1.99415e-09 5.30222e-09 1.21143e-08 2.4357e-08 4.37173e-08 7.07252e-08 1.03877e-07 1.39348e-07 1.7169e-07 1.95451e-07 2.07109e-07 2.06507e-07 1.97243e-07 1.86038e-07 1.81621e-07 1.93681e-07 2.3199e-07 3.04786e-07 4.14874e-07 5.52738e-07 6.90256e-07 7.83815e-07 7.92056e-07 6.99055e-07 5.27834e-07 3.34105e-07 1.7539e-07 7.67938e-08 2.85653e-08 9.19542e-09 2.58191e-09 6.29461e-10 1.31024e-10 2.2401e-11 2.85184e-12 1.93892e-13 0 
0 2.63877e-12 2.12367e-11 9.05287e-11 2.86257e-10 7.45008e-10 1.67023e-09 3.30392e-09 5.85025e-09 9.36264e-09 1.36399e-08 1.81967e-08 2.23546e-08 2.54433e-08 2.70412e-08 2.71564e-08 2.62826e-08 2.53301e-08 2.54872e-08 2.80662e-08 3.43212e-08 4.51265e-08 6.03761e-08 7.8164e-08 9.43075e-08 1.03193e-07 1.00349e-07 8.5386e-08 6.27992e-08 3.95745e-08 2.12909e-08 9.80162e-09 3.88509e-09 1.33367e-09 3.97301e-10 1.02266e-10 2.2401e-11 4.01957e-12 5.35592e-13 3.79999e-14 0 
0 3.1147e-13 2.44447e-12 1.01737e-11 3.14594e-11 8.02259e-11 1.7663e-10 3.43954e-10 6.01063e-10 9.51758e-10 1.3754e-09 1.82475e-09 2.23514e-09 2.54374e-09 2.71243e-09 2.74534e-09 2.69476e-09 2.65519e-09 2.74954e-09 3.11081e-09 3.85685e-09 5.04882e-09 6.6281e-09 8.35063e-09 9.77792e-09 1.0397e-08 9.86747e-09 8.25156e-09 6.0241e-09 3.81747e-09 2.09481e-09 9.95861e-10 4.11e-10 1.47538e-10 4.6047e-11 1.24245e-11 2.85184e-12 5.35592e-13 7.45585e-14 5.5143e-15 0 
0 2.00117e-14 1.53372e-13 6.2409e-13 1.88968e-12 4.72741e-12 1.02315e-11 1.96295e-11 3.38744e-11 5.30949e-11 7.61338e-11 1.00472e-10 1.22734e-10 1.39706e-10 1.4953e-10 1.52635e-10 1.52072e-10 1.53209e-10 1.62939e-10 1.88476e-10 2.35597e-10 3.0601e-10 3.94023e-10 4.84044e-10 5.51969e-10 5.72928e-10 5.3352e-10 4.40951e-10 3.2099e-10 2.04805e-10 1.14257e-10 5.57019e-11 2.37391e-11 8.84451e-12 2.87453e-12 8.09182e-13 1.93892e-13 3.79999e-14 5.5143e-15 4.2447e-16 0 
0 0 0 0 0 0 0 0 0 0 0 0 0 0 0 0 0 0 0 0 0 0 0 0 0 0 0 0 0 0 0 0 0 0 0 0 0 0 0 0 0 
