0 0 0 0 0 0 0 0 0 0 0 0 0 0 0 0 0 0 0 0 0 0 0 0 0 0 0 0 0 0 0 0 0 0 0 0 0 0 0 0 0 
0 2.15601e-10 2.05271e-09 1.03243e-08 3.83117e-08 1.16075e-07 2.99732e-07 6.74074e-07 1.33662e-06 2.35532e-06 3.70935e-06 5.24469e-06 6.68368e-06 7.7035e-06 8.05488e-06 7.6607e-06 6.64166e-06 5.25885e-06 3.80904e-06 2.5276e-06 1.53903e-06 8.61322e-07 4.43911e-07 2.11136e-07 9.28905e-08 3.78945e-08 1.4369e-08 5.07597e-09 1.67387e-09 5.16052e-10 1.48868e-10 4.01764e-11 1.01279e-11 2.37592e-12 5.15077e-13 1.01898e-13 1.79775e-14 2.70311e-15 3.12e-16 1.97144e-17 0 
0 2.05271e-09 2.02882e-08 1.05925e-07 4.07571e-07 1.27766e-06 3.40335e-06 7.86616e-06 1.59631e-05 2.86607e-05 4.57882e-05 6.54071e-05 8.39092e-05 9.70608e-05 0.00010159 9.6493e-05 8.33624e-05 6.562e-05 4.7131e-05 3.09275e-05 1.8568e-05 1.02165e-05 5.16237e-06 2.40129e-06 1.031e-06 4.09753e-07 1.51178e-07 5.19205e-08 1.66388e-08 4.985e-09 1.39788e-09 3.6693e-10 9.0036e-11 2.05796e-11 4.35169e-12 8.40721e-13 1.4503e-13 2.13501e-14 2.41587e-15 1.49855e-16 0 
0 1.03243e-08 1.05925e-07 5.74096e-07 2.29015e-06 7.4248e-06 2.03823e-05 4.83363e-05 0.000100143 0.000182609 0.000294843 0.000423891 0.000545607 0.000631949 0.00066155 0.000628018 0.000541844 0.000425423 0.000304168 0.000198156 0.000117729 6.38809e-05 3.17241e-05 1.44582e-05 6.06619e-06 2.35108e-06 8.44618e-07 2.8217e-07 8.79186e-08 2.56083e-08 6.98355e-09 1.7838e-09 4.26292e-10 9.49968e-11 1.96077e-11 3.70234e-12 6.2507e-13 9.01845e-14 1.00161e-14 6.1071e-16 0 
0 3.83117e-08 4.07571e-07 2.29015e-06 9.45626e-06 3.1636e-05 8.9219e-05 0.000216134 0.000454456 0.00083547 0.00135202 0.00194005 0.00248748 0.00287088 0.00300055 0.00285144 0.00246834 0.00194638 0.00139659 0.000910798 0.000539602 0.000290627 0.00014259 6.39278e-05 2.62911e-05 9.96018e-06 3.49055e-06 1.13609e-06 3.44627e-07 9.77098e-08 2.59433e-08 6.45572e-09 1.50428e-09 3.27205e-10 6.60034e-11 1.21965e-11 2.01808e-12 2.85795e-13 3.12052e-14 1.87369e-15 0 
0 1.16075e-07 1.27766e-06 7.4248e-06 3.1636e-05 0.000108768 0.000313323 0.000769136 0.00162362 0.00296895 0.00474341 0.00669332 0.00844307 0.00962981 0.0100188 0.00955577 0.00836373 0.00670164 0.00489423 0.00324224 0.00194164 0.00105003 0.000513617 0.000228083 9.24144e-05 3.43533e-05 1.17796e-05 3.74448e-06 1.10821e-06 3.06436e-07 7.93611e-08 1.92722e-08 4.38615e-09 9.3285e-10 1.84224e-10 3.33752e-11 5.4226e-12 7.55322e-13 8.12625e-14 4.81709e-15 0 
0 2.99732e-07 3.40335e-06 2.03823e-05 8.9219e-05 0.000313323 0.000913876 0.00224481 0.00467733 0.0083335 0.0128584 0.0174843 0.0213562 0.023834 0.0245979 0.0236164 0.0210901 0.0174235 0.0131952 0.00906519 0.00559967 0.00309495 0.0015307 0.00068037 0.000273649 0.000100361 3.38115e-05 1.05321e-05 3.0499e-06 8.24618e-07 2.0881e-07 4.96011e-08 1.1051e-08 2.30333e-09 4.46363e-10 7.94733e-11 1.27116e-11 1.74638e-12 1.85703e-13 1.09054e-14 0 
0 6.74074e-07 7.86616e-06 4.83363e-05 0.000216134 0.000769136 0.00224481 0.00542491 0.010914 0.0184864 0.0269245 0.0346642 0.0405457 0.0440268 0.0449955 0.0435449 0.0398699 0.0342875 0.0273396 0.0198774 0.0129589 0.00748455 0.00381382 0.00172117 0.00069422 0.000253006 8.41866e-05 2.58035e-05 7.33691e-06 1.94585e-06 4.83209e-07 1.12602e-07 2.46297e-08 5.04545e-09 9.62345e-10 1.68925e-10 2.66903e-11 3.63037e-12 3.8318e-13 2.24008e-14 0 
0 1.33662e-06 1.59631e-05 0.000100143 0.000454456 0.00162362 0.00467733 0.010914 0.0207467 0.0327705 0.044519 0.0540822 0.0606992 0.0643408 0.0652129 0.0635246 0.0594292 0.0530485 0.0445911 0.0345971 0.0241824 0.0148918 0.0079763 0.00371611 0.00152164 0.000555835 0.000183808 5.57016e-05 1.56146e-05 4.0772e-06 9.9644e-07 2.28586e-07 4.92606e-08 9.95439e-09 1.87597e-09 3.26021e-10 5.11223e-11 6.92066e-12 7.2941e-13 4.27389e-14 0 
0 2.35532e-06 2.86607e-05 0.000182609 0.00083547 0.00296895 0.0083335 0.0184864 0.0327705 0.0480495 0.0612393 0.07105 0.0774791 0.0808765 0.081556 0.0797462 0.0756037 0.0692036 0.0605447 0.0497008 0.0372433 0.0246799 0.0141022 0.00688692 0.00289888 0.00107118 0.000354404 0.000106745 2.96348e-05 7.65049e-06 1.84771e-06 4.1903e-07 8.93589e-08 1.78965e-08 3.34962e-09 5.79651e-10 9.07955e-11 1.23242e-11 1.30795e-12 7.75272e-14 0 
0 3.70935e-06 4.57882e-05 0.000294843 0.00135202 0.00474341 0.0128584 0.0269245 0.044519 0.0612393 0.0744976 0.0839858 0.0901536 0.0933885 0.0939389 0.0920053 0.0877798 0.0814125 0.0729346 0.0622313 0.0493014 0.0349725 0.0214051 0.0110602 0.00483371 0.0018219 0.000607047 0.00018271 5.04799e-05 1.29458e-05 3.10489e-06 6.9971e-07 1.48493e-07 2.96604e-08 5.55268e-09 9.64584e-10 1.52323e-10 2.09454e-11 2.26343e-12 1.37283e-13 0 
0 5.24469e-06 6.54071e-05 0.000423891 0.00194005 0.00669332 0.0174843 0.0346642 0.0540822 0.07105 0.0839858 0.093247 0.0993538 0.102574 0.103065 0.100999 0.0966048 0.0901215 0.0817012 0.0712836 0.0586232 0.0438567 0.0285506 0.0156198 0.00712262 0.00275456 0.000929489 0.000281038 7.76785e-05 1.98987e-05 4.76787e-06 1.07491e-06 2.28755e-07 4.59719e-08 8.69543e-09 1.53374e-09 2.47267e-10 3.49021e-11 3.8903e-12 2.44216e-13 0 
0 6.68368e-06 8.39092e-05 0.000545607 0.00248748 0.00844307 0.0213562 0.0405457 0.0606992 0.0774791 0.0901536 0.0993538 0.105512 0.108776 0.109239 0.107061 0.102495 0.0958414 0.0873579 0.0771037 0.0648305 0.05029 0.0343467 0.0197546 0.00938866 0.00373475 0.00128161 0.000391265 0.000108829 2.8037e-05 6.76466e-06 1.5399e-06 3.32206e-07 6.80176e-08 1.3183e-08 2.39705e-09 4.0057e-10 5.88477e-11 6.83979e-12 4.47372e-13 0 
0 7.7035e-06 9.70608e-05 0.000631949 0.00287088 0.00962981 0.023834 0.0440268 0.0643408 0.0808765 0.0933885 0.102574 0.108776 0.112069 0.112513 0.110263 0.105586 0.0988168 0.0902762 0.0801186 0.0681696 0.054049 0.0381371 0.0227876 0.0112202 0.00458763 0.00160567 0.000497614 0.000140303 3.66849e-05 9.01294e-06 2.09948e-06 4.66314e-07 9.89576e-08 2.00061e-08 3.81317e-09 6.69585e-10 1.03291e-10 1.25575e-11 8.53657e-13 0 
0 8.05488e-06 0.00010159 0.00066155 0.00300055 0.0100188 0.0245979 0.0449955 0.0652129 0.081556 0.0939389 0.103065 0.109239 0.112513 0.112937 0.110664 0.105966 0.0991916 0.0906867 0.0806564 0.0689906 0.0553044 0.0397546 0.024352 0.0123162 0.0051633 0.00184838 0.000585499 0.000169053 4.54628e-05 1.15609e-05 2.80852e-06 6.55555e-07 1.4712e-07 3.15619e-08 6.38076e-09 1.18321e-09 1.91287e-10 2.41416e-11 1.68667e-12 0 
0 7.6607e-06 9.6493e-05 0.000628018 0.00285144 0.00955577 0.0236164 0.0435449 0.0635246 0.0797462 0.0920053 0.100999 0.107061 0.110263 0.110664 0.10842 0.103797 0.0971416 0.0887962 0.0789741 0.0675978 0.0543321 0.0393186 0.0243886 0.0125643 0.00539108 0.00198359 0.000649047 0.000194898 5.4979e-05 1.48045e-05 3.84097e-06 9.6273e-07 2.32159e-07 5.32707e-08 1.14157e-08 2.21798e-09 3.71096e-10 4.79081e-11 3.3893e-12 0 
0 6.64166e-06 8.33624e-05 0.000541844 0.00246834 0.00836373 0.0210901 0.0398699 0.0594292 0.0756037 0.0877798 0.0966048 0.102495 0.105586 0.105966 0.103797 0.0993381 0.0929135 0.0848402 0.0753068 0.0642445 0.0514107 0.0370897 0.0230709 0.0120423 0.00529932 0.00202427 0.000696125 0.000222484 6.7615e-05 1.9798e-05 5.60599e-06 1.52829e-06 3.96899e-07 9.67118e-08 2.16716e-08 4.33875e-09 7.38546e-10 9.60017e-11 6.78353e-12 0 
0 5.25885e-06 6.562e-05 0.000425423 0.00194638 0.00670164 0.0174235 0.0342875 0.0530485 0.0692036 0.0814125 0.0901215 0.0958414 0.0988168 0.0991916 0.0971416 0.0929135 0.0868001 0.0790717 0.0698732 0.0591497 0.0468176 0.0334191 0.0207347 0.0109733 0.00499924 0.0020198 0.000749439 0.000262777 8.85288e-05 2.877e-05 8.96458e-06 2.64708e-06 7.30498e-07 1.85603e-07 4.26535e-08 8.64008e-09 1.47261e-09 1.90186e-10 1.3278e-11 0 
0 3.80904e-06 4.7131e-05 0.000304168 0.00139659 0.00489423 0.0131952 0.0273396 0.0445911 0.0605447 0.0729346 0.0817012 0.0873579 0.0902762 0.0906867 0.0887962 0.0848402 0.0790717 0.0717054 0.0628502 0.0525172 0.0408727 0.0287524 0.0178189 0.00965598 0.00464536 0.00204287 0.00084534 0.000334993 0.000127458 4.61408e-05 1.56691e-05 4.92215e-06 1.41311e-06 3.66653e-07 8.48164e-08 1.7111e-08 2.88263e-09 3.66085e-10 2.50489e-11 0 
0 2.5276e-06 3.09275e-05 0.000198156 0.000910798 0.00324224 0.00906519 0.0198774 0.0345971 0.0497008 0.0622313 0.0712836 0.0771037 0.0801186 0.0806564 0.0789741 0.0753068 0.0698732 0.0628502 0.0543656 0.044593 0.0340089 0.0236326 0.0147937 0.008385 0.00439024 0.00217468 0.00103387 0.000470906 0.000202492 8.06463e-05 2.92614e-05 9.56448e-06 2.79661e-06 7.27219e-07 1.66679e-07 3.3061e-08 5.44919e-09 6.75104e-10 4.49976e-11 0 
0 1.53903e-06 1.8568e-05 0.000117729 0.000539602 0.00194164 0.00559967 0.0129589 0.0241824 0.0372433 0.0493014 0.0586232 0.0648305 0.0681696 0.0689906 0.0675978 0.0642445 0.0591497 0.0525172 0.044593 0.0357918 0.0268266 0.0186451 0.0120635 0.00737879 0.00434885 0.0024945 0.00138224 0.000723299 0.000347446 0.000149536 5.67978e-05 1.89262e-05 5.53097e-06 1.41817e-06 3.17776e-07 6.13168e-08 9.80714e-09 1.17805e-09 7.61476e-11 0 
0 8.61322e-07 1.02165e-05 6.38809e-05 0.000290627 0.00105003 0.00309495 0.00748455 0.0148918 0.0246799 0.0349725 0.0438567 0.05029 0.054049 0.0553044 0.0543321 0.0514107 0.0468176 0.0408727 0.0340089 0.0268266 0.0200427 0.0142881 0.00987533 0.00673797 0.0045784 0.00306972 0.0019767 0.00117755 0.000624709 0.000286585 0.000112055 3.73622e-05 1.07186e-05 2.66895e-06 5.77765e-07 1.07495e-07 1.65777e-08 1.92218e-09 1.2014e-10 0 
0 4.43911e-07 5.16237e-06 3.17241e-05 0.00014259 0.000513617 0.0015307 0.00381382 0.0079763 0.0141022 0.0214051 0.0285506 0.0343467 0.0381371 0.0397546 0.0393186 0.0370897 0.0334191 0.0287524 0.0236326 0.0186451 0.0142881 0.0108333 0.00828199 0.00644419 0.0050679 0.00393834 0.00292181 0.00197819 0.00116135 0.000566206 0.000224779 7.32827e-05 2.01304e-05 4.77198e-06 9.85138e-07 1.75368e-07 2.59577e-08 2.89769e-09 1.749e-10 0 
0 2.11136e-07 2.40129e-06 1.44582e-05 6.39278e-05 0.000228083 0.00068037 0.00172117 0.00371611 0.00688692 0.0110602 0.0156198 0.0197546 0.0227876 0.024352 0.0243886 0.0230709 0.0207347 0.0178189 0.0147937 0.0120635 0.00987533 0.00828199 0.0071804 0.00639525 0.00576832 0.00519576 0.00454151 0.00360268 0.00238265 0.00123306 0.000486716 0.000149039 3.73107e-05 8.08151e-06 1.5541e-06 2.62111e-07 3.71179e-08 3.98671e-09 2.32506e-10 0 
0 9.28905e-08 1.031e-06 6.06619e-06 2.62911e-05 9.24144e-05 0.000273649 0.00069422 0.00152164 0.00289888 0.00483371 0.00712262 0.00938866 0.0112202 0.0123162 0.0125643 0.0120423 0.0109733 0.00965598 0.008385 0.00737879 0.00673797 0.00644419 0.00639525 0.00650397 0.00690123 0.00787676 0.00894785 0.00857887 0.00620256 0.00324699 0.00122315 0.000336985 7.21539e-05 1.32782e-05 2.26166e-06 3.54165e-07 4.77929e-08 4.94511e-09 2.79365e-10 0 
0 3.78945e-08 4.09753e-07 2.35108e-06 9.96018e-06 3.43533e-05 0.000100361 0.000253006 0.000555835 0.00107118 0.0018219 0.00275456 0.00373475 0.00458763 0.0051633 0.00539108 0.00529932 0.00499924 0.00464536 0.00439024 0.00434885 0.0045784 0.0050679 0.00576832 0.00690123 0.00974763 0.0159122 0.0230275 0.0245476 0.0181267 0.00918079 0.00322862 0.000801836 0.00014611 2.17557e-05 3.06458e-06 4.28918e-07 5.4705e-08 5.46616e-09 3.0046e-10 0 
0 1.4369e-08 1.51178e-07 8.44618e-07 3.49055e-06 1.17796e-05 3.38115e-05 8.41866e-05 0.000183808 0.000354404 0.000607047 0.000929489 0.00128161 0.00160567 0.00184838 0.00198359 0.00202427 0.0020198 0.00204287 0.00217468 0.0024945 0.00306972 0.00393834 0.00519576 0.00787676 0.0159122 0.0331352 0.0526794 0.0578587 0.0428446 0.0213016 0.00717154 0.0016645 0.000272319 3.39533e-05 3.85127e-06 4.62296e-07 5.50424e-08 5.32844e-09 2.86749e-10 0 
0 5.07597e-09 5.19205e-08 2.8217e-07 1.13609e-06 3.74448e-06 1.05321e-05 2.58035e-05 5.57016e-05 0.000106745 0.00018271 0.000281038 0.000391265 0.000497614 0.000585499 0.000649047 0.000696125 0.000749439 0.00084534 0.00103387 0.00138224 0.0019767 0.00292181 0.00454151 0.00894785 0.0230275 0.0526794 0.0860433 0.0952445 0.0705774 0.0348968 0.0115498 0.00259121 0.000400139 4.4762e-05 4.2665e-06 4.35973e-07 4.8151e-08 4.54042e-09 2.41093e-10 0 
0 1.67387e-09 1.66388e-08 8.79186e-08 3.44627e-07 1.10821e-06 3.0499e-06 7.33691e-06 1.56146e-05 2.96348e-05 5.04799e-05 7.76785e-05 0.000108829 0.000140303 0.000169053 0.000194898 0.000222484 0.000262777 0.000334993 0.000470906 0.000723299 0.00117755 0.00197819 0.00360268 0.00857887 0.0245476 0.0578587 0.0952445 0.105664 0.0783144 0.038662 0.0127261 0.0028148 0.000422622 4.4716e-05 3.83897e-06 3.47904e-07 3.61742e-08 3.35846e-09 1.7762e-10 0 
0 5.16052e-10 4.985e-09 2.56083e-08 9.77098e-08 3.06436e-07 8.24618e-07 1.94585e-06 4.0772e-06 7.65049e-06 1.29458e-05 1.98987e-05 2.8037e-05 3.66849e-05 4.54628e-05 5.4979e-05 6.7615e-05 8.85288e-05 0.000127458 0.000202492 0.000347446 0.000624709 0.00116135 0.00238265 0.00620256 0.0181267 0.0428446 0.0705774 0.0783144 0.0580452 0.028652 0.00942385 0.00207489 0.000307831 3.18446e-05 2.62272e-06 2.26343e-07 2.30691e-08 2.14646e-09 1.14277e-10 0 
0 1.48868e-10 1.39788e-09 6.98355e-09 2.59433e-08 7.93611e-08 2.0881e-07 4.83209e-07 9.9644e-07 1.84771e-06 3.10489e-06 4.76787e-06 6.76466e-06 9.01294e-06 1.15609e-05 1.48045e-05 1.9798e-05 2.877e-05 4.61408e-05 8.06463e-05 0.000149536 0.000286585 0.000566206 0.00123306 0.00324699 0.00918079 0.0213016 0.0348968 0.038662 0.028652 0.0141575 0.00466553 0.00102731 0.000152156 1.57758e-05 1.31905e-06 1.17778e-07 1.24251e-08 1.18353e-09 6.41193e-11 0 
0 4.01764e-11 3.6693e-10 1.7838e-09 6.45572e-09 1.92722e-08 4.96011e-08 1.12602e-07 2.28586e-07 4.1903e-07 6.9971e-07 1.07491e-06 1.5399e-06 2.09948e-06 2.80852e-06 3.84097e-06 5.60599e-06 8.96458e-06 1.56691e-05 2.92614e-05 5.67978e-05 0.000112055 0.000224779 0.000486716 0.00122315 0.00322862 0.00717154 0.0115498 0.0127261 0.00942385 0.00466553 0.00154208 0.000340631 5.09241e-05 5.44514e-06 4.92932e-07 4.95789e-08 5.68173e-09 5.63921e-10 3.13813e-11 0 
0 1.01279e-11 9.0036e-11 4.26292e-10 1.50428e-09 4.38615e-09 1.1051e-08 2.46297e-08 4.92606e-08 8.93589e-08 1.48493e-07 2.28755e-07 3.32206e-07 4.66314e-07 6.55555e-07 9.6273e-07 1.52829e-06 2.64708e-06 4.92215e-06 9.56448e-06 1.89262e-05 3.73622e-05 7.32827e-05 0.000149039 0.000336985 0.000801836 0.0016645 0.00259121 0.0028148 0.00207489 0.00102731 0.000340631 7.59985e-05 1.17014e-05 1.35358e-06 1.44403e-07 1.75242e-08 2.23234e-09 2.32971e-10 1.34098e-11 0 
0 2.37592e-12 2.05796e-11 9.49968e-11 3.27205e-10 9.3285e-10 2.30333e-09 5.04545e-09 9.95439e-09 1.78965e-08 2.96604e-08 4.59719e-08 6.80176e-08 9.89576e-08 1.4712e-07 2.32159e-07 3.96899e-07 7.30498e-07 1.41311e-06 2.79661e-06 5.53097e-06 1.07186e-05 2.01304e-05 3.73107e-05 7.21539e-05 0.00014611 0.000272319 0.000400139 0.000422622 0.000307831 0.000152156 5.09241e-05 1.17014e-05 1.94052e-06 2.64471e-07 3.63237e-08 5.41277e-09 7.61406e-10 8.3682e-11 5.00519e-12 0 
0 5.15077e-13 4.35169e-12 1.96077e-11 6.60034e-11 1.84224e-10 4.46363e-10 9.62345e-10 1.87597e-09 3.34962e-09 5.55268e-09 8.69543e-09 1.3183e-08 2.00061e-08 3.15619e-08 5.32707e-08 9.67118e-08 1.85603e-07 3.66653e-07 7.27219e-07 1.41817e-06 2.66895e-06 4.77198e-06 8.08151e-06 1.32782e-05 2.17557e-05 3.39533e-05 4.4762e-05 4.4716e-05 3.18446e-05 1.57758e-05 5.44514e-06 1.35358e-06 2.64471e-07 4.70619e-08 8.48315e-09 1.48578e-09 2.26111e-10 2.61303e-11 1.62871e-12 0 
0 1.01898e-13 8.40721e-13 3.70234e-12 1.21965e-11 3.33752e-11 7.94733e-11 1.68925e-10 3.26021e-10 5.79651e-10 9.64584e-10 1.53374e-09 2.39705e-09 3.81317e-09 6.38076e-09 1.14157e-08 2.16716e-08 4.26535e-08 8.48164e-08 1.66679e-07 3.17776e-07 5.77765e-07 9.85138e-07 1.5541e-06 2.26166e-06 3.06458e-06 3.85127e-06 4.2665e-06 3.83897e-06 2.62272e-06 1.31905e-06 4.92932e-07 1.44403e-07 3.63237e-08 8.48315e-09 1.85025e-09 3.59045e-10 5.81342e-11 7.053e-12 4.58842e-13 0 
0 1.79775e-14 1.4503e-13 6.2507e-13 2.01808e-12 5.4226e-12 1.27116e-11 2.66903e-11 5.11223e-11 9.07955e-11 1.52323e-10 2.47267e-10 4.0057e-10 6.69585e-10 1.18321e-09 2.21798e-09 4.33875e-09 8.64008e-09 1.7111e-08 3.3061e-08 6.13168e-08 1.07495e-07 1.75368e-07 2.62111e-07 3.54165e-07 4.28918e-07 4.62296e-07 4.35973e-07 3.47904e-07 2.26343e-07 1.17778e-07 4.95789e-08 1.75242e-08 5.41277e-09 1.48578e-09 3.59045e-10 7.45283e-11 1.27282e-11 1.61913e-12 1.09995e-13 0 
0 2.70311e-15 2.13501e-14 9.01845e-14 2.85795e-13 7.55322e-13 1.74638e-12 3.63037e-12 6.92066e-12 1.23242e-11 2.09454e-11 3.49021e-11 5.88477e-11 1.03291e-10 1.91287e-10 3.71096e-10 7.38546e-10 1.47261e-09 2.88263e-09 5.44919e-09 9.80714e-09 1.65777e-08 2.59577e-08 3.71179e-08 4.77929e-08 5.4705e-08 5.50424e-08 4.8151e-08 3.61742e-08 2.30691e-08 1.24251e-08 5.68173e-09 2.23234e-09 7.61406e-10 2.26111e-10 5.81342e-11 1.27282e-11 2.28304e-12 3.04067e-13 2.15614e-14 0 
0 3.12e-16 2.41587e-15 1.00161e-14 3.12052e-14 8.12625e-14 1.85703e-13 3.8318e-13 7.2941e-13 1.30795e-12 2.26343e-12 3.8903e-12 6.83979e-12 1.25575e-11 2.41416e-11 4.79081e-11 9.60017e-11 1.90186e-10 3.66085e-10 6.75104e-10 1.17805e-09 1.92218e-09 2.89769e-09 3.98671e-09 4.94511e-09 5.46616e-09 5.32844e-09 4.54042e-09 3.35846e-09 2.14646e-09 1.18353e-09 5.63921e-10 2.32971e-10 8.3682e-11 2.61303e-11 7.053e-12 1.61913e-12 3.04067e-13 4.23193e-14 3.12883e-15 0 
0 1.97144e-17 1.49855e-16 6.1071e-16 1.87369e-15 4.81709e-15 1.09054e-14 2.24008e-14 4.27389e-14 7.75272e-14 1.37283e-13 2.44216e-13 4.47372e-13 8.53657e-13 1.68667e-12 3.3893e-12 6.78353e-12 1.3278e-11 2.50489e-11 4.49976e-11 7.61476e-11 1.2014e-10 1.749e-10 2.32506e-10 2.79365e-10 3.0046e-10 2.86749e-10 2.41093e-10 1.7762e-10 1.14277e-10 6.41193e-11 3.13813e-11 1.34098e-11 5.00519e-12 1.62871e-12 4.58842e-13 1.09995e-13 2.15614e-14 3.12883e-15 2.40807e-16 0 
0 0 0 0 0 0 0 0 0 0 0 0 0 0 0 0 0 0 0 0 0 0 0 0 0 0 0 0 0 0 0 0 0 0 0 0 0 0 0 0 0 
