0 0 0 0 0 0 0 0 0 0 0 0 0 0 0 0 0 0 0 0 0 0 0 0 0 0 0 0 0 0 0 0 0 0 0 0 0 0 0 0 0 
0 1.54947e-18 1.49038e-17 7.65885e-17 2.94254e-16 9.36862e-16 2.58344e-15 6.30944e-15 1.38191e-14 2.73483e-14 4.91427e-14 8.04524e-14 1.20311e-13 1.64713e-13 2.06878e-13 2.38881e-13 2.54147e-13 2.49716e-13 2.27172e-13 1.9185e-13 1.50826e-13 1.10696e-13 7.60642e-14 4.90727e-14 2.98043e-14 1.7083e-14 9.26017e-15 4.75532e-15 2.31595e-15 1.07013e-15 4.68888e-16 1.94479e-16 7.61027e-17 2.79397e-17 9.53715e-18 2.98268e-18 8.33401e-19 1.98389e-19 3.61606e-20 3.59149e-21 0 
0 1.49038e-17 1.47856e-16 7.83935e-16 3.10697e-15 1.01976e-14 2.89556e-14 7.27048e-14 1.63402e-13 3.31097e-13 6.07661e-13 1.01339e-12 1.53955e-12 2.1353e-12 2.70953e-12 3.1525e-12 3.37101e-12 3.32135e-12 3.02351e-12 2.55049e-12 1.99977e-12 1.46203e-12 9.99832e-13 6.41569e-13 3.87424e-13 2.20762e-13 1.18977e-13 6.07564e-14 2.94327e-14 1.35318e-14 5.90089e-15 2.43632e-15 9.49094e-16 3.46857e-16 1.17834e-16 3.6662e-17 1.01855e-17 2.40919e-18 4.35976e-19 4.29524e-20 0 
0 7.65885e-17 7.83935e-16 4.29064e-15 1.75533e-14 5.94353e-14 1.73915e-13 4.49332e-13 1.03714e-12 2.15352e-12 4.04018e-12 6.86936e-12 1.06106e-11 1.49212e-11 1.91445e-11 2.24625e-11 2.41622e-11 2.3893e-11 2.17855e-11 1.83747e-11 1.43845e-11 1.04881e-11 7.14737e-12 4.56786e-12 2.74657e-12 1.55826e-12 8.36254e-13 4.2532e-13 2.05261e-13 9.40329e-14 4.08655e-14 1.68152e-14 6.52765e-15 2.37662e-15 8.03982e-16 2.48937e-16 6.87732e-17 1.61612e-17 2.90265e-18 2.83522e-19 0 
0 2.94254e-16 3.10697e-15 1.75533e-14 7.41308e-14 2.58983e-13 7.8112e-13 2.07717e-12 4.92577e-12 1.04855e-11 2.0119e-11 3.48962e-11 5.48404e-11 7.82523e-11 1.01606e-10 1.20341e-10 1.30357e-10 1.29533e-10 1.18457e-10 1.00047e-10 7.83269e-11 5.70587e-11 3.88224e-11 2.4762e-11 1.48568e-11 8.41086e-12 4.50456e-12 2.28674e-12 1.10169e-12 5.03864e-13 2.186e-13 8.97772e-14 3.47716e-14 1.26236e-14 4.25503e-15 1.31153e-15 3.60316e-16 8.41022e-17 1.49852e-17 1.45026e-18 0 
0 9.36862e-16 1.01976e-14 5.94353e-14 2.58983e-13 9.33156e-13 2.90014e-12 7.93623e-12 1.93339e-11 4.21956e-11 8.28229e-11 1.46604e-10 2.34537e-10 3.3983e-10 4.46961e-10 5.34968e-10 5.84351e-10 5.84383e-10 5.36944e-10 4.55009e-10 3.57028e-10 2.60467e-10 1.77392e-10 1.13226e-10 6.79767e-11 3.85097e-11 2.06405e-11 1.0487e-11 5.05656e-12 2.31421e-12 1.00435e-12 4.12394e-13 1.59573e-13 5.78229e-14 1.94317e-14 5.9639e-15 1.6292e-15 3.77579e-16 6.67014e-17 6.3909e-18 0 
0 2.58344e-15 2.89556e-14 1.73915e-13 7.8112e-13 2.90014e-12 9.2804e-12 2.61176e-11 6.53358e-11 1.46161e-10 2.93476e-10 5.30259e-10 8.63978e-10 1.27212e-09 1.69652e-09 2.05468e-09 2.26672e-09 2.28565e-09 2.11459e-09 1.80228e-09 1.42121e-09 1.04142e-09 7.122e-10 4.56419e-10 2.75131e-10 1.56509e-10 8.42347e-11 4.29725e-11 2.07993e-11 9.55091e-12 4.15589e-12 1.70927e-12 6.61701e-13 2.39552e-13 8.03031e-14 2.45439e-14 6.66535e-15 1.53295e-15 2.68276e-16 2.54232e-17 0 
0 6.30944e-15 7.27048e-14 4.49332e-13 2.07717e-12 7.93623e-12 2.61176e-11 7.55172e-11 1.93842e-10 4.44267e-10 9.1233e-10 1.68279e-09 2.79368e-09 4.18316e-09 5.66293e-09 6.95008e-09 7.75794e-09 7.90496e-09 7.38262e-09 6.34705e-09 5.04617e-09 3.72717e-09 2.56908e-09 1.65956e-09 1.00849e-09 5.78355e-10 3.13785e-10 1.61318e-10 7.86388e-11 3.63366e-11 1.58912e-11 6.55927e-12 2.54396e-12 9.20913e-13 3.08058e-13 9.37567e-14 2.52997e-14 5.76974e-15 9.99301e-16 9.35527e-17 0 
0 1.38191e-14 1.63402e-13 1.03714e-12 4.92577e-12 1.93339e-11 6.53358e-11 1.93842e-10 5.10026e-10 1.19673e-09 2.51254e-09 4.73103e-09 8.00583e-09 1.22008e-08 1.67866e-08 2.09121e-08 2.36684e-08 2.44323e-08 2.31024e-08 2.01025e-08 1.61741e-08 1.20908e-08 8.43642e-09 5.51799e-09 3.39576e-09 1.97213e-09 1.08324e-09 5.63452e-10 2.77623e-10 1.29478e-10 5.70523e-11 2.36773e-11 9.2116e-12 3.33661e-12 1.11392e-12 3.37469e-13 9.04193e-14 2.0426e-14 3.49675e-15 3.22946e-16 0 
0 2.73483e-14 3.31097e-13 2.15352e-12 1.04855e-11 4.21956e-11 1.46161e-10 4.44267e-10 1.19673e-09 2.87232e-09 6.16237e-09 1.18449e-08 2.04391e-08 3.17304e-08 4.4431e-08 5.62887e-08 6.47506e-08 6.79111e-08 6.52356e-08 5.7674e-08 4.71616e-08 3.58465e-08 2.54435e-08 1.69353e-08 1.06077e-08 6.26949e-09 3.50259e-09 1.85112e-09 9.25284e-10 4.36898e-10 1.94429e-10 8.12675e-11 3.17472e-11 1.15106e-11 3.83439e-12 1.15554e-12 3.07088e-13 6.86249e-14 1.15941e-14 1.05465e-15 0 
0 4.91427e-14 6.07661e-13 4.04018e-12 2.0119e-11 8.28229e-11 2.93476e-10 9.1233e-10 2.51254e-09 6.16237e-09 1.35028e-08 2.64922e-08 4.66354e-08 7.38228e-08 1.05367e-07 1.36037e-07 1.59478e-07 1.70496e-07 1.6702e-07 1.50678e-07 1.25827e-07 9.77462e-08 7.09592e-08 4.83304e-08 3.09814e-08 1.87329e-08 1.06966e-08 5.7689e-09 2.93616e-09 1.40778e-09 6.34111e-10 2.67316e-10 1.04926e-10 3.80788e-11 1.26491e-11 3.78779e-12 9.96972e-13 2.20022e-13 3.66195e-14 3.27476e-15 0 
0 8.04524e-14 1.01339e-12 6.86936e-12 3.48962e-11 1.46604e-10 5.30259e-10 1.68279e-09 4.73103e-09 1.18449e-08 2.64922e-08 5.30517e-08 9.53208e-08 1.54029e-07 2.24476e-07 2.96053e-07 3.54766e-07 3.88025e-07 3.89291e-07 3.60108e-07 3.08728e-07 2.46507e-07 1.84111e-07 1.29084e-07 8.518e-08 5.29822e-08 3.10763e-08 1.71776e-08 8.93404e-09 4.36146e-09 1.99211e-09 8.47812e-10 3.34427e-10 1.21416e-10 4.01741e-11 1.19351e-11 3.10547e-12 6.75438e-13 1.1051e-13 9.6954e-15 0 
0 1.20311e-13 1.53955e-12 1.06106e-11 5.48404e-11 2.34537e-10 8.63978e-10 2.79368e-09 8.00583e-09 2.04391e-08 4.66354e-08 9.53208e-08 1.74919e-07 2.88897e-07 4.30734e-07 5.8184e-07 7.15084e-07 8.03398e-07 8.29361e-07 7.90816e-07 7.0008e-07 5.78088e-07 4.47023e-07 3.24674e-07 2.21891e-07 1.42782e-07 8.64594e-08 4.91895e-08 2.623e-08 1.30688e-08 6.06122e-09 2.60531e-09 1.03233e-09 3.74514e-10 1.23221e-10 3.62414e-11 9.30033e-12 1.98873e-12 3.19097e-13 2.74022e-14 0 
0 1.64713e-13 2.1353e-12 1.49212e-11 7.82523e-11 3.3983e-10 1.27212e-09 4.18316e-09 1.22008e-08 3.17304e-08 7.38228e-08 1.54029e-07 2.88897e-07 4.88396e-07 7.46595e-07 1.03597e-06 1.31063e-06 1.51925e-06 1.62203e-06 1.60342e-06 1.47483e-06 1.26771e-06 1.02174e-06 7.73813e-07 5.51149e-07 3.68993e-07 2.31814e-07 1.36291e-07 7.47347e-08 3.80732e-08 1.7944e-08 7.7878e-09 3.09621e-09 1.12033e-09 3.65663e-10 1.06187e-10 2.67997e-11 5.61836e-12 8.81695e-13 7.39267e-14 0 
0 2.06878e-13 2.70953e-12 1.91445e-11 1.01606e-10 4.46961e-10 1.69652e-09 5.66293e-09 1.67866e-08 4.4431e-08 1.05367e-07 2.24476e-07 4.30734e-07 7.46595e-07 1.17301e-06 1.67736e-06 2.19321e-06 2.63557e-06 2.92616e-06 3.01707e-06 2.90236e-06 2.61477e-06 2.21175e-06 1.75849e-06 1.31358e-06 9.20186e-07 6.02627e-07 3.67492e-07 2.07739e-07 1.08346e-07 5.18914e-08 2.27153e-08 9.04324e-09 3.25495e-09 1.05062e-09 3.00243e-10 7.42773e-11 1.52179e-11 2.32891e-12 1.90157e-13 0 
0 2.38881e-13 3.1525e-12 2.24625e-11 1.20341e-10 5.34968e-10 2.05468e-09 6.95008e-09 2.09121e-08 5.62887e-08 1.36037e-07 2.96053e-07 5.8184e-07 1.03597e-06 1.67736e-06 2.48042e-06 3.36638e-06 4.21502e-06 4.89463e-06 5.29743e-06 5.36601e-06 5.10261e-06 4.56186e-06 3.83365e-06 3.02246e-06 2.22773e-06 1.52778e-06 9.69549e-07 5.66098e-07 3.02417e-07 1.47061e-07 6.47976e-08 2.57554e-08 9.1884e-09 2.92159e-09 8.18402e-10 1.97707e-10 3.94473e-11 5.86863e-12 4.65358e-13 0 
0 2.54147e-13 3.37101e-12 2.41622e-11 1.30357e-10 5.84351e-10 2.26672e-09 7.75794e-09 2.36684e-08 6.47506e-08 1.59478e-07 3.54766e-07 7.15084e-07 1.31063e-06 2.19321e-06 3.36638e-06 4.76359e-06 6.2473e-06 7.63275e-06 8.72768e-06 9.37335e-06 9.47488e-06 9.01666e-06 8.06394e-06 6.75237e-06 5.26511e-06 3.79753e-06 2.51522e-06 1.51883e-06 8.3078e-07 4.0942e-07 1.81013e-07 7.15433e-08 2.51835e-08 7.85104e-09 2.14587e-09 5.04067e-10 9.75729e-11 1.40653e-11 1.08019e-12 0 
0 2.49716e-13 3.32135e-12 2.3893e-11 1.29533e-10 5.84383e-10 2.28565e-09 7.90496e-09 2.44323e-08 6.79111e-08 1.70496e-07 3.88025e-07 8.03398e-07 1.51925e-06 2.63557e-06 4.21502e-06 6.2473e-06 8.62714e-06 1.11555e-05 1.35634e-05 1.55497e-05 1.68261e-05 1.71642e-05 1.64477e-05 1.47196e-05 1.22077e-05 9.2982e-06 6.4432e-06 4.0262e-06 2.25196e-06 1.12129e-06 4.95271e-07 1.93637e-07 6.68784e-08 2.03293e-08 5.39361e-09 1.22625e-09 2.29372e-10 3.19319e-11 2.36875e-12 0 
0 2.27172e-13 3.02351e-12 2.17855e-11 1.18457e-10 5.36944e-10 2.11459e-09 7.38262e-09 2.31024e-08 6.52356e-08 1.6702e-07 3.89291e-07 8.29361e-07 1.62203e-06 2.92616e-06 4.89463e-06 7.63275e-06 1.11555e-05 1.53534e-05 1.99713e-05 2.46004e-05 2.86891e-05 3.1587e-05 3.26509e-05 3.14263e-05 2.78704e-05 2.25053e-05 1.63492e-05 1.05701e-05 6.03118e-06 3.02115e-06 1.32557e-06 5.09357e-07 1.71467e-07 5.05002e-08 1.29317e-08 2.8317e-09 5.09774e-10 6.8319e-11 4.8834e-12 0 
0 1.9185e-13 2.55049e-12 1.83747e-11 1.00047e-10 4.55009e-10 1.80228e-09 6.34705e-09 2.01025e-08 5.7674e-08 1.50678e-07 3.60108e-07 7.90816e-07 1.60342e-06 3.01707e-06 5.29743e-06 8.72768e-06 1.35634e-05 1.99713e-05 2.79476e-05 3.72096e-05 4.70641e-05 5.6298e-05 6.3193e-05 6.58274e-05 6.27648e-05 5.39424e-05 4.11569e-05 2.75129e-05 1.59626e-05 7.99926e-06 3.46121e-06 1.29671e-06 4.22131e-07 1.19602e-07 2.93807e-08 6.16585e-09 1.06417e-09 1.369e-10 9.41005e-12 0 
0 1.50826e-13 1.99977e-12 1.43845e-11 7.83269e-11 3.57028e-10 1.42121e-09 5.04617e-09 1.61741e-08 4.71616e-08 1.25827e-07 3.08728e-07 7.0008e-07 1.47483e-06 2.90236e-06 5.36601e-06 9.37335e-06 1.55497e-05 2.46004e-05 3.72096e-05 5.38231e-05 7.42536e-05 9.70919e-05 0.000119101 0.000135121 0.000139317 0.000128063 0.000102987 7.12745e-05 4.19488e-05 2.08885e-05 8.82124e-06 3.1844e-06 9.91666e-07 2.67938e-07 6.27256e-08 1.25548e-08 2.07024e-09 2.55057e-10 1.68354e-11 0 
0 1.10696e-13 1.46203e-12 1.04881e-11 5.70587e-11 2.60467e-10 1.04142e-09 3.72717e-09 1.20908e-08 3.58465e-08 9.77462e-08 2.46507e-07 5.78088e-07 1.26771e-06 2.61477e-06 5.10261e-06 9.47488e-06 1.68261e-05 2.86891e-05 4.70641e-05 7.42536e-05 0.000112242 0.000161269 0.000217465 0.000270545 0.000304343 0.000302975 0.000260923 0.000189814 0.000114172 5.61368e-05 2.26721e-05 7.67183e-06 2.22834e-06 5.64249e-07 1.24647e-07 2.36701e-08 3.71861e-09 4.38124e-10 2.77563e-11 0 
0 7.60642e-14 9.99832e-13 7.14737e-12 3.88224e-11 1.77392e-10 7.122e-10 2.56908e-09 8.43642e-09 2.54435e-08 7.09592e-08 1.84111e-07 4.47023e-07 1.02174e-06 2.21175e-06 4.56186e-06 9.01666e-06 1.71642e-05 3.1587e-05 5.6298e-05 9.70919e-05 0.000161269 0.000255584 0.000381122 0.000526048 0.000661304 0.000742918 0.000722711 0.000581241 0.00036876 0.000179377 6.70388e-05 1.99638e-05 5.03259e-06 1.13111e-06 2.29321e-07 4.08952e-08 6.10332e-09 6.87421e-10 4.18262e-11 0 
0 4.90727e-14 6.41569e-13 4.56786e-12 2.4762e-11 1.13226e-10 4.56419e-10 1.65956e-09 5.51799e-09 1.69353e-08 4.83304e-08 1.29084e-07 3.24674e-07 7.73813e-07 1.75849e-06 3.83365e-06 8.06394e-06 1.64477e-05 3.26509e-05 6.3193e-05 0.000119101 0.000217465 0.000381122 0.000634773 0.00100093 0.001492 0.0020464 0.00240774 0.00223124 0.00152597 0.000744324 0.000257771 6.52726e-05 1.30437e-05 2.3143e-06 3.96739e-07 6.43307e-08 9.05609e-09 9.75385e-10 5.71131e-11 0 
0 2.98043e-14 3.87424e-13 2.74657e-12 1.48568e-11 6.79767e-11 2.75131e-10 1.00849e-09 3.39576e-09 1.06077e-08 3.09814e-08 8.518e-08 2.21891e-07 5.51149e-07 1.31358e-06 3.02246e-06 6.75237e-06 1.47196e-05 3.14263e-05 6.58274e-05 0.000135121 0.000270545 0.000526048 0.00100093 0.0019085 0.00362262 0.00627096 0.00875717 0.0090008 0.00647457 0.00318449 0.00106407 0.00024423 4.02398e-05 5.3271e-06 6.81652e-07 9.27214e-08 1.20413e-08 1.23908e-09 7.00536e-11 0 
0 1.7083e-14 2.20762e-13 1.55826e-12 8.41086e-12 3.85097e-11 1.56509e-10 5.78355e-10 1.97213e-09 6.26949e-09 1.87329e-08 5.29822e-08 1.42782e-07 3.68993e-07 9.20186e-07 2.22773e-06 5.26511e-06 1.22077e-05 2.78704e-05 6.27648e-05 0.000139317 0.000304343 0.000661304 0.001492 0.00362262 0.00875538 0.0179713 0.0276558 0.0298526 0.021939 0.0108374 0.00357819 0.000790662 0.000118927 1.29512e-05 1.21192e-06 1.25e-07 1.42787e-08 1.3962e-09 7.65409e-11 0 
0 9.26017e-15 1.18977e-13 8.36254e-13 4.50456e-12 2.06405e-11 8.42347e-11 3.13785e-10 1.08324e-09 3.50259e-09 1.06966e-08 3.10763e-08 8.64594e-08 2.31814e-07 6.02627e-07 1.52778e-06 3.79753e-06 9.2982e-06 2.25053e-05 5.39424e-05 0.000128063 0.000302975 0.000742918 0.0020464 0.00627096 0.0179713 0.0404966 0.0651516 0.0716696 0.0530135 0.0261901 0.00860431 0.00187499 0.000272232 2.7087e-05 2.05962e-06 1.58126e-07 1.50512e-08 1.38415e-09 7.39349e-11 0 
0 4.75532e-15 6.07564e-14 4.2532e-13 2.28674e-12 1.0487e-11 4.29725e-11 1.61318e-10 5.63452e-10 1.85112e-09 5.7689e-09 1.71776e-08 4.91895e-08 1.36291e-07 3.67492e-07 9.69549e-07 2.51522e-06 6.4432e-06 1.63492e-05 4.11569e-05 0.000102987 0.000260923 0.000722711 0.00240774 0.00875717 0.0276558 0.0651516 0.106728 0.118175 0.0875452 0.043203 0.0141527 0.00306585 0.000438897 4.2044e-05 2.8772e-06 1.77723e-07 1.3935e-08 1.19794e-09 6.27406e-11 0 
0 2.31595e-15 2.94327e-14 2.05261e-13 1.10169e-12 5.05656e-12 2.07993e-11 7.86388e-11 2.77623e-10 9.25284e-10 2.93616e-09 8.93404e-09 2.623e-08 7.47347e-08 2.07739e-07 5.66098e-07 1.51883e-06 4.0262e-06 1.05701e-05 2.75129e-05 7.12745e-05 0.000189814 0.000581241 0.00223124 0.0090008 0.0298526 0.0716696 0.118175 0.131122 0.0971684 0.0479159 0.01567 0.00338464 0.000481607 4.54083e-05 2.96381e-06 1.62236e-07 1.10221e-08 8.97689e-10 4.65456e-11 0 
0 1.07013e-15 1.35318e-14 9.40329e-14 5.03864e-13 2.31421e-12 9.55091e-12 3.63366e-11 1.29478e-10 4.36898e-10 1.40778e-09 4.36146e-09 1.30688e-08 3.80732e-08 1.08346e-07 3.02417e-07 8.3078e-07 2.25196e-06 6.03118e-06 1.59626e-05 4.19488e-05 0.000114172 0.00036876 0.00152597 0.00647457 0.021939 0.0530135 0.0875452 0.0971684 0.0720036 0.0354912 0.0115954 0.00250085 0.00035499 3.32829e-05 2.1375e-06 1.12083e-07 7.21086e-09 5.78104e-10 3.00943e-11 0 
0 4.68888e-16 5.90089e-15 4.08655e-14 2.186e-13 1.00435e-12 4.15589e-12 1.58912e-11 5.70523e-11 1.94429e-10 6.34111e-10 1.99211e-09 6.06122e-09 1.7944e-08 5.18914e-08 1.47061e-07 4.0942e-07 1.12129e-06 3.02115e-06 7.99926e-06 2.08885e-05 5.61368e-05 0.000179377 0.000744324 0.00318449 0.0108374 0.0261901 0.043203 0.0479159 0.0354912 0.017486 0.00570935 0.00123074 0.000174695 1.63978e-05 1.05936e-06 5.68995e-08 3.84068e-09 3.18998e-10 1.69388e-11 0 
0 1.94479e-16 2.43632e-15 1.68152e-14 8.97772e-14 4.12394e-13 1.70927e-12 6.55927e-12 2.36773e-11 8.12675e-11 2.67316e-10 8.47812e-10 2.60531e-09 7.7878e-09 2.27153e-08 6.47976e-08 1.81013e-07 4.95271e-07 1.32557e-06 3.46121e-06 8.82124e-06 2.26721e-05 6.70388e-05 0.000257771 0.00106407 0.00357819 0.00860431 0.0141527 0.01567 0.0115954 0.00570935 0.0018637 0.000402004 5.72178e-05 5.42025e-06 3.6185e-07 2.15228e-08 1.68642e-09 1.5137e-10 8.3059e-12 0 
0 7.61027e-17 9.49094e-16 6.52765e-15 3.47716e-14 1.59573e-13 6.61701e-13 2.54396e-12 9.2116e-12 3.17472e-11 1.04926e-10 3.34427e-10 1.03233e-09 3.09621e-09 9.04324e-09 2.57554e-08 7.15433e-08 1.93637e-07 5.09357e-07 1.29671e-06 3.1844e-06 7.67183e-06 1.99638e-05 6.52726e-05 0.00024423 0.000790662 0.00187499 0.00306585 0.00338464 0.00250085 0.00123074 0.000402004 8.69508e-05 1.24762e-05 1.21199e-06 8.79226e-08 6.45097e-09 6.31265e-10 6.22185e-11 3.55349e-12 0 
0 2.79397e-17 3.46857e-16 2.37662e-15 1.26236e-14 5.78229e-14 2.39552e-13 9.20913e-13 3.33661e-12 1.15106e-11 3.80788e-11 1.21416e-10 3.74514e-10 1.12033e-09 3.25495e-09 9.1884e-09 2.51835e-08 6.68784e-08 1.71467e-07 4.22131e-07 9.91666e-07 2.22834e-06 5.03259e-06 1.30437e-05 4.02398e-05 0.000118927 0.000272232 0.000438897 0.000481607 0.00035499 0.000174695 5.72178e-05 1.24762e-05 1.83052e-06 1.89983e-07 1.66192e-08 1.6914e-09 2.07728e-10 2.2274e-11 1.3275e-12 0 
0 9.53715e-18 1.17834e-16 8.03982e-16 4.25503e-15 1.94317e-14 8.03031e-14 3.08058e-13 1.11392e-12 3.83439e-12 1.26491e-11 4.01741e-11 1.23221e-10 3.65663e-10 1.05062e-09 2.92159e-09 7.85104e-09 2.03293e-08 5.05002e-08 1.19602e-07 2.67938e-07 5.64249e-07 1.13111e-06 2.3143e-06 5.3271e-06 1.29512e-05 2.7087e-05 4.2044e-05 4.54083e-05 3.32829e-05 1.63978e-05 5.42025e-06 1.21199e-06 1.89983e-07 2.34148e-08 2.89101e-09 4.18177e-10 6.05967e-11 6.94585e-12 4.32272e-13 0 
0 2.98268e-18 3.6662e-17 2.48937e-16 1.31153e-15 5.9639e-15 2.45439e-14 9.37567e-14 3.37469e-13 1.15554e-12 3.78779e-12 1.19351e-11 3.62414e-11 1.06187e-10 3.00243e-10 8.18402e-10 2.14587e-09 5.39361e-09 1.29317e-08 2.93807e-08 6.27256e-08 1.24647e-07 2.29321e-07 3.96739e-07 6.81652e-07 1.21192e-06 2.05962e-06 2.8772e-06 2.96381e-06 2.1375e-06 1.05936e-06 3.6185e-07 8.79226e-08 1.66192e-08 2.89101e-09 5.29208e-10 9.68405e-11 1.54839e-11 1.87429e-12 1.21841e-13 0 
0 8.33401e-19 1.01855e-17 6.87732e-17 3.60316e-16 1.6292e-15 6.66535e-15 2.52997e-14 9.04193e-14 3.07088e-13 9.96972e-13 3.10547e-12 9.30033e-12 2.67997e-11 7.42773e-11 1.97707e-10 5.04067e-10 1.22625e-09 2.8317e-09 6.16585e-09 1.25548e-08 2.36701e-08 4.08952e-08 6.43307e-08 9.27214e-08 1.25e-07 1.58126e-07 1.77723e-07 1.62236e-07 1.12083e-07 5.68995e-08 2.15228e-08 6.45097e-09 1.6914e-09 4.18177e-10 9.68405e-11 1.98682e-11 3.3848e-12 4.30281e-13 2.92171e-14 0 
0 1.98389e-19 2.40919e-18 1.61612e-17 8.41022e-17 3.77579e-16 1.53295e-15 5.76974e-15 2.0426e-14 6.86249e-14 2.20022e-13 6.75438e-13 1.98873e-12 5.61836e-12 1.52179e-11 3.94473e-11 9.75729e-11 2.29372e-10 5.09774e-10 1.06417e-09 2.07024e-09 3.71861e-09 6.10332e-09 9.05609e-09 1.20413e-08 1.42787e-08 1.50512e-08 1.3935e-08 1.10221e-08 7.21086e-09 3.84068e-09 1.68642e-09 6.31265e-10 2.07728e-10 6.05967e-11 1.54839e-11 3.3848e-12 6.06876e-13 8.08048e-14 5.7281e-15 0 
0 3.61606e-20 4.35976e-19 2.90265e-18 1.49852e-17 6.67014e-17 2.68276e-16 9.99301e-16 3.49675e-15 1.15941e-14 3.66195e-14 1.1051e-13 3.19097e-13 8.81695e-13 2.32891e-12 5.86863e-12 1.40653e-11 3.19319e-11 6.8319e-11 1.369e-10 2.55057e-10 4.38124e-10 6.87421e-10 9.75385e-10 1.23908e-09 1.3962e-09 1.38415e-09 1.19794e-09 8.97689e-10 5.78104e-10 3.18998e-10 1.5137e-10 6.22185e-11 2.2274e-11 6.94585e-12 1.87429e-12 4.30281e-13 8.08048e-14 1.12451e-14 8.31243e-16 0 
0 3.59149e-21 4.29524e-20 2.83522e-19 1.45026e-18 6.3909e-18 2.54232e-17 9.35527e-17 3.22946e-16 1.05465e-15 3.27476e-15 9.6954e-15 2.74022e-14 7.39267e-14 1.90157e-13 4.65358e-13 1.08019e-12 2.36875e-12 4.8834e-12 9.41005e-12 1.68354e-11 2.77563e-11 4.18262e-11 5.71131e-11 7.00536e-11 7.65409e-11 7.39349e-11 6.27406e-11 4.65456e-11 3.00943e-11 1.69388e-11 8.3059e-12 3.55349e-12 1.3275e-12 4.32272e-13 1.21841e-13 2.92171e-14 5.7281e-15 8.31243e-16 6.39712e-17 0 
0 0 0 0 0 0 0 0 0 0 0 0 0 0 0 0 0 0 0 0 0 0 0 0 0 0 0 0 0 0 0 0 0 0 0 0 0 0 0 0 0 
