0 0 0 0 0 0 0 0 0 0 0 0 0 0 0 0 0 0 0 0 0 0 0 0 0 0 0 0 0 0 0 0 0 0 0 0 0 0 0 0 0 
0 1.81777e-07 1.58567e-06 6.6965e-06 1.89542e-05 4.02171e-05 6.86108e-05 9.95725e-05 0.000128668 0.000153246 0.000172388 0.000186185 0.000195107 0.000199656 0.000200233 0.000197119 0.000190484 0.000180426 0.000167022 0.00015043 0.000131015 0.000109489 8.69899e-05 6.50268e-05 4.5229e-05 2.89507e-05 1.68852e-05 8.90343e-06 4.22306e-06 1.79803e-06 6.87319e-07 2.36235e-07 7.31086e-08 2.03714e-08 5.09502e-09 1.13381e-09 2.20182e-10 3.57773e-11 4.39404e-12 2.91623e-13 0 
0 1.58567e-06 1.39376e-05 5.61102e-05 0.000141622 0.000254386 0.000360747 0.000441853 0.00049893 0.000539944 0.000570798 0.000593958 0.000609825 0.000618144 0.000618811 0.000612192 0.000599124 0.000580704 0.000557927 0.000531194 0.000499811 0.000461748 0.000414087 0.000354566 0.000283989 0.000208082 0.000136603 7.90699e-05 3.99965e-05 1.76567e-05 6.83308e-06 2.3352e-06 7.0981e-07 1.92799e-07 4.68109e-08 1.00943e-08 1.89904e-09 2.99144e-10 3.56631e-11 2.30127e-12 0 
0 6.6965e-06 5.61102e-05 0.000196238 0.000397275 0.00056715 0.000680365 0.000766791 0.000848467 0.00092872 0.00100258 0.00106393 0.00110806 0.00113215 0.00113534 0.00111844 0.00108379 0.00103496 0.00097637 0.000913011 0.000849802 0.000790579 0.000736312 0.000682822 0.000619646 0.000533445 0.000418278 0.000286708 0.000166648 8.11059e-05 3.32051e-05 1.1609e-05 3.52629e-06 9.43327e-07 2.23745e-07 4.69471e-08 8.58168e-09 1.31361e-09 1.52327e-10 9.57488e-12 0 
0 1.89542e-05 0.000141622 0.000397275 0.000635475 0.000795458 0.00094027 0.00110094 0.00127076 0.00143516 0.00158148 0.0017001 0.00178427 0.00183015 0.00183675 0.00180571 0.00174101 0.00164844 0.00153508 0.00140877 0.00127769 0.00115009 0.00103395 0.000935738 0.000856897 0.000787726 0.000703641 0.000576375 0.000404919 0.00023191 0.000106434 3.96867e-05 1.23695e-05 3.31116e-06 7.74676e-07 1.59155e-07 2.83936e-08 4.23794e-09 4.7938e-10 2.94261e-11 0 
0 4.02171e-05 0.000254386 0.00056715 0.000795458 0.00100374 0.00124969 0.00152215 0.00179862 0.0020598 0.00228949 0.0024746 0.00260564 0.00267709 0.0026876 0.00263975 0.00253955 0.00239569 0.00221866 0.00201985 0.00181073 0.00160225 0.0014046 0.00122735 0.00107941 0.000966322 0.000881465 0.000793997 0.000655987 0.000453088 0.000244649 0.000101847 3.36469e-05 9.19653e-06 2.14837e-06 4.35539e-07 7.62454e-08 1.11426e-08 1.23367e-09 7.41681e-11 0 
0 6.86108e-05 0.000360747 0.000680365 0.00094027 0.00124969 0.0016142 0.00200502 0.00239581 0.00276276 0.00308459 0.00334361 0.00352686 0.00362682 0.00364161 0.00357481 0.00343481 0.00323365 0.00298578 0.00270679 0.00241225 0.00211669 0.00183299 0.00157218 0.00134398 0.00115757 0.00101962 0.000922584 0.000825327 0.000662823 0.000425997 0.000204755 7.40028e-05 2.11059e-05 4.98952e-06 1.00663e-06 1.73931e-07 2.49988e-08 2.71898e-09 1.60602e-10 0 
0 9.95725e-05 0.000441853 0.000766791 0.00110094 0.00152215 0.00200502 0.00251663 0.00302613 0.00350372 0.00392233 0.00426025 0.00450313 0.00464014 0.00466119 0.00456863 0.0043803 0.00411601 0.00379301 0.00342978 0.00304583 0.00265967 0.00228744 0.00194242 0.00163515 0.00137445 0.00116887 0.00102373 0.000923317 0.000806037 0.000598973 0.000335107 0.000135434 4.1083e-05 9.95478e-06 2.01512e-06 3.45631e-07 4.90721e-08 5.26234e-09 3.06353e-10 0 
0 0.000128668 0.00049893 0.000848467 0.00127076 0.00179862 0.00239581 0.00302613 0.00365299 0.00424058 0.00476099 0.0052107 0.00558003 0.00580306 0.00583967 0.0056918 0.0053925 0.00501246 0.00459694 0.00414722 0.00367445 0.00319868 0.00273926 0.00231201 0.00192889 0.00159871 0.00132885 0.00112691 0.000992848 0.000889648 0.000728182 0.000466144 0.000212021 6.92589e-05 1.7375e-05 3.55368e-06 6.08117e-07 8.56316e-08 9.08496e-09 5.22851e-10 0 
0 0.000153246 0.000539944 0.00092872 0.00143516 0.0020598 0.00276276 0.00350372 0.00424058 0.00493895 0.0056145 0.00624804 0.00665888 0.00684743 0.00687537 0.00675804 0.00646882 0.00597558 0.00538519 0.00482188 0.00426177 0.00370211 0.00316147 0.00265788 0.0022049 0.0018118 0.00148509 0.0012311 0.00105514 0.000940493 0.00081081 0.000575762 0.000292178 0.000103126 2.69367e-05 5.59351e-06 9.58736e-07 1.34352e-07 1.41448e-08 8.06992e-10 0 
0 0.000172388 0.000570798 0.00100258 0.00158148 0.00228949 0.00308459 0.00392233 0.00476099 0.0056145 0.00646935 0.00700373 0.00727584 0.0074018 0.0074202 0.00733928 0.00714562 0.00679189 0.00618383 0.00544467 0.00477744 0.00414119 0.00352961 0.0029596 0.00244605 0.00199888 0.00162418 0.00132678 0.00111246 0.000975945 0.00085978 0.000655687 0.000364374 0.000138203 3.76036e-05 7.94497e-06 1.36746e-06 1.912e-07 2.00272e-08 1.13547e-09 0 
0 0.000186185 0.000593958 0.00106393 0.0017001 0.0024746 0.00334361 0.00426025 0.0052107 0.00624804 0.00700373 0.00739393 0.00760712 0.0077092 0.00772379 0.00765656 0.00749982 0.00722675 0.00676796 0.00601663 0.00520637 0.00449285 0.00382336 0.00320029 0.00263848 0.00214841 0.00173603 0.00140508 0.00116044 0.00100204 0.000887683 0.00070793 0.000421163 0.000169584 4.78524e-05 1.02808e-05 1.77879e-06 2.48599e-07 2.596e-08 1.46574e-09 0 
0 0.000195107 0.000609825 0.00110806 0.00178427 0.00260564 0.00352686 0.00450313 0.00558003 0.00665888 0.00727584 0.00760712 0.00779475 0.00788587 0.00789849 0.00783723 0.00769654 0.00745713 0.00707081 0.00642107 0.00553667 0.00474127 0.00402797 0.00336765 0.00277212 0.00225216 0.00181368 0.00145974 0.00119423 0.00101916 0.000902074 0.00073801 0.000459577 0.000193291 5.60968e-05 1.22186e-05 2.12464e-06 2.97106e-07 3.09797e-08 1.74503e-09 0 
0 0.000199656 0.000618144 0.00113215 0.00183015 0.00267709 0.00362682 0.00464014 0.00580306 0.00684743 0.0074018 0.0077092 0.00788587 0.00797201 0.00798345 0.00792438 0.00779006 0.00756401 0.00720592 0.00661432 0.0057278 0.00487502 0.00413492 0.0034546 0.00284115 0.00230536 0.0018531 0.00148706 0.00121052 0.00102613 0.000906479 0.000750863 0.000479477 0.000206883 6.10938e-05 1.34274e-05 2.34361e-06 3.28065e-07 3.41992e-08 1.92477e-09 0 
0 0.000200233 0.000618811 0.00113534 0.00183675 0.0026876 0.00364161 0.00466119 0.00583967 0.00687537 0.0074202 0.00772379 0.00789849 0.00798345 0.00799416 0.00793473 0.00780053 0.00757546 0.0072203 0.00663617 0.00574994 0.00488629 0.00414209 0.00345945 0.00284408 0.00230669 0.00185304 0.00148572 0.0012078 0.00102202 0.000902216 0.000749522 0.000481814 0.000209439 6.21974e-05 1.37173e-05 2.39891e-06 3.36192e-07 3.50719e-08 1.9749e-09 0 
0 0.000197119 0.000612192 0.00111844 0.00180571 0.00263975 0.00357481 0.00456863 0.00569179 0.00675804 0.00733928 0.00765656 0.00783723 0.00792438 0.00793473 0.00787262 0.0077329 0.00749779 0.00712349 0.00650064 0.00560509 0.0047787 0.00405376 0.00338564 0.00278352 0.00225798 0.00181471 0.00145635 0.00118619 0.00100659 0.00088943 0.000735054 0.000467654 0.000201299 5.94364e-05 1.30817e-05 2.28811e-06 3.21046e-07 3.35467e-08 1.89244e-09 0 
0 0.000190484 0.000599124 0.00108379 0.00174101 0.00253955 0.00343481 0.0043803 0.0053925 0.00646882 0.00714562 0.00749982 0.00769654 0.00779006 0.00780053 0.0077329 0.00758063 0.00732136 0.0068983 0.0061893 0.00532271 0.00456894 0.00387984 0.00324095 0.00266547 0.00216374 0.00174129 0.00140106 0.00114687 0.000980043 0.000867258 0.000706794 0.000437987 0.000183851 5.34493e-05 1.16872e-05 2.0418e-06 2.86908e-07 3.00598e-08 1.70111e-09 0 
0 0.000180426 0.000580704 0.00103496 0.00164844 0.00239569 0.00323365 0.00411601 0.00501246 0.00597558 0.00679189 0.00722675 0.00745713 0.00756401 0.00757546 0.00749779 0.00732136 0.00701314 0.00648844 0.00570748 0.00495532 0.0042772 0.00363424 0.00303646 0.00249852 0.00203029 0.00163723 0.00132279 0.00109144 0.000942141 0.00083329 0.000662691 0.000394145 0.000159411 4.53227e-05 9.81953e-06 1.71294e-06 2.41253e-07 2.53784e-08 1.44303e-09 0 
0 0.000167022 0.000557927 0.00097637 0.00153508 0.00221866 0.00298578 0.00379301 0.00459694 0.00538519 0.00618383 0.00676796 0.00707081 0.00720592 0.0072203 0.00712349 0.0068983 0.00648844 0.00584756 0.00516542 0.00453556 0.00392261 0.00333331 0.00278528 0.00229271 0.00186491 0.00150741 0.00122443 0.00102075 0.000890729 0.000782708 0.000600133 0.000338659 0.000131093 3.63652e-05 7.8074e-06 1.36154e-06 1.92526e-07 2.03719e-08 1.16605e-09 0 
0 0.00015043 0.000531194 0.000913011 0.00140877 0.00201985 0.00270679 0.00342978 0.00414722 0.00482188 0.00544467 0.00601663 0.00642107 0.00661432 0.00663617 0.00650064 0.0061893 0.00570748 0.00516542 0.00462529 0.00407516 0.003525 0.00299453 0.00250134 0.00205851 0.00167487 0.0013562 0.00110759 0.000932954 0.000819582 0.000708018 0.000517903 0.000276183 0.000102514 2.78532e-05 5.94756e-06 1.04011e-06 1.48048e-07 1.57935e-08 9.11813e-10 0 
0 0.000131015 0.000499811 0.000849802 0.00127769 0.00181073 0.00241225 0.00304583 0.00367445 0.00426177 0.00477744 0.00520637 0.00553667 0.0057278 0.00574994 0.00560509 0.00532271 0.00495532 0.00453556 0.00407516 0.00359124 0.00310478 0.00263517 0.00219824 0.0018059 0.00146657 0.00118645 0.000970865 0.000820885 0.000717051 0.000601725 0.000419603 0.000213841 7.72386e-05 2.07963e-05 4.45023e-06 7.84069e-07 1.12663e-07 1.21387e-08 7.07648e-10 0 
0 0.000109489 0.000461748 0.000790579 0.00115009 0.00160225 0.00211669 0.00265967 0.00319868 0.00370211 0.00414119 0.00449285 0.00474127 0.00487502 0.00488629 0.0047787 0.00456894 0.0042772 0.00392261 0.003525 0.00310478 0.00268123 0.00227119 0.00188845 0.00154373 0.00124512 0.000998789 0.000808683 0.00067255 0.000572122 0.000465345 0.000316878 0.00016004 5.80191e-05 1.57784e-05 3.41553e-06 6.08416e-07 8.8294e-08 9.59703e-09 5.63801e-10 0 
0 8.69899e-05 0.000414087 0.000736312 0.00103395 0.0014046 0.00183299 0.00228744 0.00273926 0.00316147 0.00352961 0.00382336 0.00402797 0.00413492 0.00414209 0.00405376 0.00387984 0.00363424 0.00333331 0.00299453 0.00263517 0.00227119 0.00191654 0.00158291 0.00127997 0.00101586 0.000796663 0.000624255 0.000495515 0.000401926 0.000322369 0.000226992 0.000121121 4.60337e-05 1.2899e-05 2.83745e-06 5.09489e-07 7.42206e-08 8.08103e-09 4.74981e-10 0 
0 6.50268e-05 0.000354566 0.000682822 0.000935738 0.00122735 0.00157218 0.00194242 0.00231201 0.00265788 0.0029596 0.00320029 0.00336765 0.0034546 0.00345945 0.00338564 0.00324095 0.00303646 0.00278528 0.00250134 0.00219824 0.00188845 0.00158291 0.00129147 0.00102493 0.000798065 0.000624955 0.000500481 0.000397412 0.000301205 0.000223926 0.00016309 9.71628e-05 4.03623e-05 1.17936e-05 2.62188e-06 4.69016e-07 6.77205e-08 7.29885e-09 4.24718e-10 0 
0 4.5229e-05 0.000283989 0.000619646 0.000856897 0.00107941 0.00134398 0.00163515 0.00192889 0.0022049 0.00244605 0.00263848 0.00277212 0.00284115 0.00284408 0.00278352 0.00266547 0.00249852 0.00229271 0.00205851 0.0018059 0.00154373 0.00127997 0.00102493 0.000803631 0.000669329 0.000662128 0.000716288 0.000681037 0.000500402 0.00028496 0.000149616 8.45346e-05 3.83257e-05 1.17222e-05 2.60875e-06 4.58824e-07 6.48683e-08 6.85055e-09 3.91346e-10 0 
0 2.89507e-05 0.000208082 0.000533445 0.000787726 0.000966322 0.00115757 0.00137445 0.00159871 0.0018118 0.00199888 0.00214841 0.00225216 0.00230536 0.00230669 0.00225798 0.00216374 0.00203029 0.00186491 0.00167487 0.00146657 0.00124512 0.00101586 0.000798065 0.000669329 0.000786069 0.00123922 0.00193383 0.00230796 0.00141088 0.000716586 0.000265539 9.35414e-05 3.79703e-05 1.18282e-05 2.608e-06 4.47299e-07 6.15669e-08 6.34601e-09 3.54932e-10 0 
0 1.68852e-05 0.000136603 0.000418278 0.000703641 0.000881465 0.00101962 0.00116887 0.00132885 0.00148509 0.00162418 0.00173603 0.00181368 0.0018531 0.00185304 0.00181471 0.00174129 0.00163723 0.00150741 0.0013562 0.00118645 0.000998789 0.000796663 0.000624955 0.000662128 0.00123922 0.00278246 0.004822 0.00501648 0.00403391 0.00165639 0.000559793 0.000142836 4.02586e-05 1.15311e-05 2.46185e-06 4.09451e-07 5.48866e-08 5.53398e-09 3.0382e-10 0 
0 8.90343e-06 7.90699e-05 0.000286708 0.000576375 0.000793997 0.000922584 0.00102373 0.00112691 0.0012311 0.00132678 0.00140508 0.00145974 0.00148706 0.00148572 0.00145635 0.00140106 0.00132279 0.00122443 0.00110759 0.000970865 0.000808683 0.000624255 0.000500481 0.000716288 0.00193383 0.004822 0.00543642 0.00551226 0.00519039 0.00342017 0.000897303 0.00020748 4.39486e-05 1.05334e-05 2.10318e-06 3.37407e-07 4.42378e-08 4.39095e-09 2.38102e-10 0 
0 4.22306e-06 3.99965e-05 0.000166648 0.000404919 0.000655987 0.000825327 0.000923317 0.000992848 0.00105514 0.00111246 0.00116044 0.00119423 0.00121052 0.0012078 0.00118619 0.00114687 0.00109144 0.00102075 0.000932954 0.000820885 0.00067255 0.000495515 0.000397412 0.000681037 0.00230796 0.00501648 0.00551226 0.00557872 0.00532402 0.00404387 0.0009921 0.00022261 4.18638e-05 8.56118e-06 1.5715e-06 2.43284e-07 3.14502e-08 3.10133e-09 1.67491e-10 0 
0 1.79803e-06 1.76567e-05 8.11059e-05 0.00023191 0.000453088 0.000662823 0.000806037 0.000889648 0.000940493 0.000975945 0.00100204 0.00101916 0.00102613 0.00102202 0.00100659 0.000980043 0.000942141 0.000890729 0.000819582 0.000717051 0.000572122 0.000401926 0.000301205 0.000500402 0.00141088 0.00403391 0.00519039 0.00532402 0.00493869 0.00247535 0.0007321 0.000165053 3.06754e-05 5.77937e-06 9.93948e-07 1.50542e-07 1.94325e-08 1.92462e-09 1.0449e-10 0 
0 6.87319e-07 6.83308e-06 3.32051e-05 0.000106434 0.000244649 0.000425997 0.000598973 0.000728182 0.00081081 0.00085978 0.000887683 0.000902074 0.000906479 0.000902216 0.00088943 0.000867258 0.00083329 0.000782708 0.000708018 0.000601725 0.000465345 0.000322369 0.000223926 0.00028496 0.000716586 0.00165639 0.00342017 0.00404387 0.00247535 0.00109908 0.000363736 8.45307e-05 1.66642e-05 3.08903e-06 5.19889e-07 7.90894e-08 1.03593e-08 1.04239e-09 5.74259e-11 0 
0 2.36235e-07 2.3352e-06 1.1609e-05 3.96867e-05 0.000101847 0.000204755 0.000335107 0.000466144 0.000575762 0.000655687 0.00070793 0.00073801 0.000750863 0.000749522 0.000735054 0.000706794 0.000662691 0.000600133 0.000517903 0.000419603 0.000316878 0.000226992 0.00016309 0.000149616 0.000265539 0.000559793 0.000897303 0.0009921 0.0007321 0.000363736 0.000123406 3.13468e-05 6.78704e-06 1.29483e-06 2.2406e-07 3.52423e-08 4.75777e-09 4.91549e-10 2.77149e-11 0 
0 7.31086e-08 7.0981e-07 3.52629e-06 1.23695e-05 3.36469e-05 7.40028e-05 0.000135434 0.000212021 0.000292178 0.000364374 0.000421163 0.000459577 0.000479477 0.000481814 0.000467654 0.000437987 0.000394145 0.000338659 0.000276183 0.000213841 0.00016004 0.000121121 9.71628e-05 8.45346e-05 9.35414e-05 0.000142836 0.00020748 0.00022261 0.000165053 8.45307e-05 3.13468e-05 9.05571e-06 2.13997e-06 4.36739e-07 8.07856e-08 1.34085e-08 1.88697e-09 2.0185e-10 1.17312e-11 0 
0 2.03714e-08 1.92799e-07 9.43327e-07 3.31116e-06 9.19653e-06 2.11059e-05 4.1083e-05 6.92589e-05 0.000103126 0.000138203 0.000169584 0.000193291 0.000206883 0.000209439 0.000201299 0.000183851 0.000159411 0.000131093 0.000102514 7.72386e-05 5.80191e-05 4.60337e-05 4.03623e-05 3.83257e-05 3.79703e-05 4.02586e-05 4.39486e-05 4.18638e-05 3.06754e-05 1.66642e-05 6.78704e-06 2.13997e-06 5.51899e-07 1.23939e-07 2.49008e-08 4.39345e-09 6.48405e-10 7.22308e-11 4.35064e-12 0 
0 5.09502e-09 4.68109e-08 2.23745e-07 7.74676e-07 2.14837e-06 4.98952e-06 9.95478e-06 1.7375e-05 2.69367e-05 3.76036e-05 4.78524e-05 5.60968e-05 6.10938e-05 6.21974e-05 5.94364e-05 5.34493e-05 4.53227e-05 3.63652e-05 2.78532e-05 2.07963e-05 1.57784e-05 1.2899e-05 1.17936e-05 1.17222e-05 1.18282e-05 1.15311e-05 1.05334e-05 8.56118e-06 5.77937e-06 3.08903e-06 1.29483e-06 4.36739e-07 1.23939e-07 3.06494e-08 6.65285e-09 1.24598e-09 1.9328e-10 2.25001e-11 1.40971e-12 0 
0 1.13381e-09 1.00943e-08 4.69471e-08 1.59155e-07 4.35539e-07 1.00663e-06 2.01512e-06 3.55368e-06 5.59351e-06 7.94497e-06 1.02808e-05 1.22186e-05 1.34274e-05 1.37173e-05 1.30817e-05 1.16872e-05 9.81953e-06 7.8074e-06 5.94756e-06 4.45023e-06 3.41553e-06 2.83745e-06 2.62188e-06 2.60875e-06 2.608e-06 2.46185e-06 2.10318e-06 1.5715e-06 9.93948e-07 5.19889e-07 2.2406e-07 8.07856e-08 2.49008e-08 6.65285e-09 1.54114e-09 3.05196e-10 4.97736e-11 6.0648e-12 3.96083e-13 0 
0 2.20182e-10 1.89904e-09 8.58168e-09 2.83936e-08 7.62454e-08 1.73931e-07 3.45631e-07 6.08117e-07 9.58736e-07 1.36746e-06 1.77879e-06 2.12464e-06 2.34361e-06 2.39891e-06 2.28811e-06 2.0418e-06 1.71294e-06 1.36154e-06 1.04011e-06 7.84069e-07 6.08416e-07 5.09489e-07 4.69016e-07 4.58824e-07 4.47299e-07 4.09451e-07 3.37407e-07 2.43284e-07 1.50542e-07 7.90894e-08 3.52423e-08 1.34085e-08 4.39345e-09 1.24598e-09 3.05196e-10 6.36862e-11 1.09096e-11 1.39159e-12 9.48078e-14 0 
0 3.57773e-11 2.99144e-10 1.31361e-09 4.23794e-09 1.11426e-08 2.49988e-08 4.90721e-08 8.56316e-08 1.34352e-07 1.912e-07 2.48599e-07 2.97106e-07 3.28065e-07 3.36192e-07 3.21046e-07 2.86908e-07 2.41253e-07 1.92526e-07 1.48048e-07 1.12663e-07 8.8294e-08 7.42206e-08 6.77205e-08 6.48683e-08 6.15669e-08 5.48866e-08 4.42378e-08 3.14502e-08 1.94325e-08 1.03593e-08 4.75777e-09 1.88697e-09 6.48405e-10 1.9328e-10 4.97736e-11 1.09096e-11 1.9594e-12 2.614e-13 1.85732e-14 0 
0 4.39404e-12 3.56631e-11 1.52327e-10 4.7938e-10 1.23367e-09 2.71898e-09 5.26234e-09 9.08496e-09 1.41448e-08 2.00272e-08 2.596e-08 3.09797e-08 3.41992e-08 3.50719e-08 3.35467e-08 3.00598e-08 2.53784e-08 2.03719e-08 1.57935e-08 1.21387e-08 9.59703e-09 8.08103e-09 7.29885e-09 6.85055e-09 6.34601e-09 5.53398e-09 4.39095e-09 3.10133e-09 1.92462e-09 1.04239e-09 4.91549e-10 2.0185e-10 7.22308e-11 2.25001e-11 6.0648e-12 1.39159e-12 2.614e-13 3.64109e-14 2.69542e-15 0 
0 2.91623e-13 2.30127e-12 9.57488e-12 2.94261e-11 7.41681e-11 1.60602e-10 3.06353e-10 5.22851e-10 8.06992e-10 1.13547e-09 1.46574e-09 1.74503e-09 1.92477e-09 1.9749e-09 1.89244e-09 1.70111e-09 1.44303e-09 1.16605e-09 9.11813e-10 7.07648e-10 5.63801e-10 4.74981e-10 4.24718e-10 3.91346e-10 3.54932e-10 3.0382e-10 2.38102e-10 1.67491e-10 1.0449e-10 5.74259e-11 2.77149e-11 1.17312e-11 4.35064e-12 1.40971e-12 3.96083e-13 9.48078e-14 1.85732e-14 2.69542e-15 2.07577e-16 0 
0 0 0 0 0 0 0 0 0 0 0 0 0 0 0 0 0 0 0 0 0 0 0 0 0 0 0 0 0 0 0 0 0 0 0 0 0 0 0 0 0 
