0 0 0 0 0 0 0 0 0 0 0 0 0 0 0 0 0 0 0 0 0 0 0 0 0 0 0 0 0 0 0 0 0 0 0 0 0 0 0 0 0 
0 1.72094e-07 1.55153e-06 6.99224e-06 2.18227e-05 5.22932e-05 0.000101691 0.000167361 0.000241622 0.000315315 0.000380833 0.000433218 0.000469887 0.000489922 0.000493449 0.000481262 0.000454657 0.000415433 0.000365972 0.000309346 0.000249323 0.000190162 0.000136102 9.06111e-05 5.56477e-05 3.13012e-05 1.60413e-05 7.46746e-06 3.15471e-06 1.21031e-06 4.22308e-07 1.34216e-07 3.88768e-08 1.02505e-08 2.44923e-09 5.2499e-10 9.88862e-11 1.56753e-11 1.88704e-12 1.23229e-13 0 
0 1.55153e-06 1.44048e-05 6.49297e-05 0.000194472 0.000428535 0.000743125 0.00107867 0.00138373 0.00163511 0.0018298 0.0019719 0.00206581 0.00211477 0.00212136 0.00208814 0.00201777 0.00191277 0.00177497 0.0016055 0.00140558 0.00117877 0.000934229 0.000688727 0.000464658 0.000282799 0.000153698 7.42461e-05 3.1895e-05 1.2236e-05 4.21634e-06 1.31218e-06 3.70235e-07 9.48147e-08 2.19766e-08 4.56909e-09 8.35268e-10 1.28645e-10 1.50677e-11 9.58818e-13 0 
0 6.99224e-06 6.49297e-05 0.000277501 0.000738198 0.00137892 0.00201866 0.00255676 0.00299645 0.00336425 0.00367102 0.00391348 0.0040838 0.00417592 0.00418826 0.00412433 0.00399219 0.00380326 0.00357039 0.00330529 0.00301511 0.00269917 0.00234808 0.00195005 0.00150705 0.00105209 0.000645825 0.000342639 0.000156452 6.1898e-05 2.14845e-05 6.627e-06 1.83481e-06 4.58504e-07 1.03417e-07 2.09033e-08 3.71575e-09 5.56959e-10 6.35679e-11 3.94754e-12 0 
0 2.18227e-05 0.000194472 0.000738198 0.00163608 0.00255577 0.00333472 0.00402931 0.00468849 0.00530501 0.00584849 0.00628787 0.0065994 0.00676918 0.00679358 0.00667875 0.00643933 0.00609667 0.00567663 0.00520726 0.00471602 0.00422591 0.00374906 0.00327777 0.00277968 0.00221464 0.00158455 0.000973312 0.000499028 0.000212857 7.67334e-05 2.39147e-05 6.57384e-06 1.61477e-06 3.56172e-07 7.02432e-08 1.21762e-08 1.78053e-09 1.98451e-10 1.20502e-11 0 
0 5.22932e-05 0.000428535 0.00137892 0.00255577 0.003605 0.00460267 0.00562725 0.00665232 0.00761867 0.00846828 0.00915298 0.00963765 0.00990194 0.00994081 0.00976383 0.00939321 0.0088611 0.00820629 0.00747089 0.00669717 0.0059249 0.00518848 0.00451155 0.0038945 0.00329665 0.00264019 0.00188378 0.00112373 0.000540282 0.000209907 6.77734e-05 1.87846e-05 4.57897e-06 9.93884e-07 1.92114e-07 3.25898e-08 4.66297e-09 5.08835e-10 3.02809e-11 0 
0 0.000101691 0.000743125 0.00201866 0.00333472 0.00460267 0.00596889 0.007416 0.00886153 0.0102188 0.0114092 0.0123672 0.0130449 0.0134144 0.0134691 0.0132222 0.0127045 0.0119605 0.0110437 0.0100118 0.00892234 0.00782911 0.00677945 0.00581245 0.00495512 0.00420844 0.00351885 0.00277295 0.0019057 0.00105677 0.000457125 0.000157033 4.46623e-05 1.09219e-05 2.34931e-06 4.4732e-07 7.45508e-08 1.04712e-08 1.1219e-09 6.55997e-11 0 
0 0.000167361 0.00107867 0.00255676 0.00402931 0.00562725 0.007416 0.00930844 0.0111929 0.0129594 0.0145073 0.0157523 0.0166325 0.0171123 0.0171829 0.0168618 0.0161889 0.0152217 0.0140293 0.012686 0.0112658 0.00983749 0.00846069 0.00718437 0.00604602 0.0050684 0.0042413 0.00348083 0.00263531 0.00166857 0.00081648 0.000304949 9.05041e-05 2.24472e-05 4.81909e-06 9.08445e-07 1.4934e-07 2.06607e-08 2.17985e-09 1.25567e-10 0 
0 0.000241622 0.00138373 0.00299645 0.00468849 0.00665232 0.00886153 0.0111929 0.0135115 0.0156835 0.0175856 0.0191151 0.0201965 0.020786 0.020872 0.0204757 0.0196471 0.0184574 0.016991 0.0153388 0.0135909 0.0118312 0.0101319 0.00855158 0.00713429 0.00591027 0.00489072 0.00403703 0.00321038 0.00224564 0.00123634 0.000507454 0.000159141 4.04072e-05 8.71368e-06 1.63391e-06 2.65948e-07 3.63587e-08 3.78861e-09 2.15563e-10 0 
0 0.000315315 0.00163511 0.00336425 0.00530501 0.00761867 0.0102188 0.0129594 0.0156835 0.0182342 0.0204676 0.022265 0.0235399 0.0242375 0.0243384 0.0238663 0.0228847 0.0214819 0.0197576 0.0178162 0.0157622 0.0136932 0.0116936 0.00983088 0.00815537 0.00670084 0.00548561 0.00449773 0.00364051 0.00271198 0.00164538 0.000740593 0.000246833 6.45569e-05 1.40523e-05 2.63126e-06 4.25483e-07 5.7657e-08 5.95e-09 3.35249e-10 0 
0 0.000380833 0.0018298 0.00367102 0.00584849 0.00846828 0.0114092 0.0145073 0.0175856 0.0204676 0.0229933 0.0250323 0.0264825 0.0272741 0.0273867 0.0268484 0.0257276 0.0241293 0.0221732 0.0199771 0.0176555 0.0153167 0.0130552 0.0109469 0.00904735 0.00739327 0.00600497 0.00488198 0.00396164 0.00305538 0.00199046 0.000970485 0.000343137 9.26308e-05 2.04098e-05 3.82719e-06 6.16523e-07 8.30306e-08 8.50761e-09 4.7584e-10 0 
0 0.000433218 0.0019719 0.00391348 0.00628787 0.00915298 0.0123672 0.0157523 0.0191151 0.022265 0.0250323 0.0272646 0.0288278 0.0296577 0.0297707 0.0292047 0.028004 0.0262586 0.0241105 0.0217049 0.0191675 0.0166125 0.0141416 0.0118371 0.00975911 0.00794644 0.00642016 0.00518387 0.00419532 0.00329151 0.00224854 0.00116669 0.000434032 0.00012067 2.69267e-05 5.06474e-06 8.14508e-07 1.09269e-07 1.11422e-08 6.20019e-10 0 
0 0.000469887 0.00206581 0.0040838 0.0065994 0.00963765 0.0130449 0.0166325 0.0201965 0.0235399 0.0264825 0.0288278 0.0304139 0.0312249 0.0313286 0.0307706 0.0295635 0.0277514 0.0254741 0.0229151 0.0202229 0.0175156 0.0148979 0.0124562 0.0102534 0.00833022 0.00670784 0.00539109 0.00434834 0.00343785 0.00241728 0.00130947 0.000506176 0.000144101 3.25126e-05 6.13735e-06 9.86814e-07 1.32124e-07 1.3436e-08 7.45401e-10 0 
0 0.000489922 0.00211477 0.00417592 0.00676918 0.00990194 0.0134144 0.0171123 0.020786 0.0242375 0.0272741 0.0296577 0.0312249 0.0320081 0.0321024 0.0315553 0.0303644 0.0285402 0.0262021 0.0235573 0.0207789 0.0179892 0.0152928 0.0127777 0.0105087 0.008527 0.00685381 0.00549417 0.00442129 0.00350618 0.0025027 0.00138975 0.000550041 0.000159038 3.61676e-05 6.84938e-06 1.10221e-06 1.47527e-07 1.49897e-08 8.30746e-10 0 
0 0.000493449 0.00212136 0.00418826 0.00679358 0.00994081 0.0134691 0.0171829 0.020872 0.0243384 0.0273867 0.0297707 0.0313286 0.0321024 0.0321912 0.0316423 0.0304519 0.0286252 0.0262766 0.0236174 0.0208261 0.0180252 0.0153191 0.0127957 0.0105196 0.00853189 0.00685363 0.00548968 0.00441448 0.0035034 0.00251181 0.00140603 0.000561201 0.000163296 3.72847e-05 7.07818e-06 1.14085e-06 1.52881e-07 1.55495e-08 8.62597e-10 0 
0 0.000481262 0.00208814 0.00412433 0.00667875 0.00976383 0.0132222 0.0168618 0.0204757 0.0238663 0.0268484 0.0292047 0.0307706 0.0315553 0.0316423 0.0310788 0.0298694 0.0280413 0.0257259 0.0231211 0.0203874 0.0176434 0.014993 0.0125227 0.0102956 0.00835175 0.00671181 0.00538031 0.0043301 0.00343339 0.00245003 0.00136156 0.000540309 0.000156831 3.58174e-05 6.81151e-06 1.10059e-06 1.47901e-07 1.5088e-08 8.39596e-10 0 
0 0.000454657 0.00201777 0.00399219 0.00643933 0.00939321 0.0127045 0.0161889 0.0196471 0.0228847 0.0257276 0.028004 0.0295635 0.0303644 0.0304519 0.0298694 0.0286444 0.0268457 0.0246187 0.0221297 0.0195142 0.016887 0.0143503 0.0119875 0.00985897 0.00800315 0.00644004 0.00517356 0.00417186 0.00329771 0.00232121 0.00126332 0.000492472 0.000141607 3.22654e-05 6.14709e-06 9.97081e-07 1.34646e-07 1.38098e-08 7.72811e-10 0 
0 0.000415433 0.00191277 0.00380326 0.00609667 0.0088611 0.0119605 0.0152217 0.0184574 0.0214819 0.0241293 0.0262586 0.0277514 0.0285402 0.0286252 0.0280413 0.0268457 0.0251387 0.0230554 0.0207288 0.0182792 0.0158176 0.0134422 0.0112311 0.00924146 0.00750953 0.00605463 0.00487924 0.00394292 0.00309544 0.0021293 0.00112235 0.000426362 0.000121025 2.7506e-05 5.25826e-06 8.58367e-07 1.16823e-07 1.2084e-08 6.82224e-10 0 
0 0.000365972 0.00177497 0.00357039 0.00567663 0.00820629 0.0110437 0.0140293 0.016991 0.0197576 0.0221732 0.0241105 0.0254741 0.0262021 0.0262766 0.0257259 0.0246187 0.0230554 0.0211499 0.0190168 0.016768 0.0145086 0.0123291 0.0103021 0.00848022 0.00689774 0.00557318 0.00450594 0.00364283 0.0028235 0.00188186 0.000954816 0.000352988 9.91105e-05 2.2549e-05 4.34332e-06 7.16602e-07 9.87066e-08 1.03386e-08 5.91055e-10 0 
0 0.000309346 0.0016055 0.00330529 0.00520726 0.00747089 0.0100118 0.012686 0.0153388 0.0178162 0.0199771 0.0217049 0.0229151 0.0235573 0.0236174 0.0231211 0.0221297 0.0207288 0.0190168 0.017097 0.0150724 0.0130381 0.0110761 0.00925189 0.00761395 0.00619449 0.00501083 0.00405668 0.00326509 0.0024801 0.00159524 0.000782156 0.000284013 7.96797e-05 1.83086e-05 3.57945e-06 6.0049e-07 8.41213e-08 8.95637e-09 5.20024e-10 0 
0 0.000249323 0.00140558 0.00301511 0.00471602 0.00669717 0.00892234 0.0112658 0.0135909 0.0157622 0.0176555 0.0191675 0.0202229 0.0207789 0.0208261 0.0203874 0.0195142 0.0182792 0.016768 0.0150724 0.0132832 0.0114838 0.00974689 0.00813078 0.00667947 0.00542303 0.00437629 0.00352572 0.00280012 0.00207424 0.00129875 0.000628748 0.000229813 6.57221e-05 1.54629e-05 3.09496e-06 5.30513e-07 7.575e-08 8.2001e-09 4.82943e-10 0 
0 0.000190162 0.00117877 0.00269917 0.00422591 0.0059249 0.00782911 0.00983749 0.0118312 0.0136932 0.0153167 0.0166125 0.0175156 0.0179892 0.0180252 0.0176434 0.016887 0.0158176 0.0145086 0.0130381 0.0114838 0.00991726 0.0084006 0.00698488 0.00570936 0.00460119 0.00367169 0.00290626 0.00225396 0.00163934 0.0010315 0.000515961 0.00019762 5.91058e-05 1.44095e-05 2.96012e-06 5.16882e-07 7.47722e-08 8.1675e-09 4.83901e-10 0 
0 0.000136102 0.000934229 0.00234808 0.00374906 0.00518848 0.00677945 0.00846069 0.0101319 0.0116936 0.0130552 0.0141416 0.0148979 0.0152928 0.0153191 0.014993 0.0143503 0.0134422 0.0123291 0.0110761 0.00974689 0.0084006 0.0070888 0.00585451 0.00473233 0.00374869 0.00291985 0.00224554 0.0017021 0.00124446 0.000826139 0.000452353 0.000189544 6.04059e-05 1.52536e-05 3.18275e-06 5.58193e-07 8.06161e-08 8.76321e-09 5.15769e-10 0 
0 9.06111e-05 0.000688727 0.00195005 0.00327777 0.00451155 0.00581245 0.00718437 0.00855158 0.00983088 0.0109469 0.0118371 0.0124562 0.0127777 0.0127957 0.0125227 0.0119875 0.0112311 0.0103021 0.00925189 0.00813078 0.00698488 0.00585451 0.00477533 0.00378619 0.00294268 0.00230009 0.00183817 0.00145035 0.00107082 0.000725432 0.000431547 0.000200879 6.85323e-05 1.77274e-05 3.69128e-06 6.38815e-07 9.06987e-08 9.68636e-09 5.60415e-10 0 
0 5.56477e-05 0.000464658 0.00150705 0.00277968 0.0038945 0.00495512 0.00604602 0.00713429 0.00815537 0.00904735 0.00975911 0.0102534 0.0105087 0.0105196 0.0102956 0.00985897 0.00924146 0.00848022 0.00761395 0.00667947 0.00570936 0.00473233 0.00378619 0.00296673 0.00247301 0.00244848 0.00264924 0.00251887 0.00185022 0.00104723 0.000512301 0.000230008 8.10918e-05 2.11006e-05 4.31164e-06 7.26613e-07 1.00446e-07 1.0466e-08 5.92224e-10 0 
0 3.13012e-05 0.000282799 0.00105209 0.00221464 0.00329665 0.00420844 0.0050684 0.00591027 0.00670084 0.00739327 0.00794644 0.00833022 0.008527 0.00853189 0.00835175 0.00800315 0.00750953 0.00689774 0.00619449 0.00542303 0.00460119 0.00374869 0.00294268 0.00247301 0.00290737 0.0045836 0.00661374 0.00705661 0.00520712 0.00265046 0.000979175 0.000316392 9.80309e-05 2.43932e-05 4.78596e-06 7.77795e-07 1.04317e-07 1.05941e-08 5.86366e-10 0 
0 1.60413e-05 0.000153698 0.000645825 0.00158455 0.00264019 0.00351885 0.0042413 0.00489072 0.00548561 0.00600497 0.00642016 0.00670784 0.00685381 0.00685363 0.00671181 0.00644004 0.00605463 0.00557318 0.00501083 0.00437629 0.00367169 0.00291985 0.00230009 0.00244848 0.0045836 0.00951335 0.0159951 0.0182985 0.0124159 0.00611618 0.00207048 0.00052125 0.000122774 2.67171e-05 4.86199e-06 7.54125e-07 9.81567e-08 9.74994e-09 5.29952e-10 0 
0 7.46746e-06 7.42461e-05 0.000342639 0.000973312 0.00188378 0.00277295 0.00348083 0.00403703 0.00449773 0.00488198 0.00518387 0.00539109 0.00549417 0.00548968 0.00538031 0.00517356 0.00487924 0.00450594 0.00405668 0.00352572 0.00290626 0.00224554 0.00183817 0.00264924 0.00661374 0.0159951 0.0238714 0.0247962 0.0212476 0.0101594 0.00331873 0.000765601 0.000146953 2.68109e-05 4.39121e-06 6.44771e-07 8.17359e-08 7.99455e-09 4.29591e-10 0 
0 3.15471e-06 3.1895e-05 0.000156452 0.000499028 0.00112373 0.0019057 0.00263531 0.00321038 0.00364051 0.00396164 0.00419532 0.00434834 0.00442129 0.00441448 0.0043301 0.00417186 0.00394292 0.00364283 0.00326509 0.00280012 0.00225396 0.0017021 0.00145035 0.00251887 0.00705661 0.0182985 0.0247962 0.0255437 0.0230684 0.0117254 0.00365508 0.000822355 0.000144152 2.30017e-05 3.40578e-06 4.75822e-07 5.92732e-08 5.76277e-09 3.0874e-10 0 
0 1.21031e-06 1.2236e-05 6.1898e-05 0.000212857 0.000540282 0.00105677 0.00166857 0.00224564 0.00271198 0.00305538 0.00329151 0.00343785 0.00350618 0.0035034 0.00343339 0.00329771 0.00309544 0.0028235 0.0024801 0.00207424 0.00163934 0.00124446 0.00107082 0.00185022 0.00520712 0.0124159 0.0212476 0.0230684 0.0173216 0.00822775 0.00270786 0.000608915 0.000104723 1.56549e-05 2.18399e-06 2.97825e-07 3.70502e-08 3.62233e-09 1.95309e-10 0 
0 4.22308e-07 4.21634e-06 2.14845e-05 7.67334e-05 0.000209907 0.000457125 0.00081648 0.00123634 0.00164538 0.00199046 0.00224854 0.00241728 0.0025027 0.00251181 0.00245003 0.00232121 0.0021293 0.00188186 0.00159524 0.00129875 0.0010315 0.000826139 0.000725432 0.00104723 0.00265046 0.00611618 0.0101594 0.0117254 0.00822775 0.00406525 0.00134524 0.000308966 5.44586e-05 8.09822e-06 1.13036e-06 1.56623e-07 1.98692e-08 1.97777e-09 1.08334e-10 0 
0 1.34216e-07 1.31218e-06 6.627e-06 2.39147e-05 6.77734e-05 0.000157033 0.000304949 0.000507454 0.000740593 0.000970485 0.00116669 0.00130947 0.00138975 0.00140603 0.00136156 0.00126332 0.00112235 0.000954816 0.000782156 0.000628748 0.000515961 0.000452353 0.000431547 0.000512301 0.000979175 0.00207048 0.00331873 0.00365508 0.00270786 0.00134524 0.000454396 0.000109798 2.03838e-05 3.18319e-06 4.73429e-07 6.93696e-08 9.14776e-09 9.37407e-10 5.26097e-11 0 
0 3.88768e-08 3.70235e-07 1.83481e-06 6.57384e-06 1.87846e-05 4.46623e-05 9.05041e-05 0.000159141 0.000246833 0.000343137 0.000434032 0.000506176 0.000550041 0.000561201 0.000540309 0.000492472 0.000426362 0.000352988 0.000284013 0.000229813 0.00019762 0.000189544 0.000200879 0.000230008 0.000316392 0.00052125 0.000765601 0.000822355 0.000608915 0.000308966 0.000109798 2.84205e-05 5.70144e-06 9.90039e-07 1.64878e-07 2.61772e-08 3.63073e-09 3.86185e-10 2.23627e-11 0 
0 1.02505e-08 9.48147e-08 4.58504e-07 1.61477e-06 4.57897e-06 1.09219e-05 2.24472e-05 4.04072e-05 6.45569e-05 9.26308e-05 0.00012067 0.000144101 0.000159038 0.000163296 0.000156831 0.000141607 0.000121025 9.91105e-05 7.96797e-05 6.57221e-05 5.91058e-05 6.04059e-05 6.85323e-05 8.10918e-05 9.80309e-05 0.000122774 0.000146953 0.000144152 0.000104723 5.44586e-05 2.03838e-05 5.70144e-06 1.28935e-06 2.60505e-07 4.93934e-08 8.52135e-09 1.2478e-09 1.38477e-10 8.31712e-12 0 
0 2.44923e-09 2.19766e-08 1.03417e-07 3.56172e-07 9.93884e-07 2.34931e-06 4.81909e-06 8.71368e-06 1.40523e-05 2.04098e-05 2.69267e-05 3.25126e-05 3.61676e-05 3.72847e-05 3.58174e-05 3.22654e-05 2.7506e-05 2.2549e-05 1.83086e-05 1.54629e-05 1.44095e-05 1.52536e-05 1.77274e-05 2.11006e-05 2.43932e-05 2.67171e-05 2.68109e-05 2.30017e-05 1.56549e-05 8.09822e-06 3.18319e-06 9.90039e-07 2.60505e-07 6.12444e-08 1.29753e-08 2.40741e-09 3.7196e-10 4.31901e-11 2.70002e-12 0 
0 5.2499e-10 4.56909e-09 2.09033e-08 7.02432e-08 1.92114e-07 4.4732e-07 9.08445e-07 1.63391e-06 2.63126e-06 3.82719e-06 5.06474e-06 6.13735e-06 6.84938e-06 7.07818e-06 6.81151e-06 6.14709e-06 5.25826e-06 4.34332e-06 3.57945e-06 3.09496e-06 2.96012e-06 3.18275e-06 3.69128e-06 4.31164e-06 4.78596e-06 4.86199e-06 4.39121e-06 3.40578e-06 2.18399e-06 1.13036e-06 4.73429e-07 1.64878e-07 4.93934e-08 1.29753e-08 2.98218e-09 5.88495e-10 9.5775e-11 1.16495e-11 7.59517e-13 0 
0 9.88862e-11 8.35268e-10 3.71575e-09 1.21762e-08 3.25898e-08 7.45508e-08 1.4934e-07 2.65948e-07 4.25483e-07 6.16523e-07 8.14508e-07 9.86814e-07 1.10221e-06 1.14085e-06 1.10059e-06 9.97081e-07 8.58367e-07 7.16602e-07 6.0049e-07 5.30513e-07 5.16882e-07 5.58193e-07 6.38815e-07 7.26613e-07 7.77795e-07 7.54125e-07 6.44771e-07 4.75822e-07 2.97825e-07 1.56623e-07 6.93696e-08 2.61772e-08 8.52135e-09 2.40741e-09 5.88495e-10 1.22645e-10 2.09853e-11 2.67364e-12 1.81921e-13 0 
0 1.56753e-11 1.28645e-10 5.56959e-10 1.78053e-09 4.66297e-09 1.04712e-08 2.06607e-08 3.63587e-08 5.7657e-08 8.30306e-08 1.09269e-07 1.32124e-07 1.47527e-07 1.52881e-07 1.47901e-07 1.34646e-07 1.16823e-07 9.87066e-08 8.41213e-08 7.575e-08 7.47722e-08 8.06161e-08 9.06987e-08 1.00446e-07 1.04317e-07 9.81567e-08 8.17359e-08 5.92732e-08 3.70502e-08 1.98692e-08 9.14776e-09 3.63073e-09 1.2478e-09 3.7196e-10 9.5775e-11 2.09853e-11 3.76694e-12 5.02166e-13 3.56483e-14 0 
0 1.88704e-12 1.50677e-11 6.35679e-11 1.98451e-10 5.08835e-10 1.1219e-09 2.17985e-09 3.78861e-09 5.95e-09 8.50761e-09 1.11422e-08 1.3436e-08 1.49897e-08 1.55495e-08 1.5088e-08 1.38098e-08 1.2084e-08 1.03386e-08 8.95637e-09 8.2001e-09 8.1675e-09 8.76321e-09 9.68636e-09 1.0466e-08 1.05941e-08 9.74994e-09 7.99455e-09 5.76277e-09 3.62233e-09 1.97777e-09 9.37407e-10 3.86185e-10 1.38477e-10 4.31901e-11 1.16495e-11 2.67364e-12 5.02166e-13 6.99219e-14 5.17322e-15 0 
0 1.23229e-13 9.58818e-13 3.94754e-12 1.20502e-11 3.02809e-11 6.55997e-11 1.25567e-10 2.15563e-10 3.35249e-10 4.7584e-10 6.20019e-10 7.45401e-10 8.30746e-10 8.62597e-10 8.39596e-10 7.72811e-10 6.82224e-10 5.91055e-10 5.20024e-10 4.82943e-10 4.83901e-10 5.15769e-10 5.60415e-10 5.92224e-10 5.86366e-10 5.29952e-10 4.29591e-10 3.0874e-10 1.95309e-10 1.08334e-10 5.26097e-11 2.23627e-11 8.31712e-12 2.70002e-12 7.59517e-13 1.81921e-13 3.56483e-14 5.17322e-15 3.98285e-16 0 
0 0 0 0 0 0 0 0 0 0 0 0 0 0 0 0 0 0 0 0 0 0 0 0 0 0 0 0 0 0 0 0 0 0 0 0 0 0 0 0 0 
