0 0 0 0 0 0 0 0 0 0 0 0 0 0 0 0 0 0 0 0 0 0 0 0 0 0 0 0 0 0 0 0 0 0 0 0 0 0 0 0 0 
0 2.0035e-07 1.77125e-06 7.67909e-06 2.25985e-05 5.02869e-05 9.02026e-05 0.000137241 0.00018476 0.000227519 0.000262611 0.000288978 0.000306589 0.000315838 0.000317226 0.000311236 0.000298318 0.000278932 0.000253645 0.000223283 0.000189096 0.000152874 0.000116913 8.37395e-05 5.55985e-05 3.38871e-05 1.88048e-05 9.44478e-06 4.2795e-06 1.74798e-06 6.4422e-07 2.1458e-07 6.46714e-08 1.76276e-08 4.32952e-09 9.4931e-10 1.82156e-10 2.93143e-11 3.5725e-12 2.3563e-13 0 
0 1.77125e-06 1.59238e-05 6.71214e-05 0.00018136 0.000352554 0.000539046 0.000702141 0.000829198 0.000924713 0.000996215 0.00104846 0.00108337 0.00110154 0.00110341 0.00108988 0.00106234 0.00102237 0.000971205 0.000909054 0.000834711 0.000745828 0.000640456 0.000519837 0.000391136 0.000267462 0.000163389 8.8132e-05 4.17723e-05 1.74231e-05 6.43098e-06 2.11532e-06 6.2377e-07 1.6544e-07 3.94267e-08 8.37929e-09 1.55865e-09 2.43374e-10 2.88165e-11 1.84956e-12 0 
0 7.67909e-06 6.71214e-05 0.000254514 0.000572883 0.000902922 0.00116032 0.00135767 0.00152804 0.00168411 0.00182289 0.00193647 0.00201764 0.00206186 0.00206772 0.00203678 0.00197323 0.00188332 0.00177466 0.00165532 0.00153242 0.00141 0.00128624 0.0011514 0.00099016 0.000792299 0.000568352 0.000353565 0.000186907 8.36417e-05 3.19831e-05 1.06123e-05 3.10133e-06 8.06584e-07 1.87417e-07 3.87359e-08 7.00239e-09 1.06306e-09 1.22517e-10 7.66545e-12 0 
0 2.25985e-05 0.00018136 0.000572883 0.0010333 0.00139333 0.00169598 0.00200173 0.00231449 0.0026148 0.00288159 0.00309776 0.00325114 0.00333475 0.00334677 0.00329021 0.00317231 0.00300362 0.00279702 0.0025667 0.00232729 0.00209296 0.00187587 0.00168263 0.00150755 0.00132595 0.00110051 0.000814426 0.000508463 0.000259192 0.000107701 3.72336e-05 1.1001e-05 2.83952e-06 6.48154e-07 1.3094e-07 2.30899e-08 3.41839e-09 3.84452e-10 2.35011e-11 0 
0 5.02869e-05 0.000352554 0.000902922 0.00139333 0.00181667 0.00227536 0.00277335 0.00327729 0.0037532 0.00417172 0.00450902 0.00474778 0.00487798 0.00489713 0.00480994 0.00462736 0.00436523 0.00404266 0.0036804 0.00329935 0.0029194 0.00255884 0.00223386 0.00195642 0.00172636 0.00151649 0.00126815 0.000935797 0.000564316 0.000267126 9.99799e-05 3.06337e-05 7.96966e-06 1.80419e-06 3.5851e-07 6.19524e-08 8.97686e-09 9.88218e-10 5.91782e-11 0 
0 9.02026e-05 0.000539046 0.00116032 0.00169598 0.00227536 0.00294116 0.00365338 0.00436544 0.00503408 0.00562049 0.00609244 0.00642629 0.00660835 0.00663527 0.00651363 0.00625861 0.0058921 0.00544045 0.00493209 0.0043954 0.00385686 0.00333991 0.00286453 0.00244761 0.00210205 0.00182805 0.00159081 0.00130923 0.000923914 0.000510629 0.000213973 6.98199e-05 1.86252e-05 4.22616e-06 8.31752e-07 1.41556e-07 2.01545e-08 2.17894e-09 1.28195e-10 0 
0 0.000137241 0.000702141 0.00135767 0.00200173 0.00277335 0.00365338 0.0045856 0.00551396 0.00638419 0.00714672 0.00776029 0.00819497 0.00843281 0.00846801 0.00830866 0.00797584 0.00749878 0.00691122 0.00624947 0.00554987 0.00484623 0.00416798 0.00353931 0.00297932 0.00250322 0.00212179 0.0018288 0.00156878 0.00123429 0.000789157 0.000376576 0.000133702 3.7164e-05 8.54033e-06 1.67617e-06 2.82344e-07 3.96569e-08 4.2247e-09 2.44917e-10 0 
0 0.00018476 0.000829198 0.00152804 0.00231449 0.00327729 0.00436544 0.00551396 0.00665617 0.0077262 0.00866467 0.00942689 0.00998207 0.0102977 0.0103461 0.0101326 0.00969918 0.00909802 0.00837099 0.00755635 0.00669528 0.00582838 0.00499127 0.00421276 0.00351466 0.00291285 0.00241934 0.00203981 0.00175007 0.00145567 0.00104125 0.00056355 0.000220109 6.45128e-05 1.51448e-05 2.98199e-06 4.99406e-07 6.94538e-08 7.31431e-09 4.19025e-10 0 
0 0.000227519 0.000924713 0.00168411 0.0026148 0.0037532 0.00503408 0.00638419 0.0077262 0.00898478 0.0101031 0.0110513 0.011768 0.0121664 0.0122269 0.0119633 0.0114048 0.0106335 0.00974416 0.00877796 0.00776497 0.00674568 0.00576058 0.00484297 0.00401758 0.00330129 0.0027055 0.00223813 0.00189252 0.00160402 0.00123466 0.000743049 0.000318816 9.90663e-05 2.38913e-05 4.74066e-06 7.92283e-07 1.09455e-07 1.14284e-08 6.48726e-10 0 
0 0.000262611 0.000996215 0.00182289 0.00288159 0.00417172 0.00562049 0.00714672 0.00866467 0.0101031 0.0114294 0.0125421 0.0132588 0.0136015 0.0136496 0.013427 0.012906 0.0120561 0.010985 0.00985254 0.00869858 0.00754547 0.00643136 0.00539274 0.00445699 0.0036422 0.00295931 0.00241547 0.00201094 0.00170501 0.00136842 0.000892116 0.000415698 0.000136714 3.39304e-05 6.8022e-06 1.13748e-06 1.56516e-07 1.62443e-08 9.15894e-10 0 
0 0.000288978 0.00104846 0.00193647 0.00309776 0.00450902 0.00609244 0.00776029 0.00942689 0.0110513 0.0125421 0.0135851 0.0141648 0.0144365 0.014473 0.0142918 0.0138698 0.0131369 0.0120331 0.0107396 0.00944875 0.0081841 0.00696657 0.00583131 0.00480762 0.00391466 0.00316321 0.00255924 0.00210492 0.00177409 0.00145434 0.0010016 0.000498106 0.000172034 4.38462e-05 8.88491e-06 1.48894e-06 2.0447e-07 2.11398e-08 1.18647e-09 0 
0 0.000306589 0.00108337 0.00201764 0.00325114 0.00474778 0.00642629 0.00819497 0.00998207 0.011768 0.0132588 0.0141648 0.0146648 0.014902 0.0149324 0.0147702 0.0143982 0.0137598 0.0127495 0.0113928 0.0099819 0.00863009 0.00733918 0.00613626 0.00505113 0.00410371 0.00330471 0.00265924 0.00216954 0.00181717 0.00150401 0.00107173 0.000557788 0.000199875 5.20338e-05 1.06427e-05 1.78829e-06 2.4544e-07 2.53237e-08 1.4175e-09 0 
0 0.000315838 0.00110154 0.00206186 0.00333475 0.00487798 0.00660835 0.00843281 0.0102977 0.0121664 0.0136015 0.0144365 0.014902 0.0151237 0.0151507 0.0149957 0.014644 0.0140465 0.0130999 0.0117508 0.0102706 0.00886485 0.00753372 0.00629468 0.00517691 0.00420065 0.00337654 0.00270918 0.00220053 0.00183563 0.00152498 0.00110623 0.000590918 0.000216537 5.71444e-05 1.17644e-05 1.98159e-06 2.72078e-07 2.80566e-08 1.56894e-09 0 
0 0.000317226 0.00110341 0.00206772 0.00334677 0.00489713 0.00663527 0.00846801 0.0103461 0.0122269 0.0136496 0.014473 0.0149324 0.0151507 0.015176 0.0150204 0.0146699 0.0140763 0.0131376 0.0117901 0.0102976 0.00888301 0.0075467 0.00630353 0.00518226 0.00420306 0.00337644 0.00270678 0.00219588 0.00182962 0.0015212 0.00110876 0.000596803 0.000220281 5.84258e-05 1.20644e-05 2.03569e-06 2.79812e-07 2.88761e-08 1.61574e-09 0 
0 0.000311236 0.00108988 0.00203678 0.00329021 0.00480994 0.00651363 0.00830866 0.0101326 0.0119633 0.013427 0.0142918 0.0147702 0.0149957 0.0150204 0.0148574 0.014491 0.0138686 0.0128851 0.0115216 0.0100711 0.00869378 0.00738602 0.00616904 0.0050719 0.00411432 0.0033066 0.0026532 0.00215596 0.0017994 0.00149407 0.0010816 0.000576717 0.000211339 5.58684e-05 1.15311e-05 1.94776e-06 2.68196e-07 2.77341e-08 1.55519e-09 0 
0 0.000298318 0.00106234 0.00197323 0.00317231 0.00462736 0.00625861 0.00797584 0.00969918 0.0114048 0.012906 0.0138698 0.0143982 0.014644 0.0146699 0.014491 0.0140878 0.0133977 0.0123272 0.0109811 0.00962603 0.00831982 0.0070694 0.0059054 0.00485681 0.00394259 0.00317281 0.00255226 0.00208283 0.00174521 0.00144281 0.00102562 0.000533425 0.000191671 5.01543e-05 1.03197e-05 1.74456e-06 2.40858e-07 2.49946e-08 1.40699e-09 0 
0 0.000278932 0.00102237 0.00188332 0.00300362 0.00436523 0.0058921 0.00749878 0.00909802 0.0106335 0.0120561 0.0131369 0.0137598 0.0140465 0.0140763 0.0138686 0.0133977 0.0125979 0.0114769 0.0102414 0.00900835 0.00779237 0.00662199 0.00553278 0.00455261 0.00369943 0.00298316 0.00240919 0.00197891 0.00166605 0.00136441 0.000941221 0.000471358 0.000164597 4.24547e-05 8.69981e-06 1.4729e-06 2.042e-07 2.13044e-08 1.20632e-09 0 
0 0.000253645 0.000971205 0.00177466 0.00279702 0.00404266 0.00544045 0.00691122 0.00837099 0.00974416 0.010985 0.0120331 0.0127495 0.0130999 0.0131376 0.0128851 0.0123272 0.0114769 0.0104571 0.00937464 0.0082609 0.00714734 0.00607368 0.00507511 0.0041776 0.00339809 0.00274652 0.002229 0.00184495 0.00155777 0.0012537 0.00083012 0.000397057 0.000134298 3.41423e-05 6.9783e-06 1.18576e-06 1.6547e-07 1.73988e-08 9.93326e-10 0 
0 0.000223283 0.000909054 0.00165532 0.0025667 0.0036804 0.00493209 0.00624947 0.00755635 0.00877796 0.00985254 0.0107396 0.0113928 0.0117508 0.0117901 0.0115216 0.0109811 0.0102414 0.00937464 0.00842318 0.00742514 0.00642296 0.00545639 0.00455774 0.00375086 0.00305178 0.00247074 0.00201413 0.001677 0.00141114 0.00110526 0.000698173 0.000319288 0.000105143 2.64952e-05 5.42731e-06 9.29241e-07 1.30957e-07 1.39164e-08 8.02987e-10 0 
0 0.000189096 0.000834711 0.00153242 0.00232729 0.00329935 0.0043954 0.00554987 0.00669528 0.00776497 0.00869858 0.00944875 0.0099819 0.0102706 0.0102976 0.0100711 0.00962603 0.00900835 0.0082609 0.00742514 0.00654366 0.00565727 0.0048016 0.00400546 0.00329055 0.00267217 0.00216075 0.00176159 0.00146354 0.00121331 0.000919243 0.00055804 0.000248149 8.09266e-05 2.04678e-05 4.23575e-06 7.34362e-07 1.04828e-07 1.12772e-08 6.58147e-10 0 
0 0.000152874 0.000745828 0.00141 0.00209296 0.0029194 0.00385686 0.00484623 0.00582838 0.00674568 0.00754547 0.0081841 0.00863009 0.00886485 0.00888301 0.00869378 0.00831982 0.00779237 0.00714734 0.00642296 0.00565727 0.00488552 0.00413838 0.00344097 0.00281282 0.0022684 0.00181748 0.0014626 0.00119052 0.000960218 0.00071074 0.000428701 0.000192824 6.41778e-05 1.65747e-05 3.49208e-06 6.14294e-07 8.87225e-08 9.63579e-09 5.66699e-10 0 
0 0.000116913 0.000640456 0.00128624 0.00187587 0.00255884 0.00333991 0.00416798 0.00499127 0.00576058 0.00643136 0.00696657 0.00733918 0.00753372 0.0075467 0.00738602 0.0070694 0.00662199 0.00607368 0.00545639 0.0048016 0.00413838 0.00349216 0.00288423 0.0023321 0.00185013 0.00144835 0.0011286 0.000882302 0.000689505 0.000514531 0.00032763 0.000158056 5.56444e-05 1.48717e-05 3.18891e-06 5.65389e-07 8.18799e-08 8.89231e-09 5.22143e-10 0 
0 8.37395e-05 0.000519837 0.0011514 0.00168263 0.00223386 0.00286453 0.00353931 0.00421276 0.00484297 0.00539274 0.00583131 0.00613626 0.00629468 0.00630353 0.00616904 0.0059054 0.00553278 0.00507511 0.00455774 0.00400546 0.00344097 0.00288423 0.00235309 0.00186708 0.00145311 0.00113729 0.000910167 0.000721229 0.000541671 0.000388819 0.000261327 0.000140852 5.39313e-05 1.49623e-05 3.23135e-06 5.69151e-07 8.1481e-08 8.73703e-09 5.06607e-10 0 
0 5.55985e-05 0.000391136 0.00099016 0.00150755 0.00195642 0.00244761 0.00297932 0.00351466 0.00401758 0.00445699 0.00480762 0.00505113 0.00517691 0.00518226 0.0050719 0.00485681 0.00455261 0.0041776 0.00375086 0.00329055 0.00281282 0.0023321 0.00186708 0.00146367 0.00121929 0.00120641 0.00130515 0.00124092 0.000911711 0.000518168 0.000264875 0.000136456 5.59263e-05 1.60286e-05 3.44358e-06 5.94545e-07 8.31896e-08 8.72749e-09 4.9613e-10 0 
0 3.38871e-05 0.000267462 0.000792299 0.00132595 0.00172636 0.00210205 0.00250322 0.00291285 0.00330129 0.0036422 0.00391466 0.00410371 0.00420065 0.00420306 0.00411432 0.00394259 0.00369943 0.00339809 0.00305178 0.00267217 0.0022684 0.00185013 0.00145311 0.00121929 0.0014323 0.00225801 0.0033013 0.00372851 0.0025653 0.0013057 0.000483371 0.00016462 5.99053e-05 1.70856e-05 3.59953e-06 6.0405e-07 8.22153e-08 8.41634e-09 4.68345e-10 0 
0 1.88048e-05 0.000163389 0.000568352 0.00110051 0.00151649 0.00182805 0.00212179 0.00241934 0.0027055 0.00295931 0.00316321 0.00330471 0.00337654 0.00337644 0.0033066 0.00317281 0.00298316 0.00274652 0.00247074 0.00216075 0.00181748 0.00144835 0.00113729 0.00120641 0.00225801 0.00474924 0.00868228 0.0094673 0.00676601 0.00301312 0.00102 0.000258993 6.7839e-05 1.74184e-05 3.50027e-06 5.66885e-07 7.50887e-08 7.52126e-09 4.11006e-10 0 
0 9.44478e-06 8.8132e-05 0.000353565 0.000814426 0.00126815 0.00159081 0.0018288 0.00203981 0.00223813 0.00241547 0.00255924 0.00265924 0.00270918 0.00270678 0.0026532 0.00255226 0.00240919 0.002229 0.00201413 0.00176159 0.0014626 0.0011286 0.000910167 0.00130515 0.0033013 0.00868228 0.0105408 0.0107732 0.0100094 0.0056756 0.0016349 0.00037775 7.6864e-05 1.64881e-05 3.05445e-06 4.74366e-07 6.13977e-08 6.05674e-09 3.27092e-10 0 
0 4.2795e-06 4.17723e-05 0.000186907 0.000508463 0.000935797 0.00130923 0.00156878 0.00175007 0.00189252 0.00201094 0.00210492 0.00216954 0.00220053 0.00219588 0.00215596 0.00208283 0.00197891 0.00184495 0.001677 0.00146354 0.00119052 0.000882302 0.000721229 0.00124092 0.00372851 0.0094673 0.0107732 0.0109456 0.0103167 0.00679446 0.00180076 0.000405454 7.40875e-05 1.36779e-05 2.31384e-06 3.45247e-07 4.40279e-08 4.31691e-09 2.32322e-10 0 
0 1.74798e-06 1.74231e-05 8.36417e-05 0.000259192 0.000564316 0.000923914 0.00123429 0.00145567 0.00160402 0.00170501 0.00177409 0.00181717 0.00183563 0.00182962 0.0017994 0.00174521 0.00166605 0.00155777 0.00141114 0.00121331 0.000960218 0.000689505 0.000541671 0.000911711 0.0025653 0.00676601 0.0100094 0.0103167 0.00919934 0.00417469 0.00133397 0.000300472 5.40721e-05 9.25734e-06 1.47077e-06 2.14633e-07 2.73416e-08 2.69423e-09 1.45839e-10 0 
0 6.4422e-07 6.43098e-06 3.19831e-05 0.000107701 0.000267126 0.000510629 0.000789157 0.00104125 0.00123466 0.00136842 0.00145434 0.00150401 0.00152498 0.0015212 0.00149407 0.00144281 0.00136441 0.0012537 0.00110526 0.000919243 0.00071074 0.000514531 0.000388819 0.000518168 0.0013057 0.00301312 0.0056756 0.00679446 0.00417469 0.00200266 0.00066275 0.00015332 2.8825e-05 4.88251e-06 7.66415e-07 1.1285e-07 1.46151e-08 1.46445e-09 8.04801e-11 0 
0 2.1458e-07 2.11532e-06 1.06123e-05 3.72336e-05 9.99799e-05 0.000213973 0.000376576 0.00056355 0.000743049 0.000892116 0.0010016 0.00107173 0.00110623 0.00110876 0.0010816 0.00102562 0.000941221 0.00083012 0.000698173 0.00055804 0.000428701 0.00032763 0.000261327 0.000264875 0.000483371 0.00102 0.0016349 0.00180076 0.00133397 0.00066275 0.000224488 5.58438e-05 1.13275e-05 1.99632e-06 3.27039e-07 5.0199e-08 6.72095e-09 6.92154e-10 3.89483e-11 0 
0 6.46714e-08 6.2377e-07 3.10133e-06 1.1001e-05 3.06337e-05 6.98199e-05 0.000133702 0.000220109 0.000318816 0.000415698 0.000498106 0.000557788 0.000590918 0.000596803 0.000576717 0.000533425 0.000471358 0.000397057 0.000319288 0.000248149 0.000192824 0.000158056 0.000140852 0.000136456 0.00016462 0.000258993 0.00037775 0.000405454 0.000300472 0.00015332 5.58438e-05 1.53928e-05 3.40244e-06 6.53536e-07 1.16534e-07 1.90506e-08 2.66701e-09 2.84642e-10 1.65169e-11 0 
0 1.76276e-08 1.6544e-07 8.06584e-07 2.83952e-06 7.96966e-06 1.86252e-05 3.7164e-05 6.45128e-05 9.90663e-05 0.000136714 0.000172034 0.000199875 0.000216537 0.000220281 0.000211339 0.000191671 0.000164597 0.000134298 0.000105143 8.09266e-05 6.41778e-05 5.56444e-05 5.39313e-05 5.59263e-05 5.99053e-05 6.7839e-05 7.6864e-05 7.40875e-05 5.40721e-05 2.8825e-05 1.13275e-05 3.40244e-06 8.34909e-07 1.80613e-07 3.55792e-08 6.22917e-09 9.16648e-10 1.01952e-10 6.13322e-12 0 
0 4.32952e-09 3.94267e-08 1.87417e-07 6.48154e-07 1.80419e-06 4.22616e-06 8.54033e-06 1.51448e-05 2.38913e-05 3.39304e-05 4.38462e-05 5.20338e-05 5.71444e-05 5.84258e-05 5.58684e-05 5.01543e-05 4.24547e-05 3.41423e-05 2.64952e-05 2.04678e-05 1.65747e-05 1.48717e-05 1.49623e-05 1.60286e-05 1.70856e-05 1.74184e-05 1.64881e-05 1.36779e-05 9.25734e-06 4.88251e-06 1.99632e-06 6.53536e-07 1.80613e-07 4.39051e-08 9.4522e-09 1.76437e-09 2.73264e-10 3.17764e-11 1.98897e-12 0 
0 9.4931e-10 8.37929e-09 3.87359e-08 1.3094e-07 3.5851e-07 8.31752e-07 1.67617e-06 2.98199e-06 4.74066e-06 6.8022e-06 8.88491e-06 1.06427e-05 1.17644e-05 1.20644e-05 1.15311e-05 1.03197e-05 8.69981e-06 6.9783e-06 5.42731e-06 4.23575e-06 3.49208e-06 3.18891e-06 3.23135e-06 3.44358e-06 3.59953e-06 3.50027e-06 3.05445e-06 2.31384e-06 1.47077e-06 7.66415e-07 3.27039e-07 1.16534e-07 3.55792e-08 9.4522e-09 2.18365e-09 4.3186e-10 7.03693e-11 8.56779e-12 5.59131e-13 0 
0 1.82156e-10 1.55865e-09 7.00239e-09 2.30899e-08 6.19524e-08 1.41556e-07 2.82344e-07 4.99406e-07 7.92283e-07 1.13748e-06 1.48894e-06 1.78829e-06 1.98159e-06 2.03569e-06 1.94776e-06 1.74456e-06 1.4729e-06 1.18576e-06 9.29241e-07 7.34362e-07 6.14294e-07 5.65389e-07 5.69151e-07 5.94545e-07 6.0405e-07 5.66885e-07 4.74366e-07 3.45247e-07 2.14633e-07 1.1285e-07 5.0199e-08 1.90506e-08 6.22917e-09 1.76437e-09 4.3186e-10 9.00709e-11 1.54218e-11 1.96612e-12 1.33875e-13 0 
0 2.93143e-11 2.43374e-10 1.06306e-09 3.41839e-09 8.97686e-09 2.01545e-08 3.96569e-08 6.94538e-08 1.09455e-07 1.56516e-07 2.0447e-07 2.4544e-07 2.72078e-07 2.79812e-07 2.68196e-07 2.40858e-07 2.042e-07 1.6547e-07 1.30957e-07 1.04828e-07 8.87225e-08 8.18799e-08 8.1481e-08 8.31896e-08 8.22153e-08 7.50887e-08 6.13977e-08 4.40279e-08 2.73416e-08 1.46151e-08 6.72095e-09 2.66701e-09 9.16648e-10 2.73264e-10 7.03693e-11 1.54218e-11 2.76913e-12 3.69303e-13 2.62297e-14 0 
0 3.5725e-12 2.88165e-11 1.22517e-10 3.84452e-10 9.88218e-10 2.17894e-09 4.2247e-09 7.31431e-09 1.14284e-08 1.62443e-08 2.11398e-08 2.53237e-08 2.80566e-08 2.88761e-08 2.77341e-08 2.49946e-08 2.13044e-08 1.73988e-08 1.39164e-08 1.12772e-08 9.63579e-09 8.89231e-09 8.73703e-09 8.72749e-09 8.41634e-09 7.52126e-09 6.05674e-09 4.31691e-09 2.69423e-09 1.46445e-09 6.92154e-10 2.84642e-10 1.01952e-10 3.17764e-11 8.56779e-12 1.96612e-12 3.69303e-13 5.14327e-14 3.8065e-15 0 
0 2.3563e-13 1.84956e-12 7.66545e-12 2.35011e-11 5.91782e-11 1.28195e-10 2.44917e-10 4.19025e-10 6.48726e-10 9.15894e-10 1.18647e-09 1.4175e-09 1.56894e-09 1.61574e-09 1.55519e-09 1.40699e-09 1.20632e-09 9.93326e-10 8.02987e-10 6.58147e-10 5.66699e-10 5.22143e-10 5.06607e-10 4.9613e-10 4.68345e-10 4.11006e-10 3.27092e-10 2.32322e-10 1.45839e-10 8.04801e-11 3.89483e-11 1.65169e-11 6.13322e-12 1.98897e-12 5.59131e-13 1.33875e-13 2.62297e-14 3.8065e-15 2.93107e-16 0 
0 0 0 0 0 0 0 0 0 0 0 0 0 0 0 0 0 0 0 0 0 0 0 0 0 0 0 0 0 0 0 0 0 0 0 0 0 0 0 0 0 
