0 0 0 0 0 0 0 0 0 0 0 0 0 0 0 0 0 0 0 0 0 0 0 0 0 0 0 0 0 0 0 0 0 0 0 0 0 0 0 0 0 
0 1.82925e-07 1.59646e-06 6.74851e-06 1.91283e-05 4.06558e-05 6.94829e-05 0.000101006 0.000130708 0.000155857 0.000175482 0.00018965 0.000198824 0.000203507 0.000204106 0.000200907 0.00019409 0.000183758 0.000170001 0.000152992 0.000133117 0.000111117 8.81663e-05 6.58079e-05 4.56976e-05 2.92001e-05 1.70005e-05 8.94853e-06 4.23743e-06 1.80142e-06 6.87694e-07 2.36092e-07 7.29935e-08 2.03229e-08 5.07952e-09 1.12975e-09 2.19299e-10 3.56214e-11 4.37367e-12 2.90207e-13 0 
0 1.59646e-06 1.4044e-05 5.6633e-05 0.000143293 0.000258114 0.000367005 0.000450486 0.000509468 0.000551917 0.000583832 0.000607754 0.000624124 0.000632702 0.000633398 0.00062659 0.000613132 0.000594139 0.000570616 0.000542959 0.000510454 0.000471039 0.000421787 0.000360491 0.000288107 0.00021059 0.000137898 7.9618e-05 4.01791e-05 1.77005e-05 6.83812e-06 2.33362e-06 7.08536e-07 1.92284e-07 4.66539e-08 1.00551e-08 1.89089e-09 2.97765e-10 3.549e-11 2.28966e-12 0 
0 6.74851e-06 5.6633e-05 0.000198647 0.000403678 0.000578294 0.000695378 0.000784697 0.000868763 0.000951142 0.00102687 0.00108974 0.00113495 0.00115964 0.0011629 0.00114559 0.0011101 0.00106005 0.00100001 0.000935048 0.000870165 0.000809235 0.000753173 0.000697632 0.000631934 0.000542662 0.000424194 0.000289772 0.000167858 8.14454e-05 3.32601e-05 1.16056e-05 3.52018e-06 9.40705e-07 2.22953e-07 4.67549e-08 8.54308e-09 1.30731e-09 1.51563e-10 9.52528e-12 0 
0 1.91283e-05 0.000143293 0.000403678 0.000648444 0.000813751 0.000962812 0.00112761 0.00130161 0.00147002 0.0016199 0.00174139 0.00182761 0.00187461 0.00188136 0.00184957 0.0017833 0.00168848 0.00157236 0.00144298 0.00130871 0.00117799 0.00105893 0.000958082 0.000876744 0.0008048 0.000717121 0.000585379 0.000409551 0.000233586 0.000106813 3.9716e-05 1.23538e-05 3.30242e-06 7.71916e-07 1.58489e-07 2.82627e-08 4.21714e-09 4.76928e-10 2.92712e-11 0 
0 4.06558e-05 0.000258114 0.000578294 0.000813751 0.00102791 0.00128002 0.00155912 0.00184231 0.00210983 0.0023451 0.00253471 0.00266893 0.00274212 0.00275288 0.00270387 0.00260124 0.00245388 0.00227255 0.00206891 0.00185471 0.00164117 0.00143871 0.00125713 0.00110546 0.000989201 0.000901243 0.000809819 0.000666498 0.000458172 0.000246225 0.000102101 3.36353e-05 9.17616e-06 2.14106e-06 4.33731e-07 7.58921e-08 1.10875e-08 1.22731e-09 7.37756e-11 0 
0 6.94829e-05 0.000367005 0.000695378 0.000962812 0.00128002 0.00165341 0.00205372 0.002454 0.00282987 0.00315951 0.00342482 0.00361252 0.00371491 0.00373006 0.00366164 0.00351824 0.0033122 0.00305831 0.00277254 0.00247084 0.00216811 0.00187751 0.00161037 0.0013766 0.00118558 0.00104388 0.000943368 0.000841607 0.000672938 0.000430211 0.000205752 7.40795e-05 2.10742e-05 4.97426e-06 1.0026e-06 1.73137e-07 2.4876e-08 2.70503e-09 1.59755e-10 0 
0 0.000101006 0.000450486 0.000784697 0.00112761 0.00155912 0.00205372 0.00257776 0.00309963 0.00358883 0.00401759 0.00436363 0.00461206 0.00475185 0.00477327 0.00467889 0.00448645 0.00421595 0.00388514 0.00351309 0.00311982 0.00272427 0.002343 0.0019896 0.00167487 0.00140782 0.00119713 0.00104797 0.000943677 0.000820982 0.000606942 0.000337646 0.000135809 4.10609e-05 9.92931e-06 2.00759e-06 3.44104e-07 4.88357e-08 5.23571e-09 3.04757e-10 0 
0 0.000130708 0.000509468 0.000868763 0.00130161 0.00184231 0.002454 0.00309963 0.00374172 0.00434356 0.0048762 0.00533437 0.00570857 0.00593479 0.00597189 0.00582158 0.00551833 0.00513269 0.00470839 0.00424794 0.00376371 0.00327638 0.0028058 0.00236817 0.00197575 0.00163754 0.0013611 0.00115407 0.00101594 0.000908153 0.000739973 0.000470921 0.00021301 6.92995e-05 1.73412e-05 3.54161e-06 6.05555e-07 8.52309e-08 9.03996e-09 5.20174e-10 0 
0 0.000155857 0.000551917 0.000951142 0.00147002 0.00210983 0.00282987 0.00358883 0.00434356 0.00505831 0.00574557 0.00639 0.00681371 0.00700956 0.00703857 0.00691654 0.00661688 0.0061118 0.00551309 0.00493868 0.00436527 0.00379204 0.00323826 0.00272244 0.00225845 0.00185581 0.00152116 0.00126092 0.00108026 0.000961358 0.000825702 0.000583013 0.000294082 0.000103307 2.69022e-05 5.57664e-06 9.54923e-07 1.33745e-07 1.40766e-08 8.02951e-10 0 
0 0.000175482 0.000583832 0.00102687 0.0016199 0.0023451 0.00315951 0.00401759 0.0048762 0.00574557 0.00661743 0.00717242 0.0074555 0.00758637 0.00760545 0.00752134 0.00731999 0.00695196 0.00632489 0.00557404 0.00489323 0.00424177 0.00361534 0.00303149 0.00250546 0.00204744 0.00166363 0.00135897 0.00113922 0.000998365 0.000876867 0.000665169 0.000367343 0.000138598 3.758e-05 7.92405e-06 1.36236e-06 1.9037e-07 1.99335e-08 1.12992e-09 0 
0 0.00018965 0.000607754 0.00108974 0.00174139 0.00253471 0.00342482 0.00436363 0.00533437 0.00639 0.00717242 0.00757824 0.00779962 0.0079055 0.0079206 0.00785082 0.00768811 0.00740443 0.00692752 0.00615507 0.00533127 0.00460189 0.00391623 0.00327803 0.00270257 0.0022006 0.0017782 0.0014392 0.00118847 0.00102549 0.000906189 0.000719133 0.000425144 0.000170228 4.78501e-05 1.02574e-05 1.77257e-06 2.47564e-07 2.58422e-08 1.45876e-09 0 
0 0.000198824 0.000624124 0.00113495 0.00182761 0.00266893 0.00361252 0.00461206 0.00570857 0.00681371 0.0074555 0.00779962 0.00799425 0.00808869 0.00810172 0.00803818 0.00789225 0.00764378 0.00724249 0.00656939 0.005667 0.00485607 0.0041258 0.00344945 0.00283945 0.00230687 0.00185773 0.00149518 0.00122314 0.00104324 0.000921405 0.000750353 0.000464348 0.000194161 5.61196e-05 1.21942e-05 2.11763e-06 2.95915e-07 3.08433e-08 1.73694e-09 0 
0 0.000203507 0.000632702 0.00115964 0.00187461 0.00274212 0.00371491 0.00475185 0.00593479 0.00700956 0.00758637 0.0079055 0.00808869 0.00817793 0.00818974 0.00812848 0.00798921 0.00775472 0.00738293 0.00676899 0.00586099 0.0049927 0.00423533 0.00353851 0.00291016 0.00236136 0.00189811 0.00152318 0.00123984 0.00105048 0.000926173 0.00076379 0.000484713 0.000207905 6.11371e-05 1.34035e-05 2.33624e-06 3.26794e-07 3.40528e-08 1.91607e-09 0 
0 0.000204106 0.000633398 0.0011629 0.00188136 0.00275288 0.00373006 0.00477327 0.00597189 0.00703857 0.00760545 0.0079206 0.00810172 0.00818974 0.00820079 0.00813917 0.00800003 0.00776657 0.00739787 0.00679158 0.0058833 0.00500414 0.00424268 0.00354348 0.00291317 0.00236272 0.00189805 0.0015218 0.00123707 0.00104629 0.00092188 0.000762525 0.000487156 0.000210508 6.22506e-05 1.36946e-05 2.39166e-06 3.34929e-07 3.49258e-08 1.96621e-09 0 
0 0.000200907 0.00062659 0.00114559 0.00184957 0.00270387 0.00366164 0.00467889 0.00582158 0.00691654 0.00752134 0.00785082 0.00803818 0.00812848 0.00813917 0.00807476 0.00792987 0.00768596 0.00729727 0.00665134 0.00573592 0.00489423 0.00415221 0.00346788 0.00285113 0.00231283 0.00185879 0.00149172 0.00121491 0.00103045 0.000908701 0.000747663 0.000472757 0.000202309 5.94872e-05 1.30608e-05 2.28141e-06 3.19876e-07 3.34113e-08 1.88437e-09 0 
0 0.00019409 0.000613132 0.0011101 0.0017833 0.00260124 0.00351824 0.00448645 0.00551833 0.00661688 0.00731999 0.00768811 0.00789225 0.00798921 0.00800003 0.00792987 0.00777191 0.00750277 0.00706321 0.00633092 0.00544905 0.00467971 0.00397408 0.00331967 0.00273022 0.0022163 0.00178359 0.00143509 0.00117461 0.00100315 0.00088576 0.000718564 0.000442558 0.000184719 5.34896e-05 1.16689e-05 2.03602e-06 2.85903e-07 2.99435e-08 1.69419e-09 0 
0 0.000183758 0.000594139 0.00106005 0.00168848 0.00245388 0.0033122 0.00421595 0.00513269 0.0061118 0.00695196 0.00740443 0.00764378 0.00775472 0.00776657 0.00768596 0.00750277 0.00718256 0.00663802 0.00584 0.00507484 0.00438104 0.00372251 0.00311021 0.00255921 0.00207961 0.001677 0.00135491 0.0011178 0.000964139 0.000850608 0.000673212 0.000397983 0.000160099 4.53512e-05 9.80475e-06 1.70839e-06 2.40465e-07 2.52873e-08 1.4376e-09 0 
0 0.000170001 0.000570616 0.00100001 0.00157236 0.00227255 0.00305831 0.00388514 0.00470839 0.00551309 0.00632489 0.00692752 0.00724249 0.00738293 0.00739787 0.00729727 0.00706321 0.00663802 0.00598216 0.00528935 0.00464559 0.00401789 0.00341428 0.00285294 0.00234841 0.00191021 0.00154402 0.00125414 0.0010453 0.000911195 0.000798368 0.000609073 0.000341688 0.000131609 3.63877e-05 7.7974e-06 1.35842e-06 1.91983e-07 2.03092e-08 1.16232e-09 0 
0 0.000152992 0.000542959 0.000935048 0.00144298 0.00206891 0.00277254 0.00351309 0.00424794 0.00493868 0.00557404 0.00615507 0.00656939 0.00676899 0.00679158 0.00665134 0.00633092 0.00584 0.00528935 0.00473746 0.00417413 0.00361062 0.00306727 0.0025621 0.00210852 0.00171555 0.00138914 0.00113443 0.00095522 0.00083797 0.000721522 0.000525099 0.000278477 0.000102906 2.78793e-05 5.94347e-06 1.03852e-06 1.47759e-07 1.57598e-08 9.09809e-10 0 
0 0.000133117 0.000510454 0.000870165 0.00130871 0.00185471 0.00247084 0.00311982 0.00376371 0.00436527 0.00489323 0.00533127 0.005667 0.00586099 0.0058833 0.00573592 0.00544905 0.00507484 0.00464559 0.00417413 0.00367847 0.00318019 0.00269918 0.00225164 0.00184976 0.00150219 0.00121526 0.000994322 0.000840247 0.000732687 0.000612692 0.000425166 0.000215602 7.75759e-05 2.08365e-05 4.45289e-06 7.84009e-07 1.1262e-07 1.21327e-08 7.07291e-10 0 
0 0.000111117 0.000471039 0.000809235 0.00117799 0.00164117 0.00216811 0.00272427 0.00327638 0.00379204 0.00424177 0.00460189 0.00485607 0.0049927 0.00500414 0.00489423 0.00467971 0.00438104 0.00401789 0.00361062 0.00318019 0.00274636 0.00232636 0.00193432 0.00158123 0.00127536 0.00102301 0.000828134 0.000688236 0.000584397 0.000473756 0.000321201 0.000161531 5.83697e-05 1.58416e-05 3.42546e-06 6.09852e-07 8.84811e-08 9.61657e-09 5.64946e-10 0 
0 8.81663e-05 0.000421787 0.000753173 0.00105893 0.00143871 0.00187751 0.002343 0.0028058 0.00323826 0.00361534 0.00391623 0.0041258 0.00423533 0.00424268 0.00415221 0.00397408 0.00372251 0.00341428 0.00306727 0.00269918 0.00232636 0.00196309 0.00162136 0.00131106 0.00104053 0.000815958 0.000639257 0.000507159 0.000410832 0.000328657 0.000230572 0.000122572 4.64501e-05 1.29918e-05 2.85495e-06 5.12358e-07 7.46185e-08 8.12326e-09 4.77429e-10 0 
0 6.58079e-05 0.000360491 0.000697632 0.000958082 0.00125713 0.00161037 0.0019896 0.00236817 0.00272244 0.00303149 0.00327803 0.00344945 0.00353851 0.00354348 0.00346788 0.00331967 0.00311021 0.00285294 0.0025621 0.00225164 0.00193432 0.00162136 0.00132284 0.00104982 0.000817432 0.00064011 0.000512606 0.000407011 0.000308382 0.000228971 0.000166271 9.8693e-05 4.0874e-05 1.19198e-05 2.64697e-06 4.7321e-07 6.83018e-08 7.35986e-09 4.28199e-10 0 
0 4.56976e-05 0.000288107 0.000631934 0.000876744 0.00110546 0.0013766 0.00167487 0.00197575 0.00225845 0.00250546 0.00270257 0.00283945 0.00291016 0.00291317 0.00285113 0.00273022 0.00255921 0.00234841 0.00210852 0.00184976 0.00158123 0.00131106 0.00104982 0.000823141 0.000685582 0.000678211 0.000733687 0.000697579 0.000512556 0.000291861 0.00015309 8.62022e-05 3.89376e-05 1.1881e-05 2.64062e-06 4.64098e-07 6.55866e-08 6.9245e-09 3.95489e-10 0 
0 2.92001e-05 0.00021059 0.000542662 0.0008048 0.000989201 0.00118558 0.00140782 0.00163754 0.00185581 0.00204744 0.0022006 0.00230687 0.00236136 0.00236272 0.00231283 0.0022163 0.00207961 0.00191021 0.00171555 0.00150219 0.00127536 0.00104053 0.000817432 0.000685582 0.000805162 0.00126932 0.00197417 0.00235351 0.00144482 0.000733992 0.00027198 9.5691e-05 3.86861e-05 1.20129e-05 2.64438e-06 4.53172e-07 6.23482e-08 6.42476e-09 3.5926e-10 0 
0 1.70005e-05 0.000137898 0.000424194 0.000717121 0.000901243 0.00104388 0.00119713 0.0013611 0.00152116 0.00166363 0.0017782 0.00185773 0.00189811 0.00189805 0.00185879 0.00178359 0.001677 0.00154402 0.00138914 0.00121526 0.00102301 0.000815958 0.00064011 0.000678211 0.00126932 0.00284066 0.00494176 0.00514644 0.00412158 0.00169632 0.000573391 0.00014628 4.11163e-05 1.173e-05 2.49897e-06 4.1523e-07 5.56365e-08 5.60814e-09 3.07833e-10 0 
0 8.94853e-06 7.9618e-05 0.000289772 0.000585379 0.000809819 0.000943368 0.00104797 0.00115407 0.00126092 0.00135897 0.0014392 0.00149518 0.00152318 0.0015218 0.00149172 0.00143509 0.00135491 0.00125414 0.00113443 0.000994322 0.000828134 0.000639257 0.000512606 0.000733687 0.00197417 0.00494176 0.0055802 0.0056593 0.00532647 0.00349275 0.000919092 0.000212513 4.4947e-05 1.07287e-05 2.13652e-06 3.42369e-07 4.48675e-08 4.45241e-09 2.41396e-10 0 
0 4.23743e-06 4.01791e-05 0.000167858 0.000409551 0.000666498 0.000841607 0.000943677 0.00101594 0.00108026 0.00113922 0.00118847 0.00122314 0.00123984 0.00123707 0.00121491 0.00117461 0.0011178 0.0010453 0.00095522 0.000840247 0.000688236 0.000507159 0.000407011 0.000697579 0.00235351 0.00514644 0.0056593 0.00572803 0.00546442 0.00413252 0.0010158 0.000228014 4.28337e-05 8.7262e-06 1.59718e-06 2.46948e-07 3.19086e-08 3.14587e-09 1.69873e-10 0 
0 1.80142e-06 1.77005e-05 8.14454e-05 0.000233586 0.000458172 0.000672938 0.000820982 0.000908153 0.000961358 0.000998365 0.00102549 0.00104324 0.00105048 0.00104629 0.00103045 0.00100315 0.000964139 0.000911195 0.00083797 0.000732687 0.000584397 0.000410832 0.000308382 0.000512556 0.00144482 0.00412158 0.00532647 0.00546442 0.00506586 0.0025274 0.000749883 0.000169057 3.13811e-05 5.89126e-06 1.01037e-06 1.52836e-07 1.97196e-08 1.9527e-09 1.06002e-10 0 
0 6.87694e-07 6.83812e-06 3.32601e-05 0.000106813 0.000246225 0.000430211 0.000606942 0.000739973 0.000825702 0.000876867 0.000906189 0.000921405 0.000926173 0.00092188 0.000908701 0.00088576 0.000850608 0.000798368 0.000721522 0.000612692 0.000473756 0.000328657 0.000228971 0.000291861 0.000733992 0.00169632 0.00349275 0.00413252 0.0025274 0.00112578 0.000372571 8.65693e-05 1.70352e-05 3.1473e-06 5.28412e-07 8.02976e-08 1.05135e-08 1.05774e-09 5.82661e-11 0 
0 2.36092e-07 2.33362e-06 1.16056e-05 3.9716e-05 0.000102101 0.000205752 0.000337646 0.000470921 0.000583013 0.000665169 0.000719133 0.000750353 0.00076379 0.000762525 0.000747663 0.000718564 0.000673212 0.000609073 0.000525099 0.000425166 0.000321201 0.000230572 0.000166271 0.00015309 0.00027198 0.000573391 0.000919092 0.0010158 0.000749883 0.000372571 0.000126396 3.20808e-05 6.92878e-06 1.31809e-06 2.27657e-07 3.57788e-08 4.82883e-09 4.98832e-10 2.81234e-11 0 
0 7.29935e-08 7.08536e-07 3.52018e-06 1.23538e-05 3.36353e-05 7.40795e-05 0.000135809 0.00021301 0.000294082 0.000367343 0.000425144 0.000464348 0.000484713 0.000487156 0.000472757 0.000442558 0.000397983 0.000341688 0.000278477 0.000215602 0.000161531 0.000122572 9.8693e-05 8.62022e-05 9.5691e-05 0.00014628 0.000212513 0.000228014 0.000169057 8.65693e-05 3.20808e-05 9.25114e-06 2.18079e-06 4.44126e-07 8.20507e-08 1.36116e-08 1.9152e-09 2.04853e-10 1.1905e-11 0 
0 2.03229e-08 1.92284e-07 9.40705e-07 3.30242e-06 9.17616e-06 2.10742e-05 4.10609e-05 6.92995e-05 0.000103307 0.000138598 0.000170228 0.000194161 0.000207905 0.000210508 0.000202309 0.000184719 0.000160099 0.000131609 0.000102906 7.75759e-05 5.83697e-05 4.64501e-05 4.0874e-05 3.89376e-05 3.86861e-05 4.11163e-05 4.4947e-05 4.28337e-05 3.13811e-05 1.70352e-05 6.92878e-06 2.18079e-06 5.61444e-07 1.25923e-07 2.52828e-08 4.45969e-09 6.58113e-10 7.33079e-11 4.41531e-12 0 
0 5.07952e-09 4.66539e-08 2.22953e-07 7.71916e-07 2.14106e-06 4.97426e-06 9.92931e-06 1.73412e-05 2.69022e-05 3.758e-05 4.78501e-05 5.61196e-05 6.11371e-05 6.22506e-05 5.94872e-05 5.34896e-05 4.53512e-05 3.63877e-05 2.78793e-05 2.08365e-05 1.58416e-05 1.29918e-05 1.19198e-05 1.1881e-05 1.20129e-05 1.173e-05 1.07287e-05 8.7262e-06 5.89126e-06 3.1473e-06 1.31809e-06 4.44126e-07 1.25923e-07 3.11223e-08 6.75365e-09 1.26472e-09 1.96175e-10 2.28361e-11 1.43071e-12 0 
0 1.12975e-09 1.00551e-08 4.67549e-08 1.58489e-07 4.33731e-07 1.0026e-06 2.00759e-06 3.54161e-06 5.57664e-06 7.92405e-06 1.02574e-05 1.21942e-05 1.34035e-05 1.36946e-05 1.30608e-05 1.16689e-05 9.80475e-06 7.7974e-06 5.94347e-06 4.45289e-06 3.42546e-06 2.85495e-06 2.64697e-06 2.64062e-06 2.64438e-06 2.49897e-06 2.13652e-06 1.59718e-06 1.01037e-06 5.28412e-07 2.27657e-07 8.20507e-08 2.52828e-08 6.75365e-09 1.56434e-09 3.09777e-10 5.0519e-11 6.15544e-12 4.01991e-13 0 
0 2.19299e-10 1.89089e-09 8.54308e-09 2.82627e-08 7.58921e-08 1.73137e-07 3.44104e-07 6.05555e-07 9.54923e-07 1.36236e-06 1.77257e-06 2.11763e-06 2.33624e-06 2.39166e-06 2.28141e-06 2.03602e-06 1.70839e-06 1.35842e-06 1.03852e-06 7.84009e-07 6.09852e-07 5.12358e-07 4.7321e-07 4.64098e-07 4.53172e-07 4.1523e-07 3.42369e-07 2.46948e-07 1.52836e-07 8.02976e-08 3.57788e-08 1.36116e-08 4.45969e-09 1.26472e-09 3.09777e-10 6.46408e-11 1.10729e-11 1.4124e-12 9.62232e-14 0 
0 3.56214e-11 2.97765e-10 1.30731e-09 4.21714e-09 1.10875e-08 2.4876e-08 4.88357e-08 8.52309e-08 1.33745e-07 1.9037e-07 2.47564e-07 2.95915e-07 3.26794e-07 3.34929e-07 3.19876e-07 2.85903e-07 2.40465e-07 1.91983e-07 1.47759e-07 1.1262e-07 8.84811e-08 7.46185e-08 6.83018e-08 6.55866e-08 6.23482e-08 5.56365e-08 4.48675e-08 3.19086e-08 1.97196e-08 1.05135e-08 4.82883e-09 1.9152e-09 6.58113e-10 1.96175e-10 5.0519e-11 1.10729e-11 1.98872e-12 2.65307e-13 1.88506e-14 0 
0 4.37367e-12 3.549e-11 1.51563e-10 4.76928e-10 1.22731e-09 2.70503e-09 5.23571e-09 9.03996e-09 1.40766e-08 1.99335e-08 2.58422e-08 3.08433e-08 3.40528e-08 3.49258e-08 3.34113e-08 2.99435e-08 2.52873e-08 2.03092e-08 1.57598e-08 1.21327e-08 9.61657e-09 8.12326e-09 7.35986e-09 6.9245e-09 6.42476e-09 5.60814e-09 4.45241e-09 3.14587e-09 1.9527e-09 1.05774e-09 4.98832e-10 2.04853e-10 7.33079e-11 2.28361e-11 6.15544e-12 1.4124e-12 2.65307e-13 3.6955e-14 2.73567e-15 0 
0 2.90207e-13 2.28966e-12 9.52528e-12 2.92712e-11 7.37756e-11 1.59755e-10 3.04757e-10 5.20174e-10 8.02951e-10 1.12992e-09 1.45876e-09 1.73694e-09 1.91607e-09 1.96621e-09 1.88437e-09 1.69419e-09 1.4376e-09 1.16232e-09 9.09809e-10 7.07291e-10 5.64946e-10 4.77429e-10 4.28199e-10 3.95489e-10 3.5926e-10 3.07833e-10 2.41396e-10 1.69873e-10 1.06002e-10 5.82661e-11 2.81234e-11 1.1905e-11 4.41531e-12 1.43071e-12 4.01991e-13 9.62232e-14 1.88506e-14 2.73567e-15 2.10676e-16 0 
0 0 0 0 0 0 0 0 0 0 0 0 0 0 0 0 0 0 0 0 0 0 0 0 0 0 0 0 0 0 0 0 0 0 0 0 0 0 0 0 0 
