0 0 0 0 0 0 0 0 0 0 0 0 0 0 0 0 0 0 0 0 0 0 0 0 0 0 0 0 0 0 0 0 0 0 0 0 0 0 0 0 0 
0 1.83891e-07 1.65087e-06 7.37726e-06 2.27272e-05 5.35619e-05 0.000102249 0.000165223 0.000234613 0.00030193 0.000360679 0.000406977 0.000439037 0.000456399 0.000459362 0.000448665 0.000425366 0.000390865 0.000347008 0.000296231 0.000241638 0.000186908 0.000135914 9.20686e-05 5.75865e-05 3.29998e-05 1.72226e-05 8.15639e-06 3.50035e-06 1.36182e-06 4.81004e-07 1.54478e-07 4.51442e-08 1.19919e-08 2.88313e-09 6.21169e-10 1.17495e-10 1.86894e-11 2.25623e-12 1.47677e-13 0 
0 1.65087e-06 1.52229e-05 6.7633e-05 0.000198024 0.000424135 0.00071412 0.00100976 0.00126886 0.00147726 0.00163671 0.00175263 0.00182921 0.00186904 0.00187412 0.00184651 0.00178854 0.00170241 0.00158969 0.00145091 0.00128597 0.00109596 0.000886124 0.000668812 0.000463171 0.000289702 0.000161732 8.00898e-05 3.51625e-05 1.3739e-05 4.80578e-06 1.51382e-06 4.31289e-07 1.1131e-07 2.596e-08 5.42396e-09 9.95448e-10 1.53795e-10 1.80583e-11 1.15141e-12 0 
0 7.37726e-06 6.7633e-05 0.000281644 0.000721505 0.00129438 0.00183357 0.00227341 0.00263371 0.00294043 0.00320029 0.00340766 0.00355408 0.00363346 0.00364404 0.0035888 0.00347486 0.00331249 0.00311353 0.00288926 0.00264748 0.00238914 0.0021062 0.00178478 0.00141791 0.00102398 0.000652393 0.000359024 0.000169362 6.88211e-05 2.43874e-05 7.6404e-06 2.14004e-06 5.39425e-07 1.22464e-07 2.4876e-08 4.43863e-09 6.67236e-10 7.6324e-11 4.7479e-12 0 
0 2.27272e-05 0.000198024 0.000721505 0.00152266 0.00228984 0.00292927 0.00351341 0.00407924 0.00461297 0.00508479 0.00546655 0.00573732 0.00588489 0.0059061 0.00580628 0.00559818 0.00530037 0.00493544 0.00452803 0.00410269 0.00368103 0.00327679 0.00288783 0.00248861 0.00203732 0.00151478 0.000973775 0.000522518 0.000231808 8.61359e-05 2.74351e-05 7.65634e-06 1.90046e-06 4.2228e-07 8.37187e-08 1.45673e-08 2.13609e-09 2.3857e-10 1.45086e-11 0 
0 5.35619e-05 0.000424135 0.00129438 0.00228984 0.00315793 0.00400667 0.00489299 0.00578339 0.00662338 0.00736197 0.00795722 0.00837857 0.00860833 0.00864213 0.00848827 0.00816606 0.00770347 0.00713421 0.0064949 0.00582235 0.00515134 0.00451269 0.00392965 0.00340876 0.00292294 0.0024038 0.00178906 0.00112478 0.000569764 0.000231084 7.69578e-05 2.1776e-05 5.3801e-06 1.17812e-06 2.29074e-07 3.90164e-08 5.59815e-09 6.12095e-10 3.64782e-11 0 
0 0.000102249 0.00071412 0.00183357 0.00292927 0.00400667 0.00518966 0.0064472 0.00770385 0.00888381 0.00991867 0.0107515 0.0113407 0.011662 0.0117095 0.0114948 0.0110448 0.010398 0.00960094 0.00870383 0.00775671 0.00680632 0.0058939 0.00505398 0.00431234 0.00367686 0.0031132 0.00252524 0.00182095 0.00107116 0.000489787 0.000175538 5.13593e-05 1.27845e-05 2.78035e-06 5.33074e-07 8.92418e-08 1.25719e-08 1.34969e-09 7.90293e-11 0 
0 0.000165223 0.00100976 0.00227341 0.00351341 0.00489299 0.0064472 0.00809237 0.00973067 0.0112664 0.012612 0.0136944 0.0144597 0.0148768 0.0149382 0.014659 0.014074 0.0132331 0.0121965 0.0110286 0.00979404 0.00855231 0.00735538 0.00624587 0.00525684 0.00441073 0.00370771 0.0030907 0.00242554 0.00162536 0.000847591 0.000334087 0.000102924 2.6126e-05 5.68698e-06 1.081e-06 1.78622e-07 2.47925e-08 2.62135e-09 1.51216e-10 0 
0 0.000234613 0.00126886 0.00263371 0.00407924 0.00578339 0.00770385 0.00973067 0.0117464 0.0136346 0.0152883 0.0166183 0.0175599 0.0180742 0.0181495 0.0178036 0.0170815 0.0160463 0.0147713 0.0133349 0.0118154 0.0102855 0.00880826 0.0074344 0.00620235 0.00513913 0.00425867 0.00354099 0.0028825 0.00211537 0.00124342 0.000543551 0.000178591 4.66936e-05 1.02435e-05 1.94002e-06 3.17652e-07 4.3586e-08 4.5522e-09 2.59403e-10 0 
0 0.00030193 0.00147726 0.00294043 0.00461297 0.00662338 0.00888381 0.0112664 0.0136346 0.0158521 0.0177948 0.0193623 0.0204808 0.021097 0.021187 0.0207699 0.019906 0.0186789 0.017177 0.0154887 0.013703 0.0119043 0.0101659 0.00854656 0.00708995 0.00582566 0.00477126 0.00392481 0.00322238 0.00249246 0.00160926 0.00077572 0.000273106 7.40082e-05 1.64462e-05 3.11594e-06 5.07299e-07 6.90245e-08 7.14112e-09 4.03019e-10 0 
0 0.000360679 0.00163671 0.00320029 0.00508479 0.00736197 0.00991867 0.012612 0.0152883 0.0177948 0.0199971 0.0217862 0.0230648 0.0237611 0.0238607 0.0233892 0.0224013 0.0209932 0.0192808 0.0173679 0.015349 0.0133157 0.0113496 0.00951675 0.00786539 0.00642745 0.00522131 0.00425137 0.00348018 0.00276232 0.00190421 0.000996421 0.000374535 0.000105347 2.3777e-05 4.51919e-06 7.33603e-07 9.92445e-08 1.0197e-08 5.71327e-10 0 
0 0.000406977 0.00175263 0.00340766 0.00546655 0.00795722 0.0107515 0.0136944 0.0166183 0.0193623 0.0217862 0.0237439 0.0250902 0.0257859 0.0258796 0.0254087 0.0243857 0.0228629 0.0209758 0.0188726 0.0166637 0.0144422 0.0122941 0.0102907 0.00848417 0.00690832 0.00558178 0.00451057 0.00367127 0.00294561 0.00211704 0.00117876 0.000468208 0.000136245 3.1233e-05 5.96367e-06 9.67186e-07 1.30386e-07 1.33348e-08 7.43403e-10 0 
0 0.000439037 0.00182921 0.00355408 0.00573732 0.00837857 0.0113407 0.0144597 0.0175599 0.0204808 0.0230648 0.0250902 0.0264026 0.027051 0.0271327 0.0266879 0.0257024 0.0241647 0.0221753 0.0199305 0.0175821 0.0152274 0.0129517 0.0108289 0.0089139 0.00724195 0.00583171 0.00468929 0.0037979 0.00305847 0.00225228 0.00130782 0.000541118 0.000161745 3.75717e-05 7.20801e-06 1.16943e-06 1.57384e-07 1.60539e-08 8.92346e-10 0 
0 0.000456399 0.00186904 0.00363346 0.00588489 0.00860833 0.011662 0.0148768 0.0180742 0.021097 0.0237611 0.0257859 0.027051 0.0276646 0.0277375 0.0273085 0.0263566 0.0248409 0.022817 0.0204946 0.0180667 0.0156392 0.0132949 0.0111084 0.00913586 0.00741302 0.00595855 0.00477832 0.0038583 0.00311001 0.00231845 0.00137842 0.000584578 0.000177772 4.16736e-05 8.02611e-06 1.30363e-06 1.75411e-07 1.78785e-08 9.92732e-10 0 
0 0.000459362 0.00187412 0.00364404 0.0059061 0.00864213 0.0117095 0.0149382 0.0181495 0.021187 0.0238607 0.0258796 0.0271327 0.0277375 0.0278056 0.0273758 0.0264267 0.0249136 0.0228841 0.0205484 0.018108 0.0156705 0.0133178 0.011124 0.0091453 0.00741727 0.00595838 0.00477427 0.00385154 0.00310499 0.00232266 0.00139102 0.000594891 0.000182107 4.28707e-05 8.27768e-06 1.34665e-06 1.81406e-07 1.85066e-08 1.02847e-09 0 
0 0.000448665 0.00184651 0.0035888 0.00580628 0.00848827 0.0114948 0.014659 0.0178036 0.0207699 0.0233892 0.0254087 0.0266879 0.0273085 0.0273758 0.0269298 0.0259526 0.0244166 0.0224009 0.0201131 0.0177257 0.0153385 0.0130343 0.0108867 0.00895055 0.00726067 0.00583511 0.00467939 0.00377911 0.00304599 0.0022693 0.00134894 0.000572936 0.000174762 4.11202e-05 7.94975e-06 1.29607e-06 1.75035e-07 1.79053e-08 9.97865e-10 0 
0 0.000425366 0.00178854 0.00347486 0.00559818 0.00816606 0.0110448 0.014074 0.0170815 0.019906 0.0224013 0.0243857 0.0257024 0.0263566 0.0264267 0.0259526 0.0249311 0.0233809 0.0214264 0.019245 0.0169656 0.0146809 0.0124756 0.0104215 0.00857098 0.00695762 0.00559892 0.00450025 0.00364429 0.00293388 0.00216037 0.00125751 0.000523526 0.00015781 3.69821e-05 7.15498e-06 1.17017e-06 1.58713e-07 1.63145e-08 9.13868e-10 0 
0 0.000390865 0.00170241 0.00331249 0.00530037 0.00770347 0.010398 0.0132331 0.0160463 0.0186789 0.0209932 0.0228629 0.0241647 0.0248409 0.0249136 0.0244166 0.0233809 0.0218826 0.0200538 0.0180228 0.0158913 0.0137512 0.011686 0.00976389 0.00803414 0.00652849 0.00526401 0.00424563 0.00345017 0.00276714 0.00199675 0.00112489 0.000454762 0.000134825 3.14334e-05 6.09197e-06 1.0015e-06 1.36767e-07 1.41659e-08 7.9984e-10 0 
0 0.000347008 0.00158969 0.00311353 0.00493544 0.00713421 0.00960094 0.0121965 0.0147713 0.017177 0.0192808 0.0209758 0.0221753 0.022817 0.0228841 0.0224009 0.0214264 0.0200538 0.0183895 0.0165327 0.0145774 0.0126131 0.0107184 0.00895622 0.00737235 0.00599666 0.00484585 0.00392338 0.00319657 0.00254108 0.00178099 0.000963712 0.00037719 0.000110071 2.55998e-05 4.98714e-06 8.27175e-07 1.14155e-07 1.19565e-08 6.82761e-10 0 
0 0.000296231 0.00145091 0.00288926 0.00452803 0.0064949 0.00870383 0.0110286 0.0133349 0.0154887 0.0173679 0.0188726 0.0199305 0.0204946 0.0205484 0.0201131 0.019245 0.0180228 0.0165327 0.0148635 0.0131034 0.0113348 0.00962908 0.0080432 0.00661926 0.00538539 0.0043578 0.00353653 0.00287687 0.00224956 0.00152233 0.000792273 0.000302442 8.76549e-05 2.05007e-05 4.04131e-06 6.79975e-07 9.52587e-08 1.01261e-08 5.86492e-10 0 
0 0.000241638 0.00128597 0.00264748 0.00410269 0.00582235 0.00775671 0.00979404 0.0118154 0.013703 0.015349 0.0166637 0.0175821 0.0180667 0.018108 0.0177257 0.0169656 0.0158913 0.0145774 0.0131034 0.0115478 0.00998358 0.00847354 0.00706856 0.0058069 0.00471502 0.00380775 0.00307964 0.00247869 0.00189281 0.00124253 0.000633436 0.000241328 7.08254e-05 1.68841e-05 3.397e-06 5.82761e-07 8.30903e-08 8.97177e-09 5.26789e-10 0 
0 0.000186908 0.00109596 0.00238914 0.00368103 0.00515134 0.00680632 0.00855231 0.0102855 0.0119043 0.0133157 0.0144422 0.0152274 0.0156392 0.0156705 0.0153385 0.0146809 0.0137512 0.0126131 0.0113348 0.00998358 0.00862165 0.00730313 0.00607238 0.00496365 0.00400124 0.00319731 0.00254357 0.00199939 0.00149329 0.000976691 0.000509285 0.000201682 6.15865e-05 1.51693e-05 3.12784e-06 5.46311e-07 7.89187e-08 8.60233e-09 5.08489e-10 0 
0 0.000135914 0.000886124 0.0021062 0.00327679 0.00451269 0.0058939 0.00735538 0.00880826 0.0101659 0.0113496 0.0122941 0.0129517 0.0132949 0.0133178 0.0130343 0.0124756 0.011686 0.0107184 0.00962908 0.00847354 0.00730313 0.00616272 0.00508977 0.00411465 0.00326108 0.00254405 0.00196389 0.00150083 0.00111551 0.000760966 0.000430804 0.000185971 6.04734e-05 1.54383e-05 3.23686e-06 5.68554e-07 8.21095e-08 8.91927e-09 5.24472e-10 0 
0 9.20686e-05 0.000668812 0.00178478 0.00288783 0.00392965 0.00505398 0.00624587 0.0074344 0.00854656 0.00951675 0.0102907 0.0108289 0.0111084 0.011124 0.0108867 0.0104215 0.00976389 0.00895622 0.0080432 0.00706856 0.00607238 0.00508977 0.0041519 0.00329275 0.00256028 0.00200194 0.0016005 0.00126427 0.000937521 0.000643948 0.000393796 0.000189306 6.62059e-05 1.73789e-05 3.6455e-06 6.33003e-07 8.99994e-08 9.61686e-09 5.56501e-10 0 
0 5.75865e-05 0.000463171 0.00141791 0.00248861 0.00340876 0.00431234 0.00525684 0.00620235 0.00708995 0.00786539 0.00848417 0.0089139 0.00913586 0.0091453 0.00895055 0.00857098 0.00803414 0.00737235 0.00661926 0.0058069 0.00496365 0.00411465 0.00329275 0.00258045 0.00215053 0.00212874 0.00230318 0.00218983 0.00160864 0.000911521 0.000450624 0.000208654 7.60637e-05 2.02199e-05 4.1769e-06 7.0747e-07 9.80319e-08 1.02271e-08 5.79155e-10 0 
0 3.29998e-05 0.000289702 0.00102398 0.00203732 0.00292294 0.00367686 0.00441073 0.00513913 0.00582566 0.00642745 0.00690832 0.00724195 0.00741302 0.00741727 0.00726067 0.00695762 0.00652849 0.00599666 0.00538539 0.00471502 0.00400124 0.00326108 0.00256028 0.00215053 0.00252758 0.00398479 0.00575079 0.00615334 0.00452685 0.0023042 0.000851737 0.000278596 8.94549e-05 2.29549e-05 4.57732e-06 7.49214e-07 1.00795e-07 1.02525e-08 5.6803e-10 0 
0 1.72226e-05 0.000161732 0.000652393 0.00151478 0.0024038 0.0031132 0.00370771 0.00425867 0.00477126 0.00522131 0.00558178 0.00583171 0.00595855 0.00595838 0.00583511 0.00559892 0.00526401 0.00484585 0.0043578 0.00380775 0.00319731 0.00254405 0.00200194 0.00212874 0.00398479 0.00827202 0.0142417 0.0162675 0.0109213 0.00531716 0.0018 0.000454119 0.000109511 2.47276e-05 4.60465e-06 7.21433e-07 9.4269e-08 9.38007e-09 5.10384e-10 0 
0 8.15639e-06 8.00898e-05 0.000359024 0.000973775 0.00178906 0.00252524 0.0030907 0.00354099 0.00392481 0.00425137 0.00451057 0.00468929 0.00477832 0.00477427 0.00467939 0.00450025 0.00424563 0.00392338 0.00353653 0.00307964 0.00254357 0.00196389 0.0016005 0.00230318 0.00575079 0.0142417 0.020268 0.0209315 0.0185227 0.00897977 0.00288517 0.000665857 0.000129482 2.44788e-05 4.12538e-06 6.13914e-07 7.82027e-08 7.66317e-09 4.12203e-10 0 
0 3.50035e-06 3.51625e-05 0.000169362 0.000522518 0.00112478 0.00182095 0.00242554 0.0028825 0.00322238 0.00348018 0.00367127 0.0037979 0.0038583 0.00385154 0.00377911 0.00364429 0.00345017 0.00319657 0.00287687 0.00247869 0.00199939 0.00150083 0.00126427 0.00218983 0.00615334 0.0162675 0.0209315 0.0214794 0.019716 0.0105459 0.00317758 0.000715081 0.000126513 2.08369e-05 3.18157e-06 4.51631e-07 5.65776e-08 5.51116e-09 2.95537e-10 0 
0 1.36182e-06 1.3739e-05 6.88211e-05 0.000231808 0.000569764 0.00107116 0.00162536 0.00211537 0.00249246 0.00276232 0.00294561 0.00305847 0.00311001 0.00310499 0.00304599 0.00293388 0.00276714 0.00254108 0.00224956 0.00189281 0.00149329 0.00111551 0.000937521 0.00160864 0.00452685 0.0109213 0.0185227 0.019716 0.0153986 0.0071584 0.0023541 0.000529592 9.19897e-05 1.41608e-05 2.03582e-06 2.82253e-07 3.5317e-08 3.45911e-09 1.86664e-10 0 
0 4.81004e-07 4.80578e-06 2.43874e-05 8.61359e-05 0.000231084 0.000489787 0.000847591 0.00124342 0.00160926 0.00190421 0.00211704 0.00225228 0.00231845 0.00232266 0.0022693 0.00216037 0.00199675 0.00178099 0.00152233 0.00124253 0.000976691 0.000760966 0.000643948 0.000911521 0.0023042 0.00531716 0.00897977 0.0105459 0.0071584 0.00353416 0.00116952 0.000269065 4.8085e-05 7.35608e-06 1.05538e-06 1.48443e-07 1.89276e-08 1.88693e-09 1.0343e-10 0 
0 1.54478e-07 1.51382e-06 7.6404e-06 2.74351e-05 7.69578e-05 0.000175538 0.000334087 0.000543551 0.00077572 0.000996421 0.00117876 0.00130782 0.00137842 0.00139102 0.00134894 0.00125751 0.00112489 0.000963712 0.000792273 0.000633436 0.000509285 0.000430804 0.000393796 0.000450624 0.000851737 0.0018 0.00288517 0.00317758 0.0023541 0.00116952 0.00039531 9.61274e-05 1.81845e-05 2.9174e-06 4.44057e-07 6.58239e-08 8.71272e-09 8.93846e-10 5.0193e-11 0 
0 4.51442e-08 4.31289e-07 2.14004e-06 7.65634e-06 2.1776e-05 5.13593e-05 0.000102924 0.000178591 0.000273106 0.000374535 0.000468208 0.000541118 0.000584578 0.000594891 0.000572936 0.000523526 0.000454762 0.00037719 0.000302442 0.000241328 0.000201682 0.000185971 0.000189306 0.000208654 0.000278596 0.000454119 0.000665857 0.000715081 0.000529592 0.000269065 9.61274e-05 2.52143e-05 5.16629e-06 9.18398e-07 1.55539e-07 2.48764e-08 3.45816e-09 3.6811e-10 2.13253e-11 0 
0 1.19919e-08 1.1131e-07 5.39425e-07 1.90046e-06 5.3801e-06 1.27845e-05 2.6126e-05 4.66936e-05 7.40082e-05 0.000105347 0.000136245 0.000161745 0.000177772 0.000182107 0.000174762 0.00015781 0.000134825 0.000110071 8.76549e-05 7.08254e-05 6.15865e-05 6.04734e-05 6.62059e-05 7.60637e-05 8.94549e-05 0.000109511 0.000129482 0.000126513 9.19897e-05 4.8085e-05 1.81845e-05 5.16629e-06 1.19056e-06 2.44577e-07 4.68207e-08 8.10737e-09 1.18857e-09 1.31968e-10 7.92876e-12 0 
0 2.88313e-09 2.596e-08 1.22464e-07 4.2228e-07 1.17812e-06 2.78035e-06 5.68698e-06 1.02435e-05 1.64462e-05 2.3777e-05 3.1233e-05 3.75717e-05 4.16736e-05 4.28707e-05 4.11202e-05 3.69821e-05 3.14334e-05 2.55998e-05 2.05007e-05 1.68841e-05 1.51693e-05 1.54383e-05 1.73789e-05 2.02199e-05 2.29549e-05 2.47276e-05 2.44788e-05 2.08369e-05 1.41608e-05 7.35608e-06 2.9174e-06 9.18398e-07 2.44577e-07 5.79854e-08 1.23348e-08 2.29197e-09 3.54318e-10 4.11543e-11 2.57341e-12 0 
0 6.21169e-10 5.42396e-09 2.4876e-08 8.37187e-08 2.29074e-07 5.33074e-07 1.081e-06 1.94002e-06 3.11594e-06 4.51919e-06 5.96367e-06 7.20801e-06 8.02611e-06 8.27768e-06 7.94975e-06 7.15498e-06 6.09197e-06 4.98714e-06 4.04131e-06 3.397e-06 3.12784e-06 3.23686e-06 3.6455e-06 4.1769e-06 4.57732e-06 4.60465e-06 4.12538e-06 3.18157e-06 2.03582e-06 1.05538e-06 4.44057e-07 1.55539e-07 4.68207e-08 1.23348e-08 2.83862e-09 5.60454e-10 9.12356e-11 1.10996e-11 7.23807e-13 0 
0 1.17495e-10 9.95448e-10 4.43863e-09 1.45673e-08 3.90164e-08 8.92418e-08 1.78622e-07 3.17652e-07 5.07299e-07 7.33603e-07 9.67186e-07 1.16943e-06 1.30363e-06 1.34665e-06 1.29607e-06 1.17017e-06 1.0015e-06 8.27175e-07 6.79975e-07 5.82761e-07 5.46311e-07 5.68554e-07 6.33003e-07 7.0747e-07 7.49214e-07 7.21433e-07 6.13914e-07 4.51631e-07 2.82253e-07 1.48443e-07 6.58239e-08 2.48764e-08 8.10737e-09 2.29197e-09 5.60454e-10 1.16821e-10 1.99916e-11 2.54738e-12 1.73355e-13 0 
0 1.86894e-11 1.53795e-10 6.67236e-10 2.13609e-09 5.59815e-09 1.25719e-08 2.47925e-08 4.3586e-08 6.90245e-08 9.92445e-08 1.30386e-07 1.57384e-07 1.75411e-07 1.81406e-07 1.75035e-07 1.58713e-07 1.36767e-07 1.14155e-07 9.52587e-08 8.30903e-08 7.89187e-08 8.21095e-08 8.99994e-08 9.80319e-08 1.00795e-07 9.4269e-08 7.82027e-08 5.65776e-08 3.5317e-08 1.89276e-08 8.71272e-09 3.45816e-09 1.18857e-09 3.54318e-10 9.12356e-11 1.99916e-11 3.5888e-12 4.78459e-13 3.39688e-14 0 
0 2.25623e-12 1.80583e-11 7.6324e-11 2.3857e-10 6.12095e-10 1.34969e-09 2.62135e-09 4.5522e-09 7.14112e-09 1.0197e-08 1.33348e-08 1.60539e-08 1.78785e-08 1.85066e-08 1.79053e-08 1.63145e-08 1.41659e-08 1.19565e-08 1.01261e-08 8.97177e-09 8.60233e-09 8.91927e-09 9.61686e-09 1.02271e-08 1.02525e-08 9.38007e-09 7.66317e-09 5.51116e-09 3.45911e-09 1.88693e-09 8.93846e-10 3.6811e-10 1.31968e-10 4.11543e-11 1.10996e-11 2.54738e-12 4.78459e-13 6.66237e-14 4.92952e-15 0 
0 1.47677e-13 1.15141e-12 4.7479e-12 1.45086e-11 3.64782e-11 7.90293e-11 1.51216e-10 2.59403e-10 4.03019e-10 5.71327e-10 7.43403e-10 8.92346e-10 9.92732e-10 1.02847e-09 9.97865e-10 9.13868e-10 7.9984e-10 6.82761e-10 5.86492e-10 5.26789e-10 5.08489e-10 5.24472e-10 5.56501e-10 5.79155e-10 5.6803e-10 5.10384e-10 4.12203e-10 2.95537e-10 1.86664e-10 1.0343e-10 5.0193e-11 2.13253e-11 7.92876e-12 2.57341e-12 7.23807e-13 1.73355e-13 3.39688e-14 4.92952e-15 3.79535e-16 0 
0 0 0 0 0 0 0 0 0 0 0 0 0 0 0 0 0 0 0 0 0 0 0 0 0 0 0 0 0 0 0 0 0 0 0 0 0 0 0 0 0 
