0 0 0 0 0 0 0 0 0 0 0 0 0 0 0 0 0 0 0 0 0 0 0 0 0 0 0 0 0 0 0 0 0 0 0 0 0 0 0 0 0 
0 4.43612e-09 4.18311e-08 2.06577e-07 7.45222e-07 2.17236e-06 5.34467e-06 1.13595e-05 2.11722e-05 3.50036e-05 5.18383e-05 6.93706e-05 8.45328e-05 9.44036e-05 9.70992e-05 9.22953e-05 8.12278e-05 6.62294e-05 5.00089e-05 3.49343e-05 2.25487e-05 1.34329e-05 7.38047e-06 3.73944e-06 1.74803e-06 7.54695e-07 3.01391e-07 1.1153e-07 3.83114e-08 1.22357e-08 3.63703e-09 1.0064e-09 2.58935e-10 6.17439e-11 1.3556e-11 2.70714e-12 4.80736e-13 7.25713e-14 8.39027e-15 5.29913e-16 0 
0 4.18311e-08 4.10633e-07 2.10788e-06 7.87549e-06 2.36441e-05 5.94852e-05 0.000128246 0.00024052 0.000397361 0.000585166 0.000776849 0.000939288 0.00104314 0.00107072 0.0010196 0.000902047 0.000741016 0.000564087 0.000396784 0.000257142 0.00015316 8.37199e-05 4.19838e-05 1.93308e-05 8.18588e-06 3.19541e-06 1.15281e-06 3.85364e-07 1.19634e-07 3.45479e-08 9.28697e-09 2.32208e-09 5.38461e-10 1.15068e-10 2.23906e-11 3.87882e-12 5.71914e-13 6.46633e-14 3.99891e-15 0 
0 2.06577e-07 2.10788e-06 1.122e-05 4.32293e-05 0.000132693 0.000337503 0.000726316 0.00134313 0.0021672 0.00310165 0.00400286 0.00472841 0.00517345 0.00528528 0.00506253 0.00454855 0.00382304 0.00299062 0.00216332 0.00143754 0.000872702 0.000482349 0.000242477 0.000111003 4.64094e-05 1.77878e-05 6.27547e-06 2.04572e-06 6.1825e-07 1.73651e-07 4.53907e-08 1.10386e-08 2.49121e-09 5.18585e-10 9.84036e-11 1.66437e-11 2.39904e-12 2.65509e-13 1.60927e-14 0 
0 7.45222e-07 7.87549e-06 4.32293e-05 0.000170222 0.00052657 0.00132518 0.00276544 0.00487305 0.00741502 0.00999595 0.0122389 0.0138941 0.0148432 0.0150581 0.0145639 0.0134225 0.0117343 0.00965071 0.00738395 0.00519022 0.00331261 0.00190363 0.000981391 0.000454415 0.000189866 7.20476e-05 2.49967e-05 7.97771e-06 2.35387e-06 6.44488e-07 1.64114e-07 3.8881e-08 8.55229e-09 1.73657e-09 3.21761e-10 5.32023e-11 7.50616e-12 8.14167e-13 4.8425e-14 0 
0 2.17236e-06 2.36441e-05 0.000132693 0.00052657 0.00160553 0.00387293 0.00754083 0.0121875 0.0169735 0.0211747 0.0244276 0.026639 0.0278315 0.0280596 0.0273816 0.0258526 0.023527 0.0204736 0.0168196 0.0128177 0.00888076 0.00549305 0.00299831 0.00144081 0.000612985 0.000233242 8.02581e-05 2.5222e-05 7.29568e-06 1.95344e-06 4.85854e-07 1.12389e-07 2.41434e-08 4.79092e-09 8.68295e-10 1.40587e-10 1.9446e-11 2.07041e-12 1.21026e-13 0 
0 5.34467e-06 5.94852e-05 0.000337503 0.00132518 0.00387293 0.00864611 0.0152058 0.0221457 0.0282753 0.0331532 0.0367671 0.0391911 0.0404828 0.0406917 0.0398794 0.0381232 0.0355018 0.0320725 0.0278601 0.0229025 0.0173946 0.0118571 0.00706782 0.00363294 0.00161245 0.000625842 0.000216016 6.73479e-05 1.91983e-05 5.04674e-06 1.22995e-06 2.78571e-07 5.85896e-08 1.13879e-08 2.02313e-09 3.2141e-10 4.36693e-11 4.57238e-12 2.63161e-13 0 
0 1.13595e-05 0.000128246 0.000726316 0.00276544 0.00754083 0.0152058 0.0239976 0.0320336 0.0386745 0.043977 0.0480301 0.0508277 0.0523381 0.0525643 0.0515668 0.049461 0.0463969 0.0425251 0.0379462 0.0326644 0.0266156 0.0198955 0.0131216 0.00738837 0.00350653 0.0014157 0.00049679 0.000155024 4.38136e-05 1.13584e-05 2.72237e-06 6.05607e-07 1.2506e-07 2.38714e-08 4.16737e-09 6.51128e-10 8.70942e-11 8.98748e-12 5.10387e-13 0 
0 2.11722e-05 0.00024052 0.00134313 0.00487305 0.0121875 0.0221457 0.0320336 0.0405635 0.0477729 0.0537904 0.0585397 0.0618735 0.0636844 0.0639489 0.0627344 0.0601896 0.0565229 0.0519723 0.0467592 0.0410183 0.0347168 0.027679 0.0199518 0.0123814 0.00638975 0.00273128 0.00098781 0.000311411 8.7818e-05 2.25582e-05 5.33775e-06 1.17022e-06 2.38002e-07 4.47447e-08 7.697e-09 1.18589e-09 1.56563e-10 1.59632e-11 8.96741e-13 0 
0 3.50036e-05 0.000397361 0.0021672 0.00741502 0.0169735 0.0282753 0.0386745 0.0477729 0.0558064 0.0627062 0.0682206 0.0721086 0.0742214 0.0745246 0.0730961 0.0701124 0.0658252 0.0605324 0.0545404 0.0481085 0.0413546 0.0341463 0.026192 0.0176845 0.00995177 0.00455232 0.0017156 0.000551002 0.000155977 3.98839e-05 9.35322e-06 2.02795e-06 4.07552e-07 7.57024e-08 1.2871e-08 1.96137e-09 2.56344e-10 2.5903e-11 1.44388e-12 0 
0 5.18383e-05 0.000585166 0.00310165 0.00999595 0.0211747 0.0331532 0.043977 0.0537904 0.0627062 0.0704519 0.0766627 0.0810436 0.083421 0.0837551 0.0821346 0.0787597 0.0739161 0.0679453 0.0612092 0.054046 0.0466973 0.0391775 0.0311723 0.0223925 0.013599 0.00666348 0.00263175 0.000866226 0.000247364 6.32243e-05 1.47494e-05 3.17393e-06 6.32473e-07 1.16474e-07 1.96406e-08 2.97059e-09 3.8574e-10 3.87758e-11 2.15345e-12 0 
0 6.93706e-05 0.000776849 0.00400286 0.0122389 0.0244276 0.0367671 0.0480301 0.0585397 0.0682206 0.0766627 0.0834355 0.0882099 0.0907956 0.09115 0.089371 0.0856777 0.080383 0.0738609 0.0665113 0.0587205 0.0508056 0.0429036 0.0348041 0.0260285 0.0167649 0.00873032 0.00361114 0.001221 0.000352868 9.04583e-05 2.10664e-05 4.51555e-06 8.95583e-07 1.64153e-07 2.75662e-08 4.15617e-09 5.38716e-10 5.41466e-11 3.0127e-12 0 
0 8.45328e-05 0.000939288 0.00472841 0.0138941 0.026639 0.0391911 0.0508277 0.0618735 0.0721086 0.0810436 0.0882099 0.093257 0.0959841 0.0963471 0.0944508 0.0905281 0.0849113 0.0779972 0.0702106 0.061967 0.0536255 0.0453992 0.0371838 0.0284811 0.0191049 0.0104335 0.00449144 0.00155804 0.000456294 0.000117632 2.74411e-05 5.88205e-06 1.1662e-06 2.13777e-07 3.5941e-08 5.43353e-09 7.07607e-10 7.16296e-11 4.0249e-12 0 
0 9.44036e-05 0.00104314 0.00517345 0.0148432 0.0278315 0.0404828 0.0523381 0.0636844 0.0742214 0.083421 0.0907956 0.0959841 0.0987804 0.0991403 0.0971727 0.0931188 0.0873218 0.080191 0.0721649 0.0636737 0.0550968 0.0466868 0.0384096 0.029802 0.020493 0.0115602 0.00512829 0.00181762 0.000539406 0.000140172 3.28797e-05 7.08214e-06 1.41171e-06 2.60524e-07 4.4183e-08 6.75504e-09 8.92315e-10 9.19226e-11 5.27397e-12 0 
0 9.70992e-05 0.00107072 0.00528528 0.0150581 0.0280596 0.0406917 0.0525643 0.0639489 0.0745246 0.0837551 0.09115 0.0963471 0.0991403 0.099486 0.097495 0.0934105 0.087578 0.0804094 0.0723455 0.0638189 0.0552136 0.0467954 0.0385619 0.0300854 0.0209378 0.0120231 0.00543601 0.00195836 0.000588773 0.000154703 3.66818e-05 7.99519e-06 1.61598e-06 3.03241e-07 5.24702e-08 8.21527e-09 1.11551e-09 1.18522e-10 7.03108e-12 0 
0 9.22953e-05 0.0010196 0.00506253 0.0145639 0.0273816 0.0398794 0.0515668 0.0627344 0.0730961 0.0821346 0.089371 0.0944508 0.0971727 0.097495 0.0955272 0.0915089 0.0857797 0.078744 0.0708345 0.0624753 0.0540417 0.045792 0.0377239 0.0294308 0.0205148 0.0118403 0.00540292 0.00197069 0.000601205 0.000160647 3.88443e-05 8.66462e-06 1.79983e-06 3.48685e-07 6.25647e-08 1.01957e-08 1.44442e-09 1.60219e-10 9.9096e-12 0 
0 8.12278e-05 0.000902047 0.00454855 0.0134225 0.0258526 0.0381232 0.049461 0.0601896 0.0701124 0.0787597 0.0856777 0.0905281 0.0931188 0.0934105 0.0915089 0.0876444 0.0821432 0.0753936 0.0678102 0.0597985 0.0517132 0.0437875 0.0359936 0.0279418 0.0193398 0.0111112 0.0050867 0.00187927 0.000585614 0.000160979 4.0309e-05 9.37124e-06 2.04078e-06 4.16367e-07 7.88619e-08 1.35612e-08 2.021e-09 2.34543e-10 1.50713e-11 0 
0 6.62294e-05 0.000741016 0.00382304 0.0117343 0.023527 0.0355018 0.0463969 0.0565229 0.0658252 0.0739161 0.080383 0.0849113 0.0873218 0.087578 0.0857797 0.0821432 0.0769749 0.0706392 0.0635242 0.0560072 0.0484107 0.0409253 0.0334839 0.0257347 0.0175679 0.00999894 0.00459788 0.00173586 0.000561341 0.000162137 4.30799e-05 1.07005e-05 2.49717e-06 5.45223e-07 1.09903e-07 1.99406e-08 3.10336e-09 3.72131e-10 2.44621e-11 0 
0 5.00089e-05 0.000564087 0.00299062 0.00965071 0.0204736 0.0320725 0.0425251 0.0519723 0.0605324 0.0679453 0.0738609 0.0779972 0.080191 0.0804094 0.078744 0.0753936 0.0706392 0.0648145 0.0582743 0.051358 0.0443427 0.0373632 0.0303195 0.0229561 0.0154057 0.00871381 0.00407558 0.00160711 0.000555038 0.000173825 5.0436e-05 1.36667e-05 3.4512e-06 8.04897e-07 1.70732e-07 3.21206e-08 5.11609e-09 6.21089e-10 4.09824e-11 0 
0 3.49343e-05 0.000396784 0.00216332 0.00738395 0.0168196 0.0278601 0.0379462 0.0467592 0.0545404 0.0612092 0.0665113 0.0702106 0.0721649 0.0723455 0.0708345 0.0678102 0.0635242 0.0582743 0.0523738 0.0461145 0.0397151 0.0332541 0.0266428 0.0198052 0.0131109 0.00748198 0.00365897 0.00156311 0.000599092 0.000209873 6.7628e-05 1.99978e-05 5.3921e-06 1.31447e-06 2.86189e-07 5.4481e-08 8.68782e-09 1.04797e-09 6.83529e-11 0 
0 2.25487e-05 0.000257142 0.00143754 0.00519022 0.0128177 0.0229025 0.0326644 0.0410183 0.0481085 0.054046 0.0587205 0.061967 0.0636737 0.0638189 0.0624753 0.0597985 0.0560072 0.051358 0.0461145 0.0405096 0.0347006 0.0287414 0.022638 0.0165483 0.0109598 0.00649724 0.00345977 0.00167058 0.000733649 0.000291183 0.000103452 3.26787e-05 9.15064e-06 2.26676e-06 4.93855e-07 9.31215e-08 1.4614e-08 1.72818e-09 1.10273e-10 0 
0 1.34329e-05 0.00015316 0.000872702 0.00331261 0.00888076 0.0173946 0.0266156 0.0347168 0.0413546 0.0466973 0.0508056 0.0536255 0.0550968 0.0552136 0.0540417 0.0517132 0.0484107 0.0443427 0.0397151 0.0347006 0.0294223 0.0239834 0.0185613 0.0134894 0.0091754 0.00586876 0.00353867 0.0019868 0.00101001 0.000450582 0.000172835 5.67451e-05 1.60478e-05 3.941e-06 8.42083e-07 1.54836e-07 2.36327e-08 2.71599e-09 1.68482e-10 0 
0 7.38047e-06 8.37199e-05 0.000482349 0.00190363 0.00549305 0.0118571 0.0198955 0.027679 0.0341463 0.0391775 0.0429036 0.0453992 0.0466868 0.0467954 0.045792 0.0437875 0.0409253 0.0373632 0.0332541 0.0287414 0.0239834 0.0192072 0.0147318 0.0108881 0.00785929 0.00559607 0.00389457 0.00255592 0.00149794 0.000743087 0.000302176 0.000100604 2.79965e-05 6.66718e-06 1.37465e-06 2.43727e-07 3.59053e-08 3.98986e-09 2.39836e-10 0 
0 3.73944e-06 4.19838e-05 0.000242477 0.000981391 0.00299831 0.00706782 0.0131216 0.0199518 0.026192 0.0311723 0.0348041 0.0371838 0.0384096 0.0385619 0.0377239 0.0359936 0.0334839 0.0303195 0.0266428 0.022638 0.0185613 0.0147318 0.0114491 0.008881 0.00701927 0.00571775 0.00470955 0.00366385 0.00246119 0.00133211 0.000559558 0.000182529 4.80884e-05 1.07549e-05 2.09805e-06 3.55176e-07 5.02705e-08 5.39012e-09 3.13762e-10 0 
0 1.74803e-06 1.93308e-05 0.000111003 0.000454415 0.00144081 0.00363294 0.00738837 0.0123814 0.0176845 0.0223925 0.0260285 0.0284811 0.029802 0.0300854 0.0294308 0.0279418 0.0257347 0.0229561 0.0198052 0.0165483 0.0134894 0.0108881 0.008881 0.00751245 0.00691868 0.00728691 0.00803722 0.00766075 0.00557788 0.0029994 0.00119747 0.00035857 8.38779e-05 1.66085e-05 2.95374e-06 4.70407e-07 6.37523e-08 6.59938e-09 3.72656e-10 0 
0 7.54695e-07 8.18588e-06 4.64094e-05 0.000189866 0.000612985 0.00161245 0.00350653 0.00638975 0.00995177 0.013599 0.0167649 0.0191049 0.020493 0.0209378 0.0205148 0.0193398 0.0175679 0.0154057 0.0131109 0.0109598 0.0091754 0.00785929 0.00701927 0.00691868 0.00880751 0.0140395 0.0202682 0.0216024 0.0159574 0.0081085 0.00290732 0.000763127 0.000151805 2.50152e-05 3.82919e-06 5.58482e-07 7.21253e-08 7.22656e-09 3.97443e-10 0 
0 3.01391e-07 3.19541e-06 1.77878e-05 7.20476e-05 0.000233242 0.000625842 0.0014157 0.00273128 0.00455232 0.00666348 0.00873032 0.0104335 0.0115602 0.0120231 0.0118403 0.0111112 0.00999894 0.00871381 0.00748198 0.00649724 0.00586876 0.00559607 0.00571775 0.00728691 0.0140395 0.0291556 0.0463502 0.0509072 0.0376971 0.0187448 0.00633182 0.00150518 0.000261681 3.58904e-05 4.54663e-06 5.87825e-07 7.18434e-08 6.99617e-09 3.77004e-10 0 
0 1.1153e-07 1.15281e-06 6.27547e-06 2.49967e-05 8.02581e-05 0.000216016 0.00049679 0.00098781 0.0017156 0.00263175 0.00361114 0.00449144 0.00512829 0.00543601 0.00540292 0.0050867 0.00459788 0.00407558 0.00365897 0.00345977 0.00353867 0.00389457 0.00470955 0.00803722 0.0202682 0.0463502 0.0757055 0.0838012 0.0620978 0.0307043 0.010169 0.00230521 0.000369995 4.46218e-05 4.76584e-06 5.39794e-07 6.22681e-08 5.93102e-09 3.15584e-10 0 
0 3.83114e-08 3.85364e-07 2.04572e-06 7.97771e-06 2.5222e-05 6.73479e-05 0.000155024 0.000311411 0.000551002 0.000866226 0.001221 0.00155804 0.00181762 0.00195836 0.00197069 0.00187927 0.00173586 0.00160711 0.00156311 0.00167058 0.0019868 0.00255592 0.00366385 0.00766075 0.0216024 0.0509072 0.0838012 0.092969 0.0689052 0.034017 0.011201 0.00249399 0.000384924 4.32165e-05 4.12533e-06 4.21066e-07 4.64232e-08 4.37073e-09 2.31765e-10 0 
0 1.22357e-08 1.19634e-07 6.1825e-07 2.35387e-06 7.29568e-06 1.91983e-05 4.38136e-05 8.7818e-05 0.000155977 0.000247364 0.000352868 0.000456294 0.000539406 0.000588773 0.000601205 0.000585614 0.000561341 0.000555038 0.000599092 0.000733649 0.00101001 0.00149794 0.00246119 0.00557788 0.0159574 0.0376971 0.0620978 0.0689052 0.0510712 0.0252098 0.00829679 0.00183954 0.000279494 3.04404e-05 2.77148e-06 2.70886e-07 2.94811e-08 2.78667e-09 1.4878e-10 0 
0 3.63703e-09 3.45479e-08 1.73651e-07 6.44488e-07 1.95344e-06 5.04674e-06 1.13584e-05 2.25582e-05 3.98839e-05 6.32243e-05 9.04583e-05 0.000117632 0.000140172 0.000154703 0.000160647 0.000160979 0.000162137 0.000173825 0.000209873 0.000291183 0.000450582 0.000743087 0.00133211 0.0029994 0.0081085 0.0187448 0.0307043 0.034017 0.0252098 0.0124588 0.00411404 0.000914767 0.000138794 1.51447e-05 1.40152e-06 1.41522e-07 1.58828e-08 1.53464e-09 8.33492e-11 0 
0 1.0064e-09 9.28697e-09 4.53907e-08 1.64114e-07 4.85854e-07 1.22995e-06 2.72237e-06 5.33775e-06 9.35322e-06 1.47494e-05 2.10664e-05 2.74411e-05 3.28797e-05 3.66818e-05 3.88443e-05 4.0309e-05 4.30799e-05 5.0436e-05 6.7628e-05 0.000103452 0.000172835 0.000302176 0.000559558 0.00119747 0.00290732 0.00633182 0.010169 0.011201 0.00829679 0.00411404 0.00136753 0.000306223 4.70639e-05 5.33592e-06 5.38608e-07 6.0612e-08 7.28899e-09 7.30923e-10 4.07499e-11 0 
0 2.58935e-10 2.32208e-09 1.10386e-08 3.8881e-08 1.12389e-07 2.78571e-07 6.05607e-07 1.17022e-06 2.02795e-06 3.17393e-06 4.51555e-06 5.88205e-06 7.08214e-06 7.99519e-06 8.66462e-06 9.37124e-06 1.07005e-05 1.36667e-05 1.99978e-05 3.26787e-05 5.67451e-05 0.000100604 0.000182529 0.00035857 0.000763127 0.00150518 0.00230521 0.00249399 0.00183954 0.000914767 0.000306223 6.95799e-05 1.11138e-05 1.38529e-06 1.65585e-07 2.19205e-08 2.87641e-09 3.01949e-10 1.74006e-11 0 
0 6.17439e-11 5.38461e-10 2.49121e-09 8.55229e-09 2.41434e-08 5.85896e-08 1.2506e-07 2.38002e-07 4.07552e-07 6.32473e-07 8.95583e-07 1.1662e-06 1.41171e-06 1.61598e-06 1.79983e-06 2.04078e-06 2.49717e-06 3.4512e-06 5.3921e-06 9.15064e-06 1.60478e-05 2.79965e-05 4.80884e-05 8.38779e-05 0.000151805 0.000261681 0.000369995 0.000384924 0.000279494 0.000138794 4.70639e-05 1.11138e-05 1.94624e-06 2.90809e-07 4.40187e-08 6.90034e-09 9.84185e-10 1.08455e-10 6.49152e-12 0 
0 1.3556e-11 1.15068e-10 5.18585e-10 1.73657e-09 4.79092e-09 1.13879e-08 2.38714e-08 4.47447e-08 7.57024e-08 1.16474e-07 1.64153e-07 2.13777e-07 2.60524e-07 3.03241e-07 3.48685e-07 4.16367e-07 5.45223e-07 8.04897e-07 1.31447e-06 2.26676e-06 3.941e-06 6.66718e-06 1.07549e-05 1.66085e-05 2.50152e-05 3.58904e-05 4.46218e-05 4.32165e-05 3.04404e-05 1.51447e-05 5.33592e-06 1.38529e-06 2.90809e-07 5.62168e-08 1.07078e-08 1.9141e-09 2.92716e-10 3.38634e-11 2.11165e-12 0 
0 2.70714e-12 2.23906e-11 9.84036e-11 3.21761e-10 8.68295e-10 2.02313e-09 4.16737e-09 7.697e-09 1.2871e-08 1.96406e-08 2.75662e-08 3.5941e-08 4.4183e-08 5.24702e-08 6.25647e-08 7.88619e-08 1.09903e-07 1.70732e-07 2.86189e-07 4.93855e-07 8.42083e-07 1.37465e-06 2.09805e-06 2.95374e-06 3.82919e-06 4.54663e-06 4.76584e-06 4.12533e-06 2.77148e-06 1.40152e-06 5.38608e-07 1.65585e-07 4.40187e-08 1.07078e-08 2.37964e-09 4.64421e-10 7.52992e-11 9.13952e-12 5.94763e-13 0 
0 4.80736e-13 3.87882e-12 1.66437e-11 5.32023e-11 1.40587e-10 3.2141e-10 6.51128e-10 1.18589e-09 1.96137e-09 2.97059e-09 4.15617e-09 5.43353e-09 6.75504e-09 8.21527e-09 1.01957e-08 1.35612e-08 1.99406e-08 3.21206e-08 5.4481e-08 9.31215e-08 1.54836e-07 2.43727e-07 3.55176e-07 4.70407e-07 5.58482e-07 5.87825e-07 5.39794e-07 4.21066e-07 2.70886e-07 1.41522e-07 6.0612e-08 2.19205e-08 6.90034e-09 1.9141e-09 4.64421e-10 9.65152e-11 1.64893e-11 2.09803e-12 1.42559e-13 0 
0 7.25713e-14 5.71914e-13 2.39904e-12 7.50616e-12 1.9446e-11 4.36693e-11 8.70942e-11 1.56563e-10 2.56344e-10 3.8574e-10 5.38716e-10 7.07607e-10 8.92315e-10 1.11551e-09 1.44442e-09 2.021e-09 3.10336e-09 5.11609e-09 8.68782e-09 1.4614e-08 2.36327e-08 3.59053e-08 5.02705e-08 6.37523e-08 7.21253e-08 7.18434e-08 6.22681e-08 4.64232e-08 2.94811e-08 1.58828e-08 7.28899e-09 2.87641e-09 9.84185e-10 2.92716e-10 7.52992e-11 1.64893e-11 2.95798e-12 3.94006e-13 2.79431e-14 0 
0 8.39027e-15 6.46633e-14 2.65509e-13 8.14167e-13 2.07041e-12 4.57238e-12 8.98748e-12 1.59632e-11 2.5903e-11 3.87758e-11 5.41466e-11 7.16296e-11 9.19226e-11 1.18522e-10 1.60219e-10 2.34543e-10 3.72131e-10 6.21089e-10 1.04797e-09 1.72818e-09 2.71599e-09 3.98986e-09 5.39012e-09 6.59938e-09 7.22656e-09 6.99617e-09 5.93102e-09 4.37073e-09 2.78667e-09 1.53464e-09 7.30923e-10 3.01949e-10 1.08455e-10 3.38634e-11 9.13952e-12 2.09803e-12 3.94006e-13 5.48398e-14 4.05489e-15 0 
0 5.29913e-16 3.99891e-15 1.60927e-14 4.8425e-14 1.21026e-13 2.63161e-13 5.10387e-13 8.96741e-13 1.44388e-12 2.15345e-12 3.0127e-12 4.0249e-12 5.27397e-12 7.03108e-12 9.9096e-12 1.50713e-11 2.44621e-11 4.09824e-11 6.83529e-11 1.10273e-10 1.68482e-10 2.39836e-10 3.13762e-10 3.72656e-10 3.97443e-10 3.77004e-10 3.15584e-10 2.31765e-10 1.4878e-10 8.33492e-11 4.07499e-11 1.74006e-11 6.49152e-12 2.11165e-12 5.94763e-13 1.42559e-13 2.79431e-14 4.05489e-15 3.12093e-16 0 
0 0 0 0 0 0 0 0 0 0 0 0 0 0 0 0 0 0 0 0 0 0 0 0 0 0 0 0 0 0 0 0 0 0 0 0 0 0 0 0 0 
