0 0 0 0 0 0 0 0 0 0 0 0 0 0 0 0 0 0 0 0 0 0 0 0 0 0 0 0 0 0 0 0 0 0 0 0 0 0 0 0 0 
0 1.19746e-07 1.0252e-06 4.17301e-06 1.11895e-05 2.22479e-05 3.54865e-05 4.83846e-05 5.92593e-05 6.75747e-05 7.35073e-05 7.74778e-05 7.98901e-05 8.10421e-05 8.11199e-05 8.02171e-05 7.83527e-05 7.54834e-05 7.15189e-05 6.63528e-05 5.99176e-05 5.22601e-05 4.36194e-05 3.44691e-05 2.5485e-05 1.74135e-05 1.08656e-05 6.12791e-06 3.09988e-06 1.40044e-06 5.64324e-07 2.03001e-07 6.52873e-08 1.8782e-08 4.82188e-09 1.09597e-09 2.16479e-10 3.5655e-11 4.42632e-12 2.96279e-13 0 
0 1.0252e-06 8.73459e-06 3.29842e-05 7.57992e-05 0.000122351 0.000156949 0.000177242 0.00018871 0.000196401 0.000202634 0.000207841 0.000211688 0.000213757 0.000213826 0.000211959 0.000208481 0.000203897 0.000198751 0.000193419 0.000187834 0.000181203 0.000171893 0.000157741 0.000137025 0.000109907 7.94035e-05 5.05876e-05 2.80172e-05 1.34114e-05 5.55969e-06 2.00982e-06 6.38832e-07 1.79699e-07 4.48313e-08 9.8722e-09 1.88742e-09 3.0101e-10 3.6227e-11 2.35474e-12 0 
0 4.17301e-06 3.29842e-05 0.00010314 0.000180752 0.000226226 0.000248206 0.000266915 0.000289448 0.000314401 0.000338452 0.000358788 0.000373516 0.000381581 0.000382643 0.000376976 0.00036538 0.000349094 0.000329718 0.000309147 0.000289477 0.000272773 0.000260491 0.000252381 0.000245086 0.000231583 0.000203687 0.000158686 0.000104953 5.74919e-05 2.59921e-05 9.8208e-06 3.1612e-06 8.8217e-07 2.15732e-07 4.62768e-08 8.59574e-09 1.33118e-09 1.55685e-10 9.84771e-12 0 
0 1.11895e-05 7.57992e-05 0.000180752 0.000246351 0.000280391 0.000320117 0.000371633 0.000428257 0.000483522 0.000532794 0.000572748 0.000601103 0.00061656 0.000618782 0.000608326 0.000586529 0.000555345 0.000517162 0.000474633 0.000430563 0.00038789 0.00034978 0.000319597 0.000300086 0.000290876 0.000284503 0.000264971 0.000217141 0.000145745 7.70733e-05 3.21468e-05 1.08657e-05 3.0752e-06 7.46943e-07 1.57372e-07 2.85582e-08 4.31241e-09 4.91739e-10 3.03555e-11 0 
0 2.22479e-05 0.000122351 0.000226226 0.000280391 0.000340427 0.000421278 0.00051282 0.00060594 0.000693925 0.000771305 0.000833668 0.000877812 0.000901884 0.000905425 0.000889305 0.000855548 0.000807083 0.000747443 0.000680466 0.000610017 0.000539792 0.000473266 0.000413881 0.000365473 0.000332265 0.000316475 0.000311727 0.000296467 0.000244259 0.000158006 7.67563e-05 2.84171e-05 8.38286e-06 2.05598e-06 4.29785e-07 7.67128e-08 1.13511e-08 1.26696e-09 7.658e-11 0 
0 3.54865e-05 0.000156949 0.000248206 0.000320117 0.000421278 0.000543819 0.000675471 0.000807122 0.000930745 0.00103917 0.00112644 0.00118829 0.00122222 0.00122729 0.00120455 0.00115721 0.00108939 0.00100588 0.000911889 0.000812661 0.000713091 0.000617517 0.000529672 0.00045296 0.000391181 0.000349121 0.000330018 0.000326004 0.000307471 0.000240862 0.000140287 5.90162e-05 1.86612e-05 4.70419e-06 9.86408e-07 1.74427e-07 2.54241e-08 2.78925e-09 1.65658e-10 0 
0 4.83846e-05 0.000177242 0.000266915 0.000371633 0.00051282 0.000675471 0.000847827 0.00101947 0.00118038 0.00132181 0.00144139 0.00154596 0.00161724 0.00163013 0.00158192 0.00149183 0.001389 0.001278 0.00115546 0.00102611 0.000896014 0.000770614 0.000654382 0.00055088 0.000463211 0.000395118 0.000351812 0.000335725 0.00033188 0.000298071 0.000206578 0.000100673 3.48924e-05 9.18771e-06 1.9526e-06 3.44436e-07 4.97062e-08 5.38203e-09 3.15176e-10 0 
0 5.92593e-05 0.00018871 0.000289448 0.000428257 0.00060594 0.000807122 0.00101947 0.00123067 0.00142974 0.00163114 0.00185911 0.0020166 0.00208555 0.00209616 0.00205581 0.00194874 0.0017612 0.00156045 0.00139775 0.0012379 0.0010776 0.00092283 0.000778893 0.000649825 0.000538611 0.000447975 0.000381987 0.000346147 0.000337927 0.000326053 0.000259595 0.000146169 5.61685e-05 1.56291e-05 3.39464e-06 6.00862e-07 8.62379e-08 9.25021e-09 5.35864e-10 0 
0 6.75747e-05 0.000196401 0.000314401 0.000483522 0.000693925 0.000930745 0.00118038 0.00142974 0.00170314 0.00202261 0.00218904 0.00226708 0.00230283 0.00230853 0.00228664 0.00223274 0.00213028 0.00192261 0.00164277 0.00143647 0.00124722 0.00106507 0.000895412 0.000742807 0.000610381 0.000500381 0.000415556 0.000361001 0.000340272 0.000335712 0.000293859 0.000187433 7.97651e-05 2.35716e-05 5.25933e-06 9.38074e-07 1.34382e-07 1.43252e-08 8.23296e-10 0 
0 7.35073e-05 0.000202634 0.000338452 0.000532794 0.000771305 0.00103917 0.00132181 0.00163114 0.00202261 0.00223153 0.00233194 0.00238678 0.00241334 0.0024176 0.002401 0.00236155 0.00229223 0.00217332 0.00193725 0.00162307 0.00139555 0.00118909 0.000997057 0.000824047 0.000673404 0.000547189 0.000447288 0.000377587 0.00034359 0.000337416 0.000312537 0.000219608 0.000102302 3.20404e-05 7.3535e-06 1.32466e-06 1.89881e-07 2.01672e-08 1.15272e-09 0 
0 7.74778e-05 0.000207841 0.000358788 0.000572748 0.000833668 0.00112644 0.00144139 0.00185911 0.00218904 0.00233194 0.00241114 0.00245698 0.00247968 0.00248331 0.00246891 0.00243526 0.00237804 0.00228644 0.00212919 0.00182062 0.00151791 0.00128813 0.00107814 0.000888875 0.000723778 0.000584858 0.000473499 0.00039254 0.000347638 0.000336598 0.000321188 0.000241669 0.000120993 3.98341e-05 9.3811e-06 1.70715e-06 2.452e-07 2.59958e-08 1.48075e-09 0 
0 7.98901e-05 0.000211688 0.000373516 0.000601103 0.000877812 0.00118829 0.00154596 0.0020166 0.00226708 0.00238678 0.00245698 0.00249857 0.00251937 0.00252262 0.00250924 0.0024783 0.00242649 0.002346 0.00221643 0.00196923 0.00161587 0.00135739 0.00113453 0.000933898 0.000758731 0.000611012 0.000491849 0.000403383 0.00035091 0.000335145 0.000324207 0.000254783 0.000134192 4.58604e-05 1.10216e-05 2.02304e-06 2.91275e-07 3.0864e-08 1.7548e-09 0 
0 8.10421e-05 0.000213757 0.000381581 0.00061656 0.000901884 0.00122222 0.00161724 0.00208555 0.00230283 0.00241334 0.00247968 0.00251937 0.00253925 0.00254226 0.00252924 0.00249938 0.00244978 0.00237373 0.00225447 0.002038 0.00167736 0.001394 0.00116383 0.000957153 0.000776653 0.000624291 0.000501031 0.000408645 0.000352093 0.000333345 0.000324154 0.000260613 0.00014126 4.93618e-05 1.20143e-05 2.21809e-06 3.20019e-07 3.39185e-08 1.92736e-09 0 
0 8.11199e-05 0.000213826 0.000382643 0.000618782 0.000905425 0.00122729 0.00163013 0.00209616 0.00230853 0.0024176 0.00248331 0.00252262 0.00254226 0.00254509 0.00253196 0.00250206 0.00245255 0.00237686 0.00225875 0.00204635 0.0016851 0.00139659 0.00116546 0.000958142 0.000777099 0.000624271 0.000500576 0.000407684 0.000350433 0.000331006 0.000322148 0.00026038 0.000142179 4.99964e-05 1.22184e-05 2.26099e-06 3.2663e-07 3.46452e-08 1.9696e-09 0 
0 8.02171e-05 0.000211959 0.000376976 0.000608326 0.000889305 0.00120455 0.00158192 0.00205581 0.00228664 0.002401 0.00246891 0.00250924 0.00252924 0.00253196 0.00251828 0.0024873 0.00243594 0.00235697 0.00223207 0.00200051 0.0016376 0.00136635 0.00114059 0.000937738 0.000760692 0.000611359 0.000490692 0.000400498 0.000345709 0.000327867 0.000318296 0.00025456 0.000137241 4.7822e-05 1.16359e-05 2.15064e-06 3.1082e-07 3.30063e-08 1.87912e-09 0 
0 7.83527e-05 0.000208481 0.00036538 0.000586529 0.000855548 0.00115721 0.00149183 0.00194874 0.00223274 0.00236155 0.00243526 0.0024783 0.00249938 0.00250206 0.0024873 0.00245399 0.00239841 0.00231146 0.00216854 0.00188865 0.00154985 0.00130729 0.00109184 0.000897971 0.000728942 0.000586627 0.000472096 0.000387527 0.000338052 0.000323549 0.000311836 0.000242923 0.000126944 4.32424e-05 1.04001e-05 1.91437e-06 2.76629e-07 2.94243e-08 1.67928e-09 0 
0 7.54834e-05 0.000203897 0.000349094 0.000555345 0.000807083 0.00108939 0.001389 0.0017612 0.00213028 0.00229223 0.00237804 0.00242649 0.00244978 0.00245255 0.00243594 0.00239841 0.00233469 0.00223115 0.00204529 0.00171222 0.00144282 0.00122437 0.00102295 0.000841727 0.000683984 0.000551573 0.000445798 0.000369415 0.000327596 0.000317167 0.000301033 0.000224783 0.000112073 3.69367e-05 8.73706e-06 1.59899e-06 2.31027e-07 2.46351e-08 1.41105e-09 0 
0 7.15189e-05 0.000198751 0.000329718 0.000517162 0.000747443 0.00100588 0.001278 0.00156045 0.00192261 0.00217332 0.00228644 0.002346 0.00237373 0.00237686 0.00235697 0.00231146 0.00223115 0.00208961 0.0018133 0.00153387 0.00132168 0.00112296 0.000938332 0.000772392 0.00062827 0.000507852 0.000412823 0.000346637 0.000313851 0.000306565 0.000283036 0.000199529 9.38713e-05 2.97691e-05 6.9132e-06 1.25805e-06 1.81917e-07 1.94727e-08 1.12105e-09 0 
0 6.63528e-05 0.000193419 0.000309147 0.000474633 0.000680466 0.000911889 0.00115546 0.00139775 0.00164277 0.00193725 0.00212919 0.00221643 0.00225447 0.00225875 0.00223207 0.00216854 0.00204529 0.0018133 0.00156651 0.00137328 0.00118754 0.00100883 0.000842676 0.000693492 0.000564248 0.000456953 0.000373825 0.000318802 0.000294537 0.000287341 0.000254246 0.00016751 7.4162e-05 2.2663e-05 5.17956e-06 9.39399e-07 1.36232e-07 1.46655e-08 8.50032e-10 0 
0 5.99176e-05 0.000187834 0.000289477 0.000430563 0.000610017 0.000812661 0.00102611 0.0012379 0.00143647 0.00162307 0.00182062 0.00196923 0.002038 0.00204635 0.00200051 0.00188865 0.00171222 0.00153387 0.00137328 0.00120987 0.00104597 0.000887762 0.000740564 0.000608388 0.000494087 0.000399884 0.000328463 0.000283347 0.000263971 0.000252696 0.000212166 0.000131121 5.52432e-05 1.64419e-05 3.72524e-06 6.7639e-07 9.86506e-08 1.07004e-08 6.25261e-10 0 
0 5.22601e-05 0.000181203 0.000272773 0.00038789 0.000539792 0.000713091 0.000896014 0.0010776 0.00124722 0.00139555 0.00151791 0.00161587 0.00167736 0.0016851 0.0016376 0.00154985 0.00144282 0.00132168 0.00118754 0.00104597 0.000903279 0.00076514 0.000636198 0.000520071 0.000419524 0.000336918 0.000274657 0.000234528 0.000213866 0.000197592 0.000159333 9.52842e-05 3.94114e-05 1.1667e-05 2.64999e-06 4.84128e-07 7.11434e-08 7.77739e-09 4.57926e-10 0 
0 4.36194e-05 0.000171893 0.000260491 0.00034978 0.000473266 0.000617517 0.000770614 0.00092283 0.00106507 0.00118909 0.00128813 0.00135739 0.001394 0.00139659 0.00136635 0.00130729 0.00122437 0.00112296 0.00100883 0.000887762 0.00076514 0.000645662 0.000533268 0.000431233 0.00034239 0.000269029 0.000212228 0.000171842 0.000146744 0.000130459 0.000106288 6.587e-05 2.81729e-05 8.52497e-06 1.96056e-06 3.60744e-07 5.32593e-08 5.84281e-09 3.45018e-10 0 
0 3.44691e-05 0.000157741 0.000252381 0.000319597 0.000413881 0.000529672 0.000654382 0.000778893 0.000895412 0.000997057 0.00107814 0.00113453 0.00116383 0.00116546 0.00114059 0.00109184 0.00102295 0.000938332 0.000842676 0.000740564 0.000636198 0.000533268 0.0004351 0.000345371 0.000269059 0.000210834 0.000168984 0.000134545 0.000103261 8.08224e-05 6.63782e-05 4.58651e-05 2.15163e-05 6.81128e-06 1.58771e-06 2.91908e-07 4.28531e-08 4.66977e-09 2.73967e-10 0 
0 2.5485e-05 0.000137025 0.000245086 0.000300086 0.000365473 0.00045296 0.00055088 0.000649825 0.000742807 0.000824047 0.000888875 0.000933898 0.000957153 0.000958142 0.000937738 0.000897971 0.000841727 0.000772392 0.000693492 0.000608388 0.000520071 0.000431233 0.000345371 0.000270853 0.000225548 0.000223075 0.000241312 0.000229437 0.000168597 9.6254e-05 5.25902e-05 3.41725e-05 1.79327e-05 6.02609e-06 1.41492e-06 2.56567e-07 3.69615e-08 3.95472e-09 2.28251e-10 0 
0 1.74135e-05 0.000109907 0.000231583 0.000290876 0.000332265 0.000391181 0.000463211 0.000538611 0.000610381 0.000673404 0.000723778 0.000758731 0.000776653 0.000777099 0.000760692 0.000728942 0.000683984 0.00062827 0.000564248 0.000494087 0.000419524 0.00034239 0.000269059 0.000225548 0.00026482 0.000417488 0.000747499 0.000902164 0.000492616 0.000241411 8.95708e-05 3.32236e-05 1.58777e-05 5.59116e-06 1.31382e-06 2.32875e-07 3.26667e-08 3.41073e-09 1.92712e-10 0 
0 1.08656e-05 7.94035e-05 0.000203687 0.000284503 0.000316475 0.000349121 0.000395118 0.000447975 0.000500381 0.000547189 0.000584858 0.000611012 0.000624291 0.000624271 0.000611359 0.000586627 0.000551573 0.000507852 0.000456953 0.000399884 0.000336918 0.000269029 0.000210834 0.000223075 0.000417488 0.00106408 0.00155759 0.00159457 0.00143676 0.000574608 0.00018859 4.84614e-05 1.53047e-05 5.11802e-06 1.18384e-06 2.04231e-07 2.78874e-08 2.84448e-09 1.57564e-10 0 
0 6.12791e-06 5.05876e-05 0.000158686 0.000264971 0.000311727 0.000330018 0.000351812 0.000381987 0.000415556 0.000447288 0.000473499 0.000491849 0.000501031 0.000500576 0.000490692 0.000472096 0.000445798 0.000412823 0.000373825 0.000328463 0.000274657 0.000212228 0.000168984 0.000241312 0.000747499 0.00155759 0.001702 0.00171876 0.00164492 0.00126529 0.000303417 6.99733e-05 1.57922e-05 4.4561e-06 9.81156e-07 1.64107e-07 2.1913e-08 2.19721e-09 1.20036e-10 0 
0 3.09988e-06 2.80172e-05 0.000104953 0.000217141 0.000296467 0.000326004 0.000335725 0.000346147 0.000361001 0.000377587 0.00039254 0.000403383 0.000408645 0.000407684 0.000400498 0.000387527 0.000369415 0.000346637 0.000318802 0.000283347 0.000234528 0.000171842 0.000134545 0.000229437 0.000902164 0.00159457 0.00171876 0.00173599 0.00167618 0.00143258 0.000353702 7.50365e-05 1.47726e-05 3.52399e-06 7.19729e-07 1.16611e-07 1.53488e-08 1.52699e-09 8.29743e-11 0 
0 1.40044e-06 1.34114e-05 5.74919e-05 0.000145745 0.000244259 0.000307471 0.00033188 0.000337927 0.000340272 0.00034359 0.000347638 0.00035091 0.000352093 0.000350433 0.000345709 0.000338052 0.000327596 0.000313851 0.000294537 0.000263971 0.000213866 0.000146744 0.000103261 0.000168597 0.000492616 0.00143676 0.00164492 0.00167618 0.00157225 0.000938238 0.000246637 5.56757e-05 1.08997e-05 2.37216e-06 4.52174e-07 7.16273e-08 9.40233e-09 9.38262e-10 5.11957e-11 0 
0 5.64324e-07 5.55969e-06 2.59921e-05 7.70733e-05 0.000158006 0.000240862 0.000298071 0.000326053 0.000335712 0.000337416 0.000336598 0.000335145 0.000333345 0.000331006 0.000327867 0.000323549 0.000317167 0.000306565 0.000287341 0.000252696 0.000197592 0.000130459 8.08224e-05 9.6254e-05 0.000241411 0.000574608 0.00126529 0.00143258 0.000938238 0.000370269 0.000122543 2.86779e-05 6.10615e-06 1.29184e-06 2.37489e-07 3.75523e-08 4.98838e-09 5.05033e-10 2.79362e-11 0 
0 2.03001e-07 2.00982e-06 9.8208e-06 3.21468e-05 7.67563e-05 0.000140287 0.000206578 0.000259595 0.000293859 0.000312537 0.000321188 0.000324207 0.000324154 0.000322148 0.000318296 0.000311836 0.000301033 0.000283036 0.000254246 0.000212166 0.000159333 0.000106288 6.63782e-05 5.25902e-05 8.95708e-05 0.00018859 0.000303417 0.000353702 0.000246637 0.000122543 4.16758e-05 1.09532e-05 2.62876e-06 5.59591e-07 1.03522e-07 1.67541e-08 2.28537e-09 2.37224e-10 1.34191e-11 0 
0 6.52873e-08 6.38832e-07 3.1612e-06 1.08657e-05 2.84171e-05 5.90162e-05 0.000100673 0.000146169 0.000187433 0.000219608 0.000241669 0.000254783 0.000260613 0.00026038 0.00025456 0.000242923 0.000224783 0.000199529 0.00016751 0.000131121 9.52842e-05 6.587e-05 4.58651e-05 3.41725e-05 3.32236e-05 4.84614e-05 6.99733e-05 7.50365e-05 5.56757e-05 2.86779e-05 1.09532e-05 3.412e-06 8.8824e-07 1.95869e-07 3.78239e-08 6.38993e-09 9.05294e-10 9.71718e-11 5.66215e-12 0 
0 1.8782e-08 1.79699e-07 8.8217e-07 3.0752e-06 8.38286e-06 1.86612e-05 3.48924e-05 5.61685e-05 7.97651e-05 0.000102302 0.000120993 0.000134192 0.00014126 0.000142179 0.000137241 0.000126944 0.000112073 9.38713e-05 7.4162e-05 5.52432e-05 3.94114e-05 2.81729e-05 2.15163e-05 1.79327e-05 1.58777e-05 1.53047e-05 1.57922e-05 1.47726e-05 1.08997e-05 6.10615e-06 2.62876e-06 8.8824e-07 2.44248e-07 5.7338e-08 1.1783e-08 2.09821e-09 3.10894e-10 3.47178e-11 2.09544e-12 0 
0 4.82188e-09 4.48313e-08 2.15732e-07 7.46943e-07 2.05598e-06 4.70419e-06 9.18771e-06 1.56291e-05 2.35716e-05 3.20404e-05 3.98341e-05 4.58604e-05 4.93618e-05 4.99964e-05 4.7822e-05 4.32424e-05 3.69367e-05 2.97691e-05 2.2663e-05 1.64419e-05 1.1667e-05 8.52497e-06 6.81128e-06 6.02609e-06 5.59116e-06 5.11802e-06 4.4561e-06 3.52399e-06 2.37216e-06 1.29184e-06 5.59591e-07 1.95869e-07 5.7338e-08 1.44586e-08 3.16838e-09 5.95897e-10 9.26496e-11 1.08045e-11 6.78032e-13 0 
0 1.09597e-09 9.8722e-09 4.62768e-08 1.57372e-07 4.29785e-07 9.86408e-07 1.9526e-06 3.39464e-06 5.25933e-06 7.3535e-06 9.3811e-06 1.10216e-05 1.20143e-05 1.22184e-05 1.16359e-05 1.04001e-05 8.73706e-06 6.9132e-06 5.17956e-06 3.72524e-06 2.64999e-06 1.96056e-06 1.58771e-06 1.41492e-06 1.31382e-06 1.18384e-06 9.81156e-07 7.19729e-07 4.52174e-07 2.37489e-07 1.03522e-07 3.78239e-08 1.1783e-08 3.16838e-09 7.36386e-10 1.46098e-10 2.38593e-11 2.91085e-12 1.90341e-13 0 
0 2.16479e-10 1.88742e-09 8.59574e-09 2.85582e-08 7.67128e-08 1.74427e-07 3.44436e-07 6.00862e-07 9.38074e-07 1.32466e-06 1.70715e-06 2.02304e-06 2.21809e-06 2.26099e-06 2.15064e-06 1.91437e-06 1.59899e-06 1.25805e-06 9.39399e-07 6.7639e-07 4.84128e-07 3.60744e-07 2.91908e-07 2.56567e-07 2.32875e-07 2.04231e-07 1.64107e-07 1.16611e-07 7.16273e-08 3.75523e-08 1.67541e-08 6.38993e-09 2.09821e-09 5.95897e-10 1.46098e-10 3.05106e-11 5.23075e-12 6.67799e-13 4.55391e-14 0 
0 3.5655e-11 3.0101e-10 1.33118e-09 4.31241e-09 1.13511e-08 2.54241e-08 4.97062e-08 8.62379e-08 1.34382e-07 1.89881e-07 2.452e-07 2.91275e-07 3.20019e-07 3.2663e-07 3.1082e-07 2.76629e-07 2.31027e-07 1.81917e-07 1.36232e-07 9.86506e-08 7.11434e-08 5.32593e-08 4.28531e-08 3.69615e-08 3.26667e-08 2.78874e-08 2.1913e-08 1.53488e-08 9.40233e-09 4.98838e-09 2.28537e-09 9.05294e-10 3.10894e-10 9.26496e-11 2.38593e-11 5.23075e-12 9.39842e-13 1.25452e-13 8.91963e-15 0 
0 4.42632e-12 3.6227e-11 1.55685e-10 4.91739e-10 1.26696e-09 2.78925e-09 5.38203e-09 9.25021e-09 1.43252e-08 2.01672e-08 2.59958e-08 3.0864e-08 3.39185e-08 3.46452e-08 3.30063e-08 2.94243e-08 2.46351e-08 1.94727e-08 1.46655e-08 1.07004e-08 7.77739e-09 5.84281e-09 4.66977e-09 3.95472e-09 3.41073e-09 2.84448e-09 2.19721e-09 1.52699e-09 9.38262e-10 5.05033e-10 2.37224e-10 9.71718e-11 3.47178e-11 1.08045e-11 2.91085e-12 6.67799e-13 1.25452e-13 1.74793e-14 1.2945e-15 0 
0 2.96279e-13 2.35474e-12 9.84771e-12 3.03555e-11 7.658e-11 1.65658e-10 3.15176e-10 5.35864e-10 8.23296e-10 1.15272e-09 1.48075e-09 1.7548e-09 1.92736e-09 1.9696e-09 1.87912e-09 1.67928e-09 1.41105e-09 1.12105e-09 8.50032e-10 6.25261e-10 4.57926e-10 3.45018e-10 2.73967e-10 2.28251e-10 1.92712e-10 1.57564e-10 1.20036e-10 8.29743e-11 5.11957e-11 2.79362e-11 1.34191e-11 5.66215e-12 2.09544e-12 6.78032e-13 1.90341e-13 4.55391e-14 8.91963e-15 1.2945e-15 9.97117e-17 0 
0 0 0 0 0 0 0 0 0 0 0 0 0 0 0 0 0 0 0 0 0 0 0 0 0 0 0 0 0 0 0 0 0 0 0 0 0 0 0 0 0 
