0 0 0 0 0 0 0 0 0 0 0 0 0 0 0 0 0 0 0 0 0 0 0 0 0 0 0 0 0 0 0 0 0 0 0 0 0 0 0 0 0 
0 1.76767e-07 1.53889e-06 6.47366e-06 1.82184e-05 3.83878e-05 6.5017e-05 9.37208e-05 0.000120403 0.000142725 0.000159969 0.000172316 0.000180259 0.000184287 0.000184782 0.000181995 0.000176073 0.000167081 0.00015506 0.000140108 0.000122508 0.000102859 8.21641e-05 6.17928e-05 4.32657e-05 2.78899e-05 1.63846e-05 8.70132e-06 4.15525e-06 1.78015e-06 6.84218e-07 2.3628e-07 7.3414e-08 2.05242e-08 5.14718e-09 1.14795e-09 2.23323e-10 3.63395e-11 4.46816e-12 2.96812e-13 0 
0 1.53889e-06 1.34812e-05 5.39036e-05 0.000134696 0.000239184 0.000335548 0.000407415 0.000457149 0.00049266 0.000519453 0.00053969 0.000553626 0.000560945 0.000561504 0.000555618 0.000544053 0.000527839 0.000507926 0.00048473 0.000457644 0.000424767 0.000383245 0.000330634 0.000267169 0.000197693 0.000131134 7.66886e-05 3.91667e-05 1.74377e-05 6.7967e-06 2.33626e-06 7.13407e-07 1.94475e-07 4.73505e-08 1.02329e-08 1.92836e-09 3.04157e-10 3.62971e-11 2.34401e-12 0 
0 6.47366e-06 5.39036e-05 0.000186281 0.000371342 0.000522696 0.000621045 0.000696378 0.000768836 0.000840824 0.000907394 0.000962803 0.00100269 0.00102447 0.00102735 0.00101207 0.000980744 0.000936607 0.00088371 0.00082662 0.000769918 0.000717286 0.000669894 0.000624206 0.00057065 0.000496279 0.000394038 0.000273867 0.000161404 7.95417e-05 3.29028e-05 1.15956e-05 3.54315e-06 9.51938e-07 2.26495e-07 4.76325e-08 8.72147e-09 1.33664e-09 1.55138e-10 9.75813e-12 0 
0 1.82184e-05 0.000134696 0.000371342 0.000583895 0.000723426 0.000851838 0.000996411 0.00114988 0.0012986 0.00143099 0.00153831 0.00161447 0.00165599 0.00166196 0.00163387 0.00157533 0.00149157 0.001389 0.00127472 0.00115614 0.00104079 0.000936027 0.000848049 0.000778785 0.00072013 0.000649708 0.000539741 0.000385593 0.000224631 0.000104641 3.94724e-05 1.24048e-05 3.33941e-06 7.8426e-07 1.61539e-07 2.88696e-08 4.31422e-09 4.88423e-10 2.99993e-11 0 
0 3.83878e-05 0.000239184 0.000522696 0.000723426 0.000908943 0.00113086 0.0013773 0.00162746 0.00186378 0.00207162 0.00223911 0.00235768 0.00242233 0.00243184 0.00238855 0.00229788 0.00216771 0.00200753 0.00182763 0.00163841 0.00144978 0.00127096 0.00111069 0.000977282 0.000876457 0.000803391 0.000730883 0.000613283 0.00043182 0.000237714 0.000100568 3.36136e-05 9.25851e-06 2.17348e-06 4.41997e-07 7.75294e-08 1.13448e-08 1.25713e-09 7.56217e-11 0 
0 6.5017e-05 0.000335548 0.000621045 0.000851838 0.00113086 0.00146059 0.00181422 0.00216782 0.00249985 0.00279105 0.00302542 0.00319124 0.00328171 0.0032951 0.00323464 0.00310795 0.00292593 0.00270165 0.0024492 0.00218269 0.00191526 0.00165856 0.00142257 0.00121615 0.00104782 0.000924366 0.000840561 0.000760313 0.000621548 0.000408165 0.000200223 7.35084e-05 2.11851e-05 5.04063e-06 1.02088e-06 1.76808e-07 2.54489e-08 2.77043e-09 1.63736e-10 0 
0 9.37208e-05 0.000407415 0.000696378 0.000996411 0.0013773 0.00181422 0.00227714 0.00273815 0.0031703 0.00354911 0.00385526 0.00407657 0.00420291 0.00422259 0.00413699 0.00396449 0.00372451 0.00343208 0.0031034 0.00275598 0.00240657 0.00206976 0.00175758 0.00147955 0.00124371 0.00105808 0.000928491 0.000842805 0.000746024 0.000566071 0.000324096 0.000133575 4.10733e-05 1.00358e-05 2.04144e-06 3.51135e-07 4.99362e-08 5.36035e-09 3.12253e-10 0 
0 0.000120403 0.000457149 0.000768836 0.00114988 0.00162746 0.00216782 0.00273815 0.00330536 0.00383714 0.00430978 0.00472714 0.00507706 0.00528645 0.00532082 0.00518342 0.00490058 0.00454197 0.00416036 0.00375263 0.00332478 0.00289429 0.00247859 0.00209199 0.00174534 0.00144658 0.0012025 0.00102044 0.000901983 0.000816077 0.000680283 0.000445977 0.000207494 6.89224e-05 1.7472e-05 3.59505e-06 6.1728e-07 8.70895e-08 9.25005e-09 5.32717e-10 0 
0 0.000142725 0.00049266 0.000840824 0.0012986 0.00186378 0.00249985 0.0031703 0.00383714 0.00447158 0.00510231 0.00568949 0.00604796 0.00620845 0.0062323 0.00613286 0.00588476 0.00544163 0.00488513 0.00436437 0.00385629 0.00334981 0.00286062 0.00240495 0.00199507 0.00163939 0.00134379 0.00111422 0.000956493 0.000858026 0.000750951 0.000545682 0.000283792 0.000102132 2.70126e-05 5.64972e-06 9.72231e-07 1.36545e-07 1.4394e-08 8.21836e-10 0 
0 0.000159969 0.000519453 0.000907394 0.00143099 0.00207162 0.00279105 0.00354911 0.00430978 0.00510231 0.00588534 0.00634003 0.00657136 0.00667902 0.00669489 0.00662585 0.00646082 0.00616067 0.00562975 0.00493876 0.00432389 0.00374715 0.00319372 0.00267795 0.00221327 0.00180867 0.00146963 0.00120062 0.00100751 0.000887621 0.000791573 0.000616802 0.00035158 0.000136254 3.76083e-05 8.01211e-06 1.38531e-06 1.9418e-07 2.03681e-08 1.15576e-09 0 
0 0.000172316 0.00053969 0.000962803 0.00153831 0.00223911 0.00302542 0.00385526 0.00472714 0.00568949 0.00634003 0.00667212 0.00685473 0.00694254 0.00695523 0.00689758 0.00676318 0.00652975 0.00613901 0.00547394 0.00471756 0.0040657 0.00345953 0.00289574 0.00238739 0.00194396 0.00157083 0.00127142 0.00105054 0.000909824 0.000814126 0.000662331 0.000404239 0.000166553 4.77448e-05 1.03527e-05 1.80029e-06 2.52295e-07 2.63865e-08 1.49117e-09 0 
0 0.000180259 0.000553626 0.00100269 0.00161447 0.00235768 0.00319124 0.00407657 0.00507706 0.00604796 0.00657136 0.00685473 0.00701612 0.00709479 0.00710582 0.00705315 0.00693212 0.00672661 0.00639635 0.00583714 0.00502681 0.00429161 0.0036447 0.00304718 0.00250832 0.00203784 0.00164108 0.00132085 0.00108094 0.000924559 0.000825427 0.000688006 0.000439466 0.000189291 5.58663e-05 1.22894e-05 2.14855e-06 3.0133e-07 3.14714e-08 1.77443e-09 0 
0 0.000184287 0.000560945 0.00102447 0.00165599 0.00242233 0.00328171 0.00420291 0.00528645 0.00620845 0.00667902 0.00694254 0.00709479 0.00716927 0.0071793 0.00712844 0.00701273 0.00681834 0.00651154 0.00600504 0.00520627 0.00441423 0.00374153 0.00312585 0.00257078 0.00208598 0.00167675 0.00134557 0.0010956 0.000930508 0.000828495 0.000698624 0.000457501 0.000202243 6.07673e-05 1.34937e-05 2.36844e-06 3.32547e-07 3.47247e-08 1.95627e-09 0 
0 0.000184782 0.000561504 0.00102735 0.00166196 0.00243184 0.0032951 0.00422259 0.00532082 0.0062323 0.00669489 0.00695523 0.00710582 0.0071793 0.00718869 0.00713751 0.00702187 0.00682825 0.00652383 0.00602394 0.00522761 0.00442484 0.00374804 0.00313024 0.00257343 0.00208718 0.0016767 0.00134436 0.00109313 0.000926699 0.000824372 0.000697014 0.000459424 0.000204606 6.1829e-05 1.37779e-05 2.42316e-06 3.40626e-07 3.55941e-08 2.00627e-09 0 
0 0.000181995 0.000555618 0.00101207 0.00163387 0.00238855 0.00323464 0.00413699 0.00518342 0.00613286 0.00662585 0.00689758 0.00705315 0.00712844 0.00713751 0.00708404 0.00696371 0.00676165 0.00644118 0.00590691 0.00509312 0.00432629 0.00366807 0.00306345 0.00251863 0.00204311 0.00164202 0.00131778 0.0010736 0.000912881 0.000813108 0.000684097 0.000446244 0.000196727 5.90852e-05 1.31365e-05 2.31039e-06 3.25135e-07 3.40292e-08 1.92144e-09 0 
0 0.000176073 0.000544053 0.000980744 0.00157533 0.00229788 0.00310795 0.00396449 0.00490058 0.00588476 0.00646082 0.00676318 0.00693212 0.00701273 0.00702187 0.00696371 0.00683282 0.0066105 0.00624921 0.0056326 0.00482853 0.00413503 0.00351065 0.00293253 0.00241182 0.00195783 0.00157559 0.00126777 0.00103811 0.00088924 0.000793879 0.000659116 0.000418743 0.000179894 5.31567e-05 1.17352e-05 2.06088e-06 2.90399e-07 3.04715e-08 1.72587e-09 0 
0 0.000167081 0.000527839 0.000936607 0.00149157 0.00216771 0.00292593 0.00372451 0.00454197 0.00544163 0.00616067 0.00652975 0.00672661 0.00681834 0.00682825 0.00676165 0.0066105 0.00634717 0.00589856 0.00518913 0.00448732 0.00387036 0.0032884 0.0027475 0.00226076 0.00183708 0.00148143 0.00119697 0.00098814 0.000855621 0.000764453 0.000619914 0.000377904 0.000156246 4.50993e-05 9.85757e-06 1.72779e-06 2.4396e-07 2.56975e-08 1.46221e-09 0 
0 0.00015506 0.000507926 0.00088371 0.001389 0.00200753 0.00270165 0.00343208 0.00416036 0.00488513 0.00562975 0.00613901 0.00639635 0.00651154 0.00652383 0.00644118 0.00624921 0.00589856 0.00532075 0.00468039 0.00410449 0.00354935 0.0030161 0.00252023 0.00207453 0.00168744 0.00136397 0.00110802 0.000924495 0.000810118 0.000720266 0.00056361 0.000325758 0.000128698 3.61903e-05 7.83094e-06 1.37139e-06 1.9434e-07 2.05864e-08 1.17894e-09 0 
0 0.000140108 0.00048473 0.00082662 0.00127472 0.00182763 0.0024492 0.0031034 0.00375263 0.00436437 0.00493876 0.00547394 0.00583714 0.00600504 0.00602394 0.00590691 0.0056326 0.00518913 0.00468039 0.00418588 0.0036874 0.00318955 0.00270956 0.00226331 0.00186262 0.00151548 0.00122717 0.00100241 0.000845571 0.000747004 0.000653977 0.000488364 0.000266369 0.000100696 2.76858e-05 5.95163e-06 1.0445e-06 1.48932e-07 1.59004e-08 9.18237e-10 0 
0 0.000122508 0.000457644 0.000769918 0.00115614 0.00163841 0.00218269 0.00275598 0.00332478 0.00385629 0.00432389 0.00471756 0.00502681 0.00520627 0.00522761 0.00509312 0.00482853 0.00448732 0.00410449 0.0036874 0.00324949 0.00280932 0.0023844 0.00198905 0.00163404 0.00132701 0.00107361 0.000878915 0.000744817 0.000655201 0.000557702 0.000396726 0.000206331 7.57127e-05 2.05904e-05 4.43067e-06 7.82824e-07 1.12631e-07 1.21413e-08 7.07842e-10 0 
0 0.000102859 0.000424767 0.000717286 0.00104079 0.00144978 0.00191526 0.00240657 0.00289429 0.00334981 0.00374715 0.0040657 0.00429161 0.00441423 0.00442484 0.00432629 0.00413503 0.00387036 0.00354935 0.00318955 0.00280932 0.00242608 0.00205506 0.00170874 0.00139683 0.00112665 0.000903882 0.000732406 0.00061087 0.000523523 0.000431601 0.00029918 0.000153775 5.64983e-05 1.54939e-05 3.36934e-06 6.01562e-07 8.73895e-08 9.50229e-09 5.58262e-10 0 
0 8.21641e-05 0.000383245 0.000669894 0.000936027 0.00127096 0.00165856 0.00206976 0.00247859 0.00286062 0.00319372 0.00345953 0.0036447 0.00374153 0.00374804 0.00366807 0.00351065 0.0032884 0.0030161 0.00270956 0.0023844 0.00205506 0.00173416 0.00143228 0.00115817 0.000919243 0.00072105 0.000565422 0.000449765 0.000366775 0.000297315 0.000212525 0.000115156 4.42918e-05 1.25054e-05 2.76257e-06 4.9715e-07 7.25057e-08 7.89893e-09 4.64425e-10 0 
0 6.17928e-05 0.000330634 0.000624206 0.000848049 0.00111069 0.00142257 0.00175758 0.00209199 0.00240495 0.00267795 0.00289574 0.00304718 0.00312585 0.00313024 0.00306345 0.00293253 0.0027475 0.00252023 0.00226331 0.00198905 0.00170874 0.00143228 0.00116857 0.000927425 0.000722182 0.000565573 0.000452967 0.000359786 0.000273043 0.000204049 0.000150427 9.09878e-05 3.82699e-05 1.12727e-05 2.51769e-06 4.51539e-07 6.52941e-08 7.04399e-09 4.10166e-10 0 
0 4.32657e-05 0.000267169 0.00057065 0.000778785 0.000977282 0.00121615 0.00147955 0.00174534 0.00199507 0.00221327 0.00238739 0.00250832 0.00257078 0.00257343 0.00251863 0.00241182 0.00226076 0.00207453 0.00186262 0.00163404 0.00139683 0.00115817 0.000927425 0.000727193 0.000605652 0.000599122 0.000648125 0.000616229 0.000452788 0.000257915 0.000135958 7.79055e-05 3.58592e-05 1.10753e-05 2.47815e-06 4.37142e-07 6.19098e-08 6.54565e-09 3.74258e-10 0 
0 2.78899e-05 0.000197693 0.000496279 0.00072013 0.000876457 0.00104782 0.00124371 0.00144658 0.00163939 0.00180867 0.00194396 0.00203784 0.00208598 0.00208718 0.00204311 0.00195783 0.00183708 0.00168744 0.00151548 0.00132701 0.00112665 0.000919243 0.000722182 0.000605652 0.000711265 0.0011213 0.00177475 0.00212624 0.00127807 0.000648394 0.000240302 8.50864e-05 3.51162e-05 1.10822e-05 2.45995e-06 4.23309e-07 5.83699e-08 6.02344e-09 3.37189e-10 0 
0 1.63846e-05 0.000131134 0.000394038 0.000649708 0.000803391 0.000924366 0.00105808 0.0012025 0.00134379 0.00146963 0.00157083 0.00164108 0.00167675 0.0016767 0.00164202 0.00157559 0.00148143 0.00136397 0.00122717 0.00107361 0.000903882 0.00072105 0.000565573 0.000599122 0.0011213 0.00255271 0.00435127 0.00450979 0.00368563 0.00150011 0.000506522 0.000129337 3.68678e-05 1.0733e-05 2.31149e-06 3.85936e-07 5.18294e-08 5.23134e-09 2.87432e-10 0 
0 8.70132e-06 7.66886e-05 0.000273867 0.000539741 0.000730883 0.000840561 0.000928491 0.00102044 0.00111422 0.00120062 0.00127142 0.00132085 0.00134557 0.00134436 0.00131778 0.00126777 0.00119697 0.00110802 0.00100241 0.000878915 0.000732406 0.000565422 0.000452967 0.000648125 0.00177475 0.00435127 0.00487747 0.00494138 0.0046613 0.00313191 0.000811949 0.000187756 4.00192e-05 9.75404e-06 1.96856e-06 3.1726e-07 4.16755e-08 4.14065e-09 2.24682e-10 0 
0 4.15525e-06 3.91667e-05 0.000161404 0.000385593 0.000613283 0.000760313 0.000842805 0.000901983 0.000956493 0.00100751 0.00105054 0.00108094 0.0010956 0.00109313 0.0010736 0.00103811 0.00098814 0.000924495 0.000845571 0.000744817 0.00061087 0.000449765 0.000359786 0.000616229 0.00212624 0.00450979 0.00494138 0.0049993 0.00477835 0.00369191 0.000899461 0.000201438 3.8052e-05 7.90439e-06 1.46802e-06 2.28429e-07 2.95872e-08 2.92018e-09 1.57798e-10 0 
0 1.78015e-06 1.74377e-05 7.95417e-05 0.000224631 0.00043182 0.000621548 0.000746024 0.000816077 0.000858026 0.000887621 0.000909824 0.000924559 0.000930508 0.000926699 0.000912881 0.00088924 0.000855621 0.000810118 0.000747004 0.000655201 0.000523523 0.000366775 0.000273043 0.000452788 0.00127807 0.00368563 0.0046613 0.00477835 0.004442 0.00226922 0.000662431 0.000149366 2.79005e-05 5.33422e-06 9.2784e-07 1.41249e-07 1.82666e-08 1.81053e-09 9.83424e-11 0 
0 6.84218e-07 6.7967e-06 3.29028e-05 0.000104641 0.000237714 0.000408165 0.000566071 0.000680283 0.000750951 0.000791573 0.000814126 0.000825427 0.000828495 0.000824372 0.000813108 0.000793879 0.000764453 0.000720266 0.000653977 0.000557702 0.000431601 0.000297315 0.000204049 0.000257915 0.000648394 0.00150011 0.00313191 0.00369191 0.00226922 0.00099449 0.000329123 7.65397e-05 1.52023e-05 2.85678e-06 4.85555e-07 7.41948e-08 9.73342e-09 9.80025e-10 5.40114e-11 0 
0 2.3628e-07 2.33626e-06 1.15956e-05 3.94724e-05 0.000100568 0.000200223 0.000324096 0.000445977 0.000545682 0.000616802 0.000662331 0.000688006 0.000698624 0.000697014 0.000684097 0.000659116 0.000619914 0.00056361 0.000488364 0.000396726 0.00029918 0.000212525 0.000150427 0.000135958 0.000240302 0.000506522 0.000811949 0.000899461 0.000662431 0.000329123 0.00011169 2.84643e-05 6.22616e-06 1.20179e-06 2.09543e-07 3.30677e-08 4.46934e-09 4.61971e-10 2.60554e-11 0 
0 7.3414e-08 7.13407e-07 3.54315e-06 1.24048e-05 3.36136e-05 7.35084e-05 0.000133575 0.000207494 0.000283792 0.00035158 0.000404239 0.000439466 0.000457501 0.000459424 0.000446244 0.000418743 0.000377904 0.000325758 0.000266369 0.000206331 0.000153775 0.000115156 9.09878e-05 7.79055e-05 8.50864e-05 0.000129337 0.000187756 0.000201438 0.000149366 7.65397e-05 2.84643e-05 8.28406e-06 1.97744e-06 4.07054e-07 7.56702e-08 1.25852e-08 1.7724e-09 1.8966e-10 1.10254e-11 0 
0 2.05242e-08 1.94475e-07 9.51938e-07 3.33941e-06 9.25851e-06 2.11851e-05 4.10733e-05 6.89224e-05 0.000102132 0.000136254 0.000166553 0.000189291 0.000202243 0.000204606 0.000196727 0.000179894 0.000156246 0.000128698 0.000100696 7.57127e-05 5.64983e-05 4.42918e-05 3.82699e-05 3.58592e-05 3.51162e-05 3.68678e-05 4.00192e-05 3.8052e-05 2.79005e-05 1.52023e-05 6.22616e-06 1.97744e-06 5.13612e-07 1.15931e-07 2.33534e-08 4.12476e-09 6.09007e-10 6.78584e-11 4.08808e-12 0 
0 5.14718e-09 4.73505e-08 2.26495e-07 7.8426e-07 2.17348e-06 5.04063e-06 1.00358e-05 1.7472e-05 2.70126e-05 3.76083e-05 4.77448e-05 5.58663e-05 6.07673e-05 6.1829e-05 5.90852e-05 5.31567e-05 4.50993e-05 3.61903e-05 2.76858e-05 2.05904e-05 1.54939e-05 1.25054e-05 1.12727e-05 1.10753e-05 1.10822e-05 1.0733e-05 9.75404e-06 7.90439e-06 5.33422e-06 2.85678e-06 1.20179e-06 4.07054e-07 1.15931e-07 2.87347e-08 6.24412e-09 1.16998e-09 1.81533e-10 2.11362e-11 1.32446e-12 0 
0 1.14795e-09 1.02329e-08 4.76325e-08 1.61539e-07 4.41997e-07 1.02088e-06 2.04144e-06 3.59505e-06 5.64972e-06 8.01211e-06 1.03527e-05 1.22894e-05 1.34937e-05 1.37779e-05 1.31365e-05 1.17352e-05 9.85757e-06 7.83094e-06 5.95163e-06 4.43067e-06 3.36934e-06 2.76257e-06 2.51769e-06 2.47815e-06 2.45995e-06 2.31149e-06 1.96856e-06 1.46802e-06 9.2784e-07 4.85555e-07 2.09543e-07 7.56702e-08 2.33534e-08 6.24412e-09 1.44699e-09 2.86608e-10 4.67485e-11 5.69688e-12 3.72099e-13 0 
0 2.23323e-10 1.92836e-09 8.72147e-09 2.88696e-08 7.75294e-08 1.76808e-07 3.51135e-07 6.1728e-07 9.72231e-07 1.38531e-06 1.80029e-06 2.14855e-06 2.36844e-06 2.42316e-06 2.31039e-06 2.06088e-06 1.72779e-06 1.37139e-06 1.0445e-06 7.82824e-07 6.01562e-07 4.9715e-07 4.51539e-07 4.37142e-07 4.23309e-07 3.85936e-07 3.1726e-07 2.28429e-07 1.41249e-07 7.41948e-08 3.30677e-08 1.25852e-08 4.12476e-09 1.16998e-09 2.86608e-10 5.98121e-11 1.02468e-11 1.30715e-12 8.9063e-14 0 
0 3.63395e-11 3.04157e-10 1.33664e-09 4.31422e-09 1.13448e-08 2.54489e-08 4.99362e-08 8.70895e-08 1.36545e-07 1.9418e-07 2.52295e-07 3.0133e-07 3.32547e-07 3.40626e-07 3.25135e-07 2.90399e-07 2.4396e-07 1.9434e-07 1.48932e-07 1.12631e-07 8.73895e-08 7.25057e-08 6.52941e-08 6.19098e-08 5.83699e-08 5.18294e-08 4.16755e-08 2.95872e-08 1.82666e-08 9.73342e-09 4.46934e-09 1.7724e-09 6.09007e-10 1.81533e-10 4.67485e-11 1.02468e-11 1.84042e-12 2.4554e-13 1.74474e-14 0 
0 4.46816e-12 3.62971e-11 1.55138e-10 4.88423e-10 1.25713e-09 2.77043e-09 5.36035e-09 9.25005e-09 1.4394e-08 2.03681e-08 2.63865e-08 3.14714e-08 3.47247e-08 3.55941e-08 3.40292e-08 3.04715e-08 2.56975e-08 2.05864e-08 1.59004e-08 1.21413e-08 9.50229e-09 7.89893e-09 7.04399e-09 6.54565e-09 6.02344e-09 5.23134e-09 4.14065e-09 2.92018e-09 1.81053e-09 9.80025e-10 4.61971e-10 1.8966e-10 6.78584e-11 2.11362e-11 5.69688e-12 1.30715e-12 2.4554e-13 3.42027e-14 2.53205e-15 0 
0 2.96812e-13 2.34401e-12 9.75813e-12 2.99993e-11 7.56217e-11 1.63736e-10 3.12253e-10 5.32717e-10 8.21836e-10 1.15576e-09 1.49117e-09 1.77443e-09 1.95627e-09 2.00627e-09 1.92144e-09 1.72587e-09 1.46221e-09 1.17894e-09 9.18237e-10 7.07842e-10 5.58262e-10 4.64425e-10 4.10166e-10 3.74258e-10 3.37189e-10 2.87432e-10 2.24682e-10 1.57798e-10 9.83424e-11 5.40114e-11 2.60554e-11 1.10254e-11 4.08808e-12 1.32446e-12 3.72099e-13 8.9063e-14 1.74474e-14 2.53205e-15 1.95e-16 0 
0 0 0 0 0 0 0 0 0 0 0 0 0 0 0 0 0 0 0 0 0 0 0 0 0 0 0 0 0 0 0 0 0 0 0 0 0 0 0 0 0 
