0 0 0 0 0 0 0 0 0 0 0 0 0 0 0 0 0 0 0 0 0 0 0 0 0 0 0 0 0 0 0 0 0 0 0 0 0 0 0 0 0 
0 4.08465e-08 3.79524e-07 1.81877e-06 6.25466e-06 1.70653e-05 3.86592e-05 7.47612e-05 0.000126101 0.000189046 0.000256173 0.00031835 0.000367088 0.000396231 0.000402749 0.000386814 0.000351423 0.000301748 0.000244268 0.000185727 0.000132037 8.73428e-05 5.35148e-05 3.02521e-05 1.57352e-05 7.51914e-06 3.29997e-06 1.33102e-06 4.94017e-07 1.68982e-07 5.334e-08 1.5548e-08 4.1829e-09 1.03601e-09 2.34864e-10 4.81806e-11 8.75004e-12 1.34573e-12 1.58002e-13 1.01066e-14 0 
0 3.79524e-07 3.67559e-06 1.82272e-05 6.40317e-05 0.000175375 0.000391102 0.000731344 0.00117776 0.00167653 0.00216081 0.00257291 0.00287429 0.00304511 0.00307982 0.00298308 0.00276756 0.00245328 0.0020678 0.00164586 0.00122679 0.000848651 0.00054023 0.000314284 0.000166354 7.99799e-05 3.49536e-05 1.39198e-05 5.06804e-06 1.69274e-06 5.20172e-07 1.47351e-07 3.84942e-08 9.25743e-09 2.03867e-09 4.06599e-10 7.18689e-11 1.07714e-11 1.23407e-12 7.71325e-14 0 
0 1.81877e-06 1.82272e-05 9.22658e-05 0.000323217 0.000856118 0.00178949 0.00306489 0.0044812 0.00582316 0.00695404 0.00781766 0.00840284 0.00871606 0.00876962 0.00857817 0.00815776 0.00752566 0.00670204 0.00571565 0.00461435 0.00347545 0.00240338 0.00150368 0.000842228 0.000420372 0.000187195 7.47676e-05 2.69769e-05 8.8554e-06 2.66024e-06 7.34384e-07 1.8667e-07 4.36569e-08 9.3515e-09 1.81543e-09 3.12667e-10 4.57166e-11 5.11659e-12 3.12835e-13 0 
0 6.25466e-06 6.40317e-05 0.000323217 0.00108633 0.00263969 0.00489363 0.00737447 0.00965004 0.0115519 0.0130685 0.0142164 0.0150008 0.0154215 0.0154843 0.015207 0.0146192 0.013757 0.0126545 0.0113355 0.00980953 0.00808694 0.00621993 0.00435044 0.00269979 0.00146199 0.000687679 0.000282729 0.000102853 3.35492e-05 9.92238e-06 2.68209e-06 6.65598e-07 1.51781e-07 3.1693e-08 6.00016e-09 1.00864e-09 1.44104e-10 1.5779e-11 9.45095e-13 0 
0 1.70653e-05 0.000175375 0.000856118 0.00263969 0.00562547 0.00907257 0.0122626 0.0150238 0.0174057 0.0194175 0.0210128 0.022135 0.0227454 0.0228354 0.0224274 0.0215716 0.0203391 0.0188115 0.0170675 0.0151644 0.0131167 0.0108919 0.00846226 0.00593221 0.00361535 0.00187021 0.000818762 0.000307628 0.000101275 2.97802e-05 7.93292e-06 1.93076e-06 4.30791e-07 8.79358e-08 1.62753e-08 2.6762e-09 3.7435e-10 4.01769e-11 2.36149e-12 0 
0 3.86592e-05 0.000391102 0.00178949 0.00489363 0.00907257 0.0131735 0.0168899 0.0203254 0.0234725 0.0262146 0.0284178 0.0299756 0.0308249 0.0309505 0.0303831 0.0291933 0.0274831 0.0253744 0.0229969 0.0204729 0.0178951 0.0152937 0.0126049 0.00971704 0.00667952 0.00389627 0.0018757 0.00074805 0.000253311 7.49578e-05 1.98306e-05 4.75891e-06 1.04311e-06 2.08841e-07 3.78946e-08 6.11055e-09 8.38786e-10 8.84223e-11 5.11017e-12 0 
0 7.47612e-05 0.000731344 0.00306489 0.00737447 0.0122626 0.0168899 0.0213639 0.0257164 0.029779 0.0333363 0.0361972 0.03822 0.0393224 0.0394848 0.0387469 0.0372007 0.0349781 0.0322378 0.0291506 0.025885 0.022592 0.0193823 0.0162825 0.0131827 0.00989339 0.00647256 0.00348408 0.00150954 0.000536015 0.000161707 4.2846e-05 1.01964e-05 2.2051e-06 4.34544e-07 7.75398e-08 1.22952e-08 1.66036e-09 1.72316e-10 9.81271e-12 0 
0 0.000126101 0.00117776 0.0044812 0.00965004 0.0150238 0.0203254 0.0257164 0.0310479 0.0360392 0.0404102 0.0439243 0.0464076 0.0477596 0.0479566 0.0470478 0.0451461 0.0424133 0.0390439 0.0352471 0.0312305 0.0271853 0.0232712 0.0195908 0.0161312 0.012697 0.00905021 0.00541701 0.00257891 0.000974754 0.000303374 8.11555e-05 1.92596e-05 4.12704e-06 8.03362e-07 1.41415e-07 2.21132e-08 2.94548e-09 3.01679e-10 1.69662e-11 0 
0 0.000189046 0.00167653 0.00582316 0.0115519 0.0174057 0.0234725 0.029779 0.0360392 0.0419005 0.0470317 0.051155 0.0540668 0.05565 0.055877 0.0548063 0.0525704 0.0493592 0.0454007 0.04094 0.0362202 0.0314656 0.0268687 0.0225747 0.0186459 0.0149756 0.0112507 0.00732801 0.00382066 0.00154784 0.000501113 0.000136226 3.2396e-05 6.9054e-06 1.33229e-06 2.3207e-07 3.58892e-08 4.72791e-09 4.7909e-10 2.66721e-11 0 
0 0.000256173 0.00216081 0.00695404 0.0130685 0.0194175 0.0262146 0.0333363 0.0404102 0.0470317 0.052826 0.0574799 0.0607638 0.0625461 0.0627966 0.0615817 0.0590514 0.0554206 0.0509463 0.0459051 0.0405708 0.0351964 0.0299992 0.0251503 0.0207538 0.0167815 0.0129653 0.00895588 0.00504086 0.00218387 0.000737694 0.000204589 4.89299e-05 1.04086e-05 1.99653e-06 3.45151e-07 5.29381e-08 6.9159e-09 6.95149e-10 3.84053e-11 0 
0 0.00031835 0.00257291 0.00781766 0.0142164 0.0210128 0.0284178 0.0361972 0.0439243 0.051155 0.0574799 0.062557 0.0661365 0.0680751 0.0683408 0.067007 0.0642379 0.0602683 0.0553791 0.0498717 0.0440449 0.038174 0.032496 0.0271991 0.0224096 0.018148 0.014213 0.0101879 0.00607406 0.00278678 0.000979693 0.000277401 6.68533e-05 1.42277e-05 2.72056e-06 4.68063e-07 7.13978e-08 9.27536e-09 9.27271e-10 5.09722e-11 0 
0 0.000367088 0.00287429 0.00840284 0.0150008 0.022135 0.0299756 0.03822 0.0464076 0.0540668 0.0607638 0.0661365 0.0699205 0.0719652 0.0722374 0.0708156 0.0678745 0.0636634 0.0584797 0.0526429 0.0464691 0.0402493 0.0342341 0.0286224 0.0235529 0.0190721 0.0150299 0.0110078 0.00682325 0.00326897 0.00118749 0.000342522 8.32152e-05 1.7748e-05 3.391e-06 5.82157e-07 8.85648e-08 1.14742e-08 1.14421e-09 6.27657e-11 0 
0 0.000396231 0.00304511 0.00871606 0.0154215 0.0227454 0.0308249 0.0393224 0.0477596 0.05565 0.0625461 0.0680751 0.0719652 0.0740618 0.0743316 0.0728564 0.0698169 0.0654705 0.0601243 0.0541074 0.0477452 0.0413374 0.0351414 0.0293617 0.0241423 0.0195423 0.0154413 0.0114363 0.00725192 0.003572 0.00132743 0.000388319 9.50308e-05 2.0336e-05 3.89095e-06 6.68382e-07 1.01721e-07 1.31854e-08 1.31604e-09 7.22955e-11 0 
0 0.000402749 0.00307982 0.00876962 0.0154843 0.0228354 0.0309505 0.0394848 0.0479566 0.055877 0.0627966 0.0683408 0.0722374 0.0743316 0.0745908 0.073098 0.0700356 0.0656627 0.060288 0.0542426 0.0478531 0.0414202 0.0352019 0.029403 0.024168 0.0195591 0.0154671 0.011502 0.00736109 0.00367164 0.00138061 0.000407434 0.000100321 2.15663e-05 4.14259e-06 7.1435e-07 1.09164e-07 1.42158e-08 1.42642e-09 7.88414e-11 0 
0 0.000386814 0.00298308 0.00857817 0.015207 0.0224274 0.0303831 0.0387469 0.0470478 0.0548063 0.0615817 0.067007 0.0708156 0.0728564 0.073098 0.0716227 0.0686099 0.0643143 0.0590394 0.0531099 0.0468461 0.0405428 0.0344525 0.0287756 0.0236527 0.0191419 0.0151301 0.0112336 0.00717286 0.00357432 0.00134642 0.000399028 9.8819e-05 2.13875e-05 4.13949e-06 7.19854e-07 1.1104e-07 1.46109e-08 1.48302e-09 8.30114e-11 0 
0 0.000351423 0.00276756 0.00815776 0.0146192 0.0215716 0.0291933 0.0372007 0.0451461 0.0525704 0.0590514 0.0642379 0.0678745 0.0698169 0.0700356 0.0686099 0.0657124 0.0615879 0.0565275 0.0508428 0.0448411 0.0388048 0.0329758 0.0275456 0.0226472 0.0183281 0.0144586 0.0106607 0.00672477 0.00331239 0.00124155 0.000368889 9.20877e-05 2.01598e-05 3.95603e-06 6.98805e-07 1.09673e-07 1.47044e-08 1.5227e-09 8.70425e-11 0 
0 0.000301748 0.00245328 0.00752566 0.013757 0.0203391 0.0274831 0.0349781 0.0424133 0.0493592 0.0554206 0.0602683 0.0636634 0.0654705 0.0656627 0.0643143 0.0615879 0.0577131 0.0529632 0.0476307 0.0420038 0.0363475 0.0308888 0.0258068 0.0212232 0.0171674 0.0134854 0.00981917 0.00607231 0.00294002 0.00109577 0.000327751 8.30902e-05 1.85746e-05 3.73522e-06 6.77772e-07 1.09443e-07 1.51099e-08 1.61136e-09 9.47959e-11 0 
0 0.000244268 0.0020678 0.00670204 0.0126545 0.0188115 0.0253744 0.0322378 0.0390439 0.0454007 0.0509463 0.0553791 0.0584797 0.0601243 0.060288 0.0590394 0.0565275 0.0529632 0.0485974 0.0436986 0.0385314 0.0333393 0.0283309 0.0236702 0.0194629 0.0157139 0.0122474 0.00875993 0.00529471 0.00252792 0.000945965 0.000288818 7.55509e-05 1.75302e-05 3.66897e-06 6.93264e-07 1.16438e-07 1.66801e-08 1.83941e-09 1.11448e-10 0 
0 0.000185727 0.00164586 0.00571565 0.0113355 0.0170675 0.0229969 0.0291506 0.0352471 0.04094 0.0459051 0.0498717 0.0526429 0.0541074 0.0542426 0.0531099 0.0508428 0.0476307 0.0436986 0.0392875 0.0346351 0.0299604 0.0254508 0.0212521 0.0174491 0.0140201 0.0107912 0.00756234 0.00449554 0.00215406 0.000829847 0.000265715 7.35199e-05 1.80619e-05 3.98819e-06 7.90197e-07 1.38157e-07 2.04472e-08 2.31274e-09 1.42783e-10 0 
0 0.000132037 0.00122679 0.00461435 0.00980953 0.0151644 0.0204729 0.025885 0.0312305 0.0362202 0.0405708 0.0440449 0.0464691 0.0477452 0.0478531 0.0468461 0.0448411 0.0420038 0.0385314 0.0346351 0.0305234 0.0263883 0.0223937 0.0186632 0.0152571 0.01214 0.00918945 0.00634072 0.00378831 0.00188961 0.000781217 0.000271859 8.14349e-05 2.13837e-05 4.96986e-06 1.02162e-06 1.83073e-07 2.7501e-08 3.13347e-09 1.93768e-10 0 
0 8.73428e-05 0.000848651 0.00347545 0.00808694 0.0131167 0.0178951 0.022592 0.0271853 0.0314656 0.0351964 0.038174 0.0402493 0.0413374 0.0414202 0.0405428 0.0388048 0.0363475 0.0333393 0.0299604 0.0263883 0.0227861 0.0192908 0.0159996 0.0129553 0.0101474 0.00755812 0.0052273 0.00326266 0.0017809 0.000826233 0.00032084 0.000104537 2.89857e-05 6.94098e-06 1.44472e-06 2.59154e-07 3.86866e-08 4.36075e-09 2.66051e-10 0 
0 5.35148e-05 0.00054023 0.00240338 0.00621993 0.0108919 0.0152937 0.0193823 0.0232712 0.0268687 0.0299992 0.032496 0.0342341 0.0351414 0.0352019 0.0344525 0.0329758 0.0308888 0.0283309 0.0254508 0.0223937 0.0192908 0.0162481 0.0133412 0.0106262 0.00817257 0.00606685 0.00434624 0.00295825 0.00183484 0.000977805 0.000425783 0.000148957 4.25691e-05 1.0222e-05 2.10197e-06 3.69845e-07 5.39917e-08 5.94639e-09 3.54561e-10 0 
0 3.02521e-05 0.000314284 0.00150368 0.00435044 0.00846226 0.0126049 0.0162825 0.0195908 0.0225747 0.0251503 0.0271991 0.0286224 0.0293617 0.029403 0.0287756 0.0275456 0.0258068 0.0236702 0.0212521 0.0186632 0.0159996 0.0133412 0.0107708 0.00841841 0.00646918 0.00504187 0.00402395 0.00312709 0.00218536 0.00129001 0.000610377 0.00022324 6.38911e-05 1.49731e-05 2.97949e-06 5.0701e-07 7.16974e-08 7.66587e-09 4.448e-10 0 
0 1.57352e-05 0.000166354 0.000842228 0.00269979 0.00593221 0.00971704 0.0131827 0.0161312 0.0186459 0.0207538 0.0224096 0.0235529 0.0241423 0.024168 0.0236527 0.0226472 0.0212232 0.0194629 0.0174491 0.0152571 0.0129553 0.0106262 0.00841841 0.00660965 0.00559434 0.00560182 0.00607988 0.00578197 0.0042369 0.00234911 0.00102611 0.000355795 9.62342e-05 2.1116e-05 3.96362e-06 6.44488e-07 8.78611e-08 9.1041e-09 5.13894e-10 0 
0 7.51914e-06 7.99799e-05 0.000420372 0.00146199 0.00361535 0.00667952 0.00989339 0.012697 0.0149756 0.0167815 0.018148 0.0190721 0.0195423 0.0195591 0.0191419 0.0183281 0.0171674 0.0157139 0.0140201 0.01214 0.0101474 0.00817257 0.00646918 0.00559434 0.00667263 0.0105324 0.015197 0.016197 0.0119655 0.00608907 0.00222493 0.000637433 0.000148197 2.85255e-05 4.8477e-06 7.40862e-07 9.70982e-08 9.76801e-09 5.37915e-10 0 
0 3.29997e-06 3.49536e-05 0.000187195 0.000687679 0.00187021 0.00389627 0.00647256 0.00905021 0.0112507 0.0129653 0.014213 0.0150299 0.0154413 0.0154671 0.0151301 0.0144586 0.0134854 0.0122474 0.0107912 0.00918945 0.00755812 0.00606685 0.00504187 0.00560182 0.0105324 0.0218598 0.0347518 0.0381714 0.0282639 0.0140544 0.0047559 0.00116479 0.000225891 3.64974e-05 5.37731e-06 7.56123e-07 9.50596e-08 9.3253e-09 5.03712e-10 0 
0 1.33102e-06 1.39198e-05 7.47676e-05 0.000282729 0.000818762 0.0018757 0.00348408 0.00541701 0.00732801 0.00895588 0.0101879 0.0110078 0.0114363 0.011502 0.0112336 0.0106607 0.00981917 0.00875993 0.00756234 0.00634072 0.0052273 0.00434624 0.00402395 0.00607988 0.015197 0.0347518 0.0567622 0.0628327 0.0465605 0.0230209 0.00762598 0.00174703 0.000299909 4.15732e-05 5.26571e-06 6.73244e-07 8.12742e-08 7.82891e-09 4.17881e-10 0 
0 4.94017e-07 5.06804e-06 2.69769e-05 0.000102853 0.000307628 0.00074805 0.00150954 0.00257891 0.00382066 0.00504086 0.00607406 0.00682325 0.00725192 0.00736109 0.00717286 0.00672477 0.00607231 0.00529471 0.00449554 0.00378831 0.00326266 0.00295825 0.00312709 0.00578197 0.016197 0.0381714 0.0628327 0.069653 0.0516805 0.0255047 0.00839898 0.00188218 0.000304765 3.83563e-05 4.33456e-06 5.11878e-07 5.99759e-08 5.7306e-09 3.04975e-10 0 
0 1.68982e-07 1.69274e-06 8.8554e-06 3.35492e-05 0.000101275 0.000253311 0.000536015 0.000974754 0.00154784 0.00218387 0.00278678 0.00326897 0.003572 0.00367164 0.00357432 0.00331239 0.00294002 0.00252792 0.00215406 0.00188961 0.0017809 0.00183484 0.00218536 0.0042369 0.0119655 0.0282639 0.0465605 0.0516805 0.0382913 0.0189014 0.00622219 0.00139049 0.000220736 2.65904e-05 2.84874e-06 3.25122e-07 3.78681e-08 3.63768e-09 1.94927e-10 0 
0 5.334e-08 5.20172e-07 2.66024e-06 9.92238e-06 2.97802e-05 7.49578e-05 0.000161707 0.000303374 0.000501113 0.000737694 0.000979693 0.00118749 0.00132743 0.00138061 0.00134642 0.00124155 0.00109577 0.000945965 0.000829847 0.000781217 0.000826233 0.000977805 0.00129001 0.00234911 0.00608907 0.0140544 0.0230209 0.0255047 0.0189014 0.00934154 0.00308939 0.000696976 0.000110953 1.33686e-05 1.45328e-06 1.70526e-07 2.03839e-08 1.99822e-09 1.08876e-10 0 
0 1.5548e-08 1.47351e-07 7.34384e-07 2.68209e-06 7.93292e-06 1.98306e-05 4.2846e-05 8.11555e-05 0.000136226 0.000204589 0.000277401 0.000342522 0.000388319 0.000407434 0.000399028 0.000368889 0.000327751 0.000288818 0.000265715 0.000271859 0.00032084 0.000425783 0.000610377 0.00102611 0.00222493 0.0047559 0.00762598 0.00839898 0.00622219 0.00308939 0.00103502 0.000237897 3.87089e-05 4.89048e-06 5.80213e-07 7.43456e-08 9.38014e-09 9.50493e-10 5.31215e-11 0 
0 4.1829e-09 3.84942e-08 1.8667e-07 6.65598e-07 1.93076e-06 4.75891e-06 1.01964e-05 1.92596e-05 3.2396e-05 4.89299e-05 6.68533e-05 8.32152e-05 9.50308e-05 0.000100321 9.8819e-05 9.20877e-05 8.30902e-05 7.55509e-05 7.35199e-05 8.14349e-05 0.000104537 0.000148957 0.00022324 0.000355795 0.000637433 0.00116479 0.00174703 0.00188218 0.00139049 0.000696976 0.000237897 5.61811e-05 9.64465e-06 1.36205e-06 1.89308e-07 2.75065e-08 3.71534e-09 3.92406e-10 2.26518e-11 0 
0 1.03601e-09 9.25743e-09 4.36569e-08 1.51781e-07 4.30791e-07 1.04311e-06 2.2051e-06 4.12704e-06 6.9054e-06 1.04086e-05 1.42277e-05 1.7748e-05 2.0336e-05 2.15663e-05 2.13875e-05 2.01598e-05 1.85746e-05 1.75302e-05 1.80619e-05 2.13837e-05 2.89857e-05 4.25691e-05 6.38911e-05 9.62342e-05 0.000148197 0.000225891 0.000299909 0.000304765 0.000220736 0.000110953 3.87089e-05 9.64465e-06 1.85498e-06 3.15932e-07 5.34784e-08 8.81747e-09 1.27468e-09 1.40891e-10 8.44254e-12 0 
0 2.34864e-10 2.03867e-09 9.3515e-09 3.1693e-08 8.79358e-08 2.08841e-07 4.34544e-07 8.03362e-07 1.33229e-06 1.99653e-06 2.72056e-06 3.391e-06 3.89095e-06 4.14259e-06 4.13949e-06 3.95603e-06 3.73522e-06 3.66897e-06 3.98819e-06 4.96986e-06 6.94098e-06 1.0222e-05 1.49731e-05 2.1116e-05 2.85255e-05 3.64974e-05 4.15732e-05 3.83563e-05 2.65904e-05 1.33686e-05 4.89048e-06 1.36205e-06 3.15932e-07 6.72653e-08 1.35498e-08 2.47015e-09 3.79623e-10 4.39783e-11 2.74456e-12 0 
0 4.81806e-11 4.06599e-10 1.81543e-09 6.00016e-09 1.62753e-08 3.78946e-08 7.75398e-08 1.41415e-07 2.3207e-07 3.45151e-07 4.68063e-07 5.82157e-07 6.68382e-07 7.1435e-07 7.19854e-07 6.98805e-07 6.77772e-07 6.93264e-07 7.90197e-07 1.02162e-06 1.44472e-06 2.10197e-06 2.97949e-06 3.96362e-06 4.8477e-06 5.37731e-06 5.26571e-06 4.33456e-06 2.84874e-06 1.45328e-06 5.80213e-07 1.89308e-07 5.34784e-08 1.35498e-08 3.06567e-09 6.01658e-10 9.77041e-11 1.18673e-11 7.72714e-13 0 
0 8.75004e-12 7.18689e-11 3.12667e-10 1.00864e-09 2.6762e-09 6.11055e-09 1.22952e-08 2.21132e-08 3.58892e-08 5.29381e-08 7.13978e-08 8.85648e-08 1.01721e-07 1.09164e-07 1.1104e-07 1.09673e-07 1.09443e-07 1.16438e-07 1.38157e-07 1.83073e-07 2.59154e-07 3.69845e-07 5.0701e-07 6.44488e-07 7.40862e-07 7.56123e-07 6.73244e-07 5.11878e-07 3.25122e-07 1.70526e-07 7.43456e-08 2.75065e-08 8.81747e-09 2.47015e-09 6.01658e-10 1.25194e-10 2.14003e-11 2.724e-12 1.8517e-13 0 
0 1.34573e-12 1.07714e-11 4.57166e-11 1.44104e-10 3.7435e-10 8.38786e-10 1.66036e-09 2.94548e-09 4.72791e-09 6.9159e-09 9.27536e-09 1.14742e-08 1.31854e-08 1.42158e-08 1.46109e-08 1.47044e-08 1.51099e-08 1.66801e-08 2.04472e-08 2.7501e-08 3.86866e-08 5.39917e-08 7.16974e-08 8.78611e-08 9.70982e-08 9.50596e-08 8.12742e-08 5.99759e-08 3.78681e-08 2.03839e-08 9.38014e-09 3.71534e-09 1.27468e-09 3.79623e-10 9.77041e-11 2.14003e-11 3.8397e-12 5.11575e-13 3.62917e-14 0 
0 1.58002e-13 1.23407e-12 5.11659e-12 1.5779e-11 4.01769e-11 8.84223e-11 1.72316e-10 3.01679e-10 4.7909e-10 6.95149e-10 9.27271e-10 1.14421e-09 1.31604e-09 1.42642e-09 1.48302e-09 1.5227e-09 1.61136e-09 1.83941e-09 2.31274e-09 3.13347e-09 4.36075e-09 5.94639e-09 7.66587e-09 9.1041e-09 9.76801e-09 9.3253e-09 7.82891e-09 5.7306e-09 3.63768e-09 1.99822e-09 9.50493e-10 3.92406e-10 1.40891e-10 4.39783e-11 1.18673e-11 2.724e-12 5.11575e-13 7.12118e-14 5.26639e-15 0 
0 1.01066e-14 7.71325e-14 3.12835e-13 9.45095e-13 2.36149e-12 5.11017e-12 9.81271e-12 1.69662e-11 2.66721e-11 3.84053e-11 5.09722e-11 6.27657e-11 7.22955e-11 7.88414e-11 8.30114e-11 8.70425e-11 9.47959e-11 1.11448e-10 1.42783e-10 1.93768e-10 2.66051e-10 3.54561e-10 4.448e-10 5.13894e-10 5.37915e-10 5.03712e-10 4.17881e-10 3.04975e-10 1.94927e-10 1.08876e-10 5.31215e-11 2.26518e-11 8.44254e-12 2.74456e-12 7.72714e-13 1.8517e-13 3.62917e-14 5.26639e-15 4.05372e-16 0 
0 0 0 0 0 0 0 0 0 0 0 0 0 0 0 0 0 0 0 0 0 0 0 0 0 0 0 0 0 0 0 0 0 0 0 0 0 0 0 0 0 
