0 0 0 0 0 0 0 0 0 0 0 0 0 0 0 0 0 0 0 0 0 0 0 0 0 0 0 0 0 0 0 0 0 0 0 0 0 0 0 0 0 
0 1.79416e-07 1.56356e-06 6.59068e-06 1.86028e-05 3.93388e-05 6.6877e-05 9.67385e-05 0.000124653 0.000148124 0.000166332 0.000179414 0.000187853 0.000192144 0.00019268 0.000189728 0.000183445 0.000173912 0.00016119 0.000145405 0.000126881 0.000106275 8.46575e-05 6.34696e-05 4.42882e-05 2.84455e-05 1.66488e-05 8.80915e-06 4.19206e-06 1.79019e-06 6.86133e-07 2.36366e-07 7.32897e-08 2.04545e-08 5.12252e-09 1.14115e-09 2.21797e-10 3.60646e-11 4.43176e-12 2.94256e-13 0 
0 1.56356e-06 1.3721e-05 5.5056e-05 0.000138288 0.000247021 0.000348474 0.000425018 0.000478453 0.000516732 0.000545568 0.000567276 0.000582184 0.000590006 0.000590619 0.000584363 0.00057204 0.000554715 0.000533361 0.000508386 0.000479139 0.000443653 0.000399034 0.000342926 0.000275845 0.000203081 0.000133991 7.79452e-05 3.96115e-05 1.75586e-05 6.81863e-06 2.33679e-06 7.11875e-07 1.93697e-07 4.70927e-08 1.01658e-08 1.91404e-09 3.01696e-10 3.59849e-11 2.32291e-12 0 
0 6.59068e-06 5.5056e-05 0.00019144 0.000384676 0.000545417 0.000651253 0.000732165 0.000809274 0.000885443 0.000955706 0.00101413 0.00105616 0.00107912 0.00108215 0.00106605 0.00103305 0.000986523 0.000930742 0.000870476 0.000810481 0.000754524 0.000703674 0.000654073 0.000595688 0.000515355 0.000406556 0.000280554 0.000164169 8.0384e-05 3.30742e-05 1.1608e-05 3.53608e-06 9.4792e-07 2.25175e-07 4.7299e-08 8.65298e-09 1.3253e-09 1.5375e-10 9.66752e-12 0 
0 1.86028e-05 0.000138288 0.000384676 0.000610228 0.000760057 0.000896741 0.00104946 0.00121123 0.0013679 0.00150737 0.00162042 0.00170065 0.00174438 0.00175067 0.00172108 0.00165941 0.00157118 0.00146314 0.00134275 0.00121783 0.00109627 0.000985736 0.000892582 0.000818499 0.000754577 0.000677306 0.000558608 0.000395642 0.000228472 0.000105615 3.9602e-05 1.23924e-05 3.32634e-06 7.79657e-07 1.60378e-07 2.8636e-08 4.27663e-09 4.83956e-10 2.97157e-11 0 
0 3.93388e-05 0.000247021 0.000545417 0.000760057 0.000957069 0.00119117 0.00145081 0.00171433 0.00196327 0.00218219 0.00235863 0.00248352 0.00255162 0.00256164 0.00251604 0.00242053 0.00228341 0.00211468 0.00192519 0.00172587 0.00152716 0.00133878 0.0011699 0.00102913 0.000922111 0.000843132 0.000763141 0.000635263 0.000442889 0.00024139 0.000101276 3.3647e-05 9.23082e-06 2.16149e-06 4.38854e-07 7.68992e-08 1.12451e-08 1.24553e-09 7.49022e-11 0 
0 6.6877e-05 0.000348474 0.000651253 0.000896741 0.00119117 0.00153855 0.00191105 0.00228352 0.00263328 0.00294003 0.0031869 0.00336157 0.00345686 0.00347096 0.00340728 0.00327384 0.00308211 0.00284585 0.00257993 0.00229919 0.00201749 0.00174708 0.0014985 0.00128102 0.00110353 0.000972749 0.000882308 0.000793556 0.00064283 0.000417485 0.000202652 7.37997e-05 2.11543e-05 5.01653e-06 1.01397e-06 1.75398e-07 2.52271e-08 2.74501e-09 1.62185e-10 0 
0 9.67385e-05 0.000425018 0.000732165 0.00104946 0.00145081 0.00191105 0.00239869 0.0028843 0.00333952 0.00373853 0.00406079 0.00429302 0.00442472 0.00444508 0.00435599 0.0041755 0.0039232 0.00361526 0.00326904 0.00290309 0.00253502 0.00218023 0.00185139 0.00155852 0.00131006 0.00111432 0.000976874 0.000883815 0.000776775 0.00058311 0.000329903 0.000134599 4.10984e-05 9.99866e-06 2.02876e-06 3.48444e-07 4.95111e-08 5.31197e-09 3.09336e-10 0 
0 0.000124653 0.000478453 0.000809274 0.00121123 0.00171433 0.00228352 0.0028843 0.00348179 0.00404189 0.00453874 0.00497236 0.00533222 0.00554879 0.00558435 0.00544144 0.00515003 0.00478063 0.00438192 0.00395289 0.00350225 0.00304877 0.00261089 0.00220366 0.00183849 0.00152379 0.00126663 0.0010745 0.000948177 0.00085363 0.000704937 0.000456508 0.000209926 6.91302e-05 1.74302e-05 3.57532e-06 6.12817e-07 8.63737e-08 9.16868e-09 5.27844e-10 0 
0 0.000148124 0.000516732 0.000885443 0.0013679 0.00196327 0.00263328 0.00333952 0.00404189 0.00470873 0.005362 0.00597349 0.0063589 0.0065335 0.0065594 0.006451 0.00618203 0.00571272 0.00513871 0.00459654 0.00406207 0.00352861 0.00301331 0.00253331 0.00210156 0.00172689 0.0014155 0.00117354 0.0010066 0.000900024 0.000781634 0.000561288 0.000288239 0.000102695 2.69865e-05 5.62329e-06 9.65691e-07 1.35471e-07 1.42714e-08 8.14515e-10 0 
0 0.000166332 0.000545568 0.000955706 0.00150737 0.00218219 0.00294003 0.00373853 0.00453874 0.005362 0.00618257 0.00667741 0.00692899 0.00704575 0.00706289 0.00698793 0.00680867 0.00648184 0.0059113 0.00519532 0.00455406 0.00394713 0.00336419 0.00282089 0.00233141 0.0019052 0.00154807 0.00126465 0.0010608 0.000932544 0.000826443 0.000636889 0.000358311 0.000137326 3.76242e-05 7.98117e-06 1.37671e-06 1.92725e-07 2.02008e-08 1.14577e-09 0 
0 0.000179414 0.000567276 0.00101413 0.00162042 0.00235863 0.0031869 0.00406079 0.00497236 0.00597349 0.00667741 0.00703838 0.00723621 0.00733113 0.00734477 0.00728235 0.00713682 0.00688364 0.00645897 0.00574947 0.00496553 0.00428248 0.00364418 0.00305031 0.00251482 0.00204772 0.00165467 0.00133926 0.00110633 0.000956694 0.000851669 0.000685818 0.000413099 0.000168196 4.78238e-05 1.03205e-05 1.79e-06 2.50497e-07 2.61776e-08 1.47867e-09 0 
0 0.000187853 0.000582184 0.00105616 0.00170065 0.00248352 0.00336157 0.00429302 0.00533222 0.0063589 0.00692899 0.00723621 0.00741068 0.00749556 0.00750739 0.00745043 0.0073196 0.00709719 0.00673901 0.00613411 0.00528543 0.0045198 0.00383921 0.00320982 0.0026422 0.00214661 0.00172868 0.00139134 0.00113844 0.000972624 0.000864508 0.000713716 0.000449963 0.000191443 5.60128e-05 1.22587e-05 2.13717e-06 2.99281e-07 3.1231e-08 1.76e-09 0 
0 0.000192144 0.000590006 0.00107912 0.00174438 0.00255162 0.00345686 0.00442472 0.00554879 0.0065335 0.00704575 0.00733113 0.00749556 0.00757587 0.0075866 0.00753165 0.00740665 0.00719647 0.00686411 0.00631494 0.00547092 0.00464804 0.00394118 0.00329269 0.00270799 0.00219732 0.00176625 0.00141738 0.00115393 0.000979083 0.000868239 0.000725457 0.000468952 0.000204729 6.09656e-05 1.34659e-05 2.35669e-06 3.30379e-07 3.44683e-08 1.94084e-09 0 
0 0.00019268 0.000590619 0.00108215 0.00175067 0.00256164 0.00347096 0.00444508 0.00558435 0.0065594 0.00706289 0.00734477 0.00750739 0.0075866 0.00759665 0.00754136 0.00741645 0.00720715 0.00687744 0.00633534 0.0054927 0.00465898 0.00394802 0.00329732 0.00271079 0.00219858 0.00176619 0.0014161 0.00115134 0.000975118 0.00086404 0.000723978 0.000471085 0.000207192 6.20494e-05 1.37531e-05 2.41174e-06 3.38486e-07 3.53398e-08 1.99093e-09 0 
0 0.000189728 0.000584363 0.00106605 0.00172108 0.00251604 0.00340728 0.00435599 0.00544144 0.006451 0.00698793 0.00728235 0.00745043 0.00753165 0.00754136 0.00748357 0.00735357 0.00713503 0.00678774 0.00620893 0.00535285 0.00455586 0.00386381 0.00322697 0.00265306 0.00215216 0.00172966 0.00138811 0.00113075 0.000960487 0.000852008 0.000710273 0.000457399 0.000199174 5.92952e-05 1.31144e-05 2.29993e-06 3.23166e-07 3.37947e-08 1.90728e-09 0 
0 0.000183445 0.00057204 0.00103305 0.00165941 0.00242053 0.00327384 0.0041755 0.00515003 0.00618203 0.00680867 0.00713682 0.0073196 0.00740665 0.00741645 0.00735357 0.00721202 0.00697129 0.00657922 0.00591556 0.00507918 0.00435523 0.00369802 0.00308906 0.00254055 0.00206233 0.00165968 0.00133542 0.00109332 0.000935378 0.000831298 0.00068363 0.000428782 0.000182017 5.33333e-05 1.17159e-05 2.05195e-06 2.88723e-07 3.02719e-08 1.71382e-09 0 
0 0.000173912 0.000554715 0.000986523 0.00157118 0.00228341 0.00308211 0.0039232 0.00478063 0.00571272 0.00648184 0.00688364 0.00709719 0.00719647 0.00720715 0.00713503 0.00697129 0.00668558 0.00619874 0.00545205 0.00472478 0.00407684 0.00346391 0.00289415 0.00238143 0.00193514 0.0015605 0.00126083 0.00104058 0.000899599 0.000799586 0.00064194 0.000386394 0.00015795 4.5236e-05 9.84245e-06 1.72088e-06 2.42667e-07 2.55436e-08 1.45291e-09 0 
0 0.00016119 0.000533361 0.000930742 0.00146314 0.00211468 0.00284585 0.00361526 0.00438192 0.00513871 0.0059113 0.00645897 0.00673901 0.00686411 0.00687744 0.00678774 0.00657922 0.00619874 0.00558804 0.00492644 0.00432326 0.00373879 0.00317709 0.00265475 0.00218526 0.00177751 0.00143677 0.0011671 0.000973367 0.000851116 0.000752175 0.000582449 0.000332517 0.000129991 3.62973e-05 7.82228e-06 1.36689e-06 1.93485e-07 2.04841e-08 1.17277e-09 0 
0 0.000145405 0.000508386 0.000870476 0.00134275 0.00192519 0.00257993 0.00326904 0.00395289 0.00459654 0.00519532 0.00574947 0.00613411 0.00631494 0.00633534 0.00620893 0.00591556 0.00545205 0.00492644 0.00440888 0.00388419 0.0033598 0.00285419 0.00238411 0.00196204 0.00159637 0.00129266 0.0010558 0.00088995 0.000783945 0.000681633 0.000503628 0.000271519 0.000101677 2.77844e-05 5.95207e-06 1.04267e-06 1.48536e-07 1.58515e-08 9.1528e-10 0 
0 0.000126881 0.000479139 0.000810481 0.00121783 0.00172587 0.00229919 0.00290309 0.00350225 0.00406207 0.00455406 0.00496553 0.00528543 0.00547092 0.0054927 0.00535285 0.00507918 0.00472478 0.00432326 0.00388419 0.00342293 0.00295927 0.00251167 0.00209522 0.00172126 0.00139784 0.00113088 0.000925591 0.000783465 0.00068671 0.000580257 0.000408557 0.000210268 7.65295e-05 2.07049e-05 4.44251e-06 7.83767e-07 1.1269e-07 1.21444e-08 7.07997e-10 0 
0 0.000106275 0.000443653 0.000754524 0.00109627 0.00152716 0.00201749 0.00253502 0.00304877 0.00352861 0.00394713 0.00428248 0.0045198 0.00464804 0.00465898 0.00455586 0.00435523 0.00407684 0.00373879 0.0033598 0.00295927 0.00255557 0.00216475 0.00179994 0.00147138 0.00118678 0.000952052 0.000771132 0.000642219 0.00054829 0.000448887 0.000308317 0.000157042 5.73007e-05 1.56459e-05 3.39431e-06 6.05297e-07 8.78844e-08 9.55418e-09 5.61293e-10 0 
0 8.46575e-05 0.000399034 0.000703674 0.000985736 0.00133878 0.00174708 0.00218023 0.00261089 0.00301331 0.00336419 0.00364418 0.00383921 0.00394118 0.00394802 0.00386381 0.00369802 0.00346391 0.00317709 0.00285419 0.00251167 0.00216475 0.00182672 0.00150873 0.00121999 0.000968281 0.000759429 0.000595292 0.00047301 0.000384667 0.000310115 0.000219958 0.000118242 4.51986e-05 1.27114e-05 2.80188e-06 5.0364e-07 7.34084e-08 7.9948e-09 4.69982e-10 0 
0 6.34696e-05 0.000342926 0.000654073 0.000892582 0.0011699 0.0014985 0.00185139 0.00220366 0.00253331 0.00282089 0.00305031 0.00320982 0.00329269 0.00329732 0.00322697 0.00308906 0.00289415 0.00265475 0.00238411 0.00209522 0.00179994 0.00150873 0.00123094 0.000976913 0.000760695 0.000595712 0.000477083 0.000378885 0.000287344 0.00021416 0.000156894 9.41585e-05 3.93498e-05 1.15425e-05 2.57179e-06 4.60624e-07 6.65563e-08 7.17661e-09 4.1774e-10 0 
0 4.42882e-05 0.000275845 0.000595688 0.000818499 0.00102913 0.00128102 0.00155852 0.00183849 0.00210156 0.00233141 0.00251482 0.0026422 0.00270799 0.00271079 0.00265306 0.00254055 0.00238143 0.00218526 0.00196204 0.00172126 0.00147138 0.00121999 0.000976913 0.000765987 0.000637969 0.000631099 0.000682719 0.00064912 0.000476953 0.000271642 0.000142899 8.12893e-05 3.71252e-05 1.14087e-05 2.54562e-06 4.48356e-07 6.3441e-08 6.70351e-09 3.83108e-10 0 
0 2.84455e-05 0.000203081 0.000515355 0.000754577 0.000922111 0.00110353 0.00131006 0.00152379 0.00172689 0.0019052 0.00204772 0.00214661 0.00219732 0.00219858 0.00215216 0.00206233 0.00193514 0.00177751 0.00159637 0.00139784 0.00118678 0.000968281 0.000760695 0.000637969 0.000749229 0.00118115 0.00185572 0.00221914 0.00134543 0.000683002 0.000253111 8.93843e-05 3.65748e-05 1.14654e-05 2.53622e-06 4.35685e-07 6.00203e-08 6.19003e-09 3.46354e-10 0 
0 1.66488e-05 0.000133991 0.000406556 0.000677306 0.000843132 0.000972749 0.00111432 0.00126663 0.0014155 0.00154807 0.00165467 0.00172868 0.00176625 0.00176619 0.00172966 0.00165968 0.0015605 0.00143677 0.00129266 0.00113088 0.000952052 0.000759429 0.000595712 0.000631099 0.00118115 0.00266969 0.00459044 0.00476644 0.00386336 0.00157938 0.000533558 0.00013619 3.85949e-05 1.11419e-05 2.38881e-06 3.9805e-07 5.34055e-08 5.38742e-09 2.95886e-10 0 
0 8.80915e-06 7.79452e-05 0.000280554 0.000558608 0.000763141 0.000882308 0.000976874 0.0010745 0.00117354 0.00126465 0.00133926 0.00139134 0.00141738 0.0014161 0.00138811 0.00133542 0.00126083 0.0011671 0.0010558 0.000925591 0.000771132 0.000595292 0.000477083 0.000682719 0.00185572 0.00459044 0.00516028 0.00523007 0.00492901 0.003279 0.000855265 0.000197767 4.20171e-05 1.01525e-05 2.0377e-06 3.27629e-07 4.29953e-08 4.26963e-09 2.31599e-10 0 
0 4.19206e-06 3.96115e-05 0.000164169 0.000395642 0.000635263 0.000793556 0.000883815 0.000948177 0.0010066 0.0010608 0.00110633 0.00113844 0.00115393 0.00115134 0.00113075 0.00109332 0.00104058 0.000973367 0.00088995 0.000783465 0.000642219 0.00047301 0.000378885 0.00064912 0.00221914 0.00476644 0.00523007 0.00529225 0.00505441 0.00387147 0.000946432 0.000212183 3.99891e-05 8.23982e-06 1.52112e-06 2.3607e-07 3.05464e-08 3.01348e-09 1.62791e-10 0 
0 1.79019e-06 1.75586e-05 8.0384e-05 0.000228472 0.000442889 0.00064283 0.000776775 0.00085363 0.000900024 0.000932544 0.000956694 0.000972624 0.000979083 0.000975118 0.000960487 0.000935378 0.000899599 0.000851116 0.000783945 0.00068671 0.00054829 0.000384667 0.000287344 0.000476953 0.00134543 0.00386336 0.00492901 0.00505441 0.00469374 0.00237429 0.000697789 0.000157327 2.93109e-05 5.56153e-06 9.61752e-07 1.46028e-07 1.88667e-08 1.86928e-09 1.01508e-10 0 
0 6.86133e-07 6.81863e-06 3.30742e-05 0.000105615 0.00024139 0.000417485 0.00058311 0.000704937 0.000781634 0.000826443 0.000851669 0.000864508 0.000868239 0.00086404 0.000852008 0.000831298 0.000799586 0.000752175 0.000681633 0.000580257 0.000448887 0.000310115 0.00021416 0.000271642 0.000683002 0.00157938 0.003279 0.00387147 0.00237429 0.00104757 0.00034669 8.05961e-05 1.5946e-05 2.97546e-06 5.03173e-07 7.67118e-08 1.00555e-08 1.01213e-09 5.57693e-11 0 
0 2.36366e-07 2.33679e-06 1.1608e-05 3.9602e-05 0.000101276 0.000202652 0.000329903 0.000456508 0.000561288 0.000636889 0.000685818 0.000713716 0.000725457 0.000723978 0.000710273 0.00068363 0.00064194 0.000582449 0.000503628 0.000408557 0.000308317 0.000219958 0.000156894 0.000142899 0.000253111 0.000533558 0.000855265 0.000946432 0.000697789 0.00034669 0.000117637 2.99287e-05 6.51196e-06 1.2494e-06 2.16997e-07 3.41861e-08 4.61777e-09 4.77195e-10 2.69096e-11 0 
0 7.32897e-08 7.11875e-07 3.53608e-06 1.23924e-05 3.3647e-05 7.37997e-05 0.000134599 0.000209926 0.000288239 0.000358311 0.000413099 0.000449963 0.000468952 0.000471085 0.000457399 0.000428782 0.000386394 0.000332517 0.000271519 0.000210268 0.000157042 0.000118242 9.41585e-05 8.12893e-05 8.93843e-05 0.00013619 0.000197767 0.000212183 0.000157327 8.05961e-05 2.99287e-05 8.67691e-06 2.06047e-06 4.22271e-07 7.82988e-08 1.30087e-08 1.83136e-09 1.95934e-10 1.13887e-11 0 
0 2.04545e-08 1.93697e-07 9.4792e-07 3.32634e-06 9.23082e-06 2.11543e-05 4.10984e-05 6.91302e-05 0.000102695 0.000137326 0.000168196 0.000191443 0.000204729 0.000207192 0.000199174 0.000182017 0.00015795 0.000129991 0.000101677 7.65295e-05 5.73007e-05 4.51986e-05 3.93498e-05 3.71252e-05 3.65748e-05 3.85949e-05 4.20171e-05 3.99891e-05 2.93109e-05 1.5946e-05 6.51196e-06 2.06047e-06 5.33226e-07 1.20043e-07 2.41491e-08 4.26299e-09 6.29281e-10 7.01086e-11 4.22321e-12 0 
0 5.12252e-09 4.70927e-08 2.25175e-07 7.79657e-07 2.16149e-06 5.01653e-06 9.99866e-06 1.74302e-05 2.69865e-05 3.76242e-05 4.78238e-05 5.60128e-05 6.09656e-05 6.20494e-05 5.92952e-05 5.33333e-05 4.5236e-05 3.62973e-05 2.77844e-05 2.07049e-05 1.56459e-05 1.27114e-05 1.15425e-05 1.14087e-05 1.14654e-05 1.11419e-05 1.01525e-05 8.23982e-06 5.56153e-06 2.97546e-06 1.2494e-06 4.22271e-07 1.20043e-07 2.97191e-08 6.45438e-09 1.20909e-09 1.87578e-10 2.18381e-11 1.36833e-12 0 
0 1.14115e-09 1.01658e-08 4.7299e-08 1.60378e-07 4.38854e-07 1.01397e-06 2.02876e-06 3.57532e-06 5.62329e-06 7.98117e-06 1.03205e-05 1.22587e-05 1.34659e-05 1.37531e-05 1.31144e-05 1.17159e-05 9.84245e-06 7.82228e-06 5.95207e-06 4.44251e-06 3.39431e-06 2.80188e-06 2.57179e-06 2.54562e-06 2.53622e-06 2.38881e-06 2.0377e-06 1.52112e-06 9.61752e-07 5.03173e-07 2.16997e-07 7.82988e-08 2.41491e-08 6.45438e-09 1.49543e-09 2.96173e-10 4.83051e-11 5.88622e-12 3.84442e-13 0 
0 2.21797e-10 1.91404e-09 8.65298e-09 2.8636e-08 7.68992e-08 1.75398e-07 3.48444e-07 6.12817e-07 9.65691e-07 1.37671e-06 1.79e-06 2.13717e-06 2.35669e-06 2.41174e-06 2.29993e-06 2.05195e-06 1.72088e-06 1.36689e-06 1.04267e-06 7.83767e-07 6.05297e-07 5.0364e-07 4.60624e-07 4.48356e-07 4.35685e-07 3.9805e-07 3.27629e-07 2.3607e-07 1.46028e-07 7.67118e-08 3.41861e-08 1.30087e-08 4.26299e-09 1.20909e-09 2.96173e-10 6.18056e-11 1.05878e-11 1.35061e-12 9.20194e-14 0 
0 3.60646e-11 3.01696e-10 1.3253e-09 4.27663e-09 1.12451e-08 2.52271e-08 4.95111e-08 8.63737e-08 1.35471e-07 1.92725e-07 2.50497e-07 2.99281e-07 3.30379e-07 3.38486e-07 3.23166e-07 2.88723e-07 2.42667e-07 1.93485e-07 1.48536e-07 1.1269e-07 8.78844e-08 7.34084e-08 6.65563e-08 6.3441e-08 6.00203e-08 5.34055e-08 4.29953e-08 3.05464e-08 1.88667e-08 1.00555e-08 4.61777e-09 1.83136e-09 6.29281e-10 1.87578e-10 4.83051e-11 1.05878e-11 1.90165e-12 2.53702e-13 1.80268e-14 0 
0 4.43176e-12 3.59849e-11 1.5375e-10 4.83956e-10 1.24553e-09 2.74501e-09 5.31197e-09 9.16868e-09 1.42714e-08 2.02008e-08 2.61776e-08 3.1231e-08 3.44683e-08 3.53398e-08 3.37947e-08 3.02719e-08 2.55436e-08 2.04841e-08 1.58515e-08 1.21444e-08 9.55418e-09 7.9948e-09 7.17661e-09 6.70351e-09 6.19003e-09 5.38742e-09 4.26963e-09 3.01348e-09 1.86928e-09 1.01213e-09 4.77195e-10 1.95934e-10 7.01086e-11 2.18381e-11 5.88622e-12 1.35061e-12 2.53702e-13 3.53391e-14 2.61613e-15 0 
0 2.94256e-13 2.32291e-12 9.66752e-12 2.97157e-11 7.49022e-11 1.62185e-10 3.09336e-10 5.27844e-10 8.14515e-10 1.14577e-09 1.47867e-09 1.76e-09 1.94084e-09 1.99093e-09 1.90728e-09 1.71382e-09 1.45291e-09 1.17277e-09 9.1528e-10 7.07997e-10 5.61293e-10 4.69982e-10 4.1774e-10 3.83108e-10 3.46354e-10 2.95886e-10 2.31599e-10 1.62791e-10 1.01508e-10 5.57693e-11 2.69096e-11 1.13887e-11 4.22321e-12 1.36833e-12 3.84442e-13 9.20194e-14 1.80268e-14 2.61613e-15 2.01473e-16 0 
0 0 0 0 0 0 0 0 0 0 0 0 0 0 0 0 0 0 0 0 0 0 0 0 0 0 0 0 0 0 0 0 0 0 0 0 0 0 0 0 0 
