0 0 0 0 0 0 0 0 0 0 0 0 0 0 0 0 0 0 0 0 0 0 0 0 0 0 0 0 0 0 0 0 0 0 0 0 0 0 0 0 0 
0 1.49565e-07 1.29074e-06 5.33736e-06 1.46464e-05 2.99386e-05 4.91357e-05 6.87873e-05 8.61781e-05 0.000100094 0.000110439 0.000117614 0.000122111 0.000124332 0.000124553 0.000122932 0.000119528 0.000114326 0.00010726 9.82733e-05 8.73988e-05 7.48687e-05 6.12059e-05 4.72467e-05 3.40419e-05 2.26248e-05 1.37169e-05 7.51618e-06 3.69814e-06 1.62839e-06 6.4132e-07 2.26169e-07 7.153e-08 2.02941e-08 5.15123e-09 1.16014e-09 2.27477e-10 3.72485e-11 4.60287e-12 3.06976e-13 0 
0 1.29074e-06 1.11429e-05 4.32407e-05 0.000103418 0.000174696 0.000233867 0.000273413 0.000298519 0.000315928 0.00032937 0.000339922 0.000347403 0.000351369 0.000351596 0.000348231 0.000341781 0.000332983 0.000322577 0.000310991 0.000297954 0.000282173 0.00026135 0.000232891 0.000195478 0.000150909 0.000104692 6.40315e-05 3.41125e-05 1.57689e-05 6.34482e-06 2.23819e-06 6.97673e-07 1.93276e-07 4.76514e-08 1.03981e-08 1.97415e-09 3.1317e-10 3.75377e-11 2.43237e-12 0 
0 5.33736e-06 4.32407e-05 0.000141814 0.000264294 0.000349905 0.000398846 0.000437574 0.00047857 0.000521493 0.000562032 0.000596055 0.000620624 0.000634064 0.000635835 0.000626399 0.000607078 0.000579899 0.000547452 0.000512733 0.000478913 0.000448858 0.000424129 0.00040335 0.000380582 0.000345707 0.000289656 0.00021376 0.000133818 6.96779e-05 3.01779e-05 1.1023e-05 3.45927e-06 9.47633e-07 2.28662e-07 4.85803e-08 8.96109e-09 1.3808e-09 1.609e-10 1.01503e-11 0 
0 1.46464e-05 0.000103418 0.000264294 0.000385738 0.00045725 0.00052974 0.000617152 0.00071165 0.000803576 0.000885479 0.000951885 0.000999011 0.0010247 0.00102839 0.00101101 0.000974789 0.000922961 0.000859498 0.000788802 0.000715501 0.000644374 0.000580352 0.000528186 0.000490778 0.000465202 0.000437901 0.000386337 0.000296657 0.00018612 9.26053e-05 3.67889e-05 1.20008e-05 3.31427e-06 7.91853e-07 1.65002e-07 2.97211e-08 4.46545e-09 5.07437e-10 3.12494e-11 0 
0 2.99386e-05 0.000174696 0.000349905 0.00045725 0.00056424 0.000699974 0.000852274 0.00100705 0.00115328 0.00128188 0.00138553 0.00145889 0.0014989 0.00150478 0.00147799 0.00142189 0.00134134 0.00124222 0.00113091 0.00101382 0.000897108 0.000786506 0.000687597 0.000606184 0.000547622 0.000512263 0.000485962 0.000435594 0.000333148 0.000199541 9.06834e-05 3.19431e-05 9.11174e-06 2.18723e-06 4.51088e-07 7.98329e-08 1.17491e-08 1.30682e-09 7.88085e-11 0 
0 4.91357e-05 0.000233867 0.000398846 0.00052974 0.000699974 0.0009038 0.00112261 0.00134141 0.00154687 0.00172706 0.00187209 0.00197475 0.00203083 0.00203914 0.00200164 0.00192318 0.00181052 0.00167173 0.00151553 0.00135061 0.00118513 0.00102629 0.000880283 0.000752683 0.000649337 0.000576422 0.000535068 0.000507037 0.000446985 0.00032207 0.000172784 6.80477e-05 2.0563e-05 5.0385e-06 1.03863e-06 1.81798e-07 2.63366e-08 2.87857e-09 1.70562e-10 0 
0 6.87873e-05 0.000273413 0.000437574 0.000617152 0.000852274 0.00112261 0.00140906 0.00169432 0.00196173 0.00219634 0.00238804 0.00253493 0.00262698 0.00264265 0.00257944 0.00245962 0.00230568 0.00212381 0.00192033 0.00170536 0.00148914 0.00128073 0.00108756 0.000915534 0.00076973 0.000655794 0.000580003 0.000540654 0.000507343 0.000420788 0.000266305 0.000119719 3.91426e-05 9.93516e-06 2.0664e-06 3.60019e-07 5.15843e-08 5.56198e-09 3.24889e-10 0 
0 8.61781e-05 0.000298519 0.00047857 0.00071165 0.00100705 0.00134141 0.00169432 0.00204531 0.00237492 0.00267814 0.00298748 0.00324592 0.00338203 0.00340361 0.00331975 0.00312362 0.00284796 0.00257922 0.00232238 0.00205733 0.00179094 0.00153371 0.00129449 0.00107999 0.000895137 0.000744328 0.000633299 0.000567293 0.000534379 0.000481254 0.000349494 0.000179611 6.43081e-05 1.70953e-05 3.61549e-06 6.30447e-07 8.97274e-08 9.5785e-09 5.53312e-10 0 
0 0.000100094 0.000315928 0.000521493 0.000803576 0.00115328 0.00154687 0.00196173 0.00237492 0.00278331 0.00325313 0.00360529 0.00377386 0.00384831 0.00385975 0.0038139 0.00369949 0.00347327 0.00308806 0.00270818 0.0023866 0.00207282 0.0017701 0.00148814 0.00123452 0.00101443 0.000831572 0.000690113 0.000596247 0.000549151 0.000512072 0.000410515 0.000237579 9.32403e-05 2.60995e-05 5.641e-06 9.88546e-07 1.40243e-07 1.48686e-08 8.51818e-10 0 
0 0.000110439 0.00032937 0.000562032 0.000885479 0.00128188 0.00172706 0.00219634 0.00267814 0.00325313 0.00369897 0.00390878 0.0040201 0.00407305 0.00408121 0.00404765 0.00396773 0.00382496 0.00357171 0.00311899 0.00268139 0.00231891 0.00197622 0.00165707 0.00136954 0.00111917 0.000909397 0.000743178 0.000625672 0.000560838 0.000526353 0.000449365 0.000285892 0.000121894 3.58955e-05 7.94228e-06 1.40211e-06 1.98784e-07 2.09846e-08 1.19522e-09 0 
0 0.000117614 0.000339922 0.000596055 0.000951885 0.00138553 0.00187209 0.00238804 0.00298748 0.00360529 0.00390878 0.00406903 0.00415978 0.00420416 0.00421092 0.00418227 0.00411545 0.00400085 0.00381339 0.00347861 0.002955 0.00251779 0.00214074 0.00179184 0.00147728 0.00120289 0.000972009 0.000786849 0.000651337 0.0005709 0.000532675 0.000471469 0.000321249 0.000146479 4.50844e-05 1.01957e-05 1.81434e-06 2.57464e-07 2.71149e-08 1.53858e-09 0 
0 0.000122111 0.000347403 0.000620624 0.000999011 0.00145889 0.00197475 0.00253493 0.00324592 0.00377386 0.0040201 0.00415978 0.00424122 0.00428149 0.00428747 0.00426104 0.00420012 0.00409756 0.00393581 0.00366747 0.00318237 0.00266406 0.0022555 0.00188554 0.0015521 0.00126098 0.00101548 0.000817385 0.000669717 0.000578072 0.00053491 0.000482368 0.00034365 0.000164377 5.23146e-05 1.20389e-05 2.15743e-06 3.06641e-07 3.22632e-08 1.82691e-09 0 
0 0.000124332 0.000351369 0.000634064 0.0010247 0.0014989 0.00203083 0.00262698 0.00338203 0.00384831 0.00407305 0.00420416 0.00428149 0.00431983 0.00432532 0.00429968 0.00424113 0.00414343 0.00399176 0.00374795 0.00330562 0.00274864 0.00231569 0.00193423 0.00159075 0.00129077 0.00103755 0.000832661 0.000678611 0.00058084 0.000534309 0.000485803 0.000354442 0.000174265 5.65938e-05 1.31689e-05 2.37152e-06 3.37613e-07 3.55229e-08 2.01009e-09 0 
0 0.000124553 0.000351596 0.000635835 0.00102839 0.00150478 0.00203914 0.00264265 0.00340361 0.00385975 0.00408121 0.00421092 0.00428747 0.00432532 0.00433049 0.00430465 0.00424606 0.00414862 0.00399788 0.00375692 0.00332098 0.00275745 0.0023198 0.00193695 0.0015924 0.00129151 0.00103751 0.000831908 0.000677044 0.000578265 0.000531062 0.000483661 0.000354953 0.000175815 5.74423e-05 1.34174e-05 2.4215e-06 3.45148e-07 3.63425e-08 2.05747e-09 0 
0 0.000122932 0.000348231 0.000626399 0.00101101 0.00147799 0.00200164 0.00257944 0.00331975 0.0038139 0.00404765 0.00418227 0.00426104 0.00429968 0.00430465 0.00427769 0.00421689 0.00411555 0.00395764 0.00370099 0.00323432 0.00269005 0.00227009 0.00189562 0.00155849 0.00126424 0.00101606 0.000815474 0.000665036 0.000570082 0.000524962 0.00047634 0.000345911 0.000169365 5.49108e-05 1.27831e-05 2.30562e-06 3.28879e-07 3.46763e-08 1.96625e-09 0 
0 0.000119528 0.000341781 0.000607078 0.000974789 0.00142189 0.00192318 0.00245962 0.00312362 0.00369949 0.00396773 0.00411545 0.00420012 0.00424113 0.00424606 0.00421689 0.0041512 0.00404077 0.00386498 0.00356566 0.00304697 0.00256342 0.00217245 0.0018146 0.0014924 0.00121147 0.00097495 0.000784548 0.000643294 0.000556451 0.000515423 0.000462959 0.000327416 0.000155764 4.95185e-05 1.14196e-05 2.05389e-06 2.93132e-07 3.09715e-08 1.76098e-09 0 
0 0.000114326 0.000332983 0.000579899 0.000922961 0.00134134 0.00181052 0.00230568 0.00284796 0.00347327 0.00382496 0.00400085 0.00409756 0.00414343 0.00414862 0.00411555 0.00404077 0.00391245 0.00369869 0.00330658 0.00279685 0.00239586 0.00203482 0.00170011 0.00139892 0.00113676 0.00091669 0.000740796 0.000612814 0.000537434 0.000500974 0.000441373 0.000299303 0.000136393 4.21428e-05 9.5892e-06 1.71793e-06 2.45405e-07 2.601e-08 1.4849e-09 0 
0 0.00010726 0.000322577 0.000547452 0.000859498 0.00124222 0.00167173 0.00212381 0.00257922 0.00308806 0.00357171 0.00381339 0.00393581 0.00399176 0.00399787 0.00395764 0.00386498 0.00369869 0.00339464 0.00293328 0.00254252 0.00219639 0.00186631 0.00155947 0.00128369 0.00104416 0.000844018 0.000685885 0.000574245 0.000512014 0.000478341 0.00040832 0.000261873 0.000113259 3.38719e-05 7.59705e-06 1.35646e-06 1.94184e-07 2.0677e-08 1.18717e-09 0 
0 9.82733e-05 0.000310991 0.000512733 0.000788802 0.00113091 0.00151553 0.00192033 0.00232238 0.00270818 0.00311899 0.00347861 0.00366747 0.00374795 0.00375692 0.00370099 0.00356566 0.00330658 0.00293328 0.0025939 0.00228193 0.00197365 0.00167663 0.0014005 0.00115256 0.000937759 0.0007594 0.000620827 0.000526762 0.000476473 0.000441509 0.000360376 0.000216927 8.8976e-05 2.58194e-05 5.72499e-06 1.02142e-06 1.46866e-07 1.57425e-08 9.10614e-10 0 
0 8.73988e-05 0.000297954 0.000478913 0.000715501 0.00101382 0.00135061 0.00170536 0.00205733 0.0023866 0.00268139 0.002955 0.00318237 0.00330562 0.00332098 0.00323432 0.00304697 0.00279685 0.00254252 0.00228193 0.00201074 0.00173836 0.00147543 0.00123079 0.00101112 0.000821146 0.000664476 0.000544956 0.000466177 0.000422576 0.000382428 0.000296625 0.000168728 6.64706e-05 1.89247e-05 4.17904e-06 7.48391e-07 1.08385e-07 1.17165e-08 6.83654e-10 0 
0 7.48687e-05 0.000282173 0.000448858 0.000644374 0.000897108 0.00118513 0.00148914 0.00179094 0.00207282 0.00231891 0.00251779 0.00266406 0.00274864 0.00275745 0.00269005 0.00256342 0.00239586 0.00219639 0.00197365 0.00173836 0.00150122 0.00127163 0.00105734 0.000864336 0.000697198 0.000559654 0.000454938 0.000384133 0.000339966 0.000297299 0.000222875 0.000123861 4.83488e-05 1.37812e-05 3.06252e-06 5.52939e-07 8.07613e-08 8.80212e-09 5.17525e-10 0 
0 6.12059e-05 0.00026135 0.000424129 0.000580352 0.000786506 0.00102629 0.00128073 0.00153371 0.0017701 0.00197622 0.00214074 0.0022555 0.00231569 0.0023198 0.00227009 0.00217245 0.00203482 0.00186631 0.00167663 0.00147543 0.00127163 0.00107307 0.000886271 0.000716679 0.000568937 0.000446678 0.000351368 0.000282072 0.00023552 0.000200148 0.000152995 8.88087e-05 3.60575e-05 1.05427e-05 2.37606e-06 4.32247e-07 6.34066e-08 6.9297e-09 4.08207e-10 0 
0 4.72467e-05 0.000232891 0.00040335 0.000528186 0.000687597 0.000880283 0.00108756 0.00129449 0.00148814 0.00165707 0.00179184 0.00188554 0.00193423 0.00193695 0.00189562 0.0018146 0.00170011 0.00155947 0.0014005 0.00123079 0.00105734 0.000886271 0.000723108 0.00057394 0.000447031 0.000350197 0.000280582 0.000223139 0.000170317 0.000130295 0.000101461 6.56904e-05 2.92171e-05 8.92692e-06 2.03697e-06 3.69816e-07 5.38674e-08 5.83898e-09 3.41194e-10 0 
0 3.40419e-05 0.000195478 0.000380582 0.000490778 0.000606184 0.000752683 0.000915534 0.00107999 0.00123452 0.00136954 0.00147728 0.0015521 0.00159075 0.0015924 0.00155849 0.0014924 0.00139892 0.00128369 0.00115256 0.00101112 0.000864336 0.000716679 0.00057394 0.000450069 0.000374813 0.000370736 0.000401051 0.000381314 0.00028019 0.000159788 8.5766e-05 5.23753e-05 2.579e-05 8.3189e-06 1.90752e-06 3.41131e-07 4.8715e-08 5.17991e-09 2.97483e-10 0 
0 2.26248e-05 0.000150909 0.000345707 0.000465202 0.000547622 0.000649337 0.00076973 0.000895137 0.00101443 0.00111917 0.00120289 0.00126098 0.00129077 0.00129151 0.00126424 0.00121147 0.00113676 0.00104416 0.000937759 0.000821146 0.000697198 0.000568937 0.000447031 0.000374813 0.00044012 0.00069384 0.00117285 0.0014157 0.000799947 0.000401216 0.000148782 5.39248e-05 2.39829e-05 8.01296e-06 1.83196e-06 3.20011e-07 4.45006e-08 4.61812e-09 2.59657e-10 0 
0 1.37169e-05 0.000104692 0.000289656 0.000437901 0.000512263 0.000576422 0.000655794 0.000744328 0.000831572 0.000909397 0.000972009 0.00101548 0.00103755 0.00103751 0.00101606 0.00097495 0.00091669 0.000844018 0.0007594 0.000664476 0.000559654 0.000446678 0.000350197 0.000370736 0.00069384 0.00168063 0.00264251 0.00271348 0.00235507 0.000936794 0.000313429 8.02892e-05 2.40982e-05 7.53818e-06 1.68566e-06 2.86265e-07 3.87669e-08 3.93294e-09 2.16932e-10 0 
0 7.51618e-06 6.40315e-05 0.00021376 0.000386337 0.000485962 0.000535068 0.000580003 0.000633299 0.000690113 0.000743178 0.000786849 0.000817385 0.000832661 0.000831908 0.000815474 0.000784548 0.000740796 0.000685885 0.000620827 0.000544956 0.000454938 0.000351368 0.000280582 0.000401051 0.00117285 0.00264251 0.00291317 0.00294433 0.00279922 0.00203071 0.000502799 0.000116238 2.54944e-05 6.69888e-06 1.41573e-06 2.32689e-07 3.08245e-08 3.07648e-09 1.67484e-10 0 
0 3.69814e-06 3.41125e-05 0.000133818 0.000296657 0.000435594 0.000507037 0.000540654 0.000567293 0.000596247 0.000625672 0.000651337 0.000669717 0.000678611 0.000677044 0.000665036 0.000643294 0.000612814 0.000574245 0.000526762 0.000466177 0.000384133 0.000282072 0.000223139 0.000381314 0.0014157 0.00271348 0.00294433 0.00297571 0.00286091 0.0023519 0.000567077 0.000124678 2.40424e-05 5.35955e-06 1.04675e-06 1.66438e-07 2.17399e-08 2.15426e-09 1.16726e-10 0 
0 1.62839e-06 1.57689e-05 6.96779e-05 0.00018612 0.000333148 0.000446985 0.000507343 0.000534379 0.000549151 0.000560838 0.0005709 0.000578072 0.00058084 0.000578265 0.000570082 0.000556451 0.000537434 0.000512014 0.000476473 0.000422576 0.000339966 0.00023552 0.000170317 0.00028019 0.000799947 0.00235507 0.00279922 0.00286091 0.00267458 0.00148555 0.000409902 9.24789e-05 1.7683e-05 3.61196e-06 6.59541e-07 1.02575e-07 1.33705e-08 1.32981e-09 7.23927e-11 0 
0 6.4132e-07 6.34482e-06 3.01779e-05 9.26053e-05 0.000199541 0.00032207 0.000420788 0.000481254 0.000512072 0.000526353 0.000532675 0.00053491 0.000534309 0.000531062 0.000524962 0.000515423 0.000500974 0.000478341 0.000441509 0.000382428 0.000297299 0.000200148 0.000130295 0.000159788 0.000401216 0.000936794 0.00203071 0.0023519 0.00148555 0.000615374 0.000203659 4.75118e-05 9.76971e-06 1.9514e-06 3.45854e-07 5.38342e-08 7.10947e-09 7.1784e-10 3.96339e-11 0 
0 2.26169e-07 2.23819e-06 1.1023e-05 3.67889e-05 9.06834e-05 0.000172784 0.000266305 0.000349494 0.000410515 0.000449365 0.000471469 0.000482368 0.000485803 0.000483661 0.00047634 0.000462959 0.000441373 0.00040832 0.000360376 0.000296625 0.000222875 0.000152995 0.000101461 8.5766e-05 0.000148782 0.000313429 0.000502799 0.000567077 0.000409902 0.000203659 6.91886e-05 1.79044e-05 4.10386e-06 8.33739e-07 1.50078e-07 2.40096e-08 3.26097e-09 3.37793e-10 1.90796e-11 0 
0 7.153e-08 6.97673e-07 3.45927e-06 1.20008e-05 3.19431e-05 6.80477e-05 0.000119719 0.000179611 0.000237579 0.000285892 0.000321249 0.00034365 0.000354442 0.000354953 0.000345911 0.000327416 0.000299303 0.000261873 0.000216927 0.000168728 0.000123861 8.88087e-05 6.56904e-05 5.23753e-05 5.39248e-05 8.02892e-05 0.000116238 0.000124678 9.24789e-05 4.75118e-05 1.79044e-05 5.39158e-06 1.34598e-06 2.8742e-07 5.45454e-08 9.14897e-09 1.29253e-09 1.38526e-10 8.06226e-12 0 
0 2.02941e-08 1.93276e-07 9.47633e-07 3.31427e-06 9.11174e-06 2.0563e-05 3.91426e-05 6.43081e-05 9.32403e-05 0.000121894 0.000146479 0.000164377 0.000174265 0.000175815 0.000169365 0.000155764 0.000136393 0.000113259 8.8976e-05 6.64706e-05 4.83488e-05 3.60575e-05 2.92171e-05 2.579e-05 2.39829e-05 2.40982e-05 2.54944e-05 2.40424e-05 1.7683e-05 9.76971e-06 4.10386e-06 1.34598e-06 3.60369e-07 8.30897e-08 1.69206e-08 3.00172e-09 4.44011e-10 4.95285e-11 2.98656e-12 0 
0 5.15123e-09 4.76514e-08 2.28662e-07 7.91853e-07 2.18723e-06 5.0385e-06 9.93516e-06 1.70953e-05 2.60995e-05 3.58955e-05 4.50844e-05 5.23146e-05 5.65938e-05 5.74423e-05 5.49108e-05 4.95185e-05 4.21428e-05 3.38719e-05 2.58194e-05 1.89247e-05 1.37812e-05 1.05427e-05 8.92692e-06 8.3189e-06 8.01296e-06 7.53818e-06 6.69888e-06 5.35955e-06 3.61196e-06 1.9514e-06 8.33739e-07 2.8742e-07 8.30897e-08 2.07892e-08 4.53816e-09 8.52015e-10 1.32337e-10 1.54204e-11 9.66988e-13 0 
0 1.16014e-09 1.03981e-08 4.85803e-08 1.65002e-07 4.51088e-07 1.03863e-06 2.0664e-06 3.61549e-06 5.641e-06 7.94228e-06 1.01957e-05 1.20389e-05 1.31689e-05 1.34174e-05 1.27831e-05 1.14196e-05 9.5892e-06 7.59705e-06 5.72499e-06 4.17904e-06 3.06252e-06 2.37606e-06 2.03697e-06 1.90752e-06 1.83196e-06 1.68566e-06 1.41573e-06 1.04675e-06 6.59541e-07 3.45854e-07 1.50078e-07 5.45454e-08 1.69206e-08 4.53816e-09 1.05331e-09 2.08809e-10 3.40797e-11 4.15537e-12 2.71565e-13 0 
0 2.27477e-10 1.97415e-09 8.96109e-09 2.97211e-08 7.98329e-08 1.81798e-07 3.60019e-07 6.30447e-07 9.88546e-07 1.40211e-06 1.81434e-06 2.15743e-06 2.37152e-06 2.4215e-06 2.30562e-06 2.05389e-06 1.71793e-06 1.35646e-06 1.02142e-06 7.48391e-07 5.52939e-07 4.32247e-07 3.69816e-07 3.41131e-07 3.20011e-07 2.86265e-07 2.32689e-07 1.66438e-07 1.02575e-07 5.38342e-08 2.40096e-08 9.14897e-09 3.00172e-09 8.52015e-10 2.08809e-10 4.35917e-11 7.47065e-12 9.53384e-13 6.4986e-14 0 
0 3.72485e-11 3.1317e-10 1.3808e-09 4.46545e-09 1.17491e-08 2.63366e-08 5.15843e-08 8.97274e-08 1.40243e-07 1.98784e-07 2.57464e-07 3.06641e-07 3.37613e-07 3.45148e-07 3.28879e-07 2.93132e-07 2.45405e-07 1.94184e-07 1.46866e-07 1.08385e-07 8.07613e-08 6.34066e-08 5.38674e-08 4.8715e-08 4.45006e-08 3.87669e-08 3.08245e-08 2.17399e-08 1.33705e-08 7.10947e-09 3.26097e-09 1.29253e-09 4.44011e-10 1.32337e-10 3.40797e-11 7.47065e-12 1.34205e-12 1.79094e-13 1.27297e-14 0 
0 4.60287e-12 3.75377e-11 1.609e-10 5.07437e-10 1.30682e-09 2.87857e-09 5.56198e-09 9.5785e-09 1.48686e-08 2.09846e-08 2.71149e-08 3.22632e-08 3.55229e-08 3.63425e-08 3.46763e-08 3.09715e-08 2.601e-08 2.0677e-08 1.57425e-08 1.17165e-08 8.80212e-09 6.9297e-09 5.83898e-09 5.17991e-09 4.61812e-09 3.93294e-09 3.07648e-09 2.15426e-09 1.32981e-09 7.1784e-10 3.37793e-10 1.38526e-10 4.95285e-11 1.54204e-11 4.15537e-12 9.53384e-13 1.79094e-13 2.49501e-14 1.84742e-15 0 
0 3.06976e-13 2.43237e-12 1.01503e-11 3.12494e-11 7.88085e-11 1.70562e-10 3.24889e-10 5.53312e-10 8.51818e-10 1.19522e-09 1.53858e-09 1.82691e-09 2.01009e-09 2.05747e-09 1.96625e-09 1.76098e-09 1.4849e-09 1.18717e-09 9.10614e-10 6.83654e-10 5.17525e-10 4.08207e-10 3.41194e-10 2.97483e-10 2.59657e-10 2.16932e-10 1.67484e-10 1.16726e-10 7.23927e-11 3.96339e-11 1.90796e-11 8.06226e-12 2.98656e-12 9.66988e-13 2.71565e-13 6.4986e-14 1.27297e-14 1.84742e-15 1.42288e-16 0 
0 0 0 0 0 0 0 0 0 0 0 0 0 0 0 0 0 0 0 0 0 0 0 0 0 0 0 0 0 0 0 0 0 0 0 0 0 0 0 0 0 
