0 0 0 0 0 0 0 0 0 0 0 0 0 0 0 0 0 0 0 0 0 0 0 0 0 0 0 0 0 0 0 0 0 0 0 0 0 0 0 0 0 
0 1.98142e-07 1.74536e-06 7.51298e-06 2.18752e-05 4.80428e-05 8.49842e-05 0.000127603 0.000169817 0.000207158 0.000237376 0.000259833 0.000274705 0.000282458 0.000283578 0.000278489 0.000267546 0.000251076 0.00022947 0.000203315 0.000173556 0.000141633 0.00010949 7.93726e-05 5.33908e-05 3.29891e-05 1.85607e-05 9.4479e-06 4.33487e-06 1.79074e-06 6.6656e-07 2.2392e-07 6.79734e-08 1.86389e-08 4.60059e-09 1.01283e-09 1.94983e-10 3.14618e-11 3.8424e-12 2.53868e-13 0 
0 1.74536e-06 1.55953e-05 6.49195e-05 0.000172163 0.000327426 0.000490186 0.000627497 0.000731649 0.000808933 0.000866737 0.000909188 0.000937707 0.000952568 0.000954012 0.00094275 0.000920008 0.000887238 0.00084561 0.000795399 0.000735495 0.000663485 0.000576838 0.00047537 0.000364057 0.000253824 0.000158202 8.70131e-05 4.1983e-05 1.7783e-05 6.6483e-06 2.20945e-06 6.56877e-07 1.75346e-07 4.19991e-08 8.96136e-09 1.67209e-09 2.61718e-10 3.1047e-11 1.99568e-12 0 
0 7.51298e-06 6.49195e-05 0.000240788 0.000526319 0.000806756 0.00101651 0.00117644 0.00131735 0.00144885 0.00156694 0.00166401 0.00173352 0.00177142 0.00177643 0.0017499 0.00169543 0.00161845 0.00152563 0.00142416 0.00132061 0.00121916 0.00111903 0.00101213 0.000884056 0.000722388 0.000531441 0.000339698 0.000184338 8.43981e-05 3.28712e-05 1.10606e-05 3.2659e-06 8.55821e-07 1.99961e-07 4.14974e-08 7.52433e-09 1.14488e-09 1.3217e-10 8.28009e-12 0 
0 2.18752e-05 0.000172163 0.000526319 0.00091779 0.00121126 0.0014615 0.00172068 0.00198841 0.00224615 0.00247527 0.00266095 0.0027927 0.00286451 0.00287483 0.00282625 0.00272498 0.00258008 0.00240263 0.00220484 0.00199935 0.00179858 0.0016136 0.00145139 0.00130901 0.00116651 0.000989145 0.000753623 0.000486381 0.000256025 0.000109285 3.85522e-05 1.15533e-05 3.01101e-06 6.91829e-07 1.40395e-07 2.48351e-08 3.68494e-09 4.15087e-10 2.5403e-11 0 
0 4.80428e-05 0.000327426 0.000806756 0.00121126 0.00156385 0.00195501 0.00238233 0.00281516 0.00322395 0.00358346 0.0038732 0.00407829 0.00419012 0.00420658 0.00413168 0.00397485 0.00374968 0.0034726 0.00316142 0.0028341 0.00250776 0.00219817 0.00191959 0.00168344 0.00149217 0.00132579 0.00113326 0.000863961 0.000541294 0.000265657 0.000102314 3.1981e-05 8.42914e-06 1.9241e-06 3.84378e-07 6.66538e-08 9.68043e-09 1.06734e-09 6.39858e-11 0 
0 8.49842e-05 0.000490186 0.00101651 0.0014615 0.00195501 0.00252645 0.00313821 0.00374987 0.00432421 0.00482793 0.00523333 0.00552011 0.00567651 0.00569964 0.00559514 0.00537607 0.00506124 0.00467328 0.00423661 0.0037756 0.003313 0.00286895 0.00246065 0.00210285 0.00180768 0.00157839 0.00138997 0.00117255 0.000858883 0.000495179 0.000215394 7.22232e-05 1.96083e-05 4.4974e-06 8.90937e-07 1.5224e-07 2.17307e-08 2.3532e-09 1.38598e-10 0 
0 0.000127603 0.000627497 0.00117644 0.00172068 0.00238233 0.00313821 0.00393898 0.00473643 0.00548395 0.00613897 0.00666625 0.00704042 0.00724585 0.00727638 0.00713862 0.00685173 0.00644147 0.00593667 0.00536822 0.00476727 0.00416285 0.00358025 0.00304023 0.00255924 0.00215059 0.00182488 0.00158085 0.0013769 0.00111701 0.000745537 0.000371769 0.000136675 3.88764e-05 9.05874e-06 1.79239e-06 3.03367e-07 4.27325e-08 4.56048e-09 2.64686e-10 0 
0 0.000169817 0.000731649 0.00131735 0.00198841 0.00281516 0.00374987 0.00473643 0.00571758 0.00663678 0.00744398 0.00810468 0.00859605 0.00888184 0.00892669 0.00873323 0.00834525 0.00781885 0.00719116 0.00649085 0.00575117 0.00500651 0.00428744 0.00361871 0.00301906 0.00250216 0.00207877 0.00175599 0.00151907 0.0012921 0.000961203 0.000545371 0.000222021 6.69728e-05 1.59982e-05 3.18152e-06 5.35851e-07 7.47691e-08 7.88973e-09 4.52552e-10 0 
0 0.000207158 0.000808933 0.00144885 0.00224615 0.00322395 0.00432421 0.00548395 0.00663678 0.0077194 0.00869195 0.00954152 0.0101847 0.0105302 0.0105823 0.0103577 0.00986378 0.00916576 0.00837747 0.00754107 0.00667007 0.00579446 0.00494827 0.00416006 0.00345106 0.00283578 0.00232415 0.001924 0.0016339 0.00140632 0.0011193 0.000706162 0.00031731 0.000102013 2.51232e-05 5.04469e-06 8.487e-07 1.17692e-07 1.23158e-08 7.00055e-10 0 
0 0.000237376 0.000866737 0.00156694 0.00247527 0.00358346 0.00482793 0.00613897 0.00744398 0.00869195 0.00987568 0.0108423 0.0114158 0.0116815 0.011719 0.0115472 0.011138 0.0104295 0.00947346 0.00847067 0.00747271 0.00648149 0.00552446 0.0046323 0.0038285 0.00312861 0.00254206 0.00207547 0.00173188 0.00148402 0.00122464 0.000835303 0.000408753 0.000139689 3.5519e-05 7.2191e-06 1.21635e-06 1.68078e-07 1.74871e-08 9.87444e-10 0 
0 0.000259833 0.000909188 0.00166401 0.00266095 0.0038732 0.00523333 0.00666625 0.00810468 0.00954152 0.0108423 0.0116675 0.012113 0.0123224 0.0123509 0.0122116 0.0118864 0.0113167 0.0104036 0.00925368 0.0081206 0.00703031 0.0059842 0.00500903 0.00412969 0.00336265 0.00271717 0.00219866 0.00181081 0.00153784 0.00129045 0.000927424 0.000484958 0.000174596 4.57126e-05 9.40596e-06 1.5895e-06 2.19291e-07 2.27325e-08 1.27791e-09 0 
0 0.000274705 0.000937707 0.00173352 0.0027927 0.00407829 0.00552011 0.00704042 0.00859605 0.0101847 0.0114158 0.012113 0.0124981 0.0126817 0.0127057 0.0125804 0.0122931 0.0117998 0.011002 0.00983895 0.0085867 0.00741416 0.00630429 0.00527098 0.00433886 0.00352504 0.00283872 0.00228443 0.00186547 0.00157175 0.00132758 0.000984944 0.000539176 0.000201803 5.40709e-05 1.1243e-05 1.90618e-06 2.62911e-07 2.72026e-08 1.52524e-09 0 
0 0.000282458 0.000952568 0.00177142 0.00286451 0.00419012 0.00567651 0.00724585 0.00888184 0.0105302 0.0116815 0.0123224 0.0126817 0.0128539 0.0128753 0.0127553 0.012483 0.0120209 0.0112818 0.0101558 0.0088432 0.00761682 0.00647144 0.00540706 0.0044469 0.00360831 0.00290042 0.00232728 0.00189172 0.00158608 0.00134246 0.0010124 0.000568746 0.0002179 5.92461e-05 1.24079e-05 2.10952e-06 2.9112e-07 3.01069e-08 1.68649e-09 0 
0 0.000283578 0.000954012 0.00177643 0.00287483 0.00420658 0.00569964 0.00727638 0.00892669 0.0105823 0.011719 0.0123509 0.0127057 0.0128753 0.0128953 0.0127748 0.0125032 0.0120439 0.0113117 0.0101915 0.00886843 0.00763267 0.0064826 0.00541466 0.0044515 0.00361038 0.00290033 0.00232521 0.00188764 0.00158051 0.00133821 0.00101346 0.000573557 0.000221356 6.04998e-05 1.27101e-05 2.16482e-06 2.99081e-07 3.09532e-08 1.73489e-09 0 
0 0.000278489 0.00094275 0.0017499 0.00282625 0.00413168 0.00559514 0.00713862 0.00873323 0.0103577 0.0115472 0.0122116 0.0125804 0.0127553 0.0127748 0.0126487 0.012365 0.0118835 0.0111115 0.00995788 0.008668 0.00746938 0.00634455 0.00529913 0.0043567 0.00353415 0.00284034 0.0022792 0.0018535 0.00155509 0.00131575 0.000990071 0.000554869 0.000212444 5.7833e-05 1.21392e-05 2.06926e-06 2.86337e-07 2.96914e-08 1.66758e-09 0 
0 0.000267546 0.000920008 0.00169543 0.00272498 0.00397485 0.00537607 0.00685173 0.00834525 0.00986378 0.011138 0.0118864 0.0122931 0.012483 0.0125032 0.012365 0.0120533 0.0115181 0.0106561 0.00947656 0.00827684 0.00714723 0.00607254 0.00507267 0.00417194 0.00338664 0.00272542 0.00219256 0.00179108 0.00151003 0.00127419 0.000942486 0.000514909 0.000192997 5.19299e-05 1.08565e-05 1.8511e-06 2.56747e-07 2.67101e-08 1.50563e-09 0 
0 0.000251076 0.000887238 0.00161845 0.00258008 0.00374968 0.00506124 0.00644147 0.00781885 0.00916576 0.0104295 0.0113167 0.0117998 0.0120209 0.0120439 0.0118835 0.0115181 0.0108824 0.00991948 0.00881568 0.00774046 0.00669368 0.00568821 0.0047526 0.00391064 0.00317777 0.00256252 0.00206979 0.00170261 0.00144458 0.00121051 0.000870079 0.000457169 0.000166111 4.39619e-05 9.14056e-06 1.55958e-06 2.171e-07 2.26979e-08 1.28654e-09 0 
0 0.00022947 0.00084561 0.00152563 0.00240263 0.0034726 0.00467328 0.00593667 0.00719116 0.00837747 0.00947346 0.0104036 0.011002 0.0112818 0.0113117 0.0111115 0.0106561 0.00991948 0.00900596 0.00805696 0.00709641 0.00613949 0.00521722 0.00435946 0.00358851 0.00291892 0.00235928 0.00191528 0.00158891 0.00135514 0.00111928 0.000772907 0.00038703 0.000135744 3.53109e-05 7.30984e-06 1.2504e-06 1.75073e-07 1.84364e-08 1.05311e-09 0 
0 0.000203315 0.000795399 0.00142416 0.00220484 0.00316142 0.00423661 0.00536822 0.00649085 0.00754107 0.00847067 0.00925368 0.00983895 0.0101558 0.0101915 0.00995788 0.00947656 0.00881568 0.00805696 0.00723595 0.00637814 0.00551725 0.00468698 0.00391505 0.00322194 0.00262145 0.00212246 0.00173125 0.00144669 0.00123317 0.000993823 0.000654407 0.000312176 0.00010614 2.72776e-05 5.64742e-06 9.72066e-07 1.37317e-07 1.46034e-08 8.42539e-10 0 
0 0.000173556 0.000735495 0.00132061 0.00199935 0.0028341 0.0037756 0.00476727 0.00575117 0.00667007 0.00747271 0.0081206 0.0085867 0.0088432 0.00886843 0.008668 0.00827684 0.00774046 0.00709641 0.00637814 0.00562093 0.00485953 0.00412451 0.00344064 0.00282655 0.00229539 0.00185638 0.00151522 0.00126558 0.00106544 0.000831201 0.000524525 0.000242052 8.11011e-05 2.08459e-05 4.35042e-06 7.57152e-07 1.0823e-07 1.16441e-08 6.79148e-10 0 
0 0.000141633 0.000663485 0.00121916 0.00179858 0.00250776 0.003313 0.00416285 0.00500651 0.00579446 0.00648149 0.00703031 0.00741416 0.00761682 0.00763267 0.00746938 0.00714723 0.00669368 0.00613949 0.00551725 0.00485953 0.00419661 0.00355482 0.00295576 0.00241619 0.00194863 0.00156187 0.00125925 0.00103152 0.000844809 0.000642113 0.000400462 0.000185827 6.32527e-05 1.6553e-05 3.51091e-06 6.19399e-07 8.95404e-08 9.72365e-09 5.71544e-10 0 
0 0.00010949 0.000576838 0.00111903 0.0016136 0.00219817 0.00286895 0.00358025 0.00428744 0.00494827 0.00552446 0.0059842 0.00630429 0.00647144 0.0064826 0.00634455 0.00607254 0.00568821 0.00521722 0.00468698 0.00412451 0.00355482 0.00299972 0.00247753 0.00200329 0.00158949 0.00124499 0.000971751 0.000763031 0.000602578 0.000458713 0.0003002 0.000148794 5.34522e-05 1.44615e-05 3.12093e-06 5.55022e-07 8.04827e-08 8.7445e-09 5.13502e-10 0 
0 7.93726e-05 0.00047537 0.00101213 0.00145139 0.00191959 0.00246065 0.00304023 0.00361871 0.00416006 0.0046323 0.00500903 0.00527098 0.00540706 0.00541466 0.00529913 0.00507267 0.0047526 0.00435946 0.00391505 0.00344064 0.00295576 0.00247753 0.00202131 0.00160393 0.0012485 0.000977306 0.000782284 0.000620265 0.000467047 0.000338508 0.000232526 0.000128765 5.03935e-05 1.41741e-05 3.08427e-06 5.45378e-07 7.82399e-08 8.3995e-09 4.87422e-10 0 
0 5.33908e-05 0.000364057 0.000884056 0.00130901 0.00168344 0.00210285 0.00255924 0.00301906 0.00345106 0.0038285 0.00412969 0.00433886 0.0044469 0.0044515 0.0043567 0.00417194 0.00391064 0.00358851 0.00322194 0.00282655 0.00241619 0.00200329 0.00160393 0.00125745 0.00104744 0.00103631 0.00112111 0.00106594 0.000783171 0.000445366 0.00022934 0.00012113 5.10244e-05 1.48841e-05 3.22802e-06 5.60028e-07 7.85657e-08 8.25576e-09 4.69865e-10 0 
0 3.29891e-05 0.000253824 0.000722388 0.00116651 0.00149217 0.00180768 0.00215059 0.00250216 0.00283578 0.00312861 0.00336265 0.00352504 0.00360831 0.00361038 0.00353415 0.00338664 0.00317777 0.00291892 0.00262145 0.00229539 0.00194863 0.00158949 0.0012485 0.00104744 0.00123033 0.00193961 0.00286804 0.00330239 0.00220382 0.00112158 0.000415328 0.000142749 5.35003e-05 1.5633e-05 3.33498e-06 5.62951e-07 7.68455e-08 7.88024e-09 4.39059e-10 0 
0 1.85607e-05 0.000158202 0.000531441 0.000989145 0.00132579 0.00157839 0.00182488 0.00207877 0.00232415 0.00254206 0.00271717 0.00283872 0.00290042 0.00290033 0.00284034 0.00272542 0.00256252 0.00235928 0.00212246 0.00185638 0.00156187 0.00124499 0.000977306 0.00103631 0.00193961 0.00412669 0.007527 0.00807791 0.00595779 0.00258846 0.000876172 0.000222776 5.95082e-05 1.57421e-05 3.21729e-06 5.24909e-07 6.97517e-08 6.99852e-09 3.82887e-10 0 
0 9.4479e-06 8.70131e-05 0.000339698 0.000753623 0.00113326 0.00138997 0.00158085 0.00175599 0.001924 0.00207547 0.00219866 0.00228443 0.00232728 0.00232521 0.0022792 0.00219256 0.00206979 0.00191528 0.00173125 0.00151522 0.00125925 0.000971751 0.000782284 0.00112111 0.00286804 0.007527 0.00889355 0.0090677 0.00845975 0.0050116 0.00140436 0.000324557 6.67529e-05 1.47544e-05 2.79113e-06 4.37462e-07 5.68229e-08 5.61457e-09 3.03528e-10 0 
0 4.33487e-06 4.1983e-05 0.000184338 0.000486381 0.000863961 0.00117255 0.0013769 0.00151907 0.0016339 0.00173188 0.00181081 0.00186547 0.00189172 0.00188764 0.0018535 0.00179108 0.00170261 0.00158891 0.00144669 0.00126558 0.00103152 0.000763031 0.000620265 0.00106594 0.00330239 0.00807791 0.0090677 0.00919964 0.00870422 0.00598752 0.00154717 0.000348322 6.41376e-05 1.21701e-05 2.10624e-06 3.17591e-07 4.06563e-08 3.99245e-09 2.15055e-10 0 
0 1.79074e-06 1.7783e-05 8.43981e-05 0.000256025 0.000541294 0.000858883 0.00111701 0.0012921 0.00140632 0.00148402 0.00153784 0.00157175 0.00158608 0.00158051 0.00155509 0.00151003 0.00144458 0.00135514 0.00123317 0.00106544 0.000844809 0.000602578 0.000467047 0.000783171 0.00220382 0.00595779 0.00845975 0.00870422 0.00789464 0.00364935 0.00114587 0.000258168 4.68576e-05 8.23047e-06 1.33693e-06 1.97194e-07 2.52147e-08 2.48809e-09 1.34785e-10 0 
0 6.6656e-07 6.6483e-06 3.28712e-05 0.000109285 0.000265657 0.000495179 0.000745537 0.000961203 0.0011193 0.00122464 0.00129045 0.00132758 0.00134246 0.00133821 0.00131575 0.00127419 0.00121051 0.00111928 0.000993823 0.000831201 0.000642113 0.000458713 0.000338508 0.000445366 0.00112158 0.00258846 0.0050116 0.00598752 0.00364935 0.00172026 0.0005693 0.000131864 2.51028e-05 4.35664e-06 6.97426e-07 1.03664e-07 1.34689e-08 1.35115e-09 7.43012e-11 0 
0 2.2392e-07 2.20945e-06 1.10606e-05 3.85522e-05 0.000102314 0.000215394 0.000371769 0.000545371 0.000706162 0.000835303 0.000927424 0.000984944 0.0010124 0.00101346 0.000990071 0.000942486 0.000870079 0.000772907 0.000654407 0.000524525 0.000400462 0.0003002 0.000232526 0.00022934 0.000415328 0.000876172 0.00140436 0.00154717 0.00114587 0.0005693 0.000192921 4.82567e-05 9.95866e-06 1.79364e-06 2.9846e-07 4.61379e-08 6.19189e-09 6.38227e-10 3.59325e-11 0 
0 6.79734e-08 6.56877e-07 3.2659e-06 1.15533e-05 3.1981e-05 7.22232e-05 0.000136675 0.000222021 0.00031731 0.000408753 0.000484958 0.000539176 0.000568746 0.000573557 0.000554869 0.000514909 0.000457169 0.00038703 0.000312176 0.000242052 0.000185827 0.000148794 0.000128765 0.00012113 0.000142749 0.000222776 0.000324557 0.000348322 0.000258168 0.000131864 4.82567e-05 1.34667e-05 3.03091e-06 5.92172e-07 1.06717e-07 1.75229e-08 2.45678e-09 2.62366e-10 1.52306e-11 0 
0 1.86389e-08 1.75346e-07 8.55821e-07 3.01101e-06 8.42914e-06 1.96083e-05 3.88764e-05 6.69728e-05 0.000102013 0.000139689 0.000174596 0.000201803 0.0002179 0.000221356 0.000212444 0.000192997 0.000166111 0.000135744 0.00010614 8.11011e-05 6.32527e-05 5.34522e-05 5.03935e-05 5.10244e-05 5.35003e-05 5.95082e-05 6.67529e-05 6.41376e-05 4.68576e-05 2.51028e-05 9.95866e-06 3.03091e-06 7.54168e-07 1.64911e-07 3.26732e-08 5.73321e-09 8.44354e-10 9.39507e-11 5.6537e-12 0 
0 4.60059e-09 4.19991e-08 1.99961e-07 6.91829e-07 1.9241e-06 4.4974e-06 9.05874e-06 1.59982e-05 2.51232e-05 3.5519e-05 4.57126e-05 5.40709e-05 5.92461e-05 6.04998e-05 5.7833e-05 5.19299e-05 4.39619e-05 3.53109e-05 2.72776e-05 2.08459e-05 1.6553e-05 1.44615e-05 1.41741e-05 1.48841e-05 1.5633e-05 1.57421e-05 1.47544e-05 1.21701e-05 8.23047e-06 4.35664e-06 1.79364e-06 5.92172e-07 1.64911e-07 4.02894e-08 8.69459e-09 1.62449e-09 2.51708e-10 2.92782e-11 1.83306e-12 0 
0 1.01283e-09 8.96136e-09 4.14974e-08 1.40395e-07 3.84378e-07 8.90937e-07 1.79239e-06 3.18152e-06 5.04469e-06 7.2191e-06 9.40596e-06 1.1243e-05 1.24079e-05 1.27101e-05 1.21392e-05 1.08565e-05 9.14056e-06 7.30984e-06 5.64742e-06 4.35042e-06 3.51091e-06 3.12093e-06 3.08427e-06 3.22802e-06 3.33498e-06 3.21729e-06 2.79113e-06 2.10624e-06 1.33693e-06 6.97426e-07 2.9846e-07 1.06717e-07 3.26732e-08 8.69459e-09 2.0102e-09 3.97704e-10 6.48189e-11 7.89358e-12 5.15233e-13 0 
0 1.94983e-10 1.67209e-09 7.52433e-09 2.48351e-08 6.66538e-08 1.5224e-07 3.03367e-07 5.35851e-07 8.487e-07 1.21635e-06 1.5895e-06 1.90618e-06 2.10952e-06 2.16482e-06 2.06926e-06 1.8511e-06 1.55958e-06 1.2504e-06 9.72066e-07 7.57152e-07 6.19399e-07 5.55022e-07 5.45378e-07 5.60028e-07 5.62951e-07 5.24909e-07 4.37462e-07 3.17591e-07 1.97194e-07 1.03664e-07 4.61379e-08 1.75229e-08 5.73321e-09 1.62449e-09 3.97704e-10 8.29588e-11 1.42059e-11 1.81136e-12 1.23355e-13 0 
0 3.14618e-11 2.61718e-10 1.14488e-09 3.68494e-09 9.68043e-09 2.17307e-08 4.27325e-08 7.47691e-08 1.17692e-07 1.68078e-07 2.19291e-07 2.62911e-07 2.9112e-07 2.99081e-07 2.86337e-07 2.56747e-07 2.171e-07 1.75073e-07 1.37317e-07 1.0823e-07 8.95404e-08 8.04827e-08 7.82399e-08 7.85657e-08 7.68455e-08 6.97517e-08 5.68229e-08 4.06563e-08 2.52147e-08 1.34689e-08 6.19189e-09 2.45678e-09 8.44354e-10 2.51708e-10 6.48189e-11 1.42059e-11 2.55097e-12 3.40237e-13 2.41677e-14 0 
0 3.8424e-12 3.1047e-11 1.3217e-10 4.15087e-10 1.06734e-09 2.3532e-09 4.56048e-09 7.88973e-09 1.23158e-08 1.74871e-08 2.27325e-08 2.72026e-08 3.01069e-08 3.09532e-08 2.96914e-08 2.67101e-08 2.26979e-08 1.84364e-08 1.46034e-08 1.16441e-08 9.72365e-09 8.7445e-09 8.3995e-09 8.25576e-09 7.88024e-09 6.99852e-09 5.61457e-09 3.99245e-09 2.48809e-09 1.35115e-09 6.38227e-10 2.62366e-10 9.39507e-11 2.92782e-11 7.89358e-12 1.81136e-12 3.40237e-13 4.73866e-14 3.50728e-15 0 
0 2.53868e-13 1.99568e-12 8.28009e-12 2.5403e-11 6.39858e-11 1.38598e-10 2.64686e-10 4.52552e-10 7.00055e-10 9.87444e-10 1.27791e-09 1.52524e-09 1.68649e-09 1.73489e-09 1.66758e-09 1.50563e-09 1.28654e-09 1.05311e-09 8.42539e-10 6.79148e-10 5.71544e-10 5.13502e-10 4.87422e-10 4.69865e-10 4.39059e-10 3.82887e-10 3.03528e-10 2.15055e-10 1.34785e-10 7.43012e-11 3.59325e-11 1.52306e-11 5.6537e-12 1.83306e-12 5.15233e-13 1.23355e-13 2.41677e-14 3.50728e-15 2.70075e-16 0 
0 0 0 0 0 0 0 0 0 0 0 0 0 0 0 0 0 0 0 0 0 0 0 0 0 0 0 0 0 0 0 0 0 0 0 0 0 0 0 0 0 
