0 0 0 0 0 0 0 0 0 0 0 0 0 0 0 0 0 0 0 0 0 0 0 0 0 0 0 0 0 0 0 0 0 0 0 0 0 0 0 0 0 
0 1.74366e-07 1.57085e-06 7.06882e-06 2.20114e-05 5.25908e-05 0.000101935 0.000167216 0.000240696 0.000313322 0.000377676 0.000428998 0.000464853 0.000484413 0.000487838 0.000475914 0.000449893 0.000411498 0.000363014 0.000307393 0.000248286 0.00018985 0.000136267 9.10026e-05 5.60708e-05 3.16437e-05 1.62693e-05 7.59664e-06 3.21821e-06 1.23772e-06 4.32801e-07 1.37805e-07 3.99788e-08 1.0555e-08 2.52474e-09 5.41666e-10 1.02103e-10 1.61951e-11 1.9506e-12 1.27432e-13 0 
0 1.57085e-06 1.45669e-05 6.54952e-05 0.000195387 0.000428394 0.000738986 0.00106762 0.00136442 0.00160791 0.00179606 0.00193325 0.0020239 0.00207114 0.00207743 0.00204526 0.00197722 0.00187575 0.00174265 0.00157888 0.0013854 0.00116526 0.000926878 0.000686213 0.000465138 0.000284473 0.000155345 7.53707e-05 3.25022e-05 1.25091e-05 4.3218e-06 1.34786e-06 3.8095e-07 9.76919e-08 2.26683e-08 4.71699e-09 8.62906e-10 1.32975e-10 1.55818e-11 9.91882e-13 0 
0 7.06882e-06 6.54952e-05 0.000278652 0.000736348 0.00136556 0.00198717 0.00250696 0.00293166 0.00328796 0.00358597 0.00382192 0.00398783 0.0040776 0.00408962 0.00402728 0.00389848 0.00371445 0.00348788 0.00323041 0.00294936 0.00264434 0.00230613 0.00192238 0.00149319 0.00104882 0.000648121 0.000346093 0.000158936 6.31753e-05 2.20071e-05 6.80664e-06 1.88837e-06 4.72603e-07 1.06719e-07 2.15896e-08 3.8403e-09 5.75921e-10 6.57582e-11 4.08481e-12 0 
0 2.20114e-05 0.000195387 0.000736348 0.00161775 0.00250958 0.00326229 0.00393615 0.00457807 0.00517945 0.00570989 0.00613879 0.00644292 0.00660866 0.00663248 0.00652038 0.00628665 0.00595213 0.00554212 0.00508403 0.00460484 0.00412735 0.00366409 0.00320844 0.00272919 0.00218544 0.00157469 0.000975205 0.000504048 0.000216483 7.84528e-05 2.45429e-05 6.76422e-06 1.66456e-06 3.67627e-07 7.25691e-08 1.25878e-08 1.84162e-09 2.05335e-10 1.24716e-11 0 
0 5.25908e-05 0.000428394 0.00136556 0.00250958 0.00352482 0.00449476 0.00549402 0.0064946 0.00743801 0.00826746 0.00893593 0.0094091 0.00966712 0.00970508 0.00953229 0.00917046 0.00865096 0.00801169 0.00729373 0.00653838 0.00578451 0.00506593 0.00440629 0.00380733 0.00323091 0.00260052 0.00186996 0.00112609 0.000546444 0.000213899 6.94337e-05 1.93137e-05 4.71891e-06 1.02583e-06 1.98494e-07 3.36957e-08 4.82359e-09 5.26547e-10 3.13429e-11 0 
0 0.000101935 0.000738986 0.00198717 0.00326229 0.00449476 0.00582748 0.00724014 0.00865139 0.00997648 0.0111386 0.0120739 0.0127355 0.0130963 0.0131497 0.0129086 0.0124032 0.0116769 0.0107818 0.00977437 0.00871075 0.00764345 0.00661871 0.00567483 0.00483869 0.00411279 0.0034473 0.00273148 0.00189391 0.00106143 0.00046365 0.00016045 4.58577e-05 1.12486e-05 2.42418e-06 4.62132e-07 7.70796e-08 1.0832e-08 1.16097e-09 6.79012e-11 0 
0 0.000167216 0.00106762 0.00250696 0.00393615 0.00549402 0.00724014 0.0090877 0.0109275 0.0126521 0.0141632 0.0153787 0.0162381 0.0167065 0.0167755 0.016462 0.015805 0.0148608 0.0136966 0.0123851 0.0109987 0.0096042 0.00826005 0.00701402 0.00590281 0.00494927 0.00414539 0.00341246 0.0026011 0.0016641 0.000823582 0.000310511 9.27508e-05 2.30962e-05 4.97026e-06 9.3829e-07 1.54384e-07 2.13707e-08 2.25561e-09 1.29964e-10 0 
0 0.000240696 0.00136442 0.00293166 0.00457807 0.0064946 0.00865139 0.0109275 0.0131911 0.0153116 0.0171686 0.0186618 0.0197178 0.0202935 0.0203776 0.0199905 0.0191813 0.0180197 0.0165881 0.014975 0.0132686 0.0115506 0.00989164 0.00834879 0.00696513 0.00577035 0.00477636 0.00394837 0.00315404 0.00222604 0.00124014 0.000514696 0.000162721 4.15248e-05 8.98111e-06 1.68695e-06 2.74864e-07 3.76017e-08 3.91972e-09 2.23083e-10 0 
0 0.000313322 0.00160791 0.00328796 0.00517945 0.00743801 0.00997648 0.0126521 0.0153116 0.0178018 0.0199824 0.0217378 0.0229839 0.0236663 0.0237652 0.0233034 0.0223435 0.0209729 0.0192892 0.0173937 0.0153884 0.0133685 0.0114162 0.00959775 0.00796198 0.00654199 0.00535607 0.00439445 0.00356688 0.0026761 0.00164221 0.00074823 0.00025177 6.62518e-05 1.44725e-05 2.71544e-06 4.39612e-07 5.96139e-08 6.15467e-09 3.4688e-10 0 
0 0.000377676 0.00179606 0.00358597 0.00570989 0.00826746 0.0111386 0.0141632 0.0171686 0.0199824 0.022449 0.0244421 0.0258608 0.0266352 0.0267456 0.0262191 0.0251226 0.0235593 0.0216479 0.0195035 0.0172369 0.0149535 0.0127456 0.0106873 0.0088328 0.00721796 0.00586278 0.00476789 0.0038758 0.00300569 0.00197869 0.000977047 0.000349177 9.4932e-05 2.10034e-05 3.94765e-06 6.36773e-07 8.58248e-08 8.79814e-09 4.9224e-10 0 
0 0.000428998 0.00193325 0.00382192 0.00613879 0.00893593 0.0120739 0.0153787 0.0186618 0.0217378 0.0244421 0.0266244 0.0281494 0.0289561 0.0290657 0.0285162 0.0273465 0.025641 0.0235408 0.0211906 0.018713 0.0162185 0.0138063 0.0115564 0.00952768 0.007758 0.00626801 0.00506187 0.00410129 0.00323173 0.00222871 0.00117123 0.000440767 0.000123513 2.76889e-05 5.22158e-06 8.40952e-07 1.12912e-07 1.15197e-08 6.41228e-10 0 
0 0.000464853 0.0020239 0.00398783 0.00644292 0.0094091 0.0127355 0.0162381 0.0197178 0.0229839 0.0258608 0.0281494 0.0296879 0.0304698 0.0305696 0.0300319 0.0288637 0.0270996 0.0248742 0.0223729 0.0197435 0.0171003 0.0145447 0.0121608 0.0100103 0.00813267 0.00654882 0.00526384 0.00424926 0.00337159 0.00239136 0.00131185 0.000513216 0.000147344 3.34111e-05 6.32451e-06 1.01848e-06 1.36487e-07 1.3887e-08 7.70681e-10 0 
0 0.000484413 0.00207114 0.0040776 0.00660866 0.00966712 0.0130963 0.0167065 0.0202935 0.0236663 0.0266352 0.0289561 0.0304698 0.031222 0.0313123 0.0307869 0.0296389 0.0278688 0.0255865 0.0230007 0.0202865 0.0175626 0.0149301 0.0124747 0.0102595 0.00832479 0.00669132 0.00536434 0.0043198 0.00343664 0.0024732 0.00139053 0.000557113 0.000162498 3.71479e-05 7.0554e-06 1.13718e-06 1.52347e-07 1.54878e-08 8.58636e-10 0 
0 0.000487838 0.00207743 0.00408962 0.00663248 0.00970508 0.0131497 0.0167755 0.0203776 0.0237652 0.0267456 0.0290657 0.0305696 0.0313123 0.0313972 0.0308703 0.0297233 0.0279516 0.0256596 0.0230596 0.0203326 0.0175978 0.0149558 0.0124923 0.0102701 0.00832956 0.00669113 0.00535992 0.00431297 0.00343336 0.00248134 0.00140615 0.000568147 0.000166779 3.82806e-05 7.2884e-06 1.17662e-06 1.57817e-07 1.60598e-08 8.91182e-10 0 
0 0.000475914 0.00204526 0.00402728 0.00652038 0.00953229 0.0129086 0.016462 0.0199905 0.0233034 0.0262191 0.0285162 0.0300319 0.0307869 0.0308703 0.030328 0.0291599 0.0273829 0.0251212 0.0225746 0.0199041 0.017225 0.0146375 0.0122257 0.0100514 0.0081537 0.00655268 0.00525319 0.00423078 0.00336537 0.00242103 0.001362 0.000547013 0.000160149 3.67631e-05 7.01112e-06 1.13459e-06 1.526e-07 1.55747e-08 8.66897e-10 0 
0 0.000449893 0.00197722 0.00389848 0.00628665 0.00917046 0.0124032 0.015805 0.0191813 0.0223435 0.0251226 0.0273465 0.0288637 0.0296389 0.0297233 0.0291599 0.0279705 0.0262156 0.0240383 0.0216058 0.0190515 0.0164865 0.01401 0.0117032 0.00962518 0.00781337 0.00628737 0.00505148 0.0040769 0.00323411 0.00229573 0.00126476 0.000498782 0.000144598 3.31063e-05 6.32395e-06 1.02721e-06 1.38818e-07 1.4243e-08 7.97177e-10 0 
0 0.000411498 0.00187575 0.00371445 0.00595213 0.00865096 0.0116769 0.0148608 0.0180197 0.0209729 0.0235593 0.025641 0.0270996 0.0278688 0.0279516 0.0273829 0.0262156 0.0245466 0.0225101 0.0202375 0.0178457 0.0154425 0.0131234 0.0109648 0.00902231 0.00733145 0.00591114 0.00476443 0.00385445 0.00303847 0.00210878 0.00112495 0.00043205 0.000123565 2.82061e-05 5.40469e-06 8.83323e-07 1.20287e-07 1.24449e-08 7.02585e-10 0 
0 0.000363014 0.00174265 0.00348788 0.00554212 0.00801169 0.0107818 0.0136966 0.0165881 0.0192892 0.0216479 0.0235408 0.0248742 0.0255865 0.0256596 0.0251212 0.0240383 0.0225101 0.0206487 0.0185658 0.0163704 0.0141645 0.0120368 0.0100578 0.00827912 0.00673417 0.0054412 0.0044005 0.00356304 0.00277499 0.00186676 0.000958142 0.000357772 0.000101123 2.30933e-05 4.45665e-06 7.35936e-07 1.01398e-07 1.062e-08 6.0699e-10 0 
0 0.000307393 0.00157888 0.00323041 0.00508403 0.00729373 0.00977437 0.0123851 0.014975 0.0173937 0.0195035 0.0211906 0.0223729 0.0230007 0.0230596 0.0225746 0.0216058 0.0202375 0.0185658 0.0166916 0.014715 0.012729 0.0108134 0.00903248 0.00743339 0.00604763 0.00489238 0.00396271 0.00319605 0.00244095 0.00158469 0.000785269 0.000287636 8.11466e-05 1.87013e-05 3.66117e-06 6.14469e-07 8.60741e-08 9.16116e-09 5.31652e-10 0 
0 0.000248286 0.0013854 0.00294936 0.00460484 0.00653838 0.00871075 0.0109987 0.0132686 0.0153884 0.0172369 0.018713 0.0197435 0.0202865 0.0203326 0.0199041 0.0190515 0.0178457 0.0163704 0.014715 0.0129682 0.0112115 0.00951575 0.00793796 0.00652108 0.00529454 0.00427325 0.00344534 0.00274326 0.00204361 0.00129055 0.000630504 0.000232113 6.66717e-05 1.57204e-05 3.14904e-06 5.39816e-07 7.70535e-08 8.33698e-09 4.90719e-10 0 
0 0.00018985 0.00116526 0.00264434 0.00412735 0.00578451 0.00764345 0.0096042 0.0115506 0.0133685 0.0149535 0.0162185 0.0171003 0.0175626 0.0175978 0.017225 0.0164865 0.0154425 0.0141645 0.012729 0.0112115 0.00968207 0.00820139 0.00681925 0.00557401 0.00449234 0.00358581 0.00284104 0.00220894 0.00161442 0.00102288 0.00051539 0.000198538 5.95893e-05 1.4552e-05 2.99109e-06 5.22282e-07 7.55311e-08 8.24705e-09 4.88401e-10 0 
0 0.000136267 0.000926878 0.00230613 0.00366409 0.00506593 0.00661871 0.00826005 0.00989164 0.0114162 0.0127456 0.0138063 0.0145447 0.0149301 0.0149558 0.0146375 0.01401 0.0131234 0.0120368 0.0108134 0.00951575 0.00820139 0.0069207 0.0057157 0.00462023 0.00366028 0.00285186 0.00219481 0.00166616 0.00122182 0.000815048 0.000448901 0.000189072 6.0464e-05 1.52965e-05 3.19424e-06 5.6034e-07 8.09235e-08 8.79536e-09 5.17569e-10 0 
0 9.10026e-05 0.000686213 0.00192238 0.00320844 0.00440629 0.00567483 0.00701402 0.00834879 0.00959775 0.0106873 0.0115564 0.0121608 0.0124747 0.0124923 0.0122257 0.0117032 0.0109648 0.0100578 0.00903248 0.00793796 0.00681925 0.0057157 0.00466219 0.00369668 0.00287335 0.00224606 0.00179511 0.00141668 0.0010468 0.000710917 0.000424985 0.000198946 6.81673e-05 1.7678e-05 3.68566e-06 6.38203e-07 9.06327e-08 9.68009e-09 5.60065e-10 0 
0 5.60708e-05 0.000465138 0.00149319 0.00272919 0.00380733 0.00483869 0.00590281 0.00696513 0.00796198 0.0088328 0.00952768 0.0100103 0.0102595 0.0102701 0.0100514 0.00962518 0.00902231 0.00827912 0.00743339 0.00652108 0.00557401 0.00462023 0.00369668 0.00289667 0.0024145 0.00239044 0.00258642 0.00245914 0.00180637 0.00102263 0.000501213 0.00022626 8.02416e-05 2.09581e-05 4.29069e-06 7.23717e-07 1.00086e-07 1.04307e-08 5.903e-10 0 
0 3.16437e-05 0.000284473 0.00104882 0.00218544 0.00323091 0.00411279 0.00494927 0.00577035 0.00654199 0.00721796 0.007758 0.00813267 0.00832479 0.00832956 0.0081537 0.00781337 0.00733145 0.00673417 0.00604763 0.00529454 0.00449234 0.00366028 0.00287335 0.0024145 0.00283843 0.0044749 0.006457 0.00689145 0.00508364 0.0025876 0.000956056 0.000309597 9.65304e-05 2.41509e-05 4.75205e-06 7.73256e-07 1.03764e-07 1.05407e-08 5.83515e-10 0 
0 1.62693e-05 0.000155345 0.000648121 0.00157469 0.00260052 0.0034473 0.00414539 0.00477636 0.00535607 0.00586278 0.00626801 0.00654882 0.00669132 0.00669113 0.00655268 0.00628737 0.00591114 0.0054412 0.00489238 0.00427325 0.00358581 0.00285186 0.00224606 0.00239044 0.0044749 0.00928789 0.01568 0.0179395 0.0121406 0.00597114 0.00202138 0.000509086 0.000120408 2.63735e-05 4.81916e-06 7.48825e-07 9.75342e-08 9.69103e-09 5.26845e-10 0 
0 7.59664e-06 7.53707e-05 0.000346093 0.000975205 0.00186996 0.00273148 0.00341246 0.00394837 0.00439445 0.00476789 0.00506187 0.00526384 0.00536434 0.00535992 0.00525319 0.00505148 0.00476443 0.0044005 0.00396271 0.00344534 0.00284104 0.00219481 0.00179511 0.00258642 0.006457 0.01568 0.0232144 0.0240828 0.0207658 0.00994106 0.00324003 0.000747503 0.00014381 2.64019e-05 4.34625e-06 6.39708e-07 8.11643e-08 7.94123e-09 4.26801e-10 0 
0 3.21821e-06 3.25022e-05 0.000158936 0.000504048 0.00112609 0.00189391 0.0026011 0.00315404 0.00356688 0.0038758 0.00410129 0.00424926 0.0043198 0.00431297 0.00423078 0.0040769 0.00385445 0.00356304 0.00319605 0.00274326 0.00220894 0.00166616 0.00141668 0.00245914 0.00689145 0.0179395 0.0240828 0.0247906 0.0224648 0.0115108 0.0035684 0.000802887 0.00014097 2.26192e-05 3.36749e-06 4.71822e-07 5.88346e-08 5.72205e-09 3.06608e-10 0 
0 1.23772e-06 1.25091e-05 6.31753e-05 0.000216483 0.000546444 0.00106143 0.0016641 0.00222604 0.0026761 0.00300569 0.00323173 0.00337159 0.00343664 0.00343336 0.00336537 0.00323411 0.00303847 0.00277499 0.00244095 0.00204361 0.00161442 0.00122182 0.0010468 0.00180637 0.00508364 0.0121406 0.0207658 0.0224648 0.0169744 0.00803325 0.00264365 0.000594522 0.000102427 1.53904e-05 2.15859e-06 2.95241e-07 3.67673e-08 3.59582e-09 1.93908e-10 0 
0 4.32801e-07 4.3218e-06 2.20071e-05 7.84528e-05 0.000213899 0.00046365 0.000823582 0.00124014 0.00164221 0.00197869 0.00222871 0.00239136 0.0024732 0.00248134 0.00242103 0.00229573 0.00210878 0.00186676 0.00158469 0.00129055 0.00102288 0.000815048 0.000710917 0.00102263 0.0025876 0.00597114 0.00994106 0.0115108 0.00803325 0.00396884 0.00131334 0.000301732 5.33121e-05 7.96722e-06 1.11754e-06 1.55266e-07 1.97153e-08 1.96299e-09 1.07537e-10 0 
0 1.37805e-07 1.34786e-06 6.80664e-06 2.45429e-05 6.94337e-05 0.00016045 0.000310511 0.000514696 0.00074823 0.000977047 0.00117123 0.00131185 0.00139053 0.00140615 0.001362 0.00126476 0.00112495 0.000958142 0.000785269 0.000630504 0.00051539 0.000448901 0.000424985 0.000501213 0.000956056 0.00202138 0.00324003 0.0035684 0.00264365 0.00131334 0.000443677 0.000107327 1.99905e-05 3.13664e-06 4.68446e-07 6.87838e-08 9.07666e-09 9.3031e-10 5.22165e-11 0 
0 3.99788e-08 3.8095e-07 1.88837e-06 6.76422e-06 1.93137e-05 4.58577e-05 9.27508e-05 0.000162721 0.00025177 0.000349177 0.000440767 0.000513216 0.000557113 0.000568147 0.000547013 0.000498782 0.00043205 0.000357772 0.000287636 0.000232113 0.000198538 0.000189072 0.000198946 0.00022626 0.000309597 0.000509086 0.000747503 0.000802887 0.000594522 0.000301732 0.000107327 2.78451e-05 5.60674e-06 9.77668e-07 1.63313e-07 2.59633e-08 3.60254e-09 3.83238e-10 2.21937e-11 0 
0 1.0555e-08 9.76919e-08 4.72603e-07 1.66456e-06 4.71891e-06 1.12486e-05 2.30962e-05 4.15248e-05 6.62518e-05 9.4932e-05 0.000123513 0.000147344 0.000162498 0.000166779 0.000160149 0.000144598 0.000123565 0.000101123 8.11466e-05 6.66717e-05 5.95893e-05 6.0464e-05 6.81673e-05 8.02416e-05 9.65304e-05 0.000120408 0.00014381 0.00014097 0.000102427 5.33121e-05 1.99905e-05 5.60674e-06 1.27219e-06 2.57808e-07 4.89674e-08 8.45353e-09 1.23813e-09 1.37416e-10 8.25383e-12 0 
0 2.52474e-09 2.26683e-08 1.06719e-07 3.67627e-07 1.02583e-06 2.42418e-06 4.97026e-06 8.98111e-06 1.44725e-05 2.10034e-05 2.76889e-05 3.34111e-05 3.71479e-05 3.82806e-05 3.67631e-05 3.31063e-05 2.82061e-05 2.30933e-05 1.87013e-05 1.57204e-05 1.4552e-05 1.52965e-05 1.7678e-05 2.09581e-05 2.41509e-05 2.63735e-05 2.64019e-05 2.26192e-05 1.53904e-05 7.96722e-06 3.13664e-06 9.77668e-07 2.57808e-07 6.07031e-08 1.28701e-08 2.38854e-09 3.6908e-10 4.2858e-11 2.67938e-12 0 
0 5.41666e-10 4.71699e-09 2.15896e-08 7.25691e-08 1.98494e-07 4.62132e-07 9.3829e-07 1.68695e-06 2.71544e-06 3.94765e-06 5.22158e-06 6.32451e-06 7.0554e-06 7.2884e-06 7.01112e-06 6.32395e-06 5.40469e-06 4.45665e-06 3.66117e-06 3.14904e-06 2.99109e-06 3.19424e-06 3.68566e-06 4.29069e-06 4.75205e-06 4.81916e-06 4.34625e-06 3.36749e-06 2.15859e-06 1.11754e-06 4.68446e-07 1.63313e-07 4.89674e-08 1.28701e-08 2.9587e-09 5.83916e-10 9.50341e-11 1.15598e-11 7.53694e-13 0 
0 1.02103e-10 8.62906e-10 3.8403e-09 1.25878e-08 3.36957e-08 7.70796e-08 1.54384e-07 2.74864e-07 4.39612e-07 6.36773e-07 8.40952e-07 1.01848e-06 1.13718e-06 1.17662e-06 1.13459e-06 1.02721e-06 8.83323e-07 7.35936e-07 6.14469e-07 5.39816e-07 5.22282e-07 5.6034e-07 6.38203e-07 7.23717e-07 7.73256e-07 7.48825e-07 6.39708e-07 4.71822e-07 2.95241e-07 1.55266e-07 6.87838e-08 2.59633e-08 8.45353e-09 2.38854e-09 5.83916e-10 1.21694e-10 2.08232e-11 2.65304e-12 1.80523e-13 0 
0 1.61951e-11 1.32975e-10 5.75921e-10 1.84162e-09 4.82359e-09 1.0832e-08 2.13707e-08 3.76017e-08 5.96139e-08 8.58248e-08 1.12912e-07 1.36487e-07 1.52347e-07 1.57817e-07 1.526e-07 1.38818e-07 1.20287e-07 1.01398e-07 8.60741e-08 7.70535e-08 7.55311e-08 8.09235e-08 9.06327e-08 1.00086e-07 1.03764e-07 9.75342e-08 8.11643e-08 5.88346e-08 3.67673e-08 1.97153e-08 9.07666e-09 3.60254e-09 1.23813e-09 3.6908e-10 9.50341e-11 2.08232e-11 3.73787e-12 4.98298e-13 3.53743e-14 0 
0 1.9506e-12 1.55818e-11 6.57582e-11 2.05335e-10 5.26547e-10 1.16097e-09 2.25561e-09 3.91972e-09 6.15467e-09 8.79814e-09 1.15197e-08 1.3887e-08 1.54878e-08 1.60598e-08 1.55747e-08 1.4243e-08 1.24449e-08 1.062e-08 9.16116e-09 8.33698e-09 8.24705e-09 8.79536e-09 9.68009e-09 1.04307e-08 1.05407e-08 9.69103e-09 7.94123e-09 5.72205e-09 3.59582e-09 1.96299e-09 9.3031e-10 3.83238e-10 1.37416e-10 4.2858e-11 1.15598e-11 2.65304e-12 4.98298e-13 6.93838e-14 5.13347e-15 0 
0 1.27432e-13 9.91882e-13 4.08481e-12 1.24716e-11 3.13429e-11 6.79012e-11 1.29964e-10 2.23083e-10 3.4688e-10 4.9224e-10 6.41228e-10 7.70681e-10 8.58636e-10 8.91182e-10 8.66897e-10 7.97177e-10 7.02585e-10 6.0699e-10 5.31652e-10 4.90719e-10 4.88401e-10 5.17569e-10 5.60065e-10 5.903e-10 5.83515e-10 5.26845e-10 4.26801e-10 3.06608e-10 1.93908e-10 1.07537e-10 5.22165e-11 2.21937e-11 8.25383e-12 2.67938e-12 7.53694e-13 1.80523e-13 3.53743e-14 5.13347e-15 3.95227e-16 0 
0 0 0 0 0 0 0 0 0 0 0 0 0 0 0 0 0 0 0 0 0 0 0 0 0 0 0 0 0 0 0 0 0 0 0 0 0 0 0 0 0 
