0 0 0 0 0 0 0 0 0 0 0 0 0 0 0 0 0 0 0 0 0 0 0 0 0 0 0 0 0 0 0 0 0 0 0 0 0 0 0 0 0 
0 1.73243e-07 1.56131e-06 7.03109e-06 2.19188e-05 5.24464e-05 0.000101821 0.000167301 0.000241175 0.000314336 0.000379273 0.000431125 0.000467386 0.000487183 0.000490659 0.000478603 0.000452291 0.000413483 0.000364511 0.000308387 0.00024882 0.00019002 0.000136195 9.08146e-05 5.58641e-05 3.14752e-05 1.61567e-05 7.53262e-06 3.18667e-06 1.22408e-06 4.27575e-07 1.36016e-07 3.9429e-08 1.0403e-08 2.48703e-09 5.33335e-10 1.00496e-10 1.59353e-11 1.91882e-12 1.25331e-13 0 
0 1.56131e-06 1.4487e-05 6.52179e-05 0.000194946 0.000428499 0.000741105 0.00107319 0.0013741 0.00162151 0.0018129 0.00195253 0.00204479 0.00209288 0.00209932 0.00206663 0.00199744 0.00189422 0.00175879 0.0015922 0.00139551 0.00117206 0.000930608 0.000687522 0.000464939 0.000283663 0.000154536 7.48148e-05 3.2201e-05 1.23733e-05 4.26928e-06 1.33007e-06 3.75603e-07 9.62553e-08 2.23228e-08 4.64308e-09 8.49091e-10 1.3081e-10 1.53247e-11 9.75346e-13 0 
0 7.03109e-06 6.52179e-05 0.000278101 0.000737331 0.00137231 0.00200294 0.00253181 0.00296392 0.00332591 0.00362826 0.00386744 0.00403553 0.00412648 0.00413866 0.00407552 0.00394507 0.00375861 0.00352891 0.00326766 0.0029821 0.00267168 0.00232709 0.00193627 0.0015002 0.00105055 0.000647038 0.0003444 0.000157708 6.25412e-05 2.1747e-05 6.71709e-06 1.86164e-06 4.65563e-07 1.05069e-07 2.12466e-08 3.77803e-09 5.66439e-10 6.46628e-11 4.01615e-12 0 
0 2.19188e-05 0.000194946 0.000737331 0.00162699 0.00253266 0.00329836 0.00398248 0.00463296 0.00524185 0.00577878 0.00621288 0.00652069 0.00668844 0.00671255 0.00659909 0.00636253 0.00602397 0.00560897 0.00514528 0.00466011 0.00417636 0.00370636 0.00324299 0.00275442 0.00220012 0.00157975 0.00097436 0.000501592 0.000214689 7.75984e-05 2.42299e-05 6.66924e-06 1.6397e-06 3.61903e-07 7.14065e-08 1.2382e-08 1.81107e-09 2.01892e-10 1.22608e-11 0 
0 5.24464e-05 0.000428499 0.00137231 0.00253266 0.00356473 0.00454841 0.00556024 0.00657299 0.0075278 0.00836727 0.0090438 0.00952269 0.00978382 0.00982224 0.00964737 0.00928116 0.0087554 0.00810841 0.00738178 0.0066173 0.00585429 0.00512685 0.00445863 0.00385071 0.00326371 0.00262042 0.00187702 0.00112503 0.000543423 0.000211921 6.86077e-05 1.90499e-05 4.64905e-06 1.00987e-06 1.95305e-07 3.31427e-08 4.74327e-09 5.17688e-10 3.08117e-11 0 
0 0.000101821 0.000741105 0.00200294 0.00329836 0.00454841 0.00589776 0.00732754 0.00875583 0.0100969 0.0112731 0.0122197 0.0128893 0.0132544 0.0133084 0.0130645 0.012553 0.0118179 0.010912 0.00989236 0.00881591 0.00773572 0.0066986 0.00574323 0.00489657 0.00416038 0.00348298 0.00275229 0.00189997 0.00105922 0.000460436 0.000158754 4.52622e-05 1.10856e-05 2.38678e-06 4.54729e-07 7.58152e-08 1.06516e-08 1.14143e-09 6.675e-11 0 
0 0.000167301 0.00107319 0.00253181 0.00398248 0.00556024 0.00732754 0.00919741 0.0110594 0.0128049 0.0143342 0.0155644 0.0164341 0.0169082 0.016978 0.0166607 0.0159958 0.0150402 0.0138619 0.0125346 0.0111314 0.00972015 0.00835977 0.00709869 0.00597399 0.00500849 0.00419312 0.00344659 0.00261832 0.00166651 0.000820127 0.000307759 9.16331e-05 2.27725e-05 4.89477e-06 9.23375e-07 1.51862e-07 2.10157e-08 2.21772e-09 1.27764e-10 0 
0 0.000241175 0.0013741 0.00296392 0.00463296 0.00657299 0.00875583 0.0110594 0.0133504 0.0154964 0.0173759 0.0188871 0.0199557 0.0205383 0.0206233 0.0202316 0.0194128 0.0182373 0.0167884 0.0151558 0.0134288 0.0116901 0.0100111 0.00844958 0.00704921 0.0058399 0.00483322 0.00399252 0.00318223 0.00223601 0.00123838 0.000511131 0.000160943 4.09679e-05 8.84761e-06 1.66045e-06 2.70407e-07 3.69801e-08 3.85415e-09 2.19322e-10 0 
0 0.000314336 0.00162151 0.00332591 0.00524185 0.0075278 0.0100969 0.0128049 0.0154964 0.0180167 0.0202235 0.0219998 0.0232602 0.0239501 0.02405 0.0235831 0.0226124 0.0212259 0.019522 0.0176037 0.0155742 0.0135299 0.0115541 0.00971362 0.00805809 0.00662094 0.00542046 0.00444583 0.00360361 0.00269416 0.00164397 0.000744498 0.000249324 6.54079e-05 1.42628e-05 2.67339e-06 4.3255e-07 5.86355e-08 6.05232e-09 3.41063e-10 0 
0 0.000379273 0.0018129 0.00362826 0.00577878 0.00836727 0.0112731 0.0143342 0.0173759 0.0202235 0.0227195 0.0247354 0.0261697 0.0269527 0.0270642 0.0265318 0.0254232 0.0238425 0.021909 0.0197389 0.0174449 0.015134 0.0128995 0.0108163 0.00893944 0.00730509 0.00593345 0.00482462 0.00391856 0.00303059 0.00198475 0.000973882 0.000346191 9.37873e-05 2.07073e-05 3.88749e-06 6.26653e-07 8.44279e-08 8.65287e-09 4.84038e-10 0 
0 0.000431125 0.00195253 0.00386744 0.00621288 0.0090438 0.0122197 0.0155644 0.0188871 0.0219998 0.0247354 0.0269425 0.0284865 0.0293048 0.0294161 0.0288584 0.0276732 0.0259479 0.0238239 0.0214462 0.0189389 0.0164143 0.0139729 0.0116959 0.0096427 0.00785165 0.00634363 0.00512252 0.00414809 0.00326162 0.00223879 0.0011691 0.000437445 0.0001221 2.73089e-05 5.14327e-06 8.27739e-07 1.11091e-07 1.1331e-08 6.30623e-10 0 
0 0.000467386 0.00204479 0.00403553 0.00652069 0.00952269 0.0128893 0.0164341 0.0199557 0.0232602 0.0261697 0.0284865 0.0300488 0.0308452 0.030947 0.0303991 0.0292115 0.0274235 0.0251723 0.0226423 0.0199817 0.0173067 0.0147202 0.0123076 0.0101311 0.00823085 0.00662786 0.00532709 0.00429855 0.00340468 0.00240447 0.00131081 0.000509751 0.000145733 3.29633e-05 6.23108e-06 1.00266e-06 1.34306e-07 1.36615e-08 7.5804e-10 0 
0 0.000487183 0.00209288 0.00412648 0.00668844 0.00978382 0.0132544 0.0169082 0.0205383 0.0239501 0.0269527 0.0293048 0.0308452 0.0316128 0.0317052 0.0311689 0.0299996 0.0282025 0.0258924 0.0232773 0.0205312 0.0177746 0.0151104 0.0126253 0.0103834 0.00842528 0.00677208 0.00542888 0.00437029 0.00347134 0.00248809 0.0013903 0.000553638 0.00016078 3.66595e-05 6.95257e-06 1.11971e-06 1.49938e-07 1.52388e-08 8.44692e-10 0 
0 0.000490659 0.00209932 0.00413866 0.00671255 0.00982224 0.0133084 0.016978 0.0206233 0.02405 0.0270642 0.0294161 0.030947 0.0317052 0.0317919 0.0312541 0.0300856 0.0282864 0.0259662 0.0233368 0.0205778 0.0178102 0.0151364 0.0126431 0.0103941 0.00843012 0.0067719 0.00542442 0.00436346 0.00346831 0.0024967 0.00140624 0.000564736 0.00016505 3.77844e-05 7.18348e-06 1.15875e-06 1.5535e-07 1.58047e-08 8.76891e-10 0 
0 0.000478603 0.00206663 0.00407552 0.00659909 0.00964737 0.0130645 0.0166607 0.0202316 0.0235831 0.0265318 0.0288584 0.0303991 0.0311689 0.0312541 0.0307013 0.0295126 0.0277101 0.0254217 0.0228462 0.0201443 0.0174329 0.0148142 0.0123733 0.0101728 0.00825213 0.00663177 0.00531637 0.00428019 0.00339931 0.00243566 0.00136193 0.00054372 0.000158502 3.62919e-05 6.91151e-06 1.1176e-06 1.50252e-07 1.53314e-08 8.5325e-10 0 
0 0.000452291 0.00199744 0.00394507 0.00636253 0.00928116 0.012553 0.0159958 0.0194128 0.0226124 0.0254232 0.0276732 0.0292115 0.0299996 0.0300856 0.0295126 0.0283054 0.0265287 0.0243267 0.0218662 0.0192815 0.0166856 0.0141792 0.0118445 0.00974137 0.00790769 0.00636325 0.00511216 0.00412414 0.00326586 0.0023086 0.00126418 0.000495679 0.000143113 3.26874e-05 6.2357e-06 1.01217e-06 1.36734e-07 1.40265e-08 7.84999e-10 0 
0 0.000413483 0.00189422 0.00375861 0.00602397 0.0087554 0.0118179 0.0150402 0.0182373 0.0212259 0.0238425 0.0259479 0.0274235 0.0282025 0.0282864 0.0277101 0.0265287 0.0248409 0.0227811 0.0204817 0.0180612 0.015629 0.0132818 0.0110972 0.00913123 0.00741995 0.00598245 0.0048215 0.00389848 0.00306694 0.00211917 0.00112377 0.000429249 0.000122303 2.78573e-05 5.33163e-06 8.70862e-07 1.18556e-07 1.22646e-08 6.92411e-10 0 
0 0.000364511 0.00175879 0.00352891 0.00560897 0.00810841 0.010912 0.0138619 0.0167884 0.019522 0.021909 0.0238239 0.0251723 0.0258924 0.0259662 0.0254217 0.0243267 0.0227811 0.0208978 0.01879 0.016568 0.0143355 0.0121821 0.0101792 0.00837906 0.00681546 0.0055068 0.00445292 0.00360277 0.00279926 0.00187445 0.000956578 0.000355413 0.000100124 2.28221e-05 4.40012e-06 7.26285e-07 1.00054e-07 1.04795e-08 5.9903e-10 0 
0 0.000308387 0.0015922 0.00326766 0.00514528 0.00738178 0.00989236 0.0125346 0.0151558 0.0176037 0.0197389 0.0214462 0.0226423 0.0232773 0.0233368 0.0228462 0.0218662 0.0204817 0.01879 0.0168931 0.0148927 0.0128826 0.010944 0.00914153 0.00752313 0.00612062 0.00495126 0.00400944 0.00323045 0.00246056 0.00159008 0.000783788 0.000285849 8.04181e-05 1.85057e-05 3.62043e-06 6.07496e-07 8.50996e-08 9.05896e-09 5.25848e-10 0 
0 0.00024882 0.00139551 0.0029821 0.00466011 0.0066173 0.00881591 0.0111314 0.0134288 0.0155742 0.0174449 0.0189389 0.0199817 0.0205312 0.0205778 0.0201443 0.0192815 0.0180612 0.016568 0.0148927 0.0131247 0.0113469 0.00963063 0.00803379 0.0065998 0.0053584 0.00432447 0.00348532 0.00277161 0.00205896 0.00129474 0.000629678 0.00023098 6.62007e-05 1.55923e-05 3.12211e-06 5.35181e-07 7.64039e-08 8.26876e-09 4.86843e-10 0 
0 0.00019002 0.00117206 0.00267168 0.00417636 0.00585429 0.00773572 0.00972015 0.0116901 0.0135299 0.015134 0.0164143 0.0173067 0.0177746 0.0178102 0.0174329 0.0166856 0.015629 0.0143355 0.0128826 0.0113469 0.00979896 0.0083004 0.00690157 0.00564128 0.00454644 0.00362851 0.00287349 0.00223138 0.0016269 0.00102724 0.000515707 0.000198091 5.93506e-05 1.44814e-05 2.97572e-06 5.196e-07 7.51541e-08 8.20753e-09 4.86166e-10 0 
0 0.000136195 0.000930608 0.00232709 0.00370636 0.00512685 0.0066986 0.00835977 0.0100111 0.0115541 0.0128995 0.0139729 0.0147202 0.0151104 0.0151364 0.0148142 0.0141792 0.0132818 0.0121821 0.010944 0.00963063 0.0083004 0.00700424 0.00578469 0.00467595 0.00370422 0.00288566 0.00222005 0.00168406 0.00123312 0.000820601 0.000450641 0.000189316 6.04375e-05 1.52756e-05 3.18862e-06 5.59286e-07 8.07725e-08 8.77957e-09 5.16685e-10 0 
0 9.08146e-05 0.000687522 0.00193627 0.00324299 0.00445863 0.00574323 0.00709869 0.00844958 0.00971362 0.0108163 0.0116959 0.0123076 0.0126253 0.0126431 0.0123733 0.0118445 0.0110972 0.0101792 0.00914153 0.00803379 0.00690157 0.00578469 0.00471842 0.00374117 0.00290782 0.00227292 0.00181651 0.00143342 0.00105875 0.000718146 0.000428262 0.000199916 6.83517e-05 1.77033e-05 3.68859e-06 6.3853e-07 9.06687e-08 9.68353e-09 5.60257e-10 0 
0 5.58641e-05 0.000464939 0.0015002 0.00275442 0.00385071 0.00489657 0.00597399 0.00704921 0.00805809 0.00893944 0.0096427 0.0101311 0.0103834 0.0103941 0.0101728 0.00974137 0.00913123 0.00837906 0.00752313 0.0065998 0.00564128 0.00467595 0.00374117 0.00293149 0.00244358 0.00241929 0.00261765 0.00248883 0.00182816 0.00103486 0.00050673 0.00022813 8.06675e-05 2.10299e-05 4.30128e-06 7.25187e-07 1.00269e-07 1.04487e-08 5.91279e-10 0 
0 3.14752e-05 0.000283663 0.00105055 0.00220012 0.00326371 0.00416038 0.00500849 0.0058399 0.00662094 0.00730509 0.00785165 0.00823085 0.00842528 0.00843012 0.00825213 0.00790769 0.00741995 0.00681546 0.00612062 0.0053584 0.00454644 0.00370422 0.00290782 0.00244358 0.0028727 0.00452893 0.0065349 0.00697348 0.00514501 0.00261884 0.000967547 0.000312978 9.72792e-05 2.42723e-05 4.76911e-06 7.75546e-07 1.04043e-07 1.05677e-08 5.84957e-10 0 
0 1.61567e-05 0.000154536 0.000647038 0.00157975 0.00262042 0.00348298 0.00419312 0.00483322 0.00542046 0.00593345 0.00634363 0.00662786 0.00677208 0.0067719 0.00663177 0.00636325 0.00598245 0.0055068 0.00495126 0.00432447 0.00362851 0.00288566 0.00227292 0.00241929 0.00452893 0.00939994 0.0158367 0.0181184 0.0122772 0.00604323 0.00204578 0.000515133 0.000121586 2.65453e-05 4.84065e-06 7.51493e-07 9.78479e-08 9.72074e-09 5.28412e-10 0 
0 7.53262e-06 7.48148e-05 0.0003444 0.00097436 0.00187702 0.00275229 0.00344659 0.00399252 0.00444583 0.00482462 0.00512252 0.00532709 0.00542888 0.00542442 0.00531637 0.00511216 0.0048215 0.00445292 0.00400944 0.00348532 0.00287349 0.00222005 0.00181651 0.00261765 0.0065349 0.0158367 0.0235409 0.0244367 0.0210059 0.0100493 0.00327915 0.000756498 0.000145374 2.6606e-05 4.36877e-06 6.42253e-07 8.14521e-08 7.96809e-09 4.28207e-10 0 
0 3.18667e-06 3.2201e-05 0.000157708 0.000501592 0.00112503 0.00189997 0.00261832 0.00318223 0.00360361 0.00391856 0.00414809 0.00429855 0.00437029 0.00436346 0.00428019 0.00412414 0.00389848 0.00360277 0.00323045 0.00277161 0.00223138 0.00168406 0.00143342 0.00248883 0.00697348 0.0181184 0.0244367 0.0251641 0.0227652 0.0116174 0.00361148 0.000812563 0.000142552 2.28099e-05 3.38665e-06 4.73831e-07 5.90552e-08 5.74255e-09 3.07682e-10 0 
0 1.22408e-06 1.23733e-05 6.25412e-05 0.000214689 0.000543423 0.00105922 0.00166651 0.00223601 0.00269416 0.00303059 0.00326162 0.00340468 0.00347134 0.00346831 0.00339931 0.00326586 0.00306694 0.00279926 0.00246056 0.00205896 0.0016269 0.00123312 0.00105875 0.00182816 0.00514501 0.0122772 0.0210059 0.0227652 0.0171469 0.0081299 0.00267556 0.000601676 0.000103569 1.55222e-05 2.1713e-06 2.96538e-07 3.69096e-08 3.60916e-09 1.94613e-10 0 
0 4.27575e-07 4.26928e-06 2.1747e-05 7.75984e-05 0.000211921 0.000460436 0.000820127 0.00123838 0.00164397 0.00198475 0.00223879 0.00240447 0.00248809 0.0024967 0.00243566 0.0023086 0.00211917 0.00187445 0.00159008 0.00129474 0.00102724 0.000820601 0.000718146 0.00103486 0.00261884 0.00604323 0.0100493 0.0116174 0.0081299 0.00401676 0.00132919 0.000305328 5.38825e-05 8.03252e-06 1.12395e-06 1.55947e-07 1.97927e-08 1.97043e-09 1.07938e-10 0 
0 1.36016e-07 1.33007e-06 6.71709e-06 2.42299e-05 6.86077e-05 0.000158754 0.000307759 0.000511131 0.000744498 0.000973882 0.0011691 0.00131081 0.0013903 0.00140624 0.00136193 0.00126418 0.00112377 0.000956578 0.000783788 0.000629678 0.000515707 0.000450641 0.000428262 0.00050673 0.000967547 0.00204578 0.00327915 0.00361148 0.00267556 0.00132919 0.000449005 0.000108555 2.01863e-05 3.15986e-06 4.70941e-07 6.90781e-08 9.11242e-09 9.3388e-10 5.24143e-11 0 
0 3.9429e-08 3.75603e-07 1.86164e-06 6.66924e-06 1.90499e-05 4.52622e-05 9.16331e-05 0.000160943 0.000249324 0.000346191 0.000437445 0.000509751 0.000553638 0.000564736 0.00054372 0.000495679 0.000429249 0.000355413 0.000285849 0.00023098 0.000198091 0.000189316 0.000199916 0.00022813 0.000312978 0.000515133 0.000756498 0.000812563 0.000601676 0.000305328 0.000108555 2.81314e-05 5.65394e-06 9.8385e-07 1.64098e-07 2.60708e-08 3.61671e-09 3.8472e-10 2.22787e-11 0 
0 1.0403e-08 9.62553e-08 4.65563e-07 1.6397e-06 4.64905e-06 1.10856e-05 2.27725e-05 4.09679e-05 6.54079e-05 9.37873e-05 0.0001221 0.000145733 0.00016078 0.00016505 0.000158502 0.000143113 0.000122303 0.000100124 8.04181e-05 6.62007e-05 5.93506e-05 6.04375e-05 6.83517e-05 8.06675e-05 9.72792e-05 0.000121586 0.000145374 0.000142552 0.000103569 5.38825e-05 2.01863e-05 5.65394e-06 1.28076e-06 2.59159e-07 4.91813e-08 8.48762e-09 1.243e-09 1.3795e-10 8.28566e-12 0 
0 2.48703e-09 2.23228e-08 1.05069e-07 3.61903e-07 1.00987e-06 2.38678e-06 4.89477e-06 8.84761e-06 1.42628e-05 2.07073e-05 2.73089e-05 3.29633e-05 3.66595e-05 3.77844e-05 3.62919e-05 3.26874e-05 2.78573e-05 2.28221e-05 1.85057e-05 1.55923e-05 1.44814e-05 1.52756e-05 1.77033e-05 2.10299e-05 2.42723e-05 2.65453e-05 2.6606e-05 2.28099e-05 1.55222e-05 8.03252e-06 3.15986e-06 9.8385e-07 2.59159e-07 6.09748e-08 1.29229e-08 2.39803e-09 3.70528e-10 4.3025e-11 2.68976e-12 0 
0 5.33335e-10 4.64308e-09 2.12466e-08 7.14065e-08 1.95305e-07 4.54729e-07 9.23375e-07 1.66045e-06 2.67339e-06 3.88749e-06 5.14327e-06 6.23108e-06 6.95257e-06 7.18348e-06 6.91151e-06 6.2357e-06 5.33163e-06 4.40012e-06 3.62043e-06 3.12211e-06 2.97572e-06 3.18862e-06 3.68859e-06 4.30128e-06 4.76911e-06 4.84065e-06 4.36877e-06 3.38665e-06 2.1713e-06 1.12395e-06 4.70941e-07 1.64098e-07 4.91813e-08 1.29229e-08 2.97051e-09 5.86219e-10 9.54068e-11 1.16049e-11 7.56623e-13 0 
0 1.00496e-10 8.49091e-10 3.77803e-09 1.2382e-08 3.31427e-08 7.58152e-08 1.51862e-07 2.70407e-07 4.3255e-07 6.26653e-07 8.27739e-07 1.00266e-06 1.11971e-06 1.15875e-06 1.1176e-06 1.01217e-06 8.70862e-07 7.26285e-07 6.07496e-07 5.35181e-07 5.196e-07 5.59286e-07 6.3853e-07 7.25187e-07 7.75546e-07 7.51493e-07 6.42253e-07 4.73831e-07 2.96538e-07 1.55947e-07 6.90781e-08 2.60708e-08 8.48762e-09 2.39803e-09 5.86219e-10 1.22173e-10 2.09047e-11 2.6634e-12 1.81226e-13 0 
0 1.59353e-11 1.3081e-10 5.66439e-10 1.81107e-09 4.74327e-09 1.06516e-08 2.10157e-08 3.69801e-08 5.86355e-08 8.44279e-08 1.11091e-07 1.34306e-07 1.49938e-07 1.5535e-07 1.50252e-07 1.36734e-07 1.18556e-07 1.00054e-07 8.50996e-08 7.64039e-08 7.51541e-08 8.07725e-08 9.06687e-08 1.00269e-07 1.04043e-07 9.78479e-08 8.14521e-08 5.90552e-08 3.69096e-08 1.97927e-08 9.11242e-09 3.61671e-09 1.243e-09 3.70528e-10 9.54068e-11 2.09047e-11 3.75249e-12 5.00243e-13 3.55121e-14 0 
0 1.91882e-12 1.53247e-11 6.46628e-11 2.01892e-10 5.17688e-10 1.14143e-09 2.21772e-09 3.85415e-09 6.05232e-09 8.65287e-09 1.1331e-08 1.36615e-08 1.52388e-08 1.58047e-08 1.53314e-08 1.40265e-08 1.22646e-08 1.04795e-08 9.05896e-09 8.26876e-09 8.20753e-09 8.77957e-09 9.68353e-09 1.04487e-08 1.05677e-08 9.72074e-09 7.96809e-09 5.74255e-09 3.60916e-09 1.97043e-09 9.3388e-10 3.8472e-10 1.3795e-10 4.3025e-11 1.16049e-11 2.6634e-12 5.00243e-13 6.96544e-14 5.15346e-15 0 
0 1.25331e-13 9.75346e-13 4.01615e-12 1.22608e-11 3.08117e-11 6.675e-11 1.27764e-10 2.19322e-10 3.41063e-10 4.84038e-10 6.30623e-10 7.5804e-10 8.44692e-10 8.76891e-10 8.5325e-10 7.84999e-10 6.92411e-10 5.9903e-10 5.25848e-10 4.86843e-10 4.86166e-10 5.16685e-10 5.60257e-10 5.91279e-10 5.84957e-10 5.28412e-10 4.28207e-10 3.07682e-10 1.94613e-10 1.07938e-10 5.24143e-11 2.22787e-11 8.28566e-12 2.68976e-12 7.56623e-13 1.81226e-13 3.55121e-14 5.15346e-15 3.96765e-16 0 
0 0 0 0 0 0 0 0 0 0 0 0 0 0 0 0 0 0 0 0 0 0 0 0 0 0 0 0 0 0 0 0 0 0 0 0 0 0 0 0 0 
