0 0 0 0 0 0 0 0 0 0 0 0 0 0 0 0 0 0 0 0 0 0 0 0 0 0 0 0 0 0 0 0 0 0 0 0 0 0 0 0 0 
0 1.83114e-07 1.59824e-06 6.75711e-06 1.91572e-05 4.07289e-05 6.96286e-05 0.000101246 0.00013105 0.000156295 0.000176002 0.000190233 0.00019945 0.000204155 0.000204757 0.000201545 0.000194696 0.000184318 0.000170502 0.000153422 0.000133469 0.00011139 8.8363e-05 6.59382e-05 4.57756e-05 2.92414e-05 1.70195e-05 8.95591e-06 4.23974e-06 1.80195e-06 6.87742e-07 2.36063e-07 7.29726e-08 2.03143e-08 5.07683e-09 1.12905e-09 2.19147e-10 3.55946e-11 4.37018e-12 2.89965e-13 0 
0 1.59824e-06 1.40616e-05 5.67198e-05 0.000143572 0.000258738 0.000368056 0.000451938 0.000511244 0.000553937 0.000586033 0.000610084 0.000626539 0.000635161 0.000635862 0.000629022 0.000615497 0.000596407 0.000572757 0.000544944 0.000512248 0.000472603 0.000423082 0.000361485 0.000288797 0.000211008 0.000138113 7.97084e-05 4.02088e-05 1.77075e-05 6.83881e-06 2.3333e-06 7.08308e-07 1.92194e-07 4.66267e-08 1.00484e-08 1.88949e-09 2.97528e-10 3.54603e-11 2.28768e-12 0 
0 6.75711e-06 5.67198e-05 0.000199049 0.000404752 0.000580169 0.00069791 0.000787721 0.000872192 0.000954931 0.00103097 0.0010941 0.00113949 0.00116428 0.00116756 0.00115017 0.00111454 0.0010643 0.00100401 0.000938772 0.000873606 0.000812386 0.000756019 0.00070013 0.000634002 0.00054421 0.000425184 0.000290282 0.000168057 8.15005e-05 3.32686e-05 1.16048e-05 3.51908e-06 9.40247e-07 2.22816e-07 4.67218e-08 8.53646e-09 1.30623e-09 1.51432e-10 9.5168e-12 0 
0 1.91572e-05 0.000143572 0.000404752 0.000650628 0.000816839 0.000966621 0.00113212 0.00130683 0.00147591 0.00162639 0.00174837 0.00183494 0.00188212 0.0018889 0.00185698 0.00179044 0.00169525 0.00157867 0.00144877 0.00131396 0.0011827 0.00106315 0.000961857 0.000880095 0.000807678 0.000719388 0.000586888 0.000410322 0.000233862 0.000106874 3.972e-05 1.23509e-05 3.30088e-06 7.71439e-07 1.58375e-07 2.82402e-08 4.21358e-09 4.76509e-10 2.92448e-11 0 
0 4.07289e-05 0.000258738 0.000580169 0.000816839 0.001032 0.00128514 0.00156537 0.0018497 0.00211829 0.0023545 0.00254487 0.00267963 0.00275311 0.00276392 0.00271471 0.00261166 0.00246372 0.00228166 0.0020772 0.00186214 0.00164774 0.00144447 0.00126216 0.00110986 0.000993066 0.00090458 0.000812482 0.000668259 0.000459018 0.000246484 0.000102141 3.36326e-05 9.17255e-06 2.1398e-06 4.3342e-07 7.58315e-08 1.1078e-08 1.22623e-09 7.37085e-11 0 
0 6.96286e-05 0.000368056 0.00069791 0.000966621 0.00128514 0.00166003 0.00206195 0.00246384 0.00284121 0.00317218 0.00343855 0.003627 0.0037298 0.00374501 0.00367631 0.00353234 0.00332548 0.00307056 0.00278365 0.00248074 0.0021768 0.00188504 0.00161682 0.00138212 0.00119031 0.00104798 0.000946874 0.000844346 0.000674631 0.000430911 0.000205914 7.40907e-05 2.10685e-05 4.9716e-06 1.00191e-06 1.73001e-07 2.4855e-08 2.70265e-09 1.59611e-10 0 
0 0.000101246 0.000451938 0.000787721 0.00113212 0.00156537 0.00206195 0.00258809 0.00311205 0.00360321 0.0040337 0.0043811 0.00463047 0.00477074 0.00479221 0.00469753 0.0045044 0.00423284 0.00390071 0.00352717 0.00313232 0.00273519 0.00235239 0.00199758 0.00168158 0.00141346 0.00120191 0.00105207 0.000947111 0.000823493 0.000608273 0.000338065 0.000135869 4.10563e-05 9.92483e-06 2.00629e-06 3.43842e-07 4.87952e-08 5.23116e-09 3.04484e-10 0 
0 0.00013105 0.000511244 0.000872192 0.00130683 0.0018497 0.00246384 0.00311205 0.00375672 0.00436096 0.00489567 0.00535528 0.0057303 0.00595705 0.00599423 0.00584352 0.00553961 0.00515302 0.00472723 0.00426496 0.00377879 0.00328951 0.00281705 0.00237766 0.00198367 0.0016441 0.00136655 0.00115866 0.00101984 0.00091127 0.000741949 0.000471715 0.000213171 6.93047e-05 1.73351e-05 3.53952e-06 6.05114e-07 8.51621e-08 9.03225e-09 5.19716e-10 0 
0 0.000156295 0.000553937 0.000954931 0.00147591 0.00211829 0.00284121 0.00360321 0.00436096 0.00507848 0.00576773 0.00641398 0.00683983 0.00703692 0.00706611 0.00694328 0.00664187 0.00613483 0.00553471 0.00495842 0.00438276 0.00380724 0.00325124 0.00273335 0.00226751 0.00186325 0.00152725 0.00126596 0.00108451 0.000964877 0.000828204 0.000584222 0.000294395 0.000103335 2.68959e-05 5.5737e-06 9.54265e-07 1.33641e-07 1.40649e-08 8.02259e-10 0 
0 0.000176002 0.000586033 0.00103097 0.00162639 0.0023545 0.00317218 0.0040337 0.00489567 0.00576773 0.00664242 0.0072009 0.00748586 0.00761757 0.00763676 0.00755211 0.00734945 0.00697897 0.00634872 0.00559591 0.0049128 0.00425877 0.00362983 0.00304364 0.0025155 0.00205564 0.0016703 0.00136441 0.00114375 0.00100215 0.000879742 0.000666754 0.000367833 0.000138661 3.75752e-05 7.92038e-06 1.36148e-06 1.90228e-07 1.99174e-08 1.12897e-09 0 
0 0.000190233 0.000610084 0.0010941 0.00174837 0.00254487 0.00343855 0.0043811 0.00535528 0.00641398 0.0072009 0.0076094 0.00783217 0.00793871 0.00795389 0.00788367 0.00771994 0.00743445 0.00695445 0.00617847 0.00535238 0.00462031 0.00393192 0.00329117 0.0027134 0.00220942 0.00178533 0.00144497 0.00119321 0.00102945 0.000909306 0.00072101 0.000425804 0.000170332 4.78486e-05 1.02532e-05 1.77149e-06 2.47386e-07 2.5822e-08 1.45757e-09 0 
0 0.00019945 0.000626539 0.00113949 0.00183494 0.00267963 0.003627 0.00463047 0.0057303 0.00683983 0.00748586 0.00783217 0.00802799 0.008123 0.00813611 0.00807217 0.00792535 0.00767534 0.00727148 0.00659443 0.00568903 0.00487547 0.00414233 0.00346328 0.00285083 0.00231612 0.00186518 0.00150118 0.00122802 0.00104731 0.000924663 0.000752423 0.00046514 0.000194302 5.61222e-05 1.21899e-05 2.11641e-06 2.95709e-07 3.08198e-08 1.73555e-09 0 
0 0.000204155 0.000635161 0.00116428 0.00188212 0.00275311 0.0037298 0.00477074 0.00595705 0.00703692 0.00761757 0.00793871 0.008123 0.00821277 0.00822464 0.00816301 0.0080229 0.00778696 0.00741284 0.0067951 0.0058835 0.00501259 0.0042523 0.00355269 0.00292182 0.00237083 0.00190572 0.00152928 0.0012448 0.00105459 0.000929492 0.000765959 0.000485583 0.000208072 6.1143e-05 1.33992e-05 2.33496e-06 3.26575e-07 3.40276e-08 1.91458e-09 0 
0 0.000204757 0.000635862 0.00116756 0.0018889 0.00276392 0.00374501 0.00479221 0.00599423 0.00706611 0.00763676 0.00795389 0.00813611 0.00822464 0.00823575 0.00817376 0.00803378 0.00779889 0.00742787 0.00681782 0.00590585 0.00502406 0.00425968 0.00355768 0.00292484 0.00237219 0.00190566 0.0015279 0.00124201 0.00105039 0.000925195 0.000764707 0.000488044 0.000210683 6.2258e-05 1.36905e-05 2.3904e-06 3.34711e-07 3.49007e-08 1.96472e-09 0 
0 0.000201545 0.000629022 0.00115017 0.00185698 0.00271471 0.00367631 0.00469753 0.00584352 0.00694328 0.00755211 0.00788367 0.00807217 0.00816301 0.00817376 0.00810895 0.00796319 0.00771777 0.00732663 0.00667678 0.00575803 0.00491375 0.00416885 0.00348178 0.00286256 0.0023221 0.00186624 0.0014977 0.00121977 0.00103448 0.000911949 0.000749778 0.000473606 0.000202473 5.94944e-05 1.30571e-05 2.28024e-06 3.19674e-07 3.33879e-08 1.88298e-09 0 
0 0.000194696 0.000615497 0.00111454 0.00179044 0.00261166 0.00353234 0.0045044 0.00553961 0.00664187 0.00734945 0.00771994 0.00792535 0.0080229 0.00803378 0.00796319 0.00780425 0.00753343 0.00709105 0.00635484 0.00547041 0.00469843 0.00399001 0.00333298 0.00274116 0.00222518 0.00179074 0.00144084 0.0011793 0.00100705 0.000888878 0.000720537 0.000443317 0.000184861 5.34951e-05 1.16656e-05 2.03501e-06 2.85729e-07 2.99234e-08 1.69299e-09 0 
0 0.000184318 0.000596407 0.0010643 0.00169525 0.00246372 0.00332548 0.00423284 0.00515302 0.00613483 0.00697897 0.00743445 0.00767534 0.00778696 0.00779889 0.00771777 0.00753343 0.00721117 0.00666327 0.00586241 0.00509504 0.0043986 0.00373743 0.00312268 0.00256947 0.00208794 0.00168372 0.00136033 0.00112225 0.000967853 0.000853525 0.000674974 0.000398619 0.00016021 4.5355e-05 9.80207e-06 1.70759e-06 2.40329e-07 2.52716e-08 1.43667e-09 0 
0 0.000170502 0.000572757 0.00100401 0.00157867 0.00228166 0.00307056 0.00390071 0.00472723 0.00553471 0.00634872 0.00695445 0.00727148 0.00741284 0.00742787 0.00732663 0.00709105 0.00666327 0.00600492 0.0053103 0.00466419 0.00403399 0.00342796 0.00286437 0.00235782 0.00191787 0.00155021 0.00125916 0.00104944 0.000914649 0.000801004 0.000610569 0.00034219 0.000131692 3.63906e-05 7.79556e-06 1.35787e-06 1.91889e-07 2.02983e-08 1.16168e-09 0 
0 0.000153422 0.000544944 0.000938772 0.00144877 0.0020772 0.00278365 0.00352717 0.00426496 0.00495842 0.00559591 0.00617847 0.00659443 0.0067951 0.00681782 0.00667678 0.00635484 0.00586241 0.0053103 0.00475642 0.00419086 0.00362509 0.00307956 0.00257237 0.00211697 0.00172243 0.00139471 0.00113896 0.000958981 0.000841073 0.000723793 0.000526302 0.000278857 0.00010297 2.78831e-05 5.94267e-06 1.03823e-06 1.47708e-07 1.57538e-08 9.09457e-10 0 
0 0.000133469 0.000512248 0.000873606 0.00131396 0.00186214 0.00248074 0.00313232 0.00377879 0.00438276 0.0049128 0.00535238 0.00568903 0.0058835 0.00590585 0.00575803 0.00547041 0.00509504 0.00466419 0.00419086 0.00369321 0.00319294 0.00271 0.00226066 0.00185717 0.00150821 0.00122012 0.000998286 0.000843517 0.000735323 0.000614535 0.000426096 0.000215894 7.76309e-05 2.08429e-05 4.45325e-06 7.83985e-07 1.12611e-07 1.21315e-08 7.0722e-10 0 
0 0.00011139 0.000472603 0.000812386 0.0011827 0.00164774 0.0021768 0.00273519 0.00328951 0.00380724 0.00425877 0.00462031 0.00487547 0.00501259 0.00502406 0.00491375 0.00469843 0.0043986 0.00403399 0.00362509 0.00319294 0.00275737 0.00233568 0.00194207 0.00158756 0.00128047 0.0010271 0.000831421 0.000690884 0.000586466 0.00047517 0.000321924 0.000161778 5.84275e-05 1.5852e-05 3.42706e-06 6.10083e-07 8.85112e-08 9.61971e-09 5.6513e-10 0 
0 8.8363e-05 0.000423082 0.000756019 0.00106315 0.00144447 0.00188504 0.00235239 0.00281705 0.00325124 0.00362983 0.00393192 0.00414233 0.0042523 0.00425968 0.00416885 0.00399001 0.00373743 0.00342796 0.00307956 0.00271 0.00233568 0.00197096 0.00162786 0.00131631 0.00104469 0.000819219 0.000641792 0.000509126 0.000412334 0.000329716 0.000231172 0.000122814 4.65194e-05 1.30072e-05 2.85784e-06 5.12833e-07 7.46843e-08 8.13024e-09 4.77834e-10 0 
0 6.59382e-05 0.000361485 0.00070013 0.000961857 0.00126216 0.00161682 0.00199758 0.00237766 0.00273335 0.00304364 0.00329117 0.00346328 0.00355269 0.00355768 0.00348178 0.00333298 0.00312268 0.00286437 0.00257237 0.00226066 0.00194207 0.00162786 0.00132814 0.00105403 0.000820706 0.000642672 0.000514655 0.000408633 0.000309594 0.000229822 0.000166807 9.89498e-05 4.09596e-05 1.19409e-05 2.65115e-06 4.73909e-07 6.83987e-08 7.37002e-09 4.28779e-10 0 
0 4.57756e-05 0.000288797 0.000634002 0.000880095 0.00110986 0.00138212 0.00168158 0.00198367 0.00226751 0.0025155 0.0027134 0.00285083 0.00292182 0.00292484 0.00286256 0.00274116 0.00256947 0.00235782 0.00211697 0.00185717 0.00158756 0.00131631 0.00105403 0.000826438 0.000688329 0.000680929 0.000736627 0.000700375 0.00051461 0.000293028 0.000153677 8.64831e-05 3.90403e-05 1.19076e-05 2.64595e-06 4.64979e-07 6.57066e-08 6.93686e-09 3.9618e-10 0 
0 2.92414e-05 0.000211008 0.00054421 0.000807678 0.000993066 0.00119031 0.00141346 0.0016441 0.00186325 0.00205564 0.00220942 0.00231612 0.00237083 0.00237219 0.0023221 0.00222518 0.00208794 0.00191787 0.00172243 0.00150821 0.00128047 0.00104469 0.000820706 0.000688329 0.000808389 0.00127441 0.00198098 0.00236118 0.00145056 0.000736934 0.000273069 9.60539e-05 3.88065e-05 1.20439e-05 2.65047e-06 4.54155e-07 6.2479e-08 6.43793e-09 3.59984e-10 0 
0 1.70195e-05 0.000138113 0.000425184 0.000719388 0.00090458 0.00104798 0.00120191 0.00136655 0.00152725 0.0016703 0.00178533 0.00186518 0.00190572 0.00190566 0.00186624 0.00179074 0.00168372 0.00155021 0.00139471 0.00122012 0.0010271 0.000819219 0.000642672 0.000680929 0.00127441 0.00285048 0.00496198 0.00516843 0.00413634 0.00170307 0.000575689 0.000146862 4.12609e-05 1.17635e-05 2.50519e-06 4.16198e-07 5.5762e-08 5.62055e-09 3.08505e-10 0 
0 8.95591e-06 7.97084e-05 0.000290282 0.000586888 0.000812482 0.000946874 0.00105207 0.00115866 0.00126596 0.00136441 0.00144497 0.00150118 0.00152928 0.0015279 0.0014977 0.00144084 0.00136033 0.00125916 0.00113896 0.000998286 0.000831421 0.000641792 0.000514655 0.000736627 0.00198098 0.00496198 0.00560455 0.0056842 0.00534952 0.00350497 0.000922774 0.000213364 4.51155e-05 1.07615e-05 2.14212e-06 3.432e-07 4.4973e-08 4.4627e-09 2.41947e-10 0 
0 4.23974e-06 4.02088e-05 0.000168057 0.000410322 0.000668259 0.000844346 0.000947111 0.00101984 0.00108451 0.00114375 0.00119321 0.00122802 0.0012448 0.00124201 0.00121977 0.0011793 0.00112225 0.00104944 0.000958981 0.000843517 0.000690884 0.000509126 0.000408633 0.000700375 0.00236118 0.00516843 0.0056842 0.00575333 0.0054882 0.00414745 0.00101981 0.000228928 4.29974e-05 8.75399e-06 1.6015e-06 2.47562e-07 3.19854e-08 3.15333e-09 1.70272e-10 0 
0 1.80195e-06 1.77075e-05 8.15005e-05 0.000233862 0.000459018 0.000674631 0.000823493 0.00091127 0.000964877 0.00100215 0.00102945 0.00104731 0.00105459 0.00105039 0.00103448 0.00100705 0.000967853 0.000914649 0.000841073 0.000735323 0.000586466 0.000412334 0.000309594 0.00051461 0.00145056 0.00413634 0.00534952 0.0054882 0.00508737 0.00253618 0.000752888 0.000169733 3.15002e-05 5.9101e-06 1.01313e-06 1.53221e-07 1.97677e-08 1.9574e-09 1.06255e-10 0 
0 6.87742e-07 6.83881e-06 3.32686e-05 0.000106874 0.000246484 0.000430911 0.000608273 0.000741949 0.000828204 0.000879742 0.000909306 0.000924663 0.000929492 0.000925195 0.000911949 0.000888878 0.000853525 0.000801004 0.000723793 0.000614535 0.00047517 0.000329716 0.000229822 0.000293028 0.000736934 0.00170307 0.00350497 0.00414745 0.00253618 0.00113029 0.000374064 8.69139e-05 1.70978e-05 3.15711e-06 5.29844e-07 8.05002e-08 1.05393e-08 1.06031e-09 5.8407e-11 0 
0 2.36063e-07 2.3333e-06 1.16048e-05 3.972e-05 0.000102141 0.000205914 0.000338065 0.000471715 0.000584222 0.000666754 0.00072101 0.000752423 0.000765959 0.000764707 0.000749778 0.000720537 0.000674974 0.000610569 0.000526302 0.000426096 0.000321924 0.000231172 0.000166807 0.000153677 0.000273069 0.000575689 0.000922774 0.00101981 0.000752888 0.000374064 0.000126902 3.22047e-05 6.95268e-06 1.322e-06 2.28261e-07 3.58688e-08 4.84075e-09 5.00053e-10 2.81919e-11 0 
0 7.29726e-08 7.08308e-07 3.51908e-06 1.23509e-05 3.36326e-05 7.40907e-05 0.000135869 0.000213171 0.000294395 0.000367833 0.000425804 0.00046514 0.000485583 0.000488044 0.000473606 0.000443317 0.000398619 0.00034219 0.000278857 0.000215894 0.000161778 0.000122814 9.89498e-05 8.64831e-05 9.60539e-05 0.000146862 0.000213364 0.000228928 0.000169733 8.69139e-05 3.22047e-05 9.28411e-06 2.18766e-06 4.45367e-07 8.2263e-08 1.36457e-08 1.91994e-09 2.05356e-10 1.19341e-11 0 
0 2.03143e-08 1.92194e-07 9.40247e-07 3.30088e-06 9.17255e-06 2.10685e-05 4.10563e-05 6.93047e-05 0.000103335 0.000138661 0.000170332 0.000194302 0.000208072 0.000210683 0.000202473 0.000184861 0.00016021 0.000131692 0.00010297 7.76309e-05 5.84275e-05 4.65194e-05 4.09596e-05 3.90403e-05 3.88065e-05 4.12609e-05 4.51155e-05 4.29974e-05 3.15002e-05 1.70978e-05 6.95268e-06 2.18766e-06 5.63048e-07 1.26256e-07 2.53468e-08 4.47079e-09 6.59741e-10 7.34885e-11 4.42614e-12 0 
0 5.07683e-09 4.66267e-08 2.22816e-07 7.71439e-07 2.1398e-06 4.9716e-06 9.92483e-06 1.73351e-05 2.68959e-05 3.75752e-05 4.78486e-05 5.61222e-05 6.1143e-05 6.2258e-05 5.94944e-05 5.34951e-05 4.5355e-05 3.63906e-05 2.78831e-05 2.08429e-05 1.5852e-05 1.30072e-05 1.19409e-05 1.19076e-05 1.20439e-05 1.17635e-05 1.07615e-05 8.75399e-06 5.9101e-06 3.15711e-06 1.322e-06 4.45367e-07 1.26256e-07 3.12016e-08 6.77055e-09 1.26786e-09 1.9666e-10 2.28924e-11 1.43423e-12 0 
0 1.12905e-09 1.00484e-08 4.67218e-08 1.58375e-07 4.3342e-07 1.00191e-06 2.00629e-06 3.53952e-06 5.5737e-06 7.92038e-06 1.02532e-05 1.21899e-05 1.33992e-05 1.36905e-05 1.30571e-05 1.16656e-05 9.80207e-06 7.79556e-06 5.94267e-06 4.45325e-06 3.42706e-06 2.85784e-06 2.65115e-06 2.64595e-06 2.65047e-06 2.50519e-06 2.14212e-06 1.6015e-06 1.01313e-06 5.29844e-07 2.28261e-07 8.2263e-08 2.53468e-08 6.77055e-09 1.56823e-09 3.10545e-10 5.0644e-11 6.17064e-12 4.02982e-13 0 
0 2.19147e-10 1.88949e-09 8.53646e-09 2.82402e-08 7.58315e-08 1.73001e-07 3.43842e-07 6.05114e-07 9.54265e-07 1.36148e-06 1.77149e-06 2.11641e-06 2.33496e-06 2.3904e-06 2.28024e-06 2.03501e-06 1.70759e-06 1.35787e-06 1.03823e-06 7.83985e-07 6.10083e-07 5.12833e-07 4.73909e-07 4.64979e-07 4.54155e-07 4.16198e-07 3.432e-07 2.47562e-07 1.53221e-07 8.05002e-08 3.58688e-08 1.36457e-08 4.47079e-09 1.26786e-09 3.10545e-10 6.48009e-11 1.11003e-11 1.41589e-12 9.64604e-14 0 
0 3.55946e-11 2.97528e-10 1.30623e-09 4.21358e-09 1.1078e-08 2.4855e-08 4.87952e-08 8.51621e-08 1.33641e-07 1.90228e-07 2.47386e-07 2.95709e-07 3.26575e-07 3.34711e-07 3.19674e-07 2.85729e-07 2.40329e-07 1.91889e-07 1.47708e-07 1.12611e-07 8.85112e-08 7.46843e-08 6.83987e-08 6.57066e-08 6.2479e-08 5.5762e-08 4.4973e-08 3.19854e-08 1.97677e-08 1.05393e-08 4.84075e-09 1.91994e-09 6.59741e-10 1.9666e-10 5.0644e-11 1.11003e-11 1.99363e-12 2.65962e-13 1.8897e-14 0 
0 4.37018e-12 3.54603e-11 1.51432e-10 4.76509e-10 1.22623e-09 2.70265e-09 5.23116e-09 9.03225e-09 1.40649e-08 1.99174e-08 2.5822e-08 3.08198e-08 3.40276e-08 3.49007e-08 3.33879e-08 2.99234e-08 2.52716e-08 2.02983e-08 1.57538e-08 1.21315e-08 9.61971e-09 8.13024e-09 7.37002e-09 6.93686e-09 6.43793e-09 5.62055e-09 4.4627e-09 3.15333e-09 1.9574e-09 1.06031e-09 5.00053e-10 2.05356e-10 7.34885e-11 2.28924e-11 6.17064e-12 1.41589e-12 2.65962e-13 3.70462e-14 2.74242e-15 0 
0 2.89965e-13 2.28768e-12 9.5168e-12 2.92448e-11 7.37085e-11 1.59611e-10 3.04484e-10 5.19716e-10 8.02259e-10 1.12897e-09 1.45757e-09 1.73555e-09 1.91458e-09 1.96472e-09 1.88298e-09 1.69299e-09 1.43667e-09 1.16168e-09 9.09457e-10 7.0722e-10 5.6513e-10 4.77834e-10 4.28779e-10 3.9618e-10 3.59984e-10 3.08505e-10 2.41947e-10 1.70272e-10 1.06255e-10 5.8407e-11 2.81919e-11 1.19341e-11 4.42614e-12 1.43423e-12 4.02982e-13 9.64604e-14 1.8897e-14 2.74242e-15 2.11195e-16 0 
0 0 0 0 0 0 0 0 0 0 0 0 0 0 0 0 0 0 0 0 0 0 0 0 0 0 0 0 0 0 0 0 0 0 0 0 0 0 0 0 0 
