0 0 0 0 0 0 0 0 0 0 0 0 0 0 0 0 0 0 0 0 0 0 0 0 0 0 0 0 0 0 0 0 0 0 0 0 0 0 0 0 0 
0 2.00097e-07 1.77617e-06 7.76173e-06 2.31149e-05 5.21997e-05 9.51223e-05 0.000146923 0.000200422 0.000249492 0.000290398 0.00032151 0.000342485 0.00035359 0.00035532 0.000348229 0.000332889 0.000309943 0.000280207 0.000244829 0.000205454 0.000164312 0.000124113 8.76784e-05 5.73537e-05 3.44188e-05 1.88047e-05 9.30367e-06 4.15696e-06 1.67667e-06 6.11154e-07 2.01648e-07 6.02902e-08 1.63242e-08 3.98737e-09 8.70349e-10 1.66393e-10 2.66979e-11 3.24583e-12 2.13669e-13 0 
0 1.77617e-06 1.60761e-05 6.87095e-05 0.000189565 0.000377722 0.000591581 0.000786166 0.000942319 0.00106154 0.00115103 0.00121617 0.00125949 0.00128201 0.00128447 0.00126801 0.00123422 0.00118485 0.00112115 0.00104332 0.000950116 0.000839504 0.000710587 0.000566696 0.000417802 0.000279425 0.000166856 8.80511e-05 4.0913e-05 1.67755e-05 6.10507e-06 1.9854e-06 5.80198e-07 1.52791e-07 3.62086e-08 7.66152e-09 1.42022e-09 2.21159e-10 2.61305e-11 1.67436e-12 0 
0 7.76173e-06 6.87095e-05 0.000267011 0.000621213 0.00101088 0.00132936 0.001576 0.00178484 0.00197235 0.00213719 0.00227135 0.00236699 0.00241904 0.00242594 0.00238956 0.00231477 0.0022088 0.00208037 0.00193851 0.00179083 0.00164101 0.00148581 0.00131366 0.00110907 0.000865972 0.000603385 0.000363948 0.000186828 8.15151e-05 3.0546e-05 9.9813e-06 2.88414e-06 7.4391e-07 1.71803e-07 3.53486e-08 6.36855e-09 9.64392e-10 1.10934e-10 6.93064e-12 0 
0 2.31149e-05 0.000189565 0.000621213 0.00116474 0.00161093 0.00198203 0.00234681 0.00271552 0.00306835 0.00338154 0.00363524 0.00381524 0.00391336 0.00392746 0.00386109 0.00372273 0.00352476 0.00328228 0.0030119 0.00273064 0.00245469 0.00219727 0.00196399 0.00174524 0.00151079 0.00122243 0.000874474 0.000525638 0.000258481 0.000104266 3.52598e-05 1.02585e-05 2.62017e-06 5.93808e-07 1.19367e-07 2.09759e-08 3.09777e-09 3.47774e-10 2.12313e-11 0 
0 5.21997e-05 0.000377722 0.00101088 0.00161093 0.00212587 0.00266921 0.00325444 0.00384592 0.00440442 0.00489556 0.00529138 0.00557157 0.00572436 0.00574683 0.00564452 0.00543026 0.00512264 0.0047441 0.00431899 0.00387181 0.00342589 0.00300253 0.00262008 0.00229061 0.0020097 0.0017407 0.00141776 0.00100696 0.000581277 0.000264278 9.58629e-05 2.87433e-05 7.37341e-06 1.65426e-06 3.26814e-07 5.62599e-08 8.13117e-09 8.93556e-10 5.34439e-11 0 
0 9.51223e-05 0.000591581 0.00132936 0.00198203 0.00266921 0.00345142 0.00428728 0.0051229 0.00590755 0.0065957 0.00714954 0.00754132 0.00775496 0.00778655 0.00764381 0.00734454 0.00691444 0.00638442 0.00578786 0.00515805 0.00452607 0.00391941 0.00336145 0.00287156 0.00246299 0.00213082 0.00182704 0.00145952 0.000985983 0.000519379 0.000208825 6.61519e-05 1.7315e-05 3.88355e-06 7.58931e-07 1.28595e-07 1.82581e-08 1.97034e-09 1.15781e-10 0 
0 0.000146923 0.000786166 0.001576 0.00234681 0.00325444 0.00428728 0.00538126 0.00647069 0.00749192 0.00838674 0.00910659 0.00961603 0.0098942 0.00993526 0.00974899 0.00935927 0.00879981 0.00811039 0.00733382 0.00651283 0.0056871 0.00489117 0.00415342 0.00349619 0.00293685 0.00248571 0.00212854 0.00179171 0.00135886 0.000826572 0.000375403 0.000128296 3.47842e-05 7.87508e-06 1.53215e-06 2.5675e-07 3.59484e-08 3.82209e-09 2.21294e-10 0 
0 0.000200422 0.000942319 0.00178484 0.00271552 0.00384592 0.0051229 0.00647069 0.00781109 0.00906673 0.0101671 0.0110564 0.011695 0.0120513 0.0121048 0.0118643 0.01137 0.0106733 0.00982297 0.00886743 0.00785699 0.00683967 0.0058573 0.00494372 0.00412449 0.00341815 0.00283798 0.00238675 0.00202624 0.00163985 0.00111992 0.000574357 0.000214279 6.08754e-05 1.40262e-05 2.7324e-06 4.54808e-07 6.3024e-08 6.62267e-09 3.78877e-10 0 
0 0.000249492 0.00106154 0.00197235 0.00306835 0.00440442 0.00590755 0.00749192 0.00906673 0.0105424 0.0118442 0.0129228 0.0137242 0.0141755 0.0142438 0.0139413 0.0133144 0.0124497 0.0114283 0.0103003 0.00911225 0.00791613 0.0067601 0.00568328 0.00471468 0.00387408 0.00317462 0.0026237 0.00220612 0.00183423 0.00135631 0.000772914 0.00031495 9.43003e-05 2.22347e-05 4.35607e-06 7.22824e-07 9.94502e-08 1.03586e-08 5.87106e-10 0 
0 0.000290398 0.00115103 0.00213719 0.00338154 0.00489556 0.0065957 0.00838674 0.0101671 0.0118442 0.0133563 0.0146245 0.0154967 0.0159347 0.0159965 0.015709 0.0150584 0.0140638 0.0128564 0.0115554 0.0102073 0.00885467 0.00754727 0.00632844 0.00523032 0.00427416 0.00347268 0.00283339 0.00235162 0.00196732 0.00152644 0.000943882 0.000416193 0.00013124 3.17321e-05 6.26852e-06 1.03975e-06 1.42414e-07 1.4741e-08 8.29761e-10 0 
0 0.00032151 0.00121617 0.00227135 0.00363524 0.00529138 0.00714954 0.00910659 0.0110564 0.0129228 0.0146245 0.0159149 0.0166769 0.0170367 0.0170846 0.0168443 0.0162883 0.0153499 0.014044 0.0125766 0.0110844 0.00960392 0.00817534 0.00684311 0.00564179 0.0045939 0.00371202 0.00300271 0.00246511 0.00205753 0.00163905 0.00107346 0.000504245 0.000166368 4.11873e-05 8.21019e-06 1.36355e-06 1.86315e-07 1.9207e-08 1.07608e-09 0 
0 0.000342485 0.00125949 0.00236699 0.00381524 0.00557157 0.00754132 0.00961603 0.011695 0.0137242 0.0154967 0.0166769 0.0173401 0.0176537 0.0176934 0.0174785 0.0169868 0.0161493 0.0148837 0.0133153 0.0117026 0.0101266 0.00861259 0.00720097 0.00592756 0.00481575 0.0038781 0.0031203 0.00254249 0.00211334 0.00170579 0.00115872 0.000569257 0.0001944 4.90548e-05 9.85754e-06 1.64048e-06 2.23956e-07 2.30365e-08 1.28707e-09 0 
0 0.00035359 0.00128201 0.00241904 0.00391336 0.00572436 0.00775496 0.0098942 0.0120513 0.0141755 0.0159347 0.0170367 0.0176537 0.0179463 0.0179813 0.0177763 0.017312 0.0165254 0.0153139 0.0137189 0.0120334 0.0104012 0.00884086 0.00738688 0.00607516 0.0049295 0.0039624 0.003179 0.00257954 0.00213761 0.0017353 0.00120195 0.000606038 0.000211391 5.40105e-05 1.09165e-05 1.82046e-06 2.48584e-07 2.55536e-08 1.42628e-09 0 
0 0.00035532 0.00128447 0.00242594 0.00392746 0.00574683 0.00778655 0.00993526 0.0121048 0.0142438 0.0159965 0.0170846 0.0176934 0.0179813 0.018014 0.0178085 0.0173459 0.0165647 0.0153604 0.0137614 0.0120631 0.0104223 0.00885609 0.00739726 0.00608143 0.00493233 0.00396228 0.00317619 0.00257424 0.00213128 0.00173253 0.00120652 0.000613156 0.000215402 5.53018e-05 1.12096e-05 1.87254e-06 2.55974e-07 2.63339e-08 1.47078e-09 0 
0 0.000348229 0.00126801 0.00238956 0.00386109 0.00564452 0.00764381 0.00974899 0.0118643 0.0139413 0.015709 0.0168443 0.0174785 0.0177763 0.0178085 0.0175931 0.0171097 0.0162924 0.0150465 0.0134546 0.0118028 0.0102009 0.00866755 0.00723943 0.00595193 0.00482819 0.00388032 0.00311328 0.00252714 0.00209494 0.00169949 0.00117507 0.000591856 0.00020661 5.29081e-05 1.07245e-05 1.79388e-06 2.45697e-07 2.53322e-08 1.41809e-09 0 
0 0.000332889 0.00123422 0.00231477 0.00372273 0.00543026 0.00734454 0.00935927 0.01137 0.0133144 0.0150584 0.0162883 0.0169868 0.017312 0.0173459 0.0171097 0.0165787 0.015683 0.0143776 0.0128436 0.0112888 0.00976288 0.00829601 0.00693005 0.00569952 0.00462667 0.00372331 0.00299472 0.00244059 0.00202888 0.00163571 0.00110937 0.000545508 0.000187079 4.74968e-05 9.60759e-06 1.60932e-06 2.21093e-07 2.28823e-08 1.28623e-09 0 
0 0.000309943 0.00118485 0.0022088 0.00352476 0.00512264 0.00691444 0.00879981 0.0106733 0.0124497 0.0140638 0.0153499 0.0161493 0.0165254 0.0165647 0.0162924 0.015683 0.0146948 0.0134058 0.0120016 0.0105693 0.00914433 0.00777098 0.00649278 0.00534254 0.00434132 0.00350073 0.00282659 0.00231724 0.00193183 0.00153846 0.00101131 0.000479612 0.000160315 4.02172e-05 8.11418e-06 1.36245e-06 1.88073e-07 1.95791e-08 1.1075e-09 0 
0 0.000280207 0.00112115 0.00208037 0.00328228 0.0047441 0.00638442 0.00811039 0.00982297 0.0114283 0.0128564 0.014044 0.0148837 0.0153139 0.0153604 0.0150465 0.0143776 0.0134058 0.0122502 0.0109974 0.00969393 0.00838747 0.00712753 0.0059557 0.00490246 0.00398769 0.00322297 0.00261462 0.00215768 0.00179906 0.00140338 0.000884907 0.000401972 0.000130662 3.24084e-05 6.53466e-06 1.10262e-06 1.53344e-07 1.61001e-08 9.18839e-10 0 
0 0.000244829 0.00104332 0.00193851 0.0030119 0.00431899 0.00578786 0.00733382 0.00886743 0.0103003 0.0115554 0.0125766 0.0133153 0.0137189 0.0137614 0.0134546 0.0128436 0.0120016 0.0109974 0.00988424 0.00871347 0.00753741 0.00640314 0.00534856 0.00440167 0.00358128 0.00289919 0.00236151 0.00195718 0.00162101 0.00122733 0.000739074 0.000322428 0.000102547 2.53042e-05 5.12575e-06 8.72869e-07 1.22735e-07 1.30357e-08 7.52472e-10 0 
0 0.000205454 0.000950116 0.00179083 0.00273064 0.00387181 0.00515805 0.00651283 0.00785699 0.00911225 0.0102073 0.0110844 0.0117026 0.0120334 0.0120631 0.0118028 0.0112888 0.0105693 0.00969393 0.00871347 0.00767905 0.00663887 0.00563473 0.00470045 0.00386149 0.00313575 0.00253506 0.0020636 0.00170312 0.00138609 0.00101481 0.000589504 0.000251611 7.96961e-05 1.98158e-05 4.06562e-06 7.02241e-07 1.00132e-07 1.07752e-08 6.29472e-10 0 
0 0.000164312 0.000839504 0.00164101 0.00245469 0.00342589 0.00452607 0.0056871 0.00683967 0.00791613 0.00885467 0.00960392 0.0101266 0.0104012 0.0104223 0.0102009 0.00976288 0.00914433 0.00838747 0.00753741 0.00663887 0.00573321 0.00485643 0.00403802 0.00330086 0.00266179 0.00213162 0.00171137 0.00138233 0.00109504 0.00078623 0.000456781 0.000198545 6.45109e-05 1.64318e-05 3.43867e-06 6.0326e-07 8.7076e-08 9.46098e-09 5.56912e-10 0 
0 0.000124113 0.000710587 0.00148581 0.00219727 0.00300253 0.00391941 0.00489117 0.0058573 0.0067601 0.00754727 0.00817534 0.00861259 0.00884086 0.00885609 0.00866755 0.00829601 0.00777098 0.00712753 0.00640314 0.00563473 0.00485643 0.00409809 0.00338467 0.00273665 0.00217069 0.00169811 0.00132055 0.00102699 0.000792919 0.000578502 0.000357293 0.000167325 5.76373e-05 1.52059e-05 3.23901e-06 5.72545e-07 8.28203e-08 8.99193e-09 5.28044e-10 0 
0 8.76784e-05 0.000566696 0.00131366 0.00196399 0.00262008 0.00336145 0.00415342 0.00494372 0.00568328 0.00632844 0.00684311 0.00720097 0.00738688 0.00739726 0.00723943 0.00693005 0.00649278 0.0059557 0.00534856 0.00470045 0.00403802 0.00338467 0.0027613 0.00219079 0.00170473 0.00133395 0.00106731 0.000845143 0.000632829 0.000449303 0.000294731 0.00015417 5.7629e-05 1.57512e-05 3.37443e-06 5.91924e-07 8.45636e-08 9.05711e-09 5.24781e-10 0 
0 5.73537e-05 0.000417802 0.00110907 0.00174524 0.00229061 0.00287156 0.00349619 0.00412449 0.00471468 0.00523032 0.00564179 0.00592756 0.00607516 0.00608143 0.00595193 0.00569952 0.00534254 0.00490246 0.00440167 0.00386149 0.00330086 0.00273665 0.00219079 0.00171732 0.0014307 0.00141571 0.0015316 0.00145622 0.00106986 0.000607642 0.000308039 0.000154365 6.1369e-05 1.72471e-05 3.66714e-06 6.29853e-07 8.78875e-08 9.20509e-09 5.22666e-10 0 
0 3.44188e-05 0.000279425 0.000865972 0.00151079 0.0020097 0.00246299 0.00293685 0.00341815 0.00387408 0.00427416 0.0045939 0.00481575 0.0049295 0.00493233 0.00482819 0.00462667 0.00434132 0.00398769 0.00358128 0.00313575 0.00266179 0.00217069 0.00170473 0.0014307 0.00168081 0.0026498 0.00384551 0.00425248 0.0030103 0.00153225 0.000567049 0.000191148 6.73257e-05 1.86878e-05 3.88213e-06 6.47255e-07 8.78189e-08 8.9737e-09 4.98723e-10 0 
0 1.88047e-05 0.000166856 0.000603385 0.00122243 0.0017407 0.00213082 0.00248571 0.00283798 0.00317462 0.00347268 0.00371202 0.0038781 0.0039624 0.00396228 0.00388032 0.00372331 0.00350073 0.00322297 0.00289919 0.00253506 0.00213162 0.00169811 0.00133395 0.00141571 0.0026498 0.00553154 0.0100376 0.0111376 0.00772332 0.00353583 0.00119698 0.000303457 7.77854e-05 1.93189e-05 3.80848e-06 6.11677e-07 8.07352e-08 8.0722e-09 4.40575e-10 0 
0 9.30367e-06 8.80511e-05 0.000363948 0.000874474 0.00141776 0.00182704 0.00212854 0.00238675 0.0026237 0.00283339 0.00300271 0.0031203 0.003179 0.00317619 0.00311328 0.00299472 0.00282659 0.00261462 0.00236151 0.0020636 0.00171137 0.00132055 0.00106731 0.0015316 0.00384551 0.0100376 0.0126325 0.0129449 0.0119539 0.00645316 0.00191858 0.000443175 8.9116e-05 1.84939e-05 3.34545e-06 5.14123e-07 6.62767e-08 6.52646e-09 3.52071e-10 0 
0 4.15696e-06 4.0913e-05 0.000186828 0.000525638 0.00100696 0.00145952 0.00179171 0.00202624 0.00220612 0.00235162 0.00246511 0.00254249 0.00257954 0.00257424 0.00252714 0.00244059 0.00231724 0.00215768 0.00195718 0.00170312 0.00138233 0.00102699 0.000845143 0.00145622 0.00425248 0.0111376 0.0129449 0.0131785 0.0123618 0.00772863 0.00211306 0.000475738 8.61998e-05 1.54414e-05 2.5455e-06 3.75223e-07 4.76412e-08 4.66326e-09 2.50718e-10 0 
0 1.67667e-06 1.67755e-05 8.15151e-05 0.000258481 0.000581277 0.000985983 0.00135886 0.00163985 0.00183423 0.00196732 0.00205753 0.00211334 0.00213761 0.00213128 0.00209494 0.00202888 0.00193183 0.00179906 0.00162101 0.00138609 0.00109504 0.000792919 0.000632829 0.00106986 0.0030103 0.00772332 0.0119539 0.0123618 0.0107366 0.00482991 0.00156543 0.000352503 6.28453e-05 1.04607e-05 1.62064e-06 2.33589e-07 2.96272e-08 2.91494e-09 1.57654e-10 0 
0 6.11154e-07 6.10507e-06 3.0546e-05 0.000104266 0.000264278 0.000519379 0.000826572 0.00111992 0.00135631 0.00152644 0.00163905 0.00170579 0.0017353 0.00173253 0.00169949 0.00163571 0.00153846 0.00140338 0.00122733 0.00101481 0.00078623 0.000578502 0.000449303 0.000607642 0.00153225 0.00353583 0.00645316 0.00772863 0.00482991 0.00235014 0.000777736 0.00017967 3.33238e-05 5.49517e-06 8.43447e-07 1.22834e-07 1.58485e-08 1.58598e-09 8.70982e-11 0 
0 2.01648e-07 1.9854e-06 9.9813e-06 3.52598e-05 9.58629e-05 0.000208825 0.000375403 0.000574357 0.000772914 0.000943882 0.00107346 0.00115872 0.00120195 0.00120652 0.00117507 0.00110937 0.00101131 0.000884907 0.000739074 0.000589504 0.000456781 0.000357293 0.000294731 0.000308039 0.000567049 0.00119698 0.00191858 0.00211306 0.00156543 0.000777736 0.0002633 6.51056e-05 1.29611e-05 2.22941e-06 3.58697e-07 5.46027e-08 7.2904e-09 7.50065e-10 4.21833e-11 0 
0 6.02902e-08 5.80198e-07 2.88414e-06 1.02585e-05 2.87433e-05 6.61519e-05 0.000128296 0.000214279 0.00031495 0.000416193 0.000504245 0.000569257 0.000606038 0.000613156 0.000591856 0.000545508 0.000479612 0.000401972 0.000322428 0.000251611 0.000198545 0.000167325 0.00015417 0.000154365 0.000191148 0.000303457 0.000443175 0.000475738 0.000352503 0.00017967 6.51056e-05 1.77073e-05 3.83675e-06 7.22792e-07 1.27297e-07 2.07023e-08 2.89328e-09 3.08581e-10 1.7898e-11 0 
0 1.63242e-08 1.52791e-07 7.4391e-07 2.62017e-06 7.37341e-06 1.7315e-05 3.47842e-05 6.08754e-05 9.43003e-05 0.00013124 0.000166368 0.0001944 0.000211391 0.000215402 0.00020661 0.000187079 0.000160315 0.000130662 0.000102547 7.96961e-05 6.45109e-05 5.76373e-05 5.7629e-05 6.1369e-05 6.73257e-05 7.77854e-05 8.9116e-05 8.61998e-05 6.28453e-05 3.33238e-05 1.29611e-05 3.83675e-06 9.26704e-07 1.97977e-07 3.87365e-08 6.76418e-09 9.94451e-10 1.10555e-10 6.64842e-12 0 
0 3.98737e-09 3.62086e-08 1.71803e-07 5.93808e-07 1.65426e-06 3.88355e-06 7.87508e-06 1.40262e-05 2.22347e-05 3.17321e-05 4.11873e-05 4.90548e-05 5.40105e-05 5.53018e-05 5.29081e-05 4.74968e-05 4.02172e-05 3.24084e-05 2.53042e-05 1.98158e-05 1.64318e-05 1.52059e-05 1.57512e-05 1.72471e-05 1.86878e-05 1.93189e-05 1.84939e-05 1.54414e-05 1.04607e-05 5.49517e-06 2.22941e-06 7.22792e-07 1.97977e-07 4.78425e-08 1.02708e-08 1.91506e-09 2.9646e-10 3.44631e-11 2.15655e-12 0 
0 8.70349e-10 7.66152e-09 3.53486e-08 1.19367e-07 3.26814e-07 7.58931e-07 1.53215e-06 2.7324e-06 4.35607e-06 6.26852e-06 8.21019e-06 9.85754e-06 1.09165e-05 1.12096e-05 1.07245e-05 9.60759e-06 8.11418e-06 6.53466e-06 5.12575e-06 4.06562e-06 3.43867e-06 3.23901e-06 3.37443e-06 3.66714e-06 3.88213e-06 3.80848e-06 3.34545e-06 2.5455e-06 1.62064e-06 8.43447e-07 3.58697e-07 1.27297e-07 3.87365e-08 1.02708e-08 2.37058e-09 4.68633e-10 7.63419e-11 9.29297e-12 6.06329e-13 0 
0 1.66393e-10 1.42022e-09 6.36855e-09 2.09759e-08 5.62599e-08 1.28595e-07 2.5675e-07 4.54808e-07 7.22824e-07 1.03975e-06 1.36355e-06 1.64048e-06 1.82046e-06 1.87254e-06 1.79388e-06 1.60932e-06 1.36245e-06 1.10262e-06 8.72869e-07 7.02241e-07 6.0326e-07 5.72545e-07 5.91924e-07 6.29853e-07 6.47255e-07 6.11677e-07 5.14123e-07 3.75223e-07 2.33589e-07 1.22834e-07 5.46027e-08 2.07023e-08 6.76418e-09 1.91506e-09 4.68633e-10 9.77254e-11 1.673e-11 2.1326e-12 1.45188e-13 0 
0 2.66979e-11 2.21159e-10 9.64392e-10 3.09777e-09 8.13117e-09 1.82581e-08 3.59484e-08 6.3024e-08 9.94502e-08 1.42414e-07 1.86315e-07 2.23956e-07 2.48584e-07 2.55974e-07 2.45697e-07 2.21093e-07 1.88073e-07 1.53344e-07 1.22735e-07 1.00132e-07 8.7076e-08 8.28203e-08 8.45636e-08 8.78875e-08 8.78189e-08 8.07352e-08 6.62767e-08 4.76412e-08 2.96272e-08 1.58485e-08 7.2904e-09 2.89328e-09 9.94451e-10 2.9646e-10 7.63419e-11 1.673e-11 3.00384e-12 4.00568e-13 2.84471e-14 0 
0 3.24583e-12 2.61305e-11 1.10934e-10 3.47774e-10 8.93556e-10 1.97034e-09 3.82209e-09 6.62267e-09 1.03586e-08 1.4741e-08 1.9207e-08 2.30365e-08 2.55536e-08 2.63339e-08 2.53322e-08 2.28823e-08 1.95791e-08 1.61001e-08 1.30357e-08 1.07752e-08 9.46098e-09 8.99193e-09 9.05711e-09 9.20509e-09 8.9737e-09 8.0722e-09 6.52646e-09 4.66326e-09 2.91494e-09 1.58598e-09 7.50065e-10 3.08581e-10 1.10555e-10 3.44631e-11 9.29297e-12 2.1326e-12 4.00568e-13 5.57844e-14 4.12828e-15 0 
0 2.13669e-13 1.67436e-12 6.93064e-12 2.12313e-11 5.34439e-11 1.15781e-10 2.21294e-10 3.78877e-10 5.87106e-10 8.29761e-10 1.07608e-09 1.28707e-09 1.42628e-09 1.47078e-09 1.41809e-09 1.28623e-09 1.1075e-09 9.18839e-10 7.52472e-10 6.29472e-10 5.56912e-10 5.28044e-10 5.24781e-10 5.22666e-10 4.98723e-10 4.40575e-10 3.52071e-10 2.50718e-10 1.57654e-10 8.70982e-11 4.21833e-11 1.7898e-11 6.64842e-12 2.15655e-12 6.06329e-13 1.45188e-13 2.84471e-14 4.12828e-15 3.17874e-16 0 
0 0 0 0 0 0 0 0 0 0 0 0 0 0 0 0 0 0 0 0 0 0 0 0 0 0 0 0 0 0 0 0 0 0 0 0 0 0 0 0 0 
