0 0 0 0 0 0 0 0 0 0 0 0 0 0 0 0 0 0 0 0 0 0 0 0 0 0 0 0 0 0 0 0 0 0 0 0 0 0 0 0 0 
0 1.53237e-07 1.38895e-06 6.3272e-06 2.00785e-05 4.91633e-05 9.79587e-05 0.000165213 0.000243932 0.000324461 0.000397878 0.00045774 0.000500267 0.000523779 0.000528081 0.000514006 0.000483201 0.000438062 0.000381769 0.000318303 0.000252322 0.000188773 0.000132215 8.59825e-05 5.15257e-05 2.82752e-05 1.4147e-05 6.4391e-06 2.66514e-06 1.00406e-06 3.4484e-07 1.08115e-07 3.09568e-08 8.08333e-09 1.91581e-09 4.07901e-10 7.6407e-11 1.20569e-11 1.44605e-12 9.41433e-14 0 
0 1.38895e-06 1.30044e-05 5.9688e-05 0.000184011 0.000420761 0.000758962 0.00114203 0.00150829 0.00182102 0.00206823 0.00225033 0.00237112 0.00243439 0.00244351 0.00240175 0.00231238 0.00217844 0.00200259 0.00178744 0.00153704 0.00125967 0.000970647 0.000692659 0.000450999 0.00026465 0.000138851 6.49508e-05 2.71328e-05 1.01682e-05 3.43733e-06 1.05329e-06 2.93504e-07 7.44144e-08 1.71099e-08 3.53439e-09 6.42793e-10 9.85932e-11 1.15098e-11 7.30479e-13 0 
0 6.3272e-06 5.9688e-05 0.000263559 0.000736145 0.0014521 0.00222738 0.00291261 0.00347675 0.00394045 0.00431937 0.00461457 0.00482025 0.00493111 0.00494609 0.00486957 0.00471083 0.00448262 0.00419868 0.00387062 0.00350414 0.00309649 0.00263855 0.00212614 0.00157896 0.00105145 0.000613856 0.000310433 0.000135955 5.20046e-05 1.75876e-05 5.31997e-06 1.45153e-06 3.58744e-07 8.02403e-08 1.61151e-08 2.85053e-09 4.25649e-10 4.84381e-11 3.00105e-12 0 
0 2.00785e-05 0.000184011 0.000736145 0.00174283 0.00287643 0.00387181 0.00473837 0.0055366 0.00627223 0.00691719 0.00743762 0.00780638 0.0080073 0.00803618 0.00790031 0.00761697 0.00721132 0.00671369 0.00615653 0.00557054 0.00497909 0.00438981 0.00378582 0.00312867 0.00239203 0.0016195 0.000934768 0.000451525 0.000183232 6.36108e-05 1.92995e-05 5.20675e-06 1.26231e-06 2.75849e-07 5.40379e-08 9.32125e-09 1.35811e-09 1.50961e-10 9.14771e-12 0 
0 4.91633e-05 0.000420761 0.0014521 0.00287643 0.00420488 0.00542949 0.00665373 0.00786876 0.00901231 0.0100174 0.0108274 0.0114007 0.0117134 0.0117594 0.01155 0.0111116 0.0104821 0.0097075 0.0088375 0.00792193 0.00700712 0.00613131 0.00531563 0.00454738 0.00376572 0.00289254 0.00193998 0.00107662 0.000483602 0.000178025 5.5334e-05 1.4954e-05 3.58535e-06 7.69712e-07 1.47678e-07 2.49228e-08 3.55306e-09 3.86714e-10 2.29699e-11 0 
0 9.79587e-05 0.000758962 0.00222738 0.00387181 0.00542949 0.00705895 0.00877249 0.0104826 0.0120882 0.0134963 0.0146296 0.0154313 0.0158684 0.0159331 0.015641 0.0150286 0.0141486 0.013064 0.0118433 0.0105546 0.00926127 0.00801915 0.00687283 0.00584794 0.00492939 0.0040323 0.00303451 0.00194351 0.00099449 0.000400588 0.000130584 3.58836e-05 8.5881e-06 1.82255e-06 3.44038e-07 5.70134e-08 7.97753e-09 8.52495e-10 4.97555e-11 0 
0 0.000165213 0.00114203 0.00291261 0.00473837 0.00665373 0.00877249 0.0110113 0.0132405 0.0153302 0.0171612 0.0186339 0.0196752 0.0202427 0.0203263 0.0199465 0.0191505 0.0180063 0.0165957 0.0150067 0.0133268 0.0116371 0.0100084 0.00849836 0.0071497 0.00598205 0.0049621 0.00396371 0.00283622 0.00165538 0.000744289 0.000259777 7.3667e-05 1.77674e-05 3.75093e-06 6.99883e-07 1.14318e-07 1.57501e-08 1.65721e-09 9.52828e-11 0 
0 0.000243932 0.00150829 0.00347675 0.0055366 0.00786876 0.0104826 0.0132405 0.0159833 0.0185526 0.0208027 0.0226117 0.0238902 0.0245865 0.0246879 0.0242199 0.0232408 0.0218339 0.0200993 0.0181448 0.0160772 0.0139956 0.0119854 0.010116 0.00843905 0.00698815 0.00576508 0.00469403 0.0035893 0.00233486 0.00117421 0.000444394 0.000131601 3.2255e-05 6.81329e-06 1.26212e-06 2.03927e-07 2.77519e-08 2.88326e-09 1.6373e-10 0 
0 0.000324461 0.00182102 0.00394045 0.00627223 0.00901231 0.0120882 0.0153302 0.0185526 0.0215699 0.0242114 0.0263347 0.0278358 0.0286534 0.028771 0.0282179 0.0270643 0.0254099 0.0233718 0.0210754 0.0186457 0.0161982 0.0138327 0.0116293 0.00964723 0.00792585 0.00648175 0.00527961 0.00416637 0.00292386 0.0016224 0.000667058 0.000207646 5.20264e-05 1.10467e-05 2.0392e-06 3.26992e-07 4.40852e-08 4.53488e-09 2.5498e-10 0 
0 0.000397878 0.00206823 0.00431937 0.00691719 0.0100174 0.0134963 0.0171612 0.0208027 0.0242114 0.0271952 0.029595 0.0312934 0.0322182 0.0323489 0.0317187 0.0304081 0.0285328 0.0262271 0.0236314 0.0208854 0.0181187 0.0154435 0.0129494 0.0107024 0.00874554 0.00710062 0.00575385 0.00459359 0.00337842 0.00202396 0.000896895 0.000293529 7.53782e-05 1.61353e-05 2.9767e-06 4.75034e-07 6.36177e-08 6.49591e-09 3.62512e-10 0 
0 0.00045774 0.00225033 0.00461457 0.00743762 0.0108274 0.0146296 0.0186339 0.0226117 0.0263347 0.029595 0.0322177 0.0340665 0.0350636 0.0352002 0.0345162 0.0330878 0.0310353 0.0285113 0.0256737 0.0226738 0.0196515 0.0167286 0.0140026 0.0115444 0.00940005 0.00759334 0.00612009 0.0048986 0.00369929 0.00233935 0.00110134 0.000376789 9.90752e-05 2.14029e-05 3.95349e-06 6.29292e-07 8.39122e-08 8.52503e-09 4.73268e-10 0 
0 0.000500267 0.00237112 0.00482025 0.00780638 0.0114007 0.0154313 0.0196752 0.0238902 0.0278358 0.0312934 0.0340665 0.0359961 0.0370163 0.0371497 0.0364439 0.0349563 0.032791 0.0301123 0.0271014 0.0239218 0.0207199 0.0176233 0.0147348 0.0121292 0.00985408 0.00793422 0.00636937 0.00509548 0.00390148 0.00255387 0.0012555 0.000444517 0.00011919 2.59664e-05 4.80709e-06 7.64509e-07 1.0171e-07 1.03034e-08 5.70241e-10 0 
0 0.000523779 0.00243439 0.00493111 0.0080073 0.0117134 0.0158684 0.0202427 0.0245865 0.0286534 0.0322182 0.0350636 0.0370163 0.0380311 0.0381569 0.0374466 0.0359414 0.0337254 0.030964 0.0278568 0.0245789 0.02128 0.0180904 0.0151153 0.0124312 0.0100869 0.00810711 0.00649309 0.00518957 0.00399905 0.00266728 0.00134529 0.000486765 0.000132257 2.8998e-05 5.38151e-06 8.56269e-07 1.13866e-07 1.1525e-08 6.37226e-10 0 
0 0.000528081 0.00244351 0.00494609 0.00803618 0.0117594 0.0159331 0.0203263 0.0246879 0.028771 0.0323489 0.0352002 0.0371497 0.0381569 0.0382762 0.0375614 0.0360512 0.0338255 0.0310497 0.0279268 0.0246345 0.0213226 0.0181215 0.0151365 0.012444 0.0100927 0.00810694 0.00648823 0.00518383 0.0040018 0.00268487 0.00136621 0.000498491 0.000136249 2.99845e-05 5.57764e-06 8.88928e-07 1.18363e-07 1.19943e-08 6.63955e-10 0 
0 0.000514006 0.00240175 0.00486957 0.00790031 0.01155 0.015641 0.0199465 0.0242199 0.0282179 0.0317187 0.0345162 0.0364439 0.0374466 0.0375614 0.0368397 0.0353311 0.0331302 0.0304037 0.0273426 0.024116 0.020871 0.0177358 0.0148136 0.012179 0.00987957 0.00793911 0.00635829 0.00508188 0.00391583 0.0026132 0.00132113 0.000480021 0.000131068 2.88792e-05 5.38484e-06 8.60735e-07 1.14982e-07 1.16917e-08 6.4952e-10 0 
0 0.000483201 0.00231238 0.00471083 0.00761697 0.0111116 0.0150286 0.0191505 0.0232408 0.0270643 0.0304081 0.0330878 0.0349563 0.0359414 0.0360512 0.0353311 0.0338492 0.0317203 0.0291053 0.0261742 0.0230837 0.0199762 0.0169755 0.0141805 0.0116625 0.00946718 0.00761739 0.006112 0.00488818 0.00374444 0.00245941 0.00121895 0.000436529 0.000118455 2.60963e-05 4.88158e-06 7.84118e-07 1.05351e-07 1.07792e-08 6.02737e-10 0 
0 0.000438062 0.00217844 0.00448262 0.00721132 0.0104821 0.0141486 0.0180063 0.0218339 0.0254099 0.0285328 0.0310353 0.032791 0.0337254 0.0338255 0.0331302 0.0317203 0.029717 0.0272665 0.0245199 0.0216231 0.0187113 0.0159012 0.0132857 0.0109321 0.00888321 0.00716094 0.00576044 0.00460607 0.00348892 0.00223313 0.00107427 0.000376894 0.000101455 2.23698e-05 4.20837e-06 6.81487e-07 9.24193e-08 9.55056e-09 5.39534e-10 0 
0 0.000381769 0.00200259 0.00419868 0.00671369 0.0097075 0.013064 0.0165957 0.0200993 0.0233718 0.0262271 0.0285113 0.0301123 0.030964 0.0310497 0.0304037 0.0291053 0.0272665 0.0250176 0.0224955 0.0198355 0.0171627 0.0145846 0.0121867 0.0100315 0.00815937 0.00659026 0.00531293 0.00423528 0.00315079 0.00195036 0.000907211 0.000312081 8.36411e-05 1.85467e-05 3.52725e-06 5.78829e-07 7.9629e-08 8.35003e-09 4.78615e-10 0 
0 0.000318303 0.00178744 0.00387062 0.00615653 0.0088375 0.0118433 0.0150067 0.0181448 0.0210754 0.0236314 0.0256737 0.0271014 0.0278568 0.0279268 0.0273426 0.0261742 0.0245199 0.0224955 0.0202247 0.0178298 0.0154233 0.0131023 0.0109444 0.00900677 0.00732713 0.00592267 0.00477251 0.00377138 0.00273777 0.00163772 0.000742086 0.000253231 6.83641e-05 1.53993e-05 2.98537e-06 4.99817e-07 7.0124e-08 7.49186e-09 4.36947e-10 0 
0 0.000252322 0.00153704 0.00350414 0.00557054 0.00792193 0.0105546 0.0133268 0.0160772 0.0186457 0.0208854 0.0226738 0.0239218 0.0245789 0.0246345 0.024116 0.0230837 0.0216231 0.0198355 0.0178298 0.0157131 0.0135847 0.01153 0.00961818 0.00790123 0.00641362 0.0051679 0.00413426 0.00321259 0.00227383 0.00133345 0.000603836 0.00020985 5.82538e-05 1.35162e-05 2.69353e-06 4.62054e-07 6.61951e-08 7.19826e-09 4.2605e-10 0 
0 0.000188773 0.00125967 0.00309649 0.00497909 0.00700712 0.00926127 0.0116371 0.0139956 0.0161982 0.0181187 0.0196515 0.0207199 0.02128 0.0213226 0.020871 0.0199762 0.0187113 0.0171627 0.0154233 0.0135847 0.0117315 0.00993737 0.0082626 0.00675322 0.00543951 0.0043296 0.00339795 0.00258097 0.00180694 0.00107924 0.000512101 0.000188419 5.50354e-05 1.32733e-05 2.71846e-06 4.75135e-07 6.89232e-08 7.55463e-09 4.49188e-10 0 
0 0.000132215 0.000970647 0.00263855 0.00438981 0.00613131 0.00801915 0.0100084 0.0119854 0.0138327 0.0154435 0.0167286 0.0176233 0.0180904 0.0181215 0.0177358 0.0169755 0.0159012 0.0145846 0.0131023 0.01153 0.00993737 0.00838555 0.00692517 0.00559635 0.00442875 0.0034402 0.00262997 0.00196943 0.00140713 0.000900906 0.000472718 0.000190934 5.93998e-05 1.48121e-05 3.07473e-06 5.38578e-07 7.7828e-08 8.47118e-09 4.99329e-10 0 
0 8.59825e-05 0.000692659 0.00212614 0.00378582 0.00531563 0.00687283 0.00849836 0.010116 0.0116293 0.0129494 0.0140026 0.0147348 0.0151153 0.0151365 0.0148136 0.0141805 0.0132857 0.0121867 0.0109444 0.00961818 0.0082626 0.00692517 0.0056476 0.00447556 0.00347588 0.00271526 0.00216877 0.00170825 0.0012533 0.000833143 0.000477977 0.000213499 7.05948e-05 1.79315e-05 3.70059e-06 6.3796e-07 9.0445e-08 9.65516e-09 5.58598e-10 0 
0 5.15257e-05 0.000450999 0.00157896 0.00312867 0.00454738 0.00584794 0.0071497 0.00843905 0.00964723 0.0107024 0.0115444 0.0121292 0.0124312 0.012444 0.012179 0.0116625 0.0109321 0.0100315 0.00900677 0.00790123 0.00675322 0.00559635 0.00447556 0.00350613 0.0029239 0.00289604 0.00313379 0.00297958 0.00218837 0.00123648 0.000596163 0.000257066 8.67972e-05 2.19705e-05 4.42738e-06 7.41445e-07 1.02208e-07 1.06347e-08 6.01279e-10 0 
0 2.82752e-05 0.00026465 0.00105145 0.00239203 0.00376572 0.00492939 0.00598205 0.00698815 0.00792585 0.00874554 0.00940005 0.00985408 0.0100869 0.0100927 0.00987957 0.00946718 0.00888321 0.00815937 0.00732713 0.00641362 0.00543951 0.00442875 0.00347588 0.0029239 0.00343916 0.00542211 0.00782329 0.00833927 0.00615969 0.0031353 0.00115728 0.000367821 0.000108814 2.60083e-05 4.99494e-06 8.04246e-07 1.07446e-07 1.08913e-08 6.02124e-10 0 
0 1.4147e-05 0.000138851 0.000613856 0.0016195 0.00289254 0.0040323 0.0049621 0.00576508 0.00648175 0.00710062 0.00759334 0.00793422 0.00810711 0.00810694 0.00793911 0.00761739 0.00716094 0.00659026 0.00592267 0.0051679 0.0043296 0.0034402 0.00271526 0.00289604 0.00542211 0.0112532 0.0184219 0.0209657 0.0145871 0.00723506 0.00244921 0.000614732 0.000140422 2.91266e-05 5.14017e-06 7.86562e-07 1.01856e-07 1.00955e-08 5.48047e-10 0 
0 6.4391e-06 6.49508e-05 0.000310433 0.000934768 0.00193998 0.00303451 0.00396371 0.00469403 0.00527961 0.00575385 0.00612009 0.00636937 0.00649309 0.00648823 0.00635829 0.006112 0.00576044 0.00531293 0.00477251 0.00413426 0.00339795 0.00262997 0.00216877 0.00313379 0.00782329 0.0184219 0.028898 0.030441 0.0248138 0.0118973 0.00392585 0.000905094 0.000170791 2.97674e-05 4.69347e-06 6.76643e-07 8.52161e-08 8.31509e-09 4.46259e-10 0 
0 2.66514e-06 2.71328e-05 0.000135955 0.000451525 0.00107662 0.00194351 0.00283622 0.0035893 0.00416637 0.00459359 0.0048986 0.00509548 0.00518957 0.00518383 0.00508188 0.00488818 0.00460607 0.00423528 0.00377138 0.00321259 0.00258097 0.00196943 0.00170825 0.00297958 0.00833927 0.0209657 0.030441 0.0315752 0.0275682 0.0134324 0.00432373 0.000972464 0.000168413 2.58083e-05 3.66863e-06 5.01428e-07 6.19804e-08 6.01091e-09 3.21656e-10 0 
0 1.00406e-06 1.01682e-05 5.20046e-05 0.000183232 0.000483602 0.00099449 0.00165538 0.00233486 0.00292386 0.00337842 0.00369929 0.00390148 0.00399905 0.0040018 0.00391583 0.00374444 0.00348892 0.00315079 0.00273777 0.00227383 0.00180694 0.00140713 0.0012533 0.00218837 0.00615969 0.0145871 0.0248138 0.0275682 0.0200358 0.00973062 0.00320323 0.000719859 0.000122226 1.76026e-05 2.35966e-06 3.14488e-07 3.8809e-08 3.78512e-09 2.03873e-10 0 
0 3.4484e-07 3.43733e-06 1.75876e-05 6.36108e-05 0.000178025 0.000400588 0.000744289 0.00117421 0.0016224 0.00202396 0.00233935 0.00255387 0.00266728 0.00268487 0.0026132 0.00245941 0.00223313 0.00195036 0.00163772 0.00133345 0.00107924 0.000900906 0.000833143 0.00123648 0.0031353 0.00723506 0.0118973 0.0134324 0.00973062 0.00480893 0.00159127 0.000364625 6.31539e-05 9.05786e-06 1.21862e-06 1.65359e-07 2.08283e-08 2.06899e-09 1.1323e-10 0 
0 1.08115e-07 1.05329e-06 5.31997e-06 1.92995e-05 5.5334e-05 0.000130584 0.000259777 0.000444394 0.000667058 0.000896895 0.00110134 0.0012555 0.00134529 0.00136621 0.00132113 0.00121895 0.00107427 0.000907211 0.000742086 0.000603836 0.000512101 0.000472718 0.000477977 0.000596163 0.00115728 0.00244921 0.00392585 0.00432373 0.00320323 0.00159127 0.000536989 0.000128701 2.3336e-05 3.51917e-06 5.0717e-07 7.31126e-08 9.59086e-09 9.81313e-10 5.50349e-11 0 
0 3.09568e-08 2.93504e-07 1.45153e-06 5.20675e-06 1.4954e-05 3.58836e-05 7.3667e-05 0.000131601 0.000207646 0.000293529 0.000376789 0.000444517 0.000486765 0.000498491 0.000480021 0.000436529 0.000376894 0.000312081 0.000253231 0.00020985 0.000188419 0.000190934 0.000213499 0.000257066 0.000367821 0.000614732 0.000905094 0.000972464 0.000719859 0.000364625 0.000128701 3.27653e-05 6.39843e-06 1.07692e-06 1.7521e-07 2.75297e-08 3.8062e-09 4.04443e-10 2.34072e-11 0 
0 8.08333e-09 7.44144e-08 3.58744e-07 1.26231e-06 3.58535e-06 8.5881e-06 1.77674e-05 3.2255e-05 5.20264e-05 7.53782e-05 9.90752e-05 0.00011919 0.000132257 0.000136249 0.000131068 0.000118455 0.000101455 8.36411e-05 6.83641e-05 5.82538e-05 5.50354e-05 5.93998e-05 7.05948e-05 8.67972e-05 0.000108814 0.000140422 0.000170791 0.000168413 0.000122226 6.31539e-05 2.3336e-05 6.39843e-06 1.41131e-06 2.78692e-07 5.21294e-08 8.94642e-09 1.30795e-09 1.45062e-10 8.709e-12 0 
0 1.91581e-09 1.71099e-08 8.02403e-08 2.75849e-07 7.69712e-07 1.82255e-06 3.75093e-06 6.81329e-06 1.10467e-05 1.61353e-05 2.14029e-05 2.59664e-05 2.8998e-05 2.99845e-05 2.88792e-05 2.60963e-05 2.23698e-05 1.85467e-05 1.53993e-05 1.35162e-05 1.32733e-05 1.48121e-05 1.79315e-05 2.19705e-05 2.60083e-05 2.91266e-05 2.97674e-05 2.58083e-05 1.76026e-05 9.05786e-06 3.51917e-06 1.07692e-06 2.78692e-07 6.47453e-08 1.36379e-08 2.5251e-09 3.89858e-10 4.52509e-11 2.82796e-12 0 
0 4.07901e-10 3.53439e-09 1.61151e-08 5.40379e-08 1.47678e-07 3.44038e-07 6.99883e-07 1.26212e-06 2.0392e-06 2.9767e-06 3.95349e-06 4.80709e-06 5.38151e-06 5.57764e-06 5.38484e-06 4.88158e-06 4.20837e-06 3.52725e-06 2.98537e-06 2.69353e-06 2.71846e-06 3.07473e-06 3.70059e-06 4.42738e-06 4.99494e-06 5.14017e-06 4.69347e-06 3.66863e-06 2.35966e-06 1.21862e-06 5.0717e-07 1.7521e-07 5.21294e-08 1.36379e-08 3.12879e-09 6.16992e-10 1.00379e-10 1.22063e-11 7.95633e-13 0 
0 7.6407e-11 6.42793e-10 2.85053e-09 9.32125e-09 2.49228e-08 5.70134e-08 1.14318e-07 2.03927e-07 3.26992e-07 4.75034e-07 6.29292e-07 7.64509e-07 8.56269e-07 8.88928e-07 8.60735e-07 7.84118e-07 6.81487e-07 5.78829e-07 4.99817e-07 4.62054e-07 4.75135e-07 5.38578e-07 6.3796e-07 7.41445e-07 8.04246e-07 7.86562e-07 6.76643e-07 5.01428e-07 3.14488e-07 1.65359e-07 7.31126e-08 2.75297e-08 8.94642e-09 2.5251e-09 6.16992e-10 1.28555e-10 2.19927e-11 2.80151e-12 1.90588e-13 0 
0 1.20569e-11 9.85932e-11 4.25649e-10 1.35811e-09 3.55306e-09 7.97753e-09 1.57501e-08 2.77519e-08 4.40852e-08 6.36177e-08 8.39122e-08 1.0171e-07 1.13866e-07 1.18363e-07 1.14982e-07 1.05351e-07 9.24193e-08 7.9629e-08 7.0124e-08 6.61951e-08 6.89232e-08 7.7828e-08 9.0445e-08 1.02208e-07 1.07446e-07 1.01856e-07 8.52161e-08 6.19804e-08 3.8809e-08 2.08283e-08 9.59086e-09 3.8062e-09 1.30795e-09 3.89858e-10 1.00379e-10 2.19927e-11 3.94745e-12 5.26173e-13 3.73478e-14 0 
0 1.44605e-12 1.15098e-11 4.84381e-11 1.50961e-10 3.86714e-10 8.52495e-10 1.65721e-09 2.88326e-09 4.53488e-09 6.49591e-09 8.52503e-09 1.03034e-08 1.1525e-08 1.19943e-08 1.16917e-08 1.07792e-08 9.55056e-09 8.35003e-09 7.49186e-09 7.19826e-09 7.55463e-09 8.47118e-09 9.65516e-09 1.06347e-08 1.08913e-08 1.00955e-08 8.31509e-09 6.01091e-09 3.78512e-09 2.06899e-09 9.81313e-10 4.04443e-10 1.45062e-10 4.52509e-11 1.22063e-11 2.80151e-12 5.26173e-13 7.32607e-14 5.41981e-15 0 
0 9.41433e-14 7.30479e-13 3.00105e-12 9.14771e-12 2.29699e-11 4.97555e-11 9.52828e-11 1.6373e-10 2.5498e-10 3.62512e-10 4.73268e-10 5.70241e-10 6.37226e-10 6.63955e-10 6.4952e-10 6.02737e-10 5.39534e-10 4.78615e-10 4.36947e-10 4.2605e-10 4.49188e-10 4.99329e-10 5.58598e-10 6.01279e-10 6.02124e-10 5.48047e-10 4.46259e-10 3.21656e-10 2.03873e-10 1.1323e-10 5.50349e-11 2.34072e-11 8.709e-12 2.82796e-12 7.95633e-13 1.90588e-13 3.73478e-14 5.41981e-15 4.17254e-16 0 
0 0 0 0 0 0 0 0 0 0 0 0 0 0 0 0 0 0 0 0 0 0 0 0 0 0 0 0 0 0 0 0 0 0 0 0 0 0 0 0 0 
