0 0 0 0 0 0 0 0 0 0 0 0 0 0 0 0 0 0 0 0 0 0 0 0 0 0 0 0 0 0 0 0 0 0 0 0 0 0 0 0 0 
0 8.04434e-08 7.4085e-07 3.48608e-06 1.16429e-05 3.05185e-05 6.58458e-05 0.000120692 0.000192909 0.000275153 0.000357288 0.00042932 0.000483408 0.000514658 0.000521102 0.000503352 0.000464192 0.000408187 0.000341239 0.000270003 0.000201086 0.00014009 9.072e-05 5.42941e-05 2.98884e-05 1.50849e-05 6.96867e-06 2.94602e-06 1.14068e-06 4.05087e-07 1.32136e-07 3.96273e-08 1.09243e-08 2.76247e-09 6.37329e-10 1.32682e-10 2.43945e-11 3.7905e-12 4.48859e-13 2.89162e-14 0 
0 7.4085e-07 7.09806e-06 3.43039e-05 0.000115219 0.00029582 0.000608935 0.00104373 0.00154477 0.00204188 0.00247912 0.00282401 0.00306273 0.00319234 0.00321544 0.0031375 0.00296589 0.00271017 0.00238316 0.00200284 0.00159414 0.00118875 0.000820929 0.000519338 0.000298371 0.00015485 7.24754e-05 3.06352e-05 1.17352e-05 4.0909e-06 1.30293e-06 3.80257e-07 1.01828e-07 2.49942e-08 5.59758e-09 1.1319e-09 2.02338e-10 3.06059e-11 3.53294e-12 2.2218e-13 0 
0 3.48608e-06 3.43039e-05 0.000166156 0.000538527 0.00127802 0.00235097 0.00355565 0.004686 0.00563946 0.00639469 0.00695816 0.00733789 0.00753953 0.00756934 0.00743664 0.00715395 0.00673515 0.00619253 0.00553486 0.00476942 0.00391139 0.00299977 0.00210822 0.00133162 0.000745263 0.000367282 0.000159666 6.16693e-05 2.136e-05 6.69283e-06 1.90992e-06 4.98381e-07 1.1901e-07 2.59178e-08 5.09807e-09 8.87246e-10 1.30811e-10 1.47376e-11 9.05869e-13 0 
0 1.16429e-05 0.000115219 0.000538527 0.00159196 0.00328683 0.00520217 0.006954 0.00844901 0.00971895 0.0107798 0.0116162 0.0122026 0.0125208 0.0125668 0.0123524 0.0119041 0.0112584 0.0104568 0.00953768 0.00852638 0.00742605 0.00621899 0.00489544 0.00351146 0.00222187 0.0012113 0.000564602 0.000226639 7.95651e-05 2.4835e-05 6.98447e-06 1.78521e-06 4.16254e-07 8.84012e-08 1.69544e-08 2.87851e-09 4.14413e-10 4.56464e-11 2.74668e-12 0 
0 3.05185e-05 0.00029582 0.00127802 0.00328683 0.00580571 0.00818382 0.0103172 0.0122894 0.0140986 0.0156768 0.016946 0.0178438 0.0183332 0.0184052 0.0180775 0.0173911 0.0164053 0.0151913 0.0138248 0.0123773 0.0109035 0.00942253 0.00790026 0.00626556 0.00450922 0.00280863 0.00146375 0.000633781 0.00023163 7.32704e-05 2.0526e-05 5.17442e-06 1.18376e-06 2.46056e-07 4.61492e-08 7.66316e-09 1.07976e-09 1.16516e-10 6.87667e-12 0 
0 6.58458e-05 0.000608935 0.00235097 0.00520217 0.00818382 0.0109777 0.0137185 0.0164053 0.0189199 0.0211241 0.022898 0.0241527 0.0248369 0.0249381 0.0244809 0.0235225 0.022145 0.0204474 0.0185366 0.0165184 0.0144891 0.0125236 0.0106529 0.00882948 0.00692648 0.00487638 0.00289672 0.00139657 0.000546845 0.000178875 5.05562e-05 1.26722e-05 2.86016e-06 5.84303e-07 1.07534e-07 1.75151e-08 2.42159e-09 2.56601e-10 1.48857e-11 0 
0 0.000120692 0.00104373 0.00355565 0.006954 0.0103172 0.0137185 0.0172335 0.0207237 0.0239945 0.0268603 0.0291654 0.0307952 0.0316835 0.0318143 0.0312198 0.0299739 0.0281831 0.0259753 0.0234881 0.0208587 0.0182137 0.0156617 0.013282 0.0110985 0.0090294 0.00688578 0.00459418 0.00249663 0.00107106 0.000369419 0.000106749 2.6833e-05 6.00988e-06 1.21194e-06 2.19644e-07 3.52002e-08 4.78851e-09 4.99504e-10 2.85469e-11 0 
0 0.000192909 0.00154477 0.004686 0.00844901 0.0122894 0.0164053 0.0207237 0.0250167 0.0290381 0.0325599 0.0353913 0.0373922 0.0384816 0.0386403 0.0379081 0.0363758 0.0341739 0.031459 0.0283998 0.0251637 0.0219055 0.0187589 0.0158301 0.0131856 0.010816 0.0085688 0.0061991 0.00375481 0.0017801 0.000656612 0.000196241 4.98616e-05 1.11433e-05 2.22758e-06 3.98962e-07 6.31054e-08 8.47049e-09 8.72058e-10 4.92157e-11 0 
0 0.000275153 0.00204188 0.00563946 0.00971895 0.0140986 0.0189199 0.0239945 0.0290381 0.0337607 0.0378951 0.0412174 0.0435636 0.0448391 0.0450221 0.0441594 0.0423578 0.0397705 0.036581 0.0329868 0.0291839 0.0253531 0.0216507 0.0182014 0.0150938 0.0123621 0.00992413 0.00752088 0.00494998 0.00257675 0.0010219 0.000318271 8.22428e-05 1.84253e-05 3.66498e-06 6.50819e-07 1.01908e-07 1.35345e-08 1.37879e-09 7.70259e-11 0 
0 0.000357288 0.00247912 0.00639469 0.0107798 0.0156768 0.0211241 0.0268603 0.0325599 0.0378951 0.0425638 0.0463136 0.0489596 0.0503956 0.0505974 0.0496185 0.0475798 0.0446543 0.0410493 0.0369874 0.0326894 0.028359 0.0241718 0.0202681 0.0167496 0.0136718 0.0110031 0.00853263 0.00593918 0.00333899 0.00141812 0.000461216 0.000121615 2.74028e-05 5.44028e-06 9.60657e-07 1.4933e-07 1.96759e-08 1.98843e-09 1.10223e-10 0 
0 0.00042932 0.00282401 0.00695816 0.0116162 0.016946 0.022898 0.0291654 0.0353913 0.0412174 0.0463136 0.0504044 0.0532885 0.0548506 0.0550647 0.05399 0.0517588 0.0485603 0.0446209 0.0401834 0.0354885 0.0307581 0.0261833 0.0219165 0.0180685 0.0147054 0.011824 0.00926317 0.00667316 0.00397115 0.00178645 0.000604621 0.000162717 3.69351e-05 7.33505e-06 1.29118e-06 1.99759e-07 2.61792e-08 2.63108e-09 1.45065e-10 0 
0 0.000483408 0.00306273 0.00733789 0.0122026 0.0178438 0.0241527 0.0307952 0.0373922 0.0435636 0.0489596 0.0532885 0.0563375 0.0579849 0.0582042 0.0570587 0.054689 0.0512958 0.0471191 0.0424163 0.0374418 0.0324303 0.0275837 0.0230627 0.018984 0.0154194 0.0123797 0.00973859 0.00715405 0.00442139 0.00207557 0.000725283 0.000198671 4.54326e-05 9.03829e-06 1.58929e-06 2.45296e-07 3.20534e-08 3.2117e-09 1.76562e-10 0 
0 0.000514658 0.00319234 0.00753953 0.0125208 0.0183332 0.0248369 0.0316835 0.0384816 0.0448391 0.0503956 0.0548506 0.0579849 0.0596738 0.0598911 0.0587028 0.056254 0.052752 0.0484443 0.0435963 0.03847 0.033307 0.0283147 0.0236581 0.0194569 0.015785 0.0126597 0.00997388 0.00739953 0.00467264 0.00225235 0.000804046 0.00022309 5.13391e-05 1.02397e-05 1.80185e-06 2.78075e-07 3.63219e-08 3.63785e-09 1.99938e-10 0 
0 0.000521102 0.00321544 0.00756934 0.0125668 0.0184052 0.0249381 0.0318143 0.0386403 0.0450221 0.0505974 0.0550647 0.0582042 0.0598911 0.0600999 0.0588975 0.0564303 0.0529068 0.0485762 0.0437052 0.038557 0.0333737 0.0283634 0.0236913 0.019477 0.0157944 0.0126621 0.00997965 0.00742794 0.00472773 0.00230359 0.000830475 0.000232056 5.3652e-05 1.07358e-05 1.89404e-06 2.92991e-07 3.83612e-08 3.85194e-09 2.12309e-10 0 
0 0.000503352 0.0031375 0.00743664 0.0123524 0.0180775 0.0244809 0.0312198 0.0379081 0.0441594 0.0496185 0.05399 0.0570587 0.0587028 0.0588975 0.0577089 0.0552815 0.0518204 0.0475702 0.0427925 0.0377456 0.0326668 0.0277596 0.0231859 0.0190622 0.0154605 0.0123971 0.00976765 0.00725518 0.00459981 0.00223359 0.000804574 0.000225226 5.2255e-05 1.05026e-05 1.86218e-06 2.89638e-07 3.81465e-08 3.85485e-09 2.13932e-10 0 
0 0.000464192 0.00296589 0.00715395 0.0119041 0.0173911 0.0235225 0.0299739 0.0363758 0.0423578 0.0475798 0.0517588 0.054689 0.056254 0.0564303 0.0552815 0.0529469 0.0496236 0.0455462 0.0409658 0.0361301 0.0312664 0.0265698 0.022195 0.0182537 0.0148139 0.0118857 0.00935207 0.0068958 0.00430963 0.00206138 0.00073607 0.000205802 4.79431e-05 9.70461e-06 1.73598e-06 2.72723e-07 3.63118e-08 3.71231e-09 2.08561e-10 0 
0 0.000408187 0.00271017 0.00673515 0.0112584 0.0164053 0.022145 0.0281831 0.0341739 0.0397705 0.0446543 0.0485603 0.0512958 0.052752 0.0529068 0.0518204 0.0496236 0.0465015 0.0426743 0.0383777 0.0338439 0.0292865 0.0248882 0.0207945 0.0171101 0.0138972 0.0111554 0.00874798 0.00636598 0.00388794 0.00181875 0.000642008 0.000179546 4.21731e-05 8.64677e-06 1.57076e-06 2.50991e-07 3.4024e-08 3.54363e-09 2.02872e-10 0 
0 0.000341239 0.00238316 0.00619253 0.0104568 0.0151913 0.0204474 0.0259753 0.031459 0.036581 0.0410493 0.0446209 0.0471191 0.0484443 0.0485762 0.0475702 0.0455462 0.0426743 0.0391567 0.0352095 0.0310461 0.0268627 0.0228275 0.0190743 0.0156999 0.0127585 0.010234 0.00796999 0.00568975 0.00338038 0.00154769 0.000543311 0.000153353 3.66921e-05 7.70022e-06 1.43498e-06 2.35409e-07 3.27584e-08 3.49952e-09 2.05226e-10 0 
0 0.000270003 0.00200284 0.00553486 0.00953768 0.0138248 0.0185366 0.0234881 0.0283998 0.0329868 0.0369874 0.0401834 0.0424163 0.0435963 0.0437052 0.0427925 0.0409658 0.0383777 0.0352095 0.0316553 0.0279067 0.0241402 0.0205074 0.0171296 0.0140939 0.0114438 0.00914504 0.00703586 0.00490943 0.00285013 0.00129545 0.000461115 0.000133981 3.32339e-05 7.24242e-06 1.39975e-06 2.37499e-07 3.40621e-08 3.73589e-09 2.24053e-10 0 
0 0.000201086 0.00159414 0.00476942 0.00852638 0.0123773 0.0165184 0.0208587 0.0251637 0.0291839 0.0326894 0.0354885 0.0374418 0.03847 0.038557 0.0377456 0.0361301 0.0338439 0.0310461 0.0279067 0.0245938 0.0212624 0.0180463 0.015053 0.0123581 0.00999172 0.00790896 0.00597945 0.00409466 0.00237161 0.00110673 0.000413904 0.000127442 3.3408e-05 7.63404e-06 1.53327e-06 2.68066e-07 3.93227e-08 4.38361e-09 2.65824e-10 0 
0 0.00014009 0.00118875 0.00391139 0.00742605 0.0109035 0.0144891 0.0182137 0.0219055 0.0253531 0.028359 0.0307581 0.0324303 0.033307 0.0333737 0.0326668 0.0312664 0.0292865 0.0268627 0.0241402 0.0212624 0.0183618 0.0155531 0.0129281 0.0105487 0.00843568 0.00656167 0.00487182 0.00333675 0.00200934 0.00101303 0.000415553 0.000138976 3.87371e-05 9.21545e-06 1.89561e-06 3.35526e-07 4.94369e-08 5.50598e-09 3.32358e-10 0 
0 9.072e-05 0.000820929 0.00299977 0.00621899 0.00942253 0.0125236 0.0156617 0.0187589 0.0216507 0.0241718 0.0261833 0.0275837 0.0283147 0.0283634 0.0277596 0.0265698 0.0248882 0.0228275 0.0205074 0.0180463 0.0155531 0.0131215 0.0108255 0.00871698 0.00683327 0.00520806 0.0038544 0.00273532 0.00179286 0.00101971 0.000472072 0.000172634 5.05573e-05 1.2255e-05 2.5217e-06 4.42173e-07 6.42328e-08 7.03784e-09 4.17613e-10 0 
0 5.42941e-05 0.000519338 0.00210822 0.00489544 0.00790026 0.0106529 0.013282 0.0158301 0.0182014 0.0202681 0.0219165 0.0230627 0.0236581 0.0236913 0.0231859 0.022195 0.0207945 0.0190743 0.0171296 0.015053 0.0129281 0.0108255 0.00880587 0.00694527 0.00536685 0.00418183 0.003334 0.00260581 0.00186122 0.00115393 0.000587583 0.000231107 6.96345e-05 1.67863e-05 3.3814e-06 5.77591e-07 8.16908e-08 8.72398e-09 5.05404e-10 0 
0 2.98884e-05 0.000298371 0.00133162 0.00351146 0.00626556 0.00882948 0.0110985 0.0131856 0.0150938 0.0167496 0.0180685 0.018984 0.0194569 0.019477 0.0190622 0.0182537 0.0171101 0.0156999 0.0140939 0.0123581 0.0105487 0.00871698 0.00694527 0.00543755 0.00455455 0.00452713 0.00490326 0.00466218 0.00342116 0.00191577 0.000873568 0.000329635 9.69656e-05 2.24749e-05 4.33528e-06 7.1263e-07 9.7508e-08 1.01145e-08 5.71043e-10 0 
0 1.50849e-05 0.00015485 0.000745263 0.00222187 0.00450922 0.00692648 0.0090294 0.010816 0.0123621 0.0136718 0.0147054 0.0154194 0.015785 0.0157944 0.0154605 0.0148139 0.0138972 0.0127585 0.0114438 0.00999172 0.00843568 0.00683327 0.00536685 0.00455455 0.00538126 0.00848654 0.0122448 0.0130505 0.00964102 0.00490699 0.00180281 0.000539565 0.000137507 2.87957e-05 5.14267e-06 8.02751e-07 1.05979e-07 1.06886e-08 5.89282e-10 0 
0 6.96867e-06 7.24754e-05 0.000367282 0.0012113 0.00280863 0.00487638 0.00688578 0.0085688 0.00992413 0.0110031 0.011824 0.0123797 0.0126597 0.0126621 0.0123971 0.0118857 0.0111554 0.010234 0.00914504 0.00790896 0.00656167 0.00520806 0.00418183 0.00452713 0.00848654 0.0176132 0.0280162 0.0308552 0.0227733 0.0113242 0.00383297 0.000949696 0.000196219 3.48701e-05 5.53091e-06 8.0621e-07 1.02603e-07 1.0104e-08 5.46671e-10 0 
0 2.94602e-06 3.06352e-05 0.000159666 0.000564602 0.00146375 0.00289672 0.00459418 0.0061991 0.00752088 0.00853263 0.00926317 0.00973859 0.00997388 0.00997965 0.00976765 0.00935207 0.00874798 0.00796999 0.00703586 0.00597945 0.00487182 0.0038544 0.003334 0.00490326 0.0122448 0.0280162 0.0457615 0.0505612 0.0375813 0.0185489 0.00614462 0.0014123 0.00025169 3.79965e-05 5.25626e-06 7.07861e-07 8.70368e-08 8.42727e-09 4.50681e-10 0 
0 1.14068e-06 1.17352e-05 6.16693e-05 0.000226639 0.000633781 0.00139657 0.00249663 0.00375481 0.00494998 0.00593918 0.00667316 0.00715405 0.00739953 0.00742794 0.00725518 0.0068958 0.00636598 0.00568975 0.00490943 0.00409466 0.00333675 0.00273532 0.00260581 0.00466218 0.0130505 0.0308552 0.0505612 0.0553028 0.0419174 0.0205529 0.0067674 0.00151946 0.00025267 3.41808e-05 4.23082e-06 5.32363e-07 6.38798e-08 6.14174e-09 3.27515e-10 0 
0 4.05087e-07 4.0909e-06 2.136e-05 7.95651e-05 0.00023163 0.000546845 0.00107106 0.0017801 0.00257675 0.00333899 0.00397115 0.00442139 0.00467264 0.00472773 0.00459981 0.00430963 0.00388794 0.00338038 0.00285013 0.00237161 0.00200934 0.00179286 0.00186122 0.00342116 0.00964102 0.0227733 0.0375813 0.0419174 0.0308556 0.0152295 0.00501357 0.0011235 0.000183014 2.35231e-05 2.75401e-06 3.3631e-07 4.02072e-08 3.88768e-09 2.08726e-10 0 
0 1.32136e-07 1.30293e-06 6.69283e-06 2.4835e-05 7.32704e-05 0.000178875 0.000369419 0.000656612 0.0010219 0.00141812 0.00178645 0.00207557 0.00225235 0.00230359 0.00223359 0.00206138 0.00181875 0.00154769 0.00129545 0.00110673 0.00101303 0.00101971 0.00115393 0.00191577 0.00490699 0.0113242 0.0185489 0.0205529 0.0152295 0.00752683 0.00249006 0.000565577 9.28519e-05 1.19203e-05 1.41175e-06 1.76625e-07 2.16229e-08 2.13189e-09 1.16353e-10 0 
0 3.96273e-08 3.80257e-07 1.90992e-06 6.98447e-06 2.0526e-05 5.05562e-05 0.000106749 0.000196241 0.000318271 0.000461216 0.000604621 0.000725283 0.000804046 0.000830475 0.000804574 0.00073607 0.000642008 0.000543311 0.000461115 0.000413904 0.000415553 0.000472072 0.000587583 0.000873568 0.00180281 0.00383297 0.00614462 0.0067674 0.00501357 0.00249006 0.000837003 0.000195456 3.30465e-05 4.46082e-06 5.7373e-07 7.7514e-08 9.95608e-09 1.01309e-09 5.66938e-11 0 
0 1.09243e-08 1.01828e-07 4.98381e-07 1.78521e-06 5.17442e-06 1.26722e-05 2.6833e-05 4.98616e-05 8.22428e-05 0.000121615 0.000162717 0.000198671 0.00022309 0.000232056 0.000225226 0.000205802 0.000179546 0.000153353 0.000133981 0.000127442 0.000138976 0.000172634 0.000231107 0.000329635 0.000539565 0.000949696 0.0014123 0.00151946 0.0011235 0.000565577 0.000195456 4.7393e-05 8.52459e-06 1.29025e-06 1.92002e-07 2.89166e-08 3.94772e-09 4.18014e-10 2.41532e-11 0 
0 2.76247e-09 2.49942e-08 1.1901e-07 4.16254e-07 1.18376e-06 2.86016e-06 6.00988e-06 1.11433e-05 1.84253e-05 2.74028e-05 3.69351e-05 4.54326e-05 5.13391e-05 5.3652e-05 5.2255e-05 4.79431e-05 4.21731e-05 3.66921e-05 3.32339e-05 3.3408e-05 3.87371e-05 5.05573e-05 6.96345e-05 9.69656e-05 0.000137507 0.000196219 0.00025169 0.00025267 0.000183014 9.28519e-05 3.30465e-05 8.52459e-06 1.72949e-06 3.13626e-07 5.55424e-08 9.32947e-09 1.35554e-09 1.50035e-10 8.9966e-12 0 
0 6.37329e-10 5.59758e-09 2.59178e-08 8.84012e-08 2.46056e-07 5.84303e-07 1.21194e-06 2.22758e-06 3.66498e-06 5.44028e-06 7.33505e-06 9.03829e-06 1.02397e-05 1.07358e-05 1.05026e-05 9.70461e-06 8.64677e-06 7.70022e-06 7.24242e-06 7.63404e-06 9.21545e-06 1.2255e-05 1.67863e-05 2.24749e-05 2.87957e-05 3.48701e-05 3.79965e-05 3.41808e-05 2.35231e-05 1.19203e-05 4.46082e-06 1.29025e-06 3.13626e-07 6.94568e-08 1.42844e-08 2.62276e-09 4.03877e-10 4.68221e-11 2.92349e-12 0 
0 1.32682e-10 1.1319e-09 5.09807e-09 1.69544e-08 4.61492e-08 1.07534e-07 2.19644e-07 3.98962e-07 6.50819e-07 9.60657e-07 1.29118e-06 1.58929e-06 1.80185e-06 1.89404e-06 1.86218e-06 1.73598e-06 1.57076e-06 1.43498e-06 1.39975e-06 1.53327e-06 1.89561e-06 2.5217e-06 3.3814e-06 4.33528e-06 5.14267e-06 5.53091e-06 5.25626e-06 4.23082e-06 2.75401e-06 1.41175e-06 5.7373e-07 1.92002e-07 5.55424e-08 1.42844e-08 3.2528e-09 6.39745e-10 1.03965e-10 1.26331e-11 8.22885e-13 0 
0 2.43945e-11 2.02338e-10 8.87246e-10 2.87851e-09 7.66316e-09 1.75151e-08 3.52002e-08 6.31054e-08 1.01908e-07 1.4933e-07 1.99759e-07 2.45296e-07 2.78075e-07 2.92991e-07 2.89638e-07 2.72723e-07 2.50991e-07 2.35409e-07 2.37499e-07 2.68066e-07 3.35526e-07 4.42173e-07 5.77591e-07 7.1263e-07 8.02751e-07 8.0621e-07 7.07861e-07 5.32363e-07 3.3631e-07 1.76625e-07 7.7514e-08 2.89166e-08 9.32947e-09 2.62276e-09 6.39745e-10 1.33192e-10 2.27743e-11 2.89966e-12 1.97165e-13 0 
0 3.7905e-12 3.06059e-11 1.30811e-10 4.14413e-10 1.07976e-09 2.42159e-09 4.78851e-09 8.47049e-09 1.35345e-08 1.96759e-08 2.61792e-08 3.20534e-08 3.63219e-08 3.83612e-08 3.81465e-08 3.63118e-08 3.4024e-08 3.27584e-08 3.40621e-08 3.93227e-08 4.94369e-08 6.42328e-08 8.16908e-08 9.7508e-08 1.05979e-07 1.02603e-07 8.70368e-08 6.38798e-08 4.02072e-08 2.16229e-08 9.95608e-09 3.94772e-09 1.35554e-09 4.03877e-10 1.03965e-10 2.27743e-11 4.08675e-12 5.44578e-13 3.86404e-14 0 
0 4.48859e-13 3.53294e-12 1.47376e-11 4.56464e-11 1.16516e-10 2.56601e-10 4.99504e-10 8.72058e-10 1.37879e-09 1.98843e-09 2.63108e-09 3.2117e-09 3.63785e-09 3.85194e-09 3.85485e-09 3.71231e-09 3.54363e-09 3.49952e-09 3.73589e-09 4.38361e-09 5.50598e-09 7.03784e-09 8.72398e-09 1.01145e-08 1.06886e-08 1.0104e-08 8.42727e-09 6.14174e-09 3.88768e-09 2.13189e-09 1.01309e-09 4.18014e-10 1.50035e-10 4.68221e-11 1.26331e-11 2.89966e-12 5.44578e-13 7.58118e-14 5.60726e-15 0 
0 2.89162e-14 2.2218e-13 9.05869e-13 2.74668e-12 6.87667e-12 1.48857e-11 2.85469e-11 4.92157e-11 7.70259e-11 1.10223e-10 1.45065e-10 1.76562e-10 1.99938e-10 2.12309e-10 2.13932e-10 2.08561e-10 2.02872e-10 2.05226e-10 2.24053e-10 2.65824e-10 3.32358e-10 4.17613e-10 5.05404e-10 5.71043e-10 5.89282e-10 5.46671e-10 4.50681e-10 3.27515e-10 2.08726e-10 1.16353e-10 5.66938e-11 2.41532e-11 8.9966e-12 2.92349e-12 8.22885e-13 1.97165e-13 3.86404e-14 5.60726e-15 4.31636e-16 0 
0 0 0 0 0 0 0 0 0 0 0 0 0 0 0 0 0 0 0 0 0 0 0 0 0 0 0 0 0 0 0 0 0 0 0 0 0 0 0 0 0 
