0 0 0 0 0 0 0 0 0 0 0 0 0 0 0 0 0 0 0 0 0 0 0 0 0 0 0 0 0 0 0 0 0 0 0 0 0 0 0 0 0 
0 1.14351e-07 9.77656e-07 3.9686e-06 1.05987e-05 2.09719e-05 3.3286e-05 4.5177e-05 5.51139e-05 6.26473e-05 6.79793e-05 7.15222e-05 7.36609e-05 7.46746e-05 7.47356e-05 7.39286e-05 7.22679e-05 6.97089e-05 6.61609e-05 6.15156e-05 5.56965e-05 4.87302e-05 4.08194e-05 3.23875e-05 2.40534e-05 1.65146e-05 1.03566e-05 5.87039e-06 2.98411e-06 1.35426e-06 5.4793e-07 1.97798e-07 6.38031e-08 1.84003e-08 4.73339e-09 1.07761e-09 2.13126e-10 3.51388e-11 4.36578e-12 2.92412e-13 0 
0 9.77656e-07 8.31079e-06 3.12364e-05 7.12873e-05 0.000114162 0.000145358 0.000163156 0.000172944 0.000179459 0.000184812 0.000189353 0.000192741 0.000194567 0.000194619 0.000192949 0.000189856 0.000185808 0.000181318 0.000176749 0.000172056 0.000166524 0.000158634 0.000146323 0.000127867 0.000103245 7.5117e-05 4.81975e-05 2.6875e-05 1.29437e-05 5.39409e-06 1.95843e-06 6.24653e-07 1.76188e-07 4.40475e-08 9.71525e-09 1.8597e-09 2.96867e-10 3.57537e-11 2.32524e-12 0 
0 3.9686e-06 3.12364e-05 9.68722e-05 0.000167957 0.000208147 0.000226832 0.000243066 0.00026319 0.000285719 0.000307515 0.000325968 0.000339339 0.000346663 0.000347627 0.00034248 0.000331951 0.000317166 0.000299587 0.000280949 0.000263188 0.000248236 0.000237503 0.000230867 0.000225335 0.000214396 0.000190172 0.000149557 9.98643e-05 5.51911e-05 2.51407e-05 9.55605e-06 3.08986e-06 8.65106e-07 2.12062e-07 4.55673e-08 8.47436e-09 1.31354e-09 1.53721e-10 9.72798e-12 0 
0 1.05987e-05 7.12873e-05 0.000167957 0.000226172 0.000255576 0.000291031 0.000337661 0.000389065 0.000439264 0.000484024 0.000520321 0.000546081 0.000560123 0.000562141 0.000552642 0.00053284 0.000504511 0.000469824 0.000431189 0.000391158 0.00035241 0.000317854 0.000290625 0.000273385 0.00026604 0.00026197 0.000246303 0.000204136 0.000138633 7.40976e-05 3.11718e-05 1.06027e-05 3.01387e-06 7.34199e-07 1.54991e-07 2.81632e-08 4.25654e-09 4.85661e-10 2.99928e-11 0 
0 2.09719e-05 0.000114162 0.000208147 0.000255576 0.00030941 0.000382732 0.00046588 0.000550475 0.000630406 0.000700703 0.000757357 0.000797461 0.000819329 0.000822546 0.000807902 0.000777235 0.000733206 0.000679025 0.000618179 0.000554178 0.000490382 0.000429949 0.00037602 0.000332134 0.000302288 0.000288836 0.000286387 0.000275198 0.000229684 0.000150581 7.40083e-05 2.76417e-05 8.203e-06 2.0196e-06 4.23198e-07 7.56514e-08 1.12048e-08 1.25139e-09 7.56689e-11 0 
0 3.3286e-05 0.000145358 0.000226832 0.000291031 0.000382732 0.00049404 0.000613641 0.000733242 0.000845549 0.000944046 0.00102334 0.00107954 0.00111043 0.00111505 0.00109434 0.00105129 0.000989673 0.000913805 0.000828419 0.000738273 0.000647818 0.000560992 0.000481189 0.000411509 0.000355448 0.000317524 0.000301106 0.000299618 0.000285931 0.000227262 0.000134275 5.71463e-05 1.82159e-05 4.61527e-06 9.70718e-07 1.71965e-07 2.50925e-08 2.75469e-09 1.63672e-10 0 
0 4.5177e-05 0.000163156 0.000243066 0.000337661 0.00046588 0.000613641 0.000770221 0.000926152 0.00107233 0.00120089 0.0013108 0.00140974 0.00147745 0.00148975 0.00144426 0.00135862 0.00126236 0.00116104 0.0010497 0.000932184 0.000813997 0.000700075 0.000594483 0.000500455 0.00042082 0.000359032 0.000320053 0.000306674 0.000305935 0.000278597 0.000196151 9.6951e-05 3.39509e-05 8.99851e-06 1.91978e-06 3.39398e-07 4.90415e-08 5.314e-09 3.11331e-10 0 
0 5.51139e-05 0.000172944 0.00026319 0.000389065 0.000550475 0.000733242 0.000926152 0.00111802 0.00129908 0.00148708 0.00170019 0.00184054 0.00190028 0.00190949 0.00187467 0.00178113 0.00161008 0.00142011 0.0012699 0.00112459 0.000978964 0.000838358 0.000707596 0.000590343 0.00048931 0.000406987 0.000347166 0.000315225 0.000309669 0.000302401 0.000244636 0.000139957 5.4455e-05 1.52758e-05 3.33375e-06 5.91665e-07 8.50452e-08 9.13003e-09 5.29164e-10 0 
0 6.26473e-05 0.000179459 0.000285719 0.000439264 0.000630406 0.000845549 0.00107233 0.00129908 0.00155459 0.00184618 0.00198968 0.00205784 0.0020892 0.00209423 0.00207507 0.00202792 0.00193894 0.00175778 0.0014962 0.00130509 0.00113306 0.000967575 0.00081345 0.000674813 0.00055451 0.000454582 0.000377566 0.000328308 0.000310709 0.000309582 0.000275155 0.000178494 7.70481e-05 2.29886e-05 5.15848e-06 9.22997e-07 1.32452e-07 1.41331e-08 8.12711e-10 0 
0 6.79793e-05 0.000184812 0.000307515 0.000484024 0.000700703 0.000944046 0.00120089 0.00148708 0.00184618 0.00202676 0.00211468 0.00216295 0.00218639 0.00219019 0.00217558 0.00214085 0.00208001 0.00197607 0.00177024 0.00147724 0.00126786 0.00108025 0.000905791 0.000748617 0.000611763 0.000497102 0.000406363 0.000343198 0.000313116 0.000309937 0.000291186 0.000208165 9.84849e-05 3.11829e-05 7.20352e-06 1.30234e-06 1.87048e-07 1.98879e-08 1.13747e-09 0 
0 7.15222e-05 0.000189353 0.000325968 0.000520321 0.000757357 0.00102334 0.0013108 0.00170019 0.00198968 0.00211468 0.00218443 0.00222491 0.00224501 0.00224824 0.00223555 0.00220585 0.00215541 0.00207493 0.00193772 0.00166274 0.00137978 0.00117023 0.000979456 0.000807511 0.000657526 0.000531323 0.000430165 0.000356706 0.000316469 0.00030841 0.000298173 0.000228246 0.000116153 3.86979e-05 9.17956e-06 1.67717e-06 2.41415e-07 2.56249e-08 1.46061e-09 0 
0 7.36609e-05 0.000192741 0.000339339 0.000546081 0.000797461 0.00107954 0.00140974 0.00184054 0.00205784 0.00216295 0.00222491 0.00226171 0.00228014 0.00228305 0.00227124 0.00224389 0.00219815 0.00212723 0.00201358 0.00179747 0.0014713 0.00123321 0.00103068 0.000848413 0.000689279 0.000555082 0.000446831 0.000366523 0.000319275 0.000306623 0.000300272 0.000240026 0.00012856 4.44907e-05 1.07752e-05 1.98631e-06 2.86647e-07 3.0412e-08 1.73034e-09 0 
0 7.46746e-05 0.000194567 0.000346663 0.000560123 0.000819329 0.00111043 0.00147745 0.00190028 0.0020892 0.00218639 0.00224501 0.00228014 0.00229777 0.00230047 0.00228897 0.00226256 0.00221874 0.00215165 0.00204686 0.00185799 0.00152931 0.00126657 0.00105729 0.000869539 0.000705561 0.000567146 0.000455172 0.000371289 0.000320273 0.000304749 0.000299846 0.000245168 0.000135166 4.78454e-05 1.17386e-05 2.17685e-06 3.1482e-07 3.34109e-08 1.89993e-09 0 
0 7.47356e-05 0.000194619 0.000347627 0.000562141 0.000822546 0.00111505 0.00148975 0.00190949 0.00209423 0.00219019 0.00224824 0.00228305 0.00230047 0.00230301 0.0022914 0.00226496 0.00222121 0.00215443 0.00205061 0.00186529 0.0015368 0.00126895 0.00105878 0.000870437 0.000705966 0.000567127 0.000454759 0.000370414 0.000318747 0.000302562 0.000297899 0.000244852 0.000135991 4.84431e-05 1.19343e-05 2.21832e-06 3.21236e-07 3.41176e-08 1.94104e-09 0 
0 7.39286e-05 0.000192949 0.00034248 0.000552642 0.000807902 0.00109434 0.00144426 0.00187467 0.00207507 0.00217558 0.00223555 0.00227124 0.00228897 0.0022914 0.00227931 0.00225192 0.00220655 0.00213693 0.00202725 0.00182518 0.00149237 0.00124139 0.00103619 0.000851901 0.000691061 0.000555398 0.00044578 0.000363891 0.000314489 0.000299799 0.000294505 0.000239516 0.000131317 4.63424e-05 1.13648e-05 2.10973e-06 3.05623e-07 3.24956e-08 1.85137e-09 0 
0 7.22679e-05 0.000189856 0.000331951 0.00053284 0.000777235 0.00105129 0.00135862 0.00178113 0.00202792 0.00214085 0.00220585 0.00224389 0.00226256 0.00226496 0.00225192 0.0022225 0.00217344 0.00209691 0.00197178 0.0017256 0.00141002 0.00118765 0.000991901 0.000815774 0.000662217 0.000532929 0.000428887 0.000352125 0.00030762 0.000296117 0.000288935 0.000228896 0.00012159 4.19259e-05 1.01591e-05 1.87777e-06 2.71944e-07 2.89606e-08 1.65392e-09 0 
0 6.97089e-05 0.000185808 0.000317166 0.000504511 0.000733206 0.000989673 0.00126236 0.00161008 0.00193894 0.00208001 0.00215541 0.00219815 0.00221874 0.00222121 0.00220655 0.00217344 0.00211734 0.00202653 0.00186497 0.00156248 0.00131107 0.0011123 0.000929314 0.000764679 0.000621375 0.000501085 0.000405001 0.000335707 0.000298281 0.000290713 0.000279539 0.00021226 0.000107506 3.58374e-05 8.5358e-06 1.56813e-06 2.27031e-07 2.42354e-08 1.38899e-09 0 
0 6.61609e-05 0.000181318 0.000299587 0.000469824 0.000679025 0.000913805 0.00116104 0.00142011 0.00175778 0.00197607 0.00207493 0.00212723 0.00215165 0.00215443 0.00213693 0.00209691 0.00202653 0.00190331 0.00165755 0.00139462 0.00120073 0.00102017 0.000852441 0.00070169 0.000570761 0.000461366 0.000375054 0.000315082 0.000286049 0.000281605 0.000263579 0.000188899 9.01895e-05 2.88998e-05 6.75314e-06 1.23312e-06 1.78637e-07 1.91398e-08 1.10244e-09 0 
0 6.15156e-05 0.000176749 0.000280949 0.000431189 0.000618179 0.000828419 0.0010497 0.0012699 0.0014962 0.00177024 0.00193772 0.00201358 0.00204686 0.00205061 0.00202725 0.00197178 0.00186497 0.00165755 0.00142479 0.00124763 0.00107884 0.000916483 0.000765541 0.000630013 0.0005126 0.000415129 0.000339649 0.000289913 0.000268847 0.000264669 0.000237514 0.000158973 7.1334e-05 2.19998e-05 5.05535e-06 9.19596e-07 1.33569e-07 1.43903e-08 8.34408e-10 0 
0 5.56965e-05 0.000172056 0.000263188 0.000391158 0.000554178 0.000738273 0.000932184 0.00112459 0.00130509 0.00147724 0.00166274 0.00179747 0.00185799 0.00186529 0.00182518 0.0017256 0.00156248 0.00139462 0.00124763 0.00109912 0.000950223 0.0008065 0.000672776 0.000552699 0.000448861 0.000363291 0.000298485 0.000257866 0.000241401 0.000233395 0.000198705 0.000124601 5.31224e-05 1.59363e-05 3.62747e-06 6.60302e-07 9.64309e-08 1.04665e-08 6.11781e-10 0 
0 4.87302e-05 0.000166524 0.000248236 0.00035241 0.000490382 0.000647818 0.000813997 0.000978964 0.00113306 0.00126786 0.00137978 0.0014713 0.00152931 0.0015368 0.00149237 0.00141002 0.00131107 0.00120073 0.00107884 0.000950223 0.000820596 0.000695102 0.000577963 0.000472466 0.000381126 0.000306105 0.000249662 0.000213611 0.000195835 0.00018271 0.000149243 9.0413e-05 3.77833e-05 1.12613e-05 2.56802e-06 4.70181e-07 6.91742e-08 7.56669e-09 4.45659e-10 0 
0 4.08194e-05 0.000158634 0.000237503 0.000317854 0.000429949 0.000560992 0.000700075 0.000838358 0.000967575 0.00108025 0.00117023 0.00123321 0.00126657 0.00126895 0.00124139 0.00118765 0.0011123 0.00102017 0.000916483 0.0008065 0.000695102 0.000586561 0.000484455 0.000391761 0.000311059 0.000244445 0.000192932 0.000156458 0.00013415 0.000120235 9.90808e-05 6.21225e-05 2.6818e-05 8.16532e-06 1.8848e-06 3.47539e-07 5.13727e-08 5.64003e-09 3.33207e-10 0 
0 3.23875e-05 0.000146323 0.000230867 0.000290625 0.00037602 0.000481189 0.000594483 0.000707596 0.00081345 0.000905791 0.000979456 0.00103068 0.00105729 0.00105878 0.00103619 0.000991901 0.000929314 0.000852441 0.000765541 0.000672776 0.000577963 0.000484455 0.000395273 0.000313762 0.000244443 0.000191555 0.000153541 0.000122275 9.39379e-05 7.38325e-05 6.12256e-05 4.28001e-05 2.02702e-05 6.45777e-06 1.51116e-06 2.78484e-07 4.09429e-08 4.46617e-09 2.62226e-10 0 
0 2.40534e-05 0.000127867 0.000225335 0.000273385 0.000332134 0.000411509 0.000500455 0.000590343 0.000674813 0.000748617 0.000807511 0.000848413 0.000869539 0.000870437 0.000851901 0.000815774 0.000764679 0.00070169 0.000630013 0.000552699 0.000472466 0.000391761 0.000313762 0.000246068 0.000204906 0.000202657 0.000219224 0.000208435 0.000153165 8.74612e-05 4.79421e-05 3.15047e-05 1.67205e-05 5.65967e-06 1.33457e-06 2.42616e-07 3.50096e-08 3.75036e-09 2.16665e-10 0 
0 1.65146e-05 0.000103245 0.000214396 0.00026604 0.000302288 0.000355448 0.00042082 0.00048931 0.00055451 0.000611763 0.000657526 0.000689279 0.000705561 0.000705966 0.000691061 0.000662217 0.000621375 0.000570761 0.0005126 0.000448861 0.000381126 0.000311059 0.000244443 0.000204906 0.00024058 0.000379275 0.00068546 0.000827014 0.000449905 0.000219313 8.13799e-05 3.03138e-05 1.46752e-05 5.21544e-06 1.23148e-06 2.18856e-07 3.07501e-08 3.21437e-09 1.8179e-10 0 
0 1.03566e-05 7.5117e-05 0.000190172 0.00026197 0.000288836 0.000317524 0.000359032 0.000406987 0.000454582 0.000497102 0.000531323 0.000555082 0.000567146 0.000567127 0.000555398 0.000532929 0.000501085 0.000461366 0.000415129 0.000363291 0.000306105 0.000244445 0.000191555 0.000202657 0.000379275 0.000974405 0.00141 0.00144304 0.00130654 0.00052437 0.000171327 4.40507e-05 1.40414e-05 4.75092e-06 1.10536e-06 1.91222e-07 2.61506e-08 2.67005e-09 1.48023e-10 0 
0 5.87039e-06 4.81975e-05 0.000149557 0.000246303 0.000286387 0.000301106 0.000320053 0.000347166 0.000377566 0.000406363 0.000430165 0.000446831 0.000455172 0.000454759 0.00044578 0.000428887 0.000405001 0.000375054 0.000339649 0.000298485 0.000249662 0.000192932 0.000153541 0.000219224 0.00068546 0.00141 0.0015388 0.00155385 0.00148867 0.00115556 0.000275901 6.35736e-05 1.44235e-05 4.12174e-06 9.13929e-07 1.53324e-07 2.05022e-08 2.05752e-09 1.12481e-10 0 
0 2.98411e-06 2.6875e-05 9.98643e-05 0.000204136 0.000275198 0.000299618 0.000306674 0.000315225 0.000328308 0.000343198 0.000356706 0.000366523 0.000371289 0.000370414 0.000363891 0.000352125 0.000335707 0.000315082 0.000289913 0.000257866 0.000213611 0.000156458 0.000122275 0.000208435 0.000827014 0.00144304 0.00155385 0.00156928 0.00151619 0.00130259 0.000323931 6.8171e-05 1.34724e-05 3.25299e-06 6.6948e-07 1.08816e-07 1.4342e-08 1.42786e-09 7.76297e-11 0 
0 1.35426e-06 1.29437e-05 5.51911e-05 0.000138633 0.000229684 0.000285931 0.000305935 0.000309669 0.000310709 0.000313116 0.000316469 0.000319275 0.000320273 0.000318747 0.000314489 0.00030762 0.000298281 0.000286049 0.000268847 0.000241401 0.000195835 0.00013415 9.39379e-05 0.000153165 0.000449905 0.00130654 0.00148867 0.00151619 0.00142298 0.000859225 0.000224061 5.05846e-05 9.94625e-06 2.18929e-06 4.20386e-07 6.67977e-08 8.779e-09 8.76589e-10 4.78512e-11 0 
0 5.4793e-07 5.39409e-06 2.51407e-05 7.40976e-05 0.000150581 0.000227262 0.000278597 0.000302401 0.000309582 0.000309937 0.00030841 0.000306623 0.000304749 0.000302562 0.000299799 0.000296117 0.000290713 0.000281605 0.000264669 0.000233395 0.00018271 0.000120235 7.38325e-05 8.74612e-05 0.000219313 0.00052437 0.00115556 0.00130259 0.000859225 0.000336376 0.000111326 2.6068e-05 5.58614e-06 1.19389e-06 2.20848e-07 3.50128e-08 4.65571e-09 4.71581e-10 2.60949e-11 0 
0 1.97798e-07 1.95843e-06 9.55605e-06 3.11718e-05 7.40083e-05 0.000134275 0.000196151 0.000244636 0.000275155 0.000291186 0.000298173 0.000300272 0.000299846 0.000297899 0.000294505 0.000288935 0.000279539 0.000263579 0.000237514 0.000198705 0.000149243 9.90808e-05 6.12256e-05 4.79421e-05 8.13799e-05 0.000171327 0.000275901 0.000323931 0.000224061 0.000111326 3.78685e-05 9.98121e-06 2.41552e-06 5.18378e-07 9.63391e-08 1.56217e-08 2.13248e-09 2.21436e-10 1.25295e-11 0 
0 6.38031e-08 6.24653e-07 3.08986e-06 1.06027e-05 2.76417e-05 5.71463e-05 9.6951e-05 0.000139957 0.000178494 0.000208165 0.000228246 0.000240026 0.000245168 0.000244852 0.000239516 0.000228896 0.00021226 0.000188899 0.000158973 0.000124601 9.0413e-05 6.21225e-05 4.28001e-05 3.15047e-05 3.03138e-05 4.40507e-05 6.35736e-05 6.8171e-05 5.05846e-05 2.6068e-05 9.98121e-06 3.12846e-06 8.20446e-07 1.81907e-07 3.52297e-08 5.95881e-09 8.44628e-10 9.06851e-11 5.28534e-12 0 
0 1.84003e-08 1.76188e-07 8.65106e-07 3.01387e-06 8.203e-06 1.82159e-05 3.39509e-05 5.4455e-05 7.70481e-05 9.84849e-05 0.000116153 0.00012856 0.000135166 0.000135991 0.000131317 0.00012159 0.000107506 9.01895e-05 7.1334e-05 5.31224e-05 3.77833e-05 2.6818e-05 2.02702e-05 1.67205e-05 1.46752e-05 1.40414e-05 1.44235e-05 1.34724e-05 9.94625e-06 5.58614e-06 2.41552e-06 8.20446e-07 2.26631e-07 5.33618e-08 1.09824e-08 1.9569e-09 2.90042e-10 3.23958e-11 1.95564e-12 0 
0 4.73339e-09 4.40475e-08 2.12062e-07 7.34199e-07 2.0196e-06 4.61527e-06 8.99851e-06 1.52758e-05 2.29886e-05 3.11829e-05 3.86979e-05 4.44907e-05 4.78454e-05 4.84431e-05 4.63424e-05 4.19259e-05 3.58374e-05 2.88998e-05 2.19998e-05 1.59363e-05 1.12613e-05 8.16532e-06 6.45777e-06 5.65967e-06 5.21544e-06 4.75092e-06 4.12174e-06 3.25299e-06 2.18929e-06 1.19389e-06 5.18378e-07 1.81907e-07 5.33618e-08 1.34733e-08 2.95436e-09 5.55814e-10 8.64334e-11 1.0081e-11 6.3272e-13 0 
0 1.07761e-09 9.71525e-09 4.55673e-08 1.54991e-07 4.23198e-07 9.70718e-07 1.91978e-06 3.33375e-06 5.15848e-06 7.20352e-06 9.17956e-06 1.07752e-05 1.17386e-05 1.19343e-05 1.13648e-05 1.01591e-05 8.5358e-06 6.75314e-06 5.05535e-06 3.62747e-06 2.56802e-06 1.8848e-06 1.51116e-06 1.33457e-06 1.23148e-06 1.10536e-06 9.13929e-07 6.6948e-07 4.20386e-07 2.20848e-07 9.63391e-08 3.52297e-08 1.09824e-08 2.95436e-09 6.86804e-10 1.3628e-10 2.22584e-11 2.71584e-12 1.77608e-13 0 
0 2.13126e-10 1.8597e-09 8.47436e-09 2.81632e-08 7.56514e-08 1.71965e-07 3.39398e-07 5.91665e-07 9.22997e-07 1.30234e-06 1.67717e-06 1.98631e-06 2.17685e-06 2.21832e-06 2.10973e-06 1.87777e-06 1.56813e-06 1.23312e-06 9.19596e-07 6.60302e-07 4.70181e-07 3.47539e-07 2.78484e-07 2.42616e-07 2.18856e-07 1.91222e-07 1.53324e-07 1.08816e-07 6.67977e-08 3.50128e-08 1.56217e-08 5.95881e-09 1.9569e-09 5.55814e-10 1.3628e-10 2.84621e-11 4.87988e-12 6.23051e-13 4.2491e-14 0 
0 3.51388e-11 2.96867e-10 1.31354e-09 4.25654e-09 1.12048e-08 2.50925e-08 4.90415e-08 8.50452e-08 1.32452e-07 1.87048e-07 2.41415e-07 2.86647e-07 3.1482e-07 3.21236e-07 3.05623e-07 2.71944e-07 2.27031e-07 1.78637e-07 1.33569e-07 9.64309e-08 6.91742e-08 5.13727e-08 4.09429e-08 3.50096e-08 3.07501e-08 2.61506e-08 2.05022e-08 1.4342e-08 8.779e-09 4.65571e-09 2.13248e-09 8.44628e-10 2.90042e-10 8.64334e-11 2.22584e-11 4.87988e-12 8.76829e-13 1.17046e-13 8.32247e-15 0 
0 4.36578e-12 3.57537e-11 1.53721e-10 4.85661e-10 1.25139e-09 2.75469e-09 5.314e-09 9.13003e-09 1.41331e-08 1.98879e-08 2.56249e-08 3.0412e-08 3.34109e-08 3.41176e-08 3.24956e-08 2.89606e-08 2.42354e-08 1.91398e-08 1.43903e-08 1.04665e-08 7.56669e-09 5.64003e-09 4.46617e-09 3.75036e-09 3.21437e-09 2.67005e-09 2.05752e-09 1.42786e-09 8.76589e-10 4.71581e-10 2.21436e-10 9.06851e-11 3.23958e-11 1.0081e-11 2.71584e-12 6.23051e-13 1.17046e-13 1.63085e-14 1.20784e-15 0 
0 2.92412e-13 2.32524e-12 9.72798e-12 2.99928e-11 7.56689e-11 1.63672e-10 3.11331e-10 5.29164e-10 8.12711e-10 1.13747e-09 1.46061e-09 1.73034e-09 1.89993e-09 1.94104e-09 1.85137e-09 1.65392e-09 1.38899e-09 1.10244e-09 8.34408e-10 6.11781e-10 4.45659e-10 3.33207e-10 2.62226e-10 2.16665e-10 1.8179e-10 1.48023e-10 1.12481e-10 7.76297e-11 4.78512e-11 2.60949e-11 1.25295e-11 5.28534e-12 1.95564e-12 6.3272e-13 1.77608e-13 4.2491e-14 8.32247e-15 1.20784e-15 9.30381e-17 0 
0 0 0 0 0 0 0 0 0 0 0 0 0 0 0 0 0 0 0 0 0 0 0 0 0 0 0 0 0 0 0 0 0 0 0 0 0 0 0 0 0 
