0 0 0 0 0 0 0 0 0 0 0 0 0 0 0 0 0 0 0 0 0 0 0 0 0 0 0 0 0 0 0 0 0 0 0 0 0 0 0 0 0 
0 9.02503e-11 8.6075e-10 4.3428e-09 1.61918e-08 4.93721e-08 1.28517e-07 2.9177e-07 5.84672e-07 1.04179e-06 1.65902e-06 2.37035e-06 3.04847e-06 3.53937e-06 3.71956e-06 3.54673e-06 3.07534e-06 2.42983e-06 1.75276e-06 1.15659e-06 6.99564e-07 3.88695e-07 1.98856e-07 9.39068e-08 4.10406e-08 1.66429e-08 6.27844e-09 2.20855e-09 7.2589e-10 2.23255e-10 6.43049e-11 1.73423e-11 4.37199e-12 1.02643e-12 2.2284e-13 4.41766e-14 7.81495e-15 1.17898e-15 1.36623e-16 8.67337e-18 0 
0 8.6075e-10 8.51759e-09 4.45932e-08 1.72376e-07 5.43979e-07 1.46172e-06 3.41453e-06 7.01385e-06 1.27586e-05 2.0655e-05 2.98776e-05 3.87514e-05 4.52116e-05 4.75901e-05 4.53144e-05 3.91222e-05 3.06885e-05 2.19145e-05 1.42734e-05 8.49694e-06 4.63378e-06 2.32091e-06 1.07066e-06 4.56256e-07 1.80154e-07 6.61077e-08 2.26063e-08 7.2214e-09 2.15889e-09 6.04686e-10 1.58686e-10 3.89614e-11 8.9178e-12 1.88973e-12 3.66118e-13 6.33809e-14 9.3702e-15 1.06564e-15 6.64926e-17 0 
0 4.3428e-09 4.45932e-08 2.42315e-07 9.71323e-07 3.17256e-06 8.79819e-06 2.11341e-05 4.44524e-05 8.24236e-05 0.000135394 0.00019788 0.000258358 0.000302514 0.000318787 0.000303239 0.000260998 0.000203644 0.000144274 9.29593e-05 5.45758e-05 2.92624e-05 1.43688e-05 6.4818e-06 2.69537e-06 1.03685e-06 3.70249e-07 1.23127e-07 3.82402e-08 1.11164e-08 3.02904e-09 7.73881e-10 1.8516e-10 4.1347e-11 8.55886e-12 1.62208e-12 2.75099e-13 3.99061e-14 4.46043e-15 2.74015e-16 0 
0 1.61918e-08 1.72376e-07 9.71323e-07 4.0334e-06 1.36168e-05 3.89017e-05 9.58515e-05 0.000205759 0.000387278 0.00064244 0.000944056 0.00123546 0.00144747 0.0015253 0.00145078 0.00124834 0.000972898 0.000687197 0.000440215 0.000256062 0.000135521 6.54488e-05 2.89449e-05 1.17692e-05 4.41804e-06 1.53739e-06 4.97807e-07 1.50487e-07 4.25852e-08 1.13009e-08 2.81403e-09 6.56887e-10 1.43286e-10 2.9013e-11 5.38673e-12 8.96462e-13 1.27832e-13 1.4072e-14 8.53153e-16 0 
0 4.93721e-08 5.43979e-07 3.17256e-06 1.36168e-05 4.7385e-05 0.000138959 0.000349515 0.000760858 0.00144211 0.00239368 0.00350349 0.00455779 0.00531257 0.0055857 0.00532109 0.00460105 0.00360974 0.0025655 0.00164924 0.000958591 0.000504381 0.000240946 0.000104934 4.18652e-05 1.5379e-05 5.22731e-06 1.65145e-06 4.86851e-07 1.34354e-07 3.47839e-08 8.4567e-09 1.9294e-09 4.11863e-10 8.17343e-11 1.48979e-11 2.43848e-12 3.42687e-13 3.72616e-14 2.23696e-15 0 
0 1.28517e-07 1.46172e-06 8.79819e-06 3.89017e-05 0.000138959 0.000415969 0.00105983 0.00231527 0.00436069 0.00713325 0.010242 0.0130744 0.0150289 0.015713 0.0150275 0.0131587 0.0105168 0.00762986 0.00499642 0.00294222 0.00155703 0.000742442 0.000320589 0.000126146 4.55271e-05 1.51646e-05 4.68771e-06 1.35117e-06 3.64519e-07 9.22917e-08 2.19596e-08 4.90859e-09 1.028e-09 2.00474e-10 3.59758e-11 5.8099e-12 8.07546e-13 8.70852e-14 5.20113e-15 0 
0 2.9177e-07 3.41453e-06 2.11341e-05 9.58515e-05 0.000349515 0.00105983 0.00270557 0.00584322 0.0107347 0.0169594 0.0234422 0.0289343 0.0324971 0.0336692 0.0323999 0.0289552 0.0238828 0.017992 0.0122346 0.0074379 0.00402423 0.0019403 0.000838704 0.000327755 0.000116825 3.82926e-05 1.16234e-05 3.2863e-06 8.69397e-07 2.15919e-07 5.04332e-08 1.10795e-08 2.28398e-09 4.39249e-10 7.79088e-11 1.24683e-11 1.72259e-12 1.85285e-13 1.10806e-14 0 
0 5.84672e-07 7.01385e-06 4.44524e-05 0.000205759 0.000760858 0.00231527 0.00584322 0.0122564 0.0215213 0.0322149 0.0422469 0.049971 0.0546035 0.0559853 0.0542438 0.049629 0.0425398 0.0336789 0.0241842 0.0154763 0.0087238 0.00432126 0.00189251 0.000740933 0.000262497 8.509e-05 2.54694e-05 7.09081e-06 1.84639e-06 4.51484e-07 1.03919e-07 2.25278e-08 4.59102e-09 8.74886e-10 1.54197e-10 2.46035e-11 3.40219e-12 3.67874e-13 2.22197e-14 0 
0 1.04179e-06 1.27586e-05 8.24236e-05 0.000387278 0.00144211 0.00436069 0.0107347 0.0215213 0.03559 0.0500163 0.0620999 0.0705799 0.0753063 0.0765385 0.0745613 0.0695773 0.0617432 0.0513479 0.039157 0.0266958 0.0159264 0.00823219 0.00370031 0.0014655 0.000519752 0.000167556 4.96943e-05 1.36845e-05 3.52285e-06 8.51993e-07 1.94182e-07 4.17568e-08 8.46175e-09 1.60832e-09 2.83781e-10 4.55281e-11 6.36114e-12 6.98551e-13 4.3064e-14 0 
0 1.65902e-06 2.0655e-05 0.000135394 0.00064244 0.00239368 0.00713325 0.0169594 0.0322149 0.0500163 0.0663055 0.0787424 0.0869403 0.0912979 0.0922677 0.0901761 0.0852186 0.0774648 0.0669137 0.0537706 0.0390251 0.0248011 0.0135195 0.00630546 0.00254944 0.000911709 0.000294033 8.68649e-05 2.37816e-05 6.0848e-06 1.46379e-06 3.32421e-07 7.14097e-08 1.45047e-08 2.77499e-09 4.95268e-10 8.0808e-11 1.15453e-11 1.30292e-12 8.285e-14 0 
0 2.37035e-06 2.98776e-05 0.00019788 0.000944056 0.00350349 0.010242 0.0234422 0.0422469 0.0620999 0.0787424 0.0907635 0.0984866 0.102514 0.103285 0.101101 0.0961795 0.0886359 0.078427 0.0654364 0.0499855 0.0336868 0.0194094 0.00944907 0.00392689 0.00142501 0.000462469 0.000136877 3.74809e-05 9.59409e-06 2.31278e-06 5.27782e-07 1.14369e-07 2.35469e-08 4.59173e-09 8.40264e-10 1.41362e-10 2.09194e-11 2.45161e-12 1.61907e-13 0 
0 3.04847e-06 3.87514e-05 0.000258358 0.00123546 0.00455779 0.0130744 0.0289343 0.049971 0.0705799 0.0869403 0.0984866 0.105887 0.109733 0.110388 0.108121 0.103175 0.0957406 0.0858504 0.0733225 0.0580611 0.0409979 0.0248182 0.0126075 0.00540232 0.00199886 0.000656478 0.000195908 5.40523e-05 1.39613e-05 3.40669e-06 7.90488e-07 1.75163e-07 3.71125e-08 7.4949e-09 1.42808e-09 2.51022e-10 3.88398e-11 4.74818e-12 3.25492e-13 0 
0 3.53937e-06 4.52116e-05 0.000302514 0.00144747 0.00531257 0.0150289 0.0324971 0.0546035 0.0753063 0.0912979 0.102514 0.109733 0.113487 0.114079 0.111756 0.106781 0.0994004 0.0897288 0.0776305 0.06285 0.0458312 0.0288232 0.0151911 0.00670798 0.00253863 0.000848576 0.000257316 7.22323e-05 1.9051e-05 4.77283e-06 1.14477e-06 2.6411e-07 5.86451e-08 1.24694e-08 2.50529e-09 4.63379e-10 7.50383e-11 9.52688e-12 6.72232e-13 0 
0 3.71956e-06 4.75901e-05 0.000318787 0.0015253 0.0055857 0.015713 0.0336692 0.0559853 0.0765385 0.0922677 0.103285 0.110388 0.114079 0.114636 0.1123 0.107343 0.10004 0.0905559 0.0788124 0.0645375 0.0479466 0.0309213 0.0167603 0.00760484 0.00295127 0.00101094 0.000314747 9.11332e-05 2.49615e-05 6.54761e-06 1.6578e-06 4.06352e-07 9.61525e-08 2.17556e-08 4.62481e-09 8.97022e-10 1.50723e-10 1.96426e-11 1.40866e-12 0 
0 3.54673e-06 4.53144e-05 0.000303239 0.00145078 0.00532109 0.0150275 0.0323999 0.0542438 0.0745613 0.0901761 0.101101 0.108121 0.111756 0.1123 0.11 0.105131 0.0979702 0.088698 0.0772728 0.0634705 0.0474875 0.0310213 0.0171381 0.00796838 0.00318365 0.00112875 0.000366332 0.000111574 3.24724e-05 9.1342e-06 2.49456e-06 6.59861e-07 1.67605e-07 4.03014e-08 8.9901e-09 1.8057e-09 3.10343e-10 4.09333e-11 2.94549e-12 0 
0 3.07534e-06 3.91222e-05 0.000260998 0.00124834 0.00460105 0.0131587 0.0289552 0.049629 0.0695773 0.0852186 0.0961795 0.103175 0.106781 0.107343 0.105131 0.100417 0.0934654 0.0844424 0.0733277 0.059992 0.0447696 0.02933 0.0164095 0.0078207 0.00324363 0.00120928 0.00041825 0.000137547 4.36789e-05 1.34697e-05 4.02126e-06 1.15121e-06 3.11848e-07 7.86752e-08 1.81285e-08 3.71041e-09 6.42665e-10 8.46893e-11 6.04915e-12 0 
0 2.42983e-06 3.06885e-05 0.000203644 0.000972898 0.00360974 0.0105168 0.0238828 0.0425398 0.0617432 0.0774648 0.0886359 0.0957406 0.0994004 0.10004 0.0979702 0.0934654 0.0867645 0.0780128 0.0672226 0.0544257 0.0402057 0.0262546 0.0148583 0.0073076 0.0031961 0.00128319 0.00048683 0.000177881 6.29964e-05 2.15216e-05 7.01137e-06 2.1482e-06 6.1052e-07 1.58731e-07 3.7138e-08 7.62902e-09 1.31469e-09 1.71275e-10 1.20408e-11 0 
0 1.75276e-06 2.19145e-05 0.000144274 0.000687197 0.0025655 0.00762986 0.017992 0.0336789 0.0513479 0.0669137 0.078427 0.0858504 0.0897288 0.0905559 0.088698 0.0844424 0.0780128 0.0695544 0.0591698 0.0471367 0.0343194 0.0223357 0.0128758 0.00664012 0.00313969 0.00139972 0.000600155 0.000248889 9.90771e-05 3.73005e-05 1.30721e-05 4.20774e-06 1.23083e-06 3.23991e-07 7.57932e-08 1.54262e-08 2.6171e-09 3.34234e-10 2.2973e-11 0 
0 1.15659e-06 1.42734e-05 9.29593e-05 0.000440215 0.00164924 0.00499642 0.0122346 0.0241842 0.039157 0.0537706 0.0654364 0.0733225 0.0776305 0.0788124 0.0772728 0.0733277 0.0672226 0.0591698 0.0494539 0.0386421 0.0277703 0.0181713 0.0108585 0.00602597 0.00317812 0.00162082 0.000801515 0.000379639 0.000168753 6.89721e-05 2.552e-05 8.46539e-06 2.50325e-06 6.5665e-07 1.51548e-07 3.02266e-08 5.00434e-09 6.22246e-10 4.15972e-11 0 
0 6.99564e-07 8.49694e-06 5.45758e-05 0.000256062 0.000958591 0.00294222 0.0074379 0.0154763 0.0266958 0.0390251 0.0499855 0.0580611 0.06285 0.0645375 0.0634705 0.059992 0.0544257 0.0471367 0.0386421 0.0297107 0.0213086 0.0143029 0.00911015 0.00561479 0.00339754 0.00201786 0.00115626 0.00062173 0.000304736 0.000133066 5.10756e-05 1.71541e-05 5.04406e-06 1.29974e-06 2.92424e-07 5.66146e-08 9.08026e-09 1.09325e-09 7.08009e-11 0 
0 3.88695e-07 4.63378e-06 2.92624e-05 0.000135521 0.000504381 0.00155703 0.00402423 0.0087238 0.0159264 0.0248011 0.0336868 0.0409979 0.0458312 0.0479466 0.0474875 0.0447696 0.0402057 0.0343194 0.0277703 0.0213086 0.0156134 0.0110897 0.00778241 0.00547167 0.00385174 0.00266594 0.00175811 0.00106394 0.00056982 0.000262843 0.000103115 3.44642e-05 9.90835e-06 2.47235e-06 5.36279e-07 9.99597e-08 1.54404e-08 1.7928e-09 1.12186e-10 0 
0 1.98856e-07 2.32091e-06 1.43688e-05 6.54488e-05 0.000240946 0.000742442 0.0019403 0.00432126 0.00823219 0.0135195 0.0194094 0.0248182 0.0288232 0.0309213 0.0310213 0.02933 0.0262546 0.0223357 0.0181713 0.0143029 0.0110897 0.00864511 0.00687433 0.00557725 0.00454687 0.00362757 0.00273608 0.00186792 0.00109894 0.00053477 0.000211518 6.87047e-05 1.88244e-05 4.45758e-06 9.20288e-07 1.63926e-07 2.42828e-08 2.71274e-09 1.63846e-10 0 
0 9.39068e-08 1.07066e-06 6.4818e-06 2.89449e-05 0.000104934 0.000320589 0.000838704 0.00189251 0.00370031 0.00630546 0.00944907 0.0126075 0.0151911 0.0167603 0.0171381 0.0164095 0.0148583 0.0128758 0.0108585 0.00911015 0.00778241 0.00687433 0.00627888 0.00584769 0.00545693 0.00503231 0.00446037 0.00355755 0.00234899 0.00120709 0.000471548 0.000142774 3.53894e-05 7.61436e-06 1.4597e-06 2.45978e-07 3.4835e-08 3.7426e-09 2.18339e-10 0 
0 4.10406e-08 4.56256e-07 2.69537e-06 1.17692e-05 4.18652e-05 0.000126146 0.000327755 0.000740933 0.0014655 0.00254944 0.00392689 0.00540232 0.00670798 0.00760484 0.00796838 0.0078207 0.0073076 0.00664012 0.00602597 0.00561479 0.00547167 0.00557725 0.00584769 0.00621318 0.00680968 0.00792401 0.00907195 0.00871351 0.00629097 0.00327601 0.00122148 0.000331728 6.98805e-05 1.267e-05 2.13782e-06 3.33508e-07 4.49627e-08 4.65182e-09 2.62818e-10 0 
0 1.66429e-08 1.80154e-07 1.03685e-06 4.41804e-06 1.5379e-05 4.55271e-05 0.000116825 0.000262497 0.000519752 0.000911709 0.00142501 0.00199886 0.00253863 0.00295127 0.00318365 0.00324363 0.0031961 0.00313969 0.00317812 0.00339754 0.00385174 0.00454687 0.00545693 0.00680968 0.00986328 0.0162154 0.0234883 0.025041 0.0184885 0.00935519 0.00327638 0.000805794 0.00014463 2.11266e-05 2.9242e-06 4.05477e-07 5.15687e-08 5.14979e-09 2.83043e-10 0 
0 6.27844e-09 6.61077e-08 3.70249e-07 1.53739e-06 5.22731e-06 1.51646e-05 3.82926e-05 8.509e-05 0.000167556 0.000294033 0.000462469 0.000656478 0.000848576 0.00101094 0.00112875 0.00120928 0.00128319 0.00139972 0.00162082 0.00201786 0.00266594 0.00362757 0.00503231 0.00792401 0.0162154 0.0338035 0.0537435 0.0590275 0.04371 0.0217305 0.0073092 0.00168859 0.00027344 3.35252e-05 3.72008e-06 4.3927e-07 5.19851e-08 5.02583e-09 2.70395e-10 0 
0 2.20855e-09 2.26063e-08 1.23127e-07 4.97807e-07 1.65145e-06 4.68771e-06 1.16234e-05 2.54694e-05 4.96943e-05 8.68649e-05 0.000136877 0.000195908 0.000257316 0.000314747 0.000366332 0.00041825 0.00048683 0.000600155 0.000801515 0.00115626 0.00175811 0.00273608 0.00446037 0.00907195 0.0234883 0.0537435 0.0877815 0.0971686 0.0720031 0.0356016 0.0117804 0.00263712 0.00040456 4.46849e-05 4.16884e-06 4.16713e-07 4.55626e-08 4.28639e-09 2.27508e-10 0 
0 7.2589e-10 7.2214e-09 3.82402e-08 1.50487e-07 4.86851e-07 1.35117e-06 3.2863e-06 7.09081e-06 1.36845e-05 2.37816e-05 3.74809e-05 5.40523e-05 7.22323e-05 9.11332e-05 0.000111574 0.000137547 0.000177881 0.000248889 0.000379639 0.00062173 0.00106394 0.00186792 0.00355755 0.00871351 0.025041 0.0590275 0.0971686 0.107799 0.0798965 0.039443 0.0129815 0.00286717 0.000428471 4.48911e-05 3.78029e-06 3.34211e-07 3.42853e-08 3.17268e-09 1.677e-10 0 
0 2.23255e-10 2.15889e-09 1.11164e-08 4.25852e-08 1.34354e-07 3.64519e-07 8.69397e-07 1.84639e-06 3.52285e-06 6.0848e-06 9.59409e-06 1.39613e-05 1.9051e-05 2.49615e-05 3.24724e-05 4.36789e-05 6.29964e-05 9.90771e-05 0.000168753 0.000304736 0.00056982 0.00109894 0.00234899 0.00629097 0.0184885 0.04371 0.0720031 0.0798965 0.0592177 0.0292306 0.00961234 0.0021134 0.000312304 3.20346e-05 2.59118e-06 2.17968e-07 2.18836e-08 2.0286e-09 1.07936e-10 0 
0 6.43049e-11 6.04686e-10 3.02904e-09 1.13009e-08 3.47839e-08 9.22917e-08 2.15919e-07 4.51484e-07 8.51993e-07 1.46379e-06 2.31278e-06 3.40669e-06 4.77283e-06 6.54761e-06 9.1342e-06 1.34697e-05 2.15216e-05 3.73005e-05 6.89721e-05 0.000133066 0.000262843 0.00053477 0.00120709 0.00327601 0.00935519 0.0217305 0.0356016 0.039443 0.0292306 0.0144425 0.00475716 0.00104564 0.000154269 1.58601e-05 1.30189e-06 1.13315e-07 1.17849e-08 1.11876e-09 6.05771e-11 0 
0 1.73423e-11 1.58686e-10 7.73881e-10 2.81403e-09 8.4567e-09 2.19596e-08 5.04332e-08 1.03919e-07 1.94182e-07 3.32421e-07 5.27782e-07 7.90488e-07 1.14477e-06 1.6578e-06 2.49456e-06 4.02126e-06 7.01137e-06 1.30721e-05 2.552e-05 5.10756e-05 0.000103115 0.000211518 0.000471548 0.00122148 0.00327638 0.0073092 0.0117804 0.0129815 0.00961234 0.00475716 0.00157072 0.000346189 5.15255e-05 5.45512e-06 4.83866e-07 4.75138e-08 5.38402e-09 5.33073e-10 2.96529e-11 0 
0 4.37199e-12 3.89614e-11 1.8516e-10 6.56887e-10 1.9294e-09 4.90859e-09 1.10795e-08 2.25278e-08 4.17568e-08 7.14097e-08 1.14369e-07 1.75163e-07 2.6411e-07 4.06352e-07 6.59861e-07 1.15121e-06 2.1482e-06 4.20774e-06 8.46539e-06 1.71541e-05 3.44642e-05 6.87047e-05 0.000142774 0.000331728 0.000805794 0.00168859 0.00263712 0.00286717 0.0021134 0.00104564 0.000346189 7.70155e-05 1.17865e-05 1.34553e-06 1.40348e-07 1.67051e-08 2.11305e-09 2.2022e-10 1.26727e-11 0 
0 1.02643e-12 8.9178e-12 4.1347e-11 1.43286e-10 4.11863e-10 1.028e-09 2.28398e-09 4.59102e-09 8.46175e-09 1.45047e-08 2.35469e-08 3.71125e-08 5.86451e-08 9.61525e-08 1.67605e-07 3.11848e-07 6.1052e-07 1.23083e-06 2.50325e-06 5.04406e-06 9.90835e-06 1.88244e-05 3.53894e-05 6.98805e-05 0.00014463 0.00027344 0.00040456 0.000428471 0.000312304 0.000154269 5.15255e-05 1.17865e-05 1.93614e-06 2.59281e-07 3.48791e-08 5.13651e-09 7.20154e-10 7.90998e-11 4.73047e-12 0 
0 2.2284e-13 1.88973e-12 8.55886e-12 2.9013e-11 8.17343e-11 2.00474e-10 4.39249e-10 8.74886e-10 1.60832e-09 2.77499e-09 4.59173e-09 7.4949e-09 1.24694e-08 2.17556e-08 4.03014e-08 7.86752e-08 1.58731e-07 3.23991e-07 6.5665e-07 1.29974e-06 2.47235e-06 4.45758e-06 7.61436e-06 1.267e-05 2.11266e-05 3.35252e-05 4.46849e-05 4.48911e-05 3.20346e-05 1.58601e-05 5.45512e-06 1.34553e-06 2.59281e-07 4.53361e-08 8.06911e-09 1.40637e-09 2.13779e-10 2.46995e-11 1.53941e-12 0 
0 4.41766e-14 3.66118e-13 1.62208e-12 5.38673e-12 1.48979e-11 3.59758e-11 7.79088e-11 1.54197e-10 2.83781e-10 4.95268e-10 8.40264e-10 1.42808e-09 2.50529e-09 4.62481e-09 8.9901e-09 1.81285e-08 3.7138e-08 7.57932e-08 1.51548e-07 2.92424e-07 5.36279e-07 9.20288e-07 1.4597e-06 2.13782e-06 2.9242e-06 3.72008e-06 4.16884e-06 3.78029e-06 2.59118e-06 1.30189e-06 4.83866e-07 1.40348e-07 3.48791e-08 8.06911e-09 1.75205e-09 3.39525e-10 5.49564e-11 6.66689e-12 4.33701e-13 0 
0 7.81495e-15 6.33809e-14 2.75099e-13 8.96462e-13 2.43848e-12 5.8099e-12 1.24683e-11 2.46035e-11 4.55281e-11 8.0808e-11 1.41362e-10 2.51022e-10 4.63379e-10 8.97022e-10 1.8057e-09 3.71041e-09 7.62902e-09 1.54262e-08 3.02266e-08 5.66146e-08 9.99597e-08 1.63926e-07 2.45978e-07 3.33508e-07 4.05477e-07 4.3927e-07 4.16713e-07 3.34211e-07 2.17968e-07 1.13315e-07 4.75138e-08 1.67051e-08 5.13651e-09 1.40637e-09 3.39525e-10 7.04569e-11 1.2032e-11 1.5305e-12 1.0397e-13 0 
0 1.17898e-15 9.3702e-15 3.99061e-14 1.27832e-13 3.42687e-13 8.07546e-13 1.72259e-12 3.40219e-12 6.36114e-12 1.15453e-11 2.09194e-11 3.88398e-11 7.50383e-11 1.50723e-10 3.10343e-10 6.42665e-10 1.31469e-09 2.6171e-09 5.00434e-09 9.08026e-09 1.54404e-08 2.42828e-08 3.4835e-08 4.49627e-08 5.15687e-08 5.19851e-08 4.55626e-08 3.42853e-08 2.18836e-08 1.17849e-08 5.38402e-09 2.11305e-09 7.20154e-10 2.13779e-10 5.49564e-11 1.2032e-11 2.15812e-12 2.87423e-13 2.03806e-14 0 
0 1.36623e-16 1.06564e-15 4.46043e-15 1.4072e-14 3.72616e-14 8.70852e-14 1.85285e-13 3.67874e-13 6.98551e-13 1.30292e-12 2.45161e-12 4.74818e-12 9.52688e-12 1.96426e-11 4.09333e-11 8.46893e-11 1.71275e-10 3.34234e-10 6.22246e-10 1.09325e-09 1.7928e-09 2.71274e-09 3.7426e-09 4.65182e-09 5.14979e-09 5.02583e-09 4.28639e-09 3.17268e-09 2.0286e-09 1.11876e-09 5.33073e-10 2.2022e-10 7.90998e-11 2.46995e-11 6.66689e-12 1.5305e-12 2.87423e-13 4.00025e-14 2.95749e-15 0 
0 8.67337e-18 6.64926e-17 2.74015e-16 8.53153e-16 2.23696e-15 5.20113e-15 1.10806e-14 2.22197e-14 4.3064e-14 8.285e-14 1.61907e-13 3.25492e-13 6.72232e-13 1.40866e-12 2.94549e-12 6.04915e-12 1.20408e-11 2.2973e-11 4.15972e-11 7.08009e-11 1.12186e-10 1.63846e-10 2.18339e-10 2.62818e-10 2.83043e-10 2.70395e-10 2.27508e-10 1.677e-10 1.07936e-10 6.05771e-11 2.96529e-11 1.26727e-11 4.73047e-12 1.53941e-12 4.33701e-13 1.0397e-13 2.03806e-14 2.95749e-15 2.27619e-16 0 
0 0 0 0 0 0 0 0 0 0 0 0 0 0 0 0 0 0 0 0 0 0 0 0 0 0 0 0 0 0 0 0 0 0 0 0 0 0 0 0 0 
