0 0 0 0 0 0 0 0 0 0 0 0 0 0 0 0 0 0 0 0 0 0 0 0 0 0 0 0 0 0 0 0 0 0 0 0 0 0 0 0 0 
0 1.52647e-07 1.3185e-06 5.46168e-06 1.50259e-05 3.08088e-05 5.07247e-05 7.12209e-05 8.94524e-05 0.00010411 0.000115052 0.000122667 0.000127454 0.000129825 0.000130068 0.000128348 0.000124731 0.000119207 0.000111718 0.000102215 9.07495e-05 7.75829e-05 6.32779e-05 4.87187e-05 3.50016e-05 2.31911e-05 1.40155e-05 7.65545e-06 3.7552e-06 1.64888e-06 6.47769e-07 2.27951e-07 7.19621e-08 2.03858e-08 5.16812e-09 1.16278e-09 2.27811e-10 3.72794e-11 4.60434e-12 3.0695e-13 0 
0 1.3185e-06 1.13994e-05 4.43703e-05 0.000106591 0.000180967 0.00024341 0.000285659 0.000312752 0.000331599 0.000346103 0.000357432 0.000365435 0.000369674 0.000369925 0.000366351 0.000359481 0.000350079 0.000338909 0.000326401 0.000312254 0.000295116 0.000272617 0.000242142 0.000202468 0.000155641 0.000107489 6.54448e-05 3.47163e-05 1.59865e-05 6.41146e-06 2.25567e-06 7.01633e-07 1.94051e-07 4.77808e-08 1.0416e-08 1.97604e-09 3.13286e-10 3.75348e-11 2.43135e-12 0 
0 5.46168e-06 4.43703e-05 0.000146291 0.000274502 0.000365678 0.000418576 0.000460229 0.000503822 0.000549205 0.000591976 0.000627841 0.000653733 0.000667894 0.00066976 0.000659819 0.00063946 0.000610817 0.000576609 0.000539975 0.000504218 0.000472293 0.000445751 0.000423046 0.0003979 0.000359863 0.000299894 0.000219985 0.000136877 7.0873e-05 3.05514e-05 1.11184e-05 3.47959e-06 9.51286e-07 2.29211e-07 4.86458e-08 8.96638e-09 1.38085e-09 1.60841e-10 1.01436e-11 0 
0 1.50259e-05 0.000106591 0.000274502 0.000403668 0.000480643 0.000557744 0.000650034 0.000749623 0.000846465 0.000932742 0.00100269 0.00105233 0.00107939 0.00108328 0.00106498 0.00102682 0.000972225 0.000905374 0.000830903 0.000753682 0.000678733 0.000611212 0.000556026 0.000516046 0.000487945 0.000457365 0.000401087 0.00030576 0.0001904 9.41003e-05 3.71843e-05 1.20831e-05 3.32816e-06 7.93757e-07 1.65201e-07 2.97328e-08 4.46476e-09 5.07165e-10 3.12244e-11 0 
0 3.08088e-05 0.000180967 0.000365678 0.000480643 0.000594174 0.000737314 0.000897762 0.0010608 0.00121484 0.0013503 0.00145948 0.00153676 0.0015789 0.0015851 0.00155688 0.00149778 0.00141294 0.00130853 0.00119127 0.00106794 0.000944991 0.000828481 0.000724266 0.000638393 0.000576308 0.000538015 0.000508268 0.000452594 0.000343291 0.000203869 9.19743e-05 3.22228e-05 9.15816e-06 2.19329e-06 4.51677e-07 7.98634e-08 1.17467e-08 1.30605e-09 7.8742e-11 0 
0 5.07247e-05 0.00024341 0.000418576 0.000557744 0.000737314 0.00095204 0.00118253 0.00141301 0.00162943 0.00181924 0.00197201 0.00208014 0.0021392 0.00214795 0.00210847 0.00202582 0.00190716 0.00176096 0.00159642 0.0014227 0.00124839 0.00108107 0.000927267 0.000792843 0.000683899 0.000606735 0.000562065 0.000530163 0.000463868 0.000331136 0.000176041 6.88317e-05 2.06979e-05 5.05607e-06 1.04033e-06 1.81897e-07 2.63333e-08 2.87702e-09 1.70427e-10 0 
0 7.12209e-05 0.000285659 0.000460229 0.000650034 0.000897762 0.00118253 0.00148427 0.00178476 0.00206644 0.00231354 0.00251507 0.00266805 0.00276277 0.00277875 0.00271374 0.00258976 0.00242858 0.00223715 0.00202283 0.00179638 0.00156863 0.00134909 0.00114561 0.0009644 0.000810801 0.00069069 0.000610402 0.000567502 0.000529457 0.000435246 0.000272688 0.000121505 3.94752e-05 9.97995e-06 2.07091e-06 3.60322e-07 5.15877e-08 5.55981e-09 3.24671e-10 0 
0 8.94524e-05 0.000312752 0.000503822 0.000749623 0.0010608 0.00141301 0.00178476 0.00215448 0.00250159 0.00281909 0.00313765 0.00340649 0.0035507 0.00357368 0.00348419 0.00327816 0.00299385 0.00271606 0.00244629 0.00216714 0.00188653 0.00161557 0.00136359 0.00113763 0.000942914 0.000784034 0.000666914 0.000596629 0.000559777 0.000500265 0.000359593 0.000182945 6.49976e-05 1.71935e-05 3.62584e-06 6.31235e-07 8.97582e-08 9.57679e-09 5.53041e-10 0 
0 0.00010411 0.000331599 0.000549205 0.000846465 0.00121484 0.00162943 0.00206644 0.00250159 0.00292896 0.00341416 0.0037909 0.00397421 0.00405486 0.00406719 0.00401751 0.00389331 0.0036479 0.00324299 0.00285143 0.00251393 0.00218345 0.00186458 0.00156757 0.00130041 0.00106858 0.000875952 0.000726883 0.000627626 0.000576556 0.000534256 0.000424118 0.000242816 9.44528e-05 2.62839e-05 5.66143e-06 9.90243e-07 1.40336e-07 1.48698e-08 8.51586e-10 0 
0 0.000115052 0.000346103 0.000591976 0.000932742 0.0013503 0.00181924 0.00231354 0.00281909 0.00341416 0.00389297 0.00412028 0.0042404 0.0042974 0.00430615 0.00426997 0.00418377 0.00402956 0.00375473 0.00327603 0.00282353 0.00244264 0.00208171 0.00174552 0.00144264 0.00117891 0.000957935 0.000782821 0.000658843 0.000589574 0.000550531 0.000465749 0.000293058 0.000123737 3.6195e-05 7.97702e-06 1.40519e-06 1.98985e-07 2.09918e-08 1.19517e-09 0 
0 0.000122667 0.000357432 0.000627841 0.00100269 0.00145948 0.00197201 0.00251507 0.00313765 0.0037909 0.00412028 0.00429313 0.00439074 0.0044384 0.00444561 0.00441479 0.00434292 0.00421951 0.00401713 0.00365492 0.00310705 0.00265186 0.002255 0.00188748 0.00155613 0.0012671 0.00102389 0.000828837 0.000685975 0.000600559 0.000558037 0.000489792 0.000330066 0.000148955 4.55111e-05 1.02472e-05 1.81913e-06 2.57807e-07 2.71315e-08 1.53888e-09 0 
0 0.000127454 0.000365435 0.000653733 0.00105233 0.00153676 0.00208014 0.00266805 0.00340649 0.00397421 0.0042404 0.00439074 0.00447821 0.0045214 0.00452778 0.00449937 0.00443391 0.00432363 0.00414937 0.00385922 0.00334266 0.00280484 0.00237585 0.00198619 0.00163495 0.00132829 0.00106968 0.000861008 0.00070538 0.000608317 0.000560911 0.000501872 0.000353655 0.000167371 5.28551e-05 1.21064e-05 2.16393e-06 3.07137e-07 3.22908e-08 1.82766e-09 0 
0 0.000129825 0.000369674 0.000667894 0.00107939 0.0015789 0.0021392 0.00276277 0.0035507 0.00405486 0.0042974 0.0044384 0.0045214 0.00456251 0.00456836 0.00454081 0.00447792 0.00437293 0.00420967 0.00394643 0.00347208 0.00289254 0.00243922 0.00203747 0.00167566 0.00135967 0.00109293 0.000877101 0.000714766 0.000611327 0.000560549 0.000505858 0.0003651 0.000177578 5.72103e-05 1.32478e-05 2.37935e-06 3.38239e-07 3.55607e-08 2.01132e-09 0 
0 0.000130068 0.000369925 0.00066976 0.00108328 0.0015851 0.00214795 0.00277875 0.00357368 0.00406719 0.00430615 0.00444561 0.00452778 0.00456836 0.00457386 0.0045461 0.00448318 0.00437848 0.00421625 0.00395616 0.0034882 0.00290148 0.00244353 0.00204033 0.00167739 0.00136045 0.00109289 0.000876307 0.000713119 0.000608637 0.000557201 0.00050373 0.000365725 0.000179206 5.80819e-05 1.35006e-05 2.42996e-06 3.45853e-07 3.63879e-08 2.0591e-09 0 
0 0.000128348 0.000366351 0.000659819 0.00106498 0.00155688 0.00210847 0.00271374 0.00348419 0.00401751 0.00426997 0.00441479 0.00449937 0.00454081 0.0045461 0.00451714 0.00445182 0.0043429 0.00417287 0.0038956 0.00339657 0.00283147 0.0023912 0.0019968 0.00164167 0.00133172 0.00107029 0.000858996 0.000700462 0.000599978 0.000550678 0.000495931 0.000356285 0.000172596 5.55195e-05 1.28631e-05 2.31396e-06 3.29604e-07 3.47261e-08 1.96821e-09 0 
0 0.000124731 0.000359481 0.00063946 0.00102682 0.00149778 0.00202582 0.00258976 0.00327816 0.00389331 0.00418377 0.00434292 0.00443391 0.00447792 0.00448318 0.00445182 0.00438123 0.00426242 0.0040729 0.00374901 0.00320102 0.00269946 0.00228838 0.00191146 0.00157205 0.00127614 0.00102699 0.000826417 0.000677538 0.000585515 0.00054037 0.000481575 0.000336935 0.000158639 5.00538e-05 1.14908e-05 2.06155e-06 2.93833e-07 3.10232e-08 1.76321e-09 0 
0 0.000119207 0.000350079 0.000610817 0.000972225 0.00141294 0.00190716 0.00242858 0.00299385 0.0036479 0.00402956 0.00421951 0.00432363 0.00437293 0.00437848 0.0043429 0.00426242 0.00412412 0.00389312 0.00347139 0.00294276 0.0025236 0.00214343 0.00179085 0.00147359 0.00119743 0.000965619 0.000780323 0.000645386 0.000565293 0.000524729 0.00045849 0.000307598 0.00013879 4.25831e-05 9.64888e-06 1.72467e-06 2.46068e-07 2.60633e-08 1.48743e-09 0 
0 0.000111718 0.000338909 0.000576609 0.000905374 0.00130853 0.00176096 0.00223715 0.00271606 0.00324299 0.00375473 0.00401713 0.00414937 0.00420967 0.00421625 0.00417287 0.0040729 0.00389312 0.00356452 0.00308373 0.0026778 0.00231361 0.00196593 0.00164271 0.00135221 0.0010999 0.000889067 0.000722469 0.000604674 0.000538223 0.00050035 0.000423404 0.000268712 0.000115147 3.42177e-05 7.64591e-06 1.36241e-06 1.94827e-07 2.0734e-08 1.1901e-09 0 
0 0.000102215 0.000326401 0.000539975 0.000830903 0.00119127 0.00159642 0.00202283 0.00244629 0.00285143 0.00327603 0.00365492 0.00385922 0.00394643 0.00395616 0.0038956 0.00374901 0.00347139 0.00308373 0.00273176 0.00240369 0.00207899 0.00176612 0.00147525 0.00121408 0.000987812 0.000799929 0.000653909 0.000554514 0.0005004 0.000461051 0.000372977 0.000222281 9.04119e-05 2.60896e-05 5.76612e-06 1.02697e-06 1.47531e-07 1.58068e-08 9.14155e-10 0 
0 9.07495e-05 0.000312254 0.000504218 0.000753682 0.00106794 0.0014227 0.00179638 0.00216714 0.00251393 0.00282353 0.00310705 0.00334266 0.00347208 0.0034882 0.00339657 0.00320102 0.00294276 0.0026778 0.00240369 0.00211806 0.00183115 0.00155418 0.00129649 0.00106509 0.000864974 0.000699929 0.000573932 0.000490506 0.000443293 0.000398706 0.000306558 0.000172794 6.75759e-05 1.91476e-05 4.21671e-06 7.54045e-07 1.09125e-07 1.17926e-08 6.88009e-10 0 
0 7.75829e-05 0.000295116 0.000472293 0.000678733 0.000944991 0.00124839 0.00156863 0.00188653 0.00218345 0.00244264 0.00265186 0.00280484 0.00289254 0.00290148 0.00283147 0.00269946 0.0025236 0.00231361 0.00207899 0.00183115 0.00158135 0.00133951 0.00111377 0.00091047 0.000734407 0.00058949 0.000479041 0.000403986 0.000356372 0.000309782 0.000230386 0.000127014 4.92692e-05 1.39867e-05 3.10102e-06 5.59209e-07 8.16273e-08 8.89398e-09 5.22864e-10 0 
0 6.32779e-05 0.000272617 0.000445751 0.000611212 0.000828481 0.00108107 0.00134909 0.00161557 0.00186458 0.00208171 0.002255 0.00237585 0.00243922 0.00244353 0.0023912 0.00228838 0.00214343 0.00196593 0.00176612 0.00155418 0.00133951 0.00113034 0.000933577 0.00075493 0.000599292 0.000470468 0.000369965 0.000296725 0.000247155 0.000209017 0.000158675 9.1454e-05 3.69234e-05 1.07563e-05 2.41905e-06 4.39552e-07 6.44364e-08 7.03965e-09 4.14589e-10 0 
0 4.87187e-05 0.000242142 0.000423046 0.000556026 0.000724266 0.000927267 0.00114561 0.00136359 0.00156757 0.00174552 0.00188748 0.00198619 0.00203747 0.00204033 0.0019968 0.00191146 0.00179085 0.00164271 0.00147525 0.00129649 0.00111377 0.000933577 0.000761703 0.000604568 0.000470876 0.000368865 0.000295527 0.000234996 0.000179261 0.000136804 0.000105925 6.81e-05 3.01145e-05 9.16613e-06 2.08683e-06 3.78372e-07 5.50699e-08 5.96616e-09 3.48487e-10 0 
0 3.50016e-05 0.000202468 0.0003979 0.000516046 0.000638393 0.000792843 0.0009644 0.00113763 0.00130041 0.00144264 0.00155613 0.00163495 0.00167566 0.00167739 0.00164167 0.00157205 0.00147359 0.00135221 0.00121408 0.00106509 0.00091047 0.00075493 0.000604568 0.000474082 0.000394814 0.000390523 0.000422457 0.000401667 0.000295144 0.000168296 9.01627e-05 5.46964e-05 2.67469e-05 8.58919e-06 1.96449e-06 3.50809e-07 5.00521e-08 5.31876e-09 3.05306e-10 0 
0 2.31911e-05 0.000155641 0.000359863 0.000487945 0.000576308 0.000683899 0.000810801 0.000942914 0.00106858 0.00117891 0.0012671 0.00132829 0.00135967 0.00136045 0.00133172 0.00127614 0.00119743 0.0010999 0.000987812 0.000864974 0.000734407 0.000599292 0.000470876 0.000394814 0.000463612 0.000730874 0.00122723 0.00148094 0.000841159 0.000422631 0.000156714 5.6661e-05 2.50054e-05 8.30631e-06 1.89331e-06 3.30213e-07 4.58779e-08 4.75812e-09 2.67399e-10 0 
0 1.40155e-05 0.000107489 0.000299894 0.000457365 0.000538015 0.000606735 0.00069069 0.000784034 0.000875952 0.000957935 0.00102389 0.00106968 0.00109293 0.00109289 0.00107029 0.00102699 0.000965619 0.000889067 0.000799929 0.000699929 0.00058949 0.000470468 0.000368865 0.000390523 0.000730874 0.00175954 0.00278969 0.00286621 0.00247472 0.000985386 0.000330158 8.45465e-05 2.52393e-05 7.83742e-06 1.74597e-06 2.95995e-07 4.00495e-08 4.06082e-09 2.2389e-10 0 
0 7.65545e-06 6.54448e-05 0.000219985 0.000401087 0.000508268 0.000562065 0.000610402 0.000666914 0.000726883 0.000782821 0.000828837 0.000861008 0.000877101 0.000876307 0.000858996 0.000826417 0.000780323 0.000722469 0.000653909 0.000573932 0.000479041 0.000369965 0.000295527 0.000422457 0.00122723 0.00278969 0.00307924 0.00311267 0.00295698 0.00212986 0.000529558 0.000122436 2.67731e-05 6.98059e-06 1.46848e-06 2.40887e-07 3.18829e-08 3.18058e-09 1.73089e-10 0 
0 3.7552e-06 3.47163e-05 0.000136877 0.00030576 0.000452594 0.000530163 0.000567502 0.000596629 0.000627626 0.000658843 0.000685975 0.00070538 0.000714766 0.000713119 0.000700462 0.000677538 0.000645386 0.000604674 0.000554514 0.000490506 0.000403986 0.000296725 0.000234996 0.000401667 0.00148094 0.00286621 0.00311267 0.00314611 0.00302312 0.00247203 0.000595667 0.000131329 2.527e-05 5.59215e-06 1.0867e-06 1.72421e-07 2.25023e-08 2.22888e-09 1.20734e-10 0 
0 1.64888e-06 1.59865e-05 7.0873e-05 0.0001904 0.000343291 0.000463868 0.000529457 0.000559777 0.000576556 0.000589574 0.000600559 0.000608317 0.000611327 0.000608637 0.000599978 0.000585515 0.000565293 0.000538223 0.0005004 0.000443293 0.000356372 0.000247155 0.000179261 0.000295144 0.000841159 0.00247472 0.00295698 0.00302312 0.00282505 0.00155614 0.00043178 9.74092e-05 1.85797e-05 3.76921e-06 6.84927e-07 1.063e-07 1.3845e-08 1.37652e-09 7.49175e-11 0 
0 6.47769e-07 6.41146e-06 3.05514e-05 9.41003e-05 0.000203869 0.000331136 0.000435246 0.000500265 0.000534256 0.000550531 0.000558037 0.000560911 0.000560549 0.000557201 0.000550678 0.00054037 0.000524729 0.00050035 0.000461051 0.000398706 0.000309782 0.000209017 0.000136804 0.000168296 0.000422631 0.000985386 0.00212986 0.00247203 0.00155614 0.00064822 0.000214529 5.00311e-05 1.02501e-05 2.03455e-06 3.59096e-07 5.57945e-08 7.36349e-09 7.43273e-10 4.10301e-11 0 
0 2.27951e-07 2.25567e-06 1.11184e-05 3.71843e-05 9.19743e-05 0.000176041 0.000272688 0.000359593 0.000424118 0.000465749 0.000489792 0.000501872 0.000505858 0.00050373 0.000495931 0.000481575 0.00045849 0.000423404 0.000372977 0.000306558 0.000230386 0.000158675 0.000105925 9.01627e-05 0.000156714 0.000330158 0.000529558 0.000595667 0.00043178 0.000214529 7.28732e-05 1.88273e-05 4.29431e-06 8.67918e-07 1.55742e-07 2.48825e-08 3.37789e-09 3.49826e-10 1.97562e-11 0 
0 7.19621e-08 7.01633e-07 3.47959e-06 1.20831e-05 3.22228e-05 6.88317e-05 0.000121505 0.000182945 0.000242816 0.000293058 0.000330066 0.000353655 0.0003651 0.000365725 0.000356285 0.000336935 0.000307598 0.000268712 0.000222281 0.000172794 0.000127014 9.1454e-05 6.81e-05 5.46964e-05 5.6661e-05 8.45465e-05 0.000122436 0.000131329 9.74092e-05 5.00311e-05 1.88273e-05 5.64919e-06 1.40383e-06 2.98683e-07 5.65688e-08 9.48052e-09 1.33895e-09 1.43477e-10 8.34942e-12 0 
0 2.03858e-08 1.94051e-07 9.51286e-07 3.32816e-06 9.15816e-06 2.06979e-05 3.94752e-05 6.49976e-05 9.44528e-05 0.000123737 0.000148955 0.000167371 0.000177578 0.000179206 0.000172596 0.000158639 0.00013879 0.000115147 9.04119e-05 6.75759e-05 4.92692e-05 3.69234e-05 3.01145e-05 2.67469e-05 2.50054e-05 2.52393e-05 2.67731e-05 2.527e-05 1.85797e-05 1.02501e-05 4.29431e-06 1.40383e-06 3.74724e-07 8.62201e-08 1.75396e-08 3.11019e-09 4.59969e-10 5.13028e-11 3.09324e-12 0 
0 5.16812e-09 4.77808e-08 2.29211e-07 7.93757e-07 2.19329e-06 5.05607e-06 9.97995e-06 1.71935e-05 2.62839e-05 3.6195e-05 4.55111e-05 5.28551e-05 5.72103e-05 5.80819e-05 5.55195e-05 5.00538e-05 4.25831e-05 3.42177e-05 2.60896e-05 1.91476e-05 1.39867e-05 1.07563e-05 9.16613e-06 8.58919e-06 8.30631e-06 7.83742e-06 6.98059e-06 5.59215e-06 3.76921e-06 2.03455e-06 8.67918e-07 2.98683e-07 8.62201e-08 2.15528e-08 4.70277e-09 8.82745e-10 1.37095e-10 1.59735e-11 1.0016e-12 0 
0 1.16278e-09 1.0416e-08 4.86458e-08 1.65201e-07 4.51677e-07 1.04033e-06 2.07091e-06 3.62584e-06 5.66143e-06 7.97702e-06 1.02472e-05 1.21064e-05 1.32478e-05 1.35006e-05 1.28631e-05 1.14908e-05 9.64888e-06 7.64591e-06 5.76612e-06 4.21671e-06 3.10102e-06 2.41905e-06 2.08683e-06 1.96449e-06 1.89331e-06 1.74597e-06 1.46848e-06 1.0867e-06 6.84927e-07 3.59096e-07 1.55742e-07 5.65688e-08 1.75396e-08 4.70277e-09 1.09135e-09 2.1633e-10 3.5305e-11 4.30452e-12 2.81296e-13 0 
0 2.27811e-10 1.97604e-09 8.96638e-09 2.97328e-08 7.98634e-08 1.81897e-07 3.60322e-07 6.31235e-07 9.90243e-07 1.40519e-06 1.81913e-06 2.16393e-06 2.37935e-06 2.42996e-06 2.31396e-06 2.06155e-06 1.72467e-06 1.36241e-06 1.02697e-06 7.54045e-07 5.59209e-07 4.39552e-07 3.78372e-07 3.50809e-07 3.30213e-07 2.95995e-07 2.40887e-07 1.72421e-07 1.063e-07 5.57945e-08 2.48825e-08 9.48052e-09 3.11019e-09 8.82745e-10 2.1633e-10 4.51603e-11 7.73917e-12 9.87611e-13 6.73161e-14 0 
0 3.72794e-11 3.13286e-10 1.38085e-09 4.46476e-09 1.17467e-08 2.63333e-08 5.15877e-08 8.97582e-08 1.40336e-07 1.98985e-07 2.57807e-07 3.07137e-07 3.38239e-07 3.45853e-07 3.29604e-07 2.93833e-07 2.46068e-07 1.94827e-07 1.47531e-07 1.09125e-07 8.16273e-08 6.44364e-08 5.50699e-08 5.00521e-08 4.58779e-08 4.00495e-08 3.18829e-08 2.25023e-08 1.3845e-08 7.36349e-09 3.37789e-09 1.33895e-09 4.59969e-10 1.37095e-10 3.5305e-11 7.73917e-12 1.39026e-12 1.85522e-13 1.31862e-14 0 
0 4.60434e-12 3.75348e-11 1.60841e-10 5.07165e-10 1.30605e-09 2.87702e-09 5.55981e-09 9.57679e-09 1.48698e-08 2.09918e-08 2.71315e-08 3.22908e-08 3.55607e-08 3.63879e-08 3.47261e-08 3.10232e-08 2.60633e-08 2.0734e-08 1.58068e-08 1.17926e-08 8.89398e-09 7.03965e-09 5.96616e-09 5.31876e-09 4.75812e-09 4.06082e-09 3.18058e-09 2.22888e-09 1.37652e-09 7.43273e-10 3.49826e-10 1.43477e-10 5.13028e-11 1.59735e-11 4.30452e-12 9.87611e-13 1.85522e-13 2.58453e-14 1.91368e-15 0 
0 3.0695e-13 2.43135e-12 1.01436e-11 3.12244e-11 7.8742e-11 1.70427e-10 3.24671e-10 5.53041e-10 8.51586e-10 1.19517e-09 1.53888e-09 1.82766e-09 2.01132e-09 2.0591e-09 1.96821e-09 1.76321e-09 1.48743e-09 1.1901e-09 9.14155e-10 6.88009e-10 5.22864e-10 4.14589e-10 3.48487e-10 3.05306e-10 2.67399e-10 2.2389e-10 1.73089e-10 1.20734e-10 7.49175e-11 4.10301e-11 1.97562e-11 8.34942e-12 3.09324e-12 1.0016e-12 2.81296e-13 6.73161e-14 1.31862e-14 1.91368e-15 1.47389e-16 0 
0 0 0 0 0 0 0 0 0 0 0 0 0 0 0 0 0 0 0 0 0 0 0 0 0 0 0 0 0 0 0 0 0 0 0 0 0 0 0 0 0 
