0 0 0 0 0 0 0 0 0 0 0 0 0 0 0 0 0 0 0 0 0 0 0 0 0 0 0 0 0 0 0 0 0 0 0 0 0 0 0 0 0 
0 1.75516e-07 1.52728e-06 6.41892e-06 1.80399e-05 3.79497e-05 6.41657e-05 9.23472e-05 0.000118477 0.000140286 0.000157101 0.000169123 0.000176846 0.000180758 0.000181234 0.000178521 0.000172759 0.000164007 0.000152296 0.000137715 0.000120527 0.000101306 8.10258e-05 6.10232e-05 4.27934e-05 2.76311e-05 1.62601e-05 8.64971e-06 4.1372e-06 1.775e-06 6.83121e-07 2.36164e-07 7.34469e-08 2.05494e-08 5.1568e-09 1.15069e-09 2.23951e-10 3.64538e-11 4.48342e-12 2.97889e-13 0 
0 1.52728e-06 1.3369e-05 5.33689e-05 0.000133046 0.000235619 0.000329711 0.00039951 0.000447617 0.000481915 0.000507813 0.000527405 0.000540915 0.000548012 0.000548547 0.000542824 0.000531594 0.000515868 0.000496587 0.00047417 0.00044803 0.000416298 0.000376138 0.000325073 0.000263219 0.000195219 0.000129807 7.60966e-05 3.89523e-05 1.7377e-05 6.78447e-06 2.33525e-06 7.13873e-07 1.94768e-07 4.74532e-08 1.02604e-08 1.9343e-09 3.05187e-10 3.64287e-11 2.35294e-12 0 
0 6.41892e-06 5.33689e-05 0.000183916 0.0003653 0.000512494 0.000607557 0.000680444 0.000750853 0.000820992 0.000885926 0.000939997 0.000978924 0.00100019 0.001003 0.00098808 0.000957506 0.000914427 0.00086281 0.000807128 0.000751881 0.000700715 0.000654838 0.000610858 0.00055941 0.000487659 0.000388329 0.000270779 0.000160104 7.91333e-05 3.28137e-05 1.15861e-05 3.54521e-06 9.53465e-07 2.27027e-07 4.77699e-08 8.75007e-09 1.34141e-09 1.55724e-10 9.79657e-12 0 
0 1.80399e-05 0.000133046 0.0003653 0.000572092 0.000707103 0.000831872 0.000972836 0.00112263 0.0012678 0.00139706 0.00150183 0.00157619 0.00161672 0.00162255 0.00159513 0.00153797 0.0014562 0.00135606 0.00124449 0.00112874 0.00101614 0.000913934 0.000828244 0.000761094 0.000704731 0.000637295 0.000531172 0.000380963 0.000222822 0.000104164 3.94e-05 1.24063e-05 3.34428e-06 7.86112e-07 1.62019e-07 2.89674e-08 4.33008e-09 4.90316e-10 3.01199e-11 0 
0 3.79497e-05 0.000235619 0.000512494 0.000707103 0.00088755 0.00110406 0.00134464 0.00158887 0.00181959 0.00202249 0.00218601 0.00230177 0.00236489 0.00237417 0.0023319 0.00224339 0.0021163 0.00195992 0.00178429 0.00159956 0.0014154 0.00124082 0.00108438 0.000954239 0.000856143 0.000785656 0.000716399 0.000603308 0.000426713 0.000235971 0.000100211 3.35868e-05 9.26806e-06 2.17825e-06 4.43294e-07 7.77933e-08 1.13869e-08 1.26204e-09 7.59276e-11 0 
0 6.41657e-05 0.000329711 0.000607557 0.000831872 0.00110406 0.00142595 0.00177119 0.00211641 0.00244057 0.00272486 0.00295368 0.00311557 0.00320389 0.00321696 0.00315794 0.00303425 0.00285655 0.00263758 0.00239112 0.00213093 0.00186984 0.00161923 0.00138884 0.00118732 0.00102306 0.000902844 0.000821934 0.000745377 0.000611866 0.000403838 0.000199052 7.33501e-05 2.1192e-05 5.04997e-06 1.02372e-06 1.77397e-07 2.55424e-08 2.7812e-09 1.64395e-10 0 
0 9.23472e-05 0.00039951 0.000680444 0.000972836 0.00134464 0.00177119 0.00222314 0.00267322 0.00309512 0.00346496 0.00376394 0.00398043 0.00410443 0.00412382 0.00403974 0.00387076 0.00363624 0.00335069 0.0030298 0.00269063 0.0023495 0.00202068 0.0017159 0.00144447 0.00121423 0.00103309 0.000906963 0.000824485 0.000732164 0.000558268 0.000321363 0.000133062 4.10476e-05 1.00495e-05 2.04658e-06 3.52253e-07 5.0115e-08 5.38081e-09 3.13491e-10 0 
0 0.000118477 0.000447617 0.000750853 0.00112263 0.00158887 0.00211641 0.00267322 0.00322698 0.00374618 0.00420807 0.00461832 0.00496373 0.00516975 0.00520354 0.00506872 0.00478988 0.00443603 0.00406193 0.00366365 0.00324594 0.00282565 0.00241981 0.00204238 0.00170395 0.00141228 0.00117401 0.000996412 0.000881408 0.00079925 0.000669097 0.000441094 0.000206319 6.88035e-05 1.74851e-05 3.60289e-06 6.19123e-07 8.73894e-08 9.28437e-09 5.3478e-10 0 
0 0.000140286 0.000481915 0.000820992 0.0012678 0.00181959 0.00244057 0.00309512 0.00374618 0.00436625 0.00498709 0.00556289 0.00590922 0.00606355 0.0060865 0.00599095 0.00575208 0.00532106 0.00477261 0.00426123 0.00376486 0.00327037 0.00279278 0.00234792 0.00194776 0.00160051 0.00131193 0.00108786 0.000934206 0.000839271 0.000737115 0.000538516 0.000281683 0.000101839 2.70152e-05 5.65992e-06 9.74907e-07 1.36993e-07 1.44456e-08 8.24928e-10 0 
0 0.000157101 0.000507813 0.000885926 0.00139706 0.00202249 0.00272486 0.00346496 0.00420807 0.00498709 0.00575267 0.0061898 0.00641243 0.00651616 0.00653149 0.006465 0.00630611 0.00601744 0.00550437 0.00482491 0.00422163 0.0036583 0.00311798 0.00261445 0.00216079 0.00176577 0.00143478 0.00117218 0.000983827 0.000867597 0.00077591 0.000607637 0.000348425 0.000135719 3.75879e-05 8.02356e-06 1.38879e-06 1.94783e-07 2.04383e-08 1.15997e-09 0 
0 0.000169123 0.000527405 0.000939997 0.00150183 0.00218601 0.00295368 0.00376394 0.00461832 0.00556289 0.0061898 0.00650946 0.00668551 0.00677024 0.00678253 0.00672693 0.00659734 0.00637244 0.00599636 0.00535142 0.00460746 0.00396938 0.00337749 0.00282707 0.00233078 0.00189786 0.00153358 0.00124128 0.00102574 0.000888954 0.000797304 0.000651662 0.000400115 0.000165749 4.76921e-05 1.0364e-05 1.80441e-06 2.53037e-07 2.64737e-08 1.49642e-09 0 
0 0.000176846 0.000540915 0.000978924 0.00157619 0.00230177 0.00311557 0.00398043 0.00496373 0.00590922 0.00641243 0.00668551 0.00684125 0.00691722 0.00692791 0.00687708 0.0067603 0.0065621 0.00624389 0.00570476 0.004912 0.00419025 0.00355828 0.00297492 0.00244883 0.00198952 0.00160217 0.00128953 0.00105538 0.000903169 0.000807941 0.000676359 0.000434602 0.00018825 5.578e-05 1.22993e-05 2.15304e-06 3.0217e-07 3.15714e-08 1.78047e-09 0 
0 0.000180758 0.000548012 0.00100019 0.00161672 0.00236489 0.00320389 0.00410443 0.00516975 0.00606355 0.00651616 0.00677024 0.00691722 0.00698917 0.00699889 0.00694981 0.00683812 0.00665056 0.0063548 0.00586688 0.00508868 0.00431038 0.00365283 0.00305172 0.00250981 0.00203651 0.00163699 0.00131366 0.00106968 0.000908896 0.000810726 0.000686485 0.000452208 0.000201046 6.06557e-05 1.35019e-05 2.37303e-06 3.33432e-07 3.48309e-08 1.96271e-09 0 
0 0.000181234 0.000548547 0.001003 0.00162255 0.00237417 0.00321696 0.00412382 0.00520354 0.0060865 0.00653149 0.00678253 0.00692791 0.00699889 0.007008 0.0069586 0.00684697 0.00666014 0.00636666 0.00588512 0.00510981 0.00432086 0.00365919 0.00305601 0.00251241 0.00203768 0.00163694 0.00131248 0.00106727 0.000905158 0.000806641 0.000684822 0.000454038 0.000203364 6.17072e-05 1.37846e-05 2.42759e-06 3.41495e-07 3.56991e-08 2.01265e-09 0 
0 0.000178521 0.000542824 0.00098808 0.00159513 0.0023319 0.00315794 0.00403974 0.00506872 0.00599095 0.006465 0.00672693 0.00687708 0.00694981 0.0069586 0.006907 0.00679086 0.00659593 0.00628705 0.00577224 0.00497777 0.00422432 0.0035811 0.00299081 0.0024589 0.00199466 0.00160308 0.00128654 0.00104821 0.000891699 0.000795714 0.000672254 0.000441088 0.000195551 5.89692e-05 1.31422e-05 2.31442e-06 3.25931e-07 3.41257e-08 1.92731e-09 0 
0 0.000172759 0.000531594 0.000957506 0.00153797 0.00224339 0.00303425 0.00387076 0.00478988 0.00575208 0.00630611 0.00659734 0.0067603 0.00683812 0.00684697 0.00679086 0.00666458 0.00645022 0.00610222 0.00550655 0.00471727 0.00403721 0.0034274 0.00286299 0.00235463 0.0019114 0.00153822 0.00123771 0.00101358 0.000868706 0.000777135 0.00064801 0.000414095 0.00017887 5.30581e-05 1.17401e-05 2.0643e-06 2.91073e-07 3.05532e-08 1.73085e-09 0 
0 0.000164007 0.000515868 0.000914427 0.0014562 0.0021163 0.00285655 0.00363624 0.00443603 0.00532106 0.00601744 0.00637244 0.0065621 0.00665056 0.00666014 0.00659593 0.00645022 0.00619655 0.00576462 0.0050724 0.00438186 0.00377863 0.00321042 0.00268234 0.00220715 0.00179352 0.0014463 0.0011686 0.000964832 0.000836038 0.000748711 0.000609914 0.000373962 0.000155421 4.50218e-05 9.86125e-06 1.7304e-06 2.44475e-07 2.57599e-08 1.46601e-09 0 
0 0.000152296 0.000496587 0.00086281 0.00135606 0.00195992 0.00263758 0.00335069 0.00406193 0.00477261 0.00550437 0.00599636 0.00624389 0.0063548 0.00636666 0.00628705 0.00610222 0.00576462 0.00520201 0.00457116 0.0040073 0.00346519 0.00294458 0.00246046 0.00202534 0.00164743 0.00133162 0.00108177 0.000902768 0.000791846 0.000705943 0.000555033 0.000322608 0.000128068 3.61296e-05 7.83239e-06 1.37301e-06 1.94672e-07 2.06269e-08 1.18141e-09 0 
0 0.000137715 0.00047417 0.000807128 0.00124449 0.00178429 0.00239112 0.0030298 0.00366365 0.00426123 0.00482491 0.00535142 0.00570476 0.00586688 0.00588512 0.00577224 0.00550655 0.0050724 0.00457116 0.00408681 0.00359997 0.00311391 0.00264531 0.00220964 0.00181845 0.00147955 0.00119807 0.000978691 0.000825834 0.00073052 0.000641536 0.000481395 0.000263964 0.000100218 2.76322e-05 5.94961e-06 1.04502e-06 1.49069e-07 1.59182e-08 9.19327e-10 0 
0 0.000120527 0.00044803 0.000751881 0.00112874 0.00159956 0.00213093 0.00269063 0.00324594 0.00376486 0.00422163 0.00460746 0.004912 0.00508868 0.00510981 0.00497777 0.00471727 0.00438186 0.0040073 0.00359997 0.00317243 0.0027427 0.00232786 0.00194188 0.00159529 0.00129555 0.00104816 0.000858171 0.000727618 0.000641122 0.000547536 0.000391318 0.000204495 7.53198e-05 2.05323e-05 4.42403e-06 7.82181e-07 1.12574e-07 1.21366e-08 7.07589e-10 0 
0 0.000101306 0.000416298 0.000700715 0.00101614 0.0014154 0.00186984 0.0023495 0.00282565 0.00327037 0.0036583 0.00396938 0.00419025 0.00431038 0.00432086 0.00422432 0.00403721 0.00377863 0.00346519 0.00311391 0.0027427 0.00236855 0.00200632 0.00166822 0.0013637 0.00109994 0.000882478 0.000715191 0.000596912 0.00051245 0.000423813 0.000295014 0.000152263 5.61203e-05 1.54209e-05 3.35716e-06 5.99718e-07 8.71438e-08 9.4765e-09 5.56757e-10 0 
0 8.10258e-05 0.000376138 0.000654838 0.000913934 0.00124082 0.00161923 0.00202068 0.00241981 0.00279278 0.00311798 0.00337749 0.00355828 0.00365283 0.00365919 0.0035811 0.0034274 0.00321042 0.00294458 0.00264531 0.00232786 0.00200632 0.00169303 0.00139831 0.00113071 0.000897455 0.000703996 0.000552144 0.00043942 0.00035879 0.000291571 0.00020916 0.000113745 4.3873e-05 1.24095e-05 2.74418e-06 4.94105e-07 7.20817e-08 7.85388e-09 4.61813e-10 0 
0 6.10232e-05 0.000325073 0.000610858 0.000828244 0.00108438 0.00138884 0.0017159 0.00204238 0.00234792 0.00261445 0.00282707 0.00297492 0.00305172 0.00305601 0.00299081 0.00286299 0.00268234 0.00246046 0.00220964 0.00194188 0.00166822 0.00139831 0.00114086 0.000905438 0.00070507 0.000552181 0.000442251 0.000351298 0.000266683 0.000199541 0.000147526 8.95537e-05 3.77776e-05 1.11489e-05 2.4928e-06 4.47351e-07 6.47118e-08 6.98276e-09 4.06669e-10 0 
0 4.27934e-05 0.000263219 0.00055941 0.000761094 0.000954239 0.00118732 0.00144447 0.00170395 0.00194776 0.00216079 0.00233078 0.00244883 0.00250981 0.00251241 0.0024589 0.00235463 0.00220715 0.00202534 0.00181845 0.00159529 0.0013637 0.00113071 0.000905438 0.000709957 0.000591293 0.000584915 0.000632755 0.000601615 0.000442051 0.000251815 0.000132868 7.63887e-05 3.52869e-05 1.09236e-05 2.44735e-06 4.32013e-07 6.12088e-08 6.47333e-09 3.70202e-10 0 
0 2.76311e-05 0.000195219 0.000487659 0.000704731 0.000856143 0.00102306 0.00121423 0.00141228 0.00160051 0.00176577 0.00189786 0.00198952 0.00203651 0.00203768 0.00199466 0.0019114 0.00179352 0.00164743 0.00147955 0.00129555 0.00109994 0.000897455 0.00070507 0.000591293 0.000694398 0.00109471 0.0017386 0.0020845 0.00124817 0.000633018 0.000234611 8.31722e-05 3.44613e-05 1.09088e-05 2.42528e-06 4.17671e-07 5.76172e-08 5.94743e-09 3.33004e-10 0 
0 1.62601e-05 0.000129807 0.000388329 0.000637295 0.000785656 0.000902844 0.00103309 0.00117401 0.00131193 0.00143478 0.00153358 0.00160217 0.00163699 0.00163694 0.00160308 0.00153822 0.0014463 0.00133162 0.00119807 0.00104816 0.000882478 0.000703996 0.000552181 0.000584915 0.00109471 0.00250045 0.00424487 0.00439612 0.00360601 0.00146491 0.000494511 0.000126291 3.60962e-05 1.05487e-05 2.27644e-06 3.8043e-07 5.11121e-08 5.16027e-09 2.83582e-10 0 
0 8.64971e-06 7.60966e-05 0.000270779 0.000531172 0.000716399 0.000821934 0.000906963 0.000996412 0.00108786 0.00117218 0.00124128 0.00128953 0.00131366 0.00131248 0.00128654 0.00123771 0.0011686 0.00108177 0.000978691 0.000858171 0.000715191 0.000552144 0.000442251 0.000632755 0.0017386 0.00424487 0.00475241 0.00481381 0.00454289 0.00306603 0.000792705 0.000183309 3.9129e-05 9.57498e-06 1.93727e-06 3.12554e-07 4.10756e-08 4.082e-09 2.21535e-10 0 
0 4.1372e-06 3.89523e-05 0.000160104 0.000380963 0.000603308 0.000745377 0.000824485 0.000881408 0.000934206 0.000983827 0.00102574 0.00105538 0.00106968 0.00106727 0.00104821 0.00101358 0.000964832 0.000902768 0.000825834 0.000727618 0.000596912 0.00043942 0.000351298 0.000601615 0.0020845 0.00439612 0.00481381 0.00486989 0.00465627 0.00361151 0.000878623 0.000196664 3.71896e-05 7.75393e-06 1.44402e-06 2.24964e-07 2.91516e-08 2.87779e-09 1.55528e-10 0 
0 1.775e-06 1.7377e-05 7.91333e-05 0.000222822 0.000426713 0.000611866 0.000732164 0.00079925 0.000839271 0.000867597 0.000888954 0.000903169 0.000908896 0.000905158 0.000891699 0.000868706 0.000836038 0.000791846 0.00073052 0.000641122 0.00051245 0.00035879 0.000266683 0.000442051 0.00124817 0.00360601 0.00454289 0.00465627 0.00433041 0.00222223 0.000646722 0.000145828 2.72724e-05 5.23228e-06 9.12523e-07 1.39082e-07 1.79941e-08 1.78385e-09 9.69043e-11 0 
0 6.83121e-07 6.78447e-06 3.28137e-05 0.000104164 0.000235971 0.000403838 0.000558268 0.000669097 0.000737115 0.00077591 0.000797304 0.000807941 0.000810726 0.000806641 0.000795714 0.000777135 0.000748711 0.000705943 0.000641536 0.000547536 0.000423813 0.000291571 0.000199541 0.000251815 0.000633018 0.00146491 0.00306603 0.00361151 0.00222223 0.000970906 0.000321318 7.47369e-05 1.48707e-05 2.80349e-06 4.77595e-07 7.30538e-08 9.58723e-09 9.65449e-10 5.3213e-11 0 
0 2.36164e-07 2.33525e-06 1.15861e-05 3.94e-05 0.000100211 0.000199052 0.000321363 0.000441094 0.000538516 0.000607637 0.000651662 0.000676359 0.000686485 0.000684822 0.000672254 0.00064801 0.000609914 0.000555033 0.000481395 0.000391318 0.000295014 0.00020916 0.000147526 0.000132868 0.000234611 0.000494511 0.000792705 0.000878623 0.000646722 0.000321318 0.000109048 2.78127e-05 6.0984e-06 1.18037e-06 2.06172e-07 3.25606e-08 4.40198e-09 4.5506e-10 2.56675e-11 0 
0 7.34469e-08 7.13873e-07 3.54521e-06 1.24063e-05 3.35868e-05 7.33501e-05 0.000133062 0.000206319 0.000281683 0.000348425 0.000400115 0.000434602 0.000452208 0.000454038 0.000441088 0.000414095 0.000373962 0.000322608 0.000263964 0.000204495 0.000152263 0.000113745 8.95537e-05 7.63887e-05 8.31722e-05 0.000126291 0.000183309 0.000196664 0.000145828 7.47369e-05 2.78127e-05 8.10868e-06 1.94018e-06 4.00188e-07 7.44798e-08 1.23931e-08 1.74565e-09 1.86812e-10 1.08605e-11 0 
0 2.05494e-08 1.94768e-07 9.53465e-07 3.34428e-06 9.26806e-06 2.1192e-05 4.10476e-05 6.88035e-05 0.000101839 0.000135719 0.000165749 0.00018825 0.000201046 0.000203364 0.000195551 0.00017887 0.000155421 0.000128068 0.000100218 7.53198e-05 5.61203e-05 4.3873e-05 3.77776e-05 3.52869e-05 3.44613e-05 3.60962e-05 3.9129e-05 3.71896e-05 2.72724e-05 1.48707e-05 6.0984e-06 1.94018e-06 5.04772e-07 1.14071e-07 2.29927e-08 4.06204e-09 5.99807e-10 6.68371e-11 4.02675e-12 0 
0 5.1568e-09 4.74532e-08 2.27027e-07 7.86112e-07 2.17825e-06 5.04997e-06 1.00495e-05 1.74851e-05 2.70152e-05 3.75879e-05 4.76921e-05 5.578e-05 6.06557e-05 6.17072e-05 5.89692e-05 5.30581e-05 4.50218e-05 3.61296e-05 2.76322e-05 2.05323e-05 1.54209e-05 1.24095e-05 1.11489e-05 1.09236e-05 1.09088e-05 1.05487e-05 9.57498e-06 7.75393e-06 5.23228e-06 2.80349e-06 1.18037e-06 4.00188e-07 1.14071e-07 2.82887e-08 6.14876e-09 1.15223e-09 1.7879e-10 2.08176e-11 1.30454e-12 0 
0 1.15069e-09 1.02604e-08 4.77699e-08 1.62019e-07 4.43294e-07 1.02372e-06 2.04658e-06 3.60289e-06 5.65992e-06 8.02356e-06 1.0364e-05 1.22993e-05 1.35019e-05 1.37846e-05 1.31422e-05 1.17401e-05 9.86125e-06 7.83239e-06 5.94961e-06 4.42403e-06 3.35716e-06 2.74418e-06 2.4928e-06 2.44735e-06 2.42528e-06 2.27644e-06 1.93727e-06 1.44402e-06 9.12523e-07 4.77595e-07 2.06172e-07 7.44798e-08 2.29927e-08 6.14876e-09 1.42502e-09 2.82268e-10 4.6042e-11 5.61096e-12 3.66498e-13 0 
0 2.23951e-10 1.9343e-09 8.75007e-09 2.89674e-08 7.77933e-08 1.77397e-07 3.52253e-07 6.19123e-07 9.74907e-07 1.38879e-06 1.80441e-06 2.15304e-06 2.37303e-06 2.42759e-06 2.31442e-06 2.0643e-06 1.7304e-06 1.37301e-06 1.04502e-06 7.82181e-07 5.99718e-07 4.94105e-07 4.47351e-07 4.32013e-07 4.17671e-07 3.8043e-07 3.12554e-07 2.24964e-07 1.39082e-07 7.30538e-08 3.25606e-08 1.23931e-08 4.06204e-09 1.15223e-09 2.82268e-10 5.89075e-11 1.0092e-11 1.28743e-12 8.77212e-14 0 
0 3.64538e-11 3.05187e-10 1.34141e-09 4.33008e-09 1.13869e-08 2.55424e-08 5.0115e-08 8.73894e-08 1.36993e-07 1.94783e-07 2.53037e-07 3.0217e-07 3.33432e-07 3.41495e-07 3.25931e-07 2.91073e-07 2.44475e-07 1.94672e-07 1.49069e-07 1.12574e-07 8.71438e-08 7.20817e-08 6.47118e-08 6.12088e-08 5.76172e-08 5.11121e-08 4.10756e-08 2.91516e-08 1.79941e-08 9.58723e-09 4.40198e-09 1.74565e-09 5.99807e-10 1.7879e-10 4.6042e-11 1.0092e-11 1.81264e-12 2.41836e-13 1.71845e-14 0 
0 4.48342e-12 3.64287e-11 1.55724e-10 4.90316e-10 1.26204e-09 2.7812e-09 5.38081e-09 9.28437e-09 1.44456e-08 2.04383e-08 2.64737e-08 3.15714e-08 3.48309e-08 3.56991e-08 3.41257e-08 3.05532e-08 2.57599e-08 2.06269e-08 1.59182e-08 1.21366e-08 9.4765e-09 7.85388e-09 6.98276e-09 6.47333e-09 5.94743e-09 5.16027e-09 4.082e-09 2.87779e-09 1.78385e-09 9.65449e-10 4.5506e-10 1.86812e-10 6.68371e-11 2.08176e-11 5.61096e-12 1.28743e-12 2.41836e-13 3.3687e-14 2.4939e-15 0 
0 2.97889e-13 2.35294e-12 9.79657e-12 3.01199e-11 7.59276e-11 1.64395e-10 3.13491e-10 5.3478e-10 8.24928e-10 1.15997e-09 1.49642e-09 1.78047e-09 1.96271e-09 2.01265e-09 1.92731e-09 1.73085e-09 1.46601e-09 1.18141e-09 9.19327e-10 7.07589e-10 5.56757e-10 4.61813e-10 4.06669e-10 3.70202e-10 3.33004e-10 2.83582e-10 2.21535e-10 1.55528e-10 9.69043e-11 5.3213e-11 2.56675e-11 1.08605e-11 4.02675e-12 1.30454e-12 3.66498e-13 8.77212e-14 1.71845e-14 2.4939e-15 1.92063e-16 0 
0 0 0 0 0 0 0 0 0 0 0 0 0 0 0 0 0 0 0 0 0 0 0 0 0 0 0 0 0 0 0 0 0 0 0 0 0 0 0 0 0 
