0 0 0 0 0 0 0 0 0 0 0 0 0 0 0 0 0 0 0 0 0 0 0 0 0 0 0 0 0 0 0 0 0 0 0 0 0 0 0 0 0 
0 1.92624e-07 1.68938e-06 7.2103e-06 2.07298e-05 4.48277e-05 7.80121e-05 0.000115344 0.000151466 0.000182772 0.000207682 0.000225949 0.000237922 0.000244105 0.000244953 0.000240823 0.000231976 0.000218616 0.000200969 0.000179396 0.000154543 0.000127489 9.97909e-05 7.33564e-05 5.00977e-05 3.14523e-05 1.7985e-05 9.30083e-06 4.33128e-06 1.81352e-06 6.83088e-07 2.3182e-07 7.09783e-08 1.96025e-08 4.86699e-09 1.07664e-09 2.08075e-10 3.36797e-11 4.12364e-12 2.73001e-13 0 
0 1.68938e-06 1.49849e-05 6.14537e-05 0.0001594 0.000295453 0.000431604 0.000541532 0.000622253 0.000681277 0.000725469 0.000758188 0.00078034 0.00079191 0.000792949 0.000783995 0.000766087 0.000740518 0.000708389 0.000670039 0.000624533 0.000569555 0.000502231 0.000421172 0.000329194 0.000234747 0.000149784 8.42969e-05 4.15417e-05 1.79233e-05 6.80435e-06 2.28951e-06 6.874e-07 1.84916e-07 4.45595e-08 9.55263e-09 1.78897e-09 2.80814e-10 3.33865e-11 2.1498e-12 0 
0 7.2103e-06 6.14537e-05 0.000222021 0.000468836 0.000695838 0.000857291 0.000980096 0.0010914 0.00119764 0.00129412 0.00137382 0.00143101 0.00146221 0.00146634 0.00144447 0.00139962 0.0013363 0.00126014 0.0011773 0.00109364 0.00101327 0.000936383 0.000856771 0.00076162 0.000637384 0.000482726 0.000318472 0.000178239 8.38617e-05 3.33935e-05 1.14281e-05 3.41689e-06 9.03593e-07 2.12533e-07 4.43227e-08 8.06567e-09 1.23054e-09 1.42344e-10 8.9309e-12 0 
0 2.07298e-05 0.0001594 0.000468836 0.000786178 0.00101267 0.00121021 0.00142109 0.00164128 0.00185382 0.00204287 0.0021961 0.00230483 0.0023641 0.00237262 0.00233253 0.00224895 0.00212937 0.00198292 0.00181972 0.00165027 0.001485 0.00133361 0.00120306 0.00109284 0.000988061 0.000858197 0.000675911 0.00045335 0.000247859 0.000109269 3.95024e-05 1.20444e-05 3.17617e-06 7.35617e-07 1.50096e-07 2.66515e-08 3.96489e-09 4.4746e-10 2.74213e-11 0 
0 4.48277e-05 0.000295453 0.000695838 0.00101267 0.00129352 0.00161388 0.0019662 0.00232337 0.00266075 0.00295745 0.00319658 0.00336584 0.00345814 0.00347172 0.00340991 0.00328047 0.00309464 0.00286596 0.00260914 0.00233901 0.00206969 0.00181428 0.00158484 0.00139178 0.0012395 0.00111499 0.000976551 0.000772507 0.000505916 0.000259159 0.000103316 3.30904e-05 8.86173e-06 2.04347e-06 4.10877e-07 7.15484e-08 1.04201e-08 1.15103e-09 6.90912e-11 0 
0 7.80121e-05 0.000431604 0.000857291 0.00121021 0.00161388 0.00208512 0.00258999 0.00309479 0.0035688 0.00398453 0.00431911 0.0045558 0.00468489 0.00470398 0.00461772 0.00443691 0.00417708 0.00385689 0.0034965 0.00311603 0.00273424 0.00236777 0.00203083 0.00173579 0.00149357 0.0013096 0.00116812 0.00101269 0.000773827 0.000468651 0.000213148 7.38756e-05 2.04948e-05 4.76335e-06 9.51201e-07 1.63335e-07 2.33858e-08 2.53737e-09 1.49638e-10 0 
0 0.000115344 0.000541532 0.000980096 0.00142109 0.0019662 0.00258999 0.00325087 0.00390901 0.00452594 0.00506658 0.00550214 0.00581235 0.00598394 0.00600968 0.00589437 0.00565579 0.00531639 0.00489959 0.00443043 0.00393446 0.00343563 0.0029548 0.00250913 0.00211218 0.00177517 0.00150796 0.0013132 0.00116275 0.00097595 0.000684201 0.00035933 0.000137771 4.0311e-05 9.55505e-06 1.90954e-06 3.25088e-07 4.59521e-08 4.91458e-09 2.85626e-10 0 
0 0.000151466 0.000622253 0.0010914 0.00164128 0.00232337 0.00309479 0.00390901 0.00471876 0.00547749 0.00614549 0.00670111 0.0071303 0.00738692 0.00742829 0.0072552 0.00691097 0.00645936 0.00593589 0.00535701 0.00474648 0.00413191 0.00353845 0.00298655 0.00249165 0.00206509 0.00171609 0.00145239 0.00126744 0.0011047 0.000858853 0.000514742 0.000220186 6.87916e-05 1.67886e-05 3.3799e-06 5.73238e-07 8.03082e-08 8.49454e-09 4.87969e-10 0 
0 0.000182772 0.000681277 0.00119764 0.00185382 0.00266075 0.0035688 0.00452594 0.00547749 0.00637356 0.00719686 0.00794664 0.00849426 0.00876945 0.00881044 0.00863558 0.00822896 0.00761561 0.00692643 0.00622523 0.00550494 0.00478221 0.00408384 0.00343332 0.00284818 0.0023404 0.00191826 0.00158907 0.00135548 0.00118612 0.000979757 0.000652467 0.000309644 0.000103745 2.6217e-05 5.34206e-06 9.06085e-07 1.26229e-07 1.32447e-08 7.54092e-10 0 
0 0.000207682 0.000725469 0.00129412 0.00204287 0.00295745 0.00398453 0.00506658 0.00614549 0.00719686 0.00823198 0.00900741 0.00942569 0.00961731 0.00964466 0.00952116 0.009225 0.00868837 0.00787715 0.00700342 0.00616851 0.00534927 0.00455938 0.00382307 0.00315969 0.00258206 0.00209801 0.00171339 0.00143309 0.00124182 0.00105656 0.000758588 0.000393148 0.000140718 3.68602e-05 7.61966e-06 1.29585e-06 1.79992e-07 1.87824e-08 1.06249e-09 0 
0 0.000225949 0.000758188 0.00137382 0.0021961 0.00319658 0.00431911 0.00550214 0.00670111 0.00794664 0.00900741 0.00960606 0.0099282 0.0100807 0.0101018 0.0100007 0.00976486 0.00935149 0.00866109 0.00768225 0.00670902 0.00580262 0.00493881 0.00413398 0.00340826 0.00277522 0.00224251 0.0018148 0.0014967 0.00128124 0.00110282 0.000831554 0.000461007 0.000174453 4.72037e-05 9.89784e-06 1.68994e-06 2.34474e-07 2.43849e-08 1.37346e-09 0 
0 0.000237922 0.00078034 0.00143101 0.00230483 0.00336584 0.0045558 0.00581235 0.0071303 0.00849426 0.00942569 0.0099282 0.0102085 0.0103432 0.0103613 0.0102699 0.0100601 0.00970098 0.00911714 0.00819007 0.00710698 0.00612067 0.00520302 0.00435017 0.00358089 0.00290924 0.00234282 0.00188549 0.0015411 0.00130646 0.00112806 0.00087563 0.000508242 0.000200388 5.56136e-05 1.18009e-05 2.023e-06 2.80713e-07 2.91438e-08 1.63741e-09 0 
0 0.000244105 0.00079191 0.00146221 0.0023641 0.00345814 0.00468489 0.00598394 0.00738692 0.00876945 0.00961731 0.0100807 0.0103432 0.0104701 0.0104863 0.0103985 0.010199 0.00986156 0.00932251 0.00845393 0.00733138 0.00628958 0.00534103 0.00446248 0.00367006 0.00297796 0.00239374 0.00192082 0.00156246 0.00131695 0.00113735 0.000895796 0.000533443 0.000215521 6.07712e-05 1.29988e-05 2.23549e-06 3.10436e-07 3.22174e-08 1.80847e-09 0 
0 0.000244953 0.000792949 0.00146634 0.00237262 0.00347172 0.00470398 0.00600968 0.00742829 0.00881044 0.00964466 0.0101018 0.0103613 0.0104863 0.0105014 0.0104132 0.0102141 0.00987843 0.00934433 0.00848395 0.00735516 0.0063031 0.00535026 0.00446875 0.00367385 0.00297967 0.00239366 0.0019191 0.00155902 0.00131201 0.00113292 0.000895541 0.000537066 0.000218591 6.19706e-05 1.32988e-05 2.29138e-06 3.18553e-07 3.30839e-08 1.85812e-09 0 
0 0.000240823 0.000783995 0.00144447 0.00233253 0.00340991 0.00461772 0.00589437 0.0072552 0.00863558 0.00952116 0.0100007 0.0102699 0.0103985 0.0104132 0.0103208 0.0101131 0.00976171 0.00919765 0.00829404 0.0071814 0.00616708 0.00523628 0.00437341 0.00359561 0.00291676 0.00234415 0.00188115 0.00153097 0.00129152 0.00111526 0.000876384 0.000520305 0.000209909 5.92252e-05 1.2692e-05 2.18796e-06 3.04607e-07 3.16923e-08 1.78341e-09 0 
0 0.000231976 0.000766087 0.00139962 0.00224895 0.00328047 0.00443691 0.00565579 0.00691097 0.00822896 0.009225 0.00976486 0.0100601 0.010199 0.0102141 0.0101131 0.00988568 0.00949596 0.00885755 0.00788501 0.00684449 0.00589967 0.00501174 0.00418651 0.00344313 0.00279502 0.00224931 0.00180968 0.0014798 0.00125568 0.00108346 0.000838061 0.000484792 0.000191123 5.32076e-05 1.1344e-05 1.95486e-06 2.72685e-07 2.84559e-08 1.60678e-09 0 
0 0.000218616 0.000740518 0.0013363 0.00212937 0.00309464 0.00417708 0.00531639 0.00645936 0.00761561 0.00868837 0.00935149 0.00970098 0.00986156 0.00987843 0.00976171 0.00949596 0.0090299 0.00826712 0.0073059 0.00639217 0.00552457 0.00469453 0.00392235 0.00322748 0.00262263 0.00211488 0.00170847 0.00140747 0.001204 0.00103468 0.0007791 0.000432976 0.000165005 4.50664e-05 9.54011e-06 1.64352e-06 2.2995e-07 2.41052e-08 1.36814e-09 0 
0 0.000200969 0.000708389 0.00126014 0.00198292 0.00286596 0.00385689 0.00489959 0.00593589 0.00692643 0.00787715 0.00866109 0.00911714 0.00932251 0.00934433 0.00919765 0.00885755 0.00826712 0.00747097 0.00665643 0.00585737 0.00506699 0.00430581 0.00359789 0.00296162 0.002409 0.00194717 0.00158117 0.00131483 0.00113357 0.000963596 0.000698065 0.000368896 0.000135173 3.61677e-05 7.6069e-06 1.31213e-06 1.84497e-07 1.94682e-08 1.11295e-09 0 
0 0.000179396 0.000670039 0.0011773 0.00181972 0.00260914 0.0034965 0.00443043 0.00535701 0.00622523 0.00700342 0.00768225 0.00819007 0.00845393 0.00848395 0.00829404 0.00788501 0.0073059 0.00665643 0.00597277 0.00526397 0.00455342 0.00386819 0.00323112 0.00265909 0.00216351 0.00175178 0.00142975 0.00119931 0.00103681 0.000862781 0.00059598 0.000298878 0.000105638 2.78168e-05 5.83661e-06 1.01148e-06 1.43339e-07 1.52624e-08 8.80687e-10 0 
0 0.000154543 0.000624533 0.00109364 0.00165027 0.00233901 0.00311603 0.00393446 0.00474648 0.00550494 0.00616851 0.00670902 0.00710698 0.00733138 0.00735516 0.0071814 0.00684449 0.00639217 0.00585737 0.00526397 0.00463899 0.0040106 0.00340399 0.00283958 0.00233277 0.00189443 0.00153234 0.00125226 0.00105198 0.00090088 0.000726663 0.000479746 0.000231412 8.01422e-05 2.10191e-05 4.43397e-06 7.75668e-07 1.11106e-07 1.19588e-08 6.97225e-10 0 
0 0.000127489 0.000569555 0.00101327 0.001485 0.00206969 0.00273424 0.00343563 0.00413191 0.00478221 0.00534927 0.00580262 0.00612067 0.00628958 0.0063031 0.00616708 0.00589967 0.00552457 0.00506699 0.00455342 0.0040106 0.00346349 0.00293381 0.00243941 0.00199411 0.0016083 0.00128959 0.00104181 0.000859422 0.000716191 0.000561328 0.000364161 0.000175454 6.13943e-05 1.6336e-05 3.49504e-06 6.19059e-07 8.96236e-08 9.73469e-09 5.71962e-10 0 
0 9.97909e-05 0.000502231 0.000936383 0.00133361 0.00181428 0.00236777 0.0029548 0.00353845 0.00408384 0.00455938 0.00493881 0.00520302 0.00534103 0.00535026 0.00523628 0.00501174 0.00469453 0.00430581 0.00386819 0.00340399 0.00293381 0.00247569 0.00204472 0.00165337 0.00131203 0.00102826 0.00080405 0.000634495 0.000507176 0.000395241 0.000267242 0.000136856 5.03947e-05 1.38436e-05 3.01213e-06 5.37838e-07 7.81355e-08 8.49606e-09 4.99055e-10 0 
0 7.33564e-05 0.000421172 0.000856771 0.00120306 0.00158484 0.00203083 0.00250913 0.00298655 0.00343332 0.00382307 0.00413398 0.00435017 0.00446248 0.00446875 0.00437341 0.00418651 0.00392235 0.00359789 0.00323112 0.00283958 0.00243941 0.00204472 0.00166823 0.00132385 0.00103064 0.000806915 0.000646034 0.000512582 0.00038711 0.00028378 0.00020007 0.000114446 4.59874e-05 1.31533e-05 2.88897e-06 5.13386e-07 7.38505e-08 7.94113e-09 4.61335e-10 0 
0 5.00977e-05 0.000329194 0.00076162 0.00109284 0.00139178 0.00173579 0.00211218 0.00249165 0.00284818 0.00315969 0.00340826 0.00358089 0.00367006 0.00367385 0.00359561 0.00344313 0.00322748 0.00296162 0.00265909 0.00233277 0.00199411 0.00165337 0.00132385 0.00103793 0.00086453 0.000855291 0.000925264 0.000879728 0.000646375 0.000367809 0.000191052 0.000103968 4.52527e-05 1.34818e-05 2.95743e-06 5.16152e-07 7.26509e-08 7.6503e-09 4.36083e-10 0 
0 3.14523e-05 0.000234747 0.000637384 0.000988061 0.0012395 0.00149357 0.00177517 0.00206509 0.0023404 0.00258206 0.00277522 0.00290924 0.00297796 0.00297967 0.00291676 0.00279502 0.00262263 0.002409 0.00216351 0.00189443 0.0016083 0.00131203 0.00103064 0.00086453 0.0010154 0.00160077 0.00241514 0.00283593 0.00181959 0.000925651 0.000342882 0.000119145 4.6262e-05 1.39111e-05 3.0119e-06 5.12011e-07 7.01445e-08 7.20886e-09 4.023e-10 0 
0 1.7985e-05 0.000149784 0.000482726 0.000858197 0.00111499 0.0013096 0.00150796 0.00171609 0.00191826 0.00209801 0.00224251 0.00234282 0.00239374 0.00239366 0.00234415 0.00224931 0.00211488 0.00194717 0.00175178 0.00153234 0.00128959 0.00102826 0.000806915 0.000855291 0.00160077 0.00347573 0.00624309 0.00659028 0.00505573 0.00213697 0.000723112 0.000184151 5.03695e-05 1.38061e-05 2.87785e-06 4.73607e-07 6.31779e-08 6.35232e-09 3.4805e-10 0 
0 9.30083e-06 8.42969e-05 0.000318472 0.000675911 0.000976551 0.00116812 0.0013132 0.00145239 0.00158907 0.00171339 0.0018148 0.00188549 0.00192082 0.0019191 0.00188115 0.00180968 0.00170847 0.00158117 0.00142975 0.00125226 0.00104181 0.00080405 0.000646034 0.000925264 0.00241514 0.00624309 0.00719224 0.00731314 0.00685193 0.00426614 0.00115904 0.000267929 5.58256e-05 1.27907e-05 2.47951e-06 3.9276e-07 5.12305e-08 5.07206e-09 2.74559e-10 0 
0 4.33128e-06 4.15417e-05 0.000178239 0.00045335 0.000772507 0.00101269 0.00116275 0.00126744 0.00135548 0.00143309 0.0014967 0.0015411 0.00156246 0.00155902 0.00153097 0.0014798 0.00140747 0.00131483 0.00119931 0.00105198 0.000859422 0.000634495 0.000512582 0.000879728 0.00283593 0.00659028 0.00731314 0.00740988 0.00703967 0.00507754 0.0012779 0.000287511 5.3434e-05 1.04803e-05 1.86273e-06 2.84278e-07 3.65535e-08 3.59619e-09 1.93929e-10 0 
0 1.81352e-06 1.79233e-05 8.38617e-05 0.000247859 0.000505916 0.000773827 0.00097595 0.0011047 0.00118612 0.00124182 0.00128124 0.00130646 0.00131695 0.00131201 0.00129152 0.00125568 0.001204 0.00113357 0.00103681 0.00090088 0.000716191 0.000507176 0.00038711 0.000646375 0.00181959 0.00505573 0.00685193 0.00703967 0.00647022 0.00308879 0.000945692 0.000213131 3.90874e-05 7.08167e-06 1.18045e-06 1.76245e-07 2.26335e-08 2.23706e-09 1.21302e-10 0 
0 6.83088e-07 6.80435e-06 3.33935e-05 0.000109269 0.000259159 0.000468651 0.000684201 0.000858853 0.000979757 0.00105656 0.00110282 0.00112806 0.00113735 0.00113292 0.00111526 0.00108346 0.00103468 0.000963596 0.000862781 0.000726663 0.000561328 0.000395241 0.00028378 0.000367809 0.000925651 0.00213697 0.00426614 0.00507754 0.00308879 0.00141974 0.000469851 0.00010899 2.10678e-05 3.76479e-06 6.16555e-07 9.26278e-08 1.20796e-08 1.21343e-09 6.67808e-11 0 
0 2.3182e-07 2.28951e-06 1.14281e-05 3.95024e-05 0.000103316 0.000213148 0.00035933 0.000514742 0.000652467 0.000758588 0.000831554 0.00087563 0.000895796 0.000895541 0.000876384 0.000838061 0.0007791 0.000698065 0.00059598 0.000479746 0.000364161 0.000267242 0.00020007 0.000191052 0.000342882 0.000723112 0.00115904 0.0012779 0.000945692 0.000469851 0.000159305 4.01172e-05 8.45504e-06 1.56259e-06 2.64713e-07 4.12499e-08 5.55094e-09 5.72756e-10 3.2267e-11 0 
0 7.09783e-08 6.874e-07 3.41689e-06 1.20444e-05 3.30904e-05 7.38756e-05 0.000137771 0.000220186 0.000309644 0.000393148 0.000461007 0.000508242 0.000533443 0.000537066 0.000520305 0.000484792 0.000432976 0.000368896 0.000298878 0.000231412 0.000175454 0.000136856 0.000114446 0.000103968 0.000119145 0.000184151 0.000267929 0.000287511 0.000213131 0.00010899 4.01172e-05 1.1366e-05 2.61412e-06 5.20951e-07 9.50173e-08 1.56796e-08 2.20209e-09 2.35341e-10 1.36687e-11 0 
0 1.96025e-08 1.84916e-07 9.03593e-07 3.17617e-06 8.86173e-06 2.04948e-05 4.0311e-05 6.87916e-05 0.000103745 0.000140718 0.000174453 0.000200388 0.000215521 0.000218591 0.000209909 0.000191123 0.000165005 0.000135173 0.000105638 8.01422e-05 6.13943e-05 5.03947e-05 4.59874e-05 4.52527e-05 4.6262e-05 5.03695e-05 5.58256e-05 5.3434e-05 3.90874e-05 2.10678e-05 8.45504e-06 2.61412e-06 6.61103e-07 1.46342e-07 2.91822e-08 5.13363e-09 7.56771e-10 8.42482e-11 5.07186e-12 0 
0 4.86699e-09 4.45595e-08 2.12533e-07 7.35617e-07 2.04347e-06 4.76335e-06 9.55505e-06 1.67886e-05 2.6217e-05 3.68602e-05 4.72037e-05 5.56136e-05 6.07712e-05 6.19706e-05 5.92252e-05 5.32076e-05 4.50664e-05 3.61677e-05 2.78168e-05 2.10191e-05 1.6336e-05 1.38436e-05 1.31533e-05 1.34818e-05 1.39111e-05 1.38061e-05 1.27907e-05 1.04803e-05 7.08167e-06 3.76479e-06 1.56259e-06 5.20951e-07 1.46342e-07 3.59546e-08 7.78005e-09 1.45521e-09 2.25593e-10 2.62498e-11 1.64397e-12 0 
0 1.07664e-09 9.55263e-09 4.43227e-08 1.50096e-07 4.10877e-07 9.51201e-07 1.90954e-06 3.3799e-06 5.34206e-06 7.61966e-06 9.89784e-06 1.18009e-05 1.29988e-05 1.32988e-05 1.2692e-05 1.1344e-05 9.54011e-06 7.6069e-06 5.83661e-06 4.43397e-06 3.49504e-06 3.01213e-06 2.88897e-06 2.95743e-06 3.0119e-06 2.87785e-06 2.47951e-06 1.86273e-06 1.18045e-06 6.16555e-07 2.64713e-07 9.50173e-08 2.91822e-08 7.78005e-09 1.80036e-09 3.56343e-10 5.80943e-11 7.0764e-12 4.62005e-13 0 
0 2.08075e-10 1.78897e-09 8.06567e-09 2.66515e-08 7.15484e-08 1.63335e-07 3.25088e-07 5.73238e-07 9.06085e-07 1.29585e-06 1.68994e-06 2.023e-06 2.23549e-06 2.29138e-06 2.18796e-06 1.95486e-06 1.64352e-06 1.31213e-06 1.01148e-06 7.75668e-07 6.19059e-07 5.37838e-07 5.13386e-07 5.16152e-07 5.12011e-07 4.73607e-07 3.9276e-07 2.84278e-07 1.76245e-07 9.26278e-08 4.12499e-08 1.56796e-08 5.13363e-09 1.45521e-09 3.56343e-10 7.43436e-11 1.27326e-11 1.62378e-12 1.10601e-13 0 
0 3.36797e-11 2.80814e-10 1.23054e-09 3.96489e-09 1.04201e-08 2.33858e-08 4.59521e-08 8.03082e-08 1.26229e-07 1.79992e-07 2.34474e-07 2.80713e-07 3.10436e-07 3.18553e-07 3.04607e-07 2.72685e-07 2.2995e-07 1.84497e-07 1.43339e-07 1.11106e-07 8.96236e-08 7.81355e-08 7.38505e-08 7.26509e-08 7.01445e-08 6.31779e-08 5.12305e-08 3.65535e-08 2.26335e-08 1.20796e-08 5.55094e-09 2.20209e-09 7.56771e-10 2.25593e-10 5.80943e-11 1.27326e-11 2.28659e-12 3.05008e-13 2.16681e-14 0 
0 4.12364e-12 3.33865e-11 1.42344e-10 4.4746e-10 1.15103e-09 2.53737e-09 4.91458e-09 8.49454e-09 1.32447e-08 1.87824e-08 2.43849e-08 2.91438e-08 3.22174e-08 3.30839e-08 3.16923e-08 2.84559e-08 2.41052e-08 1.94682e-08 1.52624e-08 1.19588e-08 9.73469e-09 8.49606e-09 7.94113e-09 7.6503e-09 7.20886e-09 6.35232e-09 5.07206e-09 3.59619e-09 2.23706e-09 1.21343e-09 5.72756e-10 2.35341e-10 8.42482e-11 2.62498e-11 7.0764e-12 1.62378e-12 3.05008e-13 4.24823e-14 3.14455e-15 0 
0 2.73001e-13 2.1498e-12 8.9309e-12 2.74213e-11 6.90912e-11 1.49638e-10 2.85626e-10 4.87969e-10 7.54092e-10 1.06249e-09 1.37346e-09 1.63741e-09 1.80847e-09 1.85812e-09 1.78341e-09 1.60678e-09 1.36814e-09 1.11295e-09 8.80687e-10 6.97225e-10 5.71962e-10 4.99055e-10 4.61335e-10 4.36083e-10 4.023e-10 3.4805e-10 2.74559e-10 1.93929e-10 1.21302e-10 6.67808e-11 3.2267e-11 1.36687e-11 5.07186e-12 1.64397e-12 4.62005e-13 1.10601e-13 2.16681e-14 3.14455e-15 2.42152e-16 0 
0 0 0 0 0 0 0 0 0 0 0 0 0 0 0 0 0 0 0 0 0 0 0 0 0 0 0 0 0 0 0 0 0 0 0 0 0 0 0 0 0 
