0 0 0 0 0 0 0 0 0 0 0 0 0 0 0 0 0 0 0 0 0 0 0 0 0 0 0 0 0 0 0 0 0 0 0 0 0 0 0 0 0 
0 1.11039e-07 9.48546e-07 3.84397e-06 1.02405e-05 2.02037e-05 3.19695e-05 4.32687e-05 5.2659e-05 5.974e-05 6.47264e-05 6.80246e-05 7.00072e-05 7.09425e-05 7.09942e-05 7.0242e-05 6.86978e-05 6.63161e-05 6.3007e-05 5.86613e-05 5.31983e-05 4.66333e-05 3.9149e-05 3.11394e-05 2.31899e-05 1.59688e-05 1.00452e-05 5.71152e-06 2.91206e-06 1.32524e-06 5.37528e-07 1.94463e-07 6.28421e-08 1.81507e-08 4.67495e-09 1.06536e-09 2.10872e-10 3.47891e-11 4.32447e-12 2.89759e-13 0 
0 9.48546e-07 8.05226e-06 3.01777e-05 6.85798e-05 0.000109295 0.000138527 0.000154909 0.000163754 0.000169612 0.000174472 0.000178638 0.000181766 0.000183456 0.000183498 0.000181941 0.000179066 0.000175322 0.000171202 0.000167059 0.000162864 0.000157944 0.000150849 0.000139582 0.000122424 9.92522e-05 7.25243e-05 4.67366e-05 2.61689e-05 1.26511e-05 5.28922e-06 1.92547e-06 6.15451e-07 1.73882e-07 4.35273e-08 9.61002e-09 1.84095e-09 2.94042e-10 3.5429e-11 2.30488e-12 0 
0 3.84397e-06 3.01777e-05 9.31177e-05 0.00016039 0.000197568 0.000214408 0.000229251 0.000248 0.000269137 0.000289631 0.000306998 0.000319586 0.000326481 0.000327388 0.000322542 0.000312628 0.000298711 0.000282169 0.000264646 0.000247982 0.00023403 0.00022417 0.00021835 0.000213783 0.000204271 0.000182133 0.000144063 9.67605e-05 5.37668e-05 2.46055e-05 9.38703e-06 3.04363e-06 8.53889e-07 2.09619e-07 4.50897e-08 8.39187e-09 1.30146e-09 1.52367e-10 9.64505e-12 0 
0 1.02405e-05 6.85798e-05 0.00016039 0.000214389 0.000241187 0.000274209 0.000318023 0.000366412 0.000413684 0.000455837 0.00049002 0.000514279 0.000527504 0.000529404 0.000520459 0.00050181 0.000475131 0.000442463 0.00040608 0.000368383 0.000331903 0.000299396 0.000273864 0.00025791 0.000251591 0.00024877 0.000235254 0.000196335 0.000134297 7.22502e-05 3.05551e-05 1.04332e-05 2.97367e-06 7.25715e-07 1.53385e-07 2.7894e-08 4.21816e-09 4.81461e-10 2.9741e-11 0 
0 2.02037e-05 0.000109295 0.000197568 0.000241187 0.000291475 0.000360452 0.00043875 0.000518418 0.000593694 0.000659897 0.000713252 0.00075102 0.000771615 0.000774645 0.000760853 0.000731972 0.000690507 0.000639482 0.000582179 0.000521905 0.000461825 0.000404913 0.000354136 0.000312857 0.000284937 0.000272789 0.000271577 0.000262629 0.000220937 0.000146039 7.2292e-05 2.7147e-05 8.08586e-06 1.99547e-06 4.18762e-07 7.49281e-08 1.11042e-08 1.24062e-09 7.50359e-11 0 
0 3.19695e-05 0.000138527 0.000214408 0.000274209 0.000360452 0.00046527 0.000577905 0.000690541 0.000796308 0.000889069 0.000963744 0.00101669 0.00104582 0.00105019 0.00103065 0.000990075 0.00093204 0.000860589 0.000780175 0.000695279 0.000610092 0.000528322 0.000453168 0.000387551 0.000334791 0.000299241 0.000284325 0.000284191 0.000273174 0.000219061 0.000130571 5.59671e-05 1.79285e-05 4.55665e-06 9.60192e-07 1.7029e-07 2.48649e-08 2.7308e-09 1.62294e-10 0 
0 4.32687e-05 0.000154909 0.000229251 0.000318023 0.00043875 0.000577905 0.000725366 0.000872217 0.00100989 0.001131 0.00123538 0.00133103 0.0013965 0.00140841 0.00136461 0.0012817 0.00118919 0.00109345 0.00098857 0.000877897 0.000766593 0.000659306 0.000559863 0.000471312 0.00039632 0.000338171 0.000301672 0.000289791 0.000290717 0.000266996 0.000189808 9.46318e-05 3.33495e-05 8.87479e-06 1.89789e-06 3.35986e-07 4.85866e-08 5.26711e-09 3.08667e-10 0 
0 5.2659e-05 0.000163754 0.000248 0.000366412 0.000518418 0.000690541 0.000872217 0.00105292 0.00122357 0.00140386 0.00160775 0.00173795 0.00179252 0.00180094 0.0017692 0.00168341 0.00152243 0.00133907 0.00119601 0.0010591 0.000921954 0.000789536 0.000666389 0.000555964 0.000460815 0.000383296 0.000327032 0.000297309 0.000293195 0.000288436 0.000235631 0.000136126 5.33711e-05 1.50467e-05 3.29339e-06 5.85468e-07 8.42321e-08 9.04745e-09 5.24539e-10 0 
0 5.974e-05 0.000169612 0.000269137 0.000413684 0.000593694 0.000796308 0.00100989 0.00122357 0.00146874 0.00174331 0.00187418 0.0019369 0.00196581 0.00197047 0.00195282 0.00190942 0.00182781 0.00166176 0.00141159 0.00122916 0.00106707 0.000911228 0.000766078 0.000635515 0.000522218 0.000428111 0.000355606 0.000309391 0.000293535 0.000294249 0.000263987 0.000173032 7.5344e-05 2.26135e-05 5.09208e-06 9.1289e-07 1.31142e-07 1.40016e-08 8.05428e-10 0 
0 6.47264e-05 0.000174472 0.000289631 0.000455837 0.000659897 0.000889069 0.001131 0.00140386 0.00174331 0.0019083 0.00198927 0.00203388 0.00205558 0.00205911 0.00204561 0.00201352 0.0019574 0.00186175 0.001673 0.00139303 0.00119407 0.00101734 0.000853042 0.000705021 0.000576137 0.000468154 0.000382709 0.000323312 0.000295448 0.000293878 0.000278513 0.00020122 9.61077e-05 3.06346e-05 7.10534e-06 1.28746e-06 1.85134e-07 1.96975e-08 1.12701e-09 0 
0 6.80246e-05 0.000178638 0.000306998 0.00049002 0.000713252 0.000963744 0.00123538 0.00160775 0.00187418 0.00198927 0.00205374 0.00209123 0.00210987 0.00211288 0.00210113 0.00207365 0.00202701 0.00195271 0.00182657 0.00157119 0.00129998 0.00110209 0.000922417 0.000760485 0.000619235 0.000500381 0.000405118 0.000335989 0.000298418 0.00029198 0.000284568 0.000220142 0.000113155 3.79753e-05 9.04826e-06 1.65726e-06 2.38867e-07 2.53729e-08 1.44685e-09 0 
0 7.00072e-05 0.000181766 0.000319586 0.000514279 0.00075102 0.00101669 0.00133103 0.00173795 0.0019369 0.00203388 0.00209123 0.00212534 0.00214245 0.00214516 0.00213422 0.0021089 0.00206655 0.00200097 0.00189619 0.00169755 0.00138776 0.00116143 0.000970658 0.000799005 0.000649139 0.000522757 0.000420812 0.000345215 0.000300963 0.000290022 0.000286161 0.000231146 0.000125085 4.36228e-05 1.06153e-05 1.962e-06 2.83542e-07 3.01058e-08 1.71368e-09 0 
0 7.09425e-05 0.000183456 0.000326481 0.000527504 0.000771615 0.00104582 0.0013965 0.00179252 0.00196581 0.00205558 0.00210987 0.00214245 0.00215881 0.00216132 0.00215067 0.00212621 0.00208562 0.00202355 0.00192682 0.00175331 0.00144367 0.00119292 0.000995723 0.000818901 0.000664473 0.000534118 0.000428667 0.000349696 0.000301858 0.000288118 0.000285534 0.000235891 0.000131413 4.68867e-05 1.15601e-05 2.14962e-06 3.1134e-07 3.30681e-08 1.88129e-09 0 
0 7.09942e-05 0.000183498 0.000327388 0.000529404 0.000774645 0.00105019 0.00140841 0.00180094 0.00197047 0.00205911 0.00211288 0.00214516 0.00216132 0.00216369 0.00215295 0.00212845 0.00208792 0.00202613 0.00193029 0.00176002 0.001451 0.00119519 0.000997124 0.000819747 0.000664854 0.000534101 0.000428277 0.00034887 0.000300411 0.000286022 0.000283628 0.000235531 0.000132183 4.74621e-05 1.17506e-05 2.19019e-06 3.17632e-07 3.3762e-08 1.92168e-09 0 
0 7.0242e-05 0.000181941 0.000322542 0.000520459 0.000760853 0.00103065 0.00136461 0.0017692 0.00195282 0.00204561 0.00210113 0.00213422 0.00215067 0.00215295 0.00214175 0.00211638 0.00207436 0.00200996 0.00190876 0.00172316 0.00140842 0.00116917 0.000975845 0.00080229 0.000650817 0.000523054 0.000419821 0.000342731 0.00029642 0.000283473 0.000280496 0.00023048 0.000127669 4.54077e-05 1.11896e-05 2.08279e-06 3.02156e-07 3.21521e-08 1.83261e-09 0 
0 6.86978e-05 0.000179066 0.000312628 0.00050181 0.000731972 0.000990075 0.0012817 0.00168341 0.00190942 0.00201352 0.00207365 0.0021089 0.00212621 0.00212845 0.00211638 0.00208913 0.00204373 0.001973 0.00185774 0.0016308 0.00132925 0.00111851 0.000934137 0.000768267 0.000623653 0.000501894 0.000403914 0.00033166 0.000290002 0.000280146 0.000275428 0.000220455 0.000118288 4.10934e-05 1.00033e-05 1.85369e-06 2.68824e-07 2.86495e-08 1.63683e-09 0 
0 6.63161e-05 0.000175322 0.000298711 0.000475131 0.000690507 0.00093204 0.00118919 0.00152243 0.00182781 0.0019574 0.00202701 0.00206655 0.00208562 0.00208792 0.00207436 0.00204373 0.00199187 0.00190815 0.00175999 0.00147587 0.00123494 0.00104753 0.000875195 0.000720147 0.000585189 0.000471904 0.000381421 0.000316219 0.0002813 0.000275288 0.000266831 0.000204703 0.000104682 3.51412e-05 8.40566e-06 1.54786e-06 2.24378e-07 2.39684e-08 1.37419e-09 0 
0 6.3007e-05 0.000171202 0.000282169 0.000442463 0.000639482 0.000860589 0.00109345 0.00133907 0.00166176 0.00186175 0.00195271 0.00200097 0.00202355 0.00202613 0.00200996 0.001973 0.00190815 0.00179501 0.00156718 0.00131417 0.00113082 0.000960758 0.000802799 0.000660827 0.000537522 0.000434499 0.000353224 0.000296834 0.000269928 0.00026702 0.00025204 0.000182462 8.79077e-05 2.83488e-05 6.64977e-06 1.21681e-06 1.76471e-07 1.89189e-08 1.09006e-09 0 
0 5.86613e-05 0.000167059 0.000264646 0.00040608 0.000582179 0.000780175 0.00098857 0.00119601 0.00141159 0.001673 0.00182657 0.00189619 0.00192682 0.00193029 0.00190876 0.00185774 0.00175999 0.00156718 0.00134294 0.00117501 0.00101602 0.000863111 0.000720959 0.000593324 0.000482748 0.000390956 0.000319894 0.000273199 0.000253931 0.000251384 0.000227557 0.000153789 6.95787e-05 2.158e-05 4.97549e-06 9.06729e-07 1.31827e-07 1.42097e-08 8.24141e-10 0 
0 5.31983e-05 0.000162864 0.000247982 0.000368383 0.000521905 0.000695279 0.000877897 0.0010591 0.00122916 0.00139303 0.00157119 0.00169755 0.00175331 0.00176002 0.00172316 0.0016308 0.00147587 0.00131417 0.00117501 0.00103511 0.000894886 0.000759533 0.000633597 0.000520512 0.000422722 0.000342141 0.000281154 0.000243114 0.000228273 0.000222056 0.000190674 0.000120637 5.18084e-05 1.56181e-05 3.56521e-06 6.49983e-07 9.50016e-08 1.03156e-08 6.03078e-10 0 
0 4.66333e-05 0.000157944 0.00023403 0.000331903 0.000461825 0.000610092 0.000766593 0.000921954 0.00106707 0.00119407 0.00129998 0.00138776 0.00144367 0.001451 0.00140842 0.00132925 0.00123494 0.00113082 0.00101602 0.000894886 0.000772809 0.000654622 0.000544305 0.000444952 0.000358933 0.000288295 0.000235208 0.000201492 0.000185334 0.000173959 0.000143226 8.74609e-05 3.67816e-05 1.10087e-05 2.51662e-06 4.61395e-07 6.7931e-08 7.43354e-09 4.37903e-10 0 
0 3.9149e-05 0.000150849 0.00022417 0.000299396 0.000404913 0.000528322 0.000659306 0.000789536 0.000911228 0.00101734 0.00110209 0.00116143 0.00119292 0.00119519 0.00116917 0.00111851 0.00104753 0.000960758 0.000863111 0.000759533 0.000654622 0.000552402 0.000456243 0.000368948 0.00029295 0.000230234 0.000181772 0.000147549 0.000126828 0.000114245 9.48087e-05 5.98718e-05 2.59948e-05 7.94493e-06 1.83813e-06 3.3938e-07 5.0205e-08 5.51442e-09 3.25886e-10 0 
0 3.11394e-05 0.000139582 0.00021835 0.000273864 0.000354136 0.000453168 0.000559863 0.000666389 0.000766078 0.000853042 0.000922417 0.000970658 0.000995723 0.000997124 0.000975845 0.000934137 0.000875195 0.000802799 0.000720959 0.000633597 0.000544305 0.000456243 0.000372255 0.000295492 0.000230215 0.000180411 0.000144614 0.000115181 8.85425e-05 6.97724e-05 5.82056e-05 4.09821e-05 1.95232e-05 6.24427e-06 1.46471e-06 2.70318e-07 3.9779e-08 4.34198e-09 2.55059e-10 0 
0 2.31899e-05 0.000122424 0.000213783 0.00025791 0.000312857 0.000387551 0.000471312 0.000555964 0.000635515 0.000705021 0.000760485 0.000799005 0.000818901 0.000819747 0.00080229 0.000768267 0.000720147 0.000660827 0.000593324 0.000520512 0.000444952 0.000368948 0.000295492 0.000231742 0.000192975 0.000190855 0.000206457 0.000196297 0.000144246 8.23783e-05 4.52473e-05 2.99418e-05 1.60019e-05 5.44067e-06 1.28632e-06 2.34216e-07 3.38323e-08 3.62698e-09 2.09664e-10 0 
0 1.59688e-05 9.92522e-05 0.000204271 0.000251591 0.000284937 0.000334791 0.00039632 0.000460815 0.000522218 0.000576137 0.000619235 0.000649139 0.000664473 0.000664854 0.000650817 0.000623653 0.000585189 0.000537522 0.000482748 0.000422722 0.000358933 0.00029295 0.000230215 0.000192975 0.000226569 0.00035719 0.000649183 0.000783063 0.000425152 0.000206541 7.66454e-05 2.86256e-05 1.39688e-05 4.99244e-06 1.18233e-06 2.10465e-07 2.96012e-08 3.09654e-09 1.75232e-10 0 
0 1.00452e-05 7.25243e-05 0.000182133 0.00024877 0.000272789 0.000299241 0.000338171 0.000383296 0.000428111 0.000468154 0.000500381 0.000522757 0.000534118 0.000534101 0.000523054 0.000501894 0.000471904 0.000434499 0.000390956 0.000342141 0.000288295 0.000230234 0.000180411 0.000190855 0.00035719 0.000922018 0.00132502 0.00135586 0.00123098 0.000495277 0.00016135 4.15001e-05 1.33047e-05 4.53415e-06 1.0587e-06 1.83462e-07 2.5113e-08 2.56575e-09 1.42315e-10 0 
0 5.71152e-06 4.67366e-05 0.000144063 0.000235254 0.000271577 0.000284325 0.000301672 0.000327032 0.000355606 0.000382709 0.000405118 0.000420812 0.000428667 0.000428277 0.000419821 0.000403914 0.000381421 0.000353224 0.000319894 0.000281154 0.000235208 0.000181772 0.000144614 0.000206457 0.000649183 0.00132502 0.00144501 0.00145908 0.00139878 0.00109166 0.000260004 5.98746e-05 1.36286e-05 3.92507e-06 8.74059e-07 1.46905e-07 1.96611e-08 1.97418e-09 1.0797e-10 0 
0 2.91206e-06 2.61689e-05 9.67605e-05 0.000196335 0.000262629 0.000284191 0.000289791 0.000297309 0.000309391 0.000323312 0.000335989 0.000345215 0.000349696 0.00034887 0.000342731 0.00033166 0.000316219 0.000296834 0.000273199 0.000243114 0.000201492 0.000147549 0.000115181 0.000196297 0.000783063 0.00135586 0.00145908 0.00147349 0.00142419 0.0012272 0.000306649 6.42027e-05 1.27183e-05 3.09395e-06 6.39724e-07 1.04182e-07 1.37425e-08 1.36879e-09 7.44433e-11 0 
0 1.32524e-06 1.26511e-05 5.37668e-05 0.000134297 0.000220937 0.000273174 0.000290717 0.000293195 0.000293535 0.000295448 0.000298418 0.000300963 0.000301858 0.000300411 0.00029642 0.000290002 0.0002813 0.000269928 0.000253931 0.000228273 0.000185334 0.000126828 8.85425e-05 0.000144246 0.000425152 0.00123098 0.00139878 0.00142419 0.0013371 0.000813122 0.000211013 4.76418e-05 9.39301e-06 2.08199e-06 4.01573e-07 6.39281e-08 8.4081e-09 8.39867e-10 4.58591e-11 0 
0 5.37528e-07 5.28922e-06 2.46055e-05 7.22502e-05 0.000146039 0.000219061 0.000266996 0.000288436 0.000294249 0.000293878 0.00029198 0.000290022 0.000288118 0.000286022 0.000283473 0.000280146 0.000275288 0.00026702 0.000251384 0.000222056 0.000173959 0.000114245 6.97724e-05 8.23783e-05 0.000206541 0.000495277 0.00109166 0.0012272 0.000813122 0.000316787 0.000104843 2.45588e-05 5.28373e-06 1.13633e-06 2.10994e-07 3.35042e-08 4.45784e-09 4.51674e-10 2.49987e-11 0 
0 1.94463e-07 1.92547e-06 9.38703e-06 3.05551e-05 7.2292e-05 0.000130571 0.000189808 0.000235631 0.000263987 0.000278513 0.000284568 0.000286161 0.000285534 0.000283628 0.000280496 0.000275428 0.000266831 0.00025204 0.000227557 0.000190674 0.000143226 9.48087e-05 5.82056e-05 4.52473e-05 7.66454e-05 0.00016135 0.000260004 0.000306649 0.000211013 0.000104843 3.56676e-05 9.41793e-06 2.29098e-06 4.94093e-07 9.20817e-08 1.49488e-08 2.04155e-09 2.12043e-10 1.20001e-11 0 
0 6.28421e-08 6.15451e-07 3.04363e-06 1.04332e-05 2.7147e-05 5.59671e-05 9.46318e-05 0.000136126 0.000173032 0.00020122 0.000220142 0.000231146 0.000235891 0.000235531 0.00023048 0.000220455 0.000204703 0.000182462 0.000153789 0.000120637 8.74609e-05 5.98718e-05 4.09821e-05 2.99418e-05 2.86256e-05 4.15001e-05 5.98746e-05 6.42027e-05 4.76418e-05 2.45588e-05 9.41793e-06 2.96321e-06 7.8063e-07 1.73654e-07 3.36903e-08 5.70259e-09 8.08553e-10 8.68268e-11 5.06116e-12 0 
0 1.81507e-08 1.73882e-07 8.53889e-07 2.97367e-06 8.08586e-06 1.79285e-05 3.33495e-05 5.33711e-05 7.5344e-05 9.61077e-05 0.000113155 0.000125085 0.000131413 0.000132183 0.000127669 0.000118288 0.000104682 8.79077e-05 6.95787e-05 5.18084e-05 3.67816e-05 2.59948e-05 1.95232e-05 1.60019e-05 1.39688e-05 1.33047e-05 1.36286e-05 1.27183e-05 9.39301e-06 5.28373e-06 2.29098e-06 7.8063e-07 2.16228e-07 5.10048e-08 1.05069e-08 1.8729e-09 2.77643e-10 3.10148e-11 1.87248e-12 0 
0 4.67495e-09 4.35273e-08 2.09619e-07 7.25715e-07 1.99547e-06 4.55665e-06 8.87479e-06 1.50467e-05 2.26135e-05 3.06346e-05 3.79753e-05 4.36228e-05 4.68867e-05 4.74621e-05 4.54077e-05 4.10934e-05 3.51412e-05 2.83488e-05 2.158e-05 1.56181e-05 1.10087e-05 7.94493e-06 6.24427e-06 5.44067e-06 4.99244e-06 4.53415e-06 3.92507e-06 3.09395e-06 2.08199e-06 1.13633e-06 4.94093e-07 1.73654e-07 5.10048e-08 1.28883e-08 2.82718e-09 5.31985e-10 8.27372e-11 9.65081e-12 6.0577e-13 0 
0 1.06536e-09 9.61002e-09 4.50897e-08 1.53385e-07 4.18762e-07 9.60192e-07 1.89789e-06 3.29339e-06 5.09208e-06 7.10534e-06 9.04826e-06 1.06153e-05 1.15601e-05 1.17506e-05 1.11896e-05 1.00033e-05 8.40566e-06 6.64977e-06 4.97549e-06 3.56521e-06 2.51662e-06 1.83813e-06 1.46471e-06 1.28632e-06 1.18233e-06 1.0587e-06 8.74059e-07 6.39724e-07 4.01573e-07 2.10994e-07 9.20817e-08 3.36903e-08 1.05069e-08 2.82718e-09 6.5733e-10 1.30443e-10 2.13065e-11 2.59987e-12 1.70035e-13 0 
0 2.10872e-10 1.84095e-09 8.39187e-09 2.7894e-08 7.49281e-08 1.7029e-07 3.35986e-07 5.85468e-07 9.1289e-07 1.28746e-06 1.65726e-06 1.962e-06 2.14962e-06 2.19019e-06 2.08279e-06 1.85369e-06 1.54786e-06 1.21681e-06 9.06729e-07 6.49983e-07 4.61395e-07 3.3938e-07 2.70318e-07 2.34216e-07 2.10465e-07 1.83462e-07 1.46905e-07 1.04182e-07 6.39281e-08 3.35042e-08 1.49488e-08 5.70259e-09 1.8729e-09 5.31985e-10 1.30443e-10 2.72441e-11 4.67125e-12 5.9644e-13 4.06782e-14 0 
0 3.47891e-11 2.94042e-10 1.30146e-09 4.21816e-09 1.11042e-08 2.48649e-08 4.85866e-08 8.42321e-08 1.31142e-07 1.85134e-07 2.38867e-07 2.83542e-07 3.1134e-07 3.17632e-07 3.02156e-07 2.68824e-07 2.24378e-07 1.76471e-07 1.31827e-07 9.50016e-08 6.7931e-08 5.0205e-08 3.9779e-08 3.38323e-08 2.96012e-08 2.5113e-08 1.96611e-08 1.37425e-08 8.4081e-09 4.45784e-09 2.04155e-09 8.08553e-10 2.77643e-10 8.27372e-11 2.13065e-11 4.67125e-12 8.39359e-13 1.12048e-13 7.96734e-15 0 
0 4.32447e-12 3.5429e-11 1.52367e-10 4.81461e-10 1.24062e-09 2.7308e-09 5.26711e-09 9.04745e-09 1.40016e-08 1.96975e-08 2.53729e-08 3.01058e-08 3.30681e-08 3.3762e-08 3.21521e-08 2.86495e-08 2.39684e-08 1.89189e-08 1.42097e-08 1.03156e-08 7.43354e-09 5.51442e-09 4.34198e-09 3.62698e-09 3.09654e-09 2.56575e-09 1.97418e-09 1.36879e-09 8.39867e-10 4.51674e-10 2.12043e-10 8.68268e-11 3.10148e-11 9.65081e-12 2.59987e-12 5.9644e-13 1.12048e-13 1.56123e-14 1.1563e-15 0 
0 2.89759e-13 2.30488e-12 9.64505e-12 2.9741e-11 7.50359e-11 1.62294e-10 3.08667e-10 5.24539e-10 8.05428e-10 1.12701e-09 1.44685e-09 1.71368e-09 1.88129e-09 1.92168e-09 1.83261e-09 1.63683e-09 1.37419e-09 1.09006e-09 8.24141e-10 6.03078e-10 4.37903e-10 3.25886e-10 2.55059e-10 2.09664e-10 1.75232e-10 1.42315e-10 1.0797e-10 7.44433e-11 4.58591e-11 2.49987e-11 1.20001e-11 5.06116e-12 1.87248e-12 6.0577e-13 1.70035e-13 4.06782e-14 7.96734e-15 1.1563e-15 8.90692e-17 0 
0 0 0 0 0 0 0 0 0 0 0 0 0 0 0 0 0 0 0 0 0 0 0 0 0 0 0 0 0 0 0 0 0 0 0 0 0 0 0 0 0 
