0 0 0 0 0 0 0 0 0 0 0 0 0 0 0 0 0 0 0 0 0 0 0 0 0 0 0 0 0 0 0 0 0 0 0 0 0 0 0 0 0 
0 1.37473e-08 1.28856e-07 6.28717e-07 2.22528e-06 6.3183e-06 1.50405e-05 3.07696e-05 5.50439e-05 8.73451e-05 0.000124524 0.000161323 0.000191781 0.00021084 0.000215572 0.00020571 0.000183493 0.000152978 0.000119027 8.6227e-05 5.79949e-05 3.61129e-05 2.07693e-05 1.1014e-05 5.38135e-06 2.42268e-06 1.00581e-06 3.85603e-07 1.36729e-07 4.49112e-08 1.36814e-08 3.86692e-09 1.01313e-09 2.45332e-10 5.45651e-11 1.10153e-11 1.97375e-12 3.00169e-13 3.49148e-14 2.21603e-15 0 
0 1.28856e-07 1.25879e-06 6.38064e-06 2.33082e-05 6.76571e-05 0.000162748 0.000332349 0.000587013 0.000912529 0.0012699 0.00160716 0.0018747 0.00203648 0.00207459 0.00198931 0.00179689 0.00152622 0.00121434 0.000900444 0.000618715 0.00039183 0.000227723 0.000121131 5.89201e-05 2.62268e-05 1.07038e-05 4.01574e-06 1.38886e-06 4.43971e-07 1.31449e-07 3.6087e-08 9.18336e-09 2.16083e-09 4.67348e-10 9.18354e-11 1.6036e-11 2.37959e-12 2.70419e-13 1.67901e-14 0 
0 6.28717e-07 6.38064e-06 3.34076e-05 0.000124665 0.000363711 0.000862153 0.00170087 0.00285742 0.00419186 0.005509 0.00663628 0.0074615 0.00793059 0.00803029 0.00777356 0.00719258 0.00633858 0.00528556 0.00413265 0.00299754 0.00199539 0.00120807 0.000661344 0.000326734 0.000145905 5.91243e-05 2.18513e-05 7.40333e-06 2.30986e-06 6.66021e-07 1.77868e-07 4.40169e-08 1.00745e-08 2.12091e-09 4.06059e-10 6.91631e-11 1.00237e-11 1.11398e-12 6.77295e-14 0 
0 2.22528e-06 2.33082e-05 0.000124665 0.000466325 0.00132741 0.00297719 0.00541555 0.00828194 0.0110887 0.0134879 0.0153273 0.0165745 0.0172441 0.0173642 0.0169664 0.0160836 0.0147499 0.0130052 0.0109125 0.00858833 0.00622834 0.00408769 0.0023933 0.00124089 0.000569971 0.000233389 8.59714e-05 2.87538e-05 8.80127e-06 2.48039e-06 6.46131e-07 1.55834e-07 3.4758e-08 7.1342e-09 1.33281e-09 2.21754e-10 3.14316e-11 3.42065e-12 2.03919e-13 0 
0 6.3183e-06 6.76571e-05 0.000363711 0.00132741 0.00354497 0.00719411 0.0116414 0.0159695 0.0196558 0.0225849 0.0247817 0.0262726 0.0270709 0.0271945 0.0266785 0.0255756 0.0239465 0.0218442 0.0192999 0.016328 0.0129805 0.00945033 0.00612835 0.00346444 0.00169278 0.000718407 0.000268355 8.96004e-05 2.71039e-05 7.50348e-06 1.9137e-06 4.51152e-07 9.83083e-08 1.97165e-08 3.60142e-09 5.86405e-10 8.14303e-11 8.6923e-12 5.08878e-13 0 
0 1.50405e-05 0.000162748 0.000862153 0.00297719 0.00719411 0.0128964 0.0186528 0.0236746 0.0278916 0.0313684 0.0340886 0.03599 0.0370221 0.0371755 0.0364892 0.0350456 0.0329585 0.0303532 0.0273381 0.023969 0.0202252 0.0160603 0.0115955 0.0073215 0.00392922 0.00177966 0.000688946 0.000232974 7.02958e-05 1.92357e-05 4.82483e-06 1.11577e-06 2.3824e-07 4.68106e-08 8.37993e-09 1.33824e-09 1.82431e-10 1.91375e-11 1.10225e-12 0 
0 3.07696e-05 0.000332349 0.00170087 0.00541555 0.0116414 0.0186528 0.0250618 0.0307191 0.0357374 0.0400523 0.0435026 0.0459376 0.0472639 0.0474593 0.046572 0.0447119 0.0420363 0.0387309 0.0349866 0.0309645 0.0267445 0.0222711 0.0173982 0.012192 0.00729318 0.0036112 0.00148135 0.000515563 0.00015681 4.27091e-05 1.05879e-05 2.41124e-06 5.06153e-07 9.77162e-08 1.71896e-08 2.69892e-09 3.62013e-10 3.74007e-11 2.12362e-12 0 
0 5.50439e-05 0.000587013 0.00285742 0.00828194 0.0159695 0.0236746 0.0307191 0.037279 0.0433111 0.0485716 0.0527971 0.0557824 0.0574076 0.0576444 0.0565521 0.054266 0.0509808 0.0469292 0.0423598 0.0375104 0.0325685 0.0276037 0.0224883 0.0169791 0.0112133 0.00612588 0.00270707 0.000984058 0.000304866 8.32289e-05 2.0496e-05 4.61501e-06 9.55662e-07 1.81837e-07 3.15223e-08 4.87891e-09 6.45517e-10 6.58349e-11 3.69344e-12 0 
0 8.73451e-05 0.000912529 0.00419186 0.0110887 0.0196558 0.0278916 0.0357374 0.0433111 0.0503638 0.0565326 0.061489 0.0649892 0.0668921 0.067165 0.0658781 0.0631904 0.0593305 0.0545722 0.0492095 0.0435317 0.0377947 0.032173 0.026666 0.0210124 0.0149405 0.00893428 0.00427786 0.00164037 0.000522051 0.000143746 3.53286e-05 7.89533e-06 1.61835e-06 3.04446e-07 5.21635e-08 7.98128e-09 1.04441e-09 1.05423e-10 5.85837e-12 0 
0 0.000124524 0.0012699 0.005509 0.0134879 0.0225849 0.0313684 0.0400523 0.0485716 0.0565326 0.0634977 0.0690917 0.0730391 0.0751814 0.0754824 0.0740221 0.0709808 0.0666164 0.0612383 0.0551785 0.0487656 0.0422991 0.0360161 0.0300214 0.0241568 0.0180097 0.0115693 0.00596904 0.00242104 0.000795384 0.000221888 5.46354e-05 1.21609e-05 2.47545e-06 4.61873e-07 7.84565e-08 1.19023e-08 1.54494e-09 1.54789e-10 8.5446e-12 0 
0 0.000161323 0.00160716 0.00663628 0.0153273 0.0247817 0.0340886 0.0435026 0.0527971 0.061489 0.0690917 0.0751945 0.0794971 0.0818273 0.0821468 0.0805435 0.077215 0.0724435 0.0665665 0.0599465 0.0529423 0.0458833 0.0390433 0.0325909 0.0264697 0.0202833 0.0137051 0.00751807 0.00321104 0.00108943 0.000308587 7.63342e-05 1.69726e-05 3.4417e-06 6.38923e-07 1.07945e-07 1.62897e-08 2.1043e-09 2.09971e-10 1.15539e-11 0 
0 0.000191781 0.0018747 0.0074615 0.0165745 0.0262726 0.03599 0.0459376 0.0557824 0.0649892 0.0730391 0.0794971 0.0840456 0.0865033 0.0868305 0.0851215 0.0815863 0.0765244 0.0702935 0.0632776 0.0558564 0.0483793 0.0411413 0.0343457 0.0280044 0.0217803 0.0152002 0.00872001 0.00388342 0.00135551 0.000389776 9.70199e-05 2.16038e-05 4.37736e-06 8.11246e-07 1.36808e-07 2.06146e-08 2.66086e-09 2.65545e-10 1.46316e-11 0 
0 0.00021084 0.00203648 0.00793059 0.0172441 0.0270709 0.0370221 0.0472639 0.0574076 0.0668921 0.0751814 0.0818273 0.0865033 0.0890234 0.0893477 0.0875745 0.083921 0.0786966 0.0722704 0.065038 0.0573905 0.0496877 0.042235 0.0352523 0.0287882 0.0225557 0.0160333 0.00946255 0.00433851 0.00154755 0.000450841 0.000113018 2.52646e-05 5.13219e-06 9.53283e-07 1.6118e-07 2.43697e-08 3.15988e-09 3.17242e-10 1.7615e-11 0 
0 0.000215572 0.00207459 0.00803029 0.0173642 0.0271945 0.0371755 0.0474593 0.0576444 0.067165 0.0754824 0.0821468 0.0868305 0.0893477 0.0896593 0.087865 0.0841839 0.0789276 0.0724672 0.0652005 0.0575202 0.0497873 0.0423086 0.0353077 0.0288464 0.0226641 0.016237 0.00971415 0.00452504 0.00163657 0.000481802 0.000121756 2.74087e-05 5.60657e-06 1.04938e-06 1.79001e-07 2.73472e-08 3.58986e-09 3.65644e-10 2.06426e-11 0 
0 0.00020571 0.00198931 0.00777356 0.0169664 0.0266785 0.0364892 0.046572 0.0565521 0.0658781 0.0740221 0.0805435 0.0851215 0.0875745 0.087865 0.0860916 0.0824702 0.0773068 0.0709663 0.0638389 0.0563097 0.0487325 0.0414074 0.0345514 0.0282211 0.0221589 0.0158654 0.00950104 0.00444383 0.00161864 0.000480909 0.000122831 2.7988e-05 5.80511e-06 1.10404e-06 1.91816e-07 2.99248e-08 4.02153e-09 4.20319e-10 2.43948e-11 0 
0 0.000183493 0.00179689 0.00719258 0.0160836 0.0255756 0.0350456 0.0447119 0.054266 0.0631904 0.0709808 0.077215 0.0815863 0.083921 0.0841839 0.0824702 0.0789874 0.0740296 0.067947 0.0611138 0.0538996 0.0466431 0.0396302 0.0330625 0.026975 0.0210983 0.014986 0.00889279 0.00414199 0.00151497 0.000455409 0.000118352 2.75599e-05 5.86479e-06 1.14854e-06 2.06149e-07 3.33122e-08 4.6448e-09 5.03925e-10 3.03343e-11 0 
0 0.000152978 0.00152622 0.00633858 0.0147499 0.0239465 0.0329585 0.0420363 0.0509808 0.0593305 0.0666164 0.0724435 0.0765244 0.0786966 0.0789276 0.0773068 0.0740296 0.069372 0.0636626 0.0572528 0.050489 0.0436885 0.0371165 0.0309491 0.0251868 0.0195485 0.0136866 0.00799784 0.00370277 0.00136608 0.000419738 0.000112595 2.72576e-05 6.06177e-06 1.24484e-06 2.3463e-07 3.97848e-08 5.80482e-09 6.56097e-10 4.09155e-11 0 
0 0.000119027 0.00121434 0.00528556 0.0130052 0.0218442 0.0303532 0.0387309 0.0469292 0.0545722 0.0612383 0.0665665 0.0702935 0.0722704 0.0724672 0.0709663 0.067947 0.0636626 0.0584148 0.0525263 0.0463147 0.0400701 0.0340297 0.0283344 0.0229443 0.0175925 0.0120888 0.00696061 0.00323145 0.00122278 0.000392668 0.000111469 2.8749e-05 6.82345e-06 1.49176e-06 2.97568e-07 5.29671e-08 8.03859e-09 9.36402e-10 5.96719e-11 0 
0 8.6227e-05 0.000900444 0.00413265 0.0109125 0.0192999 0.0273381 0.0349866 0.0423598 0.0492095 0.0551785 0.0599465 0.0632776 0.065038 0.0652005 0.0638389 0.0611138 0.0572528 0.0525263 0.0472236 0.0416295 0.0360009 0.0305391 0.0253417 0.0203415 0.0153447 0.0103586 0.00594782 0.00283694 0.00113772 0.00039545 0.000122489 3.43695e-05 8.78371e-06 2.0389e-06 4.25465e-07 7.81439e-08 1.20945e-08 1.42323e-09 9.09488e-11 0 
0 5.79949e-05 0.000618715 0.00299754 0.00858833 0.016328 0.023969 0.0309645 0.0375104 0.0435317 0.0487656 0.0529423 0.0558564 0.0573905 0.0575202 0.0563097 0.0538996 0.050489 0.0463147 0.0416295 0.0366803 0.0316847 0.0268001 0.0220855 0.0174916 0.0129687 0.00869323 0.00511573 0.00261135 0.00116025 0.000452431 0.000155809 4.7567e-05 1.29017e-05 3.10812e-06 6.61339e-07 1.22257e-07 1.88722e-08 2.20131e-09 1.38872e-10 0 
0 3.61129e-05 0.00039183 0.00199539 0.00622834 0.0129805 0.0202252 0.0267445 0.0325685 0.0377947 0.0422991 0.0458833 0.0483793 0.0496877 0.0497873 0.0487325 0.0466431 0.0436885 0.0400701 0.0360009 0.0316847 0.0272927 0.0229398 0.0186796 0.0145512 0.0106732 0.00727306 0.0045639 0.0026091 0.0013324 0.000593051 0.00022609 7.35816e-05 2.05951e-05 5.00319e-06 1.05793e-06 1.9268e-07 2.91634e-08 3.32745e-09 2.05146e-10 0 
0 2.07693e-05 0.000227723 0.00120807 0.00408769 0.00945033 0.0160603 0.0222711 0.0276037 0.032173 0.0360161 0.0390433 0.0411413 0.042235 0.0423086 0.0414074 0.0396302 0.0371165 0.0340297 0.0305391 0.0268001 0.0229398 0.0190591 0.015268 0.0117341 0.00866849 0.00620623 0.00431042 0.00283715 0.00168547 0.000854258 0.00035515 0.000120227 3.37639e-05 8.06251e-06 1.66022e-06 2.9345e-07 4.30762e-08 4.77017e-09 2.85849e-10 0 
0 1.1014e-05 0.000121131 0.000661344 0.0023933 0.00612835 0.0115955 0.0173982 0.0224883 0.026666 0.0300214 0.0325909 0.0343457 0.0352523 0.0353077 0.0345514 0.0330625 0.0309491 0.0283344 0.0253417 0.0220855 0.0186796 0.015268 0.0120554 0.00928684 0.00714742 0.00564425 0.00455389 0.00352917 0.00240663 0.00134779 0.000592821 0.000202158 5.50422e-05 1.2547e-05 2.46765e-06 4.18598e-07 5.92212e-08 6.34228e-09 3.68701e-10 0 
0 5.38135e-06 5.89201e-05 0.000326734 0.00124089 0.00346444 0.0073215 0.012192 0.0169791 0.0210124 0.0241568 0.0264697 0.0280044 0.0287882 0.0288464 0.0282211 0.026975 0.0251868 0.0229443 0.0203415 0.0174916 0.0145512 0.0117341 0.00928684 0.00745669 0.00652334 0.00666924 0.00728454 0.0069329 0.00506497 0.00276377 0.0011463 0.000363939 9.02719e-05 1.86653e-05 3.39828e-06 5.46088e-07 7.41879e-08 7.68207e-09 4.33692e-10 0 
0 2.42268e-06 2.62268e-05 0.000145905 0.000569971 0.00169278 0.00392922 0.00729318 0.0112133 0.0149405 0.0180097 0.0202833 0.0217803 0.0225557 0.0226641 0.0221589 0.0210983 0.0195485 0.0175925 0.0153447 0.0129687 0.0106732 0.00866849 0.00714742 0.00652334 0.0079919 0.0126583 0.0182669 0.019469 0.0143823 0.00731495 0.0026477 0.000720956 0.00015257 2.68121e-05 4.29721e-06 6.4009e-07 8.32024e-08 8.34998e-09 4.59432e-10 0 
0 1.00581e-06 1.07038e-05 5.91243e-05 0.000233389 0.000718407 0.00177966 0.0036112 0.00612588 0.00893428 0.0115693 0.0137051 0.0152002 0.0160333 0.016237 0.0158654 0.014986 0.0136866 0.0120888 0.0103586 0.00869323 0.00727306 0.00620623 0.00564425 0.00666924 0.0126583 0.0262758 0.041772 0.0458789 0.0339736 0.0168936 0.00571256 0.00137663 0.000249961 3.66073e-05 4.94954e-06 6.64878e-07 8.23188e-08 8.04177e-09 4.33743e-10 0 
0 3.85603e-07 4.01574e-06 2.18513e-05 8.59714e-05 0.000268355 0.000688946 0.00148135 0.00270707 0.00427786 0.00596904 0.00751807 0.00872001 0.00946255 0.00971415 0.00950104 0.00889279 0.00799784 0.00696061 0.00594782 0.00511573 0.0045639 0.00431042 0.00455389 0.00728454 0.0182669 0.041772 0.0682277 0.0755238 0.0559641 0.0276715 0.00916589 0.00208858 0.000344443 4.38631e-05 5.03252e-06 6.02146e-07 7.09484e-08 6.79217e-09 3.61864e-10 0 
0 1.36729e-07 1.38886e-06 7.40333e-06 2.87538e-05 8.96004e-05 0.000232974 0.000515563 0.000984058 0.00164037 0.00242104 0.00321104 0.00388342 0.00433851 0.00452504 0.00444383 0.00414199 0.00370277 0.00323145 0.00283694 0.00261135 0.0026091 0.00283715 0.00352917 0.0069329 0.019469 0.0458789 0.0755238 0.0837858 0.0620992 0.030657 0.0100954 0.00225503 0.000354846 4.16325e-05 4.26035e-06 4.64239e-07 5.26651e-08 4.99229e-09 2.65125e-10 0 
0 4.49112e-08 4.43971e-07 2.30986e-06 8.80127e-06 2.71039e-05 7.02958e-05 0.00015681 0.000304866 0.000522051 0.000795384 0.00108943 0.00135551 0.00154755 0.00163657 0.00161864 0.00151497 0.00136608 0.00122278 0.00113772 0.00116025 0.0013324 0.00168547 0.00240663 0.00506497 0.0143823 0.0339736 0.0559641 0.0620992 0.0460267 0.0227198 0.00747849 0.00166431 0.000257285 2.91241e-05 2.83444e-06 2.96922e-07 3.33636e-08 3.17754e-09 1.69914e-10 0 
0 1.36814e-08 1.31449e-07 6.66021e-07 2.48039e-06 7.50348e-06 1.92357e-05 4.27091e-05 8.32289e-05 0.000143746 0.000221888 0.000308587 0.000389776 0.000450841 0.000481802 0.000480909 0.000455409 0.000419738 0.000392668 0.00039545 0.000452431 0.000593051 0.000854258 0.00134779 0.00276377 0.00731495 0.0168936 0.0276715 0.030657 0.0227198 0.0112285 0.00371086 0.000830279 0.000128309 1.45437e-05 1.43852e-06 1.5542e-07 1.79709e-08 1.74823e-09 9.50803e-11 0 
0 3.86692e-09 3.6087e-08 1.77868e-07 6.46131e-07 1.9137e-06 4.82483e-06 1.05879e-05 2.0496e-05 3.53286e-05 5.46354e-05 7.63342e-05 9.70199e-05 0.000113018 0.000121756 0.000122831 0.000118352 0.000112595 0.000111469 0.000122489 0.000155809 0.00022609 0.00035515 0.000592821 0.0011463 0.0026477 0.00571256 0.00916589 0.0100954 0.00747849 0.00371086 0.0012378 0.000280007 4.39669e-05 5.20034e-06 5.6208e-07 6.71282e-08 8.25922e-09 8.32279e-10 4.6449e-11 0 
0 1.01313e-09 9.18336e-09 4.40169e-08 1.55834e-07 4.51152e-07 1.11577e-06 2.41124e-06 4.61501e-06 7.89533e-06 1.21609e-05 1.69726e-05 2.16038e-05 2.52646e-05 2.74087e-05 2.7988e-05 2.75599e-05 2.72576e-05 2.8749e-05 3.43695e-05 4.7567e-05 7.35816e-05 0.000120227 0.000202158 0.000363939 0.000720956 0.00137663 0.00208858 0.00225503 0.00166431 0.000830279 0.000280007 6.45441e-05 1.05975e-05 1.38963e-06 1.77486e-07 2.45429e-08 3.26538e-09 3.43752e-10 1.98236e-11 0 
0 2.45332e-10 2.16083e-09 1.00745e-08 3.4758e-08 9.83083e-08 2.3824e-07 5.06153e-07 9.55662e-07 1.61835e-06 2.47545e-06 3.4417e-06 4.37736e-06 5.13219e-06 5.60657e-06 5.80511e-06 5.86479e-06 6.06177e-06 6.82345e-06 8.78371e-06 1.29017e-05 2.05951e-05 3.37639e-05 5.50422e-05 9.02719e-05 0.00015257 0.000249961 0.000344443 0.000354846 0.000257285 0.000128309 4.39669e-05 1.05975e-05 1.92708e-06 3.04606e-07 4.85353e-08 7.79385e-09 1.11879e-09 1.23456e-10 7.39274e-12 0 
0 5.45651e-11 4.67348e-10 2.12091e-09 7.1342e-09 1.97165e-08 4.68106e-08 9.77162e-08 1.81837e-07 3.04446e-07 4.61873e-07 6.38923e-07 8.11246e-07 9.53283e-07 1.04938e-06 1.10404e-06 1.14854e-06 1.24484e-06 1.49176e-06 2.0389e-06 3.10812e-06 5.00319e-06 8.06251e-06 1.2547e-05 1.86653e-05 2.68121e-05 3.66073e-05 4.38631e-05 4.16325e-05 2.91241e-05 1.45437e-05 5.20034e-06 1.38963e-06 3.04606e-07 6.15429e-08 1.20381e-08 2.1723e-09 3.32972e-10 3.85433e-11 2.40422e-12 0 
0 1.10153e-11 9.18354e-11 4.06059e-10 1.33281e-09 3.60142e-09 8.37993e-09 1.71896e-08 3.15223e-08 5.21635e-08 7.84565e-08 1.07945e-07 1.36808e-07 1.6118e-07 1.79001e-07 1.91816e-07 2.06149e-07 2.3463e-07 2.97568e-07 4.25465e-07 6.61339e-07 1.05793e-06 1.66022e-06 2.46765e-06 3.39828e-06 4.29721e-06 4.94954e-06 5.03252e-06 4.26035e-06 2.83444e-06 1.43852e-06 5.6208e-07 1.77486e-07 4.85353e-08 1.20381e-08 2.69848e-09 5.28045e-10 8.56755e-11 1.04019e-11 6.77061e-13 0 
0 1.97375e-12 1.6036e-11 6.91631e-11 2.21754e-10 5.86405e-10 1.33824e-09 2.69892e-09 4.87891e-09 7.98128e-09 1.19023e-08 1.62897e-08 2.06146e-08 2.43697e-08 2.73472e-08 2.99248e-08 3.33122e-08 3.97848e-08 5.29671e-08 7.81439e-08 1.22257e-07 1.9268e-07 2.9345e-07 4.18598e-07 5.46088e-07 6.4009e-07 6.64878e-07 6.02146e-07 4.64239e-07 2.96922e-07 1.5542e-07 6.71282e-08 2.45429e-08 7.79385e-09 2.1723e-09 5.28045e-10 1.09801e-10 1.87633e-11 2.38774e-12 1.62271e-13 0 
0 3.00169e-13 2.37959e-12 1.00237e-11 3.14316e-11 8.14303e-11 1.82431e-10 3.62013e-10 6.45517e-10 1.04441e-09 1.54494e-09 2.1043e-09 2.66086e-09 3.15988e-09 3.58986e-09 4.02153e-09 4.6448e-09 5.80482e-09 8.03859e-09 1.20945e-08 1.88722e-08 2.91634e-08 4.30762e-08 5.92212e-08 7.41879e-08 8.32024e-08 8.23188e-08 7.09484e-08 5.26651e-08 3.33636e-08 1.79709e-08 8.25922e-09 3.26538e-09 1.11879e-09 3.32972e-10 8.56755e-11 1.87633e-11 3.36616e-12 4.48417e-13 3.18055e-14 0 
0 3.49148e-14 2.70419e-13 1.11398e-12 3.42065e-12 8.6923e-12 1.91375e-11 3.74007e-11 6.58349e-11 1.05423e-10 1.54789e-10 2.09971e-10 2.65545e-10 3.17242e-10 3.65644e-10 4.20319e-10 5.03925e-10 6.56097e-10 9.36402e-10 1.42323e-09 2.20131e-09 3.32745e-09 4.77017e-09 6.34228e-09 7.68207e-09 8.34998e-09 8.04177e-09 6.79217e-09 4.99229e-09 3.17754e-09 1.74823e-09 8.32279e-10 3.43752e-10 1.23456e-10 3.85433e-11 1.04019e-11 2.38774e-12 4.48417e-13 6.24156e-14 4.61536e-15 0 
0 2.21603e-15 1.67901e-14 6.77295e-14 2.03919e-13 5.08878e-13 1.10225e-12 2.12362e-12 3.69344e-12 5.85837e-12 8.5446e-12 1.15539e-11 1.46316e-11 1.7615e-11 2.06426e-11 2.43948e-11 3.03343e-11 4.09155e-11 5.96719e-11 9.09488e-11 1.38872e-10 2.05146e-10 2.85849e-10 3.68701e-10 4.33692e-10 4.59432e-10 4.33743e-10 3.61864e-10 2.65125e-10 1.69914e-10 9.50803e-11 4.6449e-11 1.98236e-11 7.39274e-12 2.40422e-12 6.77061e-13 1.62271e-13 3.18055e-14 4.61536e-15 3.55242e-16 0 
0 0 0 0 0 0 0 0 0 0 0 0 0 0 0 0 0 0 0 0 0 0 0 0 0 0 0 0 0 0 0 0 0 0 0 0 0 0 0 0 0 
