0 0 0 0 0 0 0 0 0 0 0 0 0 0 0 0 0 0 0 0 0 0 0 0 0 0 0 0 0 0 0 0 0 0 0 0 0 0 0 0 0 
0 1.92481e-07 1.68798e-06 7.2031e-06 2.07039e-05 4.47576e-05 7.78647e-05 0.000115091 0.000151093 0.000182283 0.000207092 0.00022528 0.000237199 0.000243352 0.000244195 0.000240083 0.000231275 0.000217974 0.000200403 0.000178916 0.000154158 0.000127198 9.9588e-05 7.32276e-05 5.00248e-05 3.14165e-05 1.79704e-05 9.29622e-06 4.33043e-06 1.81366e-06 6.83303e-07 2.31941e-07 7.10276e-08 1.9619e-08 4.87165e-09 1.07777e-09 2.08311e-10 3.37199e-11 4.12878e-12 2.73353e-13 0 
0 1.68798e-06 1.49703e-05 6.13753e-05 0.000159126 0.000294793 0.000430429 0.000539844 0.000620133 0.000678825 0.00072277 0.000755313 0.00077735 0.000788859 0.000789892 0.00078098 0.00076316 0.000737723 0.000705766 0.000667631 0.000622386 0.000567719 0.000500752 0.000420077 0.000328471 0.000234337 0.000149592 8.42276e-05 4.15252e-05 1.79228e-05 6.8063e-06 2.29074e-06 6.87906e-07 1.85081e-07 4.46048e-08 9.56324e-09 1.79109e-09 2.81163e-10 3.34295e-11 2.15264e-12 0 
0 7.2031e-06 6.13753e-05 0.00022162 0.000467667 0.000693659 0.000854228 0.000976359 0.00108712 0.00119289 0.00128897 0.00136834 0.0014253 0.00145638 0.00146049 0.00143871 0.00139404 0.00133098 0.00125513 0.00117264 0.00108934 0.00100936 0.000932893 0.00085377 0.000759215 0.00063567 0.000481705 0.000317998 0.000178085 8.3835e-05 3.33978e-05 1.14336e-05 3.41938e-06 9.0442e-07 2.12757e-07 4.43736e-08 8.07553e-09 1.23211e-09 1.42531e-10 8.94293e-12 0 
0 2.07039e-05 0.000159126 0.000467667 0.000783608 0.00100888 0.00120546 0.00141544 0.00163473 0.00184642 0.00203472 0.00218734 0.00229563 0.00235467 0.00236315 0.00232322 0.00223997 0.00212087 0.00197501 0.00181246 0.00164369 0.00147908 0.00132832 0.00119835 0.00108871 0.000984609 0.000855601 0.000674307 0.000452621 0.000247649 0.000109247 3.95143e-05 1.20523e-05 3.17901e-06 7.36394e-07 1.50272e-07 2.66846e-08 3.97004e-09 4.48057e-10 2.74587e-11 0 
0 4.47576e-05 0.000294793 0.000693659 0.00100888 0.00128841 0.00160745 0.00195835 0.0023141 0.00265013 0.00294565 0.00318381 0.0033524 0.00344433 0.00345786 0.00339629 0.00326738 0.00308228 0.00285452 0.00259873 0.00232967 0.00206143 0.00180704 0.00157852 0.00138627 0.00123471 0.00111094 0.000973464 0.000770624 0.000505127 0.000258978 0.000103316 3.31069e-05 8.86903e-06 2.04558e-06 4.11355e-07 7.16378e-08 1.04337e-08 1.15257e-09 6.91857e-11 0 
0 7.78647e-05 0.000430429 0.000854228 0.00120546 0.00160745 0.0020768 0.00257965 0.00308244 0.00355456 0.00396862 0.00430187 0.00453761 0.00466618 0.0046852 0.00459929 0.0044192 0.00416041 0.00384149 0.00348254 0.00310359 0.00272333 0.00235831 0.00202272 0.00172887 0.00148764 0.00130451 0.00116386 0.00100953 0.000772054 0.000468036 0.00021306 7.38948e-05 2.05092e-05 4.76799e-06 9.52284e-07 1.63537e-07 2.34162e-08 2.54077e-09 1.49842e-10 0 
0 0.000115091 0.000539844 0.000976359 0.00141544 0.00195835 0.00257965 0.00323789 0.0038934 0.00450787 0.00504635 0.00548019 0.00578919 0.00596016 0.00598581 0.00587092 0.00563324 0.00529518 0.00488003 0.00441274 0.00391876 0.00342192 0.00294301 0.00249911 0.00210375 0.00176809 0.00150197 0.00130812 0.00115861 0.000973125 0.000682882 0.000359009 0.000137765 4.03327e-05 9.56354e-06 1.91163e-06 3.25483e-07 4.60111e-08 4.9211e-09 2.86013e-10 0 
0 0.000151093 0.000620133 0.00108712 0.00163473 0.0023141 0.00308244 0.0038934 0.00469992 0.00545563 0.00612101 0.00667469 0.00710277 0.00735885 0.00740015 0.00722745 0.00688401 0.00643375 0.00591222 0.00533563 0.00472753 0.00411541 0.00352433 0.00297462 0.00248171 0.00205685 0.00170925 0.00144665 0.00126264 0.00110104 0.000856743 0.000514036 0.000220104 6.88153e-05 1.68018e-05 3.3834e-06 5.73913e-07 8.04094e-08 8.50566e-09 4.88622e-10 0 
0 0.000182283 0.000678825 0.00119289 0.00184642 0.00265013 0.00355456 0.00450787 0.00545563 0.00634819 0.00716876 0.00791665 0.00846219 0.00873592 0.00877669 0.00860283 0.00819808 0.00758651 0.00689911 0.00620041 0.00548297 0.00476312 0.00406754 0.00341962 0.00283681 0.00233105 0.0019106 0.00158275 0.0013502 0.00118188 0.000976954 0.000651296 0.000309427 0.000103759 2.62345e-05 5.34724e-06 9.07115e-07 1.26385e-07 1.32617e-08 7.55087e-10 0 
0 0.000207092 0.00072277 0.00128897 0.00203472 0.00294565 0.00396862 0.00504635 0.00612101 0.00716876 0.008201 0.00897243 0.00938789 0.00957822 0.0096054 0.00948274 0.00918858 0.00865528 0.00784717 0.00697579 0.00614392 0.00532792 0.00454117 0.00380781 0.00314707 0.00257176 0.00208964 0.00170655 0.00142744 0.00123719 0.00105324 0.000756967 0.000392758 0.000140711 3.68806e-05 7.62654e-06 1.29726e-06 1.80208e-07 1.8806e-08 1.06387e-09 0 
0 0.00022528 0.000755313 0.00136834 0.00218734 0.00318381 0.00430187 0.00548019 0.00667469 0.00791665 0.00897243 0.00956704 0.00988705 0.0100385 0.0100596 0.00995915 0.0097248 0.00931416 0.00862802 0.00765272 0.00668242 0.00577947 0.0049191 0.00411748 0.00339465 0.00276414 0.00223356 0.00180756 0.00149077 0.00127636 0.00109916 0.000829568 0.000460442 0.000174415 4.72251e-05 9.90616e-06 1.69172e-06 2.34748e-07 2.4415e-08 1.37521e-09 0 
0 0.000237199 0.00077735 0.0014253 0.00229563 0.0033524 0.00453761 0.00578919 0.00710277 0.00846219 0.00938789 0.00988705 0.0101655 0.0102994 0.0103174 0.0102265 0.0100181 0.00966133 0.00908129 0.00815895 0.00707913 0.00609628 0.00518225 0.00433281 0.0035666 0.00289763 0.00233346 0.00187796 0.00153498 0.00130142 0.00112419 0.000873392 0.000507533 0.000200319 5.56343e-05 1.18103e-05 2.02506e-06 2.81033e-07 2.9179e-08 1.63946e-09 0 
0 0.000243352 0.000788859 0.00145638 0.00235467 0.00344433 0.00466618 0.00596016 0.00735885 0.00873592 0.00957822 0.0100385 0.0102994 0.0104255 0.0104416 0.0103543 0.0101561 0.00982086 0.00928531 0.0084217 0.00730295 0.00626456 0.00531971 0.00444467 0.00365541 0.00296607 0.00238418 0.00191315 0.00155624 0.00131184 0.00113338 0.000893424 0.000532646 0.00021543 6.07906e-05 1.30086e-05 2.2377e-06 3.10782e-07 3.22556e-08 1.8107e-09 0 
0 0.000244195 0.000789892 0.00146049 0.00236315 0.00345786 0.0046852 0.00598581 0.00740015 0.00877669 0.0096054 0.0100596 0.0103174 0.0104416 0.0104567 0.010369 0.0101711 0.00983762 0.00930699 0.00845159 0.00732671 0.00627803 0.00532891 0.00445091 0.00365919 0.00296777 0.00238411 0.00191144 0.00155282 0.00130691 0.00112894 0.000893146 0.000536246 0.000218492 6.19885e-05 1.33085e-05 2.29358e-06 3.18901e-07 3.31224e-08 1.86036e-09 0 
0 0.000240083 0.00078098 0.00143871 0.00232322 0.00339629 0.00459929 0.00587092 0.00722745 0.00860283 0.00948274 0.00995915 0.0102265 0.0103543 0.010369 0.0102772 0.0100708 0.00972166 0.00916126 0.00826258 0.00715344 0.00614253 0.00521538 0.00435595 0.00358126 0.00290511 0.0023348 0.00187364 0.00152488 0.00128651 0.00111138 0.000874071 0.000519526 0.000209816 5.92422e-05 1.27011e-05 2.19003e-06 3.04932e-07 3.17283e-08 1.78551e-09 0 
0 0.000231275 0.00076316 0.00139404 0.00223997 0.00326738 0.0044192 0.00563324 0.00688401 0.00819808 0.00918858 0.0097248 0.0100181 0.0101561 0.0101711 0.0100708 0.00984483 0.00945765 0.00882332 0.00785506 0.00681752 0.00587614 0.00499173 0.00416979 0.00342939 0.00278386 0.00224033 0.00180246 0.00147393 0.00125084 0.00107975 0.000835925 0.000484107 0.000191047 5.32236e-05 1.1352e-05 1.95666e-06 2.72968e-07 2.84873e-08 1.60861e-09 0 
0 0.000217974 0.000737723 0.00133098 0.00212087 0.00308228 0.00416041 0.00529518 0.00643375 0.00758651 0.00865528 0.00931416 0.00966133 0.00982086 0.00983762 0.00972166 0.00945765 0.00899461 0.00823591 0.00727753 0.00636676 0.00550252 0.00467578 0.00390669 0.00321459 0.00261216 0.00210644 0.00170165 0.00140189 0.00119942 0.00103124 0.000777223 0.000432416 0.000164951 4.50805e-05 9.54664e-06 1.64497e-06 2.30177e-07 2.41303e-08 1.36961e-09 0 
0 0.000200403 0.000705766 0.00125513 0.00197501 0.00285452 0.00384149 0.00488003 0.00591222 0.00689911 0.00784717 0.00862802 0.00908129 0.00928531 0.00930699 0.00916126 0.00882332 0.00823591 0.00744214 0.00663004 0.005834 0.00504676 0.00428862 0.00358353 0.0029498 0.00239939 0.00193939 0.00157487 0.00130965 0.00112933 0.000960532 0.000696504 0.000368468 0.000135136 3.61787e-05 7.61169e-06 1.31319e-06 1.84662e-07 1.94864e-08 1.11401e-09 0 
0 0.000178916 0.000667631 0.00117264 0.00181246 0.00259873 0.00348254 0.00441274 0.00533563 0.00620041 0.00697579 0.00765272 0.00815895 0.0084217 0.00845159 0.00826258 0.00785506 0.00727753 0.00663004 0.00594895 0.00524296 0.00453525 0.00385275 0.00321822 0.00264848 0.00215487 0.00174479 0.00142406 0.00119462 0.00103304 0.000860183 0.000594749 0.00029856 0.000105609 2.7823e-05 5.83954e-06 1.01213e-06 1.43441e-07 1.52737e-08 8.81343e-10 0 
0 0.000154158 0.000622386 0.00108934 0.00164369 0.00232967 0.00310359 0.00391876 0.00472753 0.00548297 0.00614392 0.00668242 0.00707913 0.00730295 0.00732671 0.00715344 0.00681752 0.00636676 0.005834 0.00524296 0.00462047 0.00399459 0.0033904 0.00282825 0.00232346 0.00188686 0.00152623 0.00124729 0.00104792 0.000897705 0.000724578 0.000478801 0.000231163 8.01099e-05 2.10194e-05 4.43502e-06 7.75937e-07 1.1115e-07 1.19637e-08 6.97505e-10 0 
0 0.000127198 0.000567719 0.00100936 0.00147908 0.00206143 0.00272333 0.00342192 0.00411541 0.00476312 0.00532792 0.00577947 0.00609628 0.00626456 0.00627803 0.00614253 0.00587614 0.00550252 0.00504676 0.00453525 0.00399459 0.00344966 0.0029221 0.00242967 0.00198615 0.00160188 0.00128445 0.0010377 0.000856148 0.000713707 0.000559723 0.000363407 0.000175224 6.13486e-05 1.63295e-05 3.49428e-06 6.18978e-07 8.96149e-08 9.73382e-09 5.71907e-10 0 
0 9.9588e-05 0.000500752 0.000932893 0.00132832 0.00180704 0.00235831 0.00294301 0.00352433 0.00406754 0.00454117 0.0049191 0.00518225 0.00531971 0.00532891 0.00521538 0.00499173 0.00467578 0.00428862 0.00385275 0.0033904 0.0029221 0.00246581 0.00203656 0.00164677 0.00130679 0.00102417 0.000800879 0.000632055 0.000505347 0.000394001 0.000266579 0.000136607 5.03285e-05 1.38297e-05 3.00964e-06 5.37439e-07 7.80806e-08 8.49025e-09 4.98717e-10 0 
0 7.32276e-05 0.000420077 0.00085377 0.00119835 0.00157852 0.00202272 0.00249911 0.00297462 0.00341962 0.00380781 0.00411748 0.00433281 0.00444467 0.00445091 0.00435595 0.00416979 0.00390669 0.00358353 0.00321822 0.00282825 0.00242967 0.00203656 0.00166157 0.00131856 0.00102653 0.0008037 0.000643463 0.000510548 0.000385597 0.000282735 0.000199438 0.000114159 4.5897e-05 1.3132e-05 2.88483e-06 5.12704e-07 7.37565e-08 7.9313e-09 4.60775e-10 0 
0 5.00248e-05 0.000328471 0.000759215 0.00108871 0.00138627 0.00172887 0.00210375 0.00248171 0.00283681 0.00314707 0.00339465 0.0035666 0.00365541 0.00365919 0.00358126 0.00342939 0.00321459 0.0029498 0.00264848 0.00232346 0.00198615 0.00164677 0.00131856 0.00103379 0.00086108 0.000851877 0.00092157 0.000876216 0.000643795 0.000366346 0.000190325 0.000103635 4.51377e-05 1.34533e-05 2.95186e-06 5.15241e-07 7.25278e-08 7.63768e-09 4.35378e-10 0 
0 3.14165e-05 0.000234337 0.00063567 0.000984609 0.00123471 0.00148764 0.00176809 0.00205685 0.00233105 0.00257176 0.00276414 0.00289763 0.00296607 0.00296777 0.00290511 0.00278386 0.00261216 0.00239939 0.00215487 0.00188686 0.00160188 0.00130679 0.00102653 0.00086108 0.00101135 0.00159438 0.00240665 0.00282692 0.00181235 0.000921956 0.000341516 0.000118696 4.61208e-05 1.38767e-05 3.00533e-06 5.10969e-07 7.00068e-08 7.19504e-09 4.01542e-10 0 
0 1.79704e-05 0.000149592 0.000481705 0.000855601 0.00111094 0.00130451 0.00150197 0.00170925 0.0019106 0.00208964 0.00223356 0.00233346 0.00238418 0.00238411 0.0023348 0.00224033 0.00210644 0.00193939 0.00174479 0.00152623 0.00128445 0.00102417 0.0008037 0.000851877 0.00159438 0.00346352 0.00621837 0.00656227 0.00503823 0.00212846 0.000720226 0.000183421 5.01942e-05 1.37679e-05 2.87102e-06 4.72564e-07 6.30437e-08 6.33911e-09 3.47337e-10 0 
0 9.29622e-06 8.42276e-05 0.000317998 0.000674307 0.000973464 0.00116386 0.00130812 0.00144665 0.00158275 0.00170655 0.00180756 0.00187796 0.00191315 0.00191144 0.00187364 0.00180246 0.00170165 0.00157487 0.00142406 0.00124729 0.0010377 0.000800879 0.000643463 0.00092157 0.00240665 0.00621837 0.00716066 0.00728066 0.00682206 0.00425166 0.00115441 0.000266861 5.56177e-05 1.27524e-05 2.47328e-06 3.91855e-07 5.11169e-08 5.06102e-09 2.73968e-10 0 
0 4.33043e-06 4.15252e-05 0.000178085 0.000452621 0.000770624 0.00100953 0.00115861 0.00126264 0.0013502 0.00142744 0.00149077 0.00153498 0.00155624 0.00155282 0.00152488 0.00147393 0.00140189 0.00130965 0.00119462 0.00104792 0.000856148 0.000632055 0.000510548 0.000876216 0.00282692 0.00656227 0.00728066 0.00737681 0.00700879 0.00505984 0.00127283 0.000286364 5.32309e-05 1.04475e-05 1.85789e-06 2.83606e-07 3.64704e-08 3.58814e-09 1.935e-10 0 
0 1.81366e-06 1.79228e-05 8.3835e-05 0.000247649 0.000505127 0.000772054 0.000973125 0.00110104 0.00118188 0.00123719 0.00127636 0.00130142 0.00131184 0.00130691 0.00128651 0.00125084 0.00119942 0.00112933 0.00103304 0.000897705 0.000713707 0.000505347 0.000385597 0.000643795 0.00181235 0.00503823 0.00682206 0.00700879 0.00644316 0.00307813 0.000941916 0.000212281 3.89399e-05 7.05939e-06 1.17734e-06 1.75823e-07 2.25812e-08 2.23197e-09 1.21028e-10 0 
0 6.83303e-07 6.8063e-06 3.33978e-05 0.000109247 0.000258978 0.000468036 0.000682882 0.000856743 0.000976954 0.00105324 0.00109916 0.00112419 0.00113338 0.00112894 0.00111138 0.00107975 0.00103124 0.000960532 0.000860183 0.000724578 0.000559723 0.000394001 0.000282735 0.000366346 0.000921956 0.00212846 0.00425166 0.00505984 0.00307813 0.00141407 0.000467976 0.000108558 2.09909e-05 3.75327e-06 6.14946e-07 9.24055e-08 1.20515e-08 1.21064e-09 6.66283e-11 0 
0 2.31941e-07 2.29074e-06 1.14336e-05 3.95143e-05 0.000103316 0.00021306 0.000359009 0.000514036 0.000651296 0.000756967 0.000829568 0.000873392 0.000893424 0.000893146 0.000874071 0.000835925 0.000777223 0.000696504 0.000594749 0.000478801 0.000363407 0.000266579 0.000199438 0.000190325 0.000341516 0.000720226 0.00115441 0.00127283 0.000941916 0.000467976 0.000158671 3.9963e-05 8.42616e-06 1.55806e-06 2.64039e-07 4.11514e-08 5.53798e-09 5.7143e-10 3.21927e-11 0 
0 7.10276e-08 6.87906e-07 3.41938e-06 1.20523e-05 3.31069e-05 7.38948e-05 0.000137765 0.000220104 0.000309427 0.000392758 0.000460442 0.000507533 0.000532646 0.000536246 0.000519526 0.000484107 0.000432416 0.000368468 0.00029856 0.000231163 0.000175224 0.000136607 0.000114159 0.000103635 0.000118696 0.000183421 0.000266861 0.000286364 0.000212281 0.000108558 3.9963e-05 1.13258e-05 2.60602e-06 5.19541e-07 9.47826e-08 1.56424e-08 2.19694e-09 2.34794e-10 1.3637e-11 0 
0 1.9619e-08 1.85081e-07 9.0442e-07 3.17901e-06 8.86903e-06 2.05092e-05 4.03327e-05 6.88153e-05 0.000103759 0.000140711 0.000174415 0.000200319 0.00021543 0.000218492 0.000209816 0.000191047 0.000164951 0.000135136 0.000105609 8.01099e-05 6.13486e-05 5.03285e-05 4.5897e-05 4.51377e-05 4.61208e-05 5.01942e-05 5.56177e-05 5.32309e-05 3.89399e-05 2.09909e-05 8.42616e-06 2.60602e-06 6.59268e-07 1.45971e-07 2.91119e-08 5.12152e-09 7.55e-10 8.40519e-11 5.06008e-12 0 
0 4.87165e-09 4.46048e-08 2.12757e-07 7.36394e-07 2.04558e-06 4.76799e-06 9.56354e-06 1.68018e-05 2.62345e-05 3.68806e-05 4.72251e-05 5.56343e-05 6.07906e-05 6.19885e-05 5.92422e-05 5.32236e-05 4.50805e-05 3.61787e-05 2.7823e-05 2.10194e-05 1.63295e-05 1.38297e-05 1.3132e-05 1.34533e-05 1.38767e-05 1.37679e-05 1.27524e-05 1.04475e-05 7.05939e-06 3.75327e-06 1.55806e-06 5.19541e-07 1.45971e-07 3.58674e-08 7.76159e-09 1.45178e-09 2.25064e-10 2.61885e-11 1.64015e-12 0 
0 1.07777e-09 9.56324e-09 4.43736e-08 1.50272e-07 4.11355e-07 9.52284e-07 1.91163e-06 3.3834e-06 5.34724e-06 7.62654e-06 9.90616e-06 1.18103e-05 1.30086e-05 1.33085e-05 1.27011e-05 1.1352e-05 9.54664e-06 7.61169e-06 5.83954e-06 4.43502e-06 3.49428e-06 3.00964e-06 2.88483e-06 2.95186e-06 3.00533e-06 2.87102e-06 2.47328e-06 1.85789e-06 1.17734e-06 6.14946e-07 2.64039e-07 9.47826e-08 2.91119e-08 7.76159e-09 1.79612e-09 3.55507e-10 5.79582e-11 7.05987e-12 4.60928e-13 0 
0 2.08311e-10 1.79109e-09 8.07553e-09 2.66846e-08 7.16378e-08 1.63537e-07 3.25483e-07 5.73913e-07 9.07115e-07 1.29726e-06 1.69172e-06 2.02506e-06 2.2377e-06 2.29358e-06 2.19003e-06 1.95666e-06 1.64497e-06 1.31319e-06 1.01213e-06 7.75937e-07 6.18978e-07 5.37439e-07 5.12704e-07 5.15241e-07 5.10969e-07 4.72564e-07 3.91855e-07 2.83606e-07 1.75823e-07 9.24055e-08 4.11514e-08 1.56424e-08 5.12152e-09 1.45178e-09 3.55507e-10 7.41694e-11 1.27028e-11 1.61999e-12 1.10343e-13 0 
0 3.37199e-11 2.81163e-10 1.23211e-09 3.97004e-09 1.04337e-08 2.34162e-08 4.60111e-08 8.04094e-08 1.26385e-07 1.80208e-07 2.34748e-07 2.81033e-07 3.10782e-07 3.18901e-07 3.04932e-07 2.72968e-07 2.30177e-07 1.84662e-07 1.43441e-07 1.1115e-07 8.96149e-08 7.80806e-08 7.37565e-08 7.25278e-08 7.00068e-08 6.30437e-08 5.11169e-08 3.64704e-08 2.25812e-08 1.20515e-08 5.53798e-09 2.19694e-09 7.55e-10 2.25064e-10 5.79582e-11 1.27028e-11 2.28125e-12 3.04296e-13 2.16176e-14 0 
0 4.12878e-12 3.34295e-11 1.42531e-10 4.48057e-10 1.15257e-09 2.54077e-09 4.9211e-09 8.50566e-09 1.32617e-08 1.8806e-08 2.4415e-08 2.9179e-08 3.22556e-08 3.31224e-08 3.17283e-08 2.84873e-08 2.41303e-08 1.94864e-08 1.52737e-08 1.19637e-08 9.73382e-09 8.49025e-09 7.9313e-09 7.63768e-09 7.19504e-09 6.33911e-09 5.06102e-09 3.58814e-09 2.23197e-09 1.21064e-09 5.7143e-10 2.34794e-10 8.40519e-11 2.61885e-11 7.05987e-12 1.61999e-12 3.04296e-13 4.23831e-14 3.13721e-15 0 
0 2.73353e-13 2.15264e-12 8.94293e-12 2.74587e-11 6.91857e-11 1.49842e-10 2.86013e-10 4.88622e-10 7.55087e-10 1.06387e-09 1.37521e-09 1.63946e-09 1.8107e-09 1.86036e-09 1.78551e-09 1.60861e-09 1.36961e-09 1.11401e-09 8.81343e-10 6.97505e-10 5.71907e-10 4.98717e-10 4.60775e-10 4.35378e-10 4.01542e-10 3.47337e-10 2.73968e-10 1.935e-10 1.21028e-10 6.66283e-11 3.21927e-11 1.3637e-11 5.06008e-12 1.64015e-12 4.60928e-13 1.10343e-13 2.16176e-14 3.13721e-15 2.41588e-16 0 
0 0 0 0 0 0 0 0 0 0 0 0 0 0 0 0 0 0 0 0 0 0 0 0 0 0 0 0 0 0 0 0 0 0 0 0 0 0 0 0 0 
