0 0 0 0 0 0 0 0 0 0 0 0 0 0 0 0 0 0 0 0 0 0 0 0 0 0 0 0 0 0 0 0 0 0 0 0 0 0 0 0 0 
0 3.70319e-20 3.56967e-19 1.84404e-18 7.14785e-18 2.30558e-17 6.4711e-17 1.61686e-16 3.64314e-16 7.46155e-16 1.39633e-15 2.39632e-15 3.78205e-15 5.50256e-15 7.39592e-15 9.20267e-15 1.06228e-14 1.13999e-14 1.13987e-14 1.06432e-14 9.30111e-15 7.62438e-15 5.87493e-15 4.26368e-15 2.91948e-15 1.88883e-15 1.15586e-15 6.6944e-16 3.66968e-16 1.90275e-16 9.31809e-17 4.29876e-17 1.86065e-17 7.5093e-18 2.79915e-18 9.49345e-19 2.85624e-19 7.26936e-20 1.4068e-20 1.47367e-21 0 
0 3.56967e-19 3.54127e-18 1.88329e-17 7.51442e-17 2.49371e-16 7.1944e-16 1.84543e-15 4.26226e-15 8.93205e-15 1.70688e-14 2.9849e-14 4.78986e-14 7.06964e-14 9.61834e-14 1.20884e-13 1.40657e-13 1.51871e-13 1.52527e-13 1.42835e-13 1.25029e-13 1.02548e-13 7.89925e-14 5.72695e-14 3.91523e-14 2.52793e-14 1.54327e-14 8.914e-15 4.87169e-15 2.51755e-15 1.22829e-15 5.64283e-16 2.43087e-16 9.75794e-17 3.61513e-17 1.21759e-17 3.63456e-18 9.16888e-19 1.75707e-19 1.8208e-20 0 
0 1.84404e-18 1.88329e-17 1.03158e-16 4.2395e-16 1.44847e-15 4.29874e-15 1.13293e-14 2.6844e-14 5.76089e-14 1.12516e-13 2.00678e-13 3.27715e-13 4.91147e-13 6.77021e-13 8.60285e-13 1.01005e-12 1.09844e-12 1.10931e-12 1.0431e-12 9.15697e-13 7.52442e-13 5.802e-13 4.20792e-13 2.87619e-13 1.85586e-13 1.1318e-13 6.52796e-14 3.5611e-14 1.83604e-14 8.93245e-15 4.08938e-15 1.75425e-15 7.00631e-16 2.58015e-16 8.62903e-17 2.55493e-17 6.38582e-18 1.21108e-18 1.24065e-19 0 
0 7.14785e-18 7.51442e-17 4.2395e-16 1.79477e-15 6.31449e-15 1.92829e-14 5.22338e-14 1.27025e-13 2.79313e-13 5.57902e-13 1.01556e-12 1.68909e-12 2.57276e-12 3.59682e-12 4.62618e-12 5.48755e-12 6.01901e-12 6.12151e-12 5.78915e-12 5.10554e-12 4.21076e-12 3.25636e-12 2.3671e-12 1.6208e-12 1.04715e-12 6.39114e-13 3.68735e-13 2.01096e-13 1.03586e-13 5.03101e-14 2.29735e-14 9.82e-15 3.90372e-15 1.42915e-15 4.74552e-16 1.39321e-16 3.44824e-17 6.46748e-18 6.54439e-19 0 
0 2.30558e-17 2.49371e-16 1.44847e-15 6.31449e-15 2.28714e-14 7.18569e-14 2.00055e-13 4.99366e-13 1.12533e-12 2.29962e-12 4.27467e-12 7.24628e-12 1.12276e-11 1.59372e-11 2.07748e-11 2.4934e-11 2.763e-11 2.83518e-11 2.70215e-11 2.39934e-11 1.99076e-11 1.54778e-11 1.13047e-11 7.77337e-12 5.04071e-12 3.08611e-12 1.78487e-12 9.75024e-13 5.02612e-13 2.44035e-13 1.11267e-13 4.7426e-14 1.87726e-14 6.83291e-15 2.25223e-15 6.55338e-16 1.6051e-16 2.97488e-17 2.97066e-18 0 
0 6.4711e-17 7.1944e-16 4.29874e-15 1.92829e-14 7.18569e-14 2.32142e-13 6.64003e-13 1.70091e-12 3.92824e-12 8.21423e-12 1.55992e-11 2.69694e-11 4.25472e-11 6.13926e-11 8.12263e-11 9.88086e-11 1.10837e-10 1.15006e-10 1.10735e-10 9.92595e-11 8.30862e-11 6.51339e-11 4.79423e-11 3.3204e-11 2.16734e-11 1.33469e-11 7.75754e-12 4.25421e-12 2.19878e-12 1.06887e-12 4.87163e-13 2.0721e-13 8.16984e-14 2.95647e-14 9.67028e-15 2.78711e-15 6.74988e-16 1.235e-16 1.21571e-17 0 
0 1.61686e-16 1.84543e-15 1.13293e-14 5.22338e-14 2.00055e-13 6.64003e-13 1.94997e-12 5.1237e-12 1.21244e-11 2.59446e-11 5.03521e-11 8.88441e-11 1.42849e-10 2.09802e-10 2.82196e-10 3.48614e-10 3.9676e-10 4.17363e-10 4.0715e-10 3.69564e-10 3.13111e-10 2.48335e-10 1.84844e-10 1.29384e-10 8.52908e-11 5.29947e-11 3.10416e-11 1.71313e-11 8.89585e-12 4.33664e-12 1.97804e-12 8.40141e-13 3.3003e-13 1.18719e-13 3.85147e-14 1.09865e-14 2.62828e-15 4.74185e-16 4.59568e-17 0 
0 3.64314e-16 4.26226e-15 2.6844e-14 1.27025e-13 4.99366e-13 1.70091e-12 5.1237e-12 1.38005e-11 3.34479e-11 7.32402e-11 1.45306e-10 2.61832e-10 4.2951e-10 6.42996e-10 8.80852e-10 1.10751e-09 1.28217e-09 1.37138e-09 1.35983e-09 1.25428e-09 1.07961e-09 8.69633e-10 6.57115e-10 4.66635e-10 3.11794e-10 1.96131e-10 1.1613e-10 6.4666e-11 3.38087e-11 1.65543e-11 7.56454e-12 3.21008e-12 1.25643e-12 4.49105e-13 1.44402e-13 4.07271e-14 9.61237e-15 1.70775e-15 1.62724e-16 0 
0 7.46155e-16 8.93205e-15 5.76089e-14 2.79313e-13 1.12533e-12 3.92824e-12 1.21244e-11 3.34479e-11 8.29906e-11 1.85931e-10 3.77196e-10 6.94593e-10 1.16378e-09 1.77865e-09 2.48666e-09 3.18996e-09 3.76744e-09 4.11065e-09 4.15816e-09 3.91279e-09 3.43573e-09 2.82271e-09 2.17452e-09 1.57314e-09 1.06965e-09 6.83657e-10 4.10493e-10 2.31252e-10 1.21985e-10 6.00832e-11 2.75298e-11 1.16757e-11 4.5523e-12 1.61583e-12 5.1439e-13 1.43257e-13 3.33088e-14 5.81821e-15 5.44187e-16 0 
0 1.39633e-15 1.70688e-14 1.12516e-13 5.57902e-13 2.29962e-12 8.21423e-12 2.59446e-11 7.32402e-11 1.85931e-10 4.26132e-10 8.84226e-10 1.66523e-09 2.85323e-09 4.4596e-09 6.377e-09 8.3693e-09 1.01158e-08 1.13004e-08 1.17081e-08 1.12881e-08 1.01573e-08 8.55096e-09 6.74692e-09 4.99479e-09 3.47049e-09 2.26227e-09 1.38196e-09 7.89717e-10 4.21135e-10 2.08928e-10 9.60482e-11 4.0711e-11 1.58029e-11 5.56426e-12 1.75138e-12 4.80856e-13 1.0995e-13 1.88487e-14 1.72742e-15 0 
0 2.39632e-15 2.9849e-14 2.00678e-13 1.01556e-12 4.27467e-12 1.55992e-11 5.03521e-11 1.45306e-10 3.77196e-10 8.84226e-10 1.87726e-09 3.6186e-09 6.34913e-09 1.01679e-08 1.49077e-08 2.00761e-08 2.49206e-08 2.8615e-08 3.04988e-08 3.02689e-08 2.8048e-08 2.43155e-08 1.9747e-08 1.50302e-08 1.07183e-08 7.15336e-09 4.46017e-09 2.59192e-09 1.3998e-09 7.00154e-10 3.23022e-10 1.36774e-10 5.2804e-11 1.84168e-11 5.7213e-12 1.54558e-12 3.46835e-13 5.8234e-14 5.21914e-15 0 
0 3.78205e-15 4.78986e-14 3.27715e-13 1.68909e-12 7.24628e-12 2.69694e-11 8.88441e-11 2.61832e-10 6.94593e-10 1.66523e-09 3.6186e-09 7.14604e-09 1.28587e-08 2.11433e-08 3.18684e-08 4.41801e-08 5.65339e-08 6.70097e-08 7.38166e-08 7.57915e-08 7.26994e-08 6.52444e-08 5.48189e-08 4.3109e-08 3.16923e-08 2.17395e-08 1.38785e-08 8.22075e-09 4.50269e-09 2.27194e-09 1.05165e-09 4.44401e-10 1.70377e-10 5.87477e-11 1.79729e-11 4.76607e-12 1.04718e-12 1.71813e-13 1.50264e-14 0 
0 5.50256e-15 7.06964e-14 4.91147e-13 2.57276e-12 1.12276e-11 4.25472e-11 1.42849e-10 4.2951e-10 1.16378e-09 2.85323e-09 6.34913e-09 1.28587e-08 2.37679e-08 4.02161e-08 6.24934e-08 8.94948e-08 1.1853e-07 1.45685e-07 1.66691e-07 1.78001e-07 1.77712e-07 1.66016e-07 1.45089e-07 1.18477e-07 9.01994e-08 6.38358e-08 4.185e-08 2.53182e-08 1.40781e-08 7.16599e-09 3.3252e-09 1.40013e-09 5.31931e-10 1.80876e-10 5.43484e-11 1.41087e-11 3.02706e-12 4.84116e-13 4.12223e-14 0 
0 7.39592e-15 9.61834e-14 6.77021e-13 3.59682e-12 1.59372e-11 6.13926e-11 2.09802e-10 6.42996e-10 1.77865e-09 4.4596e-09 1.01679e-08 2.11433e-08 4.02161e-08 7.01906e-08 1.12791e-07 1.67461e-07 2.30526e-07 2.95207e-07 3.52655e-07 3.93816e-07 4.11562e-07 4.02499e-07 3.67914e-07 3.13573e-07 2.48347e-07 1.8201e-07 1.22869e-07 7.604e-08 4.29445e-08 2.20385e-08 1.02357e-08 4.2847e-09 1.60856e-09 5.37726e-10 1.58182e-10 4.0073e-11 8.37086e-12 1.30141e-12 1.07631e-13 0 
0 9.20267e-15 1.20884e-13 8.60285e-13 4.62618e-12 2.07748e-11 8.12263e-11 2.82196e-10 8.80852e-10 2.48666e-09 6.377e-09 1.49077e-08 3.18684e-08 6.24934e-08 1.12791e-07 1.88015e-07 2.90496e-07 4.17457e-07 5.5969e-07 7.01784e-07 8.24192e-07 9.06886e-07 9.3394e-07 8.97953e-07 8.02979e-07 6.64567e-07 5.06176e-07 3.52705e-07 2.23545e-07 1.28207e-07 6.62425e-08 3.07214e-08 1.27454e-08 4.71148e-09 1.5426e-09 4.42605e-10 1.09035e-10 2.21037e-11 3.33104e-12 2.66908e-13 0 
0 1.06228e-14 1.40657e-13 1.01005e-12 5.48755e-12 2.4934e-11 9.88086e-11 3.48614e-10 1.10751e-09 3.18996e-09 8.3693e-09 2.00761e-08 4.41801e-08 8.94948e-08 1.67461e-07 2.90496e-07 4.68857e-07 7.06432e-07 9.96457e-07 1.31846e-06 1.63774e-06 1.90862e-06 2.08213e-06 2.11789e-06 1.99763e-06 1.73551e-06 1.37849e-06 9.93529e-07 6.45279e-07 3.75483e-07 1.94899e-07 8.99636e-08 3.68431e-08 1.33522e-08 4.26278e-09 1.18789e-09 2.83454e-10 5.55712e-11 8.09358e-12 6.26766e-13 0 
0 1.13999e-14 1.51871e-13 1.09844e-12 6.01901e-12 2.763e-11 1.10837e-10 3.9676e-10 1.28217e-09 3.76744e-09 1.01158e-08 2.49206e-08 5.65339e-08 1.1853e-07 2.30526e-07 4.17457e-07 7.06432e-07 1.12074e-06 1.67115e-06 2.34556e-06 3.09903e-06 3.84786e-06 4.4735e-06 4.84231e-06 4.84368e-06 4.43753e-06 3.68783e-06 2.75409e-06 1.83305e-06 1.08042e-06 5.61615e-07 2.56918e-07 1.0335e-07 3.65282e-08 1.13131e-08 3.04729e-09 7.01351e-10 1.32496e-10 1.85939e-11 1.3883e-12 0 
0 1.13987e-14 1.52527e-13 1.10931e-12 6.12151e-12 2.83518e-11 1.15006e-10 4.17363e-10 1.37138e-09 4.11065e-09 1.13004e-08 2.8615e-08 6.70097e-08 1.45685e-07 2.95207e-07 5.5969e-07 9.96457e-07 1.67115e-06 2.64601e-06 3.9592e-06 5.59427e-06 7.44346e-06 9.27797e-06 1.07513e-05 1.14683e-05 1.11312e-05 9.71068e-06 7.52568e-06 5.13057e-06 3.05561e-06 1.58403e-06 7.14293e-07 2.80534e-07 9.61069e-08 2.87075e-08 7.43546e-09 1.64328e-09 2.98053e-10 4.01877e-11 2.88677e-12 0 
0 1.06432e-14 1.42835e-13 1.0431e-12 5.78915e-12 2.70215e-11 1.10735e-10 4.0715e-10 1.35983e-09 4.15816e-09 1.17081e-08 3.04988e-08 7.38166e-08 1.66691e-07 3.52655e-07 7.01784e-07 1.31846e-06 2.34556e-06 3.9592e-06 6.34385e-06 9.63438e-06 1.3813e-05 1.85684e-05 2.31734e-05 2.65109e-05 2.73952e-05 2.51784e-05 2.02861e-05 1.41599e-05 8.49647e-06 4.36952e-06 1.92874e-06 7.33916e-07 2.41898e-07 6.92272e-08 1.71452e-08 3.62217e-09 6.28566e-10 8.12215e-11 5.60313e-12 0 
0 9.30111e-15 1.25029e-13 9.15697e-13 5.10554e-12 2.39934e-11 9.92595e-11 3.69564e-10 1.25428e-09 3.91279e-09 1.12881e-08 3.02689e-08 7.57915e-08 1.78001e-07 3.93816e-07 8.24192e-07 1.63774e-06 3.09903e-06 5.59427e-06 9.63438e-06 1.57943e-05 2.45214e-05 3.57466e-05 4.83315e-05 5.96646e-05 6.60504e-05 6.4358e-05 5.42242e-05 3.89015e-05 2.35041e-05 1.19128e-05 5.08769e-06 1.85045e-06 5.79723e-07 1.575e-07 3.70588e-08 7.45046e-09 1.23317e-09 1.52402e-10 1.00853e-11 0 
0 7.62438e-15 1.02548e-13 7.52442e-13 4.21076e-12 1.99076e-11 8.30862e-11 3.13111e-10 1.07961e-09 3.43573e-09 1.01573e-08 2.8048e-08 7.26994e-08 1.77712e-07 4.11562e-07 9.06886e-07 1.90862e-06 3.84786e-06 7.44346e-06 1.3813e-05 2.45214e-05 4.13881e-05 6.57443e-05 9.68874e-05 0.000130175 0.000156509 0.000165173 0.000149648 0.000113347 6.99669e-05 3.47261e-05 1.39564e-05 4.66461e-06 1.33954e-06 3.37282e-07 7.44656e-08 1.41656e-08 2.23038e-09 2.63315e-10 1.67105e-11 0 
0 5.87493e-15 7.89925e-14 5.802e-13 3.25636e-12 1.54778e-11 6.51339e-11 2.48335e-10 8.69633e-10 2.82271e-09 8.55096e-09 2.43155e-08 6.52444e-08 1.66016e-07 4.02499e-07 9.3394e-07 2.08213e-06 4.4735e-06 9.27797e-06 1.85684e-05 3.57466e-05 6.57443e-05 0.00011426 0.00018513 0.00027631 0.000376427 0.00046008 0.000484155 0.000413111 0.00027066 0.000132145 4.82119e-05 1.3689e-05 3.2599e-06 7.01096e-07 1.39163e-07 2.46735e-08 3.6817e-09 4.15095e-10 2.52834e-11 0 
0 4.26368e-15 5.72695e-14 4.20792e-13 2.3671e-12 1.13047e-11 4.79423e-11 1.84844e-10 6.57115e-10 2.17452e-09 6.74692e-09 1.9747e-08 5.48189e-08 1.45089e-07 3.67914e-07 8.97953e-07 2.11789e-06 4.84231e-06 1.07513e-05 2.31734e-05 4.83315e-05 9.68874e-05 0.00018513 0.000336409 0.00058792 0.000991788 0.00153527 0.00197541 0.00192809 0.00134855 0.000658027 0.000223192 5.38534e-05 9.90131e-06 1.58245e-06 2.50611e-07 3.93208e-08 5.49327e-09 5.91254e-10 3.46366e-11 0 
0 2.91948e-15 3.91523e-14 2.87619e-13 1.6208e-12 7.77337e-12 3.3204e-11 1.29384e-10 4.66635e-10 1.57314e-09 4.99479e-09 1.50302e-08 4.3109e-08 1.18477e-07 3.13573e-07 8.02979e-07 1.99763e-06 4.84368e-06 1.14683e-05 2.65109e-05 5.96646e-05 0.000130175 0.00027631 0.00058792 0.00130447 0.00289184 0.00558085 0.00825335 0.00869536 0.00630072 0.00309016 0.00102053 0.000228319 3.56454e-05 4.25413e-06 4.73215e-07 5.84718e-08 7.36322e-09 7.53689e-10 4.25956e-11 0 
0 1.88883e-15 2.52793e-14 1.85586e-13 1.04715e-12 5.04071e-12 2.16734e-11 8.52908e-11 3.11794e-10 1.06965e-09 3.47049e-09 1.07183e-08 3.16923e-08 9.01994e-08 2.48347e-07 6.64567e-07 1.73551e-06 4.43753e-06 1.11312e-05 2.73952e-05 6.60504e-05 0.000156509 0.000376427 0.000991788 0.00289184 0.00798621 0.0175156 0.0276606 0.0301023 0.0221365 0.0108953 0.00357156 0.000779254 0.00011415 1.1681e-05 9.58519e-07 8.41177e-08 8.86974e-09 8.52535e-10 4.66398e-11 0 
0 1.15586e-15 1.54327e-14 1.1318e-13 6.39114e-13 3.08611e-12 1.33469e-11 5.29947e-11 1.96131e-10 6.83657e-10 2.26227e-09 7.15336e-09 2.17395e-08 6.38358e-08 1.8201e-07 5.06176e-07 1.37849e-06 3.68783e-06 9.71068e-06 2.51784e-05 6.4358e-05 0.000165173 0.00046008 0.00153527 0.00558085 0.0175156 0.0408382 0.0663529 0.0731539 0.0540864 0.0266539 0.00871665 0.00188587 0.000270088 2.59826e-05 1.80603e-06 1.16374e-07 9.61271e-09 8.49553e-10 4.51351e-11 0 
0 6.6944e-16 8.914e-15 6.52796e-14 3.68735e-13 1.78487e-12 7.75754e-12 3.10416e-11 1.1613e-10 4.10493e-10 1.38196e-09 4.46017e-09 1.38785e-08 4.185e-08 1.22869e-07 3.52705e-07 9.93529e-07 2.75409e-06 7.52568e-06 2.02861e-05 5.42242e-05 0.000149648 0.000484155 0.00197541 0.00825335 0.0276606 0.0663529 0.10914 0.12093 0.0895592 0.0441356 0.0144162 0.00310866 0.000441396 4.14424e-05 2.67313e-06 1.41709e-07 9.22701e-09 7.40113e-10 3.83643e-11 0 
0 3.66968e-16 4.87169e-15 3.5611e-14 2.01096e-13 9.75024e-13 4.25421e-12 1.71313e-11 6.4666e-11 2.31252e-10 7.89717e-10 2.59192e-09 8.22075e-09 2.53182e-08 7.604e-08 2.23545e-07 6.45279e-07 1.83305e-06 5.13057e-06 1.41599e-05 3.89015e-05 0.000113347 0.000413111 0.00192809 0.00869536 0.0301023 0.0731539 0.12093 0.134235 0.0994554 0.0489986 0.0159918 0.00344307 0.000487139 4.5288e-05 2.83022e-06 1.36042e-07 7.53278e-09 5.58079e-10 2.85002e-11 0 
0 1.90275e-16 2.51755e-15 1.83604e-14 1.03586e-13 5.02612e-13 2.19878e-12 8.89585e-12 3.38087e-11 1.21985e-10 4.21135e-10 1.3998e-09 4.50269e-09 1.40781e-08 4.29445e-08 1.28207e-07 3.75483e-07 1.08042e-06 3.05561e-06 8.49647e-06 2.35041e-05 6.99669e-05 0.00027066 0.00134855 0.00630072 0.0221365 0.0540864 0.0895592 0.0994554 0.0736856 0.0362912 0.011838 0.00254683 0.000359849 3.33403e-05 2.0617e-06 9.58591e-08 4.99929e-09 3.60514e-10 1.84431e-11 0 
0 9.31809e-17 1.22829e-15 8.93245e-15 5.03101e-14 2.44035e-13 1.06887e-12 4.33664e-12 1.65543e-11 6.00832e-11 2.08928e-10 7.00154e-10 2.27194e-09 7.16599e-09 2.20385e-08 6.62425e-08 1.94899e-07 5.61615e-07 1.58403e-06 4.36952e-06 1.19128e-05 3.47261e-05 0.000132145 0.000658027 0.00309016 0.0108953 0.0266539 0.0441356 0.0489986 0.0362912 0.0178675 0.00582632 0.00125324 0.000177087 1.64197e-05 1.01926e-06 4.82492e-08 2.63999e-09 1.98625e-10 1.0384e-11 0 
0 4.29876e-17 5.64283e-16 4.08938e-15 2.29735e-14 1.11267e-13 4.87163e-13 1.97804e-12 7.56454e-12 2.75298e-11 9.60482e-11 3.23022e-10 1.05165e-09 3.3252e-09 1.02357e-08 3.07214e-08 8.99636e-08 2.56918e-07 7.14293e-07 1.92874e-06 5.08769e-06 1.39564e-05 4.82119e-05 0.000223192 0.00102053 0.00357156 0.00871665 0.0144162 0.0159918 0.011838 0.00582632 0.00189978 0.000408841 5.78706e-05 5.39658e-06 3.42289e-07 1.75488e-08 1.12686e-09 9.37914e-11 5.09125e-12 0 
0 1.86065e-17 2.43087e-16 1.75425e-15 9.82e-15 4.7426e-14 2.0721e-13 8.40141e-13 3.21008e-12 1.16757e-11 4.0711e-11 1.36774e-10 4.44401e-10 1.40013e-09 4.2847e-09 1.27454e-08 3.68431e-08 1.0335e-07 2.80534e-07 7.33916e-07 1.85045e-06 4.66461e-06 1.3689e-05 5.38534e-05 0.000228319 0.000779254 0.00188587 0.00310866 0.00344307 0.00254683 0.00125324 0.000408841 8.81374e-05 1.25381e-05 1.18788e-06 7.97439e-08 4.8889e-09 4.06918e-10 3.83498e-11 2.17776e-12 0 
0 7.5093e-18 9.75794e-17 7.00631e-16 3.90372e-15 1.87726e-14 8.16984e-14 3.3003e-13 1.25643e-12 4.5523e-12 1.58029e-11 5.2804e-11 1.70377e-10 5.31931e-10 1.60856e-09 4.71148e-09 1.33522e-08 3.65282e-08 9.61069e-08 2.41898e-07 5.79723e-07 1.33954e-06 3.2599e-06 9.90131e-06 3.56454e-05 0.00011415 0.000270088 0.000441396 0.000487139 0.000359849 0.000177087 5.78706e-05 1.25381e-05 1.80862e-06 1.78925e-07 1.38166e-08 1.16802e-09 1.30128e-10 1.36812e-11 8.13485e-13 0 
0 2.79915e-18 3.61513e-17 2.58015e-16 1.42915e-15 6.83291e-15 2.95647e-14 1.18719e-13 4.49105e-13 1.61583e-12 5.56426e-12 1.84168e-11 5.87477e-11 1.80876e-10 5.37726e-10 1.5426e-09 4.26278e-09 1.13131e-08 2.87075e-08 6.92272e-08 1.575e-07 3.37282e-07 7.01096e-07 1.58245e-06 4.25413e-06 1.1681e-05 2.59826e-05 4.14424e-05 4.5288e-05 3.33403e-05 1.64197e-05 5.39658e-06 1.18788e-06 1.78925e-07 2.00376e-08 2.10246e-09 2.68276e-10 3.73966e-11 4.25961e-12 2.64895e-13 0 
0 9.49345e-19 1.21759e-17 8.62903e-17 4.74552e-16 2.25223e-15 9.67028e-15 3.85147e-14 1.44402e-13 5.1439e-13 1.75138e-12 5.7213e-12 1.79729e-11 5.43484e-11 1.58182e-10 4.42605e-10 1.18789e-09 3.04729e-09 7.43546e-09 1.71452e-08 3.70588e-08 7.44656e-08 1.39163e-07 2.50611e-07 4.73215e-07 9.58519e-07 1.80603e-06 2.67313e-06 2.83022e-06 2.0617e-06 1.01926e-06 3.42289e-07 7.97439e-08 1.38166e-08 2.10246e-09 3.43594e-10 6.00545e-11 9.50536e-12 1.14887e-12 7.46676e-14 0 
0 2.85624e-19 3.63456e-18 2.55493e-17 1.39321e-16 6.55338e-16 2.78711e-15 1.09865e-14 4.07271e-14 1.43257e-13 4.80856e-13 1.54558e-12 4.76607e-12 1.41087e-11 4.0073e-11 1.09035e-10 2.83454e-10 7.01351e-10 1.64328e-09 3.62217e-09 7.45046e-09 1.41656e-08 2.46735e-08 3.93208e-08 5.84718e-08 8.41177e-08 1.16374e-07 1.41709e-07 1.36042e-07 9.58591e-08 4.82492e-08 1.75488e-08 4.8889e-09 1.16802e-09 2.68276e-10 6.00545e-11 1.22034e-11 2.07518e-12 2.63724e-13 1.7906e-14 0 
0 7.26936e-20 9.16888e-19 6.38582e-18 3.44824e-17 1.6051e-16 6.74988e-16 2.62828e-15 9.61237e-15 3.33088e-14 1.0995e-13 3.46835e-13 1.04718e-12 3.02706e-12 8.37086e-12 2.21037e-11 5.55712e-11 1.32496e-10 2.98053e-10 6.28566e-10 1.23317e-09 2.23038e-09 3.6817e-09 5.49327e-09 7.36322e-09 8.86974e-09 9.61271e-09 9.22701e-09 7.53278e-09 4.99929e-09 2.63999e-09 1.12686e-09 4.06918e-10 1.30128e-10 3.73966e-11 9.50536e-12 2.07518e-12 3.71978e-13 4.95255e-14 3.51061e-15 0 
0 1.4068e-20 1.75707e-19 1.21108e-18 6.46748e-18 2.97488e-17 1.235e-16 4.74185e-16 1.70775e-15 5.81821e-15 1.88487e-14 5.8234e-14 1.71813e-13 4.84116e-13 1.30141e-12 3.33104e-12 8.09358e-12 1.85939e-11 4.01877e-11 8.12215e-11 1.52402e-10 2.63315e-10 4.15095e-10 5.91254e-10 7.53689e-10 8.52535e-10 8.49553e-10 7.40113e-10 5.58079e-10 3.60514e-10 1.98625e-10 9.37914e-11 3.83498e-11 1.36812e-11 4.25961e-12 1.14887e-12 2.63724e-13 4.95255e-14 6.89209e-15 5.09453e-16 0 
0 1.47367e-21 1.8208e-20 1.24065e-19 6.54439e-19 2.97066e-18 1.21571e-17 4.59568e-17 1.62724e-16 5.44187e-16 1.72742e-15 5.21914e-15 1.50264e-14 4.12223e-14 1.07631e-13 2.66908e-13 6.26766e-13 1.3883e-12 2.88677e-12 5.60313e-12 1.00853e-11 1.67105e-11 2.52834e-11 3.46366e-11 4.25956e-11 4.66398e-11 4.51351e-11 3.83643e-11 2.85002e-11 1.84431e-11 1.0384e-11 5.09125e-12 2.17776e-12 8.13485e-13 2.64895e-13 7.46676e-14 1.7906e-14 3.51061e-15 5.09453e-16 3.92065e-17 0 
0 0 0 0 0 0 0 0 0 0 0 0 0 0 0 0 0 0 0 0 0 0 0 0 0 0 0 0 0 0 0 0 0 0 0 0 0 0 0 0 0 
