0 0 0 0 0 0 0 0 0 0 0 0 0 0 0 0 0 0 0 0 0 0 0 0 0 0 0 0 0 0 0 0 0 0 0 0 0 0 0 0 0 
0 5.01835e-07 4.44123e-06 1.93234e-05 5.74057e-05 0.000130204 0.000240778 0.000381303 0.000537076 0.000692023 0.000832191 0.000947017 0.00102942 0.00107549 0.00108413 0.0010567 0.000996641 0.000909175 0.000800872 0.0006793 0.000552575 0.000428818 0.000315447 0.000218341 0.000141052 8.43435e-05 4.63162e-05 2.32021e-05 1.05517e-05 4.34414e-06 1.61751e-06 5.44744e-07 1.65959e-07 4.56876e-08 1.13204e-08 2.50096e-09 4.82941e-10 7.81267e-11 9.56189e-12 6.32852e-13 0 
0 4.44123e-06 4.00041e-05 0.000170088 0.000471449 0.000965619 0.00159766 0.00228646 0.00296695 0.00359493 0.00413876 0.00457398 0.00488245 0.0050533 0.00508378 0.00497924 0.00475222 0.00442083 0.0040066 0.00353248 0.00302125 0.00249489 0.00197511 0.00148431 0.00104571 0.000680734 0.000403476 0.000214948 0.000102016 4.2973e-05 1.6081e-05 5.366e-06 1.60347e-06 4.30187e-07 1.03503e-07 2.21688e-08 4.14935e-09 6.5108e-10 7.73875e-11 4.98203e-12 0 
0 1.93234e-05 0.000170088 0.000663636 0.00161006 0.00288041 0.00429523 0.00574985 0.00717792 0.00851375 0.00968893 0.0106408 0.0113207 0.0116987 0.0117656 0.0115327 0.0110295 0.0102992 0.00939422 0.00837063 0.00728278 0.00617839 0.00509519 0.00406026 0.00309399 0.00221827 0.00146394 0.000867377 0.00045115 0.000203174 7.90413e-05 2.67455e-05 7.95499e-06 2.09872e-06 4.93096e-07 1.02776e-07 1.8697e-08 2.85191e-09 3.29841e-10 2.06916e-11 0 
0 5.74057e-05 0.000471449 0.00161006 0.00340074 0.00554937 0.00791035 0.0103935 0.0128798 0.0152302 0.0173079 0.0189945 0.0202003 0.0208708 0.0209894 0.020576 0.0196829 0.0183876 0.0167846 0.0149755 0.0130612 0.0111334 0.00926852 0.00752226 0.00592646 0.00449114 0.00321718 0.00211879 0.00123788 0.000620071 0.000261141 9.25345e-05 2.80022e-05 7.36601e-06 1.70478e-06 3.47782e-07 6.1749e-08 9.18571e-09 1.03657e-09 6.35161e-11 0 
0 0.000130204 0.000965619 0.00288041 0.00554937 0.00872072 0.0122885 0.0160905 0.0199141 0.0235333 0.0267342 0.029333 0.0311911 0.0322243 0.0324068 0.0317696 0.0303932 0.0283972 0.0259272 0.0231405 0.0201929 0.0172276 0.014366 0.011702 0.00929767 0.00718051 0.00534368 0.00376024 0.0024187 0.00135742 0.000635961 0.000243579 7.69269e-05 2.05247e-05 4.73036e-06 9.51285e-07 1.65685e-07 2.41319e-08 2.66566e-09 1.59998e-10 0 
0 0.000240778 0.00159766 0.00429523 0.00791035 0.0122885 0.0172692 0.0225913 0.0279467 0.0330169 0.0375013 0.041143 0.0437502 0.0452063 0.0454648 0.0445644 0.0426297 0.0398314 0.0363706 0.0324665 0.0283376 0.0241846 0.0201783 0.0164521 0.0130985 0.0101676 0.00766641 0.00555991 0.0037896 0.0023252 0.00121181 0.000511017 0.000172237 4.74347e-05 1.10148e-05 2.20055e-06 3.78036e-07 5.41394e-08 5.87463e-09 3.46442e-10 0 
0 0.000381303 0.00228646 0.00574985 0.0103935 0.0160905 0.0225913 0.0295411 0.0365351 0.0431574 0.0490297 0.0539831 0.0582013 0.0610835 0.0616568 0.0597948 0.0562737 0.0521417 0.0475441 0.0424388 0.0370462 0.0316228 0.0263915 0.0215273 0.0171519 0.013335 0.0100967 0.00740837 0.0051965 0.00337406 0.0019154 0.000888738 0.000323754 9.33552e-05 2.20781e-05 4.41446e-06 7.52037e-07 1.06345e-07 1.13754e-08 6.61141e-10 0 
0 0.000537076 0.00296695 0.00717792 0.0128798 0.0199141 0.0279467 0.0365351 0.0451792 0.053405 0.0615754 0.0708386 0.0776981 0.0808873 0.0814484 0.0796902 0.0750057 0.0672087 0.0592015 0.0524989 0.0458119 0.039109 0.0326447 0.0266344 0.0212291 0.0165162 0.0125248 0.00923094 0.00655973 0.00439665 0.00264832 0.00133229 0.00052486 0.000159728 3.87841e-05 7.8095e-06 1.32556e-06 1.85802e-07 1.96577e-08 1.12932e-09 0 
0 0.000692023 0.00359493 0.00851375 0.0152302 0.0235333 0.0330169 0.0431574 0.053405 0.0644387 0.0777989 0.0854687 0.089078 0.0907692 0.0911071 0.0902018 0.0878445 0.0832413 0.0740159 0.0626455 0.0541397 0.0461982 0.0385656 0.0314699 0.0250891 0.0195267 0.0148185 0.010942 0.00782152 0.00533167 0.00333491 0.0017835 0.000753115 0.000242067 6.05985e-05 1.23405e-05 2.09475e-06 2.91999e-07 3.06472e-08 1.7451e-09 0 
0 0.000832191 0.00413876 0.00968893 0.0173079 0.0267342 0.0375013 0.0490297 0.0615754 0.0777989 0.0873761 0.0919724 0.0945117 0.0957841 0.0960596 0.0954004 0.0937129 0.0906707 0.0853633 0.0748094 0.0619556 0.052485 0.0438034 0.0357473 0.0285034 0.0221892 0.016846 0.0124506 0.00892475 0.0061381 0.00392828 0.00219287 0.000979007 0.000330567 8.53144e-05 1.76045e-05 2.99581e-06 4.16368e-07 4.34625e-08 2.45894e-09 0 
0 0.000947017 0.00457398 0.0106408 0.0189945 0.029333 0.041143 0.0539831 0.0708386 0.0854687 0.0919724 0.0955938 0.0977234 0.0988233 0.0990734 0.0985196 0.0971036 0.0946264 0.0905895 0.0835323 0.0701214 0.0577249 0.0480599 0.0392211 0.0312762 0.0243514 0.0184921 0.0136741 0.00981569 0.0067829 0.00440005 0.00252674 0.0011752 0.000412954 0.000109469 2.28802e-05 3.9079e-06 5.42519e-07 5.64396e-08 3.17939e-09 0 
0 0.00102942 0.00488245 0.0113207 0.0202003 0.0311911 0.0437502 0.0582013 0.0776981 0.089078 0.0945117 0.0977234 0.0996629 0.10068 0.100918 0.100416 0.0991308 0.0969101 0.0933956 0.0876467 0.0766057 0.0619068 0.0511156 0.041706 0.0332597 0.025898 0.0196696 0.0145489 0.0104515 0.00724031 0.00473279 0.0027653 0.00132153 0.000477782 0.000129264 2.73033e-05 4.68064e-06 6.49815e-07 6.74857e-08 3.79224e-09 0 
0 0.00107549 0.0050533 0.0116987 0.0208708 0.0322243 0.0452063 0.0610835 0.0808873 0.0907692 0.0957841 0.0988233 0.10068 0.10166 0.101893 0.101415 0.100188 0.0980783 0.0947802 0.0895247 0.0798401 0.0645958 0.0528315 0.0430895 0.0343641 0.0267594 0.0203254 0.0150363 0.0108055 0.00749446 0.00491737 0.00289903 0.00140614 0.000516802 0.000141572 3.01104e-05 5.17687e-06 7.19203e-07 7.4663e-08 4.19194e-09 0 
0 0.00108413 0.00508378 0.0117656 0.0209894 0.0324068 0.0454648 0.0616568 0.0814484 0.0911071 0.0960596 0.0990734 0.100918 0.101893 0.102126 0.101652 0.100433 0.0983399 0.0950741 0.089892 0.0804179 0.0651202 0.0531404 0.043337 0.0345619 0.026914 0.0204435 0.0151243 0.0108699 0.00754136 0.00495257 0.00292617 0.00142476 0.000526065 0.000144679 3.08536e-05 5.31346e-06 7.38969e-07 7.67739e-08 4.31317e-09 0 
0 0.0010567 0.00497924 0.0115327 0.020576 0.0317696 0.0445644 0.0597948 0.0796902 0.0902018 0.0954004 0.0985196 0.100416 0.101415 0.101652 0.101163 0.0999076 0.0977463 0.0943503 0.0888814 0.0785975 0.0634081 0.0520837 0.0424894 0.0338861 0.0263876 0.0200434 0.0148279 0.0106556 0.00738919 0.00484477 0.0028513 0.00137957 0.000506059 0.000138587 2.95112e-05 5.08448e-06 7.08141e-07 7.37125e-08 4.15006e-09 0 
0 0.000996641 0.00475222 0.0110295 0.0196829 0.0303932 0.0426297 0.0562737 0.0750057 0.0878445 0.0937129 0.0971036 0.0991308 0.100188 0.100433 0.0999076 0.0985626 0.0962279 0.0924911 0.0862248 0.0739833 0.060055 0.0498179 0.0406548 0.0324227 0.0252475 0.0191764 0.0141849 0.01019 0.00705713 0.00460736 0.0026846 0.00127844 0.000461257 0.000124903 2.64703e-05 4.55922e-06 6.36339e-07 6.64584e-08 3.75616e-09 0 
0 0.000909175 0.00442083 0.0102992 0.0183876 0.0283972 0.0398314 0.0521417 0.0672087 0.0832413 0.0906707 0.0946264 0.0969101 0.0980783 0.0983399 0.0977463 0.0962279 0.0935472 0.089081 0.0808724 0.06692 0.0558253 0.0465505 0.0379934 0.0302997 0.0235934 0.0179187 0.013252 0.00951383 0.00657313 0.00425974 0.00244169 0.00113436 0.000399308 0.000106399 2.24032e-05 3.8588e-06 5.40484e-07 5.67446e-08 3.2266e-09 0 
0 0.000800872 0.0040066 0.00939422 0.0167846 0.0259272 0.0363706 0.0475441 0.0592015 0.0740159 0.0853633 0.0905895 0.0933956 0.0947802 0.0950741 0.0943503 0.0924911 0.089081 0.0828997 0.0711314 0.0598554 0.0509264 0.0425141 0.0346997 0.0276725 0.0215468 0.0163628 0.012098 0.00867635 0.0059714 0.00382691 0.00214428 0.000965105 0.000329946 8.63926e-05 1.80883e-05 3.12187e-06 4.39923e-07 4.65573e-08 2.67077e-09 0 
0 0.0006793 0.00353248 0.00837063 0.0149755 0.0231405 0.0324665 0.0424388 0.0524989 0.0626455 0.0748094 0.0835323 0.0876467 0.0895247 0.089892 0.0888814 0.0862248 0.0808724 0.0711314 0.0612914 0.0532624 0.0454664 0.0379617 0.0309843 0.0247096 0.0192395 0.0146094 0.0107976 0.00773151 0.00529099 0.00334115 0.00182217 0.000792895 0.000263683 6.81027e-05 1.42391e-05 2.47247e-06 3.51824e-07 3.76561e-08 2.18553e-09 0 
0 0.000552575 0.00302125 0.00728278 0.0130612 0.0201929 0.0283376 0.0370462 0.0458119 0.0541397 0.0619556 0.0701214 0.0766057 0.0798401 0.0804179 0.0785975 0.0739833 0.06692 0.0598554 0.0532624 0.046493 0.0396996 0.0331478 0.0270562 0.0215781 0.0168023 0.0127589 0.00942653 0.00673609 0.00457904 0.00284812 0.00151646 0.000643209 0.000210381 5.41329e-05 1.13851e-05 1.99863e-06 2.88078e-07 3.12398e-08 1.8359e-09 0 
0 0.000428818 0.00249489 0.00617839 0.0111334 0.0172276 0.0241846 0.0316228 0.039109 0.0461982 0.052485 0.0577249 0.0619068 0.0645958 0.0651202 0.0634081 0.060055 0.0558253 0.0509264 0.0454664 0.0396996 0.0339002 0.0283071 0.0231074 0.0184322 0.014358 0.01091 0.00806632 0.00576254 0.0039072 0.00241806 0.00128032 0.000541761 0.00017784 4.61631e-05 9.81822e-06 1.74336e-06 2.53931e-07 2.77879e-08 1.64539e-09 0 
0 0.000315447 0.00197511 0.00509519 0.00926852 0.014366 0.0201783 0.0263915 0.0326447 0.0385656 0.0438034 0.0480599 0.0511156 0.0528315 0.0531404 0.0520837 0.0498179 0.0465505 0.0425141 0.0379617 0.0331478 0.0283071 0.0236395 0.0193026 0.0154103 0.0120369 0.0092118 0.00689847 0.00500306 0.00343776 0.00216009 0.00116993 0.000508214 0.000170399 4.47895e-05 9.57856e-06 1.70274e-06 2.47679e-07 2.7027e-08 1.59425e-09 0 
0 0.000218341 0.00148431 0.00406026 0.00752226 0.011702 0.0164521 0.0215273 0.0266344 0.0314699 0.0357473 0.0392211 0.041706 0.0430895 0.043337 0.0424894 0.0406548 0.0379934 0.0346997 0.0309843 0.0270562 0.0231074 0.0193026 0.0157791 0.0126674 0.0101176 0.00822176 0.00679218 0.00538825 0.00382004 0.00235502 0.00125779 0.00055346 0.000188142 4.93948e-05 1.04349e-05 1.82439e-06 2.60793e-07 2.79838e-08 1.62488e-09 0 
0 0.000141052 0.00104571 0.00309399 0.00592646 0.00929767 0.0130985 0.0171519 0.0212291 0.0250891 0.0285034 0.0312762 0.0332597 0.0343641 0.0345619 0.0338861 0.0324227 0.0302997 0.0276725 0.0247096 0.0215781 0.0184322 0.0154103 0.0126674 0.0105071 0.0095246 0.0101549 0.0114057 0.0109643 0.00800063 0.00435669 0.00189764 0.000722533 0.000231073 5.83254e-05 1.18733e-05 2.00814e-06 2.78868e-07 2.91719e-08 1.65626e-09 0 
0 8.43435e-05 0.000680734 0.00221827 0.00449114 0.00718051 0.0101676 0.013335 0.0165162 0.0195267 0.0221892 0.0243514 0.025898 0.0267594 0.026914 0.0263876 0.0252475 0.0235934 0.0215468 0.0192395 0.0168023 0.014358 0.0120369 0.0101176 0.0095246 0.0123723 0.0202679 0.0362308 0.0438266 0.0240245 0.0117857 0.00423227 0.00120887 0.000311908 6.98755e-05 1.31931e-05 2.12444e-06 2.85033e-07 2.90159e-08 1.60995e-09 0 
0 4.63162e-05 0.000403476 0.00146394 0.00321718 0.00534368 0.00766641 0.0100967 0.0125248 0.0148185 0.016846 0.0184921 0.0196696 0.0203254 0.0204435 0.0200434 0.0191764 0.0179187 0.0163628 0.0146094 0.0127589 0.01091 0.0092118 0.00822176 0.0101549 0.0202679 0.0517655 0.0770416 0.0789224 0.070626 0.0281192 0.0092275 0.0022239 0.000446505 8.21376e-05 1.36965e-05 2.06071e-06 2.66566e-07 2.64892e-08 1.442e-09 0 
0 2.32021e-05 0.000214948 0.000867377 0.00211879 0.00376024 0.00555991 0.00740837 0.00923094 0.010942 0.0124506 0.0136741 0.0145489 0.0150363 0.0151243 0.0148279 0.0141849 0.013252 0.012098 0.0107976 0.00942653 0.00806632 0.00689847 0.00679218 0.0114057 0.0362308 0.0770416 0.0843512 0.0852004 0.0814294 0.0618766 0.0149025 0.00337187 0.000583011 8.89333e-05 1.27925e-05 1.77482e-06 2.21662e-07 2.16421e-08 1.1638e-09 0 
0 1.05517e-05 0.000102016 0.00045115 0.00123788 0.0024187 0.0037896 0.0051965 0.00655973 0.00782152 0.00892475 0.00981569 0.0104515 0.0108055 0.0108699 0.0106556 0.01019 0.00951383 0.00867635 0.00773151 0.00673609 0.00576254 0.00500306 0.00538825 0.0109643 0.0438266 0.0789224 0.0852004 0.0860716 0.0830376 0.0704538 0.0172384 0.00364724 0.000592294 8.03087e-05 1.02331e-05 1.3214e-06 1.60814e-07 1.55758e-08 8.34587e-10 0 
0 4.34414e-06 4.2973e-05 0.000203174 0.000620071 0.00135742 0.0023252 0.00337406 0.00439665 0.00533167 0.0061381 0.0067829 0.00724031 0.00749446 0.00754136 0.00738919 0.00705713 0.00657313 0.0059714 0.00529099 0.00457904 0.0039072 0.00343776 0.00382004 0.00800063 0.0240245 0.070626 0.0814294 0.0830376 0.077836 0.0457323 0.012133 0.00269565 0.000431293 5.56231e-05 6.66169e-06 8.31062e-07 1.00551e-07 9.78285e-09 5.27363e-10 0 
0 1.61751e-06 1.6081e-05 7.90413e-05 0.000261141 0.000635961 0.00121181 0.0019154 0.00264832 0.00333491 0.00392828 0.00440005 0.00473279 0.00491737 0.00495257 0.00484477 0.00460736 0.00425974 0.00382691 0.00334115 0.00284812 0.00241806 0.00216009 0.00235502 0.00435669 0.0117857 0.0281192 0.0618766 0.0704538 0.0457323 0.0182293 0.00601461 0.00135105 0.000219425 2.83839e-05 3.42618e-06 4.35979e-07 5.38773e-08 5.33841e-09 2.9233e-10 0 
0 5.44744e-07 5.366e-06 2.67455e-05 9.25345e-05 0.000243579 0.000511017 0.000888738 0.00133229 0.0017835 0.00219287 0.00252674 0.0027653 0.00289903 0.00292617 0.0028513 0.0026846 0.00244169 0.00214428 0.00182217 0.00151646 0.00128032 0.00116993 0.00125779 0.00189764 0.00423227 0.0092275 0.0149025 0.0172384 0.012133 0.00601461 0.00200826 0.000464219 7.84125e-05 1.07032e-05 1.39918e-06 1.91456e-07 2.47598e-08 2.52899e-09 1.41907e-10 0 
0 1.65959e-07 1.60347e-06 7.95499e-06 2.80022e-05 7.69269e-05 0.000172237 0.000323754 0.00052486 0.000753115 0.000979007 0.0011752 0.00132153 0.00140614 0.00142476 0.00137957 0.00127844 0.00113436 0.000965105 0.000792895 0.000643209 0.000541761 0.000508214 0.00055346 0.000722533 0.00120887 0.0022239 0.00337187 0.00364724 0.00269565 0.00135105 0.000464219 0.000112471 2.03725e-05 3.12231e-06 4.70734e-07 7.15128e-08 9.80809e-09 1.04145e-09 6.03047e-11 0 
0 4.56876e-08 4.30187e-07 2.09872e-06 7.36601e-06 2.05247e-05 4.74347e-05 9.33552e-05 0.000159728 0.000242067 0.000330567 0.000412954 0.000477782 0.000516802 0.000526065 0.000506059 0.000461257 0.000399308 0.000329946 0.000263683 0.000210381 0.00017784 0.000170399 0.000188142 0.000231073 0.000311908 0.000446505 0.000583011 0.000592294 0.000431293 0.000219425 7.84125e-05 2.03725e-05 4.1752e-06 7.65677e-07 1.36812e-07 2.31005e-08 3.36631e-09 3.73342e-10 2.24246e-11 0 
0 1.13204e-08 1.03503e-07 4.93096e-07 1.70478e-06 4.73036e-06 1.10148e-05 2.20781e-05 3.87841e-05 6.05985e-05 8.53144e-05 0.000109469 0.000129264 0.000141572 0.000144679 0.000138587 0.000124903 0.000106399 8.63926e-05 6.81027e-05 5.41329e-05 4.61631e-05 4.47895e-05 4.93948e-05 5.83254e-05 6.98755e-05 8.21376e-05 8.89333e-05 8.03087e-05 5.56231e-05 2.83839e-05 1.07032e-05 3.12231e-06 7.65677e-07 1.70832e-07 3.53035e-08 6.50032e-09 1.00281e-09 1.16426e-10 7.27899e-12 0 
0 2.50096e-09 2.21688e-08 1.02776e-07 3.47782e-07 9.51285e-07 2.20055e-06 4.41446e-06 7.8095e-06 1.23405e-05 1.76045e-05 2.28802e-05 2.73033e-05 3.01104e-05 3.08536e-05 2.95112e-05 2.64703e-05 2.24032e-05 1.80883e-05 1.42391e-05 1.13851e-05 9.81822e-06 9.57856e-06 1.04349e-05 1.18733e-05 1.31931e-05 1.36965e-05 1.27925e-05 1.02331e-05 6.66169e-06 3.42618e-06 1.39918e-06 4.70734e-07 1.36812e-07 3.53035e-08 8.05633e-09 1.58673e-09 2.58152e-10 3.1401e-11 2.04744e-12 0 
0 4.82941e-10 4.14935e-09 1.8697e-08 6.1749e-08 1.65685e-07 3.78036e-07 7.52037e-07 1.32556e-06 2.09475e-06 2.99581e-06 3.9079e-06 4.68064e-06 5.17687e-06 5.31346e-06 5.08448e-06 4.55922e-06 3.8588e-06 3.12187e-06 2.47247e-06 1.99863e-06 1.74336e-06 1.70274e-06 1.82439e-06 2.00814e-06 2.12444e-06 2.06071e-06 1.77482e-06 1.3214e-06 8.31062e-07 4.35979e-07 1.91456e-07 7.15128e-08 2.31005e-08 6.50032e-09 1.58673e-09 3.30569e-10 5.65614e-11 7.20659e-12 4.90387e-13 0 
0 7.81267e-11 6.5108e-10 2.85191e-09 9.18571e-09 2.41319e-08 5.41394e-08 1.06345e-07 1.85802e-07 2.91999e-07 4.16368e-07 5.42519e-07 6.49815e-07 7.19203e-07 7.38969e-07 7.08141e-07 6.36339e-07 5.40484e-07 4.39923e-07 3.51824e-07 2.88078e-07 2.53931e-07 2.47679e-07 2.60793e-07 2.78868e-07 2.85033e-07 2.66566e-07 2.21662e-07 1.60814e-07 1.00551e-07 5.38773e-08 2.47598e-08 9.80809e-09 3.36631e-09 1.00281e-09 2.58152e-10 5.65614e-11 1.01531e-11 1.35355e-12 9.60924e-14 0 
0 9.56189e-12 7.73875e-11 3.29841e-10 1.03657e-09 2.66566e-09 5.87463e-09 1.13754e-08 1.96577e-08 3.06472e-08 4.34625e-08 5.64396e-08 6.74857e-08 7.4663e-08 7.67739e-08 7.37125e-08 6.64584e-08 5.67446e-08 4.65573e-08 3.76561e-08 3.12398e-08 2.77879e-08 2.7027e-08 2.79838e-08 2.91719e-08 2.90159e-08 2.64892e-08 2.16421e-08 1.55758e-08 9.78285e-09 5.33841e-09 2.52899e-09 1.04145e-09 3.73342e-10 1.16426e-10 3.1401e-11 7.20659e-12 1.35355e-12 1.88473e-13 1.39448e-14 0 
0 6.32852e-13 4.98203e-12 2.06916e-11 6.35161e-11 1.59998e-10 3.46442e-10 6.61141e-10 1.12932e-09 1.7451e-09 2.45894e-09 3.17939e-09 3.79224e-09 4.19194e-09 4.31317e-09 4.15006e-09 3.75616e-09 3.2266e-09 2.67077e-09 2.18553e-09 1.8359e-09 1.64539e-09 1.59425e-09 1.62488e-09 1.65626e-09 1.60995e-09 1.442e-09 1.1638e-09 8.34587e-10 5.27363e-10 2.9233e-10 1.41907e-10 6.03047e-11 2.24246e-11 7.27899e-12 2.04744e-12 4.90387e-13 9.60924e-14 1.39448e-14 1.07362e-15 0 
0 0 0 0 0 0 0 0 0 0 0 0 0 0 0 0 0 0 0 0 0 0 0 0 0 0 0 0 0 0 0 0 0 0 0 0 0 0 0 0 0 
