0 0 0 0 0 0 0 0 0 0 0 0 0 0 0 0 0 0 0 0 0 0 0 0 0 0 0 0 0 0 0 0 0 0 0 0 0 0 0 0 0 
0 2.93042e-07 2.6291e-06 1.17452e-05 3.62559e-05 8.60601e-05 0.000166695 0.000275361 0.000401843 0.000532505 0.000654046 0.00075561 0.000829519 0.000871302 0.000879434 0.000854992 0.000801291 0.000723478 0.000628117 0.000522702 0.000415091 0.000312803 0.000222207 0.000147706 9.11745e-05 5.18798e-05 2.70417e-05 1.28511e-05 5.55269e-06 2.17917e-06 7.76995e-07 2.51882e-07 7.42563e-08 1.98813e-08 4.81299e-09 1.0431e-09 1.98289e-10 3.16715e-11 3.83651e-12 2.51814e-13 0 
0 2.6291e-06 2.42087e-05 0.000107553 0.000317274 0.000695622 0.00122326 0.00183568 0.00246393 0.00305469 0.00357028 0.00398403 0.00427765 0.00444069 0.0044706 0.00437239 0.00415777 0.00384368 0.00345058 0.00300088 0.00251797 0.00202591 0.00154963 0.00111451 0.000744051 0.000454915 0.000251646 0.000124831 5.52885e-05 2.18659e-05 7.74679e-06 2.46948e-06 7.10936e-07 1.85109e-07 4.34885e-08 9.14063e-09 1.68566e-09 2.61436e-10 3.07919e-11 1.96812e-12 0 
0 1.17452e-05 0.000107553 0.00045095 0.00119368 0.00230246 0.0036141 0.00498899 0.00633914 0.00759694 0.00869971 0.00959127 0.0102277 0.0105819 0.0106457 0.0104295 0.00996041 0.00927818 0.00843079 0.00746929 0.00644291 0.00539521 0.00436235 0.00337493 0.00246362 0.00166486 0.00101866 0.000552601 0.000261996 0.000108095 3.89953e-05 1.24192e-05 3.52594e-06 8.98268e-07 2.05614e-07 4.20298e-08 7.53556e-09 1.13695e-09 1.30418e-10 8.13047e-12 0 
0 3.62559e-05 0.000317274 0.00119368 0.0027569 0.00475821 0.00698117 0.00930725 0.0116264 0.0138147 0.0157481 0.0173177 0.0184405 0.0190657 0.0191778 0.018795 0.0179657 0.0167618 0.0152705 0.013586 0.0118009 0.00999882 0.00824794 0.00659701 0.00507522 0.00370067 0.0024981 0.0015132 0.000796736 0.000356954 0.0001356 4.41822e-05 1.25607e-05 3.16103e-06 7.09358e-07 1.41631e-07 2.47692e-08 3.64534e-09 4.08212e-10 2.48738e-11 0 
0 8.60601e-05 0.000695622 0.00230246 0.00475821 0.00772951 0.0110557 0.0145892 0.0181401 0.0215017 0.024476 0.0268923 0.0286211 0.0295838 0.029756 0.029166 0.0278884 0.0260344 0.0237389 0.0211483 0.018407 0.0156473 0.0129806 0.0104912 0.00823207 0.00622384 0.00446391 0.00295369 0.00173205 0.000863111 0.000356325 0.00012206 3.54155e-05 8.91219e-06 1.97615e-06 3.87477e-07 6.63689e-08 9.55928e-09 1.04796e-09 6.25697e-11 0 
0 0.000166695 0.00122326 0.0036141 0.00698117 0.0110557 0.0156771 0.0206137 0.0255837 0.030292 0.0344589 0.0378445 0.0402672 0.0416165 0.0418577 0.0410305 0.0392399 0.0366417 0.0334257 0.0297968 0.0259584 0.0220968 0.0183704 0.0149015 0.0117729 0.00902524 0.00665776 0.00463975 0.00295017 0.00162729 0.000741463 0.000273161 8.2471e-05 2.10301e-05 4.64773e-06 9.00298e-07 1.51707e-07 2.14619e-08 2.31046e-09 1.35538e-10 0 
0 0.000275361 0.00183568 0.00498899 0.00930725 0.0145892 0.0206137 0.0270589 0.0335504 0.0397012 0.045146 0.0495759 0.0527645 0.054561 0.0548853 0.0537784 0.0514091 0.0480011 0.0437965 0.0390557 0.0340421 0.0289995 0.0241354 0.0196114 0.0155391 0.0119793 0.0089431 0.00639497 0.00427272 0.00254716 0.00127437 0.000510375 0.000162772 4.25776e-05 9.45825e-06 1.82069e-06 3.03176e-07 4.22815e-08 4.48397e-09 2.5917e-10 0 
0 0.000401843 0.00246393 0.00633914 0.0116264 0.0181401 0.0255837 0.0335504 0.0415756 0.0491818 0.0559442 0.0615969 0.0659615 0.0686029 0.0690989 0.0674447 0.0640639 0.0595545 0.0542623 0.048386 0.0421871 0.0359541 0.0299429 0.024354 0.0193266 0.0149394 0.011214 0.00811821 0.00557427 0.0034989 0.00188762 0.000819537 0.000278118 7.52927e-05 1.69308e-05 3.25576e-06 5.3795e-07 7.42167e-08 7.77725e-09 4.44124e-10 0 
0 0.000532505 0.00305469 0.00759694 0.0138147 0.0215017 0.030292 0.0397012 0.0491818 0.0582088 0.0665339 0.0741215 0.0798333 0.0828343 0.0833726 0.0816144 0.0774597 0.0712928 0.0643787 0.0572545 0.0499088 0.0425462 0.0354474 0.0288484 0.0229144 0.0177397 0.0133537 0.00972736 0.00677788 0.0043916 0.00250212 0.00116357 0.000419697 0.000118073 2.70023e-05 5.2082e-06 8.56878e-07 1.1731e-07 1.21817e-08 6.89097e-10 0 
0 0.000654046 0.00357028 0.00869971 0.0157481 0.024476 0.0344589 0.045146 0.0559442 0.0665339 0.0770057 0.0852329 0.0898654 0.0920575 0.0924669 0.0912344 0.0881208 0.0824447 0.0741201 0.0652905 0.0567658 0.0483845 0.0403219 0.0328282 0.0260908 0.0202177 0.015244 0.0111418 0.00782602 0.00516765 0.00305495 0.00149814 0.000570011 0.000166484 3.87907e-05 7.52348e-06 1.2358e-06 1.68332e-07 1.73659e-08 9.75473e-10 0 
0 0.00075561 0.00398403 0.00959127 0.0173177 0.0268923 0.0378445 0.0495759 0.0615969 0.0741215 0.0852329 0.091815 0.0954219 0.0971936 0.097543 0.0965645 0.0941175 0.0897344 0.0823956 0.0723379 0.0624339 0.0531382 0.0442858 0.0360646 0.0286739 0.0222324 0.0167798 0.0122881 0.00867028 0.00578923 0.00350459 0.00178501 0.000708406 0.000213704 5.06777e-05 9.89269e-06 1.62522e-06 2.20727e-07 2.26732e-08 1.26746e-09 0 
0 0.000829519 0.00427765 0.0102277 0.0184405 0.0286211 0.0402672 0.0527645 0.0659615 0.0798333 0.0898654 0.0954219 0.0985782 0.100163 0.100486 0.0996233 0.0974735 0.0936953 0.0874711 0.0777346 0.0666767 0.0565625 0.0471272 0.0383844 0.0305255 0.0236767 0.0178807 0.0131091 0.00927301 0.00623108 0.00382647 0.00199757 0.000816579 0.000252408 6.07143e-05 1.19228e-05 1.96096e-06 2.65984e-07 2.72571e-08 1.51942e-09 0 
0 0.000871302 0.00444069 0.0105819 0.0190657 0.0295838 0.0416165 0.054561 0.0686029 0.0828343 0.0920575 0.0971936 0.100163 0.101668 0.101981 0.101168 0.0991446 0.0956188 0.0898953 0.0807071 0.0691749 0.0584943 0.0487165 0.039682 0.0315618 0.0244855 0.0184977 0.0135695 0.00961108 0.00647898 0.00400845 0.0021209 0.000881924 0.000276692 6.71781e-05 1.32509e-05 2.18267e-06 2.96062e-07 3.03191e-08 1.68852e-09 0 
0 0.000879434 0.0044706 0.0106457 0.0191778 0.029756 0.0418577 0.0548853 0.0690989 0.0833726 0.0924669 0.097543 0.100486 0.101981 0.102293 0.101488 0.0994825 0.0959941 0.0903455 0.0812564 0.0696509 0.0588544 0.0490122 0.0399245 0.0317567 0.0246388 0.0186158 0.0136589 0.0096782 0.00653008 0.00404833 0.00215017 0.000898739 0.000283383 6.90586e-05 1.36547e-05 2.25275e-06 3.0592e-07 3.13587e-08 1.748e-09 0 
0 0.000854992 0.00437239 0.0104295 0.018795 0.029166 0.0410305 0.0537784 0.0674447 0.0816144 0.0912344 0.0965645 0.0996233 0.101168 0.101488 0.100653 0.0985709 0.0949307 0.0889831 0.0795071 0.0681223 0.0576892 0.0480599 0.0391499 0.0311406 0.0241605 0.0182535 0.0133914 0.00948516 0.00639286 0.00395253 0.00208905 0.000868111 0.000272544 6.63074e-05 1.31172e-05 2.16784e-06 2.95091e-07 3.0331e-08 1.69565e-09 0 
0 0.000801291 0.00415777 0.00996041 0.0179657 0.0278884 0.0392399 0.0514091 0.0640639 0.0774597 0.0881208 0.0941175 0.0974735 0.0991446 0.0994825 0.0985709 0.0962938 0.0922606 0.0855541 0.0755185 0.0649178 0.055171 0.0459832 0.0374582 0.0297937 0.0231133 0.017459 0.012803 0.00905824 0.0060863 0.00373532 0.00194867 0.000797208 0.000247249 5.9804e-05 1.18235e-05 1.95886e-06 2.67733e-07 2.76543e-08 1.5543e-09 0 
0 0.000723478 0.00384368 0.00927818 0.0167618 0.0260344 0.0366417 0.0480011 0.0595545 0.0712928 0.0824447 0.0897344 0.0936953 0.0956188 0.0959941 0.0949307 0.0922606 0.0874342 0.0795494 0.0698286 0.0604904 0.0515372 0.0429647 0.0349985 0.0278354 0.0215909 0.0163039 0.0119472 0.00843641 0.00563846 0.00341853 0.00174723 0.00069827 0.000212835 5.10862e-05 1.00994e-05 1.68063e-06 2.3126e-07 2.40772e-08 1.36484e-09 0 
0 0.000628117 0.00345058 0.00843079 0.0152705 0.0237389 0.0334257 0.0437965 0.0542623 0.0643787 0.0741201 0.0823956 0.0874711 0.0898953 0.0903455 0.0889831 0.0855541 0.0795494 0.0715788 0.0633538 0.0551721 0.0470501 0.0392263 0.0319525 0.0254112 0.0197075 0.014876 0.0108901 0.0076681 0.00508554 0.00303221 0.00151004 0.000587324 0.000175836 4.19635e-05 8.32283e-06 1.39656e-06 1.9427e-07 2.0471e-08 1.17499e-09 0 
0 0.000522702 0.00300088 0.00746929 0.013586 0.0211483 0.0297968 0.0390557 0.048386 0.0572545 0.0652905 0.0723379 0.0777346 0.0807071 0.0812564 0.0795071 0.0755185 0.0698286 0.0633538 0.056438 0.0492279 0.0419893 0.0350081 0.0285172 0.0226793 0.0175876 0.0132717 0.00970485 0.00680893 0.00447284 0.00261704 0.0012698 0.000482547 0.000142861 3.4148e-05 6.84092e-06 1.16439e-06 1.6458e-07 1.76269e-08 1.02787e-09 0 
0 0.000415091 0.00251797 0.00644291 0.0118009 0.018407 0.0259584 0.0340421 0.0421871 0.0499088 0.0567658 0.0624339 0.0666767 0.0691749 0.0696509 0.0681223 0.0649178 0.0604904 0.0551721 0.0492279 0.0429504 0.0366373 0.0305487 0.0248881 0.0197969 0.0153557 0.0115886 0.00846822 0.00592282 0.00385992 0.00222833 0.00106589 0.000402317 0.000119688 2.90106e-05 5.91905e-06 1.02706e-06 1.47865e-07 1.61041e-08 9.53026e-10 0 
0 0.000312803 0.00202591 0.00539521 0.00999882 0.0156473 0.0220968 0.0289995 0.0359541 0.0425462 0.0483845 0.0531382 0.0565625 0.0584943 0.0588544 0.0576892 0.055171 0.0515372 0.0470501 0.0419893 0.0366373 0.0312557 0.026067 0.0212448 0.0169096 0.0131299 0.00992466 0.00726752 0.00509497 0.00333173 0.00193768 0.000940612 0.000362942 0.000110728 2.74823e-05 5.71962e-06 1.00807e-06 1.46855e-07 1.61316e-08 9.60251e-10 0 
0 0.000222207 0.00154963 0.00436235 0.00824794 0.0129806 0.0183704 0.0241354 0.0299429 0.0354474 0.0403219 0.0442858 0.0471272 0.0487165 0.0490122 0.0480599 0.0459832 0.0429647 0.0392263 0.0350081 0.0305487 0.026067 0.0217492 0.0177414 0.0141478 0.0110349 0.0084257 0.00628174 0.00451172 0.00303534 0.00183067 0.000930603 0.000375978 0.00011864 2.99937e-05 6.2853e-06 1.10755e-06 1.60668e-07 1.75348e-08 1.03567e-09 0 
0 0.000147706 0.00111451 0.00337493 0.00659701 0.0104912 0.0149015 0.0196114 0.024354 0.0288484 0.0328282 0.0360646 0.0383844 0.039682 0.0399245 0.0391499 0.0374582 0.0349985 0.0319525 0.0285172 0.0248881 0.0212448 0.0177414 0.0145053 0.0116564 0.00933034 0.00760521 0.00629835 0.00499593 0.00352201 0.00213132 0.00109096 0.000450854 0.0001443 3.63324e-05 7.49643e-06 1.29511e-06 1.84054e-07 1.96902e-08 1.1413e-09 0 
0 9.11745e-05 0.000744051 0.00246362 0.00507522 0.00823207 0.0117729 0.0155391 0.0193266 0.0229144 0.0260908 0.0286739 0.0305255 0.0315618 0.0317567 0.0311406 0.0297937 0.0278354 0.0254112 0.0226793 0.0197969 0.0169096 0.0141478 0.0116564 0.00971441 0.0088644 0.00950188 0.0106992 0.0102926 0.00750707 0.0040755 0.00174892 0.000636179 0.000190675 4.56997e-05 9.02759e-06 1.50396e-06 2.07266e-07 2.15867e-08 1.22189e-09 0 
0 5.18798e-05 0.000454915 0.00166486 0.00370067 0.00622384 0.00902524 0.0119793 0.0149394 0.0177397 0.0202177 0.0222324 0.0236767 0.0244855 0.0246388 0.0241605 0.0231133 0.0215909 0.0197075 0.0175876 0.0153557 0.0131299 0.0110349 0.00933034 0.0088644 0.011597 0.0190455 0.0288426 0.0337802 0.0218928 0.0110789 0.00397031 0.0011157 0.000272845 5.73764e-05 1.03965e-05 1.64111e-06 2.18213e-07 2.21079e-08 1.22268e-09 0 
0 2.70417e-05 0.000251646 0.00101866 0.0024981 0.00446391 0.00665776 0.0089431 0.011214 0.0133537 0.015244 0.0167798 0.0178807 0.0184977 0.0186158 0.0182535 0.017459 0.0163039 0.014876 0.0132717 0.0115886 0.00992466 0.0084257 0.00760521 0.00950188 0.0190455 0.0416142 0.0753468 0.0798991 0.060605 0.025782 0.00867537 0.00208283 0.000405882 7.01208e-05 1.10843e-05 1.62258e-06 2.07585e-07 2.05267e-08 1.11399e-09 0 
0 1.28511e-05 0.000124831 0.000552601 0.0015132 0.00295369 0.00463975 0.00639497 0.00811821 0.00972736 0.0111418 0.0122881 0.0131091 0.0135695 0.0136589 0.0133914 0.012803 0.0119472 0.0108901 0.00970485 0.00846822 0.00726752 0.00628174 0.00629835 0.0106992 0.0288426 0.0753468 0.0873895 0.0889333 0.0832302 0.0511007 0.013976 0.00316719 0.000539145 7.80692e-05 1.0576e-05 1.41583e-06 1.74396e-07 1.69398e-08 9.08386e-10 0 
0 5.55269e-06 5.52885e-05 0.000261996 0.000796736 0.00173205 0.00295017 0.00427272 0.00557427 0.00677788 0.00782602 0.00867028 0.00927301 0.00961108 0.0096782 0.00948516 0.00905824 0.00843641 0.0076681 0.00680893 0.00592282 0.00509497 0.00451172 0.00499593 0.0102926 0.0337802 0.0798991 0.0889333 0.0901458 0.0855489 0.0609054 0.0154187 0.00342766 0.000550651 7.15296e-05 8.58376e-06 1.0634e-06 1.27322e-07 1.22666e-08 6.55622e-10 0 
0 2.17917e-06 2.18659e-05 0.000108095 0.000356954 0.000863111 0.00162729 0.00254716 0.0034989 0.0043916 0.00516765 0.00578923 0.00623108 0.00647898 0.00653008 0.00639286 0.0060863 0.00563846 0.00508554 0.00447284 0.00385992 0.00333173 0.00303534 0.00352201 0.00750707 0.0218928 0.060605 0.0832302 0.0855489 0.0783861 0.0370395 0.011411 0.00253282 0.00040074 4.97001e-05 5.62005e-06 6.71674e-07 7.98966e-08 7.73374e-09 4.15989e-10 0 
0 7.76995e-07 7.74679e-06 3.89953e-05 0.0001356 0.000356325 0.000741463 0.00127437 0.00188762 0.00250212 0.00305495 0.00350459 0.00382647 0.00400845 0.00404833 0.00395253 0.00373532 0.00341853 0.00303221 0.00261704 0.00222833 0.00193768 0.00183067 0.00213132 0.0040755 0.0110789 0.025782 0.0511007 0.0609054 0.0370395 0.0171452 0.00565585 0.00126757 0.00020273 2.52056e-05 2.88083e-06 3.52278e-07 4.28785e-08 4.23013e-09 2.31219e-10 0 
0 2.51882e-07 2.46948e-06 1.24192e-05 4.41822e-05 0.00012206 0.000273161 0.000510375 0.000819537 0.00116357 0.00149814 0.00178501 0.00199757 0.0021209 0.00215017 0.00208905 0.00194867 0.00174723 0.00151004 0.0012698 0.00106589 0.000940612 0.000930603 0.00109096 0.00174892 0.00397031 0.00867537 0.013976 0.0154187 0.011411 0.00565585 0.00188649 0.000433095 7.15387e-05 9.36154e-06 1.16353e-06 1.54147e-07 1.9711e-08 2.00683e-09 1.12445e-10 0 
0 7.42563e-08 7.10936e-07 3.52594e-06 1.25607e-05 3.54155e-05 8.2471e-05 0.000162772 0.000278118 0.000419697 0.000570011 0.000708406 0.000816579 0.000881924 0.000898739 0.000868111 0.000797208 0.00069827 0.000587324 0.000482547 0.000402317 0.000362942 0.000375978 0.000450854 0.000636179 0.0011157 0.00208283 0.00316719 0.00342766 0.00253282 0.00126757 0.000433095 0.000103349 1.81742e-05 2.66606e-06 3.8551e-07 5.73098e-08 7.80623e-09 8.27148e-10 4.78424e-11 0 
0 1.98813e-08 1.85109e-07 8.98268e-07 3.16103e-06 8.91219e-06 2.10301e-05 4.25776e-05 7.52927e-05 0.000118073 0.000166484 0.000213704 0.000252408 0.000276692 0.000283383 0.000272544 0.000247249 0.000212835 0.000175836 0.000142861 0.000119688 0.000110728 0.00011864 0.0001443 0.000190675 0.000272845 0.000405882 0.000539145 0.000550651 0.00040074 0.00020273 7.15387e-05 1.81742e-05 3.60033e-06 6.35286e-07 1.10479e-07 1.84444e-08 2.67851e-09 2.96682e-10 1.7805e-11 0 
0 4.81299e-09 4.34885e-08 2.05614e-07 7.09358e-07 1.97615e-06 4.64773e-06 9.45825e-06 1.69308e-05 2.70023e-05 3.87907e-05 5.06777e-05 6.07143e-05 6.71781e-05 6.90586e-05 6.63074e-05 5.9804e-05 5.10862e-05 4.19635e-05 3.4148e-05 2.90106e-05 2.74823e-05 2.99937e-05 3.63324e-05 4.56997e-05 5.73764e-05 7.01208e-05 7.80692e-05 7.15296e-05 4.97001e-05 2.52056e-05 9.36154e-06 2.66606e-06 6.35286e-07 1.38442e-07 2.82574e-08 5.1794e-09 7.97797e-10 9.25508e-11 5.7826e-12 0 
0 1.0431e-09 9.14063e-09 4.20298e-08 1.41631e-07 3.87477e-07 9.00298e-07 1.82069e-06 3.25576e-06 5.2082e-06 7.52348e-06 9.89269e-06 1.19228e-05 1.32509e-05 1.36547e-05 1.31172e-05 1.18235e-05 1.00994e-05 8.32283e-06 6.84092e-06 5.91905e-06 5.71962e-06 6.2853e-06 7.49643e-06 9.02759e-06 1.03965e-05 1.10843e-05 1.0576e-05 8.58376e-06 5.62005e-06 2.88083e-06 1.16353e-06 3.8551e-07 1.10479e-07 2.82574e-08 6.42284e-09 1.26311e-09 2.05358e-10 2.49663e-11 1.62708e-12 0 
0 1.98289e-10 1.68566e-09 7.53556e-09 2.47692e-08 6.63689e-08 1.51707e-07 3.03176e-07 5.3795e-07 8.56878e-07 1.2358e-06 1.62522e-06 1.96096e-06 2.18267e-06 2.25275e-06 2.16784e-06 1.95886e-06 1.68063e-06 1.39656e-06 1.16439e-06 1.02706e-06 1.00807e-06 1.10755e-06 1.29511e-06 1.50396e-06 1.64111e-06 1.62258e-06 1.41583e-06 1.0634e-06 6.71674e-07 3.52278e-07 1.54147e-07 5.73098e-08 1.84444e-08 5.1794e-09 1.26311e-09 2.63027e-10 4.49891e-11 5.73017e-12 3.8978e-13 0 
0 3.16715e-11 2.61436e-10 1.13695e-09 3.64534e-09 9.55928e-09 2.14619e-08 4.22815e-08 7.42167e-08 1.1731e-07 1.68332e-07 2.20727e-07 2.65984e-07 2.96062e-07 3.0592e-07 2.95091e-07 2.67733e-07 2.3126e-07 1.9427e-07 1.6458e-07 1.47865e-07 1.46855e-07 1.60668e-07 1.84054e-07 2.07266e-07 2.18213e-07 2.07585e-07 1.74396e-07 1.27322e-07 7.98966e-08 4.28785e-08 1.9711e-08 7.80623e-09 2.67851e-09 7.97797e-10 2.05358e-10 4.49891e-11 8.07453e-12 1.07622e-12 7.63838e-14 0 
0 3.83651e-12 3.07919e-11 1.30418e-10 4.08212e-10 1.04796e-09 2.31046e-09 4.48397e-09 7.77725e-09 1.21817e-08 1.73659e-08 2.26732e-08 2.72571e-08 3.03191e-08 3.13587e-08 3.0331e-08 2.76543e-08 2.40772e-08 2.0471e-08 1.76269e-08 1.61041e-08 1.61316e-08 1.75348e-08 1.96902e-08 2.15867e-08 2.21079e-08 2.05267e-08 1.69398e-08 1.22666e-08 7.73374e-09 4.23013e-09 2.00683e-09 8.27148e-10 2.96682e-10 9.25508e-11 2.49663e-11 5.73017e-12 1.07622e-12 1.4984e-13 1.10846e-14 0 
0 2.51814e-13 1.96812e-12 8.13047e-12 2.48738e-11 6.25697e-11 1.35538e-10 2.5917e-10 4.44124e-10 6.89097e-10 9.75473e-10 1.26746e-09 1.51942e-09 1.68852e-09 1.748e-09 1.69565e-09 1.5543e-09 1.36484e-09 1.17499e-09 1.02787e-09 9.53026e-10 9.60251e-10 1.03567e-09 1.1413e-09 1.22189e-09 1.22268e-09 1.11399e-09 9.08386e-10 6.55622e-10 4.15989e-10 2.31219e-10 1.12445e-10 4.78424e-11 1.7805e-11 5.7826e-12 1.62708e-12 3.8978e-13 7.63838e-14 1.10846e-14 8.53344e-16 0 
0 0 0 0 0 0 0 0 0 0 0 0 0 0 0 0 0 0 0 0 0 0 0 0 0 0 0 0 0 0 0 0 0 0 0 0 0 0 0 0 0 
