0 0 0 0 0 0 0 0 0 0 0 0 0 0 0 0 0 0 0 0 0 0 0 0 0 0 0 0 0 0 0 0 0 0 0 0 0 0 0 0 0 
0 4.47071e-07 3.97004e-06 1.73864e-05 5.21362e-05 0.000119544 0.000223466 0.000357303 0.000507258 0.000657624 0.000794434 0.000906959 0.000987936 0.00103331 0.00104189 0.00101497 0.000956005 0.000870204 0.000764178 0.000645526 0.000522369 0.00040277 0.000293987 0.000201631 0.000128896 7.61805e-05 4.13136e-05 2.04311e-05 9.17397e-06 3.7316e-06 1.37417e-06 4.58283e-07 1.3844e-07 3.78387e-08 9.3195e-09 2.04874e-09 3.94022e-10 6.35338e-11 7.75542e-12 5.12206e-13 0 
0 3.97004e-06 3.59565e-05 0.000154541 0.000434813 0.000904767 0.00151746 0.00219389 0.00286678 0.00348956 0.00402932 0.00446128 0.00476741 0.00493703 0.00496744 0.00486398 0.00463901 0.00431038 0.00389936 0.00342874 0.00292137 0.00239967 0.00188614 0.00140417 0.00097759 0.000627398 0.000365911 0.000191619 8.9405e-05 3.70662e-05 1.36773e-05 4.51021e-06 1.33473e-06 3.55304e-07 8.49576e-08 1.81078e-08 3.37629e-09 5.28195e-10 6.2635e-11 4.02495e-12 0 
0 1.73864e-05 0.000154541 0.000613544 0.0015188 0.00276204 0.00416216 0.0056049 0.00701987 0.00834174 0.00950362 0.0104443 0.0111161 0.0114897 0.011556 0.0113263 0.0108294 0.010108 0.0092137 0.0082015 0.00712466 0.00602991 0.00495435 0.00392542 0.00296542 0.00209979 0.00136288 0.000791284 0.000402526 0.000177369 6.76827e-05 2.25431e-05 6.62346e-06 1.73138e-06 4.04007e-07 8.37791e-08 1.51835e-08 2.30947e-09 2.66544e-10 1.66944e-11 0 
0 5.21362e-05 0.000434813 0.0015188 0.00327083 0.00539762 0.00773547 0.01019 0.0126453 0.0149653 0.0170161 0.0186808 0.019871 0.0205331 0.0206504 0.0202427 0.0193615 0.0180834 0.0165013 0.0147155 0.0128253 0.010921 0.0090771 0.00734781 0.00576374 0.00433566 0.00306877 0.00198523 0.00113283 0.000552478 0.000226731 7.86113e-05 2.33989e-05 6.08285e-06 1.39628e-06 2.83227e-07 5.00879e-08 7.43029e-09 8.36822e-10 5.12039e-11 0 
0 0.000119544 0.000904767 0.00276204 0.00539762 0.00853455 0.0120577 0.0158096 0.0195821 0.0231532 0.0263117 0.0288763 0.0307102 0.0317302 0.0319108 0.0312824 0.0299245 0.0279551 0.0255178 0.0227677 0.0198588 0.0169319 0.0141068 0.0114753 0.00909772 0.00699946 0.00517321 0.0035963 0.00226853 0.00123936 0.000563187 0.000209667 6.4755e-05 1.70083e-05 3.87934e-06 7.74869e-07 1.34361e-07 1.95125e-08 2.15116e-09 1.28943e-10 0 
0 0.000223466 0.00151746 0.00416216 0.00773547 0.0120577 0.0169713 0.0222213 0.0275046 0.032507 0.036932 0.0405256 0.0430968 0.0445293 0.0447834 0.0438999 0.0419947 0.0392345 0.0358195 0.031967 0.0278924 0.0237939 0.01984 0.016162 0.0128504 0.00995348 0.00747595 0.00538195 0.0036184 0.00217049 0.00109683 0.000447404 0.000146555 3.95397e-05 9.05941e-06 1.79484e-06 3.06746e-07 4.37876e-08 4.74156e-09 2.79244e-10 0 
0 0.000357303 0.00219389 0.0056049 0.01019 0.0158096 0.0222213 0.0290766 0.0359766 0.0425105 0.0482976 0.0530694 0.0567582 0.0591018 0.059556 0.0580473 0.0551222 0.0513342 0.0468407 0.0418057 0.0364841 0.0311319 0.0259694 0.0211688 0.0168501 0.0130813 0.00988041 0.00721663 0.00501624 0.00320167 0.00176817 0.000792353 0.000279092 7.84279e-05 1.82363e-05 3.60882e-06 6.11012e-07 8.6083e-08 9.18725e-09 5.33198e-10 0 
0 0.000507258 0.00286678 0.00701987 0.0126453 0.0195821 0.0275046 0.0359766 0.0445047 0.0526001 0.0601176 0.0678533 0.0744061 0.0779291 0.0785607 0.0765157 0.0716372 0.0647795 0.0581066 0.0517219 0.0451334 0.0385187 0.0321391 0.0262077 0.0208731 0.0162212 0.0122794 0.009022 0.00637179 0.0042173 0.00248268 0.00120783 0.000458674 0.000135392 3.2202e-05 6.40333e-06 1.07896e-06 1.50592e-07 1.58922e-08 9.11567e-10 0 
0 0.000657624 0.00348956 0.00834174 0.0149653 0.0231532 0.032507 0.0425105 0.0526001 0.0626828 0.0744399 0.0834499 0.087847 0.0898421 0.090224 0.089136 0.0862868 0.0805745 0.0708679 0.0613691 0.053339 0.0455146 0.0379821 0.0309794 0.0246821 0.0191923 0.0145444 0.0107145 0.00762454 0.00514872 0.00316077 0.0016393 0.000666581 0.000207057 5.05958e-05 1.01524e-05 1.70872e-06 2.37031e-07 2.48072e-08 1.41013e-09 0 
0 0.000794434 0.00402932 0.00950362 0.0170161 0.0263117 0.036932 0.0482976 0.0601176 0.0744399 0.085826 0.0912726 0.0942126 0.095662 0.0959642 0.095195 0.0932332 0.0896549 0.0832365 0.0717713 0.0607896 0.0517125 0.0431519 0.0352011 0.028052 0.0218203 0.0165462 0.0122056 0.00871829 0.00595203 0.00375074 0.0020367 0.00087591 0.000285126 7.16183e-05 1.45319e-05 2.4492e-06 3.38547e-07 3.52283e-08 1.98931e-09 0 
0 0.000906959 0.00446128 0.0104443 0.0186808 0.0288763 0.0405256 0.0530694 0.0678533 0.0834499 0.0912726 0.0954581 0.097875 0.0991087 0.0993794 0.0987415 0.0971221 0.094273 0.0895497 0.0810424 0.0677957 0.0568082 0.0473527 0.0386305 0.0307893 0.0239549 0.0181717 0.0134147 0.00960087 0.0065939 0.00422132 0.00236413 0.00106025 0.000358674 9.23329e-05 1.89451e-05 3.20168e-06 4.4184e-07 4.58096e-08 2.57533e-09 0 
0 0.000987936 0.00476741 0.0111161 0.019871 0.0307102 0.0430968 0.0567582 0.0744061 0.087847 0.0942126 0.097875 0.100057 0.10119 0.101446 0.100871 0.0994113 0.0968805 0.0928278 0.0860363 0.0737172 0.0606431 0.0503641 0.0410845 0.0327481 0.0254824 0.0193349 0.0142795 0.0102306 0.00704915 0.00455386 0.00259976 0.00119923 0.000417139 0.000109439 2.26656e-05 3.84197e-06 5.30027e-07 5.48481e-08 3.07552e-09 0 
0 0.00103331 0.00493703 0.0114897 0.0205331 0.0317302 0.0445293 0.0591018 0.0779291 0.0898421 0.095662 0.0991087 0.10119 0.102278 0.102528 0.101982 0.100592 0.0981973 0.0944168 0.0882722 0.0770505 0.062969 0.0520486 0.0424518 0.0338397 0.0263339 0.0199834 0.0147618 0.0105817 0.00730249 0.00473893 0.00273276 0.0012804 0.000452682 0.000120167 2.50442e-05 4.25588e-06 5.87422e-07 6.07587e-08 3.4039e-09 0 
0 0.00104189 0.00496744 0.011556 0.0206504 0.0319108 0.0447834 0.059556 0.0785607 0.090224 0.0959642 0.0993794 0.101446 0.102528 0.102778 0.102236 0.100856 0.0984817 0.0947416 0.0886919 0.0776618 0.0634125 0.0523527 0.0426983 0.034037 0.0264882 0.0201015 0.0148501 0.0106467 0.00735026 0.00477527 0.00276074 0.00129894 0.000461433 0.00012297 2.56955e-05 4.37369e-06 6.04333e-07 6.25578e-08 3.50706e-09 0 
0 0.00101497 0.00486398 0.0113263 0.0202427 0.0312824 0.0438999 0.0580473 0.0765157 0.089136 0.095195 0.0987415 0.100871 0.101982 0.102236 0.101677 0.100253 0.0977952 0.093892 0.087468 0.0756966 0.0619478 0.051322 0.0418645 0.0333724 0.0259709 0.0197085 0.0145591 0.0104363 0.00720074 0.00466938 0.00268818 0.00125681 0.000443752 0.000117831 2.45978e-05 4.19004e-06 5.79919e-07 6.01564e-08 3.38021e-09 0 
0 0.000956005 0.00463901 0.0108294 0.0193615 0.0299245 0.0419947 0.0551222 0.0716372 0.0862868 0.0932332 0.0971221 0.0994113 0.100592 0.100856 0.100253 0.0987213 0.0960502 0.0917159 0.084239 0.0711974 0.0589917 0.0490978 0.0400567 0.0319308 0.0248481 0.0188551 0.0139263 0.00997789 0.00687307 0.00443484 0.0025256 0.0011619 0.000403833 0.000106166 2.20804e-05 3.7627e-06 5.22123e-07 5.43599e-08 3.06728e-09 0 
0 0.000870204 0.00431038 0.010108 0.0180834 0.0279551 0.0392345 0.0513342 0.0647795 0.0805745 0.0896549 0.094273 0.0968805 0.0981973 0.0984817 0.0977952 0.0960502 0.0929472 0.0876784 0.0778942 0.0651161 0.0549988 0.0458791 0.037433 0.0298386 0.0232187 0.0176165 0.0130078 0.00931169 0.00639515 0.00409153 0.00228941 0.00102734 0.000348872 9.04319e-05 1.87164e-05 3.19296e-06 4.44959e-07 4.65967e-08 2.64654e-09 0 
0 0.000764178 0.00389936 0.0092137 0.0165013 0.0255178 0.0358195 0.0468407 0.0581066 0.0708679 0.0832365 0.0895497 0.0928278 0.0944168 0.0947416 0.093892 0.0917159 0.0876784 0.0801619 0.0686832 0.0589006 0.0501987 0.0418989 0.0341857 0.0272494 0.0212027 0.0160846 0.0118719 0.00848684 0.00580149 0.00366559 0.00200256 0.000870973 0.000287932 7.35472e-05 1.51691e-05 2.5969e-06 3.64485e-07 3.85087e-08 2.20819e-09 0 
0 0.000645526 0.00342874 0.0082015 0.0147155 0.0227677 0.031967 0.0418057 0.0517219 0.0613691 0.0717713 0.0810424 0.0860363 0.0882722 0.0886919 0.087468 0.084239 0.0778942 0.0686832 0.0602717 0.0525027 0.0448157 0.037409 0.0305227 0.0243297 0.0189304 0.0143591 0.010593 0.00755751 0.00513239 0.00319142 0.00169629 0.000714537 0.000230611 5.83173e-05 1.20445e-05 2.0785e-06 2.94994e-07 3.15548e-08 1.83234e-09 0 
0 0.000522369 0.00292137 0.00712466 0.0128253 0.0198588 0.0278924 0.0364841 0.0451334 0.053339 0.0607896 0.0677957 0.0737172 0.0770505 0.0776618 0.0756966 0.0711974 0.0651161 0.0589006 0.0525027 0.04583 0.0391266 0.0326615 0.0266505 0.0212448 0.0165316 0.0125398 0.00924679 0.00658187 0.00443786 0.00271772 0.00141233 0.000582128 0.000185707 4.69901e-05 9.79251e-06 1.71196e-06 2.46453e-07 2.67345e-08 1.57289e-09 0 
0 0.00040277 0.00239967 0.00602991 0.010921 0.0169319 0.0237939 0.0311319 0.0385187 0.0455146 0.0517125 0.0568082 0.0606431 0.062969 0.0634125 0.0619478 0.0589917 0.0549988 0.0501987 0.0448157 0.0391266 0.0334054 0.0278879 0.0227589 0.0181473 0.0141281 0.0107255 0.00791618 0.00563526 0.00379333 0.00231649 0.00120212 0.000497104 0.000160029 4.10142e-05 8.66467e-06 1.53418e-06 2.2331e-07 2.44469e-08 1.44886e-09 0 
0 0.000293987 0.00188614 0.00495435 0.0090771 0.0141068 0.01984 0.0259694 0.0321391 0.0379821 0.0431519 0.0473527 0.0503641 0.0520486 0.0523527 0.051322 0.0490978 0.0458791 0.0418989 0.037409 0.0326615 0.0278879 0.0232858 0.0190105 0.015174 0.0118494 0.00906452 0.0067825 0.00490967 0.00335915 0.0020922 0.00111682 0.000476635 0.000157329 4.09192e-05 8.69976e-06 1.5422e-06 2.24074e-07 2.44437e-08 1.44195e-09 0 
0 0.000201631 0.00140417 0.00392542 0.00734781 0.0114753 0.016162 0.0211688 0.0262077 0.0309794 0.0352011 0.0386305 0.0410845 0.0424518 0.0426983 0.0418645 0.0400567 0.037433 0.0341857 0.0305227 0.0266505 0.0227589 0.0190105 0.0155408 0.0124782 0.00997023 0.00810631 0.00669966 0.00531464 0.00376375 0.00231161 0.00122333 0.000530618 0.000177782 4.61879e-05 9.69737e-06 1.68987e-06 2.41144e-07 2.58499e-08 1.50001e-09 0 
0 0.000128896 0.00097759 0.00296542 0.00576374 0.00909772 0.0128504 0.0168501 0.0208731 0.0246821 0.028052 0.0307893 0.0327481 0.0338397 0.034037 0.0333724 0.0319308 0.0298386 0.0272494 0.0243297 0.0212448 0.0181473 0.015174 0.0124782 0.0103587 0.00940105 0.0100327 0.0112735 0.0108386 0.00790827 0.004304 0.00186918 0.000704763 0.000222118 5.53931e-05 1.11951e-05 1.88623e-06 2.61405e-07 2.73109e-08 1.5492e-09 0 
0 7.61805e-05 0.000627398 0.00209979 0.00433566 0.00699946 0.00995348 0.0130813 0.0162212 0.0191923 0.0218203 0.0239549 0.0254824 0.0263339 0.0264882 0.0259709 0.0248481 0.0232187 0.0212027 0.0189304 0.0165316 0.0141281 0.0118494 0.00997023 0.00940105 0.0122272 0.0200391 0.034198 0.0413643 0.02335 0.0116535 0.00418322 0.00119094 0.000303727 6.70892e-05 1.25496e-05 2.01143e-06 2.69269e-07 2.73765e-08 1.51761e-09 0 
0 4.13136e-05 0.000365911 0.00136288 0.00306877 0.00517321 0.00747595 0.00988041 0.0122794 0.0145444 0.0165462 0.0181717 0.0193349 0.0199834 0.0201015 0.0197085 0.0188551 0.0176165 0.0160846 0.0143591 0.0125398 0.0107255 0.00906452 0.00810631 0.0100327 0.0200391 0.049113 0.0774398 0.0795416 0.0689849 0.0274148 0.00912419 0.0021974 0.000438407 7.95424e-05 1.31088e-05 1.96034e-06 2.52932e-07 2.51033e-08 1.36544e-09 0 
0 2.04311e-05 0.000191619 0.000791284 0.00198523 0.0035963 0.00538195 0.00721663 0.009022 0.0107145 0.0122056 0.0134147 0.0142795 0.0147618 0.0148501 0.0145591 0.0139263 0.0130078 0.0118719 0.010593 0.00924679 0.00791618 0.0067825 0.00669966 0.0112735 0.034198 0.0774398 0.0854109 0.086335 0.082075 0.0594735 0.0147075 0.00333355 0.000574521 8.66443e-05 1.23014e-05 1.69357e-06 2.10868e-07 2.0563e-08 1.10498e-09 0 
0 9.17397e-06 8.9405e-05 0.000402526 0.00113283 0.00226853 0.0036184 0.00501624 0.00637179 0.00762454 0.00871829 0.00960087 0.0102306 0.0105817 0.0106467 0.0104363 0.00997789 0.00931169 0.00848684 0.00755751 0.00658187 0.00563526 0.00490967 0.00531464 0.0108386 0.0413643 0.0795416 0.086335 0.0872625 0.0838931 0.0689129 0.0165959 0.00360614 0.000584311 7.84851e-05 9.87102e-06 1.26342e-06 1.53219e-07 1.48222e-08 7.9371e-10 0 
0 3.7316e-06 3.70662e-05 0.000177369 0.000552478 0.00123936 0.00217049 0.00320167 0.0042173 0.00514872 0.00595203 0.0065939 0.00704915 0.00730249 0.00735026 0.00720074 0.00687307 0.00639515 0.00580149 0.00513239 0.00443786 0.00379333 0.00335915 0.00376375 0.00790827 0.02335 0.0689849 0.082075 0.0838931 0.0784275 0.0435025 0.0119979 0.00266516 0.000425414 5.43946e-05 6.43379e-06 7.95373e-07 9.58864e-08 9.31839e-09 5.02058e-10 0 
0 1.37417e-06 1.36773e-05 6.76827e-05 0.000226731 0.000563187 0.00109683 0.00176817 0.00248268 0.00316077 0.00375074 0.00422132 0.00455386 0.00473893 0.00477527 0.00466938 0.00443484 0.00409153 0.00366559 0.00319142 0.00271772 0.00231649 0.0020922 0.00231161 0.004304 0.0116535 0.0274148 0.0594735 0.0689129 0.0435025 0.0180264 0.00594748 0.00133537 0.000216161 2.77183e-05 3.3066e-06 4.17255e-07 5.13992e-08 5.08795e-09 2.78492e-10 0 
0 4.58283e-07 4.51021e-06 2.25431e-05 7.86113e-05 0.000209667 0.000447404 0.000792353 0.00120783 0.0016393 0.0020367 0.00236413 0.00259976 0.00273276 0.00276074 0.00268818 0.0025256 0.00228941 0.00200256 0.00169629 0.00141233 0.00120212 0.00111682 0.00122333 0.00186918 0.00418322 0.00912419 0.0147075 0.0165959 0.0119979 0.00594748 0.00198545 0.000458283 7.70293e-05 1.04174e-05 1.3472e-06 1.83104e-07 2.36236e-08 2.41121e-09 1.35251e-10 0 
0 1.3844e-07 1.33473e-06 6.62346e-06 2.33989e-05 6.4755e-05 0.000146555 0.000279092 0.000458674 0.000666581 0.00087591 0.00106025 0.00119923 0.0012804 0.00129894 0.00125681 0.0011619 0.00102734 0.000870973 0.000714537 0.000582128 0.000497104 0.000476635 0.000530618 0.000704763 0.00119094 0.0021974 0.00333355 0.00360614 0.00266516 0.00133537 0.000458283 0.000110661 1.99139e-05 3.02321e-06 4.51804e-07 6.83291e-08 9.35784e-09 9.93171e-10 5.74935e-11 0 
0 3.78387e-08 3.55304e-07 1.73138e-06 6.08285e-06 1.70083e-05 3.95397e-05 7.84279e-05 0.000135392 0.000207057 0.000285126 0.000358674 0.000417139 0.000452682 0.000461433 0.000443752 0.000403833 0.000348872 0.000287932 0.000230611 0.000185707 0.000160029 0.000157329 0.000177782 0.000222118 0.000303727 0.000438407 0.000574521 0.000584311 0.000425414 0.000216161 7.70293e-05 1.99139e-05 4.0512e-06 7.36894e-07 1.30931e-07 2.20557e-08 3.21165e-09 3.56084e-10 2.13836e-11 0 
0 9.3195e-09 8.49576e-08 4.04007e-07 1.39628e-06 3.87934e-06 9.05941e-06 1.82363e-05 3.2202e-05 5.05958e-05 7.16183e-05 9.23329e-05 0.000109439 0.000120167 0.00012297 0.000117831 0.000106166 9.04319e-05 7.35472e-05 5.83173e-05 4.69901e-05 4.10142e-05 4.09192e-05 4.61879e-05 5.53931e-05 6.70892e-05 7.95424e-05 8.66443e-05 7.84851e-05 5.43946e-05 2.77183e-05 1.04174e-05 3.02321e-06 7.36894e-07 1.63609e-07 3.37245e-08 6.20368e-09 9.56716e-10 1.11053e-10 6.94201e-12 0 
0 2.04874e-09 1.81078e-08 8.37791e-08 2.83227e-07 7.74869e-07 1.79484e-06 3.60882e-06 6.40333e-06 1.01524e-05 1.45319e-05 1.89451e-05 2.26656e-05 2.50442e-05 2.56955e-05 2.45978e-05 2.20804e-05 1.87164e-05 1.51691e-05 1.20445e-05 9.79251e-06 8.66467e-06 8.69976e-06 9.69737e-06 1.11951e-05 1.25496e-05 1.31088e-05 1.23014e-05 9.87102e-06 6.43379e-06 3.3066e-06 1.3472e-06 4.51804e-07 1.30931e-07 3.37245e-08 7.68966e-09 1.51402e-09 2.46282e-10 2.99534e-11 1.95282e-12 0 
0 3.94022e-10 3.37629e-09 1.51835e-08 5.00879e-08 1.34361e-07 3.06746e-07 6.11012e-07 1.07896e-06 1.70872e-06 2.4492e-06 3.20168e-06 3.84197e-06 4.25588e-06 4.37369e-06 4.19004e-06 3.7627e-06 3.19296e-06 2.5969e-06 2.0785e-06 1.71196e-06 1.53418e-06 1.5422e-06 1.68987e-06 1.88623e-06 2.01143e-06 1.96034e-06 1.69357e-06 1.26342e-06 7.95373e-07 4.17255e-07 1.83104e-07 6.83291e-08 2.20557e-08 6.20368e-09 1.51402e-09 3.15388e-10 5.39593e-11 6.87447e-12 4.67745e-13 0 
0 6.35338e-11 5.28195e-10 2.30947e-09 7.43029e-09 1.95125e-08 4.37876e-08 8.6083e-08 1.50592e-07 2.37031e-07 3.38547e-07 4.4184e-07 5.30027e-07 5.87422e-07 6.04333e-07 5.79919e-07 5.22123e-07 4.44959e-07 3.64485e-07 2.94994e-07 2.46453e-07 2.2331e-07 2.24074e-07 2.41144e-07 2.61405e-07 2.69269e-07 2.52932e-07 2.10868e-07 1.53219e-07 9.58864e-08 5.13992e-08 2.36236e-08 9.35784e-09 3.21165e-09 9.56716e-10 2.46282e-10 5.39593e-11 9.68566e-12 1.29116e-12 9.16573e-14 0 
0 7.75542e-12 6.2635e-11 2.66544e-10 8.36822e-10 2.15116e-09 4.74156e-09 9.18725e-09 1.58922e-08 2.48072e-08 3.52283e-08 4.58096e-08 5.48481e-08 6.07587e-08 6.25578e-08 6.01564e-08 5.43599e-08 4.65967e-08 3.85087e-08 3.15548e-08 2.67345e-08 2.44469e-08 2.44437e-08 2.58499e-08 2.73109e-08 2.73765e-08 2.51033e-08 2.0563e-08 1.48222e-08 9.31839e-09 5.08795e-09 2.41121e-09 9.93171e-10 3.56084e-10 1.11053e-10 2.99534e-11 6.87447e-12 1.29116e-12 1.79781e-13 1.33011e-14 0 
0 5.12206e-13 4.02495e-12 1.66944e-11 5.12039e-11 1.28943e-10 2.79244e-10 5.33198e-10 9.11567e-10 1.41013e-09 1.98931e-09 2.57533e-09 3.07552e-09 3.4039e-09 3.50706e-09 3.38021e-09 3.06728e-09 2.64654e-09 2.20819e-09 1.83234e-09 1.57289e-09 1.44886e-09 1.44195e-09 1.50001e-09 1.5492e-09 1.51761e-09 1.36544e-09 1.10498e-09 7.9371e-10 5.02058e-10 2.78492e-10 1.35251e-10 5.74935e-11 2.13836e-11 6.94201e-12 1.95282e-12 4.67745e-13 9.16573e-14 1.33011e-14 1.02405e-15 0 
0 0 0 0 0 0 0 0 0 0 0 0 0 0 0 0 0 0 0 0 0 0 0 0 0 0 0 0 0 0 0 0 0 0 0 0 0 0 0 0 0 
