0 0 0 0 0 0 0 0 0 0 0 0 0 0 0 0 0 0 0 0 0 0 0 0 0 0 0 0 0 0 0 0 0 0 0 0 0 0 0 0 0 
0 4.02883e-10 3.80328e-09 1.88226e-08 6.81334e-08 1.99561e-07 4.94011e-07 1.05781e-06 1.98832e-06 3.31708e-06 4.95685e-06 6.68846e-06 8.20638e-06 9.20895e-06 9.49453e-06 9.02277e-06 7.91883e-06 6.42419e-06 4.81761e-06 3.33801e-06 2.1354e-06 1.26049e-06 6.8634e-07 3.44787e-07 1.59912e-07 6.85545e-08 2.72077e-08 1.0014e-08 3.42408e-09 1.08932e-09 3.2275e-10 8.90698e-11 2.28669e-11 5.44322e-12 1.19343e-12 2.3808e-13 4.22457e-14 6.37394e-15 7.36679e-16 4.65209e-17 0 
0 3.80328e-09 3.73644e-08 1.92189e-07 7.20639e-07 2.17531e-06 5.51375e-06 1.20008e-05 2.27637e-05 3.80841e-05 5.68126e-05 7.63384e-05 9.32295e-05 0.000104257 0.000107349 0.000102133 8.99336e-05 7.32938e-05 5.52186e-05 3.83847e-05 2.45697e-05 1.44571e-05 7.81267e-06 3.87749e-06 1.76906e-06 7.43218e-07 2.88167e-07 1.03372e-07 3.43925e-08 1.06355e-08 3.06164e-09 8.20927e-10 2.04851e-10 4.74286e-11 1.01236e-11 1.96823e-12 3.4077e-13 5.02284e-14 5.67841e-15 3.51194e-16 0 
0 1.88226e-08 1.92189e-07 1.02527e-06 3.96755e-06 1.2266e-05 3.15295e-05 6.8834e-05 0.000129614 0.000213567 0.000312469 0.000411745 0.000494798 0.000547649 0.000562112 0.00053707 0.000478123 0.000396005 0.000304121 0.000215576 0.000140371 8.36158e-05 4.54468e-05 2.25228e-05 1.01895e-05 4.2192e-06 1.60454e-06 5.62516e-07 1.82449e-07 5.49177e-08 1.53763e-08 4.00933e-09 9.7321e-10 2.1933e-10 4.56119e-11 8.6494e-12 1.4624e-12 2.10768e-13 2.3329e-14 1.41446e-15 0 
0 6.81334e-08 7.20639e-07 3.96755e-06 1.57216e-05 4.91724e-05 0.000125916 0.000269433 0.000490627 0.000775931 0.00108902 0.00138383 0.00161823 0.00176217 0.00180037 0.00173214 0.00156979 0.00133644 0.00106301 0.000783901 0.000531199 0.000327926 0.000183218 9.23579e-05 4.2032e-05 1.73339e-05 6.51301e-06 2.24282e-06 7.11721e-07 2.09085e-07 5.70587e-08 1.44937e-08 3.42758e-09 7.5298e-10 1.52769e-10 2.82926e-11 4.6774e-12 6.60001e-13 7.16152e-14 4.26224e-15 0 
0 1.99561e-07 2.17531e-06 1.2266e-05 4.91724e-05 0.000152753 0.000380036 0.000774557 0.00132818 0.00197674 0.00263109 0.00320871 0.00364792 0.00391004 0.00397784 0.00385314 0.00355447 0.0031145 0.00257758 0.00199708 0.00143139 0.000936026 0.000551136 0.000289509 0.000135289 5.64416e-05 2.11856e-05 7.22045e-06 2.2536e-06 6.48648e-07 1.73053e-07 4.29302e-08 9.91288e-09 2.12697e-09 4.21779e-10 7.64212e-11 1.23745e-11 1.71231e-12 1.8244e-13 1.06757e-14 0 
0 4.94011e-07 5.51375e-06 3.15295e-05 0.000125916 0.000380036 0.00089542 0.00170114 0.00271703 0.00380679 0.00484114 0.0057205 0.00637486 0.00676068 0.0068592 0.00667495 0.00623314 0.00557596 0.0047585 0.00384537 0.00290885 0.00202711 0.0012768 0.000713836 0.000350253 0.000150688 5.73196e-05 1.95275e-05 6.03541e-06 1.71029e-06 4.47753e-07 1.08817e-07 2.46002e-08 5.16812e-09 1.00396e-09 1.78349e-10 2.8344e-11 3.85396e-12 4.04001e-13 2.32901e-14 0 
0 1.05781e-06 1.20008e-05 6.8834e-05 0.000269433 0.000774557 0.00170114 0.00300168 0.004506 0.00603526 0.00744686 0.00863154 0.00950808 0.0100236 0.0101552 0.00990929 0.0093192 0.00843966 0.00734029 0.00609918 0.00479851 0.00352405 0.00236725 0.00141919 0.000742636 0.00033546 0.000131341 4.52399e-05 1.39559e-05 3.91544e-06 1.01019e-06 2.4136e-07 5.35865e-08 1.10538e-08 2.10915e-09 3.68283e-10 5.75852e-11 7.71246e-12 7.97361e-13 4.53972e-14 0 
0 1.98832e-06 2.27637e-05 0.000129614 0.000490627 0.00132818 0.00271703 0.004506 0.00647082 0.00842189 0.0102073 0.0117018 0.0128071 0.0134578 0.0136251 0.0133172 0.012576 0.0114703 0.0100871 0.00852233 0.00687282 0.0052322 0.00369359 0.00235646 0.00131863 0.000632136 0.000258081 9.08815e-05 2.82113e-05 7.8822e-06 2.01315e-06 4.74662e-07 1.03846e-07 2.10992e-08 3.96617e-09 6.82693e-10 1.05327e-10 1.39352e-11 1.42515e-12 8.03888e-14 0 
0 3.31708e-06 3.80841e-05 0.000213567 0.000775931 0.00197674 0.00380679 0.00603526 0.00842189 0.0107726 0.0129197 0.014717 0.0160475 0.0168325 0.0170371 0.016671 0.0157841 0.0144592 0.0128009 0.0109242 0.00894367 0.00696556 0.0050866 0.00340262 0.00201885 0.00102769 0.000440561 0.000159949 5.03201e-05 1.40789e-05 3.57544e-06 8.35123e-07 1.8068e-07 3.62822e-08 6.74163e-09 1.14779e-09 1.7533e-10 2.2998e-11 2.33564e-12 1.31085e-13 0 
0 4.95685e-06 5.68126e-05 0.000312469 0.00108902 0.00263109 0.00484114 0.00744686 0.0102073 0.0129197 0.0153972 0.0174725 0.0190109 0.0199213 0.0201631 0.0197466 0.0187294 0.0172066 0.0152987 0.0131387 0.0108583 0.00857843 0.00640353 0.00442702 0.00274806 0.00147427 0.000663409 0.000249309 7.98828e-05 2.24829e-05 5.70043e-06 1.32402e-06 2.84335e-07 5.66439e-08 1.04441e-08 1.76595e-09 2.68258e-10 3.50534e-11 3.55427e-12 1.99689e-13 0 
0 6.68846e-06 7.63384e-05 0.000411745 0.00138383 0.00320871 0.0057205 0.00863154 0.0117018 0.014717 0.0174725 0.019783 0.0214987 0.0225178 0.0227944 0.0223396 0.0212165 0.0195305 0.0174154 0.0150189 0.0124878 0.00995598 0.00753714 0.00532588 0.003414 0.00190846 0.000895971 0.000348221 0.000113872 3.23403e-05 8.21532e-06 1.90467e-06 4.07658e-07 8.09207e-08 1.48768e-08 2.51152e-09 3.81685e-10 5.00281e-11 5.10469e-12 2.89695e-13 0 
0 8.20638e-06 9.32295e-05 0.000494798 0.00161823 0.00364792 0.00637486 0.00950808 0.0128071 0.0160475 0.0190109 0.0214987 0.0233495 0.0244537 0.0247611 0.0242826 0.0230855 0.0212822 0.0190161 0.0164456 0.0137288 0.0110097 0.0084098 0.00602648 0.00394696 0.00227237 0.00110276 0.00044118 0.000147134 4.22405e-05 1.07845e-05 2.50595e-06 5.37147e-07 1.06845e-07 1.97146e-08 3.34868e-09 5.13717e-10 6.82439e-11 7.08983e-12 4.11629e-13 0 
0 9.20895e-06 0.000104257 0.000547649 0.00176217 0.00391004 0.00676068 0.0100236 0.0134578 0.0168325 0.0199213 0.0225178 0.0244537 0.0256142 0.0259464 0.0254607 0.0242261 0.0223587 0.0200072 0.0173364 0.0145105 0.0116799 0.00897099 0.00648384 0.00430335 0.00252536 0.00125419 0.000513022 0.000174059 5.05645e-05 1.30196e-05 3.0479e-06 6.58687e-07 1.32382e-07 2.47622e-08 4.28222e-09 6.72227e-10 9.1878e-11 9.8715e-12 5.95177e-13 0 
0 9.49453e-06 0.000107349 0.000562112 0.00180037 0.00397784 0.0068592 0.0101552 0.0136251 0.0170371 0.0201631 0.0227944 0.0247611 0.0259464 0.026296 0.0258196 0.0245857 0.0227106 0.0203439 0.0176513 0.0147987 0.0119381 0.00919765 0.00667824 0.00446386 0.00264734 0.00133316 0.00055374 0.000190645 5.61404e-05 1.46546e-05 3.48412e-06 7.67272e-07 1.57883e-07 3.04118e-08 5.45003e-09 8.9191e-10 1.27678e-10 1.44019e-11 9.11179e-13 0 
0 9.02277e-06 0.000102133 0.00053707 0.00173214 0.00385314 0.00667495 0.00990929 0.0133172 0.016671 0.0197466 0.0223396 0.0242826 0.0254607 0.0258196 0.0253678 0.0241716 0.022344 0.020031 0.0173946 0.0145974 0.0117884 0.00909389 0.00661355 0.00443095 0.00263805 0.00133736 0.000561314 0.000196071 5.88244e-05 1.57195e-05 3.84873e-06 8.79048e-07 1.89055e-07 3.834e-08 7.27358e-09 1.26314e-09 1.91609e-10 2.27866e-11 1.508e-12 0 
0 7.91883e-06 8.99336e-05 0.000478123 0.00156979 0.00355447 0.00623314 0.0093192 0.012576 0.0157841 0.0187294 0.0212165 0.0230855 0.0242261 0.0245857 0.0241716 0.0230459 0.0213158 0.0191197 0.0166113 0.0139455 0.0112645 0.00868879 0.00631508 0.00422644 0.00251505 0.00127877 0.000542268 0.000193292 5.98156e-05 1.66676e-05 4.30154e-06 1.04591e-06 2.41216e-07 5.26098e-08 1.07079e-08 1.98046e-09 3.16528e-10 3.91779e-11 2.66619e-12 0 
0 6.42419e-06 7.32938e-05 0.000396005 0.00133644 0.0031145 0.00557596 0.00843966 0.0114703 0.0144592 0.0172066 0.0195305 0.0212822 0.0223587 0.0227106 0.022344 0.0213158 0.0197248 0.0176986 0.0153796 0.0129109 0.0104244 0.00803232 0.00582637 0.00388881 0.00231103 0.00118131 0.000510469 0.000188786 6.17476e-05 1.84852e-05 5.18699e-06 1.37856e-06 3.46608e-07 8.16086e-08 1.76739e-08 3.42263e-09 5.64051e-10 7.10437e-11 4.86808e-12 0 
0 4.81761e-06 5.52186e-05 0.000304121 0.00106301 0.00257758 0.0047585 0.00734029 0.0100871 0.0128009 0.0152987 0.0174154 0.0190161 0.0200072 0.0203439 0.020031 0.0191197 0.0176986 0.0158828 0.0138007 0.0115814 0.00934365 0.0071896 0.00520493 0.00346976 0.00207023 0.00107729 0.000485055 0.000192085 6.88785e-05 2.29199e-05 7.15597e-06 2.09322e-06 5.68543e-07 1.41564e-07 3.17796e-08 6.27327e-09 1.04023e-09 1.30578e-10 8.85779e-12 0 
0 3.33801e-06 3.83847e-05 0.000215576 0.000783901 0.00199708 0.00384537 0.00609918 0.00852233 0.0109242 0.0131387 0.0150189 0.0164456 0.0173364 0.0176513 0.0173946 0.0166113 0.0153796 0.0138007 0.011988 0.010055 0.00810676 0.00623459 0.00451732 0.00302944 0.00184303 0.00100308 0.000488761 0.000216128 8.79536e-05 3.30832e-05 1.14435e-05 3.60789e-06 1.02786e-06 2.62394e-07 5.93568e-08 1.1663e-08 1.90916e-09 2.35328e-10 1.56257e-11 0 
0 2.1354e-06 2.45697e-05 0.000140371 0.000531199 0.00143139 0.00290885 0.00479851 0.00687282 0.00894367 0.0108583 0.0124878 0.0137288 0.0145105 0.0147987 0.0145974 0.0139455 0.0129109 0.0115814 0.010055 0.00843043 0.00679965 0.00524356 0.00383273 0.00262896 0.00167867 0.00099511 0.000548089 0.000279578 0.000130502 5.48216e-05 2.04443e-05 6.72213e-06 1.9457e-06 4.95451e-07 1.10463e-07 2.12361e-08 3.3872e-09 4.06027e-10 2.62031e-11 0 
0 1.26049e-06 1.44571e-05 8.36158e-05 0.000327926 0.000936026 0.00202711 0.00352405 0.0052322 0.00696556 0.00857843 0.00995598 0.0110097 0.0116799 0.0119381 0.0117884 0.0112645 0.0104244 0.00934365 0.00810676 0.00679965 0.00550316 0.00428867 0.00321457 0.00232023 0.00161739 0.00108781 0.000696527 0.000412632 0.000218158 9.98284e-05 3.89234e-05 1.29364e-05 3.69996e-06 9.19089e-07 1.98617e-07 3.69068e-08 5.68615e-09 6.58806e-10 4.11516e-11 0 
0 6.8634e-07 7.81267e-06 4.54468e-05 0.000183218 0.000551136 0.0012768 0.00236725 0.00369359 0.0050866 0.00640353 0.00753714 0.0084098 0.00897099 0.00919765 0.00909389 0.00868879 0.00803232 0.0071896 0.00623459 0.00524356 0.00428867 0.00343059 0.00270938 0.0021353 0.00168655 0.00132015 0.00099244 0.000681948 0.000404674 0.000198092 7.8464e-05 2.5424e-05 6.93747e-06 1.63697e-06 3.37185e-07 5.99728e-08 8.87398e-09 9.90393e-10 5.97676e-11 0 
0 3.44787e-07 3.87749e-06 2.25228e-05 9.23579e-05 0.000289509 0.000713836 0.00141919 0.00235646 0.00340262 0.00442702 0.00532588 0.00602648 0.00648384 0.00667824 0.00661355 0.00631508 0.00582637 0.00520493 0.00451732 0.00383273 0.00321457 0.00270938 0.00233619 0.00208404 0.00192343 0.00181189 0.00166413 0.00136514 0.000912414 0.000468504 0.000181392 5.41265e-05 1.31908e-05 2.79955e-06 5.32787e-07 8.95444e-08 1.26707e-08 1.36076e-09 7.93584e-11 0 
0 1.59912e-07 1.76906e-06 1.01895e-05 4.2032e-05 0.000135289 0.000350253 0.000742636 0.00131863 0.00201885 0.00274806 0.003414 0.00394696 0.00430335 0.00446386 0.00443095 0.00422644 0.00388881 0.00346976 0.00302944 0.00262896 0.00232023 0.0021353 0.00208404 0.00218169 0.00251188 0.00316046 0.00382148 0.00375186 0.00271001 0.00139189 0.000507383 0.000133962 2.72603e-05 4.76873e-06 7.85201e-07 1.21286e-07 1.63115e-08 1.68689e-09 9.52964e-11 0 
0 6.85545e-08 7.43218e-07 4.2192e-06 1.73339e-05 5.64416e-05 0.000150688 0.00033546 0.000632136 0.00102769 0.00147427 0.00190846 0.00227237 0.00252536 0.00264734 0.00263805 0.00251505 0.00231103 0.00207023 0.00184303 0.00167867 0.00161739 0.00168655 0.00192343 0.00251188 0.00404938 0.00713327 0.0105653 0.0113235 0.00835057 0.00419183 0.00144223 0.000345547 5.98636e-05 8.32872e-06 1.09767e-06 1.48147e-07 1.8694e-08 1.86444e-09 1.02466e-10 0 
0 2.72077e-08 2.88167e-07 1.60454e-06 6.51301e-06 2.11856e-05 5.73196e-05 0.000131341 0.000258081 0.000440561 0.000663409 0.000895971 0.00110276 0.00125419 0.00133316 0.00133736 0.00127877 0.00118131 0.00107729 0.00100308 0.00099511 0.00108781 0.00132015 0.00181189 0.00316046 0.00713327 0.0153049 0.0244664 0.0269002 0.019914 0.00987799 0.00329581 0.000748442 0.000118062 1.38638e-05 1.44577e-06 1.6241e-07 1.88697e-08 1.81802e-09 9.77831e-11 0 
0 1.0014e-08 1.03372e-07 5.62516e-07 2.24282e-06 7.22045e-06 1.95275e-05 4.52399e-05 9.08815e-05 0.000159949 0.000249309 0.000348221 0.00044118 0.000513022 0.00055374 0.000561314 0.000542268 0.000510469 0.000485055 0.000488761 0.000548089 0.000696527 0.00099244 0.00166413 0.00382148 0.0105653 0.0244664 0.0400362 0.0443326 0.032848 0.016229 0.00535078 0.00118536 0.000178574 1.90874e-05 1.67672e-06 1.56672e-07 1.65897e-08 1.55012e-09 8.22165e-11 0 
0 3.42408e-09 3.43925e-08 1.82449e-07 7.11721e-07 2.2536e-06 6.03541e-06 1.39559e-05 2.82113e-05 5.03201e-05 7.98828e-05 0.000113872 0.000147134 0.000174059 0.000190645 0.000196071 0.000193292 0.000188786 0.000192085 0.000216128 0.000279578 0.000412632 0.000681948 0.00136514 0.00375186 0.0113235 0.0269002 0.0443326 0.0491928 0.0364578 0.0179899 0.00590721 0.00129531 0.000191024 1.9509e-05 1.55644e-06 1.27572e-07 1.25266e-08 1.14737e-09 6.05755e-11 0 
0 1.08932e-09 1.06355e-08 5.49177e-08 2.09085e-07 6.48648e-07 1.71029e-06 3.91544e-06 7.8822e-06 1.40789e-05 2.24829e-05 3.23403e-05 4.22405e-05 5.05645e-05 5.61404e-05 5.88244e-05 5.98156e-05 6.17476e-05 6.88785e-05 8.79536e-05 0.000130502 0.000218158 0.000404674 0.000912414 0.00271001 0.00835057 0.019914 0.032848 0.0364578 0.0270201 0.0133303 0.0043735 0.000955775 0.000139728 1.40182e-05 1.07781e-06 8.38159e-08 8.00886e-09 7.33568e-10 3.89754e-11 0 
0 3.2275e-10 3.06164e-09 1.53763e-08 5.70587e-08 1.73053e-07 4.47753e-07 1.01019e-06 2.01315e-06 3.57544e-06 5.70043e-06 8.21532e-06 1.07845e-05 1.30196e-05 1.46546e-05 1.57195e-05 1.66676e-05 1.84852e-05 2.29199e-05 3.30832e-05 5.48216e-05 9.98284e-05 0.000198092 0.000468504 0.00139189 0.00419183 0.00987799 0.016229 0.0179899 0.0133303 0.0065798 0.00216094 0.000472302 6.89851e-05 6.9346e-06 5.40123e-07 4.34294e-08 4.30722e-09 4.04401e-10 2.18688e-11 0 
0 8.90698e-11 8.20927e-10 4.00933e-09 1.44937e-08 4.29302e-08 1.08817e-07 2.4136e-07 4.74662e-07 8.35123e-07 1.32402e-06 1.90467e-06 2.50595e-06 3.0479e-06 3.48412e-06 3.84873e-06 4.30154e-06 5.18699e-06 7.15597e-06 1.14435e-05 2.04443e-05 3.89234e-05 7.8464e-05 0.000181392 0.000507383 0.00144223 0.00329581 0.00535078 0.00590721 0.0043735 0.00216094 0.000711125 0.000155842 2.2933e-05 2.36331e-06 1.97516e-07 1.79714e-08 1.96045e-09 1.92572e-10 1.07028e-11 0 
0 2.28669e-11 2.04851e-10 9.7321e-10 3.42758e-09 9.91288e-09 2.46002e-08 5.35865e-08 1.03846e-07 1.8068e-07 2.84335e-07 4.07658e-07 5.37147e-07 6.58687e-07 7.67272e-07 8.79048e-07 1.04591e-06 1.37856e-06 2.09322e-06 3.60789e-06 6.72213e-06 1.29364e-05 2.5424e-05 5.41265e-05 0.000133962 0.000345547 0.000748442 0.00118536 0.00129531 0.000955775 0.000472302 0.000155842 3.44247e-05 5.18454e-06 5.70245e-07 5.55567e-08 6.20461e-09 7.66206e-10 7.95071e-11 4.57338e-12 0 
0 5.44322e-12 4.74286e-11 2.1933e-10 7.5298e-10 2.12697e-09 5.16812e-09 1.10538e-08 2.10992e-08 3.62822e-08 5.66439e-08 8.09207e-08 1.06845e-07 1.32382e-07 1.57883e-07 1.89055e-07 2.41216e-07 3.46608e-07 5.68543e-07 1.02786e-06 1.9457e-06 3.69996e-06 6.93747e-06 1.31908e-05 2.72603e-05 5.98636e-05 0.000118062 0.000178574 0.000191024 0.000139728 6.89851e-05 2.2933e-05 5.18454e-06 8.29395e-07 1.05445e-07 1.32738e-08 1.87803e-09 2.6036e-10 2.85468e-11 1.70699e-12 0 
0 1.19343e-12 1.01236e-11 4.56119e-11 1.52769e-10 4.21779e-10 1.00396e-09 2.10915e-09 3.96617e-09 6.74163e-09 1.04441e-08 1.48768e-08 1.97146e-08 2.47622e-08 3.04118e-08 3.834e-08 5.26098e-08 8.16086e-08 1.41564e-07 2.62394e-07 4.95451e-07 9.19089e-07 1.63697e-06 2.79955e-06 4.76873e-06 8.32872e-06 1.38638e-05 1.90874e-05 1.9509e-05 1.40182e-05 6.9346e-06 2.36331e-06 5.70245e-07 1.05445e-07 1.74377e-08 2.97377e-09 5.09638e-10 7.71774e-11 8.91236e-12 5.55465e-13 0 
0 2.3808e-13 1.96823e-12 8.6494e-12 2.82926e-11 7.64212e-11 1.78349e-10 3.68283e-10 6.82693e-10 1.14779e-09 1.76595e-09 2.51152e-09 3.34868e-09 4.28222e-09 5.45003e-09 7.27358e-09 1.07079e-08 1.76739e-08 3.17796e-08 5.93568e-08 1.10463e-07 1.98617e-07 3.37185e-07 5.32787e-07 7.85201e-07 1.09767e-06 1.44577e-06 1.67672e-06 1.55644e-06 1.07781e-06 5.40123e-07 1.97516e-07 5.55567e-08 1.32738e-08 2.97377e-09 6.35711e-10 1.22622e-10 1.98304e-11 2.40547e-12 1.56488e-13 0 
0 4.22457e-14 3.4077e-13 1.4624e-12 4.6774e-12 1.23745e-11 2.8344e-11 5.75852e-11 1.05327e-10 1.7533e-10 2.68258e-10 3.81685e-10 5.13717e-10 6.72227e-10 8.9191e-10 1.26314e-09 1.98046e-09 3.42263e-09 6.27327e-09 1.1663e-08 2.12361e-08 3.69068e-08 5.99728e-08 8.95444e-08 1.21286e-07 1.48147e-07 1.6241e-07 1.56672e-07 1.27572e-07 8.38159e-08 4.34294e-08 1.79714e-08 6.20461e-09 1.87803e-09 5.09638e-10 1.22622e-10 2.54242e-11 4.34113e-12 5.5221e-13 3.75138e-14 0 
0 6.37394e-15 5.02284e-14 2.10768e-13 6.60001e-13 1.71231e-12 3.85396e-12 7.71246e-12 1.39352e-11 2.2998e-11 3.50534e-11 5.00281e-11 6.82439e-11 9.1878e-11 1.27678e-10 1.91609e-10 3.16528e-10 5.64051e-10 1.04023e-09 1.90916e-09 3.3872e-09 5.68615e-09 8.87398e-09 1.26707e-08 1.63115e-08 1.8694e-08 1.88697e-08 1.65897e-08 1.25266e-08 8.00886e-09 4.30722e-09 1.96045e-09 7.66206e-10 2.6036e-10 7.71774e-11 1.98304e-11 4.34113e-12 7.78644e-13 1.03703e-13 7.35357e-15 0 
0 7.36679e-16 5.67841e-15 2.3329e-14 7.16152e-14 1.8244e-13 4.04001e-13 7.97361e-13 1.42515e-12 2.33564e-12 3.55427e-12 5.10469e-12 7.08983e-12 9.8715e-12 1.44019e-11 2.27866e-11 3.91779e-11 7.10437e-11 1.30578e-10 2.35328e-10 4.06027e-10 6.58806e-10 9.90393e-10 1.36076e-09 1.68689e-09 1.86444e-09 1.81802e-09 1.55012e-09 1.14737e-09 7.33568e-10 4.04401e-10 1.92572e-10 7.95071e-11 2.85468e-11 8.91236e-12 2.40547e-12 5.5221e-13 1.03703e-13 1.44332e-14 1.0671e-15 0 
0 4.65209e-17 3.51194e-16 1.41446e-15 4.26224e-15 1.06757e-14 2.32901e-14 4.53972e-14 8.03888e-14 1.31085e-13 1.99689e-13 2.89695e-13 4.11629e-13 5.95177e-13 9.11179e-13 1.508e-12 2.66619e-12 4.86808e-12 8.85779e-12 1.56257e-11 2.62031e-11 4.11516e-11 5.97676e-11 7.93584e-11 9.52964e-11 1.02466e-10 9.77831e-11 8.22165e-11 6.05755e-11 3.89754e-11 2.18688e-11 1.07028e-11 4.57338e-12 1.70699e-12 5.55465e-13 1.56488e-13 3.75138e-14 7.35357e-15 1.0671e-15 8.21282e-17 0 
0 0 0 0 0 0 0 0 0 0 0 0 0 0 0 0 0 0 0 0 0 0 0 0 0 0 0 0 0 0 0 0 0 0 0 0 0 0 0 0 0 
