0 0 0 0 0 0 0 0 0 0 0 0 0 0 0 0 0 0 0 0 0 0 0 0 0 0 0 0 0 0 0 0 0 0 0 0 0 0 0 0 0 
0 5.12125e-08 4.7111e-07 2.21214e-06 7.36784e-06 1.92658e-05 4.15373e-05 7.63002e-05 0.000122615 0.000176301 0.000231077 0.000280202 0.000317869 0.000340054 0.000344869 0.000332556 0.000305237 0.000266504 0.000220881 0.000173195 0.000127914 8.85237e-05 5.70894e-05 3.41239e-05 1.88151e-05 9.53474e-06 4.43074e-06 1.88631e-06 7.35894e-07 2.63322e-07 8.65194e-08 2.61225e-08 7.24541e-09 1.8421e-09 4.26994e-10 8.92535e-11 1.64664e-11 2.56604e-12 3.04603e-13 1.9663e-14 0 
0 4.7111e-07 4.50452e-06 2.16852e-05 7.24795e-05 0.000185508 0.00038285 0.000663557 0.00100145 0.0013571 0.00169122 0.00197207 0.00217747 0.00229447 0.00231845 0.00225207 0.00210428 0.00188924 0.00162519 0.00133339 0.00103669 0.00075764 0.000515642 0.000323687 0.000185783 9.68594e-05 4.57078e-05 1.95143e-05 7.55254e-06 2.65859e-06 8.54207e-07 2.51222e-07 6.77203e-08 1.6716e-08 3.76136e-09 7.63585e-10 1.36942e-10 2.07693e-11 2.40271e-12 1.51374e-13 0 
0 2.21214e-06 2.16852e-05 0.000104357 0.000336403 0.000801902 0.00150968 0.0023829 0.00331538 0.00421574 0.00501598 0.00566664 0.00613327 0.00639548 0.00644694 0.00629468 0.00595753 0.00546359 0.00484735 0.00414701 0.00340264 0.00265568 0.00194912 0.00132598 0.000822915 0.000459151 0.000228034 0.000100467 3.93813e-05 1.38274e-05 4.38298e-06 1.26263e-06 3.31993e-07 7.97633e-08 1.74559e-08 3.44704e-09 6.01775e-10 8.89421e-11 1.00403e-11 6.18121e-13 0 
0 7.36784e-06 7.24795e-05 0.000336403 0.000999023 0.0021353 0.00361882 0.00526405 0.00692641 0.00849753 0.00988632 0.0110156 0.0118261 0.0122812 0.0123687 0.012101 0.0115117 0.0106512 0.00958096 0.00836681 0.00707354 0.00576057 0.00448111 0.0032857 0.00222827 0.00136565 0.000739517 0.000348567 0.000142596 5.10326e-05 1.61879e-05 4.60967e-06 1.1893e-06 2.79265e-07 5.96244e-08 1.14815e-08 1.95534e-09 2.8217e-10 3.11367e-11 1.87624e-12 0 
0 1.92658e-05 0.000185508 0.000801902 0.0021353 0.0041021 0.006441 0.00894912 0.0114726 0.0138657 0.0159885 0.0177184 0.0189615 0.0196594 0.0197926 0.0193799 0.0184738 0.0171531 0.015514 0.0136604 0.0116946 0.00970895 0.00778005 0.00596696 0.00431677 0.00287906 0.00171715 0.000888146 0.000390846 0.000146344 4.73304e-05 1.34858e-05 3.44102e-06 7.93945e-07 1.66032e-07 3.12764e-08 5.21001e-09 7.35813e-10 7.95386e-11 4.70042e-12 0 
0 4.15373e-05 0.00038285 0.00150968 0.00361882 0.006441 0.00969466 0.0131809 0.016702 0.0200499 0.0230238 0.0254491 0.0271925 0.0281712 0.0283576 0.027778 0.0265064 0.024654 0.0223568 0.0197622 0.0170157 0.0142499 0.0115755 0.00907583 0.00680551 0.00479929 0.00309522 0.00175709 0.000845885 0.000339037 0.000114036 3.29673e-05 8.39544e-06 1.91515e-06 3.94055e-07 7.28772e-08 1.19106e-08 1.65068e-09 1.75212e-10 1.0177e-11 0 
0 7.63002e-05 0.000663557 0.0023829 0.00526405 0.00894912 0.0131809 0.0177292 0.022332 0.0267123 0.0306051 0.0337808 0.036064 0.037346 0.0375904 0.0368317 0.0351667 0.0327416 0.0297351 0.0263409 0.0227506 0.0191396 0.0156555 0.0124107 0.00947939 0.00689853 0.00468326 0.00286214 0.00150291 0.000652235 0.000231826 6.89136e-05 1.76788e-05 4.01265e-06 8.16155e-07 1.48747e-07 2.39277e-08 3.26335e-09 3.41011e-10 1.95135e-11 0 
0 0.000122615 0.00100145 0.00331538 0.00692641 0.0114726 0.016702 0.022332 0.0280333 0.0334609 0.0382855 0.0422223 0.0450532 0.0466435 0.0469477 0.0460084 0.0439456 0.0409409 0.0372159 0.0330112 0.0285652 0.024096 0.0197879 0.015783 0.0121761 0.00901574 0.00631049 0.00405623 0.00228572 0.00107151 0.000405627 0.000125236 3.26269e-05 7.41184e-06 1.49689e-06 2.69834e-07 4.28597e-08 5.76888e-09 5.95032e-10 3.36253e-11 0 
0 0.000176301 0.0013571 0.00421574 0.00849753 0.0138657 0.0200499 0.0267123 0.0334609 0.0398866 0.0455995 0.0502622 0.0536167 0.0555029 0.0558656 0.0547546 0.0523131 0.0487565 0.0443475 0.0393709 0.0341094 0.0288217 0.0237272 0.0189951 0.0147404 0.0110237 0.00785553 0.00521419 0.00309271 0.00154756 0.000623186 0.000200782 5.34179e-05 1.22023e-05 2.45641e-06 4.39435e-07 6.91301e-08 9.20897e-09 9.4002e-10 5.2587e-11 0 
0 0.000231077 0.00169122 0.00501598 0.00988632 0.0159885 0.0230238 0.0306051 0.0382855 0.0455995 0.0521035 0.0574142 0.0612386 0.0633922 0.0638092 0.0625453 0.0597653 0.0557166 0.0506989 0.0450357 0.0390485 0.0330322 0.027237 0.0218564 0.0170229 0.0128076 0.00922548 0.00624702 0.00383641 0.00201805 0.000857519 0.000288023 7.84276e-05 1.8068e-05 3.63628e-06 6.47429e-07 1.01157e-07 1.33722e-08 1.35431e-09 7.5184e-11 0 
0 0.000280202 0.00197207 0.00566664 0.0110156 0.0177184 0.0254491 0.0337808 0.0422223 0.0502622 0.0574142 0.0632576 0.0674665 0.0698353 0.0702971 0.0689146 0.0658628 0.0614123 0.0558965 0.0496723 0.0430921 0.0364802 0.0301119 0.0242005 0.0188925 0.0142678 0.0103451 0.00709192 0.0044547 0.00242772 0.00107602 0.000374654 0.000104291 2.42561e-05 4.88998e-06 8.68566e-07 1.35122e-07 1.77704e-08 1.79012e-09 9.88573e-11 0 
0 0.000317869 0.00217747 0.00613327 0.0118261 0.0189615 0.0271925 0.036064 0.0450532 0.0536167 0.0612386 0.0674665 0.0719407 0.0744476 0.0749391 0.0734877 0.0702597 0.0655284 0.0596539 0.053025 0.0460178 0.0389765 0.0321946 0.0258999 0.0202488 0.0153275 0.0111577 0.00770557 0.00490784 0.00273714 0.00124969 0.000447187 0.000126756 2.97418e-05 6.01216e-06 1.06733e-06 1.65699e-07 2.17328e-08 2.183e-09 1.20222e-10 0 
0 0.000340054 0.00229447 0.00639548 0.0122812 0.0196594 0.0281712 0.037346 0.0466435 0.0555029 0.0633922 0.0698353 0.0744476 0.0770191 0.0775266 0.0760507 0.0727425 0.0678644 0.0617907 0.0549339 0.0476862 0.0404029 0.0333872 0.0268751 0.0210292 0.0159391 0.0116283 0.00806276 0.00517436 0.0029236 0.00135859 0.000494661 0.000141962 3.35385e-05 6.80042e-06 1.20852e-06 1.87639e-07 2.46049e-08 2.47095e-09 1.3608e-10 0 
0 0.000344869 0.00231845 0.00644694 0.0123687 0.0197926 0.0283576 0.0375904 0.0469477 0.0558656 0.0638092 0.0702971 0.0749391 0.0775266 0.0780422 0.0765682 0.0732516 0.0683507 0.0622419 0.055343 0.0480494 0.0407187 0.0336562 0.0270997 0.0212132 0.0160875 0.0117466 0.00815667 0.00524862 0.00297937 0.00139376 0.000511156 0.00014759 3.50227e-05 7.12441e-06 1.26947e-06 1.97598e-07 2.5979e-08 2.61657e-09 1.44581e-10 0 
0 0.000332556 0.00225207 0.00629468 0.012101 0.0193799 0.027778 0.0368317 0.0460084 0.0547546 0.0625453 0.0689146 0.0734877 0.0760507 0.0765682 0.0751167 0.0718535 0.0670451 0.0610595 0.0542988 0.0471484 0.0399594 0.0330316 0.0265987 0.0208216 0.0157897 0.0115265 0.00799871 0.00513947 0.00290991 0.00135711 0.000496774 0.000143498 3.41386e-05 6.97244e-06 1.24858e-06 1.95463e-07 2.58637e-08 2.62358e-09 1.46111e-10 0 
0 0.000305237 0.00210428 0.00595753 0.0115117 0.0184738 0.0265064 0.0351667 0.0439456 0.0523131 0.0597653 0.0658628 0.0702597 0.0727425 0.0732516 0.0718535 0.0687182 0.0641176 0.0583999 0.0519397 0.0451033 0.0382276 0.0315998 0.0254434 0.0199123 0.015092 0.0110043 0.0076173 0.00486928 0.00273263 0.00126041 0.000457352 0.000131712 3.14169e-05 6.45864e-06 1.16706e-06 1.84671e-07 2.47323e-08 2.54211e-09 1.43591e-10 0 
0 0.000266504 0.00188924 0.00546359 0.0106512 0.0171531 0.024654 0.0327416 0.0409409 0.0487565 0.0557166 0.0614123 0.0655284 0.0678644 0.0683507 0.0670451 0.0641176 0.0598294 0.0545005 0.0484757 0.0420971 0.0356799 0.0294919 0.0237418 0.0185729 0.0140643 0.0102355 0.00705604 0.00447325 0.00247631 0.00112405 0.000403278 0.000115906 2.7832e-05 5.79435e-06 1.06429e-06 1.71597e-07 2.34537e-08 2.46273e-09 1.42181e-10 0 
0 0.000220881 0.00162519 0.00484735 0.00958096 0.015514 0.0223568 0.0297351 0.0372159 0.0443475 0.0506989 0.0558965 0.0596539 0.0617907 0.0622419 0.0610595 0.0583999 0.0545005 0.0496507 0.0441646 0.0383546 0.0325081 0.0268691 0.021627 0.0169117 0.012794 0.00929015 0.00637196 0.00399944 0.00218092 0.000975408 0.000347841 0.000100651 2.45945e-05 5.24573e-06 9.90714e-07 1.64509e-07 2.31624e-08 2.50341e-09 1.48525e-10 0 
0 0.000173195 0.00133339 0.00414701 0.00836681 0.0136604 0.0197622 0.0263409 0.0330112 0.0393709 0.0450357 0.0496723 0.053025 0.0549339 0.055343 0.0542988 0.0519397 0.0484757 0.0441646 0.0392866 0.0341204 0.0289215 0.0239069 0.0192443 0.015048 0.011379 0.00824921 0.00563455 0.00350966 0.00189735 0.000846856 0.000305655 9.08202e-05 2.30011e-05 5.10334e-06 1.00237e-06 1.72657e-07 2.51195e-08 2.79276e-09 1.69642e-10 0 
0 0.000127914 0.00103669 0.00340264 0.00707354 0.0116946 0.0170157 0.0227506 0.0285652 0.0341094 0.0390485 0.0430921 0.0460178 0.0476862 0.0480494 0.0471484 0.0451033 0.0420971 0.0383546 0.0341204 0.029637 0.0251274 0.0207796 0.0167388 0.0131023 0.00992035 0.00720124 0.00492597 0.00308008 0.00168568 0.000773648 0.000291874 9.14663e-05 2.44232e-05 5.6777e-06 1.15852e-06 2.05512e-07 3.05499e-08 3.4469e-09 2.1129e-10 0 
0 8.85237e-05 0.00075764 0.00265568 0.00576057 0.00970895 0.0142499 0.0191396 0.024096 0.0288217 0.0330322 0.0364802 0.0389765 0.0404029 0.0407187 0.0399594 0.0382276 0.0356799 0.0325081 0.0289215 0.0251274 0.0213158 0.0176472 0.014244 0.0111873 0.00851789 0.00624192 0.00434234 0.00279874 0.00161017 0.000791844 0.000322503 0.000108208 3.04028e-05 7.3039e-06 1.51781e-06 2.7132e-07 4.03442e-08 4.53055e-09 2.75484e-10 0 
0 5.70894e-05 0.000515642 0.00194912 0.00448111 0.00778005 0.0115755 0.0156555 0.0197879 0.0237272 0.027237 0.0301119 0.0321946 0.0333872 0.0336562 0.0330316 0.0315998 0.0294919 0.0268691 0.0239069 0.0207796 0.0176472 0.0146443 0.0118735 0.00940459 0.00727667 0.00549553 0.00402144 0.00278481 0.00174853 0.00094365 0.000417321 0.000148089 4.27126e-05 1.03023e-05 2.12185e-06 3.73402e-07 5.44846e-08 5.99632e-09 3.5727e-10 0 
0 3.41239e-05 0.000323687 0.00132598 0.0032857 0.00596696 0.00907583 0.0124107 0.015783 0.0189951 0.0218564 0.0242005 0.0258999 0.0268751 0.0270997 0.0265987 0.0254434 0.0237418 0.021627 0.0192443 0.0167388 0.014244 0.0118735 0.00971904 0.00786113 0.00637978 0.00529826 0.00445406 0.00353922 0.00244179 0.00138761 0.000631298 0.000225444 6.38149e-05 1.48879e-05 2.95894e-06 5.03609e-07 7.12479e-08 7.62019e-09 4.42232e-10 0 
0 1.88151e-05 0.000185783 0.000822915 0.00222827 0.00431677 0.00680551 0.00947939 0.0121761 0.0147404 0.0170229 0.0188925 0.0202488 0.0210292 0.0212132 0.0208216 0.0199123 0.0185729 0.0169117 0.015048 0.0131023 0.0111873 0.00940459 0.00786113 0.00674022 0.00638542 0.00704776 0.00804395 0.007768 0.00565255 0.00302481 0.00122883 0.00039268 0.000100205 2.12677e-05 3.93236e-06 6.36515e-07 8.67285e-08 8.98988e-09 5.07645e-10 0 
0 9.53474e-06 9.68594e-05 0.000459151 0.00136565 0.00287906 0.00479929 0.00689853 0.00901574 0.0110237 0.0128076 0.0142678 0.0153275 0.0159391 0.0160875 0.0157897 0.015092 0.0140643 0.012794 0.011379 0.00992035 0.00851789 0.00727667 0.00637978 0.00638542 0.00868296 0.0144515 0.021125 0.0225783 0.0166647 0.00842245 0.00298843 0.000793849 0.000168008 3.00019e-05 4.87724e-06 7.32558e-07 9.56223e-08 9.61658e-09 5.29733e-10 0 
0 4.43074e-06 4.57078e-05 0.000228034 0.000739517 0.00171715 0.00309522 0.00468326 0.00631049 0.00785553 0.00922548 0.0103451 0.0111577 0.0116283 0.0117466 0.0115265 0.0110043 0.0102355 0.00929015 0.00824921 0.00720124 0.00624192 0.00549553 0.00529826 0.00704776 0.0144515 0.0304942 0.0492154 0.0554117 0.0395757 0.0196437 0.00660017 0.00155926 0.000278715 4.0902e-05 5.57152e-06 7.53178e-07 9.36342e-08 9.16942e-09 4.95316e-10 0 
0 1.88631e-06 1.95143e-05 0.000100467 0.000348567 0.000888146 0.00175709 0.00286214 0.00405623 0.00521419 0.00624702 0.00709192 0.00770557 0.00806276 0.00815667 0.00799871 0.0076173 0.00705604 0.00637196 0.00563455 0.00492597 0.00434234 0.00402144 0.00445406 0.00804395 0.021125 0.0492154 0.0794376 0.085346 0.0665128 0.0322537 0.0106496 0.00239956 0.000389383 4.93236e-05 5.6604e-06 6.7874e-07 8.02013e-08 7.69533e-09 4.10628e-10 0 
0 7.35894e-07 7.55254e-06 3.93813e-05 0.000142596 0.000390846 0.000845885 0.00150291 0.00228572 0.00309271 0.00383641 0.0044547 0.00490784 0.00517436 0.00524862 0.00513947 0.00486928 0.00447325 0.00399944 0.00350966 0.00308008 0.00279874 0.00278481 0.00353922 0.007768 0.0225783 0.0554117 0.085346 0.0895423 0.0747109 0.0359683 0.0117432 0.00260327 0.000404473 4.71366e-05 4.80353e-06 5.22343e-07 5.93174e-08 5.63294e-09 2.99585e-10 0 
0 2.63322e-07 2.65859e-06 1.38274e-05 5.10326e-05 0.000146344 0.000339037 0.000652235 0.00107151 0.00154756 0.00201805 0.00242772 0.00273714 0.0029236 0.00297937 0.00290991 0.00273263 0.00247631 0.00218092 0.00189735 0.00168568 0.00161017 0.00174853 0.00244179 0.00565255 0.0166647 0.0395757 0.0665128 0.0747109 0.0538999 0.026464 0.00869692 0.00192226 0.000294397 3.31265e-05 3.20347e-06 3.33894e-07 3.74977e-08 3.57582e-09 1.91454e-10 0 
0 8.65194e-08 8.54207e-07 4.38298e-06 1.61879e-05 4.73304e-05 0.000114036 0.000231826 0.000405627 0.000623186 0.000857519 0.00107602 0.00124969 0.00135859 0.00139376 0.00135711 0.00126041 0.00112405 0.000975408 0.000846856 0.000773648 0.000791844 0.00094365 0.00138761 0.00302481 0.00842245 0.0196437 0.0322537 0.0359683 0.026464 0.0130707 0.00430753 0.000957309 0.000147023 1.65771e-05 1.62703e-06 1.74663e-07 2.01702e-08 1.96396e-09 1.06927e-10 0 
0 2.61225e-08 2.51222e-07 1.26263e-06 4.60967e-06 1.34858e-05 3.29673e-05 6.89136e-05 0.000125236 0.000200782 0.000288023 0.000374654 0.000447187 0.000494661 0.000511156 0.000496774 0.000457352 0.000403278 0.000347841 0.000305655 0.000291874 0.000322503 0.000417321 0.000631298 0.00122883 0.00298843 0.00660017 0.0106496 0.0117432 0.00869692 0.00430753 0.00143073 0.000322073 5.03765e-05 5.92494e-06 6.34877e-07 7.5355e-08 9.26115e-09 9.33931e-10 5.21682e-11 0 
0 7.24541e-09 6.77203e-08 3.31993e-07 1.1893e-06 3.44102e-06 8.39544e-06 1.76788e-05 3.26269e-05 5.34179e-05 7.84276e-05 0.000104291 0.000126756 0.000141962 0.00014759 0.000143498 0.000131712 0.000115906 0.000100651 9.08202e-05 9.14663e-05 0.000108208 0.000148089 0.000225444 0.00039268 0.000793849 0.00155926 0.00239956 0.00260327 0.00192226 0.000957309 0.000322073 7.40741e-05 1.21192e-05 1.57821e-06 1.99864e-07 2.75147e-08 3.65912e-09 3.85457e-10 2.22447e-11 0 
0 1.8421e-09 1.6716e-08 7.97633e-08 2.79265e-07 7.93945e-07 1.91515e-06 4.01265e-06 7.41184e-06 1.22023e-05 1.8068e-05 2.42561e-05 2.97418e-05 3.35385e-05 3.50227e-05 3.41386e-05 3.14169e-05 2.7832e-05 2.45945e-05 2.30011e-05 2.44232e-05 3.04028e-05 4.27126e-05 6.38149e-05 0.000100205 0.000168008 0.000278715 0.000389383 0.000404473 0.000294397 0.000147023 5.03765e-05 1.21192e-05 2.19302e-06 3.44015e-07 5.44746e-08 8.72925e-09 1.25322e-09 1.38371e-10 8.29071e-12 0 
0 4.26994e-10 3.76136e-09 1.74559e-08 5.96244e-08 1.66032e-07 3.94055e-07 8.16155e-07 1.49689e-06 2.45641e-06 3.63628e-06 4.88998e-06 6.01216e-06 6.80042e-06 7.12441e-06 6.97244e-06 6.45864e-06 5.79435e-06 5.24573e-06 5.10334e-06 5.6777e-06 7.3039e-06 1.03023e-05 1.48879e-05 2.12677e-05 3.00019e-05 4.0902e-05 4.93236e-05 4.71366e-05 3.31265e-05 1.65771e-05 5.92494e-06 1.57821e-06 3.44015e-07 6.91244e-08 1.34838e-08 2.43208e-09 3.72923e-10 4.31884e-11 2.6952e-12 0 
0 8.92535e-11 7.63585e-10 3.44704e-09 1.14815e-08 3.12764e-08 7.28772e-08 1.48747e-07 2.69834e-07 4.39435e-07 6.47429e-07 8.68566e-07 1.06733e-06 1.20852e-06 1.26947e-06 1.24858e-06 1.16706e-06 1.06429e-06 9.90714e-07 1.00237e-06 1.15852e-06 1.51781e-06 2.12185e-06 2.95894e-06 3.93236e-06 4.87724e-06 5.57152e-06 5.6604e-06 4.80353e-06 3.20347e-06 1.62703e-06 6.34877e-07 1.99864e-07 5.44746e-08 1.34838e-08 3.02077e-09 5.91196e-10 9.59537e-11 1.16539e-11 7.58823e-13 0 
0 1.64664e-11 1.36942e-10 6.01775e-10 1.95534e-09 5.21001e-09 1.19106e-08 2.39277e-08 4.28597e-08 6.91301e-08 1.01157e-07 1.35122e-07 1.65699e-07 1.87639e-07 1.97598e-07 1.95463e-07 1.84671e-07 1.71597e-07 1.64509e-07 1.72657e-07 2.05512e-07 2.7132e-07 3.73402e-07 5.03609e-07 6.36515e-07 7.32558e-07 7.53178e-07 6.7874e-07 5.22343e-07 3.33894e-07 1.74663e-07 7.5355e-08 2.75147e-08 8.72925e-09 2.43208e-09 5.91196e-10 1.22954e-10 2.10156e-11 2.67503e-12 1.81842e-13 0 
0 2.56604e-12 2.07693e-11 8.89421e-11 2.8217e-10 7.35813e-10 1.65068e-09 3.26335e-09 5.76888e-09 9.20897e-09 1.33722e-08 1.77704e-08 2.17328e-08 2.46049e-08 2.5979e-08 2.58637e-08 2.47323e-08 2.34537e-08 2.31624e-08 2.51195e-08 3.05499e-08 4.03442e-08 5.44846e-08 7.12479e-08 8.67285e-08 9.56223e-08 9.36342e-08 8.02013e-08 5.93174e-08 3.74977e-08 2.01702e-08 9.26115e-09 3.65912e-09 1.25322e-09 3.72923e-10 9.59537e-11 2.10156e-11 3.77068e-12 5.02382e-13 3.56398e-14 0 
0 3.04603e-13 2.40271e-12 1.00403e-11 3.11367e-11 7.95386e-11 1.75212e-10 3.41011e-10 5.95032e-10 9.4002e-10 1.35431e-09 1.79012e-09 2.183e-09 2.47095e-09 2.61657e-09 2.62358e-09 2.54211e-09 2.46273e-09 2.50341e-09 2.79276e-09 3.4469e-09 4.53055e-09 5.99632e-09 7.62019e-09 8.98988e-09 9.61658e-09 9.16942e-09 7.69533e-09 5.63294e-09 3.57582e-09 1.96396e-09 9.33931e-10 3.85457e-10 1.38371e-10 4.31884e-11 1.16539e-11 2.67503e-12 5.02382e-13 6.99325e-14 5.17181e-15 0 
0 1.9663e-14 1.51374e-13 6.18121e-13 1.87624e-12 4.70042e-12 1.0177e-11 1.95135e-11 3.36253e-11 5.2587e-11 7.5184e-11 9.88573e-11 1.20222e-10 1.3608e-10 1.44581e-10 1.46111e-10 1.43591e-10 1.42181e-10 1.48525e-10 1.69642e-10 2.1129e-10 2.75484e-10 3.5727e-10 4.42232e-10 5.07645e-10 5.29733e-10 4.95316e-10 4.10628e-10 2.99585e-10 1.91454e-10 1.06927e-10 5.21682e-11 2.22447e-11 8.29071e-12 2.6952e-12 7.58823e-13 1.81842e-13 3.56398e-14 5.17181e-15 3.98094e-16 0 
0 0 0 0 0 0 0 0 0 0 0 0 0 0 0 0 0 0 0 0 0 0 0 0 0 0 0 0 0 0 0 0 0 0 0 0 0 0 0 0 0 
