0 0 0 0 0 0 0 0 0 0 0 0 0 0 0 0 0 0 0 0 0 0 0 0 0 0 0 0 0 0 0 0 0 0 0 0 0 0 0 0 0 
0 2.5918e-07 2.33116e-06 1.04655e-05 3.25424e-05 7.79373e-05 0.000152388 0.000253964 0.000373465 0.000497985 0.000614576 0.000712473 0.000783961 0.000824485 0.000832436 0.000808825 0.000756907 0.000681782 0.000589951 0.000488821 0.000386101 0.000289079 0.000203807 0.00013432 8.2134e-05 4.62704e-05 2.38722e-05 1.1231e-05 4.80643e-06 1.86979e-06 6.61472e-07 2.12969e-07 6.24166e-08 1.66285e-08 4.00884e-09 8.6584e-10 1.64128e-10 2.61547e-11 3.16229e-12 2.07243e-13 0 
0 2.33116e-06 2.15516e-05 9.65349e-05 0.000288224 0.000640741 0.00114161 0.0017317 0.00234315 0.00292148 0.00342779 0.0038347 0.00412371 0.00428436 0.00431403 0.00421765 0.00400672 0.00369792 0.00331152 0.0028699 0.00239661 0.00191612 0.00145383 0.00103521 0.000682995 0.000412096 0.000224794 0.000109973 4.80794e-05 1.87974e-05 6.59493e-06 2.08542e-06 5.96452e-07 1.54485e-07 3.61417e-08 7.57105e-09 1.3925e-09 2.15516e-10 2.53411e-11 1.61758e-12 0 
0 1.04655e-05 9.65349e-05 0.000410364 0.00110575 0.0021688 0.00344666 0.0047958 0.00612313 0.0073595 0.00844297 0.00931866 0.00994372 0.0102917 0.0103547 0.0101428 0.00968266 0.00901303 0.00818082 0.00723589 0.00622639 0.00519514 0.00417839 0.00320805 0.00231719 0.00154447 0.000929425 0.000495089 0.000230533 9.35858e-05 3.33112e-05 1.0498e-05 2.95677e-06 7.48755e-07 1.70618e-07 3.47577e-08 6.21569e-09 9.35973e-10 1.07205e-10 6.6756e-12 0 
0 3.25424e-05 0.000288224 0.00110575 0.00260511 0.00455912 0.00674155 0.00902533 0.0113007 0.0134467 0.0153426 0.0168818 0.017983 0.0185965 0.0187068 0.018332 0.0175193 0.0163391 0.0148769 0.0132248 0.0114734 0.00970415 0.00798352 0.00635899 0.00486015 0.00350829 0.00233396 0.00138706 0.000714511 0.00031324 0.000116782 3.75005e-05 1.05491e-05 2.63512e-06 5.88265e-07 1.17021e-07 2.04114e-08 2.9983e-09 3.35289e-10 2.04094e-11 0 
0 7.79373e-05 0.000640741 0.0021688 0.00455912 0.00747318 0.0107355 0.0141989 0.0176789 0.0209736 0.023889 0.0262578 0.027953 0.0288974 0.0290669 0.0284892 0.0272373 0.0254201 0.0231701 0.0206304 0.0179427 0.0152365 0.0126205 0.0101767 0.00795617 0.00597899 0.00424567 0.00276596 0.00158756 0.000771535 0.000310874 0.000104395 2.98582e-05 7.44125e-06 1.63947e-06 3.20102e-07 5.46725e-08 7.85929e-09 8.60428e-10 5.13235e-11 0 
0 0.000152388 0.00114161 0.00344666 0.00674155 0.0107355 0.0152632 0.0200997 0.0249694 0.0295836 0.033668 0.0369872 0.0393629 0.0406864 0.0409238 0.0401138 0.0383592 0.0358126 0.0326601 0.0291028 0.0253399 0.0215541 0.0179004 0.0144984 0.0114284 0.00872903 0.00639884 0.00441098 0.00275583 0.00148336 0.000657412 0.000236169 6.99588e-05 1.76136e-05 3.86134e-06 7.44182e-07 1.24995e-07 1.7646e-08 1.89702e-09 1.11179e-10 0 
0 0.000253964 0.0017317 0.0047958 0.00902533 0.0141989 0.0200997 0.0264136 0.0327745 0.0388029 0.04414 0.0484804 0.0515967 0.0533435 0.0536585 0.0525868 0.0502787 0.0469443 0.0428239 0.0381763 0.0332611 0.0283176 0.0235489 0.0191134 0.0151199 0.011627 0.00864406 0.00613557 0.00404582 0.00236146 0.00114883 0.000446922 0.000139185 3.58181e-05 7.87603e-06 1.50679e-06 2.49965e-07 3.47791e-08 3.68284e-09 2.12656e-10 0 
0 0.000373465 0.00234315 0.00612313 0.0113007 0.0176789 0.0249694 0.0327745 0.040639 0.0480937 0.0547093 0.0601713 0.0642604 0.0666747 0.0671243 0.0656204 0.0625059 0.0582219 0.0530764 0.0473221 0.041245 0.035134 0.0292406 0.0237612 0.018832 0.0145295 0.0108734 0.00783039 0.00532472 0.0032853 0.00172689 0.000727031 0.000239966 6.36771e-05 1.41403e-05 2.69901e-06 4.44004e-07 6.10939e-08 6.39163e-09 3.64613e-10 0 
0 0.000497985 0.00292148 0.0073595 0.0134467 0.0209736 0.0295836 0.0388029 0.0480937 0.0569226 0.0649215 0.0719404 0.0773388 0.0803361 0.0808803 0.0790864 0.0750552 0.069365 0.0629048 0.0560067 0.0488155 0.0415969 0.0346368 0.0281669 0.022349 0.0172751 0.012973 0.00941212 0.00650987 0.00415993 0.00231595 0.00104445 0.000365402 0.000100427 2.26267e-05 4.32615e-06 7.08163e-07 9.66618e-08 1.00195e-08 5.66135e-10 0 
0 0.000614576 0.00342779 0.00844297 0.0153426 0.023889 0.033668 0.04414 0.0547093 0.0649215 0.07467 0.0828323 0.0878644 0.0902824 0.090725 0.0893484 0.0859148 0.0799678 0.0720716 0.0638005 0.0555316 0.0473223 0.0394169 0.0320694 0.0254637 0.0197052 0.0148276 0.0108018 0.00754212 0.00492367 0.00285202 0.00135787 0.000500334 0.000142381 3.26136e-05 6.26235e-06 1.02278e-06 1.38856e-07 1.42968e-08 8.02083e-10 0 
0 0.000712473 0.0038347 0.00931866 0.0168818 0.0262578 0.0369872 0.0484804 0.0601713 0.0719404 0.0828323 0.0900355 0.0940197 0.0959636 0.0963379 0.0952507 0.0925428 0.0877058 0.0799844 0.0704428 0.0610459 0.0519829 0.0433055 0.0352441 0.0279974 0.0216815 0.0163347 0.011928 0.00837353 0.00553669 0.00329128 0.00162979 0.000625993 0.000183642 4.27383e-05 8.25086e-06 1.347e-06 1.82286e-07 1.86848e-08 1.04314e-09 0 
0 0.000783961 0.00412371 0.00994372 0.017983 0.027953 0.0393629 0.0515967 0.0642604 0.0773388 0.0878644 0.0940197 0.0974895 0.0992175 0.0995615 0.0986078 0.0962403 0.092074 0.0852762 0.0755034 0.0651025 0.055334 0.0460941 0.0375209 0.0298148 0.0230993 0.0174157 0.0127349 0.00896735 0.00597312 0.00360734 0.00183308 0.000725154 0.000217719 5.13332e-05 9.96167e-06 1.62748e-06 2.19914e-07 2.2486e-08 1.25176e-09 0 
0 0.000824485 0.00428436 0.0102917 0.0185965 0.0288974 0.0406864 0.0533435 0.0666747 0.0803361 0.0902824 0.0959636 0.0992175 0.100855 0.101186 0.10029 0.0980676 0.0941882 0.0879012 0.078384 0.0674505 0.057219 0.0476555 0.0387962 0.0308334 0.0238945 0.0180226 0.0131883 0.00930113 0.00621875 0.00378704 0.00195204 0.000785612 0.000239275 5.69065e-05 1.10876e-05 1.81376e-06 2.45067e-07 2.50403e-08 1.39266e-09 0 
0 0.000832436 0.00431403 0.0103547 0.0187068 0.0290669 0.0409238 0.0536585 0.0671243 0.0808803 0.090725 0.0963379 0.0995615 0.101186 0.101517 0.10063 0.0984288 0.0945923 0.0883848 0.0789249 0.0678975 0.057573 0.0479492 0.0390375 0.0310275 0.0240474 0.0181407 0.013278 0.00936892 0.00627078 0.00382766 0.00198119 0.000801655 0.000245389 5.85736e-05 1.14395e-05 1.87429e-06 2.53547e-07 2.59333e-08 1.44375e-09 0 
0 0.000808825 0.00421765 0.0101428 0.018332 0.0284892 0.0401138 0.0525868 0.0656204 0.0790864 0.0893484 0.0952507 0.0986078 0.10029 0.10063 0.0997083 0.09742 0.0934117 0.0868917 0.0772081 0.0664742 0.0564447 0.04702 0.0382818 0.030427 0.0235816 0.0177882 0.013018 0.00918147 0.0061377 0.0037355 0.0019239 0.000774156 0.000236074 5.62853e-05 1.1002e-05 1.8062e-06 2.44967e-07 2.51288e-08 1.40332e-09 0 
0 0.000756907 0.00400672 0.00968266 0.0175193 0.0272373 0.0383592 0.0502787 0.0625059 0.0750552 0.0859148 0.0925428 0.0962403 0.0980676 0.0984288 0.09742 0.0949088 0.0904619 0.0832268 0.0734275 0.0634513 0.0539919 0.0449882 0.0366272 0.0291103 0.0225586 0.0170125 0.0124438 0.00876476 0.00583846 0.00352497 0.00179127 0.000709928 0.000214098 5.08037e-05 9.93208e-06 1.63545e-06 2.22809e-07 2.29769e-08 1.29052e-09 0 
0 0.000681782 0.00369792 0.00901303 0.0163391 0.0254201 0.0358126 0.0469443 0.0582219 0.069365 0.0799678 0.0877058 0.092074 0.0941882 0.0945923 0.0934117 0.0904619 0.0851949 0.0772347 0.0681393 0.0591904 0.0504389 0.0420329 0.03422 0.0271948 0.0210703 0.0158841 0.0116081 0.00815738 0.00540122 0.00321843 0.00160166 0.000620659 0.00018428 4.34661e-05 8.50751e-06 1.40832e-06 1.93302e-07 2.01058e-08 1.13966e-09 0 
0 0.000589951 0.00331152 0.00818082 0.0148769 0.0231701 0.0326601 0.0428239 0.0530764 0.0629048 0.0720716 0.0799844 0.0852762 0.0879012 0.0883848 0.0868917 0.0832268 0.0772347 0.0697944 0.0619776 0.0540043 0.0460442 0.0383717 0.0312384 0.0248233 0.0192293 0.0144895 0.0105764 0.00740764 0.00486277 0.00284685 0.00138045 0.000521512 0.000152487 3.58445e-05 7.0508e-06 1.17849e-06 1.63703e-07 1.72504e-08 9.90986e-10 0 
0 0.000488821 0.0028699 0.00723589 0.0132248 0.0206304 0.0291028 0.0381763 0.0473221 0.0560067 0.0638005 0.0704428 0.0755034 0.078384 0.0789249 0.0772081 0.0734275 0.0681393 0.0619776 0.0552455 0.0481826 0.0410855 0.0342404 0.0278759 0.0221515 0.0171581 0.012924 0.0094212 0.00657167 0.00426986 0.00245211 0.00115984 0.000429405 0.000124608 2.94269e-05 5.86005e-06 9.95259e-07 1.40668e-07 1.50831e-08 8.81101e-10 0 
0 0.000386101 0.00239661 0.00622639 0.0114734 0.0179427 0.0253399 0.0332611 0.041245 0.0488155 0.0555316 0.0610459 0.0651025 0.0674505 0.0678975 0.0664742 0.0634513 0.0591904 0.0540043 0.0481826 0.0420297 0.0358413 0.029873 0.0243244 0.0193339 0.0149797 0.0112845 0.00821992 0.00571512 0.0036843 0.00209013 0.000977666 0.00036113 0.000105768 2.54138e-05 5.16633e-06 8.95879e-07 1.29104e-07 1.40855e-08 8.35303e-10 0 
0 0.000289079 0.00191612 0.00519514 0.00970415 0.0152365 0.0215541 0.0283176 0.035134 0.0415969 0.0473223 0.0519829 0.055334 0.057219 0.057573 0.0564447 0.0539919 0.0504389 0.0460442 0.0410855 0.0358413 0.0305682 0.0254846 0.0207606 0.0165138 0.0128106 0.00966877 0.00706111 0.00492558 0.00319239 0.00183093 0.000873359 0.000331429 9.99248e-05 2.46428e-05 5.11601e-06 9.01473e-07 1.31439e-07 1.44575e-08 8.61861e-10 0 
0 0.000203807 0.00145383 0.00417839 0.00798352 0.0126205 0.0179004 0.0235489 0.0292406 0.0346368 0.0394169 0.0433055 0.0460941 0.0476555 0.0479492 0.04702 0.0449882 0.0420329 0.0383717 0.0342404 0.029873 0.0254846 0.0212578 0.0173355 0.0138196 0.0107745 0.00822172 0.00612245 0.00438649 0.00293614 0.0017547 0.000880468 0.000350919 0.00010958 2.75329e-05 5.75313e-06 1.01281e-06 1.46924e-07 1.60412e-08 9.47958e-10 0 
0 0.00013432 0.00103521 0.00320805 0.00635899 0.0101767 0.0144984 0.0191134 0.0237612 0.0281669 0.0320694 0.0352441 0.0375209 0.0387962 0.0390375 0.0382818 0.0366272 0.03422 0.0312384 0.0278759 0.0243244 0.0207606 0.0173355 0.0141742 0.0113937 0.00912581 0.00744509 0.00617018 0.00489428 0.00344542 0.00207565 0.00105246 0.00042936 0.000135831 3.394e-05 6.9746e-06 1.20272e-06 1.7079e-07 1.82657e-08 1.05861e-09 0 
0 8.2134e-05 0.000682995 0.00231719 0.00486015 0.00795617 0.0114284 0.0151199 0.018832 0.022349 0.0254637 0.0279974 0.0298148 0.0308334 0.0310275 0.030427 0.0291103 0.0271948 0.0248233 0.0221515 0.0193339 0.0165138 0.0138196 0.0113937 0.00950842 0.00869281 0.00933211 0.0105156 0.010118 0.00737878 0.00400253 0.00171126 0.000616139 0.000182163 4.32031e-05 8.48454e-06 1.4096e-06 1.94018e-07 2.01938e-08 1.14258e-09 0 
0 4.62704e-05 0.000412096 0.00154447 0.00350829 0.00597899 0.00872903 0.011627 0.0145295 0.0172751 0.0197052 0.0216815 0.0230993 0.0238945 0.0240474 0.0235816 0.0225586 0.0210703 0.0192293 0.0171581 0.0149797 0.0128106 0.0107745 0.00912581 0.00869281 0.0113954 0.0187278 0.0278919 0.0320554 0.0215255 0.0108952 0.00390226 0.00109225 0.000263977 5.47661e-05 9.83756e-06 1.54658e-06 2.05298e-07 2.07828e-08 1.14882e-09 0 
0 2.38722e-05 0.000224794 0.000929425 0.00233396 0.00424567 0.00639884 0.00864406 0.0108734 0.012973 0.0148276 0.0163347 0.0174157 0.0180226 0.0181407 0.0177882 0.0170125 0.0158841 0.0144895 0.012924 0.0112845 0.00966877 0.00822172 0.00744509 0.00933211 0.0187278 0.040238 0.0736669 0.079364 0.0580878 0.0253523 0.00853184 0.00204633 0.000396072 6.75021e-05 1.05464e-05 1.53462e-06 1.95884e-07 1.93521e-08 1.0497e-09 0 
0 1.1231e-05 0.000109973 0.000495089 0.00138706 0.00276596 0.00441098 0.00613557 0.00783039 0.00941212 0.0108018 0.011928 0.0127349 0.0131883 0.013278 0.013018 0.0124438 0.0116081 0.0105764 0.0094212 0.00821992 0.00706111 0.00612245 0.00617018 0.0105156 0.0278919 0.0736669 0.0875793 0.0893527 0.0832907 0.0488407 0.0137459 0.00311402 0.000528173 7.5622e-05 1.01102e-05 1.34261e-06 1.64876e-07 1.59986e-08 8.5749e-10 0 
0 4.80643e-06 4.80794e-05 0.000230533 0.000714511 0.00158756 0.00275583 0.00404582 0.00532472 0.00650987 0.00754212 0.00837353 0.00896735 0.00930113 0.00936892 0.00918147 0.00876476 0.00815738 0.00740764 0.00657167 0.00571512 0.00492558 0.00438649 0.00489428 0.010118 0.0320554 0.079364 0.0893527 0.0906863 0.0857328 0.0583963 0.0151568 0.0033706 0.00054012 6.95145e-05 8.23263e-06 1.01029e-06 1.20515e-07 1.15978e-08 6.19588e-10 0 
0 1.86979e-06 1.87974e-05 9.35858e-05 0.00031324 0.000771535 0.00148336 0.00236146 0.0032853 0.00415993 0.00492367 0.00553669 0.00597312 0.00621875 0.00627078 0.0061377 0.00583846 0.00540122 0.00486277 0.00426986 0.0036843 0.00319239 0.00293614 0.00344542 0.00737878 0.0215255 0.0580878 0.0832907 0.0857328 0.0774963 0.0356347 0.0112232 0.00249052 0.000393043 4.83376e-05 5.39726e-06 6.38709e-07 7.56768e-08 7.31717e-09 3.93417e-10 0 
0 6.61472e-07 6.59493e-06 3.33112e-05 0.000116782 0.000310874 0.000657412 0.00114883 0.00172689 0.00231595 0.00285202 0.00329128 0.00360734 0.00378704 0.00382766 0.0037355 0.00352497 0.00321843 0.00284685 0.00245211 0.00209013 0.00183093 0.0017547 0.00207565 0.00400253 0.0108952 0.0253523 0.0488407 0.0583963 0.0356347 0.0168634 0.00556259 0.00124596 0.000198601 2.44836e-05 2.76457e-06 3.3495e-07 4.06249e-08 4.00397e-09 2.1878e-10 0 
0 2.12969e-07 2.08542e-06 1.0498e-05 3.75005e-05 0.000104395 0.000236169 0.000446922 0.000727031 0.00104445 0.00135787 0.00162979 0.00183308 0.00195204 0.00198119 0.0019239 0.00179127 0.00160166 0.00138045 0.00115984 0.000977666 0.000873359 0.000880468 0.00105246 0.00171126 0.00390226 0.00853184 0.0137459 0.0151568 0.0112232 0.00556259 0.00185488 0.000425175 6.98958e-05 9.06368e-06 1.11373e-06 1.46433e-07 1.86751e-08 1.90002e-09 1.0643e-10 0 
0 6.24166e-08 5.96452e-07 2.95677e-06 1.05491e-05 2.98582e-05 6.99588e-05 0.000139185 0.000239966 0.000365402 0.000500334 0.000625993 0.000725154 0.000785612 0.000801655 0.000774156 0.000709928 0.000620659 0.000521512 0.000429405 0.00036113 0.000331429 0.000350919 0.00042936 0.000616139 0.00109225 0.00204633 0.00311402 0.0033706 0.00249052 0.00124596 0.000425175 0.000101131 1.76721e-05 2.56747e-06 3.67688e-07 5.43796e-08 7.39523e-09 7.83247e-10 4.52936e-11 0 
0 1.66285e-08 1.54485e-07 7.48755e-07 2.63512e-06 7.44125e-06 1.76136e-05 3.58181e-05 6.36771e-05 0.000100427 0.000142381 0.000183642 0.000217719 0.000239275 0.000245389 0.000236074 0.000214098 0.00018428 0.000152487 0.000124608 0.000105768 9.99248e-05 0.00010958 0.000135831 0.000182163 0.000263977 0.000396072 0.000528173 0.00054012 0.000393043 0.000198601 6.98958e-05 1.76721e-05 3.47489e-06 6.07769e-07 1.05018e-07 1.74855e-08 2.53726e-09 2.80962e-10 1.6859e-11 0 
0 4.00884e-09 3.61417e-08 1.70618e-07 5.88265e-07 1.63947e-06 3.86134e-06 7.87603e-06 1.41403e-05 2.26267e-05 3.26136e-05 4.27383e-05 5.13332e-05 5.69065e-05 5.85736e-05 5.62853e-05 5.08037e-05 4.34661e-05 3.58445e-05 2.94269e-05 2.54138e-05 2.46428e-05 2.75329e-05 3.394e-05 4.32031e-05 5.47661e-05 6.75021e-05 7.5622e-05 6.95145e-05 4.83376e-05 2.44836e-05 9.06368e-06 2.56747e-06 6.07769e-07 1.3171e-07 2.68034e-08 4.90768e-09 7.55689e-10 8.76524e-11 5.47589e-12 0 
0 8.6584e-10 7.57105e-09 3.47577e-08 1.17021e-07 3.20102e-07 7.44182e-07 1.50679e-06 2.69901e-06 4.32615e-06 6.26235e-06 8.25086e-06 9.96167e-06 1.10876e-05 1.14395e-05 1.1002e-05 9.93208e-06 8.50751e-06 7.0508e-06 5.86005e-06 5.16633e-06 5.11601e-06 5.75313e-06 6.9746e-06 8.48454e-06 9.83756e-06 1.05464e-05 1.01102e-05 8.23263e-06 5.39726e-06 2.76457e-06 1.11373e-06 3.67688e-07 1.05018e-07 2.68034e-08 6.08662e-09 1.19659e-09 1.94514e-10 2.36457e-11 1.54088e-12 0 
0 1.64128e-10 1.3925e-09 6.21569e-09 2.04114e-08 5.46725e-08 1.24995e-07 2.49965e-07 4.44004e-07 7.08163e-07 1.02278e-06 1.347e-06 1.62748e-06 1.81376e-06 1.87429e-06 1.8062e-06 1.63545e-06 1.40832e-06 1.17849e-06 9.95259e-07 8.95879e-07 9.01473e-07 1.01281e-06 1.20272e-06 1.4096e-06 1.54658e-06 1.53462e-06 1.34261e-06 1.01029e-06 6.38709e-07 3.3495e-07 1.46433e-07 5.43796e-08 1.74855e-08 4.90768e-09 1.19659e-09 2.49149e-10 4.26125e-11 5.42713e-12 3.69141e-13 0 
0 2.61547e-11 2.15516e-10 9.35973e-10 2.9983e-09 7.85929e-09 1.7646e-08 3.47791e-08 6.10939e-08 9.66618e-08 1.38856e-07 1.82286e-07 2.19914e-07 2.45067e-07 2.53547e-07 2.44967e-07 2.22809e-07 1.93302e-07 1.63703e-07 1.40668e-07 1.29104e-07 1.31439e-07 1.46924e-07 1.7079e-07 1.94018e-07 2.05298e-07 1.95884e-07 1.64876e-07 1.20515e-07 7.56768e-08 4.06249e-08 1.86751e-08 7.39523e-09 2.53726e-09 7.55689e-10 1.94514e-10 4.26125e-11 7.64776e-12 1.01929e-12 7.23404e-14 0 
0 3.16229e-12 2.53411e-11 1.07205e-10 3.35289e-10 8.60428e-10 1.89702e-09 3.68284e-09 6.39163e-09 1.00195e-08 1.42968e-08 1.86848e-08 2.2486e-08 2.50403e-08 2.59333e-08 2.51288e-08 2.29769e-08 2.01058e-08 1.72504e-08 1.50831e-08 1.40855e-08 1.44575e-08 1.60412e-08 1.82657e-08 2.01938e-08 2.07828e-08 1.93521e-08 1.59986e-08 1.15978e-08 7.31717e-09 4.00397e-09 1.90002e-09 7.83247e-10 2.80962e-10 8.76524e-11 2.36457e-11 5.42713e-12 1.01929e-12 1.41912e-13 1.04978e-14 0 
0 2.07243e-13 1.61758e-12 6.6756e-12 2.04094e-11 5.13235e-11 1.11179e-10 2.12656e-10 3.64613e-10 5.66135e-10 8.02083e-10 1.04314e-09 1.25176e-09 1.39266e-09 1.44375e-09 1.40332e-09 1.29052e-09 1.13966e-09 9.90986e-10 8.81101e-10 8.35303e-10 8.61861e-10 9.47958e-10 1.05861e-09 1.14258e-09 1.14882e-09 1.0497e-09 8.5749e-10 6.19588e-10 3.93417e-10 2.1878e-10 1.0643e-10 4.52936e-11 1.6859e-11 5.47589e-12 1.54088e-12 3.69141e-13 7.23404e-14 1.04978e-14 8.08158e-16 0 
0 0 0 0 0 0 0 0 0 0 0 0 0 0 0 0 0 0 0 0 0 0 0 0 0 0 0 0 0 0 0 0 0 0 0 0 0 0 0 0 0 
