0 0 0 0 0 0 0 0 0 0 0 0 0 0 0 0 0 0 0 0 0 0 0 0 0 0 0 0 0 0 0 0 0 0 0 0 0 0 0 0 0 
0 4.79188e-07 4.24674e-06 1.85268e-05 5.52504e-05 0.000125872 0.00023379 0.000371676 0.00052518 0.000678361 0.000817245 0.0009312 0.00101307 0.00105888 0.0010675 0.00104026 0.000980615 0.000893779 0.000786342 0.000665885 0.000540533 0.000418389 0.000306812 0.00021158 0.000136104 8.09988e-05 4.42526e-05 2.20513e-05 9.97586e-06 4.08662e-06 1.51467e-06 5.08038e-07 1.54232e-07 4.23323e-08 1.04629e-08 2.30675e-09 4.4469e-10 7.18409e-11 8.78295e-12 5.80788e-13 0 
0 4.24674e-06 3.83386e-05 0.000163731 0.00045661 0.000941237 0.00156585 0.00225005 0.00292779 0.00355391 0.00409626 0.00453027 0.00483788 0.00500827 0.00503873 0.00493459 0.00470835 0.00437798 0.00396493 0.00349208 0.00298223 0.00245752 0.00193999 0.00145246 0.00101841 0.000659163 0.000388137 0.000205331 9.67701e-05 4.0496e-05 1.50661e-05 5.00265e-06 1.48886e-06 3.98142e-07 9.55457e-08 2.04227e-08 3.81644e-09 5.98098e-10 7.10212e-11 4.56872e-12 0 
0 1.85268e-05 0.000163731 0.000643384 0.0015737 0.00283388 0.00424341 0.00569367 0.00711679 0.00844728 0.00961733 0.0105649 0.0112417 0.0116179 0.0116846 0.011453 0.0109522 0.0102253 0.00932447 0.00830527 0.00722163 0.0061209 0.00504051 0.00400767 0.0030435 0.0021713 0.00142341 0.000836463 0.000431139 0.000192429 7.42643e-05 2.49644e-05 7.3874e-06 1.94148e-06 4.54846e-07 9.46022e-08 1.71829e-08 2.61788e-09 3.0251e-10 1.89646e-11 0 
0 5.52504e-05 0.00045661 0.0015737 0.00334983 0.00549048 0.00784273 0.0103149 0.0127892 0.0151279 0.0171952 0.0188733 0.0200731 0.0207404 0.0208584 0.0204472 0.0195587 0.0182701 0.0166751 0.0148751 0.0129701 0.0110513 0.00919455 0.00745478 0.00586336 0.00443052 0.00315878 0.00206554 0.00119534 0.000592263 0.000246783 8.66595e-05 2.6044e-05 6.81715e-06 1.57233e-06 3.19997e-07 5.67217e-08 8.42806e-09 9.50288e-10 5.81951e-11 0 
0 0.000125872 0.000941237 0.00283388 0.00549048 0.00864876 0.0121993 0.015982 0.0197859 0.0233865 0.026571 0.0291566 0.0310053 0.0320334 0.0322153 0.0315814 0.0302122 0.0282265 0.0257691 0.0229965 0.0200639 0.0171134 0.0142659 0.0116144 0.0092204 0.00711043 0.0052774 0.00369592 0.00235893 0.0013096 0.000605943 0.000229374 7.17698e-05 1.90235e-05 4.36528e-06 8.75373e-07 1.52181e-07 2.2138e-08 2.44341e-09 1.46576e-10 0 
0 0.00023379 0.00156585 0.00424341 0.00784273 0.0121993 0.0171541 0.0224484 0.0277759 0.03282 0.0372814 0.0409045 0.0434975 0.0449437 0.0452002 0.0443071 0.0423842 0.0396008 0.0361577 0.0322736 0.0281656 0.0240337 0.0200476 0.0163401 0.0130027 0.0100849 0.00759272 0.00549075 0.0037224 0.00226347 0.00116501 0.000484624 0.000161419 4.40745e-05 1.01772e-05 2.02609e-06 3.47312e-07 4.96718e-08 5.38522e-09 3.17402e-10 0 
0 0.000371676 0.00225005 0.00569367 0.0103149 0.015982 0.0224484 0.0293616 0.0363194 0.0429075 0.0487459 0.0536108 0.0575623 0.0601927 0.0607121 0.0590096 0.0557784 0.0518228 0.047272 0.0421942 0.0368291 0.0314332 0.0262285 0.0213888 0.0170353 0.013237 0.0100131 0.00733416 0.00512634 0.00330611 0.00185625 0.000849171 0.000305073 8.70277e-05 2.0436e-05 4.06843e-06 6.91297e-07 9.76039e-08 1.04306e-08 6.05864e-10 0 
0 0.00052518 0.00292779 0.00711679 0.0127892 0.0197859 0.0277759 0.0363194 0.0449187 0.0530913 0.0609311 0.0695333 0.0763637 0.0797444 0.0803413 0.0784393 0.0735878 0.0661187 0.0587419 0.0521975 0.0455498 0.038881 0.0324494 0.0264695 0.0210916 0.0164023 0.01243 0.00915018 0.00648688 0.00432653 0.00258247 0.00128171 0.000497385 0.00014946 3.5978e-05 7.2064e-06 1.21944e-06 1.70621e-07 1.80325e-08 1.03528e-09 0 
0 0.000678361 0.00355391 0.00844728 0.0151279 0.0233865 0.03282 0.0429075 0.0530913 0.0636439 0.0764275 0.0847472 0.088654 0.0904613 0.0908162 0.0898409 0.0872968 0.0822501 0.072647 0.0620955 0.0538289 0.0459341 0.0383402 0.0312804 0.0249319 0.0193975 0.0147127 0.0108541 0.00774532 0.00526049 0.00326622 0.00172542 0.000717451 0.000227366 5.63459e-05 1.14035e-05 1.92879e-06 2.68316e-07 2.81279e-08 1.6005e-09 0 
0 0.000817245 0.00409626 0.00961733 0.0171952 0.026571 0.0372814 0.0487459 0.0609311 0.0764275 0.0868298 0.0917534 0.0944489 0.0957908 0.0960769 0.0953746 0.0935795 0.0903265 0.0845949 0.073497 0.0614646 0.0521858 0.0435517 0.0355363 0.028329 0.0220467 0.0167302 0.0123559 0.00884494 0.00606591 0.00385864 0.0021304 0.000936781 0.000311569 7.9507e-05 1.62909e-05 2.76105e-06 3.82862e-07 3.99124e-08 2.2563e-09 0 
0 0.0009312 0.00453027 0.0105649 0.0188733 0.0291566 0.0409045 0.0536108 0.0695333 0.0847472 0.0917534 0.0955947 0.0978378 0.0989909 0.0992493 0.0986622 0.0971655 0.0945413 0.0902352 0.0825989 0.0690929 0.0573592 0.0477866 0.038993 0.0310881 0.0241982 0.0183683 0.0135739 0.00973267 0.00670968 0.00433018 0.00246201 0.00112835 0.000390344 0.00010222 2.12001e-05 3.60486e-06 4.99201e-07 5.18591e-08 2.91887e-09 0 
0 0.00101307 0.00483788 0.0112417 0.0200731 0.0310053 0.0434975 0.0575623 0.0763637 0.088654 0.0944489 0.0978378 0.0998735 0.100937 0.101182 0.100652 0.0992965 0.0969529 0.0932265 0.087072 0.0753985 0.0613684 0.0508244 0.0414659 0.0330621 0.0257375 0.0195403 0.0144448 0.0103661 0.00716631 0.00466299 0.00269962 0.00127186 0.00045259 0.000120892 2.53255e-05 4.32105e-06 5.98305e-07 6.20427e-08 3.48327e-09 0 
0 0.00105888 0.00500827 0.0116179 0.0207404 0.0320334 0.0449437 0.0601927 0.0797444 0.0904613 0.0957908 0.0989909 0.100937 0.10196 0.1022 0.101695 0.100403 0.09818 0.0946915 0.0890889 0.0787223 0.0638845 0.0525267 0.0428432 0.0341615 0.026595 0.0201933 0.0149302 0.010719 0.00742018 0.00484783 0.00283317 0.00135517 0.000490209 0.000132544 2.79516e-05 4.78221e-06 6.62563e-07 6.86771e-08 3.85236e-09 0 
0 0.0010675 0.00503873 0.0116846 0.0208584 0.0322153 0.0452002 0.0607121 0.0803413 0.0908162 0.0960769 0.0992493 0.101182 0.1022 0.10244 0.101939 0.100656 0.0984507 0.0949977 0.0894765 0.0793215 0.0643712 0.0528333 0.0430903 0.0343591 0.0267495 0.0203114 0.0150184 0.0107836 0.00746741 0.00488349 0.00286067 0.00137378 0.000499274 0.000135527 2.86566e-05 4.91091e-06 6.81123e-07 7.06559e-08 3.96593e-09 0 
0 0.00104026 0.00493459 0.011453 0.0204472 0.0315814 0.0443071 0.0590096 0.0784393 0.0898409 0.0953746 0.0986622 0.100652 0.101695 0.101939 0.101422 0.100099 0.0978203 0.0942244 0.0883834 0.0774132 0.0627734 0.0517879 0.042248 0.0336876 0.0262266 0.019914 0.014724 0.0105709 0.00731626 0.0047764 0.00278666 0.0013298 0.00048022 0.000129835 2.74186e-05 4.70143e-06 6.53067e-07 6.78806e-08 3.81857e-09 0 
0 0.000980615 0.00470835 0.0109522 0.0195587 0.0302122 0.0423842 0.0557784 0.0735878 0.0872968 0.0935795 0.0971655 0.0992965 0.100403 0.100656 0.100099 0.0986802 0.0962125 0.0922409 0.0855029 0.072782 0.0596143 0.0495394 0.0404238 0.0322327 0.0250932 0.0190523 0.014085 0.0101081 0.00698586 0.00454003 0.00262148 0.0012311 0.000437412 0.000116998 2.46005e-05 4.21817e-06 5.87298e-07 6.12558e-08 3.45968e-09 0 
0 0.000893779 0.00437798 0.0102253 0.0182701 0.0282265 0.0396008 0.0518228 0.0661187 0.0822501 0.0903265 0.0945413 0.0969529 0.09818 0.0984507 0.0978203 0.0962125 0.093366 0.0885849 0.0796927 0.0661171 0.0555016 0.0462911 0.0377769 0.0301216 0.0234486 0.017802 0.0131577 0.00943571 0.00650416 0.00419395 0.00238106 0.00109076 0.000378325 9.96569e-05 2.08327e-05 3.5738e-06 4.99491e-07 5.23839e-08 2.97715e-09 0 
0 0.000786342 0.00396493 0.00932447 0.0166751 0.0257691 0.0361577 0.047272 0.0587419 0.072647 0.0845949 0.0902352 0.0932265 0.0946915 0.0949977 0.0942244 0.0922409 0.0885849 0.0818591 0.0700318 0.0594707 0.050645 0.0422764 0.0345011 0.0275091 0.0214139 0.0162554 0.0120106 0.00860309 0.00590547 0.00376363 0.00208763 0.000926627 0.000312432 8.09654e-05 1.68452e-05 2.89735e-06 4.07587e-07 4.31032e-08 2.47213e-09 0 
0 0.000665885 0.00349208 0.00830527 0.0148751 0.0229965 0.0322736 0.0421942 0.0521975 0.0620955 0.073497 0.0825989 0.087072 0.0890889 0.0894765 0.0883834 0.0855029 0.0796927 0.0700318 0.0608744 0.0529682 0.045215 0.0377482 0.030806 0.0245629 0.0191201 0.0145127 0.0107186 0.0076642 0.00522932 0.0032822 0.00177164 0.000760765 0.000249879 6.39697e-05 1.33058e-05 2.3043e-06 3.27519e-07 3.50442e-08 2.03427e-09 0 
0 0.000540533 0.00298223 0.00722163 0.0129701 0.0200639 0.0281656 0.0368291 0.0455498 0.0538289 0.0614646 0.0690929 0.0753985 0.0787223 0.0793215 0.0774132 0.072782 0.0661171 0.0594707 0.0529682 0.0462369 0.0394783 0.0329599 0.0268995 0.0214494 0.0166977 0.0126743 0.00935707 0.00667637 0.004524 0.00279659 0.00147453 0.000618127 0.00020009 5.11233e-05 1.07101e-05 1.87676e-06 2.70354e-07 2.93199e-08 1.72379e-09 0 
0 0.000418389 0.00245752 0.0061209 0.0110513 0.0171134 0.0240337 0.0314332 0.038881 0.0459341 0.0521858 0.0573592 0.0613684 0.0638845 0.0643712 0.0627734 0.0596143 0.0555016 0.050645 0.045215 0.0394783 0.0337091 0.0281452 0.0229728 0.0183222 0.0142692 0.0108387 0.00800827 0.0057132 0.00386274 0.00237787 0.00124884 0.000523468 0.000170445 4.40067e-05 9.33268e-06 1.65508e-06 2.4099e-07 2.6375e-08 1.56225e-09 0 
0 0.000306812 0.00193999 0.00504051 0.00919455 0.0142659 0.0200476 0.0262285 0.0324494 0.0383402 0.0435517 0.0477866 0.0508244 0.0525267 0.0528333 0.0517879 0.0495394 0.0462911 0.0422764 0.0377482 0.0329599 0.0281452 0.0235029 0.0191898 0.015319 0.0119645 0.0091549 0.00685363 0.00496688 0.00340714 0.00213336 0.00114869 0.000495389 0.000165026 4.31857e-05 9.21272e-06 1.63573e-06 2.37812e-07 2.59463e-08 1.5305e-09 0 
0 0.00021158 0.00145246 0.00400767 0.00745478 0.0116144 0.0163401 0.0213888 0.0264695 0.0312804 0.0355363 0.038993 0.0414659 0.0428432 0.0430903 0.042248 0.0404238 0.0377769 0.0345011 0.030806 0.0268995 0.0229728 0.0191898 0.0156871 0.0125943 0.0100607 0.00817716 0.00675643 0.0053598 0.00379826 0.00233813 0.00124421 0.000544316 0.000183942 4.80839e-05 1.01319e-05 1.76896e-06 2.52683e-07 2.71019e-08 1.57323e-09 0 
0 0.000136104 0.00101841 0.0030435 0.00586336 0.0092204 0.0130027 0.0170353 0.0210916 0.0249319 0.028329 0.0310881 0.0330621 0.0341615 0.0343591 0.0336876 0.0322327 0.0301216 0.0275091 0.0245629 0.0214494 0.0183222 0.015319 0.0125943 0.0104498 0.00947687 0.0101077 0.0113547 0.0109158 0.00796496 0.00433633 0.00188659 0.000715533 0.000227491 5.71412e-05 1.15979e-05 1.95847e-06 2.71738e-07 2.84111e-08 1.61244e-09 0 
0 8.09988e-05 0.000659163 0.0021713 0.00443052 0.00711043 0.0100849 0.013237 0.0164023 0.0193975 0.0220467 0.0241982 0.0257375 0.026595 0.0267495 0.0262266 0.0250932 0.0234486 0.0214139 0.0191201 0.0166977 0.0142692 0.0119645 0.0100607 0.00947687 0.0123162 0.0201795 0.0353905 0.0428221 0.0237238 0.0117346 0.00421332 0.0012019 0.000308674 6.87601e-05 1.29338e-05 2.07875e-06 2.78647e-07 2.83508e-08 1.57245e-09 0 
0 4.42526e-05 0.000388137 0.00142341 0.00315878 0.0052774 0.00759272 0.0100131 0.01243 0.0147127 0.0167302 0.0183683 0.0195403 0.0201933 0.0203114 0.019914 0.0190523 0.017802 0.0162554 0.0145127 0.0126743 0.0108387 0.0091549 0.00817716 0.0101077 0.0201795 0.050685 0.0772442 0.0791993 0.0700382 0.027807 0.0091876 0.00221365 0.000443336 8.11055e-05 1.34609e-05 2.02032e-06 2.61069e-07 2.59297e-08 1.41106e-09 0 
0 2.20513e-05 0.000205331 0.000836463 0.00206554 0.00369592 0.00549075 0.00733416 0.00915018 0.0108541 0.0123559 0.0135739 0.0144448 0.0149302 0.0150184 0.014724 0.014085 0.0131577 0.0120106 0.0107186 0.00935707 0.00800827 0.00685363 0.00675643 0.0113547 0.0353905 0.0772442 0.0848096 0.0856839 0.0817124 0.0609136 0.0148225 0.00335707 0.000579708 8.80274e-05 1.25962e-05 1.74221e-06 2.17322e-07 2.12077e-08 1.1401e-09 0 
0 9.97586e-06 9.67701e-05 0.000431139 0.00119534 0.00235893 0.0037224 0.00512634 0.00648688 0.00774532 0.00884494 0.00973267 0.0103661 0.010719 0.0107836 0.0105709 0.0101081 0.00943571 0.00860309 0.0076642 0.00667637 0.0057132 0.00496688 0.0053598 0.0109158 0.0428221 0.0791993 0.0856839 0.0865773 0.0834092 0.0699004 0.0169471 0.00363137 0.000589195 7.95891e-05 1.00887e-05 1.29817e-06 1.57765e-07 1.5273e-08 8.18151e-10 0 
0 4.08662e-06 4.0496e-05 0.000192429 0.000592263 0.0013096 0.00226347 0.00330611 0.00432653 0.00526049 0.00606591 0.00670968 0.00716631 0.00742018 0.00746741 0.00731626 0.00698586 0.00650416 0.00590547 0.00522932 0.004524 0.00386274 0.00340714 0.00379826 0.00796496 0.0237238 0.0700382 0.0817124 0.0834092 0.0780996 0.0448109 0.0120808 0.00268387 0.000429009 5.51384e-05 6.57084e-06 8.16772e-07 9.86799e-08 9.59642e-09 5.172e-10 0 
0 1.51467e-06 1.50661e-05 7.42643e-05 0.000246783 0.000605943 0.00116501 0.00185625 0.00258247 0.00326622 0.00385864 0.00433018 0.00466299 0.00484783 0.00488349 0.0047764 0.00454003 0.00419395 0.00376363 0.0032822 0.00279659 0.00237787 0.00213336 0.00233813 0.00433633 0.0117346 0.027807 0.0609136 0.0699004 0.0448109 0.0181509 0.00598868 0.00134499 0.000218153 2.81208e-05 3.37849e-06 4.28483e-07 5.28839e-08 5.23794e-09 2.86777e-10 0 
0 5.08038e-07 5.00265e-06 2.49644e-05 8.66595e-05 0.000229374 0.000484624 0.000849171 0.00128171 0.00172542 0.0021304 0.00246201 0.00269962 0.00283317 0.00286067 0.00278666 0.00262148 0.00238106 0.00208763 0.00177164 0.00147453 0.00124884 0.00114869 0.00124421 0.00188659 0.00421332 0.0091876 0.0148225 0.0169471 0.0120808 0.00598868 0.00199944 0.000461917 7.787e-05 1.05899e-05 1.37842e-06 1.88112e-07 2.43044e-08 2.48177e-09 1.39237e-10 0 
0 1.54232e-07 1.48886e-06 7.3874e-06 2.6044e-05 7.17698e-05 0.000161419 0.000305073 0.000497385 0.000717451 0.000936781 0.00112835 0.00127186 0.00135517 0.00137378 0.0013298 0.0012311 0.00109076 0.000926627 0.000760765 0.000618127 0.000523468 0.000495389 0.000544316 0.000715533 0.0012019 0.00221365 0.00335707 0.00363137 0.00268387 0.00134499 0.000461917 0.000111763 2.01914e-05 3.08286e-06 4.63167e-07 7.0238e-08 9.62767e-09 1.0221e-09 5.91775e-11 0 
0 4.23323e-08 3.98142e-07 1.94148e-06 6.81715e-06 1.90235e-05 4.40745e-05 8.70277e-05 0.00014946 0.000227366 0.000311569 0.000390344 0.00045259 0.000490209 0.000499274 0.00048022 0.000437412 0.000378325 0.000312432 0.000249879 0.00020009 0.000170445 0.000165026 0.000183942 0.000227491 0.000308674 0.000443336 0.000579708 0.000589195 0.000429009 0.000218153 7.787e-05 2.01914e-05 4.1259e-06 7.54185e-07 1.34459e-07 2.26821e-08 3.30434e-09 3.66426e-10 2.20073e-11 0 
0 1.04629e-08 9.55457e-08 4.54846e-07 1.57233e-06 4.36528e-06 1.01772e-05 2.0436e-05 3.5978e-05 5.63459e-05 7.9507e-05 0.00010222 0.000120892 0.000132544 0.000135527 0.000129835 0.000116998 9.96569e-05 8.09654e-05 6.39697e-05 5.11233e-05 4.40067e-05 4.31857e-05 4.80839e-05 5.71412e-05 6.87601e-05 8.11055e-05 8.80274e-05 7.95891e-05 5.51384e-05 2.81208e-05 1.05899e-05 3.08286e-06 7.54185e-07 1.67943e-07 3.46713e-08 6.3815e-09 9.84341e-10 1.14273e-10 7.14393e-12 0 
0 2.30675e-09 2.04227e-08 9.46022e-08 3.19997e-07 8.75373e-07 2.02609e-06 4.06843e-06 7.2064e-06 1.14035e-05 1.62909e-05 2.12001e-05 2.53255e-05 2.79516e-05 2.86566e-05 2.74186e-05 2.46005e-05 2.08327e-05 1.68452e-05 1.33058e-05 1.07101e-05 9.33268e-06 9.21272e-06 1.01319e-05 1.15979e-05 1.29338e-05 1.34609e-05 1.25962e-05 1.00887e-05 6.57084e-06 3.37849e-06 1.37842e-06 4.63167e-07 1.34459e-07 3.46713e-08 7.90947e-09 1.55761e-09 2.53396e-10 3.08209e-11 2.00952e-12 0 
0 4.4469e-10 3.81644e-09 1.71829e-08 5.67217e-08 1.52181e-07 3.47312e-07 6.91297e-07 1.21944e-06 1.92879e-06 2.76105e-06 3.60486e-06 4.32105e-06 4.78221e-06 4.91091e-06 4.70143e-06 4.21817e-06 3.5738e-06 2.89735e-06 2.3043e-06 1.87676e-06 1.65508e-06 1.63573e-06 1.76896e-06 1.95847e-06 2.07875e-06 2.02032e-06 1.74221e-06 1.29817e-06 8.16772e-07 4.28483e-07 1.88112e-07 7.0238e-08 2.26821e-08 6.3815e-09 1.55761e-09 3.24487e-10 5.55188e-11 7.0735e-12 4.81313e-13 0 
0 7.18409e-11 5.98098e-10 2.61788e-09 8.42806e-09 2.2138e-08 4.96718e-08 9.76039e-08 1.70621e-07 2.68316e-07 3.82862e-07 4.99201e-07 5.98305e-07 6.62563e-07 6.81123e-07 6.53067e-07 5.87298e-07 4.99491e-07 4.07587e-07 3.27519e-07 2.70354e-07 2.4099e-07 2.37812e-07 2.52683e-07 2.71738e-07 2.78647e-07 2.61069e-07 2.17322e-07 1.57765e-07 9.86799e-08 5.28839e-08 2.43044e-08 9.62767e-09 3.30434e-09 9.84341e-10 2.53396e-10 5.55188e-11 9.96583e-12 1.32855e-12 9.43151e-14 0 
0 8.78295e-12 7.10212e-11 3.0251e-10 9.50288e-10 2.44341e-09 5.38522e-09 1.04306e-08 1.80325e-08 2.81279e-08 3.99124e-08 5.18591e-08 6.20427e-08 6.86771e-08 7.06559e-08 6.78806e-08 6.12558e-08 5.23839e-08 4.31032e-08 3.50442e-08 2.93199e-08 2.6375e-08 2.59463e-08 2.71019e-08 2.84111e-08 2.83508e-08 2.59297e-08 2.12077e-08 1.5273e-08 9.59642e-09 5.23794e-09 2.48177e-09 1.0221e-09 3.66426e-10 1.14273e-10 3.08209e-11 7.0735e-12 1.32855e-12 1.8499e-13 1.36869e-14 0 
0 5.80788e-13 4.56872e-12 1.89646e-11 5.81951e-11 1.46576e-10 3.17402e-10 6.05864e-10 1.03528e-09 1.6005e-09 2.2563e-09 2.91887e-09 3.48327e-09 3.85236e-09 3.96593e-09 3.81857e-09 3.45968e-09 2.97715e-09 2.47213e-09 2.03427e-09 1.72379e-09 1.56225e-09 1.5305e-09 1.57323e-09 1.61244e-09 1.57245e-09 1.41106e-09 1.1401e-09 8.18151e-10 5.172e-10 2.86777e-10 1.39237e-10 5.91775e-11 2.20073e-11 7.14393e-12 2.00952e-12 4.81313e-13 9.43151e-14 1.36869e-14 1.05376e-15 0 
0 0 0 0 0 0 0 0 0 0 0 0 0 0 0 0 0 0 0 0 0 0 0 0 0 0 0 0 0 0 0 0 0 0 0 0 0 0 0 0 0 
