0 0 0 0 0 0 0 0 0 0 0 0 0 0 0 0 0 0 0 0 0 0 0 0 0 0 0 0 0 0 0 0 0 0 0 0 0 0 0 0 0 
0 4.89938e-07 4.33912e-06 1.89057e-05 5.62776e-05 0.000127942 0.000237137 0.000376297 0.000530902 0.000684942 0.000824454 0.000938836 0.00102097 0.00106691 0.00107554 0.0010482 0.000988355 0.00090121 0.000793349 0.000672348 0.000546326 0.000423398 0.000310952 0.000214815 0.000138466 8.25919e-05 4.5233e-05 2.25967e-05 1.02481e-05 4.20808e-06 1.56308e-06 5.25286e-07 1.59734e-07 4.39047e-08 1.08643e-08 2.39759e-09 4.62571e-10 7.47777e-11 9.14673e-12 6.05095e-13 0 
0 4.33912e-06 3.91306e-05 0.000166762 0.000463708 0.000952946 0.00158118 0.00226765 0.00294676 0.00357381 0.0041169 0.00455151 0.00485954 0.00503016 0.00506063 0.00495629 0.00472967 0.0043988 0.00398516 0.00351168 0.00300114 0.0024756 0.00195695 0.0014678 0.00103152 0.000669487 0.000395452 0.000209901 9.92546e-05 4.16655e-05 1.5544e-05 5.17338e-06 1.54262e-06 4.13153e-07 9.92693e-08 2.12391e-08 3.972e-09 6.22843e-10 7.39935e-11 4.76163e-12 0 
0 1.89057e-05 0.000166762 0.000653078 0.0015912 0.00285638 0.00426855 0.00572097 0.00714652 0.00847962 0.00965216 0.0106019 0.0112801 0.0116572 0.011724 0.0114918 0.0109898 0.0102613 0.0093584 0.00833707 0.00725137 0.00614885 0.00506707 0.00403317 0.00306792 0.00219394 0.00144286 0.000851234 0.000440654 0.000197516 7.65172e-05 2.58019e-05 7.65369e-06 2.01513e-06 4.7274e-07 9.8423e-08 1.78902e-08 2.72716e-09 3.15267e-10 1.97705e-11 0 
0 5.62776e-05 0.000463708 0.0015912 0.00337447 0.00551909 0.00787562 0.0103531 0.0128333 0.0151777 0.01725 0.0189323 0.020135 0.0208039 0.0209221 0.0205099 0.0196191 0.0183273 0.0167284 0.0149239 0.0130144 0.0110913 0.00923053 0.0074876 0.00589402 0.00445992 0.00318701 0.00209116 0.00121569 0.000605488 0.000253575 8.94267e-05 2.69634e-05 7.0743e-06 1.63429e-06 3.32983e-07 5.90698e-08 8.78177e-09 9.90554e-10 6.06779e-11 0 
0 0.000127942 0.000952946 0.00285638 0.00551909 0.00868376 0.0122427 0.0160348 0.0198482 0.0234579 0.0266504 0.0292424 0.0310957 0.0321263 0.0323085 0.031673 0.0303002 0.0283096 0.025846 0.0230666 0.0201267 0.017169 0.0143146 0.011657 0.00925799 0.0071445 0.00530958 0.00372704 0.00238771 0.00133247 0.000620205 0.000236084 7.41951e-05 1.97274e-05 4.53613e-06 9.10855e-07 1.58488e-07 2.30688e-08 2.54713e-09 1.52838e-10 0 
0 0.000237137 0.00158118 0.00426855 0.00787562 0.0122427 0.0172101 0.0225179 0.027859 0.0329158 0.0373884 0.0410205 0.0436204 0.0450712 0.0453286 0.0444321 0.0425036 0.039713 0.0362613 0.0323675 0.0282493 0.0241071 0.0201112 0.0163946 0.0130493 0.0101251 0.00762855 0.00552433 0.00375491 0.00229316 0.00118736 0.000497137 0.000166518 4.56519e-05 1.05694e-05 2.10766e-06 3.61664e-07 5.17576e-08 5.61363e-09 3.30952e-10 0 
0 0.000376297 0.00226765 0.00572097 0.0103531 0.0160348 0.0225179 0.0294489 0.0364243 0.0430291 0.0488838 0.0537874 0.0578558 0.060601 0.0611453 0.0593689 0.056008 0.0519763 0.0474043 0.0423132 0.0369347 0.0315254 0.0263078 0.0214562 0.017092 0.0132847 0.0100538 0.00737024 0.00516038 0.00333894 0.00188463 0.000868004 0.000313902 9.00029e-05 2.12056e-05 4.23029e-06 7.19677e-07 1.01685e-07 1.08716e-08 6.31659e-10 0 
0 0.000530902 0.00294676 0.00714652 0.0128333 0.0198482 0.027859 0.0364243 0.0450454 0.0532433 0.0612269 0.070141 0.0770051 0.0803033 0.080884 0.0790469 0.0742591 0.0666196 0.058957 0.0523439 0.0456773 0.0389919 0.0325444 0.0265497 0.0211585 0.0164577 0.0124761 0.00918947 0.00652228 0.0043605 0.00261419 0.00130588 0.000510408 0.000154297 3.72944e-05 7.48867e-06 1.26904e-06 1.77711e-07 1.87912e-08 1.07917e-09 0 
0 0.000684942 0.00357381 0.00847962 0.0151777 0.0234579 0.0329158 0.0430291 0.0532433 0.0640056 0.0770863 0.0851087 0.0888692 0.0906199 0.0909666 0.0900253 0.0875725 0.0827416 0.0732873 0.0623501 0.0539798 0.0460626 0.0384499 0.0313726 0.0250084 0.0194604 0.0147642 0.0108969 0.00778237 0.00529504 0.0032994 0.00175326 0.000734402 0.000234304 5.83431e-05 1.18423e-05 2.00639e-06 2.7938e-07 2.93043e-08 1.668e-09 0 
0 0.000824454 0.0041169 0.00965216 0.01725 0.0266504 0.0373884 0.0488838 0.0612269 0.0770863 0.0871043 0.0918693 0.0944891 0.0957974 0.0960784 0.0953969 0.0936537 0.0905027 0.0849785 0.0741124 0.0616943 0.0523312 0.0436741 0.035639 0.0284139 0.022116 0.0167865 0.012402 0.00888376 0.00610098 0.00389234 0.00216042 0.000956897 0.00032055 8.22373e-05 1.69065e-05 2.87086e-06 3.9852e-07 4.15705e-08 2.35092e-09 0 
0 0.000938836 0.00455151 0.0106019 0.0189323 0.0292424 0.0410205 0.0537874 0.070141 0.0851087 0.0918693 0.095604 0.0977924 0.0989199 0.0991743 0.0986033 0.0971454 0.094592 0.0904162 0.0830601 0.0695683 0.0575345 0.0479195 0.039104 0.0311797 0.0242727 0.0184286 0.0136226 0.00977306 0.00674527 0.00436403 0.00249317 0.00115071 0.000401047 0.000105631 2.19879e-05 3.74666e-06 5.19449e-07 5.39989e-08 3.04053e-09 0 
0 0.00102097 0.00485954 0.0112801 0.020135 0.0310957 0.0436204 0.0578558 0.0770051 0.0888692 0.0944891 0.0977924 0.0997818 0.100823 0.101065 0.100548 0.0992265 0.096942 0.0933179 0.0873601 0.0759713 0.0616195 0.0509659 0.0415828 0.0331582 0.0258156 0.0196032 0.0144955 0.0104076 0.00720229 0.00469683 0.00273127 0.00129559 0.000464528 0.000124834 2.62532e-05 4.48937e-06 6.22388e-07 6.45859e-08 3.62758e-09 0 
0 0.00106691 0.00503016 0.0116572 0.0208039 0.0321263 0.0450712 0.060601 0.0803033 0.0906199 0.0957974 0.0989199 0.100823 0.101825 0.102062 0.10157 0.100309 0.0981408 0.0947441 0.0893094 0.0792614 0.0642135 0.0526745 0.0429631 0.0342601 0.026675 0.0202576 0.0149818 0.0107611 0.0074563 0.00488156 0.00286493 0.00137955 0.000502818 0.000136797 2.89646e-05 4.96698e-06 6.89049e-07 7.14744e-08 4.011e-09 0 
0 0.00107554 0.00506063 0.011724 0.0209221 0.0323085 0.0453286 0.0611453 0.080884 0.0909666 0.0960784 0.0991743 0.101065 0.102062 0.102299 0.10181 0.100558 0.0984071 0.0950443 0.0896872 0.0798516 0.0647173 0.0529821 0.0432103 0.0344578 0.0268295 0.0203756 0.0150699 0.0108256 0.00750337 0.004917 0.00289226 0.00139816 0.00051198 0.000139839 2.96877e-05 5.09941e-06 7.08177e-07 7.35154e-08 4.12817e-09 0 
0 0.0010482 0.00495629 0.0114918 0.0205099 0.031673 0.0444321 0.0593689 0.0790469 0.0900253 0.0953969 0.0986033 0.100548 0.10157 0.10181 0.101307 0.100017 0.0977944 0.094295 0.0886342 0.0779805 0.0630673 0.0519315 0.0423654 0.0337842 0.0263049 0.019977 0.0147745 0.0106121 0.00735172 0.00480956 0.00281783 0.0013536 0.000492472 0.000133959 2.84007e-05 4.88081e-06 6.78828e-07 7.06067e-08 3.97347e-09 0 
0 0.000988355 0.00472967 0.0109898 0.0196191 0.0303002 0.0425036 0.056008 0.0742591 0.0875725 0.0936537 0.0971454 0.0992265 0.100309 0.100558 0.100017 0.0986333 0.0962297 0.0923715 0.0858626 0.0733445 0.059822 0.0496748 0.0405362 0.0323252 0.0251683 0.0191127 0.0141336 0.0101479 0.00702051 0.00457267 0.00265189 0.00125372 0.000448713 0.000120722 2.5478e-05 4.37789e-06 6.1024e-07 6.36882e-08 3.59825e-09 0 
0 0.00090121 0.0043988 0.0102613 0.0183273 0.0283096 0.039713 0.0519763 0.0666196 0.0827416 0.0905027 0.094592 0.096942 0.0981408 0.0984071 0.0977944 0.0962297 0.0934633 0.0888343 0.0802654 0.0664858 0.0556581 0.0464173 0.0378823 0.0302082 0.0235191 0.0178588 0.0132036 0.00947371 0.00653768 0.00422582 0.00241024 0.00111157 0.000388262 0.000102832 2.15697e-05 3.70729e-06 5.18672e-07 5.44232e-08 3.09377e-09 0 
0 0.000793349 0.00398516 0.0093584 0.0167284 0.025846 0.0362613 0.0474043 0.058957 0.0732873 0.0849785 0.0904162 0.0933179 0.0947441 0.0950443 0.094295 0.0923715 0.0888343 0.0823713 0.0705372 0.0596542 0.0507818 0.0423921 0.0345977 0.0275886 0.0214786 0.0163076 0.0120531 0.00863872 0.00593749 0.00379425 0.00211486 0.00094497 0.00032072 8.35204e-05 1.74286e-05 3.00254e-06 4.22724e-07 4.47194e-08 2.56505e-09 0 
0 0.000672348 0.00351168 0.00833707 0.0149239 0.0230666 0.0323675 0.0423132 0.0523439 0.0623501 0.0741124 0.0830601 0.0873601 0.0893094 0.0896872 0.0886342 0.0858626 0.0802654 0.0705372 0.0610719 0.0531112 0.0453373 0.0378521 0.0308928 0.0246343 0.0191782 0.0145597 0.010757 0.00769693 0.00525926 0.00331069 0.00179589 0.000776064 0.000256408 6.59156e-05 1.3744e-05 2.38315e-06 3.38906e-07 3.62674e-08 2.1051e-09 0 
0 0.000546326 0.00300114 0.00725137 0.0130144 0.0201267 0.0282493 0.0369347 0.0456773 0.0539798 0.0616943 0.0695683 0.0759713 0.0792614 0.0798516 0.0779805 0.0733445 0.0664858 0.0596542 0.0531112 0.0463615 0.039586 0.0330513 0.0269757 0.021512 0.0167486 0.0127154 0.00939086 0.0067054 0.0045507 0.00282146 0.00149463 0.000630063 0.000204959 5.25415e-05 1.10274e-05 1.93399e-06 2.78672e-07 3.02206e-08 1.77638e-09 0 
0 0.000423398 0.0024756 0.00614885 0.0110913 0.017169 0.0241071 0.0315254 0.0389919 0.0460626 0.0523312 0.0575345 0.0616195 0.0642135 0.0647173 0.0630673 0.059822 0.0556581 0.0507818 0.0453373 0.039586 0.0338021 0.0282239 0.0230383 0.0183757 0.0143124 0.0108734 0.00803651 0.00573718 0.00388429 0.00239726 0.00126393 0.000532181 0.00017395 4.50251e-05 9.56156e-06 1.69665e-06 2.4708e-07 2.70397e-08 1.60136e-09 0 
0 0.000310952 0.00195695 0.00506707 0.00923053 0.0143146 0.0201112 0.0263078 0.0325444 0.0384499 0.0436741 0.0479195 0.0509659 0.0526745 0.0529821 0.0519315 0.0496748 0.0464173 0.0423921 0.0378521 0.0330513 0.0282239 0.0235694 0.0192447 0.0153634 0.0119997 0.00918258 0.00687544 0.00498446 0.00342199 0.00214627 0.0011589 0.000501517 0.000167581 4.39462e-05 9.38589e-06 1.66742e-06 2.42475e-07 2.64568e-08 1.56061e-09 0 
0 0.000214815 0.0014678 0.00403317 0.0074876 0.011657 0.0163946 0.0214562 0.0265497 0.0313726 0.035639 0.039104 0.0415828 0.0429631 0.0432103 0.0423654 0.0405362 0.0378823 0.0345977 0.0308928 0.0269757 0.0230383 0.0192447 0.0157318 0.0126299 0.0100884 0.00819886 0.00677382 0.00537364 0.00380885 0.00234633 0.00125077 0.000548708 0.00018595 4.87087e-05 1.0276e-05 1.7953e-06 2.56534e-07 2.75205e-08 1.59773e-09 0 
0 0.000138466 0.00103152 0.00306792 0.00589402 0.00925799 0.0130493 0.017092 0.0211585 0.0250084 0.0284139 0.0311797 0.0331582 0.0342601 0.0344578 0.0337842 0.0323252 0.0302082 0.0275886 0.0246343 0.021512 0.0183757 0.0153634 0.0126299 0.0104777 0.00950009 0.0101307 0.0113795 0.0109394 0.00798231 0.00434624 0.00189196 0.000718915 0.000229212 5.77082e-05 1.17295e-05 1.98217e-06 2.75138e-07 2.87737e-08 1.63332e-09 0 
0 8.25919e-05 0.000669487 0.00219394 0.00445992 0.0071445 0.0101251 0.0132847 0.0164577 0.0194604 0.022116 0.0242727 0.0258156 0.026675 0.0268295 0.0263049 0.0251683 0.0235191 0.0214786 0.0191782 0.0167486 0.0143124 0.0119997 0.0100884 0.00950009 0.0123435 0.0202225 0.0357894 0.0433011 0.0238623 0.0117595 0.00422254 0.00120528 0.000310235 6.92959e-05 1.30581e-05 2.10061e-06 2.81701e-07 2.86687e-08 1.59036e-09 0 
0 4.5233e-05 0.000395452 0.00144286 0.00318701 0.00530958 0.00762855 0.0100538 0.0124761 0.0147642 0.0167865 0.0184286 0.0196032 0.0202576 0.0203756 0.019977 0.0191127 0.0178588 0.0163076 0.0145597 0.0127154 0.0108734 0.00918258 0.00819886 0.0101307 0.0202225 0.0512009 0.077154 0.0790715 0.0703333 0.027951 0.00920701 0.00221864 0.00044487 8.16025e-05 1.3574e-05 2.03968e-06 2.63702e-07 2.61976e-08 1.42587e-09 0 
0 2.25967e-05 0.000209901 0.000851234 0.00209116 0.00372704 0.00552433 0.00737024 0.00918947 0.0108969 0.012402 0.0136226 0.0144955 0.0149818 0.0150699 0.0147745 0.0141336 0.0132036 0.0120531 0.010757 0.00939086 0.00803651 0.00687544 0.00677382 0.0113795 0.0357894 0.077154 0.0845956 0.0854571 0.0815811 0.061376 0.0148604 0.00336427 0.000581311 8.84644e-05 1.26906e-05 1.75786e-06 2.19403e-07 2.1416e-08 1.15146e-09 0 
0 1.02481e-05 9.92546e-05 0.000440654 0.00121569 0.00238771 0.00375491 0.00516038 0.00652228 0.00778237 0.00888376 0.00977306 0.0104076 0.0107611 0.0108256 0.0106121 0.0101479 0.00947371 0.00863872 0.00769693 0.0067054 0.00573718 0.00498446 0.00537364 0.0109394 0.0433011 0.0790715 0.0854571 0.0863398 0.0832361 0.0701778 0.0170804 0.00363909 0.0005907 7.99365e-05 1.01581e-05 1.30932e-06 1.59228e-07 1.54183e-08 8.26034e-10 0 
0 4.20808e-06 4.16655e-05 0.000197516 0.000605488 0.00133247 0.00229316 0.00333894 0.0043605 0.00529504 0.00610098 0.00674527 0.00720229 0.0074563 0.00750337 0.00735172 0.00702051 0.00653768 0.00593749 0.00525926 0.0045507 0.00388429 0.00342199 0.00380885 0.00798231 0.0238623 0.0703333 0.0815811 0.0832361 0.0779776 0.0452481 0.0121062 0.0026896 0.000430118 5.53725e-05 6.61455e-06 8.23636e-07 9.95779e-08 9.68589e-09 5.22076e-10 0 
0 1.56308e-06 1.5544e-05 7.65172e-05 0.000253575 0.000620205 0.00118736 0.00188463 0.00261419 0.0032994 0.00389234 0.00436403 0.00469683 0.00488156 0.004917 0.00480956 0.00457267 0.00422582 0.00379425 0.00331069 0.00282146 0.00239726 0.00214627 0.00234633 0.00434624 0.0117595 0.027951 0.061376 0.0701778 0.0452481 0.0181891 0.0060013 0.00134794 0.00021877 2.82478e-05 3.40143e-06 4.32084e-07 5.33609e-08 5.28617e-09 2.89442e-10 0 
0 5.25286e-07 5.17338e-06 2.58019e-05 8.94267e-05 0.000236084 0.000497137 0.000868004 0.00130588 0.00175326 0.00216042 0.00249317 0.00273127 0.00286493 0.00289226 0.00281783 0.00265189 0.00241024 0.00211486 0.00179589 0.00149463 0.00126393 0.0011589 0.00125077 0.00189196 0.00422254 0.00920701 0.0148604 0.0170804 0.0121062 0.0060013 0.00200373 0.000463036 7.81325e-05 1.06445e-05 1.3884e-06 1.89718e-07 2.45231e-08 2.50444e-09 1.40519e-10 0 
0 1.59734e-07 1.54262e-06 7.65369e-06 2.69634e-05 7.41951e-05 0.000166518 0.000313902 0.000510408 0.000734402 0.000956897 0.00115071 0.00129559 0.00137955 0.00139816 0.0013536 0.00125372 0.00111157 0.00094497 0.000776064 0.000630063 0.000532181 0.000501517 0.000548708 0.000718915 0.00120528 0.00221864 0.00336427 0.00363909 0.0026896 0.00134794 0.000463036 0.000112106 2.02788e-05 3.10185e-06 4.66804e-07 7.08503e-08 9.71431e-09 1.03139e-09 5.97187e-11 0 
0 4.39047e-08 4.13153e-07 2.01513e-06 7.0743e-06 1.97274e-05 4.56519e-05 9.00029e-05 0.000154297 0.000234304 0.00032055 0.000401047 0.000464528 0.000502818 0.00051198 0.000492472 0.000448713 0.000388262 0.00032072 0.000256408 0.000204959 0.00017395 0.000167581 0.00018595 0.000229212 0.000310235 0.00044487 0.000581311 0.0005907 0.000430118 0.00021877 7.81325e-05 2.02788e-05 4.14964e-06 7.59711e-07 1.35589e-07 2.28831e-08 3.3341e-09 3.69747e-10 2.22077e-11 0 
0 1.08643e-08 9.92693e-08 4.7274e-07 1.63429e-06 4.53613e-06 1.05694e-05 2.12056e-05 3.72944e-05 5.83431e-05 8.22373e-05 0.000105631 0.000124834 0.000136797 0.000139839 0.000133959 0.000120722 0.000102832 8.35204e-05 6.59156e-05 5.25415e-05 4.50251e-05 4.39462e-05 4.87087e-05 5.77082e-05 6.92959e-05 8.16025e-05 8.84644e-05 7.99365e-05 5.53725e-05 2.82478e-05 1.06445e-05 3.10185e-06 7.59711e-07 1.69331e-07 3.4975e-08 6.43857e-09 9.93209e-10 1.15307e-10 7.20878e-12 0 
0 2.39759e-09 2.12391e-08 9.8423e-08 3.32983e-07 9.10855e-07 2.10766e-06 4.23029e-06 7.48867e-06 1.18423e-05 1.69065e-05 2.19879e-05 2.62532e-05 2.89646e-05 2.96877e-05 2.84007e-05 2.5478e-05 2.15697e-05 1.74286e-05 1.3744e-05 1.10274e-05 9.56156e-06 9.38589e-06 1.0276e-05 1.17295e-05 1.30581e-05 1.3574e-05 1.26906e-05 1.01581e-05 6.61455e-06 3.40143e-06 1.3884e-06 4.66804e-07 1.35589e-07 3.4975e-08 7.98001e-09 1.5716e-09 2.5568e-10 3.10995e-11 2.02773e-12 0 
0 4.62571e-10 3.972e-09 1.78902e-08 5.90698e-08 1.58488e-07 3.61664e-07 7.19677e-07 1.26904e-06 2.00639e-06 2.87086e-06 3.74666e-06 4.48937e-06 4.96698e-06 5.09941e-06 4.88081e-06 4.37789e-06 3.70729e-06 3.00254e-06 2.38315e-06 1.93399e-06 1.69665e-06 1.66742e-06 1.7953e-06 1.98217e-06 2.10061e-06 2.03968e-06 1.75786e-06 1.30932e-06 8.23636e-07 4.32084e-07 1.89718e-07 7.08503e-08 2.28831e-08 6.43857e-09 1.5716e-09 3.27408e-10 5.60195e-11 7.13741e-12 4.85671e-13 0 
0 7.47777e-11 6.22843e-10 2.72716e-09 8.78177e-09 2.30688e-08 5.17576e-08 1.01685e-07 1.77711e-07 2.7938e-07 3.9852e-07 5.19449e-07 6.22388e-07 6.89049e-07 7.08177e-07 6.78828e-07 6.1024e-07 5.18672e-07 4.22724e-07 3.38906e-07 2.78672e-07 2.4708e-07 2.42475e-07 2.56534e-07 2.75138e-07 2.81701e-07 2.63702e-07 2.19403e-07 1.59228e-07 9.95779e-08 5.33609e-08 2.45231e-08 9.71431e-09 3.3341e-09 9.93209e-10 2.5568e-10 5.60195e-11 1.00558e-11 1.34056e-12 9.51685e-14 0 
0 9.14673e-12 7.39935e-11 3.15267e-10 9.90554e-10 2.54713e-09 5.61363e-09 1.08716e-08 1.87912e-08 2.93043e-08 4.15705e-08 5.39989e-08 6.45859e-08 7.14744e-08 7.35154e-08 7.06067e-08 6.36882e-08 5.44232e-08 4.47194e-08 3.62674e-08 3.02206e-08 2.70397e-08 2.64568e-08 2.75205e-08 2.87737e-08 2.86687e-08 2.61976e-08 2.1416e-08 1.54183e-08 9.68589e-09 5.28617e-09 2.50444e-09 1.03139e-09 3.69747e-10 1.15307e-10 3.10995e-11 7.13741e-12 1.34056e-12 1.86663e-13 1.38107e-14 0 
0 6.05095e-13 4.76163e-12 1.97705e-11 6.06779e-11 1.52838e-10 3.30952e-10 6.31659e-10 1.07917e-09 1.668e-09 2.35092e-09 3.04053e-09 3.62758e-09 4.011e-09 4.12817e-09 3.97347e-09 3.59825e-09 3.09377e-09 2.56505e-09 2.1051e-09 1.77638e-09 1.60136e-09 1.56061e-09 1.59773e-09 1.63332e-09 1.59036e-09 1.42587e-09 1.15146e-09 8.26034e-10 5.22076e-10 2.89442e-10 1.40519e-10 5.97187e-11 2.22077e-11 7.20878e-12 2.02773e-12 4.85671e-13 9.51685e-14 1.38107e-14 1.0633e-15 0 
0 0 0 0 0 0 0 0 0 0 0 0 0 0 0 0 0 0 0 0 0 0 0 0 0 0 0 0 0 0 0 0 0 0 0 0 0 0 0 0 0 
