0 0 0 0 0 0 0 0 0 0 0 0 0 0 0 0 0 0 0 0 0 0 0 0 0 0 0 0 0 0 0 0 0 0 0 0 0 0 0 0 0 
0 3.75436e-07 3.34926e-06 1.47984e-05 4.49486e-05 0.000104637 0.00019863 0.000322041 0.000462544 0.000605175 0.000736121 0.000844512 0.000922863 0.000966922 0.000975352 0.000949369 0.000892374 0.000809577 0.000707598 0.000594034 0.000476948 0.000364236 0.000262834 0.000177881 0.000112017 6.51239e-05 3.47097e-05 1.68657e-05 7.44428e-06 2.97975e-06 1.08143e-06 3.56055e-07 1.06376e-07 2.88037e-08 7.03897e-09 1.53745e-09 2.94133e-10 4.72247e-11 5.7447e-12 3.78351e-13 0 
0 3.34926e-06 3.05601e-05 0.000133299 0.000382935 0.000815001 0.00139454 0.0020475 0.00270481 0.00331661 0.003848 0.00427353 0.00457518 0.00474243 0.00477269 0.00467118 0.00445 0.00412661 0.00372192 0.00325853 0.00275946 0.00224784 0.0017473 0.00128238 0.000877221 0.000551474 0.000314355 0.000160751 7.32854e-05 2.97455e-05 1.07755e-05 3.49892e-06 1.02251e-06 2.69458e-07 6.39154e-08 1.35367e-08 2.51141e-09 3.91358e-10 4.62664e-11 2.96595e-12 0 
0 1.47984e-05 0.000133299 0.000542113 0.00138128 0.00257446 0.00394396 0.00536293 0.00675401 0.00805151 0.00919063 0.0101123 0.0107704 0.0111364 0.0112017 0.0109773 0.0104912 0.00978502 0.00890886 0.00791617 0.00685851 0.0057812 0.00472068 0.00370541 0.00276101 0.001918 0.00121447 0.000684862 0.000337791 0.00014453 5.37645e-05 1.7544e-05 5.07412e-06 1.31079e-06 3.03179e-07 6.24588e-08 1.12642e-08 1.70706e-09 1.96474e-10 1.228e-11 0 
0 4.49486e-05 0.000382935 0.00138128 0.0030627 0.00514549 0.00744104 0.00984634 0.0122488 0.0145176 0.0165227 0.0181504 0.0193145 0.0199622 0.0200774 0.0196794 0.0188184 0.0175692 0.0160224 0.014276 0.0124267 0.010562 0.00875407 0.00705446 0.00549273 0.00408186 0.00283476 0.0017847 0.00098409 0.000462402 0.000183291 6.17701e-05 1.80005e-05 4.60971e-06 1.04712e-06 2.10862e-07 3.71004e-08 5.48383e-09 6.16013e-10 3.76223e-11 0 
0 0.000104637 0.000815001 0.00257446 0.00514549 0.00822067 0.0116678 0.0153347 0.0190211 0.0225107 0.0255975 0.0281044 0.0298974 0.0308951 0.0310725 0.030459 0.0291323 0.0272078 0.0248257 0.0221376 0.0192939 0.0164321 0.0136686 0.0110923 0.00876037 0.00669578 0.00489194 0.00333486 0.00204156 0.00107254 0.000467202 0.0001675 5.02641e-05 1.29421e-05 2.91338e-06 5.76952e-07 9.94791e-08 1.43924e-08 1.58265e-09 9.46984e-11 0 
0 0.00019863 0.00139454 0.00394396 0.00744104 0.0116678 0.0164677 0.0215958 0.0267572 0.0316452 0.0359698 0.0394823 0.0419952 0.0433943 0.043643 0.0427824 0.0409225 0.0382257 0.0348881 0.0311226 0.0271399 0.0231336 0.0192682 0.0156715 0.0124311 0.00959196 0.007156 0.00508792 0.00334601 0.00193897 0.000937263 0.000365367 0.000115301 3.03032e-05 6.82715e-06 1.33846e-06 2.27256e-07 3.23064e-08 3.48899e-09 2.05114e-10 0 
0 0.000322041 0.0020475 0.00536293 0.00984634 0.0153347 0.0215958 0.0282915 0.0350326 0.0414174 0.0470692 0.0516834 0.0550637 0.0570389 0.0574037 0.0561639 0.0536047 0.0500266 0.0456553 0.0407357 0.035534 0.0303022 0.0252558 0.0205629 0.01634 0.0126524 0.00951532 0.00689496 0.00472025 0.00293169 0.00155365 0.000662932 0.000223257 6.06931e-05 1.38145e-05 2.69867e-06 4.53386e-07 6.35763e-08 6.76549e-09 3.91916e-10 0 
0 0.000462544 0.00270481 0.00675401 0.0122488 0.0190211 0.0267572 0.0350326 0.043365 0.0512645 0.0583673 0.0647543 0.0702007 0.0735015 0.0741168 0.0720892 0.0677968 0.0623284 0.0565582 0.0504207 0.043987 0.0375209 0.0312846 0.0254864 0.0202714 0.0157225 0.0118648 0.00866966 0.00605821 0.00392765 0.00223141 0.00103409 0.000373514 0.000105963 2.45516e-05 4.80603e-06 8.02433e-07 1.11395e-07 1.17177e-08 6.70758e-10 0 
0 0.000605175 0.00331661 0.00805151 0.0145176 0.0225107 0.0316452 0.0414174 0.0512645 0.0607569 0.0704053 0.0794737 0.0849912 0.0875106 0.0879683 0.08656 0.0828948 0.0761954 0.0676327 0.0596856 0.0520004 0.0443596 0.0369959 0.0301502 0.0239943 0.0186271 0.0140811 0.0103302 0.00729352 0.00484774 0.00288861 0.00143121 0.000552135 0.000163947 3.88466e-05 7.65177e-06 1.27422e-06 1.75677e-07 1.83197e-08 1.03904e-09 0 
0 0.000736121 0.003848 0.00919063 0.0165227 0.0255975 0.0359698 0.0470692 0.0583673 0.0704053 0.0824231 0.0893657 0.0929662 0.094703 0.0950472 0.0940983 0.0916879 0.0872278 0.0792231 0.0685692 0.0591612 0.0504153 0.0420507 0.0342779 0.0272889 0.0211967 0.0160396 0.0117916 0.0083703 0.00564271 0.00346756 0.00180538 0.000736273 0.000228226 5.53662e-05 1.09993e-05 1.8316e-06 2.51451e-07 2.60612e-08 1.46808e-09 0 
0 0.000844512 0.00427353 0.0101123 0.0181504 0.0281044 0.0394823 0.0516834 0.0647543 0.0794737 0.0893657 0.0944863 0.0973639 0.0988082 0.0991102 0.0983388 0.0963953 0.0929426 0.0871012 0.0769989 0.0653178 0.0553593 0.046159 0.0376322 0.0299662 0.0232847 0.0176302 0.0129763 0.00923832 0.00627797 0.00393248 0.0021187 0.000901618 0.000289745 7.18175e-05 1.43963e-05 2.40091e-06 3.28869e-07 3.39503e-08 1.90366e-09 0 
0 0.000922863 0.00457518 0.0107704 0.0193145 0.0298974 0.0419952 0.0550637 0.0702007 0.0849912 0.0929662 0.0973639 0.0999281 0.10124 0.101523 0.100835 0.0991013 0.0960787 0.0911582 0.0827456 0.0702838 0.0589632 0.0491024 0.0400339 0.0318834 0.0247798 0.0187691 0.0138241 0.00985772 0.00672869 0.00426246 0.00234681 0.00102823 0.000339322 8.55397e-05 1.72812e-05 2.88817e-06 3.95303e-07 4.07216e-08 2.27719e-09 0 
0 0.000966922 0.00474243 0.0111364 0.0199622 0.0308951 0.0433943 0.0570389 0.0735015 0.0875106 0.094703 0.0988082 0.10124 0.102495 0.102771 0.102118 0.100476 0.0976332 0.0930807 0.0854955 0.0732827 0.0610399 0.050747 0.0413741 0.0329535 0.0256147 0.0194054 0.0142979 0.0102038 0.00698024 0.00444717 0.002477 0.00110324 0.000369882 9.42468e-05 1.91441e-05 3.20606e-06 4.3893e-07 4.51899e-08 2.52472e-09 0 
0 0.000975352 0.00477269 0.0112017 0.0200774 0.0310725 0.043643 0.0574037 0.0741168 0.0879683 0.0950472 0.0991102 0.101523 0.102771 0.103046 0.102399 0.10077 0.0979534 0.0934551 0.0859946 0.0738505 0.0614268 0.051047 0.041619 0.0331498 0.0257687 0.0195234 0.0143866 0.0102696 0.00702939 0.00448512 0.00250585 0.0011213 0.000377788 9.66322e-05 1.96782e-05 3.30078e-06 4.52394e-07 4.66159e-08 2.60638e-09 0 
0 0.000949369 0.00467118 0.0109773 0.0196794 0.030459 0.0427824 0.0561639 0.0720892 0.08656 0.0940983 0.0983388 0.100835 0.102118 0.102399 0.101729 0.100044 0.0971186 0.0924014 0.0844473 0.0720135 0.0601483 0.0500492 0.0408083 0.0325041 0.0252665 0.0191424 0.0141047 0.010066 0.00688453 0.00438288 0.00243757 0.00108397 0.00036325 9.26579e-05 1.88631e-05 3.16785e-06 4.3503e-07 4.49321e-08 2.51864e-09 0 
0 0.000892374 0.00445 0.0104912 0.0188184 0.0291323 0.0409225 0.0536047 0.0677968 0.0828948 0.0916879 0.0963953 0.0991013 0.100476 0.10077 0.100044 0.0982175 0.0950092 0.0897074 0.0805123 0.0681493 0.0574545 0.0478848 0.0390457 0.0310993 0.0241732 0.0183119 0.0134892 0.00961973 0.00656472 0.00415431 0.00228306 0.000998983 0.00033 8.34921e-05 1.69577e-05 2.8516e-06 3.92865e-07 4.07468e-08 2.29466e-09 0 
0 0.000809577 0.00412661 0.00978502 0.0175692 0.0272078 0.0382257 0.0500266 0.0623284 0.0761954 0.0872278 0.0929426 0.0960787 0.0976332 0.0979534 0.0971186 0.0950092 0.0912131 0.0846342 0.0739124 0.0630963 0.0536424 0.044745 0.0364858 0.0290592 0.0225853 0.0171058 0.0125951 0.00897064 0.00609789 0.00382011 0.0020597 0.00087933 0.000284475 7.11647e-05 1.44146e-05 2.43014e-06 3.36583e-07 3.51434e-08 1.99369e-09 0 
0 0.000707598 0.00372192 0.00890886 0.0160224 0.0248257 0.0348881 0.0456553 0.0565582 0.0676327 0.0792231 0.0871012 0.0911582 0.0930807 0.0934551 0.0924014 0.0897074 0.0846342 0.0760079 0.0662059 0.057422 0.0489725 0.040859 0.0333168 0.0265342 0.0206209 0.0156144 0.0114898 0.00816749 0.00551915 0.00340812 0.00179184 0.000742404 0.000234668 5.80751e-05 1.17571e-05 1.99321e-06 2.78476e-07 2.93727e-08 1.68429e-09 0 
0 0.000594034 0.00325853 0.00791617 0.014276 0.0221376 0.0311226 0.0407357 0.0504207 0.0596856 0.0685692 0.0769989 0.0827456 0.0854955 0.0859946 0.0844473 0.0805123 0.0739124 0.0662059 0.0587418 0.0512263 0.0437159 0.0364749 0.0297424 0.0236876 0.0184079 0.013936 0.0102472 0.00726499 0.00487083 0.00295568 0.00151197 0.000608709 0.000188857 4.65064e-05 9.4637e-06 1.62162e-06 2.29562e-07 2.45546e-08 1.42776e-09 0 
0 0.000476948 0.00275946 0.00685851 0.0124267 0.0192939 0.0271399 0.035534 0.043987 0.0520004 0.0591612 0.0653178 0.0702838 0.0732827 0.0738505 0.0720135 0.0681493 0.0630963 0.057422 0.0512263 0.0447095 0.0381581 0.0318394 0.0259648 0.0206815 0.0160741 0.0121697 0.00894347 0.00632358 0.00420715 0.00251509 0.00126161 0.000500001 0.00015443 3.82772e-05 7.89202e-06 1.3738e-06 1.97634e-07 2.14645e-08 1.26553e-09 0 
0 0.000364236 0.00224784 0.0057812 0.010562 0.0164321 0.0231336 0.0303022 0.0375209 0.0443596 0.0504153 0.0553593 0.0589632 0.0610399 0.0614268 0.0601483 0.0574545 0.0536424 0.0489725 0.0437159 0.0381581 0.032569 0.0271794 0.0221698 0.0176658 0.0137397 0.0104138 0.00766318 0.00542293 0.00360836 0.00215934 0.00108871 0.000436406 0.000137014 3.45741e-05 7.24831e-06 1.27983e-06 1.86259e-07 2.04136e-08 1.21182e-09 0 
0 0.000262834 0.0017473 0.00472068 0.00875407 0.0136686 0.0192682 0.0252558 0.0312846 0.0369959 0.0420507 0.046159 0.0491024 0.050747 0.051047 0.0500492 0.0478848 0.044745 0.040859 0.0364749 0.0318394 0.0271794 0.022688 0.0185167 0.0147747 0.0115324 0.00881579 0.00658714 0.00475355 0.00323032 0.00198523 0.00103769 0.000432217 0.00013976 3.58681e-05 7.57232e-06 1.33818e-06 1.94231e-07 2.11873e-08 1.25031e-09 0 
0 0.000177881 0.00128238 0.00370541 0.00705446 0.0110923 0.0156715 0.0205629 0.0254864 0.0301502 0.0342779 0.0376322 0.0400339 0.0413741 0.041619 0.0408083 0.0390457 0.0364858 0.0333168 0.0297424 0.0259648 0.0221698 0.0185167 0.0151379 0.0121584 0.00972121 0.00791126 0.00654342 0.00519046 0.00366923 0.00224014 0.00116917 0.000496702 0.000163101 4.17814e-05 8.70228e-06 1.51029e-06 2.15079e-07 2.30312e-08 1.33559e-09 0 
0 0.000112017 0.000877221 0.00276101 0.00549273 0.00876037 0.0124311 0.01634 0.0202714 0.0239943 0.0272889 0.0299662 0.0318834 0.0329535 0.0331498 0.0325041 0.0310993 0.0290592 0.0265342 0.0236876 0.0206815 0.0176658 0.0147747 0.0121584 0.010108 0.00919224 0.00982619 0.0110501 0.0106262 0.00775217 0.00421503 0.00182185 0.000676761 0.000208777 5.11798e-05 1.02404e-05 1.71664e-06 2.37285e-07 2.47535e-08 1.40264e-09 0 
0 6.51239e-05 0.000551474 0.001918 0.00408186 0.00669578 0.00959196 0.0126524 0.0157225 0.0186271 0.0211967 0.0232847 0.0247798 0.0256147 0.0257687 0.0252665 0.0241732 0.0225853 0.0206209 0.0184079 0.0160741 0.0137397 0.0115324 0.00972121 0.00919224 0.011982 0.0196525 0.0315723 0.0379497 0.022659 0.0114299 0.00410035 0.00116125 0.000291004 6.29546e-05 1.16177e-05 1.84984e-06 2.46891e-07 2.50606e-08 1.38769e-09 0 
0 3.47097e-05 0.000314355 0.00121447 0.00283476 0.00489194 0.007156 0.00951532 0.0118648 0.0140811 0.0160396 0.0176302 0.0187691 0.0194054 0.0195234 0.0191424 0.0183119 0.0171058 0.0156144 0.013936 0.0121697 0.0104138 0.00881579 0.00791126 0.00982619 0.0196525 0.0455118 0.0773022 0.0800526 0.0657445 0.0266624 0.00894957 0.00215274 0.000425344 7.55973e-05 1.22425e-05 1.81442e-06 2.33252e-07 2.31119e-08 1.25581e-09 0 
0 1.68657e-05 0.000160751 0.000684862 0.0017847 0.00333486 0.00508792 0.00689496 0.00866966 0.0103302 0.0117916 0.0129763 0.0138241 0.0142979 0.0143866 0.0141047 0.0134892 0.0125951 0.0114898 0.0102472 0.00894347 0.00766318 0.00658714 0.00654342 0.0110501 0.0315723 0.0773022 0.0865349 0.0876561 0.0827385 0.0559178 0.0144171 0.0032688 0.000560522 8.31e-05 1.15688e-05 1.5743e-06 1.95133e-07 1.8996e-08 1.01981e-09 0 
0 7.44428e-06 7.32854e-05 0.000337791 0.00098409 0.00204156 0.00334601 0.00472025 0.00605821 0.00729352 0.0083703 0.00923832 0.00985772 0.0102038 0.0102696 0.010066 0.00961973 0.00897064 0.00816749 0.00726499 0.00632358 0.00542293 0.00475355 0.00519046 0.0106262 0.0379497 0.0800526 0.0876561 0.0886814 0.0848047 0.0658598 0.0159972 0.00353669 0.000571055 7.56318e-05 9.32715e-06 1.17784e-06 1.42086e-07 1.37211e-08 7.34128e-10 0 
0 2.97975e-06 2.97455e-05 0.00014453 0.000462402 0.00107254 0.00193897 0.00293169 0.00392765 0.00484774 0.00564271 0.00627797 0.00672869 0.00698024 0.00702939 0.00688453 0.00656472 0.00609789 0.00551915 0.00487083 0.00420715 0.00360836 0.00323032 0.00366923 0.00775217 0.022659 0.0657445 0.0827385 0.0848047 0.0788838 0.0405366 0.0117695 0.00261365 0.00041568 5.24704e-05 6.09059e-06 7.42541e-07 8.9026e-08 8.63721e-09 4.65016e-10 0 
0 1.08143e-06 1.07755e-05 5.37645e-05 0.000183291 0.000467202 0.000937263 0.00155365 0.00223141 0.00288861 0.00346756 0.00393248 0.00426246 0.00444717 0.00448512 0.00438288 0.00415431 0.00382011 0.00340812 0.00295568 0.00251509 0.00215934 0.00198523 0.00224014 0.00421503 0.0114299 0.0266624 0.0559178 0.0658598 0.0405366 0.0176836 0.00583401 0.00130895 0.00021082 2.66832e-05 3.12681e-06 3.89515e-07 4.77474e-08 4.71974e-09 2.58181e-10 0 
0 3.56055e-07 3.49892e-06 1.7544e-05 6.17701e-05 0.0001675 0.000365367 0.000662932 0.00103409 0.00143121 0.00180538 0.0021187 0.00234681 0.002477 0.00250585 0.00243757 0.00228306 0.0020597 0.00179184 0.00151197 0.00126161 0.00108871 0.00103769 0.00116917 0.00182185 0.00410035 0.00894957 0.0144171 0.0159972 0.0117695 0.00583401 0.00194692 0.00044839 7.48139e-05 9.97844e-06 1.26938e-06 1.70736e-07 2.19477e-08 2.23779e-09 1.25463e-10 0 
0 1.06376e-07 1.02251e-06 5.07412e-06 1.80005e-05 5.02641e-05 0.000115301 0.000223257 0.000373514 0.000552135 0.000736273 0.000901618 0.00102823 0.00110324 0.0011213 0.00108397 0.000998983 0.00087933 0.000742404 0.000608709 0.000500001 0.000436406 0.000432217 0.000496702 0.000676761 0.00116125 0.00215274 0.0032688 0.00353669 0.00261365 0.00130895 0.00044839 0.000107732 1.91987e-05 2.87317e-06 4.23609e-07 6.36189e-08 8.69341e-09 9.22015e-10 5.33546e-11 0 
0 2.88037e-08 2.69458e-07 1.31079e-06 4.60971e-06 1.29421e-05 3.03032e-05 6.06931e-05 0.000105963 0.000163947 0.000228226 0.000289745 0.000339322 0.000369882 0.000377788 0.00036325 0.00033 0.000284475 0.000234668 0.000188857 0.00015443 0.000137014 0.00013976 0.000163101 0.000208777 0.000291004 0.000425344 0.000560522 0.000571055 0.00041568 0.00021082 7.48139e-05 1.91987e-05 3.8625e-06 6.93826e-07 1.22205e-07 2.05111e-08 2.98338e-09 3.30634e-10 1.98497e-11 0 
0 7.03897e-09 6.39154e-08 3.03179e-07 1.04712e-06 2.91338e-06 6.82715e-06 1.38145e-05 2.45516e-05 3.88466e-05 5.53662e-05 7.18175e-05 8.55397e-05 9.42468e-05 9.66322e-05 9.26579e-05 8.34921e-05 7.11647e-05 5.80751e-05 4.65064e-05 3.82772e-05 3.45741e-05 3.58681e-05 4.17814e-05 5.11798e-05 6.29546e-05 7.55973e-05 8.31e-05 7.56318e-05 5.24704e-05 2.66832e-05 9.97844e-06 2.87317e-06 6.93826e-07 1.52882e-07 3.13878e-08 5.76539e-09 8.88675e-10 1.03128e-10 6.44521e-12 0 
0 1.53745e-09 1.35367e-08 6.24588e-08 2.10862e-07 5.76952e-07 1.33846e-06 2.69867e-06 4.80603e-06 7.65177e-06 1.09993e-05 1.43963e-05 1.72812e-05 1.91441e-05 1.96782e-05 1.88631e-05 1.69577e-05 1.44146e-05 1.17571e-05 9.4637e-06 7.89202e-06 7.24831e-06 7.57232e-06 8.70228e-06 1.02404e-05 1.16177e-05 1.22425e-05 1.15688e-05 9.32715e-06 6.09059e-06 3.12681e-06 1.26938e-06 4.23609e-07 1.22205e-07 3.13878e-08 7.14771e-09 1.40663e-09 2.2876e-10 2.78175e-11 1.81327e-12 0 
0 2.94133e-10 2.51141e-09 1.12642e-08 3.71004e-08 9.94791e-08 2.27256e-07 4.53386e-07 8.02433e-07 1.27422e-06 1.8316e-06 2.40091e-06 2.88817e-06 3.20606e-06 3.30078e-06 3.16785e-06 2.8516e-06 2.43014e-06 1.99321e-06 1.62162e-06 1.3738e-06 1.27983e-06 1.33818e-06 1.51029e-06 1.71664e-06 1.84984e-06 1.81442e-06 1.5743e-06 1.17784e-06 7.42541e-07 3.89515e-07 1.70736e-07 6.36189e-08 2.05111e-08 5.76539e-09 1.40663e-09 2.92973e-10 5.01185e-11 6.38441e-12 4.34348e-13 0 
0 4.72247e-11 3.91358e-10 1.70706e-09 5.48383e-09 1.43924e-08 3.23064e-08 6.35763e-08 1.11395e-07 1.75677e-07 2.51451e-07 3.28869e-07 3.95303e-07 4.3893e-07 4.52394e-07 4.3503e-07 3.92865e-07 3.36583e-07 2.78476e-07 2.29562e-07 1.97634e-07 1.86259e-07 1.94231e-07 2.15079e-07 2.37285e-07 2.46891e-07 2.33252e-07 1.95133e-07 1.42086e-07 8.9026e-08 4.77474e-08 2.19477e-08 8.69341e-09 2.98338e-09 8.88675e-10 2.2876e-10 5.01185e-11 8.99575e-12 1.19911e-12 8.51151e-14 0 
0 5.7447e-12 4.62664e-11 1.96474e-10 6.16013e-10 1.58265e-09 3.48899e-09 6.76549e-09 1.17177e-08 1.83197e-08 2.60612e-08 3.39503e-08 4.07216e-08 4.51899e-08 4.66159e-08 4.49321e-08 4.07468e-08 3.51434e-08 2.93727e-08 2.45546e-08 2.14645e-08 2.04136e-08 2.11873e-08 2.30312e-08 2.47535e-08 2.50606e-08 2.31119e-08 1.8996e-08 1.37211e-08 8.63721e-09 4.71974e-09 2.23779e-09 9.22015e-10 3.30634e-10 1.03128e-10 2.78175e-11 6.38441e-12 1.19911e-12 1.66958e-13 1.23517e-14 0 
0 3.78351e-13 2.96595e-12 1.228e-11 3.76223e-11 9.46984e-11 2.05114e-10 3.91916e-10 6.70758e-10 1.03904e-09 1.46808e-09 1.90366e-09 2.27719e-09 2.52472e-09 2.60638e-09 2.51864e-09 2.29466e-09 1.99369e-09 1.68429e-09 1.42776e-09 1.26553e-09 1.21182e-09 1.25031e-09 1.33559e-09 1.40264e-09 1.38769e-09 1.25581e-09 1.01981e-09 7.34128e-10 4.65016e-10 2.58181e-10 1.25463e-10 5.33546e-11 1.98497e-11 6.44521e-12 1.81327e-12 4.34348e-13 8.51151e-14 1.23517e-14 9.50924e-16 0 
0 0 0 0 0 0 0 0 0 0 0 0 0 0 0 0 0 0 0 0 0 0 0 0 0 0 0 0 0 0 0 0 0 0 0 0 0 0 0 0 0 
