0 0 0 0 0 0 0 0 0 0 0 0 0 0 0 0 0 0 0 0 0 0 0 0 0 0 0 0 0 0 0 0 0 0 0 0 0 0 0 0 0 
0 2.29599e-07 2.06991e-06 9.33516e-06 2.92256e-05 7.05836e-05 0.000139248 0.000234044 0.000346733 0.000465151 0.000576754 0.000670913 0.00073991 0.000779129 0.000786886 0.000764124 0.000714034 0.000641655 0.000553412 0.000456599 0.000358753 0.000266913 0.000186804 0.000122101 7.39918e-05 4.12889e-05 2.10972e-05 9.83198e-06 4.17031e-06 1.60913e-06 5.65138e-07 1.80804e-07 5.27027e-08 1.39762e-08 3.35651e-09 7.22642e-10 1.36625e-10 2.17253e-11 2.62215e-12 1.716e-13 0 
0 2.06991e-06 1.92069e-05 8.66859e-05 0.00026175 0.000589585 0.00106385 0.00163089 0.0022245 0.00278948 0.00328579 0.00368539 0.00396951 0.00412761 0.00415702 0.00406255 0.00385548 0.0035523 0.00317306 0.00274013 0.00227722 0.00180917 0.00136167 0.000960101 0.000626205 0.000373054 0.000200811 9.69658e-05 4.18837e-05 1.6202e-05 5.63348e-06 1.76825e-06 5.02708e-07 1.29577e-07 3.01971e-08 6.30622e-09 1.15702e-09 1.78721e-10 2.09821e-11 1.33769e-12 0 
0 9.33516e-06 8.66859e-05 0.000373245 0.00102287 0.00203916 0.00328095 0.00460249 0.00590587 0.00712018 0.008184 0.00904357 0.00965712 0.00999884 0.010061 0.00985352 0.00940235 0.00874548 0.00792869 0.00700066 0.00600853 0.0049945 0.00399505 0.00304347 0.00217505 0.00143008 0.000846797 0.0004433 0.000202956 8.11657e-05 2.85374e-05 8.90773e-06 2.49068e-06 6.27276e-07 1.42347e-07 2.89077e-08 5.15726e-09 7.75185e-10 8.8665e-11 5.51521e-12 0 
0 2.92256e-05 0.00026175 0.00102287 0.00245699 0.00436056 0.00650044 0.00874094 0.0109719 0.0130753 0.0149333 0.0164418 0.0175212 0.0181228 0.0182314 0.0178646 0.0170687 0.0159125 0.0144796 0.0128602 0.0111428 0.00940683 0.00771696 0.00611971 0.00464538 0.00331872 0.00217569 0.001269 0.000640121 0.000274979 0.000100764 3.19313e-05 8.89703e-06 2.20754e-06 4.90481e-07 9.72412e-08 1.69204e-08 2.48113e-09 2.77099e-10 1.68511e-11 0 
0 7.05836e-05 0.000589585 0.00203916 0.00436056 0.00721499 0.0104123 0.013805 0.0172134 0.0204405 0.0232965 0.0256173 0.0272786 0.0282046 0.0283713 0.027806 0.02658 0.0248001 0.0225959 0.0201076 0.0174741 0.0148218 0.012257 0.00985938 0.00767814 0.00573336 0.00402922 0.00258387 0.00145198 0.000688908 0.000271367 8.94896e-05 2.52655e-05 6.24201e-06 1.36734e-06 2.65946e-07 4.53048e-08 6.50103e-09 7.10837e-10 4.23627e-11 0 
0 0.000139248 0.00106385 0.00328095 0.00650044 0.0104123 0.0148455 0.0195807 0.0243494 0.0288686 0.0328697 0.0361218 0.03845 0.0397477 0.0399812 0.0391886 0.0374702 0.0349757 0.0318874 0.0284022 0.0247156 0.0210063 0.017426 0.0140915 0.0110807 0.00843036 0.00613881 0.00418396 0.00256772 0.00134925 0.000582418 0.000204415 5.95181e-05 1.48146e-05 3.2243e-06 6.18572e-07 1.03593e-07 1.45966e-08 1.56719e-09 9.17679e-11 0 
0 0.000234044 0.00163089 0.00460249 0.00874094 0.013805 0.0195807 0.0257623 0.0319913 0.037896 0.0431247 0.0473764 0.0504254 0.0521304 0.0524382 0.0513953 0.0491417 0.0458784 0.0418422 0.0372886 0.0324728 0.0276292 0.0229569 0.0186107 0.0146967 0.0112714 0.00834257 0.00587535 0.00382166 0.00218361 0.00103377 0.00039134 0.000119258 3.02431e-05 6.58986e-06 1.25378e-06 2.07288e-07 2.87801e-08 3.04343e-09 1.75576e-10 0 
0 0.000346733 0.0022245 0.00590587 0.0109719 0.0172134 0.0243494 0.0319913 0.0396935 0.0469958 0.0534705 0.058781 0.0626855 0.0649447 0.0653621 0.0639649 0.0610279 0.0569023 0.0518832 0.0462485 0.040294 0.0343061 0.0285316 0.0231628 0.0183328 0.0141158 0.0105297 0.00754047 0.00507542 0.00307666 0.00157603 0.000644311 0.000207283 5.40201e-05 1.18621e-05 2.24918e-06 3.68548e-07 5.05901e-08 5.28483e-09 3.01184e-10 0 
0 0.000465151 0.00278948 0.00712018 0.0130753 0.0204405 0.0288686 0.037896 0.0469958 0.055635 0.0633877 0.0700056 0.0750647 0.0779557 0.0784866 0.0767325 0.0729167 0.0676188 0.0614666 0.0547532 0.0477122 0.0406388 0.0338185 0.027479 0.0217784 0.0168062 0.0125887 0.00909414 0.00624067 0.0039308 0.00213796 0.000935933 0.000318238 8.56314e-05 1.90375e-05 3.61156e-06 5.88512e-07 8.01142e-08 8.2906e-09 4.67958e-10 0 
0 0.000576754 0.00328579 0.008184 0.0149333 0.0232965 0.0328697 0.0431247 0.0534705 0.0633877 0.0726049 0.0804655 0.0856997 0.0883019 0.0887734 0.0872728 0.0836186 0.0776688 0.0702303 0.062346 0.0542907 0.0462504 0.0385034 0.0313034 0.0248306 0.0191878 0.0144073 0.0104586 0.00725627 0.00468061 0.00265545 0.00122811 0.000439045 0.000122007 2.75226e-05 5.23778e-06 8.51083e-07 1.15202e-07 1.18401e-08 6.6351e-10 0 
0 0.000670913 0.00368539 0.00904357 0.0164418 0.0256173 0.0361218 0.0473764 0.058781 0.0700056 0.0804655 0.0880516 0.0923966 0.0945123 0.0949115 0.093716 0.090755 0.0855345 0.0777395 0.0687042 0.0596726 0.0508185 0.0423159 0.0344158 0.0273145 0.0211255 0.0158854 0.0115644 0.00807442 0.00528406 0.00308285 0.00148456 0.000552757 0.000158053 3.61671e-05 6.91353e-06 1.12236e-06 1.51396e-07 1.54888e-08 8.63678e-10 0 
0 0.00073991 0.00396951 0.00965712 0.0175212 0.0272786 0.03845 0.0504254 0.0626855 0.0750647 0.0856997 0.0923966 0.096181 0.0980547 0.0984198 0.0973741 0.0947885 0.0902492 0.0830363 0.0734801 0.063593 0.0541007 0.0450514 0.0366493 0.0290973 0.0225164 0.0169463 0.0123572 0.0086591 0.00571452 0.00339211 0.001678 0.000643306 0.000188032 4.35421e-05 8.36073e-06 1.35779e-06 1.82848e-07 1.86586e-08 1.03742e-09 0 
0 0.000779129 0.00412761 0.00999884 0.0181228 0.0282046 0.0397477 0.0521304 0.0649447 0.0779557 0.0883019 0.0945123 0.0980547 0.0998254 0.100177 0.099196 0.0967731 0.0925458 0.085783 0.0762289 0.0658364 0.055945 0.046585 0.0379021 0.030098 0.0232978 0.0175429 0.0128034 0.00898849 0.00595759 0.00356897 0.00179215 0.000699007 0.000207143 4.83558e-05 9.31877e-06 1.51503e-06 2.03991e-07 2.08012e-08 1.15548e-09 0 
0 0.000786886 0.00415702 0.010061 0.0182314 0.0283713 0.0399812 0.0524382 0.0653621 0.0784866 0.0887734 0.0949115 0.0984198 0.100177 0.100527 0.0995564 0.0971582 0.0929783 0.0862906 0.0767514 0.0662644 0.0562945 0.0468767 0.0381422 0.0302914 0.0234504 0.0176611 0.0128935 0.00905695 0.00601049 0.00361017 0.00182099 0.000714223 0.000212715 4.98342e-05 9.62612e-06 1.5675e-06 2.11316e-07 2.15717e-08 1.19958e-09 0 
0 0.000764124 0.00406255 0.00985352 0.0178646 0.027806 0.0391886 0.0513953 0.0639649 0.0767325 0.0872728 0.093716 0.0973741 0.099196 0.0995564 0.0985477 0.096052 0.0916853 0.0847096 0.0751062 0.0649173 0.0551986 0.0459706 0.0374056 0.0297065 0.0229972 0.0173186 0.0126412 0.00887516 0.00588168 0.00352182 0.00176756 0.000689641 0.000204724 4.79293e-05 9.26913e-06 1.51274e-06 2.04503e-07 2.09412e-08 1.16839e-09 0 
0 0.000714034 0.00385548 0.00940235 0.0170687 0.02658 0.0374702 0.0491417 0.0610279 0.0729167 0.0836186 0.090755 0.0947885 0.0967731 0.0971582 0.096052 0.0933103 0.0884822 0.0809522 0.0715416 0.0620238 0.0528057 0.043984 0.0357884 0.0284204 0.0219985 0.0165618 0.0120813 0.00846882 0.00559007 0.00331847 0.00164287 0.000631687 0.000185652 4.3302e-05 8.38159e-06 1.37271e-06 1.86487e-07 1.92049e-08 1.0781e-09 0 
0 0.000641655 0.0035523 0.00874548 0.0159125 0.0248001 0.0349757 0.0458784 0.0569023 0.0676188 0.0776688 0.0855345 0.0902492 0.0925458 0.0929783 0.0916853 0.0884822 0.0829273 0.0751514 0.0665503 0.0578934 0.0493311 0.0410923 0.0334341 0.0265481 0.0205448 0.0154604 0.0112659 0.00787617 0.00516396 0.0030229 0.00146525 0.000551431 0.000159837 3.71159e-05 7.20091e-06 1.18662e-06 1.62531e-07 1.68936e-08 9.57726e-10 0 
0 0.000553412 0.00317306 0.00792869 0.0144796 0.0225959 0.0318874 0.0418422 0.0518832 0.0614666 0.0702303 0.0777395 0.0830363 0.085783 0.0862906 0.0847096 0.0809522 0.0751514 0.0681395 0.0606152 0.0528281 0.0450288 0.0375089 0.0305175 0.02423 0.0187466 0.0140994 0.0102597 0.00714539 0.00464073 0.00266688 0.0012599 0.000463117 0.000132536 3.07396e-05 6.00367e-06 1.00023e-06 1.38803e-07 1.46312e-08 8.41431e-10 0 
0 0.000456599 0.00274013 0.00700066 0.0128602 0.0201076 0.0284022 0.0372886 0.0462485 0.0547532 0.062346 0.0687042 0.0734801 0.0762289 0.0767514 0.0751062 0.0715416 0.0665503 0.0606152 0.0540452 0.0471278 0.0401732 0.0334653 0.0272285 0.0216187 0.0167246 0.0125731 0.00913506 0.00633319 0.00406847 0.00229314 0.00105827 0.00038241 0.000108994 2.54707e-05 5.04724e-06 8.55887e-07 1.21013e-07 1.2994e-08 7.60567e-10 0 
0 0.000358753 0.00227722 0.00600853 0.0111428 0.0174741 0.0247156 0.0324728 0.040294 0.0477122 0.0542907 0.0596726 0.063593 0.0658364 0.0662644 0.0649173 0.0620238 0.0578934 0.0528281 0.0471278 0.0411002 0.0350377 0.029191 0.0237555 0.0188665 0.0146002 0.0109775 0.0079696 0.00550686 0.00351092 0.00195772 0.000896424 0.000324632 9.37761e-05 2.23671e-05 4.53435e-06 7.86196e-07 1.13441e-07 1.24005e-08 7.36985e-10 0 
0 0.000266913 0.00180917 0.0049945 0.00940683 0.0148218 0.0210063 0.0276292 0.0343061 0.0406388 0.0462504 0.0508185 0.0541007 0.055945 0.0562945 0.0551986 0.0528057 0.0493311 0.0450288 0.0401732 0.0350377 0.0298743 0.0248968 0.0202718 0.0161143 0.0124884 0.00941058 0.00685323 0.00475608 0.0030551 0.00172858 0.000811057 0.000303166 9.04595e-05 2.21894e-05 4.59814e-06 8.10304e-07 1.18269e-07 1.30271e-08 7.77754e-10 0 
0 0.000186804 0.00136167 0.00399505 0.00771696 0.012257 0.017426 0.0229569 0.0285316 0.0338185 0.0385034 0.0423159 0.0450514 0.046585 0.0468767 0.0459706 0.043984 0.0410923 0.0375089 0.0334653 0.029191 0.0248968 0.0207618 0.0169258 0.0134884 0.0105117 0.00801595 0.00596204 0.00426093 0.00283774 0.00168088 0.000833109 0.000327903 0.000101432 2.5348e-05 5.28379e-06 9.29531e-07 1.34858e-07 1.47307e-08 8.7101e-10 0 
0 0.000122101 0.000960101 0.00304347 0.00611971 0.00985938 0.0140915 0.0186107 0.0231628 0.027479 0.0313034 0.0344158 0.0366493 0.0379021 0.0381422 0.0374056 0.0357884 0.0334341 0.0305175 0.0272285 0.0237555 0.0202718 0.0169258 0.01384 0.0111285 0.00891939 0.00728353 0.00604088 0.00479181 0.0033684 0.00202022 0.00101499 0.000409013 0.000127994 3.17576e-05 6.50229e-06 1.11945e-06 1.58861e-07 1.69862e-08 9.84403e-10 0 
0 7.39918e-05 0.000626205 0.00217505 0.00464538 0.00767814 0.0110807 0.0146967 0.0183328 0.0217784 0.0248306 0.0273145 0.0290973 0.030098 0.0302914 0.0297065 0.0284204 0.0265481 0.02423 0.0216187 0.0188665 0.0161143 0.0134884 0.0111285 0.00930051 0.00851962 0.00916075 0.0103302 0.00994174 0.00724927 0.00392891 0.00167356 0.000596584 0.000174089 4.08778e-05 7.9837e-06 1.32301e-06 1.81894e-07 1.89214e-08 1.07022e-09 0 
0 4.12889e-05 0.000373054 0.00143008 0.00331872 0.00573336 0.00843036 0.0112714 0.0141158 0.0168062 0.0191878 0.0211255 0.0225164 0.0232978 0.0234504 0.0229972 0.0219985 0.0205448 0.0187466 0.0167246 0.0146002 0.0124884 0.0105117 0.00891939 0.00851962 0.011192 0.018407 0.027142 0.030598 0.0211592 0.0107097 0.0038336 0.00106881 0.000255378 5.22975e-05 9.3157e-06 1.45886e-06 1.93349e-07 1.95591e-08 1.0807e-09 0 
0 2.10972e-05 0.000200811 0.000846797 0.00217569 0.00402922 0.00613881 0.00834257 0.0105297 0.0125887 0.0144073 0.0158854 0.0169463 0.0175429 0.0176611 0.0173186 0.0165618 0.0154604 0.0140994 0.0125731 0.0109775 0.00941058 0.00801595 0.00728353 0.00916075 0.018407 0.0391526 0.0716997 0.0784807 0.0557211 0.0249226 0.00838696 0.00200952 0.000386381 6.49939e-05 1.004e-05 1.45245e-06 1.8499e-07 1.82604e-08 9.90028e-10 0 
0 9.83198e-06 9.69658e-05 0.0004433 0.001269 0.00258387 0.00418396 0.00587535 0.00754047 0.00909414 0.0104586 0.0115644 0.0123572 0.0128034 0.0128935 0.0126412 0.0120813 0.0112659 0.0102597 0.00913506 0.0079696 0.00685323 0.00596204 0.00604088 0.0103302 0.027142 0.0716997 0.0876554 0.0896433 0.0832051 0.0467175 0.0135136 0.00306036 0.000517223 7.32541e-05 9.66903e-06 1.27392e-06 1.55977e-07 1.51204e-08 8.10047e-10 0 
0 4.17031e-06 4.18837e-05 0.000202956 0.000640121 0.00145198 0.00256772 0.00382166 0.00507542 0.00624067 0.00725627 0.00807442 0.0086591 0.00898849 0.00905695 0.00887516 0.00846882 0.00787617 0.00714539 0.00633319 0.00550686 0.00475608 0.00426093 0.00479181 0.00994174 0.030598 0.0784807 0.0896433 0.0911163 0.0858084 0.0559532 0.0148984 0.003313 0.000529574 6.75532e-05 7.89878e-06 9.6033e-07 1.14138e-07 1.09723e-08 5.85914e-10 0 
0 1.60913e-06 1.6202e-05 8.11657e-05 0.000274979 0.000688908 0.00134925 0.00218361 0.00307666 0.0039308 0.00468061 0.00528406 0.00571452 0.00595759 0.00601049 0.00588168 0.00559007 0.00516396 0.00464073 0.00406847 0.00351092 0.0030551 0.00283774 0.0033684 0.00724927 0.0211592 0.0557211 0.0832051 0.0858084 0.0761726 0.0344663 0.0110338 0.00244784 0.000385345 4.70105e-05 5.18514e-06 6.07662e-07 7.17177e-08 6.9269e-09 3.72287e-10 0 
0 5.65138e-07 5.63348e-06 2.85374e-05 0.000100764 0.000271367 0.000582418 0.00103377 0.00157603 0.00213796 0.00265545 0.00308285 0.00339211 0.00356897 0.00361017 0.00352182 0.00331847 0.0030229 0.00266688 0.00229314 0.00195772 0.00172858 0.00168088 0.00202022 0.00392891 0.0107097 0.0249226 0.0467175 0.0559532 0.0344663 0.016579 0.00546845 0.00122418 0.000194491 2.3783e-05 2.654e-06 3.18627e-07 3.8509e-08 3.7919e-09 2.07123e-10 0 
0 1.80804e-07 1.76825e-06 8.90773e-06 3.19313e-05 8.94896e-05 0.000204415 0.00039134 0.000644311 0.000935933 0.00122811 0.00148456 0.001678 0.00179215 0.00182099 0.00176756 0.00164287 0.00146525 0.0012599 0.00105827 0.000896424 0.000811057 0.000833109 0.00101499 0.00167356 0.0038336 0.00838696 0.0135136 0.0148984 0.0110338 0.00546845 0.00182299 0.00041723 6.82768e-05 8.77667e-06 1.06651e-06 1.39171e-07 1.77022e-08 1.7998e-09 1.0079e-10 0 
0 5.27027e-08 5.02708e-07 2.49068e-06 8.89703e-06 2.52655e-05 5.95181e-05 0.000119258 0.000207283 0.000318238 0.000439045 0.000552757 0.000643306 0.000699007 0.000714223 0.000689641 0.000631687 0.000551431 0.000463117 0.00038241 0.000324632 0.000303166 0.000327903 0.000409013 0.000596584 0.00106881 0.00200952 0.00306036 0.003313 0.00244784 0.00122418 0.00041723 9.89335e-05 1.71841e-05 2.47329e-06 3.50846e-07 5.1623e-08 7.00916e-09 7.42037e-10 4.2902e-11 0 
0 1.39762e-08 1.29577e-07 6.27276e-07 2.20754e-06 6.24201e-06 1.48146e-05 3.02431e-05 5.40201e-05 8.56314e-05 0.000122007 0.000158053 0.000188032 0.000207143 0.000212715 0.000204724 0.000185652 0.000159837 0.000132536 0.000108994 9.37761e-05 9.04595e-05 0.000101432 0.000127994 0.000174089 0.000255378 0.000386381 0.000517223 0.000529574 0.000385345 0.000194491 6.82768e-05 1.71841e-05 3.35468e-06 5.81688e-07 9.98718e-08 1.6584e-08 2.40457e-09 2.66203e-10 1.5971e-11 0 
0 3.35651e-09 3.01971e-08 1.42347e-07 4.90481e-07 1.36734e-06 3.2243e-06 6.58986e-06 1.18621e-05 1.90375e-05 2.75226e-05 3.61671e-05 4.35421e-05 4.83558e-05 4.98342e-05 4.79293e-05 4.3302e-05 3.71159e-05 3.07396e-05 2.54707e-05 2.23671e-05 2.21894e-05 2.5348e-05 3.17576e-05 4.08778e-05 5.22975e-05 6.49939e-05 7.32541e-05 6.75532e-05 4.70105e-05 2.3783e-05 8.77667e-06 2.47329e-06 5.81688e-07 1.25361e-07 2.54357e-08 4.65231e-09 7.16133e-10 8.30523e-11 5.18794e-12 0 
0 7.22642e-10 6.30622e-09 2.89077e-08 9.72412e-08 2.65946e-07 6.18572e-07 1.25378e-06 2.24918e-06 3.61156e-06 5.23778e-06 6.91353e-06 8.36073e-06 9.31877e-06 9.62612e-06 9.26913e-06 8.38159e-06 7.20091e-06 6.00367e-06 5.04724e-06 4.53435e-06 4.59814e-06 5.28379e-06 6.50229e-06 7.9837e-06 9.3157e-06 1.004e-05 9.66903e-06 7.89878e-06 5.18514e-06 2.654e-06 1.06651e-06 3.50846e-07 9.98718e-08 2.54357e-08 5.77058e-09 1.13408e-09 1.84328e-10 2.24054e-11 1.45994e-12 0 
0 1.36625e-10 1.15702e-09 5.15726e-09 1.69204e-08 4.53048e-08 1.03593e-07 2.07288e-07 3.68548e-07 5.88512e-07 8.51083e-07 1.12236e-06 1.35779e-06 1.51503e-06 1.5675e-06 1.51274e-06 1.37271e-06 1.18662e-06 1.00023e-06 8.55887e-07 7.86196e-07 8.10304e-07 9.29531e-07 1.11945e-06 1.32301e-06 1.45886e-06 1.45245e-06 1.27392e-06 9.6033e-07 6.07662e-07 3.18627e-07 1.39171e-07 5.1623e-08 1.6584e-08 4.65231e-09 1.13408e-09 2.36111e-10 4.03801e-11 5.14251e-12 3.49761e-13 0 
0 2.17253e-11 1.78721e-10 7.75185e-10 2.48113e-09 6.50103e-09 1.45966e-08 2.87801e-08 5.05901e-08 8.01142e-08 1.15202e-07 1.51396e-07 1.82848e-07 2.03991e-07 2.11316e-07 2.04503e-07 1.86487e-07 1.62531e-07 1.38803e-07 1.21013e-07 1.13441e-07 1.18269e-07 1.34858e-07 1.58861e-07 1.81894e-07 1.93349e-07 1.8499e-07 1.55977e-07 1.14138e-07 7.17177e-08 3.8509e-08 1.77022e-08 7.00916e-09 2.40457e-09 7.16133e-10 1.84328e-10 4.03801e-11 7.24691e-12 9.65834e-13 6.85432e-14 0 
0 2.62215e-12 2.09821e-11 8.8665e-11 2.77099e-10 7.10837e-10 1.56719e-09 3.04343e-09 5.28483e-09 8.2906e-09 1.18401e-08 1.54888e-08 1.86586e-08 2.08012e-08 2.15717e-08 2.09412e-08 1.92049e-08 1.68936e-08 1.46312e-08 1.2994e-08 1.24005e-08 1.30271e-08 1.47307e-08 1.69862e-08 1.89214e-08 1.95591e-08 1.82604e-08 1.51204e-08 1.09723e-08 6.9269e-09 3.7919e-09 1.7998e-09 7.42037e-10 2.66203e-10 8.30523e-11 2.24054e-11 5.14251e-12 9.65834e-13 1.34467e-13 9.94673e-15 0 
0 1.716e-13 1.33769e-12 5.51521e-12 1.68511e-11 4.23627e-11 9.17679e-11 1.75576e-10 3.01184e-10 4.67958e-10 6.6351e-10 8.63678e-10 1.03742e-09 1.15548e-09 1.19958e-09 1.16839e-09 1.0781e-09 9.57726e-10 8.41431e-10 7.60567e-10 7.36985e-10 7.77754e-10 8.7101e-10 9.84403e-10 1.07022e-09 1.0807e-09 9.90028e-10 8.10047e-10 5.85914e-10 3.72287e-10 2.07123e-10 1.0079e-10 4.2902e-11 1.5971e-11 5.18794e-12 1.45994e-12 3.49761e-13 6.85432e-14 9.94673e-15 7.65727e-16 0 
0 0 0 0 0 0 0 0 0 0 0 0 0 0 0 0 0 0 0 0 0 0 0 0 0 0 0 0 0 0 0 0 0 0 0 0 0 0 0 0 0 
