0 0 0 0 0 0 0 0 0 0 0 0 0 0 0 0 0 0 0 0 0 0 0 0 0 0 0 0 0 0 0 0 0 0 0 0 0 0 0 0 0 
0 3.45301e-07 3.08664e-06 1.36914e-05 4.18236e-05 9.80281e-05 0.000187393 0.000305785 0.000441594 0.000580278 0.000708162 0.000814353 0.000891283 0.000934621 0.000942961 0.000917474 0.000861536 0.000780343 0.000680504 0.000569594 0.000455624 0.000346377 0.000248609 0.000167217 0.000104576 6.03457e-05 3.19134e-05 1.53862e-05 6.74026e-06 2.67912e-06 9.66211e-07 3.16363e-07 9.40684e-08 2.53689e-08 6.17877e-09 1.34583e-09 2.56888e-10 4.11686e-11 5.0005e-12 3.28938e-13 0 
0 3.08664e-06 2.82553e-05 0.000124051 0.000359701 0.000773491 0.00133597 0.00197605 0.00262436 0.00322971 0.00375625 0.00417813 0.00447727 0.0046432 0.00467336 0.0045729 0.00435379 0.00403332 0.00363222 0.00317304 0.0026789 0.00217325 0.00168023 0.00122475 0.000830868 0.000517354 0.000291846 0.000147659 6.66328e-05 2.67968e-05 9.63044e-06 3.10651e-06 9.02969e-07 2.36931e-07 5.60074e-08 1.18296e-08 2.19e-09 3.40696e-10 4.02237e-11 2.57588e-12 0 
0 1.36914e-05 0.000124051 0.000509948 0.00131663 0.00248277 0.00383444 0.0052398 0.0066179 0.00790259 0.00902988 0.00994175 0.0105928 0.0109549 0.0110197 0.010798 0.0103175 0.00961909 0.00875231 0.00776976 0.0067222 0.0056543 0.00460235 0.00359543 0.00266087 0.00183138 0.00114615 0.00063773 0.000310216 0.00013103 4.82103e-05 1.55948e-05 4.48033e-06 1.15161e-06 2.65367e-07 5.45162e-08 9.81116e-09 1.48451e-09 1.70656e-10 1.06566e-11 0 
0 4.18236e-05 0.000359701 0.00131663 0.0029601 0.00501767 0.00729021 0.00966982 0.0120451 0.0142876 0.0162692 0.0178779 0.0190284 0.0196688 0.019783 0.0193899 0.0185393 0.0173049 0.0157763 0.0140502 0.0122219 0.0103777 0.00858828 0.00690433 0.00535508 0.00395498 0.0027209 0.00169083 0.000917622 0.000424028 0.000165554 5.51199e-05 1.59196e-05 4.05114e-06 9.16199e-07 1.8393e-07 3.22918e-08 4.76569e-09 5.34746e-10 3.26324e-11 0 
0 9.80281e-05 0.000773491 0.00248277 0.00501767 0.0080597 0.0114674 0.0150907 0.0187327 0.0221804 0.0252304 0.0277076 0.0294797 0.0304659 0.0306416 0.0300358 0.0287252 0.0268237 0.02447 0.0218138 0.0190036 0.0161752 0.0134434 0.0108955 0.00858728 0.0065407 0.00475016 0.00320657 0.0019348 0.000998134 0.000426659 0.000150492 4.46139e-05 1.1392e-05 2.55042e-06 5.03259e-07 8.65659e-08 1.25041e-08 1.3735e-09 8.21206e-11 0 
0 0.000187393 0.00133597 0.00383444 0.00729021 0.0114674 0.016209 0.0212744 0.0263731 0.0312023 0.0354753 0.0389463 0.0414296 0.0428122 0.0430584 0.0422089 0.0403718 0.0377072 0.0344095 0.0306887 0.0267532 0.0227943 0.0189743 0.0154195 0.0122156 0.00940636 0.0069924 0.00493955 0.00321261 0.00183095 0.000867133 0.000331333 0.000102908 2.67509e-05 5.98477e-06 1.16819e-06 1.97803e-07 2.80702e-08 3.02804e-09 1.77879e-10 0 
0 0.000305785 0.00197605 0.0052398 0.00966982 0.0150907 0.0212744 0.0278881 0.0345475 0.0408557 0.0464394 0.0509898 0.0542924 0.0561857 0.0565309 0.0553528 0.0528764 0.049362 0.0450468 0.0401858 0.0350457 0.0298758 0.0248891 0.0202515 0.0160779 0.0124321 0.0093279 0.00673066 0.00457164 0.00280112 0.00145567 0.000607521 0.000200653 5.37918e-05 1.21356e-05 2.35799e-06 3.94874e-07 5.52623e-08 5.87349e-09 3.39972e-10 0 
0 0.000441594 0.00262436 0.0066179 0.0120451 0.0187327 0.0263731 0.0345475 0.0427793 0.0505818 0.0575572 0.0636063 0.0685894 0.0716565 0.072233 0.0703238 0.0663891 0.0613586 0.055799 0.0497541 0.0433979 0.0370081 0.0308455 0.0251158 0.0199622 0.0154662 0.0116517 0.00848894 0.00589874 0.00378413 0.00211294 0.000957406 0.000338259 9.43544e-05 2.16247e-05 4.20565e-06 6.99527e-07 9.68912e-08 1.0178e-08 5.82121e-10 0 
0 0.000580278 0.00322971 0.00790259 0.0142876 0.0221804 0.0312023 0.0408557 0.0505818 0.0598984 0.0689386 0.0775309 0.0833089 0.0860572 0.0865499 0.0849917 0.0810312 0.0743411 0.0664504 0.0588778 0.0513151 0.043766 0.0364891 0.0297242 0.0236409 0.0183367 0.0138431 0.0101328 0.00712423 0.00469639 0.00275723 0.0013369 0.000503725 0.000146702 3.4315e-05 6.7075e-06 1.11206e-06 1.52929e-07 1.59233e-08 9.02266e-10 0 
0 0.000708162 0.00375625 0.00902988 0.0162692 0.0252304 0.0354753 0.0464394 0.0575572 0.0689386 0.0805472 0.0881343 0.0920793 0.0939639 0.0943293 0.0932885 0.0906471 0.0857312 0.0773392 0.0673815 0.0583677 0.0497502 0.0414849 0.0338034 0.0268968 0.0208763 0.0157792 0.0115789 0.00819188 0.00548588 0.00332863 0.00169836 0.00067609 0.000205165 4.90483e-05 9.65908e-06 1.60042e-06 2.19088e-07 2.2669e-08 1.27568e-09 0 
0 0.000814353 0.00417813 0.00994175 0.0178779 0.0277076 0.0389463 0.0509898 0.0636063 0.0775309 0.0881343 0.0937383 0.0968536 0.0984047 0.0987223 0.0978833 0.0957751 0.0920136 0.0856147 0.0752617 0.0643126 0.0546289 0.0455458 0.0371191 0.0295432 0.0229403 0.0173518 0.0127511 0.00905224 0.00611708 0.00378929 0.00200345 0.000832227 0.000261498 6.37867e-05 1.26633e-05 2.10033e-06 2.86805e-07 2.95545e-08 1.65536e-09 0 
0 0.000891283 0.00447727 0.0105928 0.0190284 0.0294797 0.0414296 0.0542924 0.0685894 0.0833089 0.0920793 0.0968536 0.0996107 0.101012 0.101309 0.100563 0.0986927 0.0954219 0.0900633 0.0810139 0.0689583 0.0581637 0.0484555 0.039494 0.0314389 0.0244188 0.0184783 0.0135901 0.00966624 0.00656511 0.0041171 0.00222686 0.000952642 0.000307171 7.61338e-05 1.52227e-05 2.52929e-06 3.45047e-07 3.54772e-08 1.98165e-09 0 
0 0.000934621 0.0046432 0.0109549 0.0196688 0.0304659 0.0428122 0.0561857 0.0716565 0.0860572 0.0939639 0.0984047 0.101012 0.10235 0.102638 0.101932 0.100164 0.0970972 0.0921565 0.0839194 0.0717602 0.0601782 0.0500815 0.0408203 0.032498 0.0252452 0.0191083 0.0140595 0.0100097 0.00681558 0.00430117 0.00235507 0.00102446 0.000335499 8.40091e-05 1.68829e-05 2.81032e-06 3.83452e-07 3.94019e-08 2.19881e-09 0 
0 0.000942961 0.00467336 0.0110197 0.019783 0.0306416 0.0430584 0.0565309 0.072233 0.0865499 0.0943293 0.0987223 0.101309 0.102638 0.102925 0.102226 0.100473 0.0974355 0.0925562 0.0844466 0.0722937 0.0605524 0.05038 0.0410644 0.0326939 0.0253989 0.0192264 0.0141484 0.010076 0.00686539 0.00433984 0.00238417 0.00104216 0.000342992 8.62124e-05 1.73688e-05 2.8958e-06 3.95554e-07 4.06816e-08 2.27206e-09 0 
0 0.000917474 0.0045729 0.010798 0.0193899 0.0300358 0.0422089 0.0553528 0.0703238 0.0849917 0.0932885 0.0978833 0.100563 0.101932 0.102226 0.101502 0.099686 0.0965256 0.0913984 0.0827852 0.0705693 0.0593222 0.0493975 0.0402655 0.0320578 0.0249045 0.0188515 0.0138713 0.00987578 0.00672299 0.00423962 0.00231819 0.00100714 0.0003298 8.27006e-05 1.66609e-05 2.78164e-06 3.80763e-07 3.92572e-08 2.19836e-09 0 
0 0.000861536 0.00435379 0.0103175 0.0185393 0.0287252 0.0403718 0.0528764 0.0663891 0.0810312 0.0906471 0.0957751 0.0986927 0.100164 0.100473 0.099686 0.0977114 0.0942312 0.0884431 0.0787136 0.066982 0.0566993 0.0472622 0.0385261 0.030672 0.0238263 0.0180327 0.0132646 0.00943584 0.00640741 0.00401453 0.00216817 0.000926953 0.000299432 7.45359e-05 1.49903e-05 2.50703e-06 3.44382e-07 3.56634e-08 2.00687e-09 0 
0 0.000780343 0.00403332 0.00961909 0.0173049 0.0268237 0.0377072 0.049362 0.0613586 0.0743411 0.0857312 0.0920136 0.0954219 0.0970972 0.0974355 0.0965256 0.0942312 0.0900872 0.0829203 0.0723747 0.0622114 0.0529517 0.0441623 0.035999 0.0286586 0.0222599 0.0168433 0.012383 0.00879561 0.0059466 0.00368568 0.00195182 0.000814423 0.000257948 6.35683e-05 1.27618e-05 2.14116e-06 2.95833e-07 3.0854e-08 1.7497e-09 0 
0 0.000680504 0.00363222 0.00875231 0.0157763 0.02447 0.0344095 0.0450468 0.055799 0.0664504 0.0773392 0.0856147 0.0900633 0.0921565 0.0925562 0.0913984 0.0884431 0.0829203 0.07433 0.0652131 0.056681 0.0483431 0.0403246 0.0328703 0.0261666 0.0203219 0.0153727 0.0112935 0.00800378 0.00537601 0.00328166 0.00169397 0.000686549 0.000212837 5.19797e-05 1.04436e-05 1.76367e-06 2.45984e-07 2.59329e-08 1.48735e-09 0 
0 0.000569594 0.00317304 0.00776976 0.0140502 0.0218138 0.0306887 0.0401858 0.0497541 0.0588778 0.0673815 0.0752617 0.0810139 0.0839194 0.0844466 0.0827852 0.0787136 0.0723747 0.0652131 0.0579815 0.0505718 0.0431508 0.0359948 0.0293414 0.0233576 0.0181394 0.0137186 0.0100696 0.00711531 0.004739 0.00284109 0.00142735 0.000563101 0.000171781 4.18405e-05 8.46416e-06 1.44653e-06 2.04619e-07 2.18926e-08 1.27405e-09 0 
0 0.000455624 0.0026789 0.0067222 0.0122219 0.0190036 0.0267532 0.0350457 0.0433979 0.0513151 0.0583677 0.0643126 0.0689583 0.0717602 0.0722937 0.0705693 0.066982 0.0622114 0.056681 0.0505718 0.0441338 0.0376604 0.031417 0.0256124 0.020392 0.015839 0.0119795 0.00878779 0.00619182 0.00409168 0.00241755 0.00119296 0.000464681 0.000141577 3.47999e-05 7.14594e-06 1.24218e-06 1.78709e-07 1.94249e-08 1.14663e-09 0 
0 0.000346377 0.00217325 0.0056543 0.0103777 0.0161752 0.0227943 0.0298758 0.0370081 0.043766 0.0497502 0.0546289 0.0581637 0.0601782 0.0605524 0.0593222 0.0566993 0.0529517 0.0483431 0.0431508 0.0376604 0.0321391 0.0268153 0.021867 0.0174183 0.0135401 0.0102536 0.00753348 0.00531492 0.00351617 0.00208389 0.0010369 0.000410024 0.000127389 3.19462e-05 6.67822e-06 1.17817e-06 1.71498e-07 1.88089e-08 1.11754e-09 0 
0 0.000248609 0.00168023 0.00460235 0.00858828 0.0134434 0.0189743 0.0248891 0.0308455 0.0364891 0.0414849 0.0455458 0.0484555 0.0500815 0.05038 0.0493975 0.0472622 0.0441623 0.0403246 0.0359948 0.031417 0.0268153 0.0223807 0.0182629 0.0145695 0.0113695 0.00868806 0.00648702 0.004674 0.00316563 0.0019331 0.00100073 0.00041235 0.000132167 3.37328e-05 7.10166e-06 1.25358e-06 1.819e-07 1.98444e-08 1.17136e-09 0 
0 0.000167217 0.00122475 0.00359543 0.00690433 0.0108955 0.0154195 0.0202515 0.0251158 0.0297242 0.0338034 0.0371191 0.039494 0.0408203 0.0410644 0.0402655 0.0385261 0.035999 0.0328703 0.0293414 0.0256124 0.021867 0.0182629 0.0149309 0.0119941 0.00959326 0.00781106 0.00646317 0.00512673 0.00362091 0.00220413 0.0011428 0.000480877 0.000156489 3.98421e-05 8.2702e-06 1.4329e-06 2.03897e-07 2.18255e-08 1.26541e-09 0 
0 0.000104576 0.000830868 0.00266087 0.00535508 0.00858728 0.0122156 0.0160779 0.0199622 0.0236409 0.0268968 0.0295432 0.0314389 0.032498 0.0326939 0.0320578 0.030672 0.0286586 0.0261666 0.0233576 0.020392 0.0174183 0.0145695 0.0119941 0.00997918 0.00908493 0.00972004 0.0109353 0.010517 0.00767195 0.00416934 0.00179782 0.000663094 0.000202538 4.92627e-05 9.8127e-06 1.64131e-06 2.26626e-07 2.36272e-08 1.33827e-09 0 
0 6.03457e-05 0.000517354 0.00183138 0.00395498 0.0065407 0.00940636 0.0124321 0.0154662 0.0183367 0.0208763 0.0229403 0.0244188 0.0252452 0.0253989 0.0249045 0.0238263 0.0222599 0.0203219 0.0181394 0.015839 0.0135401 0.0113695 0.00959326 0.00908493 0.011856 0.0194538 0.0305177 0.0364469 0.0223893 0.0113151 0.00405778 0.00114622 0.000284856 6.10276e-05 1.11915e-05 1.77663e-06 2.36806e-07 2.40205e-08 1.32949e-09 0 
0 3.19134e-05 0.000291846 0.00114615 0.0027209 0.00475016 0.0069924 0.0093279 0.0116517 0.0138431 0.0157792 0.0173518 0.0184783 0.0191083 0.0192264 0.0188515 0.0180327 0.0168433 0.0153727 0.0137186 0.0119795 0.0102536 0.00868806 0.00781106 0.00972004 0.0194538 0.0440204 0.0768792 0.0801235 0.0640334 0.0263567 0.00885982 0.00212983 0.000418854 7.37245e-05 1.18411e-05 1.74753e-06 2.24278e-07 2.22066e-08 1.20609e-09 0 
0 1.53862e-05 0.000147659 0.00063773 0.00169083 0.00320657 0.00493955 0.00673066 0.00848894 0.0101328 0.0115789 0.0127511 0.0135901 0.0140595 0.0141484 0.0138713 0.0132646 0.012383 0.0112935 0.0100696 0.00878779 0.00753348 0.00648702 0.00646317 0.0109353 0.0305177 0.0768792 0.0869072 0.0881573 0.082958 0.0542578 0.0142722 0.00323554 0.000553456 8.13933e-05 1.12264e-05 1.51925e-06 1.87908e-07 1.82785e-08 9.80894e-10 0 
0 6.74026e-06 6.66328e-05 0.000310216 0.000917622 0.0019348 0.00321261 0.00457164 0.00589874 0.00712423 0.00819188 0.00905224 0.00966624 0.0100097 0.010076 0.00987578 0.00943584 0.00879561 0.00800378 0.00711531 0.00619182 0.00531492 0.004674 0.00512673 0.010517 0.0364469 0.0801235 0.0881573 0.0892383 0.0851183 0.0642288 0.0157855 0.003501 0.00056433 7.42465e-05 9.07149e-06 1.13816e-06 1.36952e-07 1.32147e-08 7.06771e-10 0 
0 2.67912e-06 2.67968e-05 0.00013103 0.000424028 0.000998134 0.00183095 0.00280112 0.00378413 0.00469639 0.00548588 0.00611708 0.00656511 0.00681558 0.00686539 0.00672299 0.00640741 0.0059466 0.00537601 0.004739 0.00409168 0.00351617 0.00316563 0.00362091 0.00767195 0.0223893 0.0640334 0.082958 0.0851183 0.078888 0.0392618 0.0116522 0.00258719 0.000410751 5.15354e-05 5.92894e-06 7.18e-07 8.58554e-08 8.32307e-09 4.47958e-10 0 
0 9.66211e-07 9.63044e-06 4.82103e-05 0.000165554 0.000426659 0.000867133 0.00145567 0.00211294 0.00275723 0.00332863 0.00378929 0.0041171 0.00430117 0.00433984 0.00423962 0.00401453 0.00368568 0.00328166 0.00284109 0.00241755 0.00208389 0.0019331 0.00220413 0.00416934 0.0113151 0.0263567 0.0542578 0.0642288 0.0392618 0.0175074 0.0057757 0.00129539 0.000208139 2.61829e-05 3.04224e-06 3.76623e-07 4.60576e-08 4.54965e-09 2.48809e-10 0 
0 3.16363e-07 3.10651e-06 1.55948e-05 5.51199e-05 0.000150492 0.000331333 0.000607521 0.000957406 0.0013369 0.00169836 0.00200345 0.00222686 0.00235507 0.00238417 0.00231819 0.00216817 0.00195182 0.00169397 0.00142735 0.00119296 0.0010369 0.00100073 0.0011428 0.00179782 0.00405778 0.00885982 0.0142722 0.0157855 0.0116522 0.0057757 0.00192713 0.000443356 7.3719e-05 9.76841e-06 1.23291e-06 1.6499e-07 2.11717e-08 2.1576e-09 1.20941e-10 0 
0 9.40684e-08 9.02969e-07 4.48033e-06 1.59196e-05 4.46139e-05 0.000102908 0.000200653 0.000338259 0.000503725 0.00067609 0.000832227 0.000952642 0.00102446 0.00104216 0.00100714 0.000926953 0.000814423 0.000686549 0.000563101 0.000464681 0.000410024 0.00041235 0.000480877 0.000663094 0.00114622 0.00212983 0.00323554 0.003501 0.00258719 0.00129539 0.000443356 0.000106273 1.88523e-05 2.80219e-06 4.10449e-07 6.14327e-08 8.38564e-09 8.89088e-10 5.14407e-11 0 
0 2.53689e-08 2.36931e-07 1.15161e-06 4.05114e-06 1.1392e-05 2.67509e-05 5.37918e-05 9.43544e-05 0.000146702 0.000205165 0.000261498 0.000307171 0.000335499 0.000342992 0.0003298 0.000299432 0.000257948 0.000212837 0.000171781 0.000141577 0.000127389 0.000132167 0.000156489 0.000202538 0.000284856 0.000418854 0.000553456 0.00056433 0.000410751 0.000208139 7.3719e-05 1.88523e-05 3.77287e-06 6.7365e-07 1.18147e-07 1.97946e-08 2.87762e-09 3.18852e-10 1.914e-11 0 
0 6.17877e-09 5.60074e-08 2.65367e-07 9.16199e-07 2.55042e-06 5.98477e-06 1.21356e-05 2.16247e-05 3.4315e-05 4.90483e-05 6.37867e-05 7.61338e-05 8.40091e-05 8.62124e-05 8.27006e-05 7.45359e-05 6.35683e-05 5.19797e-05 4.18405e-05 3.47999e-05 3.19462e-05 3.37328e-05 3.98421e-05 4.92627e-05 6.10276e-05 7.37245e-05 8.13933e-05 7.42465e-05 5.15354e-05 2.61829e-05 9.76841e-06 2.80219e-06 6.7365e-07 1.47887e-07 3.03031e-08 5.5622e-09 8.57152e-10 9.94583e-11 6.21525e-12 0 
0 1.34583e-09 1.18296e-08 5.45162e-08 1.8393e-07 5.03259e-07 1.16819e-06 2.35799e-06 4.20565e-06 6.7075e-06 9.65908e-06 1.26633e-05 1.52227e-05 1.68829e-05 1.73688e-05 1.66609e-05 1.49903e-05 1.27618e-05 1.04436e-05 8.46416e-06 7.14594e-06 6.67822e-06 7.10166e-06 8.2702e-06 9.8127e-06 1.11915e-05 1.18411e-05 1.12264e-05 9.07149e-06 5.92894e-06 3.04224e-06 1.23291e-06 4.10449e-07 1.18147e-07 3.03031e-08 6.8964e-09 1.35686e-09 2.20643e-10 2.68283e-11 1.74866e-12 0 
0 2.56888e-10 2.19e-09 9.81116e-09 3.22918e-08 8.65659e-08 1.97803e-07 3.94874e-07 6.99527e-07 1.11206e-06 1.60042e-06 2.10033e-06 2.52929e-06 2.81032e-06 2.8958e-06 2.78164e-06 2.50703e-06 2.14116e-06 1.76367e-06 1.44653e-06 1.24218e-06 1.17817e-06 1.25358e-06 1.4329e-06 1.64131e-06 1.77663e-06 1.74753e-06 1.51925e-06 1.13816e-06 7.18e-07 3.76623e-07 1.6499e-07 6.14327e-08 1.97946e-08 5.5622e-09 1.35686e-09 2.82586e-10 4.83392e-11 6.15743e-12 4.18884e-13 0 
0 4.11686e-11 3.40696e-10 1.48451e-09 4.76569e-09 1.25041e-08 2.80702e-08 5.52623e-08 9.68912e-08 1.52929e-07 2.19088e-07 2.86805e-07 3.45047e-07 3.83452e-07 3.95554e-07 3.80763e-07 3.44382e-07 2.95833e-07 2.45984e-07 2.04619e-07 1.78709e-07 1.71498e-07 1.819e-07 2.03897e-07 2.26626e-07 2.36806e-07 2.24278e-07 1.87908e-07 1.36952e-07 8.58554e-08 4.60576e-08 2.11717e-08 8.38564e-09 2.87762e-09 8.57152e-10 2.20643e-10 4.83392e-11 8.67617e-12 1.15647e-12 8.20856e-14 0 
0 5.0005e-12 4.02237e-11 1.70656e-10 5.34746e-10 1.3735e-09 3.02804e-09 5.87349e-09 1.0178e-08 1.59233e-08 2.2669e-08 2.95545e-08 3.54772e-08 3.94019e-08 4.06816e-08 3.92572e-08 3.56634e-08 3.0854e-08 2.59329e-08 2.18926e-08 1.94249e-08 1.88089e-08 1.98444e-08 2.18255e-08 2.36272e-08 2.40205e-08 2.22066e-08 1.82785e-08 1.32147e-08 8.32307e-09 4.54965e-09 2.1576e-09 8.89088e-10 3.18852e-10 9.94583e-11 2.68283e-11 6.15743e-12 1.15647e-12 1.61019e-13 1.1912e-14 0 
0 3.28938e-13 2.57588e-12 1.06566e-11 3.26324e-11 8.21206e-11 1.77879e-10 3.39972e-10 5.82121e-10 9.02266e-10 1.27568e-09 1.65536e-09 1.98165e-09 2.19881e-09 2.27206e-09 2.19836e-09 2.00687e-09 1.7497e-09 1.48735e-09 1.27405e-09 1.14663e-09 1.11754e-09 1.17136e-09 1.26541e-09 1.33827e-09 1.32949e-09 1.20609e-09 9.80894e-10 7.06771e-10 4.47958e-10 2.48809e-10 1.20941e-10 5.14407e-11 1.914e-11 6.21525e-12 1.74866e-12 4.18884e-13 8.20856e-14 1.1912e-14 9.17066e-16 0 
0 0 0 0 0 0 0 0 0 0 0 0 0 0 0 0 0 0 0 0 0 0 0 0 0 0 0 0 0 0 0 0 0 0 0 0 0 0 0 0 0 
