0 0 0 0 0 0 0 0 0 0 0 0 0 0 0 0 0 0 0 0 0 0 0 0 0 0 0 0 0 0 0 0 0 0 0 0 0 0 0 0 0 
0 3.77533e-07 3.36751e-06 1.48751e-05 4.51638e-05 0.000105089 0.000199394 0.00032314 0.000463952 0.000606841 0.000737986 0.00084652 0.000924961 0.000969067 0.000977503 0.000951487 0.000894424 0.000811524 0.000709406 0.00059567 0.000478381 0.000365441 0.000263798 0.000178608 0.000112527 6.54537e-05 3.4904e-05 1.69691e-05 7.4938e-06 3.00101e-06 1.08962e-06 3.58888e-07 1.07257e-07 2.90505e-08 7.10091e-09 1.55128e-09 2.96824e-10 4.76629e-11 5.7986e-12 3.81933e-13 0 
0 3.36751e-06 3.07197e-05 0.000133936 0.00038452 0.000817804 0.00139845 0.00205224 0.00271011 0.00332232 0.00385401 0.00427978 0.00458159 0.00474892 0.00477918 0.0046776 0.00445629 0.00413271 0.0037278 0.00326414 0.00276477 0.00225278 0.00175177 0.00128624 0.000880352 0.000553799 0.000315903 0.00016166 7.37513e-05 2.99536e-05 1.08568e-05 3.52693e-06 1.03108e-06 2.71797e-07 6.44855e-08 1.366e-08 2.53467e-09 3.95027e-10 4.67044e-11 2.99424e-12 0 
0 1.48751e-05 0.000133936 0.000544303 0.00138562 0.00258054 0.00395115 0.00537099 0.0067629 0.00806123 0.00920111 0.0101234 0.010782 0.0111483 0.0112136 0.010989 0.0105025 0.00979584 0.00891907 0.00792572 0.00686741 0.00578949 0.00472844 0.00371265 0.00276765 0.00192379 0.00121909 0.000688089 0.000339703 0.000145476 5.41576e-05 1.7683e-05 5.11667e-06 1.32224e-06 3.05907e-07 6.3033e-08 1.13694e-08 1.72318e-09 1.98347e-10 1.23978e-11 0 
0 4.51638e-05 0.00038452 0.00138562 0.00306948 0.00515386 0.00745088 0.00985785 0.0122621 0.0145326 0.0165393 0.0181682 0.0193331 0.0199813 0.0200966 0.0196983 0.0188366 0.0175864 0.0160384 0.0142908 0.0124401 0.0105741 0.00876489 0.00706426 0.00550174 0.00409021 0.00284232 0.00179101 0.000988629 0.000465064 0.000184537 6.22424e-05 1.81494e-05 4.64987e-06 1.05657e-06 2.12809e-07 3.74487e-08 5.5359e-09 6.2191e-10 3.79846e-11 0 
0 0.000105089 0.000817804 0.00258054 0.00515386 0.00823118 0.0116809 0.0153507 0.0190399 0.0225322 0.0256214 0.0281302 0.0299246 0.0309231 0.0311005 0.0304866 0.0291589 0.0272328 0.0248489 0.0221588 0.0193128 0.0164488 0.0136832 0.0111051 0.00877167 0.00670592 0.00490125 0.00334336 0.00204873 0.00107762 0.000470021 0.0001687 5.06669e-05 1.30533e-05 2.93955e-06 5.8228e-07 1.00414e-07 1.45293e-08 1.59783e-09 9.56116e-11 0 
0 0.000199394 0.00139845 0.00395115 0.00745088 0.0116809 0.0164846 0.0216168 0.0267823 0.0316741 0.036002 0.0395173 0.0420321 0.0434323 0.0436812 0.0428198 0.0409585 0.0382595 0.0349194 0.0311509 0.0271652 0.0231557 0.0192873 0.015688 0.0124452 0.00960407 0.00716669 0.00509765 0.00335485 0.00194624 0.000942078 0.000367748 0.00011618 3.05575e-05 6.88781e-06 1.35076e-06 2.29389e-07 3.26136e-08 3.52244e-09 2.07091e-10 0 
0 0.00032314 0.00205224 0.00537099 0.00985785 0.0153507 0.0216168 0.0283179 0.0350643 0.0414541 0.0471103 0.0517288 0.0551153 0.0570972 0.0574637 0.0562188 0.0536528 0.0500701 0.045695 0.0407715 0.0355658 0.03033 0.0252797 0.0205832 0.0163571 0.0126668 0.00952755 0.00690569 0.00473002 0.00294038 0.00156029 0.000666769 0.00022485 6.11855e-05 1.39352e-05 2.72326e-06 4.5762e-07 6.41789e-08 6.8302e-09 3.95686e-10 0 
0 0.000463952 0.00271011 0.0067629 0.0122621 0.0190399 0.0267823 0.0350643 0.0434032 0.051309 0.0584212 0.064836 0.0703166 0.0736318 0.0742493 0.0722152 0.0678985 0.0623955 0.0566082 0.0504642 0.0440254 0.0375543 0.0313133 0.0255106 0.0202916 0.0157392 0.0118787 0.00868146 0.00606864 0.00393713 0.00223936 0.00103935 0.000375982 0.000106788 2.47615e-05 4.84931e-06 8.09874e-07 1.12446e-07 1.18293e-08 6.77189e-10 0 
0 0.000606841 0.00332232 0.00806123 0.0145326 0.0225322 0.0316741 0.0414541 0.051309 0.0608144 0.0705118 0.0796057 0.0850978 0.0876006 0.0880558 0.086658 0.0830163 0.0763265 0.067717 0.059739 0.0520451 0.0443983 0.0370289 0.030178 0.0240174 0.0186461 0.0140967 0.010343 0.00730458 0.00485768 0.00289736 0.00143762 0.000555501 0.000165167 3.91708e-05 7.71975e-06 1.28593e-06 1.77324e-07 1.84934e-08 1.04896e-09 0 
0 0.000737986 0.00385401 0.00920111 0.0165393 0.0256214 0.036002 0.0471103 0.0584212 0.0705118 0.0825456 0.0894406 0.093019 0.0947462 0.095089 0.0941461 0.0917506 0.0873205 0.0793528 0.0686536 0.0592135 0.0504587 0.0420876 0.0343088 0.0273145 0.0212176 0.0160566 0.0118055 0.00838194 0.00565298 0.00347677 0.0018126 0.000740432 0.000229851 5.58171e-05 1.10956e-05 1.84829e-06 2.53792e-07 2.63069e-08 1.48203e-09 0 
0 0.00084652 0.00427978 0.0101234 0.0181682 0.0281302 0.0395173 0.0517288 0.064836 0.0796057 0.0894406 0.09453 0.0973922 0.0988295 0.0991305 0.0983635 0.0964307 0.0929982 0.0871939 0.0771208 0.0653871 0.0554072 0.046199 0.0376656 0.0299938 0.0233071 0.0176483 0.012991 0.00925046 0.0062885 0.00394193 0.00212645 0.00090639 0.000291728 7.23893e-05 1.45208e-05 2.42259e-06 3.3191e-07 3.42686e-08 1.92165e-09 0 
0 0.000924961 0.00458159 0.010782 0.0193331 0.0299246 0.0420321 0.0551153 0.0703166 0.0850978 0.093019 0.0973922 0.0999437 0.10125 0.101532 0.100847 0.0991229 0.0961166 0.0912248 0.0828597 0.0703779 0.0590161 0.0491446 0.0400691 0.0319123 0.0248034 0.018788 0.0138394 0.00987021 0.00673939 0.00427203 0.00235485 0.00103341 0.000341573 8.62084e-05 1.74289e-05 2.91403e-06 3.98934e-07 4.11011e-08 2.2986e-09 0 
0 0.000969067 0.00474892 0.0111483 0.0199813 0.0309231 0.0434323 0.0570972 0.0736318 0.0876006 0.0947462 0.0988295 0.10125 0.1025 0.102774 0.102125 0.100491 0.0976632 0.0931361 0.0855965 0.0733903 0.0610979 0.0507904 0.0414102 0.0329832 0.0256388 0.0194247 0.0143134 0.0102165 0.006991 0.00445677 0.00248515 0.00110863 0.000372286 9.49738e-05 1.93062e-05 3.23457e-06 4.42937e-07 4.56086e-08 2.54832e-09 0 
0 0.000977503 0.00477918 0.0112136 0.0200966 0.0311005 0.0436812 0.0574637 0.0742493 0.0880558 0.095089 0.0991305 0.101532 0.102774 0.103048 0.102405 0.100784 0.0979822 0.0935089 0.0860934 0.0739603 0.0614858 0.0510905 0.0416552 0.0331795 0.0257928 0.0195428 0.0144022 0.0102822 0.0070401 0.00449468 0.00251398 0.00112671 0.00038022 9.73717e-05 1.98437e-05 3.32994e-06 4.56497e-07 4.7045e-08 2.63058e-09 0 
0 0.000951487 0.0046776 0.010989 0.0196983 0.0304866 0.0428198 0.0562188 0.0722152 0.086658 0.0941461 0.0983635 0.100847 0.102125 0.102405 0.101739 0.100063 0.0971523 0.0924619 0.084555 0.0721162 0.0602035 0.0500917 0.0408436 0.0325332 0.0252901 0.0191614 0.01412 0.0100784 0.00689508 0.00439231 0.00244556 0.00108923 0.000365589 9.33646e-05 1.90209e-05 3.19565e-06 4.38946e-07 4.53423e-08 2.5418e-09 0 
0 0.000894424 0.00445629 0.0105025 0.0188366 0.0291589 0.0409585 0.0536528 0.0678985 0.0830163 0.0917506 0.0964307 0.0991229 0.100491 0.100784 0.100063 0.0982455 0.095055 0.0897852 0.0806344 0.0682317 0.0575042 0.0479254 0.0390795 0.0311272 0.0241958 0.0183301 0.0135039 0.00963173 0.00657501 0.00416352 0.00229076 0.00100392 0.000332139 8.4128e-05 1.70986e-05 2.87639e-06 3.96362e-07 4.1114e-08 2.31546e-09 0 
0 0.000811524 0.00413271 0.00979584 0.0175864 0.0272328 0.0382595 0.0500701 0.0623955 0.0763265 0.0873205 0.0929982 0.0961166 0.0976632 0.0979822 0.0971523 0.095055 0.0912818 0.0847447 0.0740227 0.063156 0.0536875 0.044783 0.0365175 0.0290853 0.0226066 0.0171229 0.0126089 0.00898205 0.00610779 0.00382899 0.00206695 0.00088379 0.000286334 7.17043e-05 1.45329e-05 2.45092e-06 3.3952e-07 3.54529e-08 2.0113e-09 0 
0 0.000709406 0.0037278 0.00891907 0.0160384 0.0248489 0.0349194 0.045695 0.0566082 0.067717 0.0793528 0.0871939 0.0912248 0.0931361 0.0935089 0.0924619 0.0897852 0.0847447 0.0761278 0.0662743 0.0574706 0.0490136 0.0408939 0.0333459 0.0265582 0.0206404 0.0156301 0.0115026 0.00817818 0.00552852 0.00341649 0.00179844 0.000746253 0.000236201 5.85082e-05 1.18511e-05 2.0097e-06 2.80814e-07 2.96205e-08 1.69849e-09 0 
0 0.00059567 0.00326414 0.00792572 0.0142908 0.0221588 0.0311509 0.0407715 0.0504642 0.059739 0.0686536 0.0771208 0.0828597 0.0855965 0.0860934 0.084555 0.0806344 0.0740227 0.0662743 0.0587917 0.051269 0.0437528 0.0365062 0.0297686 0.0237091 0.0184254 0.0139502 0.0102588 0.00727476 0.00487949 0.00296329 0.0015177 0.00061186 0.000190056 4.68376e-05 9.53507e-06 1.63417e-06 2.31352e-07 2.47457e-08 1.4388e-09 0 
0 0.000478381 0.00276477 0.00686741 0.0124401 0.0193128 0.0271652 0.0355658 0.0440254 0.0520451 0.0592135 0.0653871 0.0703779 0.0733903 0.0739603 0.0721162 0.0682317 0.063156 0.0574706 0.051269 0.0447471 0.0381906 0.031867 0.0259878 0.0207004 0.0160894 0.0121821 0.00895362 0.00633219 0.00421475 0.00252159 0.00126627 0.000502442 0.000155331 3.85231e-05 7.94505e-06 1.38318e-06 1.98984e-07 2.16101e-08 1.27402e-09 0 
0 0.000365441 0.00225278 0.00578949 0.0105741 0.0164488 0.0231557 0.03033 0.0375543 0.0443983 0.0504587 0.0554072 0.0590161 0.0610979 0.0614858 0.0602035 0.0575042 0.0536875 0.0490136 0.0437528 0.0381906 0.032597 0.0272032 0.0221895 0.0176819 0.0137527 0.0104242 0.00767165 0.00542999 0.00361444 0.00216437 0.00109222 0.000438222 0.000137684 3.47586e-05 7.28851e-06 1.28701e-06 1.87303e-07 2.05271e-08 1.21849e-09 0 
0 0.000263798 0.00175177 0.00472844 0.00876489 0.0136832 0.0192873 0.0252797 0.0313133 0.0370289 0.0420876 0.046199 0.0491446 0.0507904 0.0510905 0.0500917 0.0479254 0.044783 0.0408939 0.0365062 0.031867 0.0272032 0.022708 0.0185332 0.0147881 0.011543 0.00882412 0.00659368 0.00475875 0.00323457 0.00198869 0.00104018 0.000433572 0.000140283 3.60163e-05 7.60512e-06 1.34408e-06 1.95093e-07 2.12812e-08 1.25583e-09 0 
0 0.000178608 0.00128624 0.00371265 0.00706426 0.0111051 0.015688 0.0205832 0.0255106 0.030178 0.0343088 0.0376656 0.0400691 0.0414102 0.0416552 0.0408436 0.0390795 0.0365175 0.0333459 0.0297686 0.0259878 0.0221895 0.0185332 0.0151514 0.0121692 0.00972955 0.00791779 0.00654865 0.00519462 0.00367239 0.00224251 0.00117092 0.000497767 0.000163551 4.19143e-05 8.73202e-06 1.51563e-06 2.15851e-07 2.31146e-08 1.34044e-09 0 
0 0.000112527 0.000880352 0.00276765 0.00550174 0.00877167 0.0124452 0.0163571 0.0202916 0.0240174 0.0273145 0.0299938 0.0319123 0.0329832 0.0331795 0.0325332 0.0311272 0.0290853 0.0265582 0.0237091 0.0207004 0.0176819 0.0147881 0.0121692 0.0101164 0.00919923 0.00983312 0.0110576 0.0106333 0.0077574 0.00421801 0.00182343 0.000677667 0.000209197 5.13099e-05 1.02696e-05 1.72179e-06 2.38014e-07 2.48306e-08 1.40706e-09 0 
0 6.54537e-05 0.000553799 0.00192379 0.00409021 0.00670592 0.00960407 0.0126668 0.0157392 0.0186461 0.0212176 0.0233071 0.0248034 0.0256388 0.0257928 0.0252901 0.0241958 0.0226066 0.0206404 0.0184254 0.0160894 0.0137527 0.011543 0.00972955 0.00919923 0.0119902 0.0196654 0.0316473 0.038053 0.0226778 0.0114374 0.00410313 0.00116224 0.000291413 6.30843e-05 1.16466e-05 1.85481e-06 2.47577e-07 2.51315e-08 1.39165e-09 0 
0 3.4904e-05 0.000315903 0.00121909 0.00284232 0.00490125 0.00716669 0.00952755 0.0118787 0.0140967 0.0160566 0.0176483 0.018788 0.0194247 0.0195428 0.0191614 0.0183301 0.0171229 0.0156301 0.0139502 0.0121821 0.0104242 0.00882412 0.00791779 0.00983312 0.0196654 0.0456171 0.0773217 0.0800438 0.0658561 0.0266835 0.00895542 0.00215423 0.000425771 7.57226e-05 1.22696e-05 1.81895e-06 2.33861e-07 2.31733e-08 1.25919e-09 0 
0 1.69691e-05 0.00016166 0.000688089 0.00179101 0.00334336 0.00509765 0.00690569 0.00868146 0.010343 0.0118055 0.012991 0.0138394 0.0143134 0.0144022 0.01412 0.0135039 0.0126089 0.0115026 0.0102588 0.00895362 0.00767165 0.00659368 0.00654865 0.0110576 0.0316473 0.0773217 0.0865066 0.08762 0.0827218 0.0560294 0.0144266 0.00327097 0.000560986 8.32137e-05 1.15919e-05 1.57802e-06 1.95621e-07 1.90446e-08 1.02245e-09 0 
0 7.4938e-06 7.37513e-05 0.000339703 0.000988629 0.00204873 0.00335485 0.00473002 0.00606864 0.00730458 0.00838194 0.00925046 0.00987021 0.0102165 0.0102822 0.0100784 0.00963173 0.00898205 0.00817818 0.00727476 0.00633219 0.00542999 0.00475875 0.00519462 0.0106333 0.038053 0.0800438 0.08762 0.0886417 0.0847813 0.0659657 0.0160125 0.00353902 0.000571495 7.57238e-05 9.34432e-06 1.18051e-06 1.42432e-07 1.37553e-08 7.35978e-10 0 
0 3.00101e-06 2.99536e-05 0.000145476 0.000465064 0.00107762 0.00194624 0.00294038 0.00393713 0.00485768 0.00565298 0.0062885 0.00673939 0.006991 0.0070401 0.00689508 0.00657501 0.00610779 0.00552852 0.00487949 0.00421475 0.00361444 0.00323457 0.00367239 0.0077574 0.0226778 0.0658561 0.0827218 0.0847813 0.0788781 0.0406248 0.0117772 0.00261538 0.000416003 5.25325e-05 6.10144e-06 7.44195e-07 8.924e-08 8.65843e-09 4.66169e-10 0 
0 1.08962e-06 1.08568e-05 5.41576e-05 0.000184537 0.000470021 0.000942078 0.00156029 0.00223936 0.00289736 0.00347677 0.00394193 0.00427203 0.00445677 0.00449468 0.00439231 0.00416352 0.00382899 0.00341649 0.00296329 0.00252159 0.00216437 0.00198869 0.00224251 0.00421801 0.0114374 0.0266835 0.0560294 0.0659657 0.0406248 0.0176951 0.00583781 0.00130983 0.000210997 2.67164e-05 3.13248e-06 3.90384e-07 4.78615e-08 4.73122e-09 2.58814e-10 0 
0 3.58888e-07 3.52693e-06 1.7683e-05 6.22424e-05 0.0001687 0.000367748 0.000666769 0.00103935 0.00143762 0.0018126 0.00212645 0.00235485 0.00248515 0.00251398 0.00244556 0.00229076 0.00206695 0.00179844 0.0015177 0.00126627 0.00109222 0.00104018 0.00117092 0.00182343 0.00410313 0.00895542 0.0144266 0.0160125 0.0117772 0.00583781 0.00194821 0.000448719 7.48862e-05 9.99245e-06 1.27183e-06 1.71123e-07 2.20001e-08 2.24321e-09 1.25768e-10 0 
0 1.07257e-07 1.03108e-06 5.11667e-06 1.81494e-05 5.06669e-05 0.00011618 0.00022485 0.000375982 0.000555501 0.000740432 0.00090639 0.00103341 0.00110863 0.00112671 0.00108923 0.00100392 0.00088379 0.000746253 0.00061186 0.000502442 0.000438222 0.000433572 0.000497767 0.000677667 0.00116224 0.00215423 0.00327097 0.00353902 0.00261538 0.00130983 0.000448719 0.000107829 1.92217e-05 2.87792e-06 4.24494e-07 6.37663e-08 8.71417e-09 9.24237e-10 5.34837e-11 0 
0 2.90505e-08 2.71797e-07 1.32224e-06 4.64987e-06 1.30533e-05 3.05575e-05 6.11855e-05 0.000106788 0.000165167 0.000229851 0.000291728 0.000341573 0.000372286 0.00038022 0.000365589 0.000332139 0.000286334 0.000236201 0.000190056 0.000155331 0.000137684 0.000140283 0.000163551 0.000209197 0.000291413 0.000425771 0.000560986 0.000571495 0.000416003 0.000210997 7.48862e-05 1.92217e-05 3.8685e-06 6.95182e-07 1.22479e-07 2.05594e-08 2.99051e-09 3.31429e-10 1.98976e-11 0 
0 7.10091e-09 6.44855e-08 3.05907e-07 1.05657e-06 2.93955e-06 6.88781e-06 1.39352e-05 2.47615e-05 3.91708e-05 5.58171e-05 7.23893e-05 8.62084e-05 9.49738e-05 9.73717e-05 9.33646e-05 8.4128e-05 7.17043e-05 5.85082e-05 4.68376e-05 3.85231e-05 3.47586e-05 3.60163e-05 4.19143e-05 5.13099e-05 6.30843e-05 7.57226e-05 8.32137e-05 7.57238e-05 5.25325e-05 2.67164e-05 9.99245e-06 2.87792e-06 6.95182e-07 1.53218e-07 3.14609e-08 5.7791e-09 8.90802e-10 1.03376e-10 6.46072e-12 0 
0 1.55128e-09 1.366e-08 6.3033e-08 2.12809e-07 5.8228e-07 1.35076e-06 2.72326e-06 4.84931e-06 7.71975e-06 1.10956e-05 1.45208e-05 1.74289e-05 1.93062e-05 1.98437e-05 1.90209e-05 1.70986e-05 1.45329e-05 1.18511e-05 9.53507e-06 7.94505e-06 7.28851e-06 7.60512e-06 8.73202e-06 1.02696e-05 1.16466e-05 1.22696e-05 1.15919e-05 9.34432e-06 6.10144e-06 3.13248e-06 1.27183e-06 4.24494e-07 1.22479e-07 3.14609e-08 7.16466e-09 1.40999e-09 2.29308e-10 2.78843e-11 1.81763e-12 0 
0 2.96824e-10 2.53467e-09 1.13694e-08 3.74487e-08 1.00414e-07 2.29389e-07 4.5762e-07 8.09874e-07 1.28593e-06 1.84829e-06 2.42259e-06 2.91403e-06 3.23457e-06 3.32994e-06 3.19565e-06 2.87639e-06 2.45092e-06 2.0097e-06 1.63417e-06 1.38318e-06 1.28701e-06 1.34408e-06 1.51563e-06 1.72179e-06 1.85481e-06 1.81895e-06 1.57802e-06 1.18051e-06 7.44195e-07 3.90384e-07 1.71123e-07 6.37663e-08 2.05594e-08 5.7791e-09 1.40999e-09 2.93673e-10 5.02385e-11 6.39972e-12 4.35391e-13 0 
0 4.76629e-11 3.95027e-10 1.72318e-09 5.5359e-09 1.45293e-08 3.26136e-08 6.41789e-08 1.12446e-07 1.77324e-07 2.53792e-07 3.3191e-07 3.98934e-07 4.42937e-07 4.56497e-07 4.38946e-07 3.96362e-07 3.3952e-07 2.80814e-07 2.31352e-07 1.98984e-07 1.87303e-07 1.95093e-07 2.15851e-07 2.38014e-07 2.47577e-07 2.33861e-07 1.95621e-07 1.42432e-07 8.924e-08 4.78615e-08 2.20001e-08 8.71417e-09 2.99051e-09 8.90802e-10 2.29308e-10 5.02385e-11 9.01731e-12 1.20198e-12 8.53195e-14 0 
0 5.7986e-12 4.67044e-11 1.98347e-10 6.2191e-10 1.59783e-09 3.52244e-09 6.8302e-09 1.18293e-08 1.84934e-08 2.63069e-08 3.42686e-08 4.11011e-08 4.56086e-08 4.7045e-08 4.53423e-08 4.1114e-08 3.54529e-08 2.96205e-08 2.47457e-08 2.16101e-08 2.05271e-08 2.12812e-08 2.31146e-08 2.48306e-08 2.51315e-08 2.31733e-08 1.90446e-08 1.37553e-08 8.65843e-09 4.73122e-09 2.24321e-09 9.24237e-10 3.31429e-10 1.03376e-10 2.78843e-11 6.39972e-12 1.20198e-12 1.67358e-13 1.23814e-14 0 
0 3.81933e-13 2.99424e-12 1.23978e-11 3.79846e-11 9.56116e-11 2.07091e-10 3.95686e-10 6.77189e-10 1.04896e-09 1.48203e-09 1.92165e-09 2.2986e-09 2.54832e-09 2.63058e-09 2.5418e-09 2.31546e-09 2.0113e-09 1.69849e-09 1.4388e-09 1.27402e-09 1.21849e-09 1.25583e-09 1.34044e-09 1.40706e-09 1.39165e-09 1.25919e-09 1.02245e-09 7.35978e-10 4.66169e-10 2.58814e-10 1.25768e-10 5.34837e-11 1.98976e-11 6.46072e-12 1.81763e-12 4.35391e-13 8.53195e-14 1.23814e-14 9.53209e-16 0 
0 0 0 0 0 0 0 0 0 0 0 0 0 0 0 0 0 0 0 0 0 0 0 0 0 0 0 0 0 0 0 0 0 0 0 0 0 0 0 0 0 
