0 0 0 0 0 0 0 0 0 0 0 0 0 0 0 0 0 0 0 0 0 0 0 0 0 0 0 0 0 0 0 0 0 0 0 0 0 0 0 0 0 
0 7.83276e-14 7.49839e-13 3.80886e-12 1.4347e-11 4.4362e-11 1.17542e-10 2.72595e-10 5.59721e-10 1.02432e-09 1.6776e-09 2.46571e-09 3.25924e-09 3.88169e-09 4.17302e-09 4.05732e-09 3.57515e-09 2.8616e-09 2.08579e-09 1.38819e-09 8.46047e-10 4.73612e-10 2.44281e-10 1.16457e-10 5.14778e-11 2.11625e-11 8.11431e-12 2.90933e-12 9.77571e-13 3.08354e-13 9.13969e-14 2.54575e-14 6.65509e-15 1.62756e-15 3.70001e-16 7.72793e-17 1.45085e-17 2.34319e-18 2.93711e-19 2.04146e-20 0 
0 7.49839e-13 7.4383e-12 3.91657e-11 1.52862e-10 4.89199e-10 1.3391e-09 3.2006e-09 6.75293e-09 1.26557e-08 2.11468e-08 3.1584e-08 4.22485e-08 5.07066e-08 5.47056e-08 5.31609e-08 4.66361e-08 3.7026e-08 2.66774e-08 1.74959e-08 1.0478e-08 5.74973e-09 2.90116e-09 1.35083e-09 5.82481e-10 2.33406e-10 8.71985e-11 3.04623e-11 9.97671e-12 3.06952e-12 8.88365e-13 2.41946e-13 6.19504e-14 1.487e-14 3.32596e-15 6.85397e-16 1.27371e-16 2.0436e-17 2.55485e-18 1.77844e-19 0 
0 3.80886e-12 3.91657e-11 2.13888e-10 8.65581e-10 2.86915e-09 8.12003e-09 2.00164e-08 4.34253e-08 8.33906e-08 1.42227e-07 2.15939e-07 2.92393e-07 3.5372e-07 3.83038e-07 3.72087e-07 3.25024e-07 2.55996e-07 1.82348e-07 1.17856e-07 6.93629e-08 3.73136e-08 1.84195e-08 8.37724e-09 3.52429e-09 1.37684e-09 5.01349e-10 1.70732e-10 5.45379e-11 1.63814e-11 4.63464e-12 1.23604e-12 3.10578e-13 7.33416e-14 1.6187e-14 3.30294e-15 6.10145e-16 9.77279e-17 1.22515e-17 8.58906e-19 0 
0 1.4347e-11 1.52862e-10 8.65581e-10 3.63135e-09 1.24655e-08 3.647e-08 9.27082e-08 2.0678e-07 4.06804e-07 7.08054e-07 1.09257e-06 1.49728e-06 1.8256e-06 1.98445e-06 1.92754e-06 1.67732e-06 1.31139e-06 9.2416e-07 5.89112e-07 3.41005e-07 1.79984e-07 8.69971e-08 3.86819e-08 1.58922e-08 6.05937e-09 2.15301e-09 7.1567e-10 2.23312e-10 6.55989e-11 1.81806e-11 4.75977e-12 1.17709e-12 2.74429e-13 6.00162e-14 1.21853e-14 2.25004e-15 3.61977e-16 4.57902e-17 3.2524e-18 0 
0 4.4362e-11 4.89199e-10 2.86915e-09 1.24655e-08 4.42708e-08 1.33768e-07 3.50333e-07 8.02591e-07 1.61605e-06 2.86771e-06 4.49322e-06 6.22726e-06 7.64904e-06 8.34573e-06 8.10882e-06 7.0352e-06 5.46658e-06 3.81686e-06 2.4035e-06 1.37058e-06 7.10928e-07 3.37035e-07 1.46754e-07 5.89836e-08 2.19893e-08 7.63937e-09 2.48405e-09 7.58975e-10 2.1864e-10 5.95447e-11 1.53586e-11 3.75402e-12 8.68346e-13 1.89243e-13 3.84764e-14 7.15112e-15 1.16366e-15 1.49519e-16 1.08183e-17 0 
0 1.17542e-10 1.3391e-09 8.12003e-09 3.647e-08 1.33768e-07 4.16721e-07 1.12246e-06 2.63655e-06 5.42349e-06 9.79324e-06 1.55517e-05 2.17621e-05 2.68991e-05 2.94487e-05 2.86366e-05 2.48052e-05 1.9195e-05 1.33112e-05 8.30189e-06 4.67599e-06 2.38979e-06 1.11399e-06 4.76211e-07 1.87723e-07 6.86113e-08 2.33728e-08 7.45762e-09 2.23883e-09 6.34913e-10 1.7066e-10 4.35871e-11 1.05909e-11 2.44665e-12 5.35281e-13 1.09845e-13 2.07119e-14 3.43388e-15 4.50783e-16 3.33497e-17 0 
0 2.72595e-10 3.2006e-09 2.00164e-08 9.27082e-08 3.50333e-07 1.12246e-06 3.10172e-06 7.45018e-06 1.56111e-05 2.8595e-05 4.58765e-05 6.46337e-05 8.02298e-05 8.80626e-05 8.57643e-05 7.43256e-05 5.746e-05 3.97261e-05 2.46372e-05 1.37599e-05 6.95443e-06 3.19867e-06 1.34699e-06 5.2257e-07 1.87917e-07 6.30085e-08 1.98095e-08 5.87018e-09 1.64737e-09 4.39627e-10 1.11934e-10 2.72457e-11 6.33948e-12 1.40489e-12 2.93579e-13 5.661e-14 9.62203e-15 1.29535e-15 9.80917e-17 0 
0 5.59721e-10 6.75293e-09 4.34253e-08 2.0678e-07 8.02591e-07 2.63655e-06 7.45018e-06 1.82339e-05 3.87625e-05 7.16991e-05 0.000115668 0.000163366 0.000203009 0.000223112 0.000217796 0.000189378 0.000146915 0.000101808 6.31366e-05 3.51531e-05 1.76573e-05 8.05013e-06 3.35404e-06 1.28616e-06 4.57111e-07 1.51595e-07 4.72145e-08 1.38942e-08 3.88511e-09 1.03747e-09 2.65672e-10 6.54128e-11 1.54871e-11 3.51128e-12 7.53767e-13 1.49617e-13 2.61666e-14 3.61467e-15 2.79608e-16 0 
0 1.02432e-09 1.26557e-08 8.33906e-08 4.06804e-07 1.61605e-06 5.42349e-06 1.56111e-05 3.87625e-05 8.31824e-05 0.000154495 0.000249146 0.000350892 0.000434855 0.000477733 0.00046782 0.000409462 0.000320422 0.000224005 0.000139878 7.8165e-05 3.92619e-05 1.78436e-05 7.39514e-06 2.81802e-06 9.95444e-07 3.28532e-07 1.02066e-07 3.00629e-08 8.45138e-09 2.28128e-09 5.94114e-10 1.49691e-10 3.64666e-11 8.53967e-12 1.89613e-12 3.88758e-13 6.99606e-14 9.88938e-15 7.7781e-16 0 
0 1.6776e-09 2.11468e-08 1.42227e-07 7.08054e-07 2.86771e-06 9.79324e-06 2.8595e-05 7.16991e-05 0.000154495 0.000286444 0.000459102 0.000641605 0.000790323 0.000866698 0.00085196 0.000752656 0.000596912 0.000423618 0.000268258 0.000151552 7.6656e-05 3.4957e-05 1.45025e-05 5.52732e-06 1.9541e-06 6.46801e-07 2.02223e-07 6.02257e-08 1.7219e-08 4.75794e-09 1.27675e-09 3.3329e-10 8.44101e-11 2.05608e-11 4.73658e-12 1.00241e-12 1.84952e-13 2.66082e-14 2.11475e-15 0 
0 2.46571e-09 3.1584e-08 2.15939e-07 1.09257e-06 4.49322e-06 1.55517e-05 4.58765e-05 0.000115668 0.000249146 0.000459102 0.000728537 0.00100755 0.00123172 0.0013477 0.0013304 0.00118799 0.000957418 0.000692652 0.000447308 0.000257143 0.000131876 6.07657e-05 2.54173e-05 9.76351e-06 3.48431e-06 1.16807e-06 3.71723e-07 1.13396e-07 3.3445e-08 9.59998e-09 2.69088e-09 7.35875e-10 1.95132e-10 4.95674e-11 1.18292e-11 2.57244e-12 4.83607e-13 7.03278e-14 5.61075e-15 0 
0 3.25924e-09 4.22485e-08 2.92393e-07 1.49728e-06 6.22726e-06 2.17621e-05 6.46337e-05 0.000163366 0.000350892 0.000641605 0.00100755 0.00137953 0.0016752 0.00183013 0.0018148 0.00163791 0.00134164 0.000990643 0.000654202 0.000384372 0.000201029 9.42406e-05 4.00589e-05 1.56511e-05 5.6986e-06 1.95923e-06 6.43844e-07 2.04407e-07 6.32159e-08 1.91342e-08 5.66857e-09 1.63543e-09 4.54927e-10 1.20214e-10 2.95575e-11 6.55853e-12 1.24696e-12 1.82e-13 1.44819e-14 0 
0 3.88169e-09 5.07066e-08 3.5372e-07 1.8256e-06 7.64904e-06 2.68991e-05 8.02298e-05 0.000203009 0.000434855 0.000790323 0.00123172 0.0016752 0.00202643 0.00221423 0.00220627 0.00201071 0.00167133 0.00125783 0.00084934 0.000511019 0.000273727 0.000131411 5.7265e-05 2.30086e-05 8.66264e-06 3.10301e-06 1.07168e-06 3.60539e-07 1.18846e-07 3.84056e-08 1.21081e-08 3.68955e-09 1.07288e-09 2.93021e-10 7.36466e-11 1.65399e-11 3.15626e-12 4.59217e-13 3.62297e-14 0 
0 4.17302e-09 5.47056e-08 3.83038e-07 1.98445e-06 8.34573e-06 2.94487e-05 8.80626e-05 0.000223112 0.000477733 0.000866698 0.0013477 0.00183013 0.00221423 0.00242562 0.00242998 0.00223393 0.00188011 0.00143848 0.000991421 0.000611023 0.000336311 0.000166459 7.51272e-05 3.14687e-05 1.24589e-05 4.73962e-06 1.75464e-06 6.36712e-07 2.26634e-07 7.87109e-08 2.64163e-08 8.46344e-09 2.55364e-09 7.1464e-10 1.82011e-10 4.1038e-11 7.80309e-12 1.1246e-12 8.7499e-14 0 
0 4.05732e-09 5.31609e-08 3.72087e-07 1.92754e-06 8.10882e-06 2.86366e-05 8.57643e-05 0.000217796 0.00046782 0.00085196 0.0013304 0.0018148 0.00220627 0.00242998 0.00245004 0.00227066 0.00193133 0.0014986 0.00105231 0.000664501 0.00037722 0.000194056 9.1873e-05 4.08106e-05 1.73392e-05 7.15603e-06 2.89438e-06 1.14841e-06 4.4425e-07 1.65755e-07 5.88981e-08 1.96766e-08 6.10267e-09 1.73363e-09 4.43536e-10 9.96153e-11 1.87446e-11 2.66044e-12 2.0313e-13 0 
0 3.57515e-09 4.66361e-08 3.25024e-07 1.67732e-06 7.0352e-06 2.48052e-05 7.43256e-05 0.000189378 0.000409462 0.000752656 0.00118799 0.00163791 0.00201071 0.00223393 0.00227066 0.00212198 0.00182258 0.00143266 0.00102467 0.000664344 0.000391326 0.000211586 0.000106827 5.13783e-05 2.39566e-05 1.09453e-05 4.90638e-06 2.14239e-06 8.99946e-07 3.58561e-07 1.33698e-07 4.61098e-08 1.45532e-08 4.15719e-09 1.05929e-09 2.35202e-10 4.35149e-11 6.04887e-12 4.51161e-13 0 
0 2.8616e-09 3.7026e-08 2.55996e-07 1.31139e-06 5.46658e-06 1.9195e-05 5.746e-05 0.000146915 0.000320422 0.000596912 0.000957418 0.00134164 0.00167133 0.00188011 0.00193133 0.00182258 0.0015823 0.00126158 0.000921616 0.000617096 0.000381112 0.000220021 0.000120931 6.44319e-05 3.36712e-05 1.72864e-05 8.64595e-06 4.15147e-06 1.88218e-06 7.93549e-07 3.07292e-07 1.08247e-07 3.44126e-08 9.79109e-09 2.46373e-09 5.36832e-10 9.70432e-11 1.31436e-11 9.53665e-13 0 
0 2.08579e-09 2.66774e-08 1.82348e-07 9.2416e-07 3.81686e-06 1.33112e-05 3.97261e-05 0.000101808 0.000224005 0.000423618 0.000692652 0.000990643 0.00125783 0.00143848 0.0014986 0.00143266 0.00126158 0.00102518 0.000770604 0.000538916 0.000354621 0.000223163 0.000136642 8.23852e-05 4.89928e-05 2.84646e-05 1.58812e-05 8.34029e-06 4.04668e-06 1.78712e-06 7.10849e-07 2.52943e-07 8.01379e-08 2.24903e-08 5.54091e-09 1.17621e-09 2.06507e-10 2.71214e-11 1.90717e-12 0 
0 1.38819e-09 1.74959e-08 1.17856e-07 5.89112e-07 2.4035e-06 8.30189e-06 2.46372e-05 6.31366e-05 0.000139878 0.000268258 0.000447308 0.000654202 0.00084934 0.000991421 0.00105231 0.00102467 0.000921616 0.000770604 0.000603937 0.000448972 0.000321674 0.000225904 0.000157407 0.000109026 7.43089e-05 4.88778e-05 3.02956e-05 1.72815e-05 8.89343e-06 4.07087e-06 1.64412e-06 5.84027e-07 1.82339e-07 4.99687e-08 1.19498e-08 2.4538e-09 4.16079e-10 5.27613e-11 3.58438e-12 0 
0 8.46047e-10 1.0478e-08 6.93629e-08 3.41005e-07 1.37058e-06 4.67599e-06 1.37599e-05 3.51531e-05 7.8165e-05 0.000151552 0.000257143 0.000384372 0.000511019 0.000611023 0.000664501 0.000664344 0.000617096 0.000538916 0.000448972 0.00036312 0.000290296 0.000232475 0.000187066 0.00014983 0.000117084 8.69298e-05 5.9587e-05 3.67042e-05 1.98775e-05 9.33248e-06 3.77878e-06 1.32201e-06 4.0162e-07 1.06317e-07 2.44667e-08 4.82757e-09 7.86664e-10 9.59729e-11 6.2839e-12 0 
0 4.73612e-10 5.74973e-09 3.73136e-08 1.79984e-07 7.10928e-07 2.38979e-06 6.95443e-06 1.76573e-05 3.92619e-05 7.6656e-05 0.000131876 0.000201029 0.000273727 0.000336311 0.00037722 0.000391326 0.000381112 0.000354621 0.000321674 0.000290296 0.000264733 0.000245284 0.000229252 0.00021222 0.000189587 0.000158593 0.000120324 8.02062e-05 4.56674e-05 2.1807e-05 8.70531e-06 2.93667e-06 8.51036e-07 2.14399e-07 4.70122e-08 8.85702e-09 1.38137e-09 1.61736e-10 1.01925e-11 0 
0 2.44281e-10 2.90116e-09 1.84195e-08 8.69971e-08 3.37035e-07 1.11399e-06 3.19867e-06 8.05013e-06 1.78436e-05 3.4957e-05 6.07657e-05 9.42406e-05 0.000131411 0.000166459 0.000194056 0.000211586 0.000220021 0.000223163 0.000225904 0.000232475 0.000245284 0.000264281 0.000286427 0.000305328 0.000312081 0.000297752 0.00025649 0.000190684 0.000116487 5.64964e-05 2.16411e-05 6.72152e-06 1.76951e-06 4.09338e-07 8.39038e-08 1.49692e-08 2.22722e-09 2.49972e-10 1.51613e-11 0 
0 1.16457e-10 1.35083e-09 8.37724e-09 3.86819e-08 1.46754e-07 4.76211e-07 1.34699e-06 3.35404e-06 7.39514e-06 1.45025e-05 2.54173e-05 4.00589e-05 5.7265e-05 7.51272e-05 9.1873e-05 0.000106827 0.000120931 0.000136642 0.000157407 0.000187066 0.000229252 0.000286427 0.000358253 0.000440794 0.000528131 0.000606822 0.000634884 0.000554467 0.000372938 0.000184347 6.6368e-05 1.79585e-05 3.9345e-06 7.66082e-07 1.39235e-07 2.3058e-08 3.25777e-09 3.50544e-10 2.04929e-11 0 
0 5.14778e-11 5.82481e-10 3.52429e-09 1.58922e-08 5.89836e-08 1.87723e-07 5.2257e-07 1.28616e-06 2.81802e-06 5.52732e-06 9.76351e-06 1.56511e-05 2.30086e-05 3.14687e-05 4.08106e-05 5.13783e-05 6.44319e-05 8.23852e-05 0.000109026 0.00014983 0.00021222 0.000305328 0.000440794 0.000643222 0.000968384 0.00144827 0.00189514 0.00190823 0.00137384 0.000685878 0.000235785 5.67277e-05 1.01264e-05 1.51721e-06 2.209e-07 3.22593e-08 4.27481e-09 4.41211e-10 2.49382e-11 0 
0 2.11625e-11 2.33406e-10 1.37684e-09 6.05937e-09 2.19893e-08 6.86113e-08 1.87917e-07 4.57111e-07 9.95444e-07 1.9541e-06 3.48431e-06 5.6986e-06 8.66264e-06 1.24589e-05 1.73392e-05 2.39566e-05 3.36712e-05 4.89928e-05 7.43089e-05 0.000117084 0.000189587 0.000312081 0.000528131 0.000968384 0.00194718 0.00372654 0.00563832 0.00607141 0.00447192 0.00222543 0.000746203 0.000169274 2.66762e-05 3.18528e-06 3.47592e-07 4.12784e-08 4.98868e-09 4.93337e-10 2.70814e-11 0 
0 8.11431e-12 8.71985e-11 5.01349e-10 2.15301e-09 7.63937e-09 2.33728e-08 6.30085e-08 1.51595e-07 3.28532e-07 6.46801e-07 1.16807e-06 1.95923e-06 3.10301e-06 4.73962e-06 7.15603e-06 1.09453e-05 1.72864e-05 2.84646e-05 4.88778e-05 8.69298e-05 0.000158593 0.000297752 0.000606822 0.00144827 0.00372654 0.00821563 0.0131957 0.0145214 0.0107474 0.00532041 0.00175985 0.000389041 5.79762e-05 6.09952e-06 5.25353e-07 4.84113e-08 5.14152e-09 4.85586e-10 2.60353e-11 0 
0 2.90933e-12 3.04623e-11 1.70732e-10 7.1567e-10 2.48405e-09 7.45762e-09 1.98095e-08 4.72145e-08 1.02066e-07 2.02223e-07 3.71723e-07 6.43844e-07 1.07168e-06 1.75464e-06 2.89438e-06 4.90638e-06 8.64595e-06 1.58812e-05 3.02956e-05 5.9587e-05 0.000120324 0.00025649 0.000634884 0.00189514 0.00563832 0.0131957 0.0216274 0.0239552 0.0177481 0.00876284 0.00287926 0.000628955 9.14889e-05 9.07575e-06 6.79681e-07 5.03833e-08 4.62934e-09 4.17334e-10 2.20115e-11 0 
0 9.77571e-13 9.97671e-12 5.45379e-11 2.23312e-10 7.58975e-10 2.23883e-09 5.87018e-09 1.38942e-08 3.00629e-08 6.02257e-08 1.13396e-07 2.04407e-07 3.60539e-07 6.36712e-07 1.14841e-06 2.14239e-06 4.15147e-06 8.34029e-06 1.72815e-05 3.67042e-05 8.02062e-05 0.000190684 0.000554467 0.00190823 0.00607141 0.0145214 0.0239552 0.0265861 0.0197026 0.00971818 0.00318423 0.000691709 9.95289e-05 9.62063e-06 6.72886e-07 4.35638e-08 3.57115e-09 3.10862e-10 1.62836e-11 0 
0 3.08354e-13 3.06952e-12 1.63814e-11 6.55989e-11 2.1864e-10 6.34913e-10 1.64737e-09 3.88511e-09 8.45138e-09 1.7219e-08 3.3445e-08 6.32159e-08 1.18846e-07 2.26634e-07 4.4425e-07 8.99946e-07 1.88218e-06 4.04668e-06 8.89343e-06 1.98775e-05 4.56674e-05 0.000116487 0.000372938 0.00137384 0.00447192 0.0107474 0.0177481 0.0197026 0.0146014 0.0072002 0.00235691 0.000510738 7.31553e-05 7.00404e-06 4.78079e-07 2.9416e-08 2.30824e-09 1.99512e-10 1.05072e-11 0 
0 9.13969e-14 8.88365e-13 4.63464e-12 1.81806e-11 5.95447e-11 1.7066e-10 4.39627e-10 1.03747e-09 2.28128e-09 4.75794e-09 9.59998e-09 1.91342e-08 3.84056e-08 7.87109e-08 1.65755e-07 3.58561e-07 7.93549e-07 1.78712e-06 4.07087e-06 9.33248e-06 2.1807e-05 5.64964e-05 0.000184347 0.000685878 0.00222543 0.00532041 0.00876284 0.00971818 0.0072002 0.00355068 0.00116206 0.000251624 3.60247e-05 3.45434e-06 2.3786e-07 1.50753e-08 1.23654e-09 1.10091e-10 5.90676e-12 0 
0 2.54575e-14 2.41946e-13 1.23604e-12 4.75977e-12 1.53586e-11 4.35871e-11 1.11934e-10 2.65672e-10 5.94114e-10 1.27675e-09 2.69088e-09 5.66857e-09 1.21081e-08 2.64163e-08 5.88981e-08 1.33698e-07 3.07292e-07 7.10849e-07 1.64412e-06 3.77878e-06 8.70531e-06 2.16411e-05 6.6368e-05 0.000235785 0.000746203 0.00175985 0.00287926 0.00318423 0.00235691 0.00116206 0.000380334 8.24282e-05 1.18505e-05 1.153e-06 8.33218e-08 5.94921e-09 5.54126e-10 5.23672e-11 2.89434e-12 0 
0 6.65509e-15 6.19504e-14 3.10578e-13 1.17709e-12 3.75402e-12 1.05909e-11 2.72457e-11 6.54128e-11 1.49691e-10 3.3329e-10 7.35875e-10 1.63543e-09 3.68955e-09 8.46344e-09 1.96766e-08 4.61098e-08 1.08247e-07 2.52943e-07 5.84027e-07 1.32201e-06 2.93667e-06 6.72152e-06 1.79585e-05 5.67277e-05 0.000169274 0.000389041 0.000628955 0.000691709 0.000510738 0.000251624 8.24282e-05 1.79402e-05 2.61303e-06 2.64476e-07 2.14538e-08 1.91386e-09 2.12618e-10 2.15864e-11 1.23776e-12 0 
0 1.62756e-15 1.487e-14 7.33416e-14 2.74429e-13 8.68346e-13 2.44665e-12 6.33948e-12 1.54871e-11 3.64666e-11 8.44101e-11 1.95132e-10 4.54927e-10 1.07288e-09 2.55364e-09 6.10267e-09 1.45532e-08 3.44126e-08 8.01379e-08 1.82339e-07 4.0162e-07 8.51036e-07 1.76951e-06 3.9345e-06 1.01264e-05 2.66762e-05 5.79762e-05 9.14889e-05 9.95289e-05 7.31553e-05 3.60247e-05 1.18505e-05 2.61303e-06 3.94349e-07 4.40235e-08 4.49823e-09 5.4193e-10 7.12846e-11 7.74238e-12 4.62249e-13 0 
0 3.70001e-16 3.32596e-15 1.6187e-14 6.00162e-14 1.89243e-13 5.35281e-13 1.40489e-12 3.51128e-12 8.53967e-12 2.05608e-11 4.95674e-11 1.20214e-10 2.93021e-10 7.1464e-10 1.73363e-09 4.15719e-09 9.79109e-09 2.24903e-08 4.99687e-08 1.06317e-07 2.14399e-07 4.09338e-07 7.66082e-07 1.51721e-06 3.18528e-06 6.09952e-06 9.07575e-06 9.62063e-06 7.00404e-06 3.45434e-06 1.153e-06 2.64476e-07 4.40235e-08 6.13577e-09 8.88669e-10 1.41219e-10 2.09913e-11 2.41625e-12 1.50481e-13 0 
0 7.72793e-17 6.85397e-16 3.30294e-15 1.21853e-14 3.84764e-14 1.09845e-13 2.93579e-13 7.53767e-13 1.89613e-12 4.73658e-12 1.18292e-11 2.95575e-11 7.36466e-11 1.82011e-10 4.43536e-10 1.05929e-09 2.46373e-09 5.54091e-09 1.19498e-08 2.44667e-08 4.70122e-08 8.39038e-08 1.39235e-07 2.209e-07 3.47592e-07 5.25353e-07 6.79681e-07 6.72886e-07 4.78079e-07 2.3786e-07 8.33218e-08 2.14538e-08 4.49823e-09 8.88669e-10 1.77251e-10 3.34364e-11 5.38132e-12 6.52127e-13 4.24063e-14 0 
0 1.45085e-17 1.27371e-16 6.10145e-16 2.25004e-15 7.15112e-15 2.07119e-14 5.661e-14 1.49617e-13 3.88758e-13 1.00241e-12 2.57244e-12 6.55853e-12 1.65399e-11 4.1038e-11 9.96153e-11 2.35202e-10 5.36832e-10 1.17621e-09 2.4538e-09 4.82757e-09 8.85702e-09 1.49692e-08 2.3058e-08 3.22593e-08 4.12784e-08 4.84113e-08 5.03833e-08 4.35638e-08 2.9416e-08 1.50753e-08 5.94921e-09 1.91386e-09 5.4193e-10 1.41219e-10 3.34364e-11 6.90205e-12 1.17733e-12 1.4971e-13 1.01676e-14 0 
0 2.34319e-18 2.0436e-17 9.77279e-17 3.61977e-16 1.16366e-15 3.43388e-15 9.62203e-15 2.61666e-14 6.99606e-14 1.84952e-13 4.83607e-13 1.24696e-12 3.15626e-12 7.80309e-12 1.87446e-11 4.35149e-11 9.70432e-11 2.06507e-10 4.16079e-10 7.86664e-10 1.38137e-09 2.22722e-09 3.25777e-09 4.27481e-09 4.98868e-09 5.14152e-09 4.62934e-09 3.57115e-09 2.30824e-09 1.23654e-09 5.54126e-10 2.12618e-10 7.12846e-11 2.09913e-11 5.38132e-12 1.17733e-12 2.1113e-13 2.81148e-14 1.99325e-15 0 
0 2.93711e-19 2.55485e-18 1.22515e-17 4.57902e-17 1.49519e-16 4.50783e-16 1.29535e-15 3.61467e-15 9.88938e-15 2.66082e-14 7.03278e-14 1.82e-13 4.59217e-13 1.1246e-12 2.66044e-12 6.04887e-12 1.31436e-11 2.71214e-11 5.27613e-11 9.59729e-11 1.61736e-10 2.49972e-10 3.50544e-10 4.41211e-10 4.93337e-10 4.85586e-10 4.17334e-10 3.10862e-10 1.99512e-10 1.10091e-10 5.23672e-11 2.15864e-11 7.74238e-12 2.41625e-12 6.52127e-13 1.4971e-13 2.81148e-14 3.91272e-15 2.8925e-16 0 
0 2.04146e-20 1.77844e-19 8.58906e-19 3.2524e-18 1.08183e-17 3.33497e-17 9.80917e-17 2.79608e-16 7.7781e-16 2.11475e-15 5.61075e-15 1.44819e-14 3.62297e-14 8.7499e-14 2.0313e-13 4.51161e-13 9.53665e-13 1.90717e-12 3.58438e-12 6.2839e-12 1.01925e-11 1.51613e-11 2.04929e-11 2.49382e-11 2.70814e-11 2.60353e-11 2.20115e-11 1.62836e-11 1.05072e-11 5.90676e-12 2.89434e-12 1.23776e-12 4.62249e-13 1.50481e-13 4.24063e-14 1.01676e-14 1.99325e-15 2.8925e-16 2.22608e-17 0 
0 0 0 0 0 0 0 0 0 0 0 0 0 0 0 0 0 0 0 0 0 0 0 0 0 0 0 0 0 0 0 0 0 0 0 0 0 0 0 0 0 
