0 0 0 0 0 0 0 0 0 0 0 0 0 0 0 0 0 0 0 0 0 0 0 0 0 0 0 0 0 0 0 0 0 0 0 0 0 0 0 0 0 
0 4.27381e-07 3.79991e-06 1.66812e-05 5.0194e-05 0.000115556 0.000216893 0.000348062 0.00049564 0.000644091 0.000779469 0.000890996 0.000971344 0.00101641 0.00102495 0.000998262 0.000939769 0.000854693 0.000749648 0.000632239 0.00051058 0.0003927 0.000285782 0.00019532 0.000124368 7.31839e-05 3.95049e-05 1.94444e-05 8.69059e-06 3.51959e-06 1.29097e-06 4.29027e-07 1.29211e-07 3.52258e-08 8.65741e-09 1.89983e-09 3.64857e-10 5.87625e-11 7.16623e-12 4.72934e-13 0 
0 3.79991e-06 3.44847e-05 0.000148805 0.000421009 0.000881283 0.00148581 0.00215668 0.00282601 0.0034463 0.00398414 0.00441461 0.00471969 0.00488874 0.00491913 0.00481613 0.00459207 0.00426467 0.00385512 0.00338615 0.00288065 0.00236122 0.00185067 0.0013727 0.000951317 0.000607237 0.000352013 0.000183173 8.49322e-05 3.50096e-05 1.28536e-05 4.22072e-06 1.24475e-06 3.30437e-07 7.88377e-08 1.67742e-08 3.12336e-09 4.88105e-10 5.78326e-11 3.71391e-12 0 
0 1.66812e-05 0.000148805 0.000594592 0.00148314 0.00271441 0.00410755 0.0055448 0.00695405 0.00826998 0.00942626 0.0103623 0.0110307 0.0114024 0.0114684 0.01124 0.0107458 0.0100282 0.00913836 0.00813095 0.00705878 0.00596822 0.00489616 0.00387023 0.00291359 0.002053 0.00132397 0.000762814 0.000384855 0.00016824 6.37547e-05 2.11157e-05 6.17723e-06 1.60949e-06 3.74652e-07 7.75517e-08 1.4036e-08 2.13279e-09 2.45967e-10 1.53969e-11 0 
0 5.0194e-05 0.000421009 0.00148314 0.00321822 0.00533486 0.0076626 0.0101051 0.0125473 0.0148547 0.0168942 0.0185498 0.0197335 0.020392 0.0205088 0.0201035 0.0192274 0.0179564 0.0163829 0.0146069 0.0127269 0.0108323 0.00899724 0.00727517 0.00569636 0.00427201 0.00300922 0.00193314 0.00109323 0.000527896 0.000214615 7.38336e-05 2.18487e-05 5.65633e-06 1.29462e-06 2.6208e-07 4.62831e-08 6.85907e-09 7.71945e-10 4.72101e-11 0 
0 0.000115556 0.000881283 0.00271441 0.00533486 0.00845692 0.0119614 0.0156923 0.0194435 0.0229945 0.0261352 0.0286856 0.0305094 0.0315239 0.0317037 0.031079 0.0297288 0.0277705 0.0253468 0.0226121 0.0197192 0.0168084 0.0139985 0.0113806 0.0090143 0.00692418 0.00510299 0.00353008 0.00220972 0.00119491 0.00053688 0.000197834 6.06181e-05 1.58342e-05 3.59842e-06 7.17049e-07 1.24142e-07 1.80096e-08 1.9841e-09 1.18872e-10 0 
0 0.000216893 0.00148581 0.00410755 0.0076626 0.0119614 0.0168469 0.0220668 0.0273199 0.0322941 0.0366943 0.0402678 0.0428245 0.0442484 0.044501 0.0436235 0.0417297 0.0389852 0.0355894 0.0317584 0.0277065 0.0236308 0.0196987 0.0160408 0.0127468 0.00986412 0.00739669 0.00530859 0.00354934 0.00211025 0.00105399 0.000424713 0.000137709 3.68847e-05 8.41162e-06 1.66165e-06 2.83468e-07 4.04185e-08 4.37353e-09 2.57445e-10 0 
0 0.000348062 0.00215668 0.0055448 0.0101051 0.0156923 0.0220668 0.0288826 0.0357434 0.0422405 0.0479936 0.0527184 0.0562944 0.0585036 0.0589257 0.0575126 0.0547233 0.0510079 0.0465476 0.0415413 0.0362494 0.0309269 0.0257931 0.0210191 0.0167241 0.0129753 0.00979016 0.00713689 0.0049422 0.00313276 0.00171173 0.000757135 0.000263454 7.33604e-05 1.69571e-05 3.34363e-06 5.64895e-07 7.94823e-08 8.47599e-09 4.91668e-10 0 
0 0.00049564 0.00282601 0.00695405 0.0125473 0.0194435 0.0273199 0.0357434 0.0442231 0.0522686 0.0596439 0.0669224 0.0732091 0.0767385 0.0773788 0.0752923 0.0705043 0.0640533 0.0577075 0.0513995 0.0448502 0.0382722 0.031928 0.0260295 0.0207245 0.016098 0.012177 0.00893486 0.00629387 0.00414432 0.00241767 0.00116129 0.000435096 0.000127041 2.99972e-05 5.93889e-06 9.98157e-07 1.39106e-07 1.4667e-08 8.40821e-10 0 
0 0.000644091 0.0034463 0.00826998 0.0148547 0.0229945 0.0322941 0.0422405 0.0522686 0.062146 0.0732543 0.0824917 0.0872175 0.0893433 0.0897439 0.0885773 0.0855158 0.0794243 0.0698868 0.060927 0.0530073 0.0452292 0.0377385 0.0307745 0.0245122 0.0190527 0.01443 0.0106195 0.00754255 0.00507348 0.00309123 0.00158433 0.000635244 0.00019491 4.72236e-05 9.42697e-06 1.58194e-06 2.1907e-07 2.29046e-08 1.30118e-09 0 
0 0.000779469 0.00398414 0.00942626 0.0168942 0.0261352 0.0366943 0.0479936 0.0596439 0.0732543 0.0850573 0.0908715 0.0939757 0.0954969 0.0958096 0.0949956 0.0929222 0.0891271 0.0822493 0.070809 0.060368 0.0513914 0.0428798 0.034973 0.0278634 0.0216662 0.0164211 0.0121033 0.00863221 0.00587505 0.00367902 0.00197625 0.000838043 0.000269201 6.69721e-05 1.35095e-05 2.26925e-06 3.13078e-07 3.25421e-08 1.83639e-09 0 
0 0.000890996 0.00441461 0.0103623 0.0185498 0.0286856 0.0402678 0.0527184 0.0669224 0.0824917 0.0908715 0.0952893 0.0978213 0.099108 0.0993866 0.0987151 0.0970145 0.0940156 0.0890135 0.0799819 0.0670748 0.0564443 0.0470577 0.0383838 0.0305859 0.0237893 0.0180379 0.0133064 0.00951123 0.00651547 0.00414857 0.0023005 0.00101756 0.00033949 8.64884e-05 1.76314e-05 2.96868e-06 4.08838e-07 4.23374e-08 2.37842e-09 0 
0 0.000971344 0.00471969 0.0110307 0.0197335 0.0305094 0.0428245 0.0562944 0.0732091 0.0872175 0.0939757 0.0978213 0.1001 0.101278 0.101541 0.100937 0.0994083 0.0967539 0.0924838 0.0852654 0.0727255 0.0602002 0.0500518 0.0408249 0.0325345 0.0253088 0.0191951 0.014167 0.0101385 0.00696969 0.0044807 0.00253451 0.00115346 0.000395571 0.000102649 2.11132e-05 3.56478e-06 4.90705e-07 5.07152e-08 2.84164e-09 0 
0 0.00101641 0.00488874 0.0114024 0.020392 0.0315239 0.0442484 0.0585036 0.0767385 0.0893433 0.0954969 0.099108 0.101278 0.102409 0.102666 0.102092 0.100638 0.0981302 0.0941556 0.0876457 0.0760048 0.0624375 0.0517256 0.0421856 0.0336208 0.0261562 0.0198406 0.0146472 0.0104883 0.00722263 0.0046658 0.00266697 0.00123313 0.000429792 0.000112816 2.33452e-05 3.95106e-06 5.44114e-07 5.62069e-08 3.14649e-09 0 
0 0.00102495 0.00491913 0.0114684 0.0205088 0.0317037 0.044501 0.0589257 0.0773788 0.0897439 0.0958096 0.0993866 0.101541 0.102666 0.102922 0.102353 0.10091 0.0984236 0.0944928 0.0880869 0.0766127 0.0628605 0.0520285 0.0424317 0.0338178 0.0263105 0.0199587 0.0147356 0.0105535 0.00727075 0.00470258 0.00269522 0.00125158 0.00043833 0.000115507 2.3964e-05 4.06236e-06 5.60046e-07 5.78998e-08 3.24353e-09 0 
0 0.000998262 0.00481613 0.01124 0.0201035 0.031079 0.0436235 0.0575126 0.0752923 0.0885773 0.0949956 0.0987151 0.100937 0.102092 0.102353 0.101766 0.100276 0.0976999 0.0935922 0.0867755 0.0746521 0.0614605 0.0510066 0.0416035 0.0331578 0.0257968 0.0195686 0.0144468 0.0103448 0.00712237 0.00459755 0.00262369 0.00121069 0.000421503 0.000110696 2.2948e-05 3.89355e-06 5.37711e-07 5.57108e-08 3.12828e-09 0 
0 0.000939769 0.00459207 0.0107458 0.0192274 0.0297288 0.0417297 0.0547233 0.0705043 0.0855158 0.0929222 0.0970145 0.0994083 0.100638 0.10091 0.100276 0.0986696 0.0958637 0.0912872 0.0833265 0.0702995 0.0585967 0.0487978 0.0398069 0.0317254 0.0246814 0.0187209 0.0138183 0.00988936 0.00679659 0.00436436 0.002463 0.00111829 0.000383388 9.9735e-05 2.06066e-05 3.49854e-06 4.84493e-07 5.03879e-08 2.84157e-09 0 
0 0.000854693 0.00426467 0.0100282 0.0179564 0.0277705 0.0389852 0.0510079 0.0640533 0.0794243 0.0891271 0.0940156 0.0967539 0.0981302 0.0984236 0.0976999 0.0958637 0.0925879 0.0869905 0.0767694 0.0645504 0.0546611 0.0455989 0.037199 0.029646 0.0230622 0.0174903 0.0129058 0.00922737 0.00632132 0.00402313 0.00222985 0.000987552 0.000330991 8.49612e-05 1.74789e-05 2.97195e-06 4.13442e-07 4.32593e-08 2.4561e-09 0 
0 0.000749648 0.00385512 0.00913836 0.0163829 0.0253468 0.0355894 0.0465476 0.0577075 0.0698868 0.0822493 0.0890135 0.0924838 0.0941556 0.0944928 0.0935922 0.0912872 0.0869905 0.0790358 0.0679525 0.0585274 0.0498955 0.0416419 0.033971 0.0270727 0.0210589 0.0159684 0.0117775 0.00840784 0.00573122 0.0036004 0.00194759 0.000836237 0.000273102 6.91515e-05 1.41884e-05 2.42228e-06 3.39525e-07 3.58529e-08 2.05577e-09 0 
0 0.000632239 0.00338615 0.00813095 0.0146069 0.0226121 0.0317584 0.0415413 0.0513995 0.060927 0.070809 0.0799819 0.0852654 0.0876457 0.0880869 0.0867755 0.0833265 0.0767694 0.0679525 0.0598827 0.0521868 0.044544 0.0371783 0.0303299 0.0241711 0.0188013 0.0142545 0.0105075 0.00748507 0.00506709 0.00313139 0.0016479 0.000685819 0.00021897 5.49654e-05 1.13046e-05 1.94682e-06 2.76084e-07 2.9529e-08 1.7152e-09 0 
0 0.00051058 0.00288065 0.00705878 0.0127269 0.0197192 0.0277065 0.0362494 0.0448502 0.0530073 0.060368 0.0670748 0.0727255 0.0760048 0.0766127 0.0746521 0.0702995 0.0645504 0.0585274 0.0521868 0.0455532 0.0388873 0.0324584 0.0264811 0.0211056 0.0164186 0.0124484 0.0091718 0.0065178 0.00438003 0.00266584 0.00137259 0.000559808 0.000177004 4.45288e-05 9.25106e-06 1.61519e-06 2.32453e-07 2.52217e-08 1.48464e-09 0 
0 0.0003927 0.00236122 0.00596822 0.0108323 0.0168084 0.0236308 0.0309269 0.0382722 0.0452292 0.0513914 0.0564443 0.0602002 0.0624375 0.0628605 0.0614605 0.0585967 0.0546611 0.0498955 0.044544 0.0388873 0.0331987 0.0277129 0.0226133 0.0180284 0.0140322 0.0106485 0.00785359 0.0055825 0.00374686 0.00227619 0.00117224 0.000480689 0.000153678 3.9214e-05 8.26591e-06 1.4623e-06 2.12821e-07 2.33042e-08 1.38168e-09 0 
0 0.000285782 0.00185067 0.00489616 0.00899724 0.0139985 0.0196987 0.0257931 0.031928 0.0377385 0.0428798 0.0470577 0.0500518 0.0517256 0.0520285 0.0510066 0.0487978 0.0455989 0.0416419 0.0371783 0.0324584 0.0277129 0.0231381 0.0188885 0.0150754 0.011771 0.00900304 0.00673416 0.00487092 0.00332691 0.00206498 0.00109621 0.000464795 0.000152559 3.95318e-05 8.38801e-06 1.48558e-06 2.15776e-07 2.35373e-08 1.38857e-09 0 
0 0.00019532 0.0013727 0.00387023 0.00727517 0.0113806 0.0160408 0.0210191 0.0260295 0.0307745 0.034973 0.0383838 0.0408249 0.0421856 0.0424317 0.0416035 0.0398069 0.037199 0.033971 0.0303299 0.0264811 0.0226133 0.0188885 0.0154412 0.0123992 0.00990869 0.00805811 0.00666105 0.00528394 0.00374033 0.00229376 0.00120954 0.000521777 0.000173882 4.50026e-05 9.42776e-06 1.64102e-06 2.34035e-07 2.50799e-08 1.45504e-09 0 
0 0.000124368 0.000951317 0.00291359 0.00569636 0.0090143 0.0127468 0.0167241 0.0207245 0.0245122 0.0278634 0.0305859 0.0325345 0.0336208 0.0338178 0.0331578 0.0317254 0.029646 0.0270727 0.0241711 0.0211056 0.0180284 0.0150754 0.0123992 0.0102968 0.00934946 0.00998171 0.0112183 0.0107862 0.00786971 0.00428201 0.00185741 0.000697641 0.000218645 5.428e-05 1.09408e-05 1.84084e-06 2.54931e-07 2.66231e-08 1.50972e-09 0 
0 7.31839e-05 0.000607237 0.002053 0.00427201 0.00692418 0.00986412 0.0129753 0.016098 0.0190527 0.0216662 0.0237893 0.0253088 0.0261562 0.0263105 0.0257968 0.0246814 0.0230622 0.0210589 0.0188013 0.0164186 0.0140322 0.011771 0.00990869 0.00934946 0.0121666 0.0199436 0.0334683 0.0404489 0.0231452 0.0115982 0.00416274 0.00118354 0.000300474 6.60109e-05 1.23041e-05 1.96865e-06 2.63327e-07 2.67603e-08 1.48299e-09 0 
0 3.95049e-05 0.000352013 0.00132397 0.00300922 0.00510299 0.00739669 0.00979016 0.012177 0.01443 0.0164211 0.0180379 0.0191951 0.0198406 0.0199587 0.0195686 0.0187209 0.0174903 0.0159684 0.0142545 0.0124484 0.0106485 0.00900304 0.00805811 0.00998171 0.0199436 0.0481303 0.0774941 0.0797202 0.0682144 0.0271963 0.00908105 0.00218635 0.000435117 7.85238e-05 1.28823e-05 1.92196e-06 2.47741e-07 2.45771e-08 1.33643e-09 0 
0 1.94444e-05 0.000183173 0.000762814 0.00193314 0.00353008 0.00530859 0.00713689 0.00893486 0.0106195 0.0121033 0.0133064 0.014167 0.0146472 0.0147356 0.0144468 0.0138183 0.0129058 0.0117775 0.0105075 0.0091718 0.00785359 0.00673416 0.00666105 0.0112183 0.0334683 0.0774941 0.0857509 0.0867158 0.0822767 0.0585458 0.0146336 0.00331755 0.000571027 8.57361e-05 1.21107e-05 1.66232e-06 2.06733e-07 2.01505e-08 1.08254e-09 0 
0 8.69059e-06 8.49322e-05 0.000384855 0.00109323 0.00220972 0.00354934 0.0049422 0.00629387 0.00754255 0.00863221 0.00951123 0.0101385 0.0104883 0.0105535 0.0103448 0.00988936 0.00922737 0.00840784 0.00748507 0.0065178 0.0055825 0.00487092 0.00528394 0.0107862 0.0404489 0.0797202 0.0867158 0.0876666 0.0841665 0.0681901 0.0164105 0.00358898 0.000581011 7.77572e-05 9.72986e-06 1.24105e-06 1.503e-07 1.45331e-08 7.78052e-10 0 
0 3.51959e-06 3.50096e-05 0.00016824 0.000527896 0.00119491 0.00211025 0.00313276 0.00414432 0.00507348 0.00587505 0.00651547 0.00696969 0.00722263 0.00727075 0.00712237 0.00679659 0.00632132 0.00573122 0.00506709 0.00438003 0.00374686 0.00332691 0.00374033 0.00786971 0.0231452 0.0682144 0.0822767 0.0841665 0.0785972 0.0426957 0.0119415 0.00265243 0.000422989 5.3904e-05 6.34481e-06 7.81576e-07 9.409e-08 9.13981e-09 4.92339e-10 0 
0 1.29097e-06 1.28536e-05 6.37547e-05 0.000214615 0.00053688 0.00105399 0.00171173 0.00241767 0.00309123 0.00367902 0.00414857 0.0044807 0.0046658 0.00470258 0.00459755 0.00436436 0.00402313 0.0036004 0.00313139 0.00266584 0.00227619 0.00206498 0.00229376 0.00428201 0.0115982 0.0271963 0.0585458 0.0681901 0.0426957 0.0179417 0.00591945 0.00132884 0.000214824 2.74536e-05 3.25995e-06 4.10013e-07 5.04437e-08 4.99151e-09 2.73169e-10 0 
0 4.29027e-07 4.22072e-06 2.11157e-05 7.38336e-05 0.000197834 0.000424713 0.000757135 0.00116129 0.00158433 0.00197625 0.0023005 0.00253451 0.00266697 0.00269522 0.00262369 0.002463 0.00222985 0.00194759 0.0016479 0.00137259 0.00117224 0.00109621 0.00120954 0.00185741 0.00416274 0.00908105 0.0146336 0.0164105 0.0119415 0.00591945 0.00197592 0.000455825 7.64697e-05 1.03045e-05 1.32697e-06 1.79874e-07 2.31852e-08 2.36582e-09 1.32688e-10 0 
0 1.29211e-07 1.24475e-06 6.17723e-06 2.18487e-05 6.06181e-05 0.000137709 0.000263454 0.000435096 0.000635244 0.000838043 0.00101756 0.00115346 0.00123313 0.00125158 0.00121069 0.00111829 0.000987552 0.000836237 0.000685819 0.000559808 0.000480689 0.000464795 0.000521777 0.000697641 0.00118354 0.00218635 0.00331755 0.00358898 0.00265243 0.00132884 0.000455825 0.000109925 1.97312e-05 2.9844e-06 4.44459e-07 6.70987e-08 9.18408e-09 9.74552e-10 5.64101e-11 0 
0 3.52258e-08 3.30437e-07 1.60949e-06 5.65633e-06 1.58342e-05 3.68847e-05 7.33604e-05 0.000127041 0.00019491 0.000269201 0.00033949 0.000395571 0.000429792 0.00043833 0.000421503 0.000383388 0.000330991 0.000273102 0.00021897 0.000177004 0.000153678 0.000152559 0.000173882 0.000218645 0.000300474 0.000435117 0.000571027 0.000581011 0.000422989 0.000214824 7.64697e-05 1.97312e-05 4.00249e-06 7.25697e-07 1.28654e-07 2.1652e-08 3.15196e-09 3.49427e-10 2.09822e-11 0 
0 8.65741e-09 7.88377e-08 3.74652e-07 1.29462e-06 3.59842e-06 8.41162e-06 1.69571e-05 2.99972e-05 4.72236e-05 6.69721e-05 8.64884e-05 0.000102649 0.000112816 0.000115507 0.000110696 9.9735e-05 8.49612e-05 6.91515e-05 5.49654e-05 4.45288e-05 3.9214e-05 3.95318e-05 4.50026e-05 5.428e-05 6.60109e-05 7.85238e-05 8.57361e-05 7.77572e-05 5.3904e-05 2.74536e-05 1.03045e-05 2.9844e-06 7.25697e-07 1.60811e-07 3.31141e-08 6.08912e-09 9.38924e-10 1.08981e-10 6.81204e-12 0 
0 1.89983e-09 1.67742e-08 7.75517e-08 2.6208e-07 7.17049e-07 1.66165e-06 3.34363e-06 5.93889e-06 9.42697e-06 1.35095e-05 1.76314e-05 2.11132e-05 2.33452e-05 2.3964e-05 2.2948e-05 2.06066e-05 1.74789e-05 1.41884e-05 1.13046e-05 9.25106e-06 8.26591e-06 8.38801e-06 9.42776e-06 1.09408e-05 1.23041e-05 1.28823e-05 1.21107e-05 9.72986e-06 6.34481e-06 3.25995e-06 1.32697e-06 4.44459e-07 1.28654e-07 3.31141e-08 7.54802e-09 1.48595e-09 2.41701e-10 2.93948e-11 1.91632e-12 0 
0 3.64857e-10 3.12336e-09 1.4036e-08 4.62831e-08 1.24142e-07 2.83468e-07 5.64895e-07 9.98157e-07 1.58194e-06 2.26925e-06 2.96868e-06 3.56478e-06 3.95106e-06 4.06236e-06 3.89355e-06 3.49854e-06 2.97195e-06 2.42228e-06 1.94682e-06 1.61519e-06 1.4623e-06 1.48558e-06 1.64102e-06 1.84084e-06 1.96865e-06 1.92196e-06 1.66232e-06 1.24105e-06 7.81576e-07 4.10013e-07 1.79874e-07 6.70987e-08 2.1652e-08 6.08912e-09 1.48595e-09 3.09527e-10 5.29549e-11 6.7463e-12 4.5901e-13 0 
0 5.87625e-11 4.88105e-10 2.13279e-09 6.85907e-09 1.80096e-08 4.04185e-08 7.94823e-08 1.39106e-07 2.1907e-07 3.13078e-07 4.08838e-07 4.90705e-07 5.44114e-07 5.60046e-07 5.37711e-07 4.84493e-07 4.13442e-07 3.39525e-07 2.76084e-07 2.32453e-07 2.12821e-07 2.15776e-07 2.34035e-07 2.54931e-07 2.63327e-07 2.47741e-07 2.06733e-07 1.503e-07 9.409e-08 5.04437e-08 2.31852e-08 9.18408e-09 3.15196e-09 9.38924e-10 2.41701e-10 5.29549e-11 9.50525e-12 1.26709e-12 8.99462e-14 0 
0 7.16623e-12 5.78326e-11 2.45967e-10 7.71945e-10 1.9841e-09 4.37353e-09 8.47599e-09 1.4667e-08 2.29046e-08 3.25421e-08 4.23374e-08 5.07152e-08 5.62069e-08 5.78998e-08 5.57108e-08 5.03879e-08 4.32593e-08 3.58529e-08 2.9529e-08 2.52217e-08 2.33042e-08 2.35373e-08 2.50799e-08 2.66231e-08 2.67603e-08 2.45771e-08 2.01505e-08 1.45331e-08 9.13981e-09 4.99151e-09 2.36582e-09 9.74552e-10 3.49427e-10 1.08981e-10 2.93948e-11 6.7463e-12 1.26709e-12 1.76427e-13 1.30528e-14 0 
0 4.72934e-13 3.71391e-12 1.53969e-11 4.72101e-11 1.18872e-10 2.57445e-10 4.91668e-10 8.40821e-10 1.30118e-09 1.83639e-09 2.37842e-09 2.84164e-09 3.14649e-09 3.24353e-09 3.12828e-09 2.84157e-09 2.4561e-09 2.05577e-09 1.7152e-09 1.48464e-09 1.38168e-09 1.38857e-09 1.45504e-09 1.50972e-09 1.48299e-09 1.33643e-09 1.08254e-09 7.78052e-10 4.92339e-10 2.73169e-10 1.32688e-10 5.64101e-11 2.09822e-11 6.81204e-12 1.91632e-12 4.5901e-13 8.99462e-14 1.30528e-14 1.00492e-15 0 
0 0 0 0 0 0 0 0 0 0 0 0 0 0 0 0 0 0 0 0 0 0 0 0 0 0 0 0 0 0 0 0 0 0 0 0 0 0 0 0 0 
