0 0 0 0 0 0 0 0 0 0 0 0 0 0 0 0 0 0 0 0 0 0 0 0 0 0 0 0 0 0 0 0 0 0 0 0 0 0 0 0 0 
0 2.39218e-07 2.15496e-06 9.70405e-06 3.03119e-05 7.30025e-05 0.00014359 0.000240656 0.00035564 0.000476125 0.000589425 0.000684861 0.000754711 0.000794377 0.000802202 0.00077915 0.000728435 0.000655117 0.00056565 0.000467368 0.000367869 0.000274278 0.000192434 0.00012613 7.66654e-05 4.29172e-05 2.20001e-05 1.02851e-05 4.37549e-06 1.69289e-06 5.9599e-07 1.91076e-07 5.57973e-08 1.48195e-08 3.56356e-09 7.68031e-10 1.45333e-10 2.31265e-11 2.79289e-12 1.82861e-13 0 
0 2.15496e-06 1.99718e-05 8.99123e-05 0.000270476 0.00060657 0.00108985 0.00166479 0.00226457 0.00283418 0.00333396 0.00373609 0.00402191 0.00418089 0.0042104 0.00411526 0.00390687 0.00360174 0.00322002 0.00278407 0.00231755 0.00184519 0.00139258 0.000985166 0.000645046 0.000385924 0.000208664 0.000101197 4.38873e-05 1.7037e-05 5.94149e-06 1.8695e-06 5.32553e-07 1.3749e-07 3.20823e-08 6.7068e-09 1.23152e-09 1.90353e-10 2.23592e-11 1.42607e-12 0 
0 9.70405e-06 8.99123e-05 0.000385494 0.00105049 0.00208276 0.00333704 0.00466816 0.00597979 0.00720167 0.0082722 0.00913727 0.00975475 0.0100986 0.010161 0.00995208 0.00949784 0.00883662 0.00801456 0.00708076 0.00608267 0.0050627 0.00405724 0.00309911 0.00222286 0.00146829 0.000874167 0.0004603 0.00021193 8.51768e-05 3.00697e-05 9.41576e-06 2.63907e-06 6.65853e-07 1.51308e-07 3.07594e-08 5.49194e-09 8.25987e-10 9.45193e-11 5.88147e-12 0 
0 3.03119e-05 0.000270476 0.00105049 0.0025069 0.00442794 0.00658249 0.0088378 0.0110839 0.0132018 0.0150727 0.0165917 0.0176785 0.0182842 0.0183934 0.0180238 0.0172222 0.0160578 0.014615 0.0129844 0.0112554 0.00950811 0.00780773 0.00620111 0.00471829 0.00338279 0.00222881 0.00130824 0.000664575 0.000287423 0.000105927 3.37143e-05 9.42345e-06 2.34335e-06 5.2147e-07 1.035e-07 1.80239e-08 2.64448e-09 2.95469e-10 1.79739e-11 0 
0 7.30025e-05 0.00060657 0.00208276 0.00442794 0.00730288 0.0105224 0.0139392 0.017372 0.0206221 0.0234983 0.0258355 0.0275084 0.0284406 0.0286083 0.0280387 0.0268039 0.0250113 0.0227915 0.0202857 0.0176337 0.0149631 0.0123808 0.00996748 0.00777281 0.00581687 0.00410253 0.00264509 0.00149707 0.000716044 0.000284187 9.42804e-05 2.67319e-05 6.62323e-06 1.45361e-06 2.83083e-07 4.82656e-08 6.92999e-09 7.58055e-10 4.51901e-11 0 
0 0.00014359 0.00108985 0.00333704 0.00658249 0.0105224 0.0149878 0.0197575 0.0245606 0.0291122 0.0331417 0.0364166 0.038761 0.0400675 0.0403024 0.0395038 0.037773 0.0352608 0.0321506 0.0286409 0.0249283 0.0211929 0.0175876 0.0142301 0.0111991 0.00853207 0.00622724 0.00426086 0.00263092 0.00139375 0.000606957 0.000214678 6.28618e-05 1.57057e-05 3.42639e-06 6.58332e-07 1.10359e-07 1.55597e-08 1.6713e-09 9.78928e-11 0 
0 0.000240656 0.00166479 0.00466816 0.0088378 0.0139392 0.0197575 0.0259842 0.0322581 0.038205 0.0434706 0.0477524 0.0508239 0.0525425 0.0528526 0.0518004 0.0495287 0.0462415 0.0421766 0.037591 0.0327414 0.0278637 0.0231586 0.0187819 0.0148408 0.0113925 0.00844524 0.00596381 0.00389748 0.00224316 0.00107175 0.000409419 0.000125665 3.20218e-05 6.99832e-06 1.33391e-06 2.20783e-07 3.06752e-08 3.24529e-09 1.87278e-10 0 
0 0.00035564 0.00226457 0.00597979 0.0110839 0.017372 0.0245606 0.0322581 0.0400156 0.0473698 0.053892 0.0592511 0.0632113 0.0655168 0.0659438 0.0645145 0.0615245 0.05735 0.0522894 0.0466143 0.040618 0.0345881 0.0287731 0.0233667 0.0185029 0.0142567 0.0106468 0.00763917 0.00516005 0.00314696 0.00162621 0.000671397 0.000217838 5.71091e-05 1.25866e-05 2.39176e-06 3.92418e-07 5.39093e-08 5.63434e-09 3.21205e-10 0 
0 0.000476125 0.00283418 0.00720167 0.0132018 0.0206221 0.0291122 0.038205 0.0473698 0.0560729 0.0639034 0.0706425 0.0758135 0.0787474 0.0792844 0.0775108 0.0736181 0.0681983 0.0619529 0.0551798 0.048088 0.0409652 0.0340973 0.0277134 0.0219728 0.016966 0.0127196 0.00920244 0.00633222 0.00400833 0.00219752 0.000971681 0.000333538 9.03768e-05 2.01806e-05 3.83825e-06 6.26385e-07 8.53453e-08 8.83672e-09 4.98956e-10 0 
0 0.000589425 0.00333396 0.0082722 0.0150727 0.0234983 0.0331417 0.0434706 0.053892 0.0639034 0.0732826 0.0812587 0.0864472 0.0889934 0.0894558 0.087994 0.084401 0.0784283 0.0708396 0.0628378 0.054713 0.0466155 0.0388146 0.0315644 0.0250463 0.0193641 0.0145505 0.0105755 0.00735357 0.00476305 0.0027215 0.00127107 0.000459007 0.000128559 2.91465e-05 5.5631e-06 9.05462e-07 1.22683e-07 1.26164e-08 7.07277e-10 0 
0 0.000684861 0.00373609 0.00913727 0.0165917 0.0258355 0.0364166 0.0477524 0.0592511 0.0706425 0.0812587 0.0887445 0.0929707 0.0950284 0.0954191 0.0942602 0.0913836 0.0862817 0.0784825 0.0692829 0.0601384 0.051215 0.042653 0.034698 0.0275471 0.0213149 0.0160385 0.0116883 0.00817627 0.00536986 0.00315309 0.00153281 0.000576689 0.000166301 3.8266e-05 7.33851e-06 1.19355e-06 1.6117e-07 1.64991e-08 9.20377e-10 0 
0 0.000754711 0.00402191 0.00975475 0.0176785 0.0275084 0.038761 0.0508239 0.0632113 0.0758135 0.0864472 0.0929707 0.0966485 0.0984726 0.0988305 0.0978161 0.0953043 0.0908889 0.0837961 0.0741483 0.0641013 0.0545204 0.0454066 0.0369463 0.0293417 0.0227149 0.0171062 0.0124858 0.00876407 0.00580241 0.00346477 0.00172966 0.000670117 0.000197617 4.60334e-05 8.86985e-06 1.44329e-06 1.94581e-07 1.98689e-08 1.10516e-09 0 
0 0.000794377 0.00418089 0.0100986 0.0182842 0.0284406 0.0400675 0.0525425 0.0655168 0.0787474 0.0889934 0.0950284 0.0984726 0.100198 0.100542 0.0995904 0.0972356 0.0931252 0.086511 0.0769429 0.0663764 0.056378 0.0469496 0.0382067 0.0303485 0.0235011 0.0177063 0.0129345 0.00909497 0.00604638 0.00364265 0.00184548 0.000727416 0.000217529 5.10922e-05 9.8816e-06 1.60979e-06 2.16998e-07 2.21422e-08 1.23047e-09 0 
0 0.000802202 0.0042104 0.010161 0.0183934 0.0286083 0.0403024 0.0528526 0.0659438 0.0792844 0.0894558 0.0954191 0.0988305 0.100542 0.100886 0.0999437 0.0976125 0.0935482 0.0870117 0.0774722 0.06681 0.0567289 0.0472421 0.0384472 0.0305422 0.0236538 0.0178245 0.0130245 0.0091632 0.00609899 0.00368368 0.00187445 0.000742918 0.000223281 5.26321e-05 1.02033e-05 1.66485e-06 2.24693e-07 2.2952e-08 1.27681e-09 0 
0 0.00077915 0.00411526 0.00995208 0.0180238 0.0280387 0.0395038 0.0518004 0.0645145 0.0775108 0.087994 0.0942602 0.0978161 0.0995904 0.0999437 0.0989646 0.0965393 0.0922924 0.0854551 0.0758006 0.0654395 0.0556223 0.046328 0.0377041 0.029952 0.0231962 0.0174786 0.0127695 0.00897948 0.00596873 0.00359401 0.00181971 0.000717369 0.00021486 5.06048e-05 9.82085e-06 1.60589e-06 2.17326e-07 2.2267e-08 1.24273e-09 0 
0 0.000728435 0.00390687 0.00949784 0.0172222 0.0268039 0.037773 0.0495287 0.0615245 0.0736181 0.084401 0.0913836 0.0953043 0.0972356 0.0976125 0.0965393 0.0938751 0.0891709 0.0817141 0.0721651 0.0625061 0.0532095 0.0443261 0.0360742 0.0286555 0.0221893 0.0167154 0.0122048 0.0085696 0.00567448 0.00338817 0.00169231 0.000657328 0.000194845 4.57038e-05 8.87538e-06 1.45615e-06 1.98003e-07 2.03999e-08 1.14536e-09 0 
0 0.000655117 0.00360174 0.00883662 0.0160578 0.0250113 0.0352608 0.0462415 0.05735 0.0681983 0.0784283 0.0862817 0.0908889 0.0931252 0.0935482 0.0922924 0.0891709 0.0836938 0.0758373 0.0670829 0.0583341 0.0497084 0.0414127 0.0337018 0.0267684 0.0207239 0.0156047 0.0113825 0.00797192 0.00524454 0.0030888 0.0015106 0.000574084 0.00016773 3.9149e-05 7.61721e-06 1.25708e-06 1.72296e-07 1.79123e-08 1.01541e-09 0 
0 0.00056565 0.00322002 0.00801456 0.014615 0.0227915 0.0321506 0.0421766 0.0522894 0.0619529 0.0708396 0.0784825 0.0837961 0.086511 0.0870117 0.0854551 0.0817141 0.0758373 0.0686922 0.0610773 0.0532286 0.0453747 0.0378028 0.0307631 0.0244321 0.0189111 0.0142323 0.0103676 0.00723465 0.00471606 0.00272741 0.00129988 0.000482194 0.000138975 3.23748e-05 6.33766e-06 1.05696e-06 1.46719e-07 1.54634e-08 8.88943e-10 0 
0 0.000467368 0.00278407 0.00708076 0.0129844 0.0202857 0.0286409 0.037591 0.0466143 0.0551798 0.0628378 0.0692829 0.0741483 0.0769429 0.0774722 0.0758006 0.0721651 0.0670829 0.0610773 0.0544538 0.0474871 0.040484 0.0337294 0.027449 0.0218002 0.0168723 0.0126926 0.00923252 0.00641432 0.00413669 0.00234648 0.00109189 0.000397748 0.000114036 2.674e-05 5.30709e-06 9.00366e-07 1.27281e-07 1.36601e-08 7.98998e-10 0 
0 0.000367869 0.00231755 0.00608267 0.0112554 0.0176337 0.0249283 0.0327414 0.040618 0.048088 0.054713 0.0601384 0.0641013 0.0663764 0.06681 0.0654395 0.0625061 0.0583341 0.0532286 0.0474871 0.0414168 0.0353115 0.0294234 0.0239493 0.0190257 0.0147295 0.0110821 0.00805484 0.00557765 0.00356956 0.00200207 0.00092329 0.000336555 9.76587e-05 2.33483e-05 4.73731e-06 8.21376e-07 1.18463e-07 1.29407e-08 7.68514e-10 0 
0 0.000274278 0.00184519 0.0050627 0.00950811 0.0149631 0.0211929 0.0278637 0.0345881 0.0409652 0.0466155 0.051215 0.0545204 0.056378 0.0567289 0.0556223 0.0532095 0.0497084 0.0453747 0.040484 0.0353115 0.0301107 0.0250971 0.0204383 0.0162504 0.0125982 0.00949853 0.00692399 0.00481366 0.0031015 0.00176287 0.000831705 0.000312437 9.35416e-05 2.29848e-05 4.76567e-06 8.3977e-07 1.22524e-07 1.34893e-08 8.04937e-10 0 
0 0.000192434 0.00139258 0.00405724 0.00780773 0.0123808 0.0175876 0.0231586 0.0287731 0.0340973 0.0388146 0.042653 0.0454066 0.0469496 0.0472421 0.046328 0.0443261 0.0414127 0.0378028 0.0337294 0.0294234 0.0250971 0.0209308 0.0170654 0.0136012 0.0106012 0.00808604 0.00601664 0.00430361 0.00287107 0.00170572 0.000848906 0.000335512 0.000104108 2.60627e-05 5.437e-06 9.56691e-07 1.38792e-07 1.51579e-08 8.9609e-10 0 
0 0.00012613 0.000985166 0.00309911 0.00620111 0.00996748 0.0142301 0.0187819 0.0233667 0.0277134 0.0315644 0.034698 0.0369463 0.0382067 0.0384472 0.0377041 0.0360742 0.0337018 0.0307631 0.027449 0.0239493 0.0204383 0.0170654 0.0139538 0.0112188 0.00898971 0.00733857 0.00608492 0.0048267 0.00339461 0.00203902 0.00102761 0.000415806 0.000130592 3.24777e-05 6.65776e-06 1.14682e-06 1.6278e-07 1.74064e-08 1.00877e-09 0 
0 7.66654e-05 0.000645046 0.00222286 0.00471829 0.00777281 0.0111991 0.0148408 0.0185029 0.0219728 0.0250463 0.0275471 0.0293417 0.0303485 0.0305422 0.029952 0.0286555 0.0267684 0.0244321 0.0218002 0.0190257 0.0162504 0.0136012 0.0112188 0.00937133 0.00857862 0.00921913 0.0103934 0.0100018 0.00729339 0.00395399 0.00168637 0.000603175 0.000176786 4.16501e-05 8.14953e-06 1.35164e-06 1.85898e-07 1.93414e-08 1.0941e-09 0 
0 4.29172e-05 0.000385924 0.00146829 0.00338279 0.00581687 0.00853207 0.0113925 0.0142567 0.016966 0.0193641 0.0213149 0.0227149 0.0235011 0.0236538 0.0231962 0.0221893 0.0207239 0.0189111 0.0168723 0.0147295 0.0125982 0.0106012 0.00898971 0.00857862 0.0112613 0.0185163 0.0273792 0.031064 0.0212837 0.0107729 0.00385699 0.00107677 0.000258271 5.31214e-05 9.48916e-06 1.48796e-06 1.97309e-07 1.99644e-08 1.10325e-09 0 
0 2.20001e-05 0.000208664 0.000874167 0.00222881 0.00410253 0.00622724 0.00844524 0.0106468 0.0127196 0.0145505 0.0160385 0.0171062 0.0177063 0.0178245 0.0174786 0.0167154 0.0156047 0.0142323 0.0126926 0.0110821 0.00949853 0.00808604 0.00733857 0.00921913 0.0185163 0.0394957 0.0723915 0.0788209 0.0565061 0.0250687 0.00843632 0.00202206 0.00038966 6.58344e-05 1.02087e-05 1.47976e-06 1.88608e-07 1.86227e-08 1.00983e-09 0 
0 1.02851e-05 0.000101197 0.0004603 0.00130824 0.00264509 0.00426086 0.00596381 0.00763917 0.00920244 0.0105755 0.0116883 0.0124858 0.0129345 0.0130245 0.0127695 0.0122048 0.0113825 0.0103676 0.00923252 0.00805484 0.00692399 0.00601664 0.00608492 0.0103934 0.0273792 0.0723915 0.0876406 0.089558 0.0832524 0.0474232 0.0135927 0.00307864 0.00052094 7.40502e-05 9.81633e-06 1.29679e-06 1.58936e-07 1.54122e-08 8.25807e-10 0 
0 4.37549e-06 4.38873e-05 0.00021193 0.000664575 0.00149707 0.00263092 0.00389748 0.00516005 0.00633222 0.00735357 0.00817627 0.00876407 0.00909497 0.0091632 0.00897948 0.0085696 0.00797192 0.00723465 0.00641432 0.00557765 0.00481366 0.00430361 0.0048267 0.0100018 0.031064 0.0788209 0.089558 0.0909816 0.0857944 0.0567747 0.0149861 0.00333262 0.000533158 6.82138e-05 8.01039e-06 9.76973e-07 1.1626e-07 1.11803e-08 5.9711e-10 0 
0 1.69289e-06 1.7037e-05 8.51768e-05 0.000287423 0.000716044 0.00139375 0.00224316 0.00314696 0.00400833 0.00476305 0.00536986 0.00580241 0.00604638 0.00609899 0.00596873 0.00567448 0.00524454 0.00471606 0.00413669 0.00356956 0.0031015 0.00287107 0.00339461 0.00729339 0.0212837 0.0565061 0.0832524 0.0857944 0.0766682 0.0348388 0.0110983 0.00246238 0.00038796 4.74576e-05 5.25608e-06 6.1801e-07 7.30356e-08 7.05675e-09 3.79316e-10 0 
0 5.9599e-07 5.94149e-06 3.00697e-05 0.000105927 0.000284187 0.000606957 0.00107175 0.00162621 0.00219752 0.0027215 0.00315309 0.00346477 0.00364265 0.00368368 0.00359401 0.00338817 0.0030888 0.00272741 0.00234648 0.00200207 0.00176287 0.00170572 0.00203902 0.00395399 0.0107729 0.0250687 0.0474232 0.0567747 0.0348388 0.0166759 0.00550052 0.0012316 0.000195885 2.40188e-05 2.69097e-06 3.24067e-07 3.92135e-08 3.86248e-09 2.11002e-10 0 
0 1.91076e-07 1.8695e-06 9.41576e-06 3.37143e-05 9.42804e-05 0.000214678 0.000409419 0.000671397 0.000971681 0.00127107 0.00153281 0.00172966 0.00184548 0.00187445 0.00181971 0.00169231 0.0015106 0.00129988 0.00109189 0.00092329 0.000831705 0.000848906 0.00102761 0.00168637 0.00385699 0.00843632 0.0135927 0.0149861 0.0110983 0.00550052 0.00183385 0.000419932 6.88242e-05 8.87304e-06 1.08229e-06 1.41591e-07 1.80261e-08 1.83316e-09 1.02667e-10 0 
0 5.57973e-08 5.32553e-07 2.63907e-06 9.42345e-06 2.67319e-05 6.28618e-05 0.000125665 0.000217838 0.000333538 0.000459007 0.000576689 0.000670117 0.000727416 0.000742918 0.000717369 0.000657328 0.000574084 0.000482194 0.000397748 0.000336555 0.000312437 0.000335512 0.000415806 0.000603175 0.00107677 0.00202206 0.00307864 0.00333262 0.00246238 0.0012316 0.000419932 9.96777e-05 1.73484e-05 2.50482e-06 3.56465e-07 5.25414e-08 7.13772e-09 7.55757e-10 4.36982e-11 0 
0 1.48195e-08 1.3749e-07 6.65853e-07 2.34335e-06 6.62323e-06 1.57057e-05 3.20218e-05 5.71091e-05 9.03768e-05 0.000128559 0.000166301 0.000197617 0.000217529 0.000223281 0.00021486 0.000194845 0.00016773 0.000138975 0.000114036 9.76587e-05 9.35416e-05 0.000104108 0.000130592 0.000176786 0.000258271 0.00038966 0.00052094 0.000533158 0.00038796 0.000195885 6.88242e-05 1.73484e-05 3.39497e-06 5.90398e-07 1.01587e-07 1.68843e-08 2.44875e-09 2.71117e-10 1.62666e-11 0 
0 3.56356e-09 3.20823e-08 1.51308e-07 5.2147e-07 1.45361e-06 3.42639e-06 6.99832e-06 1.25866e-05 2.01806e-05 2.91465e-05 3.8266e-05 4.60334e-05 5.10922e-05 5.26321e-05 5.06048e-05 4.57038e-05 3.9149e-05 3.23748e-05 2.674e-05 2.33483e-05 2.29848e-05 2.60627e-05 3.24777e-05 4.16501e-05 5.31214e-05 6.58344e-05 7.40502e-05 6.82138e-05 4.74576e-05 2.40188e-05 8.87304e-06 2.50482e-06 5.90398e-07 1.27478e-07 2.58914e-08 4.73736e-09 7.29305e-10 8.4584e-11 5.28381e-12 0 
0 7.68031e-10 6.7068e-09 3.07594e-08 1.035e-07 2.83083e-07 6.58332e-07 1.33391e-06 2.39176e-06 3.83825e-06 5.5631e-06 7.33851e-06 8.86985e-06 9.8816e-06 1.02033e-05 9.82085e-06 8.87538e-06 7.61721e-06 6.33766e-06 5.30709e-06 4.73731e-06 4.76567e-06 5.437e-06 6.65776e-06 8.14953e-06 9.48916e-06 1.02087e-05 9.81633e-06 8.01039e-06 5.25608e-06 2.69097e-06 1.08229e-06 3.56465e-07 1.01587e-07 2.58914e-08 5.87584e-09 1.15489e-09 1.8772e-10 2.28184e-11 1.48689e-12 0 
0 1.45333e-10 1.23152e-09 5.49194e-09 1.80239e-08 4.82656e-08 1.10359e-07 2.20783e-07 3.92418e-07 6.26385e-07 9.05462e-07 1.19355e-06 1.44329e-06 1.60979e-06 1.66485e-06 1.60589e-06 1.45615e-06 1.25708e-06 1.05696e-06 9.00366e-07 8.21376e-07 8.3977e-07 9.56691e-07 1.14682e-06 1.35164e-06 1.48796e-06 1.47976e-06 1.29679e-06 9.76973e-07 6.1801e-07 3.24067e-07 1.41591e-07 5.25414e-08 1.68843e-08 4.73736e-09 1.15489e-09 2.40453e-10 4.11235e-11 5.23728e-12 3.56214e-13 0 
0 2.31265e-11 1.90353e-10 8.25987e-10 2.64448e-09 6.92999e-09 1.55597e-08 3.06752e-08 5.39093e-08 8.53453e-08 1.22683e-07 1.6117e-07 1.94581e-07 2.16998e-07 2.24693e-07 2.17326e-07 1.98003e-07 1.72296e-07 1.46719e-07 1.27281e-07 1.18463e-07 1.22524e-07 1.38792e-07 1.6278e-07 1.85898e-07 1.97309e-07 1.88608e-07 1.58936e-07 1.1626e-07 7.30356e-08 3.92135e-08 1.80261e-08 7.13772e-09 2.44875e-09 7.29305e-10 1.8772e-10 4.11235e-11 7.38038e-12 9.83635e-13 6.98076e-14 0 
0 2.79289e-12 2.23592e-11 9.45193e-11 2.95469e-10 7.58055e-10 1.6713e-09 3.24529e-09 5.63434e-09 8.83672e-09 1.26164e-08 1.64991e-08 1.98689e-08 2.21422e-08 2.2952e-08 2.2267e-08 2.03999e-08 1.79123e-08 1.54634e-08 1.36601e-08 1.29407e-08 1.34893e-08 1.51579e-08 1.74064e-08 1.93414e-08 1.99644e-08 1.86227e-08 1.54122e-08 1.11803e-08 7.05675e-09 3.86248e-09 1.83316e-09 7.55757e-10 2.71117e-10 8.4584e-11 2.28184e-11 5.23728e-12 9.83635e-13 1.36946e-13 1.01302e-14 0 
0 1.82861e-13 1.42607e-12 5.88147e-12 1.79739e-11 4.51901e-11 9.78928e-11 1.87278e-10 3.21205e-10 4.98956e-10 7.07277e-10 9.20377e-10 1.10516e-09 1.23047e-09 1.27681e-09 1.24273e-09 1.14536e-09 1.01541e-09 8.88943e-10 7.98998e-10 7.68514e-10 8.04937e-10 8.9609e-10 1.00877e-09 1.0941e-09 1.10325e-09 1.00983e-09 8.25807e-10 5.9711e-10 3.79316e-10 2.11002e-10 1.02667e-10 4.36982e-11 1.62666e-11 5.28381e-12 1.48689e-12 3.56214e-13 6.98076e-14 1.01302e-14 7.79855e-16 0 
0 0 0 0 0 0 0 0 0 0 0 0 0 0 0 0 0 0 0 0 0 0 0 0 0 0 0 0 0 0 0 0 0 0 0 0 0 0 0 0 0 
