0 0 0 0 0 0 0 0 0 0 0 0 0 0 0 0 0 0 0 0 0 0 0 0 0 0 0 0 0 0 0 0 0 0 0 0 0 0 0 0 0 
0 1.35914e-07 1.23588e-06 5.66928e-06 1.82111e-05 4.5427e-05 9.28303e-05 0.000161465 0.000246629 0.000339383 0.000429298 0.000506785 0.000564449 0.000597626 0.000604413 0.000585465 0.000543646 0.000483601 0.000411249 0.000333188 0.000256 0.000185484 0.000125929 7.95765e-05 4.65027e-05 2.49895e-05 1.22961e-05 5.5255e-06 2.26536e-06 8.47563e-07 2.89649e-07 9.04917e-08 2.5846e-08 6.73694e-09 1.59472e-09 3.39236e-10 6.35041e-11 1.00161e-11 1.20086e-12 7.81593e-14 0 
0 1.23588e-06 1.16213e-05 5.39322e-05 0.000169937 0.000403011 0.000765721 0.00122772 0.00173472 0.00223251 0.00267811 0.00304085 0.00330054 0.00344593 0.00347388 0.00338853 0.00320035 0.0029249 0.00258165 0.00219282 0.00178265 0.00137664 0.00100026 0.000676252 0.000420491 0.000237928 0.00012154 5.58152e-05 2.30354e-05 8.56558e-06 2.88109e-06 8.79979e-07 2.44684e-07 6.19474e-08 1.42294e-08 2.93737e-09 5.33956e-10 8.18704e-11 9.55505e-12 6.0629e-13 0 
0 5.66928e-06 5.39322e-05 0.000243574 0.000713099 0.00152109 0.00258509 0.00376691 0.00495348 0.00606473 0.00703895 0.00782602 0.00838801 0.00870171 0.0087601 0.00857224 0.00816133 0.00756159 0.00681424 0.00596339 0.00505244 0.00412216 0.00321116 0.00235869 0.00160675 0.000995882 0.000551565 0.000269524 0.000115688 4.37694e-05 1.47164e-05 4.43737e-06 1.2085e-06 2.98344e-07 6.66819e-08 1.33855e-08 2.36687e-09 3.53337e-10 4.0201e-11 2.49032e-12 0 
0 1.82111e-05 0.000169937 0.000713099 0.0018565 0.00350998 0.00544233 0.00748364 0.00951573 0.0114296 0.0131195 0.0144919 0.0154748 0.0160238 0.0161248 0.0157936 0.0150719 0.0140219 0.0127191 0.0112448 0.00967849 0.00809115 0.00654101 0.00507269 0.00372294 0.00253264 0.00155453 0.000837522 0.000388543 0.000154538 5.31776e-05 1.60746e-05 4.32971e-06 1.04883e-06 2.29091e-07 4.48641e-08 7.73706e-09 1.1271e-09 1.25265e-10 7.58975e-12 0 
0 4.5427e-05 0.000403011 0.00152109 0.00350998 0.00607847 0.00898121 0.0120595 0.0151505 0.0180781 0.0206706 0.0227791 0.0242902 0.0251341 0.0252889 0.0247784 0.0236673 0.0220524 0.0200512 0.017791 0.0153973 0.0129843 0.0106468 0.00845499 0.00645292 0.00466515 0.00311731 0.00185962 0.000954573 0.000411657 0.000148991 4.60412e-05 1.2421e-05 2.97649e-06 6.3887e-07 1.22559e-07 2.06815e-08 2.94811e-09 3.20843e-10 1.90558e-11 0 
0 9.28303e-05 0.000765721 0.00258509 0.00544233 0.00898121 0.0129942 0.0172811 0.0216016 0.0256999 0.0293319 0.032287 0.034405 0.035588 0.0358046 0.0350886 0.0335307 0.0312669 0.0284629 0.0252977 0.0219489 0.0185786 0.0153237 0.0122886 0.00954097 0.00711179 0.00500475 0.00322648 0.00182437 0.000865776 0.000337146 0.000108664 2.97778e-05 7.12409e-06 1.51195e-06 2.85426e-07 4.73009e-08 6.61837e-09 7.07224e-10 4.1275e-11 0 
0 0.000161465 0.00122772 0.00376691 0.00748364 0.0120595 0.0172811 0.0228759 0.0285206 0.0338775 0.0386261 0.0424903 0.0452604 0.0468081 0.0470917 0.0461551 0.0441177 0.0411577 0.0374919 0.0333549 0.0289795 0.0245787 0.0203334 0.0163829 0.0128214 0.00969662 0.00701213 0.0047444 0.00288807 0.00149948 0.000634654 0.00021668 6.11087e-05 1.47293e-05 3.11036e-06 5.80504e-07 9.48306e-08 1.30659e-08 1.37478e-09 7.90433e-11 0 
0 0.000246629 0.00173472 0.00495348 0.00951573 0.0151505 0.0216016 0.0285206 0.0355038 0.0421323 0.048009 0.0527948 0.0562347 0.0581651 0.0585205 0.0573515 0.0548173 0.0511478 0.0466104 0.041492 0.0360796 0.0306375 0.0253899 0.0205111 0.0161205 0.0122824 0.00900831 0.00626483 0.0040049 0.00223356 0.00102354 0.000372782 0.000109229 2.67304e-05 5.64815e-06 1.0467e-06 1.69158e-07 2.30228e-08 2.39204e-09 1.35837e-10 0 
0 0.000339383 0.00223251 0.00606473 0.0114296 0.0180781 0.0256999 0.0338775 0.0421323 0.0499688 0.0569245 0.0626196 0.0667605 0.0691128 0.0695503 0.0681233 0.0650535 0.0606607 0.0552758 0.0492218 0.0428243 0.0363927 0.0301926 0.0244306 0.0192495 0.0147283 0.0108862 0.00768876 0.00506657 0.00297399 0.00145657 0.000564827 0.000172664 4.31197e-05 9.15699e-06 1.69118e-06 2.71267e-07 3.65779e-08 3.76293e-09 2.11587e-10 0 
0 0.000429298 0.00267811 0.00703895 0.0131195 0.0206706 0.0293319 0.0386261 0.048009 0.0569245 0.0648769 0.0714511 0.0762345 0.0789071 0.0794024 0.0778014 0.0742778 0.0691884 0.0629927 0.0560855 0.0488104 0.0415008 0.0344552 0.027909 0.0220252 0.0168953 0.0125447 0.00893973 0.00600025 0.00364497 0.0018779 0.000768758 0.00024484 6.25129e-05 1.3378e-05 2.46922e-06 3.94185e-07 5.28002e-08 5.39196e-09 3.00932e-10 0 
0 0.000506785 0.00304085 0.00782602 0.0144919 0.0227791 0.032287 0.0424903 0.0527948 0.0626196 0.0714511 0.0786872 0.0836938 0.0863327 0.0868179 0.085276 0.0817011 0.0762199 0.0693487 0.0616986 0.0536922 0.0456653 0.0379308 0.0307453 0.0242883 0.0186614 0.0138944 0.00995427 0.00675554 0.00419509 0.00223986 0.000956565 0.000315555 8.226e-05 1.77551e-05 3.28103e-06 5.22444e-07 6.96801e-08 7.08021e-09 3.93116e-10 0 
0 0.000564449 0.00330054 0.00838801 0.0154748 0.0242902 0.034405 0.0452604 0.0562347 0.0667605 0.0762345 0.0836938 0.0885209 0.0909736 0.0914286 0.0900184 0.0866541 0.0812059 0.0739768 0.0657666 0.0572082 0.0486613 0.0404317 0.0327869 0.0259179 0.0199333 0.0148662 0.0106838 0.00729773 0.00459266 0.00250941 0.00110382 0.000373888 9.9119e-05 2.15607e-05 3.99263e-06 6.35209e-07 8.45305e-08 8.56502e-09 4.74147e-10 0 
0 0.000597626 0.00344593 0.00870171 0.0160238 0.0251341 0.035588 0.0468081 0.0581651 0.0691128 0.0789071 0.0863327 0.0909736 0.0933103 0.093749 0.0924164 0.0892098 0.0839039 0.0765908 0.0680774 0.0591931 0.05035 0.0418425 0.0339399 0.0268394 0.0206537 0.0154176 0.0110985 0.00760681 0.00482119 0.00266806 0.00119396 0.00041109 0.000110203 2.41113e-05 4.47534e-06 7.12357e-07 9.47624e-08 9.59499e-09 5.30755e-10 0 
0 0.000604413 0.00347388 0.0087601 0.0161248 0.0252889 0.0358046 0.0470917 0.0585205 0.0695503 0.0794024 0.0868179 0.0914286 0.093749 0.0941873 0.0928692 0.0896915 0.0844172 0.0770988 0.0685315 0.0595849 0.050686 0.0421261 0.0341744 0.0270295 0.0208048 0.0155358 0.0111901 0.00767799 0.00487705 0.00270987 0.00121969 0.000422496 0.000113809 2.49832e-05 4.64773e-06 7.41084e-07 9.87341e-08 1.00121e-08 5.54714e-10 0 
0 0.000585465 0.00338853 0.00857224 0.0157936 0.0247784 0.0350886 0.0461551 0.0573515 0.0681233 0.0778014 0.085276 0.0900184 0.0924164 0.0928692 0.0915074 0.0882341 0.0828604 0.0755705 0.0671813 0.0584347 0.049715 0.0413212 0.0335225 0.0265141 0.0204074 0.0152372 0.0109715 0.00752162 0.0047682 0.0026397 0.00118266 0.000408237 0.000109851 2.41411e-05 4.50228e-06 7.20246e-07 9.63193e-08 9.80758e-09 5.45794e-10 0 
0 0.000543646 0.00320035 0.00816133 0.0150719 0.0236673 0.0335307 0.0441177 0.0548173 0.0650535 0.0742778 0.0817011 0.0866541 0.0892098 0.0896915 0.0882341 0.0847777 0.0792941 0.0721994 0.0642249 0.0558984 0.0475646 0.0395341 0.0320713 0.0253633 0.0195169 0.0145648 0.0104752 0.00716216 0.00451334 0.00247209 0.00109263 0.000372937 9.98181e-05 2.19401e-05 4.10702e-06 6.60783e-07 8.89775e-08 9.12948e-09 5.12233e-10 0 
0 0.000483601 0.0029249 0.00756159 0.0140219 0.0220524 0.0312669 0.0411577 0.0511478 0.0606607 0.0691884 0.0762199 0.0812059 0.0839039 0.0844172 0.0828604 0.0792941 0.0739474 0.067328 0.0599518 0.0522049 0.0444254 0.0369241 0.0299515 0.0236825 0.0182163 0.0135827 0.00975025 0.00663652 0.00414148 0.00223079 0.000966293 0.000324697 8.63536e-05 1.90152e-05 3.58461e-06 5.82506e-07 7.93548e-08 8.24554e-09 4.68786e-10 0 
0 0.000411249 0.00258165 0.00681424 0.0127191 0.0200512 0.0284629 0.0374919 0.0466104 0.0552758 0.0629927 0.0693487 0.0739768 0.0765908 0.0770988 0.0755705 0.0721994 0.067328 0.0613643 0.0546814 0.0476258 0.0405299 0.0336859 0.027323 0.0216004 0.0166077 0.0123708 0.00885807 0.00599269 0.00369231 0.00194895 0.000825915 0.000273662 7.26397e-05 1.61212e-05 3.08102e-06 5.09159e-07 7.06426e-08 7.47967e-09 4.33282e-10 0 
0 0.000333188 0.00219282 0.00596339 0.0112448 0.017791 0.0252977 0.0333549 0.041492 0.0492218 0.0560855 0.0616986 0.0657666 0.0680774 0.0685315 0.0671813 0.0642249 0.0599518 0.0546814 0.0487397 0.0424539 0.0361303 0.0300308 0.0243596 0.0192577 0.0148037 0.0110182 0.00786978 0.00528991 0.00321826 0.00166943 0.000697505 0.000230539 6.18411e-05 1.39929e-05 2.73817e-06 4.63893e-07 6.59536e-08 7.14591e-09 4.22771e-10 0 
0 0.000256 0.00178265 0.00505244 0.00967849 0.0153973 0.0219489 0.0289795 0.0360796 0.0428243 0.0488104 0.0536922 0.0572082 0.0591931 0.0595849 0.0584347 0.0558984 0.0522049 0.0476258 0.0424539 0.0369813 0.0314768 0.0261687 0.0212343 0.0167953 0.0129183 0.00961819 0.00686501 0.00460161 0.0027874 0.00144412 0.000608685 0.000205527 5.68012e-05 1.32741e-05 2.67835e-06 4.66236e-07 6.78284e-08 7.48888e-09 4.49743e-10 0 
0 0.000185484 0.00137664 0.00412216 0.00809115 0.0129843 0.0185786 0.0245787 0.0306375 0.0363927 0.0415008 0.0456653 0.0486613 0.05035 0.050686 0.049715 0.0475646 0.0444254 0.0405299 0.0361303 0.0314768 0.0267991 0.0222919 0.0181059 0.0143438 0.0110608 0.00826801 0.00593825 0.00402274 0.00248395 0.00132932 0.000586055 0.000207843 6.00041e-05 1.45019e-05 2.99595e-06 5.29603e-07 7.77501e-08 8.62173e-09 5.18186e-10 0 
0 0.000125929 0.00100026 0.00321116 0.00654101 0.0106468 0.0153237 0.0203334 0.0253899 0.0301926 0.0344552 0.0379308 0.0404317 0.0418425 0.0421261 0.0413212 0.0395341 0.0369241 0.0336859 0.0300308 0.0261687 0.0222919 0.0185637 0.0151104 0.0120206 0.00934765 0.00710606 0.00525593 0.00371458 0.00242059 0.00138247 0.000653382 0.000245652 7.35507e-05 1.80587e-05 3.73793e-06 6.56774e-07 9.54246e-08 1.04491e-08 6.19505e-10 0 
0 7.95765e-05 0.000676252 0.00235869 0.00507269 0.00845499 0.0122886 0.0163829 0.0205111 0.0244306 0.027909 0.0307453 0.0327869 0.0339399 0.0341744 0.0335225 0.0320713 0.0299515 0.027323 0.0243596 0.0212343 0.0181059 0.0151104 0.0123589 0.00995355 0.00800533 0.00656843 0.00546885 0.00433917 0.00303044 0.00178263 0.00086235 0.000331107 9.94186e-05 2.40354e-05 4.85765e-06 8.31776e-07 1.17821e-07 1.25936e-08 7.29994e-10 0 
0 4.65027e-05 0.000420491 0.00160675 0.00372294 0.00645292 0.00954097 0.0128214 0.0161205 0.0192495 0.0220252 0.0242883 0.0259179 0.0268394 0.0270295 0.0265141 0.0253633 0.0236825 0.0216004 0.0192577 0.0167953 0.0143438 0.0120206 0.00995355 0.00837957 0.00775231 0.00840142 0.00950868 0.00916066 0.00667544 0.00360322 0.00150969 0.000516385 0.000143 3.22776e-05 6.16986e-06 1.0127e-06 1.38679e-07 1.44003e-08 8.13716e-10 0 
0 2.49895e-05 0.000237928 0.000995882 0.00253264 0.00466515 0.00711179 0.00969662 0.0122824 0.0147283 0.0168953 0.0186614 0.0199333 0.0206537 0.0208048 0.0204074 0.0195169 0.0182163 0.0166077 0.0148037 0.0129183 0.0110608 0.00934765 0.00800533 0.00775231 0.0102904 0.0169857 0.0247922 0.0266523 0.0195437 0.00988788 0.00352955 0.000967244 0.000220581 4.28552e-05 7.37668e-06 1.13724e-06 1.49817e-07 1.51166e-08 8.34025e-10 0 
0 1.22961e-05 0.00012154 0.000551565 0.00155453 0.00311731 0.00500475 0.00701213 0.00900831 0.0108862 0.0125447 0.0138944 0.0148662 0.0154176 0.0155358 0.0152372 0.0145648 0.0135827 0.0123708 0.0110182 0.00961819 0.00826801 0.00710606 0.00656843 0.00840142 0.0169857 0.0357689 0.0623445 0.0710946 0.0476726 0.0230253 0.00774493 0.00184699 0.000345484 5.51175e-05 8.12424e-06 1.14688e-06 1.44773e-07 1.42448e-08 7.71054e-10 0 
0 5.5255e-06 5.58152e-05 0.000269524 0.000837522 0.00185962 0.00322648 0.0047444 0.00626483 0.00768876 0.00893973 0.00995427 0.0106838 0.0110985 0.0111901 0.0109715 0.0104752 0.00975025 0.00885807 0.00786978 0.00686501 0.00593825 0.00525593 0.00546885 0.00950868 0.0247922 0.0623445 0.0869965 0.0897123 0.0802299 0.039305 0.0124845 0.00282271 0.000469921 6.37078e-05 7.97682e-06 1.01619e-06 1.22862e-07 1.1864e-08 6.34528e-10 0 
0 2.26536e-06 2.30354e-05 0.000115688 0.000388543 0.000954573 0.00182437 0.00288807 0.0040049 0.00506657 0.00600025 0.00675554 0.00729773 0.00760681 0.00767799 0.00752162 0.00716216 0.00663652 0.00599269 0.00528991 0.00460161 0.00402274 0.00371458 0.00433917 0.00916066 0.0266523 0.0710946 0.0897123 0.0919355 0.0848021 0.0464408 0.0137641 0.00305786 0.00048368 5.95377e-05 6.60632e-06 7.71807e-07 9.02907e-08 8.6412e-09 4.60679e-10 0 
0 8.47563e-07 8.56558e-06 4.37694e-05 0.000154538 0.000411657 0.000865776 0.00149948 0.00223356 0.00297399 0.00364497 0.00419509 0.00459266 0.00482119 0.00487705 0.0047682 0.00451334 0.00414148 0.00369231 0.00321826 0.0027874 0.00248395 0.00242059 0.00303044 0.00667544 0.0195437 0.0476726 0.0802299 0.0848021 0.0674226 0.0310658 0.0101941 0.00225882 0.000351913 4.15755e-05 4.3611e-06 4.90171e-07 5.68715e-08 5.46806e-09 2.93437e-10 0 
0 2.89649e-07 2.88109e-06 1.47164e-05 5.31776e-05 0.000148991 0.000337146 0.000634654 0.00102354 0.00145657 0.0018779 0.00223986 0.00250941 0.00266806 0.00270987 0.0026397 0.00247209 0.00223079 0.00194895 0.00166943 0.00144412 0.00132932 0.00138247 0.00178263 0.00360322 0.00988788 0.0230253 0.039305 0.0464408 0.0310658 0.0153184 0.0050513 0.00112793 0.000176842 2.09374e-05 2.22561e-06 2.5684e-07 3.0563e-08 2.99757e-09 1.63524e-10 0 
0 9.04917e-08 8.79979e-07 4.43737e-06 1.60746e-05 4.60412e-05 0.000108664 0.00021668 0.000372782 0.000564827 0.000768758 0.000956565 0.00110382 0.00119396 0.00121969 0.00118266 0.00109263 0.000966293 0.000825915 0.000697505 0.000608685 0.000586055 0.000653382 0.00086235 0.00150969 0.00352955 0.00774493 0.0124845 0.0137641 0.0101941 0.0050513 0.00168183 0.000382505 6.14707e-05 7.62983e-06 8.84875e-07 1.11724e-07 1.40462e-08 1.42396e-09 7.96622e-11 0 
0 2.5846e-08 2.44684e-07 1.2085e-06 4.32971e-06 1.2421e-05 2.97778e-05 6.11087e-05 0.000109229 0.000172664 0.00024484 0.000315555 0.000373888 0.00041109 0.000422496 0.000408237 0.000372937 0.000324697 0.000273662 0.000230539 0.000205527 0.000207843 0.000245652 0.000331107 0.000516385 0.000967244 0.00184699 0.00282271 0.00305786 0.00225882 0.00112793 0.000382505 8.95934e-05 1.51939e-05 2.1046e-06 2.86618e-07 4.12254e-08 5.55817e-09 5.87367e-10 3.39341e-11 0 
0 6.73694e-09 6.19474e-08 2.98344e-07 1.04883e-06 2.97649e-06 7.12409e-06 1.47293e-05 2.67304e-05 4.31197e-05 6.25129e-05 8.226e-05 9.9119e-05 0.000110203 0.000113809 0.000109851 9.98181e-05 8.63536e-05 7.26397e-05 6.18411e-05 5.68012e-05 6.00041e-05 7.35507e-05 9.94186e-05 0.000143 0.000220581 0.000345484 0.000469921 0.00048368 0.000351913 0.000176842 6.14707e-05 1.51939e-05 2.88049e-06 4.81493e-07 8.03851e-08 1.31891e-08 1.90585e-09 2.10779e-10 1.26389e-11 0 
0 1.59472e-09 1.42294e-08 6.66819e-08 2.29091e-07 6.3887e-07 1.51195e-06 3.11036e-06 5.64815e-06 9.15699e-06 1.3378e-05 1.77551e-05 2.15607e-05 2.41113e-05 2.49832e-05 2.41411e-05 2.19401e-05 1.90152e-05 1.61212e-05 1.39929e-05 1.32741e-05 1.45019e-05 1.80587e-05 2.40354e-05 3.22776e-05 4.28552e-05 5.51175e-05 6.37078e-05 5.95377e-05 4.15755e-05 2.09374e-05 7.62983e-06 2.1046e-06 4.81493e-07 1.01275e-07 2.0278e-08 3.69153e-09 5.67458e-10 6.57732e-11 4.10692e-12 0 
0 3.39236e-10 2.93737e-09 1.33855e-08 4.48641e-08 1.22559e-07 2.85426e-07 5.80504e-07 1.0467e-06 1.69118e-06 2.46922e-06 3.28103e-06 3.99263e-06 4.47534e-06 4.64773e-06 4.50228e-06 4.10702e-06 3.58461e-06 3.08102e-06 2.73817e-06 2.67835e-06 2.99595e-06 3.73793e-06 4.85765e-06 6.16986e-06 7.37668e-06 8.12424e-06 7.97682e-06 6.60632e-06 4.3611e-06 2.22561e-06 8.84875e-07 2.86618e-07 8.03851e-08 2.0278e-08 4.58109e-09 8.99014e-10 1.46043e-10 1.77458e-11 1.15596e-12 0 
0 6.35041e-11 5.33956e-10 2.36687e-09 7.73706e-09 2.06815e-08 4.73009e-08 9.48306e-08 1.69158e-07 2.71267e-07 3.94185e-07 5.22444e-07 6.35209e-07 7.12357e-07 7.41084e-07 7.20246e-07 6.60783e-07 5.82506e-07 5.09159e-07 4.63893e-07 4.66236e-07 5.29603e-07 6.56774e-07 8.31776e-07 1.0127e-06 1.13724e-06 1.14688e-06 1.01619e-06 7.71807e-07 4.90171e-07 2.5684e-07 1.11724e-07 4.12254e-08 1.31891e-08 3.69153e-09 8.99014e-10 1.87099e-10 3.19904e-11 4.07318e-12 2.76969e-13 0 
0 1.00161e-11 8.18704e-11 3.53337e-10 1.1271e-09 2.94811e-09 6.61837e-09 1.30659e-08 2.30228e-08 3.65779e-08 5.28002e-08 6.96801e-08 8.45305e-08 9.47624e-08 9.87341e-08 9.63193e-08 8.89775e-08 7.93548e-08 7.06426e-08 6.59536e-08 6.78284e-08 7.77501e-08 9.54246e-08 1.17821e-07 1.38679e-07 1.49817e-07 1.44773e-07 1.22862e-07 9.02907e-08 5.68715e-08 3.0563e-08 1.40462e-08 5.55817e-09 1.90585e-09 5.67458e-10 1.46043e-10 3.19904e-11 5.74063e-12 7.64982e-13 5.42806e-14 0 
0 1.20086e-12 9.55505e-12 4.0201e-11 1.25265e-10 3.20843e-10 7.07224e-10 1.37478e-09 2.39204e-09 3.76293e-09 5.39196e-09 7.08021e-09 8.56502e-09 9.59499e-09 1.00121e-08 9.80758e-09 9.12948e-09 8.24554e-09 7.47967e-09 7.14591e-09 7.48888e-09 8.62173e-09 1.04491e-08 1.25936e-08 1.44003e-08 1.51166e-08 1.42448e-08 1.1864e-08 8.6412e-09 5.46806e-09 2.99757e-09 1.42396e-09 5.87367e-10 2.10779e-10 6.57732e-11 1.77458e-11 4.07318e-12 7.64982e-13 1.06496e-13 7.87693e-15 0 
0 7.81593e-14 6.0629e-13 2.49032e-12 7.58975e-12 1.90558e-11 4.1275e-11 7.90433e-11 1.35837e-10 2.11587e-10 3.00932e-10 3.93116e-10 4.74147e-10 5.30755e-10 5.54714e-10 5.45794e-10 5.12233e-10 4.68786e-10 4.33282e-10 4.22771e-10 4.49743e-10 5.18186e-10 6.19505e-10 7.29994e-10 8.13716e-10 8.34025e-10 7.71054e-10 6.34528e-10 4.60679e-10 2.93437e-10 1.63524e-10 7.96622e-11 3.39341e-11 1.26389e-11 4.10692e-12 1.15596e-12 2.76969e-13 5.42806e-14 7.87693e-15 6.06357e-16 0 
0 0 0 0 0 0 0 0 0 0 0 0 0 0 0 0 0 0 0 0 0 0 0 0 0 0 0 0 0 0 0 0 0 0 0 0 0 0 0 0 0 
