0 0 0 0 0 0 0 0 0 0 0 0 0 0 0 0 0 0 0 0 0 0 0 0 0 0 0 0 0 0 0 0 0 0 0 0 0 0 0 0 0 
0 8.18148e-08 7.4887e-07 3.48096e-06 1.14118e-05 2.92251e-05 6.15148e-05 0.000110228 0.000173037 0.000243752 0.000314174 0.000376136 0.000422965 0.000450235 0.000455991 0.000440648 0.000406695 0.000358259 0.000300579 0.000239366 0.000180106 0.000127348 8.41106e-05 5.15792e-05 2.9204e-05 1.51975e-05 7.24595e-06 3.16015e-06 1.26037e-06 4.60003e-07 1.538e-07 4.7145e-08 1.32476e-08 3.40559e-09 7.96814e-10 1.67863e-10 3.11713e-11 4.88384e-12 5.82334e-13 3.77307e-14 0 
0 7.4887e-07 7.11057e-06 3.37017e-05 0.000109806 0.000271726 0.000540137 0.000902814 0.00132036 0.00174487 0.00213387 0.00245532 0.00268771 0.00281888 0.00284494 0.0027693 0.00260161 0.00235672 0.00205353 0.00171398 0.00136202 0.00102228 0.000717781 0.000466527 0.000277835 0.000150329 7.34966e-05 3.24048e-05 1.28994e-05 4.6507e-06 1.52446e-06 4.55826e-07 1.2456e-07 3.10919e-08 7.06026e-09 1.44397e-09 2.60525e-10 3.97056e-11 4.61157e-12 2.91469e-13 0 
0 3.48096e-06 3.37017e-05 0.000157866 0.000487855 0.00110545 0.00198225 0.00300768 0.00406628 0.00506999 0.00595416 0.00666989 0.00718172 0.00746826 0.00752303 0.00735402 0.00698206 0.00643796 0.00575911 0.00498605 0.00415994 0.00332158 0.00251232 0.00177515 0.00115224 0.000675351 0.000352472 0.000162594 6.63011e-05 2.40391e-05 7.81486e-06 2.29587e-06 6.12918e-07 1.4901e-07 3.29131e-08 6.54658e-09 1.14938e-09 1.70637e-10 1.93303e-11 1.19337e-12 0 
0 1.14118e-05 0.000109806 0.000487855 0.00136458 0.00274956 0.00445514 0.00629293 0.00813091 0.0098629 0.0113924 0.012635 0.0135259 0.0140247 0.0141186 0.0138213 0.0131702 0.0122214 0.0110427 0.00970697 0.00828557 0.00684263 0.00543251 0.00410167 0.00289613 0.00186908 0.00107447 0.000538454 0.000232867 8.72089e-05 2.86333e-05 8.36172e-06 2.19712e-06 5.22845e-07 1.12736e-07 2.18693e-08 3.74505e-09 5.42704e-10 6.00773e-11 3.62905e-12 0 
0 2.92251e-05 0.000271726 0.00110545 0.00274956 0.00501199 0.00762158 0.0103976 0.013186 0.0158281 0.0181698 0.0200761 0.021444 0.0222099 0.0223532 0.0218949 0.0208933 0.0194355 0.0176278 0.0155847 0.0134195 0.0112345 0.00911437 0.0071221 0.00530105 0.00368704 0.00232853 0.00129008 0.000609275 0.000242713 8.23381e-05 2.42698e-05 6.33842e-06 1.48597e-06 3.14218e-07 5.96579e-08 9.99395e-09 1.41723e-09 1.53657e-10 9.10085e-12 0 
0 6.15148e-05 0.000540137 0.00198225 0.00445514 0.00762158 0.0112315 0.0150911 0.0189846 0.0226821 0.0259626 0.0286347 0.0305526 0.0316265 0.031827 0.0311838 0.0297789 0.0277348 0.0252015 0.0223411 0.019314 0.0162665 0.0133216 0.010572 0.00807731 0.0058676 0.0039613 0.00239803 0.0012472 0.000539745 0.000193414 5.85199e-05 1.53616e-05 3.5742e-06 7.45049e-07 1.39001e-07 2.2854e-08 3.18054e-09 3.38594e-10 1.97085e-11 0 
0 0.000110228 0.000902814 0.00300768 0.00629293 0.0103976 0.0150911 0.0201269 0.0252151 0.0300504 0.0343419 0.0378383 0.0403482 0.0417538 0.0420164 0.041175 0.0393367 0.0366625 0.0333488 0.0296085 0.0256525 0.0216736 0.0178348 0.0142612 0.0110359 0.00819952 0.00575806 0.00371132 0.00209848 0.000991195 0.00038075 0.000120028 3.20207e-05 7.44983e-06 1.53903e-06 2.83313e-07 4.58748e-08 6.28417e-09 6.58652e-10 3.77684e-11 0 
0 0.000173037 0.00132036 0.00406628 0.00813091 0.013186 0.0189846 0.0252151 0.0315136 0.0375007 0.0428153 0.0471461 0.0502561 0.0519989 0.0523255 0.0512835 0.0490067 0.0456952 0.0415925 0.0369622 0.032066 0.0271435 0.0223977 0.0179857 0.0140137 0.010537 0.00756351 0.00507024 0.00304938 0.00155632 0.000643105 0.000213252 5.83392e-05 1.36633e-05 2.81127e-06 5.12644e-07 8.20254e-08 1.10932e-08 1.14781e-09 6.50009e-11 0 
0 0.000243752 0.00174487 0.00506999 0.0098629 0.0158281 0.0226821 0.0300504 0.0375007 0.0445834 0.0508719 0.0559997 0.0596891 0.0617627 0.0621534 0.0609153 0.0582133 0.0542911 0.0494368 0.0439601 0.0381694 0.0323489 0.0267393 0.0215274 0.0168411 0.0127494 0.009266 0.00635942 0.00398695 0.00216179 0.000954743 0.000333822 9.41489e-05 2.23074e-05 4.59005e-06 8.32038e-07 1.31965e-07 1.76704e-08 1.80976e-09 1.01465e-10 0 
0 0.000314174 0.00213387 0.00595416 0.0113924 0.0181698 0.0259626 0.0343419 0.0428153 0.0508719 0.0580295 0.0638776 0.0680974 0.0704735 0.0709239 0.0695094 0.0664193 0.0619411 0.056412 0.0501816 0.0435962 0.0369775 0.0305997 0.0246762 0.0193533 0.0147119 0.0107712 0.00749749 0.00482755 0.00273396 0.00127489 0.000468093 0.000136234 3.27414e-05 6.75681e-06 1.22101e-06 1.92496e-07 2.55888e-08 2.60072e-09 1.44705e-10 0 
0 0.000376136 0.00245532 0.00666989 0.012635 0.0200761 0.0286347 0.0378383 0.0471461 0.0559997 0.0638776 0.0703213 0.0749471 0.0775232 0.0780118 0.0764925 0.0731275 0.0682049 0.0621156 0.0552643 0.0480294 0.0407593 0.0337545 0.0272496 0.0214063 0.0163147 0.0119984 0.00842311 0.00551478 0.00321626 0.00156185 0.000597028 0.000178761 4.35829e-05 9.03453e-06 1.63103e-06 2.56203e-07 3.38935e-08 3.42673e-09 1.89665e-10 0 
0 0.000422965 0.00268771 0.00718172 0.0135259 0.021444 0.0305526 0.0403482 0.0502561 0.0596891 0.0680974 0.0749471 0.0797796 0.0824132 0.0829122 0.081379 0.0779097 0.0727239 0.066238 0.0589321 0.0512272 0.0434883 0.0360321 0.0291084 0.0228899 0.0174732 0.0128852 0.00909151 0.00601228 0.00357184 0.00178269 0.000701782 0.000214868 5.3034e-05 1.10463e-05 1.9952e-06 3.12901e-07 4.12881e-08 4.16223e-09 2.29702e-10 0 
0 0.000450235 0.00281888 0.00746826 0.0140247 0.0222099 0.0316265 0.0417538 0.0519989 0.0617627 0.0704735 0.0775232 0.0824132 0.085037 0.0855358 0.084024 0.0805522 0.075268 0.0685748 0.0610107 0.0530394 0.0450366 0.0373263 0.0301664 0.023736 0.0181355 0.0133936 0.00947585 0.00630005 0.00378086 0.00191686 0.000768217 0.000238642 5.94194e-05 1.24279e-05 2.24812e-06 3.52631e-07 4.6513e-08 4.68644e-09 2.58511e-10 0 
0 0.000455991 0.00284494 0.00752303 0.0141186 0.0223532 0.031827 0.0420164 0.0523255 0.0621534 0.0709239 0.0780118 0.0829122 0.0855358 0.086038 0.0845355 0.0810709 0.0757762 0.0690482 0.0614365 0.0534149 0.0453617 0.0376021 0.0303956 0.0239228 0.0182852 0.0135118 0.00956876 0.00637331 0.00383774 0.00195631 0.000789296 0.000246705 6.17097e-05 1.29482e-05 2.34785e-06 3.69028e-07 4.87726e-08 4.92446e-09 2.72277e-10 0 
0 0.000440648 0.0027693 0.00735402 0.0138213 0.0218949 0.0311838 0.041175 0.0512835 0.0609153 0.0695094 0.0764925 0.081379 0.084024 0.0845355 0.0830238 0.079559 0.0743195 0.0677159 0.0602615 0.0524004 0.044504 0.0368935 0.0298243 0.0234736 0.017941 0.0132551 0.00938244 0.00624178 0.0037494 0.00190433 0.000765677 0.000238965 5.98264e-05 1.25862e-05 2.29071e-06 3.61641e-07 4.80336e-08 4.87633e-09 2.71221e-10 0 
0 0.000406695 0.00260161 0.00698206 0.0131702 0.0208933 0.0297789 0.0393367 0.0490067 0.0582133 0.0664193 0.0731275 0.0779097 0.0805522 0.0810709 0.079559 0.076142 0.0710723 0.0647573 0.0576429 0.05013 0.0425774 0.0352962 0.0285312 0.0224518 0.0171534 0.0126629 0.00894721 0.00592883 0.0035341 0.00177441 0.000705133 0.000218507 5.46457e-05 1.1537e-05 2.11315e-06 3.36316e-07 4.50852e-08 4.62368e-09 2.59981e-10 0 
0 0.000358259 0.00235672 0.00643796 0.0122214 0.0194355 0.0277348 0.0366625 0.0456952 0.0542911 0.0619411 0.0682049 0.0727239 0.075268 0.0757762 0.0743195 0.0710723 0.0663242 0.0604444 0.0538158 0.0468056 0.0397542 0.0329544 0.0266347 0.0209533 0.0159986 0.0117946 0.00830905 0.0054704 0.00322115 0.00158938 0.000621255 0.000190829 4.77483e-05 1.01558e-05 1.88193e-06 3.03785e-07 4.13695e-08 4.31418e-09 2.46817e-10 0 
0 0.000300579 0.00205353 0.00575911 0.0110427 0.0176278 0.0252015 0.0333488 0.0415925 0.0494368 0.056412 0.0621156 0.066238 0.0685748 0.0690482 0.0677159 0.0647573 0.0604444 0.0550995 0.0490631 0.0426738 0.0362453 0.0300449 0.0242806 0.019096 0.0145707 0.0107249 0.00752694 0.00491459 0.00285134 0.00138052 0.000531678 0.000162745 4.10558e-05 8.87526e-06 1.67919e-06 2.77388e-07 3.86923e-08 4.13299e-09 2.42027e-10 0 
0 0.000239366 0.00171398 0.00498605 0.00970697 0.0155847 0.0223411 0.0296085 0.0369622 0.0439601 0.0501816 0.0552643 0.0589321 0.0610107 0.0614365 0.0602615 0.0576429 0.0538158 0.0490631 0.0436905 0.0380027 0.0322799 0.0267599 0.0216274 0.0170092 0.0129744 0.00953829 0.00667104 0.00432262 0.00247797 0.00118633 0.000456145 0.000141382 3.65312e-05 8.13834e-06 1.5899e-06 2.71027e-07 3.89328e-08 4.27049e-09 2.55961e-10 0 
0 0.000180106 0.00136202 0.00415994 0.00828557 0.0134195 0.019314 0.0256525 0.032066 0.0381694 0.0435962 0.0480294 0.0512272 0.0530394 0.0534149 0.0524004 0.05013 0.0468056 0.0426738 0.0380027 0.0330585 0.0280854 0.0232902 0.0188331 0.0148227 0.0113167 0.00832556 0.00582268 0.00377106 0.00216717 0.00105043 0.000414948 0.000133709 3.60716e-05 8.37308e-06 1.69542e-06 2.97681e-07 4.37716e-08 4.88689e-09 2.96656e-10 0 
0 0.000127348 0.00102228 0.00332158 0.00684263 0.0112345 0.0162665 0.0216736 0.0271435 0.0323489 0.0369775 0.0407593 0.0434883 0.0450366 0.0453617 0.044504 0.0425774 0.0397542 0.0362453 0.0322799 0.0280854 0.0238704 0.0198111 0.0160432 0.0126577 0.00970195 0.00718329 0.00507862 0.00335378 0.00199391 0.00101751 0.000428053 0.000146655 4.15716e-05 9.99173e-06 2.06813e-06 3.67564e-07 5.43195e-08 6.0641e-09 3.66769e-10 0 
0 8.41106e-05 0.000717781 0.00251232 0.00543251 0.00911437 0.0133216 0.0178348 0.0223977 0.0267393 0.0305997 0.0337545 0.0360321 0.0373263 0.0376021 0.0368935 0.0352962 0.0329544 0.0300449 0.0267599 0.0232902 0.0198111 0.0164702 0.0133814 0.010623 0.00824044 0.00624333 0.00459183 0.00321014 0.00205015 0.00113466 0.000516343 0.000187693 5.49578e-05 1.33465e-05 2.75306e-06 4.83952e-07 7.04644e-08 7.73646e-09 4.59892e-10 0 
0 5.15792e-05 0.000466527 0.00177515 0.00410167 0.0071221 0.010572 0.0142612 0.0179857 0.0215274 0.0246762 0.0272496 0.0291084 0.0301664 0.0303956 0.0298243 0.0285312 0.0266347 0.0242806 0.0216274 0.0188331 0.0160432 0.0133814 0.0109486 0.00883533 0.00713615 0.00588899 0.00492581 0.00391057 0.00271364 0.00156723 0.000733223 0.000270431 7.85605e-05 1.86149e-05 3.72629e-06 6.35768e-07 8.99784e-08 9.61961e-09 5.57914e-10 0 
0 2.9204e-05 0.000277835 0.00115224 0.00289613 0.00530105 0.00807731 0.0110359 0.0140137 0.0168411 0.0193533 0.0214063 0.0228899 0.023736 0.0239228 0.0234736 0.0224518 0.0209533 0.019096 0.0170092 0.0148227 0.0126577 0.010623 0.00883533 0.00750335 0.00702195 0.00767833 0.00872632 0.00841679 0.00612903 0.00329386 0.00135793 0.000447671 0.000118538 2.58714e-05 4.85642e-06 7.90997e-07 1.08008e-07 1.12033e-08 6.32766e-10 0 
0 1.51975e-05 0.000150329 0.000675351 0.00186908 0.00368704 0.0058676 0.00819952 0.010537 0.0127494 0.0147119 0.0163147 0.0174732 0.0181355 0.0182852 0.017941 0.0171534 0.0159986 0.0145707 0.0129744 0.0113167 0.00970195 0.00824044 0.00713615 0.00702195 0.00943182 0.0156321 0.0228287 0.0244016 0.018006 0.00910515 0.00324034 0.000873493 0.000191244 3.54896e-05 5.92452e-06 9.00728e-07 1.18065e-07 1.18904e-08 6.55404e-10 0 
0 7.24595e-06 7.34966e-05 0.000352472 0.00107447 0.00232853 0.0039613 0.00575806 0.00756351 0.009266 0.0107712 0.0119984 0.0128852 0.0133936 0.0135118 0.0132551 0.0126629 0.0117946 0.0107249 0.00953829 0.00832556 0.00718329 0.00624333 0.00588899 0.00767833 0.0156321 0.0329449 0.0545619 0.0623039 0.0429036 0.0212191 0.00713348 0.00169297 0.000308975 4.70892e-05 6.65336e-06 9.18051e-07 1.14953e-07 1.12811e-08 6.09915e-10 0 
0 3.16015e-06 3.24048e-05 0.000162594 0.000538454 0.00129008 0.00239803 0.00371132 0.00507024 0.00635942 0.00749749 0.00842311 0.00909151 0.00947585 0.00956876 0.00938244 0.00894721 0.00830905 0.00752694 0.00667104 0.00582268 0.00507862 0.00459183 0.00492581 0.00872632 0.0228287 0.0545619 0.0842884 0.0882586 0.0733036 0.0350311 0.0115045 0.00259659 0.000426368 5.56825e-05 6.65153e-06 8.20825e-07 9.80601e-08 9.43673e-09 5.04055e-10 0 
0 1.26037e-06 1.28994e-05 6.63011e-05 0.000232867 0.000609275 0.0012472 0.00209848 0.00304938 0.00398695 0.00482755 0.00551478 0.00601228 0.00630005 0.00637331 0.00624178 0.00592883 0.0054704 0.00491459 0.00432262 0.00377106 0.00335378 0.00321014 0.00391057 0.00841679 0.0244016 0.0623039 0.0882586 0.0912866 0.0808473 0.0398528 0.0126847 0.00281499 0.000441002 5.26677e-05 5.58012e-06 6.27767e-07 7.23175e-08 6.89277e-09 3.6698e-10 0 
0 4.60003e-07 4.6507e-06 2.40391e-05 8.72089e-05 0.000242713 0.000539745 0.000991195 0.00155632 0.00216179 0.00273396 0.00321626 0.00357184 0.00378086 0.00383774 0.0037494 0.0035341 0.00322115 0.00285134 0.00247797 0.00216717 0.00199391 0.00205015 0.00271364 0.00612903 0.018006 0.0429036 0.0733036 0.0808473 0.0592852 0.0285851 0.00939442 0.00207898 0.000320901 3.69017e-05 3.70345e-06 4.00055e-07 4.56416e-08 4.36954e-09 2.34192e-10 0 
0 1.538e-07 1.52446e-06 7.81486e-06 2.86333e-05 8.23381e-05 0.000193414 0.00038075 0.000643105 0.000954743 0.00127489 0.00156185 0.00178269 0.00191686 0.00195631 0.00190433 0.00177441 0.00158938 0.00138052 0.00118633 0.00105043 0.00101751 0.00113466 0.00156723 0.00329386 0.00910515 0.0212191 0.0350311 0.0398528 0.0285851 0.0141179 0.00465402 0.00103664 0.000160692 1.85168e-05 1.88507e-06 2.09448e-07 2.45418e-08 2.39795e-09 1.30672e-10 0 
0 4.7145e-08 4.55826e-07 2.29587e-06 8.36172e-06 2.42698e-05 5.85199e-05 0.000120028 0.000213252 0.000333822 0.000468093 0.000597028 0.000701782 0.000768217 0.000789296 0.000765677 0.000705133 0.000621255 0.000531678 0.000456145 0.000414948 0.000428053 0.000516343 0.000733223 0.00135793 0.00324034 0.00713348 0.0115045 0.0126847 0.00939442 0.00465402 0.00154762 0.000350019 5.54085e-05 6.67593e-06 7.42057e-07 9.07263e-08 1.12742e-08 1.13981e-09 6.37121e-11 0 
0 1.32476e-08 1.2456e-07 6.12918e-07 2.19712e-06 6.33842e-06 1.53616e-05 3.20207e-05 5.83392e-05 9.41489e-05 0.000136234 0.000178761 0.000214868 0.000238642 0.000246705 0.000238965 0.000218507 0.000190829 0.000162745 0.000141382 0.000133709 0.000146655 0.000187693 0.000270431 0.000447671 0.000873493 0.00169297 0.00259659 0.00281499 0.00207898 0.00103664 0.000350019 8.1154e-05 1.34909e-05 1.80689e-06 2.36797e-07 3.32985e-08 4.45798e-09 4.70318e-10 2.71553e-11 0 
0 3.40559e-09 3.10919e-08 1.4901e-07 5.22845e-07 1.48597e-06 3.5742e-06 7.44983e-06 1.36633e-05 2.23074e-05 3.27414e-05 4.35829e-05 5.3034e-05 5.94194e-05 6.17097e-05 5.98264e-05 5.46457e-05 4.77483e-05 4.10558e-05 3.65312e-05 3.60716e-05 4.15716e-05 5.49578e-05 7.85605e-05 0.000118538 0.000191244 0.000308975 0.000426368 0.000441002 0.000320901 0.000160692 5.54085e-05 1.34909e-05 2.49328e-06 4.02885e-07 6.54389e-08 1.06078e-08 1.52773e-09 1.6881e-10 1.0118e-11 0 
0 7.96814e-10 7.06026e-09 3.29131e-08 1.12736e-07 3.14218e-07 7.45049e-07 1.53903e-06 2.81127e-06 4.59005e-06 6.75681e-06 9.03453e-06 1.10463e-05 1.24279e-05 1.29482e-05 1.25862e-05 1.1537e-05 1.01558e-05 8.87526e-06 8.13834e-06 8.37308e-06 9.99173e-06 1.33465e-05 1.86149e-05 2.58714e-05 3.54896e-05 4.70892e-05 5.56825e-05 5.26677e-05 3.69017e-05 1.85168e-05 6.67593e-06 1.80689e-06 4.02885e-07 8.27494e-08 1.63484e-08 2.96213e-09 4.54742e-10 5.2684e-11 3.28858e-12 0 
0 1.67863e-10 1.44397e-09 6.54658e-09 2.18693e-08 5.96579e-08 1.39001e-07 2.83313e-07 5.12644e-07 8.32038e-07 1.22101e-06 1.63103e-06 1.9952e-06 2.24812e-06 2.34785e-06 2.29071e-06 2.11315e-06 1.88193e-06 1.67919e-06 1.5899e-06 1.69542e-06 2.06813e-06 2.75306e-06 3.72629e-06 4.85642e-06 5.92452e-06 6.65336e-06 6.65153e-06 5.58012e-06 3.70345e-06 1.88507e-06 7.42057e-07 2.36797e-07 6.54389e-08 1.63484e-08 3.6776e-09 7.20694e-10 1.1702e-10 1.42154e-11 9.25775e-13 0 
0 3.11713e-11 2.60525e-10 1.14938e-09 3.74505e-09 9.99395e-09 2.2854e-08 4.58748e-08 8.20254e-08 1.31965e-07 1.92496e-07 2.56203e-07 3.12901e-07 3.52631e-07 3.69028e-07 3.61641e-07 3.36316e-07 3.03785e-07 2.77388e-07 2.71027e-07 2.97681e-07 3.67564e-07 4.83952e-07 6.35768e-07 7.90997e-07 9.00728e-07 9.18051e-07 8.20825e-07 6.27767e-07 4.00055e-07 2.09448e-07 9.07263e-08 3.32985e-08 1.06078e-08 2.96213e-09 7.20694e-10 1.49934e-10 2.5631e-11 3.26293e-12 2.21835e-13 0 
0 4.88384e-12 3.97056e-11 1.70637e-10 5.42704e-10 1.41723e-09 3.18054e-09 6.28417e-09 1.10932e-08 1.76704e-08 2.55888e-08 3.38935e-08 4.12881e-08 4.6513e-08 4.87726e-08 4.80336e-08 4.50852e-08 4.13695e-08 3.86923e-08 3.89328e-08 4.37716e-08 5.43195e-08 7.04644e-08 8.99784e-08 1.08008e-07 1.18065e-07 1.14953e-07 9.80601e-08 7.23175e-08 4.56416e-08 2.45418e-08 1.12742e-08 4.45798e-09 1.52773e-09 4.54742e-10 1.1702e-10 2.5631e-11 4.59907e-12 6.12799e-13 4.34769e-14 0 
0 5.82334e-13 4.61157e-12 1.93303e-11 6.00773e-11 1.53657e-10 3.38594e-10 6.58652e-10 1.14781e-09 1.80976e-09 2.60072e-09 3.42673e-09 4.16223e-09 4.68644e-09 4.92446e-09 4.87633e-09 4.62368e-09 4.31418e-09 4.13299e-09 4.27049e-09 4.88689e-09 6.0641e-09 7.73646e-09 9.61961e-09 1.12033e-08 1.18904e-08 1.12811e-08 9.43673e-09 6.89277e-09 4.36954e-09 2.39795e-09 1.13981e-09 4.70318e-10 1.6881e-10 5.2684e-11 1.42154e-11 3.26293e-12 6.12799e-13 8.53061e-14 6.30912e-15 0 
0 3.77307e-14 2.91469e-13 1.19337e-12 3.62905e-12 9.10085e-12 1.97085e-11 3.77684e-11 6.50009e-11 1.01465e-10 1.44705e-10 1.89665e-10 2.29702e-10 2.58511e-10 2.72277e-10 2.71221e-10 2.59981e-10 2.46817e-10 2.42027e-10 2.55961e-10 2.96656e-10 3.66769e-10 4.59892e-10 5.57914e-10 6.32766e-10 6.55404e-10 6.09915e-10 5.04055e-10 3.6698e-10 2.34192e-10 1.30672e-10 6.37121e-11 2.71553e-11 1.0118e-11 3.28858e-12 9.25775e-13 2.21835e-13 4.34769e-14 6.30912e-15 4.85651e-16 0 
0 0 0 0 0 0 0 0 0 0 0 0 0 0 0 0 0 0 0 0 0 0 0 0 0 0 0 0 0 0 0 0 0 0 0 0 0 0 0 0 0 
