0 0 0 0 0 0 0 0 0 0 0 0 0 0 0 0 0 0 0 0 0 0 0 0 0 0 0 0 0 0 0 0 0 0 0 0 0 0 0 0 0 
0 4.8028e-07 4.25613e-06 1.85654e-05 5.5355e-05 0.000126084 0.000234133 0.00037215 0.000525768 0.000679037 0.000817987 0.000931987 0.00101388 0.00105971 0.00106833 0.00104108 0.000981413 0.000894544 0.000787063 0.000666549 0.000541128 0.000418903 0.000307236 0.00021191 0.000136345 8.11611e-05 4.43523e-05 2.21067e-05 1.00034e-05 4.09889e-06 1.51955e-06 5.09776e-07 1.54786e-07 4.24904e-08 1.05032e-08 2.31587e-09 4.46484e-10 7.21354e-11 8.81943e-12 5.83225e-13 0 
0 4.25613e-06 3.84191e-05 0.00016404 0.000457335 0.000942437 0.00156743 0.00225187 0.00292975 0.00355596 0.00409839 0.00453247 0.00484012 0.00501054 0.005041 0.00493684 0.00471055 0.00438014 0.00396703 0.00349411 0.00298418 0.00245939 0.00194174 0.00145403 0.00101975 0.000660219 0.000388883 0.000205795 9.7022e-05 4.06143e-05 1.51143e-05 5.01986e-06 1.49427e-06 3.99651e-07 9.59196e-08 2.05047e-08 3.83205e-09 6.0058e-10 7.13192e-11 4.58805e-12 0 
0 1.85654e-05 0.00016404 0.000644376 0.0015755 0.0028362 0.00424601 0.0056965 0.00711987 0.00845063 0.00962094 0.0105687 0.0112457 0.011622 0.0116887 0.011457 0.0109561 0.0102291 0.00932799 0.00830856 0.00722471 0.00612379 0.00504326 0.00401031 0.00304602 0.00217363 0.0014254 0.000837971 0.000432107 0.000192944 7.4492e-05 2.50488e-05 7.4142e-06 1.94888e-06 4.56642e-07 9.49856e-08 1.72538e-08 2.62884e-09 3.03789e-10 1.90454e-11 0 
0 5.5355e-05 0.000457335 0.0015755 0.00335237 0.00549344 0.00784613 0.0103189 0.0127938 0.0151331 0.0172009 0.0188795 0.0200796 0.020747 0.020865 0.0204537 0.019565 0.018276 0.0166806 0.0148801 0.0129747 0.0110555 0.00919828 0.00745818 0.00586653 0.00443356 0.00316169 0.00206817 0.00119742 0.000593608 0.000247471 8.69389e-05 2.61366e-05 6.843e-06 1.57855e-06 3.213e-07 5.69572e-08 8.46352e-09 9.54324e-10 5.84439e-11 0 
0 0.000126084 0.000942437 0.0028362 0.00549344 0.00865239 0.0122038 0.0159875 0.0197923 0.0233939 0.0265792 0.0291655 0.0310147 0.0320431 0.0322249 0.0315909 0.0302213 0.0282351 0.025777 0.0230038 0.0200704 0.0171192 0.0142709 0.0116188 0.00922429 0.00711396 0.00528073 0.00369913 0.00236189 0.00131194 0.000607393 0.000230053 7.20143e-05 1.90943e-05 4.38244e-06 8.78933e-07 1.52813e-07 2.22313e-08 2.4538e-09 1.47203e-10 0 
0 0.000234133 0.00156743 0.00424601 0.00784613 0.0122038 0.0171599 0.0224556 0.0277846 0.0328299 0.0372925 0.0409165 0.0435102 0.0449569 0.0452135 0.04432 0.0423966 0.0396124 0.0361685 0.0322833 0.0281743 0.0240413 0.0200542 0.0163457 0.0130075 0.010089 0.00759643 0.00549423 0.00372575 0.00226652 0.0011673 0.000485894 0.000161934 4.42333e-05 1.02166e-05 2.03428e-06 3.48751e-07 4.98809e-08 5.40811e-09 3.1876e-10 0 
0 0.00037215 0.00225187 0.0056965 0.0103189 0.0159875 0.0224556 0.0293707 0.0363303 0.0429201 0.0487602 0.0536288 0.0575914 0.0602331 0.0607549 0.0590451 0.0558014 0.0518386 0.0472857 0.0422066 0.0368401 0.0314427 0.0262367 0.0213958 0.0170412 0.0132419 0.0100173 0.00733789 0.00512986 0.00330949 0.00185915 0.000851089 0.000305967 8.73277e-05 2.05134e-05 4.08468e-06 6.94144e-07 9.80131e-08 1.04748e-08 6.08449e-10 0 
0 0.000525768 0.00292975 0.00711987 0.0127938 0.0197923 0.0277846 0.0363303 0.0449318 0.053107 0.0609604 0.069594 0.0764293 0.0798025 0.0803977 0.0785021 0.0736557 0.0661682 0.0587636 0.0522126 0.045563 0.0388925 0.0324593 0.0264779 0.0210985 0.016408 0.0124348 0.00915425 0.00649055 0.00433004 0.00258573 0.00128418 0.000498706 0.000149949 3.61104e-05 7.23476e-06 1.22442e-06 1.71332e-07 1.81086e-08 1.03968e-09 0 
0 0.000679037 0.00355596 0.00845063 0.0151331 0.0233939 0.0328299 0.0429201 0.053107 0.0636795 0.0764948 0.0847856 0.0886771 0.0904784 0.0908325 0.0898607 0.0873262 0.0823017 0.0727111 0.0621209 0.0538446 0.0459475 0.0383516 0.03129 0.0249398 0.019404 0.014718 0.0108586 0.00774915 0.00526407 0.00326964 0.00172827 0.000719175 0.000228067 5.6547e-05 1.14476e-05 1.93658e-06 2.69425e-07 2.82459e-08 1.60726e-09 0 
0 0.000817987 0.00409839 0.00962094 0.0172009 0.0265792 0.0372925 0.0487602 0.0609604 0.0764948 0.086859 0.0917662 0.0944539 0.0957923 0.0960779 0.0953777 0.0935879 0.0903455 0.0846355 0.0735587 0.0614878 0.0522009 0.0435644 0.035547 0.0283378 0.0220539 0.016736 0.0123607 0.00884896 0.00606954 0.00386211 0.00213348 0.000938831 0.000312478 7.97822e-05 1.63528e-05 2.77207e-06 3.84433e-07 4.00787e-08 2.26579e-09 0 
0 0.000931987 0.00453247 0.0105687 0.0188795 0.0291655 0.0409165 0.0536288 0.069594 0.0847856 0.0917662 0.0955964 0.0978339 0.0989844 0.0992424 0.0986569 0.0971643 0.0945473 0.0902547 0.0826472 0.0691401 0.0573772 0.0478004 0.0390045 0.0310976 0.0242059 0.0183746 0.0135789 0.00973686 0.00671337 0.00433368 0.00246521 0.00113063 0.000391429 0.000102564 2.12794e-05 3.6191e-06 5.01232e-07 5.20737e-08 2.93107e-09 0 
0 0.00101388 0.00484012 0.0112457 0.0200796 0.0310147 0.0435102 0.0575914 0.0764293 0.0886771 0.0944539 0.0978339 0.0998649 0.100926 0.101171 0.100642 0.0992901 0.0969525 0.0932367 0.0871025 0.0754566 0.0613936 0.0508391 0.041478 0.0330721 0.0257456 0.0195468 0.0144501 0.0103704 0.00717004 0.00466648 0.00270287 0.00127428 0.000453801 0.00012129 2.54189e-05 4.33796e-06 6.00722e-07 6.22978e-08 3.49774e-09 0 
0 0.00105971 0.00501054 0.011622 0.020747 0.0320431 0.0449569 0.0602331 0.0798025 0.0904784 0.0957923 0.0989844 0.100926 0.101947 0.102187 0.101683 0.100394 0.0981768 0.0946978 0.0891125 0.0787777 0.0639173 0.052542 0.0428556 0.0341718 0.0266033 0.0202 0.0149356 0.0107234 0.00742392 0.00485132 0.00283644 0.00135766 0.000491489 0.000132973 2.80536e-05 4.80077e-06 6.65221e-07 6.89577e-08 3.86827e-09 0 
0 0.00106833 0.005041 0.0116887 0.020865 0.0322249 0.0452135 0.0607549 0.0803977 0.0908325 0.0960779 0.0992424 0.101171 0.102187 0.102426 0.101926 0.100646 0.098447 0.0950033 0.089499 0.079376 0.0644056 0.0528487 0.0431027 0.0343694 0.0267578 0.020318 0.0150238 0.010788 0.00747114 0.00488696 0.00286392 0.00137627 0.000500564 0.000135963 2.87604e-05 4.92985e-06 6.83838e-07 7.09428e-08 3.98221e-09 0 
0 0.00104108 0.00493684 0.011457 0.0204537 0.0315909 0.04432 0.0590451 0.0785021 0.0898607 0.0953777 0.0986569 0.100642 0.101683 0.101926 0.101411 0.100092 0.0978184 0.0942325 0.0884101 0.0774712 0.0628027 0.0518028 0.0422602 0.0336976 0.0262347 0.0199205 0.0147293 0.0105751 0.00731993 0.00477983 0.00278987 0.00133223 0.000481463 0.000130252 2.75174e-05 4.71945e-06 6.55654e-07 6.81542e-08 3.83411e-09 0 
0 0.000981413 0.00471055 0.0109561 0.019565 0.0302213 0.0423966 0.0558014 0.0736557 0.0873262 0.0935879 0.0971643 0.0992901 0.100394 0.100646 0.100092 0.0986761 0.096215 0.0922551 0.0855408 0.0728385 0.0596354 0.0495534 0.0404354 0.0322423 0.025101 0.0190586 0.01409 0.0101122 0.00698945 0.0045434 0.00262461 0.00123341 0.000438558 0.000117374 2.46888e-05 4.23422e-06 5.89601e-07 6.14999e-08 3.47358e-09 0 
0 0.000894544 0.00438014 0.0102291 0.018276 0.0282351 0.0396124 0.0518386 0.0661682 0.0823017 0.0903455 0.0945473 0.0969525 0.0981768 0.098447 0.0978184 0.096215 0.0933768 0.0886114 0.0797518 0.0661536 0.0555177 0.0463042 0.0377879 0.0301306 0.0234559 0.0178079 0.0131624 0.00943965 0.00650763 0.00419725 0.00238406 0.00109288 0.000379333 9.99774e-05 2.09069e-05 3.58721e-06 5.01418e-07 5.25886e-08 2.98886e-09 0 
0 0.000787063 0.00396703 0.00932799 0.0166806 0.025777 0.0361685 0.0472857 0.0587636 0.0727111 0.0846355 0.0902547 0.0932367 0.0946978 0.0950033 0.0942325 0.0922551 0.0886114 0.0819126 0.0700818 0.0594894 0.0506592 0.0422884 0.0345112 0.0275173 0.0214206 0.0162608 0.012015 0.00860678 0.00590878 0.00376679 0.00209043 0.000928497 0.000313272 8.12233e-05 1.69039e-05 2.90793e-06 4.09108e-07 4.32655e-08 2.48146e-09 0 
0 0.000666549 0.00349411 0.00830856 0.0148801 0.0230038 0.0322833 0.0422066 0.0522126 0.0621209 0.0735587 0.0826472 0.0871025 0.0891125 0.089499 0.0884101 0.0855408 0.0797518 0.0700818 0.0608945 0.052983 0.0452277 0.037759 0.030815 0.0245703 0.0191261 0.0145176 0.0107226 0.00766759 0.00523242 0.00328514 0.00177413 0.000762323 0.000250541 6.41661e-05 1.33499e-05 2.31224e-06 3.28664e-07 3.51671e-08 2.04139e-09 0 
0 0.000541128 0.00298418 0.00722471 0.0129747 0.0200704 0.0281743 0.0368401 0.045563 0.0538446 0.0614878 0.0691401 0.0754566 0.0787777 0.079376 0.0774712 0.0728385 0.0661536 0.0594894 0.052983 0.0462498 0.0394895 0.0329694 0.0269074 0.0214559 0.016703 0.0126785 0.00936058 0.00667938 0.00452676 0.00279915 0.00147659 0.000619342 0.000200583 5.12665e-05 1.07421e-05 1.88252e-06 2.71191e-07 2.94106e-08 1.72908e-09 0 
0 0.000418903 0.00245939 0.00612379 0.0110555 0.0171192 0.0240413 0.0314427 0.0388925 0.0459475 0.0522009 0.0573772 0.0613936 0.0639173 0.0644056 0.0628027 0.0596354 0.0555177 0.0506592 0.0452277 0.0394895 0.0337187 0.0281533 0.0229795 0.0183277 0.0142737 0.0108423 0.0080112 0.00571568 0.00386496 0.00237987 0.00125038 0.000524355 0.000170801 4.41097e-05 9.35581e-06 1.65927e-06 2.41605e-07 2.6442e-08 1.56619e-09 0 
0 0.000307236 0.00194174 0.00504326 0.00919828 0.0142709 0.0200542 0.0262367 0.0324593 0.0383516 0.0435644 0.0478004 0.0508391 0.052542 0.0528487 0.0518028 0.0495534 0.0463042 0.0422884 0.037759 0.0329694 0.0281533 0.0235098 0.0191955 0.0153236 0.0119681 0.00915777 0.00685589 0.0049687 0.00340867 0.00213469 0.00114974 0.000496015 0.000165286 4.32629e-05 9.23027e-06 1.63894e-06 2.38284e-07 2.59979e-08 1.53355e-09 0 
0 0.00021191 0.00145403 0.00401031 0.00745818 0.0116188 0.0163457 0.0213958 0.0264779 0.03129 0.035547 0.0390045 0.041478 0.0428556 0.0431027 0.0422602 0.0404354 0.0377879 0.0345112 0.030815 0.0269074 0.0229795 0.0191955 0.0156917 0.012598 0.0100635 0.00817941 0.00675824 0.00536124 0.00379935 0.00233898 0.00124489 0.000544766 0.000184147 4.81476e-05 1.01466e-05 1.77164e-06 2.53074e-07 2.71445e-08 1.57572e-09 0 
0 0.000136345 0.00101975 0.00304602 0.00586653 0.00922429 0.0130075 0.0170412 0.0210985 0.0249398 0.0283378 0.0310976 0.0330721 0.0341718 0.0343694 0.0336976 0.0322423 0.0301306 0.0275173 0.0245703 0.0214559 0.0183277 0.0153236 0.012598 0.0104527 0.00947928 0.0101101 0.0113572 0.0109182 0.00796676 0.00433736 0.00188715 0.000715882 0.000227668 5.71992e-05 1.16114e-05 1.96089e-06 2.72085e-07 2.8448e-08 1.61457e-09 0 
0 8.11611e-05 0.000660219 0.00217363 0.00443356 0.00711396 0.010089 0.0132419 0.016408 0.019404 0.0220539 0.0242059 0.0257456 0.0266033 0.0267578 0.0262347 0.025101 0.0234559 0.0214206 0.0191261 0.016703 0.0142737 0.0119681 0.0100635 0.00947928 0.0123191 0.020184 0.035431 0.042871 0.0237375 0.0117372 0.00421428 0.00120225 0.000308835 6.88151e-05 1.29465e-05 2.08098e-06 2.78959e-07 2.83833e-08 1.57428e-09 0 
0 4.43523e-05 0.000388883 0.0014254 0.00316169 0.00528073 0.00759643 0.0100173 0.0124348 0.014718 0.016736 0.0183746 0.0195468 0.0202 0.020318 0.0199205 0.0190586 0.0178079 0.0162608 0.0145176 0.0126785 0.0108423 0.00915777 0.00817941 0.0101101 0.020184 0.0507377 0.0772356 0.0791866 0.0700695 0.0278213 0.00918961 0.00221417 0.000443494 8.11566e-05 1.34725e-05 2.0223e-06 2.61338e-07 2.59571e-08 1.41257e-09 0 
0 2.21067e-05 0.000205795 0.000837971 0.00206817 0.00369913 0.00549423 0.00733789 0.00915425 0.0108586 0.0123607 0.0135789 0.0144501 0.0149356 0.0150238 0.0147293 0.01409 0.0131624 0.012015 0.0107226 0.00936058 0.0080112 0.00685589 0.00675824 0.0113572 0.035431 0.0772356 0.0847881 0.0856611 0.0816993 0.060961 0.0148264 0.00335781 0.000579874 8.80724e-05 1.26059e-05 1.74382e-06 2.17535e-07 2.1229e-08 1.14127e-09 0 
0 1.00034e-05 9.7022e-05 0.000432107 0.00119742 0.00236189 0.00372575 0.00512986 0.00649055 0.00774915 0.00884896 0.00973686 0.0103704 0.0107234 0.010788 0.0105751 0.0101122 0.00943965 0.00860678 0.00766759 0.00667938 0.00571568 0.0049687 0.00536124 0.0109182 0.042871 0.0791866 0.0856611 0.0865534 0.0833918 0.0699298 0.0169602 0.00363217 0.00058935 7.96249e-05 1.00958e-05 1.29931e-06 1.57915e-07 1.52879e-08 8.18958e-10 0 
0 4.09889e-06 4.06143e-05 0.000192944 0.000593608 0.00131194 0.00226652 0.00330949 0.00433004 0.00526407 0.00606954 0.00671337 0.00717004 0.00742392 0.00747114 0.00731993 0.00698945 0.00650763 0.00590878 0.00523242 0.00452676 0.00386496 0.00340867 0.00379935 0.00796676 0.0237375 0.0700695 0.0816993 0.0833918 0.0780874 0.0448553 0.0120835 0.00268447 0.000429123 5.51625e-05 6.57533e-06 8.17476e-07 9.8772e-08 9.60559e-09 5.177e-10 0 
0 1.51955e-06 1.51143e-05 7.4492e-05 0.000247471 0.000607393 0.0011673 0.00185915 0.00258573 0.00326964 0.00386211 0.00433368 0.00466648 0.00485132 0.00488696 0.00477983 0.0045434 0.00419725 0.00376679 0.00328514 0.00279915 0.00237987 0.00213469 0.00233898 0.00433736 0.0117372 0.0278213 0.060961 0.0699298 0.0448553 0.0181549 0.00598999 0.0013453 0.000218216 2.81339e-05 3.38085e-06 4.28853e-07 5.29328e-08 5.24288e-09 2.8705e-10 0 
0 5.09776e-07 5.01986e-06 2.50488e-05 8.69389e-05 0.000230053 0.000485894 0.000851089 0.00128418 0.00172827 0.00213348 0.00246521 0.00270287 0.00283644 0.00286392 0.00278987 0.00262461 0.00238406 0.00209043 0.00177413 0.00147659 0.00125038 0.00114974 0.00124489 0.00188715 0.00421428 0.00918961 0.0148264 0.0169602 0.0120835 0.00598999 0.00199989 0.000462033 7.78971e-05 1.05955e-05 1.37945e-06 1.88277e-07 2.43268e-08 2.48409e-09 1.39369e-10 0 
0 1.54786e-07 1.49427e-06 7.4142e-06 2.61366e-05 7.20143e-05 0.000161934 0.000305967 0.000498706 0.000719175 0.000938831 0.00113063 0.00127428 0.00135766 0.00137627 0.00133223 0.00123341 0.00109288 0.000928497 0.000762323 0.000619342 0.000524355 0.000496015 0.000544766 0.000715882 0.00120225 0.00221417 0.00335781 0.00363217 0.00268447 0.0013453 0.000462033 0.000111798 2.02004e-05 3.08481e-06 4.6354e-07 7.03008e-08 9.63656e-09 1.02305e-09 5.9233e-11 0 
0 4.24904e-08 3.99651e-07 1.94888e-06 6.843e-06 1.90943e-05 4.42333e-05 8.73277e-05 0.000149949 0.000228067 0.000312478 0.000391429 0.000453801 0.000491489 0.000500564 0.000481463 0.000438558 0.000379333 0.000313272 0.000250541 0.000200583 0.000170801 0.000165286 0.000184147 0.000227668 0.000308835 0.000443494 0.000579874 0.00058935 0.000429123 0.000218216 7.78971e-05 2.02004e-05 4.12834e-06 7.54752e-07 1.34575e-07 2.27027e-08 3.30739e-09 3.66766e-10 2.20279e-11 0 
0 1.05032e-08 9.59196e-08 4.56642e-07 1.57855e-06 4.38244e-06 1.02166e-05 2.05134e-05 3.61104e-05 5.6547e-05 7.97822e-05 0.000102564 0.00012129 0.000132973 0.000135963 0.000130252 0.000117374 9.99774e-05 8.12233e-05 6.41661e-05 5.12665e-05 4.41097e-05 4.32629e-05 4.81476e-05 5.71992e-05 6.88151e-05 8.11566e-05 8.80724e-05 7.96249e-05 5.51625e-05 2.81339e-05 1.05955e-05 3.08481e-06 7.54752e-07 1.68085e-07 3.47024e-08 6.38735e-09 9.8525e-10 1.14379e-10 7.15058e-12 0 
0 2.31587e-09 2.05047e-08 9.49856e-08 3.213e-07 8.78933e-07 2.03428e-06 4.08468e-06 7.23476e-06 1.14476e-05 1.63528e-05 2.12794e-05 2.54189e-05 2.80536e-05 2.87604e-05 2.75174e-05 2.46888e-05 2.09069e-05 1.69039e-05 1.33499e-05 1.07421e-05 9.35581e-06 9.23027e-06 1.01466e-05 1.16114e-05 1.29465e-05 1.34725e-05 1.26059e-05 1.00958e-05 6.57533e-06 3.38085e-06 1.37945e-06 4.6354e-07 1.34575e-07 3.47024e-08 7.9167e-09 1.55904e-09 2.53631e-10 3.08495e-11 2.01139e-12 0 
0 4.46484e-10 3.83205e-09 1.72538e-08 5.69572e-08 1.52813e-07 3.48751e-07 6.94144e-07 1.22442e-06 1.93658e-06 2.77207e-06 3.6191e-06 4.33796e-06 4.80077e-06 4.92985e-06 4.71945e-06 4.23422e-06 3.58721e-06 2.90793e-06 2.31224e-06 1.88252e-06 1.65927e-06 1.63894e-06 1.77164e-06 1.96089e-06 2.08098e-06 2.0223e-06 1.74382e-06 1.29931e-06 8.17476e-07 4.28853e-07 1.88277e-07 7.03008e-08 2.27027e-08 6.38735e-09 1.55904e-09 3.24787e-10 5.55701e-11 7.08006e-12 4.8176e-13 0 
0 7.21354e-11 6.0058e-10 2.62884e-09 8.46352e-09 2.22313e-08 4.98809e-08 9.80131e-08 1.71332e-07 2.69425e-07 3.84433e-07 5.01232e-07 6.00722e-07 6.65221e-07 6.83838e-07 6.55654e-07 5.89601e-07 5.01418e-07 4.09108e-07 3.28664e-07 2.71191e-07 2.41605e-07 2.38284e-07 2.53074e-07 2.72085e-07 2.78959e-07 2.61338e-07 2.17535e-07 1.57915e-07 9.8772e-08 5.29328e-08 2.43268e-08 9.63656e-09 3.30739e-09 9.8525e-10 2.53631e-10 5.55701e-11 9.97505e-12 1.32979e-12 9.44026e-14 0 
0 8.81943e-12 7.13192e-11 3.03789e-10 9.54324e-10 2.4538e-09 5.40811e-09 1.04748e-08 1.81086e-08 2.82459e-08 4.00787e-08 5.20737e-08 6.22978e-08 6.89577e-08 7.09428e-08 6.81542e-08 6.14999e-08 5.25886e-08 4.32655e-08 3.51671e-08 2.94106e-08 2.6442e-08 2.59979e-08 2.71445e-08 2.8448e-08 2.83833e-08 2.59571e-08 2.1229e-08 1.52879e-08 9.60559e-09 5.24288e-09 2.48409e-09 1.02305e-09 3.66766e-10 1.14379e-10 3.08495e-11 7.08006e-12 1.32979e-12 1.85162e-13 1.36996e-14 0 
0 5.83225e-13 4.58805e-12 1.90454e-11 5.84439e-11 1.47203e-10 3.1876e-10 6.08449e-10 1.03968e-09 1.60726e-09 2.26579e-09 2.93107e-09 3.49774e-09 3.86827e-09 3.98221e-09 3.83411e-09 3.47358e-09 2.98886e-09 2.48146e-09 2.04139e-09 1.72908e-09 1.56619e-09 1.53355e-09 1.57572e-09 1.61457e-09 1.57428e-09 1.41257e-09 1.14127e-09 8.18958e-10 5.177e-10 2.8705e-10 1.39369e-10 5.9233e-11 2.20279e-11 7.15058e-12 2.01139e-12 4.8176e-13 9.44026e-14 1.36996e-14 1.05473e-15 0 
0 0 0 0 0 0 0 0 0 0 0 0 0 0 0 0 0 0 0 0 0 0 0 0 0 0 0 0 0 0 0 0 0 0 0 0 0 0 0 0 0 
