0 0 0 0 0 0 0 0 0 0 0 0 0 0 0 0 0 0 0 0 0 0 0 0 0 0 0 0 0 0 0 0 0 0 0 0 0 0 0 0 0 
0 4.33638e-07 3.85401e-06 1.69058e-05 5.08139e-05 0.000116832 0.000219002 0.000351035 0.000499386 0.000648461 0.000784308 0.000896162 0.000976718 0.00102188 0.00103044 0.00100367 0.000945026 0.000859712 0.000754346 0.000636529 0.000514381 0.000395941 0.000288418 0.000197343 0.000125816 7.41396e-05 4.00802e-05 1.97574e-05 8.84353e-06 3.58651e-06 1.31717e-06 4.38225e-07 1.32108e-07 3.60449e-08 8.86475e-09 1.94643e-09 3.73976e-10 6.02536e-11 7.35027e-12 4.85197e-13 0 
0 3.85401e-06 3.49533e-05 0.000150636 0.000425433 0.00088884 0.00149604 0.00216874 0.00283926 0.00346038 0.00399886 0.00442982 0.00473525 0.00490449 0.00493488 0.00483173 0.00460737 0.00427956 0.00386953 0.00340001 0.00289389 0.00237369 0.00186215 0.00138286 0.000959771 0.000613701 0.000356452 0.00018586 8.635e-05 3.56594e-05 1.31132e-05 4.31173e-06 1.27299e-06 3.38229e-07 8.07533e-08 1.71913e-08 3.20241e-09 5.00628e-10 5.93322e-11 3.81101e-12 0 
0 1.69058e-05 0.000150636 0.000600669 0.00149464 0.00272985 0.00412531 0.00556439 0.00697552 0.00829339 0.0094515 0.0103891 0.0110586 0.0114309 0.011497 0.0112682 0.0107731 0.0100542 0.00916294 0.00815397 0.00708027 0.00598834 0.00491511 0.00388818 0.0029304 0.00206812 0.00133649 0.000771924 0.000390481 0.000171133 6.49943e-05 2.15648e-05 6.31728e-06 1.64768e-06 3.83838e-07 7.94987e-08 1.43945e-08 2.18797e-09 2.52391e-10 1.58018e-11 0 
0 5.08139e-05 0.000425433 0.00149464 0.0032353 0.00535531 0.00768637 0.0101328 0.0125793 0.0148908 0.016934 0.0185925 0.0197784 0.0204381 0.020555 0.020149 0.0192712 0.0179978 0.0164216 0.0146424 0.012759 0.0108612 0.0090233 0.00729886 0.00571832 0.00429271 0.00302851 0.00194993 0.00110592 0.000535723 0.000218451 7.53393e-05 2.23356e-05 5.79e-06 1.32643e-06 2.6869e-07 4.74717e-08 7.03743e-09 7.92196e-10 4.84565e-11 0 
0 0.000116832 0.00088884 0.00272985 0.00535531 0.00848225 0.0119928 0.0157306 0.0194888 0.0230463 0.0261928 0.0287478 0.0305749 0.0315912 0.0317713 0.0311454 0.0297927 0.0278307 0.0254026 0.0226629 0.0197648 0.0168487 0.0140338 0.0114115 0.00904152 0.00694872 0.00512585 0.00355156 0.00222869 0.00120915 0.000545246 0.000201574 6.19196e-05 1.62024e-05 3.68635e-06 7.35125e-07 1.27334e-07 1.84789e-08 2.03624e-09 1.22015e-10 0 
0 0.000219002 0.00149604 0.00412531 0.00768637 0.0119928 0.0168875 0.0221172 0.0273802 0.0323636 0.0367719 0.0403519 0.0429133 0.04434 0.0445931 0.0437137 0.0418162 0.0390666 0.0356645 0.0318265 0.0277672 0.023684 0.0197448 0.0160804 0.0127806 0.00989328 0.00742254 0.00533248 0.00357174 0.00212967 0.00106769 0.000431913 0.000140498 3.77184e-05 8.61452e-06 1.7033e-06 2.90741e-07 4.14705e-08 4.4884e-09 2.64248e-10 0 
0 0.000351035 0.00216874 0.00556439 0.0101328 0.0157306 0.0221172 0.0289459 0.0358195 0.0423286 0.0480927 0.052832 0.0564407 0.0586894 0.059121 0.0576795 0.0548507 0.051114 0.0466432 0.0416276 0.036326 0.0309938 0.0258506 0.0210679 0.0167652 0.0130099 0.00981961 0.00716289 0.00496629 0.00315507 0.00172987 0.000768357 0.0002684 7.49543e-05 1.73581e-05 3.4266e-06 5.79307e-07 8.15437e-08 8.69803e-09 5.0463e-10 0 
0 0.000499386 0.00283926 0.00697552 0.0125793 0.0194888 0.0273802 0.0358195 0.044315 0.0523766 0.0597938 0.0672105 0.0735875 0.0771213 0.07776 0.0756826 0.0708582 0.0642777 0.0578359 0.0515047 0.0449426 0.0383526 0.0319969 0.0260876 0.020773 0.0161382 0.0122104 0.0089633 0.00631927 0.00416803 0.00243865 0.00117618 0.000442575 0.000129672 3.06891e-05 6.08428e-06 1.02342e-06 1.42694e-07 1.50495e-08 8.62904e-10 0 
0 0.000648461 0.00346038 0.00829339 0.0148908 0.0230463 0.0323636 0.0423286 0.0523766 0.0623142 0.0736261 0.0828092 0.0874295 0.0895124 0.0899069 0.0887661 0.085774 0.0797976 0.0701896 0.0610683 0.0531155 0.0453224 0.037818 0.0308414 0.0245677 0.0190982 0.0144673 0.0106505 0.00756929 0.00509797 0.00311374 0.00160198 0.000645213 0.000198745 4.8283e-05 9.6542e-06 1.62159e-06 2.24682e-07 2.34988e-08 1.33519e-09 0 
0 0.000784308 0.00399886 0.0094515 0.016934 0.0261928 0.0367719 0.0480927 0.0597938 0.0736261 0.0853151 0.0910082 0.094059 0.0955568 0.0958661 0.0950667 0.0930296 0.0893051 0.0825749 0.0711069 0.0605034 0.0514962 0.0429686 0.0350475 0.027925 0.0217165 0.0164619 0.0121367 0.00866029 0.00590013 0.00370229 0.00199571 0.00085012 0.000274238 6.84334e-05 1.383e-05 2.32555e-06 3.21038e-07 3.33812e-08 1.88415e-09 0 
0 0.000896162 0.00442982 0.0103891 0.0185925 0.0287478 0.0403519 0.052832 0.0672105 0.0828092 0.0910082 0.0953503 0.0978449 0.0991145 0.0993906 0.0987299 0.0970557 0.0941055 0.0891941 0.0803257 0.0672989 0.0565624 0.0471539 0.0384643 0.0306523 0.0238433 0.0180816 0.0133417 0.00954048 0.00654104 0.0041722 0.00232102 0.0010312 0.000345567 8.83282e-05 1.80434e-05 3.04161e-06 4.19156e-07 4.34223e-08 2.43992e-09 0 
0 0.000976718 0.00473525 0.0110586 0.0197784 0.0305749 0.0429133 0.0564407 0.0735875 0.0874295 0.094059 0.0978449 0.100092 0.101255 0.101516 0.100922 0.0994155 0.0968013 0.0926017 0.0855218 0.0730367 0.0603416 0.0501536 0.0409096 0.0326042 0.0253655 0.0192407 0.0142037 0.0101685 0.0069956 0.00450449 0.00255559 0.00116811 0.000402411 0.000104788 2.16003e-05 3.65156e-06 5.03002e-07 5.20068e-08 2.9147e-09 0 
0 0.00102188 0.00490449 0.0114309 0.0204381 0.0315912 0.04434 0.0586894 0.0771213 0.0895124 0.0955568 0.0991145 0.101255 0.102373 0.102627 0.102063 0.100629 0.0981582 0.0942466 0.0878556 0.0763374 0.062605 0.0518309 0.0422725 0.0336922 0.0262142 0.0198872 0.0146846 0.0105188 0.00724868 0.00468959 0.00268823 0.00124827 0.000437056 0.000115133 2.38785e-05 4.04652e-06 5.5766e-07 5.76297e-08 3.22692e-09 0 
0 0.00103044 0.00493488 0.011497 0.020555 0.0317713 0.0445931 0.059121 0.07776 0.0899069 0.0958661 0.0993906 0.101516 0.102627 0.102882 0.102322 0.100899 0.0984487 0.0945798 0.0882899 0.0769473 0.0630342 0.0521341 0.0425187 0.0338893 0.0263685 0.0200053 0.014773 0.0105839 0.00729668 0.00472622 0.0027164 0.00126675 0.000445663 0.000117859 2.45076e-05 4.15987e-06 5.739e-07 5.93559e-08 3.32588e-09 0 
0 0.00100367 0.00483173 0.0112682 0.020149 0.0311454 0.0437137 0.0576795 0.0756826 0.0887661 0.0950667 0.0987299 0.100922 0.102063 0.102322 0.101743 0.100275 0.097737 0.0936958 0.0870068 0.0749822 0.0616149 0.0511095 0.0416887 0.0332278 0.0258536 0.0196143 0.0144834 0.0103746 0.00714793 0.00462091 0.00264453 0.00122546 0.000428564 0.000112945 2.34659e-05 3.98643e-06 5.50916e-07 5.71008e-08 3.20702e-09 0 
0 0.000945026 0.00460737 0.0107731 0.0192712 0.0297927 0.0418162 0.0548507 0.0708582 0.085774 0.0930296 0.0970557 0.0994155 0.100629 0.100899 0.100275 0.0986927 0.0959305 0.0914327 0.0836273 0.070579 0.0587239 0.0488957 0.0398884 0.0317924 0.0247358 0.0187647 0.0138535 0.00991825 0.00682153 0.00438727 0.00248321 0.00113225 0.000389873 0.000101762 2.10692e-05 3.5813e-06 4.96268e-07 5.16301e-08 2.91213e-09 0 
0 0.000859712 0.00427956 0.0100542 0.0179978 0.0278307 0.0390666 0.051114 0.0642777 0.0797976 0.0893051 0.0941055 0.0968013 0.0981582 0.0984487 0.097737 0.0959305 0.092711 0.0872207 0.0771263 0.0647277 0.054771 0.0456903 0.0372754 0.0297089 0.0231133 0.0175315 0.0129391 0.00925488 0.00634539 0.00404535 0.00224906 0.00100027 0.000336659 8.66849e-05 1.78674e-05 3.0412e-06 4.23307e-07 4.43034e-08 2.51565e-09 0 
0 0.000754346 0.00386953 0.00916294 0.0164216 0.0254026 0.0356645 0.0466432 0.0578359 0.0701896 0.0825749 0.0891941 0.0926017 0.0942466 0.0945798 0.0936958 0.0914327 0.0872207 0.0793981 0.0681784 0.0586483 0.0499944 0.0417258 0.0340411 0.0271304 0.0211058 0.0160063 0.0118083 0.00843361 0.00575411 0.00362155 0.0019653 0.000847325 0.000277799 7.05362e-05 1.44964e-05 2.47702e-06 3.47342e-07 3.66842e-08 2.10347e-09 0 
0 0.000636529 0.00340001 0.00815397 0.0146424 0.0226629 0.0318265 0.0416276 0.0515047 0.0610683 0.0711069 0.0803257 0.0855218 0.0878556 0.0882899 0.0870068 0.0836273 0.0771263 0.0681784 0.0600084 0.0522898 0.0446326 0.0372536 0.0303928 0.0242228 0.0188434 0.0142887 0.0105354 0.0075087 0.00508835 0.00315084 0.00166346 0.000694976 0.000222655 5.60215e-05 1.15371e-05 1.98813e-06 2.82012e-07 3.01639e-08 1.75191e-09 0 
0 0.000514381 0.00289389 0.00708027 0.012759 0.0197648 0.0277672 0.036326 0.0449426 0.0531155 0.0605034 0.0672989 0.0730367 0.0763374 0.0769473 0.0749822 0.070579 0.0647277 0.0586483 0.0522898 0.0456435 0.0389654 0.0325247 0.0265364 0.0211511 0.0164554 0.0124782 0.00919627 0.00653869 0.00439884 0.00268262 0.00138535 0.000566921 0.000179761 4.53052e-05 9.42146e-06 1.64561e-06 2.36851e-07 2.56968e-08 1.51235e-09 0 
0 0.000395941 0.00237369 0.00598834 0.0108612 0.0168487 0.023684 0.0309938 0.0383526 0.0453224 0.0514962 0.0565624 0.0603416 0.062605 0.0630342 0.0616149 0.0587239 0.054771 0.0499944 0.0446326 0.0389654 0.0332662 0.02777 0.0226608 0.0180672 0.0140635 0.0106736 0.00787401 0.0055997 0.00376196 0.00228922 0.00118184 0.000485926 0.000155693 3.97834e-05 8.39179e-06 1.48497e-06 2.16127e-07 2.36643e-08 1.40285e-09 0 
0 0.000288418 0.00186215 0.00491511 0.0090233 0.0140338 0.0197448 0.0258506 0.0319969 0.037818 0.0429686 0.0471539 0.0501536 0.0518309 0.0521341 0.0511095 0.0488957 0.0456903 0.0417258 0.0372536 0.0325247 0.02777 0.0231863 0.0189283 0.0151076 0.0117966 0.0090231 0.00674993 0.00488355 0.0033374 0.0020738 0.00110285 0.000468586 0.000154079 3.99726e-05 8.48689e-06 1.50352e-06 2.18404e-07 2.38242e-08 1.40546e-09 0 
0 0.000197343 0.00138286 0.00388818 0.00729886 0.0114115 0.0160804 0.0210679 0.0260876 0.0308414 0.0350475 0.0384643 0.0409096 0.0422725 0.0425187 0.0416887 0.0398884 0.0372754 0.0340411 0.0303928 0.0265364 0.0226608 0.0189283 0.0154737 0.012425 0.00992877 0.00807384 0.00667365 0.00529396 0.00374797 0.00229957 0.00121401 0.000524624 0.000175131 4.53813e-05 9.51372e-06 1.65658e-06 2.36298e-07 2.53249e-08 1.46934e-09 0 
0 0.000125816 0.000959771 0.0029304 0.00571832 0.00904152 0.0127806 0.0167652 0.020773 0.0245677 0.027925 0.0306523 0.0326042 0.0336922 0.0338893 0.0332278 0.0317924 0.0297089 0.0271304 0.0242228 0.0211511 0.0180672 0.0151076 0.012425 0.010317 0.00936629 0.00999837 0.0112363 0.0108033 0.00788229 0.00428918 0.00186124 0.000699948 0.000219764 5.46372e-05 1.10222e-05 1.85536e-06 2.57e-07 2.68428e-08 1.52233e-09 0 
0 7.41396e-05 0.000613701 0.00206812 0.00429271 0.00694872 0.00989328 0.0130099 0.0161382 0.0190982 0.0217165 0.0238433 0.0253655 0.0262142 0.0263685 0.0258536 0.0247358 0.0231133 0.0211058 0.0188434 0.0164554 0.0140635 0.0117966 0.00992877 0.00936629 0.0121864 0.0199747 0.0336999 0.0407417 0.0232086 0.0116163 0.00416942 0.00118595 0.000301527 6.63581e-05 1.2383e-05 1.98237e-06 2.65232e-07 2.69577e-08 1.49408e-09 0 
0 4.00802e-05 0.000356452 0.00133649 0.00302851 0.00512585 0.00742254 0.00981961 0.0122104 0.0144673 0.0164619 0.0180816 0.0192407 0.0198872 0.0200053 0.0196143 0.0187647 0.0175315 0.0160063 0.0142887 0.0124782 0.0106736 0.0090231 0.00807384 0.00999837 0.0199747 0.0484438 0.077483 0.0796662 0.0684694 0.0272643 0.00909513 0.00218996 0.000436186 7.88526e-05 1.29552e-05 1.93429e-06 2.49408e-07 2.4746e-08 1.34574e-09 0 
0 1.97574e-05 0.00018586 0.000771924 0.00194993 0.00355156 0.00533248 0.00716289 0.0089633 0.0106505 0.0121367 0.0133417 0.0142037 0.0146846 0.014773 0.0144834 0.0138535 0.0129391 0.0118083 0.0105354 0.00919627 0.00787401 0.00674993 0.00667365 0.0112363 0.0336999 0.077483 0.0856453 0.0865963 0.0822142 0.0588444 0.0146574 0.00332277 0.000572164 8.60299e-05 1.21721e-05 1.67237e-06 2.08062e-07 2.0283e-08 1.08975e-09 0 
0 8.84353e-06 8.635e-05 0.000390481 0.00110592 0.00222869 0.00357174 0.00496629 0.00631927 0.00756929 0.00866029 0.00954048 0.0101685 0.0105188 0.0105839 0.0103746 0.00991825 0.00925488 0.00843361 0.0075087 0.00653869 0.0055997 0.00488355 0.00529396 0.0108033 0.0407417 0.0796662 0.0865963 0.0875394 0.0840815 0.0684294 0.0164673 0.00359458 0.000582086 7.79929e-05 9.77537e-06 1.24825e-06 1.51239e-07 1.4626e-08 7.83085e-10 0 
0 3.58651e-06 3.56594e-05 0.000171133 0.000535723 0.00120915 0.00212967 0.00315507 0.00416803 0.00509797 0.00590013 0.00654104 0.0069956 0.00724868 0.00729668 0.00714793 0.00682153 0.00634539 0.00575411 0.00508835 0.00439884 0.00376196 0.0033374 0.00374797 0.00788229 0.0232086 0.0684694 0.0822142 0.0840815 0.0785462 0.0429526 0.0119599 0.00265659 0.000423779 5.40629e-05 6.3735e-06 7.86017e-07 9.46679e-08 9.19725e-09 4.95464e-10 0 
0 1.31717e-06 1.31132e-05 6.49943e-05 0.000218451 0.000545246 0.00106769 0.00172987 0.00243865 0.00311374 0.00370229 0.0041722 0.00450449 0.00468959 0.00472622 0.00462091 0.00438727 0.00404535 0.00362155 0.00315084 0.00268262 0.00228922 0.0020738 0.00229957 0.00428918 0.0116163 0.0272643 0.0588444 0.0684294 0.0429526 0.0179694 0.00592859 0.00133097 0.000215259 2.75392e-05 3.27499e-06 4.12344e-07 5.07511e-08 5.02253e-09 2.74881e-10 0 
0 4.38225e-07 4.31173e-06 2.15648e-05 7.53393e-05 0.000201574 0.000431913 0.000768357 0.00117618 0.00160198 0.00199571 0.00232102 0.00255559 0.00268823 0.0027164 0.00264453 0.00248321 0.00224906 0.0019653 0.00166346 0.00138535 0.00118184 0.00110285 0.00121401 0.00186124 0.00416942 0.00909513 0.0146574 0.0164673 0.0119599 0.00592859 0.00197903 0.000456626 7.66513e-05 1.0341e-05 1.33349e-06 1.80914e-07 2.33263e-08 2.38042e-09 1.33512e-10 0 
0 1.32108e-07 1.27299e-06 6.31728e-06 2.23356e-05 6.19196e-05 0.000140498 0.0002684 0.000442575 0.000645213 0.00085012 0.0010312 0.00116811 0.00124827 0.00126675 0.00122546 0.00113225 0.00100027 0.000847325 0.000694976 0.000566921 0.000485926 0.000468586 0.000524624 0.000699948 0.00118595 0.00218996 0.00332277 0.00359458 0.00265659 0.00133097 0.000456626 0.000110164 1.97904e-05 2.99692e-06 4.46825e-07 6.74947e-08 9.24e-09 9.80543e-10 5.67586e-11 0 
0 3.60449e-08 3.38229e-07 1.64768e-06 5.79e-06 1.62024e-05 3.77184e-05 7.49543e-05 0.000129672 0.000198745 0.000274238 0.000345567 0.000402411 0.000437056 0.000445663 0.000428564 0.000389873 0.000336659 0.000277799 0.000222655 0.000179761 0.000155693 0.000154079 0.000175131 0.000219764 0.000301527 0.000436186 0.000572164 0.000582086 0.000423779 0.000215259 7.66513e-05 1.97904e-05 4.01822e-06 7.29305e-07 1.29387e-07 2.17819e-08 3.17117e-09 3.51569e-10 2.11114e-11 0 
0 8.86475e-09 8.07533e-08 3.83838e-07 1.32643e-06 3.68635e-06 8.61452e-06 1.73581e-05 3.06891e-05 4.8283e-05 6.84334e-05 8.83282e-05 0.000104788 0.000115133 0.000117859 0.000112945 0.000101762 8.66849e-05 7.05362e-05 5.60215e-05 4.53052e-05 3.97834e-05 3.99726e-05 4.53813e-05 5.46372e-05 6.63581e-05 7.88526e-05 8.60299e-05 7.79929e-05 5.40629e-05 2.75392e-05 1.0341e-05 2.99692e-06 7.29305e-07 1.61712e-07 3.33106e-08 6.12599e-09 9.4465e-10 1.09648e-10 6.85386e-12 0 
0 1.94643e-09 1.71913e-08 7.94987e-08 2.6869e-07 7.35125e-07 1.7033e-06 3.4266e-06 6.08428e-06 9.6542e-06 1.383e-05 1.80434e-05 2.16003e-05 2.38785e-05 2.45076e-05 2.34659e-05 2.10692e-05 1.78674e-05 1.44964e-05 1.15371e-05 9.42146e-06 8.39179e-06 8.48689e-06 9.51372e-06 1.10222e-05 1.2383e-05 1.29552e-05 1.21721e-05 9.77537e-06 6.3735e-06 3.27499e-06 1.33349e-06 4.46825e-07 1.29387e-07 3.33106e-08 7.59361e-09 1.49498e-09 2.43175e-10 2.95746e-11 1.92806e-12 0 
0 3.73976e-10 3.20241e-09 1.43945e-08 4.74717e-08 1.27334e-07 2.90741e-07 5.79307e-07 1.02342e-06 1.62159e-06 2.32555e-06 3.04161e-06 3.65156e-06 4.04652e-06 4.15987e-06 3.98643e-06 3.5813e-06 3.0412e-06 2.47702e-06 1.98813e-06 1.64561e-06 1.48497e-06 1.50352e-06 1.65658e-06 1.85536e-06 1.98237e-06 1.93429e-06 1.67237e-06 1.24825e-06 7.86017e-07 4.12344e-07 1.80914e-07 6.74947e-08 2.17819e-08 6.12599e-09 1.49498e-09 3.11413e-10 5.32782e-11 6.78755e-12 4.61821e-13 0 
0 6.02536e-11 5.00628e-10 2.18797e-09 7.03743e-09 1.84789e-08 4.14705e-08 8.15437e-08 1.42694e-07 2.24682e-07 3.21038e-07 4.19156e-07 5.03002e-07 5.5766e-07 5.739e-07 5.50916e-07 4.96268e-07 4.23307e-07 3.47342e-07 2.82012e-07 2.36851e-07 2.16127e-07 2.18404e-07 2.36298e-07 2.57e-07 2.65232e-07 2.49408e-07 2.08062e-07 1.51239e-07 9.46679e-08 5.07511e-08 2.33263e-08 9.24e-09 3.17117e-09 9.4465e-10 2.43175e-10 5.32782e-11 9.56331e-12 1.27484e-12 9.04968e-14 0 
0 7.35027e-12 5.93322e-11 2.52391e-10 7.92196e-10 2.03624e-09 4.4884e-09 8.69803e-09 1.50495e-08 2.34988e-08 3.33812e-08 4.34223e-08 5.20068e-08 5.76297e-08 5.93559e-08 5.71008e-08 5.16301e-08 4.43034e-08 3.66842e-08 3.01639e-08 2.56968e-08 2.36643e-08 2.38242e-08 2.53249e-08 2.68428e-08 2.69577e-08 2.4746e-08 2.0283e-08 1.4626e-08 9.19725e-09 5.02253e-09 2.38042e-09 9.80543e-10 3.51569e-10 1.09648e-10 2.95746e-11 6.78755e-12 1.27484e-12 1.77507e-13 1.31327e-14 0 
0 4.85197e-13 3.81101e-12 1.58018e-11 4.84565e-11 1.22015e-10 2.64248e-10 5.0463e-10 8.62904e-10 1.33519e-09 1.88415e-09 2.43992e-09 2.9147e-09 3.22692e-09 3.32588e-09 3.20702e-09 2.91213e-09 2.51565e-09 2.10347e-09 1.75191e-09 1.51235e-09 1.40285e-09 1.40546e-09 1.46934e-09 1.52233e-09 1.49408e-09 1.34574e-09 1.08975e-09 7.83085e-10 4.95464e-10 2.74881e-10 1.33512e-10 5.67586e-11 2.11114e-11 6.85386e-12 1.92806e-12 4.61821e-13 9.04968e-14 1.31327e-14 1.01108e-15 0 
0 0 0 0 0 0 0 0 0 0 0 0 0 0 0 0 0 0 0 0 0 0 0 0 0 0 0 0 0 0 0 0 0 0 0 0 0 0 0 0 0 
