0 0 0 0 0 0 0 0 0 0 0 0 0 0 0 0 0 0 0 0 0 0 0 0 0 0 0 0 0 0 0 0 0 0 0 0 0 0 0 0 0 
0 1.88007e-20 1.80877e-19 9.29995e-19 3.57629e-18 1.14017e-17 3.14987e-17 7.71134e-17 1.6941e-16 3.36526e-16 6.07462e-16 9.99885e-16 1.50483e-15 2.07561e-15 2.62953e-15 3.06658e-15 3.29979e-15 3.2844e-15 3.03189e-15 2.60302e-15 2.08458e-15 1.56185e-15 1.0981e-15 7.26603e-16 4.53735e-16 2.68061e-16 1.50142e-16 7.98531e-17 4.03646e-17 1.93942e-17 8.84937e-18 3.8262e-18 1.56157e-18 5.9788e-19 2.1269e-19 6.92352e-20 2.00998e-20 4.96031e-21 9.34916e-22 9.57542e-23 0 
0 1.80877e-19 1.79441e-18 9.51693e-18 3.77444e-17 1.24024e-16 3.52743e-16 8.87695e-16 2.00089e-15 4.0692e-15 7.50182e-15 1.25787e-14 1.92332e-14 2.68787e-14 3.44098e-14 4.04466e-14 4.37611e-14 4.36989e-14 4.03915e-14 3.46647e-14 2.77119e-14 2.07043e-14 1.45048e-14 9.55895e-15 5.94385e-15 3.49665e-15 1.95047e-15 1.03337e-15 5.20483e-16 2.49243e-16 1.13362e-16 4.88571e-17 1.98725e-17 7.58017e-18 2.68501e-18 8.69646e-19 2.50981e-19 6.15114e-20 1.15014e-20 1.16731e-21 0 
0 9.29995e-19 9.51693e-18 5.20923e-17 2.13212e-16 7.22602e-16 2.11753e-15 5.48231e-15 1.26895e-14 2.64428e-14 4.98305e-14 8.51869e-14 1.32444e-13 1.87697e-13 2.43021e-13 2.88167e-13 3.13772e-13 3.14646e-13 2.91503e-13 2.50349e-13 2.0002e-13 1.4921e-13 1.04303e-13 6.85621e-14 4.25181e-14 2.49469e-14 1.38816e-14 7.3382e-15 3.68863e-15 1.76302e-15 8.00332e-16 3.44201e-16 1.39651e-16 5.31021e-17 1.87356e-17 6.03844e-18 1.73219e-18 4.21459e-19 7.81355e-20 7.85309e-21 0 
0 3.57629e-18 3.77444e-17 2.13212e-16 9.00657e-16 3.14881e-15 9.50938e-15 2.53366e-14 6.02438e-14 1.28692e-13 2.48027e-13 4.32568e-13 6.84327e-13 9.84254e-13 1.29003e-12 1.54471e-12 1.69466e-12 1.70874e-12 1.58899e-12 1.3678e-12 1.0941e-12 8.16473e-13 5.70657e-13 3.74965e-13 2.3243e-13 1.36329e-13 7.58472e-14 4.00943e-14 2.0155e-14 9.63315e-15 4.37176e-15 1.87871e-15 7.611e-16 2.88702e-16 1.01497e-16 3.25531e-17 9.27976e-18 2.24047e-18 4.1157e-19 4.09296e-20 0 
0 1.14017e-17 1.24024e-16 7.22602e-16 3.14881e-15 1.13518e-14 3.532e-14 9.68284e-14 2.36501e-13 5.17953e-13 1.0212e-12 1.81772e-12 2.92785e-12 4.27712e-12 5.68038e-12 6.87685e-12 7.61207e-12 7.73018e-12 7.22881e-12 6.24985e-12 5.01665e-12 3.75443e-12 2.63076e-12 1.73281e-12 1.07678e-12 6.33218e-13 3.53248e-13 1.87244e-13 9.43693e-14 4.52044e-14 2.05479e-14 8.83675e-15 3.57853e-15 1.35506e-15 4.74834e-16 1.51546e-16 4.29148e-17 1.02751e-17 1.86873e-18 1.83708e-19 0 
0 3.14987e-17 3.52743e-16 2.11753e-15 9.50938e-15 3.532e-14 1.13137e-13 3.18946e-13 7.99904e-13 1.79567e-12 3.62187e-12 6.5815e-12 1.07991e-11 1.60361e-11 2.16036e-11 2.64788e-11 2.96218e-11 3.03562e-11 2.86117e-11 2.49094e-11 2.01212e-11 1.51488e-11 1.06771e-11 7.0743e-12 4.42253e-12 2.6167e-12 1.46872e-12 7.8315e-13 3.96873e-13 1.91013e-13 8.71474e-14 3.75661e-14 1.52238e-14 5.75834e-15 2.01162e-15 6.38739e-16 1.79586e-16 4.26069e-17 7.66424e-18 7.43958e-19 0 
0 7.71134e-17 8.87695e-16 5.48231e-15 2.53366e-14 9.68284e-14 3.18946e-13 9.23743e-13 2.37713e-12 5.46737e-12 1.12798e-11 2.09284e-11 3.49987e-11 5.28725e-11 7.23403e-11 8.99064e-11 1.01847e-10 1.0557e-10 1.0056e-10 8.84283e-11 7.21271e-11 5.48295e-11 3.90239e-11 2.61146e-11 1.64919e-11 9.8577e-12 5.58864e-12 3.00847e-12 1.53788e-12 7.4571e-13 3.42221e-13 1.48101e-13 6.0124e-14 2.27277e-14 7.91532e-15 2.49943e-15 6.97188e-16 1.63736e-16 2.90966e-17 2.7852e-18 0 
0 1.6941e-16 2.00089e-15 1.26895e-14 6.02438e-14 2.36501e-13 7.99904e-13 2.37713e-12 6.27069e-12 1.47671e-11 3.1153e-11 5.90218e-11 1.00643e-10 1.54818e-10 2.15413e-10 2.71953e-10 3.12655e-10 3.28686e-10 3.17404e-10 2.8292e-10 2.33935e-10 1.80322e-10 1.30184e-10 8.83992e-11 5.66571e-11 3.43674e-11 1.9764e-11 1.07828e-11 5.57875e-12 2.73293e-12 1.26426e-12 5.50103e-13 2.23903e-13 8.46082e-14 2.9368e-14 9.21595e-15 2.54778e-15 5.91558e-16 1.03702e-16 9.77441e-18 0 
0 3.36526e-16 4.0692e-15 2.64428e-14 1.28692e-13 5.17953e-13 1.79567e-12 5.46737e-12 1.47671e-11 3.55776e-11 7.67166e-11 1.4842e-10 2.58189e-10 4.04817e-10 5.73664e-10 7.37166e-10 8.62294e-10 9.22199e-10 9.06057e-10 8.21958e-10 6.92066e-10 5.43542e-10 4.00063e-10 2.77074e-10 1.81152e-10 1.12061e-10 6.56684e-11 3.64574e-11 1.91562e-11 9.50661e-12 4.4419e-12 1.94567e-12 7.94423e-13 3.00064e-13 1.03744e-13 3.23203e-14 8.84361e-15 2.02692e-15 3.49949e-16 3.24237e-17 0 
0 6.07462e-16 7.50182e-15 4.98305e-14 2.48027e-13 1.0212e-12 3.62187e-12 1.12798e-11 3.1153e-11 7.67166e-11 1.69008e-10 3.33896e-10 5.92885e-10 9.48541e-10 1.3713e-09 1.79769e-09 2.1457e-09 2.34259e-09 2.35113e-09 2.18068e-09 1.87901e-09 1.51171e-09 1.1407e-09 8.1033e-10 5.43427e-10 3.44614e-10 2.06755e-10 1.17283e-10 6.27953e-11 3.16497e-11 1.49619e-11 6.60339e-12 2.70508e-12 1.02079e-12 3.51178e-13 1.08461e-13 2.93242e-14 6.62222e-15 1.12389e-15 1.0217e-16 0 
0 9.99885e-16 1.25787e-14 8.51869e-14 4.32568e-13 1.81772e-12 6.5815e-12 2.09284e-11 5.90218e-11 1.4842e-10 3.33896e-10 6.73663e-10 1.22178e-09 1.99705e-09 2.951e-09 3.95671e-09 4.8345e-09 5.40901e-09 5.57053e-09 5.30916e-09 4.7076e-09 3.90247e-09 3.03717e-09 2.22636e-09 1.54037e-09 1.00677e-09 6.21366e-10 3.61588e-10 1.97898e-10 1.01524e-10 4.86205e-11 2.16303e-11 8.8869e-12 3.34706e-12 1.14405e-12 3.49634e-13 9.32117e-14 2.06958e-14 3.44525e-15 3.06661e-16 0 
0 1.50483e-15 1.92332e-14 1.32444e-13 6.84327e-13 2.92785e-12 1.07991e-11 3.49987e-11 1.00643e-10 2.58189e-10 5.92885e-10 1.22178e-09 2.26502e-09 3.78794e-09 5.73343e-09 7.88503e-09 9.89776e-09 1.13973e-08 1.2104e-08 1.19198e-08 1.09416e-08 9.40498e-09 7.59805e-09 5.78373e-09 4.15328e-09 2.81302e-09 1.7944e-09 1.07528e-09 6.03252e-10 3.1556e-10 1.53211e-10 6.86943e-11 2.82788e-11 1.0613e-11 3.59679e-12 1.08516e-12 2.84564e-13 6.1965e-14 1.0094e-14 8.77733e-16 0 
0 2.07561e-15 2.68787e-14 1.87697e-13 9.84254e-13 4.27712e-12 1.60361e-11 5.28725e-11 1.54818e-10 4.04817e-10 9.48541e-10 1.99705e-09 3.78794e-09 6.49214e-09 1.00896e-08 1.42778e-08 1.8485e-08 2.20098e-08 2.42336e-08 2.48061e-08 2.3724e-08 2.12859e-08 1.79707e-08 1.4298e-08 1.07213e-08 7.56558e-09 5.01046e-09 3.10259e-09 1.7884e-09 9.55031e-10 4.70137e-10 2.12256e-10 8.74032e-11 3.26124e-11 1.09296e-11 3.24606e-12 8.34861e-13 1.77794e-13 2.8266e-14 2.39543e-15 0 
0 2.62953e-15 3.44098e-14 2.43021e-13 1.29003e-12 5.68038e-12 2.16036e-11 7.23403e-11 2.15413e-10 5.73664e-10 1.3713e-09 2.951e-09 5.73343e-09 1.00896e-08 1.61432e-08 2.35879e-08 3.16322e-08 3.91419e-08 4.49371e-08 4.8115e-08 4.82657e-08 4.55172e-08 4.04354e-08 3.38487e-08 2.66636e-08 1.97063e-08 1.3607e-08 8.73324e-09 5.18144e-09 2.82612e-09 1.40962e-09 6.39754e-10 2.62866e-10 9.72219e-11 3.21143e-11 9.35727e-12 2.35255e-12 4.88454e-13 7.55733e-14 6.22603e-15 0 
0 3.06658e-15 4.04466e-14 2.88167e-13 1.54471e-12 6.87685e-12 2.64788e-11 8.99064e-11 2.71953e-10 7.37166e-10 1.79769e-09 3.95671e-09 7.88503e-09 1.42778e-08 2.35879e-08 3.57211e-08 4.98454e-08 6.44414e-08 7.76048e-08 8.74843e-08 9.26845e-08 9.25182e-08 8.70836e-08 7.72035e-08 6.42682e-08 4.99983e-08 3.61342e-08 2.40992e-08 1.47333e-08 8.20552e-09 4.1405e-09 1.88414e-09 7.6991e-10 2.81187e-10 9.11822e-11 2.59626e-11 6.35702e-12 1.28246e-12 1.92521e-13 1.53787e-14 0 
0 3.29979e-15 4.37611e-14 3.13772e-13 1.69466e-12 7.61207e-12 2.96218e-11 1.01847e-10 3.12655e-10 8.62294e-10 2.1457e-09 4.8345e-09 9.89776e-09 1.8485e-08 3.16322e-08 4.98454e-08 7.27191e-08 9.87618e-08 1.25522e-07 1.49963e-07 1.68956e-07 1.79768e-07 1.80519e-07 1.70588e-07 1.50938e-07 1.24196e-07 9.42764e-08 6.5469e-08 4.1261e-08 2.3438e-08 1.19348e-08 5.42593e-09 2.19554e-09 7.88139e-10 2.49726e-10 6.9174e-11 1.64278e-11 3.20846e-12 4.65878e-13 3.59903e-14 0 
0 3.2844e-15 4.36989e-14 3.14646e-13 1.70874e-12 7.73018e-12 3.03562e-11 1.0557e-10 3.28686e-10 9.22199e-10 2.34259e-09 5.40901e-09 1.13973e-08 2.20098e-08 3.91419e-08 6.44414e-08 9.87618e-08 1.41676e-07 1.91178e-07 2.43622e-07 2.93849e-07 3.35532e-07 3.61866e-07 3.66805e-07 3.46907e-07 3.03289e-07 2.42583e-07 1.7567e-07 1.14099e-07 6.59713e-08 3.37804e-08 1.52724e-08 6.0871e-09 2.13586e-09 6.57708e-10 1.76353e-10 4.04416e-11 7.61791e-12 1.06659e-12 7.94882e-14 0 
0 3.03189e-15 4.03915e-14 2.91503e-13 1.58899e-12 7.22881e-12 2.86117e-11 1.0056e-10 3.17404e-10 9.06057e-10 2.35113e-09 5.57053e-09 1.2104e-08 2.42336e-08 4.49371e-08 7.76048e-08 1.25522e-07 1.91178e-07 2.75452e-07 3.76661e-07 4.89446e-07 6.03632e-07 7.03656e-07 7.69769e-07 7.82427e-07 7.30035e-07 6.17074e-07 4.66505e-07 3.11975e-07 1.83072e-07 9.38307e-08 4.19417e-08 1.63604e-08 5.57501e-09 1.65827e-09 4.28069e-10 9.43528e-11 1.70767e-11 2.29856e-12 1.64881e-13 0 
0 2.60302e-15 3.46647e-14 2.50349e-13 1.3678e-12 6.24985e-12 2.49094e-11 8.84283e-11 2.8292e-10 8.21958e-10 2.18068e-09 5.30916e-09 1.19198e-08 2.48061e-08 4.8115e-08 8.74843e-08 1.49963e-07 2.43622e-07 3.76661e-07 5.55631e-07 7.82204e-07 1.04804e-06 1.3284e-06 1.57754e-06 1.73263e-06 1.73302e-06 1.55285e-06 1.22714e-06 8.44187e-07 5.01069e-07 2.55587e-07 1.12116e-07 4.24562e-08 1.39409e-08 3.97781e-09 9.82843e-10 2.07245e-10 3.59088e-11 4.63427e-12 3.19377e-13 0 
0 2.08458e-15 2.77119e-14 2.0002e-13 1.0941e-12 5.01665e-12 2.01212e-11 7.21271e-11 2.33935e-10 6.92066e-10 1.87901e-09 4.7076e-09 1.09416e-08 2.3724e-08 4.82657e-08 9.26845e-08 1.68956e-07 2.93849e-07 4.89446e-07 7.82204e-07 1.19847e-06 1.75322e-06 2.42911e-06 3.14875e-06 3.7577e-06 4.05197e-06 3.87134e-06 3.2161e-06 2.28469e-06 1.37076e-06 6.91015e-07 2.93788e-07 1.06449e-07 3.32491e-08 9.01281e-09 2.11708e-09 4.2507e-10 7.0282e-11 8.67836e-12 5.73893e-13 0 
0 1.56185e-15 2.07043e-14 1.4921e-13 8.16473e-13 3.75443e-12 1.51488e-11 5.48295e-11 1.80322e-10 5.43542e-10 1.51171e-09 3.90247e-09 9.40498e-09 2.12859e-08 4.55172e-08 9.25182e-08 1.79768e-07 3.35532e-07 6.03632e-07 1.04804e-06 1.75322e-06 2.81053e-06 4.27507e-06 6.08185e-06 7.94967e-06 9.36835e-06 9.76083e-06 8.78548e-06 6.63754e-06 4.09135e-06 2.02509e-06 8.09871e-07 2.6898e-07 7.68001e-08 1.92627e-08 4.24391e-09 8.06404e-10 1.26875e-10 1.49701e-11 9.49588e-13 0 
0 1.0981e-15 1.45048e-14 1.04303e-13 5.70657e-13 2.63076e-12 1.06771e-11 3.90239e-11 1.30184e-10 4.00063e-10 1.1407e-09 3.03717e-09 7.59805e-09 1.79707e-08 4.04354e-08 8.70836e-08 1.80519e-07 3.61866e-07 7.03656e-07 1.3284e-06 2.42911e-06 4.27507e-06 7.16351e-06 1.12761e-05 1.64869e-05 2.22235e-05 2.71584e-05 2.87759e-05 2.47534e-05 1.63017e-05 7.96e-06 2.88681e-06 8.09682e-07 1.89775e-07 4.02644e-08 7.9336e-09 1.4028e-09 2.09134e-10 2.35692e-11 1.43516e-12 0 
0 7.26603e-16 9.55895e-15 6.85621e-14 3.74965e-13 1.73281e-12 7.0743e-12 2.61146e-11 8.83992e-11 2.77074e-10 8.1033e-10 2.22636e-09 5.78373e-09 1.4298e-08 3.38487e-08 7.72035e-08 1.70588e-07 3.66805e-07 7.69769e-07 1.57754e-06 3.14875e-06 6.08185e-06 1.12761e-05 2.00516e-05 3.47261e-05 5.8945e-05 9.26649e-05 0.00012105 0.000119398 8.39867e-05 4.10402e-05 1.3877e-05 3.31692e-06 5.98604e-07 9.31515e-08 1.44165e-08 2.23818e-09 3.11797e-10 3.35391e-11 1.96436e-12 0 
0 4.53735e-16 5.94385e-15 4.25181e-14 2.3243e-13 1.07678e-12 4.42253e-12 1.64919e-11 5.66571e-11 1.81152e-10 5.43427e-10 1.54037e-09 4.15328e-09 1.07213e-08 2.66636e-08 6.42682e-08 1.50938e-07 3.46907e-07 7.82427e-07 1.73263e-06 3.7577e-06 7.94967e-06 1.64869e-05 3.47261e-05 7.77476e-05 0.00017596 0.000345964 0.000517817 0.000549206 0.000399278 0.000196041 6.46818e-05 1.4413e-05 2.22741e-06 2.59984e-07 2.79191e-08 3.35403e-09 4.18211e-10 4.27274e-11 2.41411e-12 0 
0 2.68061e-16 3.49665e-15 2.49469e-14 1.36329e-13 6.33218e-13 2.6167e-12 9.8577e-12 3.43674e-11 1.12061e-10 3.44614e-10 1.00677e-09 2.81302e-09 7.56558e-09 1.97063e-08 4.99983e-08 1.24196e-07 3.03289e-07 7.30035e-07 1.73302e-06 4.05197e-06 9.36835e-06 2.22235e-05 5.8945e-05 0.00017596 0.000496781 0.00110471 0.00175746 0.0019193 0.00141345 0.000695977 0.000228069 4.96812e-05 7.245e-06 7.32591e-07 5.8415e-08 4.91374e-09 5.05617e-10 4.83279e-11 2.64201e-12 0 
0 1.50142e-16 1.95047e-15 1.38816e-14 7.58472e-14 3.53248e-13 1.46872e-12 5.58864e-12 1.9764e-11 6.56684e-11 2.06755e-10 6.21366e-10 1.7944e-09 5.01046e-09 1.3607e-08 3.61342e-08 9.42764e-08 2.42583e-07 6.17074e-07 1.55285e-06 3.87134e-06 9.76083e-06 2.71584e-05 9.26649e-05 0.000345964 0.00110471 0.00259957 0.00424213 0.00468496 0.00346547 0.00170771 0.000558314 0.0001207 1.72493e-05 1.64928e-06 1.12605e-07 6.96298e-09 5.52278e-10 4.81928e-11 2.55597e-12 0 
0 7.98531e-17 1.03337e-15 7.3382e-15 4.00943e-14 1.87244e-13 7.8315e-13 3.00847e-12 1.07828e-11 3.64574e-11 1.17283e-10 3.61588e-10 1.07528e-09 3.10259e-09 8.73324e-09 2.40992e-08 6.5469e-08 1.7567e-07 4.66505e-07 1.22714e-06 3.2161e-06 8.78548e-06 2.87759e-05 0.00012105 0.000517817 0.00175746 0.00424213 0.00699607 0.00775878 0.00574682 0.00283156 0.000924633 0.000199292 2.8263e-05 2.6442e-06 1.68643e-07 8.64764e-09 5.35691e-10 4.20447e-11 2.17219e-12 0 
0 4.03646e-17 5.20483e-16 3.68863e-15 2.0155e-14 9.43693e-14 3.96873e-13 1.53788e-12 5.57875e-12 1.91562e-11 6.27953e-11 1.97898e-10 6.03252e-10 1.7884e-09 5.18144e-09 1.47333e-08 4.1261e-08 1.14099e-07 3.11975e-07 8.44187e-07 2.28469e-06 6.63754e-06 2.47534e-05 0.000119398 0.000549206 0.0019193 0.00468496 0.00775878 0.0086175 0.00638521 0.00314531 0.00102633 0.000220899 3.12275e-05 2.89599e-06 1.79514e-07 8.39808e-09 4.41266e-10 3.17519e-11 1.61356e-12 0 
0 1.93942e-17 2.49243e-16 1.76302e-15 9.63315e-15 4.52044e-14 1.91013e-13 7.4571e-13 2.73293e-12 9.50661e-12 3.16497e-11 1.01524e-10 3.1556e-10 9.55031e-10 2.82612e-09 8.20552e-09 2.3438e-08 6.59713e-08 1.83072e-07 5.01069e-07 1.37076e-06 4.09135e-06 1.63017e-05 8.39867e-05 0.000399278 0.00141345 0.00346547 0.00574682 0.00638521 0.00473125 0.00233005 0.000759955 0.000163454 2.30786e-05 2.13378e-06 1.31021e-07 5.94316e-09 2.93992e-10 2.05245e-11 1.04406e-12 0 
0 8.84937e-18 1.13362e-16 8.00332e-16 4.37176e-15 2.05479e-14 8.71474e-14 3.42221e-13 1.26426e-12 4.4419e-12 1.49619e-11 4.86205e-11 1.53211e-10 4.70137e-10 1.40962e-09 4.1405e-09 1.19348e-08 3.37804e-08 9.38307e-08 2.55587e-07 6.91015e-07 2.02509e-06 7.96e-06 4.10402e-05 0.000196041 0.000695977 0.00170771 0.00283156 0.00314531 0.00233005 0.0011472 0.000374059 8.04394e-05 1.1358e-05 1.05081e-06 6.47436e-08 2.98556e-09 1.54837e-10 1.12991e-11 5.87718e-13 0 
0 3.8262e-18 4.88571e-17 3.44201e-16 1.87871e-15 8.83675e-15 3.75661e-14 1.48101e-13 5.50103e-13 1.94567e-12 6.60339e-12 2.16303e-11 6.86943e-11 2.12256e-10 6.39754e-10 1.88414e-09 5.42593e-09 1.52724e-08 4.19417e-08 1.12116e-07 2.93788e-07 8.09871e-07 2.88681e-06 1.3877e-05 6.46818e-05 0.000228069 0.000558314 0.000924633 0.00102633 0.000759955 0.000374059 0.00012196 2.62376e-05 3.71034e-06 3.4501e-07 2.16706e-08 1.07612e-09 6.55304e-11 5.32576e-12 2.88085e-13 0 
0 1.56157e-18 1.98725e-17 1.39651e-16 7.611e-16 3.57853e-15 1.52238e-14 6.0124e-14 2.23903e-13 7.94423e-13 2.70508e-12 8.8869e-12 2.82788e-11 8.74032e-11 2.62866e-10 7.6991e-10 2.19554e-09 6.0871e-09 1.63604e-08 4.24562e-08 1.06449e-07 2.6898e-07 8.09682e-07 3.31692e-06 1.4413e-05 4.96812e-05 0.0001207 0.000199292 0.000220899 0.000163454 8.04394e-05 2.62376e-05 5.65314e-06 8.02954e-07 7.57209e-08 5.006e-09 2.94433e-10 2.33994e-11 2.17349e-12 1.232e-13 0 
0 5.9788e-19 7.58017e-18 5.31021e-17 2.88702e-16 1.35506e-15 5.75834e-15 2.27277e-14 8.46082e-14 3.00064e-13 1.02079e-12 3.34706e-12 1.0613e-11 3.26124e-11 9.72219e-11 2.81187e-10 7.88139e-10 2.13586e-09 5.57501e-09 1.39409e-08 3.32491e-08 7.68001e-08 1.89775e-07 5.98604e-07 2.22741e-06 7.245e-06 1.72493e-05 2.8263e-05 3.12275e-05 2.30786e-05 1.1358e-05 3.71034e-06 8.02954e-07 1.15464e-07 1.1318e-08 8.51034e-10 6.85747e-11 7.41358e-12 7.74398e-13 4.60134e-14 0 
0 2.1269e-19 2.68501e-18 1.87356e-17 1.01497e-16 4.74834e-16 2.01162e-15 7.91532e-15 2.9368e-14 1.03744e-13 3.51178e-13 1.14405e-12 3.59679e-12 1.09296e-11 3.21143e-11 9.11822e-11 2.49726e-10 6.57708e-10 1.65827e-09 3.97781e-09 9.01281e-09 1.92627e-08 4.02644e-08 9.31515e-08 2.59984e-07 7.32591e-07 1.64928e-06 2.6442e-06 2.89599e-06 2.13378e-06 1.05081e-06 3.4501e-07 7.57209e-08 1.1318e-08 1.24229e-09 1.25237e-10 1.5401e-11 2.11987e-12 2.40965e-13 1.49822e-14 0 
0 6.92352e-20 8.69646e-19 6.03844e-18 3.25531e-17 1.51546e-16 6.38739e-16 2.49943e-15 9.21595e-15 3.23203e-14 1.08461e-13 3.49634e-13 1.08516e-12 3.24606e-12 9.35727e-12 2.59626e-11 6.9174e-11 1.76353e-10 4.28069e-10 9.82843e-10 2.11708e-09 4.24391e-09 7.9336e-09 1.44165e-08 2.79191e-08 5.8415e-08 1.12605e-07 1.68643e-07 1.79514e-07 1.31021e-07 6.47436e-08 2.16706e-08 5.006e-09 8.51034e-10 1.25237e-10 1.97992e-11 3.40959e-12 5.37855e-13 6.49785e-14 4.22298e-15 0 
0 2.00998e-20 2.50981e-19 1.73219e-18 9.27976e-18 4.29148e-17 1.79586e-16 6.97188e-16 2.54778e-15 8.84361e-15 2.93242e-14 9.32117e-14 2.84564e-13 8.34861e-13 2.35255e-12 6.35702e-12 1.64278e-11 4.04416e-11 9.43528e-11 2.07245e-10 4.2507e-10 8.06404e-10 1.4028e-09 2.23818e-09 3.35403e-09 4.91374e-09 6.96298e-09 8.64764e-09 8.39808e-09 5.94316e-09 2.98556e-09 1.07612e-09 2.94433e-10 6.85747e-11 1.5401e-11 3.40959e-12 6.90629e-13 1.17371e-13 1.4915e-14 1.01269e-15 0 
0 4.96031e-21 6.15114e-20 4.21459e-19 2.24047e-18 1.02751e-17 4.26069e-17 1.63736e-16 5.91558e-16 2.02692e-15 6.62222e-15 2.06958e-14 6.1965e-14 1.77794e-13 4.88454e-13 1.28246e-12 3.20846e-12 7.61791e-12 1.70767e-11 3.59088e-11 7.0282e-11 1.26875e-10 2.09134e-10 3.11797e-10 4.18211e-10 5.05617e-10 5.52278e-10 5.35691e-10 4.41266e-10 2.93992e-10 1.54837e-10 6.55304e-11 2.33994e-11 7.41358e-12 2.11987e-12 5.37855e-13 1.17371e-13 2.10372e-14 2.80092e-15 1.98545e-16 0 
0 9.34916e-22 1.15014e-20 7.81355e-20 4.1157e-19 1.86873e-18 7.66424e-18 2.90966e-17 1.03702e-16 3.49949e-16 1.12389e-15 3.44525e-15 1.0094e-14 2.8266e-14 7.55733e-14 1.92521e-13 4.65878e-13 1.06659e-12 2.29856e-12 4.63427e-12 8.67836e-12 1.49701e-11 2.35692e-11 3.35391e-11 4.27274e-11 4.83279e-11 4.81928e-11 4.20447e-11 3.17519e-11 2.05245e-11 1.12991e-11 5.32576e-12 2.17349e-12 7.74398e-13 2.40965e-13 6.49785e-14 1.4915e-14 2.80092e-15 3.89783e-16 2.88124e-17 0 
0 9.57542e-23 1.16731e-21 7.85309e-21 4.09296e-20 1.83708e-19 7.43958e-19 2.7852e-18 9.77441e-18 3.24237e-17 1.0217e-16 3.06661e-16 8.77733e-16 2.39543e-15 6.22603e-15 1.53787e-14 3.59903e-14 7.94882e-14 1.64881e-13 3.19377e-13 5.73893e-13 9.49588e-13 1.43516e-12 1.96436e-12 2.41411e-12 2.64201e-12 2.55597e-12 2.17219e-12 1.61356e-12 1.04406e-12 5.87718e-13 2.88085e-13 1.232e-13 4.60134e-14 1.49822e-14 4.22298e-15 1.01269e-15 1.98545e-16 2.88124e-17 2.21735e-18 0 
0 0 0 0 0 0 0 0 0 0 0 0 0 0 0 0 0 0 0 0 0 0 0 0 0 0 0 0 0 0 0 0 0 0 0 0 0 0 0 0 0 
