0 0 0 0 0 0 0 0 0 0 0 0 0 0 0 0 0 0 0 0 0 0 0 0 0 0 0 0 0 0 0 0 0 0 0 0 0 0 0 0 0 
0 7.38085e-09 6.88585e-08 3.32772e-07 1.16008e-06 3.22655e-06 7.49056e-06 1.49069e-05 2.5936e-05 4.01102e-05 5.59412e-05 7.12383e-05 8.36739e-05 9.13532e-05 9.3214e-05 8.91889e-05 8.01395e-05 6.7611e-05 5.34777e-05 3.95565e-05 2.72756e-05 1.74724e-05 1.03642e-05 5.6774e-06 2.86667e-06 1.33299e-06 5.70817e-07 2.25275e-07 8.2035e-08 2.76019e-08 8.59038e-09 2.47407e-09 6.58874e-10 1.61803e-10 3.64201e-11 7.42711e-12 1.34221e-12 2.05589e-13 2.40569e-14 1.53453e-15 0 
0 6.88585e-08 6.69573e-07 3.35468e-06 1.2006e-05 3.3827e-05 7.83726e-05 0.00015351 0.000260193 0.000389969 0.000527028 0.000652937 0.000751184 0.000810039 0.000823738 0.000792521 0.000721972 0.000621922 0.000504963 0.000384611 0.000273196 0.000179835 0.000109051 6.06254e-05 3.08053e-05 1.42921e-05 6.05899e-06 2.35196e-06 8.38235e-07 2.75051e-07 8.32899e-08 2.33094e-08 6.02893e-09 1.43808e-09 3.14583e-10 6.24007e-11 1.0981e-11 1.63989e-12 1.87334e-13 1.16813e-14 0 
0 3.32772e-07 3.35468e-06 1.7255e-05 6.23248e-05 0.000173302 0.000387261 0.000718895 0.0011455 0.00161621 0.00207285 0.00246525 0.00275702 0.00292614 0.00296376 0.00287268 0.0026658 0.00236443 0.00199662 0.00159534 0.00119604 0.00083279 0.00053271 0.000309965 0.000162906 7.71016e-05 3.2897e-05 1.27046e-05 4.46511e-06 1.43591e-06 4.2445e-07 1.15687e-07 2.91096e-08 6.75336e-09 1.43739e-09 2.77636e-10 4.76252e-11 6.94148e-12 7.74947e-13 4.72877e-14 0 
0 1.16008e-06 1.2006e-05 6.23248e-05 0.000221038 0.000584482 0.00121108 0.0020651 0.00304113 0.00402418 0.00492086 0.00566245 0.0062014 0.0065092 0.00657546 0.00640683 0.00602492 0.00546339 0.00476462 0.0039768 0.00315219 0.0023463 0.0016161 0.00101299 0.000568929 0.00028336 0.000124836 4.88762e-05 1.7158e-05 5.45341e-06 1.58241e-06 4.21685e-07 1.03525e-07 2.3414e-08 4.85831e-09 9.1535e-10 1.53303e-10 2.18406e-11 2.38631e-12 1.42695e-13 0 
0 3.22655e-06 3.3827e-05 0.000173302 0.000584482 0.00142197 0.00267934 0.00420086 0.00580971 0.00736559 0.00875927 0.00990343 0.0107323 0.0112043 0.0113043 0.0110428 0.0104534 0.00958748 0.00850874 0.00728647 0.0059905 0.00468854 0.0034475 0.00233721 0.0014277 0.00076868 0.000359822 0.000146326 5.22211e-05 1.65987e-05 4.76478e-06 1.24804e-06 3.0011e-07 6.63741e-08 1.34614e-08 2.47959e-09 4.06292e-10 5.66854e-11 6.07218e-12 3.56416e-13 0 
0 7.49056e-06 7.83726e-05 0.000387261 0.00121108 0.00267934 0.00464066 0.00685702 0.00913672 0.0113243 0.0132814 0.0148887 0.0160533 0.0167164 0.0168562 0.0164875 0.0156579 0.0144408 0.0129266 0.0112134 0.00939814 0.00756956 0.00580509 0.00417451 0.00275041 0.001612 0.000817302 0.000353265 0.000130729 4.21482e-05 1.20824e-05 3.1305e-06 7.40731e-07 1.60781e-07 3.19686e-08 5.77243e-09 9.27583e-10 1.27017e-10 1.3367e-11 7.71625e-13 0 
0 1.49069e-05 0.00015351 0.000718895 0.0020651 0.00420086 0.00685702 0.00978173 0.0127743 0.0156461 0.0182172 0.0203298 0.0218613 0.0227336 0.0229177 0.0224332 0.0213428 0.0197436 0.0177554 0.0155082 0.0131307 0.0107398 0.00843358 0.0062896 0.00437255 0.00275283 0.00151349 0.000704519 0.000274937 9.12018e-05 2.63728e-05 6.80565e-06 1.59243e-06 3.40551e-07 6.66037e-08 1.18233e-08 1.86816e-09 2.51681e-10 2.60794e-11 1.48372e-12 0 
0 2.5936e-05 0.000260193 0.0011455 0.00304113 0.00580971 0.00913672 0.0127743 0.0164956 0.0200686 0.023269 0.0258999 0.027808 0.0288958 0.0291268 0.0285252 0.0271692 0.02518 0.0227071 0.0199133 0.0169598 0.0139933 0.0111366 0.00848343 0.00610015 0.00404147 0.00237781 0.00119135 0.000494689 0.000170733 5.02595e-05 1.30032e-05 3.02344e-06 6.39542e-07 1.23445e-07 2.1609e-08 3.36664e-09 4.47386e-10 4.57571e-11 2.57147e-12 0 
0 4.01102e-05 0.000389969 0.00161621 0.00402418 0.00736559 0.0113243 0.0156461 0.0200686 0.0243162 0.0281224 0.0312526 0.0335244 0.0348211 0.0350991 0.0343869 0.0327773 0.0304144 0.0274764 0.0241575 0.0206498 0.0171289 0.013742 0.010601 0.00778117 0.00533023 0.00329678 0.00175882 0.000776618 0.000280432 8.4591e-05 2.2062e-05 5.11966e-06 1.07509e-06 2.05477e-07 3.55767e-08 5.48094e-09 7.20385e-10 7.29099e-11 4.05743e-12 0 
0 5.59412e-05 0.000527028 0.00207285 0.00492086 0.00875927 0.0132814 0.0182172 0.023269 0.0281224 0.0324729 0.0360526 0.0386526 0.0401391 0.0404618 0.0396527 0.0378176 0.0351211 0.0317669 0.0279772 0.0239722 0.0199531 0.016089 0.0125089 0.00929878 0.00650642 0.00416447 0.00233136 0.00108607 0.000410022 0.000127097 3.35345e-05 7.79326e-06 1.62989e-06 3.09408e-07 5.31466e-08 8.12001e-09 1.05857e-09 1.06313e-10 5.87448e-12 0 
0 7.12383e-05 0.000652937 0.00246525 0.00566245 0.00990343 0.0148887 0.0203298 0.0258999 0.0312526 0.0360526 0.0400043 0.042877 0.0445228 0.0448853 0.0439993 0.0419812 0.039012 0.0353165 0.0311397 0.0267249 0.0222947 0.0180362 0.0140927 0.0105597 0.00748808 0.00490165 0.00283945 0.00137954 0.00054138 0.000172269 4.60444e-05 1.07405e-05 2.24318e-06 4.24172e-07 7.24969e-08 1.1018e-08 1.42904e-09 1.42854e-10 7.86254e-12 0 
0 8.36739e-05 0.000751184 0.00275702 0.0062014 0.0107323 0.0160533 0.0218613 0.027808 0.0335244 0.0386526 0.042877 0.0459511 0.0477162 0.0481115 0.0471735 0.0450257 0.0418611 0.0379194 0.0334622 0.0287497 0.0240198 0.0194731 0.0152634 0.0114936 0.00821762 0.00545544 0.00323218 0.00161786 0.000654133 0.000212776 5.75677e-05 1.34951e-05 2.82086e-06 5.32809e-07 9.08928e-08 1.37868e-08 1.7853e-09 1.78305e-10 9.81376e-12 0 
0 9.13532e-05 0.000810039 0.00292614 0.0065092 0.0112043 0.0167164 0.0227336 0.0288958 0.0348211 0.0401391 0.0445228 0.0477162 0.0495544 0.0499738 0.0490113 0.0467941 0.0435218 0.0394422 0.0348264 0.0299439 0.0250418 0.0203285 0.0159641 0.0120558 0.00866024 0.00579562 0.00347928 0.00177389 0.000731528 0.000241756 6.60678e-05 1.5573e-05 3.26487e-06 6.17852e-07 1.05584e-07 1.60497e-08 2.08449e-09 2.09038e-10 1.15685e-11 0 
0 9.3214e-05 0.000823738 0.00296376 0.00657546 0.0113043 0.0168562 0.0229177 0.0291268 0.0350991 0.0404618 0.0448853 0.0481115 0.0499738 0.0504072 0.0494483 0.0472244 0.0439358 0.0398318 0.035185 0.030267 0.0253268 0.020575 0.0161733 0.0122305 0.00880419 0.0059123 0.00356958 0.00183522 0.000764355 0.000254968 7.02102e-05 1.66527e-05 3.51118e-06 6.68418e-07 1.14998e-07 1.76204e-08 2.31045e-09 2.34359e-10 1.31456e-11 0 
0 8.91889e-05 0.000792521 0.00287268 0.00640683 0.0110428 0.0164875 0.0224332 0.0285252 0.0343869 0.0396527 0.0439993 0.0471735 0.0490113 0.0494483 0.0485196 0.0463494 0.0431334 0.0391153 0.0345622 0.0297402 0.0248935 0.0202289 0.0159054 0.0120303 0.00866044 0.00581453 0.00350902 0.001804 0.000752525 0.000252041 6.98566e-05 1.67112e-05 3.5605e-06 6.86275e-07 1.19808e-07 1.86729e-08 2.4969e-09 2.58932e-10 1.48824e-11 0 
0 8.01395e-05 0.000721972 0.0026658 0.00602492 0.0104534 0.0156579 0.0213428 0.0271692 0.0327773 0.0378176 0.0419812 0.0450257 0.0467941 0.0472244 0.0463494 0.0442872 0.0412239 0.0373919 0.0330461 0.0284402 0.0238077 0.0193459 0.0152071 0.0114939 0.00826113 0.00552887 0.00331912 0.00169578 0.000704796 0.000236616 6.61865e-05 1.60714e-05 3.49193e-06 6.89174e-07 1.23652e-07 1.98716e-08 2.74701e-09 2.94988e-10 1.75653e-11 0 
0 6.7611e-05 0.000621922 0.00236443 0.00546339 0.00958748 0.0144408 0.0197436 0.02518 0.0304144 0.0351211 0.039012 0.0418611 0.0435218 0.0439358 0.0431334 0.0412239 0.0383803 0.0348187 0.030776 0.0264884 0.022173 0.0180135 0.0141514 0.010682 0.00765671 0.00509792 0.00303584 0.00153793 0.000637319 0.00021565 6.15044e-05 1.53725e-05 3.46271e-06 7.12184e-07 1.33604e-07 2.24794e-08 3.25107e-09 3.64274e-10 2.25374e-11 0 
0 5.34777e-05 0.000504963 0.00199662 0.00476462 0.00850874 0.0129266 0.0177554 0.0227071 0.0274764 0.0317669 0.0353165 0.0379194 0.0394422 0.0398318 0.0391153 0.0373919 0.0348187 0.0315917 0.0279261 0.0240363 0.0201191 0.0163411 0.01283 0.00967142 0.00691251 0.00457864 0.00270837 0.0013676 0.000571576 0.000198411 5.89831e-05 1.55384e-05 3.71088e-06 8.10169e-07 1.60892e-07 2.84931e-08 4.3043e-09 4.99516e-10 3.17404e-11 0 
0 3.95565e-05 0.000384611 0.00159534 0.0039768 0.00728647 0.0112134 0.0155082 0.0199133 0.0241575 0.0279772 0.0311397 0.0334622 0.0348264 0.035185 0.0345622 0.0330461 0.030776 0.0279261 0.0246873 0.0212498 0.0177881 0.0144489 0.0113443 0.00854891 0.00610492 0.00404037 0.00239709 0.00122896 0.000532586 0.00019602 6.27047e-05 1.78491e-05 4.58399e-06 1.06507e-06 2.22217e-07 4.08087e-08 6.31755e-09 7.4386e-10 4.75741e-11 0 
0 2.72756e-05 0.000273196 0.00119604 0.00315219 0.0059905 0.00939814 0.0131307 0.0169598 0.0206498 0.0239722 0.0267249 0.0287497 0.0299439 0.030267 0.0297402 0.0284402 0.0264884 0.0240363 0.0212498 0.0182944 0.0153212 0.0124568 0.00979681 0.00740449 0.00531696 0.00356102 0.0021691 0.00117013 0.000548632 0.000222388 7.83482e-05 2.42067e-05 6.6077e-06 1.59826e-06 3.4114e-07 6.32401e-08 9.78738e-09 1.14436e-09 7.23508e-11 0 
0 1.74724e-05 0.000179835 0.00083279 0.0023463 0.00468854 0.00756956 0.0107398 0.0139933 0.0171289 0.0199531 0.0222947 0.0240198 0.0250418 0.0253268 0.0248935 0.0238077 0.022173 0.0201191 0.0177881 0.0153212 0.0128475 0.0104745 0.0082826 0.0063249 0.00463204 0.00321951 0.00209128 0.00124118 0.000653813 0.000297265 0.000114774 3.7621e-05 1.05766e-05 2.57825e-06 5.46879e-07 9.98928e-08 1.51597e-08 1.73378e-09 1.07115e-10 0 
0 1.03642e-05 0.000109051 0.00053271 0.0016161 0.0034475 0.00580509 0.00843358 0.0111366 0.013742 0.016089 0.0180362 0.0194731 0.0203285 0.020575 0.0202289 0.0193459 0.0180135 0.0163411 0.0144489 0.0124568 0.0104745 0.00859353 0.00688275 0.00538738 0.00412812 0.00309415 0.0022401 0.00151429 0.000907863 0.000458472 0.000188855 6.33265e-05 1.76628e-05 4.20426e-06 8.65491e-07 1.53162e-07 2.252e-08 2.49787e-09 1.49904e-10 0 
0 5.6774e-06 6.06254e-05 0.000309965 0.00101299 0.00233721 0.00417451 0.0062896 0.00848343 0.010601 0.0125089 0.0140927 0.0152634 0.0159641 0.0161733 0.0159054 0.0152071 0.0141514 0.01283 0.0113443 0.00979681 0.0082826 0.00688275 0.00566036 0.0046602 0.00390563 0.00336968 0.00291596 0.00233629 0.00158079 0.000850415 0.000354276 0.000114791 3.00586e-05 6.69059e-06 1.30194e-06 2.20195e-07 3.11507e-08 3.33845e-09 1.94233e-10 0 
0 2.86667e-06 3.08053e-05 0.000162906 0.000568929 0.0014277 0.00275041 0.00437255 0.00610015 0.00778117 0.00929878 0.0105597 0.0114936 0.0120558 0.0122305 0.0120303 0.0114939 0.010682 0.00967142 0.00854891 0.00740449 0.0063249 0.00538738 0.0046602 0.00423338 0.00428521 0.00495999 0.00578264 0.00561785 0.00407473 0.00214087 0.000824005 0.000237924 5.39554e-05 1.04265e-05 1.82877e-06 2.89836e-07 3.92438e-08 4.06218e-09 2.29384e-10 0 
0 1.33299e-06 1.42921e-05 7.71016e-05 0.00028336 0.00076868 0.001612 0.00275283 0.00404147 0.00533023 0.00650642 0.00748808 0.00821762 0.00866024 0.00880419 0.00866044 0.00826113 0.00765671 0.00691251 0.00610492 0.00531696 0.00463204 0.00412812 0.00390563 0.00428521 0.00620122 0.0105375 0.0154777 0.0165591 0.0122183 0.00615936 0.00215681 0.000543764 0.000103333 1.62506e-05 2.3987e-06 3.44073e-07 4.42517e-08 4.43199e-09 2.43788e-10 0 
0 5.70817e-07 6.05899e-06 3.2897e-05 0.000124836 0.000359822 0.000817302 0.00151349 0.00237781 0.00329678 0.00416447 0.00490165 0.00545544 0.00579562 0.0059123 0.00581453 0.00552887 0.00509792 0.00457864 0.00404037 0.00356102 0.00321951 0.00309415 0.00336968 0.00495999 0.0105375 0.022371 0.0357003 0.0392445 0.0290501 0.014421 0.00483242 0.0011209 0.000187343 2.44003e-05 2.92083e-06 3.64404e-07 4.40427e-08 4.28158e-09 2.30741e-10 0 
0 2.25275e-07 2.35196e-06 1.27046e-05 4.88762e-05 0.000146326 0.000353265 0.000704519 0.00119135 0.00175882 0.00233136 0.00283945 0.00323218 0.00347928 0.00356958 0.00350902 0.00331912 0.00303584 0.00270837 0.00239709 0.0021691 0.00209128 0.0022401 0.00291596 0.00578264 0.0154777 0.0357003 0.0583864 0.0646445 0.0479022 0.0236704 0.00781573 0.00174811 0.000272738 3.14654e-05 3.15349e-06 3.38296e-07 3.82117e-08 3.62555e-09 1.92877e-10 0 
0 8.2035e-08 8.38235e-07 4.46511e-06 1.7158e-05 5.22211e-05 0.000130729 0.000274937 0.000494689 0.000776618 0.00108607 0.00137954 0.00161786 0.00177389 0.00183522 0.001804 0.00169578 0.00153793 0.0013676 0.00122896 0.00117013 0.00124118 0.00151429 0.00233629 0.00561785 0.0165591 0.0392445 0.0646445 0.0716268 0.0531915 0.0262342 0.00862209 0.00190244 0.000287549 3.11312e-05 2.79254e-06 2.66782e-07 2.85365e-08 2.67016e-09 1.41518e-10 0 
0 2.76019e-08 2.75051e-07 1.43591e-06 5.45341e-06 1.65987e-05 4.21482e-05 9.12018e-05 0.000170733 0.000280432 0.000410022 0.00054138 0.000654133 0.000731528 0.000764355 0.000752525 0.000704796 0.000637319 0.000571576 0.000532586 0.000548632 0.000653813 0.000907863 0.00158079 0.00407473 0.0122183 0.0290501 0.0479022 0.0531915 0.0393977 0.0194401 0.00638468 0.00140402 0.000209686 2.21208e-05 1.89618e-06 1.72594e-07 1.81369e-08 1.7017e-09 9.07911e-11 0 
0 8.59038e-09 8.32899e-08 4.2445e-07 1.58241e-06 4.76478e-06 1.20824e-05 2.63728e-05 5.02595e-05 8.4591e-05 0.000127097 0.000172269 0.000212776 0.000241756 0.000254968 0.000252041 0.000236616 0.00021565 0.000198411 0.00019602 0.000222388 0.000297265 0.000458472 0.000850415 0.00214087 0.00615936 0.014421 0.0236704 0.0262342 0.0194401 0.00959939 0.00315911 0.0006963 0.000103973 1.0991e-05 9.56314e-07 8.99389e-08 9.76108e-09 9.36695e-10 5.08412e-11 0 
0 2.47407e-09 2.33094e-08 1.15687e-07 4.21685e-07 1.24804e-06 3.1305e-06 6.80565e-06 1.30032e-05 2.2062e-05 3.35345e-05 4.60444e-05 5.75677e-05 6.60678e-05 7.02102e-05 6.98566e-05 6.61865e-05 6.15044e-05 5.89831e-05 6.27047e-05 7.83482e-05 0.000114774 0.000188855 0.000354276 0.000824005 0.00215681 0.00483242 0.00781573 0.00862209 0.00638468 0.00315911 0.0010446 0.000231711 3.50009e-05 3.82635e-06 3.61549e-07 3.81387e-08 4.46836e-09 4.45892e-10 2.4849e-11 0 
0 6.58874e-10 6.02893e-09 2.91096e-08 1.03525e-07 3.0011e-07 7.40731e-07 1.59243e-06 3.02344e-06 5.11966e-06 7.79326e-06 1.07405e-05 1.34951e-05 1.5573e-05 1.66527e-05 1.67112e-05 1.60714e-05 1.53725e-05 1.55384e-05 1.78491e-05 2.42067e-05 3.7621e-05 6.33265e-05 0.000114791 0.000237924 0.000543764 0.0011209 0.00174811 0.00190244 0.00140402 0.0006963 0.000231711 5.20669e-05 8.12925e-06 9.67508e-07 1.08049e-07 1.36151e-08 1.75852e-09 1.84115e-10 1.06085e-11 0 
0 1.61803e-10 1.43808e-09 6.75336e-09 2.3414e-08 6.63741e-08 1.60781e-07 3.40551e-07 6.39542e-07 1.07509e-06 1.62989e-06 2.24318e-06 2.82086e-06 3.26487e-06 3.51118e-06 3.5605e-06 3.49193e-06 3.46271e-06 3.71088e-06 4.58399e-06 6.6077e-06 1.05766e-05 1.76628e-05 3.00586e-05 5.39554e-05 0.000103333 0.000187343 0.000272738 0.000287549 0.000209686 0.000103973 3.50009e-05 8.12925e-06 1.37643e-06 1.94509e-07 2.78239e-08 4.24075e-09 6.00545e-10 6.61119e-11 3.9571e-12 0 
0 3.64201e-11 3.14583e-10 1.43739e-09 4.85831e-09 1.34614e-08 3.19686e-08 6.66037e-08 1.23445e-07 2.05477e-07 3.09408e-07 4.24172e-07 5.32809e-07 6.17852e-07 6.68418e-07 6.86275e-07 6.89174e-07 7.12184e-07 8.10169e-07 1.06507e-06 1.59826e-06 2.57825e-06 4.20426e-06 6.69059e-06 1.04265e-05 1.62506e-05 2.44003e-05 3.14654e-05 3.11312e-05 2.21208e-05 1.0991e-05 3.82635e-06 9.67508e-07 1.94509e-07 3.58249e-08 6.61522e-09 1.16961e-09 1.78451e-10 2.06393e-11 1.28711e-12 0 
0 7.42711e-12 6.24007e-11 2.77636e-10 9.1535e-10 2.47959e-09 5.77243e-09 1.18233e-08 2.1609e-08 3.55767e-08 5.31466e-08 7.24969e-08 9.08928e-08 1.05584e-07 1.14998e-07 1.19808e-07 1.23652e-07 1.33604e-07 1.60892e-07 2.22217e-07 3.4114e-07 5.46879e-07 8.65491e-07 1.30194e-06 1.82877e-06 2.3987e-06 2.92083e-06 3.15349e-06 2.79254e-06 1.89618e-06 9.56314e-07 3.61549e-07 1.08049e-07 2.78239e-08 6.61522e-09 1.45522e-09 2.83187e-10 4.58916e-11 5.57013e-12 3.62507e-13 0 
0 1.34221e-12 1.0981e-11 4.76252e-11 1.53303e-10 4.06292e-10 9.27583e-10 1.86816e-09 3.36664e-09 5.48094e-09 8.12001e-09 1.1018e-08 1.37868e-08 1.60497e-08 1.76204e-08 1.86729e-08 1.98716e-08 2.24794e-08 2.84931e-08 4.08087e-08 6.32401e-08 9.98928e-08 1.53162e-07 2.20195e-07 2.89836e-07 3.44073e-07 3.64404e-07 3.38296e-07 2.66782e-07 1.72594e-07 8.99389e-08 3.81387e-08 1.36151e-08 4.24075e-09 1.16961e-09 2.83187e-10 5.88215e-11 1.00489e-11 1.27864e-12 8.68873e-14 0 
0 2.05589e-13 1.63989e-12 6.94148e-12 2.18406e-11 5.66854e-11 1.27017e-10 2.51681e-10 4.47386e-10 7.20385e-10 1.05857e-09 1.42904e-09 1.7853e-09 2.08449e-09 2.31045e-09 2.4969e-09 2.74701e-09 3.25107e-09 4.3043e-09 6.31755e-09 9.78738e-09 1.51597e-08 2.252e-08 3.11507e-08 3.92438e-08 4.42517e-08 4.40427e-08 3.82117e-08 2.85365e-08 1.81369e-08 9.76108e-09 4.46836e-09 1.75852e-09 6.00545e-10 1.78451e-10 4.58916e-11 1.00489e-11 1.80269e-12 2.40128e-13 1.70307e-14 0 
0 2.40569e-14 1.87334e-13 7.74947e-13 2.38631e-12 6.07218e-12 1.3367e-11 2.60794e-11 4.57571e-11 7.29099e-11 1.06313e-10 1.42854e-10 1.78305e-10 2.09038e-10 2.34359e-10 2.58932e-10 2.94988e-10 3.64274e-10 4.99516e-10 7.4386e-10 1.14436e-09 1.73378e-09 2.49787e-09 3.33845e-09 4.06218e-09 4.43199e-09 4.28158e-09 3.62555e-09 2.67016e-09 1.7017e-09 9.36695e-10 4.45892e-10 1.84115e-10 6.61119e-11 2.06393e-11 5.57013e-12 1.27864e-12 2.40128e-13 3.34228e-14 2.47137e-15 0 
0 1.53453e-15 1.16813e-14 4.72877e-14 1.42695e-13 3.56416e-13 7.71625e-13 1.48372e-12 2.57147e-12 4.05743e-12 5.87448e-12 7.86254e-12 9.81376e-12 1.15685e-11 1.31456e-11 1.48824e-11 1.75653e-11 2.25374e-11 3.17404e-11 4.75741e-11 7.23508e-11 1.07115e-10 1.49904e-10 1.94233e-10 2.29384e-10 2.43788e-10 2.30741e-10 1.92877e-10 1.41518e-10 9.07911e-11 5.08412e-11 2.4849e-11 1.06085e-11 3.9571e-12 1.28711e-12 3.62507e-13 8.68873e-14 1.70307e-14 2.47137e-15 1.90216e-16 0 
0 0 0 0 0 0 0 0 0 0 0 0 0 0 0 0 0 0 0 0 0 0 0 0 0 0 0 0 0 0 0 0 0 0 0 0 0 0 0 0 0 
