0 0 0 0 0 0 0 0 0 0 0 0 0 0 0 0 0 0 0 0 0 0 0 0 0 0 0 0 0 0 0 0 0 0 0 0 0 0 0 0 0 
0 3.66261e-07 3.26939e-06 1.44625e-05 4.40036e-05 0.000102647 0.00019526 0.000317185 0.000456308 0.000597784 0.00072784 0.000835593 0.000913533 0.000957385 0.00096579 0.00093995 0.000883261 0.000800928 0.00069957 0.000586779 0.000470604 0.000358907 0.000258576 0.000174678 0.000109773 6.3677e-05 3.38594e-05 1.64139e-05 7.22845e-06 2.88725e-06 1.04587e-06 3.43771e-07 1.02558e-07 2.77362e-08 6.77119e-09 1.47772e-09 2.82512e-10 4.53336e-11 5.51216e-12 3.62903e-13 0 
0 3.26939e-06 2.98605e-05 0.000130503 0.000375952 0.00080261 0.00137717 0.00202642 0.00268116 0.00329113 0.00382114 0.00424563 0.00454656 0.00471343 0.00474366 0.00464245 0.00442187 0.00409931 0.00369565 0.00323346 0.00273579 0.00222586 0.00172747 0.00126526 0.000863379 0.000541226 0.000307553 0.000156771 7.12515e-05 2.88396e-05 1.04222e-05 3.37745e-06 9.85408e-07 2.59341e-07 6.14519e-08 1.30042e-08 2.41106e-09 3.75528e-10 4.43773e-11 2.84395e-12 0 
0 1.44625e-05 0.000130503 0.000532457 0.00136205 0.00254742 0.00391184 0.00532693 0.00671426 0.00800805 0.00914372 0.0100625 0.0107186 0.0110835 0.0111486 0.010925 0.0104405 0.0097366 0.00886318 0.00787343 0.00681871 0.00574411 0.00468604 0.00367312 0.00273148 0.00189231 0.00119405 0.000670661 0.000329415 0.000140399 5.20547e-05 1.69412e-05 4.88985e-06 1.26127e-06 2.91394e-07 5.99802e-08 1.08103e-08 1.63749e-09 1.88399e-10 1.17721e-11 0 
0 4.40036e-05 0.000375952 0.00136205 0.00303249 0.00510808 0.007397 0.00979483 0.0121893 0.0144505 0.0164487 0.0180709 0.019231 0.0198766 0.0199915 0.019595 0.018737 0.0174921 0.0159506 0.0142101 0.012367 0.0105082 0.00870568 0.00701061 0.00545246 0.00404461 0.00280113 0.00175674 0.000964099 0.000450745 0.000177856 5.97186e-05 1.73555e-05 4.436e-06 1.00632e-06 2.02455e-07 3.5598e-08 5.25929e-09 5.90591e-10 3.60608e-11 0 
0 0.000102647 0.00080261 0.00254742 0.00510808 0.00817368 0.0116093 0.0152635 0.0189369 0.0224143 0.0254904 0.0279886 0.0297755 0.0307699 0.0309467 0.0303355 0.0290135 0.0270957 0.0247219 0.0220432 0.0192092 0.0163571 0.0136029 0.0110349 0.00870985 0.00665047 0.00485039 0.00329704 0.0020098 0.00105015 0.000454863 0.000162275 4.85166e-05 1.24605e-05 2.8003e-06 5.53952e-07 9.54442e-08 1.38019e-08 1.51722e-09 9.07622e-11 0 
0 0.00019526 0.00137717 0.00391184 0.007397 0.0116093 0.0163922 0.021502 0.0266452 0.031516 0.0358255 0.0393259 0.0418302 0.0432244 0.0434724 0.042615 0.0407618 0.0380744 0.0347485 0.030996 0.0270271 0.0230346 0.0191824 0.015598 0.0123682 0.0095378 0.00710821 0.00504445 0.00330667 0.00190677 0.000916094 0.000354971 0.00011148 2.92015e-05 6.56492e-06 1.28534e-06 2.18055e-07 3.09819e-08 3.3448e-09 1.96591e-10 0 
0 0.000317185 0.00202642 0.00532693 0.00979483 0.0152635 0.021502 0.0281738 0.0348911 0.0412535 0.0468854 0.0514803 0.0548354 0.0567826 0.0571406 0.0559219 0.0533905 0.0498324 0.0454777 0.0405753 0.0353915 0.0301778 0.0251488 0.020472 0.0162635 0.0125881 0.00946062 0.00684695 0.00467666 0.00289307 0.00152431 0.000646114 0.000216318 5.85577e-05 1.32925e-05 2.59245e-06 4.35113e-07 6.09773e-08 6.48649e-09 3.75663e-10 0 
0 0.000456308 0.00268116 0.00671426 0.0121893 0.0189369 0.0266452 0.0348911 0.0431941 0.0510651 0.058128 0.0644005 0.0696997 0.0729339 0.0735387 0.0715425 0.067358 0.0620347 0.0563355 0.0502261 0.0438151 0.0373713 0.0311565 0.0253783 0.0201812 0.0156477 0.0118026 0.00861691 0.00601157 0.00388543 0.00219618 0.00101097 0.00036274 0.000102381 2.36429e-05 4.61899e-06 7.70311e-07 1.06863e-07 1.12362e-08 6.43031e-10 0 
0 0.000597784 0.00329113 0.00800805 0.0144505 0.0224143 0.031516 0.0412535 0.0510651 0.0605021 0.0699467 0.0788901 0.0845085 0.0871 0.0875684 0.0861142 0.0823498 0.0756242 0.0672681 0.0594479 0.0518003 0.0441864 0.036848 0.0300259 0.0238912 0.0185424 0.0140117 0.0102726 0.00724407 0.00480336 0.00284974 0.00140292 0.000537406 0.00015864 3.7442e-05 7.35786e-06 1.22363e-06 1.68571e-07 1.75706e-08 9.96267e-10 0 
0 0.00072784 0.00382114 0.00914372 0.0164487 0.0254904 0.0358255 0.0468854 0.058128 0.0699467 0.0818736 0.0890219 0.0927222 0.0945019 0.0948523 0.0938767 0.0913991 0.0868048 0.0786522 0.0682036 0.0589281 0.0502212 0.0418856 0.0341394 0.0271745 0.0211032 0.0159636 0.0117295 0.00831821 0.00559681 0.0034266 0.00177342 0.000718032 0.000221148 5.34109e-05 1.05825e-05 1.75952e-06 2.41346e-07 2.50011e-08 1.40793e-09 0 
0 0.000835593 0.00424563 0.0100625 0.0180709 0.0279886 0.0393259 0.0514803 0.0644005 0.0788901 0.0890219 0.0942829 0.0972296 0.0987051 0.0990116 0.0982205 0.0962289 0.0926859 0.0866793 0.0764665 0.0650142 0.0551457 0.0459801 0.0374825 0.0298428 0.0231842 0.017549 0.0129106 0.00918401 0.00623093 0.00389036 0.0020844 0.000880651 0.000281095 6.93355e-05 1.38579e-05 2.30724e-06 3.1574e-07 3.25771e-08 1.82605e-09 0 
0 0.000913533 0.00454656 0.0107186 0.019231 0.0297755 0.0418302 0.0548354 0.0696997 0.0845085 0.0927222 0.0972296 0.0998501 0.101188 0.101475 0.10077 0.0989966 0.0959015 0.0908527 0.0822356 0.0698754 0.0587276 0.0489136 0.0398764 0.0317537 0.0246745 0.0186843 0.0137558 0.00980184 0.00668089 0.00421976 0.00231119 0.00100544 0.000329492 8.26358e-05 1.6642e-05 2.77639e-06 3.79623e-07 3.90838e-08 2.18485e-09 0 
0 0.000957385 0.00471343 0.0110835 0.0198766 0.0307699 0.0432244 0.0567826 0.0729339 0.0871 0.0945019 0.0987051 0.101188 0.102468 0.102747 0.102079 0.1004 0.0974913 0.0928251 0.0850401 0.0728145 0.0607837 0.0505527 0.0412125 0.0328206 0.0255069 0.0193187 0.0142283 0.0101472 0.00693213 0.00440431 0.00244083 0.00107952 0.000359381 9.10884e-05 1.84424e-05 3.08285e-06 4.21627e-07 4.33829e-08 2.42292e-09 0 
0 0.00096579 0.00474366 0.0111486 0.0199915 0.0309467 0.0434724 0.0571406 0.0735387 0.0875684 0.0948523 0.0990116 0.101475 0.102747 0.103025 0.102363 0.100698 0.0978167 0.0932069 0.0855486 0.0733722 0.0611662 0.0508522 0.0414572 0.0330168 0.0256608 0.0194368 0.0143171 0.0102131 0.00698148 0.00444249 0.00246976 0.00109748 0.000367165 9.34187e-05 1.89617e-05 3.17472e-06 4.3467e-07 4.47637e-08 2.50198e-09 0 
0 0.00093995 0.00464245 0.010925 0.019595 0.0303355 0.042615 0.0559219 0.0715425 0.0861142 0.0938767 0.0982205 0.10077 0.102079 0.102363 0.101678 0.0999543 0.09696 0.0921228 0.0839632 0.071568 0.0599037 0.0498589 0.0406499 0.0323739 0.0251609 0.0190575 0.0140366 0.0100105 0.00683733 0.00434082 0.00240215 0.00106084 0.000353036 8.9587e-05 1.818e-05 3.04766e-06 4.18113e-07 4.31614e-08 2.41865e-09 0 
0 0.000883261 0.00442187 0.0104405 0.018737 0.0290135 0.0407618 0.0533905 0.067358 0.0823498 0.0913991 0.0962289 0.0989966 0.1004 0.100698 0.0999543 0.0980843 0.0947966 0.0893519 0.0799723 0.0677912 0.0572329 0.0477031 0.0388941 0.0309746 0.024072 0.0182304 0.0134237 0.00956607 0.00651875 0.00411324 0.00224893 0.000977269 0.000320659 8.07293e-05 1.63474e-05 2.74439e-06 3.77756e-07 3.91613e-08 2.20485e-09 0 
0 0.000800928 0.00409931 0.0097366 0.0174921 0.0270957 0.0380744 0.0498324 0.0620347 0.0756242 0.0868048 0.0926859 0.0959015 0.0974913 0.0978167 0.09696 0.0947966 0.0908983 0.0841366 0.0734351 0.0628327 0.0534406 0.044575 0.0363438 0.0289423 0.0224904 0.0170292 0.0125332 0.00891955 0.00605365 0.00378056 0.0020276 0.000859731 0.000276361 6.88206e-05 1.39019e-05 2.34026e-06 3.23891e-07 3.38063e-08 1.9176e-09 0 
0 0.00069957 0.00369565 0.00886318 0.0159506 0.0247219 0.0347485 0.0454777 0.0563355 0.0672681 0.0786522 0.0866793 0.0908527 0.0928251 0.0932069 0.0921228 0.0893519 0.0841366 0.0754881 0.065906 0.0572051 0.0487889 0.0407031 0.0331865 0.026427 0.0205337 0.0155439 0.0114325 0.0081197 0.00547726 0.00337085 0.00176264 0.000725505 0.000227984 5.6194e-05 1.13499e-05 1.92188e-06 2.68366e-07 2.83017e-08 1.62296e-09 0 
0 0.000586779 0.00323346 0.00787343 0.0142101 0.0220432 0.030996 0.0405753 0.0502261 0.0594479 0.0682036 0.0764665 0.0822356 0.0850401 0.0855486 0.0839632 0.0799723 0.0734351 0.065906 0.058519 0.0510353 0.0435511 0.0363348 0.0296254 0.0235913 0.0183296 0.0138726 0.0101954 0.00722127 0.0048322 0.00292183 0.00148667 0.000594889 0.000183627 4.50675e-05 9.15425e-06 1.5673e-06 2.21816e-07 2.37276e-08 1.38e-09 0 
0 0.000470604 0.00273579 0.00681871 0.012367 0.0192092 0.0270271 0.0353915 0.0438151 0.0518003 0.0589281 0.0650142 0.0698754 0.0728145 0.0733722 0.071568 0.0677912 0.0628327 0.0572051 0.0510353 0.0445416 0.0380129 0.0317162 0.025862 0.020597 0.0160055 0.0121142 0.00889803 0.00628507 0.00417326 0.00248622 0.00124105 0.000489296 0.000150498 3.72073e-05 7.66171e-06 1.3331e-06 1.91778e-07 2.08332e-08 1.22873e-09 0 
0 0.000358907 0.00222586 0.00574411 0.0105082 0.0163571 0.0230346 0.0301778 0.0373713 0.0441864 0.0502212 0.0551457 0.0587276 0.0607837 0.0611662 0.0599037 0.0572329 0.0534406 0.0487889 0.0435511 0.0380129 0.0324436 0.0270732 0.0220814 0.0175936 0.0136815 0.0103671 0.00762532 0.00539134 0.00358128 0.002137 0.0010732 0.000428429 0.000134081 3.37694e-05 7.07327e-06 1.24857e-06 1.81718e-07 1.99198e-08 1.18281e-09 0 
0 0.000258576 0.00172747 0.00468604 0.00870568 0.0136029 0.0191824 0.0251488 0.0311565 0.036848 0.0418856 0.0459801 0.0489136 0.0505527 0.0508522 0.0498589 0.0477031 0.044575 0.0407031 0.0363348 0.0317162 0.0270732 0.0225983 0.0184427 0.0147149 0.0114849 0.00877852 0.00655791 0.0047303 0.00321135 0.00196985 0.00102669 0.000426247 0.000137462 3.5219e-05 7.42891e-06 1.31236e-06 1.90466e-07 2.07771e-08 1.22619e-09 0 
0 0.000174678 0.00126526 0.00367312 0.00701061 0.0110349 0.015598 0.020472 0.0253783 0.0300259 0.0341394 0.0374825 0.0398764 0.0412125 0.0414572 0.0406499 0.0388941 0.0363438 0.0331865 0.0296254 0.025862 0.0220814 0.0184427 0.0150775 0.0121105 0.00968387 0.00788202 0.00652 0.00517186 0.00365512 0.00222959 0.00116139 0.00049199 0.000161118 4.11968e-05 8.57168e-06 1.48686e-06 2.11691e-07 2.26657e-08 1.31431e-09 0 
0 0.000109773 0.000863379 0.00273148 0.00545246 0.00870985 0.0123682 0.0162635 0.0201812 0.0238912 0.0271745 0.0298428 0.0317537 0.0328206 0.0330168 0.0323739 0.0309746 0.0289423 0.026427 0.0235913 0.020597 0.0175936 0.0147149 0.0121105 0.0100704 0.00916093 0.00979522 0.0110166 0.0105943 0.00772876 0.00420169 0.00181482 0.00067273 0.00020692 5.06059e-05 1.0112e-05 1.69398e-06 2.34075e-07 2.4414e-08 1.38323e-09 0 
0 6.3677e-05 0.000541226 0.00189231 0.00404461 0.00665047 0.0095378 0.0125881 0.0156477 0.0185424 0.0211032 0.0231842 0.0246745 0.0255069 0.0256608 0.0251609 0.024072 0.0224904 0.0205337 0.0183296 0.0160055 0.0136815 0.0114849 0.00968387 0.00916093 0.0119452 0.0195945 0.0312462 0.0374959 0.022577 0.0113964 0.00408793 0.00115685 0.000289187 6.23805e-05 1.14903e-05 1.8279e-06 2.43866e-07 2.47484e-08 1.37021e-09 0 
0 3.38594e-05 0.000307553 0.00119405 0.00280113 0.00485039 0.00710821 0.00946062 0.0118026 0.0140117 0.0159636 0.017549 0.0186843 0.0193187 0.0194368 0.0190575 0.0182304 0.0170292 0.0155439 0.0138726 0.0121142 0.0103671 0.00877852 0.00788202 0.00979522 0.0195945 0.045053 0.0772025 0.0800856 0.0652446 0.0265701 0.00892338 0.00214605 0.000423436 7.50416e-05 1.21228e-05 1.79443e-06 2.30567e-07 2.28407e-08 1.24091e-09 0 
0 1.64139e-05 0.000156771 0.000670661 0.00175674 0.00329704 0.00504445 0.00684695 0.00861691 0.0102726 0.0117295 0.0129106 0.0137558 0.0142283 0.0143171 0.0140366 0.0134237 0.0125332 0.0114325 0.0101954 0.00889803 0.00762532 0.00655791 0.00652 0.0110166 0.0312462 0.0772025 0.0866551 0.0878124 0.0828093 0.0554237 0.0143747 0.0032591 0.000558453 8.25951e-05 1.14669e-05 1.55787e-06 1.92973e-07 1.87815e-08 1.00817e-09 0 
0 7.22845e-06 7.12515e-05 0.000329415 0.000964099 0.0020098 0.00330667 0.00467666 0.00601157 0.00724407 0.00831821 0.00918401 0.00980184 0.0101472 0.0102131 0.0100105 0.00956607 0.00891955 0.0081197 0.00722127 0.00628507 0.00539134 0.0047303 0.00517186 0.0105943 0.0374959 0.0800856 0.0878124 0.0888534 0.0849048 0.0653849 0.0159316 0.00352628 0.000569087 7.52227e-05 9.25113e-06 1.166e-06 1.40553e-07 1.35698e-08 7.25952e-10 0 
0 2.88725e-06 2.88396e-05 0.000140399 0.000450745 0.00105015 0.00190677 0.00289307 0.00388543 0.00480336 0.00559681 0.00623093 0.00668089 0.00693213 0.00698148 0.00683733 0.00651875 0.00605365 0.00547726 0.0048322 0.00417326 0.00358128 0.00321135 0.00365512 0.00772876 0.022577 0.0652446 0.0828093 0.0849048 0.0789012 0.04015 0.0117353 0.00260593 0.000414237 5.21944e-05 6.04254e-06 7.35224e-07 8.80797e-08 8.5434e-09 4.59921e-10 0 
0 1.04587e-06 1.04222e-05 5.20547e-05 0.000177856 0.000454863 0.000916094 0.00152431 0.00219618 0.00284974 0.0034266 0.00389036 0.00421976 0.00440431 0.00444249 0.00434082 0.00411324 0.00378056 0.00337085 0.00292183 0.00248622 0.002137 0.00196985 0.00222959 0.00420169 0.0113964 0.0265701 0.0554237 0.0653849 0.04015 0.0176322 0.005817 0.00130499 0.000210034 2.65353e-05 3.10166e-06 3.85671e-07 4.72432e-08 4.66896e-09 2.55383e-10 0 
0 3.43771e-07 3.37745e-06 1.69412e-05 5.97186e-05 0.000162275 0.000354971 0.000646114 0.00101097 0.00140292 0.00177342 0.0020844 0.00231119 0.00244083 0.00246976 0.00240215 0.00224893 0.0020276 0.00176264 0.00148667 0.00124105 0.0010732 0.00102669 0.00116139 0.00181482 0.00408793 0.00892338 0.0143747 0.0159316 0.0117353 0.005817 0.00194114 0.000446918 7.44918e-05 9.91622e-06 1.25853e-06 1.69023e-07 2.17162e-08 2.21386e-09 1.24113e-10 0 
0 1.02558e-07 9.85408e-07 4.88985e-06 1.73555e-05 4.85166e-05 0.00011148 0.000216318 0.00036274 0.000537406 0.000718032 0.000880651 0.00100544 0.00107952 0.00109748 0.00106084 0.000977269 0.000859731 0.000725505 0.000594889 0.000489296 0.000428429 0.000426247 0.00049199 0.00067273 0.00115685 0.00214605 0.0032591 0.00352628 0.00260593 0.00130499 0.000446918 0.000107304 1.90964e-05 2.85209e-06 4.19689e-07 6.2967e-08 8.60159e-09 9.1219e-10 5.27834e-11 0 
0 2.77362e-08 2.59341e-07 1.26127e-06 4.436e-06 1.24605e-05 2.92015e-05 5.85577e-05 0.000102381 0.00015864 0.000221148 0.000281095 0.000329492 0.000359381 0.000367165 0.000353036 0.000320659 0.000276361 0.000227984 0.000183627 0.000150498 0.000134081 0.000137462 0.000161118 0.00020692 0.000289187 0.000423436 0.000558453 0.000569087 0.000414237 0.000210034 7.44918e-05 1.90964e-05 3.83591e-06 6.87821e-07 1.20996e-07 2.02974e-08 2.95183e-09 3.27119e-10 1.96379e-11 0 
0 6.77119e-09 6.14519e-08 2.91394e-07 1.00632e-06 2.8003e-06 6.56492e-06 1.32925e-05 2.36429e-05 3.7442e-05 5.34109e-05 6.93355e-05 8.26358e-05 9.10884e-05 9.34187e-05 8.9587e-05 8.07293e-05 6.88206e-05 5.6194e-05 4.50675e-05 3.72073e-05 3.37694e-05 3.5219e-05 4.11968e-05 5.06059e-05 6.23805e-05 7.50416e-05 8.25951e-05 7.52227e-05 5.21944e-05 2.65353e-05 9.91622e-06 2.85209e-06 6.87821e-07 1.51393e-07 3.10644e-08 5.70479e-09 8.79271e-10 1.02033e-10 6.37659e-12 0 
0 1.47772e-09 1.30042e-08 5.99802e-08 2.02455e-07 5.53952e-07 1.28534e-06 2.59245e-06 4.61899e-06 7.35786e-06 1.05825e-05 1.38579e-05 1.6642e-05 1.84424e-05 1.89617e-05 1.818e-05 1.63474e-05 1.39019e-05 1.13499e-05 9.15425e-06 7.66171e-06 7.07327e-06 7.42891e-06 8.57168e-06 1.0112e-05 1.14903e-05 1.21228e-05 1.14669e-05 9.25113e-06 6.04254e-06 3.10166e-06 1.25853e-06 4.19689e-07 1.20996e-07 3.10644e-08 7.07276e-09 1.39179e-09 2.26339e-10 2.75224e-11 1.79399e-12 0 
0 2.82512e-10 2.41106e-09 1.08103e-08 3.5598e-08 9.54442e-08 2.18055e-07 4.35113e-07 7.70311e-07 1.22363e-06 1.75952e-06 2.30724e-06 2.77639e-06 3.08285e-06 3.17472e-06 3.04766e-06 2.74439e-06 2.34026e-06 1.92188e-06 1.5673e-06 1.3331e-06 1.24857e-06 1.31236e-06 1.48686e-06 1.69398e-06 1.8279e-06 1.79443e-06 1.55787e-06 1.166e-06 7.35224e-07 3.85671e-07 1.69023e-07 6.2967e-08 2.02974e-08 5.70479e-09 1.39179e-09 2.89874e-10 4.95877e-11 6.31669e-12 4.29734e-13 0 
0 4.53336e-11 3.75528e-10 1.63749e-09 5.25929e-09 1.38019e-08 3.09819e-08 6.09773e-08 1.06863e-07 1.68571e-07 2.41346e-07 3.1574e-07 3.79623e-07 4.21627e-07 4.3467e-07 4.18113e-07 3.77756e-07 3.23891e-07 2.68366e-07 2.21816e-07 1.91778e-07 1.81718e-07 1.90466e-07 2.11691e-07 2.34075e-07 2.43866e-07 2.30567e-07 1.92973e-07 1.40553e-07 8.80797e-08 4.72432e-08 2.17162e-08 8.60159e-09 2.95183e-09 8.79271e-10 2.26339e-10 4.95877e-11 8.90041e-12 1.18639e-12 8.42112e-14 0 
0 5.51216e-12 4.43773e-11 1.88399e-10 5.90591e-10 1.51722e-09 3.3448e-09 6.48649e-09 1.12362e-08 1.75706e-08 2.50011e-08 3.25771e-08 3.90838e-08 4.33829e-08 4.47637e-08 4.31614e-08 3.91613e-08 3.38063e-08 2.83017e-08 2.37276e-08 2.08332e-08 1.99198e-08 2.07771e-08 2.26657e-08 2.4414e-08 2.47484e-08 2.28407e-08 1.87815e-08 1.35698e-08 8.5434e-09 4.66896e-09 2.21386e-09 9.1219e-10 3.27119e-10 1.02033e-10 2.75224e-11 6.31669e-12 1.18639e-12 1.65186e-13 1.22205e-14 0 
0 3.62903e-13 2.84395e-12 1.17721e-11 3.60608e-11 9.07622e-11 1.96591e-10 3.75663e-10 6.43031e-10 9.96267e-10 1.40793e-09 1.82605e-09 2.18485e-09 2.42292e-09 2.50198e-09 2.41865e-09 2.20485e-09 1.9176e-09 1.62296e-09 1.38e-09 1.22873e-09 1.18281e-09 1.22619e-09 1.31431e-09 1.38323e-09 1.37021e-09 1.24091e-09 1.00817e-09 7.25952e-10 4.59921e-10 2.55383e-10 1.24113e-10 5.27834e-11 1.96379e-11 6.37659e-12 1.79399e-12 4.29734e-13 8.42112e-14 1.22205e-14 9.40822e-16 0 
0 0 0 0 0 0 0 0 0 0 0 0 0 0 0 0 0 0 0 0 0 0 0 0 0 0 0 0 0 0 0 0 0 0 0 0 0 0 0 0 0 
