0 0 0 0 0 0 0 0 0 0 0 0 0 0 0 0 0 0 0 0 0 0 0 0 0 0 0 0 0 0 0 0 0 0 0 0 0 0 0 0 0 
0 5.28309e-07 4.66793e-06 2.02465e-05 5.98823e-05 0.000135132 0.000248643 0.000392033 0.000550225 0.000707024 0.000848515 0.000964227 0.00104717 0.0010935 0.00110216 0.00107452 0.00101405 0.000925941 0.000816754 0.00069403 0.000565871 0.00044041 0.000325117 0.000225978 0.000146695 8.81969e-05 4.87191e-05 2.45563e-05 1.12363e-05 4.65326e-06 1.74201e-06 5.89512e-07 1.80352e-07 4.98269e-08 1.23828e-08 2.7424e-09 5.30622e-10 8.5979e-11 1.05366e-11 6.98091e-13 0 
0 4.66793e-06 4.19362e-05 0.000177389 0.000488242 0.000992755 0.00163251 0.00232585 0.00300891 0.00363862 0.00418385 0.00462023 0.00492957 0.00510089 0.00513138 0.00502642 0.00479863 0.00446621 0.00405082 0.00357551 0.00306302 0.00253517 0.00201329 0.00151932 0.0010761 0.000705087 0.000421053 0.000226136 0.000108207 4.5934e-05 1.73077e-05 5.80922e-06 1.74429e-06 4.69786e-07 1.1338e-07 2.43433e-08 4.56503e-09 7.17366e-10 8.53645e-11 5.50049e-12 0 
0 2.02465e-05 0.000177389 0.000686491 0.00165017 0.00293069 0.00435045 0.00580926 0.00724236 0.00858375 0.00976429 0.0107207 0.0114039 0.0117836 0.0118508 0.0116167 0.0111109 0.0103769 0.00946763 0.00843946 0.00734723 0.00623911 0.00515316 0.00411639 0.00314846 0.00226969 0.00150911 0.000902522 0.000474364 0.000215877 8.47784e-05 2.89116e-05 8.65186e-06 2.29311e-06 5.40621e-07 1.12969e-07 2.059e-08 3.14504e-09 3.64121e-10 2.28598e-11 0 
0 5.98823e-05 0.000488242 0.00165017 0.0034555 0.00561177 0.00798162 0.0104763 0.0129752 0.0153379 0.0174266 0.0191221 0.0203342 0.0210081 0.0211271 0.0207114 0.0198134 0.0185113 0.0168997 0.0150812 0.0131571 0.0112198 0.00934639 0.00759341 0.00599324 0.00455584 0.0032804 0.00217759 0.00128599 0.00065231 0.000278166 9.96279e-05 3.03979e-05 8.04371e-06 1.86933e-06 3.82442e-07 6.80379e-08 1.01353e-08 1.14483e-09 7.01994e-11 0 
0 0.000135132 0.000992755 0.00293069 0.00561177 0.00879651 0.0123823 0.0162047 0.020049 0.0236879 0.0269059 0.0295186 0.0313865 0.0324251 0.0326084 0.0319676 0.0305837 0.028577 0.0260937 0.023292 0.0203288 0.0173478 0.0144714 0.0117941 0.00937904 0.00725448 0.0054141 0.00382953 0.0024845 0.00141154 0.000670903 0.000260528 8.31949e-05 2.23724e-05 5.18333e-06 1.04595e-06 1.82578e-07 2.66313e-08 2.94461e-09 1.76858e-10 0 
0 0.000248643 0.00163251 0.00435045 0.00798162 0.0123823 0.0173903 0.0227417 0.0281265 0.0332242 0.0377327 0.0413941 0.0440171 0.0454863 0.045748 0.0448373 0.0428882 0.040074 0.0365946 0.0326696 0.0285186 0.0243433 0.0203158 0.0165701 0.0131994 0.0102547 0.00774413 0.00563334 0.00386207 0.00239343 0.00126515 0.000542023 0.000185262 5.15491e-05 1.20514e-05 2.41782e-06 4.16449e-07 5.97376e-08 6.48875e-09 3.82914e-10 0 
0 0.000392033 0.00232585 0.00580926 0.0104763 0.0162047 0.0227417 0.0297298 0.0367621 0.0434204 0.049331 0.0544328 0.059073 0.0622889 0.0629298 0.0608704 0.0569321 0.0524988 0.0478313 0.0426962 0.0372747 0.0318223 0.0265631 0.021673 0.0172745 0.0134381 0.0101847 0.00748669 0.00527119 0.0034478 0.0019815 0.000934443 0.000345987 0.000101051 2.4103e-05 4.84459e-06 8.27893e-07 1.1729e-07 1.25605e-08 7.30534e-10 0 
0 0.000550225 0.00300891 0.00724236 0.0129752 0.020049 0.0281265 0.0367621 0.0454535 0.0537434 0.0624598 0.0724717 0.0791447 0.0820428 0.0825565 0.0809882 0.0766479 0.0686584 0.0597916 0.0528193 0.0460878 0.039349 0.0328502 0.0268078 0.0213738 0.0166362 0.0126245 0.00931598 0.00663678 0.00447179 0.0027207 0.00138978 0.000557165 0.000172123 4.22294e-05 8.55741e-06 1.4579e-06 2.04792e-07 2.16945e-08 1.24731e-09 0 
0 0.000707024 0.00363862 0.00858375 0.0153379 0.0236879 0.0332242 0.0434204 0.0537434 0.065558 0.0792792 0.0861319 0.0894391 0.0910071 0.0913268 0.0904963 0.0883346 0.0841861 0.0756768 0.0633853 0.0544707 0.0464762 0.0388027 0.0316693 0.0252545 0.0196626 0.01493 0.0110346 0.00790189 0.00540738 0.00340949 0.00184864 0.000794569 0.000259676 6.5796e-05 1.34994e-05 2.30138e-06 3.21594e-07 3.38016e-08 1.92638e-09 0 
0 0.000848515 0.00418385 0.00976429 0.0174266 0.0269059 0.0377327 0.049331 0.0624598 0.0792792 0.0878703 0.092111 0.0944824 0.095679 0.0959428 0.0953307 0.0937601 0.0909452 0.0860812 0.0763858 0.0625864 0.052802 0.0440682 0.0359693 0.0286869 0.0223391 0.0169678 0.0125502 0.00900881 0.00621457 0.00400328 0.0022622 0.00102761 0.000353161 9.23811e-05 1.92251e-05 3.28762e-06 4.58188e-07 4.79036e-08 2.71277e-09 0 
0 0.000964227 0.00462023 0.0107207 0.0191221 0.0295186 0.0413941 0.0544328 0.0724717 0.0861319 0.092111 0.0954949 0.0974997 0.0985405 0.0987813 0.0982645 0.0969377 0.0946224 0.0908765 0.0844358 0.071457 0.0581432 0.0483479 0.0394612 0.0314741 0.0245125 0.0186223 0.0137795 0.00990308 0.00686028 0.0044749 0.00259802 0.0012287 0.000439686 0.000118256 2.49479e-05 4.284e-06 5.96525e-07 6.21645e-08 3.50546e-09 0 
0 0.00104717 0.00492957 0.0114039 0.0203342 0.0313865 0.0440171 0.059073 0.0791447 0.0894391 0.0944824 0.0974997 0.0993323 0.100298 0.100527 0.100058 0.0988499 0.0967655 0.0934828 0.0881701 0.077995 0.0626015 0.0514242 0.0419587 0.0334676 0.026067 0.0198056 0.0146584 0.0105413 0.00731842 0.00480733 0.00283728 0.00137796 0.000507438 0.000139382 2.97328e-05 5.12637e-06 7.13974e-07 7.4283e-08 4.17867e-09 0 
0 0.0010935 0.00510089 0.0117836 0.0210081 0.0324251 0.0454863 0.0622889 0.0820428 0.0910071 0.095679 0.0985405 0.100298 0.101229 0.101454 0.101007 0.0998517 0.0978684 0.0947794 0.0899013 0.0810406 0.0655325 0.0531586 0.0433488 0.0345772 0.0269323 0.0204644 0.0151478 0.0108965 0.00757285 0.00499153 0.00297101 0.00146388 0.000548025 0.000152465 3.2759e-05 5.6656e-06 7.89695e-07 8.21333e-08 4.61639e-09 0 
0 0.00110216 0.00513138 0.0118508 0.0211271 0.0326084 0.045748 0.0629298 0.0825565 0.0913268 0.0959428 0.0987813 0.100527 0.101454 0.101679 0.101235 0.100088 0.0981197 0.0950599 0.090247 0.081583 0.0661069 0.0534714 0.0435966 0.0347752 0.027087 0.0205825 0.0152358 0.0109607 0.00761937 0.0050262 0.00299771 0.00148244 0.000557492 0.000155712 3.35473e-05 5.81166e-06 8.1092e-07 8.44045e-08 4.74694e-09 0 
0 0.00107452 0.00502642 0.0116167 0.0207114 0.0319676 0.0448373 0.0608704 0.0809882 0.0904963 0.0953307 0.0982645 0.100058 0.101007 0.101235 0.100778 0.0995972 0.0975666 0.0943899 0.0893235 0.0799055 0.0642451 0.052399 0.0427434 0.0340949 0.026557 0.0201795 0.0149371 0.0107448 0.00746615 0.0049177 0.00292197 0.00143596 0.000536393 0.00014914 3.20765e-05 5.55837e-06 7.76611e-07 8.09823e-08 4.56392e-09 0 
0 0.00101405 0.00479863 0.0111109 0.0198134 0.0305837 0.0428882 0.0569321 0.0766479 0.0883346 0.0937601 0.0969377 0.0988499 0.0998517 0.100088 0.0995972 0.0983347 0.096147 0.092666 0.0869024 0.0754498 0.0606011 0.0501121 0.040898 0.0326227 0.0254098 0.0193071 0.01429 0.0102763 0.00713238 0.00467932 0.00275383 0.00133225 0.000489312 0.000134445 2.87632e-05 4.98106e-06 6.97279e-07 7.29395e-08 4.12602e-09 0 
0 0.000925941 0.00446621 0.0103769 0.0185113 0.028577 0.040074 0.0524988 0.0686584 0.0841861 0.0909452 0.0946224 0.0967655 0.0978684 0.0981197 0.0975666 0.096147 0.0936483 0.0895249 0.082095 0.0680059 0.0561787 0.0468236 0.0382212 0.0304871 0.0237457 0.0180415 0.0133512 0.00959608 0.00664605 0.00433026 0.0025085 0.00118413 0.000424072 0.000114549 2.43294e-05 4.21115e-06 5.91381e-07 6.21711e-08 3.5374e-09 0 
0 0.000816754 0.00405082 0.00946763 0.0168997 0.0260937 0.0365946 0.0478313 0.0597916 0.0756768 0.0860812 0.0908765 0.0934828 0.0947794 0.0950599 0.0943899 0.092666 0.0895249 0.0839215 0.0725845 0.0603076 0.0512234 0.0427641 0.0349086 0.0278445 0.0216867 0.0164759 0.0121899 0.00875352 0.00604124 0.00389506 0.00220707 0.00100927 0.000350684 9.29605e-05 1.96124e-05 3.39911e-06 4.80005e-07 5.08472e-08 2.91773e-09 0 
0 0.00069403 0.00357551 0.00843946 0.0150812 0.023292 0.0326696 0.0426962 0.0528193 0.0633853 0.0763858 0.0844358 0.0881701 0.0899013 0.090247 0.0893235 0.0869024 0.082095 0.0725845 0.0617996 0.0535737 0.045731 0.0381863 0.031172 0.024864 0.0193651 0.0147111 0.0108809 0.00780248 0.00535652 0.003405 0.00187855 0.00082996 0.000280065 7.31029e-05 1.53811e-05 2.67953e-06 3.81845e-07 4.08876e-08 2.37283e-09 0 
0 0.000565871 0.00306302 0.00734723 0.0131571 0.0203288 0.0285186 0.0372747 0.0460878 0.0544707 0.0625864 0.071457 0.077995 0.0810406 0.081583 0.0799055 0.0754498 0.0680059 0.0603076 0.0535737 0.0467626 0.0399325 0.0333455 0.0272211 0.0217136 0.0169123 0.0128479 0.00949966 0.00679916 0.00463776 0.00290424 0.00156349 0.000672218 0.000222584 5.77612e-05 1.22067e-05 2.14777e-06 3.09826e-07 3.35986e-08 1.97373e-09 0 
0 0.00044041 0.00253517 0.00623911 0.0112198 0.0173478 0.0243433 0.0318223 0.039349 0.0464762 0.052802 0.0581432 0.0626015 0.0655325 0.0661069 0.0642451 0.0606011 0.0561787 0.0512234 0.045731 0.0399325 0.0341013 0.0284774 0.023249 0.018548 0.0144514 0.010985 0.00812747 0.00581474 0.00395476 0.00246194 0.00131564 0.000562846 0.00018655 4.87392e-05 1.04031e-05 1.85018e-06 2.69626e-07 2.95035e-08 1.7464e-09 0 
0 0.000325117 0.00201329 0.00515316 0.00934639 0.0144714 0.0203158 0.0265631 0.0328502 0.0388027 0.0440682 0.0483479 0.0514242 0.0531586 0.0534714 0.052399 0.0501121 0.0468236 0.0427641 0.0381863 0.0333455 0.0284774 0.0237833 0.0194214 0.0155063 0.0121131 0.0092717 0.00694572 0.00504131 0.0034704 0.00218908 0.00119351 0.000522802 0.000176631 4.66737e-05 1.00117e-05 1.78241e-06 2.5944e-07 2.83171e-08 1.67043e-09 0 
0 0.000225978 0.00151932 0.00411639 0.00759341 0.0117941 0.0165701 0.021673 0.0268078 0.0316693 0.0359693 0.0394612 0.0419587 0.0433488 0.0435966 0.0427434 0.040898 0.0382212 0.0349086 0.031172 0.0272211 0.023249 0.0194214 0.015876 0.0127443 0.0101775 0.00826871 0.0068298 0.00541821 0.00384303 0.00237301 0.00127254 0.000563633 0.000192908 5.09023e-05 1.07861e-05 1.88894e-06 2.70268e-07 2.90162e-08 1.68544e-09 0 
0 0.000146695 0.0010761 0.00314846 0.00599324 0.00937904 0.0131994 0.0172745 0.0213738 0.0252545 0.0286869 0.0314741 0.0334676 0.0345772 0.0347752 0.0340949 0.0326227 0.0304871 0.0278445 0.024864 0.0217136 0.018548 0.0155063 0.0127443 0.0105674 0.00957482 0.0102046 0.0114595 0.0110154 0.00803817 0.00437812 0.00190934 0.000730125 0.000235051 5.96608e-05 1.21867e-05 2.06494e-06 2.87049e-07 3.00472e-08 1.70677e-09 0 
0 8.81969e-05 0.000705087 0.00226969 0.00455584 0.00725448 0.0102547 0.0134381 0.0166362 0.0196626 0.0223391 0.0245125 0.026067 0.0269323 0.027087 0.026557 0.0254098 0.0237457 0.0216867 0.0193651 0.0169123 0.0144514 0.0121131 0.0101775 0.00957482 0.0124312 0.0203612 0.0372129 0.0449812 0.0244223 0.0118395 0.00425221 0.00121626 0.000315434 7.11156e-05 1.34843e-05 2.17604e-06 2.9227e-07 2.97714e-08 1.65263e-09 0 
0 4.87191e-05 0.000421053 0.00150911 0.0032804 0.0054141 0.00774413 0.0101847 0.0126245 0.01493 0.0169678 0.0186223 0.0198056 0.0204644 0.0205825 0.0201795 0.0193071 0.0180415 0.0164759 0.0147111 0.0128479 0.010985 0.0092717 0.00826871 0.0102046 0.0203612 0.0529976 0.0767482 0.0785617 0.0711499 0.028531 0.0092695 0.00223469 0.000449907 8.32736e-05 1.3959e-05 2.10599e-06 2.72747e-07 2.71195e-08 1.47691e-09 0 
0 2.45563e-05 0.000226136 0.000902522 0.00217759 0.00382953 0.00563334 0.00748669 0.00931598 0.0110346 0.0125502 0.0137795 0.0146584 0.0151478 0.0152358 0.0149371 0.01429 0.0133512 0.0121899 0.0108809 0.00949966 0.00812747 0.00694572 0.0068298 0.0114595 0.0372129 0.0767482 0.0837783 0.0846057 0.0810658 0.0629475 0.0149994 0.00338745 0.000586524 8.99229e-05 1.30102e-05 1.81121e-06 2.26521e-07 2.21292e-08 1.19041e-09 0 
0 1.12363e-05 0.000108207 0.000474364 0.00128599 0.0024845 0.00386207 0.00527119 0.00663678 0.00790189 0.00900881 0.00990308 0.0105413 0.0108965 0.0109607 0.0107448 0.0102763 0.00959608 0.00875352 0.00780248 0.00679916 0.00581474 0.00504131 0.00541821 0.0110154 0.0449812 0.0785617 0.0846057 0.0854523 0.082568 0.0709524 0.0176326 0.00366395 0.000595582 8.10915e-05 1.03928e-05 1.34726e-06 1.64217e-07 1.59144e-08 8.52983e-10 0 
0 4.65326e-06 4.5934e-05 0.000215877 0.00065231 0.00141154 0.00239343 0.0034478 0.00447179 0.00540738 0.00621457 0.00686028 0.00731842 0.00757285 0.00761937 0.00746615 0.00713238 0.00664605 0.00604124 0.00535652 0.00463776 0.00395476 0.0034704 0.00384303 0.00803817 0.0244223 0.0711499 0.0810658 0.082568 0.0774967 0.0468142 0.012188 0.00270805 0.000433718 5.61501e-05 6.76203e-06 8.4695e-07 1.02636e-07 9.9909e-09 5.38715e-10 0 
0 1.74201e-06 1.73077e-05 8.47784e-05 0.000278166 0.000670903 0.00126515 0.0019815 0.0027207 0.00340949 0.00400328 0.0044749 0.00480733 0.00499153 0.0050262 0.0049177 0.00467932 0.00433026 0.00389506 0.003405 0.00290424 0.00246194 0.00218908 0.00237301 0.00437812 0.0118395 0.028531 0.0629475 0.0709524 0.0468142 0.0183117 0.00604189 0.00135744 0.000220783 2.86708e-05 3.47888e-06 4.44308e-07 5.49836e-08 5.4504e-09 2.98525e-10 0 
0 5.89512e-07 5.80922e-06 2.89116e-05 9.96279e-05 0.000260528 0.000542023 0.000934443 0.00138978 0.00184864 0.0022622 0.00259802 0.00283728 0.00297101 0.00299771 0.00292197 0.00275383 0.0025085 0.00220707 0.00187855 0.00156349 0.00131564 0.00119351 0.00127254 0.00190934 0.00425221 0.0092695 0.0149994 0.0176326 0.012188 0.00604189 0.00201754 0.000466657 7.89968e-05 1.08275e-05 1.42214e-06 1.95172e-07 2.52666e-08 2.5816e-09 1.44883e-10 0 
0 1.80352e-07 1.74429e-06 8.65186e-06 3.03979e-05 8.31949e-05 0.000185262 0.000345987 0.000557165 0.000794569 0.00102761 0.0012287 0.00137796 0.00146388 0.00148244 0.00143596 0.00133225 0.00118413 0.00100927 0.00082996 0.000672218 0.000562846 0.000522802 0.000563633 0.000730125 0.00121626 0.00223469 0.00338745 0.00366395 0.00270805 0.00135744 0.000466657 0.000113229 2.05698e-05 3.16578e-06 4.79125e-07 7.29301e-08 1.00089e-08 1.063e-09 6.15604e-11 0 
0 4.98269e-08 4.69786e-07 2.29311e-06 8.04371e-06 2.23724e-05 5.15491e-05 0.000101051 0.000172123 0.000259676 0.000353161 0.000439686 0.000507438 0.000548025 0.000557492 0.000536393 0.000489312 0.000424072 0.000350684 0.000280065 0.000222584 0.00018655 0.000176631 0.000192908 0.000235051 0.000315434 0.000449907 0.000586524 0.000595582 0.000433718 0.000220783 7.89968e-05 2.05698e-05 4.22941e-06 7.78399e-07 1.39426e-07 2.35659e-08 3.43526e-09 3.81042e-10 2.28893e-11 0 
0 1.23828e-08 1.1338e-07 5.40621e-07 1.86933e-06 5.18333e-06 1.20514e-05 2.4103e-05 4.22294e-05 6.5796e-05 9.23811e-05 0.000118256 0.000139382 0.000152465 0.000155712 0.00014914 0.000134445 0.000114549 9.29605e-05 7.31029e-05 5.77612e-05 4.87392e-05 4.66737e-05 5.09023e-05 5.96608e-05 7.11156e-05 8.32736e-05 8.99229e-05 8.10915e-05 5.61501e-05 2.86708e-05 1.08275e-05 3.16578e-06 7.78399e-07 1.7404e-07 3.60063e-08 6.63249e-09 1.02336e-09 1.18822e-10 7.42937e-12 0 
0 2.7424e-09 2.43433e-08 1.12969e-07 3.82442e-07 1.04595e-06 2.41782e-06 4.84459e-06 8.55741e-06 1.34994e-05 1.92251e-05 2.49479e-05 2.97328e-05 3.2759e-05 3.35473e-05 3.20765e-05 2.87632e-05 2.43294e-05 1.96124e-05 1.53811e-05 1.22067e-05 1.04031e-05 1.00117e-05 1.07861e-05 1.21867e-05 1.34843e-05 1.3959e-05 1.30102e-05 1.03928e-05 6.76203e-06 3.47888e-06 1.42214e-06 4.79125e-07 1.39426e-07 3.60063e-08 8.21966e-09 1.61914e-09 2.63444e-10 3.20466e-11 2.08966e-12 0 
0 5.30622e-10 4.56503e-09 2.059e-08 6.80379e-08 1.82578e-07 4.16449e-07 8.27893e-07 1.4579e-06 2.30138e-06 3.28762e-06 4.284e-06 5.12637e-06 5.6656e-06 5.81166e-06 5.55837e-06 4.98106e-06 4.21115e-06 3.39911e-06 2.67953e-06 2.14777e-06 1.85018e-06 1.78241e-06 1.88894e-06 2.06494e-06 2.17604e-06 2.10599e-06 1.81121e-06 1.34726e-06 8.4695e-07 4.44308e-07 1.95172e-07 7.29301e-08 2.35659e-08 6.63249e-09 1.61914e-09 3.37336e-10 5.77215e-11 7.3547e-12 5.00487e-13 0 
0 8.5979e-11 7.17366e-10 3.14504e-09 1.01353e-08 2.66313e-08 5.97376e-08 1.1729e-07 2.04792e-07 3.21594e-07 4.58188e-07 5.96525e-07 7.13974e-07 7.89695e-07 8.1092e-07 7.76611e-07 6.97279e-07 5.91381e-07 4.80005e-07 3.81845e-07 3.09826e-07 2.69626e-07 2.5944e-07 2.70268e-07 2.87049e-07 2.9227e-07 2.72747e-07 2.26521e-07 1.64217e-07 1.02636e-07 5.49836e-08 2.52666e-08 1.00089e-08 3.43526e-09 1.02336e-09 2.63444e-10 5.77215e-11 1.03616e-11 1.38138e-12 9.80706e-14 0 
0 1.05366e-11 8.53645e-11 3.64121e-10 1.14483e-09 2.94461e-09 6.48875e-09 1.25605e-08 2.16945e-08 3.38016e-08 4.79036e-08 6.21645e-08 7.4283e-08 8.21333e-08 8.44045e-08 8.09823e-08 7.29395e-08 6.21711e-08 5.08472e-08 4.08876e-08 3.35986e-08 2.95035e-08 2.83171e-08 2.90162e-08 3.00472e-08 2.97714e-08 2.71195e-08 2.21292e-08 1.59144e-08 9.9909e-09 5.4504e-09 2.5816e-09 1.063e-09 3.81042e-10 1.18822e-10 3.20466e-11 7.3547e-12 1.38138e-12 1.9235e-13 1.42319e-14 0 
0 6.98091e-13 5.50049e-12 2.28598e-11 7.01994e-11 1.76858e-10 3.82914e-10 7.30534e-10 1.24731e-09 1.92638e-09 2.71277e-09 3.50546e-09 4.17867e-09 4.61639e-09 4.74694e-09 4.56392e-09 4.12602e-09 3.5374e-09 2.91773e-09 2.37283e-09 1.97373e-09 1.7464e-09 1.67043e-09 1.68544e-09 1.70677e-09 1.65263e-09 1.47691e-09 1.19041e-09 8.52983e-10 5.38715e-10 2.98525e-10 1.44883e-10 6.15604e-11 2.28893e-11 7.42937e-12 2.08966e-12 5.00487e-13 9.80706e-14 1.42319e-14 1.09574e-15 0 
0 0 0 0 0 0 0 0 0 0 0 0 0 0 0 0 0 0 0 0 0 0 0 0 0 0 0 0 0 0 0 0 0 0 0 0 0 0 0 0 0 
