0 0 0 0 0 0 0 0 0 0 0 0 0 0 0 0 0 0 0 0 0 0 0 0 0 0 0 0 0 0 0 0 0 0 0 0 0 0 0 0 0 
0 1.43478e-07 1.30362e-06 5.9706e-06 1.91328e-05 4.75797e-05 9.68993e-05 0.000167977 0.000255794 0.000351093 0.000443206 0.000522412 0.000581261 0.000615075 0.00062197 0.000602626 0.000559946 0.000498622 0.000424638 0.000344677 0.00026543 0.000192833 0.000131317 8.32599e-05 4.88291e-05 2.63359e-05 1.30057e-05 5.86468e-06 2.41216e-06 9.05113e-07 3.10111e-07 9.71006e-08 2.77866e-08 7.25453e-09 1.71957e-09 3.66211e-10 6.86181e-11 1.08311e-11 1.2994e-12 8.46165e-14 0 
0 1.30362e-06 1.22436e-05 5.66749e-05 0.000177869 0.00041974 0.000793451 0.0012664 0.00178281 0.00228808 0.00273937 0.00310625 0.00336867 0.00351548 0.00354361 0.00345726 0.003267 0.00298847 0.00264119 0.00224741 0.00183133 0.00141847 0.00103443 0.000702359 0.000438821 0.00024956 0.000128128 5.91217e-05 2.45044e-05 9.14536e-06 3.08557e-06 9.44818e-07 2.63254e-07 6.67605e-08 1.53557e-08 3.17333e-09 5.77352e-10 8.85863e-11 1.03447e-11 6.5669e-13 0 
0 5.9706e-06 5.66749e-05 0.000254833 0.00074136 0.00157072 0.00265423 0.00385174 0.00505121 0.00617356 0.00715726 0.00795193 0.00851931 0.00883593 0.00889471 0.00870481 0.00828971 0.007684 0.00692937 0.00607034 0.00515064 0.00421111 0.00329008 0.00242624 0.00166116 0.00103587 0.000577546 0.000284105 0.000122689 4.66567e-05 1.57514e-05 4.76443e-06 1.30069e-06 3.21694e-07 7.2002e-08 1.44691e-08 2.56061e-09 3.82506e-10 4.35416e-11 2.69832e-12 0 
0 1.91328e-05 0.000177869 0.00074136 0.00191462 0.00359572 0.00555099 0.00761355 0.00966641 0.0116 0.0133073 0.0146938 0.0156867 0.0162411 0.0163429 0.016008 0.0152786 0.0142176 0.0129014 0.0114121 0.00983003 0.00822718 0.00666229 0.00517996 0.00381608 0.00260991 0.00161311 0.00087608 0.000409744 0.000164149 5.68092e-05 1.72454e-05 4.65923e-06 1.13111e-06 2.47446e-07 4.85136e-08 8.3734e-09 1.22055e-09 1.35714e-10 8.2257e-12 0 
0 4.75797e-05 0.00041974 0.00157072 0.00359572 0.00619547 0.00912925 0.0122402 0.0153641 0.0183226 0.0209424 0.023073 0.0245996 0.025452 0.025608 0.0250918 0.0239689 0.0223368 0.0203147 0.0180309 0.0156123 0.0131745 0.0108134 0.00860021 0.00657916 0.00477403 0.00320799 0.00192855 0.000999102 0.000434855 0.000158626 4.93058e-05 1.33556e-05 3.20915e-06 6.9007e-07 1.32547e-07 2.23864e-08 3.19311e-09 3.4766e-10 2.06552e-11 0 
0 9.68993e-05 0.000793451 0.00265423 0.00555099 0.00912925 0.0131859 0.0175192 0.021886 0.0260279 0.0296982 0.032684 0.0348238 0.0360186 0.036237 0.035513 0.0339386 0.0316509 0.0288174 0.0256191 0.0222353 0.0188299 0.0155414 0.0124752 0.00970027 0.00724785 0.00512059 0.00332174 0.00189473 0.000908453 0.000357256 0.000116044 3.19718e-05 7.67572e-06 1.63267e-06 3.0866e-07 5.12002e-08 7.16857e-09 7.66357e-10 4.474e-11 0 
0 0.000167977 0.0012664 0.00385174 0.00761355 0.0122402 0.0175192 0.0231747 0.0288799 0.0342936 0.0390919 0.042996 0.0457945 0.0473578 0.0476437 0.0466966 0.0446375 0.0416464 0.0379423 0.0337622 0.0293411 0.0248946 0.020605 0.0166135 0.0130156 0.00985956 0.00714936 0.0048596 0.00298003 0.00156289 0.000668853 0.000230565 6.54772e-05 1.58528e-05 3.35686e-06 6.27579e-07 1.02631e-07 1.41506e-08 1.4896e-09 8.56719e-11 0 
0 0.000255794 0.00178281 0.00505121 0.00966641 0.0153641 0.021886 0.0288799 0.0359376 0.0426357 0.0485737 0.0534098 0.056888 0.0588416 0.0592009 0.058016 0.055451 0.051741 0.0471559 0.0419845 0.036516 0.0310173 0.0257151 0.0207856 0.0163496 0.0124722 0.00916567 0.00639608 0.00411288 0.00231469 0.00107286 0.00039509 0.000116752 2.87302e-05 6.09117e-06 1.13108e-06 1.8302e-07 2.49286e-08 2.59134e-09 1.47204e-10 0 
0 0.000351093 0.00228808 0.00617356 0.0116 0.0183226 0.0260279 0.0342936 0.0426357 0.0505544 0.0575845 0.0633486 0.0675514 0.0699446 0.0703894 0.0689351 0.0658129 0.0613588 0.0559116 0.0497939 0.0433303 0.0368323 0.030568 0.0247462 0.0195113 0.0149434 0.0110624 0.00783391 0.0051865 0.00306842 0.00151948 0.000596274 0.000184077 4.6275e-05 9.86647e-06 1.8265e-06 2.93383e-07 3.95939e-08 4.07539e-09 2.29237e-10 0 
0 0.000443206 0.00273937 0.00715726 0.0133073 0.0209424 0.0296982 0.0390919 0.0485737 0.0575845 0.065633 0.0723053 0.0771612 0.0798627 0.0803619 0.0787455 0.0751714 0.0699984 0.0637151 0.0567285 0.0493773 0.0419925 0.0348743 0.0282604 0.0223156 0.0171326 0.0127375 0.00909683 0.00612933 0.00374879 0.00195149 0.000808719 0.000260372 6.69841e-05 1.4401e-05 2.66517e-06 4.26131e-07 5.71329e-08 5.83781e-09 3.25936e-10 0 
0 0.000522412 0.00310625 0.00795193 0.0146938 0.023073 0.032684 0.042996 0.0534098 0.0633486 0.0723053 0.0796338 0.0846496 0.0872654 0.0877454 0.0862213 0.0826573 0.0771281 0.0701554 0.0624034 0.0543084 0.0461987 0.0383848 0.0311253 0.0246016 0.0189165 0.0141005 0.0101209 0.00689148 0.00430527 0.00232102 0.00100344 0.000334846 8.8019e-05 1.90957e-05 3.53921e-06 5.64515e-07 7.53672e-08 7.66279e-09 4.25628e-10 0 
0 0.000581261 0.00336867 0.00851931 0.0156867 0.0245996 0.0348238 0.0457945 0.056888 0.0675514 0.0771612 0.0846496 0.0894185 0.0918238 0.0922706 0.0908906 0.0875795 0.0821524 0.0748506 0.0665224 0.0578605 0.0492238 0.04091 0.0331867 0.026247 0.0202007 0.0150815 0.010857 0.00743824 0.00470675 0.00259532 0.0011555 0.000396073 0.000105934 2.31701e-05 4.30424e-06 6.86023e-07 9.13889e-08 9.26581e-09 5.13142e-10 0 
0 0.000615075 0.00351548 0.00883593 0.0162411 0.025452 0.0360186 0.0473578 0.0588416 0.0699446 0.0798627 0.0872654 0.0918238 0.0941086 0.0945387 0.0932381 0.0900957 0.0848461 0.0774975 0.068865 0.0598659 0.0509279 0.0423335 0.0343501 0.0271768 0.0209275 0.0156376 0.011275 0.00774951 0.00493705 0.00275624 0.00124825 0.000434982 0.000117676 2.58936e-05 4.82191e-06 7.68946e-07 1.02399e-07 1.03747e-08 5.74097e-10 0 
0 0.00062197 0.00354361 0.00889471 0.0163429 0.025608 0.036237 0.0476437 0.0592009 0.0703894 0.0803619 0.0877454 0.0922706 0.0945387 0.094968 0.0936818 0.0905692 0.0853561 0.0780095 0.0693236 0.0602599 0.051265 0.0426179 0.0345852 0.0273672 0.0210787 0.0157558 0.0113664 0.00782042 0.00499268 0.00279814 0.0012744 0.000446778 0.000121456 2.68147e-05 5.0048e-06 7.99482e-07 1.06624e-07 1.08184e-08 5.99567e-10 0 
0 0.000602626 0.00345726 0.00870481 0.016008 0.0250918 0.035513 0.0466966 0.058016 0.0689351 0.0787455 0.0862213 0.0908906 0.0932381 0.0936818 0.0923507 0.0891366 0.0838037 0.0764598 0.0679502 0.0590937 0.0502817 0.0418025 0.0339245 0.0268446 0.0206755 0.0154527 0.0111443 0.00766139 0.00488168 0.00272602 0.00123576 0.00043163 0.000117187 2.58966e-05 4.84488e-06 7.76387e-07 1.03923e-07 1.05866e-08 5.89246e-10 0 
0 0.000559946 0.003267 0.00828971 0.0152786 0.0239689 0.0339386 0.0446375 0.055451 0.0658129 0.0751714 0.0826573 0.0875795 0.0900957 0.0905692 0.0891366 0.0857162 0.0802216 0.0730365 0.0649497 0.0565268 0.0481069 0.0399948 0.0324561 0.0256798 0.0197738 0.0147715 0.0106414 0.007297 0.0046228 0.00255446 0.00114226 0.000394346 0.000106444 2.35179e-05 4.41499e-06 7.11389e-07 9.58587e-08 9.83775e-09 5.51932e-10 0 
0 0.000498622 0.00298847 0.007684 0.0142176 0.0223368 0.0316509 0.0416464 0.051741 0.0613588 0.0699984 0.0771281 0.0821524 0.0848461 0.0853561 0.0838037 0.0802216 0.0748075 0.0680905 0.0606221 0.0527922 0.0449332 0.0373556 0.030312 0.0239791 0.0184573 0.0137771 0.00990708 0.00676427 0.00424495 0.00230722 0.00101086 0.000343335 9.20159e-05 2.03547e-05 3.84627e-06 6.257e-07 8.52655e-08 8.85829e-09 5.03392e-10 0 
0 0.000424638 0.00264119 0.00692937 0.0129014 0.0203147 0.0288174 0.0379423 0.0471559 0.0559116 0.0637151 0.0701554 0.0748506 0.0774975 0.0780095 0.0764598 0.0730365 0.0680905 0.0620495 0.0552928 0.0481641 0.0409957 0.0340817 0.0276537 0.0218726 0.0168292 0.0125497 0.00900304 0.0061112 0.00378765 0.00201745 0.000864258 0.000289146 7.72576e-05 1.72089e-05 3.29434e-06 5.44654e-07 7.55475e-08 7.99354e-09 4.62615e-10 0 
0 0.000344677 0.00224741 0.00607034 0.0114121 0.0180309 0.0256191 0.0337622 0.0419845 0.0497939 0.0567285 0.0624034 0.0665224 0.068865 0.0693236 0.0679502 0.0649497 0.0606221 0.0552928 0.0492887 0.0429378 0.0365488 0.0303864 0.0246567 0.0195022 0.0150026 0.0111791 0.00800053 0.00539678 0.00330299 0.00172827 0.000729111 0.000242943 6.55033e-05 1.48583e-05 2.90964e-06 4.92804e-07 7.00054e-08 7.57638e-09 4.47678e-10 0 
0 0.00026543 0.00183133 0.00515064 0.00983003 0.0156123 0.0222353 0.0293411 0.036516 0.0433303 0.0493773 0.0543084 0.0578605 0.0598659 0.0602599 0.0590937 0.0565268 0.0527922 0.0481641 0.0429378 0.0374077 0.0318454 0.0264816 0.0214953 0.0170097 0.0130924 0.00975884 0.00697896 0.0046939 0.00285894 0.00149225 0.00063391 0.000215363 5.97316e-05 1.39783e-05 2.82051e-06 4.90645e-07 7.13072e-08 7.86411e-09 4.71744e-10 0 
0 0.000192833 0.00141847 0.00421111 0.00822718 0.0131745 0.0188299 0.0248946 0.0310173 0.0368323 0.0419925 0.0461987 0.0492238 0.0509279 0.051265 0.0502817 0.0481069 0.0449332 0.0409957 0.0365488 0.0318454 0.0271175 0.0225616 0.0183301 0.0145271 0.0112086 0.00838616 0.00603246 0.00409728 0.00254037 0.00136698 0.000606145 0.00021595 6.25097e-05 1.5123e-05 3.12433e-06 5.52036e-07 8.09892e-08 8.97447e-09 5.39014e-10 0 
0 0.000131317 0.00103443 0.00329008 0.00666229 0.0108134 0.0155414 0.020605 0.0257151 0.030568 0.0348743 0.0383848 0.04091 0.0423335 0.0426179 0.0418025 0.0399948 0.0373556 0.0340817 0.0303864 0.0264816 0.0225616 0.0187912 0.0152983 0.0121725 0.0094681 0.00720009 0.00532865 0.00377038 0.00246242 0.00141141 0.000670072 0.000252978 7.59602e-05 1.86778e-05 3.8681e-06 6.79663e-07 9.87306e-08 1.08082e-08 6.40608e-10 0 
0 8.32599e-05 0.000702359 0.00242624 0.00517996 0.00860021 0.0124752 0.0166135 0.0207856 0.0247462 0.0282604 0.0311253 0.0331867 0.0343501 0.0345852 0.0339245 0.0324561 0.030312 0.0276537 0.0246567 0.0214953 0.0183301 0.0152983 0.0125122 0.0100752 0.00809991 0.00664239 0.00552799 0.00438591 0.00306518 0.00180667 0.000877267 0.000338406 0.000102006 2.47202e-05 5.00191e-06 8.56874e-07 1.21392e-07 1.29754e-08 7.5209e-10 0 
0 4.88291e-05 0.000438821 0.00166116 0.00381608 0.00657916 0.00970027 0.0130156 0.0163496 0.0195113 0.0223156 0.0246016 0.026247 0.0271768 0.0273672 0.0268446 0.0256798 0.0239791 0.0218726 0.0195022 0.0170097 0.0145271 0.0121725 0.0100752 0.00847488 0.00783174 0.00848003 0.00959373 0.00924152 0.00673485 0.0036369 0.00152643 0.000524267 0.000145926 3.30645e-05 6.33338e-06 1.04047e-06 1.42533e-07 1.48026e-08 8.36512e-10 0 
0 2.63359e-05 0.00024956 0.00103587 0.00260991 0.00477403 0.00724785 0.00985956 0.0124722 0.0149434 0.0171326 0.0189165 0.0202007 0.0209275 0.0210787 0.0206755 0.0197738 0.0184573 0.0168292 0.0150026 0.0130924 0.0112086 0.0094681 0.00809991 0.00783174 0.0103838 0.0171329 0.0250095 0.0269385 0.0197109 0.00997296 0.00356101 0.000977601 0.000223971 4.37398e-05 7.55462e-06 1.16648e-06 1.53757e-07 1.55177e-08 8.56263e-10 0 
0 1.30057e-05 0.000128128 0.000577546 0.00161311 0.00320799 0.00512059 0.00714936 0.00916567 0.0110624 0.0127375 0.0141005 0.0150815 0.0156376 0.0157558 0.0154527 0.0147715 0.0137771 0.0125497 0.0111791 0.00975884 0.00838616 0.00720009 0.00664239 0.00848003 0.0171329 0.0360812 0.0632815 0.0720293 0.0483277 0.0232217 0.0078114 0.00186378 0.000349584 5.6062e-05 8.3023e-06 1.17493e-06 1.48445e-07 1.46105e-08 7.90969e-10 0 
0 5.86468e-06 5.91217e-05 0.000284105 0.00087608 0.00192855 0.00332174 0.0048596 0.00639608 0.00783391 0.00909683 0.0101209 0.010857 0.011275 0.0113664 0.0111443 0.0106414 0.00990708 0.00900304 0.00800053 0.00697896 0.00603246 0.00532865 0.00552799 0.00959373 0.0250095 0.0632815 0.087142 0.0897826 0.080774 0.0399142 0.0125911 0.00284731 0.000474737 6.46361e-05 8.13567e-06 1.04e-06 1.25903e-07 1.21622e-08 6.50578e-10 0 
0 2.41216e-06 2.45044e-05 0.000122689 0.000409744 0.000999102 0.00189473 0.00298003 0.00411288 0.0051865 0.00612933 0.00689148 0.00743824 0.00774951 0.00782042 0.00766139 0.007297 0.00676427 0.0061112 0.00539678 0.0046939 0.00409728 0.00377038 0.00438591 0.00924152 0.0269385 0.0720293 0.0897826 0.0919245 0.0850264 0.0473128 0.0138814 0.00308427 0.000488376 6.03246e-05 6.72847e-06 7.8929e-07 9.24873e-08 8.85539e-09 4.72171e-10 0 
0 9.05113e-07 9.14536e-06 4.66567e-05 0.000164149 0.000434855 0.000908453 0.00156289 0.00231469 0.00306842 0.00374879 0.00430527 0.00470675 0.00493705 0.00499268 0.00488168 0.0046228 0.00424495 0.00378765 0.00330299 0.00285894 0.00254037 0.00246242 0.00306518 0.00673485 0.0197109 0.0483277 0.080774 0.0850264 0.0684008 0.0313506 0.010281 0.00227838 0.000355329 4.21099e-05 4.43917e-06 5.01088e-07 5.82416e-08 5.60239e-09 3.00689e-10 0 
0 3.10111e-07 3.08557e-06 1.57514e-05 5.68092e-05 0.000158626 0.000357256 0.000668853 0.00107286 0.00151948 0.00195149 0.00232102 0.00259532 0.00275624 0.00279814 0.00272602 0.00255446 0.00230722 0.00201745 0.00172827 0.00149225 0.00136698 0.00141141 0.00180667 0.0036369 0.00997296 0.0232217 0.0399142 0.0473128 0.0313506 0.0154489 0.00509448 0.00113787 0.000178633 2.12157e-05 2.26612e-06 2.62582e-07 3.1297e-08 3.07081e-09 1.6754e-10 0 
0 9.71006e-08 9.44818e-07 4.76443e-06 1.72454e-05 4.93058e-05 0.000116044 0.000230565 0.00039509 0.000596274 0.000808719 0.00100344 0.0011555 0.00124825 0.0012744 0.00123576 0.00114226 0.00101086 0.000864258 0.000729111 0.00063391 0.000606145 0.000670072 0.000877267 0.00152643 0.00356101 0.0078114 0.0125911 0.0138814 0.010281 0.00509448 0.00169643 0.000386068 6.21519e-05 7.74071e-06 9.01959e-07 1.14271e-07 1.4384e-08 1.45864e-09 8.16103e-11 0 
0 2.77866e-08 2.63254e-07 1.30069e-06 4.65923e-06 1.33556e-05 3.19718e-05 6.54772e-05 0.000116752 0.000184077 0.000260372 0.000334846 0.000396073 0.000434982 0.000446778 0.00043163 0.000394346 0.000343335 0.000289146 0.000242943 0.000215363 0.00021595 0.000252978 0.000338406 0.000524267 0.000977601 0.00186378 0.00284731 0.00308427 0.00227838 0.00113787 0.000386068 9.0535e-05 1.53891e-05 2.13973e-06 2.9262e-07 4.21889e-08 5.69227e-09 6.01647e-10 3.47616e-11 0 
0 7.25453e-09 6.67605e-08 3.21694e-07 1.13111e-06 3.20915e-06 7.67572e-06 1.58528e-05 2.87302e-05 4.6275e-05 6.69841e-05 8.8019e-05 0.000105934 0.000117676 0.000121456 0.000117187 0.000106444 9.20159e-05 7.72576e-05 6.55033e-05 5.97316e-05 6.25097e-05 7.59602e-05 0.000102006 0.000145926 0.000223971 0.000349584 0.000474737 0.000488376 0.000355329 0.000178633 6.21519e-05 1.53891e-05 2.92592e-06 4.90907e-07 8.21961e-08 1.35033e-08 1.95194e-09 2.15898e-10 1.29465e-11 0 
0 1.71957e-09 1.53557e-08 7.2002e-08 2.47446e-07 6.9007e-07 1.63267e-06 3.35686e-06 6.09117e-06 9.86647e-06 1.4401e-05 1.90957e-05 2.31701e-05 2.58936e-05 2.68147e-05 2.58966e-05 2.35179e-05 2.03547e-05 1.72089e-05 1.48583e-05 1.39783e-05 1.5123e-05 1.86778e-05 2.47202e-05 3.30645e-05 4.37398e-05 5.6062e-05 6.46361e-05 6.03246e-05 4.21099e-05 2.12157e-05 7.74071e-06 2.13973e-06 4.90907e-07 1.03517e-07 2.07558e-08 3.78038e-09 5.81197e-10 6.73694e-11 4.20674e-12 0 
0 3.66211e-10 3.17333e-09 1.44691e-08 4.85136e-08 1.32547e-07 3.0866e-07 6.27579e-07 1.13108e-06 1.8265e-06 2.66517e-06 3.53921e-06 4.30424e-06 4.82191e-06 5.0048e-06 4.84488e-06 4.41499e-06 3.84627e-06 3.29434e-06 2.90964e-06 2.82051e-06 3.12433e-06 3.8681e-06 5.00191e-06 6.33338e-06 7.55462e-06 8.3023e-06 8.13567e-06 6.72847e-06 4.43917e-06 2.26612e-06 9.01959e-07 2.9262e-07 8.21961e-08 2.07558e-08 4.69112e-09 9.20744e-10 1.49581e-10 1.81763e-11 1.18404e-12 0 
0 6.86181e-11 5.77352e-10 2.56061e-09 8.3734e-09 2.23864e-08 5.12002e-08 1.02631e-07 1.8302e-07 2.93383e-07 4.26131e-07 5.64515e-07 6.86023e-07 7.68946e-07 7.99482e-07 7.76387e-07 7.11389e-07 6.257e-07 5.44654e-07 4.92804e-07 4.90645e-07 5.52036e-07 6.79663e-07 8.56874e-07 1.04047e-06 1.16648e-06 1.17493e-06 1.04e-06 7.8929e-07 5.01088e-07 2.62582e-07 1.14271e-07 4.21889e-08 1.35033e-08 3.78038e-09 9.20744e-10 1.91629e-10 3.27657e-11 4.17197e-12 2.83693e-13 0 
0 1.08311e-11 8.85863e-11 3.82506e-10 1.22055e-09 3.19311e-09 7.16857e-09 1.41506e-08 2.49286e-08 3.95939e-08 5.71329e-08 7.53672e-08 9.13889e-08 1.02399e-07 1.06624e-07 1.03923e-07 9.58587e-08 8.52655e-08 7.55475e-08 7.00054e-08 7.13072e-08 8.09892e-08 9.87306e-08 1.21392e-07 1.42533e-07 1.53757e-07 1.48445e-07 1.25903e-07 9.24873e-08 5.82416e-08 3.1297e-08 1.4384e-08 5.69227e-09 1.95194e-09 5.81197e-10 1.49581e-10 3.27657e-11 5.8798e-12 7.83538e-13 5.55981e-14 0 
0 1.2994e-12 1.03447e-11 4.35416e-11 1.35714e-10 3.4766e-10 7.66357e-10 1.4896e-09 2.59134e-09 4.07539e-09 5.83781e-09 7.66279e-09 9.26581e-09 1.03747e-08 1.08184e-08 1.05866e-08 9.83775e-09 8.85829e-09 7.99354e-09 7.57638e-09 7.86411e-09 8.97447e-09 1.08082e-08 1.29754e-08 1.48026e-08 1.55177e-08 1.46105e-08 1.21622e-08 8.85539e-09 5.60239e-09 3.07081e-09 1.45864e-09 6.01647e-10 2.15898e-10 6.73694e-11 1.81763e-11 4.17197e-12 7.83538e-13 1.0908e-13 8.06812e-15 0 
0 8.46165e-14 6.5669e-13 2.69832e-12 8.2257e-12 2.06552e-11 4.474e-11 8.56719e-11 1.47204e-10 2.29237e-10 3.25936e-10 4.25628e-10 5.13142e-10 5.74097e-10 5.99567e-10 5.89246e-10 5.51932e-10 5.03392e-10 4.62615e-10 4.47678e-10 4.71744e-10 5.39014e-10 6.40608e-10 7.5209e-10 8.36512e-10 8.56263e-10 7.90969e-10 6.50578e-10 4.72171e-10 3.00689e-10 1.6754e-10 8.16103e-11 3.47616e-11 1.29465e-11 4.20674e-12 1.18404e-12 2.83693e-13 5.55981e-14 8.06812e-15 6.21078e-16 0 
0 0 0 0 0 0 0 0 0 0 0 0 0 0 0 0 0 0 0 0 0 0 0 0 0 0 0 0 0 0 0 0 0 0 0 0 0 0 0 0 0 
