0 0 0 0 0 0 0 0 0 0 0 0 0 0 0 0 0 0 0 0 0 0 0 0 0 0 0 0 0 0 0 0 0 0 0 0 0 0 0 0 0 
0 4.11332e-07 3.66095e-06 1.61029e-05 4.85921e-05 0.000112245 0.000211395 0.000340282 0.000485802 0.000632578 0.000766692 0.000877331 0.000957117 0.0010019 0.00101041 0.000983924 0.000925854 0.000841422 0.000737248 0.000620936 0.000500591 0.000384205 0.000278897 0.000190056 0.000120615 7.07175e-05 3.80269e-05 1.86439e-05 8.30106e-06 3.34982e-06 1.22471e-06 4.05844e-07 1.21927e-07 3.31707e-08 8.1381e-09 1.7833e-09 3.42075e-10 5.50407e-11 6.70717e-12 4.42363e-13 0 
0 3.66095e-06 3.32786e-05 0.000144072 0.000409505 0.000861486 0.00145885 0.00212471 0.00279075 0.00340873 0.00394481 0.00437392 0.00467804 0.0048466 0.00487695 0.00477437 0.00455111 0.00422483 0.00381662 0.00334918 0.00284542 0.0023281 0.00182029 0.00134595 0.000929178 0.00059041 0.000340531 0.000176266 8.13098e-05 3.33584e-05 1.21971e-05 3.99136e-06 1.17381e-06 3.10901e-07 7.40437e-08 1.57319e-08 2.92602e-09 4.56865e-10 5.40943e-11 3.47198e-12 0 
0 1.61029e-05 0.000144072 0.000578766 0.0014529 0.00267346 0.00406014 0.00549237 0.00689651 0.00820719 0.00935857 0.0102905 0.0109559 0.011326 0.0113918 0.0111646 0.0106727 0.00995834 0.00907242 0.00806922 0.00700119 0.00591436 0.00484548 0.0038224 0.00286898 0.00201312 0.00129122 0.00073917 0.00037038 0.000160856 6.06111e-05 1.99827e-05 5.82522e-06 1.51376e-06 3.51674e-07 7.26885e-08 1.31414e-08 1.99522e-09 2.2996e-10 1.43881e-11 0 
0 4.85921e-05 0.000409505 0.0014529 0.00317285 0.00528019 0.00759888 0.0100307 0.0124616 0.0147579 0.0167875 0.0184351 0.0196132 0.0202686 0.0203849 0.0199817 0.0191099 0.0178452 0.0162794 0.0145119 0.0126406 0.0107546 0.00892736 0.00721167 0.00563762 0.00421683 0.00295808 0.00188901 0.00106024 0.000507756 0.000204837 7.00238e-05 2.06232e-05 5.32112e-06 1.21505e-06 2.45571e-07 4.33181e-08 6.41449e-09 7.21495e-10 4.41063e-11 0 
0 0.000112245 0.000861486 0.00267346 0.00528019 0.00838901 0.0118771 0.0155896 0.0193222 0.0228555 0.0259808 0.0285186 0.0303336 0.0313433 0.0315224 0.0309009 0.0295575 0.0276089 0.0251971 0.0224758 0.0195971 0.0167003 0.0139037 0.0112978 0.00894132 0.00685842 0.00504193 0.00347304 0.00215982 0.00115789 0.000515389 0.000188325 5.73338e-05 1.49096e-05 3.37834e-06 6.719e-07 1.16178e-07 1.68401e-08 1.85419e-09 1.11045e-10 0 
0 0.000211395 0.00145885 0.00406014 0.00759888 0.0118771 0.016738 0.0219315 0.0271583 0.0321077 0.0364862 0.0400422 0.0425862 0.0440028 0.0442543 0.0433818 0.0414978 0.038767 0.035388 0.0315758 0.0275438 0.023488 0.019575 0.0159347 0.0126561 0.00978592 0.00732743 0.00524478 0.00348989 0.00205928 0.00101849 0.000406294 0.000130642 3.47872e-05 7.90334e-06 1.55757e-06 2.65323e-07 3.77961e-08 4.08734e-09 2.40504e-10 0 
0 0.000340282 0.00212471 0.00549237 0.0100307 0.0155896 0.0219315 0.0287129 0.0355393 0.0420041 0.0477278 0.0524173 0.0559203 0.0580406 0.0584411 0.0570929 0.0543913 0.0507246 0.0462912 0.0413099 0.0360439 0.0307475 0.0256388 0.020888 0.0166138 0.0128826 0.00971119 0.00706724 0.0048779 0.0030737 0.00166431 0.000728221 0.00025087 6.93398e-05 1.59512e-05 3.13615e-06 5.28922e-07 7.43425e-08 7.92273e-09 4.59384e-10 0 
0 0.000485802 0.00279075 0.00689651 0.0124616 0.0193222 0.0271583 0.0355393 0.0439766 0.0519794 0.0592587 0.0662136 0.0722513 0.0757438 0.0763835 0.0742904 0.069624 0.0634991 0.05737 0.051118 0.0446022 0.0380564 0.0317432 0.0258735 0.0205943 0.0159901 0.0120873 0.00885864 0.00622592 0.00408125 0.00236244 0.00112267 0.000415969 0.000120382 2.82586e-05 5.57499e-06 9.3507e-07 1.30157e-07 1.37134e-08 7.85801e-10 0 
0 0.000632578 0.00340873 0.00820719 0.0147579 0.0228555 0.0321077 0.0420041 0.0519794 0.0617197 0.0723268 0.0816261 0.0866204 0.0888614 0.0892786 0.0880423 0.0847962 0.0784427 0.0691452 0.0605587 0.0527176 0.0449794 0.0375252 0.0305952 0.0243635 0.0189304 0.0143298 0.0105364 0.00747089 0.00500812 0.00303168 0.00153827 0.000609626 0.000185177 4.45566e-05 8.85764e-06 1.48285e-06 2.05066e-07 2.14231e-08 1.21641e-09 0 
0 0.000766692 0.00394481 0.00935857 0.0167875 0.0259808 0.0364862 0.0477278 0.0592587 0.0723268 0.0843368 0.0904795 0.0937264 0.0953098 0.0956317 0.0947787 0.0926082 0.0886239 0.0813684 0.0700764 0.0600125 0.0511108 0.0426417 0.0347733 0.0276984 0.0215314 0.0163115 0.0120137 0.00855691 0.00580798 0.00361723 0.00192524 0.000806881 0.000256379 6.32872e-05 1.27057e-05 2.12847e-06 2.93204e-07 3.04491e-08 1.71735e-09 0 
0 0.000877331 0.00437392 0.0102905 0.0184351 0.0285186 0.0400422 0.0524173 0.0662136 0.0816261 0.0904795 0.0950996 0.0977312 0.0990636 0.099349 0.0986485 0.0968776 0.0937484 0.0885042 0.0790777 0.0665165 0.0561298 0.0467995 0.0381679 0.0304079 0.0236443 0.0179208 0.0132116 0.00943281 0.00644702 0.00408567 0.00224652 0.000982246 0.000323983 8.18414e-05 1.6597e-05 2.78622e-06 3.83066e-07 3.96304e-08 2.22505e-09 0 
0 0.000957117 0.00467804 0.0109559 0.0196132 0.0303336 0.0425862 0.0559203 0.0722513 0.0866204 0.0937264 0.0977312 0.100092 0.10131 0.101579 0.10095 0.0993619 0.0966008 0.0921424 0.0845597 0.0719443 0.0598319 0.0497788 0.0405977 0.0323474 0.0251569 0.0190727 0.0140685 0.0100578 0.0069003 0.00441732 0.00247898 0.00111546 0.000378088 9.72396e-05 1.98895e-05 3.34751e-06 4.59979e-07 4.74913e-08 2.65938e-09 0 
0 0.0010019 0.0048466 0.011326 0.0202686 0.0313433 0.0440028 0.0580406 0.0757438 0.0888614 0.0953098 0.0990636 0.10131 0.102477 0.102739 0.102143 0.100634 0.0980285 0.0938862 0.0870595 0.0751536 0.0620099 0.0514439 0.0419525 0.0334291 0.0260007 0.0197156 0.0145468 0.0104066 0.00715287 0.00460238 0.00261088 0.0011938 0.000411203 0.000106952 2.20047e-05 3.71198e-06 5.10256e-07 5.26546e-08 2.94581e-09 0 
0 0.00101041 0.00487695 0.0113918 0.0203849 0.0315224 0.0442543 0.0584411 0.0763835 0.0892786 0.0956317 0.099349 0.101579 0.102739 0.103001 0.102409 0.100912 0.0983297 0.0942342 0.0875188 0.0757532 0.0624193 0.0517458 0.0421982 0.0336259 0.0261549 0.0198336 0.0146354 0.0104719 0.00720129 0.00463952 0.00263933 0.00121216 0.000419558 0.00010955 2.25971e-05 3.81807e-06 5.25408e-07 5.4263e-08 3.03797e-09 0 
0 0.000983924 0.00477437 0.0111646 0.0199817 0.0309009 0.0433818 0.0570929 0.0742904 0.0880423 0.0947787 0.0986485 0.10095 0.102143 0.102409 0.101798 0.100252 0.0975738 0.0932894 0.0861337 0.0738161 0.0610636 0.0507311 0.0413751 0.03297 0.0256445 0.0194462 0.0143485 0.0102647 0.0070539 0.00453526 0.00256871 0.00117231 0.000403432 0.000105003 2.16454e-05 3.66084e-06 5.04685e-07 5.22384e-08 2.9317e-09 0 
0 0.000925854 0.00455111 0.0106727 0.0191099 0.0295575 0.0414978 0.0543913 0.069624 0.0847962 0.0926082 0.0968776 0.0993619 0.100634 0.100912 0.100252 0.0985811 0.0956586 0.0908722 0.0825125 0.0696057 0.0582615 0.0485354 0.0395882 0.0315456 0.0245354 0.0186034 0.0137238 0.00981189 0.00672981 0.00430334 0.00240974 0.00108209 0.000366805 9.46057e-05 1.9443e-05 3.29115e-06 4.55036e-07 4.72837e-08 2.66533e-09 0 
0 0.000841422 0.00422483 0.00995834 0.0178452 0.0276089 0.038767 0.0507246 0.0634991 0.0784427 0.0886239 0.0937484 0.0966008 0.0980285 0.0983297 0.0975738 0.0956586 0.0922324 0.0863481 0.0758623 0.0641015 0.0543673 0.0453536 0.0369941 0.0294775 0.0229252 0.0173799 0.0128166 0.00915359 0.00625692 0.00396401 0.00217933 0.000954615 0.000316516 8.06015e-05 1.65018e-05 2.79835e-06 3.88752e-07 4.06486e-08 2.30724e-09 0 
0 0.000737248 0.00381662 0.00907242 0.0162794 0.0251971 0.035388 0.0462912 0.05737 0.0691452 0.0813684 0.0885042 0.0921424 0.0938862 0.0942342 0.0932894 0.0908722 0.0863481 0.0780964 0.0673938 0.0582062 0.0496303 0.0414171 0.0337831 0.026918 0.0209331 0.0158667 0.0116948 0.00833874 0.00567 0.00354424 0.00190116 0.000807582 0.00026112 6.56502e-05 1.34137e-05 2.28497e-06 3.19943e-07 3.3772e-08 1.93642e-09 0 
0 0.000620936 0.00334918 0.00806922 0.0145119 0.0224758 0.0315758 0.0413099 0.051118 0.0605587 0.0700764 0.0790777 0.0845597 0.0870595 0.0875188 0.0861337 0.0825125 0.0758623 0.0673938 0.0595498 0.0519106 0.0443061 0.0369762 0.0301612 0.0240322 0.0186883 0.014163 0.0104327 0.00742175 0.00501031 0.00307987 0.00160721 0.000662201 0.000209574 5.22937e-05 1.07191e-05 1.84302e-06 2.61206e-07 2.79368e-08 1.62316e-09 0 
0 0.000500591 0.00284542 0.00700119 0.0126406 0.0195971 0.0275438 0.0360439 0.0446022 0.0527176 0.0600125 0.0665165 0.0719443 0.0751536 0.0757532 0.0738161 0.0696057 0.0641015 0.0582062 0.0519106 0.0453108 0.0386779 0.0322806 0.0263328 0.0209838 0.0163196 0.0123683 0.00910618 0.00646186 0.00432988 0.00262147 0.00133926 0.000541473 0.000169971 4.25608e-05 8.82075e-06 1.53853e-06 2.21379e-07 2.4026e-08 1.4149e-09 0 
0 0.000384205 0.0023281 0.00591436 0.0107546 0.0167003 0.023488 0.0307475 0.0380564 0.0449794 0.0511108 0.0561298 0.0598319 0.0620099 0.0624193 0.0610636 0.0582615 0.0543673 0.0496303 0.0443061 0.0386779 0.0330178 0.0275596 0.0224859 0.0179242 0.0139482 0.010581 0.00779885 0.00553649 0.00370662 0.00224177 0.00114718 0.000467161 0.000148516 3.77642e-05 7.94641e-06 1.40487e-06 2.0445e-07 2.23927e-08 1.32811e-09 0 
0 0.000278897 0.00182029 0.00484548 0.00892736 0.0139037 0.019575 0.0256388 0.0317432 0.0375252 0.0426417 0.0467995 0.0497788 0.0514439 0.0517458 0.0507311 0.0485354 0.0453536 0.0414171 0.0369762 0.0322806 0.0275596 0.0230088 0.0187817 0.014989 0.0117025 0.00894924 0.00669189 0.0048371 0.00329892 0.00204162 0.0010788 0.000454943 0.00014864 3.8401e-05 8.1351e-06 1.43976e-06 2.09071e-07 2.28054e-08 1.34549e-09 0 
0 0.000190056 0.00134595 0.0038224 0.00721167 0.0112978 0.0159347 0.020888 0.0258735 0.0305952 0.0347733 0.0381679 0.0405977 0.0419525 0.0421982 0.0413751 0.0395882 0.0369941 0.0337831 0.0301612 0.0263328 0.0224859 0.0187817 0.0153541 0.01233 0.00985484 0.00801592 0.00662725 0.00525707 0.00371987 0.00227824 0.00119771 0.000514309 0.000170629 4.40225e-05 9.20594e-06 1.60093e-06 2.28214e-07 2.44501e-08 1.41829e-09 0 
0 0.000120615 0.000929178 0.00286898 0.00563762 0.00894132 0.0126561 0.0166138 0.0205943 0.0243635 0.0276984 0.0304079 0.0323474 0.0334291 0.0336259 0.03297 0.0315456 0.0294775 0.026918 0.0240322 0.0209838 0.0179242 0.014989 0.01233 0.0102426 0.0093043 0.00993704 0.01117 0.0107402 0.00783595 0.00426276 0.00184715 0.000691525 0.000215709 5.33481e-05 1.07291e-05 1.80318e-06 2.49569e-07 2.60544e-08 1.47711e-09 0 
0 7.07175e-05 0.00059041 0.00201312 0.00421683 0.00685842 0.00978592 0.0128826 0.0159901 0.0189304 0.0215314 0.0236443 0.0251569 0.0260007 0.0261549 0.0256445 0.0245354 0.0229252 0.0209331 0.0186883 0.0163196 0.0139482 0.0117025 0.00985484 0.0093043 0.0121136 0.0198599 0.0328762 0.0396898 0.0229886 0.0115499 0.00414482 0.00117711 0.00029769 6.51003e-05 1.20982e-05 1.93288e-06 2.5837e-07 2.6247e-08 1.45418e-09 0 
0 3.80269e-05 0.000340531 0.00129122 0.00295808 0.00504193 0.00732743 0.00971119 0.0120873 0.0143298 0.0163115 0.0179208 0.0190727 0.0197156 0.0198336 0.0194462 0.0186034 0.0173799 0.0158667 0.014163 0.0123683 0.010581 0.00894924 0.00801592 0.00993704 0.0198599 0.0473223 0.0774929 0.0798461 0.0675178 0.0270268 0.00904328 0.00217669 0.000432273 7.76577e-05 1.26913e-05 1.88973e-06 2.4339e-07 2.41365e-08 1.31217e-09 0 
0 1.86439e-05 0.000176266 0.00073917 0.00188901 0.00347304 0.00524478 0.00706724 0.00885864 0.0105364 0.0120137 0.0132116 0.0140685 0.0145468 0.0146354 0.0143485 0.0137238 0.0128166 0.0116948 0.0104327 0.00910618 0.00779885 0.00669189 0.00662725 0.01117 0.0328762 0.0774929 0.0860111 0.0870163 0.0824302 0.0577629 0.0145705 0.00330355 0.000567989 8.49601e-05 1.19494e-05 1.63601e-06 2.03258e-07 1.98044e-08 1.06372e-09 0 
0 8.30106e-06 8.13098e-05 0.00037038 0.00106024 0.00215982 0.00348989 0.0048779 0.00622592 0.00747089 0.00855691 0.00943281 0.0100578 0.0104066 0.0104719 0.0102647 0.00981189 0.00915359 0.00833874 0.00742175 0.00646186 0.00553649 0.0048371 0.00525707 0.0107402 0.0396898 0.0798461 0.0870163 0.0879877 0.0843765 0.0675354 0.0162729 0.00357396 0.000578137 7.71334e-05 9.61026e-06 1.22218e-06 1.47843e-07 1.429e-08 7.64895e-10 0 
0 3.34982e-06 3.33584e-05 0.000160856 0.000507756 0.00115789 0.00205928 0.0030737 0.00408125 0.00500812 0.00580798 0.00644702 0.0069003 0.00715287 0.00720129 0.0070539 0.00672981 0.00625692 0.00567 0.00501031 0.00432988 0.00370662 0.00329892 0.00371987 0.00783595 0.0229886 0.0675178 0.0824302 0.0843765 0.078714 0.0420338 0.0118921 0.00264129 0.000420878 5.34834e-05 6.26937e-06 7.69933e-07 9.25768e-08 8.98951e-09 4.84164e-10 0 
0 1.22471e-06 1.21971e-05 6.06111e-05 0.000204837 0.000515389 0.00101849 0.00166431 0.00236244 0.00303168 0.00361723 0.00408567 0.00441732 0.00460238 0.00463952 0.00453526 0.00430334 0.00396401 0.00354424 0.00307987 0.00262147 0.00224177 0.00204162 0.00227824 0.00426276 0.0115499 0.0270268 0.0577629 0.0675354 0.0420338 0.0178676 0.00589491 0.00132312 0.000213664 2.7227e-05 3.22042e-06 4.039e-07 4.96384e-08 4.91029e-09 2.68688e-10 0 
0 4.05844e-07 3.99136e-06 1.99827e-05 7.00238e-05 0.000188325 0.000406294 0.000728221 0.00112267 0.00153827 0.00192524 0.00224652 0.00247898 0.00261088 0.00263933 0.00256871 0.00240974 0.00217933 0.00190116 0.00160721 0.00133926 0.00114718 0.0010788 0.00119771 0.00184715 0.00414482 0.00904328 0.0145705 0.0162729 0.0118921 0.00589491 0.00196759 0.000453681 7.5987e-05 1.02083e-05 1.30985e-06 1.77148e-07 2.28157e-08 2.32757e-09 1.30529e-10 0 
0 1.21927e-07 1.17381e-06 5.82522e-06 2.06232e-05 5.73338e-05 0.000130642 0.00025087 0.000415969 0.000609626 0.000806881 0.000982246 0.00111546 0.0011938 0.00121216 0.00117231 0.00108209 0.000954615 0.000807582 0.000662201 0.000541473 0.000467161 0.000454943 0.000514309 0.000691525 0.00117711 0.00217669 0.00330355 0.00357396 0.00264129 0.00132312 0.000453681 0.000109287 1.95748e-05 2.95144e-06 4.38251e-07 6.60605e-08 9.03759e-09 9.58861e-10 5.54972e-11 0 
0 3.31707e-08 3.10901e-07 1.51376e-06 5.32112e-06 1.49096e-05 3.47872e-05 6.93398e-05 0.000120382 0.000185177 0.000256379 0.000323983 0.000378088 0.000411203 0.000419558 0.000403432 0.000366805 0.000316516 0.00026112 0.000209574 0.000169971 0.000148516 0.00014864 0.000170629 0.000215709 0.00029769 0.000432273 0.000567989 0.000578137 0.000420878 0.000213664 7.5987e-05 1.95748e-05 3.96107e-06 7.1622e-07 1.26732e-07 2.13115e-08 3.10163e-09 3.43815e-10 2.0644e-11 0 
0 8.1381e-09 7.40437e-08 3.51674e-07 1.21505e-06 3.37834e-06 7.90334e-06 1.59512e-05 2.82586e-05 4.45566e-05 6.32872e-05 8.18414e-05 9.72396e-05 0.000106952 0.00010955 0.000105003 9.46057e-05 8.06015e-05 6.56502e-05 5.22937e-05 4.25608e-05 3.77642e-05 3.8401e-05 4.40225e-05 5.33481e-05 6.51003e-05 7.76577e-05 8.49601e-05 7.71334e-05 5.34834e-05 2.7227e-05 1.02083e-05 2.95144e-06 7.1622e-07 1.58448e-07 3.25991e-08 5.9925e-09 9.23923e-10 1.07233e-10 6.70249e-12 0 
0 1.7833e-09 1.57319e-08 7.26885e-08 2.45571e-07 6.719e-07 1.55757e-06 3.13615e-06 5.57499e-06 8.85764e-06 1.27057e-05 1.6597e-05 1.98895e-05 2.20047e-05 2.25971e-05 2.16454e-05 1.9443e-05 1.65018e-05 1.34137e-05 1.07191e-05 8.82075e-06 7.94641e-06 8.1351e-06 9.20594e-06 1.07291e-05 1.20982e-05 1.26913e-05 1.19494e-05 9.61026e-06 6.26937e-06 3.22042e-06 1.30985e-06 4.38251e-07 1.26732e-07 3.25991e-08 7.42856e-09 1.46227e-09 2.37838e-10 2.89239e-11 1.88555e-12 0 
0 3.42075e-10 2.92602e-09 1.31414e-08 4.33181e-08 1.16178e-07 2.65323e-07 5.28922e-07 9.3507e-07 1.48285e-06 2.12847e-06 2.78622e-06 3.34751e-06 3.71198e-06 3.81807e-06 3.66084e-06 3.29115e-06 2.79835e-06 2.28497e-06 1.84302e-06 1.53853e-06 1.40487e-06 1.43976e-06 1.60093e-06 1.80318e-06 1.93288e-06 1.88973e-06 1.63601e-06 1.22218e-06 7.69933e-07 4.039e-07 1.77148e-07 6.60605e-08 2.13115e-08 5.9925e-09 1.46227e-09 3.04586e-10 5.21081e-11 6.63825e-12 4.51646e-13 0 
0 5.50407e-11 4.56865e-10 1.99522e-09 6.41449e-09 1.68401e-08 3.77961e-08 7.43425e-08 1.30157e-07 2.05066e-07 2.93204e-07 3.83066e-07 4.59979e-07 5.10256e-07 5.25408e-07 5.04685e-07 4.55036e-07 3.88752e-07 3.19943e-07 2.61206e-07 2.21379e-07 2.0445e-07 2.09071e-07 2.28214e-07 2.49569e-07 2.5837e-07 2.4339e-07 2.03258e-07 1.47843e-07 9.25768e-08 4.96384e-08 2.28157e-08 9.03759e-09 3.10163e-09 9.23923e-10 2.37838e-10 5.21081e-11 9.35313e-12 1.24679e-12 8.85036e-14 0 
0 6.70717e-12 5.40943e-11 2.2996e-10 7.21495e-10 1.85419e-09 4.08734e-09 7.92273e-09 1.37134e-08 2.14231e-08 3.04491e-08 3.96304e-08 4.74913e-08 5.26546e-08 5.4263e-08 5.22384e-08 4.72837e-08 4.06486e-08 3.3772e-08 2.79368e-08 2.4026e-08 2.23927e-08 2.28054e-08 2.44501e-08 2.60544e-08 2.6247e-08 2.41365e-08 1.98044e-08 1.429e-08 8.98951e-09 4.91029e-09 2.32757e-09 9.58861e-10 3.43815e-10 1.07233e-10 2.89239e-11 6.63825e-12 1.24679e-12 1.736e-13 1.28435e-14 0 
0 4.42363e-13 3.47198e-12 1.43881e-11 4.41063e-11 1.11045e-10 2.40504e-10 4.59384e-10 7.85801e-10 1.21641e-09 1.71735e-09 2.22505e-09 2.65938e-09 2.94581e-09 3.03797e-09 2.9317e-09 2.66533e-09 2.30724e-09 1.93642e-09 1.62316e-09 1.4149e-09 1.32811e-09 1.34549e-09 1.41829e-09 1.47711e-09 1.45418e-09 1.31217e-09 1.06372e-09 7.64895e-10 4.84164e-10 2.68688e-10 1.30529e-10 5.54972e-11 2.0644e-11 6.70249e-12 1.88555e-12 4.51646e-13 8.85036e-14 1.28435e-14 9.88798e-16 0 
0 0 0 0 0 0 0 0 0 0 0 0 0 0 0 0 0 0 0 0 0 0 0 0 0 0 0 0 0 0 0 0 0 0 0 0 0 0 0 0 0 
