0 0 0 0 0 0 0 0 0 0 0 0 0 0 0 0 0 0 0 0 0 0 0 0 0 0 0 0 0 0 0 0 0 0 0 0 0 0 0 0 0 
0 4.55372e-08 4.19374e-07 1.97372e-06 6.59738e-06 1.73338e-05 3.75808e-05 6.94374e-05 0.000112214 0.000162149 0.000213402 0.000259588 0.00029513 0.000316123 0.00032071 0.000309098 0.000283318 0.000246822 0.00020395 0.000159311 0.000117126 8.06356e-05 5.1704e-05 3.07163e-05 1.683e-05 8.47574e-06 3.91506e-06 1.65744e-06 6.43308e-07 2.29141e-07 7.49855e-08 2.25608e-08 6.23869e-09 1.58207e-09 3.65927e-10 7.63499e-11 1.40645e-11 2.18897e-12 2.59571e-13 1.67415e-14 0 
0 4.19374e-07 4.01589e-06 1.93993e-05 6.52099e-05 0.000168191 0.000350176 0.000612245 0.000931213 0.00126994 0.00159029 0.00186083 0.00205933 0.00217268 0.00219609 0.00213204 0.0019893 0.00178183 0.00152769 0.00124787 0.000964833 0.000700426 0.000473051 0.000294456 0.000167525 8.65836e-05 4.05254e-05 1.71747e-05 6.60457e-06 2.31227e-06 7.39554e-07 2.1668e-07 5.82267e-08 1.43357e-08 3.21895e-09 6.52349e-10 1.16829e-10 1.76987e-11 2.0456e-12 1.28779e-13 0 
0 1.97372e-06 1.93993e-05 9.39103e-05 0.000305624 0.000737245 0.00140462 0.00223958 0.00313975 0.00401378 0.00479293 0.00542746 0.00588297 0.00613922 0.00618986 0.00604168 0.00571303 0.00523142 0.00463073 0.00394868 0.00322519 0.00250184 0.00182176 0.00122737 0.000753267 0.000415329 0.000203886 8.88893e-05 3.45346e-05 1.2039e-05 3.7946e-06 1.08833e-06 2.85181e-07 6.8332e-08 1.49226e-08 2.94187e-09 5.1291e-10 7.57294e-11 8.5418e-12 5.25522e-13 0 
0 6.59738e-06 6.52099e-05 0.000305624 0.000920399 0.0019962 0.00342318 0.00501968 0.00663871 0.00817079 0.0095257 0.0106277 0.011419 0.0118636 0.0119496 0.011689 0.0111145 0.0102752 0.00923098 0.00804611 0.00678392 0.00550293 0.00425638 0.00309603 0.00207728 0.00125641 0.000670471 0.000311504 0.000125837 4.45834e-05 1.40355e-05 3.97464e-06 1.02132e-06 2.39103e-07 5.09359e-08 9.79197e-09 1.66548e-09 2.40109e-10 2.64758e-11 1.59447e-12 0 
0 1.73338e-05 0.000168191 0.000737245 0.0019962 0.00388816 0.00615946 0.00860246 0.0110623 0.0133957 0.015466 0.0171537 0.0183669 0.0190484 0.0191792 0.0187775 0.0178943 0.0166064 0.0150077 0.0131995 0.0112815 0.00934371 0.00746102 0.00569197 0.00408519 0.00269372 0.00158287 0.000804905 0.000348395 0.000128646 4.11735e-05 1.16455e-05 2.95644e-06 6.79748e-07 1.41799e-07 2.66642e-08 4.43602e-09 6.25915e-10 6.76122e-11 3.99355e-12 0 
0 3.75808e-05 0.000350176 0.00140462 0.00342318 0.00615946 0.00932674 0.0127234 0.0161553 0.0194194 0.0223198 0.0246861 0.0263876 0.0273435 0.0275265 0.0269622 0.0257225 0.023916 0.0216754 0.0191445 0.0164652 0.0137669 0.0111573 0.00871775 0.00650206 0.00454702 0.00289599 0.00161664 0.000763627 0.000300676 9.97244e-05 2.85475e-05 7.22263e-06 1.64056e-06 3.36593e-07 6.2129e-08 1.01403e-08 1.404e-09 1.48928e-10 8.6461e-12 0 
0 6.94374e-05 0.000612245 0.00223958 0.00501968 0.00860246 0.0127234 0.0171549 0.0216414 0.0259127 0.02971 0.0328089 0.0350378 0.0362901 0.0365302 0.0357913 0.0341679 0.0318025 0.0288695 0.0255581 0.0220555 0.0185326 0.0151334 0.0119675 0.0091068 0.00658809 0.00442989 0.00266826 0.00137463 0.00058451 0.000204128 5.99095e-05 1.52407e-05 3.44099e-06 6.97523e-07 1.26846e-07 2.03749e-08 2.77604e-09 2.89892e-10 1.65804e-11 0 
0 0.000112214 0.000931213 0.00313975 0.00663871 0.0110623 0.0161553 0.0216414 0.0271996 0.0324932 0.0372005 0.0410429 0.0438072 0.0453611 0.04566 0.0447451 0.0427335 0.0398021 0.0361676 0.0320648 0.0277267 0.023366 0.0191628 0.0152553 0.011736 0.0086517 0.00601208 0.00381908 0.00211485 0.000970513 0.000359953 0.000109395 2.82031e-05 6.3654e-06 1.28042e-06 2.30234e-07 3.65106e-08 4.90908e-09 5.0599e-10 2.85798e-11 0 
0 0.000162149 0.00126994 0.00401378 0.00817079 0.0133957 0.0194194 0.0259127 0.0324932 0.0387616 0.0443367 0.0488885 0.0521646 0.0540077 0.0543641 0.0532823 0.0509013 0.0474312 0.0431285 0.0382717 0.0331368 0.0279769 0.0230057 0.0183886 0.0142373 0.0106104 0.00751838 0.00494307 0.00288747 0.00141512 0.000557345 0.000176295 4.63166e-05 1.04982e-05 2.10352e-06 3.75233e-07 5.89245e-08 7.84048e-09 7.99736e-10 4.47173e-11 0 
0 0.000213402 0.00159029 0.00479293 0.0095257 0.015466 0.0223198 0.02971 0.0372005 0.0443367 0.050685 0.0558699 0.0596044 0.0617082 0.0621179 0.060888 0.0581778 0.054228 0.0493309 0.0438031 0.0379591 0.0320871 0.0264315 0.021181 0.0164647 0.0123515 0.00885553 0.00594929 0.00360542 0.00185972 0.000772342 0.000254176 6.82157e-05 1.55746e-05 3.1178e-06 5.53347e-07 8.62882e-08 1.13927e-08 1.15293e-09 6.39732e-11 0 
0 0.000259588 0.00186083 0.00542746 0.0106277 0.0171537 0.0246861 0.0328089 0.0410429 0.0488885 0.0558699 0.0615748 0.0656854 0.0680017 0.0684563 0.0671095 0.0641335 0.0597921 0.0544091 0.0483332 0.0419095 0.0354553 0.0292394 0.0234702 0.0182904 0.0137776 0.00994927 0.00677415 0.00420547 0.00225031 0.000974763 0.000332103 9.09786e-05 2.09485e-05 4.19826e-06 7.43112e-07 1.15363e-07 1.51524e-08 1.52518e-09 8.41864e-11 0 
0 0.00029513 0.00205933 0.00588297 0.011419 0.0183669 0.0263876 0.0350378 0.0438072 0.0521646 0.0596044 0.0656854 0.0700613 0.0725208 0.073007 0.0715876 0.068433 0.0638149 0.0580822 0.0516113 0.04477 0.0378958 0.0312754 0.0251313 0.0196161 0.0148136 0.010744 0.00737434 0.00464696 0.00254734 0.00113696 0.000397811 0.000110855 2.57311e-05 5.16854e-06 9.14186e-07 1.41616e-07 1.855e-08 1.86188e-09 1.02495e-10 0 
0 0.000316123 0.00217268 0.00613922 0.0118636 0.0190484 0.0273435 0.0362901 0.0453611 0.0540077 0.0617082 0.0680017 0.0725208 0.0750531 0.0755576 0.0741086 0.0708671 0.0661011 0.0601736 0.0534806 0.0464042 0.039293 0.0324436 0.0260867 0.0203808 0.015413 0.0112056 0.00772487 0.00490786 0.00272755 0.00123949 0.000441152 0.000124399 2.90611e-05 5.85404e-06 1.03643e-06 1.60571e-07 2.10295e-08 2.11052e-09 1.16199e-10 0 
0 0.00032071 0.00219609 0.00618986 0.0119496 0.0191792 0.0275265 0.0365302 0.04566 0.0543641 0.0621179 0.0684563 0.073007 0.0755576 0.076071 0.0746229 0.0713714 0.066582 0.0606201 0.0538859 0.0467645 0.0396066 0.032711 0.0263102 0.0205641 0.0155611 0.0113238 0.00781898 0.00498219 0.0027827 0.00127337 0.000456545 0.00012952 3.03908e-05 6.14198e-06 1.09041e-06 1.69385e-07 2.22468e-08 2.23978e-09 1.23766e-10 0 
0 0.000309098 0.00213204 0.00604168 0.011689 0.0187775 0.0269622 0.0357913 0.0447451 0.0532823 0.060888 0.0671095 0.0715876 0.0741086 0.0746229 0.0732015 0.0700086 0.0653133 0.059472 0.0528724 0.0458905 0.0388708 0.0321065 0.0258261 0.0201864 0.0152745 0.0111125 0.00766785 0.00487852 0.00271784 0.00124018 0.000444004 0.000126076 2.96702e-05 6.02256e-06 1.07492e-06 1.68001e-07 2.22168e-08 2.25388e-09 1.25599e-10 0 
0 0.000283318 0.0019893 0.00571303 0.0111145 0.0178943 0.0257225 0.0341679 0.0427335 0.0509013 0.0581778 0.0641335 0.068433 0.0708671 0.0713714 0.0700086 0.066949 0.0624607 0.0568811 0.0505744 0.0438993 0.0371857 0.0307144 0.0247038 0.019304 0.0145982 0.0106071 0.00729946 0.00461895 0.00255009 0.00115119 0.00040891 0.000115881 2.73674e-05 5.59586e-06 1.00855e-06 1.5945e-07 2.13594e-08 2.19762e-09 1.24328e-10 0 
0 0.000246822 0.00178183 0.00523142 0.0102752 0.0166064 0.023916 0.0318025 0.0398021 0.0474312 0.054228 0.0597921 0.0638149 0.0661011 0.066582 0.0653133 0.0624607 0.0582785 0.0530782 0.0471968 0.0409693 0.0347039 0.0286626 0.0230488 0.0180027 0.013601 0.00986219 0.00675689 0.00423851 0.00230791 0.00102601 0.000360883 0.000102242 2.43457e-05 5.04813e-06 9.26025e-07 1.49366e-07 2.04465e-08 2.15187e-09 1.24582e-10 0 
0 0.00020395 0.00152769 0.00463073 0.00923098 0.0150077 0.0216754 0.0288695 0.0361676 0.0431285 0.0493309 0.0544091 0.0580822 0.0601736 0.0606201 0.059472 0.0568811 0.0530782 0.0483458 0.0429913 0.0373201 0.031613 0.0261084 0.0209913 0.0163885 0.0123685 0.00894674 0.0060967 0.00378517 0.00203076 0.000890821 0.00031221 8.92865e-05 2.16859e-05 4.61623e-06 8.72313e-07 1.45149e-07 2.04971e-08 2.223e-09 1.32374e-10 0 
0 0.000159311 0.00124787 0.00394868 0.00804611 0.0131995 0.0191445 0.0255581 0.0320648 0.0382717 0.0438031 0.0483332 0.0516113 0.0534806 0.0538859 0.0528724 0.0505744 0.0471968 0.0429913 0.0382318 0.0331904 0.028117 0.0232235 0.0186734 0.0145782 0.0109969 0.00794087 0.00538823 0.00332061 0.00176847 0.00077635 0.000276389 8.14493e-05 2.05626e-05 4.5635e-06 8.98315e-07 1.55223e-07 2.26633e-08 2.52874e-09 1.54134e-10 0 
0 0.000117126 0.000964833 0.00322519 0.00678392 0.0112815 0.0164652 0.0220555 0.0277267 0.0331368 0.0379591 0.0419095 0.04477 0.0464042 0.0467645 0.0458905 0.0438993 0.0409693 0.0373201 0.0331904 0.0288175 0.0244188 0.0201782 0.0162371 0.0126902 0.00958601 0.00693265 0.00471365 0.00292035 0.0015792 0.000715867 0.000267527 8.34188e-05 2.22489e-05 5.1786e-06 1.05919e-06 1.88412e-07 2.80857e-08 3.17711e-09 1.9521e-10 0 
0 8.06356e-05 0.000700426 0.00250184 0.00550293 0.00934371 0.0137669 0.0185326 0.023366 0.0279769 0.0320871 0.0354553 0.0378958 0.039293 0.0396066 0.0388708 0.0371857 0.0347039 0.031613 0.028117 0.0244188 0.020704 0.0171289 0.0138131 0.0108351 0.00823456 0.00601742 0.00416846 0.00267042 0.00152452 0.000743644 0.000300872 0.000100558 2.82156e-05 6.78081e-06 1.41078e-06 2.5256e-07 3.76111e-08 4.22954e-09 2.57503e-10 0 
0 5.1704e-05 0.000473051 0.00182176 0.00425638 0.00746102 0.0111573 0.0151334 0.0191628 0.0230057 0.0264315 0.0292394 0.0312754 0.0324436 0.032711 0.0321065 0.0307144 0.0286626 0.0261084 0.0232235 0.0201782 0.0171289 0.0142069 0.0115124 0.00911289 0.00704625 0.00531732 0.00388636 0.00268526 0.00167936 0.000901152 0.000396021 0.000139806 4.01966e-05 9.68226e-06 1.9937e-06 3.50965e-07 5.12381e-08 5.64228e-09 3.36359e-10 0 
0 3.07163e-05 0.000294456 0.00122737 0.00309603 0.00569197 0.00871775 0.0119675 0.0152553 0.0183886 0.021181 0.0234702 0.0251313 0.0260867 0.0263102 0.0258261 0.0247038 0.0230488 0.0209913 0.0186734 0.0162371 0.0138131 0.0115124 0.00942463 0.00762803 0.00619896 0.00515712 0.00434141 0.00345069 0.00237736 0.00134573 0.000608237 0.000215598 6.06664e-05 1.41034e-05 2.79849e-06 4.7605e-07 6.73455e-08 7.20366e-09 4.18127e-10 0 
0 1.683e-05 0.000167525 0.000753267 0.00207728 0.00408519 0.00650206 0.0091068 0.011736 0.0142373 0.0164647 0.0182904 0.0196161 0.0203808 0.0205641 0.0201864 0.019304 0.0180027 0.0163885 0.0145782 0.0126902 0.0108351 0.00911289 0.00762803 0.00655767 0.00623306 0.00689674 0.00788051 0.0076126 0.00553844 0.00296049 0.00119835 0.000380126 9.61648e-05 2.02757e-05 3.73548e-06 6.03763e-07 8.22265e-08 8.52204e-09 4.81212e-10 0 
0 8.47574e-06 8.65836e-05 0.000415329 0.00125641 0.00269372 0.00454702 0.00658809 0.0086517 0.0106104 0.0123515 0.0137776 0.0148136 0.015413 0.0155611 0.0152745 0.0145982 0.013601 0.0123685 0.0109969 0.00958601 0.00823456 0.00704625 0.00619896 0.00623306 0.00850359 0.0141687 0.0207169 0.0221432 0.0163434 0.00825892 0.00292814 0.000775058 0.000162729 2.87958e-05 4.65117e-06 6.96536e-07 9.083e-08 9.13174e-09 5.02958e-10 0 
0 3.91506e-06 4.05254e-05 0.000203886 0.000670471 0.00158287 0.00289599 0.00442989 0.00601208 0.00751838 0.00885553 0.00994927 0.010744 0.0112056 0.0113238 0.0111125 0.0106071 0.00986219 0.00894674 0.00794087 0.00693265 0.00601742 0.00531732 0.00515712 0.00689674 0.0141687 0.0299072 0.0481052 0.0539419 0.0388074 0.0192663 0.00647243 0.00152732 0.000271666 3.95159e-05 5.33543e-06 7.17617e-07 8.90559e-08 8.71669e-09 4.7077e-10 0 
0 1.65744e-06 1.71747e-05 8.88893e-05 0.000311504 0.000804905 0.00161664 0.00266826 0.00381908 0.00494307 0.00594929 0.00677415 0.00737434 0.00772487 0.00781898 0.00766785 0.00729946 0.00675689 0.0060967 0.00538823 0.00471365 0.00416846 0.00388636 0.00434141 0.00788051 0.0207169 0.0481052 0.0780133 0.0843373 0.0649723 0.0316237 0.0104449 0.00235239 0.000380653 4.78767e-05 5.44203e-06 6.47937e-07 7.63518e-08 7.3207e-09 3.90548e-10 0 
0 6.43308e-07 6.60457e-06 3.45346e-05 0.000125837 0.000348395 0.000763627 0.00137463 0.00211485 0.00288747 0.00360542 0.00420547 0.00464696 0.00490786 0.00498219 0.00487852 0.00461895 0.00423851 0.00378517 0.00332061 0.00292035 0.00267042 0.00268526 0.00345069 0.0076126 0.0221432 0.0539419 0.0843373 0.0889206 0.0730479 0.0351905 0.0115177 0.00255257 0.000395813 4.58667e-05 4.63124e-06 4.99406e-07 5.65086e-08 5.36132e-09 2.85069e-10 0 
0 2.29141e-07 2.31227e-06 1.2039e-05 4.45834e-05 0.000128646 0.000300676 0.00058451 0.000970513 0.00141512 0.00185972 0.00225031 0.00254734 0.00272755 0.0027827 0.00271784 0.00255009 0.00230791 0.00203076 0.00176847 0.0015792 0.00152452 0.00167936 0.00237736 0.00553844 0.0163434 0.0388074 0.0649723 0.0730479 0.052772 0.0259565 0.00852985 0.00188475 0.000288117 3.2258e-05 3.09224e-06 3.19475e-07 3.57357e-08 3.40445e-09 1.82234e-10 0 
0 7.49855e-08 7.39554e-07 3.7946e-06 1.40355e-05 4.11735e-05 9.97244e-05 0.000204128 0.000359953 0.000557345 0.000772342 0.000974763 0.00113696 0.00123949 0.00127337 0.00124018 0.00115119 0.00102601 0.000890821 0.00077635 0.000715867 0.000743644 0.000901152 0.00134573 0.00296049 0.00825892 0.0192663 0.0316237 0.0351905 0.0259565 0.0128199 0.00422454 0.000938345 0.0001438 1.61327e-05 1.56973e-06 1.67084e-07 1.92238e-08 1.87018e-09 1.018e-10 0 
0 2.25608e-08 2.1668e-07 1.08833e-06 3.97464e-06 1.16455e-05 2.85475e-05 5.99095e-05 0.000109395 0.000176295 0.000254176 0.000332103 0.000397811 0.000441152 0.000456545 0.000444004 0.00040891 0.000360883 0.00031221 0.000276389 0.000267527 0.000300872 0.000396021 0.000608237 0.00119835 0.00292814 0.00647243 0.0104449 0.0115177 0.00852985 0.00422454 0.00140275 0.000315429 4.92018e-05 5.75451e-06 6.11211e-07 7.20111e-08 8.82533e-09 8.89419e-10 4.96737e-11 0 
0 6.23869e-09 5.82267e-08 2.85181e-07 1.02132e-06 2.95644e-06 7.22263e-06 1.52407e-05 2.82031e-05 4.63166e-05 6.82157e-05 9.09786e-05 0.000110855 0.000124399 0.00012952 0.000126076 0.000115881 0.000102242 8.92865e-05 8.14493e-05 8.34188e-05 0.000100558 0.000139806 0.000215598 0.000380126 0.000775058 0.00152732 0.00235239 0.00255257 0.00188475 0.000938345 0.000315429 7.24122e-05 1.18041e-05 1.52703e-06 1.91769e-07 2.62591e-08 3.48619e-09 3.67104e-10 2.11831e-11 0 
0 1.58207e-09 1.43357e-08 6.8332e-08 2.39103e-07 6.79748e-07 1.64056e-06 3.44099e-06 6.3654e-06 1.04982e-05 1.55746e-05 2.09485e-05 2.57311e-05 2.90611e-05 3.03908e-05 2.96702e-05 2.73674e-05 2.43457e-05 2.16859e-05 2.05626e-05 2.22489e-05 2.82156e-05 4.01966e-05 6.06664e-05 9.61648e-05 0.000162729 0.000271666 0.000380653 0.000395813 0.000288117 0.0001438 4.92018e-05 1.18041e-05 2.12545e-06 3.31032e-07 5.20867e-08 8.3221e-09 1.19381e-09 1.31787e-10 7.89557e-12 0 
0 3.65927e-10 3.21895e-09 1.49226e-08 5.09359e-08 1.41799e-07 3.36593e-07 6.97523e-07 1.28042e-06 2.10352e-06 3.1178e-06 4.19826e-06 5.16854e-06 5.85404e-06 6.14198e-06 6.02256e-06 5.59586e-06 5.04813e-06 4.61623e-06 4.5635e-06 5.1786e-06 6.78081e-06 9.68226e-06 1.41034e-05 2.02757e-05 2.87958e-05 3.95159e-05 4.78767e-05 4.58667e-05 3.2258e-05 1.61327e-05 5.75451e-06 1.52703e-06 3.31032e-07 6.61523e-08 1.28623e-08 2.3173e-09 3.55217e-10 4.1134e-11 2.56686e-12 0 
0 7.63499e-11 6.52349e-10 2.94187e-09 9.79197e-09 2.66642e-08 6.2129e-08 1.26846e-07 2.30234e-07 3.75233e-07 5.53347e-07 7.43112e-07 9.14186e-07 1.03643e-06 1.09041e-06 1.07492e-06 1.00855e-06 9.26025e-07 8.72313e-07 8.98315e-07 1.05919e-06 1.41078e-06 1.9937e-06 2.79849e-06 3.73548e-06 4.65117e-06 5.33543e-06 5.44203e-06 4.63124e-06 3.09224e-06 1.56973e-06 6.11211e-07 1.91769e-07 5.20867e-08 1.28623e-08 2.87851e-09 5.63165e-10 9.13951e-11 1.10997e-11 7.22708e-13 0 
0 1.40645e-11 1.16829e-10 5.1291e-10 1.66548e-09 4.43602e-09 1.01403e-08 2.03749e-08 3.65106e-08 5.89245e-08 8.62882e-08 1.15363e-07 1.41616e-07 1.60571e-07 1.69385e-07 1.68001e-07 1.5945e-07 1.49366e-07 1.45149e-07 1.55223e-07 1.88412e-07 2.5256e-07 3.50965e-07 4.7605e-07 6.03763e-07 6.96536e-07 7.17617e-07 6.47937e-07 4.99406e-07 3.19475e-07 1.67084e-07 7.20111e-08 2.62591e-08 8.3221e-09 2.3173e-09 5.63165e-10 1.17115e-10 2.00169e-11 2.54783e-12 1.73191e-13 0 
0 2.18897e-12 1.76987e-11 7.57294e-11 2.40109e-10 6.25915e-10 1.404e-09 2.77604e-09 4.90908e-09 7.84048e-09 1.13927e-08 1.51524e-08 1.855e-08 2.10295e-08 2.22468e-08 2.22168e-08 2.13594e-08 2.04465e-08 2.04971e-08 2.26633e-08 2.80857e-08 3.76111e-08 5.12381e-08 6.73455e-08 8.22265e-08 9.083e-08 8.90559e-08 7.63518e-08 5.65086e-08 3.57357e-08 1.92238e-08 8.82533e-09 3.48619e-09 1.19381e-09 3.55217e-10 9.13951e-11 2.00169e-11 3.59144e-12 4.78492e-13 3.39443e-14 0 
0 2.59571e-13 2.0456e-12 8.5418e-12 2.64758e-11 6.76122e-11 1.48928e-10 2.89892e-10 5.0599e-10 7.99736e-10 1.15293e-09 1.52518e-09 1.86188e-09 2.11052e-09 2.23978e-09 2.25388e-09 2.19762e-09 2.15187e-09 2.223e-09 2.52874e-09 3.17711e-09 4.22954e-09 5.64228e-09 7.20366e-09 8.52204e-09 9.13174e-09 8.71669e-09 7.3207e-09 5.36132e-09 3.40445e-09 1.87018e-09 8.89419e-10 3.67104e-10 1.31787e-10 4.1134e-11 1.10997e-11 2.54783e-12 4.78492e-13 6.66065e-14 4.92577e-15 0 
0 1.67415e-14 1.28779e-13 5.25522e-13 1.59447e-12 3.99355e-12 8.6461e-12 1.65804e-11 2.85798e-11 4.47173e-11 6.39732e-11 8.41864e-11 1.02495e-10 1.16199e-10 1.23766e-10 1.25599e-10 1.24328e-10 1.24582e-10 1.32374e-10 1.54134e-10 1.9521e-10 2.57503e-10 3.36359e-10 4.18127e-10 4.81212e-10 5.02958e-10 4.7077e-10 3.90548e-10 2.85069e-10 1.82234e-10 1.018e-10 4.96737e-11 2.11831e-11 7.89557e-12 2.56686e-12 7.22708e-13 1.73191e-13 3.39443e-14 4.92577e-15 3.79153e-16 0 
0 0 0 0 0 0 0 0 0 0 0 0 0 0 0 0 0 0 0 0 0 0 0 0 0 0 0 0 0 0 0 0 0 0 0 0 0 0 0 0 0 
