0 0 0 0 0 0 0 0 0 0 0 0 0 0 0 0 0 0 0 0 0 0 0 0 0 0 0 0 0 0 0 0 0 0 0 0 0 0 0 0 0 
0 4.54204e-07 4.03158e-06 1.76408e-05 5.28336e-05 0.000120968 0.000225801 0.000360569 0.000511348 0.000662371 0.000799669 0.000912532 0.00099372 0.0010392 0.00104779 0.00102079 0.000961668 0.000875622 0.000769263 0.000650186 0.000526515 0.000406324 0.000296895 0.000203877 0.000130516 7.72582e-05 4.19676e-05 2.07898e-05 9.35062e-06 3.80945e-06 1.40486e-06 4.69111e-07 1.41867e-07 3.88113e-08 9.56647e-09 2.10438e-09 4.04934e-10 6.5321e-11 7.97629e-12 5.26938e-13 0 
0 4.03158e-06 3.64876e-05 0.0001566 0.000439731 0.000913062 0.00152855 0.00220683 0.00288091 0.00350451 0.00404489 0.00447735 0.00478383 0.00495363 0.00498406 0.00488044 0.00465516 0.00432612 0.00391461 0.00344345 0.00293547 0.00241303 0.00189853 0.00141522 0.000986872 0.000634573 0.000370895 0.000194672 9.10334e-05 3.78198e-05 1.39809e-05 4.61737e-06 1.36815e-06 3.64568e-07 8.72426e-08 1.86066e-08 3.471e-09 5.43222e-10 6.44365e-11 4.14169e-12 0 
0 1.76408e-05 0.0001566 0.000620286 0.00153134 0.00277861 0.00418102 0.00562558 0.00704249 0.00836637 0.00953017 0.0104725 0.0111455 0.0115196 0.011586 0.0113558 0.0108581 0.0101354 0.00923957 0.00822572 0.00714729 0.00605112 0.0049744 0.0039445 0.00298344 0.00211618 0.00137664 0.000801454 0.000408904 0.000180696 6.91256e-05 2.30707e-05 6.78918e-06 1.77681e-06 4.14972e-07 8.61096e-08 1.56135e-08 2.37574e-09 2.74266e-10 1.71816e-11 0 
0 5.28336e-05 0.000439731 0.00153134 0.00328909 0.00541923 0.0077605 0.0102192 0.0126789 0.0150033 0.0170579 0.0187258 0.0199182 0.0205815 0.020699 0.0202905 0.0194076 0.018127 0.0165419 0.0147528 0.0128591 0.0109514 0.00910452 0.00737276 0.00578694 0.00435766 0.00308951 0.00200356 0.00114693 0.000561348 0.000231154 8.03711e-05 2.39736e-05 6.24171e-06 1.43425e-06 2.91143e-07 5.15141e-08 7.64461e-09 8.61179e-10 5.2704e-11 0 
0 0.000120968 0.000913062 0.00277861 0.00541923 0.00856121 0.0120908 0.0158498 0.0196297 0.0232077 0.0263722 0.0289417 0.0307791 0.031801 0.0319819 0.0313523 0.0299917 0.0280185 0.0255765 0.0228212 0.0199067 0.0169743 0.0141439 0.0115078 0.00912636 0.00702533 0.00519743 0.0036193 0.00228919 0.00125521 0.000572701 0.000214001 6.62839e-05 1.74449e-05 3.98422e-06 7.96509e-07 1.38192e-07 2.00764e-08 2.21389e-09 1.32726e-10 0 
0 0.000225801 0.00152855 0.00418102 0.0077605 0.0120908 0.017014 0.0222743 0.027568 0.0325801 0.0370136 0.0406141 0.0431903 0.0446259 0.0448805 0.0439949 0.0420856 0.03932 0.0358985 0.0320386 0.0279562 0.0238499 0.0198885 0.0162036 0.012886 0.00998416 0.00750319 0.00540725 0.00364241 0.00219171 0.00111216 0.000455649 0.000149809 4.05246e-05 9.30096e-06 1.84466e-06 3.1547e-07 4.50515e-08 4.87972e-09 2.87432e-10 0 
0 0.000360569 0.00220683 0.00562558 0.0102192 0.0158498 0.0222743 0.0291432 0.0360567 0.0426032 0.0484021 0.0531924 0.05693 0.0593299 0.0597972 0.0582494 0.0552661 0.0514471 0.0469414 0.0418964 0.0365647 0.0312023 0.0260299 0.0212202 0.0168933 0.0131176 0.00991139 0.00724403 0.00504181 0.00322571 0.00178816 0.000805042 0.000284811 8.03015e-05 1.87124e-05 3.70793e-06 6.28285e-07 8.85586e-08 9.4542e-09 5.48793e-10 0 
0 0.000511348 0.00288091 0.00704249 0.0126789 0.0196297 0.027568 0.0360567 0.0446014 0.0527143 0.0602921 0.0682088 0.0748426 0.0783482 0.0789741 0.0769533 0.0720608 0.0650586 0.0582484 0.0518327 0.0452307 0.0386033 0.0322116 0.0262688 0.0209241 0.0162635 0.0123146 0.00905192 0.0063986 0.00424259 0.0025055 0.00122445 0.000467245 0.000138468 3.3021e-05 6.57669e-06 1.10921e-06 1.54898e-07 1.63519e-08 9.38125e-10 0 
0 0.000662371 0.00350451 0.00836637 0.0150033 0.0232077 0.0325801 0.0426032 0.0527143 0.0628846 0.0748788 0.0837667 0.0880488 0.0899995 0.0903751 0.0893137 0.0865367 0.0809709 0.0712441 0.0615284 0.0534531 0.0456126 0.0380657 0.0310497 0.0247405 0.0192402 0.0145837 0.0107471 0.00765271 0.00517469 0.00318503 0.00165881 0.000677907 0.000211514 5.18457e-05 1.04228e-05 1.75614e-06 2.4376e-07 2.55208e-08 1.45101e-09 0 
0 0.000799669 0.00404489 0.00953017 0.0170579 0.0263722 0.0370136 0.0484021 0.0602921 0.0748788 0.0860745 0.0913975 0.0942807 0.0957053 0.0960037 0.09525 0.0933268 0.0898236 0.0835658 0.0721382 0.0609399 0.0518229 0.0432452 0.0352794 0.0281167 0.0218732 0.0165892 0.0122407 0.00874785 0.00597854 0.00377566 0.00205803 0.000889527 0.000290949 7.33366e-05 1.49125e-05 2.51644e-06 3.48084e-07 3.62353e-08 2.04667e-09 0 
0 0.000912532 0.00447735 0.0104725 0.0187258 0.0289417 0.0406141 0.0531924 0.0682088 0.0837667 0.0913975 0.0955029 0.0978798 0.099095 0.0993629 0.0987367 0.0971455 0.0943483 0.0897214 0.0814089 0.0680694 0.0569348 0.047454 0.0387151 0.0308591 0.0240117 0.0182176 0.0134519 0.00963164 0.00662088 0.00424653 0.0023865 0.00107554 0.000365668 9.44904e-05 1.94336e-05 3.28868e-06 4.54191e-07 4.71107e-08 2.64916e-09 0 
0 0.00099372 0.00478383 0.0111455 0.0199182 0.0307791 0.0431903 0.05693 0.0748426 0.0880488 0.0942807 0.0978798 0.100028 0.101145 0.101399 0.100834 0.0993983 0.0969106 0.0929332 0.0862897 0.0740848 0.0608028 0.0504714 0.0411736 0.0328214 0.025542 0.0193828 0.0143181 0.0102623 0.00707647 0.00457917 0.00262263 0.00121558 0.000424984 0.000111941 2.32424e-05 3.94541e-06 5.44736e-07 5.6396e-08 3.16318e-09 0 
0 0.0010392 0.00495363 0.0115196 0.0205815 0.031801 0.0446259 0.0593299 0.0783482 0.0899995 0.0957053 0.099095 0.101145 0.102219 0.102467 0.10193 0.100562 0.0982067 0.0944936 0.0884749 0.0774272 0.0631656 0.0521598 0.0425432 0.0339149 0.0263949 0.0200324 0.0148011 0.0106138 0.00732994 0.0047642 0.00275579 0.00129726 0.000460998 0.000122874 2.56751e-05 4.36958e-06 6.03616e-07 6.2463e-08 3.50035e-09 0 
0 0.00104779 0.00498406 0.011586 0.020699 0.0319819 0.0448805 0.0597972 0.0789741 0.0903751 0.0960037 0.0993629 0.101399 0.102467 0.102714 0.102181 0.100824 0.098488 0.0948141 0.0888872 0.0780377 0.0636177 0.0524644 0.0427898 0.0341122 0.0265493 0.0201505 0.0148894 0.0106786 0.00737758 0.00480039 0.00278366 0.00131582 0.000469822 0.000125718 2.63382e-05 4.48978e-06 6.20886e-07 6.43012e-08 3.60578e-09 0 
0 0.00102079 0.00488044 0.0113558 0.0202905 0.0313523 0.0439949 0.0582494 0.0769533 0.0893137 0.09525 0.0987367 0.100834 0.10193 0.102181 0.101632 0.100231 0.0978144 0.0939821 0.0876937 0.0760781 0.0621265 0.0514305 0.041954 0.033446 0.0260306 0.0197565 0.0145976 0.0104677 0.00722768 0.00469421 0.00271076 0.00127327 0.000451833 0.000120457 2.52101e-05 4.30056e-06 5.95692e-07 6.18199e-08 3.47454e-09 0 
0 0.000961668 0.00465516 0.0108581 0.0194076 0.0299917 0.0420856 0.0552661 0.0720608 0.0865367 0.0933268 0.0971455 0.0993983 0.100562 0.100824 0.100231 0.0987253 0.096101 0.0918506 0.0845442 0.0715364 0.0591316 0.0492008 0.0401424 0.0320013 0.0249054 0.0189011 0.0139634 0.0100083 0.00689936 0.00445922 0.00254755 0.00117748 0.000411266 0.000108535 2.26274e-05 3.86115e-06 5.36181e-07 5.58455e-08 3.15176e-09 0 
0 0.000875622 0.00432612 0.0101354 0.018127 0.0280185 0.03932 0.0514471 0.0650586 0.0809709 0.0898236 0.0943483 0.0969106 0.0982067 0.098488 0.0978144 0.096101 0.0930575 0.0879018 0.0783007 0.0653282 0.0551154 0.0459753 0.0375133 0.0299047 0.0232724 0.0176598 0.0130428 0.00934065 0.00642055 0.00411524 0.00231035 0.00104158 0.000355383 9.2448e-05 1.91758e-05 3.27531e-06 4.56727e-07 4.78442e-08 2.71776e-09 0 
0 0.000769263 0.00391461 0.00923957 0.0165419 0.0255765 0.0358985 0.0469414 0.0582484 0.0712441 0.0835658 0.0897214 0.0929332 0.0944936 0.0948141 0.0939821 0.0918506 0.0879018 0.080557 0.068964 0.0590308 0.0503029 0.041987 0.0342593 0.02731 0.021252 0.0161245 0.0119043 0.00851397 0.00582569 0.00368824 0.00202194 0.000883442 0.00029334 7.51677e-05 1.5533e-05 2.66191e-06 3.73795e-07 3.95002e-08 2.26512e-09 0 
0 0.000650186 0.00344345 0.00822572 0.0147528 0.0228212 0.0320386 0.0418964 0.0518327 0.0615284 0.0721382 0.0814089 0.0862897 0.0884749 0.0888872 0.0876937 0.0845442 0.0783007 0.068964 0.0604083 0.0526113 0.0449089 0.0374882 0.0305889 0.0243842 0.0189747 0.014395 0.0106223 0.0075824 0.00515492 0.00321234 0.0017134 0.00072487 0.00023486 5.95525e-05 1.23186e-05 2.12744e-06 3.02033e-07 3.23093e-08 1.876e-09 0 
0 0.000526515 0.00293547 0.00714729 0.0128591 0.0199067 0.0279562 0.0365647 0.0452307 0.0534531 0.0609399 0.0680694 0.0740848 0.0774272 0.0780377 0.0760781 0.0715364 0.0653282 0.0590308 0.0526113 0.045925 0.0392088 0.0327312 0.0267087 0.0212926 0.0165704 0.0125712 0.00927254 0.0066039 0.00445784 0.00273584 0.00142643 0.000590167 0.000188881 4.78951e-05 9.99252e-06 1.7478e-06 2.51644e-07 2.72957e-08 1.60564e-09 0 
0 0.000406324 0.00241303 0.00605112 0.0109514 0.0169743 0.0238499 0.0312023 0.0386033 0.0456126 0.0518229 0.0569348 0.0608028 0.0631656 0.0636177 0.0621265 0.0591316 0.0551154 0.0503029 0.0449089 0.0392088 0.0334763 0.027948 0.0228088 0.0181882 0.0141611 0.0107519 0.00793767 0.00565342 0.00380942 0.00233058 0.00121271 0.000503003 0.000162336 4.16726e-05 8.81109e-06 1.56062e-06 2.27173e-07 2.4868e-08 1.47362e-09 0 
0 0.000296895 0.00189853 0.0049744 0.00910452 0.0141439 0.0198885 0.0260299 0.0322116 0.0380657 0.0432452 0.047454 0.0504714 0.0521598 0.0524644 0.0514305 0.0492008 0.0459753 0.041987 0.0374882 0.0327312 0.027948 0.0233365 0.0190524 0.0152079 0.0118762 0.00908562 0.0067991 0.004923 0.00337029 0.00210168 0.00112408 0.000480859 0.000159047 4.14221e-05 8.81318e-06 1.56284e-06 2.27102e-07 2.47747e-08 1.46145e-09 0 
0 0.000203877 0.00141522 0.0039445 0.00737276 0.0115078 0.0162036 0.0212202 0.0262688 0.0310497 0.0352794 0.0387151 0.0411736 0.0425432 0.0427898 0.041954 0.0401424 0.0375133 0.0342593 0.0305889 0.0267087 0.0228088 0.0190524 0.0155749 0.0125053 0.00999134 0.00812285 0.00671292 0.00532519 0.0037718 0.00231777 0.00122814 0.000533736 0.000179171 4.66129e-05 9.79442e-06 1.7075e-06 2.43712e-07 2.61283e-08 1.51628e-09 0 
0 0.000130516 0.000986872 0.00298344 0.00578694 0.00912636 0.012886 0.0168933 0.0209241 0.0247405 0.0281167 0.0308591 0.0328214 0.0339149 0.0341122 0.033446 0.0320013 0.0299047 0.02731 0.0243842 0.0212926 0.0181882 0.0152079 0.0125053 0.01038 0.00941876 0.0100503 0.0112925 0.0108567 0.00792151 0.00431155 0.00187323 0.000707243 0.000223342 5.57885e-05 1.12859e-05 1.90247e-06 2.63723e-07 2.75575e-08 1.56336e-09 0 
0 7.72582e-05 0.000634573 0.00211618 0.00435766 0.00702533 0.00998416 0.0131176 0.0162635 0.0192402 0.0218732 0.0240117 0.025542 0.0263949 0.0265493 0.0260306 0.0249054 0.0232724 0.021252 0.0189747 0.0165704 0.0141611 0.0118762 0.00999134 0.00941876 0.012248 0.0200719 0.0344628 0.0416918 0.0234283 0.0116724 0.00419025 0.00119349 0.000304864 6.74696e-05 1.26366e-05 2.02664e-06 2.71385e-07 2.75961e-08 1.52996e-09 0 
0 4.19676e-05 0.000370895 0.00137664 0.00308951 0.00519743 0.00750319 0.00991139 0.0123146 0.0145837 0.0165892 0.0182176 0.0193828 0.0200324 0.0201505 0.0197565 0.0189011 0.0176598 0.0161245 0.014395 0.0125712 0.0107519 0.00908562 0.00812285 0.0100503 0.0200719 0.0494658 0.0774069 0.0794709 0.0692409 0.0274976 0.009139 0.00220119 0.000439548 7.98999e-05 1.31889e-05 1.97394e-06 2.54774e-07 2.52903e-08 1.37576e-09 0 
0 2.07898e-05 0.000194672 0.000801454 0.00200356 0.0036193 0.00540725 0.00724403 0.00905192 0.0107471 0.0122407 0.0134519 0.0143181 0.0148011 0.0148894 0.0145976 0.0139634 0.0130428 0.0119043 0.0106223 0.00927254 0.00793767 0.0067991 0.00671292 0.0112925 0.0344628 0.0774069 0.0852823 0.0861937 0.0819981 0.059801 0.0147335 0.00333904 0.000575726 8.69618e-05 1.23685e-05 1.70462e-06 2.12332e-07 2.07091e-08 1.11294e-09 0 
0 9.35062e-06 9.10334e-05 0.000408904 0.00114693 0.00228919 0.00364241 0.00504181 0.0063986 0.00765271 0.00874785 0.00963164 0.0102623 0.0106138 0.0106786 0.0104677 0.0100083 0.00934065 0.00851397 0.0075824 0.0066039 0.00565342 0.004923 0.00532519 0.0108567 0.0416918 0.0794709 0.0861937 0.0871133 0.0837898 0.0691528 0.0166682 0.00361203 0.000585447 7.8739e-05 9.92069e-06 1.27133e-06 1.54252e-07 1.49245e-08 7.99255e-10 0 
0 3.80945e-06 3.78198e-05 0.000180696 0.000561348 0.00125521 0.00219171 0.00322571 0.00424259 0.00517469 0.00597854 0.00662088 0.00707647 0.00732994 0.00737758 0.00722768 0.00689936 0.00642055 0.00582569 0.00515492 0.00445784 0.00380942 0.00337029 0.0037718 0.00792151 0.0234283 0.0692409 0.0819981 0.0837898 0.0783597 0.0437937 0.0120173 0.00266953 0.00042625 5.45658e-05 6.46508e-06 8.00243e-07 9.65214e-08 9.38155e-09 5.05496e-10 0 
0 1.40486e-06 1.39809e-05 6.91256e-05 0.000231154 0.000572701 0.00111216 0.00178816 0.0025055 0.00318503 0.00377566 0.00424653 0.00457917 0.0047642 0.00480039 0.00469421 0.00445922 0.00411524 0.00368824 0.00321234 0.00273584 0.00233058 0.00210168 0.00231777 0.00431155 0.0116724 0.0274976 0.059801 0.0691528 0.0437937 0.0180555 0.0059571 0.00133762 0.000216623 2.78108e-05 3.32301e-06 4.1981e-07 5.17368e-08 5.12204e-09 2.80375e-10 0 
0 4.69111e-07 4.61737e-06 2.30707e-05 8.03711e-05 0.000214001 0.000455649 0.000805042 0.00122445 0.00165881 0.00205803 0.0023865 0.00262263 0.00275579 0.00278366 0.00271076 0.00254755 0.00231035 0.00202194 0.0017134 0.00142643 0.00121271 0.00112408 0.00122814 0.00187323 0.00419025 0.009139 0.0147335 0.0166682 0.0120173 0.0059571 0.00198871 0.000459129 7.72236e-05 1.04569e-05 1.35432e-06 1.84243e-07 2.37784e-08 2.42725e-09 1.36157e-10 0 
0 1.41867e-07 1.36815e-06 6.78918e-06 2.39736e-05 6.62839e-05 0.000149809 0.000284811 0.000467245 0.000677907 0.000889527 0.00107554 0.00121558 0.00129726 0.00131582 0.00127327 0.00117748 0.00104158 0.000883442 0.00072487 0.000590167 0.000503003 0.000480859 0.000533736 0.000707243 0.00119349 0.00220119 0.00333904 0.00361203 0.00266953 0.00133762 0.000459129 0.000110916 1.99777e-05 3.03685e-06 4.54393e-07 6.87635e-08 9.41921e-09 9.99748e-10 5.78763e-11 0 
0 3.88113e-08 3.64568e-07 1.77681e-06 6.24171e-06 1.74449e-05 4.05246e-05 8.03015e-05 0.000138468 0.000211514 0.000290949 0.000365668 0.000424984 0.000460998 0.000469822 0.000451833 0.000411266 0.000355383 0.00029334 0.00023486 0.000188881 0.000162336 0.000159047 0.000179171 0.000223342 0.000304864 0.000439548 0.000575726 0.000585447 0.00042625 0.000216623 7.72236e-05 1.99777e-05 4.06829e-06 7.40837e-07 1.31734e-07 2.21982e-08 3.23273e-09 3.58436e-10 2.15254e-11 0 
0 9.56647e-09 8.72426e-08 4.14972e-07 1.43425e-06 3.98422e-06 9.30096e-06 1.87124e-05 3.3021e-05 5.18457e-05 7.33366e-05 9.44904e-05 0.000111941 0.000122874 0.000125718 0.000120457 0.000108535 9.2448e-05 7.51677e-05 5.95525e-05 4.78951e-05 4.16726e-05 4.14221e-05 4.66129e-05 5.57885e-05 6.74696e-05 7.98999e-05 8.69618e-05 7.8739e-05 5.45658e-05 2.78108e-05 1.04569e-05 3.03685e-06 7.40837e-07 1.64596e-07 3.394e-08 6.24413e-09 9.62999e-10 1.11786e-10 6.98793e-12 0 
0 2.10438e-09 1.86066e-08 8.61096e-08 2.91143e-07 7.96509e-07 1.84466e-06 3.70793e-06 6.57669e-06 1.04228e-05 1.49125e-05 1.94336e-05 2.32424e-05 2.56751e-05 2.63382e-05 2.52101e-05 2.26274e-05 1.91758e-05 1.5533e-05 1.23186e-05 9.99252e-06 8.81109e-06 8.81318e-06 9.79442e-06 1.12859e-05 1.26366e-05 1.31889e-05 1.23685e-05 9.92069e-06 6.46508e-06 3.32301e-06 1.35432e-06 4.54393e-07 1.31734e-07 3.394e-08 7.73967e-09 1.52394e-09 2.479e-10 3.01507e-11 1.96571e-12 0 
0 4.04934e-10 3.471e-09 1.56135e-08 5.15141e-08 1.38192e-07 3.1547e-07 6.28285e-07 1.10921e-06 1.75614e-06 2.51644e-06 3.28868e-06 3.94541e-06 4.36958e-06 4.48978e-06 4.30056e-06 3.86115e-06 3.27531e-06 2.66191e-06 2.12744e-06 1.7478e-06 1.56062e-06 1.56284e-06 1.7075e-06 1.90247e-06 2.02664e-06 1.97394e-06 1.70462e-06 1.27133e-06 8.00243e-07 4.1981e-07 1.84243e-07 6.87635e-08 2.21982e-08 6.24413e-09 1.52394e-09 3.17458e-10 5.4314e-11 6.91974e-12 4.70831e-13 0 
0 6.5321e-11 5.43222e-10 2.37574e-09 7.64461e-09 2.00764e-08 4.50515e-08 8.85586e-08 1.54898e-07 2.4376e-07 3.48084e-07 4.54191e-07 5.44736e-07 6.03616e-07 6.20886e-07 5.95692e-07 5.36181e-07 4.56727e-07 3.73795e-07 3.02033e-07 2.51644e-07 2.27173e-07 2.27102e-07 2.43712e-07 2.63723e-07 2.71385e-07 2.54774e-07 2.12332e-07 1.54252e-07 9.65214e-08 5.17368e-08 2.37784e-08 9.41921e-09 3.23273e-09 9.62999e-10 2.479e-10 5.4314e-11 9.74939e-12 1.29967e-12 9.22618e-14 0 
0 7.97629e-12 6.44365e-11 2.74266e-10 8.61179e-10 2.21389e-09 4.87972e-09 9.4542e-09 1.63519e-08 2.55208e-08 3.62353e-08 4.71107e-08 5.6396e-08 6.2463e-08 6.43012e-08 6.18199e-08 5.58455e-08 4.78442e-08 3.95002e-08 3.23093e-08 2.72957e-08 2.4868e-08 2.47747e-08 2.61283e-08 2.75575e-08 2.75961e-08 2.52903e-08 2.07091e-08 1.49245e-08 9.38155e-09 5.12204e-09 2.42725e-09 9.99748e-10 3.58436e-10 1.11786e-10 3.01507e-11 6.91974e-12 1.29967e-12 1.80966e-13 1.33889e-14 0 
0 5.26938e-13 4.14169e-12 1.71816e-11 5.2704e-11 1.32726e-10 2.87432e-10 5.48793e-10 9.38125e-10 1.45101e-09 2.04667e-09 2.64916e-09 3.16318e-09 3.50035e-09 3.60578e-09 3.47454e-09 3.15176e-09 2.71776e-09 2.26512e-09 1.876e-09 1.60564e-09 1.47362e-09 1.46145e-09 1.51628e-09 1.56336e-09 1.52996e-09 1.37576e-09 1.11294e-09 7.99255e-10 5.05496e-10 2.80375e-10 1.36157e-10 5.78763e-11 2.15254e-11 6.98793e-12 1.96571e-12 4.70831e-13 9.22618e-14 1.33889e-14 1.0308e-15 0 
0 0 0 0 0 0 0 0 0 0 0 0 0 0 0 0 0 0 0 0 0 0 0 0 0 0 0 0 0 0 0 0 0 0 0 0 0 0 0 0 0 
