0 0 0 0 0 0 0 0 0 0 0 0 0 0 0 0 0 0 0 0 0 0 0 0 0 0 0 0 0 0 0 0 0 0 0 0 0 0 0 0 0 
0 1.42717e-07 1.29682e-06 5.94035e-06 1.90404e-05 4.73644e-05 9.64932e-05 0.000167328 0.000254883 0.000349931 0.000441827 0.000520865 0.000579597 0.000613349 0.000620233 0.000600928 0.000558332 0.000497134 0.000423311 0.000343537 0.000264493 0.000192101 0.000130779 8.28918e-05 4.85961e-05 2.62008e-05 1.29343e-05 5.83049e-06 2.39734e-06 8.99292e-07 3.08038e-07 9.64304e-08 2.75896e-08 7.20194e-09 1.70688e-09 3.63466e-10 6.80975e-11 1.07481e-11 1.28936e-12 8.39585e-14 0 
0 1.29682e-06 1.21811e-05 5.64e-05 0.000177076 0.000418074 0.000790698 0.00126257 0.00177806 0.0022826 0.00273334 0.00309982 0.00336196 0.00350864 0.00353675 0.0034505 0.00326044 0.00298221 0.00263533 0.00224203 0.00182653 0.00141433 0.00103104 0.000699764 0.000436994 0.000248397 0.000127467 5.8789e-05 2.43562e-05 9.08674e-06 3.06486e-06 9.38241e-07 2.61369e-07 6.62713e-08 1.52412e-08 3.14931e-09 5.72933e-10 8.79021e-11 1.02642e-11 6.51554e-13 0 
0 5.94035e-06 5.64e-05 0.000253708 0.000738549 0.00156581 0.00264741 0.00384339 0.0050416 0.00616287 0.00714564 0.00793957 0.00850642 0.00882275 0.00888149 0.00869179 0.0082771 0.00767198 0.00691806 0.00605983 0.00514099 0.00420236 0.00328231 0.00241957 0.00165578 0.0010319 0.000574952 0.000282643 0.000121985 4.63652e-05 1.56466e-05 4.73126e-06 1.29133e-06 3.1932e-07 7.14607e-08 1.43587e-08 2.54088e-09 3.79534e-10 4.32012e-11 2.67712e-12 0 
0 1.90404e-05 0.000177076 0.000738549 0.00190887 0.00358728 0.00554031 0.00760079 0.00965161 0.0115833 0.0132889 0.014674 0.0156659 0.0162197 0.0163215 0.015987 0.0152583 0.0141984 0.0128835 0.0113956 0.00981514 0.00821382 0.00665037 0.00516941 0.00380691 0.00260228 0.0016073 0.000872236 0.000407619 0.000163181 5.64421e-05 1.71268e-05 4.62577e-06 1.12274e-06 2.45578e-07 4.8142e-08 8.30857e-09 1.21103e-09 1.34649e-10 8.16087e-12 0 
0 4.73644e-05 0.000418074 0.00156581 0.00358728 0.00618397 0.00911471 0.0122224 0.0153431 0.0182986 0.0209157 0.0230441 0.0245692 0.0254208 0.0255766 0.025061 0.0239393 0.0223089 0.0202888 0.0180073 0.0155912 0.0131558 0.0107971 0.00858594 0.00656675 0.00476332 0.00319904 0.00192172 0.000994664 0.000432528 0.000157654 4.89754e-05 1.32607e-05 3.1855e-06 6.8486e-07 1.3153e-07 2.22127e-08 3.16814e-09 3.44926e-10 2.04921e-11 0 
0 9.64932e-05 0.000790698 0.00264741 0.00554031 0.00911471 0.0131671 0.0174958 0.0218581 0.0259957 0.0296622 0.032645 0.0347827 0.0359764 0.0361946 0.0354713 0.0338985 0.0316132 0.0287826 0.0255876 0.0222072 0.0188053 0.01552 0.0124569 0.00968463 0.00723448 0.0051092 0.00331234 0.00188775 0.000904193 0.000355235 0.000115299 3.17494e-05 7.61967e-06 1.62038e-06 3.06294e-07 5.0803e-08 7.1125e-09 7.60329e-10 4.43867e-11 0 
0 0.000167328 0.00126257 0.00384339 0.00760079 0.0122224 0.0174958 0.0231453 0.0288446 0.0342527 0.0390461 0.0429463 0.045742 0.0473038 0.0475895 0.0466434 0.0445865 0.0415984 0.037898 0.0337222 0.0293056 0.0248635 0.0205783 0.0165909 0.0129965 0.00984355 0.00713587 0.00484826 0.00297095 0.00155659 0.00066543 0.000229166 6.5035e-05 1.57388e-05 3.33179e-06 6.22787e-07 1.01837e-07 1.404e-08 1.47789e-09 8.49961e-11 0 
0 0.000254883 0.00177806 0.0050416 0.00965161 0.0153431 0.0218581 0.0288446 0.035895 0.0425863 0.0485182 0.0533494 0.0568238 0.0587751 0.059134 0.0579506 0.0553887 0.0516828 0.0471023 0.0419361 0.0364731 0.03098 0.0256832 0.0207587 0.0163271 0.0124536 0.00915022 0.00638318 0.00410225 0.00230666 0.00106794 0.000392848 0.000115992 2.85274e-05 6.04613e-06 1.12249e-06 1.81608e-07 2.47344e-08 2.57103e-09 1.46045e-10 0 
0 0.000349931 0.0022826 0.00616287 0.0115833 0.0182986 0.0259957 0.0342527 0.0425863 0.0504969 0.0575196 0.0632768 0.0674734 0.0698624 0.0703065 0.0688549 0.0657381 0.0612901 0.0558492 0.0497377 0.0432806 0.0367891 0.0305311 0.0247152 0.0194856 0.0149223 0.0110451 0.00781965 0.0051747 0.00305909 0.00151322 0.000593123 0.000182925 4.59553e-05 9.79439e-06 1.81273e-06 2.91131e-07 3.92866e-08 4.04355e-09 2.27438e-10 0 
0 0.000441827 0.00273334 0.00714564 0.0132889 0.0209157 0.0296622 0.0390461 0.0485182 0.0575196 0.0655586 0.072221 0.0770696 0.0797685 0.0802673 0.0786522 0.0750831 0.0699185 0.0636441 0.0566653 0.0493216 0.0419442 0.0348331 0.0282259 0.0222871 0.0171093 0.0127186 0.0090814 0.00611665 0.00373856 0.0019442 0.000804725 0.000258808 6.65315e-05 1.42972e-05 2.64524e-06 4.22879e-07 5.66916e-08 5.79238e-09 3.23388e-10 0 
0 0.000520865 0.00309982 0.00793957 0.014674 0.0230441 0.032645 0.0429463 0.0533494 0.0632768 0.072221 0.0795404 0.0845559 0.0871743 0.0876549 0.0861288 0.0825632 0.0770384 0.0700759 0.0623341 0.0542479 0.0461463 0.0383402 0.031088 0.0245709 0.0188914 0.0140803 0.0101045 0.00687812 0.00429442 0.00231299 0.000998759 0.000332906 8.74366e-05 1.89597e-05 3.51296e-06 5.60233e-07 7.4788e-08 7.60344e-09 4.22315e-10 0 
0 0.000579597 0.00336196 0.00850642 0.0156659 0.0245692 0.0347827 0.045742 0.0568238 0.0674734 0.0770696 0.0845559 0.0893311 0.0917412 0.0921889 0.0908058 0.0874891 0.0820592 0.0747643 0.066448 0.0577964 0.0491685 0.040863 0.0331475 0.0262147 0.0201745 0.0150604 0.0108399 0.00742443 0.00469552 0.00258682 0.00115035 0.000393845 0.000105245 2.30069e-05 4.27257e-06 6.80853e-07 9.06906e-08 9.19443e-09 5.09169e-10 0 
0 0.000613349 0.00350864 0.00882275 0.0162197 0.0254208 0.0359764 0.0473038 0.0587751 0.0698624 0.0797685 0.0871743 0.0917412 0.0940313 0.0944622 0.0931584 0.0900094 0.0847537 0.0774081 0.0687874 0.0597998 0.0508712 0.0422853 0.0343098 0.0271437 0.0209006 0.015616 0.0112576 0.00773549 0.00492565 0.00274753 0.00124284 0.000432584 0.000116922 2.57129e-05 4.78669e-06 7.63189e-07 1.01622e-07 1.02953e-08 5.69682e-10 0 
0 0.000620233 0.00353675 0.00888149 0.0163215 0.0255766 0.0361946 0.0475895 0.059134 0.0703065 0.0802673 0.0876549 0.0921889 0.0944622 0.0948924 0.093603 0.0904838 0.085264 0.0779196 0.0692455 0.0601935 0.0512082 0.0425696 0.0345449 0.027334 0.0210518 0.0157342 0.0113491 0.00780643 0.00498131 0.00278941 0.00126896 0.000444341 0.000120683 2.6629e-05 4.96853e-06 7.93542e-07 1.05821e-07 1.07363e-08 5.95e-10 0 
0 0.000600928 0.0034505 0.00869179 0.015987 0.025061 0.0354713 0.0466434 0.0579506 0.0688549 0.0786522 0.0861288 0.0908058 0.0931584 0.093603 0.0922689 0.0890486 0.0837111 0.076372 0.0678744 0.059029 0.050226 0.0417553 0.033885 0.0268121 0.0206492 0.0154316 0.0111273 0.00764766 0.00487052 0.00271749 0.00123048 0.000429282 0.000116446 2.57187e-05 4.81008e-06 7.70678e-07 1.03149e-07 1.05073e-08 5.84822e-10 0 
0 0.000558332 0.00326044 0.0082771 0.0152583 0.0239393 0.0338985 0.0445865 0.0553887 0.0657381 0.0750831 0.0825632 0.0874891 0.0900094 0.0904838 0.0890486 0.0856243 0.0801301 0.0729538 0.0648783 0.0564651 0.0480536 0.0399496 0.0324183 0.0256488 0.0197486 0.0147512 0.0106251 0.00728375 0.00461202 0.00254632 0.00113731 0.000392197 0.000105775 2.3358e-05 4.38372e-06 7.06245e-07 9.51588e-08 9.76569e-09 5.47893e-10 0 
0 0.000497134 0.00298221 0.00767198 0.0141984 0.0223089 0.0316132 0.0415984 0.0516828 0.0612901 0.0699185 0.0770384 0.0820592 0.0847537 0.085264 0.0837111 0.0801301 0.0747226 0.0680154 0.0605562 0.0527345 0.0448834 0.0373132 0.0302766 0.02395 0.0184337 0.013758 0.00989168 0.00675172 0.00423476 0.00229966 0.00100642 0.000341463 9.1444e-05 2.0219e-05 3.81971e-06 6.21311e-07 8.46647e-08 8.796e-09 4.99873e-10 0 
0 0.000423311 0.00263533 0.00691806 0.0128835 0.0202888 0.0287826 0.037898 0.0471023 0.0558492 0.0636441 0.0700759 0.0747643 0.0774081 0.0779196 0.076372 0.0729538 0.0680154 0.0619821 0.0552327 0.0481113 0.0409499 0.0340428 0.0276213 0.0218459 0.0168074 0.0125321 0.0089888 0.00609956 0.00377826 0.00201067 0.000860432 0.00028759 7.67913e-05 1.70987e-05 3.2727e-06 5.41052e-07 7.50496e-08 7.94137e-09 4.59637e-10 0 
0 0.000343537 0.00224203 0.00605983 0.0113956 0.0180073 0.0255876 0.0337222 0.0419361 0.0497377 0.0566653 0.0623341 0.066448 0.0687874 0.0692455 0.0678744 0.0648783 0.0605562 0.0552327 0.0492348 0.0428903 0.0365077 0.0303515 0.0246275 0.0194782 0.0149831 0.0111633 0.00798768 0.00538627 0.00329464 0.00172243 0.000725955 0.000241696 6.51338e-05 1.47708e-05 2.89228e-06 4.89876e-07 6.95949e-08 7.53278e-09 4.45156e-10 0 
0 0.000264493 0.00182653 0.00514099 0.00981514 0.0155912 0.0222072 0.0293056 0.0364731 0.0432806 0.0493216 0.0542479 0.0577964 0.0597998 0.0601935 0.059029 0.0564651 0.0527345 0.0481113 0.0428903 0.0373658 0.0318092 0.0264508 0.0214697 0.0169887 0.0130753 0.00974503 0.00696777 0.00468482 0.00285188 0.00148747 0.000631392 0.000214376 5.94366e-05 1.39072e-05 2.80616e-06 4.8818e-07 7.09559e-08 7.82623e-09 4.69524e-10 0 
0 0.000192101 0.00141433 0.00420236 0.00821382 0.0131558 0.0188053 0.0248635 0.03098 0.0367891 0.0419442 0.0461463 0.0491685 0.0508712 0.0512082 0.050226 0.0480536 0.0448834 0.0409499 0.0365077 0.0318092 0.0270862 0.0225351 0.0183081 0.0145091 0.0111941 0.00837456 0.0060232 0.00408994 0.00253481 0.00136325 0.000604143 0.000215139 6.22584e-05 1.50606e-05 3.11142e-06 5.49781e-07 8.06635e-08 8.93901e-09 5.36921e-10 0 
0 0.000130779 0.00103104 0.00328231 0.00665037 0.0107971 0.01552 0.0205783 0.0256832 0.0305311 0.0348331 0.0383402 0.040863 0.0422853 0.0425696 0.0417553 0.0399496 0.0373132 0.0340428 0.0303515 0.0264508 0.0225351 0.0187689 0.0152799 0.0121576 0.00945627 0.00719086 0.00532151 0.00376489 0.0024583 0.00140855 0.000668415 0.000252248 7.57196e-05 1.86159e-05 3.85507e-06 6.77372e-07 9.83996e-08 1.07722e-08 6.38496e-10 0 
0 8.28918e-05 0.000699764 0.00241957 0.00516941 0.00858594 0.0124569 0.0165909 0.0207587 0.0247152 0.0282259 0.031088 0.0331475 0.0343098 0.0345449 0.033885 0.0324183 0.0302766 0.0276213 0.0246275 0.0214697 0.0183081 0.0152799 0.0124972 0.0100632 0.00809062 0.00663513 0.00552218 0.00438132 0.00306176 0.0018043 0.000875794 0.000337682 0.000101749 2.4652e-05 4.98752e-06 8.5437e-07 1.21036e-07 1.29373e-08 7.49884e-10 0 
0 4.85961e-05 0.000436994 0.00165578 0.00380691 0.00656675 0.00968463 0.0129965 0.0163271 0.0194856 0.0222871 0.0245709 0.0262147 0.0271437 0.027334 0.0268121 0.0256488 0.02395 0.0218459 0.0194782 0.0169887 0.0145091 0.0121576 0.0100632 0.00846552 0.00782394 0.00847231 0.00958538 0.00923358 0.00672901 0.00363359 0.00152478 0.000523489 0.000145636 3.29863e-05 6.31711e-06 1.03771e-06 1.42149e-07 1.47626e-08 8.34241e-10 0 
0 2.62008e-05 0.000248397 0.0010319 0.00260228 0.00476332 0.00723448 0.00984355 0.0124536 0.0149223 0.0171093 0.0188914 0.0201745 0.0209006 0.0210518 0.0206492 0.0197486 0.0184337 0.0168074 0.0149831 0.0130753 0.0111941 0.00945627 0.00809062 0.00782394 0.0103746 0.0171184 0.0249881 0.0269097 0.0196945 0.00996461 0.00355792 0.000976583 0.000223636 4.36521e-05 7.53694e-06 1.16357e-06 1.53365e-07 1.54778e-08 8.54051e-10 0 
0 1.29343e-05 0.000127467 0.000574952 0.0016073 0.00319904 0.0051092 0.00713587 0.00915022 0.0110451 0.0127186 0.0140803 0.0150604 0.015616 0.0157342 0.0154316 0.0147512 0.013758 0.0125321 0.0111633 0.00974503 0.00837456 0.00719086 0.00663513 0.00847231 0.0171184 0.0360504 0.0631888 0.0719384 0.0482617 0.0232024 0.00780487 0.00186213 0.00034918 5.59686e-05 8.28463e-06 1.17214e-06 1.4808e-07 1.45742e-08 7.88989e-10 0 
0 5.83049e-06 5.8789e-05 0.000282643 0.000872236 0.00192172 0.00331234 0.00484826 0.00638318 0.00781965 0.0090814 0.0101045 0.0108399 0.0112576 0.0113491 0.0111273 0.0106251 0.00989168 0.0089888 0.00798768 0.00696777 0.0060232 0.00532151 0.00552218 0.00958538 0.0249881 0.0631888 0.0871287 0.0897764 0.080723 0.0398528 0.0125806 0.00284489 0.000474264 6.45444e-05 8.11992e-06 1.03764e-06 1.25601e-07 1.21326e-08 6.48983e-10 0 
0 2.39734e-06 2.43562e-05 0.000121985 0.000407619 0.000994664 0.00188775 0.00297095 0.00410225 0.0051747 0.00611665 0.00687812 0.00742443 0.00773549 0.00780643 0.00764766 0.00728375 0.00675172 0.00609956 0.00538627 0.00468482 0.00408994 0.00376489 0.00438132 0.00923358 0.0269097 0.0719384 0.0897764 0.0919263 0.0850059 0.0472259 0.0138699 0.00308168 0.000487914 6.02469e-05 6.71637e-06 7.87555e-07 9.22692e-08 8.83412e-09 4.71029e-10 0 
0 8.99292e-07 9.08674e-06 4.63652e-05 0.000163181 0.000432528 0.000904193 0.00155659 0.00230666 0.00305909 0.00373856 0.00429442 0.00469552 0.00492565 0.00498131 0.00487052 0.00461202 0.00423476 0.00377826 0.00329464 0.00285188 0.00253481 0.0024583 0.00306176 0.00672901 0.0196945 0.0482617 0.080723 0.0850059 0.0683045 0.0313223 0.0102725 0.00227646 0.000354993 4.20572e-05 4.43144e-06 5.00005e-07 5.81056e-08 5.58905e-09 2.99969e-10 0 
0 3.08038e-07 3.06486e-06 1.56466e-05 5.64421e-05 0.000157654 0.000355235 0.00066543 0.00106794 0.00151322 0.0019442 0.00231299 0.00258682 0.00274753 0.00278941 0.00271749 0.00254632 0.00229966 0.00201067 0.00172243 0.00148747 0.00136325 0.00140855 0.0018043 0.00363359 0.00996461 0.0232024 0.0398528 0.0472259 0.0313223 0.0154361 0.00509024 0.0011369 0.000178457 2.11882e-05 2.26211e-06 2.62012e-07 3.12241e-08 3.06353e-09 1.67141e-10 0 
0 9.64304e-08 9.38241e-07 4.73126e-06 1.71268e-05 4.89754e-05 0.000115299 0.000229166 0.000392848 0.000593123 0.000804725 0.000998759 0.00115035 0.00124284 0.00126896 0.00123048 0.00113731 0.00100642 0.000860432 0.000725955 0.000631392 0.000604143 0.000668415 0.000875794 0.00152478 0.00355792 0.00780487 0.0125806 0.0138699 0.0102725 0.00509024 0.001695 0.000385718 6.20847e-05 7.72975e-06 9.00266e-07 1.14018e-07 1.43505e-08 1.4552e-09 8.14169e-11 0 
0 2.75896e-08 2.61369e-07 1.29133e-06 4.62577e-06 1.32607e-05 3.17494e-05 6.5035e-05 0.000115992 0.000182925 0.000258808 0.000332906 0.000393845 0.000432584 0.000444341 0.000429282 0.000392197 0.000341463 0.00028759 0.000241696 0.000214376 0.000215139 0.000252248 0.000337682 0.000523489 0.000976583 0.00186213 0.00284489 0.00308168 0.00227646 0.0011369 0.000385718 9.04423e-05 1.53698e-05 2.13625e-06 2.92024e-07 4.20933e-08 5.67896e-09 6.0023e-10 3.46794e-11 0 
0 7.20194e-09 6.62713e-08 3.1932e-07 1.12274e-06 3.1855e-06 7.61967e-06 1.57388e-05 2.85274e-05 4.59553e-05 6.65315e-05 8.74366e-05 0.000105245 0.000116922 0.000120683 0.000116446 0.000105775 9.1444e-05 7.67913e-05 6.51338e-05 5.94366e-05 6.22584e-05 7.57196e-05 0.000101749 0.000145636 0.000223636 0.00034918 0.000474264 0.000487914 0.000354993 0.000178457 6.20847e-05 1.53698e-05 2.92142e-06 4.89974e-07 8.20164e-08 1.34721e-08 1.94736e-09 2.1539e-10 1.2916e-11 0 
0 1.70688e-09 1.52412e-08 7.14607e-08 2.45578e-07 6.8486e-07 1.62038e-06 3.33179e-06 6.04613e-06 9.79439e-06 1.42972e-05 1.89597e-05 2.30069e-05 2.57129e-05 2.6629e-05 2.57187e-05 2.3358e-05 2.0219e-05 1.70987e-05 1.47708e-05 1.39072e-05 1.50606e-05 1.86159e-05 2.4652e-05 3.29863e-05 4.36521e-05 5.59686e-05 6.45444e-05 6.02469e-05 4.20572e-05 2.11882e-05 7.72975e-06 2.13625e-06 4.89974e-07 1.03294e-07 2.07084e-08 3.77156e-09 5.79833e-10 6.72109e-11 4.19683e-12 0 
0 3.63466e-10 3.14931e-09 1.43587e-08 4.8142e-08 1.3153e-07 3.06294e-07 6.22787e-07 1.12249e-06 1.81273e-06 2.64524e-06 3.51296e-06 4.27257e-06 4.78669e-06 4.96853e-06 4.81008e-06 4.38372e-06 3.81971e-06 3.2727e-06 2.89228e-06 2.80616e-06 3.11142e-06 3.85507e-06 4.98752e-06 6.31711e-06 7.53694e-06 8.28463e-06 8.11992e-06 6.71637e-06 4.43144e-06 2.26211e-06 9.00266e-07 2.92024e-07 8.20164e-08 2.07084e-08 4.6802e-09 9.18587e-10 1.49229e-10 1.81336e-11 1.18125e-12 0 
0 6.80975e-11 5.72933e-10 2.54088e-09 8.30857e-09 2.22127e-08 5.0803e-08 1.01837e-07 1.81608e-07 2.91131e-07 4.22879e-07 5.60233e-07 6.80853e-07 7.63189e-07 7.93542e-07 7.70678e-07 7.06245e-07 6.21311e-07 5.41052e-07 4.89876e-07 4.8818e-07 5.49781e-07 6.77372e-07 8.5437e-07 1.03771e-06 1.16357e-06 1.17214e-06 1.03764e-06 7.87555e-07 5.00005e-07 2.62012e-07 1.14018e-07 4.20933e-08 1.34721e-08 3.77156e-09 9.18587e-10 1.91179e-10 3.26887e-11 4.16217e-12 2.83025e-13 0 
0 1.07481e-11 8.79021e-11 3.79534e-10 1.21103e-09 3.16814e-09 7.1125e-09 1.404e-08 2.47344e-08 3.92866e-08 5.66916e-08 7.4788e-08 9.06906e-08 1.01622e-07 1.05821e-07 1.03149e-07 9.51588e-08 8.46647e-08 7.50496e-08 6.95949e-08 7.09559e-08 8.06635e-08 9.83996e-08 1.21036e-07 1.42149e-07 1.53365e-07 1.4808e-07 1.25601e-07 9.22692e-08 5.81056e-08 3.12241e-08 1.43505e-08 5.67896e-09 1.94736e-09 5.79833e-10 1.49229e-10 3.26887e-11 5.86599e-12 7.81696e-13 5.54673e-14 0 
0 1.28936e-12 1.02642e-11 4.32012e-11 1.34649e-10 3.44926e-10 7.60329e-10 1.47789e-09 2.57103e-09 4.04355e-09 5.79238e-09 7.60344e-09 9.19443e-09 1.02953e-08 1.07363e-08 1.05073e-08 9.76569e-09 8.796e-09 7.94137e-09 7.53278e-09 7.82623e-09 8.93901e-09 1.07722e-08 1.29373e-08 1.47626e-08 1.54778e-08 1.45742e-08 1.21326e-08 8.83412e-09 5.58905e-09 3.06353e-09 1.4552e-09 6.0023e-10 2.1539e-10 6.72109e-11 1.81336e-11 4.16217e-12 7.81696e-13 1.08824e-13 8.04914e-15 0 
0 8.39585e-14 6.51554e-13 2.67712e-12 8.16087e-12 2.04921e-11 4.43867e-11 8.49961e-11 1.46045e-10 2.27438e-10 3.23388e-10 4.22315e-10 5.09169e-10 5.69682e-10 5.95e-10 5.84822e-10 5.47893e-10 4.99873e-10 4.59637e-10 4.45156e-10 4.69524e-10 5.36921e-10 6.38496e-10 7.49884e-10 8.34241e-10 8.54051e-10 7.88989e-10 6.48983e-10 4.71029e-10 2.99969e-10 1.67141e-10 8.14169e-11 3.46794e-11 1.2916e-11 4.19683e-12 1.18125e-12 2.83025e-13 5.54673e-14 8.04914e-15 6.19616e-16 0 
0 0 0 0 0 0 0 0 0 0 0 0 0 0 0 0 0 0 0 0 0 0 0 0 0 0 0 0 0 0 0 0 0 0 0 0 0 0 0 0 0 
