0 0 0 0 0 0 0 0 0 0 0 0 0 0 0 0 0 0 0 0 0 0 0 0 0 0 0 0 0 0 0 0 0 0 0 0 0 0 0 0 0 
0 6.46058e-08 5.92911e-07 2.77072e-06 9.15902e-06 2.37122e-05 5.05371e-05 9.17245e-05 0.000145732 0.000207448 0.00026967 0.000324948 0.00036703 0.000391675 0.000396951 0.00038318 0.000352666 0.00030927 0.000257875 0.00020375 0.000151863 0.000106209 6.92971e-05 4.194e-05 2.34239e-05 1.20235e-05 5.65681e-06 2.43637e-06 9.6061e-07 3.47008e-07 1.14973e-07 3.49665e-08 9.75917e-09 2.49442e-09 5.80801e-10 1.2186e-10 2.25526e-11 3.52362e-12 4.19174e-13 2.71072e-14 0 
0 5.92911e-07 5.65071e-06 2.70045e-05 8.9176e-05 0.000224597 0.000455204 0.000775113 0.00115181 0.00154144 0.00190288 0.00220403 0.00242296 0.00254708 0.00257213 0.00250114 0.00234341 0.00211346 0.00182987 0.0015143 0.00119026 0.000881455 0.000609202 0.000388988 0.000227306 0.00012065 5.79104e-05 2.51072e-05 9.84832e-06 3.50646e-06 1.13742e-06 3.37166e-07 9.14818e-08 2.27024e-08 5.13077e-09 1.0453e-09 1.88008e-10 2.85812e-11 3.31275e-12 2.09031e-13 0 
0 2.77072e-06 2.70045e-05 0.00012832 0.000405432 0.000943065 0.00173339 0.00268244 0.00367815 0.00463014 0.00547205 0.00615484 0.00664372 0.00691789 0.00697098 0.00681051 0.00645627 0.00593764 0.00529047 0.00455401 0.00376876 0.00297584 0.00221762 0.00153756 0.000975657 0.000557635 0.000283662 0.000127751 5.10231e-05 1.81891e-05 5.83478e-06 1.69655e-06 4.49317e-07 1.08561e-07 2.38633e-08 4.72866e-09 8.27766e-10 1.22606e-10 1.38639e-11 8.54663e-13 0 
0 9.15902e-06 8.9176e-05 0.000405432 0.00116973 0.0024283 0.00402292 0.00576405 0.00751296 0.00916284 0.0106203 0.0118049 0.0126546 0.013131 0.0132217 0.0129395 0.0123201 0.0114165 0.0102934 0.00901983 0.00766383 0.00628689 0.00494251 0.00367902 0.0025467 0.00160173 0.000893259 0.000433702 0.000182187 6.66126e-05 2.14747e-05 6.18792e-06 1.6103e-06 3.80514e-07 8.1623e-08 1.57729e-08 2.69329e-09 3.89441e-10 4.30397e-11 2.59657e-12 0 
0 2.37122e-05 0.000224597 0.000943065 0.0024283 0.00454262 0.00701558 0.00965496 0.0123077 0.0148223 0.0170517 0.0188676 0.0201716 0.0209026 0.0210407 0.0206058 0.0196532 0.0182656 0.0165443 0.0145984 0.0125354 0.0104524 0.00843004 0.0065288 0.00479345 0.00326657 0.00200534 0.00107305 0.000488623 0.000188416 6.23182e-05 1.80397e-05 4.65332e-06 1.08173e-06 2.27402e-07 4.2997e-08 7.18167e-09 1.01625e-09 1.10011e-10 6.50821e-12 0 
0 5.05371e-05 0.000455204 0.00173339 0.00402292 0.00701558 0.0104436 0.0141119 0.0178146 0.0213329 0.0244562 0.0270019 0.0288303 0.0298554 0.0300487 0.0294381 0.0281015 0.0261557 0.0237434 0.0210192 0.018136 0.0152329 0.0124266 0.00980491 0.00742461 0.00531738 0.00351108 0.00205897 0.00102973 0.000428245 0.000148411 4.3826e-05 1.13193e-05 2.60605e-06 5.39496e-07 1.00188e-07 1.64207e-08 2.28025e-09 2.42378e-10 1.40925e-11 0 
0 9.17245e-05 0.000775113 0.00268244 0.00576405 0.00965496 0.0141119 0.0188979 0.0237373 0.0283394 0.0324265 0.0357586 0.0381523 0.0394945 0.0397478 0.0389487 0.0371993 0.0346528 0.0314965 0.0279336 0.0241651 0.0203747 0.0167177 0.0133127 0.0102379 0.00753185 0.00520419 0.00326873 0.00178148 0.000805848 0.00029723 9.08188e-05 2.37257e-05 5.44732e-06 1.11604e-06 2.04359e-07 3.29757e-08 4.50674e-09 4.71615e-10 2.70138e-11 0 
0 0.000145732 0.00115181 0.00367815 0.00751296 0.0123077 0.0178146 0.0237373 0.0297297 0.03543 0.0404935 0.0446222 0.047589 0.0492534 0.0495684 0.0485792 0.0464124 0.0432583 0.0393492 0.0349371 0.0302716 0.0255814 0.02106 0.0168566 0.0130718 0.009757 0.00692005 0.00454625 0.00264849 0.00129518 0.000511489 0.000163327 4.35283e-05 1.0029e-05 2.04305e-06 3.70276e-07 5.90166e-08 7.96145e-09 8.2241e-10 4.65213e-11 0 
0 0.000207448 0.00154144 0.00463014 0.00916284 0.0148223 0.0213329 0.0283394 0.03543 0.042176 0.0481693 0.0530579 0.0565736 0.0585488 0.0589246 0.0577532 0.0551871 0.0514537 0.0468281 0.0416078 0.0360884 0.030541 0.0251954 0.0202294 0.0157643 0.0118648 0.00854256 0.00577013 0.00352176 0.00183501 0.000773063 0.000258944 7.07923e-05 1.64472e-05 3.34473e-06 6.02041e-07 9.50735e-08 1.26958e-08 1.29799e-09 7.2688e-11 0 
0 0.00026967 0.00190288 0.00547205 0.0106203 0.0170517 0.0244562 0.0324265 0.0404935 0.0481693 0.0549907 0.0605597 0.0645713 0.0668295 0.0672619 0.0659269 0.0630006 0.0587475 0.0534829 0.0475439 0.0412652 0.0349552 0.0288761 0.0232309 0.0181588 0.0137358 0.00997874 0.00685528 0.00431475 0.00235655 0.00104841 0.000367487 0.000103234 2.42536e-05 4.93819e-06 8.85316e-07 1.38907e-07 1.84107e-08 1.86768e-09 1.03794e-10 0 
0 0.000324948 0.00220403 0.00615484 0.0118049 0.0188676 0.0270019 0.0357586 0.0446222 0.0530579 0.0605597 0.0666896 0.0711007 0.0735749 0.0740509 0.0725976 0.0693913 0.0647149 0.058925 0.0523975 0.0454987 0.038566 0.0318874 0.0256867 0.0201178 0.0152655 0.0111509 0.00774003 0.00496798 0.00280312 0.0013002 0.00047356 0.00013642 3.243e-05 6.62263e-06 1.18523e-06 1.85219e-07 2.44262e-08 2.46479e-09 1.36258e-10 0 
0 0.00036703 0.00242296 0.00664372 0.0126546 0.0201716 0.0288303 0.0381523 0.047589 0.0565736 0.0645713 0.0711007 0.0757653 0.0783533 0.0788523 0.077347 0.0739832 0.0690241 0.0628566 0.0559027 0.0485568 0.0411757 0.0340651 0.0274638 0.0215361 0.0163734 0.0119997 0.00838061 0.00544353 0.00313618 0.00149714 0.000561089 0.000164933 3.96199e-05 8.12055e-06 1.45322e-06 2.26673e-07 2.98137e-08 2.9997e-09 1.65357e-10 0 
0 0.000391675 0.00254708 0.00691789 0.013131 0.0209026 0.0298554 0.0394945 0.0492534 0.0585488 0.0668295 0.0735749 0.0783533 0.0809782 0.0814864 0.0799743 0.0765563 0.0714621 0.0650879 0.057893 0.0502952 0.0426615 0.0353072 0.0284794 0.0223486 0.0170097 0.0124887 0.00875115 0.00572081 0.00333433 0.00161869 0.000617498 0.000183973 4.45373e-05 9.16098e-06 1.64143e-06 2.56062e-07 3.36685e-08 3.3862e-09 1.86614e-10 0 
0 0.000396951 0.00257213 0.00697098 0.0132217 0.0210407 0.0300487 0.0397478 0.0495684 0.0589246 0.0672619 0.0740509 0.0788523 0.0814864 0.0820006 0.0804935 0.0770729 0.0719594 0.0655493 0.0583099 0.0506643 0.0429819 0.0355795 0.0287062 0.022534 0.0171587 0.012607 0.0088446 0.0057947 0.00339092 0.00165619 0.000636247 0.000190725 4.63799e-05 9.57056e-06 1.71912e-06 2.68786e-07 3.54221e-08 3.57142e-09 1.97373e-10 0 
0 0.00038318 0.00250114 0.00681051 0.0129395 0.0206058 0.0294381 0.0389487 0.0485792 0.0577532 0.0659269 0.0725976 0.077347 0.0799743 0.0804935 0.0789961 0.0756099 0.0705789 0.0642956 0.0572028 0.0497081 0.0421745 0.034914 0.028171 0.0221143 0.0168383 0.012369 0.00867278 0.00567455 0.00331216 0.0016122 0.000617672 0.000185059 4.50801e-05 9.33332e-06 1.68377e-06 2.64589e-07 3.50663e-08 3.55762e-09 1.97957e-10 0 
0 0.000352666 0.00234341 0.00645627 0.0123201 0.0196532 0.0281015 0.0371993 0.0464124 0.0551871 0.0630006 0.0693913 0.0739832 0.0765563 0.0770729 0.0756099 0.0723269 0.0674969 0.0614937 0.0547185 0.0475534 0.0403479 0.0334016 0.0269485 0.0211501 0.0160968 0.0118127 0.00826504 0.00538321 0.00311597 0.00149944 0.000568554 0.000169481 4.13188e-05 8.59779e-06 1.56301e-06 2.47919e-07 3.32065e-08 3.40818e-09 1.92012e-10 0 
0 0.00030927 0.00211346 0.00593764 0.0114165 0.0182656 0.0261557 0.0346528 0.0432583 0.0514537 0.0587475 0.0647149 0.0690241 0.0714621 0.0719594 0.0705789 0.0674969 0.0629892 0.0573959 0.0510783 0.0443922 0.0376658 0.0311796 0.0251519 0.0197332 0.0150071 0.0109954 0.00766612 0.00495626 0.00283151 0.00133965 0.000500861 0.000148497 3.63346e-05 7.63673e-06 1.40778e-06 2.26981e-07 3.09525e-08 3.23765e-09 1.86003e-10 0 
0 0.000257875 0.00182987 0.00529047 0.0102934 0.0165443 0.0237434 0.0314965 0.0393492 0.0468281 0.0534829 0.058925 0.0628566 0.0650879 0.0655493 0.0642956 0.0614937 0.0573959 0.0523062 0.0465522 0.0404599 0.0343297 0.0284171 0.0229204 0.0179764 0.01366 0.00998931 0.00693395 0.0044418 0.0024994 0.00116235 0.000429984 0.000127692 3.16479e-05 6.78742e-06 1.28195e-06 2.12189e-07 2.97225e-08 3.19242e-09 1.88118e-10 0 
0 0.00020375 0.0015143 0.00455401 0.00901983 0.0145984 0.0210192 0.0279336 0.0349371 0.0416078 0.0475439 0.0523975 0.0559027 0.057893 0.0583099 0.0572028 0.0547185 0.0510783 0.0465522 0.0414332 0.0360127 0.0305585 0.0252975 0.0204059 0.016004 0.0121566 0.00887726 0.00613835 0.00390157 0.0021721 0.00100309 0.000372954 0.000112945 2.88452e-05 6.40596e-06 1.25395e-06 2.14778e-07 3.10414e-08 3.42747e-09 2.068e-10 0 
0 0.000151863 0.00119026 0.00376876 0.00766383 0.0125354 0.018136 0.0241651 0.0302716 0.0360884 0.0412652 0.0454987 0.0485568 0.0502952 0.0506643 0.0497081 0.0475534 0.0443922 0.0404599 0.0360127 0.0313048 0.0265692 0.0220034 0.0177596 0.0139408 0.0106009 0.00774876 0.00536121 0.00341236 0.00191309 0.000901221 0.000347273 0.000110158 2.95281e-05 6.85419e-06 1.39269e-06 2.45751e-07 3.63325e-08 4.07804e-09 2.48789e-10 0 
0 0.000106209 0.000881455 0.00297584 0.00628689 0.0104524 0.0152329 0.0203747 0.0255814 0.030541 0.0349552 0.038566 0.0411757 0.0426615 0.0429819 0.0421745 0.0403479 0.0376658 0.0343297 0.0305585 0.0265692 0.022561 0.018702 0.015121 0.011904 0.00909484 0.00670005 0.00469932 0.00306558 0.00179201 0.000896786 0.000370702 0.000125532 3.53977e-05 8.50226e-06 1.76305e-06 3.14242e-07 4.65851e-08 5.21641e-09 3.16371e-10 0 
0 6.92971e-05 0.000609202 0.00221762 0.00494251 0.00843004 0.0124266 0.0167177 0.02106 0.0251954 0.0288761 0.0318874 0.0340651 0.0353072 0.0355795 0.034914 0.0334016 0.0311796 0.0284171 0.0252975 0.0220034 0.018702 0.0155343 0.0126085 0.00999837 0.00774613 0.00585935 0.00429826 0.00299026 0.00189299 0.00103397 0.000463461 0.000166315 4.83034e-05 1.16866e-05 2.40845e-06 4.23586e-07 6.17412e-08 6.78701e-09 4.0393e-10 0 
0 4.194e-05 0.000388988 0.00153756 0.00367902 0.0065288 0.00980491 0.0133127 0.0168566 0.0202294 0.0232309 0.0256867 0.0274638 0.0284794 0.0287062 0.028171 0.0269485 0.0251519 0.0229204 0.0204059 0.0177596 0.015121 0.0126085 0.0103183 0.00833581 0.0067482 0.00558593 0.00468374 0.0037199 0.00257374 0.0014742 0.000679815 0.000246555 7.06603e-05 1.66074e-05 3.3119e-06 5.64323e-07 7.98492e-08 8.53828e-09 4.95354e-10 0 
0 2.34239e-05 0.000227306 0.000975657 0.0025467 0.00479345 0.00742461 0.0102379 0.0130718 0.0157643 0.0181588 0.0201178 0.0215361 0.0223486 0.022534 0.0221143 0.0211501 0.0197332 0.0179764 0.016004 0.0139408 0.011904 0.00999837 0.00833581 0.00711202 0.0066956 0.0073551 0.00837655 0.00808424 0.00588478 0.00315585 0.00129138 0.000418951 0.000108833 2.34133e-05 4.36092e-06 7.08006e-07 9.65671e-08 1.00128e-08 5.65455e-10 0 
0 1.20235e-05 0.00012065 0.000557635 0.00160173 0.00326657 0.00531738 0.00753185 0.009757 0.0118648 0.0137358 0.0152655 0.0163734 0.0170097 0.0171587 0.0168383 0.0160968 0.0150071 0.01366 0.0121566 0.0106009 0.00909484 0.00774613 0.0067482 0.0066956 0.00904798 0.0150269 0.0219553 0.0234646 0.0173185 0.00875522 0.00311117 0.000832429 0.000179085 3.25812e-05 5.3657e-06 8.10734e-07 1.06041e-07 1.06715e-08 5.88016e-10 0 
0 5.65681e-06 5.79104e-05 0.000283662 0.000893259 0.00200534 0.00351108 0.00520419 0.00692005 0.00854256 0.00997874 0.0111509 0.0119997 0.0124887 0.012607 0.012369 0.0118127 0.0109954 0.00998931 0.00887726 0.00774876 0.00670005 0.00585935 0.00558593 0.0073551 0.0150269 0.0316886 0.0516597 0.0586278 0.0411621 0.0204116 0.00686012 0.00162436 0.000293293 4.38335e-05 6.07846e-06 8.30052e-07 1.03556e-07 1.01515e-08 5.48589e-10 0 
0 2.43637e-06 2.51072e-05 0.000127751 0.000433702 0.00107305 0.00205897 0.00326873 0.00454625 0.00577013 0.00685528 0.00774003 0.00838061 0.00875115 0.0088446 0.00867278 0.00826504 0.00766612 0.00693395 0.00613835 0.00536121 0.00469932 0.00429826 0.00468374 0.00837655 0.0219553 0.0516597 0.0820697 0.0870103 0.0697742 0.0335641 0.0110663 0.00249558 0.0004073 5.23564e-05 6.1267e-06 7.45134e-07 8.85263e-08 8.50641e-09 4.54124e-10 0 
0 9.6061e-07 9.84832e-06 5.10231e-05 0.000182187 0.000488623 0.00102973 0.00178148 0.00264849 0.00352176 0.00431475 0.00496798 0.00544353 0.00572081 0.0057947 0.00567455 0.00538321 0.00495626 0.0044418 0.00390157 0.00341236 0.00306558 0.00299026 0.0037199 0.00808424 0.0234646 0.0586278 0.0870103 0.0905479 0.0779279 0.0377005 0.0122021 0.00270645 0.000422202 4.97845e-05 5.16996e-06 5.71681e-07 6.53837e-08 6.22029e-09 3.30993e-10 0 
0 3.47008e-07 3.50646e-06 1.81891e-05 6.66126e-05 0.000188416 0.000428245 0.000805848 0.00129518 0.00183501 0.00235655 0.00280312 0.00313618 0.00333433 0.00339092 0.00331216 0.00311597 0.00283151 0.0024994 0.0021721 0.00191309 0.00179201 0.00189299 0.00257374 0.00588478 0.0173185 0.0411621 0.0697742 0.0779279 0.0563556 0.0274972 0.00903691 0.00199863 0.000307256 3.49353e-05 3.43965e-06 3.6488e-07 4.13002e-08 3.94609e-09 2.11384e-10 0 
0 1.14973e-07 1.13742e-06 5.83478e-06 2.14747e-05 6.23182e-05 0.000148411 0.00029723 0.000511489 0.000773063 0.00104841 0.0013002 0.00149714 0.00161869 0.00165619 0.0016122 0.00149944 0.00133965 0.00116235 0.00100309 0.000901221 0.000896786 0.00103397 0.0014742 0.00315585 0.00875522 0.0204116 0.0335641 0.0377005 0.0274972 0.0135812 0.00447642 0.000995947 0.000153641 1.75048e-05 1.74883e-06 1.90953e-07 2.22119e-08 2.16649e-09 1.18005e-10 0 
0 3.49665e-08 3.37166e-07 1.69655e-06 6.18792e-06 1.80397e-05 4.3826e-05 9.08188e-05 0.000163327 0.000258944 0.000367487 0.00047356 0.000561089 0.000617498 0.000636247 0.000617672 0.000568554 0.000500861 0.000429984 0.000372954 0.000347273 0.000370702 0.000463461 0.000679815 0.00129138 0.00311117 0.00686012 0.0110663 0.0122021 0.00903691 0.00447642 0.00148768 0.000335652 5.28025e-05 6.28267e-06 6.85348e-07 8.25485e-08 1.02013e-08 1.03003e-09 5.75554e-11 0 
0 9.75917e-09 9.14818e-08 4.49317e-07 1.6103e-06 4.65332e-06 1.13193e-05 2.37257e-05 4.35283e-05 7.07923e-05 0.000103234 0.00013642 0.000164933 0.000183973 0.000190725 0.000185059 0.000169481 0.000148497 0.000127692 0.000112945 0.000110158 0.000125532 0.000166315 0.000246555 0.000418951 0.000832429 0.00162436 0.00249558 0.00270645 0.00199863 0.000995947 0.000335652 7.74954e-05 1.27761e-05 1.6865e-06 2.17202e-07 3.02191e-08 4.0322e-09 4.25074e-10 2.45367e-11 0 
0 2.49442e-09 2.27024e-08 1.08561e-07 3.80514e-07 1.08173e-06 2.60605e-06 5.44732e-06 1.0029e-05 1.64472e-05 2.42536e-05 3.243e-05 3.96199e-05 4.45373e-05 4.63799e-05 4.50801e-05 4.13188e-05 3.63346e-05 3.16479e-05 2.88452e-05 2.95281e-05 3.53977e-05 4.83034e-05 7.06603e-05 0.000108833 0.000179085 0.000293293 0.0004073 0.000422202 0.000307256 0.000153641 5.28025e-05 1.27761e-05 2.33554e-06 3.71722e-07 5.96083e-08 9.60705e-09 1.38141e-09 1.52583e-10 9.14371e-12 0 
0 5.80801e-10 5.13077e-09 2.38633e-08 8.1623e-08 2.27402e-07 5.39496e-07 1.11604e-06 2.04305e-06 3.34473e-06 4.93819e-06 6.62263e-06 8.12055e-06 9.16098e-06 9.57056e-06 9.33332e-06 8.59779e-06 7.63673e-06 6.78742e-06 6.40596e-06 6.85419e-06 8.50226e-06 1.16866e-05 1.66074e-05 2.34133e-05 3.25812e-05 4.38335e-05 5.23564e-05 4.97845e-05 3.49353e-05 1.75048e-05 6.28267e-06 1.6865e-06 3.71722e-07 7.55079e-08 1.48229e-08 2.67966e-09 4.11131e-10 4.7622e-11 2.97223e-12 0 
0 1.2186e-10 1.0453e-09 4.72866e-09 1.57729e-08 4.2997e-08 1.00188e-07 2.04359e-07 3.70276e-07 6.02041e-07 8.85316e-07 1.18523e-06 1.45322e-06 1.64143e-06 1.71912e-06 1.68377e-06 1.56301e-06 1.40778e-06 1.28195e-06 1.25395e-06 1.39269e-06 1.76305e-06 2.40845e-06 3.3119e-06 4.36092e-06 5.3657e-06 6.07846e-06 6.1267e-06 5.16996e-06 3.43965e-06 1.74883e-06 6.85348e-07 2.17202e-07 5.96083e-08 1.48229e-08 3.3276e-09 6.51674e-10 1.05791e-10 1.28499e-11 8.36771e-13 0 
0 2.25526e-11 1.88008e-10 8.27766e-10 2.69329e-09 7.18167e-09 1.64207e-08 3.29757e-08 5.90166e-08 9.50735e-08 1.38907e-07 1.85219e-07 2.26673e-07 2.56062e-07 2.68786e-07 2.64589e-07 2.47919e-07 2.26981e-07 2.12189e-07 2.14778e-07 2.45751e-07 3.14242e-07 4.23586e-07 5.64323e-07 7.08006e-07 8.10734e-07 8.30052e-07 7.45134e-07 5.71681e-07 3.6488e-07 1.90953e-07 8.25485e-08 3.02191e-08 9.60705e-09 2.67966e-09 6.51674e-10 1.35553e-10 2.31708e-11 2.94954e-12 2.00515e-13 0 
0 3.52362e-12 2.85812e-11 1.22606e-10 3.89441e-10 1.01625e-09 2.28025e-09 4.50674e-09 7.96145e-09 1.26958e-08 1.84107e-08 2.44262e-08 2.98137e-08 3.36685e-08 3.54221e-08 3.50663e-08 3.32065e-08 3.09525e-08 2.97225e-08 3.10414e-08 3.63325e-08 4.65851e-08 6.17412e-08 7.98492e-08 9.65671e-08 1.06041e-07 1.03556e-07 8.85263e-08 6.53837e-08 4.13002e-08 2.22119e-08 1.02013e-08 4.0322e-09 1.38141e-09 4.11131e-10 1.05791e-10 2.31708e-11 4.15749e-12 5.53939e-13 3.9299e-14 0 
0 4.19174e-13 3.31275e-12 1.38639e-11 4.30397e-11 1.10011e-10 2.42378e-10 4.71615e-10 8.2241e-10 1.29799e-09 1.86768e-09 2.46479e-09 2.9997e-09 3.3862e-09 3.57142e-09 3.55762e-09 3.40818e-09 3.23765e-09 3.19242e-09 3.42747e-09 4.07804e-09 5.21641e-09 6.78701e-09 8.53828e-09 1.00128e-08 1.06715e-08 1.01515e-08 8.50641e-09 6.22029e-09 3.94609e-09 2.16649e-09 1.03003e-09 4.25074e-10 1.52583e-10 4.7622e-11 1.28499e-11 2.94954e-12 5.53939e-13 7.71107e-14 5.70282e-15 0 
0 2.71072e-14 2.09031e-13 8.54663e-13 2.59657e-12 6.50821e-12 1.40925e-11 2.70138e-11 4.65213e-11 7.2688e-11 1.03794e-10 1.36258e-10 1.65357e-10 1.86614e-10 1.97373e-10 1.97957e-10 1.92012e-10 1.86003e-10 1.88118e-10 2.068e-10 2.48789e-10 3.16371e-10 4.0393e-10 4.95354e-10 5.65455e-10 5.88016e-10 5.48589e-10 4.54124e-10 3.30993e-10 2.11384e-10 1.18005e-10 5.75554e-11 2.45367e-11 9.14371e-12 2.97223e-12 8.36771e-13 2.00515e-13 3.9299e-14 5.70282e-15 4.38974e-16 0 
0 0 0 0 0 0 0 0 0 0 0 0 0 0 0 0 0 0 0 0 0 0 0 0 0 0 0 0 0 0 0 0 0 0 0 0 0 0 0 0 0 
