0 0 0 0 0 0 0 0 0 0 0 0 0 0 0 0 0 0 0 0 0 0 0 0 0 0 0 0 0 0 0 0 0 0 0 0 0 0 0 0 0 
0 5.22299e-07 4.61653e-06 2.00377e-05 5.93242e-05 0.000134026 0.000246886 0.000389646 0.000547311 0.000703709 0.000844915 0.000960439 0.00104327 0.00108954 0.0010982 0.0010706 0.00101022 0.000922249 0.000813251 0.000690775 0.000562926 0.000437834 0.000322961 0.000224269 0.000145428 8.73276e-05 4.81745e-05 2.4248e-05 1.10797e-05 4.58229e-06 1.71332e-06 5.79163e-07 1.77016e-07 4.88655e-08 1.21356e-08 2.68613e-09 5.19499e-10 8.41454e-11 1.03088e-11 6.82838e-13 0 
0 4.61653e-06 4.1499e-05 0.000175744 0.000484482 0.000986723 0.00162481 0.0023172 0.00299974 0.0036291 0.00417403 0.00461017 0.00491932 0.00509055 0.00512104 0.00501617 0.00478854 0.00445633 0.00404119 0.00356612 0.00305389 0.00252634 0.00200489 0.00151158 0.00106934 0.000699641 0.000417097 0.000223601 0.000106796 4.52554e-05 1.70252e-05 5.70676e-06 1.71164e-06 4.60582e-07 1.1108e-07 2.38362e-08 4.46798e-09 7.01878e-10 8.34994e-11 5.37921e-12 0 
0 2.00377e-05 0.000175744 0.00068138 0.00164129 0.00291965 0.00433841 0.00579634 0.00722837 0.00856857 0.00974794 0.0107034 0.0113858 0.0117652 0.0118323 0.0115985 0.0110932 0.0103601 0.0094517 0.00842453 0.00733324 0.00622592 0.00514054 0.00410414 0.00313651 0.00225834 0.00149906 0.000894638 0.000469111 0.000212979 8.34609e-05 2.84115e-05 8.49032e-06 2.24792e-06 5.29549e-07 1.10591e-07 2.01479e-08 3.07652e-09 3.56103e-10 2.23525e-11 0 
0 5.93242e-05 0.000484482 0.00164129 0.00344351 0.00559819 0.00796615 0.0104583 0.0129545 0.0153145 0.0174008 0.0190944 0.0203052 0.0209783 0.0210973 0.020682 0.0197851 0.0184845 0.0168747 0.0150583 0.0131363 0.011201 0.0093295 0.00757797 0.00597872 0.00454172 0.00326652 0.00216457 0.00127522 0.000645017 0.000274277 9.79953e-05 2.98434e-05 7.88624e-06 1.831e-06 3.74354e-07 6.65686e-08 9.91323e-09 1.1195e-09 6.86352e-11 0 
0 0.000134026 0.000986723 0.00291965 0.00559819 0.00878007 0.0123619 0.0161799 0.0200197 0.0236543 0.0268687 0.0294784 0.0313441 0.0323815 0.0325647 0.0319247 0.0305424 0.028538 0.0260576 0.0232591 0.0202993 0.0173217 0.0144485 0.0117741 0.00936139 0.00723841 0.00539876 0.00381435 0.00246994 0.00139942 0.000662985 0.000256647 8.17482e-05 2.19437e-05 5.07786e-06 1.02386e-06 1.78631e-07 2.60469e-08 2.87935e-09 1.72912e-10 0 
0 0.000246886 0.00162481 0.00433841 0.00796615 0.0123619 0.017364 0.0227091 0.0280875 0.0331792 0.0376825 0.0413396 0.0439591 0.0454251 0.0456859 0.0447778 0.0428321 0.0400214 0.036546 0.0326255 0.0284793 0.0243089 0.0202859 0.0165445 0.0131775 0.0102358 0.00772725 0.00561735 0.00384618 0.00237831 0.00125317 0.000534969 0.000182268 5.05965e-05 1.18103e-05 2.36715e-06 4.07476e-07 5.84287e-08 6.34508e-09 3.74379e-10 0 
0 0.000389646 0.0023172 0.00579634 0.0104583 0.0161799 0.0227091 0.0296889 0.0367129 0.0433633 0.0492653 0.0543276 0.0588606 0.0619982 0.0626236 0.0606092 0.0567723 0.0524184 0.0477689 0.0426403 0.0372251 0.031779 0.0265259 0.0216414 0.0172479 0.0134158 0.0101656 0.00746968 0.00525491 0.00343159 0.00196678 0.00092412 0.000340901 9.92744e-05 2.36328e-05 4.74436e-06 8.10182e-07 1.14732e-07 1.22833e-08 7.14296e-10 0 
0 0.000547311 0.00299974 0.00722837 0.0129545 0.0200197 0.0280875 0.0367129 0.045394 0.0536689 0.0622434 0.0720927 0.0788303 0.0817988 0.0823234 0.0807112 0.0762803 0.0683122 0.0596499 0.0527494 0.046028 0.0392969 0.0328056 0.0267702 0.0213424 0.0166101 0.0126029 0.00929753 0.00662003 0.00445536 0.0027047 0.00137689 0.000549813 0.00016927 4.14308e-05 8.38331e-06 1.42702e-06 2.00355e-07 2.12183e-08 1.21971e-09 0 
0 0.000703709 0.0036291 0.00856857 0.0153145 0.0236543 0.0331792 0.0433633 0.0536689 0.0652827 0.0789591 0.085997 0.0893692 0.0909642 0.0912879 0.090441 0.0882366 0.0839914 0.0752984 0.0632046 0.0543984 0.0464159 0.0387513 0.031626 0.0252186 0.0196331 0.0149058 0.0110145 0.00788444 0.00539088 0.00339309 0.00183412 0.000785181 0.000255638 6.45936e-05 1.32299e-05 2.2532e-06 3.14682e-07 3.30643e-08 1.88399e-09 0 
0 0.000844915 0.00417403 0.00974794 0.0174008 0.0268687 0.0376825 0.0492653 0.0622434 0.0789591 0.0877709 0.0920903 0.0944986 0.0957119 0.0959784 0.0953558 0.0937594 0.0908947 0.085934 0.0760281 0.0624351 0.052733 0.0440108 0.0359212 0.0286471 0.0223066 0.0169414 0.0125286 0.00899057 0.00619794 0.00398685 0.00224681 0.00101665 0.000347995 9.07493e-05 1.88487e-05 3.21963e-06 4.48426e-07 4.6866e-08 2.65343e-09 0 
0 0.000960439 0.00461017 0.0107034 0.0190944 0.0294784 0.0413396 0.0543276 0.0720927 0.085997 0.0920903 0.0955265 0.097559 0.0986129 0.0988558 0.0983308 0.0969841 0.094633 0.0908231 0.0842483 0.0711412 0.0580481 0.0482854 0.0394091 0.0314312 0.0244776 0.0185941 0.0137566 0.00988412 0.00684347 0.00445854 0.00258225 0.00121668 0.000433588 0.00011623 2.44681e-05 4.19642e-06 5.83925e-07 6.08274e-08 3.42926e-09 0 
0 0.00104327 0.00491932 0.0113858 0.0203052 0.0313441 0.0439591 0.0588606 0.0788303 0.0893692 0.0944986 0.097559 0.0994154 0.100392 0.100624 0.100148 0.098922 0.0968073 0.0934733 0.0880646 0.0776845 0.0624354 0.051357 0.0419039 0.0334225 0.0260303 0.0197761 0.0146347 0.0105218 0.00730146 0.00479106 0.00282139 0.00136531 0.000500686 0.000137052 2.91695e-05 5.02263e-06 6.99011e-07 7.2696e-08 4.08839e-09 0 
0 0.00108954 0.00509055 0.0117652 0.0209783 0.0323815 0.0454251 0.0619982 0.0817988 0.0909642 0.0957119 0.0986129 0.100392 0.101335 0.101562 0.101107 0.0999361 0.0979246 0.0947893 0.0898278 0.0807801 0.0653081 0.0530868 0.0432926 0.034531 0.0268948 0.0204343 0.0151236 0.0108767 0.00755582 0.00497535 0.00295514 0.00145095 0.000540924 0.000149959 3.21453e-05 5.5519e-06 7.73261e-07 8.03897e-08 4.51726e-09 0 
0 0.0010982 0.00512104 0.0118323 0.0210973 0.0325647 0.0456859 0.0626236 0.0823234 0.0912879 0.0959784 0.0988558 0.100624 0.101562 0.101788 0.101337 0.100174 0.0981782 0.0950727 0.0901782 0.0813313 0.0658707 0.0533985 0.0435403 0.0347289 0.0270494 0.0205523 0.0152116 0.010941 0.00760243 0.00501014 0.00298194 0.00146953 0.000550347 0.000153175 3.29233e-05 5.69579e-06 7.94149e-07 8.26239e-08 4.64565e-09 0 
0 0.0010706 0.00501617 0.0115985 0.020682 0.0319247 0.0447778 0.0606092 0.0807112 0.090441 0.0953558 0.0983308 0.100148 0.101107 0.101337 0.100873 0.0996759 0.0976162 0.0943909 0.0892357 0.0796184 0.0640439 0.0523301 0.0426883 0.0340496 0.0265202 0.02015 0.0149134 0.0107254 0.00744943 0.00490179 0.00290638 0.00142333 0.000529494 0.000146713 3.14822e-05 5.44816e-06 7.60655e-07 7.92863e-08 4.4673e-09 0 
0 0.00101022 0.00478854 0.0110932 0.0197851 0.0305424 0.0428321 0.0567723 0.0762803 0.0882366 0.0937594 0.0969841 0.098922 0.0999361 0.100174 0.0996759 0.098395 0.0961746 0.0926371 0.0867635 0.0751131 0.0604723 0.0500482 0.0408452 0.0325793 0.0253746 0.0192787 0.0142672 0.0102576 0.00711603 0.0046636 0.00273854 0.00132018 0.000482926 0.000132249 2.8232e-05 4.88297e-06 6.83081e-07 7.14279e-08 4.0397e-09 0 
0 0.000922249 0.00445633 0.0103601 0.0184845 0.028538 0.0400214 0.0524184 0.0683122 0.0839914 0.0908947 0.094633 0.0968073 0.0979246 0.0981782 0.0976162 0.0961746 0.0936356 0.0894366 0.0818347 0.0677433 0.0561004 0.0467644 0.0381718 0.0304465 0.0237126 0.0180149 0.0133297 0.00957823 0.0066302 0.00431484 0.00249372 0.00117294 0.000418427 0.000112672 2.38831e-05 4.12923e-06 5.79526e-07 6.0906e-08 3.4649e-09 0 
0 0.000813251 0.00404119 0.0094517 0.0168747 0.0260576 0.036546 0.0477689 0.0596499 0.0752984 0.085934 0.0908231 0.0934733 0.0947893 0.0950727 0.0943909 0.0926371 0.0894366 0.0837083 0.0722394 0.0602032 0.0511589 0.0427099 0.0348633 0.0278072 0.0216564 0.0164514 0.0121699 0.00873677 0.00602605 0.00388012 0.00219313 0.000999322 0.00034595 9.14473e-05 1.92593e-05 3.33468e-06 4.70675e-07 4.98479e-08 2.86017e-09 0 
0 0.000690775 0.00356612 0.00842453 0.0150583 0.0232591 0.0326255 0.0426403 0.0527494 0.0632046 0.0760281 0.0842483 0.0880646 0.0898278 0.0901782 0.0892357 0.0867635 0.0818347 0.0722394 0.0616802 0.053506 0.0456736 0.0381376 0.0311313 0.0248305 0.0193379 0.0146891 0.0108628 0.00778707 0.00534225 0.00339097 0.001866 0.000821593 0.000276322 7.19509e-05 1.51167e-05 2.63147e-06 3.74867e-07 4.0136e-08 2.32925e-09 0 
0 0.000562926 0.00305389 0.00733324 0.0131363 0.0202993 0.0284793 0.0372251 0.046028 0.0543984 0.0624351 0.0711412 0.0776845 0.0807801 0.0813313 0.0796184 0.0751131 0.0677433 0.0602032 0.053506 0.0467041 0.039882 0.0333026 0.0271853 0.0216842 0.0168884 0.0128286 0.0094838 0.00678546 0.00462494 0.00289188 0.001553 0.000665662 0.000219797 5.69265e-05 1.20169e-05 2.11324e-06 3.04785e-07 3.30515e-08 1.94176e-09 0 
0 0.000437834 0.00252634 0.00622592 0.011201 0.0173217 0.0243089 0.031779 0.0392969 0.0464159 0.052733 0.0580481 0.0624354 0.0653081 0.0658707 0.0640439 0.0604723 0.0561004 0.0511589 0.0456736 0.039882 0.0340577 0.0284405 0.0232183 0.0185229 0.0144311 0.0109687 0.0081142 0.00580339 0.00394437 0.00245227 0.00130777 0.000558087 0.000184566 4.81488e-05 1.02685e-05 1.82556e-06 2.66005e-07 2.91075e-08 1.72308e-09 0 
0 0.000322961 0.00200489 0.00514054 0.0093295 0.0144485 0.0202859 0.0265259 0.0328056 0.0387513 0.0440108 0.0482854 0.051357 0.0530868 0.0533985 0.0523301 0.0500482 0.0467644 0.0427099 0.0381376 0.0333026 0.0284405 0.0237521 0.0193956 0.0154855 0.0120966 0.00925871 0.00693547 0.005033 0.00346328 0.00218271 0.00118827 0.000519528 0.00017522 4.62448e-05 9.91279e-06 1.76419e-06 2.56746e-07 2.80214e-08 1.65296e-09 0 
0 0.000224269 0.00151158 0.00410414 0.00757797 0.0117741 0.0165445 0.0216414 0.0267702 0.031626 0.0359212 0.0394091 0.0419039 0.0432926 0.0435403 0.0426883 0.0408452 0.0381718 0.0348633 0.0311313 0.0271853 0.0232183 0.0193956 0.015855 0.0127276 0.0101645 0.00825852 0.00682164 0.00541171 0.00383804 0.00236909 0.00126929 0.000561372 0.000191839 5.05623e-05 1.07066e-05 1.8743e-06 2.68116e-07 2.87815e-08 1.67167e-09 0 
0 0.000145428 0.00106934 0.00313651 0.00597872 0.00936139 0.0131775 0.0172479 0.0213424 0.0252186 0.0286471 0.0314312 0.0334225 0.034531 0.0347289 0.0340496 0.0325793 0.0304465 0.0278072 0.0248305 0.0216842 0.0185229 0.0154855 0.0127276 0.0105543 0.00956393 0.0101938 0.0114478 0.0110043 0.00803003 0.00437347 0.0019068 0.000728456 0.000234167 5.93622e-05 1.21164e-05 2.05216e-06 2.85206e-07 2.98498e-08 1.69537e-09 0 
0 8.73276e-05 0.000699641 0.00225834 0.00454172 0.00723841 0.0102358 0.0134158 0.0166101 0.0196331 0.0223066 0.0244776 0.0260303 0.0268948 0.0270494 0.0265202 0.0253746 0.0237126 0.0216564 0.0193379 0.0168884 0.0144311 0.0120966 0.0101645 0.00956393 0.0124184 0.0203409 0.0369898 0.0447206 0.0243273 0.0118278 0.00424789 0.00121465 0.000314657 7.08401e-05 1.34193e-05 2.16449e-06 2.90648e-07 2.96019e-08 1.64305e-09 0 
0 4.81745e-05 0.000417097 0.00149906 0.00326652 0.00539876 0.00772725 0.0101656 0.0126029 0.0149058 0.0169414 0.0185941 0.0197761 0.0204343 0.0205523 0.02015 0.0192787 0.0180149 0.0164514 0.0146891 0.0128286 0.0109687 0.00925871 0.00825852 0.0101938 0.0203409 0.0527208 0.0768198 0.0786472 0.0710464 0.0284326 0.00926039 0.00223234 0.000449163 8.30223e-05 1.39006e-05 2.09589e-06 2.71367e-07 2.69786e-08 1.4691e-09 0 
0 2.4248e-05 0.000223601 0.000894638 0.00216457 0.00381435 0.00561735 0.00746968 0.00929753 0.0110145 0.0125286 0.0137566 0.0146347 0.0151236 0.0152116 0.0149134 0.0142672 0.0133297 0.0121699 0.0108628 0.0094838 0.0081142 0.00693547 0.00682164 0.0114478 0.0369898 0.0768198 0.083912 0.0847438 0.0811517 0.0627096 0.0149768 0.00338407 0.000585759 8.97047e-05 1.29619e-05 1.80311e-06 2.25438e-07 2.20206e-08 1.18447e-09 0 
0 1.10797e-05 0.000106796 0.000469111 0.00127522 0.00246994 0.00384618 0.00525491 0.00662003 0.00788444 0.00899057 0.00988412 0.0105218 0.0108767 0.010941 0.0107254 0.0102576 0.00957823 0.00873677 0.00778707 0.00678546 0.00580339 0.005033 0.00541171 0.0110043 0.0447206 0.0786472 0.0847438 0.0855958 0.0826782 0.0708531 0.0175376 0.00366033 0.000594866 8.09192e-05 1.03574e-05 1.34152e-06 1.6346e-07 1.5839e-08 8.48884e-10 0 
0 4.58229e-06 4.52554e-05 0.000212979 0.000645017 0.00139942 0.00237831 0.00343159 0.00445536 0.00539088 0.00619794 0.00684347 0.00730146 0.00755582 0.00760243 0.00744943 0.00711603 0.0066302 0.00602605 0.00534225 0.00462494 0.00394437 0.00346328 0.00383804 0.00803003 0.0243273 0.0710464 0.0811517 0.0826782 0.0775767 0.0465678 0.012176 0.00270536 0.00043319 5.60341e-05 6.7398e-06 8.4342e-07 1.02172e-07 9.9446e-09 5.36187e-10 0 
0 1.71332e-06 1.70252e-05 8.34609e-05 0.000274277 0.000662985 0.00125317 0.00196678 0.0027047 0.00339309 0.00398685 0.00445854 0.00479106 0.00497535 0.00501014 0.00490179 0.0046636 0.00431484 0.00388012 0.00339097 0.00289188 0.00245227 0.00218271 0.00236909 0.00437347 0.0118278 0.0284326 0.0627096 0.0708531 0.0465678 0.0182939 0.00603598 0.00135605 0.000220487 2.86076e-05 3.4672e-06 4.42458e-07 5.47376e-08 5.42549e-09 2.97147e-10 0 
0 5.79163e-07 5.70676e-06 2.84115e-05 9.79953e-05 0.000256647 0.000534969 0.00092412 0.00137689 0.00183412 0.00224681 0.00258225 0.00282139 0.00295514 0.00298194 0.00290638 0.00273854 0.00249372 0.00219313 0.001866 0.001553 0.00130777 0.00118827 0.00126929 0.0019068 0.00424789 0.00926039 0.0149768 0.0175376 0.012176 0.00603598 0.00201553 0.000466127 7.88687e-05 1.08e-05 1.41705e-06 1.94346e-07 2.5154e-08 2.5699e-09 1.44221e-10 0 
0 1.77016e-07 1.71164e-06 8.49032e-06 2.98434e-05 8.17482e-05 0.000182268 0.000340901 0.000549813 0.000785181 0.00101665 0.00121668 0.00136531 0.00145095 0.00146953 0.00142333 0.00132018 0.00117294 0.000999322 0.000821593 0.000665662 0.000558087 0.000519528 0.000561372 0.000728456 0.00121465 0.00223234 0.00338407 0.00366033 0.00270536 0.00135605 0.000466127 0.000113063 2.05264e-05 3.15616e-06 4.77263e-07 7.26152e-08 9.96424e-09 1.05821e-09 6.12811e-11 0 
0 4.88655e-08 4.60582e-07 2.24792e-06 7.88624e-06 2.19437e-05 5.05965e-05 9.92744e-05 0.00016927 0.000255638 0.000347995 0.000433588 0.000500686 0.000540924 0.000550347 0.000529494 0.000482926 0.000418427 0.00034595 0.000276322 0.000219797 0.000184566 0.00017522 0.000191839 0.000234167 0.000314657 0.000449163 0.000585759 0.000594866 0.00043319 0.000220487 7.88687e-05 2.05264e-05 4.21742e-06 7.75578e-07 1.38846e-07 2.34625e-08 3.41993e-09 3.7933e-10 2.2786e-11 0 
0 1.21356e-08 1.1108e-07 5.29549e-07 1.831e-06 5.07786e-06 1.18103e-05 2.36328e-05 4.14308e-05 6.45936e-05 9.07493e-05 0.00011623 0.000137052 0.000149959 0.000153175 0.000146713 0.000132249 0.000112672 9.14473e-05 7.19509e-05 5.69265e-05 4.81488e-05 4.62448e-05 5.05623e-05 5.93622e-05 7.08401e-05 8.30223e-05 8.97047e-05 8.09192e-05 5.60341e-05 2.86076e-05 1.08e-05 3.15616e-06 7.75578e-07 1.73327e-07 3.58502e-08 6.60312e-09 1.01879e-09 1.18289e-10 7.39594e-12 0 
0 2.68613e-09 2.38362e-08 1.10591e-07 3.74354e-07 1.02386e-06 2.36715e-06 4.74436e-06 8.38331e-06 1.32299e-05 1.88487e-05 2.44681e-05 2.91695e-05 3.21453e-05 3.29233e-05 3.14822e-05 2.8232e-05 2.38831e-05 1.92593e-05 1.51167e-05 1.20169e-05 1.02685e-05 9.91279e-06 1.07066e-05 1.21164e-05 1.34193e-05 1.39006e-05 1.29619e-05 1.03574e-05 6.7398e-06 3.4672e-06 1.41705e-06 4.77263e-07 1.38846e-07 3.58502e-08 8.18337e-09 1.61194e-09 2.62268e-10 3.19031e-11 2.08027e-12 0 
0 5.19499e-10 4.46798e-09 2.01479e-08 6.65686e-08 1.78631e-07 4.07476e-07 8.10182e-07 1.42702e-06 2.2532e-06 3.21963e-06 4.19642e-06 5.02263e-06 5.5519e-06 5.69579e-06 5.44816e-06 4.88297e-06 4.12923e-06 3.33468e-06 2.63147e-06 2.11324e-06 1.82556e-06 1.76419e-06 1.8743e-06 2.05216e-06 2.16449e-06 2.09589e-06 1.80311e-06 1.34152e-06 8.4342e-07 4.42458e-07 1.94346e-07 7.26152e-08 2.34625e-08 6.60312e-09 1.61194e-09 3.35833e-10 5.74637e-11 7.32178e-12 4.98242e-13 0 
0 8.41454e-11 7.01878e-10 3.07652e-09 9.91323e-09 2.60469e-08 5.84287e-08 1.14732e-07 2.00355e-07 3.14682e-07 4.48426e-07 5.83925e-07 6.99011e-07 7.73261e-07 7.94149e-07 7.60655e-07 6.83081e-07 5.79526e-07 4.70675e-07 3.74867e-07 3.04785e-07 2.66005e-07 2.56746e-07 2.68116e-07 2.85206e-07 2.90648e-07 2.71367e-07 2.25438e-07 1.6346e-07 1.02172e-07 5.47376e-08 2.5154e-08 9.96424e-09 3.41993e-09 1.01879e-09 2.62268e-10 5.74637e-11 1.03153e-11 1.37519e-12 9.76309e-14 0 
0 1.03088e-11 8.34994e-11 3.56103e-10 1.1195e-09 2.87935e-09 6.34508e-09 1.22833e-08 2.12183e-08 3.30643e-08 4.6866e-08 6.08274e-08 7.2696e-08 8.03897e-08 8.26239e-08 7.92863e-08 7.14279e-08 6.0906e-08 4.98479e-08 4.0136e-08 3.30515e-08 2.91075e-08 2.80214e-08 2.87815e-08 2.98498e-08 2.96019e-08 2.69786e-08 2.20206e-08 1.5839e-08 9.9446e-09 5.42549e-09 2.5699e-09 1.05821e-09 3.7933e-10 1.18289e-10 3.19031e-11 7.32178e-12 1.37519e-12 1.91488e-13 1.41681e-14 0 
0 6.82838e-13 5.37921e-12 2.23525e-11 6.86352e-11 1.72912e-10 3.74379e-10 7.14296e-10 1.21971e-09 1.88399e-09 2.65343e-09 3.42926e-09 4.08839e-09 4.51726e-09 4.64565e-09 4.4673e-09 4.0397e-09 3.4649e-09 2.86017e-09 2.32925e-09 1.94176e-09 1.72308e-09 1.65296e-09 1.67167e-09 1.69537e-09 1.64305e-09 1.4691e-09 1.18447e-09 8.48884e-10 5.36187e-10 2.97147e-10 1.44221e-10 6.12811e-11 2.2786e-11 7.39594e-12 2.08027e-12 4.98242e-13 9.76309e-14 1.41681e-14 1.09082e-15 0 
0 0 0 0 0 0 0 0 0 0 0 0 0 0 0 0 0 0 0 0 0 0 0 0 0 0 0 0 0 0 0 0 0 0 0 0 0 0 0 0 0 
