0 0 0 0 0 0 0 0 0 0 0 0 0 0 0 0 0 0 0 0 0 0 0 0 0 0 0 0 0 0 0 0 0 0 0 0 0 0 0 0 0 
0 7.8321e-10 7.37765e-09 3.63567e-08 1.30725e-07 3.79392e-07 9.28485e-07 1.96199e-06 3.63575e-06 5.97937e-06 8.81665e-06 1.17604e-05 1.4301e-05 1.59544e-05 1.64082e-05 1.56077e-05 1.37571e-05 1.12436e-05 8.51789e-06 5.97573e-06 3.87739e-06 2.3241e-06 1.28575e-06 6.56276e-07 3.09138e-07 1.34497e-07 5.41162e-08 2.0169e-08 6.97443e-09 2.24101e-09 6.69783e-10 1.86232e-10 4.81181e-11 1.15159e-11 2.53627e-12 5.07848e-13 9.03878e-14 1.36708e-14 1.58308e-15 1.0012e-16 0 
0 7.37765e-09 7.23604e-08 3.70612e-07 1.37923e-06 4.11706e-06 1.02825e-05 2.19859e-05 4.08915e-05 6.70538e-05 9.81653e-05 0.000129796 0.000156576 0.00017373 0.000178342 0.000169986 0.000150653 0.000124102 9.48512e-05 6.70842e-05 4.3776e-05 2.62874e-05 1.44996e-05 7.34053e-06 3.41213e-06 1.45827e-06 5.74197e-07 2.08811e-07 7.03064e-08 2.19664e-08 6.37917e-09 1.72316e-09 4.32643e-10 1.00677e-10 2.15781e-11 4.20911e-12 7.30654e-13 1.07914e-13 1.22184e-14 7.56492e-16 0 
0 3.63567e-08 3.70612e-07 1.96687e-06 7.53535e-06 2.29303e-05 5.76678e-05 0.000122547 0.000223936 0.00035802 0.000509599 0.000656389 0.000775674 0.000849796 0.000869136 0.0008329 0.000748412 0.00062939 0.000493394 0.00035857 0.000240098 0.000147281 8.24117e-05 4.19762e-05 1.94665e-05 8.23743e-06 3.19158e-06 1.1367e-06 3.73602e-07 1.13703e-07 3.21269e-08 8.43966e-09 2.06099e-09 4.66721e-10 9.74281e-11 1.85296e-11 3.13985e-12 4.5326e-13 5.0225e-14 3.04724e-15 0 
0 1.30725e-07 1.37923e-06 7.53535e-06 2.94064e-05 8.97266e-05 0.000221995 0.000455668 0.000794007 0.00120492 0.00163316 0.00202044 0.00231935 0.00249869 0.00254393 0.00245585 0.0022486 0.00194765 0.00158733 0.00120761 0.000849112 0.000545956 0.000317998 0.000166771 7.86217e-05 3.34058e-05 1.2862e-05 4.51682e-06 1.45592e-06 4.3306e-07 1.19352e-07 3.05537e-08 7.26963e-09 1.60451e-09 3.26689e-10 6.06609e-11 1.00472e-11 1.41945e-12 1.54129e-13 9.17535e-15 0 
0 3.79392e-07 4.11706e-06 2.29303e-05 8.97266e-05 0.000268181 0.000633815 0.00121995 0.00198153 0.00281929 0.00362728 0.0043196 0.00483576 0.0051389 0.00521353 0.00506346 0.00470946 0.00418639 0.00354037 0.00282642 0.00210622 0.00144395 0.000896323 0.000496866 0.000244046 0.000106215 4.12347e-05 1.44214e-05 4.58981e-06 1.34067e-06 3.61688e-07 9.04866e-08 2.1027e-08 4.53297e-09 9.01954e-10 1.6381e-10 2.65655e-11 3.67913e-12 3.92104e-13 2.29392e-14 0 
0 9.28485e-07 1.02825e-05 5.76678e-05 0.000221995 0.000633815 0.00139634 0.0024846 0.00376137 0.0050686 0.0062767 0.00728842 0.00803384 0.00846874 0.00857469 0.0083582 0.00784811 0.00709125 0.0061472 0.00508356 0.00397306 0.00289332 0.00192614 0.00114716 0.000600169 0.000273527 0.000109007 3.8458e-05 1.21909e-05 3.51787e-06 9.33104e-07 2.28932e-07 5.211e-08 1.1001e-08 2.14424e-09 3.8174e-10 6.07423e-11 8.26297e-12 8.66009e-13 4.98836e-14 0 
0 1.96199e-06 2.19859e-05 0.000122547 0.000455668 0.00121995 0.0024846 0.00411595 0.00590709 0.00768048 0.00929641 0.0106425 0.0116323 0.0122095 0.0123501 0.0120631 0.0113867 0.0103826 0.00912871 0.00771045 0.00621482 0.00472733 0.00333475 0.0021294 0.0011978 0.000581225 0.000241954 8.73253e-05 2.78452e-05 7.99228e-06 2.09463e-06 5.05943e-07 1.13182e-07 2.34678e-08 4.49293e-09 7.86078e-10 1.23022e-10 1.6476e-11 1.70197e-12 9.67442e-14 0 
0 3.63575e-06 4.08915e-05 0.000223936 0.000794007 0.00198153 0.00376137 0.00590709 0.00818913 0.0104236 0.0124537 0.014144 0.0153875 0.0161134 0.0162916 0.0159332 0.0150863 0.0138285 0.0122575 0.0104803 0.00860348 0.006726 0.00493861 0.00333152 0.00200313 0.00104011 0.000457581 0.000171031 5.53935e-05 1.5925e-05 4.14499e-06 9.89711e-07 2.18358e-07 4.46105e-08 8.41404e-09 1.45082e-09 2.23928e-10 2.96055e-11 3.02238e-12 1.69998e-13 0 
0 5.97937e-06 6.70538e-05 0.00035802 0.00120492 0.00281929 0.0050686 0.00768048 0.0104236 0.013102 0.0155348 0.0175614 0.0190539 0.0199269 0.0201442 0.0197185 0.0187073 0.0172038 0.0153253 0.0132003 0.0109562 0.00870957 0.0065607 0.00459802 0.00291328 0.00160856 0.000749928 0.00029247 9.69584e-05 2.80926e-05 7.29696e-06 1.72926e-06 3.77625e-07 7.62706e-08 1.42179e-08 2.42374e-09 3.70105e-10 4.84571e-11 4.90496e-12 2.73942e-13 0 
0 8.81665e-06 9.81653e-05 0.000509599 0.00163316 0.00362728 0.0062767 0.00929641 0.0124537 0.0155348 0.0183345 0.0206686 0.0223897 0.0233992 0.0236549 0.0231709 0.022013 0.0202882 0.0181316 0.0156911 0.0131139 0.0105337 0.00806336 0.00579462 0.00381117 0.00221032 0.00108625 0.000442595 0.00015082 4.42395e-05 1.15142e-05 2.71834e-06 5.89651e-07 1.18154e-07 2.18461e-08 3.69514e-09 5.60318e-10 7.29378e-11 7.35165e-12 4.09613e-13 0 
0 1.17604e-05 0.000129796 0.000656389 0.00202044 0.0043196 0.00728842 0.0106425 0.014144 0.0175614 0.0206686 0.0232615 0.0251762 0.0263031 0.0265945 0.0260655 0.0247885 0.0228817 0.0204948 0.017792 0.0149367 0.0120779 0.00934028 0.00682133 0.00460079 0.00276585 0.00141861 0.000601322 0.000210667 6.2703e-05 1.64024e-05 3.87072e-06 8.37024e-07 1.67035e-07 3.07576e-08 5.18475e-09 7.84486e-10 1.02072e-10 1.03063e-11 5.76774e-13 0 
0 1.4301e-05 0.000156576 0.000775674 0.00231935 0.00483576 0.00803384 0.0116323 0.0153875 0.0190539 0.0223897 0.0251762 0.0272375 0.0284553 0.0287778 0.0282203 0.0268597 0.0248222 0.0222678 0.0193728 0.0163127 0.0132475 0.0103113 0.00760753 0.00521497 0.00321246 0.00170014 0.000743886 0.000267078 8.06742e-05 2.12546e-05 5.0296e-06 1.08853e-06 2.17327e-07 4.00626e-08 6.77043e-09 1.02918e-09 1.34903e-10 1.37676e-11 7.81672e-13 0 
0 1.59544e-05 0.00017373 0.000849796 0.00249869 0.0051389 0.00846874 0.0122095 0.0161134 0.0199269 0.0233992 0.0263031 0.0284553 0.0297324 0.0300796 0.0295119 0.0281082 0.0259992 0.0233504 0.020345 0.0171653 0.0139782 0.0109236 0.00810889 0.00561318 0.00351034 0.00189633 0.000848604 0.000310596 9.5097e-05 2.52767e-05 6.01971e-06 1.31048e-06 2.63406e-07 4.89793e-08 8.37282e-09 1.29207e-09 1.72652e-10 1.80429e-11 1.05354e-12 0 
0 1.64082e-05 0.000178342 0.000869136 0.00254393 0.00521353 0.00857469 0.0123501 0.0162916 0.0201442 0.0236549 0.0265945 0.0287778 0.0300796 0.0304436 0.0298842 0.02848 0.0263618 0.0236962 0.0206674 0.0174595 0.0142411 0.0111539 0.00830661 0.00577879 0.00364211 0.00198964 0.000902552 0.000334909 0.000103822 2.79141e-05 6.72691e-06 1.48448e-06 3.03375e-07 5.75877e-08 1.00982e-08 1.60682e-09 2.22496e-10 2.41922e-11 1.4732e-12 0 
0 1.56077e-05 0.000169986 0.0008329 0.00245585 0.00506346 0.0083582 0.0120631 0.0159332 0.0197185 0.0231709 0.0260655 0.0282203 0.0295119 0.0298842 0.0293504 0.0279866 0.0259202 0.0233139 0.0203478 0.0172022 0.0140426 0.0110084 0.00820684 0.00571705 0.0036107 0.0019799 0.000904109 0.000338916 0.000106517 2.91417e-05 7.1766e-06 1.62681e-06 3.43568e-07 6.78274e-08 1.24437e-08 2.081e-09 3.03506e-10 3.47324e-11 2.21792e-12 0 
0 1.37571e-05 0.000150653 0.000748412 0.0022486 0.00470946 0.00784811 0.0113867 0.0150863 0.0187073 0.022013 0.0247885 0.0268597 0.0281082 0.02848 0.0279866 0.0266998 0.0247404 0.0222629 0.0194384 0.0164389 0.013422 0.0105208 0.00783859 0.00545302 0.00343718 0.00188299 0.000862935 0.000327252 0.000105041 2.96283e-05 7.59242e-06 1.807e-06 4.03862e-07 8.48515e-08 1.66007e-08 2.95429e-09 4.55794e-10 5.46972e-11 3.62595e-12 0 
0 1.12436e-05 0.000124102 0.00062939 0.00194765 0.00418639 0.00709125 0.0103826 0.0138285 0.0172038 0.0202882 0.0228817 0.0248222 0.0259992 0.0263618 0.0259202 0.0247404 0.0229339 0.0206436 0.0180281 0.0152465 0.012445 0.00974738 0.00725017 0.00502895 0.00315846 0.00172842 0.000798212 0.000309575 0.000103358 3.08081e-05 8.45173e-06 2.17218e-06 5.25769e-07 1.19217e-07 2.49481e-08 4.69041e-09 7.54147e-10 9.30933e-11 6.27618e-12 0 
0 8.51789e-06 9.48512e-05 0.000493394 0.00158733 0.00354037 0.0061472 0.00912871 0.0122575 0.0153253 0.0181316 0.0204948 0.0222678 0.0233504 0.0236962 0.0233139 0.0222629 0.0206436 0.018585 0.0162305 0.0137237 0.0111965 0.00876054 0.00650447 0.00450091 0.00282432 0.00155605 0.000735899 0.000299413 0.000107444 3.5043e-05 1.06024e-05 2.9962e-06 7.87937e-07 1.9081e-07 4.18649e-08 8.11319e-09 1.3257e-09 1.64479e-10 1.10541e-11 0 
0 5.97573e-06 6.70842e-05 0.00035857 0.00120761 0.00282642 0.00508356 0.00771045 0.0104803 0.0132003 0.0156911 0.017792 0.0193728 0.020345 0.0206674 0.0203478 0.0194384 0.0180281 0.0162305 0.0141724 0.0119802 0.00977037 0.0076415 0.00567341 0.0039344 0.00249288 0.00141143 0.000705966 0.000313763 0.00012591 4.62067e-05 1.55569e-05 4.78575e-06 1.33578e-06 3.35442e-07 7.48994e-08 1.45659e-08 2.36486e-09 2.89594e-10 1.91279e-11 0 
0 3.87739e-06 4.3776e-05 0.000240098 0.000849112 0.00210622 0.00397306 0.00621482 0.00860348 0.0109562 0.0131139 0.0149367 0.0163127 0.0171653 0.0174595 0.0172022 0.0164389 0.0152465 0.0137237 0.0119802 0.0101258 0.00826135 0.006473 0.00483177 0.0033979 0.00222331 0.00134033 0.000741041 0.000374766 0.000172235 7.11378e-05 2.61272e-05 8.48217e-06 2.42995e-06 6.13623e-07 1.35889e-07 2.59808e-08 4.12543e-09 4.92706e-10 3.17016e-11 0 
0 2.3241e-06 2.62874e-05 0.000147281 0.000545956 0.00144395 0.00289332 0.00472733 0.006726 0.00870957 0.0105337 0.0120779 0.0132475 0.0139782 0.0142411 0.0140426 0.013422 0.012445 0.0111965 0.00977037 0.00826135 0.00675695 0.00533267 0.00404977 0.00295328 0.00206636 0.00138404 0.000877991 0.000514927 0.000270069 0.000122899 4.77324e-05 1.58133e-05 4.50894e-06 1.11661e-06 2.40589e-07 4.45856e-08 6.85304e-09 7.92403e-10 4.94125e-11 0 
0 1.28575e-06 1.44996e-05 8.24117e-05 0.000317998 0.000896323 0.00192614 0.00333475 0.00493861 0.0065607 0.00806336 0.00934028 0.0103113 0.0109236 0.0111539 0.0110084 0.0105208 0.00974738 0.00876054 0.0076415 0.006473 0.00533267 0.00428679 0.00338343 0.00264403 0.00205732 0.00158386 0.00117512 0.000801736 0.000475277 0.000233483 9.30175e-05 3.03111e-05 8.30398e-06 1.96286e-06 4.04332e-07 7.18584e-08 1.06216e-08 1.18424e-09 7.14007e-11 0 
0 6.56276e-07 7.34053e-06 4.19762e-05 0.000166771 0.000496866 0.00114716 0.0021294 0.00333152 0.00459802 0.00579462 0.00682133 0.00760753 0.00810889 0.00830661 0.00820684 0.00783859 0.00725017 0.00650447 0.00567341 0.00483177 0.00404977 0.00338343 0.00286356 0.00248998 0.00223839 0.00206345 0.0018687 0.00152384 0.00101985 0.000527714 0.000206877 6.26384e-05 1.54735e-05 3.31539e-06 6.33864e-07 1.06675e-07 1.50947e-08 1.6205e-09 9.44673e-11 0 
0 3.09138e-07 3.41213e-06 1.94665e-05 7.86217e-05 0.000244046 0.000600169 0.0011978 0.00200313 0.00291328 0.00381117 0.00460079 0.00521497 0.00561318 0.00577879 0.00571705 0.00545302 0.00502895 0.00450091 0.0039344 0.0033979 0.00295328 0.00264403 0.00248998 0.00251379 0.00280832 0.00346715 0.00415774 0.00407206 0.00294361 0.00151854 0.000559001 0.000149909 3.111e-05 5.54928e-06 9.25832e-07 1.43795e-07 1.9366e-08 2.00313e-09 1.13152e-10 0 
0 1.34497e-07 1.45827e-06 8.23743e-06 3.34058e-05 0.000106215 0.000273527 0.000581225 0.00104011 0.00160856 0.00221032 0.00276585 0.00321246 0.00351034 0.00364211 0.0036107 0.00343718 0.00315846 0.00282432 0.00249288 0.00222331 0.00206636 0.00205732 0.00223839 0.00280832 0.00441815 0.00771875 0.0114104 0.0122241 0.00901588 0.00453009 0.00156417 0.000378194 6.65755e-05 9.47399e-06 1.2775e-06 1.74686e-07 2.21338e-08 2.2094e-09 1.21442e-10 0 
0 5.41162e-08 5.74197e-07 3.19158e-06 1.2862e-05 4.12347e-05 0.000109007 0.000241954 0.000457581 0.000749928 0.00108625 0.00141861 0.00170014 0.00189633 0.00198964 0.0019799 0.00188299 0.00172842 0.00155605 0.00141143 0.00134033 0.00138404 0.00158386 0.00206345 0.00346715 0.00771875 0.0165204 0.0263987 0.0290226 0.0214856 0.0106595 0.00355996 0.000811711 0.000129318 1.54628e-05 1.65571e-06 1.90141e-07 2.22837e-08 2.15107e-09 1.15739e-10 0 
0 2.0169e-08 2.08811e-07 1.1367e-06 4.51682e-06 1.44214e-05 3.8458e-05 8.73253e-05 0.000171031 0.00029247 0.000442595 0.000601322 0.000743886 0.000848604 0.000902552 0.000904109 0.000862935 0.000798212 0.000735899 0.000705966 0.000741041 0.000877991 0.00117512 0.0018687 0.00415774 0.0114104 0.0263987 0.0431924 0.0478263 0.0354369 0.017509 0.00577477 0.00128175 0.000194271 2.10359e-05 1.89309e-06 1.8194e-07 1.95397e-08 1.8319e-09 9.72203e-11 0 
0 6.97443e-09 7.03064e-08 3.73602e-07 1.45592e-06 4.58981e-06 1.21909e-05 2.78452e-05 5.53935e-05 9.69584e-05 0.00015082 0.000210667 0.000267078 0.000310596 0.000334909 0.000338916 0.000327252 0.000309575 0.000299413 0.000313763 0.000374766 0.000514927 0.000801736 0.00152384 0.00407206 0.0122241 0.0290226 0.0478263 0.0530687 0.0393305 0.019408 0.00637421 0.00139948 0.000207268 2.13757e-05 1.74144e-06 1.47154e-07 1.47206e-08 1.35474e-09 7.15805e-11 0 
0 2.24101e-09 2.19664e-08 1.13703e-07 4.3306e-07 1.34067e-06 3.51787e-06 7.99228e-06 1.5925e-05 2.80926e-05 4.42395e-05 6.2703e-05 8.06742e-05 9.5097e-05 0.000103822 0.000106517 0.000105041 0.000103358 0.000107444 0.00012591 0.000172235 0.000270069 0.000475277 0.00101985 0.00294361 0.00901588 0.0214856 0.0354369 0.0393305 0.0291493 0.0143813 0.00471943 0.00103263 0.000151513 1.53282e-05 1.20143e-06 9.63723e-08 9.40034e-09 8.65659e-10 4.60337e-11 0 
0 6.69783e-10 6.37917e-09 3.21269e-08 1.19352e-07 3.61688e-07 9.33104e-07 2.09463e-06 4.14499e-06 7.29696e-06 1.15142e-05 1.64024e-05 2.12546e-05 2.52767e-05 2.79141e-05 2.91417e-05 2.96283e-05 3.08081e-05 3.5043e-05 4.62067e-05 7.11378e-05 0.000122899 0.000233483 0.000527714 0.00151854 0.00453009 0.0106595 0.017509 0.019408 0.0143813 0.00709922 0.00233254 0.000510587 7.48503e-05 7.58755e-06 6.02759e-07 4.99965e-08 5.05681e-09 4.77108e-10 2.58207e-11 0 
0 1.86232e-10 1.72316e-09 8.43966e-09 3.05537e-08 9.04866e-08 2.28932e-07 5.05943e-07 9.89711e-07 1.72926e-06 2.71834e-06 3.87072e-06 5.0296e-06 6.01971e-06 6.72691e-06 7.1766e-06 7.59242e-06 8.45173e-06 1.06024e-05 1.55569e-05 2.61272e-05 4.77324e-05 9.30175e-05 0.000206877 0.000559001 0.00156417 0.00355996 0.00577477 0.00637421 0.00471943 0.00233254 0.000768275 0.000168709 2.49327e-05 2.59517e-06 2.21808e-07 2.07975e-08 2.30475e-09 2.27193e-10 1.26341e-11 0 
0 4.81181e-11 4.32643e-10 2.06099e-09 7.26963e-09 2.1027e-08 5.211e-08 1.13182e-07 2.18358e-07 3.77625e-07 5.89651e-07 8.37024e-07 1.08853e-06 1.31048e-06 1.48448e-06 1.62681e-06 1.807e-06 2.17218e-06 2.9962e-06 4.78575e-06 8.48217e-06 1.58133e-05 3.03111e-05 6.26384e-05 0.000149909 0.000378194 0.000811711 0.00128175 0.00139948 0.00103263 0.000510587 0.000168709 3.73702e-05 5.66188e-06 6.31384e-07 6.31365e-08 7.23301e-09 9.0222e-10 9.38079e-11 5.39782e-12 0 
0 1.15159e-11 1.00677e-10 4.66721e-10 1.60451e-09 4.53297e-09 1.1001e-08 2.34678e-08 4.46105e-08 7.62706e-08 1.18154e-07 1.67035e-07 2.17327e-07 2.63406e-07 3.03375e-07 3.43568e-07 4.03862e-07 5.25769e-07 7.87937e-07 1.33578e-06 2.42995e-06 4.50894e-06 8.30398e-06 1.54735e-05 3.111e-05 6.65755e-05 0.000129318 0.000194271 0.000207268 0.000151513 7.48503e-05 2.49327e-05 5.66188e-06 9.14688e-07 1.18587e-07 1.53211e-08 2.20339e-09 3.06935e-10 3.36832e-11 2.0145e-12 0 
0 2.53627e-12 2.15781e-11 9.74281e-11 3.26689e-10 9.01954e-10 2.14424e-09 4.49293e-09 8.41404e-09 1.42179e-08 2.18461e-08 3.07576e-08 4.00626e-08 4.89793e-08 5.75877e-08 6.78274e-08 8.48515e-08 1.19217e-07 1.9081e-07 3.35442e-07 6.13623e-07 1.11661e-06 1.96286e-06 3.31539e-06 5.54928e-06 9.47399e-06 1.54628e-05 2.10359e-05 2.13757e-05 1.53282e-05 7.58755e-06 2.59517e-06 6.31384e-07 1.18587e-07 2.00418e-08 3.47731e-09 6.00136e-10 9.1035e-11 1.0516e-11 6.55483e-13 0 
0 5.07848e-13 4.20911e-12 1.85296e-11 6.06609e-11 1.6381e-10 3.8174e-10 7.86078e-10 1.45082e-09 2.42374e-09 3.69514e-09 5.18475e-09 6.77043e-09 8.37282e-09 1.00982e-08 1.24437e-08 1.66007e-08 2.49481e-08 4.18649e-08 7.48994e-08 1.35889e-07 2.40589e-07 4.04332e-07 6.33864e-07 9.25832e-07 1.2775e-06 1.65571e-06 1.89309e-06 1.74144e-06 1.20143e-06 6.02759e-07 2.21808e-07 6.31365e-08 1.53211e-08 3.47731e-09 7.48168e-10 1.44603e-10 2.33957e-11 2.83827e-12 1.84656e-13 0 
0 9.03878e-14 7.30654e-13 3.13985e-12 1.00472e-11 2.65655e-11 6.07423e-11 1.23022e-10 2.23928e-10 3.70105e-10 5.60318e-10 7.84486e-10 1.02918e-09 1.29207e-09 1.60682e-09 2.081e-09 2.95429e-09 4.69041e-09 8.11319e-09 1.45659e-08 2.59808e-08 4.45856e-08 7.18584e-08 1.06675e-07 1.43795e-07 1.74686e-07 1.90141e-07 1.8194e-07 1.47154e-07 9.63723e-08 4.99965e-08 2.07975e-08 7.23301e-09 2.20339e-09 6.00136e-10 1.44603e-10 2.99937e-11 5.1219e-12 6.51561e-13 4.42652e-14 0 
0 1.36708e-14 1.07914e-13 4.5326e-13 1.41945e-12 3.67913e-12 8.26297e-12 1.6476e-11 2.96055e-11 4.84571e-11 7.29378e-11 1.02072e-10 1.34903e-10 1.72652e-10 2.22496e-10 3.03506e-10 4.55794e-10 7.54147e-10 1.3257e-09 2.36486e-09 4.12543e-09 6.85304e-09 1.06216e-08 1.50947e-08 1.9366e-08 2.21338e-08 2.22837e-08 1.95397e-08 1.47206e-08 9.40034e-09 5.05681e-09 2.30475e-09 9.0222e-10 3.06935e-10 9.1035e-11 2.33957e-11 5.1219e-12 9.18711e-13 1.22361e-13 8.67689e-15 0 
0 1.58308e-15 1.22184e-14 5.0225e-14 1.54129e-13 3.92104e-13 8.66009e-13 1.70197e-12 3.02238e-12 4.90496e-12 7.35165e-12 1.03063e-11 1.37676e-11 1.80429e-11 2.41922e-11 3.47324e-11 5.46972e-11 9.30933e-11 1.64479e-10 2.89594e-10 4.92706e-10 7.92403e-10 1.18424e-09 1.6205e-09 2.00313e-09 2.2094e-09 2.15107e-09 1.8319e-09 1.35474e-09 8.65659e-10 4.77108e-10 2.27193e-10 9.38079e-11 3.36832e-11 1.0516e-11 2.83827e-12 6.51561e-13 1.22361e-13 1.70302e-14 1.25913e-15 0 
0 1.0012e-16 7.56492e-16 3.04724e-15 9.17535e-15 2.29392e-14 4.98836e-14 9.67442e-14 1.69998e-13 2.73942e-13 4.09613e-13 5.76774e-13 7.81672e-13 1.05354e-12 1.4732e-12 2.21792e-12 3.62595e-12 6.27618e-12 1.10541e-11 1.91279e-11 3.17016e-11 4.94125e-11 7.14007e-11 9.44673e-11 1.13152e-10 1.21442e-10 1.15739e-10 9.72203e-11 7.15805e-11 4.60337e-11 2.58207e-11 1.26341e-11 5.39782e-12 2.0145e-12 6.55483e-13 1.84656e-13 4.42652e-14 8.67689e-15 1.25913e-15 9.69083e-17 0 
0 0 0 0 0 0 0 0 0 0 0 0 0 0 0 0 0 0 0 0 0 0 0 0 0 0 0 0 0 0 0 0 0 0 0 0 0 0 0 0 0 
