0 0 0 0 0 0 0 0 0 0 0 0 0 0 0 0 0 0 0 0 0 0 0 0 0 0 0 0 0 0 0 0 0 0 0 0 0 0 0 0 0 
0 4.76463e-09 4.45514e-08 2.163e-07 7.59609e-07 2.13416e-06 5.01656e-06 1.01239e-05 1.78703e-05 2.80206e-05 3.95609e-05 5.08841e-05 6.02049e-05 6.60217e-05 6.74658e-05 6.44592e-05 5.76716e-05 4.83179e-05 3.78584e-05 2.76791e-05 1.88303e-05 1.18846e-05 6.93965e-06 3.74089e-06 1.85909e-06 8.51344e-07 3.59359e-07 1.39956e-07 5.03577e-08 1.67632e-08 5.16813e-09 1.47627e-09 3.90377e-10 9.52889e-11 2.1339e-11 4.3329e-12 7.80204e-13 1.19145e-13 1.39068e-14 8.85225e-16 0 
0 4.45514e-08 4.34182e-07 2.18758e-06 7.9071e-06 2.26049e-05 5.33564e-05 0.000106748 0.000184908 0.000282818 0.000388935 0.000488509 0.000567493 0.000615427 0.000626906 0.000601872 0.0005451 0.000465136 0.000372812 0.000279419 0.000194778 0.000125577 7.45012e-05 4.05175e-05 2.01572e-05 9.17024e-06 3.81953e-06 1.45974e-06 5.13256e-07 1.66469e-07 4.99129e-08 1.38521e-08 3.55773e-09 8.43666e-10 1.83661e-10 3.62857e-11 6.36452e-12 9.47924e-13 1.08051e-13 6.72558e-15 0 
0 2.163e-07 2.18758e-06 1.13488e-05 4.16441e-05 0.000118555 0.000272883 0.000523052 0.000859167 0.00124407 0.00162835 0.00196545 0.00221973 0.00236878 0.00240296 0.00232415 0.0021442 0.00188331 0.00156823 0.00123007 0.000901188 0.000610723 0.000379123 0.000213839 0.000109036 5.01972e-05 2.09084e-05 7.91333e-06 2.73545e-06 8.67886e-07 2.53749e-07 6.85492e-08 1.7125e-08 3.94993e-09 8.3679e-10 1.61024e-10 2.75395e-11 4.00441e-12 4.46209e-13 2.71872e-14 0 
0 7.59609e-07 7.9071e-06 4.16441e-05 0.000151576 0.000415795 0.000898422 0.00159383 0.00242417 0.00328534 0.00408478 0.00475278 0.00524146 0.00552229 0.00558452 0.00543364 0.00508941 0.00458314 0.00395504 0.00325179 0.00252499 0.00182944 0.0012187 0.000735062 0.000396403 0.000189876 8.08277e-05 3.07674e-05 1.05653e-05 3.30172e-06 9.45738e-07 2.49528e-07 6.079e-08 1.36668e-08 2.8227e-09 5.29917e-10 8.8505e-11 1.25821e-11 1.37247e-12 8.19672e-14 0 
0 2.13416e-06 2.26049e-05 0.000118555 0.000415795 0.00106255 0.00209945 0.00341659 0.00484842 0.00625165 0.00751645 0.00855844 0.00931541 0.00974836 0.0098426 0.00960726 0.00907259 0.00828562 0.00730471 0.00619416 0.00502017 0.00384951 0.00275113 0.00179647 0.00104875 0.000537696 0.000240249 9.39258e-05 3.25133e-05 1.01054e-05 2.85421e-06 7.38869e-07 1.76146e-07 3.87087e-08 7.81313e-09 1.43407e-09 2.34357e-10 3.26332e-11 3.49065e-12 2.04674e-13 0 
0 5.01656e-06 5.33564e-05 0.000272883 0.000898422 0.00209945 0.00379803 0.00577617 0.00783578 0.00982182 0.0116034 0.0130696 0.0141346 0.0147433 0.014875 0.0145426 0.0137892 0.0126816 0.0113023 0.00974136 0.00808774 0.00642429 0.00482657 0.00336844 0.00212944 0.00118534 0.000568384 0.000233329 8.28407e-05 2.59143e-05 7.2747e-06 1.85785e-06 4.35203e-07 9.37939e-08 1.85545e-08 3.33807e-09 5.35001e-10 7.31236e-11 7.68541e-12 4.43261e-13 0 
0 1.01239e-05 0.000106748 0.000523052 0.00159383 0.00341659 0.00577617 0.00841428 0.0111282 0.0137399 0.0160833 0.0180128 0.0194148 0.0202165 0.0203903 0.019953 0.0189616 0.0175046 0.0156918 0.0136422 0.0114738 0.00929368 0.00719305 0.00524774 0.00352951 0.00212064 0.00110008 0.000481907 0.000178378 5.6871e-05 1.60048e-05 4.05652e-06 9.37877e-07 1.9895e-07 3.86932e-08 6.84224e-09 1.07825e-09 1.45001e-10 1.50075e-11 8.53187e-13 0 
0 1.78703e-05 0.000184908 0.000859167 0.00242417 0.00484842 0.00783578 0.0111282 0.0145082 0.0177617 0.0206823 0.0230882 0.0248374 0.0258387 0.026057 0.0255136 0.0242794 0.022465 0.0202078 0.0176571 0.0149607 0.0122531 0.00964702 0.00722956 0.00506803 0.00322963 0.00179963 0.000845365 0.000329845 0.000108342 3.08169e-05 7.79736e-06 1.78726e-06 3.74545e-07 7.18482e-08 1.2525e-08 1.946e-09 2.58142e-10 2.63736e-11 1.48132e-12 0 
0 2.80206e-05 0.000282818 0.00124407 0.00328534 0.00625165 0.00982182 0.0137399 0.0177617 0.0216341 0.0251119 0.0279781 0.0300635 0.0312589 0.0315224 0.0308787 0.0294122 0.0272549 0.0245703 0.0215369 0.0183313 0.0151148 0.0120221 0.00915604 0.00658784 0.00437225 0.00257769 0.00129078 0.000532522 0.00018142 5.24907e-05 1.33261e-05 3.04068e-06 6.31744e-07 1.19915e-07 2.06701e-08 3.17539e-09 4.16636e-10 4.21285e-11 2.3437e-12 0 
0 3.95609e-05 0.000388935 0.00162835 0.00408478 0.00751645 0.0116034 0.0160833 0.0206823 0.0251119 0.0290915 0.0323733 0.034763 0.0361355 0.0364421 0.0357108 0.0340377 0.0315736 0.0285058 0.0250388 0.0213752 0.0177001 0.0141687 0.0108991 0.00797041 0.00543261 0.00333544 0.00175923 0.000764094 0.000270394 7.98623e-05 2.04184e-05 4.65382e-06 9.61706e-07 1.81199e-07 3.09781e-08 4.71943e-09 6.14276e-10 6.16523e-11 3.40702e-12 0 
0 5.08841e-05 0.000488509 0.00196545 0.00475278 0.00855844 0.0130696 0.0180128 0.0230882 0.0279781 0.0323733 0.036 0.0386436 0.0401652 0.0405108 0.0397102 0.0378693 0.0351542 0.0317716 0.0279474 0.0239056 0.0198511 0.0159561 0.0123517 0.00912532 0.00632666 0.00399257 0.00218845 0.000991604 0.000363266 0.000109562 2.82652e-05 6.45185e-06 1.32994e-06 2.49487e-07 4.24364e-08 6.432e-09 8.33211e-10 8.32854e-11 4.58791e-12 0 
0 6.02049e-05 0.000567493 0.00221973 0.00524146 0.00931541 0.0141346 0.0194148 0.0248374 0.0300635 0.034763 0.0386436 0.0414754 0.0431096 0.0434875 0.0426405 0.040681 0.037786 0.0341761 0.0300925 0.0257752 0.0214434 0.0172817 0.0134313 0.00998595 0.00699697 0.00449394 0.00252862 0.00118206 0.000445245 0.000136789 3.56196e-05 8.15759e-06 1.6818e-06 3.15097e-07 5.35082e-08 8.09862e-09 1.0483e-09 1.04806e-10 5.78189e-12 0 
0 6.60217e-05 0.000615427 0.00236878 0.00552229 0.00974836 0.0147433 0.0202165 0.0258387 0.0312589 0.0361355 0.0401652 0.0431096 0.0448137 0.0452158 0.0443476 0.0423251 0.039331 0.0355936 0.0313629 0.0268877 0.0223957 0.0180791 0.0140846 0.0105105 0.00740946 0.0048077 0.00274823 0.00131068 0.000503298 0.000156829 4.11892e-05 9.4785e-06 1.95987e-06 3.68068e-07 6.26673e-08 9.51731e-09 1.23767e-09 1.24513e-10 6.92514e-12 0 
0 6.74658e-05 0.000626906 0.00240296 0.00558452 0.0098426 0.014875 0.0203903 0.026057 0.0315224 0.0364421 0.0405108 0.0434875 0.0452158 0.0456326 0.0447692 0.0427414 0.0397327 0.0359727 0.0317129 0.0272039 0.0226755 0.0183217 0.0142912 0.0106835 0.00755231 0.00492269 0.00283428 0.00136501 0.000529765 0.000166647 4.41095e-05 1.02196e-05 2.12738e-06 4.02513e-07 6.9135e-08 1.0611e-08 1.39761e-09 1.42761e-10 8.08287e-12 0 
0 6.44592e-05 0.000601872 0.00232415 0.00543364 0.00960726 0.0145426 0.019953 0.0255136 0.0308787 0.0357108 0.0397102 0.0426405 0.0443476 0.0447692 0.043935 0.0419577 0.0390166 0.0353361 0.0311626 0.0267415 0.0222983 0.0180236 0.0140635 0.0105163 0.00743528 0.00484648 0.00279087 0.0013458 0.000524143 0.000165906 4.42957e-05 1.03751e-05 2.18835e-06 4.20611e-07 7.36007e-08 1.15447e-08 1.55891e-09 1.63727e-10 9.5535e-12 0 
0 5.76716e-05 0.0005451 0.0021442 0.00508941 0.00907259 0.0137892 0.0189616 0.0242794 0.0294122 0.0340377 0.0378693 0.040681 0.0423251 0.0427414 0.0419577 0.0400809 0.0372816 0.0337736 0.0297916 0.0255699 0.0213237 0.0172351 0.0134439 0.0100443 0.00708808 0.00460384 0.00263763 0.00126619 0.000493129 0.000157186 4.2557e-05 1.01675e-05 2.19878e-06 4.35343e-07 7.88082e-08 1.28334e-08 1.80338e-09 1.97277e-10 1.19803e-11 0 
0 4.83179e-05 0.000465136 0.00188331 0.00458314 0.00828562 0.0126816 0.0175046 0.022465 0.0272549 0.0315736 0.0351542 0.037786 0.039331 0.0397327 0.0390166 0.0372816 0.034686 0.0314285 0.0277271 0.0237997 0.0198464 0.0160363 0.0124995 0.00932353 0.00655799 0.00423522 0.00240819 0.00115 0.00044942 0.00014554 4.0511e-05 1.00464e-05 2.27157e-06 4.72608e-07 9.01292e-08 1.54595e-08 2.28195e-09 2.60936e-10 1.64589e-11 0 
0 3.78584e-05 0.000372812 0.00156823 0.00395504 0.00730471 0.0113023 0.0156918 0.0202078 0.0245703 0.0285058 0.0317716 0.0341761 0.0355936 0.0359727 0.0353361 0.0337736 0.0314285 0.0284809 0.0251289 0.0215698 0.017985 0.0145276 0.0113149 0.00842565 0.00590688 0.00379524 0.00214846 0.00102931 0.000409983 0.000137882 4.04858e-05 1.0697e-05 2.58719e-06 5.74967e-07 1.16451e-07 2.10295e-08 3.23522e-09 3.81637e-10 2.45991e-11 0 
0 2.76791e-05 0.000279419 0.00123007 0.00325179 0.00619416 0.00974136 0.0136422 0.0176571 0.0215369 0.0250388 0.0279474 0.0300925 0.0313629 0.0317129 0.0311626 0.0297916 0.0277271 0.0251289 0.0221725 0.0190328 0.0158703 0.0128198 0.00998397 0.00743207 0.00520778 0.0033502 0.00191372 0.000941671 0.000394866 0.000142922 4.56913e-05 1.31399e-05 3.42689e-06 8.09571e-07 1.71596e-07 3.19591e-08 5.00793e-09 5.95745e-10 3.84306e-11 0 
0 1.88303e-05 0.000194778 0.000901188 0.00252499 0.00502017 0.00808774 0.0114738 0.0149607 0.0183313 0.0213752 0.0239056 0.0257752 0.0268877 0.0272039 0.0267415 0.0255699 0.0237997 0.0215698 0.0190328 0.0163406 0.0136321 0.0110233 0.00860221 0.00642802 0.0045402 0.00297332 0.00176376 0.000927973 0.0004278 0.000172406 6.09474e-05 1.89932e-05 5.23859e-06 1.28006e-06 2.75733e-07 5.15198e-08 8.02687e-09 9.43781e-10 5.99476e-11 0 
0 1.18846e-05 0.000125577 0.000610723 0.00182944 0.00384951 0.00642429 0.00929368 0.0122531 0.0151148 0.0177001 0.0198511 0.0214434 0.0223957 0.0226755 0.0222983 0.0213237 0.0198464 0.017985 0.0158703 0.0136321 0.0113889 0.00923969 0.00725854 0.00549582 0.00398282 0.00273611 0.00175702 0.00103255 0.000539916 0.000244409 9.42441e-05 3.0931e-05 8.72152e-06 2.13402e-06 4.54417e-07 8.33073e-08 1.26838e-08 1.45471e-09 9.00894e-11 0 
0 6.93965e-06 7.45012e-05 0.000379123 0.0012187 0.00275113 0.00482657 0.00719305 0.00964702 0.0120221 0.0141687 0.0159561 0.0172817 0.0180791 0.0183217 0.0180236 0.0172351 0.0160363 0.0145276 0.0128198 0.0110233 0.00923969 0.00755355 0.00602892 0.0047074 0.00360524 0.00270604 0.00196207 0.00132506 0.00079049 0.00039592 0.000161614 5.37958e-05 1.4939e-05 3.55018e-06 7.3099e-07 1.29497e-07 1.90651e-08 2.11738e-09 1.27216e-10 0 
0 3.74089e-06 4.05175e-05 0.000213839 0.000735062 0.00179647 0.00336844 0.00524774 0.00722956 0.00915604 0.0108991 0.0123517 0.0134313 0.0140846 0.0142912 0.0140635 0.0134439 0.0124995 0.0113149 0.00998397 0.00860221 0.00725854 0.00602892 0.00497109 0.0041215 0.00349166 0.00304704 0.00265844 0.00213617 0.00144094 0.000767871 0.000315223 0.000100508 2.59708e-05 5.73258e-06 1.1113e-06 1.87755e-07 2.65632e-08 2.84796e-09 1.65773e-10 0 
0 1.85909e-06 2.01572e-05 0.000109036 0.000396403 0.00104875 0.00212944 0.00352951 0.00506803 0.00658784 0.00797041 0.00912532 0.00998595 0.0105105 0.0106835 0.0105163 0.0100443 0.00932353 0.00842565 0.00743207 0.00642802 0.00549582 0.0047074 0.0041215 0.0038104 0.00392716 0.00460143 0.00539346 0.00524775 0.00380353 0.00199051 0.000758337 0.000215157 4.7798e-05 9.07551e-06 1.57518e-06 2.48601e-07 3.36224e-08 3.47969e-09 1.96505e-10 0 
0 8.51344e-07 9.17024e-06 5.01972e-05 0.000189876 0.000537696 0.00118534 0.00212064 0.00322963 0.00437225 0.00543261 0.00632666 0.00699697 0.00740946 0.00755231 0.00743528 0.00708808 0.00655799 0.00590688 0.00520778 0.0045402 0.00398282 0.00360524 0.00349166 0.00392716 0.0057741 0.0098633 0.0145049 0.0155223 0.0114524 0.0057696 0.00201439 0.000502968 9.38496e-05 1.44254e-05 2.08854e-06 2.96672e-07 3.80393e-08 3.80703e-09 2.09372e-10 0 
0 3.59359e-07 3.81953e-06 2.09084e-05 8.08277e-05 0.000240249 0.000568384 0.00110008 0.00179963 0.00257769 0.00333544 0.00399257 0.00449394 0.0048077 0.00492269 0.00484648 0.00460384 0.00423522 0.00379524 0.0033502 0.00297332 0.00273611 0.00270604 0.00304704 0.00460143 0.0098633 0.0209717 0.0334753 0.0367961 0.0272409 0.0135214 0.00452799 0.00104634 0.000172886 2.20648e-05 2.57677e-06 3.16026e-07 3.79608e-08 3.68495e-09 1.98514e-10 0 
0 1.39956e-07 1.45974e-06 7.91333e-06 3.07674e-05 9.39258e-05 0.000233329 0.000481907 0.000845365 0.00129078 0.00175923 0.00218845 0.00252862 0.00274823 0.00283428 0.00279087 0.00263763 0.00240819 0.00214846 0.00191372 0.00176376 0.00175702 0.00196207 0.00265844 0.00539346 0.0145049 0.0334753 0.0547512 0.0606218 0.0449185 0.0221968 0.00732759 0.00163628 0.000253542 2.88049e-05 2.81656e-06 2.95221e-07 3.30118e-08 3.12466e-09 1.66141e-10 0 
0 5.03577e-08 5.13256e-07 2.73545e-06 1.05653e-05 3.25133e-05 8.28407e-05 0.000178378 0.000329845 0.000532522 0.000764094 0.000991604 0.00118206 0.00131068 0.00136501 0.0013458 0.00126619 0.00115 0.00102931 0.000941671 0.000927973 0.00103255 0.00132506 0.00213617 0.00524775 0.0155223 0.0367961 0.0606218 0.0672376 0.0498594 0.0246016 0.00808446 0.00178196 0.000268042 2.86765e-05 2.51518e-06 2.34031e-07 2.46993e-08 2.30352e-09 1.22006e-10 0 
0 1.67632e-08 1.66469e-07 8.67886e-07 3.30172e-06 1.01054e-05 2.59143e-05 5.6871e-05 0.000108342 0.00018142 0.000270394 0.000363266 0.000445245 0.000503298 0.000529765 0.000524143 0.000493129 0.00044942 0.000409983 0.000394866 0.0004278 0.000539916 0.00079049 0.00144094 0.00380353 0.0114524 0.0272409 0.0449185 0.0498594 0.0369465 0.0182302 0.00598639 0.00131502 0.000195558 2.0419e-05 1.71389e-06 1.51792e-07 1.57141e-08 1.46897e-09 7.83197e-11 0 
0 5.16813e-09 4.99129e-08 2.53749e-07 9.45738e-07 2.85421e-06 7.2747e-06 1.60048e-05 3.08169e-05 5.24907e-05 7.98623e-05 0.000109562 0.000136789 0.000156829 0.000166647 0.000165906 0.000157186 0.00014554 0.000137882 0.000142922 0.000172406 0.000244409 0.00039592 0.000767871 0.00199051 0.0057696 0.0135214 0.0221968 0.0246016 0.0182302 0.00900143 0.00296136 0.000651687 9.68715e-05 1.01355e-05 8.63319e-07 7.90282e-08 8.45692e-09 8.0885e-10 4.38753e-11 0 
0 1.47627e-09 1.38521e-08 6.85492e-08 2.49528e-07 7.38869e-07 1.85785e-06 4.05652e-06 7.79736e-06 1.33261e-05 2.04184e-05 2.82652e-05 3.56196e-05 4.11892e-05 4.41095e-05 4.42957e-05 4.2557e-05 4.0511e-05 4.04858e-05 4.56913e-05 6.09474e-05 9.42441e-05 0.000161614 0.000315223 0.000758337 0.00201439 0.00452799 0.00732759 0.00808446 0.00598639 0.00296136 0.000978348 0.000216484 3.25234e-05 3.51338e-06 3.24423e-07 3.33819e-08 3.86822e-09 3.8508e-10 2.14503e-11 0 
0 3.90377e-10 3.55773e-09 1.7125e-08 6.079e-08 1.76146e-07 4.35203e-07 9.37877e-07 1.78726e-06 3.04068e-06 4.65382e-06 6.45185e-06 8.15759e-06 9.4785e-06 1.02196e-05 1.03751e-05 1.01675e-05 1.00464e-05 1.0697e-05 1.31399e-05 1.89932e-05 3.0931e-05 5.37958e-05 0.000100508 0.000215157 0.000502968 0.00104634 0.00163628 0.00178196 0.00131502 0.000651687 0.000216484 4.84711e-05 7.51199e-06 8.80346e-07 9.59365e-08 1.18552e-08 1.52081e-09 1.5901e-10 9.15925e-12 0 
0 9.52889e-11 8.43666e-10 3.94993e-09 1.36668e-08 3.87087e-08 9.37939e-08 1.9895e-07 3.74545e-07 6.31744e-07 9.61706e-07 1.32994e-06 1.6818e-06 1.95987e-06 2.12738e-06 2.18835e-06 2.19878e-06 2.27157e-06 2.58719e-06 3.42689e-06 5.23859e-06 8.72152e-06 1.4939e-05 2.59708e-05 4.7798e-05 9.38496e-05 0.000172886 0.000253542 0.000268042 0.000195558 9.68715e-05 3.25234e-05 7.51199e-06 1.25772e-06 1.74294e-07 2.44022e-08 3.67661e-09 5.18992e-10 5.70978e-11 3.41695e-12 0 
0 2.1339e-11 1.83661e-10 8.3679e-10 2.8227e-09 7.81313e-09 1.85545e-08 3.86932e-08 7.18482e-08 1.19915e-07 1.81199e-07 2.49487e-07 3.15097e-07 3.68068e-07 4.02513e-07 4.20611e-07 4.35343e-07 4.72608e-07 5.74967e-07 8.09571e-07 1.28006e-06 2.13402e-06 3.55018e-06 5.73258e-06 9.07551e-06 1.44254e-05 2.20648e-05 2.88049e-05 2.86765e-05 2.0419e-05 1.01355e-05 3.51338e-06 8.80346e-07 1.74294e-07 3.15211e-08 5.7483e-09 1.01157e-09 1.54163e-10 1.78256e-11 1.11151e-12 0 
0 4.3329e-12 3.62857e-11 1.61024e-10 5.29917e-10 1.43407e-09 3.33807e-09 6.84224e-09 1.2525e-08 2.06701e-08 3.09781e-08 4.24364e-08 5.35082e-08 6.26673e-08 6.9135e-08 7.36007e-08 7.88082e-08 9.01292e-08 1.16451e-07 1.71596e-07 2.75733e-07 4.54417e-07 7.3099e-07 1.1113e-06 1.57518e-06 2.08854e-06 2.57677e-06 2.81656e-06 2.51518e-06 1.71389e-06 8.63319e-07 3.24423e-07 9.59365e-08 2.44022e-08 5.7483e-09 1.25908e-09 2.44693e-10 3.96406e-11 4.81087e-12 3.13069e-13 0 
0 7.80204e-13 6.36452e-12 2.75395e-11 8.8505e-11 2.34357e-10 5.35001e-10 1.07825e-09 1.946e-09 3.17539e-09 4.71943e-09 6.432e-09 8.09862e-09 9.51731e-09 1.0611e-08 1.15447e-08 1.28334e-08 1.54595e-08 2.10295e-08 3.19591e-08 5.15198e-08 8.33073e-08 1.29497e-07 1.87755e-07 2.48601e-07 2.96672e-07 3.16026e-07 2.95221e-07 2.34031e-07 1.51792e-07 7.90282e-08 3.33819e-08 1.18552e-08 3.67661e-09 1.01157e-09 2.44693e-10 5.08117e-11 8.67976e-12 1.10436e-12 7.50403e-14 0 
0 1.19145e-13 9.47924e-13 4.00441e-12 1.25821e-11 3.26332e-11 7.31236e-11 1.45001e-10 2.58142e-10 4.16636e-10 6.14276e-10 8.33211e-10 1.0483e-09 1.23767e-09 1.39761e-09 1.55891e-09 1.80338e-09 2.28195e-09 3.23522e-09 5.00793e-09 8.02687e-09 1.26838e-08 1.90651e-08 2.65632e-08 3.36224e-08 3.80393e-08 3.79608e-08 3.30118e-08 2.46993e-08 1.57141e-08 8.45692e-09 3.86822e-09 1.52081e-09 5.18992e-10 1.54163e-10 3.96406e-11 8.67976e-12 1.55702e-12 2.07397e-13 1.47088e-14 0 
0 1.39068e-14 1.08051e-13 4.46209e-13 1.37247e-12 3.49065e-12 7.68541e-12 1.50075e-11 2.63736e-11 4.21285e-11 6.16523e-11 8.32854e-11 1.04806e-10 1.24513e-10 1.42761e-10 1.63727e-10 1.97277e-10 2.60936e-10 3.81637e-10 5.95745e-10 9.43781e-10 1.45471e-09 2.11738e-09 2.84796e-09 3.47969e-09 3.80703e-09 3.68495e-09 3.12466e-09 2.30352e-09 1.46897e-09 8.0885e-10 3.8508e-10 1.5901e-10 5.70978e-11 1.78256e-11 4.81087e-12 1.10436e-12 2.07397e-13 2.88667e-14 2.13443e-15 0 
0 8.85225e-16 6.72558e-15 2.71872e-14 8.19672e-14 2.04674e-13 4.43261e-13 8.53187e-13 1.48132e-12 2.3437e-12 3.40702e-12 4.58791e-12 5.78189e-12 6.92514e-12 8.08287e-12 9.5535e-12 1.19803e-11 1.64589e-11 2.45991e-11 3.84306e-11 5.99476e-11 9.00894e-11 1.27216e-10 1.65773e-10 1.96505e-10 2.09372e-10 1.98514e-10 1.66141e-10 1.22006e-10 7.83197e-11 4.38753e-11 2.14503e-11 9.15925e-12 3.41695e-12 1.11151e-12 3.13069e-13 7.50403e-14 1.47088e-14 2.13443e-15 1.64281e-16 0 
0 0 0 0 0 0 0 0 0 0 0 0 0 0 0 0 0 0 0 0 0 0 0 0 0 0 0 0 0 0 0 0 0 0 0 0 0 0 0 0 0 
