0 0 0 0 0 0 0 0 0 0 0 0 0 0 0 0 0 0 0 0 0 0 0 0 0 0 0 0 0 0 0 0 0 0 0 0 0 0 0 0 0 
0 4.84072e-07 4.28873e-06 1.86991e-05 5.5718e-05 0.000126816 0.000235318 0.000373788 0.000527797 0.000681373 0.000820547 0.000934699 0.00101669 0.00106256 0.00107118 0.0010439 0.000984162 0.000897183 0.00078955 0.000668843 0.000543183 0.000420678 0.000308703 0.000213055 0.00013718 8.17238e-05 4.46983e-05 2.22989e-05 1.00993e-05 4.14164e-06 1.53657e-06 5.15837e-07 1.56718e-07 4.30423e-08 1.0644e-08 2.34773e-09 4.52754e-10 7.3165e-11 8.94693e-12 5.91743e-13 0 
0 4.28873e-06 3.86988e-05 0.000165111 0.000459847 0.000946587 0.00157287 0.00225812 0.0029365 0.00356305 0.00410574 0.00454003 0.00484783 0.00501833 0.0050488 0.00494457 0.00471815 0.00438755 0.00397423 0.00350108 0.00299091 0.00246582 0.00194776 0.00145948 0.0010244 0.000663873 0.000391469 0.000207408 9.78977e-05 4.1026e-05 1.52824e-05 5.07984e-06 1.51315e-06 4.04918e-07 9.72258e-08 2.07909e-08 3.88658e-09 6.09253e-10 7.23608e-11 4.65565e-12 0 
0 1.86991e-05 0.000165111 0.000647807 0.00158171 0.0028442 0.00425495 0.00570622 0.00713046 0.00846215 0.00963335 0.0105819 0.0112594 0.011636 0.0117027 0.0114708 0.0109695 0.0102419 0.00934008 0.00831989 0.00723531 0.00613375 0.00505272 0.00401938 0.0030547 0.00218167 0.0014323 0.000843196 0.000435466 0.000194737 7.52847e-05 2.53432e-05 7.5077e-06 1.97472e-06 4.62919e-07 9.63253e-08 1.75018e-08 2.66714e-09 3.08259e-10 1.93278e-11 0 
0 5.5718e-05 0.000459847 0.00158171 0.00336113 0.00550363 0.00785785 0.0103325 0.0128095 0.0151508 0.0172204 0.0189005 0.0201016 0.0207696 0.0208877 0.020476 0.0195865 0.0182964 0.0166996 0.0148976 0.0129905 0.0110697 0.0092111 0.00746987 0.00587745 0.00444402 0.00317172 0.00207726 0.00120462 0.000598277 0.000249864 8.79121e-05 2.64595e-05 6.93325e-06 1.60028e-06 3.25853e-07 5.77802e-08 8.58747e-09 9.68433e-10 5.93138e-11 0 
0 0.000126816 0.000946587 0.0028442 0.00550363 0.00866486 0.0122193 0.0160063 0.0198145 0.0234194 0.0266075 0.0291961 0.0310469 0.0320761 0.0322581 0.0316235 0.0302527 0.0282647 0.0258045 0.0230287 0.0200927 0.017139 0.0142883 0.011634 0.00923768 0.0071261 0.00529218 0.0037102 0.0023721 0.00132003 0.000612426 0.000232415 7.28667e-05 1.93414e-05 4.44237e-06 8.91374e-07 1.55024e-07 2.25575e-08 2.49015e-09 1.49398e-10 0 
0 0.000235318 0.00157287 0.00425495 0.00785785 0.0122193 0.0171799 0.0224804 0.0278142 0.032864 0.0373306 0.0409578 0.043554 0.0450023 0.0452592 0.0443646 0.0424391 0.0396524 0.0362054 0.0323168 0.0282041 0.0240674 0.0200768 0.0163651 0.0130241 0.0101034 0.0076092 0.00550618 0.00373731 0.00227705 0.0011752 0.000490306 0.000163728 4.47874e-05 1.03543e-05 2.06288e-06 3.53782e-07 5.06119e-08 5.48815e-09 3.23508e-10 0 
0 0.000373788 0.00225812 0.00570622 0.0103325 0.0160063 0.0224804 0.0294018 0.0363677 0.0429634 0.0488093 0.0536911 0.0576937 0.0603751 0.0609057 0.0591701 0.0558817 0.0518931 0.0473329 0.0422489 0.0368777 0.0314756 0.026265 0.0214198 0.0170614 0.0132589 0.0100318 0.00735075 0.00514197 0.00332115 0.00186921 0.00085774 0.000309076 8.83733e-05 2.07835e-05 4.14145e-06 7.04093e-07 9.94436e-08 1.06293e-08 6.17487e-10 0 
0 0.000527797 0.0029365 0.00713046 0.0128095 0.0198145 0.0278142 0.0363677 0.044977 0.0531611 0.0610635 0.0698067 0.0766566 0.0800018 0.0805915 0.0787182 0.0738922 0.0663427 0.0588392 0.0522648 0.0456085 0.038932 0.0324931 0.0265064 0.0211224 0.0164278 0.0124512 0.00916825 0.00650316 0.00434212 0.00259698 0.00129273 0.000503298 0.00015165 3.65727e-05 7.33378e-06 1.24181e-06 1.73817e-07 1.83745e-08 1.05506e-09 0 
0 0.000681373 0.00356305 0.00846215 0.0151508 0.0234194 0.032864 0.0429634 0.0531611 0.0638051 0.0767281 0.0849158 0.088755 0.0905362 0.0908874 0.0899277 0.0874257 0.0824781 0.0729355 0.06221 0.0538983 0.0459932 0.0383906 0.0313228 0.0249671 0.0194264 0.0147364 0.0108738 0.00776235 0.00527636 0.00328143 0.00173813 0.000725158 0.000230509 5.72486e-05 1.16016e-05 1.96379e-06 2.73304e-07 2.86582e-08 1.63092e-09 0 
0 0.000820547 0.00410574 0.00963335 0.0172204 0.0266075 0.0373306 0.0488093 0.0610635 0.0767281 0.0869581 0.0918088 0.0944695 0.095796 0.0960798 0.095387 0.0936157 0.0904095 0.0847735 0.0737746 0.0615684 0.0522526 0.043608 0.0355835 0.028368 0.0220786 0.0167561 0.0123771 0.00886279 0.00608203 0.00387409 0.00214412 0.000945937 0.000315641 8.07417e-05 1.65688e-05 2.81059e-06 3.89923e-07 4.06599e-08 2.29895e-09 0 
0 0.000934699 0.00454003 0.0105819 0.0189005 0.0291961 0.0409578 0.0536911 0.0698067 0.0849158 0.0918088 0.0956011 0.0978192 0.0989605 0.0992171 0.0986374 0.0971585 0.0945667 0.0903204 0.0828124 0.0693061 0.0574393 0.0478477 0.039044 0.0311302 0.0242325 0.018396 0.0135963 0.00975125 0.00672604 0.00434572 0.00247626 0.00113853 0.000395201 0.000103763 2.15559e-05 3.66884e-06 5.08332e-07 5.28238e-08 2.97371e-09 0 
0 0.00101669 0.00484783 0.0112594 0.0201016 0.0310469 0.043554 0.0576937 0.0766566 0.088755 0.0944695 0.0978192 0.0998337 0.100887 0.101131 0.100606 0.0992666 0.09695 0.0932706 0.0872064 0.0756585 0.0614817 0.0508894 0.0415197 0.0331063 0.0257734 0.0195692 0.0144681 0.0103852 0.00718285 0.00467852 0.00271411 0.00128268 0.000458009 0.000122676 2.57446e-05 4.397e-06 6.09167e-07 6.31894e-08 3.54833e-09 0 
0 0.00106256 0.00501833 0.011636 0.0207696 0.0320761 0.0450023 0.0603751 0.0800018 0.0905362 0.095796 0.0989605 0.100887 0.101901 0.102139 0.10164 0.100362 0.0981642 0.0947178 0.0891922 0.078969 0.0640322 0.0525946 0.0428983 0.0342069 0.0266318 0.0202229 0.014954 0.0107384 0.00743678 0.00486332 0.00284772 0.00136629 0.000495935 0.000134469 2.84093e-05 4.8656e-06 6.7451e-07 6.99385e-08 3.92388e-09 0 
0 0.00107118 0.0050488 0.0117027 0.0208877 0.0322581 0.0452592 0.0609057 0.0805915 0.0908874 0.0960798 0.0992171 0.101131 0.102139 0.102377 0.101882 0.100613 0.0984329 0.0950212 0.0895753 0.0795643 0.0645265 0.0529016 0.0431455 0.0344045 0.0267863 0.0203409 0.0150421 0.0108029 0.00748395 0.00489888 0.00287514 0.0013849 0.000505045 0.000137479 2.91225e-05 4.99599e-06 6.93327e-07 7.19454e-08 4.03908e-09 0 
0 0.0010439 0.00494457 0.0114708 0.020476 0.0316235 0.0443646 0.0591701 0.0787182 0.0899277 0.095387 0.0986374 0.100606 0.10164 0.101882 0.101371 0.100064 0.0978106 0.0942589 0.0885006 0.0776719 0.0629055 0.0518539 0.042302 0.033732 0.0262626 0.019943 0.0147473 0.0105898 0.00733256 0.00479163 0.00280093 0.00134065 0.000485784 0.000131702 2.78623e-05 4.7824e-06 6.64688e-07 6.911e-08 3.88841e-09 0 
0 0.000984162 0.00471815 0.0109695 0.0195865 0.0302527 0.0424391 0.0558817 0.0738922 0.0874257 0.0936157 0.0971585 0.0992666 0.100362 0.100613 0.100064 0.0986609 0.0962225 0.0923029 0.0856702 0.0730357 0.0597085 0.0496016 0.0404755 0.0322752 0.0251277 0.0190801 0.0141074 0.0101264 0.00700179 0.00455501 0.0026354 0.00124141 0.000442543 0.000118683 2.4997e-05 4.29027e-06 5.97648e-07 6.23528e-08 3.52217e-09 0 
0 0.000897183 0.00438755 0.0102419 0.0182964 0.0282647 0.0396524 0.0518931 0.0663427 0.0824781 0.0904095 0.0945667 0.09695 0.0981642 0.0984329 0.0978106 0.0962225 0.0934127 0.0887014 0.0799555 0.066282 0.0555733 0.0463492 0.0378254 0.0301614 0.023481 0.0178281 0.0131788 0.00945319 0.00651957 0.00420858 0.00239441 0.00110024 0.000382835 0.000101094 2.11657e-05 3.63405e-06 5.08146e-07 5.33037e-08 3.02975e-09 0 
0 0.00078955 0.00397423 0.00934008 0.0166996 0.0258045 0.0362054 0.0473329 0.0588392 0.0729355 0.0847735 0.0903204 0.0932706 0.0947178 0.0950212 0.0942589 0.0923029 0.0887014 0.0820958 0.0702578 0.0595543 0.0507079 0.0423296 0.0345456 0.0275457 0.0214436 0.0162794 0.0120302 0.00861947 0.00592018 0.00377768 0.00210008 0.000934979 0.000316192 8.21216e-05 1.71088e-05 2.94484e-06 4.14418e-07 4.38324e-08 2.51405e-09 0 
0 0.000668843 0.00350108 0.00831989 0.0148976 0.0230287 0.0323168 0.0422489 0.0522648 0.06221 0.0737746 0.0828124 0.0872064 0.0891922 0.0895753 0.0885006 0.0856702 0.0799555 0.0702578 0.0609642 0.053034 0.0452713 0.037796 0.0308459 0.0245957 0.0191468 0.0145343 0.0107363 0.00767925 0.00524307 0.00329526 0.00178272 0.000767727 0.000252841 6.48503e-05 1.35039e-05 2.33992e-06 3.3266e-07 3.55963e-08 2.06624e-09 0 
0 0.000543183 0.00299091 0.00723531 0.0129905 0.0200927 0.0282041 0.0368777 0.0456085 0.0538983 0.0615684 0.0693061 0.0756585 0.078969 0.0795643 0.0776719 0.0730357 0.066282 0.0595543 0.053034 0.0462942 0.0395278 0.033002 0.0269346 0.0214782 0.0167211 0.0126932 0.00937261 0.00668972 0.00453626 0.00280798 0.00148371 0.000623557 0.000202299 5.17654e-05 1.08536e-05 1.90263e-06 2.74112e-07 2.97268e-08 1.74755e-09 0 
0 0.000420678 0.00246582 0.00613375 0.0110697 0.017139 0.0240674 0.0314756 0.038932 0.0459932 0.0522526 0.0574393 0.0614817 0.0640322 0.0645265 0.0629055 0.0597085 0.0555733 0.0507079 0.0452713 0.0395278 0.0337518 0.0281814 0.0230029 0.0183468 0.0142891 0.0108547 0.00802126 0.00572422 0.00387263 0.00238675 0.00125573 0.000527433 0.000172036 4.44683e-05 9.43632e-06 1.67389e-06 2.43746e-07 2.66757e-08 1.57994e-09 0 
0 0.000308703 0.00194776 0.00505272 0.0092111 0.0142883 0.0200768 0.026265 0.0324931 0.0383906 0.043608 0.0478477 0.0508894 0.0525946 0.0529016 0.0518539 0.0496016 0.0463492 0.0423296 0.037796 0.033002 0.0281814 0.0235335 0.019215 0.0153394 0.0119807 0.00916763 0.00686366 0.00497496 0.00341396 0.00213928 0.00115336 0.000498182 0.000166188 4.35311e-05 9.2913e-06 1.6501e-06 2.39926e-07 2.61777e-08 1.54415e-09 0 
0 0.000213055 0.00145948 0.00401938 0.00746987 0.011634 0.0163651 0.0214198 0.0265064 0.0313228 0.0355835 0.039044 0.0415197 0.0428983 0.0431455 0.042302 0.0404755 0.0378254 0.0345456 0.0308459 0.0269346 0.0230029 0.019215 0.0157077 0.0126107 0.0100734 0.00818714 0.00676443 0.00536617 0.00380313 0.0023419 0.00124722 0.000546323 0.000184857 4.83683e-05 1.01974e-05 1.78094e-06 2.54433e-07 2.72921e-08 1.58436e-09 0 
0 0.00013718 0.0010244 0.0030547 0.00587745 0.00923768 0.0130241 0.0170614 0.0211224 0.0249671 0.028368 0.0311302 0.0331063 0.0342069 0.0344045 0.033732 0.0322752 0.0301614 0.0275457 0.0245957 0.0214782 0.0183468 0.0153394 0.0126107 0.0104626 0.00948755 0.0101183 0.0113661 0.0109266 0.00797294 0.00434089 0.00188906 0.000717083 0.000228278 5.73999e-05 1.16579e-05 1.96927e-06 2.73287e-07 2.85762e-08 1.62194e-09 0 
0 8.17238e-05 0.000663873 0.00218167 0.00444402 0.0071261 0.0101034 0.0132589 0.0164278 0.0194264 0.0220786 0.0242325 0.0257734 0.0266318 0.0267863 0.0262626 0.0251277 0.023481 0.0214436 0.0191468 0.0167211 0.0142891 0.0119807 0.0100734 0.00948755 0.0123288 0.0201993 0.0355718 0.0430403 0.0237858 0.0117461 0.00421756 0.00120346 0.000309389 6.9005e-05 1.29905e-05 2.08872e-06 2.8004e-07 2.84957e-08 1.58061e-09 0 
0 4.46983e-05 0.000391469 0.0014323 0.00317172 0.00529218 0.0076092 0.0100318 0.0124512 0.0147364 0.0167561 0.018396 0.0195692 0.0202229 0.0203409 0.019943 0.0190801 0.0178281 0.0162794 0.0145343 0.0126932 0.0108547 0.00916763 0.00818714 0.0101183 0.0201993 0.0509201 0.0772046 0.079142 0.0701759 0.0278716 0.00919653 0.00221594 0.00044404 8.13329e-05 1.35125e-05 2.02916e-06 2.62271e-07 2.60519e-08 1.41782e-09 0 
0 2.22989e-05 0.000207408 0.000843196 0.00207726 0.0037102 0.00550618 0.00735075 0.00916825 0.0108738 0.0123771 0.0135963 0.0144681 0.014954 0.0150421 0.0147473 0.0141074 0.0131788 0.0120302 0.0107363 0.00937261 0.00802126 0.00686366 0.00676443 0.0113661 0.0355718 0.0772046 0.0847131 0.0855815 0.0816534 0.0611249 0.0148397 0.00336038 0.000580445 8.82275e-05 1.26393e-05 1.74936e-06 2.18272e-07 2.13028e-08 1.14529e-09 0 
0 1.00993e-05 9.78977e-05 0.000435466 0.00120462 0.0023721 0.00373731 0.00514197 0.00650316 0.00776235 0.00886279 0.00975125 0.0103852 0.0107384 0.0108029 0.0105898 0.0101264 0.00945319 0.00861947 0.00767925 0.00668972 0.00572422 0.00497496 0.00536617 0.0109266 0.0430403 0.079142 0.0855815 0.0864699 0.0833312 0.0700297 0.0170066 0.00363492 0.000589886 7.97483e-05 1.01204e-05 1.30327e-06 1.58433e-07 1.53393e-08 8.21751e-10 0 
0 4.14164e-06 4.1026e-05 0.000194737 0.000598277 0.00132003 0.00227705 0.00332115 0.00434212 0.00527636 0.00608203 0.00672604 0.00718285 0.00743678 0.00748395 0.00733256 0.00700179 0.00651957 0.00592018 0.00524307 0.00453626 0.00387263 0.00341396 0.00380313 0.00797294 0.0237858 0.0701759 0.0816534 0.0833312 0.0780449 0.0450096 0.0120925 0.00268651 0.000429518 5.52457e-05 6.59083e-06 8.19909e-07 9.90902e-08 9.63729e-09 5.19427e-10 0 
0 1.53657e-06 1.52824e-05 7.52847e-05 0.000249864 0.000612426 0.0011752 0.00186921 0.00259698 0.00328143 0.00387409 0.00434572 0.00467852 0.00486332 0.00489888 0.00479163 0.00455501 0.00420858 0.00377768 0.00329526 0.00280798 0.00238675 0.00213928 0.0023419 0.00434089 0.0117461 0.0278716 0.0611249 0.0700297 0.0450096 0.0181685 0.00599448 0.00134635 0.000218436 2.8179e-05 3.38899e-06 4.30129e-07 5.31018e-08 5.25997e-09 2.87995e-10 0 
0 5.15837e-07 5.07984e-06 2.53432e-05 8.79121e-05 0.000232415 0.000490306 0.00085774 0.00129273 0.00173813 0.00214412 0.00247626 0.00271411 0.00284772 0.00287514 0.00280093 0.0026354 0.00239441 0.00210008 0.00178272 0.00148371 0.00125573 0.00115336 0.00124722 0.00188906 0.00421756 0.00919653 0.0148397 0.0170066 0.0120925 0.00599448 0.00200142 0.000462431 7.79904e-05 1.06149e-05 1.38299e-06 1.88846e-07 2.44043e-08 2.49213e-09 1.39823e-10 0 
0 1.56718e-07 1.51315e-06 7.5077e-06 2.64595e-05 7.28667e-05 0.000163728 0.000309076 0.000503298 0.000725158 0.000945937 0.00113853 0.00128268 0.00136629 0.0013849 0.00134065 0.00124141 0.00110024 0.000934979 0.000767727 0.000623557 0.000527433 0.000498182 0.000546323 0.000717083 0.00120346 0.00221594 0.00336038 0.00363492 0.00268651 0.00134635 0.000462431 0.00011192 2.02314e-05 3.09155e-06 4.64829e-07 7.05178e-08 9.66726e-09 1.02634e-09 5.94248e-11 0 
0 4.30423e-08 4.04918e-07 1.97472e-06 6.93325e-06 1.93414e-05 4.47874e-05 8.83733e-05 0.00015165 0.000230509 0.000315641 0.000395201 0.000458009 0.000495935 0.000505045 0.000485784 0.000442543 0.000382835 0.000316192 0.000252841 0.000202299 0.000172036 0.000166188 0.000184857 0.000228278 0.000309389 0.00044404 0.000580445 0.000589886 0.000429518 0.000218436 7.79904e-05 2.02314e-05 4.13677e-06 7.56711e-07 1.34976e-07 2.27739e-08 3.31794e-09 3.67943e-10 2.20989e-11 0 
0 1.0644e-08 9.72258e-08 4.62919e-07 1.60028e-06 4.44237e-06 1.03543e-05 2.07835e-05 3.65727e-05 5.72486e-05 8.07417e-05 0.000103763 0.000122676 0.000134469 0.000137479 0.000131702 0.000118683 0.000101094 8.21216e-05 6.48503e-05 5.17654e-05 4.44683e-05 4.35311e-05 4.83683e-05 5.73999e-05 6.9005e-05 8.13329e-05 8.82275e-05 7.97483e-05 5.52457e-05 2.8179e-05 1.06149e-05 3.09155e-06 7.56711e-07 1.68577e-07 3.48101e-08 6.40758e-09 9.88393e-10 1.14745e-10 7.17356e-12 0 
0 2.34773e-09 2.07909e-08 9.63253e-08 3.25853e-07 8.91374e-07 2.06288e-06 4.14145e-06 7.33378e-06 1.16016e-05 1.65688e-05 2.15559e-05 2.57446e-05 2.84093e-05 2.91225e-05 2.78623e-05 2.4997e-05 2.11657e-05 1.71088e-05 1.35039e-05 1.08536e-05 9.43632e-06 9.2913e-06 1.01974e-05 1.16579e-05 1.29905e-05 1.35125e-05 1.26393e-05 1.01204e-05 6.59083e-06 3.38899e-06 1.38299e-06 4.64829e-07 1.34976e-07 3.48101e-08 7.9417e-09 1.564e-09 2.5444e-10 3.09482e-11 2.01784e-12 0 
0 4.52754e-10 3.88658e-09 1.75018e-08 5.77802e-08 1.55024e-07 3.53782e-07 7.04093e-07 1.24181e-06 1.96379e-06 2.81059e-06 3.66884e-06 4.397e-06 4.8656e-06 4.99599e-06 4.7824e-06 4.29027e-06 3.63405e-06 2.94484e-06 2.33992e-06 1.90263e-06 1.67389e-06 1.6501e-06 1.78094e-06 1.96927e-06 2.08872e-06 2.02916e-06 1.74936e-06 1.30327e-06 8.19909e-07 4.30129e-07 1.88846e-07 7.05178e-08 2.27739e-08 6.40758e-09 1.564e-09 3.25822e-10 5.57476e-11 7.10271e-12 4.83304e-13 0 
0 7.3165e-11 6.09253e-10 2.66714e-09 8.58747e-09 2.25575e-08 5.06119e-08 9.94436e-08 1.73817e-07 2.73304e-07 3.89923e-07 5.08332e-07 6.09167e-07 6.7451e-07 6.93327e-07 6.64688e-07 5.97648e-07 5.08146e-07 4.14418e-07 3.3266e-07 2.74112e-07 2.43746e-07 2.39926e-07 2.54433e-07 2.73287e-07 2.8004e-07 2.62271e-07 2.18272e-07 1.58433e-07 9.90902e-08 5.31018e-08 2.44043e-08 9.66726e-09 3.31794e-09 9.88393e-10 2.5444e-10 5.57476e-11 1.00069e-11 1.33404e-12 9.47051e-14 0 
0 8.94693e-12 7.23608e-11 3.08259e-10 9.68433e-10 2.49015e-09 5.48815e-09 1.06293e-08 1.83745e-08 2.86582e-08 4.06599e-08 5.28238e-08 6.31894e-08 6.99385e-08 7.19454e-08 6.911e-08 6.23528e-08 5.33037e-08 4.38324e-08 3.55963e-08 2.97268e-08 2.66757e-08 2.61777e-08 2.72921e-08 2.85762e-08 2.84957e-08 2.60519e-08 2.13028e-08 1.53393e-08 9.63729e-09 5.25997e-09 2.49213e-09 1.02634e-09 3.67943e-10 1.14745e-10 3.09482e-11 7.10271e-12 1.33404e-12 1.85755e-13 1.37434e-14 0 
0 5.91743e-13 4.65565e-12 1.93278e-11 5.93138e-11 1.49398e-10 3.23508e-10 6.17487e-10 1.05506e-09 1.63092e-09 2.29895e-09 2.97371e-09 3.54833e-09 3.92388e-09 4.03908e-09 3.88841e-09 3.52217e-09 3.02975e-09 2.51405e-09 2.06624e-09 1.74755e-09 1.57994e-09 1.54415e-09 1.58436e-09 1.62194e-09 1.58061e-09 1.41782e-09 1.14529e-09 8.21751e-10 5.19427e-10 2.87995e-10 1.39823e-10 5.94248e-11 2.20989e-11 7.17356e-12 2.01784e-12 4.83304e-13 9.47051e-14 1.37434e-14 1.05811e-15 0 
0 0 0 0 0 0 0 0 0 0 0 0 0 0 0 0 0 0 0 0 0 0 0 0 0 0 0 0 0 0 0 0 0 0 0 0 0 0 0 0 0 
