0 0 0 0 0 0 0 0 0 0 0 0 0 0 0 0 0 0 0 0 0 0 0 0 0 0 0 0 0 0 0 0 0 0 0 0 0 0 0 0 0 
0 1.45764e-07 1.32409e-06 6.0615e-06 1.94102e-05 4.82258e-05 9.81167e-05 0.000169919 0.000258521 0.000354568 0.000447326 0.000527036 0.000586231 0.000620231 0.000627157 0.000607697 0.000564765 0.000503067 0.000428606 0.000348087 0.000268234 0.000195023 0.000132927 8.43638e-05 4.95284e-05 2.67419e-05 1.32203e-05 5.96757e-06 2.45681e-06 9.2266e-07 3.16363e-07 9.91235e-08 2.83816e-08 7.41341e-09 1.75794e-09 3.74507e-10 7.01919e-11 1.10821e-11 1.32975e-12 8.66066e-14 0 
0 1.32409e-06 1.24313e-05 5.75004e-05 0.000180246 0.000424731 0.000801683 0.00127783 0.00179698 0.00230441 0.00275735 0.00312543 0.00338863 0.00353585 0.00356403 0.0034774 0.00328653 0.00300711 0.00265867 0.00226345 0.00184567 0.00143082 0.00104455 0.000710122 0.000444294 0.00025305 0.000130113 6.01224e-05 2.49507e-05 9.32205e-06 3.14805e-06 9.64671e-07 2.6895e-07 6.82387e-08 1.5702e-08 3.24593e-09 5.90714e-10 9.06552e-11 1.0588e-11 6.72229e-13 0 
0 6.0615e-06 5.75004e-05 0.000258206 0.000749773 0.0015854 0.00267456 0.00387661 0.00507982 0.00620539 0.00719185 0.00798874 0.00855769 0.00887516 0.00893406 0.00874357 0.00832724 0.00771979 0.00696303 0.00610162 0.00517938 0.00423717 0.00331325 0.00244612 0.00167726 0.00104776 0.000585319 0.000288495 0.000124809 4.7535e-05 1.60674e-05 4.86456e-06 1.32898e-06 3.28868e-07 7.36383e-08 1.48026e-08 2.62029e-09 3.91495e-10 4.45715e-11 2.76247e-12 0 
0 1.94102e-05 0.000180246 0.000749773 0.00193178 0.00362089 0.0055828 0.00765153 0.00971046 0.0116498 0.0133622 0.0147528 0.0157486 0.0163046 0.0164067 0.0160707 0.015339 0.0142748 0.0129546 0.0114609 0.00987432 0.00826695 0.00669776 0.00521137 0.00384342 0.00263268 0.00163047 0.000887595 0.000416124 0.00016706 5.79155e-05 1.76035e-05 4.76029e-06 1.15638e-06 2.53093e-07 4.96373e-08 8.56946e-09 1.24936e-09 1.38936e-10 8.42185e-12 0 
0 4.82258e-05 0.000424731 0.0015854 0.00362089 0.0062297 0.00917252 0.012293 0.0154265 0.0183941 0.0210219 0.0231588 0.02469 0.0255449 0.0257013 0.0251834 0.024057 0.02242 0.0203917 0.018101 0.0156752 0.0132301 0.0108621 0.00864266 0.00661609 0.00480594 0.00323466 0.00194895 0.0010124 0.000441843 0.00016155 5.03023e-05 1.36419e-05 3.28061e-06 7.05819e-07 1.35622e-07 2.29117e-08 3.26864e-09 3.5593e-10 2.11485e-11 0 
0 9.81167e-05 0.000801683 0.00267456 0.0055828 0.00917252 0.0132419 0.0175888 0.0219692 0.0261238 0.0298052 0.0328 0.0349462 0.0361445 0.0363634 0.0356371 0.0340578 0.0317631 0.028921 0.0257131 0.022319 0.0189034 0.015605 0.0125298 0.00974684 0.00728764 0.00515453 0.00334976 0.00191557 0.000921222 0.00036333 0.00011829 3.26429e-05 7.84501e-06 1.66979e-06 3.15814e-07 5.24017e-08 7.33819e-09 7.84593e-10 4.58089e-11 0 
0 0.000169919 0.00127783 0.00387661 0.00765153 0.012293 0.0175888 0.023262 0.0289849 0.0344152 0.039228 0.0431438 0.0459506 0.0475184 0.0478051 0.0468549 0.0447894 0.0417892 0.0380739 0.0338812 0.0294469 0.0249869 0.0206844 0.0166809 0.0130723 0.00990719 0.00718949 0.00489336 0.00300712 0.00158174 0.000679126 0.000234775 6.68107e-05 1.61973e-05 3.43262e-06 6.42069e-07 1.05035e-07 1.44849e-08 1.525e-09 8.77165e-11 0 
0 0.000258521 0.00179698 0.00507982 0.00971046 0.0154265 0.0219692 0.0289849 0.0360643 0.0427829 0.0487388 0.0535897 0.0570792 0.0590398 0.0594003 0.0582106 0.0556364 0.0519145 0.0473154 0.0421284 0.0366435 0.0311283 0.0258102 0.0208659 0.0164165 0.0125277 0.00921167 0.00643448 0.00414458 0.00233867 0.0010876 0.000401827 0.000119043 2.93424e-05 6.22722e-06 1.15704e-06 1.87289e-07 2.5516e-08 2.65279e-09 1.50709e-10 0 
0 0.000354568 0.00230441 0.00620539 0.0116498 0.0183941 0.0261238 0.0344152 0.0427829 0.0507256 0.0577776 0.0635624 0.0677842 0.0701898 0.0706369 0.0691742 0.0660361 0.0615632 0.0560976 0.0499611 0.0434782 0.0369608 0.0306777 0.0248385 0.0195878 0.0150063 0.0111139 0.00787635 0.00522163 0.00309623 0.00153818 0.000605734 0.000187543 4.72395e-05 1.00842e-05 1.86811e-06 3.00193e-07 4.05232e-08 4.17171e-09 2.34679e-10 0 
0 0.000447326 0.00275735 0.00719185 0.0133622 0.0210219 0.0298052 0.039228 0.0487388 0.0577776 0.0658549 0.0725571 0.0774344 0.0801437 0.0806438 0.0790235 0.075435 0.0702367 0.0639268 0.0569165 0.049543 0.0421362 0.0349968 0.0283631 0.0224005 0.017202 0.0127938 0.00914275 0.00616711 0.00377929 0.0019733 0.000820699 0.000265079 6.83489e-05 1.47147e-05 2.7254e-06 4.35964e-07 5.84676e-08 5.97521e-09 3.33645e-10 0 
0 0.000527036 0.00312543 0.00798874 0.0147528 0.0231588 0.0328 0.0431438 0.0535897 0.0635624 0.0725571 0.0799122 0.0849283 0.0875359 0.0880141 0.0864962 0.0829374 0.0773957 0.0703926 0.0626098 0.0544885 0.0463546 0.0385175 0.0312364 0.0246932 0.0189911 0.0141608 0.0101696 0.00693124 0.00433759 0.00234502 0.00101745 0.000340679 8.97748e-05 1.95064e-05 3.61852e-06 5.7746e-07 7.71186e-08 7.8423e-09 4.35649e-10 0 
0 0.000586231 0.00338863 0.00855769 0.0157486 0.02469 0.0349462 0.0459506 0.0570792 0.0677842 0.0774344 0.0849283 0.0896775 0.0920681 0.0925125 0.0911418 0.0878479 0.0824298 0.075108 0.0667442 0.0580513 0.0493882 0.0410497 0.0333036 0.0263433 0.0202789 0.0151445 0.0109076 0.00747933 0.00474019 0.00262067 0.00117093 0.000402771 0.000108009 2.36629e-05 4.39993e-06 7.01653e-07 9.35004e-08 9.48168e-09 5.25157e-10 0 
0 0.000620231 0.00353585 0.00887516 0.0163046 0.0255449 0.0361445 0.0475184 0.0590398 0.0701898 0.0801437 0.0875359 0.0920681 0.0943373 0.0947648 0.0934738 0.0903513 0.085121 0.0777645 0.0690965 0.0600629 0.0510968 0.042477 0.03447 0.0272754 0.0210075 0.015702 0.0113266 0.00779123 0.004971 0.00278224 0.00126443 0.000442188 0.000119951 2.64391e-05 4.92829e-06 7.86346e-07 1.0475e-07 1.06148e-08 5.87449e-10 0 
0 0.000627157 0.00356403 0.00893406 0.0164067 0.0257013 0.0363634 0.0478051 0.0594003 0.0706369 0.0806438 0.0880141 0.0925125 0.0947648 0.0951915 0.0939149 0.0908223 0.0856297 0.0782776 0.0695566 0.0604575 0.0514343 0.0427616 0.0347053 0.0274659 0.0211588 0.0158201 0.0114179 0.00786207 0.00502656 0.00282416 0.0012907 0.000454098 0.000123782 2.7375e-05 5.11438e-06 8.17433e-07 1.09052e-07 1.10666e-08 6.1338e-10 0 
0 0.000607697 0.0034774 0.00874357 0.0160707 0.0251834 0.0356371 0.0468549 0.0582106 0.0691742 0.0790235 0.0864962 0.0911418 0.0934738 0.0939149 0.0925932 0.0893976 0.0840796 0.0767218 0.0681761 0.0592866 0.0504474 0.0419432 0.034042 0.0269412 0.0207539 0.0155157 0.0111948 0.00770227 0.00491494 0.00275147 0.00125159 0.000438683 0.000119418 2.64336e-05 4.94999e-06 7.93639e-07 1.06261e-07 1.08263e-08 6.02621e-10 0 
0 0.000564765 0.00328653 0.00832724 0.015339 0.024057 0.0340578 0.0447894 0.0556364 0.0660361 0.075435 0.0829374 0.0878479 0.0903513 0.0908223 0.0893976 0.0859897 0.0804944 0.0732829 0.0651622 0.0567106 0.0482653 0.0401295 0.0325686 0.0257724 0.0198489 0.0148319 0.01069 0.00733644 0.00465489 0.00257877 0.00115706 0.000400805 0.00010846 2.40005e-05 4.50944e-06 7.26932e-07 9.7974e-08 1.00556e-08 5.64144e-10 0 
0 0.000503067 0.00300711 0.00771979 0.0142748 0.02242 0.0317631 0.0417892 0.0519145 0.0615632 0.0702367 0.0773957 0.0824298 0.085121 0.0856297 0.0840796 0.0804944 0.0750609 0.0683143 0.0608183 0.0529638 0.0450817 0.0374818 0.0304174 0.0240659 0.0185278 0.0138339 0.00995293 0.00680164 0.00427531 0.0023298 0.00102418 0.000348962 9.37387e-05 2.07642e-05 3.92646e-06 6.38956e-07 8.70807e-08 9.04653e-09 5.14023e-10 0 
0 0.000428606 0.00265867 0.00696303 0.0129546 0.0203917 0.028921 0.0380739 0.0473154 0.0560976 0.0639268 0.0703926 0.075108 0.0777645 0.0782776 0.0767218 0.0732829 0.0683143 0.0622501 0.0554715 0.0483215 0.0411318 0.0341974 0.0277504 0.0219522 0.0168939 0.012602 0.00904542 0.00614589 0.00381565 0.00203773 0.000875726 0.000293823 7.86623e-05 1.75411e-05 3.35963e-06 5.55531e-07 7.70512e-08 8.15109e-09 4.71608e-10 0 
0 0.000348087 0.00226345 0.00610162 0.0114609 0.018101 0.0257131 0.0338812 0.0421284 0.0499611 0.0569165 0.0626098 0.0667442 0.0690965 0.0695566 0.0681761 0.0651622 0.0608183 0.0554715 0.0494491 0.0430792 0.0366712 0.0304903 0.0247435 0.0195736 0.0150607 0.0112262 0.00803875 0.00542807 0.00332791 0.00174571 0.000738572 0.000246689 6.6616e-05 1.51222e-05 2.96201e-06 5.01639e-07 7.12437e-08 7.70794e-09 4.55288e-10 0 
0 0.000268234 0.00184567 0.00517938 0.00987432 0.0156752 0.022319 0.0294469 0.0366435 0.0434782 0.049543 0.0544885 0.0580513 0.0600629 0.0604575 0.0592866 0.0567106 0.0529638 0.0483215 0.0430792 0.0375324 0.0319532 0.026573 0.0215716 0.0170724 0.0131433 0.00979996 0.00701229 0.00472094 0.00288 0.00150652 0.000641459 0.000218329 6.06194e-05 1.41921e-05 2.86374e-06 4.9807e-07 7.23654e-08 7.97821e-09 4.78432e-10 0 
0 0.000195023 0.00143082 0.00423717 0.00826695 0.0132301 0.0189034 0.0249869 0.0311283 0.0369608 0.0421362 0.0463546 0.0493882 0.0510968 0.0514343 0.0504474 0.0482653 0.0450817 0.0411318 0.0366712 0.0319532 0.0272105 0.0226404 0.0183957 0.0145807 0.0112518 0.0084207 0.00606002 0.00411913 0.00255698 0.00137814 0.000612139 0.000218384 6.32649e-05 1.53105e-05 3.16313e-06 5.58819e-07 8.19684e-08 9.08107e-09 5.45307e-10 0 
0 0.000132927 0.00104455 0.00331325 0.00669776 0.0108621 0.015605 0.0206844 0.0258102 0.0306777 0.0349968 0.0385175 0.0410497 0.042477 0.0427616 0.0419432 0.0401295 0.0374818 0.0341974 0.0304903 0.026573 0.0226404 0.0188578 0.0153533 0.0122169 0.00950331 0.00722759 0.00534993 0.00378672 0.0024747 0.00141996 0.000675024 0.000255163 7.66817e-05 1.88635e-05 3.9072e-06 6.8654e-07 9.9724e-08 1.0916e-08 6.46948e-10 0 
0 8.43638e-05 0.000710122 0.00244612 0.00521137 0.00864266 0.0125298 0.0166809 0.0208659 0.0248385 0.0283631 0.0312364 0.0333036 0.03447 0.0347053 0.034042 0.0325686 0.0304174 0.0277504 0.0247435 0.0215716 0.0183957 0.0153533 0.012557 0.0101107 0.00812755 0.00666402 0.00554528 0.00439958 0.00307534 0.00181371 0.000881663 0.000340568 0.000102776 2.49246e-05 5.04501e-06 8.64378e-07 1.2246e-07 1.30896e-08 7.58699e-10 0 
0 4.95284e-05 0.000444294 0.00167726 0.00384342 0.00661609 0.00974684 0.0130723 0.0164165 0.0195878 0.0224005 0.0246932 0.0263433 0.0272754 0.0274659 0.0269412 0.0257724 0.0240659 0.0219522 0.0195736 0.0170724 0.0145807 0.0122169 0.0101107 0.00850274 0.00785495 0.008503 0.00961859 0.00926516 0.00675221 0.00364674 0.00153133 0.000526587 0.000146792 3.32984e-05 6.38207e-06 1.04875e-06 1.43682e-07 1.49226e-08 8.43312e-10 0 
0 2.67419e-05 0.00025305 0.00104776 0.00263268 0.00480594 0.00728764 0.00990719 0.0125277 0.0150063 0.017202 0.0189911 0.0202789 0.0210075 0.0211588 0.0207539 0.0198489 0.0185278 0.0168939 0.0150607 0.0131433 0.0112518 0.00950331 0.00812755 0.00785495 0.010411 0.0171759 0.0250733 0.0270253 0.0197598 0.00999783 0.00357021 0.000980635 0.000224971 4.40019e-05 7.60748e-06 1.17518e-06 1.5493e-07 1.56371e-08 8.62885e-10 0 
0 1.32203e-05 0.000130113 0.000585319 0.00163047 0.00323466 0.00515453 0.00718949 0.00921167 0.0111139 0.0127938 0.0141608 0.0151445 0.015702 0.0158201 0.0155157 0.0148319 0.0138339 0.012602 0.0112262 0.00979996 0.0084207 0.00722759 0.00666402 0.008503 0.0171759 0.0361731 0.063558 0.0722987 0.0485261 0.0232791 0.00783083 0.00186869 0.000350788 5.63411e-05 8.35511e-06 1.18326e-06 1.49537e-07 1.47193e-08 7.96892e-10 0 
0 5.96757e-06 6.01224e-05 0.000288495 0.000887595 0.00194895 0.00334976 0.00489336 0.00643448 0.00787635 0.00914275 0.0101696 0.0109076 0.0113266 0.0114179 0.0111948 0.01069 0.00995293 0.00904542 0.00803875 0.00701229 0.00606002 0.00534993 0.00554528 0.00961859 0.0250733 0.063558 0.0871805 0.0898001 0.0809225 0.0400991 0.0126222 0.0028545 0.000476148 6.49098e-05 8.18272e-06 1.04707e-06 1.26806e-07 1.22509e-08 6.55349e-10 0 
0 2.45681e-06 2.49507e-05 0.000124809 0.000416124 0.0010124 0.00191557 0.00300712 0.00414458 0.00522163 0.00616711 0.00693124 0.00747933 0.00779123 0.00786207 0.00770227 0.00733644 0.00680164 0.00614589 0.00542807 0.00472094 0.00411913 0.00378672 0.00439958 0.00926516 0.0270253 0.0722987 0.0898001 0.0919182 0.0850857 0.0475731 0.0139157 0.00309199 0.000489751 6.05563e-05 6.76461e-06 7.94477e-07 9.31396e-08 8.91902e-09 4.75585e-10 0 
0 9.2266e-07 9.32205e-06 4.7535e-05 0.00016706 0.000441843 0.000921222 0.00158174 0.00233867 0.00309623 0.00377929 0.00433759 0.00474019 0.004971 0.00502656 0.00491494 0.00465489 0.00427531 0.00381565 0.00332791 0.00288 0.00255698 0.0024747 0.00307534 0.00675221 0.0197598 0.0485261 0.0809225 0.0850857 0.0686876 0.0314351 0.0103064 0.0022841 0.00035633 4.22672e-05 4.46227e-06 5.04327e-07 5.86484e-08 5.64228e-09 3.02843e-10 0 
0 3.16363e-07 3.14805e-06 1.60674e-05 5.79155e-05 0.00016155 0.00036333 0.000679126 0.0010876 0.00153818 0.0019733 0.00234502 0.00262067 0.00278224 0.00282416 0.00275147 0.00257877 0.0023298 0.00203773 0.00174571 0.00150652 0.00137814 0.00141996 0.00181371 0.00364674 0.00999783 0.0232791 0.0400991 0.0475731 0.0314351 0.0154871 0.00510711 0.00114078 0.000179158 2.12976e-05 2.2781e-06 2.64285e-07 3.15149e-08 3.09255e-09 1.68732e-10 0 
0 9.91235e-08 9.64671e-07 4.86456e-06 1.76035e-05 5.03023e-05 0.00011829 0.000234775 0.000401827 0.000605734 0.000820699 0.00101745 0.00117093 0.00126443 0.0012907 0.00125159 0.00115706 0.00102418 0.000875726 0.000738572 0.000641459 0.000612139 0.000675024 0.000881663 0.00153133 0.00357021 0.00783083 0.0126222 0.0139157 0.0103064 0.00510711 0.0017007 0.000387111 6.23518e-05 7.77342e-06 9.07018e-07 1.15027e-07 1.44843e-08 1.46894e-09 8.21888e-11 0 
0 2.83816e-08 2.6895e-07 1.32898e-06 4.76029e-06 1.36419e-05 3.26429e-05 6.68107e-05 0.000119043 0.000187543 0.000265079 0.000340679 0.000402771 0.000442188 0.000454098 0.000438683 0.000400805 0.000348962 0.000293823 0.000246689 0.000218329 0.000218384 0.000255163 0.000340568 0.000526587 0.000980635 0.00186869 0.0028545 0.00309199 0.0022841 0.00114078 0.000387111 9.08112e-05 1.54466e-05 2.15011e-06 2.94398e-07 4.24748e-08 5.73207e-09 6.05887e-10 3.50073e-11 0 
0 7.41341e-09 6.82387e-08 3.28868e-07 1.15638e-06 3.28061e-06 7.84501e-06 1.61973e-05 2.93424e-05 4.72395e-05 6.83489e-05 8.97748e-05 0.000108009 0.000119951 0.000123782 0.000119418 0.00010846 9.37387e-05 7.86623e-05 6.6616e-05 6.06194e-05 6.32649e-05 7.66817e-05 0.000102776 0.000146792 0.000224971 0.000350788 0.000476148 0.000489751 0.00035633 0.000179158 6.23518e-05 1.54466e-05 2.93934e-06 4.93695e-07 8.27333e-08 1.35966e-08 1.96562e-09 2.17417e-10 1.30378e-11 0 
0 1.75794e-09 1.5702e-08 7.36383e-08 2.53093e-07 7.05819e-07 1.66979e-06 3.43262e-06 6.22722e-06 1.00842e-05 1.47147e-05 1.95064e-05 2.36629e-05 2.64391e-05 2.7375e-05 2.64336e-05 2.40005e-05 2.07642e-05 1.75411e-05 1.51222e-05 1.41921e-05 1.53105e-05 1.88635e-05 2.49246e-05 3.32984e-05 4.40019e-05 5.63411e-05 6.49098e-05 6.05563e-05 4.22672e-05 2.12976e-05 7.77342e-06 2.15011e-06 4.93695e-07 1.04181e-07 2.08976e-08 3.80676e-09 5.85276e-10 6.78432e-11 4.23638e-12 0 
0 3.74507e-10 3.24593e-09 1.48026e-08 4.96373e-08 1.35622e-07 3.15814e-07 6.42069e-07 1.15704e-06 1.86811e-06 2.7254e-06 3.61852e-06 4.39993e-06 4.92829e-06 5.11438e-06 4.94999e-06 4.50944e-06 3.92646e-06 3.35963e-06 2.96201e-06 2.86374e-06 3.16313e-06 3.9072e-06 5.04501e-06 6.38207e-06 7.60748e-06 8.35511e-06 8.18272e-06 6.76461e-06 4.46227e-06 2.2781e-06 9.07018e-07 2.94398e-07 8.27333e-08 2.08976e-08 4.72378e-09 9.27195e-10 1.50631e-10 1.83041e-11 1.19237e-12 0 
0 7.01919e-11 5.90714e-10 2.62029e-09 8.56946e-09 2.29117e-08 5.24017e-08 1.05035e-07 1.87289e-07 3.00193e-07 4.35964e-07 5.7746e-07 7.01653e-07 7.86346e-07 8.17433e-07 7.93639e-07 7.26932e-07 6.38956e-07 5.55531e-07 5.01639e-07 4.9807e-07 5.58819e-07 6.8654e-07 8.64378e-07 1.04875e-06 1.17518e-06 1.18326e-06 1.04707e-06 7.94477e-07 5.04327e-07 2.64285e-07 1.15027e-07 4.24748e-08 1.35966e-08 3.80676e-09 9.27195e-10 1.92973e-10 3.29958e-11 4.2013e-12 2.85689e-13 0 
0 1.10821e-11 9.06552e-11 3.91495e-10 1.24936e-09 3.26864e-09 7.33819e-09 1.44849e-08 2.5516e-08 4.05232e-08 5.84676e-08 7.71186e-08 9.35004e-08 1.0475e-07 1.09052e-07 1.06261e-07 9.7974e-08 8.70807e-08 7.70512e-08 7.12437e-08 7.23654e-08 8.19684e-08 9.9724e-08 1.2246e-07 1.43682e-07 1.5493e-07 1.49537e-07 1.26806e-07 9.31396e-08 5.86484e-08 3.15149e-08 1.44843e-08 5.73207e-09 1.96562e-09 5.85276e-10 1.50631e-10 3.29958e-11 5.92112e-12 7.89047e-13 5.59892e-14 0 
0 1.32975e-12 1.0588e-11 4.45715e-11 1.38936e-10 3.5593e-10 7.84593e-10 1.525e-09 2.65279e-09 4.17171e-09 5.97521e-09 7.8423e-09 9.48168e-09 1.06148e-08 1.10666e-08 1.08263e-08 1.00556e-08 9.04653e-09 8.15109e-09 7.70794e-09 7.97821e-09 9.08107e-09 1.0916e-08 1.30896e-08 1.49226e-08 1.56371e-08 1.47193e-08 1.22509e-08 8.91902e-09 5.64228e-09 3.09255e-09 1.46894e-09 6.05887e-10 2.17417e-10 6.78432e-11 1.83041e-11 4.2013e-12 7.89047e-13 1.09847e-13 8.12488e-15 0 
0 8.66066e-14 6.72229e-13 2.76247e-12 8.42185e-12 2.11485e-11 4.58089e-11 8.77165e-11 1.50709e-10 2.34679e-10 3.33645e-10 4.35649e-10 5.25157e-10 5.87449e-10 6.1338e-10 6.02621e-10 5.64144e-10 5.14023e-10 4.71608e-10 4.55288e-10 4.78432e-10 5.45307e-10 6.46948e-10 7.58699e-10 8.43312e-10 8.62885e-10 7.96892e-10 6.55349e-10 4.75585e-10 3.02843e-10 1.68732e-10 8.21888e-11 3.50073e-11 1.30378e-11 4.23638e-12 1.19237e-12 2.85689e-13 5.59892e-14 8.12488e-15 6.25448e-16 0 
0 0 0 0 0 0 0 0 0 0 0 0 0 0 0 0 0 0 0 0 0 0 0 0 0 0 0 0 0 0 0 0 0 0 0 0 0 0 0 0 0 
