0 0 0 0 0 0 0 0 0 0 0 0 0 0 0 0 0 0 0 0 0 0 0 0 0 0 0 0 0 0 0 0 0 0 0 0 0 0 0 0 0 
0 4.30521e-07 3.82706e-06 1.6794e-05 5.05054e-05 0.000116198 0.000217954 0.000349558 0.000497526 0.000646293 0.000781907 0.0008936 0.000974053 0.00101917 0.00102772 0.00100099 0.000942419 0.000857222 0.000752015 0.0006344 0.000512495 0.000394332 0.000287109 0.000196338 0.000125096 7.3664e-05 3.97937e-05 1.96014e-05 8.76727e-06 3.55312e-06 1.30409e-06 4.33632e-07 1.30661e-07 3.56356e-08 8.76112e-09 1.92314e-09 3.69417e-10 5.95079e-11 7.25823e-12 4.79063e-13 0 
0 3.82706e-06 3.472e-05 0.000149725 0.000423234 0.000885087 0.00149097 0.00216276 0.00283269 0.0034534 0.00399157 0.00442229 0.00472754 0.00489669 0.00492708 0.00482401 0.00459979 0.00427218 0.00386239 0.00339315 0.00288733 0.00236751 0.00185645 0.00137782 0.000955572 0.000610488 0.000354243 0.000184522 8.56434e-05 3.53353e-05 1.29836e-05 4.26628e-06 1.25888e-06 3.34335e-07 7.97957e-08 1.69828e-08 3.16288e-09 4.94365e-10 5.85822e-11 3.76244e-12 0 
0 1.6794e-05 0.000149725 0.000597648 0.00148893 0.0027222 0.00411651 0.00555469 0.00696489 0.0082818 0.00943901 0.0103758 0.0110448 0.0114168 0.0114829 0.0112542 0.0107596 0.0100414 0.00915077 0.00814257 0.00706963 0.00597838 0.00490573 0.00387929 0.00292206 0.00206062 0.00133027 0.000767394 0.000387679 0.000169691 6.43759e-05 2.13406e-05 6.24732e-06 1.62859e-06 3.79246e-07 7.85252e-08 1.42152e-08 2.16037e-09 2.49178e-10 1.55993e-11 0 
0 5.05054e-05 0.000423234 0.00148893 0.00322683 0.00534518 0.0076746 0.0101191 0.0125634 0.014873 0.0169143 0.0185714 0.0197562 0.0204153 0.0205322 0.0201265 0.0192495 0.0179773 0.0164024 0.0146248 0.0127431 0.0108469 0.0090104 0.00728713 0.00570744 0.00428245 0.00301894 0.00194159 0.00109961 0.000531826 0.000216538 7.45878e-05 2.20924e-05 5.7232e-06 1.31053e-06 2.65385e-07 4.68773e-08 6.94823e-09 7.82067e-10 4.7833e-11 0 
0 0.000116198 0.000885087 0.0027222 0.00534518 0.00846971 0.0119773 0.0157116 0.0194664 0.0230206 0.0261643 0.028717 0.0305425 0.0315579 0.0317378 0.0311125 0.0297611 0.0278009 0.025375 0.0226377 0.0197422 0.0168288 0.0140163 0.0113962 0.00902805 0.00693657 0.00511453 0.00354091 0.00221928 0.00120207 0.000541079 0.000199709 6.12698e-05 1.60184e-05 3.6424e-06 7.26087e-07 1.25738e-07 1.82442e-08 2.01016e-09 1.20443e-10 0 
0 0.000217954 0.00149097 0.00411651 0.0076746 0.0119773 0.0168674 0.0220922 0.0273504 0.0323292 0.0367335 0.0403103 0.0428693 0.0442946 0.0445475 0.0436691 0.0417734 0.0390263 0.0356274 0.0317928 0.0277372 0.0236577 0.019722 0.0160608 0.0127639 0.00987884 0.00740974 0.00532064 0.00356063 0.00212003 0.00106087 0.000428325 0.000139106 3.7302e-05 8.51311e-06 1.68247e-06 2.87104e-07 4.09443e-08 4.43094e-09 2.60845e-10 0 
0 0.000349558 0.00216276 0.00555469 0.0101191 0.0157116 0.0220922 0.0289146 0.0357818 0.042285 0.0480436 0.0527757 0.0563677 0.0585964 0.0590232 0.0575961 0.0547873 0.0510615 0.0465959 0.0415849 0.0362881 0.0309607 0.0258221 0.0210438 0.0167448 0.0129928 0.00980503 0.00715002 0.00495436 0.00314401 0.00172085 0.00076277 0.000265934 7.41585e-05 1.71577e-05 3.38512e-06 5.721e-07 8.05128e-08 8.58697e-09 4.98147e-10 0 
0 0.000497526 0.00283269 0.00696489 0.0125634 0.0194664 0.0273504 0.0357818 0.0442695 0.0523231 0.0597191 0.0670661 0.0733987 0.0769311 0.0775707 0.0754883 0.0706812 0.0641653 0.0577721 0.0514526 0.0448969 0.0383128 0.0319628 0.0260589 0.020749 0.0161183 0.0121938 0.00894922 0.00630669 0.00415628 0.00242823 0.00116878 0.000438848 0.000128359 3.03434e-05 6.01161e-06 1.01079e-06 1.409e-07 1.48582e-08 8.51859e-10 0 
0 0.000646293 0.0034534 0.0082818 0.014873 0.0230206 0.0323292 0.042285 0.0523231 0.0622302 0.0734402 0.0826525 0.0873253 0.0894294 0.0898269 0.0886734 0.085647 0.0796125 0.0700378 0.060998 0.0530619 0.0452763 0.0377786 0.0308083 0.0245402 0.0190757 0.0144488 0.0106352 0.00755605 0.00508584 0.00310258 0.00159321 0.000640248 0.000196832 4.77539e-05 9.54063e-06 1.60176e-06 2.21876e-07 2.32017e-08 1.31818e-09 0 
0 0.000781907 0.00399157 0.00943901 0.0169143 0.0261643 0.0367335 0.0480436 0.0597191 0.0734402 0.0851883 0.0909412 0.0940184 0.0955279 0.0958389 0.0950322 0.0929771 0.0892177 0.082414 0.0709576 0.0604361 0.0514443 0.0429246 0.0350106 0.0278945 0.0216916 0.0164417 0.0121201 0.00864639 0.00588771 0.00369075 0.00198604 0.00084411 0.000271726 6.77037e-05 1.36698e-05 2.29741e-06 3.17058e-07 3.29616e-08 1.86026e-09 0 
0 0.0008936 0.00442229 0.0103758 0.0185714 0.028717 0.0403103 0.0527757 0.0670661 0.0826525 0.0909412 0.0953208 0.0978339 0.099112 0.0993893 0.0987233 0.097036 0.0940617 0.0891053 0.0801552 0.0671867 0.0565039 0.0471063 0.0384245 0.0306195 0.0238166 0.01806 0.0133242 0.009526 0.00652838 0.00416049 0.00231083 0.00102442 0.000342538 8.74098e-05 1.78375e-05 3.00516e-06 4.13997e-07 4.28798e-08 2.40916e-09 0 
0 0.000974053 0.00472754 0.0110448 0.0197562 0.0305425 0.0428693 0.0563677 0.0733987 0.0873253 0.0940184 0.0978339 0.100096 0.101267 0.101529 0.10093 0.0994127 0.0967785 0.092544 0.0853954 0.0728812 0.0602713 0.0501032 0.0408677 0.0325697 0.0253374 0.0192181 0.0141855 0.0101536 0.00698278 0.0044927 0.00254513 0.00116083 0.000399002 0.00010372 2.1357e-05 3.60818e-06 4.96854e-07 5.13609e-08 2.87816e-09 0 
0 0.00101917 0.00489669 0.0114168 0.0204153 0.0315579 0.0442946 0.0585964 0.0769311 0.0894294 0.0955279 0.099112 0.101267 0.102391 0.102647 0.102078 0.100634 0.098145 0.0942022 0.0877523 0.0761717 0.0625215 0.0517788 0.0422294 0.0336569 0.0261855 0.0198641 0.0146661 0.0105037 0.00723578 0.0046778 0.00267768 0.00124074 0.000433436 0.000113976 2.36121e-05 3.99881e-06 5.50888e-07 5.69183e-08 3.1867e-09 0 
0 0.00102772 0.00492708 0.0114829 0.0205322 0.0317378 0.0445475 0.0590232 0.0775707 0.0898269 0.0958389 0.0993893 0.101529 0.102647 0.102902 0.102338 0.100905 0.098437 0.0945374 0.08819 0.0767807 0.0629475 0.0520818 0.0424756 0.0338539 0.0263398 0.0199822 0.0147545 0.0105688 0.00728384 0.00471451 0.00270589 0.00125921 0.00044201 0.000116685 2.4236e-05 4.11114e-06 5.66974e-07 5.86278e-08 3.2847e-09 0 
0 0.00100099 0.00482401 0.0112542 0.0201265 0.0311125 0.0436691 0.0575961 0.0754883 0.0886734 0.0950322 0.0987233 0.10093 0.102078 0.102338 0.101755 0.100276 0.0977193 0.0936452 0.0868929 0.0748175 0.061538 0.0510585 0.0416465 0.0331932 0.0258255 0.0195917 0.0144653 0.0103599 0.00713527 0.00460933 0.00263419 0.00121811 0.000425045 0.000111823 2.32072e-05 3.94001e-06 5.44315e-07 5.64058e-08 3.16765e-09 0 
0 0.000942419 0.00459979 0.0107596 0.0192495 0.0297611 0.0417734 0.0547873 0.0706812 0.085647 0.0929771 0.097036 0.0994127 0.100634 0.100905 0.100276 0.098682 0.0958981 0.0913613 0.0834787 0.0704391 0.0586607 0.0488472 0.0398481 0.0317592 0.0247089 0.018743 0.0138361 0.00990395 0.00680918 0.00437592 0.00247318 0.00112531 0.000386641 0.00010075 2.08381e-05 3.53994e-06 4.90382e-07 5.1009e-08 2.87685e-09 0 
0 0.000857222 0.00427218 0.0100414 0.0179773 0.0278009 0.0390263 0.0510615 0.0641653 0.0796125 0.0892177 0.0940617 0.0967785 0.098145 0.098437 0.0977193 0.0958981 0.0926508 0.0871075 0.0769484 0.0646392 0.0547166 0.0456451 0.0372376 0.0296778 0.023088 0.0175111 0.0129226 0.00924126 0.00633347 0.00403433 0.00223952 0.000993943 0.000333834 8.58246e-05 1.76733e-05 3.00659e-06 4.18376e-07 4.37814e-08 2.48588e-09 0 
0 0.000752015 0.00386239 0.00915077 0.0164024 0.025375 0.0356274 0.0465959 0.0577721 0.0700378 0.082414 0.0891053 0.092544 0.0942022 0.0945374 0.0936452 0.0913613 0.0871075 0.0792181 0.0680652 0.0585883 0.0499455 0.0416843 0.0340064 0.0271018 0.0210826 0.0159876 0.011793 0.00842085 0.00574277 0.00361107 0.00195651 0.000841808 0.000275458 6.98451e-05 1.43425e-05 2.44967e-06 3.43435e-07 3.62687e-08 2.07963e-09 0 
0 0.0006344 0.00339315 0.00814257 0.0146248 0.0226377 0.0317928 0.0415849 0.0514526 0.060998 0.0709576 0.0801552 0.0853954 0.0877523 0.08819 0.0868929 0.0834787 0.0769484 0.0680652 0.059946 0.0522388 0.0445887 0.0372163 0.0303617 0.0241972 0.0188226 0.0142718 0.0105216 0.007497 0.00507782 0.0031412 0.00165573 0.000690418 0.000220818 5.54944e-05 1.1421e-05 1.96749e-06 2.7905e-07 2.98466e-08 1.73356e-09 0 
0 0.000512495 0.00288733 0.00706963 0.0127431 0.0197422 0.0277372 0.0362881 0.0448969 0.0530619 0.0604361 0.0671867 0.0728812 0.0761717 0.0767807 0.0748175 0.0704391 0.0646392 0.0585883 0.0522388 0.0455988 0.0389268 0.0324918 0.026509 0.0211286 0.0164372 0.0124635 0.00918416 0.00652835 0.00438952 0.0026743 0.00137901 0.000563381 0.000178386 4.49178e-05 9.33639e-06 1.63042e-06 2.34654e-07 2.54595e-08 1.49851e-09 0 
0 0.000394332 0.00236751 0.00597838 0.0108469 0.0168288 0.0236577 0.0309607 0.0383128 0.0452763 0.0514443 0.0565039 0.0602713 0.0625215 0.0629475 0.061538 0.0586607 0.0547166 0.0499455 0.0445887 0.0389268 0.0332328 0.0277417 0.0226373 0.018048 0.014048 0.0106612 0.0078639 0.00559118 0.00375448 0.00228276 0.00117707 0.00048332 0.000154689 3.94995e-05 8.32899e-06 1.47366e-06 2.14477e-07 2.34846e-08 1.39228e-09 0 
0 0.000287109 0.00185645 0.00490573 0.0090104 0.0140163 0.019722 0.0258221 0.0319628 0.0377786 0.0429246 0.0471063 0.0501032 0.0517788 0.0520818 0.0510585 0.0488472 0.0456451 0.0416843 0.0372163 0.0324918 0.0277417 0.0231625 0.0189086 0.0150916 0.0117839 0.00901317 0.00674212 0.00487729 0.0033322 0.00206943 0.00109956 0.000466701 0.000153323 3.9753e-05 8.43762e-06 1.49458e-06 2.17094e-07 2.36812e-08 1.39704e-09 0 
0 0.000196338 0.00137782 0.00387929 0.00728713 0.0113962 0.0160608 0.0210438 0.0260589 0.0308083 0.0350106 0.0384245 0.0408677 0.0422294 0.0424756 0.0416465 0.0398481 0.0372376 0.0340064 0.0303617 0.026509 0.0226373 0.0189086 0.0154576 0.0124122 0.00991883 0.00806605 0.00666741 0.005289 0.00374419 0.00229669 0.00121179 0.00052321 0.00017451 4.51929e-05 9.47094e-06 1.64883e-06 2.35171e-07 2.52029e-08 1.46222e-09 0 
0 0.000125096 0.000955572 0.00292206 0.00570744 0.00902805 0.0127639 0.0167448 0.020749 0.0245402 0.0278945 0.0306195 0.0325697 0.0336569 0.0338539 0.0331932 0.0317592 0.0296778 0.0271018 0.0241972 0.0211286 0.018048 0.0150916 0.0124122 0.010307 0.00935796 0.00999012 0.0112274 0.0107948 0.00787606 0.00428563 0.00185934 0.000698804 0.000219208 5.44597e-05 1.09817e-05 1.84814e-06 2.5597e-07 2.67335e-08 1.51606e-09 0 
0 7.3664e-05 0.000610488 0.00206062 0.00428245 0.00693657 0.00987884 0.0129928 0.0161183 0.0190757 0.0216916 0.0238166 0.0253374 0.0261855 0.0263398 0.0258255 0.0247089 0.023088 0.0210826 0.0188226 0.0164372 0.014048 0.0117839 0.00991883 0.00935796 0.0121766 0.0199593 0.0335845 0.040596 0.0231768 0.0116073 0.00416612 0.00118476 0.000301004 6.61857e-05 1.23438e-05 1.97555e-06 2.64285e-07 2.68596e-08 1.48857e-09 0 
0 3.97937e-05 0.000354243 0.00133027 0.00301894 0.00511453 0.00740974 0.00980503 0.0121938 0.0144488 0.0164417 0.01806 0.0192181 0.0198641 0.0199822 0.0195917 0.018743 0.0175111 0.0159876 0.0142718 0.0124635 0.0106612 0.00901317 0.00806605 0.00999012 0.0199593 0.0482878 0.0774893 0.0796934 0.0683435 0.0272302 0.00908816 0.00218817 0.000435656 7.86894e-05 1.2919e-05 1.92816e-06 2.48579e-07 2.4662e-08 1.34111e-09 0 
0 1.96014e-05 0.000184522 0.000767394 0.00194159 0.00354091 0.00532064 0.00715002 0.00894922 0.0106352 0.0121201 0.0133242 0.0141855 0.0146661 0.0147545 0.0144653 0.0138361 0.0129226 0.011793 0.0105216 0.00918416 0.0078639 0.00674212 0.00666741 0.0112274 0.0335845 0.0774893 0.0856982 0.086656 0.0822455 0.0586961 0.0146456 0.00332019 0.000571601 8.58842e-05 1.21416e-05 1.66738e-06 2.07401e-07 2.02172e-08 1.08616e-09 0 
0 8.76727e-06 8.56434e-05 0.000387679 0.00109961 0.00221928 0.00356063 0.00495436 0.00630669 0.00755605 0.00864639 0.009526 0.0101536 0.0105037 0.0105688 0.0103599 0.00990395 0.00924126 0.00842085 0.007497 0.00652835 0.00559118 0.00487729 0.005289 0.0107948 0.040596 0.0796934 0.086656 0.0876029 0.084124 0.0683114 0.0164388 0.00359181 0.000581554 7.7876e-05 9.75278e-06 1.24467e-06 1.50773e-07 1.45799e-08 7.80584e-10 0 
0 3.55312e-06 3.53353e-05 0.000169691 0.000531826 0.00120207 0.00212003 0.00314401 0.00415628 0.00508584 0.00588771 0.00652838 0.00698278 0.00723578 0.00728384 0.00713527 0.00680918 0.00633347 0.00574277 0.00507782 0.00438952 0.00375448 0.0033322 0.00374419 0.00787606 0.0231768 0.0683435 0.0822455 0.084124 0.0785719 0.0428247 0.0119508 0.00265453 0.000423388 5.39841e-05 6.35926e-06 7.83812e-07 9.43809e-08 9.16872e-09 4.93912e-10 0 
0 1.30409e-06 1.29836e-05 6.43759e-05 0.000216538 0.000541079 0.00106087 0.00172085 0.00242823 0.00310258 0.00369075 0.00416049 0.0044927 0.0046778 0.00471451 0.00460933 0.00437592 0.00403433 0.00361107 0.0031412 0.0026743 0.00228276 0.00206943 0.00229669 0.00428563 0.0116073 0.0272302 0.0586961 0.0683114 0.0428247 0.0179557 0.00592407 0.00132991 0.000215043 2.74967e-05 3.26753e-06 4.11186e-07 5.05984e-08 5.00712e-09 2.74031e-10 0 
0 4.33632e-07 4.26628e-06 2.13406e-05 7.45878e-05 0.000199709 0.000428325 0.00076277 0.00116878 0.00159321 0.00198604 0.00231083 0.00254513 0.00267768 0.00270589 0.00263419 0.00247318 0.00223952 0.00195651 0.00165573 0.00137901 0.00117707 0.00109956 0.00121179 0.00185934 0.00416612 0.00908816 0.0146456 0.0164388 0.0119508 0.00592407 0.00197749 0.000456229 7.65613e-05 1.03229e-05 1.33025e-06 1.80397e-07 2.32562e-08 2.37317e-09 1.33103e-10 0 
0 1.30661e-07 1.25888e-06 6.24732e-06 2.20924e-05 6.12698e-05 0.000139106 0.000265934 0.000438848 0.000640248 0.00084411 0.00102442 0.00116083 0.00124074 0.00125921 0.00121811 0.00112531 0.000993943 0.000841808 0.000690418 0.000563381 0.00048332 0.000466701 0.00052321 0.000698804 0.00118476 0.00218817 0.00332019 0.00359181 0.00265453 0.00132991 0.000456229 0.000110045 1.9761e-05 2.99071e-06 4.4565e-07 6.7298e-08 9.21223e-09 9.77568e-10 5.65855e-11 0 
0 3.56356e-08 3.34335e-07 1.62859e-06 5.7232e-06 1.60184e-05 3.7302e-05 7.41585e-05 0.000128359 0.000196832 0.000271726 0.000342538 0.000399002 0.000433436 0.00044201 0.000425045 0.000386641 0.000333834 0.000275458 0.000220818 0.000178386 0.000154689 0.000153323 0.00017451 0.000219208 0.000301004 0.000435656 0.000571601 0.000581554 0.000423388 0.000215043 7.65613e-05 1.9761e-05 4.01041e-06 7.27514e-07 1.29023e-07 2.17174e-08 3.16163e-09 3.50505e-10 2.10472e-11 0 
0 8.76112e-09 7.97957e-08 3.79246e-07 1.31053e-06 3.6424e-06 8.51311e-06 1.71577e-05 3.03434e-05 4.77539e-05 6.77037e-05 8.74098e-05 0.00010372 0.000113976 0.000116685 0.000111823 0.00010075 8.58246e-05 6.98451e-05 5.54944e-05 4.49178e-05 3.94995e-05 3.9753e-05 4.51929e-05 5.44597e-05 6.61857e-05 7.86894e-05 8.58842e-05 7.7876e-05 5.39841e-05 2.74967e-05 1.03229e-05 2.99071e-06 7.27514e-07 1.61265e-07 3.3213e-08 6.10768e-09 9.41806e-10 1.09316e-10 6.83309e-12 0 
0 1.92314e-09 1.69828e-08 7.85252e-08 2.65385e-07 7.26087e-07 1.68247e-06 3.38512e-06 6.01161e-06 9.54063e-06 1.36698e-05 1.78375e-05 2.1357e-05 2.36121e-05 2.4236e-05 2.32072e-05 2.08381e-05 1.76733e-05 1.43425e-05 1.1421e-05 9.33639e-06 8.32899e-06 8.43762e-06 9.47094e-06 1.09817e-05 1.23438e-05 1.2919e-05 1.21416e-05 9.75278e-06 6.35926e-06 3.26753e-06 1.33025e-06 4.4565e-07 1.29023e-07 3.3213e-08 7.57097e-09 1.4905e-09 2.42443e-10 2.94853e-11 1.92223e-12 0 
0 3.69417e-10 3.16288e-09 1.42152e-08 4.68773e-08 1.25738e-07 2.87104e-07 5.721e-07 1.01079e-06 1.60176e-06 2.29741e-06 3.00516e-06 3.60818e-06 3.99881e-06 4.11114e-06 3.94001e-06 3.53994e-06 3.00659e-06 2.44967e-06 1.96749e-06 1.63042e-06 1.47366e-06 1.49458e-06 1.64883e-06 1.84814e-06 1.97555e-06 1.92816e-06 1.66738e-06 1.24467e-06 7.83812e-07 4.11186e-07 1.80397e-07 6.7298e-08 2.17174e-08 6.10768e-09 1.4905e-09 3.10477e-10 5.31176e-11 6.76706e-12 4.60425e-13 0 
0 5.95079e-11 4.94365e-10 2.16037e-09 6.94823e-09 1.82442e-08 4.09443e-08 8.05128e-08 1.409e-07 2.21876e-07 3.17058e-07 4.13997e-07 4.96854e-07 5.50888e-07 5.66974e-07 5.44315e-07 4.90382e-07 4.18376e-07 3.43435e-07 2.7905e-07 2.34654e-07 2.14477e-07 2.17094e-07 2.35171e-07 2.5597e-07 2.64285e-07 2.48579e-07 2.07401e-07 1.50773e-07 9.43809e-08 5.05984e-08 2.32562e-08 9.21223e-09 3.16163e-09 9.41806e-10 2.42443e-10 5.31176e-11 9.53447e-12 1.27099e-12 9.02233e-14 0 
0 7.25823e-12 5.85822e-11 2.49178e-10 7.82067e-10 2.01016e-09 4.43094e-09 8.58697e-09 1.48582e-08 2.32017e-08 3.29616e-08 4.28798e-08 5.13609e-08 5.69183e-08 5.86278e-08 5.64058e-08 5.1009e-08 4.37814e-08 3.62687e-08 2.98466e-08 2.54595e-08 2.34846e-08 2.36812e-08 2.52029e-08 2.67335e-08 2.68596e-08 2.4662e-08 2.02172e-08 1.45799e-08 9.16872e-09 5.00712e-09 2.37317e-09 9.77568e-10 3.50505e-10 1.09316e-10 2.94853e-11 6.76706e-12 1.27099e-12 1.76971e-13 1.3093e-14 0 
0 4.79063e-13 3.76244e-12 1.55993e-11 4.7833e-11 1.20443e-10 2.60845e-10 4.98147e-10 8.51859e-10 1.31818e-09 1.86026e-09 2.40916e-09 2.87816e-09 3.1867e-09 3.2847e-09 3.16765e-09 2.87685e-09 2.48588e-09 2.07963e-09 1.73356e-09 1.49851e-09 1.39228e-09 1.39704e-09 1.46222e-09 1.51606e-09 1.48857e-09 1.34111e-09 1.08616e-09 7.80584e-10 4.93912e-10 2.74031e-10 1.33103e-10 5.65855e-11 2.10472e-11 6.83309e-12 1.92223e-12 4.60425e-13 9.02233e-14 1.3093e-14 1.00802e-15 0 
0 0 0 0 0 0 0 0 0 0 0 0 0 0 0 0 0 0 0 0 0 0 0 0 0 0 0 0 0 0 0 0 0 0 0 0 0 0 0 0 0 
