0 0 0 0 0 0 0 0 0 0 0 0 0 0 0 0 0 0 0 0 0 0 0 0 0 0 0 0 0 0 0 0 0 0 0 0 0 0 0 0 0 
0 2.09545e-07 1.89226e-06 8.56186e-06 2.69362e-05 6.54509e-05 0.000129967 0.000219816 0.000327451 0.000441276 0.000549079 0.000640366 0.000707435 0.000745637 0.000753239 0.00073113 0.000682453 0.000612189 0.000526696 0.000433169 0.000339001 0.000251032 0.000174735 0.000113516 6.83345e-05 3.78677e-05 1.92136e-05 8.89308e-06 3.74788e-06 1.43769e-06 5.02301e-07 1.59973e-07 4.645e-08 1.22776e-08 2.94047e-09 6.31626e-10 1.19193e-10 1.89242e-11 2.28119e-12 1.49134e-13 0 
0 1.89226e-06 1.76043e-05 7.9883e-05 0.000243173 0.000553019 0.00100726 0.00155642 0.0021359 0.00269017 0.00317845 0.00357219 0.00385241 0.00400848 0.00403768 0.0039447 0.0037407 0.00344197 0.00306846 0.00264251 0.00218795 0.00172986 0.00129406 0.000905706 0.000585696 0.000345662 0.000184268 8.81412e-05 3.77428e-05 1.44897e-05 5.00598e-06 1.56303e-06 4.42468e-07 1.13656e-07 2.64138e-08 5.50394e-09 1.00804e-09 1.55491e-10 1.82346e-11 1.16148e-12 0 
0 8.56186e-06 7.9883e-05 0.000347126 0.000963087 0.0019434 0.00315646 0.00445586 0.00574032 0.00693748 0.00798614 0.00883334 0.00943805 0.00977496 0.00983644 0.00963237 0.00918812 0.00854103 0.00773608 0.0068211 0.00584246 0.00484201 0.00385647 0.00292018 0.00207001 0.00134706 0.00078811 0.000407356 0.000184235 7.28947e-05 2.5407e-05 7.87704e-06 2.19119e-06 5.49711e-07 1.24379e-07 2.52026e-08 4.48861e-09 6.73803e-10 7.69919e-11 4.7854e-12 0 
0 2.69362e-05 0.000243173 0.000963087 0.00234703 0.00421038 0.00631664 0.00852368 0.0107206 0.0127914 0.0146204 0.0161054 0.0171682 0.0177607 0.017868 0.0175073 0.0167242 0.0155863 0.0141759 0.0125815 0.0108901 0.00917962 0.00751344 0.00593748 0.00448278 0.00317683 0.00205942 0.00118441 0.000588313 0.000249046 9.01486e-05 2.83024e-05 7.83318e-06 1.9344e-06 4.2836e-07 8.47229e-08 1.47168e-08 2.1553e-09 2.40487e-10 1.46145e-11 0 
0 6.54509e-05 0.000553019 0.0019434 0.00421038 0.00701799 0.0101652 0.0135038 0.0168575 0.0200329 0.0228435 0.0251277 0.0267631 0.0276748 0.0278396 0.0272836 0.0260775 0.024326 0.0221569 0.019708 0.0171158 0.0145048 0.0119792 0.00961687 0.00746593 0.00554663 0.00386634 0.00244945 0.00135468 0.000631511 0.000244747 7.96832e-05 2.22937e-05 5.47436e-06 1.19435e-06 2.31672e-07 3.93934e-08 5.64557e-09 6.16747e-10 3.67317e-11 0 
0 0.000129967 0.00100726 0.00315646 0.00631664 0.0101652 0.0145261 0.019184 0.0238753 0.0283219 0.0322594 0.0354602 0.0377522 0.03903 0.0392607 0.0384812 0.0367906 0.0343359 0.0312966 0.0278666 0.0242383 0.0205875 0.0170633 0.0137804 0.0108149 0.00820227 0.00594095 0.00401305 0.00242914 0.00125358 0.00053081 0.000183238 5.2711e-05 1.30162e-05 2.81862e-06 5.39016e-07 9.00838e-08 1.26758e-08 1.35972e-09 7.95692e-11 0 
0 0.000219816 0.00155642 0.00445586 0.00852368 0.0135038 0.019184 0.0252643 0.0313925 0.0372028 0.0423486 0.046533 0.0495324 0.0512083 0.0515114 0.0504884 0.0482739 0.0450638 0.0410916 0.03661 0.0318702 0.0271029 0.0225043 0.0182263 0.0143731 0.0109996 0.00811236 0.00567756 0.00365358 0.00205378 0.000952815 0.000353665 0.000106138 2.66421e-05 5.76861e-06 1.09331e-06 1.80329e-07 2.49995e-08 2.64107e-09 1.52265e-10 0 
0 0.000327451 0.0021359 0.00574032 0.0107206 0.0168575 0.0238753 0.0313925 0.0389707 0.0461567 0.0525262 0.0577353 0.0615328 0.0637066 0.0641065 0.0627689 0.0599311 0.0559025 0.0509725 0.0454279 0.0395669 0.0336732 0.0279896 0.0227053 0.0179512 0.0137995 0.0102671 0.00731928 0.00488664 0.00292177 0.00146778 0.000587295 0.000185525 4.77433e-05 1.04025e-05 1.96334e-06 3.20826e-07 4.39654e-08 4.58794e-09 2.61288e-10 0 
0 0.000441276 0.00269017 0.00693748 0.0127914 0.0200329 0.0283219 0.0372028 0.0461567 0.0546546 0.0622477 0.0686372 0.0734686 0.076252 0.0767661 0.0750683 0.0714226 0.0663586 0.0603847 0.0537972 0.0468689 0.0399062 0.033193 0.0269531 0.0213421 0.0164477 0.0122949 0.00885122 0.00603584 0.00375884 0.00200823 0.000859976 0.000286489 7.59498e-05 1.67292e-05 3.1565e-06 5.12735e-07 6.96673e-08 7.20115e-09 4.06163e-10 0 
0 0.000549079 0.00317845 0.00798614 0.0146204 0.0228435 0.0322594 0.0423486 0.0525262 0.0622477 0.0711566 0.0787458 0.084008 0.0867055 0.0871936 0.0856227 0.0818841 0.076045 0.0689101 0.0612518 0.0533439 0.0454309 0.037805 0.0307178 0.0243466 0.0187923 0.0140859 0.0101964 0.00703828 0.004497 0.00251055 0.00113613 0.000397365 0.000108589 2.42363e-05 4.58388e-06 7.42185e-07 1.00252e-07 1.02907e-08 5.76221e-10 0 
0 0.000640366 0.00357219 0.00883334 0.0161054 0.0251277 0.0354602 0.046533 0.0577353 0.0686372 0.0787458 0.0864516 0.0910383 0.0932801 0.093698 0.0924226 0.0892833 0.083853 0.0761457 0.0674413 0.0586328 0.049929 0.0415594 0.0337826 0.0267924 0.0207004 0.0155419 0.0112865 0.00784607 0.00509253 0.00292807 0.00138062 0.000502534 0.000141105 3.19109e-05 6.05823e-06 9.79684e-07 1.31852e-07 1.34711e-08 7.50539e-10 0 
0 0.000707435 0.00385241 0.00943805 0.0171682 0.0267631 0.0377522 0.0495324 0.0615328 0.0734686 0.084008 0.0910383 0.0950563 0.097041 0.0974224 0.0963068 0.0935584 0.0887593 0.0813591 0.0720426 0.0624682 0.0531604 0.0442544 0.035983 0.0285488 0.0220707 0.0165874 0.0120684 0.00842366 0.00551806 0.00323153 0.00156629 0.000586835 0.000168284 3.84819e-05 7.33501e-06 1.18628e-06 1.59372e-07 1.62401e-08 9.02174e-10 0 
0 0.000745637 0.00400848 0.00977496 0.0177607 0.0276748 0.03903 0.0512083 0.0637066 0.076252 0.0867055 0.0932801 0.097041 0.0989143 0.0992807 0.0982356 0.0956613 0.0911809 0.084143 0.0746919 0.0646506 0.0549759 0.0457667 0.0372185 0.0295359 0.0228416 0.0171763 0.0125093 0.00874966 0.00575901 0.00340588 0.00167656 0.000639033 0.000185709 4.27915e-05 8.1839e-06 1.32484e-06 1.7795e-07 1.81201e-08 1.0057e-09 0 
0 0.000753239 0.00403768 0.00983644 0.017868 0.0278396 0.0392607 0.0515114 0.0641065 0.0767661 0.0871936 0.093698 0.0974224 0.0992807 0.099646 0.0986121 0.0960645 0.0916339 0.0846612 0.0751989 0.0650684 0.0553226 0.046057 0.0374576 0.0297287 0.022994 0.0172944 0.0125996 0.00881861 0.00581253 0.00344742 0.00170505 0.000653598 0.000190892 4.4141e-05 8.46154e-06 1.37199e-06 1.84518e-07 1.88106e-08 1.04523e-09 0 
0 0.00073113 0.0039447 0.00963237 0.0175073 0.0272836 0.0384812 0.0504884 0.0627689 0.0750683 0.0856227 0.0924226 0.0963068 0.0982356 0.0986121 0.0975371 0.0948858 0.090263 0.0830464 0.0736148 0.0637667 0.0542497 0.0451684 0.0367357 0.0291558 0.0225504 0.0169595 0.0123531 0.00864117 0.00568705 0.00336207 0.00165455 0.000631091 0.000183789 4.2484e-05 8.15551e-06 1.32557e-06 1.788e-07 1.82872e-08 1.0197e-09 0 
0 0.000682453 0.0037407 0.00918812 0.0167242 0.0260775 0.0367906 0.0482739 0.0599311 0.0714226 0.0818841 0.0892833 0.0935584 0.0956613 0.0960645 0.0948858 0.0919762 0.0869014 0.0792979 0.070195 0.0609516 0.0519004 0.0432163 0.0351471 0.027893 0.0215704 0.0162173 0.0118041 0.0082428 0.00540143 0.00316445 0.00153595 0.000577629 0.000166682 3.84137e-05 7.38448e-06 1.20493e-06 1.63381e-07 1.68104e-08 9.43411e-10 0 
0 0.000612189 0.00344197 0.00854103 0.0155863 0.024326 0.0343359 0.0450638 0.0559025 0.0663586 0.076045 0.083853 0.0887593 0.0911809 0.0916339 0.090263 0.0869014 0.0812453 0.0736823 0.0653778 0.0569074 0.0484846 0.0403732 0.0328333 0.0260537 0.0201431 0.0151364 0.0110043 0.0076615 0.00498411 0.00287765 0.00136745 0.000503787 0.000143565 3.29777e-05 6.35959e-06 1.04478e-06 1.4291e-07 1.48488e-08 8.42003e-10 0 
0 0.000526696 0.00306846 0.00773608 0.0141759 0.0221569 0.0312966 0.0410916 0.0509725 0.0603847 0.0689101 0.0761457 0.0813591 0.084143 0.0846612 0.0830464 0.0792979 0.0736823 0.0669276 0.0595835 0.0519299 0.0442527 0.0368494 0.0299664 0.0237763 0.0183776 0.0138012 0.0100177 0.00694538 0.00447291 0.00253391 0.001174 0.000423089 0.000119267 2.74085e-05 5.32752e-06 8.85744e-07 1.22856e-07 1.29556e-08 7.45791e-10 0 
0 0.000433169 0.00264251 0.0068211 0.0125815 0.019708 0.0278666 0.03661 0.0454279 0.0537972 0.0612518 0.0674413 0.0720426 0.0746919 0.0751989 0.0736148 0.070195 0.0653778 0.0595835 0.0531289 0.0463214 0.0394757 0.0328728 0.0267336 0.0212114 0.0163932 0.0123048 0.00891644 0.00615157 0.00391686 0.00217639 0.00098628 0.000350266 9.85941e-05 2.2878e-05 4.51918e-06 7.65726e-07 1.08322e-07 1.16458e-08 6.8276e-10 0 
0 0.000339001 0.00218795 0.00584246 0.0108901 0.0171158 0.0242383 0.0318702 0.0395669 0.0468689 0.0533439 0.0586328 0.0624682 0.0646506 0.0650684 0.0637667 0.0609516 0.0569074 0.0519299 0.0463214 0.0403896 0.0344234 0.0286696 0.0233205 0.0185092 0.01431 0.0107429 0.00777848 0.00534859 0.00338092 0.00186092 0.000838952 0.000299603 8.57341e-05 2.03508e-05 4.11893e-06 7.14314e-07 1.03187e-07 1.12972e-08 6.72566e-10 0 
0 0.000251032 0.00172986 0.00484201 0.00917962 0.0145048 0.0205875 0.0271029 0.0336732 0.0399062 0.0454309 0.049929 0.0531604 0.0549759 0.0553226 0.0542497 0.0519004 0.0484846 0.0442527 0.0394757 0.0344234 0.0293437 0.0244474 0.0198982 0.0158088 0.0122421 0.00921327 0.00669463 0.00462749 0.00295232 0.00165366 0.000766723 0.000283569 8.40169e-05 2.05373e-05 4.25128e-06 7.49375e-07 1.09472e-07 1.20716e-08 7.21532e-10 0 
0 0.000174735 0.00129406 0.00385647 0.00751344 0.0119792 0.0170633 0.0225043 0.0279896 0.033193 0.037805 0.0415594 0.0442544 0.0457667 0.046057 0.0451684 0.0432163 0.0403732 0.0368494 0.0328728 0.0286696 0.0244474 0.0203826 0.0166126 0.0132351 0.0103108 0.00785875 0.00583966 0.00416551 0.00276362 0.0016262 0.000798831 0.000311615 9.57617e-05 2.38425e-05 4.96207e-06 8.7258e-07 1.26616e-07 1.38357e-08 8.18454e-10 0 
0 0.000113516 0.000905706 0.00292018 0.00593748 0.00961687 0.0137804 0.0182263 0.0227053 0.0269531 0.0307178 0.0337826 0.035983 0.0372185 0.0374576 0.0367357 0.0351471 0.0328333 0.0299664 0.0267336 0.0233205 0.0198982 0.0166126 0.0135844 0.0109257 0.00876162 0.00716006 0.00594208 0.00471354 0.00330971 0.00197833 0.000987181 0.000394251 0.000122411 3.02204e-05 6.17167e-06 1.06133e-06 1.50551e-07 1.60956e-08 9.32785e-10 0 
0 6.83345e-05 0.000585696 0.00207001 0.00448278 0.00746593 0.0108149 0.0143731 0.0179512 0.0213421 0.0243466 0.0267924 0.0285488 0.0295359 0.0297287 0.0291558 0.027893 0.0260537 0.0237763 0.0212114 0.0185092 0.0158088 0.0132351 0.0109257 0.00914158 0.00838722 0.00902975 0.0101885 0.00980699 0.00715027 0.00387266 0.00164492 0.000582041 0.00016822 3.92126e-05 7.62782e-06 1.26173e-06 1.73331e-07 1.80238e-08 1.01923e-09 0 
0 3.78677e-05 0.000345662 0.00134706 0.00317683 0.00554663 0.00820227 0.0109996 0.0137995 0.0164477 0.0187923 0.0207004 0.0220707 0.0228416 0.022994 0.0225504 0.0215704 0.0201431 0.0183776 0.0163932 0.01431 0.0122421 0.0103108 0.00876162 0.00838722 0.0110364 0.0181618 0.0266607 0.0296594 0.0208801 0.010568 0.00378112 0.00105103 0.000249015 5.05076e-05 8.94129e-06 1.39624e-06 1.84839e-07 1.86887e-08 1.0323e-09 0 
0 1.92136e-05 0.000184268 0.00078811 0.00205942 0.00386634 0.00594095 0.00811236 0.0102671 0.0122949 0.0140859 0.0155419 0.0165874 0.0171763 0.0172944 0.0169595 0.0162173 0.0151364 0.0138012 0.0123048 0.0107429 0.00921327 0.00785875 0.00716006 0.00902975 0.0181618 0.0384577 0.0700966 0.0775721 0.0540447 0.0245949 0.0082762 0.00198142 0.000379101 6.31561e-05 9.67427e-06 1.39346e-06 1.77192e-07 1.748e-08 9.47409e-10 0 
0 8.89308e-06 8.81412e-05 0.000407356 0.00118441 0.00244945 0.00401305 0.00567756 0.00731928 0.00885122 0.0101964 0.0112865 0.0120684 0.0125093 0.0125996 0.0123531 0.0118041 0.0110043 0.0100177 0.00891644 0.00777848 0.00669463 0.00583966 0.00594208 0.0101885 0.0266607 0.0700966 0.0876519 0.0897871 0.0830225 0.0452009 0.0133361 0.00301935 0.000508928 7.15046e-05 9.34881e-06 1.22446e-06 1.49587e-07 1.44906e-08 7.76057e-10 0 
0 3.74788e-06 3.77428e-05 0.000184235 0.000588313 0.00135468 0.00242914 0.00365358 0.00488664 0.00603584 0.00703828 0.00784607 0.00842366 0.00874966 0.00881861 0.00864117 0.0082428 0.0076615 0.00694538 0.00615157 0.00534859 0.00462749 0.00416551 0.00471354 0.00980699 0.0296594 0.0775721 0.0897871 0.0913775 0.0857966 0.0541522 0.0147023 0.00326898 0.000521564 6.60971e-05 7.65567e-06 9.24276e-07 1.0955e-07 1.05228e-08 5.6174e-10 0 
0 1.43769e-06 1.44897e-05 7.28947e-05 0.000249046 0.000631511 0.00125358 0.00205378 0.00292177 0.00375884 0.004497 0.00509253 0.00551806 0.00575901 0.00581253 0.00568705 0.00540143 0.00498411 0.00447291 0.00391686 0.00338092 0.00295232 0.00276362 0.00330971 0.00715027 0.0208801 0.0540447 0.0830225 0.0857966 0.0749148 0.0337143 0.0108889 0.00241522 0.000379502 4.60245e-05 5.03047e-06 5.85233e-07 6.88667e-08 6.64618e-09 3.57099e-10 0 
0 5.02301e-07 5.00598e-06 2.5407e-05 9.01486e-05 0.000244747 0.00053081 0.000952815 0.00146778 0.00200823 0.00251055 0.00292807 0.00323153 0.00340588 0.00344742 0.00336207 0.00316445 0.00287765 0.00253391 0.00217639 0.00186092 0.00165366 0.0016262 0.00197833 0.00387266 0.010568 0.0245949 0.0452009 0.0541522 0.0337143 0.0163615 0.00539648 0.00120754 0.000191385 2.3264e-05 2.57346e-06 3.06833e-07 3.69845e-08 3.63924e-09 1.98736e-10 0 
0 1.59973e-07 1.56303e-06 7.87704e-06 2.83024e-05 7.96832e-05 0.000183238 0.000353665 0.000587295 0.000859976 0.00113613 0.00138062 0.00156629 0.00167656 0.00170505 0.00165455 0.00153595 0.00136745 0.001174 0.00098628 0.000838952 0.000766723 0.000798831 0.000987181 0.00164492 0.00378112 0.0082762 0.0133361 0.0147023 0.0108889 0.00539648 0.00179862 0.000411187 6.70626e-05 8.56532e-06 1.0322e-06 1.33927e-07 1.7001e-08 1.72763e-09 9.67298e-11 0 
0 4.645e-08 4.42468e-07 2.19119e-06 7.83318e-06 2.22937e-05 5.2711e-05 0.000106138 0.000185525 0.000286489 0.000397365 0.000502534 0.000586835 0.000639033 0.000653598 0.000631091 0.000577629 0.000503787 0.000423089 0.000350266 0.000299603 0.000283569 0.000311615 0.000394251 0.000582041 0.00105103 0.00198142 0.00301935 0.00326898 0.00241522 0.00120754 0.000411187 9.7279e-05 1.68221e-05 2.40444e-06 3.38645e-07 4.96337e-08 6.7309e-09 7.12349e-10 4.11797e-11 0 
0 1.22776e-08 1.13656e-07 5.49711e-07 1.9344e-06 5.47436e-06 1.30162e-05 2.66421e-05 4.77433e-05 7.59498e-05 0.000108589 0.000141105 0.000168284 0.000185709 0.000190892 0.000183789 0.000166682 0.000143565 0.000119267 9.85941e-05 8.57341e-05 8.40169e-05 9.57617e-05 0.000122411 0.00016822 0.000249015 0.000379101 0.000508928 0.000521564 0.000379502 0.000191385 6.70626e-05 1.68221e-05 3.26656e-06 5.62745e-07 9.61529e-08 1.59338e-08 2.30893e-09 2.55568e-10 1.53314e-11 0 
0 2.94047e-09 2.64138e-08 1.24379e-07 4.2836e-07 1.19435e-06 2.81862e-06 5.76861e-06 1.04025e-05 1.67292e-05 2.42363e-05 3.19109e-05 3.84819e-05 4.27915e-05 4.4141e-05 4.2484e-05 3.84137e-05 3.29777e-05 2.74085e-05 2.2878e-05 2.03508e-05 2.05373e-05 2.38425e-05 3.02204e-05 3.92126e-05 5.05076e-05 6.31561e-05 7.15046e-05 6.60971e-05 4.60245e-05 2.3264e-05 8.56532e-06 2.40444e-06 5.62745e-07 1.2077e-07 2.44487e-08 4.46817e-09 6.87621e-10 7.97374e-11 4.98048e-12 0 
0 6.31626e-10 5.50394e-09 2.52026e-08 8.47229e-08 2.31672e-07 5.39016e-07 1.09331e-06 1.96334e-06 3.1565e-06 4.58388e-06 6.05823e-06 7.33501e-06 8.1839e-06 8.46154e-06 8.15551e-06 7.38448e-06 6.35959e-06 5.32752e-06 4.51918e-06 4.11893e-06 4.25128e-06 4.96207e-06 6.17167e-06 7.62782e-06 8.94129e-06 9.67427e-06 9.34881e-06 7.65567e-06 5.03047e-06 2.57346e-06 1.0322e-06 3.38645e-07 9.61529e-08 2.44487e-08 5.54266e-09 1.08901e-09 1.76986e-10 2.15116e-11 1.40161e-12 0 
0 1.19193e-10 1.00804e-09 4.48861e-09 1.47168e-08 3.93934e-08 9.00838e-08 1.80329e-07 3.20826e-07 5.12735e-07 7.42185e-07 9.79684e-07 1.18628e-06 1.32484e-06 1.37199e-06 1.32557e-06 1.20493e-06 1.04478e-06 8.85744e-07 7.65726e-07 7.14314e-07 7.49375e-07 8.7258e-07 1.06133e-06 1.26173e-06 1.39624e-06 1.39346e-06 1.22446e-06 9.24276e-07 5.85233e-07 3.06833e-07 1.33927e-07 4.96337e-08 1.59338e-08 4.46817e-09 1.08901e-09 2.26713e-10 3.87711e-11 4.93739e-12 3.35795e-13 0 
0 1.89242e-11 1.55491e-10 6.73803e-10 2.1553e-09 5.64557e-09 1.26758e-08 2.49995e-08 4.39654e-08 6.96673e-08 1.00252e-07 1.31852e-07 1.59372e-07 1.7795e-07 1.84518e-07 1.788e-07 1.63381e-07 1.4291e-07 1.22856e-07 1.08322e-07 1.03187e-07 1.09472e-07 1.26616e-07 1.50551e-07 1.73331e-07 1.84839e-07 1.77192e-07 1.49587e-07 1.0955e-07 6.88667e-08 3.69845e-08 1.7001e-08 6.7309e-09 2.30893e-09 6.87621e-10 1.76986e-10 3.87711e-11 6.958e-12 9.27305e-13 6.58069e-14 0 
0 2.28119e-12 1.82346e-11 7.69919e-11 2.40487e-10 6.16747e-10 1.35972e-09 2.64107e-09 4.58794e-09 7.20115e-09 1.02907e-08 1.34711e-08 1.62401e-08 1.81201e-08 1.88106e-08 1.82872e-08 1.68104e-08 1.48488e-08 1.29556e-08 1.16458e-08 1.12972e-08 1.20716e-08 1.38357e-08 1.60956e-08 1.80238e-08 1.86887e-08 1.748e-08 1.44906e-08 1.05228e-08 6.64618e-09 3.63924e-09 1.72763e-09 7.12349e-10 2.55568e-10 7.97374e-11 2.15116e-11 4.93739e-12 9.27305e-13 1.29101e-13 9.54964e-15 0 
0 1.49134e-13 1.16148e-12 4.7854e-12 1.46145e-11 3.67317e-11 7.95692e-11 1.52265e-10 2.61288e-10 4.06163e-10 5.76221e-10 7.50539e-10 9.02174e-10 1.0057e-09 1.04523e-09 1.0197e-09 9.43411e-10 8.42003e-10 7.45791e-10 6.8276e-10 6.72566e-10 7.21532e-10 8.18454e-10 9.32785e-10 1.01923e-09 1.0323e-09 9.47409e-10 7.76057e-10 5.6174e-10 3.57099e-10 1.98736e-10 9.67298e-11 4.11797e-11 1.53314e-11 4.98048e-12 1.40161e-12 3.35795e-13 6.58069e-14 9.54964e-15 7.3515e-16 0 
0 0 0 0 0 0 0 0 0 0 0 0 0 0 0 0 0 0 0 0 0 0 0 0 0 0 0 0 0 0 0 0 0 0 0 0 0 0 0 0 0 
