0 0 0 0 0 0 0 0 0 0 0 0 0 0 0 0 0 0 0 0 0 0 0 0 0 0 0 0 0 0 0 0 0 0 0 0 0 0 0 0 0 
0 5.38911e-08 4.95502e-07 2.3243e-06 7.729e-06 2.01673e-05 4.33734e-05 7.94674e-05 0.000127391 0.000182769 0.000239124 0.000289562 0.000328174 0.000350888 0.000355803 0.000343178 0.000315175 0.000275445 0.000228592 0.00017954 0.000132865 9.216e-05 5.95848e-05 3.57116e-05 1.97451e-05 1.00337e-05 4.67501e-06 1.99525e-06 7.80165e-07 2.79731e-07 9.20756e-08 2.78433e-08 7.73305e-09 1.96832e-09 4.5669e-10 9.55379e-11 1.76377e-11 2.75009e-12 3.26602e-13 2.10912e-14 0 
0 4.95502e-07 4.73451e-06 2.27572e-05 7.58685e-05 0.000193516 0.000397828 0.000686876 0.00103314 0.00139619 0.00173631 0.00202163 0.00223002 0.00234859 0.00237281 0.00230542 0.00215544 0.00193711 0.00166877 0.00137175 0.00106909 0.000783586 0.000535093 0.000337142 0.000194257 0.000101668 4.8152e-05 2.06254e-05 8.00541e-06 2.82485e-06 9.09472e-07 2.67926e-07 7.23238e-08 1.78728e-08 4.02541e-09 8.17815e-10 1.46758e-10 2.22693e-11 2.5773e-12 1.62427e-13 0 
0 2.3243e-06 2.27572e-05 0.000109225 0.000350596 0.000831347 0.00155696 0.00244683 0.00339327 0.00430502 0.0051144 0.00577209 0.00624357 0.00650839 0.00656021 0.00640617 0.00606529 0.00556597 0.00494296 0.00423469 0.00348129 0.00272416 0.00200617 0.00137053 0.000854704 0.000479382 0.00023931 0.000105931 4.16883e-05 1.46846e-05 4.66647e-06 1.34695e-06 3.54707e-07 8.53229e-08 1.86902e-08 3.69351e-09 6.45179e-10 9.54011e-11 1.07734e-11 6.63441e-13 0 
0 7.729e-06 7.58685e-05 0.000350596 0.00103474 0.00219758 0.00370559 0.00537192 0.00705318 0.00864141 0.0100451 0.0111863 0.0120053 0.012465 0.0125532 0.0122824 0.0116866 0.0108168 0.00973505 0.00850803 0.00720113 0.00587421 0.00458048 0.00336998 0.00229592 0.00141517 0.000771261 0.000365854 0.000150514 5.41106e-05 1.72229e-05 4.91665e-06 1.27081e-06 2.98804e-07 6.38597e-08 1.23063e-08 2.09699e-09 3.0274e-10 3.34176e-11 2.01419e-12 0 
0 2.01673e-05 0.000193516 0.000831347 0.00219758 0.00419684 0.00656513 0.00910177 0.0116533 0.0140727 0.0162185 0.017967 0.0192233 0.0199283 0.0200626 0.0196451 0.0187289 0.0173938 0.0157369 0.0138633 0.0118765 0.00986977 0.00792058 0.00608826 0.00441931 0.00296175 0.00177782 0.000926377 0.000410673 0.000154731 5.02792e-05 1.43737e-05 3.67597e-06 8.49496e-07 1.77846e-07 3.35284e-08 5.58834e-09 7.89574e-10 8.53762e-11 5.04656e-12 0 
0 4.33734e-05 0.000397828 0.00155696 0.00370559 0.00656513 0.00985665 0.0133823 0.0169427 0.0203274 0.0233336 0.025785 0.0275468 0.0285355 0.0287234 0.0281371 0.0268515 0.0249788 0.0226568 0.0200341 0.0172581 0.0144626 0.0117596 0.0092335 0.00693927 0.00491086 0.00318405 0.0018206 0.000883775 0.000357035 0.00012085 3.5093e-05 8.96321e-06 2.04863e-06 4.22062e-07 7.8125e-08 1.2776e-08 1.77136e-09 1.88078e-10 1.09266e-11 0 
0 7.94674e-05 0.000686876 0.00244683 0.00537192 0.00910177 0.0133823 0.0179821 0.022636 0.0270642 0.0309991 0.0342086 0.0365157 0.0378107 0.0380571 0.0372896 0.0356064 0.033155 0.0301161 0.0266854 0.0230566 0.0194068 0.0158852 0.0126058 0.00964344 0.00703536 0.00479539 0.00294878 0.00156121 0.000683646 0.000244912 7.32253e-05 1.88564e-05 4.29023e-06 8.73945e-07 1.59437e-07 2.56642e-08 3.50173e-09 3.66032e-10 2.09497e-11 0 
0 0.000127391 0.00103314 0.00339327 0.00705318 0.0116533 0.0169427 0.022636 0.0284003 0.0338868 0.0387632 0.0427414 0.0456018 0.047208 0.0475146 0.0465645 0.0444793 0.0414422 0.0376774 0.0334278 0.0289344 0.0244173 0.0200631 0.0160152 0.0123699 0.00917605 0.00644212 0.00416144 0.00236254 0.00111784 0.000427024 0.000132782 3.47575e-05 7.91917e-06 1.60225e-06 2.89154e-07 4.59618e-08 6.18937e-09 6.38605e-10 3.60953e-11 0 
0 0.000182769 0.00139619 0.00430502 0.00864141 0.0140727 0.0203274 0.0270642 0.0338868 0.0403818 0.0461554 0.0508669 0.0542561 0.0561614 0.0565269 0.0554029 0.0529347 0.0493399 0.0448841 0.0398548 0.0345375 0.0291936 0.0240448 0.0192621 0.0149619 0.0112056 0.00800405 0.00533401 0.00318429 0.00160773 0.000653776 0.000212382 5.68271e-05 1.30269e-05 2.62799e-06 4.70737e-07 7.41141e-08 9.87797e-09 1.00865e-09 5.64384e-11 0 
0 0.000239124 0.00173631 0.0051144 0.0100451 0.0162185 0.0233336 0.0309991 0.0387632 0.0461554 0.052728 0.0580942 0.0619586 0.0641343 0.0645546 0.0632756 0.0604644 0.056372 0.0513011 0.0455783 0.039528 0.0334482 0.0275915 0.0221538 0.0172686 0.0130084 0.00938839 0.00637835 0.003939 0.00208946 0.000896806 0.000303973 8.33145e-05 1.92724e-05 3.88809e-06 6.93264e-07 1.08414e-07 1.43395e-08 1.45278e-09 8.06684e-11 0 
0 0.000289562 0.00202163 0.00577209 0.0111863 0.017967 0.025785 0.0342086 0.0427414 0.0508669 0.0580942 0.063999 0.0682513 0.0706432 0.0711081 0.06971 0.0666248 0.062126 0.0565514 0.0502618 0.0436127 0.0369314 0.030496 0.024522 0.0191576 0.0144837 0.0105194 0.00723197 0.00456508 0.00250734 0.00112246 0.000394614 0.000110643 2.58512e-05 5.22555e-06 9.29638e-07 1.44759e-07 1.9049e-08 1.9196e-09 1.06031e-10 0 
0 0.000328174 0.00223002 0.00624357 0.0120053 0.0192233 0.0275468 0.0365157 0.0456018 0.0542561 0.0619586 0.0682513 0.0727681 0.0752946 0.0757882 0.0743236 0.0710644 0.0662834 0.0603461 0.0536474 0.046567 0.0394523 0.0325992 0.0262382 0.0205273 0.0155538 0.0113398 0.00785149 0.00502321 0.00282207 0.00130118 0.000470268 0.000134325 3.16729e-05 6.42101e-06 1.14182e-06 1.77438e-07 2.32862e-08 2.33985e-09 1.28885e-10 0 
0 0.000350888 0.00234859 0.00650839 0.012465 0.0199283 0.0285355 0.0378107 0.047208 0.0561614 0.0641343 0.0706432 0.0752946 0.0778811 0.0783894 0.0769033 0.073568 0.0686414 0.062503 0.0555738 0.0482506 0.0408915 0.0338025 0.0272222 0.0213146 0.0161707 0.0118144 0.00821159 0.00529213 0.00301117 0.00141286 0.000519618 0.000150308 3.56918e-05 7.25867e-06 1.29216e-06 2.00823e-07 2.63486e-08 2.64687e-09 1.45787e-10 0 
0 0.000355803 0.00237281 0.00656021 0.0125532 0.0200626 0.0287234 0.0380571 0.0475146 0.0565269 0.0645546 0.0711081 0.0757882 0.0783894 0.0789054 0.0774217 0.0740789 0.0691301 0.0629564 0.0559845 0.0486151 0.0412083 0.0340722 0.0274472 0.0214989 0.0163193 0.0119327 0.00830541 0.00536634 0.00306717 0.00144857 0.0005366 0.000156169 3.72483e-05 7.59972e-06 1.35643e-06 2.11328e-07 2.77976e-08 2.8003e-09 1.54734e-10 0 
0 0.000343178 0.00230542 0.00640617 0.0122824 0.0196451 0.0281371 0.0372896 0.0465645 0.0554029 0.0632756 0.06971 0.0743236 0.0769033 0.0774217 0.0759583 0.0726659 0.0678083 0.0617588 0.0549268 0.0477021 0.0404386 0.0334388 0.0269388 0.0211013 0.0160166 0.0117087 0.00814444 0.00525479 0.00299568 0.00141036 0.000521362 0.000151767 3.62843e-05 7.43162e-06 1.33284e-06 2.08813e-07 2.76386e-08 2.8036e-09 1.561e-10 0 
0 0.000315175 0.00215544 0.00606529 0.0116866 0.0187289 0.0268515 0.0356064 0.0444793 0.0529347 0.0604644 0.0666248 0.0710644 0.073568 0.0740789 0.0726659 0.0694977 0.0648476 0.0590688 0.0525407 0.0456333 0.0386863 0.0319896 0.025769 0.0201801 0.0153093 0.0111792 0.00775732 0.00497997 0.00281425 0.00131022 0.000479942 0.000139225 3.33601e-05 6.87521e-06 1.24385e-06 1.9691e-07 2.63704e-08 2.70946e-09 1.52947e-10 0 
0 0.000275445 0.00193711 0.00556597 0.0108168 0.0173938 0.0249788 0.033155 0.0414422 0.0493399 0.056372 0.062126 0.0662834 0.0686414 0.0691301 0.0678083 0.0648476 0.0605125 0.0551267 0.0490387 0.0425936 0.0361095 0.029857 0.0240468 0.0188239 0.0142682 0.0103999 0.00718788 0.00457716 0.00255177 0.00116887 0.000423071 0.000122389 2.95027e-05 6.15392e-06 1.13109e-06 1.82351e-07 2.4909e-08 2.61314e-09 1.50691e-10 0 
0 0.000228592 0.00166877 0.00494296 0.00973505 0.0157369 0.0226568 0.0301161 0.0376774 0.0448841 0.0513011 0.0565514 0.0603461 0.062503 0.0629564 0.0617588 0.0590688 0.0551267 0.0502252 0.0446811 0.0388101 0.0329022 0.027204 0.0219068 0.017142 0.0129814 0.00944136 0.00649334 0.00409445 0.00224838 0.00101416 0.000364486 0.000106037 2.59845e-05 5.54789e-06 1.04765e-06 1.73823e-07 2.44442e-08 2.63816e-09 1.56278e-10 0 
0 0.00017954 0.00137175 0.00423469 0.00850803 0.0138633 0.0200341 0.0266854 0.0334278 0.0398548 0.0455783 0.0502618 0.0536474 0.0555738 0.0559845 0.0549268 0.0525407 0.0490387 0.0446811 0.039751 0.0345297 0.0292756 0.0242077 0.0194956 0.0152548 0.0115472 0.00838501 0.00574326 0.00359366 0.00195539 0.000879192 0.000319308 9.52441e-05 2.41599e-05 5.36063e-06 1.052e-06 1.80968e-07 2.62893e-08 2.91833e-09 1.77006e-10 0 
0 0.000132865 0.00106909 0.00348129 0.00720113 0.0118765 0.0172581 0.0230566 0.0289344 0.0345375 0.039528 0.0436127 0.046567 0.0482506 0.0486151 0.0477021 0.0456333 0.0425936 0.0388101 0.0345297 0.0299978 0.0254393 0.0210443 0.0169596 0.0132837 0.0100675 0.00731958 0.00501978 0.00315117 0.00173367 0.000800096 0.000303173 9.52356e-05 2.54465e-05 5.91298e-06 1.20534e-06 2.13564e-07 3.17088e-08 3.57359e-09 2.18829e-10 0 
0 9.216e-05 0.000783586 0.00272416 0.00587421 0.00986977 0.0144626 0.0194068 0.0244173 0.0291936 0.0334482 0.0369314 0.0394523 0.0408915 0.0412083 0.0404386 0.0386863 0.0361095 0.0329022 0.0292756 0.0254393 0.0215852 0.0178754 0.0144337 0.0113423 0.00864266 0.00634089 0.00441922 0.00285583 0.00164866 0.000813757 0.000332442 0.000111749 3.14188e-05 7.54722e-06 1.5676e-06 2.8004e-07 4.16134e-08 4.67019e-09 2.83817e-10 0 
0 5.95848e-05 0.000535093 0.00200617 0.00458048 0.00792058 0.0117596 0.0158852 0.0200631 0.0240448 0.0275915 0.030496 0.0325992 0.0338025 0.0340722 0.0334388 0.0319896 0.029857 0.027204 0.0242077 0.0210443 0.0178754 0.0148368 0.0120325 0.00953302 0.00737817 0.00557411 0.00408111 0.00282894 0.00177936 0.000962749 0.000426978 0.000151871 4.38666e-05 1.05873e-05 2.1808e-06 3.83724e-07 5.59775e-08 6.15907e-09 3.66878e-10 0 
0 3.57116e-05 0.000337142 0.00137053 0.00336998 0.00608826 0.0092335 0.0126058 0.0160152 0.0192621 0.0221538 0.024522 0.0262382 0.0272222 0.0274472 0.0269388 0.025769 0.0240468 0.0219068 0.0194956 0.0169596 0.0144337 0.0120325 0.00984866 0.00796378 0.00645943 0.00536044 0.0045037 0.00357825 0.00247024 0.00140618 0.000641611 0.000229886 6.52446e-05 1.52455e-05 3.03219e-06 5.16198e-07 7.3031e-08 7.81051e-09 4.53245e-10 0 
0 1.97451e-05 0.000194257 0.000854704 0.00229592 0.00441931 0.00693927 0.00964344 0.0123699 0.0149619 0.0172686 0.0191576 0.0205273 0.0213146 0.0214989 0.0211013 0.0201801 0.0188239 0.017142 0.0152548 0.0132837 0.0113423 0.00953302 0.00796378 0.00682062 0.00645251 0.00711424 0.0081159 0.00783641 0.00570278 0.00305314 0.00124229 0.00039828 0.000102025 2.17171e-05 4.02181e-06 6.51414e-07 8.87776e-08 9.20285e-09 5.19679e-10 0 
0 1.00337e-05 0.000101668 0.000479382 0.00141517 0.00296175 0.00491086 0.00703536 0.00917605 0.0112056 0.0130084 0.0144837 0.0155538 0.0161707 0.0163193 0.0160166 0.0153093 0.0142682 0.0129814 0.0115472 0.0100675 0.00864266 0.00737817 0.00645943 0.00645251 0.00876192 0.0145759 0.0213046 0.0227699 0.0168061 0.00849443 0.00301497 0.000802156 0.000170366 3.05454e-05 4.97959e-06 7.489e-07 9.77983e-08 9.83681e-09 5.41897e-10 0 
0 4.67501e-06 4.8152e-05 0.00023931 0.000771261 0.00177782 0.00318405 0.00479539 0.00644212 0.00800405 0.00938839 0.0105194 0.0113398 0.0118144 0.0119327 0.0117087 0.0111792 0.0103999 0.00944136 0.00838501 0.00731958 0.00634089 0.00557411 0.00536044 0.00711424 0.0145759 0.0307526 0.0497215 0.0560821 0.0399157 0.0198098 0.0066564 0.00157333 0.000281842 4.15233e-05 5.6781e-06 7.69282e-07 9.57099e-08 9.37478e-09 5.06452e-10 0 
0 1.99525e-06 2.06254e-05 0.000105931 0.000365854 0.000926377 0.0018206 0.00294878 0.00416144 0.00533401 0.00637835 0.00723197 0.00785149 0.00821159 0.00830541 0.00814444 0.00775732 0.00718788 0.00649334 0.00574326 0.00501978 0.00441922 0.00408111 0.0045037 0.0081159 0.0213046 0.0497215 0.0800414 0.0857495 0.067205 0.0325333 0.0107398 0.00242032 0.000393241 4.99694e-05 5.75872e-06 6.9267e-07 8.19449e-08 7.86511e-09 4.1973e-10 0 
0 7.80165e-07 8.00541e-06 4.16883e-05 0.000150514 0.000410673 0.000883775 0.00156121 0.00236254 0.00318429 0.003939 0.00456508 0.00502321 0.00529213 0.00536634 0.00525479 0.00497997 0.00457716 0.00409445 0.00359366 0.00315117 0.00285583 0.00282894 0.00357825 0.00783641 0.0227699 0.0560821 0.0857495 0.0897879 0.0754306 0.0363237 0.0118425 0.00262559 0.000408296 4.7702e-05 4.88096e-06 5.32706e-07 6.05889e-08 5.75597e-09 3.06162e-10 0 
0 2.79731e-07 2.82485e-06 1.46846e-05 5.41106e-05 0.000154731 0.000357035 0.000683646 0.00111784 0.00160773 0.00208946 0.00250734 0.00282207 0.00301117 0.00306717 0.00299568 0.00281425 0.00255177 0.00224838 0.00195539 0.00173367 0.00164866 0.00177936 0.00247024 0.00570278 0.0168061 0.0399157 0.067205 0.0754306 0.0544104 0.0266875 0.00877047 0.00193878 0.000297169 3.3513e-05 3.25341e-06 3.40406e-07 3.8295e-08 3.65341e-09 1.95629e-10 0 
0 9.20756e-08 9.09472e-07 4.66647e-06 1.72229e-05 5.02792e-05 0.00012085 0.000244912 0.000427024 0.000653776 0.000896806 0.00112246 0.00130118 0.00141286 0.00144857 0.00141036 0.00131022 0.00116887 0.00101416 0.000879192 0.000800096 0.000813757 0.000962749 0.00140618 0.00305314 0.00849443 0.0198098 0.0325333 0.0363237 0.0266875 0.0131812 0.00434406 0.000965662 0.000148448 1.67751e-05 1.65277e-06 1.78087e-07 2.05984e-08 2.00642e-09 1.09249e-10 0 
0 2.78433e-08 2.67926e-07 1.34695e-06 4.91665e-06 1.43737e-05 3.5093e-05 7.32253e-05 0.000132782 0.000212382 0.000303973 0.000394614 0.000470268 0.000519618 0.0005366 0.000521362 0.000479942 0.000423071 0.000364486 0.000319308 0.000303173 0.000332442 0.000426978 0.000641611 0.00124229 0.00301497 0.0066564 0.0107398 0.0118425 0.00877047 0.00434406 0.00144304 0.000325004 5.08972e-05 6.00106e-06 6.45527e-07 7.68659e-08 9.45833e-09 9.54078e-10 5.32974e-11 0 
0 7.73305e-09 7.23238e-08 3.54707e-07 1.27081e-06 3.67597e-06 8.96321e-06 1.88564e-05 3.47575e-05 5.68271e-05 8.33145e-05 0.000110643 0.000134325 0.000150308 0.000156169 0.000151767 0.000139225 0.000122389 0.000106037 9.52441e-05 9.52356e-05 0.000111749 0.000151871 0.000229886 0.00039828 0.000802156 0.00157333 0.00242032 0.00262559 0.00193878 0.000965662 0.000325004 7.48096e-05 1.22595e-05 1.60115e-06 2.03514e-07 2.80823e-08 3.73736e-09 3.93763e-10 2.27252e-11 0 
0 1.96832e-09 1.78728e-08 8.53229e-08 2.98804e-07 8.49496e-07 2.04863e-06 4.29023e-06 7.91917e-06 1.30269e-05 1.92724e-05 2.58512e-05 3.16729e-05 3.56918e-05 3.72483e-05 3.62843e-05 3.33601e-05 2.95027e-05 2.59845e-05 2.41599e-05 2.54465e-05 3.14188e-05 4.38666e-05 6.52446e-05 0.000102025 0.000170366 0.000281842 0.000393241 0.000408296 0.000297169 0.000148448 5.08972e-05 1.22595e-05 2.22327e-06 3.49859e-07 5.55533e-08 8.91341e-09 1.28011e-09 1.41351e-10 8.46954e-12 0 
0 4.5669e-10 4.02541e-09 1.86902e-08 6.38597e-08 1.77846e-07 4.22062e-07 8.73945e-07 1.60225e-06 2.62799e-06 3.88809e-06 5.22555e-06 6.42101e-06 7.25867e-06 7.59972e-06 7.43162e-06 6.87521e-06 6.15392e-06 5.54789e-06 5.36063e-06 5.91298e-06 7.54722e-06 1.05873e-05 1.52455e-05 2.17171e-05 3.05454e-05 4.15233e-05 4.99694e-05 4.7702e-05 3.3513e-05 1.67751e-05 6.00106e-06 1.60115e-06 3.49859e-07 7.04663e-08 1.37648e-08 2.48401e-09 3.80936e-10 4.4118e-11 2.75328e-12 0 
0 9.55379e-11 8.17815e-10 3.69351e-09 1.23063e-08 3.35284e-08 7.8125e-08 1.59437e-07 2.89154e-07 4.70737e-07 6.93264e-07 9.29638e-07 1.14182e-06 1.29216e-06 1.35643e-06 1.33284e-06 1.24385e-06 1.13109e-06 1.04765e-06 1.052e-06 1.20534e-06 1.5676e-06 2.1808e-06 3.03219e-06 4.02181e-06 4.97959e-06 5.6781e-06 5.75872e-06 4.88096e-06 3.25341e-06 1.65277e-06 6.45527e-07 2.03514e-07 5.55533e-08 1.37648e-08 3.08513e-09 6.03879e-10 9.80165e-11 1.19047e-11 7.75166e-13 0 
0 1.76377e-11 1.46758e-10 6.45179e-10 2.09699e-09 5.58834e-09 1.2776e-08 2.56642e-08 4.59618e-08 7.41141e-08 1.08414e-07 1.44759e-07 1.77438e-07 2.00823e-07 2.11328e-07 2.08813e-07 1.9691e-07 1.82351e-07 1.73823e-07 1.80968e-07 2.13564e-07 2.8004e-07 3.83724e-07 5.16198e-07 6.51414e-07 7.489e-07 7.69282e-07 6.9267e-07 5.32706e-07 3.40406e-07 1.78087e-07 7.68659e-08 2.80823e-08 8.91341e-09 2.48401e-09 6.03879e-10 1.25596e-10 2.14676e-11 2.73259e-12 1.85758e-13 0 
0 2.75009e-12 2.22693e-11 9.54011e-11 3.0274e-10 7.89574e-10 1.77136e-09 3.50173e-09 6.18937e-09 9.87797e-09 1.43395e-08 1.9049e-08 2.32862e-08 2.63486e-08 2.77976e-08 2.76386e-08 2.63704e-08 2.4909e-08 2.44442e-08 2.62893e-08 3.17088e-08 4.16134e-08 5.59775e-08 7.3031e-08 8.87776e-08 9.77983e-08 9.57099e-08 8.19449e-08 6.05889e-08 3.8295e-08 2.05984e-08 9.45833e-09 3.73736e-09 1.28011e-09 3.80936e-10 9.80165e-11 2.14676e-11 3.85179e-12 5.13193e-13 3.6407e-14 0 
0 3.26602e-13 2.5773e-12 1.07734e-11 3.34176e-11 8.53762e-11 1.88078e-10 3.66032e-10 6.38605e-10 1.00865e-09 1.45278e-09 1.9196e-09 2.33985e-09 2.64687e-09 2.8003e-09 2.8036e-09 2.70946e-09 2.61314e-09 2.63816e-09 2.91833e-09 3.57359e-09 4.67019e-09 6.15907e-09 7.81051e-09 9.20285e-09 9.83681e-09 9.37478e-09 7.86511e-09 5.75597e-09 3.65341e-09 2.00642e-09 9.54078e-10 3.93763e-10 1.41351e-10 4.4118e-11 1.19047e-11 2.73259e-12 5.13193e-13 7.14377e-14 5.28315e-15 0 
0 2.10912e-14 1.62427e-13 6.63441e-13 2.01419e-12 5.04656e-12 1.09266e-11 2.09497e-11 3.60953e-11 5.64384e-11 8.06684e-11 1.06031e-10 1.28885e-10 1.45787e-10 1.54734e-10 1.561e-10 1.52947e-10 1.50691e-10 1.56278e-10 1.77006e-10 2.18829e-10 2.83817e-10 3.66878e-10 4.53245e-10 5.19679e-10 5.41897e-10 5.06452e-10 4.1973e-10 3.06162e-10 1.95629e-10 1.09249e-10 5.32974e-11 2.27252e-11 8.46954e-12 2.75328e-12 7.75166e-13 1.85758e-13 3.6407e-14 5.28315e-15 4.06666e-16 0 
0 0 0 0 0 0 0 0 0 0 0 0 0 0 0 0 0 0 0 0 0 0 0 0 0 0 0 0 0 0 0 0 0 0 0 0 0 0 0 0 0 
