0 0 0 0 0 0 0 0 0 0 0 0 0 0 0 0 0 0 0 0 0 0 0 0 0 0 0 0 0 0 0 0 0 0 0 0 0 0 0 0 0 
0 1.09582e-07 9.994e-07 4.61179e-06 1.49498e-05 3.77301e-05 7.8114e-05 0.000137647 0.000212758 0.00029574 0.00037711 0.000447854 0.000500845 0.000531488 0.000537842 0.000520453 0.00048203 0.000427012 0.000361045 0.000290368 0.000221109 0.00015853 0.000106355 6.63372e-05 3.82347e-05 2.02589e-05 9.83085e-06 4.35959e-06 1.76562e-06 6.53349e-07 2.21116e-07 6.8499e-08 1.94231e-08 5.03174e-09 1.18494e-09 2.50981e-10 4.68157e-11 7.36226e-12 8.80547e-13 5.7197e-14 0 
0 9.994e-07 9.43942e-06 4.4227e-05 0.000141467 0.000341883 0.000662529 0.00108146 0.00155057 0.00201782 0.00244003 0.00278575 0.00303419 0.00317373 0.00320094 0.00311964 0.00293995 0.00267714 0.00235043 0.00198197 0.00159598 0.00121779 0.000872058 0.000579698 0.000353778 0.000196299 9.83516e-05 4.43555e-05 1.80128e-05 6.60592e-06 2.1964e-06 6.64497e-07 1.83337e-07 4.61238e-08 1.05406e-08 2.16693e-09 3.92599e-10 6.00359e-11 6.99174e-12 4.42875e-13 0 
0 4.61179e-06 4.4227e-05 0.00020307 0.000608997 0.00133365 0.00231875 0.00343602 0.00456972 0.00563604 0.00657226 0.00732903 0.00786965 0.00817176 0.00822861 0.00804881 0.00765453 0.0070785 0.00636022 0.00554217 0.00466664 0.00377427 0.00290486 0.00209963 0.00140146 0.000848083 0.000457706 0.000218031 9.14612e-05 3.39456e-05 1.12408e-05 3.34977e-06 9.04126e-07 2.21671e-07 4.92835e-08 9.85263e-09 1.73668e-09 2.58623e-10 2.93686e-11 1.81655e-12 0 
0 1.49498e-05 0.000141467 0.000608997 0.00163582 0.00317693 0.00501548 0.00697131 0.00892076 0.0107568 0.0123779 0.0136946 0.0146379 0.0151654 0.0152634 0.0149467 0.0142553 0.0132487 0.0119992 0.0105844 0.00908009 0.00755431 0.00606329 0.004652 0.00336096 0.00223706 0.00133554 0.000697309 0.000313597 0.000121395 4.08914e-05 1.21678e-05 3.24066e-06 7.78717e-07 1.69103e-07 3.29758e-08 5.66903e-09 8.23912e-10 9.14084e-11 5.53099e-12 0 
0 3.77301e-05 0.000341883 0.00133365 0.00317693 0.00561818 0.00839686 0.0113458 0.0143069 0.0171119 0.0195967 0.0216184 0.023068 0.0238785 0.0240283 0.0235402 0.0224762 0.0209287 0.0190106 0.0168437 0.0145481 0.0122329 0.00998854 0.00788189 0.00595603 0.0042396 0.00276822 0.00160082 0.000792624 0.000329983 0.000115981 3.50738e-05 9.32244e-06 2.21171e-06 4.71508e-07 9.00311e-08 1.51428e-08 2.15358e-09 2.33982e-10 1.38798e-11 0 
0 7.8114e-05 0.000662529 0.00231875 0.00501548 0.00839686 0.0122373 0.0163407 0.0204778 0.024404 0.0278851 0.0307187 0.0327508 0.0338869 0.0340966 0.0334119 0.0319197 0.0297503 0.0270624 0.0240282 0.0208175 0.0175858 0.014464 0.0115514 0.00891201 0.00657572 0.0045514 0.00285976 0.0015611 0.000711714 0.000267027 8.36183e-05 2.24656e-05 5.30628e-06 1.11694e-06 2.09728e-07 3.46324e-08 4.83406e-09 5.15693e-10 3.00612e-11 0 
0 0.000137647 0.00108146 0.00343602 0.00697131 0.0113458 0.0163407 0.0216955 0.0271012 0.0322342 0.0367865 0.0404927 0.043151 0.0446375 0.0449121 0.0440165 0.0420647 0.0392275 0.0357128 0.0317462 0.0275509 0.0233313 0.0192605 0.0154718 0.0120547 0.00905331 0.00647159 0.00429449 0.00253617 0.00126489 0.000512995 0.000168936 4.64426e-05 1.10129e-05 2.30222e-06 4.26982e-07 6.94723e-08 9.54699e-09 1.00278e-09 5.75862e-11 0 
0 0.000212758 0.00155057 0.00456972 0.00892076 0.0143069 0.0204778 0.0271012 0.0337904 0.0401435 0.0457787 0.050368 0.0536632 0.0555092 0.0558514 0.0547396 0.0523196 0.0488059 0.0444557 0.0395469 0.0343562 0.0291372 0.0241051 0.0194267 0.0152158 0.0115328 0.00838722 0.00574877 0.00358573 0.00192733 0.00084458 0.000294964 8.37552e-05 2.00848e-05 4.1921e-06 7.71136e-07 1.24058e-07 1.6836e-08 1.74599e-09 9.90269e-11 0 
0 0.00029574 0.00201782 0.00563604 0.0107568 0.0171119 0.024404 0.0322342 0.0401435 0.0476561 0.0543229 0.0597645 0.0636932 0.0659096 0.0663235 0.0649882 0.0620945 0.0579182 0.0527672 0.0469623 0.0408255 0.0346563 0.0287097 0.023184 0.0182153 0.0138785 0.0101902 0.00711647 0.00459735 0.00261234 0.00122439 0.000453566 0.000133666 3.25804e-05 6.81851e-06 1.2485e-06 1.99232e-07 2.67794e-08 2.74938e-09 1.54393e-10 0 
0 0.00037711 0.00244003 0.00657226 0.0123779 0.0195967 0.0278851 0.0367865 0.0457787 0.0543229 0.0619208 0.0681547 0.0726736 0.0752169 0.0756932 0.0741696 0.0708443 0.0660454 0.0601576 0.053549 0.0465714 0.0395585 0.0327997 0.0265208 0.0208779 0.0159577 0.0117831 0.00831971 0.00549313 0.00324354 0.00160262 0.000625603 0.000191301 4.75017e-05 9.99598e-06 1.82705e-06 2.89999e-07 3.87102e-08 3.94455e-09 2.19845e-10 0 
0 0.000447854 0.00278575 0.00732903 0.0136946 0.0216184 0.0307187 0.0404927 0.050368 0.0597645 0.0681547 0.0750326 0.0799151 0.0825749 0.0830699 0.0815036 0.0779711 0.0727212 0.0662142 0.0589287 0.0512598 0.0435587 0.0361375 0.0292442 0.0230508 0.0176537 0.0130802 0.00929639 0.00622037 0.00376661 0.00193337 0.000786981 0.000248562 6.28352e-05 1.33111e-05 2.43343e-06 3.85064e-07 5.11665e-08 5.1872e-09 2.87597e-10 0 
0 0.000500845 0.00303419 0.00786965 0.0146379 0.023068 0.0327508 0.043151 0.0536632 0.0636932 0.0726736 0.0799151 0.0848433 0.0874312 0.0879129 0.0864139 0.0829258 0.0775166 0.0706049 0.0628141 0.0546372 0.0464399 0.0385425 0.0312073 0.0246177 0.018877 0.0140155 0.00999979 0.00674399 0.00414752 0.00218303 0.000915476 0.000296406 7.60483e-05 1.62134e-05 2.96798e-06 4.69079e-07 6.21807e-08 6.28574e-09 3.47472e-10 0 
0 0.000531488 0.00317373 0.00817176 0.0151654 0.0238785 0.0338869 0.0446375 0.0555092 0.0659096 0.0752169 0.0825749 0.0874312 0.0899387 0.0904087 0.0889703 0.0855754 0.0801772 0.0730919 0.0650155 0.0565456 0.0480682 0.0399033 0.0323196 0.0255068 0.0195724 0.0145485 0.0104015 0.00704423 0.00436842 0.00233191 0.000995336 0.000327345 8.48384e-05 1.81789e-05 3.33421e-06 5.27136e-07 6.98493e-08 7.05633e-09 3.89811e-10 0 
0 0.000537842 0.00320094 0.00822861 0.0152634 0.0240283 0.0340966 0.0449121 0.0558514 0.0663235 0.0756932 0.0830699 0.0879129 0.0904087 0.0908793 0.0894546 0.0860815 0.0806943 0.0735838 0.0654551 0.0569298 0.0483994 0.0401835 0.0325518 0.0256955 0.0197229 0.0146667 0.0104937 0.00711638 0.00442498 0.00237305 0.0010192 0.000337256 8.78212e-05 1.88794e-05 3.47066e-06 5.49721e-07 7.29656e-08 7.38388e-09 4.08672e-10 0 
0 0.000520453 0.00311964 0.00804881 0.0149467 0.0235402 0.0334119 0.0440165 0.0547396 0.0649882 0.0741696 0.0815036 0.0864139 0.0889703 0.0894546 0.0879965 0.0845641 0.079158 0.0721426 0.0641866 0.0558396 0.0474772 0.03942 0.0319345 0.0252085 0.0193483 0.0143861 0.0102889 0.00697059 0.00432476 0.00231067 0.000988263 0.000326145 8.49094e-05 1.82859e-05 3.37167e-06 5.3604e-07 7.1451e-08 7.26417e-09 4.04065e-10 0 
0 0.00048203 0.00293995 0.00765453 0.0142553 0.0224762 0.0319197 0.0420647 0.0523196 0.0620945 0.0708443 0.0779711 0.0829258 0.0855754 0.0860815 0.0845641 0.0810564 0.0757067 0.068963 0.0613859 0.0534198 0.0454231 0.0377144 0.0305512 0.0241131 0.018502 0.0137481 0.00981884 0.00663083 0.00408634 0.00215899 0.000911479 0.000297939 7.7296e-05 1.66734e-05 3.08924e-06 4.94428e-07 6.64216e-08 6.81127e-09 3.82386e-10 0 
0 0.000427012 0.00267714 0.0070785 0.0132487 0.0209287 0.0297503 0.0392275 0.0488059 0.0579182 0.0660454 0.0727212 0.0775166 0.0801772 0.0806943 0.079158 0.0757067 0.0706276 0.0643526 0.0573127 0.049886 0.0424196 0.0352195 0.0285273 0.0225106 0.017264 0.0128148 0.00913101 0.00613358 0.00373893 0.00194161 0.000804346 0.000259568 6.71113e-05 1.45377e-05 2.71773e-06 4.40068e-07 5.9908e-08 6.23149e-09 3.55069e-10 0 
0 0.000361045 0.00235043 0.00636022 0.0119992 0.0190106 0.0270624 0.0357128 0.0444557 0.0527672 0.0601576 0.0662142 0.0706049 0.0730919 0.0735838 0.0721426 0.068963 0.0643526 0.0586687 0.0522681 0.0454994 0.0386901 0.0321224 0.0260166 0.020525 0.015733 0.0116639 0.00828587 0.00552684 0.00332288 0.00169123 0.000687257 0.000219651 5.69263e-05 1.24728e-05 2.37088e-06 3.9142e-07 5.43961e-08 5.77802e-09 3.36103e-10 0 
0 0.000290368 0.00198197 0.00554217 0.0105844 0.0168437 0.0240282 0.0317462 0.0395469 0.0469623 0.053549 0.0589287 0.0628141 0.0650155 0.0654551 0.0641866 0.0613859 0.0573127 0.0522681 0.0465716 0.0405426 0.0344769 0.0286263 0.0231864 0.0182922 0.0140182 0.0103826 0.00735407 0.00487082 0.00289145 0.00144932 0.000583548 0.000187219 4.93184e-05 1.10681e-05 2.16196e-06 3.66965e-07 5.23748e-08 5.70228e-09 3.39142e-10 0 
0 0.000221109 0.00159598 0.00466664 0.00908009 0.0145481 0.0208175 0.0275509 0.0343562 0.0408255 0.0465714 0.0512598 0.0546372 0.0565456 0.0569298 0.0558396 0.0534198 0.049886 0.0454994 0.0405426 0.0352969 0.0300205 0.0249327 0.0202032 0.0159483 0.0122305 0.00906282 0.006416 0.00424068 0.00251258 0.0012645 0.000517532 0.00017092 4.66662e-05 1.08605e-05 2.19295e-06 3.82968e-07 5.59547e-08 6.20654e-09 3.7443e-10 0 
0 0.00015853 0.00121779 0.00377427 0.00755431 0.0122329 0.0175858 0.0233313 0.0291372 0.0346563 0.0395585 0.0435587 0.0464399 0.0480682 0.0483994 0.0474772 0.0454231 0.0424196 0.0386901 0.0344769 0.0300205 0.0255415 0.0212267 0.0172202 0.0136198 0.0104772 0.00780171 0.00556747 0.00373167 0.0022671 0.001188 0.000512638 0.000178853 5.11667e-05 1.23271e-05 2.54763e-06 4.51301e-07 6.64375e-08 7.38841e-09 4.4527e-10 0 
0 0.000106355 0.000872058 0.00290486 0.00606329 0.00998854 0.014464 0.0192605 0.0241051 0.0287097 0.0327997 0.0361375 0.0385425 0.0399033 0.0401835 0.03942 0.0377144 0.0352195 0.0321224 0.0286263 0.0249327 0.0212267 0.0176648 0.014368 0.0114204 0.008872 0.00673505 0.00496964 0.00349596 0.00225836 0.00127208 0.00059108 0.000218829 6.48436e-05 1.5838e-05 3.27251e-06 5.75033e-07 8.36196e-08 9.16673e-09 5.44091e-10 0 
0 6.63372e-05 0.000579698 0.00209963 0.004652 0.00788189 0.0115514 0.0154718 0.0194267 0.023184 0.0265208 0.0292442 0.0312073 0.0323196 0.0325518 0.0319345 0.0305512 0.0285273 0.0260166 0.0231864 0.0202032 0.0172202 0.014368 0.0117533 0.00947327 0.00763191 0.00627645 0.00523543 0.0041548 0.00289378 0.00168889 0.000805175 0.000303704 8.98563e-05 2.15286e-05 4.33214e-06 7.40553e-07 1.04852e-07 1.1208e-08 6.49811e-10 0 
0 3.82347e-05 0.000353778 0.00140146 0.00336096 0.00595603 0.00891201 0.0120547 0.0152158 0.0182153 0.0208779 0.0230508 0.0246177 0.0255068 0.0256955 0.0252085 0.0241131 0.0225106 0.020525 0.0182922 0.0159483 0.0136198 0.0114204 0.00947327 0.00800319 0.00743864 0.00809091 0.00917273 0.00884124 0.0064408 0.00347028 0.00144403 0.000486074 0.000131984 2.93551e-05 5.56672e-06 9.10584e-07 1.24533e-07 1.29246e-08 7.30157e-10 0 
0 2.02589e-05 0.000196299 0.000848083 0.00223706 0.0042396 0.00657572 0.00905331 0.0115328 0.0138785 0.0159577 0.0176537 0.018877 0.0195724 0.0197229 0.0193483 0.018502 0.017264 0.015733 0.0140182 0.0122305 0.0104772 0.008872 0.00763191 0.00743864 0.00992174 0.0164045 0.0239452 0.0256325 0.0188834 0.00955177 0.00340532 0.000926657 0.000207593 3.95319e-05 6.71497e-06 1.029e-06 1.35259e-07 1.3636e-08 7.52003e-10 0 
0 9.83085e-06 9.83516e-05 0.000457706 0.00133554 0.00276822 0.0045514 0.00647159 0.00838722 0.0101902 0.0117831 0.0130802 0.0140155 0.0145485 0.0146667 0.0143861 0.0137481 0.0128148 0.0116639 0.0103826 0.00906282 0.00780171 0.00673505 0.00627645 0.00809091 0.0164045 0.0345507 0.0588011 0.0672976 0.0453969 0.0222497 0.00748237 0.00178077 0.00032955 5.15321e-05 7.45799e-06 1.04259e-06 1.3115e-07 1.28895e-08 6.97318e-10 0 
0 4.35959e-06 4.43555e-05 0.000218031 0.000697309 0.00160082 0.00285976 0.00429449 0.00574877 0.00711647 0.00831971 0.00929639 0.00999979 0.0104015 0.0104937 0.0102889 0.00981884 0.00913101 0.00828587 0.00735407 0.006416 0.00556747 0.00496964 0.00523543 0.00917273 0.0239452 0.0588011 0.0861756 0.0892756 0.0775907 0.0372193 0.0120637 0.00272559 0.000451059 6.01539e-05 7.37948e-06 9.27409e-07 1.11558e-07 1.07564e-08 5.74956e-10 0 
0 1.76562e-06 1.80128e-05 9.14612e-05 0.000313597 0.000792624 0.0015611 0.00253617 0.00358573 0.00459735 0.00549313 0.00622037 0.00674399 0.00704423 0.00711638 0.00697059 0.00663083 0.00613358 0.00552684 0.00487082 0.00424068 0.00373167 0.00349596 0.0041548 0.00884124 0.0256325 0.0672976 0.0892756 0.0918215 0.0835515 0.0432895 0.0133006 0.00295356 0.000465244 5.65103e-05 6.1454e-06 7.06473e-07 8.21102e-08 7.84449e-09 4.17958e-10 0 
0 6.53349e-07 6.60592e-06 3.39456e-05 0.000121395 0.000329983 0.000711714 0.00126489 0.00192733 0.00261234 0.00324354 0.00376661 0.00414752 0.00436842 0.00442498 0.00432476 0.00408634 0.00373893 0.00332288 0.00289145 0.00251258 0.0022671 0.00225836 0.00289378 0.0064408 0.0188834 0.0453969 0.0775907 0.0835515 0.063686 0.0299832 0.00985072 0.00218158 0.000338509 3.95179e-05 4.06611e-06 4.49334e-07 5.17645e-08 4.96793e-09 2.66451e-10 0 
0 2.21116e-07 2.1964e-06 1.12408e-05 4.08914e-05 0.000115981 0.000267027 0.000512995 0.00084458 0.00122439 0.00160262 0.00193337 0.00218303 0.00233191 0.00237305 0.00231067 0.00215899 0.00194161 0.00169123 0.00144932 0.0012645 0.001188 0.00127208 0.00168889 0.00347028 0.00955177 0.0222497 0.0372193 0.0432895 0.0299832 0.0148029 0.00488071 0.00108869 0.000169839 1.98689e-05 2.07271e-06 2.35363e-07 2.78258e-08 2.72473e-09 1.48569e-10 0 
0 6.8499e-08 6.64497e-07 3.34977e-06 1.21678e-05 3.50738e-05 8.36183e-05 0.000168936 0.000294964 0.000453566 0.000625603 0.000786981 0.000915476 0.000995336 0.0010192 0.000988263 0.000911479 0.000804346 0.000687257 0.000583548 0.000517532 0.000512638 0.00059108 0.000805175 0.00144403 0.00340532 0.00748237 0.0120637 0.0133006 0.00985072 0.00488071 0.00162417 0.000368493 5.88249e-05 7.20643e-06 8.20568e-07 1.02201e-07 1.27862e-08 1.29471e-09 7.24046e-11 0 
0 1.94231e-08 1.83337e-07 9.04126e-07 3.24066e-06 9.32244e-06 2.24656e-05 4.64426e-05 8.37552e-05 0.000133666 0.000191301 0.000248562 0.000296406 0.000327345 0.000337256 0.000326145 0.000297939 0.000259568 0.000219651 0.000187219 0.00017092 0.000178853 0.000218829 0.000303704 0.000486074 0.000926657 0.00178077 0.00272559 0.00295356 0.00218158 0.00108869 0.000368493 8.59228e-05 1.44434e-05 1.97146e-06 2.64105e-07 3.76272e-08 5.05807e-09 5.34136e-10 3.08505e-11 0 
0 5.03174e-09 4.61238e-08 2.21671e-07 7.78717e-07 2.21171e-06 5.30628e-06 1.10129e-05 2.00848e-05 3.25804e-05 4.75017e-05 6.28352e-05 7.60483e-05 8.48384e-05 8.78212e-05 8.49094e-05 7.7296e-05 6.71113e-05 5.69263e-05 4.93184e-05 4.66662e-05 5.11667e-05 6.48436e-05 8.98563e-05 0.000131984 0.000207593 0.00032955 0.000451059 0.000465244 0.000338509 0.000169839 5.88249e-05 1.44434e-05 2.70782e-06 4.46077e-07 7.36111e-08 1.20165e-08 1.73396e-09 1.91695e-10 1.14924e-11 0 
0 1.18494e-09 1.05406e-08 4.92835e-08 1.69103e-07 4.71508e-07 1.11694e-06 2.30222e-06 4.1921e-06 6.81851e-06 9.99598e-06 1.33111e-05 1.62134e-05 1.81789e-05 1.88794e-05 1.82859e-05 1.66734e-05 1.45377e-05 1.24728e-05 1.10681e-05 1.08605e-05 1.23271e-05 1.5838e-05 2.15286e-05 2.93551e-05 3.95319e-05 5.15321e-05 6.01539e-05 5.65103e-05 3.95179e-05 1.98689e-05 7.20643e-06 1.97146e-06 4.46077e-07 9.2885e-08 1.84939e-08 3.36006e-09 5.16218e-10 5.98219e-11 3.73478e-12 0 
0 2.50981e-10 2.16693e-09 9.85263e-09 3.29758e-08 9.00311e-08 2.09728e-07 4.26982e-07 7.71136e-07 1.2485e-06 1.82705e-06 2.43343e-06 2.96798e-06 3.33421e-06 3.47066e-06 3.37167e-06 3.08924e-06 2.71773e-06 2.37088e-06 2.16196e-06 2.19295e-06 2.54763e-06 3.27251e-06 4.33214e-06 5.56672e-06 6.71497e-06 7.45799e-06 7.37948e-06 6.1454e-06 4.06611e-06 2.07271e-06 8.20568e-07 2.64105e-07 7.36111e-08 1.84939e-08 4.17056e-09 8.17962e-10 1.32849e-10 1.61407e-11 1.05129e-12 0 
0 4.68157e-11 3.92599e-10 1.73668e-09 5.66903e-09 1.51428e-08 3.46324e-08 6.94723e-08 1.24058e-07 1.99232e-07 2.89999e-07 3.85064e-07 4.69079e-07 5.27136e-07 5.49721e-07 5.3604e-07 4.94428e-07 4.40068e-07 3.9142e-07 3.66965e-07 3.82968e-07 4.51301e-07 5.75033e-07 7.40553e-07 9.10584e-07 1.029e-06 1.04259e-06 9.27409e-07 7.06473e-07 4.49334e-07 2.35363e-07 1.02201e-07 3.76272e-08 1.20165e-08 3.36006e-09 8.17962e-10 1.70204e-10 2.90993e-11 3.7048e-12 2.519e-13 0 
0 7.36226e-12 6.00359e-11 2.58623e-10 8.23912e-10 2.15358e-09 4.83406e-09 9.54699e-09 1.6836e-08 2.67794e-08 3.87102e-08 5.11665e-08 6.21807e-08 6.98493e-08 7.29656e-08 7.1451e-08 6.64216e-08 5.9908e-08 5.43961e-08 5.23748e-08 5.59547e-08 6.64375e-08 8.36196e-08 1.04852e-07 1.24533e-07 1.35259e-07 1.3115e-07 1.11558e-07 8.21102e-08 5.17645e-08 2.78258e-08 1.27862e-08 5.05807e-09 1.73396e-09 5.16218e-10 1.32849e-10 2.90993e-11 5.22164e-12 6.95791e-13 4.93683e-14 0 
0 8.80547e-13 6.99174e-12 2.93686e-11 9.14084e-11 2.33982e-10 5.15693e-10 1.00278e-09 1.74599e-09 2.74938e-09 3.94455e-09 5.1872e-09 6.28574e-09 7.05633e-09 7.38388e-09 7.26417e-09 6.81127e-09 6.23149e-09 5.77802e-09 5.70228e-09 6.20654e-09 7.38841e-09 9.16673e-09 1.1208e-08 1.29246e-08 1.3636e-08 1.28895e-08 1.07564e-08 7.84449e-09 4.96793e-09 2.72473e-09 1.29471e-09 5.34136e-10 1.91695e-10 5.98219e-11 1.61407e-11 3.7048e-12 6.95791e-13 9.68618e-14 7.16407e-15 0 
0 5.7197e-14 4.42875e-13 1.81655e-12 5.53099e-12 1.38798e-11 3.00612e-11 5.75862e-11 9.90269e-11 1.54393e-10 2.19845e-10 2.87597e-10 3.47472e-10 3.89811e-10 4.08672e-10 4.04065e-10 3.82386e-10 3.55069e-10 3.36103e-10 3.39142e-10 3.7443e-10 4.4527e-10 5.44091e-10 6.49811e-10 7.30157e-10 7.52003e-10 6.97318e-10 5.74956e-10 4.17958e-10 2.66451e-10 1.48569e-10 7.24046e-11 3.08505e-11 1.14924e-11 3.73478e-12 1.05129e-12 2.519e-13 4.93683e-14 7.16407e-15 5.51473e-16 0 
0 0 0 0 0 0 0 0 0 0 0 0 0 0 0 0 0 0 0 0 0 0 0 0 0 0 0 0 0 0 0 0 0 0 0 0 0 0 0 0 0 
