0 0 0 0 0 0 0 0 0 0 0 0 0 0 0 0 0 0 0 0 0 0 0 0 0 0 0 0 0 0 0 0 0 0 0 0 0 0 0 0 0 
0 2.46419e-07 2.21858e-06 9.97939e-06 3.11202e-05 7.47958e-05 0.000146796 0.00024552 0.00036217 0.000484149 0.000598672 0.000695024 0.000765484 0.000805471 0.000813343 0.000790083 0.00073892 0.000664929 0.000574583 0.000475243 0.00037455 0.000279692 0.000196585 0.000129111 7.86505e-05 4.4131e-05 2.26758e-05 1.06255e-05 4.53017e-06 1.75624e-06 6.19388e-07 1.98884e-07 5.81546e-08 1.54629e-08 3.72177e-09 8.02752e-10 1.52e-10 2.42001e-11 2.92379e-12 1.91498e-13 0 
0 2.21858e-06 2.05429e-05 9.23128e-05 0.000276935 0.000619062 0.00110886 0.00168945 0.0022936 0.0028665 0.00336873 0.00377266 0.00405968 0.00421928 0.00424885 0.00415325 0.0039439 0.0036374 0.00325393 0.00281584 0.00234677 0.00187135 0.00141511 0.00100352 0.000658913 0.000395448 0.000214509 0.000104364 4.53945e-05 1.76679e-05 6.17502e-06 1.9465e-06 5.553e-07 1.43532e-07 3.35238e-08 7.01345e-09 1.2886e-09 1.9927e-10 2.34155e-11 1.49389e-12 0 
0 9.97939e-06 9.23128e-05 0.00039455 0.00107074 0.00211447 0.0033776 0.0047155 0.00603301 0.00726029 0.00833565 0.00920467 0.00982496 0.0101704 0.010233 0.010023 0.00956651 0.00890216 0.00807633 0.00713838 0.00613603 0.00511184 0.00410214 0.00313939 0.00225763 0.00149624 0.000894338 0.000472927 0.000218645 8.81975e-05 3.12296e-05 9.80185e-06 2.75216e-06 6.95317e-07 1.58163e-07 3.21775e-08 5.74847e-09 8.64953e-10 9.90118e-11 6.16264e-12 0 
0 3.11202e-05 0.000276935 0.00107074 0.00254314 0.00447656 0.00664155 0.00890747 0.0111644 0.0132928 0.015173 0.0166995 0.0177917 0.0184002 0.0185099 0.0181383 0.0173326 0.0161623 0.0147123 0.0130738 0.0113364 0.00958094 0.00787303 0.00625972 0.00477088 0.00342919 0.00226751 0.00133707 0.000682716 0.000296739 0.000109821 3.5067e-05 9.82439e-06 2.44706e-06 5.45179e-07 1.08295e-07 1.887e-08 2.7698e-09 3.09569e-10 1.88361e-11 0 
0 7.47958e-05 0.000619062 0.00211447 0.00447656 0.00736613 0.0106015 0.0140357 0.017486 0.0207527 0.0236435 0.0259924 0.0276736 0.0286103 0.0287787 0.0282061 0.0269649 0.0251632 0.0229322 0.0204138 0.0177486 0.0150647 0.0124699 0.0100452 0.00784091 0.00587703 0.00415552 0.00268964 0.00153019 0.000736192 0.000293803 9.7903e-05 2.78468e-05 6.91416e-06 1.51959e-06 2.96211e-07 5.05359e-08 7.25913e-09 7.94301e-10 4.73612e-11 0 
0 0.000146796 0.00110886 0.0033776 0.00664155 0.0106015 0.0150901 0.0198846 0.0247125 0.0292873 0.0333373 0.0366287 0.0389846 0.0402974 0.0405333 0.0397305 0.0379908 0.0354659 0.0323399 0.0288125 0.0250812 0.0213271 0.0177038 0.0143298 0.0112843 0.00860524 0.00629093 0.00431644 0.00267693 0.0014265 0.000625234 0.000222402 6.53977e-05 1.63849e-05 3.58088e-06 6.88782e-07 1.15546e-07 1.62986e-08 1.75122e-09 1.02596e-10 0 
0 0.00024552 0.00168945 0.0047155 0.00890747 0.0140357 0.0198846 0.0261437 0.03245 0.0384271 0.0437193 0.0480228 0.0511108 0.0528396 0.0531514 0.0520922 0.0498072 0.0465026 0.0424171 0.0378085 0.0329345 0.0280323 0.0233036 0.0189051 0.0149445 0.0114796 0.0085191 0.00602755 0.00395235 0.00228664 0.00109982 0.000422953 0.000130508 3.33751e-05 7.31028e-06 1.39525e-06 2.31127e-07 3.21289e-08 3.40023e-09 1.96262e-10 0 
0 0.00036217 0.0022936 0.00603301 0.0111644 0.017486 0.0247125 0.03245 0.0402472 0.0476388 0.0541954 0.0595912 0.0635957 0.0659384 0.066373 0.0649181 0.0618856 0.057673 0.0525817 0.0468773 0.0408509 0.034791 0.0289468 0.0235133 0.0186252 0.0143581 0.010731 0.00771019 0.00522111 0.00319801 0.00166306 0.000691559 0.000225787 5.94542e-05 1.31393e-05 2.50083e-06 4.10709e-07 5.64549e-08 5.90254e-09 3.36574e-10 0 
0 0.000484149 0.0028665 0.00726029 0.0132928 0.0207527 0.0292873 0.0384271 0.0476388 0.0563882 0.0642782 0.0711136 0.0763681 0.0793293 0.0798698 0.0780855 0.0741389 0.0686239 0.0623047 0.0554868 0.0483583 0.0411999 0.0342977 0.0278819 0.0221126 0.0170808 0.0128138 0.00928034 0.00639816 0.00406442 0.00224103 0.000998155 0.000345018 9.39715e-05 2.10516e-05 4.01155e-06 6.5539e-07 8.93559e-08 9.25569e-09 5.22746e-10 0 
0 0.000598672 0.00336873 0.00833565 0.015173 0.0236435 0.0333373 0.0437193 0.0541954 0.0642782 0.0737853 0.0818382 0.0869793 0.0894807 0.0899361 0.0885045 0.0849647 0.0789894 0.0712883 0.0631936 0.055017 0.0468782 0.0390384 0.031752 0.0252014 0.0194908 0.0146534 0.0106596 0.00742359 0.00482257 0.00276959 0.00130274 0.000473934 0.000133511 3.03823e-05 5.81161e-06 9.47089e-07 1.28416e-07 1.32118e-08 7.40857e-10 0 
0 0.000695024 0.00377266 0.00920467 0.0166995 0.0259924 0.0366287 0.0480228 0.0595912 0.0711136 0.0818382 0.0892327 0.0933703 0.095386 0.0957706 0.0946382 0.0918236 0.0868152 0.0790305 0.069707 0.0604745 0.0515002 0.0428954 0.0349009 0.0277144 0.0214511 0.0161486 0.0117773 0.00824954 0.00543173 0.00320409 0.00156829 0.000594534 0.000172522 3.98614e-05 7.66292e-06 1.24802e-06 1.68657e-07 1.72737e-08 9.63867e-10 0 
0 0.000765484 0.00405968 0.00982496 0.0177917 0.0276736 0.0389846 0.0511108 0.0635957 0.0763681 0.0869793 0.0933703 0.0969711 0.0987595 0.0991122 0.0981203 0.0956621 0.091338 0.0843453 0.0746415 0.0644702 0.0548224 0.0456621 0.0371598 0.0295175 0.0228577 0.0172212 0.0125784 0.00883959 0.00586575 0.00351745 0.00176755 0.000690067 0.000204837 4.79254e-05 9.25825e-06 1.50869e-06 2.03566e-07 2.07966e-08 1.15711e-09 0 
0 0.000805471 0.00421928 0.0101704 0.0184002 0.0286103 0.0402974 0.0528396 0.0659384 0.0793293 0.0894807 0.095386 0.0987595 0.100452 0.100792 0.0998605 0.0975547 0.0935296 0.0870313 0.077469 0.0667705 0.05669 0.0472119 0.0384257 0.0305287 0.0236472 0.0178238 0.0130288 0.00917156 0.00611035 0.00369603 0.00188455 0.00074853 0.000225345 5.31688e-05 1.03108e-05 1.68223e-06 2.26956e-07 2.31698e-08 1.28795e-09 0 
0 0.000813343 0.00424885 0.010233 0.0185099 0.0287787 0.0405333 0.0531514 0.066373 0.0798698 0.0899361 0.0957706 0.0991122 0.100792 0.10113 0.100209 0.0979258 0.0939455 0.0875262 0.0780029 0.0672087 0.0570419 0.0475048 0.0386665 0.0307225 0.0238 0.017942 0.0131187 0.00923963 0.00616275 0.00373691 0.0019136 0.000764235 0.000231229 5.47547e-05 1.06433e-05 1.73925e-06 2.34932e-07 2.40093e-08 1.33599e-09 0 
0 0.000790083 0.00415325 0.010023 0.0181383 0.0282061 0.0397305 0.0520922 0.0649181 0.0780855 0.0885045 0.0946382 0.0981203 0.0998605 0.100209 0.0992509 0.0968764 0.0927173 0.0859907 0.0763132 0.0658198 0.0559275 0.0465851 0.0379188 0.0301285 0.0233394 0.0175936 0.0128619 0.00905452 0.00603143 0.00364631 0.00185791 0.000737974 0.000222487 5.26343e-05 1.02413e-05 1.67706e-06 2.27137e-07 2.32821e-08 1.29968e-09 0 
0 0.00073892 0.0039439 0.00956651 0.0173326 0.0269649 0.0379908 0.0498072 0.0618856 0.0741389 0.0849647 0.0918236 0.0956621 0.0975547 0.0979258 0.0968764 0.0942687 0.0896577 0.0822707 0.0726247 0.0628553 0.0535001 0.0445721 0.0362797 0.0288245 0.0223265 0.0168258 0.0122936 0.0086421 0.00573532 0.00343871 0.00172857 0.000676401 0.000201764 4.75258e-05 9.25162e-06 1.51987e-06 2.06811e-07 2.13144e-08 1.19686e-09 0 
0 0.000664929 0.0036374 0.00890216 0.0161623 0.0251632 0.0354659 0.0465026 0.057673 0.0686239 0.0789894 0.0868152 0.091338 0.0935296 0.0939455 0.0927173 0.0896577 0.0842497 0.0763449 0.067471 0.0586516 0.0499798 0.0416432 0.0338943 0.0269268 0.0208526 0.0157085 0.0114663 0.00804081 0.00530264 0.00313664 0.00154392 0.000590955 0.000173675 4.06913e-05 7.9343e-06 1.31085e-06 1.79759e-07 1.86912e-08 1.05952e-09 0 
0 0.000574583 0.00325393 0.00807633 0.0147123 0.0229322 0.0323399 0.0424171 0.0525817 0.0623047 0.0712883 0.0790305 0.0843453 0.0870313 0.0875262 0.0859907 0.0822707 0.0763449 0.0690961 0.0614108 0.0535167 0.0456235 0.0380142 0.0309397 0.0245775 0.0190293 0.0143279 0.0104451 0.00729889 0.00477043 0.00277144 0.00132932 0.000496422 0.000143827 3.36147e-05 6.59181e-06 1.10021e-06 1.52759e-07 1.60987e-08 9.25218e-10 0 
0 0.000475243 0.00281584 0.00713838 0.0130738 0.0204138 0.0288125 0.0378085 0.0468773 0.0554868 0.0631936 0.0697069 0.0746415 0.077469 0.0780029 0.0763132 0.0726247 0.067471 0.0614108 0.0547478 0.0477455 0.0407075 0.0339192 0.0276076 0.0219307 0.0169785 0.0127786 0.00930262 0.00647273 0.00418599 0.00238535 0.00111668 0.000409196 0.000117833 2.77011e-05 5.50444e-06 9.34195e-07 1.32051e-07 1.4167e-08 8.28249e-10 0 
0 0.00037455 0.00234677 0.00613603 0.0113364 0.0177486 0.0250812 0.0329345 0.0408509 0.0483583 0.055017 0.0604745 0.0644702 0.0667705 0.0672087 0.0658198 0.0628553 0.0586516 0.0535167 0.0477455 0.0416445 0.0355083 0.0295905 0.0240887 0.0191402 0.0148225 0.0111573 0.00811616 0.00562866 0.003612 0.00203445 0.000943117 0.000345447 0.000100576 2.40889e-05 4.89085e-06 8.48019e-07 1.22267e-07 1.335e-08 7.92394e-10 0 
0 0.000279692 0.00187135 0.00511184 0.00958094 0.0150647 0.0213271 0.0280323 0.034791 0.0411999 0.0468782 0.0515002 0.0548224 0.05669 0.0570419 0.0559275 0.0535001 0.0499798 0.0456235 0.0407075 0.0355083 0.0302807 0.0252411 0.0205581 0.0163483 0.0126771 0.00956178 0.00697492 0.00485517 0.00313511 0.0017879 0.000846914 0.000319326 9.58462e-05 2.35817e-05 4.89163e-06 8.61941e-07 1.25727e-07 1.38371e-08 8.2539e-10 0 
0 0.000196585 0.00141511 0.00410214 0.00787303 0.0124699 0.0177038 0.0233036 0.0289468 0.0342977 0.0390384 0.0428954 0.0456621 0.0472119 0.0475048 0.0465851 0.0445721 0.0416432 0.0380142 0.0339192 0.0295905 0.0252411 0.0210523 0.0171658 0.0136824 0.0106656 0.00813644 0.00605594 0.00433436 0.00289516 0.00172378 0.000860477 0.000341129 0.000106095 2.6595e-05 5.55131e-06 9.76972e-07 1.41729e-07 1.5477e-08 9.14826e-10 0 
0 0.000129111 0.00100352 0.00313939 0.00625972 0.0100452 0.0143298 0.0189051 0.0235133 0.0278819 0.031752 0.0349009 0.0371598 0.0384257 0.0386665 0.0379188 0.0362797 0.0338943 0.0309397 0.0276076 0.0240887 0.0205581 0.0171658 0.0140357 0.0112838 0.00904028 0.00737814 0.00611659 0.00485181 0.00341347 0.0020526 0.00103678 0.000420777 0.000132505 3.30101e-05 6.77293e-06 1.16713e-06 1.65688e-07 1.77183e-08 1.02685e-09 0 
0 7.86505e-05 0.000658913 0.00225763 0.00477088 0.00784091 0.0112843 0.0149445 0.0186252 0.0221126 0.0252014 0.0277144 0.0295175 0.0305287 0.0307225 0.0301285 0.0288245 0.0269268 0.0245775 0.0219307 0.0191402 0.0163483 0.0136824 0.0112838 0.00942227 0.00862105 0.00926111 0.0104388 0.010045 0.00732512 0.00397202 0.0016956 0.000607959 0.000178759 4.22179e-05 8.27177e-06 1.37277e-06 1.88856e-07 1.96519e-08 1.11175e-09 0 
0 4.4131e-05 0.000395448 0.00149624 0.00342919 0.00587703 0.00860524 0.0114796 0.0143581 0.0170808 0.0194908 0.0214511 0.0228577 0.0236472 0.0238 0.0233394 0.0223265 0.0208526 0.0190293 0.0169785 0.0148225 0.0126771 0.0106656 0.00904028 0.00862105 0.0113111 0.0185949 0.0275607 0.0314183 0.0213734 0.0108184 0.00387381 0.00108251 0.000260374 5.37246e-05 9.61659e-06 1.50937e-06 2.00226e-07 2.02631e-08 1.11988e-09 0 
0 2.26758e-05 0.000214509 0.000894338 0.00226751 0.00415552 0.00629093 0.0085191 0.010731 0.0128138 0.0146534 0.0161486 0.0172212 0.0178238 0.017942 0.0175936 0.0168258 0.0157085 0.0143279 0.0127786 0.0111573 0.00956178 0.00813644 0.00737814 0.00926111 0.0185949 0.0397583 0.0728765 0.0790405 0.0570844 0.025174 0.00847181 0.00203107 0.000392032 6.64475e-05 1.03324e-05 1.49983e-06 1.91268e-07 1.88893e-08 1.0244e-09 0 
0 1.06255e-05 0.000104364 0.000472927 0.00133707 0.00268964 0.00431644 0.00602755 0.00771019 0.00928034 0.0106596 0.0117773 0.0125784 0.0130288 0.0131187 0.0128619 0.0122936 0.0114663 0.0104451 0.00930262 0.00811616 0.00697492 0.00605594 0.00611659 0.0104388 0.0275607 0.0728765 0.0876231 0.0894881 0.0832745 0.0479419 0.0136496 0.00309179 0.000523622 7.46293e-05 9.92412e-06 1.31357e-06 1.61109e-07 1.56267e-08 8.37392e-10 0 
0 4.53017e-06 4.53945e-05 0.000218645 0.000682716 0.00153019 0.00267693 0.00395235 0.00522111 0.00639816 0.00742359 0.00824954 0.00883959 0.00917156 0.00923963 0.00905452 0.0086421 0.00804081 0.00729889 0.00647273 0.00562866 0.00485517 0.00433436 0.00485181 0.010045 0.0314183 0.0790405 0.0894881 0.0908774 0.0857768 0.0573725 0.0150493 0.00334673 0.00053574 6.86936e-05 8.09198e-06 9.89176e-07 1.17818e-07 1.13331e-08 6.05333e-10 0 
0 1.75624e-06 1.76679e-05 8.81975e-05 0.000296739 0.000736192 0.0014265 0.00228664 0.00319801 0.00406442 0.00482257 0.00543173 0.00586575 0.00611035 0.00616275 0.00603143 0.00573532 0.00530264 0.00477043 0.00418599 0.003612 0.00313511 0.00289516 0.00341347 0.00732512 0.0213734 0.0570844 0.0832745 0.0857768 0.0769968 0.0351225 0.0111447 0.00247284 0.000389845 4.77823e-05 5.30793e-06 6.25594e-07 7.40026e-08 7.15206e-09 3.84476e-10 0 
0 6.19388e-07 6.17502e-06 3.12296e-05 0.000109821 0.000293803 0.000625234 0.00109982 0.00166306 0.00224103 0.00276959 0.00320409 0.00351745 0.00369603 0.00373691 0.00364631 0.00343871 0.00313664 0.00277144 0.00238535 0.00203445 0.0017879 0.00172378 0.0020526 0.00397202 0.0108184 0.025174 0.0479419 0.0573725 0.0351225 0.0167456 0.00552359 0.00123693 0.000196891 2.41901e-05 2.71799e-06 3.28055e-07 3.97303e-08 3.91428e-09 2.13849e-10 0 
0 1.98884e-07 1.9465e-06 9.80185e-06 3.5067e-05 9.7903e-05 0.000222402 0.000422953 0.000691559 0.000998155 0.00130274 0.00156829 0.00176755 0.00188455 0.0019136 0.00185791 0.00172857 0.00154392 0.00132932 0.00111668 0.000943117 0.000846914 0.000860477 0.00103678 0.0016956 0.00387381 0.00847181 0.0136496 0.0150493 0.0111447 0.00552359 0.00184167 0.000421878 6.92205e-05 8.94322e-06 1.09383e-06 1.43365e-07 1.82638e-08 1.85764e-09 1.04045e-10 0 
0 5.81546e-08 5.553e-07 2.75216e-06 9.82439e-06 2.78468e-05 6.53977e-05 0.000130508 0.000225787 0.000345018 0.000473934 0.000594534 0.000690067 0.00074853 0.000764235 0.000737974 0.000676401 0.000590955 0.000496422 0.000409196 0.000345447 0.000319326 0.000341129 0.000420777 0.000607959 0.00108251 0.00203107 0.00309179 0.00334673 0.00247284 0.00123693 0.000421878 0.000100216 1.74678e-05 2.52784e-06 3.6058e-07 5.32148e-08 7.23202e-09 7.65822e-10 4.42823e-11 0 
0 1.54629e-08 1.43532e-07 6.95317e-07 2.44706e-06 6.91416e-06 1.63849e-05 3.33751e-05 5.94542e-05 9.39715e-05 0.000133511 0.000172522 0.000204837 0.000225345 0.000231229 0.000222487 0.000201764 0.000173675 0.000143827 0.000117833 0.000100576 9.58462e-05 0.000106095 0.000132505 0.000178759 0.000260374 0.000392032 0.000523622 0.00053574 0.000389845 0.000196891 6.92205e-05 1.74678e-05 3.42436e-06 5.96771e-07 1.02844e-07 1.71045e-08 2.48116e-09 2.74722e-10 1.64835e-11 0 
0 3.72177e-09 3.35238e-08 1.58163e-07 5.45179e-07 1.51959e-06 3.58088e-06 7.31028e-06 1.31393e-05 2.10516e-05 3.03823e-05 3.98614e-05 4.79254e-05 5.31688e-05 5.47547e-05 5.26343e-05 4.75258e-05 4.06913e-05 3.36147e-05 2.77011e-05 2.40889e-05 2.35817e-05 2.6595e-05 3.30101e-05 4.22179e-05 5.37246e-05 6.64475e-05 7.46293e-05 6.86936e-05 4.77823e-05 2.41901e-05 8.94322e-06 2.52784e-06 5.96771e-07 1.29029e-07 2.62255e-08 4.79974e-09 7.38967e-10 8.57076e-11 5.35415e-12 0 
0 8.02752e-10 7.01345e-09 3.21775e-08 1.08295e-07 2.96211e-07 6.88782e-07 1.39525e-06 2.50083e-06 4.01155e-06 5.81161e-06 7.66292e-06 9.25825e-06 1.03108e-05 1.06433e-05 1.02413e-05 9.25162e-06 7.9343e-06 6.59181e-06 5.50444e-06 4.89085e-06 4.89163e-06 5.55131e-06 6.77293e-06 8.27177e-06 9.61659e-06 1.03324e-05 9.92412e-06 8.09198e-06 5.30793e-06 2.71799e-06 1.09383e-06 3.6058e-07 1.02844e-07 2.62255e-08 5.95304e-09 1.17016e-09 1.90208e-10 2.31214e-11 1.50666e-12 0 
0 1.52e-10 1.2886e-09 5.74847e-09 1.887e-08 5.05359e-08 1.15546e-07 2.31127e-07 4.10709e-07 6.5539e-07 9.47089e-07 1.24802e-06 1.50869e-06 1.68223e-06 1.73925e-06 1.67706e-06 1.51987e-06 1.31085e-06 1.10021e-06 9.34195e-07 8.48019e-07 8.61941e-07 9.76972e-07 1.16713e-06 1.37277e-06 1.50937e-06 1.49983e-06 1.31357e-06 9.89176e-07 6.25594e-07 3.28055e-07 1.43365e-07 5.32148e-08 1.71045e-08 4.79974e-09 1.17016e-09 2.43637e-10 4.16688e-11 5.30681e-12 3.60948e-13 0 
0 2.42001e-11 1.9927e-10 8.64953e-10 2.7698e-09 7.25913e-09 1.62986e-08 3.21289e-08 5.64549e-08 8.93559e-08 1.28416e-07 1.68657e-07 2.03566e-07 2.26956e-07 2.34932e-07 2.27137e-07 2.06811e-07 1.79759e-07 1.52759e-07 1.32051e-07 1.22267e-07 1.25727e-07 1.41729e-07 1.65688e-07 1.88856e-07 2.00226e-07 1.91268e-07 1.61109e-07 1.17818e-07 7.40026e-08 3.97303e-08 1.82638e-08 7.23202e-09 2.48116e-09 7.38967e-10 1.90208e-10 4.16688e-11 7.4783e-12 9.96693e-13 7.0735e-14 0 
0 2.92379e-12 2.34155e-11 9.90118e-11 3.09569e-10 7.94301e-10 1.75122e-09 3.40023e-09 5.90254e-09 9.25569e-09 1.32118e-08 1.72737e-08 2.07966e-08 2.31698e-08 2.40093e-08 2.32821e-08 2.13144e-08 1.86912e-08 1.60987e-08 1.4167e-08 1.335e-08 1.38371e-08 1.5477e-08 1.77183e-08 1.96519e-08 2.02631e-08 1.88893e-08 1.56267e-08 1.13331e-08 7.15206e-09 3.91428e-09 1.85764e-09 7.65822e-10 2.74722e-10 8.57076e-11 2.31214e-11 5.30681e-12 9.96693e-13 1.38764e-13 1.02648e-14 0 
0 1.91498e-13 1.49389e-12 6.16264e-12 1.88361e-11 4.73612e-11 1.02596e-10 1.96262e-10 3.36574e-10 5.22746e-10 7.40857e-10 9.63867e-10 1.15711e-09 1.28795e-09 1.33599e-09 1.29968e-09 1.19686e-09 1.05952e-09 9.25218e-10 8.28249e-10 7.92394e-10 8.2539e-10 9.14826e-10 1.02685e-09 1.11175e-09 1.11988e-09 1.0244e-09 8.37392e-10 6.05333e-10 3.84476e-10 2.13849e-10 1.04045e-10 4.42823e-11 1.64835e-11 5.35415e-12 1.50666e-12 3.60948e-13 7.0735e-14 1.02648e-14 7.90219e-16 0 
0 0 0 0 0 0 0 0 0 0 0 0 0 0 0 0 0 0 0 0 0 0 0 0 0 0 0 0 0 0 0 0 0 0 0 0 0 0 0 0 0 
