0 0 0 0 0 0 0 0 0 0 0 0 0 0 0 0 0 0 0 0 0 0 0 0 0 0 0 0 0 0 0 0 0 0 0 0 0 0 0 0 0 
0 5.31483e-07 4.69506e-06 2.03566e-05 6.0176e-05 0.000135712 0.000249564 0.000393282 0.000551747 0.000708754 0.00085039 0.0009662 0.0010492 0.00109556 0.00110422 0.00107656 0.00101604 0.000927864 0.00081858 0.000695728 0.000567409 0.000441756 0.000326246 0.000226874 0.000147362 8.86547e-05 4.90064e-05 2.47193e-05 1.13192e-05 4.69093e-06 1.75726e-06 5.95022e-07 1.8213e-07 5.034e-08 1.25149e-08 2.77247e-09 5.36571e-10 8.696e-11 1.06585e-11 7.06257e-13 0 
0 4.69506e-06 4.21667e-05 0.000178255 0.000490215 0.000995911 0.00163652 0.00233035 0.00301368 0.00364356 0.00418894 0.00462544 0.00493487 0.00510624 0.00513673 0.00503173 0.00480385 0.00447132 0.00405581 0.00358037 0.00306776 0.00253976 0.00201767 0.00152336 0.00107963 0.000707944 0.000423135 0.000227473 0.000108953 4.6294e-05 1.74578e-05 5.86378e-06 1.7617e-06 4.747e-07 1.14609e-07 2.46144e-08 4.61694e-09 7.25655e-10 8.63629e-11 5.56543e-12 0 
0 2.03566e-05 0.000178255 0.000689171 0.00165481 0.00293642 0.00435669 0.00581595 0.00724959 0.00859161 0.00977274 0.0107297 0.0114132 0.0117932 0.0118603 0.0116261 0.01112 0.0103856 0.00947587 0.00844719 0.00735446 0.00624594 0.0051597 0.00412275 0.00315467 0.00227561 0.00151437 0.000906663 0.000477134 0.00021741 8.54779e-05 2.91777e-05 8.73799e-06 2.31724e-06 5.46539e-07 1.14241e-07 2.08266e-08 3.18172e-09 3.68414e-10 2.31315e-11 0 
0 6.0176e-05 0.000490215 0.00165481 0.00346174 0.0056188 0.00798962 0.0104855 0.0129859 0.01535 0.0174399 0.0191364 0.0203492 0.0210235 0.0211426 0.0207266 0.0198281 0.0185252 0.0169126 0.0150931 0.0131678 0.0112295 0.00935514 0.00760141 0.00600077 0.00456317 0.00328762 0.00218439 0.00129164 0.000656155 0.000280225 0.000100496 3.06934e-05 8.12776e-06 1.88982e-06 3.86769e-07 6.88243e-08 1.02541e-08 1.1584e-09 7.10371e-11 0 
0 0.000135712 0.000995911 0.00293642 0.0056188 0.00880502 0.0123928 0.0162175 0.0200641 0.0237052 0.0269252 0.0295394 0.0314085 0.0324476 0.0326311 0.0319898 0.0306051 0.0285971 0.0261123 0.023309 0.020344 0.0173613 0.0144832 0.0118045 0.00938818 0.00726279 0.00542205 0.00383742 0.0024921 0.00141789 0.000675081 0.000262586 8.39647e-05 2.26011e-05 5.23967e-06 1.05776e-06 1.8469e-07 2.69443e-08 2.97956e-09 1.78972e-10 0 
0 0.000249564 0.00163652 0.00435669 0.00798962 0.0123928 0.0174039 0.0227586 0.0281466 0.0332474 0.0377587 0.0414223 0.0440472 0.0455182 0.0457803 0.0448681 0.0429173 0.0401013 0.0366197 0.0326924 0.0285389 0.0243611 0.0203312 0.0165833 0.0132107 0.0102645 0.00775286 0.00564163 0.00387032 0.00240132 0.00127144 0.000545751 0.000186852 5.20567e-05 1.21801e-05 2.44491e-06 4.2125e-07 6.04383e-08 6.56569e-09 3.87486e-10 0 
0 0.000393282 0.00233035 0.00581595 0.0104855 0.0162175 0.0227586 0.029751 0.0367876 0.0434499 0.0493651 0.0544894 0.0591889 0.0624467 0.0630958 0.0610127 0.0570195 0.0525413 0.0478636 0.042725 0.0373003 0.0318446 0.0265824 0.0216893 0.0172883 0.0134497 0.0101945 0.00749549 0.00527964 0.00345624 0.0019892 0.000939882 0.000348682 0.000101997 2.4354e-05 4.89817e-06 8.37368e-07 1.18659e-07 1.27089e-08 7.39229e-10 0 
0 0.000551747 0.00301368 0.00724959 0.0129859 0.0200641 0.0281466 0.0367876 0.0454843 0.0537823 0.0625783 0.0726734 0.0793069 0.0821672 0.0826751 0.08113 0.07684 0.0688453 0.0598687 0.0528556 0.0461188 0.0393759 0.0328732 0.0268272 0.02139 0.0166496 0.0126357 0.00932553 0.00664545 0.00448032 0.00272905 0.00139656 0.000561051 0.000173638 4.26552e-05 8.65042e-06 1.47442e-06 2.07167e-07 2.19495e-08 1.26209e-09 0 
0 0.000708754 0.00364356 0.00859161 0.01535 0.0237052 0.0332474 0.0434499 0.0537823 0.0657088 0.0794438 0.0861997 0.0894732 0.0910272 0.0913447 0.0905228 0.0883833 0.0842844 0.0758761 0.0634844 0.0545082 0.0465074 0.0388293 0.0316916 0.025273 0.0196778 0.0149425 0.0110449 0.00791092 0.00541593 0.00341803 0.00185625 0.00079952 0.000261819 6.64366e-05 1.36433e-05 2.32714e-06 3.25292e-07 3.41963e-08 1.94908e-09 0 
0 0.00085039 0.00418894 0.00977274 0.0174399 0.0269252 0.0377587 0.0493651 0.0625783 0.0794438 0.0879199 0.0921195 0.0944716 0.0956594 0.0959219 0.0953153 0.0937581 0.0909691 0.0861554 0.076574 0.0626687 0.0528378 0.0440979 0.0359942 0.0287075 0.022356 0.0169815 0.0125613 0.00901825 0.00622319 0.00401182 0.00227025 0.00103338 0.000355899 9.32496e-05 1.9426e-05 3.32396e-06 4.63409e-07 4.84589e-08 2.74453e-09 0 
0 0.0009662 0.00462544 0.0107297 0.0191364 0.0295394 0.0414223 0.0544894 0.0726734 0.0861997 0.0921195 0.095476 0.0974663 0.0985003 0.09874 0.0982275 0.096911 0.0946146 0.090902 0.0845307 0.0716267 0.0581936 0.0483802 0.0394881 0.0314964 0.0245306 0.0186369 0.0137913 0.0099129 0.00686899 0.00448339 0.00260626 0.00123503 0.000442913 0.000119334 2.52038e-05 4.3308e-06 6.03264e-07 6.28799e-08 3.54624e-09 0 
0 0.0010492 0.00493487 0.0114132 0.0203492 0.0314085 0.0440472 0.0591889 0.0793069 0.0894732 0.0944716 0.0974663 0.0992865 0.100246 0.100475 0.100009 0.0988099 0.0967414 0.0934854 0.0882227 0.0781574 0.0626916 0.051459 0.041987 0.033491 0.0260859 0.0198209 0.0146707 0.0105514 0.00732721 0.00481577 0.00284557 0.00138461 0.000511008 0.000140621 3.00332e-05 5.18178e-06 7.21974e-07 7.5132e-08 4.22699e-09 0 
0 0.00109556 0.00510624 0.0117932 0.0210235 0.0324476 0.0455182 0.0624467 0.0821672 0.0910272 0.0956594 0.0985003 0.100246 0.101172 0.101396 0.100952 0.0998053 0.0978366 0.0947719 0.0899374 0.081175 0.0656541 0.053196 0.0433779 0.0346011 0.0269517 0.02048 0.0151603 0.0109067 0.00758166 0.00499992 0.00297929 0.00147066 0.000551778 0.000153796 3.30862e-05 5.72632e-06 7.98481e-07 8.3066e-08 4.66944e-09 0 
0 0.00110422 0.00513673 0.0118603 0.0211426 0.0326311 0.0457803 0.0630958 0.0826751 0.0913447 0.0959219 0.09874 0.100475 0.101396 0.10162 0.101179 0.10004 0.0980867 0.0950508 0.0902805 0.0817126 0.0662348 0.0535093 0.0436257 0.0347992 0.0271064 0.0205981 0.0152483 0.0109709 0.00762814 0.00503453 0.00300593 0.00148922 0.000561268 0.00015706 3.38799e-05 5.87354e-06 8.19885e-07 8.53568e-08 4.80113e-09 0 
0 0.00107656 0.00503173 0.0116261 0.0207266 0.0319898 0.0448681 0.0610127 0.08113 0.0905228 0.0953153 0.0982275 0.100009 0.100952 0.101179 0.100725 0.0995537 0.0975384 0.094387 0.0893669 0.0800545 0.0643543 0.0524348 0.0427719 0.0341183 0.026576 0.0201948 0.0149494 0.0107548 0.0074748 0.00492596 0.0029301 0.00144259 0.000540039 0.00015043 3.23932e-05 5.61722e-06 7.8514e-07 8.18894e-08 4.6156e-09 0 
0 0.00101604 0.00480385 0.01112 0.0198281 0.0306051 0.0429173 0.0570195 0.07684 0.0883833 0.0937581 0.096911 0.0988099 0.0998053 0.10004 0.0995537 0.0983008 0.0961302 0.0926787 0.0869724 0.0756281 0.0606707 0.0501452 0.0409252 0.0326451 0.025428 0.0193217 0.0143018 0.010286 0.00714084 0.00468747 0.00276181 0.00133858 0.000492689 0.000135612 2.90463e-05 5.03344e-06 7.04868e-07 7.37479e-08 4.17219e-09 0 
0 0.000927864 0.00447132 0.0103856 0.0185252 0.0285971 0.0401013 0.0525413 0.0688453 0.0842844 0.0909691 0.0946146 0.0967414 0.0978366 0.0980867 0.0975384 0.0961302 0.0936526 0.0895686 0.0822281 0.0681486 0.0562197 0.0468543 0.0382467 0.0305081 0.0237628 0.0180553 0.0133624 0.00960531 0.00665426 0.00433827 0.00251622 0.00119001 0.000427058 0.000115546 2.45673e-05 4.25489e-06 5.97716e-07 6.28475e-08 3.57617e-09 0 
0 0.00081858 0.00405581 0.00947587 0.0169126 0.0261123 0.0366197 0.0478636 0.0598687 0.0758761 0.0861554 0.090902 0.0934854 0.0947719 0.0950508 0.094387 0.0926787 0.0895686 0.0840297 0.07277 0.0603634 0.0512568 0.0427922 0.0349321 0.0278638 0.0217024 0.0164886 0.0122002 0.00876219 0.00604912 0.00390282 0.00221435 0.0010145 0.00035319 9.37651e-05 1.98006e-05 3.4335e-06 4.84988e-07 5.13813e-08 2.94849e-09 0 
0 0.000695728 0.00358037 0.00844719 0.0150931 0.023309 0.0326924 0.042725 0.0528556 0.0634844 0.076574 0.0845307 0.0882227 0.0899374 0.0902805 0.0893669 0.0869724 0.0822281 0.07277 0.0618641 0.0536088 0.0457606 0.0382115 0.031193 0.0248814 0.0193792 0.0147226 0.0108902 0.00781046 0.00536392 0.00341229 0.00188511 0.000834368 0.000282047 7.37154e-05 1.5522e-05 2.70517e-06 3.85571e-07 4.1289e-08 2.39611e-09 0 
0 0.000567409 0.00306776 0.00735446 0.0131678 0.020344 0.0285389 0.0373003 0.0461188 0.0545082 0.0626687 0.0716267 0.0781574 0.081175 0.0817126 0.0800545 0.0756281 0.0681486 0.0603634 0.0536088 0.0467929 0.0399587 0.0333676 0.0272396 0.0217288 0.0169246 0.0128579 0.00950787 0.00680626 0.0046444 0.00291068 0.00156899 0.000675673 0.000224061 5.82048e-05 1.23077e-05 2.16617e-06 3.12515e-07 3.38904e-08 1.99079e-09 0 
0 0.000441756 0.00253976 0.00624594 0.0112295 0.0173613 0.0243611 0.0318446 0.0393759 0.0465074 0.0528378 0.0581936 0.0626916 0.0656541 0.0662348 0.0643543 0.0606707 0.0562197 0.0512568 0.0457606 0.0399587 0.0341239 0.0284965 0.0232649 0.018561 0.0144619 0.0109934 0.00813433 0.00582062 0.00396016 0.00246699 0.00131977 0.000565353 0.000187599 4.90524e-05 1.04745e-05 1.86327e-06 2.71552e-07 2.97143e-08 1.75881e-09 0 
0 0.000326246 0.00201767 0.0051597 0.00935514 0.0144832 0.0203312 0.0265824 0.0328732 0.0388293 0.0440979 0.0483802 0.051459 0.053196 0.0535093 0.0524348 0.0501452 0.0468543 0.0427922 0.0382115 0.0333676 0.0284965 0.0237994 0.0194347 0.0155171 0.0121217 0.00927843 0.00695103 0.00504561 0.0034741 0.00219239 0.00119624 0.000524522 0.000177375 4.69005e-05 1.00641e-05 1.79208e-06 2.60869e-07 2.8474e-08 1.6797e-09 0 
0 0.000226874 0.00152336 0.00412275 0.00760141 0.0118045 0.0165833 0.0216893 0.0268272 0.0316916 0.0359942 0.0394881 0.041987 0.0433779 0.0436257 0.0427719 0.0409252 0.0382467 0.0349321 0.031193 0.0272396 0.0232649 0.0194347 0.0158869 0.0127529 0.0101842 0.00827398 0.00683403 0.00542157 0.00384561 0.00237504 0.00127423 0.000564816 0.000193469 5.10813e-05 1.0828e-05 1.89667e-06 2.71404e-07 2.91402e-08 1.69272e-09 0 
0 0.000147362 0.00107963 0.00315467 0.00600077 0.00938818 0.0132107 0.0172883 0.02139 0.025273 0.0287075 0.0314964 0.033491 0.0346011 0.0347992 0.0341183 0.0326451 0.0305081 0.0278638 0.0248814 0.0217288 0.018561 0.0155171 0.0127529 0.0105742 0.00958045 0.0102102 0.0114655 0.0110212 0.00804238 0.00438053 0.00191066 0.000730994 0.000235513 5.98174e-05 1.22237e-05 2.07166e-06 2.8802e-07 3.01512e-08 1.71278e-09 0 
0 8.86547e-05 0.000707944 0.00227561 0.00456317 0.00726279 0.0102645 0.0134497 0.0166496 0.0196778 0.022356 0.0245306 0.0260859 0.0269517 0.0271064 0.026576 0.025428 0.0237628 0.0217024 0.0193792 0.0169246 0.0144619 0.0121217 0.0101842 0.00958045 0.0124379 0.0203717 0.0373308 0.0451185 0.0244737 0.0118455 0.00425445 0.00121709 0.000315839 7.12598e-05 1.35184e-05 2.18209e-06 2.93121e-07 2.98604e-08 1.65766e-09 0 
0 4.90064e-05 0.000423135 0.00151437 0.00328762 0.00542205 0.00775286 0.0101945 0.0126357 0.0149425 0.0169815 0.0186369 0.0198209 0.02048 0.0205981 0.0201948 0.0193217 0.0180553 0.0164886 0.0147226 0.0128579 0.0109934 0.00927843 0.00827398 0.0102102 0.0203717 0.0531432 0.0767093 0.0785157 0.0712009 0.0285842 0.00927421 0.0022359 0.000450294 8.34048e-05 1.39896e-05 2.11127e-06 2.7347e-07 2.71934e-08 1.48101e-09 0 
0 2.47193e-05 0.000227473 0.000906663 0.00218439 0.00383742 0.00564163 0.00749549 0.00932553 0.0110449 0.0125613 0.0137913 0.0146707 0.0151603 0.0152483 0.0149494 0.0143018 0.0133624 0.0122002 0.0108902 0.00950787 0.00813433 0.00695103 0.00683403 0.0114655 0.0373308 0.0767093 0.0837067 0.084532 0.0810196 0.0630718 0.0150115 0.0033892 0.000586922 9.00366e-05 1.30354e-05 1.81545e-06 2.27087e-07 2.21861e-08 1.19352e-09 0 
0 1.13192e-05 0.000108953 0.000477134 0.00129164 0.0024921 0.00387032 0.00527964 0.00664545 0.00791092 0.00901825 0.0099129 0.0105514 0.0109067 0.0109709 0.0107548 0.010286 0.00960531 0.00876219 0.00781046 0.00680626 0.00582062 0.00504561 0.00542157 0.0110212 0.0451185 0.0785157 0.084532 0.0853757 0.0825089 0.0710016 0.017684 0.00366583 0.000595952 8.11813e-05 1.04113e-05 1.35027e-06 1.64614e-07 1.59539e-08 8.5513e-10 0 
0 4.69093e-06 4.6294e-05 0.00021741 0.000656155 0.00141789 0.00240132 0.00345624 0.00448032 0.00541593 0.00622319 0.00686899 0.00732721 0.00758166 0.00762814 0.0074748 0.00714084 0.00665426 0.00604912 0.00536392 0.0046444 0.00396016 0.0034741 0.00384561 0.00804238 0.0244737 0.0712009 0.0810196 0.0825089 0.0774538 0.0469445 0.0121941 0.00270944 0.000433992 5.62105e-05 6.77364e-06 8.48796e-07 1.02878e-07 1.00151e-08 5.40038e-10 0 
0 1.75726e-06 1.74578e-05 8.54779e-05 0.000280225 0.000675081 0.00127144 0.0019892 0.00272905 0.00341803 0.00401182 0.00448339 0.00481577 0.00499992 0.00503453 0.00492596 0.00468747 0.00433827 0.00390282 0.00341229 0.00291068 0.00246699 0.00219239 0.00237504 0.00438053 0.0118455 0.0285842 0.0630718 0.0710016 0.0469445 0.018321 0.00604496 0.00135815 0.000220937 2.87038e-05 3.48498e-06 4.45276e-07 5.51123e-08 5.46344e-09 2.99246e-10 0 
0 5.95022e-07 5.86378e-06 2.91777e-05 0.000100496 0.000262586 0.000545751 0.000939882 0.00139656 0.00185625 0.00227025 0.00260626 0.00284557 0.00297929 0.00300593 0.0029301 0.00276181 0.00251622 0.00221435 0.00188511 0.00156899 0.00131977 0.00119624 0.00127423 0.00191066 0.00425445 0.00927421 0.0150115 0.017684 0.0121941 0.00604496 0.00201858 0.000466932 7.90634e-05 1.08418e-05 1.42481e-06 1.95603e-07 2.53256e-08 2.58772e-09 1.45229e-10 0 
0 1.8213e-07 1.7617e-06 8.73799e-06 3.06934e-05 8.39647e-05 0.000186852 0.000348682 0.000561051 0.00079952 0.00103338 0.00123503 0.00138461 0.00147066 0.00148922 0.00144259 0.00133858 0.00119001 0.0010145 0.000834368 0.000675673 0.000565353 0.000524522 0.000564816 0.000730994 0.00121709 0.0022359 0.0033892 0.00366583 0.00270944 0.00135815 0.000466932 0.000113315 2.05924e-05 3.17081e-06 4.80098e-07 7.30948e-08 1.00322e-08 1.06551e-09 6.17065e-11 0 
0 5.034e-08 4.747e-07 2.31724e-06 8.12776e-06 2.26011e-05 5.20567e-05 0.000101997 0.000173638 0.000261819 0.000355899 0.000442913 0.000511008 0.000551778 0.000561268 0.000540039 0.000492689 0.000427058 0.00035319 0.000282047 0.000224061 0.000187599 0.000177375 0.000193469 0.000235513 0.000315839 0.000450294 0.000586922 0.000595952 0.000433992 0.000220937 7.90634e-05 2.05924e-05 4.23567e-06 7.79873e-07 1.39729e-07 2.362e-08 3.44327e-09 3.81937e-10 2.29434e-11 0 
0 1.25149e-08 1.14609e-07 5.46539e-07 1.88982e-06 5.23967e-06 1.21801e-05 2.4354e-05 4.26552e-05 6.64366e-05 9.32496e-05 0.000119334 0.000140621 0.000153796 0.00015706 0.00015043 0.000135612 0.000115546 9.37651e-05 7.37154e-05 5.82048e-05 4.90524e-05 4.69005e-05 5.10813e-05 5.98174e-05 7.12598e-05 8.34048e-05 9.00366e-05 8.11813e-05 5.62105e-05 2.87038e-05 1.08418e-05 3.17081e-06 7.79873e-07 1.74412e-07 3.60879e-08 6.64785e-09 1.02575e-09 1.19101e-10 7.44686e-12 0 
0 2.77247e-09 2.46144e-08 1.14241e-07 3.86769e-07 1.05776e-06 2.44491e-06 4.89817e-06 8.65042e-06 1.36433e-05 1.9426e-05 2.52038e-05 3.00332e-05 3.30862e-05 3.38799e-05 3.23932e-05 2.90463e-05 2.45673e-05 1.98006e-05 1.5522e-05 1.23077e-05 1.04745e-05 1.00641e-05 1.0828e-05 1.22237e-05 1.35184e-05 1.39896e-05 1.30354e-05 1.04113e-05 6.77364e-06 3.48498e-06 1.42481e-06 4.80098e-07 1.39729e-07 3.60879e-08 8.23864e-09 1.6229e-09 2.64059e-10 3.21217e-11 2.09457e-12 0 
0 5.36571e-10 4.61694e-09 2.08266e-08 6.88243e-08 1.8469e-07 4.2125e-07 8.37368e-07 1.47442e-06 2.32714e-06 3.32396e-06 4.3308e-06 5.18178e-06 5.72632e-06 5.87354e-06 5.61722e-06 5.03344e-06 4.25489e-06 3.4335e-06 2.70517e-06 2.16617e-06 1.86327e-06 1.79208e-06 1.89667e-06 2.07166e-06 2.18209e-06 2.11127e-06 1.81545e-06 1.35027e-06 8.48796e-07 4.45276e-07 1.95603e-07 7.30948e-08 2.362e-08 6.64785e-09 1.6229e-09 3.38123e-10 5.78564e-11 7.37192e-12 5.01661e-13 0 
0 8.696e-11 7.25655e-10 3.18172e-09 1.02541e-08 2.69443e-08 6.04383e-08 1.18659e-07 2.07167e-07 3.25292e-07 4.63409e-07 6.03264e-07 7.21974e-07 7.98481e-07 8.19885e-07 7.8514e-07 7.04868e-07 5.97716e-07 4.84988e-07 3.85571e-07 3.12515e-07 2.71552e-07 2.60869e-07 2.71404e-07 2.8802e-07 2.93121e-07 2.7347e-07 2.27087e-07 1.64614e-07 1.02878e-07 5.51123e-08 2.53256e-08 1.00322e-08 3.44327e-09 1.02575e-09 2.64059e-10 5.78564e-11 1.03858e-11 1.38461e-12 9.83006e-14 0 
0 1.06585e-11 8.63629e-11 3.68414e-10 1.1584e-09 2.97956e-09 6.56569e-09 1.27089e-08 2.19495e-08 3.41963e-08 4.84589e-08 6.28799e-08 7.5132e-08 8.3066e-08 8.53568e-08 8.18894e-08 7.37479e-08 6.28475e-08 5.13813e-08 4.1289e-08 3.38904e-08 2.97143e-08 2.8474e-08 2.91402e-08 3.01512e-08 2.98604e-08 2.71934e-08 2.21861e-08 1.59539e-08 1.00151e-08 5.46344e-09 2.58772e-09 1.06551e-09 3.81937e-10 1.19101e-10 3.21217e-11 7.37192e-12 1.38461e-12 1.92801e-13 1.42653e-14 0 
0 7.06257e-13 5.56543e-12 2.31315e-11 7.10371e-11 1.78972e-10 3.87486e-10 7.39229e-10 1.26209e-09 1.94908e-09 2.74453e-09 3.54624e-09 4.22699e-09 4.66944e-09 4.80113e-09 4.6156e-09 4.17219e-09 3.57617e-09 2.94849e-09 2.39611e-09 1.99079e-09 1.75881e-09 1.6797e-09 1.69272e-09 1.71278e-09 1.65766e-09 1.48101e-09 1.19352e-09 8.5513e-10 5.40038e-10 2.99246e-10 1.45229e-10 6.17065e-11 2.29434e-11 7.44686e-12 2.09457e-12 5.01661e-13 9.83006e-14 1.42653e-14 1.09831e-15 0 
0 0 0 0 0 0 0 0 0 0 0 0 0 0 0 0 0 0 0 0 0 0 0 0 0 0 0 0 0 0 0 0 0 0 0 0 0 0 0 0 0 
