0 0 0 0 0 0 0 0 0 0 0 0 0 0 0 0 0 0 0 0 0 0 0 0 0 0 0 0 0 0 0 0 0 0 0 0 0 0 0 0 0 
0 4.20391e-07 3.73941e-06 1.64297e-05 4.94984e-05 0.000114121 0.000214514 0.000344701 0.000491397 0.000639131 0.000773969 0.000885118 0.000965227 0.00101017 0.0010187 0.000992098 0.000933785 0.000848983 0.00074431 0.000627369 0.000506272 0.000389032 0.000282805 0.000193041 0.00012274 7.21123e-05 3.88616e-05 1.90953e-05 8.52044e-06 3.44531e-06 1.26194e-06 4.18858e-07 1.26013e-07 3.43226e-08 8.42902e-09 1.84856e-09 3.54828e-10 5.71235e-11 6.96401e-12 4.59464e-13 0 
0 3.73941e-06 3.39601e-05 0.00014675 0.000416027 0.000872734 0.0014742 0.00214295 0.00281088 0.0034302 0.00396729 0.00439719 0.00470186 0.0048707 0.00490108 0.00479826 0.00457453 0.00424761 0.00383863 0.00337031 0.00286554 0.002347 0.0018376 0.00136118 0.000941755 0.000599952 0.000347029 0.000180167 8.33519e-05 3.42877e-05 1.25661e-05 4.12011e-06 1.2136e-06 3.21849e-07 7.67287e-08 1.63154e-08 3.03646e-09 4.74344e-10 5.61855e-11 3.60729e-12 0 
0 1.64297e-05 0.00014675 0.000587741 0.0014701 0.00269682 0.00408723 0.00552235 0.00692943 0.00824312 0.00939731 0.0103316 0.0109987 0.0113697 0.0114357 0.0112078 0.0107145 0.00999832 0.00911015 0.00810454 0.00703414 0.00594517 0.00487445 0.00384972 0.00289442 0.00203583 0.00130982 0.000752564 0.000378558 0.000165018 6.23792e-05 2.06189e-05 6.02264e-06 1.5674e-06 3.64542e-07 7.54107e-08 1.3642e-08 2.07218e-09 2.38913e-10 1.49523e-11 0 
0 4.94984e-05 0.000416027 0.0014701 0.00319874 0.00531145 0.00763534 0.0100733 0.0125106 0.0148133 0.0168485 0.0185007 0.0196821 0.0203392 0.0204558 0.0200514 0.0191771 0.0179088 0.0163387 0.0145663 0.01269 0.0107991 0.00896735 0.007248 0.00567121 0.00424835 0.00298724 0.0019141 0.00107894 0.000519135 0.000210345 7.2165e-05 2.13108e-05 5.50898e-06 1.25961e-06 2.54811e-07 4.4977e-08 6.66318e-09 7.4971e-10 4.5842e-11 0 
0 0.000114121 0.000872734 0.00269682 0.00531145 0.00842787 0.0119253 0.0156483 0.0193916 0.022935 0.0260691 0.0286142 0.0304342 0.0314466 0.0316262 0.0310028 0.0296555 0.0277014 0.0252828 0.0225538 0.019667 0.0167622 0.013958 0.0113452 0.00898308 0.00689604 0.00507683 0.00350558 0.00218821 0.00117888 0.000527524 0.000193677 5.91781e-05 1.5428e-05 3.5016e-06 6.97171e-07 1.20634e-07 1.74943e-08 1.92684e-09 1.15422e-10 0 
0 0.000214514 0.0014742 0.00408723 0.00763534 0.0119253 0.0168003 0.0220089 0.0272508 0.0322144 0.0366053 0.0401713 0.0427225 0.0441433 0.0443954 0.0435201 0.0416305 0.0388919 0.0355033 0.0316803 0.0276369 0.0235697 0.0196458 0.0159954 0.012708 0.00983067 0.00736705 0.00528125 0.0035238 0.00208826 0.00103859 0.000416682 0.000134615 3.59639e-05 8.18811e-06 1.61583e-06 2.75476e-07 3.9263e-08 4.24739e-09 2.49978e-10 0 
0 0.000344701 0.00214295 0.00552235 0.0100733 0.0156483 0.0220089 0.02881 0.0356561 0.0421394 0.0478798 0.0525891 0.0561315 0.0582999 0.0587121 0.0573286 0.0545797 0.0508865 0.0464379 0.0414423 0.0361615 0.0308502 0.0257271 0.020963 0.0166769 0.0129356 0.00975638 0.00710709 0.00491464 0.00310736 0.00169123 0.000744563 0.000257956 7.15972e-05 1.6515e-05 3.25233e-06 5.49053e-07 7.72179e-08 8.23217e-09 4.77439e-10 0 
0 0.000491397 0.00281088 0.00692943 0.0125106 0.0193916 0.0272508 0.0356561 0.0441177 0.0521448 0.0594765 0.0666086 0.0727894 0.0763071 0.076948 0.0748556 0.070116 0.0638084 0.0575621 0.0512791 0.0447441 0.0381799 0.031849 0.0259628 0.0206688 0.0160518 0.0121386 0.00890226 0.00626478 0.00411726 0.00239386 0.00114455 0.000426755 0.000124124 2.92336e-05 5.77881e-06 9.7038e-07 1.35164e-07 1.42468e-08 8.16573e-10 0 
0 0.000639131 0.0034302 0.00824312 0.0148133 0.022935 0.0322144 0.0421394 0.0521448 0.0619598 0.0728454 0.0821234 0.086967 0.0891421 0.0895497 0.0883534 0.0852126 0.0790005 0.0695578 0.0607678 0.0528833 0.0451224 0.0376472 0.0306978 0.0244486 0.0190004 0.0143871 0.010584 0.00751189 0.00504547 0.00306562 0.00156441 0.000624094 0.000190653 4.60531e-05 9.17663e-06 1.53832e-06 2.12903e-07 2.22519e-08 1.26382e-09 0 
0 0.000773969 0.00396729 0.00939731 0.0168485 0.0260691 0.0366053 0.0478798 0.0594765 0.0728454 0.0847541 0.0907082 0.0938736 0.0954214 0.095738 0.0949074 0.0927923 0.0889164 0.0818733 0.0704846 0.0602147 0.0512714 0.0427779 0.0348876 0.0277929 0.0216086 0.0163742 0.012065 0.0086 0.00584633 0.00365248 0.00195422 0.000824503 0.000263598 6.5356e-05 1.31562e-05 2.2073e-06 3.04326e-07 3.16201e-08 1.78394e-09 0 
0 0.000885118 0.00439719 0.0103316 0.0185007 0.0286142 0.0401713 0.0525891 0.0666086 0.0821234 0.0907082 0.0952126 0.0977873 0.0990936 0.0993752 0.0986912 0.0969605 0.0939058 0.0888 0.0795915 0.066829 0.0563094 0.0469472 0.0382915 0.0305098 0.0237273 0.0179878 0.0132658 0.00947769 0.00648617 0.00412158 0.00227722 0.00100224 0.000332721 8.44516e-05 1.71769e-05 2.88841e-06 3.97491e-07 4.11451e-08 2.31085e-09 0 
0 0.000965227 0.00470186 0.0109987 0.0196821 0.0304342 0.0427225 0.0561315 0.0727894 0.086967 0.0938736 0.0977873 0.100101 0.101296 0.101562 0.100948 0.0993931 0.0966929 0.092342 0.0849665 0.0723821 0.0600409 0.049935 0.0407277 0.0324545 0.0252438 0.0191427 0.0141248 0.010104 0.00694 0.00445352 0.00251059 0.00113699 0.000387945 0.000100279 2.05757e-05 3.46921e-06 4.7718e-07 4.92955e-08 2.76136e-09 0 
0 0.00101017 0.0048707 0.0113697 0.0203392 0.0314466 0.0441433 0.0582999 0.0763071 0.0891421 0.0954214 0.0990936 0.101296 0.102443 0.102702 0.102119 0.100641 0.0980912 0.0940447 0.0873988 0.0756335 0.062251 0.051605 0.0420859 0.0335388 0.0260897 0.0197871 0.0146043 0.0104534 0.00719278 0.00463861 0.00264282 0.00121609 0.000421688 0.000110248 2.27566e-05 3.84591e-06 5.29212e-07 5.46427e-08 3.05811e-09 0 
0 0.0010187 0.00490108 0.0114357 0.0204558 0.0316262 0.0443954 0.0587121 0.076948 0.0895497 0.095738 0.0993752 0.101562 0.102702 0.102961 0.102382 0.100916 0.098388 0.0943866 0.0878479 0.0762383 0.0626679 0.0519074 0.0423318 0.0337357 0.0262439 0.0199052 0.0146927 0.0105186 0.00724103 0.00467554 0.00267116 0.0012345 0.000430147 0.000112898 2.33638e-05 3.95494e-06 5.44802e-07 5.62985e-08 3.153e-09 0 
0 0.000992098 0.00479826 0.0112078 0.0200514 0.0310028 0.0435201 0.0573286 0.0748556 0.0883534 0.0949074 0.0986912 0.100948 0.102119 0.102382 0.101784 0.10027 0.0976505 0.093467 0.0865046 0.074286 0.061288 0.0508887 0.0415058 0.0330775 0.0257317 0.0195163 0.0144048 0.0103105 0.00709307 0.00457084 0.00260001 0.00119406 0.000413625 0.000108203 2.23761e-05 3.79123e-06 5.23178e-07 5.41821e-08 3.04172e-09 0 
0 0.000933785 0.00457453 0.0107145 0.0191771 0.0296555 0.0416305 0.0545797 0.070116 0.0852126 0.0927923 0.0969605 0.0993931 0.100641 0.100916 0.10027 0.0986363 0.0957804 0.0911139 0.0829792 0.0699934 0.0584524 0.0486856 0.0397134 0.0316485 0.0246189 0.0186706 0.0137779 0.00985622 0.00676801 0.00433819 0.00244005 0.0011026 0.000376156 9.74886e-05 2.00957e-05 3.40736e-06 4.71532e-07 4.90215e-08 2.76397e-09 0 
0 0.000848983 0.00424761 0.00999832 0.0179088 0.0277014 0.0388919 0.0508865 0.0638084 0.0790005 0.0889164 0.0939058 0.0966929 0.0980912 0.098388 0.0976505 0.0957804 0.0924402 0.08672 0.0763725 0.0643541 0.0545353 0.045494 0.0371114 0.0295739 0.0230036 0.0174431 0.0128677 0.00919581 0.00629375 0.00399776 0.00220806 0.000973262 0.000324676 8.30515e-05 1.70499e-05 2.89563e-06 4.02581e-07 4.21104e-08 2.39058e-09 0 
0 0.00074431 0.00383863 0.00911015 0.0163387 0.0252828 0.0355033 0.0464379 0.0575621 0.0695578 0.0818733 0.0888 0.092342 0.0940447 0.0943866 0.093467 0.0911139 0.08672 0.0786279 0.0677058 0.0583895 0.049782 0.0415458 0.0338906 0.0270065 0.0210051 0.0159249 0.0117421 0.00837828 0.005705 0.00357628 0.00192755 0.000823794 0.000267872 6.76177e-05 1.38483e-05 2.36193e-06 3.30914e-07 3.49376e-08 2.00326e-09 0 
0 0.000627369 0.00337031 0.00810454 0.0145663 0.0225538 0.0316803 0.0414423 0.0512791 0.0607678 0.0704846 0.0795915 0.0849665 0.0873988 0.0878479 0.0865046 0.0829792 0.0763725 0.0677058 0.0597396 0.0520686 0.0444422 0.0370918 0.0302577 0.0241117 0.018753 0.0142154 0.0104755 0.00745798 0.00504276 0.00310925 0.00163032 0.000675555 0.000214867 5.37952e-05 1.10477e-05 1.90123e-06 2.69546e-07 2.88292e-08 1.67474e-09 0 
0 0.000506272 0.00286554 0.00703414 0.01269 0.019667 0.0276369 0.0361615 0.0447441 0.0528833 0.0602147 0.066829 0.0723821 0.0756335 0.0762383 0.074286 0.0699934 0.0643541 0.0583895 0.0520686 0.0454495 0.0387978 0.0323823 0.0264177 0.0210535 0.0163762 0.0124141 0.00914373 0.00649386 0.00435853 0.00264675 0.00135818 0.000551838 0.000173934 4.36675e-05 9.06245e-06 1.58157e-06 2.27593e-07 2.46969e-08 1.45403e-09 0 
0 0.000389032 0.002347 0.00594517 0.0107991 0.0167622 0.0235697 0.0308502 0.0381799 0.0451224 0.0512714 0.0563094 0.0600409 0.062251 0.0626679 0.061288 0.0584524 0.0545353 0.049782 0.0444422 0.0387978 0.0331214 0.0276473 0.0225588 0.0179838 0.0139962 0.0106196 0.00783017 0.00556281 0.0037296 0.00226137 0.00116141 0.000474813 0.000151428 3.85807e-05 8.12616e-06 1.43716e-06 2.09156e-07 2.29051e-08 1.35822e-09 0 
0 0.000282805 0.0018376 0.00487445 0.00896735 0.013958 0.0196458 0.0257271 0.031849 0.0376472 0.0427779 0.0469472 0.049935 0.051605 0.0519074 0.0508887 0.0486856 0.045494 0.0415458 0.0370918 0.0323823 0.0276473 0.0230828 0.0188428 0.0150384 0.0117417 0.00898003 0.00671608 0.00485644 0.00331491 0.00205494 0.0010887 0.000460526 0.000150856 3.90393e-05 8.27774e-06 1.46559e-06 2.12849e-07 2.32178e-08 1.36976e-09 0 
0 0.000193041 0.00136118 0.00384972 0.007248 0.0113452 0.0159954 0.020963 0.0259628 0.0306978 0.0348876 0.0382915 0.0407277 0.0420859 0.0423318 0.0415058 0.0397134 0.0371114 0.0338906 0.0302577 0.0264177 0.0225588 0.0188428 0.015404 0.0123696 0.00988566 0.00804006 0.00664659 0.00527245 0.00373158 0.00228711 0.00120446 0.000518554 0.000172473 4.45773e-05 9.33138e-06 1.62359e-06 2.31503e-07 2.48059e-08 1.43905e-09 0 
0 0.00012274 0.000941755 0.00289442 0.00567121 0.00898308 0.012708 0.0166769 0.0206688 0.0244486 0.0277929 0.0305098 0.0324545 0.0335388 0.0337357 0.0330775 0.0316485 0.0295739 0.0270065 0.0241117 0.0210535 0.0179838 0.0150384 0.0123696 0.0102736 0.00933014 0.00996261 0.0111977 0.0107665 0.00785527 0.00427378 0.00185301 0.000695012 0.000217378 5.38768e-05 1.08491e-05 1.82451e-06 2.52605e-07 2.63763e-08 1.49557e-09 0 
0 7.21123e-05 0.000599952 0.00203583 0.00424835 0.00689604 0.00983067 0.0129356 0.0160518 0.0190004 0.0216086 0.0237273 0.0252438 0.0260897 0.0262439 0.0257317 0.0246189 0.0230036 0.0210051 0.018753 0.0163762 0.0139962 0.0117417 0.00988566 0.00933014 0.0121439 0.0199078 0.03321 0.0401197 0.023076 0.0115776 0.00415508 0.00118079 0.000299276 6.56179e-05 1.22151e-05 1.95317e-06 2.61181e-07 2.6538e-08 1.47051e-09 0 
0 3.88616e-05 0.000347029 0.00130982 0.00298724 0.00507683 0.00736705 0.00975638 0.0121386 0.0143871 0.0163742 0.0179878 0.0191427 0.0197871 0.0199052 0.0195163 0.0186706 0.0174431 0.0159249 0.0142154 0.0124141 0.0106196 0.00898003 0.00804006 0.00996261 0.0199078 0.0477789 0.0774991 0.0797773 0.0679185 0.0271217 0.0090649 0.00218222 0.000433897 7.81506e-05 1.27998e-05 1.90802e-06 2.45859e-07 2.43865e-08 1.32593e-09 0 
0 1.90953e-05 0.000180167 0.000752564 0.0019141 0.00350558 0.00528125 0.00710709 0.00890226 0.010584 0.012065 0.0132658 0.0141248 0.0146043 0.0146927 0.0144048 0.0137779 0.0128677 0.0117421 0.0104755 0.00914373 0.00783017 0.00671608 0.00664659 0.0111977 0.03321 0.0774991 0.0858661 0.0868477 0.0823448 0.0582078 0.0146064 0.00331156 0.000569725 8.54022e-05 1.20411e-05 1.65095e-06 2.05231e-07 2.00009e-08 1.0744e-09 0 
0 8.52044e-06 8.33519e-05 0.000378558 0.00107894 0.00218821 0.0035238 0.00491464 0.00626478 0.00751189 0.0086 0.00947769 0.010104 0.0104534 0.0105186 0.0103105 0.00985622 0.00919581 0.00837828 0.00745798 0.00649386 0.00556281 0.00485644 0.00527245 0.0107665 0.0401197 0.0797773 0.0868477 0.0878073 0.0842593 0.0679122 0.0163492 0.00358256 0.000579781 7.7489e-05 9.67828e-06 1.2329e-06 1.49239e-07 1.4428e-08 7.72366e-10 0 
0 3.44531e-06 3.42877e-05 0.000165018 0.000519135 0.00117888 0.00208826 0.00310736 0.00411726 0.00504547 0.00584633 0.00648617 0.00694 0.00719278 0.00724103 0.00709307 0.00676801 0.00629375 0.005705 0.00504276 0.00435853 0.0037296 0.00331491 0.00373158 0.00785527 0.023076 0.0679185 0.0823448 0.0842593 0.0786507 0.0424079 0.0119204 0.00264767 0.000422085 5.37231e-05 6.31228e-06 7.76549e-07 9.34364e-08 9.07488e-09 4.88807e-10 0 
0 1.26194e-06 1.25661e-05 6.23792e-05 0.000210345 0.000527524 0.00103859 0.00169123 0.00239386 0.00306562 0.00365248 0.00412158 0.00445352 0.00463861 0.00467554 0.00457084 0.00433819 0.00399776 0.00357628 0.00310925 0.00264675 0.00226137 0.00205494 0.00228711 0.00427378 0.0115776 0.0271217 0.0582078 0.0679122 0.0424079 0.01791 0.00590895 0.00132639 0.000214327 2.73561e-05 3.24291e-06 4.07374e-07 5.00959e-08 4.95642e-09 2.71233e-10 0 
0 4.18858e-07 4.12011e-06 2.06189e-05 7.2165e-05 0.000193677 0.000416682 0.000744563 0.00114455 0.00156441 0.00195422 0.00227722 0.00251059 0.00264282 0.00267116 0.00260001 0.00244005 0.00220806 0.00192755 0.00163032 0.00135818 0.00116141 0.0010887 0.00120446 0.00185301 0.00415508 0.0090649 0.0146064 0.0163492 0.0119204 0.00590895 0.00197236 0.000454907 7.62624e-05 1.02631e-05 1.31958e-06 1.78697e-07 2.30257e-08 2.3493e-09 1.31755e-10 0 
0 1.26013e-07 1.2136e-06 6.02264e-06 2.13108e-05 5.91781e-05 0.000134615 0.000257956 0.000426755 0.000624094 0.000824503 0.00100224 0.00113699 0.00121609 0.0012345 0.00119406 0.0011026 0.000973262 0.000823794 0.000675555 0.000551838 0.000474813 0.000460526 0.000518554 0.000695012 0.00118079 0.00218222 0.00331156 0.00358256 0.00264767 0.00132639 0.000454907 0.000109651 1.96639e-05 2.97019e-06 4.4178e-07 6.66504e-08 9.12082e-09 9.67776e-10 5.60158e-11 0 
0 3.43226e-08 3.21849e-07 1.5674e-06 5.50898e-06 1.5428e-05 3.59639e-05 7.15972e-05 0.000124124 0.000190653 0.000263598 0.000332721 0.000387945 0.000421688 0.000430147 0.000413625 0.000376156 0.000324676 0.000267872 0.000214867 0.000173934 0.000151428 0.000150856 0.000172473 0.000217378 0.000299276 0.000433897 0.000569725 0.000579781 0.000422085 0.000214327 7.62624e-05 1.96639e-05 3.98465e-06 7.21608e-07 1.27824e-07 2.1505e-08 3.13023e-09 3.47003e-10 2.08361e-11 0 
0 8.42902e-09 7.67287e-08 3.64542e-07 1.25961e-06 3.5016e-06 8.18811e-06 1.6515e-05 2.92336e-05 4.60531e-05 6.5356e-05 8.44516e-05 0.000100279 0.000110248 0.000112898 0.000108203 9.74886e-05 8.30515e-05 6.76177e-05 5.37952e-05 4.36675e-05 3.85807e-05 3.90393e-05 4.45773e-05 5.38768e-05 6.56179e-05 7.81506e-05 8.54022e-05 7.7489e-05 5.37231e-05 2.73561e-05 1.02631e-05 2.97019e-06 7.21608e-07 1.59791e-07 3.28918e-08 6.0474e-09 9.32446e-10 1.08226e-10 6.76473e-12 0 
0 1.84856e-09 1.63154e-08 7.54107e-08 2.54811e-07 6.97171e-07 1.61583e-06 3.25233e-06 5.77881e-06 9.17663e-06 1.31562e-05 1.71769e-05 2.05757e-05 2.27566e-05 2.33638e-05 2.23761e-05 2.00957e-05 1.70499e-05 1.38483e-05 1.10477e-05 9.06245e-06 8.12616e-06 8.27774e-06 9.33138e-06 1.08491e-05 1.22151e-05 1.27998e-05 1.20411e-05 9.67828e-06 6.31228e-06 3.24291e-06 1.31958e-06 4.4178e-07 1.27824e-07 3.28918e-08 7.49644e-09 1.47573e-09 2.40032e-10 2.91914e-11 1.90303e-12 0 
0 3.54828e-10 3.03646e-09 1.3642e-08 4.4977e-08 1.20634e-07 2.75476e-07 5.49053e-07 9.7038e-07 1.53832e-06 2.2073e-06 2.88841e-06 3.46921e-06 3.84591e-06 3.95494e-06 3.79123e-06 3.40736e-06 2.89563e-06 2.36193e-06 1.90123e-06 1.58157e-06 1.43716e-06 1.46559e-06 1.62359e-06 1.82451e-06 1.95317e-06 1.90802e-06 1.65095e-06 1.2329e-06 7.76549e-07 4.07374e-07 1.78697e-07 6.66504e-08 2.1505e-08 6.0474e-09 1.47573e-09 3.07393e-10 5.25893e-11 6.69964e-12 4.5583e-13 0 
0 5.71235e-11 4.74344e-10 2.07218e-09 6.66318e-09 1.74943e-08 3.9263e-08 7.72179e-08 1.35164e-07 2.12903e-07 3.04326e-07 3.97491e-07 4.7718e-07 5.29212e-07 5.44802e-07 5.23178e-07 4.71532e-07 4.02581e-07 3.30914e-07 2.69546e-07 2.27593e-07 2.09156e-07 2.12849e-07 2.31503e-07 2.52605e-07 2.61181e-07 2.45859e-07 2.05231e-07 1.49239e-07 9.34364e-08 5.00959e-08 2.30257e-08 9.12082e-09 3.13023e-09 9.32446e-10 2.40032e-10 5.25893e-11 9.43956e-12 1.25832e-12 8.93232e-14 0 
0 6.96401e-12 5.61855e-11 2.38913e-10 7.4971e-10 1.92684e-09 4.24739e-09 8.23217e-09 1.42468e-08 2.22519e-08 3.16201e-08 4.11451e-08 4.92955e-08 5.46427e-08 5.62985e-08 5.41821e-08 4.90215e-08 4.21104e-08 3.49376e-08 2.88292e-08 2.46969e-08 2.29051e-08 2.32178e-08 2.48059e-08 2.63763e-08 2.6538e-08 2.43865e-08 2.00009e-08 1.4428e-08 9.07488e-09 4.95642e-09 2.3493e-09 9.67776e-10 3.47003e-10 1.08226e-10 2.91914e-11 6.69964e-12 1.25832e-12 1.75206e-13 1.29624e-14 0 
0 4.59464e-13 3.60729e-12 1.49523e-11 4.5842e-11 1.15422e-10 2.49978e-10 4.77439e-10 8.16573e-10 1.26382e-09 1.78394e-09 2.31085e-09 2.76136e-09 3.05811e-09 3.153e-09 3.04172e-09 2.76397e-09 2.39058e-09 2.00326e-09 1.67474e-09 1.45403e-09 1.35822e-09 1.36976e-09 1.43905e-09 1.49557e-09 1.47051e-09 1.32593e-09 1.0744e-09 7.72366e-10 4.88807e-10 2.71233e-10 1.31755e-10 5.60158e-11 2.08361e-11 6.76473e-12 1.90303e-12 4.5583e-13 8.93232e-14 1.29624e-14 9.97958e-16 0 
0 0 0 0 0 0 0 0 0 0 0 0 0 0 0 0 0 0 0 0 0 0 0 0 0 0 0 0 0 0 0 0 0 0 0 0 0 0 0 0 0 
