0 0 0 0 0 0 0 0 0 0 0 0 0 0 0 0 0 0 0 0 0 0 0 0 0 0 0 0 0 0 0 0 0 0 0 0 0 0 0 0 0 
0 1.72539e-11 1.64143e-10 8.24381e-10 3.05246e-09 9.22106e-09 2.37249e-08 5.31342e-08 1.0489e-07 1.83999e-07 2.88543e-07 4.06456e-07 5.16446e-07 5.94049e-07 6.20543e-07 5.90232e-07 5.12295e-07 4.06476e-07 2.95269e-07 1.96636e-07 1.20218e-07 6.75777e-08 3.49878e-08 1.67174e-08 7.38768e-09 3.02651e-09 1.1521e-09 4.08438e-10 1.35117e-10 4.17735e-11 1.20801e-11 3.2671e-12 8.25096e-13 1.93869e-13 4.20873e-14 8.33658e-15 1.4725e-15 2.21659e-16 2.56151e-17 1.62072e-18 0 
0 1.64143e-10 1.62145e-09 8.45472e-09 3.24603e-08 1.01437e-07 2.69106e-07 6.18985e-07 1.24942e-06 2.23089e-06 3.54527e-06 5.04082e-06 6.44311e-06 7.43488e-06 7.77348e-06 7.38571e-06 6.39095e-06 5.04471e-06 3.63692e-06 2.39732e-06 1.44651e-06 8.00121e-07 4.06465e-07 1.90059e-07 8.20084e-08 3.27435e-08 1.21314e-08 4.18197e-09 1.34458e-09 4.03981e-10 1.13559e-10 2.98701e-11 7.34243e-12 1.68083e-12 3.55903e-13 6.88439e-14 1.18903e-14 1.7526e-15 1.98596e-16 1.23396e-17 0 
0 8.24381e-10 8.45472e-09 4.57648e-08 1.82125e-07 5.88293e-07 1.60693e-06 3.78735e-06 7.79135e-06 1.41018e-05 2.2605e-05 3.22931e-05 4.13618e-05 4.77577e-05 4.99354e-05 4.74396e-05 4.10338e-05 3.23491e-05 2.32527e-05 1.5243e-05 9.11738e-06 4.98134e-06 2.49049e-06 1.14227e-06 4.82068e-07 1.87821e-07 6.77878e-08 2.27382e-08 7.10931e-09 2.07684e-09 5.67768e-10 1.45326e-10 3.47911e-11 7.76482e-12 1.60488e-12 3.03433e-13 5.12981e-14 7.41244e-15 8.24738e-16 5.04029e-17 0 
0 3.05246e-09 3.24603e-08 1.82125e-07 7.49783e-07 2.49646e-06 6.99302e-06 1.6794e-05 3.49531e-05 6.35601e-05 0.000101784 0.000144749 0.000184369 0.00021196 0.000221282 0.000210592 0.000183001 0.000145169 0.000104975 6.90814e-05 4.13246e-05 2.24732e-05 1.11272e-05 5.03026e-06 2.08394e-06 7.94492e-07 2.79934e-07 9.15261e-08 2.78692e-08 7.9264e-09 2.11004e-09 5.26192e-10 1.22834e-10 2.67611e-11 5.40624e-12 1.0005e-12 1.65821e-13 2.353e-14 2.57571e-15 1.55177e-16 0 
0 9.22106e-09 1.01437e-07 5.88293e-07 2.49646e-06 8.52553e-06 2.43186e-05 5.89295e-05 0.00012252 0.000220537 0.000347396 0.000484927 0.000607533 0.000690733 0.000718437 0.000686647 0.000603575 0.000486913 0.000358962 0.000240624 0.000146036 8.0065e-05 3.96727e-05 1.78202e-05 7.29071e-06 2.73198e-06 9.4293e-07 3.0133e-07 8.9565e-08 2.48521e-08 6.45444e-09 1.57107e-09 3.58269e-10 7.63334e-11 1.51012e-11 2.74101e-12 4.46342e-13 6.23489e-14 6.73331e-15 4.01189e-16 0 
0 2.37249e-08 2.69106e-07 1.60693e-06 6.99302e-06 2.43186e-05 6.99084e-05 0.000168511 0.000343825 0.000600953 0.000914698 0.00123558 0.00150794 0.00168649 0.0017449 0.00167793 0.00150001 0.00124196 0.000945733 0.000656358 0.000411412 0.000231357 0.000116449 5.25863e-05 2.14318e-05 7.94331e-06 2.69817e-06 8.45865e-07 2.46179e-07 6.68255e-08 1.69756e-08 4.04306e-09 9.02851e-10 1.88586e-10 3.66286e-11 6.53861e-12 1.04927e-12 1.44779e-13 1.54862e-14 9.16785e-16 0 
0 5.31342e-08 6.18985e-07 3.78735e-06 1.6794e-05 5.89295e-05 0.000168511 0.000397229 0.000780597 0.00130281 0.00189378 0.00246032 0.00291867 0.0032102 0.00330441 0.00319715 0.00290772 0.00247571 0.00195743 0.00142036 0.000932812 0.000547345 0.000284652 0.000131122 5.38299e-05 1.98931e-05 6.68937e-06 2.06655e-06 5.91127e-07 1.57503e-07 3.92577e-08 9.17669e-09 2.01288e-09 4.13503e-10 7.91175e-11 1.39416e-11 2.21398e-12 3.03218e-13 3.23073e-14 1.91308e-15 0 
0 1.0489e-07 1.24942e-06 7.79135e-06 3.49531e-05 0.00012252 0.000343825 0.000780597 0.00145858 0.0023097 0.00320759 0.00402567 0.00466668 0.00506749 0.00519685 0.00505236 0.00465728 0.00405694 0.00331513 0.00251107 0.00173445 0.00107237 0.000584229 0.000278476 0.000116567 4.33493e-05 1.45281e-05 4.44578e-06 1.25527e-06 3.29571e-07 8.0901e-08 1.86299e-08 4.02941e-09 8.17441e-10 1.54775e-10 2.70612e-11 4.27815e-12 5.85655e-13 6.26702e-14 3.7472e-15 0 
0 1.83999e-07 2.23089e-06 1.41018e-05 6.35601e-05 0.000220537 0.000600953 0.00130281 0.0023097 0.00348787 0.00467023 0.00571607 0.00652321 0.00702514 0.00718868 0.00701233 0.0065234 0.00577333 0.00483252 0.00378619 0.00273252 0.0017784 0.00102057 0.000508335 0.000219262 8.27955e-05 2.78492e-05 8.48839e-06 2.37696e-06 6.17667e-07 1.4998e-07 3.41796e-08 7.32555e-09 1.47569e-09 2.78242e-10 4.86261e-11 7.71946e-12 1.067e-12 1.15993e-13 7.0901e-15 0 
0 2.88543e-07 3.54527e-06 2.2605e-05 0.000101784 0.000347396 0.000914698 0.00189378 0.00320759 0.00467023 0.00609637 0.00734073 0.00829633 0.00889111 0.00908832 0.00888648 0.00831674 0.00743731 0.00632628 0.00507518 0.00378591 0.00257137 0.0015491 0.000808394 0.000361585 0.000139624 4.74345e-05 1.44799e-05 4.04167e-06 1.0447e-06 2.52256e-07 5.7224e-08 1.22339e-08 2.46604e-09 4.67259e-10 8.25013e-11 1.33161e-11 1.88423e-12 2.1109e-13 1.33691e-14 0 
0 4.06456e-07 5.04082e-06 3.22931e-05 0.000144749 0.000484927 0.00123558 0.00246032 0.00402567 0.00571607 0.00734073 0.00875112 0.00983395 0.0105106 0.0107402 0.0105208 0.00988662 0.00890195 0.00765253 0.00623686 0.00476075 0.00333802 0.00209263 0.00113951 0.000529032 0.000209709 7.23109e-05 2.22213e-05 6.21608e-06 1.60776e-06 3.8866e-07 8.84581e-08 1.9042e-08 3.88425e-09 7.49472e-10 1.35738e-10 2.26419e-11 3.333e-12 3.90169e-13 2.58513e-14 0 
0 5.16446e-07 6.44311e-06 4.13618e-05 0.000184369 0.000607533 0.00150794 0.00291867 0.00466668 0.00652321 0.00829633 0.00983395 0.0110166 0.0117599 0.0120192 0.0117916 0.0111135 0.0100535 0.00870334 0.00716756 0.00555602 0.00398288 0.00257201 0.00144992 0.00069615 0.000283421 9.95082e-05 3.09341e-05 8.72627e-06 2.27567e-06 5.5591e-07 1.28398e-07 2.82188e-08 5.92089e-09 1.18488e-09 2.24312e-10 3.93403e-11 6.1034e-12 7.51673e-13 5.21006e-14 0 
0 5.94049e-07 7.43488e-06 4.77577e-05 0.00021196 0.000690733 0.00168649 0.0032102 0.00506749 0.00702514 0.00889111 0.0105106 0.0117599 0.0125505 0.012835 0.0126096 0.0119112 0.0108108 0.00940336 0.00779716 0.00610479 0.00444065 0.00292674 0.00169274 0.00083534 0.000348631 0.000124901 3.94895e-05 1.13245e-05 3.00997e-06 7.53332e-07 1.79599e-07 4.11088e-08 9.06604e-09 1.92141e-09 3.86764e-10 7.20601e-11 1.18087e-11 1.52185e-12 1.09165e-13 0 
0 6.20543e-07 7.77348e-06 4.99354e-05 0.000221282 0.000718437 0.0017449 0.00330441 0.00519685 0.00718868 0.00908832 0.0107402 0.0120192 0.012835 0.0131389 0.0129258 0.0122321 0.0111287 0.00971083 0.0080873 0.00637111 0.00467603 0.0031218 0.00183721 0.000925827 0.000395185 0.000144867 4.69357e-05 1.38486e-05 3.8135e-06 9.98196e-07 2.51558e-07 6.14657e-08 1.45622e-08 3.31786e-09 7.14089e-10 1.40787e-10 2.40979e-11 3.20072e-12 2.3377e-13 0 
0 5.90232e-07 7.38571e-06 4.74396e-05 0.000210592 0.000686647 0.00167793 0.00319715 0.00505236 0.00701233 0.00888648 0.0105208 0.0117916 0.0126096 0.0129258 0.0127343 0.0120695 0.011 0.00961827 0.00803059 0.00634758 0.00468076 0.00314728 0.00187262 0.00095909 0.000418608 0.000157972 5.31177e-05 1.64343e-05 4.80457e-06 1.35223e-06 3.70074e-07 9.85731e-08 2.53568e-08 6.20446e-09 1.4125e-09 2.89828e-10 5.08608e-11 6.83928e-12 5.00737e-13 0 
0 5.12295e-07 6.39095e-06 4.10338e-05 0.000183001 0.000603575 0.00150001 0.00290772 0.00465728 0.0065234 0.00831674 0.00988662 0.0111135 0.0119112 0.0122321 0.0120695 0.0114551 0.0104529 0.00915049 0.00764842 0.00605246 0.00447026 0.00301538 0.00180741 0.00094008 0.000421701 0.000165978 5.9173e-05 1.97467e-05 6.32311e-06 1.96781e-06 5.95524e-07 1.73682e-07 4.80985e-08 1.24239e-08 2.93019e-09 6.1297e-10 1.08284e-10 1.45189e-11 1.05266e-12 0 
0 4.06476e-07 5.04471e-06 3.23491e-05 0.000145169 0.000486913 0.00124196 0.00247571 0.00405694 0.00577333 0.00743731 0.00890195 0.0100535 0.0108108 0.0111287 0.011 0.0104529 0.00954604 0.00835949 0.00698643 0.00552573 0.00407974 0.00275661 0.00166579 0.000885134 0.000413889 0.000173982 6.78755e-05 2.52732e-05 9.11224e-06 3.179e-06 1.0611e-06 3.33652e-07 9.72997e-08 2.59185e-08 6.199e-09 1.2984e-09 2.27544e-10 3.00727e-11 2.13992e-12 0 
0 2.95269e-07 3.63692e-06 2.32527e-05 0.000104975 0.000358962 0.000945733 0.00195743 0.00331513 0.00483252 0.00632628 0.00765253 0.00870334 0.00940336 0.00971083 0.00961827 0.00915049 0.00835949 0.00731734 0.00610849 0.00482407 0.00355969 0.00241483 0.00148235 0.000817669 0.000409123 0.000190111 8.4105e-05 3.58745e-05 1.46973e-05 5.69901e-06 2.0558e-06 6.79797e-07 2.03727e-07 5.47813e-08 1.30535e-08 2.69896e-09 4.64036e-10 5.99313e-11 4.15804e-12 0 
0 1.96636e-07 2.39732e-06 1.5243e-05 6.90814e-05 0.000240624 0.000656358 0.00142036 0.00251107 0.00378619 0.00507518 0.00623686 0.00716756 0.00779716 0.0080873 0.00803059 0.00764842 0.00698643 0.00610849 0.00509052 0.00401556 0.00297053 0.00204076 0.00129507 0.000762816 0.000423569 0.000225619 0.000116016 5.70105e-05 2.62262e-05 1.1055e-05 4.20189e-06 1.42628e-06 4.30079e-07 1.14701e-07 2.68453e-08 5.41798e-09 9.05958e-10 1.13588e-10 7.64605e-12 0 
0 1.20218e-07 1.44651e-06 9.11738e-06 4.13246e-05 0.000146036 0.000411412 0.000932812 0.00173445 0.00273252 0.00378591 0.00476075 0.00555602 0.00610479 0.00637111 0.00634758 0.00605246 0.00552573 0.00482407 0.00401556 0.00317461 0.0023757 0.00168326 0.00113719 0.000742501 0.00047428 0.000296221 0.000177667 9.93724e-05 5.03008e-05 2.25288e-05 8.82044e-06 3.00961e-06 8.966e-07 2.33613e-07 5.30623e-08 1.03569e-08 1.67261e-09 2.02551e-10 1.31815e-11 0 
0 6.75777e-08 8.00121e-07 4.98134e-06 2.24732e-05 8.0065e-05 0.000231357 0.000547345 0.00107237 0.0017784 0.00257137 0.00333802 0.00398288 0.00444065 0.00467603 0.00468076 0.00447026 0.00407974 0.00355969 0.00297053 0.0023757 0.00183225 0.00137944 0.00103027 0.000772376 0.000579283 0.000425055 0.000294422 0.000184935 0.000101562 4.75386e-05 1.87877e-05 6.30343e-06 1.8182e-06 4.55543e-07 9.92823e-08 1.85938e-08 2.88455e-09 3.3619e-10 2.11048e-11 0 
0 3.49878e-08 4.06465e-07 2.49049e-06 1.11272e-05 3.96727e-05 0.000116449 0.000284652 0.000584229 0.00102057 0.0015491 0.00209263 0.00257201 0.00292674 0.0031218 0.00314728 0.00301538 0.00275661 0.00241483 0.00204076 0.00168326 0.00137944 0.00114668 0.000980714 0.000860838 0.000759454 0.000651692 0.000522195 0.000371718 0.000222968 0.000108353 4.21754e-05 1.33981e-05 3.59998e-06 8.42879e-07 1.73403e-07 3.09079e-08 4.58767e-09 5.13606e-10 3.10811e-11 0 
0 1.67174e-08 1.90059e-07 1.14227e-06 5.03026e-06 1.78202e-05 5.25863e-05 0.000131122 0.000278476 0.000508335 0.000808394 0.00113951 0.00144992 0.00169274 0.00183721 0.00187262 0.00180741 0.00166579 0.00148235 0.00129507 0.00113719 0.00103027 0.000980714 0.000980411 0.00101167 0.00105583 0.00109098 0.00106305 0.000895805 0.000598474 0.000300445 0.000111832 3.17601e-05 7.36316e-06 1.50487e-06 2.80957e-07 4.69441e-08 6.64037e-09 7.13932e-10 4.16905e-11 0 
0 7.38768e-09 8.20084e-08 4.82068e-07 2.08394e-06 7.29071e-06 2.14318e-05 5.38299e-05 0.000116567 0.000219262 0.000361585 0.000529032 0.00069615 0.00083534 0.000925827 0.00095909 0.00094008 0.000885134 0.000817669 0.000762816 0.000742501 0.000772376 0.000860838 0.00101167 0.00124241 0.00162116 0.00220635 0.00276276 0.00274161 0.00197563 0.000999476 0.000352913 8.86252e-05 1.68676e-05 2.74309e-06 4.28133e-07 6.46133e-08 8.63755e-09 8.92585e-10 5.04393e-11 0 
0 3.02651e-09 3.27435e-08 1.87821e-07 7.94492e-07 2.73198e-06 7.94331e-06 1.98931e-05 4.33493e-05 8.27955e-05 0.000139624 0.000209709 0.000283421 0.000348631 0.000395185 0.000418608 0.000421701 0.000413889 0.000409123 0.000423569 0.00047428 0.000579283 0.000759454 0.00105583 0.00162116 0.00289041 0.00527734 0.00788495 0.0084666 0.00624034 0.00312024 0.0010597 0.000246492 4.05737e-05 5.22255e-06 6.30502e-07 8.05771e-08 9.98952e-09 9.92797e-10 5.45334e-11 0 
0 1.1521e-09 1.21314e-08 6.77878e-08 2.79934e-07 9.4293e-07 2.69817e-06 6.68937e-06 1.45281e-05 2.78492e-05 4.74345e-05 7.23109e-05 9.95082e-05 0.000124901 0.000144867 0.000157972 0.000165978 0.000173982 0.000190111 0.000225619 0.000296221 0.000425055 0.000651692 0.00109098 0.00220635 0.00527734 0.011449 0.0183365 0.0201676 0.0149284 0.00739899 0.00245899 0.000550645 8.41898e-05 9.32298e-06 8.84446e-07 9.09402e-08 1.01803e-08 9.72858e-10 5.22527e-11 0 
0 4.08438e-10 4.18197e-09 2.27382e-08 9.15261e-08 3.0133e-07 8.45865e-07 2.06655e-06 4.44578e-06 8.48839e-06 1.44799e-05 2.22213e-05 3.09341e-05 3.94895e-05 4.69357e-05 5.31177e-05 5.9173e-05 6.78755e-05 8.4105e-05 0.000116016 0.000177667 0.000294422 0.000522195 0.00106305 0.00276276 0.00788495 0.0183365 0.030024 0.0332497 0.0246354 0.0121682 0.00400608 0.000881248 0.000130232 1.33644e-05 1.08128e-06 9.06831e-08 9.04372e-09 8.3281e-10 4.40658e-11 0 
0 1.35117e-10 1.34458e-09 7.10931e-09 2.78692e-08 8.9565e-08 2.46179e-07 5.91127e-07 1.25527e-06 2.37696e-06 4.04167e-06 6.21608e-06 8.72627e-06 1.13245e-05 1.38486e-05 1.64343e-05 1.97467e-05 2.52732e-05 3.58745e-05 5.70105e-05 9.93724e-05 0.000184935 0.000371718 0.000895805 0.00274161 0.0084666 0.0201676 0.0332497 0.0368974 0.0273449 0.013491 0.00442594 0.000965991 0.000140547 1.39252e-05 1.03657e-06 7.58554e-08 6.89177e-09 6.18333e-10 3.25376e-11 0 
0 4.17735e-11 4.03981e-10 2.07684e-09 7.9264e-09 2.48521e-08 6.68255e-08 1.57503e-07 3.29571e-07 6.17667e-07 1.0447e-06 1.60776e-06 2.27567e-06 3.00997e-06 3.8135e-06 4.80457e-06 6.32311e-06 9.11224e-06 1.46973e-05 2.62262e-05 5.03008e-05 0.000101562 0.000222968 0.000598474 0.00197563 0.00624034 0.0149284 0.0246354 0.0273449 0.0202658 0.0099962 0.00327636 0.000712917 0.000103051 1.00749e-05 7.2723e-07 5.04668e-08 4.42732e-09 3.96084e-10 2.09676e-11 0 
0 1.20801e-11 1.13559e-10 5.67768e-10 2.11004e-09 6.45444e-09 1.69756e-08 3.92577e-08 8.0901e-08 1.4998e-07 2.52256e-07 3.8866e-07 5.5591e-07 7.53332e-07 9.98196e-07 1.35223e-06 1.96781e-06 3.179e-06 5.69901e-06 1.1055e-05 2.25288e-05 4.75386e-05 0.000108353 0.000300445 0.000999476 0.00312024 0.00739899 0.0121682 0.013491 0.0099962 0.00493215 0.0016171 0.000351668 5.07942e-05 4.9749e-06 3.63063e-07 2.60207e-08 2.37773e-09 2.18493e-10 1.1777e-11 0 
0 3.2671e-12 2.98701e-11 1.45326e-10 5.26192e-10 1.57107e-09 4.04306e-09 9.17669e-09 1.86299e-08 3.41796e-08 5.7224e-08 8.84581e-08 1.28398e-07 1.79599e-07 2.51558e-07 3.70074e-07 5.95524e-07 1.0611e-06 2.0558e-06 4.20189e-06 8.82044e-06 1.87877e-05 4.21754e-05 0.000111832 0.000352913 0.0010597 0.00245899 0.00400608 0.00442594 0.00327636 0.0016171 0.000530601 0.000115559 1.67853e-05 1.67632e-06 1.29899e-07 1.05418e-08 1.07556e-09 1.04018e-10 5.76771e-12 0 
0 8.25096e-13 7.34243e-12 3.47911e-11 1.22834e-10 3.58269e-10 9.02851e-10 2.01288e-09 4.02941e-09 7.32555e-09 1.22339e-08 1.9042e-08 2.82188e-08 4.11088e-08 6.14657e-08 9.85731e-08 1.73682e-07 3.33652e-07 6.79797e-07 1.42628e-06 3.00961e-06 6.30343e-06 1.33981e-05 3.17601e-05 8.86252e-05 0.000246492 0.000550645 0.000881248 0.000965991 0.000712917 0.000351668 0.000115559 2.53143e-05 3.74272e-06 3.93724e-07 3.49866e-08 3.53002e-09 4.17303e-10 4.29238e-11 2.4657e-12 0 
0 1.93869e-13 1.68083e-12 7.76482e-12 2.67611e-11 7.63334e-11 1.88586e-10 4.13503e-10 8.17441e-10 1.47569e-09 2.46604e-09 3.88425e-09 5.92089e-09 9.06604e-09 1.45622e-08 2.53568e-08 4.80985e-08 9.72997e-08 2.03727e-07 4.30079e-07 8.966e-07 1.8182e-06 3.59998e-06 7.36316e-06 1.68676e-05 4.05737e-05 8.41898e-05 0.000130232 0.000140547 0.000103051 5.07942e-05 1.67853e-05 3.74272e-06 5.80214e-07 6.89875e-08 7.86838e-09 1.03926e-09 1.41053e-10 1.54065e-11 9.20606e-13 0 
0 4.20873e-14 3.55903e-13 1.60488e-12 5.40624e-12 1.51012e-11 3.66286e-11 7.91175e-11 1.54775e-10 2.78242e-10 4.67259e-10 7.49472e-10 1.18488e-09 1.92141e-09 3.31786e-09 6.20446e-09 1.24239e-08 2.59185e-08 5.47813e-08 1.14701e-07 2.33613e-07 4.55543e-07 8.42879e-07 1.50487e-06 2.74309e-06 5.22255e-06 9.32298e-06 1.33644e-05 1.39252e-05 1.00749e-05 4.9749e-06 1.67632e-06 3.93724e-07 6.89875e-08 1.05139e-08 1.66962e-09 2.77448e-10 4.17035e-11 4.80941e-12 2.99639e-13 0 
0 8.33658e-15 6.88439e-14 3.03433e-13 1.0005e-12 2.74101e-12 6.53861e-12 1.39416e-11 2.70612e-11 4.86261e-11 8.25013e-11 1.35738e-10 2.24312e-10 3.86764e-10 7.14089e-10 1.4125e-09 2.93019e-09 6.199e-09 1.30535e-08 2.68453e-08 5.30623e-08 9.92823e-08 1.73403e-07 2.80957e-07 4.28133e-07 6.30502e-07 8.84446e-07 1.08128e-06 1.03657e-06 7.2723e-07 3.63063e-07 1.29899e-07 3.49866e-08 7.86838e-09 1.66962e-09 3.46952e-10 6.63303e-11 1.07059e-11 1.29808e-12 8.44283e-14 0 
0 1.4725e-15 1.18903e-14 5.12981e-14 1.65821e-13 4.46342e-13 1.04927e-12 2.21398e-12 4.27815e-12 7.71946e-12 1.33161e-11 2.26419e-11 3.93403e-11 7.20601e-11 1.40787e-10 2.89828e-10 6.1297e-10 1.2984e-09 2.69896e-09 5.41798e-09 1.03569e-08 1.85938e-08 3.09079e-08 4.69441e-08 6.46133e-08 8.05771e-08 9.09402e-08 9.06831e-08 7.58554e-08 5.04668e-08 2.60207e-08 1.05418e-08 3.53002e-09 1.03926e-09 2.77448e-10 6.63303e-11 1.37284e-11 2.3431e-12 2.98e-13 2.02414e-14 0 
0 2.21659e-16 1.7526e-15 7.41244e-15 2.353e-14 6.23489e-14 1.44779e-13 3.03218e-13 5.85655e-13 1.067e-12 1.88423e-12 3.333e-12 6.1034e-12 1.18087e-11 2.40979e-11 5.08608e-11 1.08284e-10 2.27544e-10 4.64036e-10 9.05958e-10 1.67261e-09 2.88455e-09 4.58767e-09 6.64037e-09 8.63755e-09 9.98952e-09 1.01803e-08 9.04372e-09 6.89177e-09 4.42732e-09 2.37773e-09 1.07556e-09 4.17303e-10 1.41053e-10 4.17035e-11 1.07059e-11 2.3431e-12 4.20229e-13 5.59632e-14 3.96795e-15 0 
0 2.56151e-17 1.98596e-16 8.24738e-16 2.57571e-15 6.73331e-15 1.54862e-14 3.23073e-14 6.26702e-14 1.15993e-13 2.1109e-13 3.90169e-13 7.51673e-13 1.52185e-12 3.20072e-12 6.83928e-12 1.45189e-11 3.00727e-11 5.99313e-11 1.13588e-10 2.02551e-10 3.3619e-10 5.13606e-10 7.13932e-10 8.92585e-10 9.92797e-10 9.72858e-10 8.3281e-10 6.18333e-10 3.96084e-10 2.18493e-10 1.04018e-10 4.29238e-11 1.54065e-11 4.80941e-12 1.29808e-12 2.98e-13 5.59632e-14 7.78857e-15 5.75803e-16 0 
0 1.62072e-18 1.23396e-17 5.04029e-17 1.55177e-16 4.01189e-16 9.16785e-16 1.91308e-15 3.7472e-15 7.0901e-15 1.33691e-14 2.58513e-14 5.21006e-14 1.09165e-13 2.3377e-13 5.00737e-13 1.05266e-12 2.13992e-12 4.15804e-12 7.64605e-12 1.31815e-11 2.11048e-11 3.10811e-11 4.16905e-11 5.04393e-11 5.45334e-11 5.22527e-11 4.40658e-11 3.25376e-11 2.09676e-11 1.1777e-11 5.76771e-12 2.4657e-12 9.20606e-13 2.99639e-13 8.44283e-14 2.02414e-14 3.96795e-15 5.75803e-16 4.4315e-17 0 
0 0 0 0 0 0 0 0 0 0 0 0 0 0 0 0 0 0 0 0 0 0 0 0 0 0 0 0 0 0 0 0 0 0 0 0 0 0 0 0 0 
