0 0 0 0 0 0 0 0 0 0 0 0 0 0 0 0 0 0 0 0 0 0 0 0 0 0 0 0 0 0 0 0 0 0 0 0 0 0 0 0 0 
0 3.05133e-10 2.88292e-09 1.42911e-08 5.18627e-08 1.52437e-07 3.7901e-07 8.15677e-07 1.54161e-06 2.5861e-06 3.88471e-06 5.2656e-06 6.48364e-06 7.29305e-06 7.52725e-06 7.15122e-06 6.26625e-06 5.06923e-06 3.78675e-06 2.61127e-06 1.66145e-06 9.74997e-07 5.27679e-07 2.63481e-07 1.21484e-07 5.17904e-08 2.04482e-08 7.49066e-09 2.55046e-09 8.08368e-10 2.38733e-10 6.57003e-11 1.68275e-11 3.99769e-12 8.75067e-13 1.74336e-13 3.09016e-14 4.65845e-15 5.38063e-16 3.39627e-17 0 
0 2.88292e-09 2.83401e-08 1.46004e-07 5.48996e-07 1.66408e-06 4.24107e-06 9.29209e-06 1.77561e-05 2.99326e-05 4.49756e-05 6.08125e-05 7.46294e-05 8.37195e-05 8.63136e-05 8.20704e-05 7.20926e-05 5.85154e-05 4.38444e-05 3.02789e-05 1.92406e-05 1.12351e-05 6.02507e-06 2.96817e-06 1.34478e-06 5.61363e-07 2.16406e-07 7.72353e-08 2.55825e-08 7.88087e-09 2.2613e-09 6.0468e-10 1.5055e-10 3.47923e-11 7.41539e-12 1.44002e-12 2.49096e-13 3.66914e-14 4.14608e-15 2.56349e-16 0 
0 1.42911e-08 1.46004e-07 7.80328e-07 3.03055e-06 9.42245e-06 2.44115e-05 5.38205e-05 0.000102476 0.000170791 0.000252561 0.000335816 0.000406296 0.000451593 0.000464237 0.000443067 0.000393003 0.000323563 0.000246504 0.000173065 0.0001115 6.5692e-05 3.53225e-05 1.73301e-05 7.76959e-06 3.19173e-06 1.20553e-06 4.20186e-07 1.35621e-07 4.06569e-08 1.13454e-08 2.95024e-09 7.14565e-10 1.60762e-10 3.33874e-11 6.32488e-12 1.0686e-12 1.53935e-13 1.70335e-14 1.03264e-15 0 
0 5.18627e-08 5.48996e-07 3.03055e-06 1.20726e-05 3.80882e-05 9.87368e-05 0.000214525 0.000397243 0.0006386 0.000909208 0.00116853 0.0013775 0.00150718 0.00154235 0.00148179 0.00133703 0.00112996 0.000889658 0.000647755 0.000432532 0.000262848 0.000144579 7.18289e-05 3.22754e-05 1.31686e-05 4.90483e-06 1.67714e-06 5.29213e-07 1.54769e-07 4.2085e-08 1.06601e-08 2.5155e-09 5.51696e-10 1.11794e-10 2.06862e-11 3.41793e-12 4.82128e-13 5.23091e-14 3.11349e-15 0 
0 1.52437e-07 1.66408e-06 9.42245e-06 3.80882e-05 0.000119935 0.000304027 0.000633406 0.00111035 0.00168477 0.00227685 0.00280743 0.00321501 0.00346025 0.00352503 0.00341037 0.00313396 0.00272771 0.00223526 0.00170887 0.00120441 0.000772332 0.000445334 0.000229207 0.000105177 4.32218e-05 1.60318e-05 5.41439e-06 1.67825e-06 4.80514e-07 1.27686e-07 3.15803e-08 7.27572e-09 1.55857e-09 3.08712e-10 5.5893e-11 9.04663e-12 1.25164e-12 1.3337e-13 7.80685e-15 0 
0 3.7901e-07 4.24107e-06 2.44115e-05 9.87368e-05 0.000304027 0.000734993 0.00143452 0.00234593 0.00334693 0.0043111 0.00513795 0.00575669 0.00612341 0.00621897 0.00604705 0.00563156 0.00501321 0.00424583 0.00339339 0.00252817 0.00172735 0.00106257 0.00057912 0.000277296 0.000116829 4.37168e-05 1.47132e-05 4.50756e-06 1.26923e-06 3.30755e-07 8.01149e-08 1.80682e-08 3.78954e-09 7.35354e-10 1.30549e-10 2.0742e-11 2.82048e-12 2.95766e-13 1.70612e-14 0 
0 8.15677e-07 9.29209e-06 5.38205e-05 0.000214525 0.000633406 0.00143452 0.00260282 0.00399083 0.00542335 0.00675594 0.00787912 0.00871278 0.00920508 0.00933318 0.00910276 0.0085452 0.00771273 0.00667222 0.00549951 0.00427589 0.00308808 0.00202842 0.00118335 0.000601416 0.00026442 0.000101276 3.43226e-05 1.04682e-05 2.9139e-06 7.47701e-07 1.7797e-07 3.941e-08 8.11548e-09 1.54687e-09 2.69964e-10 4.2209e-11 5.65492e-12 5.85045e-13 3.33449e-14 0 
0 1.54161e-06 1.77561e-05 0.000102476 0.000397243 0.00111035 0.00234593 0.00399083 0.00583066 0.0076731 0.0093661 0.0107869 0.0118403 0.0124628 0.012626 0.0123371 0.0116356 0.0105869 0.00927432 0.00778976 0.00622712 0.0046792 0.00324141 0.00201573 0.00109372 0.000507949 0.000201726 6.95629e-05 2.12813e-05 5.88834e-06 1.49419e-06 3.5078e-07 7.65244e-08 1.55204e-08 2.91461e-09 5.0152e-10 7.73918e-11 1.02466e-11 1.0492e-12 5.92868e-14 0 
0 2.5861e-06 2.99326e-05 0.000170791 0.0006386 0.00168477 0.00334693 0.00542335 0.0076731 0.00990011 0.01194 0.0136513 0.0149211 0.0156731 0.015873 0.0155291 0.0146889 0.0134309 0.0118552 0.0100717 0.00819043 0.00631474 0.00454163 0.00297127 0.00171145 0.000842144 0.000349565 0.000123691 3.82172e-05 1.05666e-05 2.66305e-06 6.18972e-07 1.33503e-07 2.67604e-08 4.96825e-09 8.45833e-10 1.29292e-10 1.69824e-11 1.72831e-12 9.72819e-14 0 
0 3.88471e-06 4.49756e-05 0.000252561 0.000909208 0.00227685 0.0043111 0.00675594 0.0093661 0.01194 0.0142966 0.0162749 0.0177449 0.0186182 0.0188547 0.0184636 0.0174992 0.016052 0.0142373 0.0121824 0.0100135 0.00784688 0.00578522 0.00392486 0.00237139 0.00122978 0.00053428 0.000194894 6.11236e-05 1.6964e-05 4.26352e-06 9.84919e-07 2.10833e-07 4.19307e-08 7.72753e-09 1.30731e-09 1.98885e-10 2.60529e-11 2.65109e-12 1.49662e-13 0 
0 5.2656e-06 6.08125e-05 0.000335816 0.00116853 0.00280743 0.00513795 0.00787912 0.0107869 0.0136513 0.0162749 0.0184797 0.0201208 0.0210995 0.0213706 0.0209435 0.0198782 0.0182749 0.0162617 0.0139799 0.0115703 0.00916137 0.00686341 0.00477196 0.00298562 0.00161547 0.000731322 0.000275091 8.78008e-05 2.45433e-05 6.17423e-06 1.42325e-06 3.03668e-07 6.02027e-08 1.10706e-08 1.87196e-09 2.85332e-10 3.75644e-11 3.85602e-12 2.20532e-13 0 
0 6.48364e-06 7.46294e-05 0.000406296 0.0013775 0.00321501 0.00575669 0.00871278 0.0118403 0.0149211 0.0177449 0.0201208 0.0218928 0.0229544 0.023256 0.0228072 0.0216714 0.0199558 0.0177977 0.0153489 0.0127607 0.0101715 0.00769843 0.00543839 0.0034844 0.00194505 0.000910149 0.000351828 0.000114299 3.22546e-05 8.15078e-06 1.88325e-06 4.0263e-07 8.00655e-08 1.47984e-08 2.52262e-09 3.8913e-10 5.20851e-11 5.46358e-12 3.20939e-13 0 
0 7.29305e-06 8.37195e-05 0.000451593 0.00150718 0.00346025 0.00612341 0.00920508 0.0124628 0.0156731 0.0186182 0.0210995 0.0229544 0.0240712 0.0243978 0.0239428 0.0227715 0.0209947 0.0187546 0.0162091 0.0135158 0.0108189 0.00824013 0.00587822 0.00382288 0.0021786 0.00104394 0.0004124 0.000136183 3.88695e-05 9.90774e-06 2.30809e-06 4.98203e-07 1.003e-07 1.88429e-08 3.28119e-09 5.19982e-10 7.19181e-11 7.83537e-12 4.79749e-13 0 
0 7.52725e-06 8.63136e-05 0.000464237 0.00154235 0.00352503 0.00621897 0.00933318 0.012626 0.015873 0.0188547 0.0213706 0.023256 0.0243978 0.024742 0.0242967 0.0231265 0.0213426 0.0190879 0.0165212 0.0138017 0.0110753 0.00846534 0.00607094 0.00398041 0.00229529 0.0011164 0.000448101 0.00015022 4.34941e-05 1.1254e-05 2.66788e-06 5.88434e-07 1.21724e-07 2.365e-08 4.28794e-09 7.11737e-10 1.03518e-10 1.18731e-11 7.63669e-13 0 
0 7.15122e-06 8.20704e-05 0.000443067 0.00148179 0.00341037 0.00604705 0.00910276 0.0123371 0.0155291 0.0184636 0.0209435 0.0228072 0.0239428 0.0242967 0.0238756 0.0227421 0.0210041 0.018801 0.0162881 0.0136214 0.010944 0.00837723 0.0060194 0.00395813 0.0022936 0.00112467 0.000456958 0.000155731 4.60463e-05 1.22337e-05 2.99806e-06 6.89026e-07 1.49751e-07 3.07919e-08 5.93609e-09 1.04855e-09 1.61745e-10 1.95369e-11 1.3109e-12 0 
0 6.26625e-06 7.20926e-05 0.000393003 0.00133703 0.00313396 0.00563156 0.0085452 0.0116356 0.0146889 0.0174992 0.0198782 0.0216714 0.0227715 0.0231265 0.0227421 0.0216768 0.0200327 0.0179419 0.0155521 0.0130114 0.0104563 0.0080032 0.00574748 0.00377647 0.00218951 0.00107915 0.000444441 0.000155176 4.75423e-05 1.32403e-05 3.44023e-06 8.46628e-07 1.98291e-07 4.39854e-08 9.104e-09 1.71004e-09 2.77028e-10 3.46813e-11 2.38236e-12 0 
0 5.06923e-06 5.85154e-05 0.000323563 0.00112996 0.00272771 0.00501321 0.00771273 0.0105869 0.0134309 0.016052 0.0182749 0.0199558 0.0209947 0.0213426 0.0210041 0.0200327 0.0185224 0.0165951 0.0143872 0.0120359 0.00966761 0.00739088 0.00529693 0.00347235 0.00201373 0.00100135 0.000422506 0.000154046 5.02315e-05 1.51331e-05 4.30031e-06 1.16106e-06 2.96722e-07 7.09283e-08 1.55636e-08 3.04693e-09 5.06577e-10 6.4255e-11 4.42755e-12 0 
0 3.78675e-06 4.38444e-05 0.000246504 0.000889658 0.00223526 0.00424583 0.00667222 0.00927432 0.0118552 0.0142373 0.0162617 0.0177977 0.0187546 0.0190879 0.018801 0.0179419 0.0165951 0.0148703 0.0128904 0.0107788 0.00864995 0.00660282 0.00472337 0.00309561 0.0018078 0.000920413 0.000407883 0.000160621 5.78615e-05 1.94767e-05 6.16904e-06 1.83039e-06 5.03409e-07 1.26645e-07 2.86656e-08 5.69552e-09 9.49276e-10 1.19643e-10 8.14199e-12 0 
0 2.61127e-06 3.02789e-05 0.000173065 0.000647755 0.00170887 0.00339339 0.00549951 0.00778976 0.0100717 0.0121824 0.0139799 0.0153489 0.0162091 0.0165212 0.0162881 0.0155521 0.0143872 0.0128904 0.0111696 0.00933393 0.00748448 0.00571042 0.00409128 0.00270388 0.00161857 0.000869126 0.000420852 0.000186556 7.65912e-05 2.91382e-05 1.01904e-05 3.24307e-06 9.30892e-07 2.39045e-07 5.43252e-08 1.07132e-08 1.75874e-09 2.17286e-10 1.44543e-11 0 
0 1.66145e-06 1.92406e-05 0.0001115 0.000432532 0.00120441 0.00252817 0.00427589 0.00622712 0.00819043 0.0100135 0.0115703 0.0127607 0.0135158 0.0138017 0.0136214 0.0130114 0.0120359 0.0107788 0.00933393 0.00779606 0.00625412 0.00478768 0.0034675 0.0023548 0.00149113 0.000880584 0.000485919 0.000249367 0.000117281 4.96186e-05 1.86138e-05 6.1492e-06 1.78654e-06 4.56288e-07 1.01978e-07 1.96434e-08 3.1382e-09 3.76673e-10 2.4335e-11 0 
0 9.74997e-07 1.12351e-05 6.5692e-05 0.000262848 0.000772332 0.00172735 0.00308808 0.0046792 0.00631474 0.00784688 0.00916137 0.0101715 0.0108189 0.0110753 0.010944 0.0104563 0.00966761 0.00864995 0.00748448 0.00625412 0.0050375 0.00390463 0.00291219 0.00209592 0.00146191 0.000987123 0.000635519 0.000378385 0.000200786 9.20974e-05 3.59651e-05 1.19675e-05 3.42668e-06 8.52152e-07 1.8435e-07 3.42892e-08 5.28741e-09 6.13057e-10 3.83177e-11 0 
0 5.27679e-07 6.02507e-06 3.53225e-05 0.000144579 0.000445334 0.00106257 0.00202842 0.00324141 0.00454163 0.00578522 0.00686341 0.00769843 0.00824013 0.00846534 0.00837723 0.0080032 0.00739088 0.00660282 0.00571042 0.00478768 0.00390463 0.00311924 0.00246755 0.00195494 0.00155598 0.00122737 0.000928091 0.000639769 0.000379903 0.000185749 7.34207e-05 2.37386e-05 6.46745e-06 1.52496e-06 3.14099e-07 5.58825e-08 8.27192e-09 9.23546e-10 5.57524e-11 0 
0 2.63481e-07 2.96817e-06 1.73301e-05 7.18289e-05 0.000229207 0.00057912 0.00118335 0.00201573 0.00297127 0.00392486 0.00477196 0.00543839 0.00587822 0.00607094 0.0060194 0.00574748 0.00529693 0.00472337 0.00409128 0.0034675 0.00291219 0.00246755 0.00214788 0.00193873 0.00180973 0.0017202 0.00158909 0.00130685 0.000873123 0.000447065 0.000172287 5.11246e-05 1.23936e-05 2.6204e-06 4.97766e-07 8.36127e-08 1.18312e-08 1.27078e-09 7.41221e-11 0 
0 1.21484e-07 1.34478e-06 7.76959e-06 3.22754e-05 0.000105177 0.000277296 0.000601416 0.00109372 0.00171145 0.00237139 0.00298562 0.0034844 0.00382288 0.00398041 0.00395813 0.00377647 0.00347235 0.00309561 0.00270388 0.0023548 0.00209592 0.00195494 0.00193873 0.00206087 0.00240232 0.00304609 0.00369571 0.00363203 0.00262269 0.00134475 0.000488385 0.000128192 2.5891e-05 4.49464e-06 7.36159e-07 1.13458e-07 1.52499e-08 1.57699e-09 8.9091e-11 0 
0 5.17904e-08 5.61363e-07 3.19173e-06 1.31686e-05 4.32218e-05 0.000116829 0.00026442 0.000507949 0.000842144 0.00122978 0.00161547 0.00194505 0.0021786 0.00229529 0.0022936 0.00218951 0.00201373 0.0018078 0.00161857 0.00149113 0.00146191 0.00155598 0.00180973 0.00240232 0.0039115 0.00691392 0.0102487 0.0109861 0.0081013 0.00406513 0.00139668 0.000333483 5.74277e-05 7.92086e-06 1.0345e-06 1.38882e-07 1.74954e-08 1.74431e-09 9.5858e-11 0 
0 2.04482e-08 2.16406e-07 1.20553e-06 4.90483e-06 1.60318e-05 4.37168e-05 0.000101276 0.000201726 0.000349565 0.00053428 0.000731322 0.000910149 0.00104394 0.0011164 0.00112467 0.00107915 0.00100135 0.000920413 0.000869126 0.000880584 0.000987123 0.00122737 0.0017202 0.00304609 0.00691392 0.0148495 0.0237424 0.026105 0.0193251 0.00958518 0.00319687 0.000724839 0.000113915 1.32859e-05 1.37135e-06 1.52691e-07 1.76778e-08 1.70186e-09 9.15219e-11 0 
0 7.49066e-09 7.72353e-08 4.20186e-07 1.67714e-06 5.41439e-06 1.47132e-05 3.43226e-05 6.95629e-05 0.000123691 0.000194894 0.000275091 0.000351828 0.0004124 0.000448101 0.000456958 0.000444441 0.000422506 0.000407883 0.000420852 0.000485919 0.000635519 0.000928091 0.00158909 0.00369571 0.0102487 0.0237424 0.0388536 0.0430236 0.031878 0.0157493 0.00519193 0.00114929 0.000172748 1.83755e-05 1.59933e-06 1.47779e-07 1.55581e-08 1.45173e-09 7.69796e-11 0 
0 2.55046e-09 2.55825e-08 1.35621e-07 5.29213e-07 1.67825e-06 4.50756e-06 1.04682e-05 2.12813e-05 3.82172e-05 6.11236e-05 8.78008e-05 0.000114299 0.000136183 0.00015022 0.000155731 0.000155176 0.000154046 0.000160621 0.000186556 0.000249367 0.000378385 0.000639769 0.00130685 0.00363203 0.0109861 0.026105 0.0430236 0.0477405 0.0353815 0.0174585 0.00573224 0.00125632 0.000184977 1.8823e-05 1.48982e-06 1.20657e-07 1.17583e-08 1.07491e-09 5.67317e-11 0 
0 8.08368e-10 7.88087e-09 4.06569e-08 1.54769e-07 4.80514e-07 1.26923e-06 2.9139e-06 5.88834e-06 1.05666e-05 1.6964e-05 2.45433e-05 3.22546e-05 3.88695e-05 4.34941e-05 4.60463e-05 4.75423e-05 5.02315e-05 5.78615e-05 7.65912e-05 0.000117281 0.000200786 0.000379903 0.000873123 0.00262269 0.0081013 0.0193251 0.031878 0.0353815 0.0262223 0.0129365 0.00424389 0.00092701 0.000135339 1.35359e-05 1.03316e-06 7.93738e-08 7.52128e-09 6.87387e-10 3.65088e-11 0 
0 2.38733e-10 2.2613e-09 1.13454e-08 4.2085e-08 1.27686e-07 3.30755e-07 7.47701e-07 1.49419e-06 2.66305e-06 4.26352e-06 6.17423e-06 8.15078e-06 9.90774e-06 1.1254e-05 1.22337e-05 1.32403e-05 1.51331e-05 1.94767e-05 2.91382e-05 4.96186e-05 9.20974e-05 0.000185749 0.000447065 0.00134475 0.00406513 0.00958518 0.0157493 0.0174585 0.0129365 0.00638518 0.00209666 0.000457987 6.68037e-05 6.69441e-06 5.17528e-07 4.11075e-08 4.04455e-09 3.78974e-10 2.04874e-11 0 
0 6.57003e-11 6.0468e-10 2.95024e-09 1.06601e-08 3.15803e-08 8.01149e-08 1.7797e-07 3.5078e-07 6.18972e-07 9.84919e-07 1.42325e-06 1.88325e-06 2.30809e-06 2.66788e-06 2.99806e-06 3.44023e-06 4.30031e-06 6.16904e-06 1.01904e-05 1.86138e-05 3.59651e-05 7.34207e-05 0.000172287 0.000488385 0.00139668 0.00319687 0.00519193 0.00573224 0.00424389 0.00209666 0.000689739 0.000151042 2.21915e-05 2.27838e-06 1.88796e-07 1.69747e-08 1.83985e-09 1.80463e-10 1.00276e-11 0 
0 1.68275e-11 1.5055e-10 7.14565e-10 2.5155e-09 7.27572e-09 1.80682e-08 3.941e-08 7.65244e-08 1.33503e-07 2.10833e-07 3.03668e-07 4.0263e-07 4.98203e-07 5.88434e-07 6.89026e-07 8.46628e-07 1.16106e-06 1.83039e-06 3.24307e-06 6.1492e-06 1.19675e-05 2.37386e-05 5.11246e-05 0.000128192 0.000333483 0.000724839 0.00114929 0.00125632 0.00092701 0.000457987 0.000151042 3.33303e-05 5.00859e-06 5.4804e-07 5.28573e-08 5.84309e-09 7.1859e-10 7.45049e-11 4.28507e-12 0 
0 3.99769e-12 3.47923e-11 1.60762e-10 5.51696e-10 1.55857e-09 3.78954e-09 8.11548e-09 1.55204e-08 2.67604e-08 4.19307e-08 6.02027e-08 8.00655e-08 1.003e-07 1.21724e-07 1.49751e-07 1.98291e-07 2.96722e-07 5.03409e-07 9.30892e-07 1.78654e-06 3.42668e-06 6.46745e-06 1.23936e-05 2.5891e-05 5.74277e-05 0.000113915 0.000172748 0.000184977 0.000135339 6.68037e-05 2.21915e-05 5.00859e-06 7.98299e-07 1.00732e-07 1.25508e-08 1.76396e-09 2.44062e-10 2.67502e-11 1.59945e-12 0 
0 8.75067e-13 7.41539e-12 3.33874e-11 1.11794e-10 3.08712e-10 7.35354e-10 1.54687e-09 2.91461e-09 4.96825e-09 7.72753e-09 1.10706e-08 1.47984e-08 1.88429e-08 2.365e-08 3.07919e-08 4.39854e-08 7.09283e-08 1.26645e-07 2.39045e-07 4.56288e-07 8.52152e-07 1.52496e-06 2.6204e-06 4.49464e-06 7.92086e-06 1.32859e-05 1.83755e-05 1.8823e-05 1.35359e-05 6.69441e-06 2.27838e-06 5.4804e-07 1.00732e-07 1.65161e-08 2.79698e-09 4.77955e-10 7.23291e-11 8.3514e-12 5.20483e-13 0 
0 1.74336e-13 1.44002e-12 6.32488e-12 2.06862e-11 5.5893e-11 1.30549e-10 2.69964e-10 5.0152e-10 8.45833e-10 1.30731e-09 1.87196e-09 2.52262e-09 3.28119e-09 4.28794e-09 5.93609e-09 9.104e-09 1.55636e-08 2.86656e-08 5.43252e-08 1.01978e-07 1.8435e-07 3.14099e-07 4.97766e-07 7.36159e-07 1.0345e-06 1.37135e-06 1.59933e-06 1.48982e-06 1.03316e-06 5.17528e-07 1.88796e-07 5.28573e-08 1.25508e-08 2.79698e-09 5.9633e-10 1.14931e-10 1.85831e-11 2.25407e-12 1.46635e-13 0 
0 3.09016e-14 2.49096e-13 1.0686e-12 3.41793e-12 9.04663e-12 2.0742e-11 4.2209e-11 7.73918e-11 1.29292e-10 1.98885e-10 2.85332e-10 3.8913e-10 5.19982e-10 7.11737e-10 1.04855e-09 1.71004e-09 3.04693e-09 5.69552e-09 1.07132e-08 1.96434e-08 3.42892e-08 5.58825e-08 8.36127e-08 1.13458e-07 1.38882e-07 1.52691e-07 1.47779e-07 1.20657e-07 7.93738e-08 4.11075e-08 1.69747e-08 5.84309e-09 1.76396e-09 4.77955e-10 1.14931e-10 2.38256e-11 4.06799e-12 5.17456e-13 3.51523e-14 0 
0 4.65845e-15 3.66914e-14 1.53935e-13 4.82128e-13 1.25164e-12 2.82048e-12 5.65492e-12 1.02466e-11 1.69824e-11 2.60529e-11 3.75644e-11 5.20851e-11 7.19181e-11 1.03518e-10 1.61745e-10 2.77028e-10 5.06577e-10 9.49276e-10 1.75874e-09 3.1382e-09 5.28741e-09 8.27192e-09 1.18312e-08 1.52499e-08 1.74954e-08 1.76778e-08 1.55581e-08 1.17583e-08 7.52128e-09 4.04455e-09 1.83985e-09 7.1859e-10 2.44062e-10 7.23291e-11 1.85831e-11 4.06799e-12 7.29646e-13 9.71764e-14 6.89068e-15 0 
0 5.38063e-16 4.14608e-15 1.70335e-14 5.23091e-14 1.3337e-13 2.95766e-13 5.85045e-13 1.0492e-12 1.72831e-12 2.65109e-12 3.85602e-12 5.46358e-12 7.83537e-12 1.18731e-11 1.95369e-11 3.46813e-11 6.4255e-11 1.19643e-10 2.17286e-10 3.76673e-10 6.13057e-10 9.23546e-10 1.27078e-09 1.57699e-09 1.74431e-09 1.70186e-09 1.45173e-09 1.07491e-09 6.87387e-10 3.78974e-10 1.80463e-10 7.45049e-11 2.67502e-11 8.3514e-12 2.25407e-12 5.17456e-13 9.71764e-14 1.35247e-14 9.99928e-16 0 
0 3.39627e-17 2.56349e-16 1.03264e-15 3.11349e-15 7.80685e-15 1.70612e-14 3.33449e-14 5.92868e-14 9.72819e-14 1.49662e-13 2.20532e-13 3.20939e-13 4.79749e-13 7.63669e-13 1.3109e-12 2.38236e-12 4.42755e-12 8.14199e-12 1.44543e-11 2.4335e-11 3.83177e-11 5.57524e-11 7.41221e-11 8.9091e-11 9.5858e-11 9.15219e-11 7.69796e-11 5.67317e-11 3.65088e-11 2.04874e-11 1.00276e-11 4.28507e-12 1.59945e-12 5.20483e-13 1.46635e-13 3.51523e-14 6.89068e-15 9.99928e-16 7.69582e-17 0 
0 0 0 0 0 0 0 0 0 0 0 0 0 0 0 0 0 0 0 0 0 0 0 0 0 0 0 0 0 0 0 0 0 0 0 0 0 0 0 0 0 
