0 0 0 0 0 0 0 0 0 0 0 0 0 0 0 0 0 0 0 0 0 0 0 0 0 0 0 0 0 0 0 0 0 0 0 0 0 0 0 0 0 
0 2.07943e-07 1.87804e-06 8.49981e-06 2.67517e-05 6.50353e-05 0.000129212 0.000218652 0.000325866 0.000439307 0.00054679 0.000637834 0.00070474 0.000742855 0.000750443 0.00072839 0.000679832 0.000609747 0.000524486 0.000431236 0.000337377 0.000249731 0.00017375 0.000112819 6.78775e-05 3.75927e-05 1.9063e-05 8.8184e-06 3.71444e-06 1.42417e-06 4.97367e-07 1.58343e-07 4.5962e-08 1.21454e-08 2.90813e-09 6.24563e-10 1.17842e-10 1.87073e-11 2.25481e-12 1.47396e-13 0 
0 1.87804e-06 1.74758e-05 7.93348e-05 0.000241665 0.000550026 0.00100259 0.00155024 0.0021285 0.00268185 0.00316943 0.00356268 0.00384256 0.00399846 0.00402764 0.00393479 0.00373104 0.00343269 0.00305968 0.00263433 0.0021805 0.00172326 0.00128846 0.000901228 0.000582384 0.00034344 0.000182936 8.74359e-05 3.74141e-05 1.43546e-05 4.95669e-06 1.54697e-06 4.37769e-07 1.12418e-07 2.612e-08 5.44174e-09 9.96508e-10 1.53694e-10 1.80221e-11 1.14787e-12 0 
0 8.49981e-06 7.93348e-05 0.000345003 0.000958175 0.00193545 0.00314603 0.00444353 0.00572637 0.00692207 0.00796944 0.0088156 0.00941956 0.00975607 0.00981749 0.00961371 0.00917004 0.00852378 0.00771982 0.00680595 0.00582847 0.00482918 0.00384483 0.00290988 0.00206128 0.00134022 0.000783322 0.000404454 0.000182738 7.22392e-05 2.51606e-05 7.79635e-06 2.16783e-06 5.43679e-07 1.22985e-07 2.49155e-08 4.43685e-09 6.65963e-10 7.60898e-11 4.72903e-12 0 
0 2.67517e-05 0.000241665 0.000958175 0.00233787 0.00419776 0.00630115 0.00850534 0.0106994 0.0127674 0.014594 0.016077 0.0171384 0.0177301 0.0178373 0.0174772 0.0166951 0.0155588 0.0141502 0.012558 0.0108688 0.00916044 0.00749628 0.00592212 0.00446912 0.00316498 0.00204979 0.00117748 0.000584125 0.000246975 8.93093e-05 2.80176e-05 7.75014e-06 1.91316e-06 4.2354e-07 8.37533e-08 1.45463e-08 2.13011e-09 2.37658e-10 1.44418e-11 0 
0 6.50353e-05 0.000550026 0.00193545 0.00419776 0.00700138 0.0101444 0.0134784 0.0168275 0.0199985 0.0228052 0.0250863 0.0267196 0.0276301 0.0277947 0.0272396 0.0260351 0.024286 0.0221198 0.0196742 0.0170856 0.014478 0.0119557 0.0095964 0.00744804 0.00553091 0.0038527 0.00243829 0.0013467 0.000626877 0.000242626 7.89105e-05 2.20612e-05 5.4146e-06 1.18093e-06 2.29017e-07 3.89362e-08 5.57946e-09 6.09479e-10 3.62969e-11 0 
0 0.000129212 0.00100259 0.00314603 0.00630115 0.0101444 0.0144991 0.0191505 0.0238353 0.0282758 0.0322079 0.0354044 0.0376933 0.0389695 0.0391999 0.0384215 0.0367332 0.0342819 0.0312467 0.0278214 0.024198 0.0205521 0.0170327 0.0137542 0.0107925 0.00818302 0.00592429 0.00399873 0.00241765 0.00124576 0.000526661 0.000181559 5.21768e-05 1.28759e-05 2.78711e-06 5.32852e-07 8.90387e-08 1.25274e-08 1.3437e-09 7.86273e-11 0 
0 0.000218652 0.00155024 0.00444353 0.00850534 0.0134784 0.0191505 0.0252223 0.031342 0.0371443 0.0422831 0.0464618 0.0494571 0.0511306 0.0514333 0.050412 0.0482007 0.0449951 0.0410283 0.0365527 0.0318193 0.0270585 0.0224661 0.0181939 0.0143458 0.0109766 0.00809294 0.00566091 0.00363953 0.00204306 0.000946242 0.000350657 0.000105104 2.63607e-05 5.70475e-06 1.08087e-06 1.78242e-07 2.47072e-08 2.60999e-09 1.50465e-10 0 
0 0.000325866 0.0021285 0.00572637 0.0106994 0.0168275 0.0238353 0.031342 0.0389097 0.0460858 0.0524466 0.0576474 0.0614368 0.0636043 0.0640031 0.0626699 0.0598393 0.0558184 0.0508957 0.0453586 0.0395056 0.0336198 0.0279439 0.0226667 0.0179189 0.0137728 0.0102449 0.00730063 0.00487078 0.00290887 0.00145891 0.000582708 0.000183802 4.72514e-05 1.02888e-05 1.94117e-06 3.17131e-07 4.34531e-08 4.53408e-09 2.58206e-10 0 
0 0.000439307 0.00268185 0.00692207 0.0127674 0.0199985 0.0282758 0.0371443 0.0460858 0.0545719 0.0621523 0.0685248 0.0733385 0.0761127 0.0766252 0.0749326 0.0713007 0.0662543 0.0602938 0.0537166 0.0467977 0.0398444 0.0331402 0.0269087 0.0213053 0.0164175 0.0122701 0.00883073 0.00601859 0.00374445 0.00199752 0.000853822 0.000283961 7.51888e-05 1.65492e-05 3.12116e-06 5.06864e-07 6.8859e-08 7.11693e-09 4.01389e-10 0 
0 0.00054679 0.00316943 0.00796944 0.014594 0.0228052 0.0322079 0.0422831 0.0524466 0.0621523 0.0710381 0.0786045 0.0838651 0.0865687 0.0870579 0.0854822 0.0817397 0.0759125 0.068801 0.06116 0.053264 0.0453618 0.037746 0.0306684 0.0243057 0.0187589 0.0140588 0.0101743 0.0070199 0.00448159 0.00249853 0.00112864 0.000394032 0.000107531 2.39795e-05 4.53304e-06 7.33743e-07 9.90953e-08 1.01708e-08 5.69474e-10 0 
0 0.000637834 0.00356268 0.0088156 0.016077 0.0250863 0.0354044 0.0464618 0.0576474 0.0685248 0.0786045 0.0863145 0.0909196 0.0931718 0.0935911 0.0923092 0.0891558 0.0837116 0.0760154 0.0673365 0.0585453 0.0498539 0.0414955 0.0337291 0.0267484 0.0206645 0.0155129 0.0112631 0.00782681 0.00507643 0.00291518 0.00137211 0.000498502 0.000139766 3.15778e-05 5.99167e-06 9.68615e-07 1.30339e-07 1.3315e-08 7.41791e-10 0 
0 0.00070474 0.00384256 0.00941956 0.0171384 0.0267196 0.0376933 0.0494571 0.0614368 0.0733385 0.0838651 0.0909196 0.0949568 0.0969508 0.0973336 0.0962122 0.0934503 0.0886307 0.0812197 0.0719245 0.062374 0.0530811 0.0441871 0.0359267 0.0285025 0.0220331 0.0165571 0.012044 0.0084038 0.00550153 0.00321813 0.00155712 0.00058229 0.000166721 3.80855e-05 7.25513e-06 1.17296e-06 1.57553e-07 1.60529e-08 8.91713e-10 0 
0 0.000742855 0.00399846 0.00975607 0.0177301 0.0276301 0.0389695 0.0511306 0.0636043 0.0761127 0.0865687 0.0931718 0.0969508 0.0988329 0.0992005 0.09815 0.095563 0.091062 0.0840048 0.0745658 0.0645518 0.0548943 0.0456976 0.0371609 0.0294884 0.0228031 0.0171453 0.0124844 0.00872951 0.00574229 0.00339226 0.00166705 0.000634197 0.00018401 4.23551e-05 8.09546e-06 1.31007e-06 1.75932e-07 1.79125e-08 9.94108e-10 0 
0 0.000750443 0.00402764 0.00981749 0.0178373 0.0277947 0.0391999 0.0514333 0.0640031 0.0766252 0.0870579 0.0935911 0.0973336 0.0992005 0.099567 0.0985278 0.0959678 0.0915167 0.0845236 0.0750716 0.0649689 0.0552407 0.0459879 0.0373999 0.0296812 0.0229555 0.0172635 0.0125748 0.0087985 0.00579586 0.00343382 0.00169551 0.000648708 0.000189161 4.36943e-05 8.37075e-06 1.3568e-06 1.8244e-07 1.85967e-08 1.03328e-09 0 
0 0.00072839 0.00393479 0.00961371 0.0174772 0.0272396 0.0384215 0.050412 0.0626699 0.0749326 0.0854822 0.0923092 0.0962122 0.09815 0.0985278 0.0974473 0.094783 0.0901397 0.0829072 0.0734926 0.0636707 0.0541697 0.0451007 0.0366791 0.0291093 0.0225127 0.0169292 0.0123287 0.00862143 0.00567066 0.00334873 0.00164526 0.00062637 0.000182129 4.20567e-05 8.06866e-06 1.31102e-06 1.76806e-07 1.80815e-08 1.00818e-09 0 
0 0.000679832 0.00373104 0.00917004 0.0166951 0.0260351 0.0367332 0.0482007 0.0598393 0.0713007 0.0817397 0.0891558 0.0934503 0.095563 0.0959678 0.094783 0.0918597 0.0867664 0.0791617 0.070084 0.0608616 0.051824 0.0431515 0.035093 0.0278485 0.0215343 0.0161882 0.0117807 0.00822374 0.00538556 0.00315161 0.00152717 0.000573275 0.000165179 3.80301e-05 7.30669e-06 1.19188e-06 1.61587e-07 1.66247e-08 9.32968e-10 0 
0 0.000609747 0.00343269 0.00852378 0.0155588 0.024286 0.0342819 0.0449951 0.0558184 0.0662543 0.0759125 0.0837116 0.0886307 0.091062 0.0915167 0.0901397 0.0867664 0.0811061 0.073562 0.06528 0.0568244 0.0484131 0.0403125 0.0327826 0.026012 0.0201092 0.0151091 0.0109823 0.0076434 0.00496899 0.00286556 0.00135944 0.000499956 0.000142276 3.26529e-05 6.29391e-06 1.03374e-06 1.41384e-07 1.46899e-08 8.33018e-10 0 
0 0.000524486 0.00305968 0.00771982 0.0141502 0.0221198 0.0312467 0.0410283 0.0508957 0.0602938 0.068801 0.0760154 0.0812197 0.0840048 0.0845236 0.0829072 0.0791617 0.073562 0.0668267 0.0594967 0.0518541 0.0441872 0.0367937 0.0299199 0.023738 0.0183465 0.013776 0.00999729 0.00692852 0.00445882 0.00252287 0.00116698 0.000419875 0.000118216 2.71469e-05 5.27466e-06 8.76816e-07 1.21613e-07 1.28252e-08 7.38345e-10 0 
0 0.000431236 0.00263433 0.00680595 0.012558 0.0196742 0.0278214 0.0365527 0.0453586 0.0537166 0.06116 0.0673365 0.0719245 0.0745658 0.0750716 0.0734926 0.070084 0.06528 0.0594967 0.0530516 0.0462533 0.0394168 0.0328228 0.0266918 0.021177 0.0163653 0.0122821 0.00889799 0.00613627 0.00390415 0.00216672 0.000980413 0.000347687 9.77697e-05 2.2674e-05 4.47777e-06 7.5867e-07 1.0733e-07 1.15404e-08 6.76675e-10 0 
0 0.000337377 0.0021805 0.00582847 0.0108688 0.0170856 0.024198 0.0318193 0.0395056 0.0467977 0.053264 0.0585453 0.062374 0.0645518 0.0649689 0.0636707 0.0608616 0.0568244 0.0518541 0.0462533 0.0403296 0.0343715 0.0286256 0.0232838 0.018479 0.0142855 0.0107231 0.00776235 0.00533527 0.00337005 0.00185291 0.000834271 0.000297592 8.50944e-05 2.01914e-05 4.08617e-06 7.08653e-07 1.02379e-07 1.12103e-08 6.67493e-10 0 
0 0.000249731 0.00172326 0.00482918 0.00916044 0.014478 0.0205521 0.0270585 0.0336198 0.0398444 0.0453618 0.0498539 0.0530811 0.0548943 0.0552407 0.0541697 0.051824 0.0484131 0.0441872 0.0394168 0.0343715 0.029299 0.0244095 0.0198666 0.0157831 0.0122213 0.00919662 0.00668126 0.00461667 0.00294373 0.00164746 0.000763101 0.000281987 8.35009e-05 2.04056e-05 4.22369e-06 7.44532e-07 1.08773e-07 1.19956e-08 7.17062e-10 0 
0 0.00017375 0.00128846 0.00384483 0.00749628 0.0119557 0.0170327 0.0224661 0.0279439 0.0331402 0.037746 0.0414955 0.0441871 0.0456976 0.0459879 0.0451007 0.0431515 0.0403125 0.0367937 0.0328228 0.0286256 0.0244095 0.0203506 0.0165862 0.0132138 0.0102938 0.00784548 0.00582934 0.00415748 0.00275741 0.00162165 0.000796009 0.000310287 9.53028e-05 2.37212e-05 4.9362e-06 8.68006e-07 1.25954e-07 1.37639e-08 8.14235e-10 0 
0 0.000112819 0.000901228 0.00290988 0.00592212 0.0095964 0.0137542 0.0181939 0.0226667 0.0269087 0.0306684 0.0337291 0.0359267 0.0371609 0.0373999 0.0366791 0.035093 0.0327826 0.0299199 0.0266918 0.0232838 0.0198666 0.0165862 0.0135629 0.0109086 0.00874831 0.00714964 0.00593374 0.00470694 0.00330476 0.00197481 0.000984865 0.000393034 0.000121954 3.00953e-05 6.14484e-06 1.05662e-06 1.49878e-07 1.60236e-08 9.28607e-10 0 
0 6.78775e-05 0.000582384 0.00206128 0.00446912 0.00744804 0.0107925 0.0143458 0.0179189 0.0213053 0.0243057 0.0267484 0.0285025 0.0294884 0.0296812 0.0291093 0.0278485 0.026012 0.023738 0.021177 0.018479 0.0157831 0.0132138 0.0109086 0.00912817 0.00837605 0.00901869 0.0101765 0.00979562 0.00714192 0.00386792 0.00164252 0.000580829 0.000167736 3.90761e-05 7.59875e-06 1.25674e-06 1.72634e-07 1.79508e-08 1.01508e-09 0 
0 3.75927e-05 0.00034344 0.00134022 0.00316498 0.00553091 0.00818302 0.0109766 0.0137728 0.0164175 0.0187589 0.0206645 0.0220331 0.0228031 0.0229555 0.0225127 0.0215343 0.0201092 0.0183465 0.0163653 0.0142855 0.0122213 0.0102938 0.00874831 0.00837605 0.0110233 0.0181411 0.0266226 0.0295866 0.0208566 0.010556 0.00377669 0.00104953 0.000248486 5.036e-05 8.91057e-06 1.39111e-06 1.84144e-07 1.86176e-08 1.02835e-09 0 
0 1.9063e-05 0.000182936 0.000783322 0.00204979 0.0038527 0.00592429 0.00809294 0.0102449 0.0122701 0.0140588 0.0155129 0.0165571 0.0171453 0.0172635 0.0169292 0.0161882 0.0151091 0.013776 0.0122821 0.0107231 0.00919662 0.00784548 0.00714964 0.00901869 0.0181411 0.0384029 0.0699591 0.0774865 0.0539087 0.0245673 0.00826685 0.00197905 0.000378492 6.30039e-05 9.64418e-06 1.38862e-06 1.76553e-07 1.7416e-08 9.43919e-10 0 
0 8.8184e-06 8.74359e-05 0.000404454 0.00117748 0.00243829 0.00399873 0.00566091 0.00730063 0.00883073 0.0101743 0.0112631 0.012044 0.0124844 0.0125748 0.0123287 0.0117807 0.0109823 0.00999729 0.00889799 0.00776235 0.00668126 0.00582934 0.00593374 0.0101765 0.0266226 0.0699591 0.0876494 0.0897964 0.0830018 0.0450772 0.0133211 0.00301589 0.000508231 7.13591e-05 9.3224e-06 1.22039e-06 1.49063e-07 1.4439e-08 7.7327e-10 0 
0 3.71444e-06 3.74141e-05 0.000182738 0.000584125 0.0013467 0.00241765 0.00363953 0.00487078 0.00601859 0.0070199 0.00782681 0.0084038 0.00872951 0.0087985 0.00862143 0.00822374 0.0076434 0.00692852 0.00613627 0.00533527 0.00461667 0.00415748 0.00470694 0.00979562 0.0295866 0.0774865 0.0897964 0.091397 0.0857929 0.0540029 0.0146857 0.00326526 0.00052089 6.59758e-05 7.63559e-06 9.2131e-07 1.09174e-07 1.0486e-08 5.59756e-10 0 
0 1.42417e-06 1.43546e-05 7.22392e-05 0.000246975 0.000626877 0.00124576 0.00204306 0.00290887 0.00374445 0.00448159 0.00507643 0.00550153 0.00574229 0.00579586 0.00567066 0.00538556 0.00496899 0.00445882 0.00390415 0.00337005 0.00294373 0.00275741 0.00330476 0.00714192 0.0208566 0.0539087 0.0830018 0.0857929 0.0748005 0.0336556 0.0108767 0.00241247 0.00037901 4.59423e-05 5.01769e-06 5.83387e-07 6.86325e-08 6.62313e-09 3.55852e-10 0 
0 4.97367e-07 4.95669e-06 2.51606e-05 8.93093e-05 0.000242626 0.000526661 0.000946242 0.00145891 0.00199752 0.00249853 0.00291518 0.00321813 0.00339226 0.00343382 0.00334873 0.00315161 0.00286556 0.00252287 0.00216672 0.00185291 0.00164746 0.00162165 0.00197481 0.00386792 0.010556 0.0245673 0.0450772 0.0540029 0.0336556 0.0163432 0.00539041 0.00120614 0.000191124 2.32208e-05 2.5668e-06 3.05862e-07 3.68592e-08 3.62669e-09 1.98047e-10 0 
0 1.58343e-07 1.54697e-06 7.79635e-06 2.80176e-05 7.89105e-05 0.000181559 0.000350657 0.000582708 0.000853822 0.00112864 0.00137211 0.00155712 0.00166705 0.00169551 0.00164526 0.00152717 0.00135944 0.00116698 0.000980413 0.000834271 0.000763101 0.000796009 0.000984865 0.00164252 0.00377669 0.00826685 0.0133211 0.0146857 0.0108767 0.00539041 0.00179656 0.000410678 6.69609e-05 8.54777e-06 1.02937e-06 1.33495e-07 1.69433e-08 1.72169e-09 9.63963e-11 0 
0 4.5962e-08 4.37769e-07 2.16783e-06 7.75014e-06 2.20612e-05 5.21768e-05 0.000105104 0.000183802 0.000283961 0.000394032 0.000498502 0.00058229 0.000634197 0.000648708 0.00062637 0.000573275 0.000499956 0.000419875 0.000347687 0.000297592 0.000281987 0.000310287 0.000393034 0.000580829 0.00104953 0.00197905 0.00301589 0.00326526 0.00241247 0.00120614 0.000410678 9.71403e-05 1.6792e-05 2.39874e-06 3.3764e-07 4.947e-08 6.70803e-09 7.09909e-10 4.10382e-11 0 
0 1.21454e-08 1.12418e-07 5.43679e-07 1.91316e-06 5.4146e-06 1.28759e-05 2.63607e-05 4.72514e-05 7.51888e-05 0.000107531 0.000139766 0.000166721 0.00018401 0.000189161 0.000182129 0.000165179 0.000142276 0.000118216 9.77697e-05 8.50944e-05 8.35009e-05 9.53028e-05 0.000121954 0.000167736 0.000248486 0.000378492 0.000508231 0.00052089 0.00037901 0.000191124 6.69609e-05 1.6792e-05 3.25926e-06 5.61183e-07 9.58468e-08 1.58803e-08 2.30107e-09 2.54694e-10 1.52788e-11 0 
0 2.90813e-09 2.612e-08 1.22985e-07 4.2354e-07 1.18093e-06 2.78711e-06 5.70475e-06 1.02888e-05 1.65492e-05 2.39795e-05 3.15778e-05 3.80855e-05 4.23551e-05 4.36943e-05 4.20567e-05 3.80301e-05 3.26529e-05 2.71469e-05 2.2674e-05 2.01914e-05 2.04056e-05 2.37212e-05 3.00953e-05 3.90761e-05 5.036e-05 6.30039e-05 7.13591e-05 6.59758e-05 4.59423e-05 2.32208e-05 8.54777e-06 2.39874e-06 5.61183e-07 1.20392e-07 2.43675e-08 4.45304e-09 6.85278e-10 7.94649e-11 4.96343e-12 0 
0 6.24563e-10 5.44174e-09 2.49155e-08 8.37533e-08 2.29017e-07 5.32852e-07 1.08087e-06 1.94117e-06 3.12116e-06 4.53304e-06 5.99167e-06 7.25513e-06 8.09546e-06 8.37075e-06 8.06866e-06 7.30669e-06 6.29391e-06 5.27466e-06 4.47777e-06 4.08617e-06 4.22369e-06 4.9362e-06 6.14484e-06 7.59875e-06 8.91057e-06 9.64418e-06 9.3224e-06 7.63559e-06 5.01769e-06 2.5668e-06 1.02937e-06 3.3764e-07 9.58468e-08 2.43675e-08 5.52392e-09 1.08531e-09 1.76382e-10 2.14381e-11 1.39682e-12 0 
0 1.17842e-10 9.96508e-10 4.43685e-09 1.45463e-08 3.89362e-08 8.90387e-08 1.78242e-07 3.17131e-07 5.06864e-07 7.33743e-07 9.68615e-07 1.17296e-06 1.31007e-06 1.3568e-06 1.31102e-06 1.19188e-06 1.03374e-06 8.76816e-07 7.5867e-07 7.08653e-07 7.44532e-07 8.68006e-07 1.05662e-06 1.25674e-06 1.39111e-06 1.38862e-06 1.22039e-06 9.2131e-07 5.83387e-07 3.05862e-07 1.33495e-07 4.947e-08 1.58803e-08 4.45304e-09 1.08531e-09 2.2594e-10 3.86388e-11 4.92053e-12 3.34647e-13 0 
0 1.87073e-11 1.53694e-10 6.65963e-10 2.13011e-09 5.57946e-09 1.25274e-08 2.47072e-08 4.34531e-08 6.8859e-08 9.90953e-08 1.30339e-07 1.57553e-07 1.75932e-07 1.8244e-07 1.76806e-07 1.61587e-07 1.41384e-07 1.21613e-07 1.0733e-07 1.02379e-07 1.08773e-07 1.25954e-07 1.49878e-07 1.72634e-07 1.84144e-07 1.76553e-07 1.49063e-07 1.09174e-07 6.86325e-08 3.68592e-08 1.69433e-08 6.70803e-09 2.30107e-09 6.85278e-10 1.76382e-10 3.86388e-11 6.93425e-12 9.24139e-13 6.5582e-14 0 
0 2.25481e-12 1.80221e-11 7.60898e-11 2.37658e-10 6.09479e-10 1.3437e-09 2.60999e-09 4.53408e-09 7.11693e-09 1.01708e-08 1.3315e-08 1.60529e-08 1.79125e-08 1.85967e-08 1.80815e-08 1.66247e-08 1.46899e-08 1.28252e-08 1.15404e-08 1.12103e-08 1.19956e-08 1.37639e-08 1.60236e-08 1.79508e-08 1.86176e-08 1.7416e-08 1.4439e-08 1.0486e-08 6.62313e-09 3.62669e-09 1.72169e-09 7.09909e-10 2.54694e-10 7.94649e-11 2.14381e-11 4.92053e-12 9.24139e-13 1.2866e-13 9.517e-15 0 
0 1.47396e-13 1.14787e-12 4.72903e-12 1.44418e-11 3.62969e-11 7.86273e-11 1.50465e-10 2.58206e-10 4.01389e-10 5.69474e-10 7.41791e-10 8.91713e-10 9.94108e-10 1.03328e-09 1.00818e-09 9.32968e-10 8.33018e-10 7.38345e-10 6.76675e-10 6.67493e-10 7.17062e-10 8.14235e-10 9.28607e-10 1.01508e-09 1.02835e-09 9.43919e-10 7.7327e-10 5.59756e-10 3.55852e-10 1.98047e-10 9.63963e-11 4.10382e-11 1.52788e-11 4.96343e-12 1.39682e-12 3.34647e-13 6.5582e-14 9.517e-15 7.32637e-16 0 
0 0 0 0 0 0 0 0 0 0 0 0 0 0 0 0 0 0 0 0 0 0 0 0 0 0 0 0 0 0 0 0 0 0 0 0 0 0 0 0 0 
