0 0 0 0 0 0 0 0 0 0 0 0 0 0 0 0 0 0 0 0 0 0 0 0 0 0 0 0 0 0 0 0 0 0 0 0 0 0 0 0 0 
0 1.14577e-07 1.04434e-06 4.81347e-06 1.55751e-05 3.92159e-05 8.09762e-05 0.000142314 0.000219439 0.000304395 0.000387505 0.00045963 0.000513582 0.000544747 0.000551191 0.000533483 0.000494362 0.000438312 0.00037104 0.00029886 0.000227995 0.00016382 0.000110173 6.89015e-05 3.98243e-05 2.11616e-05 1.02978e-05 4.57886e-06 1.859e-06 6.8943e-07 2.33783e-07 7.25465e-08 2.06008e-08 5.34344e-09 1.25965e-09 2.67038e-10 4.98466e-11 7.84355e-12 9.3857e-13 6.09905e-14 0 
0 1.04434e-06 9.85526e-06 4.60878e-05 0.000146976 0.000353849 0.000682969 0.00111073 0.00158773 0.00206138 0.00248852 0.00283784 0.00308865 0.00322943 0.0032568 0.00317465 0.00299318 0.00272771 0.00239751 0.00202475 0.00163368 0.00124967 0.000897584 0.000598745 0.000366803 0.000204337 0.000102781 4.65222e-05 1.89539e-05 6.97033e-06 2.32293e-06 7.04117e-07 1.94571e-07 4.90121e-08 1.12122e-08 2.30691e-09 4.18239e-10 6.39913e-11 7.4556e-12 4.72423e-13 0 
0 4.81347e-06 4.60878e-05 0.000210919 0.00062948 0.00137112 0.00237269 0.00350358 0.00464841 0.00572413 0.00666825 0.0074313 0.00797633 0.00828084 0.00833801 0.00815654 0.00775883 0.00717789 0.0064536 0.00562872 0.00474578 0.00384542 0.00296719 0.00215194 0.00144248 0.00087722 0.000475936 0.000227885 9.60358e-05 3.57801e-05 1.18843e-05 3.54981e-06 9.59837e-07 2.35654e-07 5.24479e-08 1.04938e-08 1.85088e-09 2.75765e-10 3.13274e-11 1.9383e-12 0 
0 1.55751e-05 0.000146976 0.00062948 0.0016801 0.00324474 0.00510303 0.00707668 0.00904322 0.0108953 0.0125306 0.0138587 0.0148102 0.0153421 0.0154407 0.0151211 0.0144234 0.0134079 0.0121474 0.0107203 0.00920326 0.00766476 0.00616146 0.00473819 0.00343468 0.00229664 0.00137902 0.000724653 0.000327946 0.000127639 4.31769e-05 1.28879e-05 3.44013e-06 8.27973e-07 1.80008e-07 3.51322e-08 6.04355e-09 8.78755e-10 9.75274e-11 5.90284e-12 0 
0 3.92159e-05 0.000353849 0.00137112 0.00324474 0.00571269 0.00851711 0.0114927 0.0144806 0.0173109 0.0198178 0.0218574 0.0233196 0.024137 0.0242878 0.0237951 0.0227214 0.0211601 0.0192248 0.0170387 0.0147229 0.0123876 0.010124 0.00799981 0.00605808 0.00432659 0.00283887 0.00165235 0.000824206 0.000345577 0.000122172 3.71043e-05 9.89111e-06 2.35127e-06 5.01936e-07 9.59302e-08 1.61456e-08 2.29726e-09 2.49676e-10 1.48145e-11 0 
0 8.09762e-05 0.000682969 0.00237269 0.00510303 0.00851711 0.0123931 0.0165343 0.0207092 0.0246708 0.028183 0.0310416 0.0330914 0.0342372 0.0344483 0.0337571 0.0322514 0.0300625 0.0273508 0.0242895 0.0210504 0.0177902 0.014641 0.0117032 0.00904146 0.0066859 0.00464415 0.00293397 0.0016134 0.000741609 0.000280329 8.82864e-05 2.38122e-05 5.63855e-06 1.1888e-06 2.2346e-07 3.69261e-08 5.15672e-09 5.50299e-10 3.20862e-11 0 
0 0.000142314 0.00111073 0.00350358 0.00707668 0.0114927 0.0165343 0.0219385 0.0273934 0.0325725 0.0371652 0.040904 0.0435853 0.0450844 0.0453608 0.0444567 0.0424874 0.0396249 0.0360791 0.0320774 0.027845 0.0235881 0.0194814 0.0156594 0.0122125 0.00918571 0.00658266 0.00438642 0.0026071 0.00131115 0.000536376 0.00017791 4.91564e-05 1.16939e-05 2.44943e-06 4.54849e-07 7.40653e-08 1.01835e-08 1.07e-09 6.14615e-11 0 
0 0.000219439 0.00158773 0.00464841 0.00904322 0.0144806 0.0207092 0.0273934 0.0341432 0.0405529 0.0462378 0.0508674 0.0541918 0.0560545 0.0563992 0.0552762 0.0528333 0.0492879 0.0448993 0.0399474 0.034711 0.029446 0.0243696 0.01965 0.0154021 0.0116871 0.00851502 0.00585468 0.00367102 0.00198851 0.000879419 0.000309729 8.84955e-05 2.13062e-05 4.45777e-06 8.21202e-07 1.32231e-07 1.79555e-08 1.86278e-09 1.05677e-10 0 
0 0.000304395 0.00206138 0.00572413 0.0108953 0.0173109 0.0246708 0.0325725 0.0405529 0.0481322 0.054858 0.06035 0.0643192 0.0665609 0.066979 0.0656266 0.0626998 0.0584814 0.0532834 0.0474275 0.041237 0.0350138 0.029015 0.0234406 0.0184283 0.0140535 0.0103335 0.00723414 0.00469333 0.00268528 0.0012701 0.000474872 0.000140966 3.4524e-05 7.24599e-06 1.32902e-06 2.12297e-07 2.85535e-08 2.93269e-09 1.6473e-10 0 
0 0.000387505 0.00248852 0.00666825 0.0125306 0.0198178 0.028183 0.0371652 0.0462378 0.054858 0.0625265 0.0688256 0.0733959 0.0759664 0.0764469 0.0749063 0.0715413 0.066687 0.0607396 0.0540709 0.0470323 0.0399584 0.0331405 0.0268066 0.0211141 0.0161507 0.0119399 0.00844729 0.00559715 0.00332501 0.00165729 0.000653241 0.00020138 5.02794e-05 1.06154e-05 1.944e-06 3.08911e-07 4.12629e-08 4.20648e-09 2.34508e-10 0 
0 0.00045963 0.00283784 0.0074313 0.0138587 0.0218574 0.0310416 0.040904 0.0508674 0.06035 0.0688256 0.0757753 0.0806914 0.0833547 0.083849 0.0822824 0.0787324 0.0734321 0.0668544 0.0594977 0.0517605 0.0439924 0.0365067 0.0295533 0.0233056 0.0178612 0.0132478 0.0094318 0.00633029 0.0038539 0.00199461 0.000819934 0.000261236 6.64406e-05 1.41266e-05 2.58797e-06 4.10023e-07 5.4523e-08 5.52998e-09 3.06689e-10 0 
0 0.000513582 0.00308865 0.00797633 0.0148102 0.0233196 0.0330914 0.0435853 0.0541918 0.0643192 0.0733959 0.0806914 0.085614 0.0881813 0.0886584 0.0871733 0.0836996 0.0782696 0.0712908 0.0634188 0.0551661 0.0468972 0.0389315 0.0315325 0.0248854 0.0190944 0.0141907 0.0101406 0.00685781 0.0042384 0.00224851 0.000952244 0.000311119 8.03409e-05 1.71962e-05 3.155e-06 4.99287e-07 6.62357e-08 6.69874e-09 3.70406e-10 0 
0 0.000544747 0.00322943 0.00828084 0.0153421 0.024137 0.0342372 0.0450844 0.0560545 0.0665609 0.0759664 0.0833547 0.0881813 0.0906588 0.0911229 0.0897032 0.0863378 0.0809432 0.0738031 0.0656411 0.0570898 0.0485379 0.0403026 0.0326532 0.0257812 0.019795 0.0147274 0.010545 0.0071599 0.00446097 0.0023995 0.00103422 0.000343285 8.9566e-05 1.92705e-05 3.54269e-06 5.60841e-07 7.43727e-08 7.51665e-09 4.15347e-10 0 
0 0.000551191 0.0032568 0.00833801 0.0154407 0.0242878 0.0344483 0.0453608 0.0563992 0.066979 0.0764469 0.083849 0.0886584 0.0911229 0.0915873 0.0901816 0.08684 0.0814606 0.0742983 0.0660833 0.0574754 0.0488701 0.0405834 0.0328859 0.0259701 0.0199456 0.0148456 0.0106371 0.00723186 0.00451741 0.00244082 0.00105849 0.000353497 9.26695e-05 2.00035e-05 3.68588e-06 5.84572e-07 7.76481e-08 7.86087e-09 4.35156e-10 0 
0 0.000533483 0.00317465 0.00815654 0.0151211 0.0237951 0.0337571 0.0444567 0.0552762 0.0656266 0.0749063 0.0822824 0.0871733 0.0897032 0.0901816 0.0887397 0.08533 0.0799161 0.0728393 0.064799 0.0563731 0.0479379 0.0398114 0.0322614 0.0254773 0.0195664 0.0145613 0.0104294 0.00708388 0.00441538 0.00237683 0.00102633 0.000341784 8.95637e-05 1.93648e-05 3.57856e-06 5.69619e-07 7.59747e-08 7.72629e-09 4.29799e-10 0 
0 0.000494362 0.00299318 0.00775883 0.0144234 0.0227214 0.0322514 0.0424874 0.0528333 0.0626998 0.0715413 0.0787324 0.0836996 0.0863378 0.08684 0.08533 0.0818222 0.0764365 0.0696223 0.0619681 0.0539297 0.045864 0.038089 0.0308641 0.0243705 0.018711 0.0139162 0.00995396 0.00674004 0.00417351 0.00222183 0.000946885 0.000312211 8.14983e-05 1.76445e-05 3.27567e-06 5.24794e-07 7.05312e-08 7.23323e-09 4.0601e-10 0 
0 0.000438312 0.00272771 0.00717789 0.0134079 0.0211601 0.0300625 0.0396249 0.0492879 0.0584814 0.066687 0.0734321 0.0782696 0.0809432 0.0814606 0.0799161 0.0764365 0.0713032 0.0649617 0.0578553 0.0503634 0.0428326 0.0355705 0.0288205 0.0227518 0.01746 0.0129729 0.00925846 0.00623688 0.00382096 0.00199947 0.00083591 0.000271944 7.07018e-05 1.53642e-05 2.87681e-06 4.66128e-07 6.34606e-08 6.5992e-09 3.75829e-10 0 
0 0.00037104 0.00239751 0.0064536 0.0121474 0.0192248 0.0273508 0.0360791 0.0448993 0.0532834 0.0607396 0.0668544 0.0712908 0.0738031 0.0742983 0.0728393 0.0696223 0.0649617 0.0592226 0.0527648 0.0459372 0.0390689 0.0324443 0.0262856 0.0207464 0.0159131 0.0118095 0.00840361 0.00562243 0.00339798 0.00174261 0.000714202 0.000229904 5.98615e-05 1.31479e-05 2.50166e-06 4.13052e-07 5.73785e-08 6.09037e-09 3.53948e-10 0 
0 0.00029886 0.00202475 0.00562872 0.0107203 0.0170387 0.0242895 0.0320774 0.0399474 0.0474275 0.0540709 0.0594977 0.0634188 0.0656411 0.0660833 0.064799 0.0619681 0.0578553 0.0527648 0.0470179 0.0409361 0.0348173 0.0289154 0.023428 0.018491 0.0141799 0.0105134 0.00746014 0.00495668 0.00295768 0.00149305 0.000605656 0.000195452 5.1666e-05 1.16122e-05 2.26878e-06 3.84909e-07 5.48883e-08 5.96965e-09 3.54645e-10 0 
0 0.000227995 0.00163368 0.00474578 0.00920326 0.0147229 0.0210504 0.027845 0.034711 0.041237 0.0470323 0.0517605 0.0551661 0.0570898 0.0574754 0.0563731 0.0539297 0.0503634 0.0459372 0.0409361 0.0356437 0.0303203 0.0251871 0.0204155 0.0161226 0.0123721 0.00917713 0.00650829 0.0043145 0.00256814 0.00130015 0.000535248 0.000177532 4.85815e-05 1.13141e-05 2.28395e-06 3.98571e-07 5.81807e-08 6.44718e-09 3.88579e-10 0 
0 0.00016382 0.00124967 0.00384542 0.00766476 0.0123876 0.0177902 0.0235881 0.029446 0.0350138 0.0399584 0.0439924 0.0468972 0.0485379 0.0488701 0.0479379 0.045864 0.0428326 0.0390689 0.0348173 0.0303203 0.0258004 0.021446 0.0174025 0.0137688 0.0105974 0.00789766 0.00564362 0.00379114 0.00231096 0.00121615 0.000527018 0.000184453 5.28592e-05 1.27418e-05 2.63297e-06 4.66203e-07 6.85915e-08 7.62343e-09 4.59178e-10 0 
0 0.000110173 0.000897584 0.00296719 0.00616146 0.010124 0.014641 0.0194814 0.0243696 0.029015 0.0331405 0.0365067 0.0389315 0.0403026 0.0405834 0.0398114 0.038089 0.0355705 0.0324443 0.0289154 0.0251871 0.021446 0.0178498 0.0145208 0.0115439 0.00896991 0.00681137 0.00502845 0.00354073 0.00229137 0.0012943 0.000603455 0.000224093 6.65382e-05 1.62682e-05 3.36249e-06 5.90825e-07 8.59003e-08 9.41455e-09 5.58669e-10 0 
0 6.89015e-05 0.000598745 0.00215194 0.00473819 0.00799981 0.0117032 0.0156594 0.01965 0.0234406 0.0268066 0.0295533 0.0315325 0.0326532 0.0328859 0.0322614 0.0308641 0.0288205 0.0262856 0.023428 0.0204155 0.0174025 0.0145208 0.011878 0.00957214 0.00770877 0.00633654 0.00528346 0.00419272 0.00292184 0.00170804 0.000816725 0.000309169 9.17443e-05 2.20205e-05 4.43496e-06 7.58377e-07 1.07385e-07 1.14785e-08 6.65463e-10 0 
0 3.98243e-05 0.000366803 0.00144248 0.00343468 0.00605808 0.00904146 0.0122125 0.0154021 0.0184283 0.0211141 0.0233056 0.0248854 0.0257812 0.0259701 0.0254773 0.0243705 0.0227518 0.0207464 0.018491 0.0161226 0.0137688 0.0115439 0.00957214 0.00808067 0.00750321 0.00815484 0.0092419 0.008907 0.00648911 0.00349763 0.00145749 0.000492211 0.000134185 2.9934e-05 5.68566e-06 9.3068e-07 1.27314e-07 1.32146e-08 7.46571e-10 0 
0 2.11616e-05 0.000204337 0.00087722 0.00229664 0.00432659 0.0066859 0.00918571 0.0116871 0.0140535 0.0161507 0.0178612 0.0190944 0.019795 0.0199456 0.0195664 0.018711 0.01746 0.0159131 0.0141799 0.0123721 0.0105974 0.00896991 0.00770877 0.00750321 0.00999765 0.0165242 0.0241187 0.0258322 0.0190194 0.00962097 0.00343089 0.000934972 0.000210216 4.01949e-05 6.84614e-06 1.0504e-06 1.38133e-07 1.39281e-08 7.68179e-10 0 
0 1.02978e-05 0.000102781 0.000475936 0.00137902 0.00283887 0.00464415 0.00658266 0.00851502 0.0103335 0.0119399 0.0132478 0.0141907 0.0147274 0.0148456 0.0145613 0.0139162 0.0129729 0.0118095 0.0105134 0.00917713 0.00789766 0.00681137 0.00633654 0.00815484 0.0165242 0.0348003 0.0595081 0.0680849 0.0458299 0.0224094 0.00753643 0.00179439 0.000332797 5.22522e-05 7.59058e-06 1.06326e-06 1.33846e-07 1.31575e-08 7.11894e-10 0 
0 4.57886e-06 4.65222e-05 0.000227885 0.000724653 0.00165235 0.00293397 0.00438642 0.00585468 0.00723414 0.00844729 0.0094318 0.0101406 0.010545 0.0106371 0.0104294 0.00995396 0.00925846 0.00840361 0.00746014 0.00650829 0.00564362 0.00502845 0.00528346 0.0092419 0.0241187 0.0595081 0.086381 0.0893867 0.07819 0.0376108 0.0121503 0.00274559 0.000454922 6.08715e-05 7.49874e-06 9.45041e-07 1.13798e-07 1.09758e-08 5.8675e-10 0 
0 1.859e-06 1.89539e-05 9.60358e-05 0.000327946 0.000824206 0.0016134 0.0026071 0.00367102 0.00469333 0.00559715 0.00633029 0.00685781 0.0071599 0.00723186 0.00708388 0.00674004 0.00623688 0.00562243 0.00495668 0.0043145 0.00379114 0.00354073 0.00419272 0.008907 0.0258322 0.0680849 0.0893867 0.0918653 0.0838606 0.0438989 0.013396 0.00297503 0.000469025 5.71235e-05 6.23763e-06 7.19464e-07 8.37332e-08 8.00244e-09 4.26424e-10 0 
0 6.8943e-07 6.97033e-06 3.57801e-05 0.000127639 0.000345577 0.000741609 0.00131115 0.00198851 0.00268528 0.00332501 0.0038539 0.0042384 0.00446097 0.00451741 0.00441538 0.00417351 0.00382096 0.00339798 0.00295768 0.00256814 0.00231096 0.00229137 0.00292184 0.00648911 0.0190194 0.0458299 0.07819 0.0838606 0.0644316 0.0302025 0.00992142 0.00219748 0.000341257 3.99349e-05 4.12519e-06 4.57459e-07 5.27783e-08 5.06714e-09 2.71802e-10 0 
0 2.33783e-07 2.32293e-06 1.18843e-05 4.31769e-05 0.000122172 0.000280329 0.000536376 0.000879419 0.0012701 0.00165729 0.00199461 0.00224851 0.0023995 0.00244082 0.00237683 0.00222183 0.00199947 0.00174261 0.00149305 0.00130015 0.00121615 0.0012943 0.00170804 0.00349763 0.00962097 0.0224094 0.0376108 0.0438989 0.0302025 0.014909 0.00491583 0.00109676 0.000171272 2.00851e-05 2.10331e-06 2.39636e-07 2.83693e-08 2.77887e-09 1.51536e-10 0 
0 7.25465e-08 7.04117e-07 3.54981e-06 1.28879e-05 3.71043e-05 8.82864e-05 0.00017791 0.000309729 0.000474872 0.000653241 0.000819934 0.000952244 0.00103422 0.00105849 0.00102633 0.000946885 0.00083591 0.000714202 0.000605656 0.000535248 0.000527018 0.000603455 0.000816725 0.00145749 0.00343089 0.00753643 0.0121503 0.013396 0.00992142 0.00491583 0.00163604 0.00037137 5.93641e-05 7.29179e-06 8.33415e-07 1.04095e-07 1.30364e-08 1.32036e-09 7.38448e-11 0 
0 2.06008e-08 1.94571e-07 9.59837e-07 3.44013e-06 9.89111e-06 2.38122e-05 4.91564e-05 8.84955e-05 0.000140966 0.00020138 0.000261236 0.000311119 0.000343285 0.000353497 0.000341784 0.000312211 0.000271944 0.000229904 0.000195452 0.000177532 0.000184453 0.000224093 0.000309169 0.000492211 0.000934972 0.00179439 0.00274559 0.00297503 0.00219748 0.00109676 0.00037137 8.66725e-05 1.45954e-05 1.99817e-06 2.68592e-07 3.83423e-08 5.15737e-09 5.44704e-10 3.14625e-11 0 
0 5.34344e-09 4.90121e-08 2.35654e-07 8.27973e-07 2.35127e-06 5.63855e-06 1.16939e-05 2.13062e-05 3.4524e-05 5.02794e-05 6.64406e-05 8.03409e-05 8.9566e-05 9.26695e-05 8.95637e-05 8.14983e-05 7.07018e-05 5.98615e-05 5.1666e-05 4.85815e-05 5.28592e-05 6.65382e-05 9.17443e-05 0.000134185 0.000210216 0.000332797 0.000454922 0.000469025 0.000341257 0.000171272 5.93641e-05 1.45954e-05 2.74253e-06 4.53149e-07 7.49588e-08 1.22495e-08 1.76809e-09 1.95484e-10 1.172e-11 0 
0 1.25965e-09 1.12122e-08 5.24479e-08 1.80008e-07 5.01936e-07 1.1888e-06 2.44943e-06 4.45777e-06 7.24599e-06 1.06154e-05 1.41266e-05 1.71962e-05 1.92705e-05 2.00035e-05 1.93648e-05 1.76445e-05 1.53642e-05 1.31479e-05 1.16122e-05 1.13141e-05 1.27418e-05 1.62682e-05 2.20205e-05 2.9934e-05 4.01949e-05 5.22522e-05 6.08715e-05 5.71235e-05 3.99349e-05 2.00851e-05 7.29179e-06 1.99817e-06 4.53149e-07 9.4555e-08 1.88484e-08 3.42589e-09 5.26393e-10 6.10035e-11 3.80866e-12 0 
0 2.67038e-10 2.30691e-09 1.04938e-08 3.51322e-08 9.59302e-08 2.2346e-07 4.54849e-07 8.21202e-07 1.32902e-06 1.944e-06 2.58797e-06 3.155e-06 3.54269e-06 3.68588e-06 3.57856e-06 3.27567e-06 2.87681e-06 2.50166e-06 2.26878e-06 2.28395e-06 2.63297e-06 3.36249e-06 4.43496e-06 5.68566e-06 6.84614e-06 7.59058e-06 7.49874e-06 6.23763e-06 4.12519e-06 2.10331e-06 8.33415e-07 2.68592e-07 7.49588e-08 1.88484e-08 4.2521e-09 8.34058e-10 1.35469e-10 1.64594e-11 1.07207e-12 0 
0 4.98466e-11 4.18239e-10 1.85088e-09 6.04355e-09 1.61456e-08 3.69261e-08 7.40653e-08 1.32231e-07 2.12297e-07 3.08911e-07 4.10023e-07 4.99287e-07 5.60841e-07 5.84572e-07 5.69619e-07 5.24794e-07 4.66128e-07 4.13052e-07 3.84909e-07 3.98571e-07 4.66203e-07 5.90825e-07 7.58377e-07 9.3068e-07 1.0504e-06 1.06326e-06 9.45041e-07 7.19464e-07 4.57459e-07 2.39636e-07 1.04095e-07 3.83423e-08 1.22495e-08 3.42589e-09 8.34058e-10 1.73559e-10 2.96734e-11 3.77794e-12 2.56877e-13 0 
0 7.84355e-12 6.39913e-11 2.75765e-10 8.78755e-10 2.29726e-09 5.15672e-09 1.01835e-08 1.79555e-08 2.85535e-08 4.12629e-08 5.4523e-08 6.62357e-08 7.43727e-08 7.76481e-08 7.59747e-08 7.05312e-08 6.34606e-08 5.73785e-08 5.48883e-08 5.81807e-08 6.85915e-08 8.59003e-08 1.07385e-07 1.27314e-07 1.38133e-07 1.33846e-07 1.13798e-07 8.37332e-08 5.27783e-08 2.83693e-08 1.30364e-08 5.15737e-09 1.76809e-09 5.26393e-10 1.35469e-10 2.96734e-11 5.32469e-12 7.09529e-13 5.03436e-14 0 
0 9.3857e-13 7.4556e-12 3.13274e-11 9.75274e-11 2.49676e-10 5.50299e-10 1.07e-09 1.86278e-09 2.93269e-09 4.20648e-09 5.52998e-09 6.69874e-09 7.51665e-09 7.86087e-09 7.72629e-09 7.23323e-09 6.5992e-09 6.09037e-09 5.96965e-09 6.44718e-09 7.62343e-09 9.41455e-09 1.14785e-08 1.32146e-08 1.39281e-08 1.31575e-08 1.09758e-08 8.00244e-09 5.06714e-09 2.77887e-09 1.32036e-09 5.44704e-10 1.95484e-10 6.10035e-11 1.64594e-11 3.77794e-12 7.09529e-13 9.87747e-14 7.3056e-15 0 
0 6.09905e-14 4.72423e-13 1.9383e-12 5.90284e-12 1.48145e-11 3.20862e-11 6.14615e-11 1.05677e-10 1.6473e-10 2.34508e-10 3.06689e-10 3.70406e-10 4.15347e-10 4.35156e-10 4.29799e-10 4.0601e-10 3.75829e-10 3.53948e-10 3.54645e-10 3.88579e-10 4.59178e-10 5.58669e-10 6.65463e-10 7.46571e-10 7.68179e-10 7.11894e-10 5.8675e-10 4.26424e-10 2.71802e-10 1.51536e-10 7.38448e-11 3.14625e-11 1.172e-11 3.80866e-12 1.07207e-12 2.56877e-13 5.03436e-14 7.3056e-15 5.62369e-16 0 
0 0 0 0 0 0 0 0 0 0 0 0 0 0 0 0 0 0 0 0 0 0 0 0 0 0 0 0 0 0 0 0 0 0 0 0 0 0 0 0 0 
