0 0 0 0 0 0 0 0 0 0 0 0 0 0 0 0 0 0 0 0 0 0 0 0 0 0 0 0 0 0 0 0 0 0 0 0 0 0 0 0 0 
0 5.353e-09 5.00241e-08 2.42583e-07 8.50312e-07 2.38284e-06 5.58327e-06 1.12271e-05 1.9744e-05 3.08479e-05 4.34141e-05 5.56945e-05 6.57701e-05 7.20404e-05 7.35871e-05 7.03338e-05 6.29979e-05 5.28764e-05 4.15324e-05 3.04576e-05 2.07933e-05 1.31743e-05 7.72416e-06 4.18113e-06 2.08642e-06 9.59224e-07 4.064e-07 1.58817e-07 5.73212e-08 1.91338e-08 5.91336e-09 1.69272e-09 4.48429e-10 1.09629e-10 2.45827e-11 4.99709e-12 9.00637e-13 1.37643e-13 1.60763e-14 1.02387e-15 0 
0 5.00241e-08 4.87244e-07 2.45146e-06 8.83881e-06 2.51758e-05 5.91444e-05 0.000117689 0.000202721 0.00030843 0.000422225 0.000528406 0.000612263 0.000662977 0.000675032 0.000648435 0.000588177 0.00050315 0.000404655 0.000304569 0.000213355 0.000138299 8.2514e-05 4.51298e-05 2.25738e-05 1.03213e-05 4.31843e-06 1.65699e-06 5.84634e-07 1.90185e-07 5.71687e-08 1.58999e-08 4.09105e-09 9.71596e-10 2.11774e-10 4.1883e-11 7.35246e-12 1.09582e-12 1.24979e-13 7.78279e-15 0 
0 2.42583e-07 2.45146e-06 1.26908e-05 4.63855e-05 0.000131274 0.000299891 0.000570088 0.000928997 0.00133594 0.00173905 0.00209066 0.00235483 0.00250918 0.00254429 0.00246227 0.00227525 0.00200374 0.00167485 0.00132026 0.000973224 0.000664276 0.000415611 0.000236314 0.000121434 5.62999e-05 2.35938e-05 8.97548e-06 3.11568e-06 9.9192e-07 2.90824e-07 7.87433e-08 1.97079e-08 4.55246e-09 9.65588e-10 1.85987e-10 3.18331e-11 4.63155e-12 5.1634e-13 3.14722e-14 0 
0 8.50312e-07 8.83881e-06 4.63855e-05 0.000167744 0.00045588 0.000974399 0.00171058 0.00257909 0.0034724 0.00429743 0.0049847 0.00548649 0.00577434 0.00583763 0.00568217 0.00532815 0.00480748 0.00416088 0.00343536 0.00268271 0.00195806 0.00131614 0.000801952 0.000437066 0.000211456 9.08001e-05 3.48091e-05 1.20196e-05 3.77221e-06 1.08404e-06 2.86742e-07 6.99929e-08 1.57598e-08 3.25883e-09 6.12354e-10 1.02346e-10 1.45577e-11 1.58863e-12 9.49067e-14 0 
0 2.38284e-06 2.51758e-05 0.000131274 0.00045588 0.00115026 0.00224418 0.00361511 0.0050934 0.00653632 0.0078344 0.00890266 0.00967809 0.0101211 0.0102168 0.00997475 0.00942603 0.00861879 0.00761271 0.00647331 0.0052676 0.00406246 0.00292631 0.0019305 0.00114072 0.000592371 0.00026785 0.000105762 3.68906e-05 1.15302e-05 3.26989e-06 8.48982e-07 2.02839e-07 4.4647e-08 9.02268e-09 1.65757e-09 2.71065e-10 3.77633e-11 4.04088e-12 2.36998e-13 0 
0 5.58327e-06 5.91444e-05 0.000299891 0.000974399 0.00224418 0.00401177 0.00605215 0.00816863 0.0102064 0.012033 0.0135354 0.0146258 0.0152485 0.0153823 0.0150406 0.0142676 0.013132 0.0117182 0.0101182 0.00842305 0.006717 0.00507584 0.00357219 0.00228404 0.00128911 0.00062721 0.000260885 9.35911e-05 2.94979e-05 8.32392e-06 2.13347e-06 5.0103e-07 1.08175e-07 2.1427e-08 3.85841e-09 6.18805e-10 8.46174e-11 8.8963e-12 5.13209e-13 0 
0 1.12271e-05 0.000117689 0.000570088 0.00171058 0.00361511 0.00605215 0.00876422 0.0115497 0.0142279 0.0166296 0.018606 0.0200412 0.020861 0.0210374 0.020588 0.0195712 0.0180779 0.0162201 0.01412 0.011898 0.00966383 0.00751031 0.00551341 0.00374275 0.00227783 0.00120014 0.000534096 0.000200359 6.45127e-05 1.82778e-05 4.65334e-06 1.07908e-06 2.2937e-07 4.46722e-08 7.9072e-09 1.2469e-09 1.67757e-10 1.73677e-11 9.87536e-13 0 
0 1.9744e-05 0.000202721 0.000928997 0.00257909 0.0050934 0.00816863 0.0115497 0.0150171 0.0183523 0.0213446 0.0238081 0.025598 0.0266214 0.026843 0.0262846 0.0250192 0.0231601 0.0208477 0.0182348 0.0154725 0.0126986 0.0100283 0.00755023 0.00533105 0.00343439 0.00194236 0.000928125 0.000367965 0.000122372 3.51044e-05 8.93121e-06 2.05443e-06 4.31537e-07 8.29094e-08 1.44682e-08 2.24947e-09 2.98529e-10 3.05075e-11 1.71372e-12 0 
0 3.08479e-05 0.00030843 0.00133594 0.0034724 0.00653632 0.0102064 0.0142279 0.0183523 0.0223208 0.0258827 0.0288165 0.0309496 0.032171 0.0324382 0.0317769 0.0302738 0.0280638 0.0253143 0.0222078 0.0189249 0.0156305 0.0124625 0.00952589 0.00689284 0.00461572 0.00275767 0.00140468 0.000589855 0.00020393 5.96168e-05 1.52361e-05 3.49103e-06 7.27235e-07 1.38278e-07 2.38617e-08 3.66827e-09 4.81506e-10 4.86982e-11 2.70931e-12 0 
0 4.34141e-05 0.000422225 0.00173905 0.00429743 0.0078344 0.012033 0.0166296 0.0213446 0.0258827 0.0299573 0.0333153 0.0357589 0.0371606 0.0374713 0.03672 0.0350054 0.0324818 0.0293408 0.0257911 0.0220401 0.0182769 0.0146604 0.0113112 0.00831028 0.00570652 0.0035447 0.00190029 0.00084076 0.000302477 9.04201e-05 2.32979e-05 5.33562e-06 1.10587e-06 2.08751e-07 3.57299e-08 5.44717e-09 7.09259e-10 7.1194e-11 3.93401e-12 0 
0 5.56945e-05 0.000528406 0.00209066 0.0049847 0.00890266 0.0135354 0.018606 0.0238081 0.0288165 0.0333153 0.0370252 0.0397275 0.0412809 0.0416308 0.0408083 0.0389221 0.0361419 0.0326792 0.0287647 0.0246274 0.0204767 0.0164887 0.0127975 0.00949246 0.00662341 0.00422316 0.00235039 0.00108498 0.000404573 0.000123668 3.21841e-05 7.38568e-06 1.52736e-06 2.87085e-07 4.88889e-08 7.41475e-09 9.60763e-10 9.60304e-11 5.28836e-12 0 
0 6.57701e-05 0.000612263 0.00235483 0.00548649 0.00967809 0.0146258 0.0200412 0.025598 0.0309496 0.0357589 0.0397275 0.0426213 0.0442891 0.0446714 0.0438011 0.0417934 0.0388293 0.0351345 0.0309553 0.0265367 0.022103 0.0178428 0.0139004 0.0103719 0.00730909 0.00473846 0.00270463 0.00128776 0.000494041 0.000153973 4.0475e-05 9.32277e-06 1.92853e-06 3.6204e-07 6.15467e-08 9.31967e-09 1.20636e-09 1.20563e-10 6.6462e-12 0 
0 7.20404e-05 0.000662977 0.00250918 0.00577434 0.0101211 0.0152485 0.020861 0.0266214 0.032171 0.0371606 0.0412809 0.0442891 0.0460275 0.046434 0.0455417 0.0434693 0.0404039 0.0365789 0.0322497 0.0276702 0.0230732 0.018655 0.0145658 0.0109061 0.00772939 0.00505926 0.00293168 0.00142357 0.000556876 0.000176113 4.67097e-05 1.08122e-05 2.24317e-06 4.22041e-07 7.19157e-08 1.09229e-08 1.41975e-09 1.42686e-10 7.92384e-12 0 
0 7.35871e-05 0.000675032 0.00254429 0.00583763 0.0102168 0.0153823 0.0210374 0.026843 0.0324382 0.0374713 0.0416308 0.0446714 0.046434 0.0468551 0.0459672 0.0438892 0.0408089 0.0369608 0.0326019 0.0279881 0.0233543 0.0188986 0.0147731 0.0110796 0.00787255 0.0051748 0.00301903 0.00147986 0.000584983 0.000186755 4.99158e-05 1.16309e-05 2.42855e-06 4.60128e-07 7.90486e-08 1.21245e-08 1.59468e-09 1.62546e-10 9.17758e-12 0 
0 7.03338e-05 0.000648435 0.00246227 0.00568217 0.00997475 0.0150406 0.020588 0.0262846 0.0317769 0.03672 0.0408083 0.0438011 0.0455417 0.0459672 0.0451088 0.0430821 0.0400706 0.0363037 0.032033 0.0275093 0.0229628 0.0185882 0.0145351 0.0109039 0.00774867 0.00509305 0.00297127 0.00145772 0.000577939 0.000185547 4.99949e-05 1.17691e-05 2.48801e-06 4.78408e-07 8.36365e-08 1.30924e-08 1.76273e-09 1.84448e-10 1.07159e-11 0 
0 6.29979e-05 0.000588177 0.00227525 0.00532815 0.00942603 0.0142676 0.0195712 0.0250192 0.0302738 0.0350054 0.0389221 0.0417934 0.0434693 0.0438892 0.0430821 0.0411578 0.038291 0.0347 0.0306248 0.0263048 0.0219597 0.0177755 0.0138954 0.0104154 0.00738807 0.00483926 0.00280854 0.00137094 0.00054296 0.000175319 4.78403e-05 1.14718e-05 2.48271e-06 4.9093e-07 8.86251e-08 1.4376e-08 2.01068e-09 2.18811e-10 1.3216e-11 0 
0 5.28764e-05 0.00050315 0.00200374 0.00480748 0.00861879 0.013132 0.0180779 0.0231601 0.0280638 0.0324818 0.0361419 0.0388293 0.0404039 0.0408089 0.0400706 0.038291 0.0356319 0.0322965 0.0285077 0.0244881 0.0204421 0.0165425 0.0129225 0.00967125 0.00683884 0.00445446 0.00256517 0.00124434 0.00049362 0.000161578 4.5227e-05 1.12313e-05 2.53549e-06 5.25663e-07 9.97735e-08 1.70218e-08 2.49855e-09 2.84146e-10 1.78313e-11 0 
0 4.15324e-05 0.000404655 0.00167485 0.00416088 0.00761271 0.0117182 0.0162201 0.0208477 0.0253143 0.0293408 0.0326792 0.0351345 0.0365789 0.0369608 0.0363037 0.0347 0.0322965 0.0292774 0.0258451 0.0222013 0.0185314 0.014992 0.0117028 0.00874446 0.00616372 0.00399389 0.00228804 0.00111137 0.000448025 0.000151797 4.46779e-05 1.17872e-05 2.83997e-06 6.2799e-07 1.2651e-07 2.27273e-08 3.47975e-09 4.08749e-10 2.62505e-11 0 
0 3.04576e-05 0.000304569 0.00132026 0.00343536 0.00647331 0.0101182 0.01412 0.0182348 0.0222078 0.0257911 0.0287647 0.0309553 0.0322497 0.0326019 0.032033 0.0306248 0.0285077 0.0258451 0.0228163 0.0196004 0.0163613 0.0132369 0.0103322 0.00771777 0.0054366 0.00352474 0.00203386 0.00101134 0.000427446 0.000155258 4.96066e-05 1.42208e-05 3.69294e-06 8.68551e-07 1.83339e-07 3.40226e-08 5.31482e-09 6.30614e-10 4.05921e-11 0 
0 2.07933e-05 0.000213355 0.000973224 0.00268271 0.0052676 0.00842305 0.011898 0.0154725 0.0189249 0.0220401 0.0246274 0.0265367 0.0276702 0.0279881 0.0275093 0.0263048 0.0244881 0.0222013 0.0196004 0.0168408 0.0140645 0.0113903 0.00890795 0.00667761 0.00473796 0.00312158 0.00186445 0.000986969 0.000456718 0.000184225 6.50397e-05 2.02187e-05 5.56116e-06 1.35529e-06 2.91255e-07 5.43113e-08 8.44756e-09 9.91852e-10 6.29276e-11 0 
0 1.31743e-05 0.000138299 0.000664276 0.00195806 0.00406246 0.006717 0.00966383 0.0126986 0.0156305 0.0182769 0.0204767 0.022103 0.0230732 0.0233543 0.0229628 0.0219597 0.0204421 0.0185314 0.0163613 0.0140645 0.0117624 0.00955576 0.00752049 0.00570747 0.00414781 0.00285799 0.00184039 0.00108396 0.00056768 0.00025719 9.91862e-05 3.25391e-05 9.1676e-06 2.241e-06 4.76722e-07 8.73157e-08 1.32832e-08 1.52237e-09 9.4223e-11 0 
0 7.72416e-06 8.2514e-05 0.000415611 0.00131614 0.00292631 0.00507584 0.00751031 0.0100283 0.0124625 0.0146604 0.0164887 0.0178428 0.018655 0.0188986 0.0185882 0.0177755 0.0165425 0.014992 0.0132369 0.0113903 0.00955576 0.00781961 0.00624708 0.00488073 0.00373805 0.00280422 0.00203209 0.00137248 0.000819721 0.000411387 0.000168306 5.61263e-05 1.56034e-05 3.70958e-06 7.6377e-07 1.35268e-07 1.99081e-08 2.21028e-09 1.32759e-10 0 
0 4.18113e-06 4.51298e-05 0.000236314 0.000801952 0.0019305 0.00357219 0.00551341 0.00755023 0.00952589 0.0113112 0.0127975 0.0139004 0.0145658 0.0147731 0.0145351 0.0138954 0.0129225 0.0117028 0.0103322 0.00890795 0.00752049 0.00624708 0.00514692 0.00425871 0.00359703 0.0031292 0.00272405 0.00218713 0.00147644 0.000788699 0.00032499 0.00010405 2.69782e-05 5.96787e-06 1.15805e-06 1.95708e-07 2.76879e-08 2.96823e-09 1.72753e-10 0 
0 2.08642e-06 2.25738e-05 0.000121434 0.000437066 0.00114072 0.00228404 0.00374275 0.00533105 0.00689284 0.00831028 0.00949246 0.0103719 0.0109061 0.0110796 0.0109039 0.0104154 0.00967125 0.00874446 0.00771777 0.00667761 0.00570747 0.00488073 0.00425871 0.00391823 0.00401864 0.00469318 0.00549308 0.00534249 0.00387294 0.00202893 0.000775023 0.000220882 4.93305e-05 9.40946e-06 1.63764e-06 2.58744e-07 3.50046e-08 3.6229e-09 2.04588e-10 0 
0 9.59224e-07 1.03213e-05 5.62999e-05 0.000211456 0.000592371 0.00128911 0.00227783 0.00343439 0.00461572 0.00570652 0.00662341 0.00730909 0.00772939 0.00787255 0.00774867 0.00738807 0.00683884 0.00616372 0.0054366 0.00473796 0.00414781 0.00373805 0.00359703 0.00401864 0.00588343 0.0100359 0.014754 0.0157878 0.0116485 0.00586939 0.00205082 0.000513345 9.62349e-05 1.48797e-05 2.16523e-06 3.0836e-07 3.95697e-08 3.96094e-09 2.17847e-10 0 
0 4.064e-07 4.31843e-06 2.35938e-05 9.08001e-05 0.00026785 0.00062721 0.00120014 0.00194236 0.00275767 0.0035447 0.00422316 0.00473846 0.00505926 0.0051748 0.00509305 0.00483926 0.00445446 0.00399389 0.00352474 0.00312158 0.00285799 0.00280422 0.0031292 0.00469318 0.0100359 0.02133 0.0340449 0.0374223 0.0277042 0.0137517 0.00460593 0.0010654 0.000176553 2.26503e-05 2.6622e-06 3.27979e-07 3.9461e-08 3.83205e-09 2.06458e-10 0 
0 1.58817e-07 1.65699e-06 8.97548e-06 3.48091e-05 0.000105762 0.000260885 0.000534096 0.000928125 0.00140468 0.00190029 0.00235039 0.00270463 0.00293168 0.00301903 0.00297127 0.00280854 0.00256517 0.00228804 0.00203386 0.00186445 0.00184039 0.00203209 0.00272405 0.00549308 0.014754 0.0340449 0.0556817 0.0616518 0.045682 0.0225741 0.00745257 0.0016649 0.000258432 2.94757e-05 2.90056e-06 3.05884e-07 3.42957e-08 3.24825e-09 1.72736e-10 0 
0 5.73212e-08 5.84634e-07 3.11568e-06 1.20196e-05 3.68906e-05 9.35911e-05 0.000200359 0.000367965 0.000589855 0.00084076 0.00108498 0.00128776 0.00142357 0.00147986 0.00145772 0.00137094 0.00124434 0.00111137 0.00101134 0.000986969 0.00108396 0.00137248 0.00218713 0.00534249 0.0157878 0.0374223 0.0616518 0.0683687 0.05071 0.0250196 0.00822211 0.0018128 0.000273018 2.92974e-05 2.58453e-06 2.4215e-07 2.56474e-08 2.39403e-09 1.26822e-10 0 
0 1.91338e-08 1.90185e-07 9.9192e-07 3.77221e-06 1.15302e-05 2.94979e-05 6.45127e-05 0.000122372 0.00020393 0.000302477 0.000404573 0.000494041 0.000556876 0.000584983 0.000577939 0.00054296 0.00049362 0.000448025 0.000427446 0.000456718 0.00056768 0.000819721 0.00147644 0.00387294 0.0116485 0.0277042 0.045682 0.05071 0.0375741 0.0185399 0.00608836 0.0013378 0.000199163 2.08499e-05 1.75953e-06 1.56953e-07 1.63129e-08 1.52644e-09 8.13988e-11 0 
0 5.91336e-09 5.71687e-08 2.90824e-07 1.08404e-06 3.26989e-06 8.32392e-06 1.82778e-05 3.51044e-05 5.96168e-05 9.04201e-05 0.000123668 0.000153973 0.000176113 0.000186755 0.000185547 0.000175319 0.000161578 0.000151797 0.000155258 0.000184225 0.00025719 0.000411387 0.000788699 0.00202893 0.00586939 0.0137517 0.0225741 0.0250196 0.0185399 0.00915453 0.00301199 0.000663098 9.86815e-05 1.03519e-05 8.86589e-07 8.17345e-08 8.77931e-09 8.40428e-10 4.55955e-11 0 
0 1.69272e-09 1.58999e-08 7.87433e-08 2.86742e-07 8.48982e-07 2.13347e-06 4.65334e-06 8.93121e-06 1.52361e-05 2.32979e-05 3.21841e-05 4.0475e-05 4.67097e-05 4.99158e-05 4.99949e-05 4.78403e-05 4.5227e-05 4.46779e-05 4.96066e-05 6.50397e-05 9.91862e-05 0.000168306 0.00032499 0.000775023 0.00205082 0.00460593 0.00745257 0.00822211 0.00608836 0.00301199 0.000995302 0.000220373 3.31534e-05 3.59233e-06 3.33691e-07 3.45607e-08 4.01656e-09 4.00102e-10 2.22897e-11 0 
0 4.48429e-10 4.09105e-09 1.97079e-08 6.99929e-08 2.02839e-07 5.0103e-07 1.07908e-06 2.05443e-06 3.49103e-06 5.33562e-06 7.38568e-06 9.32277e-06 1.08122e-05 1.16309e-05 1.17691e-05 1.14718e-05 1.12313e-05 1.17872e-05 1.42208e-05 2.02187e-05 3.25391e-05 5.61263e-05 0.00010405 0.000220882 0.000513345 0.0010654 0.0016649 0.0018128 0.0013378 0.000663098 0.000220373 4.93867e-05 7.66831e-06 9.0223e-07 9.89499e-08 1.22908e-08 1.57955e-09 1.65212e-10 9.51724e-12 0 
0 1.09629e-10 9.71596e-10 4.55246e-09 1.57598e-08 4.4647e-08 1.08175e-07 2.2937e-07 4.31537e-07 7.27235e-07 1.10587e-06 1.52736e-06 1.92853e-06 2.24317e-06 2.42855e-06 2.48801e-06 2.48271e-06 2.53549e-06 2.83997e-06 3.69294e-06 5.56116e-06 9.1676e-06 1.56034e-05 2.69782e-05 4.93305e-05 9.62349e-05 0.000176553 0.000258432 0.000273018 0.000199163 9.86815e-05 3.31534e-05 7.66831e-06 1.28759e-06 1.79338e-07 2.52506e-08 3.8161e-09 5.39143e-10 5.93247e-11 3.55038e-12 0 
0 2.45827e-11 2.11774e-10 9.65588e-10 3.25883e-09 9.02268e-09 2.1427e-08 4.46722e-08 8.29094e-08 1.38278e-07 2.08751e-07 2.87085e-07 3.6204e-07 4.22041e-07 4.60128e-07 4.78408e-07 4.9093e-07 5.25663e-07 6.2799e-07 8.68551e-07 1.35529e-06 2.241e-06 3.70958e-06 5.96787e-06 9.40946e-06 1.48797e-05 2.26503e-05 2.94757e-05 2.92974e-05 2.08499e-05 1.03519e-05 3.59233e-06 9.0223e-07 1.79338e-07 3.2589e-08 5.96278e-09 1.05063e-09 1.60165e-10 1.85208e-11 1.15489e-12 0 
0 4.99709e-12 4.1883e-11 1.85987e-10 6.12354e-10 1.65757e-09 3.85841e-09 7.9072e-09 1.44682e-08 2.38617e-08 3.57299e-08 4.88889e-08 6.15467e-08 7.19157e-08 7.90486e-08 8.36365e-08 8.86251e-08 9.97735e-08 1.2651e-07 1.83339e-07 2.91255e-07 4.76722e-07 7.6377e-07 1.15805e-06 1.63764e-06 2.16523e-06 2.6622e-06 2.90056e-06 2.58453e-06 1.75953e-06 8.86589e-07 3.33691e-07 9.89499e-08 2.52506e-08 5.96278e-09 1.30756e-09 2.54205e-10 4.1185e-11 4.99845e-12 3.25283e-13 0 
0 9.00637e-13 7.35246e-12 3.18331e-11 1.02346e-10 2.71065e-10 6.18805e-10 1.2469e-09 2.24947e-09 3.66827e-09 5.44717e-09 7.41475e-09 9.31967e-09 1.09229e-08 1.21245e-08 1.30924e-08 1.4376e-08 1.70218e-08 2.27273e-08 3.40226e-08 5.43113e-08 8.73157e-08 1.35268e-07 1.95708e-07 2.58744e-07 3.0836e-07 3.27979e-07 3.05884e-07 2.4215e-07 1.56953e-07 8.17345e-08 3.45607e-08 1.22908e-08 3.8161e-09 1.05063e-09 2.54205e-10 5.27908e-11 9.01805e-12 1.14742e-12 7.79672e-14 0 
0 1.37643e-13 1.09582e-12 4.63155e-12 1.45577e-11 3.77633e-11 8.46174e-11 1.67757e-10 2.98529e-10 4.81506e-10 7.09259e-10 9.60763e-10 1.20636e-09 1.41975e-09 1.59468e-09 1.76273e-09 2.01068e-09 2.49855e-09 3.47975e-09 5.31482e-09 8.44756e-09 1.32832e-08 1.99081e-08 2.76879e-08 3.50046e-08 3.95697e-08 3.9461e-08 3.42957e-08 2.56474e-08 1.63129e-08 8.77931e-09 4.01656e-09 1.57955e-09 5.39143e-10 1.60165e-10 4.1185e-11 9.01805e-12 1.61772e-12 2.15484e-13 1.52824e-14 0 
0 1.60763e-14 1.24979e-13 5.1634e-13 1.58863e-12 4.04088e-12 8.8963e-12 1.73677e-11 3.05075e-11 4.86982e-11 7.1194e-11 9.60304e-11 1.20563e-10 1.42686e-10 1.62546e-10 1.84448e-10 2.18811e-10 2.84146e-10 4.08749e-10 6.30614e-10 9.91852e-10 1.52237e-09 2.21028e-09 2.96823e-09 3.6229e-09 3.96094e-09 3.83205e-09 3.24825e-09 2.39403e-09 1.52644e-09 8.40428e-10 4.00102e-10 1.65212e-10 5.93247e-11 1.85208e-11 4.99845e-12 1.14742e-12 2.15484e-13 2.99924e-14 2.21767e-15 0 
0 1.02387e-15 7.78279e-15 3.14722e-14 9.49067e-14 2.36998e-13 5.13209e-13 9.87536e-13 1.71372e-12 2.70931e-12 3.93401e-12 5.28836e-12 6.6462e-12 7.92384e-12 9.17758e-12 1.07159e-11 1.3216e-11 1.78313e-11 2.62505e-11 4.05921e-11 6.29276e-11 9.4223e-11 1.32759e-10 1.72753e-10 2.04588e-10 2.17847e-10 2.06458e-10 1.72736e-10 1.26822e-10 8.13988e-11 4.55955e-11 2.22897e-11 9.51724e-12 3.55038e-12 1.15489e-12 3.25283e-13 7.79672e-14 1.52824e-14 2.21767e-15 1.70688e-16 0 
0 0 0 0 0 0 0 0 0 0 0 0 0 0 0 0 0 0 0 0 0 0 0 0 0 0 0 0 0 0 0 0 0 0 0 0 0 0 0 0 0 
