0 0 0 0 0 0 0 0 0 0 0 0 0 0 0 0 0 0 0 0 0 0 0 0 0 0 0 0 0 0 0 0 0 0 0 0 0 0 0 0 0 
0 3.39406e-07 3.03516e-06 1.34735e-05 4.12051e-05 9.67107e-05 0.000185137 0.000302499 0.000437335 0.000575192 0.000702429 0.000808152 0.000884779 0.000927962 0.000936282 0.000910901 0.000855188 0.000774336 0.000674951 0.000564602 0.000451285 0.000342759 0.000245744 0.000165082 0.000103097 5.94021e-05 3.13651e-05 1.50982e-05 6.60416e-06 2.62136e-06 9.44197e-07 3.08816e-07 9.17376e-08 2.47206e-08 6.01686e-09 1.30984e-09 2.49906e-10 4.00349e-11 4.86135e-12 3.19707e-13 0 
0 3.03516e-06 2.7802e-05 0.000122219 0.000355053 0.000765091 0.00132399 0.0019613 0.00260765 0.0032116 0.00373707 0.00415816 0.00445675 0.0046224 0.00465253 0.00455229 0.00433363 0.00401379 0.00361348 0.00315521 0.00266216 0.00215783 0.00166644 0.00121299 0.000821494 0.000510522 0.000287386 0.000145091 6.53405e-05 2.62289e-05 9.41149e-06 3.03192e-06 8.8035e-07 2.308e-07 5.45208e-08 1.15094e-08 2.12982e-09 3.31222e-10 3.90948e-11 2.50306e-12 0 
0 1.34735e-05 0.000122219 0.000503501 0.00130347 0.00246384 0.00381162 0.005214 0.00658932 0.00787129 0.00899609 0.00990588 0.0105554 0.0109168 0.0109815 0.0107603 0.0102809 0.00958421 0.00871941 0.00773899 0.00669357 0.00562769 0.0045776 0.00357254 0.00264018 0.00181367 0.00113236 0.000628343 0.000304801 0.000128412 4.71442e-05 1.52236e-05 4.36794e-06 1.12162e-06 2.58264e-07 5.30277e-08 9.53931e-09 1.44292e-09 1.65836e-10 1.03537e-11 0 
0 4.12051e-05 0.000355053 0.00130347 0.00293886 0.00499093 0.00725854 0.00963272 0.0120022 0.0142392 0.0162159 0.0178206 0.0189683 0.0196071 0.0197211 0.0193291 0.0184806 0.0172493 0.0157245 0.0140027 0.0121788 0.0103389 0.00855343 0.00687282 0.00532626 0.00392858 0.00269744 0.00167175 0.000904344 0.000416492 0.000162123 5.38483e-05 1.55249e-05 3.94582e-06 8.91609e-07 1.78885e-07 3.13926e-08 4.63156e-09 5.19581e-10 3.17018e-11 0 
0 9.67107e-05 0.000765091 0.00246384 0.00499093 0.00802588 0.0114253 0.0150394 0.0186721 0.022111 0.0251532 0.0276242 0.0293918 0.0303757 0.030551 0.0299468 0.0286396 0.026743 0.0243952 0.0217457 0.0189426 0.0161212 0.013396 0.0108541 0.00855091 0.00650817 0.00472056 0.00318005 0.00191308 0.000983283 0.000418723 0.000147216 4.35384e-05 1.10992e-05 2.4822e-06 4.89451e-07 8.41513e-08 1.21514e-08 1.33447e-09 7.97752e-11 0 
0 0.000185137 0.00132399 0.00381162 0.00725854 0.0114253 0.0161546 0.0212068 0.0262924 0.0311092 0.0353713 0.0388335 0.0413106 0.0426898 0.0429355 0.0420883 0.040256 0.0375982 0.0343088 0.0305974 0.0266719 0.0227229 0.0189125 0.0153665 0.0121703 0.00936734 0.00695806 0.00490856 0.00318506 0.00180903 0.00085321 0.000324714 0.000100535 2.6078e-05 5.82621e-06 1.13627e-06 1.92294e-07 2.7279e-08 2.94203e-09 1.728e-10 0 
0 0.000302499 0.0019613 0.005214 0.00963272 0.0150394 0.0212068 0.0278033 0.0344455 0.0407376 0.046307 0.0508446 0.0541335 0.0560137 0.0563559 0.0551876 0.0527249 0.0492225 0.0449189 0.0400702 0.034943 0.0297862 0.024812 0.020186 0.0160227 0.0123858 0.00928851 0.0066962 0.00454066 0.00277428 0.00143595 0.000596623 0.000196295 5.24791e-05 1.18189e-05 2.29405e-06 3.83923e-07 5.37088e-08 5.70699e-09 3.30282e-10 0 
0 0.000437335 0.00260765 0.00658932 0.0120022 0.0186721 0.0262924 0.0344455 0.0426561 0.0504385 0.0573898 0.0633843 0.0682849 0.0713028 0.0718706 0.0699886 0.066123 0.0611654 0.0556407 0.0496141 0.043274 0.0369003 0.0307532 0.0250379 0.0198972 0.0154123 0.0116069 0.00845097 0.00586535 0.00375437 0.00208881 0.00094216 0.000331408 9.2136e-05 2.10712e-05 4.09281e-06 6.80251e-07 9.41796e-08 9.89052e-09 5.6558e-10 0 
0 0.000575192 0.0032116 0.00787129 0.0142392 0.022111 0.0311092 0.0407376 0.0504385 0.0597222 0.0686627 0.0771451 0.0829487 0.0857374 0.0862366 0.0846503 0.0806448 0.0739867 0.0662218 0.05871 0.0511711 0.0436412 0.0363825 0.0296346 0.0235665 0.0182756 0.013793 0.0100913 0.0070887 0.00466483 0.00273024 0.00131798 0.000494245 0.00014339 3.34557e-05 6.52973e-06 1.08165e-06 1.48673e-07 1.54755e-08 8.7673e-10 0 
0 0.000702429 0.00373707 0.00899609 0.0162159 0.0251532 0.0353713 0.046307 0.0573898 0.0686627 0.0801598 0.0878574 0.0918756 0.0937915 0.0941613 0.0931011 0.0904108 0.0854024 0.0769704 0.0671512 0.0582025 0.0496104 0.0413659 0.0337036 0.0268143 0.0208089 0.0157244 0.0115342 0.0081544 0.00545308 0.00329992 0.00167672 0.000664226 0.000200716 4.7847e-05 9.40637e-06 1.55703e-06 2.13029e-07 2.20348e-08 1.23974e-09 0 
0 0.000808152 0.00415816 0.00990588 0.0178206 0.0276242 0.0388335 0.0508446 0.0633843 0.0771451 0.0878574 0.0935638 0.0967293 0.0983029 0.0986237 0.0977705 0.0956277 0.0918017 0.0852903 0.0749265 0.0641117 0.0544759 0.0454169 0.0370112 0.0294543 0.0228678 0.0172933 0.0127037 0.00901313 0.00608336 0.00375959 0.00198001 0.000818475 0.000256029 6.22561e-05 1.23361e-05 2.04386e-06 2.78924e-07 2.87322e-08 1.60895e-09 0 
0 0.000884779 0.00445675 0.0105554 0.0189683 0.0293918 0.0413106 0.0541335 0.0682849 0.0829487 0.0918756 0.0967293 0.099527 0.100947 0.101246 0.100489 0.0985898 0.095267 0.0898169 0.0806581 0.0687028 0.0579979 0.0483196 0.0393805 0.0313455 0.0243429 0.0184172 0.0135409 0.00962599 0.00653081 0.00408687 0.00220238 0.000937606 0.000300927 7.43376e-05 1.48335e-05 2.46181e-06 3.35625e-07 3.44956e-08 1.92639e-09 0 
0 0.000927962 0.0046224 0.0109168 0.0196071 0.0303757 0.0426898 0.0560137 0.0713028 0.0857374 0.0937915 0.0983029 0.100947 0.102302 0.102592 0.101876 0.100082 0.0969677 0.0919457 0.083585 0.0714669 0.0600018 0.0499417 0.0407038 0.0324022 0.0251675 0.0190458 0.0140094 0.00996893 0.00678103 0.00427078 0.00233014 0.00100876 0.000328809 8.20517e-05 1.6455e-05 2.73586e-06 3.73046e-07 3.8318e-08 2.13784e-09 0 
0 0.000936282 0.00465253 0.0109815 0.0197211 0.030551 0.0429355 0.0563559 0.0718706 0.0862366 0.0941613 0.0986237 0.101246 0.102592 0.102882 0.102172 0.100393 0.0973097 0.0923508 0.0841168 0.0719934 0.060374 0.0502399 0.0409478 0.032598 0.0253211 0.0191639 0.0140984 0.0100353 0.00683097 0.00430959 0.00235928 0.00102637 0.000336217 8.42191e-05 1.69315e-05 2.81956e-06 3.84887e-07 3.95698e-08 2.20949e-09 0 
0 0.000910901 0.00455229 0.0107603 0.0193291 0.0299468 0.0420883 0.0551876 0.0699886 0.0846503 0.0931011 0.0977705 0.100489 0.101876 0.102172 0.101437 0.0995938 0.0963841 0.0911712 0.0824374 0.0702921 0.0591521 0.0492605 0.0401513 0.031964 0.0248284 0.0187903 0.0138222 0.0098358 0.0066891 0.0042098 0.00229379 0.000991817 0.00032329 8.07957e-05 1.62439e-05 2.70891e-06 3.70574e-07 3.81935e-08 2.13838e-09 0 
0 0.000855188 0.00433363 0.0102809 0.0184806 0.0286396 0.040256 0.0527249 0.066123 0.0806448 0.0904108 0.0956277 0.0985898 0.100082 0.100393 0.0995938 0.0975881 0.094051 0.0881622 0.0783554 0.0667548 0.0565418 0.0471313 0.0384168 0.0305822 0.0237533 0.017974 0.0132174 0.00939719 0.00637442 0.00398548 0.00214473 0.000912622 0.00029349 7.28233e-05 1.46177e-05 2.44211e-06 3.35273e-07 3.47099e-08 1.95293e-09 0 
0 0.000774336 0.00401379 0.00958421 0.0172493 0.026743 0.0375982 0.0492225 0.0611654 0.0739867 0.0854024 0.0918017 0.095267 0.0969677 0.0973097 0.0963841 0.094051 0.0898346 0.0825606 0.0720827 0.0620307 0.0528067 0.0440398 0.0358967 0.0285744 0.0221914 0.0167881 0.0123384 0.00875883 0.0059149 0.0036578 0.00192988 0.000801546 0.000252801 6.21164e-05 1.24487e-05 2.08668e-06 2.8817e-07 3.00484e-08 1.70392e-09 0 
0 0.000674951 0.00361348 0.00871941 0.0157245 0.0243952 0.0343088 0.0449189 0.0556407 0.0662218 0.0769704 0.0852903 0.0898169 0.0919457 0.0923508 0.0911712 0.0881622 0.0825606 0.0740115 0.0650145 0.0565259 0.0482108 0.0402123 0.0327764 0.0260894 0.0202591 0.0153219 0.0112522 0.00796939 0.00534607 0.00325552 0.00167414 0.000675503 0.000208608 5.08148e-05 1.01945e-05 1.72033e-06 2.39863e-07 2.52855e-08 1.45031e-09 0 
0 0.000564602 0.00315521 0.00773899 0.0140027 0.0217457 0.0305974 0.0400702 0.0496141 0.05871 0.0671512 0.0749265 0.0806581 0.083585 0.0841168 0.0824374 0.0783554 0.0720827 0.0650145 0.0578227 0.0504342 0.043032 0.0358939 0.0292571 0.0232882 0.018083 0.0136729 0.0100323 0.00708389 0.00471149 0.00281749 0.00141027 0.000554106 0.000168474 4.09476e-05 8.27417e-06 1.41336e-06 1.99902e-07 2.13897e-08 1.24502e-09 0 
0 0.000451285 0.00266216 0.00669357 0.0121788 0.0189426 0.0266719 0.034943 0.043274 0.0511711 0.0582025 0.0641117 0.0687028 0.0714669 0.0719934 0.0702921 0.0667548 0.0620307 0.0565259 0.0504342 0.0440127 0.0375557 0.0313281 0.0255383 0.0203311 0.0157895 0.0119395 0.00875507 0.00616419 0.00406763 0.00239753 0.00117915 0.000457717 0.000139082 3.41318e-05 7.00338e-06 1.2171e-06 1.75108e-07 1.9037e-08 1.12401e-09 0 
0 0.000342759 0.00215783 0.00562769 0.0103389 0.0161212 0.0227229 0.0297862 0.0369003 0.0436412 0.0496104 0.0544759 0.0579979 0.0600018 0.060374 0.0591521 0.0565418 0.0528067 0.0482108 0.043032 0.0375557 0.0320488 0.0267387 0.0218034 0.0173662 0.0134981 0.01022 0.00750624 0.00529229 0.003497 0.00206841 0.00102646 0.0004048 0.000125508 3.1437e-05 6.56825e-06 1.1586e-06 1.68661e-07 1.85005e-08 1.09943e-09 0 
0 0.000245744 0.00166644 0.0045776 0.00855343 0.013396 0.0189125 0.024812 0.0307532 0.0363825 0.0413659 0.0454169 0.0483196 0.0499417 0.0502399 0.0492605 0.0471313 0.0440398 0.0402123 0.0358939 0.0313281 0.0267387 0.0223161 0.0182096 0.0145264 0.0113353 0.00866121 0.00646599 0.00465732 0.00315214 0.00192234 0.000993214 0.000408373 0.000130665 3.33136e-05 7.00966e-06 1.23707e-06 1.79497e-07 1.95829e-08 1.15599e-09 0 
0 0.000165082 0.00121299 0.00357254 0.00687282 0.0108541 0.0153665 0.020186 0.0250379 0.0296346 0.0337036 0.0370112 0.0393805 0.0407038 0.0409478 0.0401513 0.0384168 0.0358967 0.0327764 0.0292571 0.0255383 0.0218034 0.0182096 0.0148873 0.0119596 0.00956636 0.00779 0.0064463 0.00511334 0.00361076 0.00219661 0.00113735 0.000477661 0.000155162 3.94559e-05 8.18456e-06 1.4176e-06 2.0169e-07 2.15878e-08 1.25158e-09 0 
0 0.000103097 0.000821494 0.00264018 0.00532626 0.00855091 0.0121703 0.0160227 0.0198972 0.0235665 0.0268143 0.0294543 0.0313455 0.0324022 0.032598 0.031964 0.0305822 0.0285744 0.0260894 0.0232882 0.0203311 0.0173662 0.0145264 0.0119596 0.00995209 0.00906237 0.00969772 0.0109111 0.0104941 0.00765508 0.00415973 0.00179279 0.000660272 0.000201269 4.88765e-05 9.72701e-06 1.62626e-06 2.245e-07 2.34028e-08 1.32546e-09 0 
0 5.94021e-05 0.000510522 0.00181367 0.00392858 0.00650817 0.00936734 0.0123858 0.0154123 0.0182756 0.0208089 0.0228678 0.0243429 0.0251675 0.0253211 0.0248284 0.0237533 0.0221914 0.0202591 0.018083 0.0157895 0.0134981 0.0113353 0.00956636 0.00906237 0.0118295 0.019412 0.0303178 0.036149 0.0223359 0.0112909 0.00404883 0.00114308 0.00028359 6.06362e-05 1.11056e-05 1.7619e-06 2.34781e-07 2.3812e-08 1.31783e-09 0 
0 3.13651e-05 0.000287386 0.00113236 0.00269744 0.00472056 0.00695806 0.00928851 0.0116069 0.013793 0.0157244 0.0172933 0.0184172 0.0190458 0.0191639 0.0187903 0.017974 0.0167881 0.0153219 0.0136729 0.0119395 0.01022 0.00866121 0.00779 0.00969772 0.019412 0.0437352 0.0767617 0.0801234 0.0636756 0.0262955 0.00884095 0.00212502 0.000417505 7.33416e-05 1.17597e-05 1.73403e-06 2.2247e-07 2.20243e-08 1.19609e-09 0 
0 1.50982e-05 0.000145091 0.000628343 0.00167175 0.00318005 0.00490856 0.0066962 0.00845097 0.0100913 0.0115342 0.0127037 0.0135409 0.0140094 0.0140984 0.0138222 0.0132174 0.0123384 0.0112522 0.0100323 0.00875507 0.00750624 0.00646599 0.0064463 0.0109111 0.0303178 0.0767617 0.0869723 0.0882512 0.0829962 0.0539201 0.0142418 0.00322855 0.00055198 8.10426e-05 1.11567e-05 1.5081e-06 1.86448e-07 1.81337e-08 9.73045e-10 0 
0 6.60416e-06 6.53405e-05 0.000304801 0.000904344 0.00191308 0.00318506 0.00454066 0.00586535 0.0070887 0.0081544 0.00901313 0.00962599 0.00996893 0.0100353 0.0098358 0.00939719 0.00875883 0.00796939 0.00708389 0.00616419 0.00529229 0.00465732 0.00511334 0.0104941 0.036149 0.0801234 0.0882512 0.0893445 0.0851744 0.0638857 0.0157448 0.0034935 0.000562922 7.3961e-05 9.01941e-06 1.13012e-06 1.35914e-07 1.31123e-08 7.01246e-10 0 
0 2.62136e-06 2.62289e-05 0.000128412 0.000416492 0.000983283 0.00180903 0.00277428 0.00375437 0.00466483 0.00545308 0.00608336 0.00653081 0.00678103 0.00683097 0.0066891 0.00637442 0.0059149 0.00534607 0.00471149 0.00406763 0.003497 0.00315214 0.00361076 0.00765508 0.0223359 0.0636756 0.0829962 0.0851744 0.0788688 0.039011 0.0116275 0.00258163 0.000409719 5.13427e-05 5.89599e-06 7.13022e-07 8.52135e-08 8.25953e-09 4.44508e-10 0 
0 9.44197e-07 9.41149e-06 4.71442e-05 0.000162123 0.000418723 0.00085321 0.00143595 0.00208881 0.00273024 0.00329992 0.00375959 0.00408687 0.00427078 0.00430959 0.0042098 0.00398548 0.0036578 0.00325552 0.00281749 0.00239753 0.00206841 0.00192234 0.00219661 0.00415973 0.0112909 0.0262955 0.0539201 0.0638857 0.039011 0.0174703 0.00576344 0.00129254 0.00020758 2.608e-05 3.025e-06 3.74008e-07 4.57153e-08 4.51522e-09 2.46913e-10 0 
0 3.08816e-07 3.03192e-06 1.52236e-05 5.38483e-05 0.000147216 0.000324714 0.000596623 0.00094216 0.00131798 0.00167672 0.00198001 0.00220238 0.00233014 0.00235928 0.00229379 0.00214473 0.00192988 0.00167414 0.00141027 0.00117915 0.00102646 0.000993214 0.00113735 0.00179279 0.00404883 0.00884095 0.0142418 0.0157448 0.0116275 0.00576344 0.00192297 0.000442301 7.34919e-05 9.72535e-06 1.22549e-06 1.63825e-07 2.10145e-08 2.14136e-09 1.20025e-10 0 
0 9.17376e-08 8.8035e-07 4.36794e-06 1.55249e-05 4.35384e-05 0.000100535 0.000196295 0.000331408 0.000494245 0.000664226 0.000818475 0.000937606 0.00100876 0.00102637 0.000991817 0.000912622 0.000801546 0.000675503 0.000554106 0.000457717 0.0004048 0.000408373 0.000477661 0.000660272 0.00114308 0.00212502 0.00322855 0.0034935 0.00258163 0.00129254 0.000442301 0.00010597 1.8781e-05 2.7877e-06 4.07776e-07 6.09895e-08 8.32329e-09 8.82419e-10 5.10531e-11 0 
0 2.47206e-08 2.308e-07 1.12162e-06 3.94582e-06 1.10992e-05 2.6078e-05 5.24791e-05 9.2136e-05 0.00014339 0.000200716 0.000256029 0.000300927 0.000328809 0.000336217 0.00032329 0.00029349 0.000252801 0.000208608 0.000168474 0.000139082 0.000125508 0.000130665 0.000155162 0.000201269 0.00028359 0.000417505 0.00055198 0.000562922 0.000409719 0.00020758 7.34919e-05 1.8781e-05 3.75454e-06 6.69546e-07 1.17323e-07 1.96494e-08 2.8562e-09 3.16466e-10 1.89962e-11 0 
0 6.01686e-09 5.45208e-08 2.58264e-07 8.91609e-07 2.4822e-06 5.82621e-06 1.18189e-05 2.10712e-05 3.34557e-05 4.7847e-05 6.22561e-05 7.43376e-05 8.20517e-05 8.42191e-05 8.07957e-05 7.28233e-05 6.21164e-05 5.08148e-05 4.09476e-05 3.41318e-05 3.1437e-05 3.33136e-05 3.94559e-05 4.88765e-05 6.06362e-05 7.33416e-05 8.10426e-05 7.3961e-05 5.13427e-05 2.608e-05 9.72535e-06 2.7877e-06 6.69546e-07 1.46873e-07 3.00832e-08 5.52102e-09 8.50765e-10 9.87148e-11 6.16868e-12 0 
0 1.30984e-09 1.15094e-08 5.30277e-08 1.78885e-07 4.89451e-07 1.13627e-06 2.29405e-06 4.09281e-06 6.52973e-06 9.40637e-06 1.23361e-05 1.48335e-05 1.6455e-05 1.69315e-05 1.62439e-05 1.46177e-05 1.24487e-05 1.01945e-05 8.27417e-06 7.00338e-06 6.56825e-06 7.00966e-06 8.18456e-06 9.72701e-06 1.11056e-05 1.17597e-05 1.11567e-05 9.01941e-06 5.89599e-06 3.025e-06 1.22549e-06 4.07776e-07 1.17323e-07 3.00832e-08 6.84546e-09 1.34677e-09 2.18998e-10 2.66279e-11 1.73558e-12 0 
0 2.49906e-10 2.12982e-09 9.53931e-09 3.13926e-08 8.41513e-08 1.92294e-07 3.83923e-07 6.80251e-07 1.08165e-06 1.55703e-06 2.04386e-06 2.46181e-06 2.73586e-06 2.81956e-06 2.70891e-06 2.44211e-06 2.08668e-06 1.72033e-06 1.41336e-06 1.2171e-06 1.1586e-06 1.23707e-06 1.4176e-06 1.62626e-06 1.7619e-06 1.73403e-06 1.5081e-06 1.13012e-06 7.13022e-07 3.74008e-07 1.63825e-07 6.09895e-08 1.96494e-08 5.52102e-09 1.34677e-09 2.80481e-10 4.79787e-11 6.11145e-12 4.15751e-13 0 
0 4.00349e-11 3.31222e-10 1.44292e-09 4.63156e-09 1.21514e-08 2.7279e-08 5.37088e-08 9.41796e-08 1.48673e-07 2.13029e-07 2.78924e-07 3.35625e-07 3.73046e-07 3.84887e-07 3.70574e-07 3.35273e-07 2.8817e-07 2.39863e-07 1.99902e-07 1.75108e-07 1.68661e-07 1.79497e-07 2.0169e-07 2.245e-07 2.34781e-07 2.2247e-07 1.86448e-07 1.35914e-07 8.52135e-08 4.57153e-08 2.10145e-08 8.32329e-09 2.8562e-09 8.50765e-10 2.18998e-10 4.79787e-11 8.61143e-12 1.14784e-12 8.14719e-14 0 
0 4.86135e-12 3.90948e-11 1.65836e-10 5.19581e-10 1.33447e-09 2.94203e-09 5.70699e-09 9.89052e-09 1.54755e-08 2.20348e-08 2.87322e-08 3.44956e-08 3.8318e-08 3.95698e-08 3.81935e-08 3.47099e-08 3.00484e-08 2.52855e-08 2.13897e-08 1.9037e-08 1.85005e-08 1.95829e-08 2.15878e-08 2.34028e-08 2.3812e-08 2.20243e-08 1.81337e-08 1.31123e-08 8.25953e-09 4.51522e-09 2.14136e-09 8.82419e-10 3.16466e-10 9.87148e-11 2.66279e-11 6.11145e-12 1.14784e-12 1.59816e-13 1.1823e-14 0 
0 3.19707e-13 2.50306e-12 1.03537e-11 3.17018e-11 7.97752e-11 1.728e-10 3.30282e-10 5.6558e-10 8.7673e-10 1.23974e-09 1.60895e-09 1.92639e-09 2.13784e-09 2.20949e-09 2.13838e-09 1.95293e-09 1.70392e-09 1.45031e-09 1.24502e-09 1.12401e-09 1.09943e-09 1.15599e-09 1.25158e-09 1.32546e-09 1.31783e-09 1.19609e-09 9.73045e-10 7.01246e-10 4.44509e-10 2.46913e-10 1.20025e-10 5.10531e-11 1.89962e-11 6.16868e-12 1.73558e-12 4.15751e-13 8.14719e-14 1.1823e-14 9.10208e-16 0 
0 0 0 0 0 0 0 0 0 0 0 0 0 0 0 0 0 0 0 0 0 0 0 0 0 0 0 0 0 0 0 0 0 0 0 0 0 0 0 0 0 
