0 0 0 0 0 0 0 0 0 0 0 0 0 0 0 0 0 0 0 0 0 0 0 0 0 0 0 0 0 0 0 0 0 0 0 0 0 0 0 0 0 
0 1.90364e-07 1.7219e-06 7.81667e-06 2.47135e-05 6.04217e-05 0.000120783 0.000205603 0.000308027 0.000417061 0.000520862 0.000609099 0.00067411 0.000711221 0.000718652 0.000697238 0.000650066 0.000582052 0.000499472 0.000409407 0.000319086 0.000235127 0.000162742 0.000105059 6.28136e-05 3.45613e-05 1.74108e-05 8.00292e-06 3.35087e-06 1.27782e-06 4.4411e-07 1.40797e-07 4.07223e-08 1.07281e-08 2.56225e-09 5.49117e-10 1.03426e-10 1.63953e-11 1.97384e-12 1.28906e-13 0 
0 1.7219e-06 1.60611e-05 7.32755e-05 0.000224893 0.000516475 0.000949836 0.00147991 0.002044 0.00258649 0.00306593 0.00345324 0.00372918 0.00388303 0.00391198 0.00382062 0.00361995 0.00332609 0.00295888 0.00254061 0.00209527 0.00164809 0.00122499 0.000850753 0.000545293 0.000318722 0.000168229 7.97016e-05 3.38315e-05 1.28895e-05 4.42465e-06 1.37425e-06 3.87364e-07 9.91584e-08 2.29804e-08 4.77788e-09 8.73514e-10 1.34549e-10 1.57609e-11 1.00301e-12 0 
0 7.81667e-06 7.32755e-05 0.000321366 0.000902891 0.00184502 0.00302666 0.0043017 0.00556557 0.0067443 0.00777677 0.00861082 0.00920615 0.00953796 0.00959876 0.00939826 0.00896134 0.00832464 0.00753228 0.00663123 0.00566711 0.00468143 0.00371123 0.002792 0.00196207 0.00126306 0.000729814 0.000372338 0.000166328 6.51071e-05 2.24963e-05 6.92777e-06 1.91728e-06 4.79136e-07 1.08093e-07 2.18535e-08 3.88549e-09 5.82502e-10 6.64921e-11 4.12954e-12 0 
0 2.47135e-05 0.000224893 0.000902891 0.00223356 0.00405289 0.00612257 0.00829378 0.0104545 0.0124908 0.0142891 0.0157492 0.0167944 0.0173773 0.0174832 0.017129 0.0163595 0.015241 0.0138543 0.0122864 0.0106226 0.00893914 0.00729823 0.00574521 0.00431213 0.00302945 0.0019406 0.0010998 0.000537713 0.000224281 8.01964e-05 2.49462e-05 6.85862e-06 1.68581e-06 3.72074e-07 7.34152e-08 1.27306e-08 1.86207e-09 2.07574e-10 1.26055e-11 0 
0 6.04217e-05 0.000516475 0.00184502 0.00405289 0.00680979 0.00990371 0.013185 0.0164807 0.0196014 0.0223638 0.0246092 0.0262172 0.027114 0.0272765 0.0267306 0.0255455 0.0238241 0.021692 0.0192848 0.0167365 0.0141691 0.011685 0.00936018 0.00724159 0.00534997 0.00369635 0.00231152 0.00125722 0.000575584 0.000219452 7.05447e-05 1.9561e-05 4.77459e-06 1.03753e-06 2.00713e-07 3.40665e-08 4.87593e-09 5.32188e-10 3.1675e-11 0 
0 0.000120783 0.000949836 0.00302666 0.00612257 0.00990371 0.0141879 0.0187639 0.0233734 0.0277431 0.0316131 0.0347598 0.0370133 0.0382702 0.0384978 0.0377323 0.036071 0.0336584 0.030671 0.0272996 0.0237329 0.020144 0.0166793 0.0134511 0.0105336 0.00796101 0.0057324 0.00383461 0.0022872 0.00115827 0.000480923 0.000163287 4.64144e-05 1.13719e-05 2.45037e-06 4.67115e-07 7.79075e-08 1.09476e-08 1.17326e-09 6.86143e-11 0 
0 0.000205603 0.00147991 0.0043017 0.00829378 0.013185 0.0187639 0.0247371 0.0307586 0.0364687 0.0415269 0.0456403 0.0485884 0.0502348 0.0505333 0.0495303 0.0473559 0.0442015 0.040297 0.0358914 0.0312321 0.0265457 0.0220251 0.0178194 0.0140306 0.0107118 0.00786888 0.00546927 0.00347874 0.00192187 0.000873115 0.000317702 9.39071e-05 2.33363e-05 5.02156e-06 9.48124e-07 1.56015e-07 2.15965e-08 2.27936e-09 1.31326e-10 0 
0 0.000308027 0.002044 0.00556557 0.0104545 0.0164807 0.0233734 0.0307586 0.0382054 0.0452682 0.0515279 0.0566372 0.0603402 0.0624432 0.0628293 0.0615411 0.0587876 0.0548489 0.050009 0.044559 0.0387971 0.0330031 0.0274157 0.022221 0.0175471 0.0134646 0.00998902 0.00708555 0.00468852 0.00276206 0.00135941 0.000532114 0.00016506 4.1952e-05 9.07123e-06 1.70435e-06 2.77749e-07 3.79987e-08 3.96112e-09 2.25434e-10 0 
0 0.000417061 0.00258649 0.0067443 0.0124908 0.0196014 0.0277431 0.0364687 0.0452682 0.0536185 0.0610582 0.0672527 0.0718812 0.0745497 0.0750442 0.0734135 0.0699313 0.0650657 0.0592488 0.0527863 0.045976 0.0391306 0.0325307 0.0263963 0.0208802 0.0160682 0.0119839 0.00859421 0.00581991 0.00357982 0.0018766 0.00078552 0.000256352 6.69689e-05 1.46176e-05 2.74345e-06 4.44257e-07 6.02504e-08 6.22061e-09 3.50599e-10 0 
0 0.000520862 0.00306593 0.00777677 0.0142891 0.0223638 0.0316131 0.0415269 0.0515279 0.0610582 0.0697013 0.0770159 0.0822247 0.084976 0.0854754 0.0838576 0.0801005 0.0744261 0.0675616 0.0601031 0.0523423 0.0445633 0.0370655 0.0300978 0.0238341 0.0183735 0.0137457 0.00991881 0.006808 0.00430474 0.0023621 0.001045 0.000357473 9.60767e-05 2.12209e-05 3.98927e-06 6.43659e-07 8.67651e-08 8.89506e-09 4.9768e-10 0 
0 0.000609099 0.00345324 0.00861082 0.0157492 0.0246092 0.0347598 0.0456403 0.0566372 0.0672527 0.0770159 0.0847204 0.0895101 0.0918754 0.0923122 0.0909577 0.0876546 0.0820927 0.0745494 0.0661415 0.0575375 0.0489875 0.0407584 0.0331121 0.0262397 0.0202503 0.0151782 0.0109923 0.00760463 0.0048913 0.00276843 0.00127679 0.000454132 0.000125229 2.79947e-05 5.27918e-06 8.50443e-07 1.14204e-07 1.16525e-08 6.48669e-10 0 
0 0.00067411 0.00372918 0.00920615 0.0167944 0.0262172 0.0370133 0.0485884 0.0603402 0.0718812 0.0822247 0.0895101 0.0937616 0.0958617 0.0962604 0.0950724 0.092159 0.0871225 0.079637 0.0705906 0.0612933 0.0521661 0.0434105 0.0352774 0.027968 0.0215989 0.0162075 0.0117627 0.00817461 0.00531129 0.00306524 0.00145409 0.000532134 0.00014972 3.38156e-05 6.39937e-06 1.03075e-06 1.38154e-07 1.40585e-08 7.80312e-10 0 
0 0.000711221 0.00388303 0.00953796 0.0173773 0.027114 0.0382702 0.0502348 0.0624432 0.0745497 0.084976 0.0918754 0.0958617 0.0978433 0.0982259 0.0971132 0.0943823 0.0896549 0.0824184 0.0731453 0.0634223 0.0539526 0.0449004 0.0364948 0.0289406 0.0223587 0.0167881 0.0121978 0.00849697 0.00554982 0.00323663 0.00156008 0.00058076 0.000165512 3.76521e-05 7.1475e-06 1.15223e-06 1.54395e-07 1.56997e-08 8.70635e-10 0 
0 0.000718652 0.00391198 0.00959876 0.0174832 0.0272765 0.0384978 0.0505333 0.0628293 0.0750442 0.0854754 0.0923122 0.0962604 0.0982259 0.0986073 0.0975068 0.0948046 0.0901274 0.0829413 0.0736371 0.063832 0.0542965 0.0451892 0.0367329 0.0291328 0.0225107 0.0169062 0.0122884 0.00856644 0.00560395 0.00327842 0.00158811 0.000594627 0.000170307 3.88776e-05 7.39712e-06 1.19441e-06 1.60259e-07 1.63158e-08 9.05925e-10 0 
0 0.000697238 0.00382062 0.00939826 0.017129 0.0267306 0.0377323 0.0495303 0.0615411 0.0734135 0.0838576 0.0909577 0.0950724 0.0971132 0.0975068 0.0963628 0.0935521 0.0886861 0.0813182 0.0721148 0.0625706 0.053247 0.0443191 0.0360264 0.0285726 0.0220773 0.0165793 0.012048 0.00839361 0.00548204 0.00319632 0.00154069 0.000574176 0.000164045 3.74481e-05 7.13703e-06 1.15541e-06 1.5551e-07 1.58868e-08 8.85354e-10 0 
0 0.000650066 0.00361995 0.00896134 0.0163595 0.0255455 0.036071 0.0473559 0.0587876 0.0699313 0.0801005 0.0876546 0.092159 0.0943823 0.0948046 0.0935521 0.0904783 0.085201 0.0776268 0.068826 0.059827 0.0509426 0.0424035 0.0344682 0.0273346 0.0211171 0.0158525 0.0115107 0.00800374 0.00520293 0.003005 0.00142851 0.000525194 0.000148808 3.38928e-05 6.47192e-06 1.05225e-06 1.42417e-07 1.46415e-08 8.21514e-10 0 
0 0.000582052 0.00332609 0.00832464 0.015241 0.0238241 0.0336584 0.0442015 0.0548489 0.0650657 0.0744261 0.0820927 0.0871225 0.0896549 0.0901274 0.0886861 0.085201 0.0795316 0.0722056 0.0641599 0.0558667 0.0475884 0.0396118 0.0321971 0.0255303 0.0197178 0.0147934 0.0107274 0.00743454 0.00479518 0.0027278 0.0012696 0.000457715 0.000128251 2.91493e-05 5.58867e-06 9.15471e-07 1.25069e-07 1.29919e-08 7.36982e-10 0 
0 0.000499472 0.00295888 0.00753228 0.0138543 0.021692 0.030671 0.040297 0.050009 0.0592488 0.0675616 0.0745494 0.079637 0.0824184 0.0829413 0.0813182 0.0776268 0.0722056 0.0656741 0.0584967 0.0509794 0.0434309 0.0361511 0.0293829 0.023296 0.0179869 0.0134854 0.00976156 0.00673409 0.00429706 0.00239735 0.00108846 0.000384498 0.000106787 2.43225e-05 4.70631e-06 7.81014e-07 1.08297e-07 1.14273e-08 6.58568e-10 0 
0 0.000409407 0.00254061 0.00663123 0.0122864 0.0192848 0.0272996 0.0358914 0.044559 0.0527863 0.0601031 0.0661415 0.0705906 0.0731453 0.0736371 0.0721148 0.068826 0.0641599 0.0584967 0.0521595 0.0454676 0.0387372 0.0322454 0.0262095 0.0207801 0.0160424 0.0120207 0.0086851 0.00595997 0.00375853 0.00205709 0.000914904 0.000319318 8.87949e-05 2.04663e-05 4.03131e-06 6.82701e-07 9.66509e-08 1.04062e-08 6.11201e-10 0 
0 0.000319086 0.00209527 0.00566711 0.0106226 0.0167365 0.0237329 0.0312321 0.0387971 0.045976 0.0523423 0.0575375 0.0612933 0.0634223 0.063832 0.0625706 0.059827 0.0558667 0.0509794 0.0454676 0.0396372 0.0337729 0.0281175 0.02286 0.0181308 0.0140028 0.0104945 0.00757635 0.00518193 0.00324564 0.00176234 0.00078203 0.000275437 7.81077e-05 1.84586e-05 3.7311e-06 6.47354e-07 9.36396e-08 1.02698e-08 6.12536e-10 0 
0 0.000235127 0.00164809 0.00468143 0.00893914 0.0141691 0.020144 0.0265457 0.0330031 0.0391306 0.0445633 0.0489875 0.0521661 0.0539526 0.0542965 0.053247 0.0509426 0.0475884 0.0434309 0.0387372 0.0337729 0.028782 0.0239716 0.0195025 0.0154854 0.0119813 0.00900444 0.00652703 0.00449226 0.00284547 0.00157726 0.000722558 0.000264457 7.7826e-05 1.89631e-05 3.92211e-06 6.91645e-07 1.01139e-07 1.11661e-08 6.68227e-10 0 
0 0.000162742 0.00122499 0.00371123 0.00729823 0.011685 0.0166793 0.0220251 0.0274157 0.0325307 0.0370655 0.0407584 0.0434105 0.0449004 0.0451892 0.0443191 0.0424035 0.0396118 0.0361511 0.0322454 0.0281175 0.0239716 0.0199811 0.016281 0.012967 0.0100981 0.00769239 0.00571033 0.00406501 0.00268616 0.00156986 0.000764173 0.000295447 9.02079e-05 2.23797e-05 4.65073e-06 8.17566e-07 1.18659e-07 1.29718e-08 7.67722e-10 0 
0 0.000105059 0.000850753 0.002792 0.00574521 0.00936018 0.0134511 0.0178194 0.022221 0.0263963 0.0300978 0.0331121 0.0352774 0.0364948 0.0367329 0.0360264 0.0344682 0.0321971 0.0293829 0.0262095 0.02286 0.0195025 0.016281 0.0133139 0.0107111 0.00859461 0.00702938 0.00583752 0.00463076 0.00324775 0.0019344 0.00095846 0.000379287 0.000116835 2.86993e-05 5.84614e-06 1.00426e-06 1.42399e-07 1.52227e-08 8.82209e-10 0 
0 6.28136e-05 0.000545293 0.00196207 0.00431213 0.00724159 0.0105336 0.0140306 0.0175471 0.0208802 0.0238341 0.0262397 0.027968 0.0289406 0.0291328 0.0285726 0.0273346 0.0255303 0.023296 0.0207801 0.0181308 0.0154854 0.012967 0.0107111 0.00897333 0.00824705 0.00889104 0.0100384 0.00966431 0.00704545 0.00381314 0.00161478 0.000566992 0.000162261 3.75423e-05 7.27315e-06 1.20086e-06 1.6484e-07 1.71347e-08 9.68754e-10 0 
0 3.45613e-05 0.000318722 0.00126306 0.00302945 0.00534997 0.00796101 0.0107118 0.0134646 0.0160682 0.0183735 0.0202503 0.0215989 0.0223587 0.0225107 0.0220773 0.0211171 0.0197178 0.0179869 0.0160424 0.0140028 0.0119813 0.0100981 0.00859461 0.00824705 0.0108718 0.0179022 0.0262053 0.0288111 0.020585 0.0104178 0.00372556 0.00103233 0.000242457 4.86938e-05 8.56521e-06 1.33359e-06 1.76343e-07 1.78207e-08 9.84067e-10 0 
0 1.74108e-05 0.000168229 0.000729814 0.0019406 0.00369635 0.0057324 0.00786888 0.00998902 0.0119839 0.0137457 0.0151782 0.0162075 0.0167881 0.0169062 0.0165793 0.0158525 0.0147934 0.0134854 0.0120207 0.0104945 0.00900444 0.00769239 0.00702938 0.00889104 0.0179022 0.0378014 0.0683615 0.0764053 0.0524022 0.0242483 0.00815892 0.0019517 0.000371504 6.12776e-05 9.3049e-06 1.33421e-06 1.69374e-07 1.66985e-08 9.04763e-10 0 
0 8.00292e-06 7.97016e-05 0.000372338 0.0010998 0.00231152 0.00383461 0.00546927 0.00708555 0.00859421 0.00991881 0.0109923 0.0117627 0.0121978 0.0122884 0.012048 0.0115107 0.0107274 0.00976156 0.0086851 0.00757635 0.00652703 0.00571033 0.00583752 0.0100384 0.0262053 0.0683615 0.0875981 0.0898733 0.0826979 0.0436991 0.0131481 0.00297593 0.000500211 6.97035e-05 9.02405e-06 1.17462e-06 1.43166e-07 1.38585e-08 7.4196e-10 0 
0 3.35087e-06 3.38315e-05 0.000166328 0.000537713 0.00125722 0.0022872 0.00347874 0.00468852 0.00581991 0.006808 0.00760463 0.00817461 0.00849697 0.00856644 0.00839361 0.00800374 0.00743454 0.00673409 0.00595997 0.00518193 0.00449226 0.00406501 0.00463076 0.00966431 0.0288111 0.0764053 0.0898733 0.0915961 0.0857176 0.0523127 0.014495 0.00322237 0.000513128 6.4592e-05 7.40842e-06 8.87891e-07 1.04933e-07 1.0071e-08 5.37451e-10 0 
0 1.27782e-06 1.28895e-05 6.51071e-05 0.000224281 0.000575584 0.00115827 0.00192187 0.00276206 0.00357982 0.00430474 0.0048913 0.00531129 0.00554982 0.00560395 0.00548204 0.00520293 0.00479518 0.00429706 0.00375853 0.00324564 0.00284547 0.00268616 0.00324775 0.00704545 0.020585 0.0524022 0.0826979 0.0857176 0.073406 0.0330223 0.0107355 0.00238068 0.000373352 4.50047e-05 4.87302e-06 5.62578e-07 6.5995e-08 6.36369e-09 3.41822e-10 0 
0 4.4411e-07 4.42465e-06 2.24963e-05 8.01964e-05 0.000219452 0.000480923 0.000873115 0.00135941 0.0018766 0.0023621 0.00276843 0.00306524 0.00323663 0.00327842 0.00319632 0.003005 0.0027278 0.00239735 0.00205709 0.00176234 0.00157726 0.00156986 0.0019344 0.00381314 0.0104178 0.0242483 0.0436991 0.0523127 0.0330223 0.0161313 0.00532028 0.00118994 0.000188127 2.27286e-05 2.49153e-06 2.94919e-07 3.54481e-08 3.48552e-09 1.90295e-10 0 
0 1.40797e-07 1.37425e-06 6.92777e-06 2.49462e-05 7.05447e-05 0.000163287 0.000317702 0.000532114 0.00078552 0.001045 0.00127679 0.00145409 0.00156008 0.00158811 0.00154069 0.00142851 0.0012696 0.00108846 0.000914904 0.00078203 0.000722558 0.000764173 0.00095846 0.00161478 0.00372556 0.00815892 0.0131481 0.014495 0.0107355 0.00532028 0.00177282 0.000404813 6.57969e-05 8.34833e-06 9.97378e-07 1.28631e-07 1.62942e-08 1.65492e-09 9.26413e-11 0 
0 4.07223e-08 3.87364e-07 1.91728e-06 6.85862e-06 1.9561e-05 4.64144e-05 9.39071e-05 0.00016506 0.000256352 0.000357473 0.000454132 0.000532134 0.00058076 0.000594627 0.000574176 0.000525194 0.000457715 0.000384498 0.000319318 0.000275437 0.000264457 0.000295447 0.000379287 0.000566992 0.00103233 0.0019517 0.00297593 0.00322237 0.00238068 0.00118994 0.000404813 9.55487e-05 1.64482e-05 2.33418e-06 3.26293e-07 4.76262e-08 6.45041e-09 6.82436e-10 3.94449e-11 0 
0 1.07281e-08 9.91584e-08 4.79136e-07 1.68581e-06 4.77459e-06 1.13719e-05 2.33363e-05 4.1952e-05 6.69689e-05 9.60767e-05 0.000125229 0.00014972 0.000165512 0.000170307 0.000164045 0.000148808 0.000128251 0.000106787 8.87949e-05 7.81077e-05 7.7826e-05 9.02079e-05 0.000116835 0.000162261 0.000242457 0.000371504 0.000500211 0.000513128 0.000373352 0.000188127 6.57969e-05 1.64482e-05 3.17644e-06 5.43525e-07 9.23958e-08 1.5278e-08 2.21252e-09 2.44851e-10 1.46869e-11 0 
0 2.56225e-09 2.29804e-08 1.08093e-07 3.72074e-07 1.03753e-06 2.45037e-06 5.02156e-06 9.07123e-06 1.46176e-05 2.12209e-05 2.79947e-05 3.38156e-05 3.76521e-05 3.88776e-05 3.74481e-05 3.38928e-05 2.91493e-05 2.43225e-05 2.04663e-05 1.84586e-05 1.89631e-05 2.23797e-05 2.86993e-05 3.75423e-05 4.86938e-05 6.12776e-05 6.97035e-05 6.4592e-05 4.50047e-05 2.27286e-05 8.34833e-06 2.33418e-06 5.43525e-07 1.16129e-07 2.34528e-08 4.28251e-09 6.58881e-10 7.63965e-11 4.77143e-12 0 
0 5.49117e-10 4.77788e-09 2.18535e-08 7.34152e-08 2.00713e-07 4.67115e-07 9.48124e-07 1.70435e-06 2.74345e-06 3.98927e-06 5.27918e-06 6.39937e-06 7.1475e-06 7.39712e-06 7.13703e-06 6.47192e-06 5.58867e-06 4.70631e-06 4.03131e-06 3.7311e-06 3.92211e-06 4.65073e-06 5.84614e-06 7.27315e-06 8.56521e-06 9.3049e-06 9.02405e-06 7.40842e-06 4.87302e-06 2.49153e-06 9.97378e-07 3.26293e-07 9.23958e-08 2.34528e-08 5.31283e-09 1.04358e-09 1.69585e-10 2.06107e-11 1.34283e-12 0 
0 1.03426e-10 8.73514e-10 3.88549e-09 1.27306e-08 3.40665e-08 7.79075e-08 1.56015e-07 2.77749e-07 4.44257e-07 6.43659e-07 8.50443e-07 1.03075e-06 1.15223e-06 1.19441e-06 1.15541e-06 1.05225e-06 9.15471e-07 7.81014e-07 6.82701e-07 6.47354e-07 6.91645e-07 8.17566e-07 1.00426e-06 1.20086e-06 1.33359e-06 1.33421e-06 1.17462e-06 8.87891e-07 5.62578e-07 2.94919e-07 1.28631e-07 4.76262e-08 1.5278e-08 4.28251e-09 1.04358e-09 2.17239e-10 3.71492e-11 4.73066e-12 3.21721e-13 0 
0 1.63953e-11 1.34549e-10 5.82502e-10 1.86207e-09 4.87593e-09 1.09476e-08 2.15965e-08 3.79987e-08 6.02504e-08 8.67651e-08 1.14204e-07 1.38154e-07 1.54395e-07 1.60259e-07 1.5551e-07 1.42417e-07 1.25069e-07 1.08297e-07 9.66509e-08 9.36396e-08 1.01139e-07 1.18659e-07 1.42399e-07 1.6484e-07 1.76343e-07 1.69374e-07 1.43166e-07 1.04933e-07 6.5995e-08 3.54481e-08 1.62942e-08 6.45041e-09 2.21252e-09 6.58881e-10 1.69585e-10 3.71492e-11 6.6668e-12 8.88474e-13 6.30493e-14 0 
0 1.97384e-12 1.57609e-11 6.64921e-11 2.07574e-10 5.32188e-10 1.17326e-09 2.27936e-09 3.96112e-09 6.22061e-09 8.89506e-09 1.16525e-08 1.40585e-08 1.56997e-08 1.63158e-08 1.58868e-08 1.46415e-08 1.29919e-08 1.14273e-08 1.04062e-08 1.02698e-08 1.11661e-08 1.29718e-08 1.52227e-08 1.71347e-08 1.78207e-08 1.66985e-08 1.38585e-08 1.0071e-08 6.36369e-09 3.48552e-09 1.65492e-09 6.82436e-10 2.44851e-10 7.63965e-11 2.06107e-11 4.73066e-12 8.88474e-13 1.23693e-13 9.14944e-15 0 
0 1.28906e-13 1.00301e-12 4.12954e-12 1.26055e-11 3.1675e-11 6.86143e-11 1.31326e-10 2.25434e-10 3.50599e-10 4.9768e-10 6.48669e-10 7.80312e-10 8.70635e-10 9.05925e-10 8.85354e-10 8.21514e-10 7.36982e-10 6.58568e-10 6.11201e-10 6.12536e-10 6.68227e-10 7.67722e-10 8.82209e-10 9.68754e-10 9.84067e-10 9.04763e-10 7.4196e-10 5.37451e-10 3.41822e-10 1.90295e-10 9.26413e-11 3.94449e-11 1.46869e-11 4.77143e-12 1.34283e-12 3.21721e-13 6.30493e-14 9.14944e-15 7.04336e-16 0 
0 0 0 0 0 0 0 0 0 0 0 0 0 0 0 0 0 0 0 0 0 0 0 0 0 0 0 0 0 0 0 0 0 0 0 0 0 0 0 0 0 
