0 0 0 0 0 0 0 0 0 0 0 0 0 0 0 0 0 0 0 0 0 0 0 0 0 0 0 0 0 0 0 0 0 0 0 0 0 0 0 0 0 
0 3.00796e-07 2.69716e-06 1.20361e-05 3.70943e-05 8.78782e-05 0.000169869 0.000280066 0.000408036 0.000539993 0.000662568 0.000764891 0.0008393 0.000881341 0.000889508 0.000864895 0.000810825 0.000732457 0.000636362 0.000530052 0.000421412 0.000318008 0.000226271 0.000150687 9.32043e-05 5.31505e-05 2.77662e-05 1.32246e-05 5.72619e-06 2.25164e-06 8.04231e-07 2.61108e-07 7.70767e-08 2.06592e-08 5.00592e-09 1.08574e-09 2.06524e-10 3.30037e-11 3.99954e-12 2.62603e-13 0 
0 2.69716e-06 2.48132e-05 0.000110039 0.000323749 0.000707679 0.00124095 0.00185796 0.00248959 0.00308284 0.00360029 0.00401542 0.00430996 0.00447349 0.00450344 0.00440485 0.00418949 0.00387433 0.00347988 0.00302857 0.00254374 0.00204936 0.00157025 0.00113176 0.000757479 0.000464452 0.000257705 0.000128227 5.69555e-05 2.25828e-05 8.01816e-06 2.56059e-06 7.38239e-07 1.92443e-07 4.5254e-08 9.51878e-09 1.75643e-09 2.7254e-10 3.21114e-11 2.05306e-12 0 
0 1.20361e-05 0.000110039 0.000459974 0.00121285 0.00233109 0.00364952 0.00502956 0.00638437 0.00764659 0.00875336 0.00964824 0.0102871 0.0106426 0.0107065 0.0104894 0.0100184 0.00933359 0.00848304 0.0075181 0.00648824 0.00543718 0.00440109 0.0034103 0.00249496 0.00169097 0.00103834 0.000565508 0.000269179 0.000111458 4.0329e-05 1.28742e-05 3.66167e-06 9.34101e-07 2.14032e-07 4.37838e-08 7.85452e-09 1.18558e-09 1.36043e-10 8.48326e-12 0 
0 3.70943e-05 0.000323749 0.00121285 0.00278928 0.0048001 0.00703133 0.00936617 0.0116945 0.0138916 0.0158328 0.0174088 0.0185361 0.0191638 0.0192762 0.0188917 0.0180589 0.0168501 0.0153527 0.0136615 0.0118694 0.0100604 0.00830323 0.00664687 0.00512045 0.00374145 0.00253337 0.00154081 0.000815129 0.000366941 0.000139977 4.57574e-05 1.30394e-05 3.28701e-06 7.38492e-07 1.47569e-07 2.58229e-08 3.80203e-09 4.25889e-10 2.59568e-11 0 
0 8.78782e-05 0.000707679 0.00233109 0.0048001 0.00778313 0.0111227 0.0146707 0.0182364 0.0216121 0.0245987 0.0270248 0.0287607 0.0297272 0.0299 0.0293074 0.0280245 0.0261627 0.0238578 0.0212565 0.018504 0.0157331 0.0130558 0.0105569 0.00828977 0.00627518 0.00450999 0.00299387 0.00176363 0.000883628 0.000366753 0.000126191 3.67327e-05 9.2639e-06 2.0571e-06 4.03734e-07 6.91977e-08 9.97104e-09 1.09343e-09 6.52984e-11 0 
0 0.000169869 0.00124095 0.00364952 0.00703133 0.0111227 0.0157636 0.0207211 0.0257121 0.03044 0.0346242 0.0380236 0.0404562 0.0418108 0.0420529 0.0412221 0.0394239 0.036815 0.0335856 0.0299418 0.0260876 0.0222102 0.0184685 0.0149857 0.0118448 0.00908717 0.00671201 0.00468803 0.00299183 0.00165888 0.000760426 0.000281715 8.54179e-05 2.18444e-05 4.83652e-06 9.37943e-07 1.58165e-07 2.23861e-08 2.4107e-09 1.41448e-10 0 
0 0.000280066 0.00185796 0.00502956 0.00936617 0.0146707 0.0207211 0.0271937 0.0337125 0.0398889 0.0453562 0.0498051 0.0530101 0.0548189 0.0551456 0.0540298 0.0516462 0.0482221 0.0439998 0.0392394 0.0342052 0.029142 0.0242579 0.0197155 0.0156267 0.0120529 0.00900562 0.00644937 0.00432074 0.00258722 0.00130221 0.00052486 0.000168283 4.41815e-05 9.83725e-06 1.89629e-06 3.16033e-07 4.40977e-08 4.67813e-09 2.70452e-10 0 
0 0.000408036 0.00248959 0.00638437 0.0116945 0.0182364 0.0257121 0.0337125 0.0417713 0.0494092 0.0562038 0.0619053 0.0663457 0.0690462 0.0695539 0.0678621 0.0644094 0.0598383 0.0545108 0.0486083 0.0423839 0.0361255 0.0300897 0.0244778 0.0194299 0.015025 0.0112851 0.00817841 0.00562673 0.00354443 0.00192273 0.000840376 0.000286952 7.80347e-05 1.75973e-05 3.38965e-06 5.60628e-07 7.73914e-08 8.11291e-09 4.634e-10 0 
0 0.000539993 0.00308284 0.00764659 0.0138916 0.0216121 0.03044 0.0398889 0.0494092 0.0584797 0.0668908 0.0746234 0.0803834 0.0833652 0.083899 0.0821612 0.0780045 0.0717345 0.0646971 0.0575164 0.0501373 0.0427445 0.0356167 0.0289908 0.0230325 0.0178367 0.0134333 0.00979324 0.00683404 0.0044406 0.00254233 0.00119009 0.000432157 0.000122216 2.80443e-05 5.41994e-06 8.92738e-07 1.22302e-07 1.27052e-08 7.18892e-10 0 
0 0.000662568 0.00360029 0.00875336 0.0158328 0.0245987 0.0346242 0.0453562 0.0562038 0.0668908 0.0775397 0.0857275 0.0902564 0.0923988 0.092801 0.0915997 0.0885607 0.0829802 0.0745904 0.0656123 0.0570246 0.0486064 0.0405109 0.0329868 0.0262219 0.0203247 0.015331 0.0112128 0.00788542 0.00521902 0.00309842 0.00152906 0.000585872 0.000172113 4.02571e-05 7.82568e-06 1.2871e-06 1.75451e-07 1.81085e-08 1.01746e-09 0 
0 0.000764891 0.00401542 0.00964824 0.0174088 0.0270248 0.0380236 0.0498051 0.0619053 0.0746234 0.0857275 0.0921581 0.0956853 0.097421 0.0977652 0.0968095 0.0944175 0.0901337 0.0829175 0.0727673 0.0627296 0.05338 0.0444906 0.0362361 0.0288152 0.0223474 0.0168728 0.0123634 0.00873233 0.00584227 0.00355004 0.00181899 0.000727046 0.000220693 5.25574e-05 1.02855e-05 1.69215e-06 2.30004e-07 2.36374e-08 1.32175e-09 0 
0 0.0008393 0.00430996 0.0102871 0.0185361 0.0287607 0.0404562 0.0530101 0.0663457 0.0803834 0.0902564 0.0956853 0.0987763 0.100331 0.10065 0.0998062 0.0977019 0.0940059 0.087916 0.0782355 0.0670218 0.0568206 0.0473431 0.0385648 0.030674 0.0237974 0.0179779 0.0131873 0.00933691 0.00628519 0.00387301 0.0020334 0.000837159 0.000260445 6.29305e-05 1.23913e-05 2.04111e-06 2.77093e-07 2.84097e-08 1.58416e-09 0 
0 0.000881341 0.00447349 0.0106426 0.0191638 0.0297272 0.0418108 0.0548189 0.0690462 0.0833652 0.0923988 0.097421 0.100331 0.101809 0.102118 0.101323 0.0993405 0.0958891 0.0902902 0.0812156 0.0695599 0.0587635 0.0489382 0.039867 0.031714 0.024609 0.0185969 0.0136492 0.00967587 0.00653353 0.0040554 0.00215759 0.000903545 0.000285342 6.96011e-05 1.37671e-05 2.27126e-06 3.08351e-07 3.15936e-08 1.76003e-09 0 
0 0.000889508 0.00450344 0.0107065 0.0192762 0.0299 0.0420529 0.0551456 0.0695539 0.083899 0.092801 0.0977652 0.10065 0.102118 0.102426 0.101638 0.0996736 0.0962583 0.0907325 0.0817643 0.0700435 0.0591253 0.0492343 0.0401098 0.0319091 0.0247624 0.018715 0.0137385 0.00974284 0.00658443 0.0040951 0.00218686 0.000920513 0.000292159 7.153e-05 1.4183e-05 2.34357e-06 3.18532e-07 3.26678e-08 1.8215e-09 0 
0 0.000864895 0.00440485 0.0104894 0.0188917 0.0293074 0.0412221 0.0540298 0.0678621 0.0821612 0.0915997 0.0968095 0.0998062 0.101323 0.101638 0.100821 0.0987823 0.0952198 0.0894016 0.0800172 0.0684879 0.0579513 0.0482773 0.0393313 0.0312898 0.0242815 0.0183507 0.0134694 0.00954864 0.00644636 0.00399856 0.00212495 0.0008892 0.00028097 6.86694e-05 1.36215e-05 2.25458e-06 3.07154e-07 3.15853e-08 1.7662e-09 0 
0 0.000810825 0.00418949 0.0100184 0.0180589 0.0280245 0.0394239 0.0516462 0.0644094 0.0780045 0.0885607 0.0944175 0.0977019 0.0993405 0.0996736 0.0987823 0.0965543 0.09261 0.0860391 0.075994 0.0652352 0.0554182 0.0461911 0.0376318 0.0299365 0.0232292 0.0175523 0.012878 0.0091196 0.00613831 0.00378001 0.00198297 0.000816843 0.000254918 6.19257e-05 1.22742e-05 2.03638e-06 2.78535e-07 2.87809e-08 1.61789e-09 0 
0 0.000732457 0.00387433 0.00933359 0.0168501 0.0261627 0.036815 0.0482221 0.0598383 0.0717345 0.0829802 0.0901337 0.0940059 0.0958891 0.0962583 0.0952198 0.09261 0.0878891 0.0800694 0.0702054 0.060765 0.0517669 0.0431594 0.0351612 0.0279692 0.0216996 0.0163916 0.0120181 0.00849476 0.00568831 0.00346117 0.00177907 0.000715787 0.000219452 5.28831e-05 1.04785e-05 1.74583e-06 2.40373e-07 2.5032e-08 1.41902e-09 0 
0 0.000636362 0.00347988 0.00848304 0.0153527 0.0238578 0.0335856 0.0439998 0.0545108 0.0646971 0.0745904 0.0829175 0.087916 0.0902902 0.0907325 0.0894016 0.0860391 0.0800694 0.0719813 0.0636468 0.0554166 0.0472602 0.0394049 0.0321017 0.025534 0.0198074 0.0149568 0.0109557 0.0077226 0.00513243 0.00307188 0.00153853 0.000602231 0.000181254 4.34057e-05 8.62527e-06 1.44864e-06 2.01588e-07 2.1243e-08 1.21911e-09 0 
0 0.000530052 0.00302857 0.0075181 0.0136615 0.0212565 0.0299418 0.0392394 0.0486083 0.0575164 0.0656123 0.0727673 0.0782355 0.0812156 0.0817643 0.0800172 0.075994 0.0702054 0.0636468 0.0566878 0.0494463 0.0421781 0.0351686 0.0286512 0.0227896 0.0176773 0.0133444 0.00976414 0.00685863 0.00451569 0.0026525 0.00129408 0.000494614 0.000147095 3.5258e-05 7.07325e-06 1.20461e-06 1.70275e-07 1.82331e-08 1.06285e-09 0 
0 0.000421412 0.00254374 0.00648824 0.0118694 0.018504 0.0260876 0.0342052 0.0423839 0.0501373 0.0570246 0.0627296 0.0670218 0.0695599 0.0700435 0.0684879 0.0652352 0.060765 0.0554166 0.0494463 0.0431428 0.0368037 0.0306899 0.0250058 0.0198937 0.0154343 0.0116521 0.00852014 0.00596639 0.00389712 0.00225815 0.00108542 0.000411661 0.000122904 2.9851e-05 6.09598e-06 1.05798e-06 1.52292e-07 1.65806e-08 9.80807e-10 0 
0 0.000318008 0.00204936 0.00543718 0.0100604 0.0157331 0.0222102 0.029142 0.0361255 0.0427445 0.0486064 0.05338 0.0568206 0.0587635 0.0591253 0.0579513 0.0554182 0.0517669 0.0472602 0.0421781 0.0368037 0.0313993 0.0261886 0.0213459 0.0169923 0.0131965 0.00997813 0.00731071 0.00513055 0.00336129 0.00196071 0.00095545 0.000370042 0.0001132 2.8138e-05 5.85966e-06 1.03286e-06 1.50442e-07 1.65212e-08 9.83144e-10 0 
0 0.000226271 0.00157025 0.00440109 0.00830323 0.0130558 0.0184685 0.0242579 0.0300897 0.0356167 0.0405109 0.0444906 0.0473431 0.0489382 0.0492343 0.0482773 0.0461911 0.0431594 0.0394049 0.0351686 0.0306899 0.0261886 0.0218519 0.0178262 0.0142164 0.0110893 0.00846834 0.00631507 0.004538 0.0030563 0.00184693 0.000941533 0.000381542 0.000120679 3.05523e-05 6.40666e-06 1.12921e-06 1.63813e-07 1.78767e-08 1.05575e-09 0 
0 0.000150687 0.00113176 0.0034103 0.00664687 0.0105569 0.0149857 0.0197155 0.0244778 0.0289908 0.0329868 0.0362361 0.0385648 0.039867 0.0401098 0.0393313 0.0376318 0.0351612 0.0321017 0.0286512 0.0250058 0.0213459 0.0178262 0.0145745 0.0117113 0.00937308 0.00763867 0.00632513 0.00501718 0.00353805 0.00214306 0.00109919 0.000455536 0.000146172 3.68662e-05 7.61347e-06 1.31589e-06 1.87041e-07 2.00114e-08 1.15995e-09 0 
0 9.32043e-05 0.000757479 0.00249496 0.00512045 0.00828977 0.0118448 0.0156267 0.0194299 0.0230325 0.0262219 0.0288152 0.030674 0.031714 0.0319091 0.0312898 0.0299365 0.0279692 0.025534 0.0227896 0.0198937 0.0169923 0.0142164 0.0117113 0.00975745 0.00890025 0.00953734 0.0107376 0.0103291 0.00753387 0.00409075 0.00175683 0.000640459 0.000192527 4.62493e-05 9.1479e-06 1.52493e-06 2.10216e-07 2.18973e-08 1.23959e-09 0 
0 5.31505e-05 0.000464452 0.00169097 0.00374145 0.00627518 0.00908717 0.0120529 0.015025 0.0178367 0.0203247 0.0223474 0.0237974 0.024609 0.0247624 0.0242815 0.0232292 0.0216996 0.0198074 0.0176773 0.0154343 0.0131965 0.0110893 0.00937308 0.00890025 0.0116391 0.0191119 0.0290759 0.034178 0.0219708 0.0111173 0.00398452 0.00112063 0.000274747 5.79454e-05 1.05194e-05 1.66196e-06 2.21069e-07 2.24013e-08 1.23905e-09 0 
0 2.77662e-05 0.000257705 0.00103834 0.00253337 0.00450999 0.00671201 0.00900562 0.0112851 0.0134333 0.015331 0.0168728 0.0179779 0.0185969 0.018715 0.0183507 0.0175523 0.0163916 0.0149568 0.0133444 0.0116521 0.00997813 0.00846834 0.00763867 0.00953734 0.0191119 0.0419512 0.0756501 0.0799701 0.0611496 0.025873 0.00870536 0.00209047 0.000407961 7.0687e-05 1.12019e-05 1.6419e-06 2.1016e-07 2.07855e-08 1.12817e-09 0 
0 1.32246e-05 0.000128227 0.000565508 0.00154081 0.00299387 0.00468803 0.00644937 0.00817841 0.00979324 0.0112128 0.0123634 0.0131873 0.0136492 0.0137385 0.0134694 0.012878 0.0120181 0.0109557 0.00976414 0.00852014 0.00731071 0.00631507 0.00632513 0.0107376 0.0290759 0.0756501 0.0873319 0.0888269 0.0832008 0.0515935 0.0140241 0.0031783 0.000541454 7.85948e-05 1.06775e-05 1.43186e-06 1.76486e-07 1.71467e-08 9.19583e-10 0 
0 5.72619e-06 5.69555e-05 0.000269179 0.000815129 0.00176363 0.00299183 0.00432074 0.00562673 0.00683404 0.00788542 0.00873233 0.00933691 0.00967587 0.00974284 0.00954864 0.0091196 0.00849476 0.0077226 0.00685863 0.00596639 0.00513055 0.004538 0.00501718 0.0103291 0.034178 0.0799701 0.0888269 0.0900163 0.0854952 0.0614394 0.015475 0.00343958 0.000552863 7.19608e-05 8.66003e-06 1.07501e-06 1.28815e-07 1.24133e-08 6.63534e-10 0 
0 2.25164e-06 2.25828e-05 0.000111458 0.000366941 0.000883628 0.00165888 0.00258722 0.00354443 0.0044406 0.00521902 0.00584227 0.00628519 0.00653353 0.00658443 0.00644636 0.00613831 0.00568831 0.00513243 0.00451569 0.00389712 0.00336129 0.0030563 0.00353805 0.00753387 0.0219708 0.0611496 0.0832008 0.0854952 0.0785163 0.0373674 0.0114502 0.00254166 0.000402357 4.99915e-05 5.6684e-06 6.78877e-07 8.08209e-08 7.82507e-09 4.20941e-10 0 
0 8.04231e-07 8.01816e-06 4.0329e-05 0.000139977 0.000366753 0.000760426 0.00130221 0.00192273 0.00254233 0.00309842 0.00355004 0.00387301 0.0040554 0.0040951 0.00399856 0.00378001 0.00346117 0.00307188 0.0026525 0.00225815 0.00196071 0.00184693 0.00214306 0.00409075 0.0111173 0.025873 0.0515935 0.0614394 0.0373674 0.0172041 0.00567533 0.00127209 0.000203601 2.53604e-05 2.90607e-06 3.56064e-07 4.33718e-08 4.27968e-09 2.33945e-10 0 
0 2.61108e-07 2.56059e-06 1.28742e-05 4.57574e-05 0.000126191 0.000281715 0.00052486 0.000840376 0.00119009 0.00152906 0.00181899 0.0020334 0.00215759 0.00218686 0.00212495 0.00198297 0.00177907 0.00153853 0.00129408 0.00108542 0.00095545 0.000941533 0.00109919 0.00175683 0.00398452 0.00870536 0.0140241 0.015475 0.0114502 0.00567533 0.00189309 0.000434756 7.18875e-05 9.4257e-06 1.17436e-06 1.55833e-07 1.99377e-08 2.03022e-09 1.13762e-10 0 
0 7.70767e-08 7.38239e-07 3.66167e-06 1.30394e-05 3.67327e-05 8.54179e-05 0.000168283 0.000286952 0.000432157 0.000585872 0.000727046 0.000837159 0.000903545 0.000920513 0.0008892 0.000816843 0.000715787 0.000602231 0.000494614 0.000411661 0.000370042 0.000381542 0.000455536 0.000640459 0.00112063 0.00209047 0.0031783 0.00343958 0.00254166 0.00127209 0.000434756 0.000103818 1.82817e-05 2.68741e-06 3.89396e-07 5.79505e-08 7.89618e-09 8.3676e-10 4.84006e-11 0 
0 2.06592e-08 1.92443e-07 9.34101e-07 3.28701e-06 9.2639e-06 2.18444e-05 4.41815e-05 7.80347e-05 0.000122216 0.000172113 0.000220693 0.000260445 0.000285342 0.000292159 0.00028097 0.000254918 0.000219452 0.000181254 0.000147095 0.000122904 0.0001132 0.000120679 0.000146172 0.000192527 0.000274747 0.000407961 0.000541454 0.000552863 0.000402357 0.000203601 7.18875e-05 1.82817e-05 3.62745e-06 6.41275e-07 1.11672e-07 1.86542e-08 2.70942e-09 3.00123e-10 1.80122e-11 0 
0 5.00592e-09 4.5254e-08 2.14032e-07 7.38492e-07 2.0571e-06 4.83652e-06 9.83725e-06 1.75973e-05 2.80443e-05 4.02571e-05 5.25574e-05 6.29305e-05 6.96011e-05 7.153e-05 6.86694e-05 6.19257e-05 5.28831e-05 4.34057e-05 3.5258e-05 2.9851e-05 2.8138e-05 3.05523e-05 3.68662e-05 4.62493e-05 5.79454e-05 7.0687e-05 7.85948e-05 7.19608e-05 4.99915e-05 2.53604e-05 9.4257e-06 2.68741e-06 6.41275e-07 1.39912e-07 2.85753e-08 5.23885e-09 8.07012e-10 9.3623e-11 5.84975e-12 0 
0 1.08574e-09 9.51878e-09 4.37838e-08 1.47569e-07 4.03734e-07 9.37943e-07 1.89629e-06 3.38965e-06 5.41994e-06 7.82568e-06 1.02855e-05 1.23913e-05 1.37671e-05 1.4183e-05 1.36215e-05 1.22742e-05 1.04785e-05 8.62527e-06 7.07325e-06 6.09598e-06 5.85966e-06 6.40666e-06 7.61347e-06 9.1479e-06 1.05194e-05 1.12019e-05 1.06775e-05 8.66003e-06 5.6684e-06 2.90607e-06 1.17436e-06 3.89396e-07 1.11672e-07 2.85753e-08 6.4964e-09 1.27767e-09 2.07731e-10 2.52554e-11 1.64596e-12 0 
0 2.06524e-10 1.75643e-09 7.85452e-09 2.58229e-08 6.91977e-08 1.58165e-07 3.16033e-07 5.60628e-07 8.92738e-07 1.2871e-06 1.69215e-06 2.04111e-06 2.27126e-06 2.34357e-06 2.25458e-06 2.03638e-06 1.74583e-06 1.44864e-06 1.20461e-06 1.05798e-06 1.03286e-06 1.12921e-06 1.31589e-06 1.52493e-06 1.66196e-06 1.6419e-06 1.43186e-06 1.07501e-06 6.78877e-07 3.56064e-07 1.55833e-07 5.79505e-08 1.86542e-08 5.23885e-09 1.27767e-09 2.66064e-10 4.55092e-11 5.7965e-12 3.94297e-13 0 
0 3.30037e-11 2.7254e-10 1.18558e-09 3.80203e-09 9.97104e-09 2.23861e-08 4.40977e-08 7.73914e-08 1.22302e-07 1.75451e-07 2.30004e-07 2.77093e-07 3.08351e-07 3.18532e-07 3.07154e-07 2.78535e-07 2.40373e-07 2.01588e-07 1.70275e-07 1.52292e-07 1.50442e-07 1.63813e-07 1.87041e-07 2.10216e-07 2.21069e-07 2.1016e-07 1.76486e-07 1.28815e-07 8.08209e-08 4.33718e-08 1.99377e-08 7.89618e-09 2.70942e-09 8.07012e-10 2.07731e-10 4.55092e-11 8.16793e-12 1.08867e-12 7.72689e-14 0 
0 3.99954e-12 3.21114e-11 1.36043e-10 4.25889e-10 1.09343e-09 2.4107e-09 4.67813e-09 8.11291e-09 1.27052e-08 1.81085e-08 2.36374e-08 2.84097e-08 3.15936e-08 3.26678e-08 3.15853e-08 2.87809e-08 2.5032e-08 2.1243e-08 1.82331e-08 1.65806e-08 1.65212e-08 1.78767e-08 2.00114e-08 2.18973e-08 2.24013e-08 2.07855e-08 1.71467e-08 1.24133e-08 7.82507e-09 4.27968e-09 2.03022e-09 8.3676e-10 3.00123e-10 9.3623e-11 2.52554e-11 5.7965e-12 1.08867e-12 1.51575e-13 1.1213e-14 0 
0 2.62603e-13 2.05306e-12 8.48326e-12 2.59568e-11 6.52984e-11 1.41448e-10 2.70452e-10 4.634e-10 7.18892e-10 1.01746e-09 1.32175e-09 1.58416e-09 1.76003e-09 1.8215e-09 1.7662e-09 1.61789e-09 1.41902e-09 1.21911e-09 1.06285e-09 9.80807e-10 9.83144e-10 1.05575e-09 1.15995e-09 1.23959e-09 1.23905e-09 1.12817e-09 9.19583e-10 6.63534e-10 4.20941e-10 2.33945e-10 1.13762e-10 4.84006e-11 1.80122e-11 5.84975e-12 1.64596e-12 3.94297e-13 7.72689e-14 1.1213e-14 8.63235e-16 0 
0 0 0 0 0 0 0 0 0 0 0 0 0 0 0 0 0 0 0 0 0 0 0 0 0 0 0 0 0 0 0 0 0 0 0 0 0 0 0 0 0 
