0 0 0 0 0 0 0 0 0 0 0 0 0 0 0 0 0 0 0 0 0 0 0 0 0 0 0 0 0 0 0 0 0 0 0 0 0 0 0 0 0 
0 4.10678e-07 3.65528e-06 1.60793e-05 4.85265e-05 0.000112109 0.000211168 0.00033996 0.000485394 0.000632099 0.00076616 0.000876761 0.000956524 0.00100129 0.00100981 0.000983325 0.000925274 0.000840869 0.000736731 0.000620466 0.000500176 0.000383854 0.000278612 0.000189839 0.000120461 7.06165e-05 3.79666e-05 1.86113e-05 8.28528e-06 3.34296e-06 1.22204e-06 4.04912e-07 1.21635e-07 3.30883e-08 8.11731e-09 1.77864e-09 3.41165e-10 5.48921e-11 6.68885e-12 4.41143e-13 0 
0 3.65528e-06 3.32293e-05 0.000143878 0.000409031 0.000860667 0.00145773 0.00212338 0.00278927 0.00340715 0.00394316 0.00437221 0.00467629 0.00484482 0.00487517 0.00477261 0.00454939 0.00422315 0.00381501 0.00334763 0.00284395 0.00232672 0.00181902 0.00134484 0.000928261 0.000589717 0.00034006 0.000175984 8.11627e-05 3.32916e-05 1.21706e-05 3.98214e-06 1.17096e-06 3.10118e-07 7.38519e-08 1.56902e-08 2.91814e-09 4.55619e-10 5.39452e-11 3.46233e-12 0 
0 1.60793e-05 0.000143878 0.000578114 0.00145165 0.00267175 0.00405815 0.00549017 0.00689409 0.00820455 0.00935571 0.0102875 0.0109528 0.0113228 0.0113886 0.0111614 0.0106696 0.0099554 0.00906964 0.00806662 0.00699876 0.00591209 0.00484335 0.0038204 0.00286711 0.00201146 0.00128986 0.000738198 0.000369789 0.000160556 6.0484e-05 1.99371e-05 5.81109e-06 1.50992e-06 3.50755e-07 7.24942e-08 1.31057e-08 1.98973e-09 2.29322e-10 1.43479e-11 0 
0 4.85265e-05 0.000409031 0.00145165 0.00317095 0.0052779 0.0075962 0.0100276 0.0124579 0.0147538 0.016783 0.0184302 0.0196081 0.0202634 0.0203797 0.0199766 0.019105 0.0178405 0.016275 0.0145079 0.012637 0.0107514 0.00892442 0.007209 0.00563515 0.00421452 0.00295595 0.00188718 0.00105888 0.000506934 0.000204441 6.98701e-05 2.0574e-05 5.30769e-06 1.21187e-06 2.44911e-07 4.31998e-08 6.39676e-09 7.19483e-10 4.39826e-11 0 
0 0.000112109 0.000860667 0.00267175 0.0052779 0.00838615 0.0118735 0.0155853 0.0193171 0.0228496 0.0259742 0.0285116 0.0303262 0.0313357 0.0315148 0.0308934 0.0295503 0.0276021 0.0251908 0.0224701 0.0195919 0.0166958 0.0138997 0.0112943 0.00893825 0.00685566 0.00503937 0.00347066 0.00215775 0.00115637 0.000514512 0.00018794 5.72016e-05 1.48726e-05 3.36953e-06 6.70097e-07 1.1586e-07 1.67935e-08 1.84902e-09 1.10733e-10 0 
0 0.000211168 0.00145773 0.00405815 0.0075962 0.0118735 0.0167334 0.0219258 0.0271515 0.0320999 0.0364774 0.0400327 0.0425762 0.0439925 0.0442439 0.0433716 0.0414881 0.0387578 0.0353795 0.0315681 0.0275369 0.023482 0.0195698 0.0159303 0.0126523 0.00978263 0.00732451 0.0052421 0.00348741 0.00205716 0.00101704 0.000405544 0.000130357 3.47029e-05 7.88299e-06 1.55341e-06 2.64599e-07 3.76915e-08 4.07593e-09 2.39829e-10 0 
0 0.00033996 0.00212338 0.00549017 0.0100276 0.0155853 0.0219258 0.0287057 0.0355307 0.0419941 0.0477166 0.0524047 0.055905 0.0580221 0.0584217 0.0570759 0.0543775 0.0507127 0.0462804 0.0413002 0.0360352 0.0307399 0.0256323 0.0208825 0.0166091 0.0128787 0.00970786 0.00706431 0.0048752 0.00307123 0.00166236 0.000727039 0.000250361 6.9178e-05 1.59109e-05 3.12786e-06 5.27486e-07 7.41375e-08 7.90067e-09 4.58097e-10 0 
0 0.000485394 0.00278927 0.00689409 0.0124579 0.0193171 0.0271515 0.0355307 0.0439662 0.0519673 0.0592429 0.0661856 0.0722127 0.075703 0.0763426 0.0742497 0.069589 0.0634771 0.0573559 0.0511061 0.0445918 0.0380473 0.0317354 0.0258669 0.0205888 0.0159856 0.0120835 0.00885543 0.00622306 0.0040786 0.00236015 0.00112109 0.000415191 0.000120114 2.81888e-05 5.56043e-06 9.32551e-07 1.298e-07 1.36754e-08 7.83608e-10 0 
0 0.000632099 0.00340715 0.00820455 0.0147538 0.0228496 0.0320999 0.0419941 0.0519673 0.0617023 0.0722899 0.0815893 0.0865944 0.0888403 0.0892581 0.0880189 0.0847651 0.0784021 0.069116 0.0605435 0.0527054 0.0449689 0.0375162 0.0305877 0.0243572 0.0189253 0.0143256 0.0105329 0.00746788 0.00500537 0.0030292 0.00153637 0.000608581 0.000184783 4.44494e-05 8.83485e-06 1.47889e-06 2.04507e-07 2.1364e-08 1.21303e-09 0 
0 0.00076616 0.00394316 0.00935571 0.016783 0.0259742 0.0364774 0.0477166 0.0592429 0.0722899 0.0843056 0.0904623 0.0937152 0.0953011 0.0956234 0.0947688 0.0925942 0.088602 0.0813313 0.0700475 0.0599978 0.051099 0.0426316 0.0347649 0.0276915 0.0215257 0.0163069 0.01201 0.00855374 0.00580516 0.00361465 0.00192313 0.000805606 0.000255859 6.31389e-05 1.26735e-05 2.12284e-06 2.9241e-07 3.03656e-08 1.7126e-09 0 
0 0.000876761 0.00437221 0.0102875 0.0184302 0.0285116 0.0400327 0.0524047 0.0661856 0.0815893 0.0904623 0.0950909 0.0977266 0.0990609 0.0993466 0.0986449 0.0968711 0.0937363 0.088482 0.0790403 0.0664942 0.0561167 0.0467886 0.0381589 0.0304004 0.0236382 0.0179159 0.0132076 0.0094295 0.00644415 0.00408304 0.00224428 0.000980797 0.000323354 8.16542e-05 1.65556e-05 2.77892e-06 3.82037e-07 3.95223e-08 2.21893e-09 0 
0 0.000956524 0.00467629 0.0109528 0.0196081 0.0303262 0.0425762 0.055905 0.0722127 0.0865944 0.0937152 0.0977266 0.100091 0.10131 0.10158 0.10095 0.0993591 0.0965935 0.0921272 0.0845295 0.071913 0.0598167 0.0497673 0.0405881 0.0323396 0.0251505 0.0190676 0.0140643 0.0100544 0.00689738 0.00441467 0.00247667 0.0011139 0.000377377 9.70215e-05 1.98404e-05 3.33881e-06 4.58752e-07 4.73626e-08 2.65211e-09 0 
0 0.00100129 0.00484482 0.0113228 0.0202634 0.0313357 0.0439925 0.0580221 0.075703 0.0888403 0.0953011 0.0990609 0.10131 0.102479 0.102742 0.102144 0.100633 0.0980234 0.0938741 0.0870341 0.075119 0.0619925 0.051432 0.0419427 0.033421 0.0259941 0.0197103 0.0145426 0.0104031 0.00714993 0.00459972 0.00260854 0.00119218 0.000410447 0.000106716 2.19509e-05 3.70241e-06 5.08903e-07 5.25128e-08 2.93781e-09 0 
0 0.00100981 0.00487517 0.0113886 0.0203797 0.0315148 0.0442439 0.0584217 0.0763426 0.0892581 0.0956234 0.0993466 0.10158 0.102742 0.103004 0.102411 0.100911 0.098325 0.0942226 0.0874942 0.0757183 0.0624014 0.0517339 0.0421884 0.0336179 0.0261483 0.0198284 0.0146311 0.0104685 0.00719836 0.00463687 0.00263701 0.00121054 0.000418794 0.00010931 2.25422e-05 3.80829e-06 5.24024e-07 5.41177e-08 3.02977e-09 0 
0 0.000983325 0.00477261 0.0111614 0.0199766 0.0308934 0.0433716 0.0570759 0.0742497 0.0880189 0.0947688 0.0986449 0.10095 0.102144 0.102411 0.101799 0.10025 0.0975677 0.0932759 0.0861061 0.0737824 0.0610473 0.0507196 0.0413655 0.0329621 0.0256381 0.019441 0.0143444 0.0102613 0.00705102 0.00453265 0.00256643 0.00117074 0.000402697 0.000104773 2.15931e-05 3.65152e-06 5.03365e-07 5.20997e-08 2.92385e-09 0 
0 0.000925274 0.00454939 0.0106696 0.019105 0.0295503 0.0414881 0.0543775 0.069589 0.0847651 0.0925942 0.0968711 0.0993591 0.100633 0.100911 0.10025 0.0985766 0.0956492 0.090854 0.0824782 0.069578 0.0582476 0.0485244 0.039579 0.031538 0.0245293 0.0185985 0.0137198 0.00980863 0.006727 0.00430078 0.00240753 0.0010806 0.000366131 9.43989e-05 1.93963e-05 3.28285e-06 4.53858e-07 4.71597e-08 2.65829e-09 0 
0 0.000840869 0.00422315 0.0099554 0.0178405 0.0276021 0.0387578 0.0507127 0.0634771 0.0784021 0.088602 0.0937363 0.0965935 0.0980234 0.098325 0.0975677 0.0956492 0.0922166 0.0863203 0.0758257 0.0640833 0.0543549 0.0453433 0.0369855 0.0294704 0.0229195 0.0173752 0.0128128 0.00915048 0.00625421 0.00396154 0.00217723 0.000953264 0.000315928 8.04258e-05 1.64626e-05 2.7914e-06 3.87765e-07 4.05443e-08 2.30129e-09 0 
0 0.000736731 0.00381501 0.00906964 0.016275 0.0251908 0.0353795 0.0462804 0.0573559 0.069116 0.0813313 0.088482 0.0921272 0.0938741 0.0942226 0.0932759 0.090854 0.0863203 0.0780579 0.0673715 0.0581927 0.0496191 0.0414076 0.0337752 0.0269115 0.0209278 0.0158625 0.0116913 0.00833583 0.00566742 0.00354189 0.00189924 0.000806408 0.000260634 6.55091e-05 1.33826e-05 2.27947e-06 3.1916e-07 3.36888e-08 1.93164e-09 0 
0 0.000620466 0.00334763 0.00806662 0.0145079 0.0224701 0.0315681 0.0413002 0.0511061 0.0605435 0.0700475 0.0790403 0.0845295 0.0870341 0.0874942 0.0861061 0.0824782 0.0758257 0.0673715 0.0595359 0.051899 0.0442961 0.0369677 0.0301541 0.0240263 0.0186836 0.0141592 0.0104296 0.00741909 0.00500792 0.00307772 0.00160552 0.000661235 0.000209192 5.2186e-05 1.06956e-05 1.83885e-06 2.6061e-07 2.7873e-08 1.61947e-09 0 
0 0.000500176 0.00284395 0.00699876 0.012637 0.0195919 0.0275369 0.0360352 0.0445918 0.0527054 0.0599978 0.0664942 0.071913 0.075119 0.0757183 0.0737824 0.069578 0.0640833 0.0581927 0.051899 0.0453006 0.0386691 0.0322731 0.0263265 0.0209787 0.0163154 0.012365 0.00910342 0.00645951 0.00432778 0.00261962 0.00133789 0.000540724 0.000169685 4.24813e-05 8.80342e-06 1.53545e-06 2.20934e-07 2.3978e-08 1.4121e-09 0 
0 0.000383854 0.00232672 0.00591209 0.0107514 0.0166958 0.023482 0.0307399 0.0380473 0.0449689 0.051099 0.0561167 0.0598167 0.0619925 0.0624014 0.0610473 0.0582476 0.0543549 0.0496191 0.0442961 0.0386691 0.0330102 0.0275532 0.0224805 0.0179198 0.0139446 0.0105782 0.00779654 0.00553456 0.00370493 0.00224033 0.00114615 0.000466607 0.000148306 3.77055e-05 7.93349e-06 1.40255e-06 2.04112e-07 2.2356e-08 1.32595e-09 0 
0 0.000278612 0.00181902 0.00484335 0.00892442 0.0138997 0.0195698 0.0256323 0.0317354 0.0375162 0.0426316 0.0467886 0.0497673 0.051432 0.0517339 0.0507196 0.0485244 0.0453433 0.0414076 0.0369677 0.0322731 0.0275532 0.0230034 0.0187772 0.0149854 0.0116996 0.00894698 0.00669011 0.00483567 0.00329774 0.00204064 0.00107807 0.000454537 0.00014848 3.83549e-05 8.12482e-06 1.4379e-06 2.08798e-07 2.27757e-08 1.34374e-09 0 
0 0.000189839 0.00134484 0.0038204 0.007209 0.0112943 0.0159303 0.0208825 0.0258669 0.0305877 0.0347649 0.0381589 0.0405881 0.0419427 0.0421884 0.0413655 0.039579 0.0369855 0.0337752 0.0301541 0.0263265 0.0224805 0.0187772 0.0153504 0.0123271 0.00985257 0.00801415 0.00662583 0.00525594 0.00371901 0.00227759 0.00119721 0.000514 0.000170495 4.39823e-05 9.19686e-06 1.59929e-06 2.27976e-07 2.44243e-08 1.41679e-09 0 
0 0.000120461 0.000928261 0.00286711 0.00563515 0.00893825 0.0126523 0.0166091 0.0205888 0.0243572 0.0276915 0.0304004 0.0323396 0.033421 0.0336179 0.0329621 0.031538 0.0294704 0.0269115 0.0240263 0.0209787 0.0179198 0.0149854 0.0123271 0.0102403 0.00930239 0.00993516 0.011168 0.0107383 0.00783452 0.00426195 0.00184672 0.00069127 0.000215587 5.33097e-05 1.07204e-05 1.80163e-06 2.49349e-07 2.6031e-08 1.47578e-09 0 
0 7.06165e-05 0.000589717 0.00201146 0.00421452 0.00685566 0.00978263 0.0128787 0.0159856 0.0189253 0.0215257 0.0236382 0.0251505 0.0259941 0.0261483 0.0256381 0.0245293 0.0229195 0.0209278 0.0186836 0.0163154 0.0139446 0.0116996 0.00985257 0.00930239 0.0121114 0.0198564 0.0328522 0.0396586 0.0229823 0.0115479 0.00414406 0.00117684 0.000297574 6.50626e-05 1.20897e-05 1.93141e-06 2.58165e-07 2.62259e-08 1.45299e-09 0 
0 3.79666e-05 0.00034006 0.00128986 0.00295595 0.00503937 0.00732451 0.00970786 0.0120835 0.0143256 0.0163069 0.0179159 0.0190676 0.0197103 0.0198284 0.019441 0.0185985 0.0173752 0.0158625 0.0141592 0.012365 0.0105782 0.00894698 0.00801415 0.00993516 0.0198564 0.0472893 0.0774919 0.0798508 0.0674882 0.02702 0.00904169 0.00217629 0.000432154 7.76218e-05 1.26834e-05 1.88839e-06 2.4321e-07 2.41184e-08 1.31117e-09 0 
0 1.86113e-05 0.000175984 0.000738198 0.00188718 0.00347066 0.0052421 0.00706431 0.00885543 0.0105329 0.01201 0.0132076 0.0140643 0.0145426 0.0146311 0.0143444 0.0137198 0.0128128 0.0116913 0.0104296 0.00910342 0.00779654 0.00669011 0.00662583 0.011168 0.0328522 0.0774919 0.0860214 0.0870283 0.0824363 0.0577304 0.0145678 0.00330296 0.000567861 8.49278e-05 1.19427e-05 1.63492e-06 2.03115e-07 1.97901e-08 1.06294e-09 0 
0 8.28528e-06 8.11627e-05 0.000369789 0.00105888 0.00215775 0.00348741 0.0048752 0.00622306 0.00746788 0.00855374 0.0094295 0.0100544 0.0104031 0.0104685 0.0102613 0.00980863 0.00915048 0.00833583 0.00741909 0.00645951 0.00553456 0.00483567 0.00525594 0.0107383 0.0396586 0.0798508 0.0870283 0.0880007 0.0843848 0.0675075 0.0162675 0.00357333 0.000578017 7.71074e-05 9.6053e-06 1.2214e-06 1.47742e-07 1.428e-08 7.64351e-10 0 
0 3.34296e-06 3.32916e-05 0.000160556 0.000506934 0.00115637 0.00205716 0.00307123 0.0040786 0.00500537 0.00580516 0.00644415 0.00689738 0.00714993 0.00719836 0.00705102 0.006727 0.00625421 0.00566742 0.00500792 0.00432778 0.00370493 0.00329774 0.00371901 0.00783452 0.0229823 0.0674882 0.0824363 0.0843848 0.0787183 0.0420068 0.01189 0.00264082 0.000420789 5.34658e-05 6.26623e-06 7.69451e-07 9.25142e-08 8.98329e-09 4.83826e-10 0 
0 1.22204e-06 1.21706e-05 6.0484e-05 0.000204441 0.000514512 0.00101704 0.00166236 0.00236015 0.0030292 0.00361465 0.00408304 0.00441467 0.00459972 0.00463687 0.00453265 0.00430078 0.00396154 0.00354189 0.00307772 0.00261962 0.00224033 0.00204064 0.00227759 0.00426195 0.0115479 0.02702 0.0577304 0.0675075 0.0420068 0.0178645 0.00589387 0.00132288 0.000213615 2.72176e-05 3.21878e-06 4.03647e-07 4.96051e-08 4.90693e-09 2.68503e-10 0 
0 4.04912e-07 3.98214e-06 1.99371e-05 6.98701e-05 0.00018794 0.000405544 0.000727039 0.00112109 0.00153637 0.00192313 0.00224428 0.00247667 0.00260854 0.00263701 0.00256643 0.00240753 0.00217723 0.00189924 0.00160552 0.00133789 0.00114615 0.00107807 0.00119721 0.00184672 0.00414406 0.00904169 0.0145678 0.0162675 0.01189 0.00589387 0.00196724 0.000453591 7.59668e-05 1.02043e-05 1.30914e-06 1.77035e-07 2.28004e-08 2.32599e-09 1.30439e-10 0 
0 1.21635e-07 1.17096e-06 5.81109e-06 2.0574e-05 5.72016e-05 0.000130357 0.000250361 0.000415191 0.000608581 0.000805606 0.000980797 0.0011139 0.00119218 0.00121054 0.00117074 0.0010806 0.000953264 0.000806408 0.000661235 0.000540724 0.000466607 0.000454537 0.000514 0.00069127 0.00117684 0.00217629 0.00330296 0.00357333 0.00264082 0.00132288 0.000453591 0.000109261 1.95683e-05 2.95007e-06 4.37994e-07 6.60175e-08 9.03152e-09 9.58212e-10 5.54595e-11 0 
0 3.30883e-08 3.10118e-07 1.50992e-06 5.30769e-06 1.48726e-05 3.47029e-05 6.9178e-05 0.000120114 0.000184783 0.000255859 0.000323354 0.000377377 0.000410447 0.000418794 0.000402697 0.000366131 0.000315928 0.000260634 0.000209192 0.000169685 0.000148306 0.00014848 0.000170495 0.000215587 0.000297574 0.000432154 0.000567861 0.000578017 0.000420789 0.000213615 7.59668e-05 1.95683e-05 3.95935e-06 7.15827e-07 1.26652e-07 2.12974e-08 3.09955e-09 3.43583e-10 2.063e-11 0 
0 8.11731e-09 7.38519e-08 3.50755e-07 1.21187e-06 3.36953e-06 7.88299e-06 1.59109e-05 2.81888e-05 4.44494e-05 6.31389e-05 8.16542e-05 9.70215e-05 0.000106716 0.00010931 0.000104773 9.43989e-05 8.04258e-05 6.55091e-05 5.2186e-05 4.24813e-05 3.77055e-05 3.83549e-05 4.39823e-05 5.33097e-05 6.50626e-05 7.76218e-05 8.49278e-05 7.71074e-05 5.34658e-05 2.72176e-05 1.02043e-05 2.95007e-06 7.15827e-07 1.5835e-07 3.25778e-08 5.9885e-09 9.23302e-10 1.07161e-10 6.69795e-12 0 
0 1.77864e-09 1.56902e-08 7.24942e-08 2.44911e-07 6.70097e-07 1.55341e-06 3.12786e-06 5.56043e-06 8.83485e-06 1.26735e-05 1.65556e-05 1.98404e-05 2.19509e-05 2.25422e-05 2.15931e-05 1.93963e-05 1.64626e-05 1.33826e-05 1.06956e-05 8.80342e-06 7.93349e-06 8.12482e-06 9.19686e-06 1.07204e-05 1.20897e-05 1.26834e-05 1.19427e-05 9.6053e-06 6.26623e-06 3.21878e-06 1.30914e-06 4.37994e-07 1.26652e-07 3.25778e-08 7.42361e-09 1.46129e-09 2.37678e-10 2.89044e-11 1.88427e-12 0 
0 3.41165e-10 2.91814e-09 1.31057e-08 4.31998e-08 1.1586e-07 2.64599e-07 5.27486e-07 9.32551e-07 1.47889e-06 2.12284e-06 2.77892e-06 3.33881e-06 3.70241e-06 3.80829e-06 3.65152e-06 3.28285e-06 2.7914e-06 2.27947e-06 1.83885e-06 1.53545e-06 1.40255e-06 1.4379e-06 1.59929e-06 1.80163e-06 1.93141e-06 1.88839e-06 1.63492e-06 1.2214e-06 7.69451e-07 4.03647e-07 1.77035e-07 6.60175e-08 2.12974e-08 5.9885e-09 1.46129e-09 3.04381e-10 5.20731e-11 6.63378e-12 4.51341e-13 0 
0 5.48921e-11 4.55619e-10 1.98973e-09 6.39676e-09 1.67935e-08 3.76915e-08 7.41375e-08 1.298e-07 2.04507e-07 2.9241e-07 3.82037e-07 4.58752e-07 5.08903e-07 5.24024e-07 5.03365e-07 4.53858e-07 3.87765e-07 3.1916e-07 2.6061e-07 2.20934e-07 2.04112e-07 2.08798e-07 2.27976e-07 2.49349e-07 2.58165e-07 2.4321e-07 2.03115e-07 1.47742e-07 9.25142e-08 4.96051e-08 2.28004e-08 9.03152e-09 3.09955e-09 9.23302e-10 2.37678e-10 5.20731e-11 9.34684e-12 1.24595e-12 8.84439e-14 0 
0 6.68885e-12 5.39452e-11 2.29322e-10 7.19483e-10 1.84902e-09 4.07593e-09 7.90067e-09 1.36754e-08 2.1364e-08 3.03656e-08 3.95223e-08 4.73626e-08 5.25128e-08 5.41177e-08 5.20997e-08 4.71597e-08 4.05443e-08 3.36888e-08 2.7873e-08 2.3978e-08 2.2356e-08 2.27757e-08 2.44243e-08 2.6031e-08 2.62259e-08 2.41184e-08 1.97901e-08 1.428e-08 8.98329e-09 4.90693e-09 2.32599e-09 9.58212e-10 3.43583e-10 1.07161e-10 2.89044e-11 6.63378e-12 1.24595e-12 1.73483e-13 1.28348e-14 0 
0 4.41143e-13 3.46233e-12 1.43479e-11 4.39826e-11 1.10733e-10 2.39829e-10 4.58097e-10 7.83608e-10 1.21303e-09 1.7126e-09 2.21893e-09 2.65211e-09 2.93781e-09 3.02977e-09 2.92385e-09 2.65829e-09 2.30129e-09 1.93164e-09 1.61947e-09 1.4121e-09 1.32595e-09 1.34374e-09 1.41679e-09 1.47578e-09 1.45299e-09 1.31117e-09 1.06294e-09 7.64351e-10 4.83826e-10 2.68503e-10 1.30439e-10 5.54595e-11 2.063e-11 6.69795e-12 1.88427e-12 4.51341e-13 8.84439e-14 1.28348e-14 9.8813e-16 0 
0 0 0 0 0 0 0 0 0 0 0 0 0 0 0 0 0 0 0 0 0 0 0 0 0 0 0 0 0 0 0 0 0 0 0 0 0 0 0 0 0 
