0 0 0 0 0 0 0 0 0 0 0 0 0 0 0 0 0 0 0 0 0 0 0 0 0 0 0 0 0 0 0 0 0 0 0 0 0 0 0 0 0 
0 4.82994e-07 4.27946e-06 1.86611e-05 5.56149e-05 0.000126608 0.000234981 0.000373323 0.000527221 0.000680711 0.000819821 0.00093393 0.00101589 0.00106175 0.00107037 0.0010431 0.000983383 0.000896435 0.000788845 0.000668193 0.0005426 0.000420175 0.000308286 0.00021273 0.000136943 8.15639e-05 4.45999e-05 2.22442e-05 1.0072e-05 4.12946e-06 1.53172e-06 5.14109e-07 1.56167e-07 4.28848e-08 1.06038e-08 2.33864e-09 4.50964e-10 7.28711e-11 8.91053e-12 5.89311e-13 0 
0 4.27946e-06 3.86193e-05 0.000164807 0.000459134 0.00094541 0.00157133 0.00225635 0.00293459 0.00356104 0.00410366 0.00453789 0.00484565 0.00501613 0.00504659 0.00494238 0.004716 0.00438545 0.00397219 0.00349911 0.002989 0.002464 0.00194606 0.00145793 0.00102308 0.000662836 0.000390734 0.00020695 9.76485e-05 4.09087e-05 1.52345e-05 5.06274e-06 1.50776e-06 4.03416e-07 9.6853e-08 2.07092e-08 3.87101e-09 6.06777e-10 7.20634e-11 4.63635e-12 0 
0 1.86611e-05 0.000164807 0.000646832 0.00157995 0.00284193 0.00425242 0.00570347 0.00712746 0.00845889 0.00962984 0.0105782 0.0112555 0.011632 0.0116987 0.0114669 0.0109657 0.0102382 0.00933666 0.00831669 0.00723231 0.00613093 0.00505004 0.00401681 0.00305224 0.00217939 0.00143034 0.000841712 0.000434511 0.000194227 7.50589e-05 2.52593e-05 7.48103e-06 1.96735e-06 4.61128e-07 9.59429e-08 1.7431e-08 2.6562e-09 3.06983e-10 1.92471e-11 0 
0 5.56149e-05 0.000459134 0.00157995 0.00335865 0.00550074 0.00785454 0.0103286 0.0128051 0.0151458 0.0172149 0.0188945 0.0200954 0.0207632 0.0208813 0.0204697 0.0195804 0.0182907 0.0166943 0.0148926 0.012986 0.0110657 0.00920747 0.00746656 0.00587436 0.00444106 0.00316887 0.00207468 0.00120258 0.00059695 0.000249183 8.76347e-05 2.63674e-05 6.9075e-06 1.59408e-06 3.24553e-07 5.75452e-08 8.55208e-09 9.64404e-10 5.90654e-11 0 
0 0.000126608 0.00094541 0.00284193 0.00550074 0.00866133 0.0122149 0.016001 0.0198083 0.0234122 0.0265995 0.0291874 0.0310378 0.0320668 0.0322487 0.0316143 0.0302438 0.0282563 0.0257967 0.0230217 0.0200864 0.0171334 0.0142834 0.0116297 0.0092339 0.00712266 0.00528894 0.00370706 0.0023692 0.00131773 0.000610995 0.000231742 7.26237e-05 1.92709e-05 4.42527e-06 8.87823e-07 1.54393e-07 2.24643e-08 2.47977e-09 1.48771e-10 0 
0 0.000234981 0.00157133 0.00425242 0.00785454 0.0122149 0.0171742 0.0224734 0.0278058 0.0328544 0.0373198 0.0409461 0.0435416 0.0449894 0.0452462 0.044352 0.0424271 0.0396411 0.0361949 0.0323073 0.0281957 0.02406 0.0200704 0.0163596 0.0130194 0.0100993 0.00760558 0.0055028 0.00373404 0.00227407 0.00117295 0.000489051 0.000163217 4.46294e-05 1.0315e-05 2.05472e-06 3.52346e-07 5.04032e-08 5.46529e-09 3.22152e-10 0 
0 0.000373323 0.00225635 0.00570347 0.0103286 0.016001 0.0224734 0.029393 0.0363571 0.0429512 0.0487954 0.0536734 0.0576644 0.0603344 0.0608625 0.0591343 0.0558588 0.0518777 0.0473195 0.042237 0.036867 0.0314663 0.026257 0.021413 0.0170557 0.0132541 0.0100277 0.00734711 0.00513854 0.00331785 0.00186636 0.000855849 0.000308191 8.80752e-05 2.07065e-05 4.12525e-06 7.01253e-07 9.90351e-08 1.05852e-08 6.14906e-10 0 
0 0.000527221 0.00293459 0.00712746 0.0128051 0.0198083 0.0278058 0.0363571 0.0449642 0.0531457 0.061034 0.0697459 0.0765921 0.0799455 0.0805368 0.078657 0.0738248 0.0662927 0.0588176 0.05225 0.0455956 0.0389208 0.0324835 0.0264983 0.0211156 0.0164222 0.0124466 0.00916429 0.00649959 0.0043387 0.00259379 0.0012903 0.000501991 0.000151165 3.64409e-05 7.30552e-06 1.23684e-06 1.73108e-07 1.82985e-08 1.05067e-09 0 
0 0.000680711 0.00356104 0.00845889 0.0151458 0.0234122 0.0328544 0.0429512 0.0531457 0.063769 0.0766618 0.0848792 0.0887331 0.09052 0.0908721 0.089909 0.0873978 0.0824284 0.0728714 0.0621846 0.0538831 0.0459803 0.0383796 0.0313135 0.0249594 0.0194201 0.0147312 0.0108695 0.00775862 0.00527288 0.00327809 0.00173533 0.000723456 0.000229813 5.70486e-05 1.15576e-05 1.95602e-06 2.72197e-07 2.85405e-08 1.62416e-09 0 
0 0.000819821 0.00410366 0.00962984 0.0172149 0.0265995 0.0373198 0.0487954 0.061034 0.0766618 0.0869303 0.0917969 0.0944653 0.0957952 0.0960795 0.0953846 0.0936081 0.0903915 0.0847347 0.073713 0.0615454 0.052238 0.0435957 0.0355732 0.0283595 0.0220716 0.0167504 0.0123725 0.00885888 0.00607849 0.0038707 0.0021411 0.000943917 0.000314741 8.04682e-05 1.65072e-05 2.79959e-06 3.88356e-07 4.0494e-08 2.28948e-09 0 
0 0.00093393 0.00453789 0.0105782 0.0188945 0.0291874 0.0409461 0.0536734 0.0697459 0.0848792 0.0917969 0.0956 0.0978236 0.0989675 0.0992245 0.0986431 0.0971604 0.0945614 0.090302 0.0827658 0.0692586 0.0574217 0.0478343 0.0390328 0.031121 0.024225 0.01839 0.0135914 0.00974718 0.00672246 0.00434231 0.00247313 0.00113629 0.000394127 0.000103421 2.1477e-05 3.65465e-06 5.06305e-07 5.26096e-08 2.96153e-09 0 
0 0.00101589 0.00484565 0.0112555 0.0200954 0.0310378 0.0435416 0.0576644 0.0765921 0.0887331 0.0944653 0.0978236 0.0998428 0.100898 0.101142 0.100617 0.0992735 0.096951 0.0932612 0.0871772 0.075601 0.0614565 0.0508752 0.0415079 0.0330966 0.0257655 0.0195629 0.014463 0.010381 0.00717922 0.00467512 0.00271092 0.00128029 0.000456812 0.000122281 2.56517e-05 4.38015e-06 6.06757e-07 6.29349e-08 3.53388e-09 0 
0 0.00106175 0.00501613 0.011632 0.0207632 0.0320668 0.0449894 0.0603344 0.0799455 0.09052 0.0957952 0.0989675 0.100898 0.101914 0.102153 0.101653 0.100371 0.098168 0.0947123 0.0891699 0.0789147 0.0639993 0.0525797 0.0428862 0.0341969 0.0266237 0.0202164 0.0149488 0.0107341 0.00743314 0.00485993 0.00284452 0.00136384 0.00049467 0.000134043 2.83078e-05 4.8471e-06 6.71859e-07 6.96585e-08 3.908e-09 0 
0 0.00107037 0.00504659 0.0116987 0.0208813 0.0322487 0.0452462 0.0608625 0.0805368 0.0908721 0.0960795 0.0992245 0.101142 0.102153 0.102391 0.101895 0.100623 0.0984371 0.0950164 0.0895539 0.079511 0.064492 0.0528866 0.0431334 0.0343946 0.0267782 0.0203344 0.0150369 0.0107987 0.00748032 0.0048955 0.00287196 0.00138245 0.00050377 0.000137047 2.90192e-05 4.97712e-06 6.90619e-07 7.16592e-08 4.02284e-09 0 
0 0.0010431 0.00494238 0.0114669 0.0204697 0.0316143 0.044352 0.0591343 0.078657 0.089909 0.0953846 0.0986431 0.100617 0.101653 0.101895 0.101383 0.100072 0.097813 0.0942517 0.0884752 0.0776149 0.0628761 0.0518394 0.0422902 0.0337223 0.0262547 0.0199366 0.0147422 0.0105857 0.00732899 0.00478829 0.0027978 0.00133826 0.000484554 0.000131289 2.7764e-05 4.76444e-06 6.6211e-07 6.88372e-08 3.87291e-09 0 
0 0.000983383 0.004716 0.0109657 0.0195804 0.0302438 0.0424271 0.0558588 0.0738248 0.0873978 0.0936081 0.0971604 0.0992735 0.100371 0.100623 0.100072 0.0986654 0.0962206 0.0922896 0.0856338 0.0729794 0.0596877 0.049588 0.0404642 0.0322659 0.0251202 0.019074 0.0141025 0.0101224 0.0069983 0.00455172 0.00263234 0.00123914 0.000441409 0.00011831 2.49091e-05 4.27428e-06 5.95352e-07 6.21094e-08 3.5083e-09 0 
0 0.000896435 0.00438545 0.0102382 0.0182907 0.0282563 0.0396411 0.0518777 0.0662927 0.0824284 0.0903915 0.0945614 0.096951 0.098168 0.0984371 0.097813 0.0962206 0.0934028 0.0886761 0.0798978 0.0662452 0.0555576 0.0463364 0.0378148 0.0301527 0.0234739 0.0178224 0.0131741 0.00944936 0.00651619 0.00420537 0.00239147 0.00109815 0.000381838 0.000100776 2.10919e-05 3.62069e-06 5.06226e-07 5.30996e-08 3.01808e-09 0 
0 0.000788845 0.00397219 0.00933666 0.0166943 0.0257967 0.0361949 0.0473195 0.0588176 0.0728714 0.0847347 0.090302 0.0932612 0.0947123 0.0950164 0.0942517 0.0922896 0.0886761 0.0820441 0.0702074 0.0595359 0.0506941 0.042318 0.0345358 0.0275376 0.0214371 0.0162741 0.0120259 0.00861588 0.00591696 0.0037746 0.00209734 0.000933137 0.000315361 8.18656e-05 1.70504e-05 2.93431e-06 4.12903e-07 4.36706e-08 2.50475e-09 0 
0 0.000668193 0.00349911 0.00831669 0.0148926 0.0230217 0.0323073 0.042237 0.05225 0.0621846 0.073713 0.0827658 0.0871772 0.0891699 0.0895539 0.0884752 0.0856338 0.0798978 0.0702074 0.0609444 0.0530195 0.0452589 0.0377855 0.0308372 0.0245885 0.019141 0.0145296 0.0107324 0.00767595 0.00524006 0.00329239 0.00178028 0.000766191 0.000252186 6.46553e-05 1.346e-05 2.33202e-06 3.3152e-07 3.54739e-08 2.05915e-09 0 
0 0.0005426 0.002989 0.00723231 0.012986 0.0200864 0.0281957 0.036867 0.0455956 0.0538831 0.0615454 0.0692586 0.075601 0.0789147 0.079511 0.0776149 0.0729794 0.0662452 0.0595359 0.0530195 0.0462816 0.039517 0.0329928 0.0269269 0.0214719 0.016716 0.0126891 0.00936921 0.00668679 0.00453357 0.00280548 0.00148168 0.000622358 0.00020181 5.16232e-05 1.08218e-05 1.89689e-06 2.73279e-07 2.96366e-08 1.74228e-09 0 
0 0.000420175 0.002464 0.00613093 0.0110657 0.0171334 0.02406 0.0314663 0.0389208 0.0459803 0.052238 0.0574217 0.0614565 0.0639993 0.064492 0.0628761 0.0596877 0.0555576 0.0506941 0.0452589 0.039517 0.0337425 0.0281734 0.0229963 0.0183414 0.0142847 0.0108512 0.00801841 0.00572181 0.00387046 0.0023848 0.00125421 0.000526558 0.000171685 4.43662e-05 9.41338e-06 1.66973e-06 2.43136e-07 2.66091e-08 1.57602e-09 0 
0 0.000308286 0.00194606 0.00505004 0.00920747 0.0142834 0.0200704 0.026257 0.0324835 0.0383796 0.0435957 0.0478343 0.0508752 0.0525797 0.0528866 0.0518394 0.049588 0.0463364 0.042318 0.0377855 0.0329928 0.0281734 0.0235268 0.0192095 0.015335 0.0119771 0.00916484 0.00686146 0.00497319 0.00341246 0.00213798 0.00115233 0.000497567 0.000165932 4.34548e-05 9.27393e-06 1.64693e-06 2.39459e-07 2.61265e-08 1.54113e-09 0 
0 0.00021273 0.00145793 0.00401681 0.00746656 0.0116297 0.0163596 0.021413 0.0264983 0.0313135 0.0355732 0.0390328 0.0415079 0.0428862 0.0431334 0.0422902 0.0404642 0.0378148 0.0345358 0.0308372 0.0269269 0.0229963 0.0192095 0.0157031 0.0126071 0.0100706 0.00818495 0.00676268 0.00536477 0.00380206 0.00234107 0.00124656 0.000545881 0.000184656 4.83056e-05 1.0183e-05 1.77829e-06 2.54046e-07 2.72501e-08 1.5819e-09 0 
0 0.000136943 0.00102308 0.00305224 0.00587436 0.0092339 0.0130194 0.0170557 0.0211156 0.0249594 0.0283595 0.031121 0.0330966 0.0341969 0.0343946 0.0337223 0.0322659 0.0301527 0.0275376 0.0245885 0.0214719 0.0183414 0.015335 0.0126071 0.0104598 0.00948521 0.010116 0.0113636 0.0109243 0.00797119 0.00433989 0.00188852 0.000716743 0.000228105 5.73429e-05 1.16447e-05 1.96689e-06 2.72945e-07 2.85398e-08 1.61985e-09 0 
0 8.15639e-05 0.000662836 0.00217939 0.00444106 0.00712266 0.0100993 0.0132541 0.0164222 0.0194201 0.0220716 0.024225 0.0257655 0.0266237 0.0267782 0.0262547 0.0251202 0.0234739 0.0214371 0.019141 0.016716 0.0142847 0.0119771 0.0100706 0.00948521 0.012326 0.0201949 0.0355317 0.0429922 0.023772 0.0117436 0.00421663 0.00120311 0.000309232 6.89511e-05 1.2978e-05 2.08653e-06 2.79733e-07 2.84638e-08 1.57881e-09 0 
0 4.45999e-05 0.000390734 0.00143034 0.00316887 0.00528894 0.00760558 0.0100277 0.0124466 0.0147312 0.0167504 0.01839 0.0195629 0.0202164 0.0203344 0.0199366 0.019074 0.0178224 0.0162741 0.0145296 0.0126891 0.0108512 0.00916484 0.00818495 0.010116 0.0201949 0.0508683 0.0772136 0.0791548 0.070146 0.0278572 0.00919457 0.00221544 0.000443885 8.12829e-05 1.35012e-05 2.02721e-06 2.62006e-07 2.6025e-08 1.41633e-09 0 
0 2.22442e-05 0.00020695 0.000841712 0.00207468 0.00370706 0.0055028 0.00734711 0.00916429 0.0108695 0.0123725 0.0135914 0.014463 0.0149488 0.0150369 0.0147422 0.0141025 0.0131741 0.0120259 0.0107324 0.00936921 0.00801841 0.00686146 0.00676268 0.0113636 0.0355317 0.0772136 0.0847346 0.0856042 0.0816665 0.0610784 0.0148359 0.00335965 0.000580283 8.81836e-05 1.26298e-05 1.74779e-06 2.18063e-07 2.12819e-08 1.14415e-09 0 
0 1.0072e-05 9.76485e-05 0.000434511 0.00120258 0.0023692 0.00373404 0.00513854 0.00649959 0.00775862 0.00885888 0.00974718 0.010381 0.0107341 0.0107987 0.0105857 0.0101224 0.00944936 0.00861588 0.00767595 0.00668679 0.00572181 0.00497319 0.00536477 0.0109243 0.0429922 0.0791548 0.0856042 0.0864937 0.0833485 0.0700016 0.0169933 0.00363414 0.000589735 7.97133e-05 1.01134e-05 1.30214e-06 1.58286e-07 1.53247e-08 8.20958e-10 0 
0 4.12946e-06 4.09087e-05 0.000194227 0.00059695 0.00131773 0.00227407 0.00331785 0.0043387 0.00527288 0.00607849 0.00672246 0.00717922 0.00743314 0.00748032 0.00732899 0.0069983 0.00651619 0.00591696 0.00524006 0.00453357 0.00387046 0.00341246 0.00380206 0.00797119 0.023772 0.070146 0.0816665 0.0833485 0.0780571 0.0449657 0.01209 0.00268593 0.000429407 5.52221e-05 6.58644e-06 8.19219e-07 9.89999e-08 9.62829e-09 5.18937e-10 0 
0 1.53172e-06 1.52345e-05 7.50589e-05 0.000249183 0.000610995 0.00117295 0.00186636 0.00259379 0.00327809 0.0038707 0.00434231 0.00467512 0.00485993 0.0048955 0.00478829 0.00455172 0.00420537 0.0037746 0.00329239 0.00280548 0.0023848 0.00213798 0.00234107 0.00433989 0.0117436 0.0278572 0.0610784 0.0700016 0.0449657 0.0181646 0.00599321 0.00134605 0.000218374 2.81662e-05 3.38668e-06 4.29767e-07 5.30539e-08 5.25512e-09 2.87727e-10 0 
0 5.14109e-07 5.06274e-06 2.52593e-05 8.76347e-05 0.000231742 0.000489051 0.000855849 0.0012903 0.00173533 0.0021411 0.00247313 0.00271092 0.00284452 0.00287196 0.0027978 0.00263234 0.00239147 0.00209734 0.00178028 0.00148168 0.00125421 0.00115233 0.00124656 0.00188852 0.00421663 0.00919457 0.0148359 0.0169933 0.01209 0.00599321 0.00200098 0.000462318 7.7964e-05 1.06094e-05 1.38198e-06 1.88684e-07 2.43823e-08 2.48985e-09 1.39694e-10 0 
0 1.56167e-07 1.50776e-06 7.48103e-06 2.63674e-05 7.26237e-05 0.000163217 0.000308191 0.000501991 0.000723456 0.000943917 0.00113629 0.00128029 0.00136384 0.00138245 0.00133826 0.00123914 0.00109815 0.000933137 0.000766191 0.000622358 0.000526558 0.000497567 0.000545881 0.000716743 0.00120311 0.00221544 0.00335965 0.00363414 0.00268593 0.00134605 0.000462318 0.000111886 2.02226e-05 3.08964e-06 4.64464e-07 7.04562e-08 9.65855e-09 1.02541e-09 5.93703e-11 0 
0 4.28848e-08 4.03416e-07 1.96735e-06 6.9075e-06 1.92709e-05 4.46294e-05 8.80752e-05 0.000151165 0.000229813 0.000314741 0.000394127 0.000456812 0.00049467 0.00050377 0.000484554 0.000441409 0.000381838 0.000315361 0.000252186 0.00020181 0.000171685 0.000165932 0.000184656 0.000228105 0.000309232 0.000443885 0.000580283 0.000589735 0.000429407 0.000218374 7.7964e-05 2.02226e-05 4.13438e-06 7.56156e-07 1.34862e-07 2.27537e-08 3.31495e-09 3.67609e-10 2.20787e-11 0 
0 1.06038e-08 9.6853e-08 4.61128e-07 1.59408e-06 4.42527e-06 1.0315e-05 2.07065e-05 3.64409e-05 5.70486e-05 8.04682e-05 0.000103421 0.000122281 0.000134043 0.000137047 0.000131289 0.00011831 0.000100776 8.18656e-05 6.46553e-05 5.16232e-05 4.43662e-05 4.34548e-05 4.83056e-05 5.73429e-05 6.89511e-05 8.12829e-05 8.81836e-05 7.97133e-05 5.52221e-05 2.81662e-05 1.06094e-05 3.08964e-06 7.56156e-07 1.68438e-07 3.47795e-08 6.40184e-09 9.87501e-10 1.14641e-10 7.16704e-12 0 
0 2.33864e-09 2.07092e-08 9.59429e-08 3.24553e-07 8.87823e-07 2.05472e-06 4.12525e-06 7.30552e-06 1.15576e-05 1.65072e-05 2.1477e-05 2.56517e-05 2.83078e-05 2.90192e-05 2.7764e-05 2.49091e-05 2.10919e-05 1.70504e-05 1.346e-05 1.08218e-05 9.41338e-06 9.27393e-06 1.0183e-05 1.16447e-05 1.2978e-05 1.35012e-05 1.26298e-05 1.01134e-05 6.58644e-06 3.38668e-06 1.38198e-06 4.64464e-07 1.34862e-07 3.47795e-08 7.93461e-09 1.56259e-09 2.5421e-10 3.09202e-11 2.01601e-12 0 
0 4.50964e-10 3.87101e-09 1.7431e-08 5.75452e-08 1.54393e-07 3.52346e-07 7.01253e-07 1.23684e-06 1.95602e-06 2.79959e-06 3.65465e-06 4.38015e-06 4.8471e-06 4.97712e-06 4.76444e-06 4.27428e-06 3.62069e-06 2.93431e-06 2.33202e-06 1.89689e-06 1.66973e-06 1.64693e-06 1.77829e-06 1.96689e-06 2.08653e-06 2.02721e-06 1.74779e-06 1.30214e-06 8.19219e-07 4.29767e-07 1.88684e-07 7.04562e-08 2.27537e-08 6.40184e-09 1.56259e-09 3.25528e-10 5.56972e-11 7.09628e-12 4.82866e-13 0 
0 7.28711e-11 6.06777e-10 2.6562e-09 8.55208e-09 2.24643e-08 5.04032e-08 9.90351e-08 1.73108e-07 2.72197e-07 3.88356e-07 5.06305e-07 6.06757e-07 6.71859e-07 6.90619e-07 6.6211e-07 5.95352e-07 5.06226e-07 4.12903e-07 3.3152e-07 2.73279e-07 2.43136e-07 2.39459e-07 2.54046e-07 2.72945e-07 2.79733e-07 2.62006e-07 2.18063e-07 1.58286e-07 9.89999e-08 5.30539e-08 2.43823e-08 9.65855e-09 3.31495e-09 9.87501e-10 2.5421e-10 5.56972e-11 9.99789e-12 1.33283e-12 9.46192e-14 0 
0 8.91053e-12 7.20634e-11 3.06983e-10 9.64404e-10 2.47977e-09 5.46529e-09 1.05852e-08 1.82985e-08 2.85405e-08 4.0494e-08 5.26096e-08 6.29349e-08 6.96585e-08 7.16592e-08 6.88372e-08 6.21094e-08 5.30996e-08 4.36706e-08 3.54739e-08 2.96366e-08 2.66091e-08 2.61265e-08 2.72501e-08 2.85398e-08 2.84638e-08 2.6025e-08 2.12819e-08 1.53247e-08 9.62829e-09 5.25512e-09 2.48985e-09 1.02541e-09 3.67609e-10 1.14641e-10 3.09202e-11 7.09628e-12 1.33283e-12 1.85586e-13 1.3731e-14 0 
0 5.89311e-13 4.63635e-12 1.92471e-11 5.90654e-11 1.48771e-10 3.22152e-10 6.14906e-10 1.05067e-09 1.62416e-09 2.28948e-09 2.96153e-09 3.53388e-09 3.908e-09 4.02284e-09 3.87291e-09 3.5083e-09 3.01808e-09 2.50475e-09 2.05915e-09 1.74228e-09 1.57602e-09 1.54113e-09 1.5819e-09 1.61985e-09 1.57881e-09 1.41633e-09 1.14415e-09 8.20958e-10 5.18937e-10 2.87727e-10 1.39694e-10 5.93703e-11 2.20787e-11 7.16704e-12 2.01601e-12 4.82866e-13 9.46192e-14 1.3731e-14 1.05716e-15 0 
0 0 0 0 0 0 0 0 0 0 0 0 0 0 0 0 0 0 0 0 0 0 0 0 0 0 0 0 0 0 0 0 0 0 0 0 0 0 0 0 0 
