0 0 0 0 0 0 0 0 0 0 0 0 0 0 0 0 0 0 0 0 0 0 0 0 0 0 0 0 0 0 0 0 0 0 0 0 0 0 0 0 0 
0 1.70579e-07 1.54573e-06 7.04205e-06 2.23852e-05 5.51027e-05 0.000110969 0.00019026 0.000286874 0.000390499 0.000489733 0.000574464 0.000637094 0.000672937 0.000680165 0.000659553 0.000614118 0.000548696 0.000469459 0.000383342 0.000297374 0.000217915 0.00014987 9.60658e-05 5.70004e-05 3.11154e-05 1.55511e-05 7.09363e-06 2.949e-06 1.11731e-06 3.86102e-07 1.21797e-07 3.50767e-08 9.2074e-09 2.19238e-09 4.68666e-10 8.80896e-11 1.39403e-11 1.67593e-12 1.09325e-13 0 
0 1.54573e-06 1.44583e-05 6.63512e-05 0.000205476 0.000477023 0.000886847 0.00139483 0.00194077 0.00246922 0.00293808 0.00331771 0.00358856 0.00373976 0.00376841 0.00367896 0.00348223 0.00319415 0.00283444 0.00242538 0.00199105 0.00155685 0.00114867 0.000790753 0.000501779 0.000290132 0.000151462 7.10044e-05 2.98523e-05 1.12793e-05 3.845e-06 1.18739e-06 3.33134e-07 8.49557e-08 1.96292e-08 4.07121e-09 7.42868e-10 1.14248e-10 1.33662e-11 8.49771e-13 0 
0 7.04205e-06 6.63512e-05 0.00029394 0.000837399 0.00173567 0.00288009 0.00412599 0.0053655 0.00652268 0.0075364 0.00835525 0.00893978 0.00926571 0.00932573 0.00912934 0.00870085 0.00807613 0.00729833 0.00641343 0.00546628 0.00449806 0.00354627 0.00264768 0.00184209 0.00117124 0.000667327 0.00033556 0.000147877 5.7213e-05 1.95836e-05 5.98705e-06 1.64779e-06 4.10065e-07 9.22153e-08 1.85982e-08 3.30052e-09 4.94094e-10 5.63378e-11 3.49587e-12 0 
0 2.23852e-05 0.000205476 0.000837399 0.00210687 0.00387391 0.00590031 0.00802984 0.0101489 0.0121454 0.0139084 0.01534 0.0163649 0.0169367 0.0170411 0.0166944 0.0159404 0.0148442 0.0134848 0.0119474 0.0103152 0.00866296 0.00705131 0.00552521 0.00411805 0.00286371 0.00180932 0.00100846 0.000484448 0.000198813 7.01545e-05 2.16067e-05 5.89829e-06 1.44248e-06 3.17226e-07 6.24317e-08 1.08057e-08 1.57833e-09 1.75765e-10 1.06656e-11 0 
0 5.51027e-05 0.000477023 0.00173567 0.00387391 0.00657111 0.00960334 0.0128186 0.0160478 0.0191056 0.0218127 0.0240136 0.02559 0.0264696 0.0266296 0.0260952 0.0249342 0.0232475 0.021158 0.0187986 0.0163006 0.0137835 0.011347 0.00906539 0.0069843 0.0051254 0.00350422 0.00215849 0.0011519 0.000516873 0.000193583 6.13822e-05 1.68582e-05 4.08855e-06 8.84656e-07 1.70644e-07 2.89054e-08 4.13147e-09 4.50488e-10 2.67931e-11 0 
0 0.000110969 0.000886847 0.00288009 0.00590031 0.00960334 0.0137994 0.0182813 0.0227967 0.0270781 0.0308707 0.0339549 0.0361644 0.0373972 0.0376212 0.0368718 0.0352442 0.0328801 0.0299523 0.026648 0.0231522 0.0196345 0.0162381 0.0130727 0.0102104 0.00768416 0.00549403 0.00363288 0.00213008 0.00105586 0.000428994 0.000143063 4.01495e-05 9.75527e-06 2.09091e-06 3.97243e-07 6.61076e-08 9.27584e-09 9.93105e-10 5.80379e-11 0 
0 0.00019026 0.00139483 0.00412599 0.00802984 0.0128186 0.0182813 0.0241313 0.0300301 0.0356254 0.0405827 0.044615 0.0475047 0.0491184 0.0494119 0.0484309 0.0463017 0.0432107 0.039384 0.0350659 0.0304989 0.0259055 0.0214744 0.0173518 0.013637 0.0103813 0.00758953 0.00523149 0.00328188 0.00177712 0.000788556 0.000280755 8.16418e-05 2.00724e-05 4.2908e-06 8.0688e-07 1.32438e-07 1.83034e-08 1.92976e-09 1.11104e-10 0 
0 0.000286874 0.00194077 0.0053655 0.0101489 0.0160478 0.0227967 0.0300301 0.0373261 0.0442475 0.050382 0.0553826 0.0589916 0.061029 0.0614029 0.0601603 0.0574875 0.0536421 0.0489025 0.0435608 0.0379126 0.0322331 0.0267564 0.0216645 0.0170828 0.0130798 0.00966967 0.00681762 0.00446322 0.002584 0.00124238 0.000474614 0.000144351 3.62053e-05 7.76548e-06 1.452e-06 2.35939e-07 3.22209e-08 3.35499e-09 1.90795e-10 0 
0 0.000390499 0.00246922 0.00652268 0.0121454 0.0191056 0.0270781 0.0356254 0.0442475 0.0524298 0.059705 0.0657139 0.0701516 0.0727001 0.0731732 0.0716173 0.0682952 0.0636128 0.0579514 0.0516256 0.0449502 0.0382395 0.0317697 0.0257565 0.0203494 0.015632 0.0116266 0.00829916 0.00557312 0.00337809 0.0017324 0.000706892 0.000225573 5.80086e-05 1.25402e-05 2.34031e-06 3.77719e-07 5.11241e-08 5.27179e-09 2.96884e-10 0 
0 0.000489733 0.00293808 0.0075364 0.0139084 0.0218127 0.0308707 0.0405827 0.050382 0.059705 0.0680928 0.0751284 0.0802164 0.0829775 0.0834819 0.0818437 0.0781299 0.0726591 0.0660513 0.0587911 0.0511924 0.0435665 0.0362159 0.0293854 0.0232454 0.0178924 0.0133548 0.00959999 0.00654416 0.00408666 0.00219773 0.00094767 0.000316379 8.35268e-05 1.82452e-05 3.40787e-06 5.47808e-07 7.36818e-08 7.54359e-09 4.21703e-10 0 
0 0.000574464 0.00331771 0.00835525 0.01534 0.0240136 0.0339549 0.044615 0.0553826 0.0657139 0.0751284 0.0827264 0.0876681 0.0901548 0.0906111 0.089177 0.08573 0.0801208 0.0727999 0.0646777 0.0562834 0.0479061 0.0398381 0.0323418 0.0256046 0.0197331 0.0147604 0.0106544 0.00732767 0.00466218 0.00259039 0.00116494 0.000403914 0.000109231 2.41195e-05 4.51611e-06 7.2456e-07 9.70681e-08 9.88984e-09 5.50052e-10 0 
0 0.000637094 0.00358856 0.00893978 0.0163649 0.02559 0.0361644 0.0475047 0.0589916 0.0701516 0.0802164 0.0876681 0.0921582 0.0943854 0.0948034 0.0935357 0.0904481 0.0852015 0.0777301 0.0689824 0.0599562 0.0510248 0.042441 0.0344668 0.0273008 0.0210568 0.0157709 0.0114115 0.00788878 0.00507537 0.00287895 0.00133249 0.00047508 0.000130943 2.91875e-05 5.48153e-06 8.79104e-07 1.17534e-07 1.19424e-08 6.6225e-10 0 
0 0.000672937 0.00373976 0.00926571 0.0169367 0.0264696 0.0373972 0.0491184 0.061029 0.0727001 0.0829775 0.0901548 0.0943854 0.096489 0.0968902 0.0957016 0.0927992 0.0878268 0.0804732 0.0714439 0.0620329 0.0527789 0.0439051 0.0356633 0.0282567 0.0218037 0.016342 0.01184 0.0082069 0.00531091 0.00304658 0.00143343 0.000519781 0.000145036 3.25462e-05 6.1296e-06 9.8374e-07 1.31484e-07 1.335e-08 7.39676e-10 0 
0 0.000680165 0.00376841 0.00932573 0.0170411 0.0266296 0.0376212 0.0494119 0.0614029 0.0731732 0.0834819 0.0906111 0.0948034 0.0968902 0.0972903 0.096115 0.0932427 0.0883177 0.0809949 0.0719207 0.0624353 0.0531201 0.0441922 0.0359002 0.0284482 0.0219555 0.0164602 0.0119309 0.00827695 0.00536568 0.00308852 0.00146081 0.000532841 0.000149414 3.36435e-05 6.35074e-06 1.02092e-06 1.36641e-07 1.38918e-08 7.70728e-10 0 
0 0.000659553 0.00367896 0.00912934 0.0166944 0.0260952 0.0368718 0.0484309 0.0601603 0.0716173 0.0818436 0.089177 0.0935357 0.0957016 0.096115 0.0948944 0.0919119 0.0868151 0.0793882 0.0704623 0.061214 0.0520965 0.0433433 0.0352114 0.0279026 0.0215338 0.0161425 0.0116976 0.00810945 0.00524794 0.00301024 0.00141686 0.000514583 0.000144005 3.24378e-05 6.13506e-06 9.89028e-07 1.32812e-07 1.35518e-08 7.54808e-10 0 
0 0.000614118 0.00348223 0.00870085 0.0159404 0.0249342 0.0352442 0.0463017 0.0574875 0.0682952 0.0781299 0.08573 0.0904481 0.0927992 0.0932427 0.0919119 0.0886747 0.0832487 0.0757938 0.0672997 0.0585434 0.0498429 0.0414696 0.033688 0.026693 0.0205963 0.0154334 0.0111736 0.0077294 0.0049765 0.0028264 0.00131201 0.000470409 0.000130681 2.9394e-05 5.57341e-06 9.02767e-07 1.21956e-07 1.2528e-08 7.02841e-10 0 
0 0.000548696 0.00319415 0.00807613 0.0148442 0.0232475 0.0328801 0.0432107 0.0536421 0.0636128 0.0726591 0.0801208 0.0852015 0.0878268 0.0883177 0.0868151 0.0832487 0.077645 0.0705759 0.0627791 0.0546735 0.0465589 0.038737 0.0314662 0.0249289 0.0192291 0.0143993 0.0104093 0.00717423 0.00458007 0.00256056 0.00116395 0.000409724 0.000112738 2.53379e-05 4.8285e-06 7.88609e-07 1.07612e-07 1.11775e-08 6.34413e-10 0 
0 0.000469459 0.00283444 0.00729833 0.0134848 0.021158 0.0299523 0.039384 0.0489025 0.0579514 0.0660513 0.0727999 0.0777301 0.0804732 0.0809949 0.0793882 0.0757938 0.0705759 0.0642573 0.0572524 0.0498877 0.0424867 0.0353487 0.0287124 0.0227441 0.017538 0.0131226 0.00946736 0.00649197 0.00409743 0.0022457 0.000996577 0.000344416 9.41466e-05 2.12446e-05 4.09187e-06 6.77864e-07 9.39859e-08 9.92613e-09 5.72907e-10 0 
0 0.000383342 0.00242538 0.00641343 0.0119474 0.0187986 0.026648 0.0350659 0.0435608 0.0516256 0.0587911 0.0646777 0.0689824 0.0714439 0.0719207 0.0704623 0.0672997 0.0627791 0.0572524 0.0510462 0.0444867 0.0378887 0.0315246 0.0256074 0.0202846 0.0156392 0.0116944 0.00841949 0.00574076 0.00357946 0.00192529 0.000838544 0.000287206 7.88471e-05 1.80495e-05 3.5457e-06 6.00319e-07 8.50835e-08 9.17784e-09 5.40254e-10 0 
0 0.000297374 0.00199105 0.00546628 0.0103152 0.0163006 0.0231522 0.0304989 0.0379126 0.0449502 0.0511924 0.0562834 0.0599562 0.0620329 0.0624353 0.061214 0.0585434 0.0546735 0.0498877 0.0444867 0.0387728 0.0330256 0.0274832 0.0223309 0.0176961 0.0136498 0.0102092 0.00734443 0.00499165 0.00309319 0.00165383 0.000721165 0.000250267 7.03079e-05 1.65432e-05 3.34051e-06 5.80054e-07 8.4048e-08 9.23707e-09 5.52145e-10 0 
0 0.000217915 0.00155685 0.00449806 0.00866296 0.0137835 0.0196345 0.0259055 0.0322331 0.0382395 0.0435665 0.0479061 0.0510248 0.0527789 0.0531201 0.0520965 0.0498429 0.0465589 0.0424867 0.0378887 0.0330256 0.0281366 0.0234249 0.019048 0.0151139 0.0116817 0.00876461 0.00633489 0.00433808 0.00272515 0.00149297 0.00067501 0.000244324 7.14008e-05 1.73428e-05 3.58463e-06 6.3254e-07 9.2609e-08 1.02388e-08 6.13591e-10 0 
0 0.00014987 0.00114867 0.00354627 0.00705131 0.011347 0.0162381 0.0214744 0.0267564 0.0317697 0.0362159 0.0398381 0.042441 0.0439051 0.0441922 0.0433433 0.0414696 0.038737 0.0353487 0.0315246 0.0274832 0.0234249 0.0195197 0.0159 0.012659 0.00985379 0.00750139 0.00556206 0.0039502 0.00259839 0.00150696 0.000726246 0.000278085 8.43249e-05 2.08424e-05 4.32484e-06 7.60079e-07 1.10349e-07 1.20697e-08 7.1473e-10 0 
0 9.60658e-05 0.000790753 0.00264768 0.00552521 0.00906539 0.0130727 0.0173518 0.0216645 0.0257565 0.0293854 0.0323418 0.0344668 0.0356633 0.0359002 0.0352114 0.033688 0.0314662 0.0287124 0.0256074 0.0223309 0.019048 0.0159 0.0130031 0.0104645 0.00840276 0.00687928 0.00571745 0.00453574 0.00317677 0.00188445 0.000926315 0.00036286 0.000110806 2.70703e-05 5.49925e-06 9.43593e-07 1.33745e-07 1.42965e-08 8.2857e-10 0 
0 5.70004e-05 0.000501779 0.00184209 0.00411805 0.0069843 0.0102104 0.013637 0.0170828 0.0203494 0.0232454 0.0256046 0.0273008 0.0282567 0.0284482 0.0279026 0.026693 0.0249289 0.0227441 0.0202846 0.0176961 0.0151139 0.012659 0.0104645 0.00878004 0.00808601 0.00873168 0.009866 0.00950039 0.00692502 0.00374477 0.00158036 0.00055011 0.000155707 3.57283e-05 6.89053e-06 1.1354e-06 1.55725e-07 1.61811e-08 9.14653e-10 0 
0 3.11154e-05 0.000290132 0.00117124 0.00286371 0.0051254 0.00768416 0.0103813 0.0130798 0.015632 0.0178924 0.0197331 0.0210568 0.0218037 0.0219555 0.0215338 0.0205963 0.0192291 0.017538 0.0156392 0.0136498 0.0116817 0.00985379 0.00840276 0.00808601 0.0106825 0.0176039 0.0257237 0.0279905 0.020246 0.0102453 0.00366175 0.00101099 0.00023513 4.67031e-05 8.15622e-06 1.26574e-06 1.67159e-07 1.68836e-08 9.32032e-10 0 
0 1.55511e-05 0.000151462 0.000667327 0.00180932 0.00350422 0.00549403 0.00758953 0.00966967 0.0116266 0.0133548 0.0147604 0.0157709 0.016342 0.0164602 0.0161425 0.0154334 0.0143993 0.0131226 0.0116944 0.0102092 0.00876461 0.00750139 0.00687928 0.00873168 0.0176039 0.0371084 0.0663656 0.0748427 0.0506852 0.0238502 0.00802418 0.00191758 0.000362905 5.91967e-05 8.90091e-06 1.26975e-06 1.6089e-07 1.58514e-08 8.58569e-10 0 
0 7.09363e-06 7.10044e-05 0.00033556 0.00100846 0.00215849 0.00363288 0.00523149 0.00681762 0.00829916 0.00959999 0.0106544 0.0114115 0.01184 0.0119309 0.0116976 0.0111736 0.0104093 0.00946736 0.00841949 0.00734443 0.00633489 0.00556206 0.00571745 0.009866 0.0257237 0.0663656 0.087476 0.089896 0.082133 0.0421113 0.0129321 0.00292605 0.000490273 6.76936e-05 8.66731e-06 1.12026e-06 1.36181e-07 1.31715e-08 7.04933e-10 0 
0 2.949e-06 2.98523e-05 0.000147877 0.000484448 0.0011519 0.00213008 0.00328188 0.00446322 0.00557312 0.00654416 0.00732767 0.00788878 0.0082069 0.00827695 0.00810945 0.0077294 0.00717423 0.00649197 0.00574076 0.00499165 0.00433808 0.0039502 0.00453574 0.00950039 0.0279905 0.0748427 0.089896 0.0917785 0.0855366 0.0502904 0.0142571 0.00316882 0.000503489 6.29051e-05 7.13601e-06 8.4813e-07 9.99029e-08 9.57927e-09 5.11031e-10 0 
0 1.11731e-06 1.12793e-05 5.7213e-05 0.000198813 0.000516873 0.00105586 0.00177712 0.002584 0.00337809 0.00408666 0.00466218 0.00507537 0.00531091 0.00536568 0.00524794 0.0049765 0.00458007 0.00409743 0.00357946 0.00309319 0.00272515 0.00259839 0.00317677 0.00692502 0.020246 0.0506852 0.082133 0.0855366 0.0715217 0.0323239 0.0105593 0.00234101 0.00036633 4.38611e-05 4.69936e-06 5.37799e-07 6.28633e-08 6.05595e-09 3.25188e-10 0 
0 3.86102e-07 3.845e-06 1.95836e-05 7.01545e-05 0.000193583 0.000428994 0.000788556 0.00124238 0.0017324 0.00219773 0.00259039 0.00287895 0.00304658 0.00308852 0.00301024 0.0028264 0.00256056 0.0022457 0.00192529 0.00165383 0.00149297 0.00150696 0.00188445 0.00374477 0.0102453 0.0238502 0.0421113 0.0502904 0.0323239 0.0158667 0.00523273 0.00116974 0.000184418 2.21297e-05 2.40124e-06 2.81888e-07 3.3772e-08 3.31795e-09 1.81098e-10 0 
0 1.21797e-07 1.18739e-06 5.98705e-06 2.16067e-05 6.13822e-05 0.000143063 0.000280755 0.000474614 0.000706892 0.00094767 0.00116494 0.00133249 0.00143343 0.00146081 0.00141686 0.00131201 0.00116395 0.000996577 0.000838544 0.000721165 0.00067501 0.000726246 0.000926315 0.00158036 0.00366175 0.00802418 0.0129321 0.0142571 0.0105593 0.00523273 0.0017432 0.000397521 6.4366e-05 8.10684e-06 9.59087e-07 1.22842e-07 1.5523e-08 1.57564e-09 8.81843e-11 0 
0 3.50767e-08 3.33134e-07 1.64779e-06 5.89829e-06 1.68582e-05 4.01495e-05 8.16418e-05 0.000144351 0.000225573 0.000316379 0.000403914 0.00047508 0.000519781 0.000532841 0.000514583 0.000470409 0.000409724 0.000344416 0.000287206 0.000250267 0.000244324 0.000278085 0.00036286 0.00055011 0.00101099 0.00191758 0.00292605 0.00316882 0.00234101 0.00116974 0.000397521 9.35856e-05 1.60294e-05 2.2565e-06 3.12749e-07 4.54331e-08 6.14433e-09 6.49809e-10 3.75531e-11 0 
0 9.2074e-09 8.49557e-08 4.10065e-07 1.44248e-06 4.08855e-06 9.75527e-06 2.00724e-05 3.62053e-05 5.80086e-05 8.35268e-05 0.000109231 0.000130943 0.000145036 0.000149414 0.000144005 0.000130681 0.000112738 9.41466e-05 7.88471e-05 7.03079e-05 7.14008e-05 8.43249e-05 0.000110806 0.000155707 0.00023513 0.000362905 0.000490273 0.000503489 0.00036633 0.000184418 6.4366e-05 1.60294e-05 3.07655e-06 5.22402e-07 8.82858e-08 1.45618e-08 2.10732e-09 2.33159e-10 1.3984e-11 0 
0 2.19238e-09 1.96292e-08 9.22153e-08 3.17226e-07 8.84656e-07 2.09091e-06 4.2908e-06 7.76548e-06 1.25402e-05 1.82452e-05 2.41195e-05 2.91875e-05 3.25462e-05 3.36435e-05 3.24378e-05 2.9394e-05 2.53379e-05 2.12446e-05 1.80495e-05 1.65432e-05 1.73428e-05 2.08424e-05 2.70703e-05 3.57283e-05 4.67031e-05 5.91967e-05 6.76936e-05 6.29051e-05 4.38611e-05 2.21297e-05 8.10684e-06 2.2565e-06 5.22402e-07 1.11049e-07 2.23649e-08 4.07983e-09 6.27518e-10 7.27515e-11 4.54339e-12 0 
0 4.68666e-10 4.07121e-09 1.85982e-08 6.24317e-08 1.70644e-07 3.97243e-07 8.0688e-07 1.452e-06 2.34031e-06 3.40787e-06 4.51611e-06 5.48153e-06 6.1296e-06 6.35074e-06 6.13506e-06 5.57341e-06 4.8285e-06 4.09187e-06 3.5457e-06 3.34051e-06 3.58463e-06 4.32484e-06 5.49925e-06 6.89053e-06 8.15622e-06 8.90091e-06 8.66731e-06 7.13601e-06 4.69936e-06 2.40124e-06 9.59087e-07 3.12749e-07 8.82858e-08 2.23649e-08 5.06191e-09 9.93993e-10 1.61508e-10 1.96277e-11 1.27871e-12 0 
0 8.80896e-11 7.42868e-10 3.30052e-09 1.08057e-08 2.89054e-08 6.61076e-08 1.32438e-07 2.35939e-07 3.77719e-07 5.47808e-07 7.2456e-07 8.79104e-07 9.8374e-07 1.02092e-06 9.89028e-07 9.02767e-07 7.88609e-07 6.77864e-07 6.00319e-07 5.80054e-07 6.3254e-07 7.60079e-07 9.43593e-07 1.1354e-06 1.26574e-06 1.26975e-06 1.12026e-06 8.4813e-07 5.37799e-07 2.81888e-07 1.22842e-07 4.54331e-08 1.45618e-08 4.07983e-09 9.93993e-10 2.069e-10 3.53794e-11 4.50508e-12 3.06365e-13 0 
0 1.39403e-11 1.14248e-10 4.94094e-10 1.57833e-09 4.13147e-09 9.27584e-09 1.83034e-08 3.22209e-08 5.11241e-08 7.36818e-08 9.70681e-08 1.17534e-07 1.31484e-07 1.36641e-07 1.32812e-07 1.21956e-07 1.07612e-07 9.39859e-08 8.50835e-08 8.4048e-08 9.2609e-08 1.10349e-07 1.33745e-07 1.55725e-07 1.67159e-07 1.6089e-07 1.36181e-07 9.99029e-08 6.28633e-08 3.3772e-08 1.5523e-08 6.14433e-09 2.10732e-09 6.27518e-10 1.61508e-10 3.53794e-11 6.34905e-12 8.46104e-13 6.00405e-14 0 
0 1.67593e-12 1.33662e-11 5.63378e-11 1.75765e-10 4.50488e-10 9.93105e-10 1.92976e-09 3.35499e-09 5.27179e-09 7.54359e-09 9.88984e-09 1.19424e-08 1.335e-08 1.38918e-08 1.35518e-08 1.2528e-08 1.11775e-08 9.92613e-09 9.17784e-09 9.23707e-09 1.02388e-08 1.20697e-08 1.42965e-08 1.61811e-08 1.68836e-08 1.58514e-08 1.31715e-08 9.57927e-09 6.05595e-09 3.31795e-09 1.57564e-09 6.49809e-10 2.33159e-10 7.27515e-11 1.96277e-11 4.50508e-12 8.46104e-13 1.17793e-13 8.71281e-15 0 
0 1.09325e-13 8.49771e-13 3.49587e-12 1.06656e-11 2.67931e-11 5.80379e-11 1.11104e-10 1.90795e-10 2.96884e-10 4.21703e-10 5.50052e-10 6.6225e-10 7.39676e-10 7.70728e-10 7.54808e-10 7.02841e-10 6.34413e-10 5.72907e-10 5.40254e-10 5.52145e-10 6.13591e-10 7.1473e-10 8.2857e-10 9.14653e-10 9.32032e-10 8.58569e-10 7.04933e-10 5.11031e-10 3.25188e-10 1.81098e-10 8.81843e-11 3.75531e-11 1.3984e-11 4.54339e-12 1.27871e-12 3.06365e-13 6.00405e-14 8.71281e-15 6.70716e-16 0 
0 0 0 0 0 0 0 0 0 0 0 0 0 0 0 0 0 0 0 0 0 0 0 0 0 0 0 0 0 0 0 0 0 0 0 0 0 0 0 0 0 
