0 0 0 0 0 0 0 0 0 0 0 0 0 0 0 0 0 0 0 0 0 0 0 0 0 0 0 0 0 0 0 0 0 0 0 0 0 0 0 0 0 
0 3.97005e-08 3.66079e-07 1.7273e-06 5.797e-06 1.53129e-05 3.34095e-05 6.2142e-05 0.00010107 0.000146882 0.00019423 0.000237133 0.000270288 0.000289937 0.000294266 0.00028344 0.000259386 0.000225395 0.000185594 0.000144335 0.000105558 7.22364e-05 4.60135e-05 2.71449e-05 1.4767e-05 7.38418e-06 3.38772e-06 1.42512e-06 5.49943e-07 1.94874e-07 6.34815e-08 1.9024e-08 5.24275e-09 1.32566e-09 3.05866e-10 6.3687e-11 1.17117e-11 1.82018e-12 2.15583e-13 1.38907e-14 0 
0 3.66079e-07 3.51134e-06 1.70264e-05 5.75978e-05 0.000149845 0.000315099 0.000556451 0.000853988 0.00117329 0.00147766 0.00173616 0.00192657 0.00203564 0.00205837 0.00199704 0.00186019 0.00166156 0.00141896 0.00115304 0.000885727 0.000638012 0.000427081 0.000263276 0.00014829 7.58891e-05 3.51932e-05 1.47918e-05 5.64743e-06 1.96512e-06 6.25312e-07 1.8243e-07 4.88503e-08 1.19923e-08 2.68635e-09 5.43354e-10 9.71549e-11 1.46993e-11 1.69715e-12 1.06751e-13 0 
0 1.7273e-06 1.70264e-05 8.29624e-05 0.000272877 0.00066717 0.00128872 0.00207929 0.00294155 0.00378468 0.0045392 0.00515497 0.00559761 0.00584697 0.00589666 0.00575317 0.00543434 0.00496701 0.00438439 0.00372372 0.00302476 0.00232923 0.00168024 0.00111921 0.000678057 0.000368813 0.000178684 7.69888e-05 2.96159e-05 1.02421e-05 3.20802e-06 9.1558e-07 2.38991e-07 5.70914e-08 1.24381e-08 2.44747e-09 4.26079e-10 6.28354e-11 7.08085e-12 4.35317e-13 0 
0 5.797e-06 5.75978e-05 0.000272877 0.000834864 0.00184156 0.00320241 0.00474185 0.00631062 0.00779779 0.00911387 0.0101847 0.010954 0.0113866 0.0114709 0.0112184 0.0106608 0.00984573 0.00883131 0.00768001 0.00645358 0.00520963 0.00400162 0.00288268 0.00190961 0.00113726 0.000596743 0.000272767 0.000108646 3.80655e-05 1.18836e-05 3.34467e-06 8.55576e-07 1.99633e-07 4.24214e-08 8.13975e-09 1.38248e-09 1.99092e-10 2.19345e-11 1.32012e-12 0 
0 1.53129e-05 0.000149845 0.00066717 0.00184156 0.00364615 0.00583868 0.00820669 0.0105936 0.0128588 0.0148692 0.0165086 0.0176876 0.0183505 0.0184786 0.0180894 0.0172323 0.0159819 0.0144293 0.012673 0.0108096 0.00892662 0.00709701 0.00537898 0.00382322 0.00248661 0.00143571 0.000715905 0.000304126 0.000110573 3.49838e-05 9.81506e-06 2.47786e-06 5.67497e-07 1.18057e-07 2.21557e-08 3.68065e-09 5.18786e-10 5.59961e-11 3.3055e-12 0 
0 3.34095e-05 0.000315099 0.00128872 0.00320241 0.00583868 0.00890661 0.0122008 0.0155307 0.0186992 0.0215157 0.0238145 0.0254683 0.0263981 0.0265773 0.0260304 0.0248272 0.0230731 0.0208971 0.0184389 0.0158364 0.0132151 0.0106797 0.00830894 0.00615624 0.00426114 0.00267312 0.00146294 0.000676078 0.000260937 8.52124e-05 2.41313e-05 6.0618e-06 1.37041e-06 2.80277e-07 5.16219e-08 8.41267e-09 1.16356e-09 1.23331e-10 7.1561e-12 0 
0 6.2142e-05 0.000556451 0.00207929 0.00474185 0.00820669 0.0122008 0.0164989 0.0208525 0.0249993 0.0286875 0.0316987 0.0338656 0.0350841 0.0353192 0.0346029 0.0330269 0.0307297 0.0278808 0.0246641 0.0212615 0.0178393 0.0145372 0.0114613 0.0086814 0.00623431 0.00414303 0.00245217 0.00123531 0.000513172 0.000175732 5.08564e-05 1.28197e-05 2.87763e-06 5.81159e-07 1.05428e-07 1.69069e-08 2.30098e-09 2.401e-10 1.37253e-11 0 
0 0.00010107 0.000853988 0.00294155 0.00631062 0.0105936 0.0155307 0.0208525 0.0262474 0.0313879 0.0359611 0.0396957 0.0423838 0.0438963 0.0441891 0.0433021 0.0413488 0.0385012 0.0349701 0.0309838 0.0267688 0.0225322 0.0184487 0.0146526 0.0112333 0.00823613 0.00567238 0.00355167 0.00192616 0.000862347 0.000312545 9.33478e-05 2.37922e-05 5.33191e-06 1.06784e-06 1.91477e-07 3.031e-08 4.07057e-09 4.19232e-10 2.36668e-11 0 
0 0.000146882 0.00117329 0.00378468 0.00779779 0.0128588 0.0186992 0.0249993 0.0313879 0.0374765 0.0428942 0.0473195 0.050506 0.0523003 0.0526497 0.0516009 0.0492888 0.0459173 0.041736 0.037016 0.032026 0.0270118 0.0221816 0.0176957 0.0136625 0.0101384 0.00713377 0.00463543 0.00265817 0.00127125 0.00048817 0.00015129 3.92034e-05 8.81095e-06 1.75644e-06 3.12338e-07 4.89509e-08 6.50512e-09 6.62981e-10 3.70506e-11 0 
0 0.00019423 0.00147766 0.0045392 0.00911387 0.0148692 0.0215157 0.0286875 0.0359611 0.0428942 0.0490647 0.0541065 0.057739 0.0597868 0.0601886 0.0589968 0.0563656 0.0525279 0.0477683 0.0423952 0.0367148 0.0310077 0.0255114 0.0204095 0.015827 0.0118305 0.00843316 0.00561042 0.00334542 0.00168582 0.000681886 0.000219344 5.7939e-05 1.30992e-05 2.60703e-06 4.61079e-07 7.17451e-08 9.45976e-09 9.56498e-10 5.30448e-11 0 
0 0.000237133 0.00173616 0.00515497 0.0101847 0.0165086 0.0238145 0.0316987 0.0396957 0.0473195 0.0541065 0.0596542 0.0636533 0.0659095 0.0663558 0.0650502 0.0621603 0.0579424 0.0527103 0.0468036 0.0405587 0.0342845 0.0282427 0.022636 0.0176026 0.0132176 0.00949721 0.00641193 0.00392371 0.00205394 0.000866301 0.000288022 7.7525e-05 1.76563e-05 3.51573e-06 6.19933e-07 9.60187e-08 1.25938e-08 1.26655e-09 6.98745e-11 0 
0 0.000270288 0.00192657 0.00559761 0.010954 0.0176876 0.0254683 0.0338656 0.0423838 0.050506 0.057739 0.0636533 0.0679149 0.0703169 0.0707961 0.0694162 0.066348 0.0618595 0.0562877 0.0499966 0.0433448 0.0366614 0.0302255 0.0242534 0.0188935 0.0142265 0.0102714 0.00699652 0.0043513 0.0023362 0.00101547 0.000346397 9.47293e-05 2.17303e-05 4.33486e-06 7.63648e-07 1.18014e-07 1.54365e-08 1.5481e-09 8.51852e-11 0 
0 0.000289937 0.00203564 0.00584697 0.0113866 0.0183505 0.0263981 0.0350841 0.0438963 0.0523003 0.0597868 0.0659095 0.0703169 0.0727974 0.0732969 0.0718837 0.0687248 0.0640893 0.0583278 0.0518208 0.0449399 0.0380252 0.0313658 0.0251862 0.0196401 0.0148121 0.0107227 0.00733934 0.00460546 0.00250887 0.00111067 0.000385245 0.000106544 2.45867e-05 4.91751e-06 8.6706e-07 1.34015e-07 1.75283e-08 1.75794e-09 9.67644e-11 0 
0 0.000294266 0.00205837 0.00589666 0.0114709 0.0184786 0.0265773 0.0353192 0.0441891 0.0526497 0.0601886 0.0663558 0.0707961 0.0732969 0.0738061 0.0723931 0.069223 0.0645641 0.0587691 0.0522219 0.0452969 0.0383362 0.0316313 0.0254084 0.0198227 0.0149598 0.010841 0.00743364 0.00467976 0.00256313 0.00114296 0.000399396 0.000111122 2.57558e-05 5.16855e-06 9.13966e-07 1.41669e-07 1.85867e-08 1.87063e-09 1.03384e-10 0 
0 0.00028344 0.00199704 0.00575317 0.0112184 0.0180894 0.0260304 0.0346029 0.0433021 0.0516009 0.0589968 0.0650502 0.0694162 0.0718837 0.0723931 0.0710099 0.067902 0.0633373 0.0576599 0.0512433 0.0444537 0.0376273 0.0310499 0.0249435 0.0194608 0.0146859 0.0106396 0.00729035 0.0045824 0.00250354 0.00111359 0.000388782 0.000108326 2.51942e-05 5.08009e-06 9.03506e-07 1.40973e-07 1.8633e-08 1.89085e-09 1.05464e-10 0 
0 0.000259386 0.00186019 0.00543434 0.0106608 0.0172323 0.0248272 0.0330269 0.0413488 0.0492888 0.0563656 0.0621603 0.066348 0.0687248 0.069223 0.067902 0.0649302 0.0605697 0.0551468 0.049015 0.042524 0.0359956 0.029703 0.0238589 0.0186092 0.0140342 0.0101535 0.00693693 0.00433519 0.00234682 0.00103321 0.000358273 9.97501e-05 2.33061e-05 4.73821e-06 8.51722e-07 1.34556e-07 1.8034e-08 1.85808e-09 1.05338e-10 0 
0 0.000225395 0.00166156 0.00496701 0.00984573 0.0159819 0.0230731 0.0307297 0.0385012 0.0459173 0.0525279 0.0579424 0.0618595 0.0640893 0.0645641 0.0633373 0.0605697 0.0565076 0.0514536 0.045736 0.0396811 0.0335891 0.0277152 0.0222573 0.0173514 0.0130717 0.00943586 0.00641585 0.0039729 0.00212098 0.000920427 0.000316634 8.83118e-05 2.08418e-05 4.3039e-06 7.88662e-07 1.27317e-07 1.74647e-08 1.8435e-09 1.07107e-10 0 
0 0.000185594 0.00141896 0.00438439 0.00883131 0.0144293 0.0208971 0.0278808 0.0349701 0.041736 0.0477683 0.0527103 0.0562877 0.0583278 0.0587691 0.0576599 0.0551468 0.0514536 0.0468553 0.041651 0.0361383 0.0305904 0.0252395 0.0202653 0.0157908 0.0118824 0.00855464 0.00578319 0.00354333 0.00186472 0.00080001 0.000275039 7.7673e-05 1.87493e-05 3.98452e-06 7.53793e-07 1.25778e-07 1.78285e-08 1.94183e-09 1.16148e-10 0 
0 0.000144335 0.00115304 0.00372372 0.00768001 0.012673 0.0184389 0.0246641 0.0309838 0.037016 0.0423952 0.0468036 0.0499966 0.0518208 0.0522219 0.0512433 0.049015 0.045736 0.041651 0.0370268 0.0321281 0.0271981 0.0224429 0.0180214 0.0140416 0.0105605 0.00758896 0.00510809 0.00310788 0.00162646 0.000700747 0.000245778 7.18134e-05 1.80783e-05 4.01571e-06 7.92816e-07 1.37533e-07 2.01663e-08 2.25971e-09 1.38292e-10 0 
0 0.000105558 0.000885727 0.00302476 0.00645358 0.0108096 0.0158364 0.0212615 0.0267688 0.032026 0.0367148 0.0405587 0.0433448 0.0449399 0.0452969 0.0444537 0.042524 0.0396811 0.0361383 0.0321281 0.0278813 0.0236095 0.0194913 0.0156641 0.0122195 0.00920422 0.00662631 0.00447261 0.00274105 0.00146196 0.000653691 0.000241846 7.50405e-05 1.99999e-05 4.66343e-06 9.56618e-07 1.70726e-07 2.55317e-08 2.89684e-09 1.78466e-10 0 
0 7.22364e-05 0.000638012 0.00232923 0.00520963 0.00892662 0.0132151 0.0178393 0.0225322 0.0270118 0.0310077 0.0342845 0.0366614 0.0380252 0.0383362 0.0376273 0.0359956 0.0335891 0.0305904 0.0271981 0.0236095 0.020005 0.0165369 0.0133208 0.0104329 0.00791111 0.0057616 0.00397127 0.00252629 0.00142973 0.000691212 0.000277697 9.24444e-05 2.59082e-05 6.22991e-06 1.29802e-06 2.32775e-07 3.47246e-08 3.91115e-09 2.38454e-10 0 
0 4.60135e-05 0.000427081 0.00168024 0.00400162 0.00709701 0.0106797 0.0145372 0.0184487 0.0221816 0.0255114 0.0282427 0.0302255 0.0313658 0.0316313 0.0310499 0.029703 0.0277152 0.0252395 0.0224429 0.0194913 0.0165369 0.0137074 0.0110999 0.00877979 0.00678331 0.00511428 0.00373293 0.00257276 0.00160185 0.000854098 0.000372739 0.000130844 3.74916e-05 9.01768e-06 1.85647e-06 3.26938e-07 4.77598e-08 5.26271e-09 3.13926e-10 0 
0 2.71449e-05 0.000263276 0.00111921 0.00288268 0.00537898 0.00830894 0.0114613 0.0146526 0.0176957 0.0204095 0.022636 0.0242534 0.0251862 0.0254084 0.0249435 0.0238589 0.0222573 0.0202653 0.0180214 0.0156641 0.0133208 0.0110999 0.0090884 0.00736192 0.00599263 0.00499611 0.00421292 0.00334979 0.00230411 0.00129845 0.000582509 0.000204752 5.72308e-05 1.32518e-05 2.62477e-06 4.4624e-07 6.31255e-08 6.75322e-09 3.92058e-10 0 
0 1.4767e-05 0.00014829 0.000678057 0.00190961 0.00382322 0.00615624 0.0086814 0.0112333 0.0136625 0.015827 0.0176026 0.0188935 0.0196401 0.0198227 0.0194608 0.0186092 0.0173514 0.0157908 0.0140416 0.0122195 0.0104329 0.00877979 0.00736192 0.00634928 0.00605908 0.00672425 0.00769381 0.0074351 0.0054081 0.00288708 0.00116377 0.000366063 9.17008e-05 1.91894e-05 3.52082e-06 5.6812e-07 7.73306e-08 8.01345e-09 4.52481e-10 0 
0 7.38418e-06 7.58891e-05 0.000368813 0.00113726 0.00248661 0.00426114 0.00623431 0.00823613 0.0101384 0.0118305 0.0132176 0.0142265 0.0148121 0.0149598 0.0146859 0.0140342 0.0130717 0.0118824 0.0105605 0.00920422 0.00791111 0.00678331 0.00599263 0.00605908 0.00829871 0.0138456 0.0202508 0.0216464 0.0159764 0.00807212 0.00285931 0.000753728 0.000156824 2.74645e-05 4.40343e-06 6.57184e-07 8.56008e-08 8.60295e-09 4.73765e-10 0 
0 3.38772e-06 3.51932e-05 0.000178684 0.000596743 0.00143571 0.00267312 0.00414303 0.00567238 0.00713377 0.00843316 0.00949721 0.0102714 0.0107227 0.010841 0.0106396 0.0101535 0.00943586 0.00855464 0.00758896 0.00662631 0.0057616 0.00511428 0.00499611 0.00672425 0.0138456 0.0292368 0.0468929 0.0523521 0.0379343 0.0188353 0.00632651 0.00149088 0.000263704 3.79743e-05 5.07559e-06 6.78665e-07 8.40494e-08 8.22193e-09 4.43955e-10 0 
0 1.42512e-06 1.47918e-05 7.69888e-05 0.000272767 0.000715905 0.00146294 0.00245217 0.00355167 0.00463543 0.00561042 0.00641193 0.00699652 0.00733934 0.00743364 0.00729035 0.00693693 0.00641585 0.00578319 0.00510809 0.00447261 0.00397127 0.00373293 0.00421292 0.00769381 0.0202508 0.0468929 0.0763206 0.0830305 0.0632682 0.0309098 0.010211 0.00229852 0.00037074 4.62573e-05 5.20076e-06 6.14128e-07 7.21364e-08 6.91078e-09 3.68585e-10 0 
0 5.49943e-07 5.64743e-06 2.96159e-05 0.000108646 0.000304126 0.000676078 0.00123531 0.00192616 0.00265817 0.00334542 0.00392371 0.0043513 0.00460546 0.00467976 0.0045824 0.00433519 0.0039729 0.00354333 0.00310788 0.00274105 0.00252629 0.00257276 0.00334979 0.0074351 0.0216464 0.0523521 0.0830305 0.0880918 0.0711254 0.0343398 0.0112601 0.00249467 0.000385962 4.44402e-05 4.44034e-06 4.74194e-07 5.343e-08 5.06386e-09 2.69176e-10 0 
0 1.94874e-07 1.96512e-06 1.02421e-05 3.80655e-05 0.000110573 0.000260937 0.000513172 0.000862347 0.00127125 0.00168582 0.00205394 0.0023362 0.00250887 0.00256313 0.00250354 0.00234682 0.00212098 0.00186472 0.00162646 0.00146196 0.00142973 0.00160185 0.00230411 0.0054081 0.0159764 0.0379343 0.0632682 0.0711254 0.0515244 0.0253767 0.00833901 0.00184191 0.000280976 3.12816e-05 2.96885e-06 3.03614e-07 3.38035e-08 3.21669e-09 1.72135e-10 0 
0 6.34815e-08 6.25312e-07 3.20802e-06 1.18836e-05 3.49838e-05 8.52124e-05 0.000175732 0.000312545 0.00048817 0.000681886 0.000866301 0.00101547 0.00111067 0.00114296 0.00111359 0.00103321 0.000920427 0.00080001 0.000700747 0.000653691 0.000691212 0.000854098 0.00129845 0.00288708 0.00807212 0.0188353 0.0309098 0.0343398 0.0253767 0.0125334 0.00412974 0.000916702 0.000140142 1.56338e-05 1.50622e-06 1.58747e-07 1.81858e-08 1.76739e-09 9.61814e-11 0 
0 1.9024e-08 1.8243e-07 9.1558e-07 3.34467e-06 9.81506e-06 2.41313e-05 5.08564e-05 9.33478e-05 0.00015129 0.000219344 0.000288022 0.000346397 0.000385245 0.000399396 0.000388782 0.000358273 0.000316634 0.000275039 0.000245778 0.000241846 0.000277697 0.000372739 0.000582509 0.00116377 0.00285931 0.00632651 0.010211 0.0112601 0.00833901 0.00412974 0.00137081 0.000307863 4.78734e-05 5.56392e-06 5.85038e-07 6.8336e-08 8.34731e-09 8.40622e-10 4.69397e-11 0 
0 5.24275e-09 4.88503e-08 2.38991e-07 8.55576e-07 2.47786e-06 6.0618e-06 1.28197e-05 2.37922e-05 3.92034e-05 5.7939e-05 7.7525e-05 9.47293e-05 0.000106544 0.000111122 0.000108326 9.97501e-05 8.83118e-05 7.7673e-05 7.18134e-05 7.50405e-05 9.24444e-05 0.000130844 0.000204752 0.000366063 0.000753728 0.00149088 0.00229852 0.00249467 0.00184191 0.000916702 0.000307863 7.05289e-05 1.14499e-05 1.47011e-06 1.82844e-07 2.48803e-08 3.29654e-09 3.46981e-10 2.00194e-11 0 
0 1.32566e-09 1.19923e-08 5.70914e-08 1.99633e-07 5.67497e-07 1.37041e-06 2.87763e-06 5.33191e-06 8.81095e-06 1.30992e-05 1.76563e-05 2.17303e-05 2.45867e-05 2.57558e-05 2.51942e-05 2.33061e-05 2.08418e-05 1.87493e-05 1.80783e-05 1.99999e-05 2.59082e-05 3.74916e-05 5.72308e-05 9.17008e-05 0.000156824 0.000263704 0.00037074 0.000385962 0.000280976 0.000140142 4.78734e-05 1.14499e-05 2.05013e-06 3.16681e-07 4.94609e-08 7.87531e-09 1.12866e-09 1.24567e-10 7.46236e-12 0 
0 3.05866e-10 2.68635e-09 1.24381e-08 4.24214e-08 1.18057e-07 2.80277e-07 5.81159e-07 1.06784e-06 1.75644e-06 2.60703e-06 3.51573e-06 4.33486e-06 4.91751e-06 5.16855e-06 5.08009e-06 4.73821e-06 4.3039e-06 3.98452e-06 4.01571e-06 4.66343e-06 6.22991e-06 9.01768e-06 1.32518e-05 1.91894e-05 2.74645e-05 3.79743e-05 4.62573e-05 4.44402e-05 3.12816e-05 1.56338e-05 5.56392e-06 1.47011e-06 3.16681e-07 6.28821e-08 1.218e-08 2.19139e-09 3.35799e-10 3.88814e-11 2.42614e-12 0 
0 6.3687e-11 5.43354e-10 2.44747e-09 8.13975e-09 2.21557e-08 5.16219e-08 1.05428e-07 1.91477e-07 3.12338e-07 4.61079e-07 6.19933e-07 7.63648e-07 8.6706e-07 9.13966e-07 9.03506e-07 8.51722e-07 7.88662e-07 7.53793e-07 7.92816e-07 9.56618e-07 1.29802e-06 1.85647e-06 2.62477e-06 3.52082e-06 4.40343e-06 5.07559e-06 5.20076e-06 4.44034e-06 2.96885e-06 1.50622e-06 5.85038e-07 1.82844e-07 4.94609e-08 1.218e-08 2.72244e-09 5.32423e-10 8.6396e-11 1.0492e-11 6.8311e-13 0 
0 1.17117e-11 9.71549e-11 4.26079e-10 1.38248e-09 3.68065e-09 8.41267e-09 1.69069e-08 3.031e-08 4.89509e-08 7.17451e-08 9.60187e-08 1.18014e-07 1.34015e-07 1.41669e-07 1.40973e-07 1.34556e-07 1.27317e-07 1.25778e-07 1.37533e-07 1.70726e-07 2.32775e-07 3.26938e-07 4.4624e-07 5.6812e-07 6.57184e-07 6.78665e-07 6.14128e-07 4.74194e-07 3.03614e-07 1.58747e-07 6.8336e-08 2.48803e-08 7.87531e-09 2.19139e-09 5.32423e-10 1.10712e-10 1.89217e-11 2.40835e-12 1.63704e-13 0 
0 1.82018e-12 1.46993e-11 6.28354e-11 1.99092e-10 5.18786e-10 1.16356e-09 2.30098e-09 4.07057e-09 6.50512e-09 9.45976e-09 1.25938e-08 1.54365e-08 1.75283e-08 1.85867e-08 1.8633e-08 1.8034e-08 1.74647e-08 1.78285e-08 2.01663e-08 2.55317e-08 3.47246e-08 4.77598e-08 6.31255e-08 7.73306e-08 8.56008e-08 8.40494e-08 7.21364e-08 5.343e-08 3.38035e-08 1.81858e-08 8.34731e-09 3.29654e-09 1.12866e-09 3.35799e-10 8.6396e-11 1.89217e-11 3.39488e-12 4.52296e-13 3.20852e-14 0 
0 2.15583e-13 1.69715e-12 7.08085e-12 2.19345e-11 5.59961e-11 1.23331e-10 2.401e-10 4.19232e-10 6.62981e-10 9.56498e-10 1.26655e-09 1.5481e-09 1.75794e-09 1.87063e-09 1.89085e-09 1.85808e-09 1.8435e-09 1.94183e-09 2.25971e-09 2.89684e-09 3.91115e-09 5.26271e-09 6.75322e-09 8.01345e-09 8.60295e-09 8.22193e-09 6.91078e-09 5.06386e-09 3.21669e-09 1.76739e-09 8.40622e-10 3.46981e-10 1.24567e-10 3.88814e-11 1.0492e-11 2.40835e-12 4.52296e-13 6.29594e-14 4.65599e-15 0 
0 1.38907e-14 1.06751e-13 4.35317e-13 1.32012e-12 3.3055e-12 7.1561e-12 1.37253e-11 2.36668e-11 3.70506e-11 5.30448e-11 6.98745e-11 8.51852e-11 9.67644e-11 1.03384e-10 1.05464e-10 1.05338e-10 1.07107e-10 1.16148e-10 1.38292e-10 1.78466e-10 2.38454e-10 3.13926e-10 3.92058e-10 4.52481e-10 4.73765e-10 4.43955e-10 3.68585e-10 2.69176e-10 1.72135e-10 9.61814e-11 4.69397e-11 2.00194e-11 7.46236e-12 2.42614e-12 6.8311e-13 1.63704e-13 3.20852e-14 4.65599e-15 3.58385e-16 0 
0 0 0 0 0 0 0 0 0 0 0 0 0 0 0 0 0 0 0 0 0 0 0 0 0 0 0 0 0 0 0 0 0 0 0 0 0 0 0 0 0 
