0 0 0 0 0 0 0 0 0 0 0 0 0 0 0 0 0 0 0 0 0 0 0 0 0 0 0 0 0 0 0 0 0 0 0 0 0 0 0 0 0 
0 5.28124e-08 4.85681e-07 2.27916e-06 7.58374e-06 1.9805e-05 4.26363e-05 7.81972e-05 0.000125477 0.00018018 0.000235905 0.000285819 0.000324055 0.000346558 0.000351433 0.000338933 0.000311202 0.00027187 0.000225507 0.000177 0.000130881 9.0702e-05 5.85833e-05 3.50737e-05 1.93711e-05 9.83284e-06 4.57657e-06 1.95131e-06 7.62294e-07 2.73102e-07 8.98296e-08 2.71473e-08 7.53573e-09 1.91722e-09 4.44665e-10 9.29924e-11 1.71632e-11 2.67551e-12 3.17686e-13 2.05123e-14 0 
0 4.85681e-07 4.64194e-06 2.2326e-05 7.45068e-05 0.000190303 0.000391829 0.000677551 0.00102048 0.0013806 0.00171833 0.00200189 0.00220909 0.00232704 0.00235116 0.00228417 0.00213506 0.00191804 0.0016514 0.00135645 0.00105615 0.000773214 0.000527308 0.000331749 0.000190855 9.97349e-05 4.71678e-05 2.01775e-05 7.82263e-06 2.75768e-06 8.8713e-07 2.61169e-07 7.04606e-08 1.74044e-08 3.91846e-09 7.95845e-10 1.42781e-10 2.16614e-11 2.50653e-12 1.57946e-13 0 
0 2.27916e-06 2.2326e-05 0.000107269 0.000344905 0.000819568 0.00153808 0.00242135 0.00336226 0.0042695 0.00507525 0.00573015 0.00619971 0.00646349 0.00651517 0.00636183 0.00602244 0.00552525 0.00490493 0.0041998 0.00344998 0.00269688 0.00198342 0.00135273 0.000841982 0.000471268 0.000234778 0.000103731 4.07579e-05 1.43384e-05 4.55187e-06 1.31284e-06 3.45513e-07 8.30716e-08 1.81902e-08 3.59364e-09 6.27589e-10 9.27831e-11 1.04762e-11 6.45067e-13 0 
0 7.58374e-06 7.45068e-05 0.000344905 0.00102046 0.00217274 0.00367105 0.00532901 0.00700277 0.0085842 0.00998196 0.0111184 0.0119341 0.0123919 0.0124799 0.0122103 0.0116171 0.010751 0.00967378 0.00845188 0.00715039 0.00582901 0.00454094 0.00333642 0.00226894 0.00139538 0.00075854 0.000358908 0.000147325 5.28686e-05 1.68047e-05 4.79248e-06 1.23782e-06 2.90891e-07 6.21439e-08 1.19721e-08 2.03958e-09 2.94402e-10 3.24929e-11 1.95826e-12 0 
0 1.9805e-05 0.000190303 0.000819568 0.00217274 0.00415914 0.00651576 0.00904107 0.0115815 0.0139904 0.016127 0.0178682 0.0191192 0.0198214 0.0199552 0.0195397 0.0186275 0.0172981 0.0156482 0.0137826 0.0118042 0.00980583 0.0078647 0.00604001 0.0043785 0.00292879 0.00175359 0.00091106 0.000402705 0.000151351 4.90885e-05 1.40147e-05 3.58088e-06 8.27e-07 1.7306e-07 3.26158e-08 5.43499e-09 7.6778e-10 8.30095e-11 4.90621e-12 0 
0 4.26363e-05 0.000391829 0.00153808 0.00367105 0.00651576 0.00979224 0.0133022 0.016847 0.0202171 0.0232104 0.0256515 0.0274059 0.0283906 0.0285779 0.0279944 0.0267143 0.0248497 0.0225375 0.019926 0.0171617 0.014378 0.0116864 0.00917081 0.00688608 0.00486647 0.00314865 0.00179523 0.000868586 0.000349796 0.000118102 3.4234e-05 8.7335e-06 1.99458e-06 4.10716e-07 7.59984e-08 1.24252e-08 1.72244e-09 1.82862e-10 1.06227e-11 0 
0 7.81972e-05 0.000677551 0.00242135 0.00532901 0.00904107 0.0133022 0.0178815 0.0225151 0.0269243 0.0308424 0.0340385 0.0363361 0.0376259 0.0378715 0.0371076 0.0354316 0.0329907 0.0299646 0.0265484 0.0229349 0.0193006 0.0157939 0.0125283 0.00957821 0.00698094 0.00475077 0.00291424 0.00153789 0.000671039 0.000239641 7.14844e-05 1.83801e-05 4.17786e-06 8.50536e-07 1.55105e-07 2.49604e-08 3.40509e-09 3.55888e-10 2.03674e-11 0 
0 0.000125477 0.00102048 0.00336226 0.00700277 0.0115815 0.016847 0.0225151 0.0282543 0.0337175 0.0385732 0.042535 0.0453837 0.0469836 0.0472892 0.0463434 0.0442671 0.0412429 0.0374939 0.0332622 0.0287876 0.0242896 0.0199537 0.0159229 0.0122928 0.0091123 0.00638976 0.00411955 0.00233188 0.00109928 0.00041842 0.000129738 3.38963e-05 7.71385e-06 1.55958e-06 2.81326e-07 4.47045e-08 6.01892e-09 6.2094e-10 3.50939e-11 0 
0 0.00018018 0.0013806 0.0042695 0.0085842 0.0139904 0.0202171 0.0269243 0.0337175 0.0401849 0.0459344 0.0506264 0.0540019 0.0558995 0.0562639 0.0551452 0.0526875 0.049108 0.0446707 0.0396624 0.0343673 0.0290458 0.0239185 0.019156 0.0148739 0.0111332 0.00794499 0.00528634 0.00314779 0.00158367 0.000641495 0.000207708 5.54499e-05 1.26933e-05 2.55851e-06 4.58056e-07 7.20943e-08 9.6068e-09 9.80826e-10 5.4877e-11 0 
0 0.000235905 0.00171833 0.00507525 0.00998196 0.016127 0.0232104 0.0308424 0.0385732 0.0459344 0.0524797 0.0578238 0.0616723 0.0638392 0.0642581 0.0629852 0.0601864 0.0561114 0.0510616 0.0453626 0.0393373 0.0332828 0.0274505 0.0220355 0.0171709 0.0129286 0.00932361 0.00632611 0.00389815 0.00206094 0.000881053 0.000297553 8.13416e-05 1.87853e-05 3.78615e-06 6.74698e-07 1.05473e-07 1.39475e-08 1.41286e-09 7.84451e-11 0 
0 0.000285819 0.00200189 0.00573015 0.0111184 0.0178682 0.0256515 0.0340385 0.042535 0.0506264 0.0578238 0.0637042 0.0679392 0.0703219 0.0707856 0.0693937 0.0663218 0.0618422 0.056291 0.0500274 0.0434057 0.036752 0.0303433 0.0243942 0.0190522 0.0143978 0.0104501 0.00717627 0.00452115 0.00247558 0.00110386 0.000386586 0.00010808 2.52063e-05 5.08973e-06 9.04903e-07 1.40854e-07 1.85308e-08 1.86712e-09 1.03123e-10 0 
0 0.000324055 0.00220909 0.00619971 0.0119341 0.0191192 0.0274059 0.0363361 0.0453837 0.0540019 0.0616723 0.0679392 0.0724391 0.0749579 0.0754507 0.0739913 0.0707444 0.0659831 0.0600709 0.0533999 0.0463486 0.0392631 0.0324384 0.0261037 0.0204165 0.0154638 0.0112674 0.00779347 0.0049773 0.0027882 0.00128057 0.00046099 0.000131273 3.08924e-05 6.25556e-06 1.11165e-06 1.72683e-07 2.26568e-08 2.27628e-09 1.25374e-10 0 
0 0.000346558 0.00232704 0.00646349 0.0123919 0.0198214 0.0283906 0.0376259 0.0469836 0.0558995 0.0638392 0.0703219 0.0749579 0.0775387 0.0780467 0.0765645 0.0732398 0.0683324 0.0622198 0.0553194 0.0480262 0.0406972 0.0336374 0.0270842 0.0212011 0.0160787 0.0117404 0.00815241 0.00524528 0.00297627 0.00139114 0.000509591 0.000146943 3.48217e-05 7.07326e-06 1.25829e-06 1.95483e-07 2.56421e-08 2.57559e-09 1.41853e-10 0 
0 0.000351433 0.00235116 0.00651517 0.0124799 0.0199552 0.0285779 0.0378715 0.0472892 0.0562639 0.0642581 0.0707856 0.0754507 0.0780467 0.0785626 0.0770826 0.07375 0.0688201 0.0626723 0.0557294 0.0483902 0.0410136 0.0339068 0.027309 0.0213853 0.0162271 0.0118587 0.00824627 0.0053195 0.00303217 0.00142665 0.000526379 0.000152711 3.63491e-05 7.40743e-06 1.32122e-06 2.05767e-07 2.70609e-08 2.72587e-09 1.5062e-10 0 
0 0.000338933 0.00228417 0.00636183 0.0122103 0.0195397 0.0279944 0.0371076 0.0463434 0.0551452 0.0629852 0.0693937 0.0739913 0.0765645 0.0770826 0.0756238 0.0723429 0.0675048 0.0614807 0.0546771 0.0474819 0.040248 0.0332769 0.0268036 0.0209901 0.0159264 0.0116363 0.00808649 0.00520891 0.00296149 0.00138906 0.000511485 0.000148434 3.54175e-05 7.24589e-06 1.29874e-06 2.03407e-07 2.69198e-08 2.73068e-09 1.52054e-10 0 
0 0.000311202 0.00213506 0.00602244 0.0116171 0.0186275 0.0267143 0.0354316 0.0442671 0.0526875 0.0601864 0.0663218 0.0707444 0.0732398 0.07375 0.0723429 0.0691877 0.0645573 0.0588028 0.0523018 0.0454226 0.0385039 0.0318346 0.0256395 0.0200736 0.0152229 0.0111097 0.00770164 0.00493593 0.00278171 0.00129029 0.000470866 0.000136197 3.25752e-05 6.70675e-06 1.21277e-06 1.91956e-07 2.57072e-08 2.6417e-09 1.49159e-10 0 
0 0.00027187 0.00191804 0.00552525 0.010751 0.0172981 0.0248497 0.0329907 0.0412429 0.049108 0.0561114 0.0618422 0.0659831 0.0683324 0.0688201 0.0675048 0.0645573 0.0602409 0.0548777 0.0488149 0.0423962 0.0359386 0.0297119 0.0239256 0.0187241 0.0141871 0.0103345 0.00713545 0.00453581 0.00252167 0.00115093 0.000415117 0.000119776 2.8828e-05 6.00856e-06 1.10407e-06 1.78e-07 2.43202e-08 2.55229e-09 1.47249e-10 0 
0 0.000225507 0.0016514 0.00490493 0.00967378 0.0156482 0.0225375 0.0299646 0.0374939 0.0446707 0.0510616 0.056291 0.0600709 0.0622198 0.0626723 0.0614807 0.0588028 0.0548777 0.0499968 0.0444757 0.038629 0.0327455 0.0270708 0.0217955 0.0170504 0.0129069 0.00938124 0.00644506 0.00405662 0.00222146 0.000998641 0.000357796 0.000103866 2.54234e-05 5.42582e-06 1.02464e-06 1.70059e-07 2.39262e-08 2.58371e-09 1.53146e-10 0 
0 0.000177 0.00135645 0.0041998 0.00845188 0.0137826 0.019926 0.0265484 0.0332622 0.0396624 0.0453626 0.0500274 0.0533999 0.0553194 0.0557294 0.0546771 0.0523018 0.0488149 0.0444757 0.0395664 0.034367 0.0291348 0.0240881 0.0193957 0.0151726 0.0114803 0.00833102 0.00570002 0.00356021 0.00193222 0.00086624 0.000313822 9.34624e-05 2.36926e-05 5.25682e-06 1.03197e-06 1.77615e-07 2.58174e-08 2.86768e-09 1.74036e-10 0 
0 0.000130881 0.00105615 0.00344998 0.00715039 0.0118042 0.0171617 0.0229349 0.0287876 0.0343673 0.0393373 0.0434057 0.0463486 0.0480262 0.0483902 0.0474819 0.0454226 0.0423962 0.038629 0.034367 0.0298544 0.0253152 0.0209391 0.0168718 0.0132115 0.010009 0.00727252 0.00498245 0.00312285 0.00171451 0.000789506 0.000298636 9.37197e-05 2.50346e-05 5.81824e-06 1.18648e-06 2.10322e-07 3.12423e-08 3.52261e-09 2.15796e-10 0 
0 9.0702e-05 0.000773214 0.00269688 0.00582901 0.00980583 0.014378 0.0193006 0.0242896 0.0290458 0.0332828 0.036752 0.0392631 0.0406972 0.0410136 0.040248 0.0385039 0.0359386 0.0327455 0.0291348 0.0253152 0.0214781 0.0177847 0.0143583 0.0112807 0.00859305 0.00630153 0.00438863 0.00283308 0.0016333 0.000804993 0.000328459 0.000110328 3.10108e-05 7.44948e-06 1.5476e-06 2.76537e-07 4.11038e-08 4.61412e-09 2.80472e-10 0 
0 5.85833e-05 0.000527308 0.00198342 0.00454094 0.0078647 0.0116864 0.0157939 0.0199537 0.0239185 0.0274505 0.0303433 0.0324384 0.0336374 0.0339068 0.0332769 0.0318346 0.0297119 0.0270708 0.0240881 0.0209391 0.0177847 0.0147603 0.0119693 0.00948195 0.00733781 0.00554286 0.00405737 0.00281137 0.00176707 0.000955127 0.000423117 0.000150357 4.34043e-05 1.04731e-05 2.15717e-06 3.79586e-07 5.53791e-08 6.09384e-09 3.63028e-10 0 
0 3.50737e-05 0.000331749 0.00135273 0.00333642 0.00604001 0.00917081 0.0125283 0.0159229 0.019156 0.0220355 0.0243942 0.0261037 0.0270842 0.027309 0.0268036 0.0256395 0.0239256 0.0217955 0.0193957 0.0168718 0.0143583 0.0119693 0.00979712 0.00792296 0.00642776 0.00533572 0.00448396 0.00356273 0.00245892 0.00139879 0.000637499 0.000228112 6.46729e-05 1.51024e-05 3.00287e-06 5.11158e-07 7.23171e-08 7.73431e-09 4.48836e-10 0 
0 1.93711e-05 0.000190855 0.000841982 0.00226894 0.0043785 0.00688608 0.00957821 0.0122928 0.0148739 0.0171709 0.0190522 0.0204165 0.0212011 0.0213853 0.0209901 0.0200736 0.0187241 0.0170504 0.0151726 0.0132115 0.0112807 0.00948195 0.00792296 0.00678865 0.00642583 0.00708781 0.00808729 0.00780921 0.00568281 0.00304187 0.00123694 0.000396048 0.000101298 2.15375e-05 3.98604e-06 6.45454e-07 8.79578e-08 9.11765e-09 5.14864e-10 0 
0 9.83284e-06 9.97349e-05 0.000471268 0.00139538 0.00292879 0.00486647 0.00698094 0.0091123 0.0111332 0.0129286 0.0143978 0.0154638 0.0160787 0.0162271 0.0159264 0.0152229 0.0141871 0.0129069 0.0114803 0.010009 0.00859305 0.00733781 0.00642776 0.00642583 0.00873053 0.0145264 0.0212332 0.0226937 0.0167499 0.00846581 0.00300442 0.000798851 0.000169426 3.03284e-05 4.93868e-06 7.42366e-07 9.69281e-08 9.74874e-09 5.37032e-10 0 
0 4.57657e-06 4.71678e-05 0.000234778 0.00075854 0.00175359 0.00314865 0.00475077 0.00638976 0.00794499 0.00932361 0.0104501 0.0112674 0.0117404 0.0118587 0.0116363 0.0111097 0.0103345 0.00938124 0.00833102 0.00727252 0.00630153 0.00554286 0.00533572 0.00708781 0.0145264 0.0306498 0.0495189 0.0558138 0.0397804 0.0197438 0.00663405 0.00156773 0.000280597 4.12754e-05 5.63553e-06 7.62846e-07 9.48801e-08 9.29267e-09 5.02e-10 0 
0 1.95131e-06 2.01775e-05 0.000103731 0.000358908 0.00091106 0.00179523 0.00291424 0.00411955 0.00528634 0.00632611 0.00717627 0.00779347 0.00815241 0.00824627 0.00808649 0.00770164 0.00713545 0.00644506 0.00570002 0.00498245 0.00438863 0.00405737 0.00448396 0.00808729 0.0212332 0.0495189 0.0798033 0.0855921 0.0669288 0.0324219 0.0107039 0.00241207 0.000391706 4.9712e-05 5.71947e-06 6.87104e-07 8.1248e-08 7.79724e-09 4.16091e-10 0 
0 7.62294e-07 7.82263e-06 4.07579e-05 0.000147325 0.000402705 0.000868586 0.00153789 0.00233188 0.00314779 0.00389815 0.00452115 0.0049773 0.00524528 0.0053195 0.00520891 0.00493593 0.00453581 0.00405662 0.00356021 0.00312285 0.00283308 0.00281137 0.00356273 0.00780921 0.0226937 0.0558138 0.0855921 0.0896922 0.0751456 0.0361814 0.011803 0.00261671 0.000406775 4.74767e-05 4.85006e-06 5.28566e-07 6.00807e-08 5.7068e-09 3.03533e-10 0 
0 2.73102e-07 2.75768e-06 1.43384e-05 5.28686e-05 0.000151351 0.000349796 0.000671039 0.00109928 0.00158367 0.00206094 0.00247558 0.0027882 0.00297627 0.00303217 0.00296149 0.00278171 0.00252167 0.00222146 0.00193222 0.00171451 0.0016333 0.00176707 0.00245892 0.00568281 0.0167499 0.0397804 0.0669288 0.0751456 0.0542063 0.0265986 0.00874123 0.00193221 0.000296066 3.3359e-05 3.23348e-06 3.37805e-07 3.79764e-08 3.6224e-09 1.9396e-10 0 
0 8.98296e-08 8.8713e-07 4.55187e-06 1.68047e-05 4.90885e-05 0.000118102 0.000239641 0.00041842 0.000641495 0.000881053 0.00110386 0.00128057 0.00139114 0.00142665 0.00138906 0.00129029 0.00115093 0.000998641 0.00086624 0.000789506 0.000804993 0.000955127 0.00139879 0.00304187 0.00846581 0.0197438 0.0324219 0.0361814 0.0265986 0.0131373 0.00432954 0.000962341 0.000147881 1.66962e-05 1.6425e-06 1.76719e-07 2.04273e-08 1.98945e-09 1.08321e-10 0 
0 2.71473e-08 2.61169e-07 1.31284e-06 4.79248e-06 1.40147e-05 3.4234e-05 7.14844e-05 0.000129738 0.000207708 0.000297553 0.000386586 0.00046099 0.000509591 0.000526379 0.000511485 0.000470866 0.000415117 0.000357796 0.000313822 0.000298636 0.000328459 0.000423117 0.000637499 0.00123694 0.00300442 0.00663405 0.0107039 0.011803 0.00874123 0.00432954 0.00143815 0.000323838 5.06899e-05 5.97071e-06 6.41275e-07 7.62622e-08 9.37953e-09 9.46026e-10 5.28461e-11 0 
0 7.53573e-09 7.04606e-08 3.45513e-07 1.23782e-06 3.58088e-06 8.7335e-06 1.83801e-05 3.38963e-05 5.54499e-05 8.13416e-05 0.00010808 0.000131273 0.000146943 0.000152711 0.000148434 0.000136197 0.000119776 0.000103866 9.34624e-05 9.37197e-05 0.000110328 0.000150357 0.000228112 0.000396048 0.000798851 0.00156773 0.00241207 0.00261671 0.00193221 0.000962341 0.000323838 7.45169e-05 1.22036e-05 1.592e-06 2.02057e-07 2.78555e-08 3.70609e-09 3.90443e-10 2.25331e-11 0 
0 1.91722e-09 1.74044e-08 8.30716e-08 2.90891e-07 8.27e-07 1.99458e-06 4.17786e-06 7.71385e-06 1.26933e-05 1.87853e-05 2.52063e-05 3.08924e-05 3.48217e-05 3.63491e-05 3.54175e-05 3.25752e-05 2.8828e-05 2.54234e-05 2.36926e-05 2.50346e-05 3.10108e-05 4.34043e-05 6.46729e-05 0.000101298 0.000169426 0.000280597 0.000391706 0.000406775 0.000296066 0.000147881 5.06899e-05 1.22036e-05 2.2112e-06 3.47526e-07 5.51224e-08 8.83982e-09 1.26936e-09 1.4016e-10 8.39807e-12 0 
0 4.44665e-10 3.91846e-09 1.81902e-08 6.21439e-08 1.7306e-07 4.10716e-07 8.50536e-07 1.55958e-06 2.55851e-06 3.78615e-06 5.08973e-06 6.25556e-06 7.07326e-06 7.40743e-06 7.24589e-06 6.70675e-06 6.00856e-06 5.42582e-06 5.25682e-06 5.81824e-06 7.44948e-06 1.04731e-05 1.51024e-05 2.15375e-05 3.03284e-05 4.12754e-05 4.9712e-05 4.74767e-05 3.3359e-05 1.66962e-05 5.97071e-06 1.592e-06 3.47526e-07 6.99302e-08 1.36525e-08 2.46325e-09 3.77734e-10 4.37465e-11 2.73007e-12 0 
0 9.29924e-11 7.95845e-10 3.59364e-09 1.19721e-08 3.26158e-08 7.59984e-08 1.55105e-07 2.81326e-07 4.58056e-07 6.74698e-07 9.04903e-07 1.11165e-06 1.25829e-06 1.32122e-06 1.29874e-06 1.21277e-06 1.10407e-06 1.02464e-06 1.03197e-06 1.18648e-06 1.5476e-06 2.15717e-06 3.00287e-06 3.98604e-06 4.93868e-06 5.63553e-06 5.71947e-06 4.85006e-06 3.23348e-06 1.6425e-06 6.41275e-07 2.02057e-07 5.51224e-08 1.36525e-08 3.05941e-09 5.98811e-10 9.71922e-11 1.18045e-11 7.68635e-13 0 
0 1.71632e-11 1.42781e-10 6.27589e-10 2.03958e-09 5.43499e-09 1.24252e-08 2.49604e-08 4.47045e-08 7.20943e-08 1.05473e-07 1.40854e-07 1.72683e-07 1.95483e-07 2.05767e-07 2.03407e-07 1.91956e-07 1.78e-07 1.70059e-07 1.77615e-07 2.10322e-07 2.76537e-07 3.79586e-07 5.11158e-07 6.45454e-07 7.42366e-07 7.62846e-07 6.87104e-07 5.28566e-07 3.37805e-07 1.76719e-07 7.62622e-08 2.78555e-08 8.83982e-09 2.46325e-09 5.98811e-10 1.2454e-10 2.1287e-11 2.70959e-12 1.84193e-13 0 
0 2.67551e-12 2.16614e-11 9.27831e-11 2.94402e-10 7.6778e-10 1.72244e-09 3.40509e-09 6.01892e-09 9.6068e-09 1.39475e-08 1.85308e-08 2.26568e-08 2.56421e-08 2.70609e-08 2.69198e-08 2.57072e-08 2.43202e-08 2.39262e-08 2.58174e-08 3.12423e-08 4.11038e-08 5.53791e-08 7.23171e-08 8.79578e-08 9.69281e-08 9.48801e-08 8.1248e-08 6.00807e-08 3.79764e-08 2.04273e-08 9.37953e-09 3.70609e-09 1.26936e-09 3.77734e-10 9.71922e-11 2.1287e-11 3.81938e-12 5.08872e-13 3.61004e-14 0 
0 3.17686e-13 2.50653e-12 1.04762e-11 3.24929e-11 8.30095e-11 1.82862e-10 3.55888e-10 6.2094e-10 9.80826e-10 1.41286e-09 1.86712e-09 2.27628e-09 2.57559e-09 2.72587e-09 2.73068e-09 2.6417e-09 2.55229e-09 2.58371e-09 2.86768e-09 3.52261e-09 4.61412e-09 6.09384e-09 7.73431e-09 9.11765e-09 9.74874e-09 9.29267e-09 7.79724e-09 5.7068e-09 3.6224e-09 1.98945e-09 9.46026e-10 3.90443e-10 1.4016e-10 4.37465e-11 1.18045e-11 2.70959e-12 5.08872e-13 7.08362e-14 5.23866e-15 0 
0 2.05123e-14 1.57946e-13 6.45067e-13 1.95826e-12 4.90621e-12 1.06227e-11 2.03674e-11 3.50939e-11 5.4877e-11 7.84451e-11 1.03123e-10 1.25374e-10 1.41853e-10 1.5062e-10 1.52054e-10 1.49159e-10 1.47249e-10 1.53146e-10 1.74036e-10 2.15796e-10 2.80472e-10 3.63028e-10 4.48836e-10 5.14864e-10 5.37032e-10 5.02e-10 4.16091e-10 3.03533e-10 1.9396e-10 1.08321e-10 5.28461e-11 2.25331e-11 8.39807e-12 2.73007e-12 7.68635e-13 1.84193e-13 3.61004e-14 5.23866e-15 4.0324e-16 0 
0 0 0 0 0 0 0 0 0 0 0 0 0 0 0 0 0 0 0 0 0 0 0 0 0 0 0 0 0 0 0 0 0 0 0 0 0 0 0 0 0 
