0 0 0 0 0 0 0 0 0 0 0 0 0 0 0 0 0 0 0 0 0 0 0 0 0 0 0 0 0 0 0 0 0 0 0 0 0 0 0 0 0 
0 2.7896e-07 2.50534e-06 1.12148e-05 3.4722e-05 8.27188e-05 0.000160836 0.000266635 0.000390311 0.000518519 0.000638091 0.000738202 0.000811154 0.000852441 0.000860502 0.00083639 0.000783394 0.000706646 0.000612685 0.000508975 0.000403316 0.000303139 0.000214686 0.000142214 8.745e-05 4.9559e-05 2.57247e-05 1.2175e-05 5.24006e-06 2.04911e-06 7.28277e-07 2.35428e-07 6.92387e-08 1.85002e-08 4.47103e-09 9.67629e-10 1.8373e-10 2.93183e-11 3.54873e-12 2.3278e-13 0 
0 2.50534e-06 2.31071e-05 0.000103003 0.00030535 0.00067325 0.0011902 0.00179381 0.00241548 0.0030014 0.00351338 0.00392446 0.00421627 0.00437838 0.00440819 0.0043107 0.00409753 0.00378552 0.00339503 0.00294848 0.00246931 0.00198176 0.00151095 0.00108235 0.000719146 0.000437343 0.000240557 0.000118657 5.22761e-05 2.05775e-05 7.26119e-06 2.30704e-06 6.6239e-07 1.72097e-07 4.0362e-08 8.47186e-09 1.56063e-09 2.41837e-10 2.84641e-11 1.81835e-12 0 
0 1.12148e-05 0.000103003 0.000434308 0.00115796 0.00224864 0.00354709 0.00491194 0.00625312 0.00750244 0.00859756 0.00948282 0.0101147 0.0104665 0.0105299 0.0103155 0.00984992 0.00917269 0.00833133 0.0073764 0.0063567 0.00531547 0.00428889 0.00330808 0.00240467 0.00161608 0.000982216 0.000528911 0.000248929 0.000102025 3.66036e-05 1.16072e-05 3.2846e-06 8.34721e-07 1.90714e-07 3.89297e-08 6.97237e-09 1.05113e-09 1.20501e-10 7.50867e-12 0 
0 3.4722e-05 0.00030535 0.00115796 0.00269589 0.00467873 0.00688576 0.00919508 0.0114968 0.0136683 0.0155868 0.0171443 0.0182585 0.0188791 0.0189904 0.0186108 0.0177881 0.0165936 0.0151139 0.0134423 0.0116706 0.00988159 0.00814272 0.00650222 0.0049894 0.00362359 0.00243189 0.00146186 0.000762918 0.000338792 0.000127715 4.13643e-05 1.17085e-05 2.93756e-06 6.57796e-07 1.31137e-07 2.29092e-08 3.36898e-09 3.7705e-10 2.29654e-11 0 
0 8.27188e-05 0.00067325 0.00224864 0.00467873 0.00762748 0.0109283 0.0144339 0.0179566 0.0212917 0.0242425 0.0266399 0.0283553 0.0293108 0.0294819 0.0288968 0.0276294 0.02579 0.0235127 0.0209423 0.0182223 0.0154839 0.0128373 0.0103661 0.00812227 0.00612627 0.00437664 0.00287811 0.00167328 0.000825418 0.000337403 0.000114638 3.30659e-05 8.28768e-06 1.83283e-06 3.58749e-07 6.13762e-08 8.8331e-09 9.67814e-10 5.77618e-11 0 
0 0.000160836 0.0011902 0.00354709 0.00688576 0.0109283 0.0155125 0.0204092 0.0253394 0.0300102 0.0341443 0.0375035 0.0399075 0.0412465 0.0414862 0.0406659 0.0388896 0.0363119 0.0331211 0.0295207 0.0257124 0.021881 0.0181834 0.0147411 0.0116358 0.00890738 0.00655461 0.00454828 0.00287188 0.00156863 0.00070675 0.000257702 7.71965e-05 1.95818e-05 4.31322e-06 8.33751e-07 1.40306e-07 1.9832e-08 2.13377e-09 1.25125e-10 0 
0 0.000266635 0.00179381 0.00491194 0.00919508 0.0144339 0.0204092 0.0268022 0.0332418 0.0393439 0.0447458 0.0491398 0.0522987 0.054074 0.0543941 0.0533024 0.0509588 0.0475806 0.0434096 0.0387059 0.0337314 0.0287282 0.0239021 0.0194133 0.0153723 0.0118391 0.00882411 0.00629159 0.00418188 0.00247211 0.00122295 0.000484022 0.000152867 3.97179e-05 8.78592e-06 1.68696e-06 2.80472e-07 3.90776e-08 4.14165e-09 2.39288e-10 0 
0 0.000390311 0.00241548 0.00625312 0.0114968 0.0179566 0.0253394 0.0332418 0.041203 0.0487489 0.0554517 0.0610214 0.0652613 0.0678018 0.0682774 0.0666889 0.0634281 0.0590201 0.0537899 0.0479627 0.0418123 0.0356279 0.0296635 0.0241182 0.0191299 0.0147763 0.0110785 0.00800365 0.0054747 0.00341309 0.00182226 0.00078136 0.000262165 7.03907e-05 1.57465e-05 3.01874e-06 4.97883e-07 6.86142e-08 7.18532e-09 4.10144e-10 0 
0 0.000518519 0.0030014 0.00750244 0.0136683 0.0212917 0.0300102 0.0393439 0.0487489 0.0576953 0.0658764 0.0732136 0.0788122 0.0818288 0.0823724 0.0805885 0.0764641 0.0704936 0.063784 0.0567571 0.0494738 0.0421686 0.0351249 0.0285773 0.0226895 0.0175549 0.0132023 0.00960193 0.00667111 0.00429888 0.00242684 0.00111469 0.00039709 0.000110646 2.51481e-05 4.83301e-06 7.93487e-07 1.08498e-07 1.12583e-08 6.36562e-10 0 
0 0.000638091 0.00351338 0.00859756 0.0155868 0.0242425 0.0341443 0.0447458 0.0554517 0.0658764 0.0760349 0.0842801 0.0890929 0.091378 0.0918008 0.0905097 0.0872599 0.0814391 0.0732695 0.0646894 0.056274 0.0479619 0.0399619 0.0325264 0.0258414 0.0200138 0.0150784 0.0110065 0.007713 0.00507022 0.00297322 0.00144085 0.00054111 0.000156364 3.61769e-05 6.9875e-06 1.14505e-06 1.55757e-07 1.60556e-08 9.01413e-10 0 
0 0.000738202 0.00392446 0.00948282 0.0171443 0.0266399 0.0375035 0.0491398 0.0610214 0.0732136 0.0842801 0.0911331 0.0948911 0.0967314 0.0970906 0.0960689 0.0935174 0.0889485 0.0814166 0.071556 0.0618771 0.0526783 0.0438958 0.0357382 0.0284048 0.0220132 0.0166028 0.0121449 0.00855219 0.0056885 0.0034189 0.00172183 0.00067433 0.000201108 4.73225e-05 9.19545e-06 1.50675e-06 2.04334e-07 2.09711e-08 1.17168e-09 0 
0 0.000811154 0.00421627 0.0101147 0.0182585 0.0283553 0.0399075 0.0522987 0.0652613 0.0788122 0.0890929 0.0948911 0.098172 0.0998135 0.100145 0.0992461 0.0970097 0.0930758 0.086608 0.0768154 0.0660372 0.0560727 0.0467162 0.0380409 0.0302428 0.023447 0.0176957 0.0129602 0.00915139 0.00612826 0.00373859 0.00193077 0.000778861 0.000237898 5.6754e-05 1.10905e-05 1.81903e-06 2.46346e-07 2.52215e-08 1.40517e-09 0 
0 0.000852441 0.00437838 0.0104665 0.0188791 0.0293108 0.0412465 0.054074 0.0678018 0.0818288 0.091378 0.0967314 0.0998135 0.101371 0.101691 0.100846 0.0987428 0.0950758 0.0891203 0.0797602 0.0684685 0.0579847 0.0482944 0.0393296 0.0312721 0.0242504 0.0183087 0.0134179 0.00948776 0.00637528 0.00391973 0.00205242 0.000842243 0.000261057 6.2845e-05 1.23333e-05 2.02572e-06 2.74332e-07 2.80676e-08 1.56226e-09 0 
0 0.000860502 0.00440819 0.0105299 0.0189904 0.0294819 0.0414862 0.0543941 0.0682774 0.0823724 0.0918008 0.0970906 0.100145 0.101691 0.102011 0.101173 0.09909 0.0954625 0.0895847 0.0803081 0.0689315 0.0583422 0.0485892 0.0395717 0.0314667 0.0244036 0.0184268 0.0135074 0.00955515 0.00642676 0.00395992 0.00208167 0.000858758 0.000267514 6.4637e-05 1.27154e-05 2.09179e-06 2.83609e-07 2.90455e-08 1.61821e-09 0 
0 0.00083639 0.0043107 0.0103155 0.0186108 0.0288968 0.0406659 0.0533024 0.0666889 0.0805885 0.0905097 0.0960689 0.0992461 0.100846 0.101173 0.100304 0.0981397 0.0943521 0.0881661 0.0785643 0.0674492 0.0571925 0.0476462 0.0388046 0.0308568 0.0239302 0.0180684 0.0132429 0.00936433 0.00629119 0.00386555 0.00202207 0.000829404 0.000257309 6.20814e-05 1.22205e-05 2.01407e-06 2.73746e-07 2.81137e-08 1.57099e-09 0 
0 0.000783394 0.00409753 0.00984992 0.0177881 0.0276294 0.0388896 0.0509588 0.0634281 0.0764641 0.0872599 0.0935174 0.0970097 0.0987428 0.09909 0.0981397 0.0957691 0.0915687 0.0846259 0.0746531 0.0643256 0.0547013 0.0455874 0.0371277 0.0295219 0.0228927 0.0172814 0.0126601 0.00894146 0.0059875 0.00365094 0.00188476 0.000761213 0.000233392 5.60083e-05 1.10217e-05 1.8214e-06 2.4861e-07 2.56617e-08 1.44188e-09 0 
0 0.000706646 0.00378552 0.00917269 0.0165936 0.02579 0.0363119 0.0475806 0.0590201 0.0704936 0.0814391 0.0889485 0.0930758 0.0950758 0.0954625 0.0943521 0.0915687 0.0865523 0.0785946 0.0691373 0.0599707 0.0511002 0.0425941 0.0346888 0.0275805 0.0213838 0.0161369 0.0118123 0.00832536 0.00554383 0.00333815 0.001688 0.000666212 0.00020089 4.78722e-05 9.42486e-06 1.56495e-06 2.15114e-07 2.23868e-08 1.26896e-09 0 
0 0.000612685 0.00339503 0.00833133 0.0151139 0.0235127 0.0331211 0.0434096 0.0537899 0.063784 0.0732695 0.0814166 0.086608 0.0891203 0.0895847 0.0881661 0.0846259 0.0785946 0.0708448 0.0628019 0.0547071 0.0466499 0.0388863 0.0316685 0.0251774 0.0195173 0.0147223 0.0107653 0.00756441 0.00499659 0.00295761 0.00145719 0.000560094 0.000166063 3.93834e-05 7.78425e-06 1.30403e-06 1.81285e-07 1.91023e-08 1.09677e-09 0 
0 0.000508975 0.00294848 0.0073764 0.0134423 0.0209423 0.0295207 0.0387059 0.0479627 0.0567571 0.0646894 0.071556 0.0768154 0.0797602 0.0803081 0.0785643 0.0746531 0.0691373 0.0628019 0.055963 0.048812 0.0416298 0.0347027 0.0282621 0.0224693 0.0174167 0.0131334 0.009592 0.00671443 0.00439168 0.00255051 0.00122486 0.000460535 0.000135222 3.21597e-05 6.42639e-06 1.09279e-06 1.54448e-07 1.65487e-08 9.65663e-10 0 
0 0.000403316 0.00246931 0.0063567 0.0116706 0.0182223 0.0257124 0.0337314 0.0418123 0.0494738 0.056274 0.0618771 0.0660372 0.0684685 0.0689315 0.0674492 0.0643256 0.0599707 0.0547071 0.048812 0.0425842 0.0363207 0.0302799 0.0246639 0.0196127 0.0152062 0.0114676 0.00836941 0.00584004 0.00378959 0.00217247 0.0010298 0.000385264 0.000113874 2.75004e-05 5.60213e-06 9.71755e-07 1.39951e-07 1.52525e-08 9.03371e-10 0 
0 0.000303139 0.00198176 0.00531547 0.00988159 0.0154839 0.021881 0.0287282 0.0356279 0.0421686 0.0479619 0.0526783 0.0560727 0.0579847 0.0583422 0.0571925 0.0547013 0.0511002 0.0466499 0.0416298 0.0363207 0.0309822 0.0258353 0.0210522 0.0167522 0.0130029 0.00982286 0.00718536 0.00502741 0.00327589 0.00189453 0.00091314 0.000349939 0.000106238 2.6297e-05 5.46707e-06 9.63427e-07 1.40396e-07 1.54302e-08 9.19032e-10 0 
0 0.000214686 0.00151095 0.00428889 0.00814272 0.0128373 0.0181834 0.0239021 0.0296635 0.0351249 0.0399619 0.0438958 0.0467162 0.0482944 0.0485892 0.0476462 0.0455874 0.0425941 0.0388863 0.0347027 0.0302799 0.0258353 0.0215538 0.0175799 0.0140173 0.0109313 0.00834455 0.00621833 0.0044618 0.00299566 0.00180009 0.000910242 0.000365711 0.000114904 2.89748e-05 6.06448e-06 1.0682e-06 1.54956e-07 1.6914e-08 9.99211e-10 0 
0 0.000142214 0.00108235 0.00330808 0.00650222 0.0103661 0.0147411 0.0194133 0.0241182 0.0285773 0.0325264 0.0357382 0.0380409 0.0393296 0.0395717 0.0388046 0.0371277 0.0346888 0.0316685 0.0282621 0.0246639 0.0210522 0.0175799 0.0143736 0.0115519 0.00924898 0.00754151 0.00624735 0.00495548 0.00349151 0.00210908 0.00107547 0.000442129 0.000140838 3.535e-05 7.28162e-06 1.25703e-06 1.78583e-07 1.91024e-08 1.10717e-09 0 
0 8.745e-05 0.000719146 0.00240467 0.0049894 0.00812227 0.0116358 0.0153723 0.0191299 0.0226895 0.0258414 0.0284048 0.0302428 0.0312721 0.0314667 0.0308568 0.0295219 0.0275805 0.0251774 0.0224693 0.0196127 0.0167522 0.0140173 0.0115519 0.00963247 0.00879614 0.00943435 0.0106262 0.0102232 0.00745604 0.00404646 0.0017339 0.000628121 0.000187222 4.46811e-05 8.80536e-06 1.46528e-06 2.01831e-07 2.1015e-08 1.18932e-09 0 
0 4.9559e-05 0.000437343 0.00161608 0.00362359 0.00612627 0.00890738 0.0118391 0.0147763 0.0175549 0.0200138 0.0220132 0.023447 0.0242504 0.0244036 0.0239302 0.0228927 0.0213838 0.0195173 0.0174167 0.0152062 0.0130029 0.0109313 0.00924898 0.00879614 0.0115168 0.0189191 0.0284339 0.0330591 0.0217458 0.0110059 0.00394324 0.00110635 0.000269272 5.63166e-05 1.01687e-05 1.6025e-06 2.12933e-07 2.15659e-08 1.19245e-09 0 
0 2.57247e-05 0.000240557 0.000982216 0.00243189 0.00437664 0.00655461 0.00882411 0.0110785 0.0132023 0.0150784 0.0166028 0.0176957 0.0183087 0.0184268 0.0180684 0.0172814 0.0161369 0.0147223 0.0131334 0.0114676 0.00982286 0.00834455 0.00754151 0.00943435 0.0189191 0.0410229 0.0747201 0.0797257 0.059585 0.0256102 0.00861828 0.0020683 0.000401952 6.90617e-05 1.08656e-05 1.58673e-06 2.02811e-07 2.00472e-08 1.08774e-09 0 
0 1.2175e-05 0.000118657 0.000528911 0.00146186 0.00287811 0.00454828 0.00629159 0.00800365 0.00960193 0.0110065 0.0121449 0.0129602 0.0134179 0.0135074 0.0132429 0.0126601 0.0118123 0.0107653 0.009592 0.00836941 0.00718536 0.00621833 0.00624735 0.0106262 0.0284339 0.0747201 0.0874809 0.0891172 0.0832703 0.0501825 0.0138844 0.00314604 0.000534765 7.70826e-05 1.0387e-05 1.38603e-06 1.70517e-07 1.65561e-08 8.87629e-10 0 
0 5.24006e-06 5.22761e-05 0.000248929 0.000762918 0.00167328 0.00287188 0.00418188 0.0054747 0.00667111 0.007713 0.00855219 0.00915139 0.00948776 0.00955515 0.00936433 0.00894146 0.00832536 0.00756441 0.00671443 0.00584004 0.00502741 0.0044618 0.00495548 0.0102232 0.0330591 0.0797257 0.0891172 0.0903759 0.085636 0.0598975 0.0153133 0.00340496 0.000546451 7.07186e-05 8.44143e-06 1.0418e-06 1.24551e-07 1.19941e-08 6.40938e-10 0 
0 2.04911e-06 2.05775e-05 0.000102025 0.000338792 0.000825418 0.00156863 0.00247211 0.00341309 0.00429888 0.00507022 0.0056885 0.00612826 0.00637528 0.00642676 0.00629119 0.0059875 0.00554383 0.00499659 0.00439168 0.00378959 0.00327589 0.00299566 0.00349151 0.00745604 0.0217458 0.059585 0.0832703 0.085636 0.0780848 0.0364488 0.0113363 0.00251599 0.000397669 4.91519e-05 5.52978e-06 6.58273e-07 7.81791e-08 7.56412e-09 4.06796e-10 0 
0 7.28277e-07 7.26119e-06 3.66036e-05 0.000127715 0.000337403 0.00070675 0.00122295 0.00182226 0.00242684 0.00297322 0.0034189 0.00373859 0.00391973 0.00395992 0.00386555 0.00365094 0.00333815 0.00295761 0.00255051 0.00217247 0.00189453 0.00180009 0.00210908 0.00404646 0.0110059 0.0256102 0.0501825 0.0598976 0.0364488 0.0170332 0.00561875 0.00125897 0.00020108 2.49148e-05 2.8337e-06 3.45234e-07 4.19615e-08 4.13807e-09 2.26154e-10 0 
0 2.35428e-07 2.30704e-06 1.16072e-05 4.13643e-05 0.000114638 0.000257702 0.000484022 0.00078136 0.00111469 0.00144085 0.00172183 0.00193077 0.00205242 0.00208167 0.00202207 0.00188476 0.001688 0.00145719 0.00122486 0.0010298 0.00091314 0.000910242 0.00107547 0.0017339 0.00394324 0.00861828 0.0138844 0.0153133 0.0113363 0.00561875 0.00187391 0.000429938 7.08801e-05 9.2413e-06 1.14333e-06 1.51011e-07 1.92895e-08 1.96336e-09 1.09996e-10 0 
0 6.92387e-08 6.6239e-07 3.2846e-06 1.17085e-05 3.30659e-05 7.71965e-05 0.000152867 0.000262165 0.00039709 0.00054111 0.00067433 0.000778861 0.000842243 0.000858758 0.000829404 0.000761213 0.000666212 0.000560094 0.000460535 0.000385264 0.000349939 0.000365711 0.000442129 0.000628121 0.00110635 0.0020683 0.00314604 0.00340496 0.00251599 0.00125897 0.000429938 0.000102461 1.79721e-05 2.62615e-06 3.78272e-07 5.61182e-08 7.63901e-09 8.09283e-10 4.68051e-11 0 
0 1.85002e-08 1.72097e-07 8.34721e-07 2.93756e-06 8.28768e-06 1.95818e-05 3.97179e-05 7.03907e-05 0.000110646 0.000156364 0.000201108 0.000237898 0.000261057 0.000267514 0.000257309 0.000233392 0.00020089 0.000166063 0.000135222 0.000113874 0.000106238 0.000114904 0.000140838 0.000187222 0.000269272 0.000401952 0.000534765 0.000546451 0.000397669 0.00020108 7.08801e-05 1.79721e-05 3.54961e-06 6.24121e-07 1.08259e-07 1.80544e-08 2.62104e-09 2.90285e-10 1.74201e-11 0 
0 4.47103e-09 4.0362e-08 1.90714e-07 6.57796e-07 1.83283e-06 4.31322e-06 8.78592e-06 1.57465e-05 2.51481e-05 3.61769e-05 4.73225e-05 5.6754e-05 6.2845e-05 6.4637e-05 6.20814e-05 5.60083e-05 4.78722e-05 3.93834e-05 3.21597e-05 2.75004e-05 2.6297e-05 2.89748e-05 3.535e-05 4.46811e-05 5.63166e-05 6.90617e-05 7.70826e-05 7.07186e-05 4.91519e-05 2.49148e-05 9.2413e-06 2.62615e-06 6.24121e-07 1.35706e-07 2.76661e-08 5.06887e-09 7.80666e-10 9.05578e-11 5.6578e-12 0 
0 9.67629e-10 8.47186e-09 3.89297e-08 1.31137e-07 3.58749e-07 8.33751e-07 1.68696e-06 3.01874e-06 4.83301e-06 6.9875e-06 9.19545e-06 1.10905e-05 1.23333e-05 1.27154e-05 1.22205e-05 1.10217e-05 9.42486e-06 7.78425e-06 6.42639e-06 5.60213e-06 5.46707e-06 6.06448e-06 7.28162e-06 8.80536e-06 1.01687e-05 1.08656e-05 1.0387e-05 8.44143e-06 5.52978e-06 2.8337e-06 1.14333e-06 3.78272e-07 1.08259e-07 2.76661e-08 6.28608e-09 1.23605e-09 2.00946e-10 2.4429e-11 1.59201e-12 0 
0 1.8373e-10 1.56063e-09 6.97237e-09 2.29092e-08 6.13762e-08 1.40306e-07 2.80472e-07 4.97883e-07 7.93487e-07 1.14505e-06 1.50675e-06 1.81903e-06 2.02572e-06 2.09179e-06 2.01407e-06 1.8214e-06 1.56495e-06 1.30403e-06 1.09279e-06 9.71755e-07 9.63427e-07 1.0682e-06 1.25703e-06 1.46528e-06 1.6025e-06 1.58673e-06 1.38603e-06 1.0418e-06 6.58273e-07 3.45234e-07 1.51011e-07 5.61182e-08 1.80544e-08 5.06887e-09 1.23605e-09 2.57381e-10 4.40222e-11 5.60687e-12 3.81382e-13 0 
0 2.93183e-11 2.41837e-10 1.05113e-09 3.36898e-09 8.8331e-09 1.9832e-08 3.90776e-08 6.86142e-08 1.08498e-07 1.55757e-07 2.04334e-07 2.46346e-07 2.74332e-07 2.83609e-07 2.73746e-07 2.4861e-07 2.15114e-07 1.81285e-07 1.54448e-07 1.39951e-07 1.40396e-07 1.54956e-07 1.78583e-07 2.01831e-07 2.12933e-07 2.02811e-07 1.70517e-07 1.24551e-07 7.81791e-08 4.19615e-08 1.92895e-08 7.63901e-09 2.62104e-09 7.80666e-10 2.00946e-10 4.40222e-11 7.90089e-12 1.05306e-12 7.47386e-14 0 
0 3.54873e-12 2.84641e-11 1.20501e-10 3.7705e-10 9.67814e-10 2.13377e-09 4.14165e-09 7.18532e-09 1.12583e-08 1.60556e-08 2.09711e-08 2.52215e-08 2.80676e-08 2.90455e-08 2.81137e-08 2.56617e-08 2.23868e-08 1.91023e-08 1.65487e-08 1.52525e-08 1.54302e-08 1.6914e-08 1.91024e-08 2.1015e-08 2.15659e-08 2.00472e-08 1.65561e-08 1.19941e-08 7.56412e-09 4.13807e-09 1.96336e-09 8.09283e-10 2.90285e-10 9.05578e-11 2.4429e-11 5.60687e-12 1.05306e-12 1.46614e-13 1.08458e-14 0 
0 2.3278e-13 1.81835e-12 7.50867e-12 2.29654e-11 5.77618e-11 1.25125e-10 2.39288e-10 4.10144e-10 6.36562e-10 9.01413e-10 1.17168e-09 1.40517e-09 1.56226e-09 1.61821e-09 1.57099e-09 1.44188e-09 1.26896e-09 1.09677e-09 9.65663e-10 9.03371e-10 9.19032e-10 9.99211e-10 1.10717e-09 1.18932e-09 1.19245e-09 1.08774e-09 8.87629e-10 6.40938e-10 4.06796e-10 2.26154e-10 1.09996e-10 4.68051e-11 1.74201e-11 5.6578e-12 1.59201e-12 3.81382e-13 7.47386e-14 1.08458e-14 8.34959e-16 0 
0 0 0 0 0 0 0 0 0 0 0 0 0 0 0 0 0 0 0 0 0 0 0 0 0 0 0 0 0 0 0 0 0 0 0 0 0 0 0 0 0 
