0 0 0 0 0 0 0 0 0 0 0 0 0 0 0 0 0 0 0 0 0 0 0 0 0 0 0 0 0 0 0 0 0 0 0 0 0 0 0 0 0 
0 3.60225e-08 3.32448e-07 1.57135e-06 5.28813e-06 1.40202e-05 3.0722e-05 5.74067e-05 9.37847e-05 0.000136841 0.000181555 0.00022223 0.000253758 0.000272487 0.000276637 0.000266346 0.00024347 0.000211184 0.000173464 0.000134483 9.79909e-05 6.6777e-05 4.23404e-05 2.48567e-05 1.34551e-05 6.69526e-06 3.05727e-06 1.28049e-06 4.92168e-07 1.7378e-07 5.64328e-08 1.68656e-08 4.637e-09 1.17014e-09 2.69529e-10 5.60412e-11 1.02934e-11 1.59818e-12 1.89134e-13 1.21782e-14 0 
0 3.32448e-07 3.1923e-06 1.5519e-05 5.27245e-05 0.000137977 0.000292137 0.000519499 0.000802322 0.0011081 0.00140126 0.00165125 0.00183592 0.00194194 0.00196418 0.00190476 0.00177208 0.00157971 0.00134525 0.00108909 0.000832743 0.000596557 0.000396843 0.000242987 0.000135912 6.90828e-05 3.18342e-05 1.33043e-05 5.05456e-06 1.75149e-06 5.55382e-07 1.61556e-07 4.31561e-08 1.05733e-08 2.3646e-09 4.77635e-10 8.53106e-11 1.28958e-11 1.48784e-12 9.35302e-14 0 
0 1.57135e-06 1.5519e-05 7.5949e-05 0.000251616 0.000620911 0.00121096 0.00197035 0.00280569 0.00362684 0.00436391 0.00496644 0.00540002 0.00564454 0.00569355 0.00555335 0.00524141 0.00478411 0.00421425 0.00356874 0.00288726 0.00221157 0.00158465 0.00104703 0.000628586 0.00033869 0.000162611 6.95014e-05 2.65561e-05 9.1343e-06 2.84882e-06 8.10346e-07 2.10967e-07 5.02924e-08 1.09389e-08 2.14969e-09 3.73857e-10 5.50896e-11 6.204e-12 3.81214e-13 0 
0 5.28813e-06 5.27245e-05 0.000251616 0.000778208 0.00173707 0.00305111 0.00455003 0.00608339 0.00753916 0.0088282 0.00987741 0.0106313 0.0110556 0.0111387 0.0108919 0.010346 0.00954779 0.00855409 0.00742617 0.00622474 0.00500686 0.00382622 0.00273693 0.00179647 0.00105819 0.000548759 0.000248037 9.78532e-05 3.40265e-05 1.05629e-05 2.96063e-06 7.55027e-07 1.75772e-07 3.72872e-08 7.14536e-09 1.2124e-09 1.74467e-10 1.92104e-11 1.15565e-12 0 
0 1.40202e-05 0.000137977 0.000620911 0.00173707 0.0034799 0.00561672 0.00793225 0.0102685 0.0124863 0.0144551 0.0160611 0.0172164 0.0178663 0.0179925 0.0176119 0.0167729 0.0155486 0.014028 0.0123077 0.0104823 0.00863734 0.00684477 0.00516264 0.00364325 0.00234603 0.00133766 0.000657927 0.000275927 9.92741e-05 3.11665e-05 8.69671e-06 2.18728e-06 4.99628e-07 1.03744e-07 1.94432e-08 3.22685e-09 4.54494e-10 4.90303e-11 2.89314e-12 0 
0 3.0722e-05 0.000292137 0.00121096 0.00305111 0.00561672 0.00861523 0.0118382 0.0150974 0.0181995 0.0209578 0.0232097 0.0248304 0.0257421 0.0259186 0.0253838 0.0242059 0.0224882 0.0203571 0.0179493 0.0154001 0.0128323 0.0103484 0.00802548 0.00591691 0.00406442 0.00252169 0.00136066 0.000619291 0.000235778 7.61965e-05 2.14227e-05 5.35569e-06 1.20694e-06 2.46317e-07 4.53003e-08 7.37487e-09 1.01929e-09 1.07982e-10 6.26315e-12 0 
0 5.74067e-05 0.000519499 0.00197035 0.00455003 0.00793225 0.0118382 0.0160437 0.0203052 0.0243656 0.0279781 0.0309284 0.0330522 0.0342473 0.034479 0.0337784 0.0322353 0.0299853 0.0271947 0.0240437 0.0207106 0.0173583 0.0141235 0.0111101 0.00838638 0.00598947 0.00394583 0.00230587 0.00114327 0.000467336 0.00015792 4.52739e-05 1.1343e-05 2.53628e-06 5.1094e-07 9.25366e-08 1.48232e-08 2.01587e-09 2.1024e-10 1.2014e-11 0 
0 9.37847e-05 0.000802322 0.00280569 0.00608339 0.0102685 0.0150974 0.0203052 0.0255866 0.0306209 0.0351012 0.038761 0.0413963 0.0428799 0.0431686 0.0423009 0.0403881 0.0375987 0.0341392 0.0302337 0.0261042 0.0219536 0.0179533 0.0142345 0.0108846 0.007948 0.00543756 0.00336859 0.00179956 0.000791805 0.000282485 8.33881e-05 2.10921e-05 4.7045e-06 9.39419e-07 1.68135e-07 2.65829e-08 3.56715e-09 3.67188e-10 2.07213e-11 0 
0 0.000136841 0.0011081 0.00362684 0.00753916 0.0124863 0.0181995 0.0243656 0.0306209 0.0365848 0.0418934 0.0462309 0.0493554 0.0511158 0.0514604 0.0504345 0.0481701 0.0448669 0.0407699 0.0361448 0.0312552 0.0263422 0.0216098 0.017215 0.0132637 0.00981098 0.0068673 0.00442349 0.00250259 0.00117619 0.00044383 0.000135661 3.48317e-05 7.78437e-06 1.5465e-06 2.74426e-07 4.29519e-08 5.70301e-09 5.80908e-10 3.24521e-11 0 
0 0.000181555 0.00140126 0.00436391 0.0088282 0.0144551 0.0209578 0.0279781 0.0351012 0.0418934 0.0479405 0.0528831 0.0564453 0.0584546 0.0588509 0.0576853 0.0551085 0.0513485 0.0466842 0.0414183 0.0358514 0.0302587 0.024873 0.0198742 0.0153846 0.0114691 0.0081403 0.00537621 0.00316772 0.00156973 0.000623342 0.000197425 5.15973e-05 1.15896e-05 2.29764e-06 4.05408e-07 6.29909e-08 8.29793e-09 8.38539e-10 4.64863e-11 0 
0 0.00022223 0.00165125 0.00496644 0.00987741 0.0160611 0.0232097 0.0309284 0.038761 0.0462309 0.0528831 0.0583222 0.0622444 0.0644589 0.0648995 0.0636224 0.0607921 0.0566594 0.0515317 0.0457423 0.0396214 0.0334721 0.0275512 0.0220571 0.0171254 0.012829 0.00918365 0.00616119 0.0037303 0.00192188 0.000795555 0.000260118 6.91918e-05 1.5644e-05 3.10169e-06 5.45533e-07 8.43646e-08 1.10548e-08 1.11113e-09 6.12793e-11 0 
0 0.000253758 0.00183592 0.00540002 0.0106313 0.0172164 0.0248304 0.0330522 0.0413963 0.0493554 0.0564453 0.0622444 0.0664261 0.0687866 0.0692606 0.0679092 0.0649022 0.0605036 0.0550428 0.0488763 0.0423559 0.0358049 0.0294969 0.0236443 0.0183921 0.0138192 0.00994366 0.00673479 0.00414785 0.00219354 0.000935786 0.0003137 8.47102e-05 1.92799e-05 3.82843e-06 6.72624e-07 1.03782e-07 1.35621e-08 1.35939e-09 7.47807e-11 0 
0 0.000272487 0.00194194 0.00564454 0.0110556 0.0178663 0.0257421 0.0342473 0.0428799 0.0511158 0.0584546 0.0644589 0.0687866 0.0712282 0.0717234 0.0703373 0.0672384 0.0626945 0.0570477 0.0506693 0.0439238 0.0371455 0.030618 0.0245614 0.0191263 0.0143951 0.0103877 0.00707218 0.00439712 0.00236072 0.00102588 0.000349583 9.5425e-05 2.1842e-05 4.34789e-06 7.64539e-07 1.17984e-07 1.54181e-08 1.54566e-09 8.50692e-11 0 
0 0.000276637 0.00196418 0.00569355 0.0111387 0.0179925 0.0259186 0.034479 0.0431686 0.0514604 0.0588509 0.0648995 0.0692606 0.0717234 0.0722289 0.0708427 0.0677323 0.0631651 0.0574854 0.0510675 0.0442785 0.0374548 0.0308822 0.0247827 0.0193083 0.0145426 0.010506 0.00716659 0.00447131 0.00241423 0.00105701 0.000362887 9.96498e-05 2.2909e-05 4.57577e-06 8.07028e-07 1.24917e-07 1.63779e-08 1.64804e-09 9.10995e-11 0 
0 0.000266346 0.00190476 0.00555335 0.0108919 0.0176119 0.0253838 0.0337784 0.0423009 0.0504345 0.0576853 0.0636224 0.0679092 0.0703373 0.0708427 0.0694878 0.0664409 0.0619672 0.0564029 0.050113 0.0434568 0.0367646 0.0303167 0.0243311 0.0189573 0.0142775 0.0103116 0.00702875 0.00437837 0.00235831 0.00103019 0.0003535 9.72514e-05 2.24421e-05 4.5054e-06 7.99459e-07 1.24608e-07 1.64659e-08 1.67147e-09 9.32969e-11 0 
0 0.00024347 0.00177208 0.00524141 0.010346 0.0167729 0.0242059 0.0322353 0.0403881 0.0481701 0.0551085 0.0607921 0.0649022 0.0672384 0.0677323 0.0664409 0.0635304 0.0592582 0.0539436 0.047933 0.0415698 0.0351698 0.0290013 0.0232727 0.0181271 0.0136428 0.00983882 0.00668577 0.00413987 0.00220932 0.000955617 0.00032595 8.96815e-05 2.08059e-05 4.21425e-06 7.56303e-07 1.19441e-07 1.60166e-08 1.65214e-09 9.38152e-11 0 
0 0.000211184 0.00157971 0.00478411 0.00954779 0.0155486 0.0224882 0.0299853 0.0375987 0.0448669 0.0513485 0.0566594 0.0605036 0.0626945 0.0631651 0.0619672 0.0592582 0.0552792 0.0503265 0.0447224 0.0387872 0.0328156 0.0270579 0.0217081 0.0168995 0.0127045 0.00914015 0.00617972 0.00379039 0.0019949 0.000851185 0.000288419 7.961e-05 1.86799e-05 3.84775e-06 7.04742e-07 1.13864e-07 1.56458e-08 1.65527e-09 9.64289e-11 0 
0 0.000173464 0.00134525 0.00421425 0.00855409 0.014028 0.0203571 0.0271947 0.0341392 0.0407699 0.0466842 0.0515317 0.0550428 0.0570477 0.0574854 0.0564029 0.0539436 0.0503265 0.0458212 0.0407211 0.0353183 0.029881 0.0246366 0.0197615 0.0153761 0.0115452 0.00828272 0.00556635 0.00337758 0.00175313 0.000740609 0.000251338 7.04002e-05 1.69292e-05 3.59498e-06 6.80853e-07 1.13859e-07 1.61849e-08 1.7684e-09 1.0612e-10 0 
0 0.000134483 0.00108909 0.00356874 0.00742617 0.0123077 0.0179493 0.0240437 0.0302337 0.0361448 0.0414183 0.0457423 0.0488763 0.0506693 0.0510675 0.050113 0.047933 0.0447224 0.0407211 0.0361908 0.0313911 0.0265606 0.0219012 0.017569 0.0136693 0.0102578 0.00734501 0.00491461 0.00296249 0.00153129 0.000651325 0.000226202 6.57413e-05 1.6525e-05 3.67427e-06 7.27086e-07 1.26499e-07 1.86059e-08 2.09122e-09 1.28347e-10 0 
0 9.79909e-05 0.000832743 0.00288726 0.00622474 0.0104823 0.0154001 0.0207106 0.0261042 0.0312552 0.0358514 0.0396214 0.0423559 0.0439238 0.0442785 0.0434568 0.0415698 0.0387872 0.0353183 0.0313911 0.0272318 0.0230479 0.0190147 0.0152665 0.0118929 0.00893939 0.00641412 0.00430641 0.00261876 0.00138341 0.000612889 0.000225286 6.96973e-05 1.85731e-05 4.3371e-06 8.91607e-07 1.59498e-07 2.39067e-08 2.71813e-09 1.67767e-10 0 
0 6.6777e-05 0.000596557 0.00221157 0.00500686 0.00863734 0.0128323 0.0173583 0.0219536 0.0263422 0.0302587 0.0334721 0.0358049 0.0371455 0.0374548 0.0367646 0.0351698 0.0328156 0.029881 0.0265606 0.0230479 0.0195201 0.0161261 0.0129793 0.0101539 0.00768684 0.00558454 0.00383543 0.0024279 0.00136588 0.000656437 0.00026253 8.71804e-05 2.44175e-05 5.87443e-06 1.22524e-06 2.1999e-07 3.28565e-08 3.70481e-09 2.26093e-10 0 
0 4.23404e-05 0.000396843 0.00158465 0.00382622 0.00684477 0.0103484 0.0141235 0.0179533 0.0216098 0.024873 0.0275512 0.0294969 0.030618 0.0308822 0.0303167 0.0290013 0.0270579 0.0246366 0.0219012 0.0190147 0.0161261 0.0133607 0.0108137 0.00854876 0.00660108 0.00497379 0.00362705 0.00249549 0.00154904 0.00082237 0.000357217 0.000124923 3.57139e-05 8.58203e-06 1.76659e-06 3.11198e-07 4.54802e-08 5.01381e-09 2.99206e-10 0 
0 2.48567e-05 0.000242987 0.00104703 0.00273693 0.00516264 0.00802548 0.0111101 0.0142345 0.017215 0.0198742 0.0220571 0.0236443 0.0245614 0.0247827 0.0243311 0.0232727 0.0217081 0.0197615 0.017569 0.0152665 0.0129793 0.0108137 0.00885518 0.00717741 0.00584962 0.00488454 0.0041239 0.00327994 0.00225352 0.001266 0.000565034 0.000197469 5.49429e-05 1.26873e-05 2.50987e-06 4.26541e-07 6.03373e-08 6.45561e-09 3.74831e-10 0 
0 1.34551e-05 0.000135912 0.000628586 0.00179647 0.00364325 0.00591691 0.00838638 0.0108846 0.0132637 0.0153846 0.0171254 0.0183921 0.0191263 0.0193083 0.0189573 0.0181271 0.0168995 0.0153761 0.0136693 0.0118929 0.0101539 0.00854876 0.00717741 0.00620479 0.00593841 0.00660459 0.00756428 0.00731194 0.00531768 0.00283619 0.00113991 0.000356477 8.8695e-05 1.84636e-05 3.37796e-06 5.44438e-07 7.408e-08 7.67586e-09 4.33412e-10 0 
0 6.69526e-06 6.90828e-05 0.00033869 0.00105819 0.00234603 0.00406442 0.00598947 0.007948 0.00981098 0.0114691 0.012829 0.0138192 0.0143951 0.0145426 0.0142775 0.0136428 0.0127045 0.0115452 0.0102578 0.00893939 0.00768684 0.00660108 0.00584962 0.00593841 0.00815655 0.0136215 0.0199274 0.0213017 0.0157218 0.00794252 0.00281157 0.000739012 0.000152804 2.65688e-05 4.23783e-06 6.3095e-07 8.21185e-08 8.25098e-09 4.54338e-10 0 
0 3.05727e-06 3.18342e-05 0.000162611 0.000548759 0.00133766 0.00252169 0.00394583 0.00543756 0.0068673 0.0081403 0.00918365 0.00994366 0.0103877 0.010506 0.0103116 0.00983882 0.00914015 0.00828272 0.00734501 0.00641412 0.00558454 0.00497379 0.00488454 0.00660459 0.0136215 0.0287716 0.0460795 0.0513021 0.0373303 0.0185362 0.00622527 0.00146563 0.000258235 3.69299e-05 4.90122e-06 6.52636e-07 8.07091e-08 7.89203e-09 4.2608e-10 0 
0 1.28049e-06 1.33043e-05 6.95014e-05 0.000248037 0.000657927 0.00136066 0.00230587 0.00336859 0.00442349 0.00537621 0.00616119 0.00673479 0.00707218 0.00716659 0.00702875 0.00668577 0.00617972 0.00556635 0.00491461 0.00430641 0.00383543 0.00362705 0.0041239 0.00756428 0.0199274 0.0460795 0.07512 0.0820326 0.0621201 0.0304166 0.0100487 0.00226116 0.000363898 4.51539e-05 5.03826e-06 5.91495e-07 6.93205e-08 6.63713e-09 3.53928e-10 0 
0 4.92168e-07 5.05456e-06 2.65561e-05 9.78532e-05 0.000275927 0.000619291 0.00114327 0.00179956 0.00250259 0.00316772 0.0037303 0.00414785 0.00439712 0.00447131 0.00437837 0.00413987 0.00379039 0.00337758 0.00296249 0.00261876 0.0024279 0.00249549 0.00327994 0.00731194 0.0213017 0.0513021 0.0820326 0.0874351 0.0697922 0.0337661 0.0110813 0.0024545 0.000379152 4.34651e-05 4.31144e-06 4.57295e-07 5.13718e-08 4.86515e-09 2.58563e-10 0 
0 1.7378e-07 1.75149e-06 9.1343e-06 3.40265e-05 9.92741e-05 0.000235778 0.000467336 0.000791805 0.00117619 0.00156973 0.00192188 0.00219354 0.00236072 0.00241423 0.00235831 0.00220932 0.0019949 0.00175313 0.00153129 0.00138341 0.00136588 0.00154904 0.00225352 0.00531768 0.0157218 0.0373303 0.0621201 0.0697922 0.0506767 0.0249745 0.00820659 0.00181219 0.00027604 3.06136e-05 2.88545e-06 2.92976e-07 3.25111e-08 3.09119e-09 1.65388e-10 0 
0 5.64328e-08 5.55382e-07 2.84882e-06 1.05629e-05 3.11665e-05 7.61965e-05 0.00015792 0.000282485 0.00044383 0.000623342 0.000795555 0.000935786 0.00102588 0.00105701 0.00103019 0.000955617 0.000851185 0.000740609 0.000651325 0.000612889 0.000656437 0.00082237 0.001266 0.00283619 0.00794252 0.0185362 0.0304166 0.0337661 0.0249745 0.0123346 0.00406397 0.000901697 0.000137618 1.5293e-05 1.46331e-06 1.53157e-07 1.74914e-08 1.69867e-09 9.24261e-11 0 
0 1.68656e-08 1.61556e-07 8.10346e-07 2.96063e-06 8.69671e-06 2.14227e-05 4.52739e-05 8.33881e-05 0.000135661 0.000197425 0.000260118 0.0003137 0.000349583 0.000362887 0.0003535 0.00032595 0.000288419 0.000251338 0.000226202 0.000225286 0.00026253 0.000357217 0.000565034 0.00113991 0.00281157 0.00622527 0.0100487 0.0110813 0.00820659 0.00406397 0.00134866 0.000302627 4.696e-05 5.43414e-06 5.67396e-07 6.58729e-08 8.02752e-09 8.07994e-10 4.5112e-11 0 
0 4.637e-09 4.31561e-08 2.10967e-07 7.55027e-07 2.18728e-06 5.35569e-06 1.1343e-05 2.10921e-05 3.48317e-05 5.15973e-05 6.91918e-05 8.47102e-05 9.5425e-05 9.96498e-05 9.72514e-05 8.96815e-05 7.961e-05 7.04002e-05 6.57413e-05 6.96973e-05 8.71804e-05 0.000124923 0.000197469 0.000356477 0.000739012 0.00146563 0.00226116 0.0024545 0.00181219 0.000901697 0.000302627 6.92313e-05 1.12076e-05 1.43154e-06 1.76844e-07 2.3957e-08 3.16967e-09 3.33525e-10 1.92413e-11 0 
0 1.17014e-09 1.05733e-08 5.02924e-08 1.75772e-07 4.99628e-07 1.20694e-06 2.53628e-06 4.7045e-06 7.78437e-06 1.15896e-05 1.5644e-05 1.92799e-05 2.1842e-05 2.2909e-05 2.24421e-05 2.08059e-05 1.86799e-05 1.69292e-05 1.6525e-05 1.85731e-05 2.44175e-05 3.57139e-05 5.49429e-05 8.8695e-05 0.000152804 0.000258235 0.000363898 0.000379152 0.00027604 0.000137618 4.696e-05 1.12076e-05 1.99901e-06 3.07012e-07 4.77003e-08 7.57629e-09 1.08508e-09 1.19739e-10 7.17268e-12 0 
0 2.69529e-10 2.3646e-09 1.09389e-08 3.72872e-08 1.03744e-07 2.46317e-07 5.1094e-07 9.39419e-07 1.5465e-06 2.29764e-06 3.10169e-06 3.82843e-06 4.34789e-06 4.57577e-06 4.5054e-06 4.21425e-06 3.84775e-06 3.59498e-06 3.67427e-06 4.3371e-06 5.87443e-06 8.58203e-06 1.26873e-05 1.84636e-05 2.65688e-05 3.69299e-05 4.51539e-05 4.34651e-05 3.06136e-05 1.5293e-05 5.43414e-06 1.43154e-06 3.07012e-07 6.06881e-08 1.17232e-08 2.10716e-09 3.22812e-10 3.73749e-11 2.33204e-12 0 
0 5.60412e-11 4.77635e-10 2.14969e-09 7.14536e-09 1.94432e-08 4.53003e-08 9.25366e-08 1.68135e-07 2.74426e-07 4.05408e-07 5.45533e-07 6.72624e-07 7.64539e-07 8.07028e-07 7.99459e-07 7.56303e-07 7.04742e-07 6.80853e-07 7.27086e-07 8.91607e-07 1.22524e-06 1.76659e-06 2.50987e-06 3.37796e-06 4.23783e-06 4.90122e-06 5.03826e-06 4.31144e-06 2.88545e-06 1.46331e-06 5.67396e-07 1.76844e-07 4.77003e-08 1.17232e-08 2.61802e-09 5.11858e-10 8.30523e-11 1.00856e-11 6.56628e-13 0 
0 1.02934e-11 8.53106e-11 3.73857e-10 1.2124e-09 3.22685e-09 7.37487e-09 1.48232e-08 2.65829e-08 4.29519e-08 6.29909e-08 8.43646e-08 1.03782e-07 1.17984e-07 1.24917e-07 1.24608e-07 1.19441e-07 1.13864e-07 1.13859e-07 1.26499e-07 1.59498e-07 2.1999e-07 3.11198e-07 4.26541e-07 5.44438e-07 6.3095e-07 6.52636e-07 5.91495e-07 4.57295e-07 2.92976e-07 1.53157e-07 6.58729e-08 2.3957e-08 7.57629e-09 2.10716e-09 5.11858e-10 1.06429e-10 1.81892e-11 2.31507e-12 1.5736e-13 0 
0 1.59818e-12 1.28958e-11 5.50896e-11 1.74467e-10 4.54494e-10 1.01929e-09 2.01587e-09 3.56715e-09 5.70301e-09 8.29793e-09 1.10548e-08 1.35621e-08 1.54181e-08 1.63779e-08 1.64659e-08 1.60166e-08 1.56458e-08 1.61849e-08 1.86059e-08 2.39067e-08 3.28565e-08 4.54802e-08 6.03373e-08 7.408e-08 8.21185e-08 8.07091e-08 6.93205e-08 5.13718e-08 3.25111e-08 1.74914e-08 8.02752e-09 3.16967e-09 1.08508e-09 3.22812e-10 8.30523e-11 1.81892e-11 3.26342e-12 4.34776e-13 3.08419e-14 0 
0 1.89134e-13 1.48784e-12 6.204e-12 1.92104e-11 4.90303e-11 1.07982e-10 2.1024e-10 3.67188e-10 5.80908e-10 8.38539e-10 1.11113e-09 1.35939e-09 1.54566e-09 1.64804e-09 1.67147e-09 1.65214e-09 1.65527e-09 1.7684e-09 2.09122e-09 2.71813e-09 3.70481e-09 5.01381e-09 6.45561e-09 7.67586e-09 8.25098e-09 7.89203e-09 6.63713e-09 4.86515e-09 3.09119e-09 1.69867e-09 8.07994e-10 3.33525e-10 1.19739e-10 3.73749e-11 1.00856e-11 2.31507e-12 4.34776e-13 6.05203e-14 4.47557e-15 0 
0 1.21782e-14 9.35302e-14 3.81214e-13 1.15565e-12 2.89314e-12 6.26315e-12 1.2014e-11 2.07213e-11 3.24521e-11 4.64863e-11 6.12793e-11 7.47807e-11 8.50692e-11 9.10995e-11 9.32969e-11 9.38152e-11 9.64289e-11 1.0612e-10 1.28347e-10 1.67767e-10 2.26093e-10 2.99206e-10 3.74831e-10 4.33412e-10 4.54338e-10 4.2608e-10 3.53928e-10 2.58563e-10 1.65388e-10 9.24261e-11 4.5112e-11 1.92413e-11 7.17268e-12 2.33204e-12 6.56628e-13 1.5736e-13 3.08419e-14 4.47557e-15 3.44496e-16 0 
0 0 0 0 0 0 0 0 0 0 0 0 0 0 0 0 0 0 0 0 0 0 0 0 0 0 0 0 0 0 0 0 0 0 0 0 0 0 0 0 0 
