0 0 0 0 0 0 0 0 0 0 0 0 0 0 0 0 0 0 0 0 0 0 0 0 0 0 0 0 0 0 0 0 0 0 0 0 0 0 0 0 0 
0 4.50655e-07 4.00096e-06 1.75143e-05 5.2487e-05 0.000120261 0.000224642 0.000358949 0.000509321 0.000660019 0.000797076 0.000909773 0.000990857 0.00103628 0.00104487 0.00101791 0.000958864 0.000872939 0.000766745 0.000647877 0.00052446 0.000404561 0.000295453 0.000202762 0.000129712 7.67225e-05 4.16422e-05 2.06112e-05 9.26262e-06 3.77064e-06 1.38955e-06 4.63708e-07 1.40156e-07 3.83256e-08 9.4431e-09 2.07658e-09 3.9948e-10 6.44277e-11 7.86588e-12 5.19573e-13 0 
0 4.00096e-06 3.62235e-05 0.000155577 0.00043729 0.000908948 0.00152306 0.00220042 0.00287392 0.00349712 0.0040372 0.00446941 0.00477572 0.00494543 0.00497585 0.0048723 0.00464718 0.00431834 0.00390707 0.00343618 0.0029285 0.00240642 0.0018924 0.00140975 0.000982269 0.000631011 0.000368418 0.000193153 9.02226e-05 3.74442e-05 1.38295e-05 4.5639e-06 1.35146e-06 3.59941e-07 8.6101e-08 1.83573e-08 3.42366e-09 5.3571e-10 6.35359e-11 4.08332e-12 0 
0 1.75143e-05 0.000155577 0.000616939 0.00152513 0.00277041 0.0041717 0.00561536 0.00703131 0.0083542 0.00951705 0.0104586 0.011131 0.0115048 0.0115712 0.0113412 0.0108439 0.0101219 0.00922679 0.00821376 0.00713611 0.00604064 0.00496449 0.00393506 0.00297452 0.00210806 0.00136981 0.000796403 0.000405732 0.00017904 6.84063e-05 2.28075e-05 6.70644e-06 1.75412e-06 4.09493e-07 8.49449e-08 1.53985e-08 2.34261e-09 2.70405e-10 1.6938e-11 0 
0 5.2487e-05 0.00043729 0.00152513 0.00328005 0.00540855 0.00774813 0.0102048 0.0126623 0.0149845 0.0170372 0.0187035 0.0198949 0.0205576 0.020675 0.0202669 0.0193848 0.0181055 0.0165218 0.0147344 0.0128424 0.0109364 0.00909098 0.00736043 0.00577548 0.00434678 0.00307924 0.00199448 0.00113993 0.000556937 0.000228951 7.94935e-05 2.36867e-05 6.16237e-06 1.41528e-06 2.87186e-07 5.08012e-08 7.53746e-09 8.49e-10 5.19539e-11 0 
0 0.000120261 0.000908948 0.00277041 0.00540855 0.00854804 0.0120745 0.01583 0.0196062 0.0231808 0.0263423 0.0289094 0.0307451 0.031766 0.0319468 0.0313178 0.0299585 0.0279872 0.0255475 0.0227948 0.019883 0.0169534 0.0141256 0.0114917 0.00911221 0.00701255 0.00518545 0.00360792 0.00227895 0.00124734 0.000567968 0.000211841 6.55211e-05 1.72269e-05 3.93182e-06 7.85694e-07 1.36277e-07 1.97945e-08 2.18253e-09 1.30835e-10 0 
0 0.000224642 0.00152306 0.0041717 0.00774813 0.0120745 0.0169929 0.0222481 0.0275366 0.032544 0.0369733 0.0405703 0.0431441 0.0445782 0.0448325 0.043948 0.0420407 0.0392777 0.0358595 0.0320032 0.0279247 0.0238222 0.0198645 0.016183 0.0128684 0.009969 0.00748973 0.00539474 0.00363053 0.00218119 0.00110454 0.000451545 0.000148187 4.0033e-05 9.1803e-06 1.81976e-06 3.11109e-07 4.44196e-08 4.81064e-09 2.83338e-10 0 
0 0.000358949 0.00220042 0.00561536 0.0102048 0.01583 0.0222481 0.0291103 0.0360171 0.0425575 0.0483505 0.0531315 0.0568441 0.0592156 0.0596762 0.0581481 0.0551945 0.0513912 0.0468916 0.0418516 0.0365249 0.0311675 0.026 0.0211948 0.016872 0.0130997 0.00989609 0.00723049 0.00502917 0.00321381 0.00177824 0.000798733 0.000281961 7.93667e-05 1.84746e-05 3.65841e-06 6.19652e-07 8.7321e-08 9.32073e-09 5.40996e-10 0 
0 0.000509321 0.00287392 0.00703131 0.0126623 0.0196062 0.0275366 0.0360171 0.0445536 0.0526579 0.060205 0.0680307 0.0746254 0.0781406 0.0787695 0.0767361 0.0718492 0.0649186 0.058178 0.0517779 0.0451826 0.0385615 0.0321758 0.0262386 0.0208989 0.0162426 0.0122972 0.00903714 0.00638535 0.00423008 0.00249419 0.0012162 0.000462978 0.000136934 3.26121e-05 6.49008e-06 1.09409e-06 1.52746e-07 1.61221e-08 9.24847e-10 0 
0 0.000660019 0.00349712 0.0083542 0.0149845 0.0231808 0.032544 0.0425575 0.0526579 0.0627836 0.07466 0.0836111 0.0879501 0.0899226 0.0903014 0.0892269 0.0864143 0.0807752 0.0710555 0.0614491 0.0533968 0.0455642 0.0380244 0.0310149 0.0247117 0.0192166 0.0145643 0.010731 0.00763879 0.00516185 0.00317302 0.00164913 0.000672273 0.000209292 5.12218e-05 1.02877e-05 1.73244e-06 2.40396e-07 2.51641e-08 1.43057e-09 0 
0 0.000797076 0.0040372 0.00951705 0.0170372 0.0263423 0.0369733 0.0483505 0.060205 0.07466 0.0859528 0.0913367 0.0942479 0.0956848 0.0959851 0.0952237 0.0932814 0.0897411 0.0834039 0.0719545 0.0608652 0.0517684 0.0431991 0.0352407 0.0280847 0.021847 0.016568 0.0122233 0.00873325 0.00596544 0.00376333 0.00204746 0.000882758 0.000288048 7.24792e-05 1.47224e-05 2.48284e-06 3.43318e-07 3.57319e-08 2.018e-09 0 
0 0.000909773 0.00446941 0.0104586 0.0187035 0.0289094 0.0405703 0.0531315 0.0680307 0.0836111 0.0913367 0.0954817 0.0978784 0.0991028 0.099372 0.09874 0.0971349 0.094312 0.0896374 0.0812279 0.0679322 0.0568721 0.047404 0.0386733 0.0308246 0.0239836 0.0181949 0.0134335 0.00961644 0.00660755 0.00423406 0.00237541 0.00106794 0.000362185 9.34141e-05 1.91897e-05 3.24521e-06 4.48019e-07 4.64604e-08 2.61225e-09 0 
0 0.000990857 0.00477572 0.011131 0.0198949 0.0307451 0.0431441 0.0568441 0.0746254 0.0879501 0.0942479 0.0978784 0.100043 0.101168 0.101423 0.100854 0.0994057 0.0968966 0.092882 0.0861653 0.0739014 0.0607233 0.0504184 0.0411295 0.0327852 0.0255125 0.0193591 0.014299 0.0102466 0.00706297 0.00456665 0.0026113 0.00120746 0.000421078 0.000110693 2.29544e-05 3.89373e-06 5.37385e-07 5.56223e-08 3.11936e-09 0 
0 0.00103628 0.00494543 0.0115048 0.0205576 0.031766 0.0445782 0.0592156 0.0781406 0.0899226 0.0956848 0.0991028 0.101168 0.102249 0.102498 0.101957 0.100578 0.098203 0.0944565 0.0883756 0.07724 0.0630674 0.0521048 0.0424981 0.0338778 0.0263648 0.0200082 0.0147817 0.0105979 0.00731638 0.0047517 0.00274438 0.00128888 0.000456858 0.000121524 2.53601e-05 4.31278e-06 5.95524e-07 6.16112e-08 3.45214e-09 0 
0 0.00104487 0.00497585 0.0115712 0.020675 0.0319468 0.0448325 0.0596762 0.0787695 0.0903014 0.0959851 0.099372 0.101423 0.102498 0.102747 0.102209 0.100841 0.0984859 0.0947792 0.0887916 0.077851 0.0635152 0.0524092 0.0427446 0.0340751 0.0265191 0.0201263 0.01487 0.0106628 0.00736408 0.00478797 0.00277231 0.00130744 0.000465646 0.000124348 2.60174e-05 4.43179e-06 6.12615e-07 6.34299e-08 3.55644e-09 0 
0 0.00101791 0.0048723 0.0113412 0.0202669 0.0313178 0.043948 0.0581481 0.0767361 0.0892269 0.0952237 0.09874 0.100854 0.101957 0.102209 0.101655 0.100243 0.0978058 0.0939385 0.087583 0.0758882 0.0620373 0.0513769 0.0419098 0.0334096 0.0260011 0.0197328 0.0145785 0.0104522 0.00721437 0.00468193 0.00269957 0.0012651 0.00044781 0.000119147 2.49044e-05 4.24535e-06 5.8781e-07 6.09885e-08 3.42739e-09 0 
0 0.000958864 0.00464718 0.0108439 0.0193848 0.0299585 0.0420407 0.0551945 0.0718492 0.0864143 0.0932814 0.0971349 0.0994057 0.100578 0.100841 0.100243 0.0987243 0.0960768 0.0917849 0.0843941 0.0713668 0.0590621 0.0491499 0.0401001 0.0319665 0.0248771 0.0188784 0.013945 0.00999327 0.00688637 0.00444716 0.00253668 0.00116974 0.000407565 0.000107354 2.23543e-05 3.81197e-06 5.29157e-07 5.51031e-08 3.10954e-09 0 
0 0.000872939 0.00431834 0.0101219 0.0181055 0.0279872 0.0392777 0.0513912 0.0649186 0.0807752 0.0897411 0.094312 0.0968966 0.098203 0.0984859 0.0978058 0.0960768 0.0930039 0.0877923 0.0780987 0.0652221 0.0550577 0.0459278 0.0374737 0.029872 0.0232459 0.0176384 0.0130255 0.00932634 0.006408 0.00410351 0.00229997 0.00103451 0.000352141 9.14425e-05 1.89465e-05 3.23418e-06 4.50847e-07 4.72209e-08 2.68217e-09 0 
0 0.000766745 0.00390707 0.00922679 0.0165218 0.0255475 0.0358595 0.0468916 0.058178 0.0710555 0.0834039 0.0896374 0.092882 0.0944565 0.0947792 0.0939385 0.0917849 0.0877923 0.0803615 0.0688231 0.0589663 0.0502514 0.0419435 0.0342229 0.0272801 0.0212276 0.0161048 0.0118883 0.00850057 0.00581373 0.00367703 0.00201233 0.000877245 0.000290646 7.43594e-05 1.53514e-05 2.62944e-06 3.69144e-07 3.90048e-08 2.23668e-09 0 
0 0.000647877 0.00343618 0.00821376 0.0147344 0.0227948 0.0320032 0.0418516 0.0517779 0.0614491 0.0719545 0.0812279 0.0861653 0.0883756 0.0887916 0.087583 0.0843941 0.0780987 0.0688231 0.0603406 0.0525576 0.0448629 0.0374491 0.0305562 0.0243573 0.0189528 0.0143772 0.0106078 0.0075701 0.00514379 0.00320198 0.00170491 0.000719733 0.000232744 5.89364e-05 1.21818e-05 2.103e-06 2.98517e-07 3.19324e-08 1.85419e-09 0 
0 0.00052446 0.0029285 0.00713611 0.0128424 0.019883 0.0279247 0.0365249 0.0451826 0.0533968 0.0608652 0.0679322 0.0739014 0.07724 0.077851 0.0758882 0.0713668 0.0652221 0.0589663 0.0525576 0.0458781 0.0391682 0.0326967 0.0266799 0.021269 0.0165512 0.0125557 0.00925982 0.00659301 0.00444796 0.00272686 0.00141943 0.00058617 0.0001873 4.74439e-05 9.89273e-06 1.72991e-06 2.49053e-07 2.70155e-08 1.58929e-09 0 
0 0.000404561 0.00240642 0.00604064 0.0109364 0.0169534 0.0238222 0.0311675 0.0385615 0.0455642 0.0517684 0.0568721 0.0607233 0.0630674 0.0635152 0.0620373 0.0590621 0.0550577 0.0502514 0.0448629 0.0391682 0.0334413 0.0279183 0.0227841 0.018168 0.0141448 0.0107389 0.00792705 0.00564444 0.00380146 0.0023236 0.00120745 0.000500071 0.000161188 4.13446e-05 8.7381e-06 1.54743e-06 2.25247e-07 2.4658e-08 1.46127e-09 0 
0 0.000295453 0.0018924 0.00496449 0.00909098 0.0141256 0.0198645 0.026 0.0321758 0.0380244 0.0431991 0.047404 0.0504184 0.0521048 0.0524092 0.0513769 0.0491499 0.0459278 0.0419435 0.0374491 0.0326967 0.0279183 0.0233115 0.0190317 0.0151912 0.011863 0.0090752 0.0067909 0.00491641 0.00336479 0.00209699 0.00112048 0.000478761 0.000158193 4.11718e-05 8.75671e-06 1.55256e-06 2.25594e-07 2.46098e-08 1.45173e-09 0 
0 0.000202762 0.00140975 0.00393506 0.00736043 0.0114917 0.016183 0.0211948 0.0262386 0.0310149 0.0352407 0.0386733 0.0411295 0.0424981 0.0427446 0.0419098 0.0401001 0.0374737 0.0342229 0.0305562 0.0266799 0.0227841 0.0190317 0.0155581 0.0124919 0.00998091 0.00811468 0.00670637 0.00531998 0.00376782 0.00231472 0.00122576 0.00053219 0.000178481 4.64018e-05 9.74617e-06 1.69873e-06 2.42435e-07 2.59898e-08 1.50819e-09 0 
0 0.000129712 0.000982269 0.00297452 0.00577548 0.00911221 0.0128684 0.016872 0.0208989 0.0247117 0.0280847 0.0308246 0.0327852 0.0338778 0.0340751 0.0334096 0.0319665 0.029872 0.0272801 0.0243573 0.021269 0.018168 0.0151912 0.0124919 0.0103695 0.00941001 0.0100416 0.0112831 0.0108478 0.00791497 0.00430782 0.00187123 0.000706015 0.000222735 5.55923e-05 1.12408e-05 1.8944e-06 2.62571e-07 2.7435e-08 1.55632e-09 0 
0 7.67225e-05 0.000631011 0.00210806 0.00434678 0.00701255 0.009969 0.0130997 0.0162426 0.0192166 0.021847 0.0239836 0.0255125 0.0263648 0.0265191 0.0260011 0.0248771 0.0232459 0.0212276 0.0189528 0.0165512 0.0141448 0.011863 0.00998091 0.00941001 0.0122377 0.0200557 0.034331 0.0415291 0.023389 0.0116631 0.00418678 0.00119223 0.000304301 6.7281e-05 1.25935e-05 2.01909e-06 2.70335e-07 2.7487e-08 1.52383e-09 0 
0 4.16422e-05 0.000368418 0.00136981 0.00307924 0.00518545 0.00748973 0.00989609 0.0122972 0.0145643 0.016568 0.0181949 0.0193591 0.0200082 0.0201263 0.0197328 0.0188784 0.0176384 0.0161048 0.0143772 0.0125557 0.0107389 0.0090752 0.00811468 0.0100416 0.0200557 0.0492905 0.077424 0.0795065 0.0691151 0.0274561 0.00913168 0.00219932 0.000438984 7.97228e-05 1.31492e-05 1.96719e-06 2.5386e-07 2.51975e-08 1.37064e-09 0 
0 2.06112e-05 0.000193153 0.000796403 0.00199448 0.00360792 0.00539474 0.00723049 0.00903714 0.010731 0.0122233 0.0134335 0.014299 0.0147817 0.01487 0.0145785 0.013945 0.0130255 0.0118883 0.0106078 0.00925982 0.00792705 0.0067909 0.00670637 0.0112831 0.034331 0.077424 0.0853467 0.0862643 0.0820366 0.0596386 0.0147206 0.00333633 0.00057513 8.68045e-05 1.23352e-05 1.69914e-06 2.11606e-07 2.06366e-08 1.10899e-09 0 
0 9.26262e-06 9.02226e-05 0.000405732 0.00113993 0.00227895 0.00363053 0.00502917 0.00638535 0.00763879 0.00873325 0.00961644 0.0102466 0.0105979 0.0106628 0.0104522 0.00999327 0.00932634 0.00850057 0.0075701 0.00659301 0.00564444 0.00491641 0.00531998 0.0108478 0.0415291 0.0795065 0.0862643 0.0871877 0.0838415 0.0690349 0.0166318 0.00360912 0.000584885 7.86133e-05 9.89607e-06 1.26741e-06 1.5374e-07 1.48738e-08 7.96505e-10 0 
0 3.77064e-06 3.74442e-05 0.00017904 0.000556937 0.00124734 0.00218119 0.00321381 0.00423008 0.00516185 0.00596544 0.00660755 0.00706297 0.00731638 0.00736408 0.00721437 0.00688637 0.006408 0.00581373 0.00514379 0.00444796 0.00380146 0.00336479 0.00376782 0.00791497 0.023389 0.0691151 0.0820366 0.0838415 0.0783938 0.0436488 0.0120077 0.00266737 0.000425837 5.4481e-05 6.44957e-06 7.97828e-07 9.62065e-08 9.35022e-09 5.03791e-10 0 
0 1.38955e-06 1.38295e-05 6.84063e-05 0.000228951 0.000567968 0.00110454 0.00177824 0.00249419 0.00317302 0.00376333 0.00423406 0.00456665 0.0047517 0.00478797 0.00468193 0.00444716 0.00410351 0.00367703 0.00320198 0.00272686 0.0023236 0.00209699 0.00231472 0.00430782 0.0116631 0.0274561 0.0596386 0.0690349 0.0436488 0.0180412 0.00595235 0.00133651 0.000216395 2.7765e-05 3.31488e-06 4.18543e-07 5.15693e-08 5.10513e-09 2.79441e-10 0 
0 4.63708e-07 4.5639e-06 2.28075e-05 7.94935e-05 0.000211841 0.000451545 0.000798733 0.0012162 0.00164913 0.00204746 0.00237541 0.0026113 0.00274438 0.00277231 0.00269957 0.00253668 0.00229997 0.00201233 0.00170491 0.00141943 0.00120745 0.00112048 0.00122576 0.00187123 0.00418678 0.00913168 0.0147206 0.0166318 0.0120077 0.00595235 0.0019871 0.000458711 7.71275e-05 1.04373e-05 1.35079e-06 1.83678e-07 2.37016e-08 2.4193e-09 1.35708e-10 0 
0 1.40156e-07 1.35146e-06 6.70644e-06 2.36867e-05 6.55211e-05 0.000148187 0.000281961 0.000462978 0.000672273 0.000882758 0.00106794 0.00120746 0.00128888 0.00130744 0.0012651 0.00116974 0.00103451 0.000877245 0.000719733 0.00058617 0.000500071 0.000478761 0.00053219 0.000706015 0.00119223 0.00219932 0.00333633 0.00360912 0.00266737 0.00133651 0.000458711 0.00011079 1.99461e-05 3.03009e-06 4.53109e-07 6.85481e-08 9.38878e-09 9.96486e-10 5.76864e-11 0 
0 3.83256e-08 3.59941e-07 1.75412e-06 6.16237e-06 1.72269e-05 4.0033e-05 7.93667e-05 0.000136934 0.000209292 0.000288048 0.000362185 0.000421078 0.000456858 0.000465646 0.00044781 0.000407565 0.000352141 0.000290646 0.000232744 0.0001873 0.000161188 0.000158193 0.000178481 0.000222735 0.000304301 0.000438984 0.00057513 0.000584885 0.000425837 0.000216395 7.71275e-05 1.99461e-05 4.05982e-06 7.38882e-07 1.31336e-07 2.21275e-08 3.22228e-09 3.5727e-10 2.14551e-11 0 
0 9.4431e-09 8.6101e-08 4.09493e-07 1.41528e-06 3.93182e-06 9.1803e-06 1.84746e-05 3.26121e-05 5.12218e-05 7.24792e-05 9.34141e-05 0.000110693 0.000121524 0.000124348 0.000119147 0.000107354 9.14425e-05 7.43594e-05 5.89364e-05 4.74439e-05 4.13446e-05 4.11718e-05 4.64018e-05 5.55923e-05 6.7281e-05 7.97228e-05 8.68045e-05 7.86133e-05 5.4481e-05 2.7765e-05 1.04373e-05 3.03009e-06 7.38882e-07 1.64107e-07 3.38331e-08 6.22407e-09 9.59883e-10 1.11423e-10 6.96516e-12 0 
0 2.07658e-09 1.83573e-08 8.49449e-08 2.87186e-07 7.85694e-07 1.81976e-06 3.65841e-06 6.49008e-06 1.02877e-05 1.47224e-05 1.91897e-05 2.29544e-05 2.53601e-05 2.60174e-05 2.49044e-05 2.23543e-05 1.89465e-05 1.53514e-05 1.21818e-05 9.89273e-06 8.7381e-06 8.75671e-06 9.74617e-06 1.12408e-05 1.25935e-05 1.31492e-05 1.23352e-05 9.89607e-06 6.44957e-06 3.31488e-06 1.35079e-06 4.53109e-07 1.31336e-07 3.38331e-08 7.71487e-09 1.51902e-09 2.47098e-10 3.00529e-11 1.95932e-12 0 
0 3.9948e-10 3.42366e-09 1.53985e-08 5.08012e-08 1.36277e-07 3.11109e-07 6.19652e-07 1.09409e-06 1.73244e-06 2.48284e-06 3.24521e-06 3.89373e-06 4.31278e-06 4.43179e-06 4.24535e-06 3.81197e-06 3.23418e-06 2.62944e-06 2.103e-06 1.72991e-06 1.54743e-06 1.55256e-06 1.69873e-06 1.8944e-06 2.01909e-06 1.96719e-06 1.69914e-06 1.26741e-06 7.97828e-07 4.18543e-07 1.83678e-07 6.85481e-08 2.21275e-08 6.22407e-09 1.51902e-09 3.16431e-10 5.41381e-11 6.89729e-12 4.69301e-13 0 
0 6.44277e-11 5.3571e-10 2.34261e-09 7.53746e-09 1.97945e-08 4.44196e-08 8.7321e-08 1.52746e-07 2.40396e-07 3.43318e-07 4.48019e-07 5.37385e-07 5.95524e-07 6.12615e-07 5.8781e-07 5.29157e-07 4.50847e-07 3.69144e-07 2.98517e-07 2.49053e-07 2.25247e-07 2.25594e-07 2.42435e-07 2.62571e-07 2.70335e-07 2.5386e-07 2.11606e-07 1.5374e-07 9.62065e-08 5.15693e-08 2.37016e-08 9.38878e-09 3.22228e-09 9.59883e-10 2.47098e-10 5.41381e-11 9.71779e-12 1.29545e-12 9.1962e-14 0 
0 7.86588e-12 6.35359e-11 2.70405e-10 8.49e-10 2.18253e-09 4.81064e-09 9.32073e-09 1.61221e-08 2.51641e-08 3.57319e-08 4.64604e-08 5.56223e-08 6.16112e-08 6.34299e-08 6.09885e-08 5.51031e-08 4.72209e-08 3.90048e-08 3.19324e-08 2.70155e-08 2.4658e-08 2.46098e-08 2.59898e-08 2.7435e-08 2.7487e-08 2.51975e-08 2.06366e-08 1.48738e-08 9.35022e-09 5.10513e-09 2.4193e-09 9.96486e-10 3.5727e-10 1.11423e-10 3.00529e-11 6.89729e-12 1.29545e-12 1.80379e-13 1.33454e-14 0 
0 5.19573e-13 4.08332e-12 1.6938e-11 5.19539e-11 1.30835e-10 2.83338e-10 5.40996e-10 9.24847e-10 1.43057e-09 2.018e-09 2.61225e-09 3.11936e-09 3.45214e-09 3.55644e-09 3.42739e-09 3.10954e-09 2.68217e-09 2.23668e-09 1.85419e-09 1.58929e-09 1.46127e-09 1.45173e-09 1.50819e-09 1.55632e-09 1.52383e-09 1.37064e-09 1.10899e-09 7.96505e-10 5.03791e-10 2.79441e-10 1.35708e-10 5.76864e-11 2.14551e-11 6.96516e-12 1.95932e-12 4.69301e-13 9.1962e-14 1.33454e-14 1.02745e-15 0 
0 0 0 0 0 0 0 0 0 0 0 0 0 0 0 0 0 0 0 0 0 0 0 0 0 0 0 0 0 0 0 0 0 0 0 0 0 0 0 0 0 
