0 0 0 0 0 0 0 0 0 0 0 0 0 0 0 0 0 0 0 0 0 0 0 0 0 0 0 0 0 0 0 0 0 0 0 0 0 0 0 0 0 
0 1.13325e-10 1.07362e-09 5.35003e-09 1.95737e-08 5.81737e-08 1.46658e-07 3.20747e-07 6.16895e-07 1.05345e-06 1.60945e-06 2.21431e-06 2.75914e-06 3.12894e-06 3.24214e-06 3.07881e-06 2.68509e-06 2.15339e-06 1.58918e-06 1.07961e-06 6.75312e-07 3.89088e-07 2.06624e-07 1.01239e-07 4.58317e-08 1.92035e-08 7.46171e-09 2.69404e-09 9.05506e-10 2.83767e-10 8.29888e-11 2.26497e-11 5.76086e-12 1.36076e-12 2.96476e-13 5.88479e-14 1.04014e-14 1.56475e-15 1.80476e-16 1.13824e-17 0 
0 1.07362e-09 1.05747e-08 5.47493e-08 2.07654e-07 6.37491e-07 1.65224e-06 3.69445e-06 7.22264e-06 1.24682e-05 1.91668e-05 2.64426e-05 3.29705e-05 3.73801e-05 3.87191e-05 3.67646e-05 3.20626e-05 2.57015e-05 1.89349e-05 1.28141e-05 7.96178e-06 4.54104e-06 2.37855e-06 1.14541e-06 5.0799e-07 2.07948e-07 7.8768e-08 2.76795e-08 9.04549e-09 2.75457e-09 7.82742e-10 2.07628e-10 5.13556e-11 1.18062e-11 2.50599e-12 4.85142e-13 8.37335e-14 1.23158e-14 1.39059e-15 8.5966e-17 0 
0 5.35003e-09 5.47493e-08 2.94222e-07 1.15485e-06 3.65108e-06 9.68127e-06 2.19773e-05 4.32738e-05 7.47057e-05 0.000114256 0.000156421 0.000193555 0.000218256 0.00022565 0.000214704 0.000188285 0.000152108 0.000112994 7.69935e-05 4.80118e-05 2.73582e-05 1.42418e-05 6.78033e-06 2.95872e-06 1.18694e-06 4.3924e-07 1.50458e-07 4.78589e-08 1.41747e-08 3.91653e-09 1.01038e-09 2.4319e-10 5.44495e-11 1.12678e-11 2.1292e-12 3.59156e-13 5.1696e-14 5.71986e-15 3.46967e-16 0 
0 1.95737e-08 2.07654e-07 1.15485e-06 4.67017e-06 1.51022e-05 4.05597e-05 9.21903e-05 0.000179701 0.000304371 0.000454552 0.000607655 0.000737293 0.000821035 0.000845556 0.000808619 0.000718571 0.000592052 0.00045028 0.000314307 0.000200209 0.000115864 6.07894e-05 2.89306e-05 1.25245e-05 4.95329e-06 1.79842e-06 6.02362e-07 1.8694e-07 5.39513e-08 1.45181e-08 3.64778e-09 8.55513e-10 1.86789e-10 3.77324e-11 6.96824e-12 1.15023e-12 1.62232e-13 1.76138e-14 1.04993e-15 0 
0 5.81737e-08 6.37491e-07 3.65108e-06 1.51022e-05 4.9407e-05 0.000132266 0.000294761 0.000555293 0.000901335 0.00128871 0.00165837 0.00195551 0.00214074 0.00219365 0.00211243 0.00191195 0.00162107 0.00127922 0.000931055 0.000618586 0.000371593 0.000200525 9.70293e-05 4.22154e-05 1.66133e-05 5.95687e-06 1.96007e-06 5.95578e-07 1.6796e-07 4.41226e-08 1.08199e-08 2.47738e-09 5.28421e-10 1.04381e-10 1.88715e-11 3.05354e-12 4.22761e-13 4.51212e-14 2.64801e-15 0 
0 1.46658e-07 1.65224e-06 9.68127e-06 4.05597e-05 0.000132266 0.000345804 0.000737756 0.00131365 0.00201121 0.00273107 0.00337658 0.00387391 0.00417598 0.00426079 0.00412885 0.00380041 0.00331265 0.0027168 0.00207525 0.00145655 0.000925112 0.000524533 0.000263412 0.000117157 4.64629e-05 1.65995e-05 5.39926e-06 1.61361e-06 4.46253e-07 1.14786e-07 2.75455e-08 6.17235e-09 1.28915e-09 2.49566e-10 4.42685e-11 7.03678e-12 9.58457e-13 1.00796e-13 5.83853e-15 0 
0 3.20747e-07 3.69445e-06 2.19773e-05 9.21903e-05 0.000294761 0.000737756 0.00148048 0.00246922 0.00356926 0.00463784 0.00556083 0.00625711 0.00667543 0.00679235 0.00661046 0.00615571 0.00547338 0.00462375 0.00367868 0.00271968 0.00183492 0.00110703 0.000587158 0.000271748 0.00011021 3.96532e-05 1.28455e-05 3.79622e-06 1.03386e-06 2.61301e-07 6.15542e-08 1.35377e-08 2.77627e-09 5.28148e-10 9.21621e-11 1.44312e-11 1.93933e-12 2.01578e-13 1.15637e-14 0 
0 6.16895e-07 7.22264e-06 4.32738e-05 0.000179701 0.000555293 0.00131365 0.00246922 0.00388293 0.00536824 0.00676623 0.00795564 0.0088471 0.0093817 0.00953203 0.00930196 0.00872386 0.00785326 0.00676219 0.00553287 0.00425403 0.00302127 0.00193672 0.00109288 0.000533152 0.000224122 8.21113e-05 2.67057e-05 7.85021e-06 2.11494e-06 5.27255e-07 1.22351e-07 2.64985e-08 5.35306e-09 1.00394e-09 1.72914e-10 2.67648e-11 3.56205e-12 3.67482e-13 2.09778e-14 0 
0 1.05345e-06 1.24682e-05 7.47057e-05 0.000304371 0.000901335 0.00201121 0.00356926 0.00536824 0.00720201 0.00890645 0.0103504 0.0114319 0.0120816 0.0122668 0.0119921 0.0112963 0.0102459 0.00892674 0.00743434 0.00586729 0.00432511 0.00291277 0.00174133 0.000898893 0.000395081 0.000148742 4.89344e-05 1.43903e-05 3.8531e-06 9.51362e-07 2.18305e-07 4.67338e-08 9.33525e-09 1.73284e-09 2.95826e-10 4.54747e-11 6.02509e-12 6.20659e-13 3.5503e-14 0 
0 1.60945e-06 1.91668e-05 0.000114256 0.000454552 0.00128871 0.00273107 0.00463784 0.00676623 0.00890645 0.0108876 0.0125653 0.0138233 0.0145815 0.0148018 0.0144891 0.013688 0.0124752 0.0109497 0.00922106 0.00740008 0.00559285 0.0039038 0.00244527 0.00132937 0.000612019 0.000238023 7.96612e-05 2.35544e-05 6.29616e-06 1.54616e-06 3.52311e-07 7.48756e-08 1.48582e-08 2.7437e-09 4.66936e-10 7.17529e-11 9.53683e-12 9.89677e-13 5.73049e-14 0 
0 2.21431e-06 2.64426e-05 0.000156421 0.000607655 0.00165837 0.00337658 0.00556083 0.00795564 0.0103504 0.0125653 0.0144422 0.0158523 0.0167059 0.0169598 0.0166189 0.0157322 0.0143851 0.0126876 0.0107616 0.00872959 0.00670578 0.00479609 0.00310895 0.0017628 0.000846453 0.000340256 0.000116198 3.46788e-05 9.29265e-06 2.27979e-06 5.18357e-07 1.0996e-07 2.18101e-08 4.03504e-09 6.90274e-10 1.07076e-10 1.44393e-11 1.52887e-12 9.08423e-14 0 
0 2.75914e-06 3.29705e-05 0.000193555 0.000737293 0.00195551 0.00387391 0.00625711 0.0088471 0.0114319 0.0138233 0.0158523 0.0173801 0.0183097 0.0185938 0.0182368 0.0172907 0.015847 0.0140234 0.0119515 0.00976255 0.00757826 0.00550732 0.00365492 0.00213778 0.0010621 0.000439784 0.000153303 4.63038e-05 1.24889e-05 3.07665e-06 7.0236e-07 1.4982e-07 2.99674e-08 5.61408e-09 9.77608e-10 1.55309e-10 2.15871e-11 2.36991e-12 1.46646e-13 0 
0 3.12894e-06 3.73801e-05 0.000218256 0.000821035 0.00214074 0.00417598 0.00667543 0.0093817 0.0120816 0.0145815 0.0167059 0.0183097 0.0192912 0.0196003 0.0192406 0.0182655 0.0167691 0.0148742 0.0127171 0.0104349 0.00815386 0.00598521 0.0040323 0.00240841 0.00122665 0.00052023 0.000184856 5.66291e-05 1.5447e-05 3.84755e-06 8.89811e-07 1.93012e-07 3.94697e-08 7.60948e-09 1.37351e-09 2.2773e-10 3.32084e-11 3.83414e-12 2.49252e-13 0 
0 3.24214e-06 3.87191e-05 0.00022565 0.000845556 0.00219365 0.00426079 0.00679235 0.00953203 0.0122668 0.0148018 0.0169598 0.0185938 0.0196003 0.0199278 0.0195789 0.0186064 0.0171047 0.0151968 0.0130204 0.0107137 0.00840451 0.00620454 0.00421614 0.00254982 0.00131989 0.000569966 0.000206177 6.42711e-05 1.78592e-05 4.54633e-06 1.0804e-06 2.42552e-07 5.1761e-08 1.04986e-08 2.00631e-09 3.53251e-10 5.4632e-11 6.65317e-12 4.5231e-13 0 
0 3.07881e-06 3.67646e-05 0.000214704 0.000808619 0.00211243 0.00412885 0.00661046 0.00930196 0.0119921 0.0144891 0.0166189 0.0182368 0.0192406 0.0195789 0.0192531 0.018314 0.0168532 0.0149906 0.0128605 0.0105985 0.00832985 0.00616497 0.00420485 0.00255821 0.00133698 0.000585607 0.000215943 6.89967e-05 1.97828e-05 5.24027e-06 1.30867e-06 3.11877e-07 7.12344e-08 1.55287e-08 3.18527e-09 5.97916e-10 9.75333e-11 1.2371e-11 8.65e-13 0 
0 2.68509e-06 3.20626e-05 0.000188285 0.000718571 0.00191195 0.00380041 0.00615571 0.00872386 0.0112963 0.013688 0.0157322 0.0172907 0.0182655 0.0186064 0.018314 0.0174357 0.0160578 0.0142937 0.0122708 0.010118 0.00795508 0.00588844 0.00401736 0.00244866 0.00128815 0.000572918 0.000217038 7.21781e-05 2.1839e-05 6.18946e-06 1.67343e-06 4.34749e-07 1.08214e-07 2.55091e-08 5.58338e-09 1.10082e-09 1.85673e-10 2.40173e-11 1.69348e-12 0 
0 2.15339e-06 2.57015e-05 0.000152108 0.000592052 0.00162107 0.00331265 0.00547338 0.00785326 0.0102459 0.0124752 0.0143851 0.015847 0.0167691 0.0171047 0.0168532 0.0160578 0.0147976 0.0131769 0.0113134 0.00932621 0.00732671 0.00541573 0.0036898 0.00225193 0.00119614 0.000545567 0.000216363 7.69875e-05 2.54135e-05 7.96355e-06 2.38953e-06 6.84112e-07 1.8475e-07 4.63248e-08 1.05732e-08 2.13627e-09 3.64124e-10 4.70977e-11 3.29549e-12 0 
0 1.58918e-06 1.89349e-05 0.000112994 0.00045028 0.00127922 0.0027168 0.00462375 0.00676219 0.00892674 0.0109497 0.0126876 0.0140234 0.0148742 0.0151968 0.0149906 0.0142937 0.0131769 0.011734 0.0100708 0.00829453 0.00650691 0.0048019 0.00327154 0.00201008 0.00109198 0.000522661 0.000224264 8.86949e-05 3.30483e-05 1.16842e-05 3.89662e-06 1.21093e-06 3.4603e-07 8.9736e-08 2.07985e-08 4.20934e-09 7.11747e-10 9.07255e-11 6.22945e-12 0 
0 1.07961e-06 1.28141e-05 7.69935e-05 0.000314307 0.000931055 0.00207525 0.00367868 0.00553287 0.00743434 0.00922106 0.0107616 0.0119515 0.0127171 0.0130204 0.0128605 0.0122708 0.0113134 0.0100708 0.00863597 0.00710431 0.00556719 0.00411102 0.00281965 0.0017702 0.00100971 0.000526324 0.000254633 0.000115747 4.94069e-05 1.95745e-05 7.09274e-06 2.32244e-06 6.81551e-07 1.78034e-07 4.10008e-08 8.17027e-09 1.3524e-09 1.68189e-10 1.12476e-11 0 
0 6.75312e-07 7.96178e-06 4.80118e-05 0.000200209 0.000618586 0.00145655 0.00271968 0.00425403 0.00586729 0.00740008 0.00872959 0.00976255 0.0104349 0.0107137 0.0105985 0.010118 0.00932621 0.00829453 0.00710431 0.00583964 0.00458244 0.00340994 0.00239115 0.00157641 0.0009812 0.000580705 0.000326815 0.000172521 8.34447e-05 3.61426e-05 1.38097e-05 4.6272e-06 1.3593e-06 3.50235e-07 7.88332e-08 1.52732e-08 2.45156e-09 2.95398e-10 1.91447e-11 0 
0 3.89088e-07 4.54104e-06 2.73582e-05 0.000115864 0.000371593 0.000925112 0.00183492 0.00302127 0.00432511 0.00559285 0.00670578 0.00757826 0.00815386 0.00840451 0.00832985 0.00795508 0.00732671 0.00650691 0.00556719 0.00458244 0.00362539 0.00276011 0.00203283 0.00146148 0.00103268 0.000713229 0.000470345 0.000285525 0.000153512 7.09829e-05 2.78584e-05 9.30365e-06 2.67269e-06 6.66837e-07 1.44722e-07 2.69978e-08 4.17383e-09 4.85012e-10 3.03711e-11 0 
0 2.06624e-07 2.37855e-06 1.42418e-05 6.07894e-05 0.000200525 0.000524533 0.00110703 0.00193672 0.00291277 0.0039038 0.00479609 0.00550732 0.00598521 0.00620454 0.00616497 0.00588844 0.00541573 0.0048019 0.00411102 0.00340994 0.00276011 0.00220725 0.00177105 0.00144128 0.00118506 0.000962741 0.00074355 0.000518545 0.000308885 0.000150564 5.91337e-05 1.89877e-05 5.14626e-06 1.2104e-06 2.49235e-07 4.43795e-08 6.57685e-09 7.35138e-10 4.44242e-11 0 
0 1.01239e-07 1.14541e-06 6.78033e-06 2.89306e-05 9.70293e-05 0.000263412 0.000587158 0.00109288 0.00174133 0.00244527 0.00310895 0.00365492 0.0040323 0.00421614 0.00420485 0.00401736 0.0036898 0.00327154 0.00281965 0.00239115 0.00203283 0.00177105 0.00160626 0.00151722 0.00147502 0.00144639 0.00136297 0.00113081 0.000754998 0.000383306 0.000145603 4.24514e-05 1.01148e-05 2.11158e-06 3.98577e-07 6.68241e-08 9.45492e-09 1.01596e-09 5.92876e-11 0 
0 4.58317e-08 5.0799e-07 2.95872e-06 1.25245e-05 4.22154e-05 0.000117157 0.000271748 0.000533152 0.000898893 0.00132937 0.0017628 0.00213778 0.00240841 0.00254982 0.00255821 0.00244866 0.00225193 0.00201008 0.0017702 0.00157641 0.00146148 0.00144128 0.00151722 0.00170168 0.00206942 0.0026942 0.00330709 0.00326154 0.00235303 0.00119995 0.000430771 0.000111024 2.18949e-05 3.70637e-06 5.96267e-07 9.1197e-08 1.22336e-08 1.26476e-09 7.14597e-11 0 
0 1.92035e-08 2.07948e-07 1.18694e-06 4.95329e-06 1.66133e-05 4.64629e-05 0.00011021 0.000224122 0.000395081 0.000612019 0.000846453 0.0010621 0.00122665 0.00131989 0.00133698 0.00128815 0.00119614 0.00109198 0.00100971 0.0009812 0.00103268 0.00118506 0.00147502 0.00206942 0.00348572 0.0062346 0.00926795 0.00994072 0.00732912 0.00367282 0.00125615 0.000296716 5.01515e-05 6.72851e-06 8.52743e-07 1.12425e-07 1.40807e-08 1.40222e-09 7.70446e-11 0 
0 7.46171e-09 7.8768e-08 4.3924e-07 1.79842e-06 5.95687e-06 1.65995e-05 3.96532e-05 8.21113e-05 0.000148742 0.000238023 0.000340256 0.000439784 0.00052023 0.000569966 0.000585607 0.000572918 0.000545567 0.000522661 0.000526324 0.000580705 0.000713229 0.000962741 0.00144639 0.0026942 0.0062346 0.0134386 0.0214995 0.0236416 0.0175009 0.00867811 0.00289052 0.000652109 0.000101317 1.15676e-05 1.15493e-06 1.24811e-07 1.42746e-08 1.37055e-09 7.36697e-11 0 
0 2.69404e-09 2.76795e-08 1.50458e-07 6.02362e-07 1.96007e-06 5.39926e-06 1.28455e-05 2.67057e-05 4.89344e-05 7.96612e-05 0.000116198 0.000153303 0.000184856 0.000206177 0.000215943 0.000217038 0.000216363 0.000224264 0.000254633 0.000326815 0.000470345 0.00074355 0.00136297 0.00330709 0.00926795 0.0214995 0.0351902 0.0389684 0.0288731 0.0142635 0.00469986 0.00103781 0.000154895 1.62321e-05 1.37183e-06 1.22145e-07 1.26071e-08 1.17077e-09 6.20319e-11 0 
0 9.05506e-10 9.04549e-09 4.78589e-08 1.8694e-07 5.95578e-07 1.61361e-06 3.79622e-06 7.85021e-06 1.43903e-05 2.35544e-05 3.46788e-05 4.63038e-05 5.66291e-05 6.42711e-05 6.89967e-05 7.21781e-05 7.69875e-05 8.86949e-05 0.000115747 0.000172521 0.000285525 0.000518545 0.00113081 0.00326154 0.00994072 0.0236416 0.0389684 0.0432418 0.0320471 0.0158124 0.00519022 0.00113567 0.000166388 1.67434e-05 1.29251e-06 1.00639e-07 9.55734e-09 8.67826e-10 4.57521e-11 0 
0 2.83767e-10 2.75457e-09 1.41747e-08 5.39513e-08 1.6796e-07 4.46253e-07 1.03386e-06 2.11494e-06 3.8531e-06 6.29616e-06 9.29265e-06 1.24889e-05 1.5447e-05 1.78592e-05 1.97828e-05 2.1839e-05 2.54135e-05 3.30483e-05 4.94069e-05 8.34447e-05 0.000153512 0.000308885 0.000754998 0.00235303 0.00732912 0.0175009 0.0288731 0.0320471 0.023751 0.0117166 0.00384242 0.00083803 0.00012184 1.20702e-05 9.00483e-07 6.64882e-08 6.12325e-09 5.55337e-10 2.94596e-11 0 
0 8.29888e-11 7.82742e-10 3.91653e-09 1.45181e-08 4.41226e-08 1.14786e-07 2.61301e-07 5.27255e-07 9.51362e-07 1.54616e-06 2.27979e-06 3.07665e-06 3.84755e-06 4.54633e-06 5.24027e-06 6.18946e-06 7.96355e-06 1.16842e-05 1.95745e-05 3.61426e-05 7.09829e-05 0.000150564 0.000383306 0.00119995 0.00367282 0.00867811 0.0142635 0.0158124 0.0117166 0.00578231 0.0018976 0.00041375 6.01019e-05 5.96541e-06 4.50452e-07 3.43768e-08 3.29137e-09 3.06248e-10 1.65379e-11 0 
0 2.26497e-11 2.07628e-10 1.01038e-09 3.64778e-09 1.08199e-08 2.75455e-08 6.15542e-08 1.22351e-07 2.18305e-07 3.52311e-07 5.18357e-07 7.0236e-07 8.89811e-07 1.0804e-06 1.30867e-06 1.67343e-06 2.38953e-06 3.89662e-06 7.09274e-06 1.38097e-05 2.78584e-05 5.91337e-05 0.000145603 0.000430771 0.00125615 0.00289052 0.00469986 0.00519022 0.00384242 0.0018976 0.000623593 0.000136243 1.99208e-05 2.02185e-06 1.63058e-07 1.40944e-08 1.49426e-09 1.45824e-10 8.09654e-12 0 
0 5.76086e-12 5.13556e-11 2.4319e-10 8.55513e-10 2.47738e-09 6.17235e-09 1.35377e-08 2.64985e-08 4.67338e-08 7.48756e-08 1.0996e-07 1.4982e-07 1.93012e-07 2.42552e-07 3.11877e-07 4.34749e-07 6.84112e-07 1.21093e-06 2.32244e-06 4.6272e-06 9.30365e-06 1.89877e-05 4.24514e-05 0.000111024 0.000296716 0.000652109 0.00103781 0.00113567 0.00083803 0.00041375 0.000136243 2.99715e-05 4.47329e-06 4.81606e-07 4.4964e-08 4.80254e-09 5.82235e-10 6.01951e-11 3.46048e-12 0 
0 1.36076e-12 1.18062e-11 5.44495e-11 1.86789e-10 5.28421e-10 1.28915e-09 2.77627e-09 5.35306e-09 9.33525e-09 1.48582e-08 2.18101e-08 2.99674e-08 3.94697e-08 5.1761e-08 7.12344e-08 1.08214e-07 1.8475e-07 3.4603e-07 6.81551e-07 1.3593e-06 2.67269e-06 5.14626e-06 1.01148e-05 2.18949e-05 5.01515e-05 0.000101317 0.000154895 0.000166388 0.00012184 6.01019e-05 1.99208e-05 4.47329e-06 7.04857e-07 8.68396e-08 1.04582e-08 1.43669e-09 1.97414e-10 2.16103e-11 1.29181e-12 0 
0 2.96476e-13 2.50599e-12 1.12678e-11 3.77324e-11 1.04381e-10 2.49566e-10 5.28148e-10 1.00394e-09 1.73284e-09 2.7437e-09 4.03504e-09 5.61408e-09 7.60948e-09 1.04986e-08 1.55287e-08 2.55091e-08 4.63248e-08 8.9736e-08 1.78034e-07 3.50235e-07 6.66837e-07 1.2104e-06 2.11158e-06 3.70637e-06 6.72851e-06 1.15676e-05 1.62321e-05 1.67434e-05 1.20702e-05 5.96541e-06 2.02185e-06 4.81606e-07 8.68396e-08 1.38417e-08 2.2889e-09 3.87216e-10 5.84559e-11 6.74654e-12 4.20409e-13 0 
0 5.88479e-14 4.85142e-13 2.1292e-12 6.96824e-12 1.88715e-11 4.42685e-11 9.21621e-11 1.72914e-10 2.95826e-10 4.66936e-10 6.90274e-10 9.77608e-10 1.37351e-09 2.00631e-09 3.18527e-09 5.58338e-09 1.05732e-08 2.07985e-08 4.10008e-08 7.88332e-08 1.44722e-07 2.49235e-07 3.98577e-07 5.96267e-07 8.52743e-07 1.15493e-06 1.37183e-06 1.29251e-06 9.00483e-07 4.50452e-07 1.63058e-07 4.4964e-08 1.04582e-08 2.2889e-09 4.83513e-10 9.29192e-11 1.50144e-11 1.82093e-12 1.18448e-13 0 
0 1.04014e-14 8.37335e-14 3.59156e-13 1.15023e-12 3.05354e-12 7.03678e-12 1.44312e-11 2.67648e-11 4.54747e-11 7.17529e-11 1.07076e-10 1.55309e-10 2.2773e-10 3.53251e-10 5.97916e-10 1.10082e-09 2.13627e-09 4.20934e-09 8.17027e-09 1.52732e-08 2.69978e-08 4.43795e-08 6.68241e-08 9.1197e-08 1.12425e-07 1.24811e-07 1.22145e-07 1.00639e-07 6.64882e-08 3.43768e-08 1.40944e-08 4.80254e-09 1.43669e-09 3.87216e-10 9.29192e-11 1.92514e-11 3.28651e-12 4.18025e-13 2.83961e-14 0 
0 1.56475e-15 1.23158e-14 5.1696e-14 1.62232e-13 4.22761e-13 9.58457e-13 1.93933e-12 3.56205e-12 6.02509e-12 9.53683e-12 1.44393e-11 2.15871e-11 3.32084e-11 5.4632e-11 9.75333e-11 1.85673e-10 3.64124e-10 7.11747e-10 1.3524e-09 2.45156e-09 4.17383e-09 6.57685e-09 9.45492e-09 1.22336e-08 1.40807e-08 1.42746e-08 1.26071e-08 9.55734e-09 6.12325e-09 3.29137e-09 1.49426e-09 5.82235e-10 1.97414e-10 5.84559e-11 1.50144e-11 3.28651e-12 5.89458e-13 7.85034e-14 5.5664e-15 0 
0 1.80476e-16 1.39059e-15 5.71986e-15 1.76138e-14 4.51212e-14 1.00796e-13 2.01578e-13 3.67482e-13 6.20659e-13 9.89677e-13 1.52887e-12 2.36991e-12 3.83414e-12 6.65317e-12 1.2371e-11 2.40173e-11 4.70977e-11 9.07255e-11 1.68189e-10 2.95398e-10 4.85012e-10 7.35138e-10 1.01596e-09 1.26476e-09 1.40222e-09 1.37055e-09 1.17077e-09 8.67826e-10 5.55337e-10 3.06248e-10 1.45824e-10 6.01951e-11 2.16103e-11 6.74654e-12 1.82093e-12 4.18025e-13 7.85034e-14 1.09257e-14 8.07757e-16 0 
0 1.13824e-17 8.5966e-17 3.46967e-16 1.04993e-15 2.64801e-15 5.83853e-15 1.15637e-14 2.09778e-14 3.5503e-14 5.73049e-14 9.08423e-14 1.46646e-13 2.49252e-13 4.5231e-13 8.65e-13 1.69348e-12 3.29549e-12 6.22945e-12 1.12476e-11 1.91447e-11 3.03711e-11 4.44242e-11 5.92876e-11 7.14597e-11 7.70446e-11 7.36697e-11 6.20319e-11 4.57521e-11 2.94596e-11 1.65379e-11 8.09654e-12 3.46048e-12 1.29181e-12 4.20409e-13 1.18448e-13 2.83961e-14 5.5664e-15 8.07757e-16 6.21675e-17 0 
0 0 0 0 0 0 0 0 0 0 0 0 0 0 0 0 0 0 0 0 0 0 0 0 0 0 0 0 0 0 0 0 0 0 0 0 0 0 0 0 0 
