0 0 0 0 0 0 0 0 0 0 0 0 0 0 0 0 0 0 0 0 0 0 0 0 0 0 0 0 0 0 0 0 0 0 0 0 0 0 0 0 0 
0 1.03201e-17 9.90423e-17 5.06085e-16 1.92555e-15 6.0428e-15 1.63374e-14 3.88895e-14 8.24859e-14 1.56992e-13 2.69306e-13 4.17635e-13 5.8685e-13 7.48687e-13 8.68866e-13 9.19089e-13 8.88109e-13 7.85827e-13 6.38402e-13 4.77555e-13 3.29963e-13 2.11276e-13 1.25797e-13 6.98962e-14 3.63703e-14 1.77859e-14 8.20174e-15 3.57767e-15 1.48031e-15 5.82238e-16 2.17983e-16 7.76916e-17 2.63192e-17 8.44032e-18 2.54246e-18 7.09492e-19 1.78936e-19 3.88933e-20 6.54587e-21 6.06682e-22 0 
0 9.90423e-17 9.82706e-16 5.19342e-15 2.04313e-14 6.62396e-14 1.84748e-13 4.52802e-13 9.86509e-13 1.92331e-12 3.36929e-12 5.31845e-12 7.58095e-12 9.77664e-12 1.14295e-11 1.2138e-11 1.17374e-11 1.03623e-11 8.37674e-12 6.2206e-12 4.25839e-12 2.69726e-12 1.5869e-12 8.70656e-13 4.47259e-13 2.15974e-13 9.8407e-14 4.24576e-14 1.73988e-14 6.78833e-15 2.5253e-15 8.95845e-16 3.02541e-16 9.68509e-17 2.91512e-17 8.13292e-18 2.05086e-18 4.45554e-19 7.48962e-20 6.9257e-21 0 
0 5.06085e-16 5.19342e-15 2.84024e-14 1.15615e-13 3.87538e-13 1.11598e-12 2.81861e-12 6.31312e-12 1.26183e-11 2.2592e-11 3.63263e-11 5.25617e-11 6.85657e-11 8.07952e-11 8.61916e-11 8.34538e-11 7.35508e-11 5.91976e-11 4.36676e-11 2.9638e-11 1.85856e-11 1.0815e-11 5.86585e-12 2.97881e-12 1.42258e-12 6.41608e-13 2.7435e-13 1.11593e-13 4.329e-14 1.60401e-14 5.67698e-15 1.91549e-15 6.13307e-16 1.84748e-16 5.15918e-17 1.30175e-17 2.82755e-18 4.74671e-19 4.37739e-20 0 
0 1.92555e-15 2.04313e-14 1.15615e-13 4.86945e-13 1.68767e-12 5.01846e-12 1.30643e-11 3.00901e-11 6.16777e-11 1.12905e-10 1.85006e-10 2.71867e-10 3.58925e-10 4.26572e-10 4.57438e-10 4.4382e-10 3.90832e-10 3.13504e-10 2.29984e-10 1.54966e-10 9.63534e-11 5.55504e-11 2.98435e-11 1.50146e-11 7.10891e-12 3.1822e-12 1.35245e-12 5.47689e-13 2.11899e-13 7.84387e-14 2.77758e-14 9.38732e-15 3.01255e-15 9.09681e-16 2.54548e-16 6.43007e-17 1.39651e-17 2.34044e-18 2.151e-19 0 
0 6.0428e-15 6.62396e-14 3.87538e-13 1.68767e-12 6.0442e-12 1.855e-11 4.97542e-11 1.1781e-10 2.47617e-10 4.63447e-10 7.74024e-10 1.15554e-09 1.54474e-09 1.85284e-09 1.99893e-09 1.94539e-09 1.71381e-09 1.37206e-09 1.00265e-09 6.72006e-10 4.15201e-10 2.37752e-10 1.26865e-10 6.34293e-11 2.98731e-11 1.33196e-11 5.64768e-12 2.28574e-12 8.85331e-13 3.28581e-13 1.16789e-13 3.9644e-14 1.27791e-14 3.87405e-15 1.08719e-15 2.75029e-16 5.97117e-17 9.98408e-18 9.13611e-19 0 
0 1.63374e-14 1.84748e-13 1.11598e-12 5.01846e-12 1.855e-11 5.86959e-11 1.62057e-10 3.94203e-10 8.49153e-10 1.62448e-09 2.76519e-09 4.19471e-09 5.68047e-09 6.88126e-09 7.47603e-09 7.30736e-09 6.45001e-09 5.16342e-09 3.7669e-09 2.51757e-09 1.55013e-09 8.84464e-10 4.70451e-10 2.34667e-10 1.10404e-10 4.92516e-11 2.09305e-11 8.50476e-12 3.31225e-12 1.23745e-12 4.43007e-13 1.51457e-13 4.91389e-14 1.49747e-14 4.21709e-15 1.0683e-15 2.31733e-16 3.86211e-17 3.51448e-18 0 
0 3.88895e-14 4.52802e-13 2.81861e-12 1.30643e-11 4.97542e-11 1.62057e-10 4.59943e-10 1.14807e-09 2.53238e-09 4.94908e-09 8.58385e-09 1.32324e-08 1.816e-08 2.22349e-08 2.43543e-08 2.39442e-08 2.12162e-08 1.70218e-08 1.24308e-08 8.31063e-09 5.11765e-09 2.92128e-09 1.55578e-09 7.7798e-10 3.67512e-10 1.64911e-10 7.06183e-11 2.89591e-11 1.13952e-11 4.30362e-12 1.55722e-12 5.37623e-13 1.75869e-13 5.39252e-14 1.5242e-14 3.86495e-15 8.36871e-16 1.38847e-16 1.25462e-17 0 
0 8.24859e-14 9.86509e-13 6.31312e-12 3.00901e-11 1.1781e-10 3.94203e-10 1.14807e-09 2.93628e-09 6.62453e-09 1.32151e-08 2.33453e-08 3.65709e-08 5.08853e-08 6.30262e-08 6.96895e-08 6.90399e-08 6.15481e-08 4.96262e-08 3.63971e-08 2.44335e-08 1.51128e-08 8.67229e-09 4.64898e-09 2.34395e-09 1.1185e-09 5.07949e-10 2.20505e-10 9.17776e-11 3.66733e-11 1.4061e-11 5.15939e-12 1.80291e-12 5.95447e-13 1.83788e-13 5.21245e-14 1.32188e-14 2.85341e-15 4.70543e-16 4.2146e-17 0 
0 1.56992e-13 1.92331e-12 1.26183e-11 6.16777e-11 2.47617e-10 8.49153e-10 2.53238e-09 6.62453e-09 1.52651e-08 3.10533e-08 5.58439e-08 8.88928e-08 1.25458e-07 1.57347e-07 1.75901e-07 1.75959e-07 1.58244e-07 1.28645e-07 9.51241e-08 6.44078e-08 4.02197e-08 2.33339e-08 1.26696e-08 6.48338e-09 3.1467e-09 1.45619e-09 6.45041e-10 2.74115e-10 1.11796e-10 4.3691e-11 1.63044e-11 5.77708e-12 1.92784e-12 5.98926e-13 1.70305e-13 4.3137e-14 9.26711e-15 1.51603e-15 1.34331e-16 0 
0 2.69306e-13 3.36929e-12 2.2592e-11 1.12905e-10 4.63447e-10 1.62448e-09 4.94908e-09 1.32151e-08 3.10533e-08 6.43454e-08 1.17721e-07 1.904e-07 2.72703e-07 3.46709e-07 3.92554e-07 3.97465e-07 3.61708e-07 2.97608e-07 2.22866e-07 1.53002e-07 9.70336e-08 5.72924e-08 3.17342e-08 1.66066e-08 8.26048e-09 3.92425e-09 1.78589e-09 7.79475e-10 3.2603e-10 1.30338e-10 4.95803e-11 1.78333e-11 6.01362e-12 1.87912e-12 5.34988e-13 1.35099e-13 2.88244e-14 4.66749e-15 4.08211e-16 0 
0 4.17635e-13 5.31845e-12 3.63263e-11 1.85006e-10 7.74024e-10 2.76519e-09 8.58385e-09 2.33453e-08 5.58439e-08 1.17721e-07 2.18963e-07 3.59818e-07 5.23311e-07 6.75321e-07 7.75972e-07 7.97459e-07 7.36996e-07 6.16422e-07 4.69948e-07 3.2911e-07 2.13435e-07 1.29225e-07 7.36094e-08 3.97197e-08 2.04156e-08 1.00333e-08 4.7231e-09 2.12919e-09 9.17242e-10 3.76168e-10 1.46086e-10 5.33575e-11 1.81704e-11 5.70276e-12 1.62241e-12 4.07518e-13 8.61359e-14 1.37709e-14 1.18582e-15 0 
0 5.8685e-13 7.58095e-12 5.25617e-11 2.71867e-10 1.15554e-09 4.19471e-09 1.32324e-08 3.65709e-08 8.88928e-08 1.904e-07 3.59818e-07 6.00761e-07 8.87882e-07 1.16477e-06 1.36142e-06 1.42466e-06 1.34261e-06 1.14732e-06 8.95852e-07 6.44432e-07 4.30709e-07 2.6968e-07 1.59388e-07 8.94806e-08 4.79318e-08 2.4557e-08 1.20353e-08 5.63208e-09 2.5076e-09 1.05705e-09 4.19349e-10 1.55451e-10 5.33817e-11 1.67915e-11 4.76131e-12 1.18621e-12 2.47666e-13 3.8982e-14 3.29618e-15 0 
0 7.48687e-13 9.77664e-12 6.85657e-11 3.58925e-10 1.54474e-09 5.68047e-09 1.816e-08 5.08853e-08 1.25458e-07 2.72703e-07 5.23311e-07 8.87882e-07 1.33474e-06 1.78318e-06 2.1259e-06 2.27363e-06 2.19527e-06 1.92774e-06 1.5522e-06 1.15597e-06 8.0319e-07 5.2495e-07 3.25006e-07 1.91607e-07 1.07885e-07 5.80471e-08 2.97921e-08 1.45327e-08 6.70417e-09 2.90763e-09 1.17787e-09 4.42482e-10 1.52865e-10 4.80525e-11 1.35366e-11 3.33382e-12 6.85307e-13 1.05864e-13 8.76474e-15 0 
0 8.68866e-13 1.14295e-11 8.07952e-11 4.26572e-10 1.85284e-09 6.88126e-09 2.22349e-08 6.30262e-08 1.57347e-07 3.46709e-07 6.75321e-07 1.16477e-06 1.78318e-06 2.43134e-06 2.96592e-06 3.2556e-06 3.23788e-06 2.94096e-06 2.46081e-06 1.91392e-06 1.39574e-06 9.61785e-07 6.29998e-07 3.93697e-07 2.34934e-07 1.33644e-07 7.21886e-08 3.68232e-08 1.76257e-08 7.86375e-09 3.24805e-09 1.23339e-09 4.2727e-10 1.33724e-10 3.72794e-11 9.0411e-12 1.82311e-12 2.75475e-13 2.22647e-14 0 
0 9.19089e-13 1.2138e-11 8.61916e-11 4.57438e-10 1.99893e-09 7.47603e-09 2.43543e-08 6.96895e-08 1.75901e-07 3.92554e-07 7.75972e-07 1.36142e-06 2.1259e-06 2.96592e-06 3.71562e-06 4.20631e-06 4.33544e-06 4.1031e-06 3.5982e-06 2.95059e-06 2.28149e-06 1.67479e-06 1.17229e-06 7.83567e-07 4.99334e-07 3.02083e-07 1.72413e-07 9.2158e-08 4.57827e-08 2.09843e-08 8.81393e-09 3.37088e-09 1.16597e-09 3.6167e-10 9.93256e-11 2.36183e-11 4.65323e-12 6.85316e-13 5.39058e-14 0 
0 8.88109e-13 1.17374e-11 8.34538e-11 4.4382e-10 1.94539e-09 7.30736e-09 2.39442e-08 6.90399e-08 1.75959e-07 3.97465e-07 7.97459e-07 1.42466e-06 2.27363e-06 3.2556e-06 4.20631e-06 4.93808e-06 5.31059e-06 5.27931e-06 4.89701e-06 4.27655e-06 3.54297e-06 2.79931e-06 2.11398e-06 1.52402e-06 1.04418e-06 6.75121e-07 4.08356e-07 2.28948e-07 1.17938e-07 5.53905e-08 2.35665e-08 9.03387e-09 3.10351e-09 9.48973e-10 2.55406e-10 5.92614e-11 1.13592e-11 1.62466e-12 1.2399e-13 0 
0 7.85827e-13 1.03623e-11 7.35508e-11 3.90832e-10 1.71381e-09 6.45001e-09 2.12162e-08 6.15481e-08 1.58244e-07 3.61708e-07 7.36996e-07 1.34261e-06 2.19527e-06 3.23788e-06 4.33544e-06 5.31059e-06 6.00363e-06 6.32348e-06 6.26414e-06 5.88551e-06 5.27804e-06 4.53258e-06 3.72571e-06 2.91884e-06 2.16286e-06 1.50063e-06 9.63897e-07 5.66802e-07 3.02115e-07 1.44826e-07 6.20887e-08 2.37116e-08 8.03914e-09 2.40808e-09 6.31479e-10 1.42239e-10 2.64088e-11 3.65467e-12 2.69816e-13 0 
0 6.38402e-13 8.37674e-12 5.91976e-11 3.13504e-10 1.37206e-09 5.16342e-09 1.70218e-08 4.96262e-08 1.28645e-07 2.97608e-07 6.16422e-07 1.14732e-06 1.92774e-06 2.94096e-06 4.1031e-06 5.27931e-06 6.32348e-06 7.11975e-06 7.60443e-06 7.76226e-06 7.60713e-06 7.16349e-06 6.45981e-06 5.53634e-06 4.45984e-06 3.33171e-06 2.27543e-06 1.40185e-06 7.70578e-07 3.75052e-07 1.60942e-07 6.07832e-08 2.01865e-08 5.88202e-09 1.49345e-09 3.24809e-10 5.81548e-11 7.75965e-12 5.52695e-13 0 
0 4.77555e-13 6.2206e-12 4.36676e-11 2.29984e-10 1.00265e-09 3.7669e-09 1.24308e-08 3.63971e-08 9.51241e-08 2.22866e-07 4.69948e-07 8.95852e-07 1.5522e-06 2.46081e-06 3.5982e-06 4.89701e-06 6.26414e-06 7.60443e-06 8.83512e-06 9.88371e-06 1.06729e-05 1.1105e-05 1.10613e-05 1.04319e-05 9.17783e-06 7.40376e-06 5.38044e-06 3.46687e-06 1.95681e-06 9.60596e-07 4.09211e-07 1.51482e-07 4.88549e-08 1.37401e-08 3.35536e-09 7.00805e-10 1.20487e-10 1.54515e-11 1.05939e-12 0 
0 3.29963e-13 4.25839e-12 2.9638e-11 1.54966e-10 6.72006e-10 2.51757e-09 8.31063e-09 2.44335e-08 6.44078e-08 1.53002e-07 3.2911e-07 6.44432e-07 1.15597e-06 1.91392e-06 2.95059e-06 4.27655e-06 5.88551e-06 7.76226e-06 9.88371e-06 1.22036e-05 1.46165e-05 1.69075e-05 1.87087e-05 1.95162e-05 1.88354e-05 1.6465e-05 1.27599e-05 8.59962e-06 4.96733e-06 2.44067e-06 1.02063e-06 3.65689e-07 1.1321e-07 3.04432e-08 7.09943e-09 1.41649e-09 2.32968e-10 2.86407e-11 1.88716e-12 0 
0 2.11276e-13 2.69726e-12 1.85856e-11 9.63534e-11 4.15201e-10 1.55013e-09 5.11765e-09 1.51128e-08 4.02197e-08 9.70336e-08 2.13435e-07 4.30709e-07 8.0319e-07 1.39574e-06 2.28149e-06 3.54297e-06 5.27804e-06 7.60713e-06 1.06729e-05 1.46165e-05 1.95069e-05 2.51977e-05 3.11142e-05 3.60818e-05 3.8463e-05 3.68205e-05 3.08752e-05 2.20837e-05 1.31471e-05 6.42209e-06 2.58127e-06 8.69922e-07 2.51788e-07 6.35689e-08 1.40093e-08 2.6551e-09 4.16436e-10 4.89965e-11 3.10048e-12 0 
0 1.25797e-13 1.5869e-12 1.0815e-11 5.55504e-11 2.37752e-10 8.84464e-10 2.92128e-09 8.67229e-09 2.33339e-08 5.72924e-08 1.29225e-07 2.6968e-07 5.2495e-07 9.61785e-07 1.67479e-06 2.79931e-06 4.53258e-06 7.16349e-06 1.1105e-05 1.69075e-05 2.51977e-05 3.64367e-05 5.04046e-05 6.55755e-05 7.89042e-05 8.61338e-05 8.25253e-05 6.59866e-05 4.18112e-05 2.03316e-05 7.58859e-06 2.2534e-06 5.65928e-07 1.26774e-07 2.56451e-08 4.56699e-09 6.80909e-10 7.66279e-11 4.65915e-12 0 
0 6.98962e-14 8.70656e-13 5.86585e-12 2.98435e-11 1.26865e-10 4.70451e-10 1.55578e-09 4.64898e-09 1.26696e-08 3.17342e-08 7.36094e-08 1.59388e-07 3.25006e-07 6.29998e-07 1.17229e-06 2.11398e-06 3.72571e-06 6.45981e-06 1.10613e-05 1.87087e-05 3.11142e-05 5.04046e-05 7.87065e-05 0.000118064 0.00017038 0.000230541 0.000271118 0.000252349 0.000173358 8.47988e-05 2.93812e-05 7.42135e-06 1.4746e-06 2.59733e-07 4.42852e-08 7.1632e-09 1.00746e-09 1.08456e-10 6.34809e-12 0 
0 3.63703e-14 4.47259e-13 2.97881e-12 1.50146e-11 6.34293e-11 2.34667e-10 7.7798e-10 2.34395e-09 6.48338e-09 1.66066e-08 3.97197e-08 8.94806e-08 1.91607e-07 3.93697e-07 7.83567e-07 1.52402e-06 2.91884e-06 5.53634e-06 1.04319e-05 1.95162e-05 3.60818e-05 6.55755e-05 0.000118064 0.000216776 0.000405795 0.000705059 0.000992868 0.00102716 0.000741831 0.000365725 0.000122321 2.80465e-05 4.60101e-06 6.03673e-07 7.63863e-08 1.03183e-08 1.33705e-09 1.37515e-10 7.77318e-12 0 
0 1.77859e-14 2.15974e-13 1.42258e-12 7.10891e-12 2.98731e-11 1.10404e-10 3.67512e-10 1.1185e-09 3.1467e-09 8.26048e-09 2.04156e-08 4.79318e-08 1.07885e-07 2.34934e-07 4.99334e-07 1.04418e-06 2.16286e-06 4.45984e-06 9.17783e-06 1.88354e-05 3.8463e-05 7.89042e-05 0.00017038 0.000405795 0.000984988 0.00204547 0.00317437 0.00344043 0.00253226 0.00125163 0.000413411 9.13269e-05 1.37078e-05 1.48362e-06 1.3711e-07 1.39527e-08 1.58444e-09 1.54746e-10 8.48197e-12 0 
0 8.20174e-15 9.8407e-14 6.41608e-13 3.1822e-12 1.33196e-11 4.92516e-11 1.64911e-10 5.07949e-10 1.45619e-09 3.92425e-09 1.00333e-08 2.4557e-08 5.80471e-08 1.33644e-07 3.02083e-07 6.75121e-07 1.50063e-06 3.33171e-06 7.40376e-06 1.6465e-05 3.68205e-05 8.61338e-05 0.000230541 0.000705059 0.00204547 0.00466023 0.00753758 0.00830663 0.00614577 0.00303502 0.000996839 0.000217189 3.15027e-05 3.12349e-06 2.3525e-07 1.77639e-08 1.67156e-09 1.53284e-10 8.18521e-12 0 
0 3.57767e-15 4.24576e-14 2.7435e-13 1.35245e-12 5.64768e-12 2.09305e-11 7.06183e-11 2.20505e-10 6.45041e-10 1.78589e-09 4.7231e-09 1.20353e-08 2.97921e-08 7.21886e-08 1.72413e-07 4.08356e-07 9.63897e-07 2.27543e-06 5.38044e-06 1.27599e-05 3.08752e-05 8.25253e-05 0.000271118 0.000992868 0.00317437 0.00753758 0.0123848 0.0137242 0.0101668 0.00501491 0.00164206 0.000355643 5.08844e-05 4.86406e-06 3.30649e-07 2.01034e-08 1.55073e-09 1.32612e-10 6.94095e-12 0 
0 1.48031e-15 1.73988e-14 1.11593e-13 5.47689e-13 2.28574e-12 8.50476e-12 2.89591e-11 9.17776e-11 2.74115e-10 7.79475e-10 2.12919e-09 5.63208e-09 1.45327e-08 3.68232e-08 9.2158e-08 2.28948e-07 5.66802e-07 1.40185e-06 3.46687e-06 8.59962e-06 2.20837e-05 6.59866e-05 0.000252349 0.00102716 0.00344043 0.00830663 0.0137242 0.0152358 0.0112902 0.0055655 0.00181942 0.000392922 5.58876e-05 5.2613e-06 3.41669e-07 1.84397e-08 1.22914e-09 9.93587e-11 5.14662e-12 0 
0 5.82238e-16 6.78833e-15 4.329e-14 2.11899e-13 8.85331e-13 3.31225e-12 1.13952e-11 3.66733e-11 1.11796e-10 3.2603e-10 9.17242e-10 2.5076e-09 6.70417e-09 1.76257e-08 4.57827e-08 1.17938e-07 3.02115e-07 7.70578e-07 1.95681e-06 4.96733e-06 1.31471e-05 4.18112e-05 0.000173358 0.000741831 0.00253226 0.00614577 0.0101668 0.0112902 0.00836638 0.00412299 0.00134678 0.000290439 4.12126e-05 3.8588e-06 2.46707e-07 1.27639e-08 8.04841e-10 6.39729e-11 3.32626e-12 0 
0 2.17983e-16 2.5253e-15 1.60401e-14 7.84387e-14 3.28581e-13 1.23745e-12 4.30362e-12 1.4061e-11 4.3691e-11 1.30338e-10 3.76168e-10 1.05705e-09 2.90763e-09 7.86375e-09 2.09843e-08 5.53905e-08 1.44826e-07 3.75052e-07 9.60596e-07 2.44067e-06 6.42209e-06 2.03316e-05 8.47988e-05 0.000365725 0.00125163 0.00303502 0.00501491 0.0055655 0.00412299 0.0020313 0.000663229 0.000142959 2.02838e-05 1.90119e-06 1.22235e-07 6.47328e-09 4.28256e-10 3.52848e-11 1.87162e-12 0 
0 7.76916e-17 8.95845e-16 5.67698e-15 2.77758e-14 1.16789e-13 4.43007e-13 1.55722e-12 5.15939e-12 1.63044e-11 4.95803e-11 1.46086e-10 4.19349e-10 1.17787e-09 3.24805e-09 8.81393e-09 2.35665e-08 6.20887e-08 1.60942e-07 4.09211e-07 1.02063e-06 2.58127e-06 7.58859e-06 2.93812e-05 0.000122321 0.000413411 0.000996839 0.00164206 0.00181942 0.00134678 0.000663229 0.00021651 4.66951e-05 6.64219e-06 6.28017e-07 4.16691e-08 2.43844e-09 1.87556e-10 1.6733e-11 9.1751e-13 0 
0 2.63192e-17 3.02541e-16 1.91549e-15 9.38732e-15 3.9644e-14 1.51457e-13 5.37623e-13 1.80291e-12 5.77708e-12 1.78333e-11 5.33575e-11 1.55451e-10 4.42482e-10 1.23339e-09 3.37088e-09 9.03387e-09 2.37116e-08 6.07832e-08 1.51482e-07 3.65689e-07 8.69922e-07 2.2534e-06 7.42135e-06 2.80465e-05 9.13269e-05 0.000217189 0.000355643 0.000392922 0.000290439 0.000142959 4.66951e-05 1.00966e-05 1.44723e-06 1.4016e-07 1.00757e-08 7.25542e-10 6.9987e-11 6.87394e-12 3.92461e-13 0 
0 8.44032e-18 9.68509e-17 6.13307e-16 3.01255e-15 1.27791e-14 4.91389e-14 1.75869e-13 5.95447e-13 1.92784e-12 6.01362e-12 1.81704e-11 5.33817e-11 1.52865e-10 4.2727e-10 1.16597e-09 3.10351e-09 8.03914e-09 2.01865e-08 4.88549e-08 1.1321e-07 2.51788e-07 5.65928e-07 1.4746e-06 4.60101e-06 1.37078e-05 3.15027e-05 5.08844e-05 5.58876e-05 4.12126e-05 2.02838e-05 6.64219e-06 1.44723e-06 2.11899e-07 2.18661e-08 1.88651e-09 1.886e-10 2.29749e-11 2.45991e-12 1.46595e-13 0 
0 2.54246e-18 2.91512e-17 1.84748e-16 9.09681e-16 3.87405e-15 1.49747e-14 5.39252e-14 1.83788e-13 5.98926e-13 1.87912e-12 5.70276e-12 1.67915e-11 4.80525e-11 1.33724e-10 3.6167e-10 9.48973e-10 2.40808e-09 5.88202e-09 1.37401e-08 3.04432e-08 6.35689e-08 1.26774e-07 2.59733e-07 6.03673e-07 1.48362e-06 3.12349e-06 4.86406e-06 5.2613e-06 3.8588e-06 1.90119e-06 6.28017e-07 1.4016e-07 2.18661e-08 2.66604e-09 3.23857e-10 4.63353e-11 6.69374e-12 7.66943e-13 4.77312e-14 0 
0 7.09492e-19 8.13292e-18 5.15918e-17 2.54548e-16 1.08719e-15 4.21709e-15 1.5242e-14 5.21245e-14 1.70305e-13 5.34988e-13 1.62241e-12 4.76131e-12 1.35366e-11 3.72794e-11 9.93256e-11 2.55406e-10 6.31479e-10 1.49345e-09 3.35536e-09 7.09943e-09 1.40093e-08 2.56451e-08 4.42852e-08 7.63863e-08 1.3711e-07 2.3525e-07 3.30649e-07 3.41669e-07 2.46707e-07 1.22235e-07 4.16691e-08 1.00757e-08 1.88651e-09 3.23857e-10 5.86942e-11 1.07007e-11 1.70966e-12 2.06938e-13 1.34529e-14 0 
0 1.78936e-19 2.05086e-18 1.30175e-17 6.43007e-17 2.75029e-16 1.0683e-15 3.86495e-15 1.32188e-14 4.3137e-14 1.35099e-13 4.07518e-13 1.18621e-12 3.33382e-12 9.0411e-12 2.36183e-11 5.92614e-11 1.42239e-10 3.24809e-10 7.00805e-10 1.41649e-09 2.6551e-09 4.56699e-09 7.1632e-09 1.03183e-08 1.39527e-08 1.77639e-08 2.01034e-08 1.84397e-08 1.27639e-08 6.47328e-09 2.43844e-09 7.25542e-10 1.886e-10 4.63353e-11 1.07007e-11 2.19378e-12 3.73696e-13 4.75056e-14 3.22587e-15 0 
0 3.88933e-20 4.45554e-19 2.82755e-18 1.39651e-17 5.97117e-17 2.31733e-16 8.36871e-16 2.85341e-15 9.26711e-15 2.88244e-14 8.61359e-14 2.47666e-13 6.85307e-13 1.82311e-12 4.65323e-12 1.13592e-11 2.64088e-11 5.81548e-11 1.20487e-10 2.32968e-10 4.16436e-10 6.80909e-10 1.00746e-09 1.33705e-09 1.58444e-09 1.67156e-09 1.55073e-09 1.22914e-09 8.04841e-10 4.28256e-10 1.87556e-10 6.9987e-11 2.29749e-11 6.69374e-12 1.70966e-12 3.73696e-13 6.70012e-14 8.92129e-15 6.3243e-16 0 
0 6.54587e-21 7.48962e-20 4.74671e-19 2.34044e-18 9.98408e-18 3.86211e-17 1.38847e-16 4.70543e-16 1.51603e-15 4.66749e-15 1.37709e-14 3.8982e-14 1.05864e-13 2.75475e-13 6.85316e-13 1.62466e-12 3.65467e-12 7.75965e-12 1.54515e-11 2.86407e-11 4.89965e-11 7.66279e-11 1.08456e-10 1.37515e-10 1.54746e-10 1.53284e-10 1.32612e-10 9.93587e-11 6.39729e-11 3.52848e-11 1.6733e-11 6.87394e-12 2.45991e-12 7.66943e-13 2.06938e-13 4.75056e-14 8.92129e-15 1.24153e-15 9.17758e-17 0 
0 6.06682e-22 6.9257e-21 4.37739e-20 2.151e-19 9.13611e-19 3.51448e-18 1.25462e-17 4.2146e-17 1.34331e-16 4.08211e-16 1.18582e-15 3.29618e-15 8.76474e-15 2.22647e-14 5.39058e-14 1.2399e-13 2.69816e-13 5.52695e-13 1.05939e-12 1.88716e-12 3.10048e-12 4.65915e-12 6.34809e-12 7.77318e-12 8.48197e-12 8.18521e-12 6.94095e-12 5.14662e-12 3.32626e-12 1.87162e-12 9.1751e-13 3.92461e-13 1.46595e-13 4.77312e-14 1.34529e-14 3.22587e-15 6.3243e-16 9.17758e-17 7.06297e-18 0 
0 0 0 0 0 0 0 0 0 0 0 0 0 0 0 0 0 0 0 0 0 0 0 0 0 0 0 0 0 0 0 0 0 0 0 0 0 0 0 0 0 
