0 0 0 0 0 0 0 0 0 0 0 0 0 0 0 0 0 0 0 0 0 0 0 0 0 0 0 0 0 0 0 0 0 0 0 0 0 0 0 0 0 
0 2.4242e-07 2.18326e-06 9.82658e-06 3.06718e-05 7.38018e-05 0.00014502 0.000242828 0.000358558 0.000479713 0.000593562 0.000689409 0.000759533 0.000799344 0.00080719 0.000784044 0.000733128 0.000659508 0.000569646 0.000470889 0.000370855 0.000276696 0.000194287 0.00012746 7.75498e-05 4.34575e-05 2.23006e-05 1.04364e-05 4.44417e-06 1.72099e-06 6.06364e-07 1.94535e-07 5.68413e-08 1.51043e-08 3.63358e-09 7.83392e-10 1.48282e-10 2.36013e-11 2.85077e-12 1.86679e-13 0 
0 2.18326e-06 2.02259e-05 9.09813e-05 0.000273356 0.000612148 0.00109835 0.00167583 0.00227758 0.00284867 0.00334956 0.0037525 0.00403886 0.00419811 0.00422765 0.00413231 0.00392348 0.00361774 0.00323523 0.00279831 0.00233065 0.0018569 0.00140266 0.00099337 0.000651237 0.000390171 0.000211267 0.000102606 4.45568e-05 1.7317e-05 6.04502e-06 1.90362e-06 5.42626e-07 1.40164e-07 3.27201e-08 6.84245e-09 1.25677e-09 1.94296e-10 2.28262e-11 1.45605e-12 0 
0 9.82658e-06 9.09813e-05 0.000389533 0.00105954 0.00209695 0.00335522 0.0046894 0.00600368 0.00722798 0.00830068 0.00916753 0.00978627 0.0101308 0.0101933 0.0099839 0.00952866 0.00886604 0.00804228 0.00710662 0.00610662 0.00508475 0.00407738 0.00311716 0.00223843 0.00148079 0.00088317 0.000465926 0.000214917 8.65182e-05 3.05841e-05 9.58684e-06 2.68915e-06 6.78893e-07 1.5434e-07 3.13866e-08 5.60538e-09 8.43216e-10 9.65054e-11 6.00576e-12 0 
0 3.06718e-05 0.000273356 0.00105954 0.00252313 0.00444975 0.006609 0.00886908 0.01112 0.0132427 0.0151178 0.0166401 0.0177293 0.0183363 0.0184457 0.0180752 0.0172717 0.0161047 0.0146587 0.0130245 0.0112918 0.0095408 0.00783704 0.00622742 0.00474188 0.00340359 0.00224613 0.00132112 0.00067266 0.000291566 0.000107656 3.4314e-05 9.60102e-06 2.38925e-06 5.31959e-07 1.05621e-07 1.8398e-08 2.69989e-09 3.01702e-10 1.8355e-11 0 
0 7.38018e-05 0.000612148 0.00209695 0.00444975 0.00733127 0.0105579 0.0139825 0.0174232 0.0206807 0.0235635 0.0259059 0.0275825 0.0285168 0.0286848 0.0281138 0.0268762 0.0250795 0.0228546 0.0203432 0.0176853 0.0150087 0.0124208 0.0100024 0.00780338 0.00584386 0.00412629 0.00266504 0.00151187 0.000725021 0.000288461 9.58875e-05 2.72259e-05 6.75202e-06 1.4828e-06 2.88889e-07 4.92695e-08 7.0755e-09 7.74078e-10 4.61498e-11 0 
0 0.00014502 0.00109835 0.00335522 0.006609 0.0105579 0.0150337 0.0198146 0.0246288 0.0291908 0.0332295 0.0365118 0.0388614 0.0401707 0.040406 0.0396055 0.0378708 0.0353529 0.0322356 0.0287179 0.0249969 0.0212532 0.0176398 0.0142749 0.0112374 0.00856491 0.00625582 0.00428578 0.00265151 0.00140838 0.000615095 0.000218108 6.3986e-05 1.60065e-05 3.49475e-06 6.718e-07 1.12652e-07 1.58864e-08 1.70663e-09 9.99717e-11 0 
0 0.000242828 0.00167583 0.0046894 0.00886908 0.0139825 0.0198146 0.0260558 0.0323443 0.0383047 0.0435822 0.0478738 0.0509526 0.0526758 0.0529866 0.0519313 0.0496537 0.0463587 0.0422846 0.0376887 0.0328281 0.0279394 0.0232237 0.0188372 0.0148874 0.0114316 0.00847839 0.00599241 0.00392207 0.00226261 0.00108427 0.000415438 0.000127814 3.26213e-05 7.13639e-06 1.36105e-06 2.25357e-07 3.13179e-08 3.31379e-09 1.91249e-10 0 
0 0.000358558 0.00227758 0.00600368 0.01112 0.0174232 0.0246288 0.0323443 0.0401196 0.0474905 0.0540281 0.0594035 0.0633831 0.0657049 0.0661352 0.0646947 0.0616861 0.0574949 0.0524206 0.0467323 0.0407225 0.0346792 0.0288511 0.0234325 0.0185578 0.0143022 0.0106846 0.00767104 0.00518744 0.00316983 0.00164267 0.000680375 0.000221368 5.81485e-05 1.28313e-05 2.44001e-06 4.00507e-07 5.50348e-08 5.75291e-09 3.27999e-10 0 
0 0.000479713 0.00284867 0.00722798 0.0132427 0.0206807 0.0291908 0.0383047 0.0474905 0.0562143 0.0640712 0.0708525 0.0760607 0.0790074 0.079546 0.0777672 0.0738501 0.0683883 0.0621106 0.0553175 0.0482093 0.0410706 0.0341873 0.027789 0.0220355 0.0170175 0.0127619 0.0092374 0.00636181 0.00403347 0.00221698 0.000983484 0.00033864 9.19709e-05 2.05663e-05 3.91493e-06 6.39214e-07 8.71187e-08 9.02196e-09 5.09473e-10 0 
0 0.000593562 0.00334956 0.00830068 0.0151178 0.0235635 0.0332295 0.0435822 0.0540281 0.0640712 0.0735066 0.081518 0.0866867 0.0892133 0.0896726 0.0882241 0.0846541 0.0786786 0.0710398 0.0629973 0.0548495 0.0467334 0.038915 0.0316486 0.0251159 0.019421 0.0145967 0.0106133 0.007385 0.00478974 0.00274303 0.0012852 0.000465647 0.000130756 2.96939e-05 5.67308e-06 9.23876e-07 1.25218e-07 1.28797e-08 7.22123e-10 0 
0 0.000689409 0.0037525 0.00916753 0.0166401 0.0259059 0.0365118 0.0478738 0.0594035 0.0708525 0.081518 0.0889648 0.0931515 0.0951903 0.0955783 0.0944313 0.0915824 0.0865217 0.078727 0.0694723 0.0602892 0.051343 0.0427618 0.0347891 0.0276222 0.021376 0.0160879 0.0117282 0.00820916 0.00539762 0.00317594 0.00154866 0.000584632 0.000169062 3.8973e-05 7.48211e-06 1.21765e-06 1.64481e-07 1.68416e-08 9.39606e-10 0 
0 0.000759533 0.00403886 0.00978627 0.0177293 0.0275825 0.0388614 0.0509526 0.0633831 0.0760607 0.0866867 0.0931515 0.0967948 0.0986028 0.0989584 0.0979541 0.0954663 0.0910917 0.0840424 0.0743683 0.0642665 0.0546559 0.0455213 0.0370421 0.0294206 0.022779 0.0171578 0.0125274 0.00879797 0.00583083 0.00348837 0.00174659 0.000679001 0.000200823 4.68719e-05 9.0418e-06 1.47223e-06 1.98555e-07 2.02792e-08 1.12813e-09 0 
0 0.000799344 0.00419811 0.0101308 0.0183363 0.0285168 0.0401707 0.0526758 0.0657049 0.0790074 0.0892133 0.0951903 0.0986028 0.100313 0.100656 0.0997131 0.0973803 0.093308 0.086745 0.0771777 0.0665527 0.056518 0.0470674 0.038305 0.0304294 0.0235667 0.0177591 0.0129769 0.00912935 0.00607508 0.00366657 0.00186295 0.000736822 0.000221 5.20127e-05 1.00716e-05 1.64184e-06 2.21403e-07 2.25966e-08 1.25589e-09 0 
0 0.00080719 0.00422765 0.0101933 0.0184457 0.0286848 0.040406 0.0529866 0.0661352 0.079546 0.0896726 0.0955783 0.0989584 0.100656 0.100997 0.100064 0.0977545 0.0937279 0.0872431 0.0777091 0.0669882 0.0568693 0.04736 0.0385456 0.0306231 0.0237194 0.0178772 0.0130668 0.00919751 0.0061276 0.00370754 0.00189195 0.000752415 0.000226811 5.3573e-05 1.03982e-05 1.69777e-06 2.29223e-07 2.34196e-08 1.30298e-09 0 
0 0.000784044 0.00413231 0.0099839 0.0180752 0.0281138 0.0396055 0.0519313 0.0646947 0.0777672 0.0882241 0.0944313 0.0979541 0.0997131 0.100064 0.0990946 0.096692 0.0924844 0.0856957 0.0760293 0.0656097 0.0557593 0.0464435 0.0378005 0.0300312 0.0232605 0.0175302 0.012811 0.00901316 0.00599686 0.00361745 0.00183679 0.000726548 0.000218248 5.15045e-05 1.0007e-05 1.63739e-06 2.21666e-07 2.2716e-08 1.26792e-09 0 
0 0.000733128 0.00392348 0.00952866 0.0172717 0.0268762 0.0378708 0.0496537 0.0616861 0.0738501 0.0846541 0.0915824 0.0954663 0.0973803 0.0977545 0.096692 0.0940531 0.0893904 0.0819631 0.0723701 0.0626626 0.0533399 0.0444365 0.0361664 0.0287313 0.0222509 0.0167649 0.0122446 0.00860214 0.00570178 0.00341081 0.00170851 0.000665823 0.000197918 4.65115e-05 9.04199e-06 1.48435e-06 2.019e-07 2.08044e-08 1.16814e-09 0 
0 0.000659508 0.00361774 0.00886604 0.0161047 0.0250795 0.0353529 0.0463587 0.0574949 0.0683883 0.0786786 0.0865217 0.0910917 0.093308 0.0937279 0.0924844 0.0893904 0.083943 0.0760636 0.0672565 0.0584765 0.0498302 0.0415162 0.0337882 0.0268395 0.0207816 0.0156513 0.0114201 0.00800284 0.0052706 0.00311023 0.00152548 0.000581595 0.00017037 3.98327e-05 7.75764e-06 1.28088e-06 1.75599e-07 1.8257e-08 1.03492e-09 0 
0 0.000569646 0.00323523 0.00804228 0.0146587 0.0228546 0.0322356 0.0422846 0.0524206 0.0621106 0.0710398 0.078727 0.0840424 0.086745 0.0872431 0.0856957 0.0819631 0.0760636 0.0688728 0.0612269 0.0533579 0.0454864 0.0378977 0.0308424 0.0244974 0.0189641 0.0142752 0.0104024 0.00726348 0.00474044 0.00274712 0.00131303 0.000488527 0.00014113 3.29245e-05 6.45024e-06 1.07611e-06 1.49393e-07 1.57446e-08 9.04999e-10 0 
0 0.000470889 0.00279831 0.00710662 0.0130245 0.0203432 0.0287179 0.0376887 0.0467323 0.0553175 0.0629973 0.0694723 0.0743683 0.0771777 0.0777091 0.0760293 0.0723701 0.0672565 0.0612269 0.0545858 0.0476031 0.0405843 0.0338146 0.0275202 0.0218588 0.01692 0.0127312 0.00926399 0.00644053 0.0041588 0.00236388 0.00110295 0.000402842 0.000115722 2.71662e-05 5.39455e-06 9.15353e-07 1.29394e-07 1.38846e-08 8.11954e-10 0 
0 0.000370855 0.00233065 0.00610662 0.0112918 0.0176853 0.0249969 0.0328281 0.0407225 0.0482093 0.0548495 0.0602892 0.0642665 0.0665527 0.0669882 0.0656097 0.0626626 0.0584765 0.0533579 0.0476031 0.041519 0.0353998 0.0294984 0.0240119 0.0190771 0.0147712 0.0111158 0.00808236 0.00560054 0.00358858 0.00201655 0.000932136 0.000340512 9.8955e-05 2.3677e-05 4.80541e-06 8.33191e-07 1.2015e-07 1.31222e-08 7.79103e-10 0 
0 0.000276696 0.0018569 0.00508475 0.0095408 0.0150087 0.0212532 0.0279394 0.0346792 0.0410706 0.0467334 0.051343 0.0546559 0.056518 0.0568693 0.0557593 0.0533399 0.0498302 0.0454864 0.0405843 0.0353998 0.030187 0.0251617 0.0204921 0.0162943 0.0126336 0.00952692 0.00694685 0.00483229 0.00311656 0.00177407 0.000838494 0.000315506 9.45666e-05 2.32501e-05 4.82162e-06 8.49617e-07 1.23946e-07 1.36438e-08 8.14021e-10 0 
0 0.000194287 0.00140266 0.00407738 0.00783704 0.0124208 0.0176398 0.0232237 0.0288511 0.0341873 0.038915 0.0427618 0.0455213 0.0470674 0.04736 0.0464435 0.0444365 0.0415162 0.0378977 0.0338146 0.0294984 0.0251617 0.0209853 0.0171105 0.0136377 0.0106301 0.00810866 0.00603428 0.00431741 0.00288187 0.00171381 0.000854078 0.000338018 0.000104993 2.62997e-05 5.48787e-06 9.65715e-07 1.40099e-07 1.52998e-08 9.04425e-10 0 
0 0.00012746 0.00099337 0.00311716 0.00622742 0.0100024 0.0142749 0.0188372 0.0234325 0.027789 0.0316486 0.0347891 0.0370421 0.038305 0.0385456 0.0378005 0.0361664 0.0337882 0.0308424 0.0275202 0.0240119 0.0204921 0.0171105 0.0139906 0.011248 0.00901241 0.00735633 0.00609914 0.00483797 0.00340307 0.00204511 0.00103172 0.000418028 0.000131446 3.27152e-05 6.7091e-06 1.15587e-06 1.64076e-07 1.75454e-08 1.01683e-09 0 
0 7.75498e-05 0.000651237 0.00223843 0.00474188 0.00780338 0.0112374 0.0148874 0.0185578 0.0220355 0.0251159 0.0276222 0.0294206 0.0304294 0.0306231 0.0300312 0.0287313 0.0268395 0.0244974 0.0218588 0.0190771 0.0162943 0.0136377 0.011248 0.0093942 0.00859767 0.00923798 0.0104137 0.0100212 0.00730763 0.00396208 0.00169051 0.000605318 0.000177668 4.19037e-05 8.20409e-06 1.36106e-06 1.87218e-07 1.94799e-08 1.10197e-09 0 
0 4.34575e-05 0.000390171 0.00148079 0.00340359 0.00584386 0.00856491 0.0114316 0.0143022 0.0170175 0.019421 0.021376 0.022779 0.0235667 0.0237194 0.0232605 0.0222509 0.0207816 0.0189641 0.01692 0.0147712 0.0126336 0.0106301 0.00901241 0.00859767 0.0112837 0.0185516 0.0274594 0.031221 0.0213239 0.0107933 0.00386454 0.00107935 0.000259213 5.3391e-05 9.54608e-06 1.49752e-06 1.98611e-07 2.00977e-08 1.11067e-09 0 
0 2.23006e-05 0.000211267 0.00088317 0.00224613 0.00412629 0.00625582 0.00847839 0.0106846 0.0127619 0.0145967 0.0160879 0.0171578 0.0177591 0.0178772 0.0175302 0.0167649 0.0156513 0.0142752 0.0127312 0.0111158 0.00952692 0.00810866 0.00735633 0.00923798 0.0185516 0.0396118 0.0726106 0.0789221 0.0567643 0.0251159 0.00845225 0.0020261 0.000390723 6.61087e-05 1.0264e-05 1.48873e-06 1.89796e-07 1.87417e-08 1.01633e-09 0 
0 1.04364e-05 0.000102606 0.000465926 0.00132112 0.00266504 0.00428578 0.00599241 0.00767104 0.0092374 0.0106133 0.0117282 0.0125274 0.0129769 0.0130668 0.012811 0.0122446 0.0114201 0.0104024 0.00926399 0.00808236 0.00694685 0.00603428 0.00609914 0.0104137 0.0274594 0.0726106 0.0876335 0.0895275 0.0832635 0.0476549 0.0136183 0.00308454 0.000522143 7.43095e-05 9.86452e-06 1.30428e-06 1.59906e-07 1.5508e-08 8.30981e-10 0 
0 4.44417e-06 4.45568e-05 0.000214917 0.00067266 0.00151187 0.00265151 0.00392207 0.00518744 0.00636181 0.007385 0.00820916 0.00879797 0.00912935 0.00919751 0.00901316 0.00860214 0.00800284 0.00726348 0.00644053 0.00560054 0.00483229 0.00431741 0.00483797 0.0100212 0.031221 0.0789221 0.0895275 0.0909356 0.0857873 0.0570423 0.0150145 0.00333896 0.000534316 6.84287e-05 8.04688e-06 9.82426e-07 1.16956e-07 1.12485e-08 6.00783e-10 0 
0 1.72099e-06 1.7317e-05 8.65182e-05 0.000291566 0.000725021 0.00140838 0.00226261 0.00316983 0.00403347 0.00478974 0.00539762 0.00583083 0.00607508 0.0061276 0.00599686 0.00570178 0.0052706 0.00474044 0.0041588 0.00358858 0.00311656 0.00288187 0.00340307 0.00730763 0.0213239 0.0567643 0.0832635 0.0857873 0.0768186 0.0349644 0.0111192 0.00246708 0.000388806 4.7603e-05 5.27927e-06 6.21399e-07 7.34676e-08 7.09933e-09 3.81621e-10 0 
0 6.06364e-07 6.04502e-06 3.05841e-05 0.000107656 0.000288461 0.000615095 0.00108427 0.00164267 0.00221698 0.00274303 0.00317594 0.00348837 0.00366657 0.00370754 0.00361745 0.00341081 0.00311023 0.00274712 0.00236388 0.00201655 0.00177407 0.00171381 0.00204511 0.00396208 0.0107933 0.0251159 0.0476549 0.0570423 0.0349644 0.0167072 0.00551088 0.00123399 0.000196336 2.40955e-05 2.70305e-06 3.25849e-07 3.94444e-08 3.88562e-09 2.12273e-10 0 
0 1.94535e-07 1.90362e-06 9.58684e-06 3.4314e-05 9.58875e-05 0.000218108 0.000415438 0.000680375 0.000983484 0.0012852 0.00154866 0.00174659 0.00186295 0.00189195 0.00183679 0.00170851 0.00152548 0.00131303 0.00110295 0.000932136 0.000838494 0.000854078 0.00103172 0.00169051 0.00386454 0.00845225 0.0136183 0.0150145 0.0111192 0.00551088 0.00183736 0.000420805 6.90018e-05 8.90445e-06 1.08745e-06 1.42384e-07 1.81323e-08 1.8441e-09 1.03283e-10 0 
0 5.68413e-08 5.42626e-07 2.68915e-06 9.60102e-06 2.72259e-05 6.3986e-05 0.000127814 0.000221368 0.00033864 0.000465647 0.000584632 0.000679001 0.000736822 0.000752415 0.000726548 0.000665823 0.000581595 0.000488527 0.000402842 0.000340512 0.000315506 0.000338018 0.000418028 0.000605318 0.00107935 0.0020261 0.00308454 0.00333896 0.00246708 0.00123399 0.000420805 9.99188e-05 1.74019e-05 2.51512e-06 3.58304e-07 5.28423e-08 7.17985e-09 7.60254e-10 4.39591e-11 0 
0 1.51043e-08 1.40164e-07 6.78893e-07 2.38925e-06 6.75202e-06 1.60065e-05 3.26213e-05 5.81485e-05 9.19709e-05 0.000130756 0.000169062 0.000200823 0.000221 0.000226811 0.000218248 0.000197918 0.00017037 0.00014113 0.000115722 9.8955e-05 9.45666e-05 0.000104993 0.000131446 0.000177668 0.000259213 0.000390723 0.000522143 0.000534316 0.000388806 0.000196336 6.90018e-05 1.74019e-05 3.40812e-06 5.93248e-07 1.02149e-07 1.69827e-08 2.46323e-09 2.72728e-10 1.63635e-11 0 
0 3.63358e-09 3.27201e-08 1.5434e-07 5.31959e-07 1.4828e-06 3.49475e-06 7.13639e-06 1.28313e-05 2.05663e-05 2.96939e-05 3.8973e-05 4.68719e-05 5.20127e-05 5.3573e-05 5.15045e-05 4.65115e-05 3.98327e-05 3.29245e-05 2.71662e-05 2.3677e-05 2.32501e-05 2.62997e-05 3.27152e-05 4.19037e-05 5.3391e-05 6.61087e-05 7.43095e-05 6.84287e-05 4.7603e-05 2.40955e-05 8.90445e-06 2.51512e-06 5.93248e-07 1.28171e-07 2.60407e-08 4.76523e-09 7.33622e-10 8.5086e-11 5.31524e-12 0 
0 7.83392e-10 6.84245e-09 3.13866e-08 1.05621e-07 2.88889e-07 6.718e-07 1.36105e-06 2.44001e-06 3.91493e-06 5.67308e-06 7.48211e-06 9.0418e-06 1.00716e-05 1.03982e-05 1.0007e-05 9.04199e-06 7.75764e-06 6.45024e-06 5.39455e-06 4.80541e-06 4.82162e-06 5.48787e-06 6.7091e-06 8.20409e-06 9.54608e-06 1.0264e-05 9.86452e-06 8.04688e-06 5.27927e-06 2.70305e-06 1.08745e-06 3.58304e-07 1.02149e-07 2.60407e-08 5.91033e-09 1.16172e-09 1.88831e-10 2.29538e-11 1.49572e-12 0 
0 1.48282e-10 1.25677e-09 5.60538e-09 1.8398e-08 4.92695e-08 1.12652e-07 2.25357e-07 4.00507e-07 6.39214e-07 9.23876e-07 1.21765e-06 1.47223e-06 1.64184e-06 1.69777e-06 1.63739e-06 1.48435e-06 1.28088e-06 1.07611e-06 9.15353e-07 8.33191e-07 8.49617e-07 9.65715e-07 1.15587e-06 1.36106e-06 1.49752e-06 1.48873e-06 1.30428e-06 9.82426e-07 6.21399e-07 3.25849e-07 1.42384e-07 5.28423e-08 1.69827e-08 4.76523e-09 1.16172e-09 2.41876e-10 4.13671e-11 5.26835e-12 3.58329e-13 0 
0 2.36013e-11 1.94296e-10 8.43216e-10 2.69989e-09 7.0755e-09 1.58864e-08 3.13179e-08 5.50348e-08 8.71187e-08 1.25218e-07 1.64481e-07 1.98555e-07 2.21403e-07 2.29223e-07 2.21666e-07 2.019e-07 1.75599e-07 1.49393e-07 1.29394e-07 1.2015e-07 1.23946e-07 1.40099e-07 1.64076e-07 1.87218e-07 1.98611e-07 1.89796e-07 1.59906e-07 1.16956e-07 7.34676e-08 3.94444e-08 1.81323e-08 7.17985e-09 2.46323e-09 7.33622e-10 1.88831e-10 4.13671e-11 7.42413e-12 9.89469e-13 7.0222e-14 0 
0 2.85077e-12 2.28262e-11 9.65054e-11 3.01702e-10 7.74078e-10 1.70663e-09 3.31379e-09 5.75291e-09 9.02196e-09 1.28797e-08 1.68416e-08 2.02792e-08 2.25966e-08 2.34196e-08 2.2716e-08 2.08044e-08 1.8257e-08 1.57446e-08 1.38846e-08 1.31222e-08 1.36438e-08 1.52998e-08 1.75454e-08 1.94799e-08 2.00977e-08 1.87417e-08 1.5508e-08 1.12485e-08 7.09933e-09 3.88562e-09 1.8441e-09 7.60254e-10 2.72728e-10 8.5086e-11 2.29538e-11 5.26835e-12 9.89469e-13 1.37758e-13 1.01904e-14 0 
0 1.86679e-13 1.45605e-12 6.00576e-12 1.8355e-11 4.61498e-11 9.99717e-11 1.91249e-10 3.27999e-10 5.09473e-10 7.22123e-10 9.39606e-10 1.12813e-09 1.25589e-09 1.30298e-09 1.26792e-09 1.16814e-09 1.03492e-09 9.04999e-10 8.11954e-10 7.79103e-10 8.14021e-10 9.04425e-10 1.01683e-09 1.10197e-09 1.11067e-09 1.01633e-09 8.30981e-10 6.00783e-10 3.81621e-10 2.12273e-10 1.03283e-10 4.39591e-11 1.63635e-11 5.31524e-12 1.49572e-12 3.58329e-13 7.0222e-14 1.01904e-14 7.84486e-16 0 
0 0 0 0 0 0 0 0 0 0 0 0 0 0 0 0 0 0 0 0 0 0 0 0 0 0 0 0 0 0 0 0 0 0 0 0 0 0 0 0 0 
