0 0 0 0 0 0 0 0 0 0 0 0 0 0 0 0 0 0 0 0 0 0 0 0 0 0 0 0 0 0 0 0 0 0 0 0 0 0 0 0 0 
0 4.87286e-07 4.31634e-06 1.88124e-05 5.60249e-05 0.000127434 0.000236316 0.000375166 0.000529503 0.000683335 0.000822695 0.000936974 0.00101904 0.00106495 0.00107358 0.00104626 0.000986468 0.000899397 0.000791639 0.000670769 0.00054491 0.000422173 0.000309938 0.000214021 0.000137886 8.21998e-05 4.49913e-05 2.2462e-05 1.01807e-05 4.17799e-06 1.55107e-06 5.21002e-07 1.58366e-07 4.35134e-08 1.07644e-08 2.37496e-09 4.58114e-10 7.40455e-11 9.056e-12 5.99032e-13 0 
0 4.31634e-06 3.89355e-05 0.000166016 0.000461966 0.00095008 0.00157744 0.00226337 0.00294215 0.00356897 0.00411188 0.00454635 0.00485428 0.00502485 0.00505531 0.00495103 0.00472449 0.00439374 0.00398025 0.00350692 0.00299654 0.0024712 0.00195281 0.00146405 0.00102831 0.000666954 0.000393654 0.000208774 9.86407e-05 4.13759e-05 1.54255e-05 5.13098e-06 1.52925e-06 4.09417e-07 9.83418e-08 2.10357e-08 3.93322e-09 6.16672e-10 7.3252e-11 4.7135e-12 0 
0 1.88124e-05 0.000166016 0.0006507 0.00158692 0.0028509 0.00426244 0.00571434 0.00713931 0.00847177 0.00964372 0.0105929 0.0112708 0.0116477 0.0117144 0.0114824 0.0109807 0.0102526 0.00935017 0.00832935 0.00724416 0.00614207 0.00506062 0.00402697 0.00306197 0.00218842 0.0014381 0.000847606 0.000438309 0.000196258 7.5959e-05 2.55939e-05 7.58747e-06 1.99679e-06 4.68282e-07 9.74706e-08 1.77138e-08 2.6999e-09 3.12085e-10 1.95694e-11 0 
0 5.60249e-05 0.000461966 0.00158692 0.00336847 0.00551214 0.00786764 0.0103439 0.0128226 0.0151656 0.0172367 0.018918 0.02012 0.0207885 0.0209067 0.0204947 0.0196045 0.0183134 0.0167155 0.0149121 0.0130037 0.0110816 0.0092218 0.00747964 0.00588657 0.00445277 0.00318013 0.0020849 0.0012107 0.000602229 0.000251895 8.87405e-05 2.67349e-05 7.0103e-06 1.61886e-06 3.29746e-07 5.84842e-08 8.69353e-09 9.80507e-10 6.00584e-11 0 
0 0.000127434 0.00095008 0.0028509 0.00551214 0.00867527 0.0122322 0.016022 0.0198331 0.0234406 0.0266311 0.0292216 0.0310738 0.0321038 0.0322859 0.0316508 0.0302789 0.0282894 0.0258274 0.0230496 0.0201114 0.0171555 0.0143028 0.0116467 0.00924887 0.00713624 0.00530176 0.00371947 0.00238068 0.00132686 0.000616689 0.000234423 7.3593e-05 1.95523e-05 4.49358e-06 9.02011e-07 1.56915e-07 2.28366e-08 2.52125e-09 1.51276e-10 0 
0 0.000236316 0.00157744 0.00426244 0.00786764 0.0122322 0.0171965 0.0225011 0.0278389 0.0328926 0.0373625 0.0409924 0.0435906 0.0450402 0.0452974 0.0444018 0.0424747 0.0396858 0.0362362 0.0323447 0.028229 0.0240893 0.0200957 0.0163814 0.013038 0.0101154 0.00761986 0.00551617 0.00374699 0.00228591 0.00118187 0.000494047 0.000165254 4.52599e-05 1.04718e-05 2.08733e-06 3.58085e-07 5.12373e-08 5.55664e-09 3.27571e-10 0 
0 0.000375166 0.00226337 0.00571434 0.0103439 0.016022 0.0225011 0.0294278 0.0363989 0.0429996 0.0488503 0.0537439 0.0577819 0.0604979 0.061036 0.0592782 0.0559506 0.0519388 0.0473722 0.0422843 0.0369091 0.031503 0.0262886 0.0214398 0.0170783 0.0132731 0.0100439 0.00736148 0.00515211 0.00333093 0.00187768 0.000863367 0.000311718 8.92642e-05 2.10141e-05 4.18996e-06 7.12601e-07 1.00667e-07 1.07616e-08 6.25223e-10 0 
0 0.000529503 0.00294215 0.00713931 0.0128226 0.0198331 0.0278389 0.0363989 0.0450147 0.0532063 0.0611524 0.069989 0.076848 0.0801681 0.0807529 0.0788992 0.0740931 0.0664933 0.0589036 0.0523083 0.0456464 0.038965 0.0325214 0.0265303 0.0211423 0.0164443 0.0124649 0.00917994 0.00651369 0.00435224 0.00260644 0.00129994 0.000507192 0.000153098 3.69671e-05 7.41837e-06 1.25668e-06 1.75943e-07 1.8602e-08 1.06822e-09 0 
0 0.000683335 0.00356897 0.00847177 0.0151656 0.0234406 0.0328926 0.0429996 0.0532063 0.0639139 0.0769248 0.0850227 0.0888185 0.0905829 0.0909316 0.0899821 0.0875072 0.0826238 0.0731276 0.0622864 0.0539432 0.0460315 0.0384233 0.0313502 0.0249898 0.0194451 0.0147517 0.0108865 0.00777338 0.00528664 0.00329131 0.00174644 0.000730224 0.000232585 5.78469e-05 1.17331e-05 1.98705e-06 2.76621e-07 2.90109e-08 1.65116e-09 0 
0 0.000822695 0.00411188 0.00964372 0.0172367 0.0266311 0.0373625 0.0488503 0.0611524 0.0769248 0.0870392 0.0918427 0.0944809 0.0957974 0.0960797 0.0953931 0.0936373 0.0904614 0.0848871 0.0739591 0.0616372 0.0522959 0.0436444 0.0356141 0.0283933 0.0220992 0.0167729 0.0123908 0.00887434 0.00609247 0.00388413 0.00215307 0.000951947 0.000318328 8.15593e-05 1.67533e-05 2.8435e-06 3.94617e-07 4.1157e-08 2.32732e-09 0 
0 0.000936974 0.00454635 0.0105929 0.018918 0.0292216 0.0409924 0.0537439 0.069989 0.0850227 0.0918427 0.0956034 0.0978051 0.0989388 0.0991942 0.0986193 0.097152 0.0945813 0.0903737 0.0829494 0.0694489 0.0574916 0.0478873 0.0390771 0.0311575 0.0242546 0.018414 0.0136108 0.00976326 0.00673663 0.0043558 0.00248555 0.00114521 0.000398402 0.000104784 2.17919e-05 3.71134e-06 5.14402e-07 5.34653e-08 3.01019e-09 0 
0 0.00101904 0.00485428 0.0112708 0.02012 0.0310738 0.0435906 0.0577819 0.076848 0.0888185 0.0944809 0.0978051 0.0998058 0.100852 0.101095 0.100575 0.0992452 0.0969463 0.0932972 0.0872916 0.0758298 0.0615569 0.0509315 0.0415544 0.0331349 0.0257967 0.0195879 0.0144832 0.0103976 0.00719356 0.0046886 0.00272354 0.00128976 0.000461579 0.000123856 2.60225e-05 4.44745e-06 6.16386e-07 6.39518e-08 3.59159e-09 0 
0 0.00106495 0.00502485 0.0116477 0.0207885 0.0321038 0.0450402 0.0604979 0.0801681 0.0905829 0.0957974 0.0989388 0.100852 0.10186 0.102098 0.101602 0.100334 0.098152 0.0947329 0.0892574 0.0791297 0.064131 0.0526385 0.042934 0.0342362 0.0266556 0.020242 0.0149693 0.0107509 0.00744753 0.00487336 0.00285718 0.00137356 0.000499705 0.000135742 2.87127e-05 4.92098e-06 6.82449e-07 7.07771e-08 3.97144e-09 0 
0 0.00107358 0.00505531 0.0117144 0.0209067 0.0322859 0.0452974 0.061036 0.0807529 0.0909316 0.0960797 0.0991942 0.101095 0.102098 0.102335 0.101843 0.100583 0.0984194 0.0950346 0.0896375 0.0797223 0.0646305 0.0529459 0.0431812 0.0344339 0.0268101 0.02036 0.0150574 0.0108154 0.00749465 0.00490886 0.00288455 0.00139218 0.000508843 0.00013877 2.94313e-05 5.05248e-06 7.01436e-07 7.28026e-08 4.08772e-09 0 
0 0.00104626 0.00495103 0.0114824 0.0204947 0.0316508 0.0444018 0.0592782 0.0788992 0.0899821 0.0953931 0.0986193 0.100575 0.101602 0.101843 0.101336 0.100039 0.0978023 0.0942794 0.0885748 0.0778413 0.0629937 0.0518966 0.0423369 0.0337608 0.0262859 0.0199617 0.0147623 0.0106021 0.00734311 0.0048015 0.00281022 0.00134776 0.000489447 0.000132936 2.81565e-05 4.83615e-06 6.7241e-07 6.99273e-08 3.93485e-09 0 
0 0.000986468 0.00472449 0.0109807 0.0196045 0.0302789 0.0424747 0.0559506 0.0740931 0.0875072 0.0936373 0.097152 0.0992452 0.100334 0.100583 0.100039 0.0986464 0.0962271 0.0923413 0.0857767 0.0732043 0.0597706 0.0496419 0.0405089 0.0323027 0.0251501 0.0190981 0.0141218 0.0101383 0.0070121 0.00456473 0.00264447 0.00124817 0.000445922 0.000119798 2.52598e-05 4.33813e-06 6.04525e-07 6.3082e-08 3.56371e-09 0 
0 0.000899397 0.00439374 0.0102526 0.0183134 0.0282894 0.0396858 0.0519388 0.0664933 0.0826238 0.0904614 0.0945813 0.0969463 0.098152 0.0984194 0.0978023 0.0962271 0.0934412 0.0887751 0.0801261 0.0663929 0.05562 0.0463867 0.0378567 0.0301872 0.023502 0.017845 0.0131924 0.0094645 0.00652955 0.00421807 0.00240311 0.00110645 0.000385807 0.000102044 2.13865e-05 3.67406e-06 5.13895e-07 5.3915e-08 3.06471e-09 0 
0 0.000791639 0.00398025 0.00935017 0.0167155 0.0258274 0.0362362 0.0473722 0.0589036 0.0731276 0.0848871 0.0903737 0.0932972 0.0947329 0.0950346 0.0942794 0.0923413 0.0887751 0.082248 0.0704098 0.0596091 0.0507486 0.042364 0.0345743 0.0275693 0.0214629 0.016295 0.0120428 0.00863008 0.00592972 0.0037868 0.0021082 0.000940458 0.000318671 8.28866e-05 1.72836e-05 2.97636e-06 4.18954e-07 4.43168e-08 2.5419e-09 0 
0 0.000670769 0.00350692 0.00832935 0.0149121 0.0230496 0.0323447 0.0422843 0.0523083 0.0622864 0.0739591 0.0829494 0.0872916 0.0892574 0.0896375 0.0885748 0.0857767 0.0801261 0.0704098 0.0610232 0.0530765 0.0453077 0.0378269 0.0308717 0.024617 0.0191641 0.0145483 0.0107477 0.00768899 0.00525199 0.00330375 0.00178995 0.000772298 0.000254794 6.54329e-05 1.36351e-05 2.36354e-06 3.36072e-07 3.59629e-08 2.08746e-09 0 
0 0.00054491 0.00299654 0.00724416 0.0130037 0.0201114 0.028229 0.0369091 0.0456464 0.0539432 0.0616372 0.0694489 0.0758298 0.0791297 0.0797223 0.0778413 0.0732043 0.0663929 0.0596091 0.0530765 0.0463313 0.0395599 0.0330292 0.0269572 0.0214968 0.0167362 0.0127055 0.00938267 0.00669835 0.00454421 0.00281539 0.0014897 0.000627123 0.000203755 5.21899e-05 1.09487e-05 1.91977e-06 2.76604e-07 2.99966e-08 1.7633e-09 0 
0 0.000422173 0.0024712 0.00614207 0.0110816 0.0171555 0.0240893 0.031503 0.038965 0.0460315 0.0522959 0.0574916 0.0615569 0.064131 0.0646305 0.0629937 0.0597706 0.05562 0.0507486 0.0453077 0.0395599 0.0337795 0.0282048 0.0230224 0.0183627 0.0143019 0.010865 0.00802966 0.00573136 0.00387905 0.00239253 0.00126023 0.000530036 0.000173084 4.4773e-05 9.50483e-06 1.68634e-06 2.45569e-07 2.68748e-08 1.59165e-09 0 
0 0.000309938 0.00195281 0.00506062 0.0092218 0.0143028 0.0200957 0.0262886 0.0325214 0.0384233 0.0436444 0.0478873 0.0509315 0.0526385 0.0529459 0.0518966 0.0496419 0.0463867 0.042364 0.0378269 0.0330292 0.0282048 0.0235533 0.0192314 0.0153526 0.0119911 0.00917587 0.00687015 0.00498019 0.00341838 0.00214313 0.0011564 0.000500012 0.000166952 4.37585e-05 9.34309e-06 1.65958e-06 2.41321e-07 2.63305e-08 1.55316e-09 0 
0 0.000214021 0.00146405 0.00402697 0.00747964 0.0116467 0.0163814 0.0214398 0.0265303 0.0313502 0.0356141 0.0390771 0.0415544 0.042934 0.0431812 0.0423369 0.0405089 0.0378567 0.0345743 0.0308717 0.0269572 0.0230224 0.0192314 0.015721 0.0126212 0.0100816 0.0081936 0.00676961 0.00537028 0.00380628 0.00234434 0.00124917 0.000547633 0.000185457 4.8555e-05 1.02405e-05 1.78881e-06 2.55584e-07 2.74172e-08 1.59169e-09 0 
0 0.000137886 0.00102831 0.00306197 0.00588657 0.00924887 0.013038 0.0170783 0.0211423 0.0249898 0.0283933 0.0311575 0.0331349 0.0342362 0.0344339 0.0337608 0.0323027 0.0301872 0.0275693 0.024617 0.0214968 0.0183627 0.0153526 0.0126212 0.0104709 0.00949446 0.0101251 0.0113735 0.0109337 0.0079781 0.00434383 0.00189066 0.000718091 0.000228791 5.75691e-05 1.16972e-05 1.97635e-06 2.74302e-07 2.86845e-08 1.62818e-09 0 
0 8.21998e-05 0.000666954 0.00218842 0.00445277 0.00713624 0.0101154 0.0132731 0.0164443 0.0194451 0.0220992 0.0242546 0.0257967 0.0266556 0.0268101 0.0262859 0.0251501 0.023502 0.0214629 0.0191641 0.0167362 0.0143019 0.0119911 0.0100816 0.00949446 0.0123369 0.0202121 0.035691 0.0431833 0.0238274 0.0117535 0.0042203 0.00120446 0.000309854 6.91648e-05 1.30276e-05 2.09525e-06 2.80951e-07 2.85907e-08 1.58596e-09 0 
0 4.49913e-05 0.000393654 0.0014381 0.00318013 0.00530176 0.00761986 0.0100439 0.0124649 0.0147517 0.0167729 0.018414 0.0195879 0.020242 0.02036 0.0199617 0.0190981 0.017845 0.016295 0.0145483 0.0127055 0.010865 0.00917587 0.0081936 0.0101251 0.0202121 0.0510742 0.0771773 0.0791036 0.0702632 0.0279148 0.0092023 0.00221743 0.000444497 8.14811e-05 1.35463e-05 2.03494e-06 2.63057e-07 2.61319e-08 1.42224e-09 0 
0 2.2462e-05 0.000208774 0.000847606 0.0020849 0.00371947 0.00551617 0.00736148 0.00917994 0.0108865 0.0123908 0.0136108 0.0144832 0.0149693 0.0150574 0.0147623 0.0141218 0.0131924 0.0120428 0.0107477 0.00938267 0.00802966 0.00687015 0.00676961 0.0113735 0.035691 0.0771773 0.084649 0.0855135 0.081614 0.0612628 0.0148511 0.00336252 0.000580922 8.83578e-05 1.26675e-05 1.75403e-06 2.18893e-07 2.13649e-08 1.14868e-09 0 
0 1.01807e-05 9.86407e-05 0.000438309 0.0012107 0.00238068 0.00374699 0.00515211 0.00651369 0.00777338 0.00887434 0.00976326 0.0103976 0.0107509 0.0108154 0.0106021 0.0101383 0.0094645 0.00863008 0.00768899 0.00669835 0.00573136 0.00498019 0.00537028 0.0109337 0.0431833 0.0791036 0.0855135 0.0863988 0.0832793 0.0701118 0.0170467 0.00363722 0.000590334 7.98518e-05 1.01412e-05 1.30659e-06 1.5887e-07 1.53827e-08 8.24102e-10 0 
0 4.17799e-06 4.13759e-05 0.000196258 0.000602229 0.00132686 0.00228591 0.00333093 0.00435224 0.00528664 0.00609247 0.00673663 0.00719356 0.00744753 0.00749465 0.00734311 0.0070121 0.00652955 0.00592972 0.00525199 0.00454421 0.00387905 0.00341838 0.00380628 0.0079781 0.0238274 0.0702632 0.081614 0.0832793 0.0780082 0.0451402 0.0121001 0.00268821 0.000429848 5.53154e-05 6.60387e-06 8.21957e-07 9.93581e-08 9.66398e-09 5.20882e-10 0 
0 1.55107e-06 1.54255e-05 7.5959e-05 0.000251895 0.000616689 0.00118187 0.00187768 0.00260644 0.00329131 0.00388413 0.0043558 0.0046886 0.00487336 0.00490886 0.0048015 0.00456473 0.00421807 0.0037868 0.00330375 0.00281539 0.00239253 0.00214313 0.00234434 0.00434383 0.0117535 0.0279148 0.0612628 0.0701118 0.0451402 0.0181798 0.00599823 0.00134722 0.00021862 2.82168e-05 3.39583e-06 4.31203e-07 5.32441e-08 5.27436e-09 2.8879e-10 0 
0 5.21002e-07 5.13098e-06 2.55939e-05 8.87405e-05 0.000234423 0.000494047 0.000863367 0.00129994 0.00174644 0.00215307 0.00248555 0.00272354 0.00285718 0.00288455 0.00281022 0.00264447 0.00240311 0.0021082 0.00178995 0.0014897 0.00126023 0.0011564 0.00124917 0.00189066 0.0042203 0.0092023 0.0148511 0.0170467 0.0121001 0.00599823 0.00200269 0.000462764 7.80686e-05 1.06312e-05 1.38596e-06 1.89325e-07 2.44696e-08 2.49889e-09 1.40205e-10 0 
0 1.58366e-07 1.52925e-06 7.58747e-06 2.67349e-05 7.3593e-05 0.000165254 0.000311718 0.000507192 0.000730224 0.000951947 0.00114521 0.00128976 0.00137356 0.00139218 0.00134776 0.00124817 0.00110645 0.000940458 0.000772298 0.000627123 0.000530036 0.000500012 0.000547633 0.000718091 0.00120446 0.00221743 0.00336252 0.00363722 0.00268821 0.00134722 0.000462764 0.000112022 2.02575e-05 3.09721e-06 4.65914e-07 7.07005e-08 9.69311e-09 1.02912e-09 5.95862e-11 0 
0 4.35134e-08 4.09417e-07 1.99679e-06 7.0103e-06 1.95523e-05 4.52599e-05 8.92642e-05 0.000153098 0.000232585 0.000318328 0.000398402 0.000461579 0.000499705 0.000508843 0.000489447 0.000445922 0.000385807 0.000318671 0.000254794 0.000203755 0.000173084 0.000166952 0.000185457 0.000228791 0.000309854 0.000444497 0.000580922 0.000590334 0.000429848 0.00021862 7.80686e-05 2.02575e-05 4.14384e-06 7.58359e-07 1.35313e-07 2.28339e-08 3.32681e-09 3.68934e-10 2.21586e-11 0 
0 1.07644e-08 9.83418e-08 4.68282e-07 1.61886e-06 4.49358e-06 1.04718e-05 2.10141e-05 3.69671e-05 5.78469e-05 8.15593e-05 0.000104784 0.000123856 0.000135742 0.00013877 0.000132936 0.000119798 0.000102044 8.28866e-05 6.54329e-05 5.21899e-05 4.4773e-05 4.37585e-05 4.8555e-05 5.75691e-05 6.91648e-05 8.14811e-05 8.83578e-05 7.98518e-05 5.53154e-05 2.82168e-05 1.06312e-05 3.09721e-06 7.58359e-07 1.68992e-07 3.49007e-08 6.4246e-09 9.91039e-10 1.15054e-10 7.19291e-12 0 
0 2.37496e-09 2.10357e-08 9.74706e-08 3.29746e-07 9.02011e-07 2.08733e-06 4.18996e-06 7.41837e-06 1.17331e-05 1.67533e-05 2.17919e-05 2.60225e-05 2.87127e-05 2.94313e-05 2.81565e-05 2.52598e-05 2.13865e-05 1.72836e-05 1.36351e-05 1.09487e-05 9.50483e-06 9.34309e-06 1.02405e-05 1.16972e-05 1.30276e-05 1.35463e-05 1.26675e-05 1.01412e-05 6.60387e-06 3.39583e-06 1.38596e-06 4.65914e-07 1.35313e-07 3.49007e-08 7.96274e-09 1.56817e-09 2.55121e-10 3.10313e-11 2.02327e-12 0 
0 4.58114e-10 3.93322e-09 1.77138e-08 5.84842e-08 1.56915e-07 3.58085e-07 7.12601e-07 1.25668e-06 1.98705e-06 2.8435e-06 3.71134e-06 4.44745e-06 4.92098e-06 5.05248e-06 4.83615e-06 4.33813e-06 3.67406e-06 2.97636e-06 2.36354e-06 1.91977e-06 1.68634e-06 1.65958e-06 1.78881e-06 1.97635e-06 2.09525e-06 2.03494e-06 1.75403e-06 1.30659e-06 8.21957e-07 4.31203e-07 1.89325e-07 7.07005e-08 2.28339e-08 6.4246e-09 1.56817e-09 3.26693e-10 5.58969e-11 7.12177e-12 4.84604e-13 0 
0 7.40455e-11 6.16672e-10 2.6999e-09 8.69353e-09 2.28366e-08 5.12373e-08 1.00667e-07 1.75943e-07 2.76621e-07 3.94617e-07 5.14402e-07 6.16386e-07 6.82449e-07 7.01436e-07 6.7241e-07 6.04525e-07 5.13895e-07 4.18954e-07 3.36072e-07 2.76604e-07 2.45569e-07 2.41321e-07 2.55584e-07 2.74302e-07 2.80951e-07 2.63057e-07 2.18893e-07 1.5887e-07 9.93581e-08 5.32441e-08 2.44696e-08 9.69311e-09 3.32681e-09 9.91039e-10 2.55121e-10 5.58969e-11 1.00338e-11 1.33762e-12 9.49596e-14 0 
0 9.056e-12 7.3252e-11 3.12085e-10 9.80507e-10 2.52125e-09 5.55664e-09 1.07616e-08 1.8602e-08 2.90109e-08 4.1157e-08 5.34653e-08 6.39518e-08 7.07771e-08 7.28026e-08 6.99273e-08 6.3082e-08 5.3915e-08 4.43168e-08 3.59629e-08 2.99966e-08 2.68748e-08 2.63305e-08 2.74172e-08 2.86845e-08 2.85907e-08 2.61319e-08 2.13649e-08 1.53827e-08 9.66398e-09 5.27436e-09 2.49889e-09 1.02912e-09 3.68934e-10 1.15054e-10 3.10313e-11 7.12177e-12 1.33762e-12 1.86254e-13 1.37804e-14 0 
0 5.99032e-13 4.7135e-12 1.95694e-11 6.00584e-11 1.51276e-10 3.27571e-10 6.25223e-10 1.06822e-09 1.65116e-09 2.32732e-09 3.01019e-09 3.59159e-09 3.97144e-09 4.08772e-09 3.93485e-09 3.56371e-09 3.06471e-09 2.5419e-09 2.08746e-09 1.7633e-09 1.59165e-09 1.55316e-09 1.59169e-09 1.62818e-09 1.58596e-09 1.42224e-09 1.14868e-09 8.24102e-10 5.20882e-10 2.8879e-10 1.40205e-10 5.95862e-11 2.21586e-11 7.19291e-12 2.02327e-12 4.84604e-13 9.49596e-14 1.37804e-14 1.06096e-15 0 
0 0 0 0 0 0 0 0 0 0 0 0 0 0 0 0 0 0 0 0 0 0 0 0 0 0 0 0 0 0 0 0 0 0 0 0 0 0 0 0 0 
