0 0 0 0 0 0 0 0 0 0 0 0 0 0 0 0 0 0 0 0 0 0 0 0 0 0 0 0 0 0 0 0 0 0 0 0 0 0 0 0 0 
0 3.43096e-07 3.06739e-06 1.361e-05 4.15925e-05 9.75362e-05 0.000186551 0.00030456 0.000440007 0.000578384 0.000706028 0.000812045 0.000888863 0.000932143 0.000940476 0.000915028 0.000859174 0.000778107 0.000678436 0.000567735 0.000454008 0.000345028 0.00024754 0.000166421 0.000104024 5.99931e-05 3.17083e-05 1.52784e-05 6.68929e-06 2.65747e-06 9.57957e-07 3.13532e-07 9.31937e-08 2.51255e-08 6.11797e-09 1.33231e-09 2.54265e-10 4.07426e-11 4.94821e-12 3.25469e-13 0 
0 3.06739e-06 2.80859e-05 0.000123367 0.000357966 0.00077036 0.00133151 0.00197056 0.00261815 0.00322298 0.00374913 0.00417071 0.00446965 0.00463548 0.00466562 0.00456524 0.0043463 0.00402606 0.00362526 0.00316641 0.00267268 0.00216752 0.0016751 0.00122037 0.000827373 0.000514804 0.00029018 0.000146699 6.6149e-05 2.6584e-05 9.54835e-06 3.07852e-06 8.94479e-07 2.34629e-07 5.54491e-08 1.17093e-08 2.16739e-09 3.37135e-10 3.97994e-11 2.54851e-12 0 
0 1.361e-05 0.000123367 0.000507542 0.00131173 0.00247573 0.00382596 0.00523022 0.00660729 0.00789097 0.00901734 0.00992843 0.0105789 0.0109407 0.0110055 0.010784 0.0103039 0.00960614 0.0087401 0.00775833 0.00671157 0.00564442 0.00459315 0.00358692 0.00265317 0.00182479 0.00114101 0.000634225 0.000308191 0.00013005 4.78107e-05 1.54555e-05 4.43814e-06 1.14035e-06 2.62699e-07 5.3957e-08 9.70901e-09 1.46888e-09 1.68844e-10 1.05427e-11 0 
0 4.15925e-05 0.000357966 0.00131173 0.0029522 0.00500774 0.00727845 0.00965605 0.0120292 0.0142696 0.0162494 0.0178566 0.0190061 0.0196459 0.01976 0.0193673 0.0185175 0.0172843 0.0157571 0.0140326 0.0122059 0.0103633 0.00857534 0.00689263 0.00534438 0.00394517 0.00271217 0.00168372 0.000912665 0.00042121 0.000164269 5.46431e-05 1.57715e-05 4.0116e-06 9.06962e-07 1.82035e-07 3.19539e-08 4.71527e-09 5.29046e-10 3.22826e-11 0 
0 9.75362e-05 0.00077036 0.00247573 0.00500774 0.00804714 0.0114518 0.0150717 0.0187102 0.0221547 0.0252018 0.0276767 0.029447 0.0304324 0.030608 0.0300028 0.0286934 0.0267937 0.0244422 0.0217886 0.018981 0.0161552 0.0134258 0.0108802 0.00857378 0.00652862 0.00473916 0.0031967 0.00192671 0.00099259 0.000423691 0.000149265 4.42105e-05 1.12821e-05 2.5248e-06 4.98071e-07 8.56585e-08 1.23715e-08 1.35883e-09 8.1239e-11 0 
0 0.000186551 0.00133151 0.00382596 0.00727845 0.0114518 0.0161888 0.0212493 0.0263432 0.0311677 0.0354367 0.0389044 0.0413854 0.0427667 0.0430128 0.0421641 0.0403288 0.0376668 0.0343721 0.0306548 0.026723 0.0227678 0.0189514 0.0153998 0.0121988 0.00939187 0.00697965 0.00492804 0.00320236 0.00182278 0.000861933 0.000328856 0.000102018 2.64984e-05 5.92522e-06 1.1562e-06 1.95733e-07 2.77729e-08 2.99571e-09 1.7597e-10 0 
0 0.00030456 0.00197056 0.00523022 0.00965605 0.0150717 0.0212493 0.0278566 0.0345096 0.0408119 0.0463902 0.0509358 0.0542333 0.0561216 0.0564657 0.0552913 0.0528201 0.0493102 0.0449993 0.0401429 0.0350076 0.0298426 0.0248605 0.0202271 0.0160574 0.0124149 0.00931327 0.00671786 0.00456013 0.00279113 0.00144832 0.000603447 0.000199021 5.32993e-05 1.20167e-05 2.33398e-06 3.90759e-07 5.46784e-08 5.81091e-09 3.3633e-10 0 
0 0.000440007 0.00261815 0.00660729 0.0120292 0.0187102 0.0263432 0.0345096 0.0427336 0.0505286 0.0574949 0.0635233 0.0684751 0.0715239 0.0720972 0.070198 0.0662893 0.0612865 0.0557402 0.0497021 0.0433519 0.0369681 0.0308112 0.0250869 0.019938 0.0154462 0.0116351 0.00847484 0.00588634 0.00377306 0.00210395 0.000951712 0.000335694 9.35226e-05 2.14169e-05 4.16327e-06 6.92285e-07 9.58722e-08 1.007e-08 5.75904e-10 0 
0 0.000578384 0.00322298 0.00789097 0.0142696 0.0221547 0.0311677 0.0408119 0.0505286 0.0598329 0.0688351 0.0773867 0.0831753 0.085939 0.0864341 0.0848653 0.0808873 0.0742082 0.0663649 0.0588155 0.0512616 0.0437197 0.0364495 0.0296909 0.0236133 0.018314 0.0138245 0.0101174 0.00711103 0.00468466 0.00274718 0.00132984 0.000500179 0.000145461 3.39926e-05 6.64074e-06 1.10063e-06 1.51329e-07 1.5755e-08 8.92668e-10 0 
0 0.000706028 0.00374913 0.00901734 0.0162494 0.0252018 0.0354367 0.0463902 0.0574949 0.0688351 0.0804029 0.0880322 0.0920044 0.0939006 0.0942676 0.0932196 0.0905601 0.0856096 0.0772011 0.0672954 0.0583063 0.0496983 0.0414407 0.0337664 0.0268662 0.0208513 0.0157589 0.0115623 0.00817796 0.00547369 0.00331795 0.00169029 0.000671655 0.000203498 4.85976e-05 9.56419e-06 1.58412e-06 2.16811e-07 2.24307e-08 1.26218e-09 0 
0 0.000812045 0.00417071 0.00992843 0.0178566 0.0276767 0.0389044 0.0509358 0.0635233 0.0773867 0.0880322 0.0936742 0.0968081 0.0983676 0.0986863 0.0978421 0.095721 0.0919356 0.0854946 0.0751361 0.0642377 0.0545721 0.045498 0.0370791 0.0295102 0.0229134 0.0173301 0.0127335 0.00903772 0.00610455 0.00377825 0.00199472 0.00082709 0.00025945 6.32126e-05 1.25404e-05 2.07912e-06 2.83844e-07 2.92455e-08 1.63792e-09 0 
0 0.000888863 0.00446965 0.0105789 0.0190061 0.029447 0.0413854 0.0542333 0.0684751 0.0831753 0.0920044 0.0968081 0.0995803 0.100989 0.101286 0.100536 0.0986551 0.0953651 0.0899724 0.0808813 0.0688627 0.058102 0.048405 0.0394519 0.0314042 0.0243906 0.0184556 0.0135718 0.0096513 0.00655237 0.00410586 0.00221775 0.000947027 0.000304833 7.54602e-05 1.50766e-05 2.50395e-06 3.41507e-07 3.51083e-08 1.96088e-09 0 
0 0.000932143 0.00463548 0.0109407 0.0196459 0.0304324 0.0427667 0.0561216 0.0715239 0.085939 0.0939006 0.0983676 0.100989 0.102333 0.102621 0.101912 0.100134 0.0970498 0.0920789 0.0837952 0.0716503 0.0601126 0.0500296 0.040777 0.0324624 0.0252163 0.0190851 0.0140409 0.00999458 0.00680275 0.00428988 0.00234579 0.0010186 0.000332995 8.32752e-05 1.67223e-05 2.78236e-06 3.79543e-07 3.89946e-08 2.1759e-09 0 
0 0.000940476 0.00466562 0.0110055 0.01976 0.030608 0.0430128 0.0564657 0.0720972 0.0864341 0.0942676 0.0986863 0.101286 0.102621 0.102909 0.102206 0.100444 0.0973894 0.0924806 0.0843242 0.0721812 0.060486 0.0503279 0.0410211 0.0326583 0.02537 0.0192032 0.0141299 0.0100609 0.00685261 0.0043286 0.0023749 0.00103626 0.000340456 8.54651e-05 1.72046e-05 2.86717e-06 3.91547e-07 4.02639e-08 2.24855e-09 0 
0 0.000915028 0.00456524 0.010784 0.0193673 0.0300028 0.0421641 0.0552913 0.070198 0.0848653 0.0932196 0.0978421 0.100536 0.101912 0.102206 0.101478 0.0996524 0.0964737 0.0913147 0.0826559 0.0704654 0.0592589 0.0493466 0.0402231 0.032023 0.0248762 0.0188288 0.013853 0.00986094 0.00671041 0.00422854 0.00230911 0.00100142 0.000327364 8.19865e-05 1.65044e-05 2.75433e-06 3.76936e-07 3.88576e-08 2.17582e-09 0 
0 0.000859174 0.0043463 0.0103039 0.0185175 0.0286934 0.0403288 0.0528201 0.0662893 0.0808873 0.0905601 0.095721 0.0986551 0.100134 0.100444 0.0996524 0.0976662 0.0941649 0.0883394 0.0785797 0.0668971 0.0566408 0.0472136 0.0384855 0.0306386 0.0237992 0.0180109 0.0132471 0.00942149 0.00639516 0.00400374 0.00215944 0.000921601 0.000297208 7.38938e-05 1.48504e-05 2.48265e-06 3.40961e-07 3.53052e-08 1.9866e-09 0 
0 0.000778107 0.00402606 0.00960614 0.0172843 0.0267937 0.0376668 0.0493102 0.0612865 0.0742082 0.0856096 0.0919356 0.0953651 0.0970498 0.0973894 0.0964737 0.0941649 0.089994 0.0827866 0.0722652 0.0621441 0.0528979 0.0441168 0.035961 0.0286274 0.0222344 0.0168228 0.0123665 0.00878196 0.00593482 0.00367531 0.00194365 0.000809613 0.000256021 6.30239e-05 1.26443e-05 2.1207e-06 2.92955e-07 3.05514e-08 1.7325e-09 0 
0 0.000678436 0.00362526 0.0087401 0.0157571 0.0244422 0.0343721 0.0449993 0.0557402 0.0663649 0.0772011 0.0854946 0.0899724 0.0920789 0.0924806 0.0913147 0.0883394 0.0827866 0.0742105 0.065139 0.0566234 0.048294 0.0402829 0.0328354 0.0261379 0.0202986 0.0153538 0.0112782 0.00799101 0.00536489 0.00327194 0.00168658 0.000682422 0.000211254 5.15429e-05 1.03501e-05 1.7474e-06 2.43686e-07 2.56898e-08 1.47344e-09 0 
0 0.000567735 0.00316641 0.00775833 0.0140326 0.0217886 0.0306548 0.0401429 0.0497021 0.0588155 0.0672954 0.0751361 0.0808813 0.0837952 0.0843242 0.0826559 0.0785797 0.0722652 0.065139 0.0579225 0.0505207 0.0431067 0.0359574 0.0293101 0.0233318 0.0181185 0.0137016 0.0100558 0.00710364 0.00472878 0.00283231 0.00142098 0.000559739 0.000170543 4.15058e-05 8.39288e-06 1.43408e-06 2.02848e-07 2.17038e-08 1.26315e-09 0 
0 0.000454008 0.00267268 0.00671157 0.0122059 0.018981 0.026723 0.0350076 0.0433519 0.0512616 0.0583063 0.0642377 0.0688627 0.0716503 0.0721812 0.0704654 0.0668971 0.0621441 0.0566234 0.0505207 0.0440888 0.0376215 0.031384 0.0255849 0.0203694 0.0158206 0.0119646 0.00877564 0.00618155 0.00408274 0.0024101 0.00118781 0.000462078 0.000140643 3.45496e-05 7.09249e-06 1.23277e-06 1.77358e-07 1.92794e-08 1.13815e-09 0 
0 0.000345028 0.00216752 0.00564442 0.0103633 0.0161552 0.0227678 0.0298426 0.0369681 0.0437197 0.0496983 0.0545721 0.058102 0.0601126 0.060486 0.0592589 0.0566408 0.0528979 0.048294 0.0431067 0.0376215 0.0321056 0.0267869 0.0218434 0.017399 0.0135245 0.0102412 0.00752337 0.00530651 0.00350905 0.00207812 0.00103301 0.000408073 0.000126685 3.17556e-05 6.63703e-06 1.17084e-06 1.70435e-07 1.86933e-08 1.11075e-09 0 
0 0.00024754 0.0016751 0.00459315 0.00857534 0.0134258 0.0189514 0.0248605 0.0308112 0.0364495 0.0414407 0.045498 0.048405 0.0500296 0.0503279 0.0493466 0.0472136 0.0441168 0.0402829 0.0359574 0.031384 0.0267869 0.0223567 0.0182431 0.0145535 0.0113568 0.00867809 0.00647921 0.00466781 0.00316062 0.0019291 0.000997928 0.000410866 0.000131605 3.3576e-05 7.06725e-06 1.2474e-06 1.81001e-07 1.97465e-08 1.16561e-09 0 
0 0.000166421 0.00122037 0.00358692 0.00689263 0.0108802 0.0153998 0.0202271 0.0250869 0.0296909 0.0337664 0.0370791 0.0394519 0.040777 0.0410211 0.0402231 0.0384855 0.035961 0.0328354 0.0293101 0.0255849 0.0218434 0.0182431 0.0149147 0.0119813 0.00958327 0.00780324 0.00645691 0.00512176 0.00361714 0.00220133 0.00114077 0.000479679 0.000155994 3.96979e-05 8.23821e-06 1.42719e-06 2.03073e-07 2.17367e-08 1.26024e-09 0 
0 0.000104024 0.000827373 0.00265317 0.00534438 0.00857378 0.0121988 0.0160574 0.019938 0.0236133 0.0268662 0.0295102 0.0314042 0.0324624 0.0326583 0.032023 0.0306386 0.0286274 0.0261379 0.0233318 0.0203694 0.017399 0.0145535 0.0119813 0.00996912 0.00907655 0.00971176 0.0109263 0.0105085 0.00766569 0.00416577 0.00179595 0.000662045 0.000202065 4.91187e-05 9.78073e-06 1.63569e-06 2.25832e-07 2.35434e-08 1.33349e-09 0 
0 5.99931e-05 0.000514804 0.00182479 0.00394517 0.00652862 0.00939187 0.0124149 0.0154462 0.018314 0.0208513 0.0229134 0.0243906 0.0252163 0.02537 0.0248762 0.0237992 0.0222344 0.0202986 0.0181185 0.0158206 0.0135245 0.0113568 0.00958327 0.00907655 0.0118461 0.0194383 0.0304427 0.0363356 0.0223694 0.0113061 0.00405446 0.00114505 0.000284385 6.08818e-05 1.11595e-05 1.77114e-06 2.36051e-07 2.39427e-08 1.32514e-09 0 
0 3.17083e-05 0.00029018 0.00114101 0.00271217 0.00473916 0.00697965 0.00931327 0.0116351 0.0138245 0.0157589 0.0173301 0.0184556 0.0190851 0.0192032 0.0188288 0.0180109 0.0168228 0.0153538 0.0137016 0.0119646 0.0102412 0.00867809 0.00780324 0.00971176 0.0194383 0.0439134 0.0768367 0.080124 0.0639005 0.0263339 0.00885282 0.00212805 0.000418353 7.35819e-05 1.18108e-05 1.7425e-06 2.23604e-07 2.21386e-08 1.20236e-09 0 
0 1.52784e-05 0.000146699 0.000634225 0.00168372 0.0031967 0.00492804 0.00671786 0.00847484 0.0101174 0.0115623 0.0127335 0.0135718 0.0140409 0.0141299 0.013853 0.0132471 0.0123665 0.0112782 0.0100558 0.00877564 0.00752337 0.00647921 0.00645691 0.0109263 0.0304427 0.0768367 0.0869318 0.0881926 0.0829725 0.054132 0.0142609 0.00323294 0.000552908 8.12628e-05 1.12004e-05 1.51509e-06 1.87363e-07 1.82245e-08 9.77967e-10 0 
0 6.68929e-06 6.6149e-05 0.000308191 0.000912665 0.00192671 0.00320236 0.00456013 0.00588634 0.00711103 0.00817796 0.00903772 0.0096513 0.00999458 0.0100609 0.00986094 0.00942149 0.00878196 0.00799101 0.00710364 0.00618155 0.00530651 0.00466781 0.00512176 0.0105085 0.0363356 0.080124 0.0881926 0.0892781 0.0851395 0.0641014 0.0157702 0.00349821 0.000563807 7.41403e-05 9.05209e-06 1.13517e-06 1.36565e-07 1.31765e-08 7.04711e-10 0 
0 2.65747e-06 2.6584e-05 0.00013005 0.00042121 0.00099259 0.00182278 0.00279113 0.00377306 0.00468466 0.00547369 0.00610455 0.00655237 0.00680275 0.00685261 0.00671041 0.00639516 0.00593482 0.00536489 0.00472878 0.00408274 0.00350905 0.00316062 0.00361714 0.00766569 0.0223694 0.0639005 0.0829725 0.0851395 0.0788817 0.039168 0.011643 0.00258513 0.000410368 5.14637e-05 5.91667e-06 7.16145e-07 8.56162e-08 8.29939e-09 4.46672e-10 0 
0 9.57957e-07 9.54835e-06 4.78107e-05 0.000164269 0.000423691 0.000861933 0.00144832 0.00210395 0.00274718 0.00331795 0.00377825 0.00410586 0.00428988 0.0043286 0.00422854 0.00400374 0.00367531 0.00327194 0.00283231 0.0024101 0.00207812 0.0019291 0.00220133 0.00416577 0.0113061 0.0263339 0.054132 0.0641014 0.039168 0.0174936 0.00577115 0.00129433 0.000207931 2.61446e-05 3.03582e-06 3.75648e-07 4.593e-08 4.53682e-09 2.48102e-10 0 
0 3.13532e-07 3.07852e-06 1.54555e-05 5.46431e-05 0.000149265 0.000328856 0.000603447 0.000951712 0.00132984 0.00169029 0.00199472 0.00221775 0.00234579 0.0023749 0.00230911 0.00215944 0.00194365 0.00168658 0.00142098 0.00118781 0.00103301 0.000997928 0.00114077 0.00179595 0.00405446 0.00885282 0.0142609 0.0157702 0.011643 0.00577115 0.00192559 0.000442964 7.36346e-05 9.75238e-06 1.23015e-06 1.64556e-07 2.11131e-08 2.15155e-09 1.206e-10 0 
0 9.31937e-08 8.94479e-07 4.43814e-06 1.57715e-05 4.42105e-05 0.000102018 0.000199021 0.000335694 0.000500179 0.000671655 0.00082709 0.000947027 0.0010186 0.00103626 0.00100142 0.000921601 0.000809613 0.000682422 0.000559739 0.000462078 0.000408073 0.000410866 0.000479679 0.000662045 0.00114505 0.00212805 0.00323294 0.00349821 0.00258513 0.00129433 0.000442964 0.000106161 1.88258e-05 2.7968e-06 4.09453e-07 6.12676e-08 8.3624e-09 8.86602e-10 5.12962e-11 0 
0 2.51255e-08 2.34629e-07 1.14035e-06 4.0116e-06 1.12821e-05 2.64984e-05 5.32993e-05 9.35226e-05 0.000145461 0.000203498 0.00025945 0.000304833 0.000332995 0.000340456 0.000327364 0.000297208 0.000256021 0.000211254 0.000170543 0.000140643 0.000126685 0.000131605 0.000155994 0.000202065 0.000284385 0.000418353 0.000552908 0.000563807 0.000410368 0.000207931 7.36346e-05 1.88258e-05 3.76605e-06 6.72121e-07 1.1784e-07 1.97405e-08 2.86964e-09 3.17963e-10 1.90864e-11 0 
0 6.11797e-09 5.54491e-08 2.62699e-07 9.06962e-07 2.5248e-06 5.92522e-06 1.20167e-05 2.14169e-05 3.39926e-05 4.85976e-05 6.32126e-05 7.54602e-05 8.32752e-05 8.54651e-05 8.19865e-05 7.38938e-05 6.30239e-05 5.15429e-05 4.15058e-05 3.45496e-05 3.17556e-05 3.3576e-05 3.96979e-05 4.91187e-05 6.08818e-05 7.35819e-05 8.12628e-05 7.41403e-05 5.14637e-05 2.61446e-05 9.75238e-06 2.7968e-06 6.72121e-07 1.47509e-07 3.02212e-08 5.54686e-09 8.54772e-10 9.91812e-11 6.1979e-12 0 
0 1.33231e-09 1.17093e-08 5.3957e-08 1.82035e-07 4.98071e-07 1.1562e-06 2.33398e-06 4.16327e-06 6.64074e-06 9.56419e-06 1.25404e-05 1.50766e-05 1.67223e-05 1.72046e-05 1.65044e-05 1.48504e-05 1.26443e-05 1.03501e-05 8.39288e-06 7.09249e-06 6.63703e-06 7.06725e-06 8.23821e-06 9.78073e-06 1.11595e-05 1.18108e-05 1.12004e-05 9.05209e-06 5.91667e-06 3.03582e-06 1.23015e-06 4.09453e-07 1.1784e-07 3.02212e-08 6.87742e-09 1.3531e-09 2.2003e-10 2.67537e-11 1.74379e-12 0 
0 2.54265e-10 2.16739e-09 9.70901e-09 3.19539e-08 8.56585e-08 1.95733e-07 3.90759e-07 6.92285e-07 1.10063e-06 1.58412e-06 2.07912e-06 2.50395e-06 2.78236e-06 2.86717e-06 2.75433e-06 2.48265e-06 2.1207e-06 1.7474e-06 1.43408e-06 1.23277e-06 1.17084e-06 1.2474e-06 1.42719e-06 1.63569e-06 1.77114e-06 1.7425e-06 1.51509e-06 1.13517e-06 7.16145e-07 3.75648e-07 1.64556e-07 6.12676e-08 1.97405e-08 5.54686e-09 1.3531e-09 2.81802e-10 4.82048e-11 6.1403e-12 4.17716e-13 0 
0 4.07426e-11 3.37135e-10 1.46888e-09 4.71527e-09 1.23715e-08 2.77729e-08 5.46784e-08 9.58722e-08 1.51329e-07 2.16811e-07 2.83844e-07 3.41507e-07 3.79543e-07 3.91547e-07 3.76936e-07 3.40961e-07 2.92955e-07 2.43686e-07 2.02848e-07 1.77358e-07 1.70435e-07 1.81001e-07 2.03073e-07 2.25832e-07 2.36051e-07 2.23604e-07 1.87363e-07 1.36565e-07 8.56162e-08 4.593e-08 2.11131e-08 8.3624e-09 2.86964e-09 8.54772e-10 2.2003e-10 4.82048e-11 8.65204e-12 1.15325e-12 8.18569e-14 0 
0 4.94821e-12 3.97994e-11 1.68844e-10 5.29046e-10 1.35883e-09 2.99571e-09 5.81091e-09 1.007e-08 1.5755e-08 2.24307e-08 2.92455e-08 3.51083e-08 3.89946e-08 4.02639e-08 3.88576e-08 3.53052e-08 3.05514e-08 2.56898e-08 2.17038e-08 1.92794e-08 1.86933e-08 1.97465e-08 2.17367e-08 2.35434e-08 2.39427e-08 2.21386e-08 1.82245e-08 1.31765e-08 8.29939e-09 4.53682e-09 2.15155e-09 8.86602e-10 3.17963e-10 9.91812e-11 2.67537e-11 6.1403e-12 1.15325e-12 1.6057e-13 1.18788e-14 0 
0 3.25469e-13 2.54851e-12 1.05427e-11 3.22826e-11 8.1239e-11 1.7597e-10 3.3633e-10 5.75904e-10 8.92668e-10 1.26218e-09 1.63792e-09 1.96088e-09 2.1759e-09 2.24855e-09 2.17582e-09 1.9866e-09 1.7325e-09 1.47344e-09 1.26315e-09 1.13815e-09 1.11075e-09 1.16561e-09 1.26024e-09 1.33349e-09 1.32514e-09 1.20236e-09 9.77967e-10 7.04711e-10 4.46672e-10 2.48102e-10 1.206e-10 5.12962e-11 1.90864e-11 6.1979e-12 1.74379e-12 4.17716e-13 8.18569e-14 1.18788e-14 9.1451e-16 0 
0 0 0 0 0 0 0 0 0 0 0 0 0 0 0 0 0 0 0 0 0 0 0 0 0 0 0 0 0 0 0 0 0 0 0 0 0 0 0 0 0 
