0 0 0 0 0 0 0 0 0 0 0 0 0 0 0 0 0 0 0 0 0 0 0 0 0 0 0 0 0 0 0 0 0 0 0 0 0 0 0 0 0 
0 6.34394e-08 5.82319e-07 2.72229e-06 9.00442e-06 2.33308e-05 4.97704e-05 9.042e-05 0.00014379 0.000204847 0.000266462 0.000321242 0.000362968 0.000387415 0.000392655 0.000379002 0.000348745 0.000305725 0.000254798 0.000201199 0.000149853 0.000104715 6.82595e-05 4.1271e-05 2.30266e-05 1.18074e-05 5.5496e-06 2.38796e-06 9.40719e-07 3.39563e-07 1.1243e-07 3.41731e-08 9.53293e-09 2.43555e-09 5.66889e-10 1.18905e-10 2.20002e-11 3.43659e-12 4.0875e-13 2.64294e-14 0 
0 5.82319e-07 5.55125e-06 2.65452e-05 8.77457e-05 0.000221283 0.000449141 0.000765868 0.00113946 0.00152641 0.00188571 0.00218528 0.00240316 0.00252672 0.00255169 0.00248106 0.00232411 0.00209532 0.00181326 0.00149955 0.00117766 0.000871223 0.0006014 0.000383488 0.000223771 0.000118603 5.68497e-05 2.46167e-05 9.64541e-06 3.43103e-06 1.11209e-06 3.29447e-07 8.93403e-08 2.21614e-08 5.00673e-09 1.01974e-09 1.83368e-10 2.78705e-11 3.22987e-12 2.03776e-13 0 
0 2.72229e-06 2.65452e-05 0.000126269 0.000399604 0.000931339 0.00171508 0.0026582 0.00364899 0.00459696 0.00543559 0.00611586 0.00660298 0.00687621 0.00692917 0.00676935 0.00641646 0.00589978 0.00525505 0.00452141 0.00373935 0.00295 0.00219578 0.00152017 0.000962939 0.000549314 0.000278891 0.000125379 4.99994e-05 1.7802e-05 5.70505e-06 1.65757e-06 4.38736e-07 1.05956e-07 2.32824e-08 4.61225e-09 8.07211e-10 1.19541e-10 1.35155e-11 8.33092e-13 0 
0 9.00442e-06 8.77457e-05 0.000399604 0.0011556 0.00240448 0.00399044 0.00572407 0.00746615 0.00910979 0.0105618 0.011742 0.0125886 0.0130633 0.0131537 0.0128727 0.0122557 0.0113555 0.0102366 0.00896776 0.00761673 0.00624485 0.00490555 0.00364733 0.0025208 0.00158225 0.000880344 0.000426416 0.000178741 6.52381e-05 2.10036e-05 6.0463e-06 1.57233e-06 3.71352e-07 7.96272e-08 1.53829e-08 2.62612e-09 3.79668e-10 4.19545e-11 2.53085e-12 0 
0 2.33308e-05 0.000221283 0.000931339 0.00240448 0.00450727 0.00696971 0.00959867 0.0122412 0.014746 0.016967 0.018776 0.0200751 0.0208035 0.0209412 0.0205081 0.0195592 0.0181769 0.0164622 0.0145236 0.0124683 0.0103932 0.0083782 0.00648392 0.00475521 0.00323521 0.00198166 0.00105754 0.000480243 0.000184741 6.09901e-05 1.76321e-05 4.54411e-06 1.05569e-06 2.21834e-07 4.19314e-08 7.00216e-09 9.90696e-10 1.07232e-10 6.34324e-12 0 
0 4.97704e-05 0.000449141 0.00171508 0.00399044 0.00696971 0.0103839 0.0140377 0.0177259 0.0212306 0.024342 0.0268781 0.0286998 0.0297211 0.0299139 0.0293058 0.0279743 0.026036 0.0236329 0.020919 0.0180467 0.0151545 0.0123587 0.00974677 0.00737519 0.00527588 0.00347746 0.00203415 0.00101426 0.000420557 0.00014539 4.28585e-05 1.10565e-05 2.5436e-06 5.26304e-07 9.77051e-08 1.601e-08 2.22286e-09 2.36252e-10 1.37352e-11 0 
0 9.042e-05 0.000765868 0.0026582 0.00572407 0.00959867 0.0140377 0.0188048 0.0236253 0.0282097 0.0322813 0.0356009 0.0379858 0.0393232 0.0395758 0.03878 0.0370373 0.0345004 0.0313561 0.0278067 0.0240523 0.0202763 0.016633 0.0132408 0.0101774 0.0074813 0.00516243 0.00323577 0.00175844 0.000792806 0.000291541 8.88788e-05 2.31838e-05 5.31786e-06 1.08886e-06 1.99305e-07 3.21521e-08 4.39343e-09 4.59705e-10 2.63294e-11 0 
0 0.00014379 0.00113946 0.00364899 0.00746615 0.0122412 0.0177259 0.0236253 0.0295945 0.035273 0.0403175 0.0444309 0.0473869 0.0490453 0.0493594 0.0483743 0.0462158 0.0430735 0.0391791 0.0347836 0.0301356 0.025463 0.0209586 0.016771 0.0130004 0.0096979 0.00687136 0.00450686 0.00261887 0.00127646 0.000502385 0.000159977 4.25553e-05 9.79332e-06 1.9936e-06 3.61155e-07 5.75465e-08 7.76171e-09 8.0168e-10 4.53449e-11 0 
0 0.000204847 0.00152641 0.00459696 0.00910979 0.014746 0.0212306 0.0282097 0.035273 0.0419935 0.0479645 0.052835 0.0563377 0.0583057 0.0586805 0.057514 0.0549579 0.0512387 0.0466304 0.0414295 0.0359306 0.0304039 0.0250783 0.020131 0.0156827 0.0117977 0.00848776 0.00572563 0.00348705 0.00181124 0.000760312 0.000253867 6.92483e-05 1.60658e-05 3.26442e-06 5.87287e-07 9.27144e-08 1.23783e-08 1.26536e-09 7.0855e-11 0 
0 0.000266462 0.00188571 0.00543559 0.0105618 0.016967 0.024342 0.0322813 0.0403175 0.0479645 0.0547605 0.0603087 0.0643051 0.0665547 0.0669859 0.0656567 0.0627423 0.0585057 0.053261 0.047344 0.0410885 0.0348019 0.0287454 0.0231213 0.0180683 0.0136618 0.00991867 0.00680669 0.00427626 0.0023288 0.00103232 0.0003606 0.000101039 2.36992e-05 4.82066e-06 8.63753e-07 1.35477e-07 1.79522e-08 1.82092e-09 1.01186e-10 0 
0 0.000321242 0.00218528 0.00611586 0.011742 0.018776 0.0268781 0.0356009 0.0444309 0.052835 0.0603087 0.0664155 0.0708104 0.0732763 0.0737512 0.0723034 0.0691093 0.0644513 0.0586834 0.0521802 0.0453068 0.0383997 0.0317459 0.0255683 0.0200202 0.015186 0.0110866 0.00768831 0.0049268 0.00277253 0.00128145 0.000465039 0.000133588 3.16992e-05 6.46645e-06 1.15656e-06 1.8067e-07 2.3821e-08 2.40337e-09 1.32851e-10 0 
0 0.000362968 0.00240316 0.00660298 0.0125886 0.0200751 0.0286998 0.0379858 0.0473869 0.0563377 0.0643051 0.0708104 0.0754605 0.078043 0.0785417 0.07704 0.073686 0.0687448 0.0626009 0.0556732 0.0483544 0.0410004 0.033916 0.0273391 0.0214335 0.01629 0.0119326 0.00832676 0.00540062 0.00310379 0.00147654 0.00055132 0.000161578 3.87384e-05 7.93074e-06 1.41831e-06 2.21141e-07 2.90794e-08 2.92541e-09 1.61248e-10 0 
0 0.000387415 0.00252672 0.00687621 0.0130633 0.0208035 0.0297211 0.0393232 0.0490453 0.0583057 0.0665547 0.0732763 0.078043 0.0806653 0.0811739 0.0796635 0.0762526 0.0711746 0.0648246 0.057657 0.0500872 0.0424815 0.0351542 0.0283515 0.0222434 0.0169244 0.0124201 0.00869624 0.00567707 0.00330106 0.0015971 0.000606993 0.00018029 4.35574e-05 8.94872e-06 1.60231e-06 2.4986e-07 3.28456e-08 3.30302e-09 1.82018e-10 0 
0 0.000392655 0.00255169 0.00692917 0.0131537 0.0209412 0.0299139 0.0395758 0.0493594 0.0586805 0.0669859 0.0737512 0.0785417 0.0811739 0.0816885 0.0801828 0.0767687 0.0716711 0.0652852 0.0580732 0.0504559 0.0428015 0.0354262 0.0285782 0.0224287 0.0170733 0.0125384 0.00878973 0.005751 0.0033576 0.00163443 0.000625563 0.000186948 4.53691e-05 9.35082e-06 1.67852e-06 2.6234e-07 3.45656e-08 3.48473e-09 1.92578e-10 0 
0 0.000379002 0.00248106 0.00676935 0.0128727 0.0205081 0.0293058 0.03878 0.0483743 0.057514 0.0656567 0.0723034 0.07704 0.0796635 0.0801828 0.0786881 0.0753104 0.0702966 0.0640372 0.0569712 0.0495041 0.041998 0.034764 0.0280456 0.0220112 0.0167547 0.0123019 0.00861902 0.00563172 0.00327958 0.00159104 0.000607344 0.000181421 4.4107e-05 9.12145e-06 1.64453e-06 2.58338e-07 3.42328e-08 3.47296e-09 1.93256e-10 0 
0 0.000348745 0.00232411 0.00641646 0.0122557 0.0195592 0.0279743 0.0370373 0.0462158 0.0549579 0.0627423 0.0691093 0.073686 0.0762526 0.0767687 0.0753104 0.0720387 0.067227 0.0612469 0.0544969 0.0473581 0.0401788 0.0332579 0.0268285 0.0210515 0.0160167 0.0117483 0.00821337 0.00534205 0.00308487 0.00147957 0.000559043 0.000166174 4.04388e-05 8.40606e-06 1.52736e-06 2.42211e-07 3.24408e-08 3.32989e-09 1.87635e-10 0 
0 0.000305725 0.00209532 0.00589978 0.0113555 0.0181769 0.026036 0.0345004 0.0430735 0.0512387 0.0585057 0.0644513 0.0687448 0.0711746 0.0716711 0.0702966 0.067227 0.0627371 0.057165 0.0508709 0.0442092 0.0375075 0.0310451 0.0250395 0.0196407 0.0149319 0.0109348 0.00761743 0.00491752 0.00280262 0.00132168 0.000492499 0.000145644 3.55799e-05 7.47197e-06 1.37694e-06 2.22e-07 3.02777e-08 3.16792e-09 1.82061e-10 0 
0 0.000254798 0.00181326 0.00525505 0.0102366 0.0164622 0.0236329 0.0313561 0.0391791 0.0466304 0.053261 0.0586834 0.0626009 0.0648246 0.0652852 0.0640372 0.0612469 0.057165 0.0520945 0.0463619 0.0402921 0.0341845 0.0282937 0.0228173 0.0178915 0.013591 0.00993356 0.00688907 0.00440626 0.00247341 0.00114672 0.000422937 0.000125327 3.10237e-05 6.65015e-06 1.25595e-06 2.07927e-07 2.91363e-08 3.1309e-09 1.84588e-10 0 
0 0.000201199 0.00149955 0.00452141 0.00896776 0.0145236 0.020919 0.0278067 0.0347836 0.0414295 0.047344 0.0521802 0.0556732 0.057657 0.0580732 0.0569712 0.0544969 0.0508709 0.0463619 0.0412621 0.0358619 0.030428 0.0251866 0.0203133 0.0159278 0.0120946 0.00882717 0.00609808 0.00387001 0.00214961 0.00099 0.000367186 0.000111018 2.83313e-05 6.29091e-06 1.2317e-06 2.11053e-07 3.05183e-08 3.37149e-09 2.03528e-10 0 
0 0.000149853 0.00117766 0.00373935 0.00761673 0.0124683 0.0180467 0.0240523 0.0301356 0.0359306 0.0410885 0.0453068 0.0483544 0.0500872 0.0504559 0.0495041 0.0473581 0.0442092 0.0402921 0.0358619 0.0311718 0.0264543 0.0219058 0.0176782 0.013874 0.0105466 0.00770507 0.00532637 0.00338554 0.00189444 0.000890549 0.000342552 0.000108544 2.90844e-05 6.75164e-06 1.37227e-06 2.42245e-07 3.58295e-08 4.02323e-09 2.45538e-10 0 
0 0.000104715 0.000871223 0.00295 0.00624485 0.0103932 0.0151545 0.0202763 0.025463 0.0304039 0.0348019 0.0383997 0.0410004 0.0424815 0.0428015 0.041998 0.0401788 0.0375075 0.0341845 0.030428 0.0264543 0.0224617 0.0186179 0.0150511 0.0118468 0.00904883 0.00666347 0.00467072 0.00304404 0.00177715 0.000888075 0.000366643 0.000124058 3.49704e-05 8.39952e-06 1.74202e-06 3.10564e-07 4.60509e-08 5.15778e-09 3.1288e-10 0 
0 6.82595e-05 0.0006014 0.00219578 0.00490555 0.0083782 0.0123587 0.016633 0.0209586 0.0250783 0.0287454 0.0317459 0.033916 0.0351542 0.0354262 0.034764 0.0332579 0.0310451 0.0282937 0.0251866 0.0219058 0.0186179 0.0154634 0.0125499 0.00995103 0.00770869 0.0058303 0.0042761 0.00297375 0.00188129 0.00102658 0.00045964 0.000164791 4.78329e-05 1.15697e-05 2.38423e-06 4.19344e-07 6.11281e-08 6.72024e-09 3.99991e-10 0 
0 4.1271e-05 0.000383488 0.00152017 0.00364733 0.00648392 0.00974677 0.0132408 0.016771 0.020131 0.0231213 0.0255683 0.0273391 0.0283515 0.0285782 0.0280456 0.0268285 0.0250395 0.0228173 0.0203133 0.0176782 0.0150511 0.0125499 0.0102705 0.00829795 0.00671881 0.00556298 0.00466541 0.00370547 0.00256318 0.00146723 0.000675867 0.000244817 7.00919e-05 1.64639e-05 3.28238e-06 5.59239e-07 7.91288e-08 8.46138e-09 4.90905e-10 0 
0 2.30266e-05 0.000223771 0.000962939 0.0025208 0.00475521 0.00737519 0.0101774 0.0130004 0.0156827 0.0180683 0.0200202 0.0214335 0.0222434 0.0224287 0.0220112 0.0210515 0.0196407 0.0178915 0.0159278 0.013874 0.0118468 0.00995103 0.00829795 0.00708237 0.00667087 0.0073306 0.00835004 0.00805903 0.00586627 0.0031454 0.00128636 0.00041682 0.000108124 2.32357e-05 4.3253e-06 7.02054e-07 9.57474e-08 9.92754e-09 5.60636e-10 0 
0 1.18074e-05 0.000118603 0.000549314 0.00158225 0.00323521 0.00527588 0.0074813 0.0096979 0.0117977 0.0136618 0.015186 0.01629 0.0169244 0.0170733 0.0167547 0.0160167 0.0149319 0.013591 0.0120946 0.0105466 0.00904883 0.00770869 0.00671881 0.00667087 0.00901888 0.0149811 0.0218891 0.0233939 0.0172664 0.00872869 0.00310139 0.000829337 0.000178186 3.23692e-05 5.32529e-06 8.04249e-07 1.05176e-07 1.05839e-08 5.83172e-10 0 
0 5.5496e-06 5.68497e-05 0.000278891 0.000880344 0.00198166 0.00347746 0.00516243 0.00687136 0.00848776 0.00991867 0.0110866 0.0119326 0.0124201 0.0125384 0.0123019 0.0117483 0.0109348 0.00993356 0.00882717 0.00770507 0.00666347 0.0058303 0.00556298 0.0073306 0.0149811 0.0315934 0.0514544 0.0583608 0.041034 0.0203504 0.0068394 0.00161917 0.00029212 4.35942e-05 6.03668e-06 8.23691e-07 1.02734e-07 1.00701e-08 5.4417e-10 0 
0 2.38796e-06 2.46167e-05 0.000125379 0.000426416 0.00105754 0.00203415 0.00323577 0.00450686 0.00572563 0.00680669 0.00768831 0.00832676 0.00869624 0.00878973 0.00861902 0.00821337 0.00761743 0.00688907 0.00609808 0.00532637 0.00467072 0.0042761 0.00466541 0.00835004 0.0218891 0.0514544 0.0818765 0.0868959 0.0695091 0.0334576 0.0110331 0.00248792 0.000405864 5.21101e-05 6.0884e-06 7.3965e-07 8.78372e-08 8.43923e-09 4.50521e-10 0 
0 9.40719e-07 9.64541e-06 4.99994e-05 0.000178741 0.000480243 0.00101426 0.00175844 0.00261887 0.00348705 0.00427626 0.0049268 0.00540062 0.00567707 0.005751 0.00563172 0.00534205 0.00491752 0.00440626 0.00387001 0.00338554 0.00304404 0.00297375 0.00370547 0.00805903 0.0233939 0.0583608 0.0868959 0.0904793 0.0776838 0.037553 0.0121655 0.00269823 0.000420783 4.95702e-05 5.13993e-06 5.67611e-07 6.4882e-08 6.17168e-09 3.28393e-10 0 
0 3.39563e-07 3.43103e-06 1.7802e-05 6.52381e-05 0.000184741 0.000420557 0.000792806 0.00127646 0.00181124 0.0023288 0.00277253 0.00310379 0.00330106 0.0033576 0.00327958 0.00308487 0.00280262 0.00247341 0.00214961 0.00189444 0.00177715 0.00188129 0.00256318 0.00586627 0.0172664 0.041034 0.0695091 0.0776838 0.0561498 0.0274148 0.0090098 0.00199254 0.000306227 3.4789e-05 3.42031e-06 3.62325e-07 4.09859e-08 3.91546e-09 2.09735e-10 0 
0 1.1243e-07 1.11209e-06 5.70505e-06 2.10036e-05 6.09901e-05 0.00014539 0.000291541 0.000502385 0.000760312 0.00103232 0.00128145 0.00147654 0.0015971 0.00163443 0.00159104 0.00147957 0.00132168 0.00114672 0.00099 0.000890549 0.000888075 0.00102658 0.00146723 0.0031454 0.00872869 0.0203504 0.0334576 0.037553 0.0274148 0.0135405 0.00446296 0.000992864 0.000153111 1.74297e-05 1.73885e-06 1.8961e-07 2.20431e-08 2.14975e-09 1.17089e-10 0 
0 3.41731e-08 3.29447e-07 1.65757e-06 6.0463e-06 1.76321e-05 4.28585e-05 8.88788e-05 0.000159977 0.000253867 0.0003606 0.000465039 0.00055132 0.000606993 0.000625563 0.000607344 0.000559043 0.000492499 0.000422937 0.000367186 0.000342552 0.000366643 0.00045964 0.000675867 0.00128636 0.00310139 0.0068394 0.0110331 0.0121655 0.0090098 0.00446296 0.00148314 0.000334567 5.26073e-05 6.25359e-06 6.81205e-07 8.1955e-08 1.01236e-08 1.02209e-09 5.71099e-11 0 
0 9.53293e-09 8.93403e-08 4.38736e-07 1.57233e-06 4.54411e-06 1.10565e-05 2.31838e-05 4.25553e-05 6.92483e-05 0.000101039 0.000133588 0.000161578 0.00018029 0.000186948 0.000181421 0.000166174 0.000145644 0.000125327 0.000111018 0.000108544 0.000124058 0.000164791 0.000244817 0.00041682 0.000829337 0.00161917 0.00248792 0.00269823 0.00199254 0.000992864 0.000334567 7.72207e-05 1.27229e-05 1.67766e-06 2.15776e-07 2.99958e-08 4.00137e-09 4.21799e-10 2.43472e-11 0 
0 2.43555e-09 2.21614e-08 1.05956e-07 3.71352e-07 1.05569e-06 2.5436e-06 5.31786e-06 9.79332e-06 1.60658e-05 2.36992e-05 3.16992e-05 3.87384e-05 4.35574e-05 4.53691e-05 4.4107e-05 4.04388e-05 3.55799e-05 3.10237e-05 2.83313e-05 2.90844e-05 3.49704e-05 4.78329e-05 7.00919e-05 0.000108124 0.000178186 0.00029212 0.000405864 0.000420783 0.000306227 0.000153111 5.26073e-05 1.27229e-05 2.32392e-06 3.69447e-07 5.91849e-08 9.53453e-09 1.37082e-09 1.51408e-10 9.07319e-12 0 
0 5.66889e-10 5.00673e-09 2.32824e-08 7.96272e-08 2.21834e-07 5.26304e-07 1.08886e-06 1.9936e-06 3.26442e-06 4.82066e-06 6.46645e-06 7.93074e-06 8.94872e-06 9.35082e-06 9.12145e-06 8.40606e-06 7.47197e-06 6.65015e-06 6.29091e-06 6.75164e-06 8.39952e-06 1.15697e-05 1.64639e-05 2.32357e-05 3.23692e-05 4.35942e-05 5.21101e-05 4.95702e-05 3.4789e-05 1.74297e-05 6.25359e-06 1.67766e-06 3.69447e-07 7.49818e-08 1.47124e-08 2.65921e-09 4.07973e-10 4.72555e-11 2.94933e-12 0 
0 1.18905e-10 1.01974e-09 4.61225e-09 1.53829e-08 4.19314e-08 9.77051e-08 1.99305e-07 3.61155e-07 5.87287e-07 8.63753e-07 1.15656e-06 1.41831e-06 1.60231e-06 1.67852e-06 1.64453e-06 1.52736e-06 1.37694e-06 1.25595e-06 1.2317e-06 1.37227e-06 1.74202e-06 2.38423e-06 3.28238e-06 4.3253e-06 5.32529e-06 6.03668e-06 6.0884e-06 5.13993e-06 3.42031e-06 1.73885e-06 6.81205e-07 2.15776e-07 5.91849e-08 1.47124e-08 3.30225e-09 6.46676e-10 1.04978e-10 1.27511e-11 8.30327e-13 0 
0 2.20002e-11 1.83368e-10 8.07211e-10 2.62612e-09 7.00216e-09 1.601e-08 3.21521e-08 5.75465e-08 9.27144e-08 1.35477e-07 1.8067e-07 2.21141e-07 2.4986e-07 2.6234e-07 2.58338e-07 2.42211e-07 2.22e-07 2.07927e-07 2.11053e-07 2.42245e-07 3.10564e-07 4.19344e-07 5.59239e-07 7.02054e-07 8.04249e-07 8.23691e-07 7.3965e-07 5.67611e-07 3.62325e-07 1.8961e-07 8.1955e-08 2.99958e-08 9.53453e-09 2.65921e-09 6.46676e-10 1.34512e-10 2.29927e-11 2.92685e-12 1.98972e-13 0 
0 3.43659e-12 2.78705e-11 1.19541e-10 3.79668e-10 9.90696e-10 2.22286e-09 4.39343e-09 7.76171e-09 1.23783e-08 1.79522e-08 2.3821e-08 2.90794e-08 3.28456e-08 3.45656e-08 3.42328e-08 3.24408e-08 3.02777e-08 2.91363e-08 3.05183e-08 3.58295e-08 4.60509e-08 6.11281e-08 7.91288e-08 9.57474e-08 1.05176e-07 1.02734e-07 8.78372e-08 6.4882e-08 4.09859e-08 2.20431e-08 1.01236e-08 4.00137e-09 1.37082e-09 4.07973e-10 1.04978e-10 2.29927e-11 4.12552e-12 5.49677e-13 3.89965e-14 0 
0 4.0875e-13 3.22987e-12 1.35155e-11 4.19545e-11 1.07232e-10 2.36252e-10 4.59705e-10 8.0168e-10 1.26536e-09 1.82092e-09 2.40337e-09 2.92541e-09 3.30302e-09 3.48473e-09 3.47296e-09 3.32989e-09 3.16792e-09 3.1309e-09 3.37149e-09 4.02323e-09 5.15778e-09 6.72024e-09 8.46138e-09 9.92754e-09 1.05839e-08 1.00701e-08 8.43923e-09 6.17168e-09 3.91546e-09 2.14975e-09 1.02209e-09 4.21799e-10 1.51408e-10 4.72555e-11 1.27511e-11 2.92685e-12 5.49677e-13 7.65174e-14 5.65893e-15 0 
0 2.64294e-14 2.03776e-13 8.33092e-13 2.53085e-12 6.34324e-12 1.37352e-11 2.63294e-11 4.53449e-11 7.0855e-11 1.01186e-10 1.32851e-10 1.61248e-10 1.82018e-10 1.92578e-10 1.93256e-10 1.87635e-10 1.82061e-10 1.84588e-10 2.03528e-10 2.45538e-10 3.1288e-10 3.99991e-10 4.90905e-10 5.60636e-10 5.83172e-10 5.4417e-10 4.50521e-10 3.28393e-10 2.09735e-10 1.17089e-10 5.71099e-11 2.43472e-11 9.07319e-12 2.94933e-12 8.30327e-13 1.98972e-13 3.89965e-14 5.65893e-15 4.35595e-16 0 
0 0 0 0 0 0 0 0 0 0 0 0 0 0 0 0 0 0 0 0 0 0 0 0 0 0 0 0 0 0 0 0 0 0 0 0 0 0 0 0 0 
