0 0 0 0 0 0 0 0 0 0 0 0 0 0 0 0 0 0 0 0 0 0 0 0 0 0 0 0 0 0 0 0 0 0 0 0 0 0 0 0 0 
0 1.53837e-08 1.4289e-07 6.84334e-07 2.3516e-06 6.41317e-06 1.45355e-05 2.8169e-05 4.77055e-05 7.19311e-05 9.81323e-05 0.000122773 0.000142374 0.000154264 0.000157029 0.000150656 0.000136412 0.000116524 9.37322e-05 7.07953e-05 5.00191e-05 3.29212e-05 2.01013e-05 1.13444e-05 5.90084e-06 2.82392e-06 1.24253e-06 5.02811e-07 1.87309e-07 6.43142e-08 2.03771e-08 5.96078e-09 1.60887e-09 3.99652e-10 9.08357e-11 1.86762e-11 3.39834e-12 5.23522e-13 6.15531e-14 3.94195e-15 0 
0 1.4289e-07 1.38286e-06 6.84795e-06 2.40125e-05 6.56874e-05 0.000146671 0.000275797 0.000448911 0.000648625 0.000850265 0.00102902 0.00116482 0.00124448 0.00126216 0.00121881 0.00112137 0.000981644 0.000814932 0.000638377 0.000468846 0.000320475 0.00020236 0.000117257 6.20433e-05 2.98989e-05 1.31188e-05 5.24922e-06 1.9206e-06 6.44531e-07 1.98932e-07 5.65746e-08 1.48311e-08 3.57747e-09 7.89861e-10 1.57876e-10 2.79566e-11 4.1964e-12 4.81388e-13 3.01199e-14 0 
0 6.84334e-07 6.84795e-06 3.45705e-05 0.000120755 0.000319989 0.000674985 0.0011814 0.00178591 0.00241466 0.00299942 0.00348783 0.00384416 0.00404758 0.00409063 0.00397775 0.00372371 0.00335178 0.00289185 0.00237889 0.00185138 0.00134923 0.00090964 0.000560265 0.000311869 0.000155826 6.97621e-05 2.80603e-05 1.01964e-05 3.36854e-06 1.01752e-06 2.82198e-07 7.20081e-08 1.68945e-08 3.62837e-09 7.05893e-10 1.21786e-10 1.7832e-11 1.99805e-12 1.22278e-13 0 
0 2.3516e-06 2.40125e-05 0.000120755 0.000405594 0.000998029 0.00191755 0.00306277 0.00429262 0.00548709 0.00655561 0.00743001 0.00806103 0.00841853 0.00849204 0.00829018 0.00783841 0.00717552 0.00634928 0.00541229 0.00441891 0.00342435 0.00248563 0.00166119 0.00100278 0.000537646 0.000253568 0.000105173 3.86502e-05 1.2722e-05 3.7904e-06 1.03051e-06 2.56891e-07 5.87874e-08 1.23092e-08 2.33545e-09 3.93259e-10 5.62601e-11 6.16681e-12 3.69677e-13 0 
0 6.41317e-06 6.56874e-05 0.000319989 0.000998029 0.00222169 0.00387688 0.00575419 0.00767921 0.00951727 0.0111541 0.012493 0.0134593 0.0140062 0.0141172 0.0138056 0.0131112 0.0120943 0.0108293 0.00939634 0.00787475 0.00633768 0.00485091 0.00347722 0.00228361 0.00133848 0.00068393 0.000301058 0.00011453 3.81804e-05 1.13413e-05 3.04399e-06 7.44969e-07 1.66895e-07 3.4171e-08 6.33881e-09 1.04409e-09 1.46239e-10 1.57106e-11 9.24148e-13 0 
0 1.45355e-05 0.000146671 0.000674985 0.00191755 0.00387688 0.00629955 0.00894891 0.0116431 0.0142158 0.0165101 0.0183885 0.0197449 0.0205126 0.0206678 0.0202293 0.0192532 0.0178255 0.0160518 0.0140464 0.011922 0.00978116 0.00770968 0.00577621 0.00404007 0.00256721 0.00143341 0.000683454 0.000275349 9.46969e-05 2.84041e-05 7.58969e-06 1.83406e-06 4.03962e-07 8.11551e-08 1.47621e-08 2.38466e-09 3.27768e-10 3.45862e-11 2.00033e-12 0 
0 2.8169e-05 0.000275797 0.0011814 0.00306277 0.00575419 0.00894891 0.0124151 0.0159418 0.0193135 0.0223226 0.0247876 0.0265682 0.0275763 0.0277804 0.027205 0.0259242 0.0240513 0.0217256 0.0190982 0.0163188 0.0135233 0.0108256 0.00831223 0.00604394 0.00406983 0.00245287 0.00127112 0.00055018 0.000198407 6.08716e-05 1.63369e-05 3.92196e-06 8.53143e-07 1.6879e-07 3.02013e-08 4.79809e-09 6.48832e-10 6.74044e-11 3.84132e-12 0 
0 4.77055e-05 0.000448911 0.00178591 0.00429262 0.00767921 0.0116431 0.0159418 0.0203193 0.0245069 0.0282456 0.0313093 0.0335232 0.0347775 0.0350328 0.0343192 0.0327291 0.0304033 0.0275154 0.0242541 0.0208059 0.0173414 0.0140035 0.0109012 0.0081068 0.00566331 0.00360883 0.00200956 0.000936121 0.000357442 0.000113347 3.08022e-05 7.38907e-06 1.59449e-06 3.11805e-07 5.50553e-08 8.62709e-09 1.15082e-09 1.17993e-10 6.64112e-12 0 
0 7.19311e-05 0.000648625 0.00241466 0.00548709 0.00951727 0.0142158 0.0193135 0.0245069 0.0294764 0.0339145 0.0375525 0.0401829 0.0416746 0.0419806 0.0411364 0.0392515 0.0364931 0.0330677 0.0291994 0.0251104 0.021004 0.0170512 0.0133826 0.0100853 0.00720533 0.00476494 0.00280216 0.00139282 0.000563795 0.000185868 5.14507e-05 1.23932e-05 2.66346e-06 5.16575e-07 9.02902e-08 1.39954e-08 1.84665e-09 1.87342e-10 1.04391e-11 0 
0 9.81323e-05 0.000850265 0.00299942 0.00655561 0.0111541 0.0165101 0.0223226 0.0282456 0.0339145 0.0389786 0.0431314 0.0461358 0.0478419 0.0481954 0.0472366 0.0450899 0.0419463 0.0380411 0.0336306 0.0289686 0.0242876 0.0197835 0.0156067 0.0118578 0.00858933 0.00581682 0.00355412 0.00185956 0.000793231 0.00027198 7.69151e-05 1.8665e-05 4.00783e-06 7.73296e-07 1.3419e-07 2.06338e-08 2.70038e-09 2.71781e-10 1.50309e-11 0 
0 0.000122773 0.00102902 0.00348783 0.00743001 0.012493 0.0183885 0.0247876 0.0313093 0.0375525 0.0431314 0.0477084 0.0510219 0.0529065 0.0533017 0.0522515 0.0498923 0.0464342 0.0421366 0.0372815 0.0321492 0.0269959 0.0220382 0.0174425 0.013321 0.00973223 0.00669024 0.00419308 0.00227716 0.00101322 0.000359749 0.0001039 2.544e-05 5.47018e-06 1.05273e-06 1.81866e-07 2.78186e-08 3.62108e-09 3.62559e-10 1.99562e-11 0 
0 0.000142374 0.00116482 0.00384416 0.00806103 0.0134593 0.0197449 0.0265682 0.0335232 0.0401829 0.0461358 0.0510219 0.054562 0.0565789 0.0570078 0.0558947 0.0533847 0.0497015 0.0451213 0.0399454 0.0344725 0.0289766 0.0236891 0.0187884 0.014395 0.0105723 0.00733458 0.00467103 0.00260058 0.00119288 0.00043526 0.000127983 3.16129e-05 6.81662e-06 1.31138e-06 2.26135e-07 3.45078e-08 4.48101e-09 4.47715e-10 2.46045e-11 0 
0 0.000154264 0.00124448 0.00404758 0.00841853 0.0140062 0.0205126 0.0275763 0.0347775 0.0416746 0.0478419 0.0529065 0.0565789 0.0586752 0.0591278 0.0579837 0.0553923 0.0515847 0.0468467 0.0414899 0.0358239 0.0301326 0.0246563 0.0195801 0.0150296 0.0110714 0.00772025 0.00496114 0.0028025 0.00130992 0.000486705 0.000144984 3.60801e-05 7.8087e-06 1.50486e-06 2.59747e-07 3.96696e-08 5.15702e-09 5.16121e-10 2.84336e-11 0 
0 0.000157029 0.00126216 0.00409063 0.00849204 0.0141172 0.0206678 0.0277804 0.0350328 0.0419806 0.0481954 0.0533017 0.0570078 0.0591278 0.0595931 0.0584504 0.0558495 0.0520224 0.0472564 0.0418651 0.0361602 0.0304279 0.0249102 0.0197944 0.0152074 0.0112169 0.00783819 0.00505511 0.00287253 0.00135368 0.000507418 0.000152303 3.81238e-05 8.2899e-06 1.60448e-06 2.78175e-07 4.26964e-08 5.58285e-09 5.62593e-10 3.12461e-11 0 
0 0.000150656 0.00121881 0.00397775 0.00829018 0.0138056 0.0202293 0.027205 0.0343192 0.0411364 0.0472366 0.0522515 0.0558947 0.0579837 0.0584504 0.0573401 0.054799 0.0510539 0.0463862 0.0411028 0.0355094 0.0298865 0.0244718 0.0194493 0.0149437 0.011022 0.00769947 0.0049615 0.00281564 0.00132558 0.000497248 0.00014972 3.76758e-05 8.24945e-06 1.61e-06 2.8186e-07 4.375e-08 5.79451e-09 5.92466e-10 3.34434e-11 0 
0 0.000136412 0.00112137 0.00372371 0.00783841 0.0131112 0.0192532 0.0259242 0.0327291 0.0392515 0.0450899 0.0498923 0.0533847 0.0553923 0.0558495 0.054799 0.0523799 0.0488086 0.0443535 0.0393075 0.0339625 0.0285866 0.023407 0.0185995 0.0142837 0.0105234 0.00733391 0.00470454 0.0026508 0.00123823 0.000462428 0.000139483 3.53727e-05 7.84077e-06 1.55443e-06 2.77218e-07 4.39443e-08 5.95727e-09 6.246e-10 3.62013e-11 0 
0 0.000116524 0.000981644 0.00335178 0.00717552 0.0120943 0.0178255 0.0240513 0.0304033 0.0364931 0.0419463 0.0464342 0.0497015 0.0515847 0.0520224 0.0510539 0.0488086 0.0454878 0.0413413 0.0366418 0.0316613 0.0266493 0.0218176 0.0173297 0.0132968 0.009778 0.0067881 0.00432309 0.00240989 0.00111387 0.000414374 0.000125818 3.24326e-05 7.36026e-06 1.50155e-06 2.7656e-07 4.53828e-08 6.3759e-09 6.92697e-10 4.15458e-11 0 
0 9.37322e-05 0.000814932 0.00289185 0.00634928 0.0108293 0.0160518 0.0217256 0.0275154 0.0330677 0.0380411 0.0421366 0.0451213 0.0468467 0.0472564 0.0463862 0.0443535 0.0413413 0.0375766 0.0333077 0.0287815 0.024225 0.0198302 0.0157453 0.0120704 0.00885806 0.00612313 0.00387006 0.00213683 0.000982444 0.000368014 0.000114238 3.0483e-05 7.21819e-06 1.54265e-06 2.97897e-07 5.11664e-08 7.49674e-09 8.45179e-10 5.23022e-11 0 
0 7.07953e-05 0.000638377 0.00237889 0.00541229 0.00939634 0.0140464 0.0190982 0.0242541 0.0291994 0.0336306 0.0372815 0.0399454 0.0414899 0.0418651 0.0411028 0.0393075 0.0366418 0.0333077 0.0295256 0.0255152 0.0214778 0.0175833 0.0139623 0.0107016 0.0078467 0.00541246 0.00341154 0.00188593 0.000879206 0.000340445 0.00011118 3.15201e-05 7.94398e-06 1.79953e-06 3.65542e-07 6.5441e-08 9.90038e-09 1.14244e-09 7.18068e-11 0 
0 5.00191e-05 0.000468846 0.00185138 0.00441891 0.00787475 0.011922 0.0163188 0.0208059 0.0251104 0.0289686 0.0321492 0.0344725 0.0358239 0.0361602 0.0355094 0.0339625 0.0316613 0.0287815 0.0255152 0.0220535 0.018571 0.015215 0.012097 0.00929031 0.00683286 0.00473936 0.00302438 0.00171856 0.000842837 0.000350943 0.000124456 3.81427e-05 1.02517e-05 2.43618e-06 5.11163e-07 9.33094e-08 1.42489e-08 1.64707e-09 1.03132e-10 0 
0 3.29212e-05 0.000320475 0.00134923 0.00342435 0.00633768 0.00978116 0.0135233 0.0173414 0.021004 0.0242876 0.0269959 0.0289766 0.0301326 0.0304279 0.0298865 0.0285866 0.0266493 0.024225 0.0214778 0.018571 0.0156539 0.0128513 0.0102569 0.00793153 0.0059064 0.00419236 0.00278998 0.001698 0.000914998 0.000423032 0.000164757 5.40696e-05 1.51408e-05 3.66652e-06 7.71953e-07 1.3999e-07 2.11061e-08 2.40008e-09 1.47554e-10 0 
0 2.01013e-05 0.00020236 0.00090964 0.00248563 0.00485091 0.00770968 0.0108256 0.0140035 0.0170512 0.0197835 0.0220382 0.0236891 0.0246563 0.0249102 0.0244718 0.023407 0.0218176 0.0198302 0.0175833 0.015215 0.0128513 0.0105977 0.00853352 0.00671101 0.00515729 0.00386902 0.0028044 0.00190621 0.00115735 0.000595502 0.000250224 8.52333e-05 2.39926e-05 5.73039e-06 1.17932e-06 2.0828e-07 3.05461e-08 3.37957e-09 2.02351e-10 0 
0 1.13444e-05 0.000117257 0.000560265 0.00166119 0.00347722 0.00577621 0.00831223 0.0109012 0.0133826 0.0156067 0.0174425 0.0187884 0.0195801 0.0197944 0.0194493 0.0185995 0.0173297 0.0157453 0.0139623 0.012097 0.0102569 0.00853352 0.00699919 0.00571196 0.00471607 0.00400094 0.00341927 0.00272848 0.00185784 0.00101791 0.000436361 0.00014587 3.91744e-05 8.85592e-06 1.73532e-06 2.9407e-07 4.15975e-08 4.4547e-09 2.5895e-10 0 
0 5.90084e-06 6.20433e-05 0.000311869 0.00100278 0.00228361 0.00404007 0.00604394 0.0081068 0.0100853 0.0118578 0.013321 0.014395 0.0150296 0.0152074 0.0149437 0.0142837 0.0132968 0.0120704 0.0107016 0.00929031 0.00793153 0.00671101 0.00571196 0.00505744 0.00497838 0.00565111 0.0065318 0.00633023 0.00459716 0.00243204 0.000953927 0.000284844 6.71696e-05 1.34045e-05 2.39528e-06 3.82439e-07 5.189e-08 5.37318e-09 3.03389e-10 0 
0 2.82392e-06 2.98989e-05 0.000155826 0.000537646 0.00133848 0.00256721 0.00406983 0.00566331 0.00720533 0.00858933 0.00973223 0.0105723 0.0110714 0.0112169 0.011022 0.0105234 0.009778 0.00885806 0.0078467 0.00683286 0.0059064 0.00515729 0.00471607 0.00497838 0.00702343 0.0118346 0.0173492 0.0185538 0.0136919 0.00690932 0.00243164 0.000624208 0.000122876 2.01696e-05 3.0813e-06 4.495e-07 5.81185e-08 5.82866e-09 3.20741e-10 0 
0 1.24253e-06 1.31188e-05 6.97621e-05 0.000253568 0.00068393 0.00143341 0.00245287 0.00360883 0.00476494 0.00581682 0.00669024 0.00733458 0.00772025 0.00783819 0.00769947 0.00733391 0.0067881 0.00612313 0.00541246 0.00473936 0.00419236 0.00386902 0.00400094 0.00565111 0.0118346 0.0250631 0.03999 0.0440165 0.032531 0.0161519 0.00541821 0.00126521 0.000216193 2.92796e-05 3.66642e-06 4.7116e-07 5.75467e-08 5.60879e-09 3.02487e-10 0 
0 5.02811e-07 5.24922e-06 2.80603e-05 0.000105173 0.000301058 0.000683454 0.00127112 0.00200956 0.00280216 0.00355412 0.00419308 0.00467103 0.00496114 0.00505511 0.0049615 0.00470454 0.00432309 0.00387006 0.00341154 0.00302438 0.00278998 0.0028044 0.00341927 0.0065318 0.0173492 0.03999 0.0653973 0.0723461 0.0536833 0.0265055 0.0087549 0.00196363 0.000310409 3.69035e-05 3.8727e-06 4.3269e-07 4.97137e-08 4.73634e-09 2.52221e-10 0 
0 1.87309e-07 1.9206e-06 1.01964e-05 3.86502e-05 0.00011453 0.000275349 0.00055018 0.000936121 0.00139282 0.00185956 0.00227716 0.00260058 0.0028025 0.00287253 0.00281564 0.0026508 0.00240989 0.00213683 0.00188593 0.00171856 0.001698 0.00190621 0.00272848 0.00633023 0.0185538 0.0440165 0.0723461 0.0795528 0.0597777 0.0293768 0.00965645 0.00213447 0.000325604 3.60869e-05 3.37794e-06 3.38158e-07 3.70019e-08 3.48155e-09 1.84742e-10 0 
0 6.43142e-08 6.44531e-07 3.36854e-06 1.2722e-05 3.81804e-05 9.46969e-05 0.000198407 0.000357442 0.000563795 0.000793231 0.00101322 0.00119288 0.00130992 0.00135368 0.00132558 0.00123823 0.00111387 0.000982444 0.000879206 0.000842837 0.000914998 0.00115735 0.00185784 0.00459716 0.0136919 0.032531 0.0536833 0.0597777 0.044115 0.0217678 0.00715097 0.00157551 0.000237247 2.55438e-05 2.27905e-06 2.17806e-07 2.34737e-08 2.21607e-09 1.1838e-10 0 
0 2.03771e-08 1.98932e-07 1.01752e-06 3.7904e-06 1.13413e-05 2.84041e-05 6.08716e-05 0.000113347 0.000185868 0.00027198 0.000359749 0.00043526 0.000486705 0.000507418 0.000497248 0.000462428 0.000414374 0.000368014 0.000340445 0.000350943 0.000423032 0.000595502 0.00101791 0.00243204 0.00690932 0.0161519 0.0265055 0.0293768 0.0217678 0.0107498 0.00353965 0.000782438 0.000117886 1.27183e-05 1.15209e-06 1.13669e-07 1.26326e-08 1.21901e-09 6.62362e-11 0 
0 5.96078e-09 5.65746e-08 2.82198e-07 1.03051e-06 3.04399e-06 7.58969e-06 1.63369e-05 3.08022e-05 5.14507e-05 7.69151e-05 0.0001039 0.000127983 0.000144984 0.000152303 0.00014972 0.000139483 0.000125818 0.000114238 0.00011118 0.000124456 0.000164757 0.000250224 0.000436361 0.000953927 0.00243164 0.00541821 0.0087549 0.00965645 0.00715097 0.00353965 0.0011723 0.000261285 3.98999e-05 4.46509e-06 4.40409e-07 4.85196e-08 5.79021e-09 5.8012e-10 3.23555e-11 0 
0 1.60887e-09 1.48311e-08 7.20081e-08 2.56891e-07 7.44969e-07 1.83406e-06 3.92196e-06 7.38907e-06 1.23932e-05 1.8665e-05 2.544e-05 3.16129e-05 3.60801e-05 3.81238e-05 3.76758e-05 3.53727e-05 3.24326e-05 3.0483e-05 3.15201e-05 3.81427e-05 5.40696e-05 8.52333e-05 0.00014587 0.000284844 0.000624208 0.00126521 0.00196363 0.00213447 0.00157551 0.000782438 0.000261285 5.91373e-05 9.36999e-06 1.14871e-06 1.34112e-07 1.74723e-08 2.28238e-09 2.39517e-10 1.3808e-11 0 
0 3.99652e-10 3.57747e-09 1.68945e-08 5.87874e-08 1.66895e-07 4.03962e-07 8.53143e-07 1.59449e-06 2.66346e-06 4.00783e-06 5.47018e-06 6.81662e-06 7.8087e-06 8.2899e-06 8.24945e-06 7.84077e-06 7.36026e-06 7.21819e-06 7.94398e-06 1.02517e-05 1.51408e-05 2.39926e-05 3.91744e-05 6.71696e-05 0.000122876 0.000216193 0.000310409 0.000325604 0.000237247 0.000117886 3.98999e-05 9.36999e-06 1.62129e-06 2.37533e-07 3.52764e-08 5.48135e-09 7.80358e-10 8.60003e-11 5.14925e-12 0 
0 9.08357e-11 7.89861e-10 3.62837e-09 1.23092e-08 3.4171e-08 8.11551e-08 1.6879e-07 3.11805e-07 5.16575e-07 7.73296e-07 1.05273e-06 1.31138e-06 1.50486e-06 1.60448e-06 1.61e-06 1.55443e-06 1.50155e-06 1.54265e-06 1.79953e-06 2.43618e-06 3.66652e-06 5.73039e-06 8.85592e-06 1.34045e-05 2.01696e-05 2.92796e-05 3.69035e-05 3.60869e-05 2.55438e-05 1.27183e-05 4.46509e-06 1.14871e-06 2.37533e-07 4.51708e-08 8.51809e-09 1.51779e-09 2.32015e-10 2.68467e-11 1.67459e-12 0 
0 1.86762e-11 1.57876e-10 7.05893e-10 2.33545e-09 6.33881e-09 1.47621e-08 3.02013e-08 5.50553e-08 9.02902e-08 1.3419e-07 1.81866e-07 2.26135e-07 2.59747e-07 2.78175e-07 2.8186e-07 2.77218e-07 2.7656e-07 2.97897e-07 3.65542e-07 5.11163e-07 7.71953e-07 1.17932e-06 1.73532e-06 2.39528e-06 3.0813e-06 3.66642e-06 3.8727e-06 3.37794e-06 2.27905e-06 1.15209e-06 4.40409e-07 1.34112e-07 3.52764e-08 8.51809e-09 1.88719e-09 3.68055e-10 5.96786e-11 7.24505e-12 4.71585e-13 0 
0 3.39834e-12 2.79566e-11 1.21786e-10 3.93259e-10 1.04409e-09 2.38466e-09 4.79809e-09 8.62709e-09 1.39954e-08 2.06338e-08 2.78186e-08 3.45078e-08 3.96696e-08 4.26964e-08 4.375e-08 4.39443e-08 4.53828e-08 5.11664e-08 6.5441e-08 9.33094e-08 1.3999e-07 2.0828e-07 2.9407e-07 3.82439e-07 4.495e-07 4.7116e-07 4.3269e-07 3.38158e-07 2.17806e-07 1.13669e-07 4.85196e-08 1.74723e-08 5.48135e-09 1.51779e-09 3.68055e-10 7.6486e-11 1.30689e-11 1.66309e-12 1.13025e-13 0 
0 5.23522e-13 4.1964e-12 1.7832e-11 5.62601e-11 1.46239e-10 3.27768e-10 6.48832e-10 1.15082e-09 1.84665e-09 2.70038e-09 3.62108e-09 4.48101e-09 5.15702e-09 5.58285e-09 5.79451e-09 5.95727e-09 6.3759e-09 7.49674e-09 9.90038e-09 1.42489e-08 2.11061e-08 3.05461e-08 4.15975e-08 5.189e-08 5.81185e-08 5.75467e-08 4.97137e-08 3.70019e-08 2.34737e-08 1.26326e-08 5.79021e-09 2.28238e-09 7.80358e-10 2.32015e-10 5.96786e-11 1.30689e-11 2.34457e-12 3.1233e-13 2.21532e-14 0 
0 6.15531e-14 4.81388e-13 1.99805e-12 6.16681e-12 1.57106e-11 3.45862e-11 6.74044e-11 1.17993e-10 1.87342e-10 2.71781e-10 3.62559e-10 4.47715e-10 5.16121e-10 5.62593e-10 5.92466e-10 6.246e-10 6.92697e-10 8.45179e-10 1.14244e-09 1.64707e-09 2.40008e-09 3.37957e-09 4.4547e-09 5.37318e-09 5.82866e-09 5.60879e-09 4.73634e-09 3.48155e-09 2.21607e-09 1.21901e-09 5.8012e-10 2.39517e-10 8.60003e-11 2.68467e-11 7.24505e-12 1.66309e-12 3.1233e-13 4.34738e-14 3.21472e-15 0 
0 3.94195e-15 3.01199e-14 1.22278e-13 3.69677e-13 9.24148e-13 2.00033e-12 3.84132e-12 6.64112e-12 1.04391e-11 1.50309e-11 1.99562e-11 2.46045e-11 2.84336e-11 3.12461e-11 3.34434e-11 3.62013e-11 4.15458e-11 5.23022e-11 7.18068e-11 1.03132e-10 1.47554e-10 2.02351e-10 2.5895e-10 3.03389e-10 3.20741e-10 3.02487e-10 2.52221e-10 1.84742e-10 1.1838e-10 6.62362e-11 3.23555e-11 1.3808e-11 5.14925e-12 1.67459e-12 4.71585e-13 1.13025e-13 2.21532e-14 3.21472e-15 2.47436e-16 0 
0 0 0 0 0 0 0 0 0 0 0 0 0 0 0 0 0 0 0 0 0 0 0 0 0 0 0 0 0 0 0 0 0 0 0 0 0 0 0 0 0 
