0 0 0 0 0 0 0 0 0 0 0 0 0 0 0 0 0 0 0 0 0 0 0 0 0 0 0 0 0 0 0 0 0 0 0 0 0 0 0 0 0 
0 4.13288e-07 3.6779e-06 1.61736e-05 4.87883e-05 0.000112652 0.000212072 0.000341242 0.000487019 0.000634005 0.000768278 0.000879029 0.000958886 0.0010037 0.00101222 0.000985707 0.000927584 0.000843071 0.000738787 0.000622337 0.000501827 0.000385255 0.000279746 0.000190704 0.000121075 7.10193e-05 3.82073e-05 1.87413e-05 8.34833e-06 3.37037e-06 1.23271e-06 4.08639e-07 1.22804e-07 3.34177e-08 8.20045e-09 1.79728e-09 3.44806e-10 5.54866e-11 6.76215e-12 4.46022e-13 0 
0 3.6779e-06 3.34259e-05 0.000144652 0.00041092 0.000863932 0.00146219 0.00212869 0.00279515 0.00341342 0.00394973 0.00437901 0.00468326 0.00485187 0.00488223 0.0047796 0.00455624 0.00422981 0.00382144 0.0033538 0.00284982 0.00233223 0.00182406 0.00134927 0.000931912 0.00059248 0.000341938 0.000177109 8.17503e-05 3.35585e-05 1.22764e-05 4.01901e-06 1.18234e-06 3.13248e-07 7.4619e-08 1.58569e-08 2.94966e-09 4.60606e-10 5.45418e-11 3.50093e-12 0 
0 1.61736e-05 0.000144652 0.000580714 0.00145665 0.00267856 0.00406606 0.00549893 0.00690372 0.00821506 0.00936705 0.0102995 0.0109653 0.0113356 0.0114014 0.011174 0.0106819 0.0099671 0.00908068 0.00807695 0.0070084 0.0059211 0.00485182 0.00382837 0.00287453 0.00201807 0.00129526 0.000742073 0.000372148 0.000161754 6.09915e-05 2.01194e-05 5.86758e-06 1.52526e-06 3.54431e-07 7.32714e-08 1.32486e-08 2.01169e-09 2.31876e-10 1.45088e-11 0 
0 4.87883e-05 0.00041092 0.00145665 0.00317851 0.00528703 0.00760686 0.0100401 0.0124723 0.01477 0.0168009 0.0184494 0.0196282 0.020284 0.0204005 0.019997 0.0191246 0.0178591 0.0162924 0.0145238 0.0126515 0.0107644 0.00893612 0.00721963 0.00564497 0.00422372 0.00296444 0.00189447 0.00106429 0.000510216 0.000206024 7.04842e-05 2.07708e-05 5.3614e-06 1.2246e-06 2.47549e-07 4.36732e-08 6.46771e-09 7.27532e-10 4.44776e-11 0 
0 0.000112652 0.000863932 0.00267856 0.00528703 0.00839752 0.0118876 0.0156024 0.0193374 0.0228729 0.0260001 0.0285396 0.0303556 0.0313659 0.0315451 0.0309232 0.0295789 0.0276291 0.0252159 0.0224929 0.0196124 0.0167139 0.0139156 0.0113082 0.00895047 0.00686666 0.00504957 0.00348015 0.002166 0.00116244 0.000518011 0.000189477 5.773e-05 1.50208e-05 3.40475e-06 6.77312e-07 1.17132e-07 1.69801e-08 1.86974e-09 1.11982e-10 0 
0 0.000212072 0.00146219 0.00406606 0.00760686 0.0118876 0.0167516 0.0219484 0.0271786 0.0321311 0.0365123 0.0400705 0.0426161 0.0440336 0.0442852 0.0434121 0.0415269 0.0387944 0.0354133 0.0315987 0.0275642 0.0235059 0.0195905 0.015948 0.0126675 0.00979572 0.00733611 0.00525275 0.00349729 0.00206558 0.00102285 0.000408535 0.000131497 3.50397e-05 7.96438e-06 1.57004e-06 2.67496e-07 3.811e-08 4.12158e-09 2.42531e-10 0 
0 0.000341242 0.00212869 0.00549893 0.0100401 0.0156024 0.0219484 0.0287341 0.0355648 0.0420337 0.0477611 0.0524548 0.0559659 0.0580962 0.0584991 0.0571436 0.0544322 0.05076 0.0463233 0.0413389 0.0360696 0.03077 0.0256581 0.0209045 0.0166276 0.0128942 0.00972108 0.00707597 0.00488593 0.00308104 0.00167016 0.000731755 0.000252397 6.98247e-05 1.60721e-05 3.16104e-06 5.33232e-07 7.49579e-08 7.98894e-09 4.63247e-10 0 
0 0.000487019 0.00279515 0.00690372 0.0124723 0.0193374 0.0271786 0.0355648 0.0440075 0.0520156 0.0593058 0.0662978 0.0723669 0.0758658 0.0765059 0.0744123 0.0697292 0.0635653 0.0574118 0.0511532 0.0446333 0.0380834 0.0317664 0.0258931 0.0206106 0.0160036 0.0120985 0.00886819 0.00623443 0.00408911 0.00236929 0.00112741 0.000418296 0.000121187 2.84677e-05 5.61866e-06 9.42631e-07 1.31229e-07 1.38276e-08 7.92385e-10 0 
0 0.000634005 0.00341342 0.00821506 0.01477 0.0228729 0.0321311 0.0420337 0.0520156 0.0617714 0.0724377 0.0817353 0.0866974 0.088924 0.0893391 0.0881115 0.0848883 0.0785638 0.069233 0.0606042 0.0527539 0.0450107 0.0375519 0.0306177 0.0243821 0.0189458 0.0143423 0.0105468 0.00747987 0.00501629 0.00303908 0.00154395 0.000612752 0.000186355 4.48778e-05 8.92602e-06 1.49473e-06 2.06744e-07 2.16005e-08 1.22656e-09 0 
0 0.000768278 0.00394973 0.00936705 0.0168009 0.0260001 0.0365123 0.0477611 0.0593058 0.0724377 0.0844293 0.0905306 0.0937596 0.0953352 0.095656 0.0948079 0.0926495 0.088689 0.081479 0.0701634 0.0600566 0.0511459 0.0426715 0.0347984 0.0277191 0.0215483 0.0163252 0.012025 0.00856635 0.00581637 0.00362493 0.00193154 0.000810694 0.000257934 6.37315e-05 1.28023e-05 2.14536e-06 2.95585e-07 3.06998e-08 1.7316e-09 0 
0 0.000879029 0.00437901 0.0102995 0.0184494 0.0285396 0.0400705 0.0524548 0.0662978 0.0817353 0.0905306 0.0951254 0.0977445 0.0990712 0.0993558 0.0986589 0.0968968 0.0937838 0.0885699 0.0791893 0.0665835 0.0561691 0.0468318 0.038195 0.0304303 0.0236625 0.0179355 0.0132235 0.00944264 0.00645559 0.00409352 0.0022532 0.000986575 0.000325867 8.24023e-05 1.67214e-05 2.80811e-06 3.86155e-07 3.99547e-08 2.24341e-09 0 
0 0.000958886 0.00468326 0.0109653 0.0196282 0.0303556 0.0426161 0.0559659 0.0723669 0.0866974 0.0937596 0.0977445 0.100095 0.101308 0.101576 0.100951 0.0993697 0.096622 0.092187 0.0846494 0.0720382 0.0598773 0.049813 0.0406262 0.0323709 0.0251759 0.0190881 0.0140808 0.0100679 0.00690899 0.00442524 0.00248587 0.00112013 0.000380214 9.7893e-05 2.00367e-05 3.37359e-06 4.63663e-07 4.78776e-08 2.68121e-09 0 
0 0.0010037 0.00485187 0.0113356 0.020284 0.0313659 0.0440336 0.0580962 0.0758658 0.088924 0.0953352 0.0990712 0.101308 0.102471 0.102732 0.102139 0.100636 0.0980432 0.0939219 0.0871346 0.0752571 0.062062 0.0514791 0.0419817 0.0334531 0.0260202 0.0197313 0.0145594 0.0104168 0.0071616 0.0046103 0.00261784 0.00119863 0.000413466 0.000107661 2.21661e-05 3.74069e-06 5.14316e-07 5.30803e-08 2.96985e-09 0 
0 0.00101222 0.00488223 0.0114014 0.0204005 0.0315451 0.0442852 0.0584991 0.0765059 0.0893391 0.095656 0.0993558 0.101576 0.102732 0.102993 0.102405 0.100914 0.0983435 0.0942685 0.0875917 0.0758579 0.0624729 0.0517812 0.0422275 0.03365 0.0261744 0.0198493 0.0146479 0.0104821 0.00720999 0.00464739 0.00264627 0.001217 0.000421843 0.00011027 2.27616e-05 3.84741e-06 5.29563e-07 5.46989e-08 3.0626e-09 0 
0 0.000985707 0.0047796 0.011174 0.019997 0.0309232 0.0434121 0.0571436 0.0744123 0.0881115 0.0948079 0.0986589 0.100951 0.102139 0.102405 0.101796 0.100257 0.0975916 0.0933293 0.0862157 0.0739171 0.0611122 0.0507656 0.0414037 0.0329936 0.0256636 0.0194615 0.0143609 0.0102747 0.00706248 0.00454304 0.00257553 0.00117703 0.000405632 0.000105691 2.18022e-05 3.68879e-06 5.08647e-07 5.26546e-08 2.95525e-09 0 
0 0.000927584 0.00455624 0.0106819 0.0191246 0.0295789 0.0415269 0.0544322 0.0697292 0.0848883 0.0926495 0.0968968 0.0993697 0.100636 0.100914 0.100257 0.0985942 0.0956863 0.0909261 0.0826149 0.0696886 0.0583031 0.0485683 0.0396157 0.0315681 0.0245537 0.0186181 0.0137356 0.0098216 0.00673817 0.00431095 0.00241634 0.00108653 0.000368822 9.52256e-05 1.95831e-05 3.31606e-06 4.5857e-07 4.76559e-08 2.68645e-09 0 
0 0.000843071 0.00422981 0.0099671 0.0178591 0.0276291 0.0387944 0.05076 0.0635653 0.0785638 0.088689 0.0937838 0.096622 0.0980432 0.0983435 0.0975916 0.0956863 0.0922788 0.0864304 0.075972 0.064156 0.054404 0.0453843 0.0370198 0.0294986 0.0229424 0.0173937 0.0128278 0.00916283 0.00626498 0.00397139 0.00218558 0.000958654 0.000318276 8.11283e-05 1.66194e-05 2.81921e-06 3.91715e-07 4.09618e-08 2.32509e-09 0 
0 0.000738787 0.00382144 0.00908068 0.0162924 0.0252159 0.0354133 0.0463233 0.0574118 0.069233 0.081479 0.0885699 0.092187 0.0939219 0.0942685 0.0933293 0.0909261 0.0864305 0.0782113 0.0674605 0.0582462 0.0496635 0.0414453 0.0338067 0.0269374 0.0209489 0.0158795 0.0117052 0.0083474 0.00567765 0.00355123 0.0019069 0.000811091 0.000262576 6.60732e-05 1.3507e-05 2.30147e-06 3.22295e-07 3.40218e-08 1.95074e-09 0 
0 0.000622337 0.0033538 0.00807695 0.0145238 0.0224929 0.0315987 0.0413389 0.0511532 0.0606042 0.0701634 0.0791893 0.0846494 0.0871346 0.0875917 0.0862157 0.0826149 0.075972 0.0674605 0.0595912 0.0519452 0.0443359 0.0370016 0.0301823 0.0240496 0.0187025 0.0141745 0.0104421 0.00742969 0.00501741 0.00308628 0.00161223 0.00066509 0.000210715 5.26166e-05 1.07897e-05 1.8555e-06 2.62995e-07 2.81282e-08 1.63422e-09 0 
0 0.000501827 0.00284982 0.0070084 0.0126515 0.0196124 0.0275642 0.0360696 0.0446333 0.0527539 0.0600566 0.0665835 0.0720382 0.0752571 0.0758579 0.0739171 0.0696886 0.064156 0.0582462 0.0519452 0.0453412 0.0387041 0.0323029 0.0263514 0.0209991 0.016332 0.0123784 0.00911441 0.00646887 0.00433614 0.00262698 0.00134337 0.000543715 0.000170825 4.27989e-05 8.87269e-06 1.54778e-06 2.22713e-07 2.41701e-08 1.4233e-09 0 
0 0.000385255 0.00233223 0.0059211 0.0107644 0.0167139 0.0235059 0.03077 0.0380834 0.0450107 0.0511459 0.0561691 0.0598773 0.062062 0.0624729 0.0611122 0.0583031 0.054404 0.0496635 0.0443359 0.0387041 0.0330405 0.0275788 0.0225019 0.0179373 0.0139587 0.0105895 0.00780571 0.00554225 0.00371164 0.00224604 0.00115027 0.000468817 0.000149145 3.79402e-05 7.9851e-06 1.41181e-06 2.05462e-07 2.25029e-08 1.33459e-09 0 
0 0.000279746 0.00182406 0.00485182 0.00893612 0.0139156 0.0195905 0.0256581 0.0317664 0.0375519 0.0426715 0.0468318 0.049813 0.0514791 0.0517812 0.0507656 0.0485683 0.0453843 0.0414453 0.0370016 0.0323029 0.0275788 0.023025 0.0187951 0.0149999 0.0117111 0.00895599 0.00669719 0.00484133 0.00330242 0.00204452 0.00108095 0.000456153 0.000149119 3.85388e-05 8.16588e-06 1.44534e-06 2.09885e-07 2.28943e-08 1.35072e-09 0 
0 0.000190704 0.00134927 0.00382837 0.00721963 0.0113082 0.015948 0.0209045 0.0258931 0.0306177 0.0347984 0.038195 0.0406262 0.0419817 0.0422275 0.0414037 0.0396157 0.0370198 0.0338067 0.0301823 0.0263514 0.0225019 0.0187951 0.015365 0.0123387 0.00986159 0.00802121 0.00663149 0.00526044 0.00372243 0.00228018 0.00119918 0.000515232 0.000171029 4.41427e-05 9.23308e-06 1.60583e-06 2.28925e-07 2.4527e-08 1.42277e-09 0 
0 0.000121075 0.000931912 0.00287453 0.00564497 0.00895047 0.0126675 0.0166276 0.0206106 0.0243821 0.0277191 0.0304303 0.0323709 0.0334531 0.03365 0.0329936 0.0315681 0.0294986 0.0269374 0.0240496 0.0209991 0.0179373 0.0149999 0.0123387 0.0102494 0.00930996 0.00994264 0.0111761 0.010746 0.00784018 0.00426518 0.00184843 0.000692286 0.000216072 5.34629e-05 1.07551e-05 1.8078e-06 2.50227e-07 2.61241e-08 1.48111e-09 0 
0 7.10193e-05 0.00059248 0.00201807 0.00422372 0.00686666 0.00979572 0.0128942 0.0160036 0.0189458 0.0215483 0.0236625 0.0251759 0.0260202 0.0261744 0.0256636 0.0245537 0.0229424 0.0209489 0.0187025 0.016332 0.0139587 0.0117111 0.00986159 0.00930996 0.0121202 0.0198704 0.0329482 0.039783 0.0230072 0.011556 0.00414707 0.00117791 0.000298036 6.52129e-05 1.21236e-05 1.93728e-06 2.5898e-07 2.63101e-08 1.45772e-09 0 
0 3.82073e-05 0.000341938 0.00129526 0.00296444 0.00504957 0.00733611 0.00972108 0.0120985 0.0143423 0.0163252 0.0179355 0.0190881 0.0197313 0.0198493 0.0194615 0.0186181 0.0173937 0.0158795 0.0141745 0.0123784 0.0105895 0.00895599 0.00802121 0.00994264 0.0198704 0.047421 0.0774955 0.0798318 0.067606 0.0270471 0.00904802 0.0021779 0.000432628 7.77651e-05 1.27149e-05 1.8937e-06 2.43926e-07 2.41908e-08 1.31516e-09 0 
0 1.87413e-05 0.000177109 0.000742073 0.00189447 0.00348015 0.00525275 0.00707597 0.00886819 0.0105468 0.012025 0.0132235 0.0140808 0.0145594 0.0146479 0.0143609 0.0137356 0.0128278 0.0117052 0.0104421 0.00911441 0.00780571 0.00669719 0.00663149 0.0111761 0.0329482 0.0774955 0.0859802 0.0869801 0.082412 0.0578596 0.0145783 0.0033053 0.000568368 8.50565e-05 1.19694e-05 1.63926e-06 2.03687e-07 1.98471e-08 1.06604e-09 0 
0 8.34833e-06 8.17503e-05 0.000372148 0.00106429 0.002166 0.00349729 0.00488593 0.00623443 0.00747987 0.00856635 0.00944264 0.0100679 0.0104168 0.0104821 0.0102747 0.0098216 0.00916283 0.0083474 0.00742969 0.00646887 0.00554225 0.00484133 0.00526044 0.010746 0.039783 0.0798318 0.0869801 0.087949 0.0843515 0.0676184 0.0162891 0.00357584 0.000578497 7.7211e-05 9.62507e-06 1.22451e-06 1.48147e-07 1.432e-08 7.66518e-10 0 
0 3.37037e-06 3.35585e-05 0.000161754 0.000510216 0.00116244 0.00206558 0.00308104 0.00408911 0.00501629 0.00581637 0.00645559 0.00690899 0.0071616 0.00720999 0.00706248 0.00673817 0.00626498 0.00567765 0.00501741 0.00433614 0.00371164 0.00330242 0.00372243 0.00784018 0.0230072 0.067606 0.082412 0.0843515 0.078701 0.0421147 0.0118983 0.00264269 0.000421142 5.35357e-05 6.27871e-06 7.71372e-07 9.27637e-08 9.00806e-09 4.85173e-10 0 
0 1.23271e-06 1.22764e-05 6.09915e-05 0.000206024 0.000518011 0.00102285 0.00167016 0.00236929 0.00303908 0.00362493 0.00409352 0.00442524 0.0046103 0.00464739 0.00454304 0.00431095 0.00397139 0.00355123 0.00308628 0.00262698 0.00224604 0.00204452 0.00228018 0.00426518 0.011556 0.0270471 0.0578596 0.0676184 0.0421147 0.0178769 0.00589798 0.00132384 0.000213809 2.72552e-05 3.22531e-06 4.04655e-07 4.97379e-08 4.92032e-09 2.69241e-10 0 
0 4.08639e-07 4.01901e-06 2.01194e-05 7.04842e-05 0.000189477 0.000408535 0.000731755 0.00112741 0.00154395 0.00193154 0.0022532 0.00248587 0.00261784 0.00264627 0.00257553 0.00241634 0.00218558 0.0019069 0.00161223 0.00134337 0.00115027 0.00108095 0.00119918 0.00184843 0.00414707 0.00904802 0.0145783 0.0162891 0.0118983 0.00589798 0.00196863 0.000453949 7.60471e-05 1.02202e-05 1.31197e-06 1.77485e-07 2.28614e-08 2.3323e-09 1.30795e-10 0 
0 1.22804e-07 1.18234e-06 5.86758e-06 2.07708e-05 5.773e-05 0.000131497 0.000252397 0.000418296 0.000612752 0.000810694 0.000986575 0.00112013 0.00119863 0.001217 0.00117703 0.00108653 0.000958654 0.000811091 0.00066509 0.000543715 0.000468817 0.000456153 0.000515232 0.000692286 0.00117791 0.0021779 0.0033053 0.00357584 0.00264269 0.00132384 0.000453949 0.000109367 1.95942e-05 2.95552e-06 4.39019e-07 6.61888e-08 9.05568e-09 9.60799e-10 5.561e-11 0 
0 3.34177e-08 3.13248e-07 1.52526e-06 5.3614e-06 1.50208e-05 3.50397e-05 6.98247e-05 0.000121187 0.000186355 0.000257934 0.000325867 0.000380214 0.000413466 0.000421843 0.000405632 0.000368822 0.000318276 0.000262576 0.000210715 0.000170825 0.000149145 0.000149119 0.000171029 0.000216072 0.000298036 0.000432628 0.000568368 0.000578497 0.000421142 0.000213809 7.60471e-05 1.95942e-05 3.96621e-06 7.17392e-07 1.26969e-07 2.13536e-08 3.10785e-09 3.44508e-10 2.06857e-11 0 
0 8.20045e-09 7.4619e-08 3.54431e-07 1.2246e-06 3.40475e-06 7.96438e-06 1.60721e-05 2.84677e-05 4.48778e-05 6.37315e-05 8.24023e-05 9.7893e-05 0.000107661 0.00011027 0.000105691 9.52256e-05 8.11283e-05 6.60732e-05 5.26166e-05 4.27989e-05 3.79402e-05 3.85388e-05 4.41427e-05 5.34629e-05 6.52129e-05 7.77651e-05 8.50565e-05 7.7211e-05 5.35357e-05 2.72552e-05 1.02202e-05 2.95552e-06 7.17392e-07 1.5874e-07 3.26628e-08 6.00444e-09 9.25776e-10 1.07449e-10 6.71602e-12 0 
0 1.79728e-09 1.58569e-08 7.32714e-08 2.47549e-07 6.77312e-07 1.57004e-06 3.16104e-06 5.61866e-06 8.92602e-06 1.28023e-05 1.67214e-05 2.00367e-05 2.21661e-05 2.27616e-05 2.18022e-05 1.95831e-05 1.66194e-05 1.3507e-05 1.07897e-05 8.87269e-06 7.9851e-06 8.16588e-06 9.23308e-06 1.07551e-05 1.21236e-05 1.27149e-05 1.19694e-05 9.62507e-06 6.27871e-06 3.22531e-06 1.31197e-06 4.39019e-07 1.26969e-07 3.26628e-08 7.44331e-09 1.4652e-09 2.38315e-10 2.8982e-11 1.88935e-12 0 
0 3.44806e-10 2.94966e-09 1.32486e-08 4.36732e-08 1.17132e-07 2.67496e-07 5.33232e-07 9.42631e-07 1.49473e-06 2.14536e-06 2.80811e-06 3.37359e-06 3.74069e-06 3.84741e-06 3.68879e-06 3.31606e-06 2.81921e-06 2.30147e-06 1.8555e-06 1.54778e-06 1.41181e-06 1.44534e-06 1.60583e-06 1.8078e-06 1.93728e-06 1.8937e-06 1.63926e-06 1.22451e-06 7.71372e-07 4.04655e-07 1.77485e-07 6.61888e-08 2.13536e-08 6.00444e-09 1.4652e-09 3.05196e-10 5.22127e-11 6.6516e-12 4.52555e-13 0 
0 5.54866e-11 4.60606e-10 2.01169e-09 6.46771e-09 1.69801e-08 3.811e-08 7.49579e-08 1.31229e-07 2.06744e-07 2.95585e-07 3.86155e-07 4.63663e-07 5.14316e-07 5.29563e-07 5.08647e-07 4.5857e-07 3.91715e-07 3.22295e-07 2.62995e-07 2.22713e-07 2.05462e-07 2.09885e-07 2.28925e-07 2.50227e-07 2.5898e-07 2.43926e-07 2.03687e-07 1.48147e-07 9.27637e-08 4.97379e-08 2.28614e-08 9.05568e-09 3.10785e-09 9.25776e-10 2.38315e-10 5.22127e-11 9.37192e-12 1.2493e-12 8.86818e-14 0 
0 6.76215e-12 5.45418e-11 2.31876e-10 7.27532e-10 1.86974e-09 4.12158e-09 7.98894e-09 1.38276e-08 2.16005e-08 3.06998e-08 3.99547e-08 4.78776e-08 5.30803e-08 5.46989e-08 5.26546e-08 4.76559e-08 4.09618e-08 3.40218e-08 2.81282e-08 2.41701e-08 2.25029e-08 2.28943e-08 2.4527e-08 2.61241e-08 2.63101e-08 2.41908e-08 1.98471e-08 1.432e-08 9.00806e-09 4.92032e-09 2.3323e-09 9.60799e-10 3.44508e-10 1.07449e-10 2.8982e-11 6.6516e-12 1.2493e-12 1.73949e-13 1.28693e-14 0 
0 4.46022e-13 3.50093e-12 1.45088e-11 4.44776e-11 1.11982e-10 2.42531e-10 4.63247e-10 7.92385e-10 1.22656e-09 1.7316e-09 2.24341e-09 2.68121e-09 2.96985e-09 3.0626e-09 2.95525e-09 2.68645e-09 2.32509e-09 1.95074e-09 1.63422e-09 1.4233e-09 1.33459e-09 1.35072e-09 1.42277e-09 1.48111e-09 1.45772e-09 1.31516e-09 1.06604e-09 7.66518e-10 4.85173e-10 2.69241e-10 1.30795e-10 5.561e-11 2.06857e-11 6.71602e-12 1.88935e-12 4.52555e-13 8.86818e-14 1.28693e-14 9.90789e-16 0 
0 0 0 0 0 0 0 0 0 0 0 0 0 0 0 0 0 0 0 0 0 0 0 0 0 0 0 0 0 0 0 0 0 0 0 0 0 0 0 0 0 
