0 0 0 0 0 0 0 0 0 0 0 0 0 0 0 0 0 0 0 0 0 0 0 0 0 0 0 0 0 0 0 0 0 0 0 0 0 0 0 0 0 
0 1.84664e-09 1.73395e-08 8.49053e-08 3.02234e-07 8.65103e-07 2.081e-06 4.31124e-06 7.8224e-06 1.25985e-05 1.82223e-05 2.39129e-05 2.87193e-05 3.17865e-05 3.25891e-05 3.10543e-05 2.75514e-05 2.27655e-05 1.75057e-05 1.25072e-05 8.28633e-06 5.08048e-06 2.87769e-06 1.50412e-06 7.25151e-07 3.22554e-07 1.32493e-07 5.03239e-08 1.77016e-08 5.7748e-09 1.74905e-09 4.91962e-10 1.28374e-10 3.09824e-11 6.87196e-12 1.38415e-12 2.47563e-13 3.75941e-14 4.3677e-15 2.7696e-16 0 
0 1.73395e-08 1.69627e-07 8.62973e-07 3.17347e-06 9.30662e-06 2.27079e-05 4.72224e-05 8.52108e-05 0.000135572 0.00019306 0.000249433 0.000295749 0.000324671 0.000332034 0.00031745 0.000284073 0.000237726 0.000185584 0.000134664 9.0451e-05 5.60129e-05 3.18763e-05 1.66372e-05 7.95914e-06 3.4926e-06 1.40828e-06 5.23015e-07 1.79364e-07 5.69365e-08 1.67605e-08 4.57963e-09 1.16094e-09 2.72319e-10 5.87503e-11 1.15216e-11 2.00868e-12 2.977e-13 3.37988e-14 2.09706e-15 0 
0 8.49053e-08 8.62973e-07 4.53972e-06 1.71009e-05 5.06789e-05 0.000122952 0.000250238 0.000436621 0.000667662 0.000914061 0.00114145 0.00131947 0.00142686 0.00145321 0.00139867 0.00127281 0.00109288 0.000881515 0.000663715 0.000462938 0.000296783 0.000173686 9.23643e-05 4.45579e-05 1.95214e-05 7.79194e-06 2.84559e-06 9.55033e-07 2.95745e-07 8.47675e-08 2.25311e-08 5.55492e-09 1.26766e-09 2.66257e-10 5.08856e-11 8.65546e-12 1.25314e-12 1.39166e-13 8.457e-15 0 
0 3.02234e-07 3.17347e-06 1.71009e-05 6.49689e-05 0.000190023 0.000444376 0.000855457 0.00139928 0.00200935 0.00260687 0.00312365 0.00351032 0.00373676 0.00379037 0.00367416 0.00340463 0.00300967 0.00252642 0.00199905 0.00147594 0.00100438 0.000621971 0.000346772 0.000173008 7.72055e-05 3.0952e-05 1.12266e-05 3.7122e-06 1.12659e-06 3.15446e-07 8.1767e-08 1.96462e-08 4.36943e-09 8.94902e-10 1.66917e-10 2.77394e-11 3.92858e-12 4.27315e-13 2.54665e-14 0 
0 8.65103e-07 9.30662e-06 5.06789e-05 0.000190023 0.000532446 0.00116243 0.00206527 0.00313222 0.00422962 0.00524441 0.0060923 0.00671428 0.00707413 0.00715751 0.00697071 0.00653828 0.00589955 0.00510465 0.00421107 0.00328167 0.00238388 0.00158679 0.000950049 0.000503838 0.000234935 9.65346e-05 3.528e-05 1.16053e-05 3.47425e-06 9.54685e-07 2.4217e-07 5.68652e-08 1.23553e-08 2.47275e-09 4.51003e-10 7.33609e-11 1.01807e-11 1.08638e-12 6.35954e-14 0 
0 2.081e-06 2.27079e-05 0.000122952 0.000444376 0.00116243 0.0023309 0.00382509 0.00545637 0.00706271 0.00851832 0.00972405 0.0106052 0.0111138 0.0112307 0.0109652 0.010352 0.00944617 0.00831632 0.00703805 0.00568851 0.00434445 0.00308446 0.00199122 0.00114041 0.000568205 0.000244625 9.16647e-05 3.03642e-05 9.04027e-06 2.45173e-06 6.11172e-07 1.40727e-07 2.99567e-08 5.87363e-09 1.05e-09 1.67533e-10 2.2828e-11 2.39442e-12 1.37934e-13 0 
0 4.31124e-06 4.72224e-05 0.000250238 0.000855457 0.00206527 0.00382509 0.00590935 0.00810256 0.0102338 0.0121579 0.0137504 0.0149142 0.0155861 0.0157407 0.0153903 0.014581 0.0133858 0.0118958 0.0102101 0.00842762 0.00663992 0.00493082 0.00338275 0.0020851 0.00112032 0.000513806 0.000200754 6.78504e-05 2.02739e-05 5.46072e-06 1.34395e-06 3.04577e-07 6.37252e-08 1.22759e-08 2.15655e-09 3.38344e-10 4.5371e-11 4.68807e-12 2.66324e-13 0 
0 7.8224e-06 8.52108e-05 0.000436621 0.00139928 0.00313222 0.00545637 0.00810256 0.0108525 0.0135179 0.0159237 0.0179159 0.0193726 0.0202147 0.0204098 0.0199734 0.0189631 0.0174706 0.0156102 0.0135066 0.0112834 0.0090532 0.00691238 0.00494327 0.00322764 0.0018589 0.000913058 0.00037629 0.000131256 3.97095e-05 1.06896e-05 2.60966e-06 5.84345e-07 1.2057e-07 2.28893e-08 3.96278e-09 6.12988e-10 8.11036e-11 8.2759e-12 4.64763e-13 0 
0 1.25985e-05 0.000135572 0.000667662 0.00200935 0.00422962 0.00706271 0.0102338 0.0135179 0.0167001 0.0195736 0.0219543 0.0236968 0.0247058 0.0249425 0.0244249 0.0232217 0.0214425 0.0192241 0.0167159 0.0140662 0.0114098 0.00885971 0.00650528 0.00442125 0.00269021 0.00140715 0.000613663 0.000222521 6.86384e-05 1.85695e-05 4.5167e-06 1.003e-06 2.04783e-07 3.84344e-08 6.57753e-09 1.0061e-09 1.31716e-10 1.33108e-11 7.41077e-13 0 
0 1.82223e-05 0.00019306 0.000914061 0.00260687 0.00524441 0.00851832 0.0121579 0.0159237 0.0195736 0.0228709 0.0256047 0.0276077 0.0287703 0.0290475 0.0284591 0.027084 0.0250474 0.0225066 0.0196332 0.0165978 0.0135556 0.0106366 0.00794033 0.00554078 0.00350736 0.00193047 0.000886892 0.000334852 0.000105726 2.8863e-05 7.02066e-06 1.55152e-06 3.14502e-07 5.85468e-08 9.93645e-09 1.50781e-09 1.95969e-10 1.96796e-11 1.09008e-12 0 
0 2.39129e-05 0.000249433 0.00114145 0.00312365 0.0060923 0.00972405 0.0137504 0.0179159 0.0219543 0.0256047 0.0286335 0.0308556 0.032149 0.0324632 0.0318197 0.0303049 0.0280572 0.0252504 0.0220747 0.018719 0.0153559 0.0121297 0.00915009 0.00649402 0.00422236 0.00241321 0.00115709 0.000453255 0.000146548 4.04586e-05 9.86932e-06 2.17733e-06 4.39646e-07 8.14607e-08 1.37607e-08 2.07947e-09 2.694e-10 2.70017e-11 1.49519e-12 0 
0 2.87193e-05 0.000295749 0.00131947 0.00351032 0.00671428 0.0106052 0.0149142 0.0193726 0.0236968 0.0276077 0.0308556 0.0332418 0.0346353 0.0349811 0.0343016 0.0326884 0.0302892 0.0272897 0.0238935 0.0203031 0.0167038 0.0132505 0.0100615 0.00721706 0.00477404 0.00279948 0.00138536 0.000559038 0.0001846 5.15562e-05 1.26378e-05 2.79155e-06 5.63478e-07 1.04334e-07 1.76205e-08 2.66485e-09 3.46033e-10 3.48304e-11 1.94146e-12 0 
0 3.17865e-05 0.000324671 0.00142686 0.00373676 0.00707413 0.0111138 0.0155861 0.0202147 0.0247058 0.0287703 0.032149 0.0346353 0.0360924 0.0364627 0.0357684 0.0341037 0.0316214 0.0285136 0.0249914 0.0212654 0.017528 0.013941 0.0106275 0.0076709 0.00512628 0.00305371 0.00154255 0.000635654 0.000213391 6.02401e-05 1.48638e-05 3.2981e-06 6.68418e-07 1.24337e-07 2.11243e-08 3.22026e-09 4.22562e-10 4.31105e-11 2.44357e-12 0 
0 3.25891e-05 0.000332034 0.00145321 0.00379037 0.00715751 0.0112307 0.0157407 0.0204098 0.0249425 0.0290475 0.0324632 0.0349811 0.0364627 0.0368491 0.0361614 0.0344943 0.0320005 0.0288734 0.0253255 0.0215689 0.017798 0.0141765 0.0108292 0.00784055 0.00526536 0.00316076 0.00161386 0.000673254 0.00022865 6.51972e-05 1.62334e-05 3.63552e-06 7.44605e-07 1.40279e-07 2.42069e-08 3.76111e-09 5.04944e-10 5.29086e-11 3.09059e-12 0 
0 3.10543e-05 0.00031745 0.00139867 0.00367416 0.00697071 0.0109652 0.0153903 0.0199734 0.0244249 0.0284591 0.0318197 0.0343016 0.0357684 0.0361614 0.0355009 0.0338784 0.0314432 0.0283839 0.0249086 0.0212251 0.0175242 0.0139666 0.0106754 0.00773416 0.00519787 0.00312426 0.00159962 0.000670896 0.000229785 6.62747e-05 1.67406e-05 3.8159e-06 7.9855e-07 1.54395e-07 2.74727e-08 4.42172e-09 6.17302e-10 6.74287e-11 4.10879e-12 0 
0 2.75514e-05 0.000284073 0.00127281 0.00340463 0.00653828 0.010352 0.014581 0.0189631 0.0232217 0.027084 0.0303049 0.0326884 0.0341037 0.0344943 0.0338784 0.0323428 0.0300292 0.0271171 0.0238045 0.0202896 0.0167542 0.0133521 0.0102008 0.0073813 0.00494897 0.00296473 0.00151436 0.000636634 0.000220246 6.46952e-05 1.67709e-05 3.95138e-06 8.60526e-07 1.74193e-07 3.26005e-08 5.53157e-09 8.13778e-10 9.33717e-11 5.94372e-12 0 
0 2.27655e-05 0.000237726 0.00109288 0.00300967 0.00589955 0.00944617 0.0133858 0.0174706 0.0214425 0.0250474 0.0280572 0.0302892 0.0316214 0.0320005 0.0314432 0.0300292 0.02789 0.0251917 0.0221183 0.0188535 0.0155662 0.0123991 0.00946153 0.00682986 0.00456026 0.00271768 0.00138479 0.000586108 0.000207008 6.29871e-05 1.71281e-05 4.27537e-06 9.9294e-07 2.14887e-07 4.29119e-08 7.72328e-09 1.19467e-09 1.42664e-10 9.35457e-12 0 
0 1.75057e-05 0.000185584 0.000881515 0.00252642 0.00510465 0.00831632 0.0118958 0.0156102 0.0192241 0.0225066 0.0252504 0.0272897 0.0285136 0.0288734 0.0283839 0.0271171 0.0251917 0.0227583 0.0199831 0.0170325 0.0140592 0.0111918 0.00852926 0.00614224 0.00408731 0.00243131 0.00124694 0.000540449 0.000199822 6.49261e-05 1.91058e-05 5.18714e-06 1.30639e-06 3.03706e-07 6.42884e-08 1.20878e-08 1.92657e-09 2.3423e-10 1.54855e-11 0 
0 1.25072e-05 0.000134664 0.000663715 0.00199905 0.00421107 0.00703805 0.0102101 0.0135066 0.0167159 0.0196332 0.0220747 0.0238935 0.0249914 0.0253255 0.0249086 0.0238045 0.0221183 0.0199831 0.0175461 0.0149543 0.0123424 0.00982348 0.00748481 0.00539065 0.0035961 0.00216255 0.00114254 0.000524586 0.000211202 7.59681e-05 2.47748e-05 7.36602e-06 1.99298e-06 4.87447e-07 1.06512e-07 2.03549e-08 3.25854e-09 3.9453e-10 2.58214e-11 0 
0 8.28633e-06 9.0451e-05 0.000462938 0.00147594 0.00328167 0.00568851 0.00842762 0.0112834 0.0140662 0.0165978 0.018719 0.0203031 0.0212654 0.0215689 0.0212251 0.0202896 0.0188535 0.0170325 0.0149543 0.0127464 0.0105251 0.00838818 0.00641125 0.00465151 0.00315706 0.00197094 0.0011155 0.000567433 0.000258252 0.00010473 3.76866e-05 1.20044e-05 3.38313e-06 8.42753e-07 1.84548e-07 3.4961e-08 5.50971e-09 6.53981e-10 4.18657e-11 0 
0 5.08048e-06 5.60129e-05 0.000296783 0.00100438 0.00238388 0.00434445 0.00663992 0.0090532 0.0114098 0.0135556 0.0153559 0.0167038 0.017528 0.017798 0.0175242 0.0167542 0.0155662 0.0140592 0.0123424 0.0105251 0.00870722 0.0069727 0.00538689 0.0039975 0.00283537 0.0019107 0.0012101 0.000705511 0.000367632 0.000166378 6.43126e-05 2.12077e-05 6.01776e-06 1.48285e-06 3.17965e-07 5.86672e-08 8.98291e-09 1.03527e-09 6.43783e-11 0 
0 2.87769e-06 3.18763e-05 0.000173686 0.000621971 0.00158679 0.00308446 0.00493082 0.00691238 0.00885971 0.0106366 0.0121297 0.0132505 0.013941 0.0141765 0.0139666 0.0133521 0.0123991 0.0111918 0.00982348 0.00838818 0.0069727 0.00565063 0.00447773 0.00348687 0.00268133 0.00203138 0.00148632 0.00100682 0.000597324 0.000295471 0.00011884 3.90655e-05 1.07644e-05 2.55053e-06 5.25333e-07 9.32407e-08 1.37595e-08 1.53163e-09 9.22127e-11 0 
0 1.50412e-06 1.66372e-05 9.23643e-05 0.000346772 0.000950049 0.00199122 0.00338275 0.00494327 0.00650528 0.00794033 0.00915009 0.0100615 0.0106275 0.0108292 0.0106754 0.0102008 0.00946153 0.00852926 0.00748481 0.00641125 0.00538689 0.00447773 0.00372873 0.00315692 0.00275151 0.00246829 0.0021951 0.0017768 0.00119255 0.00062466 0.000249662 7.72762e-05 1.94685e-05 4.2273e-06 8.13315e-07 1.3712e-07 1.94018e-08 2.08174e-09 1.21278e-10 0 
0 7.25151e-07 7.95914e-06 4.45579e-05 0.000173008 0.000503838 0.00114041 0.0020851 0.00322764 0.00442125 0.00554078 0.00649402 0.00721706 0.0076709 0.00784055 0.00773416 0.0073813 0.00682986 0.00614224 0.00539065 0.00465151 0.0039975 0.00348687 0.00315692 0.00304848 0.00327517 0.00394387 0.00467826 0.00456743 0.00330557 0.0017162 0.000641182 0.000176106 3.76345e-05 6.90229e-06 1.17255e-06 1.83465e-07 2.47563e-08 2.5613e-09 1.44663e-10 0 
0 3.22554e-07 3.4926e-06 1.95214e-05 7.72055e-05 0.000234935 0.000568205 0.00112032 0.0018589 0.00269021 0.00350736 0.00422236 0.00477404 0.00512628 0.00526536 0.00519787 0.00494897 0.00456026 0.00408731 0.0035961 0.00315706 0.00283537 0.00268133 0.00275151 0.00327517 0.00498923 0.00862309 0.0127154 0.013615 0.0100434 0.0050527 0.00175342 0.000429847 7.75531e-05 1.14115e-05 1.58896e-06 2.21141e-07 2.81748e-08 2.81573e-09 1.54805e-10 0 
0 1.32493e-07 1.40828e-06 7.79194e-06 3.0952e-05 9.65346e-05 0.000244625 0.000513806 0.000913058 0.00140715 0.00193047 0.00241321 0.00279948 0.00305371 0.00316076 0.00312426 0.00296473 0.00271768 0.00243131 0.00216255 0.00197094 0.0019107 0.00203138 0.00246829 0.00394387 0.00862309 0.0183976 0.029383 0.0323002 0.0239127 0.0118664 0.00396809 0.00091014 0.000147243 1.80998e-05 2.01376e-06 2.38352e-07 2.82575e-08 2.73478e-09 1.47224e-10 0 
0 5.03239e-08 5.23015e-07 2.84559e-06 1.12266e-05 3.528e-05 9.16647e-05 0.000200754 0.00037629 0.000613663 0.000886892 0.00115709 0.00138536 0.00154255 0.00161386 0.00159962 0.00151436 0.00138479 0.00124694 0.00114254 0.0011155 0.0012101 0.00148632 0.0021951 0.00467826 0.0127154 0.029383 0.0480667 0.053222 0.0394351 0.0194859 0.0064296 0.001431 0.00021893 2.41879e-05 2.25644e-06 2.25564e-07 2.46864e-08 2.32477e-09 1.23481e-10 0 
0 1.77016e-08 1.79364e-07 9.55033e-07 3.7122e-06 1.16053e-05 3.03642e-05 6.78504e-05 0.000131256 0.000222521 0.000334852 0.000453255 0.000559038 0.000635654 0.000673254 0.000670896 0.000636634 0.000586108 0.000540449 0.000524586 0.000567433 0.000705511 0.00100682 0.0017768 0.00456743 0.013615 0.0323002 0.053222 0.0590535 0.0437673 0.0215982 0.00709544 0.00156061 0.000232656 2.43634e-05 2.04861e-06 1.80763e-07 1.85399e-08 1.71693e-09 9.08173e-11 0 
0 5.7748e-09 5.69365e-08 2.95745e-07 1.12659e-06 3.47425e-06 9.04027e-06 2.02739e-05 3.97095e-05 6.86384e-05 0.000105726 0.000146548 0.0001846 0.000213391 0.00022865 0.000229785 0.000220246 0.000207008 0.000199822 0.000211202 0.000258252 0.000367632 0.000597324 0.00119255 0.00330557 0.0100434 0.0239127 0.0394351 0.0437673 0.0324375 0.0160044 0.00525371 0.00115156 0.000169919 1.74173e-05 1.40566e-06 1.1786e-07 1.18195e-08 1.09616e-09 5.83607e-11 0 
0 1.74905e-09 1.67605e-08 8.47675e-08 3.15446e-07 9.54685e-07 2.45173e-06 5.46072e-06 1.06896e-05 1.85695e-05 2.8863e-05 4.04586e-05 5.15562e-05 6.02401e-05 6.51972e-05 6.62747e-05 6.46952e-05 6.29871e-05 6.49261e-05 7.59681e-05 0.00010473 0.000166378 0.000295471 0.00062466 0.0017162 0.0050527 0.0118664 0.0194859 0.0215982 0.0160044 0.00790141 0.00259766 0.000569929 8.40325e-05 8.63113e-06 7.06437e-07 6.12453e-08 6.3598e-09 6.03916e-10 3.2718e-11 0 
0 4.91962e-10 4.57963e-09 2.25311e-08 8.1767e-08 2.4217e-07 6.11172e-07 1.34395e-06 2.60966e-06 4.5167e-06 7.02066e-06 9.86932e-06 1.26378e-05 1.48638e-05 1.62334e-05 1.67406e-05 1.67709e-05 1.71281e-05 1.91058e-05 2.47748e-05 3.76866e-05 6.43126e-05 0.00011884 0.000249662 0.000641182 0.00175342 0.00396809 0.0064296 0.00709544 0.00525371 0.00259766 0.000856727 0.000188731 2.80815e-05 2.9687e-06 2.62362e-07 2.56585e-08 2.90363e-09 2.8756e-10 1.60034e-11 0 
0 1.28374e-10 1.16094e-09 5.55492e-09 1.96462e-08 5.68652e-08 1.40727e-07 3.04577e-07 5.84345e-07 1.003e-06 1.55152e-06 2.17733e-06 2.79155e-06 3.2981e-06 3.63552e-06 3.8159e-06 3.95138e-06 4.27537e-06 5.18714e-06 7.36602e-06 1.20044e-05 2.12077e-05 3.90655e-05 7.72762e-05 0.000176106 0.000429847 0.00091014 0.001431 0.00156061 0.00115156 0.000569929 0.000188731 4.19904e-05 6.42195e-06 7.31392e-07 7.59635e-08 9.01138e-09 1.13902e-09 1.18741e-10 6.83572e-12 0 
0 3.09824e-11 2.72319e-10 1.26766e-09 4.36943e-09 1.23553e-08 2.99567e-08 6.37252e-08 1.2057e-07 2.04783e-07 3.14502e-07 4.39646e-07 5.63478e-07 6.68418e-07 7.44605e-07 7.9855e-07 8.60526e-07 9.9294e-07 1.30639e-06 1.99298e-06 3.38313e-06 6.01776e-06 1.07644e-05 1.94685e-05 3.76345e-05 7.75531e-05 0.000147243 0.00021893 0.000232656 0.000169919 8.40325e-05 2.80815e-05 6.42195e-06 1.05326e-06 1.40569e-07 1.88348e-08 2.76841e-09 3.88075e-10 4.26375e-11 2.55072e-12 0 
0 6.87196e-12 5.87503e-11 2.66257e-10 8.94902e-10 2.47275e-09 5.87363e-09 1.22759e-08 2.28893e-08 3.84344e-08 5.85468e-08 8.14607e-08 1.04334e-07 1.24337e-07 1.40279e-07 1.54395e-07 1.74193e-07 2.14887e-07 3.03706e-07 4.87447e-07 8.42753e-07 1.48285e-06 2.55053e-06 4.2273e-06 6.90229e-06 1.14115e-05 1.80998e-05 2.41879e-05 2.43634e-05 1.74173e-05 8.63113e-06 2.9687e-06 7.31392e-07 1.40569e-07 2.44952e-08 4.34979e-09 7.57664e-10 1.15184e-10 1.33116e-11 8.29864e-13 0 
0 1.38415e-12 1.15216e-11 5.08856e-11 1.66917e-10 4.51003e-10 1.05e-09 2.15655e-09 3.96278e-09 6.57753e-09 9.93645e-09 1.37607e-08 1.76205e-08 2.11243e-08 2.42069e-08 2.74727e-08 3.26005e-08 4.29119e-08 6.42884e-08 1.06512e-07 1.84548e-07 3.17965e-07 5.25333e-07 8.13315e-07 1.17255e-06 1.58896e-06 2.01376e-06 2.25644e-06 2.04861e-06 1.40566e-06 7.06437e-07 2.62362e-07 7.59635e-08 1.88348e-08 4.34979e-09 9.43843e-10 1.82899e-10 2.96095e-11 3.59271e-12 2.33764e-13 0 
0 2.47563e-13 2.00868e-12 8.65546e-12 2.77394e-11 7.33609e-11 1.67533e-10 3.38344e-10 6.12988e-10 1.0061e-09 1.50781e-09 2.07947e-09 2.66485e-09 3.22026e-09 3.76111e-09 4.42172e-09 5.53157e-09 7.72328e-09 1.20878e-08 2.03549e-08 3.4961e-08 5.86672e-08 9.32407e-08 1.3712e-07 1.83465e-07 2.21141e-07 2.38352e-07 2.25564e-07 1.80763e-07 1.1786e-07 6.12453e-08 2.56585e-08 9.01138e-09 2.76841e-09 7.57664e-10 1.82899e-10 3.79573e-11 6.48277e-12 8.24742e-13 5.60347e-14 0 
0 3.75941e-14 2.977e-13 1.25314e-12 3.92858e-12 1.01807e-11 2.2828e-11 4.5371e-11 8.11036e-11 1.31716e-10 1.95969e-10 2.694e-10 3.46033e-10 4.22562e-10 5.04944e-10 6.17302e-10 8.13778e-10 1.19467e-09 1.92657e-09 3.25854e-09 5.50971e-09 8.98291e-09 1.37595e-08 1.94018e-08 2.47563e-08 2.81748e-08 2.82575e-08 2.46864e-08 1.85399e-08 1.18195e-08 6.3598e-09 2.90363e-09 1.13902e-09 3.88075e-10 1.15184e-10 2.96095e-11 6.48277e-12 1.16285e-12 1.54884e-13 1.09837e-14 0 
0 4.3677e-15 3.37988e-14 1.39166e-13 4.27315e-13 1.08638e-12 2.39442e-12 4.68807e-12 8.2759e-12 1.33108e-11 1.96796e-11 2.70017e-11 3.48304e-11 4.31105e-11 5.29086e-11 6.74287e-11 9.33717e-11 1.42664e-10 2.3423e-10 3.9453e-10 6.53981e-10 1.03527e-09 1.53163e-09 2.08174e-09 2.5613e-09 2.81573e-09 2.73478e-09 2.32477e-09 1.71693e-09 1.09616e-09 6.03916e-10 2.8756e-10 1.18741e-10 4.26375e-11 1.33116e-11 3.59271e-12 8.24742e-13 1.54884e-13 2.15571e-14 1.59388e-15 0 
0 2.7696e-16 2.09706e-15 8.457e-15 2.54665e-14 6.35954e-14 1.37934e-13 2.66324e-13 4.64763e-13 7.41077e-13 1.09008e-12 1.49519e-12 1.94146e-12 2.44357e-12 3.09059e-12 4.10879e-12 5.94372e-12 9.35457e-12 1.54855e-11 2.58214e-11 4.18657e-11 6.43783e-11 9.22127e-11 1.21278e-10 1.44663e-10 1.54805e-10 1.47224e-10 1.23481e-10 9.08173e-11 5.83607e-11 3.2718e-11 1.60034e-11 6.83572e-12 2.55072e-12 8.29864e-13 2.33764e-13 5.60347e-14 1.09837e-14 1.59388e-15 1.22674e-16 0 
0 0 0 0 0 0 0 0 0 0 0 0 0 0 0 0 0 0 0 0 0 0 0 0 0 0 0 0 0 0 0 0 0 0 0 0 0 0 0 0 0 
