0 0 0 0 0 0 0 0 0 0 0 0 0 0 0 0 0 0 0 0 0 0 0 0 0 0 0 0 0 0 0 0 0 0 0 0 0 0 0 0 0 
0 5.88453e-10 5.54841e-09 2.73943e-08 9.87941e-08 2.87897e-07 7.08179e-07 1.50531e-06 2.80719e-06 4.64608e-06 6.89128e-06 9.23895e-06 1.12789e-05 1.26151e-05 1.29877e-05 1.23484e-05 1.08633e-05 8.84919e-06 6.6737e-06 4.65611e-06 3.00216e-06 1.78726e-06 9.81778e-07 4.97575e-07 2.32765e-07 1.00604e-07 4.02316e-08 1.49104e-08 5.13007e-09 1.64104e-09 4.88553e-10 1.35384e-10 3.48796e-11 8.32729e-12 1.83027e-12 3.65864e-13 6.50271e-14 9.82409e-15 1.13661e-15 7.18326e-17 0 
0 5.54841e-09 5.44594e-08 2.79464e-07 1.04356e-06 3.13082e-06 7.8716e-06 1.69662e-05 3.18352e-05 5.26735e-05 7.77604e-05 0.000103552 0.000125595 0.000139832 0.00014373 0.00013688 0.000120961 9.91677e-05 7.53097e-05 5.28542e-05 3.41942e-05 2.03474e-05 1.11206e-05 5.57996e-06 2.5721e-06 1.09083e-06 4.26553e-07 1.5417e-07 5.16314e-08 1.60571e-08 4.6447e-09 1.25046e-09 3.1309e-10 7.269e-11 1.55504e-11 3.02875e-12 5.25125e-13 7.74854e-14 8.76685e-15 5.42506e-16 0 
0 2.73943e-08 2.79464e-07 1.48666e-06 5.72181e-06 1.75381e-05 4.45485e-05 9.58335e-05 0.000177504 0.000287632 0.000414422 0.00053915 0.000641791 0.000706224 0.000723385 0.000692299 0.000619536 0.000517534 0.000402049 0.000288977 0.000191104 0.000115695 6.38954e-05 3.21445e-05 1.47408e-05 6.17668e-06 2.37304e-06 8.39163e-07 2.74163e-07 8.30249e-08 2.33623e-08 6.11659e-09 1.48962e-09 3.36593e-10 7.01421e-11 1.33221e-11 2.25511e-12 3.25293e-13 3.60255e-14 2.18496e-15 0 
0 9.87941e-08 1.04356e-06 5.72181e-06 2.24875e-05 6.94013e-05 0.000174427 0.000364818 0.000648272 0.00100171 0.00137828 0.00172466 0.00199531 0.00215926 0.00220152 0.00212221 0.00193469 0.00166353 0.00134174 0.00100713 0.000696822 0.000440054 0.000251589 0.000129606 6.0129e-05 2.52027e-05 9.59609e-06 3.33993e-06 1.06894e-06 3.16165e-07 8.67464e-08 2.21285e-08 5.25048e-09 1.15638e-09 2.35062e-10 4.35941e-11 7.21411e-12 1.01858e-12 1.1056e-13 6.58049e-15 0 
0 2.87897e-07 3.13082e-06 1.75381e-05 6.94013e-05 0.000211142 0.000510734 0.00100827 0.00167655 0.00243124 0.00317247 0.00381507 0.00429782 0.00458315 0.00465488 0.00451599 0.00418621 0.00369937 0.00310075 0.00244479 0.00179215 0.00120398 0.000730304 0.000395255 0.000189816 8.10317e-05 3.09751e-05 1.07053e-05 3.37678e-06 9.79728e-07 2.62971e-07 6.55368e-08 1.51851e-08 3.26651e-09 6.48933e-10 1.17726e-10 1.90776e-11 2.64093e-12 2.81401e-13 1.64629e-14 0 
0 7.08179e-07 7.8716e-06 4.45485e-05 0.000174427 0.000510734 0.00115918 0.00212155 0.00328453 0.00449722 0.00562928 0.00658264 0.00728769 0.00770079 0.00780346 0.00760137 0.00712168 0.00640905 0.00552087 0.00452313 0.00348818 0.00249423 0.00162196 0.000939864 0.000477904 0.000212194 8.27764e-05 2.87362e-05 9.0034e-06 2.57645e-06 6.79303e-07 1.6594e-07 3.76529e-08 7.93106e-09 1.54344e-09 2.74493e-10 4.36499e-11 5.93609e-12 6.22131e-13 3.58444e-14 0 
0 1.50531e-06 1.69662e-05 9.58335e-05 0.000364818 0.00100827 0.00212155 0.00360844 0.00527442 0.00694014 0.00846515 0.00973906 0.0106782 0.0112277 0.0113643 0.0110957 0.010458 0.00950974 0.0083249 0.00698551 0.00557596 0.00418143 0.00289085 0.00179752 0.000979941 0.000460589 0.000186459 6.58622e-05 2.06817e-05 5.87383e-06 1.52831e-06 3.67303e-07 8.18807e-08 1.69369e-08 3.23742e-09 5.6586e-10 8.8513e-11 1.18531e-11 1.2247e-12 6.96533e-14 0 
0 2.80719e-06 3.18352e-05 0.000177504 0.000648272 0.00167655 0.00328453 0.00527442 0.00741627 0.0095243 0.0114447 0.0130471 0.0142286 0.0149207 0.0150941 0.0147584 0.0139589 0.0127694 0.0112827 0.00960069 0.00782538 0.00605286 0.00437423 0.00288384 0.0016821 0.000843529 0.000358857 0.000130514 4.14471e-05 1.17585e-05 3.03378e-06 7.20163e-07 1.58268e-07 3.22507e-08 6.07297e-09 1.04621e-09 1.61425e-10 2.13452e-11 2.18037e-12 1.22763e-13 0 
0 4.64608e-06 5.26735e-05 0.000287632 0.00100171 0.00243124 0.00449722 0.00694014 0.0095243 0.0120558 0.0143604 0.016284 0.0177037 0.0185372 0.0187488 0.0183498 0.0173945 0.0159712 0.0141916 0.0121781 0.0100522 0.0079255 0.00589617 0.004055 0.0025003 0.00133342 0.000599028 0.000226143 7.31762e-05 2.08597e-05 5.36164e-06 1.26207e-06 2.74406e-07 5.52709e-08 1.02867e-08 1.75228e-09 2.67561e-10 3.50512e-11 3.55211e-12 1.9874e-13 0 
0 6.89128e-06 7.77604e-05 0.000414422 0.00137828 0.00317247 0.00562928 0.00846515 0.0114447 0.0143604 0.0170154 0.0192332 0.0208723 0.0218373 0.0220867 0.0216331 0.0205384 0.0189043 0.0168594 0.0145448 0.0121008 0.00965526 0.00731677 0.00517681 0.00332533 0.00186643 0.000882734 0.000346825 0.000114883 3.30557e-05 8.49879e-06 1.99118e-06 4.2988e-07 8.58962e-08 1.58585e-08 2.68127e-09 4.06773e-10 5.30202e-11 5.35567e-12 2.99327e-13 0 
0 9.23895e-06 0.000103552 0.00053915 0.00172466 0.00381507 0.00658264 0.00973906 0.0130471 0.016284 0.0192332 0.0216993 0.0235246 0.0246031 0.0248879 0.0243922 0.0231843 0.0213767 0.0191119 0.0165466 0.0138369 0.0111248 0.00852992 0.00614755 0.00406173 0.00236917 0.00116981 0.000477059 0.00016194 4.71595e-05 1.21679e-05 2.84758e-06 6.12746e-07 1.21952e-07 2.24325e-08 3.78242e-09 5.73146e-10 7.47722e-11 7.57934e-12 4.26413e-13 0 
0 1.12789e-05 0.000125595 0.000641791 0.00199531 0.00429782 0.00728769 0.0106782 0.0142286 0.0177037 0.0208723 0.0235246 0.0254914 0.0266582 0.0269739 0.0264519 0.0251647 0.0232324 0.0208075 0.0180582 0.0151523 0.0122424 0.00945702 0.00689607 0.00464095 0.00278027 0.00141806 0.000596377 0.000207034 6.10754e-05 1.58548e-05 3.71939e-06 8.01148e-07 1.59613e-07 2.94206e-08 4.98009e-09 7.59527e-10 1.00056e-10 1.02809e-11 5.8879e-13 0 
0 1.26151e-05 0.000139832 0.000706224 0.00215926 0.00458315 0.00770079 0.0112277 0.0149207 0.0185372 0.0218373 0.0246031 0.0266582 0.027883 0.0282234 0.0276925 0.0263648 0.0243642 0.021849 0.0189938 0.015973 0.012946 0.0100465 0.00737803 0.00502125 0.00305918 0.00159472 0.000685959 0.000242552 7.24673e-05 1.89736e-05 4.48096e-06 9.71689e-07 1.95164e-07 3.63561e-08 6.24082e-09 9.69297e-10 1.30657e-10 1.38041e-11 8.16471e-13 0 
0 1.29877e-05 0.00014373 0.000723385 0.00220152 0.00465488 0.00780346 0.0113643 0.0150941 0.0187488 0.0220867 0.0248879 0.0269739 0.0282234 0.028581 0.0280588 0.0267311 0.0247221 0.0221907 0.0193129 0.0162646 0.0132068 0.0102752 0.0075744 0.00518496 0.00318723 0.00168215 0.000734059 0.000263251 7.96675e-05 2.11166e-05 5.05338e-06 1.11307e-06 2.27925e-07 4.34948e-08 7.69049e-09 1.23729e-09 1.73635e-10 1.91668e-11 1.18605e-12 0 
0 1.23484e-05 0.00013688 0.000692299 0.00212221 0.00451599 0.00760137 0.0110957 0.0147584 0.0183498 0.0216331 0.0243922 0.0264519 0.0276925 0.0280588 0.0275619 0.0262733 0.0243142 0.0218396 0.0190216 0.0160324 0.0130303 0.0101484 0.00749037 0.00513621 0.00316599 0.00167916 0.00073878 0.000268131 8.24312e-05 2.22866e-05 5.46697e-06 1.24172e-06 2.63982e-07 5.26621e-08 9.79237e-09 1.66328e-09 2.46642e-10 2.8697e-11 1.86152e-12 0 
0 1.08633e-05 0.000120961 0.000619536 0.00193469 0.00418621 0.00712168 0.010458 0.0139589 0.0173945 0.0205384 0.0231843 0.0251647 0.0263648 0.0267311 0.0262733 0.0250589 0.0232025 0.0208513 0.0181688 0.0153191 0.012453 0.0096978 0.00715331 0.00489866 0.00301507 0.00159992 0.000708335 0.000261009 8.22874e-05 2.30443e-05 5.91361e-06 1.41852e-06 3.21004e-07 6.84885e-08 1.36255e-08 2.46564e-09 3.86383e-10 4.70161e-11 3.1542e-12 0 
0 8.84919e-06 9.91677e-05 0.000517534 0.00166353 0.00369937 0.00640905 0.00950974 0.0127694 0.0159712 0.0189043 0.0213767 0.0232324 0.0243642 0.0247221 0.0243142 0.0232025 0.0214927 0.019321 0.0168386 0.0141976 0.0115375 0.00897679 0.00660936 0.0045129 0.00276965 0.00147161 0.000659508 0.000250026 8.25454e-05 2.46013e-05 6.80492e-06 1.77275e-06 4.36014e-07 1.00491e-07 2.13511e-08 4.06796e-09 6.61456e-10 8.24106e-11 5.59791e-12 0 
0 6.6737e-06 7.53097e-05 0.000402049 0.00134174 0.00310075 0.00552087 0.0083249 0.0112827 0.0141916 0.0168594 0.0191119 0.0208075 0.021849 0.0221907 0.0218396 0.0208513 0.019321 0.0173715 0.0151393 0.0127616 0.0103642 0.00805444 0.00591896 0.00403314 0.00247729 0.0013309 0.000615158 0.0002468 8.8342e-05 2.9019e-05 8.89304e-06 2.55054e-06 6.80351e-07 1.66826e-07 3.69856e-08 7.22841e-09 1.18915e-09 1.48337e-10 1.00124e-11 0 
0 4.65611e-06 5.28542e-05 0.000288977 0.00100713 0.00244479 0.00452313 0.00698551 0.00960069 0.0121781 0.0145448 0.0165466 0.0180582 0.0189938 0.0193129 0.0190216 0.0181688 0.0168386 0.0151393 0.0131913 0.0111155 0.00902292 0.00700864 0.00515158 0.00352262 0.00219291 0.00121934 0.000601908 0.000266392 0.000107393 3.98071e-05 1.35591e-05 4.21688e-06 1.18793e-06 3.00555e-07 6.75113e-08 1.31915e-08 2.14983e-09 2.64059e-10 1.74837e-11 0 
0 3.00216e-06 3.41942e-05 0.000191104 0.000696822 0.00179215 0.00348818 0.00557596 0.00782538 0.0100522 0.0121008 0.0138369 0.0151523 0.015973 0.0162646 0.0160324 0.0153191 0.0141976 0.0127616 0.0111155 0.00936416 0.00760419 0.00591915 0.00437961 0.00304684 0.00197148 0.00117844 0.000649495 0.000329302 0.000152269 6.33455e-05 2.34222e-05 7.64758e-06 2.20113e-06 5.57959e-07 1.23944e-07 2.37567e-08 3.78003e-09 4.52214e-10 2.91363e-11 0 
0 1.78726e-06 2.03474e-05 0.000115695 0.000440054 0.00120398 0.00249423 0.00418143 0.00605286 0.0079255 0.00965526 0.0111248 0.0122424 0.012946 0.0132068 0.0130303 0.012453 0.0115375 0.0103642 0.00902292 0.00760419 0.0061924 0.00486112 0.00367046 0.00266352 0.00185905 0.00124622 0.00079315 0.000466989 0.000245726 0.000112083 4.3605e-05 1.44667e-05 4.13071e-06 1.02437e-06 2.21013e-07 4.10079e-08 6.30989e-09 7.30268e-10 4.55731e-11 0 
0 9.81778e-07 1.11206e-05 6.38954e-05 0.000251589 0.000730304 0.00162196 0.00289085 0.00437423 0.00589617 0.00731677 0.00852992 0.00945702 0.0100465 0.0102752 0.0101484 0.0096978 0.00897679 0.00805444 0.00700864 0.00591915 0.00486112 0.00389851 0.00307624 0.0024111 0.00188705 0.00146264 0.00109115 0.000746649 0.000442757 0.000217141 8.62805e-05 2.80446e-05 7.66956e-06 1.81152e-06 3.73153e-07 6.63414e-08 9.81074e-09 1.09433e-09 6.60072e-11 0 
0 4.97575e-07 5.57996e-06 3.21445e-05 0.000129606 0.000395255 0.000939864 0.00179752 0.00288384 0.004055 0.00517681 0.00614755 0.00689607 0.00737803 0.0075744 0.00749037 0.00715331 0.00660936 0.00591896 0.00515158 0.00437961 0.00367046 0.00307624 0.00262271 0.00230467 0.002095 0.00194931 0.0017761 0.00145203 0.000971151 0.000500769 0.000195218 5.87245e-05 1.442e-05 3.07681e-06 5.87071e-07 9.87426e-08 1.39723e-08 1.50025e-09 8.74735e-11 0 
0 2.32765e-07 2.5721e-06 1.47408e-05 6.0129e-05 0.000189816 0.000477904 0.000979941 0.0016821 0.0025003 0.00332533 0.00406173 0.00464095 0.00502125 0.00518496 0.00513621 0.00489866 0.0045129 0.00403314 0.00352262 0.00304684 0.00266352 0.0024111 0.00230467 0.00236303 0.00267451 0.00332918 0.00400664 0.00392819 0.00283862 0.00146152 0.000535658 0.000142649 2.93456e-05 5.18978e-06 8.60889e-07 1.3339e-07 1.79537e-08 1.8569e-09 1.04896e-10 0 
0 1.00604e-07 1.09083e-06 6.17668e-06 2.52027e-05 8.10317e-05 0.000212194 0.000460589 0.000843529 0.00133342 0.00186643 0.00236917 0.00278027 0.00305918 0.00318723 0.00316599 0.00301507 0.00276965 0.00247729 0.00219291 0.00197148 0.00185905 0.00188705 0.002095 0.00267451 0.00425242 0.0074558 0.0110309 0.0118197 0.00871709 0.00437817 0.00150934 0.000363452 6.35231e-05 8.94932e-06 1.19469e-06 1.62436e-07 2.05449e-08 2.05003e-09 1.12674e-10 0 
0 4.02316e-08 4.26553e-07 2.37304e-06 9.59609e-06 3.09751e-05 8.27764e-05 0.000186459 0.000358857 0.000599028 0.000882734 0.00116981 0.00141806 0.00159472 0.00168215 0.00167916 0.00159992 0.00147161 0.0013309 0.00121934 0.00117844 0.00124622 0.00146264 0.00194931 0.00332918 0.0074558 0.0159745 0.0255309 0.0280694 0.0207798 0.0103085 0.00344132 0.000783249 0.000124229 1.47344e-05 1.55936e-06 1.7736e-07 2.07079e-08 1.99729e-09 1.07447e-10 0 
0 1.49104e-08 1.5417e-07 8.39163e-07 3.33993e-06 1.07053e-05 2.87362e-05 6.58622e-05 0.000130514 0.000226143 0.000346825 0.000477059 0.000596377 0.000685959 0.000734059 0.00073878 0.000708335 0.000659508 0.000615158 0.000601908 0.000649495 0.00079315 0.00109115 0.0017761 0.00400664 0.0110309 0.0255309 0.041775 0.0462573 0.0342742 0.0169342 0.00558436 0.00123843 0.000187195 2.0152e-05 1.79413e-06 1.70312e-07 1.81789e-08 1.70185e-09 9.02944e-11 0 
0 5.13007e-09 5.16314e-08 2.74163e-07 1.06894e-06 3.37678e-06 9.0034e-06 2.06817e-05 4.14471e-05 7.31762e-05 0.000114883 0.00016194 0.000207034 0.000242552 0.000263251 0.000268131 0.000261009 0.000250026 0.0002468 0.000266392 0.000329302 0.000466989 0.000746649 0.00145203 0.00392819 0.0118197 0.0280694 0.0462573 0.051328 0.0380404 0.0187712 0.00616448 0.00135268 0.000199954 2.05308e-05 1.65704e-06 1.38154e-07 1.3709e-08 1.25906e-09 6.65019e-11 0 
0 1.64104e-09 1.60571e-08 8.30249e-08 3.16165e-07 9.79728e-07 2.57645e-06 5.87383e-06 1.17585e-05 2.08597e-05 3.30557e-05 4.71595e-05 6.10754e-05 7.24673e-05 7.96675e-05 8.24312e-05 8.22874e-05 8.25454e-05 8.8342e-05 0.000107393 0.000152269 0.000245726 0.000442757 0.000971151 0.00283862 0.00871709 0.0207798 0.0342742 0.0380404 0.0281931 0.0139093 0.00456407 0.000998102 0.000146208 1.47358e-05 1.14509e-06 9.06053e-08 8.75897e-09 8.04723e-10 4.2777e-11 0 
0 4.88553e-10 4.6447e-09 2.33623e-08 8.67464e-08 2.62971e-07 6.79303e-07 1.52831e-06 3.03378e-06 5.36164e-06 8.49879e-06 1.21679e-05 1.58548e-05 1.89736e-05 2.11166e-05 2.22866e-05 2.30443e-05 2.46013e-05 2.9019e-05 3.98071e-05 6.33455e-05 0.000112083 0.000217141 0.000500769 0.00146152 0.00437817 0.0103085 0.0169342 0.0187712 0.0139093 0.00686595 0.00225547 0.000493379 7.22085e-05 7.29215e-06 5.74204e-07 4.69797e-08 4.71131e-09 4.4357e-10 2.39975e-11 0 
0 1.35384e-10 1.25046e-09 6.11659e-09 2.21285e-08 6.55368e-08 1.6594e-07 3.67303e-07 7.20163e-07 1.26207e-06 1.99118e-06 2.84758e-06 3.71939e-06 4.48096e-06 5.05338e-06 5.46697e-06 5.91361e-06 6.80492e-06 8.89304e-06 1.35591e-05 2.34222e-05 4.3605e-05 8.62805e-05 0.000195218 0.000535658 0.00150934 0.00344132 0.00558436 0.00616448 0.00456407 0.00225547 0.000742597 0.000162921 2.40309e-05 2.4901e-06 2.10713e-07 1.9498e-08 2.14603e-09 2.11224e-10 1.17432e-11 0 
0 3.48796e-11 3.1309e-10 1.48962e-09 5.25048e-09 1.51851e-08 3.76529e-08 8.18807e-08 1.58268e-07 2.74406e-07 4.2988e-07 6.12746e-07 8.01148e-07 9.71689e-07 1.11307e-06 1.24172e-06 1.41852e-06 1.77275e-06 2.55054e-06 4.21688e-06 7.64758e-06 1.44667e-05 2.80446e-05 5.87245e-05 0.000142649 0.000363452 0.000783249 0.00123843 0.00135268 0.000998102 0.000493379 0.000162921 3.6043e-05 5.4461e-06 6.03585e-07 5.9664e-08 6.75956e-09 8.39506e-10 8.72119e-11 5.01754e-12 0 
0 8.32729e-12 7.269e-11 3.36593e-10 1.15638e-09 3.26651e-09 7.93106e-09 1.69369e-08 3.22507e-08 5.52709e-08 8.58962e-08 1.21952e-07 1.59613e-07 1.95164e-07 2.27925e-07 2.63982e-07 3.21004e-07 4.36014e-07 6.80351e-07 1.18793e-06 2.20113e-06 4.13071e-06 7.66956e-06 1.442e-05 2.93456e-05 6.35231e-05 0.000124229 0.000187195 0.000199954 0.000146208 7.22085e-05 2.40309e-05 5.4461e-06 8.75964e-07 1.12582e-07 1.43802e-08 2.05346e-09 2.85457e-10 3.13142e-11 1.87266e-12 0 
0 1.83027e-12 1.55504e-11 7.01421e-11 2.35062e-10 6.48933e-10 1.54344e-09 3.23742e-09 6.07297e-09 1.02867e-08 1.58585e-08 2.24325e-08 2.94206e-08 3.63561e-08 4.34948e-08 5.26621e-08 6.84885e-08 1.00491e-07 1.66826e-07 3.00555e-07 5.57959e-07 1.02437e-06 1.81152e-06 3.07681e-06 5.18978e-06 8.94932e-06 1.47344e-05 2.0152e-05 2.05308e-05 1.47358e-05 7.29215e-06 2.4901e-06 6.03585e-07 1.12582e-07 1.8846e-08 3.24538e-09 5.5841e-10 8.4644e-11 9.77638e-12 6.09351e-13 0 
0 3.65864e-13 3.02875e-12 1.33221e-11 4.35941e-11 1.17726e-10 2.74493e-10 5.6586e-10 1.04621e-09 1.75228e-09 2.68127e-09 3.78242e-09 4.98009e-09 6.24082e-09 7.69049e-09 9.79237e-09 1.36255e-08 2.13511e-08 3.69856e-08 6.75113e-08 1.23944e-07 2.21013e-07 3.73153e-07 5.87071e-07 8.60889e-07 1.19469e-06 1.55936e-06 1.79413e-06 1.65704e-06 1.14509e-06 5.74204e-07 2.10713e-07 5.9664e-08 1.43802e-08 3.24538e-09 6.96322e-10 1.34466e-10 2.17514e-11 2.63865e-12 1.71664e-13 0 
0 6.50271e-14 5.25125e-13 2.25511e-12 7.21411e-12 1.90776e-11 4.36499e-11 8.8513e-11 1.61425e-10 2.67561e-10 4.06773e-10 5.73146e-10 7.59527e-10 9.69297e-10 1.23729e-09 1.66328e-09 2.46564e-09 4.06796e-09 7.22841e-09 1.31915e-08 2.37567e-08 4.10079e-08 6.63414e-08 9.87426e-08 1.3339e-07 1.62436e-07 1.7736e-07 1.70312e-07 1.38154e-07 9.06053e-08 4.69797e-08 1.9498e-08 6.75956e-09 2.05346e-09 5.5841e-10 1.34466e-10 2.78863e-11 4.7618e-12 6.05739e-13 4.11513e-14 0 
0 9.82409e-15 7.74854e-14 3.25293e-13 1.01858e-12 2.64093e-12 5.93609e-12 1.18531e-11 2.13452e-11 3.50512e-11 5.30202e-11 7.47722e-11 1.00056e-10 1.30657e-10 1.73635e-10 2.46642e-10 3.86383e-10 6.61456e-10 1.18915e-09 2.14983e-09 3.78003e-09 6.30989e-09 9.81074e-09 1.39723e-08 1.79537e-08 2.05449e-08 2.07079e-08 1.81789e-08 1.3709e-08 8.75897e-09 4.71131e-09 2.14603e-09 8.39506e-10 2.85457e-10 8.4644e-11 2.17514e-11 4.7618e-12 8.54111e-13 1.13756e-13 8.06655e-15 0 
0 1.13661e-15 8.76685e-15 3.60255e-14 1.1056e-13 2.81401e-13 6.22131e-13 1.2247e-12 2.18037e-12 3.55211e-12 5.35567e-12 7.57934e-12 1.02809e-11 1.38041e-11 1.91668e-11 2.8697e-11 4.70161e-11 8.24106e-11 1.48337e-10 2.64059e-10 4.52214e-10 7.30268e-10 1.09433e-09 1.50025e-09 1.8569e-09 2.05003e-09 1.99729e-09 1.70185e-09 1.25906e-09 8.04723e-10 4.4357e-10 2.11224e-10 8.72119e-11 3.13142e-11 9.77638e-12 2.63865e-12 6.05739e-13 1.13756e-13 1.58324e-14 1.17056e-15 0 
0 7.18326e-17 5.42506e-16 2.18496e-15 6.58049e-15 1.64629e-14 3.58444e-14 6.96533e-14 1.22763e-13 1.9874e-13 2.99327e-13 4.26413e-13 5.8879e-13 8.16471e-13 1.18605e-12 1.86152e-12 3.1542e-12 5.59791e-12 1.00124e-11 1.74837e-11 2.91363e-11 4.55731e-11 6.60072e-11 8.74735e-11 1.04896e-10 1.12674e-10 1.07447e-10 9.02944e-11 6.65019e-11 4.2777e-11 2.39975e-11 1.17432e-11 5.01754e-12 1.87266e-12 6.09351e-13 1.71664e-13 4.11513e-14 8.06655e-15 1.17056e-15 9.00914e-17 0 
0 0 0 0 0 0 0 0 0 0 0 0 0 0 0 0 0 0 0 0 0 0 0 0 0 0 0 0 0 0 0 0 0 0 0 0 0 0 0 0 0 
