0 0 0 0 0 0 0 0 0 0 0 0 0 0 0 0 0 0 0 0 0 0 0 0 0 0 0 0 0 0 0 0 0 0 0 0 0 0 0 0 0 
0 2.0956e-14 2.00718e-13 1.02062e-12 3.8508e-12 1.19351e-11 3.17218e-11 7.38543e-11 1.52358e-10 2.80352e-10 4.62011e-10 6.83733e-10 9.10538e-10 1.0931e-09 1.18505e-09 1.16237e-09 1.03365e-09 8.35274e-10 6.14905e-10 4.1353e-10 2.54804e-10 1.44294e-10 7.53394e-11 3.63859e-11 1.6307e-11 6.80291e-12 2.64956e-12 9.65988e-13 3.30445e-13 1.06256e-13 3.21551e-14 9.16052e-15 2.45438e-15 6.16685e-16 1.44444e-16 3.11853e-17 6.07445e-18 1.02196e-18 1.33995e-19 9.78068e-21 0 
0 2.00718e-13 1.99155e-12 1.04944e-11 4.10179e-11 1.31557e-10 3.61212e-10 8.66735e-10 1.83759e-09 3.4636e-09 5.8255e-09 8.76448e-09 1.18174e-08 1.43039e-08 1.55703e-08 1.52719e-08 1.35275e-08 1.08482e-08 7.89835e-09 5.23709e-09 3.1729e-09 1.76258e-09 9.01027e-10 4.25412e-10 1.86186e-10 7.58023e-11 2.88056e-11 1.02487e-11 3.42329e-12 1.07588e-12 3.18648e-13 8.89999e-14 2.34286e-14 5.79839e-15 1.34173e-15 2.87138e-16 5.56437e-17 9.34967e-18 1.22908e-18 9.02668e-20 0 
0 1.02062e-12 1.04944e-11 5.73409e-11 2.32339e-10 7.71744e-10 2.19077e-09 5.42232e-09 1.18238e-08 2.28449e-08 3.92397e-08 6.00494e-08 8.20118e-08 1.00123e-07 1.0946e-07 1.07382e-07 9.47556e-08 7.54172e-08 5.43092e-08 3.55057e-08 2.11516e-08 1.15268e-08 5.76959e-09 2.66343e-09 1.13862e-09 4.52571e-10 1.6789e-10 5.83348e-11 1.90443e-11 5.85729e-12 1.70059e-12 4.66625e-13 1.20991e-13 2.95858e-14 6.78805e-15 1.44603e-15 2.80099e-16 4.72389e-17 6.25666e-18 4.64379e-19 0 
0 3.8508e-12 4.10179e-11 2.32339e-10 9.75812e-10 3.35663e-09 9.85146e-09 2.51516e-08 5.64121e-08 1.11735e-07 1.96016e-07 3.05145e-07 4.22181e-07 5.19935e-07 5.71012e-07 5.60441e-07 4.92855e-07 3.89502e-07 2.77567e-07 1.79028e-07 1.04939e-07 5.61418e-08 2.75376e-08 1.24407e-08 5.20034e-09 2.02037e-09 7.32676e-10 2.49012e-10 7.9605e-11 2.40132e-11 6.8525e-12 1.85294e-12 4.74975e-13 1.15246e-13 2.63454e-14 5.61652e-15 1.09357e-15 1.86136e-16 2.4961e-17 1.8795e-18 0 
0 1.19351e-11 1.31557e-10 7.71744e-10 3.35663e-09 1.1947e-08 3.62239e-08 9.53318e-08 2.19792e-07 4.46045e-07 7.98825e-07 1.26457e-06 1.77199e-06 2.2013e-06 2.42895e-06 2.38606e-06 2.09249e-06 1.64341e-06 1.16013e-06 7.39096e-07 4.26822e-07 2.24491e-07 1.08071e-07 4.78603e-08 1.95978e-08 7.45725e-09 2.64962e-09 8.83083e-10 2.77243e-10 8.22975e-11 2.31706e-11 6.20155e-12 1.57947e-12 3.82421e-13 8.76405e-14 1.88177e-14 3.70579e-15 6.40075e-16 8.72714e-17 6.68354e-18 0 
0 3.17218e-11 3.61212e-10 2.19077e-09 9.85146e-09 3.62239e-08 1.133e-07 3.06943e-07 7.26535e-07 1.50895e-06 2.75595e-06 4.43258e-06 6.28655e-06 7.87489e-06 8.73064e-06 8.58819e-06 7.51761e-06 5.8753e-06 4.11524e-06 2.59432e-06 1.47899e-06 7.66378e-07 3.62917e-07 1.57936e-07 6.352e-08 2.37416e-08 8.29142e-09 2.71964e-09 8.41896e-10 2.4705e-10 6.89831e-11 1.83826e-11 4.6823e-12 1.13927e-12 2.6365e-13 5.74147e-14 1.15057e-14 2.02591e-15 2.81603e-16 2.19494e-17 0 
0 7.38543e-11 8.66735e-10 5.42232e-09 2.51516e-08 9.53318e-08 3.06943e-07 8.54294e-07 2.07212e-06 4.39656e-06 8.1752e-06 1.33387e-05 1.91232e-05 2.41359e-05 2.68818e-05 2.64948e-05 2.31796e-05 1.80616e-05 1.2582e-05 7.86963e-06 4.44125e-06 2.27393e-06 1.06249e-06 4.55848e-07 1.80704e-07 6.65981e-08 2.29583e-08 7.44647e-09 2.28514e-09 6.66912e-10 1.85948e-10 4.97082e-11 1.27654e-11 3.14727e-12 7.41307e-13 1.64842e-13 3.37834e-14 6.0812e-15 8.62221e-16 6.8305e-17 0 
0 1.52358e-10 1.83759e-09 1.18238e-08 5.64121e-08 2.19792e-07 7.26535e-07 2.07212e-06 5.13748e-06 1.11087e-05 2.0979e-05 3.46432e-05 5.01059e-05 6.36298e-05 7.11633e-05 7.03225e-05 6.1599e-05 4.79823e-05 3.33517e-05 2.0771e-05 1.16476e-05 5.91502e-06 2.73778e-06 1.16282e-06 4.56367e-07 1.6666e-07 5.70216e-08 1.84012e-08 5.63686e-09 1.64897e-09 4.6307e-10 1.25335e-10 3.27581e-11 8.25668e-12 1.99435e-12 4.55309e-13 9.57079e-14 1.76186e-14 2.54365e-15 2.04148e-16 0 
0 2.80352e-10 3.4636e-09 2.28449e-08 1.11735e-07 4.46045e-07 1.50895e-06 4.39656e-06 1.11087e-05 2.44036e-05 4.66599e-05 7.77398e-05 0.000113118 0.000144248 0.000161872 0.000160493 0.000141065 0.00011022 7.67651e-05 4.78225e-05 2.67729e-05 1.355e-05 6.24302e-06 2.63847e-06 1.03091e-06 3.75342e-07 1.28342e-07 4.1531e-08 1.28123e-08 3.79379e-09 1.08436e-09 3.00338e-10 8.06915e-11 2.09664e-11 5.22395e-12 1.22806e-12 2.64807e-13 4.97461e-14 7.28634e-15 5.89814e-16 0 
0 4.62011e-10 5.8255e-09 3.92397e-08 1.96016e-07 7.98825e-07 2.75595e-06 8.1752e-06 2.0979e-05 4.66599e-05 8.99992e-05 0.000150749 0.000219977 0.00028104 0.000316151 0.00031473 0.000278238 0.000218895 0.000153493 9.61642e-05 5.40485e-05 2.74172e-05 1.26484e-05 5.35233e-06 2.09624e-06 7.66768e-07 2.64313e-07 8.66169e-08 2.7208e-08 8.25169e-09 2.42947e-09 6.963e-10 1.94076e-10 5.23123e-11 1.34848e-11 3.26376e-12 7.20056e-13 1.37466e-13 2.03269e-14 1.65118e-15 0 
0 6.83733e-10 8.76448e-09 6.00494e-08 3.05145e-07 1.26457e-06 4.43258e-06 1.33387e-05 3.46432e-05 7.77398e-05 0.000150749 0.00025303 0.000369256 0.000471749 0.000531621 0.000531743 0.000473826 0.000376644 0.000267145 0.000169237 9.60659e-05 4.91549e-05 2.28609e-05 9.75848e-06 3.86311e-06 1.43324e-06 5.03515e-07 1.69155e-07 5.48211e-08 1.72586e-08 5.29932e-09 1.58752e-09 4.62115e-10 1.29594e-10 3.45438e-11 8.5812e-12 1.92796e-12 3.72029e-13 5.52325e-14 4.479e-15 0 
0 9.10538e-10 1.18174e-08 8.20118e-08 4.22181e-07 1.77199e-06 6.28655e-06 1.91232e-05 5.01059e-05 0.000113118 0.000219977 0.000369256 0.000538169 0.000687064 0.00077563 0.000780039 0.000701655 0.000564944 0.000406766 0.000261798 0.000150953 7.84336e-05 3.70575e-05 1.60984e-05 6.50787e-06 2.47808e-06 8.99242e-07 3.14253e-07 1.06651e-07 3.53327e-08 1.14391e-08 3.60716e-09 1.0997e-09 3.20561e-10 8.80346e-11 2.23283e-11 5.07852e-12 9.84657e-13 1.45954e-13 1.17563e-14 0 
0 1.0931e-09 1.43039e-08 1.00123e-07 5.19935e-07 2.2013e-06 7.87489e-06 2.41359e-05 6.36298e-05 0.000144248 0.00028104 0.000471749 0.000687064 0.000877378 0.000993206 0.00100516 0.000913483 0.000745915 0.000546361 0.000358498 0.000211044 0.000112113 5.42759e-05 2.4249e-05 1.01367e-05 4.01945e-06 1.53087e-06 5.65687e-07 2.04086e-07 7.2002e-08 2.4762e-08 8.24144e-09 2.62781e-09 7.92852e-10 2.23028e-10 5.73824e-11 1.31279e-11 2.54206e-12 3.7416e-13 2.97913e-14 0 
0 1.18505e-09 1.55703e-08 1.0946e-07 5.71012e-07 2.42895e-06 8.73064e-06 2.68818e-05 7.11633e-05 0.000161872 0.000316151 0.000531621 0.00077563 0.000993206 0.00112964 0.00115183 0.00105817 0.000876669 0.000653927 0.000438533 0.000264787 0.000144841 7.25613e-05 3.37643e-05 1.48191e-05 6.22526e-06 2.53327e-06 1.00622e-06 3.90909e-07 1.48025e-07 5.42165e-08 1.90114e-08 6.3097e-09 1.95786e-09 5.60163e-10 1.45181e-10 3.31894e-11 6.38025e-12 9.27581e-13 7.26723e-14 0 
0 1.16237e-09 1.52719e-08 1.07382e-07 5.60441e-07 2.38606e-06 8.58819e-06 2.64948e-05 7.03225e-05 0.000160493 0.00031473 0.000531743 0.000780039 0.00100516 0.00115183 0.00118533 0.00110171 0.000926473 0.000704422 0.00048399 0.000301231 0.000171074 8.97404e-05 4.41613e-05 2.07194e-05 9.39859e-06 4.15967e-06 1.8009e-06 7.59738e-07 3.09601e-07 1.20518e-07 4.42926e-08 1.51952e-08 4.81214e-09 1.38968e-09 3.60196e-10 8.17378e-11 1.55077e-11 2.21552e-12 1.70049e-13 0 
0 1.03365e-09 1.35275e-08 9.47556e-08 4.92855e-07 2.09249e-06 7.51761e-06 2.31796e-05 6.1599e-05 0.000141065 0.000278238 0.000473826 0.000701655 0.000913483 0.00105817 0.00110171 0.00103773 0.000887067 0.000688901 0.000486793 0.000314408 0.00018734 0.000104416 5.53324e-05 2.83078e-05 1.41299e-05 6.90397e-06 3.28765e-06 1.51052e-06 6.61077e-07 2.72024e-07 1.04015e-07 3.65848e-08 1.17263e-08 3.39069e-09 8.72365e-10 1.95195e-10 3.6336e-11 5.0759e-12 3.80091e-13 0 
0 8.35274e-10 1.08482e-08 7.54172e-08 3.89502e-07 1.64341e-06 5.8753e-06 1.80616e-05 4.79823e-05 0.00011022 0.000218895 0.000376644 0.000564944 0.000745915 0.000876669 0.000926473 0.000887067 0.000773334 0.00061615 0.000450748 0.000305123 0.000193424 0.000116595 6.78814e-05 3.86131e-05 2.15449e-05 1.17358e-05 6.16869e-06 3.08187e-06 1.44111e-06 6.22262e-07 2.45451e-07 8.77136e-08 2.82006e-08 8.09544e-09 2.05154e-09 4.49557e-10 8.16365e-11 1.10974e-11 8.07561e-13 0 
0 6.14905e-10 7.89835e-09 5.43092e-08 2.77567e-07 1.16013e-06 4.11524e-06 1.2582e-05 3.33517e-05 7.67651e-05 0.000153493 0.000267145 0.000406766 0.000546361 0.000653927 0.000704422 0.000688901 0.00061615 0.000507602 0.000388543 0.00027958 0.000191915 0.000127639 8.32554e-05 5.35062e-05 3.37167e-05 2.05624e-05 1.19224e-05 6.44982e-06 3.20104e-06 1.43825e-06 5.79697e-07 2.08399e-07 6.65571e-08 1.87979e-08 4.65473e-09 9.92116e-10 1.74758e-10 2.30124e-11 1.62169e-12 0 
0 4.1353e-10 5.23709e-09 3.55057e-08 1.79028e-07 7.39096e-07 2.59432e-06 7.86963e-06 2.0771e-05 4.78225e-05 9.61642e-05 0.000169237 0.000261798 0.000358498 0.000438533 0.00048399 0.000486793 0.000450748 0.000388543 0.00031593 0.000246104 0.000186659 0.000139666 0.000103691 7.60602e-05 5.43795e-05 3.71429e-05 2.36927e-05 1.38087e-05 7.22082e-06 3.34496e-06 1.36318e-06 4.87597e-07 1.5306e-07 4.2126e-08 1.01092e-08 2.08168e-09 3.53787e-10 4.49458e-11 3.05804e-12 0 
0 2.54804e-10 3.1729e-09 2.11516e-08 1.04939e-07 4.26822e-07 1.47899e-06 4.44125e-06 1.16476e-05 2.67729e-05 5.40485e-05 9.60659e-05 0.000150953 0.000211044 0.000264787 0.000301231 0.000314408 0.000305123 0.00027958 0.000246104 0.000211864 0.000181054 0.000154781 0.00013205 0.000111021 9.01159e-05 6.88491e-05 4.8192e-05 3.01342e-05 1.64937e-05 7.80209e-06 3.17615e-06 1.11566e-06 3.4001e-07 9.02429e-08 2.08129e-08 4.11412e-09 6.71418e-10 8.20153e-11 5.37555e-12 0 
0 1.44294e-10 1.76258e-09 1.15268e-08 5.61418e-08 2.24491e-07 7.66378e-07 2.27393e-06 5.91502e-06 1.355e-05 2.74172e-05 4.91549e-05 7.84336e-05 0.000112113 0.000144841 0.000171074 0.00018734 0.000193424 0.000191915 0.000186659 0.000181054 0.000176965 0.000174367 0.000171485 0.000165226 0.000152136 0.000130109 0.00010027 6.75477e-05 3.87137e-05 1.85523e-05 7.41739e-06 2.50362e-06 7.25874e-07 1.83003e-07 4.01667e-08 7.57492e-09 1.18249e-09 1.38559e-10 8.7377e-12 0 
0 7.53394e-11 9.01027e-10 5.76959e-09 2.75376e-08 1.08071e-07 3.62917e-07 1.06249e-06 2.73778e-06 6.24302e-06 1.26484e-05 2.28609e-05 3.70575e-05 5.42759e-05 7.25613e-05 8.97404e-05 0.000104416 0.000116595 0.000127639 0.000139666 0.000154781 0.000174367 0.000198398 0.000224575 0.00024761 0.000259716 0.000252719 0.000220863 0.000165735 0.00010169 4.93227e-05 1.88316e-05 5.81885e-06 1.5242e-06 3.51471e-07 7.196e-08 1.28385e-08 1.91094e-09 2.14568e-10 1.30191e-11 0 
0 3.63859e-11 4.25412e-10 2.66343e-09 1.24407e-08 4.78603e-08 1.57936e-07 4.55848e-07 1.16282e-06 2.63847e-06 5.35233e-06 9.75848e-06 1.60984e-05 2.4249e-05 3.37643e-05 4.41613e-05 5.53324e-05 6.78814e-05 8.32554e-05 0.000103691 0.00013205 0.000171485 0.000224575 0.000291727 0.000370268 0.000455542 0.000535015 0.000568396 0.000500434 0.000337335 0.000166376 5.95416e-05 1.59573e-05 3.45323e-06 6.64724e-07 1.20004e-07 1.98271e-08 2.80021e-09 3.01347e-10 1.76203e-11 0 
0 1.6307e-11 1.86186e-10 1.13862e-09 5.20034e-09 1.95978e-08 6.352e-08 1.80704e-07 4.56367e-07 1.03091e-06 2.09624e-06 3.86311e-06 6.50787e-06 1.01367e-05 1.48191e-05 2.07194e-05 2.83078e-05 3.86131e-05 5.35062e-05 7.60602e-05 0.000111021 0.000165226 0.00024761 0.000370268 0.000558367 0.00086585 0.0013213 0.00174581 0.00176381 0.00126998 0.000632599 0.000216469 5.16845e-05 9.11278e-06 1.34171e-06 1.92185e-07 2.7836e-08 3.68037e-09 3.79732e-10 2.14639e-11 0 
0 6.80291e-12 7.58023e-11 4.52571e-10 2.02037e-09 7.45725e-09 2.37416e-08 6.65981e-08 1.6666e-07 3.75342e-07 7.66768e-07 1.43324e-06 2.47808e-06 4.01945e-06 6.22526e-06 9.39859e-06 1.41299e-05 2.15449e-05 3.37167e-05 5.43795e-05 9.01159e-05 0.000152136 0.000259716 0.000455542 0.00086585 0.0017861 0.00345467 0.00524285 0.0056496 0.00416067 0.00206848 0.000691921 0.000156276 2.44379e-05 2.87611e-06 3.07104e-07 3.58356e-08 4.30306e-09 4.25e-10 2.33265e-11 0 
0 2.64956e-12 2.88056e-11 1.6789e-10 7.32676e-10 2.64962e-09 8.29142e-09 2.29583e-08 5.70216e-08 1.28342e-07 2.64313e-07 5.03515e-07 8.99242e-07 1.53087e-06 2.53327e-06 4.15967e-06 6.90397e-06 1.17358e-05 2.05624e-05 3.71429e-05 6.88491e-05 0.000130109 0.000252719 0.000535015 0.0013213 0.00345467 0.00764603 0.0122899 0.0135266 0.0100107 0.00495429 0.00163711 0.000361063 5.35689e-05 5.58385e-06 4.71793e-07 4.24161e-08 4.44643e-09 4.18683e-10 2.24386e-11 0 
0 9.65988e-13 1.02487e-11 5.83348e-11 2.49012e-10 8.83083e-10 2.71964e-09 7.44647e-09 1.84012e-08 4.1531e-08 8.66169e-08 1.69155e-07 3.14253e-07 5.65687e-07 1.00622e-06 1.8009e-06 3.28765e-06 6.16869e-06 1.19224e-05 2.36927e-05 4.8192e-05 0.00010027 0.000220863 0.000568396 0.00174581 0.00524285 0.0122899 0.0201479 0.0223175 0.0165345 0.00816282 0.00268091 0.000584848 8.48413e-05 8.36639e-06 6.17486e-07 4.45847e-08 4.01647e-09 3.6013e-10 1.89794e-11 0 
0 3.30445e-13 3.42329e-12 1.90443e-11 7.9605e-11 2.77243e-10 8.41896e-10 2.28514e-09 5.63686e-09 1.28123e-08 2.7208e-08 5.48211e-08 1.06651e-07 2.04086e-07 3.90909e-07 7.59738e-07 1.51052e-06 3.08187e-06 6.44982e-06 1.38087e-05 3.01342e-05 6.75477e-05 0.000165735 0.000500434 0.00176381 0.0056496 0.0135266 0.0223175 0.0247692 0.018356 0.00905341 0.00296555 0.000643624 9.24334e-05 8.89657e-06 6.1516e-07 3.88366e-08 3.10755e-09 2.6844e-10 1.40453e-11 0 
0 1.06256e-13 1.07588e-12 5.85729e-12 2.40132e-11 8.22975e-11 2.4705e-10 6.66912e-10 1.64897e-09 3.79379e-09 8.25169e-09 1.72586e-08 3.53327e-08 7.2002e-08 1.48025e-07 3.09601e-07 6.61077e-07 1.44111e-06 3.20104e-06 7.22082e-06 1.64937e-05 3.87137e-05 0.00010169 0.000337335 0.00126998 0.00416067 0.0100107 0.0165345 0.018356 0.0136034 0.00670756 0.00219503 0.000475295 6.79727e-05 6.48433e-06 4.38122e-07 2.63086e-08 2.01151e-09 1.72354e-10 9.06513e-12 0 
0 3.21551e-14 3.18648e-13 1.70059e-12 6.8525e-12 2.31706e-11 6.89831e-11 1.85948e-10 4.6307e-10 1.08436e-09 2.42947e-09 5.29932e-09 1.14391e-08 2.4762e-08 5.42165e-08 1.20518e-07 2.72024e-07 6.22262e-07 1.43825e-06 3.34496e-06 7.80209e-06 1.85523e-05 4.93227e-05 0.000166376 0.000632599 0.00206848 0.00495429 0.00816282 0.00905341 0.00670756 0.00330734 0.00108203 0.00023412 3.34685e-05 3.19743e-06 2.17841e-07 1.34648e-08 1.07685e-09 9.51065e-11 5.09684e-12 0 
0 9.16052e-15 8.89999e-14 4.66625e-13 1.85294e-12 6.20155e-12 1.83826e-11 4.97082e-11 1.25335e-10 3.00338e-10 6.963e-10 1.58752e-09 3.60716e-09 8.24144e-09 1.90114e-08 4.42926e-08 1.04015e-07 2.45451e-07 5.79697e-07 1.36318e-06 3.17615e-06 7.41739e-06 1.88316e-05 5.95416e-05 0.000216469 0.000691921 0.00163711 0.00268091 0.00296555 0.00219503 0.00108203 0.000353987 7.66551e-05 1.10013e-05 1.06547e-06 7.60009e-08 5.28256e-09 4.81408e-10 4.52275e-11 2.49769e-12 0 
0 2.45438e-15 2.34286e-14 1.20991e-13 4.74975e-13 1.57947e-12 4.6823e-12 1.27654e-11 3.27581e-11 8.06915e-11 1.94076e-10 4.62115e-10 1.0997e-09 2.62781e-09 6.3097e-09 1.51952e-08 3.65848e-08 8.77136e-08 2.08399e-07 4.87597e-07 1.11566e-06 2.50362e-06 5.81885e-06 1.59573e-05 5.16845e-05 0.000156276 0.000361063 0.000584848 0.000643624 0.000475295 0.00023412 7.66551e-05 1.66655e-05 2.42109e-06 2.43354e-07 1.93937e-08 1.68362e-09 1.84189e-10 1.86374e-11 1.06819e-12 0 
0 6.16685e-16 5.79839e-15 2.95858e-14 1.15246e-13 3.82421e-13 1.13927e-12 3.14727e-12 8.25668e-12 2.09664e-11 5.23123e-11 1.29594e-10 3.20561e-10 7.92852e-10 1.95786e-09 4.81214e-09 1.17263e-08 2.82006e-08 6.65571e-08 1.5306e-07 3.4001e-07 7.25874e-07 1.5242e-06 3.45323e-06 9.11278e-06 2.44379e-05 5.35689e-05 8.48413e-05 9.24334e-05 6.79727e-05 3.34685e-05 1.10013e-05 2.42109e-06 3.63634e-07 4.01153e-08 4.00571e-09 4.72221e-10 6.16224e-11 6.68331e-12 3.98939e-13 0 
0 1.44444e-16 1.34173e-15 6.78805e-15 2.63454e-14 8.76405e-14 2.6365e-13 7.41307e-13 1.99435e-12 5.22395e-12 1.34848e-11 3.45438e-11 8.80346e-11 2.23028e-10 5.60163e-10 1.38968e-09 3.39069e-09 8.09544e-09 1.87979e-08 4.2126e-08 9.02429e-08 1.83003e-07 3.51471e-07 6.64724e-07 1.34171e-06 2.87611e-06 5.58385e-06 8.36639e-06 8.89657e-06 6.48433e-06 3.19743e-06 1.06547e-06 2.43354e-07 4.01153e-08 5.48883e-09 7.78278e-10 1.22301e-10 1.81269e-11 2.08556e-12 1.29875e-13 0 
0 3.11853e-17 2.87138e-16 1.44603e-15 5.61652e-15 1.88177e-14 5.74147e-14 1.64842e-13 4.55309e-13 1.22806e-12 3.26376e-12 8.5812e-12 2.23283e-11 5.73824e-11 1.45181e-10 3.60196e-10 8.72365e-10 2.05154e-09 4.65473e-09 1.01092e-08 2.08129e-08 4.01667e-08 7.196e-08 1.20004e-07 1.92185e-07 3.07104e-07 4.71793e-07 6.17486e-07 6.1516e-07 4.38122e-07 2.17841e-07 7.60009e-08 1.93937e-08 4.00571e-09 7.78278e-10 1.5365e-10 2.88845e-11 4.64532e-12 5.62864e-13 3.66003e-14 0 
0 6.07445e-18 5.56437e-17 2.80099e-16 1.09357e-15 3.70579e-15 1.15057e-14 3.37834e-14 9.57079e-14 2.64807e-13 7.20056e-13 1.92796e-12 5.07852e-12 1.31279e-11 3.31894e-11 8.17378e-11 1.95195e-10 4.49557e-10 9.92116e-10 2.08168e-09 4.11412e-09 7.57492e-09 1.28385e-08 1.98271e-08 2.7836e-08 3.58356e-08 4.24161e-08 4.45847e-08 3.88366e-08 2.63086e-08 1.34648e-08 5.28256e-09 1.68362e-09 4.72221e-10 1.22301e-10 2.88845e-11 5.95836e-12 1.01621e-12 1.29218e-13 8.77565e-15 0 
0 1.02196e-18 9.34967e-18 4.72389e-17 1.86136e-16 6.40075e-16 2.02591e-15 6.0812e-15 1.76186e-14 4.97461e-14 1.37466e-13 3.72029e-13 9.84657e-13 2.54206e-12 6.38025e-12 1.55077e-11 3.6336e-11 8.16365e-11 1.74758e-10 3.53787e-10 6.71418e-10 1.18249e-09 1.91094e-09 2.80021e-09 3.68037e-09 4.30306e-09 4.44643e-09 4.01647e-09 3.10755e-09 2.01151e-09 1.07685e-09 4.81408e-10 1.84189e-10 6.16224e-11 1.81269e-11 4.64532e-12 1.01621e-12 1.82233e-13 2.42664e-14 1.72039e-15 0 
0 1.33995e-19 1.22908e-18 6.25666e-18 2.4961e-17 8.72714e-17 2.81603e-16 8.62221e-16 2.54365e-15 7.28634e-15 2.03269e-14 5.52325e-14 1.45954e-13 3.7416e-13 9.27581e-13 2.21552e-12 5.0759e-12 1.10974e-11 2.30124e-11 4.49458e-11 8.20153e-11 1.38559e-10 2.14568e-10 3.01347e-10 3.79732e-10 4.25e-10 4.18683e-10 3.6013e-10 2.6844e-10 1.72354e-10 9.51065e-11 4.52275e-11 1.86374e-11 6.68331e-12 2.08556e-12 5.62864e-13 1.29218e-13 2.42664e-14 3.37712e-15 2.49654e-16 0 
0 9.78068e-21 9.02668e-20 4.64379e-19 1.8795e-18 6.68354e-18 2.19494e-17 6.8305e-17 2.04148e-16 5.89814e-16 1.65118e-15 4.479e-15 1.17563e-14 2.97913e-14 7.26723e-14 1.70049e-13 3.80091e-13 8.07561e-13 1.62169e-12 3.05804e-12 5.37555e-12 8.7377e-12 1.30191e-11 1.76203e-11 2.14639e-11 2.33265e-11 2.24386e-11 1.89794e-11 1.40453e-11 9.06513e-12 5.09684e-12 2.49769e-12 1.06819e-12 3.98939e-13 1.29875e-13 3.66003e-14 8.77565e-15 1.72039e-15 2.49654e-16 1.92134e-17 0 
0 0 0 0 0 0 0 0 0 0 0 0 0 0 0 0 0 0 0 0 0 0 0 0 0 0 0 0 0 0 0 0 0 0 0 0 0 0 0 0 0 
