0 0 0 0 0 0 0 0 0 0 0 0 0 0 0 0 0 0 0 0 0 0 0 0 0 0 0 0 0 0 0 0 0 0 0 0 0 0 0 0 0 
0 4.34878e-07 3.86473e-06 1.69503e-05 5.09364e-05 0.000117084 0.000219418 0.00035162 0.000500122 0.00064932 0.000785257 0.000897176 0.000977771 0.00102296 0.00103152 0.00100474 0.000946057 0.000860697 0.000755268 0.000637372 0.000515129 0.000396579 0.000288938 0.000197742 0.000126102 7.43287e-05 4.01942e-05 1.98195e-05 8.87391e-06 3.59982e-06 1.32239e-06 4.40059e-07 1.32686e-07 3.62085e-08 8.90618e-09 1.95574e-09 3.758e-10 6.05518e-11 7.3871e-12 4.87651e-13 0 
0 3.86473e-06 3.50461e-05 0.000150998 0.000426305 0.000890327 0.00149805 0.00217111 0.00284185 0.00346313 0.00400173 0.00443279 0.00473829 0.00490756 0.00493796 0.00483478 0.00461036 0.00428247 0.00387234 0.00340272 0.00289648 0.00237614 0.0018644 0.00138486 0.000961435 0.000614975 0.000357329 0.000186392 8.66314e-05 3.57886e-05 1.31649e-05 4.32988e-06 1.27862e-06 3.39785e-07 8.11361e-08 1.72747e-08 3.21822e-09 5.03134e-10 5.96323e-11 3.83044e-12 0 
0 1.69503e-05 0.000150998 0.000601868 0.0014969 0.00273288 0.00412879 0.00556822 0.00697972 0.00829796 0.00945643 0.0103943 0.011064 0.0114364 0.0115026 0.0112737 0.0107784 0.0100593 0.00916775 0.00815846 0.00708447 0.00599226 0.00491882 0.00389169 0.00293369 0.00207109 0.00133895 0.000773723 0.000391594 0.000171707 6.5241e-05 2.16543e-05 6.34523e-06 1.65531e-06 3.85674e-07 7.98881e-08 1.44663e-08 2.19901e-09 2.53677e-10 1.58829e-11 0 
0 5.09364e-05 0.000426305 0.0014969 0.00323864 0.0053593 0.00769101 0.0101382 0.0125855 0.0148979 0.0169417 0.0186009 0.0197872 0.0204471 0.0205641 0.0201578 0.0192797 0.0180059 0.0164291 0.0146493 0.0127653 0.0108669 0.00902839 0.00730349 0.00572261 0.00429676 0.0030323 0.00195323 0.00110842 0.000537272 0.000219212 7.56391e-05 2.24328e-05 5.8167e-06 1.33279e-06 2.70013e-07 4.77095e-08 7.07313e-09 7.96249e-10 4.8706e-11 0 
0 0.000117084 0.000890327 0.00273288 0.0053593 0.00848719 0.011999 0.015738 0.0194976 0.0230564 0.026204 0.02876 0.0305877 0.0316044 0.0317845 0.0311584 0.0298051 0.0278425 0.0254135 0.0226728 0.0197736 0.0168566 0.0140407 0.0114176 0.00904683 0.00695352 0.00513032 0.00355577 0.00223242 0.00121196 0.000546904 0.000202318 6.2179e-05 1.62759e-05 3.70393e-06 7.38741e-07 1.27973e-07 1.85728e-08 2.04668e-09 1.22644e-10 0 
0 0.000219418 0.00149805 0.00412879 0.00769101 0.011999 0.0168954 0.022127 0.027392 0.0323772 0.036787 0.0403683 0.0429307 0.0443579 0.0446111 0.0437313 0.041833 0.0390824 0.0356792 0.0318398 0.027779 0.0236944 0.0197538 0.0160881 0.0127872 0.00989897 0.00742759 0.00533714 0.00357613 0.00213349 0.00107039 0.000433341 0.000141054 3.78848e-05 8.65505e-06 1.71163e-06 2.92196e-07 4.1681e-08 4.5114e-09 2.6561e-10 0 
0 0.00035162 0.00217111 0.00556822 0.0101382 0.015738 0.022127 0.0289583 0.0358344 0.0423458 0.0481121 0.0528543 0.0564697 0.0587266 0.0591602 0.0577128 0.0548758 0.0511348 0.0466619 0.0416444 0.0363409 0.0310069 0.0258618 0.0210775 0.0167732 0.0130166 0.00982536 0.00716797 0.004971 0.00315945 0.00173344 0.000770578 0.000269382 7.5272e-05 1.74382e-05 3.44319e-06 5.8219e-07 8.19562e-08 8.74247e-09 5.07225e-10 0 
0 0.000500122 0.00284185 0.00697972 0.0125855 0.0194976 0.027392 0.0358344 0.0443329 0.0523977 0.0598235 0.0672684 0.0736628 0.0771967 0.077835 0.0757599 0.0709291 0.0643229 0.0578611 0.0515252 0.0449607 0.0383683 0.0320104 0.026099 0.0207824 0.016146 0.0122169 0.00896885 0.00632423 0.00417267 0.00244277 0.00117912 0.000444059 0.000130196 3.08271e-05 6.11334e-06 1.02847e-06 1.43412e-07 1.51261e-08 8.67325e-10 0 
0 0.00064932 0.00346313 0.00829796 0.0148979 0.0230564 0.0323772 0.0423458 0.0523977 0.0623478 0.0737004 0.0828707 0.0874702 0.0895447 0.089938 0.0888023 0.0858237 0.0798708 0.0702506 0.0610962 0.0531366 0.0453406 0.0378335 0.0308544 0.0245785 0.0191071 0.0144746 0.0106566 0.00757451 0.00510276 0.00311816 0.00160545 0.000647188 0.000199508 4.84943e-05 9.69959e-06 1.62951e-06 2.25805e-07 2.36177e-08 1.342e-09 0 
0 0.000785257 0.00400173 0.00945643 0.0169417 0.026204 0.036787 0.0481121 0.0598235 0.0737004 0.0853647 0.0910342 0.0940746 0.0955679 0.0958765 0.0950799 0.0930499 0.0893392 0.0826382 0.0711668 0.06053 0.0515166 0.0429859 0.035062 0.027937 0.0217263 0.0164699 0.0121432 0.00866578 0.00590503 0.00370684 0.00199954 0.000852509 0.000275239 6.87246e-05 1.3894e-05 2.33681e-06 3.22631e-07 3.35491e-08 1.8937e-09 0 
0 0.000897176 0.00443279 0.0103943 0.0186009 0.02876 0.0403683 0.0528543 0.0672684 0.0828707 0.0910342 0.0953616 0.0978489 0.0991151 0.0993906 0.0987321 0.0970631 0.0941225 0.0892287 0.0803932 0.0673438 0.0565855 0.0471727 0.0384801 0.0306653 0.0238539 0.0180901 0.0133486 0.00954619 0.00654603 0.00417683 0.00232506 0.0010339 0.000346774 8.86948e-05 1.81257e-05 3.05618e-06 4.21219e-07 4.36393e-08 2.45222e-09 0 
0 0.000977771 0.00473829 0.011064 0.0197872 0.0305877 0.0429307 0.0564697 0.0736628 0.0874702 0.0940746 0.0978489 0.10009 0.10125 0.101511 0.100919 0.0994163 0.0968099 0.0926242 0.0855713 0.0730989 0.0603696 0.0501735 0.0409262 0.0326178 0.0253765 0.0192496 0.0142109 0.0101744 0.00700066 0.00450914 0.00255972 0.001171 0.000403768 0.000105214 2.16976e-05 3.6689e-06 5.0546e-07 5.22651e-08 2.92932e-09 0 
0 0.00102296 0.00490756 0.0114364 0.0204471 0.0316044 0.0443579 0.0587266 0.0771967 0.0895447 0.0955679 0.0991151 0.10125 0.102365 0.102619 0.102056 0.100627 0.098163 0.0942638 0.087896 0.0764034 0.0626384 0.0518514 0.0422894 0.0337062 0.0262255 0.0198963 0.0146919 0.0105248 0.00725376 0.00469424 0.00269241 0.00125125 0.000438497 0.000115594 2.39849e-05 4.06559e-06 5.60369e-07 5.79143e-08 3.24301e-09 0 
0 0.00103152 0.00493796 0.0115026 0.0205641 0.0317845 0.0446111 0.0591602 0.077835 0.089938 0.0958765 0.0993906 0.101511 0.102619 0.102873 0.102315 0.100896 0.098453 0.0945962 0.0883289 0.0770135 0.0630687 0.0521547 0.0425357 0.0339033 0.0263798 0.0200144 0.0147803 0.0105898 0.00730175 0.00473085 0.00272056 0.00126975 0.000447118 0.000118328 2.4616e-05 4.17935e-06 5.7667e-07 5.96472e-08 3.34235e-09 0 
0 0.00100474 0.00483478 0.0112737 0.0201578 0.0311584 0.0437313 0.0577128 0.0757599 0.0888023 0.0950799 0.0987321 0.100919 0.102056 0.102315 0.101738 0.100274 0.0977436 0.0937154 0.0870514 0.0750479 0.0616455 0.0511295 0.0417053 0.0332415 0.0258647 0.0196232 0.0144906 0.0103805 0.00715292 0.00462548 0.00264862 0.00122837 0.000429964 0.000113393 2.35693e-05 4.00498e-06 5.53556e-07 5.73788e-08 3.22277e-09 0 
0 0.000946057 0.00461036 0.0107784 0.0192797 0.0298051 0.041833 0.0548758 0.0709291 0.0858237 0.0930499 0.0970631 0.0994163 0.100627 0.100896 0.100274 0.0986965 0.0959429 0.0914605 0.0836857 0.070635 0.0587489 0.0489148 0.0399043 0.0318055 0.0247464 0.0187732 0.0138604 0.00992389 0.0068264 0.00439175 0.00248718 0.001135 0.000391159 0.000102165 2.11616e-05 3.59783e-06 4.98622e-07 5.18784e-08 2.92624e-09 0 
0 0.000860697 0.00428247 0.0100593 0.0180059 0.0278425 0.0390824 0.0511348 0.0643229 0.0798708 0.0893392 0.0941225 0.0968099 0.098163 0.098453 0.0977436 0.0959429 0.0927344 0.0872651 0.0771972 0.0647631 0.0547925 0.0457082 0.0372903 0.0297211 0.0231232 0.0175396 0.0129456 0.00926026 0.00635009 0.0040497 0.00225283 0.00100278 0.000337784 8.70281e-05 1.79449e-05 3.05503e-06 4.25279e-07 4.45121e-08 2.52756e-09 0 
0 0.000755268 0.00387234 0.00916775 0.0164291 0.0254135 0.0356792 0.0466619 0.0578611 0.0702506 0.0826382 0.0892287 0.0926242 0.0942638 0.0945962 0.0937154 0.0914605 0.0872651 0.0794695 0.0682238 0.058672 0.0500138 0.0417422 0.0340547 0.0271416 0.021115 0.0160138 0.0118143 0.00843865 0.00575858 0.0036257 0.00196878 0.000849518 0.000278732 7.0812e-05 1.45578e-05 2.48795e-06 3.48904e-07 3.68504e-08 2.11301e-09 0 
0 0.000637372 0.00340272 0.00815846 0.0146493 0.0226728 0.0318398 0.0416444 0.0515252 0.0610962 0.0711668 0.0803932 0.0855713 0.087896 0.0883289 0.0870514 0.0836857 0.0771972 0.0682238 0.0600331 0.05231 0.0446499 0.0372683 0.0304051 0.0242329 0.0188517 0.0142953 0.0105408 0.00751331 0.0050925 0.00315466 0.00166652 0.000696787 0.000223387 5.62318e-05 1.15835e-05 1.99638e-06 2.83196e-07 3.02907e-08 1.75924e-09 0 
0 0.000515129 0.00289648 0.00708447 0.0127653 0.0197736 0.027779 0.0363409 0.0449607 0.0531366 0.06053 0.0673438 0.0730989 0.0764034 0.0770135 0.0750479 0.070635 0.0647631 0.058672 0.05231 0.0456611 0.0389807 0.0325376 0.0265472 0.0211599 0.0164626 0.0124841 0.00920105 0.00654277 0.00440252 0.00268592 0.00138787 0.000568329 0.000180308 4.54597e-05 9.45541e-06 1.65168e-06 2.37728e-07 2.57916e-08 1.51788e-09 0 
0 0.000396579 0.00237614 0.00599226 0.0108669 0.0168566 0.0236944 0.0310069 0.0383683 0.0453406 0.0515166 0.0565855 0.0603696 0.0626384 0.0630687 0.0616455 0.0587489 0.0547925 0.0500138 0.0446499 0.0389807 0.0332793 0.0277811 0.0226701 0.0180748 0.0140696 0.0106785 0.007878 0.00560306 0.00376492 0.00229178 0.00118373 0.000486962 0.000156093 3.98965e-05 8.41683e-06 1.48948e-06 2.16785e-07 2.3736e-08 1.40706e-09 0 
0 0.000288938 0.0018644 0.00491882 0.00902839 0.0140407 0.0197538 0.0258618 0.0320104 0.0378335 0.0429859 0.0471727 0.0501735 0.0518514 0.0521547 0.0511295 0.0489148 0.0457082 0.0417422 0.0372683 0.0325376 0.0277811 0.0231957 0.0189361 0.0151139 0.0118016 0.00902702 0.00675301 0.00488602 0.00333945 0.00207553 0.00110416 0.000469335 0.00015438 4.006e-05 8.5065e-06 1.50708e-06 2.18926e-07 2.38812e-08 1.40882e-09 0 
0 0.000197742 0.00138486 0.00389169 0.00730349 0.0114176 0.0160881 0.0210775 0.026099 0.0308544 0.035062 0.0384801 0.0409262 0.0422894 0.0425357 0.0417053 0.0399043 0.0372903 0.0340547 0.0304051 0.0265472 0.0226701 0.0189361 0.0154801 0.01243 0.0099327 0.00807691 0.00667611 0.00529591 0.00374946 0.0023007 0.00121489 0.000525184 0.000175378 4.54561e-05 9.53073e-06 1.65966e-06 2.36746e-07 2.53734e-08 1.47218e-09 0 
0 0.000126102 0.000961435 0.00293369 0.00572261 0.00904683 0.0127872 0.0167732 0.0207824 0.0245785 0.027937 0.0306653 0.0326178 0.0337062 0.0339033 0.0332415 0.0318055 0.0297211 0.0271416 0.0242329 0.0211599 0.0180748 0.0151139 0.01243 0.010321 0.00936958 0.0100016 0.0112399 0.0108066 0.00788475 0.00429059 0.00186199 0.000700401 0.000219984 5.47076e-05 1.10383e-05 1.85823e-06 2.57409e-07 2.68863e-08 1.52482e-09 0 
0 7.43287e-05 0.000614975 0.00207109 0.00429676 0.00695352 0.00989897 0.0130166 0.016146 0.0191071 0.0217263 0.0238539 0.0253765 0.0262255 0.0263798 0.0258647 0.0247464 0.0231232 0.021115 0.0188517 0.0164626 0.0140696 0.0118016 0.0099327 0.00936958 0.0121903 0.0199808 0.0337458 0.0407995 0.0232213 0.0116198 0.00417073 0.00118642 0.000301733 6.64264e-05 1.23985e-05 1.98508e-06 2.65608e-07 2.69967e-08 1.49627e-09 0 
0 4.01942e-05 0.000357329 0.00133895 0.0030323 0.00513032 0.00742759 0.00982536 0.0122169 0.0144746 0.0164699 0.0180901 0.0192496 0.0198963 0.0200144 0.0196232 0.0187732 0.0175396 0.0160138 0.0142953 0.0124841 0.0106785 0.00902702 0.00807691 0.0100016 0.0199808 0.0485058 0.0774801 0.0796552 0.0685188 0.0272779 0.00909788 0.00219066 0.000436395 7.89172e-05 1.29695e-05 1.93672e-06 2.49736e-07 2.47793e-08 1.34757e-09 0 
0 1.98195e-05 0.000186392 0.000773723 0.00195323 0.00355577 0.00533714 0.00716797 0.00896885 0.0106566 0.0121432 0.0133486 0.0142109 0.0146919 0.0147803 0.0144906 0.0138604 0.0129456 0.0118143 0.0105408 0.00920105 0.007878 0.00675301 0.00667611 0.0112399 0.0337458 0.0774801 0.0856241 0.0865724 0.0822017 0.0589032 0.0146621 0.00332379 0.000572386 8.60875e-05 1.21842e-05 1.67435e-06 2.08323e-07 2.03091e-08 1.09117e-09 0 
0 8.87391e-06 8.66314e-05 0.000391594 0.00110842 0.00223242 0.00357613 0.004971 0.00632423 0.00757451 0.00866578 0.00954619 0.0101744 0.0105248 0.0105898 0.0103805 0.00992389 0.00926026 0.00843865 0.00751331 0.00654277 0.00560306 0.00488602 0.00529591 0.0108066 0.0407995 0.0796552 0.0865724 0.0875141 0.0840644 0.0684758 0.0164787 0.00359568 0.000582296 7.80391e-05 9.78432e-06 1.24967e-06 1.51424e-07 1.46443e-08 7.84076e-10 0 
0 3.59982e-06 3.57886e-05 0.000171707 0.000537272 0.00121196 0.00213349 0.00315945 0.00417267 0.00510276 0.00590503 0.00654603 0.00700066 0.00725376 0.00730175 0.00715292 0.0068264 0.00635009 0.00575858 0.0050925 0.00440252 0.00376492 0.00333945 0.00374946 0.00788475 0.0232213 0.0685188 0.0822017 0.0840644 0.0785357 0.0430034 0.0119635 0.0026574 0.000423933 5.4094e-05 6.37914e-06 7.86891e-07 9.47817e-08 9.20855e-09 4.9608e-10 0 
0 1.32239e-06 1.31649e-05 6.5241e-05 0.000219212 0.000546904 0.00107039 0.00173344 0.00244277 0.00311816 0.00370684 0.00417683 0.00450914 0.00469424 0.00473085 0.00462548 0.00439175 0.0040497 0.0036257 0.00315466 0.00268592 0.00229178 0.00207553 0.0023007 0.00429059 0.0116198 0.0272779 0.0589032 0.0684758 0.0430034 0.0179748 0.00593038 0.00133139 0.000215344 2.7556e-05 3.27795e-06 4.12803e-07 5.08116e-08 5.02864e-09 2.75218e-10 0 
0 4.40059e-07 4.32988e-06 2.16543e-05 7.56391e-05 0.000202318 0.000433341 0.000770578 0.00117912 0.00160545 0.00199954 0.00232506 0.00255972 0.00269241 0.00272056 0.00264862 0.00248718 0.00225283 0.00196878 0.00166652 0.00138787 0.00118373 0.00110416 0.00121489 0.00186199 0.00417073 0.00909788 0.0146621 0.0164787 0.0119635 0.00593038 0.00197964 0.000456782 7.66869e-05 1.03482e-05 1.33477e-06 1.81118e-07 2.3354e-08 2.3833e-09 1.33675e-10 0 
0 1.32686e-07 1.27862e-06 6.34523e-06 2.24328e-05 6.2179e-05 0.000141054 0.000269382 0.000444059 0.000647188 0.000852509 0.0010339 0.001171 0.00125125 0.00126975 0.00122837 0.001135 0.00100278 0.000849518 0.000696787 0.000568329 0.000486962 0.000469335 0.000525184 0.000700401 0.00118642 0.00219066 0.00332379 0.00359568 0.0026574 0.00133139 0.000456782 0.000110211 1.9802e-05 2.99938e-06 4.4729e-07 6.75727e-08 9.251e-09 9.81722e-10 5.68272e-11 0 
0 3.62085e-08 3.39785e-07 1.65531e-06 5.8167e-06 1.62759e-05 3.78848e-05 7.5272e-05 0.000130196 0.000199508 0.000275239 0.000346774 0.000403768 0.000438497 0.000447118 0.000429964 0.000391159 0.000337784 0.000278732 0.000223387 0.000180308 0.000156093 0.00015438 0.000175378 0.000219984 0.000301733 0.000436395 0.000572386 0.000582296 0.000423933 0.000215344 7.66869e-05 1.9802e-05 4.02131e-06 7.30015e-07 1.29531e-07 2.18075e-08 3.17495e-09 3.51991e-10 2.11368e-11 0 
0 8.90618e-09 8.11361e-08 3.85674e-07 1.33279e-06 3.70393e-06 8.65505e-06 1.74382e-05 3.08271e-05 4.84943e-05 6.87246e-05 8.86948e-05 0.000105214 0.000115594 0.000118328 0.000113393 0.000102165 8.70281e-05 7.0812e-05 5.62318e-05 4.54597e-05 3.98965e-05 4.006e-05 4.54561e-05 5.47076e-05 6.64264e-05 7.89172e-05 8.60875e-05 7.80391e-05 5.4094e-05 2.7556e-05 1.03482e-05 2.99938e-06 7.30015e-07 1.6189e-07 3.33493e-08 6.13325e-09 9.45777e-10 1.09779e-10 6.86209e-12 0 
0 1.95574e-09 1.72747e-08 7.98881e-08 2.70013e-07 7.38741e-07 1.71163e-06 3.44319e-06 6.11334e-06 9.69959e-06 1.3894e-05 1.81257e-05 2.16976e-05 2.39849e-05 2.4616e-05 2.35693e-05 2.11616e-05 1.79449e-05 1.45578e-05 1.15835e-05 9.45541e-06 8.41683e-06 8.5065e-06 9.53073e-06 1.10383e-05 1.23985e-05 1.29695e-05 1.21842e-05 9.78432e-06 6.37914e-06 3.27795e-06 1.33477e-06 4.4729e-07 1.29531e-07 3.33493e-08 7.60258e-09 1.49676e-09 2.43465e-10 2.96099e-11 1.93037e-12 0 
0 3.758e-10 3.21822e-09 1.44663e-08 4.77095e-08 1.27973e-07 2.92196e-07 5.8219e-07 1.02847e-06 1.62951e-06 2.33681e-06 3.05618e-06 3.6689e-06 4.06559e-06 4.17935e-06 4.00498e-06 3.59783e-06 3.05503e-06 2.48795e-06 1.99638e-06 1.65168e-06 1.48948e-06 1.50708e-06 1.65966e-06 1.85823e-06 1.98508e-06 1.93672e-06 1.67435e-06 1.24967e-06 7.86891e-07 4.12803e-07 1.81118e-07 6.75727e-08 2.18075e-08 6.13325e-09 1.49676e-09 3.11785e-10 5.33418e-11 6.79567e-12 4.62374e-13 0 
0 6.05518e-11 5.03134e-10 2.19901e-09 7.07313e-09 1.85728e-08 4.1681e-08 8.19562e-08 1.43412e-07 2.25805e-07 3.22631e-07 4.21219e-07 5.0546e-07 5.60369e-07 5.7667e-07 5.53556e-07 4.98622e-07 4.25279e-07 3.48904e-07 2.83196e-07 2.37728e-07 2.16785e-07 2.18926e-07 2.36746e-07 2.57409e-07 2.65608e-07 2.49736e-07 2.08323e-07 1.51424e-07 9.47817e-08 5.08116e-08 2.3354e-08 9.251e-09 3.17495e-09 9.45777e-10 2.43465e-10 5.33418e-11 9.57473e-12 1.27636e-12 9.06052e-14 0 
0 7.3871e-12 5.96323e-11 2.53677e-10 7.96249e-10 2.04668e-09 4.5114e-09 8.74247e-09 1.51261e-08 2.36177e-08 3.35491e-08 4.36393e-08 5.22651e-08 5.79143e-08 5.96472e-08 5.73788e-08 5.18784e-08 4.45121e-08 3.68504e-08 3.02907e-08 2.57916e-08 2.3736e-08 2.38812e-08 2.53734e-08 2.68863e-08 2.69967e-08 2.47793e-08 2.03091e-08 1.46443e-08 9.20855e-09 5.02864e-09 2.3833e-09 9.81722e-10 3.51991e-10 1.09779e-10 2.96099e-11 6.79567e-12 1.27636e-12 1.77719e-13 1.31484e-14 0 
0 4.87651e-13 3.83044e-12 1.58829e-11 4.8706e-11 1.22644e-10 2.6561e-10 5.07225e-10 8.67325e-10 1.342e-09 1.8937e-09 2.45222e-09 2.92932e-09 3.24301e-09 3.34235e-09 3.22277e-09 2.92624e-09 2.52756e-09 2.11301e-09 1.75924e-09 1.51788e-09 1.40706e-09 1.40882e-09 1.47218e-09 1.52482e-09 1.49627e-09 1.34757e-09 1.09117e-09 7.84076e-10 4.9608e-10 2.75218e-10 1.33675e-10 5.68272e-11 2.11368e-11 6.86209e-12 1.93037e-12 4.62374e-13 9.06052e-14 1.31484e-14 1.01229e-15 0 
0 0 0 0 0 0 0 0 0 0 0 0 0 0 0 0 0 0 0 0 0 0 0 0 0 0 0 0 0 0 0 0 0 0 0 0 0 0 0 0 0 
