0 0 0 0 0 0 0 0 0 0 0 0 0 0 0 0 0 0 0 0 0 0 0 0 0 0 0 0 0 0 0 0 0 0 0 0 0 0 0 0 0 
0 1.59636e-07 1.44809e-06 6.61094e-06 2.10812e-05 5.20997e-05 0.00010538 0.00018145 0.000274639 0.00037504 0.000471531 0.000554141 0.000615324 0.000650392 0.000657494 0.000637368 0.000592988 0.000529138 0.000451919 0.000368173 0.000284805 0.00020801 0.000142514 9.09663e-05 5.37311e-05 2.9194e-05 1.4523e-05 6.59498e-06 2.73027e-06 1.03053e-06 3.54926e-07 1.11637e-07 3.20707e-08 8.40061e-09 1.99674e-09 4.26214e-10 8.0013e-11 1.26495e-11 1.5195e-12 9.90537e-14 0 
0 1.44809e-06 1.35668e-05 6.24719e-05 0.000194476 0.000454372 0.000850196 0.00134476 0.0018795 0.00239921 0.00286146 0.00323629 0.00350396 0.0036535 0.00368196 0.00359369 0.0033994 0.00311493 0.0027599 0.00235659 0.00192913 0.001503 0.00110399 0.000755982 0.000476849 0.000273953 0.000142092 6.62011e-05 2.76779e-05 1.04074e-05 3.53344e-06 1.08755e-06 3.04299e-07 7.74323e-08 1.78593e-08 3.69887e-09 6.74162e-10 1.03587e-10 1.21102e-11 7.69469e-13 0 
0 6.61094e-06 6.24719e-05 0.000278374 0.000799556 0.00167134 0.00279271 0.0040204 0.00524479 0.00638874 0.00739102 0.00820062 0.00877859 0.00910096 0.00916051 0.0089666 0.00854324 0.00792579 0.00715684 0.0062818 0.00534508 0.00438769 0.00344745 0.00256187 0.00177152 0.001118 0.000631681 0.000314934 0.000137692 5.2913e-05 1.80136e-05 5.48404e-06 1.50454e-06 3.73507e-07 8.3839e-08 1.68848e-08 2.99321e-09 4.47713e-10 5.10161e-11 3.16404e-12 0 
0 2.10812e-05 0.000194476 0.000799556 0.00203206 0.00376664 0.00576617 0.0078702 0.00996395 0.0119363 0.013678 0.0150923 0.0161049 0.0166701 0.0167735 0.0164313 0.0156867 0.014604 0.0132612 0.0117422 0.0101292 0.00849589 0.00690207 0.00539256 0.00400164 0.00276528 0.00173253 0.000956064 0.000454525 0.00018478 6.47062e-05 1.98153e-05 5.3872e-06 1.31367e-06 2.88303e-07 5.66546e-08 9.7951e-09 1.42957e-09 1.59103e-10 9.6502e-12 0 
0 5.20997e-05 0.000454372 0.00167134 0.00376664 0.00642694 0.00942159 0.0125969 0.0157857 0.0188055 0.0214791 0.023653 0.0252104 0.0260796 0.026238 0.0257106 0.0245642 0.0228984 0.0208348 0.0185044 0.0160368 0.0135501 0.0111425 0.00888704 0.00682884 0.00499024 0.00338963 0.00206868 0.00109144 0.000483972 0.000179394 5.64375e-05 1.54156e-05 3.72498e-06 8.04012e-07 1.5483e-07 2.61964e-08 3.74125e-09 4.07704e-10 2.42384e-11 0 
0 0.00010538 0.000850196 0.00279271 0.00576617 0.00942159 0.0135642 0.0179892 0.0224477 0.0266756 0.0304213 0.0334678 0.0356505 0.0368688 0.0370907 0.036351 0.0347438 0.0324089 0.0295173 0.0262537 0.0228008 0.0193261 0.015971 0.0128437 0.0100149 0.0075168 0.00535045 0.00351253 0.00203804 0.000997359 0.000400101 0.000132051 3.67896e-05 8.89654e-06 1.90109e-06 3.60479e-07 5.99132e-08 8.39953e-09 8.98762e-10 5.25031e-11 0 
0 0.00018145 0.00134476 0.0040204 0.0078702 0.0125969 0.0179892 0.0237646 0.0295893 0.0351149 0.0400113 0.0439944 0.0468491 0.0484433 0.0487339 0.047766 0.0456638 0.0426111 0.0388314 0.0345662 0.0300552 0.025518 0.0211412 0.0170689 0.0133988 0.0101813 0.00742067 0.00508841 0.00316486 0.00169296 0.000740762 0.000260419 7.50225e-05 1.8333e-05 3.90428e-06 7.325e-07 1.20056e-07 1.65767e-08 1.74665e-09 1.0052e-10 0 
0 0.000274639 0.0018795 0.00524479 0.00996395 0.0157857 0.0224477 0.0295893 0.0367939 0.0436297 0.0496887 0.0546255 0.0581826 0.0601857 0.0605535 0.0593345 0.0567052 0.052913 0.048233 0.0429566 0.0373773 0.0317671 0.0263573 0.0213276 0.0168017 0.0128469 0.00947645 0.00665581 0.00432813 0.00247905 0.00117526 0.000442596 0.000133093 3.31303e-05 7.07332e-06 1.31895e-06 2.13964e-07 2.91897e-08 3.03737e-09 1.72657e-10 0 
0 0.00037504 0.00239921 0.00638874 0.0119363 0.0188055 0.0266756 0.0351149 0.0436297 0.0517108 0.0588905 0.0648002 0.06914 0.0716241 0.0720855 0.0705711 0.0673324 0.0627445 0.0571686 0.0509234 0.0443293 0.0377002 0.0313091 0.0253693 0.0200282 0.0153681 0.0114103 0.00812073 0.00542446 0.00325808 0.00164869 0.000662626 0.000208715 5.3193e-05 1.14363e-05 2.12746e-06 3.42715e-07 4.63331e-08 4.77433e-09 2.68744e-10 0 
0 0.000471531 0.00286146 0.00739102 0.013678 0.0214791 0.0304213 0.0400113 0.0496887 0.0588905 0.0671412 0.0740275 0.0790284 0.0817748 0.0822788 0.0806426 0.076976 0.0716245 0.0651506 0.0579995 0.0504966 0.0429632 0.0357017 0.0289542 0.022889 0.0176012 0.0131182 0.00940709 0.00638489 0.00395619 0.00210143 0.000892359 0.000293712 7.6753e-05 1.66601e-05 3.10044e-06 4.97332e-07 6.68082e-08 6.83457e-09 3.81878e-10 0 
0 0.000554141 0.00323629 0.00820062 0.0150923 0.023653 0.0334678 0.0439944 0.0546255 0.0648002 0.0740275 0.0815304 0.0865221 0.0890682 0.0895348 0.0880604 0.0845527 0.0789569 0.0717727 0.063802 0.0555259 0.0472516 0.039281 0.0318755 0.0252202 0.0194201 0.0145074 0.0104499 0.00716031 0.00452465 0.00248544 0.00110092 0.000376051 0.000100563 2.20505e-05 4.11204e-06 6.58203e-07 8.80585e-08 8.96449e-09 4.98327e-10 0 
0 0.000615324 0.00350396 0.00877859 0.0161049 0.0252104 0.0356505 0.0468491 0.0581826 0.06914 0.0790284 0.0865221 0.091135 0.0934345 0.093864 0.0925508 0.0893689 0.0840313 0.0766095 0.0680305 0.0591512 0.0503344 0.0418542 0.0339762 0.0268969 0.0207287 0.0155067 0.0111989 0.00771597 0.00493349 0.0027687 0.00126253 0.000443285 0.00012074 2.67118e-05 4.9949e-06 7.99091e-07 1.06684e-07 1.08307e-08 6.00286e-10 0 
0 0.000650392 0.0036535 0.00910096 0.0166701 0.0260796 0.0368688 0.0484433 0.0601857 0.0716241 0.0817748 0.0890682 0.0934345 0.0956099 0.0960222 0.0947893 0.0917895 0.0866937 0.0793188 0.0704429 0.0611993 0.0520692 0.0433027 0.03516 0.0278428 0.0214679 0.016072 0.0116234 0.00803149 0.0051671 0.00293386 0.00136036 0.000485707 0.000133886 2.98113e-05 5.58937e-06 8.94769e-07 1.19419e-07 1.21147e-08 6.70895e-10 0 
0 0.000657494 0.00368196 0.00916051 0.0167735 0.026238 0.0370907 0.0487339 0.0605535 0.0720855 0.0822788 0.0895348 0.093864 0.0960222 0.0964336 0.0952145 0.0922451 0.0871935 0.0798375 0.070912 0.0615982 0.0524088 0.0435888 0.0353962 0.0280339 0.0216194 0.0161902 0.0117145 0.00810187 0.00522222 0.00297582 0.0013873 0.00049828 0.000138026 3.08375e-05 5.79496e-06 9.29237e-07 1.24195e-07 1.26163e-08 6.99662e-10 0 
0 0.000637368 0.00359369 0.0089666 0.0164313 0.0257106 0.036351 0.047766 0.0593345 0.0705711 0.0806426 0.0880604 0.0925508 0.0947893 0.0952145 0.0939497 0.0908717 0.085665 0.0782497 0.0694883 0.060399 0.0514007 0.0427528 0.0347182 0.0274971 0.0212048 0.0158781 0.0114855 0.00793761 0.00510704 0.00289989 0.00134541 0.000481263 0.000133082 2.97507e-05 5.60251e-06 9.0103e-07 1.2084e-07 1.2322e-08 6.8611e-10 0 
0 0.000592988 0.0033994 0.00854324 0.0156867 0.0245642 0.0347438 0.0456638 0.0567052 0.0673324 0.076976 0.0845527 0.0893689 0.0917895 0.0922451 0.0908717 0.0875523 0.0820785 0.0747204 0.0663923 0.0577694 0.0491774 0.0409043 0.0332159 0.0263047 0.020281 0.0151797 0.0109696 0.00756354 0.00484036 0.00272069 0.00124494 0.00043983 0.000120807 2.69806e-05 5.09548e-06 8.2362e-07 1.11149e-07 1.14132e-08 6.40285e-10 0 
0 0.000529138 0.00311493 0.00792579 0.014604 0.0228984 0.0324089 0.0426111 0.052913 0.0627445 0.0716245 0.0789569 0.0840313 0.0866937 0.0871935 0.085665 0.0820785 0.0765399 0.0696134 0.0619498 0.0539521 0.0459358 0.0382076 0.0310238 0.0245648 0.0189333 0.0141608 0.0102168 0.00701693 0.00445095 0.0024619 0.00110335 0.000383001 0.000104293 2.3292e-05 4.4236e-06 7.21311e-07 9.83704e-08 1.02179e-08 5.80192e-10 0 
0 0.000451919 0.0027599 0.00715684 0.0132612 0.0208348 0.0295173 0.0388314 0.048233 0.0571686 0.0651506 0.0717727 0.0766095 0.0793188 0.0798375 0.0782497 0.0747204 0.0696134 0.0634079 0.0565007 0.049227 0.0419152 0.0348631 0.0283067 0.0224101 0.0172663 0.012903 0.00928935 0.00634579 0.00397789 0.0021566 0.00094408 0.000322145 8.72655e-05 1.95895e-05 3.76366e-06 6.22949e-07 8.6379e-08 9.12864e-09 5.27398e-10 0 
0 0.000368173 0.00235659 0.0062818 0.0117422 0.0185044 0.0262537 0.0345662 0.0429566 0.0509234 0.0579995 0.063802 0.0680305 0.0704429 0.070912 0.0694883 0.0663923 0.0619498 0.0565007 0.0503725 0.043893 0.0373751 0.0310884 0.025243 0.0199847 0.0153952 0.0114969 0.00825883 0.00560859 0.00347257 0.0018482 0.000795056 0.00026937 7.34188e-05 1.67442e-05 3.28482e-06 5.56169e-07 7.88896e-08 8.52004e-09 5.02242e-10 0 
0 0.000284805 0.00192913 0.00534508 0.0101292 0.0160368 0.0228008 0.0300552 0.0373773 0.0443293 0.0504966 0.0555259 0.0591512 0.0611993 0.0615982 0.060399 0.0577694 0.0539521 0.049227 0.043893 0.0382496 0.0325733 0.0270993 0.0220106 0.017433 0.0134361 0.0100366 0.00720423 0.00487712 0.00300247 0.00159051 0.000686501 0.000236236 6.60229e-05 1.54996e-05 3.12851e-06 5.43577e-07 7.88502e-08 8.67716e-09 5.19374e-10 0 
0 0.00020801 0.001503 0.00438769 0.00849589 0.0135501 0.0193261 0.025518 0.0317671 0.0377002 0.0429632 0.0472516 0.0503344 0.0520692 0.0524088 0.0514007 0.0491774 0.0459358 0.0419152 0.0373751 0.0325733 0.027746 0.023094 0.0187728 0.014889 0.0115004 0.00861952 0.00621882 0.0042454 0.00265358 0.00144368 0.000647759 0.000232987 6.78254e-05 1.64471e-05 3.39862e-06 5.99993e-07 8.79117e-08 9.72788e-09 5.83467e-10 0 
0 0.000142514 0.00110399 0.00344745 0.00690207 0.0111425 0.015971 0.0211412 0.0263573 0.0313091 0.0357017 0.039281 0.0418542 0.0433027 0.0435888 0.0427528 0.0409043 0.0382076 0.0348631 0.0310884 0.0270993 0.023094 0.0192405 0.0156694 0.0124725 0.00970595 0.00738586 0.00547249 0.00388106 0.0025459 0.00146981 0.000704201 0.000268148 8.09943e-05 1.99776e-05 4.14206e-06 7.27877e-07 1.05696e-07 1.15645e-08 6.85051e-10 0 
0 9.09663e-05 0.000755982 0.00256187 0.00539256 0.00888704 0.0128437 0.0170689 0.0213276 0.0253693 0.0289542 0.0318755 0.0339762 0.03516 0.0353962 0.0347182 0.0332159 0.0310238 0.0283067 0.025243 0.0220106 0.0187728 0.0156694 0.0128149 0.0103153 0.00828666 0.00678847 0.00564481 0.00447828 0.00313393 0.00185448 0.000907276 0.000353282 0.000107336 2.61395e-05 5.30184e-06 9.09134e-07 1.28834e-07 1.37712e-08 7.98154e-10 0 
0 5.37311e-05 0.000476849 0.00177152 0.00400164 0.00682884 0.0100149 0.0133988 0.0168017 0.0200282 0.022889 0.0252202 0.0268969 0.0278428 0.0280339 0.0274971 0.0263047 0.0245648 0.0224101 0.0199847 0.017433 0.014889 0.0124725 0.0103153 0.00866307 0.00798855 0.00863522 0.00976164 0.00940117 0.00685213 0.00370342 0.00155962 0.000540091 0.00015188 3.46799e-05 6.67059e-06 1.09787e-06 1.50506e-07 1.56355e-08 8.83718e-10 0 
0 2.9194e-05 0.000273953 0.001118 0.00276528 0.00499024 0.0075168 0.0101813 0.0128469 0.0153681 0.0176012 0.0194201 0.0207287 0.0214679 0.0216194 0.0212048 0.020281 0.0189333 0.0172663 0.0153952 0.0134361 0.0115004 0.00970595 0.00828666 0.00798855 0.010568 0.0174234 0.0254454 0.027558 0.0200409 0.0101409 0.00362313 0.00099815 0.000230796 4.55426e-05 7.91959e-06 1.22662e-06 1.61873e-07 1.63446e-08 9.02121e-10 0 
0 1.4523e-05 0.000142092 0.000631681 0.00173253 0.00338963 0.00535045 0.00742067 0.00947645 0.0114103 0.0131182 0.0145074 0.0155067 0.016072 0.0161902 0.0158781 0.0151797 0.0141608 0.012903 0.0114969 0.0100366 0.00861952 0.00738586 0.00678847 0.00863522 0.0174234 0.0367081 0.0651704 0.0738049 0.0497322 0.0236093 0.00794262 0.00189695 0.000357763 5.79744e-05 8.66607e-06 1.23245e-06 1.5599e-07 1.53626e-08 8.3193e-10 0 
0 6.59498e-06 6.62011e-05 0.000314934 0.000956064 0.00206868 0.00351253 0.00508841 0.00665581 0.00812073 0.00940709 0.0104499 0.0111989 0.0116234 0.0117145 0.0114855 0.0109696 0.0102168 0.00928935 0.00825883 0.00720423 0.00621882 0.00547249 0.00564481 0.00976164 0.0254454 0.0651704 0.0873698 0.0898733 0.0816815 0.0412241 0.0128014 0.00289587 0.000484297 6.65057e-05 8.45918e-06 1.08873e-06 1.32138e-07 1.27744e-08 6.83537e-10 0 
0 2.73027e-06 2.76779e-05 0.000137692 0.000454525 0.00109144 0.00203804 0.00316486 0.00432813 0.00542446 0.00638489 0.00716031 0.00771597 0.00803149 0.00810187 0.00793761 0.00756354 0.00701693 0.00634579 0.00560859 0.00487712 0.0042454 0.00388106 0.00447828 0.00940117 0.027558 0.0738049 0.0898733 0.0918547 0.0853759 0.0491167 0.0141131 0.00313641 0.000497681 6.19045e-05 6.97669e-06 8.25036e-07 9.69882e-08 9.29461e-09 4.95745e-10 0 
0 1.03053e-06 1.04074e-05 5.2913e-05 0.00018478 0.000483972 0.000997359 0.00169296 0.00247905 0.00325808 0.00395619 0.00452465 0.00493349 0.0051671 0.00522222 0.00510704 0.00484036 0.00445095 0.00397789 0.00347257 0.00300247 0.00265358 0.0025459 0.00313393 0.00685213 0.0200409 0.0497322 0.0816815 0.0853759 0.0703356 0.0319366 0.0104526 0.002317 0.000362102 4.31823e-05 4.5977e-06 5.23396e-07 6.10475e-08 5.87766e-09 3.15556e-10 0 
0 3.54926e-07 3.53344e-06 1.80136e-05 6.47062e-05 0.000179394 0.000400101 0.000740762 0.00117526 0.00164869 0.00210143 0.00248544 0.0027687 0.00293386 0.00297582 0.00289989 0.00272069 0.0024619 0.0021566 0.0018482 0.00159051 0.00144368 0.00146981 0.00185448 0.00370342 0.0101409 0.0236093 0.0412241 0.0491167 0.0319366 0.0157066 0.00517974 0.00115752 0.000182191 2.1775e-05 2.34842e-06 2.74314e-07 3.27998e-08 3.22083e-09 1.75769e-10 0 
0 1.11637e-07 1.08755e-06 5.48404e-06 1.98153e-05 5.64375e-05 0.000132051 0.000260419 0.000442596 0.000662626 0.000892359 0.00110092 0.00126253 0.00136036 0.0013873 0.00134541 0.00124494 0.00110335 0.00094408 0.000795056 0.000686501 0.000647759 0.000704201 0.000907276 0.00155962 0.00362313 0.00794262 0.0128014 0.0141131 0.0104526 0.00517974 0.00172527 0.000393123 6.3511e-05 7.96441e-06 9.36732e-07 1.19479e-07 1.50756e-08 1.52967e-09 8.56009e-11 0 
0 3.20707e-08 3.04299e-07 1.50454e-06 5.3872e-06 1.54156e-05 3.67896e-05 7.50225e-05 0.000133093 0.000208715 0.000293712 0.000376051 0.000443285 0.000485707 0.00049828 0.000481263 0.00043983 0.000383001 0.000322145 0.00026937 0.000236236 0.000232987 0.000268148 0.000353282 0.000540091 0.00099815 0.00189695 0.00289587 0.00313641 0.002317 0.00115752 0.000393123 9.24095e-05 1.57811e-05 2.21093e-06 3.04861e-07 4.41595e-08 5.96677e-09 6.30888e-10 3.64563e-11 0 
0 8.40061e-09 7.74323e-08 3.73507e-07 1.31367e-06 3.72498e-06 8.89654e-06 1.8333e-05 3.31303e-05 5.3193e-05 7.6753e-05 0.000100563 0.00012074 0.000133886 0.000138026 0.000133082 0.000120807 0.000104293 8.72655e-05 7.34188e-05 6.60229e-05 6.78254e-05 8.09943e-05 0.000107336 0.00015188 0.000230796 0.000357763 0.000484297 0.000497681 0.000362102 0.000182191 6.3511e-05 1.57811e-05 3.01784e-06 5.10075e-07 8.58968e-08 1.41462e-08 2.04629e-09 2.26378e-10 1.35764e-11 0 
0 1.99674e-09 1.78593e-08 8.3839e-08 2.88303e-07 8.04012e-07 1.90109e-06 3.90428e-06 7.07332e-06 1.14363e-05 1.66601e-05 2.20505e-05 2.67118e-05 2.98113e-05 3.08375e-05 2.97507e-05 2.69806e-05 2.3292e-05 1.95895e-05 1.67442e-05 1.54996e-05 1.64471e-05 1.99776e-05 2.61395e-05 3.46799e-05 4.55426e-05 5.79744e-05 6.65057e-05 6.19045e-05 4.31823e-05 2.1775e-05 7.96441e-06 2.21093e-06 5.10075e-07 1.08095e-07 2.17332e-08 3.96223e-09 6.09324e-10 7.06373e-11 4.41114e-12 0 
0 4.26214e-10 3.69887e-09 1.68848e-08 5.66546e-08 1.5483e-07 3.60479e-07 7.325e-07 1.31895e-06 2.12746e-06 3.10044e-06 4.11204e-06 4.9949e-06 5.58937e-06 5.79496e-06 5.60251e-06 5.09548e-06 4.4236e-06 3.76366e-06 3.28482e-06 3.12851e-06 3.39862e-06 4.14206e-06 5.30184e-06 6.67059e-06 7.91959e-06 8.66607e-06 8.45918e-06 6.97669e-06 4.5977e-06 2.34842e-06 9.36732e-07 3.04861e-07 8.58968e-08 2.17332e-08 4.9163e-09 9.65224e-10 1.56823e-10 1.90576e-11 1.24152e-12 0 
0 8.0013e-11 6.74162e-10 2.99321e-09 9.7951e-09 2.61964e-08 5.99132e-08 1.20056e-07 2.13964e-07 3.42715e-07 4.97332e-07 6.58203e-07 7.99091e-07 8.94769e-07 9.29237e-07 9.0103e-07 8.2362e-07 7.21311e-07 6.22949e-07 5.56169e-07 5.43577e-07 5.99993e-07 7.27877e-07 9.09134e-07 1.09787e-06 1.22662e-06 1.23245e-06 1.08873e-06 8.25036e-07 5.23396e-07 2.74314e-07 1.19479e-07 4.41595e-08 1.41462e-08 3.96223e-09 9.65224e-10 2.00901e-10 3.43528e-11 4.37423e-12 2.97459e-13 0 
0 1.26495e-11 1.03587e-10 4.47713e-10 1.42957e-09 3.74125e-09 8.39953e-09 1.65767e-08 2.91897e-08 4.63331e-08 6.68082e-08 8.80585e-08 1.06684e-07 1.19419e-07 1.24195e-07 1.2084e-07 1.11149e-07 9.83704e-08 8.6379e-08 7.88896e-08 7.88502e-08 8.79117e-08 1.05696e-07 1.28834e-07 1.50506e-07 1.61873e-07 1.5599e-07 1.32138e-07 9.69882e-08 6.10475e-08 3.27998e-08 1.50756e-08 5.96677e-09 2.04629e-09 6.09324e-10 1.56823e-10 3.43528e-11 6.16473e-12 8.21527e-13 5.82954e-14 0 
0 1.5195e-12 1.21102e-11 5.10161e-11 1.59103e-10 4.07704e-10 8.98762e-10 1.74665e-09 3.03737e-09 4.77433e-09 6.83457e-09 8.96449e-09 1.08307e-08 1.21147e-08 1.26163e-08 1.2322e-08 1.14132e-08 1.02179e-08 9.12864e-09 8.52004e-09 8.67716e-09 9.72788e-09 1.15645e-08 1.37712e-08 1.56355e-08 1.63446e-08 1.53626e-08 1.27744e-08 9.29461e-09 5.87766e-09 3.22083e-09 1.52967e-09 6.30888e-10 2.26378e-10 7.06373e-11 1.90576e-11 4.37423e-12 8.21527e-13 1.1437e-13 8.45956e-15 0 
0 9.90537e-14 7.69469e-13 3.16404e-12 9.6502e-12 2.42384e-11 5.25031e-11 1.0052e-10 1.72657e-10 2.68744e-10 3.81878e-10 4.98327e-10 6.00286e-10 6.70895e-10 6.99662e-10 6.8611e-10 6.40285e-10 5.80192e-10 5.27398e-10 5.02242e-10 5.19374e-10 5.83467e-10 6.85051e-10 7.98154e-10 8.83718e-10 9.02121e-10 8.3193e-10 6.83537e-10 4.95745e-10 3.15556e-10 1.75769e-10 8.56009e-11 3.64563e-11 1.35764e-11 4.41114e-12 1.24152e-12 2.97459e-13 5.82954e-14 8.45956e-15 6.51217e-16 0 
0 0 0 0 0 0 0 0 0 0 0 0 0 0 0 0 0 0 0 0 0 0 0 0 0 0 0 0 0 0 0 0 0 0 0 0 0 0 0 0 0 
