0 0 0 0 0 0 0 0 0 0 0 0 0 0 0 0 0 0 0 0 0 0 0 0 0 0 0 0 0 0 0 0 0 0 0 0 0 0 0 0 0 
0 2.56789e-08 2.37643e-07 1.12962e-06 3.8357e-06 1.02926e-05 2.28786e-05 4.34093e-05 7.19856e-05 0.000106463 0.000142866 0.000176429 0.000202715 0.000218461 0.000222018 0.000213451 0.000194368 0.000167551 0.000136464 0.00010468 7.53211e-05 5.06013e-05 3.15888e-05 1.82438e-05 9.71279e-06 4.7548e-06 2.13763e-06 8.82444e-07 3.34736e-07 1.16809e-07 3.75406e-08 1.11186e-08 3.03327e-09 7.60388e-10 1.74167e-10 3.60431e-11 6.59425e-12 1.02048e-12 1.20438e-13 7.73738e-15 0 
0 2.37643e-07 2.28991e-06 1.12229e-05 3.86584e-05 0.00010312 0.000223319 0.000406484 0.000641433 0.000902146 0.00115721 0.00137799 0.00154282 0.00163823 0.00165869 0.00160585 0.00148753 0.00131666 0.00111008 0.000887054 0.000667421 0.000469137 0.000305496 0.000182832 9.99154e-05 4.96553e-05 2.24099e-05 9.19342e-06 3.43709e-06 1.17485e-06 3.68282e-07 1.06108e-07 2.81196e-08 6.84415e-09 1.52236e-09 3.06146e-10 5.44833e-11 8.21156e-12 9.45126e-13 5.92967e-14 0 
0 1.12962e-06 1.12229e-05 5.56882e-05 0.000188811 0.000480326 0.000967757 0.00162148 0.00236337 0.00310773 0.00378405 0.00434084 0.00474329 0.00497122 0.00501787 0.00488884 0.00460041 0.00417758 0.00365181 0.00305913 0.00243887 0.00183264 0.0012821 0.000823573 0.00047933 0.000250232 0.000116614 4.85552e-05 1.81535e-05 6.13602e-06 1.88749e-06 5.31092e-07 1.37085e-07 3.24587e-08 7.02214e-09 1.37411e-09 2.3817e-10 3.50016e-11 3.93338e-12 2.41283e-13 0 
0 3.8357e-06 3.86584e-05 0.000188811 0.000605046 0.00140606 0.00255881 0.00391645 0.00532781 0.00667692 0.0078749 0.00885148 0.00955419 0.00995059 0.0100297 0.00980164 0.00929505 0.00855323 0.00762907 0.00657993 0.00546341 0.00433526 0.00325039 0.00226577 0.00143923 0.000816098 0.000406773 0.000177218 6.77881e-05 2.30114e-05 7.01609e-06 1.94058e-06 4.90044e-07 1.13246e-07 2.38898e-08 4.55865e-09 7.70997e-10 1.10674e-10 1.2163e-11 7.30607e-13 0 
0 1.02926e-05 0.00010312 0.000480326 0.00140606 0.00293648 0.00488023 0.00701721 0.00918307 0.0112423 0.0130723 0.0145664 0.0156425 0.0162494 0.0163692 0.0160175 0.015239 0.0141016 0.012688 0.0110879 0.00938933 0.00767222 0.00600498 0.00444652 0.00305523 0.00189747 0.00103539 0.000486221 0.000195529 6.80297e-05 2.08407e-05 5.71638e-06 1.4206e-06 3.21773e-07 6.641e-08 1.23917e-08 2.04994e-09 2.88044e-10 3.10191e-11 1.82792e-12 0 
0 2.28786e-05 0.000223319 0.000967757 0.00255881 0.00488023 0.00764321 0.0106275 0.0136504 0.0165308 0.0190947 0.0211902 0.0227001 0.0235515 0.0237191 0.0232246 0.0221313 0.020535 0.0185536 0.0163144 0.0139431 0.011554 0.0092422 0.00708037 0.00512253 0.00341948 0.00203775 0.00104632 0.00045244 0.000164803 5.15266e-05 1.41619e-05 3.48753e-06 7.7807e-07 1.57707e-07 2.88666e-08 4.6838e-09 6.45819e-10 6.83015e-11 3.95675e-12 0 
0 4.34093e-05 0.000406484 0.00162148 0.00391645 0.00701721 0.0106275 0.0145237 0.0184774 0.0222493 0.0256091 0.0283561 0.0303361 0.0314529 0.031673 0.0310249 0.0295916 0.0274996 0.0249038 0.0219721 0.0188709 0.0157518 0.0127419 0.00993749 0.00740253 0.00517683 0.0033007 0.00184169 0.000864103 0.000334845 0.000108436 3.01836e-05 7.41916e-06 1.63878e-06 3.27526e-07 5.90059e-08 9.41827e-09 1.27771e-09 1.33031e-10 7.59298e-12 0 
0 7.19856e-05 0.000641433 0.00236337 0.00532781 0.00918307 0.0136504 0.0184774 0.0233802 0.0280598 0.0322294 0.0356395 0.0380983 0.0394859 0.0397606 0.0389575 0.0371798 0.0345846 0.0313646 0.0277289 0.0238848 0.0200216 0.0162988 0.0128381 0.00972028 0.00698754 0.00466023 0.00277474 0.00140469 0.000582682 0.000197497 5.61881e-05 1.38779e-05 3.04999e-06 6.03424e-07 1.0736e-07 1.69081e-08 2.26305e-09 2.32547e-10 1.3108e-11 0 
0 0.000106463 0.000902146 0.00310773 0.00667692 0.0112423 0.0165308 0.0222493 0.0280598 0.0336072 0.0385511 0.0425956 0.0455131 0.0471609 0.0474892 0.0465395 0.0444341 0.0413592 0.0375435 0.0332354 0.0286812 0.0241061 0.0197002 0.0156096 0.0119321 0.0087182 0.00598072 0.00372701 0.00200693 0.000887828 0.000316211 9.24993e-05 2.30777e-05 5.06771e-06 9.96069e-07 1.75577e-07 2.73637e-08 3.6233e-09 3.68412e-10 2.05575e-11 0 
0 0.000142866 0.00115721 0.00378405 0.0078749 0.0130723 0.0190947 0.0256091 0.0322294 0.0385511 0.0441865 0.0487981 0.0521263 0.0540082 0.0543865 0.0533079 0.0509116 0.0474099 0.0430637 0.0381561 0.0329683 0.0277575 0.022741 0.0180866 0.0139072 0.0102623 0.00716388 0.00460121 0.00259343 0.001211 0.000452066 0.000136224 3.44364e-05 7.57966e-06 1.48455e-06 2.60014e-07 4.02145e-08 5.2822e-09 5.32817e-10 2.9505e-11 0 
0 0.000176429 0.00137799 0.00434084 0.00885148 0.0145664 0.0211902 0.0283561 0.0356395 0.0425956 0.0487981 0.0538757 0.0575424 0.0596183 0.0600398 0.0588579 0.0562255 0.0523759 0.0475961 0.0421982 0.0364914 0.0307593 0.0252418 0.0201241 0.0155317 0.0115316 0.00813738 0.00532859 0.0030996 0.00150821 0.000585782 0.000181443 4.6506e-05 1.02794e-05 2.01099e-06 3.50881e-07 5.39986e-08 7.05466e-09 7.07806e-10 3.89971e-11 0 
0 0.000202715 0.00154282 0.00474329 0.00955419 0.0156425 0.0227001 0.0303361 0.0380983 0.0455131 0.0521263 0.0575424 0.0614556 0.0636736 0.0641291 0.0628763 0.0600766 0.055978 0.0508866 0.0451352 0.0390536 0.0329446 0.0270641 0.0216103 0.0167177 0.0124589 0.00884957 0.00586416 0.00348096 0.0017426 0.000697161 0.000220802 5.72965e-05 1.27264e-05 2.49127e-06 4.34041e-07 6.66371e-08 8.68264e-09 8.68909e-10 4.77657e-11 0 
0 0.000218461 0.00163823 0.00497122 0.00995059 0.0162494 0.0235515 0.0314529 0.0394859 0.0471609 0.0540082 0.0596183 0.0636736 0.0659747 0.0664532 0.0651652 0.0622756 0.0580396 0.0527742 0.0468241 0.0405308 0.0342079 0.0281207 0.0224748 0.0174102 0.0130027 0.00926943 0.00618279 0.00371236 0.00189003 0.000770421 0.00024773 6.48881e-05 1.4481e-05 2.8406e-06 4.95297e-07 7.60673e-08 9.91478e-09 9.92841e-10 5.46399e-11 0 
0 0.000222018 0.00165869 0.00501787 0.0100297 0.0163692 0.0237191 0.031673 0.0397606 0.0474892 0.0543865 0.0600398 0.0641291 0.0664532 0.0669432 0.0656553 0.0627544 0.0584963 0.0532001 0.0472127 0.0408779 0.0345113 0.0283806 0.0226931 0.0175905 0.0131494 0.00938765 0.00627737 0.00378564 0.0019403 0.000797357 0.000258337 6.80653e-05 1.52573e-05 3.00382e-06 5.25571e-07 8.1012e-08 1.06028e-08 1.06682e-09 5.90404e-11 0 
0 0.000213451 0.00160585 0.00488884 0.00980164 0.0160175 0.0232246 0.0310249 0.0389575 0.0465395 0.0533079 0.0588579 0.0628763 0.0651652 0.0656553 0.0644006 0.0615634 0.0573947 0.0522067 0.0463387 0.0401277 0.0338834 0.0278684 0.0222862 0.0172761 0.0129137 0.00921651 0.00615787 0.00370766 0.00189644 0.00077838 0.000252416 6.6719e-05 1.50299e-05 2.97761e-06 5.24817e-07 8.15777e-08 1.0779e-08 1.09622e-09 6.13964e-11 0 
0 0.000194368 0.00148753 0.00460041 0.00929505 0.015239 0.0221313 0.0295916 0.0371798 0.0444341 0.0509116 0.0562255 0.0600766 0.0622756 0.0627544 0.0615634 0.0588586 0.0548804 0.0499263 0.0443199 0.0383832 0.0324121 0.0266579 0.0213152 0.0165171 0.012336 0.00878844 0.00585025 0.00349911 0.00177351 0.000722044 0.000233436 6.18948e-05 1.4055e-05 2.81627e-06 5.03303e-07 7.94875e-08 1.06903e-08 1.10836e-09 6.33656e-11 0 
0 0.000167551 0.00131666 0.00417758 0.00855323 0.0141016 0.020535 0.0274996 0.0345846 0.0413592 0.0474099 0.0523759 0.055978 0.0580396 0.0584963 0.0573947 0.0548804 0.0511775 0.0465627 0.0413375 0.0358022 0.0302326 0.0248628 0.0198741 0.0153903 0.0114784 0.00815338 0.00539522 0.00319377 0.0015974 0.000643633 0.000207756 5.55457e-05 1.28163e-05 2.62303e-06 4.80499e-07 7.79753e-08 1.07924e-08 1.15232e-09 6.7832e-11 0 
0 0.000136464 0.00111008 0.00365181 0.00762907 0.012688 0.0185536 0.0249038 0.0313646 0.0375435 0.0430637 0.0475961 0.0508866 0.0527742 0.0532001 0.0522067 0.0499263 0.0465627 0.0423676 0.0376157 0.0325801 0.0275117 0.0226232 0.0180792 0.0139913 0.0104192 0.00737586 0.00484743 0.00283831 0.00140343 0.000563204 0.000183513 5.01778e-05 1.19486e-05 2.53694e-06 4.83231e-07 8.15532e-08 1.17208e-08 1.29584e-09 7.86916e-11 0 
0 0.00010468 0.000887054 0.00305913 0.00657993 0.0110879 0.0163144 0.0219721 0.0277289 0.0332354 0.0381561 0.0421982 0.0451352 0.0468241 0.0472127 0.0463387 0.0443199 0.0413375 0.0376157 0.0333988 0.0289298 0.0244314 0.0200925 0.0160582 0.0124261 0.00924708 0.00653224 0.00427506 0.00249197 0.00123444 0.000503689 0.000169807 4.86475e-05 1.22027e-05 2.72807e-06 5.44897e-07 9.58372e-08 1.42536e-08 1.61916e-09 1.00354e-10 0 
0 7.53211e-05 0.000667421 0.00243887 0.00546341 0.00938933 0.0139431 0.0188709 0.0238848 0.0286812 0.0329683 0.0364914 0.0390536 0.0405308 0.0408779 0.0401277 0.0383832 0.0358022 0.0325801 0.0289298 0.0250626 0.0211726 0.017423 0.0139388 0.0108024 0.00805571 0.0057082 0.00375884 0.00222431 0.00113816 0.000489946 0.000176783 5.43134e-05 1.44962e-05 3.40594e-06 7.05766e-07 1.27293e-07 1.92276e-08 2.20142e-09 1.3671e-10 0 
0 5.06013e-05 0.000469137 0.00183264 0.00433526 0.00767222 0.011554 0.0157518 0.0200216 0.0241061 0.0277575 0.0307593 0.0329446 0.0342079 0.0345113 0.0338834 0.0324121 0.0302326 0.0275117 0.0244314 0.0211726 0.0179006 0.0147543 0.0118388 0.00922236 0.00693905 0.0049965 0.00338851 0.00210968 0.00116432 0.000549476 0.000216869 7.15462e-05 2.00175e-05 4.82676e-06 1.0105e-06 1.82185e-07 2.73187e-08 3.09152e-09 1.89265e-10 0 
0 3.15888e-05 0.000305496 0.0012821 0.00325039 0.00600498 0.0092422 0.0127419 0.0162988 0.0197002 0.022741 0.0252418 0.0270641 0.0281207 0.0283806 0.0278684 0.0266579 0.0248628 0.0226232 0.0200925 0.017423 0.0147543 0.0122032 0.00985816 0.00777785 0.00599398 0.00450726 0.00327738 0.00224255 0.00137849 0.000721779 0.000308923 0.000106767 3.03108e-05 7.26314e-06 1.49477e-06 2.63585e-07 3.85781e-08 4.25936e-09 2.54542e-10 0 
0 1.82438e-05 0.000182832 0.000823573 0.00226577 0.00444652 0.00708037 0.00993749 0.0128381 0.0156096 0.0180866 0.0201241 0.0216103 0.0224748 0.0226931 0.0222862 0.0213152 0.0198741 0.0180792 0.0160582 0.0139388 0.0118388 0.00985816 0.00807685 0.00656212 0.00537316 0.00451299 0.00382753 0.00304766 0.00208604 0.00115974 0.00050887 0.000174511 4.7831e-05 1.09464e-05 2.15675e-06 3.66076e-07 5.1782e-08 5.54229e-09 3.21952e-10 0 
0 9.71279e-06 9.99154e-05 0.00047933 0.00143923 0.00305523 0.00512253 0.00740253 0.00972028 0.0119321 0.0139072 0.0155317 0.0167177 0.0174102 0.0175905 0.0172761 0.0165171 0.0153903 0.0139913 0.0124261 0.0108024 0.00922236 0.00777785 0.00656212 0.00572305 0.00553578 0.00620505 0.00713175 0.00690068 0.00501577 0.00266654 0.00106107 0.000325452 7.91709e-05 1.61947e-05 2.93433e-06 4.71105e-07 6.40249e-08 6.63205e-09 3.74464e-10 0 
0 4.7548e-06 4.96553e-05 0.000250232 0.000816098 0.00189747 0.00341948 0.00517683 0.00698754 0.0087182 0.0102623 0.0115316 0.0124589 0.0130027 0.0131494 0.0129137 0.012336 0.0114784 0.0104192 0.00924708 0.00805571 0.00693905 0.00599398 0.00537316 0.00553578 0.00768186 0.012873 0.0188475 0.0201506 0.0148715 0.00750972 0.00265226 0.000690375 0.000139821 2.37344e-05 3.71963e-06 5.49253e-07 7.12935e-08 7.15764e-09 3.94017e-10 0 
0 2.13763e-06 2.24099e-05 0.000116614 0.000406773 0.00103539 0.00203775 0.0033007 0.00466023 0.00598072 0.00716388 0.00813738 0.00884957 0.00926943 0.00938765 0.00921651 0.00878844 0.00815338 0.00737586 0.00653224 0.0057082 0.0049965 0.00450726 0.00451299 0.00620505 0.012873 0.0272181 0.0434719 0.0480627 0.0353182 0.0175374 0.00588719 0.00138147 0.000240291 3.35843e-05 4.35183e-06 5.71251e-07 7.0293e-08 6.86428e-09 3.70422e-10 0 
0 8.82444e-07 9.19342e-06 4.85552e-05 0.000177218 0.000486221 0.00104632 0.00184169 0.00277474 0.00372701 0.00460121 0.00532859 0.00586416 0.00618279 0.00627737 0.00615787 0.00585025 0.00539522 0.00484743 0.00427506 0.00375884 0.00338851 0.00327738 0.00382753 0.00713175 0.0188475 0.0434719 0.0710485 0.078256 0.0584615 0.0287761 0.00950673 0.00213645 0.000341266 4.15835e-05 4.52309e-06 5.20506e-07 6.05212e-08 5.78306e-09 3.08205e-10 0 
0 3.34736e-07 3.43709e-06 1.81535e-05 6.77881e-05 0.000195529 0.00045244 0.000864103 0.00140469 0.00200693 0.00259343 0.0030996 0.00348096 0.00371236 0.00378564 0.00370766 0.00349911 0.00319377 0.00283831 0.00249197 0.00222431 0.00210968 0.00224255 0.00304766 0.00690068 0.0201506 0.0480627 0.078256 0.0847052 0.0654367 0.0319051 0.0104845 0.00232039 0.000356563 4.02915e-05 3.90087e-06 4.04165e-07 4.49314e-08 4.24419e-09 2.25415e-10 0 
0 1.16809e-07 1.17485e-06 6.13602e-06 2.30114e-05 6.80297e-05 0.000164803 0.000334845 0.000582682 0.000887828 0.001211 0.00150821 0.0017426 0.00189003 0.0019403 0.00189644 0.00177351 0.0015974 0.00140343 0.00123444 0.00113816 0.00116432 0.00137849 0.00208604 0.00501577 0.0148715 0.0353182 0.0584615 0.0654367 0.0479044 0.0236312 0.0077644 0.00171299 0.000259672 2.84364e-05 2.6193e-06 2.59493e-07 2.84638e-08 2.69873e-09 1.44296e-10 0 
0 3.75406e-08 3.68282e-07 1.88749e-06 7.01609e-06 2.08407e-05 5.15266e-05 0.000108436 0.000197497 0.000316211 0.000452066 0.000585782 0.000697161 0.000770421 0.000797357 0.00077838 0.000722044 0.000643633 0.000563204 0.000503689 0.000489946 0.000549476 0.000721779 0.00115974 0.00266654 0.00750972 0.0175374 0.0287761 0.0319051 0.0236312 0.0116708 0.00384432 0.00085166 0.000129269 1.41848e-05 1.32655e-06 1.35563e-07 1.53161e-08 1.48366e-09 8.06814e-11 0 
0 1.11186e-08 1.06108e-07 5.31092e-07 1.94058e-06 5.71638e-06 1.41619e-05 3.01836e-05 5.61881e-05 9.24993e-05 0.000136224 0.000181443 0.000220802 0.00024773 0.000258337 0.000252416 0.000233436 0.000207756 0.000183513 0.000169807 0.000176783 0.000216869 0.000308923 0.00050887 0.00106107 0.00265226 0.00588719 0.00950673 0.0104845 0.0077644 0.00384432 0.00127473 0.000285223 4.39559e-05 5.01458e-06 5.11372e-07 5.81313e-08 7.0258e-09 7.05875e-10 3.93935e-11 0 
0 3.03327e-09 2.81196e-08 1.37085e-07 4.90044e-07 1.4206e-06 3.48753e-06 7.41916e-06 1.38779e-05 2.30777e-05 3.44364e-05 4.6506e-05 5.72965e-05 6.48881e-05 6.80653e-05 6.6719e-05 6.18948e-05 5.55457e-05 5.01778e-05 4.86475e-05 5.43134e-05 7.15462e-05 0.000106767 0.000174511 0.000325452 0.000690375 0.00138147 0.00213645 0.00232039 0.00171299 0.00085166 0.000285223 6.49504e-05 1.04183e-05 1.30796e-06 1.57889e-07 2.10594e-08 2.77233e-09 2.91403e-10 1.68062e-11 0 
0 7.60388e-10 6.84415e-09 3.24587e-08 1.13246e-07 3.21773e-07 7.7807e-07 1.63878e-06 3.04999e-06 5.06771e-06 7.57966e-06 1.02794e-05 1.27264e-05 1.4481e-05 1.52573e-05 1.50299e-05 1.4055e-05 1.28163e-05 1.19486e-05 1.22027e-05 1.44962e-05 2.00175e-05 3.03108e-05 4.7831e-05 7.91709e-05 0.000139821 0.000240291 0.000341266 0.000356563 0.000259672 0.000129269 4.39559e-05 1.04183e-05 1.83458e-06 2.76332e-07 4.21624e-08 6.63899e-09 9.48599e-10 1.04623e-10 6.26597e-12 0 
0 1.74167e-10 1.52236e-09 7.02214e-09 2.38898e-08 6.641e-08 1.57707e-07 3.27526e-07 6.03424e-07 9.96069e-07 1.48455e-06 2.01099e-06 2.49127e-06 2.8406e-06 3.00382e-06 2.97761e-06 2.81627e-06 2.62303e-06 2.53694e-06 2.72807e-06 3.40594e-06 4.82676e-06 7.26314e-06 1.09464e-05 1.61947e-05 2.37344e-05 3.35843e-05 4.15835e-05 4.02915e-05 2.84364e-05 1.41848e-05 5.01458e-06 1.30796e-06 2.76332e-07 5.37795e-08 1.02902e-08 1.84328e-09 2.82142e-10 3.26583e-11 2.03746e-12 0 
0 3.60431e-11 3.06146e-10 1.37411e-09 4.55865e-09 1.23917e-08 2.88666e-08 5.90059e-08 1.0736e-07 1.75577e-07 2.60014e-07 3.50881e-07 4.34041e-07 4.95297e-07 5.25571e-07 5.24817e-07 5.03303e-07 4.80499e-07 4.83231e-07 5.44897e-07 7.05766e-07 1.0105e-06 1.49477e-06 2.15675e-06 2.93433e-06 3.71963e-06 4.35183e-06 4.52309e-06 3.90087e-06 2.6193e-06 1.32655e-06 5.11372e-07 1.57889e-07 4.21624e-08 1.02902e-08 2.29086e-09 4.47455e-10 7.25825e-11 8.81307e-12 5.73724e-13 0 
0 6.59425e-12 5.44833e-11 2.3817e-10 7.70997e-10 2.04994e-09 4.6838e-09 9.41827e-09 1.69081e-08 2.73637e-08 4.02145e-08 5.39986e-08 6.66371e-08 7.60673e-08 8.1012e-08 8.15777e-08 7.94875e-08 7.79753e-08 8.15532e-08 9.58372e-08 1.27293e-07 1.82185e-07 2.63585e-07 3.66076e-07 4.71105e-07 5.49253e-07 5.71251e-07 5.20506e-07 4.04165e-07 2.59493e-07 1.35563e-07 5.81313e-08 2.10594e-08 6.63899e-09 1.84328e-09 4.47455e-10 9.30171e-11 1.58956e-11 2.023e-12 1.37497e-13 0 
0 1.02048e-12 8.21156e-12 3.50016e-11 1.10674e-10 2.88044e-10 6.45819e-10 1.27771e-09 2.26305e-09 3.6233e-09 5.2822e-09 7.05466e-09 8.68264e-09 9.91478e-09 1.06028e-08 1.0779e-08 1.06903e-08 1.07924e-08 1.17208e-08 1.42536e-08 1.92276e-08 2.73187e-08 3.85781e-08 5.1782e-08 6.40249e-08 7.12935e-08 7.0293e-08 6.05212e-08 4.49314e-08 2.84638e-08 1.53161e-08 7.0258e-09 2.77233e-09 9.48599e-10 2.82142e-10 7.25825e-11 1.58956e-11 2.85181e-12 3.79923e-13 2.69493e-14 0 
0 1.20438e-13 9.45126e-13 3.93338e-12 1.2163e-11 3.10191e-11 6.83015e-11 1.33031e-10 2.32547e-10 3.68412e-10 5.32817e-10 7.07806e-10 8.68909e-10 9.92841e-10 1.06682e-09 1.09622e-09 1.10836e-09 1.15232e-09 1.29584e-09 1.61916e-09 2.20142e-09 3.09152e-09 4.25936e-09 5.54229e-09 6.63205e-09 7.15764e-09 6.86428e-09 5.78306e-09 4.24419e-09 2.69873e-09 1.48366e-09 7.05875e-10 2.91403e-10 1.04623e-10 3.26583e-11 8.81307e-12 2.023e-12 3.79923e-13 5.28836e-14 3.9107e-15 0 
0 7.73738e-15 5.92967e-14 2.41283e-13 7.30607e-13 1.82792e-12 3.95675e-12 7.59298e-12 1.3108e-11 2.05575e-11 2.9505e-11 3.89971e-11 4.77657e-11 5.46399e-11 5.90404e-11 6.13964e-11 6.33656e-11 6.7832e-11 7.86916e-11 1.00354e-10 1.3671e-10 1.89265e-10 2.54542e-10 3.21952e-10 3.74464e-10 3.94017e-10 3.70422e-10 3.08205e-10 2.25415e-10 1.44296e-10 8.06814e-11 3.93935e-11 1.68062e-11 6.26597e-12 2.03746e-12 5.73724e-13 1.37497e-13 2.69493e-14 3.9107e-15 3.01012e-16 0 
0 0 0 0 0 0 0 0 0 0 0 0 0 0 0 0 0 0 0 0 0 0 0 0 0 0 0 0 0 0 0 0 0 0 0 0 0 0 0 0 0 
