0 0 0 0 0 0 0 0 0 0 0 0 0 0 0 0 0 0 0 0 0 0 0 0 0 0 0 0 0 0 0 0 0 0 0 0 0 0 0 0 0 
0 8.14678e-09 7.59629e-08 3.66696e-07 1.27607e-06 3.54055e-06 8.19503e-06 1.62546e-05 2.81842e-05 4.34458e-05 6.04206e-05 7.67649e-05 9.00138e-05 9.81758e-05 0.000100143 9.58514e-05 8.62119e-05 7.28518e-05 5.77496e-05 4.28323e-05 2.96275e-05 1.90452e-05 1.1339e-05 6.23501e-06 3.16011e-06 1.47478e-06 6.33698e-07 2.50881e-07 9.16211e-08 3.0906e-08 9.64033e-09 2.78189e-09 7.42102e-10 1.82504e-10 4.113e-11 8.39623e-12 1.51865e-12 2.32783e-13 2.72554e-14 1.73942e-15 0 
0 7.59629e-08 7.38242e-07 3.69359e-06 1.31865e-05 3.70208e-05 8.53844e-05 0.000166394 0.000280581 0.000418534 0.000563362 0.000695769 0.000798708 0.000860195 0.000874415 0.000841689 0.000767784 0.000662814 0.000539761 0.000412643 0.000294391 0.000194734 0.000118698 6.63345e-05 3.38775e-05 1.57918e-05 6.72334e-06 2.61966e-06 9.36687e-07 3.08215e-07 9.35545e-08 2.62346e-08 6.79695e-09 1.62354e-09 3.55566e-10 7.05976e-11 1.24332e-11 1.85795e-12 2.12356e-13 1.32472e-14 0 
0 3.66696e-07 3.69359e-06 1.8957e-05 6.82019e-05 0.000188545 0.000418312 0.000770682 0.00121945 0.00171054 0.00218402 0.00258913 0.00288948 0.00306317 0.00310154 0.00300762 0.00279454 0.00248386 0.00210388 0.00168791 0.00127197 0.000891135 0.000574001 0.000336449 0.00017811 8.48651e-05 3.64228e-05 1.41359e-05 4.98832e-06 1.60945e-06 4.77012e-07 1.30292e-07 3.28415e-08 7.62979e-09 1.62575e-09 3.14301e-10 5.39533e-11 7.86832e-12 8.7882e-13 5.36455e-14 0 
0 1.27607e-06 1.31865e-05 6.82019e-05 0.000240318 0.000629815 0.00129224 0.00218389 0.00319348 0.00420443 0.00512348 0.00588216 0.00643287 0.00674699 0.00681418 0.00664135 0.00625058 0.00567611 0.00496093 0.00415366 0.00330674 0.00247568 0.00171782 0.00108619 0.000615845 0.000309605 0.000137547 5.42286e-05 1.91413e-05 6.10928e-06 1.77837e-06 4.75058e-07 1.16846e-07 2.64651e-08 5.49757e-09 1.03669e-09 1.73742e-10 2.47652e-11 2.70693e-12 1.61916e-13 0 
0 3.54055e-06 3.70208e-05 0.000188545 0.000629815 0.00151465 0.00282382 0.00439225 0.00604202 0.00763376 0.00905804 0.0102266 0.0110726 0.011554 0.0116554 0.0113877 0.0107851 0.0099003 0.00879821 0.00754942 0.0062248 0.00489247 0.00361897 0.00247333 0.00152617 0.000831047 0.000393375 0.000161528 5.80867e-05 1.85671e-05 5.35139e-06 1.40577e-06 3.38757e-07 7.50386e-08 1.52363e-08 2.80896e-09 4.60558e-10 6.42873e-11 6.88895e-12 4.04462e-13 0 
0 8.19503e-06 8.53844e-05 0.000418312 0.00129224 0.00282382 0.00484565 0.00711752 0.00944943 0.0116852 0.0136844 0.0153255 0.0165141 0.0171903 0.017332 0.0169546 0.0161067 0.0148633 0.0133167 0.011567 0.00971306 0.00784523 0.00604168 0.00437159 0.00290565 0.00172249 0.000884648 0.00038715 0.000144748 4.7024e-05 1.35516e-05 3.52386e-06 8.35893e-07 1.81756e-07 3.61842e-08 6.53948e-09 1.05151e-09 1.44053e-10 1.51647e-11 8.75599e-13 0 
0 1.62546e-05 0.000166394 0.000770682 0.00218389 0.00439225 0.00711752 0.0101103 0.0131697 0.0161039 0.0187296 0.0208862 0.0224489 0.0233381 0.0235247 0.0230288 0.0219147 0.0202813 0.018251 0.0159563 0.0135286 0.0110872 0.00873192 0.00654115 0.00457844 0.00291115 0.0016213 0.000765478 0.000302601 0.000101381 2.95189e-05 7.65227e-06 1.79591e-06 3.84844e-07 7.53703e-08 1.33923e-08 2.11746e-09 2.85395e-10 2.95819e-11 1.6833e-12 0 
0 2.81842e-05 0.000280581 0.00121945 0.00319348 0.00604202 0.00944943 0.0131697 0.0169729 0.0206226 0.0238902 0.0265751 0.0285214 0.02963 0.029864 0.0292484 0.0278632 0.025832 0.0233073 0.0204552 0.0174399 0.0144112 0.0114944 0.00878498 0.00634956 0.00424054 0.00252415 0.00128321 0.000540782 0.000188945 5.61067e-05 1.45985e-05 3.40668e-06 7.22296e-07 1.39634e-07 2.44681e-08 3.8147e-09 5.07156e-10 5.18849e-11 2.91632e-12 0 
0 4.34458e-05 0.000418534 0.00171054 0.00420443 0.00763376 0.0116852 0.0161039 0.0206226 0.0249604 0.0288454 0.032039 0.0343555 0.0356766 0.0359581 0.0352294 0.0335854 0.0311732 0.0281744 0.0247868 0.0212066 0.0176126 0.0141551 0.0109482 0.00806839 0.0055626 0.00347509 0.00187986 0.000843254 0.00030885 9.41472e-05 2.47236e-05 5.76201e-06 1.21324e-06 2.32281e-07 4.02626e-08 6.20732e-09 8.16224e-10 8.26311e-11 4.59897e-12 0 
0 6.04206e-05 0.000563362 0.00218402 0.00512348 0.00905804 0.0136844 0.0187296 0.0238902 0.0288454 0.033285 0.0369362 0.0395867 0.0411006 0.0414272 0.0405994 0.0387254 0.0359731 0.0325501 0.0286829 0.0245959 0.0204941 0.0165502 0.0128956 0.00961806 0.00676557 0.00436752 0.00247644 0.00117214 0.00044945 0.000141013 3.75061e-05 8.75964e-06 1.83758e-06 3.49497e-07 6.01044e-08 9.18986e-09 1.19856e-09 1.20398e-10 6.65308e-12 0 
0 7.67649e-05 0.000695769 0.00258913 0.00588216 0.0102266 0.0153255 0.0208862 0.0265751 0.032039 0.0369362 0.040966 0.0438937 0.0455693 0.0459359 0.0450294 0.0429687 0.0399385 0.0361678 0.0319064 0.027402 0.0228815 0.0185358 0.0145109 0.0109043 0.00776774 0.00512278 0.00300235 0.00148156 0.000590967 0.000190566 5.13958e-05 1.20556e-05 2.52627e-06 4.78675e-07 8.19135e-08 1.24582e-08 1.61643e-09 1.61605e-10 8.89374e-12 0 
0 9.00138e-05 0.000798708 0.00288948 0.00643287 0.0110726 0.0165141 0.0224489 0.0285214 0.0343555 0.0395867 0.0438937 0.047026 0.0488225 0.049222 0.0482621 0.0460691 0.0428398 0.0388184 0.0342715 0.0294641 0.0246385 0.0199994 0.0157034 0.0118557 0.00851126 0.00568847 0.00340677 0.00173113 0.00071165 0.000234768 6.41385e-05 1.51257e-05 3.17294e-06 6.00568e-07 1.02576e-07 1.55689e-08 2.01653e-09 2.0138e-10 1.10798e-11 0 
0 9.81758e-05 0.000860195 0.00306317 0.00674699 0.011554 0.0171903 0.0233381 0.02963 0.0356766 0.0411006 0.0455693 0.0488225 0.050693 0.0511165 0.0501313 0.0478674 0.0445283 0.0403665 0.0356582 0.0306779 0.0256773 0.0208687 0.0164154 0.012427 0.008961 0.00603462 0.00365988 0.00189343 0.000793904 0.000266189 7.3483e-05 1.74284e-05 3.66703e-06 6.95367e-07 1.18957e-07 1.80898e-08 2.34925e-09 2.35472e-10 1.30202e-11 0 
0 0.000100143 0.000874415 0.00310154 0.00681418 0.0116554 0.017332 0.0235247 0.029864 0.0359581 0.0414272 0.0459359 0.049222 0.0511165 0.0515539 0.050572 0.0483011 0.0449453 0.0407586 0.0360189 0.0310026 0.0259636 0.0211162 0.0166253 0.0126021 0.00910516 0.00615156 0.00375091 0.00195618 0.00082822 0.000280281 7.79621e-05 1.86045e-05 3.93613e-06 7.50629e-07 1.29229e-07 1.97994e-08 2.59436e-09 2.62833e-10 1.47174e-11 0 
0 9.58514e-05 0.000841689 0.00300762 0.00664135 0.0113877 0.0169546 0.0230288 0.0292484 0.0352294 0.0405994 0.0450294 0.0482621 0.0501313 0.050572 0.0496206 0.0474042 0.0441221 0.0400229 0.0353786 0.0304603 0.0255168 0.0207585 0.0163478 0.012394 0.00895502 0.00604864 0.0036862 0.00192189 0.000814646 0.000276676 7.7425e-05 1.86263e-05 3.97994e-06 7.67971e-07 1.34057e-07 2.08726e-08 2.78612e-09 2.88232e-10 1.65177e-11 0 
0 8.62119e-05 0.000767784 0.00279454 0.00625058 0.0107851 0.0161067 0.0219147 0.0278632 0.0335854 0.0387254 0.0429687 0.0460691 0.0478674 0.0483011 0.0474042 0.0452974 0.0421707 0.0382609 0.0338277 0.0291295 0.0244042 0.0198528 0.0156306 0.0118421 0.00854327 0.00575283 0.00348767 0.00180662 0.000762443 0.000259305 7.31577e-05 1.7846e-05 3.88442e-06 7.66549e-07 1.37335e-07 2.20166e-08 3.03378e-09 3.24561e-10 1.92471e-11 0 
0 7.28518e-05 0.000662814 0.00248386 0.00567611 0.0099003 0.0148633 0.0202813 0.025832 0.0311732 0.0359731 0.0399385 0.0428398 0.0445283 0.0449453 0.0441221 0.0421707 0.0392675 0.0356329 0.0315082 0.0271341 0.0227318 0.0184884 0.0145482 0.0110084 0.00792114 0.00530723 0.00319172 0.00163848 0.000688586 0.000235629 6.76599e-05 1.69586e-05 3.81985e-06 7.84125e-07 1.46635e-07 2.45749e-08 3.53874e-09 3.94747e-10 2.4317e-11 0 
0 5.77496e-05 0.000539761 0.00210388 0.00496093 0.00879821 0.0133167 0.018251 0.0233073 0.0281744 0.0325501 0.0361678 0.0388184 0.0403665 0.0407586 0.0400229 0.0382609 0.0356329 0.0323388 0.0285978 0.0246286 0.0206316 0.0167767 0.0131939 0.00997078 0.00715481 0.00476933 0.00284817 0.00145567 0.000615652 0.000215551 6.43427e-05 1.69564e-05 4.04085e-06 8.79078e-07 1.73845e-07 3.06536e-08 4.6114e-09 5.33109e-10 3.37596e-11 0 
0 4.28323e-05 0.000412643 0.00168791 0.00415366 0.00754942 0.011567 0.0159563 0.0204552 0.0247868 0.0286829 0.0319064 0.0342715 0.0356582 0.0360189 0.0353786 0.0338277 0.0315082 0.0285978 0.0252912 0.0217823 0.0182486 0.0148402 0.0116711 0.00881743 0.0063215 0.00420906 0.00251836 0.00130384 0.000569919 0.000210842 6.75302e-05 1.91917e-05 4.91336e-06 1.13742e-06 2.36451e-07 4.32787e-08 6.68038e-09 7.84611e-10 5.00739e-11 0 
0 2.96275e-05 0.000294391 0.00127197 0.00330674 0.0062248 0.00971306 0.0135286 0.0174399 0.0212066 0.0245959 0.027402 0.0294641 0.0306779 0.0310026 0.0304603 0.0291295 0.0271341 0.0246286 0.0217823 0.0187637 0.0157269 0.0128011 0.0100838 0.00763952 0.00550498 0.00370522 0.00227096 0.00123287 0.00058086 0.000235991 8.313e-05 2.56419e-05 6.9835e-06 1.68516e-06 3.58903e-07 6.64055e-08 1.02604e-08 1.19802e-09 7.56553e-11 0 
0 1.90452e-05 0.000194734 0.000891135 0.00247568 0.00489247 0.00784523 0.0110872 0.0144112 0.0176126 0.0204941 0.0228815 0.0246385 0.0256773 0.0259636 0.0255168 0.0244042 0.0227318 0.0206316 0.0182486 0.0157269 0.0131978 0.0107711 0.00852885 0.00652482 0.00478963 0.00333827 0.00217481 0.00129434 0.000683372 0.000311171 0.000120218 3.94003e-05 1.10698e-05 2.69611e-06 5.71344e-07 1.04269e-07 1.58111e-08 1.80704e-09 1.11575e-10 0 
0 1.1339e-05 0.000118698 0.000574001 0.00171782 0.00361897 0.00604168 0.00873192 0.0114944 0.0141551 0.0165502 0.0185358 0.0199994 0.0208687 0.0211162 0.0207585 0.0198528 0.0184884 0.0167767 0.0148402 0.0128011 0.0107711 0.00884354 0.00708838 0.00555172 0.00425518 0.00318908 0.00230858 0.00156129 0.000937324 0.000474362 0.00019585 6.5793e-05 1.83707e-05 4.37449e-06 9.00493e-07 1.59316e-07 2.34174e-08 2.5966e-09 1.55785e-10 0 
0 6.23501e-06 6.63345e-05 0.000336449 0.00108619 0.00247333 0.00437159 0.00654115 0.00878498 0.0109482 0.0128956 0.0145109 0.0157034 0.0164154 0.0166253 0.0163478 0.0156306 0.0145482 0.0131939 0.0116711 0.0100838 0.00852885 0.00708838 0.00582675 0.00479056 0.00400592 0.00344781 0.00297827 0.00238477 0.00161482 0.000870709 0.000364019 0.000118405 3.11034e-05 6.93678e-06 1.35104e-06 2.28556e-07 3.2333e-08 3.46483e-09 2.01564e-10 0 
0 3.16011e-06 3.38775e-05 0.00017811 0.000615845 0.00152617 0.00290565 0.00457844 0.00634956 0.00806839 0.00961806 0.0109043 0.0118557 0.012427 0.0126021 0.012394 0.0118421 0.0110084 0.00997078 0.00881743 0.00763952 0.00652482 0.00555172 0.00479056 0.00433561 0.00437147 0.00504619 0.00587613 0.00570676 0.0041399 0.00217709 0.000839972 0.000243555 5.55042e-05 1.07702e-05 1.89363e-06 3.00406e-07 4.06858e-08 4.21162e-09 2.3782e-10 0 
0 1.47478e-06 1.57918e-05 8.48651e-05 0.000309605 0.000831047 0.00172249 0.00291115 0.00424054 0.0055626 0.00676557 0.00776774 0.00851126 0.008961 0.00910516 0.00895502 0.00854327 0.00792114 0.00715481 0.0063215 0.00550498 0.00478963 0.00425518 0.00400592 0.00437147 0.00630382 0.0106994 0.0157113 0.0168081 0.0124022 0.00625297 0.00219106 0.000553667 0.000105678 1.67097e-05 2.47754e-06 3.56176e-07 4.58402e-08 4.59187e-09 2.52595e-10 0 
0 6.33698e-07 6.72334e-06 3.64228e-05 0.000137547 0.000393375 0.000884648 0.0016213 0.00252415 0.00347509 0.00436752 0.00512278 0.00568847 0.00603462 0.00615156 0.00604864 0.00575283 0.00530723 0.00476933 0.00420906 0.00370522 0.00333827 0.00318908 0.00344781 0.00504619 0.0106994 0.022707 0.0362348 0.0398341 0.0294846 0.0146371 0.00490554 0.00113885 0.000190869 2.4981e-05 3.00772e-06 3.76715e-07 4.55946e-08 4.43394e-09 2.38973e-10 0 
0 2.50881e-07 2.61966e-06 1.41359e-05 5.42286e-05 0.000161528 0.00038715 0.000765478 0.00128321 0.00187986 0.00247644 0.00300235 0.00340677 0.00365988 0.00375091 0.0036862 0.00348767 0.00319172 0.00284817 0.00251836 0.00227096 0.00217481 0.00230858 0.00297827 0.00587613 0.0157113 0.0362348 0.0592599 0.0656102 0.0486198 0.0240243 0.00793297 0.00177498 0.000277387 3.21208e-05 3.23803e-06 3.49226e-07 3.95365e-08 3.7533e-09 1.99698e-10 0 
0 9.16211e-08 9.36687e-07 4.98832e-06 1.91413e-05 5.80867e-05 0.000144748 0.000302601 0.000540782 0.000843254 0.00117214 0.00148156 0.00173113 0.00189343 0.00195618 0.00192189 0.00180662 0.00163848 0.00145567 0.00130384 0.00123287 0.00129434 0.00156129 0.00238477 0.00570676 0.0168081 0.0398341 0.0656102 0.072665 0.0539972 0.0266263 0.0087512 0.00193139 0.000292261 3.17328e-05 2.86179e-06 2.75073e-07 2.95131e-08 2.76359e-09 1.46493e-10 0 
0 3.0906e-08 3.08215e-07 1.60945e-06 6.10928e-06 1.85671e-05 4.7024e-05 0.000101381 0.000188945 0.00030885 0.00044945 0.000590967 0.00071165 0.000793904 0.00082822 0.000814646 0.000762443 0.000688586 0.000615652 0.000569919 0.00058086 0.000683372 0.000937324 0.00161482 0.0041399 0.0124022 0.0294846 0.0486198 0.0539972 0.0399863 0.0197306 0.00648033 0.00142541 0.0002131 2.25372e-05 1.9416e-06 1.77854e-07 1.87531e-08 1.76098e-09 9.39686e-11 0 
0 9.64033e-09 9.35545e-08 4.77012e-07 1.77837e-06 5.35139e-06 1.35516e-05 2.95189e-05 5.61067e-05 9.41472e-05 0.000141013 0.000190566 0.000234768 0.000266189 0.000280281 0.000276676 0.000259305 0.000235629 0.000215551 0.000210842 0.000235991 0.000311171 0.000474362 0.000870709 0.00217709 0.00625297 0.0146371 0.0240243 0.0266263 0.0197306 0.009743 0.00320661 0.000707031 0.000105692 1.12007e-05 9.79508e-07 9.26985e-08 1.00927e-08 9.69245e-10 5.26153e-11 0 
0 2.78189e-09 2.62346e-08 1.30292e-07 4.75058e-07 1.40577e-06 3.52386e-06 7.65227e-06 1.45985e-05 2.47236e-05 3.75061e-05 5.13958e-05 6.41385e-05 7.3483e-05 7.79621e-05 7.7425e-05 7.31577e-05 6.76599e-05 6.43427e-05 6.75302e-05 8.313e-05 0.000120218 0.00019585 0.000364019 0.000839972 0.00219106 0.00490554 0.00793297 0.0087512 0.00648033 0.00320661 0.00106052 0.000235383 3.56027e-05 3.90339e-06 3.70844e-07 3.93436e-08 4.62099e-09 4.61372e-10 2.57144e-11 0 
0 7.42102e-10 6.79695e-09 3.28415e-08 1.16846e-07 3.38757e-07 8.35893e-07 1.79591e-06 3.40668e-06 5.76201e-06 8.75964e-06 1.20556e-05 1.51257e-05 1.74284e-05 1.86045e-05 1.86263e-05 1.7846e-05 1.69586e-05 1.69564e-05 1.91917e-05 2.56419e-05 3.94003e-05 6.5793e-05 0.000118405 0.000243555 0.000553667 0.00113885 0.00177498 0.00193139 0.00142541 0.000707031 0.000235383 5.29384e-05 8.28022e-06 9.8913e-07 1.11099e-07 1.40618e-08 1.81899e-09 1.90506e-10 1.09775e-11 0 
0 1.82504e-10 1.62354e-09 7.62979e-09 2.64651e-08 7.50386e-08 1.81756e-07 3.84844e-07 7.22296e-07 1.21324e-06 1.83758e-06 2.52627e-06 3.17294e-06 3.66703e-06 3.93613e-06 3.97994e-06 3.88442e-06 3.81985e-06 4.04085e-06 4.91336e-06 6.9835e-06 1.10698e-05 1.83707e-05 3.11034e-05 5.55042e-05 0.000105678 0.000190869 0.000277387 0.000292261 0.0002131 0.000105692 3.56027e-05 8.28022e-06 1.40578e-06 1.99575e-07 2.86899e-08 4.38413e-09 6.21296e-10 6.84062e-11 4.09459e-12 0 
0 4.113e-11 3.55566e-10 1.62575e-09 5.49757e-09 1.52363e-08 3.61842e-08 7.53703e-08 1.39634e-07 2.32281e-07 3.49497e-07 4.78675e-07 6.00568e-07 6.95367e-07 7.50629e-07 7.67971e-07 7.66549e-07 7.84125e-07 8.79078e-07 1.13742e-06 1.68516e-06 2.69611e-06 4.37449e-06 6.93678e-06 1.07702e-05 1.67097e-05 2.4981e-05 3.21208e-05 3.17328e-05 2.25372e-05 1.12007e-05 3.90339e-06 9.8913e-07 1.99575e-07 3.69127e-08 6.83538e-09 1.20981e-09 1.84632e-10 2.13554e-11 1.3318e-12 0 
0 8.39623e-12 7.05976e-11 3.14301e-10 1.03669e-09 2.80896e-09 6.53948e-09 1.33923e-08 2.44681e-08 4.02626e-08 6.01044e-08 8.19135e-08 1.02576e-07 1.18957e-07 1.29229e-07 1.34057e-07 1.37335e-07 1.46635e-07 1.73845e-07 2.36451e-07 3.58903e-07 5.71344e-07 9.00493e-07 1.35104e-06 1.89363e-06 2.47754e-06 3.00772e-06 3.23803e-06 2.86179e-06 1.9416e-06 9.79508e-07 3.70844e-07 1.11099e-07 2.86899e-08 6.83538e-09 1.5051e-09 2.92981e-10 4.74824e-11 5.76336e-12 3.75089e-13 0 
0 1.51865e-12 1.24332e-11 5.39533e-11 1.73742e-10 4.60558e-10 1.05151e-09 2.11746e-09 3.8147e-09 6.20732e-09 9.18986e-09 1.24582e-08 1.55689e-08 1.80898e-08 1.97994e-08 2.08726e-08 2.20166e-08 2.45749e-08 3.06536e-08 4.32787e-08 6.64055e-08 1.04269e-07 1.59316e-07 2.28556e-07 3.00406e-07 3.56176e-07 3.76715e-07 3.49226e-07 2.75073e-07 1.77854e-07 9.26985e-08 3.93436e-08 1.40618e-08 4.38413e-09 1.20981e-09 2.92981e-10 6.08598e-11 1.03974e-11 1.323e-12 8.99025e-14 0 
0 2.32783e-13 1.85795e-12 7.86832e-12 2.47652e-11 6.42873e-11 1.44053e-10 2.85395e-10 5.07156e-10 8.16224e-10 1.19856e-09 1.61643e-09 2.01653e-09 2.34925e-09 2.59436e-09 2.78612e-09 3.03378e-09 3.53874e-09 4.6114e-09 6.68038e-09 1.02604e-08 1.58111e-08 2.34174e-08 3.2333e-08 4.06858e-08 4.58402e-08 4.55946e-08 3.95365e-08 2.95131e-08 1.87531e-08 1.00927e-08 4.62099e-09 1.81899e-09 6.21296e-10 1.84632e-10 4.74824e-11 1.03974e-11 1.8652e-12 2.48457e-13 1.76216e-14 0 
0 2.72554e-14 2.12356e-13 8.7882e-13 2.70693e-12 6.88895e-12 1.51647e-11 2.95819e-11 5.18849e-11 8.26311e-11 1.20398e-10 1.61605e-10 2.0138e-10 2.35472e-10 2.62833e-10 2.88232e-10 3.24561e-10 3.94747e-10 5.33109e-10 7.84611e-10 1.19802e-09 1.80704e-09 2.5966e-09 3.46483e-09 4.21162e-09 4.59187e-09 4.43394e-09 3.7533e-09 2.76359e-09 1.76098e-09 9.69245e-10 4.61372e-10 1.90506e-10 6.84062e-11 2.13554e-11 5.76336e-12 1.323e-12 2.48457e-13 3.45824e-14 2.55712e-15 0 
0 1.73942e-15 1.32472e-14 5.36455e-14 1.61916e-13 4.04462e-13 8.75599e-13 1.6833e-12 2.91632e-12 4.59897e-12 6.65308e-12 8.89374e-12 1.10798e-11 1.30202e-11 1.47174e-11 1.65177e-11 1.92471e-11 2.4317e-11 3.37596e-11 5.00739e-11 7.56553e-11 1.11575e-10 1.55785e-10 2.01564e-10 2.3782e-10 2.52595e-10 2.38973e-10 1.99698e-10 1.46493e-10 9.39686e-11 5.26153e-11 2.57144e-11 1.09775e-11 4.09459e-12 1.3318e-12 3.75089e-13 8.99025e-14 1.76216e-14 2.55712e-15 1.96817e-16 0 
0 0 0 0 0 0 0 0 0 0 0 0 0 0 0 0 0 0 0 0 0 0 0 0 0 0 0 0 0 0 0 0 0 0 0 0 0 0 0 0 0 
