0 0 0 0 0 0 0 0 0 0 0 0 0 0 0 0 0 0 0 0 0 0 0 0 0 0 0 0 0 0 0 0 0 0 0 0 0 0 0 0 0 
0 1.31927e-08 1.22661e-07 5.88653e-07 2.02939e-06 5.55904e-06 1.26676e-05 2.46943e-05 4.20704e-05 6.37862e-05 8.74368e-05 0.000109808 0.000127687 0.000138572 0.000141126 0.000135318 0.000122322 0.00010421 8.35235e-05 6.28013e-05 4.41378e-05 2.88796e-05 1.75224e-05 9.82445e-06 5.07686e-06 2.41419e-06 1.05588e-06 4.24908e-07 1.57491e-07 5.38329e-08 1.69887e-08 4.95241e-09 1.33272e-09 3.30214e-10 7.48917e-11 1.53701e-11 2.79251e-12 4.29645e-13 5.0462e-14 3.22881e-15 0 
0 1.22661e-07 1.18841e-06 5.90108e-06 2.07903e-05 5.72593e-05 0.000128926 0.000244648 0.000401759 0.000585093 0.000771961 0.000938847 0.00106632 0.00114142 0.00115825 0.0011176 0.00102614 0.00089526 0.00073976 0.000576056 0.000420066 0.000284804 0.000178253 0.000102348 5.36684e-05 2.56437e-05 1.1165e-05 4.43703e-06 1.61387e-06 5.38869e-07 1.6561e-07 4.69294e-08 1.22657e-08 2.95128e-09 6.50263e-10 1.29753e-10 2.29446e-11 3.44017e-12 3.94271e-13 2.46503e-14 0 
0 5.88653e-07 5.90108e-06 2.99228e-05 0.000105343 0.000282247 0.000603092 0.00106911 0.00163415 0.00222881 0.00278634 0.00325444 0.00359712 0.0037933 0.00383524 0.00372706 0.00348308 0.00312614 0.00268574 0.00219651 0.00169651 0.00122474 0.000816578 0.000496797 0.000273054 0.000134781 5.96839e-05 2.37841e-05 8.57685e-06 2.81612e-06 8.46478e-07 2.33841e-07 5.94813e-08 1.39203e-08 2.98359e-09 5.7952e-10 9.98545e-11 1.46059e-11 1.63524e-12 1.00009e-13 0 
0 2.02939e-06 2.07903e-05 0.000105343 0.000358312 0.000895985 0.00174954 0.00283206 0.00400813 0.00515753 0.00618894 0.00703435 0.00764516 0.00799171 0.00806363 0.00786912 0.00743277 0.00679214 0.0059937 0.00508889 0.00413143 0.00317658 0.0022818 0.00150502 0.000894693 0.000472 0.000219213 8.97265e-05 3.26254e-05 1.0652e-05 3.15435e-06 8.53656e-07 2.12065e-07 4.84003e-08 1.01136e-08 1.91586e-09 3.22215e-10 4.60534e-11 5.04438e-12 3.02222e-13 0 
0 5.55904e-06 5.72593e-05 0.000282247 0.000895985 0.00203283 0.0036028 0.00540428 0.00726066 0.00903652 0.0106194 0.0119149 0.0128505 0.0133808 0.0134893 0.0131889 0.0125179 0.0115346 0.0103111 0.00892492 0.00745309 0.00596718 0.00453281 0.00321428 0.00208047 0.00119793 0.000600507 0.000259637 9.73194e-05 3.20825e-05 9.45381e-06 2.52303e-06 6.14969e-07 1.37366e-07 2.80645e-08 5.19773e-09 8.55129e-10 1.19667e-10 1.28475e-11 7.55358e-13 0 
0 1.26676e-05 0.000128926 0.000603092 0.00174954 0.0036028 0.00592666 0.00848126 0.0110835 0.0135704 0.0157894 0.0176073 0.0189209 0.0196653 0.019817 0.0193941 0.0184507 0.01707 0.0153542 0.013414 0.0113585 0.00928706 0.00728318 0.00541508 0.0037445 0.00234152 0.00128135 0.000597942 0.000236266 8.0035e-05 2.37505e-05 6.30027e-06 1.515e-06 3.32559e-07 6.66521e-08 1.21036e-08 1.95287e-09 2.6819e-10 2.8282e-11 1.635e-12 0 
0 2.46943e-05 0.000244648 0.00106911 0.00283206 0.00540428 0.00848126 0.0118272 0.0152348 0.0184949 0.0214062 0.0237926 0.0255176 0.0264954 0.026695 0.0261399 0.0249016 0.0230898 0.0208394 0.0182969 0.0156071 0.0129019 0.0102914 0.00785968 0.00566744 0.00376773 0.00222963 0.00112961 0.000477793 0.000168999 5.11276e-05 1.35943e-05 3.24383e-06 7.02826e-07 1.38679e-07 2.47685e-08 3.93005e-09 5.3099e-10 5.51296e-11 3.14052e-12 0 
0 4.20704e-05 0.000401759 0.00163415 0.00400813 0.00726066 0.0110835 0.0152348 0.0194658 0.0235162 0.0271348 0.0301018 0.0322475 0.0334647 0.0337145 0.0330259 0.0314881 0.0292374 0.0264422 0.0232852 0.0199474 0.016594 0.0133636 0.0103613 0.00765764 0.00529704 0.00332408 0.00181181 0.000823344 0.000307238 9.5736e-05 2.57133e-05 6.12262e-06 1.315e-06 2.56369e-07 4.51762e-08 7.0696e-09 9.42217e-10 9.65485e-11 5.4321e-12 0 
0 6.37862e-05 0.000585093 0.00222881 0.00515753 0.00903652 0.0135704 0.0184949 0.0235162 0.0283246 0.0326216 0.0361463 0.0386966 0.0401448 0.0404446 0.0396299 0.0378064 0.0351363 0.0318196 0.028074 0.0241148 0.0201391 0.0163125 0.0127616 0.00957055 0.00678475 0.00443079 0.0025563 0.00123956 0.000489169 0.000157963 4.31099e-05 1.02919e-05 2.19973e-06 4.25166e-07 7.41491e-08 1.1477e-08 1.51297e-09 1.53401e-10 8.54486e-12 0 
0 8.74368e-05 0.000771961 0.00278634 0.00618894 0.0106194 0.0157894 0.0214062 0.0271348 0.0326216 0.0375265 0.0415514 0.0444655 0.0461225 0.0464692 0.0455438 0.0434667 0.0404228 0.0366407 0.0323687 0.0278534 0.0233201 0.0189589 0.0149152 0.0112865 0.00812341 0.00544397 0.00327088 0.00167136 0.000694234 0.000232576 6.46977e-05 1.55382e-05 3.31552e-06 6.37259e-07 1.10318e-07 1.69374e-08 2.21455e-09 2.22762e-10 1.23164e-11 0 
0 0.000109808 0.000938847 0.00325444 0.00703435 0.0119149 0.0176073 0.0237926 0.0301018 0.0361463 0.0415514 0.0459888 0.0492039 0.0510351 0.0514231 0.0504095 0.0481265 0.0447775 0.0406143 0.0359106 0.0309384 0.0259465 0.0211449 0.0166948 0.0127046 0.00923079 0.00628839 0.00388286 0.00206226 0.000893266 0.000309353 8.77241e-05 2.1231e-05 4.53341e-06 8.68802e-07 1.49709e-07 2.28642e-08 2.97347e-09 2.97577e-10 1.6377e-11 0 
0 0.000127687 0.00106632 0.00359712 0.00764516 0.0128505 0.0189209 0.0255176 0.0322475 0.0386966 0.0444655 0.0492039 0.05264 0.0546007 0.055022 0.053948 0.0515189 0.0479514 0.0435138 0.0384983 0.0331951 0.0278702 0.0227481 0.0180016 0.0137473 0.0100464 0.00691329 0.00434331 0.00236784 0.00105754 0.000376014 0.000108418 2.64462e-05 5.66004e-06 1.08409e-06 1.86454e-07 2.84096e-08 3.68622e-09 3.68201e-10 2.0237e-11 0 
0 0.000138572 0.00114142 0.0037933 0.00799171 0.0133808 0.0196653 0.0264954 0.0334647 0.0401448 0.0461225 0.0510351 0.0546007 0.0566394 0.0570846 0.055981 0.0534731 0.049785 0.0451939 0.0400025 0.0345114 0.0289963 0.0236903 0.018773 0.0143658 0.0105329 0.00728917 0.00462471 0.0025604 0.00116572 0.000421904 0.000123162 3.02526e-05 6.49723e-06 1.24658e-06 2.14628e-07 3.27363e-08 4.25362e-09 4.25761e-10 2.34701e-11 0 
0 0.000141126 0.00115825 0.00383524 0.00806363 0.0134893 0.019817 0.026695 0.0337145 0.0404446 0.0464692 0.0514231 0.055022 0.0570846 0.0575428 0.0564411 0.0539243 0.0502174 0.0455992 0.0403741 0.0348448 0.0292893 0.0239426 0.0189861 0.0145429 0.0106782 0.00740696 0.00471822 0.00262899 0.00120727 0.000440877 0.000129678 3.20409e-05 6.91473e-06 1.33275e-06 2.30575e-07 3.53622e-08 4.62458e-09 4.66449e-10 2.59466e-11 0 
0 0.000135318 0.0011176 0.00372706 0.00786912 0.0131889 0.0193941 0.0261399 0.0330259 0.0396299 0.0455438 0.0504095 0.053948 0.055981 0.0564411 0.0553713 0.0529129 0.049286 0.0447632 0.0396429 0.0342217 0.028772 0.0235248 0.0186583 0.0142934 0.0104947 0.00727732 0.00463193 0.00257798 0.00118321 0.000432689 0.000127758 3.17541e-05 6.90497e-06 1.34298e-06 2.34818e-07 3.64566e-08 4.83508e-09 4.95497e-10 2.80556e-11 0 
0 0.000122322 0.00102614 0.00348308 0.00743277 0.0125179 0.0184507 0.0249016 0.0314881 0.0378064 0.0434667 0.0481265 0.0515189 0.0534731 0.0539243 0.0529129 0.0505735 0.0471156 0.0427996 0.0379099 0.0327299 0.0275199 0.0225005 0.0178423 0.013661 0.0100182 0.00692937 0.00438953 0.00242569 0.00110534 0.000402949 0.000119367 2.99421e-05 6.60051e-06 1.30598e-06 2.32995e-07 3.70089e-08 5.03349e-09 5.2998e-10 3.08695e-11 0 
0 0.00010421 0.00089526 0.00312614 0.00679214 0.0115346 0.01707 0.0230898 0.0292374 0.0351363 0.0404228 0.0447775 0.0479514 0.049785 0.0502174 0.049286 0.0471156 0.0439014 0.0398854 0.0353325 0.0305066 0.0256501 0.0209685 0.0166203 0.0127131 0.00930409 0.00640877 0.00402935 0.00220326 0.000994672 0.000362014 0.000108231 2.76648e-05 6.25899e-06 1.27751e-06 2.35962e-07 3.88908e-08 5.49331e-09 6.00372e-10 3.62318e-11 0 
0 8.35235e-05 0.00073976 0.00268574 0.0059937 0.0103111 0.0153542 0.0208394 0.0264422 0.0318196 0.0366407 0.0406143 0.0435138 0.0451939 0.0455992 0.0447632 0.0427996 0.0398854 0.0362407 0.0321065 0.0277223 0.0233085 0.0190514 0.0150946 0.0115348 0.00842314 0.00577571 0.00360364 0.00195343 0.000879361 0.000323444 9.92519e-05 2.63595e-05 6.24353e-06 1.33889e-06 2.59884e-07 4.49054e-08 6.62047e-09 7.50933e-10 4.6735e-11 0 
0 6.28013e-05 0.000576056 0.00219651 0.00508889 0.00892492 0.013414 0.0182969 0.0232852 0.028074 0.0323687 0.0359106 0.0384983 0.0400025 0.0403741 0.0396429 0.0379099 0.0353325 0.0321065 0.0284457 0.0245632 0.0206542 0.0168837 0.0133779 0.0102209 0.00745689 0.00510282 0.00317761 0.00172863 0.000792391 0.000302859 9.82526e-05 2.78324e-05 7.03529e-06 1.6014e-06 3.2708e-07 5.88733e-08 8.95163e-09 1.03761e-09 6.54745e-11 0 
0 4.41378e-05 0.000420066 0.00169651 0.00413143 0.00745309 0.0113585 0.0156071 0.0199474 0.0241148 0.0278534 0.0309384 0.0331951 0.0345114 0.0348448 0.0342217 0.0327299 0.0305066 0.0277223 0.0245632 0.0212144 0.0178456 0.0145993 0.0115834 0.00886894 0.00649297 0.00447245 0.00282645 0.00158747 0.000769978 0.000318184 0.000112505 3.45065e-05 9.30099e-06 2.21836e-06 4.67193e-07 8.5576e-08 1.31076e-08 1.51912e-09 9.53326e-11 0 
0 2.88796e-05 0.000284804 0.00122474 0.00317658 0.00596718 0.00928706 0.0129019 0.016594 0.0201391 0.0233201 0.0259465 0.0278702 0.0289963 0.0292893 0.028772 0.0275199 0.0256501 0.0233085 0.0206542 0.0178456 0.0150275 0.0123207 0.009816 0.00757213 0.00561999 0.00397149 0.00262865 0.00159013 0.000851851 0.000392014 0.000152267 4.99335e-05 1.39916e-05 3.3929e-06 7.15516e-07 1.29967e-07 1.96242e-08 2.23449e-09 1.37529e-10 0 
0 1.75224e-05 0.000178253 0.000816578 0.0022818 0.00453281 0.00728318 0.0102914 0.0133636 0.0163125 0.0189589 0.0211449 0.0227481 0.0236903 0.0239426 0.0235248 0.0225005 0.0209685 0.0190514 0.0168837 0.0145993 0.0123207 0.0101502 0.00816452 0.00641441 0.00492565 0.00369351 0.00267557 0.00181582 0.00109903 0.00056296 0.000235434 7.98981e-05 2.24421e-05 5.35572e-06 1.10226e-06 1.94757e-07 2.85792e-08 3.16376e-09 1.89528e-10 0 
0 9.82445e-06 0.000102348 0.000496797 0.00150502 0.00321428 0.00541508 0.00785968 0.0103613 0.0127616 0.0149152 0.0166948 0.0180016 0.018773 0.0189861 0.0186583 0.0178423 0.0166203 0.0150946 0.0133779 0.0115834 0.009816 0.00816452 0.00669941 0.00547595 0.00453396 0.00385908 0.00330619 0.00264024 0.00179517 0.000979567 0.000417233 0.000138501 3.69862e-05 8.33266e-06 1.63029e-06 2.7615e-07 3.90633e-08 4.184e-09 2.43261e-10 0 
0 5.07686e-06 5.36684e-05 0.000273054 0.000894693 0.00208047 0.0037445 0.00566744 0.00765764 0.00957055 0.0112865 0.0127046 0.0137473 0.0143658 0.0145429 0.0142934 0.013661 0.0127131 0.0115348 0.0102209 0.00886894 0.00757213 0.00641441 0.00547595 0.00487263 0.00482329 0.00549674 0.00636455 0.0061712 0.00448049 0.00236686 0.000924537 0.00027401 6.40562e-05 1.26936e-05 2.25918e-06 3.60135e-07 4.88414e-08 5.05706e-09 2.85544e-10 0 
0 2.41419e-06 2.56437e-05 0.000134781 0.000472 0.00119793 0.00234152 0.00376773 0.00529704 0.00678475 0.00812341 0.00923079 0.0100464 0.0105329 0.0106782 0.0104947 0.0100182 0.00930409 0.00842314 0.00745689 0.00649297 0.00561999 0.00492565 0.00453396 0.00482329 0.00683987 0.0115451 0.0169315 0.0181086 0.013363 0.00674192 0.00237021 0.000606035 0.000118361 1.92458e-05 2.91849e-06 4.24228e-07 5.47889e-08 5.49309e-09 3.02248e-10 0 
0 1.05588e-06 1.1165e-05 5.96839e-05 0.000219213 0.000600507 0.00128135 0.00222963 0.00332408 0.00443079 0.00544397 0.00628839 0.00691329 0.00728917 0.00740696 0.00727732 0.00692937 0.00640877 0.00577571 0.00510282 0.00447245 0.00397149 0.00369351 0.00385908 0.00549674 0.0115451 0.0244622 0.0390301 0.042937 0.031754 0.0157655 0.00528745 0.00123291 0.000209634 2.81444e-05 3.48988e-06 4.45667e-07 5.43127e-08 5.29066e-09 2.85283e-10 0 
0 4.24908e-07 4.43703e-06 2.37841e-05 8.97265e-05 0.000259637 0.000597942 0.00112961 0.00181181 0.0025563 0.00327088 0.00388286 0.00434331 0.00462471 0.00471822 0.00463193 0.00438953 0.00402935 0.00360364 0.00317761 0.00282645 0.00262865 0.00267557 0.00330619 0.00636455 0.0169315 0.0390301 0.0638289 0.070639 0.0523834 0.0258727 0.00854527 0.00191549 0.000301916 3.56518e-05 3.70361e-06 4.10223e-07 4.69643e-08 4.4705e-09 2.38012e-10 0 
0 1.57491e-07 1.61387e-06 8.57685e-06 3.26254e-05 9.73194e-05 0.000236266 0.000477793 0.000823344 0.00123956 0.00167136 0.00206226 0.00236784 0.0025604 0.00262899 0.00257798 0.00242569 0.00220326 0.00195343 0.00172863 0.00158747 0.00159013 0.00181582 0.00264024 0.0061712 0.0181086 0.042937 0.070639 0.0778855 0.0582736 0.0286749 0.00942557 0.00208265 0.00031705 3.49532e-05 3.24104e-06 3.21214e-07 3.4981e-08 3.28757e-09 1.74403e-10 0 
0 5.38329e-08 5.38869e-07 2.81612e-06 1.0652e-05 3.20825e-05 8.0035e-05 0.000168999 0.000307238 0.000489169 0.000694234 0.000893266 0.00105754 0.00116572 0.00120727 0.00118321 0.00110534 0.000994672 0.000879361 0.000792391 0.000769978 0.000851851 0.00109903 0.00179517 0.00448049 0.013363 0.031754 0.0523834 0.0582736 0.0430615 0.0212482 0.00697993 0.00153721 0.000231052 2.47621e-05 2.18972e-06 2.07086e-07 2.22006e-08 2.09318e-09 1.11785e-10 0 
0 1.69887e-08 1.6561e-07 8.46478e-07 3.15435e-06 9.45381e-06 2.37505e-05 5.11276e-05 9.5736e-05 0.000157963 0.000232576 0.000309353 0.000376014 0.000421904 0.000440877 0.000432689 0.000402949 0.000362014 0.000323444 0.000302859 0.000318184 0.000392014 0.00056296 0.000979567 0.00236686 0.00674192 0.0157655 0.0258727 0.0286749 0.0212482 0.010493 0.00345471 0.000763178 0.000114751 1.23231e-05 1.10636e-06 1.08041e-07 1.19478e-08 1.15159e-09 6.25581e-11 0 
0 4.95241e-09 4.69294e-08 2.33841e-07 8.53656e-07 2.52303e-06 6.30027e-06 1.35943e-05 2.57133e-05 4.31099e-05 6.46977e-05 8.77241e-05 0.000108418 0.000123162 0.000129678 0.000127758 0.000119367 0.000108231 9.92519e-05 9.82526e-05 0.000112505 0.000152267 0.000235434 0.000417233 0.000924537 0.00237021 0.00528745 0.00854527 0.00942557 0.00697993 0.00345471 0.00114377 0.000254652 3.87907e-05 4.31813e-06 4.2191e-07 4.60538e-08 5.47491e-09 5.48071e-10 3.05627e-11 0 
0 1.33272e-09 1.22657e-08 5.94813e-08 2.12065e-07 6.14969e-07 1.515e-06 3.24383e-06 6.12262e-06 1.02919e-05 1.55382e-05 2.1231e-05 2.64462e-05 3.02526e-05 3.20409e-05 3.17541e-05 2.99421e-05 2.76648e-05 2.63595e-05 2.78324e-05 3.45065e-05 4.99335e-05 7.98981e-05 0.000138501 0.00027401 0.000606035 0.00123291 0.00191549 0.00208265 0.00153721 0.000763178 0.000254652 5.75413e-05 9.08669e-06 1.10664e-06 1.27961e-07 1.65543e-08 2.15739e-09 2.26291e-10 1.3044e-11 0 
0 3.30214e-10 2.95128e-09 1.39203e-08 4.84003e-08 1.37366e-07 3.32559e-07 7.02826e-07 1.315e-06 2.19973e-06 3.31552e-06 4.53341e-06 5.66004e-06 6.49723e-06 6.91473e-06 6.90497e-06 6.60051e-06 6.25899e-06 6.24353e-06 7.03529e-06 9.30099e-06 1.39916e-05 2.24421e-05 3.69862e-05 6.40562e-05 0.000118361 0.000209634 0.000301916 0.00031705 0.000231052 0.000114751 3.87907e-05 9.08669e-06 1.56465e-06 2.27431e-07 3.35078e-08 5.18565e-09 7.37448e-10 8.12527e-11 4.86462e-12 0 
0 7.48917e-11 6.50263e-10 2.98359e-09 1.01136e-08 2.80645e-08 6.66521e-08 1.38679e-07 2.56369e-07 4.25166e-07 6.37259e-07 8.68802e-07 1.08409e-06 1.24658e-06 1.33275e-06 1.34298e-06 1.30598e-06 1.27751e-06 1.33889e-06 1.6014e-06 2.21836e-06 3.3929e-06 5.35572e-06 8.33266e-06 1.26936e-05 1.92458e-05 2.81444e-05 3.56518e-05 3.49532e-05 2.47621e-05 1.23231e-05 4.31813e-06 1.10664e-06 2.27431e-07 4.29559e-08 8.06492e-09 1.43473e-09 2.19231e-10 2.5365e-11 1.58208e-12 0 
0 1.53701e-11 1.29753e-10 5.7952e-10 1.91586e-09 5.19773e-09 1.21036e-08 2.47685e-08 4.51762e-08 7.41491e-08 1.10318e-07 1.49709e-07 1.86454e-07 2.14628e-07 2.30575e-07 2.34818e-07 2.32995e-07 2.35962e-07 2.59884e-07 3.2708e-07 4.67193e-07 7.15516e-07 1.10226e-06 1.63029e-06 2.25918e-06 2.91849e-06 3.48988e-06 3.70361e-06 3.24104e-06 2.18972e-06 1.10636e-06 4.2191e-07 1.27961e-07 3.35078e-08 8.06492e-09 1.78416e-09 3.47803e-10 5.63881e-11 6.84526e-12 4.45547e-13 0 
0 2.79251e-12 2.29446e-11 9.98545e-11 3.22215e-10 8.55129e-10 1.95287e-09 3.93005e-09 7.0696e-09 1.1477e-08 1.69374e-08 2.28642e-08 2.84096e-08 3.27363e-08 3.53622e-08 3.64566e-08 3.70089e-08 3.88908e-08 4.49054e-08 5.88733e-08 8.5576e-08 1.29967e-07 1.94757e-07 2.7615e-07 3.60135e-07 4.24228e-07 4.45667e-07 4.10223e-07 3.21214e-07 2.07086e-07 1.08041e-07 4.60538e-08 1.65543e-08 5.18565e-09 1.43473e-09 3.47803e-10 7.22702e-11 1.23481e-11 1.57133e-12 1.06786e-13 0 
0 4.29645e-13 3.44017e-12 1.46059e-11 4.60534e-11 1.19667e-10 2.6819e-10 5.3099e-10 9.42217e-10 1.51297e-09 2.21455e-09 2.97347e-09 3.68622e-09 4.25362e-09 4.62458e-09 4.83508e-09 5.03349e-09 5.49331e-09 6.62047e-09 8.95163e-09 1.31076e-08 1.96242e-08 2.85792e-08 3.90633e-08 4.88414e-08 5.47889e-08 5.43127e-08 4.69643e-08 3.4981e-08 2.22006e-08 1.19478e-08 5.47491e-09 2.15739e-09 7.37448e-10 2.19231e-10 5.63881e-11 1.23481e-11 2.21523e-12 2.95096e-13 2.09305e-14 0 
0 5.0462e-14 3.94271e-13 1.63524e-12 5.04438e-12 1.28475e-11 2.8282e-11 5.51296e-11 9.65485e-11 1.53401e-10 2.22762e-10 2.97577e-10 3.68201e-10 4.25761e-10 4.66449e-10 4.95497e-10 5.2998e-10 6.00372e-10 7.50933e-10 1.03761e-09 1.51912e-09 2.23449e-09 3.16376e-09 4.184e-09 5.05706e-09 5.49309e-09 5.29066e-09 4.4705e-09 3.28757e-09 2.09318e-09 1.15159e-09 5.48071e-10 2.26291e-10 8.12527e-11 2.5365e-11 6.84526e-12 1.57133e-12 2.95096e-13 4.10747e-14 3.03728e-15 0 
0 3.22881e-15 2.46503e-14 1.00009e-13 3.02222e-13 7.55358e-13 1.635e-12 3.14052e-12 5.4321e-12 8.54486e-12 1.23164e-11 1.6377e-11 2.0237e-11 2.34701e-11 2.59466e-11 2.80556e-11 3.08695e-11 3.62318e-11 4.6735e-11 6.54745e-11 9.53326e-11 1.37529e-10 1.89528e-10 2.43261e-10 2.85544e-10 3.02248e-10 2.85283e-10 2.38012e-10 1.74403e-10 1.11785e-10 6.25581e-11 3.05627e-11 1.3044e-11 4.86462e-12 1.58208e-12 4.45547e-13 1.06786e-13 2.09305e-14 3.03728e-15 2.33777e-16 0 
0 0 0 0 0 0 0 0 0 0 0 0 0 0 0 0 0 0 0 0 0 0 0 0 0 0 0 0 0 0 0 0 0 0 0 0 0 0 0 0 0 
