0 0 0 0 0 0 0 0 0 0 0 0 0 0 0 0 0 0 0 0 0 0 0 0 0 0 0 0 0 0 0 0 0 0 0 0 0 0 0 0 0 
0 1.56711e-08 1.45541e-07 6.96856e-07 2.39367e-06 6.52433e-06 1.47777e-05 2.86176e-05 4.843e-05 7.29742e-05 9.94976e-05 0.000124424 0.000144241 0.000156256 0.000159048 0.000152604 0.000138204 0.000118092 9.50356e-05 7.1819e-05 5.0775e-05 3.34427e-05 2.04355e-05 1.15422e-05 6.00856e-06 2.87771e-06 1.26713e-06 5.13117e-07 1.91266e-07 6.57093e-08 2.08293e-08 6.09563e-09 1.64587e-09 4.08971e-10 9.29784e-11 1.9121e-11 3.47993e-12 5.36174e-13 6.30489e-14 4.03818e-15 0 
0 1.45541e-07 1.40832e-06 6.97168e-06 2.4432e-05 6.67789e-05 0.000148954 0.000279778 0.000454898 0.000656647 0.000860108 0.00104032 0.00117713 0.00125735 0.00127513 0.00123145 0.00113328 0.000992473 0.000824384 0.000646246 0.000475035 0.000325026 0.000205455 0.000119184 6.31327e-05 3.04558e-05 1.33758e-05 5.35659e-06 1.96131e-06 6.58603e-07 2.03382e-07 5.78658e-08 1.51752e-08 3.66159e-09 8.08638e-10 1.61663e-10 2.8632e-11 4.29839e-12 4.93144e-13 3.08583e-14 0 
0 6.96856e-07 6.97168e-06 3.51755e-05 0.000122749 0.000324828 0.00068411 0.00119551 0.00180484 0.00243773 0.00302577 0.00351664 0.00387462 0.00407891 0.00412209 0.00400865 0.00375339 0.00337964 0.00291736 0.00240153 0.00187069 0.00136484 0.000921402 0.000568358 0.000316865 0.00015856 7.10817e-05 2.8624e-05 1.04111e-05 3.44209e-06 1.04037e-06 2.88675e-07 7.36893e-08 1.72943e-08 3.71515e-09 7.22921e-10 1.24743e-10 1.82673e-11 2.04703e-12 1.25286e-13 0 
0 2.39367e-06 2.4432e-05 0.000122749 0.000411646 0.00101092 0.00193854 0.00309135 0.0043277 0.00552764 0.00660068 0.00747861 0.0081121 0.00847094 0.00854465 0.00834188 0.00788823 0.00722261 0.00639298 0.00545207 0.00445434 0.00345499 0.00251097 0.00168077 0.00101648 0.000546065 0.000258026 0.000107198 3.94463e-05 1.29971e-05 3.87532e-06 1.0542e-06 2.62909e-07 6.01843e-08 1.26049e-08 2.39201e-09 4.02843e-10 5.76379e-11 6.31839e-12 3.7879e-13 0 
0 6.52433e-06 6.67789e-05 0.000324828 0.00101092 0.00224523 0.00391073 0.00579723 0.00773063 0.0095763 0.0112198 0.0125639 0.013534 0.014083 0.0141943 0.0138814 0.013184 0.012163 0.0108929 0.00945422 0.00792655 0.00638323 0.0048901 0.00350976 0.00230896 0.00135622 0.000694613 0.000306436 0.000116791 3.89884e-05 1.15929e-05 3.11373e-06 7.62419e-07 1.70866e-07 3.49935e-08 6.49267e-09 1.06959e-09 1.49827e-10 1.60974e-11 9.46954e-13 0 
0 1.47777e-05 0.000148954 0.00068411 0.00193854 0.00391073 0.00634539 0.00900634 0.0117118 0.0142951 0.0165986 0.0184844 0.0198461 0.0206167 0.0207723 0.0203318 0.0193517 0.0179183 0.0161374 0.014124 0.0119912 0.00984183 0.00776207 0.00582064 0.00407658 0.00259533 0.0014526 0.000694425 0.000280441 9.663e-05 2.90228e-05 7.76206e-06 1.87686e-06 4.13564e-07 8.31085e-08 1.51205e-08 2.44293e-09 3.35813e-10 3.54378e-11 2.04969e-12 0 
0 2.86176e-05 0.000279778 0.00119551 0.00309135 0.00579723 0.00900634 0.0124872 0.0160286 0.019414 0.0224351 0.0249097 0.0266972 0.027709 0.0279136 0.0273357 0.0260497 0.0241693 0.0218344 0.0191966 0.0164061 0.0135996 0.0108912 0.00836782 0.00609025 0.00410716 0.00248073 0.00128906 0.000559517 0.000202259 6.21622e-05 1.67028e-05 4.01284e-06 8.73346e-07 1.72844e-07 3.09338e-08 4.91523e-09 6.64743e-10 6.90624e-11 3.93601e-12 0 
0 4.843e-05 0.000454898 0.00180484 0.0043277 0.00773063 0.0117118 0.0160286 0.0204241 0.0246285 0.028382 0.0314575 0.0336798 0.0349387 0.0351946 0.034478 0.0328814 0.0305464 0.0276472 0.024373 0.0209113 0.0174331 0.0140821 0.0109675 0.00816198 0.00570839 0.00364409 0.00203436 0.000950519 0.000363968 0.000115668 3.14794e-05 7.55857e-06 1.63203e-06 3.19266e-07 5.63868e-08 8.83721e-09 1.17898e-09 1.20889e-10 6.80444e-12 0 
0 7.29742e-05 0.000656647 0.00243773 0.00552764 0.0095763 0.0142951 0.019414 0.0246285 0.0296178 0.0340732 0.0377251 0.0403653 0.0418624 0.0421691 0.0413214 0.0394289 0.0366597 0.0332209 0.0293375 0.0252327 0.0211102 0.0171418 0.0134588 0.0101485 0.00725702 0.00480615 0.00283277 0.00141221 0.000573424 0.000189529 5.25575e-05 1.2674e-05 2.72569e-06 5.2887e-07 9.24648e-08 1.4335e-08 1.89168e-09 1.91924e-10 1.06948e-11 0 
0 9.94976e-05 0.000860108 0.00302577 0.00660068 0.0112198 0.0165986 0.0224351 0.028382 0.0340732 0.0391569 0.0433254 0.0463409 0.0480529 0.0484073 0.0474444 0.0452892 0.0421333 0.038213 0.0337855 0.0291055 0.0244064 0.0198848 0.0156916 0.011928 0.00864655 0.0058627 0.00358921 0.00188321 0.000805919 0.000277124 7.85314e-05 1.90821e-05 4.10062e-06 7.91581e-07 1.37405e-07 2.1132e-08 2.76591e-09 2.78396e-10 1.53973e-11 0 
0 0.000124424 0.00104032 0.00351664 0.00747861 0.0125639 0.0184844 0.0249097 0.0314575 0.0377251 0.0433254 0.0479195 0.0512451 0.0531362 0.0535323 0.0524776 0.0501091 0.0466376 0.0423235 0.0374498 0.0322978 0.0271247 0.0221479 0.0175343 0.0133967 0.0097938 0.00673963 0.0042314 0.00230403 0.00102851 0.0003663 0.000106034 2.60004e-05 5.5956e-06 1.07743e-06 1.86193e-07 2.8486e-08 3.70839e-09 3.71324e-10 2.04391e-11 0 
0 0.000144241 0.00117713 0.00387462 0.0081121 0.013534 0.0198461 0.0266972 0.0336798 0.0403653 0.0463409 0.0512451 0.054798 0.0568218 0.0572515 0.0561337 0.0536137 0.0499163 0.0453187 0.040123 0.0346293 0.0291124 0.0238047 0.018885 0.0144745 0.0106369 0.00738635 0.00471145 0.0026296 0.00121006 0.000442936 0.000130558 3.22999e-05 6.9713e-06 1.34188e-06 2.3147e-07 3.53287e-08 4.58808e-09 4.58432e-10 2.51932e-11 0 
0 0.000156256 0.00125735 0.00407891 0.00847094 0.014083 0.0206167 0.027709 0.0349387 0.0418624 0.0480529 0.0531362 0.0568218 0.0589252 0.0593786 0.0582295 0.0556279 0.0518056 0.0470496 0.0416725 0.035985 0.0302721 0.0247749 0.0196792 0.015111 0.0111375 0.00777321 0.0050026 0.00283263 0.00132818 0.000495081 0.000147851 3.6854e-05 7.98393e-06 1.53949e-06 2.65809e-07 4.06022e-08 5.27861e-09 5.28288e-10 2.9102e-11 0 
0 0.000159048 0.00127513 0.00412209 0.00854465 0.0141943 0.0207723 0.0279136 0.0351946 0.0421691 0.0484073 0.0535323 0.0572515 0.0593786 0.0598448 0.0586971 0.0560859 0.052244 0.0474599 0.0420482 0.0363217 0.0305676 0.025029 0.0198936 0.015289 0.011283 0.00789116 0.00509661 0.00290281 0.00137221 0.000516009 0.000155272 3.89308e-05 8.47346e-06 1.64087e-06 2.84563e-07 4.36817e-08 5.71167e-09 5.75519e-10 3.19586e-11 0 
0 0.000152604 0.00123145 0.00400865 0.00834188 0.0138814 0.0203318 0.0273357 0.034478 0.0413214 0.0474444 0.0524776 0.0561337 0.0582295 0.0586971 0.0575818 0.0550305 0.0512709 0.0465854 0.0412821 0.0356675 0.0300233 0.0245881 0.0195464 0.0150236 0.0110868 0.00775133 0.00500211 0.00284521 0.0013436 0.000505581 0.000152601 3.84606e-05 8.4287e-06 1.64572e-06 2.88163e-07 4.47281e-08 5.9232e-09 6.05473e-10 3.41657e-11 0 
0 0.000138204 0.00113328 0.00375339 0.00788823 0.013184 0.0193517 0.0260497 0.0328814 0.0394289 0.0452892 0.0501091 0.0536137 0.0556279 0.0560859 0.0550305 0.0526016 0.0490165 0.0445442 0.0394791 0.0341138 0.0287175 0.0235183 0.0186925 0.0143602 0.0105855 0.00738361 0.00474337 0.00267883 0.00125506 0.000470108 0.000142121 3.60916e-05 8.00585e-06 1.58759e-06 2.83128e-07 4.48716e-08 6.08076e-09 6.3724e-10 3.69129e-11 0 
0 0.000118092 0.000992473 0.00337964 0.00722261 0.012163 0.0179183 0.0241693 0.0305464 0.0366597 0.0421333 0.0466376 0.0499163 0.0518056 0.052244 0.0512709 0.0490165 0.0456826 0.04152 0.0368026 0.031803 0.026772 0.0219218 0.0174168 0.0133685 0.00983619 0.00683472 0.00435935 0.00243567 0.001129 0.000421138 0.000128122 3.30625e-05 7.50642e-06 1.53135e-06 2.81962e-07 4.62463e-08 6.49319e-09 7.04948e-10 4.22498e-11 0 
0 9.50356e-05 0.000824384 0.00291736 0.00639298 0.0108929 0.0161374 0.0218344 0.0276472 0.0332209 0.038213 0.0423235 0.0453187 0.0470496 0.0474599 0.0465854 0.0445442 0.04152 0.0377406 0.0334551 0.0289115 0.0243375 0.0199258 0.0158252 0.0121361 0.00891147 0.00616585 0.00390298 0.00215976 0.00099554 0.00037377 0.000116197 3.10256e-05 7.34687e-06 1.56957e-06 3.02917e-07 5.19922e-08 7.61212e-09 8.57561e-10 5.30321e-11 0 
0 7.1819e-05 0.000646246 0.00240153 0.00545207 0.00945422 0.014124 0.0191966 0.024373 0.0293375 0.0337855 0.0374498 0.040123 0.0416725 0.0420482 0.0412821 0.0394791 0.0368026 0.0334551 0.0296582 0.0256321 0.0215789 0.0176692 0.014034 0.0107606 0.00789459 0.00545057 0.00344049 0.00190563 0.000890236 0.000345287 0.000112861 3.20019e-05 8.06291e-06 1.82545e-06 3.70567e-07 6.62973e-08 1.00238e-08 1.15604e-09 7.2627e-11 0 
0 5.0775e-05 0.000475035 0.00187069 0.00445434 0.00792655 0.0119912 0.0164061 0.0209113 0.0252327 0.0291055 0.0322978 0.0346293 0.035985 0.0363217 0.0356675 0.0341138 0.031803 0.0289115 0.0256321 0.0221565 0.0186601 0.0152906 0.01216 0.00934205 0.00687463 0.00477224 0.00304891 0.00173497 0.000852068 0.000355136 0.000125996 3.86128e-05 1.03747e-05 2.46433e-06 5.16837e-07 9.43054e-08 1.43956e-08 1.66349e-09 1.04132e-10 0 
0 3.34427e-05 0.000325026 0.00136484 0.00345499 0.00638323 0.00984183 0.0135996 0.0174331 0.0211102 0.0244064 0.0271247 0.0291124 0.0302721 0.0305676 0.0300233 0.0287175 0.026772 0.0243375 0.0215789 0.0186601 0.0157308 0.0129164 0.0103111 0.00797567 0.00594162 0.00421959 0.00280997 0.00171146 0.000922942 0.000426963 0.000166348 5.45978e-05 1.52876e-05 3.70148e-06 7.79157e-07 1.41268e-07 2.12949e-08 2.42115e-09 1.48829e-10 0 
0 2.04355e-05 0.000205455 0.000921402 0.00251097 0.0048901 0.00776207 0.0108912 0.0140821 0.0171418 0.0198848 0.0221479 0.0238047 0.0247749 0.025029 0.0245881 0.0235183 0.0219218 0.0199258 0.0176692 0.0152906 0.0129164 0.0106527 0.00857883 0.00674745 0.00518579 0.00389065 0.00282032 0.00191742 0.00116462 0.000599576 0.000252085 8.59073e-05 2.41889e-05 5.77786e-06 1.18908e-06 2.09993e-07 3.07952e-08 3.40689e-09 2.03973e-10 0 
0 1.15422e-05 0.000119184 0.000568358 0.00168077 0.00350976 0.00582064 0.00836782 0.0109675 0.0134588 0.0156916 0.0175343 0.018885 0.0196792 0.0198936 0.0195464 0.0186925 0.0174168 0.0158252 0.014034 0.01216 0.0103111 0.00857883 0.00703602 0.00574097 0.00473847 0.00401838 0.00343318 0.00273934 0.00186556 0.00102265 0.000438742 0.000146793 3.94495e-05 8.92185e-06 1.74857e-06 2.96331e-07 4.19172e-08 4.48886e-09 2.60929e-10 0 
0 6.00856e-06 6.31327e-05 0.000316865 0.00101648 0.00230896 0.00407658 0.00609025 0.00816198 0.0101485 0.011928 0.0133967 0.0144745 0.015111 0.015289 0.0150236 0.0143602 0.0133685 0.0121361 0.0107606 0.00934205 0.00797567 0.00674745 0.00574097 0.00508016 0.00499743 0.00567006 0.00655234 0.00634976 0.00461148 0.00244005 0.00095755 0.000286188 6.75586e-05 1.34937e-05 2.41239e-06 3.85246e-07 5.22738e-08 5.41298e-09 3.05636e-10 0 
0 2.87771e-06 3.04558e-05 0.00015856 0.000546065 0.00135622 0.00259533 0.00410716 0.00570839 0.00725702 0.00864655 0.0097938 0.0106369 0.0111375 0.011283 0.0110868 0.0105855 0.00983619 0.00891147 0.00789459 0.00687463 0.00594162 0.00518579 0.00473847 0.00499743 0.00704596 0.0118702 0.0174005 0.0186085 0.0137323 0.00692987 0.00243918 0.000626447 0.000123436 2.02851e-05 3.10173e-06 4.52675e-07 5.85371e-08 5.87086e-09 3.23067e-10 0 
0 1.26713e-06 1.33758e-05 7.10817e-05 0.000258026 0.000694613 0.0014526 0.00248073 0.00364409 0.00480615 0.0058627 0.00673963 0.00738635 0.00777321 0.00789116 0.00775133 0.00738361 0.00683472 0.00616585 0.00545057 0.00477224 0.00421959 0.00389065 0.00401838 0.00567006 0.0118702 0.0251369 0.0401081 0.04415 0.0326264 0.0161993 0.00543426 0.00126918 0.000217003 2.94209e-05 3.68851e-06 4.74359e-07 5.79529e-08 5.64876e-09 3.04648e-10 0 
0 5.13117e-07 5.35659e-06 2.8624e-05 0.000107198 0.000306436 0.000694425 0.00128906 0.00203436 0.00283277 0.00358921 0.0042314 0.00471145 0.0050026 0.00509661 0.00500211 0.00474337 0.00435935 0.00390298 0.00344049 0.00304891 0.00280997 0.00282032 0.00343318 0.00655234 0.0174005 0.0401081 0.06559 0.0725547 0.0538435 0.0265832 0.00878064 0.00196954 0.000311455 3.70588e-05 3.89381e-06 4.35506e-07 5.00589e-08 4.76972e-09 2.54006e-10 0 
0 1.91266e-07 1.96131e-06 1.04111e-05 3.94463e-05 0.000116791 0.000280441 0.000559517 0.000950519 0.00141221 0.00188321 0.00230403 0.0026296 0.00283263 0.00290281 0.00284521 0.00267883 0.00243567 0.00215976 0.00190563 0.00173497 0.00171146 0.00191742 0.00273934 0.00634976 0.0186085 0.04415 0.0725547 0.0797517 0.0599642 0.029463 0.00968479 0.00214083 0.000326657 3.62272e-05 3.395e-06 3.40281e-07 3.72555e-08 3.5059e-09 1.8604e-10 0 
0 6.57093e-08 6.58603e-07 3.44209e-06 1.29971e-05 3.89884e-05 9.663e-05 0.000202259 0.000363968 0.000573424 0.000805919 0.00102851 0.00121006 0.00132818 0.00137221 0.0013436 0.00125506 0.001129 0.00099554 0.000890236 0.000852068 0.000922942 0.00116462 0.00186556 0.00461148 0.0137323 0.0326264 0.0538435 0.0599642 0.0442443 0.0218316 0.00717197 0.00158022 0.000238009 2.56405e-05 2.29018e-06 2.19148e-07 2.36334e-08 2.23149e-09 1.19207e-10 0 
0 2.08293e-08 2.03382e-07 1.04037e-06 3.87532e-06 1.15929e-05 2.90228e-05 6.21622e-05 0.000115668 0.000189529 0.000277124 0.0003663 0.000442936 0.000495081 0.000516009 0.000505581 0.000470108 0.000421138 0.00037377 0.000345287 0.000355136 0.000426963 0.000599576 0.00102265 0.00244005 0.00692987 0.0161993 0.0265832 0.029463 0.0218316 0.0107814 0.00355008 0.000784804 0.000118272 1.27672e-05 1.15779e-06 1.14373e-07 1.27185e-08 1.22747e-09 6.66978e-11 0 
0 6.09563e-09 5.78658e-08 2.88675e-07 1.0542e-06 3.11373e-06 7.76206e-06 1.67028e-05 3.14794e-05 5.25575e-05 7.85314e-05 0.000106034 0.000130558 0.000147851 0.000155272 0.000152601 0.000142121 0.000128122 0.000116197 0.000112861 0.000125996 0.000166348 0.000252085 0.000438742 0.00095755 0.00243918 0.00543426 0.00878064 0.00968479 0.00717197 0.00355008 0.0011758 0.0002621 4.00367e-05 4.48331e-06 4.42717e-07 4.88285e-08 5.82976e-09 5.84142e-10 3.25805e-11 0 
0 1.64587e-09 1.51752e-08 7.36893e-08 2.62909e-07 7.62419e-07 1.87686e-06 4.01284e-06 7.55857e-06 1.2674e-05 1.90821e-05 2.60004e-05 3.22999e-05 3.6854e-05 3.89308e-05 3.84606e-05 3.60916e-05 3.30625e-05 3.10256e-05 3.20019e-05 3.86128e-05 5.45978e-05 8.59073e-05 0.000146793 0.000286188 0.000626447 0.00126918 0.00196954 0.00214083 0.00158022 0.000784804 0.0002621 5.9334e-05 9.40503e-06 1.15394e-06 1.34881e-07 1.75874e-08 2.29806e-09 2.41176e-10 1.39039e-11 0 
0 4.08971e-10 3.66159e-09 1.72943e-08 6.01843e-08 1.70866e-07 4.13564e-07 8.73346e-07 1.63203e-06 2.72569e-06 4.10062e-06 5.5956e-06 6.9713e-06 7.98393e-06 8.47346e-06 8.4287e-06 8.00585e-06 7.50642e-06 7.34687e-06 8.06291e-06 1.03747e-05 1.52876e-05 2.41889e-05 3.94495e-05 6.75586e-05 0.000123436 0.000217003 0.000311455 0.000326657 0.000238009 0.000118272 4.00367e-05 9.40503e-06 1.62833e-06 2.38794e-07 3.54979e-08 5.51844e-09 7.85741e-10 8.6596e-11 5.18496e-12 0 
0 9.29784e-11 8.08638e-10 3.71515e-09 1.26049e-08 3.49935e-08 8.31085e-08 1.72844e-07 3.19266e-07 5.2887e-07 7.91581e-07 1.07743e-06 1.34188e-06 1.53949e-06 1.64087e-06 1.64572e-06 1.58759e-06 1.53135e-06 1.56957e-06 1.82545e-06 2.46433e-06 3.70148e-06 5.77786e-06 8.92185e-06 1.34937e-05 2.02851e-05 2.94209e-05 3.70588e-05 3.62272e-05 2.56405e-05 1.27672e-05 4.48331e-06 1.15394e-06 2.38794e-07 4.54481e-08 8.57491e-09 1.52821e-09 2.33619e-10 2.70326e-11 1.68619e-12 0 
0 1.9121e-11 1.61663e-10 7.22921e-10 2.39201e-09 6.49267e-09 1.51205e-08 3.09338e-08 5.63868e-08 9.24648e-08 1.37405e-07 1.86193e-07 2.3147e-07 2.65809e-07 2.84563e-07 2.88163e-07 2.83128e-07 2.81962e-07 3.02917e-07 3.70567e-07 5.16837e-07 7.79157e-07 1.18908e-06 1.74857e-06 2.41239e-06 3.10173e-06 3.68851e-06 3.89381e-06 3.395e-06 2.29018e-06 1.15779e-06 4.42717e-07 1.34881e-07 3.54979e-08 8.57491e-09 1.90011e-09 3.70596e-10 6.00914e-11 7.29521e-12 4.74852e-13 0 
0 3.47993e-12 2.8632e-11 1.24743e-10 4.02843e-10 1.06959e-09 2.44293e-09 4.91523e-09 8.83721e-09 1.4335e-08 2.1132e-08 2.8486e-08 3.53287e-08 4.06022e-08 4.36817e-08 4.47281e-08 4.48716e-08 4.62463e-08 5.19922e-08 6.62973e-08 9.43054e-08 1.41268e-07 2.09993e-07 2.96331e-07 3.85246e-07 4.52675e-07 4.74359e-07 4.35506e-07 3.40281e-07 2.19148e-07 1.14373e-07 4.88285e-08 1.75874e-08 5.51844e-09 1.52821e-09 3.70596e-10 7.70149e-11 1.31593e-11 1.67461e-12 1.13808e-13 0 
0 5.36174e-13 4.29839e-12 1.82673e-11 5.76379e-11 1.49827e-10 3.35813e-10 6.64743e-10 1.17898e-09 1.89168e-09 2.76591e-09 3.70839e-09 4.58808e-09 5.27861e-09 5.71167e-09 5.9232e-09 6.08076e-09 6.49319e-09 7.61212e-09 1.00238e-08 1.43956e-08 2.12949e-08 3.07952e-08 4.19172e-08 5.22738e-08 5.85371e-08 5.79529e-08 5.00589e-08 3.72555e-08 2.36334e-08 1.27185e-08 5.82976e-09 2.29806e-09 7.85741e-10 2.33619e-10 6.00914e-11 1.31593e-11 2.3608e-12 3.14492e-13 2.23067e-14 0 
0 6.30489e-14 4.93144e-13 2.04703e-12 6.31839e-12 1.60974e-11 3.54378e-11 6.90624e-11 1.20889e-10 1.91924e-10 2.78396e-10 3.71324e-10 4.58432e-10 5.28288e-10 5.75519e-10 6.05473e-10 6.3724e-10 7.04948e-10 8.57561e-10 1.15604e-09 1.66349e-09 2.42115e-09 3.40689e-09 4.48886e-09 5.41298e-09 5.87086e-09 5.64876e-09 4.76972e-09 3.5059e-09 2.23149e-09 1.22747e-09 5.84142e-10 2.41176e-10 8.6596e-11 2.70326e-11 7.29521e-12 1.67461e-12 3.14492e-13 4.37748e-14 3.23698e-15 0 
0 4.03818e-15 3.08583e-14 1.25286e-13 3.7879e-13 9.46954e-13 2.04969e-12 3.93601e-12 6.80444e-12 1.06948e-11 1.53973e-11 2.04391e-11 2.51932e-11 2.9102e-11 3.19586e-11 3.41657e-11 3.69129e-11 4.22498e-11 5.30321e-11 7.2627e-11 1.04132e-10 1.48829e-10 2.03973e-10 2.60929e-10 3.05636e-10 3.23067e-10 3.04648e-10 2.54006e-10 1.8604e-10 1.19207e-10 6.66978e-11 3.25805e-11 1.39039e-11 5.18496e-12 1.68619e-12 4.74852e-13 1.13808e-13 2.23067e-14 3.23698e-15 2.4915e-16 0 
0 0 0 0 0 0 0 0 0 0 0 0 0 0 0 0 0 0 0 0 0 0 0 0 0 0 0 0 0 0 0 0 0 0 0 0 0 0 0 0 0 
