0 0 0 0 0 0 0 0 0 0 0 0 0 0 0 0 0 0 0 0 0 0 0 0 0 0 0 0 0 0 0 0 0 0 0 0 0 0 0 0 0 
0 4.93611e-07 4.37066e-06 1.90349e-05 5.66269e-05 0.000128644 0.000238268 0.000377855 0.000532826 0.000687151 0.00082687 0.000941392 0.00102361 0.00106959 0.00107822 0.00105086 0.000990945 0.000903698 0.000795698 0.000674516 0.000548274 0.000425086 0.00031235 0.00021591 0.000139268 8.3134e-05 4.55677e-05 2.27834e-05 1.03415e-05 4.24991e-06 1.57979e-06 5.31252e-07 1.61641e-07 4.44503e-08 1.10038e-08 2.42919e-09 4.68794e-10 7.58004e-11 9.27348e-12 6.13568e-13 0 
0 4.37066e-06 3.94007e-05 0.000167792 0.000466111 0.000956891 0.00158633 0.00227354 0.00295308 0.00358043 0.00412376 0.00455856 0.00486673 0.00503743 0.0050679 0.0049635 0.00473675 0.00440571 0.00399189 0.0035182 0.00300743 0.00248164 0.00196262 0.00147295 0.00103593 0.00067298 0.000397938 0.000211461 0.000100106 4.20677e-05 1.57089e-05 5.23244e-06 1.56125e-06 4.18364e-07 1.00564e-07 2.15231e-08 4.02616e-09 6.31464e-10 7.50294e-11 4.82889e-12 0 
0 1.90349e-05 0.000167792 0.000656357 0.00159708 0.0028639 0.00427691 0.00573004 0.00715638 0.00849034 0.00966371 0.0106141 0.0112929 0.0116702 0.0117371 0.0115047 0.0110023 0.0102732 0.00936965 0.00834761 0.00726123 0.00615813 0.00507589 0.00404166 0.00307608 0.00220154 0.00144942 0.000856241 0.000443899 0.00019926 7.72931e-05 2.60913e-05 7.74596e-06 2.0407e-06 4.78962e-07 9.97528e-08 1.81366e-08 2.76524e-09 3.19715e-10 2.00516e-11 0 
0 5.66269e-05 0.000466111 0.00159708 0.00338269 0.00552859 0.00788652 0.0103658 0.0128479 0.0151942 0.0172682 0.0189519 0.0201555 0.0208249 0.0209433 0.0205306 0.0196391 0.0183462 0.016746 0.0149401 0.0130291 0.0111045 0.00924246 0.00749848 0.0059042 0.0044697 0.00319644 0.00209977 0.00122258 0.000609996 0.000255905 9.03812e-05 2.72817e-05 7.16356e-06 1.65584e-06 3.37503e-07 5.98878e-08 8.90506e-09 1.00459e-09 6.15439e-11 0 
0 0.000128644 0.000956891 0.0028639 0.00552859 0.00869537 0.0122571 0.0160523 0.0198689 0.0234816 0.0266767 0.0292709 0.0311257 0.0321571 0.0323394 0.0317033 0.0303294 0.0283371 0.0258715 0.0230898 0.0201475 0.0171874 0.0143307 0.0116711 0.00927045 0.00715581 0.00532027 0.00373743 0.00239737 0.00134022 0.000625073 0.00023839 7.50331e-05 1.99715e-05 4.59551e-06 9.23206e-07 1.60685e-07 2.33933e-08 2.5833e-09 1.55023e-10 0 
0 0.000238268 0.00158633 0.00427691 0.00788652 0.0122571 0.0172287 0.022541 0.0278866 0.0329476 0.0374239 0.041059 0.0436611 0.0451136 0.0453713 0.0444736 0.0425432 0.0397502 0.0362956 0.0323986 0.0282771 0.0241314 0.0201322 0.0164127 0.0130648 0.0101385 0.00764044 0.00553549 0.00376577 0.00230315 0.00119494 0.000501419 0.000168275 4.61982e-05 1.07057e-05 2.13604e-06 3.66663e-07 5.24846e-08 5.69327e-09 3.35678e-10 0 
0 0.000377855 0.00227354 0.00573004 0.0103658 0.0160523 0.022541 0.0294779 0.0364591 0.0430694 0.0489295 0.0538477 0.0579599 0.0607464 0.0612995 0.0594971 0.0560886 0.0520278 0.0474482 0.0423527 0.0369698 0.031556 0.0263341 0.0214785 0.0171108 0.0133005 0.0100672 0.00738221 0.00517171 0.00334992 0.0018942 0.000874418 0.000316935 9.10312e-05 2.14726e-05 4.28657e-06 7.2956e-07 1.03108e-07 1.10254e-08 6.40655e-10 0 
0 0.000532826 0.00295308 0.00715638 0.0128479 0.0198689 0.0278866 0.0364591 0.0450875 0.0532939 0.0613318 0.0703537 0.0772212 0.0804876 0.0810624 0.079249 0.0744895 0.0667975 0.0590316 0.0523925 0.0457196 0.0390287 0.0325759 0.0265763 0.0211807 0.0164761 0.0124914 0.00920249 0.00653404 0.00437182 0.00262483 0.00131407 0.000514866 0.000155965 3.77506e-05 7.58676e-06 1.2863e-06 1.80181e-07 1.90557e-08 1.09448e-09 0 
0 0.000687151 0.00358043 0.00849034 0.0151942 0.0234816 0.0329476 0.0430694 0.0532939 0.0641353 0.0773085 0.0852242 0.0889369 0.0906689 0.0910129 0.0900829 0.0876601 0.0829009 0.0735103 0.0624396 0.05403 0.0461052 0.0384862 0.0314032 0.0250337 0.0194812 0.0147813 0.0109111 0.00779467 0.00530652 0.00331049 0.00176266 0.000740185 0.000236691 5.90344e-05 1.19947e-05 2.03339e-06 2.83233e-07 2.97142e-08 1.69153e-09 0 
0 0.00082687 0.00412376 0.00966371 0.0172682 0.0266767 0.0374239 0.0489295 0.0613318 0.0773085 0.0871917 0.0919039 0.0944985 0.0957955 0.0960748 0.0954003 0.0936746 0.0905576 0.0851017 0.0743261 0.061774 0.0523795 0.0437147 0.035673 0.028442 0.022139 0.0168052 0.0124172 0.00889663 0.00611263 0.00390358 0.00217053 0.000963741 0.000323634 8.3181e-05 1.71201e-05 2.90905e-06 4.03971e-07 4.21482e-08 2.38389e-09 0 
0 0.000941392 0.00455856 0.0106141 0.0189519 0.0292709 0.041059 0.0538477 0.0703537 0.0852242 0.0919039 0.0956032 0.0977732 0.0988921 0.0991452 0.0985795 0.0971347 0.0946051 0.0904727 0.0832103 0.069736 0.0575936 0.0479636 0.0391408 0.03121 0.0242974 0.0184485 0.0136388 0.00978645 0.00675708 0.00437531 0.00250364 0.0011583 0.000404717 0.000106809 2.2261e-05 3.79595e-06 5.26496e-07 5.47442e-08 3.08292e-09 0 
0 0.00102361 0.00486673 0.0112929 0.0201555 0.0311257 0.0436611 0.0579599 0.0772212 0.0889369 0.0944985 0.0977732 0.099747 0.10078 0.101021 0.100509 0.0991989 0.0969344 0.0933445 0.0874521 0.0761673 0.061707 0.0510128 0.0416215 0.0331901 0.0258415 0.019624 0.0145123 0.0104214 0.00721422 0.0047081 0.00274189 0.00130364 0.000468615 0.000126194 2.65748e-05 4.54785e-06 6.30768e-07 6.54715e-08 3.67785e-09 0 
0 0.00106959 0.00503743 0.0116702 0.0208249 0.0321571 0.0451136 0.0607464 0.0804876 0.0906689 0.0957955 0.0988921 0.10078 0.101776 0.102012 0.101524 0.100273 0.0981236 0.0947577 0.0893791 0.0794423 0.0643293 0.0527236 0.0430028 0.0342928 0.0267015 0.0202789 0.0149989 0.010775 0.00746828 0.00489279 0.00287558 0.0013878 0.000507133 0.000138264 2.93156e-05 5.03117e-06 6.98263e-07 7.24483e-08 4.06625e-09 0 
0 0.00107822 0.0050679 0.0117371 0.0209433 0.0323394 0.0453713 0.0612995 0.0810624 0.0910129 0.0960748 0.0991452 0.101021 0.102012 0.102247 0.101763 0.100521 0.0983885 0.095056 0.0897535 0.0800289 0.0648394 0.0530316 0.0432501 0.0344905 0.026856 0.0203969 0.015087 0.0108395 0.0075153 0.00492815 0.00290285 0.00140642 0.000516326 0.000141326 3.00448e-05 5.16488e-06 7.17587e-07 7.45107e-08 4.18466e-09 0 
0 0.00105086 0.0049635 0.0115047 0.0205306 0.0317033 0.0444736 0.0594971 0.079249 0.0900829 0.0954003 0.0985795 0.100509 0.101524 0.101763 0.101264 0.0999851 0.0977817 0.0943146 0.0887138 0.0781724 0.0631706 0.0519792 0.0424044 0.0338162 0.0263309 0.0199978 0.0147913 0.0106257 0.00736348 0.0048206 0.00282828 0.00136166 0.000496664 0.00013538 2.87409e-05 4.9431e-06 6.87787e-07 7.15555e-08 4.0274e-09 0 
0 0.000990945 0.00473675 0.0110023 0.0196391 0.0303294 0.0425432 0.0560886 0.0744895 0.0876601 0.0936746 0.0971347 0.0991989 0.100273 0.100521 0.0999851 0.0986136 0.0962315 0.0924112 0.0859784 0.07354 0.0598935 0.0497198 0.0405735 0.0323558 0.0251931 0.0191327 0.0141497 0.0101612 0.007032 0.00458354 0.0026621 0.00126139 0.000452582 0.000122006 2.5782e-05 4.43336e-06 6.18217e-07 6.45345e-08 3.64648e-09 0 
0 0.000903698 0.00440571 0.0102732 0.0183462 0.0283371 0.0397502 0.0520278 0.0667975 0.0829009 0.0905576 0.0946051 0.0969344 0.0981236 0.0983885 0.0977817 0.0962315 0.0934918 0.0889137 0.0804561 0.0666167 0.0557103 0.0464592 0.0379172 0.030237 0.0235424 0.0178776 0.0132188 0.00948631 0.00654881 0.00423644 0.00242005 0.00111863 0.000391668 0.000103927 2.1825e-05 3.75363e-06 5.2534e-07 5.51325e-08 3.13435e-09 0 
0 0.000795698 0.00399189 0.00936965 0.016746 0.0258715 0.0362956 0.0474482 0.0590316 0.0735103 0.0851017 0.0904727 0.0933445 0.0947577 0.095056 0.0943146 0.0924112 0.0889137 0.0825389 0.0707167 0.0597164 0.0508272 0.0424304 0.0346298 0.027615 0.0215 0.016325 0.0120672 0.00865054 0.00594813 0.00380447 0.00212402 0.000951206 0.000323563 8.44022e-05 1.76307e-05 3.03905e-06 4.27983e-07 4.52812e-08 2.59736e-09 0 
0 0.000674516 0.0035182 0.00834761 0.0149401 0.0230898 0.0323986 0.0423527 0.0523925 0.0624396 0.0743261 0.0832103 0.0874521 0.0893791 0.0897535 0.0887138 0.0859784 0.0804561 0.0707167 0.0611395 0.0531587 0.0453779 0.0378865 0.0309215 0.0246579 0.0191975 0.0145753 0.0107698 0.00770779 0.00526921 0.00332021 0.00180407 0.000781272 0.000258649 6.65871e-05 1.38957e-05 2.4105e-06 3.42858e-07 3.66922e-08 2.1297e-09 0 
0 0.000548274 0.00300743 0.00726123 0.0130291 0.0201475 0.0282771 0.0369698 0.0457196 0.05403 0.061774 0.069736 0.0761673 0.0794423 0.0800289 0.0781724 0.07354 0.0666167 0.0597164 0.0531587 0.0464028 0.0396217 0.0330816 0.027001 0.0215328 0.0167654 0.0127291 0.00940207 0.00671503 0.00455958 0.00282979 0.00150142 0.000634129 0.000206629 5.30303e-05 1.11371e-05 1.9538e-06 2.81553e-07 3.05327e-08 1.79461e-09 0 
0 0.000425086 0.00248164 0.00615813 0.0111045 0.0171874 0.0241314 0.031556 0.0390287 0.0461052 0.0523795 0.0575936 0.061707 0.0643293 0.0648394 0.0631706 0.0598935 0.0557103 0.0508272 0.0453779 0.0396217 0.0338329 0.02825 0.02306 0.0183935 0.0143267 0.0108849 0.00804587 0.00574514 0.00389147 0.00240376 0.00126903 0.000535146 0.000175149 4.53753e-05 9.64042e-06 1.71099e-06 2.49183e-07 2.72693e-08 1.61487e-09 0 
0 0.00031235 0.00196262 0.00507589 0.00924246 0.0143307 0.0201322 0.0263341 0.0325759 0.0384862 0.0437147 0.0479636 0.0510128 0.0527236 0.0530316 0.0519792 0.0497198 0.0464592 0.0424304 0.0378865 0.0330816 0.02825 0.0235914 0.0192629 0.0153781 0.0120114 0.00919176 0.00688268 0.0049903 0.00342694 0.00215059 0.00116233 0.000503594 0.000168453 4.42064e-05 9.44526e-06 1.67829e-06 2.44077e-07 2.66322e-08 1.57096e-09 0 
0 0.00021591 0.00147295 0.00404166 0.00749848 0.0116711 0.0164127 0.0214785 0.0265763 0.0314032 0.035673 0.0391408 0.0416215 0.0430028 0.0432501 0.0424044 0.0405735 0.0379172 0.0346298 0.0309215 0.027001 0.02306 0.0192629 0.0157467 0.0126416 0.0100975 0.00820606 0.00677959 0.00537823 0.00381236 0.00234906 0.00125296 0.000550187 0.00018663 4.89211e-05 1.03251e-05 1.80429e-06 2.57849e-07 2.76635e-08 1.60611e-09 0 
0 0.000139268 0.00103593 0.00307608 0.0059042 0.00927045 0.0130648 0.0171108 0.0211807 0.0250337 0.028442 0.03121 0.0331901 0.0342928 0.0344905 0.0338162 0.0323558 0.030237 0.027615 0.0246579 0.0215328 0.0183935 0.0153781 0.0126416 0.0104869 0.00950779 0.0101383 0.0113877 0.0109472 0.00798807 0.00434952 0.00189374 0.000720046 0.000229792 5.78999e-05 1.17741e-05 1.99022e-06 2.76293e-07 2.8897e-08 1.64042e-09 0 
0 8.3134e-05 0.00067298 0.00220154 0.0044697 0.00715581 0.0101385 0.0133005 0.0164761 0.0194812 0.022139 0.0242974 0.0258415 0.0267015 0.026856 0.0263309 0.0251931 0.0235424 0.0215 0.0191975 0.0167654 0.0143267 0.0120114 0.0100975 0.00950779 0.0123525 0.0202368 0.0359257 0.0434639 0.0239113 0.0117677 0.0042256 0.00120641 0.000310757 6.94764e-05 1.31e-05 2.10801e-06 2.82735e-07 2.87764e-08 1.59644e-09 0 
0 4.55677e-05 0.000397938 0.00144942 0.00319644 0.00532027 0.00764044 0.0100672 0.0124914 0.0147813 0.0168052 0.0184485 0.019624 0.0202789 0.0203969 0.0199978 0.0191327 0.0178776 0.016325 0.0145753 0.0127291 0.0108849 0.00919176 0.00820606 0.0101383 0.0202368 0.051376 0.0771207 0.0790263 0.0704275 0.0280019 0.00921345 0.00222029 0.000445382 8.17694e-05 1.36121e-05 2.04622e-06 2.64592e-07 2.62882e-08 1.43088e-09 0 
0 2.27834e-05 0.000211461 0.000856241 0.00209977 0.00373743 0.00553549 0.00738221 0.00920249 0.0109111 0.0124172 0.0136388 0.0145123 0.0149989 0.015087 0.0147913 0.0141497 0.0132188 0.0120672 0.0107698 0.00940207 0.00804587 0.00688268 0.00677959 0.0113877 0.0359257 0.0771207 0.084521 0.0853785 0.081535 0.0615318 0.0148734 0.00336666 0.000581844 8.86108e-05 1.27223e-05 1.76314e-06 2.20106e-07 2.14863e-08 1.1553e-09 0 
0 1.03415e-05 0.000100106 0.000443899 0.00122258 0.00239737 0.00376577 0.00517171 0.00653404 0.00779467 0.00889663 0.00978645 0.0104214 0.010775 0.0108395 0.0106257 0.0101612 0.00948631 0.00865054 0.00770779 0.00671503 0.00574514 0.0049903 0.00537823 0.0109472 0.0434639 0.0790263 0.0853785 0.0862576 0.0831756 0.0702664 0.017128 0.00364165 0.0005912 8.00528e-05 1.01815e-05 1.31308e-06 1.59721e-07 1.54673e-08 8.28694e-10 0 
0 4.24991e-06 4.20677e-05 0.00019926 0.000609996 0.00134022 0.00230315 0.00334992 0.00437182 0.00530652 0.00611263 0.00675708 0.00721422 0.00746828 0.0075153 0.00736348 0.007032 0.00654881 0.00594813 0.00526921 0.00455958 0.00389147 0.00342694 0.00381236 0.00798807 0.0239113 0.0704275 0.081535 0.0831756 0.0779346 0.0453976 0.0121147 0.0026915 0.000430486 5.54508e-05 6.62924e-06 8.25948e-07 9.98806e-08 9.71605e-09 5.23721e-10 0 
0 1.57979e-06 1.57089e-05 7.72931e-05 0.000255905 0.000625073 0.00119494 0.0018942 0.00262483 0.00331049 0.00390358 0.00437531 0.0047081 0.00489279 0.00492815 0.0048206 0.00458354 0.00423644 0.00380447 0.00332021 0.00282979 0.00240376 0.00215059 0.00234906 0.00434952 0.0117677 0.0280019 0.0615318 0.0702664 0.0453976 0.0182017 0.00600548 0.00134892 0.000218975 2.82903e-05 3.40915e-06 4.33296e-07 5.35216e-08 5.30242e-09 2.90341e-10 0 
0 5.31252e-07 5.23244e-06 2.60913e-05 9.03812e-05 0.00023839 0.000501419 0.000874418 0.00131407 0.00176266 0.00217053 0.00250364 0.00274189 0.00287558 0.00290285 0.00282828 0.0026621 0.00242005 0.00212402 0.00180407 0.00150142 0.00126903 0.00116233 0.00125296 0.00189374 0.0042256 0.00921345 0.0148734 0.017128 0.0121147 0.00600548 0.00200516 0.000463407 7.82201e-05 1.06628e-05 1.39176e-06 1.90259e-07 2.45967e-08 2.51208e-09 1.40951e-10 0 
0 1.61641e-07 1.56125e-06 7.74596e-06 2.72817e-05 7.50331e-05 0.000168275 0.000316935 0.000514866 0.000740185 0.000963741 0.0011583 0.00130364 0.0013878 0.00140642 0.00136166 0.00126139 0.00111863 0.000951206 0.000781272 0.000634129 0.000535146 0.000503594 0.000550187 0.000720046 0.00120641 0.00222029 0.00336666 0.00364165 0.0026915 0.00134892 0.000463407 0.00011222 2.03081e-05 3.10823e-06 4.68028e-07 7.10566e-08 9.7435e-09 1.03452e-09 5.9901e-11 0 
0 4.44503e-08 4.18364e-07 2.0407e-06 7.16356e-06 1.99715e-05 4.61982e-05 9.10312e-05 0.000155965 0.000236691 0.000323634 0.000404717 0.000468615 0.000507133 0.000516326 0.000496664 0.000452582 0.000391668 0.000323563 0.000258649 0.000206629 0.000175149 0.000168453 0.00018663 0.000229792 0.000310757 0.000445382 0.000581844 0.0005912 0.000430486 0.000218975 7.82201e-05 2.03081e-05 4.15761e-06 7.6157e-07 1.3597e-07 2.29508e-08 3.34412e-09 3.70866e-10 2.22752e-11 0 
0 1.10038e-08 1.00564e-07 4.78962e-07 1.65584e-06 4.59551e-06 1.07057e-05 2.14726e-05 3.77506e-05 5.90344e-05 8.3181e-05 0.000106809 0.000126194 0.000138264 0.000141326 0.00013538 0.000122006 0.000103927 8.44022e-05 6.65871e-05 5.30303e-05 4.53753e-05 4.42064e-05 4.89211e-05 5.78999e-05 6.94764e-05 8.17694e-05 8.86108e-05 8.00528e-05 5.54508e-05 2.82903e-05 1.06628e-05 3.10823e-06 7.6157e-07 1.69799e-07 3.50773e-08 6.45779e-09 9.96197e-10 1.15655e-10 7.23063e-12 0 
0 2.42919e-09 2.15231e-08 9.97528e-08 3.37503e-07 9.23206e-07 2.13604e-06 4.28657e-06 7.58676e-06 1.19947e-05 1.71201e-05 2.2261e-05 2.65748e-05 2.93156e-05 3.00448e-05 2.87409e-05 2.5782e-05 2.1825e-05 1.76307e-05 1.38957e-05 1.11371e-05 9.64042e-06 9.44526e-06 1.03251e-05 1.17741e-05 1.31e-05 1.36121e-05 1.27223e-05 1.01815e-05 6.62924e-06 3.40915e-06 1.39176e-06 4.68028e-07 1.3597e-07 3.50773e-08 8.00377e-09 1.57631e-09 2.5645e-10 3.11933e-11 2.03387e-12 0 
0 4.68794e-10 4.02616e-09 1.81366e-08 5.98878e-08 1.60685e-07 3.66663e-07 7.2956e-07 1.2863e-06 2.03339e-06 2.90905e-06 3.79595e-06 4.54785e-06 5.03117e-06 5.16488e-06 4.9431e-06 4.43336e-06 3.75363e-06 3.03905e-06 2.4105e-06 1.9538e-06 1.71099e-06 1.67829e-06 1.80429e-06 1.99022e-06 2.10801e-06 2.04622e-06 1.76314e-06 1.31308e-06 8.25948e-07 4.33296e-07 1.90259e-07 7.10566e-08 2.29508e-08 6.45779e-09 1.57631e-09 3.28392e-10 5.61882e-11 7.15894e-12 4.87139e-13 0 
0 7.58004e-11 6.31464e-10 2.76524e-09 8.90506e-09 2.33933e-08 5.24846e-08 1.03108e-07 1.80181e-07 2.83233e-07 4.03971e-07 5.26496e-07 6.30768e-07 6.98263e-07 7.17587e-07 6.87787e-07 6.18217e-07 5.2534e-07 4.27983e-07 3.42858e-07 2.81553e-07 2.49183e-07 2.44077e-07 2.57849e-07 2.76293e-07 2.82735e-07 2.64592e-07 2.20106e-07 1.59721e-07 9.98806e-08 5.35216e-08 2.45967e-08 9.7435e-09 3.34412e-09 9.96197e-10 2.5645e-10 5.61882e-11 1.00861e-11 1.3446e-12 9.54561e-14 0 
0 9.27348e-12 7.50294e-11 3.19715e-10 1.00459e-09 2.5833e-09 5.69327e-09 1.10254e-08 1.90557e-08 2.97142e-08 4.21482e-08 5.47442e-08 6.54715e-08 7.24483e-08 7.45107e-08 7.15555e-08 6.45345e-08 5.51325e-08 4.52812e-08 3.66922e-08 3.05327e-08 2.72693e-08 2.66322e-08 2.76635e-08 2.8897e-08 2.87764e-08 2.62882e-08 2.14863e-08 1.54673e-08 9.71605e-09 5.30242e-09 2.51208e-09 1.03452e-09 3.70866e-10 1.15655e-10 3.11933e-11 7.15894e-12 1.3446e-12 1.87226e-13 1.38524e-14 0 
0 6.13568e-13 4.82889e-12 2.00516e-11 6.15439e-11 1.55023e-10 3.35678e-10 6.40655e-10 1.09448e-09 1.69153e-09 2.38389e-09 3.08292e-09 3.67785e-09 4.06625e-09 4.18466e-09 4.0274e-09 3.64648e-09 3.13435e-09 2.59736e-09 2.1297e-09 1.79461e-09 1.61487e-09 1.57096e-09 1.60611e-09 1.64042e-09 1.59644e-09 1.43088e-09 1.1553e-09 8.28694e-10 5.23721e-10 2.90341e-10 1.40951e-10 5.9901e-11 2.22752e-11 7.23063e-12 2.03387e-12 4.87139e-13 9.54561e-14 1.38524e-14 1.06651e-15 0 
0 0 0 0 0 0 0 0 0 0 0 0 0 0 0 0 0 0 0 0 0 0 0 0 0 0 0 0 0 0 0 0 0 0 0 0 0 0 0 0 0 
