0 0 0 0 0 0 0 0 0 0 0 0 0 0 0 0 0 0 0 0 0 0 0 0 0 0 0 0 0 0 0 0 0 0 0 0 0 0 0 0 0 
0 2.90706e-07 2.60858e-06 1.16574e-05 3.60024e-05 8.55093e-05 0.000165732 0.00027393 0.000399955 0.000530219 0.000651443 0.000752771 0.000826527 0.00086823 0.00087635 0.000851962 0.000798374 0.000720734 0.000625598 0.000520459 0.000413164 0.000311219 0.000220972 0.000146802 9.056e-05 5.14959e-05 2.68233e-05 1.27387e-05 5.5006e-06 2.15746e-06 7.68846e-07 2.49126e-07 7.34146e-08 1.96493e-08 4.75551e-09 1.03041e-09 1.95838e-10 3.12752e-11 3.78802e-12 2.48606e-13 0 
0 2.60858e-06 2.40262e-05 0.000106801 0.000315311 0.000691953 0.00121786 0.00182886 0.00245606 0.00304604 0.00356106 0.00397438 0.00426771 0.0044306 0.00446049 0.0043624 0.00414802 0.00383426 0.00344157 0.00299238 0.00251007 0.00201873 0.00154332 0.00110925 0.000739965 0.000452023 0.000249814 0.000123807 5.47873e-05 2.1651e-05 7.66558e-06 2.44226e-06 7.02789e-07 1.82923e-07 4.29627e-08 9.02808e-09 1.6646e-09 2.58135e-10 3.03996e-11 1.94287e-12 0 
0 1.16574e-05 0.000106801 0.000448212 0.00118783 0.0022937 0.00360323 0.00497651 0.00632523 0.00758165 0.00868319 0.00957373 0.0102094 0.0105632 0.010627 0.0104111 0.00994254 0.00926112 0.00841471 0.00745426 0.00642896 0.00538231 0.00435045 0.00336408 0.00245402 0.00165689 0.00101268 0.000548693 0.00025983 0.000107084 3.85958e-05 1.22832e-05 3.48544e-06 8.8759e-07 2.03107e-07 4.15079e-08 7.44069e-09 1.12248e-09 1.28747e-10 8.02564e-12 0 
0 3.60024e-05 0.000315311 0.00118783 0.00274698 0.00474533 0.00696573 0.00928911 0.0116054 0.013791 0.015722 0.0172897 0.0184111 0.0190356 0.0191475 0.0187652 0.017937 0.0167346 0.0152452 0.0135628 0.0117799 0.00997986 0.00823092 0.00658167 0.00506132 0.00368815 0.00248731 0.00150478 0.000791162 0.000353943 0.000134286 4.37109e-05 1.24178e-05 3.12348e-06 7.00684e-07 1.39864e-07 2.44558e-08 3.59876e-09 4.02958e-10 2.4552e-11 0 
0 8.55093e-05 0.000691953 0.0022937 0.00474533 0.00771301 0.0110351 0.0145641 0.0181104 0.0214678 0.0244383 0.0268514 0.0285781 0.0295397 0.0297117 0.0291225 0.0278465 0.0259948 0.0237024 0.021115 0.0183771 0.0156209 0.0129574 0.010471 0.00821431 0.00620805 0.00444976 0.00294138 0.00172242 0.000856896 0.000353184 0.000120821 3.50219e-05 8.80732e-06 1.95204e-06 3.8264e-07 6.55278e-08 9.43688e-09 1.03445e-09 6.1759e-11 0 
0 0.000165732 0.00121786 0.00360323 0.00696573 0.0110351 0.0156505 0.0205807 0.0255442 0.0302464 0.0344081 0.0377894 0.040209 0.0415567 0.0417977 0.0409716 0.0391832 0.0365884 0.0333764 0.0297522 0.0259186 0.0220619 0.0183401 0.0148755 0.0117507 0.00900618 0.00664106 0.00462491 0.00293742 0.00161767 0.000735728 0.000270589 8.1589e-05 2.07871e-05 4.59149e-06 8.89096e-07 1.49786e-07 2.11872e-08 2.28067e-09 1.33782e-10 0 
0 0.00027393 0.00182886 0.00497651 0.00928911 0.0145641 0.0205807 0.0270174 0.0335005 0.0396434 0.0450813 0.0495053 0.0526891 0.054482 0.0548055 0.0537012 0.0513362 0.0479331 0.043734 0.0389991 0.0339919 0.0289556 0.0240977 0.0195794 0.0155121 0.0119566 0.00892385 0.00637824 0.00425797 0.00253491 0.00126591 0.000506007 0.00016112 4.20984e-05 9.34529e-06 1.79818e-06 2.99352e-07 4.17416e-08 4.42626e-09 2.55818e-10 0 
0 0.000399955 0.00245606 0.00632523 0.0116054 0.0181104 0.0255442 0.0335005 0.0415154 0.0491118 0.0558644 0.0615029 0.0658457 0.0684698 0.0689623 0.0673193 0.0639593 0.0594676 0.0541858 0.0483175 0.0421265 0.0359014 0.0298977 0.0243159 0.0192948 0.014913 0.011192 0.00809967 0.00555814 0.00348495 0.00187692 0.000813233 0.000275463 7.44725e-05 1.67319e-05 3.2159e-06 5.31203e-07 7.32727e-08 7.67748e-09 4.38395e-10 0 
0 0.000530219 0.00304604 0.00758165 0.013791 0.0214678 0.0302464 0.0396434 0.0491118 0.0581255 0.0664257 0.0739705 0.0796658 0.0826711 0.0832105 0.081447 0.0772951 0.0711601 0.0642815 0.0571739 0.0498384 0.0424851 0.0353952 0.0288045 0.022878 0.0177098 0.0133293 0.00970707 0.0067606 0.00437655 0.00248983 0.00115553 0.000415945 0.000116832 2.66913e-05 5.14512e-06 8.46207e-07 1.15826e-07 1.20261e-08 6.80242e-10 0 
0 0.000651443 0.00356106 0.00868319 0.015722 0.0244383 0.0344081 0.0450813 0.0558644 0.0664257 0.0768447 0.0850796 0.0897429 0.0919502 0.0923618 0.0911197 0.0879835 0.0822806 0.0739788 0.0651924 0.0566862 0.0483161 0.0402636 0.0327794 0.0260505 0.0201847 0.0152173 0.0111199 0.00780774 0.00515186 0.00304164 0.00148873 0.000565224 0.000164796 3.83526e-05 7.43342e-06 1.22053e-06 1.66214e-07 1.71452e-08 9.62991e-10 0 
0 0.000752771 0.00397438 0.00957373 0.0172897 0.0268514 0.0377894 0.0495053 0.0615029 0.0739705 0.0850796 0.0917073 0.0953386 0.0971214 0.0974724 0.0964869 0.0940229 0.0896095 0.0822359 0.0722084 0.0623433 0.0530638 0.0442227 0.0360118 0.0286304 0.0221969 0.0167512 0.012265 0.00865118 0.00577292 0.00349066 0.00177466 0.000702773 0.000211605 5.01158e-05 9.77559e-06 1.60529e-06 2.17967e-07 2.23865e-08 1.25132e-09 0 
0 0.000826527 0.00426771 0.0102094 0.0184111 0.0285781 0.040209 0.0526891 0.0658457 0.0796658 0.0897429 0.0953386 0.098515 0.100109 0.100433 0.0995648 0.097401 0.0935976 0.0873329 0.0775829 0.0665718 0.0564832 0.0470607 0.0383288 0.0304798 0.0236396 0.0178508 0.013085 0.00925334 0.00621443 0.00381219 0.00198664 0.000810352 0.000249992 6.00515e-05 1.17831e-05 1.93709e-06 2.62678e-07 2.69142e-08 1.50017e-09 0 
0 0.00086823 0.0044306 0.0105632 0.0190356 0.0295397 0.0415567 0.054482 0.0684698 0.0826711 0.0919502 0.0971214 0.100109 0.101623 0.101937 0.101119 0.0990822 0.0955335 0.0897719 0.080552 0.0690585 0.0584116 0.0486482 0.039625 0.031515 0.0244475 0.0184671 0.013545 0.00959114 0.00646219 0.00399404 0.0021097 0.000875378 0.000274091 6.64532e-05 1.30969e-05 2.15628e-06 2.92405e-07 2.994e-08 1.66725e-09 0 
0 0.00087635 0.00446049 0.010627 0.0191475 0.0297117 0.0417977 0.0548055 0.0689623 0.0832105 0.0923618 0.0974724 0.100433 0.101937 0.102249 0.101439 0.0994216 0.0959106 0.0902245 0.0811013 0.0695322 0.0587713 0.0489438 0.0398675 0.0317098 0.0246008 0.0185852 0.0136344 0.0096583 0.00651336 0.00403398 0.00213898 0.000892145 0.000280744 6.83191e-05 1.34971e-05 2.22569e-06 3.02165e-07 3.09693e-08 1.72614e-09 0 
0 0.000851962 0.0043624 0.0104111 0.0187652 0.0291225 0.0409716 0.0537012 0.0673193 0.081447 0.0911197 0.0964869 0.0995648 0.101119 0.101439 0.100599 0.0985037 0.0948396 0.0888527 0.079352 0.0680115 0.0576087 0.047993 0.0390941 0.0310947 0.0241233 0.0182236 0.0133674 0.00946562 0.00637641 0.0039384 0.0020781 0.000861726 0.00027001 6.56006e-05 1.29668e-05 2.142e-06 2.915e-07 2.99578e-08 1.67466e-09 0 
0 0.000798374 0.00414802 0.00994254 0.017937 0.0278465 0.0391832 0.0513362 0.0639593 0.0772951 0.0879835 0.0940229 0.097401 0.0990822 0.0994216 0.0985037 0.0962114 0.0921511 0.0854042 0.0753751 0.064821 0.055095 0.0459192 0.0374048 0.0297498 0.0230776 0.0174303 0.0127799 0.00903935 0.00607031 0.00372161 0.00193822 0.000791266 0.000244943 5.91691e-05 1.1689e-05 1.93576e-06 2.64517e-07 2.7319e-08 1.53538e-09 0 
0 0.000720734 0.00383426 0.00926112 0.0167346 0.0259948 0.0365884 0.0479331 0.0594676 0.0711601 0.0822806 0.0896095 0.0935976 0.0955335 0.0959106 0.0948396 0.0921511 0.0872929 0.0793918 0.0697147 0.060406 0.0514665 0.0429048 0.0349484 0.0277942 0.0215574 0.0162769 0.0119254 0.00841845 0.00562314 0.00340546 0.00173753 0.000692973 0.000210847 5.05486e-05 9.98628e-06 1.6612e-06 2.28545e-07 2.37928e-08 1.34871e-09 0 
0 0.000625598 0.00344157 0.00841471 0.0152452 0.0237024 0.0333764 0.043734 0.0541858 0.0642815 0.0739788 0.0822359 0.0873329 0.0897719 0.0902245 0.0888527 0.0854042 0.0793918 0.0714575 0.0632641 0.0550969 0.0469854 0.0391713 0.0319066 0.0253734 0.0196767 0.0148512 0.0108699 0.00765133 0.00507112 0.00302007 0.00150138 0.000582821 0.000174209 4.1532e-05 8.23253e-06 1.38102e-06 1.92088e-07 2.0241e-08 1.16184e-09 0 
0 0.000520459 0.00299238 0.00745426 0.0135628 0.021115 0.0297522 0.0389991 0.0483175 0.0571739 0.0651924 0.0722084 0.0775829 0.080552 0.0811013 0.079352 0.0753751 0.0697147 0.0632641 0.0563611 0.0491606 0.0419312 0.0349588 0.028476 0.0226453 0.0175599 0.0132494 0.0096866 0.00679364 0.00445968 0.0026062 0.00126242 0.000478904 0.000141589 3.38157e-05 6.77149e-06 1.15239e-06 1.6288e-07 1.7446e-08 1.01743e-09 0 
0 0.000413164 0.00251007 0.00642896 0.0117799 0.0183771 0.0259186 0.0339919 0.0421265 0.0498384 0.0566862 0.0623433 0.0665718 0.0690585 0.0695322 0.0680115 0.064821 0.060406 0.0550969 0.0491606 0.0428912 0.0365861 0.0305052 0.0248518 0.0197671 0.0153316 0.011569 0.00845224 0.00590942 0.00384851 0.00221921 0.00105996 0.000399495 0.000118721 2.87586e-05 5.86608e-06 1.01781e-06 1.46541e-07 1.59616e-08 9.44718e-10 0 
0 0.000311219 0.00201873 0.00538231 0.00997986 0.0156209 0.0220619 0.0289556 0.0359014 0.0424851 0.0483161 0.0530638 0.0564832 0.0584116 0.0587713 0.0576087 0.055095 0.0514665 0.0469854 0.0419312 0.0365861 0.0312115 0.0260295 0.0212136 0.0168842 0.0131093 0.00990819 0.00725423 0.00508403 0.00332266 0.00193064 0.000936102 0.000360795 0.000109984 2.72852e-05 5.67756e-06 1.00063e-06 1.45778e-07 1.60147e-08 9.53381e-10 0 
0 0.000220972 0.00154332 0.00435045 0.00823092 0.0129574 0.0183401 0.0240977 0.0298977 0.0353952 0.0402636 0.0442227 0.0470607 0.0486482 0.0489438 0.047993 0.0459192 0.0429048 0.0391713 0.0349588 0.0305052 0.0260295 0.0217176 0.0177153 0.0141267 0.0110181 0.00841258 0.00627148 0.00450364 0.0030289 0.00182569 0.000927271 0.000374289 0.000118023 2.9825e-05 6.2487e-06 1.10103e-06 1.5972e-07 1.74318e-08 1.02962e-09 0 
0 0.000146802 0.00110925 0.00336408 0.00658167 0.010471 0.0148755 0.0195794 0.0243159 0.0288045 0.0327794 0.0360118 0.0383288 0.039625 0.0398675 0.0390941 0.0374048 0.0349484 0.0319066 0.028476 0.0248518 0.0212136 0.0177153 0.014484 0.0116395 0.00931719 0.00759491 0.0062901 0.00498938 0.00351707 0.00212772 0.00108844 0.000449426 0.000143731 3.61706e-05 7.46099e-06 1.28883e-06 1.8315e-07 1.95931e-08 1.13566e-09 0 
0 9.056e-05 0.000739965 0.00245402 0.00506132 0.00821431 0.0117507 0.0155121 0.0192948 0.022878 0.0260505 0.0286304 0.0304798 0.031515 0.0317098 0.0310947 0.0297498 0.0277942 0.0253734 0.0226453 0.0197671 0.0168842 0.0141267 0.0116395 0.00970116 0.00885336 0.00949096 0.0106874 0.0102814 0.00749882 0.0040708 0.00174648 0.000634868 0.00019011 4.55325e-05 8.99106e-06 1.49759e-06 2.06371e-07 2.14926e-08 1.21652e-09 0 
0 5.14959e-05 0.000452023 0.00165689 0.00368815 0.00620805 0.00900618 0.0119566 0.014913 0.0177098 0.0201847 0.0221969 0.0236396 0.0244475 0.0246008 0.0241233 0.0230776 0.0215574 0.0196767 0.0175599 0.0153316 0.0131093 0.0110181 0.00931719 0.00885336 0.011584 0.0190251 0.0287735 0.0336603 0.0218689 0.0110671 0.00396593 0.00111419 0.000272263 5.7203e-05 1.03592e-05 1.63477e-06 2.17346e-07 2.20189e-08 1.21771e-09 0 
0 2.68233e-05 0.000249814 0.00101268 0.00248731 0.00444976 0.00664106 0.00892385 0.011192 0.0133293 0.0152173 0.0167512 0.0178508 0.0184671 0.0185852 0.0182236 0.0174303 0.0162769 0.0148512 0.0132494 0.011569 0.00990819 0.00841258 0.00759491 0.00949096 0.0190251 0.0415142 0.0752497 0.0798745 0.0604385 0.0257542 0.00866614 0.00208048 0.000405244 6.99479e-05 1.10485e-05 1.6167e-06 2.06801e-07 2.04479e-08 1.10968e-09 0 
0 1.27387e-05 0.000123807 0.000548693 0.00150478 0.00294138 0.00462491 0.00637824 0.00809967 0.00970707 0.0111199 0.012265 0.013085 0.013545 0.0136344 0.0133674 0.0127799 0.0119254 0.0108699 0.0096866 0.00845224 0.00725423 0.00627148 0.0062901 0.0106874 0.0287735 0.0752497 0.0874059 0.0889647 0.0832381 0.0509504 0.0139612 0.00316377 0.000538435 7.79084e-05 1.05451e-05 1.41094e-06 1.7376e-07 1.68768e-08 9.04981e-10 0 
0 5.5006e-06 5.47873e-05 0.00025983 0.000791162 0.00172242 0.00293742 0.00425797 0.00555814 0.0067606 0.00780774 0.00865118 0.00925334 0.00959114 0.0096583 0.00946562 0.00903935 0.00841845 0.00765133 0.00679364 0.00590942 0.00508403 0.00450364 0.00498938 0.0102814 0.0336603 0.0798745 0.0889647 0.0901845 0.0855643 0.0607416 0.0154015 0.00342399 0.000549971 7.13975e-05 8.56049e-06 1.05986e-06 1.26868e-07 1.22219e-08 6.53214e-10 0 
0 2.15746e-06 2.1651e-05 0.000107084 0.000353943 0.000856896 0.00161767 0.00253491 0.00348495 0.00437655 0.00515186 0.00577292 0.00621443 0.00646219 0.00651336 0.00637641 0.00607031 0.00562314 0.00507112 0.00445968 0.00384851 0.00332266 0.0030289 0.00351707 0.00749882 0.0218689 0.0604385 0.0832381 0.0855643 0.0783421 0.0369411 0.0113989 0.0025301 0.000400242 4.96109e-05 5.60529e-06 6.69479e-07 7.96152e-08 7.70594e-09 4.14482e-10 0 
0 7.68846e-07 7.66558e-06 3.85958e-05 0.000134286 0.000353184 0.000735728 0.00126591 0.00187692 0.00248983 0.00304164 0.00349066 0.00381219 0.00399404 0.00403398 0.0039384 0.00372161 0.00340546 0.00302007 0.0026062 0.00221921 0.00193064 0.00182569 0.00212772 0.0040708 0.0110671 0.0257542 0.0509504 0.0607416 0.0369411 0.0171271 0.00564985 0.00126618 0.000202463 2.51583e-05 2.87312e-06 3.51125e-07 4.27282e-08 4.21504e-09 2.30389e-10 0 
0 2.49126e-07 2.44226e-06 1.22832e-05 4.37109e-05 0.000120821 0.000270589 0.000506007 0.000813233 0.00115553 0.00148873 0.00177466 0.00198664 0.0021097 0.00213898 0.0020781 0.00193822 0.00173753 0.00150138 0.00126242 0.00105996 0.000936102 0.000927271 0.00108844 0.00174648 0.00396593 0.00866614 0.0139612 0.0154015 0.0113989 0.00564985 0.00188446 0.000432584 7.14318e-05 9.34193e-06 1.16022e-06 1.53633e-07 1.9642e-08 1.9997e-09 1.12043e-10 0 
0 7.34146e-08 7.02789e-07 3.48544e-06 1.24178e-05 3.50219e-05 8.1589e-05 0.00016112 0.000275463 0.000415945 0.000565224 0.000702773 0.000810352 0.000875378 0.000892145 0.000861726 0.000791266 0.000692973 0.000582821 0.000478904 0.000399495 0.000360795 0.000374289 0.000449426 0.000634868 0.00111419 0.00208048 0.00316377 0.00342399 0.0025301 0.00126618 0.000432584 0.000103205 1.81413e-05 2.65954e-06 3.84325e-07 5.71146e-08 7.77884e-09 8.24221e-10 4.76725e-11 0 
0 1.96493e-08 1.82923e-07 8.8759e-07 3.12348e-06 8.80732e-06 2.07871e-05 4.20984e-05 7.44725e-05 0.000116832 0.000164796 0.000211605 0.000249992 0.000274091 0.000280744 0.00027001 0.000244943 0.000210847 0.000174209 0.000141589 0.000118721 0.000109984 0.000118023 0.000143731 0.00019011 0.000272263 0.000405244 0.000538435 0.000549971 0.000400242 0.000202463 7.14318e-05 1.81413e-05 3.59205e-06 6.3346e-07 1.10115e-07 1.83805e-08 2.6691e-09 2.95634e-10 1.7742e-11 0 
0 4.75551e-09 4.29627e-08 2.03107e-07 7.00684e-07 1.95204e-06 4.59149e-06 9.34529e-06 1.67319e-05 2.66913e-05 3.83526e-05 5.01158e-05 6.00515e-05 6.64532e-05 6.83191e-05 6.56006e-05 5.91691e-05 5.05486e-05 4.1532e-05 3.38157e-05 2.87586e-05 2.72852e-05 2.9825e-05 3.61706e-05 4.55325e-05 5.7203e-05 6.99479e-05 7.79084e-05 7.13975e-05 4.96109e-05 2.51583e-05 9.34193e-06 2.65954e-06 6.3346e-07 1.37994e-07 2.81605e-08 5.1613e-09 7.94991e-10 9.22243e-11 5.76216e-12 0 
0 1.03041e-09 9.02808e-09 4.15079e-08 1.39864e-07 3.8264e-07 8.89096e-07 1.79818e-06 3.2159e-06 5.14512e-06 7.43342e-06 9.77559e-06 1.17831e-05 1.30969e-05 1.34971e-05 1.29668e-05 1.1689e-05 9.98628e-06 8.23253e-06 6.77149e-06 5.86608e-06 5.67756e-06 6.2487e-06 7.46099e-06 8.99106e-06 1.03592e-05 1.10485e-05 1.05451e-05 8.56049e-06 5.60529e-06 2.87312e-06 1.16022e-06 3.84325e-07 1.10115e-07 2.81605e-08 6.40044e-09 1.25868e-09 2.04635e-10 2.48783e-11 1.62134e-12 0 
0 1.95838e-10 1.6646e-09 7.44069e-09 2.44558e-08 6.55278e-08 1.49786e-07 2.99352e-07 5.31203e-07 8.46207e-07 1.22053e-06 1.60529e-06 1.93709e-06 2.15628e-06 2.22569e-06 2.142e-06 1.93576e-06 1.6612e-06 1.38102e-06 1.15239e-06 1.01781e-06 1.00063e-06 1.10103e-06 1.28883e-06 1.49759e-06 1.63477e-06 1.6167e-06 1.41094e-06 1.05986e-06 6.69479e-07 3.51125e-07 1.53633e-07 5.71146e-08 1.83805e-08 5.1613e-09 1.25868e-09 2.62102e-10 4.48307e-11 5.70997e-12 3.88404e-13 0 
0 3.12752e-11 2.58135e-10 1.12248e-09 3.59876e-09 9.43688e-09 2.11872e-08 4.17416e-08 7.32727e-08 1.15826e-07 1.66214e-07 2.17967e-07 2.62678e-07 2.92405e-07 3.02165e-07 2.915e-07 2.64517e-07 2.28545e-07 1.92088e-07 1.6288e-07 1.46541e-07 1.45778e-07 1.5972e-07 1.8315e-07 2.06371e-07 2.17346e-07 2.06801e-07 1.7376e-07 1.26868e-07 7.96152e-08 4.27282e-08 1.9642e-08 7.77884e-09 2.6691e-09 7.94991e-10 2.04635e-10 4.48307e-11 8.04608e-12 1.07242e-12 7.61143e-14 0 
0 3.78802e-12 3.03996e-11 1.28747e-10 4.02958e-10 1.03445e-09 2.28067e-09 4.42626e-09 7.67748e-09 1.20261e-08 1.71452e-08 2.23865e-08 2.69142e-08 2.994e-08 3.09693e-08 2.99578e-08 2.7319e-08 2.37928e-08 2.0241e-08 1.7446e-08 1.59616e-08 1.60147e-08 1.74318e-08 1.95931e-08 2.14926e-08 2.20189e-08 2.04479e-08 1.68768e-08 1.22219e-08 7.70594e-09 4.21504e-09 1.9997e-09 8.24221e-10 2.95634e-10 9.22243e-11 2.48783e-11 5.70997e-12 1.07242e-12 1.49312e-13 1.10455e-14 0 
0 2.48606e-13 1.94287e-12 8.02564e-12 2.4552e-11 6.1759e-11 1.33782e-10 2.55818e-10 4.38395e-10 6.80242e-10 9.62991e-10 1.25132e-09 1.50017e-09 1.66725e-09 1.72614e-09 1.67466e-09 1.53538e-09 1.34871e-09 1.16184e-09 1.01743e-09 9.44718e-10 9.53381e-10 1.02962e-09 1.13566e-09 1.21652e-09 1.21771e-09 1.10968e-09 9.04981e-10 6.53214e-10 4.14482e-10 2.30389e-10 1.12043e-10 4.76725e-11 1.7742e-11 5.76216e-12 1.62134e-12 3.88404e-13 7.61143e-14 1.10455e-14 8.50332e-16 0 
0 0 0 0 0 0 0 0 0 0 0 0 0 0 0 0 0 0 0 0 0 0 0 0 0 0 0 0 0 0 0 0 0 0 0 0 0 0 0 0 0 
