0 0 0 0 0 0 0 0 0 0 0 0 0 0 0 0 0 0 0 0 0 0 0 0 0 0 0 0 0 0 0 0 0 0 0 0 0 0 0 0 0 
0 1.74581e-08 1.62019e-07 7.74594e-07 2.65436e-06 7.21148e-06 1.62703e-05 3.13732e-05 5.28661e-05 7.93428e-05 0.000107813 0.000134458 0.000155573 0.000168341 0.000171289 0.00016442 0.00014908 0.000127627 0.000102975 7.80689e-05 5.54019e-05 3.66446e-05 2.2494e-05 1.2765e-05 6.67663e-06 3.21244e-06 1.4207e-06 5.7763e-07 2.16103e-07 7.44855e-08 2.36794e-08 6.94714e-09 1.87985e-09 4.67973e-10 1.06559e-10 2.19428e-11 3.99788e-12 6.16546e-13 7.25556e-14 4.65004e-15 0 
0 1.62019e-07 1.56645e-06 7.73882e-06 2.70255e-05 7.34994e-05 0.000162943 0.000304039 0.000491203 0.000705084 0.000919346 0.00110815 0.00125095 0.00133444 0.00135281 0.00130718 0.00120472 0.00105752 0.000881292 0.000693758 0.000512546 0.000352733 0.000224388 0.000131028 6.98627e-05 3.39121e-05 1.49783e-05 6.02837e-06 2.21684e-06 7.4716e-07 2.31449e-07 6.6024e-08 1.73525e-08 4.19457e-09 9.27733e-10 1.85701e-10 3.29226e-11 4.9466e-12 5.67894e-13 3.55555e-14 0 
0 7.74594e-07 7.73882e-06 3.89161e-05 0.000135012 0.000354386 0.000739422 0.00128049 0.00191819 0.00257527 0.00318255 0.00368775 0.00405537 0.00426479 0.00430874 0.00419195 0.00392955 0.00354517 0.00306909 0.00253651 0.0019862 0.00145867 0.000992481 0.000617588 0.000347473 0.000175424 7.92757e-05 3.21434e-05 1.17573e-05 3.90481e-06 1.18449e-06 3.29616e-07 8.43341e-08 1.9829e-08 4.26592e-09 8.31066e-10 1.43538e-10 2.10353e-11 2.3586e-12 1.44423e-13 0 
0 2.65436e-06 2.70255e-05 0.000135012 0.000448571 0.00108883 0.00206422 0.00326151 0.00453586 0.00576784 0.00686747 0.00776627 0.00841436 0.00878112 0.00885597 0.00864788 0.00818308 0.00750138 0.00665174 0.00568779 0.00466452 0.00363717 0.00266228 0.00179836 0.00109939 0.000597487 0.000285501 0.000119778 4.44242e-05 1.4726e-05 4.41075e-06 1.20393e-06 3.01021e-07 6.90434e-08 1.4482e-08 2.75138e-09 4.63774e-10 6.6401e-11 7.28286e-12 4.36789e-13 0 
0 7.21148e-06 7.34994e-05 0.000354386 0.00108883 0.00238598 0.00411186 0.00605224 0.00803495 0.00992561 0.0116083 0.0129839 0.0139762 0.0145373 0.0146504 0.0143293 0.013615 0.0125695 0.0112693 0.00979674 0.00823308 0.00665296 0.00512252 0.00370337 0.00246064 0.00146335 0.000759796 0.000339607 0.000130862 4.40519e-05 1.31773e-05 3.5543e-06 8.7292e-07 1.96056e-07 4.02162e-08 7.47043e-09 1.23173e-09 1.7265e-10 1.85584e-11 1.09212e-12 0 
0 1.62703e-05 0.000162943 0.000739422 0.00206422 0.00411186 0.00661692 0.00934618 0.0121183 0.0147639 0.017122 0.0190518 0.0204446 0.0212321 0.0213903 0.0209385 0.0199346 0.018467 0.0166441 0.0145834 0.0124005 0.0102008 0.00807218 0.0060839 0.00429354 0.00276342 0.00156849 0.000761459 0.000311919 0.000108695 3.29102e-05 8.8499e-06 2.14778e-06 4.74453e-07 9.55117e-08 1.73987e-08 2.81348e-09 3.86993e-10 4.08572e-11 2.36391e-12 0 
0 3.13732e-05 0.000304039 0.00128049 0.00326151 0.00605224 0.00934618 0.0129143 0.0165421 0.0200086 0.0231007 0.0256325 0.0274603 0.0284941 0.028702 0.0281094 0.0267925 0.0248677 0.0224781 0.0197787 0.016923 0.0140509 0.0112793 0.00869679 0.00636461 0.00432899 0.00264744 0.0013976 0.000616788 0.000226174 7.02466e-05 1.90082e-05 4.58758e-06 1.00141e-06 1.98583e-07 3.55882e-08 5.66003e-09 7.6596e-10 7.96132e-11 4.53869e-12 0 
0 5.28661e-05 0.000491203 0.00191819 0.00453586 0.00803495 0.0121183 0.0165421 0.021044 0.0253481 0.0291888 0.0323345 0.0346065 0.0358923 0.0361522 0.0354174 0.0337828 0.0313933 0.0284268 0.0250768 0.0215349 0.017976 0.0145469 0.0113597 0.00848852 0.00597557 0.00385395 0.00218331 0.00103816 0.00040425 0.000130159 3.57376e-05 8.62928e-06 1.86981e-06 3.66614e-07 6.48457e-08 1.0173e-08 1.35809e-09 1.39315e-10 7.84382e-12 0 
0 7.93428e-05 0.000705084 0.00257527 0.00576784 0.00992561 0.0147639 0.0200086 0.0253481 0.0304544 0.0350123 0.0387465 0.0414449 0.0429735 0.0432848 0.0424157 0.0404785 0.0376452 0.0341274 0.030155 0.0259559 0.0217385 0.0176784 0.0139099 0.0105225 0.007563 0.00505067 0.00301557 0.00152946 0.000632504 0.000212285 5.95003e-05 1.44453e-05 3.11953e-06 6.06856e-07 1.06274e-07 1.64935e-08 2.17802e-09 2.21072e-10 1.23224e-11 0 
0 0.000107813 0.000919346 0.00318255 0.00686747 0.0116083 0.017122 0.0231007 0.0291888 0.0350123 0.0402116 0.0444731 0.0475541 0.0493018 0.0496612 0.048674 0.0464683 0.0432399 0.0392303 0.0347021 0.0299156 0.0251091 0.0204838 0.0161939 0.012343 0.0089852 0.00613457 0.00379808 0.00202546 0.000883362 0.000308979 8.86468e-05 2.17096e-05 4.68748e-06 9.07489e-07 1.57808e-07 2.42975e-08 3.18248e-09 3.2046e-10 1.77279e-11 0 
0 0.000134458 0.00110815 0.00368775 0.00776627 0.0129839 0.0190518 0.0256325 0.0323345 0.0387465 0.0444731 0.0491686 0.0525657 0.0544955 0.0548969 0.0538156 0.0513917 0.047841 0.0434292 0.0384456 0.0331773 0.0278869 0.0227967 0.0180774 0.0138444 0.0101581 0.00703217 0.00445907 0.00246509 0.00112146 0.000406731 0.000119361 2.95266e-05 6.38811e-06 1.23392e-06 2.13647e-07 3.27246e-08 4.26315e-09 4.27034e-10 2.35092e-11 0 
0 0.000155573 0.00125095 0.00405537 0.00841436 0.0139762 0.0204446 0.0274603 0.0346065 0.0414449 0.0475541 0.0525657 0.0561941 0.0582587 0.0586939 0.0575476 0.054969 0.0511875 0.0464863 0.0411741 0.0355571 0.0299161 0.0244882 0.0194565 0.0149449 0.0110189 0.00769281 0.00495133 0.00280309 0.00131421 0.000490183 0.00014661 3.66167e-05 7.94794e-06 1.53498e-06 2.65303e-07 4.05394e-08 5.26808e-09 5.26513e-10 2.89344e-11 0 
0 0.000168341 0.00133444 0.00426479 0.00878112 0.0145373 0.0212321 0.0284941 0.0358923 0.0429735 0.0493018 0.0544955 0.0582587 0.0604038 0.0608626 0.0596842 0.057022 0.0531129 0.0482501 0.0427528 0.0369383 0.0310975 0.0254765 0.0202654 0.0155932 0.0115286 0.00808668 0.00524854 0.00301254 0.00143868 0.000546551 0.000165699 4.17119e-05 9.08939e-06 1.75858e-06 3.0422e-07 4.65174e-08 6.05028e-09 6.05523e-10 3.33456e-11 0 
0 0.000171289 0.00135281 0.00430874 0.00885597 0.0146504 0.0213903 0.028702 0.0361522 0.0432848 0.0496612 0.0548969 0.0586939 0.0608626 0.0613339 0.0601566 0.0574843 0.0535551 0.0486637 0.0431312 0.0372772 0.0313947 0.0257319 0.0204807 0.0157716 0.0116744 0.00820472 0.00534278 0.00308359 0.00148419 0.00056875 0.000173741 4.39924e-05 9.63058e-06 1.87095e-06 3.25009e-07 4.99258e-08 6.52834e-09 6.57487e-10 3.64763e-11 0 
0 0.00016442 0.00130718 0.00419195 0.00864788 0.0143293 0.0209385 0.0281094 0.0354174 0.0424157 0.048674 0.0538156 0.0575476 0.0596842 0.0601566 0.0590119 0.0564005 0.0525551 0.0477643 0.0423425 0.0366029 0.0308328 0.025276 0.020121 0.0154959 0.0114699 0.0080583 0.00524299 0.00302171 0.00145252 0.000556731 0.000170509 4.33802e-05 9.55771e-06 1.87128e-06 3.28026e-07 5.09181e-08 6.73791e-09 6.87803e-10 3.8737e-11 0 
0 0.00014908 0.00120472 0.00392955 0.00818308 0.013615 0.0199346 0.0267925 0.0337828 0.0404785 0.0464683 0.0513917 0.054969 0.057022 0.0574843 0.0564005 0.0539137 0.0502462 0.0456729 0.0404943 0.0350092 0.0294923 0.0241767 0.0192425 0.0148125 0.0109525 0.00767786 0.00497382 0.00284631 0.00135691 0.000517269 0.000158511 4.05943e-05 9.04434e-06 1.79669e-06 3.20436e-07 5.0727e-08 6.86045e-09 7.17016e-10 4.14008e-11 0 
0 0.000127627 0.00105752 0.00354517 0.00750138 0.0125695 0.018467 0.0248677 0.0313933 0.0376452 0.0432399 0.047841 0.0511875 0.0531129 0.0535551 0.0525551 0.0502462 0.0468349 0.0425775 0.0377536 0.0326417 0.0274977 0.0225386 0.0179322 0.0137925 0.0101805 0.00711077 0.0045746 0.00258985 0.00122062 0.000462695 0.000142432 3.70021e-05 8.42392e-06 1.71871e-06 3.15949e-07 5.16783e-08 7.23048e-09 7.8189e-10 4.66657e-11 0 
0 0.000102975 0.000881292 0.00306909 0.00665174 0.0112693 0.0166441 0.0224781 0.0284268 0.0341274 0.0392303 0.0434292 0.0464863 0.0482501 0.0486637 0.0477643 0.0456729 0.0425775 0.038711 0.0343277 0.0296809 0.0250032 0.0204915 0.0162979 0.0125252 0.00922753 0.00641891 0.00409868 0.0022971 0.00107498 0.000409129 0.000128345 3.44102e-05 8.15157e-06 1.73808e-06 3.3433e-07 5.71546e-08 8.3324e-09 9.34751e-10 5.75744e-11 0 
0 7.80689e-05 0.000693758 0.00253651 0.00568779 0.00979674 0.0145834 0.0197787 0.0250768 0.030155 0.0347021 0.0384456 0.0411741 0.0427528 0.0431312 0.0423425 0.0404943 0.0377536 0.0343277 0.0304427 0.0263237 0.0221771 0.0181774 0.0144585 0.0111099 0.00817799 0.00567644 0.00361281 0.00202378 0.00095716 0.00037498 0.000123248 3.49916e-05 8.80181e-06 1.98648e-06 4.01749e-07 7.16039e-08 1.07875e-08 1.2401e-09 7.76855e-11 0 
0 5.54019e-05 0.000512546 0.0019862 0.00466452 0.00823308 0.0124005 0.016923 0.0215349 0.0259559 0.0299156 0.0331773 0.0355571 0.0369383 0.0372772 0.0366029 0.0350092 0.0326417 0.0296809 0.0263237 0.0227659 0.019187 0.0157378 0.012533 0.00964822 0.00712192 0.00496728 0.00319504 0.00183345 0.000907965 0.00038074 0.000135451 4.15059e-05 1.11319e-05 2.63755e-06 5.51709e-07 1.0042e-07 1.52951e-08 1.76405e-09 1.10245e-10 0 
0 3.66446e-05 0.000352733 0.00145867 0.00363717 0.00665296 0.0102008 0.0140509 0.017976 0.0217385 0.0251091 0.0278869 0.0299161 0.0310975 0.0313947 0.0308328 0.0294923 0.0274977 0.0250032 0.0221771 0.019187 0.0161859 0.0133019 0.0106314 0.00823693 0.00615021 0.0043812 0.00292904 0.00179206 0.000970806 0.000450781 0.000176026 5.7818e-05 1.61837e-05 3.91471e-06 8.23074e-07 1.49054e-07 2.24441e-08 2.54935e-09 1.56578e-10 0 
0 2.2494e-05 0.000224388 0.000992481 0.00266228 0.00512252 0.00807218 0.0112793 0.0145469 0.0176784 0.0204838 0.0227967 0.0244882 0.0254765 0.0257319 0.025276 0.0241767 0.0225386 0.0204915 0.0181774 0.0157378 0.0133019 0.0109778 0.008847 0.00696321 0.00535464 0.00401898 0.00291492 0.00198418 0.00120804 0.000624037 0.000263305 8.99823e-05 2.53777e-05 6.06556e-06 1.24827e-06 2.20374e-07 3.23043e-08 3.57234e-09 2.13797e-10 0 
0 1.2765e-05 0.000131028 0.000617588 0.00179836 0.00370337 0.0060839 0.00869679 0.0113597 0.0139099 0.0161939 0.0180774 0.0194565 0.0202654 0.0204807 0.020121 0.0192425 0.0179322 0.0162979 0.0144585 0.012533 0.0106314 0.008847 0.00725403 0.00591278 0.00487113 0.00412174 0.00351558 0.00280369 0.0019114 0.00105089 0.000452973 0.000152333 4.11067e-05 9.31974e-06 1.82858e-06 3.0999e-07 4.38489e-08 4.69517e-09 2.72884e-10 0 
0 6.67663e-06 6.98627e-05 0.000347473 0.00109939 0.00246064 0.00429354 0.00636461 0.00848852 0.0105225 0.012343 0.0138444 0.0149449 0.0155932 0.0157716 0.0154959 0.0148125 0.0137925 0.0125252 0.0111099 0.00964822 0.00823693 0.00696321 0.00591278 0.00521467 0.0051102 0.00578222 0.00667384 0.00646529 0.00469624 0.00248746 0.000979052 0.000294209 6.98909e-05 1.40303e-05 2.51551e-06 4.02172e-07 5.45885e-08 5.65305e-09 3.19189e-10 0 
0 3.21244e-06 3.39121e-05 0.000175424 0.000597487 0.00146335 0.00276342 0.00432899 0.00597557 0.007563 0.0089852 0.0101581 0.0110189 0.0115286 0.0116744 0.0114699 0.0109525 0.0101805 0.00922753 0.00817799 0.00712192 0.00615021 0.00535464 0.00487113 0.0051102 0.00717931 0.0120805 0.017704 0.0189319 0.0139712 0.00705147 0.00248383 0.000639735 0.00012678 2.09774e-05 3.22457e-06 4.71797e-07 6.10591e-08 6.12512e-09 3.37083e-10 0 
0 1.4207e-06 1.49783e-05 7.92757e-05 0.000285501 0.000759796 0.00156849 0.00264744 0.00385395 0.00505067 0.00613457 0.00703217 0.00769281 0.00808668 0.00820472 0.0080583 0.00767786 0.00711077 0.00641891 0.00567644 0.00496728 0.0043812 0.00401898 0.00412174 0.00578222 0.0120805 0.0255733 0.0408075 0.0449451 0.0331908 0.0164799 0.00552925 0.00129268 0.000221817 3.02653e-05 3.82116e-06 4.93606e-07 6.03984e-08 5.88947e-09 3.17669e-10 0 
0 5.7763e-07 6.02837e-06 3.21434e-05 0.000119778 0.000339607 0.000761459 0.0013976 0.00218331 0.00301557 0.00379808 0.00445907 0.00495133 0.00524854 0.00534278 0.00524299 0.00497382 0.0045746 0.00409868 0.00361281 0.00319504 0.00292904 0.00291492 0.00351558 0.00667384 0.017704 0.0408075 0.0667315 0.073783 0.0547951 0.027043 0.00893291 0.00200453 0.000317659 3.79843e-05 4.02035e-06 4.52436e-07 5.21357e-08 4.97067e-09 2.64749e-10 0 
0 2.16103e-07 2.21684e-06 1.17573e-05 4.44242e-05 0.000130862 0.000311919 0.000616788 0.00103816 0.00152946 0.00202546 0.00246509 0.00280309 0.00301254 0.00308359 0.00302171 0.00284631 0.00258985 0.0022971 0.00202378 0.00183345 0.00179206 0.00198418 0.00280369 0.00646529 0.0189319 0.0449451 0.073783 0.0809001 0.0610773 0.0299734 0.0098525 0.00217848 0.000332894 3.70626e-05 3.49714e-06 3.5303e-07 3.87809e-08 3.65245e-09 1.93852e-10 0 
0 7.44855e-08 7.4716e-07 3.90481e-06 1.4726e-05 4.40519e-05 0.000108695 0.000226174 0.00040425 0.000632504 0.000883362 0.00112146 0.00131421 0.00143868 0.00148419 0.00145252 0.00135691 0.00122062 0.00107498 0.00095716 0.000907965 0.000970806 0.00120804 0.0019114 0.00469624 0.0139712 0.0331908 0.0547951 0.0610773 0.0450101 0.022209 0.00729621 0.00160805 0.000242527 2.62159e-05 2.35675e-06 2.27208e-07 2.45939e-08 2.32429e-09 1.24188e-10 0 
0 2.36794e-08 2.31449e-07 1.18449e-06 4.41075e-06 1.31773e-05 3.29102e-05 7.02466e-05 0.000130159 0.000212285 0.000308979 0.000406731 0.000490183 0.000546551 0.00056875 0.000556731 0.000517269 0.000462695 0.000409129 0.00037498 0.00038074 0.000450781 0.000624037 0.00105089 0.00248746 0.00705147 0.0164799 0.027043 0.0299734 0.022209 0.0109679 0.00361178 0.000798807 0.000120561 1.30584e-05 1.19189e-06 1.18606e-07 1.32351e-08 1.27837e-09 6.94751e-11 0 
0 6.94714e-09 6.6024e-08 3.29616e-07 1.20393e-06 3.5543e-06 8.8499e-06 1.90082e-05 3.57376e-05 5.95003e-05 8.86468e-05 0.000119361 0.00014661 0.000165699 0.000173741 0.000170509 0.000158511 0.000142432 0.000128345 0.000123248 0.000135451 0.000176026 0.000263305 0.000452973 0.000979052 0.00248383 0.00552925 0.00893291 0.0098525 0.00729621 0.00361178 0.00119654 0.000266931 4.0849e-05 4.59196e-06 4.56545e-07 5.06845e-08 6.06762e-09 6.08333e-10 3.39341e-11 0 
0 1.87985e-09 1.73525e-08 8.43341e-08 3.01021e-07 8.7292e-07 2.14778e-06 4.58758e-06 8.62928e-06 1.44453e-05 2.17096e-05 2.95266e-05 3.66167e-05 4.17119e-05 4.39924e-05 4.33802e-05 4.05943e-05 3.70021e-05 3.44102e-05 3.49916e-05 4.15059e-05 5.7818e-05 8.99823e-05 0.000152333 0.000294209 0.000639735 0.00129268 0.00200453 0.00217848 0.00160805 0.000798807 0.000266931 6.0501e-05 9.61355e-06 1.18521e-06 1.39493e-07 1.82791e-08 2.39237e-09 2.51159e-10 1.44806e-11 0 
0 4.67973e-10 4.19457e-09 1.9829e-08 6.90434e-08 1.96056e-07 4.74453e-07 1.00141e-06 1.86981e-06 3.11953e-06 4.68748e-06 6.38811e-06 7.94794e-06 9.08939e-06 9.63058e-06 9.55771e-06 9.04434e-06 8.42392e-06 8.15157e-06 8.80181e-06 1.11319e-05 1.61837e-05 2.53777e-05 4.11067e-05 6.98909e-05 0.00012678 0.000221817 0.000317659 0.000332894 0.000242527 0.000120561 4.0849e-05 9.61355e-06 1.67033e-06 2.46349e-07 3.68284e-08 5.74142e-09 8.1812e-10 9.01791e-11 5.3998e-12 0 
0 1.06559e-10 9.27733e-10 4.26592e-09 1.4482e-08 4.02162e-08 9.55117e-08 1.98583e-07 3.66614e-07 6.06856e-07 9.07489e-07 1.23392e-06 1.53498e-06 1.75858e-06 1.87095e-06 1.87128e-06 1.79669e-06 1.71871e-06 1.73808e-06 1.98648e-06 2.63755e-06 3.91471e-06 6.06556e-06 9.31974e-06 1.40303e-05 2.09774e-05 3.02653e-05 3.79843e-05 3.70626e-05 2.62159e-05 1.30584e-05 4.59196e-06 1.18521e-06 2.46349e-07 4.71131e-08 8.91647e-09 1.59087e-09 2.43265e-10 2.81509e-11 1.75601e-12 0 
0 2.19428e-11 1.85701e-10 8.31066e-10 2.75138e-09 7.47043e-09 1.73987e-08 3.55882e-08 6.48457e-08 1.06274e-07 1.57808e-07 2.13647e-07 2.65303e-07 3.0422e-07 3.25009e-07 3.28026e-07 3.20436e-07 3.15949e-07 3.3433e-07 4.01749e-07 5.51709e-07 8.23074e-07 1.24827e-06 1.82858e-06 2.51551e-06 3.22457e-06 3.82116e-06 4.02035e-06 3.49714e-06 2.35675e-06 1.19189e-06 4.56545e-07 1.39493e-07 3.68284e-08 8.91647e-09 1.97783e-09 3.85878e-10 6.25746e-11 7.59693e-12 4.94505e-13 0 
0 3.99788e-12 3.29226e-11 1.43538e-10 4.63774e-10 1.23173e-09 2.81348e-09 5.66003e-09 1.0173e-08 1.64935e-08 2.42975e-08 3.27246e-08 4.05394e-08 4.65174e-08 4.99258e-08 5.09181e-08 5.0727e-08 5.16783e-08 5.71546e-08 7.16039e-08 1.0042e-07 1.49054e-07 2.20374e-07 3.0999e-07 4.02172e-07 4.71797e-07 4.93606e-07 4.52436e-07 3.5303e-07 2.27208e-07 1.18606e-07 5.06845e-08 1.82791e-08 5.74142e-09 1.59087e-09 3.85878e-10 8.01962e-11 1.37033e-11 1.74386e-12 1.18516e-13 0 
0 6.16546e-13 4.9466e-12 2.10353e-11 6.6401e-11 1.7265e-10 3.86993e-10 7.6596e-10 1.35809e-09 2.17802e-09 3.18248e-09 4.26315e-09 5.26808e-09 6.05028e-09 6.52834e-09 6.73791e-09 6.86045e-09 7.23048e-09 8.3324e-09 1.07875e-08 1.52951e-08 2.24441e-08 3.23043e-08 4.38489e-08 5.45885e-08 6.10591e-08 6.03984e-08 5.21357e-08 3.87809e-08 2.45939e-08 1.32351e-08 6.06762e-09 2.39237e-09 8.1812e-10 2.43265e-10 6.25746e-11 1.37033e-11 2.4584e-12 3.27498e-13 2.32295e-14 0 
0 7.25556e-14 5.67894e-13 2.3586e-12 7.28286e-12 1.85584e-11 4.08572e-11 7.96132e-11 1.39315e-10 2.21072e-10 3.2046e-10 4.27034e-10 5.26513e-10 6.05523e-10 6.57487e-10 6.87803e-10 7.17016e-10 7.8189e-10 9.34751e-10 1.2401e-09 1.76405e-09 2.54935e-09 3.57234e-09 4.69517e-09 5.65305e-09 6.12512e-09 5.88947e-09 4.97067e-09 3.65245e-09 2.32429e-09 1.27837e-09 6.08333e-10 2.51159e-10 9.01791e-11 2.81509e-11 7.59693e-12 1.74386e-12 3.27498e-13 4.55854e-14 3.3709e-15 0 
0 4.65004e-15 3.55555e-14 1.44423e-13 4.36789e-13 1.09212e-12 2.36391e-12 4.53869e-12 7.84382e-12 1.23224e-11 1.77279e-11 2.35092e-11 2.89344e-11 3.33456e-11 3.64763e-11 3.8737e-11 4.14008e-11 4.66657e-11 5.75744e-11 7.76855e-11 1.10245e-10 1.56578e-10 2.13797e-10 2.72884e-10 3.19189e-10 3.37083e-10 3.17669e-10 2.64749e-10 1.93852e-10 1.24188e-10 6.94751e-11 3.39341e-11 1.44806e-11 5.3998e-12 1.75601e-12 4.94505e-13 1.18516e-13 2.32295e-14 3.3709e-15 2.59459e-16 0 
0 0 0 0 0 0 0 0 0 0 0 0 0 0 0 0 0 0 0 0 0 0 0 0 0 0 0 0 0 0 0 0 0 0 0 0 0 0 0 0 0 
