0 0 0 0 0 0 0 0 0 0 0 0 0 0 0 0 0 0 0 0 0 0 0 0 0 0 0 0 0 0 0 0 0 0 0 0 0 0 0 0 0 
0 4.31644e-19 4.14709e-18 2.12504e-17 8.12453e-17 2.56807e-16 7.01191e-16 1.6907e-15 3.64428e-15 7.07366e-15 1.2422e-14 1.97999e-14 2.87174e-14 3.79817e-14 4.59042e-14 5.08051e-14 5.16098e-14 4.82403e-14 4.16024e-14 3.31991e-14 2.45916e-14 1.69636e-14 1.09341e-14 6.60785e-15 3.75665e-15 2.01557e-15 1.0236e-15 4.93284e-16 2.26023e-16 9.85861e-17 4.09418e-17 1.61699e-17 6.05567e-18 2.13892e-18 7.06131e-19 2.1467e-19 5.85827e-20 1.36786e-20 2.45468e-21 2.40803e-22 0 
0 4.14709e-18 4.11445e-17 2.17791e-16 8.59968e-16 2.80522e-15 7.89436e-15 1.95844e-14 4.33402e-14 8.61553e-14 1.54523e-13 2.50814e-13 3.69308e-13 4.94337e-13 6.02792e-13 6.71109e-13 6.8386e-13 6.39541e-13 5.50549e-13 4.37683e-13 3.22454e-13 2.20955e-13 1.41351e-13 8.4742e-14 4.77878e-14 2.54384e-14 1.28238e-14 6.13898e-15 2.79664e-15 1.21389e-15 5.02091e-16 1.97647e-16 7.3815e-17 2.60072e-17 8.56433e-18 2.59631e-18 7.06123e-19 1.64182e-19 2.93102e-20 2.85718e-21 0 
0 2.12504e-17 2.17791e-16 1.19154e-15 4.86243e-15 1.63812e-14 4.75523e-14 1.21478e-13 2.76238e-13 5.62858e-13 1.03189e-12 1.70697e-12 2.5536e-12 3.46191e-12 4.2623e-12 4.777e-12 4.88648e-12 4.57564e-12 3.93507e-12 3.11931e-12 2.28793e-12 1.55906e-12 9.91125e-13 5.90278e-13 3.30692e-13 1.74947e-13 8.77037e-14 4.1786e-14 1.89624e-14 8.20607e-15 3.38664e-15 1.33091e-15 4.9637e-16 1.74643e-16 5.74129e-17 1.73643e-17 4.7074e-18 1.0898e-18 1.93471e-19 1.87297e-20 0 
0 8.12453e-17 8.59968e-16 4.86243e-15 2.05073e-14 7.13599e-14 2.13715e-13 5.62344e-13 1.31441e-12 2.74623e-12 5.14862e-12 8.68446e-12 1.32075e-11 1.81472e-11 2.25764e-11 2.54935e-11 2.62038e-11 2.45956e-11 2.11581e-11 1.6747e-11 1.22487e-11 8.31505e-12 5.26327e-12 3.12068e-12 1.74092e-12 9.17585e-13 4.58627e-13 2.18042e-13 9.88186e-14 4.27408e-14 1.76391e-14 6.93387e-15 2.58659e-15 9.09912e-16 2.98861e-16 9.02167e-17 2.43801e-17 5.61829e-18 9.91331e-19 9.52376e-20 0 
0 2.56807e-16 2.80522e-15 1.63812e-14 7.13599e-14 2.56351e-13 7.91763e-13 2.14526e-12 5.15325e-12 1.10401e-11 2.11691e-11 3.64203e-11 5.63344e-11 7.8499e-11 9.87613e-11 1.12479e-10 1.16314e-10 1.09596e-10 9.4463e-11 7.48028e-11 5.46742e-11 3.70657e-11 2.34235e-11 1.38668e-11 7.72705e-12 4.07077e-12 2.0353e-12 9.68734e-13 4.39857e-13 1.90698e-13 7.89055e-14 3.10939e-14 1.16218e-14 4.0927e-15 1.34406e-15 4.05079e-16 1.0911e-16 2.50177e-17 4.38422e-18 4.17592e-19 0 
0 7.01191e-16 7.89436e-15 4.75523e-14 2.13715e-13 7.91763e-13 2.51963e-12 7.02438e-12 1.73315e-11 3.80585e-11 7.46279e-11 1.30971e-10 2.06116e-10 2.91459e-10 3.71166e-10 4.2685e-10 4.44747e-10 4.21427e-10 3.6472e-10 2.89647e-10 2.12153e-10 1.44077e-10 9.12084e-11 5.41096e-11 3.02341e-11 1.59839e-11 8.02621e-12 3.83949e-12 1.753e-12 7.64342e-13 3.17991e-13 1.2591e-13 4.72349e-14 1.66713e-14 5.47756e-15 1.64837e-15 4.42408e-16 1.00861e-16 1.75384e-17 1.65437e-18 0 
0 1.6907e-15 1.95844e-14 1.21478e-13 5.62344e-13 2.14526e-12 7.02438e-12 2.01261e-11 5.09577e-11 1.14621e-10 2.29759e-10 4.11299e-10 6.58759e-10 9.45892e-10 1.22049e-09 1.41926e-09 1.49258e-09 1.42538e-09 1.24179e-09 9.91973e-10 7.3056e-10 4.98863e-10 3.1766e-10 1.8968e-10 1.06763e-10 5.69059e-11 2.88317e-11 1.39233e-11 6.41824e-12 2.82454e-12 1.18506e-12 4.72575e-13 1.78235e-13 6.31105e-14 2.07535e-14 6.23509e-15 1.66645e-15 3.77403e-16 6.50405e-17 6.06771e-18 0 
0 3.64428e-15 4.33402e-14 2.76238e-13 1.31441e-12 5.15325e-12 1.73315e-11 5.09577e-11 1.32235e-10 3.04399e-10 6.23405e-10 1.13814e-09 1.85568e-09 2.70744e-09 3.54354e-09 4.17322e-09 4.43891e-09 4.28305e-09 3.76756e-09 3.03792e-09 2.25859e-09 1.55763e-09 1.00247e-09 6.05571e-10 3.45171e-10 1.86479e-10 9.58231e-11 4.69404e-11 2.19418e-11 9.78213e-12 4.15122e-12 1.67089e-12 6.34467e-13 2.25539e-13 7.42349e-14 2.22553e-14 5.91793e-15 1.32972e-15 2.2679e-16 2.08923e-17 0 
0 7.07366e-15 8.61553e-14 5.62858e-13 2.74623e-12 1.10401e-11 3.80585e-11 1.14621e-10 3.04399e-10 7.16314e-10 1.49778e-09 2.78809e-09 4.6286e-09 6.86699e-09 9.1281e-09 1.0907e-08 1.17616e-08 1.15001e-08 1.025e-08 8.37676e-09 6.31607e-09 4.42173e-09 2.89215e-09 1.77775e-09 1.03225e-09 5.68573e-10 2.97973e-10 1.48825e-10 7.08562e-11 3.21185e-11 1.38248e-11 5.6273e-12 2.1536e-12 7.68807e-13 2.53191e-13 7.56773e-14 1.99955e-14 4.45067e-15 7.49936e-16 6.80979e-17 0 
0 1.2422e-14 1.54523e-13 1.03189e-12 5.14862e-12 2.11691e-11 7.46279e-11 2.29759e-10 6.23405e-10 1.49778e-09 3.19495e-09 6.0622e-09 1.025e-08 1.54761e-08 2.09236e-08 2.54184e-08 2.78642e-08 2.77017e-08 2.51187e-08 2.09032e-08 1.60688e-08 1.1486e-08 7.68277e-09 4.83648e-09 2.87947e-09 1.62725e-09 8.74867e-10 4.47838e-10 2.18121e-10 1.00874e-10 4.41478e-11 1.81997e-11 7.02411e-12 2.51767e-12 8.28918e-13 2.46682e-13 6.46547e-14 1.42288e-14 2.36393e-15 2.11163e-16 0 
0 1.97999e-14 2.50814e-13 1.70697e-12 8.68446e-12 3.64203e-11 1.30971e-10 4.11299e-10 1.13814e-09 2.78809e-09 6.0622e-09 1.17215e-08 2.01913e-08 3.10562e-08 4.27759e-08 5.29574e-08 5.91979e-08 6.00704e-08 5.56685e-08 4.74232e-08 3.73892e-08 2.74657e-08 1.89167e-08 1.22823e-08 7.55004e-09 4.40651e-09 2.44495e-09 1.2893e-09 6.45051e-10 3.05282e-10 1.36114e-10 5.68814e-11 2.21388e-11 7.96115e-12 2.61675e-12 7.73924e-13 2.00785e-13 4.35905e-14 7.12408e-15 6.24627e-16 0 
0 2.87174e-14 3.69308e-13 2.5536e-12 1.32075e-11 5.63344e-11 2.06116e-10 6.58759e-10 1.85568e-09 4.6286e-09 1.025e-08 2.01913e-08 3.54507e-08 5.561e-08 7.81822e-08 9.89059e-08 1.13138e-07 1.17691e-07 1.12045e-07 9.82915e-08 8.00072e-08 6.08324e-08 4.34648e-08 2.93262e-08 1.87487e-08 1.13772e-08 6.5532e-09 3.57723e-09 1.84525e-09 8.95912e-10 4.07479e-10 1.72656e-10 6.77196e-11 2.43955e-11 7.98891e-12 2.34256e-12 6.00031e-13 1.28168e-13 2.05528e-14 1.76449e-15 0 
0 3.79817e-14 4.94337e-13 3.46191e-12 1.81472e-11 7.8499e-11 2.91459e-10 9.45892e-10 2.70744e-09 6.86699e-09 1.54761e-08 3.10562e-08 5.561e-08 8.90887e-08 1.28127e-07 1.66139e-07 1.95249e-07 2.09227e-07 2.05807e-07 1.87142e-07 1.5841e-07 1.25632e-07 9.38638e-08 6.6329e-08 4.44299e-08 2.8219e-08 1.69686e-08 9.63093e-09 5.13801e-09 2.5638e-09 1.19012e-09 5.10998e-10 2.01667e-10 7.26162e-11 2.36278e-11 6.84856e-12 1.72663e-12 3.61782e-13 5.67632e-14 4.75932e-15 0 
0 4.59042e-14 6.02792e-13 4.2623e-12 2.25764e-11 9.87613e-11 3.71166e-10 1.22049e-09 3.54354e-09 9.1281e-09 2.09236e-08 4.27759e-08 7.81822e-08 1.28127e-07 1.88981e-07 2.52044e-07 3.05665e-07 3.3924e-07 3.46963e-07 3.29364e-07 2.92185e-07 2.43688e-07 1.91956e-07 1.43203e-07 1.01244e-07 6.77355e-08 4.27434e-08 2.53217e-08 1.40049e-08 7.18898e-09 3.40472e-09 1.4791e-09 5.8592e-10 2.10235e-10 6.77339e-11 1.93374e-11 4.78166e-12 9.79531e-13 1.49912e-13 1.22422e-14 0 
0 5.08051e-14 6.71109e-13 4.777e-12 2.54935e-11 1.12479e-10 4.2685e-10 1.41926e-09 4.17322e-09 1.0907e-08 2.54184e-08 5.29574e-08 9.89059e-08 1.66139e-07 2.52044e-07 3.47095e-07 4.36509e-07 5.0471e-07 5.40385e-07 5.39594e-07 5.0577e-07 4.47337e-07 3.74619e-07 2.97383e-07 2.23493e-07 1.58458e-07 1.05428e-07 6.53982e-08 3.75588e-08 1.98342e-08 9.57052e-09 4.19592e-09 1.66266e-09 5.9212e-10 1.88102e-10 5.26714e-11 1.27234e-11 2.53892e-12 3.77795e-13 2.99647e-14 0 
0 5.16098e-14 6.8386e-13 4.88648e-12 2.62038e-11 1.16314e-10 4.44747e-10 1.49258e-09 4.43891e-09 1.17616e-08 2.78642e-08 5.91979e-08 1.13138e-07 1.95249e-07 3.05665e-07 4.36509e-07 5.72294e-07 6.93714e-07 7.83124e-07 8.29029e-07 8.27855e-07 7.83057e-07 7.02904e-07 5.98295e-07 4.81213e-07 3.63594e-07 2.56123e-07 1.66776e-07 9.95316e-08 5.40207e-08 2.64916e-08 1.16782e-08 4.60818e-09 1.62082e-09 5.05157e-10 1.38075e-10 3.24397e-11 6.28102e-12 9.05674e-13 6.9573e-14 0 
0 4.82403e-14 6.39541e-13 4.57564e-12 2.45956e-11 1.09596e-10 4.21427e-10 1.42538e-09 4.28305e-09 1.15001e-08 2.77017e-08 6.00704e-08 1.17691e-07 2.09227e-07 3.3924e-07 5.0471e-07 6.93714e-07 8.87321e-07 1.06384e-06 1.20334e-06 1.29062e-06 1.31621e-06 1.27639e-06 1.17342e-06 1.01653e-06 8.22761e-07 6.15849e-07 4.21718e-07 2.61502e-07 1.45576e-07 7.22885e-08 3.18843e-08 1.24582e-08 4.30219e-09 1.30791e-09 3.47093e-10 7.89368e-11 1.47699e-11 2.0568e-12 1.52618e-13 0 
0 4.16024e-14 5.50549e-13 3.93507e-12 2.11581e-11 9.4463e-11 3.6472e-10 1.24179e-09 3.76756e-09 1.025e-08 2.51187e-08 5.56685e-08 1.12045e-07 2.05807e-07 3.46963e-07 5.40385e-07 7.83124e-07 1.06384e-06 1.36422e-06 1.66115e-06 1.9282e-06 2.13627e-06 2.25446e-06 2.25383e-06 2.11565e-06 1.84318e-06 1.47072e-06 1.06041e-06 6.82546e-07 3.88518e-07 1.94395e-07 8.52587e-08 3.27611e-08 1.10309e-08 3.24985e-09 8.32485e-10 1.82356e-10 3.28388e-11 4.40226e-12 3.14749e-13 0 
0 3.31991e-14 4.37683e-13 3.11931e-12 1.6747e-11 7.48028e-11 2.89647e-10 9.91973e-10 3.03792e-09 8.37676e-09 2.09032e-08 4.74232e-08 9.82915e-08 1.87142e-07 3.29364e-07 5.39594e-07 8.29029e-07 1.20334e-06 1.66115e-06 2.19199e-06 2.77239e-06 3.35939e-06 3.88373e-06 4.24886e-06 4.34625e-06 4.09458e-06 3.49342e-06 2.65476e-06 1.77133e-06 1.02698e-06 5.14574e-07 2.22672e-07 8.34382e-08 2.71702e-08 7.70067e-09 1.89234e-09 3.97254e-10 6.85821e-11 8.82491e-12 6.06721e-13 0 
0 2.45916e-14 3.22454e-13 2.28793e-12 1.22487e-11 5.46742e-11 2.12153e-10 7.3056e-10 2.25859e-09 6.31607e-09 1.60688e-08 3.73892e-08 8.00072e-08 1.5841e-07 2.92185e-07 5.0577e-07 8.27855e-07 1.29062e-06 1.9282e-06 2.77239e-06 3.84181e-06 5.12017e-06 6.52155e-06 7.85207e-06 8.80045e-06 9.01035e-06 8.25675e-06 6.63733e-06 4.59826e-06 2.70949e-06 1.34969e-06 5.69634e-07 2.05426e-07 6.39232e-08 1.72665e-08 4.04246e-09 8.0928e-10 1.33477e-10 1.64479e-11 1.08585e-12 0 
0 1.69636e-14 2.20955e-13 1.55906e-12 8.31505e-12 3.70657e-11 1.44077e-10 4.98863e-10 1.55763e-09 4.42173e-09 1.1486e-08 2.74657e-08 6.08324e-08 1.25632e-07 2.43688e-07 4.47337e-07 7.83057e-07 1.31621e-06 2.13627e-06 3.35939e-06 5.12017e-06 7.53628e-06 1.06228e-05 1.41469e-05 1.74833e-05 1.96431e-05 1.96344e-05 1.70502e-05 1.25224e-05 7.58213e-06 3.73027e-06 1.49809e-06 5.02398e-07 1.44746e-07 3.64758e-08 8.04274e-09 1.52668e-09 2.39856e-10 2.82633e-11 1.79077e-12 0 
0 1.09341e-14 1.41351e-13 9.91125e-13 5.26327e-12 2.34235e-11 9.12084e-11 3.1766e-10 1.00247e-09 2.89215e-09 7.68277e-09 1.89167e-08 4.34648e-08 9.38638e-08 1.91956e-07 3.74619e-07 7.02904e-07 1.27639e-06 2.25446e-06 3.88373e-06 6.52155e-06 1.06228e-05 1.66196e-05 2.46225e-05 3.40293e-05 4.33074e-05 4.98676e-05 5.00666e-05 4.14157e-05 2.67181e-05 1.30177e-05 4.79602e-06 1.38893e-06 3.38815e-07 7.4252e-08 1.48682e-08 2.6411e-09 3.93864e-10 4.43598e-11 2.69928e-12 0 
0 6.60785e-15 8.4742e-14 5.90278e-13 3.12068e-12 1.38668e-11 5.41096e-11 1.8968e-10 6.05571e-10 1.77775e-09 4.83648e-09 1.22823e-08 2.93262e-08 6.6329e-08 1.43203e-07 2.97383e-07 5.98295e-07 1.17342e-06 2.25383e-06 4.24886e-06 7.85207e-06 1.41469e-05 2.46225e-05 4.11133e-05 6.61437e-05 0.000103032 0.000149691 0.00018521 0.000177322 0.000123189 6.01898e-05 2.05918e-05 5.06081e-06 9.60842e-07 1.60182e-07 2.62328e-08 4.17458e-09 5.84996e-10 6.29639e-11 3.68672e-12 0 
0 3.75665e-15 4.77878e-14 3.30692e-13 1.74092e-12 7.72705e-12 3.02341e-11 1.06763e-10 3.45171e-10 1.03225e-09 2.87947e-09 7.55004e-09 1.87487e-08 4.44299e-08 1.01244e-07 2.23493e-07 4.81213e-07 1.01653e-06 2.11565e-06 4.34625e-06 8.80045e-06 1.74833e-05 3.40293e-05 6.61437e-05 0.000133366 0.000273591 0.000505408 0.000733666 0.000768283 0.00055646 0.000273613 9.08245e-05 2.05117e-05 3.26368e-06 4.04481e-07 4.75242e-08 6.11315e-09 7.80113e-10 8.0028e-11 4.52305e-12 0 
0 2.01557e-15 2.54384e-14 1.74947e-13 9.17585e-13 4.07077e-12 1.59839e-11 5.69059e-11 1.86479e-10 5.68573e-10 1.62725e-09 4.40651e-09 1.13772e-08 2.8219e-08 6.77355e-08 1.58458e-07 3.63594e-07 8.22761e-07 1.84318e-06 4.09458e-06 9.01035e-06 1.96431e-05 4.33074e-05 0.000103032 0.000273591 0.000716133 0.00153886 0.00241699 0.00262877 0.00193503 0.000954369 0.000313843 6.88026e-05 1.01702e-05 1.06289e-06 9.14192e-08 8.54759e-09 9.3224e-10 9.02749e-11 4.94308e-12 0 
0 1.0236e-15 1.28238e-14 8.77037e-14 4.58627e-13 2.0353e-12 8.02621e-12 2.88317e-11 9.58231e-11 2.97973e-10 8.74867e-10 2.44495e-09 6.5532e-09 1.69686e-08 4.27434e-08 1.05428e-07 2.56123e-07 6.15849e-07 1.47072e-06 3.49342e-06 8.25675e-06 1.96344e-05 4.98676e-05 0.000149691 0.000505408 0.00153886 0.00356133 0.00578341 0.00637931 0.00471916 0.00232795 0.000762719 0.000165471 2.38098e-05 2.31598e-06 1.65932e-07 1.14028e-08 9.97624e-10 8.96855e-11 4.77621e-12 0 
0 4.93284e-16 6.13898e-15 4.1786e-14 2.18042e-13 9.68734e-13 3.83949e-12 1.39233e-11 4.69404e-11 1.48825e-10 4.47838e-10 1.2893e-09 3.57723e-09 9.63093e-09 2.53217e-08 6.53982e-08 1.66776e-07 4.21718e-07 1.06041e-06 2.65476e-06 6.63733e-06 1.70502e-05 5.00666e-05 0.00018521 0.000733666 0.00241699 0.00578341 0.00951775 0.0105505 0.00781519 0.00385293 0.00125981 0.000272134 3.87497e-05 3.66192e-06 2.4081e-07 1.34674e-08 9.42775e-10 7.78652e-11 4.05453e-12 0 
0 2.26023e-16 2.79664e-15 1.89624e-14 9.88186e-14 4.39857e-13 1.753e-12 6.41824e-12 2.19418e-11 7.08562e-11 2.18121e-10 6.45051e-10 1.84525e-09 5.13801e-09 1.40049e-08 3.75588e-08 9.95316e-08 2.61502e-07 6.82546e-07 1.77133e-06 4.59826e-06 1.25224e-05 4.14157e-05 0.000177322 0.000768283 0.00262877 0.00637931 0.0105505 0.0117148 0.00868064 0.00427768 0.00139709 0.000301162 4.26933e-05 3.98706e-06 2.52671e-07 1.26941e-08 7.59542e-10 5.85324e-11 3.009e-12 0 
0 9.85861e-17 1.21389e-15 8.20607e-15 4.27408e-14 1.90698e-13 7.64342e-13 2.82454e-12 9.78213e-12 3.21185e-11 1.00874e-10 3.05282e-10 8.95912e-10 2.5638e-09 7.18898e-09 1.98342e-08 5.40207e-08 1.45576e-07 3.88518e-07 1.02698e-06 2.70949e-06 7.58213e-06 2.67181e-05 0.000123189 0.00055646 0.00193503 0.00471916 0.00781519 0.00868064 0.00643234 0.00316887 0.00103429 0.000222725 3.15189e-05 2.93131e-06 1.83466e-07 8.88199e-09 5.0108e-10 3.77499e-11 1.94583e-12 0 
0 4.09418e-17 5.02091e-16 3.38664e-15 1.76391e-14 7.89055e-14 3.17991e-13 1.18506e-12 4.15122e-12 1.38248e-11 4.41478e-11 1.36114e-10 4.07479e-10 1.19012e-09 3.40472e-09 9.57052e-09 2.64916e-08 7.22885e-08 1.94395e-07 5.14574e-07 1.34969e-06 3.73027e-06 1.30177e-05 6.01898e-05 0.000273613 0.000954369 0.00232795 0.00385293 0.00427768 0.00316887 0.00156068 0.000509188 0.000109614 1.55119e-05 1.44386e-06 9.07749e-08 4.48379e-09 2.65474e-10 2.08074e-11 1.09516e-12 0 
0 1.61699e-17 1.97647e-16 1.33091e-15 6.93387e-15 3.10939e-14 1.2591e-13 4.72575e-13 1.67089e-12 5.6273e-12 1.81997e-11 5.68814e-11 1.72656e-10 5.10998e-10 1.4791e-09 4.19592e-09 1.16782e-08 3.18843e-08 8.52587e-08 2.22672e-07 5.69634e-07 1.49809e-06 4.79602e-06 2.05918e-05 9.08245e-05 0.000313843 0.000762719 0.00125981 0.00139709 0.00103429 0.000509188 0.000166108 3.57758e-05 5.07293e-06 4.75408e-07 3.06526e-08 1.65362e-09 1.14605e-10 9.84418e-12 5.36886e-13 0 
0 6.05567e-18 7.3815e-17 4.9637e-16 2.58659e-15 1.16218e-14 4.72349e-14 1.78235e-13 6.34467e-13 2.1536e-12 7.02411e-12 2.21388e-11 6.77196e-11 2.01667e-10 5.8592e-10 1.66266e-09 4.60818e-09 1.24582e-08 3.27611e-08 8.34382e-08 2.05426e-07 5.02398e-07 1.38893e-06 5.06081e-06 2.05117e-05 6.88026e-05 0.000165471 0.000272134 0.000301162 0.000222725 0.000109614 3.57758e-05 7.72081e-06 1.10131e-06 1.05168e-07 7.24114e-09 4.73233e-10 4.19974e-11 4.0337e-12 2.29641e-13 0 
0 2.13892e-18 2.60072e-17 1.74643e-16 9.09912e-16 4.0927e-15 1.66713e-14 6.31105e-14 2.25539e-13 7.68807e-13 2.51767e-12 7.96115e-12 2.43955e-11 7.26162e-11 2.10235e-10 5.9212e-10 1.62082e-09 4.30219e-09 1.10309e-08 2.71702e-08 6.39232e-08 1.44746e-07 3.38815e-07 9.60842e-07 3.26368e-06 1.01702e-05 2.38098e-05 3.87497e-05 4.26933e-05 3.15189e-05 1.55119e-05 5.07293e-06 1.10131e-06 1.59717e-07 1.60459e-08 1.29285e-09 1.17205e-10 1.35914e-11 1.44105e-12 8.57762e-14 0 
0 7.06131e-19 8.56433e-18 5.74129e-17 2.98861e-16 1.34406e-15 5.47756e-15 2.07535e-14 7.42349e-14 2.53191e-13 8.28918e-13 2.61675e-12 7.98891e-12 2.36278e-11 6.77339e-11 1.88102e-10 5.05157e-10 1.30791e-09 3.24985e-09 7.70067e-09 1.72665e-08 3.64758e-08 7.4252e-08 1.60182e-07 4.04481e-07 1.06289e-06 2.31598e-06 3.66192e-06 3.98706e-06 2.93131e-06 1.44386e-06 4.75408e-07 1.05168e-07 1.60459e-08 1.85597e-09 2.06725e-10 2.77398e-11 3.93067e-12 4.48948e-13 2.79295e-14 0 
0 2.1467e-19 2.59631e-18 1.73643e-17 9.02167e-17 4.05079e-16 1.64837e-15 6.23509e-15 2.22553e-14 7.56773e-14 2.46682e-13 7.73924e-13 2.34256e-12 6.84856e-12 1.93374e-11 5.26714e-11 1.38075e-10 3.47093e-10 8.32485e-10 1.89234e-09 4.04246e-09 8.04274e-09 1.48682e-08 2.62328e-08 4.75242e-08 9.14192e-08 1.65932e-07 2.4081e-07 2.52671e-07 1.83466e-07 9.07749e-08 3.06526e-08 7.24114e-09 1.29285e-09 2.06725e-10 3.53509e-11 6.29887e-12 1.00133e-12 1.21109e-13 7.87216e-15 0 
0 5.85827e-20 7.06123e-19 4.7074e-18 2.43801e-17 1.0911e-16 4.42408e-16 1.66645e-15 5.91793e-15 1.99955e-14 6.46547e-14 2.00785e-13 6.00031e-13 1.72663e-12 4.78166e-12 1.27234e-11 3.24397e-11 7.89368e-11 1.82356e-10 3.97254e-10 8.0928e-10 1.52668e-09 2.6411e-09 4.17458e-09 6.11315e-09 8.54759e-09 1.14028e-08 1.34674e-08 1.26941e-08 8.88199e-09 4.48379e-09 1.65362e-09 4.73233e-10 1.17205e-10 2.77398e-11 6.29887e-12 1.28522e-12 2.18728e-13 2.78012e-14 1.88773e-15 0 
0 1.36786e-20 1.64182e-19 1.0898e-18 5.61829e-18 2.50177e-17 1.00861e-16 3.77403e-16 1.32972e-15 4.45067e-15 1.42288e-14 4.35905e-14 1.28168e-13 3.61782e-13 9.79531e-13 2.53892e-12 6.28102e-12 1.47699e-11 3.28388e-11 6.85821e-11 1.33477e-10 2.39856e-10 3.93864e-10 5.84996e-10 7.80113e-10 9.3224e-10 9.97624e-10 9.42775e-10 7.59542e-10 5.0108e-10 2.65474e-10 1.14605e-10 4.19974e-11 1.35914e-11 3.93067e-12 1.00133e-12 2.18728e-13 3.92115e-14 5.22087e-15 3.70096e-16 0 
0 2.45468e-21 2.93102e-20 1.93471e-19 9.91331e-19 4.38422e-18 1.75384e-17 6.50405e-17 2.2679e-16 7.49936e-16 2.36393e-15 7.12408e-15 2.05528e-14 5.67632e-14 1.49912e-13 3.77795e-13 9.05674e-13 2.0568e-12 4.40226e-12 8.82491e-12 1.64479e-11 2.82633e-11 4.43598e-11 6.29639e-11 8.0028e-11 9.02749e-11 8.96855e-11 7.78652e-11 5.85324e-11 3.77499e-11 2.08074e-11 9.84418e-12 4.0337e-12 1.44105e-12 4.48948e-13 1.21109e-13 2.78012e-14 5.22087e-15 7.26557e-16 5.37072e-17 0 
0 2.40803e-22 2.85718e-21 1.87297e-20 9.52376e-20 4.17592e-19 1.65437e-18 6.06771e-18 2.08923e-17 6.80979e-17 2.11163e-16 6.24627e-16 1.76449e-15 4.75932e-15 1.22422e-14 2.99647e-14 6.9573e-14 1.52618e-13 3.14749e-13 6.06721e-13 1.08585e-12 1.79077e-12 2.69928e-12 3.68672e-12 4.52305e-12 4.94308e-12 4.77621e-12 4.05453e-12 3.009e-12 1.94583e-12 1.09516e-12 5.36886e-13 2.29641e-13 8.57762e-14 2.79295e-14 7.87216e-15 1.88773e-15 3.70096e-16 5.37072e-17 4.13322e-18 0 
0 0 0 0 0 0 0 0 0 0 0 0 0 0 0 0 0 0 0 0 0 0 0 0 0 0 0 0 0 0 0 0 0 0 0 0 0 0 0 0 0 
