0 0 0 0 0 0 0 0 0 0 0 0 0 0 0 0 0 0 0 0 0 0 0 0 0 0 0 0 0 0 0 0 0 0 0 0 0 0 0 0 0 
0 1.48825e-07 1.35147e-06 6.18302e-06 1.97807e-05 4.90873e-05 9.97372e-05 0.0001725 0.000262139 0.000359174 0.000452782 0.000533154 0.000592803 0.000627048 0.000634014 0.000614402 0.000571139 0.00050895 0.000433859 0.000352606 0.000271955 0.000197932 0.000135069 8.58344e-05 5.04615e-05 2.72845e-05 1.35077e-05 6.10554e-06 2.51677e-06 9.46252e-07 3.24778e-07 1.01849e-07 2.91838e-08 7.62778e-09 1.80974e-09 3.85712e-10 7.23186e-11 1.14213e-11 1.37079e-12 8.92978e-14 0 
0 1.35147e-06 1.26824e-05 5.86027e-05 0.000183415 0.000431364 0.000812595 0.00129295 0.00181568 0.00232595 0.00278105 0.00315068 0.00341491 0.00356267 0.00359092 0.00350391 0.00331225 0.00303167 0.0026817 0.00228461 0.0018646 0.00144714 0.00105795 0.00072042 0.000451573 0.000257701 0.000132766 6.14625e-05 2.55495e-05 9.55955e-06 3.23215e-06 9.91425e-07 2.76633e-07 7.0234e-08 1.61697e-08 3.34403e-09 6.08775e-10 9.34525e-11 1.09171e-11 6.93246e-13 0 
0 6.18302e-06 5.86027e-05 0.0002627 0.00076094 0.00160481 0.00270139 0.00390937 0.00511746 0.00624726 0.00723735 0.00803715 0.00860816 0.00892675 0.0089858 0.00879452 0.00837659 0.00776685 0.0070073 0.00614276 0.00521719 0.00427148 0.00334378 0.00247238 0.00169854 0.00106353 0.000595665 0.000294357 0.000127648 4.87143e-05 1.64925e-05 4.99947e-06 1.36713e-06 3.38552e-07 7.58487e-08 1.52534e-08 2.70097e-09 4.03651e-10 4.59645e-11 2.84924e-12 0 
0 1.97807e-05 0.000183415 0.00076094 0.00195447 0.00365406 0.00562464 0.00770147 0.00976837 0.0117152 0.0134344 0.0148304 0.01583 0.0163881 0.0164905 0.0161531 0.0154185 0.01435 0.0130247 0.0115252 0.00993257 0.00831925 0.00674441 0.0052527 0.00387943 0.00266274 0.00165347 0.000902905 0.000424642 0.000170962 5.94023e-05 1.80857e-05 4.89657e-06 1.19051e-06 2.60721e-07 5.11561e-08 8.83454e-09 1.28831e-09 1.43294e-10 8.68722e-12 0 
0 4.90873e-05 0.000431364 0.00160481 0.00365406 0.00627473 0.00922942 0.0123624 0.0155086 0.0184881 0.0211264 0.0232718 0.0248089 0.0256671 0.0258239 0.0253039 0.0241729 0.0225293 0.0204929 0.0181931 0.0157578 0.0133032 0.0109262 0.00869849 0.00666466 0.00484795 0.00326985 0.00197596 0.00103008 0.000451178 0.000165472 5.16428e-05 1.40279e-05 3.37706e-06 7.27095e-07 1.39779e-07 2.36221e-08 3.3708e-09 3.67117e-10 2.1816e-11 0 
0 9.97372e-05 0.000812595 0.00270139 0.00562464 0.00922942 0.0133155 0.0176803 0.0220785 0.0262499 0.029946 0.0329526 0.0351071 0.03631 0.0365296 0.0358002 0.0342145 0.0319107 0.0290573 0.0258366 0.0224291 0.019 0.0156886 0.0126015 0.00980807 0.00733997 0.0051992 0.00338672 0.00194318 0.000938215 0.000371456 0.000121306 3.35468e-05 8.07342e-06 1.71992e-06 3.25482e-07 5.40262e-08 7.5676e-09 8.09262e-10 4.7255e-11 0 
0 0.0001725 0.00129295 0.00390937 0.00770147 0.0123624 0.0176803 0.0233769 0.029123 0.034575 0.039407 0.0433381 0.0461559 0.0477297 0.0480172 0.0470631 0.0449892 0.041977 0.038247 0.0340377 0.0295858 0.0251082 0.0207887 0.0167696 0.0131469 0.00996981 0.00724228 0.00493781 0.00304289 0.00160673 0.000692826 0.000240418 6.86048e-05 1.66617e-05 3.53491e-06 6.61649e-07 1.08284e-07 1.49371e-08 1.5729e-09 9.04825e-11 0 
0 0.000262139 0.00181568 0.00511746 0.00976837 0.0155086 0.0220785 0.029123 0.036231 0.0429764 0.0489558 0.0538262 0.0573309 0.0593008 0.0596628 0.0584667 0.0558803 0.0521425 0.047525 0.0423176 0.0368111 0.0312742 0.0259352 0.0209714 0.0165045 0.0126006 0.00927216 0.006485 0.00418635 0.00237039 0.00110719 0.000410837 0.000122121 3.01674e-05 6.41087e-06 1.19211e-06 1.93061e-07 2.63104e-08 2.73591e-09 1.55452e-10 0 
0 0.000359174 0.00232595 0.00624726 0.0117152 0.0184881 0.0262499 0.034575 0.0429764 0.0509507 0.0580316 0.063844 0.0680913 0.070514 0.0709642 0.0694902 0.0663303 0.0618324 0.0563421 0.0501809 0.0436727 0.0371297 0.0308219 0.0249597 0.0196885 0.0150889 0.0111816 0.00793217 0.00526787 0.00313294 0.001563 0.00061836 0.000192194 4.85382e-05 1.03779e-05 1.92432e-06 3.09396e-07 4.17797e-08 4.30198e-09 2.42041e-10 0 
0 0.000452782 0.00278105 0.00723735 0.0134344 0.0211264 0.029946 0.039407 0.0489558 0.0580316 0.0661473 0.0728896 0.0777952 0.0805144 0.0810156 0.0793906 0.0757833 0.0705512 0.0642055 0.0571638 0.0497609 0.0423252 0.0351578 0.0284981 0.0225121 0.0172932 0.0128679 0.00920314 0.00621681 0.00381951 0.00200218 0.00083666 0.000271385 7.01851e-05 1.51377e-05 2.80672e-06 4.49252e-07 6.0272e-08 6.16103e-09 3.4407e-10 0 
0 0.000533154 0.00315068 0.00803715 0.0148304 0.0232718 0.0329526 0.0433381 0.0538262 0.063844 0.0728896 0.0802796 0.0852941 0.0878897 0.0883656 0.0868563 0.0833061 0.0777492 0.0707056 0.0628815 0.0547255 0.0465595 0.0386919 0.0313824 0.0248136 0.0190891 0.01424 0.0102336 0.00698354 0.00438018 0.00237675 0.00103609 0.000348487 9.21351e-05 2.00601e-05 3.7256e-06 5.94949e-07 7.9486e-08 8.085e-09 4.492e-10 0 
0 0.000592803 0.00341491 0.00860816 0.01583 0.0248089 0.0351071 0.0461559 0.0573309 0.0680913 0.0777952 0.0852941 0.0900156 0.0923864 0.0928274 0.0914693 0.088199 0.0827951 0.0754479 0.0670366 0.0583023 0.0496043 0.0412335 0.0334573 0.0264698 0.0203817 0.0152272 0.0109741 0.00753337 0.00478424 0.00265417 0.00119143 0.000411729 0.000110798 2.43268e-05 4.52908e-06 7.22766e-07 9.63542e-08 9.77352e-09 5.41405e-10 0 
0 0.000627048 0.00356267 0.00892675 0.0163881 0.0256671 0.03631 0.0477297 0.0593008 0.070514 0.0805144 0.0878897 0.0923864 0.0946346 0.0950587 0.0937807 0.0906849 0.0854817 0.0781168 0.069402 0.060322 0.051319 0.0426657 0.0346277 0.027405 0.0211127 0.0157865 0.0113944 0.0078461 0.0050157 0.00281659 0.00128592 0.00045182 0.000123005 2.71738e-05 5.07185e-06 8.09847e-07 1.07926e-07 1.09394e-08 6.055e-10 0 
0 0.000634014 0.00359092 0.0089858 0.0164905 0.0258239 0.0365296 0.0480172 0.0596628 0.0709642 0.0810156 0.0883656 0.0928274 0.0950587 0.0954819 0.0942182 0.0911526 0.0859887 0.0786313 0.0698639 0.0607176 0.0516569 0.0429506 0.0348631 0.0275957 0.021264 0.0159047 0.0114857 0.00791684 0.00507116 0.00285852 0.00131235 0.000463881 0.000126905 2.81297e-05 5.26222e-06 8.41675e-07 1.12332e-07 1.14021e-08 6.32051e-10 0 
0 0.000614402 0.00350391 0.00879452 0.0161531 0.0253039 0.0358002 0.0470631 0.0584667 0.0694902 0.0793906 0.0868563 0.0914693 0.0937807 0.0942182 0.092909 0.0897388 0.0844422 0.0770678 0.0684739 0.0595404 0.0506652 0.0421282 0.0341965 0.0270682 0.0208569 0.0155985 0.0112612 0.00775602 0.00495872 0.00278509 0.00127261 0.00044811 0.000122415 2.71567e-05 5.09177e-06 8.16932e-07 1.0942e-07 1.11502e-08 6.20696e-10 0 
0 0.000571139 0.00331225 0.00837659 0.0154185 0.0241729 0.0342145 0.0449892 0.0558803 0.0663303 0.0757833 0.0833061 0.088199 0.0906849 0.0911526 0.0897388 0.0863486 0.0808542 0.0736084 0.0654421 0.0569523 0.0484737 0.0403065 0.0327165 0.025894 0.0199476 0.0149114 0.0107539 0.0073883 0.00469714 0.00261089 0.00117674 0.00040944 0.000111168 2.46502e-05 4.63682e-06 7.47914e-07 1.00831e-07 1.03498e-08 5.8064e-10 0 
0 0.00050895 0.00303167 0.00776685 0.01435 0.0225293 0.0319107 0.041977 0.0521425 0.0618324 0.0705512 0.0777492 0.0827951 0.0854817 0.0859887 0.0844422 0.0808542 0.0753956 0.0686094 0.0610764 0.0531896 0.0452768 0.0376476 0.030556 0.0241799 0.0186204 0.0139086 0.0100132 0.0068508 0.00431529 0.00235967 0.00104188 0.000356487 9.60526e-05 2.13155e-05 4.03459e-06 6.56841e-07 8.95307e-08 9.30065e-09 5.28376e-10 0 
0 0.000433859 0.0026817 0.0070073 0.0130247 0.0204929 0.0290573 0.038247 0.047525 0.0563421 0.0642055 0.0707056 0.0754479 0.0781168 0.0786313 0.0770678 0.0736084 0.0686094 0.0625141 0.0557066 0.0485284 0.0413108 0.0343495 0.0278775 0.0220568 0.016979 0.0126708 0.00910114 0.00619151 0.00385255 0.00206456 0.000890986 0.00030008 8.05487e-05 1.79882e-05 3.44762e-06 5.70195e-07 7.90791e-08 8.36358e-09 4.83736e-10 0 
0 0.000352606 0.00228461 0.00614276 0.0115252 0.0181931 0.0258366 0.0340377 0.0423176 0.0501809 0.0571638 0.0628815 0.0670366 0.069402 0.0698639 0.0684739 0.0654421 0.0610764 0.0557066 0.0496601 0.0432652 0.036832 0.030627 0.0248576 0.0196675 0.0151372 0.011288 0.00808902 0.00546925 0.00336077 0.0017688 0.000751169 0.0002517 6.81093e-05 1.54769e-05 3.03248e-06 5.13533e-07 7.29111e-08 7.88505e-09 4.65531e-10 0 
0 0.000271955 0.0018646 0.00521719 0.00993257 0.0157578 0.0224291 0.0295858 0.0368111 0.0436727 0.0497609 0.0547255 0.0583023 0.060322 0.0607176 0.0595404 0.0569523 0.0531896 0.0485284 0.0432652 0.0376962 0.0320949 0.0266933 0.0216719 0.0171548 0.0132102 0.00985402 0.00705612 0.00475654 0.00290779 0.00152543 0.000651507 0.000222292 6.1809e-05 1.44791e-05 2.92178e-06 5.08042e-07 7.37865e-08 8.13142e-09 4.8741e-10 0 
0 0.000197932 0.00144714 0.00427148 0.00831925 0.0133032 0.019 0.0251082 0.0312742 0.0371297 0.0423252 0.0465595 0.0496043 0.051319 0.0516569 0.0506652 0.0484737 0.0452768 0.0413108 0.036832 0.0320949 0.0273329 0.0227441 0.0184819 0.0146511 0.0113086 0.00846612 0.00609627 0.0041479 0.0025789 0.00139291 0.000620108 0.000221629 6.42742e-05 1.55615e-05 3.21508e-06 5.67899e-07 8.32792e-08 9.22376e-09 5.53728e-10 0 
0 0.000135069 0.00105795 0.00334378 0.00674441 0.0109262 0.0156886 0.0207887 0.0259352 0.0308219 0.0351578 0.0386919 0.0412335 0.0426657 0.0429506 0.0421282 0.0403065 0.0376476 0.0343495 0.030627 0.0266933 0.0227441 0.0189452 0.0154255 0.0122753 0.00954961 0.00726374 0.00537791 0.00380823 0.00249089 0.00143124 0.000681588 0.000258068 7.76426e-05 1.91112e-05 3.95936e-06 6.95716e-07 1.01049e-07 1.106e-08 6.55407e-10 0 
0 8.58344e-05 0.00072042 0.00247238 0.0052527 0.00869849 0.0126015 0.0167696 0.0209714 0.0249597 0.0284981 0.0313824 0.0334573 0.0346277 0.0348631 0.0341965 0.0327165 0.030556 0.0278775 0.0248576 0.0216719 0.0184819 0.0154255 0.012616 0.0101574 0.0081639 0.00669245 0.00556802 0.00441756 0.00308872 0.001823 0.000887467 0.000343432 0.000103799 2.51963e-05 5.10236e-06 8.74364e-07 1.23882e-07 1.32416e-08 7.67498e-10 0 
0 5.04615e-05 0.000451573 0.00169854 0.00387943 0.00666466 0.00980807 0.0131469 0.0165045 0.0196885 0.0225121 0.0248136 0.0264698 0.027405 0.0275957 0.0270682 0.025894 0.0241799 0.0220568 0.0196675 0.0171548 0.0146511 0.0122753 0.0101574 0.00853937 0.00788547 0.00853321 0.00965128 0.00929623 0.00677504 0.00365969 0.00153778 0.00052965 0.000147939 3.36086e-05 6.44673e-06 1.05975e-06 1.45209e-07 1.50821e-08 8.5235e-10 0 
0 2.72845e-05 0.000257701 0.00106353 0.00266274 0.00484795 0.00733997 0.00996981 0.0126006 0.0150889 0.0172932 0.0190891 0.0203817 0.0211127 0.021264 0.0208569 0.0199476 0.0186204 0.016979 0.0151372 0.0132102 0.0113086 0.00954961 0.0081639 0.00788547 0.0104469 0.0172324 0.0251576 0.0271417 0.019824 0.0100305 0.0035823 0.000984628 0.00022629 4.4349e-05 7.67759e-06 1.18672e-06 1.56487e-07 1.57957e-08 8.71678e-10 0 
0 1.35077e-05 0.000132766 0.000595665 0.00165347 0.00326985 0.0051992 0.00724228 0.00927216 0.0111816 0.0128679 0.01424 0.0152272 0.0157865 0.0159047 0.0155985 0.0149114 0.0139086 0.0126708 0.011288 0.00985402 0.00846612 0.00726374 0.00669245 0.00853321 0.0172324 0.0362943 0.0639234 0.0726499 0.0487918 0.0233545 0.00785637 0.00187514 0.000352374 5.67101e-05 8.42509e-06 1.19431e-06 1.50986e-07 1.48637e-08 8.04754e-10 0 
0 6.10554e-06 6.14625e-05 0.000294357 0.000902905 0.00197596 0.00338672 0.00493781 0.006485 0.00793217 0.00920314 0.0102336 0.0109741 0.0113944 0.0114857 0.0112612 0.0107539 0.0100132 0.00910114 0.00808902 0.00705612 0.00609627 0.00537791 0.00556802 0.00965128 0.0251576 0.0639234 0.0872285 0.089821 0.0811102 0.0403469 0.0126632 0.00286395 0.000478006 6.52712e-05 8.24502e-06 1.05643e-06 1.28004e-07 1.23684e-08 6.61678e-10 0 
0 2.51677e-06 2.55495e-05 0.000127648 0.000424642 0.00103008 0.00194318 0.00304289 0.00418635 0.00526787 0.00621681 0.00698354 0.00753337 0.0078461 0.00791684 0.00775602 0.0073883 0.0068508 0.00619151 0.00546925 0.00475654 0.0041479 0.00380823 0.00441756 0.00929623 0.0271417 0.0726499 0.089821 0.0919078 0.0851596 0.0479189 0.0139608 0.00310214 0.00049156 6.0862e-05 6.81245e-06 8.01352e-07 9.40046e-08 9.0034e-09 4.80114e-10 0 
0 9.46252e-07 9.55955e-06 4.87143e-05 0.000170962 0.000451178 0.000938215 0.00160673 0.00237039 0.00313294 0.00381951 0.00438018 0.00478424 0.0050157 0.00507116 0.00495872 0.00469714 0.00431529 0.00385255 0.00336077 0.00290779 0.0025789 0.00249089 0.00308872 0.00677504 0.019824 0.0487918 0.0811102 0.0851596 0.0690649 0.0315473 0.0103398 0.00229162 0.000357646 4.24748e-05 4.49283e-06 5.08618e-07 5.91878e-08 5.69518e-09 3.057e-10 0 
0 3.24778e-07 3.23215e-06 1.64925e-05 5.94023e-05 0.000165472 0.000371456 0.000692826 0.00110719 0.001563 0.00200218 0.00237675 0.00265417 0.00281659 0.00285852 0.00278509 0.00261089 0.00235967 0.00206456 0.0017688 0.00152543 0.00139291 0.00143124 0.001823 0.00365969 0.0100305 0.0233545 0.0403469 0.0479189 0.0315473 0.0155372 0.0051237 0.0011446 0.000179849 2.14058e-05 2.29397e-06 2.66542e-07 3.18038e-08 3.12139e-09 1.70314e-10 0 
0 1.01849e-07 9.91425e-07 4.99947e-06 1.80857e-05 5.16428e-05 0.000121306 0.000240418 0.000410837 0.00061836 0.00083666 0.00103609 0.00119143 0.00128592 0.00131235 0.00127261 0.00117674 0.00104188 0.000890986 0.000751169 0.000651507 0.000620108 0.000681588 0.000887467 0.00153778 0.0035823 0.00785637 0.0126632 0.0139608 0.0103398 0.0051237 0.00170632 0.000388483 6.26154e-05 7.81664e-06 9.13716e-07 1.16029e-07 1.46173e-08 1.48259e-09 8.29557e-11 0 
0 2.91838e-08 2.76633e-07 1.36713e-06 4.89657e-06 1.40279e-05 3.35468e-05 6.86048e-05 0.000122121 0.000192194 0.000271385 0.000348487 0.000411729 0.00045182 0.000463881 0.00044811 0.00040944 0.000356487 0.00030008 0.0002517 0.000222292 0.000221629 0.000258068 0.000343432 0.00052965 0.000984628 0.00187514 0.00286395 0.00310214 0.00229162 0.0011446 0.000388483 9.1175e-05 1.55224e-05 2.16385e-06 2.96755e-07 4.28538e-08 5.78485e-09 6.11508e-10 3.5333e-11 0 
0 7.62778e-09 7.0234e-08 3.38552e-07 1.19051e-06 3.37706e-06 8.07342e-06 1.66617e-05 3.01674e-05 4.85382e-05 7.01851e-05 9.21351e-05 0.000110798 0.000123005 0.000126905 0.000122415 0.000111168 9.60526e-05 8.05487e-05 6.81093e-05 6.1809e-05 6.42742e-05 7.76426e-05 0.000103799 0.000147939 0.00022629 0.000352374 0.000478006 0.00049156 0.000357646 0.000179849 6.26154e-05 1.55224e-05 2.95708e-06 4.97386e-07 8.34452e-08 1.37202e-08 1.98376e-09 2.19432e-10 1.31589e-11 0 
0 1.80974e-09 1.61697e-08 7.58487e-08 2.60721e-07 7.27095e-07 1.71992e-06 3.53491e-06 6.41087e-06 1.03779e-05 1.51377e-05 2.00601e-05 2.43268e-05 2.71738e-05 2.81297e-05 2.71567e-05 2.46502e-05 2.13155e-05 1.79882e-05 1.54769e-05 1.44791e-05 1.55615e-05 1.91112e-05 2.51963e-05 3.36086e-05 4.4349e-05 5.67101e-05 6.52712e-05 6.0862e-05 4.24748e-05 2.14058e-05 7.81664e-06 2.16385e-06 4.97386e-07 1.05062e-07 2.10855e-08 3.84172e-09 5.90683e-10 6.84714e-11 4.27567e-12 0 
0 3.85712e-10 3.34403e-09 1.52534e-08 5.11561e-08 1.39779e-07 3.25482e-07 6.61649e-07 1.19211e-06 1.92432e-06 2.80672e-06 3.7256e-06 4.52908e-06 5.07185e-06 5.26222e-06 5.09177e-06 4.63682e-06 4.03459e-06 3.44762e-06 3.03248e-06 2.92178e-06 3.21508e-06 3.95936e-06 5.10236e-06 6.44673e-06 7.67759e-06 8.42509e-06 8.24502e-06 6.81245e-06 4.49283e-06 2.29397e-06 9.13716e-07 2.96755e-07 8.34452e-08 2.10855e-08 4.76707e-09 9.35746e-10 1.52023e-10 1.84735e-11 1.20342e-12 0 
0 7.23186e-11 6.08775e-10 2.70097e-09 8.83454e-09 2.36221e-08 5.40262e-08 1.08284e-07 1.93061e-07 3.09396e-07 4.49252e-07 5.94949e-07 7.22766e-07 8.09847e-07 8.41675e-07 8.16932e-07 7.47914e-07 6.56841e-07 5.70195e-07 5.13533e-07 5.08042e-07 5.67899e-07 6.95716e-07 8.74364e-07 1.05975e-06 1.18672e-06 1.19431e-06 1.05643e-06 8.01352e-07 5.08618e-07 2.66542e-07 1.16029e-07 4.28538e-08 1.37202e-08 3.84172e-09 9.35746e-10 1.94756e-10 3.33009e-11 4.24018e-12 2.88335e-13 0 
0 1.14213e-11 9.34525e-11 4.03651e-10 1.28831e-09 3.3708e-09 7.5676e-09 1.49371e-08 2.63104e-08 4.17797e-08 6.0272e-08 7.9486e-08 9.63542e-08 1.07926e-07 1.12332e-07 1.0942e-07 1.00831e-07 8.95307e-08 7.90791e-08 7.29111e-08 7.37865e-08 8.32792e-08 1.01049e-07 1.23882e-07 1.45209e-07 1.56487e-07 1.50986e-07 1.28004e-07 9.40046e-08 5.91878e-08 3.18038e-08 1.46173e-08 5.78485e-09 1.98376e-09 5.90683e-10 1.52023e-10 3.33009e-11 5.97589e-12 7.96349e-13 5.65077e-14 0 
0 1.37079e-12 1.09171e-11 4.59645e-11 1.43294e-10 3.67117e-10 8.09262e-10 1.5729e-09 2.73591e-09 4.30198e-09 6.16103e-09 8.085e-09 9.77352e-09 1.09394e-08 1.14021e-08 1.11502e-08 1.03498e-08 9.30065e-09 8.36358e-09 7.88505e-09 8.13142e-09 9.22376e-09 1.106e-08 1.32416e-08 1.50821e-08 1.57957e-08 1.48637e-08 1.23684e-08 9.0034e-09 5.69518e-09 3.12139e-09 1.48259e-09 6.11508e-10 2.19432e-10 6.84714e-11 1.84735e-11 4.24018e-12 7.96349e-13 1.10864e-13 8.20013e-15 0 
0 8.92978e-14 6.93246e-13 2.84924e-12 8.68722e-12 2.1816e-11 4.7255e-11 9.04825e-11 1.55452e-10 2.42041e-10 3.4407e-10 4.492e-10 5.41405e-10 6.055e-10 6.32051e-10 6.20696e-10 5.8064e-10 5.28376e-10 4.83736e-10 4.65531e-10 4.8741e-10 5.53728e-10 6.55407e-10 7.67498e-10 8.5235e-10 8.71678e-10 8.04754e-10 6.61678e-10 4.80114e-10 3.057e-10 1.70314e-10 8.29557e-11 3.5333e-11 1.31589e-11 4.27567e-12 1.20342e-12 2.88335e-13 5.65077e-14 8.20013e-15 6.31242e-16 0 
0 0 0 0 0 0 0 0 0 0 0 0 0 0 0 0 0 0 0 0 0 0 0 0 0 0 0 0 0 0 0 0 0 0 0 0 0 0 0 0 0 
