0 0 0 0 0 0 0 0 0 0 0 0 0 0 0 0 0 0 0 0 0 0 0 0 0 0 0 0 0 0 0 0 0 0 0 0 0 0 0 0 0 
0 6.87569e-08 6.30583e-07 2.94277e-06 9.70713e-06 2.50612e-05 5.32408e-05 9.63117e-05 0.000152542 0.00021655 0.000280873 0.000337874 0.000381184 0.00040651 0.000411912 0.000397735 0.000366331 0.000321634 0.000268621 0.00021268 0.000158912 0.000111457 7.29533e-05 4.43041e-05 2.48321e-05 1.27916e-05 6.03892e-06 2.60935e-06 1.03186e-06 3.73733e-07 1.24117e-07 3.7824e-08 1.05751e-08 2.70698e-09 6.31081e-10 1.32548e-10 2.45519e-11 3.83876e-12 4.56937e-13 2.95639e-14 0 
0 6.30583e-07 6.00411e-06 2.86334e-05 9.42318e-05 0.00023626 0.000476445 0.000807361 0.00119471 0.00159354 0.00196228 0.00226883 0.00249133 0.00261733 0.00264266 0.00257043 0.00241007 0.00217614 0.00188735 0.00156543 0.00123402 0.000917107 0.000636478 0.000408295 0.000239767 0.000127898 6.16809e-05 2.68575e-05 1.05747e-05 3.77717e-06 1.22851e-06 3.64979e-07 9.9209e-08 2.46569e-08 5.57929e-09 1.13781e-09 2.04812e-10 3.1156e-11 3.61309e-12 2.2808e-13 0 
0 2.94277e-06 2.86334e-05 0.000135568 0.000425909 0.000984002 0.00179693 0.00276624 0.00377869 0.0047444 0.00559746 0.00628892 0.00678381 0.00706123 0.00711476 0.00695205 0.00659317 0.00606786 0.00541236 0.00466623 0.00387014 0.0030651 0.00229325 0.00159802 0.0010201 0.00058688 0.000300527 0.000136183 5.46796e-05 1.95768e-05 6.30127e-06 1.83701e-06 4.8751e-07 1.17976e-07 2.5965e-08 5.1501e-09 9.02225e-10 1.33714e-10 1.51271e-11 9.32882e-13 0 
0 9.70713e-06 9.42318e-05 0.000425909 0.001219 0.00251078 0.00413489 0.0059016 0.00767389 0.00934524 0.0108215 0.0120212 0.0128817 0.0133639 0.0134554 0.0131693 0.0125416 0.0116263 0.0104886 0.00919886 0.00782577 0.00643152 0.00506978 0.00378833 0.0026364 0.00166955 0.000938535 0.000459437 0.000194442 7.15281e-05 2.31664e-05 6.69802e-06 1.74732e-06 4.13633e-07 8.88446e-08 1.71853e-08 2.93664e-09 4.24867e-10 4.69749e-11 2.8349e-12 0 
0 2.50612e-05 0.00023626 0.000984002 0.00251078 0.00466438 0.00717335 0.00984845 0.0125366 0.0150844 0.0173431 0.0191825 0.0205031 0.0212433 0.0213827 0.0209418 0.0199764 0.0185705 0.0168266 0.0148554 0.0127658 0.0106562 0.00860831 0.0066832 0.00492516 0.00337495 0.00208764 0.00112737 0.000518235 0.000201504 6.70765e-05 1.95059e-05 5.04727e-06 1.17582e-06 2.47552e-07 4.68561e-08 7.83216e-09 1.10891e-09 1.2009e-10 7.10656e-12 0 
0 5.32408e-05 0.000476445 0.00179693 0.00413489 0.00717335 0.0106489 0.0143671 0.0181195 0.0216845 0.0248488 0.0274274 0.0292792 0.0303169 0.0305121 0.029893 0.0285386 0.0265672 0.0241234 0.0213637 0.0184429 0.0155022 0.0126598 0.0100048 0.00759456 0.0054603 0.00362724 0.00214528 0.00108401 0.000455475 0.000159197 4.73e-05 1.22665e-05 2.83164e-06 5.87223e-07 1.09179e-07 1.79087e-08 2.48827e-09 2.64594e-10 1.53885e-11 0 
0 9.63117e-05 0.000807361 0.00276624 0.0059016 0.00984845 0.0143671 0.0192182 0.0241224 0.0287853 0.0329257 0.0363005 0.0387245 0.0400832 0.040339 0.0395289 0.0377563 0.0351765 0.0319792 0.0283701 0.0245527 0.0207132 0.0170088 0.0135599 0.0104458 0.0077057 0.005348 0.00338269 0.00186178 0.000851752 0.000317452 9.77671e-05 2.56758e-05 5.91471e-06 1.21433e-06 2.22657e-07 3.596e-08 4.9175e-09 5.14807e-10 2.94961e-11 0 
0 0.000152542 0.00119471 0.00377869 0.00767389 0.0125366 0.0181195 0.0241224 0.0301946 0.0359696 0.0410985 0.0452799 0.048284 0.0499687 0.0502867 0.0492838 0.0470884 0.0438933 0.0399338 0.0354648 0.0307392 0.0259885 0.0214086 0.0171509 0.0133172 0.00996022 0.00708753 0.00468203 0.00275115 0.00136069 0.000543703 0.000175288 4.70244e-05 1.08791e-05 2.22178e-06 4.03293e-07 6.43422e-08 8.68543e-09 8.97575e-10 5.07877e-11 0 
0 0.00021655 0.00159354 0.0047444 0.00934524 0.0150844 0.0216845 0.0287853 0.0359696 0.0428033 0.0488736 0.0538242 0.0573846 0.0593848 0.0597644 0.058576 0.0559751 0.052193 0.0475079 0.0422208 0.0366307 0.0310121 0.0255977 0.0205677 0.0160449 0.0120953 0.00873101 0.00592329 0.00364172 0.00191782 0.00081798 0.000277015 7.633e-05 1.78213e-05 3.63486e-06 6.55427e-07 1.03618e-07 1.38463e-08 1.41625e-09 7.93342e-11 0 
0 0.000280873 0.00196228 0.00559746 0.0108215 0.0173431 0.0248488 0.0329257 0.0410985 0.0488736 0.0557822 0.0614229 0.0654873 0.0677753 0.0682122 0.0668571 0.0638893 0.0595788 0.054246 0.0482313 0.0418726 0.0354822 0.0293253 0.0236075 0.0184701 0.0139902 0.0101852 0.00702242 0.00444752 0.00245288 0.00110487 0.000391933 0.000111092 2.62488e-05 5.36252e-06 9.63311e-07 1.51327e-07 2.00718e-08 2.03716e-09 1.13247e-10 0 
0 0.000337874 0.00226883 0.00628892 0.0120212 0.0191825 0.0274274 0.0363005 0.0452799 0.0538242 0.0614229 0.067633 0.0721001 0.0746022 0.0750818 0.07361 0.0703616 0.0656221 0.0597556 0.0531444 0.0461582 0.0391376 0.032374 0.026094 0.0204536 0.0155389 0.0113717 0.00791791 0.00510986 0.00290908 0.00136585 0.000503731 0.000146541 3.50578e-05 7.1862e-06 1.28891e-06 2.01683e-07 2.66185e-08 2.68732e-09 1.48605e-10 0 
0 0.000381184 0.00249133 0.00678381 0.0128817 0.0205031 0.0292792 0.0387245 0.048284 0.0573846 0.0654873 0.0721001 0.0768128 0.0794176 0.0799175 0.0784015 0.0750053 0.0699852 0.0637359 0.0566916 0.0492527 0.0417783 0.0345777 0.0278923 0.0218889 0.01666 0.0122304 0.00856579 0.00559127 0.00324824 0.00156909 0.000595613 0.000176906 4.27867e-05 8.80505e-06 1.57938e-06 2.46688e-07 3.24726e-08 3.26881e-09 1.80242e-10 0 
0 0.00040651 0.00261733 0.00706123 0.0133639 0.0212433 0.0303169 0.0400832 0.0499687 0.0593848 0.0677753 0.0746022 0.0794176 0.0820488 0.0825557 0.0810393 0.0775999 0.0724511 0.065994 0.0587046 0.0510102 0.0432805 0.0358334 0.028919 0.0227101 0.0173031 0.0127245 0.00893993 0.00587136 0.00344936 0.00169401 0.000654579 0.000197108 4.80559e-05 9.92613e-06 1.78278e-06 2.78495e-07 3.66472e-08 3.68743e-09 2.0326e-10 0 
0 0.000411912 0.00264266 0.00711476 0.0134554 0.0213827 0.0305121 0.040339 0.0502867 0.0597644 0.0682122 0.0750818 0.0799175 0.0825557 0.0830679 0.0815575 0.0781177 0.0729514 0.0664584 0.0591237 0.051381 0.043602 0.0361066 0.0291465 0.0228959 0.0174523 0.0128428 0.00903325 0.00594511 0.00350608 0.00173207 0.000673943 0.00020419 5.00078e-05 1.03624e-05 1.86573e-06 2.92093e-07 3.8521e-08 3.88518e-09 2.14733e-10 0 
0 0.000397735 0.00257043 0.00695205 0.0131693 0.0209418 0.029893 0.0395289 0.0492838 0.058576 0.0668571 0.07361 0.0784015 0.0810393 0.0815575 0.0800524 0.0766395 0.0715507 0.0651846 0.0579992 0.0504096 0.0427816 0.0354299 0.0286018 0.0224685 0.0171257 0.0125999 0.00885765 0.00582197 0.0034248 0.00168602 0.000654115 0.000198027 4.85718e-05 1.00965e-05 1.82545e-06 2.8718e-07 3.80801e-08 3.86386e-09 2.14964e-10 0 
0 0.000366331 0.00241007 0.00659317 0.0125416 0.0199764 0.0285386 0.0377563 0.0470884 0.0559751 0.0638893 0.0703616 0.0750053 0.0775999 0.0781177 0.0766395 0.0733187 0.0684258 0.0623428 0.0554803 0.0482248 0.0409289 0.0338953 0.0273609 0.0214894 0.0163721 0.0120343 0.00844273 0.00552495 0.00322355 0.0015688 0.000602138 0.00018127 4.44758e-05 9.28807e-06 1.69161e-06 2.68531e-07 3.59728e-08 3.69108e-09 2.0783e-10 0 
0 0.000321634 0.00217614 0.00606786 0.0116263 0.0185705 0.0265672 0.0351765 0.0438933 0.052193 0.0595788 0.0656221 0.0699852 0.0724511 0.0729514 0.0715507 0.0684258 0.0638566 0.0581898 0.0517916 0.0450211 0.03821 0.0316421 0.0255383 0.0200511 0.0152655 0.0112036 0.00783355 0.00508969 0.00293155 0.00140248 0.000530408 0.000158672 3.90408e-05 8.22942e-06 1.51889e-06 2.44943e-07 3.33867e-08 3.48919e-09 2.00217e-10 0 
0 0.000268621 0.00188735 0.00541236 0.0104886 0.0168266 0.0241234 0.0319792 0.0399338 0.0475079 0.054246 0.0597556 0.0637359 0.065994 0.0664584 0.0651846 0.0623428 0.0581898 0.053034 0.0472065 0.0410369 0.0348289 0.0288413 0.0232749 0.0182682 0.0138973 0.010181 0.00708831 0.00456433 0.00258951 0.00121707 0.000454902 0.000136121 3.38837e-05 7.28042e-06 1.37546e-06 2.27518e-07 3.18312e-08 3.41366e-09 2.0081e-10 0 
0 0.00021268 0.00156543 0.00466623 0.00919886 0.0148554 0.0213637 0.0283701 0.0354648 0.0422208 0.0482313 0.0531444 0.0566916 0.0587046 0.0591237 0.0579992 0.0554803 0.0517916 0.0472065 0.0420215 0.0365313 0.0310071 0.0256786 0.0207242 0.0162659 0.0123697 0.00904947 0.00627691 0.00401048 0.00225019 0.00104895 0.000393343 0.000119804 3.06813e-05 6.81784e-06 1.33368e-06 2.28124e-07 3.29151e-08 3.62787e-09 2.18503e-10 0 
0 0.000158912 0.00123402 0.00387014 0.00782577 0.0127658 0.0184429 0.0245527 0.0307392 0.0366307 0.0418726 0.0461582 0.0492527 0.0510102 0.051381 0.0504096 0.0482248 0.0450211 0.0410369 0.0365313 0.0317618 0.0269643 0.0223387 0.0180394 0.0141707 0.0107874 0.00789898 0.00548113 0.00350497 0.00197785 0.000938587 0.000363929 0.000115881 3.11067e-05 7.21946e-06 1.46543e-06 2.58236e-07 3.81231e-08 4.27301e-09 2.60344e-10 0 
0 0.000111457 0.000917107 0.0030651 0.00643152 0.0106562 0.0155022 0.0207132 0.0259885 0.0310121 0.0354822 0.0391376 0.0417783 0.0432805 0.043602 0.0427816 0.0409289 0.03821 0.0348289 0.0310071 0.0269643 0.0229022 0.018991 0.0153613 0.0121004 0.00925301 0.00682585 0.00479781 0.00313997 0.00184358 0.000927198 0.000384956 0.000130729 3.69082e-05 8.86579e-06 1.83747e-06 3.27255e-07 4.84744e-08 5.42369e-09 3.28707e-10 0 
0 7.29533e-05 0.000636478 0.00229325 0.00506978 0.00860831 0.0126598 0.0170088 0.0214086 0.0255977 0.0293253 0.032374 0.0345777 0.0358334 0.0361066 0.0354299 0.0338953 0.0316421 0.0288413 0.0256786 0.0223387 0.018991 0.0157782 0.0128099 0.0101611 0.00787489 0.00595929 0.00437453 0.00304719 0.00193343 0.00105964 0.000476795 0.000171655 4.99557e-05 1.20975e-05 2.49366e-06 4.38509e-07 6.38982e-08 7.02187e-09 4.17779e-10 0 
0 4.43041e-05 0.000408295 0.00159802 0.00378833 0.0066832 0.0100048 0.0135599 0.0171509 0.0205677 0.0236075 0.026094 0.0278923 0.028919 0.0291465 0.0286018 0.0273609 0.0255383 0.0232749 0.0207242 0.0180394 0.0153613 0.0128099 0.0104826 0.00846595 0.00684925 0.00566485 0.00474677 0.00376953 0.00261009 0.00149825 0.000693492 0.000252604 7.26461e-05 1.71097e-05 3.41535e-06 5.82141e-07 8.23746e-08 8.80786e-09 5.10951e-10 0 
0 2.48321e-05 0.000239767 0.0010201 0.0026364 0.00492516 0.00759456 0.0104458 0.0133172 0.0160449 0.0184701 0.0204536 0.0218889 0.0227101 0.0228959 0.0224685 0.0214894 0.0200511 0.0182682 0.0162659 0.0141707 0.0121004 0.0101611 0.00846595 0.00721397 0.00678063 0.00743933 0.0084677 0.0081709 0.00594843 0.0031918 0.00130864 0.000426325 0.000111297 2.40329e-05 4.48537e-06 7.28817e-07 9.94341e-08 1.0311e-08 5.82313e-10 0 
0 1.27916e-05 0.000127898 0.00058688 0.00166955 0.00337495 0.0054603 0.0077057 0.00996022 0.0120953 0.0139902 0.0155389 0.01666 0.0173031 0.0174523 0.0171257 0.0163721 0.0152655 0.0138973 0.0123697 0.0107874 0.00925301 0.00787489 0.00684925 0.00678063 0.009148 0.0151846 0.0221829 0.023708 0.0174976 0.00884641 0.00314483 0.000843081 0.000182202 3.33189e-05 5.50665e-06 8.33377e-07 1.09063e-07 1.09777e-08 6.04942e-10 0 
0 6.03892e-06 6.16809e-05 0.000300527 0.000938535 0.00208764 0.00362724 0.005348 0.00708753 0.00873101 0.0101852 0.0113717 0.0122304 0.0127245 0.0128428 0.0125999 0.0120343 0.0112036 0.010181 0.00904947 0.00789898 0.00682585 0.00595929 0.00566485 0.00743933 0.0151846 0.032016 0.0523809 0.0595592 0.041606 0.020622 0.00693136 0.00164223 0.000297345 4.46642e-05 6.22396e-06 8.52243e-07 1.06426e-07 1.04358e-08 5.64019e-10 0 
0 2.60935e-06 2.68575e-05 0.000136183 0.000459437 0.00112737 0.00214528 0.00338269 0.00468203 0.00592329 0.00702242 0.00791791 0.00856579 0.00893993 0.00903325 0.00885765 0.00844273 0.00783355 0.00708831 0.00627691 0.00548113 0.00479781 0.00437453 0.00474677 0.0084677 0.0221829 0.0523809 0.0827087 0.0873811 0.0706902 0.0339344 0.0111805 0.0025219 0.000412246 5.32091e-05 6.25991e-06 7.64252e-07 9.093e-08 8.74083e-09 4.66702e-10 0 
0 1.03186e-06 1.05747e-05 5.46796e-05 0.000194442 0.000518235 0.00108401 0.00186178 0.00275115 0.00364172 0.00444752 0.00510986 0.00559127 0.00587136 0.00594511 0.00582197 0.00552495 0.00508969 0.00456433 0.00401048 0.00350497 0.00313997 0.00304719 0.00376953 0.0081709 0.023708 0.0595592 0.0873811 0.0907695 0.0787452 0.0382229 0.0123279 0.00273474 0.000427085 5.05258e-05 5.27429e-06 5.85862e-07 6.71333e-08 6.38986e-09 3.40064e-10 0 
0 3.73733e-07 3.77717e-06 1.95768e-05 7.15281e-05 0.000201504 0.000455475 0.000851752 0.00136069 0.00191782 0.00245288 0.00290908 0.00324824 0.00344936 0.00350608 0.0034248 0.00322355 0.00293155 0.00258951 0.00225019 0.00197785 0.00184358 0.00193343 0.00261009 0.00594843 0.0174976 0.041606 0.0706902 0.0787452 0.0570793 0.0277805 0.00913007 0.00201957 0.0003108 3.54412e-05 3.5068e-06 3.73779e-07 4.23961e-08 4.05291e-09 2.17136e-10 0 
0 1.24117e-07 1.22851e-06 6.30127e-06 2.31664e-05 6.70765e-05 0.000159197 0.000317452 0.000543703 0.00081798 0.00110487 0.00136585 0.00156909 0.00169401 0.00173207 0.00168602 0.0015688 0.00140248 0.00121707 0.00104895 0.000938587 0.000927198 0.00105964 0.00149825 0.0031918 0.00884641 0.020622 0.0339344 0.0382229 0.0277805 0.013721 0.0045227 0.00100655 0.000155469 1.77648e-05 1.78349e-06 1.95632e-07 2.28001e-08 2.2249e-09 1.21201e-10 0 
0 3.7824e-08 3.64979e-07 1.83701e-06 6.69802e-06 1.95059e-05 4.73e-05 9.77671e-05 0.000175288 0.000277015 0.000391933 0.000503731 0.000595613 0.000654579 0.000673943 0.000654115 0.000602138 0.000530408 0.000454902 0.000393343 0.000363929 0.000384956 0.000476795 0.000693492 0.00130864 0.00314483 0.00693136 0.0111805 0.0123279 0.00913007 0.0045227 0.0015033 0.000339387 5.3476e-05 6.38339e-06 6.99751e-07 8.46163e-08 1.04722e-08 1.05774e-09 5.9109e-11 0 
0 1.05751e-08 9.9209e-08 4.8751e-07 1.74732e-06 5.04727e-06 1.22665e-05 2.56758e-05 4.70244e-05 7.633e-05 0.000111092 0.000146541 0.000176906 0.000197108 0.00020419 0.000198027 0.00018127 0.000158672 0.000136121 0.000119804 0.000115881 0.000130729 0.000171655 0.000252604 0.000426325 0.000843081 0.00164223 0.0025219 0.00273474 0.00201957 0.00100655 0.000339387 7.84426e-05 1.29599e-05 1.71721e-06 2.22168e-07 3.09972e-08 4.1397e-09 4.36494e-10 2.51976e-11 0 
0 2.70698e-09 2.46569e-08 1.17976e-07 4.13633e-07 1.17582e-06 2.83164e-06 5.91471e-06 1.08791e-05 1.78213e-05 2.62488e-05 3.50578e-05 4.27867e-05 4.80559e-05 5.00078e-05 4.85718e-05 4.44758e-05 3.90408e-05 3.38837e-05 3.06813e-05 3.11067e-05 3.69082e-05 4.99557e-05 7.26461e-05 0.000111297 0.000182202 0.000297345 0.000412246 0.000427085 0.0003108 0.000155469 5.3476e-05 1.29599e-05 2.37584e-06 3.79634e-07 6.10831e-08 9.85982e-09 1.41835e-09 1.56679e-10 9.38961e-12 0 
0 6.31081e-10 5.57929e-09 2.5965e-08 8.88446e-08 2.47552e-07 5.87223e-07 1.21433e-06 2.22178e-06 3.63486e-06 5.36252e-06 7.1862e-06 8.80505e-06 9.92613e-06 1.03624e-05 1.00965e-05 9.28807e-06 8.22942e-06 7.28042e-06 6.81784e-06 7.21946e-06 8.86579e-06 1.20975e-05 1.71097e-05 2.40329e-05 3.33189e-05 4.46642e-05 5.32091e-05 5.05258e-05 3.54412e-05 1.77648e-05 6.38339e-06 1.71721e-06 3.79634e-07 7.73405e-08 1.52084e-08 2.75099e-09 4.22141e-10 4.88999e-11 3.05208e-12 0 
0 1.32548e-10 1.13781e-09 5.1501e-09 1.71853e-08 4.68561e-08 1.09179e-07 2.22657e-07 4.03293e-07 6.55427e-07 9.63311e-07 1.28891e-06 1.57938e-06 1.78278e-06 1.86573e-06 1.82545e-06 1.69161e-06 1.51889e-06 1.37546e-06 1.33368e-06 1.46543e-06 1.83747e-06 2.49366e-06 3.41535e-06 4.48537e-06 5.50665e-06 6.22396e-06 6.25991e-06 5.27429e-06 3.5068e-06 1.78349e-06 6.99751e-07 2.22168e-07 6.10831e-08 1.52084e-08 3.41599e-09 6.69101e-10 1.08626e-10 1.31946e-11 8.59238e-13 0 
0 2.45519e-11 2.04812e-10 9.02225e-10 2.93664e-09 7.83216e-09 1.79087e-08 3.596e-08 6.43422e-08 1.03618e-07 1.51327e-07 2.01683e-07 2.46688e-07 2.78495e-07 2.92093e-07 2.8718e-07 2.68531e-07 2.44943e-07 2.27518e-07 2.28124e-07 2.58236e-07 3.27255e-07 4.38509e-07 5.82141e-07 7.28817e-07 8.33377e-07 8.52243e-07 7.64252e-07 5.85862e-07 3.73779e-07 1.95632e-07 8.46163e-08 3.09972e-08 9.85982e-09 2.75099e-09 6.69101e-10 1.39184e-10 2.37919e-11 3.02865e-12 2.05897e-13 0 
0 3.83876e-12 3.1156e-11 1.33714e-10 4.24867e-10 1.10891e-09 2.48827e-09 4.9175e-09 8.68543e-09 1.38463e-08 2.00718e-08 2.66185e-08 3.24726e-08 3.66472e-08 3.8521e-08 3.80801e-08 3.59728e-08 3.33867e-08 3.18312e-08 3.29151e-08 3.81231e-08 4.84744e-08 6.38982e-08 8.23746e-08 9.94341e-08 1.09063e-07 1.06426e-07 9.093e-08 6.71333e-08 4.23961e-08 2.28001e-08 1.04722e-08 4.1397e-09 1.41835e-09 4.22141e-10 1.08626e-10 2.37919e-11 4.26897e-12 5.68798e-13 4.03537e-14 0 
0 4.56937e-13 3.61309e-12 1.51271e-11 4.69749e-11 1.2009e-10 2.64594e-10 5.14807e-10 8.97575e-10 1.41625e-09 2.03716e-09 2.68732e-09 3.26881e-09 3.68743e-09 3.88518e-09 3.86386e-09 3.69108e-09 3.48919e-09 3.41366e-09 3.62787e-09 4.27301e-09 5.42369e-09 7.02187e-09 8.80786e-09 1.0311e-08 1.09777e-08 1.04358e-08 8.74083e-09 6.38986e-09 4.05291e-09 2.2249e-09 1.05774e-09 4.36494e-10 1.56679e-10 4.88999e-11 1.31946e-11 3.02865e-12 5.68798e-13 7.91796e-14 5.85588e-15 0 
0 2.95639e-14 2.2808e-13 9.32882e-13 2.8349e-12 7.10656e-12 1.53885e-11 2.94961e-11 5.07877e-11 7.93342e-11 1.13247e-10 1.48605e-10 1.80242e-10 2.0326e-10 2.14733e-10 2.14964e-10 2.0783e-10 2.00217e-10 2.0081e-10 2.18503e-10 2.60344e-10 3.28707e-10 4.17779e-10 5.10951e-10 5.82313e-10 6.04942e-10 5.64019e-10 4.66702e-10 3.40064e-10 2.17136e-10 1.21201e-10 5.9109e-11 2.51976e-11 9.38961e-12 3.05208e-12 8.59238e-13 2.05897e-13 4.03537e-14 5.85588e-15 4.50757e-16 0 
0 0 0 0 0 0 0 0 0 0 0 0 0 0 0 0 0 0 0 0 0 0 0 0 0 0 0 0 0 0 0 0 0 0 0 0 0 0 0 0 0 
