0 0 0 0 0 0 0 0 0 0 0 0 0 0 0 0 0 0 0 0 0 0 0 0 0 0 0 0 0 0 0 0 0 0 0 0 0 0 0 0 0 
0 1.60414e-07 1.45503e-06 6.64164e-06 2.11742e-05 5.23146e-05 0.000105781 0.000182084 0.000275521 0.000376157 0.000472849 0.000555615 0.000616904 0.000652029 0.00065914 0.000638979 0.000594521 0.000530556 0.000453189 0.00036927 0.000285712 0.000208724 0.000143043 9.13317e-05 5.39648e-05 2.93309e-05 1.4596e-05 6.63031e-06 2.74573e-06 1.03665e-06 3.5712e-07 1.12351e-07 3.22816e-08 8.45712e-09 2.01043e-09 4.29183e-10 8.05773e-11 1.27396e-11 1.53042e-12 9.97704e-14 0 
0 1.45503e-06 1.36303e-05 6.27487e-05 0.000195264 0.000456002 0.000852846 0.0013484 0.00188396 0.00240432 0.00286706 0.00324224 0.00351015 0.00365982 0.00368829 0.00359993 0.00340546 0.00312072 0.00276534 0.0023616 0.00193364 0.00150691 0.00110723 0.000758492 0.000478642 0.000275112 0.00014276 6.65422e-05 2.78317e-05 1.04689e-05 3.55536e-06 1.09456e-06 3.06321e-07 7.7959e-08 1.79831e-08 3.72489e-09 6.78961e-10 1.04331e-10 1.21978e-11 7.7507e-13 0 
0 6.64164e-06 6.27487e-05 0.00027949 0.000802286 0.00167601 0.00279908 0.00402812 0.00525363 0.00639856 0.00740167 0.00821196 0.00879041 0.00911304 0.00917262 0.00897853 0.00855479 0.00793681 0.00716721 0.00629144 0.00535395 0.00439577 0.00345467 0.00256812 0.00177664 0.00112185 0.00063424 0.000316407 0.000138415 5.32169e-05 1.81242e-05 5.51937e-06 1.51458e-06 3.76066e-07 8.44246e-08 1.70045e-08 3.01466e-09 4.5095e-10 5.13874e-11 3.18718e-12 0 
0 2.11742e-05 0.000195264 0.000802286 0.0020375 0.00377447 0.00577599 0.0078819 0.0099775 0.0119516 0.0136949 0.0151105 0.016124 0.0166897 0.0167931 0.0164506 0.0157053 0.0146216 0.0132776 0.0117572 0.0101429 0.00850813 0.006913 0.00540227 0.00401015 0.00277245 0.00173809 0.000959833 0.000456662 0.000185775 6.50907e-05 1.99413e-05 5.42304e-06 1.32269e-06 2.90325e-07 5.70581e-08 9.86564e-09 1.43995e-09 1.60266e-10 9.721e-12 0 
0 5.23146e-05 0.000456002 0.00167601 0.00377447 0.0064375 0.00943491 0.0126132 0.0158049 0.0188275 0.0215036 0.0236795 0.0252382 0.0261082 0.0262667 0.0257388 0.0245913 0.022924 0.0208585 0.0185259 0.0160561 0.0135672 0.0111575 0.00890011 0.00684022 0.00500012 0.00339798 0.00207519 0.00109579 0.00048632 0.000180399 5.67858e-05 1.55169e-05 3.75044e-06 8.0965e-07 1.55934e-07 2.63855e-08 3.76847e-09 4.10688e-10 2.44165e-11 0 
0 0.000105781 0.000852846 0.00279908 0.00577599 0.00943491 0.0135815 0.0180106 0.0224732 0.0267051 0.0304542 0.0335035 0.0356882 0.0369076 0.0371296 0.0363892 0.0347804 0.0324435 0.0295492 0.0262826 0.0228266 0.0193487 0.0159906 0.0128605 0.0100292 0.00752906 0.00536095 0.0035213 0.00204471 0.00100156 0.000402158 0.000132829 3.70258e-05 8.95671e-06 1.91437e-06 3.63047e-07 6.03456e-08 8.46066e-09 9.05342e-10 5.2889e-11 0 
0 0.000182084 0.0013484 0.00402812 0.0078819 0.0126132 0.0180106 0.0237915 0.0296216 0.0351523 0.0400532 0.0440399 0.0468971 0.0484928 0.0487836 0.0478148 0.0457105 0.0426551 0.0388719 0.0346028 0.0300877 0.0255464 0.0211656 0.0170896 0.0134163 0.010196 0.00743304 0.00509887 0.00317339 0.00169904 0.000744182 0.000261861 7.54888e-05 1.8455e-05 3.93133e-06 7.37697e-07 1.2092e-07 1.66972e-08 1.75942e-09 1.01258e-10 0 
0 0.000275521 0.00188396 0.00525363 0.0099775 0.0158049 0.0224732 0.0296216 0.0368329 0.043675 0.0497395 0.054681 0.0582417 0.0602473 0.0606155 0.0593948 0.0567624 0.0529664 0.0482821 0.0430009 0.0374166 0.0318013 0.0263865 0.0213523 0.0168223 0.012864 0.00949061 0.00666766 0.004338 0.00248667 0.00118009 0.000444876 0.000133888 3.33464e-05 7.12179e-06 1.32825e-06 2.15498e-07 2.94012e-08 3.05952e-09 1.73922e-10 0 
0 0.000376157 0.00240432 0.00639856 0.0119516 0.0188275 0.0267051 0.0351523 0.043675 0.0517635 0.0589501 0.0648668 0.0692135 0.0717021 0.0721642 0.070647 0.0674025 0.0628079 0.0572259 0.0509749 0.0443748 0.0377397 0.0313428 0.0253977 0.0200517 0.0153874 0.0114262 0.00813381 0.00543534 0.00326683 0.00165473 0.000665789 0.000209909 5.35318e-05 1.15136e-05 2.14234e-06 3.4516e-07 4.66675e-08 4.80903e-09 2.70707e-10 0 
0 0.000472849 0.00286706 0.00740167 0.0136949 0.0215036 0.0304542 0.0400532 0.0497395 0.0589501 0.0672106 0.0741073 0.0791148 0.0818627 0.0823667 0.0807301 0.0770596 0.0716996 0.0652163 0.0580575 0.0505476 0.0430074 0.0357394 0.0289858 0.0229151 0.0176225 0.0131355 0.00942123 0.00639655 0.00396572 0.00210841 0.000896325 0.000295321 7.72303e-05 1.67713e-05 3.12195e-06 5.00859e-07 6.72881e-08 6.88405e-09 3.84657e-10 0 
0 0.000555615 0.00324224 0.00821196 0.0151105 0.0236795 0.0335035 0.0440399 0.054681 0.0648668 0.0741073 0.0816177 0.0866067 0.0891489 0.0896147 0.0881431 0.0846391 0.0790415 0.0718474 0.063866 0.0555814 0.0472996 0.0393219 0.0319097 0.0252483 0.0194431 0.014526 0.0104649 0.00717257 0.0045347 0.00249306 0.00110552 0.000378033 0.000101174 2.21958e-05 4.14033e-06 6.62842e-07 8.86877e-08 9.02908e-09 5.01936e-10 0 
0 0.000616904 0.00351015 0.00879041 0.016124 0.0252382 0.0356882 0.0468971 0.0582417 0.0692135 0.0791148 0.0866067 0.0912112 0.0935056 0.0939342 0.0926243 0.089449 0.0841171 0.0766909 0.0680999 0.0592101 0.050385 0.0418972 0.0340122 0.0269265 0.0207527 0.0155261 0.0112145 0.00772863 0.00494387 0.00277671 0.00126757 0.00044555 0.000121461 2.68857e-05 5.02898e-06 8.04685e-07 1.07442e-07 1.09083e-08 6.04611e-10 0 
0 0.000652029 0.00365982 0.00911304 0.0166897 0.0261082 0.0369076 0.0484928 0.0602473 0.0717021 0.0818627 0.0891489 0.0935056 0.0956757 0.0960873 0.0948575 0.0918647 0.0867773 0.0794028 0.0705157 0.0612603 0.0521212 0.0433469 0.0351968 0.0278732 0.0214925 0.0160918 0.0116393 0.00804434 0.00517762 0.00294206 0.00136563 0.000488136 0.000134674 3.00035e-05 5.62722e-06 9.00992e-07 1.20262e-07 1.2201e-08 6.75697e-10 0 
0 0.00065914 0.00368829 0.00917262 0.0167931 0.0262667 0.0371296 0.0487836 0.0606155 0.0721642 0.0823667 0.0896147 0.0939342 0.0960873 0.0964978 0.0952819 0.0923195 0.0872765 0.0799218 0.0709854 0.0616594 0.0524609 0.043633 0.0354331 0.0280643 0.0216441 0.01621 0.0117304 0.0081147 0.00523272 0.00298403 0.0013926 0.000500745 0.000138831 3.10347e-05 5.83391e-06 9.35651e-07 1.25065e-07 1.27054e-08 7.04625e-10 0 
0 0.000638979 0.00359993 0.00897853 0.0164506 0.0257388 0.0363892 0.0478148 0.0593948 0.070647 0.0807301 0.0881431 0.0926243 0.0948575 0.0952819 0.0940203 0.090949 0.0857496 0.0783324 0.0695592 0.0604586 0.0514517 0.0427961 0.0347543 0.0275268 0.021229 0.0158975 0.0115011 0.0079502 0.00511735 0.00290792 0.00135056 0.000483639 0.000133855 2.99396e-05 5.63984e-06 9.07188e-07 1.21677e-07 1.24079e-08 6.90909e-10 0 
0 0.000594521 0.00340546 0.00855479 0.0157053 0.0245913 0.0347804 0.0457105 0.0567624 0.0674025 0.0770596 0.0846391 0.089449 0.0918647 0.0923195 0.090949 0.0876352 0.0821639 0.0747983 0.0664585 0.057826 0.0492262 0.0409457 0.0332505 0.0263331 0.0203041 0.0151983 0.0109846 0.00757569 0.00485031 0.00272838 0.00124977 0.000442009 0.000121505 2.71503e-05 5.12899e-06 8.2916e-07 1.11905e-07 1.14912e-08 6.44658e-10 0 
0 0.000530556 0.00312072 0.00793681 0.0146216 0.022924 0.0324435 0.0426551 0.0529664 0.0628079 0.0716996 0.0790415 0.0841171 0.0867773 0.0872765 0.0857496 0.0821639 0.0766201 0.0696835 0.0620105 0.054005 0.0459814 0.0382464 0.0310563 0.0245915 0.0189549 0.0141783 0.0102309 0.00702845 0.00446038 0.00246907 0.00110771 0.000384904 0.00010489 2.34359e-05 4.452e-06 7.26025e-07 9.90173e-08 1.0285e-08 5.83986e-10 0 
0 0.000453189 0.00276534 0.00716721 0.0132776 0.0208585 0.0295492 0.0388719 0.0482821 0.0572259 0.0652163 0.0718474 0.0766909 0.0794028 0.0799218 0.0783324 0.0747983 0.0696835 0.06347 0.0565558 0.0492755 0.0419571 0.0348987 0.0283364 0.0224346 0.0172862 0.0129191 0.00930239 0.0063565 0.00398661 0.00216306 0.000947851 0.00032373 8.77517e-05 1.9706e-05 3.78671e-06 6.26801e-07 8.69123e-08 9.18454e-09 5.30588e-10 0 
0 0.00036927 0.0023616 0.00629144 0.0117572 0.0185259 0.0262826 0.0346028 0.0430009 0.0509749 0.0580575 0.063866 0.0680999 0.0705157 0.0709854 0.0695592 0.0664585 0.0620105 0.0565558 0.0504219 0.0439366 0.0374128 0.0311203 0.0252697 0.0200067 0.0154131 0.0115114 0.00827061 0.00561827 0.00348037 0.00185378 0.000798177 0.000270639 7.38027e-05 1.68362e-05 3.30318e-06 5.59273e-07 7.9325e-08 8.56628e-09 5.04915e-10 0 
0 0.000285712 0.00193364 0.00535395 0.0101429 0.0160561 0.0228266 0.0300877 0.0374166 0.0443748 0.0505476 0.0555814 0.0592101 0.0612603 0.0616594 0.0604586 0.057826 0.054005 0.0492755 0.0439366 0.0382879 0.0326064 0.0271274 0.0220341 0.0174523 0.0134518 0.0100492 0.00721451 0.0048855 0.00300908 0.00159509 0.000688989 0.000237235 6.63267e-05 1.55734e-05 3.14348e-06 5.46152e-07 7.92171e-08 8.71669e-09 5.21689e-10 0 
0 0.000208724 0.00150691 0.00439577 0.00850813 0.0135672 0.0193487 0.0255464 0.0318013 0.0377397 0.0430074 0.0472996 0.050385 0.0521212 0.0524609 0.0514517 0.0492262 0.0459814 0.0419571 0.0374128 0.0326064 0.0277746 0.0231183 0.018793 0.0149054 0.0115137 0.00863015 0.00622733 0.00425217 0.00265879 0.00144725 0.000649719 0.000233798 6.808e-05 1.65107e-05 3.41182e-06 6.02303e-07 8.82452e-08 9.76415e-09 5.85607e-10 0 
0 0.000143043 0.00110723 0.00345467 0.006913 0.0111575 0.0159906 0.0211656 0.0263865 0.0313428 0.0357394 0.0393219 0.0418972 0.0433469 0.043633 0.0427961 0.0409457 0.0382464 0.0348987 0.0311203 0.0271274 0.0231183 0.019261 0.0156863 0.0124862 0.00971678 0.00739433 0.00547905 0.00388612 0.00254973 0.00147251 0.000705795 0.000268862 8.12329e-05 2.00394e-05 4.15512e-06 7.30177e-07 1.06028e-07 1.16005e-08 6.8717e-10 0 
0 9.13317e-05 0.000758492 0.00256812 0.00540227 0.00890011 0.0128605 0.0170896 0.0213523 0.0253977 0.0289858 0.0319097 0.0340122 0.0351968 0.0354331 0.0347543 0.0332505 0.0310563 0.0283364 0.0252697 0.0220341 0.018793 0.0156863 0.0128287 0.0103262 0.00829517 0.00679512 0.00565013 0.00448249 0.00313707 0.00185667 0.000908661 0.000353975 0.000107586 2.62064e-05 5.31601e-06 9.11606e-07 1.29186e-07 1.38089e-08 8.00334e-10 0 
0 5.39648e-05 0.000478642 0.00177664 0.00401015 0.00684022 0.0100292 0.0134163 0.0168223 0.0200517 0.0229151 0.0252483 0.0269265 0.0278732 0.0280643 0.0275268 0.0263331 0.0245915 0.0224346 0.0200067 0.0174523 0.0149054 0.0124862 0.0103262 0.00867164 0.00799569 0.00864229 0.00976929 0.00940844 0.00685747 0.00370645 0.00156114 0.00054082 0.000152157 3.47556e-05 6.68643e-06 1.10057e-06 1.50881e-07 1.56747e-08 8.85942e-10 0 
0 2.93309e-05 0.000275112 0.00112185 0.00277245 0.00500012 0.00752906 0.010196 0.012864 0.0153874 0.0176225 0.0194431 0.0207527 0.0214925 0.0216441 0.021229 0.0203041 0.0189549 0.0172862 0.0154131 0.0134518 0.0115137 0.00971678 0.00829517 0.00799569 0.0105764 0.0174366 0.0254655 0.0275883 0.020056 0.0101486 0.00362596 0.00099909 0.000231112 4.56265e-05 7.93667e-06 1.22944e-06 1.62254e-07 1.63834e-08 9.04276e-10 0 
0 1.4596e-05 0.00014276 0.00063424 0.00173809 0.00339798 0.00536095 0.00743304 0.00949061 0.0114262 0.0131355 0.014526 0.0155261 0.0160918 0.01621 0.0158975 0.0151983 0.0141783 0.0129191 0.0115114 0.0100492 0.00863015 0.00739433 0.00679512 0.00864229 0.0174366 0.0367371 0.0652575 0.0738829 0.0498 0.023627 0.0079486 0.00189846 0.000358138 5.80631e-05 8.68305e-06 1.23515e-06 1.56343e-07 1.53978e-08 8.33851e-10 0 
0 6.63031e-06 6.65422e-05 0.000316407 0.000959833 0.00207519 0.0035213 0.00509887 0.00666766 0.00813381 0.00942123 0.0104649 0.0112145 0.0116393 0.0117304 0.0115011 0.0109846 0.0102309 0.00930239 0.00827061 0.00721451 0.00622733 0.00547905 0.00565013 0.00976929 0.0254655 0.0652575 0.0873785 0.0898758 0.0817175 0.0412872 0.012811 0.00289808 0.000484734 6.6592e-05 8.47425e-06 1.09101e-06 1.3243e-07 1.2803e-08 6.85081e-10 0 
0 2.74573e-06 2.78317e-05 0.000138415 0.000456662 0.00109579 0.00204471 0.00317339 0.004338 0.00543534 0.00639655 0.00717257 0.00772863 0.00804434 0.0081147 0.0079502 0.00757569 0.00702845 0.0063565 0.00561827 0.0048855 0.00425217 0.00388612 0.00448249 0.00940844 0.0275883 0.0738829 0.0898758 0.09185 0.0853891 0.0492014 0.0141236 0.00313879 0.000498107 6.19774e-05 6.98824e-06 8.26705e-07 9.71987e-08 9.31516e-09 4.96849e-10 0 
0 1.03665e-06 1.04689e-05 5.32169e-05 0.000185775 0.00048632 0.00100156 0.00169904 0.00248667 0.00326683 0.00396572 0.0045347 0.00494387 0.00517762 0.00523272 0.00511735 0.00485031 0.00446038 0.00398661 0.00348037 0.00300908 0.00265879 0.00254973 0.00313707 0.00685747 0.020056 0.0498 0.0817175 0.0853891 0.0704232 0.0319643 0.0104605 0.00231876 0.000362411 4.32318e-05 4.60507e-06 5.24438e-07 6.11786e-08 5.89054e-09 3.16252e-10 0 
0 3.5712e-07 3.55536e-06 1.81242e-05 6.50907e-05 0.000180399 0.000402158 0.000744182 0.00118009 0.00165473 0.00210841 0.00249306 0.00277671 0.00294206 0.00298403 0.00290792 0.00272838 0.00246907 0.00216306 0.00185378 0.00159509 0.00144725 0.00147251 0.00185667 0.00370645 0.0101486 0.023627 0.0412872 0.0492014 0.0319643 0.0157183 0.00518363 0.00115841 0.000182354 2.18008e-05 2.35225e-06 2.74862e-07 3.287e-08 3.22785e-09 1.76154e-10 0 
0 1.12351e-07 1.09456e-06 5.51937e-06 1.99413e-05 5.67858e-05 0.000132829 0.000261861 0.000444876 0.000665789 0.000896325 0.00110552 0.00126757 0.00136563 0.0013926 0.00135056 0.00124977 0.00110771 0.000947851 0.000798177 0.000688989 0.000649719 0.000705795 0.000908661 0.00156114 0.00362596 0.0079486 0.012811 0.0141236 0.0104605 0.00518363 0.00172658 0.000393445 6.35734e-05 7.97476e-06 9.3835e-07 1.19722e-07 1.5108e-08 1.53299e-09 8.57875e-11 0 
0 3.22816e-08 3.06321e-07 1.51458e-06 5.42304e-06 1.55169e-05 3.70258e-05 7.54888e-05 0.000133888 0.000209909 0.000295321 0.000378033 0.00044555 0.000488136 0.000500745 0.000483639 0.000442009 0.000384904 0.00032373 0.000270639 0.000237235 0.000233798 0.000268862 0.000353975 0.00054082 0.00099909 0.00189846 0.00289808 0.00313879 0.00231876 0.00115841 0.000393445 9.24955e-05 1.57991e-05 2.21424e-06 3.05432e-07 4.42516e-08 5.9796e-09 6.32255e-10 3.65355e-11 0 
0 8.45712e-09 7.7959e-08 3.76066e-07 1.32269e-06 3.75044e-06 8.95671e-06 1.8455e-05 3.33464e-05 5.35318e-05 7.72303e-05 0.000101174 0.000121461 0.000134674 0.000138831 0.000133855 0.000121505 0.00010489 8.77517e-05 7.38027e-05 6.63267e-05 6.808e-05 8.12329e-05 0.000107586 0.000152157 0.000231112 0.000358138 0.000484734 0.000498107 0.000362411 0.000182354 6.35734e-05 1.57991e-05 3.0221e-06 5.10967e-07 8.60695e-08 1.41762e-08 2.0507e-09 2.26868e-10 1.36058e-11 0 
0 2.01043e-09 1.79831e-08 8.44246e-08 2.90325e-07 8.0965e-07 1.91437e-06 3.93133e-06 7.12179e-06 1.15136e-05 1.67713e-05 2.21958e-05 2.68857e-05 3.00035e-05 3.10347e-05 2.99396e-05 2.71503e-05 2.34359e-05 1.9706e-05 1.68362e-05 1.55734e-05 1.65107e-05 2.00394e-05 2.62064e-05 3.47556e-05 4.56265e-05 5.80631e-05 6.6592e-05 6.19774e-05 4.32318e-05 2.18008e-05 7.97476e-06 2.21424e-06 5.10967e-07 1.08309e-07 2.17788e-08 3.97073e-09 6.10638e-10 7.079e-11 4.42069e-12 0 
0 4.29183e-10 3.72489e-09 1.70045e-08 5.70581e-08 1.55934e-07 3.63047e-07 7.37697e-07 1.32825e-06 2.14234e-06 3.12195e-06 4.14033e-06 5.02898e-06 5.62722e-06 5.83391e-06 5.63984e-06 5.12899e-06 4.452e-06 3.78671e-06 3.30318e-06 3.14348e-06 3.41182e-06 4.15512e-06 5.31601e-06 6.68643e-06 7.93667e-06 8.68305e-06 8.47425e-06 6.98824e-06 4.60507e-06 2.35225e-06 9.3835e-07 3.05432e-07 8.60695e-08 2.17788e-08 4.92682e-09 9.67303e-10 1.57162e-10 1.90988e-11 1.24421e-12 0 
0 8.05773e-11 6.78961e-10 3.01466e-09 9.86564e-09 2.63855e-08 6.03456e-08 1.2092e-07 2.15498e-07 3.4516e-07 5.00859e-07 6.62842e-07 8.04685e-07 9.00992e-07 9.35651e-07 9.07188e-07 8.2916e-07 7.26025e-07 6.26801e-07 5.59273e-07 5.46152e-07 6.02303e-07 7.30177e-07 9.11606e-07 1.10057e-06 1.22944e-06 1.23515e-06 1.09101e-06 8.26705e-07 5.24438e-07 2.74862e-07 1.19722e-07 4.42516e-08 1.41762e-08 3.97073e-09 9.67303e-10 2.01335e-10 3.44269e-11 4.38368e-12 2.98102e-13 0 
0 1.27396e-11 1.04331e-10 4.5095e-10 1.43995e-09 3.76847e-09 8.46066e-09 1.66972e-08 2.94012e-08 4.66675e-08 6.72881e-08 8.86877e-08 1.07442e-07 1.20262e-07 1.25065e-07 1.21677e-07 1.11905e-07 9.90173e-08 8.69123e-08 7.9325e-08 7.92171e-08 8.82452e-08 1.06028e-07 1.29186e-07 1.50881e-07 1.62254e-07 1.56343e-07 1.3243e-07 9.71987e-08 6.11786e-08 3.287e-08 1.5108e-08 5.9796e-09 2.0507e-09 6.10638e-10 1.57162e-10 3.44269e-11 6.17804e-12 8.23303e-13 5.84215e-14 0 
0 1.53042e-12 1.21978e-11 5.13874e-11 1.60266e-10 4.10688e-10 9.05342e-10 1.75942e-09 3.05952e-09 4.80903e-09 6.88405e-09 9.02908e-09 1.09083e-08 1.2201e-08 1.27054e-08 1.24079e-08 1.14912e-08 1.0285e-08 9.18454e-09 8.56628e-09 8.71669e-09 9.76415e-09 1.16005e-08 1.38089e-08 1.56747e-08 1.63834e-08 1.53978e-08 1.2803e-08 9.31516e-09 5.89054e-09 3.22785e-09 1.53299e-09 6.32255e-10 2.26868e-10 7.079e-11 1.90988e-11 4.38368e-12 8.23303e-13 1.14618e-13 8.47786e-15 0 
0 9.97704e-14 7.7507e-13 3.18718e-12 9.721e-12 2.44165e-11 5.2889e-11 1.01258e-10 1.73922e-10 2.70707e-10 3.84657e-10 5.01936e-10 6.04611e-10 6.75697e-10 7.04625e-10 6.90909e-10 6.44658e-10 5.83986e-10 5.30588e-10 5.04915e-10 5.21689e-10 5.85607e-10 6.8717e-10 8.00334e-10 8.85942e-10 9.04276e-10 8.33851e-10 6.85081e-10 4.96849e-10 3.16252e-10 1.76154e-10 8.57875e-11 3.65355e-11 1.36058e-11 4.42069e-12 1.24421e-12 2.98102e-13 5.84215e-14 8.47786e-15 6.52626e-16 0 
0 0 0 0 0 0 0 0 0 0 0 0 0 0 0 0 0 0 0 0 0 0 0 0 0 0 0 0 0 0 0 0 0 0 0 0 0 0 0 0 0 
