0 0 0 0 0 0 0 0 0 0 0 0 0 0 0 0 0 0 0 0 0 0 0 0 0 0 0 0 0 0 0 0 0 0 0 0 0 0 0 0 0 
0 2.23181e-07 2.0131e-06 9.08829e-06 2.84966e-05 6.89543e-05 0.000136312 0.000229558 0.00034067 0.000457661 0.000568087 0.000661359 0.000729762 0.000768668 0.000776378 0.000753817 0.000704163 0.000632437 0.000545043 0.000449248 0.000352544 0.000261909 0.000182991 0.00011938 7.21936e-05 4.01978e-05 2.04945e-05 9.5306e-06 4.03431e-06 1.55379e-06 5.44807e-07 1.74051e-07 5.06722e-08 1.34239e-08 3.22106e-09 6.92982e-10 1.3094e-10 2.08112e-11 2.51083e-12 1.64262e-13 0 
0 2.0131e-06 1.86952e-05 8.452e-05 0.000255861 0.000578056 0.0010461 0.00160763 0.00219692 0.00275863 0.00325249 0.0036503 0.00393323 0.00409071 0.00412006 0.00402604 0.00381992 0.00351809 0.00314061 0.0027098 0.00224944 0.00178442 0.00134051 0.000943014 0.000613425 0.000364371 0.000195541 9.41416e-05 4.05529e-05 1.56497e-05 5.43048e-06 1.7017e-06 4.83137e-07 1.24397e-07 2.89646e-08 6.04463e-09 1.10841e-09 1.71137e-10 2.00847e-11 1.28011e-12 0 
0 9.08829e-06 8.452e-05 0.000364972 0.00100407 0.00200925 0.00324226 0.00455705 0.00585463 0.00706367 0.00812281 0.00897856 0.00958938 0.00992961 0.00999153 0.00978514 0.00933611 0.00868226 0.00786912 0.00694512 0.00595713 0.00494727 0.00395206 0.00300512 0.00214225 0.00140401 0.000828257 0.000431869 0.000196965 7.85048e-05 2.7526e-05 8.57365e-06 2.39337e-06 6.02031e-07 1.36491e-07 2.76991e-08 4.93899e-09 7.42074e-10 8.4851e-11 5.27669e-12 0 
0 2.84966e-05 0.000255861 0.00100407 0.00242269 0.00431398 0.00644356 0.00867375 0.0108942 0.0129875 0.0148366 0.0163378 0.0174121 0.0180109 0.0181191 0.0177542 0.0169622 0.0158116 0.0143857 0.0127741 0.0110647 0.00933657 0.00765401 0.0060633 0.00459496 0.00327457 0.00213932 0.00124234 0.000623661 0.000266677 9.73438e-05 3.07567e-05 8.55157e-06 2.11865e-06 4.70234e-07 9.31569e-08 1.62009e-08 2.37469e-09 2.65134e-10 1.612e-11 0 
0 6.89543e-05 0.000578056 0.00200925 0.00431398 0.00715404 0.0103359 0.0137119 0.0171034 0.0203145 0.0231564 0.0254659 0.0271192 0.0280408 0.0282069 0.0276445 0.0264246 0.0246535 0.0224601 0.0199841 0.0173633 0.0147238 0.0121711 0.00978439 0.0076125 0.00567552 0.00397862 0.00254187 0.00142133 0.000670659 0.00026283 8.63239e-05 2.43018e-05 5.99233e-06 1.31097e-06 2.54764e-07 4.33746e-08 6.22155e-09 6.80086e-10 4.05219e-11 0 
0 0.000136312 0.0010461 0.00324226 0.00644356 0.0103359 0.0147467 0.0194581 0.0242028 0.0286995 0.032681 0.0359173 0.0382343 0.0395258 0.0397585 0.0389699 0.0372601 0.0347779 0.0317047 0.0282366 0.024568 0.0208768 0.0173138 0.0139953 0.0109985 0.00835981 0.00607754 0.00413087 0.0025244 0.00131906 0.000565965 0.000197605 5.73151e-05 1.42302e-05 3.09216e-06 5.92621e-07 9.91825e-08 1.39691e-08 1.49938e-09 8.77801e-11 0 
0 0.000229558 0.00160763 0.00455705 0.00867375 0.0137119 0.0194581 0.0256083 0.0318062 0.0376817 0.0428847 0.0471156 0.0501491 0.0518449 0.0521512 0.0511147 0.0488733 0.0456265 0.0416101 0.0370788 0.0322865 0.0274665 0.0228169 0.0184918 0.0145966 0.0111873 0.00827137 0.00581409 0.00376939 0.00214291 0.00100812 0.000379277 0.000115023 2.90747e-05 6.32255e-06 1.20145e-06 1.98488e-07 2.75451e-08 2.91194e-09 1.67956e-10 0 
0 0.00034067 0.00219692 0.00585463 0.0108942 0.0171034 0.0242028 0.0318062 0.03947 0.0467363 0.0531783 0.0584565 0.0623255 0.0645559 0.0649674 0.0635902 0.0606865 0.0565925 0.0516015 0.0459948 0.0400692 0.0341104 0.028364 0.0230214 0.0182148 0.014018 0.0104485 0.00747204 0.00501688 0.00302834 0.00154193 0.000626142 0.000200282 5.1987e-05 1.13875e-05 2.15602e-06 3.52975e-07 4.84266e-08 5.05713e-09 2.88145e-10 0 
0 0.000457661 0.00275863 0.00706367 0.0129875 0.0203145 0.0286995 0.0376817 0.0467363 0.0553316 0.063033 0.0695745 0.0745595 0.0774183 0.0779443 0.0762062 0.0724439 0.067224 0.0611309 0.0544575 0.0474514 0.0404123 0.0336251 0.0273164 0.0216435 0.0166954 0.0124979 0.00901902 0.00617725 0.00387734 0.00209727 0.000911832 0.000308053 8.25012e-05 1.82876e-05 3.46333e-06 5.63793e-07 7.67034e-08 7.93472e-09 4.47766e-10 0 
0 0.000568087 0.00325249 0.00812281 0.0148366 0.0231564 0.032681 0.0428847 0.0531783 0.063033 0.0721475 0.0799247 0.0851778 0.0878141 0.0882912 0.0867664 0.0830783 0.0771554 0.0698159 0.0620065 0.0539978 0.045997 0.0382874 0.0311223 0.0246809 0.0190655 0.0143079 0.0103776 0.00718882 0.00462363 0.00261016 0.00119903 0.000425713 0.000117677 2.64561e-05 5.02492e-06 8.15574e-07 1.10323e-07 1.13341e-08 6.34994e-10 0 
0 0.000661359 0.0036503 0.00897856 0.0163378 0.0254659 0.0359173 0.0471156 0.0584565 0.0695745 0.0799247 0.0875626 0.0919866 0.094142 0.094547 0.0933264 0.0903084 0.0850143 0.0772365 0.068309 0.0593504 0.0505434 0.042082 0.03422 0.0271531 0.020994 0.0157792 0.0114785 0.00800379 0.00522469 0.00303458 0.00145179 0.000536729 0.000152592 3.47872e-05 6.63527e-06 1.07586e-06 1.45019e-07 1.483e-08 8.26725e-10 0 
0 0.000729762 0.00393323 0.00958938 0.0174121 0.0271192 0.0382343 0.0501491 0.0623255 0.0745595 0.0851778 0.0919866 0.0958441 0.0977522 0.0981223 0.0970549 0.0944185 0.0897959 0.0825131 0.0730273 0.0632432 0.0538098 0.044805 0.0364433 0.0289277 0.0223786 0.0168353 0.0122679 0.00858628 0.00565366 0.00334209 0.00164285 0.000625316 0.000181676 4.19028e-05 8.02719e-06 1.3019e-06 1.7519e-07 1.78692e-08 9.93257e-10 0 
0 0.000768668 0.00409071 0.00992961 0.0180109 0.0280408 0.0395258 0.0518449 0.0645559 0.0774183 0.0878141 0.094142 0.0977522 0.0995547 0.0999106 0.09891 0.09644 0.0921329 0.0852761 0.0757445 0.0654664 0.055645 0.046332 0.0376907 0.0299242 0.0231568 0.0174296 0.0127125 0.00891463 0.00589609 0.00351821 0.00175581 0.00067992 0.00020025 4.65541e-05 8.94988e-06 1.45308e-06 1.95499e-07 1.99263e-08 1.10658e-09 0 
0 0.000776378 0.00412006 0.00999153 0.0181191 0.0282069 0.0397585 0.0521512 0.0649674 0.0779443 0.0882912 0.094547 0.0981223 0.0999106 0.100265 0.0992753 0.0968307 0.0925719 0.0857877 0.0762622 0.0658908 0.0559936 0.0466233 0.0379305 0.0301174 0.0233093 0.0175477 0.0128027 0.00898324 0.00594919 0.00355952 0.00178456 0.000694937 0.000205699 4.79913e-05 9.24767e-06 1.50383e-06 2.02579e-07 2.06709e-08 1.1492e-09 0 
0 0.000753817 0.00402604 0.00978514 0.0177542 0.0276445 0.0389699 0.0511147 0.0635902 0.0762062 0.0867664 0.0933264 0.0970549 0.09891 0.0992753 0.098246 0.0957019 0.0912538 0.0841932 0.0746359 0.0645588 0.0549049 0.0457225 0.0371984 0.0295363 0.022859 0.0172075 0.0125521 0.00880279 0.0058214 0.00347209 0.00173204 0.000671011 0.000197993 4.61668e-05 8.90732e-06 1.4518e-06 1.96126e-07 2.00756e-08 1.11988e-09 0 
0 0.000704163 0.00381992 0.00933611 0.0169622 0.0264246 0.0372601 0.0488733 0.0606865 0.0724439 0.0830783 0.0903084 0.0944185 0.09644 0.0968307 0.0957019 0.0929072 0.0879979 0.0804325 0.0711182 0.0616909 0.0525257 0.0437466 0.0355901 0.0282574 0.0218662 0.0164553 0.0119956 0.00839891 0.00553163 0.00327049 0.00160923 0.000614473 0.000179551 4.17198e-05 8.0577e-06 1.3181e-06 1.78959e-07 1.84244e-08 1.03418e-09 0 
0 0.000632437 0.00351809 0.00868226 0.0158116 0.0246535 0.0347779 0.0456265 0.0565925 0.067224 0.0771554 0.0850143 0.0897959 0.0921329 0.0925719 0.0912538 0.0879979 0.0824011 0.0746877 0.0661849 0.0575881 0.0490693 0.04087 0.0332483 0.0263952 0.0204206 0.0153602 0.011185 0.00780976 0.00510821 0.0029776 0.00143443 0.000536243 0.000154601 3.57766e-05 6.92772e-06 1.14049e-06 1.56143e-07 1.62276e-08 9.20025e-10 0 
0 0.000545043 0.00314061 0.00786912 0.0143857 0.0224601 0.0317047 0.0416101 0.0516015 0.0611309 0.0698159 0.0772365 0.0825131 0.0852761 0.0857877 0.0841932 0.0804325 0.0746877 0.067761 0.0602955 0.0525503 0.0447889 0.037305 0.0303471 0.0240897 0.0186325 0.0140072 0.0101849 0.0070835 0.00458867 0.00262535 0.00123279 0.000450343 0.000128265 2.9662e-05 5.7843e-06 9.63028e-07 1.33618e-07 1.40862e-08 8.10321e-10 0 
0 0.000449248 0.0027098 0.00694512 0.0127741 0.0199841 0.0282366 0.0370788 0.0459948 0.0544575 0.0620065 0.068309 0.0730273 0.0757445 0.0762622 0.0746359 0.0711182 0.0661849 0.0602955 0.0537618 0.0468784 0.0399575 0.0332821 0.0270755 0.0214928 0.0166222 0.0124901 0.00906745 0.00627697 0.00402138 0.00225661 0.00103551 0.000372146 0.000105648 2.4633e-05 4.87622e-06 8.26654e-07 1.16897e-07 1.25566e-08 7.35327e-10 0 
0 0.000352544 0.00224944 0.00595713 0.0110647 0.0173633 0.024568 0.0322865 0.0400692 0.0474514 0.0539978 0.0593504 0.0632432 0.0654664 0.0658908 0.0645588 0.0616909 0.0575881 0.0525503 0.0468784 0.0408805 0.0348478 0.0290298 0.023621 0.018756 0.0145104 0.010905 0.00791049 0.00545784 0.00347049 0.00192739 0.000878248 0.000316647 9.11945e-05 2.17175e-05 4.40027e-06 7.62977e-07 1.10128e-07 1.2044e-08 7.16177e-10 0 
0 0.000261909 0.00178442 0.00494727 0.00933657 0.0147238 0.0208768 0.0274665 0.0341104 0.0404123 0.045997 0.0505434 0.0538098 0.055645 0.0559936 0.0549049 0.0525257 0.0490693 0.0447889 0.0399575 0.0348478 0.0297102 0.0247579 0.0201563 0.0160198 0.0124123 0.00934957 0.00680416 0.00471623 0.00302313 0.00170512 0.000797062 0.000296934 8.84003e-05 2.16598e-05 4.48679e-06 7.90733e-07 1.15442e-07 1.27202e-08 7.59697e-10 0 
0 0.000182991 0.00134051 0.00395206 0.00765401 0.0121711 0.0173138 0.0228169 0.028364 0.0336251 0.0382874 0.042082 0.044805 0.046332 0.0466233 0.0457225 0.0437466 0.04087 0.037305 0.0332821 0.0290298 0.0247579 0.0206445 0.016829 0.0134101 0.0104495 0.00796734 0.00592418 0.00423138 0.00281472 0.00166381 0.000822342 0.000322754 9.96313e-05 2.48685e-05 5.18118e-06 9.11357e-07 1.32227e-07 1.4445e-08 8.54233e-10 0 
0 0.00011938 0.000943014 0.00300512 0.0060633 0.00978439 0.0139953 0.0184918 0.0230214 0.0273164 0.0311223 0.03422 0.0364433 0.0376907 0.0379305 0.0371984 0.0355901 0.0332483 0.0303471 0.0270755 0.023621 0.0201563 0.016829 0.013761 0.0110658 0.00887061 0.00724535 0.00601032 0.0047676 0.00335024 0.00200723 0.00100632 0.00040438 0.000126232 3.12711e-05 6.39747e-06 1.101e-06 1.56223e-07 1.67034e-08 9.68009e-10 0 
0 7.21936e-05 0.000613425 0.00214225 0.00459496 0.0076125 0.0109985 0.0145966 0.0182148 0.0216435 0.0246809 0.0271531 0.0289277 0.0299242 0.0301174 0.0295363 0.0282574 0.0263952 0.0240897 0.0214928 0.018756 0.0160198 0.0134101 0.0110658 0.00925137 0.00847868 0.00912025 0.0102864 0.00990008 0.00721866 0.00391152 0.00166469 0.000592052 0.000172248 4.03532e-05 7.87134e-06 1.30364e-06 1.79186e-07 1.86374e-08 1.05409e-09 0 
0 4.01978e-05 0.000364371 0.00140401 0.00327457 0.00567552 0.00835981 0.0111873 0.014018 0.0166954 0.0190655 0.020994 0.0223786 0.0231568 0.0233093 0.022859 0.0218662 0.0204206 0.0186325 0.0166222 0.0145104 0.0124123 0.0104495 0.00887061 0.00847868 0.0111439 0.0183312 0.0269864 0.0302924 0.0210728 0.0106659 0.00381737 0.0010633 0.000253392 5.17356e-05 9.19781e-06 1.43912e-06 1.90664e-07 1.92843e-08 1.06542e-09 0 
0 2.04945e-05 0.000195541 0.000828257 0.00213932 0.00397862 0.00607754 0.00827137 0.0104485 0.0124979 0.0143079 0.0157792 0.0168353 0.0174296 0.0175477 0.0172075 0.0164553 0.0153602 0.0140072 0.0124901 0.010905 0.00934957 0.00796734 0.00724535 0.00912025 0.0183312 0.0389279 0.0712102 0.078221 0.0551901 0.0248212 0.00835271 0.00200083 0.000384119 6.44187e-05 9.92506e-06 1.43388e-06 1.82533e-07 1.80144e-08 9.76591e-10 0 
0 9.5306e-06 9.41416e-05 0.000431869 0.00124234 0.00254187 0.00413087 0.00581409 0.00747204 0.00901902 0.0103776 0.0114785 0.0122679 0.0127125 0.0128027 0.0125521 0.0119956 0.011185 0.0101849 0.00906745 0.00791049 0.00680416 0.00592418 0.00601032 0.0102864 0.0269864 0.0712102 0.0876595 0.0896946 0.0831604 0.0462387 0.0134587 0.00304768 0.000514652 7.27079e-05 9.56853e-06 1.25837e-06 1.53965e-07 1.4922e-08 7.9934e-10 0 
0 4.03431e-06 4.05529e-05 0.000196965 0.000623661 0.00142133 0.0025244 0.00376939 0.00501688 0.00617725 0.00718882 0.00800379 0.00858628 0.00891463 0.00898324 0.00880279 0.00839891 0.00780976 0.0070835 0.00627697 0.00545784 0.00471623 0.00423138 0.0047676 0.00990008 0.0302924 0.078221 0.0896946 0.091203 0.0858112 0.0553899 0.0148377 0.00329939 0.000527093 6.70992e-05 7.82256e-06 9.48996e-07 1.12695e-07 1.08308e-08 5.78303e-10 0 
0 1.55379e-06 1.56497e-05 7.85048e-05 0.000266677 0.000670659 0.00131906 0.00214291 0.00302834 0.00387734 0.00462363 0.00522469 0.00565366 0.00589609 0.00594919 0.0058214 0.00553163 0.00510821 0.00458867 0.00402138 0.00347049 0.00302313 0.00281472 0.00335024 0.00721866 0.0210728 0.0551901 0.0831604 0.0858112 0.0758041 0.0342221 0.010989 0.00243775 0.000383534 4.67031e-05 5.13666e-06 6.00614e-07 7.08209e-08 6.83857e-09 3.67507e-10 0 
0 5.44807e-07 5.43048e-06 2.7526e-05 9.73438e-05 0.00026283 0.000565965 0.00100812 0.00154193 0.00209727 0.00261016 0.00303458 0.00334209 0.00351821 0.00355952 0.00347209 0.00327049 0.0029776 0.00262535 0.00225661 0.00192739 0.00170512 0.00166381 0.00200723 0.00391152 0.0106659 0.0248212 0.0462387 0.0553899 0.0342221 0.0165117 0.0054462 0.00121903 0.000193528 2.36211e-05 2.62875e-06 3.14921e-07 3.80295e-08 3.74387e-09 2.04484e-10 0 
0 1.74051e-07 1.7017e-06 8.57365e-06 3.07567e-05 8.63239e-05 0.000197605 0.000379277 0.000626142 0.000911832 0.00119903 0.00145179 0.00164285 0.00175581 0.00178456 0.00173204 0.00160923 0.00143443 0.00123279 0.00103551 0.000878248 0.000797062 0.000822342 0.00100632 0.00166469 0.00381737 0.00835271 0.0134587 0.0148377 0.010989 0.0054462 0.00181545 0.000415359 6.78993e-05 8.71062e-06 1.05575e-06 1.37523e-07 1.74817e-08 1.7771e-09 9.95128e-11 0 
0 5.06722e-08 4.83137e-07 2.39337e-06 8.55157e-06 2.43018e-05 5.73151e-05 0.000115023 0.000200282 0.000308053 0.000425713 0.000536729 0.000625316 0.00067992 0.000694937 0.000671011 0.000614473 0.000536243 0.000450343 0.000372146 0.000316647 0.000296934 0.000322754 0.00040438 0.000592052 0.0010633 0.00200083 0.00304768 0.00329939 0.00243775 0.00121903 0.000415359 9.84198e-05 1.70712e-05 2.45173e-06 3.47015e-07 5.09977e-08 6.92166e-09 7.32699e-10 4.23603e-11 0 
0 1.34239e-08 1.24397e-07 6.02031e-07 2.11865e-06 5.99233e-06 1.42302e-05 2.90747e-05 5.1987e-05 8.25012e-05 0.000117677 0.000152592 0.000181676 0.00020025 0.000205699 0.000197993 0.000179551 0.000154601 0.000128265 0.000105648 9.11945e-05 8.84003e-05 9.96313e-05 0.000126232 0.000172248 0.000253392 0.000384119 0.000514652 0.000527093 0.000383534 0.000193528 6.78993e-05 1.70712e-05 3.32711e-06 5.75744e-07 9.87032e-08 1.63796e-08 2.37449e-09 2.62858e-10 1.57698e-11 0 
0 3.22106e-09 2.89646e-08 1.36491e-07 4.70234e-07 1.31097e-06 3.09216e-06 6.32255e-06 1.13875e-05 1.82876e-05 2.64561e-05 3.47872e-05 4.19028e-05 4.65541e-05 4.79913e-05 4.61668e-05 4.17198e-05 3.57766e-05 2.9662e-05 2.4633e-05 2.17175e-05 2.16598e-05 2.48685e-05 3.12711e-05 4.03532e-05 5.17356e-05 6.44187e-05 7.27079e-05 6.70992e-05 4.67031e-05 2.36211e-05 8.71062e-06 2.45173e-06 5.75744e-07 1.23918e-07 2.51254e-08 4.59441e-09 7.07167e-10 8.20098e-11 5.12269e-12 0 
0 6.92982e-10 6.04463e-09 2.76991e-08 9.31569e-08 2.54764e-07 5.92621e-07 1.20145e-06 2.15602e-06 3.46333e-06 5.02492e-06 6.63527e-06 8.02719e-06 8.94988e-06 9.24767e-06 8.90732e-06 8.0577e-06 6.92772e-06 5.7843e-06 4.87622e-06 4.40027e-06 4.48679e-06 5.18118e-06 6.39747e-06 7.87134e-06 9.19781e-06 9.92506e-06 9.56853e-06 7.82256e-06 5.13666e-06 2.62875e-06 1.05575e-06 3.47015e-07 9.87032e-08 2.51254e-08 5.69892e-09 1.11991e-09 1.82019e-10 2.21243e-11 1.44159e-12 0 
0 1.3094e-10 1.10841e-09 4.93899e-09 1.62009e-08 4.33746e-08 9.91825e-08 1.98488e-07 3.52975e-07 5.63793e-07 8.15574e-07 1.07586e-06 1.3019e-06 1.45308e-06 1.50383e-06 1.4518e-06 1.3181e-06 1.14049e-06 9.63028e-07 8.26654e-07 7.62977e-07 7.90733e-07 9.11357e-07 1.101e-06 1.30364e-06 1.43912e-06 1.43388e-06 1.25837e-06 9.48996e-07 6.00614e-07 3.14921e-07 1.37523e-07 5.09977e-08 1.63796e-08 4.59441e-09 1.11991e-09 2.33156e-10 3.98741e-11 5.07801e-12 3.45369e-13 0 
0 2.08112e-11 1.71137e-10 7.42074e-10 2.37469e-09 6.22155e-09 1.39691e-08 2.75451e-08 4.84266e-08 7.67034e-08 1.10323e-07 1.45019e-07 1.7519e-07 1.95499e-07 2.02579e-07 1.96126e-07 1.78959e-07 1.56143e-07 1.33618e-07 1.16897e-07 1.10128e-07 1.15442e-07 1.32227e-07 1.56223e-07 1.79186e-07 1.90664e-07 1.82533e-07 1.53965e-07 1.12695e-07 7.08209e-08 3.80295e-08 1.74817e-08 6.92166e-09 2.37449e-09 7.07167e-10 1.82019e-10 3.98741e-11 7.15605e-12 9.53717e-13 6.76827e-14 0 
0 2.51083e-12 2.00847e-11 8.4851e-11 2.65134e-10 6.80086e-10 1.49938e-09 2.91194e-09 5.05713e-09 7.93472e-09 1.13341e-08 1.483e-08 1.78692e-08 1.99263e-08 2.06709e-08 2.00756e-08 1.84244e-08 1.62276e-08 1.40862e-08 1.25566e-08 1.2044e-08 1.27202e-08 1.4445e-08 1.67034e-08 1.86374e-08 1.92843e-08 1.80144e-08 1.4922e-08 1.08308e-08 6.83857e-09 3.74387e-09 1.7771e-09 7.32699e-10 2.62858e-10 8.20098e-11 2.21243e-11 5.07801e-12 9.53717e-13 1.32779e-13 9.82185e-15 0 
0 1.64262e-13 1.28011e-12 5.27669e-12 1.612e-11 4.05219e-11 8.77801e-11 1.67956e-10 2.88145e-10 4.47766e-10 6.34994e-10 8.26725e-10 9.93257e-10 1.10658e-09 1.1492e-09 1.11988e-09 1.03418e-09 9.20025e-10 8.10321e-10 7.35327e-10 7.16177e-10 7.59697e-10 8.54233e-10 9.68009e-10 1.05409e-09 1.06542e-09 9.76591e-10 7.9934e-10 5.78303e-10 3.67507e-10 2.04484e-10 9.95128e-11 4.23603e-11 1.57698e-11 5.12269e-12 1.44159e-12 3.45369e-13 6.76827e-14 9.82185e-15 7.5611e-16 0 
0 0 0 0 0 0 0 0 0 0 0 0 0 0 0 0 0 0 0 0 0 0 0 0 0 0 0 0 0 0 0 0 0 0 0 0 0 0 0 0 0 
