0 0 0 0 0 0 0 0 0 0 0 0 0 0 0 0 0 0 0 0 0 0 0 0 0 0 0 0 0 0 0 0 0 0 0 0 0 0 0 0 0 
0 4.48269e-07 3.98038e-06 1.74292e-05 5.22536e-05 0.000119784 0.00022386 0.000357855 0.00050795 0.000658428 0.00079532 0.000907903 0.000988916 0.00103431 0.00104289 0.00101596 0.000956964 0.000871122 0.000765039 0.000646314 0.00052307 0.00040337 0.000294478 0.00020201 0.000129169 7.63618e-05 4.14235e-05 2.04913e-05 9.20359e-06 3.74464e-06 1.37931e-06 4.60094e-07 1.39013e-07 3.80012e-08 9.36073e-09 2.05803e-09 3.95842e-10 6.38318e-11 7.79224e-12 5.14662e-13 0 
0 3.98038e-06 3.60458e-05 0.000154887 0.000435643 0.000906168 0.00151934 0.00219608 0.00286918 0.0034921 0.00403197 0.00446401 0.0047702 0.00493985 0.00497027 0.00486678 0.00464176 0.00431305 0.00390195 0.00343124 0.00292376 0.00240194 0.00188824 0.00140604 0.000979158 0.000628608 0.00036675 0.000192132 8.96783e-05 3.71924e-05 1.37281e-05 4.52813e-06 1.34031e-06 3.56851e-07 8.53389e-08 1.8191e-08 3.39208e-09 5.307e-10 6.29353e-11 4.04441e-12 0 
0 1.74292e-05 0.000154887 0.000614681 0.00152092 0.00276485 0.00416536 0.00560842 0.00702372 0.00834593 0.00950813 0.0104491 0.0111211 0.0114947 0.0115611 0.0113313 0.0108343 0.0101127 0.0092181 0.00820562 0.0071285 0.00603351 0.00495776 0.00392865 0.00296848 0.00210257 0.0013652 0.000792998 0.000403598 0.000177928 6.79243e-05 2.26313e-05 6.65115e-06 1.73897e-06 4.05836e-07 8.41678e-08 1.52552e-08 2.32052e-09 2.67831e-10 1.67756e-11 0 
0 5.22536e-05 0.000435643 0.00152092 0.00327392 0.00540129 0.00773972 0.010195 0.012651 0.0149718 0.0170232 0.0186884 0.0198791 0.0205413 0.0206587 0.0202508 0.0193694 0.0180908 0.0165082 0.0147218 0.0128311 0.0109261 0.00908176 0.00735205 0.00576768 0.00433939 0.00307228 0.00198833 0.0011352 0.000553969 0.000227473 7.89058e-05 2.34949e-05 6.10938e-06 1.40261e-06 2.84547e-07 5.03257e-08 7.46602e-09 8.40881e-10 5.14539e-11 0 
0 0.000119784 0.000906168 0.00276485 0.00540129 0.00853908 0.0120634 0.0158164 0.0195902 0.0231625 0.026322 0.0288874 0.0307219 0.0317423 0.0319229 0.0312943 0.0299359 0.0279659 0.0255277 0.0227768 0.0198669 0.0169391 0.0141131 0.0114808 0.00910258 0.00700385 0.00517732 0.0036002 0.00227202 0.00124204 0.000564786 0.000210394 6.50107e-05 1.70812e-05 3.89685e-06 7.78479e-07 1.35e-07 1.96065e-08 2.16162e-09 1.29574e-10 0 
0 0.00022386 0.00151934 0.00416536 0.00773972 0.0120634 0.0169785 0.0222303 0.0275154 0.0325195 0.0369459 0.0405406 0.0431127 0.0445457 0.0447999 0.0439161 0.0420101 0.039249 0.035833 0.0319792 0.0279033 0.0238034 0.0198482 0.0161691 0.0128565 0.0099587 0.00748058 0.00538625 0.00362247 0.00217408 0.00109941 0.000448788 0.0001471 3.97043e-05 9.09973e-06 1.80315e-06 3.08201e-07 4.39983e-08 4.76458e-09 2.80609e-10 0 
0 0.000357855 0.00219608 0.00560842 0.010195 0.0158164 0.0222303 0.0290879 0.0359902 0.0425263 0.0483154 0.0530902 0.0567868 0.0591397 0.059596 0.0580809 0.0551463 0.0513533 0.0468578 0.0418211 0.0364978 0.0311439 0.0259797 0.0211775 0.0168574 0.0130874 0.00988568 0.00722128 0.00502059 0.00320575 0.00177155 0.000794488 0.00028005 7.87412e-05 1.83158e-05 3.62536e-06 6.13892e-07 8.64957e-08 9.23174e-09 5.35797e-10 0 
0 0.00050795 0.00286918 0.00702372 0.012651 0.0195902 0.0275154 0.0359902 0.0445212 0.0526195 0.0601468 0.0679123 0.0744794 0.078 0.0786308 0.0765895 0.0717079 0.0648258 0.0581305 0.0517407 0.04515 0.0385331 0.0321515 0.0262181 0.0208818 0.0162284 0.0122854 0.00902709 0.00637634 0.00422159 0.00248654 0.00121063 0.000460112 0.000135907 3.23388e-05 6.43226e-06 1.08401e-06 1.5131e-07 1.59688e-08 9.15994e-10 0 
0 0.000658428 0.0034921 0.00834593 0.0149718 0.0231625 0.0325195 0.0425263 0.0526195 0.0627164 0.0745134 0.0835042 0.0878819 0.0898693 0.0902502 0.0891668 0.0863299 0.0806419 0.0709303 0.0613958 0.0533584 0.0455313 0.0379963 0.0309913 0.0246921 0.0192005 0.0145511 0.01072 0.00762933 0.00515313 0.00316488 0.00164259 0.000668484 0.000207804 5.08047e-05 1.01975e-05 1.71663e-06 2.38153e-07 2.49262e-08 1.41694e-09 0 
0 0.00079532 0.00403197 0.00950813 0.0170232 0.026322 0.0369459 0.0483154 0.0601468 0.0745134 0.0858688 0.0912943 0.0942247 0.0956699 0.0959714 0.0952048 0.0932496 0.0896841 0.0832929 0.0718323 0.0608149 0.0517313 0.0431677 0.0352144 0.028063 0.0218293 0.0165535 0.0122115 0.00872331 0.00595653 0.00375497 0.00204031 0.000878201 0.000286102 7.19056e-05 1.45955e-05 2.46042e-06 3.40138e-07 3.53962e-08 1.99887e-09 0 
0 0.000907903 0.00446401 0.0104491 0.0186884 0.0288874 0.0405406 0.0530902 0.0679123 0.0835042 0.0912943 0.0954663 0.0978764 0.0991069 0.0993772 0.0987412 0.0971266 0.0942863 0.0895793 0.0811047 0.0678411 0.0568297 0.0473699 0.0386449 0.0308012 0.0239645 0.0181795 0.013421 0.0096061 0.00659849 0.0042256 0.00236791 0.00106282 0.000359848 9.26939e-05 1.90267e-05 3.21619e-06 4.439e-07 4.60266e-08 2.58764e-09 0 
0 0.000988916 0.0047702 0.0111211 0.0198791 0.0307219 0.0431127 0.0567868 0.0744794 0.0878819 0.0942247 0.0978764 0.100053 0.101183 0.101438 0.100866 0.0994096 0.0968861 0.0928462 0.0860798 0.0737787 0.0606699 0.0503823 0.0410996 0.0327606 0.0254925 0.019343 0.014286 0.010236 0.00705379 0.00455816 0.00260363 0.00120199 0.000418456 0.000109858 2.2762e-05 3.85923e-06 5.32481e-07 5.51062e-08 3.09014e-09 0 
0 0.00103431 0.00493985 0.0114947 0.0205413 0.0317423 0.0445457 0.0591397 0.078 0.0898693 0.0956699 0.0991069 0.101183 0.102269 0.102519 0.101974 0.100588 0.0981994 0.0944303 0.0883071 0.0771139 0.0630018 0.0520675 0.0424674 0.0338525 0.0263443 0.0199918 0.0147685 0.0105872 0.00730716 0.00474322 0.00273665 0.00128324 0.000454078 0.00012062 2.51496e-05 4.27486e-06 5.90124e-07 6.1043e-08 3.41998e-09 0 
0 0.00104289 0.00497027 0.0115611 0.0206587 0.0319229 0.0447999 0.059596 0.0786308 0.0902502 0.0959714 0.0993772 0.101438 0.102519 0.102768 0.102227 0.100851 0.0984833 0.0947544 0.0887256 0.0777251 0.0634467 0.0523717 0.0427139 0.0340498 0.0264986 0.0201098 0.0148568 0.0106521 0.0073549 0.00477953 0.00276462 0.00130178 0.000462842 0.00012343 2.58029e-05 4.39307e-06 6.07094e-07 6.28485e-08 3.52353e-09 0 
0 0.00101596 0.00486678 0.0113313 0.0202508 0.0312943 0.0439161 0.0580809 0.0765895 0.0891668 0.0952048 0.0987412 0.100866 0.101974 0.102227 0.10167 0.10025 0.097799 0.0939078 0.0875068 0.0757606 0.0619777 0.0513405 0.0418797 0.0333849 0.025981 0.0197166 0.0145656 0.0104416 0.00720532 0.00467359 0.002692 0.00125959 0.000445109 0.00011827 2.47001e-05 4.20849e-06 5.82551e-07 6.04339e-08 3.39594e-09 0 
0 0.000956964 0.00464176 0.0108343 0.0193694 0.0299359 0.0420101 0.0551463 0.0717079 0.0863299 0.0932496 0.0971266 0.0994096 0.100588 0.100851 0.10025 0.0987225 0.0960594 0.0917392 0.0842912 0.0712539 0.0590153 0.0491153 0.0400713 0.0319428 0.0248579 0.0188629 0.0139326 0.00998306 0.00687754 0.00443897 0.00252931 0.00116452 0.00040508 0.000106563 2.21718e-05 3.77913e-06 5.24469e-07 5.46077e-08 3.08137e-09 0 
0 0.000871122 0.00431305 0.0101127 0.0180908 0.0279659 0.039249 0.0513533 0.0648258 0.0806419 0.0896841 0.0942863 0.0968861 0.0981994 0.0984833 0.097799 0.0960594 0.0929664 0.0877168 0.0779627 0.0651514 0.0550186 0.0458955 0.0374467 0.0298498 0.0232278 0.0176239 0.0130137 0.00931662 0.00639946 0.00409556 0.00229295 0.00102974 0.000349964 9.07693e-05 1.87932e-05 3.20671e-06 4.46923e-07 4.68049e-08 2.65842e-09 0 
0 0.000765039 0.00390195 0.0092181 0.0165082 0.0255277 0.035833 0.0468578 0.0581305 0.0709303 0.0832929 0.0895793 0.0928462 0.0944303 0.0947544 0.0939078 0.0917392 0.0877168 0.0802289 0.0687297 0.0589226 0.0502164 0.0419138 0.0341982 0.0272597 0.0212111 0.0160914 0.0118774 0.00849145 0.0058056 0.00366943 0.00200584 0.000873072 0.000288839 7.38183e-05 1.523e-05 2.60776e-06 3.66039e-07 3.86741e-08 2.21769e-09 0 
0 0.000646314 0.00343124 0.00820562 0.0147218 0.0227768 0.0319792 0.0418211 0.0517407 0.0613958 0.0718323 0.0811047 0.0860798 0.0883071 0.0887256 0.0875068 0.0842912 0.0779627 0.0687297 0.0602948 0.0525212 0.0448315 0.0374225 0.0305339 0.024339 0.0189379 0.0143652 0.0105979 0.00756174 0.00513622 0.00319497 0.00169918 0.000716275 0.000231324 5.8524e-05 1.20903e-05 2.08667e-06 2.96169e-07 3.16807e-08 1.83963e-09 0 
0 0.00052307 0.00292376 0.0071285 0.0128311 0.0198669 0.0279033 0.0364978 0.04515 0.0533584 0.0608149 0.0678411 0.0737787 0.0771139 0.0777251 0.0757606 0.0712539 0.0651514 0.0589226 0.0525212 0.0458461 0.0391406 0.0326733 0.0266604 0.0212529 0.0165382 0.0125452 0.00925117 0.00658561 0.00444125 0.00272079 0.00141471 0.00058348 0.000186239 4.71416e-05 9.82596e-06 1.71795e-06 2.47321e-07 2.68283e-08 1.57836e-09 0 
0 0.00040337 0.00240194 0.00603351 0.0109261 0.0169391 0.0238034 0.0311439 0.0385331 0.0455313 0.0517313 0.0568297 0.0606699 0.0630018 0.0634467 0.0619777 0.0590153 0.0550186 0.0502164 0.0448315 0.0391406 0.0334174 0.0278981 0.0227673 0.0181543 0.0141337 0.01073 0.00791983 0.00563834 0.00379606 0.00231887 0.0012039 0.000498097 0.000160416 4.11246e-05 8.6892e-06 1.5386e-06 2.23957e-07 2.45174e-08 1.453e-09 0 
0 0.000294478 0.00188824 0.00495776 0.00908176 0.0141131 0.0198482 0.0259797 0.0321515 0.0379963 0.0431677 0.0473699 0.0503823 0.0520675 0.0523717 0.0513405 0.0491153 0.0458955 0.0419138 0.0374225 0.0326733 0.0278981 0.0232944 0.0190176 0.0151798 0.0118539 0.00906811 0.00678532 0.00491193 0.00336105 0.00209381 0.00111804 0.000477347 0.000157618 4.10036e-05 8.7188e-06 1.54566e-06 2.24582e-07 2.44992e-08 1.44522e-09 0 
0 0.00020201 0.00140604 0.00392865 0.00735205 0.0114808 0.0161691 0.0211775 0.0262181 0.0309913 0.0352144 0.0386449 0.0410996 0.0424674 0.0427139 0.0418797 0.0400713 0.0374467 0.0341982 0.0305339 0.0266604 0.0227673 0.0190176 0.0155466 0.0124828 0.00997382 0.00810912 0.00670192 0.00531643 0.00376512 0.00231266 0.00122415 0.000531145 0.000178016 4.62595e-05 9.7137e-06 1.69284e-06 2.41576e-07 2.58967e-08 1.50275e-09 0 
0 0.000129169 0.000979158 0.00296848 0.00576768 0.00910258 0.0128565 0.0168574 0.0208818 0.0246921 0.028063 0.0308012 0.0327606 0.0338525 0.0340498 0.0333849 0.0319428 0.0298498 0.0272597 0.024339 0.0212529 0.0181543 0.0151798 0.0124828 0.0103624 0.00940406 0.0100357 0.0112767 0.0108417 0.00791053 0.00430528 0.00186987 0.000705183 0.000222325 5.54598e-05 1.12104e-05 1.88897e-06 2.61795e-07 2.73524e-08 1.55158e-09 0 
0 7.63618e-05 0.000628608 0.00210257 0.00433939 0.00700385 0.0099587 0.0130874 0.0162284 0.0192005 0.0218293 0.0239645 0.0254925 0.0263443 0.0264986 0.025981 0.0248579 0.0232278 0.0212111 0.0189379 0.0165382 0.0141337 0.0118539 0.00997382 0.00940406 0.0122307 0.0200446 0.0342425 0.0414195 0.023363 0.0116567 0.00418441 0.00119137 0.00030392 6.71535e-05 1.25643e-05 2.014e-06 2.69626e-07 2.74135e-08 1.51969e-09 0 
0 4.14235e-05 0.00036675 0.0013652 0.00307228 0.00517732 0.00748058 0.00988568 0.0122854 0.0145511 0.0165535 0.0181795 0.019343 0.0199918 0.0201098 0.0197166 0.0188629 0.0176239 0.0160914 0.0143652 0.0125452 0.01073 0.00906811 0.00810912 0.0100357 0.0200446 0.0491724 0.0774347 0.07953 0.0690288 0.0274285 0.00912671 0.00219805 0.000438601 7.96029e-05 1.31224e-05 1.96264e-06 2.53243e-07 2.51349e-08 1.36718e-09 0 
0 2.04913e-05 0.000192132 0.000792998 0.00198833 0.0036002 0.00538625 0.00722128 0.00902709 0.01072 0.0122115 0.013421 0.014286 0.0147685 0.0148568 0.0145656 0.0139326 0.0130137 0.0118774 0.0105979 0.00925117 0.00791983 0.00678532 0.00670192 0.0112767 0.0342425 0.0774347 0.0853895 0.0863114 0.0820622 0.0595288 0.0147119 0.00333448 0.000574725 8.6698e-05 1.23127e-05 1.69544e-06 2.11115e-07 2.05876e-08 1.10632e-09 0 
0 9.20359e-06 8.96783e-05 0.000403598 0.0011352 0.00227202 0.00362247 0.00502059 0.00637634 0.00762933 0.00872331 0.0096061 0.010236 0.0105872 0.0106521 0.0104416 0.00998306 0.00931662 0.00849145 0.00756174 0.00658561 0.00563834 0.00491193 0.00531643 0.0108417 0.0414195 0.07953 0.0863114 0.0872376 0.0838759 0.068954 0.0166078 0.00360715 0.000584504 7.85281e-05 9.87941e-06 1.26476e-06 1.53394e-07 1.48395e-08 7.94647e-10 0 
0 3.74464e-06 3.71924e-05 0.000177928 0.000553969 0.00124204 0.00217408 0.00320575 0.00422159 0.00515313 0.00595653 0.00659849 0.00705379 0.00730716 0.0073549 0.00720532 0.00687754 0.00639946 0.0058056 0.00513622 0.00444125 0.00379606 0.00336105 0.00376512 0.00791053 0.023363 0.0690288 0.0820622 0.0838759 0.0784163 0.0435514 0.0120012 0.0026659 0.000425556 5.44236e-05 6.43908e-06 7.96196e-07 9.59937e-08 9.32906e-09 5.02638e-10 0 
0 1.37931e-06 1.37281e-05 6.79243e-05 0.000227473 0.000564786 0.00109941 0.00177155 0.00248654 0.00316488 0.00375497 0.0042256 0.00455816 0.00474322 0.00477953 0.00467359 0.00443897 0.00409556 0.00366943 0.00319497 0.00272079 0.00231887 0.00209381 0.00231266 0.00430528 0.0116567 0.0274285 0.0595288 0.068954 0.0435514 0.0180314 0.00594911 0.00133576 0.00021624 2.7734e-05 3.30937e-06 4.17686e-07 5.14562e-08 5.0937e-09 2.7881e-10 0 
0 4.60094e-07 4.52813e-06 2.26313e-05 7.89058e-05 0.000210394 0.000448788 0.000794488 0.00121063 0.00164259 0.00204031 0.00236791 0.00260363 0.00273665 0.00276462 0.002692 0.00252931 0.00229295 0.00200584 0.00169918 0.00141471 0.0012039 0.00111804 0.00122415 0.00186987 0.00418441 0.00912671 0.0147119 0.0166078 0.0120012 0.00594911 0.001986 0.000458427 7.70622e-05 1.04241e-05 1.3484e-06 1.83296e-07 2.36497e-08 2.41392e-09 1.35404e-10 0 
0 1.39013e-07 1.34031e-06 6.65115e-06 2.34949e-05 6.50107e-05 0.0001471 0.00028005 0.000460112 0.000668484 0.000878201 0.00106282 0.00120199 0.00128324 0.00130178 0.00125959 0.00116452 0.00102974 0.000873072 0.000716275 0.00058348 0.000498097 0.000477347 0.000531145 0.000705183 0.00119137 0.00219805 0.00333448 0.00360715 0.0026659 0.00133576 0.000458427 0.000110705 1.99247e-05 3.02552e-06 4.52241e-07 6.84025e-08 9.36821e-09 9.94282e-10 5.75581e-11 0 
0 3.80012e-08 3.56851e-07 1.73897e-06 6.10938e-06 1.70812e-05 3.97043e-05 7.87412e-05 0.000135907 0.000207804 0.000286102 0.000359848 0.000418456 0.000454078 0.000462842 0.000445109 0.00040508 0.000349964 0.000288839 0.000231324 0.000186239 0.000160416 0.000157618 0.000178016 0.000222325 0.00030392 0.000438601 0.000574725 0.000584504 0.000425556 0.00021624 7.70622e-05 1.99247e-05 4.05409e-06 7.3756e-07 1.31066e-07 2.20797e-08 3.21521e-09 3.56481e-10 2.14076e-11 0 
0 9.36073e-09 8.53389e-08 4.05836e-07 1.40261e-06 3.89685e-06 9.09973e-06 1.83158e-05 3.23388e-05 5.08047e-05 7.19056e-05 9.26939e-05 0.000109858 0.00012062 0.00012343 0.00011827 0.000106563 9.07693e-05 7.38183e-05 5.8524e-05 4.71416e-05 4.11246e-05 4.10036e-05 4.62595e-05 5.54598e-05 6.71535e-05 7.96029e-05 8.6698e-05 7.85281e-05 5.44236e-05 2.7734e-05 1.04241e-05 3.02552e-06 7.3756e-07 1.63776e-07 3.37609e-08 6.21052e-09 9.57777e-10 1.11177e-10 6.94977e-12 0 
0 2.05803e-09 1.8191e-08 8.41678e-08 2.84547e-07 7.78479e-07 1.80315e-06 3.62536e-06 6.43226e-06 1.01975e-05 1.45955e-05 1.90267e-05 2.2762e-05 2.51496e-05 2.58029e-05 2.47001e-05 2.21718e-05 1.87932e-05 1.523e-05 1.20903e-05 9.82596e-06 8.6892e-06 8.7188e-06 9.7137e-06 1.12104e-05 1.25643e-05 1.31224e-05 1.23127e-05 9.87941e-06 6.43908e-06 3.30937e-06 1.3484e-06 4.52241e-07 1.31066e-07 3.37609e-08 7.69811e-09 1.5157e-09 2.46556e-10 2.99867e-11 1.955e-12 0 
0 3.95842e-10 3.39208e-09 1.52552e-08 5.03257e-08 1.35e-07 3.08201e-07 6.13892e-07 1.08401e-06 1.71663e-06 2.46042e-06 3.21619e-06 3.85923e-06 4.27486e-06 4.39307e-06 4.20849e-06 3.77913e-06 3.20671e-06 2.60776e-06 2.08667e-06 1.71795e-06 1.5386e-06 1.54566e-06 1.69284e-06 1.88897e-06 2.014e-06 1.96264e-06 1.69544e-06 1.26476e-06 7.96196e-07 4.17686e-07 1.83296e-07 6.84025e-08 2.20797e-08 6.21052e-09 1.5157e-09 3.15738e-10 5.40192e-11 6.88212e-12 4.68267e-13 0 
0 6.38318e-11 5.307e-10 2.32052e-09 7.46602e-09 1.96065e-08 4.39983e-08 8.64957e-08 1.5131e-07 2.38153e-07 3.40138e-07 4.439e-07 5.32481e-07 5.90124e-07 6.07094e-07 5.82551e-07 5.24469e-07 4.46923e-07 3.66039e-07 2.96169e-07 2.47321e-07 2.23957e-07 2.24582e-07 2.41576e-07 2.61795e-07 2.69626e-07 2.53243e-07 2.11115e-07 1.53394e-07 9.59937e-08 5.14562e-08 2.36497e-08 9.36821e-09 3.21521e-09 9.57777e-10 2.46556e-10 5.40192e-11 9.69643e-12 1.2926e-12 9.17595e-14 0 
0 7.79224e-12 6.29353e-11 2.67831e-10 8.40881e-10 2.16162e-09 4.76458e-09 9.23174e-09 1.59688e-08 2.49262e-08 3.53962e-08 4.60266e-08 5.51062e-08 6.1043e-08 6.28485e-08 6.04339e-08 5.46077e-08 4.68049e-08 3.86741e-08 3.16807e-08 2.68283e-08 2.45174e-08 2.44992e-08 2.58967e-08 2.73524e-08 2.74135e-08 2.51349e-08 2.05876e-08 1.48395e-08 9.32906e-09 5.0937e-09 2.41392e-09 9.94282e-10 3.56481e-10 1.11177e-10 2.99867e-11 6.88212e-12 1.2926e-12 1.79982e-13 1.3316e-14 0 
0 5.14662e-13 4.04441e-12 1.67756e-11 5.14539e-11 1.29574e-10 2.80609e-10 5.35797e-10 9.15994e-10 1.41694e-09 1.99887e-09 2.58764e-09 3.09014e-09 3.41998e-09 3.52353e-09 3.39594e-09 3.08137e-09 2.65842e-09 2.21769e-09 1.83963e-09 1.57836e-09 1.453e-09 1.44522e-09 1.50275e-09 1.55158e-09 1.51969e-09 1.36718e-09 1.10632e-09 7.94647e-10 5.02638e-10 2.7881e-10 1.35404e-10 5.75581e-11 2.14076e-11 6.94977e-12 1.955e-12 4.68267e-13 9.17595e-14 1.3316e-14 1.02519e-15 0 
0 0 0 0 0 0 0 0 0 0 0 0 0 0 0 0 0 0 0 0 0 0 0 0 0 0 0 0 0 0 0 0 0 0 0 0 0 0 0 0 0 
