0 0 0 0 0 0 0 0 0 0 0 0 0 0 0 0 0 0 0 0 0 0 0 0 0 0 0 0 0 0 0 0 0 0 0 0 0 0 0 0 0 
0 5.99935e-08 5.5101e-07 2.57898e-06 8.54622e-06 2.21978e-05 4.74874e-05 8.65251e-05 0.000137978 0.000197045 0.000256824 0.000310093 0.000350739 0.000374585 0.000379713 0.000366417 0.000336943 0.000295066 0.000245558 0.000193545 0.000143834 0.000100254 6.51669e-05 3.9282e-05 2.18483e-05 1.11682e-05 5.23332e-06 2.24549e-06 8.82302e-07 3.17737e-07 1.04989e-07 3.18545e-08 8.87255e-09 2.26389e-09 5.26354e-10 1.10302e-10 2.03927e-11 3.18346e-12 3.78444e-13 2.44592e-14 0 
0 5.5101e-07 5.25704e-06 2.5184e-05 8.34946e-05 0.000211397 0.000430978 0.000738062 0.00110221 0.00148095 0.00183369 0.00212839 0.00234303 0.00246489 0.00248961 0.00242008 0.00226552 0.0020403 0.00176293 0.00145493 0.00113964 0.000840417 0.000577988 0.000367041 0.00021324 0.000112528 5.37138e-05 2.31711e-05 9.04913e-06 3.20992e-06 1.03799e-06 3.06899e-07 8.30926e-08 2.05846e-08 4.64552e-09 9.45346e-10 1.6987e-10 2.58042e-11 2.98902e-12 1.88509e-13 0 
0 2.57898e-06 2.5184e-05 0.000120171 0.000382191 0.000896099 0.00165977 0.00258467 0.00356034 0.00449595 0.00532457 0.00599709 0.00647884 0.00674918 0.00680174 0.00664391 0.00629516 0.00578444 0.00514716 0.0044222 0.00364992 0.00287154 0.00212966 0.00146771 0.000924747 0.000524456 0.000264717 0.000118367 4.69853e-05 1.66663e-05 5.32535e-06 1.54371e-06 4.07873e-07 9.83663e-08 2.15912e-08 4.2736e-09 7.47443e-10 1.10631e-10 1.2503e-11 7.70432e-13 0 
0 8.54622e-06 8.34946e-05 0.000382191 0.00111308 0.00233234 0.0038917 0.00560233 0.00732353 0.00894808 0.0103834 0.0115502 0.0123872 0.0128567 0.0129464 0.0126689 0.0120592 0.0111696 0.0100634 0.00880903 0.00747321 0.00611677 0.00479306 0.00355108 0.00244238 0.00152356 0.000841683 0.00040475 0.000168557 6.11961e-05 1.96234e-05 5.63244e-06 1.46159e-06 3.4466e-07 7.38187e-08 1.42484e-08 2.43088e-09 3.51268e-10 3.88017e-11 2.33998e-12 0 
0 2.21978e-05 0.000211397 0.000896099 0.00233234 0.00439976 0.00682994 0.00942712 0.0120382 0.0145136 0.0167086 0.0184968 0.019781 0.0205014 0.0206379 0.0202102 0.0192726 0.0179066 0.0162118 0.0142957 0.012264 0.0102125 0.00822018 0.00634719 0.00463889 0.00314009 0.00191021 0.00101109 0.000455336 0.000173894 5.70907e-05 1.644e-05 4.22544e-06 9.79839e-07 2.05628e-07 3.88325e-08 6.4804e-09 9.16436e-10 9.91592e-11 5.86416e-12 0 
0 4.74874e-05 0.000430978 0.00165977 0.0038917 0.00682994 0.0102019 0.0138115 0.0174556 0.0209188 0.0239939 0.0265008 0.0283018 0.0293118 0.0295029 0.0289024 0.0275867 0.025671 0.0232959 0.0206136 0.0177744 0.0149156 0.0121519 0.00956957 0.00722461 0.00514956 0.00337545 0.00195927 0.000967969 0.000397751 0.000136493 4.00236e-05 1.02889e-05 2.3616e-06 4.87907e-07 9.04846e-08 1.48165e-08 2.05615e-09 2.18457e-10 1.26975e-11 0 
0 8.65251e-05 0.000738062 0.00258467 0.00560233 0.00942712 0.0138115 0.0185208 0.0232838 0.0278143 0.0318387 0.0351203 0.0374783 0.0388011 0.0390515 0.0382655 0.0365433 0.034036 0.0309281 0.0274196 0.0237086 0.0199761 0.0163749 0.0130216 0.00999308 0.00732726 0.00503537 0.00313586 0.00168907 0.000753911 0.000274723 8.31815e-05 2.15996e-05 4.9403e-06 1.00973e-06 1.84606e-07 2.9758e-08 4.0642e-09 4.25106e-10 2.43419e-11 0 
0 0.000137978 0.00110221 0.00356034 0.00732353 0.0120382 0.0174556 0.0232838 0.0291822 0.0347945 0.0397809 0.0438477 0.0467706 0.048411 0.0487226 0.0477495 0.0456163 0.0425104 0.0386607 0.0343156 0.0297209 0.0251021 0.0206495 0.0165101 0.0127827 0.00951772 0.00672304 0.00438712 0.00252932 0.00122035 0.000475357 0.000150114 3.97062e-05 9.10547e-06 1.84959e-06 3.34618e-07 5.32726e-08 7.18127e-09 7.41456e-10 4.19281e-11 0 
0 0.000197045 0.00148095 0.00449595 0.00894808 0.0145136 0.0209188 0.0278143 0.0347945 0.0414371 0.04734 0.0521555 0.0556189 0.0575651 0.0579366 0.056785 0.0542594 0.0505832 0.0460276 0.0408859 0.0354497 0.0299861 0.0247216 0.0198311 0.0154339 0.0115933 0.00832072 0.00559017 0.00338175 0.00173968 0.000722312 0.000238878 6.47198e-05 1.49518e-05 3.03038e-06 5.44349e-07 8.58544e-08 1.14555e-08 1.17058e-09 6.55305e-11 0 
0 0.000256824 0.00183369 0.00532457 0.0103834 0.0167086 0.0239939 0.0318387 0.0397809 0.04734 0.0540588 0.0595439 0.0634943 0.0657181 0.0661454 0.0648338 0.0619554 0.0577689 0.0525844 0.0467344 0.0405498 0.0343346 0.0283471 0.0227873 0.0177922 0.0134362 0.00973559 0.00665867 0.00415928 0.00224501 0.000984209 0.000340212 9.45912e-05 2.20785e-05 4.47798e-06 8.00974e-07 1.255e-07 1.66193e-08 1.68503e-09 9.36103e-11 0 
0 0.000310093 0.00212839 0.00599709 0.0115502 0.0184968 0.0265008 0.0351203 0.0438477 0.0521555 0.0595439 0.0655805 0.069926 0.0723666 0.0728381 0.0714072 0.0682507 0.063648 0.0579472 0.0515179 0.044722 0.0378929 0.0313144 0.0252071 0.0197224 0.0149435 0.0108908 0.00753068 0.00480153 0.00267997 0.00122521 0.00043976 0.000125257 2.95606e-05 6.0108e-06 1.07304e-06 1.67436e-07 2.20609e-08 2.22485e-09 1.22951e-10 0 
0 0.000350739 0.00234303 0.00647884 0.0123872 0.019781 0.0283018 0.0374783 0.0467706 0.0556189 0.0634943 0.069926 0.0745312 0.0770959 0.0775931 0.0761031 0.0727805 0.0678942 0.0618221 0.0549738 0.0477374 0.040466 0.0334615 0.0269591 0.0211207 0.0160359 0.0117279 0.00816263 0.00527002 0.00300564 0.00141467 0.000522292 0.000151699 3.61572e-05 7.37674e-06 1.3166e-06 2.05042e-07 2.69435e-08 2.70941e-09 1.49306e-10 0 
0 0.000374585 0.00246489 0.00674918 0.0128567 0.0205014 0.0293118 0.0388011 0.048411 0.0575651 0.0657181 0.0723666 0.0770959 0.0797083 0.0802173 0.0787135 0.0753262 0.0702992 0.0640225 0.0569377 0.0494532 0.0419326 0.0346876 0.0279617 0.0219228 0.0166642 0.012211 0.00852889 0.00554392 0.00320017 0.00153219 0.000575746 0.000169433 4.0686e-05 8.32891e-06 1.48827e-06 2.31804e-07 3.04512e-08 3.06109e-09 1.68655e-10 0 
0 0.000379713 0.00248961 0.00680174 0.0129464 0.0206379 0.0295029 0.0390515 0.0487226 0.0579366 0.0661454 0.0728381 0.0775931 0.0802173 0.0807329 0.079233 0.0758408 0.070793 0.0644805 0.0573519 0.0498204 0.0422515 0.0349588 0.0281878 0.0221077 0.016813 0.0123293 0.0086225 0.00561796 0.00325656 0.00156899 0.000593769 0.000175809 4.24062e-05 8.70893e-06 1.56015e-06 2.43566e-07 3.20727e-08 3.23251e-09 1.78628e-10 0 
0 0.000366417 0.00242008 0.00664391 0.0126689 0.0202102 0.0289024 0.0382655 0.0477495 0.056785 0.0648338 0.0714072 0.0761031 0.0787135 0.079233 0.0777476 0.0743974 0.0694366 0.0632501 0.0562653 0.048882 0.0414596 0.0343065 0.0276636 0.0216971 0.0164999 0.0120971 0.00845514 0.00550134 0.00318078 0.0015274 0.000576612 0.000170691 4.12539e-05 8.50232e-06 1.53005e-06 2.40123e-07 3.18057e-08 3.2265e-09 1.79573e-10 0 
0 0.000336943 0.00226552 0.00629516 0.0120592 0.0192726 0.0275867 0.0365433 0.0456163 0.0542594 0.0619554 0.0682507 0.0727805 0.0753262 0.0758408 0.0743974 0.0711607 0.0664049 0.0604947 0.0538216 0.0467627 0.0396636 0.0328201 0.0264627 0.0207507 0.0157725 0.0115518 0.00805588 0.00521676 0.00299062 0.00141987 0.000530752 0.000156422 3.78579e-05 7.84555e-06 1.42332e-06 2.25567e-07 3.02092e-08 3.10175e-09 1.7488e-10 0 
0 0.000295066 0.0020403 0.00578444 0.0111696 0.0179066 0.025671 0.034036 0.0425104 0.0505832 0.0577689 0.063648 0.0678942 0.0702992 0.070793 0.0694366 0.0664049 0.0619687 0.0564613 0.0502384 0.0436515 0.0370249 0.030635 0.0246968 0.0193587 0.0147028 0.0107501 0.00746907 0.00479967 0.00271514 0.00126773 0.000467646 0.000137228 3.33656e-05 6.98992e-06 1.28685e-06 2.07458e-07 2.8308e-08 2.96439e-09 1.70556e-10 0 
0 0.000245558 0.00176293 0.00514716 0.0100634 0.0162118 0.0232959 0.0309281 0.0386607 0.0460276 0.0525844 0.0579472 0.0618221 0.0640225 0.0644805 0.0632501 0.0604947 0.0564613 0.0514492 0.0457817 0.0397805 0.0337419 0.0279175 0.022503 0.0176328 0.0133805 0.00976363 0.00675234 0.00429819 0.00239481 0.00109984 0.000402 0.00011835 2.91904e-05 6.24791e-06 1.17983e-06 1.95459e-07 2.7421e-08 2.95085e-09 1.74249e-10 0 
0 0.000193545 0.00145493 0.0044222 0.00880903 0.0142957 0.0206136 0.0274196 0.0343156 0.0408859 0.0467344 0.0515179 0.0549738 0.0569377 0.0573519 0.0562653 0.0538216 0.0502384 0.0457817 0.0407405 0.035402 0.0300302 0.0248487 0.020031 0.0156954 0.0119056 0.0086745 0.00597543 0.00377411 0.00208165 0.000950777 0.000350046 0.000105324 2.68186e-05 5.95282e-06 1.16635e-06 2.00113e-07 2.89812e-08 3.20691e-09 1.93904e-10 0 
0 0.000143834 0.00113964 0.00364992 0.00747321 0.012264 0.0177744 0.0237086 0.0297209 0.0354497 0.0405498 0.044722 0.0477374 0.0494532 0.0498204 0.048882 0.0467627 0.0436515 0.0397805 0.035402 0.0307666 0.0261039 0.0216084 0.0174302 0.0136702 0.0103812 0.00757194 0.00522032 0.00330412 0.00183815 0.000858558 0.000328494 0.000103763 2.77728e-05 6.44887e-06 1.31199e-06 2.31894e-07 3.43434e-08 3.86122e-09 2.35923e-10 0 
0 0.000100254 0.000840417 0.00287154 0.00611677 0.0102125 0.0149156 0.0199761 0.0251021 0.0299861 0.0343346 0.0378929 0.040466 0.0419326 0.0422515 0.0414596 0.0396636 0.0370249 0.0337419 0.0300302 0.0261039 0.0221591 0.0183616 0.0148379 0.0116727 0.00890859 0.00655203 0.00458368 0.00297866 0.00173223 0.000861894 0.000354507 0.000119668 3.37002e-05 8.09438e-06 1.67957e-06 2.99639e-07 4.44635e-08 4.98346e-09 3.02496e-10 0 
0 6.51669e-05 0.000577988 0.00212966 0.00479306 0.00822018 0.0121519 0.0163749 0.0206495 0.0247216 0.0283471 0.0313144 0.0334615 0.0346876 0.0349588 0.0343065 0.0328201 0.030635 0.0279175 0.0248487 0.0216084 0.0183616 0.0152471 0.0123713 0.00980672 0.00759455 0.00574178 0.00420865 0.00292355 0.00184583 0.00100425 0.000448147 0.000160222 4.6426e-05 1.12207e-05 2.31192e-06 4.06683e-07 5.92976e-08 6.52085e-09 3.88229e-10 0 
0 3.9282e-05 0.000367041 0.00146771 0.00355108 0.00634719 0.00956957 0.0130216 0.0165101 0.0198311 0.0227873 0.0252071 0.0269591 0.0279617 0.0281878 0.0276636 0.0264627 0.0246968 0.022503 0.020031 0.0174302 0.0148379 0.0123713 0.0101249 0.00818257 0.00662924 0.00549303 0.00460956 0.00366152 0.00253104 0.00144605 0.00066392 0.000239579 6.8384e-05 1.60336e-05 3.19391e-06 5.44011e-07 7.6971e-08 8.23107e-09 4.77579e-10 0 
0 2.18483e-05 0.00021324 0.000924747 0.00244238 0.00463889 0.00722461 0.00999308 0.0127827 0.0154339 0.0177922 0.0197224 0.0211207 0.0219228 0.0221077 0.0216971 0.0207507 0.0193587 0.0176328 0.0156954 0.0136702 0.0116727 0.00980672 0.00818257 0.00699199 0.00659548 0.00725591 0.00826921 0.00798218 0.00580983 0.00311354 0.00127111 0.000410365 0.000105987 2.27015e-05 4.21833e-06 6.84189e-07 9.32877e-08 9.67175e-09 5.46179e-10 0 
0 1.11682e-05 0.000112528 0.000524456 0.00152356 0.00314009 0.00514956 0.00732726 0.00951772 0.0115933 0.0134362 0.0149435 0.0160359 0.0166642 0.016813 0.0164999 0.0157725 0.0147028 0.0133805 0.0119056 0.0103812 0.00890859 0.00759455 0.00662924 0.00659548 0.00893018 0.0148412 0.0216874 0.0231783 0.0171075 0.00864782 0.00307155 0.000819928 0.000175461 3.17298e-05 5.20372e-06 7.84758e-07 1.02577e-07 1.03206e-08 5.68624e-10 0 
0 5.23332e-06 5.37138e-05 0.000264717 0.000841683 0.00191021 0.00337545 0.00503537 0.00672304 0.00832072 0.00973559 0.0108908 0.0117279 0.012211 0.0123293 0.0120971 0.0115518 0.0107501 0.00976363 0.0086745 0.00757194 0.00655203 0.00574178 0.00549303 0.00725591 0.0148412 0.0313031 0.0508403 0.0575577 0.0406454 0.0201638 0.00677623 0.00160333 0.000288554 4.28706e-05 5.91082e-06 8.04554e-07 1.00261e-07 9.82526e-09 5.30888e-10 0 
0 2.24549e-06 2.31711e-05 0.000118367 0.00040475 0.00101109 0.00195927 0.00313586 0.00438712 0.00559017 0.00665867 0.00753068 0.00816263 0.00852889 0.0086225 0.00845514 0.00805588 0.00746907 0.00675234 0.00597543 0.00522032 0.00458368 0.00420865 0.00460956 0.00826921 0.0216874 0.0508403 0.0812679 0.0865283 0.0687056 0.0331354 0.0109318 0.00246458 0.000401495 5.13643e-05 5.97288e-06 7.23141e-07 8.57646e-08 8.23721e-09 4.39684e-10 0 
0 8.82302e-07 9.04913e-06 4.69853e-05 0.000168557 0.000455336 0.000967969 0.00168907 0.00252932 0.00338175 0.00415928 0.00480153 0.00527002 0.00554392 0.00561796 0.00550134 0.00521676 0.00479967 0.00429819 0.00377411 0.00330412 0.00297866 0.00292355 0.00366152 0.00798218 0.0231783 0.0575577 0.0865283 0.0902584 0.0769244 0.0371145 0.012054 0.00267315 0.000416465 4.89203e-05 5.0493e-06 5.55353e-07 6.33725e-08 6.02546e-09 3.20572e-10 0 
0 3.17737e-07 3.20992e-06 1.66663e-05 6.11961e-05 0.000173894 0.000397751 0.000753911 0.00122035 0.00173968 0.00224501 0.00267997 0.00300564 0.00320017 0.00325656 0.00318078 0.00299062 0.00271514 0.00239481 0.00208165 0.00183815 0.00173223 0.00184583 0.00253104 0.00580983 0.0171075 0.0406454 0.0687056 0.0769244 0.0555342 0.0271637 0.00892718 0.00197398 0.000303094 3.43453e-05 3.36193e-06 3.5463e-07 4.004e-08 3.82331e-09 2.04774e-10 0 
0 1.04989e-07 1.03799e-06 5.32535e-06 1.96234e-05 5.70907e-05 0.000136493 0.000274723 0.000475357 0.000722312 0.000984209 0.00122521 0.00141467 0.00153219 0.00156899 0.0015274 0.00141987 0.00126773 0.00109984 0.000950777 0.000858558 0.000861894 0.00100425 0.00144605 0.00311354 0.00864782 0.0201638 0.0331354 0.0371145 0.0271637 0.0134164 0.00442191 0.000983471 0.000151496 1.72019e-05 1.70873e-06 1.85564e-07 2.15353e-08 2.09935e-09 1.14332e-10 0 
0 3.18545e-08 3.06899e-07 1.54371e-06 5.63244e-06 1.644e-05 4.00236e-05 8.31815e-05 0.000150114 0.000238878 0.000340212 0.00043976 0.000522292 0.000575746 0.000593769 0.000576612 0.000530752 0.000467646 0.000402 0.000350046 0.000328494 0.000354507 0.000448147 0.00066392 0.00127111 0.00307155 0.00677623 0.0109318 0.012054 0.00892718 0.00442191 0.0014693 0.000331261 5.20142e-05 6.16556e-06 6.68708e-07 8.01678e-08 9.88979e-09 9.98176e-10 5.57694e-11 0 
0 8.87255e-09 8.30926e-08 4.07873e-07 1.46159e-06 4.22544e-06 1.02889e-05 2.15996e-05 3.97062e-05 6.47198e-05 9.45912e-05 0.000125257 0.000151699 0.000169433 0.000175809 0.000170691 0.000156422 0.000137228 0.00011835 0.000105324 0.000103763 0.000119668 0.000160222 0.000239579 0.000410365 0.000819928 0.00160333 0.00246458 0.00267315 0.00197398 0.000983471 0.000331261 7.63853e-05 1.25618e-05 1.65093e-06 2.11475e-07 2.93236e-08 3.90857e-09 4.11943e-10 2.37769e-11 0 
0 2.26389e-09 2.05846e-08 9.83663e-08 3.4466e-07 9.79839e-07 2.3616e-06 4.9403e-06 9.10547e-06 1.49518e-05 2.20785e-05 2.95606e-05 3.61572e-05 4.0686e-05 4.24062e-05 4.12539e-05 3.78579e-05 3.33656e-05 2.91904e-05 2.68186e-05 2.77728e-05 3.37002e-05 4.6426e-05 6.8384e-05 0.000105987 0.000175461 0.000288554 0.000401495 0.000416465 0.000303094 0.000151496 5.20142e-05 1.25618e-05 2.28878e-06 3.62584e-07 5.79098e-08 9.31626e-09 1.33893e-09 1.47873e-10 8.86097e-12 0 
0 5.26354e-10 4.64552e-09 2.15912e-08 7.38187e-08 2.05628e-07 4.87907e-07 1.00973e-06 1.84959e-06 3.03038e-06 4.47798e-06 6.0108e-06 7.37674e-06 8.32891e-06 8.70893e-06 8.50232e-06 7.84555e-06 6.98992e-06 6.24791e-06 5.95282e-06 6.44887e-06 8.09438e-06 1.12207e-05 1.60336e-05 2.27015e-05 3.17298e-05 4.28706e-05 5.13643e-05 4.89203e-05 3.43453e-05 1.72019e-05 6.16556e-06 1.65093e-06 3.62584e-07 7.33967e-08 1.43794e-08 2.59763e-09 3.98469e-10 4.61526e-11 2.88041e-12 0 
0 1.10302e-10 9.45346e-10 4.2736e-09 1.42484e-08 3.88325e-08 9.04846e-08 1.84606e-07 3.34618e-07 5.44349e-07 8.00974e-07 1.07304e-06 1.3166e-06 1.48827e-06 1.56015e-06 1.53005e-06 1.42332e-06 1.28685e-06 1.17983e-06 1.16635e-06 1.31199e-06 1.67957e-06 2.31192e-06 3.19391e-06 4.21833e-06 5.20372e-06 5.91082e-06 5.97288e-06 5.0493e-06 3.36193e-06 1.70873e-06 6.68708e-07 2.11475e-07 5.79098e-08 1.43794e-08 3.22594e-09 6.31633e-10 1.02531e-10 1.24535e-11 8.10936e-13 0 
0 2.03927e-11 1.6987e-10 7.47443e-10 2.43088e-09 6.4804e-09 1.48165e-08 2.9758e-08 5.32726e-08 8.58544e-08 1.255e-07 1.67436e-07 2.05042e-07 2.31804e-07 2.43566e-07 2.40123e-07 2.25567e-07 2.07458e-07 1.95459e-07 2.00113e-07 2.31894e-07 2.99639e-07 4.06683e-07 5.44011e-07 6.84189e-07 7.84758e-07 8.04554e-07 7.23141e-07 5.55353e-07 3.5463e-07 1.85564e-07 8.01678e-08 2.93236e-08 9.31626e-09 2.59763e-09 6.31633e-10 1.31378e-10 2.24566e-11 2.85856e-12 1.94326e-13 0 
0 3.18346e-12 2.58042e-11 1.10631e-10 3.51268e-10 9.16436e-10 2.05615e-09 4.0642e-09 7.18127e-09 1.14555e-08 1.66193e-08 2.20609e-08 2.69435e-08 3.04512e-08 3.20727e-08 3.18057e-08 3.02092e-08 2.8308e-08 2.7421e-08 2.89812e-08 3.43434e-08 4.44635e-08 5.92976e-08 7.6971e-08 9.32877e-08 1.02577e-07 1.00261e-07 8.57646e-08 6.33725e-08 4.004e-08 2.15353e-08 9.88979e-09 3.90857e-09 1.33893e-09 3.98469e-10 1.02531e-10 2.24566e-11 4.0293e-12 5.36852e-13 3.80862e-14 0 
0 3.78444e-13 2.98902e-12 1.2503e-11 3.88017e-11 9.91592e-11 2.18457e-10 4.25106e-10 7.41456e-10 1.17058e-09 1.68503e-09 2.22485e-09 2.70941e-09 3.06109e-09 3.23251e-09 3.2265e-09 3.10175e-09 2.96439e-09 2.95085e-09 3.20691e-09 3.86122e-09 4.98346e-09 6.52085e-09 8.23107e-09 9.67175e-09 1.03206e-08 9.82526e-09 8.23721e-09 6.02546e-09 3.82331e-09 2.09935e-09 9.98176e-10 4.11943e-10 1.47873e-10 4.61526e-11 1.24535e-11 2.85856e-12 5.36852e-13 7.47317e-14 5.52683e-15 0 
0 2.44592e-14 1.88509e-13 7.70432e-13 2.33998e-12 5.86416e-12 1.26975e-11 2.43419e-11 4.19281e-11 6.55305e-11 9.36103e-11 1.22951e-10 1.49306e-10 1.68655e-10 1.78628e-10 1.79573e-10 1.7488e-10 1.70556e-10 1.74249e-10 1.93904e-10 2.35923e-10 3.02496e-10 3.88229e-10 4.77579e-10 5.46179e-10 5.68624e-10 5.30888e-10 4.39684e-10 3.20572e-10 2.04774e-10 1.14332e-10 5.57694e-11 2.37769e-11 8.86097e-12 2.88041e-12 8.10936e-13 1.94326e-13 3.80862e-14 5.52683e-15 4.25426e-16 0 
0 0 0 0 0 0 0 0 0 0 0 0 0 0 0 0 0 0 0 0 0 0 0 0 0 0 0 0 0 0 0 0 0 0 0 0 0 0 0 0 0 
