0 0 0 0 0 0 0 0 0 0 0 0 0 0 0 0 0 0 0 0 0 0 0 0 0 0 0 0 0 0 0 0 0 0 0 0 0 0 0 0 0 
0 1.6744e-07 1.51774e-06 6.91861e-06 2.20124e-05 5.4246e-05 0.000109378 0.000187758 0.000283406 0.000386124 0.000484589 0.000568726 0.000630951 0.000666577 0.00067377 0.000653294 0.000608154 0.000543173 0.000464501 0.000379049 0.000293812 0.000215104 0.000147778 9.46128e-05 5.60668e-05 3.05655e-05 1.52562e-05 6.9503e-06 2.88601e-06 1.09227e-06 3.77094e-07 1.18858e-07 3.4206e-08 8.9735e-09 2.13562e-09 4.56342e-10 8.57436e-11 1.35652e-11 1.63045e-12 1.06338e-13 0 
0 1.51774e-06 1.4203e-05 6.52423e-05 0.000202341 0.00047059 0.000876475 0.0013807 0.00192352 0.00244955 0.00291657 0.00329486 0.00356483 0.00371557 0.00374417 0.00365505 0.00345899 0.00317192 0.00281351 0.00240604 0.00197362 0.00154167 0.00113604 0.000780902 0.000494694 0.000285519 0.000148782 6.96262e-05 2.92267e-05 1.10279e-05 3.75498e-06 1.1585e-06 3.2478e-07 8.27737e-08 1.91155e-08 3.96307e-09 7.22905e-10 1.11149e-10 1.3001e-11 8.26417e-13 0 
0 6.91861e-06 6.52423e-05 0.000289505 0.000826669 0.00171751 0.00285552 0.00409636 0.00533166 0.00648516 0.00749568 0.00831195 0.00889464 0.00921957 0.00927946 0.00908376 0.00865671 0.00803403 0.0072587 0.00637655 0.00543231 0.00446711 0.00351852 0.00262353 0.00182217 0.00115616 0.000657185 0.000329666 0.000144954 5.59747e-05 1.91303e-05 5.84151e-06 1.60628e-06 3.9946e-07 8.97834e-08 1.81004e-08 3.2112e-09 4.80609e-10 5.47901e-11 3.39935e-12 0 
0 2.20124e-05 0.000202341 0.000826669 0.00208578 0.00384379 0.00586271 0.00798513 0.0100971 0.0120868 0.0138439 0.0152707 0.0162921 0.0168621 0.0169662 0.0166207 0.0158694 0.0147769 0.0134222 0.0118899 0.0102632 0.00861617 0.00700951 0.00548803 0.00408537 0.00283601 0.00178762 0.000993576 0.000475899 0.000194784 6.8584e-05 2.10888e-05 5.75024e-06 1.40511e-06 3.08828e-07 6.07531e-08 1.05119e-08 1.53507e-09 1.70919e-10 1.03702e-11 0 
0 5.4246e-05 0.00047059 0.00171751 0.00384379 0.00653072 0.00955244 0.0127565 0.0159744 0.0190216 0.0217193 0.0239126 0.0254837 0.0263604 0.0265199 0.0259875 0.0248306 0.0231497 0.0210675 0.0187162 0.0162267 0.0137181 0.0112898 0.00901544 0.00694074 0.00508749 0.00347201 0.00213313 0.00113473 0.000507467 0.000189504 5.99549e-05 1.64406e-05 3.98312e-06 8.61242e-07 1.66049e-07 2.81178e-08 4.01798e-09 4.38043e-10 2.60499e-11 0 
0 0.000109378 0.000876475 0.00285552 0.00586271 0.00955244 0.0137335 0.0181995 0.022699 0.0269654 0.0307448 0.0338185 0.0360205 0.0372492 0.0374726 0.036726 0.035104 0.0327481 0.0298305 0.0265376 0.0230538 0.0195482 0.0161633 0.0130086 0.0101557 0.00763728 0.00545377 0.00359904 0.00210408 0.00103922 0.000420719 0.000139891 3.9178e-05 9.50638e-06 2.03581e-06 3.86562e-07 6.43068e-08 9.02099e-09 9.65662e-10 5.64276e-11 0 
0 0.000187758 0.0013807 0.00409636 0.00798513 0.0127565 0.0181995 0.0240286 0.0299067 0.0354824 0.0404227 0.0444412 0.0473211 0.0489293 0.049222 0.0482447 0.046123 0.0430428 0.0392293 0.0349259 0.0303746 0.025797 0.0213811 0.0172726 0.0135703 0.0103253 0.00754222 0.00519136 0.00324895 0.00175329 0.000774923 0.000274914 7.9731e-05 1.95687e-05 4.17866e-06 7.85275e-07 1.28839e-07 1.78013e-08 1.8765e-09 1.08025e-10 0 
0 0.000283406 0.00192352 0.00533166 0.0100971 0.0159744 0.022699 0.0299067 0.0371771 0.0440745 0.0501878 0.0551704 0.0587646 0.0607921 0.0611642 0.0599284 0.0572681 0.0534379 0.048715 0.0433916 0.0377627 0.0321026 0.0266446 0.0215701 0.0170041 0.0130146 0.00961556 0.00677228 0.0044253 0.00255439 0.00122331 0.000465446 0.000141107 3.53157e-05 7.56476e-06 1.41337e-06 2.29553e-07 3.13395e-08 3.26261e-09 1.85519e-10 0 
0 0.000386124 0.00244955 0.00648516 0.0120868 0.0190216 0.0269654 0.0354824 0.0440745 0.0522284 0.0594766 0.0654569 0.0698661 0.0723959 0.0728656 0.0713216 0.0680238 0.063369 0.057732 0.051429 0.0447763 0.0380885 0.0316407 0.0256481 0.0202595 0.0155581 0.011566 0.00824919 0.00553143 0.00334432 0.00170869 0.000694253 0.000220725 5.6617e-05 1.22203e-05 2.27852e-06 3.67549e-07 4.97314e-08 5.12713e-09 2.88699e-10 0 
0 0.000484589 0.00291657 0.00749568 0.0138439 0.0217193 0.0307448 0.0404227 0.0501878 0.0594766 0.067825 0.0748173 0.0798816 0.0826398 0.0831443 0.0815057 0.077804 0.0723671 0.0657983 0.0585693 0.0509975 0.0433976 0.0360719 0.0292646 0.0231456 0.0178108 0.0132885 0.00954597 0.00649953 0.00405001 0.00217052 0.000931916 0.000309872 8.15715e-05 1.77862e-05 3.31866e-06 5.33146e-07 7.1684e-08 7.33744e-09 4.10122e-10 0 
0 0.000568726 0.00329486 0.00831195 0.0152707 0.0239126 0.0338185 0.0444412 0.0551704 0.0654569 0.0748173 0.0823904 0.0873491 0.0898536 0.0903129 0.0888669 0.0854008 0.0797927 0.0725102 0.0644319 0.0560712 0.0477228 0.0396821 0.0322112 0.0254969 0.0196455 0.0146895 0.0105971 0.00728079 0.00462358 0.00256079 0.00114674 0.000395928 0.000106731 2.35207e-05 4.3989e-06 7.0529e-07 9.445e-08 9.62084e-09 5.35012e-10 0 
0 0.000630951 0.00356483 0.00889464 0.0162921 0.0254837 0.0360205 0.0473211 0.0587646 0.0698661 0.0798816 0.0873491 0.0918754 0.0941233 0.0945445 0.0932638 0.0901489 0.084874 0.0774139 0.0687145 0.0597305 0.0508315 0.0422767 0.0343294 0.0271877 0.0209649 0.0156969 0.011352 0.00784038 0.00503557 0.00284789 0.00131263 0.000465978 0.000128003 2.84712e-05 5.34042e-06 8.55874e-07 1.14382e-07 1.16193e-08 6.44236e-10 0 
0 0.000666577 0.00371557 0.00921957 0.0168621 0.0263604 0.0372492 0.0489293 0.0607921 0.0723959 0.0826398 0.0898536 0.0941233 0.0962472 0.0966515 0.0954503 0.0925201 0.0875111 0.0801481 0.0711617 0.061799 0.0525801 0.0437364 0.0355223 0.0281408 0.0217097 0.0162664 0.0117793 0.00815777 0.00527057 0.00301484 0.0014127 0.000510033 0.000141824 3.17552e-05 5.97299e-06 9.57915e-07 1.27979e-07 1.29911e-08 7.19684e-10 0 
0 0.00067377 0.00374417 0.00927946 0.0169662 0.0265199 0.0374726 0.049222 0.0611642 0.0728656 0.0831443 0.0903129 0.0945445 0.0966515 0.0970548 0.0958671 0.0929671 0.0880047 0.0806692 0.0716363 0.0622004 0.0529208 0.0440233 0.035759 0.0283322 0.0218614 0.0163846 0.0118703 0.00822791 0.00532545 0.00305679 0.00143996 0.000522957 0.000146135 3.28321e-05 6.18966e-06 9.94313e-07 1.33027e-07 1.35212e-08 7.50076e-10 0 
0 0.000653294 0.00365505 0.00908376 0.0166207 0.0259875 0.036726 0.0482447 0.0599284 0.0713216 0.0815057 0.0888669 0.0932638 0.0954503 0.0958671 0.0946339 0.091624 0.0864939 0.0790672 0.0701879 0.0609854 0.0519017 0.043178 0.0350733 0.0277891 0.0214417 0.0160685 0.0116382 0.00806132 0.00520842 0.00297916 0.00139659 0.000505052 0.00014086 3.16609e-05 5.98074e-06 9.63496e-07 1.29336e-07 1.31946e-08 7.3485e-10 0 
0 0.000608154 0.00345899 0.00865671 0.0158694 0.0248306 0.035104 0.046123 0.0572681 0.0680238 0.077804 0.0854008 0.0901489 0.0925201 0.0929671 0.091624 0.0883623 0.0829199 0.0754908 0.0670446 0.0583265 0.0496565 0.0413113 0.0335558 0.0265843 0.020508 0.0153623 0.0111165 0.00768294 0.00493831 0.00279661 0.00129297 0.000461659 0.000127838 2.86963e-05 5.43495e-06 8.79809e-07 1.1882e-07 1.22044e-08 6.84676e-10 0 
0 0.000543173 0.00317192 0.00803403 0.0147769 0.0231497 0.0327481 0.0430428 0.0534379 0.063369 0.0723671 0.0797927 0.084874 0.0875111 0.0880047 0.0864939 0.0829199 0.077333 0.0703049 0.0625465 0.0544714 0.0463844 0.0385888 0.0313424 0.0248269 0.0191462 0.0143326 0.0103554 0.00713016 0.00454383 0.00253274 0.00114673 0.000402073 0.000110306 2.47465e-05 4.71124e-06 7.69098e-07 1.04931e-07 1.0899e-08 6.1868e-10 0 
0 0.000464501 0.00281351 0.0072587 0.0134222 0.0210675 0.0298305 0.0392293 0.048715 0.057732 0.0657983 0.0725102 0.0774139 0.0801481 0.0806692 0.0790672 0.0754908 0.0703049 0.064019 0.0570418 0.0497027 0.0423267 0.0352127 0.0285988 0.0226506 0.0174619 0.0130611 0.00941751 0.00645101 0.00406385 0.00222054 0.000981646 0.000338036 9.21649e-05 2.07664e-05 3.99689e-06 6.61959e-07 9.17818e-08 9.69503e-09 5.5972e-10 0 
0 0.000379049 0.00240604 0.00637655 0.0118899 0.0187162 0.0265376 0.0349259 0.0433916 0.051429 0.0585693 0.0644319 0.0687145 0.0711617 0.0716363 0.0701879 0.0670446 0.0625465 0.0570418 0.0508575 0.0443205 0.0377449 0.0314025 0.0255054 0.0202007 0.0155709 0.0116391 0.00837449 0.00570371 0.00354941 0.0019035 0.000826165 0.000282096 7.72848e-05 1.76728e-05 3.47032e-06 5.87554e-07 8.32924e-08 8.98762e-09 5.29263e-10 0 
0 0.000293812 0.00197362 0.00543231 0.0102632 0.0162267 0.0230538 0.0303746 0.0377627 0.0447763 0.0509975 0.0560712 0.0597305 0.061799 0.0622004 0.0609854 0.0583265 0.0544714 0.0497027 0.0443205 0.0386263 0.0328989 0.0273757 0.0222412 0.0176225 0.01359 0.0101609 0.00730516 0.00495953 0.00306767 0.00163592 0.000711299 0.000246251 6.90769e-05 1.62428e-05 3.27942e-06 5.69539e-07 8.25497e-08 9.07569e-09 5.42702e-10 0 
0 0.000215104 0.00154167 0.00446711 0.00861617 0.0137181 0.0195482 0.025797 0.0321026 0.0380885 0.0433976 0.0477228 0.0508315 0.0525801 0.0529208 0.0519017 0.0496565 0.0463844 0.0423267 0.0377449 0.0328989 0.0280272 0.0233322 0.0189709 0.0150509 0.0116309 0.00872398 0.00630237 0.00431208 0.00270501 0.00147904 0.000667267 0.000241088 7.03771e-05 1.70859e-05 3.53125e-06 6.23197e-07 9.12607e-08 1.00922e-08 6.04947e-10 0 
0 0.000147778 0.00113604 0.00351852 0.00700951 0.0112898 0.0161633 0.0213811 0.0266446 0.0316407 0.0360719 0.0396821 0.0422767 0.0437364 0.0440233 0.043178 0.0413113 0.0385888 0.0352127 0.0314025 0.0273757 0.0233322 0.0194415 0.0158354 0.0126067 0.00981239 0.00746904 0.00553697 0.00393082 0.00258364 0.00149649 0.000720006 0.000275261 8.33757e-05 2.05955e-05 4.27262e-06 7.50877e-07 1.09019e-07 1.19253e-08 7.06248e-10 0 
0 9.46128e-05 0.000780902 0.00262353 0.00548803 0.00901544 0.0130086 0.0172726 0.0215701 0.0256481 0.0292646 0.0322112 0.0343294 0.0355223 0.035759 0.0350733 0.0335558 0.0313424 0.0285988 0.0255054 0.0222412 0.0189709 0.0158354 0.0129504 0.0104227 0.00837024 0.00685385 0.0056971 0.00451964 0.00316477 0.00187604 0.000920952 0.000360151 0.000109822 2.68057e-05 5.44307e-06 9.33781e-07 1.32346e-07 1.41469e-08 8.19906e-10 0 
0 5.60668e-05 0.000494694 0.00182217 0.00408537 0.00694074 0.0101557 0.0135703 0.0170041 0.0202595 0.0231456 0.0254969 0.0271877 0.0281408 0.0283322 0.0277891 0.0265843 0.0248269 0.0226506 0.0202007 0.0176225 0.0150509 0.0126067 0.0104227 0.00874728 0.00805872 0.00870467 0.00983677 0.0094726 0.00690461 0.00373319 0.00157454 0.000547289 0.000154625 3.54311e-05 6.8281e-06 1.12474e-06 1.54242e-07 1.6026e-08 9.0586e-10 0 
0 3.05655e-05 0.000285519 0.00115616 0.00283601 0.00508749 0.00763728 0.0103253 0.0130146 0.0155581 0.0178108 0.0196455 0.0209649 0.0217097 0.0218614 0.0214417 0.020508 0.0191462 0.0174619 0.0155709 0.01359 0.0116309 0.00981239 0.00837024 0.00805872 0.0106505 0.0175534 0.025645 0.0278651 0.0201886 0.0102161 0.00365093 0.00100739 0.000233909 4.63749e-05 8.08916e-06 1.25465e-06 1.65659e-07 1.67306e-08 9.23541e-10 0 
0 1.52562e-05 0.000148782 0.000657185 0.00178762 0.00347201 0.00545377 0.00754222 0.00961556 0.011566 0.0132885 0.0146895 0.0156969 0.0162664 0.0163846 0.0160685 0.0153623 0.0143326 0.0130611 0.0116391 0.0101609 0.00872398 0.00746904 0.00685385 0.00870467 0.0175534 0.0369952 0.0660296 0.0745582 0.0504119 0.0237828 0.00800134 0.0019118 0.00036146 5.88518e-05 8.83444e-06 1.25918e-06 1.59501e-07 1.57127e-08 8.51014e-10 0 
0 6.9503e-06 6.96262e-05 0.000329666 0.000993576 0.00213313 0.00359904 0.00519136 0.00677228 0.00824919 0.00954597 0.0105971 0.011352 0.0117793 0.0118703 0.0116382 0.0111165 0.0103554 0.00941751 0.00837449 0.00730516 0.00630237 0.00553697 0.0056971 0.00983677 0.025645 0.0660296 0.0874488 0.0898923 0.0820152 0.0418572 0.0128955 0.0029176 0.000488597 6.73589e-05 8.60846e-06 1.11133e-06 1.35035e-07 1.30589e-08 6.98868e-10 0 
0 2.88601e-06 2.92267e-05 0.000144954 0.000475899 0.00113473 0.00210408 0.00324895 0.0044253 0.00553143 0.00649953 0.00728079 0.00784038 0.00815777 0.00822791 0.00806132 0.00768294 0.00713016 0.00645101 0.00570371 0.00495953 0.00431208 0.00393082 0.00451964 0.0094726 0.0278651 0.0745582 0.0898923 0.0918024 0.0854957 0.0499578 0.0142168 0.00315974 0.000501861 6.26234e-05 7.09099e-06 8.41592e-07 9.90772e-08 9.49861e-09 5.067e-10 0 
0 1.09227e-06 1.10279e-05 5.59747e-05 0.000194784 0.000507467 0.00103922 0.00175329 0.00255439 0.00334432 0.00405001 0.00462358 0.00503557 0.00527057 0.00532545 0.00520842 0.00493831 0.00454383 0.00406385 0.00354941 0.00306767 0.00270501 0.00258364 0.00316477 0.00690461 0.0201886 0.0504119 0.0820152 0.0854957 0.0711919 0.0322132 0.0105294 0.00233429 0.000365145 4.367e-05 4.67064e-06 5.33722e-07 6.2349e-08 6.00544e-09 3.22459e-10 0 
0 3.77094e-07 3.75498e-06 1.91303e-05 6.8584e-05 0.000189504 0.000420719 0.000774923 0.00122331 0.00170869 0.00217052 0.00256079 0.00284789 0.00301484 0.00305679 0.00297916 0.00279661 0.00253274 0.00222054 0.0019035 0.00163592 0.00147904 0.00149649 0.00187604 0.00373319 0.0102161 0.0237828 0.0418572 0.0499578 0.0322132 0.0158219 0.0052179 0.00116632 0.000183793 2.20298e-05 2.38631e-06 2.79744e-07 3.34966e-08 3.29044e-09 1.79588e-10 0 
0 1.18858e-07 1.1585e-06 5.84151e-06 2.10888e-05 5.99549e-05 0.000139891 0.000274914 0.000465446 0.000694253 0.000931916 0.00114674 0.00131263 0.0014127 0.00143996 0.00139659 0.00129297 0.00114673 0.000981646 0.000826165 0.000711299 0.000667267 0.000720006 0.000920952 0.00157454 0.00365093 0.00800134 0.0128955 0.0142168 0.0105294 0.0052179 0.00173818 0.000396289 6.41257e-05 8.06668e-06 9.52767e-07 1.2189e-07 1.53963e-08 1.56262e-09 8.74526e-11 0 
0 3.4206e-08 3.2478e-07 1.60628e-06 5.75024e-06 1.64406e-05 3.9178e-05 7.9731e-05 0.000141107 0.000220725 0.000309872 0.000395928 0.000465978 0.000510033 0.000522957 0.000505052 0.000461659 0.000402073 0.000338036 0.000282096 0.000246251 0.000241088 0.000275261 0.000360151 0.000547289 0.00100739 0.0019118 0.0029176 0.00315974 0.00233429 0.00116632 0.000396289 9.32554e-05 1.59595e-05 2.24363e-06 3.10518e-07 4.50725e-08 6.09405e-09 6.4445e-10 3.72424e-11 0 
0 8.9735e-09 8.27737e-08 3.9946e-07 1.40511e-06 3.98312e-06 9.50638e-06 1.95687e-05 3.53157e-05 5.6617e-05 8.15715e-05 0.000106731 0.000128003 0.000141824 0.000146135 0.00014086 0.000127838 0.000110306 9.21649e-05 7.72848e-05 6.90769e-05 7.03771e-05 8.33757e-05 0.000109822 0.000154625 0.000233909 0.00036146 0.000488597 0.000501861 0.000365145 0.000183793 6.41257e-05 1.59595e-05 3.05998e-06 5.18917e-07 8.76097e-08 1.44441e-08 2.09003e-09 2.31239e-10 1.38685e-11 0 
0 2.13562e-09 1.91155e-08 8.97834e-08 3.08828e-07 8.61242e-07 2.03581e-06 4.17866e-06 7.56476e-06 1.22203e-05 1.77862e-05 2.35207e-05 2.84712e-05 3.17552e-05 3.28321e-05 3.16609e-05 2.86963e-05 2.47465e-05 2.07664e-05 1.76728e-05 1.62428e-05 1.70859e-05 2.05955e-05 2.68057e-05 3.54311e-05 4.63749e-05 5.88518e-05 6.73589e-05 6.26234e-05 4.367e-05 2.20298e-05 8.06668e-06 2.24363e-06 5.18917e-07 1.10213e-07 2.2186e-08 4.04653e-09 6.22366e-10 7.21527e-11 4.50593e-12 0 
0 4.56342e-10 3.96307e-09 1.81004e-08 6.07531e-08 1.66049e-07 3.86562e-07 7.85275e-07 1.41337e-06 2.27852e-06 3.31866e-06 4.3989e-06 5.34042e-06 5.97299e-06 6.18966e-06 5.98074e-06 5.43495e-06 4.71124e-06 3.99689e-06 3.47032e-06 3.27942e-06 3.53125e-06 4.27262e-06 5.44307e-06 6.8281e-06 8.08916e-06 8.83444e-06 8.60846e-06 7.09099e-06 4.67064e-06 2.38631e-06 9.52767e-07 3.10518e-07 8.76097e-08 2.2186e-08 5.02068e-09 9.85846e-10 1.60182e-10 1.94663e-11 1.26818e-12 0 
0 8.57436e-11 7.22905e-10 3.2112e-09 1.05119e-08 2.81178e-08 6.43068e-08 1.28839e-07 2.29553e-07 3.67549e-07 5.33146e-07 7.0529e-07 8.55874e-07 9.57915e-07 9.94313e-07 9.63496e-07 8.79809e-07 7.69098e-07 6.61959e-07 5.87554e-07 5.69539e-07 6.23197e-07 7.50877e-07 9.33781e-07 1.12474e-06 1.25465e-06 1.25918e-06 1.11133e-06 8.41592e-07 5.33722e-07 2.79744e-07 1.2189e-07 4.50725e-08 1.44441e-08 4.04653e-09 9.85846e-10 2.05201e-10 3.50887e-11 4.46802e-12 3.03843e-13 0 
0 1.35652e-11 1.11149e-10 4.80609e-10 1.53507e-09 4.01798e-09 9.02099e-09 1.78013e-08 3.13395e-08 4.97314e-08 7.1684e-08 9.445e-08 1.14382e-07 1.27979e-07 1.33027e-07 1.29336e-07 1.1882e-07 1.04931e-07 9.17818e-08 8.32924e-08 8.25497e-08 9.12607e-08 1.09019e-07 1.32346e-07 1.54242e-07 1.65659e-07 1.59501e-07 1.35035e-07 9.90772e-08 6.2349e-08 3.34966e-08 1.53963e-08 6.09405e-09 2.09003e-09 6.22366e-10 1.60182e-10 3.50887e-11 6.29685e-12 8.39144e-13 5.95463e-14 0 
0 1.63045e-12 1.3001e-11 5.47901e-11 1.70919e-10 4.38043e-10 9.65662e-10 1.8765e-09 3.26261e-09 5.12713e-09 7.33744e-09 9.62084e-09 1.16193e-08 1.29911e-08 1.35212e-08 1.31946e-08 1.22044e-08 1.0899e-08 9.69503e-09 8.98762e-09 9.07569e-09 1.00922e-08 1.19253e-08 1.41469e-08 1.6026e-08 1.67306e-08 1.57127e-08 1.30589e-08 9.49861e-09 6.00544e-09 3.29044e-09 1.56262e-09 6.4445e-10 2.31239e-10 7.21527e-11 1.94663e-11 4.46802e-12 8.39144e-13 1.16824e-13 8.64109e-15 0 
0 1.06338e-13 8.26417e-13 3.39935e-12 1.03702e-11 2.60499e-11 5.64276e-11 1.08025e-10 1.85519e-10 2.88699e-10 4.10122e-10 5.35012e-10 6.44236e-10 7.19684e-10 7.50076e-10 7.3485e-10 6.84676e-10 6.1868e-10 5.5972e-10 5.29263e-10 5.42702e-10 6.04947e-10 7.06248e-10 8.19906e-10 9.0586e-10 9.23541e-10 8.51014e-10 6.98868e-10 5.067e-10 3.22459e-10 1.79588e-10 8.74526e-11 3.72424e-11 1.38685e-11 4.50593e-12 1.26818e-12 3.03843e-13 5.95463e-14 8.64109e-15 6.65194e-16 0 
0 0 0 0 0 0 0 0 0 0 0 0 0 0 0 0 0 0 0 0 0 0 0 0 0 0 0 0 0 0 0 0 0 0 0 0 0 0 0 0 0 
