0 0 0 0 0 0 0 0 0 0 0 0 0 0 0 0 0 0 0 0 0 0 0 0 0 0 0 0 0 0 0 0 0 0 0 0 0 0 0 0 0 
0 4.7589e-07 4.21837e-06 1.84103e-05 5.49336e-05 0.000125232 0.000232752 0.000370239 0.000523397 0.000676305 0.000814991 0.00092881 0.00101059 0.00105636 0.00106498 0.00103777 0.000978191 0.000891453 0.000784151 0.000663867 0.000538727 0.00041683 0.000305527 0.000210577 0.000135374 8.0508e-05 4.39514e-05 2.18843e-05 9.89272e-06 4.04961e-06 1.49996e-06 5.02807e-07 1.52566e-07 4.18569e-08 1.03416e-08 2.27934e-09 4.39299e-10 7.0956e-11 8.67339e-12 5.7347e-13 0 
0 4.21837e-06 3.8095e-05 0.000162797 0.000454412 0.000937594 0.00156106 0.00224453 0.00292183 0.00354764 0.00408975 0.00452358 0.00483104 0.00500136 0.00503182 0.00492774 0.00470162 0.00437142 0.00395856 0.00348591 0.00297628 0.00245185 0.00193469 0.00144767 0.00101433 0.000655965 0.00038588 0.000203926 9.60097e-05 4.01393e-05 1.49208e-05 4.95087e-06 1.47259e-06 3.93606e-07 9.44218e-08 2.01766e-08 3.76957e-09 5.90646e-10 7.01264e-11 4.51066e-12 0 
0 1.84103e-05 0.000162797 0.00064038 0.00156825 0.00282683 0.00423549 0.00568506 0.0071074 0.00843706 0.00960633 0.0105533 0.0112295 0.0116055 0.0116722 0.0114407 0.0109403 0.010214 0.00931375 0.00829523 0.00721224 0.00611208 0.00503214 0.00399965 0.00303584 0.00216422 0.00141736 0.000831895 0.000428212 0.000190872 7.35781e-05 2.47102e-05 7.30678e-06 1.91923e-06 4.49446e-07 9.34505e-08 1.69698e-08 2.58498e-09 2.9867e-10 1.87221e-11 0 
0 5.49336e-05 0.000454412 0.00156825 0.00334209 0.00548146 0.00783234 0.0103028 0.0127753 0.0151122 0.0171779 0.0188547 0.0200536 0.0207203 0.0208383 0.0204274 0.0195397 0.0182521 0.0166583 0.0148596 0.0129561 0.0110387 0.00918318 0.00744442 0.00585369 0.00442127 0.00314993 0.00205755 0.00118904 0.000588195 0.000244707 8.58179e-05 2.57654e-05 6.73942e-06 1.55363e-06 3.16083e-07 5.60145e-08 8.32159e-09 9.38171e-10 5.74482e-11 0 
0 0.000125232 0.000937594 0.00282683 0.00548146 0.0086377 0.0121856 0.0159653 0.0197661 0.0233639 0.0265459 0.0291295 0.0309768 0.0320041 0.0321858 0.0315525 0.0301843 0.0282002 0.0257448 0.0229744 0.020044 0.0170958 0.0142505 0.0116009 0.00920852 0.00709968 0.00526727 0.00368615 0.00234996 0.00130252 0.000601561 0.000227326 7.10336e-05 1.88105e-05 4.3137e-06 8.64677e-07 1.50281e-07 2.18578e-08 2.41219e-09 1.44692e-10 0 
0 0.000232752 0.00156106 0.00423549 0.00783234 0.0121856 0.0171364 0.0224264 0.0277497 0.0327897 0.0372476 0.0408678 0.0434587 0.0449035 0.0451597 0.0442676 0.0423465 0.0395653 0.036125 0.0322439 0.0281392 0.0240105 0.0200275 0.0163228 0.012988 0.0100722 0.00758141 0.00548017 0.00371219 0.00225422 0.00115811 0.00048079 0.000159867 4.35966e-05 1.00587e-05 2.0015e-06 3.42989e-07 4.9044e-08 5.31648e-09 3.13325e-10 0 
0 0.000370239 0.00224453 0.00568506 0.0103028 0.0159653 0.0224264 0.0293341 0.0362862 0.0428691 0.0487025 0.0535563 0.0574753 0.0600723 0.0605843 0.0589037 0.0557094 0.0517748 0.0472303 0.0421566 0.0367957 0.031404 0.0262034 0.0213675 0.0170174 0.0132219 0.0100003 0.00732277 0.00511561 0.00329582 0.00184743 0.000843373 0.000302377 8.61247e-05 2.02033e-05 4.0196e-06 6.82746e-07 9.6375e-08 1.02978e-08 5.98102e-10 0 
0 0.000523397 0.00292183 0.0071074 0.0127753 0.0197661 0.0277497 0.0362862 0.0448786 0.0530435 0.0608433 0.0693513 0.0761647 0.0795675 0.0801689 0.0782485 0.0733831 0.0659706 0.0586765 0.0521513 0.0455095 0.0388459 0.0324194 0.0264442 0.0210705 0.0163847 0.0124154 0.00913778 0.00647572 0.00431585 0.00257257 0.00127424 0.000493395 0.000147989 3.55794e-05 7.12119e-06 1.20449e-06 1.68486e-07 1.78041e-08 1.02207e-09 0 
0 0.000676305 0.00354764 0.00843706 0.0151122 0.0233639 0.0327897 0.0428691 0.0530435 0.0635377 0.0762235 0.0846292 0.0885827 0.0904079 0.0907655 0.0897794 0.0872063 0.0820919 0.0724546 0.0620191 0.0537814 0.0458935 0.0383056 0.0312513 0.0249077 0.0193777 0.0146964 0.0108406 0.00773361 0.00524961 0.00325583 0.00171678 0.000712242 0.000225251 5.57405e-05 1.12709e-05 1.90539e-06 2.64982e-07 2.77737e-08 1.58018e-09 0 
0 0.000814991 0.00408975 0.00960633 0.0171779 0.0265459 0.0372476 0.0487025 0.0608433 0.0762235 0.0867398 0.0917135 0.0944328 0.0957853 0.0960729 0.0953641 0.0935526 0.0902677 0.0844702 0.0733115 0.0613949 0.0521399 0.043513 0.0355039 0.0283022 0.0220248 0.0167124 0.0123414 0.00883268 0.00605485 0.00384806 0.00212105 0.000930582 0.000308827 7.86785e-05 1.61047e-05 2.72791e-06 3.78144e-07 3.94131e-08 2.22782e-09 0 
0 0.00092881 0.00452358 0.0105533 0.0188547 0.0291295 0.0408678 0.0535563 0.0693513 0.0846292 0.0917135 0.0955882 0.0978485 0.0990095 0.0992692 0.0986771 0.0971683 0.0945219 0.090175 0.0824509 0.0689514 0.0573047 0.0477446 0.0389579 0.0310592 0.0241747 0.0183493 0.0135585 0.00971992 0.00669845 0.00431954 0.00245229 0.00112144 0.00038707 0.000101184 2.09618e-05 3.56206e-06 4.93097e-07 5.12145e-08 2.88223e-09 0 
0 0.00101059 0.00483104 0.0112295 0.0200536 0.0309768 0.0434587 0.0574753 0.0761647 0.0885827 0.0944328 0.0978485 0.0998987 0.100969 0.101215 0.10068 0.0993149 0.0969528 0.0931943 0.0869778 0.0752233 0.0612926 0.0507798 0.041429 0.0330317 0.0257128 0.0195204 0.0144288 0.010353 0.00715495 0.00465234 0.00268973 0.00126451 0.000448934 0.000119693 2.50447e-05 4.27023e-06 5.91043e-07 6.12764e-08 3.4398e-09 0 
0 0.00105636 0.00500136 0.0116055 0.0207203 0.0320041 0.0449035 0.0600723 0.0795675 0.0904079 0.0957853 0.0990095 0.100969 0.101999 0.10224 0.101731 0.100429 0.0981887 0.0946716 0.0890161 0.0785543 0.0637862 0.0524802 0.0428053 0.0341304 0.0265698 0.020173 0.0149139 0.0107057 0.00740877 0.00483722 0.00282324 0.00134763 0.000486345 0.00013125 2.76449e-05 4.7264e-06 6.54574e-07 6.7834e-08 3.80457e-09 0 
0 0.00106498 0.00503182 0.0116722 0.0208383 0.0321858 0.0451597 0.0605843 0.0801689 0.0907655 0.0960729 0.0992692 0.101215 0.10224 0.10248 0.101975 0.100682 0.0984608 0.0949795 0.0894068 0.0791557 0.0642679 0.0527865 0.0430523 0.034328 0.0267242 0.0202911 0.0150021 0.0107704 0.00745606 0.00487294 0.00285079 0.00136623 0.00049538 0.000134215 2.83443e-05 4.85397e-06 6.72962e-07 6.9794e-08 3.91705e-09 0 
0 0.00103777 0.00492774 0.0114407 0.0204274 0.0315525 0.0442676 0.0589037 0.0782485 0.0897794 0.0953641 0.0986771 0.10068 0.101731 0.101975 0.101454 0.100122 0.0978249 0.0941988 0.088301 0.0772379 0.0626855 0.0517427 0.0422109 0.0336571 0.0262019 0.0198941 0.0147081 0.0105578 0.00730506 0.00476597 0.00277692 0.00132243 0.000476465 0.000128581 2.71211e-05 4.64724e-06 6.45295e-07 6.70588e-08 3.77189e-09 0 
0 0.000978191 0.00470162 0.0109403 0.0195397 0.0301843 0.0423465 0.0557094 0.0733831 0.0872063 0.0935526 0.0971683 0.0993149 0.100429 0.100682 0.100122 0.0986913 0.0962035 0.0921964 0.0853862 0.0726125 0.0595508 0.0494966 0.0403883 0.0322035 0.0250695 0.0190332 0.0140697 0.0100955 0.00697493 0.00452976 0.00261198 0.0012241 0.00043395 0.000115865 2.43347e-05 4.16991e-06 5.80375e-07 6.05224e-08 3.41791e-09 0 
0 0.000891453 0.00437142 0.010214 0.0182521 0.0282002 0.0395653 0.0517748 0.0659706 0.0820919 0.0902677 0.0945219 0.0969528 0.0981887 0.0984608 0.0978249 0.0962035 0.093332 0.0885032 0.0795131 0.0660079 0.0554524 0.0462513 0.0377437 0.0300942 0.0234264 0.017784 0.0131432 0.00942371 0.00649359 0.00418394 0.00237195 0.00108433 0.000375284 9.86917e-05 2.06095e-05 3.53346e-06 4.93702e-07 5.17688e-08 2.94199e-09 0 
0 0.000784151 0.00395856 0.00931375 0.0166583 0.0257448 0.036125 0.0472303 0.0586765 0.0724546 0.0844702 0.090175 0.0931943 0.0946716 0.0949795 0.0941988 0.0921964 0.0885032 0.0816956 0.0698826 0.0594138 0.0506018 0.0422399 0.0344706 0.027484 0.0213935 0.0162388 0.0119972 0.00859183 0.00589537 0.00375402 0.00207915 0.000920969 0.000309898 8.01888e-05 1.66685e-05 2.86555e-06 4.03016e-07 4.26155e-08 2.4441e-09 0 
0 0.000663867 0.00348591 0.00829523 0.0148596 0.0229744 0.0322439 0.0421566 0.0521513 0.0620191 0.0733115 0.0824509 0.0869778 0.0890161 0.0894068 0.088301 0.0853862 0.0795131 0.0698826 0.0608136 0.0529231 0.0451764 0.0377154 0.0307786 0.0245403 0.0191017 0.0144978 0.0107064 0.00765387 0.00521989 0.00327327 0.0017641 0.000756052 0.000247884 6.33782e-05 1.3173e-05 2.28045e-06 3.24077e-07 3.46746e-08 2.01287e-09 0 
0 0.000538727 0.00297628 0.00721224 0.0129561 0.020044 0.0281392 0.0367957 0.0455095 0.0537814 0.0613949 0.0689514 0.0752233 0.0785543 0.0791557 0.0772379 0.0726125 0.0660079 0.0594138 0.0529231 0.0461975 0.0394443 0.0329311 0.0268754 0.0214296 0.0166816 0.0126613 0.0093464 0.00666721 0.0045156 0.00278881 0.00146829 0.000614453 0.000198602 5.06917e-05 1.06138e-05 1.85941e-06 2.67835e-07 2.90472e-08 1.70787e-09 0 
0 0.00041683 0.00245185 0.00611208 0.0110387 0.0170958 0.0240105 0.031404 0.0388459 0.0458935 0.0521399 0.0573047 0.0612926 0.0637862 0.0642679 0.0626855 0.0595508 0.0554524 0.0506018 0.0451764 0.0394443 0.0336797 0.0281203 0.0229521 0.0183053 0.0142555 0.0108278 0.00799936 0.00570564 0.00385596 0.00237181 0.00124415 0.000520783 0.000169372 4.36959e-05 9.26301e-06 1.64244e-06 2.39139e-07 2.6173e-08 1.55037e-09 0 
0 0.000305527 0.00193469 0.00503214 0.00918318 0.0142505 0.0200275 0.0262034 0.0324194 0.0383056 0.043513 0.0477446 0.0507798 0.0524802 0.0527865 0.0517427 0.0494966 0.0462513 0.0422399 0.0377154 0.0329311 0.0281203 0.0234819 0.0191724 0.015305 0.0119533 0.00914615 0.00684675 0.00496133 0.00340246 0.00212931 0.00114551 0.000493494 0.00016424 4.29526e-05 9.15975e-06 1.62605e-06 2.36388e-07 2.57904e-08 1.52131e-09 0 
0 0.000210577 0.00144767 0.00399965 0.00744442 0.0116009 0.0163228 0.0213675 0.0264442 0.0312513 0.0355039 0.0389579 0.041429 0.0428053 0.0430523 0.0422109 0.0403883 0.0377437 0.0344706 0.0307786 0.0268754 0.0229521 0.0191724 0.0156729 0.0125831 0.0100519 0.0081703 0.00675094 0.00535543 0.00379491 0.00233555 0.00124215 0.000542949 0.00018332 4.78912e-05 1.00875e-05 1.76087e-06 2.515e-07 2.69735e-08 1.56571e-09 0 
0 0.000135374 0.00101433 0.00303584 0.00585369 0.00920852 0.012988 0.0170174 0.0210705 0.0249077 0.0283022 0.0310592 0.0330317 0.0341304 0.034328 0.0336571 0.0322035 0.0300942 0.027484 0.0245403 0.0214296 0.0183053 0.015305 0.0125831 0.010441 0.00946954 0.0101005 0.0113468 0.0109083 0.00795947 0.0043332 0.0018849 0.000714473 0.000226955 5.69654e-05 1.15572e-05 1.95115e-06 2.70689e-07 2.82993e-08 1.60601e-09 0 
0 8.0508e-05 0.000655965 0.00216422 0.00442127 0.00709968 0.0100722 0.0132219 0.0163847 0.0193777 0.0220248 0.0241747 0.0257128 0.0265698 0.0267242 0.0262019 0.0250695 0.0234264 0.0213935 0.0191017 0.0166816 0.0142555 0.0119533 0.0100519 0.00946954 0.0123076 0.0201659 0.0352681 0.0426743 0.0236827 0.0117268 0.00421041 0.00120084 0.000308186 6.85934e-05 1.28953e-05 2.07197e-06 2.77701e-07 2.82524e-08 1.5669e-09 0 
0 4.39514e-05 0.00038588 0.00141736 0.00314993 0.00526727 0.00758141 0.0100003 0.0124154 0.0146964 0.0167124 0.0183493 0.0195204 0.020173 0.0202911 0.0198941 0.0190332 0.017784 0.0162388 0.0144978 0.0126613 0.0108278 0.00914615 0.0081703 0.0101005 0.0201659 0.0505256 0.0772696 0.0792372 0.0699418 0.0277643 0.00918146 0.00221208 0.000442854 8.09504e-05 1.34257e-05 2.01431e-06 2.60251e-07 2.58466e-08 1.40647e-09 0 
0 2.18843e-05 0.000203926 0.000831895 0.00205755 0.00368615 0.00548017 0.00732277 0.00913778 0.0108406 0.0123414 0.0135585 0.0144288 0.0149139 0.0150021 0.0147081 0.0140697 0.0131432 0.0119972 0.0107064 0.0093464 0.00799936 0.00684675 0.00675094 0.0113468 0.0352681 0.0772696 0.084874 0.0857526 0.0817517 0.0607697 0.0148109 0.00335479 0.000579203 8.78908e-05 1.25668e-05 1.73735e-06 2.16675e-07 2.11431e-08 1.13658e-09 0 
0 9.89272e-06 9.60097e-05 0.000428212 0.00118904 0.00234996 0.00371219 0.00511561 0.00647572 0.00773361 0.00883268 0.00971992 0.010353 0.0107057 0.0107704 0.0105578 0.0100955 0.00942371 0.00859183 0.00765387 0.00666721 0.00570564 0.00496133 0.00535543 0.0109083 0.0426743 0.0792372 0.0857526 0.0866493 0.0834611 0.0698099 0.0169078 0.00362893 0.00058872 7.94803e-05 1.0067e-05 1.2947e-06 1.5731e-07 1.52279e-08 8.15702e-10 0 
0 4.04961e-06 4.01393e-05 0.000190872 0.000588195 0.00130252 0.00225422 0.00329582 0.00431585 0.00524961 0.00605485 0.00669845 0.00715495 0.00740877 0.00745606 0.00730506 0.00697493 0.00649359 0.00589537 0.00521989 0.0045156 0.00385596 0.00340246 0.00379491 0.00795947 0.0236827 0.0699418 0.0817517 0.0834611 0.0781358 0.0446768 0.0120728 0.00268206 0.000428659 5.50652e-05 6.55721e-06 8.14636e-07 9.84007e-08 9.56861e-09 5.15685e-10 0 
0 1.49996e-06 1.49208e-05 7.35781e-05 0.000244707 0.000601561 0.00115811 0.00184743 0.00257257 0.00325583 0.00384806 0.00431954 0.00465234 0.00483722 0.00487294 0.00476597 0.00452976 0.00418394 0.00375402 0.00327327 0.00278881 0.00237181 0.00212931 0.00233555 0.0043332 0.0117268 0.0277643 0.0607697 0.0698099 0.0446768 0.0181389 0.00598469 0.00134406 0.000217958 2.80811e-05 3.37134e-06 4.27363e-07 5.27355e-08 5.22295e-09 2.85949e-10 0 
0 5.02807e-07 4.95087e-06 2.47102e-05 8.58179e-05 0.000227326 0.00048079 0.000843373 0.00127424 0.00171678 0.00212105 0.00245229 0.00268973 0.00282324 0.00285079 0.00277692 0.00261198 0.00237195 0.00207915 0.0017641 0.00146829 0.00124415 0.00114551 0.00124215 0.0018849 0.00421041 0.00918146 0.0148109 0.0169078 0.0120728 0.00598469 0.00199809 0.000461564 7.77876e-05 1.05728e-05 1.37531e-06 1.87612e-07 2.42364e-08 2.47472e-09 1.38839e-10 0 
0 1.52566e-07 1.47259e-06 7.30678e-06 2.57654e-05 7.10336e-05 0.000159867 0.000302377 0.000493395 0.000712242 0.000930582 0.00112144 0.00126451 0.00134763 0.00136623 0.00132243 0.0012241 0.00108433 0.000920969 0.000756052 0.000614453 0.000520783 0.000493494 0.000542949 0.000714473 0.00120084 0.00221208 0.00335479 0.00362893 0.00268206 0.00134406 0.000461564 0.000111655 2.0164e-05 3.07694e-06 4.62034e-07 7.00474e-08 9.60072e-09 1.01921e-09 5.90092e-11 0 
0 4.18569e-08 3.93606e-07 1.91923e-06 6.73942e-06 1.88105e-05 4.35966e-05 8.61247e-05 0.000147989 0.000225251 0.000308827 0.00038707 0.000448934 0.000486345 0.00049538 0.000476465 0.00043395 0.000375284 0.000309898 0.000247884 0.000198602 0.000169372 0.00016424 0.00018332 0.000226955 0.000308186 0.000442854 0.000579203 0.00058872 0.000428659 0.000217958 7.77876e-05 2.0164e-05 4.11849e-06 7.52463e-07 1.34107e-07 2.26195e-08 3.29508e-09 3.65392e-10 2.1945e-11 0 
0 1.03416e-08 9.44218e-08 4.49446e-07 1.55363e-06 4.3137e-06 1.00587e-05 2.02033e-05 3.55794e-05 5.57405e-05 7.86785e-05 0.000101184 0.000119693 0.00013125 0.000134215 0.000128581 0.000115865 9.86917e-05 8.01888e-05 6.33782e-05 5.06917e-05 4.36959e-05 4.29526e-05 4.78912e-05 5.69654e-05 6.85934e-05 8.09504e-05 8.78908e-05 7.94803e-05 5.50652e-05 2.80811e-05 1.05728e-05 3.07694e-06 7.52463e-07 1.67511e-07 3.45768e-08 6.36374e-09 9.81582e-10 1.13951e-10 7.12376e-12 0 
0 2.27934e-09 2.01766e-08 9.34505e-08 3.16083e-07 8.64677e-07 2.0015e-06 4.0196e-06 7.12119e-06 1.12709e-05 1.61047e-05 2.09618e-05 2.50447e-05 2.76449e-05 2.83443e-05 2.71211e-05 2.43347e-05 2.06095e-05 1.66685e-05 1.3173e-05 1.06138e-05 9.26301e-06 9.15975e-06 1.00875e-05 1.15572e-05 1.28953e-05 1.34257e-05 1.25668e-05 1.0067e-05 6.55721e-06 3.37134e-06 1.37531e-06 4.62034e-07 1.34107e-07 3.45768e-08 7.88752e-09 1.55325e-09 2.52686e-10 3.07343e-11 2.00386e-12 0 
0 4.39299e-10 3.76957e-09 1.69698e-08 5.60145e-08 1.50281e-07 3.42989e-07 6.82746e-07 1.20449e-06 1.90539e-06 2.72791e-06 3.56206e-06 4.27023e-06 4.7264e-06 4.85397e-06 4.64724e-06 4.16991e-06 3.53346e-06 2.86555e-06 2.28045e-06 1.85941e-06 1.64244e-06 1.62605e-06 1.76087e-06 1.95115e-06 2.07197e-06 2.01431e-06 1.73735e-06 1.2947e-06 8.14636e-07 4.27363e-07 1.87612e-07 7.00474e-08 2.26195e-08 6.36374e-09 1.55325e-09 3.23579e-10 5.5363e-11 7.05362e-12 4.79958e-13 0 
0 7.0956e-11 5.90646e-10 2.58498e-09 8.32159e-09 2.18578e-08 4.9044e-08 9.6375e-08 1.68486e-07 2.64982e-07 3.78144e-07 4.93097e-07 5.91043e-07 6.54574e-07 6.72962e-07 6.45295e-07 5.80375e-07 4.93702e-07 4.03016e-07 3.24077e-07 2.67835e-07 2.39139e-07 2.36388e-07 2.515e-07 2.70689e-07 2.77701e-07 2.60251e-07 2.16675e-07 1.5731e-07 9.84007e-08 5.27355e-08 2.42364e-08 9.60072e-09 3.29508e-09 9.81582e-10 2.52686e-10 5.5363e-11 9.93785e-12 1.32482e-12 9.40496e-14 0 
0 8.67339e-12 7.01264e-11 2.9867e-10 9.38171e-10 2.41219e-09 5.31648e-09 1.02978e-08 1.78041e-08 2.77737e-08 3.94131e-08 5.12145e-08 6.12764e-08 6.7834e-08 6.9794e-08 6.70588e-08 6.05224e-08 5.17688e-08 4.26155e-08 3.46746e-08 2.90472e-08 2.6173e-08 2.57904e-08 2.69735e-08 2.82993e-08 2.82524e-08 2.58466e-08 2.11431e-08 1.52279e-08 9.56861e-09 5.22295e-09 2.47472e-09 1.01921e-09 3.65392e-10 1.13951e-10 3.07343e-11 7.05362e-12 1.32482e-12 1.8447e-13 1.36483e-14 0 
0 5.7347e-13 4.51066e-12 1.87221e-11 5.74482e-11 1.44692e-10 3.13325e-10 5.98102e-10 1.02207e-09 1.58018e-09 2.22782e-09 2.88223e-09 3.4398e-09 3.80457e-09 3.91705e-09 3.77189e-09 3.41791e-09 2.94199e-09 2.4441e-09 2.01287e-09 1.70787e-09 1.55037e-09 1.52131e-09 1.56571e-09 1.60601e-09 1.5669e-09 1.40647e-09 1.13658e-09 8.15702e-10 5.15685e-10 2.85949e-10 1.38839e-10 5.90092e-11 2.1945e-11 7.12376e-12 2.00386e-12 4.79958e-13 9.40496e-14 1.36483e-14 1.05079e-15 0 
0 0 0 0 0 0 0 0 0 0 0 0 0 0 0 0 0 0 0 0 0 0 0 0 0 0 0 0 0 0 0 0 0 0 0 0 0 0 0 0 0 
