0 0 0 0 0 0 0 0 0 0 0 0 0 0 0 0 0 0 0 0 0 0 0 0 0 0 0 0 0 0 0 0 0 0 0 0 0 0 0 0 0 
0 3.81705e-07 3.40379e-06 1.50274e-05 4.55911e-05 0.000105986 0.000200906 0.000325313 0.000466735 0.000610131 0.000741667 0.000850478 0.000929099 0.000973294 0.000981741 0.000955663 0.000898466 0.000815363 0.000712975 0.000598899 0.000481211 0.000367823 0.000265707 0.000180048 0.000113539 6.61085e-05 3.52902e-05 1.7175e-05 7.59249e-06 3.04344e-06 1.10598e-06 3.64551e-07 1.0902e-07 2.95443e-08 7.22494e-09 1.57897e-09 3.02217e-10 4.85412e-11 5.90666e-12 3.89114e-13 0 
0 3.40379e-06 3.10369e-05 0.0001352 0.00038766 0.000823346 0.00140618 0.00206158 0.00272056 0.00333355 0.00386584 0.00429205 0.00459417 0.00476167 0.00479195 0.00469023 0.00446866 0.00414472 0.00373936 0.0032752 0.00277523 0.0022625 0.00176057 0.00129387 0.000886545 0.000558406 0.000318976 0.000163467 7.46791e-05 3.03686e-05 1.10192e-05 3.58293e-06 1.04822e-06 2.76479e-07 6.56273e-08 1.39071e-08 2.58126e-09 4.02382e-10 4.75826e-11 3.05098e-12 0 
0 1.50274e-05 0.0001352 0.000548642 0.0013942 0.00259252 0.00396531 0.00538682 0.00678036 0.00808032 0.00922171 0.0101453 0.0108047 0.0111715 0.0112369 0.011012 0.0105248 0.0098171 0.00893913 0.00794448 0.0068849 0.00580579 0.00474368 0.00372689 0.00278072 0.00193523 0.00122823 0.000694489 0.000343503 0.000147362 5.49421e-05 1.79607e-05 5.20179e-06 1.34516e-06 3.1137e-07 6.41834e-08 1.15802e-08 1.75552e-09 2.02101e-10 1.26341e-11 0 
0 4.55911e-05 0.00038766 0.0013942 0.00308284 0.00517033 0.00747023 0.00988047 0.0122882 0.0145621 0.0165717 0.0182031 0.0193697 0.0200189 0.0201343 0.0197354 0.0188724 0.0176203 0.01607 0.0143197 0.0124663 0.0105977 0.00878614 0.00708352 0.00551946 0.00410665 0.00285723 0.00180349 0.000997624 0.000470353 0.000187021 6.31854e-05 1.84471e-05 4.73026e-06 1.07549e-06 2.16711e-07 3.81468e-08 5.64029e-09 6.33734e-10 3.87111e-11 0 
0 0.000105986 0.000823346 0.00259252 0.00517033 0.00825181 0.0117065 0.0153819 0.0190768 0.0225745 0.0256684 0.028181 0.0299781 0.0309781 0.0311557 0.0305408 0.029211 0.027282 0.0248944 0.0222002 0.01935 0.0164817 0.0137121 0.0111303 0.00879385 0.00672583 0.00491955 0.0033601 0.0020629 0.0010877 0.000475628 0.000171092 5.14719e-05 1.3276e-05 2.99196e-06 5.92957e-07 1.02289e-07 1.48039e-08 1.62827e-09 9.7443e-11 0 
0 0.000200906 0.00140618 0.00396531 0.00747023 0.0117065 0.0165178 0.021658 0.0268315 0.0317308 0.0360654 0.039586 0.0421046 0.0435069 0.0437561 0.0428933 0.041029 0.0383259 0.0349807 0.0312065 0.0272147 0.0231992 0.019325 0.0157203 0.0124728 0.00962785 0.00718768 0.0051168 0.00337228 0.00196062 0.000951632 0.000372486 0.000117934 3.10662e-05 7.00927e-06 1.37542e-06 2.33664e-07 3.32294e-08 3.58951e-09 2.11056e-10 0 
0 0.000325313 0.00206158 0.00538682 0.00988047 0.0153819 0.021658 0.0283695 0.0351264 0.041526 0.047191 0.0518182 0.055217 0.0572131 0.057583 0.0563275 0.0537476 0.0501554 0.045773 0.040842 0.0356284 0.0303846 0.0253267 0.020623 0.0163907 0.012695 0.00955156 0.00692679 0.00474924 0.00295751 0.00157344 0.000674393 0.000228026 6.21695e-05 1.41768e-05 2.77252e-06 4.66107e-07 6.53869e-08 6.95995e-09 4.03247e-10 0 
0 0.000466735 0.00272056 0.00678036 0.0122882 0.0190768 0.0268315 0.0351264 0.0434782 0.0513966 0.0585276 0.0649994 0.0705485 0.0738915 0.0745131 0.0724671 0.0681026 0.0625293 0.0567066 0.0505496 0.0441009 0.03762 0.0313695 0.0255581 0.0203312 0.015772 0.011906 0.00870462 0.00608915 0.00395578 0.00225506 0.00104978 0.000380895 0.000108435 2.51814e-05 4.936e-06 8.24787e-07 1.14552e-07 1.20531e-08 6.90085e-10 0 
0 0.000610131 0.00333355 0.00808032 0.0145621 0.0225745 0.0317308 0.041526 0.0513966 0.0609282 0.0707257 0.0798664 0.0853056 0.0877754 0.0882258 0.0868487 0.0832544 0.0765878 0.0678857 0.0598442 0.052133 0.0444743 0.0370939 0.0302326 0.0240627 0.0186833 0.0141272 0.0103683 0.00732631 0.00487724 0.00291462 0.00145031 0.000562192 0.000167601 3.9819e-05 7.85587e-06 1.30941e-06 1.80625e-07 1.88417e-08 1.06885e-09 0 
0 0.000741667 0.00386584 0.00922171 0.0165717 0.0256684 0.0360654 0.047191 0.0585276 0.0707257 0.0827856 0.0895859 0.0931207 0.0948291 0.0951691 0.094238 0.091872 0.0875007 0.0796098 0.0688225 0.0593165 0.0505439 0.0421601 0.0343696 0.0273647 0.0212587 0.0160899 0.0118327 0.00840482 0.00567318 0.0034949 0.0018269 0.000748692 0.00023309 5.67182e-05 1.12885e-05 1.88172e-06 2.58485e-07 2.67995e-08 1.51e-09 0 
0 0.000850478 0.00429205 0.0101453 0.0182031 0.028181 0.039586 0.0518182 0.0649994 0.0798664 0.0895859 0.0946138 0.0974458 0.0988694 0.0991684 0.09841 0.0964983 0.0931055 0.0873743 0.0773635 0.065525 0.0555012 0.0462775 0.0377313 0.030048 0.0233512 0.017684 0.0130199 0.0092743 0.00630918 0.00396054 0.00214175 0.000915861 0.000295679 7.35319e-05 1.47698e-05 2.46601e-06 3.38004e-07 3.49065e-08 1.95772e-09 0 
0 0.000929099 0.00459417 0.0108047 0.0193697 0.0299781 0.0421046 0.055217 0.0705485 0.0853056 0.0931207 0.0974458 0.0999725 0.101267 0.101548 0.10087 0.0991634 0.0961891 0.0913537 0.083084 0.0705661 0.0591206 0.0492275 0.0401383 0.0319693 0.0248496 0.0188253 0.0138693 0.00989474 0.0067604 0.00429087 0.00237071 0.00104369 0.000346057 8.75439e-05 1.77243e-05 2.96583e-06 4.06211e-07 4.18617e-08 2.34151e-09 0 
0 0.000973294 0.00476167 0.0111715 0.0200189 0.0309781 0.0435069 0.0572131 0.0738915 0.0877754 0.0948291 0.0988694 0.101267 0.102506 0.102779 0.102137 0.100519 0.0977201 0.0932431 0.0857938 0.073605 0.0612125 0.0508758 0.0414812 0.0330415 0.0256862 0.0194628 0.014344 0.0102413 0.00701214 0.00447567 0.00250125 0.00111932 0.000377071 9.64255e-05 1.96304e-05 3.29165e-06 4.50965e-07 4.64476e-08 2.59561e-09 0 
0 0.000981741 0.00479195 0.0112369 0.0201343 0.0311557 0.0437561 0.057583 0.0745131 0.0882258 0.0951691 0.0991684 0.101548 0.102779 0.103052 0.102415 0.10081 0.0980369 0.0936126 0.0862863 0.0741794 0.0616026 0.0511761 0.0417263 0.0332379 0.0258402 0.0195808 0.0144327 0.0103071 0.00706115 0.00451349 0.00253004 0.00113743 0.00038506 9.88483e-05 2.01746e-05 3.38832e-06 4.64718e-07 4.79049e-08 2.67907e-09 0 
0 0.000955663 0.00469023 0.011012 0.0197354 0.0305408 0.0428933 0.0563275 0.0724671 0.0868487 0.094238 0.09841 0.10087 0.102137 0.102415 0.101756 0.100097 0.0972166 0.092579 0.0847661 0.0723213 0.0603124 0.0501753 0.0409132 0.0325903 0.0253365 0.0191986 0.0141499 0.0101027 0.00691583 0.00441086 0.00246132 0.00109965 0.000370243 9.47758e-05 1.93363e-05 3.2513e-06 4.46792e-07 4.61641e-08 2.58823e-09 0 
0 0.000898466 0.00446866 0.0105248 0.0188724 0.029211 0.041029 0.0537476 0.0681026 0.0832544 0.091872 0.0964983 0.0991634 0.100519 0.10081 0.100097 0.0982986 0.095143 0.0899361 0.0808758 0.0683964 0.057602 0.0480052 0.0391461 0.0311819 0.0242402 0.0183658 0.0135326 0.00965529 0.00659522 0.00418165 0.00230596 0.00101371 0.000336399 8.53979e-05 1.73804e-05 2.92603e-06 4.03367e-07 4.18496e-08 2.35715e-09 0 
0 0.000815363 0.00414472 0.0098171 0.0176203 0.027282 0.0383259 0.0501554 0.0625293 0.0765878 0.0875007 0.0931055 0.0961891 0.0977201 0.0980369 0.0972166 0.095143 0.0914149 0.0849608 0.0742436 0.0632742 0.0537762 0.0448577 0.0365799 0.0291366 0.0226483 0.0171565 0.0126361 0.00900448 0.00612724 0.00384646 0.00208127 0.000892639 0.000290037 7.2782e-05 1.47696e-05 2.49252e-06 3.45402e-07 3.60729e-08 2.0466e-09 0 
0 0.000712975 0.00373936 0.00893913 0.01607 0.0248944 0.0349807 0.045773 0.0567066 0.0678857 0.0796098 0.0873743 0.0913537 0.0932431 0.0936126 0.092579 0.0899361 0.0849608 0.0763673 0.0664106 0.0575662 0.0490942 0.0409623 0.0334031 0.0266052 0.0206787 0.0156611 0.0115277 0.00819917 0.00554696 0.00343298 0.00181149 0.000753894 0.000239253 5.93731e-05 1.20391e-05 2.04269e-06 2.85495e-07 3.01167e-08 1.72691e-09 0 
0 0.000598899 0.0032752 0.00794448 0.0143197 0.0222002 0.0312065 0.040842 0.0505496 0.0598442 0.0688225 0.0773635 0.083084 0.0857938 0.0862863 0.0847661 0.0808758 0.0742436 0.0664106 0.05889 0.0513529 0.0438252 0.0365677 0.0298199 0.0237514 0.0184598 0.013978 0.0102815 0.00729397 0.0048965 0.0029783 0.00152903 0.000618117 0.000192445 4.74989e-05 9.67776e-06 1.65926e-06 2.34933e-07 2.51282e-08 1.46089e-09 0 
0 0.000481211 0.00277523 0.0068849 0.0124663 0.01935 0.0272147 0.0356284 0.0441009 0.052133 0.0593165 0.065525 0.0705661 0.073605 0.0741794 0.0723213 0.0683964 0.0632742 0.0575662 0.0513529 0.0448208 0.0382543 0.0319211 0.0260329 0.0207374 0.0161195 0.0122064 0.00897357 0.00634912 0.00422969 0.00253441 0.00127549 0.000507291 0.000157126 3.90139e-05 8.05099e-06 1.40193e-06 2.01684e-07 2.19012e-08 1.29099e-09 0 
0 0.000367823 0.0022625 0.00580579 0.0105977 0.0164817 0.0231992 0.0303846 0.03762 0.0444743 0.0505439 0.0555012 0.0591206 0.0612125 0.0616026 0.0603124 0.057602 0.0537762 0.0490942 0.0438252 0.0382543 0.0326521 0.0272498 0.0222283 0.0177136 0.0137783 0.0104447 0.00768828 0.00544388 0.00362639 0.0021743 0.00109917 0.000441828 0.000139019 3.51263e-05 7.36868e-06 1.30135e-06 1.89386e-07 2.07537e-08 1.2318e-09 0 
0 0.000265707 0.00176057 0.00474368 0.00878614 0.0137121 0.019325 0.0253267 0.0313695 0.0370939 0.0421601 0.0462775 0.0492275 0.0508758 0.0511761 0.0501753 0.0480052 0.0448577 0.0409623 0.0365677 0.0319211 0.0272498 0.0227474 0.0185658 0.0148144 0.0115639 0.00884049 0.00660651 0.00476898 0.00324293 0.00199551 0.00104509 0.000436257 0.000141323 3.6311e-05 7.67039e-06 1.35584e-06 1.96809e-07 2.14683e-08 1.26683e-09 0 
0 0.000180048 0.00129387 0.00372689 0.00708352 0.0111303 0.0157203 0.020623 0.0255581 0.0302326 0.0343696 0.0377313 0.0401383 0.0414812 0.0417263 0.0409132 0.0391461 0.0365799 0.0334031 0.0298199 0.0260329 0.0222283 0.0185658 0.0151779 0.0121902 0.00974594 0.00793063 0.00655893 0.00520279 0.00367859 0.00224715 0.00117437 0.000499871 0.000164442 4.2178e-05 8.79105e-06 1.52623e-06 2.17386e-07 2.32802e-08 1.35009e-09 0 
0 0.000113539 0.000886545 0.00278072 0.00551946 0.00879385 0.0124728 0.0163907 0.0203312 0.0240627 0.0273647 0.030048 0.0319693 0.0330415 0.0332379 0.0325903 0.0311819 0.0291366 0.0266052 0.0237514 0.0207374 0.0177136 0.0148144 0.0121902 0.0101329 0.00921298 0.00984671 0.0110723 0.0106473 0.00776768 0.00422386 0.00182652 0.000679453 0.000210026 5.15672e-05 1.03274e-05 1.732e-06 2.39461e-07 2.49837e-08 1.41581e-09 0 
0 6.61085e-05 0.000558406 0.00193523 0.00410665 0.00672583 0.00962785 0.012695 0.015772 0.0186833 0.0212587 0.0233512 0.0248496 0.0256862 0.0258402 0.0253365 0.0242402 0.0226483 0.0206787 0.0184598 0.0161195 0.0137783 0.0115639 0.00974594 0.00921298 0.0120063 0.0196909 0.0317971 0.0382577 0.0227153 0.0114521 0.00410858 0.00116418 0.00029222 6.33406e-05 1.17037e-05 1.86466e-06 2.48936e-07 2.52718e-08 1.39951e-09 0 
0 3.52902e-05 0.000318976 0.00122823 0.00285723 0.00491955 0.00718768 0.00955156 0.011906 0.0141272 0.0160899 0.017684 0.0188253 0.0194628 0.0195808 0.0191986 0.0183658 0.0171565 0.0156611 0.013978 0.0122064 0.0104447 0.00884049 0.00793063 0.00984671 0.0196909 0.0458268 0.0773572 0.080025 0.0660753 0.0267254 0.00896691 0.00215717 0.000426614 7.597e-05 1.23231e-05 1.82791e-06 2.35065e-07 2.32949e-08 1.26587e-09 0 
0 1.7175e-05 0.000163467 0.000694489 0.00180349 0.0033601 0.0051168 0.00692679 0.00870462 0.0103683 0.0118327 0.0130199 0.0138693 0.014344 0.0144327 0.0141499 0.0135326 0.0126361 0.0115277 0.0102815 0.00897357 0.00768828 0.00660651 0.00655893 0.0110723 0.0317971 0.0773572 0.0864495 0.0875476 0.0826882 0.0562499 0.0144453 0.00327523 0.000561897 8.34379e-05 1.16374e-05 1.58538e-06 1.96588e-07 1.91407e-08 1.02767e-09 0 
0 7.59249e-06 7.46791e-05 0.000343503 0.000997624 0.0020629 0.00337228 0.00474924 0.00608915 0.00732631 0.00840482 0.0092743 0.00989474 0.0102413 0.0103071 0.0101027 0.00965529 0.00900448 0.00819917 0.00729397 0.00634912 0.00544388 0.00476898 0.00520279 0.0106473 0.0382577 0.080025 0.0875476 0.0885626 0.0847341 0.0661734 0.016043 0.00354359 0.000572361 7.59052e-05 9.37822e-06 1.1858e-06 1.43118e-07 1.3823e-08 7.39639e-10 0 
0 3.04344e-06 3.03686e-05 0.000147362 0.000470353 0.0010877 0.00196062 0.00295751 0.00395578 0.00487724 0.00567318 0.00630918 0.0067604 0.00701214 0.00706115 0.00691583 0.00659522 0.00612724 0.00554696 0.0048965 0.00422969 0.00362639 0.00324293 0.00367859 0.00776768 0.0227153 0.0660753 0.0826882 0.0847341 0.0788651 0.0407999 0.0117922 0.00261877 0.000416638 5.26549e-05 6.12286e-06 7.47465e-07 8.96633e-08 8.7004e-09 4.68449e-10 0 
0 1.10598e-06 1.10192e-05 5.49421e-05 0.000187021 0.000475628 0.000951632 0.00157344 0.00225506 0.00291462 0.0034949 0.00396054 0.00429087 0.00447567 0.00451349 0.00441086 0.00418165 0.00384646 0.00343298 0.0029783 0.00253441 0.0021743 0.00199551 0.00224715 0.00422386 0.0114521 0.0267254 0.0562499 0.0661734 0.0407999 0.0177177 0.00584528 0.00131157 0.000211343 2.6782e-05 3.14369e-06 3.92101e-07 4.8087e-08 4.75393e-09 2.60066e-10 0 
0 3.64551e-07 3.58293e-06 1.79607e-05 6.31854e-05 0.000171092 0.000372486 0.000674393 0.00104978 0.00145031 0.0018269 0.00214175 0.00237071 0.00250125 0.00253004 0.00246132 0.00230596 0.00208127 0.00181149 0.00152903 0.00127549 0.00109917 0.00104509 0.00117437 0.00182652 0.00410858 0.00896691 0.0144453 0.016043 0.0117922 0.00584528 0.00195074 0.000449366 7.50286e-05 1.00201e-05 1.27667e-06 1.71888e-07 2.21036e-08 2.25391e-09 1.26372e-10 0 
0 1.0902e-07 1.04822e-06 5.20179e-06 1.84471e-05 5.14719e-05 0.000117934 0.000228026 0.000380895 0.000562192 0.000748692 0.000915861 0.00104369 0.00111932 0.00113743 0.00109965 0.00101371 0.000892639 0.000753894 0.000618117 0.000507291 0.000441828 0.000436257 0.000499871 0.000679453 0.00116418 0.00215717 0.00327523 0.00354359 0.00261877 0.00131157 0.000449366 0.000108018 1.92671e-05 2.88731e-06 4.26244e-07 6.40577e-08 8.75522e-09 9.28631e-10 5.37392e-11 0 
0 2.95443e-08 2.76479e-07 1.34516e-06 4.73026e-06 1.3276e-05 3.10662e-05 6.21695e-05 0.000108435 0.000167601 0.00023309 0.000295679 0.000346057 0.000377071 0.00038506 0.000370243 0.000336399 0.000290037 0.000239253 0.000192445 0.000157126 0.000139019 0.000141323 0.000164442 0.000210026 0.00029222 0.000426614 0.000561897 0.000572361 0.000416638 0.000211343 7.50286e-05 1.92671e-05 3.88033e-06 6.97861e-07 1.23019e-07 2.06549e-08 3.00462e-09 3.33001e-10 1.99923e-11 0 
0 7.22494e-09 6.56273e-08 3.1137e-07 1.07549e-06 2.99196e-06 7.00927e-06 1.41768e-05 2.51814e-05 3.9819e-05 5.67182e-05 7.35319e-05 8.75439e-05 9.64255e-05 9.88483e-05 9.47758e-05 8.53979e-05 7.2782e-05 5.93731e-05 4.74989e-05 3.90139e-05 3.51263e-05 3.6311e-05 4.2178e-05 5.15672e-05 6.33406e-05 7.597e-05 8.34379e-05 7.59052e-05 5.26549e-05 2.6782e-05 1.00201e-05 2.88731e-06 6.97861e-07 1.53883e-07 3.16055e-08 5.80619e-09 8.95006e-10 1.03865e-10 6.4914e-12 0 
0 1.57897e-09 1.39071e-08 6.41834e-08 2.16711e-07 5.92957e-07 1.37542e-06 2.77252e-06 4.936e-06 7.85587e-06 1.12885e-05 1.47698e-05 1.77243e-05 1.96304e-05 2.01746e-05 1.93363e-05 1.73804e-05 1.47696e-05 1.20391e-05 9.67776e-06 8.05099e-06 7.36868e-06 7.67039e-06 8.79105e-06 1.03274e-05 1.17037e-05 1.23231e-05 1.16374e-05 9.37822e-06 6.12286e-06 3.14369e-06 1.27667e-06 4.26244e-07 1.23019e-07 3.16055e-08 7.19817e-09 1.41663e-09 2.30391e-10 2.80162e-11 1.82625e-12 0 
0 3.02217e-10 2.58126e-09 1.15802e-08 3.81468e-08 1.02289e-07 2.33664e-07 4.66107e-07 8.24787e-07 1.30941e-06 1.88172e-06 2.46601e-06 2.96583e-06 3.29165e-06 3.38832e-06 3.2513e-06 2.92603e-06 2.49252e-06 2.04269e-06 1.65926e-06 1.40193e-06 1.30135e-06 1.35584e-06 1.52623e-06 1.732e-06 1.86466e-06 1.82791e-06 1.58538e-06 1.1858e-06 7.47465e-07 3.92101e-07 1.71888e-07 6.40577e-08 2.06549e-08 5.80619e-09 1.41663e-09 2.95059e-10 5.04758e-11 6.43e-12 4.37454e-13 0 
0 4.85412e-11 4.02382e-10 1.75552e-09 5.64029e-09 1.48039e-08 3.32294e-08 6.53869e-08 1.14552e-07 1.80625e-07 2.58485e-07 3.38004e-07 4.06211e-07 4.50965e-07 4.64718e-07 4.46792e-07 4.03367e-07 3.45402e-07 2.85495e-07 2.34933e-07 2.01684e-07 1.89386e-07 1.96809e-07 2.17386e-07 2.39461e-07 2.48936e-07 2.35065e-07 1.96588e-07 1.43118e-07 8.96633e-08 4.8087e-08 2.21036e-08 8.75522e-09 3.00462e-09 8.95006e-10 2.30391e-10 5.04758e-11 9.05994e-12 1.20767e-12 8.57236e-14 0 
0 5.90666e-12 4.75826e-11 2.02101e-10 6.33734e-10 1.62827e-09 3.58951e-09 6.95995e-09 1.20531e-08 1.88417e-08 2.67995e-08 3.49065e-08 4.18617e-08 4.64476e-08 4.79049e-08 4.61641e-08 4.18496e-08 3.60729e-08 3.01167e-08 2.51282e-08 2.19012e-08 2.07537e-08 2.14683e-08 2.32802e-08 2.49837e-08 2.52718e-08 2.32949e-08 1.91407e-08 1.3823e-08 8.7004e-09 4.75393e-09 2.25391e-09 9.28631e-10 3.33001e-10 1.03865e-10 2.80162e-11 6.43e-12 1.20767e-12 1.6815e-13 1.244e-14 0 
0 3.89114e-13 3.05098e-12 1.26341e-11 3.87111e-11 9.7443e-11 2.11056e-10 4.03247e-10 6.90085e-10 1.06885e-09 1.51e-09 1.95772e-09 2.34151e-09 2.59561e-09 2.67907e-09 2.58823e-09 2.35715e-09 2.0466e-09 1.72691e-09 1.46089e-09 1.29099e-09 1.2318e-09 1.26683e-09 1.35009e-09 1.41581e-09 1.39951e-09 1.26587e-09 1.02767e-09 7.39639e-10 4.68449e-10 2.60066e-10 1.26372e-10 5.37392e-11 1.99923e-11 6.4914e-12 1.82625e-12 4.37454e-13 8.57236e-14 1.244e-14 9.57725e-16 0 
0 0 0 0 0 0 0 0 0 0 0 0 0 0 0 0 0 0 0 0 0 0 0 0 0 0 0 0 0 0 0 0 0 0 0 0 0 0 0 0 0 
