0 0 0 0 0 0 0 0 0 0 0 0 0 0 0 0 0 0 0 0 0 0 0 0 0 0 0 0 0 0 0 0 0 0 0 0 0 0 0 0 0 
0 2.80532e-07 2.51916e-06 1.12742e-05 3.4894e-05 8.30944e-05 0.000161496 0.000267621 0.000391617 0.000520105 0.000639904 0.000740181 0.000813244 0.000854588 0.000862657 0.000838507 0.00078543 0.000708559 0.000614438 0.000510532 0.000404649 0.000304232 0.000215535 0.000142832 8.78683e-05 4.98189e-05 2.58718e-05 1.22503e-05 5.2748e-06 2.06353e-06 7.33668e-07 2.37245e-07 6.97922e-08 1.86523e-08 4.50867e-09 9.75929e-10 1.8533e-10 2.95768e-11 3.58033e-12 2.34869e-13 0 
0 2.51916e-06 2.32303e-05 0.000103513 0.000306692 0.000675778 0.00119395 0.00179857 0.00242101 0.00300749 0.00351989 0.00393128 0.0042233 0.00438552 0.00441534 0.00431777 0.00410443 0.00379218 0.00340139 0.00295447 0.00247487 0.00198679 0.00151535 0.00108599 0.00072196 0.000439321 0.0002418 0.000119347 5.26114e-05 2.07205e-05 7.31493e-06 2.32498e-06 6.67743e-07 1.7353e-07 4.0706e-08 8.54538e-09 1.57437e-09 2.43989e-10 2.87196e-11 1.83479e-12 0 
0 1.12742e-05 0.000103513 0.000436182 0.001162 0.00225477 0.00355475 0.00492076 0.00626298 0.00751328 0.00860928 0.00949526 0.0101277 0.0104797 0.0105432 0.0103286 0.00986259 0.00918479 0.00834274 0.00738706 0.00636658 0.00532461 0.0042973 0.00331571 0.00241138 0.00162161 0.000986331 0.000531572 0.000250389 0.0001027 3.68686e-05 1.16969e-05 3.31121e-06 8.41718e-07 1.92352e-07 3.92703e-08 7.03422e-09 1.06055e-09 1.21589e-10 7.57689e-12 0 
0 3.4894e-05 0.000306692 0.001162 0.00270285 0.00468782 0.0068967 0.00920795 0.0115117 0.0136851 0.0156053 0.0171642 0.0182794 0.0189005 0.0190119 0.0186319 0.0178085 0.0166129 0.0151319 0.0134588 0.0116856 0.00989504 0.00815478 0.00651308 0.00499922 0.00363239 0.00243942 0.00146766 0.000766719 0.000340821 0.000128591 4.16761e-05 1.18025e-05 2.96217e-06 6.63466e-07 1.3229e-07 2.31134e-08 3.39931e-09 3.80469e-10 2.31747e-11 0 
0 8.30944e-05 0.000675778 0.00225477 0.00468782 0.00763918 0.010943 0.0144518 0.0179777 0.0213158 0.0242693 0.0266688 0.0283858 0.0293421 0.0295134 0.0289276 0.0276591 0.025818 0.0235386 0.0209659 0.0182435 0.0155026 0.0128538 0.0103804 0.00813486 0.00613745 0.00438662 0.00288672 0.00167993 0.000829653 0.000339514 0.000115462 3.33254e-05 8.35649e-06 1.84859e-06 3.61905e-07 6.19244e-08 8.9128e-09 9.76607e-10 5.82892e-11 0 
0 0.000161496 0.00119395 0.00355475 0.0068967 0.010943 0.0155313 0.0204327 0.0253674 0.0300425 0.0341804 0.0375426 0.0399487 0.0412889 0.0415288 0.0407077 0.0389297 0.0363498 0.0331561 0.0295524 0.0257406 0.0219057 0.0182049 0.0147595 0.0116515 0.00892089 0.00656643 0.00455874 0.00288079 0.00157526 0.000710643 0.000259422 7.77803e-05 1.97415e-05 4.35003e-06 8.41065e-07 1.41558e-07 2.00109e-08 2.15316e-09 1.26267e-10 0 
0 0.000267621 0.00179857 0.00492076 0.00920795 0.0144518 0.0204327 0.0268316 0.0332772 0.0393849 0.0447917 0.0491898 0.052352 0.0541296 0.0544502 0.0533568 0.0510104 0.0476288 0.043454 0.038746 0.0337671 0.0287593 0.0239289 0.019436 0.0153915 0.0118552 0.00883775 0.00630344 0.00419226 0.00248064 0.00122874 0.000486967 0.000153966 4.00337e-05 8.85995e-06 1.70166e-06 2.82966e-07 3.94292e-08 4.17921e-09 2.41469e-10 0 
0 0.000391617 0.00242101 0.00626298 0.0115117 0.0179777 0.0253674 0.0332772 0.0412458 0.0487985 0.0555081 0.0610868 0.0653398 0.0678911 0.0683689 0.0667733 0.0634998 0.0590811 0.053844 0.0480113 0.0418553 0.0356653 0.0296956 0.0241452 0.0191524 0.014795 0.011094 0.00801678 0.0054861 0.00342287 0.00182966 0.000785643 0.00026394 7.09329e-05 1.58771e-05 3.04481e-06 5.02285e-07 6.92292e-08 7.25028e-09 4.13872e-10 0 
0 0.000520105 0.00300749 0.00751328 0.0136851 0.0213158 0.0300425 0.0393849 0.0487985 0.0577541 0.0659505 0.0733148 0.0789274 0.0819436 0.0824868 0.0807049 0.0765756 0.0705828 0.0638515 0.0568141 0.0495237 0.0422119 0.0351619 0.0286084 0.0227153 0.0175761 0.0132197 0.00961632 0.00668335 0.00430948 0.00243539 0.00112019 0.000399612 0.000111469 2.53527e-05 4.87429e-06 8.00453e-07 1.09466e-07 1.13597e-08 6.42327e-10 0 
0 0.000639904 0.00351989 0.00860928 0.0156053 0.0242693 0.0341804 0.0447917 0.0555081 0.0659505 0.0761433 0.0843898 0.0891833 0.0914578 0.0918791 0.0905946 0.08736 0.0815532 0.0733644 0.0647577 0.0563304 0.0480104 0.0400032 0.032561 0.02587 0.0200372 0.0150974 0.011022 0.00772596 0.00508137 0.00298253 0.00144732 0.000544342 0.000157487 3.64655e-05 7.04651e-06 1.15502e-06 1.57139e-07 1.61995e-08 9.09541e-10 0 
0 0.000740181 0.00393128 0.00949526 0.0171642 0.0266688 0.0375426 0.0491898 0.0610868 0.0733148 0.0843898 0.0912131 0.0949539 0.0967863 0.0971444 0.0961276 0.0935881 0.0890402 0.0815278 0.0716436 0.0619406 0.052731 0.0439406 0.0357757 0.0284356 0.0220384 0.0166231 0.0121613 0.00856573 0.00570004 0.00342868 0.00172898 0.000678148 0.000202508 4.76933e-05 9.27226e-06 1.51978e-06 2.06135e-07 2.1158e-08 1.18219e-09 0 
0 0.000813244 0.0042233 0.0101277 0.0182794 0.0283858 0.0399487 0.052352 0.0653398 0.0789274 0.0891833 0.0949539 0.0982204 0.0998554 0.100186 0.0992912 0.0970647 0.0931487 0.0867079 0.0769186 0.0661095 0.0561288 0.0467633 0.0380803 0.0302752 0.0234734 0.017717 0.0129773 0.00916534 0.00614004 0.00374862 0.00193834 0.000783093 0.000239512 5.71919e-05 1.11823e-05 1.83464e-06 2.48504e-07 2.54451e-08 1.41771e-09 0 
0 0.000854588 0.00438552 0.0104797 0.0189005 0.0293421 0.0412889 0.0541296 0.0678911 0.0819436 0.0914578 0.0967863 0.0998554 0.101407 0.101726 0.100885 0.0987908 0.0951399 0.0892106 0.0798673 0.068548 0.058043 0.0483428 0.03937 0.0313053 0.0242774 0.0183304 0.0134353 0.0095019 0.00638717 0.00392986 0.00206018 0.000846699 0.000262797 6.33244e-05 1.24344e-05 2.04299e-06 2.7672e-07 2.8315e-08 1.57613e-09 0 
0 0.000862657 0.00441534 0.0105432 0.0190119 0.0295134 0.0415288 0.0544502 0.0683689 0.0824868 0.0918791 0.0971444 0.100186 0.101726 0.102045 0.101211 0.0991369 0.0955253 0.0896734 0.0804155 0.0690124 0.0584007 0.0486377 0.0396122 0.0314999 0.0244306 0.0184485 0.0135248 0.00956926 0.0064386 0.00397002 0.00208944 0.000863249 0.000269281 6.51263e-05 1.28189e-05 2.1095e-06 2.86062e-07 2.92996e-08 1.63246e-09 0 
0 0.000838507 0.00431777 0.0103286 0.0186319 0.0289276 0.0407077 0.0533568 0.0667733 0.0807049 0.0905946 0.0961276 0.0992912 0.100885 0.101211 0.100345 0.098191 0.0944203 0.088261 0.0786705 0.067525 0.0572493 0.0476937 0.0388442 0.0308893 0.0239566 0.0180897 0.0132599 0.00937818 0.00630284 0.00387548 0.00202966 0.000833751 0.000259005 6.2549e-05 1.23194e-05 2.031e-06 2.76093e-07 2.83574e-08 1.58468e-09 0 
0 0.00078543 0.00410443 0.00986259 0.0178085 0.0276591 0.0389297 0.0510104 0.0634998 0.0765756 0.08736 0.0935881 0.0970647 0.0987908 0.0991369 0.098191 0.0958311 0.0916497 0.0847325 0.0747498 0.0643928 0.0547551 0.0456328 0.0371656 0.0295531 0.022918 0.0173018 0.0126765 0.00895485 0.00599882 0.00366057 0.001892 0.000765252 0.000234934 5.64284e-05 1.11102e-05 1.83653e-06 2.50714e-07 2.58807e-08 1.45423e-09 0 
0 0.000708559 0.00379218 0.00918479 0.0166129 0.025818 0.0363498 0.0476288 0.0590811 0.0705828 0.0815532 0.0890402 0.0931487 0.0951399 0.0955253 0.0944203 0.0916497 0.0866543 0.0787018 0.069215 0.0600301 0.0511503 0.0426366 0.0347243 0.0276098 0.0214076 0.016156 0.0118278 0.0083381 0.00555467 0.00334731 0.0016947 0.000669807 0.000202219 4.82278e-05 9.49928e-06 1.57769e-06 2.16891e-07 2.25727e-08 1.27951e-09 0 
0 0.000614438 0.00340139 0.00834274 0.0151319 0.0235386 0.0331561 0.043454 0.053844 0.0638515 0.0733644 0.0815278 0.0867079 0.0892106 0.0896734 0.088261 0.0847325 0.0787018 0.0709271 0.0628649 0.0547604 0.0466958 0.0389253 0.031701 0.0252042 0.0195391 0.0147399 0.0107796 0.0075763 0.00500677 0.00296611 0.00146317 0.000563144 0.00016715 3.96689e-05 7.84369e-06 1.31422e-06 1.82715e-07 1.9253e-08 1.10538e-09 0 
0 0.000510532 0.00295447 0.00738706 0.0134588 0.0209659 0.0295524 0.038746 0.0480113 0.0568141 0.0647577 0.0716436 0.0769186 0.0798673 0.0804155 0.0786705 0.0747498 0.069215 0.0628649 0.0560175 0.0488597 0.041671 0.0347378 0.0282914 0.0224934 0.0174363 0.0131493 0.00960494 0.00672527 0.00440096 0.00255807 0.00122993 0.000462998 0.000136071 3.23799e-05 6.47219e-06 1.10069e-06 1.55566e-07 1.66677e-08 9.72523e-10 0 
0 0.000404649 0.00247487 0.00636658 0.0116856 0.0182435 0.0257406 0.0337671 0.0418553 0.0495237 0.0563304 0.0619406 0.0661095 0.068548 0.0690124 0.067525 0.0643928 0.0600301 0.0547604 0.0488597 0.0426262 0.036357 0.0303108 0.0246896 0.0196339 0.0152233 0.0114815 0.00838074 0.00584952 0.00379763 0.00217882 0.00103387 0.000387173 0.000114521 2.7668e-05 5.63723e-06 9.77875e-07 1.40827e-07 1.53467e-08 9.08864e-10 0 
0 0.000304232 0.00198679 0.00532461 0.00989504 0.0155026 0.0219057 0.0287593 0.0356653 0.0422119 0.0480104 0.052731 0.0561288 0.058043 0.0584007 0.0572493 0.0547551 0.0511503 0.0466958 0.041671 0.036357 0.0310136 0.0258619 0.0210743 0.0167702 0.0130174 0.00983453 0.00719478 0.00503515 0.00328226 0.00189944 0.000916241 0.000351398 0.000106739 2.6429e-05 5.49515e-06 9.68388e-07 1.41114e-07 1.55081e-08 9.23611e-10 0 
0 0.000215535 0.00151535 0.0042973 0.00815478 0.0128538 0.0182049 0.0239289 0.0296956 0.0351619 0.0400032 0.0439406 0.0467633 0.0483428 0.0486377 0.0476937 0.0456328 0.0426366 0.0389253 0.0347378 0.0303108 0.0258619 0.0215762 0.0175984 0.0140322 0.0109432 0.00835385 0.0062256 0.00446752 0.0030002 0.00180357 0.000912549 0.000366868 0.000115323 2.90888e-05 6.08916e-06 1.07259e-06 1.55594e-07 1.69833e-08 1.00328e-09 0 
0 0.000142832 0.00108599 0.00331571 0.00651308 0.0103804 0.0147595 0.019436 0.0241452 0.0286084 0.032561 0.0357757 0.0380803 0.03937 0.0396122 0.0388442 0.0371656 0.0347243 0.031701 0.0282914 0.0246896 0.0210743 0.0175984 0.0143887 0.0115639 0.00925831 0.00754881 0.0062532 0.00496012 0.003495 0.00211163 0.00107724 0.000443118 0.000141229 3.54606e-05 7.30574e-06 1.26131e-06 1.79196e-07 1.91683e-08 1.11099e-09 0 
0 8.78683e-05 0.00072196 0.00241138 0.00499922 0.00813486 0.0116515 0.0153915 0.0191524 0.0227153 0.02587 0.0284356 0.0302752 0.0313053 0.0314999 0.0308893 0.0295531 0.0276098 0.0252042 0.0224934 0.0196339 0.0167702 0.0140322 0.0115639 0.00964187 0.00880397 0.00944209 0.0106346 0.0102311 0.00746189 0.00404979 0.00173562 0.000629039 0.000187613 4.47962e-05 8.83041e-06 1.46964e-06 2.02443e-07 2.10793e-08 1.19299e-09 0 
0 4.98189e-05 0.000439321 0.00162161 0.00363239 0.00613745 0.00892089 0.0118552 0.014795 0.0175761 0.0200372 0.0220384 0.0234734 0.0242774 0.0244306 0.0239566 0.022918 0.0214076 0.0195391 0.0174363 0.0152233 0.0130174 0.0109432 0.00925831 0.00880397 0.011526 0.0189336 0.0284786 0.0331394 0.0217626 0.0110142 0.00394634 0.00110742 0.000269679 5.64366e-05 1.01944e-05 1.60686e-06 2.13528e-07 2.1627e-08 1.19586e-09 0 
0 2.58718e-05 0.0002418 0.000986331 0.00243942 0.00438662 0.00656643 0.00883775 0.011094 0.0132197 0.0150974 0.0166231 0.017717 0.0183304 0.0184485 0.0180897 0.0173018 0.016156 0.0147399 0.0131493 0.0114815 0.00983453 0.00835385 0.00754881 0.00944209 0.0189336 0.0410875 0.074795 0.0797482 0.0597008 0.0256299 0.00862483 0.00206997 0.000402401 6.9182e-05 1.08903e-05 1.59078e-06 2.0335e-07 2.01013e-08 1.0907e-09 0 
0 1.22503e-05 0.000119347 0.000531572 0.00146766 0.00288672 0.00455874 0.00630344 0.00801678 0.00961632 0.011022 0.0121613 0.0129773 0.0134353 0.0135248 0.0132599 0.0126765 0.0118278 0.0107796 0.00960494 0.00838074 0.00719478 0.0062256 0.0062532 0.0106346 0.0284786 0.074795 0.0874716 0.0890973 0.0832668 0.0502865 0.0138949 0.00314847 0.000535266 7.71948e-05 1.04084e-05 1.3894e-06 1.70955e-07 1.65994e-08 8.89974e-10 0 
0 5.2748e-06 5.26114e-05 0.000250389 0.000766719 0.00167993 0.00288079 0.00419226 0.0054861 0.00668335 0.00772596 0.00856573 0.00916534 0.0095019 0.00956926 0.00937818 0.00895485 0.0083381 0.0075763 0.00672527 0.00584952 0.00503515 0.00446752 0.00496012 0.0102311 0.0331394 0.0797482 0.0890973 0.0903505 0.085627 0.0600125 0.0153253 0.00340756 0.000546932 7.0811e-05 8.45757e-06 1.04424e-06 1.24864e-07 1.20249e-08 6.42598e-10 0 
0 2.06353e-06 2.07205e-05 0.0001027 0.000340821 0.000829653 0.00157526 0.00248064 0.00342287 0.00430948 0.00508137 0.00570004 0.00614004 0.00638717 0.0064386 0.00630284 0.00599882 0.00555467 0.00500677 0.00440096 0.00379763 0.00328226 0.0030002 0.003495 0.00746189 0.0217626 0.0597008 0.0832668 0.085627 0.0781229 0.0365144 0.0113448 0.00251792 0.000398021 4.92144e-05 5.54002e-06 6.5979e-07 7.83734e-08 7.5833e-09 4.07835e-10 0 
0 7.33668e-07 7.31493e-06 3.68686e-05 0.000128591 0.000339514 0.000710643 0.00122874 0.00182966 0.00243539 0.00298253 0.00342868 0.00374862 0.00392986 0.00397002 0.00387548 0.00366057 0.00334731 0.00296611 0.00255807 0.00217882 0.00189944 0.00180357 0.00211163 0.00404979 0.0110142 0.0256299 0.0502865 0.0600125 0.0365144 0.017046 0.00562301 0.00125996 0.000201269 2.49479e-05 2.83905e-06 3.46032e-07 4.20652e-08 4.14848e-09 2.26727e-10 0 
0 2.37245e-07 2.32498e-06 1.16969e-05 4.16761e-05 0.000115462 0.000259422 0.000486967 0.000785643 0.00112019 0.00144732 0.00172898 0.00193834 0.00206018 0.00208944 0.00202966 0.001892 0.0016947 0.00146317 0.00122993 0.00103387 0.000916241 0.000912549 0.00107724 0.00173562 0.00394634 0.00862483 0.0138949 0.0153253 0.0113448 0.00562301 0.00187536 0.0004303 7.09553e-05 9.25497e-06 1.14562e-06 1.51366e-07 1.93372e-08 1.96828e-09 1.10273e-10 0 
0 6.97922e-08 6.67743e-07 3.31121e-06 1.18025e-05 3.33254e-05 7.77803e-05 0.000153966 0.00026394 0.000399612 0.000544342 0.000678148 0.000783093 0.000846699 0.000863249 0.000833751 0.000765252 0.000669807 0.000563144 0.000462998 0.000387173 0.000351398 0.000366868 0.000443118 0.000629039 0.00110742 0.00206997 0.00314847 0.00340756 0.00251792 0.00125996 0.0004303 0.000102563 1.79951e-05 2.63068e-06 3.79092e-07 5.6253e-08 7.65793e-09 8.11304e-10 4.69225e-11 0 
0 1.86523e-08 1.7353e-07 8.41718e-07 2.96217e-06 8.35649e-06 1.97415e-05 4.00337e-05 7.09329e-05 0.000111469 0.000157487 0.000202508 0.000239512 0.000262797 0.000269281 0.000259005 0.000234934 0.000202219 0.00016715 0.000136071 0.000114521 0.000106739 0.000115323 0.000141229 0.000187613 0.000269679 0.000402401 0.000535266 0.000546932 0.000398021 0.000201269 7.09553e-05 1.79951e-05 3.55537e-06 6.25387e-07 1.0851e-07 1.80985e-08 2.62754e-09 2.91009e-10 1.74636e-11 0 
0 4.50867e-09 4.0706e-08 1.92352e-07 6.63466e-07 1.84859e-06 4.35003e-06 8.85995e-06 1.58771e-05 2.53527e-05 3.64655e-05 4.76933e-05 5.71919e-05 6.33244e-05 6.51263e-05 6.2549e-05 5.64284e-05 4.82278e-05 3.96689e-05 3.23799e-05 2.7668e-05 2.6429e-05 2.90888e-05 3.54606e-05 4.47962e-05 5.64366e-05 6.9182e-05 7.71948e-05 7.0811e-05 4.92144e-05 2.49479e-05 9.25497e-06 2.63068e-06 6.25387e-07 1.36016e-07 2.7733e-08 5.08138e-09 7.82604e-10 9.07833e-11 5.67192e-12 0 
0 9.75929e-10 8.54538e-09 3.92703e-08 1.3229e-07 3.61905e-07 8.41065e-07 1.70166e-06 3.04481e-06 4.87429e-06 7.04651e-06 9.27226e-06 1.11823e-05 1.24344e-05 1.28189e-05 1.23194e-05 1.11102e-05 9.49928e-06 7.84369e-06 6.47219e-06 5.63723e-06 5.49515e-06 6.08916e-06 7.30574e-06 8.83041e-06 1.01944e-05 1.08903e-05 1.04084e-05 8.45757e-06 5.54002e-06 2.83905e-06 1.14562e-06 3.79092e-07 1.0851e-07 2.7733e-08 6.30155e-09 1.23911e-09 2.01445e-10 2.44898e-11 1.59598e-12 0 
0 1.8533e-10 1.57437e-09 7.03422e-09 2.31134e-08 6.19244e-08 1.41558e-07 2.82966e-07 5.02285e-07 8.00453e-07 1.15502e-06 1.51978e-06 1.83464e-06 2.04299e-06 2.1095e-06 2.031e-06 1.83653e-06 1.57769e-06 1.31422e-06 1.10069e-06 9.77875e-07 9.68388e-07 1.07259e-06 1.26131e-06 1.46964e-06 1.60686e-06 1.59078e-06 1.3894e-06 1.04424e-06 6.5979e-07 3.46032e-07 1.51366e-07 5.6253e-08 1.80985e-08 5.08138e-09 1.23911e-09 2.5802e-10 4.41316e-11 5.62082e-12 3.82332e-13 0 
0 2.95768e-11 2.43989e-10 1.06055e-09 3.39931e-09 8.9128e-09 2.00109e-08 3.94292e-08 6.92292e-08 1.09466e-07 1.57139e-07 2.06135e-07 2.48504e-07 2.7672e-07 2.86062e-07 2.76093e-07 2.50714e-07 2.16891e-07 1.82715e-07 1.55566e-07 1.40827e-07 1.41114e-07 1.55594e-07 1.79196e-07 2.02443e-07 2.13528e-07 2.0335e-07 1.70955e-07 1.24864e-07 7.83734e-08 4.20652e-08 1.93372e-08 7.65793e-09 2.62754e-09 7.82604e-10 2.01445e-10 4.41316e-11 7.92054e-12 1.05568e-12 7.49247e-14 0 
0 3.58033e-12 2.87196e-11 1.21589e-10 3.80469e-10 9.76607e-10 2.15316e-09 4.17921e-09 7.25028e-09 1.13597e-08 1.61995e-08 2.1158e-08 2.54451e-08 2.8315e-08 2.92996e-08 2.83574e-08 2.58807e-08 2.25727e-08 1.9253e-08 1.66677e-08 1.53467e-08 1.55081e-08 1.69833e-08 1.91683e-08 2.10793e-08 2.1627e-08 2.01013e-08 1.65994e-08 1.20249e-08 7.5833e-09 4.14848e-09 1.96828e-09 8.11304e-10 2.91009e-10 9.07833e-11 2.44898e-11 5.62082e-12 1.05568e-12 1.46979e-13 1.08728e-14 0 
0 2.34869e-13 1.83479e-12 7.57689e-12 2.31747e-11 5.82892e-11 1.26267e-10 2.41469e-10 4.13872e-10 6.42327e-10 9.09541e-10 1.18219e-09 1.41771e-09 1.57613e-09 1.63246e-09 1.58468e-09 1.45423e-09 1.27951e-09 1.10538e-09 9.72523e-10 9.08864e-10 9.23611e-10 1.00328e-09 1.11099e-09 1.19299e-09 1.19586e-09 1.0907e-09 8.89974e-10 6.42598e-10 4.07835e-10 2.26727e-10 1.10273e-10 4.69225e-11 1.74636e-11 5.67192e-12 1.59598e-12 3.82332e-13 7.49247e-14 1.08728e-14 8.37039e-16 0 
0 0 0 0 0 0 0 0 0 0 0 0 0 0 0 0 0 0 0 0 0 0 0 0 0 0 0 0 0 0 0 0 0 0 0 0 0 0 0 0 0 
