0 0 0 0 0 0 0 0 0 0 0 0 0 0 0 0 0 0 0 0 0 0 0 0 0 0 0 0 0 0 0 0 0 0 0 0 0 0 0 0 0 
0 3.9875e-07 3.55184e-06 1.56474e-05 4.73247e-05 0.000109611 0.000206995 0.000334023 0.000477851 0.000623239 0.000756298 0.000866192 0.000945505 0.000990049 0.000998537 0.000972214 0.0009145 0.00083061 0.000727164 0.000611767 0.000492513 0.000377361 0.000273373 0.000185852 0.000117633 6.87691e-05 3.6866e-05 1.80187e-05 7.99851e-06 3.21861e-06 1.17373e-06 3.88074e-07 1.16363e-07 3.16047e-08 7.74328e-09 1.69487e-09 3.24809e-10 5.22234e-11 6.35999e-12 4.19259e-13 0 
0 3.55184e-06 3.2329e-05 0.000140326 0.000400326 0.000845547 0.00143695 0.00209857 0.00276177 0.00337776 0.00391232 0.00434026 0.00464358 0.0048117 0.00484202 0.0047398 0.00451722 0.00419189 0.00378483 0.0033187 0.00281646 0.00230097 0.00179552 0.00132427 0.000911357 0.00057697 0.000331435 0.000170838 7.84851e-05 3.20796e-05 1.16916e-05 3.81558e-06 1.11964e-06 2.96029e-07 7.04025e-08 1.49416e-08 2.7766e-09 4.33237e-10 5.1269e-11 3.28925e-12 0 
0 1.56474e-05 0.000140326 0.00056612 0.00142844 0.00263996 0.00402107 0.00544899 0.00684882 0.00815512 0.0093024 0.0102309 0.0108939 0.0112626 0.0113283 0.0111019 0.010612 0.00990038 0.00901772 0.00801802 0.00695344 0.00586976 0.0048036 0.00378302 0.00283246 0.00198074 0.00126487 0.00072036 0.000358991 0.000155104 5.81826e-05 1.91132e-05 5.55637e-06 1.4409e-06 3.34232e-07 6.90038e-08 1.24645e-08 1.89123e-09 2.17869e-10 1.36266e-11 0 
0 4.73247e-05 0.000400326 0.00142844 0.00313565 0.00523501 0.00754606 0.00996908 0.0123904 0.0146776 0.016699 0.0183399 0.0195133 0.0201661 0.0202821 0.0198806 0.0190124 0.0177529 0.0161935 0.014433 0.0125691 0.0106902 0.0088694 0.00715905 0.00558903 0.0041714 0.0029163 0.00185335 0.00103392 0.000491907 0.000197234 6.70893e-05 1.96857e-05 5.06587e-06 1.15465e-06 2.33066e-07 4.10755e-08 6.07855e-09 6.83399e-10 4.17636e-11 0 
0 0.000109611 0.000845547 0.00263996 0.00523501 0.00833269 0.0118071 0.0155044 0.0192215 0.0227402 0.0258526 0.0283801 0.0301877 0.0311934 0.0313719 0.0307531 0.0294153 0.0274748 0.0250729 0.0223627 0.0194957 0.0166106 0.0138251 0.0112291 0.0088808 0.00680396 0.00499155 0.00342632 0.00211944 0.00112838 0.000498517 0.000180956 5.48131e-05 1.42045e-05 3.21118e-06 6.37696e-07 1.10155e-07 1.59565e-08 1.75612e-09 1.05139e-10 0 
0 0.000206995 0.00143695 0.00402107 0.00754606 0.0118071 0.0166476 0.0218193 0.0270242 0.0319531 0.0363135 0.039855 0.0423886 0.0437992 0.0440498 0.0431813 0.0413054 0.038586 0.0352209 0.0314242 0.0274087 0.0233695 0.0194724 0.0158467 0.0125809 0.00972105 0.00727004 0.0051921 0.00344122 0.00201812 0.000990312 0.000391905 0.000125193 3.31835e-05 7.51681e-06 1.47867e-06 2.51595e-07 3.58146e-08 3.87123e-09 2.27717e-10 0 
0 0.000334023 0.00209857 0.00544899 0.00996908 0.0155044 0.0218193 0.028572 0.0353699 0.0418079 0.0475074 0.0521702 0.055625 0.0576869 0.058073 0.0567681 0.0541237 0.0504906 0.0460785 0.0411179 0.0358734 0.0305986 0.0255107 0.0207793 0.0165222 0.0128056 0.00964568 0.00700955 0.00482489 0.00302552 0.00162626 0.000705432 0.000241108 6.62555e-05 1.51848e-05 2.97874e-06 5.01693e-07 7.04573e-08 7.50485e-09 4.35012e-10 0 
0 0.000477851 0.00276177 0.00684882 0.0123904 0.0192215 0.0270242 0.0353699 0.0437721 0.05174 0.0589527 0.065685 0.0715167 0.0749572 0.0755917 0.0735098 0.0689619 0.0630813 0.0570953 0.0508846 0.0443965 0.0378773 0.0315899 0.0257441 0.0204864 0.0159006 0.0120129 0.00879542 0.0061697 0.00402944 0.00231772 0.00109197 0.000401036 0.000115255 2.69312e-05 5.29856e-06 8.87283e-07 1.23389e-07 1.2993e-08 7.44253e-10 0 
0 0.000623239 0.00337776 0.00815512 0.0146776 0.0227402 0.0319531 0.0418079 0.05174 0.0613861 0.0716289 0.0809012 0.0860964 0.0884327 0.0888636 0.0875691 0.0841744 0.0776577 0.0685953 0.0602617 0.0524775 0.0447722 0.0373482 0.0304464 0.02424 0.018829 0.0142466 0.0104674 0.00741152 0.00495421 0.00298312 0.00150139 0.000589504 0.000177651 4.25157e-05 8.4246e-06 1.40773e-06 1.94469e-07 2.03032e-08 1.15237e-09 0 
0 0.000756298 0.00391232 0.0093024 0.016699 0.0258526 0.0363135 0.0475074 0.0589527 0.0716289 0.0837122 0.0901284 0.0934933 0.095128 0.0954574 0.0945723 0.0923215 0.0881794 0.0806388 0.0695304 0.059724 0.0508781 0.0424441 0.0346077 0.0275615 0.0214195 0.0162206 0.0119395 0.00849448 0.00575254 0.00356663 0.00188415 0.000782274 0.000246428 6.04611e-05 1.20936e-05 2.02165e-06 2.78156e-07 2.88662e-08 1.62738e-09 0 
0 0.000866192 0.00434026 0.0102309 0.0183399 0.0283801 0.039855 0.0521702 0.065685 0.0809012 0.0901284 0.0949159 0.0976297 0.0989996 0.0992906 0.0985663 0.0967375 0.0935001 0.0880558 0.0783537 0.0660913 0.0558709 0.0465853 0.0379888 0.0302602 0.0235241 0.0178236 0.0131329 0.00936775 0.00639037 0.00403401 0.00220286 0.000954242 0.000311912 7.82705e-05 1.58083e-05 2.64766e-06 3.63542e-07 3.75822e-08 2.10909e-09 0 
0 0.000945505 0.00464358 0.0108939 0.0195133 0.0301877 0.0423886 0.055625 0.0715167 0.0860964 0.0934933 0.0976297 0.100059 0.101308 0.101582 0.100933 0.0992962 0.0964472 0.0918337 0.0839593 0.0713494 0.0595357 0.0495525 0.0404092 0.0321923 0.0250308 0.0189712 0.0139868 0.00999088 0.00684283 0.00436517 0.00243393 0.00108524 0.000364446 9.30767e-05 1.89554e-05 3.18242e-06 4.3669e-07 4.5051e-08 2.52153e-09 0 
0 0.000990049 0.0048117 0.0112626 0.0201661 0.0311934 0.0437992 0.0576869 0.0749572 0.0884327 0.095128 0.0989996 0.101308 0.102505 0.102772 0.102157 0.100603 0.0979175 0.0936372 0.0865512 0.0744914 0.0616739 0.0512105 0.0417591 0.0332701 0.0258716 0.0196119 0.0144636 0.0103388 0.00709507 0.00455015 0.0025653 0.00116247 0.000396679 0.000102435 2.09808e-05 3.53023e-06 4.84581e-07 4.99646e-08 2.79397e-09 0 
0 0.000998537 0.00484202 0.0113283 0.0202821 0.0313719 0.0440498 0.058073 0.0755917 0.0888636 0.0954574 0.0992906 0.101582 0.102772 0.103038 0.102428 0.100886 0.0982251 0.0939941 0.0870248 0.0750816 0.0620743 0.0515117 0.0420046 0.0334667 0.0260257 0.0197299 0.0145522 0.0104043 0.00714373 0.00458757 0.00259391 0.00118073 0.000404882 0.000104959 2.15527e-05 3.63229e-06 4.99133e-07 5.15081e-08 2.88239e-09 0 
0 0.000972214 0.0047398 0.0111019 0.0198806 0.0307531 0.0431813 0.0567681 0.0735098 0.0875691 0.0945723 0.0985663 0.100933 0.102157 0.102428 0.101797 0.100204 0.0974427 0.0930128 0.0855816 0.0731732 0.0607487 0.0505029 0.0411855 0.0328142 0.0255181 0.0193446 0.014267 0.0101982 0.00699719 0.00448397 0.00252406 0.00114175 0.00038931 0.000100616 2.065e-05 3.48382e-06 4.79625e-07 4.9607e-08 2.78284e-09 0 
0 0.0009145 0.00451722 0.010612 0.0190124 0.0294153 0.0413054 0.0541237 0.0689619 0.0841744 0.0923215 0.0967375 0.0992962 0.100603 0.100886 0.100204 0.0984808 0.0954623 0.0905029 0.0818362 0.0690823 0.0579886 0.0483178 0.0394068 0.0313963 0.0244143 0.0185059 0.0136453 0.00974762 0.00667451 0.00425313 0.00236655 0.0010533 0.000353859 9.06546e-05 1.85538e-05 3.13335e-06 4.32676e-07 4.49303e-08 2.53181e-09 0 
0 0.00083061 0.00419189 0.00990038 0.0177529 0.0274748 0.038586 0.0504906 0.0630813 0.0776577 0.0881794 0.0935001 0.0964472 0.0979175 0.0982251 0.0974427 0.0954623 0.0919117 0.0857909 0.0751646 0.0637517 0.0541243 0.0451501 0.0368242 0.0293376 0.0228116 0.0172882 0.0127425 0.00909239 0.00620362 0.00391547 0.00213846 0.000928482 0.000305232 7.72451e-05 1.57551e-05 2.66621e-06 3.69999e-07 3.86679e-08 2.19438e-09 0 
0 0.000727164 0.00378483 0.00901772 0.0161935 0.0250729 0.0352209 0.0460785 0.0570953 0.0685953 0.0806388 0.0880558 0.0918337 0.0936372 0.0939941 0.0930128 0.0905029 0.0857909 0.0773579 0.0669712 0.0579423 0.0494103 0.0412305 0.0336272 0.0267897 0.0208287 0.0157824 0.0116263 0.00828144 0.00561939 0.00349823 0.00186372 0.000784907 0.000251794 6.29555e-05 1.28213e-05 2.18035e-06 3.05052e-07 3.21911e-08 1.84578e-09 0 
0 0.000611767 0.0033187 0.00801802 0.014433 0.0223627 0.0314242 0.0411179 0.0508846 0.0602617 0.0695304 0.0783537 0.0839593 0.0865512 0.0870248 0.0855816 0.0818362 0.0751646 0.0669712 0.0592774 0.0516817 0.0441088 0.0368086 0.0300211 0.023917 0.0185946 0.0140871 0.0103707 0.00736928 0.00496345 0.00303779 0.0015745 0.000643557 0.000202266 5.02362e-05 1.02708e-05 1.76377e-06 2.49865e-07 2.6724e-08 1.55308e-09 0 
0 0.000492513 0.00281646 0.00695344 0.0125691 0.0194957 0.0274087 0.0358734 0.0443965 0.0524775 0.059724 0.0660913 0.0713494 0.0744914 0.0750816 0.0731732 0.0690823 0.0637517 0.0579423 0.0516817 0.0451098 0.0385041 0.0321331 0.0262097 0.0208827 0.0162375 0.0123019 0.00905176 0.00641554 0.00428858 0.00258534 0.00131254 0.000527011 0.000164495 4.10413e-05 8.49007e-06 1.47977e-06 2.129e-07 2.3111e-08 1.36154e-09 0 
0 0.000377361 0.00230097 0.00586976 0.0106902 0.0166106 0.0233695 0.0305986 0.0378773 0.0447722 0.0508781 0.0558709 0.0595357 0.0616739 0.0620743 0.0607487 0.0579886 0.0541243 0.0494103 0.0441088 0.0385041 0.0328678 0.0274325 0.0223802 0.0178378 0.0138785 0.0105251 0.00775346 0.00549842 0.00367352 0.00221375 0.00112707 0.000456461 0.000144479 3.66382e-05 7.69922e-06 1.36052e-06 1.97994e-07 2.16901e-08 1.28682e-09 0 
0 0.000273373 0.00179552 0.0048036 0.0088694 0.0138251 0.0194724 0.0255107 0.0315899 0.0373482 0.0424441 0.0465853 0.0495525 0.0512105 0.0515117 0.0505029 0.0483178 0.0451501 0.0412305 0.0368086 0.0321331 0.0274325 0.0229015 0.0186931 0.0149174 0.0116456 0.00890461 0.00665684 0.0048091 0.00327585 0.00202252 0.00106474 0.000447088 0.000145546 3.7514e-05 7.93746e-06 1.40403e-06 2.03847e-07 2.22355e-08 1.31196e-09 0 
0 0.000185852 0.00132427 0.00378302 0.00715905 0.0112291 0.0158467 0.0207793 0.0257441 0.0304464 0.0346077 0.0379888 0.0404092 0.0417591 0.0420046 0.0411855 0.0394068 0.0368242 0.0336272 0.0300211 0.0262097 0.0223802 0.0186931 0.0152818 0.0122727 0.00981015 0.00798092 0.00659921 0.00523479 0.00370292 0.00226544 0.00118804 0.000508284 0.000168031 4.3245e-05 9.03065e-06 1.56933e-06 2.23629e-07 2.39545e-08 1.38939e-09 0 
0 0.000117633 0.000911357 0.00283246 0.00558903 0.0088808 0.0125809 0.0165222 0.0204864 0.02424 0.0275615 0.0302602 0.0321923 0.0332701 0.0334667 0.0328142 0.0313963 0.0293376 0.0267897 0.023917 0.0208827 0.0178378 0.0149174 0.0122727 0.0101976 0.00926682 0.00989998 0.0111299 0.0107021 0.00780793 0.0042468 0.00183866 0.000686526 0.000213338 5.26017e-05 1.05603e-05 1.77322e-06 2.45312e-07 2.56031e-08 1.45126e-09 0 
0 6.87691e-05 0.00057697 0.00198074 0.0041714 0.00680396 0.00972105 0.0128056 0.0159006 0.018829 0.0214195 0.0235241 0.0250308 0.0258716 0.0260257 0.0255181 0.0244143 0.0228116 0.0208287 0.0185946 0.0162375 0.0138785 0.0116456 0.00981015 0.00926682 0.0120696 0.0197906 0.0324151 0.0390865 0.0228706 0.0115098 0.00412995 0.00117179 0.000295421 6.43658e-05 1.1933e-05 1.90426e-06 2.5441e-07 2.58373e-08 1.4312e-09 0 
0 3.6866e-05 0.000331435 0.00126487 0.0029163 0.00499155 0.00727004 0.00964568 0.0120129 0.0142466 0.0162206 0.0178236 0.0189712 0.0196119 0.0197299 0.0193446 0.0185059 0.0172882 0.0157824 0.0140871 0.0123019 0.0105251 0.00890461 0.00798092 0.00989998 0.0197906 0.0466868 0.0774585 0.0799312 0.0669298 0.0268975 0.00901195 0.00216868 0.000429937 7.69555e-05 1.25375e-05 1.86385e-06 2.39902e-07 2.37837e-08 1.29275e-09 0 
0 1.80187e-05 0.000170838 0.00072036 0.00185335 0.00342632 0.0051921 0.00700955 0.00879542 0.0104674 0.0119395 0.0131329 0.0139868 0.0144636 0.0145522 0.014267 0.0136453 0.0127425 0.0116263 0.0103707 0.00905176 0.00775346 0.00665684 0.00659921 0.0111299 0.0324151 0.0774585 0.0862041 0.0872456 0.0825438 0.0571314 0.0145188 0.00329193 0.000565481 8.43283e-05 1.18192e-05 1.61484e-06 2.00467e-07 1.95265e-08 1.04862e-09 0 
0 7.99851e-06 7.84851e-05 0.000358991 0.00103392 0.00211944 0.00344122 0.00482489 0.0061697 0.00741152 0.00849448 0.00936775 0.00999088 0.0103388 0.0104043 0.0101982 0.00974762 0.00909239 0.00828144 0.00736928 0.00641554 0.00549842 0.0048091 0.00523479 0.0107021 0.0390865 0.0799312 0.0872456 0.0882347 0.0845332 0.0669812 0.016172 0.0035615 0.000575762 7.66243e-05 9.51355e-06 1.20698e-06 1.45867e-07 1.40947e-08 7.54326e-10 0 
0 3.21861e-06 3.20796e-05 0.000155104 0.000491907 0.00112838 0.00201812 0.00302552 0.00402944 0.00495421 0.00575254 0.00639037 0.00684283 0.00709507 0.00714373 0.00699719 0.00667451 0.00620362 0.00561939 0.00496345 0.00428858 0.00367352 0.00327585 0.00370292 0.00780793 0.0228706 0.0669298 0.0825438 0.0845332 0.0787896 0.0415118 0.0118511 0.00263205 0.000419133 5.31401e-05 6.20832e-06 7.6055e-07 9.1359e-08 8.86862e-09 4.77591e-10 0 
0 1.17373e-06 1.16916e-05 5.81826e-05 0.000197234 0.000498517 0.000990312 0.00162626 0.00231772 0.00298312 0.00356663 0.00403401 0.00436517 0.00455015 0.00458757 0.00448397 0.00425313 0.00391547 0.00349823 0.00303779 0.00258534 0.00221375 0.00202252 0.00226544 0.0042468 0.0115098 0.0268975 0.0571314 0.0669812 0.0415118 0.0178061 0.00587454 0.00131838 0.000212708 2.70425e-05 3.18845e-06 3.98973e-07 4.89901e-08 4.84493e-09 2.65083e-10 0 
0 3.88074e-07 3.81558e-06 1.91132e-05 6.70893e-05 0.000180956 0.000391905 0.000705432 0.00109197 0.00150139 0.00188415 0.00220286 0.00243393 0.0025653 0.00259391 0.00252406 0.00236655 0.00213846 0.00186372 0.0015745 0.00131254 0.00112707 0.00106474 0.00118804 0.00183866 0.00412995 0.00901195 0.0145188 0.016172 0.0118511 0.00587454 0.00196068 0.000451907 7.5591e-05 1.01301e-05 1.29601e-06 1.74952e-07 2.25181e-08 2.29679e-09 1.28791e-10 0 
0 1.16363e-07 1.11964e-06 5.55637e-06 1.96857e-05 5.48131e-05 0.000125193 0.000241108 0.000401036 0.000589504 0.000782274 0.000954242 0.00108524 0.00116247 0.00118073 0.00114175 0.0010533 0.000928482 0.000784907 0.000643557 0.000527011 0.000456461 0.000447088 0.000508284 0.000686526 0.00117179 0.00216868 0.00329193 0.0035615 0.00263205 0.00131838 0.000451907 0.000108764 1.94472e-05 2.92474e-06 4.33241e-07 6.5224e-08 8.91961e-09 9.46228e-10 5.47625e-11 0 
0 3.16047e-08 2.96029e-07 1.4409e-06 5.06587e-06 1.42045e-05 3.31835e-05 6.62555e-05 0.000115255 0.000177651 0.000246428 0.000311912 0.000364446 0.000396679 0.000404882 0.00038931 0.000353859 0.000305232 0.000251794 0.000202266 0.000164495 0.000144479 0.000145546 0.000168031 0.000213338 0.000295421 0.000429937 0.000565481 0.000575762 0.000419133 0.000212708 7.5591e-05 1.94472e-05 3.92748e-06 7.08564e-07 1.25182e-07 2.10372e-08 3.0611e-09 3.39296e-10 2.03716e-11 0 
0 7.74328e-09 7.04025e-08 3.34232e-07 1.15465e-06 3.21118e-06 7.51681e-06 1.51848e-05 2.69312e-05 4.25157e-05 6.04611e-05 7.82705e-05 9.30767e-05 0.000102435 0.000104959 0.000100616 9.06546e-05 7.72451e-05 6.29555e-05 5.02362e-05 4.10413e-05 3.66382e-05 3.7514e-05 4.3245e-05 5.26017e-05 6.43658e-05 7.69555e-05 8.43283e-05 7.66243e-05 5.31401e-05 2.70425e-05 1.01301e-05 2.92474e-06 7.08564e-07 1.56542e-07 3.21841e-08 5.91467e-09 9.11841e-10 1.05826e-10 6.61428e-12 0 
0 1.69487e-09 1.49416e-08 6.90038e-08 2.33066e-07 6.37696e-07 1.47867e-06 2.97874e-06 5.29856e-06 8.4246e-06 1.20936e-05 1.58083e-05 1.89554e-05 2.09808e-05 2.15527e-05 2.065e-05 1.85538e-05 1.57551e-05 1.28213e-05 1.02708e-05 8.49007e-06 7.69922e-06 7.93746e-06 9.03065e-06 1.05603e-05 1.1933e-05 1.25375e-05 1.18192e-05 9.51355e-06 6.20832e-06 3.18845e-06 1.29601e-06 4.33241e-07 1.25182e-07 3.21841e-08 7.33231e-09 1.4432e-09 2.34726e-10 2.85446e-11 1.86077e-12 0 
0 3.24809e-10 2.7766e-09 1.24645e-08 4.10755e-08 1.10155e-07 2.51595e-07 5.01693e-07 8.87283e-07 1.40773e-06 2.02165e-06 2.64766e-06 3.18242e-06 3.53023e-06 3.63229e-06 3.48382e-06 3.13335e-06 2.66621e-06 2.18035e-06 1.76377e-06 1.47977e-06 1.36052e-06 1.40403e-06 1.56933e-06 1.77322e-06 1.90426e-06 1.86385e-06 1.61484e-06 1.20698e-06 7.6055e-07 3.98973e-07 1.74952e-07 6.5224e-08 2.10372e-08 5.91467e-09 1.4432e-09 3.00605e-10 5.14261e-11 6.55124e-12 4.45716e-13 0 
0 5.22234e-11 4.33237e-10 1.89123e-09 6.07855e-09 1.59565e-08 3.58146e-08 7.04573e-08 1.23389e-07 1.94469e-07 2.78156e-07 3.63542e-07 4.3669e-07 4.84581e-07 4.99133e-07 4.79625e-07 4.32676e-07 3.69999e-07 3.05052e-07 2.49865e-07 2.129e-07 1.97994e-07 2.03847e-07 2.23629e-07 2.45312e-07 2.5441e-07 2.39902e-07 2.00467e-07 1.45867e-07 9.1359e-08 4.89901e-08 2.25181e-08 8.91961e-09 3.0611e-09 9.11841e-10 2.34726e-10 5.14261e-11 9.23063e-12 1.23045e-12 8.7342e-14 0 
0 6.35999e-12 5.1269e-11 2.17869e-10 6.83399e-10 1.75612e-09 3.87123e-09 7.50485e-09 1.2993e-08 2.03032e-08 2.88662e-08 3.75822e-08 4.5051e-08 4.99646e-08 5.15081e-08 4.9607e-08 4.49303e-08 3.86679e-08 3.21911e-08 2.6724e-08 2.3111e-08 2.16901e-08 2.22355e-08 2.39545e-08 2.56031e-08 2.58373e-08 2.37837e-08 1.95265e-08 1.40947e-08 8.86862e-09 4.84493e-09 2.29679e-09 9.46228e-10 3.39296e-10 1.05826e-10 2.85446e-11 6.55124e-12 1.23045e-12 1.71323e-13 1.26749e-14 0 
0 4.19259e-13 3.28925e-12 1.36266e-11 4.17636e-11 1.05139e-10 2.27717e-10 4.35012e-10 7.44253e-10 1.15237e-09 1.62738e-09 2.10909e-09 2.52153e-09 2.79397e-09 2.88239e-09 2.78284e-09 2.53181e-09 2.19438e-09 1.84578e-09 1.55308e-09 1.36154e-09 1.28682e-09 1.31196e-09 1.38939e-09 1.45126e-09 1.4312e-09 1.29275e-09 1.04862e-09 7.54326e-10 4.77591e-10 2.65083e-10 1.28791e-10 5.47625e-11 2.03716e-11 6.61428e-12 1.86077e-12 4.45716e-13 8.7342e-14 1.26749e-14 9.75814e-16 0 
0 0 0 0 0 0 0 0 0 0 0 0 0 0 0 0 0 0 0 0 0 0 0 0 0 0 0 0 0 0 0 0 0 0 0 0 0 0 0 0 0 
