0 0 0 0 0 0 0 0 0 0 0 0 0 0 0 0 0 0 0 0 0 0 0 0 0 0 0 0 0 0 0 0 0 0 0 0 0 0 0 0 0 
0 5.19e-07 4.5883e-06 1.99229e-05 5.90168e-05 0.000133416 0.000245915 0.000388324 0.000545693 0.000701867 0.000842913 0.00095833 0.00104109 0.00108734 0.00109599 0.00106842 0.00100809 0.000920194 0.000811303 0.000688966 0.000561291 0.000436407 0.000321768 0.000223325 0.000144729 8.6849e-05 4.78754e-05 2.4079e-05 1.09941e-05 4.54353e-06 1.69768e-06 5.7353e-07 1.75203e-07 4.83433e-08 1.20015e-08 2.65562e-09 5.13469e-10 8.31521e-11 1.01855e-11 6.74579e-13 0 
0 4.5883e-06 4.12587e-05 0.000174838 0.000482405 0.00098338 0.00162054 0.00231238 0.00299461 0.00362377 0.00416854 0.00460454 0.00491359 0.00508476 0.00511525 0.00501043 0.00478289 0.00445081 0.00403581 0.00356088 0.00304879 0.00252141 0.00200021 0.00150728 0.0010656 0.00069663 0.000414916 0.000222209 0.000106023 4.48845e-05 1.68712e-05 5.65099e-06 1.69389e-06 4.55584e-07 1.09832e-07 2.35613e-08 4.4154e-09 6.93489e-10 8.24896e-11 5.31356e-12 0 
0 1.99229e-05 0.000174838 0.000678555 0.00163636 0.0029135 0.00433167 0.00578911 0.00722053 0.00856006 0.00973878 0.0106937 0.0113757 0.0117549 0.0118219 0.0115883 0.0110833 0.0103506 0.00944278 0.00841616 0.0073254 0.00621853 0.00513348 0.00409729 0.00312985 0.00225203 0.0014935 0.000890287 0.000466224 0.000211392 8.27416e-05 2.81391e-05 8.40251e-06 2.22338e-06 5.23544e-07 1.09302e-07 1.99083e-08 3.03941e-09 3.51762e-10 2.20779e-11 0 
0 5.90168e-05 0.000482405 0.00163636 0.00343682 0.0055906 0.00795748 0.0104482 0.0129429 0.0153014 0.0173864 0.0190789 0.0202889 0.0209617 0.0210805 0.0206656 0.0197692 0.0184694 0.0168607 0.0150454 0.0131246 0.0111905 0.00932003 0.00756931 0.00597059 0.00453383 0.00325878 0.00215734 0.00126927 0.000641007 0.000272149 9.71048e-05 2.95417e-05 7.80073e-06 1.8102e-06 3.6997e-07 6.57727e-08 9.79301e-09 1.10579e-09 6.77887e-11 0 
0 0.000133416 0.00098338 0.0029135 0.0055906 0.00877085 0.0123505 0.016166 0.0200033 0.0236356 0.0268478 0.0294558 0.0313204 0.0323571 0.0325402 0.0319006 0.0305192 0.0285161 0.0260373 0.0232407 0.0202828 0.0173071 0.0144357 0.0117629 0.0093515 0.00722941 0.00539018 0.00380588 0.00246186 0.00139273 0.000658635 0.000254525 8.09601e-05 2.17107e-05 5.02065e-06 1.01189e-06 1.76493e-07 2.57304e-08 2.84402e-09 1.70776e-10 0 
0 0.000245915 0.00162054 0.00433167 0.00795748 0.0123505 0.0173493 0.0226908 0.0280656 0.033154 0.0376544 0.0413091 0.0439266 0.0453909 0.0456513 0.0447446 0.0428007 0.0399919 0.0365188 0.0326009 0.0284573 0.0242896 0.0202692 0.0165302 0.0131652 0.0102252 0.0077178 0.00560841 0.00383732 0.00236992 0.00124656 0.000531101 0.000180634 5.00783e-05 1.16794e-05 2.33968e-06 4.02616e-07 5.772e-08 6.26731e-09 3.69759e-10 0 
0 0.000388324 0.00231238 0.00578911 0.0104482 0.016166 0.0226908 0.0296659 0.0366853 0.0433314 0.0492285 0.0542709 0.058748 0.061843 0.0624599 0.0604702 0.0566875 0.0523742 0.0477339 0.042609 0.0371974 0.0317547 0.026505 0.0216237 0.017233 0.0134032 0.0101549 0.00746015 0.00524581 0.00342256 0.00195863 0.000918441 0.000338119 9.83067e-05 2.33774e-05 4.69001e-06 8.00586e-07 1.13346e-07 1.21332e-08 7.05508e-10 0 
0 0.000545693 0.00299461 0.00722053 0.0129429 0.0200033 0.0280656 0.0366853 0.0453607 0.0536274 0.0621289 0.0718864 0.0786539 0.0816602 0.0821908 0.0805546 0.0760768 0.0681264 0.0595744 0.0527103 0.0459944 0.0392678 0.0327806 0.0267491 0.0213248 0.0165956 0.0125908 0.00928719 0.00661065 0.00444619 0.00269581 0.00136977 0.000545782 0.000167715 4.09966e-05 8.28885e-06 1.41028e-06 1.97952e-07 2.09604e-08 1.20477e-09 0 
0 0.000701867 0.00362377 0.00856006 0.0153014 0.0236356 0.033154 0.0433314 0.0536274 0.0651372 0.0787791 0.0859192 0.0893279 0.0909379 0.0912639 0.0904078 0.0881796 0.0838797 0.0750905 0.063109 0.054358 0.0463821 0.0387225 0.0316018 0.0251985 0.0196166 0.0148923 0.0110032 0.00787466 0.00538165 0.00338395 0.00182608 0.000780023 0.000253431 6.39393e-05 1.30836e-05 2.22708e-06 3.10938e-07 3.26651e-08 1.86104e-09 0 
0 0.000842913 0.00416854 0.00973878 0.0173864 0.0268478 0.0376544 0.0492285 0.0621289 0.0787791 0.0877132 0.0920762 0.0945051 0.0957277 0.0959956 0.0953673 0.0937565 0.090864 0.0858494 0.0758312 0.0623544 0.0526944 0.0439786 0.0358942 0.0286248 0.0222884 0.0169266 0.0125164 0.00898035 0.00618863 0.00397768 0.00223828 0.00101061 0.000345168 8.98605e-05 1.86443e-05 3.18275e-06 4.43137e-07 4.6304e-08 2.6213e-09 0 
0 0.00095833 0.00460454 0.0106937 0.0190789 0.0294558 0.0413091 0.0542709 0.0718864 0.0859192 0.0920762 0.0955416 0.0975894 0.0986506 0.0988946 0.0983651 0.0970074 0.0946364 0.0907909 0.0841411 0.0709709 0.057996 0.0482504 0.0393799 0.0314072 0.024458 0.0185783 0.0137438 0.0098735 0.00683405 0.0044494 0.00257349 0.00121005 0.000430249 0.000115126 2.42074e-05 4.14891e-06 5.77096e-07 6.01031e-08 3.38799e-09 0 
0 0.00104109 0.00491359 0.0113757 0.0202889 0.0313204 0.0439266 0.058748 0.0786539 0.0893279 0.0945051 0.0975894 0.099459 0.100442 0.100675 0.100195 0.0989594 0.0968279 0.0934655 0.0880035 0.0775125 0.0623466 0.0513194 0.0418732 0.0333973 0.0260098 0.0197596 0.0146214 0.0105109 0.00729195 0.00478196 0.00281255 0.00135832 0.000496984 0.000135782 2.88633e-05 4.96634e-06 6.909e-07 7.18361e-08 4.03949e-09 0 
0 0.00108734 0.00508476 0.0117549 0.0209617 0.0323571 0.0453909 0.061843 0.0816602 0.0909379 0.0957277 0.0986506 0.100442 0.101391 0.101619 0.101161 0.0999803 0.0979534 0.0947923 0.0897846 0.0806339 0.065188 0.0530468 0.043261 0.0345051 0.0268738 0.0204174 0.0151101 0.0108657 0.00754629 0.00496631 0.00294631 0.00144381 0.000537029 0.000148591 3.18116e-05 5.49019e-06 7.6435e-07 7.94449e-08 4.46355e-09 0 
0 0.00109599 0.00511525 0.0118219 0.0210805 0.0325402 0.0456513 0.0624599 0.0821908 0.0912639 0.0959956 0.0988946 0.100675 0.101619 0.101846 0.101392 0.10022 0.0982082 0.0950774 0.0901376 0.0811897 0.0657443 0.053358 0.0435087 0.034703 0.0270284 0.0205354 0.0151981 0.0109299 0.00759295 0.00500116 0.00297316 0.00146239 0.000546428 0.00015179 3.25839e-05 5.6329e-06 7.85056e-07 8.16589e-08 4.59078e-09 0 
0 0.00106842 0.00501043 0.0115883 0.0206656 0.0319006 0.0447446 0.0604702 0.0805546 0.0904078 0.0953673 0.0983651 0.100195 0.101161 0.101392 0.100923 0.099717 0.0976412 0.0943889 0.0891844 0.079458 0.0639365 0.0522916 0.0426574 0.0340242 0.0264996 0.0201334 0.0149001 0.0107146 0.00744007 0.00489289 0.00289771 0.00141635 0.00052571 0.000145388 3.11591e-05 5.38834e-06 7.52002e-07 7.8367e-08 4.41495e-09 0 
0 0.00100809 0.00478289 0.0110833 0.0197692 0.0305192 0.0428007 0.0566875 0.0760768 0.0881796 0.0937565 0.0970074 0.0989594 0.0999803 0.10022 0.099717 0.0984259 0.0961875 0.0926186 0.0866836 0.074929 0.060403 0.0500124 0.0408157 0.032555 0.0253548 0.0192628 0.0142544 0.0102471 0.00710688 0.00465482 0.00273004 0.00131352 0.000479425 0.000131051 2.79431e-05 4.82972e-06 6.7538e-07 7.06085e-08 3.99292e-09 0 
0 0.000920194 0.00445081 0.0103506 0.0184694 0.0285161 0.0399919 0.0523742 0.0681264 0.0838797 0.090864 0.0946364 0.0968279 0.0979534 0.0982082 0.0976412 0.0961875 0.0936261 0.0893851 0.0816873 0.0676034 0.056057 0.0467312 0.0381441 0.0304237 0.0236941 0.0179999 0.0133177 0.00956823 0.00662133 0.00430623 0.00248551 0.00116677 0.000415335 0.000111649 2.36404e-05 4.08476e-06 5.73096e-07 6.022e-08 3.4256e-09 0 
0 0.000811303 0.00403581 0.00944278 0.0168607 0.0260373 0.0365188 0.0477339 0.0595744 0.0750905 0.0858494 0.0907909 0.0934655 0.0947923 0.0950774 0.0943889 0.0926186 0.0893851 0.0835866 0.0720537 0.0601465 0.0511228 0.0426795 0.0348379 0.0277863 0.0216394 0.0164376 0.0121588 0.00872739 0.00601754 0.00387179 0.00218541 0.000993842 0.000343359 9.06223e-05 1.90673e-05 3.2997e-06 4.65614e-07 4.93059e-08 2.82896e-09 0 
0 0.000688966 0.00356088 0.00841616 0.0150454 0.0232407 0.0326009 0.042609 0.0527103 0.063109 0.0758312 0.0841411 0.0880035 0.0897846 0.0901376 0.0891844 0.0866836 0.0816873 0.0720537 0.0616159 0.0534681 0.0456414 0.0381103 0.0311085 0.0248118 0.0193226 0.0146767 0.0108527 0.00777844 0.00533426 0.00338316 0.00185905 0.000816989 0.000274273 7.13229e-05 1.49729e-05 2.60536e-06 3.71079e-07 3.9728e-08 2.3056e-09 0 
0 0.000561291 0.00304879 0.0073254 0.0131246 0.0202828 0.0284573 0.0371974 0.0459944 0.054358 0.0623544 0.0709709 0.0775125 0.0806339 0.0811897 0.079458 0.074929 0.0676034 0.0601465 0.0534681 0.0466714 0.0398537 0.0332786 0.0271653 0.0216677 0.016875 0.0128178 0.00947491 0.00677778 0.00461778 0.002885 0.0015472 0.000662056 0.000218271 5.64711e-05 1.19135e-05 2.09446e-06 3.02045e-07 3.27541e-08 1.92438e-09 0 
0 0.000436407 0.00252141 0.00621853 0.0111905 0.0173071 0.0242896 0.0317547 0.0392678 0.0463821 0.0526944 0.057996 0.0623466 0.065188 0.0657443 0.0639365 0.060403 0.056057 0.0511228 0.0456414 0.0398537 0.0340333 0.0284198 0.0232011 0.0185088 0.0144198 0.0109596 0.00810676 0.00579704 0.00393857 0.00244689 0.00130341 0.000555468 0.000183478 4.78261e-05 1.01952e-05 1.81214e-06 2.64032e-07 2.88918e-08 1.71037e-09 0 
0 0.000321768 0.00200021 0.00513348 0.00932003 0.0144357 0.0202692 0.026505 0.0327806 0.0387225 0.0439786 0.0482504 0.0513194 0.0530468 0.053358 0.0522916 0.0500124 0.0467312 0.0426795 0.0381103 0.0332786 0.0284198 0.0237346 0.0193812 0.0154738 0.0120873 0.00925143 0.00692972 0.00502834 0.0034593 0.00217916 0.00118537 0.000517721 0.000174445 4.60097e-05 9.85865e-06 1.75422e-06 2.55274e-07 2.78599e-08 1.64342e-09 0 
0 0.000223325 0.00150728 0.00409729 0.00756931 0.0117629 0.0165302 0.0216237 0.0267491 0.0316018 0.0358942 0.0393799 0.0418732 0.043261 0.0435087 0.0426574 0.0408157 0.0381441 0.0348379 0.0311085 0.0271653 0.0232011 0.0193812 0.0158432 0.0127183 0.0101572 0.00825282 0.00681707 0.00540806 0.00383524 0.00236689 0.00126749 0.000560118 0.000191249 5.03752e-05 1.06629e-05 1.86626e-06 2.66935e-07 2.86528e-08 1.66411e-09 0 
0 0.000144729 0.0010656 0.00312985 0.00597059 0.0093515 0.0131652 0.017233 0.0213248 0.0251985 0.0286248 0.0314072 0.0333973 0.0345051 0.034703 0.0340242 0.032555 0.0304237 0.0277863 0.0248118 0.0216677 0.0185088 0.0154738 0.0127183 0.010547 0.00955782 0.0101878 0.0114413 0.0109981 0.00802547 0.00437087 0.00190537 0.000727526 0.000233677 5.91971e-05 1.20776e-05 2.04512e-06 2.8419e-07 2.97411e-08 1.6891e-09 0 
0 8.6849e-05 0.00069663 0.00225203 0.00453383 0.00722941 0.0102252 0.0134032 0.0165956 0.0196166 0.0222884 0.024458 0.0260098 0.0268738 0.0270284 0.0264996 0.0253548 0.0236941 0.0216394 0.0193226 0.016875 0.0144198 0.0120873 0.0101572 0.00955782 0.0124113 0.0203296 0.0368674 0.0445773 0.0242763 0.0118213 0.00424546 0.00121375 0.000314225 7.06873e-05 1.33833e-05 2.15811e-06 2.89753e-07 2.95084e-08 1.63776e-09 0 
0 4.78754e-05 0.000414916 0.0014935 0.00325878 0.00539018 0.0077178 0.0101549 0.0125908 0.0148923 0.0169266 0.0185783 0.0197596 0.0204174 0.0205354 0.0201334 0.0192628 0.0179999 0.0164376 0.0146767 0.0128178 0.0109596 0.00925143 0.00825282 0.0101878 0.0203296 0.0525681 0.0768579 0.0786931 0.0709857 0.0283798 0.00925528 0.00223103 0.000448747 8.28827e-05 1.38683e-05 2.0903e-06 2.70603e-07 2.69007e-08 1.46479e-09 0 
0 2.4079e-05 0.000222209 0.000890287 0.00215734 0.00380588 0.00560841 0.00746015 0.00928719 0.0110032 0.0125164 0.0137438 0.0146214 0.0151101 0.0151981 0.0149001 0.0142544 0.0133177 0.0121588 0.0108527 0.00947491 0.00810676 0.00692972 0.00681707 0.0114413 0.0368674 0.0768579 0.0839845 0.0848188 0.081198 0.0625777 0.0149646 0.00338218 0.00058533 8.95833e-05 1.29351e-05 1.79863e-06 2.24839e-07 2.19605e-08 1.18119e-09 0 
0 1.09941e-05 0.000106023 0.000466224 0.00126927 0.00246186 0.00383732 0.00524581 0.00661065 0.00787466 0.00898035 0.0098735 0.0105109 0.0108657 0.0109299 0.0107146 0.0102471 0.00956823 0.00872739 0.00777844 0.00677778 0.00579704 0.00502834 0.00540806 0.0109981 0.0445773 0.0786931 0.0848188 0.0856739 0.0827377 0.0707951 0.0174869 0.0036583 0.000594466 8.08233e-05 1.03378e-05 1.33833e-06 1.6304e-07 1.57972e-08 8.46615e-10 0 
0 4.54353e-06 4.48845e-05 0.000211392 0.000641007 0.00139273 0.00236992 0.00342256 0.00444619 0.00538165 0.00618863 0.00683405 0.00729195 0.00754629 0.00759295 0.00744007 0.00710688 0.00662133 0.00601754 0.00533426 0.00461778 0.00393857 0.0034593 0.00383524 0.00802547 0.0242763 0.0709857 0.081198 0.0827377 0.0776198 0.0464328 0.0121694 0.00270385 0.000432894 5.59695e-05 6.72746e-06 8.41463e-07 1.01915e-07 9.91895e-09 5.34788e-10 0 
0 1.69768e-06 1.68712e-05 8.27416e-05 0.000272149 0.000658635 0.00124656 0.00195863 0.00269581 0.00338395 0.00397768 0.0044494 0.00478196 0.00496631 0.00500116 0.00489289 0.00465482 0.00430623 0.00387179 0.00338316 0.002885 0.00244689 0.00217916 0.00236689 0.00437087 0.0118213 0.0283798 0.0625777 0.0707951 0.0464328 0.0182838 0.00603266 0.00135528 0.000220321 2.85724e-05 3.46072e-06 4.41432e-07 5.46013e-08 5.41169e-09 2.96383e-10 0 
0 5.7353e-07 5.65099e-06 2.81391e-05 9.71048e-05 0.000254525 0.000531101 0.000918441 0.00136977 0.00182608 0.00223828 0.00257349 0.00281255 0.00294631 0.00297316 0.00289771 0.00273004 0.00248551 0.00218541 0.00185905 0.0015472 0.00130341 0.00118537 0.00126749 0.00190537 0.00424546 0.00925528 0.0149646 0.0174869 0.0121694 0.00603266 0.0020144 0.00046583 7.87973e-05 1.07848e-05 1.41423e-06 1.93889e-07 2.50915e-08 2.56342e-09 1.43855e-10 0 
0 1.75203e-07 1.69389e-06 8.40251e-06 2.95417e-05 8.09601e-05 0.000180634 0.000338119 0.000545782 0.000780023 0.00101061 0.00121005 0.00135832 0.00144381 0.00146239 0.00141635 0.00131352 0.00116677 0.000993842 0.000816989 0.000662056 0.000555468 0.000517721 0.000560118 0.000727526 0.00121375 0.00223103 0.00338218 0.0036583 0.00270385 0.00135528 0.00046583 0.000112971 2.05022e-05 3.15082e-06 4.7623e-07 7.24407e-08 9.93951e-09 1.05556e-09 6.11264e-11 0 
0 4.83433e-08 4.55584e-07 2.22338e-06 7.80073e-06 2.17107e-05 5.00783e-05 9.83067e-05 0.000167715 0.000253431 0.000345168 0.000430249 0.000496984 0.000537029 0.000546428 0.00052571 0.000479425 0.000415335 0.000343359 0.000274273 0.000218271 0.000183478 0.000174445 0.000191249 0.000233677 0.000314225 0.000448747 0.00058533 0.000594466 0.000432894 0.000220321 7.87973e-05 2.05022e-05 4.21076e-06 7.74012e-07 1.38524e-07 2.34052e-08 3.41144e-09 3.78382e-10 2.27288e-11 0 
0 1.20015e-08 1.09832e-07 5.23544e-07 1.8102e-06 5.02065e-06 1.16794e-05 2.33774e-05 4.09966e-05 6.39393e-05 8.98605e-05 0.000115126 0.000135782 0.000148591 0.00015179 0.000145388 0.000131051 0.000111649 9.06223e-05 7.13229e-05 5.64711e-05 4.78261e-05 4.60097e-05 5.03752e-05 5.91971e-05 7.06873e-05 8.28827e-05 8.95833e-05 8.08233e-05 5.59695e-05 2.85724e-05 1.07848e-05 3.15082e-06 7.74012e-07 1.72933e-07 3.57636e-08 6.58684e-09 1.01626e-09 1.17994e-10 7.37741e-12 0 
0 2.65562e-09 2.35613e-08 1.09302e-07 3.6997e-07 1.01189e-06 2.33968e-06 4.69001e-06 8.28885e-06 1.30836e-05 1.86443e-05 2.42074e-05 2.88633e-05 3.18116e-05 3.25839e-05 3.11591e-05 2.79431e-05 2.36404e-05 1.90673e-05 1.49729e-05 1.19135e-05 1.01952e-05 9.85865e-06 1.06629e-05 1.20776e-05 1.33833e-05 1.38683e-05 1.29351e-05 1.03378e-05 6.72746e-06 3.46072e-06 1.41423e-06 4.7623e-07 1.38524e-07 3.57636e-08 8.16325e-09 1.60795e-09 2.61616e-10 3.18236e-11 2.07507e-12 0 
0 5.13469e-10 4.4154e-09 1.99083e-08 6.57727e-08 1.76493e-07 4.02616e-07 8.00586e-07 1.41028e-06 2.22708e-06 3.18275e-06 4.14891e-06 4.96634e-06 5.49019e-06 5.6329e-06 5.38834e-06 4.82972e-06 4.08476e-06 3.2997e-06 2.60536e-06 2.09446e-06 1.81214e-06 1.75422e-06 1.86626e-06 2.04512e-06 2.15811e-06 2.0903e-06 1.79863e-06 1.33833e-06 8.41463e-07 4.41432e-07 1.93889e-07 7.24407e-08 2.34052e-08 6.58684e-09 1.60795e-09 3.34999e-10 5.73207e-11 7.30353e-12 4.96998e-13 0 
0 8.31521e-11 6.93489e-10 3.03941e-09 9.79301e-09 2.57304e-08 5.772e-08 1.13346e-07 1.97952e-07 3.10938e-07 4.43137e-07 5.77096e-07 6.909e-07 7.6435e-07 7.85056e-07 7.52002e-07 6.7538e-07 5.73096e-07 4.65614e-07 3.71079e-07 3.02045e-07 2.64032e-07 2.55274e-07 2.66935e-07 2.8419e-07 2.89753e-07 2.70603e-07 2.24839e-07 1.6304e-07 1.01915e-07 5.46013e-08 2.50915e-08 9.93951e-09 3.41144e-09 1.01626e-09 2.61616e-10 5.73207e-11 1.02896e-11 1.37177e-12 9.73872e-14 0 
0 1.01855e-11 8.24896e-11 3.51762e-10 1.10579e-09 2.84402e-09 6.26731e-09 1.21332e-08 2.09604e-08 3.26651e-08 4.6304e-08 6.01031e-08 7.18361e-08 7.94449e-08 8.16589e-08 7.8367e-08 7.06085e-08 6.022e-08 4.93059e-08 3.9728e-08 3.27541e-08 2.88918e-08 2.78599e-08 2.86528e-08 2.97411e-08 2.95084e-08 2.69007e-08 2.19605e-08 1.57972e-08 9.91895e-09 5.41169e-09 2.56342e-09 1.05556e-09 3.78382e-10 1.17994e-10 3.18236e-11 7.30353e-12 1.37177e-12 1.91011e-13 1.41327e-14 0 
0 6.74579e-13 5.31356e-12 2.20779e-11 6.77887e-11 1.70776e-10 3.69759e-10 7.05508e-10 1.20477e-09 1.86104e-09 2.6213e-09 3.38799e-09 4.03949e-09 4.46355e-09 4.59078e-09 4.41495e-09 3.99292e-09 3.4256e-09 2.82896e-09 2.3056e-09 1.92438e-09 1.71037e-09 1.64342e-09 1.66411e-09 1.6891e-09 1.63776e-09 1.46479e-09 1.18119e-09 8.46615e-10 5.34788e-10 2.96383e-10 1.43855e-10 6.11264e-11 2.27288e-11 7.37741e-12 2.07507e-12 4.96998e-13 9.73872e-14 1.41327e-14 1.0881e-15 0 
0 0 0 0 0 0 0 0 0 0 0 0 0 0 0 0 0 0 0 0 0 0 0 0 0 0 0 0 0 0 0 0 0 0 0 0 0 0 0 0 0 
