0 0 0 0 0 0 0 0 0 0 0 0 0 0 0 0 0 0 0 0 0 0 0 0 0 0 0 0 0 0 0 0 0 0 0 0 0 0 0 0 0 
0 5.00311e-07 4.42816e-06 1.927e-05 5.72618e-05 0.000129916 0.000240315 0.000380668 0.000536294 0.000691128 0.000831214 0.000945985 0.00102835 0.00107441 0.00108305 0.00105562 0.000995596 0.000908169 0.000799922 0.000678421 0.000551784 0.000428131 0.000314876 0.000217892 0.000140723 8.41198e-05 4.61776e-05 2.31244e-05 1.05126e-05 4.32661e-06 1.61048e-06 5.4223e-07 1.65154e-07 4.54567e-08 1.12613e-08 2.48755e-09 4.80297e-10 7.76918e-11 9.50795e-12 6.29246e-13 0 
0 4.42816e-06 3.98924e-05 0.000169664 0.000470464 0.000964013 0.00159558 0.00228409 0.00296441 0.00359228 0.00413602 0.00457116 0.00487957 0.0050504 0.00508088 0.00497636 0.0047494 0.00441806 0.00400391 0.00352987 0.00301872 0.00249246 0.00197282 0.00148222 0.00104391 0.000679304 0.000402453 0.000214302 0.000101662 4.28047e-05 1.60117e-05 5.34111e-06 1.59559e-06 4.2798e-07 1.02954e-07 2.20481e-08 4.12632e-09 6.47412e-10 7.69465e-11 4.95338e-12 0 
0 1.927e-05 0.000169664 0.000662294 0.00160768 0.00287738 0.00429188 0.00574623 0.00717398 0.00850948 0.00968432 0.0106359 0.0113156 0.0116935 0.0117604 0.0115276 0.0110245 0.0102944 0.00938973 0.00836643 0.00727884 0.00617469 0.00509166 0.00405685 0.0030907 0.0022152 0.00146127 0.000865321 0.000449807 0.000202448 7.87162e-05 2.66236e-05 7.916e-06 2.08789e-06 4.90456e-07 1.02211e-07 1.85923e-08 2.8357e-09 3.27947e-10 2.05719e-11 0 
0 5.72618e-05 0.000470464 0.00160768 0.00339743 0.00554557 0.007906 0.0103885 0.012874 0.0152236 0.0173007 0.0189867 0.0201922 0.0208624 0.0209809 0.0205677 0.0196749 0.0183801 0.0167775 0.0149691 0.0130553 0.0111281 0.00926376 0.00751792 0.00592239 0.00448722 0.00321338 0.0021153 0.00123506 0.000618206 0.000260169 9.21338e-05 2.78678e-05 7.32822e-06 1.69564e-06 3.4586e-07 6.1401e-08 9.13322e-09 1.03058e-09 6.31471e-11 0 
0 0.000129916 0.000964013 0.00287738 0.00554557 0.00871609 0.0122827 0.0160835 0.0199058 0.0235239 0.0267237 0.0293216 0.0311791 0.032212 0.0323945 0.0317575 0.0303816 0.0283863 0.0259171 0.0231312 0.0201846 0.0172203 0.0143596 0.0116963 0.0092927 0.007176 0.0053394 0.00375606 0.00241478 0.00135425 0.000633945 0.000242615 7.65741e-05 2.04215e-05 4.70518e-06 9.46037e-07 1.6475e-07 2.39938e-08 2.65025e-09 1.59067e-10 0 
0 0.000240315 0.00159558 0.00429188 0.007906 0.0122827 0.0172618 0.0225821 0.0279358 0.0330043 0.0374872 0.0411277 0.0437339 0.0451894 0.0454477 0.0445478 0.0426139 0.0398165 0.0363569 0.0324541 0.0283266 0.0241748 0.0201699 0.0164449 0.0130924 0.0101623 0.00766166 0.00555544 0.00378524 0.00232115 0.0012087 0.000509237 0.0001715 4.72041e-05 1.09571e-05 2.18849e-06 3.7591e-07 5.38299e-08 5.8407e-09 3.44428e-10 0 
0 0.000380668 0.00228409 0.00574623 0.0103885 0.0160835 0.0225821 0.0295295 0.0365212 0.0431413 0.0490114 0.0539579 0.0581557 0.0610198 0.0615893 0.0597385 0.0562388 0.0521207 0.0475266 0.0424231 0.0370323 0.0316106 0.026381 0.0215184 0.0171444 0.0133287 0.0100913 0.00740359 0.00519197 0.00336963 0.0019115 0.000886089 0.000322487 9.29223e-05 2.19651e-05 4.39056e-06 7.47835e-07 1.05739e-07 1.131e-08 6.57308e-10 0 
0 0.000536294 0.00296441 0.00717398 0.012874 0.0199058 0.0279358 0.0365212 0.0451625 0.0533846 0.0615293 0.0707479 0.0776105 0.0808147 0.0813783 0.0796097 0.0749101 0.0671311 0.0591697 0.0524794 0.0457951 0.0390944 0.0326321 0.0266238 0.0212203 0.0165089 0.0125187 0.00922574 0.00655503 0.0043921 0.00264401 0.00132893 0.000523007 0.000159028 3.85913e-05 7.7679e-06 1.31822e-06 1.84751e-07 1.95451e-08 1.12281e-09 0 
0 0.000691128 0.00359228 0.00850948 0.0152236 0.0235239 0.0330043 0.0431413 0.0533846 0.0643811 0.0777089 0.0854249 0.0890529 0.0907515 0.0910906 0.0901808 0.0878116 0.0831799 0.0739217 0.0626067 0.0541197 0.0461812 0.0385511 0.0314577 0.025079 0.0195184 0.0148117 0.0109364 0.00781661 0.00532707 0.00333043 0.00177966 0.000750721 0.000241068 6.03069e-05 1.22759e-05 2.08328e-06 2.9036e-07 3.04727e-08 1.73508e-09 0 
0 0.000831214 0.00413602 0.00968432 0.0173007 0.0267237 0.0374872 0.0490114 0.0615293 0.0777089 0.0873431 0.0919606 0.0945101 0.095787 0.0960632 0.0954012 0.0937066 0.0906507 0.0853163 0.0747194 0.0619215 0.0524657 0.0437872 0.0357337 0.0284922 0.02218 0.0168386 0.0124445 0.00891961 0.00613345 0.00392375 0.00218876 0.000976184 0.00032928 8.49169e-05 1.75141e-05 2.9796e-06 4.14051e-07 4.32168e-08 2.44491e-09 0 
0 0.000945985 0.00457116 0.0106359 0.0189867 0.0293216 0.0411277 0.0539579 0.0707479 0.0854249 0.0919606 0.0955963 0.0977333 0.0988367 0.0990874 0.0985314 0.0971101 0.0946233 0.0905689 0.0834741 0.070049 0.0577007 0.0480423 0.0392065 0.0312641 0.0243415 0.0184841 0.0136676 0.00981034 0.00677818 0.00439552 0.00252249 0.00117207 0.000411426 0.000108974 2.27647e-05 3.88699e-06 5.39524e-07 5.61226e-08 3.16135e-09 0 
0 0.00102835 0.00487957 0.0113156 0.0201922 0.0311791 0.0437339 0.0581557 0.0776105 0.0890529 0.0945101 0.0977333 0.0996791 0.100699 0.100938 0.100434 0.0991441 0.0969154 0.093387 0.0876119 0.0765246 0.0618693 0.0510968 0.0416906 0.033247 0.0258877 0.0196613 0.0145422 0.010446 0.00723554 0.00472827 0.002761 0.00131823 0.000476082 0.000128692 2.71674e-05 4.65584e-06 6.46256e-07 6.71091e-08 3.77085e-09 0 
0 0.00107441 0.0050504 0.0116935 0.0208624 0.032212 0.0451894 0.0610198 0.0808147 0.0907515 0.095787 0.0988367 0.100699 0.101682 0.101916 0.101436 0.100204 0.0980874 0.0947768 0.0894988 0.0797672 0.0645456 0.0528117 0.0430737 0.0343511 0.0267488 0.0203169 0.0150294 0.0107999 0.00748968 0.00491288 0.00289473 0.00140276 0.000515009 0.000140957 2.99622e-05 5.14966e-06 7.1529e-07 7.4249e-08 4.16844e-09 0 
0 0.00108305 0.00508088 0.0117604 0.0209809 0.0323945 0.0454477 0.0615893 0.0813783 0.0910906 0.0960632 0.0990874 0.100938 0.101916 0.102149 0.101673 0.10045 0.0983496 0.0950716 0.0898674 0.0803467 0.0650673 0.0531204 0.0433211 0.0345488 0.0269034 0.020435 0.0151175 0.0108643 0.0075366 0.0049481 0.00292189 0.00142137 0.000524259 0.000144055 3.07028e-05 5.28572e-06 7.34974e-07 7.63509e-08 4.28915e-09 0 
0 0.00105562 0.00497636 0.0115276 0.0205677 0.0317575 0.0445478 0.0597385 0.0796097 0.0901808 0.0954012 0.0985314 0.100434 0.101436 0.101673 0.101182 0.0999226 0.0977536 0.0943445 0.0888514 0.0785193 0.0633634 0.0520646 0.0424739 0.0338733 0.0263772 0.0200351 0.0148212 0.0106501 0.00738449 0.00484035 0.00284707 0.00137626 0.000504317 0.00013799 2.93675e-05 5.05808e-06 7.04338e-07 7.33093e-08 4.12713e-09 0 
0 0.000995596 0.0047494 0.0110245 0.0196749 0.0303816 0.0426139 0.0562388 0.0749101 0.0878116 0.0937066 0.0971101 0.0991441 0.100204 0.10045 0.0999226 0.0985727 0.0962294 0.0924772 0.0861805 0.0739006 0.0600248 0.0498 0.04064 0.0324105 0.0252375 0.0191685 0.0141785 0.0101848 0.00705254 0.004603 0.00268047 0.00127529 0.000459648 0.000124364 2.6342e-05 4.53572e-06 6.32954e-07 6.60989e-08 3.73566e-09 0 
0 0.000908169 0.00441806 0.0102944 0.0183801 0.0283863 0.0398165 0.0521207 0.0671311 0.0831799 0.0906507 0.0946233 0.0969154 0.0980874 0.0983496 0.0977536 0.0962294 0.0935378 0.0890511 0.0807965 0.0668627 0.0558042 0.0465338 0.0379795 0.0302882 0.0235841 0.0179112 0.0132459 0.0095088 0.00656869 0.00425547 0.00243771 0.00113145 0.000397891 0.000105939 2.22954e-05 3.83916e-06 5.37655e-07 5.64433e-08 3.20936e-09 0 
0 0.000799922 0.00400391 0.00938973 0.0167775 0.0259171 0.0363569 0.0475266 0.0591697 0.0739217 0.0853163 0.0905689 0.093387 0.0947768 0.0950716 0.0943445 0.0924772 0.0890511 0.0828344 0.0710532 0.0598297 0.0509083 0.0424988 0.0346869 0.027662 0.0215383 0.0163559 0.0120923 0.00867163 0.00596714 0.0038228 0.00214055 0.000962536 0.000328762 8.60221e-05 1.8003e-05 3.10641e-06 4.37693e-07 4.63189e-08 2.65706e-09 0 
0 0.000678421 0.00352987 0.00836643 0.0149691 0.0231312 0.0324541 0.0424231 0.0524794 0.0626067 0.0747194 0.0834741 0.0876119 0.0894988 0.0898674 0.0888514 0.0861805 0.0807965 0.0710532 0.0612631 0.0532434 0.0454502 0.037948 0.0309729 0.0247002 0.0192318 0.0146032 0.0107926 0.00772718 0.00528701 0.00333731 0.00181884 0.000790745 0.000262749 6.78206e-05 1.41751e-05 2.46091e-06 3.5015e-07 3.74761e-08 2.1751e-09 0 
0 0.000551784 0.00301872 0.00727884 0.0130553 0.0201846 0.0283266 0.0370323 0.0457951 0.0541197 0.0619215 0.070049 0.0765246 0.0797672 0.0803467 0.0785193 0.0739006 0.0668627 0.0598297 0.0532434 0.0464766 0.0396854 0.0331357 0.0270461 0.0215698 0.0167955 0.0127534 0.00942206 0.00673224 0.00457548 0.00284475 0.00151369 0.000641529 0.000209685 5.39277e-05 1.13389e-05 1.99027e-06 2.86861e-07 3.11079e-08 1.8282e-09 0 
0 0.000428131 0.00249246 0.00617469 0.0111281 0.0172203 0.0241748 0.0316106 0.0390944 0.0461812 0.0524657 0.0577007 0.0618693 0.0645456 0.0650673 0.0633634 0.0600248 0.0558042 0.0509083 0.0454502 0.0396854 0.0338879 0.0282966 0.0230987 0.0184252 0.0143522 0.0109054 0.00806258 0.00575936 0.00390432 0.00241544 0.00127824 0.000540538 0.000177341 4.60167e-05 9.78515e-06 1.73733e-06 2.53047e-07 2.76913e-08 1.6397e-09 0 
0 0.000314876 0.00197282 0.00509166 0.00926376 0.0143596 0.0201699 0.026381 0.0326321 0.0385511 0.0437872 0.0480423 0.0510968 0.0528117 0.0531204 0.0520646 0.0498 0.0465338 0.0424988 0.037948 0.0331357 0.0282966 0.0236307 0.0192954 0.0154044 0.0120322 0.00920814 0.00689559 0.00500073 0.00343578 0.00215835 0.00116853 0.000507361 0.000170039 4.46814e-05 9.55382e-06 1.6982e-06 2.47009e-07 2.69536e-08 1.58992e-09 0 
0 0.000217892 0.00148222 0.00405685 0.00751792 0.0116963 0.0164449 0.0215184 0.0266238 0.0314577 0.0357337 0.0392065 0.0416906 0.0430737 0.0433211 0.0424739 0.04064 0.0379795 0.0346869 0.0309729 0.0270461 0.0230987 0.0192954 0.0157732 0.0126627 0.0101139 0.00821889 0.00678988 0.00538642 0.00381864 0.00235393 0.00125691 0.000552858 0.000187863 4.93072e-05 1.04146e-05 1.82066e-06 2.60247e-07 2.79244e-08 1.6214e-09 0 
0 0.000140723 0.00104391 0.0030907 0.00592239 0.0092927 0.0130924 0.0171444 0.0212203 0.025079 0.0284922 0.0312641 0.033247 0.0343511 0.0345488 0.0338733 0.0324105 0.0302882 0.027662 0.0247002 0.0215698 0.0184252 0.0154044 0.0126627 0.0105034 0.00952153 0.0101519 0.0114024 0.0109612 0.00799834 0.00435538 0.00189693 0.000722076 0.000230837 5.82469e-05 1.1855e-05 2.00483e-06 2.78392e-07 2.91211e-08 1.65333e-09 0 
0 8.41198e-05 0.000679304 0.0022152 0.00448722 0.007176 0.0101623 0.0133287 0.0165089 0.0195184 0.02218 0.0243415 0.0258877 0.0267488 0.0269034 0.0263772 0.0252375 0.0235841 0.0215383 0.0192318 0.0167955 0.0143522 0.0120322 0.0101139 0.00952153 0.0123687 0.0202623 0.0361742 0.0437596 0.0240032 0.0117824 0.00423105 0.00120842 0.000311697 6.9802e-05 1.31759e-05 2.12141e-06 2.84609e-07 2.89717e-08 1.60746e-09 0 
0 4.61776e-05 0.000402453 0.00146127 0.00321338 0.0053394 0.00766166 0.0100913 0.0125187 0.0148117 0.0168386 0.0184841 0.0196613 0.0203169 0.020435 0.0200351 0.0191685 0.0179112 0.0163559 0.0146032 0.0127534 0.0109054 0.00920814 0.00821889 0.0101519 0.0202623 0.0516936 0.0770567 0.0789419 0.0705905 0.0280971 0.00922494 0.00222324 0.000446299 8.20699e-05 1.36809e-05 2.05804e-06 2.66202e-07 2.64521e-08 1.43995e-09 0 
0 2.31244e-05 0.000214302 0.000865321 0.0021153 0.00375606 0.00555544 0.00740359 0.00922574 0.0109364 0.0124445 0.0136676 0.0145422 0.0150294 0.0151175 0.0148212 0.0141785 0.0132459 0.0120923 0.0107926 0.00942206 0.00806258 0.00689559 0.00678988 0.0114024 0.0361742 0.0770567 0.084383 0.0852336 0.0814492 0.0618131 0.0148971 0.00337092 0.000582798 8.88741e-05 1.27796e-05 1.77267e-06 2.21376e-07 2.16134e-08 1.16223e-09 0 
0 1.05126e-05 0.000101662 0.000449807 0.00123506 0.00241478 0.00378524 0.00519197 0.00655503 0.00781661 0.00891961 0.00981034 0.010446 0.0107999 0.0108643 0.0106501 0.0101848 0.0095088 0.00867163 0.00772718 0.00673224 0.00575936 0.00500073 0.00538642 0.0109612 0.0437596 0.0789419 0.0852336 0.0861063 0.0830634 0.0704203 0.0172175 0.00364622 0.000592094 8.02618e-05 1.02236e-05 1.31987e-06 1.60613e-07 1.55558e-08 8.33502e-10 0 
0 4.32661e-06 4.28047e-05 0.000202448 0.000618206 0.00135425 0.00232115 0.00336963 0.0043921 0.00532707 0.00613345 0.00677818 0.00723554 0.00748968 0.0075366 0.00738449 0.00705254 0.00656869 0.00596714 0.00528701 0.00457548 0.00390432 0.00343578 0.00381864 0.00799834 0.0240032 0.0705905 0.0814492 0.0830634 0.0778545 0.0456703 0.0121297 0.00269489 0.000431145 5.55915e-05 6.65573e-06 8.30121e-07 1.00427e-07 9.77055e-09 5.26692e-10 0 
0 1.61048e-06 1.60117e-05 7.87162e-05 0.000260169 0.000633945 0.0012087 0.0019115 0.00264401 0.00333043 0.00392375 0.00439552 0.00472827 0.00491288 0.0049481 0.00484035 0.004603 0.00425547 0.0038228 0.00333731 0.00284475 0.00241544 0.00215835 0.00235393 0.00435538 0.0117824 0.0280971 0.0618131 0.0704203 0.0456703 0.0182243 0.00601294 0.00135066 0.000219343 2.83667e-05 3.42305e-06 4.35485e-07 5.38118e-08 5.33178e-09 2.91964e-10 0 
0 5.4223e-07 5.34111e-06 2.66236e-05 9.21338e-05 0.000242615 0.000509237 0.000886089 0.00132893 0.00177966 0.00218876 0.00252249 0.002761 0.00289473 0.00292189 0.00284707 0.00268047 0.00243771 0.00214055 0.00181884 0.00151369 0.00127824 0.00116853 0.00125691 0.00189693 0.00423105 0.00922494 0.0148971 0.0172175 0.0121297 0.00601294 0.00200769 0.000464071 7.83772e-05 1.06958e-05 1.39781e-06 1.91235e-07 2.47298e-08 2.52588e-09 1.41731e-10 0 
0 1.65154e-07 1.59559e-06 7.916e-06 2.78678e-05 7.65741e-05 0.0001715 0.000322487 0.000523007 0.000750721 0.000976184 0.00117207 0.00131823 0.00140276 0.00142137 0.00137626 0.00127529 0.00113145 0.000962536 0.000790745 0.000641529 0.000540538 0.000507361 0.000552858 0.000722076 0.00120842 0.00222324 0.00337092 0.00364622 0.00269489 0.00135066 0.000464071 0.000112425 2.03607e-05 3.11972e-06 4.70236e-07 7.14289e-08 9.7962e-09 1.04018e-09 6.02304e-11 0 
0 4.54567e-08 4.2798e-07 2.08789e-06 7.32822e-06 2.04215e-05 4.72041e-05 9.29223e-05 0.000159028 0.000241068 0.00032928 0.000411426 0.000476082 0.000515009 0.000524259 0.000504317 0.000459648 0.000397891 0.000328762 0.000262749 0.000209685 0.000177341 0.000170039 0.000187863 0.000230837 0.000311697 0.000446299 0.000582798 0.000592094 0.000431145 0.000219343 7.83772e-05 2.03607e-05 4.17197e-06 7.64922e-07 1.36657e-07 2.3073e-08 3.36222e-09 3.72886e-10 2.23971e-11 0 
0 1.12613e-08 1.02954e-07 4.90456e-07 1.69564e-06 4.70518e-06 1.09571e-05 2.19651e-05 3.85913e-05 6.03069e-05 8.49169e-05 0.000108974 0.000128692 0.000140957 0.000144055 0.00013799 0.000124364 0.000105939 8.60221e-05 6.78206e-05 5.39277e-05 4.60167e-05 4.46814e-05 4.93072e-05 5.82469e-05 6.9802e-05 8.20699e-05 8.88741e-05 8.02618e-05 5.55915e-05 2.83667e-05 1.06958e-05 3.11972e-06 7.64922e-07 1.70642e-07 3.52619e-08 6.4925e-09 1.00159e-09 1.16284e-10 7.27009e-12 0 
0 2.48755e-09 2.20481e-08 1.02211e-07 3.4586e-07 9.46037e-07 2.18849e-06 4.39056e-06 7.7679e-06 1.22759e-05 1.75141e-05 2.27647e-05 2.71674e-05 2.99622e-05 3.07028e-05 2.93675e-05 2.6342e-05 2.22954e-05 1.8003e-05 1.41751e-05 1.13389e-05 9.78515e-06 9.55382e-06 1.04146e-05 1.1855e-05 1.31759e-05 1.36809e-05 1.27796e-05 1.02236e-05 6.65573e-06 3.42305e-06 1.39781e-06 4.70236e-07 1.36657e-07 3.52619e-08 8.04666e-09 1.58482e-09 2.57839e-10 3.13628e-11 2.04494e-12 0 
0 4.80297e-10 4.12632e-09 1.85923e-08 6.1401e-08 1.6475e-07 3.7591e-07 7.47835e-07 1.31822e-06 2.08328e-06 2.9796e-06 3.88699e-06 4.65584e-06 5.14966e-06 5.28572e-06 5.05808e-06 4.53572e-06 3.83916e-06 3.10641e-06 2.46091e-06 1.99027e-06 1.73733e-06 1.6982e-06 1.82066e-06 2.00483e-06 2.12141e-06 2.05804e-06 1.77267e-06 1.31987e-06 8.30121e-07 4.35485e-07 1.91235e-07 7.14289e-08 2.3073e-08 6.4925e-09 1.58482e-09 3.30169e-10 5.64927e-11 7.19782e-12 4.89789e-13 0 
0 7.76918e-11 6.47412e-10 2.8357e-09 9.13322e-09 2.39938e-08 5.38299e-08 1.05739e-07 1.84751e-07 2.9036e-07 4.14051e-07 5.39524e-07 6.46256e-07 7.1529e-07 7.34974e-07 7.04338e-07 6.32954e-07 5.37655e-07 4.37693e-07 3.5015e-07 2.86861e-07 2.53047e-07 2.47009e-07 2.60247e-07 2.78392e-07 2.84609e-07 2.66202e-07 2.21376e-07 1.60613e-07 1.00427e-07 5.38118e-08 2.47298e-08 9.7962e-09 3.36222e-09 1.00159e-09 2.57839e-10 5.64927e-11 1.01408e-11 1.35191e-12 9.59753e-14 0 
0 9.50795e-12 7.69465e-11 3.27947e-10 1.03058e-09 2.65025e-09 5.8407e-09 1.131e-08 1.95451e-08 3.04727e-08 4.32168e-08 5.61226e-08 6.71091e-08 7.4249e-08 7.63509e-08 7.33093e-08 6.60989e-08 5.64433e-08 4.63189e-08 3.74761e-08 3.11079e-08 2.76913e-08 2.69536e-08 2.79244e-08 2.91211e-08 2.89717e-08 2.64521e-08 2.16134e-08 1.55558e-08 9.77055e-09 5.33178e-09 2.52588e-09 1.04018e-09 3.72886e-10 1.16284e-10 3.13628e-11 7.19782e-12 1.35191e-12 1.88244e-13 1.39278e-14 0 
0 6.29246e-13 4.95338e-12 2.05719e-11 6.31471e-11 1.59067e-10 3.44428e-10 6.57308e-10 1.12281e-09 1.73508e-09 2.44491e-09 3.16135e-09 3.77085e-09 4.16844e-09 4.28915e-09 4.12713e-09 3.73566e-09 3.20936e-09 2.65706e-09 2.1751e-09 1.8282e-09 1.6397e-09 1.58992e-09 1.6214e-09 1.65333e-09 1.60746e-09 1.43995e-09 1.16223e-09 8.33502e-10 5.26692e-10 2.91964e-10 1.41731e-10 6.02304e-11 2.23971e-11 7.27009e-12 2.04494e-12 4.89789e-13 9.59753e-14 1.39278e-14 1.07231e-15 0 
0 0 0 0 0 0 0 0 0 0 0 0 0 0 0 0 0 0 0 0 0 0 0 0 0 0 0 0 0 0 0 0 0 0 0 0 0 0 0 0 0 
