0 0 0 0 0 0 0 0 0 0 0 0 0 0 0 0 0 0 0 0 0 0 0 0 0 0 0 0 0 0 0 0 0 0 0 0 0 0 0 0 0 
0 5.06841e-08 4.66296e-07 2.18999e-06 7.29641e-06 1.90872e-05 4.11728e-05 7.56701e-05 0.000121663 0.00017501 0.000229468 0.000278329 0.000315805 0.000337883 0.000342678 0.000330428 0.000303247 0.000264715 0.000219339 0.000171928 0.000126927 8.78e-05 5.65937e-05 3.38092e-05 1.86311e-05 9.43625e-06 4.38262e-06 1.86488e-06 7.27203e-07 2.60105e-07 8.54317e-08 2.5786e-08 7.15014e-09 1.81746e-09 4.21201e-10 8.80283e-11 1.62382e-11 2.53019e-12 3.00319e-13 1.9385e-14 0 
0 4.66296e-07 4.4591e-06 2.14732e-05 7.18078e-05 0.000183916 0.000379863 0.000658891 0.000995095 0.00134924 0.00168214 0.00196208 0.00216687 0.00228355 0.00230748 0.00224131 0.00209397 0.00187959 0.00161642 0.00132568 0.00103019 0.000752445 0.000511757 0.000321008 0.000184101 9.59077e-05 4.52255e-05 1.92956e-05 7.46361e-06 2.626e-06 8.4339e-07 2.47956e-07 6.68213e-08 1.64903e-08 3.70987e-09 7.53017e-10 1.3503e-10 2.04771e-11 2.36872e-12 1.49223e-13 0 
0 2.18999e-06 2.14732e-05 0.000103392 0.000333579 0.000796015 0.00150018 0.00237002 0.00329965 0.0041977 0.00499607 0.00564531 0.00611095 0.00637264 0.00642402 0.00627213 0.00593573 0.00544288 0.00482802 0.00412929 0.00338675 0.00264187 0.00193765 0.00131705 0.000816565 0.000455126 0.0002258 9.93895e-05 3.89277e-05 1.36593e-05 4.32748e-06 1.24615e-06 3.27558e-07 7.86788e-08 1.72153e-08 3.39902e-09 5.93322e-10 8.76846e-11 9.89766e-12 6.09301e-13 0 
0 7.29641e-06 7.18078e-05 0.000333579 0.000991876 0.00212277 0.00360131 0.00524224 0.00690076 0.00846841 0.00985418 0.010981 0.0117898 0.012244 0.0123314 0.0120643 0.0114763 0.0106177 0.00954978 0.00833823 0.00704772 0.00573758 0.00446103 0.00326869 0.00221466 0.00135573 0.000733193 0.000345141 0.000141035 5.04279e-05 1.59851e-05 4.54965e-06 1.17339e-06 2.75454e-07 5.87989e-08 1.13209e-08 1.92776e-09 2.78166e-10 3.06928e-11 1.8494e-12 0 
0 1.90872e-05 0.000183916 0.000796015 0.00212277 0.00408297 0.00641589 0.00891823 0.0114361 0.0138239 0.0159419 0.0176681 0.0189085 0.0196049 0.0197379 0.0193263 0.0184222 0.0171044 0.0154689 0.0136193 0.0116578 0.00967641 0.00775161 0.00594242 0.00429606 0.0028624 0.00170498 0.000880526 0.000386919 0.000144692 4.67518e-05 1.33121e-05 3.39514e-06 7.8311e-07 1.6373e-07 3.08377e-08 5.13635e-09 7.25349e-10 7.84026e-11 4.63307e-12 0 
0 4.11728e-05 0.000379863 0.00150018 0.00360131 0.00641589 0.00966187 0.0131401 0.0166533 0.0199937 0.0229611 0.0253812 0.0271208 0.0280974 0.0282835 0.0277053 0.0264366 0.0245882 0.0222961 0.0197072 0.0169667 0.0142069 0.0115383 0.00904392 0.00677845 0.00477675 0.00307732 0.00174436 0.000838341 0.000335479 0.000112696 3.25509e-05 8.28449e-06 1.8891e-06 3.88596e-07 7.1855e-08 1.17421e-08 1.62719e-09 1.72709e-10 1.00311e-11 0 
0 7.56701e-05 0.000658891 0.00237002 0.00524224 0.00891823 0.0131401 0.0176781 0.0222705 0.026641 0.0305253 0.0336942 0.0359726 0.0372519 0.0374959 0.036739 0.0350777 0.0326579 0.029658 0.0262711 0.0226887 0.0190855 0.0156089 0.0123713 0.00944619 0.00687084 0.00466061 0.0028447 0.00149124 0.000645996 0.000229245 6.80675e-05 1.74485e-05 3.95847e-06 8.04889e-07 1.46665e-07 2.35896e-08 3.21695e-09 3.36142e-10 1.9234e-11 0 
0 0.000121663 0.000995095 0.00329965 0.00690076 0.0114361 0.0166533 0.0222705 0.027959 0.0333746 0.0381888 0.0421172 0.0449422 0.0465292 0.046833 0.0458958 0.0438376 0.0408394 0.0371225 0.0329269 0.0284905 0.024031 0.0197322 0.0157359 0.0121369 0.0089833 0.00628387 0.00403499 0.00227029 0.00106228 0.000401394 0.000123752 3.22097e-05 7.31276e-06 1.47634e-06 2.6607e-07 4.22556e-08 5.68703e-09 5.86552e-10 3.31446e-11 0 
0 0.00017501 0.00134924 0.0041977 0.00846841 0.0138239 0.0199937 0.026641 0.0333746 0.0397864 0.045487 0.0501398 0.0534873 0.0553697 0.0557318 0.0546234 0.0521873 0.0486384 0.0442389 0.039273 0.0340227 0.0287464 0.0236629 0.0189411 0.0146956 0.0109868 0.00782547 0.00518997 0.00307426 0.00153552 0.000617115 0.000198497 5.27496e-05 1.20411e-05 2.42293e-06 4.33335e-07 6.81594e-08 9.07872e-09 9.26663e-10 5.18375e-11 0 
0 0.000229468 0.00168214 0.00499607 0.00985418 0.0159419 0.0229611 0.0305253 0.0381888 0.045487 0.0519771 0.0572766 0.061093 0.063242 0.0636584 0.0623976 0.0596238 0.0555839 0.050577 0.0449259 0.0389514 0.032948 0.0271652 0.0217963 0.0169731 0.012767 0.00919251 0.00622046 0.00381571 0.00200372 0.0008497 0.000284875 7.74685e-05 1.78324e-05 3.58713e-06 6.38494e-07 9.97432e-08 1.31839e-08 1.33514e-09 7.41165e-11 0 
0 0.000278329 0.00196208 0.00564531 0.010981 0.0176681 0.0253812 0.0336942 0.0421172 0.0501398 0.0572766 0.0631076 0.0673077 0.0696718 0.070133 0.0687536 0.0657086 0.0612679 0.0557639 0.049553 0.0429868 0.0363889 0.0300341 0.0241355 0.0188389 0.0142242 0.0103099 0.00706358 0.0044324 0.00241171 0.00106676 0.000370707 0.000103043 2.3944e-05 4.82445e-06 8.56657e-07 1.33244e-07 1.75214e-08 1.76491e-09 9.74609e-11 0 
0 0.000315805 0.00216687 0.00611095 0.0117898 0.0189085 0.0271208 0.0359726 0.0449422 0.0534873 0.061093 0.0673077 0.0717732 0.074276 0.0747671 0.0733184 0.0700969 0.0653756 0.0595138 0.052899 0.0459066 0.0388802 0.0321127 0.0258314 0.0201924 0.0152817 0.0111208 0.00767604 0.00488452 0.00272005 0.00123941 0.000442617 0.000125268 2.93637e-05 5.9323e-06 1.0528e-06 1.63411e-07 2.14302e-08 2.15245e-09 1.18535e-10 0 
0 0.000337883 0.00228355 0.00637264 0.012244 0.0196049 0.0280974 0.0372519 0.0465292 0.0553697 0.063242 0.0696718 0.074276 0.0768444 0.0773517 0.0758779 0.0725755 0.0677072 0.0616465 0.0548044 0.047572 0.040304 0.0333031 0.0268049 0.0209714 0.0158923 0.0115906 0.00803264 0.00515055 0.00290597 0.00134774 0.000489715 0.00014032 3.31167e-05 6.71088e-06 1.1922e-06 1.85068e-07 2.42651e-08 2.43668e-09 1.34189e-10 0 
0 0.000342678 0.00230748 0.00642402 0.0123314 0.0197379 0.0282835 0.0374959 0.046833 0.0557318 0.0636584 0.070133 0.0747671 0.0773517 0.0778671 0.0763952 0.0730841 0.068193 0.0620974 0.0552131 0.047935 0.0406196 0.0335719 0.0270293 0.0211553 0.0160406 0.0117089 0.00812657 0.00522482 0.00296169 0.0013828 0.000506112 0.000145902 3.45865e-05 7.03151e-06 1.2525e-06 1.9492e-07 2.56245e-08 2.58077e-09 1.42603e-10 0 
0 0.000330428 0.00224131 0.00627213 0.0120643 0.0193263 0.0277053 0.036739 0.0458958 0.0546234 0.0623976 0.0687536 0.0733184 0.0758779 0.0763952 0.0749462 0.0716891 0.0668907 0.060918 0.0541717 0.0470363 0.0398624 0.0329492 0.0265299 0.020765 0.0157438 0.0114896 0.00796922 0.00511616 0.00289263 0.00134646 0.0004919 0.00014187 3.3718e-05 6.88267e-06 1.23213e-06 1.92858e-07 2.55176e-08 2.58848e-09 1.44163e-10 0 
0 0.000303247 0.00209397 0.00593573 0.0114763 0.0184222 0.0264366 0.0350777 0.0438376 0.0521873 0.0596238 0.0657086 0.0700969 0.0725755 0.0730841 0.0716891 0.0685605 0.0639699 0.0582646 0.051818 0.044996 0.0381348 0.0315209 0.0253775 0.0198581 0.015048 0.0109689 0.00758896 0.00484691 0.0027162 0.00125045 0.000452875 0.000130233 3.1036e-05 6.37716e-06 1.15206e-06 1.82282e-07 2.44126e-08 2.50945e-09 1.41765e-10 0 
0 0.000264715 0.00187959 0.00544288 0.0106177 0.0171044 0.0245882 0.0326579 0.0408394 0.0486384 0.0555839 0.0612679 0.0653756 0.0677072 0.068193 0.0668907 0.0639699 0.0596912 0.0543738 0.0483618 0.0419966 0.0355929 0.029418 0.0236801 0.0185221 0.014023 0.0102022 0.00702937 0.00445226 0.00246113 0.0011151 0.000399357 0.000114629 2.75042e-05 5.72397e-06 1.05122e-06 1.69495e-07 2.31693e-08 2.43334e-09 1.40518e-10 0 
0 0.000219339 0.00161642 0.00482802 0.00954978 0.0154689 0.0222961 0.029658 0.0371225 0.0442389 0.050577 0.0557639 0.0595138 0.0616465 0.0620974 0.060918 0.0582646 0.0543738 0.0495345 0.0440601 0.0382625 0.0324284 0.0268013 0.0215703 0.0168651 0.0127561 0.00925955 0.00634741 0.00398025 0.00216736 0.000967677 0.000344545 9.95904e-05 2.43215e-05 5.1865e-06 9.79561e-07 1.62685e-07 2.29113e-08 2.47701e-09 1.47006e-10 0 
0 0.000171928 0.00132568 0.00412929 0.00833823 0.0136193 0.0197072 0.0262711 0.0329269 0.039273 0.0449259 0.049553 0.052899 0.0548044 0.0552131 0.0541717 0.051818 0.0483618 0.0440601 0.0391926 0.0340375 0.0288498 0.023846 0.0191934 0.0150062 0.0113449 0.00822173 0.00561256 0.00349272 0.0018857 0.000840408 0.00030295 8.99476e-05 2.27731e-05 5.05277e-06 9.92618e-07 1.71023e-07 2.48895e-08 2.76806e-09 1.68192e-10 0 
0 0.000126927 0.00103019 0.00338675 0.00704772 0.0116578 0.0169667 0.0226887 0.0284905 0.0340227 0.0389514 0.0429868 0.0459066 0.047572 0.047935 0.0470363 0.044996 0.0419966 0.0382625 0.0340375 0.029564 0.0250642 0.020726 0.0166941 0.0130655 0.00989055 0.00717729 0.004907 0.00306575 0.00167605 0.000768371 0.000289631 9.07206e-05 2.42212e-05 5.63128e-06 1.14928e-06 2.03922e-07 3.0321e-08 3.42187e-09 2.09799e-10 0 
0 8.78e-05 0.000752445 0.00264187 0.00573758 0.00967641 0.0142069 0.0190855 0.024031 0.0287464 0.032948 0.0363889 0.0388802 0.040304 0.0406196 0.0398624 0.0381348 0.0355929 0.0324284 0.0288498 0.0250642 0.0212613 0.0176011 0.0142056 0.0111559 0.00849264 0.0062219 0.0043268 0.00278723 0.00160244 0.000787461 0.000320523 0.000107505 3.02012e-05 7.25564e-06 1.50794e-06 2.6959e-07 4.00924e-08 4.50283e-09 2.73829e-10 0 
0 5.65937e-05 0.000511757 0.00193765 0.00446103 0.00775161 0.0115383 0.0156089 0.0197322 0.0236629 0.0271652 0.0300341 0.0321127 0.0333031 0.0335719 0.0329492 0.0315209 0.029418 0.0268013 0.023846 0.020726 0.0176011 0.0146053 0.0118414 0.00937859 0.00725614 0.00547964 0.00400938 0.0027759 0.00174231 0.000939814 0.000415387 0.000147333 4.24825e-05 1.02455e-05 2.11011e-06 3.71347e-07 5.41873e-08 5.96391e-09 3.55356e-10 0 
0 3.38092e-05 0.000321008 0.00131705 0.00326869 0.00594242 0.00904392 0.0123713 0.0157359 0.0189411 0.0217963 0.0241355 0.0258314 0.0268049 0.0270293 0.0265299 0.0253775 0.0236801 0.0215703 0.0191934 0.0166941 0.0142056 0.0118414 0.0096928 0.00784036 0.00636366 0.00528568 0.00444402 0.00353133 0.00243603 0.00138386 0.000629223 0.000224553 6.35288e-05 1.48165e-05 2.94432e-06 5.01095e-07 7.08919e-08 7.58219e-09 4.40033e-10 0 
0 1.86311e-05 0.000184101 0.000816565 0.00221466 0.00429606 0.00677845 0.00944619 0.0121369 0.0146956 0.0169731 0.0188389 0.0201924 0.0209714 0.0211553 0.020765 0.0198581 0.0185221 0.0168651 0.0150062 0.0130655 0.0111559 0.00937859 0.00784036 0.00672395 0.00637184 0.0070343 0.00802938 0.00775416 0.00564238 0.00301907 0.0012261 0.000391552 9.98402e-05 2.11777e-05 3.91447e-06 6.33536e-07 8.63189e-08 8.9473e-09 5.05239e-10 0 
0 9.43625e-06 9.59077e-05 0.000455126 0.00135573 0.0028624 0.00477675 0.00687084 0.0089833 0.0109868 0.012767 0.0142242 0.0152817 0.0158923 0.0160406 0.0157438 0.015048 0.014023 0.0127561 0.0113449 0.00989055 0.00849264 0.00725614 0.00636366 0.00637184 0.00866698 0.0144263 0.0210886 0.0225395 0.0166361 0.00840787 0.00298306 0.000792171 0.000167534 2.98929e-05 4.85673e-06 7.29287e-07 9.51869e-08 9.57252e-09 5.27299e-10 0 
0 4.38262e-06 4.52255e-05 0.0002258 0.000733193 0.00170498 0.00307732 0.00466061 0.00628387 0.00782547 0.00919251 0.0103099 0.0111208 0.0115906 0.0117089 0.0114896 0.0109689 0.0102022 0.00925955 0.00822173 0.00717729 0.0062219 0.00547964 0.00528568 0.0070343 0.0144263 0.0304419 0.0491144 0.0552777 0.0395071 0.0196101 0.00658879 0.00155641 0.000278084 4.0777e-05 5.55015e-06 7.49952e-07 9.32186e-08 9.12831e-09 4.93087e-10 0 
0 1.86488e-06 1.92956e-05 9.93895e-05 0.000345141 0.000880526 0.00174436 0.0028447 0.00403499 0.00518997 0.00622046 0.00706358 0.00767604 0.00803264 0.00812657 0.00796922 0.00758896 0.00702937 0.00634741 0.00561256 0.004907 0.0043268 0.00400938 0.00444402 0.00802938 0.0210886 0.0491144 0.0793135 0.0852614 0.0663738 0.0321973 0.0106314 0.00239535 0.000388603 4.91936e-05 5.64066e-06 6.75948e-07 7.98521e-08 7.66133e-09 4.08805e-10 0 
0 7.27203e-07 7.46361e-06 3.89277e-05 0.000141035 0.000386919 0.000838341 0.00149124 0.00227029 0.00307426 0.00381571 0.0044324 0.00488452 0.00515055 0.00522482 0.00511616 0.00484691 0.00445226 0.00398025 0.00349272 0.00306575 0.00278723 0.0027759 0.00353133 0.00775416 0.0225395 0.0552777 0.0852614 0.0894906 0.0745642 0.0358975 0.0117231 0.00259875 0.0004037 4.70226e-05 4.78798e-06 5.20265e-07 5.90627e-08 5.6083e-09 2.98268e-10 0 
0 2.60105e-07 2.626e-06 1.36593e-05 5.04279e-05 0.000144692 0.000335479 0.000645996 0.00106228 0.00153552 0.00200372 0.00241171 0.00272005 0.00290597 0.00296169 0.00289263 0.0027162 0.00246113 0.00216736 0.0018857 0.00167605 0.00160244 0.00174231 0.00243603 0.00564238 0.0166361 0.0395071 0.0663738 0.0745642 0.0537977 0.0264188 0.00868204 0.00191892 0.000293836 3.30486e-05 3.19343e-06 3.32589e-07 3.73379e-08 3.56028e-09 1.90617e-10 0 
0 8.54317e-08 8.4339e-07 4.32748e-06 1.59851e-05 4.67518e-05 0.000112696 0.000229245 0.000401394 0.000617115 0.0008497 0.00106676 0.00123941 0.00134774 0.0013828 0.00134646 0.00125045 0.0011151 0.000967677 0.000840408 0.000768371 0.000787461 0.000939814 0.00138386 0.00301907 0.00840787 0.0196101 0.0321973 0.0358975 0.0264188 0.0130484 0.00430014 0.000955619 0.000146735 1.65372e-05 1.62186e-06 1.73977e-07 2.00844e-08 1.95546e-09 1.06462e-10 0 
0 2.5786e-08 2.47956e-07 1.24615e-06 4.54965e-06 1.33121e-05 3.25509e-05 6.80675e-05 0.000123752 0.000198497 0.000284875 0.000370707 0.000442617 0.000489715 0.000506112 0.0004919 0.000452875 0.000399357 0.000344545 0.00030295 0.000289631 0.000320523 0.000415387 0.000629223 0.0012261 0.00298306 0.00658879 0.0106314 0.0117231 0.00868204 0.00430014 0.00142823 0.000321481 5.02714e-05 5.90961e-06 6.32739e-07 7.50521e-08 9.22164e-09 9.29895e-10 5.1942e-11 0 
0 7.15014e-09 6.68213e-08 3.27558e-07 1.17339e-06 3.39514e-06 8.28449e-06 1.74485e-05 3.22097e-05 5.27496e-05 7.74685e-05 0.000103043 0.000125268 0.00014032 0.000145902 0.00014187 0.000130233 0.000114629 9.95904e-05 8.99476e-05 9.07206e-05 0.000107505 0.000147333 0.000224553 0.000391552 0.000792171 0.00155641 0.00239535 0.00259875 0.00191892 0.000955619 0.000321481 7.39255e-05 1.2091e-05 1.5736e-06 1.99132e-07 2.74009e-08 3.64344e-09 3.83793e-10 2.21484e-11 0 
0 1.81746e-09 1.64903e-08 7.86788e-08 2.75454e-07 7.8311e-07 1.8891e-06 3.95847e-06 7.31276e-06 1.20411e-05 1.78324e-05 2.3944e-05 2.93637e-05 3.31167e-05 3.45865e-05 3.3718e-05 3.1036e-05 2.75042e-05 2.43215e-05 2.27731e-05 2.42212e-05 3.02012e-05 4.24825e-05 6.35288e-05 9.98402e-05 0.000167534 0.000278084 0.000388603 0.0004037 0.000293836 0.000146735 5.02714e-05 1.2091e-05 2.18694e-06 3.42841e-07 5.42584e-08 8.69235e-09 1.24784e-09 1.37774e-10 8.25488e-12 0 
0 4.21201e-10 3.70987e-09 1.72153e-08 5.87989e-08 1.6373e-07 3.88596e-07 8.04889e-07 1.47634e-06 2.42293e-06 3.58713e-06 4.82445e-06 5.9323e-06 6.71088e-06 7.03151e-06 6.88267e-06 6.37716e-06 5.72397e-06 5.1865e-06 5.05277e-06 5.63128e-06 7.25564e-06 1.02455e-05 1.48165e-05 2.11777e-05 2.98929e-05 4.0777e-05 4.91936e-05 4.70226e-05 3.30486e-05 1.65372e-05 5.90961e-06 1.5736e-06 3.42841e-07 6.88553e-08 1.34275e-08 2.42167e-09 3.71318e-10 4.30021e-11 2.68356e-12 0 
0 8.80283e-11 7.53017e-10 3.39902e-09 1.13209e-08 3.08377e-08 7.1855e-08 1.46665e-07 2.6607e-07 4.33335e-07 6.38494e-07 8.56657e-07 1.0528e-06 1.1922e-06 1.2525e-06 1.23213e-06 1.15206e-06 1.05122e-06 9.79561e-07 9.92618e-07 1.14928e-06 1.50794e-06 2.11011e-06 2.94432e-06 3.91447e-06 4.85673e-06 5.55015e-06 5.64066e-06 4.78798e-06 3.19343e-06 1.62186e-06 6.32739e-07 1.99132e-07 5.42584e-08 1.34275e-08 3.00788e-09 5.88655e-10 9.55404e-11 1.16037e-11 7.55548e-13 0 
0 1.62382e-11 1.3503e-10 5.93322e-10 1.92776e-09 5.13635e-09 1.17421e-08 2.35896e-08 4.22556e-08 6.81594e-08 9.97432e-08 1.33244e-07 1.63411e-07 1.85068e-07 1.9492e-07 1.92858e-07 1.82282e-07 1.69495e-07 1.62685e-07 1.71023e-07 2.03922e-07 2.6959e-07 3.71347e-07 5.01095e-07 6.33536e-07 7.29287e-07 7.49952e-07 6.75948e-07 5.20265e-07 3.32589e-07 1.73977e-07 7.50521e-08 2.74009e-08 8.69235e-09 2.42167e-09 5.88655e-10 1.22425e-10 2.09251e-11 2.6635e-12 1.81058e-13 0 
0 2.53019e-12 2.04771e-11 8.76846e-11 2.78166e-10 7.25349e-10 1.62719e-09 3.21695e-09 5.68703e-09 9.07872e-09 1.31839e-08 1.75214e-08 2.14302e-08 2.42651e-08 2.56245e-08 2.55176e-08 2.44126e-08 2.31693e-08 2.29113e-08 2.48895e-08 3.0321e-08 4.00924e-08 5.41873e-08 7.08919e-08 8.63189e-08 9.51869e-08 9.32186e-08 7.98521e-08 5.90627e-08 3.73379e-08 2.00844e-08 9.22164e-09 3.64344e-09 1.24784e-09 3.71318e-10 9.55404e-11 2.09251e-11 3.75443e-12 5.00216e-13 3.5486e-14 0 
0 3.00319e-13 2.36872e-12 9.89766e-12 3.06928e-11 7.84026e-11 1.72709e-10 3.36142e-10 5.86552e-10 9.26663e-10 1.33514e-09 1.76491e-09 2.15245e-09 2.43668e-09 2.58077e-09 2.58848e-09 2.50945e-09 2.43334e-09 2.47701e-09 2.76806e-09 3.42187e-09 4.50283e-09 5.96391e-09 7.58219e-09 8.9473e-09 9.57252e-09 9.12831e-09 7.66133e-09 5.6083e-09 3.56028e-09 1.95546e-09 9.29895e-10 3.83793e-10 1.37774e-10 4.30021e-11 1.16037e-11 2.6635e-12 5.00216e-13 6.9631e-14 5.1495e-15 0 
0 1.9385e-14 1.49223e-13 6.09301e-13 1.8494e-12 4.63307e-12 1.00311e-11 1.9234e-11 3.31446e-11 5.18375e-11 7.41165e-11 9.74609e-11 1.18535e-10 1.34189e-10 1.42603e-10 1.44163e-10 1.41765e-10 1.40518e-10 1.47006e-10 1.68192e-10 2.09799e-10 2.73829e-10 3.55356e-10 4.40033e-10 5.05239e-10 5.27299e-10 4.93087e-10 4.08805e-10 2.98268e-10 1.90617e-10 1.06462e-10 5.1942e-11 2.21484e-11 8.25488e-12 2.68356e-12 7.55548e-13 1.81058e-13 3.5486e-14 5.1495e-15 3.96377e-16 0 
0 0 0 0 0 0 0 0 0 0 0 0 0 0 0 0 0 0 0 0 0 0 0 0 0 0 0 0 0 0 0 0 0 0 0 0 0 0 0 0 0 
