0 0 0 0 0 0 0 0 0 0 0 0 0 0 0 0 0 0 0 0 0 0 0 0 0 0 0 0 0 0 0 0 0 0 0 0 0 0 0 0 0 
0 4.96723e-07 4.39738e-06 1.91441e-05 5.69221e-05 0.000129236 0.000239222 0.000379166 0.000534443 0.000689007 0.000828897 0.000943536 0.00102583 0.00107184 0.00108048 0.00105308 0.000993117 0.000905785 0.00079767 0.000676338 0.000549911 0.000426505 0.000313527 0.000216833 0.000139945 8.35924e-05 4.58511e-05 2.29417e-05 1.04209e-05 4.28547e-06 1.59401e-06 5.36335e-07 1.63267e-07 4.49159e-08 1.11229e-08 2.45618e-09 4.74112e-10 7.66747e-11 9.38185e-12 6.20813e-13 0 
0 4.39738e-06 3.96292e-05 0.000168662 0.000468137 0.00096021 0.00159064 0.00227847 0.00295838 0.00358597 0.00412949 0.00456445 0.00487274 0.0050435 0.00507397 0.00496952 0.00474267 0.00441149 0.00399751 0.00352366 0.00301271 0.00248669 0.00196738 0.00147727 0.00103965 0.000675925 0.000400038 0.000212781 0.000100828 4.24095e-05 1.58492e-05 5.28276e-06 1.57715e-06 4.22813e-07 1.01669e-07 2.17659e-08 4.07246e-09 6.38835e-10 7.59154e-11 4.88642e-12 0 
0 1.91441e-05 0.000168662 0.000659121 0.00160202 0.0028702 0.00428391 0.00573761 0.00716462 0.00849929 0.00967336 0.0106243 0.0113035 0.0116811 0.011748 0.0115154 0.0110127 0.0102831 0.00937905 0.00835642 0.00726947 0.00616588 0.00508327 0.00404876 0.00308291 0.00220791 0.00145494 0.000860467 0.000446645 0.000200739 7.79528e-05 2.63378e-05 7.82466e-06 2.06253e-06 4.84277e-07 1.00889e-07 1.83472e-08 2.79781e-09 3.23519e-10 2.0292e-11 0 
0 5.69221e-05 0.000468137 0.00160202 0.00338958 0.00553653 0.00789564 0.0103764 0.0128601 0.015208 0.0172834 0.0189682 0.0201727 0.0208425 0.0209609 0.020548 0.0196559 0.0183621 0.0167608 0.0149537 0.0130414 0.0111156 0.00925243 0.00750758 0.00591271 0.00447789 0.00320435 0.00210701 0.00122839 0.000613812 0.000257884 9.11933e-05 2.75531e-05 7.23974e-06 1.67424e-06 3.41367e-07 6.05872e-08 9.0105e-09 1.0166e-09 6.22847e-11 0 
0 0.000129236 0.00096021 0.0028702 0.00553653 0.00870507 0.0122691 0.0160669 0.0198862 0.0235014 0.0266987 0.0292946 0.0311507 0.0321828 0.0323652 0.0317287 0.0303538 0.0283601 0.0258928 0.0231092 0.0201649 0.0172028 0.0143442 0.0116829 0.00928086 0.00716526 0.00532922 0.00374614 0.00240549 0.00134675 0.000629195 0.00024035 7.57468e-05 2.01797e-05 4.64623e-06 9.33761e-07 1.62564e-07 2.36708e-08 2.61424e-09 1.56892e-10 0 
0 0.000239222 0.00159064 0.00428391 0.00789564 0.0122691 0.0172442 0.0225602 0.0279096 0.0329741 0.0374535 0.0410911 0.0436952 0.045149 0.045407 0.0445083 0.0425763 0.0397812 0.0363243 0.0324246 0.0283002 0.0241517 0.0201498 0.0164278 0.0130777 0.0101496 0.00765037 0.00554482 0.00377486 0.00231154 0.00120134 0.000505049 0.00016977 4.66638e-05 1.0822e-05 2.16029e-06 3.70937e-07 5.31063e-08 5.7614e-09 3.39721e-10 0 
0 0.000379166 0.00227847 0.00573761 0.0103764 0.0160669 0.0225602 0.029502 0.0364882 0.0431031 0.0489678 0.0538988 0.0580499 0.060872 0.0614327 0.0596079 0.0561578 0.0520712 0.0474849 0.0423856 0.036999 0.0315815 0.0263561 0.0214972 0.0171265 0.0133137 0.0100785 0.00739221 0.00518118 0.00335912 0.00190226 0.000879843 0.000319511 9.1907e-05 2.17005e-05 4.33466e-06 7.38007e-07 1.04324e-07 1.11569e-08 6.4835e-10 0 
0 0.000534443 0.00295838 0.00716462 0.0128601 0.0198862 0.0279096 0.0364882 0.0451226 0.0533363 0.0614226 0.0705358 0.0774029 0.080641 0.0812107 0.0794179 0.0746848 0.066951 0.0590954 0.0524331 0.0457549 0.0390594 0.0326022 0.0265985 0.0211992 0.0164914 0.0125042 0.00921337 0.00654386 0.0043813 0.00263378 0.00132098 0.000518645 0.000157384 3.81397e-05 7.67054e-06 1.30106e-06 1.82293e-07 1.92819e-08 1.10757e-09 0 
0 0.000689007 0.00358597 0.00849929 0.015208 0.0235014 0.0329741 0.0431031 0.0533363 0.064248 0.0774954 0.085319 0.088992 0.0907083 0.09105 0.0901295 0.0877318 0.0830324 0.0737007 0.0625165 0.0540719 0.0461408 0.0385166 0.0314287 0.0250549 0.0194986 0.0147955 0.0109229 0.00780494 0.00531613 0.0033198 0.00177058 0.000745081 0.00023872 5.96235e-05 1.21248e-05 2.05646e-06 2.86528e-07 3.00648e-08 1.71166e-09 0 
0 0.000828897 0.00412949 0.00967336 0.0172834 0.0266987 0.0374535 0.0489678 0.0614226 0.0774954 0.0872633 0.0919313 0.0945048 0.0957924 0.0960703 0.0954016 0.0936904 0.0906019 0.0852029 0.0745082 0.0618421 0.0524198 0.0437486 0.0357014 0.0284655 0.0221582 0.0168208 0.01243 0.00890739 0.00612237 0.00391301 0.00217903 0.000969527 0.000326253 8.3985e-05 1.73024e-05 2.94167e-06 4.08631e-07 4.26421e-08 2.41209e-09 0 
0 0.000943536 0.00456445 0.0106243 0.0189682 0.0292946 0.0410911 0.0538988 0.0705358 0.085319 0.0919313 0.0956008 0.0977554 0.0988671 0.0991191 0.0985579 0.0971241 0.0946144 0.0905185 0.0833344 0.0698802 0.0576435 0.0480005 0.0391715 0.0312353 0.0243181 0.0184652 0.0136523 0.00979763 0.00676696 0.00438476 0.00251243 0.00116471 0.00040783 0.000107812 2.24941e-05 3.83805e-06 5.32519e-07 5.53813e-08 3.11917e-09 0 
0 0.00102583 0.00487274 0.0113035 0.0201727 0.0311507 0.0436952 0.0580499 0.0774029 0.088992 0.0945048 0.0977554 0.0997162 0.100743 0.100983 0.100475 0.0991742 0.0969263 0.0933652 0.0875276 0.0763334 0.0617819 0.0510521 0.0416538 0.0332167 0.0258631 0.0196415 0.0145263 0.0104329 0.0072242 0.00471753 0.00275081 0.00131043 0.000472082 0.000127352 2.6849e-05 4.5978e-06 6.37929e-07 6.62285e-08 3.72084e-09 0 
0 0.00107184 0.0050435 0.0116811 0.0208425 0.0321828 0.045149 0.060872 0.080641 0.0907083 0.0957924 0.0988671 0.100743 0.101733 0.101968 0.101484 0.100242 0.0981076 0.0947675 0.0894359 0.079594 0.064429 0.0527648 0.043036 0.03432 0.0267236 0.0202967 0.0150132 0.0107867 0.00747829 0.00490218 0.00288451 0.00139477 0.00051079 0.000139512 2.96149e-05 5.08598e-06 7.06136e-07 7.32808e-08 4.11348e-09 0 
0 0.00108048 0.00507397 0.011748 0.0209609 0.0323652 0.045407 0.0614327 0.0812107 0.09105 0.0960703 0.0991191 0.100983 0.101968 0.102202 0.101722 0.100489 0.0983712 0.0950641 0.0898076 0.0801774 0.0649443 0.0530731 0.0432833 0.0345178 0.0268782 0.0204147 0.0151013 0.0108511 0.00752527 0.00493748 0.00291174 0.00141338 0.00052001 0.000142591 3.03494e-05 5.22078e-06 7.25626e-07 7.53614e-08 4.23296e-09 0 
0 0.00105308 0.00496952 0.0115154 0.020548 0.0317287 0.0445083 0.0596079 0.0794179 0.0901295 0.0954016 0.0985579 0.100475 0.101484 0.101722 0.101227 0.0999568 0.0977694 0.0943294 0.088779 0.0783341 0.0632595 0.0520191 0.0424369 0.0338429 0.0263526 0.0200153 0.0148053 0.0106372 0.00737331 0.00482983 0.00283705 0.00136846 0.000500217 0.00013659 2.90309e-05 4.99629e-06 6.9544e-07 7.23663e-08 4.07351e-09 0 
0 0.000993117 0.00474267 0.0110127 0.0196559 0.0303538 0.0425763 0.0561578 0.0746848 0.0877318 0.0936904 0.0971241 0.0991742 0.100242 0.100489 0.0999568 0.0985954 0.0962314 0.0924429 0.0860737 0.0737069 0.0599543 0.0497573 0.0406046 0.0323814 0.0252139 0.0191494 0.0141632 0.0101722 0.00704161 0.00459264 0.00267067 0.00126786 0.000455863 0.000123098 2.60412e-05 4.48071e-06 6.25032e-07 6.52578e-08 3.68771e-09 0 
0 0.000905785 0.00441149 0.0102831 0.0183621 0.0283601 0.0397812 0.0520712 0.066951 0.0830324 0.0906019 0.0946144 0.0969263 0.0981076 0.0983712 0.0977694 0.0962314 0.0935141 0.0889787 0.0806155 0.0667298 0.0557542 0.0464941 0.0379463 0.030261 0.0235619 0.0178933 0.0132315 0.00949684 0.00655811 0.00424534 0.00242829 0.0011246 0.000394556 0.000104859 2.20427e-05 3.7932e-06 5.31035e-07 5.57386e-08 3.16903e-09 0 
0 0.00079767 0.00399751 0.00937905 0.0167608 0.0258928 0.0363243 0.0474849 0.0590954 0.0737007 0.0852029 0.0905185 0.0933652 0.0947675 0.0950641 0.0943294 0.0924429 0.0889787 0.0826778 0.0708715 0.0597691 0.0508652 0.0424624 0.0346565 0.027637 0.0215179 0.0163394 0.012079 0.00866041 0.00595702 0.00381304 0.00213173 0.000956475 0.000325975 8.51527e-05 1.7803e-05 3.07022e-06 4.32474e-07 4.57611e-08 2.62497e-09 0 
0 0.000676338 0.00352366 0.00835642 0.0149537 0.0231092 0.0324246 0.0423856 0.0524331 0.0625165 0.0745082 0.0833344 0.0875276 0.0894359 0.0898076 0.088779 0.0860737 0.0806155 0.0708715 0.0611968 0.0531983 0.0454117 0.0379153 0.0309456 0.0246777 0.0192135 0.0145884 0.0107804 0.00771686 0.00527753 0.0033282 0.00181095 0.000785676 0.000260551 6.71586e-05 1.40251e-05 2.43382e-06 3.46232e-07 3.70548e-08 2.1507e-09 0 
0 0.000549911 0.00301271 0.00726947 0.0130414 0.0201649 0.0283002 0.036999 0.0457549 0.0540719 0.0618421 0.0698802 0.0763334 0.079594 0.0801774 0.0783341 0.0737069 0.0667298 0.0597691 0.0531983 0.0464373 0.0396515 0.0331069 0.0270221 0.0215501 0.0167795 0.0127405 0.00941143 0.00672309 0.00456701 0.00283677 0.00150713 0.000637569 0.000208047 5.34462e-05 1.12306e-05 1.97068e-06 2.8401e-07 3.07989e-08 1.81015e-09 0 
0 0.000426505 0.00248669 0.00616588 0.0111156 0.0172028 0.0241517 0.0315815 0.0390594 0.0461408 0.0524198 0.0576435 0.0617819 0.064429 0.0649443 0.0632595 0.0599543 0.0557542 0.0508652 0.0454117 0.0396515 0.0338586 0.0282719 0.0230781 0.0184083 0.0143387 0.0108945 0.00805369 0.00575179 0.00389747 0.00240921 0.00127332 0.000537653 0.000176167 4.56727e-05 9.7075e-06 1.72319e-06 2.50973e-07 2.74648e-08 1.62637e-09 0 
0 0.000313527 0.00196738 0.00508327 0.00925243 0.0143442 0.0201498 0.0263561 0.0326022 0.0385166 0.0437486 0.0480005 0.0510521 0.0527648 0.0530731 0.0520191 0.0497573 0.0464941 0.0424624 0.0379153 0.0331069 0.0282719 0.0236098 0.0192781 0.0153904 0.0120211 0.00919943 0.00688872 0.00499518 0.00343107 0.00215422 0.00116522 0.000505347 0.00016919 4.44269e-05 9.49564e-06 1.68753e-06 2.45437e-07 2.67813e-08 1.57975e-09 0 
0 0.000216833 0.00147727 0.00404876 0.00750758 0.0116829 0.0164278 0.0214972 0.0265985 0.0314287 0.0357014 0.0391715 0.0416538 0.043036 0.0432833 0.0424369 0.0406046 0.0379463 0.0346565 0.0309456 0.0270221 0.0230781 0.0192781 0.0157591 0.0126515 0.0101052 0.00821206 0.0067844 0.00538206 0.0038153 0.00235134 0.0012548 0.000551432 0.000187204 4.91007e-05 1.03667e-05 1.81189e-06 2.58963e-07 2.77847e-08 1.61321e-09 0 
0 0.000139945 0.00103965 0.00308291 0.00591271 0.00928086 0.0130777 0.0171265 0.0211992 0.0250549 0.0284655 0.0312353 0.0332167 0.03432 0.0345178 0.0338429 0.0323814 0.030261 0.027637 0.0246777 0.0215501 0.0184083 0.0153904 0.0126515 0.0104946 0.00951422 0.0101447 0.0113946 0.0109538 0.00799287 0.00435226 0.00189523 0.000720994 0.000230279 5.80615e-05 1.18118e-05 1.99701e-06 2.77269e-07 2.90012e-08 1.64642e-09 0 
0 8.35924e-05 0.000675925 0.00220791 0.00447789 0.00716526 0.0101496 0.0133137 0.0164914 0.0194986 0.0221582 0.0243181 0.0258631 0.0267236 0.0268782 0.0263526 0.0252139 0.0235619 0.0215179 0.0192135 0.0167795 0.0143387 0.0120211 0.0101052 0.00951422 0.0123601 0.0202487 0.0360411 0.0436014 0.0239536 0.0117746 0.00422815 0.00120735 0.000311196 6.96282e-05 1.31354e-05 2.11425e-06 2.83607e-07 2.88673e-08 1.60157e-09 0 
0 4.58511e-05 0.000400038 0.00145494 0.00320435 0.00532922 0.00765037 0.0100785 0.0125042 0.0147955 0.0168208 0.0184652 0.0196415 0.0202967 0.0204147 0.0200153 0.0191494 0.0178933 0.0163394 0.0145884 0.0127405 0.0108945 0.00919943 0.00821206 0.0101447 0.0202487 0.0515238 0.0770915 0.0789874 0.0705046 0.0280457 0.00921883 0.00222167 0.000445811 8.19096e-05 1.36442e-05 2.05173e-06 2.65342e-07 2.63645e-08 1.4351e-09 0 
0 2.29417e-05 0.000212781 0.000860467 0.00210701 0.00374614 0.00554482 0.00739221 0.00921337 0.0109229 0.01243 0.0136523 0.0145263 0.0150132 0.0151013 0.0148053 0.0141632 0.0132315 0.012079 0.0107804 0.00941143 0.00805369 0.00688872 0.0067844 0.0113946 0.0360411 0.0770915 0.0844572 0.0853115 0.0814954 0.0616629 0.0148844 0.00336865 0.00058229 8.87337e-05 1.2749e-05 1.76758e-06 2.20698e-07 2.15455e-08 1.15853e-09 0 
0 1.04209e-05 0.000100828 0.000446645 0.00122839 0.00240549 0.00377486 0.00518118 0.00654386 0.00780494 0.00890739 0.00979763 0.0104329 0.0107867 0.0108511 0.0106372 0.0101722 0.00949684 0.00866041 0.00771686 0.00672309 0.00575179 0.00499518 0.00538206 0.0109538 0.0436014 0.0789874 0.0853115 0.0861876 0.0831238 0.0703392 0.0171692 0.00364379 0.000591618 8.01504e-05 1.02011e-05 1.31625e-06 1.60137e-07 1.55085e-08 8.30934e-10 0 
0 4.28547e-06 4.24095e-05 0.000200739 0.000613812 0.00134675 0.00231154 0.00335912 0.0043813 0.00531613 0.00612237 0.00676696 0.0072242 0.00747829 0.00752527 0.00737331 0.00704161 0.00655811 0.00595702 0.00527753 0.00456701 0.00389747 0.00343107 0.0038153 0.00799287 0.0239536 0.0705046 0.0814954 0.0831238 0.0778977 0.0455242 0.0121217 0.00269309 0.000430794 5.55165e-05 6.6416e-06 8.27893e-07 1.00135e-07 9.74145e-09 5.25105e-10 0 
0 1.59401e-06 1.58492e-05 7.79528e-05 0.000257884 0.000629195 0.00120134 0.00190226 0.00263378 0.0033198 0.00391301 0.00438476 0.00471753 0.00490218 0.00493748 0.00482983 0.00459264 0.00424534 0.00381304 0.0033282 0.00283677 0.00240921 0.00215422 0.00235134 0.00435226 0.0117746 0.0280457 0.0616629 0.0703392 0.0455242 0.0182123 0.00600897 0.00134973 0.000219147 2.8326e-05 3.41563e-06 4.34317e-07 5.36569e-08 5.31611e-09 2.91097e-10 0 
0 5.36335e-07 5.28276e-06 2.63378e-05 9.11933e-05 0.00024035 0.000505049 0.000879843 0.00132098 0.00177058 0.00217903 0.00251243 0.00275081 0.00288451 0.00291174 0.00283705 0.00267067 0.00242829 0.00213173 0.00181095 0.00150713 0.00127332 0.00116522 0.0012548 0.00189523 0.00422815 0.00921883 0.0148844 0.0171692 0.0121217 0.00600897 0.00200634 0.000463718 7.82935e-05 1.06782e-05 1.39458e-06 1.90714e-07 2.46587e-08 2.51851e-09 1.41315e-10 0 
0 1.63267e-07 1.57715e-06 7.82466e-06 2.75531e-05 7.57468e-05 0.00016977 0.000319511 0.000518645 0.000745081 0.000969527 0.00116471 0.00131043 0.00139477 0.00141338 0.00136846 0.00126786 0.0011246 0.000956475 0.000785676 0.000637569 0.000537653 0.000505347 0.000551432 0.000720994 0.00120735 0.00222167 0.00336865 0.00364379 0.00269309 0.00134973 0.000463718 0.000112316 2.03326e-05 3.11359e-06 4.69057e-07 7.12301e-08 9.76806e-09 1.03716e-09 6.00545e-11 0 
0 4.49159e-08 4.22813e-07 2.06253e-06 7.23974e-06 2.01797e-05 4.66638e-05 9.1907e-05 0.000157384 0.00023872 0.000326253 0.00040783 0.000472082 0.00051079 0.00052001 0.000500217 0.000455863 0.000394556 0.000325975 0.000260551 0.000208047 0.000176167 0.00016919 0.000187204 0.000230279 0.000311196 0.000445811 0.00058229 0.000591618 0.000430794 0.000219147 7.82935e-05 2.03326e-05 4.16431e-06 7.63133e-07 1.36291e-07 2.30077e-08 3.35256e-09 3.71808e-10 2.2332e-11 0 
0 1.11229e-08 1.01669e-07 4.84277e-07 1.67424e-06 4.64623e-06 1.0822e-05 2.17005e-05 3.81397e-05 5.96235e-05 8.3985e-05 0.000107812 0.000127352 0.000139512 0.000142591 0.00013659 0.000123098 0.000104859 8.51527e-05 6.71586e-05 5.34462e-05 4.56727e-05 4.44269e-05 4.91007e-05 5.80615e-05 6.96282e-05 8.19096e-05 8.87337e-05 8.01504e-05 5.55165e-05 2.8326e-05 1.06782e-05 3.11359e-06 7.63133e-07 1.70192e-07 3.51633e-08 6.47397e-09 9.98711e-10 1.15948e-10 7.24903e-12 0 
0 2.45618e-09 2.17659e-08 1.00889e-07 3.41367e-07 9.33761e-07 2.16029e-06 4.33466e-06 7.67054e-06 1.21248e-05 1.73024e-05 2.24941e-05 2.6849e-05 2.96149e-05 3.03494e-05 2.90309e-05 2.60412e-05 2.20427e-05 1.7803e-05 1.40251e-05 1.12306e-05 9.7075e-06 9.49564e-06 1.03667e-05 1.18118e-05 1.31354e-05 1.36442e-05 1.2749e-05 1.02011e-05 6.6416e-06 3.41563e-06 1.39458e-06 4.69057e-07 1.36291e-07 3.51633e-08 8.02376e-09 1.58027e-09 2.57097e-10 3.12723e-11 2.03903e-12 0 
0 4.74112e-10 4.07246e-09 1.83472e-08 6.05872e-08 1.62564e-07 3.70937e-07 7.38007e-07 1.30106e-06 2.05646e-06 2.94167e-06 3.83805e-06 4.5978e-06 5.08598e-06 5.22078e-06 4.99629e-06 4.48071e-06 3.7932e-06 3.07022e-06 2.43382e-06 1.97068e-06 1.72319e-06 1.68753e-06 1.81189e-06 1.99701e-06 2.11425e-06 2.05173e-06 1.76758e-06 1.31625e-06 8.27893e-07 4.34317e-07 1.90714e-07 7.12301e-08 2.30077e-08 6.47397e-09 1.58027e-09 3.2922e-10 5.63301e-11 7.17706e-12 4.88374e-13 0 
0 7.66747e-11 6.38835e-10 2.79781e-09 9.0105e-09 2.36708e-08 5.31063e-08 1.04324e-07 1.82293e-07 2.86528e-07 4.08631e-07 5.32519e-07 6.37929e-07 7.06136e-07 7.25626e-07 6.9544e-07 6.25032e-07 5.31035e-07 4.32474e-07 3.46232e-07 2.8401e-07 2.50973e-07 2.45437e-07 2.58963e-07 2.77269e-07 2.83607e-07 2.65342e-07 2.20698e-07 1.60137e-07 1.00135e-07 5.36569e-08 2.46587e-08 9.76806e-09 3.35256e-09 9.98711e-10 2.57097e-10 5.63301e-11 1.01116e-11 1.34801e-12 9.56981e-14 0 
0 9.38185e-12 7.59154e-11 3.23519e-10 1.0166e-09 2.61424e-09 5.7614e-09 1.11569e-08 1.92819e-08 3.00648e-08 4.26421e-08 5.53813e-08 6.62285e-08 7.32808e-08 7.53614e-08 7.23663e-08 6.52578e-08 5.57386e-08 4.57611e-08 3.70548e-08 3.07989e-08 2.74648e-08 2.67813e-08 2.77847e-08 2.90012e-08 2.88673e-08 2.63645e-08 2.15455e-08 1.55085e-08 9.74145e-09 5.31611e-09 2.51851e-09 1.03716e-09 3.71808e-10 1.15948e-10 3.12723e-11 7.17706e-12 1.34801e-12 1.87701e-13 1.38876e-14 0 
0 6.20813e-13 4.88642e-12 2.0292e-11 6.22847e-11 1.56892e-10 3.39721e-10 6.4835e-10 1.10757e-09 1.71166e-09 2.41209e-09 3.11917e-09 3.72084e-09 4.11348e-09 4.23296e-09 4.07351e-09 3.68771e-09 3.16903e-09 2.62497e-09 2.1507e-09 1.81015e-09 1.62637e-09 1.57975e-09 1.61321e-09 1.64642e-09 1.60157e-09 1.4351e-09 1.15853e-09 8.30934e-10 5.25105e-10 2.91097e-10 1.41315e-10 6.00545e-11 2.2332e-11 7.24903e-12 2.03903e-12 4.88374e-13 9.56981e-14 1.38876e-14 1.06922e-15 0 
0 0 0 0 0 0 0 0 0 0 0 0 0 0 0 0 0 0 0 0 0 0 0 0 0 0 0 0 0 0 0 0 0 0 0 0 0 0 0 0 0 
