0 0 0 0 0 0 0 0 0 0 0 0 0 0 0 0 0 0 0 0 0 0 0 0 0 0 0 0 0 0 0 0 0 0 0 0 0 0 0 0 0 
0 9.19316e-10 8.65491e-09 4.26036e-08 1.5292e-07 4.42741e-07 1.08028e-06 2.27489e-06 4.20004e-06 6.88199e-06 1.01129e-05 1.34502e-05 1.63191e-05 1.81795e-05 1.86855e-05 1.7779e-05 1.56888e-05 1.28471e-05 9.75829e-06 6.86801e-06 4.47275e-06 2.69164e-06 1.49525e-06 7.66387e-07 3.62472e-07 1.58311e-07 6.39274e-08 2.39042e-08 8.29059e-09 2.67093e-09 8.00114e-10 2.22914e-10 5.7694e-11 1.38276e-11 3.04908e-12 6.11146e-13 1.08863e-13 1.64764e-14 1.909e-15 1.20784e-16 0 
0 8.65491e-09 8.48504e-08 4.34089e-07 1.6122e-06 4.79807e-06 1.19361e-05 2.54007e-05 4.69971e-05 7.66617e-05 0.000111685 0.000147066 0.000176857 0.000195851 0.000200906 0.000191592 0.000170089 0.000140504 0.000107789 7.65791e-05 5.02249e-05 3.03217e-05 1.68155e-05 8.55784e-06 3.9977e-06 1.71631e-06 6.78569e-07 2.47661e-07 8.36517e-08 2.62075e-08 7.62859e-09 2.06472e-09 5.19256e-10 1.20997e-10 2.59623e-11 5.0689e-12 8.80543e-13 1.30127e-13 1.47399e-14 9.12918e-16 0 
0 4.26036e-08 4.34089e-07 2.30043e-06 8.78884e-06 2.66281e-05 6.65672e-05 0.000140428 0.000254571 0.000403812 0.000570757 0.000730991 0.000860285 0.000940171 0.000960776 0.000921437 0.000829902 0.000700593 0.000552075 0.000403782 0.000272339 0.000168353 9.49349e-05 4.87119e-05 2.27417e-05 9.67999e-06 3.7694e-06 1.34821e-06 4.44698e-07 1.35742e-07 3.84477e-08 1.01204e-08 2.47545e-09 5.6131e-10 1.17295e-10 2.23263e-11 3.78559e-12 5.46738e-13 6.06042e-14 3.67785e-15 0 
0 1.5292e-07 1.6122e-06 8.78884e-06 3.41499e-05 0.000103481 0.000253615 0.000514819 0.000886947 0.00133221 0.00179061 0.00220141 0.00251642 0.00270447 0.00275134 0.0026582 0.00243965 0.00212162 0.00173908 0.00133303 0.000945898 0.000614507 0.000361837 0.00019178 9.12831e-05 3.91046e-05 1.51576e-05 5.35167e-06 1.73239e-06 5.17038e-07 1.42878e-07 3.66535e-08 8.7354e-09 1.93051e-09 3.93451e-10 7.31119e-11 1.21161e-11 1.71239e-12 1.85986e-13 1.10734e-14 0 
0 4.42741e-07 4.79807e-06 2.66281e-05 0.000103481 0.000305987 0.000713289 0.00135304 0.00216908 0.00305426 0.00390008 0.00462062 0.0051558 0.0054691 0.00554533 0.0053888 0.00502087 0.00447709 0.00380413 0.00305732 0.00229871 0.0015937 0.00100231 0.000563386 0.000280429 0.000123475 4.8387e-05 1.70452e-05 5.45439e-06 1.5997e-06 4.32893e-07 1.08551e-07 2.5269e-08 5.45456e-09 1.08637e-09 1.9744e-10 3.20346e-11 4.43791e-12 4.73049e-13 2.76759e-14 0 
0 1.08028e-06 1.19361e-05 6.65672e-05 0.000253615 0.000713289 0.00154471 0.00270592 0.00404739 0.00540847 0.00666033 0.00770595 0.00847492 0.00892258 0.00903043 0.00880549 0.00827758 0.00749487 0.00651837 0.00541679 0.00426327 0.00313506 0.00211394 0.00127851 0.000679987 0.000314735 0.000127059 4.52701e-05 1.44531e-05 4.19193e-06 1.11595e-06 2.74514e-07 6.26048e-08 1.32347e-08 2.58211e-09 4.59997e-10 7.32248e-11 9.96323e-12 1.04427e-12 6.01478e-14 0 
0 2.27489e-06 2.54007e-05 0.000140428 0.000514819 0.00135304 0.00270592 0.00441956 0.0062824 0.00811832 0.00978752 0.011176 0.0121958 0.0127892 0.0129323 0.0126344 0.0119351 0.0108982 0.00960361 0.00813913 0.00659345 0.00505262 0.00360237 0.00233365 0.0013359 0.000660317 0.000279492 0.000102203 3.28974e-05 9.50369e-06 2.5018e-06 6.06142e-07 1.35885e-07 2.82169e-08 5.40752e-09 9.46692e-10 1.4821e-10 1.98521e-11 2.05061e-12 1.16536e-13 0 
0 4.20004e-06 4.69971e-05 0.000254571 0.000886947 0.00216908 0.00404739 0.0062824 0.00864601 0.0109548 0.0130495 0.0147916 0.0160717 0.0168176 0.0169988 0.016627 0.0157519 0.0144538 0.0128331 0.0109999 0.00906331 0.00712458 0.00527465 0.00360158 0.00220152 0.00116579 0.000523037 0.000198742 6.51498e-05 1.88835e-05 4.94164e-06 1.18416e-06 2.61887e-07 5.3589e-08 1.01179e-08 1.74566e-09 2.69511e-10 3.56322e-11 3.63683e-12 2.04467e-13 0 
0 6.88199e-06 7.66617e-05 0.000403812 0.00133221 0.00305426 0.00540847 0.00811832 0.0109548 0.0137198 0.0162283 0.0183157 0.0198511 0.0207475 0.0209681 0.0205266 0.0194824 0.0179316 0.0159948 0.013804 0.0114902 0.0091729 0.00695431 0.00492199 0.00316394 0.00178066 0.000847987 0.000337172 0.00011344 3.31997e-05 8.67961e-06 2.0655e-06 4.52266e-07 9.15032e-08 1.70753e-08 2.91241e-09 4.4479e-10 5.82244e-11 5.89067e-12 3.28725e-13 0 
0 1.01129e-05 0.000111685 0.000570757 0.00179061 0.00390008 0.00666033 0.00978752 0.0130495 0.0162283 0.0191134 0.0215162 0.0232856 0.0243215 0.0245808 0.0240789 0.0228837 0.0211054 0.0188828 0.016368 0.013712 0.0110524 0.00850474 0.00616126 0.00410281 0.00242188 0.00121617 0.000506211 0.000175482 5.20879e-05 1.36601e-05 3.24025e-06 7.0494e-07 1.41509e-07 2.61904e-08 4.4317e-09 6.71941e-10 8.74204e-11 8.80273e-12 4.89751e-13 0 
0 1.34502e-05 0.000147066 0.000730991 0.00220141 0.00462062 0.00770595 0.011176 0.0147916 0.0183157 0.0215162 0.0241839 0.0261514 0.0273069 0.0276022 0.0270535 0.0257357 0.0237704 0.0213113 0.0185273 0.0155862 0.0126407 0.00981903 0.00722022 0.00492238 0.00300717 0.00157522 0.000682818 0.000243798 7.35445e-05 1.94035e-05 4.60285e-06 9.98449e-07 1.99601e-07 3.67842e-08 6.20109e-09 9.37729e-10 1.21866e-10 1.22823e-11 6.85616e-13 0 
0 1.63191e-05 0.000176857 0.000860285 0.00251642 0.0051558 0.00847492 0.0121958 0.0160717 0.0198511 0.0232856 0.0261514 0.0282685 0.0295165 0.029843 0.0292645 0.0278605 0.0257609 0.0231301 0.0201491 0.0169978 0.0138409 0.0108159 0.0080283 0.00555631 0.00347357 0.00187594 0.000839657 0.000307581 9.42675e-05 2.50659e-05 5.96408e-06 1.29477e-06 2.58894e-07 4.77429e-08 8.06366e-09 1.22397e-09 1.60058e-10 1.62812e-11 9.2046e-13 0 
0 1.81795e-05 0.000195851 0.000940171 0.00270447 0.0054691 0.00892258 0.0127892 0.0168176 0.0207475 0.0243215 0.0273069 0.0295165 0.0308245 0.0311756 0.0305862 0.0291377 0.0269645 0.024237 0.0211428 0.0178693 0.0145877 0.0114417 0.00854093 0.00596461 0.00378186 0.00208313 0.000953461 0.000356214 0.000110716 2.9708e-05 7.11322e-06 1.55273e-06 3.12368e-07 5.80504e-08 9.90529e-09 1.52389e-09 2.02761e-10 2.10741e-11 1.22248e-12 0 
0 1.86855e-05 0.000200906 0.000960776 0.00275134 0.00554533 0.00903043 0.0129323 0.0169988 0.0209681 0.0245808 0.0276022 0.029843 0.0311756 0.0315435 0.0309621 0.0295127 0.02733 0.0245852 0.0214673 0.0181651 0.0148518 0.0116728 0.00873939 0.00613112 0.0039154 0.00217948 0.00101073 0.000382743 0.000120425 3.26735e-05 7.91112e-06 1.7488e-06 3.57212e-07 6.76496e-08 1.18155e-08 1.86978e-09 2.57144e-10 2.77393e-11 1.67473e-12 0 
0 1.7779e-05 0.000191592 0.000921437 0.0026582 0.0053888 0.00880549 0.0126344 0.016627 0.0205266 0.0240789 0.0270535 0.0292645 0.0305862 0.0309621 0.0304065 0.0289983 0.0268686 0.0241845 0.0211309 0.017893 0.0146404 0.0115163 0.00863033 0.0060617 0.00387787 0.00216548 0.00101009 0.000386036 0.000123011 3.39188e-05 8.37942e-06 1.89895e-06 3.99873e-07 7.85428e-08 1.43112e-08 2.37383e-09 3.43128e-10 3.89078e-11 2.46254e-12 0 
0 1.56888e-05 0.000170089 0.000829902 0.00243965 0.00502087 0.00827758 0.0119351 0.0157519 0.0194824 0.0228837 0.0257357 0.0278605 0.0291377 0.0295127 0.0289983 0.0276688 0.0256486 0.0230964 0.0201881 0.0171001 0.0139941 0.0110069 0.00824374 0.00578221 0.00369114 0.00205791 0.000962046 0.000371254 0.000120553 3.41865e-05 8.76328e-06 2.0785e-06 4.61678e-07 9.62214e-08 1.86553e-08 3.28922e-09 5.02966e-10 5.98709e-11 3.94088e-12 0 
0 1.28471e-05 0.000140504 0.000700593 0.00212162 0.00447709 0.00749487 0.0108982 0.0144538 0.0179316 0.0211054 0.0237704 0.0257609 0.0269645 0.02733 0.0268686 0.0256486 0.0237849 0.0214245 0.0187304 0.0158658 0.0129809 0.0102026 0.00762924 0.00533584 0.00339302 0.00188756 0.00088719 0.000349014 0.000117451 3.50604e-05 9.58425e-06 2.44643e-06 5.87078e-07 1.31913e-07 2.73659e-08 5.10501e-09 8.1533e-10 1.00085e-10 6.71665e-12 0 
0 9.75829e-06 0.000107789 0.000552075 0.00173908 0.00380413 0.00651837 0.00960361 0.0128331 0.0159948 0.0188828 0.0213113 0.0231301 0.024237 0.0245852 0.0241845 0.0230964 0.0214245 0.0193016 0.0168749 0.0142918 0.011688 0.00917775 0.00685118 0.00477976 0.00303447 0.00169598 0.0008133 0.000334046 0.000120227 3.91011e-05 1.1753e-05 3.29457e-06 8.594e-07 2.06602e-07 4.505e-08 8.6861e-09 1.41348e-09 1.7479e-10 1.1716e-11 0 
0 6.86801e-06 7.65791e-05 0.000403782 0.00133303 0.00305732 0.00541679 0.00813913 0.0109999 0.013804 0.016368 0.0185273 0.0201491 0.0211428 0.0214673 0.0211309 0.0201881 0.0187304 0.0168749 0.0147517 0.0124909 0.0102119 0.00801568 0.00598294 0.00418069 0.00267524 0.00153099 0.000772369 0.000344575 0.000138072 5.04157e-05 1.68654e-05 5.15583e-06 1.43125e-06 3.57809e-07 7.96061e-08 1.54367e-08 2.50048e-09 3.05637e-10 2.01576e-11 0 
0 4.47275e-06 5.02249e-05 0.000272339 0.000945898 0.00229871 0.00426327 0.00659345 0.00906331 0.0114902 0.013712 0.0155862 0.0169978 0.0178693 0.0181651 0.017893 0.0171001 0.0158658 0.0142918 0.0124909 0.0105757 0.00864973 0.00680093 0.00510073 0.0036087 0.00237682 0.00144083 0.000798831 0.000403779 0.000185027 7.61248e-05 2.78517e-05 9.01175e-06 2.57446e-06 6.48632e-07 1.43374e-07 2.73703e-08 4.34067e-09 5.17887e-10 3.3294e-11 0 
0 2.69164e-06 3.03217e-05 0.000168353 0.000614507 0.0015937 0.00313506 0.00505262 0.00712458 0.0091729 0.0110524 0.0126407 0.0138409 0.0145877 0.0148518 0.0146404 0.0139941 0.0129809 0.011688 0.0102119 0.00864973 0.00709105 0.00561261 0.00427628 0.00312787 0.00219266 0.00146888 0.000930622 0.000544795 0.000285264 0.000129654 5.03081e-05 1.66528e-05 4.74435e-06 1.17392e-06 2.52734e-07 4.6802e-08 7.18909e-09 8.30804e-10 5.17831e-11 0 
0 1.49525e-06 1.68155e-05 9.49349e-05 0.000361837 0.00100231 0.00211394 0.00360237 0.00527465 0.00695431 0.00850474 0.00981903 0.0108159 0.0114417 0.0116728 0.0115163 0.0110069 0.0102026 0.00917775 0.00801568 0.00680093 0.00561261 0.00451828 0.00356763 0.00278453 0.00216047 0.00165745 0.00122614 0.00083524 0.000495105 0.000243482 9.7154e-05 3.17064e-05 8.69507e-06 2.05619e-06 4.23556e-07 7.52585e-08 1.11211e-08 1.23959e-09 7.47197e-11 0 
0 7.66387e-07 8.55784e-06 4.87119e-05 0.00019178 0.000563386 0.00127851 0.00233365 0.00360158 0.00492199 0.00616126 0.00722022 0.0080283 0.00854093 0.00873939 0.00863033 0.00824374 0.00762924 0.00685118 0.00598294 0.00510073 0.00427628 0.00356763 0.00300841 0.00260146 0.00232441 0.00213167 0.00192391 0.00156664 0.00104894 0.000543893 0.000213926 6.50206e-05 1.61178e-05 3.46173e-06 6.62599e-07 1.11547e-07 1.57841e-08 1.69435e-09 9.87614e-11 0 
0 3.62472e-07 3.9977e-06 2.27417e-05 9.12831e-05 0.000280429 0.000679987 0.0013359 0.00220152 0.00316394 0.00410281 0.00492238 0.00555631 0.00596461 0.00613112 0.0060617 0.00578221 0.00533584 0.00477976 0.00418069 0.0036087 0.00312787 0.00278453 0.00260146 0.00260392 0.00288778 0.00354877 0.00424703 0.00415706 0.00300567 0.00155231 0.000572904 0.000154271 3.21795e-05 5.76857e-06 9.6558e-07 1.50171e-07 2.02319e-08 2.09278e-09 1.18213e-10 0 
0 1.58311e-07 1.71631e-06 9.67999e-06 3.91046e-05 0.000123475 0.000314735 0.000660317 0.00116579 0.00178066 0.00242188 0.00300717 0.00347357 0.00378186 0.0039154 0.00387787 0.00369114 0.00339302 0.00303447 0.00267524 0.00237682 0.00219266 0.00216047 0.00232441 0.00288778 0.0045161 0.00787402 0.0116344 0.012463 0.0091923 0.00461981 0.00159659 0.000386958 6.84072e-05 9.79184e-06 1.32801e-06 1.8218e-07 2.31066e-08 2.307e-09 1.26812e-10 0 
0 6.39274e-08 6.78569e-07 3.7694e-06 1.51576e-05 4.8387e-05 0.000127059 0.000279492 0.000523037 0.000847987 0.00121617 0.00157522 0.00187594 0.00208313 0.00217948 0.00216548 0.00205791 0.00188756 0.00169598 0.00153099 0.00144083 0.00146888 0.00165745 0.00213167 0.00354877 0.00787402 0.0168427 0.0269112 0.0295853 0.0219023 0.0108667 0.00363003 0.000828552 0.000132349 1.59009e-05 1.71421e-06 1.97944e-07 2.32475e-08 2.24517e-09 1.20813e-10 0 
0 2.39042e-08 2.47661e-07 1.34821e-06 5.35167e-06 1.70452e-05 4.52701e-05 0.000102203 0.000198742 0.000337172 0.000506211 0.000682818 0.000839657 0.000953461 0.00101073 0.00101009 0.000962046 0.00088719 0.0008133 0.000772369 0.000798831 0.000930622 0.00122614 0.00192391 0.00424703 0.0116344 0.0269112 0.0440293 0.0487528 0.0361234 0.0178485 0.00588721 0.00130735 0.00019847 2.15646e-05 1.95291e-06 1.89026e-07 2.03713e-08 1.91144e-09 1.01457e-10 0 
0 8.29059e-09 8.36517e-08 4.44698e-07 1.73239e-06 5.45439e-06 1.44531e-05 3.28974e-05 6.51498e-05 0.00011344 0.000175482 0.000243798 0.000307581 0.000356214 0.000382743 0.000386036 0.000371254 0.000349014 0.000334046 0.000344575 0.000403779 0.000544795 0.00083524 0.00156664 0.00415706 0.012463 0.0295853 0.0487528 0.0540964 0.0400923 0.0197841 0.00649804 0.00142712 0.000211602 2.18795e-05 1.7923e-06 1.52628e-07 1.53384e-08 1.41323e-09 7.46859e-11 0 
0 2.67093e-09 2.62075e-08 1.35742e-07 5.17038e-07 1.5997e-06 4.19193e-06 9.50369e-06 1.88835e-05 3.31997e-05 5.20879e-05 7.35445e-05 9.42675e-05 0.000110716 0.000120425 0.000123011 0.000120553 0.000117451 0.000120227 0.000138072 0.000185027 0.000285264 0.000495105 0.00104894 0.00300567 0.0091923 0.0219023 0.0361234 0.0400923 0.0297139 0.01466 0.00481117 0.00105304 0.000154656 1.56811e-05 1.23533e-06 9.98773e-08 9.79191e-09 9.02901e-10 4.80246e-11 0 
0 8.00114e-10 7.62859e-09 3.84477e-08 1.42878e-07 4.32893e-07 1.11595e-06 2.5018e-06 4.94164e-06 8.67961e-06 1.36601e-05 1.94035e-05 2.50659e-05 2.9708e-05 3.26735e-05 3.39188e-05 3.41865e-05 3.50604e-05 3.91011e-05 5.04157e-05 7.61248e-05 0.000129654 0.000243482 0.000543893 0.00155231 0.00461981 0.0108667 0.0178485 0.0197841 0.01466 0.00723696 0.00237806 0.000520759 7.64162e-05 7.76366e-06 6.1995e-07 5.18306e-08 5.26774e-09 4.97602e-10 2.6935e-11 0 
0 2.22914e-10 2.06472e-09 1.01204e-08 3.66535e-08 1.08551e-07 2.74514e-07 6.06142e-07 1.18416e-06 2.0655e-06 3.24025e-06 4.60285e-06 5.96408e-06 7.11322e-06 7.91112e-06 8.37942e-06 8.76328e-06 9.58425e-06 1.1753e-05 1.68654e-05 2.78517e-05 5.03081e-05 9.7154e-05 0.000213926 0.000572904 0.00159659 0.00363003 0.00588721 0.00649804 0.00481117 0.00237806 0.000783447 0.000172134 2.54681e-05 2.65796e-06 2.28504e-07 2.15884e-08 2.40166e-09 2.36951e-10 1.31786e-11 0 
0 5.7694e-11 5.19256e-10 2.47545e-09 8.7354e-09 2.5269e-08 6.26048e-08 1.35885e-07 2.61887e-07 4.52266e-07 7.0494e-07 9.98449e-07 1.29477e-06 1.55273e-06 1.7488e-06 1.89895e-06 2.0785e-06 2.44643e-06 3.29457e-06 5.15583e-06 9.01175e-06 1.66528e-05 3.17064e-05 6.50206e-05 0.000154271 0.000386958 0.000828552 0.00130735 0.00142712 0.00105304 0.000520759 0.000172134 3.81573e-05 5.79039e-06 6.48065e-07 6.52404e-08 7.52163e-09 9.40525e-10 9.78382e-11 5.63021e-12 0 
0 1.38276e-11 1.20997e-10 5.6131e-10 1.93051e-09 5.45456e-09 1.32347e-08 2.82169e-08 5.3589e-08 9.15032e-08 1.41509e-07 1.99601e-07 2.58894e-07 3.12368e-07 3.57212e-07 3.99873e-07 4.61678e-07 5.87078e-07 8.594e-07 1.43125e-06 2.57446e-06 4.74435e-06 8.69507e-06 1.61178e-05 3.21795e-05 6.84072e-05 0.000132349 0.00019847 0.000211602 0.000154656 7.64162e-05 2.54681e-05 5.79039e-06 9.3788e-07 1.22213e-07 1.58935e-08 2.2949e-09 3.20056e-10 3.51307e-11 2.10117e-12 0 
0 3.04908e-12 2.59623e-11 1.17295e-10 3.93451e-10 1.08637e-09 2.58211e-09 5.40752e-09 1.01179e-08 1.70753e-08 2.61904e-08 3.67842e-08 4.77429e-08 5.80504e-08 6.76496e-08 7.85428e-08 9.62214e-08 1.31913e-07 2.06602e-07 3.57809e-07 6.48632e-07 1.17392e-06 2.05619e-06 3.46173e-06 5.76857e-06 9.79184e-06 1.59009e-05 2.15646e-05 2.18795e-05 1.56811e-05 7.76366e-06 2.65796e-06 6.48065e-07 1.22213e-07 2.07685e-08 3.61877e-09 6.2562e-10 9.49395e-11 1.09679e-11 6.83671e-13 0 
0 6.11146e-13 5.0689e-12 2.23263e-11 7.31119e-11 1.9744e-10 4.59997e-10 9.46692e-10 1.74566e-09 2.91241e-09 4.4317e-09 6.20109e-09 8.06366e-09 9.90529e-09 1.18155e-08 1.43112e-08 1.86553e-08 2.73659e-08 4.505e-08 7.96061e-08 1.43374e-07 2.52734e-07 4.23556e-07 6.62599e-07 9.6558e-07 1.32801e-06 1.71421e-06 1.95291e-06 1.7923e-06 1.23533e-06 6.1995e-07 2.28504e-07 6.52404e-08 1.58935e-08 3.61877e-09 7.79829e-10 1.50796e-10 2.44003e-11 2.96024e-12 1.92594e-13 0 
0 1.08863e-13 8.80543e-13 3.78559e-12 1.21161e-11 3.20346e-11 7.32248e-11 1.4821e-10 2.69511e-10 4.4479e-10 6.71941e-10 9.37729e-10 1.22397e-09 1.52389e-09 1.86978e-09 2.37383e-09 3.28922e-09 5.10501e-09 8.6861e-09 1.54367e-08 2.73703e-08 4.6802e-08 7.52585e-08 1.11547e-07 1.50171e-07 1.8218e-07 1.97944e-07 1.89026e-07 1.52628e-07 9.98773e-08 5.18306e-08 2.15884e-08 7.52163e-09 2.2949e-09 6.2562e-10 1.50796e-10 3.12813e-11 5.34191e-12 6.79558e-13 4.61678e-14 0 
0 1.64764e-14 1.30127e-13 5.46738e-13 1.71239e-12 4.43791e-12 9.96323e-12 1.98521e-11 3.56322e-11 5.82244e-11 8.74204e-11 1.21866e-10 1.60058e-10 2.02761e-10 2.57144e-10 3.43128e-10 5.02966e-10 8.1533e-10 1.41348e-09 2.50048e-09 4.34067e-09 7.18909e-09 1.11211e-08 1.57841e-08 2.02319e-08 2.31066e-08 2.32475e-08 2.03713e-08 1.53384e-08 9.79191e-09 5.26774e-09 2.40166e-09 9.40525e-10 3.20056e-10 9.49395e-11 2.44003e-11 5.34191e-12 9.58181e-13 1.27619e-13 9.04981e-15 0 
0 1.909e-15 1.47399e-14 6.06042e-14 1.85986e-13 4.73049e-13 1.04427e-12 2.05061e-12 3.63683e-12 5.89067e-12 8.80273e-12 1.22823e-11 1.62812e-11 2.10741e-11 2.77393e-11 3.89078e-11 5.98709e-11 1.00085e-10 1.7479e-10 3.05637e-10 5.17887e-10 8.30804e-10 1.23959e-09 1.69435e-09 2.09278e-09 2.307e-09 2.24517e-09 1.91144e-09 1.41323e-09 9.02901e-10 4.97602e-10 2.36951e-10 9.78382e-11 3.51307e-11 1.09679e-11 2.96024e-12 6.79558e-13 1.27619e-13 1.7762e-14 1.31324e-15 0 
0 1.20784e-16 9.12918e-16 3.67785e-15 1.10734e-14 2.76759e-14 6.01478e-14 1.16536e-13 2.04467e-13 3.28725e-13 4.89751e-13 6.85616e-13 9.2046e-13 1.22248e-12 1.67473e-12 2.46254e-12 3.94088e-12 6.71665e-12 1.1716e-11 2.01576e-11 3.3294e-11 5.17831e-11 7.47197e-11 9.87614e-11 1.18213e-10 1.26812e-10 1.20813e-10 1.01457e-10 7.46859e-11 4.80246e-11 2.6935e-11 1.31786e-11 5.63021e-12 2.10117e-12 6.83671e-13 1.92594e-13 4.61678e-14 9.04981e-15 1.31324e-15 1.01073e-16 0 
0 0 0 0 0 0 0 0 0 0 0 0 0 0 0 0 0 0 0 0 0 0 0 0 0 0 0 0 0 0 0 0 0 0 0 0 0 0 0 0 0 
