0 0 0 0 0 0 0 0 0 0 0 0 0 0 0 0 0 0 0 0 0 0 0 0 0 0 0 0 0 0 0 0 0 0 0 0 0 0 0 0 0 
0 2.64406e-08 2.44637e-07 1.16232e-06 3.94384e-06 1.05722e-05 2.34723e-05 4.4479e-05 7.36668e-05 0.000108825 0.000145894 0.000180032 0.000206745 0.000222735 0.000226341 0.000217634 0.000198242 0.000170981 0.000139358 0.000106997 7.70709e-05 5.18395e-05 3.24043e-05 1.87406e-05 9.99119e-06 4.89777e-06 2.20477e-06 9.1126e-07 3.46046e-07 1.20874e-07 3.88807e-08 1.15242e-08 3.14595e-09 7.89069e-10 1.80821e-10 3.74349e-11 6.85112e-12 1.06053e-12 1.25193e-13 8.04435e-15 0 
0 2.44637e-07 2.35664e-06 1.15424e-05 3.97142e-05 0.00010577 0.00022863 0.000415337 0.000654206 0.000918675 0.00117696 0.00140023 0.00156676 0.00166308 0.0016837 0.00163029 0.00151075 0.00133804 0.00112909 0.000903267 0.000680565 0.000479155 0.000312585 0.000187436 0.000102631 5.11004e-05 2.31019e-05 9.49186e-06 3.55338e-06 1.21597e-06 3.81534e-07 1.10013e-07 2.91739e-08 7.10463e-09 1.58101e-09 3.18058e-10 5.66203e-11 8.53576e-12 9.82638e-13 6.16603e-14 0 
0 1.16232e-06 1.15424e-05 5.72098e-05 0.000193605 0.000491283 0.000987119 0.00164975 0.00239967 0.00315066 0.00383222 0.00439295 0.00479806 0.00502741 0.00507427 0.00494428 0.00465385 0.00422808 0.00369851 0.00310127 0.00247571 0.00186347 0.0013064 0.000841223 0.000490894 0.000256949 0.000120041 5.00893e-05 1.87604e-05 6.35021e-06 1.95558e-06 5.50744e-07 1.42258e-07 3.37025e-08 7.29448e-09 1.42791e-09 2.47563e-10 3.63902e-11 4.09016e-12 2.50935e-13 0 
0 3.94384e-06 3.97142e-05 0.000193605 0.000618597 0.00143266 0.00259918 0.00396902 0.00539085 0.00674901 0.00795467 0.00893735 0.00964436 0.0100431 0.0101226 0.00989291 0.00938303 0.00863648 0.00770647 0.00665068 0.00552695 0.00439111 0.00329794 0.00230421 0.00146785 0.000835053 0.00041761 0.000182493 6.99822e-05 2.38026e-05 7.26793e-06 2.0124e-06 5.08591e-07 1.17603e-07 2.48204e-08 4.73789e-09 8.01526e-10 1.1508e-10 1.26492e-11 7.59907e-13 0 
0 1.05722e-05 0.00010577 0.000491283 0.00143266 0.0029812 0.00494156 0.00709372 0.00927392 0.0113465 0.0131881 0.0146915 0.0157743 0.0163848 0.0165051 0.016151 0.0153675 0.0142227 0.0128002 0.01119 0.00948082 0.00775296 0.0060751 0.00450604 0.0031036 0.00193369 0.00105917 0.00049933 0.000201496 7.02967e-05 2.15777e-05 5.92673e-06 1.47431e-06 3.34167e-07 6.90023e-08 1.288e-08 2.1313e-09 2.99535e-10 3.22612e-11 1.90132e-12 0 
0 2.34723e-05 0.00022863 0.000987119 0.00259918 0.00494156 0.00772452 0.0107289 0.0137715 0.0166705 0.0192507 0.0213593 0.0228785 0.023735 0.0239033 0.0234054 0.022305 0.0206986 0.0187046 0.0164513 0.0140651 0.011661 0.00933479 0.00715939 0.0051887 0.00347266 0.00207687 0.00107099 0.0004651 0.000170028 5.33022e-05 1.46766e-05 3.61865e-06 8.07981e-07 1.63861e-07 3.00046e-08 4.8698e-09 6.71596e-10 7.10376e-11 4.11568e-12 0 
0 4.4479e-05 0.000415337 0.00164975 0.00396902 0.00709372 0.0107289 0.0146509 0.0186304 0.0224265 0.0258075 0.0285715 0.0305636 0.0316869 0.0319079 0.0312554 0.029813 0.0277077 0.0250956 0.0221456 0.019025 0.0158863 0.0128576 0.0100357 0.00748481 0.00524452 0.00335381 0.001879 0.00088579 0.000344774 0.000112037 3.12598e-05 7.69544e-06 1.70147e-06 3.40274e-07 6.1329e-08 9.79193e-09 1.32867e-09 1.38356e-10 7.89766e-12 0 
0 7.36668e-05 0.000654206 0.00239967 0.00539085 0.00927392 0.0137715 0.0186304 0.023565 0.0282743 0.0324699 0.0359009 0.0383745 0.0397701 0.0400459 0.0392374 0.0374484 0.034837 0.0315969 0.0279387 0.0240707 0.0201834 0.0164373 0.012955 0.00981775 0.00706783 0.00472483 0.00282329 0.00143601 0.000598651 0.000203762 5.81426e-05 1.4388e-05 3.16582e-06 6.26807e-07 1.11574e-07 1.75773e-08 2.35311e-09 2.41837e-10 1.36329e-11 0 
0 0.000108825 0.000918675 0.00315066 0.00674901 0.0113465 0.0166705 0.0224265 0.0282743 0.0338565 0.038831 0.0429 0.0458348 0.047492 0.0478217 0.0468657 0.0447469 0.0416529 0.0378136 0.033479 0.0288967 0.0242933 0.0198601 0.015744 0.0120436 0.00880965 0.00605471 0.00378455 0.00204689 0.000910227 0.000325744 9.56264e-05 2.39125e-05 5.2584e-06 1.03444e-06 1.82438e-07 2.84429e-08 3.76703e-09 3.83082e-10 2.1378e-11 0 
0 0.000145894 0.00117696 0.00383222 0.00795467 0.0131881 0.0192507 0.0258075 0.0324699 0.038831 0.0445008 0.0491401 0.0524879 0.0543804 0.0547602 0.0536743 0.051263 0.0477397 0.0433668 0.0384293 0.0332097 0.0279669 0.0229196 0.0182363 0.0140309 0.0103633 0.00724551 0.0046656 0.00264025 0.00123925 0.000465016 0.000140694 3.56612e-05 7.86193e-06 1.54133e-06 2.70119e-07 4.17929e-08 5.49081e-09 5.53941e-10 3.06774e-11 0 
0 0.000180032 0.00140023 0.00439295 0.00893735 0.0146915 0.0213593 0.0285715 0.0359009 0.0429 0.0491401 0.054248 0.057936 0.0600235 0.0604466 0.0592567 0.0566078 0.0527345 0.0479257 0.0424949 0.0367534 0.0309864 0.0254352 0.020286 0.0156652 0.0116402 0.00822492 0.00539796 0.00315139 0.00154114 0.000601802 0.000187231 4.81324e-05 1.0658e-05 2.08729e-06 3.64428e-07 5.61055e-08 7.33166e-09 7.35702e-10 4.0537e-11 0 
0 0.000206745 0.00156676 0.00479806 0.00964436 0.0157743 0.0228785 0.0305636 0.0383745 0.0458348 0.0524879 0.057936 0.0618717 0.0641018 0.0645589 0.0632977 0.0604805 0.0563568 0.0512346 0.0454484 0.0393302 0.0331841 0.0272678 0.0217806 0.0168579 0.0125728 0.00894114 0.00593681 0.00353594 0.00177874 0.00071552 0.000227676 5.92693e-05 1.31901e-05 2.58499e-06 4.50671e-07 6.92177e-08 9.02097e-09 9.02876e-10 4.96352e-11 0 
0 0.000222735 0.00166308 0.00502741 0.0100431 0.0163848 0.023735 0.0316869 0.0397701 0.047492 0.0543804 0.0600235 0.0641018 0.066415 0.066895 0.0655985 0.0626911 0.0584292 0.053132 0.047146 0.0408149 0.0344538 0.0283298 0.0226495 0.0175539 0.0131193 0.00936303 0.00625705 0.00376894 0.0019279 0.000790167 0.000255296 6.7092e-05 1.5003e-05 2.94643e-06 5.14093e-07 7.89839e-08 1.0297e-08 1.03119e-09 5.67494e-11 0 
0 0.000226341 0.0016837 0.00507427 0.0101226 0.0165051 0.0239033 0.0319079 0.0400459 0.0478217 0.0547602 0.0604466 0.0645589 0.066895 0.0673865 0.06609 0.0631712 0.0588871 0.0535589 0.0475354 0.0411626 0.0347577 0.0285901 0.0228681 0.0177343 0.0132661 0.00948126 0.00635163 0.00384233 0.00197849 0.000817468 0.00026612 7.03493e-05 1.58009e-05 3.11439e-06 5.45256e-07 8.40729e-08 1.10047e-08 1.10723e-09 6.12685e-11 0 
0 0.000217634 0.00163029 0.00494428 0.00989291 0.016151 0.0234054 0.0312554 0.0392374 0.0468657 0.0536743 0.0592567 0.0632977 0.0655985 0.06609 0.0648267 0.0619717 0.0577775 0.052558 0.0466547 0.0404065 0.0341246 0.0280734 0.0224574 0.0174169 0.0130279 0.00930817 0.00623059 0.00376309 0.00193363 0.000797879 0.000259945 6.89295e-05 1.55574e-05 3.0853e-06 5.44072e-07 8.45861e-08 1.1176e-08 1.13636e-09 6.36225e-11 0 
0 0.000198242 0.00151075 0.00465385 0.00938303 0.0153675 0.022305 0.029813 0.0374484 0.0447469 0.051263 0.0566078 0.0604805 0.0626911 0.0631712 0.0619717 0.0592496 0.0552469 0.0502626 0.0446224 0.03865 0.032643 0.0268541 0.0214791 0.0166519 0.0124454 0.00887635 0.00591997 0.00355198 0.00180852 0.000740094 0.000240323 6.39088e-05 1.45365e-05 2.91511e-06 5.21109e-07 8.22934e-08 1.10641e-08 1.14653e-09 6.55049e-11 0 
0 0.000170981 0.00133804 0.00422808 0.00863648 0.0142227 0.0206986 0.0277077 0.034837 0.0416529 0.0477397 0.0527345 0.0563568 0.0584292 0.0588871 0.0577775 0.0552469 0.0515209 0.0468778 0.0416209 0.0360522 0.0304489 0.0250466 0.0200276 0.0155167 0.0115811 0.00823595 0.00546062 0.00324286 0.00162921 0.000659626 0.000213758 5.72934e-05 1.32362e-05 2.71009e-06 4.96386e-07 8.05155e-08 1.1136e-08 1.18798e-09 6.98641e-11 0 
0 0.000139358 0.00112909 0.00369851 0.00770647 0.0128002 0.0187046 0.0250956 0.0315969 0.0378136 0.0433668 0.0479257 0.0512346 0.053132 0.0535589 0.052558 0.0502626 0.0468778 0.0426568 0.0378757 0.0328094 0.0277101 0.0227918 0.01822 0.0141073 0.0105135 0.00745171 0.00490726 0.00288253 0.0014313 0.000576843 0.000188567 5.16536e-05 1.2308e-05 2.61289e-06 4.97396e-07 8.38706e-08 1.20417e-08 1.3299e-09 8.06751e-11 0 
0 0.000106997 0.000903267 0.00310127 0.00665068 0.01119 0.0164513 0.0221456 0.0279387 0.033479 0.0384293 0.0424949 0.0454484 0.047146 0.0475354 0.0466547 0.0446224 0.0416209 0.0378757 0.0336326 0.0291358 0.0246097 0.020244 0.0161847 0.0125302 0.00933168 0.00660016 0.00432816 0.0025304 0.00125802 0.000515051 0.000174035 4.99081e-05 1.2519e-05 2.79713e-06 5.58203e-07 9.80818e-08 1.45732e-08 1.65396e-09 1.02425e-10 0 
0 7.70709e-05 0.000680565 0.00247571 0.00552695 0.00948082 0.0140651 0.019025 0.0240707 0.0288967 0.0332097 0.0367534 0.0393302 0.0408149 0.0411626 0.0404065 0.03865 0.0360522 0.0328094 0.0291358 0.0252443 0.0213296 0.0175563 0.0140499 0.0108937 0.00812965 0.00576712 0.00380419 0.00225646 0.00115767 0.000499479 0.000180469 5.54687e-05 1.48009e-05 3.4755e-06 7.19673e-07 1.29709e-07 1.95799e-08 2.24044e-09 1.39063e-10 0 
0 5.18395e-05 0.000479155 0.00186347 0.00439111 0.00775296 0.011661 0.0158863 0.0201834 0.0242933 0.0279669 0.0309864 0.0331841 0.0344538 0.0347577 0.0341246 0.032643 0.0304489 0.0277101 0.0246097 0.0213296 0.0180362 0.0148692 0.0119343 0.00930034 0.00700158 0.00504552 0.00342549 0.00213568 0.0011805 0.000557906 0.000220414 7.27489e-05 2.03546e-05 4.90697e-06 1.02696e-06 1.85087e-07 2.77447e-08 3.13879e-09 1.92108e-10 0 
0 3.24043e-05 0.000312585 0.0013064 0.00329794 0.0060751 0.00933479 0.0128576 0.0164373 0.0198601 0.0229196 0.0254352 0.0272678 0.0283298 0.0285901 0.0280734 0.0268541 0.0250466 0.0227918 0.020244 0.0175563 0.0148692 0.0123001 0.00993815 0.00784235 0.00604471 0.00454615 0.00330641 0.00226342 0.00139242 0.00072989 0.000312766 0.000108197 3.07338e-05 7.36611e-06 1.51598e-06 2.67301e-07 3.91172e-08 4.31833e-09 2.58035e-10 0 
0 1.87406e-05 0.000187436 0.000841223 0.00230421 0.00450604 0.00715939 0.0100357 0.012955 0.015744 0.0182363 0.020286 0.0217806 0.0226495 0.0228681 0.0224574 0.0214791 0.0200276 0.01822 0.0161847 0.0140499 0.0119343 0.00993815 0.00814198 0.00661358 0.00541298 0.00454403 0.00385228 0.00306704 0.00209997 0.00116851 0.000513445 0.000176355 4.83968e-05 1.10841e-05 2.18462e-06 3.70844e-07 5.24565e-08 5.6143e-09 3.26123e-10 0 
0 9.99119e-06 0.000102631 0.000490894 0.00146785 0.0031036 0.0051887 0.00748481 0.00981775 0.0120436 0.0140309 0.0156652 0.0168579 0.0175539 0.0177343 0.0174169 0.0166519 0.0155167 0.0141073 0.0125302 0.0108937 0.00930034 0.00784235 0.00661358 0.00576334 0.00556947 0.0062385 0.00716796 0.00693512 0.00504105 0.00268073 0.00106762 0.000327993 7.99391e-05 1.6376e-05 2.9696e-06 4.76924e-07 6.48222e-08 6.71478e-09 3.79136e-10 0 
0 4.89777e-06 5.11004e-05 0.000256949 0.000835053 0.00193369 0.00347266 0.00524452 0.00706783 0.00880965 0.0103633 0.0116402 0.0125728 0.0131193 0.0132661 0.0130279 0.0124454 0.0115811 0.0105135 0.00933168 0.00812965 0.00700158 0.00604471 0.00541298 0.00556947 0.0077216 0.0129356 0.0189379 0.020247 0.0149427 0.00754596 0.00266559 0.000694417 0.000140883 2.39629e-05 3.76106e-06 5.55761e-07 7.21547e-08 7.24458e-09 3.98812e-10 0 
0 2.20477e-06 2.31019e-05 0.000120041 0.00041761 0.00105917 0.00207687 0.00335381 0.00472483 0.00605471 0.00724551 0.00822492 0.00894114 0.00936303 0.00948126 0.00930817 0.00887635 0.00823595 0.00745171 0.00660016 0.00576712 0.00504552 0.00454615 0.00454403 0.0062385 0.0129356 0.0273482 0.0436856 0.0483206 0.0354865 0.017621 0.0059155 0.00138851 0.000241775 3.38563e-05 4.39596e-06 5.77753e-07 7.11236e-08 6.94618e-09 3.74855e-10 0 
0 9.1126e-07 9.49186e-06 5.00893e-05 0.000182493 0.00049933 0.00107099 0.001879 0.00282329 0.00378455 0.0046656 0.00539796 0.00593681 0.00625705 0.00635163 0.00623059 0.00591997 0.00546062 0.00490726 0.00432816 0.00380419 0.00342549 0.00330641 0.00385228 0.00716796 0.0189379 0.0436856 0.0713907 0.0785934 0.058759 0.0289133 0.0095521 0.00214689 0.000343148 4.18759e-05 4.56467e-06 5.2619e-07 6.12239e-08 5.8512e-09 3.11852e-10 0 
0 3.46046e-07 3.55338e-06 1.87604e-05 6.99822e-05 0.000201496 0.0004651 0.00088579 0.00143601 0.00204689 0.00264025 0.00315139 0.00353594 0.00376894 0.00384233 0.00376309 0.00355198 0.00324286 0.00288253 0.0025304 0.00225646 0.00213568 0.00226342 0.00306704 0.00693512 0.020247 0.0483206 0.0785934 0.0849667 0.0657933 0.0320589 0.0105344 0.00233162 0.000358445 4.05525e-05 3.93412e-06 4.08427e-07 4.54463e-08 4.29377e-09 2.28061e-10 0 
0 1.20874e-07 1.21597e-06 6.35021e-06 2.38026e-05 7.02967e-05 0.000170028 0.000344774 0.000598651 0.000910227 0.00123925 0.00154114 0.00177874 0.0019279 0.00197849 0.00193363 0.00180852 0.00162921 0.0014313 0.00125802 0.00115767 0.0011805 0.00139242 0.00209997 0.00504105 0.0149427 0.0354865 0.058759 0.0657933 0.0481344 0.0237437 0.00780143 0.0017213 0.000261036 2.86157e-05 2.64088e-06 2.62181e-07 2.87875e-08 2.73009e-09 1.45981e-10 0 
0 3.88807e-08 3.81534e-07 1.95558e-06 7.26793e-06 2.15777e-05 5.33022e-05 0.000112037 0.000203762 0.000325744 0.000465016 0.000601802 0.00071552 0.000790167 0.000817468 0.000797879 0.000740094 0.000659626 0.000576843 0.000515051 0.000499479 0.000557906 0.00072989 0.00116851 0.00268073 0.00754596 0.017621 0.0289133 0.0320589 0.0237437 0.0117264 0.00386272 0.000855846 0.000129964 1.42759e-05 1.33764e-06 1.36976e-07 1.54901e-08 1.50084e-09 8.16198e-11 0 
0 1.15242e-08 1.10013e-07 5.50744e-07 2.0124e-06 5.92673e-06 1.46766e-05 3.12598e-05 5.81426e-05 9.56264e-05 0.000140694 0.000187231 0.000227676 0.000255296 0.00026612 0.000259945 0.000240323 0.000213758 0.000188567 0.000174035 0.000180469 0.000220414 0.000312766 0.000513445 0.00106762 0.00266559 0.0059155 0.0095521 0.0105344 0.00780143 0.00386272 0.00128092 0.000286675 4.42048e-05 5.04892e-06 5.15899e-07 5.87522e-08 7.10593e-09 7.14039e-10 3.98505e-11 0 
0 3.14595e-09 2.91739e-08 1.42258e-07 5.08591e-07 1.47431e-06 3.61865e-06 7.69544e-06 1.4388e-05 2.39125e-05 3.56612e-05 4.81324e-05 5.92693e-05 6.7092e-05 7.03493e-05 6.89295e-05 6.39088e-05 5.72934e-05 5.16536e-05 4.99081e-05 5.54687e-05 7.27489e-05 0.000108197 0.000176355 0.000327993 0.000694417 0.00138851 0.00214689 0.00233162 0.0017213 0.000855846 0.000286675 6.53058e-05 1.04833e-05 1.31801e-06 1.59415e-07 2.12915e-08 2.80411e-09 2.94771e-10 1.70009e-11 0 
0 7.89069e-10 7.10463e-09 3.37025e-08 1.17603e-07 3.34167e-07 8.07981e-07 1.70147e-06 3.16582e-06 5.2584e-06 7.86193e-06 1.0658e-05 1.31901e-05 1.5003e-05 1.58009e-05 1.55574e-05 1.45365e-05 1.32362e-05 1.2308e-05 1.2519e-05 1.48009e-05 2.03546e-05 3.07338e-05 4.83968e-05 7.99391e-05 0.000140883 0.000241775 0.000343148 0.000358445 0.000261036 0.000129964 4.42048e-05 1.04833e-05 1.84799e-06 2.7881e-07 4.26067e-08 6.714e-09 9.59514e-10 1.05832e-10 6.33846e-12 0 
0 1.80821e-10 1.58101e-09 7.29448e-09 2.48204e-08 6.90023e-08 1.63861e-07 3.40274e-07 6.26807e-07 1.03444e-06 1.54133e-06 2.08729e-06 2.58499e-06 2.94643e-06 3.11439e-06 3.0853e-06 2.91511e-06 2.71009e-06 2.61289e-06 2.79713e-06 3.4755e-06 4.90697e-06 7.36611e-06 1.10841e-05 1.6376e-05 2.39629e-05 3.38563e-05 4.18759e-05 4.05525e-05 2.86157e-05 1.42759e-05 5.04892e-06 1.31801e-06 2.7881e-07 5.43343e-08 1.0405e-08 1.86439e-09 2.85395e-10 3.30355e-11 2.06102e-12 0 
0 3.74349e-11 3.18058e-10 1.42791e-09 4.73789e-09 1.288e-08 3.00046e-08 6.1329e-08 1.11574e-07 1.82438e-07 2.70119e-07 3.64428e-07 4.50671e-07 5.14093e-07 5.45256e-07 5.44072e-07 5.21109e-07 4.96386e-07 4.97396e-07 5.58203e-07 7.19673e-07 1.02696e-06 1.51598e-06 2.18462e-06 2.9696e-06 3.76106e-06 4.39596e-06 4.56467e-06 3.93412e-06 2.64088e-06 1.33764e-06 5.15899e-07 1.59415e-07 4.26067e-08 1.0405e-08 2.31703e-09 4.52606e-10 7.34197e-11 8.91483e-12 5.80353e-13 0 
0 6.85112e-12 5.66203e-11 2.47563e-10 8.01526e-10 2.1313e-09 4.8698e-09 9.79193e-09 1.75773e-08 2.84429e-08 4.17929e-08 5.61055e-08 6.92177e-08 7.89839e-08 8.40729e-08 8.45861e-08 8.22934e-08 8.05155e-08 8.38706e-08 9.80818e-08 1.29709e-07 1.85087e-07 2.67301e-07 3.70844e-07 4.76924e-07 5.55761e-07 5.77753e-07 5.2619e-07 4.08427e-07 2.62181e-07 1.36976e-07 5.87522e-08 2.12915e-08 6.714e-09 1.86439e-09 4.52606e-10 9.40897e-11 1.6079e-11 2.04635e-12 1.39085e-13 0 
0 1.06053e-12 8.53576e-12 3.63902e-11 1.1508e-10 2.99535e-10 6.71596e-10 1.32867e-09 2.35311e-09 3.76703e-09 5.49081e-09 7.33166e-09 9.02097e-09 1.0297e-08 1.10047e-08 1.1176e-08 1.10641e-08 1.1136e-08 1.20417e-08 1.45732e-08 1.95799e-08 2.77447e-08 3.91172e-08 5.24565e-08 6.48222e-08 7.21547e-08 7.11236e-08 6.12239e-08 4.54463e-08 2.87875e-08 1.54901e-08 7.10593e-09 2.80411e-09 9.59514e-10 2.85395e-10 7.34197e-11 1.6079e-11 2.88473e-12 3.84309e-13 2.72606e-14 0 
0 1.25193e-13 9.82638e-13 4.09016e-12 1.26492e-11 3.22612e-11 7.10376e-11 1.38356e-10 2.41837e-10 3.83082e-10 5.53941e-10 7.35702e-10 9.02876e-10 1.03119e-09 1.10723e-09 1.13636e-09 1.14653e-09 1.18798e-09 1.3299e-09 1.65396e-09 2.24044e-09 3.13879e-09 4.31833e-09 5.6143e-09 6.71478e-09 7.24458e-09 6.94618e-09 5.8512e-09 4.29377e-09 2.73009e-09 1.50084e-09 7.14039e-10 2.94771e-10 1.05832e-10 3.30355e-11 8.91483e-12 2.04635e-12 3.84309e-13 5.34943e-14 3.95587e-15 0 
0 8.04435e-15 6.16603e-14 2.50935e-13 7.59907e-13 1.90132e-12 4.11568e-12 7.89766e-12 1.36329e-11 2.1378e-11 3.06774e-11 4.0537e-11 4.96352e-11 5.67494e-11 6.12685e-11 6.36225e-11 6.55049e-11 6.98641e-11 8.06751e-11 1.02425e-10 1.39063e-10 1.92108e-10 2.58035e-10 3.26123e-10 3.79136e-10 3.98812e-10 3.74855e-10 3.11852e-10 2.28061e-10 1.45981e-10 8.16198e-11 3.98505e-11 1.70009e-11 6.33846e-12 2.06102e-12 5.80353e-13 1.39085e-13 2.72606e-14 3.95587e-15 3.04489e-16 0 
0 0 0 0 0 0 0 0 0 0 0 0 0 0 0 0 0 0 0 0 0 0 0 0 0 0 0 0 0 0 0 0 0 0 0 0 0 0 0 0 0 
