0 0 0 0 0 0 0 0 0 0 0 0 0 0 0 0 0 0 0 0 0 0 0 0 0 0 0 0 0 0 0 0 0 0 0 0 0 0 0 0 0 
0 2.47219e-07 2.22564e-06 1.00099e-05 3.12096e-05 7.49939e-05 0.00014715 0.000246055 0.000362888 0.00048503 0.000599686 0.000696137 0.000766664 0.000806686 0.000814563 0.00079128 0.000740068 0.000666004 0.000575562 0.000476107 0.000375284 0.000280288 0.000197042 0.00012944 7.887e-05 4.42654e-05 2.27507e-05 1.06634e-05 4.5474e-06 1.7633e-06 6.22001e-07 1.99757e-07 5.84184e-08 1.55349e-08 3.7395e-09 8.06645e-10 1.52748e-10 2.43206e-11 2.93849e-12 1.92468e-13 0 
0 2.22564e-06 2.06062e-05 9.25784e-05 0.000277647 0.000620437 0.00111094 0.00169215 0.00229678 0.00287003 0.00337252 0.00377665 0.00406379 0.00422347 0.00425304 0.00415739 0.00394794 0.00364129 0.00325763 0.00281931 0.00234996 0.00187421 0.00141758 0.00100554 0.000660439 0.000396499 0.000215156 0.000104716 4.55621e-05 1.77382e-05 6.20109e-06 1.95511e-06 5.57846e-07 1.44208e-07 3.36854e-08 7.04784e-09 1.29501e-09 2.00271e-10 2.35341e-11 1.50151e-12 0 
0 1.00099e-05 9.25784e-05 0.000395549 0.00107296 0.00211794 0.00338203 0.00472066 0.00603881 0.00726668 0.00834256 0.00921201 0.00983261 0.0101782 0.0102408 0.0100307 0.00957399 0.0089093 0.00808305 0.00714466 0.00614185 0.0051172 0.00410704 0.00314379 0.00226143 0.00149931 0.00089656 0.000474323 0.00021939 8.85337e-05 3.1359e-05 9.84501e-06 2.76482e-06 6.98618e-07 1.58931e-07 3.23366e-08 5.77726e-09 8.69327e-10 9.95162e-11 6.19421e-12 0 
0 3.12096e-05 0.000277647 0.00107296 0.0025471 0.00448186 0.00664799 0.00891506 0.0111732 0.0133027 0.0151839 0.0167112 0.017804 0.0184129 0.0185225 0.0181508 0.0173446 0.0161737 0.0147229 0.0130835 0.0113452 0.00958888 0.00788014 0.00626611 0.00477662 0.00343426 0.00227175 0.00134025 0.000684721 0.000297773 0.000110255 3.5218e-05 9.86925e-06 2.45868e-06 5.47838e-07 1.08833e-07 1.8965e-08 2.78387e-09 3.11152e-10 1.89329e-11 0 
0 7.49939e-05 0.000620437 0.00211794 0.00448186 0.00737302 0.0106102 0.0140462 0.0174984 0.0207669 0.0236593 0.0260095 0.0276916 0.0286288 0.0287973 0.0282243 0.0269825 0.0251797 0.0229475 0.0204278 0.0177611 0.0150757 0.0124796 0.0100537 0.00784833 0.00588359 0.0041613 0.00269451 0.00153383 0.000738419 0.000294871 9.83069e-05 2.79715e-05 6.94674e-06 1.52699e-06 2.97683e-07 5.07907e-08 7.29608e-09 7.98372e-10 4.76051e-11 0 
0 0.00014715 0.00111094 0.00338203 0.00664799 0.0106102 0.0151013 0.0198985 0.0247291 0.0293064 0.0333586 0.0366517 0.039009 0.0403225 0.0405584 0.0397552 0.0380146 0.0354882 0.0323606 0.0288312 0.0250979 0.0213417 0.0177165 0.0143406 0.0112936 0.00861321 0.00629787 0.00432251 0.00268197 0.00143011 0.000627257 0.000223261 6.56809e-05 1.64609e-05 3.59819e-06 6.92197e-07 1.16128e-07 1.63816e-08 1.76019e-09 1.03124e-10 0 
0 0.000246055 0.00169215 0.00472066 0.00891506 0.0140462 0.0198985 0.0261611 0.0324709 0.0384513 0.0437464 0.0480523 0.051142 0.052872 0.053184 0.052124 0.0498376 0.0465311 0.0424433 0.0378322 0.0329555 0.0280507 0.0233194 0.0189185 0.0149558 0.0114891 0.00852714 0.00603449 0.00395834 0.00229141 0.00110292 0.000424455 0.000131048 3.35264e-05 7.34523e-06 1.40213e-06 2.32287e-07 3.22922e-08 3.41763e-09 1.97271e-10 0 
0 0.000362888 0.00229678 0.00603881 0.0111732 0.0174984 0.0247291 0.0324709 0.0402725 0.0476681 0.0542284 0.0596283 0.0636379 0.0659848 0.0664204 0.0649625 0.0619251 0.0577083 0.0526135 0.0469059 0.0408763 0.0348131 0.0289657 0.0235292 0.0186385 0.0143691 0.0107402 0.00771792 0.00522776 0.0032036 0.00166711 0.00069379 0.000226672 5.97162e-05 1.32012e-05 2.51306e-06 4.12761e-07 5.67406e-08 5.93265e-09 3.383e-10 0 
0 0.00048503 0.00287003 0.00726668 0.0133027 0.0207669 0.0293064 0.0384513 0.0476681 0.0564225 0.0643192 0.0711656 0.0764293 0.0793933 0.0799341 0.0781489 0.0741966 0.0686708 0.0623432 0.0555202 0.0483877 0.0412255 0.0343196 0.0279002 0.0221278 0.0170934 0.012824 0.00928882 0.00640535 0.00407054 0.0022458 0.00100108 0.000346293 9.43726e-05 2.11491e-05 4.03097e-06 6.58644e-07 8.9806e-08 9.30272e-09 5.25417e-10 0 
0 0.000599686 0.00337252 0.00834256 0.0151839 0.0236593 0.0333586 0.0437464 0.0542284 0.0643192 0.0738409 0.0819017 0.0870369 0.0895332 0.0899878 0.0885596 0.085026 0.0790513 0.0713378 0.0632325 0.0550501 0.0469068 0.0390627 0.0317724 0.0252182 0.0195046 0.0146647 0.0106687 0.00743122 0.00482906 0.00277485 0.00130623 0.000475589 0.000134063 3.05205e-05 5.83945e-06 9.51757e-07 1.29059e-07 1.32786e-08 7.44627e-10 0 
0 0.000696137 0.00377665 0.00921201 0.0167112 0.0260095 0.0366517 0.0480523 0.0596283 0.0711656 0.0819017 0.0892853 0.0934132 0.0954242 0.0958082 0.0946787 0.0918708 0.086873 0.0790909 0.0697536 0.0605112 0.0515313 0.0429218 0.034923 0.0277326 0.021466 0.0161605 0.011787 0.00825752 0.00543848 0.00320967 0.00157219 0.000596511 0.000173215 4.00398e-05 7.69926e-06 1.25413e-06 1.69497e-07 1.73607e-08 9.68749e-10 0 
0 0.000766664 0.00406379 0.00983261 0.017804 0.0276916 0.039009 0.051142 0.0636379 0.0764293 0.0870369 0.0934132 0.0970056 0.09879 0.0991421 0.0981528 0.0957003 0.0913863 0.0844052 0.0746959 0.0645106 0.0548553 0.0456899 0.037183 0.0295366 0.0228733 0.0172337 0.0125885 0.00884781 0.00587266 0.0035232 0.00177171 0.000692275 0.00020564 4.81367e-05 9.30174e-06 1.51602e-06 2.04574e-07 2.09007e-08 1.16294e-09 0 
0 0.000806686 0.00422347 0.0101782 0.0184129 0.0286288 0.0403225 0.052872 0.0659848 0.0793933 0.0895332 0.0954242 0.09879 0.100479 0.100818 0.0998892 0.0975888 0.0935729 0.0870877 0.0775269 0.0668138 0.056724 0.0472405 0.0384496 0.0305483 0.0236632 0.0178366 0.0130391 0.00917991 0.00611732 0.00370186 0.00188885 0.000750866 0.000226214 5.34008e-05 1.03588e-05 1.69035e-06 2.28073e-07 2.3285e-08 1.2944e-09 0 
0 0.000814563 0.00425304 0.0102408 0.0185225 0.0287973 0.0405584 0.053184 0.0664204 0.0799341 0.0899878 0.0958082 0.0991421 0.100818 0.101156 0.100237 0.0979592 0.0939882 0.0875819 0.0780613 0.0672524 0.0570761 0.0475334 0.0386904 0.0307422 0.023816 0.0179548 0.013129 0.00924795 0.0061697 0.00374273 0.0019179 0.000766592 0.000232113 5.49917e-05 1.06926e-05 1.74759e-06 2.3608e-07 2.41279e-08 1.34263e-09 0 
0 0.00079128 0.00415739 0.0100307 0.0181508 0.0282243 0.0397552 0.052124 0.0649625 0.0781489 0.0885596 0.0946787 0.0981528 0.0998892 0.100237 0.0992814 0.0969125 0.092763 0.0860489 0.0763698 0.0658615 0.0559608 0.0466131 0.0379421 0.0301477 0.023355 0.0176062 0.0128719 0.00906269 0.00603827 0.00365202 0.00186211 0.000740253 0.000223335 5.28609e-05 1.02884e-05 1.68503e-06 2.28237e-07 2.3396e-08 1.30607e-09 0 
0 0.000740068 0.00394794 0.00957399 0.0173446 0.0269825 0.0380146 0.0498376 0.0619251 0.0741966 0.085026 0.0918708 0.0957003 0.0975888 0.0979592 0.0969125 0.0943109 0.0897103 0.0823318 0.0726754 0.0628935 0.0535317 0.0445989 0.0363021 0.0288429 0.0223415 0.0168378 0.0123032 0.00864999 0.00574195 0.00344423 0.00173255 0.000678511 0.000202534 4.77293e-05 9.29373e-06 1.52701e-06 2.07798e-07 2.14169e-08 1.20264e-09 0 
0 0.000666004 0.00364129 0.0089093 0.0161737 0.0251797 0.0354882 0.0465311 0.0577083 0.0686708 0.0790513 0.086873 0.0913863 0.0935729 0.0939882 0.092763 0.0897103 0.0843104 0.076401 0.0675135 0.0586863 0.0500094 0.0416683 0.0339153 0.0269441 0.0208666 0.0157198 0.0114755 0.00804831 0.00530898 0.00314187 0.00154758 0.000592823 0.000174337 4.08635e-05 7.96977e-06 1.31688e-06 1.80595e-07 1.87785e-08 1.06447e-09 0 
0 0.000575562 0.00325763 0.00808305 0.0147229 0.0229475 0.0323606 0.0424433 0.0526135 0.0623432 0.0713378 0.0790909 0.0844052 0.0870877 0.0875819 0.0860489 0.0823318 0.076401 0.0691405 0.0614472 0.0535481 0.0456506 0.0380372 0.0309589 0.0245933 0.0190422 0.0143383 0.0104536 0.00730589 0.00477636 0.00277626 0.00133256 0.000497998 0.000144368 3.37532e-05 6.62024e-06 1.10505e-06 1.53435e-07 1.61699e-08 9.29281e-10 0 
0 0.000476107 0.00281931 0.00714466 0.0130835 0.0204278 0.0288312 0.0378322 0.0469059 0.0555202 0.0632325 0.0697536 0.0746959 0.0775269 0.0780613 0.0763698 0.0726754 0.0675135 0.0614472 0.0547799 0.0477737 0.0407318 0.0339399 0.0276249 0.0219449 0.0169901 0.012788 0.00931026 0.0064791 0.00419138 0.00238961 0.00111941 0.000410464 0.000118256 2.78084e-05 5.5265e-06 9.37978e-07 1.32585e-07 1.42237e-08 8.31521e-10 0 
0 0.000375284 0.00234996 0.00614185 0.0113452 0.0177611 0.0250979 0.0329555 0.0408763 0.0483877 0.0550501 0.0605112 0.0645106 0.0668138 0.0672524 0.0658615 0.0628935 0.0586863 0.0535481 0.0477737 0.0416693 0.0355298 0.0296086 0.0241039 0.0191527 0.0148326 0.0111655 0.00812284 0.00563422 0.00361663 0.002038 0.000945303 0.000346432 0.000100901 2.41714e-05 4.90798e-06 8.50992e-07 1.22692e-07 1.33956e-08 7.9506e-10 0 
0 0.000280288 0.00187421 0.0051172 0.00958888 0.0150757 0.0213417 0.0280507 0.0348131 0.0412255 0.0469068 0.0515313 0.0548553 0.056724 0.0570761 0.0559608 0.0535317 0.0500094 0.0456506 0.0407318 0.0355298 0.0302992 0.0252568 0.0205711 0.0163589 0.0126857 0.00956867 0.00698047 0.0048597 0.00313878 0.00179064 0.000848589 0.000320088 9.61018e-05 2.36481e-05 4.90563e-06 8.64407e-07 1.26083e-07 1.38759e-08 8.27665e-10 0 
0 0.000197042 0.00141758 0.00410704 0.00788014 0.0124796 0.0177165 0.0233194 0.0289657 0.0343196 0.0390627 0.0429218 0.0456899 0.0472405 0.0475334 0.0466131 0.0445989 0.0416683 0.0380372 0.0339399 0.0296086 0.0252568 0.0210655 0.0171767 0.0136912 0.0106726 0.00814193 0.00606022 0.00433771 0.00289779 0.00172576 0.000861748 0.000341748 0.000106314 2.6654e-05 5.56397e-06 9.7922e-07 1.42055e-07 1.55123e-08 9.16903e-10 0 
0 0.00012944 0.00100554 0.00314379 0.00626611 0.0100537 0.0143406 0.0189185 0.0235292 0.0279002 0.0317724 0.034923 0.037183 0.0384496 0.0386904 0.0379421 0.0363021 0.0339153 0.0309589 0.0276249 0.0241039 0.0205711 0.0171767 0.0140446 0.0112909 0.00904579 0.00738246 0.00612004 0.00485454 0.00341553 0.00205408 0.00103778 0.000421323 0.000132715 3.30689e-05 6.78565e-06 1.16937e-06 1.6601e-07 1.77528e-08 1.02885e-09 0 
0 7.887e-05 0.000660439 0.00226143 0.00477662 0.00784833 0.0112936 0.0149558 0.0186385 0.0221278 0.0252182 0.0277326 0.0295366 0.0305483 0.0307422 0.0301477 0.0288429 0.0269441 0.0245933 0.0219449 0.0191527 0.0163589 0.0136912 0.0112909 0.00942782 0.00862567 0.00926568 0.0104437 0.0100497 0.00732857 0.00397398 0.00169661 0.000608483 0.000178976 4.22804e-05 8.28524e-06 1.37509e-06 1.89183e-07 1.96861e-08 1.1137e-09 0 
0 4.42654e-05 0.000396499 0.00149931 0.00343426 0.00588359 0.00861321 0.0114891 0.0143691 0.0170934 0.0195046 0.021466 0.0228733 0.0236632 0.023816 0.023355 0.0223415 0.0208666 0.0190422 0.0169901 0.0148326 0.0126857 0.0106726 0.00904579 0.00862567 0.0113166 0.0186034 0.027581 0.0314579 0.0213832 0.0108233 0.00387564 0.00108314 0.000260604 5.37908e-05 9.63061e-06 1.51173e-06 2.00547e-07 2.0296e-08 1.12171e-09 0 
0 2.27507e-05 0.000215156 0.00089656 0.00227175 0.0041613 0.00629787 0.00852714 0.0107402 0.012824 0.0146647 0.0161605 0.0172337 0.0178366 0.0179548 0.0176062 0.0168378 0.0157198 0.0143383 0.012788 0.0111655 0.00956867 0.00814193 0.00738246 0.00926568 0.0186034 0.0397877 0.0729286 0.0790631 0.0571481 0.0251854 0.00847568 0.00203205 0.000392291 6.65148e-05 1.0346e-05 1.50204e-06 1.91561e-07 1.89186e-08 1.026e-09 0 
0 1.06634e-05 0.000104716 0.000474323 0.00134025 0.00269451 0.00432251 0.00603449 0.00771792 0.00928882 0.0106687 0.011787 0.0125885 0.0130391 0.013129 0.0128719 0.0123032 0.0114755 0.0104536 0.00931026 0.00812284 0.00698047 0.00606022 0.00612004 0.0104437 0.027581 0.0729286 0.0876208 0.08948 0.0832763 0.047999 0.0136558 0.00309322 0.000523914 7.46927e-05 9.93596e-06 1.31541e-06 1.61348e-07 1.56503e-08 8.38667e-10 0 
0 4.5474e-06 4.55621e-05 0.00021939 0.000684721 0.00153383 0.00268197 0.00395834 0.00522776 0.00640535 0.00743122 0.00825752 0.00884781 0.00917991 0.00924795 0.00906269 0.00864999 0.00804831 0.00730589 0.0064791 0.00563422 0.0048597 0.00433771 0.00485454 0.0100497 0.0314579 0.0790631 0.08948 0.0908657 0.0857746 0.0574379 0.0150562 0.00334827 0.000536022 6.87461e-05 8.10093e-06 9.90517e-07 1.17989e-07 1.13499e-08 6.06238e-10 0 
0 1.7633e-06 1.77382e-05 8.85337e-05 0.000297773 0.000738419 0.00143011 0.00229141 0.0032036 0.00407054 0.00482906 0.00543848 0.00587266 0.00611732 0.0061697 0.00603827 0.00574195 0.00530898 0.00477636 0.00419138 0.00361663 0.00313878 0.00289779 0.00341553 0.00732857 0.0213832 0.0571481 0.0832763 0.0857746 0.0770311 0.0351542 0.0111498 0.00247398 0.000390051 4.78178e-05 5.31362e-06 6.26428e-07 7.41089e-08 7.16255e-09 3.85044e-10 0 
0 6.22001e-07 6.20109e-06 3.1359e-05 0.000110255 0.000294871 0.000627257 0.00110292 0.00166711 0.0022458 0.00277485 0.00320967 0.0035232 0.00370186 0.00374273 0.00365202 0.00344423 0.00314187 0.00277626 0.00238961 0.002038 0.00179064 0.00172576 0.00205408 0.00397398 0.0108233 0.0251854 0.047999 0.0574379 0.0351542 0.0167532 0.0055261 0.00123752 0.000197001 2.42089e-05 2.72095e-06 3.28493e-07 3.97871e-08 3.91997e-09 2.14162e-10 0 
0 1.99757e-07 1.95511e-06 9.84501e-06 3.5218e-05 9.83069e-05 0.000223261 0.000424455 0.00069379 0.00100108 0.00130623 0.00157219 0.00177171 0.00188885 0.0019179 0.00186211 0.00173255 0.00154758 0.00133256 0.00111941 0.000945303 0.000848589 0.000861748 0.00103778 0.00169661 0.00387564 0.00847568 0.0136558 0.0150562 0.0111498 0.0055261 0.00184252 0.00042209 6.92637e-05 8.9509e-06 1.09509e-06 1.4356e-07 1.82899e-08 1.86033e-09 1.04196e-10 0 
0 5.84184e-08 5.57846e-07 2.76482e-06 9.86925e-06 2.79715e-05 6.56809e-05 0.000131048 0.000226672 0.000346293 0.000475589 0.000596511 0.000692275 0.000750866 0.000766592 0.000740253 0.000678511 0.000592823 0.000497998 0.000410464 0.000346432 0.000320088 0.000341748 0.000421323 0.000608483 0.00108314 0.00203205 0.00309322 0.00334827 0.00247398 0.00123752 0.00042209 0.000100274 1.74809e-05 2.53037e-06 3.61032e-07 5.32888e-08 7.24239e-09 7.66929e-10 4.43465e-11 0 
0 1.55349e-08 1.44208e-07 6.98618e-07 2.45868e-06 6.94674e-06 1.64609e-05 3.35264e-05 5.97162e-05 9.43726e-05 0.000134063 0.000173215 0.00020564 0.000226214 0.000232113 0.000223335 0.000202534 0.000174337 0.000144368 0.000118256 0.000100901 9.61018e-05 0.000106314 0.000132715 0.000178976 0.000260604 0.000392291 0.000523914 0.000536022 0.000390051 0.000197001 6.92637e-05 1.74809e-05 3.42758e-06 5.97471e-07 1.02982e-07 1.71287e-08 2.48473e-09 2.75118e-10 1.65074e-11 0 
0 3.7395e-09 3.36854e-08 1.58931e-07 5.47838e-07 1.52699e-06 3.59819e-06 7.34523e-06 1.32012e-05 2.11491e-05 3.05205e-05 4.00398e-05 4.81367e-05 5.34008e-05 5.49917e-05 5.28609e-05 4.77293e-05 4.08635e-05 3.37532e-05 2.78084e-05 2.41714e-05 2.36481e-05 2.6654e-05 3.30689e-05 4.22804e-05 5.37908e-05 6.65148e-05 7.46927e-05 6.87461e-05 4.78178e-05 2.42089e-05 8.9509e-06 2.53037e-06 5.97471e-07 1.29199e-07 2.62622e-08 4.80659e-09 7.40029e-10 8.58311e-11 5.36188e-12 0 
0 8.06645e-10 7.04784e-09 3.23366e-08 1.08833e-07 2.97683e-07 6.92197e-07 1.40213e-06 2.51306e-06 4.03097e-06 5.83945e-06 7.69926e-06 9.30174e-06 1.03588e-05 1.06926e-05 1.02884e-05 9.29373e-06 7.96977e-06 6.62024e-06 5.5265e-06 4.90798e-06 4.90563e-06 5.56397e-06 6.78565e-06 8.28524e-06 9.63061e-06 1.0346e-05 9.93596e-06 8.10093e-06 5.31362e-06 2.72095e-06 1.09509e-06 3.61032e-07 1.02982e-07 2.62622e-08 5.96152e-09 1.17184e-09 1.90481e-10 2.31547e-11 1.50883e-12 0 
0 1.52748e-10 1.29501e-09 5.77726e-09 1.8965e-08 5.07907e-08 1.16128e-07 2.32287e-07 4.12761e-07 6.58644e-07 9.51757e-07 1.25413e-06 1.51602e-06 1.69035e-06 1.74759e-06 1.68503e-06 1.52701e-06 1.31688e-06 1.10505e-06 9.37978e-07 8.50992e-07 8.64407e-07 9.7922e-07 1.16937e-06 1.37509e-06 1.51173e-06 1.50204e-06 1.31541e-06 9.90517e-07 6.26428e-07 3.28493e-07 1.4356e-07 5.32888e-08 1.71287e-08 4.80659e-09 1.17184e-09 2.43987e-10 4.17287e-11 5.31445e-12 3.61468e-13 0 
0 2.43206e-11 2.00271e-10 8.69327e-10 2.78387e-09 7.29608e-09 1.63816e-08 3.22922e-08 5.67406e-08 8.9806e-08 1.29059e-07 1.69497e-07 2.04574e-07 2.28073e-07 2.3608e-07 2.28237e-07 2.07798e-07 1.80595e-07 1.53435e-07 1.32585e-07 1.22692e-07 1.26083e-07 1.42055e-07 1.6601e-07 1.89183e-07 2.00547e-07 1.91561e-07 1.61348e-07 1.17989e-07 7.41089e-08 3.97871e-08 1.82899e-08 7.24239e-09 2.48473e-09 7.40029e-10 1.90481e-10 4.17287e-11 7.48906e-12 9.98129e-13 7.0837e-14 0 
0 2.93849e-12 2.35341e-11 9.95162e-11 3.11152e-10 7.98372e-10 1.76019e-09 3.41763e-09 5.93265e-09 9.30272e-09 1.32786e-08 1.73607e-08 2.09007e-08 2.3285e-08 2.41279e-08 2.3396e-08 2.14169e-08 1.87785e-08 1.61699e-08 1.42237e-08 1.33956e-08 1.38759e-08 1.55123e-08 1.77528e-08 1.96861e-08 2.0296e-08 1.89186e-08 1.56503e-08 1.13499e-08 7.16255e-09 3.91997e-09 1.86033e-09 7.66929e-10 2.75118e-10 8.58311e-11 2.31547e-11 5.31445e-12 9.98129e-13 1.38964e-13 1.02796e-14 0 
0 1.92468e-13 1.50151e-12 6.19421e-12 1.89329e-11 4.76051e-11 1.03124e-10 1.97271e-10 3.383e-10 5.25417e-10 7.44627e-10 9.68749e-10 1.16294e-09 1.2944e-09 1.34263e-09 1.30607e-09 1.20264e-09 1.06447e-09 9.29281e-10 8.31521e-10 7.9506e-10 8.27665e-10 9.16903e-10 1.02885e-09 1.1137e-09 1.12171e-09 1.026e-09 8.38667e-10 6.06238e-10 3.85044e-10 2.14162e-10 1.04196e-10 4.43465e-11 1.65074e-11 5.36188e-12 1.50883e-12 3.61468e-13 7.0837e-14 1.02796e-14 7.91359e-16 0 
0 0 0 0 0 0 0 0 0 0 0 0 0 0 0 0 0 0 0 0 0 0 0 0 0 0 0 0 0 0 0 0 0 0 0 0 0 0 0 0 0 
