0 0 0 0 0 0 0 0 0 0 0 0 0 0 0 0 0 0 0 0 0 0 0 0 0 0 0 0 0 0 0 0 0 0 0 0 0 0 0 0 0 
0 2.97701e-07 2.67e-06 1.19201e-05 3.67601e-05 8.71543e-05 0.000168607 0.000278196 0.000405577 0.000537022 0.000659188 0.000761211 0.000835423 0.000877363 0.000885516 0.000860971 0.000807046 0.000728897 0.000633092 0.000527135 0.000418902 0.00031594 0.000224655 0.000149501 9.23958e-05 5.26439e-05 2.7477e-05 1.30754e-05 5.65681e-06 2.22264e-06 7.93324e-07 2.57411e-07 7.5946e-08 2.03472e-08 4.92851e-09 1.06863e-09 2.03218e-10 3.24688e-11 3.93407e-12 2.5827e-13 0 
0 2.67e-06 2.45721e-05 0.000109048 0.000321172 0.000702888 0.00123393 0.00184913 0.00247943 0.0030717 0.00358842 0.00400301 0.00429719 0.00446052 0.00449045 0.00439202 0.00417695 0.00386221 0.00346829 0.00301761 0.00253354 0.00204007 0.00156207 0.00112491 0.000752143 0.000460657 0.000255291 0.000126872 5.62894e-05 2.2296e-05 7.9095e-06 2.52408e-06 7.27291e-07 1.89501e-07 4.45455e-08 9.36698e-09 1.72801e-09 2.68081e-10 3.15814e-11 2.01894e-12 0 
0 1.19201e-05 0.000109048 0.000456384 0.00120524 0.00231975 0.0036355 0.00501352 0.00636649 0.00762696 0.00873216 0.00962573 0.0102636 0.0106186 0.0106825 0.0104657 0.00999551 0.00931169 0.00846239 0.00749881 0.00647032 0.00542059 0.00438577 0.0033963 0.00248254 0.00168061 0.00103052 0.000560368 0.000266313 0.000110113 3.97952e-05 1.26919e-05 3.60724e-06 9.19725e-07 2.10653e-07 4.30796e-08 7.72644e-09 1.16605e-09 1.33784e-10 8.34154e-12 0 
0 3.67601e-05 0.000321172 0.00120524 0.00277646 0.00478353 0.0070115 0.00934289 0.0116676 0.0138612 0.0157993 0.0173728 0.0184983 0.019125 0.0192373 0.0188535 0.0180221 0.0168152 0.0153202 0.0136317 0.0118423 0.0100361 0.00828138 0.00662716 0.00510257 0.00372531 0.00251939 0.00152984 0.000807806 0.000362956 0.000138227 4.51266e-05 1.28475e-05 3.23647e-06 7.26799e-07 1.45185e-07 2.53998e-08 3.7391e-09 4.18788e-10 2.55218e-11 0 
0 8.71543e-05 0.000702888 0.00231975 0.00478353 0.00776194 0.0110962 0.0146385 0.0181983 0.0215685 0.0245502 0.0269724 0.0287055 0.0296706 0.0298431 0.0292515 0.0279707 0.026112 0.0238108 0.0212137 0.0184657 0.0156992 0.0130261 0.0105309 0.00826696 0.00625489 0.00449176 0.00297795 0.00175109 0.000875458 0.00036259 0.000124538 3.62049e-05 9.12283e-06 2.02461e-06 3.97207e-07 6.80617e-08 9.80565e-09 1.07516e-09 6.42022e-11 0 
0 0.000168607 0.00123393 0.0036355 0.0070115 0.0110962 0.0157294 0.0206787 0.0256613 0.0303815 0.0345589 0.0379528 0.0403815 0.041734 0.0419758 0.0411464 0.0393512 0.0367465 0.0335224 0.0298845 0.0260365 0.0221654 0.0184297 0.0149524 0.0118164 0.00906269 0.00669056 0.00466893 0.00297532 0.00164633 0.000752869 0.000278297 8.4238e-05 2.15179e-05 4.76077e-06 9.2283e-07 1.55572e-07 2.20149e-08 2.37043e-09 1.39074e-10 0 
0 0.000278196 0.00184913 0.00501352 0.00934289 0.0146385 0.0206787 0.0271404 0.0336484 0.0398147 0.0452731 0.0497145 0.052913 0.0547168 0.0550425 0.0539303 0.0515525 0.0481347 0.0439195 0.0391668 0.0341408 0.0290857 0.0242095 0.0196744 0.0155921 0.0120238 0.00898091 0.00642786 0.00430174 0.00257134 0.00129113 0.00051908 0.000166078 4.35388e-05 9.68521e-06 1.86594e-06 3.1087e-07 4.33683e-08 4.60014e-09 2.6592e-10 0 
0 0.000405577 0.00247943 0.00636649 0.0116676 0.0181983 0.0256613 0.0336484 0.041694 0.0493194 0.0561011 0.0617829 0.0661923 0.068869 0.069372 0.0676953 0.0642718 0.0597259 0.0544126 0.0485204 0.0423062 0.0360577 0.0300317 0.0244289 0.0193891 0.0149912 0.011257 0.00815462 0.00560598 0.0035264 0.00190879 0.000832074 0.000283422 7.69365e-05 1.733e-05 3.33592e-06 5.51523e-07 7.61164e-08 7.97809e-09 4.55657e-10 0 
0 0.000537022 0.0030717 0.00762696 0.0138612 0.0215685 0.0303815 0.0398147 0.0493194 0.0583725 0.0667487 0.0744228 0.080165 0.0831553 0.083691 0.0819446 0.0777874 0.071558 0.0645707 0.0574128 0.050047 0.0426661 0.0355498 0.0289345 0.0229858 0.0177984 0.0134019 0.0097672 0.00681184 0.00442121 0.00252638 0.00117954 0.000427182 0.000120558 2.76266e-05 5.33497e-06 8.78342e-07 1.20297e-07 1.2495e-08 7.06924e-10 0 
0 0.000659188 0.00358842 0.00873216 0.0157993 0.0245502 0.0345589 0.0452731 0.0561011 0.0667487 0.0773266 0.0855327 0.0901032 0.0922652 0.0926703 0.0914566 0.088388 0.0827681 0.0744024 0.0654846 0.0569223 0.0485187 0.0404362 0.0329241 0.0261701 0.0202824 0.0152967 0.0111848 0.00786194 0.0051987 0.0030812 0.00151677 0.000579545 0.000169862 3.96694e-05 7.70444e-06 1.26651e-06 1.72592e-07 1.78103e-08 1.0006e-09 0 
0 0.000761211 0.00400301 0.00962573 0.0173728 0.0269724 0.0379528 0.0497145 0.0617829 0.0744228 0.0855327 0.0920238 0.0955825 0.0973324 0.0976787 0.096714 0.0943002 0.0899771 0.0827107 0.0725959 0.0626124 0.0532844 0.0444097 0.0361683 0.0287593 0.022302 0.0168361 0.0123336 0.00870781 0.0058213 0.00353204 0.0018055 0.000719616 0.000217898 5.18043e-05 1.01279e-05 1.66529e-06 2.26279e-07 2.32502e-08 1.29995e-09 0 
0 0.000835423 0.00429719 0.0102636 0.0184983 0.0287055 0.0403815 0.052913 0.0661923 0.080165 0.0901032 0.0955825 0.0986993 0.100266 0.100586 0.0997352 0.0976129 0.0938844 0.087741 0.078036 0.0668845 0.0567185 0.0472577 0.0384935 0.0306153 0.0237497 0.0179395 0.0131564 0.00931166 0.00626379 0.00385458 0.00201918 0.00082896 0.000257233 6.20429e-05 1.22035e-05 2.00894e-06 2.72633e-07 2.79469e-08 1.55816e-09 0 
0 0.000877363 0.00446052 0.0106186 0.019125 0.0296706 0.041734 0.0547168 0.068869 0.0831553 0.0922652 0.0973324 0.100266 0.101755 0.102065 0.101263 0.0992644 0.0957836 0.0901352 0.0810137 0.0694065 0.0586569 0.0488506 0.0397939 0.0316539 0.0245602 0.0185577 0.0136177 0.00965026 0.00651196 0.00403682 0.00214303 0.000894934 0.000281886 6.86308e-05 1.35601e-05 2.23571e-06 3.03418e-07 3.10819e-08 1.73132e-09 0 
0 0.000885516 0.00449045 0.0106825 0.0192373 0.0298431 0.0419758 0.0550425 0.069372 0.083691 0.0926703 0.0976787 0.100586 0.102065 0.102374 0.10158 0.0995994 0.0961551 0.0905807 0.0815628 0.069887 0.0590181 0.0491465 0.0400366 0.0318489 0.0247136 0.0186758 0.0137071 0.00971729 0.00656294 0.00407659 0.0021723 0.000911842 0.000288653 7.05403e-05 1.39712e-05 2.30713e-06 3.13469e-07 3.21422e-08 1.79199e-09 0 
0 0.000860971 0.00439202 0.0104657 0.0188535 0.0292515 0.0411464 0.0539303 0.0676953 0.0819446 0.0914566 0.096714 0.0997352 0.101263 0.10158 0.100756 0.0987001 0.0951068 0.0892372 0.0798144 0.0683423 0.0578476 0.0481914 0.0392596 0.0312308 0.0242337 0.0183123 0.0134386 0.00952355 0.00642521 0.00398034 0.0021107 0.000880801 0.000277603 6.77236e-05 1.34193e-05 2.21978e-06 3.02312e-07 3.10818e-08 1.73788e-09 0 
0 0.000807046 0.00417695 0.00999551 0.0180221 0.0279707 0.0393512 0.0515525 0.0642718 0.0777874 0.088388 0.0943002 0.0976129 0.0992644 0.0995994 0.0987001 0.0964526 0.0924732 0.0858477 0.0758042 0.0651091 0.0553205 0.0461089 0.0375632 0.0298801 0.0231834 0.0175154 0.0128484 0.00909535 0.00611775 0.00376231 0.00196935 0.000809021 0.000251853 6.10761e-05 1.20935e-05 2.00528e-06 2.742e-07 2.83286e-08 1.59236e-09 0 
0 0.000728897 0.00386221 0.00931169 0.0168152 0.026112 0.0367465 0.0481347 0.0597259 0.071558 0.0827681 0.0899771 0.0938844 0.0957836 0.0961551 0.0951068 0.0924732 0.0877102 0.0798624 0.0700552 0.0606563 0.0516761 0.0430825 0.0350969 0.0279163 0.0216567 0.0163569 0.0119901 0.0084717 0.0056686 0.00344428 0.00176642 0.000708806 0.000216807 5.21635e-05 1.03266e-05 1.71967e-06 2.36716e-07 2.46488e-08 1.39728e-09 0 
0 0.000633092 0.00346829 0.00846239 0.0153202 0.0238108 0.0335224 0.0439195 0.0544126 0.0645707 0.0744024 0.0827107 0.087741 0.0901352 0.0905807 0.0892372 0.0858477 0.0798624 0.0718207 0.0635307 0.0553199 0.0471772 0.0393343 0.0320428 0.0254855 0.0197679 0.0149249 0.0109298 0.00770106 0.00511389 0.00305616 0.00152721 0.000596288 0.000179089 4.28282e-05 8.50404e-06 1.42776e-06 1.98652e-07 2.09333e-08 1.20141e-09 0 
0 0.000527135 0.00301761 0.00749881 0.0136317 0.0212137 0.0298845 0.0391668 0.0485204 0.0574128 0.0654846 0.0725959 0.078036 0.0810137 0.0815628 0.0798144 0.0758042 0.0700552 0.0635307 0.0565891 0.04936 0.0421035 0.0351052 0.0285983 0.022746 0.0176418 0.0133157 0.00974071 0.00683898 0.00449874 0.00263845 0.00128443 0.000489802 0.000145402 3.48136e-05 6.98016e-06 1.18849e-06 1.67992e-07 1.799e-08 1.04882e-09 0 
0 0.000418902 0.00253354 0.00647032 0.0118423 0.0184657 0.0260365 0.0341408 0.0423062 0.050047 0.0569223 0.0626124 0.0668845 0.0694065 0.069887 0.0683423 0.0651091 0.0606563 0.0553199 0.04936 0.0430668 0.0367379 0.0306341 0.0249593 0.0198554 0.0154033 0.011627 0.00849962 0.00594917 0.0038824 0.00224632 0.00107766 0.000407935 0.000121619 2.95147e-05 6.02514e-06 1.0456e-06 1.50519e-07 1.63897e-08 9.6968e-10 0 
0 0.00031594 0.00204007 0.00542059 0.0100361 0.0156992 0.0221654 0.0290857 0.0360577 0.0426661 0.0485187 0.0532844 0.0567185 0.0586569 0.0590181 0.0578476 0.0553205 0.0516761 0.0471772 0.0421035 0.0367379 0.0313425 0.0261405 0.021306 0.0169596 0.0131702 0.009957 0.00729364 0.00511648 0.00334959 0.00195158 0.000949551 0.000367213 0.000112214 2.7876e-05 5.80367e-06 1.02295e-06 1.49007e-07 1.63654e-08 9.73988e-10 0 
0 0.000224655 0.00156207 0.00438577 0.00828138 0.0130261 0.0184297 0.0242095 0.0300317 0.0355498 0.0404362 0.0444097 0.0472577 0.0488506 0.0491465 0.0481914 0.0461089 0.0430825 0.0393343 0.0351052 0.0306341 0.0261405 0.0218113 0.0177927 0.0141893 0.0110678 0.00845149 0.0063019 0.00452761 0.00304801 0.00184049 0.000937193 0.000379328 0.000119867 3.03295e-05 6.35823e-06 1.12056e-06 1.62557e-07 1.77402e-08 1.04774e-09 0 
0 0.000149501 0.00112491 0.0033963 0.00662716 0.0105309 0.0149524 0.0196744 0.0244289 0.0289345 0.0329241 0.0361683 0.0384935 0.0397939 0.0400366 0.0392596 0.0375632 0.0350969 0.0320428 0.0285983 0.0249593 0.021306 0.0177927 0.0145472 0.0116896 0.00935619 0.00762544 0.00631455 0.00500878 0.00353171 0.00213842 0.00109593 0.000453677 0.000145428 3.66537e-05 7.56685e-06 1.30761e-06 1.85851e-07 1.98834e-08 1.15252e-09 0 
0 9.23958e-05 0.000752143 0.00248254 0.00510257 0.00826696 0.0118164 0.0155921 0.0193891 0.0229858 0.0261701 0.0287593 0.0306153 0.0316539 0.0318489 0.0312308 0.0298801 0.0279163 0.0254855 0.022746 0.0198554 0.0169596 0.0141893 0.0116896 0.00974044 0.00888608 0.00952333 0.0107224 0.0103147 0.00752328 0.00408472 0.0017537 0.000638764 0.000191792 4.60308e-05 9.10004e-06 1.51659e-06 2.09042e-07 2.17737e-08 1.23254e-09 0 
0 5.26439e-05 0.000460657 0.00168061 0.00372531 0.00625489 0.00906269 0.0120238 0.0149912 0.0177984 0.0202824 0.022302 0.0237497 0.0245602 0.0247136 0.0242337 0.0231834 0.0216567 0.0197679 0.0176418 0.0154033 0.0131702 0.0110678 0.00935619 0.00888608 0.0116224 0.0190856 0.0289821 0.0340191 0.0219399 0.0111022 0.0039789 0.00111868 0.000273993 5.77195e-05 1.04706e-05 1.65367e-06 2.19933e-07 2.22846e-08 1.23254e-09 0 
0 2.7477e-05 0.000255291 0.00103052 0.00251939 0.00449176 0.00669056 0.00898091 0.011257 0.0134019 0.0152967 0.0168361 0.0179395 0.0185577 0.0186758 0.0183123 0.0175154 0.0163569 0.0149249 0.0133157 0.011627 0.009957 0.00845149 0.00762544 0.00952333 0.0190856 0.0418157 0.0755325 0.0799437 0.0609337 0.025837 0.00869351 0.00208745 0.000407138 7.04624e-05 1.11552e-05 1.63422e-06 2.09137e-07 2.06826e-08 1.12253e-09 0 
0 1.30754e-05 0.000126872 0.000560368 0.00152984 0.00297795 0.00466893 0.00642786 0.00815462 0.0097672 0.0111848 0.0123336 0.0131564 0.0136177 0.0137071 0.0134386 0.0128484 0.0119901 0.0109298 0.00974071 0.00849962 0.00729364 0.0063019 0.00631455 0.0107224 0.0289821 0.0755325 0.0873555 0.0888698 0.0832131 0.0513978 0.0140051 0.00317391 0.000540541 7.83864e-05 1.06372e-05 1.42549e-06 1.75656e-07 1.70644e-08 9.15133e-10 0 
0 5.65681e-06 5.62894e-05 0.000266313 0.000807806 0.00175109 0.00297532 0.00430174 0.00560598 0.00681184 0.00786194 0.00870781 0.00931166 0.00965026 0.00971729 0.00952355 0.00909535 0.0084717 0.00770106 0.00683898 0.00594917 0.00511648 0.00452761 0.00500878 0.0103147 0.0340191 0.0799437 0.0888698 0.0900682 0.0855171 0.061228 0.0154526 0.00343487 0.000551988 7.17899e-05 8.62976e-06 1.0704e-06 1.28222e-07 1.2355e-08 6.6039e-10 0 
0 2.22264e-06 2.2296e-05 0.000110113 0.000362956 0.000875458 0.00164633 0.00257134 0.0035264 0.00442121 0.0051987 0.0058213 0.00626379 0.00651196 0.00656294 0.00642521 0.00611775 0.0056686 0.00511389 0.00449874 0.0038824 0.00334959 0.00304801 0.00353171 0.00752328 0.0219399 0.0609337 0.0832131 0.0855171 0.0784671 0.0372364 0.0114347 0.00253816 0.000401718 4.9876e-05 5.64921e-06 6.76016e-07 8.04537e-08 7.78878e-09 4.18973e-10 0 
0 7.93324e-07 7.9095e-06 3.97952e-05 0.000138227 0.00036259 0.000752869 0.00129113 0.00190879 0.00252638 0.0030812 0.00353204 0.00385458 0.00403682 0.00407659 0.00398034 0.00376231 0.00344428 0.00305616 0.00263845 0.00224632 0.00195158 0.00184049 0.00213842 0.00408472 0.0111022 0.025837 0.0513978 0.061228 0.0372364 0.0171809 0.00566763 0.00127031 0.000203257 2.52991e-05 2.89605e-06 3.5456e-07 4.31759e-08 4.25999e-09 2.32862e-10 0 
0 2.57411e-07 2.52408e-06 1.26919e-05 4.51266e-05 0.000124538 0.000278297 0.00051908 0.000832074 0.00117954 0.00151677 0.0018055 0.00201918 0.00214303 0.0021723 0.0021107 0.00196935 0.00176642 0.00152721 0.00128443 0.00107766 0.000949551 0.000937193 0.00109593 0.0017537 0.0039789 0.00869351 0.0140051 0.0154526 0.0114347 0.00566763 0.00189048 0.000434099 7.17494e-05 9.40026e-06 1.17006e-06 1.55163e-07 1.98477e-08 2.02093e-09 1.13239e-10 0 
0 7.5946e-08 7.27291e-07 3.60724e-06 1.28475e-05 3.62049e-05 8.4238e-05 0.000166078 0.000283422 0.000427182 0.000579545 0.000719616 0.00082896 0.000894934 0.000911842 0.000880801 0.000809021 0.000708806 0.000596288 0.000489802 0.000407935 0.000367213 0.000379328 0.000453677 0.000638764 0.00111868 0.00208745 0.00317391 0.00343487 0.00253816 0.00127031 0.000434099 0.000103633 1.82391e-05 2.67894e-06 3.87853e-07 5.7696e-08 7.86045e-09 8.32941e-10 4.81789e-11 0 
0 2.03472e-08 1.89501e-07 9.19725e-07 3.23647e-06 9.12283e-06 2.15179e-05 4.35388e-05 7.69365e-05 0.000120558 0.000169862 0.000217898 0.000257233 0.000281886 0.000288653 0.000277603 0.000251853 0.000216807 0.000179089 0.000145402 0.000121619 0.000112214 0.000119867 0.000145428 0.000191792 0.000273993 0.000407138 0.000540541 0.000551988 0.000401718 0.000203257 7.17494e-05 1.82391e-05 3.61669e-06 6.38897e-07 1.11198e-07 1.85708e-08 2.69714e-09 2.98756e-10 1.79299e-11 0 
0 4.92851e-09 4.45455e-08 2.10653e-07 7.26799e-07 2.02461e-06 4.76077e-06 9.68521e-06 1.733e-05 2.76266e-05 3.96694e-05 5.18043e-05 6.20429e-05 6.86308e-05 7.05403e-05 6.77236e-05 6.10761e-05 5.21635e-05 4.28282e-05 3.48136e-05 2.95147e-05 2.7876e-05 3.03295e-05 3.66537e-05 4.60308e-05 5.77195e-05 7.04624e-05 7.83864e-05 7.17899e-05 4.9876e-05 2.52991e-05 9.40026e-06 2.67894e-06 6.38897e-07 1.39328e-07 2.8449e-08 5.21524e-09 8.03352e-10 9.31971e-11 5.82308e-12 0 
0 1.06863e-09 9.36698e-09 4.30796e-08 1.45185e-07 3.97207e-07 9.2283e-07 1.86594e-06 3.33592e-06 5.33497e-06 7.70444e-06 1.01279e-05 1.22035e-05 1.35601e-05 1.39712e-05 1.34193e-05 1.20935e-05 1.03266e-05 8.50404e-06 6.98016e-06 6.02514e-06 5.80367e-06 6.35823e-06 7.56685e-06 9.10004e-06 1.04706e-05 1.11552e-05 1.06372e-05 8.62976e-06 5.64921e-06 2.89605e-06 1.17006e-06 3.87853e-07 1.11198e-07 2.8449e-08 6.46718e-09 1.27189e-09 2.06788e-10 2.51405e-11 1.63846e-12 0 
0 2.03218e-10 1.72801e-09 7.72644e-09 2.53998e-08 6.80617e-08 1.55572e-07 3.1087e-07 5.51523e-07 8.78342e-07 1.26651e-06 1.66529e-06 2.00894e-06 2.23571e-06 2.30713e-06 2.21978e-06 2.00528e-06 1.71967e-06 1.42776e-06 1.18849e-06 1.0456e-06 1.02295e-06 1.12056e-06 1.30761e-06 1.51659e-06 1.65367e-06 1.63422e-06 1.42549e-06 1.0704e-06 6.76016e-07 3.5456e-07 1.55163e-07 5.7696e-08 1.85708e-08 5.21524e-09 1.27189e-09 2.64857e-10 4.53026e-11 5.77015e-12 3.92503e-13 0 
0 3.24688e-11 2.68081e-10 1.16605e-09 3.7391e-09 9.80565e-09 2.20149e-08 4.33683e-08 7.61164e-08 1.20297e-07 1.72592e-07 2.26279e-07 2.72633e-07 3.03418e-07 3.13469e-07 3.02312e-07 2.742e-07 2.36716e-07 1.98652e-07 1.67992e-07 1.50519e-07 1.49007e-07 1.62557e-07 1.85851e-07 2.09042e-07 2.19933e-07 2.09137e-07 1.75656e-07 1.28222e-07 8.04537e-08 4.31759e-08 1.98477e-08 7.86045e-09 2.69714e-09 8.03352e-10 2.06788e-10 4.53026e-11 8.13083e-12 1.08373e-12 7.69173e-14 0 
0 3.93407e-12 3.15814e-11 1.33784e-10 4.18788e-10 1.07516e-09 2.37043e-09 4.60014e-09 7.97809e-09 1.2495e-08 1.78103e-08 2.32502e-08 2.79469e-08 3.10819e-08 3.21422e-08 3.10818e-08 2.83286e-08 2.46488e-08 2.09333e-08 1.799e-08 1.63897e-08 1.63654e-08 1.77402e-08 1.98834e-08 2.17737e-08 2.22846e-08 2.06826e-08 1.70644e-08 1.2355e-08 7.78878e-09 4.25999e-09 2.02093e-09 8.32941e-10 2.98756e-10 9.31971e-11 2.51405e-11 5.77015e-12 1.08373e-12 1.50886e-13 1.1162e-14 0 
0 2.5827e-13 2.01894e-12 8.34154e-12 2.55218e-11 6.42022e-11 1.39074e-10 2.6592e-10 4.55657e-10 7.06924e-10 1.0006e-09 1.29995e-09 1.55816e-09 1.73132e-09 1.79199e-09 1.73788e-09 1.59236e-09 1.39728e-09 1.20141e-09 1.04882e-09 9.6968e-10 9.73988e-10 1.04774e-09 1.15252e-09 1.23254e-09 1.23254e-09 1.12253e-09 9.15133e-10 6.6039e-10 4.18973e-10 2.32862e-10 1.13239e-10 4.81789e-11 1.79299e-11 5.82308e-12 1.63846e-12 3.92503e-13 7.69173e-14 1.1162e-14 8.59306e-16 0 
0 0 0 0 0 0 0 0 0 0 0 0 0 0 0 0 0 0 0 0 0 0 0 0 0 0 0 0 0 0 0 0 0 0 0 0 0 0 0 0 0 
