0 0 0 0 0 0 0 0 0 0 0 0 0 0 0 0 0 0 0 0 0 0 0 0 0 0 0 0 0 0 0 0 0 0 0 0 0 0 0 0 0 
0 5.30128e-07 4.68348e-06 2.03096e-05 6.00507e-05 0.000135465 0.000249171 0.00039275 0.000551099 0.000708017 0.000849592 0.00096536 0.00104834 0.00109468 0.00110334 0.00107569 0.00101519 0.000927045 0.000817802 0.000695005 0.000566754 0.000441182 0.000325764 0.000226492 0.000147078 8.84594e-05 4.88838e-05 2.46497e-05 1.12838e-05 4.67483e-06 1.75074e-06 5.92666e-07 1.8137e-07 5.01205e-08 1.24584e-08 2.7596e-09 5.34025e-10 8.65402e-11 1.06063e-11 7.02762e-13 0 
0 4.68348e-06 4.20683e-05 0.000177885 0.000489373 0.000994566 0.00163481 0.00232844 0.00301165 0.00364146 0.00418677 0.00462323 0.00493261 0.00510396 0.00513446 0.00502947 0.00480163 0.00446914 0.00405369 0.0035783 0.00306574 0.0025378 0.00201581 0.00152164 0.00107812 0.000706726 0.000422247 0.000226902 0.000108635 4.61402e-05 1.73936e-05 5.84045e-06 1.75425e-06 4.72598e-07 1.14083e-07 2.44984e-08 4.59472e-09 7.22107e-10 8.59355e-11 5.53763e-12 0 
0 2.03096e-05 0.000177885 0.000688028 0.00165284 0.00293398 0.00435404 0.0058131 0.00724652 0.00858827 0.00976915 0.0107259 0.0114093 0.0117891 0.0118563 0.0116221 0.0111161 0.0103819 0.00947237 0.00844391 0.00735139 0.00624304 0.00515692 0.00412005 0.00315203 0.00227309 0.00151213 0.000904898 0.000475952 0.000216755 8.5179e-05 2.90639e-05 8.70115e-06 2.30692e-06 5.44006e-07 1.13697e-07 2.07254e-08 3.16602e-09 3.66576e-10 2.30152e-11 0 
0 6.00507e-05 0.000489373 0.00165284 0.00345908 0.00561581 0.00798622 0.0104816 0.0129813 0.0153448 0.0174342 0.0191303 0.0203428 0.021017 0.021136 0.0207201 0.0198219 0.0185193 0.0169071 0.015088 0.0131632 0.0112253 0.00935142 0.00759801 0.00599757 0.00456005 0.00328455 0.0021815 0.00128923 0.000654514 0.000279346 0.000100125 3.0567e-05 8.0918e-06 1.88105e-06 3.84917e-07 6.84877e-08 1.02032e-08 1.15259e-09 7.06785e-11 0 
0 0.000135465 0.000994566 0.00293398 0.00561581 0.00880141 0.0123883 0.0162121 0.0200577 0.0236978 0.026917 0.0295306 0.0313991 0.032438 0.0326215 0.0319804 0.030596 0.0285885 0.0261044 0.0233018 0.0203375 0.0173556 0.0144782 0.0118001 0.0093843 0.00725926 0.00541867 0.00383407 0.00248886 0.00141518 0.000673298 0.000261706 8.36356e-05 2.25033e-05 5.21556e-06 1.0527e-06 1.83786e-07 2.68103e-08 2.9646e-09 1.78067e-10 0 
0 0.000249171 0.00163481 0.00435404 0.00798622 0.0123883 0.0173981 0.0227514 0.028138 0.0332375 0.0377476 0.0414103 0.0440344 0.0455046 0.0457665 0.044855 0.0429049 0.0400897 0.036609 0.0326827 0.0285302 0.0243536 0.0203246 0.0165777 0.0132059 0.0102603 0.00774915 0.00563811 0.00386681 0.00239796 0.00126876 0.000544159 0.000186173 5.18396e-05 1.2125e-05 2.43332e-06 4.19195e-07 6.01384e-08 6.53275e-09 3.85529e-10 0 
0 0.00039275 0.00232844 0.0058131 0.0104816 0.0162121 0.0227514 0.029742 0.0367767 0.0434374 0.0493506 0.0544651 0.0591391 0.062379 0.0630246 0.0609516 0.0569819 0.0525231 0.0478498 0.0427128 0.0372894 0.0318351 0.0265742 0.0216824 0.0172824 0.0134448 0.0101903 0.00749175 0.00527604 0.00345264 0.00198592 0.000937561 0.000347531 0.000101592 2.42466e-05 4.87524e-06 8.33313e-07 1.18073e-07 1.26453e-08 7.35507e-10 0 
0 0.000551099 0.00301165 0.00724652 0.0129813 0.0200577 0.028138 0.0367767 0.0454712 0.0537657 0.0625273 0.0725872 0.079238 0.0821145 0.0826249 0.0810698 0.0767582 0.0687652 0.0598356 0.0528401 0.0461056 0.0393644 0.0328634 0.026819 0.0213831 0.0166439 0.012631 0.00932147 0.00664176 0.0044767 0.00272549 0.00139367 0.000559392 0.00017299 4.24731e-05 8.61062e-06 1.46735e-06 2.0615e-07 2.18404e-08 1.25576e-09 0 
0 0.000708017 0.00364146 0.00858827 0.0153448 0.0236978 0.0332375 0.0434374 0.0537657 0.065644 0.0793739 0.0861711 0.0894589 0.0910189 0.0913373 0.0905117 0.0883627 0.0842428 0.0757911 0.0634418 0.0544923 0.0464941 0.038818 0.0316821 0.0252651 0.0196714 0.0149371 0.0110405 0.00790708 0.00541229 0.00341439 0.00185301 0.000797407 0.000260904 6.61627e-05 1.35817e-05 2.31612e-06 3.23709e-07 3.40274e-08 1.93936e-09 0 
0 0.000849592 0.00418677 0.00976915 0.0174342 0.026917 0.0377476 0.0493506 0.0625273 0.0793739 0.087899 0.0921161 0.0944764 0.095668 0.095931 0.0953221 0.0937591 0.0909591 0.086124 0.0764937 0.0626333 0.0528225 0.0440853 0.0359836 0.0286987 0.0223488 0.0169757 0.0125566 0.00901424 0.00621952 0.00400819 0.00226682 0.00103091 0.000354729 9.28783e-05 1.93401e-05 3.30841e-06 4.61175e-07 4.82212e-08 2.73094e-09 0 
0 0.00096536 0.00462323 0.0107259 0.0191303 0.0295306 0.0414103 0.0544651 0.0725872 0.0861711 0.0921161 0.0954843 0.0974807 0.0985176 0.0987578 0.0982434 0.0969226 0.0946181 0.0908913 0.0844905 0.071554 0.0581721 0.0483665 0.0394767 0.0314869 0.0245229 0.0186307 0.0137863 0.00990872 0.00686529 0.00447978 0.00260275 0.00123233 0.000441534 0.000118873 2.50944e-05 4.31077e-06 6.0038e-07 6.25737e-08 3.52878e-09 0 
0 0.00104834 0.00493261 0.0114093 0.0203428 0.0313991 0.0440344 0.0591391 0.079238 0.0894589 0.0944764 0.0974807 0.0993063 0.100268 0.100497 0.10003 0.0988272 0.0967519 0.0934845 0.0882005 0.0780883 0.0626529 0.0514442 0.041975 0.0334811 0.0260779 0.0198144 0.0146655 0.0105471 0.00732347 0.00481218 0.00284204 0.00138177 0.000509483 0.000140091 2.99047e-05 5.15807e-06 7.1855e-07 7.47686e-08 4.20631e-09 0 
0 0.00109468 0.00510396 0.0117891 0.021017 0.032438 0.0455046 0.062379 0.0821144 0.0910189 0.095668 0.0985176 0.100268 0.101196 0.101421 0.100976 0.0998253 0.0978503 0.0947753 0.0899222 0.0811179 0.0656019 0.0531801 0.0433655 0.0345909 0.0269434 0.0204734 0.015155 0.0109023 0.00757791 0.00499635 0.00297577 0.00146777 0.000550175 0.000153227 3.29463e-05 5.70034e-06 7.94721e-07 8.26668e-08 4.64673e-09 0 
0 0.00110334 0.00513446 0.0118563 0.021136 0.0326215 0.0457665 0.0630246 0.0826249 0.0913373 0.095931 0.0987578 0.100497 0.101421 0.101645 0.101203 0.100061 0.0981009 0.0950549 0.0902664 0.0816576 0.06618 0.0534931 0.0436133 0.034789 0.0270981 0.0205914 0.015243 0.0109665 0.00762441 0.00503099 0.00300243 0.00148633 0.000559656 0.000156484 3.37377e-05 5.84707e-06 8.16048e-07 8.49492e-08 4.77793e-09 0 
0 0.00107569 0.00502947 0.0116221 0.0207201 0.0319804 0.044855 0.0609516 0.0810698 0.0905117 0.0953221 0.0982434 0.10003 0.100976 0.101203 0.100748 0.0995725 0.0975506 0.0943885 0.0893486 0.0799911 0.0643074 0.0524196 0.0427598 0.0341083 0.0265679 0.0201883 0.0149442 0.0107505 0.00747112 0.00492245 0.00292664 0.00143976 0.000538482 0.000149879 3.22577e-05 5.59204e-06 7.8149e-07 8.15012e-08 4.59348e-09 0 
0 0.00101519 0.00480163 0.0111161 0.0198219 0.030596 0.0429049 0.0569819 0.0767582 0.0883627 0.0937591 0.0969226 0.0988272 0.0998253 0.100061 0.0995725 0.0983155 0.0961376 0.0926735 0.0869428 0.075552 0.0606408 0.0501312 0.0409136 0.0326356 0.0254202 0.0193155 0.0142968 0.0102819 0.00713724 0.00468401 0.00275841 0.00133588 0.000491247 0.000135113 2.89252e-05 5.01103e-06 7.0162e-07 7.34019e-08 4.15243e-09 0 
0 0.000927045 0.00446914 0.0103819 0.0185193 0.0285885 0.0400897 0.0525231 0.0687652 0.0842428 0.0909591 0.0946181 0.0967519 0.0978503 0.0981009 0.0975506 0.0961376 0.093651 0.0895502 0.0821716 0.0680873 0.0562022 0.0468412 0.0382359 0.0304992 0.0237555 0.0180494 0.0133577 0.00960138 0.00665077 0.00433486 0.00251294 0.0011875 0.000425783 0.00011512 2.44655e-05 4.23618e-06 5.95005e-07 6.2558e-08 3.55958e-09 0 
0 0.000817802 0.00405369 0.00947237 0.0169071 0.0261044 0.036609 0.0478498 0.0598356 0.0757911 0.086124 0.0908913 0.0934845 0.0947753 0.0950549 0.0943885 0.0926735 0.0895502 0.0839838 0.0726905 0.0603395 0.0512426 0.0427803 0.0349221 0.0278556 0.0216958 0.0164832 0.0121958 0.0087585 0.00604577 0.00389952 0.00221125 0.00101227 0.00035212 9.34212e-05 1.97201e-05 3.41879e-06 4.82856e-07 5.11528e-08 2.93533e-09 0 
0 0.000695005 0.0035783 0.00844391 0.015088 0.0233018 0.0326827 0.0427128 0.0528401 0.0634418 0.0764937 0.0844905 0.0882005 0.0899222 0.0902664 0.0893486 0.0869428 0.0821716 0.0726905 0.0618364 0.0535939 0.045748 0.0382008 0.0311841 0.024874 0.0193732 0.0147177 0.0108863 0.00780707 0.00536078 0.00340919 0.00188232 0.000832487 0.0002812 7.34535e-05 1.54618e-05 2.6942e-06 3.83977e-07 4.11173e-08 2.38615e-09 0 
0 0.000566754 0.00306574 0.00735139 0.0131632 0.0203375 0.0285302 0.0372894 0.0461056 0.0544923 0.0626333 0.071554 0.0780883 0.0811179 0.0816576 0.0799911 0.075552 0.0680873 0.0603395 0.0535939 0.04678 0.0399475 0.0333582 0.0272317 0.0217223 0.0169194 0.0128537 0.00950438 0.00680324 0.00464158 0.00290794 0.00156665 0.000674199 0.00022343 5.80152e-05 1.22645e-05 2.1583e-06 3.11365e-07 3.37655e-08 1.98349e-09 0 
0 0.000441182 0.0025378 0.00624304 0.0112253 0.0173556 0.0243536 0.0318351 0.0393644 0.0464941 0.0528225 0.0581721 0.0626529 0.0656019 0.06618 0.0643074 0.0606408 0.0562022 0.0512426 0.045748 0.0399475 0.0341143 0.0284884 0.0232582 0.0185555 0.0144574 0.0109899 0.00813141 0.00581812 0.00395786 0.00246484 0.00131801 0.000564283 0.000187151 4.89186e-05 1.0444e-05 1.85767e-06 2.70728e-07 2.96242e-08 1.7535e-09 0 
0 0.000325764 0.00201581 0.00515692 0.00935142 0.0144782 0.0203246 0.0265742 0.0328634 0.038818 0.0440853 0.0483665 0.0514442 0.0531801 0.0534931 0.0524196 0.0501312 0.0468412 0.0427803 0.0382008 0.0333582 0.0284884 0.0237926 0.019429 0.0155125 0.0121181 0.00927557 0.00694877 0.00504378 0.00347253 0.00219098 0.00119508 0.000523789 0.000177057 4.68036e-05 1.00417e-05 1.78795e-06 2.60258e-07 2.8407e-08 1.67574e-09 0 
0 0.000226492 0.00152164 0.00412005 0.00759801 0.0118001 0.0165777 0.0216824 0.026819 0.0316821 0.0359836 0.0394767 0.041975 0.0433655 0.0436133 0.0427598 0.0409136 0.0382359 0.0349221 0.0311841 0.0272317 0.0232582 0.019429 0.0158822 0.0127492 0.0101814 0.00827174 0.00683223 0.00542014 0.00384451 0.00237417 0.00127351 0.000564312 0.00019323 5.10049e-05 1.08101e-05 1.89337e-06 2.70919e-07 2.90872e-08 1.68961e-09 0 
0 0.000147078 0.00107812 0.00315203 0.00599757 0.0093843 0.0132059 0.0172824 0.0213831 0.0252651 0.0286987 0.0314869 0.0334811 0.0345909 0.034789 0.0341083 0.0326356 0.0304992 0.0278556 0.024874 0.0217223 0.0185555 0.0155125 0.0127492 0.0105713 0.00957806 0.0102078 0.0114629 0.0110187 0.00804059 0.0043795 0.0019101 0.000730624 0.000235316 5.97506e-05 1.22079e-05 2.06879e-06 2.87606e-07 3.01068e-08 1.71022e-09 0 
0 8.84594e-05 0.000706726 0.00227309 0.00456005 0.00725926 0.0102603 0.0134448 0.0166439 0.0196714 0.0223488 0.0245229 0.0260779 0.0269434 0.0270981 0.0265679 0.0254202 0.0237555 0.0216958 0.0193732 0.0169194 0.0144574 0.0121181 0.0101814 0.00957806 0.012435 0.0203672 0.0372805 0.0450599 0.0244517 0.0118429 0.0042535 0.00121674 0.000315667 7.11984e-05 1.35038e-05 2.17951e-06 2.92758e-07 2.98224e-08 1.65552e-09 0 
0 4.88838e-05 0.000422247 0.00151213 0.00328455 0.00541867 0.00774915 0.0101903 0.012631 0.0149371 0.0169757 0.0186307 0.0198144 0.0204734 0.0205914 0.0201883 0.0193155 0.0180494 0.0164832 0.0147177 0.0128537 0.0109899 0.00927557 0.00827174 0.0102078 0.0203672 0.0530811 0.076726 0.0785354 0.0711794 0.0285614 0.0092722 0.00223538 0.00045013 8.33489e-05 1.39765e-05 2.10902e-06 2.73162e-07 2.71619e-08 1.47926e-09 0 
0 2.46497e-05 0.000226902 0.000904898 0.0021815 0.00383407 0.00563811 0.00749175 0.00932147 0.0110405 0.0125566 0.0137863 0.0146655 0.015155 0.015243 0.0149442 0.0142968 0.0133577 0.0121958 0.0108863 0.00950438 0.00813141 0.00694877 0.00683223 0.0114629 0.0372805 0.076726 0.0837373 0.0845636 0.0810394 0.0630188 0.0150063 0.00338846 0.000586753 8.99882e-05 1.30247e-05 1.81364e-06 2.26846e-07 2.21619e-08 1.19219e-09 0 
0 1.12838e-05 0.000108635 0.000475952 0.00128923 0.00248886 0.00386681 0.00527604 0.00664176 0.00790708 0.00901424 0.00990872 0.0105471 0.0109023 0.0109665 0.0107505 0.0102819 0.00960138 0.0087585 0.00780707 0.00680324 0.00581812 0.00504378 0.00542014 0.0110187 0.0450599 0.0785354 0.0845636 0.0854084 0.0825342 0.0709808 0.0176619 0.00366503 0.000595795 8.11431e-05 1.04034e-05 1.34899e-06 1.64445e-07 1.59371e-08 8.54215e-10 0 
0 4.67483e-06 4.61402e-05 0.000216755 0.000654514 0.00141518 0.00239796 0.00345264 0.0044767 0.00541229 0.00621952 0.00686529 0.00732347 0.00757791 0.00762441 0.00747112 0.00713724 0.00665077 0.00604577 0.00536078 0.00464158 0.00395786 0.00347253 0.00384451 0.00804059 0.0244517 0.0711794 0.0810394 0.0825342 0.0774722 0.0468888 0.0121915 0.00270885 0.000433875 5.61847e-05 6.7687e-06 8.48009e-07 1.02775e-07 1.00048e-08 5.39474e-10 0 
0 1.75074e-06 1.73936e-05 8.5179e-05 0.000279346 0.000673298 0.00126876 0.00198592 0.00272549 0.00341439 0.00400819 0.00447978 0.00481218 0.00499635 0.00503099 0.00492245 0.00468401 0.00433486 0.00389952 0.00340919 0.00290794 0.00246484 0.00219098 0.00237417 0.0043795 0.0118429 0.0285614 0.0630188 0.0709808 0.0468888 0.0183171 0.00604365 0.00135785 0.000220872 2.86898e-05 3.48238e-06 4.44863e-07 5.50575e-08 5.45788e-09 2.98939e-10 0 
0 5.92666e-07 5.84045e-06 2.90639e-05 0.000100125 0.000261706 0.000544159 0.000937561 0.00139367 0.00185301 0.00226682 0.00260275 0.00284204 0.00297577 0.00300243 0.00292664 0.00275841 0.00251294 0.00221125 0.00188232 0.00156665 0.00131801 0.00119508 0.00127351 0.0019101 0.0042535 0.0092722 0.0150063 0.0176619 0.0121915 0.00604365 0.00201814 0.000466815 7.9035e-05 1.08357e-05 1.42367e-06 1.9542e-07 2.53004e-08 2.58512e-09 1.45082e-10 0 
0 1.8137e-07 1.75425e-06 8.70115e-06 3.0567e-05 8.36356e-05 0.000186173 0.000347531 0.000559392 0.000797407 0.00103091 0.00123233 0.00138177 0.00146777 0.00148633 0.00143976 0.00133588 0.0011875 0.00101227 0.000832487 0.000674199 0.000564283 0.000523789 0.000564312 0.000730624 0.00121674 0.00223538 0.00338846 0.00366503 0.00270885 0.00135785 0.000466815 0.000113279 2.05828e-05 3.16867e-06 4.79683e-07 7.30246e-08 1.00223e-08 1.06444e-09 6.16442e-11 0 
0 5.01205e-08 4.72598e-07 2.30692e-06 8.0918e-06 2.25033e-05 5.18396e-05 0.000101592 0.00017299 0.000260904 0.000354729 0.000441534 0.000509483 0.000550175 0.000559656 0.000538482 0.000491247 0.000425783 0.00035212 0.0002812 0.00022343 0.000187151 0.000177057 0.00019323 0.000235316 0.000315667 0.00045013 0.000586753 0.000595795 0.000433875 0.000220872 7.9035e-05 2.05828e-05 4.23301e-06 7.79245e-07 1.396e-07 2.3597e-08 3.43986e-09 3.81556e-10 2.29204e-11 0 
0 1.24584e-08 1.14083e-07 5.44006e-07 1.88105e-06 5.21556e-06 1.2125e-05 2.42466e-05 4.24731e-05 6.61627e-05 9.28783e-05 0.000118873 0.000140091 0.000153227 0.000156484 0.000149879 0.000135113 0.00011512 9.34212e-05 7.34535e-05 5.80152e-05 4.89186e-05 4.68036e-05 5.10049e-05 5.97506e-05 7.11984e-05 8.33489e-05 8.99882e-05 8.11431e-05 5.61847e-05 2.86898e-05 1.08357e-05 3.16867e-06 7.79245e-07 1.74253e-07 3.60531e-08 6.64131e-09 1.02473e-09 1.18982e-10 7.4394e-12 0 
0 2.7596e-09 2.44984e-08 1.13697e-07 3.84917e-07 1.0527e-06 2.43332e-06 4.87524e-06 8.61062e-06 1.35817e-05 1.93401e-05 2.50944e-05 2.99047e-05 3.29463e-05 3.37377e-05 3.22577e-05 2.89252e-05 2.44655e-05 1.97201e-05 1.54618e-05 1.22645e-05 1.0444e-05 1.00417e-05 1.08101e-05 1.22079e-05 1.35038e-05 1.39765e-05 1.30247e-05 1.04034e-05 6.7687e-06 3.48238e-06 1.42367e-06 4.79683e-07 1.396e-07 3.60531e-08 8.23055e-09 1.6213e-09 2.63797e-10 3.20897e-11 2.09247e-12 0 
0 5.34025e-10 4.59472e-09 2.07254e-08 6.84877e-08 1.83786e-07 4.19195e-07 8.33313e-07 1.46735e-06 2.31612e-06 3.30841e-06 4.31077e-06 5.15807e-06 5.70034e-06 5.84707e-06 5.59204e-06 5.01103e-06 4.23618e-06 3.41879e-06 2.6942e-06 2.1583e-06 1.85767e-06 1.78795e-06 1.89337e-06 2.06879e-06 2.17951e-06 2.10902e-06 1.81364e-06 1.34899e-06 8.48009e-07 4.44863e-07 1.9542e-07 7.30246e-08 2.3597e-08 6.64131e-09 1.6213e-09 3.37788e-10 5.77989e-11 7.36458e-12 5.01161e-13 0 
0 8.65402e-11 7.22107e-10 3.16602e-09 1.02032e-08 2.68103e-08 6.01384e-08 1.18073e-07 2.0615e-07 3.23709e-07 4.61175e-07 6.0038e-07 7.1855e-07 7.94721e-07 8.16048e-07 7.8149e-07 7.0162e-07 5.95005e-07 4.82856e-07 3.83977e-07 3.11365e-07 2.70728e-07 2.60258e-07 2.70919e-07 2.87606e-07 2.92758e-07 2.73162e-07 2.26846e-07 1.64445e-07 1.02775e-07 5.50575e-08 2.53004e-08 1.00223e-08 3.43986e-09 1.02473e-09 2.63797e-10 5.77989e-11 1.03755e-11 1.38323e-12 9.82026e-14 0 
0 1.06063e-11 8.59355e-11 3.66576e-10 1.15259e-09 2.9646e-09 6.53275e-09 1.26453e-08 2.18404e-08 3.40274e-08 4.82212e-08 6.25737e-08 7.47686e-08 8.26668e-08 8.49492e-08 8.15012e-08 7.34019e-08 6.2558e-08 5.11528e-08 4.11173e-08 3.37655e-08 2.96242e-08 2.8407e-08 2.90872e-08 3.01068e-08 2.98224e-08 2.71619e-08 2.21619e-08 1.59371e-08 1.00048e-08 5.45788e-09 2.58512e-09 1.06444e-09 3.81556e-10 1.18982e-10 3.20897e-11 7.36458e-12 1.38323e-12 1.92609e-13 1.4251e-14 0 
0 7.02762e-13 5.53763e-12 2.30152e-11 7.06785e-11 1.78067e-10 3.85529e-10 7.35507e-10 1.25576e-09 1.93936e-09 2.73094e-09 3.52878e-09 4.20631e-09 4.64673e-09 4.77793e-09 4.59348e-09 4.15243e-09 3.55958e-09 2.93533e-09 2.38615e-09 1.98349e-09 1.7535e-09 1.67574e-09 1.68961e-09 1.71022e-09 1.65552e-09 1.47926e-09 1.19219e-09 8.54215e-10 5.39474e-10 2.98939e-10 1.45082e-10 6.16442e-11 2.29204e-11 7.4394e-12 2.09247e-12 5.01161e-13 9.82026e-14 1.4251e-14 1.09721e-15 0 
0 0 0 0 0 0 0 0 0 0 0 0 0 0 0 0 0 0 0 0 0 0 0 0 0 0 0 0 0 0 0 0 0 0 0 0 0 0 0 0 0 
