0 0 0 0 0 0 0 0 0 0 0 0 0 0 0 0 0 0 0 0 0 0 0 0 0 0 0 0 0 0 0 0 0 0 0 0 0 0 0 0 0 
0 3.57668e-07 3.19452e-06 1.4147e-05 4.31135e-05 0.000100765 0.000192063 0.000312564 0.000450356 0.000590715 0.000719903 0.000827034 0.000904573 0.00094822 0.0009566 0.000930901 0.00087451 0.000792631 0.000691879 0.000579839 0.000464546 0.000353831 0.000254531 0.000171644 0.000107655 6.23157e-05 3.30622e-05 1.59918e-05 7.0275e-06 2.80139e-06 1.01295e-06 3.32425e-07 9.90388e-08 2.67538e-08 6.52512e-09 1.4229e-09 2.71854e-10 4.36004e-11 5.29916e-12 3.48759e-13 0 
0 3.19452e-06 2.92037e-05 0.000127869 0.000369341 0.000790811 0.00136053 0.00200615 0.00265835 0.0032665 0.00379515 0.00421861 0.00451883 0.00468533 0.00471553 0.00461461 0.00439462 0.00407289 0.00367024 0.00320923 0.00271295 0.00220471 0.00170843 0.00124889 0.000850203 0.000531518 0.000301143 0.000153039 6.93534e-05 2.79976e-05 1.00951e-05 3.26528e-06 9.51225e-07 2.50038e-07 5.91895e-08 1.25158e-08 2.31908e-09 3.61028e-10 4.26476e-11 2.73229e-12 0 
0 1.4147e-05 0.000127869 0.000523306 0.00134368 0.00252141 0.0038808 0.00529205 0.00667572 0.00796588 0.00909821 0.0100143 0.0106683 0.0110321 0.0110971 0.0108742 0.0103913 0.00968962 0.00881885 0.00783198 0.00678011 0.00570817 0.00465252 0.00364195 0.00270308 0.00186771 0.00117463 0.000657243 0.000321555 0.000136547 5.04684e-05 1.63841e-05 4.72006e-06 1.21574e-06 2.80576e-07 5.77073e-08 1.03945e-08 1.57379e-09 1.81009e-10 1.13073e-11 0 
0 4.31135e-05 0.000369341 0.00134368 0.00300339 0.00507187 0.00735429 0.00974485 0.0121317 0.0143854 0.016377 0.0179938 0.01915 0.0197935 0.0199081 0.019513 0.018658 0.0174173 0.0158809 0.0141462 0.012309 0.010456 0.00865874 0.0069681 0.00541347 0.00400865 0.00276883 0.00173007 0.000945182 0.000439807 0.000172793 5.78186e-05 1.67605e-05 4.27624e-06 9.68858e-07 1.94749e-07 3.42217e-08 5.05373e-09 5.67328e-10 3.46323e-11 0 
0 0.000100765 0.000790811 0.00252141 0.00507187 0.0081281 0.0115526 0.0151945 0.0188553 0.0223208 0.0253865 0.0278763 0.0296572 0.0306484 0.0308247 0.0302157 0.0288983 0.026987 0.0246212 0.0219515 0.019127 0.0162844 0.0135391 0.0109792 0.00866084 0.00660655 0.00481022 0.00326065 0.00197947 0.00102897 0.000443304 0.000157419 4.69017e-05 1.20172e-05 2.69646e-06 5.32863e-07 9.17483e-08 1.32614e-08 1.45735e-09 8.71615e-11 0 
0 0.000192063 0.00136053 0.0038808 0.00735429 0.0115526 0.016319 0.021411 0.0265364 0.0313906 0.0356855 0.0391741 0.04167 0.0430596 0.0433069 0.0424526 0.0406059 0.0379276 0.034613 0.0308731 0.0269176 0.0229385 0.0190992 0.0155266 0.0123072 0.00948524 0.00706188 0.00500241 0.00326883 0.00187608 0.000896124 0.000345261 0.00010794 2.81859e-05 6.32394e-06 1.23662e-06 2.09625e-07 2.97693e-08 3.21284e-09 1.88794e-10 0 
0 0.000312564 0.00200615 0.00529205 0.00974485 0.0151945 0.021411 0.0280596 0.0347537 0.0410945 0.0467071 0.0512839 0.0546166 0.0565402 0.0568926 0.0556917 0.0531841 0.0496442 0.0453054 0.0404196 0.0352533 0.0300571 0.025045 0.0203838 0.0161893 0.0125258 0.00940756 0.00680042 0.00463455 0.00285602 0.00149645 0.000630322 0.000209865 5.65851e-05 1.28123e-05 2.49497e-06 4.18367e-07 5.85976e-08 6.23115e-09 3.60793e-10 0 
0 0.000450356 0.00265835 0.00667572 0.0121317 0.0188553 0.0265364 0.0347537 0.0430283 0.0508718 0.0578983 0.0640733 0.069239 0.0724067 0.0730005 0.0710377 0.0669558 0.061759 0.0561204 0.0500374 0.0436483 0.0372261 0.0310322 0.0252734 0.0200936 0.0155751 0.0117423 0.00856574 0.0059664 0.00384474 0.00216252 0.00098913 0.000352681 9.90639e-05 2.28059e-05 4.44722e-06 7.40862e-07 1.02711e-07 1.07955e-08 6.17657e-10 0 
0 0.000590715 0.0032665 0.00796588 0.0143854 0.0223208 0.0313906 0.0410945 0.0508718 0.0602586 0.0695275 0.0783362 0.0840326 0.0866903 0.0871688 0.0856714 0.0818206 0.0750941 0.0669311 0.059219 0.0516063 0.0440183 0.0367045 0.0299053 0.0237911 0.0184601 0.0139443 0.0102167 0.00719613 0.00476047 0.00281245 0.0013761 0.000523603 0.000153715 3.61464e-05 7.08773e-06 1.17722e-06 1.62061e-07 1.68846e-08 9.57115e-10 0 
0 0.000719903 0.00379515 0.00909821 0.016377 0.0253865 0.0356855 0.0467071 0.0578983 0.0695275 0.0813407 0.0886758 0.0924735 0.0942951 0.0946514 0.0936498 0.0911068 0.0863828 0.0781144 0.0678652 0.0587033 0.0500329 0.0417254 0.0340051 0.0270635 0.0210125 0.0158899 0.0116693 0.00826769 0.00555238 0.00338719 0.001743 0.000700883 0.000214564 5.1605e-05 1.01992e-05 1.69337e-06 2.32084e-07 2.40302e-08 1.35286e-09 0 
0 0.000827034 0.00421861 0.0100143 0.0179938 0.0278763 0.0391741 0.0512839 0.0640733 0.0783362 0.0886758 0.0940735 0.0970875 0.0985932 0.0989041 0.0980939 0.0960557 0.0924252 0.0862598 0.0759703 0.0647285 0.0549388 0.0458065 0.0373372 0.0297231 0.0230867 0.0174702 0.0128468 0.00913132 0.00618536 0.00384976 0.00205165 0.000860888 0.000273033 6.70404e-05 1.33622e-05 2.22124e-06 3.03702e-07 3.1319e-08 1.75498e-09 0 
0 0.000904573 0.00451883 0.0106683 0.01915 0.0296572 0.04167 0.0546166 0.069239 0.0840326 0.0924735 0.0970875 0.0997626 0.101126 0.101417 0.100695 0.0988833 0.0957179 0.0905449 0.0817436 0.0694973 0.058501 0.0487304 0.0397235 0.0316279 0.0245723 0.0186019 0.0136896 0.00974762 0.00663457 0.00417855 0.00227712 0.00098392 0.000320319 7.99482e-05 1.60534e-05 2.67372e-06 3.65242e-07 3.75829e-08 2.10026e-09 0 
0 0.00094822 0.00468533 0.0110321 0.0197935 0.0306484 0.0430596 0.0565402 0.0724067 0.0866903 0.0942951 0.0985932 0.101126 0.102429 0.102711 0.102029 0.100314 0.0973418 0.0925657 0.0845938 0.0723798 0.0605392 0.0503642 0.0410557 0.0326916 0.0254023 0.0192346 0.0141608 0.0100922 0.0068855 0.00436293 0.00240621 0.0010571 0.000349572 8.81635e-05 1.77958e-05 2.96964e-06 4.05752e-07 4.17264e-08 2.32964e-09 0 
0 0.0009566 0.00471553 0.0110971 0.0199081 0.0308247 0.0433069 0.0568926 0.0730005 0.0871688 0.0946514 0.0989041 0.101417 0.102711 0.102993 0.102316 0.100616 0.0976724 0.0929547 0.0851105 0.0729278 0.060918 0.0506633 0.0413002 0.0328877 0.0255561 0.0193526 0.0142497 0.0101583 0.00693503 0.00440131 0.00243521 0.00107495 0.000357239 9.04419e-05 1.83013e-05 3.05887e-06 4.18407e-07 4.30655e-08 2.4063e-09 0 
0 0.000930901 0.00461461 0.0108742 0.019513 0.0302157 0.0424526 0.0556917 0.0710377 0.0856714 0.0936498 0.0980939 0.100695 0.102029 0.102316 0.101616 0.0998552 0.0967944 0.0918411 0.0834919 0.0711557 0.0596694 0.0496744 0.0404962 0.0322475 0.0250584 0.0189751 0.0139705 0.00995662 0.00679158 0.00430021 0.00236825 0.00103896 0.000343493 8.67423e-05 1.75503e-05 2.93718e-06 4.02586e-07 4.15375e-08 2.32699e-09 0 
0 0.00087451 0.00439462 0.0103913 0.018658 0.0288983 0.0406059 0.0531841 0.0669558 0.0818206 0.0911068 0.0960557 0.0988833 0.100314 0.100616 0.0998552 0.0979433 0.0945786 0.088996 0.0794597 0.0674586 0.0570189 0.0475268 0.038747 0.0308537 0.0239737 0.0181514 0.0133601 0.009514 0.00647419 0.00407362 0.0022163 0.000956762 0.000311938 7.81705e-05 1.57849e-05 2.64583e-06 3.63885e-07 3.77067e-08 2.1225e-09 0 
0 0.000792631 0.00407289 0.00968962 0.0174173 0.026987 0.0379276 0.0496442 0.061759 0.0750941 0.0863828 0.0924252 0.0957179 0.0973418 0.0976724 0.0967944 0.0945786 0.0905817 0.0836506 0.0729956 0.0625815 0.053245 0.04441 0.036206 0.0288289 0.0223982 0.0169549 0.0124732 0.00886999 0.0060108 0.00374245 0.00199695 0.000841246 0.000268791 6.66502e-05 1.34294e-05 2.2576e-06 3.12233e-07 3.25791e-08 1.84779e-09 0 
0 0.000691879 0.00367024 0.00881885 0.0158809 0.0246212 0.034613 0.0453054 0.0561204 0.0669311 0.0781144 0.0862598 0.0905449 0.0925657 0.0929547 0.0918411 0.088996 0.0836506 0.0750083 0.0656239 0.0569952 0.0486107 0.0405518 0.0330601 0.0263229 0.020449 0.0154754 0.0113769 0.00807334 0.00543671 0.00333498 0.00173483 0.000709594 0.000221754 5.44525e-05 1.09744e-05 1.85624e-06 2.59072e-07 2.73177e-08 1.56662e-09 0 
0 0.000579839 0.00320923 0.00783198 0.0141462 0.0219515 0.0308731 0.0404196 0.0500374 0.059219 0.0678652 0.0759703 0.0817436 0.0845938 0.0851105 0.0834919 0.0794597 0.0729956 0.0656239 0.0583036 0.05085 0.043391 0.0361989 0.0295119 0.0234978 0.0182536 0.013811 0.0101451 0.00717888 0.00479485 0.00288932 0.00146261 0.000581894 0.000178754 4.37345e-05 8.86854e-06 1.51724e-06 2.14684e-07 2.29663e-08 1.33604e-09 0 
0 0.000464546 0.00271295 0.00678011 0.012309 0.019127 0.0269176 0.0352533 0.0436483 0.0516063 0.0587033 0.0647285 0.0694973 0.0723798 0.0729278 0.0711557 0.0674586 0.0625815 0.0569952 0.05085 0.0443785 0.037872 0.0315966 0.0257622 0.020515 0.0159389 0.0120603 0.00885395 0.00624775 0.00414053 0.00245853 0.00122153 0.000479232 0.000146831 3.62142e-05 7.44855e-06 1.29549e-06 1.86369e-07 2.02503e-08 1.19474e-09 0 
0 0.000353831 0.00220471 0.00570817 0.010456 0.0162844 0.0229385 0.0300571 0.0372261 0.0440183 0.0500329 0.0549388 0.058501 0.0605392 0.060918 0.0596694 0.0570189 0.053245 0.0486107 0.043391 0.037872 0.0323219 0.0269701 0.0219957 0.0175235 0.013625 0.0103217 0.00758859 0.00536075 0.00355515 0.00211558 0.00105847 0.000420915 0.000131336 3.30195e-05 6.91052e-06 1.21955e-06 1.77503e-07 1.94616e-08 1.15589e-09 0 
0 0.000254531 0.00170843 0.00465252 0.00865874 0.0135391 0.0190992 0.025045 0.0310322 0.0367045 0.0417254 0.0458065 0.0487304 0.0503642 0.0506633 0.0496744 0.0475268 0.04441 0.0405518 0.0361989 0.0315966 0.0269701 0.0225113 0.0183708 0.0146568 0.0114388 0.00874235 0.00652956 0.00470776 0.00319302 0.00195506 0.00101618 0.000420595 0.000135299 3.46104e-05 7.29471e-06 1.28824e-06 1.86949e-07 2.03941e-08 1.20367e-09 0 
0 0.000171644 0.00124889 0.00364195 0.0069681 0.0109792 0.0155266 0.0203838 0.0252734 0.0299053 0.0340051 0.0373372 0.0397235 0.0410557 0.0413002 0.0404962 0.038747 0.036206 0.0330601 0.0295119 0.0257622 0.0219957 0.0183708 0.0150189 0.012064 0.00964765 0.00785365 0.00649728 0.00515382 0.00364143 0.00221939 0.0011539 0.000487494 0.000159237 4.06448e-05 8.44863e-06 1.46482e-06 2.08506e-07 2.23222e-08 1.29431e-09 0 
0 0.000107655 0.000850203 0.00270308 0.00541347 0.00866084 0.0123072 0.0161893 0.0200936 0.0237911 0.0270635 0.0297231 0.0316279 0.0326916 0.0328877 0.0322475 0.0308537 0.0288289 0.0263229 0.0234978 0.020515 0.0175235 0.0146568 0.012064 0.0100339 0.00913054 0.00976517 0.0109841 0.0105634 0.00770605 0.00418876 0.00180801 0.000668853 0.000205148 5.00607e-05 9.99028e-06 1.67254e-06 2.31041e-07 2.40934e-08 1.36491e-09 0 
0 6.23157e-05 0.000531518 0.00186771 0.00400865 0.00660655 0.00948524 0.0125258 0.0155751 0.0184601 0.0210125 0.0230867 0.0245723 0.0254023 0.0255561 0.0250584 0.0239737 0.0223982 0.020449 0.0182536 0.0159389 0.013625 0.0114388 0.00964765 0.00913054 0.0119095 0.0195383 0.0309445 0.0370678 0.0225002 0.0113639 0.00407587 0.0011526 0.000287442 6.1833e-05 1.13691e-05 1.80708e-06 2.40997e-07 2.44525e-08 1.35365e-09 0 
0 3.30622e-05 0.000301143 0.00117463 0.00276883 0.00481022 0.00706188 0.00940756 0.0117423 0.0139443 0.0158899 0.0174702 0.0186019 0.0192346 0.0193526 0.0189751 0.0181514 0.0169549 0.0154754 0.013811 0.0120603 0.0103217 0.00874235 0.00785365 0.00976517 0.0195383 0.0446266 0.0770869 0.0801078 0.0647597 0.0264832 0.00889797 0.00213957 0.000421597 7.45098e-05 1.20087e-05 1.77541e-06 2.28015e-07 2.25833e-08 1.22677e-09 0 
0 1.59918e-05 0.000153039 0.000657243 0.00173007 0.00326065 0.00500241 0.00680042 0.00856574 0.0102167 0.0116693 0.0128468 0.0136896 0.0141608 0.0142497 0.0139705 0.0133601 0.0124732 0.0113769 0.0101451 0.00885395 0.00758859 0.00652956 0.00649728 0.0109841 0.0309445 0.0770869 0.0867622 0.0879558 0.0828725 0.0549521 0.0143336 0.00324968 0.000556451 8.21108e-05 1.13696e-05 1.54222e-06 1.90919e-07 1.85775e-08 9.97104e-10 0 
0 7.0275e-06 6.93534e-05 0.000321555 0.000945182 0.00197947 0.00326883 0.00463455 0.0059664 0.00719613 0.00826769 0.00913132 0.00974762 0.0100922 0.0101583 0.00995662 0.009514 0.00886999 0.00807334 0.00717888 0.00624775 0.00536075 0.00470776 0.00515382 0.0105634 0.0370678 0.0801078 0.0879558 0.0890125 0.0849949 0.064923 0.0158712 0.00351617 0.000567182 7.48297e-05 9.17851e-06 1.15473e-06 1.39094e-07 1.34258e-08 7.18175e-10 0 
0 2.80139e-06 2.79976e-05 0.000136547 0.000439807 0.00102897 0.00187608 0.00285602 0.00384474 0.00476047 0.00555238 0.00618536 0.00663457 0.0068855 0.00693503 0.00679158 0.00647419 0.0060108 0.00543671 0.00479485 0.00414053 0.00355515 0.00319302 0.00364143 0.00770605 0.0225002 0.0647597 0.0828725 0.0849949 0.0789054 0.0397867 0.0117021 0.00259844 0.000412841 5.19291e-05 5.99663e-06 7.2825e-07 8.71785e-08 8.45411e-09 4.55072e-10 0 
0 1.01295e-06 1.00951e-05 5.04684e-05 0.000172793 0.000443304 0.000896124 0.00149645 0.00216252 0.00281245 0.00338719 0.00384976 0.00417855 0.00436293 0.00440131 0.00430021 0.00407362 0.00374245 0.00333498 0.00288932 0.00245853 0.00211558 0.00195506 0.00221939 0.00418876 0.0113639 0.0264832 0.0549521 0.064923 0.0397867 0.0175823 0.00580049 0.00130115 0.000209274 2.63933e-05 3.07764e-06 3.82008e-07 4.67629e-08 4.62062e-09 2.52719e-10 0 
0 3.32425e-07 3.26528e-06 1.63841e-05 5.78186e-05 0.000157419 0.000345261 0.000630322 0.00098913 0.0013761 0.001743 0.00205165 0.00227712 0.00240621 0.00243521 0.00236825 0.0022163 0.00199695 0.00173483 0.00146261 0.00122153 0.00105847 0.00101618 0.0011539 0.00180801 0.00407587 0.00889797 0.0143336 0.0158712 0.0117021 0.00580049 0.00193554 0.000445492 7.41814e-05 9.8566e-06 1.24817e-06 1.6739e-07 2.14956e-08 2.19107e-09 1.22828e-10 0 
0 9.90388e-08 9.51225e-07 4.72006e-06 1.67605e-05 4.69017e-05 0.00010794 0.000209865 0.000352681 0.000523603 0.000700883 0.000860888 0.00098392 0.0010571 0.00107495 0.00103896 0.000956762 0.000841246 0.000709594 0.000581894 0.000479232 0.000420915 0.000420595 0.000487494 0.000668853 0.0011526 0.00213957 0.00324968 0.00351617 0.00259844 0.00130115 0.000445492 0.00010689 1.89981e-05 2.83193e-06 4.1595e-07 6.23457e-08 8.51412e-09 9.02831e-10 5.22394e-11 0 
0 2.67538e-08 2.50038e-07 1.21574e-06 4.27624e-06 1.20172e-05 2.81859e-05 5.65851e-05 9.90639e-05 0.000153715 0.000214564 0.000273033 0.000320319 0.000349572 0.000357239 0.000343493 0.000311938 0.000268791 0.000221754 0.000178754 0.000146831 0.000131336 0.000135299 0.000159237 0.000205148 0.000287442 0.000421597 0.000556451 0.000567182 0.000412841 0.000209274 7.41814e-05 1.89981e-05 3.81046e-06 6.8209e-07 1.19842e-07 2.00938e-08 2.92177e-09 3.2377e-10 1.94362e-11 0 
0 6.52512e-09 5.91895e-08 2.80576e-07 9.68858e-07 2.69646e-06 6.32394e-06 1.28123e-05 2.28059e-05 3.61464e-05 5.1605e-05 6.70404e-05 7.99482e-05 8.81635e-05 9.04419e-05 8.67423e-05 7.81705e-05 6.66502e-05 5.44525e-05 4.37345e-05 3.62142e-05 3.30195e-05 3.46104e-05 4.06448e-05 5.00607e-05 6.1833e-05 7.45098e-05 8.21108e-05 7.48297e-05 5.19291e-05 2.63933e-05 9.8566e-06 2.83193e-06 6.8209e-07 1.49974e-07 3.07561e-08 5.64704e-09 8.70312e-10 1.0099e-10 6.31124e-12 0 
0 1.4229e-09 1.25158e-08 5.77073e-08 1.94749e-07 5.32863e-07 1.23662e-06 2.49497e-06 4.44722e-06 7.08773e-06 1.01992e-05 1.33622e-05 1.60534e-05 1.77958e-05 1.83013e-05 1.75503e-05 1.57849e-05 1.34294e-05 1.09744e-05 8.86854e-06 7.44855e-06 6.91052e-06 7.29471e-06 8.44863e-06 9.99028e-06 1.13691e-05 1.20087e-05 1.13696e-05 9.17851e-06 5.99663e-06 3.07764e-06 1.24817e-06 4.1595e-07 1.19842e-07 3.07561e-08 7.00133e-09 1.37764e-09 2.24032e-10 2.72413e-11 1.77563e-12 0 
0 2.71854e-10 2.31908e-09 1.03945e-08 3.42217e-08 9.17483e-08 2.09625e-07 4.18367e-07 7.40862e-07 1.17722e-06 1.69337e-06 2.22124e-06 2.67372e-06 2.96964e-06 3.05887e-06 2.93718e-06 2.64583e-06 2.2576e-06 1.85624e-06 1.51724e-06 1.29549e-06 1.21955e-06 1.28824e-06 1.46482e-06 1.67254e-06 1.80708e-06 1.77541e-06 1.54222e-06 1.15473e-06 7.2825e-07 3.82008e-07 1.6739e-07 6.23457e-08 2.00938e-08 5.64704e-09 1.37764e-09 2.86922e-10 4.9082e-11 6.25219e-12 4.25339e-13 0 
0 4.36004e-11 3.61028e-10 1.57379e-09 5.05373e-09 1.32614e-08 2.97693e-08 5.85976e-08 1.02711e-07 1.62061e-07 2.32084e-07 3.03702e-07 3.65242e-07 4.05752e-07 4.18407e-07 4.02586e-07 3.63885e-07 3.12233e-07 2.59072e-07 2.14684e-07 1.86369e-07 1.77503e-07 1.86949e-07 2.08506e-07 2.31041e-07 2.40997e-07 2.28015e-07 1.90919e-07 1.39094e-07 8.71785e-08 4.67629e-08 2.14956e-08 8.51412e-09 2.92177e-09 8.70312e-10 2.24032e-10 4.9082e-11 8.80958e-12 1.17427e-12 8.33502e-14 0 
0 5.29916e-12 4.26476e-11 1.81009e-10 5.67328e-10 1.45735e-09 3.21284e-09 6.23115e-09 1.07955e-08 1.68846e-08 2.40302e-08 3.1319e-08 3.75829e-08 4.17264e-08 4.30655e-08 4.15375e-08 3.77067e-08 3.25791e-08 2.73177e-08 2.29663e-08 2.02503e-08 1.94616e-08 2.03941e-08 2.23222e-08 2.40934e-08 2.44525e-08 2.25833e-08 1.85775e-08 1.34258e-08 8.45411e-09 4.62062e-09 2.19107e-09 9.02831e-10 3.2377e-10 1.0099e-10 2.72413e-11 6.25219e-12 1.17427e-12 1.63498e-13 1.20956e-14 0 
0 3.48759e-13 2.73229e-12 1.13073e-11 3.46323e-11 8.71615e-11 1.88794e-10 3.60793e-10 6.17657e-10 9.57115e-10 1.35286e-09 1.75498e-09 2.10026e-09 2.32964e-09 2.4063e-09 2.32699e-09 2.1225e-09 1.84779e-09 1.56662e-09 1.33604e-09 1.19474e-09 1.15589e-09 1.20367e-09 1.29431e-09 1.36491e-09 1.35365e-09 1.22677e-09 9.97104e-10 7.18175e-10 4.55072e-10 2.52719e-10 1.22828e-10 5.22394e-11 1.94362e-11 6.31124e-12 1.77563e-12 4.25339e-13 8.33502e-14 1.20956e-14 9.312e-16 0 
0 0 0 0 0 0 0 0 0 0 0 0 0 0 0 0 0 0 0 0 0 0 0 0 0 0 0 0 0 0 0 0 0 0 0 0 0 0 0 0 0 
