0 0 0 0 0 0 0 0 0 0 0 0 0 0 0 0 0 0 0 0 0 0 0 0 0 0 0 0 0 0 0 0 0 0 0 0 0 0 0 0 0 
0 1.29191e-07 1.1756e-06 5.40056e-06 1.73863e-05 4.34925e-05 8.91569e-05 0.00015556 0.000238282 0.000328684 0.000416555 0.000492438 0.000548996 0.000581574 0.000588261 0.000569683 0.000528669 0.000469817 0.000398985 0.00032269 0.000247408 0.000178813 0.000121056 7.62594e-05 4.44172e-05 2.37881e-05 1.16658e-05 5.22554e-06 2.13605e-06 7.97052e-07 2.71746e-07 8.47246e-08 2.41563e-08 6.28714e-09 1.48638e-09 3.15861e-10 5.90774e-11 9.31132e-12 1.11571e-12 7.25819e-14 0 
0 1.1756e-06 1.10665e-05 5.14779e-05 0.000162798 0.000387845 0.000740396 0.00119217 0.0016903 0.002181 0.0026212 0.00298001 0.0032371 0.00338114 0.00340892 0.00332452 0.0031383 0.00286578 0.00252635 0.00214223 0.00173766 0.00133813 0.000968948 0.000652468 0.000403899 0.00022747 0.000115657 5.2881e-05 2.1739e-05 8.05636e-06 2.70219e-06 8.23428e-07 2.28527e-07 5.77683e-08 1.3253e-08 2.73308e-09 4.9642e-10 7.6066e-11 8.87302e-12 5.62779e-13 0 
0 5.40056e-06 5.14779e-05 0.000233431 0.000687393 0.00147549 0.00252107 0.00368799 0.00486232 0.00596309 0.0069284 0.00770834 0.00826529 0.00857625 0.00863429 0.00844832 0.00804134 0.00744719 0.00670668 0.00586352 0.00496083 0.00403932 0.00313788 0.00229626 0.00155678 0.000959456 0.000528115 0.000256484 0.000109478 4.12263e-05 1.38098e-05 4.15203e-06 1.1283e-06 2.78079e-07 6.20726e-08 1.24479e-08 2.19939e-09 3.2814e-10 3.7317e-11 2.31082e-12 0 
0 1.73863e-05 0.000162798 0.000687393 0.00180299 0.00343033 0.00534096 0.00736227 0.00937489 0.0112704 0.012944 0.0143032 0.0152767 0.0158206 0.015921 0.0155932 0.0148786 0.0138389 0.0125487 0.0110885 0.00953684 0.00796402 0.00642775 0.00497268 0.0036364 0.00246129 0.00150093 0.000802624 0.000369573 0.000146026 4.99864e-05 1.50516e-05 4.04295e-06 9.77436e-07 2.13192e-07 4.17073e-08 7.18717e-09 1.0464e-09 1.16247e-10 7.04108e-12 0 
0 4.34925e-05 0.000387845 0.00147549 0.00343033 0.00596926 0.00884286 0.0118906 0.0149509 0.0178494 0.0204164 0.0225044 0.0240009 0.024837 0.0249905 0.0244853 0.0233854 0.0217864 0.0198049 0.0175668 0.0151963 0.0128064 0.010491 0.00831927 0.00633506 0.00456377 0.00303336 0.00179644 0.000914266 0.000390934 0.00014048 4.31807e-05 1.16066e-05 2.77448e-06 5.94519e-07 1.1392e-07 1.92084e-08 2.73658e-09 2.97701e-10 1.76761e-11 0 
0 8.91569e-05 0.000740396 0.00252107 0.00534096 0.00884286 0.0128151 0.0170586 0.0213356 0.0253932 0.0289895 0.0319158 0.0340135 0.0351854 0.0354004 0.0346918 0.0331494 0.030908 0.0281314 0.0249973 0.0216811 0.0183436 0.0151202 0.0121141 0.00939206 0.00698472 0.00489683 0.00313829 0.00175996 0.000827259 0.000319251 0.000102171 2.78618e-05 6.64461e-06 1.40734e-06 2.65327e-07 4.39318e-08 6.14333e-09 6.56195e-10 3.82859e-11 0 
0 0.00015556 0.00119217 0.00368799 0.00736227 0.0118906 0.0170586 0.0225965 0.0281846 0.0334886 0.0381908 0.0420175 0.0447612 0.0462943 0.0465758 0.0456489 0.0436318 0.0407009 0.0370708 0.0329742 0.0286414 0.0242835 0.0200794 0.0161673 0.01264 0.00954432 0.00688397 0.00463717 0.00280313 0.00144169 0.000603971 0.000204395 5.72819e-05 1.37511e-05 2.89657e-06 5.39765e-07 8.80887e-08 1.21292e-08 1.27568e-09 7.33245e-11 0 
0 0.000238282 0.0016903 0.00486232 0.00937489 0.0149509 0.0213356 0.0281846 0.0350983 0.0416616 0.0474811 0.0522201 0.055625 0.0575345 0.0578866 0.0567318 0.0542255 0.0505934 0.0461004 0.0410317 0.0356718 0.0302824 0.0250858 0.0202545 0.0159064 0.012105 0.00886125 0.00614234 0.0039046 0.00215903 0.000978931 0.000352927 0.000102615 2.4986e-05 5.2635e-06 9.73632e-07 1.57174e-07 2.13766e-08 2.21999e-09 1.26029e-10 0 
0 0.000328684 0.002181 0.00596309 0.0112704 0.0178494 0.0253932 0.0334886 0.0416616 0.0494214 0.0563081 0.0619408 0.0660275 0.0683443 0.0687755 0.0673723 0.0643481 0.0600098 0.0546817 0.048687 0.0423513 0.0359818 0.0298416 0.0241356 0.0190048 0.0145271 0.0107214 0.00755315 0.00495485 0.00288675 0.00139929 0.000536675 0.000162593 4.03615e-05 8.54024e-06 1.57392e-06 2.52138e-07 3.3972e-08 3.49313e-09 1.96353e-10 0 
0 0.000416555 0.0026212 0.0069284 0.012944 0.0204164 0.0289895 0.0381908 0.0474811 0.0563081 0.0641735 0.0706611 0.0753786 0.0780218 0.0785131 0.0769287 0.0734528 0.0684375 0.0623195 0.0554849 0.0482805 0.0410411 0.0340634 0.0275804 0.0217536 0.0166734 0.0123644 0.00879292 0.00587982 0.00354869 0.00181053 0.000732803 0.000231083 5.85961e-05 1.24875e-05 2.29929e-06 3.66538e-07 4.90551e-08 5.00685e-09 2.79343e-10 0 
0 0.000492438 0.00298001 0.00770834 0.0143032 0.0225044 0.0319158 0.0420175 0.0522201 0.0619408 0.0706611 0.0778108 0.0827987 0.0854521 0.085941 0.0843871 0.0808111 0.0753802 0.0686003 0.0610414 0.0531163 0.0451668 0.0375064 0.03039 0.0239955 0.0184229 0.0137017 0.00979853 0.00662861 0.00409268 0.00216528 0.000914223 0.000298417 7.72052e-05 1.65869e-05 3.05697e-06 4.86015e-07 6.47621e-08 6.57681e-09 3.65037e-10 0 
0 0.000548996 0.0032371 0.00826529 0.0152767 0.0240009 0.0340135 0.0447612 0.055625 0.0660275 0.0753786 0.0827987 0.0876676 0.09016 0.0906223 0.0891864 0.0857803 0.0803254 0.0731685 0.0650637 0.0565991 0.0481355 0.0399846 0.032413 0.0256102 0.0196833 0.0146649 0.0105219 0.00716648 0.00448649 0.00243029 0.00105699 0.000354132 9.31284e-05 2.0157e-05 3.72202e-06 5.91189e-07 7.85971e-08 7.95924e-09 4.40456e-10 0 
0 0.000581574 0.00338114 0.00857625 0.0158206 0.024837 0.0351854 0.0462943 0.0575345 0.0683443 0.0780218 0.0854521 0.09016 0.0925425 0.0929892 0.0916283 0.0883673 0.0830215 0.0757517 0.0673466 0.0585653 0.0498099 0.0413836 0.0335564 0.0265241 0.0203978 0.0152119 0.0109335 0.0074735 0.00471332 0.00258673 0.0011447 0.000389783 0.000103627 2.25557e-05 4.17421e-06 6.63311e-07 8.81527e-08 8.92068e-09 4.93292e-10 0 
0 0.000588261 0.00340892 0.00863429 0.015921 0.0249905 0.0354004 0.0465758 0.0578866 0.0687755 0.0785131 0.085941 0.0906223 0.0929892 0.0934355 0.0920892 0.0888559 0.0835369 0.0762559 0.0677967 0.0589551 0.0501447 0.0416663 0.0337904 0.0267138 0.0205487 0.0153301 0.0110252 0.00754492 0.00476937 0.00262843 0.00117001 0.000400829 0.000107077 2.33837e-05 4.33733e-06 6.90446e-07 9.19021e-08 9.31454e-09 5.15926e-10 0 
0 0.000569683 0.00332452 0.00844832 0.0155932 0.0244853 0.0346918 0.0456489 0.0567318 0.0673723 0.0769287 0.0843871 0.0891864 0.0916283 0.0920892 0.0907008 0.0873788 0.08198 0.0747481 0.0664672 0.0578195 0.0491853 0.0408713 0.0331467 0.0262051 0.0201568 0.0150358 0.0108099 0.00739105 0.00466253 0.0025601 0.00113447 0.000387366 0.000103391 2.26076e-05 4.20433e-06 6.7154e-07 8.97318e-08 9.13315e-09 5.08191e-10 0 
0 0.000528669 0.0031383 0.00804134 0.0148786 0.0233854 0.0331494 0.0436318 0.0542255 0.0643481 0.0734528 0.0808111 0.0857803 0.0883673 0.0888559 0.0873788 0.0838977 0.0784346 0.0714246 0.06355 0.0553113 0.0470578 0.0391035 0.0317115 0.0250675 0.0192767 0.0143715 0.0103199 0.00703622 0.00441149 0.00239621 0.00104764 0.00035385 9.39841e-05 2.05614e-05 3.83904e-06 6.16846e-07 8.30104e-08 8.51568e-09 4.77839e-10 0 
0 0.000469817 0.00286578 0.00744719 0.0138389 0.0217864 0.030908 0.0407009 0.0505934 0.0600098 0.0684375 0.0753802 0.0803254 0.0830215 0.0835369 0.08198 0.0784346 0.0731517 0.0666193 0.0593262 0.051656 0.0439507 0.0365207 0.0296144 0.0234051 0.0179909 0.0134009 0.00960365 0.00651724 0.0040453 0.0021605 0.000925964 0.000308099 8.13689e-05 1.78441e-05 3.3567e-06 5.44959e-07 7.42218e-08 7.71363e-09 4.3875e-10 0 
0 0.000398985 0.00252635 0.00670668 0.0125487 0.0198049 0.0281314 0.0370708 0.0461004 0.0546817 0.0623195 0.0686003 0.0731685 0.0757517 0.0762559 0.0747481 0.0714246 0.0666193 0.060725 0.05411 0.0471225 0.0400945 0.0333159 0.0270138 0.0213459 0.0164007 0.0122035 0.00872258 0.0058821 0.00360384 0.0018861 0.00079129 0.000259884 6.85726e-05 1.51689e-05 2.89487e-06 4.78233e-07 6.63716e-08 7.03228e-09 4.0774e-10 0 
0 0.00032269 0.00214223 0.00586352 0.0110885 0.0175668 0.0249973 0.0329742 0.0410317 0.048687 0.0554849 0.0610414 0.0650637 0.0673466 0.0677967 0.0664672 0.06355 0.0593262 0.05411 0.0482266 0.0420016 0.035739 0.0296984 0.024082 0.0190292 0.0146178 0.0108677 0.00774762 0.00519027 0.00313976 0.00161558 0.000669001 0.000219498 5.86097e-05 1.3233e-05 2.58797e-06 4.38596e-07 6.24091e-08 6.76923e-09 4.00967e-10 0 
0 0.000247408 0.00173766 0.00496083 0.00953684 0.0151963 0.0216811 0.0286414 0.0356718 0.0423513 0.0482805 0.0531163 0.0565991 0.0585653 0.0589551 0.0578195 0.0553113 0.051656 0.0471225 0.0420016 0.0365826 0.0311321 0.0258762 0.0209903 0.0165948 0.0127555 0.00948672 0.00675858 0.00451566 0.00272123 0.00140012 0.000585919 0.000196747 5.4204e-05 1.26524e-05 2.55304e-06 4.44729e-07 6.47627e-08 7.15806e-09 4.30333e-10 0 
0 0.000178813 0.00133813 0.00403932 0.00796402 0.0128064 0.0183436 0.0242835 0.0302824 0.0359818 0.0410411 0.0451668 0.0481355 0.0498099 0.0501447 0.0491853 0.0470578 0.0439507 0.0400945 0.035739 0.0311321 0.0265015 0.0220398 0.0178963 0.0141724 0.0109227 0.00815759 0.0058503 0.00395336 0.00243176 0.00129481 0.000567845 0.00020056 5.77659e-05 1.39489e-05 2.88176e-06 5.09654e-07 7.48691e-08 8.30785e-09 4.99644e-10 0 
0 0.000121056 0.000968948 0.00313788 0.00642775 0.010491 0.0151202 0.0200794 0.0250858 0.0298416 0.0340634 0.0375064 0.0399846 0.0413836 0.0416663 0.0408713 0.0391035 0.0365207 0.0333159 0.0296984 0.0258762 0.0220398 0.0183509 0.0149347 0.0118785 0.00923505 0.00701819 0.00518803 0.00366257 0.00238177 0.00135578 0.000638126 0.000239009 7.13773e-05 1.7502e-05 3.62103e-06 6.3623e-07 9.24575e-08 1.01269e-08 6.0056e-10 0 
0 7.62594e-05 0.000652468 0.00229626 0.00497268 0.00831927 0.0121141 0.0161673 0.0202545 0.0241356 0.0275804 0.03039 0.032413 0.0335564 0.0337904 0.0331467 0.0317115 0.0296144 0.0270138 0.024082 0.0209903 0.0178963 0.0149347 0.0122156 0.00983987 0.00791693 0.0064993 0.00541358 0.00429549 0.00299801 0.00176027 0.00084857 0.000324421 9.70633e-05 2.34145e-05 4.72711e-06 8.09086e-07 1.14593e-07 1.22487e-08 7.10032e-10 0 
0 4.44172e-05 0.000403899 0.00155678 0.0036364 0.00633506 0.00939206 0.01264 0.0159064 0.0190048 0.0217536 0.0239955 0.0256102 0.0265241 0.0267138 0.0262051 0.0250675 0.0234051 0.0213459 0.0190292 0.0165948 0.0141724 0.0118785 0.00983987 0.00829048 0.00767807 0.00832793 0.00942918 0.00908506 0.00661991 0.00357174 0.00149408 0.000509095 0.000140316 3.15599e-05 6.02113e-06 9.87468e-07 1.35181e-07 1.40352e-08 7.93036e-10 0 
0 2.37881e-05 0.00022747 0.000959456 0.00246129 0.00456377 0.00698472 0.00954432 0.012105 0.0145271 0.0166734 0.0184229 0.0196833 0.0203978 0.0205487 0.0201568 0.0192767 0.0179909 0.0164007 0.0146178 0.0127555 0.0109227 0.00923505 0.00791693 0.00767807 0.0102032 0.0168482 0.0245905 0.0263973 0.0193875 0.00980833 0.00350014 0.000957592 0.00021745 4.20446e-05 7.21431e-06 1.11061e-06 1.46231e-07 1.47516e-08 8.138e-10 0 
0 1.16658e-05 0.000115657 0.000528115 0.00150093 0.00303336 0.00489683 0.00688397 0.00886125 0.0107214 0.0123644 0.0137017 0.0146649 0.0152119 0.0153301 0.0150358 0.0143715 0.0134009 0.0122035 0.0108677 0.00948672 0.00815759 0.00701819 0.0064993 0.00832793 0.0168482 0.0354788 0.0614821 0.0702066 0.0470917 0.0228418 0.00768279 0.00183131 0.000341676 5.42484e-05 7.96136e-06 1.12129e-06 1.41425e-07 1.39115e-08 7.52913e-10 0 
0 5.22554e-06 5.2881e-05 0.000256484 0.000802624 0.00179644 0.00313829 0.00463717 0.00614234 0.00755315 0.00879292 0.00979853 0.0105219 0.0109335 0.0110252 0.0108099 0.0103199 0.00960365 0.00872258 0.00774762 0.00675858 0.0058503 0.00518803 0.00541358 0.00942918 0.0245905 0.0614821 0.0868399 0.0896319 0.0796722 0.0387669 0.0123849 0.00279972 0.000465434 6.28508e-05 7.83122e-06 9.94445e-07 1.20088e-07 1.1592e-08 6.19893e-10 0 
0 2.13605e-06 2.1739e-05 0.000109478 0.000369573 0.000914266 0.00175996 0.00280313 0.0039046 0.00495485 0.00587982 0.00662861 0.00716648 0.0074735 0.00754492 0.00739105 0.00703622 0.00651724 0.0058821 0.00519027 0.00451566 0.00395336 0.00366257 0.00429549 0.00908506 0.0263973 0.0702066 0.0896319 0.0919311 0.0845608 0.045652 0.0136544 0.00303318 0.000479301 5.88098e-05 6.49421e-06 7.55822e-07 8.8285e-08 8.44573e-09 4.50193e-10 0 
0 7.97052e-07 8.05636e-06 4.12263e-05 0.000146026 0.000390934 0.000827259 0.00144169 0.00215903 0.00288675 0.00354869 0.00409268 0.00448649 0.00471332 0.00476937 0.00466253 0.00441149 0.0040453 0.00360384 0.00313976 0.00272123 0.00243176 0.00238177 0.00299801 0.00661991 0.0193875 0.0470917 0.0796722 0.0845608 0.0665159 0.0308047 0.0101128 0.00224054 0.000348728 4.10811e-05 4.28941e-06 4.80185e-07 5.562e-08 5.34542e-09 2.86818e-10 0 
0 2.71746e-07 2.70219e-06 1.38098e-05 4.99864e-05 0.00014048 0.000319251 0.000603971 0.000978931 0.00139929 0.00181053 0.00216528 0.00243029 0.00258673 0.00262843 0.0025601 0.00239621 0.0021605 0.0018861 0.00161558 0.00140012 0.00129481 0.00135578 0.00176027 0.00357174 0.00980833 0.0228418 0.0387669 0.045652 0.0308047 0.0151964 0.00501092 0.00111864 0.000175175 2.06802e-05 2.18843e-06 2.51588e-07 2.98924e-08 2.93069e-09 1.59857e-10 0 
0 8.47246e-08 8.23428e-07 4.15203e-06 1.50516e-05 4.31807e-05 0.000102171 0.000204395 0.000352927 0.000536675 0.000732803 0.000914223 0.00105699 0.0011447 0.00117001 0.00113447 0.00104764 0.000925964 0.00079129 0.000669001 0.000585919 0.000567845 0.000638126 0.00084857 0.00149408 0.00350014 0.00768279 0.0123849 0.0136544 0.0101128 0.00501092 0.00166818 0.00037918 6.08383e-05 7.52757e-06 8.6921e-07 1.09394e-07 1.37375e-08 1.39228e-09 7.78831e-11 0 
0 2.41563e-08 2.28527e-07 1.1283e-06 4.04295e-06 1.16066e-05 2.78618e-05 5.72819e-05 0.000102615 0.000162593 0.000231083 0.000298417 0.000354132 0.000389783 0.000400829 0.000387366 0.00035385 0.000308099 0.000259884 0.000219498 0.000196747 0.00020056 0.000239009 0.000324421 0.000509095 0.000957592 0.00183131 0.00279972 0.00303318 0.00224054 0.00111864 0.00037918 8.87179e-05 1.50134e-05 2.0723e-06 2.81122e-07 4.03447e-08 5.43566e-09 5.74324e-10 3.31784e-11 0 
0 6.28714e-09 5.77683e-08 2.78079e-07 9.77436e-07 2.77448e-06 6.64461e-06 1.37511e-05 2.4986e-05 4.03615e-05 5.85961e-05 7.72052e-05 9.31284e-05 0.000103627 0.000107077 0.000103391 9.39841e-05 8.13689e-05 6.85726e-05 5.86097e-05 5.4204e-05 5.77659e-05 7.13773e-05 9.70633e-05 0.000140316 0.00021745 0.000341676 0.000465434 0.000479301 0.000348728 0.000175175 6.08383e-05 1.50134e-05 2.83867e-06 4.72862e-07 7.87286e-08 1.2902e-08 1.86374e-09 2.06103e-10 1.23579e-11 0 
0 1.48638e-09 1.3253e-08 6.20726e-08 2.13192e-07 5.94519e-07 1.40734e-06 2.89657e-06 5.2635e-06 8.54024e-06 1.24875e-05 1.65869e-05 2.0157e-05 2.25557e-05 2.33837e-05 2.26076e-05 2.05614e-05 1.78441e-05 1.51689e-05 1.3233e-05 1.26524e-05 1.39489e-05 1.7502e-05 2.34145e-05 3.15599e-05 4.20446e-05 5.42484e-05 6.28508e-05 5.88098e-05 4.10811e-05 2.06802e-05 7.52757e-06 2.0723e-06 4.72862e-07 9.92243e-08 1.98412e-08 3.61034e-09 5.54905e-10 6.43151e-11 4.01573e-12 0 
0 3.15861e-10 2.73308e-09 1.24479e-08 4.17073e-08 1.1392e-07 2.65327e-07 5.39765e-07 9.73632e-07 1.57392e-06 2.29929e-06 3.05697e-06 3.72202e-06 4.17421e-06 4.33733e-06 4.20433e-06 3.83904e-06 3.3567e-06 2.89487e-06 2.58797e-06 2.55304e-06 2.88176e-06 3.62103e-06 4.72711e-06 6.02113e-06 7.21431e-06 7.96136e-06 7.83122e-06 6.49421e-06 4.28941e-06 2.18843e-06 8.6921e-07 2.81122e-07 7.87286e-08 1.98412e-08 4.48055e-09 8.79159e-10 1.4281e-10 1.73525e-11 1.13032e-12 0 
0 5.90774e-11 4.9642e-10 2.19939e-09 7.18717e-09 1.92084e-08 4.39318e-08 8.80887e-08 1.57174e-07 2.52138e-07 3.66538e-07 4.86015e-07 5.91189e-07 6.63311e-07 6.90446e-07 6.7154e-07 6.16846e-07 5.44959e-07 4.78233e-07 4.38596e-07 4.44729e-07 5.09654e-07 6.3623e-07 8.09086e-07 9.87468e-07 1.11061e-06 1.12129e-06 9.94445e-07 7.55822e-07 4.80185e-07 2.51588e-07 1.09394e-07 4.03447e-08 1.2902e-08 3.61034e-09 8.79159e-10 1.8296e-10 3.12821e-11 3.98293e-12 2.70827e-13 0 
0 9.31132e-12 7.6066e-11 3.2814e-10 1.0464e-09 2.73658e-09 6.14333e-09 1.21292e-08 2.13766e-08 3.3972e-08 4.90551e-08 6.47621e-08 7.85971e-08 8.81527e-08 9.19021e-08 8.97318e-08 8.30104e-08 7.42218e-08 6.63716e-08 6.24091e-08 6.47627e-08 7.48691e-08 9.24575e-08 1.14593e-07 1.35181e-07 1.46231e-07 1.41425e-07 1.20088e-07 8.8285e-08 5.562e-08 2.98924e-08 1.37375e-08 5.43566e-09 1.86374e-09 5.54905e-10 1.4281e-10 3.12821e-11 5.61348e-12 7.4803e-13 5.3077e-14 0 
0 1.11571e-12 8.87302e-12 3.7317e-11 1.16247e-10 2.97701e-10 6.56195e-10 1.27568e-09 2.21999e-09 3.49313e-09 5.00685e-09 6.57681e-09 7.95924e-09 8.92068e-09 9.31454e-09 9.13315e-09 8.51568e-09 7.71363e-09 7.03228e-09 6.76923e-09 7.15806e-09 8.30785e-09 1.01269e-08 1.22487e-08 1.40352e-08 1.47516e-08 1.39115e-08 1.1592e-08 8.44573e-09 5.34542e-09 2.93069e-09 1.39228e-09 5.74324e-10 2.06103e-10 6.43151e-11 1.73525e-11 3.98293e-12 7.4803e-13 1.04136e-13 7.70227e-15 0 
0 7.25819e-14 5.62779e-13 2.31082e-12 7.04108e-12 1.76761e-11 3.82859e-11 7.33245e-11 1.26029e-10 1.96353e-10 2.79343e-10 3.65037e-10 4.40456e-10 4.93292e-10 5.15926e-10 5.08191e-10 4.77839e-10 4.3875e-10 4.0774e-10 4.00967e-10 4.30333e-10 4.99644e-10 6.0056e-10 7.10032e-10 7.93036e-10 8.138e-10 7.52913e-10 6.19893e-10 4.50193e-10 2.86818e-10 1.59857e-10 7.78831e-11 3.31784e-11 1.23579e-11 4.01573e-12 1.13032e-12 2.70827e-13 5.3077e-14 7.70227e-15 5.9291e-16 0 
0 0 0 0 0 0 0 0 0 0 0 0 0 0 0 0 0 0 0 0 0 0 0 0 0 0 0 0 0 0 0 0 0 0 0 0 0 0 0 0 0 
