0 0 0 0 0 0 0 0 0 0 0 0 0 0 0 0 0 0 0 0 0 0 0 0 0 0 0 0 0 0 0 0 0 0 0 0 0 0 0 0 0 
0 1.76733e-18 1.6971e-17 8.68473e-17 3.31285e-16 1.04362e-15 2.83639e-15 6.79802e-15 1.45429e-14 2.797e-14 4.85828e-14 7.6451e-14 1.09255e-13 1.42089e-13 1.68506e-13 1.82602e-13 1.81221e-13 1.65119e-13 1.38496e-13 1.0725e-13 7.69206e-14 5.12629e-14 3.18544e-14 1.85208e-14 1.0111e-14 5.20046e-15 2.52813e-15 1.16497e-15 5.10055e-16 2.12539e-16 8.4351e-17 3.18655e-17 1.14316e-17 3.87558e-18 1.23109e-18 3.61129e-19 9.53835e-20 2.16241e-20 3.77977e-21 3.62279e-22 0 
0 1.6971e-17 1.6838e-16 8.90616e-16 3.51061e-15 1.14188e-14 3.19999e-14 7.89368e-14 1.73415e-13 3.41612e-13 6.06e-13 9.70908e-13 1.40812e-12 1.8524e-12 2.21488e-12 2.41228e-12 2.39893e-12 2.18418e-12 1.82615e-12 1.4066e-12 1.00166e-12 6.6189e-13 4.07419e-13 2.34524e-13 1.26742e-13 6.45483e-14 3.10901e-14 1.42071e-14 6.17532e-15 2.55777e-15 1.01026e-15 3.8026e-16 1.36049e-16 4.60309e-17 1.45976e-17 4.27492e-18 1.12684e-18 2.54777e-19 4.43731e-20 4.23298e-21 0 
0 8.68473e-17 8.90616e-16 4.8717e-15 1.98571e-14 6.67395e-14 1.9301e-13 4.90451e-13 1.10741e-12 2.23627e-12 4.05478e-12 6.61933e-12 9.74983e-12 1.2983e-11 1.56618e-11 1.71549e-11 1.71059e-11 1.55737e-11 1.29884e-11 9.95872e-12 7.04745e-12 4.62205e-12 2.82145e-12 1.61005e-12 8.62616e-13 4.35733e-13 2.08322e-13 9.45904e-14 4.09026e-14 1.68752e-14 6.6471e-15 2.49765e-15 8.92726e-16 3.01868e-16 9.56751e-17 2.79922e-17 7.36638e-18 1.6611e-18 2.88181e-19 2.73469e-20 0 
0 3.31285e-16 3.51061e-15 1.98571e-14 8.36945e-14 2.9069e-13 8.67692e-13 2.27176e-12 5.27366e-12 1.09207e-11 2.02477e-11 3.36957e-11 5.04335e-11 6.80217e-11 8.28458e-11 9.13342e-11 9.14006e-11 8.32933e-11 6.93724e-11 5.3017e-11 3.73395e-11 2.43464e-11 1.47663e-11 8.37089e-12 4.45651e-12 2.23832e-12 1.06504e-12 4.81846e-13 2.07862e-13 8.56555e-14 3.37339e-14 1.26829e-14 4.53761e-15 1.53582e-15 4.87029e-16 1.42453e-16 3.74344e-17 8.41768e-18 1.45402e-18 1.37156e-19 0 
0 1.04362e-15 1.14188e-14 6.67395e-14 2.9069e-13 1.04278e-12 3.21123e-12 8.65979e-12 2.06633e-11 4.38766e-11 8.31912e-11 1.41166e-10 2.14788e-10 2.93587e-10 3.61279e-10 4.01263e-10 4.03456e-10 3.68519e-10 3.07001e-10 2.34282e-10 1.64559e-10 1.06923e-10 6.46019e-11 3.6486e-11 1.93621e-11 9.70166e-12 4.61031e-12 2.08559e-12 9.00667e-13 3.71924e-13 1.4689e-13 5.54017e-14 1.98824e-14 6.74658e-15 2.14277e-15 6.26889e-16 1.64509e-16 3.68753e-17 6.33758e-18 5.937e-19 0 
0 2.83639e-15 3.19999e-14 1.9301e-13 8.67692e-13 3.21123e-12 1.01921e-11 2.82864e-11 6.93324e-11 1.50895e-10 2.92514e-10 5.06136e-10 7.83077e-10 1.08534e-09 1.35055e-09 1.51285e-09 1.53045e-09 1.40353e-09 1.17186e-09 8.95085e-10 6.28693e-10 4.08302e-10 2.46574e-10 1.39252e-10 7.395e-11 3.71191e-11 1.76913e-11 8.03617e-12 3.48833e-12 1.44893e-12 5.7577e-13 2.1845e-13 7.88064e-14 2.68485e-14 8.54793e-15 2.50207e-15 6.55553e-16 1.46389e-16 2.50093e-17 2.32404e-18 0 
0 6.79802e-15 7.89368e-14 4.90451e-13 2.27176e-12 8.65979e-12 2.82864e-11 8.06905e-11 2.02957e-10 4.52398e-10 8.96241e-10 1.58107e-09 2.4879e-09 3.49837e-09 4.40592e-09 4.98394e-09 5.08124e-09 4.68815e-09 3.93276e-09 3.01523e-09 2.12478e-09 1.38439e-09 8.39066e-10 4.75945e-10 2.54133e-10 1.28416e-10 6.16903e-11 2.82748e-11 1.23929e-11 5.19892e-12 2.08585e-12 7.98286e-13 2.90071e-13 9.93483e-14 3.17254e-14 9.29094e-15 2.42912e-15 5.39891e-16 9.15767e-17 8.43e-18 0 
0 1.45429e-14 1.73415e-13 1.10741e-12 5.27366e-12 2.06633e-11 6.93324e-11 2.02957e-10 5.23146e-10 1.1931e-09 2.41393e-09 4.3405e-09 6.94738e-09 9.91674e-09 1.26533e-08 1.44753e-08 1.49019e-08 1.38661e-08 1.17209e-08 9.05115e-09 6.42426e-09 4.21779e-09 2.57814e-09 1.47656e-09 7.97118e-10 4.0779e-10 1.98564e-10 9.23201e-11 4.10576e-11 1.74695e-11 7.101e-12 2.74853e-12 1.00773e-12 3.47302e-13 1.11264e-13 3.25873e-14 8.49448e-15 1.87677e-15 3.15596e-16 2.87322e-17 0 
0 2.797e-14 3.41612e-13 2.23627e-12 1.09207e-11 4.38766e-11 1.50895e-10 4.52398e-10 1.1931e-09 2.78053e-09 5.74065e-09 1.05173e-08 1.7125e-08 2.48289e-08 3.21332e-08 3.72388e-08 3.87973e-08 3.65111e-08 3.12052e-08 2.43689e-08 1.75015e-08 1.16384e-08 7.21523e-09 4.1976e-09 2.3055e-09 1.20165e-09 5.96718e-10 2.83041e-10 1.28367e-10 5.563e-11 2.29843e-11 9.01796e-12 3.34068e-12 1.1591e-12 3.72445e-13 1.09003e-13 2.82924e-14 6.20398e-15 1.03242e-15 9.27859e-17 0 
0 4.85828e-14 6.06e-13 4.05478e-12 2.02477e-11 8.31912e-11 2.92514e-10 8.96241e-10 2.41393e-09 5.74065e-09 1.20829e-08 2.25449e-08 3.73482e-08 5.50401e-08 7.23436e-08 8.5095e-08 8.99562e-08 8.58985e-08 7.4525e-08 5.91277e-08 4.31975e-08 2.92687e-08 1.85222e-08 1.10206e-08 6.20137e-09 3.31576e-09 1.69012e-09 8.22658e-10 3.82374e-10 1.69445e-10 7.13638e-11 2.84337e-11 1.06511e-11 3.72027e-12 1.19805e-12 3.49912e-13 9.02781e-14 1.9609e-14 3.22261e-15 2.85303e-16 0 
0 7.6451e-14 9.70908e-13 6.61933e-12 3.36957e-11 1.41166e-10 5.06136e-10 1.58107e-09 4.3405e-09 1.05173e-08 2.25449e-08 4.28221e-08 7.21864e-08 1.08218e-07 1.44677e-07 1.73114e-07 1.86241e-07 1.8113e-07 1.60248e-07 1.29859e-07 9.70945e-08 6.74807e-08 4.3907e-08 2.692e-08 1.56369e-08 8.63937e-09 4.55043e-09 2.28602e-09 1.09408e-09 4.97501e-10 2.14077e-10 8.67177e-11 3.28523e-11 1.15434e-11 3.72045e-12 1.08235e-12 2.76973e-13 5.94517e-14 9.62597e-15 8.37554e-16 0 
0 1.09255e-13 1.40812e-12 9.74983e-12 5.04335e-11 2.14788e-10 7.83077e-10 2.4879e-09 6.94738e-09 1.7125e-08 3.73482e-08 7.21864e-08 1.23858e-07 1.89072e-07 2.57553e-07 3.14298e-07 3.45287e-07 3.43493e-07 3.11492e-07 2.59376e-07 1.99832e-07 1.43529e-07 9.67848e-08 6.16459e-08 3.72592e-08 2.14304e-08 1.17407e-08 6.12102e-09 3.02913e-09 1.41746e-09 6.24161e-10 2.57152e-10 9.84632e-11 3.4754e-11 1.11875e-11 3.23393e-12 8.18621e-13 1.73171e-13 2.75501e-14 2.34997e-15 0 
0 1.42089e-13 1.8524e-12 1.2983e-11 6.80217e-11 2.93587e-10 1.08534e-09 3.49837e-09 9.91674e-09 2.48289e-08 5.50401e-08 1.08218e-07 1.89072e-07 2.9425e-07 4.09245e-07 5.10834e-07 5.75307e-07 5.88253e-07 5.49978e-07 4.73759e-07 3.78957e-07 2.83601e-07 1.99896e-07 1.33405e-07 8.45863e-08 5.10234e-08 2.92588e-08 1.5909e-08 8.16938e-09 3.94216e-09 1.77763e-09 7.44516e-10 2.87698e-10 1.01777e-10 3.26317e-11 9.34391e-12 2.33232e-12 4.84723e-13 7.55496e-14 6.30044e-15 0 
0 1.68506e-13 2.21488e-12 1.56618e-11 8.28458e-11 3.61279e-10 1.35055e-09 4.40592e-09 1.26533e-08 3.21332e-08 7.23436e-08 1.44677e-07 2.57553e-07 4.09245e-07 5.82534e-07 7.46279e-07 8.6539e-07 9.14463e-07 8.87179e-07 7.96491e-07 6.66939e-07 5.24639e-07 3.90017e-07 2.75122e-07 1.84491e-07 1.17544e-07 7.09612e-08 4.04132e-08 2.15924e-08 1.07573e-08 4.96616e-09 2.1113e-09 8.21346e-10 2.90307e-10 9.23778e-11 2.6106e-11 6.40201e-12 1.30265e-12 1.98279e-13 1.61207e-14 0 
0 1.82602e-13 2.41228e-12 1.71549e-11 9.13342e-11 4.01263e-10 1.51285e-09 4.98394e-09 1.44753e-08 3.72388e-08 8.5095e-08 1.73114e-07 3.14298e-07 5.10834e-07 7.46279e-07 9.84995e-07 1.18189e-06 1.2985e-06 1.31654e-06 1.24179e-06 1.09807e-06 9.16294e-07 7.25027e-07 5.45313e-07 3.89782e-07 2.64043e-07 1.6868e-07 1.00973e-07 5.62344e-08 2.8929e-08 1.36547e-08 5.87743e-09 2.29381e-09 8.06741e-10 2.53675e-10 7.04444e-11 1.69023e-11 3.35443e-12 4.9695e-13 3.92756e-14 0 
0 1.81221e-13 2.39893e-12 1.71059e-11 9.14006e-11 4.03456e-10 1.53045e-09 5.08124e-09 1.49019e-08 3.87973e-08 8.99562e-08 1.86241e-07 3.45287e-07 5.75307e-07 8.6539e-07 1.18189e-06 1.47544e-06 1.69649e-06 1.8113e-06 1.8102e-06 1.7057e-06 1.52387e-06 1.29502e-06 1.04726e-06 8.03809e-07 5.82448e-07 3.95507e-07 2.49525e-07 1.44979e-07 7.69428e-08 3.70389e-08 1.60808e-08 6.26706e-09 2.18212e-09 6.74549e-10 1.83156e-10 4.28016e-11 8.25157e-12 1.18568e-12 9.08271e-14 0 
0 1.65119e-13 2.18418e-12 1.55737e-11 8.32933e-11 3.68519e-10 1.40353e-09 4.68815e-09 1.38661e-08 3.65111e-08 8.58985e-08 1.8113e-07 3.43493e-07 5.88253e-07 9.14463e-07 1.2985e-06 1.69649e-06 2.05576e-06 2.32963e-06 2.48813e-06 2.52075e-06 2.43278e-06 2.23956e-06 1.96263e-06 1.62861e-06 1.26925e-06 9.19633e-07 6.12678e-07 3.7135e-07 2.02903e-07 9.9241e-08 4.32409e-08 1.67304e-08 5.73204e-09 1.73156e-09 4.57172e-10 1.03543e-10 1.93095e-11 2.68177e-12 1.9856e-13 0 
0 1.38496e-13 1.82615e-12 1.29884e-11 6.93724e-11 3.07001e-10 1.17186e-09 3.93276e-09 1.17209e-08 3.12052e-08 7.4525e-08 1.60248e-07 3.11492e-07 5.49978e-07 8.87179e-07 1.31654e-06 1.8113e-06 2.32963e-06 2.82411e-06 3.25027e-06 3.5705e-06 3.75346e-06 3.77264e-06 3.60868e-06 3.25784e-06 2.74443e-06 2.12874e-06 1.4995e-06 9.47166e-07 5.31111e-07 2.62602e-07 1.14098e-07 4.3518e-08 1.45664e-08 4.27115e-09 1.08994e-09 2.38018e-10 4.27561e-11 5.72022e-12 4.08314e-13 0 
0 1.0725e-13 1.4066e-12 9.95872e-12 5.3017e-11 2.34282e-10 8.95085e-10 3.01523e-09 9.05115e-09 2.43689e-08 5.91277e-08 1.29859e-07 2.59376e-07 4.73759e-07 7.96491e-07 1.24179e-06 1.8102e-06 2.48813e-06 3.25027e-06 4.06137e-06 4.87403e-06 5.622e-06 6.21283e-06 6.52902e-06 6.44971e-06 5.90018e-06 4.9141e-06 3.66325e-06 2.40777e-06 1.37994e-06 6.85357e-07 2.94581e-07 1.09807e-07 3.56091e-08 1.0059e-08 2.46519e-09 5.16378e-10 8.89888e-11 1.14341e-11 7.85175e-13 0 
0 7.69206e-14 1.00166e-12 7.04745e-12 3.73395e-11 1.64559e-10 6.28693e-10 2.12478e-09 6.42426e-09 1.75015e-08 4.31975e-08 9.70945e-08 1.99832e-07 3.78957e-07 6.66939e-07 1.09807e-06 1.7057e-06 2.52075e-06 3.5705e-06 4.87403e-06 6.42915e-06 8.18563e-06 1.00044e-05 1.16168e-05 1.26244e-05 1.26011e-05 1.13146e-05 8.95237e-06 6.12827e-06 3.57994e-06 1.77278e-06 7.45282e-07 2.68043e-07 8.32292e-08 2.24389e-08 5.24458e-09 1.04842e-09 1.72708e-10 2.12607e-11 1.40242e-12 0 
0 5.12629e-14 6.6189e-13 4.62205e-12 2.43464e-11 1.06923e-10 4.08302e-10 1.38439e-09 4.21779e-09 1.16384e-08 2.92687e-08 6.74807e-08 1.43529e-07 2.83601e-07 5.24639e-07 9.16294e-07 1.52387e-06 2.43278e-06 3.75346e-06 5.622e-06 8.18563e-06 1.15535e-05 1.56868e-05 2.02237e-05 2.43178e-05 2.67061e-05 2.61925e-05 2.23929e-05 1.6251e-05 9.76501e-06 4.78947e-06 1.92482e-06 6.47224e-07 1.86933e-07 4.71591e-08 1.03973e-08 1.97235e-09 3.0965e-10 3.64636e-11 2.30908e-12 0 
0 3.18544e-14 4.07419e-13 2.82145e-12 1.47663e-11 6.46019e-11 2.46574e-10 8.39066e-10 2.57814e-09 7.21523e-09 1.85222e-08 4.3907e-08 9.67848e-08 1.99896e-07 3.90017e-07 7.25027e-07 1.29502e-06 2.23956e-06 3.77264e-06 6.21283e-06 1.00044e-05 1.56868e-05 2.37269e-05 3.41295e-05 4.59421e-05 5.70249e-05 6.40836e-05 6.29646e-05 5.12719e-05 3.28018e-05 1.59672e-05 5.91872e-06 1.73465e-06 4.29161e-07 9.50732e-08 1.91349e-08 3.40351e-09 5.07534e-10 5.71428e-11 3.47595e-12 0 
0 1.85208e-14 2.34524e-13 1.61005e-12 8.37089e-12 3.6486e-11 1.39252e-10 4.75945e-10 1.47656e-09 4.1976e-09 1.10206e-08 2.692e-08 6.16459e-08 1.33405e-07 2.75122e-07 5.45313e-07 1.04726e-06 1.96263e-06 3.60868e-06 6.52902e-06 1.16168e-05 2.02237e-05 3.41295e-05 5.53452e-05 8.62882e-05 0.000129789 0.000182513 0.000220654 0.000208561 0.000144141 7.0451e-05 2.42364e-05 6.03032e-06 1.16918e-06 2.00067e-07 3.34138e-08 5.36042e-09 7.5255e-10 8.1008e-11 4.74252e-12 0 
0 1.0111e-14 1.26742e-13 8.62616e-13 4.45651e-12 1.93621e-11 7.395e-11 2.54133e-10 7.97118e-10 2.3055e-09 6.20137e-09 1.56369e-08 3.72592e-08 8.45863e-08 1.84491e-07 3.89782e-07 8.03809e-07 1.62861e-06 3.25784e-06 6.44971e-06 1.26244e-05 2.43178e-05 4.59421e-05 8.62882e-05 0.00016669 0.000327997 0.000589424 0.000844021 0.000878973 0.000635743 0.000312918 0.000104203 2.3688e-05 3.82033e-06 4.85889e-07 5.9117e-08 7.78739e-09 1.00132e-09 1.02853e-10 5.81352e-12 0 
0 5.20046e-15 6.45483e-14 4.35733e-13 2.23832e-12 9.70166e-12 3.71191e-11 1.28416e-10 4.0779e-10 1.20165e-09 3.31576e-09 8.63937e-09 2.14304e-08 5.10234e-08 1.17544e-07 2.64043e-07 5.82448e-07 1.26925e-06 2.74443e-06 5.90018e-06 1.26011e-05 2.67061e-05 5.70249e-05 0.000129789 0.000327997 0.00082998 0.00175631 0.00274342 0.0029789 0.00219259 0.00108238 0.000356603 7.8432e-05 1.16705e-05 1.23866e-06 1.10073e-07 1.07132e-08 1.19176e-09 1.15894e-10 6.34913e-12 0 
0 2.52813e-15 3.10901e-14 2.08322e-13 1.06504e-12 4.61031e-12 1.76913e-11 6.16903e-11 1.98564e-10 5.96718e-10 1.69012e-09 4.55043e-09 1.17407e-08 2.92588e-08 7.09612e-08 1.6868e-07 3.95507e-07 9.19633e-07 2.12874e-06 4.9141e-06 1.13146e-05 2.61925e-05 6.40836e-05 0.000182513 0.000589424 0.00175631 0.00403554 0.00654105 0.00721182 0.00533534 0.00263321 0.000863655 0.00018771 2.71026e-05 2.65829e-06 1.94725e-07 1.39765e-08 1.2665e-09 1.14978e-10 6.13135e-12 0 
0 1.16497e-15 1.42071e-14 9.45904e-14 4.81846e-13 2.08559e-12 8.03617e-12 2.82748e-11 9.23201e-11 2.83041e-10 8.22658e-10 2.28602e-09 6.12102e-09 1.5909e-08 4.04132e-08 1.00973e-07 2.49525e-07 6.12678e-07 1.4995e-06 3.66325e-06 8.95237e-06 2.23929e-05 6.29646e-05 0.000220654 0.000844021 0.00274342 0.00654105 0.0107563 0.0119215 0.00883107 0.00435482 0.0014248 0.000308123 4.39642e-05 4.1753e-06 2.78589e-07 1.61808e-08 1.18616e-09 9.96552e-11 5.20241e-12 0 
0 5.10055e-16 6.17532e-15 4.09026e-14 2.07862e-13 9.00667e-13 3.48833e-12 1.23929e-11 4.10576e-11 1.28367e-10 3.82374e-10 1.09408e-09 3.02913e-09 8.16938e-09 2.15924e-08 5.62344e-08 1.44979e-07 3.7135e-07 9.47166e-07 2.40777e-06 6.12827e-06 1.6251e-05 5.12719e-05 0.000208561 0.000878973 0.0029789 0.00721182 0.0119215 0.0132359 0.00980795 0.00483397 0.00157945 0.000340738 4.83725e-05 4.53307e-06 2.90347e-07 1.5062e-08 9.48126e-10 7.47931e-11 3.85935e-12 0 
0 2.12539e-16 2.55777e-15 1.68752e-14 8.56555e-14 3.71924e-13 1.44893e-12 5.19892e-12 1.74695e-11 5.563e-11 1.69445e-10 4.97501e-10 1.41746e-09 3.94216e-09 1.07573e-08 2.8929e-08 7.69428e-08 2.02903e-07 5.31111e-07 1.37994e-06 3.57994e-06 9.76501e-06 3.28018e-05 0.000144141 0.000635743 0.00219259 0.00533534 0.00883107 0.00980795 0.00726783 0.00358099 0.00116921 0.000251936 3.56937e-05 3.32924e-06 2.10308e-07 1.04874e-08 6.23253e-10 4.81983e-11 2.49509e-12 0 
0 8.4351e-17 1.01026e-15 6.6471e-15 3.37339e-14 1.4689e-13 5.7577e-13 2.08585e-12 7.101e-12 2.29843e-11 7.13638e-11 2.14077e-10 6.24161e-10 1.77763e-09 4.96616e-09 1.36547e-08 3.70389e-08 9.9241e-08 2.62602e-07 6.85357e-07 1.77278e-06 4.78947e-06 1.59672e-05 7.0451e-05 0.000312918 0.00108238 0.00263321 0.00435482 0.00483397 0.00358099 0.00176392 0.000575682 0.000123996 1.75668e-05 1.64004e-06 1.04119e-07 5.30536e-09 3.30896e-10 2.65757e-11 1.40415e-12 0 
0 3.18655e-17 3.8026e-16 2.49765e-15 1.26829e-14 5.54017e-14 2.1845e-13 7.98286e-13 2.74853e-12 9.01796e-12 2.84337e-11 8.67177e-11 2.57152e-10 7.44516e-10 2.1113e-09 5.87743e-09 1.60808e-08 4.32409e-08 1.14098e-07 2.94581e-07 7.45282e-07 1.92482e-06 5.91872e-06 2.42364e-05 0.000104203 0.000356603 0.000863655 0.0014248 0.00157945 0.00116921 0.000575682 0.000187854 4.0483e-05 5.74819e-06 5.40758e-07 3.53051e-08 1.97569e-09 1.43848e-10 1.25881e-11 6.88365e-13 0 
0 1.14316e-17 1.36049e-16 8.92726e-16 4.53761e-15 1.98824e-14 7.88064e-14 2.90071e-13 1.00773e-12 3.34068e-12 1.06511e-11 3.28523e-11 9.84632e-11 2.87698e-10 8.21346e-10 2.29381e-09 6.26706e-09 1.67304e-08 4.3518e-08 1.09807e-07 2.68043e-07 6.47224e-07 1.73465e-06 6.03032e-06 2.3688e-05 7.8432e-05 0.00018771 0.000308123 0.000340738 0.000251936 0.000123996 4.0483e-05 8.74383e-06 1.24986e-06 1.20084e-07 8.42683e-09 5.7574e-10 5.31825e-11 5.16463e-12 2.94442e-13 0 
0 3.87558e-18 4.60309e-17 3.01868e-16 1.53582e-15 6.74658e-15 2.68485e-14 9.93483e-14 3.47302e-13 1.1591e-12 3.72027e-12 1.15434e-11 3.4754e-11 1.01777e-10 2.90307e-10 8.06741e-10 2.18212e-09 5.73204e-09 1.45664e-08 3.56091e-08 8.32292e-08 1.86933e-07 4.29161e-07 1.16918e-06 3.82033e-06 1.16705e-05 2.71026e-05 4.39642e-05 4.83725e-05 3.56937e-05 1.75668e-05 5.74819e-06 1.24986e-06 1.82011e-07 1.85013e-08 1.53722e-09 1.45916e-10 1.73327e-11 1.84665e-12 1.09982e-13 0 
0 1.23109e-18 1.45976e-17 9.56751e-17 4.87029e-16 2.14277e-15 8.54793e-15 3.17254e-14 1.11264e-13 3.72445e-13 1.19805e-12 3.72045e-12 1.11875e-11 3.26317e-11 9.23778e-11 2.53675e-10 6.74549e-10 1.73156e-09 4.27115e-09 1.0059e-08 2.24389e-08 4.71591e-08 9.50732e-08 2.00067e-07 4.85889e-07 1.23866e-06 2.65829e-06 4.1753e-06 4.53307e-06 3.32924e-06 1.64004e-06 5.40758e-07 1.20084e-07 1.85013e-08 2.19105e-09 2.54084e-10 3.51684e-11 5.03106e-12 5.75526e-13 3.58109e-14 0 
0 3.61129e-19 4.27492e-18 2.79922e-17 1.42453e-16 6.26889e-16 2.50207e-15 9.29094e-15 3.25873e-14 1.09003e-13 3.49912e-13 1.08235e-12 3.23393e-12 9.34391e-12 2.6106e-11 7.04444e-11 1.83156e-10 4.57172e-10 1.08994e-09 2.46519e-09 5.24458e-09 1.03973e-08 1.91349e-08 3.34138e-08 5.9117e-08 1.10073e-07 1.94725e-07 2.78589e-07 2.90347e-07 2.10308e-07 1.04119e-07 3.53051e-08 8.42683e-09 1.53722e-09 2.54084e-10 4.46856e-11 8.05261e-12 1.28331e-12 1.55272e-13 1.00934e-14 0 
0 9.53835e-20 1.12684e-18 7.36638e-18 3.74344e-17 1.64509e-16 6.55553e-16 2.42912e-15 8.49448e-15 2.82924e-14 9.02781e-14 2.76973e-13 8.18621e-13 2.33232e-12 6.40201e-12 1.69023e-11 4.28016e-11 1.03543e-10 2.38018e-10 5.16378e-10 1.04842e-09 1.97235e-09 3.40351e-09 5.36042e-09 7.78739e-09 1.07132e-08 1.39765e-08 1.61808e-08 1.5062e-08 1.04874e-08 5.30536e-09 1.97569e-09 5.7574e-10 1.45916e-10 3.51684e-11 8.05261e-12 1.64693e-12 2.80414e-13 3.56443e-14 2.42035e-15 0 
0 2.16241e-20 2.54777e-19 1.6611e-18 8.41768e-18 3.68753e-17 1.46389e-16 5.39891e-16 1.87677e-15 6.20398e-15 1.9609e-14 5.94517e-14 1.73171e-13 4.84723e-13 1.30265e-12 3.35443e-12 8.25157e-12 1.93095e-11 4.27561e-11 8.89888e-11 1.72708e-10 3.0965e-10 5.07534e-10 7.5255e-10 1.00132e-09 1.19176e-09 1.2665e-09 1.18616e-09 9.48126e-10 6.23253e-10 3.30896e-10 1.43848e-10 5.31825e-11 1.73327e-11 5.03106e-12 1.28331e-12 2.80414e-13 5.02731e-14 6.69379e-15 4.74514e-16 0 
0 3.77977e-21 4.43731e-20 2.88181e-19 1.45402e-18 6.33758e-18 2.50093e-17 9.15767e-17 3.15596e-16 1.03242e-15 3.22261e-15 9.62597e-15 2.75501e-14 7.55496e-14 1.98279e-13 4.9695e-13 1.18568e-12 2.68177e-12 5.72022e-12 1.14341e-11 2.12607e-11 3.64636e-11 5.71428e-11 8.1008e-11 1.02853e-10 1.15894e-10 1.14978e-10 9.96552e-11 7.47931e-11 4.81983e-11 2.65757e-11 1.25881e-11 5.16463e-12 1.84665e-12 5.75526e-13 1.55272e-13 3.56443e-14 6.69379e-15 9.31537e-16 6.88599e-17 0 
0 3.62279e-22 4.23298e-21 2.73469e-20 1.37156e-19 5.937e-19 2.32404e-18 8.43e-18 2.87322e-17 9.27859e-17 2.85303e-16 8.37554e-16 2.34997e-15 6.30044e-15 1.61207e-14 3.92756e-14 9.08271e-14 1.9856e-13 4.08314e-13 7.85175e-13 1.40242e-12 2.30908e-12 3.47595e-12 4.74252e-12 5.81352e-12 6.34913e-12 6.13135e-12 5.20241e-12 3.85935e-12 2.49509e-12 1.40415e-12 6.88365e-13 2.94442e-13 1.09982e-13 3.58109e-14 1.00934e-14 2.42035e-15 4.74514e-16 6.88599e-17 5.29936e-18 0 
0 0 0 0 0 0 0 0 0 0 0 0 0 0 0 0 0 0 0 0 0 0 0 0 0 0 0 0 0 0 0 0 0 0 0 0 0 0 0 0 0 
