0 0 0 0 0 0 0 0 0 0 0 0 0 0 0 0 0 0 0 0 0 0 0 0 0 0 0 0 0 0 0 0 0 0 0 0 0 0 0 0 0 
0 1.92446e-09 1.80673e-08 8.84392e-08 3.14647e-07 8.99974e-07 2.16291e-06 4.47628e-06 8.11293e-06 1.30523e-05 1.886e-05 2.47293e-05 2.96811e-05 3.28382e-05 3.36624e-05 3.20803e-05 2.84714e-05 2.3539e-05 1.81143e-05 1.29543e-05 8.59177e-06 5.27393e-06 2.99093e-06 1.56525e-06 7.55538e-07 3.3646e-07 1.38355e-07 5.26029e-08 1.85199e-08 6.0466e-09 1.83267e-09 5.15794e-10 1.34664e-10 3.25148e-11 7.21459e-12 1.45362e-12 2.60057e-13 3.95001e-14 4.58996e-15 2.91097e-16 0 
0 1.80673e-08 1.76721e-07 8.98738e-07 3.30284e-06 9.67666e-06 2.35809e-05 4.89645e-05 8.82121e-05 0.000140125 0.000199259 0.00025714 0.000304623 0.000334237 0.000341757 0.000326799 0.000292585 0.000245047 0.000191507 0.000139147 9.36028e-05 5.80584e-05 3.3095e-05 1.73013e-05 8.28954e-06 3.64272e-06 1.47067e-06 5.46798e-07 1.87704e-07 5.96342e-08 1.75673e-08 4.80302e-09 1.2182e-09 2.85871e-10 6.16957e-11 1.21027e-11 2.11049e-12 3.12849e-13 3.55241e-14 2.20438e-15 0 
0 8.84392e-08 8.98738e-07 4.72549e-06 1.77837e-05 5.26243e-05 0.000127417 0.000258722 0.000450324 0.000687047 0.000938778 0.00117056 0.00135169 0.00146081 0.0014875 0.00143199 0.00130393 0.00112073 0.000905245 0.000682786 0.00047723 0.000306646 0.000179884 9.58819e-05 4.6354e-05 2.03468e-05 8.13457e-06 2.97477e-06 9.99517e-07 3.0981e-07 8.88674e-08 2.36357e-08 5.83026e-09 1.33104e-09 2.79663e-10 5.3462e-11 9.0956e-12 1.31708e-12 1.46285e-13 8.8905e-15 0 
0 3.14647e-07 3.30284e-06 1.77837e-05 6.74588e-05 0.000196836 0.000458893 0.00088044 0.00143561 0.00205608 0.00266214 0.00318534 0.00357633 0.00380506 0.00385906 0.00374142 0.00346879 0.00306916 0.00257978 0.00204497 0.00151333 0.0010327 0.000641498 0.000358811 0.000179563 8.03476e-05 3.22841e-05 1.17308e-05 3.8844e-06 1.18016e-06 3.30729e-07 8.57868e-08 2.0623e-08 4.58859e-09 9.4009e-10 1.75389e-10 2.91528e-11 4.12935e-12 4.49199e-13 2.67727e-14 0 
0 8.99974e-07 9.67666e-06 5.26243e-05 0.000196836 0.000549576 0.00119487 0.00211461 0.00319697 0.0043072 0.00533228 0.00618803 0.00681541 0.00717817 0.00726199 0.00707327 0.00663678 0.00599212 0.0051897 0.00428718 0.00334749 0.00243804 0.0016282 0.000978571 0.000521042 0.000243868 0.000100523 3.68289e-05 1.21374e-05 3.63856e-06 1.00086e-06 2.54076e-07 5.96951e-08 1.29758e-08 2.59777e-09 4.73917e-10 7.71016e-11 1.07011e-11 1.14201e-12 6.68554e-14 0 
0 2.16291e-06 2.35809e-05 0.000127417 0.000458893 0.00119487 0.00238495 0.0038995 0.00554844 0.00717002 0.00863851 0.00985445 0.0107428 0.0112553 0.0113728 0.0111046 0.010486 0.00957227 0.00843264 0.00714319 0.00578147 0.00442428 0.00314996 0.00204106 0.00117414 0.000587731 0.000254103 9.55408e-05 3.17279e-05 9.46314e-06 2.56964e-06 6.41135e-07 1.4772e-07 3.146e-08 6.17045e-09 1.10332e-09 1.7607e-10 2.39937e-11 2.51686e-12 1.44991e-13 0 
0 4.47628e-06 4.89645e-05 0.000258722 0.00088044 0.00211461 0.0038995 0.00600646 0.00822038 0.0103705 0.0123109 0.0139166 0.0150897 0.0157667 0.015922 0.0155682 0.0147518 0.0135464 0.0120438 0.0103439 0.00854628 0.00674304 0.00501804 0.00345323 0.00213746 0.00115421 0.000532057 0.000208804 7.08063e-05 2.12063e-05 5.72083e-06 1.40946e-06 3.19659e-07 6.69148e-08 1.28948e-08 2.26583e-09 3.55545e-10 4.7682e-11 4.92708e-12 2.79903e-13 0 
0 8.11293e-06 8.82121e-05 0.000450324 0.00143561 0.00319697 0.00554844 0.00822038 0.0109951 0.0136834 0.0161093 0.0181176 0.0195857 0.020434 0.0206301 0.0201894 0.0191704 0.0176654 0.0157895 0.0136684 0.0114268 0.00917789 0.00701869 0.0050314 0.0032969 0.00190793 0.000942334 0.000390406 0.000136754 4.1495e-05 1.11921e-05 2.73582e-06 6.13113e-07 1.26577e-07 2.40388e-08 4.16282e-09 6.44028e-10 8.52169e-11 8.6958e-12 4.8833e-13 0 
0 1.30523e-05 0.000140125 0.000687047 0.00205608 0.0043072 0.00717002 0.0103705 0.0136834 0.0168925 0.0197896 0.0221892 0.0239451 0.0249613 0.0251991 0.0246766 0.0234631 0.0216691 0.0194325 0.0169039 0.0142325 0.0115542 0.00898293 0.00660823 0.00450436 0.00275255 0.00144771 0.000635036 0.000231421 7.16423e-05 1.94282e-05 4.73274e-06 1.052e-06 2.14921e-07 4.03535e-08 6.90767e-09 1.05674e-09 1.38353e-10 1.39812e-11 7.78337e-13 0 
0 1.886e-05 0.000199259 0.000938778 0.00266214 0.00533228 0.00863851 0.0123109 0.0161093 0.0197896 0.0231135 0.0258686 0.0278867 0.0290575 0.0293358 0.0287419 0.0273551 0.0253019 0.0227405 0.019844 0.0167841 0.0137172 0.0107743 0.00805553 0.00563478 0.00358022 0.00198087 0.000915562 0.000347611 0.000110218 3.01736e-05 7.35229e-06 1.62658e-06 3.29942e-07 6.14469e-08 1.04312e-08 1.58305e-09 2.05748e-10 2.06598e-11 1.14417e-12 0 
0 2.47293e-05 0.00025714 0.00117056 0.00318534 0.00618803 0.00985445 0.0139166 0.0181176 0.0221892 0.0258686 0.0289207 0.0311593 0.0324616 0.032777 0.0321274 0.0305998 0.028334 0.0255047 0.0223037 0.0189213 0.0155312 0.0122789 0.00927486 0.00659621 0.00430289 0.00247116 0.00119205 0.000469737 0.000152592 4.22602e-05 1.0329e-05 2.28146e-06 4.61002e-07 8.54529e-08 1.4438e-08 2.18191e-09 2.82646e-10 2.83231e-11 1.56782e-12 0 
0 2.96811e-05 0.000304623 0.00135169 0.00357633 0.00681541 0.0107428 0.0150897 0.0195857 0.0239451 0.0278867 0.0311593 0.0335629 0.0349657 0.0353128 0.0346267 0.033 0.0305816 0.0275583 0.0241352 0.0205165 0.0168886 0.0134077 0.0101928 0.00732477 0.00485961 0.00286252 0.00142494 0.000578549 0.000192003 5.38072e-05 1.32174e-05 2.9232e-06 5.9047e-07 1.09372e-07 1.84733e-08 2.79357e-09 3.62647e-10 3.64861e-11 2.03245e-12 0 
0 3.28382e-05 0.000334237 0.00146081 0.00380506 0.00717817 0.0112553 0.0157667 0.020434 0.0249613 0.0290575 0.0324616 0.0349657 0.0364325 0.0368041 0.0361029 0.0344243 0.031922 0.0287897 0.0252399 0.0214846 0.0177178 0.0141024 0.0107623 0.00778143 0.00521442 0.00311945 0.00158484 0.000657118 0.000221738 6.28184e-05 1.55334e-05 3.45088e-06 6.99817e-07 1.30207e-07 2.21197e-08 3.3708e-09 4.42048e-10 4.506e-11 2.55125e-12 0 
0 3.36624e-05 0.000341757 0.0014875 0.00385906 0.00726199 0.0113728 0.015922 0.0206301 0.0251991 0.0293358 0.032777 0.0353128 0.0368041 0.0371916 0.0364971 0.0348158 0.032302 0.0291502 0.0255746 0.0217886 0.0179882 0.0143381 0.0109642 0.00795123 0.00535372 0.003227 0.00165692 0.00069543 0.000237396 6.79284e-05 1.69483e-05 3.79968e-06 7.78542e-07 1.46661e-07 2.52965e-08 3.92721e-09 5.2664e-10 5.51026e-11 3.2133e-12 0 
0 3.20803e-05 0.000326799 0.00143199 0.00374142 0.00707327 0.0111046 0.0155682 0.0201894 0.0246766 0.0287419 0.0321274 0.0346267 0.0361029 0.0364971 0.0358298 0.0341935 0.0317385 0.028655 0.0251524 0.0214402 0.0177103 0.0141248 0.0108075 0.00784247 0.0052843 0.00318899 0.00164166 0.000692581 0.000238376 6.89764e-05 1.74539e-05 3.98131e-06 8.33129e-07 1.60981e-07 2.86134e-08 4.59846e-09 6.40821e-10 6.98561e-11 4.24761e-12 0 
0 2.84714e-05 0.000292585 0.00130393 0.00346879 0.00663678 0.010486 0.0147518 0.0191704 0.0234631 0.0273551 0.0305998 0.033 0.0344243 0.0348158 0.0341935 0.0326446 0.030312 0.0273767 0.024038 0.0204955 0.0169324 0.0135035 0.0103272 0.00748492 0.00503147 0.00302611 0.00155384 0.000656823 0.000228234 6.72242e-05 1.74472e-05 4.11089e-06 8.94559e-07 1.8083e-07 3.37805e-08 5.71976e-09 8.396e-10 9.61233e-11 6.10623e-12 0 
0 2.3539e-05 0.000245047 0.00112073 0.00306916 0.00599212 0.00957227 0.0135464 0.0176654 0.0216691 0.0253019 0.028334 0.0305816 0.031922 0.032302 0.0317385 0.030312 0.028155 0.0254349 0.022337 0.0190464 0.0157331 0.0125409 0.00957994 0.00692681 0.00463707 0.00277416 0.00142049 0.000604133 0.000214139 6.52749e-05 1.77546e-05 4.4278e-06 1.02666e-06 2.21728e-07 4.41805e-08 7.93438e-09 1.22486e-09 1.46009e-10 9.55926e-12 0 
0 1.81143e-05 0.000191507 0.000905245 0.00257978 0.0051897 0.00843264 0.0120438 0.0157895 0.0194325 0.0227405 0.0255047 0.0275583 0.0287897 0.0291502 0.028655 0.0273767 0.0254349 0.0229815 0.0201838 0.0172094 0.0142122 0.0113218 0.00863778 0.00623085 0.00415693 0.00248165 0.00127814 0.000556075 0.00020608 6.6999e-05 1.96999e-05 5.33962e-06 1.3421e-06 3.11374e-07 6.57885e-08 1.23497e-08 1.9656e-09 2.38702e-10 1.57664e-11 0 
0 1.29543e-05 0.000139147 0.000682786 0.00204497 0.00428718 0.00714319 0.0103439 0.0136684 0.0169039 0.019844 0.0223037 0.0241352 0.0252399 0.0255746 0.0251524 0.024038 0.022337 0.0201838 0.0177265 0.0151134 0.0124799 0.00994028 0.00758208 0.00546963 0.00365737 0.00220601 0.00116915 0.000538051 0.00021682 7.79536e-05 2.53891e-05 7.53643e-06 2.03584e-06 4.97228e-07 1.08521e-07 2.07184e-08 3.3141e-09 4.00998e-10 2.62309e-11 0 
0 8.59177e-06 9.36028e-05 0.00047723 0.00151333 0.00334749 0.00578147 0.00854628 0.0114268 0.0142325 0.0167841 0.0189213 0.0205165 0.0214846 0.0217886 0.0214402 0.0204955 0.0190464 0.0172094 0.0151134 0.0128865 0.0106462 0.00849084 0.00649635 0.00471992 0.00320927 0.00200745 0.00113802 0.000579384 0.000263682 0.000106861 3.84173e-05 1.22253e-05 3.44238e-06 8.56872e-07 1.87523e-07 3.55064e-08 5.59328e-09 6.63669e-10 4.24738e-11 0 
0 5.27393e-06 5.80584e-05 0.000306646 0.0010327 0.00243804 0.00442428 0.00674304 0.00917789 0.0115542 0.0137172 0.0155312 0.0168886 0.0177178 0.0179882 0.0177103 0.0169324 0.0157331 0.0142122 0.0124799 0.0106462 0.00881171 0.00706087 0.00545932 0.00405485 0.00287847 0.0019409 0.00122954 0.000716842 0.000373488 0.000168999 6.53132e-05 2.15327e-05 6.10841e-06 1.50477e-06 3.22582e-07 5.95046e-08 9.1092e-09 1.04963e-09 6.52614e-11 0 
0 2.99093e-06 3.3095e-05 0.000179884 0.000641498 0.0016282 0.00314996 0.00501804 0.00701869 0.00898293 0.0107743 0.0122789 0.0134077 0.0141024 0.0143381 0.0141248 0.0135035 0.0125409 0.0113218 0.00994028 0.00849084 0.00706087 0.00572437 0.00453742 0.00353335 0.0027161 0.0020565 0.00150387 0.00101845 0.000604297 0.000299046 0.000120343 3.95781e-05 1.0909e-05 2.58509e-06 5.32445e-07 9.44963e-08 1.39435e-08 1.55198e-09 9.34305e-11 0 
0 1.56525e-06 1.73013e-05 9.58819e-05 0.000358811 0.000978571 0.00204106 0.00345323 0.0050314 0.00660823 0.00805553 0.00927486 0.0101928 0.0107623 0.0109642 0.0108075 0.0103272 0.00957994 0.00863778 0.00758208 0.00649635 0.00545932 0.00453742 0.00377623 0.00319364 0.00277969 0.0024904 0.00221286 0.00179057 0.00120199 0.000630026 0.000252068 7.81119e-05 1.96991e-05 4.28026e-06 8.23763e-07 1.38894e-07 1.96527e-08 2.10859e-09 1.22839e-10 0 
0 7.55538e-07 8.28954e-06 4.6354e-05 0.000179563 0.000521042 0.00117414 0.00213746 0.0032969 0.00450436 0.00563478 0.00659621 0.00732477 0.00778143 0.00795123 0.00784247 0.00748492 0.00692681 0.00623085 0.00546963 0.00471992 0.00405485 0.00353335 0.00319364 0.00307767 0.00330037 0.00396945 0.00470612 0.00459394 0.00332496 0.00172683 0.000645657 0.000177561 3.80039e-05 6.97993e-06 1.18681e-06 1.85764e-07 2.50688e-08 2.59367e-09 1.4649e-10 0 
0 3.3646e-07 3.64272e-06 2.03468e-05 8.03476e-05 0.000243868 0.000587731 0.00115421 0.00190793 0.00275255 0.00358022 0.00430289 0.00485961 0.00521442 0.00535372 0.0052843 0.00503147 0.00463707 0.00415693 0.00365737 0.00320927 0.00287847 0.0027161 0.00277969 0.00330037 0.00501981 0.00867145 0.0127852 0.0136894 0.0100983 0.00508065 0.00176357 0.000432649 7.81613e-05 1.15211e-05 1.60682e-06 2.23822e-07 2.85241e-08 2.85081e-09 1.56735e-10 0 
0 1.38355e-07 1.47067e-06 8.13457e-06 3.22841e-05 0.000100523 0.000254103 0.000532057 0.000942334 0.00144771 0.00198087 0.00247116 0.00286252 0.00311945 0.003227 0.00318899 0.00302611 0.00277416 0.00248165 0.00220601 0.00200745 0.0019409 0.0020565 0.0024904 0.00396945 0.00867145 0.018498 0.0295426 0.0324755 0.0240425 0.0119309 0.00398992 0.000915426 0.00014822 1.82467e-05 2.03411e-06 2.41123e-07 2.86021e-08 2.76848e-09 1.49043e-10 0 
0 5.26029e-08 5.46798e-07 2.97477e-06 1.17308e-05 3.68289e-05 9.55408e-05 0.000208804 0.000390406 0.000635036 0.000915562 0.00119205 0.00142494 0.00158484 0.00165692 0.00164166 0.00155384 0.00142049 0.00127814 0.00116915 0.00113802 0.00122954 0.00150387 0.00221286 0.00470612 0.0127852 0.0295426 0.0483273 0.0535105 0.0396489 0.0195916 0.00646462 0.001439 0.000220262 2.43614e-05 2.27691e-06 2.28062e-07 2.49827e-08 2.35319e-09 1.24996e-10 0 
0 1.85199e-08 1.87704e-07 9.99517e-07 3.8844e-06 1.21374e-05 3.17279e-05 7.08063e-05 0.000136754 0.000231421 0.000347611 0.000469737 0.000578549 0.000657118 0.00069543 0.000692581 0.000656823 0.000604133 0.000556075 0.000538051 0.000579384 0.000716842 0.00101845 0.00179057 0.00459394 0.0136894 0.0324755 0.0535105 0.0593734 0.0440046 0.0217154 0.007134 0.00156923 0.000234023 2.45268e-05 2.0658e-06 1.8268e-07 1.87595e-08 1.7378e-09 9.19262e-11 0 
0 6.0466e-09 5.96342e-08 3.0981e-07 1.18016e-06 3.63856e-06 9.46314e-06 2.12063e-05 4.1495e-05 7.16423e-05 0.000110218 0.000152592 0.000192003 0.000221738 0.000237396 0.000238376 0.000228234 0.000214139 0.00020608 0.00021682 0.000263682 0.000373488 0.000604297 0.00120199 0.00332496 0.0100983 0.0240425 0.0396489 0.0440046 0.0326133 0.0160912 0.00528228 0.00115793 0.000170911 1.75314e-05 1.41706e-06 1.19084e-07 1.19585e-08 1.10943e-09 5.90709e-11 0 
0 1.83267e-09 1.75673e-08 8.88674e-08 3.30729e-07 1.00086e-06 2.56964e-06 5.72083e-06 1.11921e-05 1.94282e-05 3.01736e-05 4.22602e-05 5.38072e-05 6.28184e-05 6.79284e-05 6.89764e-05 6.72242e-05 6.52749e-05 6.6999e-05 7.79536e-05 0.000106861 0.000168999 0.000299046 0.000630026 0.00172683 0.00508065 0.0119309 0.0195916 0.0217154 0.0160912 0.0079443 0.00261184 0.000573109 8.45277e-05 8.68817e-06 7.12228e-07 6.18863e-08 6.43467e-09 6.11215e-10 3.31152e-11 0 
0 5.15794e-10 4.80302e-09 2.36357e-08 8.57868e-08 2.54076e-07 6.41135e-07 1.40946e-06 2.73582e-06 4.73274e-06 7.35229e-06 1.0329e-05 1.32174e-05 1.55334e-05 1.69483e-05 1.74539e-05 1.74472e-05 1.77546e-05 1.96999e-05 2.53891e-05 3.84173e-05 6.53132e-05 0.000120343 0.000252068 0.000645657 0.00176357 0.00398992 0.00646462 0.007134 0.00528228 0.00261184 0.000861463 0.000189807 2.8252e-05 2.98922e-06 2.64639e-07 2.59361e-08 2.93805e-09 2.91035e-10 1.61974e-11 0 
0 1.34664e-10 1.2182e-09 5.83026e-09 2.0623e-08 5.96951e-08 1.4772e-07 3.19659e-07 6.13113e-07 1.052e-06 1.62658e-06 2.28146e-06 2.9232e-06 3.45088e-06 3.79968e-06 3.98131e-06 4.11089e-06 4.4278e-06 5.33962e-06 7.53643e-06 1.22253e-05 2.15327e-05 3.95781e-05 7.81119e-05 0.000177561 0.000432649 0.000915426 0.001439 0.00156923 0.00115793 0.000573109 0.000189807 4.22399e-05 6.4634e-06 7.36938e-07 7.66893e-08 9.11325e-09 1.15264e-09 1.20176e-10 6.91849e-12 0 
0 3.25148e-11 2.85871e-10 1.33104e-09 4.58859e-09 1.29758e-08 3.146e-08 6.69148e-08 1.26577e-07 2.14921e-07 3.29942e-07 4.61002e-07 5.9047e-07 6.99817e-07 7.78542e-07 8.33129e-07 8.94559e-07 1.02666e-06 1.3421e-06 2.03584e-06 3.44238e-06 6.10841e-06 1.0909e-05 1.96991e-05 3.80039e-05 7.81613e-05 0.00014822 0.000220262 0.000234023 0.000170911 8.45277e-05 2.8252e-05 6.4634e-06 1.06091e-06 1.41805e-07 1.90352e-08 2.80086e-09 3.92742e-10 4.31528e-11 2.58158e-12 0 
0 7.21459e-12 6.16957e-11 2.79663e-10 9.4009e-10 2.59777e-09 6.17045e-09 1.28948e-08 2.40388e-08 4.03535e-08 6.14469e-08 8.54529e-08 1.09372e-07 1.30207e-07 1.46661e-07 1.60981e-07 1.8083e-07 2.21728e-07 3.11374e-07 4.97228e-07 8.56872e-07 1.50477e-06 2.58509e-06 4.28026e-06 6.97993e-06 1.15211e-05 1.82467e-05 2.43614e-05 2.45268e-05 1.75314e-05 8.68817e-06 2.98922e-06 7.36938e-07 1.41805e-07 2.47487e-08 4.39983e-09 7.66721e-10 1.16574e-10 1.34724e-11 8.399e-13 0 
0 1.45362e-12 1.21027e-11 5.3462e-11 1.75389e-10 4.73917e-10 1.10332e-09 2.26583e-09 4.16282e-09 6.90767e-09 1.04312e-08 1.4438e-08 1.84733e-08 2.21197e-08 2.52965e-08 2.86134e-08 3.37805e-08 4.41805e-08 6.57885e-08 1.08521e-07 1.87523e-07 3.22582e-07 5.32445e-07 8.23763e-07 1.18681e-06 1.60682e-06 2.03411e-06 2.27691e-06 2.0658e-06 1.41706e-06 7.12228e-07 2.64639e-07 7.66893e-08 1.90352e-08 4.39983e-09 9.55091e-10 1.85102e-10 2.9967e-11 3.63612e-12 2.36589e-13 0 
0 2.60057e-13 2.11049e-12 9.0956e-12 2.91528e-11 7.71016e-11 1.7607e-10 3.55545e-10 6.44028e-10 1.05674e-09 1.58305e-09 2.18191e-09 2.79357e-09 3.3708e-09 3.92721e-09 4.59846e-09 5.71976e-09 7.93438e-09 1.23497e-08 2.07184e-08 3.55064e-08 5.95046e-08 9.44963e-08 1.38894e-07 1.85764e-07 2.23822e-07 2.41123e-07 2.28062e-07 1.8268e-07 1.19084e-07 6.18863e-08 2.59361e-08 9.11325e-09 2.80086e-09 7.66721e-10 1.85102e-10 3.84155e-11 6.56107e-12 8.34707e-13 5.6712e-14 0 
0 3.95001e-14 3.12849e-13 1.31708e-12 4.12935e-12 1.07011e-11 2.39937e-11 4.7682e-11 8.52169e-11 1.38353e-10 2.05748e-10 2.82646e-10 3.62647e-10 4.42048e-10 5.2664e-10 6.40821e-10 8.396e-10 1.22486e-09 1.9656e-09 3.3141e-09 5.59328e-09 9.1092e-09 1.39435e-08 1.96527e-08 2.50688e-08 2.85241e-08 2.86021e-08 2.49827e-08 1.87595e-08 1.19585e-08 6.43467e-09 2.93805e-09 1.15264e-09 3.92742e-10 1.16574e-10 2.9967e-11 6.56107e-12 1.1769e-12 1.56756e-13 1.11165e-14 0 
0 4.58996e-15 3.55241e-14 1.46285e-13 4.49199e-13 1.14201e-12 2.51686e-12 4.92708e-12 8.6958e-12 1.39812e-11 2.06598e-11 2.83231e-11 3.64861e-11 4.506e-11 5.51026e-11 6.98561e-11 9.61233e-11 1.46009e-10 2.38702e-10 4.00998e-10 6.63669e-10 1.04963e-09 1.55198e-09 2.10859e-09 2.59367e-09 2.85081e-09 2.76848e-09 2.35319e-09 1.7378e-09 1.10943e-09 6.11215e-10 2.91035e-10 1.20176e-10 4.31528e-11 1.34724e-11 3.63612e-12 8.34707e-13 1.56756e-13 2.18176e-14 1.61314e-15 0 
0 2.91097e-16 2.20438e-15 8.8905e-15 2.67727e-14 6.68554e-14 1.44991e-13 2.79903e-13 4.8833e-13 7.78337e-13 1.14417e-12 1.56782e-12 2.03245e-12 2.55125e-12 3.2133e-12 4.24761e-12 6.10623e-12 9.55926e-12 1.57664e-11 2.62309e-11 4.24738e-11 6.52614e-11 9.34305e-11 1.22839e-10 1.4649e-10 1.56735e-10 1.49043e-10 1.24996e-10 9.19262e-11 5.90709e-11 3.31152e-11 1.61974e-11 6.91849e-12 2.58158e-12 8.399e-13 2.36589e-13 5.6712e-14 1.11165e-14 1.61314e-15 1.24157e-16 0 
0 0 0 0 0 0 0 0 0 0 0 0 0 0 0 0 0 0 0 0 0 0 0 0 0 0 0 0 0 0 0 0 0 0 0 0 0 0 0 0 0 
