0 0 0 0 0 0 0 0 0 0 0 0 0 0 0 0 0 0 0 0 0 0 0 0 0 0 0 0 0 0 0 0 0 0 0 0 0 0 0 0 0 
0 2.20774e-07 1.99178e-06 8.99555e-06 2.82223e-05 6.834e-05 0.000135202 0.000227859 0.00033837 0.000454816 0.000564791 0.000657723 0.000725898 0.000764683 0.000772375 0.000749891 0.000700405 0.000628929 0.000541861 0.000446456 0.000350188 0.000260013 0.000181549 0.000118354 7.15162e-05 3.97877e-05 2.02684e-05 9.41778e-06 3.9835e-06 1.53315e-06 5.37235e-07 1.71539e-07 4.99178e-08 1.32188e-08 3.17082e-09 6.81987e-10 1.28833e-10 2.04726e-11 2.46961e-12 1.61546e-13 0 
0 1.99178e-06 1.85029e-05 8.37049e-05 0.000253639 0.00057369 0.00103935 0.00159877 0.00218639 0.00274684 0.00323975 0.00363687 0.00391934 0.00407658 0.00410591 0.00401207 0.0038063 0.003505 0.00312819 0.00269821 0.00223883 0.00177499 0.00133246 0.000936528 0.000608587 0.000361094 0.000193559 9.30824e-05 4.00551e-05 1.54436e-05 5.35487e-06 1.67695e-06 4.75867e-07 1.22474e-07 2.85076e-08 5.94769e-09 1.0904e-09 1.68329e-10 1.97525e-11 1.25881e-12 0 
0 8.99555e-06 8.37049e-05 0.000361849 0.000996939 0.00199786 0.00322748 0.00453965 0.005835 0.00704201 0.00809936 0.00895364 0.00956342 0.00990308 0.00996492 0.00975893 0.00931072 0.00865803 0.00784629 0.00692383 0.00593745 0.00492918 0.00393561 0.00299047 0.00212975 0.00139412 0.000821245 0.000427565 0.000194718 7.75101e-05 2.7149e-05 8.44937e-06 2.35723e-06 5.92665e-07 1.34321e-07 2.72514e-08 4.85817e-09 7.29817e-10 8.34396e-11 5.18843e-12 0 
0 2.82223e-05 0.000253639 0.000996939 0.00240962 0.00429616 0.00642177 0.008648 0.0108644 0.0129539 0.0147995 0.0162979 0.0173702 0.0179679 0.018076 0.0177118 0.0169213 0.015773 0.0143497 0.012741 0.0110347 0.00930964 0.00762989 0.00604169 0.00457567 0.00325771 0.00212547 0.00123224 0.000617458 0.000263563 9.60666e-05 3.03194e-05 8.42322e-06 2.08567e-06 4.62729e-07 9.1644e-08 1.59345e-08 2.33529e-09 2.60707e-10 1.58495e-11 0 
0 6.834e-05 0.00057369 0.00199786 0.00429616 0.00713069 0.0103066 0.0136762 0.0170612 0.0202662 0.0231027 0.0254079 0.0270581 0.027978 0.0281439 0.0275826 0.0263651 0.0245973 0.0224081 0.0199367 0.0173208 0.0146862 0.0121382 0.00975565 0.00758734 0.00565338 0.00395928 0.00252588 0.00140971 0.000663785 0.000259632 8.51431e-05 2.39434e-05 5.89965e-06 1.29007e-06 2.50621e-07 4.266e-08 6.11811e-09 6.68708e-10 3.98409e-11 0 
0 0.000135202 0.00103935 0.00322748 0.00642177 0.0103066 0.0147089 0.019411 0.0241466 0.0286348 0.0326087 0.0358389 0.0381516 0.0394407 0.0396731 0.038886 0.0371795 0.0347021 0.0316347 0.0281732 0.0245114 0.0208272 0.0172709 0.0139585 0.010967 0.00833278 0.00605408 0.00411058 0.0025079 0.00130763 0.000559778 0.000195058 5.64947e-05 1.40132e-05 3.04316e-06 5.83006e-07 9.75494e-08 1.37368e-08 1.4743e-09 8.63048e-11 0 
0 0.000227859 0.00159877 0.00453965 0.008648 0.0136762 0.019411 0.0255493 0.0317352 0.0375995 0.0427928 0.0470156 0.0500433 0.0517356 0.0520413 0.0510072 0.0487704 0.04553 0.0415212 0.0369984 0.0322151 0.0274041 0.0227633 0.0184463 0.0145583 0.0111551 0.00824408 0.00579063 0.00374943 0.00212745 0.000998437 0.000374754 0.000113444 2.86403e-05 6.22339e-06 1.18206e-06 1.95229e-07 2.7088e-08 2.86329e-09 1.65137e-10 0 
0 0.00033837 0.00218639 0.005835 0.0108644 0.0170612 0.0241466 0.0317352 0.0393844 0.0466369 0.0530664 0.0583324 0.0621884 0.0644084 0.0648177 0.0634479 0.0605562 0.056474 0.0514936 0.0458975 0.039983 0.0340354 0.0282998 0.0229672 0.0181696 0.0139805 0.0104174 0.00744582 0.00499448 0.00300993 0.00152901 0.000619308 0.000197665 5.12304e-05 1.12113e-05 2.12149e-06 3.47207e-07 4.76257e-08 4.97287e-09 2.8332e-10 0 
0 0.000454816 0.00274684 0.00704201 0.0129539 0.0202662 0.0286348 0.0375995 0.0466369 0.0552154 0.0628976 0.0694113 0.0743687 0.0772148 0.0777389 0.0760073 0.0722654 0.067074 0.0610025 0.0543442 0.0473515 0.0403255 0.033551 0.0272541 0.0215918 0.0166529 0.0124631 0.00899022 0.00615296 0.00385691 0.00208182 0.000902743 0.000304239 8.13348e-05 1.80091e-05 3.40837e-06 5.54635e-07 7.54405e-08 7.803e-09 4.40294e-10 0 
0 0.000564791 0.00323975 0.00809936 0.0147995 0.0231027 0.0326087 0.0427928 0.0530664 0.0628976 0.0719746 0.0797195 0.0849772 0.0876255 0.0881048 0.0865712 0.0828721 0.0769614 0.0696586 0.0618766 0.0538856 0.0458999 0.0382046 0.0310529 0.0246236 0.0190187 0.0142698 0.0103465 0.00716298 0.00460184 0.00259291 0.00118804 0.00042071 0.000116061 2.60597e-05 4.94595e-06 8.02415e-07 1.08516e-07 1.11468e-08 6.24439e-10 0 
0 0.000657723 0.00363687 0.00895364 0.0162979 0.0254079 0.0358389 0.0470156 0.0583324 0.0694113 0.0797195 0.0873736 0.091827 0.0939974 0.0944046 0.0931746 0.0901351 0.0848149 0.0770462 0.0681587 0.0592271 0.050438 0.0419923 0.034145 0.0270912 0.0209436 0.0157385 0.0114456 0.00797672 0.00520197 0.00301617 0.00143938 0.000530706 0.000150553 3.42739e-05 6.532e-06 1.05862e-06 1.42657e-07 1.45861e-08 8.13046e-10 0 
0 0.000725898 0.00391934 0.00956342 0.0173702 0.0270581 0.0381516 0.0500433 0.0621884 0.0743687 0.0849772 0.091827 0.0957123 0.0976336 0.0980057 0.09693 0.0942741 0.0896203 0.0823136 0.0728558 0.0631096 0.0536983 0.0447105 0.0363643 0.0288627 0.0223258 0.0167928 0.0122336 0.00855837 0.00563036 0.00332301 0.00162952 0.000618548 0.000179301 4.12927e-05 7.90337e-06 1.28118e-06 1.72353e-07 1.75768e-08 9.76907e-10 0 
0 0.000764683 0.00407658 0.00990308 0.0179679 0.027978 0.0394407 0.0517356 0.0644084 0.0772148 0.0876255 0.0939974 0.0976336 0.0994482 0.0998059 0.0987977 0.0963098 0.0919724 0.0850816 0.0755611 0.0653254 0.0555301 0.046235 0.0376097 0.0298576 0.0231027 0.0173861 0.0126776 0.00888632 0.00587254 0.00349883 0.00174203 0.000672735 0.000197673 4.58834e-05 8.8129e-06 1.43011e-06 1.92352e-07 1.96022e-08 1.08848e-09 0 
0 0.000772375 0.00410591 0.00996492 0.018076 0.0281439 0.0396731 0.0520413 0.0648177 0.0777389 0.0881048 0.0944046 0.0980057 0.0998059 0.100163 0.0991649 0.0967026 0.0924138 0.0855945 0.076077 0.0657486 0.0558783 0.0465261 0.0378494 0.0300507 0.0232552 0.0175043 0.0127678 0.00895499 0.00592571 0.00354019 0.00177073 0.000687675 0.000203075 4.73051e-05 9.10712e-06 1.48022e-06 1.99342e-07 2.03372e-08 1.13055e-09 0 
0 0.000749891 0.00401207 0.00975893 0.0177118 0.0275826 0.038886 0.0510072 0.0634479 0.0760073 0.0865712 0.0931746 0.09693 0.0987977 0.0991649 0.0981278 0.0955651 0.0910864 0.0839957 0.0744579 0.064422 0.0547924 0.0456275 0.037119 0.029471 0.0228061 0.017165 0.0125179 0.00877506 0.00579832 0.00345311 0.00171856 0.000663997 0.000195476 4.55106e-05 8.77293e-06 1.4292e-06 1.9302e-07 1.97549e-08 1.10191e-09 0 
0 0.000700405 0.0038063 0.00931072 0.0169213 0.0263651 0.0371795 0.0487704 0.0605562 0.0722654 0.0828721 0.0901351 0.0942741 0.0963098 0.0967026 0.0955651 0.0927504 0.087811 0.0802352 0.0709577 0.0615637 0.0524184 0.0436556 0.0355141 0.0281949 0.0218154 0.0164145 0.0119627 0.00837212 0.00550925 0.00325219 0.00159647 0.000607995 0.00017727 4.11307e-05 7.93738e-06 1.29785e-06 1.76168e-07 1.81351e-08 1.01791e-09 0 
0 0.000628929 0.003505 0.00865803 0.015773 0.0245973 0.0347021 0.04553 0.056474 0.067074 0.0769614 0.0848149 0.0896203 0.0919724 0.0924138 0.0910864 0.087811 0.0822008 0.0745124 0.0660455 0.0574712 0.048969 0.0407847 0.0331771 0.0263366 0.020373 0.0153218 0.011154 0.00778432 0.00508687 0.00296033 0.00142276 0.000530532 0.000152644 3.52779e-05 6.82622e-06 1.12336e-06 1.53773e-07 1.59806e-08 9.06047e-10 0 
0 0.000541861 0.00312819 0.00784629 0.0143497 0.0224081 0.0316347 0.0415212 0.0514936 0.0610025 0.0696586 0.0770462 0.0823136 0.0850816 0.0855945 0.0839957 0.0802352 0.0745124 0.0676169 0.0601731 0.0524439 0.0446969 0.0372268 0.0302818 0.0240359 0.0185888 0.0139719 0.0101562 0.00705979 0.00456875 0.00260953 0.00122253 0.000445543 0.00012667 2.92606e-05 5.70275e-06 9.49213e-07 1.31693e-07 1.3884e-08 7.98776e-10 0 
0 0.000446456 0.00269821 0.00692383 0.012741 0.0199367 0.0281732 0.0369984 0.0458975 0.0543442 0.0618766 0.0681587 0.0728558 0.0755611 0.076077 0.0744579 0.0709577 0.0660455 0.0601731 0.0536532 0.0467829 0.0398749 0.0332119 0.0270168 0.0214445 0.0165829 0.0124583 0.00904154 0.00625543 0.00400338 0.00224271 0.00102691 0.000368291 0.000104398 2.43208e-05 4.81257e-06 8.15782e-07 1.15366e-07 1.2394e-08 7.25943e-10 0 
0 0.000350188 0.00223883 0.00593745 0.0110347 0.0173208 0.0245114 0.0322151 0.039983 0.0473515 0.0538856 0.0592271 0.0631096 0.0653254 0.0657486 0.064422 0.0615637 0.0574712 0.0524439 0.0467829 0.0407963 0.034775 0.028968 0.0235695 0.0187137 0.0144761 0.0108772 0.00788783 0.00543906 0.00345505 0.00191586 0.000871379 0.000313646 9.02282e-05 2.1475e-05 4.35026e-06 7.5432e-07 1.08893e-07 1.19112e-08 7.0842e-10 0 
0 0.000260013 0.00177499 0.00492918 0.00930964 0.0146862 0.0208272 0.0274041 0.0340354 0.0403255 0.0458999 0.050438 0.0536983 0.0555301 0.0558783 0.0547924 0.0524184 0.048969 0.0446969 0.0398749 0.034775 0.0296474 0.0247046 0.020112 0.0159836 0.0123831 0.00932618 0.00678536 0.00470098 0.00301092 0.0016962 0.000791767 0.000294588 8.76274e-05 2.14614e-05 4.44511e-06 7.8341e-07 1.14385e-07 1.26054e-08 7.52941e-10 0 
0 0.000181549 0.00133246 0.00393561 0.00762989 0.0121382 0.0172709 0.0227633 0.0282998 0.033551 0.0382046 0.0419923 0.0447105 0.046235 0.0465261 0.0456275 0.0436556 0.0407847 0.0372268 0.0332119 0.028968 0.0247046 0.0205996 0.0167919 0.0133801 0.0104257 0.0079487 0.00590967 0.00422006 0.00280592 0.00165731 0.000818255 0.000320808 9.89526e-05 2.46881e-05 5.14262e-06 9.04528e-07 1.31239e-07 1.43377e-08 8.47931e-10 0 
0 0.000118354 0.000936528 0.00299047 0.00604169 0.00975565 0.0139585 0.0184463 0.0229672 0.0272541 0.0310529 0.034145 0.0363643 0.0376097 0.0378494 0.037119 0.0355141 0.0331771 0.0302818 0.0270168 0.0235695 0.020112 0.0167919 0.0137307 0.0110418 0.00885191 0.00723072 0.00599861 0.00475832 0.00334328 0.00200226 0.00100301 0.000402621 0.000125566 3.10873e-05 6.35792e-06 1.09405e-06 1.55228e-07 1.65968e-08 9.61831e-10 0 
0 7.15162e-05 0.000608587 0.00212975 0.00457567 0.00758734 0.010967 0.0145583 0.0181696 0.0215918 0.0246236 0.0270912 0.0288627 0.0298576 0.0300507 0.029471 0.0281949 0.0263366 0.0240359 0.0214445 0.0187137 0.0159836 0.0133801 0.0110418 0.00923253 0.00846299 0.00910472 0.0102696 0.00988411 0.00720693 0.00390485 0.00166129 0.000590323 0.000171548 4.01545e-05 7.82883e-06 1.29632e-06 1.78163e-07 1.85301e-08 1.04799e-09 0 
0 3.97877e-05 0.000361094 0.00139412 0.00325771 0.00565338 0.00833278 0.0111551 0.0139805 0.0166529 0.0190187 0.0209436 0.0223258 0.0231027 0.0232552 0.0228061 0.0218154 0.020373 0.0185888 0.0165829 0.0144761 0.0123831 0.0104257 0.00885191 0.00846299 0.0111254 0.0183022 0.0269285 0.030179 0.0210397 0.0106491 0.00381115 0.00106119 0.000252636 5.15223e-05 9.15314e-06 1.43164e-06 1.89648e-07 1.91804e-08 1.05964e-09 0 
0 2.02684e-05 0.000193559 0.000821245 0.00212547 0.00395928 0.00605408 0.00824408 0.0104174 0.0124631 0.0142698 0.0157385 0.0167928 0.0173861 0.0175043 0.017165 0.0164145 0.0153218 0.0139719 0.0124583 0.0108772 0.00932618 0.0079487 0.00723072 0.00910472 0.0183022 0.0388442 0.0710209 0.0781163 0.0549895 0.0247824 0.00833959 0.0019975 0.000383255 6.41999e-05 9.88145e-06 1.42684e-06 1.81602e-07 1.79212e-08 9.71503e-10 0 
0 9.41778e-06 9.30824e-05 0.000427565 0.00123224 0.00252588 0.00411058 0.00579063 0.00744582 0.00899022 0.0103465 0.0114456 0.0122336 0.0126776 0.0127678 0.0125179 0.0119627 0.011154 0.0101562 0.00904154 0.00788783 0.00678536 0.00590967 0.00599861 0.0102696 0.0269285 0.0710209 0.0876598 0.0897126 0.0831406 0.0460574 0.0134377 0.00304282 0.000513668 7.24998e-05 9.53037e-06 1.25247e-06 1.53203e-07 1.48469e-08 7.95284e-10 0 
0 3.9835e-06 4.00551e-05 0.000194718 0.000617458 0.00140971 0.0025079 0.00374943 0.00499448 0.00615296 0.00716298 0.00797672 0.00855837 0.00888632 0.00895499 0.00877506 0.00837212 0.00778432 0.00705979 0.00625543 0.00543906 0.00470098 0.00422006 0.00475832 0.00988411 0.030179 0.0781163 0.0897126 0.0912348 0.0858107 0.0551755 0.0148145 0.00329417 0.000526143 6.69261e-05 7.7936e-06 9.44697e-07 1.12147e-07 1.07772e-08 5.75419e-10 0 
0 1.53315e-06 1.54436e-05 7.75101e-05 0.000263563 0.000663785 0.00130763 0.00212745 0.00300993 0.00385691 0.00460184 0.00520197 0.00563036 0.00587254 0.00592571 0.00579832 0.00550925 0.00508687 0.00456875 0.00400338 0.00345505 0.00301092 0.00280592 0.00334328 0.00720693 0.0210397 0.0549895 0.0831406 0.0858107 0.0756578 0.0341314 0.0109718 0.00243389 0.000382841 4.65859e-05 5.11824e-06 5.97939e-07 7.04809e-08 6.80508e-09 3.65695e-10 0 
0 5.37235e-07 5.35487e-06 2.7149e-05 9.60666e-05 0.000259632 0.000559778 0.000998437 0.00152901 0.00208182 0.00259291 0.00301617 0.00332301 0.00349883 0.00354019 0.00345311 0.00325219 0.00296033 0.00260953 0.00224271 0.00191586 0.0016962 0.00165731 0.00200226 0.00390485 0.0106491 0.0247824 0.0460574 0.0551755 0.0341314 0.016486 0.00543767 0.00121706 0.000193159 2.35594e-05 2.61915e-06 3.13514e-07 3.78477e-08 3.72566e-09 2.03484e-10 0 
0 1.71539e-07 1.67695e-06 8.44937e-06 3.03194e-05 8.51431e-05 0.000195058 0.000374754 0.000619308 0.000902743 0.00118804 0.00143938 0.00162952 0.00174203 0.00177073 0.00171856 0.00159647 0.00142276 0.00122253 0.00102691 0.000871379 0.000791767 0.000818255 0.00100301 0.00166129 0.00381115 0.00833959 0.0134377 0.0148145 0.0109718 0.00543767 0.00181257 0.000414642 6.77551e-05 8.68547e-06 1.05166e-06 1.36898e-07 1.7398e-08 1.76849e-09 9.90285e-11 0 
0 4.99178e-08 4.75867e-07 2.35723e-06 8.42322e-06 2.39434e-05 5.64947e-05 0.000113444 0.000197665 0.000304239 0.00042071 0.000530706 0.000618548 0.000672735 0.000687675 0.000663997 0.000607995 0.000530532 0.000445543 0.000368291 0.000313646 0.000294588 0.000320808 0.000402621 0.000590323 0.00106119 0.0019975 0.00304282 0.00329417 0.00243389 0.00121706 0.000414642 9.82234e-05 1.70282e-05 2.44353e-06 3.45561e-07 5.07604e-08 6.88847e-09 7.29158e-10 4.21549e-11 0 
0 1.32188e-08 1.22474e-07 5.92665e-07 2.08567e-06 5.89965e-06 1.40132e-05 2.86403e-05 5.12304e-05 8.13348e-05 0.000116061 0.000150553 0.000179301 0.000197673 0.000203075 0.000195476 0.00017727 0.000152644 0.00012667 0.000104398 9.02282e-05 8.76274e-05 9.89526e-05 0.000125566 0.000171548 0.000252636 0.000383255 0.000513668 0.000526143 0.000382841 0.000193159 6.77551e-05 1.70282e-05 3.31662e-06 5.73487e-07 9.82598e-08 1.63021e-08 2.36309e-09 2.6159e-10 1.56935e-11 0 
0 3.17082e-09 2.85076e-08 1.34321e-07 4.62729e-07 1.29007e-06 3.04316e-06 6.22339e-06 1.12113e-05 1.80091e-05 2.60597e-05 3.42739e-05 4.12927e-05 4.58834e-05 4.73051e-05 4.55106e-05 4.11307e-05 3.52779e-05 2.92606e-05 2.43208e-05 2.1475e-05 2.14614e-05 2.46881e-05 3.10873e-05 4.01545e-05 5.15223e-05 6.41999e-05 7.24998e-05 6.69261e-05 4.65859e-05 2.35594e-05 8.68547e-06 2.44353e-06 5.73487e-07 1.23371e-07 2.50077e-08 4.57245e-09 7.03767e-10 8.16144e-11 5.09795e-12 0 
0 6.81987e-10 5.94769e-09 2.72514e-08 9.1644e-08 2.50621e-07 5.83006e-07 1.18206e-06 2.12149e-06 3.40837e-06 4.94595e-06 6.532e-06 7.90337e-06 8.8129e-06 9.10712e-06 8.77293e-06 7.93738e-06 6.82622e-06 5.70275e-06 4.81257e-06 4.35026e-06 4.44511e-06 5.14262e-06 6.35792e-06 7.82883e-06 9.15314e-06 9.88145e-06 9.53037e-06 7.7936e-06 5.11824e-06 2.61915e-06 1.05166e-06 3.45561e-07 9.82598e-08 2.50077e-08 5.67173e-09 1.11453e-09 1.81143e-10 2.20177e-11 1.43464e-12 0 
0 1.28833e-10 1.0904e-09 4.85817e-09 1.59345e-08 4.266e-08 9.75494e-08 1.95229e-07 3.47207e-07 5.54635e-07 8.02415e-07 1.05862e-06 1.28118e-06 1.43011e-06 1.48022e-06 1.4292e-06 1.29785e-06 1.12336e-06 9.49213e-07 8.15782e-07 7.5432e-07 7.8341e-07 9.04528e-07 1.09405e-06 1.29632e-06 1.43164e-06 1.42684e-06 1.25247e-06 9.44697e-07 5.97939e-07 3.13514e-07 1.36898e-07 5.07604e-08 1.63021e-08 4.57245e-09 1.11453e-09 2.32035e-10 3.96822e-11 5.05354e-12 3.43703e-13 0 
0 2.04726e-11 1.68329e-10 7.29817e-10 2.33529e-09 6.11811e-09 1.37368e-08 2.7088e-08 4.76257e-08 7.54405e-08 1.08516e-07 1.42657e-07 1.72353e-07 1.92352e-07 1.99342e-07 1.9302e-07 1.76168e-07 1.53773e-07 1.31693e-07 1.15366e-07 1.08893e-07 1.14385e-07 1.31239e-07 1.55228e-07 1.78163e-07 1.89648e-07 1.81602e-07 1.53203e-07 1.12147e-07 7.04809e-08 3.78477e-08 1.7398e-08 6.88847e-09 2.36309e-09 7.03767e-10 1.81143e-10 3.96822e-11 7.12159e-12 9.49122e-13 6.73564e-14 0 
0 2.46961e-12 1.97525e-11 8.34396e-11 2.60707e-10 6.68708e-10 1.4743e-09 2.86329e-09 4.97287e-09 7.803e-09 1.11468e-08 1.45861e-08 1.75768e-08 1.96022e-08 2.03372e-08 1.97549e-08 1.81351e-08 1.59806e-08 1.3884e-08 1.2394e-08 1.19112e-08 1.26054e-08 1.43377e-08 1.65968e-08 1.85301e-08 1.91804e-08 1.79212e-08 1.48469e-08 1.07772e-08 6.80508e-09 3.72566e-09 1.76849e-09 7.29158e-10 2.6159e-10 8.16144e-11 2.20177e-11 5.05354e-12 9.49122e-13 1.32139e-13 9.77449e-15 0 
0 1.61546e-13 1.25881e-12 5.18843e-12 1.58495e-11 3.98409e-11 8.63048e-11 1.65137e-10 2.8332e-10 4.40294e-10 6.24439e-10 8.13046e-10 9.76907e-10 1.08848e-09 1.13055e-09 1.10191e-09 1.01791e-09 9.06047e-10 7.98776e-10 7.25943e-10 7.0842e-10 7.52941e-10 8.47931e-10 9.61831e-10 1.04799e-09 1.05964e-09 9.71503e-10 7.95284e-10 5.75419e-10 3.65695e-10 2.03484e-10 9.90285e-11 4.21549e-11 1.56935e-11 5.09795e-12 1.43464e-12 3.43703e-13 6.73564e-14 9.77449e-15 7.52464e-16 0 
0 0 0 0 0 0 0 0 0 0 0 0 0 0 0 0 0 0 0 0 0 0 0 0 0 0 0 0 0 0 0 0 0 0 0 0 0 0 0 0 0 
