0 0 0 0 0 0 0 0 0 0 0 0 0 0 0 0 0 0 0 0 0 0 0 0 0 0 0 0 0 0 0 0 0 0 0 0 0 0 0 0 0 
0 1.96298e-13 1.87818e-12 9.53078e-12 3.58446e-11 1.10597e-10 2.9223e-10 6.75425e-10 1.38134e-09 2.51654e-09 4.10121e-09 5.99627e-09 7.88294e-09 9.33672e-09 9.9824e-09 9.65324e-09 8.46108e-09 6.73717e-09 4.88529e-09 3.23446e-09 1.96075e-09 1.09149e-09 5.59651e-10 2.65124e-10 1.164e-10 4.75025e-11 1.80702e-11 6.42377e-12 2.13859e-12 6.67844e-13 1.95806e-13 5.38957e-14 1.39071e-14 3.35256e-15 7.50074e-16 1.53885e-16 2.83144e-17 4.46983e-18 5.46005e-19 3.68626e-20 0 
0 1.87818e-12 1.86255e-11 9.79928e-11 3.81928e-10 1.21974e-09 3.32953e-09 7.92993e-09 1.66608e-08 3.10729e-08 5.1643e-08 7.66913e-08 1.0198e-07 1.21668e-07 1.30494e-07 1.26087e-07 1.10002e-07 8.68664e-08 6.22567e-08 4.06122e-08 2.41882e-08 1.31962e-08 6.6172e-09 3.06047e-09 1.3101e-09 5.20822e-10 1.92903e-10 6.67594e-11 2.1642e-11 6.58477e-12 1.88265e-12 5.0592e-13 1.27639e-13 3.01374e-14 6.61768e-15 1.33569e-15 2.42446e-16 3.7876e-17 4.59492e-18 3.09298e-19 0 
0 9.53078e-12 9.79928e-11 5.34811e-10 2.16151e-09 7.14997e-09 2.01764e-08 4.95481e-08 1.06998e-07 2.04365e-07 3.46468e-07 5.22666e-07 7.03054e-07 8.44945e-07 9.09188e-07 8.77892e-07 7.62515e-07 5.97338e-07 4.23255e-07 2.72113e-07 1.59267e-07 8.51727e-08 4.17752e-08 1.88657e-08 7.87525e-09 3.05037e-09 1.10032e-09 3.70851e-10 1.17126e-10 3.47448e-11 9.69584e-12 2.54678e-12 6.29158e-13 1.45773e-13 3.14895e-14 6.27095e-15 1.1269e-15 1.74966e-16 2.11857e-17 1.42984e-18 0 
0 3.58446e-11 3.81928e-10 2.16151e-09 9.05648e-09 3.10206e-08 9.04665e-08 2.28991e-07 5.0804e-07 9.93221e-07 1.71659e-06 2.62891e-06 3.57515e-06 4.32672e-06 4.67059e-06 4.50814e-06 3.90083e-06 3.03418e-06 2.12782e-06 1.34974e-06 7.77218e-07 4.07861e-07 1.9587e-07 8.64557e-08 3.52281e-08 1.33083e-08 4.68025e-09 1.53805e-09 4.73877e-10 1.3726e-10 3.74507e-11 9.63478e-12 2.33629e-12 5.32714e-13 1.13602e-13 2.24147e-14 4.0075e-15 6.21931e-16 7.56424e-17 5.15294e-18 0 
0 1.10597e-10 1.21974e-09 7.14997e-09 3.10206e-08 1.09895e-07 3.30822e-07 8.62015e-07 1.96208e-06 3.92012e-06 6.89522e-06 1.07023e-05 1.4693e-05 1.7888e-05 1.93653e-05 1.86935e-05 1.61336e-05 1.24825e-05 8.68218e-06 5.44609e-06 3.09207e-06 1.59558e-06 7.51728e-07 3.24912e-07 1.29466e-07 4.77888e-08 1.64164e-08 5.27067e-09 1.5876e-09 4.50084e-10 1.20391e-10 3.04285e-11 7.26819e-12 1.6378e-12 3.46489e-13 6.81261e-14 1.21982e-14 1.90593e-15 2.34596e-16 1.62466e-17 0 
0 2.9223e-10 3.32953e-09 2.01764e-08 9.04665e-08 3.30822e-07 1.02586e-06 2.74552e-06 6.3952e-06 1.30206e-05 2.32348e-05 3.64323e-05 5.03477e-05 6.15366e-05 6.67585e-05 6.44932e-05 5.56323e-05 4.29465e-05 2.97357e-05 1.8515e-05 1.04024e-05 5.29591e-06 2.45517e-06 1.04203e-06 4.07122e-07 1.47226e-07 4.95361e-08 1.55825e-08 4.60283e-09 1.28151e-09 3.37326e-10 8.41241e-11 1.98928e-11 4.45573e-12 9.41453e-13 1.85863e-13 3.36046e-14 5.33093e-15 6.69299e-16 4.74242e-17 0 
0 6.75425e-10 7.92993e-09 4.95481e-08 2.28991e-07 8.62015e-07 2.74552e-06 7.52267e-06 1.78645e-05 3.69e-05 6.64642e-05 0.000104726 0.000144988 0.000177295 0.000192474 0.000186261 0.000161088 0.000124671 8.64178e-05 5.37244e-05 3.00331e-05 1.51586e-05 6.94461e-06 2.90534e-06 1.117e-06 3.97124e-07 1.31343e-07 4.06346e-08 1.18191e-08 3.24645e-09 8.45293e-10 2.09234e-10 4.93179e-11 1.10666e-11 2.35585e-12 4.71408e-13 8.6881e-14 1.4114e-14 1.81962e-15 1.3245e-16 0 
0 1.38134e-09 1.66608e-08 1.06998e-07 5.0804e-07 1.96208e-06 6.3952e-06 1.78645e-05 4.30328e-05 8.96242e-05 0.000161796 0.000254311 0.000350424 0.000426738 0.000462695 0.000449004 0.000390857 0.000305148 0.000213365 0.000133494 7.48085e-05 3.76797e-05 1.71549e-05 7.10928e-06 2.70182e-06 9.48562e-07 3.09789e-07 9.47216e-08 2.72756e-08 7.43633e-09 1.92858e-09 4.77619e-10 1.1324e-10 2.57149e-11 5.57486e-12 1.14267e-12 2.16674e-13 3.6295e-14 4.82282e-15 3.60752e-16 0 
0 2.51654e-09 3.10729e-08 2.04365e-07 9.93221e-07 3.92012e-06 1.30206e-05 3.69e-05 8.96242e-05 0.000186847 0.000335324 0.00052155 0.00071046 0.000857712 0.000927099 0.000902989 0.000794067 0.00062921 0.000447355 0.000284202 0.000161062 8.15995e-05 3.71734e-05 1.53516e-05 5.79896e-06 2.02138e-06 6.55592e-07 1.99344e-07 5.72273e-08 1.56109e-08 4.07006e-09 1.01913e-09 2.45893e-10 5.72005e-11 1.27778e-11 2.70964e-12 5.32319e-13 9.22363e-14 1.26246e-14 9.66904e-16 0 
0 4.10121e-09 5.1643e-08 3.46468e-07 1.71659e-06 6.89522e-06 2.32348e-05 6.64642e-05 0.000161796 0.000335324 0.000594006 0.000908556 0.00121806 0.0014541 0.00156542 0.00153109 0.00136283 0.00110023 0.000800059 0.000519997 0.000300509 0.000154396 7.09069e-05 2.93789e-05 1.11016e-05 3.86735e-06 1.25443e-06 3.82341e-07 1.10432e-07 3.04617e-08 8.081e-09 2.07329e-09 5.16124e-10 1.24595e-10 2.89836e-11 6.40212e-12 1.30615e-12 2.33702e-13 3.2791e-14 2.55467e-15 0 
0 5.99627e-09 7.66913e-08 5.22666e-07 2.62891e-06 1.07023e-05 3.64323e-05 0.000104726 0.000254311 0.00052155 0.000908556 0.00136373 0.00179842 0.00212373 0.00227807 0.00223753 0.00201568 0.00165857 0.00123579 0.000824897 0.0004889 0.000256464 0.000119581 5.00632e-05 1.90629e-05 6.68881e-06 2.18915e-06 6.75737e-07 1.98732e-07 5.62001e-08 1.54011e-08 4.11173e-09 1.07115e-09 2.7131e-10 6.61438e-11 1.52393e-11 3.21904e-12 5.91167e-13 8.43922e-14 6.63576e-15 0 
0 7.88294e-09 1.0198e-07 7.03054e-07 3.57515e-06 1.4693e-05 5.03477e-05 0.000144988 0.000350424 0.00071046 0.00121806 0.00179842 0.00234016 0.00274091 0.0029337 0.0028933 0.00263384 0.00220387 0.00167933 0.00115078 0.000700797 0.000376883 0.000179447 7.64449e-05 2.95718e-05 1.05516e-05 3.5241e-06 1.11651e-06 3.39572e-07 1.0014e-07 2.88402e-08 8.13596e-09 2.24311e-09 5.99553e-10 1.532e-10 3.66518e-11 7.95743e-12 1.48723e-12 2.1418e-13 1.68651e-14 0 
0 9.33672e-09 1.21668e-07 8.44945e-07 4.32672e-06 1.7888e-05 6.15366e-05 0.000177295 0.000426738 0.000857712 0.0014541 0.00212373 0.00274091 0.00319622 0.00342019 0.00338676 0.00310962 0.00263722 0.00204697 0.00143519 0.00089672 0.000495055 0.000241723 0.000105507 4.18547e-05 1.5369e-05 5.31539e-06 1.75849e-06 5.63685e-07 1.76672e-07 5.43587e-08 1.63881e-08 4.80488e-09 1.35338e-09 3.60292e-10 8.87429e-11 1.96174e-11 3.69756e-12 5.328e-13 4.17176e-14 0 
0 9.9824e-09 1.30494e-07 9.09188e-07 4.67059e-06 1.93653e-05 6.67585e-05 0.000192474 0.000462695 0.000927099 0.00156542 0.00227807 0.0029337 0.00342019 0.00366684 0.00364655 0.00337167 0.00288898 0.00227435 0.00162427 0.00103798 0.000588071 0.000295483 0.000133139 5.47894e-05 2.10237e-05 7.67154e-06 2.7062e-06 9.3348e-07 3.16418e-07 1.05181e-07 3.40149e-08 1.05745e-08 3.11535e-09 8.55684e-10 2.14776e-10 4.78767e-11 9.02245e-12 1.29123e-12 9.99072e-14 0 
0 9.65324e-09 1.26087e-07 8.77892e-07 4.50814e-06 1.86935e-05 6.44932e-05 0.000186261 0.000449004 0.000902989 0.00153109 0.00223753 0.0028933 0.00338676 0.00364655 0.00364411 0.00338965 0.0029271 0.00232875 0.00168732 0.00109961 0.000639281 0.000331993 0.000155918 6.75621e-05 2.76272e-05 1.0879e-05 4.18481e-06 1.58214e-06 5.8643e-07 2.11161e-07 7.29298e-08 2.38283e-08 7.26365e-09 2.03588e-09 5.15422e-10 1.14809e-10 2.14634e-11 3.03065e-12 2.30448e-13 0 
0 8.46108e-09 1.10002e-07 7.62515e-07 3.90083e-06 1.61336e-05 5.56323e-05 0.000161088 0.000390857 0.000794067 0.00136283 0.00201568 0.00263384 0.00310962 0.00337167 0.00338965 0.00317091 0.00275542 0.0022102 0.00162089 0.00107618 0.000643531 0.000348012 0.0001727 8.03581e-05 3.58532e-05 1.56022e-05 6.67163e-06 2.79493e-06 1.13479e-06 4.40173e-07 1.60761e-07 5.45646e-08 1.701e-08 4.81233e-09 1.21696e-09 2.68595e-10 4.94568e-11 6.84877e-12 5.09273e-13 0 
0 6.73717e-09 8.68664e-08 5.97338e-07 3.03418e-06 1.24825e-05 4.29465e-05 0.000124671 0.000305148 0.00062921 0.00110023 0.00165857 0.00220387 0.00263722 0.00288898 0.0029271 0.00275542 0.00240889 0.00194729 0.00144599 0.000980791 0.00060746 0.000346498 0.00018521 9.47835e-05 4.72925e-05 2.32e-05 1.11497e-05 5.18262e-06 2.29101e-06 9.4742e-07 3.61503e-07 1.25908e-07 3.96766e-08 1.12113e-08 2.80575e-09 6.08711e-10 1.09656e-10 1.48107e-11 1.07223e-12 0 
0 4.88529e-09 6.22567e-08 4.23255e-07 2.12782e-06 8.68218e-06 2.97357e-05 8.64178e-05 0.000213365 0.000447355 0.000800059 0.00123579 0.00167933 0.00204697 0.00227435 0.00232875 0.0022102 0.00194729 0.00159031 0.0012012 0.000839267 0.000545726 0.000334796 0.000197478 0.000113962 6.4883e-05 3.6281e-05 1.9625e-05 1.00633e-05 4.79543e-06 2.08923e-06 8.22505e-07 2.9037e-07 9.14322e-08 2.55362e-08 6.26719e-09 1.32629e-09 2.32282e-10 3.04457e-11 2.13749e-12 0 
0 3.23446e-09 4.06122e-08 2.72113e-07 1.34974e-06 5.44609e-06 1.8515e-05 5.37244e-05 0.000133494 0.000284202 0.000519997 0.000824897 0.00115078 0.00143519 0.00162427 0.00168732 0.00162089 0.00144599 0.0012012 0.000932557 0.000681625 0.000475188 0.00032152 0.000214645 0.00014251 9.35965e-05 5.97592e-05 3.62095e-05 2.03101e-05 1.03232e-05 4.68216e-06 1.87804e-06 6.63622e-07 2.06343e-07 5.63634e-08 1.34439e-08 2.75481e-09 4.66321e-10 5.905e-11 4.00706e-12 0 
0 1.96075e-09 2.41882e-08 1.59267e-07 7.77218e-07 3.09207e-06 1.04024e-05 3.00331e-05 7.48085e-05 0.000161062 0.000300509 0.0004889 0.000700797 0.00089672 0.00103798 0.00109961 0.00107618 0.000980791 0.000839267 0.000681625 0.000533343 0.000409459 0.00031368 0.000241814 0.000186626 0.000141596 0.000102822 6.93552e-05 4.22355e-05 2.26901e-05 1.0593e-05 4.27184e-06 1.48999e-06 4.5157e-07 1.19306e-07 2.74111e-08 5.40121e-09 8.79148e-10 1.07156e-10 7.01074e-12 0 
0 1.09149e-09 1.31962e-08 8.51727e-08 4.07861e-07 1.59558e-06 5.29591e-06 1.51586e-05 3.76797e-05 8.15995e-05 0.000154396 0.000256464 0.000376883 0.000495055 0.000588071 0.000639281 0.000643531 0.00060746 0.000545726 0.000475188 0.000409459 0.000355805 0.000315004 0.000283181 0.000254187 0.000221887 0.000182539 0.000136891 9.05443e-05 5.13072e-05 2.44363e-05 9.74331e-06 3.28514e-06 9.51614e-07 2.39593e-07 5.24977e-08 9.88307e-09 1.54035e-09 1.80244e-10 1.13532e-11 0 
0 5.59651e-10 6.6172e-09 4.17752e-08 1.9587e-07 7.51728e-07 2.45517e-06 6.94461e-06 1.71549e-05 3.71734e-05 7.09069e-05 0.000119581 0.000179447 0.000241723 0.000295483 0.000331993 0.000348012 0.000346498 0.000334796 0.00032152 0.00031368 0.000315004 0.000325432 0.000341077 0.000354367 0.000355285 0.000334145 0.000284897 0.000210429 0.000128167 6.21637e-05 2.38668e-05 7.43887e-06 1.96494e-06 4.55494e-07 9.34319e-08 1.66684e-08 2.4793e-09 2.78174e-10 1.68668e-11 0 
0 2.65124e-10 3.06047e-09 1.88657e-08 8.64557e-08 3.24912e-07 1.04203e-06 2.90534e-06 7.10928e-06 1.53516e-05 2.93789e-05 5.00632e-05 7.64449e-05 0.000105507 0.000133139 0.000155918 0.0001727 0.00018521 0.000197478 0.000214645 0.000241814 0.000283181 0.000341077 0.00041445 0.000498295 0.000585715 0.000662647 0.000685909 0.000595694 0.000400107 0.000198126 7.16425e-05 1.9519e-05 4.31315e-06 8.46345e-07 1.54512e-07 2.56271e-08 3.62161e-09 3.89657e-10 2.27762e-11 0 
0 1.164e-10 1.3101e-09 7.87525e-09 3.52281e-08 1.29466e-07 4.07122e-07 1.117e-06 2.70182e-06 5.79896e-06 1.11016e-05 1.90629e-05 2.95718e-05 4.18547e-05 5.47894e-05 6.75621e-05 8.03581e-05 9.47835e-05 0.000113962 0.00014251 0.000186626 0.000254187 0.000354367 0.000498295 0.000710053 0.00104689 0.0015437 0.00200642 0.00201561 0.00145115 0.000725706 0.000250336 6.05687e-05 1.09087e-05 1.65454e-06 2.43581e-07 3.57669e-08 4.74666e-09 4.90016e-10 2.7696e-11 0 
0 4.75025e-11 5.20822e-10 3.05037e-09 1.33083e-08 4.77888e-08 1.47226e-07 3.97124e-07 9.48562e-07 2.02138e-06 3.86735e-06 6.68881e-06 1.05516e-05 1.5369e-05 2.10237e-05 2.76272e-05 3.58532e-05 4.72925e-05 6.4883e-05 9.35965e-05 0.000141596 0.000221887 0.000355285 0.000585715 0.00104689 0.00206754 0.00392797 0.00593091 0.00638343 0.00470221 0.00234168 0.000786557 0.000179008 2.83718e-05 3.42327e-06 3.7928e-07 4.5579e-08 5.53204e-09 5.47527e-10 3.00592e-11 0 
0 1.80702e-11 1.92903e-10 1.10032e-09 4.68025e-09 1.64164e-08 4.95361e-08 1.31343e-07 3.09789e-07 6.55592e-07 1.25443e-06 2.18915e-06 3.5241e-06 5.31539e-06 7.67154e-06 1.0879e-05 1.56022e-05 2.32e-05 3.6281e-05 5.97592e-05 0.000102822 0.000182539 0.000334145 0.000662647 0.0015437 0.00392797 0.00863693 0.0138656 0.0152572 0.0112922 0.00559122 0.00185074 0.000409837 6.12769e-05 6.49079e-06 5.66782e-07 5.31244e-08 5.69146e-09 5.38592e-10 2.88855e-11 0 
0 6.42377e-12 6.67594e-11 3.70851e-10 1.53805e-09 5.27067e-09 1.55825e-08 4.06346e-08 9.47216e-08 1.99344e-07 3.82341e-07 6.75737e-07 1.11651e-06 1.75849e-06 2.7062e-06 4.18481e-06 6.67163e-06 1.11497e-05 1.9625e-05 3.62095e-05 6.93552e-05 0.000136891 0.000284897 0.000685909 0.00200642 0.00593091 0.0138656 0.0227215 0.0251664 0.0186456 0.0092066 0.00302601 0.00066165 9.64405e-05 9.60918e-06 7.27286e-07 5.4915e-08 5.11336e-09 4.62622e-10 2.44131e-11 0 
0 2.13859e-12 2.1642e-11 1.17126e-10 4.73877e-10 1.5876e-09 4.60283e-09 1.18191e-08 2.72756e-08 5.72273e-08 1.10432e-07 1.98732e-07 3.39572e-07 5.63685e-07 9.3348e-07 1.58214e-06 2.79493e-06 5.18262e-06 1.00633e-05 2.03101e-05 4.22355e-05 9.05443e-05 0.000210429 0.000595694 0.00201561 0.00638343 0.0152572 0.0251664 0.0279298 0.0206985 0.0102098 0.00334598 0.000727323 0.000104803 1.01627e-05 7.16772e-07 4.724e-08 3.9367e-09 3.4443e-10 1.80556e-11 0 
0 6.67844e-13 6.58477e-12 3.47448e-11 1.3726e-10 4.50084e-10 1.28151e-09 3.24645e-09 7.43633e-09 1.56109e-08 3.04617e-08 5.62001e-08 1.0014e-07 1.76672e-07 3.16418e-07 5.8643e-07 1.13479e-06 2.29101e-06 4.79543e-06 1.03232e-05 2.26901e-05 5.13072e-05 0.000128167 0.000400107 0.00145115 0.00470221 0.0112922 0.0186456 0.0206985 0.0153396 0.00756454 0.00247667 0.000536989 7.70049e-05 7.39246e-06 5.08371e-07 3.18267e-08 2.54202e-09 2.20994e-10 1.16486e-11 0 
0 1.95806e-13 1.88265e-12 9.69584e-12 3.74507e-11 1.20391e-10 3.37326e-10 8.45293e-10 1.92858e-09 4.07006e-09 8.081e-09 1.54011e-08 2.88402e-08 5.43587e-08 1.05181e-07 2.11161e-07 4.40173e-07 9.4742e-07 2.08923e-06 4.68216e-06 1.0593e-05 2.44363e-05 6.21637e-05 0.000198126 0.000725706 0.00234168 0.00559122 0.0092066 0.0102098 0.00756454 0.00373067 0.00122128 0.000264596 3.79242e-05 3.64643e-06 2.53048e-07 1.63259e-08 1.36238e-09 1.21942e-10 6.54767e-12 0 
0 5.38957e-14 5.0592e-13 2.54678e-12 9.63478e-12 3.04285e-11 8.41241e-11 2.09234e-10 4.77619e-10 1.01913e-09 2.07329e-09 4.11173e-09 8.13596e-09 1.63881e-08 3.40149e-08 7.29298e-08 1.60761e-07 3.61503e-07 8.22505e-07 1.87804e-06 4.27184e-06 9.74331e-06 2.38668e-05 7.16425e-05 0.000250336 0.000786557 0.00185074 0.00302601 0.00334598 0.00247667 0.00122128 0.000399846 8.67105e-05 1.24825e-05 1.21862e-06 8.89023e-08 6.46893e-09 6.1149e-10 5.80142e-11 3.20818e-12 0 
0 1.39071e-14 1.27639e-13 6.29158e-13 2.33629e-12 7.26819e-12 1.98928e-11 4.93179e-11 1.1324e-10 2.45893e-10 5.16124e-10 1.07115e-09 2.24311e-09 4.80488e-09 1.05745e-08 2.38283e-08 5.45646e-08 1.25908e-07 2.9037e-07 6.63622e-07 1.48999e-06 3.28514e-06 7.43887e-06 1.9519e-05 6.05687e-05 0.000179008 0.000409837 0.00066165 0.000727323 0.000536989 0.000264596 8.67105e-05 1.88876e-05 2.75634e-06 2.80408e-07 2.30381e-08 2.09435e-09 2.35072e-10 2.39189e-11 1.37191e-12 0 
0 3.35256e-15 3.01374e-14 1.45773e-13 5.32714e-13 1.6378e-12 4.45573e-12 1.10666e-11 2.57149e-11 5.72005e-11 1.24595e-10 2.7131e-10 5.99553e-10 1.35338e-09 3.11535e-09 7.26365e-09 1.701e-08 3.96766e-08 9.14322e-08 2.06343e-07 4.5157e-07 9.51614e-07 1.96494e-06 4.31315e-06 1.09087e-05 2.83718e-05 6.12769e-05 9.64405e-05 0.000104803 7.70049e-05 3.79242e-05 1.24825e-05 2.75634e-06 4.17447e-07 4.70059e-08 4.88145e-09 5.96839e-10 7.89227e-11 8.58013e-12 5.12335e-13 0 
0 7.50074e-16 6.61768e-15 3.14895e-14 1.13602e-13 3.46489e-13 9.41453e-13 2.35585e-12 5.57486e-12 1.27778e-11 2.89836e-11 6.61438e-11 1.532e-10 3.60292e-10 8.55684e-10 2.03588e-09 4.81233e-09 1.12113e-08 2.55362e-08 5.63634e-08 1.19306e-07 2.39593e-07 4.55494e-07 8.46345e-07 1.65454e-06 3.42327e-06 6.49079e-06 9.60918e-06 1.01627e-05 7.39246e-06 3.64643e-06 1.21862e-06 2.80408e-07 4.70059e-08 6.63754e-09 9.75405e-10 1.56163e-10 2.32566e-11 2.67784e-12 1.66782e-13 0 
0 1.53885e-16 1.33569e-15 6.27095e-15 2.24147e-14 6.81261e-14 1.85863e-13 4.71408e-13 1.14267e-12 2.70964e-12 6.40212e-12 1.52393e-11 3.66518e-11 8.87429e-11 2.14776e-10 5.15422e-10 1.21696e-09 2.80575e-09 6.26719e-09 1.34439e-08 2.74111e-08 5.24977e-08 9.34319e-08 1.54512e-07 2.43581e-07 3.7928e-07 5.66782e-07 7.27286e-07 7.16772e-07 5.08371e-07 2.53048e-07 8.89023e-08 2.30381e-08 4.88145e-09 9.75405e-10 1.95885e-10 3.70356e-11 5.96347e-12 7.22736e-13 4.69992e-14 0 
0 2.83144e-17 2.42446e-16 1.1269e-15 4.0075e-15 1.21982e-14 3.36046e-14 8.6881e-14 2.16674e-13 5.32319e-13 1.30615e-12 3.21904e-12 7.95743e-12 1.96174e-11 4.78767e-11 1.14809e-10 2.68595e-10 6.08711e-10 1.32629e-09 2.75481e-09 5.40121e-09 9.88307e-09 1.66684e-08 2.56271e-08 3.57669e-08 4.5579e-08 5.31244e-08 5.4915e-08 4.724e-08 3.18267e-08 1.63259e-08 6.46893e-09 2.09435e-09 5.96839e-10 1.56163e-10 3.70356e-11 7.64846e-12 1.30477e-12 1.6592e-13 1.12687e-14 0 
0 4.46983e-18 3.7876e-17 1.74966e-16 6.21931e-16 1.90593e-15 5.33093e-15 1.4114e-14 3.6295e-14 9.22363e-14 2.33702e-13 5.91167e-13 1.48723e-12 3.69756e-12 9.02245e-12 2.14634e-11 4.94568e-11 1.09656e-10 2.32282e-10 4.66321e-10 8.79148e-10 1.54035e-09 2.4793e-09 3.62161e-09 4.74666e-09 5.53204e-09 5.69146e-09 5.11336e-09 3.9367e-09 2.54202e-09 1.36238e-09 6.1149e-10 2.35072e-10 7.89227e-11 2.32566e-11 5.96347e-12 1.30477e-12 2.33988e-13 3.1159e-14 2.2091e-15 0 
0 5.46005e-19 4.59492e-18 2.11857e-17 7.56424e-17 2.34596e-16 6.69299e-16 1.81962e-15 4.82282e-15 1.26246e-14 3.2791e-14 8.43922e-14 2.1418e-13 5.328e-13 1.29123e-12 3.03065e-12 6.84877e-12 1.48107e-11 3.04457e-11 5.905e-11 1.07156e-10 1.80244e-10 2.78174e-10 3.89657e-10 4.90016e-10 5.47527e-10 5.38592e-10 4.62622e-10 3.4443e-10 2.20994e-10 1.21942e-10 5.80142e-11 2.39189e-11 8.58013e-12 2.67784e-12 7.22736e-13 1.6592e-13 3.1159e-14 4.33638e-15 3.20572e-16 0 
0 3.68626e-20 3.09298e-19 1.42984e-18 5.15294e-18 1.62466e-17 4.74242e-17 1.3245e-16 3.60752e-16 9.66904e-16 2.55467e-15 6.63576e-15 1.68651e-14 4.17176e-14 9.99072e-14 2.30448e-13 5.09273e-13 1.07223e-12 2.13749e-12 4.00706e-12 7.01074e-12 1.13532e-11 1.68668e-11 2.27762e-11 2.7696e-11 3.00592e-11 2.88855e-11 2.44131e-11 1.80556e-11 1.16486e-11 6.54767e-12 3.20818e-12 1.37191e-12 5.12335e-13 1.66782e-13 4.69992e-14 1.12687e-14 2.2091e-15 3.20572e-16 2.46714e-17 0 
0 0 0 0 0 0 0 0 0 0 0 0 0 0 0 0 0 0 0 0 0 0 0 0 0 0 0 0 0 0 0 0 0 0 0 0 0 0 0 0 0 
