0 0 0 0 0 0 0 0 0 0 0 0 0 0 0 0 0 0 0 0 0 0 0 0 0 0 0 0 0 0 0 0 0 0 0 0 0 0 0 0 0 
0 1.94349e-07 1.75733e-06 7.97194e-06 2.5178e-05 6.14766e-05 0.000122717 0.000208607 0.000312146 0.00042221 0.000526875 0.000615772 0.00068123 0.000718577 0.000726046 0.000704482 0.000656983 0.000588481 0.000505272 0.000414459 0.000323311 0.000238492 0.000165271 0.000106836 6.39697e-05 3.5251e-05 1.77854e-05 8.18718e-06 3.43276e-06 1.31069e-06 4.56043e-07 1.4472e-07 4.18918e-08 1.1044e-08 2.63924e-09 5.65893e-10 1.06629e-10 1.69086e-11 2.03619e-12 1.33007e-13 0 
0 1.75733e-06 1.63826e-05 7.46565e-05 0.000228734 0.0005242 0.000962047 0.00149626 0.00206371 0.00260879 0.00309017 0.00347889 0.00375577 0.00391011 0.00393912 0.0038474 0.003646 0.00335107 0.00298248 0.00256253 0.00211516 0.00166559 0.00123972 0.000862419 0.000553827 0.00032438 0.000171579 8.14546e-05 3.46399e-05 1.32188e-05 4.54387e-06 1.41286e-06 3.98608e-07 1.02112e-07 2.36788e-08 4.92541e-09 9.00825e-10 1.38798e-10 1.62624e-11 1.03513e-12 0 
0 7.97194e-06 7.46565e-05 0.000326783 0.000915654 0.00186605 0.00305456 0.00433495 0.00560332 0.00678607 0.00782205 0.00865895 0.00925631 0.00958923 0.00965018 0.0094489 0.00901039 0.00837144 0.00757635 0.00667228 0.005705 0.00471609 0.00374252 0.00281952 0.00198514 0.0012809 0.000742106 0.000379664 0.000170047 6.67145e-05 2.30941e-05 7.122e-06 1.97317e-06 4.93506e-07 1.11404e-07 2.25336e-08 4.00787e-09 6.01016e-10 6.86203e-11 4.26243e-12 0 
0 2.5178e-05 0.000228734 0.000915654 0.00225785 0.00408682 0.00616451 0.0083435 0.0105121 0.0125558 0.0143607 0.0158263 0.0168752 0.0174602 0.0175665 0.0172109 0.0164384 0.0153157 0.0139239 0.0123503 0.0106804 0.00899115 0.00734476 0.00578674 0.00434891 0.00306108 0.00196594 0.00111769 0.00054831 0.000229421 8.22471e-05 2.5634e-05 7.05759e-06 1.73644e-06 3.83515e-07 7.5711e-08 1.31335e-08 1.92151e-09 2.14243e-10 1.30125e-11 0 
0 6.14766e-05 0.0005242 0.00186605 0.00408682 0.00685479 0.00996027 0.013254 0.0165622 0.0196948 0.0224676 0.0247214 0.0263353 0.0272353 0.0273983 0.0268502 0.0256606 0.0239327 0.0217926 0.0193764 0.0168185 0.0142417 0.0117486 0.0094157 0.00729009 0.00539242 0.00373291 0.00234098 0.00127784 0.000587285 0.000224692 7.24231e-05 2.01198e-05 4.91718e-06 1.06942e-06 2.06998e-07 3.5147e-08 5.03194e-09 5.4932e-10 3.26992e-11 0 
0 0.000122717 0.000962047 0.00305456 0.00616451 0.00996027 0.0142611 0.0188548 0.023482 0.0278683 0.0317529 0.0349113 0.0371731 0.0384346 0.0386628 0.0378943 0.0362266 0.033805 0.0308064 0.0274222 0.0238422 0.0202399 0.0167624 0.0135223 0.0105944 0.00801318 0.00577743 0.00387299 0.00231749 0.00117838 0.000491327 0.000167406 4.77048e-05 1.17074e-05 2.52528e-06 4.81716e-07 8.03774e-08 1.12979e-08 1.21104e-09 7.08332e-11 0 
0 0.000208607 0.00149626 0.00433495 0.0083435 0.013254 0.0188548 0.0248511 0.0308957 0.0366275 0.0417046 0.0458334 0.0487925 0.0504452 0.0507447 0.0497374 0.0475544 0.044388 0.0404689 0.0360469 0.0313701 0.0266663 0.0221287 0.0179074 0.0141047 0.0107741 0.00792153 0.00551423 0.00351629 0.00194993 0.000889857 0.000325164 9.64214e-05 2.40118e-05 5.17365e-06 9.77619e-07 1.60948e-07 2.22864e-08 2.35265e-09 1.35567e-10 0 
0 0.000312146 0.00206371 0.00560332 0.0105121 0.0165622 0.023482 0.0308957 0.038371 0.0454604 0.0517437 0.0568741 0.0605964 0.0627134 0.0631021 0.0618042 0.0590338 0.0550765 0.0502174 0.044747 0.0389636 0.033148 0.0275399 0.0223258 0.0176345 0.013537 0.0100492 0.00713607 0.00473122 0.00279623 0.00138233 0.000543627 0.000169282 4.31377e-05 9.34255e-06 1.75699e-06 2.86492e-07 3.92087e-08 4.08816e-09 2.32698e-10 0 
0 0.00042221 0.00260879 0.00678607 0.0125558 0.0196948 0.0278683 0.0366275 0.0454604 0.0538425 0.0613144 0.0675479 0.0722171 0.0749099 0.0754086 0.0737633 0.0702476 0.0653427 0.0594939 0.0530049 0.0461691 0.0392984 0.0326739 0.0265167 0.0209801 0.0161503 0.0120512 0.00864979 0.00586653 0.00361828 0.00190459 0.000801133 0.000262591 6.88115e-05 1.50484e-05 2.82747e-06 4.58162e-07 6.21607e-08 6.41939e-09 3.61859e-10 0 
0 0.000526875 0.00309017 0.00782205 0.0143607 0.0224676 0.0317529 0.0417046 0.0517437 0.0613144 0.0700109 0.0773827 0.0826083 0.0853519 0.0858494 0.0842393 0.080481 0.0747689 0.0678501 0.060351 0.0525589 0.044751 0.0372255 0.0302319 0.023945 0.0184641 0.0138193 0.00997885 0.00685777 0.00434614 0.00239378 0.00106419 0.000365759 9.86491e-05 2.18369e-05 4.11031e-06 6.63675e-07 8.9502e-08 9.17807e-09 5.13601e-10 0 
0 0.000615772 0.00347889 0.00865895 0.0158263 0.0247214 0.0349113 0.0458334 0.0568741 0.0675479 0.0773827 0.0850963 0.0898475 0.0921873 0.09262 0.091282 0.0880116 0.0824705 0.074888 0.0664202 0.0577741 0.0491911 0.0409316 0.0332571 0.0263592 0.0203476 0.0152569 0.011056 0.00765683 0.00493469 0.00280259 0.00129873 0.000464213 0.000128499 2.87956e-05 5.43787e-06 8.76711e-07 1.17786e-07 1.20214e-08 6.69324e-10 0 
0 0.00068123 0.00375577 0.00925631 0.0168752 0.0263353 0.0371731 0.0487925 0.0605964 0.0722171 0.0826083 0.0898475 0.0940501 0.0961256 0.0965205 0.095348 0.0924694 0.0874804 0.0800045 0.0708998 0.0615464 0.0523811 0.0435931 0.0354301 0.0280937 0.021701 0.0162897 0.0118288 0.00822846 0.00535591 0.00310089 0.00147785 0.000543551 0.000153549 3.47708e-05 6.59006e-06 1.06238e-06 1.42463e-07 1.45012e-08 8.05028e-10 0 
0 0.000718577 0.00391011 0.00958923 0.0174602 0.0272353 0.0384346 0.0504452 0.0627134 0.0749099 0.0853519 0.0921873 0.0961256 0.0980838 0.0984629 0.0973647 0.0946672 0.089991 0.0827894 0.0734739 0.0636862 0.0541738 0.0450878 0.0366514 0.0290694 0.0224631 0.016872 0.0122652 0.00855162 0.00559497 0.00327294 0.00158478 0.000592937 0.000169681 3.87047e-05 7.35883e-06 1.18734e-06 1.5918e-07 1.6191e-08 8.98038e-10 0 
0 0.000726046 0.00393912 0.00965018 0.0175665 0.0273983 0.0386628 0.0507447 0.0631021 0.0754086 0.0858494 0.09262 0.0965205 0.0984629 0.0988408 0.0977546 0.0950855 0.0904595 0.0833118 0.0739688 0.0640975 0.0545183 0.045377 0.0368897 0.0292617 0.0226153 0.0169902 0.0123557 0.00862097 0.00564898 0.00331469 0.00161291 0.000606955 0.000174558 3.99561e-05 7.61424e-06 1.23054e-06 1.65189e-07 1.68224e-08 9.34197e-10 0 
0 0.000704482 0.0038474 0.0094489 0.0172109 0.0268502 0.0378943 0.0497374 0.0618042 0.0737633 0.0842393 0.091282 0.095348 0.0973647 0.0977546 0.0966254 0.0938486 0.0890322 0.0816884 0.0724337 0.0628279 0.0534638 0.0445028 0.0361798 0.0286988 0.0221797 0.0166615 0.012114 0.00844715 0.00552629 0.00323188 0.00156483 0.000586072 0.000168123 3.84801e-05 7.34483e-06 1.19004e-06 1.60244e-07 1.63744e-08 9.12633e-10 0 
0 0.000656983 0.003646 0.00901039 0.0164384 0.0256606 0.0362266 0.0475544 0.0590338 0.0702476 0.080481 0.0880116 0.0924694 0.0946672 0.0950855 0.0938486 0.0908088 0.0855696 0.0779818 0.0691183 0.0600696 0.0511498 0.0425793 0.034615 0.0274554 0.0212152 0.0159314 0.0115742 0.00805543 0.00524576 0.00303918 0.00145126 0.000536144 0.000152498 3.48193e-05 6.65817e-06 1.08334e-06 1.46681e-07 1.50823e-08 8.46283e-10 0 
0 0.000588481 0.00335107 0.00837144 0.0153157 0.0239327 0.033805 0.044388 0.0550765 0.0653427 0.0747689 0.0824705 0.0874804 0.089991 0.0904595 0.0890322 0.0855696 0.0798964 0.0725196 0.0644218 0.0560917 0.0477822 0.0397765 0.0323347 0.0256435 0.0198098 0.0148676 0.0107873 0.00748361 0.00483592 0.00275987 0.00129029 0.000467325 0.000131411 2.9934e-05 5.74609e-06 9.41824e-07 1.28701e-07 1.33698e-08 7.58347e-10 0 
0 0.000505272 0.00298248 0.00757635 0.0139239 0.0217926 0.0308064 0.0404689 0.0502174 0.0594939 0.0678501 0.074888 0.0800045 0.0827894 0.0833118 0.0816884 0.0779818 0.0725196 0.0659433 0.0587314 0.051185 0.0436087 0.0363021 0.0295091 0.0233999 0.0180714 0.0135537 0.00981697 0.00677975 0.00433494 0.00242653 0.00110651 0.000392538 0.000109362 2.49554e-05 4.83331e-06 8.02389e-07 1.11266e-07 1.17389e-08 6.76349e-10 0 
0 0.000414459 0.00256253 0.00667228 0.0123503 0.0193764 0.0274222 0.0360469 0.044747 0.0530049 0.060351 0.0664202 0.0708998 0.0734739 0.0739688 0.0724337 0.0691183 0.0644218 0.0587314 0.0523691 0.0456523 0.038897 0.0323812 0.0263229 0.0208734 0.0161183 0.0120822 0.00873513 0.00600136 0.00379259 0.00208253 0.000929942 0.000325763 9.08185e-05 2.09618e-05 4.13128e-06 6.99693e-07 9.90384e-08 1.06598e-08 6.25841e-10 0 
0 0.000323311 0.00211516 0.005705 0.0106804 0.0168185 0.0238422 0.0313701 0.0389636 0.0461691 0.0525589 0.0577741 0.0615464 0.0636862 0.0640975 0.0628279 0.0600696 0.0560917 0.051185 0.0456523 0.0398 0.0339136 0.028237 0.0229596 0.0182127 0.0140692 0.0105483 0.00762005 0.00521791 0.0032747 0.00178334 0.000794019 0.000280476 7.96868e-05 1.88488e-05 3.81092e-06 6.61124e-07 9.56025e-08 1.0481e-08 6.24884e-10 0 
0 0.000238492 0.00166559 0.00471609 0.00899115 0.0142417 0.0202399 0.0266663 0.033148 0.0392984 0.044751 0.0491911 0.0523811 0.0541738 0.0545183 0.0534638 0.0511498 0.0477822 0.0436087 0.038897 0.0339136 0.0289035 0.0240745 0.0195881 0.0155554 0.0120377 0.00904961 0.00656326 0.00452143 0.00286841 0.00159354 0.000731883 0.000268459 7.91149e-05 1.92897e-05 3.99032e-06 7.03599e-07 1.02864e-07 1.13537e-08 6.79269e-10 0 
0 0.000165271 0.00123972 0.00374252 0.00734476 0.0117486 0.0167624 0.0221287 0.0275399 0.0326739 0.0372255 0.0409316 0.0435931 0.0450878 0.045377 0.0445028 0.0425793 0.0397765 0.0363021 0.0323812 0.028237 0.0240745 0.0200679 0.0163528 0.013025 0.0101441 0.00772837 0.00573829 0.0040867 0.00270283 0.00158191 0.000771535 0.000298857 9.13731e-05 2.26856e-05 4.71575e-06 8.29047e-07 1.20319e-07 1.31521e-08 7.78307e-10 0 
0 0.000106836 0.000862419 0.00281952 0.00578674 0.0094157 0.0135223 0.0179074 0.0223258 0.0265167 0.0302319 0.0332571 0.0354301 0.0366514 0.0368897 0.0361798 0.034615 0.0323347 0.0295091 0.0263229 0.0229596 0.0195881 0.0163528 0.0133724 0.0107575 0.00863073 0.00705764 0.00586013 0.00464866 0.00326114 0.00194387 0.000964612 0.00038247 0.000118014 2.90197e-05 5.91458e-06 1.01625e-06 1.44111e-07 1.54059e-08 8.92824e-10 0 
0 6.39697e-05 0.000553827 0.00198514 0.00434891 0.00729009 0.0105944 0.0141047 0.0176345 0.0209801 0.023945 0.0263592 0.0280937 0.0290694 0.0292617 0.0286988 0.0274554 0.0256435 0.0233999 0.0208734 0.0182127 0.0155554 0.013025 0.0107575 0.00900972 0.00827737 0.00892105 0.0100709 0.00969518 0.00706812 0.00382601 0.00162129 0.000570218 0.000163529 3.7896e-05 7.34808e-06 1.2137e-06 1.66631e-07 1.73221e-08 9.79391e-10 0 
0 3.5251e-05 0.00032438 0.0012809 0.00306108 0.00539242 0.00801318 0.0107741 0.013537 0.0161503 0.0184641 0.0203476 0.021701 0.0224631 0.0226153 0.0221797 0.0212152 0.0198098 0.0180714 0.0161183 0.0140692 0.0120377 0.0101441 0.00863073 0.00827737 0.0109074 0.0179584 0.0263002 0.028983 0.0206488 0.0104503 0.00373758 0.00103636 0.000243861 4.90795e-05 8.6449e-06 1.34684e-06 1.78139e-07 1.80041e-08 9.94256e-10 0 
0 1.77854e-05 0.000171579 0.000742106 0.00196594 0.00373291 0.00577743 0.00792153 0.0100492 0.0120512 0.0138193 0.0152569 0.0162897 0.016872 0.0169902 0.0166615 0.0159314 0.0148676 0.0135537 0.0120822 0.0105483 0.00904961 0.00772837 0.00705764 0.00892105 0.0179584 0.0379382 0.0687381 0.0766743 0.0527458 0.0243233 0.00818429 0.00195812 0.000373138 6.16784e-05 9.38334e-06 1.34676e-06 1.71029e-07 1.68639e-08 9.13786e-10 0 
0 8.18718e-06 8.14546e-05 0.000379664 0.00111769 0.00234098 0.00387299 0.00551423 0.00713607 0.00864979 0.00997885 0.011056 0.0118288 0.0122652 0.0123557 0.012114 0.0115742 0.0107873 0.00981697 0.00873513 0.00762005 0.00656326 0.00573829 0.00586013 0.0100709 0.0263002 0.0687381 0.0876139 0.0898601 0.0827805 0.0440147 0.0131888 0.00298532 0.000502091 7.00889e-05 9.09313e-06 1.18519e-06 1.44527e-07 1.39924e-08 7.49182e-10 0 
0 3.43276e-06 3.46399e-05 0.000170047 0.00054831 0.00127784 0.00231749 0.00351629 0.00473122 0.00586653 0.00685777 0.00765683 0.00822846 0.00855162 0.00862097 0.00844715 0.00805543 0.00748361 0.00677975 0.00600136 0.00521791 0.00452143 0.0040867 0.00464866 0.00969518 0.028983 0.0766743 0.0898601 0.0915537 0.0857406 0.0527045 0.0145398 0.00323245 0.000514949 6.49145e-05 7.46107e-06 8.95615e-07 1.05912e-07 1.01668e-08 5.42598e-10 0 
0 1.31069e-06 1.32188e-05 6.67145e-05 0.000229421 0.000587285 0.00117838 0.00194993 0.00279623 0.00361828 0.00434614 0.00493469 0.00535591 0.00559497 0.00564898 0.00552629 0.00524576 0.00483592 0.00433494 0.00379259 0.0032747 0.00286841 0.00270283 0.00326114 0.00706812 0.0206488 0.0527458 0.0827805 0.0857406 0.073745 0.0331643 0.0107687 0.00238815 0.00037468 4.52233e-05 4.90656e-06 5.67389e-07 6.66042e-08 6.4236e-09 3.45061e-10 0 
0 4.56043e-07 4.54387e-06 2.30941e-05 8.22471e-05 0.000224692 0.000491327 0.000889857 0.00138233 0.00190459 0.00239378 0.00280259 0.00310089 0.00327294 0.00331469 0.00323188 0.00303918 0.00275987 0.00242653 0.00208253 0.00178334 0.00159354 0.00158191 0.00194387 0.00382601 0.0104503 0.0243233 0.0440147 0.0527045 0.0331643 0.0161811 0.00533677 0.00119375 0.000188829 2.28433e-05 2.50897e-06 2.97449e-07 3.57741e-08 3.51812e-09 1.92085e-10 0 
0 1.4472e-07 1.41286e-06 7.122e-06 2.5634e-05 7.24231e-05 0.000167406 0.000325164 0.000543627 0.000801133 0.00106419 0.00129873 0.00147785 0.00158478 0.00161291 0.00156483 0.00145126 0.00129029 0.00110651 0.000929942 0.000794019 0.000731883 0.000771535 0.000964612 0.00162129 0.00373758 0.00818429 0.0131888 0.0145398 0.0107687 0.00533677 0.0017784 0.00040619 6.60691e-05 8.39471e-06 1.00479e-06 1.29756e-07 1.64442e-08 1.67034e-09 9.35085e-11 0 
0 4.18918e-08 3.98608e-07 1.97317e-06 7.05759e-06 2.01198e-05 4.77048e-05 9.64214e-05 0.000169282 0.000262591 0.000365759 0.000464213 0.000543551 0.000592937 0.000606955 0.000586072 0.000536144 0.000467325 0.000392538 0.000325763 0.000280476 0.000268459 0.000298857 0.00038247 0.000570218 0.00103636 0.00195812 0.00298532 0.00323245 0.00238815 0.00119375 0.00040619 9.59212e-05 1.65283e-05 2.34917e-06 3.28918e-07 4.80524e-08 6.50993e-09 6.88782e-10 3.98129e-11 0 
0 1.1044e-08 1.02112e-07 4.93506e-07 1.73644e-06 4.91718e-06 1.17074e-05 2.40118e-05 4.31377e-05 6.88115e-05 9.86491e-05 0.000128499 0.000153549 0.000169681 0.000174558 0.000168123 0.000152498 0.000131411 0.000109362 9.08185e-05 7.96868e-05 7.91149e-05 9.13731e-05 0.000118014 0.000163529 0.000243861 0.000373138 0.000502091 0.000514949 0.00037468 0.000188829 6.60691e-05 1.65283e-05 3.19568e-06 5.47614e-07 9.31937e-08 1.54172e-08 2.23298e-09 2.47124e-10 1.48236e-11 0 
0 2.63924e-09 2.36788e-08 1.11404e-07 3.83515e-07 1.06942e-06 2.52528e-06 5.17365e-06 9.34255e-06 1.50484e-05 2.18369e-05 2.87956e-05 3.47708e-05 3.87047e-05 3.99561e-05 3.84801e-05 3.48193e-05 2.9934e-05 2.49554e-05 2.09618e-05 1.88488e-05 1.92897e-05 2.26856e-05 2.90197e-05 3.7896e-05 4.90795e-05 6.16784e-05 7.00889e-05 6.49145e-05 4.52233e-05 2.28433e-05 8.39471e-06 2.34917e-06 5.47614e-07 1.17115e-07 2.36642e-08 4.32191e-09 6.64979e-10 7.71054e-11 4.81578e-12 0 
0 5.65893e-10 4.92541e-09 2.25336e-08 7.5711e-08 2.06998e-07 4.81716e-07 9.77619e-07 1.75699e-06 2.82747e-06 4.11031e-06 5.43787e-06 6.59006e-06 7.35883e-06 7.61424e-06 7.34483e-06 6.65817e-06 5.74609e-06 4.83331e-06 4.13128e-06 3.81092e-06 3.99032e-06 4.71575e-06 5.91458e-06 7.34808e-06 8.6449e-06 9.38334e-06 9.09313e-06 7.46107e-06 4.90656e-06 2.50897e-06 1.00479e-06 3.28918e-07 9.31937e-08 2.36642e-08 5.3616e-09 1.05322e-09 1.71155e-10 2.08018e-11 1.3553e-12 0 
0 1.06629e-10 9.00825e-10 4.00787e-09 1.31335e-08 3.5147e-08 8.03774e-08 1.60948e-07 2.86492e-07 4.58162e-07 6.63675e-07 8.76711e-07 1.06238e-06 1.18734e-06 1.23054e-06 1.19004e-06 1.08334e-06 9.41824e-07 8.02389e-07 6.99693e-07 6.61124e-07 7.03599e-07 8.29047e-07 1.01625e-06 1.2137e-06 1.34684e-06 1.34676e-06 1.18519e-06 8.95615e-07 5.67389e-07 2.97449e-07 1.29756e-07 4.80524e-08 1.54172e-08 4.32191e-09 1.05322e-09 2.19249e-10 3.74934e-11 4.77452e-12 3.24707e-13 0 
0 1.69086e-11 1.38798e-10 6.01016e-10 1.92151e-09 5.03194e-09 1.12979e-08 2.22864e-08 3.92087e-08 6.21607e-08 8.9502e-08 1.17786e-07 1.42463e-07 1.5918e-07 1.65189e-07 1.60244e-07 1.46681e-07 1.28701e-07 1.11266e-07 9.90384e-08 9.56025e-08 1.02864e-07 1.20319e-07 1.44111e-07 1.66631e-07 1.78139e-07 1.71029e-07 1.44527e-07 1.05912e-07 6.66042e-08 3.57741e-08 1.64442e-08 6.50993e-09 2.23298e-09 6.64979e-10 1.71155e-10 3.74934e-11 6.72859e-12 8.96713e-13 6.36344e-14 0 
0 2.03619e-12 1.62624e-11 6.86203e-11 2.14243e-10 5.4932e-10 1.21104e-09 2.35265e-09 4.08816e-09 6.41939e-09 9.17807e-09 1.20214e-08 1.45012e-08 1.6191e-08 1.68224e-08 1.63744e-08 1.50823e-08 1.33698e-08 1.17389e-08 1.06598e-08 1.0481e-08 1.13537e-08 1.31521e-08 1.54059e-08 1.73221e-08 1.80041e-08 1.68639e-08 1.39924e-08 1.01668e-08 6.4236e-09 3.51812e-09 1.67034e-09 6.88782e-10 2.47124e-10 7.71054e-11 2.08018e-11 4.77452e-12 8.96713e-13 1.24841e-13 9.23435e-15 0 
0 1.33007e-13 1.03513e-12 4.26243e-12 1.30125e-11 3.26992e-11 7.08332e-11 1.35567e-10 2.32698e-10 3.61859e-10 5.13601e-10 6.69324e-10 8.05028e-10 8.98038e-10 9.34197e-10 9.12633e-10 8.46283e-10 7.58347e-10 6.76349e-10 6.25841e-10 6.24884e-10 6.79269e-10 7.78307e-10 8.92824e-10 9.79391e-10 9.94256e-10 9.13786e-10 7.49182e-10 5.42598e-10 3.45061e-10 1.92085e-10 9.35085e-11 3.98129e-11 1.48236e-11 4.81578e-12 1.3553e-12 3.24707e-13 6.36344e-14 9.23435e-15 7.10873e-16 0 
0 0 0 0 0 0 0 0 0 0 0 0 0 0 0 0 0 0 0 0 0 0 0 0 0 0 0 0 0 0 0 0 0 0 0 0 0 0 0 0 0 
