0 0 0 0 0 0 0 0 0 0 0 0 0 0 0 0 0 0 0 0 0 0 0 0 0 0 0 0 0 0 0 0 0 0 0 0 0 0 0 0 0 
0 2.38258e-08 2.2062e-07 1.04993e-06 3.57174e-06 9.60839e-06 2.14219e-05 4.07774e-05 6.78374e-05 0.00010062 0.000135359 0.000167482 0.000192698 0.000207831 0.000211263 0.000203048 0.000184739 0.000159035 0.000129289 9.89475e-05 7.10024e-05 4.75533e-05 2.95869e-05 1.7028e-05 9.03347e-06 4.40696e-06 1.97473e-06 8.12711e-07 3.07429e-07 1.07014e-07 3.43176e-08 1.01447e-08 2.76304e-09 6.91678e-10 1.58242e-10 3.27148e-11 5.98033e-12 9.24835e-13 1.09087e-13 7.00474e-15 0 
0 2.2062e-07 2.12736e-06 1.04435e-05 3.60752e-05 9.661e-05 0.000210215 0.000384536 0.000609631 0.000860848 0.00110775 0.00132219 0.00148268 0.00157575 0.00159581 0.00154439 0.0014292 0.00126302 0.00106247 0.000846545 0.000634679 0.000444275 0.000287972 0.000171503 9.32626e-05 4.61297e-05 2.07282e-05 8.47066e-06 3.15629e-06 1.0758e-06 3.36423e-07 9.67345e-08 2.55928e-08 6.22052e-09 1.38206e-09 2.77673e-10 4.93784e-11 7.43753e-12 8.55601e-13 5.36576e-14 0 
0 1.04993e-06 1.04435e-05 5.19648e-05 0.000177022 0.000453208 0.000919509 0.00155062 0.00227202 0.00299938 0.00366227 0.00420901 0.00460465 0.00482895 0.00487508 0.00474846 0.00446515 0.00404985 0.00353377 0.00295277 0.00234611 0.00175524 0.00122138 0.00077971 0.000450765 0.000233745 0.000108254 4.48308e-05 1.66862e-05 5.61982e-06 1.72379e-06 4.8394e-07 1.24691e-07 2.94823e-08 6.37105e-09 1.24559e-09 2.1574e-10 3.16874e-11 3.55934e-12 2.1826e-13 0 
0 3.57174e-06 3.60752e-05 0.000177022 0.000571465 0.00133959 0.00245722 0.00378363 0.00516824 0.00649426 0.00767272 0.00863379 0.00932559 0.00971607 0.00979434 0.00957026 0.00907203 0.00834222 0.00743291 0.00640067 0.00530253 0.00419405 0.00313047 0.00216923 0.00136776 0.000769131 0.000380136 0.000164347 6.24678e-05 2.11017e-05 6.41031e-06 1.76822e-06 4.45615e-07 1.02821e-07 2.16655e-08 4.13057e-09 6.98122e-10 1.0016e-10 1.10031e-11 6.60732e-13 0 
0 9.60839e-06 9.661e-05 0.000453208 0.00133959 0.00282382 0.00472506 0.00682334 0.00895276 0.0109783 0.0127788 0.0142491 0.0153084 0.0159061 0.0160246 0.015679 0.0149134 0.0137944 0.0124036 0.010829 0.00915741 0.00746759 0.00582737 0.00429606 0.00293342 0.00180681 0.000976395 0.000454002 0.000180988 6.25426e-05 1.90653e-05 5.21127e-06 1.29193e-06 2.92122e-07 6.02151e-08 1.12255e-08 1.85578e-09 2.60631e-10 2.80566e-11 1.65288e-12 0 
0 2.14219e-05 0.000210215 0.000919509 0.00245722 0.00472506 0.00743714 0.0103706 0.0133432 0.0161765 0.0186992 0.0207614 0.0222479 0.0230865 0.0232522 0.0227663 0.0216909 0.0201204 0.0181708 0.0159673 0.0136339 0.0112827 0.00900749 0.00688014 0.00495513 0.00328542 0.00193982 0.00098517 0.000421386 0.000152101 4.72391e-05 1.29246e-05 3.17319e-06 7.06498e-07 1.43e-07 2.61489e-08 4.2399e-09 5.84325e-10 6.17761e-11 3.57782e-12 0 
0 4.07774e-05 0.000384536 0.00155062 0.00378363 0.00682334 0.0103706 0.014201 0.0180894 0.0218001 0.0251062 0.02781 0.0297596 0.0308597 0.0310773 0.0304403 0.0290304 0.0269719 0.0244174 0.0215323 0.0184804 0.0154108 0.0124486 0.00968864 0.00719404 0.0050056 0.00316693 0.00174847 0.000810517 0.00031058 9.97115e-05 2.75918e-05 6.75627e-06 1.4887e-06 2.97051e-07 5.34579e-08 8.52644e-09 1.15614e-09 1.20331e-10 6.86646e-12 0 
0 6.78374e-05 0.000609631 0.00227202 0.00516824 0.00895276 0.0133432 0.0180894 0.0229118 0.0275162 0.0316198 0.0349769 0.0373982 0.0387654 0.0390371 0.0382477 0.0364987 0.0339448 0.0307756 0.0271972 0.0234137 0.0196115 0.0159475 0.0125417 0.00947322 0.00678414 0.00449693 0.00265272 0.00132676 0.00054344 0.000182263 5.1471e-05 1.26528e-05 2.77253e-06 5.47507e-07 9.72935e-08 1.53105e-08 2.04814e-09 2.10389e-10 1.18562e-11 0 
0 0.00010062 0.000860848 0.00299938 0.00649426 0.0109783 0.0161765 0.0218001 0.0275162 0.0329751 0.0378416 0.0418239 0.0446974 0.0463213 0.0466463 0.0457127 0.0436411 0.0406146 0.0368586 0.0326178 0.0281348 0.0236314 0.0192949 0.0152688 0.0116495 0.00848639 0.00579337 0.0035819 0.00190698 0.000832489 0.000292939 8.49341e-05 2.10695e-05 4.61058e-06 9.04276e-07 1.59181e-07 2.4787e-08 3.28027e-09 3.33413e-10 1.86002e-11 0 
0 0.000135359 0.00110775 0.00366227 0.00767272 0.0127788 0.0186992 0.0251062 0.0316198 0.0378416 0.0433896 0.047931 0.0512096 0.0530646 0.053439 0.0523788 0.0500207 0.0465739 0.0422951 0.0374636 0.0323563 0.0272265 0.0222885 0.0177071 0.0135936 0.0100061 0.00695704 0.00443848 0.00247588 0.00114087 0.000420337 0.000125383 3.14862e-05 6.90245e-06 1.34864e-06 2.35858e-07 3.64446e-08 4.78421e-09 4.82409e-10 2.67078e-11 0 
0 0.000167482 0.00132219 0.00420901 0.00863379 0.0142491 0.0207614 0.02781 0.0349769 0.0418239 0.047931 0.0529319 0.0565445 0.0585911 0.0590086 0.0578469 0.0552563 0.0514667 0.0467607 0.0414458 0.0358269 0.0301834 0.0247516 0.0197138 0.0151934 0.0112562 0.00791552 0.00515305 0.00296928 0.00142623 0.000546408 0.000167376 4.25833e-05 9.37012e-06 1.82824e-06 3.18483e-07 4.89648e-08 6.39319e-09 6.41216e-10 3.53218e-11 0 
0 0.000192698 0.00148268 0.00460465 0.00932559 0.0153084 0.0222479 0.0297596 0.0373982 0.0446974 0.0512096 0.0565445 0.0604006 0.062588 0.0630395 0.0618079 0.0590525 0.0550175 0.0500044 0.044341 0.0383526 0.0323374 0.0265477 0.0211785 0.0163623 0.0121702 0.00861747 0.00568024 0.00334238 0.0016524 0.000651935 0.000204069 5.25329e-05 1.1612e-05 2.2667e-06 3.94255e-07 6.04688e-08 7.87442e-09 7.87793e-10 4.33022e-11 0 
0 0.000207831 0.00157575 0.00482895 0.00971607 0.0159061 0.0230865 0.0308597 0.0387654 0.0463213 0.0530646 0.0585911 0.062588 0.0648581 0.0653327 0.0640665 0.0612223 0.0570517 0.0518671 0.0460078 0.0398106 0.0335843 0.0275906 0.0220318 0.0170459 0.0127072 0.00903216 0.00599472 0.00356965 0.00179537 0.000721706 0.000229288 5.95619e-05 1.32258e-05 2.58687e-06 4.50305e-07 6.90925e-08 9.00133e-09 9.01218e-10 4.96005e-11 0 
0 0.000211263 0.00159581 0.00487508 0.00979434 0.0160246 0.0232522 0.0310773 0.0390371 0.0466463 0.053439 0.0590086 0.0630395 0.0653327 0.0658191 0.0645531 0.0616977 0.0575055 0.0522906 0.0463944 0.040156 0.0338864 0.0278496 0.0222496 0.0172258 0.0128537 0.00915035 0.00608928 0.0036426 0.0018448 0.000747709 0.000239354 6.25424e-05 1.39495e-05 2.73859e-06 4.78422e-07 7.36874e-08 9.64158e-09 9.70194e-10 5.37131e-11 0 
0 0.000203048 0.00154439 0.00474846 0.00957026 0.015679 0.0227663 0.0304403 0.0382477 0.0457127 0.0523788 0.0578469 0.0618079 0.0640665 0.0645531 0.0633203 0.0605282 0.0564244 0.051316 0.0455375 0.039421 0.0332718 0.0273486 0.0218521 0.0169192 0.0126242 0.00898416 0.00597372 0.00356784 0.00180344 0.000730244 0.00023405 6.13712e-05 1.37601e-05 2.7191e-06 4.7866e-07 7.43723e-08 9.82841e-09 1.00013e-09 5.60669e-11 0 
0 0.000184739 0.0014292 0.00446515 0.00907203 0.0149134 0.0216909 0.0290304 0.0364987 0.0436411 0.0500207 0.0552563 0.0590525 0.0612223 0.0616977 0.0605282 0.0578671 0.0539513 0.0490735 0.0435529 0.0377067 0.0318267 0.0261604 0.0208996 0.0161754 0.0120586 0.00856561 0.0056737 0.00336581 0.00168605 0.000677511 0.000216637 5.70207e-05 1.28949e-05 2.57874e-06 4.60567e-07 7.27572e-08 9.79388e-09 1.01681e-09 5.82327e-11 0 
0 0.000159035 0.00126302 0.00404985 0.00834222 0.0137944 0.0201204 0.0269719 0.0339448 0.0406146 0.0465739 0.0514667 0.0550175 0.0570517 0.0575055 0.0564244 0.0539513 0.0503069 0.0457637 0.040619 0.0351686 0.0296843 0.0243968 0.0194847 0.01507 0.0112182 0.00794412 0.0052297 0.0030701 0.00151804 0.000604207 0.000193114 5.13127e-05 1.18034e-05 2.41344e-06 4.42285e-07 7.18668e-08 9.96569e-09 1.06649e-09 6.29383e-11 0 
0 0.000129289 0.00106247 0.00353377 0.00743291 0.0124036 0.0181708 0.0244174 0.0307756 0.0368586 0.0422951 0.0467607 0.0500044 0.0518671 0.0522906 0.051316 0.0490735 0.0457637 0.0416345 0.0369565 0.0319989 0.0270088 0.0221958 0.017722 0.0136974 0.0101802 0.00718367 0.0046961 0.00272708 0.001334 0.000529598 0.000171177 4.65971e-05 1.10795e-05 2.35351e-06 4.49029e-07 7.59561e-08 1.09453e-08 1.21343e-09 7.38877e-11 0 
0 9.89475e-05 0.000846545 0.00295277 0.00640067 0.010829 0.0159673 0.0215323 0.0271972 0.0326178 0.0374636 0.0414458 0.044341 0.0460078 0.0463944 0.0455375 0.0435529 0.040619 0.0369565 0.0328061 0.0284073 0.0239795 0.0197086 0.0157374 0.0121622 0.00903262 0.00636018 0.00414087 0.00239541 0.00117572 0.00047568 0.000159466 4.55782e-05 1.14345e-05 2.56039e-06 5.12577e-07 9.03801e-08 1.34756e-08 1.53437e-09 9.53011e-11 0 
0 7.10024e-05 0.000634679 0.00234611 0.00530253 0.00915741 0.0136339 0.0184804 0.0234137 0.0281348 0.0323563 0.0358269 0.0383526 0.0398106 0.040156 0.039421 0.0377067 0.0351686 0.0319989 0.0284073 0.0246022 0.0207745 0.0170851 0.0136569 0.010571 0.0078683 0.00555902 0.00364432 0.00214359 0.00108955 0.000466382 0.000167726 5.14837e-05 1.37509e-05 3.23579e-06 6.71724e-07 1.21371e-07 1.83637e-08 2.10561e-09 1.30929e-10 0 
0 4.75533e-05 0.000444275 0.00175524 0.00419405 0.00746759 0.0112827 0.0154108 0.0196115 0.0236314 0.0272265 0.0301834 0.0323374 0.0335843 0.0338864 0.0332718 0.0318267 0.0296843 0.0270088 0.0239795 0.0207745 0.0175568 0.0144631 0.0115967 0.0090247 0.00678061 0.00487244 0.00329514 0.00204432 0.00112387 0.000528524 0.000208097 6.8578e-05 1.91864e-05 4.62904e-06 9.69919e-07 1.75023e-07 2.62669e-08 2.97474e-09 1.82235e-10 0 
0 2.95869e-05 0.000287972 0.00122138 0.00313047 0.00582737 0.00900749 0.0124486 0.0159475 0.0192949 0.0222885 0.0247516 0.0265477 0.0275906 0.0278496 0.0273486 0.0261604 0.0243968 0.0221958 0.0197086 0.0170851 0.0144631 0.0119575 0.00965537 0.00761436 0.00586547 0.00440884 0.00320401 0.00218993 0.00134346 0.00070147 0.00029934 0.000103212 2.92609e-05 7.00776e-06 1.44218e-06 2.5437e-07 3.72411e-08 4.11306e-09 2.45871e-10 0 
0 1.7028e-05 0.000171503 0.00077971 0.00216923 0.00429606 0.00688014 0.00968864 0.0125417 0.0152688 0.0177071 0.0197138 0.0211785 0.0220318 0.0222496 0.0218521 0.0208996 0.0194847 0.017722 0.0157374 0.0136569 0.0115967 0.00965537 0.00791175 0.00643173 0.00527228 0.00443434 0.00376482 0.00299857 0.00205079 0.00113761 0.000497372 0.000169895 4.64195e-05 1.06033e-05 2.0874e-06 3.54216e-07 5.01042e-08 5.36315e-09 3.11578e-10 0 
0 9.03347e-06 9.32626e-05 0.000450765 0.00136776 0.00293342 0.00495513 0.00719404 0.00947322 0.0116495 0.0135936 0.0151934 0.0163623 0.0170459 0.0172258 0.0169192 0.0161754 0.01507 0.0136974 0.0121622 0.010571 0.0090247 0.00761436 0.00643173 0.00562097 0.00545038 0.00612026 0.00703994 0.00681338 0.0049517 0.00263059 0.0010445 0.000319058 7.72463e-05 1.5742e-05 2.84637e-06 4.56603e-07 6.20384e-08 6.42591e-09 3.62824e-10 0 
0 4.40696e-06 4.61297e-05 0.000233745 0.000769131 0.00180681 0.00328542 0.0050056 0.00678414 0.00848639 0.0100061 0.0112562 0.0121702 0.0127072 0.0128537 0.0126242 0.0120586 0.0112182 0.0101802 0.00903262 0.0078683 0.00678061 0.00586547 0.00527228 0.00545038 0.0075811 0.0127141 0.0186182 0.0199063 0.014691 0.00741784 0.00261847 0.000680151 0.00013715 2.31623e-05 3.61615e-06 5.33012e-07 6.91451e-08 6.94081e-09 3.82058e-10 0 
0 1.97473e-06 2.07282e-05 0.000108254 0.000380136 0.000976395 0.00193982 0.00316693 0.00449693 0.00579337 0.00695704 0.00791552 0.00861747 0.00903216 0.00915035 0.00898416 0.00856561 0.00794412 0.00718367 0.00636018 0.00555902 0.00487244 0.00440884 0.00443434 0.00612026 0.0127141 0.0268884 0.0429325 0.0474177 0.0348916 0.0173254 0.00581543 0.00136364 0.000236545 3.2901e-05 4.24139e-06 5.55011e-07 6.82199e-08 6.65991e-09 3.59359e-10 0 
0 8.12711e-07 8.47066e-06 4.48308e-05 0.000164347 0.000454002 0.00098517 0.00174847 0.00265272 0.0035819 0.00443848 0.00515305 0.00568024 0.00599472 0.00608928 0.00597372 0.0056737 0.0052297 0.0046961 0.00414087 0.00364432 0.00329514 0.00320401 0.00376482 0.00703994 0.0186182 0.0429325 0.0701814 0.0773871 0.0577132 0.0284285 0.00939168 0.00210999 0.000336504 4.08474e-05 4.41891e-06 5.06297e-07 5.87664e-08 5.61293e-09 2.99102e-10 0 
0 3.07429e-07 3.15629e-06 1.66862e-05 6.24678e-05 0.000180988 0.000421386 0.000810517 0.00132676 0.00190698 0.00247588 0.00296928 0.00334238 0.00356965 0.0036426 0.00356784 0.00336581 0.0030701 0.00272708 0.00239541 0.00214359 0.00204432 0.00218993 0.00299857 0.00681338 0.0199063 0.0474177 0.0773871 0.0840152 0.0645405 0.0315161 0.0103578 0.00229194 0.000351797 3.96336e-05 3.81747e-06 3.93508e-07 4.36455e-08 4.12035e-09 2.18808e-10 0 
0 1.07014e-07 1.0758e-06 5.61982e-06 2.11017e-05 6.25426e-05 0.000152101 0.00031058 0.00054344 0.000832489 0.00114087 0.00142623 0.0016524 0.00179537 0.0018448 0.00180344 0.00168605 0.00151804 0.001334 0.00117572 0.00108955 0.00112387 0.00134346 0.00205079 0.0049517 0.014691 0.0348916 0.0577132 0.0645405 0.0473223 0.0233461 0.00767053 0.00169195 0.000256219 2.79844e-05 2.56513e-06 2.52769e-07 2.76551e-08 2.62041e-09 1.40089e-10 0 
0 3.43176e-08 3.36423e-07 1.72379e-06 6.41031e-06 1.90653e-05 4.72391e-05 9.97115e-05 0.000182263 0.000292939 0.000420337 0.000546408 0.000651935 0.000721706 0.000747709 0.000730244 0.000677511 0.000604207 0.000529598 0.00047568 0.000466382 0.000528524 0.00070147 0.00113761 0.00263059 0.00741784 0.0173254 0.0284285 0.0315161 0.0233461 0.0115298 0.0037977 0.000841053 0.000127513 1.39552e-05 1.29875e-06 1.32031e-07 1.48813e-08 1.44073e-09 7.83374e-11 0 
0 1.01447e-08 9.67345e-08 4.8394e-07 1.76822e-06 5.21127e-06 1.29246e-05 2.75918e-05 5.1471e-05 8.49341e-05 0.000125383 0.000167376 0.000204069 0.000229288 0.000239354 0.00023405 0.000216637 0.000193114 0.000171177 0.000159466 0.000167726 0.000208097 0.00029934 0.000497372 0.0010445 0.00261847 0.00581543 0.00939168 0.0103578 0.00767053 0.0037977 0.00125904 0.000281545 4.3327e-05 4.92813e-06 5.00023e-07 5.65789e-08 6.82558e-09 6.85481e-10 3.82518e-11 0 
0 2.76304e-09 2.55928e-08 1.24691e-07 4.45615e-07 1.29193e-06 3.17319e-06 6.75627e-06 1.26528e-05 2.10695e-05 3.14862e-05 4.25833e-05 5.25329e-05 5.95619e-05 6.25424e-05 6.13712e-05 5.70207e-05 5.13127e-05 4.65971e-05 4.55782e-05 5.14837e-05 6.8578e-05 0.000103212 0.000169895 0.000319058 0.000680151 0.00136364 0.00210999 0.00229194 0.00169195 0.000841053 0.000281545 6.40516e-05 1.02545e-05 1.28271e-06 1.54068e-07 2.04791e-08 2.69293e-09 2.8299e-10 1.632e-11 0 
0 6.91678e-10 6.22052e-09 2.94823e-08 1.02821e-07 2.92122e-07 7.06498e-07 1.4887e-06 2.77253e-06 4.61058e-06 6.90245e-06 9.37012e-06 1.1612e-05 1.32258e-05 1.39495e-05 1.37601e-05 1.28949e-05 1.18034e-05 1.10795e-05 1.14345e-05 1.37509e-05 1.91864e-05 2.92609e-05 4.64195e-05 7.72463e-05 0.00013715 0.000236545 0.000336504 0.000351797 0.000256219 0.000127513 4.3327e-05 1.02545e-05 1.80087e-06 2.70123e-07 4.1051e-08 6.45152e-09 9.21329e-10 1.01604e-10 6.08489e-12 0 
0 1.58242e-10 1.38206e-09 6.37105e-09 2.16655e-08 6.02151e-08 1.43e-07 2.97051e-07 5.47507e-07 9.04276e-07 1.34864e-06 1.82824e-06 2.2667e-06 2.58687e-06 2.73859e-06 2.7191e-06 2.57874e-06 2.41344e-06 2.35351e-06 2.56039e-06 3.23579e-06 4.62904e-06 7.00776e-06 1.06033e-05 1.5742e-05 2.31623e-05 3.2901e-05 4.08474e-05 3.96336e-05 2.79844e-05 1.39552e-05 4.92813e-06 1.28271e-06 2.70123e-07 5.23915e-08 1.00035e-08 1.79054e-09 2.74017e-10 3.17161e-11 1.97862e-12 0 
0 3.27148e-11 2.77673e-10 1.24559e-09 4.13057e-09 1.12255e-08 2.61489e-08 5.34579e-08 9.72935e-08 1.59181e-07 2.35858e-07 3.18483e-07 3.94255e-07 4.50305e-07 4.78422e-07 4.7866e-07 4.60567e-07 4.42285e-07 4.49029e-07 5.12577e-07 6.71724e-07 9.69919e-07 1.44218e-06 2.0874e-06 2.84637e-06 3.61615e-06 4.24139e-06 4.41891e-06 3.81747e-06 2.56513e-06 1.29875e-06 5.00023e-07 1.54068e-07 4.1051e-08 1.00035e-08 2.22545e-09 4.34586e-10 7.04907e-11 8.55886e-12 5.57164e-13 0 
0 5.98033e-12 4.93784e-11 2.1574e-10 6.98122e-10 1.85578e-09 4.2399e-09 8.52644e-09 1.53105e-08 2.4787e-08 3.64446e-08 4.89648e-08 6.04688e-08 6.90925e-08 7.36874e-08 7.43723e-08 7.27572e-08 7.18668e-08 7.59561e-08 9.03801e-08 1.21371e-07 1.75023e-07 2.5437e-07 3.54216e-07 4.56603e-07 5.33012e-07 5.55011e-07 5.06297e-07 3.93508e-07 2.52769e-07 1.32031e-07 5.65789e-08 2.04791e-08 6.45152e-09 1.79054e-09 4.34586e-10 9.03374e-11 1.54373e-11 1.96465e-12 1.33529e-13 0 
0 9.24835e-13 7.43753e-12 3.16874e-11 1.0016e-10 2.60631e-10 5.84325e-10 1.15614e-09 2.04814e-09 3.28027e-09 4.78421e-09 6.39319e-09 7.87442e-09 9.00133e-09 9.64158e-09 9.82841e-09 9.79388e-09 9.96569e-09 1.09453e-08 1.34756e-08 1.83637e-08 2.62669e-08 3.72411e-08 5.01042e-08 6.20384e-08 6.91451e-08 6.82199e-08 5.87664e-08 4.36455e-08 2.76551e-08 1.48813e-08 6.82558e-09 2.69293e-09 9.21329e-10 2.74017e-10 7.04907e-11 1.54373e-11 2.76958e-12 3.68964e-13 2.61718e-14 0 
0 1.09087e-13 8.55601e-13 3.55934e-12 1.10031e-11 2.80566e-11 6.17761e-11 1.20331e-10 2.10389e-10 3.33413e-10 4.82409e-10 6.41216e-10 7.87793e-10 9.01218e-10 9.70194e-10 1.00013e-09 1.01681e-09 1.06649e-09 1.21343e-09 1.53437e-09 2.10561e-09 2.97474e-09 4.11306e-09 5.36315e-09 6.42591e-09 6.94081e-09 6.65991e-09 5.61293e-09 4.12035e-09 2.62041e-09 1.44073e-09 6.85481e-10 2.8299e-10 1.01604e-10 3.17161e-11 8.55886e-12 1.96465e-12 3.68964e-13 5.13581e-14 3.79786e-15 0 
0 7.00474e-15 5.36576e-14 2.1826e-13 6.60732e-13 1.65288e-12 3.57782e-12 6.86646e-12 1.18562e-11 1.86002e-11 2.67078e-11 3.53218e-11 4.33022e-11 4.96005e-11 5.37131e-11 5.60669e-11 5.82327e-11 6.29383e-11 7.38877e-11 9.53011e-11 1.30929e-10 1.82235e-10 2.45871e-10 3.11578e-10 3.62824e-10 3.82058e-10 3.59359e-10 2.99102e-10 2.18808e-10 1.40089e-10 7.83374e-11 3.82518e-11 1.632e-11 6.08489e-12 1.97862e-12 5.57164e-13 1.33529e-13 2.61718e-14 3.79786e-15 2.92326e-16 0 
0 0 0 0 0 0 0 0 0 0 0 0 0 0 0 0 0 0 0 0 0 0 0 0 0 0 0 0 0 0 0 0 0 0 0 0 0 0 0 0 0 
