0 0 0 0 0 0 0 0 0 0 0 0 0 0 0 0 0 0 0 0 0 0 0 0 0 0 0 0 0 0 0 0 0 0 0 0 0 0 0 0 0 
0 2.99994e-11 2.85081e-10 1.42884e-09 5.27416e-09 1.58653e-08 4.06048e-08 9.03786e-08 1.77203e-07 3.0866e-07 4.80692e-07 6.72843e-07 8.50355e-07 9.74201e-07 1.01514e-06 9.6477e-07 8.3808e-07 6.66542e-07 4.85969e-07 3.25165e-07 1.99888e-07 1.13028e-07 5.88754e-08 2.82999e-08 1.25777e-08 5.17994e-09 1.98122e-09 7.05296e-10 2.34147e-10 7.26021e-11 2.10441e-11 5.70148e-12 1.44168e-12 3.38999e-13 7.36161e-14 1.458e-14 2.57393e-15 3.87107e-16 4.46753e-17 2.82174e-18 0 
0 2.85081e-10 2.81395e-09 1.46459e-08 5.60555e-08 1.74383e-07 4.59899e-07 1.05028e-06 2.10283e-06 3.72239e-06 5.86496e-06 8.27341e-06 1.0505e-05 1.2063e-05 1.25769e-05 1.19421e-05 1.03495e-05 8.1976e-06 5.93976e-06 3.93962e-06 2.39367e-06 1.33369e-06 6.82449e-07 3.21332e-07 1.39547e-07 5.60409e-08 2.08686e-08 7.22507e-09 2.3313e-09 7.0244e-10 1.97883e-10 5.21303e-11 1.28265e-11 2.93749e-12 6.21949e-13 1.20243e-13 2.07474e-14 3.05375e-15 3.45377e-16 2.14076e-17 0 
0 1.42884e-09 1.46459e-08 7.91349e-08 3.13854e-07 1.00847e-06 2.73476e-06 6.38679e-06 1.29988e-05 2.32538e-05 3.68391e-05 5.20586e-05 6.60787e-05 7.58081e-05 7.89996e-05 7.50412e-05 6.50996e-05 5.16102e-05 3.73839e-05 2.47298e-05 1.49368e-05 8.24133e-06 4.1593e-06 1.92427e-06 8.1839e-07 3.21002e-07 1.16515e-07 3.92658e-08 1.23226e-08 3.61006e-09 9.88941e-10 2.53464e-10 6.07198e-11 1.35527e-11 2.79983e-12 5.28832e-13 8.92686e-14 1.28726e-14 1.42847e-15 8.7008e-17 0 
0 5.27416e-09 5.60555e-08 3.13854e-07 1.28665e-06 4.2547e-06 1.18013e-05 2.79772e-05 5.73272e-05 0.00010246 0.000161237 0.000225667 0.00028374 0.000323337 0.000336174 0.000320173 0.000279709 0.000223951 0.000163946 0.000109427 6.64377e-05 3.66563e-05 1.83928e-05 8.41273e-06 3.52017e-06 1.3532e-06 4.79999e-07 1.57773e-07 4.82366e-08 1.37598e-08 3.67023e-09 9.16311e-10 2.13985e-10 4.66056e-11 9.4064e-12 1.73809e-12 2.87439e-13 4.06707e-14 4.43578e-15 2.66015e-16 0 
0 1.58653e-08 1.74383e-07 1.00847e-06 4.2547e-06 1.43894e-05 4.04562e-05 9.61473e-05 0.000195221 0.000342385 0.000525718 0.00071753 0.000883406 0.000993093 0.00102801 0.000984233 0.000872065 0.000713105 0.000535338 0.000366559 0.000227528 0.000127502 6.44393e-05 2.94365e-05 1.22096e-05 4.62507e-06 1.60975e-06 5.17691e-07 1.5459e-07 4.30334e-08 1.1199e-08 2.72865e-09 6.22304e-10 1.32494e-10 2.61724e-11 4.73984e-12 7.69464e-13 1.07058e-13 1.15032e-14 6.81026e-16 0 
0 4.06048e-08 4.59899e-07 2.73476e-06 1.18013e-05 4.04562e-05 0.000113812 0.000266476 0.000525251 0.000885558 0.00130392 0.00171415 0.00205109 0.00226627 0.00233349 0.00224887 0.00202873 0.00170654 0.00132869 0.00094787 0.000612715 0.000355495 0.000184172 8.52337e-05 3.54214e-05 1.33241e-05 4.57557e-06 1.44574e-06 4.23088e-07 1.15266e-07 2.93432e-08 6.99464e-09 1.56158e-09 3.25775e-10 6.31345e-11 1.12341e-11 1.795e-12 2.46295e-13 2.61573e-14 1.5346e-15 0 
0 9.03786e-08 1.05028e-06 6.38679e-06 2.79772e-05 9.61473e-05 0.000266476 0.000603127 0.00113277 0.00181071 0.00253888 0.00321041 0.00373918 0.00406847 0.00417027 0.00404259 0.00370638 0.00320238 0.00258803 0.00193381 0.00131622 0.000803318 0.000434297 0.000207019 8.73484e-05 3.29451e-05 1.124e-05 3.50723e-06 1.00994e-06 2.70223e-07 6.75054e-08 1.57904e-08 3.46115e-09 7.09615e-10 1.35334e-10 2.37381e-11 3.74656e-12 5.09028e-13 5.3684e-14 3.13816e-15 0 
0 1.77203e-07 2.10283e-06 1.29988e-05 5.73272e-05 0.000195221 0.000525251 0.00113277 0.00200951 0.00304389 0.00408779 0.00501233 0.00572365 0.00616168 0.00629731 0.00613018 0.00568568 0.00501096 0.00417064 0.00324364 0.00232068 0.0014975 0.000854476 0.000425562 0.000184774 7.06257e-05 2.41262e-05 7.47726e-06 2.1284e-06 5.61513e-07 1.3816e-07 3.18261e-08 6.87384e-09 1.39018e-09 2.61952e-10 4.54925e-11 7.12773e-12 9.64465e-13 1.01694e-13 5.97022e-15 0 
0 3.0866e-07 3.72239e-06 2.32538e-05 0.00010246 0.000342385 0.000885558 0.00181071 0.00304389 0.00441189 0.00574105 0.00689526 0.00777556 0.00831656 0.008486 0.00828419 0.00774122 0.00691188 0.00586924 0.0046992 0.00349801 0.00237211 0.00142977 0.000749406 0.000338259 0.000132298 4.56018e-05 1.41215e-05 3.99294e-06 1.04321e-06 2.53873e-07 5.78366e-08 1.23633e-08 2.47836e-09 4.63888e-10 8.02572e-11 1.2573e-11 1.7087e-12 1.81902e-13 1.0844e-14 0 
0 4.80692e-07 5.86496e-06 3.68391e-05 0.000161237 0.000525718 0.00130392 0.00253888 0.00408779 0.00574105 0.00731721 0.00867568 0.00970994 0.0103471 0.0105503 0.01032 0.0096906 0.00872483 0.00750536 0.00612673 0.0046903 0.00330483 0.00208831 0.00115052 0.000542147 0.000218399 7.6449e-05 2.3787e-05 6.71435e-06 1.74547e-06 4.22167e-07 9.56102e-08 2.03443e-08 4.0688e-09 7.62284e-10 1.32567e-10 2.09851e-11 2.89928e-12 3.15808e-13 1.93824e-14 0 
0 6.72843e-07 8.27341e-06 5.20586e-05 0.000225667 0.00071753 0.00171415 0.00321041 0.00501233 0.00689526 0.00867568 0.0102071 0.0113743 0.0120965 0.0123324 0.0120818 0.0113828 0.0103049 0.00893966 0.0073905 0.0057651 0.00417377 0.00273492 0.00157216 0.000771895 0.00032099 0.000114581 3.59907e-05 1.01919e-05 2.65031e-06 6.40845e-07 1.45259e-07 3.10119e-08 6.24655e-09 1.18459e-09 2.09822e-10 3.40655e-11 4.861e-12 5.50169e-13 3.52191e-14 0 
0 8.50355e-07 1.0505e-05 6.60787e-05 0.00028374 0.000883406 0.00205109 0.00373918 0.00572365 0.00777556 0.00970994 0.0113743 0.0126456 0.0134367 0.0137024 0.0134416 0.0126948 0.0115364 0.0100644 0.00838973 0.00662582 0.00488525 0.00328474 0.0019509 0.000991732 0.000424964 0.000154953 4.9321e-05 1.40846e-05 3.68732e-06 8.98387e-07 2.05771e-07 4.45956e-08 9.17474e-09 1.79021e-09 3.28828e-10 5.57592e-11 8.35191e-12 9.93877e-13 6.67464e-14 0 
0 9.74201e-07 1.2063e-05 7.58081e-05 0.000323337 0.000993093 0.00226627 0.00406847 0.00616168 0.00831656 0.0103471 0.0120965 0.0134367 0.0142762 0.0145671 0.0143072 0.0135379 0.012336 0.0108034 0.00905506 0.00720838 0.0053777 0.00367824 0.00223535 0.00116697 0.000513063 0.000191094 6.18547e-05 1.79258e-05 4.76665e-06 1.18375e-06 2.77965e-07 6.22335e-08 1.33422e-08 2.73596e-09 5.31551e-10 9.5601e-11 1.51601e-11 1.89819e-12 1.329e-13 0 
0 1.01514e-06 1.25769e-05 7.89996e-05 0.000336174 0.00102801 0.00233349 0.00417027 0.00629731 0.008486 0.0105503 0.0123324 0.0137024 0.0145671 0.014877 0.0146291 0.0138641 0.0126586 0.0111149 0.00934891 0.00747879 0.00561905 0.0038834 0.00239487 0.00127386 0.000571904 0.000217603 7.19864e-05 2.13715e-05 5.8511e-06 1.50759e-06 3.70835e-07 8.78556e-08 2.01001e-08 4.41817e-09 9.19138e-10 1.75847e-10 2.93479e-11 3.81908e-12 2.74455e-13 0 
0 9.6477e-07 1.19421e-05 7.50412e-05 0.000320173 0.000984233 0.00224887 0.00404259 0.00613018 0.00828419 0.01032 0.0120818 0.0134416 0.0143072 0.0146291 0.0144032 0.0136682 0.0124984 0.0109932 0.00926576 0.0074318 0.0056038 0.00389343 0.00242095 0.00130416 0.000596244 0.000232421 7.93154e-05 2.45016e-05 7.05599e-06 1.93585e-06 5.12838e-07 1.31824e-07 3.27495e-08 7.76653e-09 1.72209e-09 3.45901e-10 5.96918e-11 7.92308e-12 5.74295e-13 0 
0 8.3808e-07 1.03495e-05 6.50996e-05 0.000279709 0.000872065 0.00202873 0.00370638 0.00568568 0.00774122 0.0096906 0.0113828 0.0126948 0.0135379 0.0138641 0.0136682 0.0129862 0.0118877 0.0104666 0.00883009 0.00708853 0.00535013 0.00372357 0.00232523 0.00126544 0.000590368 0.000237961 8.52516e-05 2.81015e-05 8.77438e-06 2.64285e-06 7.72548e-07 2.18136e-07 5.87614e-08 1.48428e-08 3.44004e-09 7.10001e-10 1.24136e-10 1.65127e-11 1.18989e-12 0 
0 6.66542e-07 8.1976e-06 5.16102e-05 0.000223951 0.000713105 0.00170654 0.00320238 0.00501096 0.00691188 0.00872483 0.0103049 0.0115364 0.012336 0.0126586 0.0124984 0.0118877 0.0108901 0.00959177 0.0080916 0.00649228 0.00489608 0.00340734 0.00213586 0.00117831 0.000566869 0.000240995 9.32973e-05 3.3957e-05 1.18706e-05 4.01018e-06 1.30048e-06 3.99376e-07 1.14339e-07 3.00318e-08 7.10631e-09 1.47631e-09 2.57099e-10 3.3813e-11 2.39687e-12 0 
0 4.85969e-07 5.93976e-06 3.73839e-05 0.000163946 0.000535338 0.00132869 0.00258803 0.00417064 0.00586924 0.00750536 0.00893966 0.0100644 0.0108034 0.0111149 0.0109932 0.0104666 0.00959177 0.00844599 0.00711844 0.005703 0.00429493 0.00299207 0.00189246 0.00107168 0.000543772 0.000251847 0.00010935 4.53888e-05 1.80766e-05 6.8386e-06 2.41907e-06 7.88113e-07 2.33565e-07 6.22773e-08 1.47444e-08 3.0334e-09 5.19503e-10 6.68883e-11 4.62934e-12 0 
0 3.25165e-07 3.93962e-06 2.47298e-05 0.000109427 0.000366559 0.00094787 0.00193381 0.00324364 0.0046992 0.00612673 0.0073905 0.00838973 0.00905506 0.00934891 0.00926576 0.00883009 0.0080916 0.00711844 0.00599009 0.00479151 0.00361 0.00253304 0.00163929 0.000976699 0.000541269 0.000283952 0.00014271 6.84911e-05 3.08788e-05 1.28149e-05 4.81463e-06 1.62028e-06 4.85433e-07 1.28825e-07 3.00346e-08 6.04312e-09 1.00802e-09 1.26135e-10 8.47718e-12 0 
0 1.99888e-07 2.39367e-06 1.49368e-05 6.64377e-05 0.000227528 0.000612715 0.00131622 0.00232068 0.00349801 0.0046903 0.0057651 0.00662582 0.00720838 0.00747879 0.0074318 0.00708853 0.00649228 0.005703 0.00479151 0.00383427 0.00290858 0.00208544 0.00141668 0.000920646 0.000579478 0.000354745 0.00020863 0.00011484 5.74502e-05 2.55167e-05 9.93077e-06 3.37352e-06 1.00158e-06 2.60254e-07 5.89819e-08 1.14913e-08 1.853e-09 2.24119e-10 1.45702e-11 0 
0 1.13028e-07 1.33369e-06 8.24133e-06 3.66563e-05 0.000127502 0.000355495 0.000803318 0.0014975 0.00237211 0.00330483 0.00417377 0.00488525 0.0053777 0.00561905 0.0056038 0.00535013 0.00489608 0.00429493 0.00361 0.00290858 0.0022539 0.00169431 0.0012526 0.000922571 0.000677875 0.000488334 0.000333615 0.000207636 0.000113393 5.29092e-05 2.08738e-05 6.99556e-06 2.01588e-06 5.04558e-07 1.0985e-07 2.05527e-08 3.18568e-09 3.7101e-10 2.3276e-11 0 
0 5.88754e-08 6.82449e-07 4.1593e-06 1.83928e-05 6.44393e-05 0.000184172 0.000434297 0.000854476 0.00142977 0.00208831 0.00273492 0.00328474 0.00367824 0.0038834 0.00389343 0.00372357 0.00340734 0.00299207 0.00253304 0.00208544 0.00169431 0.00138475 0.0011573 0.000991625 0.000857003 0.000724276 0.000574529 0.000406654 0.000243422 0.000118369 4.6181e-05 1.47131e-05 3.96284e-06 9.2905e-07 1.91188e-07 3.40698e-08 5.05498e-09 5.65695e-10 3.4221e-11 0 
0 2.82999e-08 3.21332e-07 1.92427e-06 8.41273e-06 2.94365e-05 8.52337e-05 0.000207019 0.000425562 0.000749406 0.00115052 0.00157216 0.0019509 0.00223535 0.00239487 0.00242095 0.00232523 0.00213586 0.00189246 0.00163929 0.00141668 0.0012526 0.0011573 0.00112312 0.00113015 0.00115669 0.00117819 0.0011375 0.000954355 0.000637357 0.000320855 0.000120053 3.43313e-05 8.01844e-06 1.64846e-06 3.08718e-07 5.16329e-08 7.30427e-09 7.85198e-10 4.58442e-11 0 
0 1.25777e-08 1.39547e-07 8.1839e-07 3.52017e-06 1.22096e-05 3.54214e-05 8.73484e-05 0.000184774 0.000338259 0.000542147 0.000771895 0.000991732 0.00116697 0.00127386 0.00130416 0.00126544 0.00117831 0.00107168 0.000976699 0.000920646 0.000922571 0.000991625 0.00113015 0.00135405 0.00173314 0.0023301 0.0029016 0.00287436 0.00207187 0.00105034 0.000372451 9.41586e-05 1.80888e-05 2.97382e-06 4.68071e-07 7.09074e-08 9.48828e-09 9.80625e-10 5.54121e-11 0 
0 5.17994e-09 5.60409e-08 3.21002e-07 1.3532e-06 4.62507e-06 1.33241e-05 3.29451e-05 7.06257e-05 0.000132298 0.000218399 0.00032099 0.000424964 0.000513063 0.000571904 0.000596244 0.000590368 0.000566869 0.000543772 0.000541269 0.000579478 0.000677875 0.000857003 0.00115669 0.00173314 0.00304209 0.00552231 0.00823902 0.00884401 0.00651907 0.00326162 0.00110978 0.000259163 4.29505e-05 5.58913e-06 6.83745e-07 8.81468e-08 1.09596e-08 1.08982e-09 5.98676e-11 0 
0 1.98122e-09 2.08686e-08 1.16515e-07 4.79999e-07 1.60975e-06 4.57557e-06 1.124e-05 2.41262e-05 4.56018e-05 7.6449e-05 0.000114581 0.000154953 0.000191094 0.000217603 0.000232421 0.000237961 0.000240995 0.000251847 0.000283952 0.000354745 0.000488334 0.000724276 0.00117819 0.0023301 0.00552231 0.0119584 0.0191463 0.0210571 0.0155871 0.00772648 0.00256941 0.00057649 8.8503e-05 9.87819e-06 9.49957e-07 9.90275e-08 1.1153e-08 1.06723e-09 5.73336e-11 0 
0 7.05296e-10 7.22507e-09 3.92658e-08 1.57773e-07 5.17691e-07 1.44574e-06 3.50723e-06 7.47726e-06 1.41215e-05 2.3787e-05 3.59907e-05 4.9321e-05 6.18547e-05 7.19864e-05 7.93154e-05 8.52516e-05 9.32973e-05 0.00010935 0.00014271 0.00020863 0.000333615 0.000574529 0.0011375 0.0029016 0.00823902 0.0191463 0.0313467 0.0347139 0.0257204 0.0127047 0.00418369 0.000921249 0.000136488 1.40817e-05 1.1524e-06 9.82336e-08 9.89177e-09 9.13087e-10 4.83316e-11 0 
0 2.34147e-10 2.3313e-09 1.23226e-08 4.82366e-08 1.5459e-07 4.23088e-07 1.00994e-06 2.1284e-06 3.99294e-06 6.71435e-06 1.01919e-05 1.40846e-05 1.79258e-05 2.13715e-05 2.45016e-05 2.81015e-05 3.3957e-05 4.53888e-05 6.84911e-05 0.00011484 0.000207636 0.000406654 0.000954355 0.00287436 0.00884401 0.0210571 0.0347139 0.0385218 0.0285489 0.0140854 0.00462161 0.00100938 0.00014712 1.46342e-05 1.09968e-06 8.18292e-08 7.52709e-09 6.77638e-10 3.56772e-11 0 
0 7.26021e-11 7.0244e-10 3.61006e-09 1.37598e-08 4.30334e-08 1.15266e-07 2.70223e-07 5.61513e-07 1.04321e-06 1.74547e-06 2.65031e-06 3.68732e-06 4.76665e-06 5.8511e-06 7.05599e-06 8.77438e-06 1.18706e-05 1.80766e-05 3.08788e-05 5.74502e-05 0.000113393 0.000243422 0.000637357 0.00207187 0.00651907 0.0155871 0.0257204 0.0285489 0.0211581 0.0104367 0.00342127 0.000744905 0.000107833 1.05779e-05 7.70088e-07 5.43369e-08 4.83186e-09 4.33956e-10 2.2986e-11 0 
0 2.10441e-11 1.97883e-10 9.88941e-10 3.67023e-09 1.1199e-08 2.93432e-08 6.75054e-08 1.3816e-07 2.53873e-07 4.22167e-07 6.40845e-07 8.98387e-07 1.18375e-06 1.50759e-06 1.93585e-06 2.64285e-06 4.01018e-06 6.8386e-06 1.28149e-05 2.55167e-05 5.29092e-05 0.000118369 0.000320855 0.00105034 0.00326162 0.00772648 0.0127047 0.0140854 0.0104367 0.00514981 0.00168889 0.000367528 5.31613e-05 5.22441e-06 3.84659e-07 2.80376e-08 2.59565e-09 2.39367e-10 1.29089e-11 0 
0 5.70148e-12 5.21303e-11 2.53464e-10 9.16311e-10 2.72865e-09 6.99464e-09 1.57904e-08 3.18261e-08 5.78366e-08 9.56102e-08 1.45259e-07 2.05771e-07 2.77965e-07 3.70835e-07 5.12838e-07 7.72548e-07 1.30048e-06 2.41907e-06 4.81463e-06 9.93077e-06 2.08738e-05 4.6181e-05 0.000120053 0.000372451 0.00110978 0.00256941 0.00418369 0.00462161 0.00342127 0.00168889 0.000554375 0.000120833 1.75808e-05 1.76302e-06 1.3805e-07 1.13965e-08 1.17536e-09 1.13963e-10 6.32151e-12 0 
0 1.44168e-12 1.28265e-11 6.07198e-11 2.13985e-10 6.22304e-10 1.56158e-09 3.46115e-09 6.87384e-09 1.23633e-08 2.03443e-08 3.10119e-08 4.45956e-08 6.22335e-08 8.78556e-08 1.31824e-07 2.18136e-07 3.99376e-07 7.88113e-07 1.62028e-06 3.37352e-06 6.99556e-06 1.47131e-05 3.43313e-05 9.41586e-05 0.000259163 0.00057649 0.000921249 0.00100938 0.000744905 0.000367528 0.000120833 2.64979e-05 3.92712e-06 4.15596e-07 3.74166e-08 3.83482e-09 4.56583e-10 4.70325e-11 2.70229e-12 0 
0 3.38999e-13 2.93749e-12 1.35527e-11 4.66056e-11 1.32494e-10 3.25775e-10 7.09615e-10 1.39018e-09 2.47836e-09 4.0688e-09 6.24655e-09 9.17474e-09 1.33422e-08 2.01001e-08 3.27495e-08 5.87614e-08 1.14339e-07 2.33565e-07 4.85433e-07 1.00158e-06 2.01588e-06 3.96284e-06 8.01844e-06 1.80888e-05 4.29505e-05 8.8503e-05 0.000136488 0.00014712 0.000107833 5.31613e-05 1.75808e-05 3.92712e-06 6.11354e-07 7.33703e-08 8.49247e-09 1.13411e-09 1.54468e-10 1.68823e-11 1.0089e-12 0 
0 7.36161e-14 6.21949e-13 2.79983e-12 9.4064e-12 2.61724e-11 6.31345e-11 1.35334e-10 2.61952e-10 4.63888e-10 7.62284e-10 1.18459e-09 1.79021e-09 2.73596e-09 4.41817e-09 7.76653e-09 1.48428e-08 3.00318e-08 6.22773e-08 1.28825e-07 2.60254e-07 5.04558e-07 9.2905e-07 1.64846e-06 2.97382e-06 5.58913e-06 9.87819e-06 1.40817e-05 1.46342e-05 1.05779e-05 5.22441e-06 1.76302e-06 4.15596e-07 7.33703e-08 1.1318e-08 1.81769e-09 3.03591e-10 4.56896e-11 5.27024e-12 3.28367e-13 0 
0 1.458e-14 1.20243e-13 5.28832e-13 1.73809e-12 4.73984e-12 1.12341e-11 2.37381e-11 4.54925e-11 8.02572e-11 1.32567e-10 2.09822e-10 3.28828e-10 5.31551e-10 9.19138e-10 1.72209e-09 3.44004e-09 7.10631e-09 1.47444e-08 3.00346e-08 5.89819e-08 1.0985e-07 1.91188e-07 3.08718e-07 4.68071e-07 6.83745e-07 9.49957e-07 1.1524e-06 1.09968e-06 7.70088e-07 3.84659e-07 1.3805e-07 3.74166e-08 8.49247e-09 1.81769e-09 3.79487e-10 7.2658e-11 1.1731e-11 1.42247e-12 9.2521e-14 0 
0 2.57393e-15 2.07474e-14 8.92686e-14 2.87439e-13 7.69464e-13 1.795e-12 3.74656e-12 7.12773e-12 1.2573e-11 2.09851e-11 3.40655e-11 5.57592e-11 9.5601e-11 1.75847e-10 3.45901e-10 7.10001e-10 1.47631e-09 3.0334e-09 6.04312e-09 1.14913e-08 2.05527e-08 3.40698e-08 5.16329e-08 7.09074e-08 8.81468e-08 9.90275e-08 9.82336e-08 8.18292e-08 5.43369e-08 2.80376e-08 1.13965e-08 3.83482e-09 1.13411e-09 3.03591e-10 7.2658e-11 1.50425e-11 2.56755e-12 3.26554e-13 2.21813e-14 0 
0 3.87107e-16 3.05375e-15 1.28726e-14 4.06707e-14 1.07058e-13 2.46295e-13 5.09028e-13 9.64465e-13 1.7087e-12 2.89928e-12 4.861e-12 8.35191e-12 1.51601e-11 2.93479e-11 5.96918e-11 1.24136e-10 2.57099e-10 5.19503e-10 1.00802e-09 1.853e-09 3.18568e-09 5.05498e-09 7.30427e-09 9.48828e-09 1.09596e-08 1.1153e-08 9.89177e-09 7.52709e-09 4.83186e-09 2.59565e-09 1.17536e-09 4.56583e-10 1.54468e-10 4.56896e-11 1.1731e-11 2.56755e-12 4.6049e-13 6.13255e-14 4.34821e-15 0 
0 4.46753e-17 3.45377e-16 1.42847e-15 4.43578e-15 1.15032e-14 2.61573e-14 5.3684e-14 1.01694e-13 1.81902e-13 3.15808e-13 5.50169e-13 9.93877e-13 1.89819e-12 3.81908e-12 7.92308e-12 1.65127e-11 3.3813e-11 6.68883e-11 1.26135e-10 2.24119e-10 3.7101e-10 5.65695e-10 7.85198e-10 9.80625e-10 1.08982e-09 1.06723e-09 9.13087e-10 6.77638e-10 4.33956e-10 2.39367e-10 1.13963e-10 4.70325e-11 1.68823e-11 5.27024e-12 1.42247e-12 3.26554e-13 6.13255e-14 8.5349e-15 6.30984e-16 0 
0 2.82174e-18 2.14076e-17 8.7008e-17 2.66015e-16 6.81026e-16 1.5346e-15 3.13816e-15 5.97022e-15 1.0844e-14 1.93824e-14 3.52191e-14 6.67464e-14 1.329e-13 2.74455e-13 5.74295e-13 1.18989e-12 2.39687e-12 4.62934e-12 8.47718e-12 1.45702e-11 2.3276e-11 3.4221e-11 4.58442e-11 5.54121e-11 5.98676e-11 5.73336e-11 4.83316e-11 3.56772e-11 2.2986e-11 1.29089e-11 6.32151e-12 2.70229e-12 1.0089e-12 3.28367e-13 9.2521e-14 2.21813e-14 4.34821e-15 6.30984e-16 4.85619e-17 0 
0 0 0 0 0 0 0 0 0 0 0 0 0 0 0 0 0 0 0 0 0 0 0 0 0 0 0 0 0 0 0 0 0 0 0 0 0 0 0 0 0 
