0 0 0 0 0 0 0 0 0 0 0 0 0 0 0 0 0 0 0 0 0 0 0 0 0 0 0 0 0 0 0 0 0 0 0 0 0 0 0 0 0 
0 1.61971e-07 1.46893e-06 6.70309e-06 2.13604e-05 5.27442e-05 0.000106582 0.00018335 0.000277283 0.000378387 0.000475477 0.000558552 0.000620053 0.000655291 0.00066242 0.000642188 0.000597577 0.000533382 0.000455721 0.000371458 0.000287522 0.000210148 0.000144098 9.20621e-05 5.4432e-05 2.96049e-05 1.47423e-05 6.7011e-06 2.77672e-06 1.04892e-06 3.61523e-07 1.13784e-07 3.2705e-08 8.57068e-09 2.03794e-09 4.35149e-10 8.17119e-11 1.29209e-11 1.55237e-12 1.01212e-13 0 
0 1.46893e-06 1.37573e-05 6.33026e-05 0.00019684 0.000459257 0.000858131 0.00135564 0.00189284 0.00241448 0.00287819 0.00325408 0.00352246 0.00367237 0.00370087 0.00361233 0.00341751 0.00313224 0.00277618 0.00237159 0.00194262 0.0015147 0.00111368 0.000763501 0.000482222 0.000277428 0.000144097 6.72254e-05 2.81402e-05 1.05923e-05 3.59936e-06 1.10864e-06 3.10381e-07 7.90175e-08 1.82319e-08 3.7772e-09 6.88609e-10 1.05828e-10 1.23741e-11 7.86336e-13 0 
0 6.70309e-06 6.33026e-05 0.00028172 0.000807732 0.00168531 0.00281176 0.00404348 0.0052712 0.00641807 0.00742285 0.00823449 0.00881389 0.00913704 0.00919669 0.00900224 0.00857776 0.00795872 0.00718782 0.00631062 0.0053716 0.00441182 0.00346903 0.00258056 0.00178684 0.00112952 0.000639353 0.000319352 0.000139863 5.38263e-05 1.83461e-05 5.59031e-06 1.53475e-06 3.81208e-07 8.56018e-08 1.72452e-08 3.0578e-09 4.57458e-10 5.2134e-11 3.23373e-12 0 
0 2.13604e-05 0.00019684 0.000807732 0.00204833 0.00379006 0.00579552 0.00790516 0.0100045 0.0119821 0.0137285 0.0151466 0.0161619 0.0167285 0.0168321 0.0164889 0.0157423 0.0146566 0.0133102 0.0117871 0.01017 0.00853247 0.00693474 0.00542158 0.00402707 0.00278672 0.00174918 0.00096736 0.000460937 0.00018777 6.5862e-05 2.01941e-05 5.49503e-06 1.3408e-06 2.94389e-07 5.78693e-08 1.00075e-08 1.46082e-09 1.62603e-10 9.86341e-12 0 
0 5.27442e-05 0.000459257 0.00168531 0.00379006 0.0064585 0.00946139 0.0126455 0.0158431 0.0188712 0.0215522 0.023732 0.0252935 0.026165 0.0263238 0.0257948 0.0246452 0.0229749 0.0209056 0.0185688 0.0160946 0.0136012 0.0111873 0.0089261 0.00686287 0.00501979 0.00341462 0.00208817 0.00110448 0.000491016 0.000182413 5.74849e-05 1.57202e-05 3.8016e-06 8.20983e-07 1.58155e-07 2.67657e-08 3.82322e-09 4.16689e-10 2.47748e-11 0 
0 0.000106582 0.000858131 0.00281176 0.00579552 0.00946139 0.0136157 0.0180532 0.0225241 0.0267637 0.0305197 0.0335745 0.0357631 0.0369846 0.0372069 0.0364651 0.0348534 0.0325121 0.0296126 0.02634 0.0228778 0.0193937 0.0160295 0.0128938 0.0100577 0.00755344 0.00538185 0.00353877 0.002058 0.00100995 0.000406275 0.000134389 3.75e-05 9.07761e-06 1.94105e-06 3.6821e-07 6.1215e-08 8.58361e-09 9.18574e-10 5.36652e-11 0 
0 0.00018335 0.00135564 0.00404348 0.00790516 0.0126455 0.0180532 0.0238449 0.0296858 0.0352267 0.0401365 0.0441303 0.0469926 0.0485911 0.0488823 0.0479116 0.0458035 0.0427425 0.0389524 0.0346756 0.0301523 0.0256029 0.0212142 0.0171308 0.013451 0.0102251 0.00745764 0.00511969 0.00319035 0.00171117 0.000751021 0.00026475 7.64245e-05 1.87001e-05 3.98568e-06 7.48145e-07 1.22659e-07 1.69395e-08 1.7851e-09 1.02743e-10 0 
0 0.000277283 0.00189284 0.0052712 0.0100045 0.0158431 0.0225241 0.0296858 0.0369105 0.0437651 0.0498406 0.0547912 0.0583594 0.0603698 0.0607388 0.0595149 0.0568763 0.0530726 0.0483796 0.0430889 0.0374946 0.0318692 0.0264447 0.0214014 0.0168633 0.0128979 0.00951877 0.00669123 0.00435764 0.00250185 0.00118973 0.000449439 0.000135482 3.37801e-05 7.21918e-06 1.34695e-06 2.18584e-07 2.98266e-08 3.10408e-09 1.76466e-10 0 
0 0.000378387 0.00241448 0.00641807 0.0119821 0.0188712 0.0267637 0.0352267 0.0437651 0.0518682 0.0590687 0.0649994 0.0693597 0.0718574 0.0723212 0.0707981 0.0675419 0.0629341 0.0573399 0.0510772 0.0444653 0.0378183 0.0314099 0.0254541 0.0200985 0.0154259 0.0114577 0.0081598 0.00545697 0.00328423 0.0016668 0.000672116 0.000212301 5.42118e-05 1.16691e-05 2.17226e-06 3.50076e-07 4.734e-08 4.87883e-09 2.74654e-10 0 
0 0.000475477 0.00287819 0.00742285 0.0137285 0.0215522 0.0305197 0.0401365 0.0498406 0.0590687 0.0673486 0.0742663 0.0792868 0.0820374 0.0825417 0.0809043 0.0772264 0.0718492 0.0653472 0.0581728 0.050649 0.0430954 0.0358143 0.0290486 0.0229671 0.017665 0.01317 0.00944933 0.00641974 0.00398467 0.00212232 0.00090425 0.000298543 7.81879e-05 1.69947e-05 3.16518e-06 5.0795e-07 6.8253e-08 6.98354e-09 3.90244e-10 0 
0 0.000558552 0.00325408 0.00823449 0.0151466 0.023732 0.0335745 0.0441303 0.0547912 0.0649994 0.0742663 0.0817914 0.0867746 0.0893087 0.0897732 0.088307 0.0848109 0.07921 0.071996 0.0639933 0.0556917 0.047395 0.039403 0.0319776 0.0253043 0.0194887 0.0145628 0.0104947 0.00719695 0.0045547 0.00250824 0.00111471 0.000382 0.000102401 2.24874e-05 4.19717e-06 6.72165e-07 8.99527e-08 9.15896e-09 5.09194e-10 0 
0 0.000620053 0.00352246 0.00881389 0.0161619 0.0252935 0.0357631 0.0469926 0.0583594 0.0693597 0.0792868 0.0867746 0.0913622 0.0936463 0.0940732 0.0927698 0.0896077 0.0842877 0.076853 0.0682379 0.0593273 0.0504856 0.0419827 0.0340837 0.0269853 0.0208005 0.0155646 0.0112455 0.00775381 0.00496451 0.00279268 0.00127763 0.000450082 0.000122905 2.72349e-05 5.09746e-06 8.1593e-07 1.08965e-07 1.10643e-08 6.13307e-10 0 
0 0.000655291 0.00367237 0.00913704 0.0167285 0.026165 0.0369846 0.0485911 0.0603698 0.0718574 0.0820374 0.0893087 0.0936463 0.0958061 0.096216 0.0949926 0.0920137 0.0869432 0.0795701 0.0706606 0.0613815 0.0522246 0.0434347 0.0352702 0.0279335 0.0215414 0.0161312 0.0116708 0.0080699 0.00519854 0.0029584 0.00137614 0.000492997 0.000136253 3.03893e-05 5.70326e-06 9.13498e-07 1.21957e-07 1.23744e-08 6.85352e-10 0 
0 0.00066242 0.00370087 0.00919669 0.0168321 0.0263238 0.0372069 0.0488823 0.0607388 0.0723212 0.0825417 0.0897732 0.0940732 0.096216 0.0966249 0.0954153 0.0924667 0.0874412 0.0800896 0.0711314 0.0617812 0.0525645 0.043721 0.0355066 0.0281246 0.021693 0.0162493 0.0117619 0.00814021 0.00525359 0.00300036 0.00140318 0.000505676 0.000140445 3.14307e-05 5.91215e-06 9.48542e-07 1.26813e-07 1.28846e-08 7.14603e-10 0 
0 0.000642188 0.00361233 0.00900224 0.0164889 0.0257948 0.0364651 0.0479116 0.0595149 0.0707981 0.0809043 0.088307 0.0927698 0.0949926 0.0954153 0.09416 0.0911023 0.0859176 0.0784972 0.0697003 0.0605772 0.0515531 0.0428821 0.0348262 0.0275859 0.0212769 0.015936 0.011532 0.00797524 0.00513785 0.00292391 0.00136084 0.000488393 0.000135403 3.03189e-05 5.71483e-06 9.19563e-07 1.23359e-07 1.25807e-08 7.00558e-10 0 
0 0.000597577 0.00341751 0.00857776 0.0157423 0.0246452 0.0348534 0.0458035 0.0568763 0.0675419 0.0772264 0.0848109 0.0896077 0.0920137 0.0924667 0.0911023 0.0877997 0.0823338 0.0749535 0.0665902 0.0579388 0.0493231 0.0410281 0.0333193 0.0263897 0.0203501 0.0152353 0.0110143 0.00759985 0.00487012 0.00274369 0.00125942 0.00044637 0.000122904 2.74909e-05 5.1963e-06 8.40294e-07 1.13425e-07 1.16478e-08 6.53448e-10 0 
0 0.000533382 0.00313224 0.00795872 0.0146566 0.0229749 0.0325121 0.0427425 0.0530726 0.0629341 0.0718492 0.07921 0.0842877 0.0869432 0.0874412 0.0859176 0.0823338 0.0767798 0.069823 0.0621312 0.0541101 0.0460722 0.0383235 0.0311207 0.0246446 0.0189981 0.0142131 0.0102589 0.00705137 0.00447916 0.00248335 0.00111641 0.000388713 0.000106087 2.37247e-05 4.50905e-06 7.35497e-07 1.00317e-07 1.042e-08 5.91611e-10 0 
0 0.000455721 0.00277618 0.00718782 0.0133102 0.0209056 0.0296126 0.0389524 0.0483796 0.0573399 0.0653472 0.071996 0.076853 0.0795701 0.0800896 0.0784972 0.0749535 0.069823 0.0635935 0.0566653 0.0493717 0.0420404 0.0349694 0.0283955 0.0224832 0.0173258 0.0129511 0.00932833 0.00637778 0.00400398 0.00217594 0.000955384 0.000326902 8.87268e-05 1.99398e-05 3.83299e-06 6.34538e-07 8.79836e-08 9.29684e-09 5.36997e-10 0 
0 0.000371458 0.00237159 0.00631062 0.0117871 0.0185688 0.02634 0.0346756 0.0430889 0.0510772 0.0581728 0.0639933 0.0682379 0.0706606 0.0711314 0.0697003 0.0665902 0.0621312 0.0566653 0.05052 0.0440231 0.0374876 0.0311839 0.0253228 0.0200504 0.0154487 0.0115402 0.00829401 0.00563751 0.00349588 0.00186491 0.000804412 0.00027318 7.45724e-05 1.70208e-05 3.34002e-06 5.65504e-07 8.0199e-08 8.65911e-09 5.1028e-10 0 
0 0.000287522 0.00194262 0.0053716 0.01017 0.0160946 0.0228778 0.0301523 0.0374946 0.0444653 0.050649 0.0556917 0.0593273 0.0613815 0.0617812 0.0605772 0.0579388 0.0541101 0.0493717 0.0440231 0.0383642 0.0326723 0.0271834 0.0220807 0.0174907 0.0134829 0.0100744 0.00723493 0.00490216 0.00302224 0.00160423 0.000693959 0.000239236 6.69354e-05 1.57213e-05 3.17351e-06 5.51316e-07 7.9953e-08 8.79597e-09 5.2633e-10 0 
0 0.000210148 0.0015147 0.00441182 0.00853247 0.0136012 0.0193937 0.0256029 0.0318692 0.0378183 0.0430954 0.047395 0.0504856 0.0522246 0.0525645 0.0515531 0.0493231 0.0460722 0.0420404 0.0374876 0.0326723 0.0278316 0.0231665 0.0188331 0.0149382 0.0115401 0.00865129 0.00624423 0.00426566 0.00266917 0.00145437 0.000653634 0.000235419 6.85897e-05 1.66382e-05 3.43828e-06 6.06931e-07 8.8913e-08 9.83681e-09 5.89891e-10 0 
0 0.000144098 0.00111368 0.00346903 0.00693474 0.0111873 0.0160295 0.0212142 0.0264447 0.0314099 0.0358143 0.039403 0.0419827 0.0434347 0.043721 0.0428821 0.0410281 0.0383235 0.0349694 0.0311839 0.0271834 0.0231665 0.0193017 0.0157199 0.0125133 0.00973833 0.00741116 0.0054921 0.00389618 0.00255736 0.00147789 0.000708973 0.000270289 8.17099e-05 2.01631e-05 4.18123e-06 7.34776e-07 1.06692e-07 1.16727e-08 6.91409e-10 0 
0 9.20621e-05 0.000763501 0.00258056 0.00542158 0.0089261 0.0128938 0.0171308 0.0214014 0.0254541 0.0290486 0.0319776 0.0340837 0.0352702 0.0355066 0.0348262 0.0333193 0.0311207 0.0283955 0.0253228 0.0220807 0.0188331 0.0157199 0.0128561 0.010348 0.00831209 0.00680835 0.00566072 0.00449086 0.00314331 0.00186103 0.00091142 0.000355357 0.000108085 2.634e-05 5.34432e-06 9.16545e-07 1.2989e-07 1.38841e-08 8.04692e-10 0 
0 5.4432e-05 0.000482222 0.00178684 0.00402707 0.00686287 0.0100577 0.013451 0.0168633 0.0200985 0.0229671 0.0253043 0.0269853 0.0279335 0.0281246 0.0275859 0.0263897 0.0246446 0.0224832 0.0200504 0.0174907 0.0149382 0.0125133 0.010348 0.00868869 0.00800989 0.00865635 0.0097845 0.0094229 0.00686809 0.00371247 0.00156416 0.000542273 0.00015271 3.49065e-05 6.71805e-06 1.10596e-06 1.51631e-07 1.57531e-08 8.90384e-10 0 
0 2.96049e-05 0.000277428 0.00112952 0.00278672 0.00501979 0.00755344 0.0102251 0.0128979 0.0154259 0.017665 0.0194887 0.0208005 0.0215414 0.021693 0.0212769 0.0203501 0.0189981 0.0173258 0.0154487 0.0134829 0.0115401 0.00973833 0.00831209 0.00800989 0.0105931 0.0174629 0.0255057 0.0276492 0.0200858 0.0101638 0.00363159 0.00100096 0.000231739 4.5794e-05 7.97075e-06 1.23507e-06 1.63014e-07 1.64609e-08 9.08576e-10 0 
0 1.47423e-05 0.000144097 0.000639353 0.00174918 0.00341462 0.00538185 0.00745764 0.00951877 0.0114577 0.01317 0.0145628 0.0155646 0.0161312 0.0162493 0.015936 0.0152353 0.0142131 0.0129511 0.0115402 0.0100744 0.00865129 0.00741116 0.00680835 0.00865635 0.0174629 0.0367949 0.065431 0.0740372 0.0499356 0.0236621 0.00796048 0.00190147 0.000358885 5.82399e-05 8.71691e-06 1.24052e-06 1.57049e-07 1.54682e-08 8.37684e-10 0 
0 6.7011e-06 6.72254e-05 0.000319352 0.00096736 0.00208817 0.00353877 0.00511969 0.00669123 0.0081598 0.00944933 0.0104947 0.0112455 0.0116708 0.0117619 0.011532 0.0110143 0.0102589 0.00932833 0.00829401 0.00723493 0.00624423 0.0054921 0.00566072 0.0097845 0.0255057 0.065431 0.0873953 0.0898805 0.0817877 0.0414136 0.01283 0.00290248 0.000485603 6.67641e-05 8.50429e-06 1.09555e-06 1.33012e-07 1.28602e-08 6.88161e-10 0 
0 2.77672e-06 2.81402e-05 0.000139863 0.000460937 0.00110448 0.002058 0.00319035 0.00435764 0.00545697 0.00641974 0.00719695 0.00775381 0.0080699 0.00814021 0.00797524 0.00759985 0.00705137 0.00637778 0.00563751 0.00490216 0.00426566 0.00389618 0.00449086 0.0094229 0.0276492 0.0740372 0.0898805 0.0918402 0.0854146 0.0493704 0.0141446 0.00314351 0.000498952 6.21224e-05 7.01125e-06 8.30035e-07 9.76186e-08 9.35616e-09 4.9905e-10 0 
0 1.04892e-06 1.05923e-05 5.38263e-05 0.00018777 0.000491016 0.00100995 0.00171117 0.00250185 0.00328423 0.00398467 0.0045547 0.00496451 0.00519854 0.00525359 0.00513785 0.00487012 0.00447916 0.00400398 0.00349588 0.00302224 0.00266917 0.00255736 0.00314331 0.00686809 0.0200858 0.0499356 0.0817877 0.0854146 0.0705972 0.0320196 0.010476 0.00232226 0.000363027 4.33302e-05 4.61976e-06 5.26514e-07 6.14403e-08 5.91622e-09 3.17639e-10 0 
0 3.61523e-07 3.59936e-06 1.83461e-05 6.5862e-05 0.000182413 0.000406275 0.000751021 0.00118973 0.0016668 0.00212232 0.00250824 0.00279268 0.0029584 0.00300036 0.00292391 0.00274369 0.00248335 0.00217594 0.00186491 0.00160423 0.00145437 0.00147789 0.00186103 0.00371247 0.0101638 0.0236621 0.0414136 0.0493704 0.0320196 0.0157416 0.00519135 0.00116019 0.000182678 2.18522e-05 2.35988e-06 2.75954e-07 3.30101e-08 3.24184e-09 1.76921e-10 0 
0 1.13784e-07 1.10864e-06 5.59031e-06 2.01941e-05 5.74849e-05 0.000134389 0.00026475 0.000449439 0.000672116 0.00090425 0.00111471 0.00127763 0.00137614 0.00140318 0.00136084 0.00125942 0.00111641 0.000955384 0.000804412 0.000693959 0.000653634 0.000708973 0.00091142 0.00156416 0.00363159 0.00796048 0.01283 0.0141446 0.010476 0.00519135 0.0017292 0.000394085 6.36976e-05 7.99537e-06 9.41578e-07 1.20207e-07 1.51724e-08 1.53961e-09 8.61598e-11 0 
0 3.2705e-08 3.10381e-07 1.53475e-06 5.49503e-06 1.57202e-05 3.75e-05 7.64245e-05 0.000135482 0.000212301 0.000298543 0.000382 0.000450082 0.000492997 0.000505676 0.000488393 0.00044637 0.000388713 0.000326902 0.00027318 0.000239236 0.000235419 0.000270289 0.000355357 0.000542273 0.00100096 0.00190147 0.00290248 0.00314351 0.00232226 0.00116019 0.000394085 9.26664e-05 1.58351e-05 2.22082e-06 3.0657e-07 4.44352e-08 6.00519e-09 6.34981e-10 3.66936e-11 0 
0 8.57068e-09 7.90175e-08 3.81208e-07 1.3408e-06 3.8016e-06 9.07761e-06 1.87001e-05 3.37801e-05 5.42118e-05 7.81879e-05 0.000102401 0.000122905 0.000136253 0.000140445 0.000135403 0.000122904 0.000106087 8.87268e-05 7.45724e-05 6.69354e-05 6.85897e-05 8.17099e-05 0.000108085 0.00015271 0.000231739 0.000358885 0.000485603 0.000498952 0.000363027 0.000182678 6.36976e-05 1.58351e-05 3.03059e-06 5.12747e-07 8.6414e-08 1.42361e-08 2.05949e-09 2.27845e-10 1.36646e-11 0 
0 2.03794e-09 1.82319e-08 8.56018e-08 2.94389e-07 8.20983e-07 1.94105e-06 3.98568e-06 7.21918e-06 1.16691e-05 1.69947e-05 2.24874e-05 2.72349e-05 3.03893e-05 3.14307e-05 3.03189e-05 2.74909e-05 2.37247e-05 1.99398e-05 1.70208e-05 1.57213e-05 1.66382e-05 2.01631e-05 2.634e-05 3.49065e-05 4.5794e-05 5.82399e-05 6.67641e-05 6.21224e-05 4.33302e-05 2.18522e-05 7.99537e-06 2.22082e-06 5.12747e-07 1.08735e-07 2.18699e-08 3.98768e-09 6.13261e-10 7.10947e-11 4.43975e-12 0 
0 4.35149e-10 3.7772e-09 1.72452e-08 5.78693e-08 1.58155e-07 3.6821e-07 7.48145e-07 1.34695e-06 2.17226e-06 3.16518e-06 4.19717e-06 5.09746e-06 5.70326e-06 5.91215e-06 5.71483e-06 5.1963e-06 4.50905e-06 3.83299e-06 3.34002e-06 3.17351e-06 3.43828e-06 4.18123e-06 5.34432e-06 6.71805e-06 7.97075e-06 8.71691e-06 8.50429e-06 7.01125e-06 4.61976e-06 2.35988e-06 9.41578e-07 3.0657e-07 8.6414e-08 2.18699e-08 4.94781e-09 9.71449e-10 1.57837e-10 1.9181e-11 1.24957e-12 0 
0 8.17119e-11 6.88609e-10 3.0578e-09 1.00075e-08 2.67657e-08 6.1215e-08 1.22659e-07 2.18584e-07 3.50076e-07 5.0795e-07 6.72165e-07 8.1593e-07 9.13498e-07 9.48542e-07 9.19563e-07 8.40294e-07 7.35497e-07 6.34538e-07 5.65504e-07 5.51316e-07 6.06931e-07 7.34776e-07 9.16545e-07 1.10596e-06 1.23507e-06 1.24052e-06 1.09555e-06 8.30035e-07 5.26514e-07 2.75954e-07 1.20207e-07 4.44352e-08 1.42361e-08 3.98768e-09 9.71449e-10 2.02199e-10 3.45749e-11 4.40254e-12 2.99386e-13 0 
0 1.29209e-11 1.05828e-10 4.57458e-10 1.46082e-09 3.82322e-09 8.58361e-09 1.69395e-08 2.98266e-08 4.734e-08 6.8253e-08 8.99527e-08 1.08965e-07 1.21957e-07 1.26813e-07 1.23359e-07 1.13425e-07 1.00317e-07 8.79836e-08 8.0199e-08 7.9953e-08 8.8913e-08 1.06692e-07 1.2989e-07 1.51631e-07 1.63014e-07 1.57049e-07 1.33012e-07 9.76186e-08 6.14403e-08 3.30101e-08 1.51724e-08 6.00519e-09 2.05949e-09 6.13261e-10 1.57837e-10 3.45749e-11 6.20461e-12 8.26845e-13 5.8673e-14 0 
0 1.55237e-12 1.23741e-11 5.2134e-11 1.62603e-10 4.16689e-10 9.18574e-10 1.7851e-09 3.10408e-09 4.87883e-09 6.98354e-09 9.15896e-09 1.10643e-08 1.23744e-08 1.28846e-08 1.25807e-08 1.16478e-08 1.042e-08 9.29684e-09 8.65911e-09 8.79597e-09 9.83681e-09 1.16727e-08 1.38841e-08 1.57531e-08 1.64609e-08 1.54682e-08 1.28602e-08 9.35616e-09 5.91622e-09 3.24184e-09 1.53961e-09 6.34981e-10 2.27845e-10 7.10947e-11 1.9181e-11 4.40254e-12 8.26845e-13 1.15111e-13 8.51435e-15 0 
0 1.01212e-13 7.86336e-13 3.23373e-12 9.86341e-12 2.47748e-11 5.36652e-11 1.02743e-10 1.76466e-10 2.74654e-10 3.90244e-10 5.09194e-10 6.13307e-10 6.85352e-10 7.14603e-10 7.00558e-10 6.53448e-10 5.91611e-10 5.36997e-10 5.1028e-10 5.2633e-10 5.89891e-10 6.91409e-10 8.04692e-10 8.90384e-10 9.08576e-10 8.37684e-10 6.88161e-10 4.9905e-10 3.17639e-10 1.76921e-10 8.61598e-11 3.66936e-11 1.36646e-11 4.43975e-12 1.24957e-12 2.99386e-13 5.8673e-14 8.51435e-15 6.55436e-16 0 
0 0 0 0 0 0 0 0 0 0 0 0 0 0 0 0 0 0 0 0 0 0 0 0 0 0 0 0 0 0 0 0 0 0 0 0 0 0 0 0 0 
