0 0 0 0 0 0 0 0 0 0 0 0 0 0 0 0 0 0 0 0 0 0 0 0 0 0 0 0 0 0 0 0 0 0 0 0 0 0 0 0 0 
0 3.56225e-07 3.18194e-06 1.4094e-05 4.29635e-05 0.000100448 0.000191523 0.000311781 0.000449345 0.000589513 0.000718552 0.000825576 0.000903046 0.000946658 0.000955033 0.000929358 0.00087302 0.000791219 0.00069057 0.000578659 0.000463517 0.00035297 0.000253846 0.000171131 0.000107297 6.20865e-05 3.29282e-05 1.5921e-05 6.99386e-06 2.78704e-06 1.00745e-06 3.30535e-07 9.8453e-08 2.65904e-08 6.48423e-09 1.41379e-09 2.70085e-10 4.33128e-11 5.26383e-12 3.46414e-13 0 
0 3.18194e-06 2.90932e-05 0.000127425 0.000368223 0.00078881 0.00135771 0.00200269 0.00265446 0.00326229 0.0037907 0.00421398 0.00451408 0.00468051 0.00471071 0.00460985 0.00438995 0.00406836 0.00366589 0.00320509 0.00270905 0.0022011 0.00170519 0.00124611 0.000847969 0.000529877 0.000300062 0.000152411 6.90352e-05 2.78568e-05 1.00405e-05 3.24659e-06 9.45537e-07 2.48491e-07 5.88136e-08 1.24347e-08 2.30382e-09 3.58623e-10 4.23608e-11 2.71377e-12 0 
0 1.4094e-05 0.000127425 0.000521758 0.00134057 0.00251697 0.00387549 0.00528608 0.00666911 0.00795865 0.00909041 0.010006 0.0106597 0.0110233 0.0110883 0.0108655 0.0103829 0.00968157 0.00881126 0.00782487 0.0067735 0.00570202 0.00464678 0.00363662 0.00269823 0.00186353 0.00117134 0.000654978 0.000320233 0.000135901 5.02034e-05 1.62912e-05 4.6918e-06 1.20817e-06 2.78779e-07 5.733e-08 1.03255e-08 1.56322e-09 1.79784e-10 1.12303e-11 0 
0 4.29635e-05 0.000368223 0.00134057 0.00299843 0.00506568 0.00734697 0.00973629 0.0121218 0.0143742 0.0163647 0.0179805 0.0191361 0.0197793 0.0198939 0.0194989 0.0186444 0.0174044 0.015869 0.0141352 0.012299 0.0104471 0.0086507 0.00696082 0.00540679 0.00400251 0.00276332 0.00172554 0.000941986 0.000437967 0.000171946 5.75014e-05 1.66615e-05 4.24967e-06 9.62636e-07 1.93469e-07 3.39934e-08 5.01964e-09 5.63471e-10 3.43956e-11 0 
0 0.000100448 0.00078881 0.00251697 0.00506568 0.00812029 0.0115429 0.0151826 0.0188413 0.0223048 0.0253686 0.027857 0.029637 0.0306275 0.0308038 0.0301952 0.0288785 0.0269684 0.0246039 0.0219358 0.0191129 0.016272 0.0135282 0.0109696 0.00865244 0.00659902 0.00480335 0.00325445 0.00197432 0.0010254 0.000441362 0.000156606 4.66325e-05 1.19435e-05 2.67921e-06 5.29363e-07 9.11352e-08 1.31718e-08 1.44742e-09 8.65647e-11 0 
0 0.000191523 0.00135771 0.00387549 0.00734697 0.0115429 0.0163064 0.0213954 0.0265178 0.0313691 0.0356615 0.0391481 0.0416426 0.0430313 0.0432785 0.0424248 0.0405792 0.0379025 0.0345897 0.0308521 0.0268988 0.0229221 0.019085 0.0155144 0.0122968 0.00947624 0.00705394 0.00499522 0.00326237 0.00187087 0.000892756 0.000343633 0.000107349 2.80168e-05 6.2839e-06 1.22853e-06 2.08227e-07 2.95682e-08 3.19097e-09 1.87502e-10 0 
0 0.000311781 0.00200269 0.00528608 0.00973629 0.0151826 0.0213954 0.02804 0.0347302 0.0410672 0.0466765 0.0512503 0.0545794 0.0564993 0.0568507 0.0556526 0.0531489 0.049612 0.0452759 0.0403929 0.0352296 0.0300364 0.0250272 0.0203687 0.0161766 0.0125151 0.00939846 0.00679245 0.00462735 0.00284971 0.00149173 0.000627665 0.000208785 5.62563e-05 1.27324e-05 2.47878e-06 4.15588e-07 5.82029e-08 6.18882e-09 3.58328e-10 0 
0 0.000449345 0.00265446 0.00666911 0.0121218 0.0188413 0.0265178 0.0347302 0.0429998 0.0508387 0.0578592 0.0640186 0.0691624 0.0723186 0.0729105 0.0709536 0.066889 0.0617125 0.0560836 0.050005 0.0436197 0.0372012 0.0310109 0.0252554 0.0200786 0.0155627 0.011732 0.00855697 0.00595867 0.00383779 0.0021568 0.000985446 0.000350995 9.85104e-05 2.26666e-05 4.41869e-06 7.35974e-07 1.02023e-07 1.07224e-08 6.13451e-10 0 
0 0.000589513 0.00326229 0.00795865 0.0143742 0.0223048 0.0313691 0.0410672 0.0508387 0.0602172 0.0694579 0.0782426 0.0839504 0.086619 0.0870992 0.0855946 0.0817301 0.0750056 0.0668748 0.0591799 0.051573 0.0439895 0.0366799 0.0298846 0.023774 0.018446 0.0139327 0.0102071 0.00718792 0.00475314 0.0028061 0.00137156 0.000521284 0.000152892 3.59306e-05 7.04284e-06 1.16952e-06 1.6098e-07 1.67709e-08 9.50623e-10 0 
0 0.000718552 0.0037907 0.00909041 0.0163647 0.0253686 0.0356615 0.0466765 0.0578592 0.0694579 0.0812496 0.0886153 0.0924298 0.0942585 0.0946159 0.0936098 0.0910556 0.0863094 0.0780239 0.0678086 0.0586649 0.0500006 0.041698 0.0339821 0.0270445 0.020997 0.0158772 0.011659 0.00825904 0.00554478 0.00338047 0.00173784 0.000697996 0.000213462 5.1304e-05 1.01354e-05 1.68239e-06 2.30547e-07 2.38692e-08 1.34373e-09 0 
0 0.000825576 0.00421398 0.010006 0.0179805 0.027857 0.0391481 0.0512503 0.0640186 0.0782426 0.0886153 0.0940365 0.097062 0.0985729 0.0988846 0.0980711 0.0960249 0.0923794 0.086187 0.0758873 0.0646803 0.0549034 0.0457767 0.0373123 0.0297025 0.02307 0.0174567 0.0128359 0.00912229 0.00617755 0.00384283 0.00204609 0.000857556 0.000271683 6.66577e-05 1.32798e-05 2.20696e-06 3.01704e-07 3.11103e-08 1.74319e-09 0 
0 0.000903046 0.00451408 0.0106597 0.0191361 0.029637 0.0416426 0.0545794 0.0691624 0.0839504 0.0924298 0.097062 0.0997465 0.101114 0.101406 0.100681 0.0988627 0.0956853 0.0904911 0.0816597 0.0694341 0.0584623 0.0486991 0.0396973 0.0316063 0.0245548 0.0185878 0.0136782 0.00973833 0.00662663 0.00417151 0.00227133 0.000980288 0.000318781 7.94998e-05 1.59554e-05 2.65666e-06 3.62855e-07 3.73338e-08 2.08623e-09 0 
0 0.000946658 0.00468051 0.0110233 0.0197793 0.0306275 0.0430313 0.0564993 0.0723186 0.086619 0.0942585 0.0985729 0.101114 0.102421 0.102704 0.102019 0.100298 0.0973151 0.0925202 0.0845171 0.0723072 0.0604977 0.050332 0.0410288 0.0326695 0.0253843 0.0192201 0.0141493 0.0100828 0.00687751 0.00435586 0.00240032 0.00105331 0.000347927 8.76752e-05 1.76882e-05 2.95082e-06 4.03116e-07 4.14516e-08 2.31416e-09 0 
0 0.000955033 0.00471071 0.0110883 0.0198939 0.0308038 0.0432785 0.0568507 0.0729105 0.0870992 0.0946159 0.0988846 0.101406 0.102704 0.102987 0.102307 0.100601 0.0976466 0.0929104 0.0850351 0.0728534 0.0608759 0.050631 0.0412733 0.0328655 0.0255381 0.0193382 0.0142381 0.0101489 0.00692708 0.00439427 0.00242934 0.00107115 0.000355574 8.99449e-05 1.81914e-05 3.03962e-06 4.15706e-07 4.27836e-08 2.39042e-09 0 
0 0.000929358 0.00460985 0.0108655 0.0194989 0.0301952 0.0424248 0.0556526 0.0709536 0.0855946 0.0936098 0.0980711 0.100681 0.102019 0.102307 0.101604 0.0998371 0.096765 0.0917917 0.0834111 0.0710868 0.0596295 0.0496428 0.0404699 0.0322259 0.0250408 0.018961 0.0139592 0.00994739 0.00678375 0.00429327 0.00236249 0.00103527 0.000341893 8.62675e-05 1.74455e-05 2.91882e-06 4.00008e-07 4.12679e-08 2.31178e-09 0 
0 0.00087302 0.00438995 0.0103829 0.0186444 0.0288785 0.0405792 0.0531489 0.066889 0.0817301 0.0910556 0.0960249 0.0988627 0.100298 0.100601 0.0998371 0.097918 0.0945402 0.088934 0.0793731 0.0674029 0.0569823 0.0474966 0.0387218 0.0308329 0.0239569 0.0181379 0.0133492 0.00950508 0.00646656 0.00406685 0.00221075 0.000953301 0.000310476 7.77434e-05 1.56912e-05 2.62945e-06 3.61581e-07 3.74652e-08 2.10883e-09 0 
0 0.000791219 0.00406836 0.00968157 0.0174044 0.0269684 0.0379025 0.049612 0.0617125 0.0750056 0.0863094 0.0923794 0.0956853 0.0973151 0.0976466 0.096765 0.0945402 0.0905264 0.0835672 0.0729225 0.0625389 0.0532115 0.0443817 0.0361823 0.0288095 0.0223824 0.0169422 0.0124629 0.0088615 0.00600346 0.00373594 0.00199174 0.000838129 0.000267523 6.6288e-05 1.33507e-05 2.24386e-06 3.10296e-07 3.23752e-08 1.8362e-09 0 
0 0.00069057 0.00366589 0.00881126 0.015869 0.0246039 0.0345897 0.0452759 0.0560836 0.0668748 0.0780239 0.086187 0.0904911 0.0925202 0.0929104 0.0917917 0.088934 0.0835672 0.0749284 0.0655762 0.0569593 0.0485801 0.0405259 0.0330384 0.0263051 0.0204345 0.0154637 0.0113674 0.0080654 0.00542977 0.00332886 0.00173011 0.000706913 0.00022071 5.41619e-05 1.09118e-05 1.84532e-06 2.57527e-07 2.71542e-08 1.55726e-09 0 
0 0.000578659 0.00320509 0.00782487 0.0141352 0.0219358 0.0308521 0.0403929 0.050005 0.0591799 0.0678086 0.0758873 0.0816597 0.0845171 0.0850351 0.0834111 0.0793731 0.0729225 0.0655762 0.0582668 0.0508182 0.0433636 0.0361756 0.0294924 0.0234818 0.0182405 0.0138004 0.0101365 0.00717162 0.00478846 0.00288378 0.00145853 0.000579706 0.000177937 4.3512e-05 8.82094e-06 1.50891e-06 2.13497e-07 2.28397e-08 1.32873e-09 0 
0 0.000463517 0.00270905 0.0067735 0.012299 0.0191129 0.0268988 0.0352296 0.0436197 0.051573 0.0586649 0.0646803 0.0694341 0.0723072 0.0728534 0.0710868 0.0674029 0.0625389 0.0569593 0.0508182 0.0443506 0.0378478 0.0315761 0.0257451 0.020501 0.0159275 0.0120511 0.0088464 0.00624136 0.00413494 0.00245382 0.00121822 0.000477538 0.000146216 3.60483e-05 7.41298e-06 1.28922e-06 1.85468e-07 2.01532e-08 1.18908e-09 0 
0 0.00035297 0.0022011 0.00570202 0.0104471 0.016272 0.0229221 0.0300364 0.0372012 0.0439895 0.0500006 0.0549034 0.0584623 0.0604977 0.0608759 0.0596295 0.0569823 0.0532115 0.0485801 0.0433636 0.0378478 0.032301 0.0269524 0.021981 0.0175115 0.0136153 0.0103139 0.0075823 0.00535551 0.00355069 0.00211193 0.00105598 0.000419649 0.000130875 3.28939e-05 6.88329e-06 1.21469e-06 1.76799e-07 1.9385e-08 1.15139e-09 0 
0 0.000253846 0.00170519 0.00464678 0.0086507 0.0135282 0.019085 0.0250272 0.0310109 0.0366799 0.041698 0.0457767 0.0486991 0.050332 0.050631 0.0496428 0.0474966 0.0443817 0.0405259 0.0361756 0.0315761 0.0269524 0.0224964 0.0183585 0.0146468 0.0114309 0.00873615 0.0065247 0.00470391 0.00318988 0.00195254 0.0010144 0.000419639 0.000134935 3.45081e-05 7.27217e-06 1.28419e-06 1.86359e-07 2.03299e-08 1.1999e-09 0 
0 0.000171131 0.00124611 0.00363662 0.00696082 0.0109696 0.0155144 0.0203687 0.0252554 0.0298846 0.0339821 0.0373123 0.0396973 0.0410288 0.0412733 0.0404699 0.0387218 0.0361823 0.0330384 0.0294924 0.0257451 0.021981 0.0183585 0.0150088 0.012056 0.00964144 0.00784879 0.00649339 0.00515073 0.00363909 0.00221764 0.00115263 0.00048673 0.000158919 4.05516e-05 8.42789e-06 1.46111e-06 2.07969e-07 2.22644e-08 1.29094e-09 0 
0 0.000107297 0.000847969 0.00269823 0.00540679 0.00865244 0.0122968 0.0161766 0.0200786 0.023774 0.0270445 0.0297025 0.0316063 0.0326695 0.0328655 0.0322259 0.0308329 0.0288095 0.0263051 0.0234818 0.020501 0.0175115 0.0146468 0.012056 0.0100277 0.00912534 0.00976002 0.0109785 0.0105581 0.00770216 0.00418654 0.00180685 0.000668192 0.000204847 4.99684e-05 9.96971e-06 1.66892e-06 2.30529e-07 2.40393e-08 1.36182e-09 0 
0 6.20865e-05 0.000529877 0.00186353 0.00400251 0.00659902 0.00947624 0.0125151 0.0155627 0.018446 0.020997 0.02307 0.0245548 0.0253843 0.0255381 0.0250408 0.0239569 0.0223824 0.0204345 0.0182405 0.0159275 0.0136153 0.0114309 0.00964144 0.00912534 0.0119034 0.0195286 0.0308943 0.0369957 0.0224873 0.0113583 0.00407381 0.00115187 0.000287145 6.17401e-05 1.13486e-05 1.80355e-06 2.40512e-07 2.44025e-08 1.35085e-09 0 
0 3.29282e-05 0.000300062 0.00117134 0.00276332 0.00480335 0.00705394 0.00939846 0.011732 0.0139327 0.0158772 0.0174567 0.0185878 0.0192201 0.0193382 0.018961 0.0181379 0.0169422 0.0154637 0.0138004 0.0120511 0.0103139 0.00873615 0.00784879 0.00976002 0.0195286 0.0445554 0.0770652 0.0801107 0.0646767 0.0264686 0.00889362 0.00213846 0.000421282 7.44194e-05 1.19893e-05 1.77219e-06 2.27583e-07 2.25397e-08 1.22438e-09 0 
0 1.5921e-05 0.000152411 0.000654978 0.00172554 0.00325445 0.00499522 0.00679245 0.00855697 0.0102071 0.011659 0.0128359 0.0136782 0.0141493 0.0142381 0.0139592 0.0133492 0.0124629 0.0113674 0.0101365 0.0088464 0.0075823 0.0065247 0.00649339 0.0109785 0.0308943 0.0770652 0.0867797 0.0879797 0.0828828 0.0548721 0.0143266 0.00324807 0.000556108 8.20283e-05 1.13531e-05 1.53957e-06 1.90571e-07 1.85429e-08 9.9523e-10 0 
0 6.99386e-06 6.90352e-05 0.000320233 0.000941986 0.00197432 0.00326237 0.00462735 0.00595867 0.00718792 0.00825904 0.00912229 0.00973833 0.0100828 0.0101489 0.00994739 0.00950508 0.0088615 0.0080654 0.00717162 0.00624136 0.00535551 0.00470391 0.00515073 0.0105581 0.0369957 0.0801107 0.0879797 0.0890391 0.0850097 0.0648437 0.0158612 0.00351444 0.000566856 7.47627e-05 9.16617e-06 1.15282e-06 1.38846e-07 1.34014e-08 7.16857e-10 0 
0 2.78704e-06 2.78568e-05 0.000135901 0.000437967 0.0010254 0.00187087 0.00284971 0.00383779 0.00475314 0.00554478 0.00617755 0.00662663 0.00687751 0.00692708 0.00678375 0.00646656 0.00600346 0.00542977 0.00478846 0.00413494 0.00355069 0.00318988 0.00363909 0.00770216 0.0224873 0.0646767 0.0828828 0.0850097 0.0789048 0.0397255 0.0116964 0.00259715 0.000412602 5.18839e-05 5.98883e-06 7.27067e-07 8.70257e-08 8.43898e-09 4.5425e-10 0 
0 1.00745e-06 1.00405e-05 5.02034e-05 0.000171946 0.000441362 0.000892756 0.00149173 0.0021568 0.0028061 0.00338047 0.00384283 0.00417151 0.00435586 0.00439427 0.00429327 0.00406685 0.00373594 0.00332886 0.00288378 0.00245382 0.00211193 0.00195254 0.00221764 0.00418654 0.0113583 0.0264686 0.0548721 0.0648437 0.0397255 0.0175737 0.00579766 0.00130049 0.000209144 2.63692e-05 3.07356e-06 3.81386e-07 4.66815e-08 4.61242e-09 2.52267e-10 0 
0 3.30535e-07 3.24659e-06 1.62912e-05 5.75014e-05 0.000156606 0.000343633 0.000627665 0.000985446 0.00137156 0.00173784 0.00204609 0.00227133 0.00240032 0.00242934 0.00236249 0.00221075 0.00199174 0.00173011 0.00145853 0.00121822 0.00105598 0.0010144 0.00115263 0.00180685 0.00407381 0.00889362 0.0143266 0.0158612 0.0116964 0.00579766 0.00193458 0.000445248 7.41284e-05 9.84646e-06 1.24641e-06 1.67113e-07 2.14582e-08 2.1872e-09 1.2261e-10 0 
0 9.8453e-08 9.45537e-07 4.6918e-06 1.66615e-05 4.66325e-05 0.000107349 0.000208785 0.000350995 0.000521284 0.000697996 0.000857556 0.000980288 0.00105331 0.00107115 0.00103527 0.000953301 0.000838129 0.000706913 0.000579706 0.000477538 0.000419649 0.000419639 0.00048673 0.000668192 0.00115187 0.00213846 0.00324807 0.00351444 0.00259715 0.00130049 0.000445248 0.00010682 1.89813e-05 2.82851e-06 4.15316e-07 6.22403e-08 8.49929e-09 9.01244e-10 5.21472e-11 0 
0 2.65904e-08 2.48491e-07 1.20817e-06 4.24967e-06 1.19435e-05 2.80168e-05 5.62563e-05 9.85104e-05 0.000152892 0.000213462 0.000271683 0.000318781 0.000347927 0.000355574 0.000341893 0.000310476 0.000267523 0.00022071 0.000177937 0.000146216 0.000130875 0.000134935 0.000158919 0.000204847 0.000287145 0.000421282 0.000556108 0.000566856 0.000412602 0.000209144 7.41284e-05 1.89813e-05 3.80613e-06 6.81117e-07 1.19647e-07 2.00592e-08 2.91668e-09 3.23203e-10 1.9402e-11 0 
0 6.48423e-09 5.88136e-08 2.78779e-07 9.62636e-07 2.67921e-06 6.2839e-06 1.27324e-05 2.26666e-05 3.59306e-05 5.1304e-05 6.66577e-05 7.94998e-05 8.76752e-05 8.99449e-05 8.62675e-05 7.77434e-05 6.6288e-05 5.41619e-05 4.3512e-05 3.60483e-05 3.28939e-05 3.45081e-05 4.05516e-05 4.99684e-05 6.17401e-05 7.44194e-05 8.20283e-05 7.47627e-05 5.18839e-05 2.63692e-05 9.84646e-06 2.82851e-06 6.81117e-07 1.49733e-07 3.07038e-08 5.63724e-09 8.68793e-10 1.00813e-10 6.30015e-12 0 
0 1.41379e-09 1.24347e-08 5.733e-08 1.93469e-07 5.29363e-07 1.22853e-06 2.47878e-06 4.41869e-06 7.04284e-06 1.01354e-05 1.32798e-05 1.59554e-05 1.76882e-05 1.81914e-05 1.74455e-05 1.56912e-05 1.33507e-05 1.09118e-05 8.82094e-06 7.41298e-06 6.88329e-06 7.27217e-06 8.42789e-06 9.96971e-06 1.13486e-05 1.19893e-05 1.13531e-05 9.16617e-06 5.98883e-06 3.07356e-06 1.24641e-06 4.15316e-07 1.19647e-07 3.07038e-08 6.98922e-09 1.37524e-09 2.2364e-10 2.71936e-11 1.77252e-12 0 
0 2.70085e-10 2.30382e-09 1.03255e-08 3.39934e-08 9.11352e-08 2.08227e-07 4.15588e-07 7.35974e-07 1.16952e-06 1.68239e-06 2.20696e-06 2.65666e-06 2.95082e-06 3.03962e-06 2.91882e-06 2.62945e-06 2.24386e-06 1.84532e-06 1.50891e-06 1.28922e-06 1.21469e-06 1.28419e-06 1.46111e-06 1.66892e-06 1.80355e-06 1.77219e-06 1.53957e-06 1.15282e-06 7.27067e-07 3.81386e-07 1.67113e-07 6.22403e-08 2.00592e-08 5.63724e-09 1.37524e-09 2.86422e-10 4.89962e-11 6.24124e-12 4.24594e-13 0 
0 4.33128e-11 3.58623e-10 1.56322e-09 5.01964e-09 1.31718e-08 2.95682e-08 5.82029e-08 1.02023e-07 1.6098e-07 2.30547e-07 3.01704e-07 3.62855e-07 4.03116e-07 4.15706e-07 4.00008e-07 3.61581e-07 3.10296e-07 2.57527e-07 2.13497e-07 1.85468e-07 1.76799e-07 1.86359e-07 2.07969e-07 2.30529e-07 2.40512e-07 2.27583e-07 1.90571e-07 1.38846e-07 8.70257e-08 4.66815e-08 2.14582e-08 8.49929e-09 2.91668e-09 8.68793e-10 2.2364e-10 4.89962e-11 8.79418e-12 1.17222e-12 8.32042e-14 0 
0 5.26383e-12 4.23608e-11 1.79784e-10 5.63471e-10 1.44742e-09 3.19097e-09 6.18882e-09 1.07224e-08 1.67709e-08 2.38692e-08 3.11103e-08 3.73338e-08 4.14516e-08 4.27836e-08 4.12679e-08 3.74652e-08 3.23752e-08 2.71542e-08 2.28397e-08 2.01532e-08 1.9385e-08 2.03299e-08 2.22644e-08 2.40393e-08 2.44025e-08 2.25397e-08 1.85429e-08 1.34014e-08 8.43898e-09 4.61242e-09 2.1872e-09 9.01244e-10 3.23203e-10 1.00813e-10 2.71936e-11 6.24124e-12 1.17222e-12 1.63212e-13 1.20744e-14 0 
0 3.46414e-13 2.71377e-12 1.12303e-11 3.43956e-11 8.65647e-11 1.87502e-10 3.58328e-10 6.13451e-10 9.50623e-10 1.34373e-09 1.74319e-09 2.08623e-09 2.31416e-09 2.39042e-09 2.31178e-09 2.10883e-09 1.8362e-09 1.55726e-09 1.32873e-09 1.18908e-09 1.15139e-09 1.1999e-09 1.29094e-09 1.36182e-09 1.35085e-09 1.22438e-09 9.9523e-10 7.16857e-10 4.5425e-10 2.52267e-10 1.2261e-10 5.21472e-11 1.9402e-11 6.30015e-12 1.77252e-12 4.24594e-13 8.32042e-14 1.20744e-14 9.29568e-16 0 
0 0 0 0 0 0 0 0 0 0 0 0 0 0 0 0 0 0 0 0 0 0 0 0 0 0 0 0 0 0 0 0 0 0 0 0 0 0 0 0 0 
