0 0 0 0 0 0 0 0 0 0 0 0 0 0 0 0 0 0 0 0 0 0 0 0 0 0 0 0 0 0 0 0 0 0 0 0 0 0 0 0 0 
0 3.74034e-07 3.33706e-06 1.47472e-05 4.48045e-05 0.000104334 0.000198117 0.000321304 0.000461598 0.000604056 0.000734868 0.000843163 0.000921452 0.000965481 0.000973907 0.000947945 0.000890996 0.000808269 0.000706383 0.000592935 0.000475987 0.000363427 0.000262187 0.000177394 0.000111675 6.49032e-05 3.45798e-05 1.67965e-05 7.41121e-06 2.96556e-06 1.07597e-06 3.54166e-07 1.05788e-07 2.86393e-08 6.9977e-09 1.52824e-09 2.9234e-10 4.69329e-11 5.70881e-12 3.75966e-13 0 
0 3.33706e-06 3.04533e-05 0.000132873 0.000381872 0.000813121 0.00139191 0.00204431 0.00270124 0.00331277 0.00384395 0.00426933 0.00457087 0.00473806 0.00476832 0.00466685 0.00444576 0.00412249 0.00371796 0.00325475 0.00275589 0.00224452 0.0017443 0.00127979 0.000875121 0.000549915 0.000313318 0.000160143 7.29741e-05 2.96066e-05 1.07212e-05 3.48024e-06 1.0168e-06 2.67899e-07 6.35356e-08 1.34546e-08 2.49593e-09 3.88915e-10 4.59748e-11 2.94711e-12 0 
0 1.47472e-05 0.000132873 0.000540645 0.00137837 0.00257038 0.00393911 0.00535751 0.00674803 0.00804497 0.00918357 0.0101048 0.0107626 0.0111285 0.0111938 0.0109694 0.0104836 0.00977773 0.00890198 0.00790973 0.00685252 0.00577561 0.00471546 0.00370054 0.00275655 0.00191411 0.00121137 0.000682699 0.000336512 0.000143897 5.35021e-05 1.74514e-05 5.04575e-06 1.30316e-06 3.01362e-07 6.20765e-08 1.11942e-08 1.69632e-09 1.95227e-10 1.22016e-11 0 
0 4.48045e-05 0.000381872 0.00137837 0.00305814 0.00513986 0.00743441 0.00983859 0.0122398 0.0145075 0.0165116 0.0181385 0.0193019 0.0199493 0.0200645 0.0196667 0.0188062 0.0175576 0.0160116 0.0142661 0.0124177 0.010554 0.00874679 0.00704786 0.00548666 0.00407625 0.00282968 0.00178046 0.000981048 0.000460622 0.000182458 6.1455e-05 1.79013e-05 4.58295e-06 1.04083e-06 2.09565e-07 3.68686e-08 5.44917e-09 6.12088e-10 3.73812e-11 0 
0 0.000104334 0.000813121 0.00257038 0.00513986 0.0082136 0.011659 0.015324 0.0190084 0.0224962 0.0255814 0.0280869 0.029879 0.0308763 0.0310535 0.0304404 0.0291144 0.0271909 0.0248101 0.0221234 0.0192812 0.0164208 0.0136587 0.0110836 0.00875277 0.00668896 0.00488568 0.00332915 0.00203675 0.00106913 0.000465316 0.000166698 4.99954e-05 1.28679e-05 2.89595e-06 5.73404e-07 9.88564e-08 1.43012e-08 1.57255e-09 9.40906e-11 0 
0 0.000198117 0.00139191 0.00393911 0.00743441 0.011659 0.0164564 0.0215817 0.0267404 0.0316258 0.0359481 0.0394588 0.0419704 0.0433687 0.0436173 0.0427572 0.0408984 0.0382029 0.0348671 0.0311036 0.027123 0.0231187 0.0192553 0.0156605 0.0124216 0.00958381 0.00714881 0.00508137 0.00334007 0.00193409 0.000934038 0.000363776 0.000114714 3.01337e-05 6.78674e-06 1.33027e-06 2.25836e-07 3.2102e-08 3.46673e-09 2.03798e-10 0 
0 0.000321304 0.00204431 0.00535751 0.00983859 0.015324 0.0215817 0.0282738 0.0350113 0.0413928 0.0470416 0.0516528 0.0550291 0.0569998 0.0573635 0.0561271 0.0535723 0.0499974 0.0456286 0.0407115 0.0355125 0.0302835 0.0252397 0.0205492 0.0163285 0.0126428 0.00950709 0.00688773 0.00471368 0.00292585 0.00154919 0.000660364 0.000222193 6.03648e-05 1.37341e-05 2.68229e-06 4.50566e-07 6.31751e-08 6.72242e-09 3.89407e-10 0 
0 0.000461598 0.00270124 0.00674803 0.0122398 0.0190084 0.0267404 0.0350113 0.0433393 0.0512344 0.0583311 0.0646999 0.0701235 0.0734145 0.0740282 0.0720051 0.0677291 0.0622835 0.0565246 0.0503914 0.0439611 0.0374984 0.0312654 0.0254702 0.0202578 0.0157112 0.0118554 0.00866172 0.00605118 0.00392128 0.00222607 0.00103057 0.000371865 0.000105413 2.44117e-05 4.77719e-06 7.97477e-07 1.10696e-07 1.16433e-08 6.66477e-10 0 
0 0.000604056 0.00331277 0.00804497 0.0145075 0.0224962 0.0316258 0.0413928 0.0512344 0.0607182 0.0703344 0.0793851 0.0849191 0.0874496 0.087909 0.0864937 0.0828129 0.0761078 0.0675766 0.0596497 0.0519703 0.0443335 0.0369736 0.0301315 0.0239788 0.0186144 0.0140707 0.0103215 0.00728608 0.00484105 0.00288273 0.00142691 0.000549885 0.000163133 3.86305e-05 7.60648e-06 1.26641e-06 1.74581e-07 1.82041e-08 1.03244e-09 0 
0 0.000734868 0.00384395 0.00918357 0.0165116 0.0255814 0.0359481 0.0470416 0.0583311 0.0703344 0.0823406 0.0893148 0.0929303 0.0946735 0.0950186 0.0940658 0.0916452 0.087165 0.0791362 0.068513 0.059126 0.0503861 0.0420259 0.034257 0.0272717 0.0211827 0.0160281 0.0117822 0.00836246 0.00563579 0.00346138 0.00180053 0.00073349 0.000227141 5.50656e-05 1.09351e-05 1.82049e-06 2.49892e-07 2.58976e-08 1.4588e-09 0 
0 0.000843163 0.00426933 0.0101048 0.0181385 0.0280869 0.0394588 0.0516528 0.0646999 0.0793851 0.0893148 0.0944565 0.0973445 0.0987935 0.0990962 0.0983218 0.096371 0.0929048 0.0870385 0.0769174 0.0652715 0.0553272 0.0461321 0.0376097 0.0299477 0.0232696 0.0176179 0.0129664 0.00923014 0.00627089 0.00392613 0.0021135 0.000898423 0.00028842 7.1436e-05 1.43134e-05 2.38647e-06 3.26843e-07 3.37384e-08 1.89168e-09 0 
0 0.000921452 0.00457087 0.0107626 0.0193019 0.029879 0.0419704 0.0550291 0.0701235 0.0849191 0.0929303 0.0973445 0.0999172 0.101233 0.101517 0.100826 0.0990863 0.0960529 0.091113 0.0826687 0.070221 0.0589276 0.049074 0.0400102 0.0318638 0.024764 0.0187563 0.0138138 0.00984931 0.0067215 0.00425602 0.00234142 0.00102476 0.000337817 8.50936e-05 1.71828e-05 2.87094e-06 3.92884e-07 4.04689e-08 2.26294e-09 0 
0 0.000965481 0.00473806 0.0111285 0.0199493 0.0308763 0.0433687 0.0569998 0.0734145 0.0874496 0.0946735 0.0987935 0.101233 0.102492 0.102768 0.102113 0.100465 0.0976126 0.093043 0.0854273 0.0732108 0.0610011 0.0507177 0.0413498 0.0329335 0.0255985 0.0193923 0.0142874 0.0101953 0.006973 0.0044407 0.00247152 0.00109963 0.000368275 9.37617e-05 1.90361e-05 3.18707e-06 4.36262e-07 4.49111e-08 2.50901e-09 0 
0 0.000973907 0.00476832 0.0111938 0.0200645 0.0310535 0.0436173 0.0573635 0.0740282 0.087909 0.0950186 0.0990962 0.101517 0.102768 0.103043 0.102394 0.10076 0.0979337 0.0934185 0.0859279 0.0737771 0.0613872 0.0510177 0.0415947 0.0331298 0.0257524 0.0195104 0.0143762 0.0102611 0.00702217 0.0044787 0.00250039 0.00111767 0.000376163 9.61387e-05 1.95679e-05 3.28135e-06 4.49661e-07 4.63302e-08 2.59027e-09 0 
0 0.000947945 0.00466685 0.0109694 0.0196667 0.0304404 0.0427572 0.0561271 0.0720051 0.0864937 0.0940658 0.0983218 0.100826 0.102113 0.102394 0.101722 0.100032 0.0970956 0.0923602 0.0843746 0.0719451 0.0601112 0.0500206 0.0407844 0.0324845 0.0252506 0.0191296 0.0140945 0.0100576 0.00687742 0.00437654 0.00243221 0.00108045 0.000361688 9.21863e-05 1.8758e-05 3.14933e-06 4.32422e-07 4.4659e-08 2.50321e-09 0 
0 0.000890996 0.00444576 0.0104836 0.0188062 0.0291144 0.0408984 0.0535723 0.0677291 0.0828129 0.0916452 0.096371 0.0990863 0.100465 0.10076 0.100032 0.0981983 0.094978 0.0896547 0.0804303 0.0680943 0.057421 0.0478574 0.0390229 0.0310806 0.0241579 0.0182996 0.0134793 0.00961166 0.0065578 0.00414811 0.00227789 0.000995677 0.000328571 8.30677e-05 1.68637e-05 2.83508e-06 3.90536e-07 4.05023e-08 2.28081e-09 0 
0 0.000808269 0.00412249 0.00977773 0.0175576 0.0271909 0.0382029 0.0499974 0.0622835 0.0761078 0.087165 0.0929048 0.0960529 0.0976126 0.0979337 0.0970956 0.094978 0.0911665 0.0845597 0.0738389 0.0630563 0.053612 0.0447194 0.0364644 0.0290416 0.0225711 0.0170943 0.0125858 0.00896295 0.00609123 0.00381414 0.00205484 0.000876344 0.000283232 7.08046e-05 1.43357e-05 2.41629e-06 3.34626e-07 3.49372e-08 1.98195e-09 0 
0 0.000706383 0.00371796 0.00890198 0.0160116 0.0248101 0.0348671 0.0456286 0.0565246 0.0675766 0.0791362 0.0870385 0.091113 0.093043 0.0934185 0.0923602 0.0896547 0.0845597 0.075928 0.0661601 0.0573894 0.0489449 0.0408356 0.0332972 0.0265181 0.0206078 0.0156038 0.0114812 0.0081603 0.00551284 0.00340249 0.00178741 0.000739827 0.000233645 5.77861e-05 1.16945e-05 1.98223e-06 2.76918e-07 2.92077e-08 1.67484e-09 0 
0 0.000592935 0.00325475 0.00790973 0.0142661 0.0221234 0.0311036 0.0407115 0.0503914 0.0596497 0.068513 0.0769174 0.0826687 0.0854273 0.0859279 0.0843746 0.0804303 0.0738389 0.0661601 0.0587082 0.0511975 0.0436911 0.0364538 0.0297248 0.0236731 0.0183961 0.0139264 0.0102394 0.00725841 0.00486501 0.00295056 0.00150813 0.000606601 0.000188056 4.62855e-05 9.41611e-06 1.61326e-06 2.2837e-07 2.44273e-08 1.4204e-09 0 
0 0.000475987 0.00275589 0.00685252 0.0124177 0.0192812 0.027123 0.0355125 0.0439611 0.0519703 0.059126 0.0652715 0.070221 0.0732108 0.0737771 0.0719451 0.0680943 0.0630563 0.0573894 0.0511975 0.0446843 0.0381363 0.0318209 0.0259493 0.0206688 0.0160638 0.0121613 0.00893663 0.00631778 0.00420204 0.00251072 0.00125849 0.000498367 0.000153828 3.8113e-05 7.85663e-06 1.36755e-06 1.96734e-07 2.13674e-08 1.25987e-09 0 
0 0.000363427 0.00224452 0.00577561 0.010554 0.0164208 0.0231187 0.0302835 0.0374984 0.0443335 0.0503861 0.0553272 0.0589276 0.0610011 0.0613872 0.0601112 0.057421 0.053612 0.0489449 0.0436911 0.0381363 0.0325501 0.0271634 0.0221565 0.0176549 0.013731 0.0104068 0.00765748 0.00541817 0.00360428 0.00215596 0.00108635 0.00043519 0.000136565 3.44508e-05 7.22147e-06 1.27504e-06 1.85562e-07 2.03378e-08 1.20736e-09 0 
0 0.000262187 0.0017443 0.00471546 0.00874679 0.0136587 0.0192553 0.0252397 0.0312654 0.0369736 0.0420259 0.0461321 0.049074 0.0507177 0.0510177 0.0500206 0.0478574 0.0447194 0.0408356 0.0364538 0.0318209 0.0271634 0.0226745 0.0185056 0.0147657 0.0115253 0.00881018 0.00658274 0.00475005 0.00322746 0.00198291 0.00103603 0.000431309 0.000139409 3.57689e-05 7.55039e-06 1.33423e-06 1.93655e-07 2.11245e-08 1.24662e-09 0 
0 0.000177394 0.00127979 0.00370054 0.00704786 0.0110836 0.0156605 0.0205492 0.0254702 0.0301315 0.034257 0.0376097 0.0400102 0.0413498 0.0415947 0.0407844 0.0390229 0.0364644 0.0332972 0.0297248 0.0259493 0.0221565 0.0185056 0.0151288 0.0121512 0.00971559 0.00790686 0.00653989 0.00518766 0.00366711 0.00223855 0.001168 0.000495988 0.0001628 4.16924e-05 8.68237e-06 1.50671e-06 2.14562e-07 2.29754e-08 1.33234e-09 0 
0 0.000111675 0.000875121 0.00275655 0.00548666 0.00875277 0.0124216 0.0163285 0.0202578 0.0239788 0.0272717 0.0299477 0.0318638 0.0329335 0.0331298 0.0324845 0.0310806 0.0290416 0.0265181 0.0236731 0.0206688 0.0176549 0.0147657 0.0121512 0.0101024 0.00918752 0.00982153 0.011045 0.0106214 0.00774865 0.00421302 0.00182079 0.000676152 0.000208496 5.10927e-05 1.02209e-05 1.71319e-06 2.36796e-07 2.47018e-08 1.39969e-09 0 
0 6.49032e-05 0.000549915 0.00191411 0.00407625 0.00668896 0.00958381 0.0126428 0.0157112 0.0186144 0.0211827 0.0232696 0.024764 0.0255985 0.0257524 0.0252506 0.0241579 0.0225711 0.0206078 0.0183961 0.0160638 0.013731 0.0115253 0.00971559 0.00918752 0.0119765 0.0196438 0.0315222 0.0378806 0.0226464 0.0114249 0.00409848 0.00116059 0.000290729 6.28675e-05 1.15984e-05 1.8465e-06 2.46431e-07 2.50131e-08 1.38503e-09 0 
0 3.45798e-05 0.000313318 0.00121137 0.00282968 0.00488568 0.00714881 0.00950709 0.0118554 0.0140707 0.0160281 0.0176179 0.0187563 0.0193923 0.0195104 0.0191296 0.0182996 0.0170943 0.0156038 0.0139264 0.0121613 0.0104068 0.00881018 0.00790686 0.00982153 0.0196438 0.0454415 0.0772884 0.0800582 0.0656693 0.0266483 0.00894563 0.00215173 0.000425056 7.55132e-05 1.22244e-05 1.81139e-06 2.32845e-07 2.30707e-08 1.25355e-09 0 
0 1.67965e-05 0.000160143 0.000682699 0.00178046 0.00332915 0.00508137 0.00688773 0.00866172 0.0103215 0.0117822 0.0129664 0.0138138 0.0142874 0.0143762 0.0140945 0.0134793 0.0125858 0.0114812 0.0102394 0.00893663 0.00765748 0.00658274 0.00653989 0.011045 0.0315222 0.0772884 0.0865537 0.0876802 0.0827495 0.0558429 0.0144107 0.00326734 0.00056021 8.30237e-05 1.15534e-05 1.57181e-06 1.94805e-07 1.89634e-08 1.01804e-09 0 
0 7.41121e-06 7.29741e-05 0.000336512 0.000981048 0.00203675 0.00334007 0.00471368 0.00605118 0.00728608 0.00836246 0.00923014 0.00984931 0.0101953 0.0102611 0.0100576 0.00961166 0.00896295 0.0081603 0.00725841 0.00631778 0.00541817 0.00475005 0.00518766 0.0106214 0.0378806 0.0800582 0.0876802 0.0887078 0.0848203 0.0657885 0.0159871 0.00353512 0.000570759 7.55699e-05 9.31563e-06 1.17604e-06 1.41853e-07 1.36981e-08 7.32887e-10 0 
0 2.96556e-06 2.96066e-05 0.000143897 0.000460622 0.00106913 0.00193409 0.00292585 0.00392128 0.00484105 0.00563579 0.00627089 0.0067215 0.006973 0.00702217 0.00687742 0.0065578 0.00609123 0.00551284 0.00486501 0.00420204 0.00360428 0.00322746 0.00366711 0.00774865 0.0226464 0.0656693 0.0827495 0.0848203 0.0788873 0.0404776 0.0117644 0.00261249 0.000415463 5.24287e-05 6.08331e-06 7.41431e-07 8.88824e-08 8.62297e-09 4.64243e-10 0 
0 1.07597e-06 1.07212e-05 5.35021e-05 0.000182458 0.000465316 0.000934038 0.00154919 0.00222607 0.00288273 0.00346138 0.00392613 0.00425602 0.0044407 0.0044787 0.00437654 0.00414811 0.00381414 0.00340249 0.00295056 0.00251072 0.00215596 0.00198291 0.00223855 0.00421302 0.0114249 0.0266483 0.0558429 0.0657885 0.0404776 0.0176759 0.00583145 0.00130835 0.000210702 2.66608e-05 3.123e-06 3.88932e-07 4.76709e-08 4.71203e-09 2.57756e-10 0 
0 3.54166e-07 3.48024e-06 1.74514e-05 6.1455e-05 0.000166698 0.000363776 0.000660364 0.00103057 0.00142691 0.00180053 0.0021135 0.00234142 0.00247152 0.00250039 0.00243221 0.00227789 0.00205484 0.00178741 0.00150813 0.00125849 0.00108635 0.00103603 0.001168 0.00182079 0.00409848 0.00894563 0.0144107 0.0159871 0.0117644 0.00583145 0.00194605 0.000448168 7.47653e-05 9.96902e-06 1.26774e-06 1.70476e-07 2.19126e-08 2.23416e-09 1.25258e-10 0 
0 1.05788e-07 1.0168e-06 5.04575e-06 1.79013e-05 4.99954e-05 0.000114714 0.000222193 0.000371865 0.000549885 0.00073349 0.000898423 0.00102476 0.00109963 0.00111767 0.00108045 0.000995677 0.000876344 0.000739827 0.000606601 0.000498367 0.00043519 0.000431309 0.000495988 0.000676152 0.00116059 0.00215173 0.00326734 0.00353512 0.00261249 0.00130835 0.000448168 0.000107668 1.91832e-05 2.86998e-06 4.23014e-07 6.352e-08 8.67948e-09 9.20524e-10 5.32679e-11 0 
0 2.86393e-08 2.67899e-07 1.30316e-06 4.58295e-06 1.28679e-05 3.01337e-05 6.03648e-05 0.000105413 0.000163133 0.000227141 0.00028842 0.000337817 0.000368275 0.000376163 0.000361688 0.000328571 0.000283232 0.000233645 0.000188056 0.000153828 0.000136565 0.000139409 0.0001628 0.000208496 0.000290729 0.000425056 0.00056021 0.000570759 0.000415463 0.000210702 7.47653e-05 1.91832e-05 3.85847e-06 6.92916e-07 1.22022e-07 2.04786e-08 2.97859e-09 3.30101e-10 1.98176e-11 0 
0 6.9977e-09 6.35356e-08 3.01362e-07 1.04083e-06 2.89595e-06 6.78674e-06 1.37341e-05 2.44117e-05 3.86305e-05 5.50656e-05 7.1436e-05 8.50936e-05 9.37617e-05 9.61387e-05 9.21863e-05 8.30677e-05 7.08046e-05 5.77861e-05 4.62855e-05 3.8113e-05 3.44508e-05 3.57689e-05 4.16924e-05 5.10927e-05 6.28675e-05 7.55132e-05 8.30237e-05 7.55699e-05 5.24287e-05 2.66608e-05 9.96902e-06 2.86998e-06 6.92916e-07 1.52656e-07 3.13387e-08 5.7562e-09 8.87248e-10 1.02962e-10 6.4348e-12 0 
0 1.52824e-09 1.34546e-08 6.20765e-08 2.09565e-07 5.73404e-07 1.33027e-06 2.68229e-06 4.77719e-06 7.60648e-06 1.09351e-05 1.43134e-05 1.71828e-05 1.90361e-05 1.95679e-05 1.8758e-05 1.68637e-05 1.43357e-05 1.16945e-05 9.41611e-06 7.85663e-06 7.22147e-06 7.55039e-06 8.68237e-06 1.02209e-05 1.15984e-05 1.22244e-05 1.15534e-05 9.31563e-06 6.08331e-06 3.123e-06 1.26774e-06 4.23014e-07 1.22022e-07 3.13387e-08 7.13634e-09 1.40438e-09 2.28393e-10 2.77728e-11 1.81035e-12 0 
0 2.9234e-10 2.49593e-09 1.11942e-08 3.68686e-08 9.88564e-08 2.25836e-07 4.50566e-07 7.97477e-07 1.26641e-06 1.82049e-06 2.38647e-06 2.87094e-06 3.18707e-06 3.28135e-06 3.14933e-06 2.83508e-06 2.41629e-06 1.98223e-06 1.61326e-06 1.36755e-06 1.27504e-06 1.33423e-06 1.50671e-06 1.71319e-06 1.8465e-06 1.81139e-06 1.57181e-06 1.17604e-06 7.41431e-07 3.88932e-07 1.70476e-07 6.352e-08 2.04786e-08 5.7562e-09 1.40438e-09 2.92503e-10 5.00379e-11 6.37414e-12 4.33648e-13 0 
0 4.69329e-11 3.88915e-10 1.69632e-09 5.44917e-09 1.43012e-08 3.2102e-08 6.31751e-08 1.10696e-07 1.74581e-07 2.49892e-07 3.26843e-07 3.92884e-07 4.36262e-07 4.49661e-07 4.32422e-07 3.90536e-07 3.34626e-07 2.76918e-07 2.2837e-07 1.96734e-07 1.85562e-07 1.93655e-07 2.14562e-07 2.36796e-07 2.46431e-07 2.32845e-07 1.94805e-07 1.41853e-07 8.88824e-08 4.76709e-08 2.19126e-08 8.67948e-09 2.97859e-09 8.87248e-10 2.28393e-10 5.00379e-11 8.98129e-12 1.19718e-12 8.4978e-14 0 
0 5.70881e-12 4.59748e-11 1.95227e-10 6.12088e-10 1.57255e-09 3.46673e-09 6.72242e-09 1.16433e-08 1.82041e-08 2.58976e-08 3.37384e-08 4.04689e-08 4.49111e-08 4.63302e-08 4.4659e-08 4.05023e-08 3.49372e-08 2.92077e-08 2.44273e-08 2.13674e-08 2.03378e-08 2.11245e-08 2.29754e-08 2.47018e-08 2.50131e-08 2.30707e-08 1.89634e-08 1.36981e-08 8.62297e-09 4.71203e-09 2.23416e-09 9.20524e-10 3.30101e-10 1.02962e-10 2.77728e-11 6.37414e-12 1.19718e-12 1.66689e-13 1.23318e-14 0 
0 3.75966e-13 2.94711e-12 1.22016e-11 3.73812e-11 9.40906e-11 2.03798e-10 3.89407e-10 6.66477e-10 1.03244e-09 1.4588e-09 1.89168e-09 2.26294e-09 2.50901e-09 2.59027e-09 2.50321e-09 2.28081e-09 1.98195e-09 1.67484e-09 1.4204e-09 1.25987e-09 1.20736e-09 1.24662e-09 1.33234e-09 1.39969e-09 1.38503e-09 1.25355e-09 1.01804e-09 7.32887e-10 4.64243e-10 2.57756e-10 1.25258e-10 5.32679e-11 1.98176e-11 6.4348e-12 1.81035e-12 4.33648e-13 8.4978e-14 1.23318e-14 9.49392e-16 0 
0 0 0 0 0 0 0 0 0 0 0 0 0 0 0 0 0 0 0 0 0 0 0 0 0 0 0 0 0 0 0 0 0 0 0 0 0 0 0 0 0 
