0 0 0 0 0 0 0 0 0 0 0 0 0 0 0 0 0 0 0 0 0 0 0 0 0 0 0 0 0 0 0 0 0 0 0 0 0 0 0 0 0 
0 4.47671e-07 3.97521e-06 1.74078e-05 5.21949e-05 0.000119664 0.000223663 0.000357579 0.000507605 0.000658027 0.000794878 0.000907432 0.000988427 0.00103381 0.00104239 0.00101547 0.000956485 0.000870664 0.00076461 0.00064592 0.00052272 0.00040307 0.000294233 0.00020182 0.000129033 7.62713e-05 4.13686e-05 2.04612e-05 9.18879e-06 3.73813e-06 1.37674e-06 4.59189e-07 1.38727e-07 3.792e-08 9.34012e-09 2.05338e-09 3.94932e-10 6.36828e-11 7.77383e-12 5.13434e-13 0 
0 3.97521e-06 3.60012e-05 0.000154714 0.000435228 0.000905469 0.0015184 0.00219498 0.00286799 0.00349084 0.00403065 0.00446265 0.00476881 0.00493844 0.00496886 0.00486538 0.00464039 0.00431172 0.00390066 0.00342999 0.00292257 0.00240081 0.00188719 0.00140511 0.000978375 0.000628004 0.000366331 0.000191876 8.95417e-05 3.71293e-05 1.37028e-05 4.51918e-06 1.33752e-06 3.56077e-07 8.51483e-08 1.81494e-08 3.38418e-09 5.29447e-10 6.27851e-11 4.03468e-12 0 
0 1.74078e-05 0.000154714 0.000614113 0.00151986 0.00276345 0.00416376 0.00560666 0.0070218 0.00834384 0.00950588 0.0104467 0.0111186 0.0114922 0.0115585 0.0113288 0.0108318 0.0101104 0.00921591 0.00820356 0.00712659 0.00603172 0.00495606 0.00392704 0.00296695 0.00210118 0.00136404 0.000792142 0.000403062 0.000177649 6.78036e-05 2.25872e-05 6.63731e-06 1.73518e-06 4.04921e-07 8.39735e-08 1.52193e-08 2.31499e-09 2.67187e-10 1.6735e-11 0 
0 5.21949e-05 0.000435228 0.00151986 0.00327238 0.00539946 0.0077376 0.0101925 0.0126481 0.0149686 0.0170196 0.0186846 0.0198751 0.0205372 0.0206545 0.0202468 0.0193655 0.0180871 0.0165047 0.0147187 0.0128282 0.0109236 0.00907944 0.00734993 0.00576572 0.00433753 0.00307053 0.00198678 0.00113402 0.000553224 0.000227102 7.87586e-05 2.34469e-05 6.09612e-06 1.39945e-06 2.83887e-07 5.02068e-08 7.44816e-09 8.38852e-10 5.13289e-11 0 
0 0.000119664 0.000905469 0.00276345 0.00539946 0.00853682 0.0120605 0.015813 0.0195862 0.0231578 0.0263168 0.0288819 0.0307161 0.0317362 0.0319169 0.0312884 0.0299302 0.0279605 0.0255228 0.0227723 0.0198628 0.0169355 0.0141099 0.0114781 0.00910015 0.00700166 0.00517527 0.00359825 0.00227028 0.0012407 0.000563987 0.000210031 6.48829e-05 1.70448e-05 3.8881e-06 7.76674e-07 1.34681e-07 1.95595e-08 2.15639e-09 1.29259e-10 0 
0 0.000223663 0.0015184 0.00416376 0.0077376 0.0120605 0.0169749 0.0222258 0.02751 0.0325133 0.036939 0.0405331 0.0431048 0.0445375 0.0447916 0.043908 0.0420024 0.0392417 0.0358263 0.0319731 0.0278979 0.0237987 0.0198441 0.0161655 0.0128534 0.0099561 0.00747827 0.0053841 0.00362044 0.00217229 0.00109812 0.000448097 0.000146828 3.9622e-05 9.07957e-06 1.79899e-06 3.07474e-07 4.38929e-08 4.75307e-09 2.79926e-10 0 
0 0.000357579 0.00219498 0.00560666 0.0101925 0.015813 0.0222258 0.0290823 0.0359834 0.0425184 0.0483065 0.0530799 0.0567725 0.0591207 0.059576 0.0580641 0.0551343 0.0513438 0.0468493 0.0418134 0.036491 0.0311379 0.0259745 0.0211732 0.0168538 0.0130844 0.00988305 0.00721896 0.00501842 0.00320371 0.00176986 0.000793421 0.000279571 7.85846e-05 1.8276e-05 3.61709e-06 6.12452e-07 8.62894e-08 9.20949e-09 5.34498e-10 0 
0 0.000507605 0.00286799 0.0070218 0.0126481 0.0195862 0.02751 0.0359834 0.0445129 0.0526098 0.0601322 0.0678828 0.0744428 0.0779646 0.0785958 0.0765527 0.0716726 0.0648026 0.0581186 0.0517313 0.0451417 0.0385259 0.0321453 0.0262129 0.0208775 0.0162248 0.0122824 0.00902455 0.00637407 0.00421945 0.00248461 0.00120923 0.000459394 0.000135649 3.22704e-05 6.41779e-06 1.08148e-06 1.50951e-07 1.59305e-08 9.13781e-10 0 
0 0.000658027 0.00349084 0.00834384 0.0149686 0.0231578 0.0325133 0.0425184 0.0526098 0.0626996 0.0744767 0.0834771 0.0878645 0.0898558 0.0902372 0.0891515 0.0863084 0.0806083 0.0708991 0.0613825 0.0533488 0.045523 0.0379892 0.0309854 0.0246871 0.0191964 0.0145478 0.0107173 0.00762694 0.00515093 0.00316283 0.00164095 0.000667533 0.00020743 5.07003e-05 1.01749e-05 1.71267e-06 2.37592e-07 2.48667e-08 1.41353e-09 0 
0 0.000794878 0.00403065 0.00950588 0.0170196 0.0263168 0.036939 0.0483065 0.0601322 0.0744767 0.0858475 0.0912835 0.0942187 0.095666 0.0959678 0.0951999 0.0932414 0.0896695 0.0832647 0.0718018 0.0608023 0.0517219 0.0431598 0.0352078 0.0280575 0.0218248 0.0165499 0.0122086 0.00872081 0.00595428 0.00375286 0.00203851 0.000877056 0.000285615 7.1762e-05 1.45637e-05 2.45481e-06 3.39343e-07 3.53122e-08 1.99409e-09 0 
0 0.000907432 0.00446265 0.0104467 0.0186846 0.0288819 0.0405331 0.0530799 0.0678828 0.0834771 0.0912835 0.0954622 0.0978757 0.0991079 0.0993783 0.0987414 0.0971244 0.0942797 0.0895645 0.0810736 0.0678184 0.056819 0.0473613 0.0386377 0.0307952 0.0239597 0.0181756 0.0134179 0.00960349 0.0065962 0.00422346 0.00236602 0.00106154 0.000359261 9.25135e-05 1.89859e-05 3.20894e-06 4.42871e-07 4.59181e-08 2.58148e-09 0 
0 0.000988427 0.00476881 0.0111186 0.0198751 0.0307161 0.0431048 0.0567725 0.0744428 0.0878645 0.0942187 0.0978757 0.100055 0.101186 0.101442 0.100868 0.0994105 0.0968834 0.092837 0.0860581 0.0737479 0.0606565 0.0503732 0.0410921 0.0327543 0.0254875 0.0193389 0.0142828 0.0102333 0.00705148 0.00455601 0.0026017 0.00120061 0.000417798 0.000109648 2.27138e-05 3.8506e-06 5.31254e-07 5.49772e-08 3.08283e-09 0 
0 0.00103381 0.00493844 0.0114922 0.0205372 0.0317362 0.0445375 0.0591207 0.0779646 0.0898558 0.095666 0.0991079 0.101186 0.102273 0.102524 0.101978 0.10059 0.0981984 0.0944236 0.0882897 0.0770822 0.0629854 0.0520581 0.0424596 0.0338461 0.0263391 0.0199876 0.0147651 0.0105845 0.00730483 0.00474108 0.00273471 0.00128182 0.000453381 0.000120393 2.50969e-05 4.26537e-06 5.88773e-07 6.09009e-08 3.41194e-09 0 
0 0.00104239 0.00496886 0.0115585 0.0206545 0.0319169 0.0447916 0.059576 0.0785958 0.0902372 0.0959678 0.0993783 0.101442 0.102524 0.102773 0.102232 0.100854 0.0984826 0.0947481 0.0887088 0.0776935 0.0634296 0.0523622 0.0427061 0.0340434 0.0264934 0.0201057 0.0148535 0.0106494 0.00735259 0.0047774 0.00276268 0.00130036 0.000462138 0.0001232 2.57492e-05 4.38338e-06 6.05714e-07 6.27032e-08 3.5153e-09 0 
0 0.00101547 0.00486538 0.0113288 0.0202468 0.0312884 0.043908 0.0580641 0.0765527 0.0891515 0.0951999 0.0987414 0.100868 0.101978 0.102232 0.101673 0.100252 0.0977971 0.0938999 0.0874875 0.0757286 0.0619628 0.0513313 0.0418721 0.0333786 0.0259759 0.0197126 0.0145623 0.010439 0.00720303 0.00467149 0.00269009 0.0012582 0.000444431 0.000118051 2.4649e-05 4.19926e-06 5.81235e-07 6.02952e-08 3.38808e-09 0 
0 0.000956485 0.00464039 0.0108318 0.0193655 0.0299302 0.0420024 0.0551343 0.0716726 0.0863084 0.0932414 0.0971244 0.0994105 0.10059 0.100854 0.100252 0.0987219 0.0960548 0.0917276 0.0842652 0.0712256 0.0590035 0.0491066 0.040064 0.0319368 0.024853 0.018859 0.0139294 0.00998048 0.00687531 0.00443691 0.00252746 0.00116321 0.000404457 0.000106365 2.21261e-05 3.77092e-06 5.23296e-07 5.44838e-08 3.07432e-09 0 
0 0.000870664 0.00431172 0.0101104 0.0180871 0.0279605 0.0392417 0.0513438 0.0648026 0.0806083 0.0896695 0.0942797 0.0968834 0.0981984 0.0984826 0.0977971 0.0960548 0.0929568 0.0876976 0.0779285 0.0651338 0.0550087 0.0458873 0.0374399 0.0298442 0.0232233 0.0176202 0.0130108 0.00931416 0.00639731 0.00409355 0.00229118 0.00102854 0.000349419 9.06007e-05 1.87548e-05 3.19983e-06 4.45941e-07 4.67008e-08 2.65248e-09 0 
0 0.00076461 0.00390066 0.00921591 0.0165047 0.0255228 0.0358263 0.0468493 0.0581186 0.0708991 0.0832647 0.0895645 0.092837 0.0944236 0.0947481 0.0938999 0.0917276 0.0876976 0.0801955 0.0687064 0.0589116 0.0502076 0.0419064 0.0341919 0.0272546 0.0212069 0.016088 0.0118746 0.00848915 0.00580355 0.00366752 0.0020042 0.000872023 0.000288386 7.36828e-05 1.51996e-05 2.60233e-06 3.65262e-07 3.85914e-08 2.21294e-09 0 
0 0.00064592 0.00342999 0.00820356 0.0147187 0.0227723 0.0319731 0.0418134 0.0517313 0.0613825 0.0718018 0.0810736 0.0860581 0.0882897 0.0887088 0.0874875 0.0842652 0.0779285 0.0687064 0.0602833 0.052512 0.0448236 0.0374158 0.0305283 0.0243344 0.0189342 0.0143621 0.0105955 0.00755963 0.00513431 0.0031932 0.00169773 0.000715407 0.000230968 5.84207e-05 1.20674e-05 2.08259e-06 2.95582e-07 3.16178e-08 1.83599e-09 0 
0 0.00052272 0.00292257 0.00712659 0.0128282 0.0198628 0.0278979 0.036491 0.0451417 0.0533488 0.0608023 0.0678184 0.0737479 0.0770822 0.0776935 0.0757286 0.0712256 0.0651338 0.0589116 0.052512 0.0458381 0.0391336 0.0326674 0.0266555 0.0212489 0.0165349 0.0125425 0.00924898 0.00658374 0.00443956 0.00271925 0.00141352 0.000582804 0.000185973 4.70659e-05 9.80924e-06 1.71496e-06 2.46887e-07 2.67814e-08 1.57563e-09 0 
0 0.00040307 0.00240081 0.00603172 0.0109236 0.0169355 0.0237987 0.0311379 0.0385259 0.045523 0.0517219 0.056819 0.0606565 0.0629854 0.0634296 0.0619628 0.0590035 0.0550087 0.0502076 0.0448236 0.0391336 0.0334114 0.027893 0.0227631 0.0181508 0.014131 0.0107277 0.00791801 0.0056368 0.0037947 0.00231768 0.00120301 0.000497601 0.000160223 4.10694e-05 8.67694e-06 1.53639e-06 2.23633e-07 2.44822e-08 1.45093e-09 0 
0 0.000294233 0.00188719 0.00495606 0.00907944 0.0141099 0.0198441 0.0259745 0.0321453 0.0379892 0.0431598 0.0473613 0.0503732 0.0520581 0.0523622 0.0513313 0.0491066 0.0458873 0.0419064 0.0374158 0.0326674 0.027893 0.0232901 0.019014 0.0151769 0.0118516 0.00906632 0.00678391 0.0049108 0.0033601 0.002093 0.00111743 0.000476991 0.000157473 4.09614e-05 8.70929e-06 1.54393e-06 2.24328e-07 2.44715e-08 1.44358e-09 0 
0 0.00020182 0.00140511 0.00392704 0.00734993 0.0114781 0.0161655 0.0211732 0.0262129 0.0309854 0.0352078 0.0386377 0.0410921 0.0424596 0.0427061 0.0418721 0.040064 0.0374399 0.0341919 0.0305283 0.0266555 0.0227631 0.019014 0.0155437 0.0124805 0.00997202 0.00810772 0.00670079 0.00531554 0.00376443 0.00231213 0.00122374 0.000530882 0.000177899 4.62238e-05 9.70554e-06 1.69136e-06 2.4136e-07 2.58734e-08 1.50138e-09 0 
0 0.000129033 0.000978375 0.00296695 0.00576572 0.00910015 0.0128534 0.0168538 0.0208775 0.0246871 0.0280575 0.0307952 0.0327543 0.0338461 0.0340434 0.0333786 0.0319368 0.0298442 0.0272546 0.0243344 0.0212489 0.0181508 0.0151769 0.0124805 0.0103606 0.00940256 0.0100342 0.0112751 0.0108402 0.0079094 0.00430464 0.00186952 0.000704973 0.000222221 5.54265e-05 1.12028e-05 1.8876e-06 2.616e-07 2.73317e-08 1.55039e-09 0 
0 7.62713e-05 0.000628004 0.00210118 0.00433753 0.00700166 0.0099561 0.0130844 0.0162248 0.0191964 0.0218248 0.0239597 0.0254875 0.0263391 0.0264934 0.0259759 0.024853 0.0232233 0.0212069 0.0189342 0.0165349 0.014131 0.0118516 0.00997202 0.00940256 0.012229 0.0200419 0.0342203 0.0413919 0.0233565 0.0116551 0.00418382 0.00119116 0.000303824 6.71214e-05 1.2557e-05 2.01272e-06 2.69448e-07 2.7395e-08 1.51865e-09 0 
0 4.13686e-05 0.000366331 0.00136404 0.00307053 0.00517527 0.00747827 0.00988305 0.0122824 0.0145478 0.0165499 0.0181756 0.0193389 0.0199876 0.0201057 0.0197126 0.018859 0.0176202 0.016088 0.0143621 0.0125425 0.0107277 0.00906632 0.00810772 0.0100342 0.0200419 0.0491427 0.0774372 0.0795358 0.0690069 0.0274216 0.00912545 0.00219772 0.000438504 7.95727e-05 1.31156e-05 1.96149e-06 2.53088e-07 2.51191e-08 1.36631e-09 0 
0 2.04612e-05 0.000191876 0.000792142 0.00198678 0.00359825 0.0053841 0.00721896 0.00902455 0.0107173 0.0122086 0.0134179 0.0142828 0.0147651 0.0148535 0.0145623 0.0139294 0.0130108 0.0118746 0.0105955 0.00924898 0.00791801 0.00678391 0.00670079 0.0112751 0.0342203 0.0774372 0.0854002 0.0863232 0.0820686 0.0595012 0.0147097 0.00333402 0.000574623 8.66712e-05 1.2307e-05 1.69451e-06 2.10991e-07 2.05753e-08 1.10565e-09 0 
0 9.18879e-06 8.95417e-05 0.000403062 0.00113402 0.00227028 0.00362044 0.00501842 0.00637407 0.00762694 0.00872081 0.00960349 0.0102333 0.0105845 0.0106494 0.010439 0.00998048 0.00931416 0.00848915 0.00755963 0.00658374 0.0056368 0.0049108 0.00531554 0.0108402 0.0413919 0.0795358 0.0863232 0.08725 0.0838845 0.0689335 0.0166018 0.00360665 0.000584407 7.85067e-05 9.87522e-06 1.26409e-06 1.53307e-07 1.48308e-08 7.94179e-10 0 
0 3.73813e-06 3.71293e-05 0.000177649 0.000553224 0.0012407 0.00217229 0.00320371 0.00421945 0.00515093 0.00595428 0.0065962 0.00705148 0.00730483 0.00735259 0.00720303 0.00687531 0.00639731 0.00580355 0.00513431 0.00443956 0.0037947 0.0033601 0.00376443 0.0079094 0.0233565 0.0690069 0.0820686 0.0838845 0.0784219 0.043527 0.0119996 0.00266553 0.000425485 5.44092e-05 6.43644e-06 7.95785e-07 9.59401e-08 9.32373e-09 5.02348e-10 0 
0 1.37674e-06 1.37028e-05 6.78036e-05 0.000227102 0.000563987 0.00109812 0.00176986 0.00248461 0.00316283 0.00375286 0.00422346 0.00455601 0.00474108 0.0047774 0.00467149 0.00443691 0.00409355 0.00366752 0.0031932 0.00271925 0.00231768 0.002093 0.00231213 0.00430464 0.0116551 0.0274216 0.0595012 0.0689335 0.043527 0.0180289 0.0059483 0.00133557 0.0002162 2.77261e-05 3.30799e-06 4.17471e-07 5.14277e-08 5.09083e-09 2.78652e-10 0 
0 4.59189e-07 4.51918e-06 2.25872e-05 7.87586e-05 0.000210031 0.000448097 0.000793421 0.00120923 0.00164095 0.00203851 0.00236602 0.0026017 0.00273471 0.00276268 0.00269009 0.00252746 0.00229118 0.0020042 0.00169773 0.00141352 0.00120301 0.00111743 0.00122374 0.00186952 0.00418382 0.00912545 0.0147097 0.0166018 0.0119996 0.0059483 0.00198572 0.000458355 7.70458e-05 1.04207e-05 1.3478e-06 1.832e-07 2.36367e-08 2.41257e-09 1.35328e-10 0 
0 1.38727e-07 1.33752e-06 6.63731e-06 2.34469e-05 6.48829e-05 0.000146828 0.000279571 0.000459394 0.000667533 0.000877056 0.00106154 0.00120061 0.00128182 0.00130036 0.0012582 0.00116321 0.00102854 0.000872023 0.000715407 0.000582804 0.000497601 0.000476991 0.000530882 0.000704973 0.00119116 0.00219772 0.00333402 0.00360665 0.00266553 0.00133557 0.000458355 0.000110683 1.99193e-05 3.02437e-06 4.52023e-07 6.83659e-08 9.36303e-09 9.93727e-10 5.75258e-11 0 
0 3.792e-08 3.56077e-07 1.73518e-06 6.09612e-06 1.70448e-05 3.9622e-05 7.85846e-05 0.000135649 0.00020743 0.000285615 0.000359261 0.000417798 0.000453381 0.000462138 0.000444431 0.000404457 0.000349419 0.000288386 0.000230968 0.000185973 0.000160223 0.000157473 0.000177899 0.000222221 0.000303824 0.000438504 0.000574623 0.000584407 0.000425485 0.0002162 7.70458e-05 1.99193e-05 4.05265e-06 7.37227e-07 1.30999e-07 2.20677e-08 3.21343e-09 3.56283e-10 2.13956e-11 0 
0 9.34012e-09 8.51483e-08 4.04921e-07 1.39945e-06 3.8881e-06 9.07957e-06 1.8276e-05 3.22704e-05 5.07003e-05 7.1762e-05 9.25135e-05 0.000109648 0.000120393 0.0001232 0.000118051 0.000106365 9.06007e-05 7.36828e-05 5.84207e-05 4.70659e-05 4.10694e-05 4.09614e-05 4.62238e-05 5.54265e-05 6.71214e-05 7.95727e-05 8.66712e-05 7.85067e-05 5.44092e-05 2.77261e-05 1.04207e-05 3.02437e-06 7.37227e-07 1.63693e-07 3.37427e-08 6.2071e-09 9.57247e-10 1.11115e-10 6.94589e-12 0 
0 2.05338e-09 1.81494e-08 8.39735e-08 2.83887e-07 7.76674e-07 1.79899e-06 3.61709e-06 6.41779e-06 1.01749e-05 1.45637e-05 1.89859e-05 2.27138e-05 2.50969e-05 2.57492e-05 2.4649e-05 2.21261e-05 1.87548e-05 1.51996e-05 1.20674e-05 9.80924e-06 8.67694e-06 8.70929e-06 9.70554e-06 1.12028e-05 1.2557e-05 1.31156e-05 1.2307e-05 9.87522e-06 6.43644e-06 3.30799e-06 1.3478e-06 4.52023e-07 1.30999e-07 3.37427e-08 7.69389e-09 1.51486e-09 2.46419e-10 2.99701e-11 1.95391e-12 0 
0 3.94932e-10 3.38418e-09 1.52193e-08 5.02068e-08 1.34681e-07 3.07474e-07 6.12452e-07 1.08148e-06 1.71267e-06 2.45481e-06 3.20894e-06 3.8506e-06 4.26537e-06 4.38338e-06 4.19926e-06 3.77092e-06 3.19983e-06 2.60233e-06 2.08259e-06 1.71496e-06 1.53639e-06 1.54393e-06 1.69136e-06 1.8876e-06 2.01272e-06 1.96149e-06 1.69451e-06 1.26409e-06 7.95785e-07 4.17471e-07 1.832e-07 6.83659e-08 2.20677e-08 6.2071e-09 1.51486e-09 3.15563e-10 5.39893e-11 6.8783e-12 4.68006e-13 0 
0 6.36828e-11 5.29447e-10 2.31499e-09 7.44816e-09 1.95595e-08 4.38929e-08 8.62894e-08 1.50951e-07 2.37592e-07 3.39343e-07 4.42871e-07 5.31254e-07 5.88773e-07 6.05714e-07 5.81235e-07 5.23296e-07 4.45941e-07 3.65262e-07 2.95582e-07 2.46887e-07 2.23633e-07 2.24328e-07 2.4136e-07 2.616e-07 2.69448e-07 2.53088e-07 2.10991e-07 1.53307e-07 9.59401e-08 5.14277e-08 2.36367e-08 9.36303e-09 3.21343e-09 9.57247e-10 2.46419e-10 5.39893e-11 9.69105e-12 1.29188e-12 9.17085e-14 0 
0 7.77383e-12 6.27851e-11 2.67187e-10 8.38852e-10 2.15639e-09 4.75307e-09 9.20949e-09 1.59305e-08 2.48667e-08 3.53122e-08 4.59181e-08 5.49772e-08 6.09009e-08 6.27032e-08 6.02952e-08 5.44838e-08 4.67008e-08 3.85914e-08 3.16178e-08 2.67814e-08 2.44822e-08 2.44715e-08 2.58734e-08 2.73317e-08 2.7395e-08 2.51191e-08 2.05753e-08 1.48308e-08 9.32373e-09 5.09083e-09 2.41257e-09 9.93727e-10 3.56283e-10 1.11115e-10 2.99701e-11 6.8783e-12 1.29188e-12 1.79882e-13 1.33086e-14 0 
0 5.13434e-13 4.03468e-12 1.6735e-11 5.13289e-11 1.29259e-10 2.79926e-10 5.34498e-10 9.13781e-10 1.41353e-09 1.99409e-09 2.58148e-09 3.08283e-09 3.41194e-09 3.5153e-09 3.38808e-09 3.07432e-09 2.65248e-09 2.21294e-09 1.83599e-09 1.57563e-09 1.45093e-09 1.44358e-09 1.50138e-09 1.55039e-09 1.51865e-09 1.36631e-09 1.10565e-09 7.94179e-10 5.02348e-10 2.78652e-10 1.35328e-10 5.75258e-11 2.13956e-11 6.94589e-12 1.95391e-12 4.68006e-13 9.17085e-14 1.33086e-14 1.02462e-15 0 
0 0 0 0 0 0 0 0 0 0 0 0 0 0 0 0 0 0 0 0 0 0 0 0 0 0 0 0 0 0 0 0 0 0 0 0 0 0 0 0 0 
