0 0 0 0 0 0 0 0 0 0 0 0 0 0 0 0 0 0 0 0 0 0 0 0 0 0 0 0 0 0 0 0 0 0 0 0 0 0 0 0 0 
0 4.77543e-07 4.23259e-06 1.84687e-05 5.50925e-05 0.000125553 0.000233273 0.000370961 0.000524293 0.000677338 0.000816124 0.000930011 0.00101184 0.00105763 0.00106625 0.00103902 0.000979409 0.000892622 0.000785251 0.000664881 0.000539634 0.000417613 0.000306172 0.00021108 0.00013574 8.07541e-05 4.41024e-05 2.1968e-05 9.93438e-06 4.06815e-06 1.50732e-06 5.05426e-07 1.534e-07 4.20948e-08 1.04023e-08 2.29305e-09 4.41996e-10 7.13986e-11 8.72819e-12 5.7713e-13 0 
0 4.23259e-06 3.82171e-05 0.000163266 0.000455515 0.000939423 0.00156347 0.00224731 0.00292482 0.00355079 0.00409302 0.00452694 0.00483448 0.00500484 0.00503529 0.00493119 0.004705 0.00437472 0.00396176 0.00348902 0.00297927 0.0024547 0.00193735 0.00145007 0.00101638 0.00065757 0.000387012 0.000204631 9.63908e-05 4.0318e-05 1.49936e-05 4.9768e-06 1.48073e-06 3.95876e-07 9.49841e-08 2.02997e-08 3.79302e-09 5.94373e-10 7.0574e-11 4.5397e-12 0 
0 1.84687e-05 0.000163266 0.000641888 0.00157099 0.00283037 0.00423947 0.00568939 0.00711213 0.0084422 0.00961186 0.0105591 0.0112357 0.0116118 0.0116784 0.0114469 0.0109463 0.0102197 0.00931915 0.00830028 0.00721697 0.00611651 0.00503635 0.00400368 0.00303969 0.00216778 0.00142039 0.000834187 0.00042968 0.000191652 7.39218e-05 2.48375e-05 7.34713e-06 1.93036e-06 4.52148e-07 9.40267e-08 1.70764e-08 2.60144e-09 3.00591e-10 1.88434e-11 0 
0 5.50925e-05 0.000455515 0.00157099 0.00334598 0.005486 0.00783756 0.0103089 0.0127823 0.0151201 0.0171866 0.0188641 0.0200634 0.0207304 0.0208484 0.0204374 0.0195493 0.0182611 0.0166668 0.0148674 0.0129631 0.0110451 0.0091889 0.00744963 0.00585855 0.00442592 0.00315437 0.00206157 0.0011922 0.000590235 0.000245747 8.62393e-05 2.59049e-05 6.77832e-06 1.56299e-06 3.18041e-07 5.63683e-08 8.37484e-09 9.44232e-10 5.78218e-11 0 
0 0.000125553 0.000939423 0.00283037 0.005486 0.00864327 0.0121925 0.0159737 0.0197761 0.0233753 0.0265585 0.0291431 0.0309911 0.0320189 0.0322006 0.0315671 0.0301983 0.0282134 0.025757 0.0229855 0.020054 0.0171047 0.0142582 0.0116077 0.00921449 0.00710508 0.00527236 0.00369106 0.00235447 0.00130607 0.000603758 0.000228352 7.14022e-05 1.89171e-05 4.33951e-06 8.70028e-07 1.51231e-07 2.19979e-08 2.4278e-09 1.45634e-10 0 
0 0.000233273 0.00156347 0.00423947 0.00783756 0.0121925 0.0171453 0.0224375 0.0277629 0.0328049 0.0372646 0.0408863 0.0434782 0.0449237 0.0451801 0.0442875 0.0423655 0.0395832 0.0361415 0.0322588 0.0281525 0.0240221 0.0200376 0.0163315 0.0129954 0.0100786 0.0075871 0.00548549 0.00371732 0.00225887 0.00116157 0.000482712 0.000160644 4.38358e-05 1.0118e-05 2.0138e-06 3.45151e-07 4.9358e-08 5.35086e-09 3.15364e-10 0 
0 0.000370961 0.00224731 0.00568939 0.0103089 0.0159737 0.0224375 0.0293479 0.0363029 0.0428884 0.0487243 0.0535836 0.0575188 0.0601324 0.0606481 0.0589566 0.0557439 0.0517989 0.0472513 0.0421755 0.0368125 0.0314187 0.026216 0.0213782 0.0170264 0.0132295 0.0100067 0.00732849 0.00512101 0.00330099 0.00185185 0.000846281 0.000303728 8.65768e-05 2.03198e-05 4.04403e-06 6.87023e-07 9.69897e-08 1.03642e-08 6.01984e-10 0 
0 0.000524293 0.00292482 0.00711213 0.0127823 0.0197761 0.0277629 0.0363029 0.0448987 0.0530675 0.0608872 0.0694423 0.0762645 0.0796565 0.0802556 0.0783444 0.0734856 0.0660445 0.0587092 0.0521746 0.0455298 0.0388636 0.0324345 0.026457 0.0210811 0.0163936 0.0124228 0.00914402 0.00648133 0.00432122 0.00257754 0.00127799 0.000495395 0.000148726 3.57789e-05 7.16383e-06 1.21197e-06 1.69554e-07 1.79183e-08 1.02868e-09 0 
0 0.000677338 0.00355079 0.0084422 0.0151201 0.0233753 0.0328049 0.0428884 0.0530675 0.0635907 0.0763258 0.0846888 0.0886188 0.0904349 0.0907912 0.0898105 0.087252 0.0821716 0.0725508 0.0620573 0.0538053 0.045914 0.038323 0.0312659 0.0249199 0.0193877 0.0147046 0.0108474 0.0077395 0.00525508 0.00326106 0.00172111 0.000714854 0.00022631 5.60435e-05 1.13373e-05 1.9171e-06 2.6665e-07 2.79509e-08 1.59034e-09 0 
0 0.000816124 0.00409302 0.00961186 0.0171866 0.0265585 0.0372646 0.0487243 0.0608872 0.0763258 0.0867853 0.0917338 0.0944411 0.0957883 0.0960751 0.0953696 0.0935663 0.0902974 0.0845331 0.0734042 0.0614298 0.052163 0.0435325 0.0355202 0.0283157 0.0220358 0.0167214 0.0123487 0.00883885 0.00606041 0.00385337 0.00212574 0.000933691 0.000310201 7.90933e-05 1.61979e-05 2.74449e-06 3.80504e-07 3.96628e-08 2.24207e-09 0 
0 0.000930011 0.00452694 0.0105591 0.0188641 0.0291431 0.0408863 0.0535836 0.0694423 0.0846888 0.0917338 0.0955917 0.0978433 0.0990004 0.0992594 0.0986698 0.0971671 0.0945319 0.0902055 0.0825254 0.0690221 0.0573321 0.0477657 0.0389756 0.0310738 0.0241865 0.0183589 0.0135662 0.00972633 0.0067041 0.00432489 0.00245717 0.00112491 0.000388711 0.000101702 2.10811e-05 3.58347e-06 4.9615e-07 5.15369e-08 2.90056e-09 0 
0 0.00101184 0.00483448 0.0112357 0.0200634 0.0309911 0.0434782 0.0575188 0.0762645 0.0886188 0.0944411 0.0978433 0.0998863 0.100953 0.101199 0.100666 0.0993059 0.096953 0.0932107 0.0870254 0.0753111 0.0613306 0.0508022 0.0414476 0.033047 0.0257252 0.0195304 0.0144369 0.0103596 0.00716067 0.00465769 0.00269469 0.0012682 0.000450766 0.000120294 2.51852e-05 4.29565e-06 5.94676e-07 6.16597e-08 3.46155e-09 0 
0 0.00105763 0.00500484 0.0116118 0.0207304 0.0320189 0.0449237 0.0601324 0.0796565 0.0904349 0.0957883 0.0990004 0.100953 0.10198 0.10222 0.101713 0.100416 0.0981846 0.0946818 0.0890529 0.0786387 0.0638353 0.0525036 0.0428244 0.0341461 0.0265825 0.0201832 0.0149221 0.0107124 0.00741451 0.00484255 0.00282823 0.00135141 0.000488282 0.000131898 2.77984e-05 4.75433e-06 6.58571e-07 6.82557e-08 3.82848e-09 0 
0 0.00106625 0.00503529 0.0116784 0.0208484 0.0322006 0.0451801 0.0606481 0.0802556 0.0907912 0.0960751 0.0992594 0.101199 0.10222 0.10246 0.101957 0.100669 0.0984559 0.0949889 0.089442 0.079239 0.0643195 0.05281 0.0430714 0.0343436 0.026737 0.0203013 0.0150103 0.0107771 0.00746177 0.00487825 0.00285576 0.00137002 0.000497332 0.000134872 2.85006e-05 4.88246e-06 6.77044e-07 7.02252e-08 3.9415e-09 0 
0 0.00103902 0.00493119 0.0114469 0.0204374 0.0315671 0.0442875 0.0589566 0.0783444 0.0898105 0.0953696 0.0986698 0.100666 0.101713 0.101957 0.101438 0.100111 0.0978228 0.0942119 0.0883426 0.0773258 0.0627294 0.0517654 0.0422295 0.0336725 0.0262143 0.0199041 0.0147161 0.0105644 0.00731069 0.00477121 0.00278182 0.00132613 0.000478347 0.000129209 2.727e-05 4.67435e-06 6.49184e-07 6.74699e-08 3.79524e-09 0 
0 0.000979409 0.004705 0.0109463 0.0195493 0.0301983 0.0423655 0.0557439 0.0734856 0.087252 0.0935663 0.0971671 0.0993059 0.100416 0.100669 0.100111 0.0986859 0.0962082 0.092219 0.085445 0.0726973 0.0595827 0.0495181 0.0404061 0.0322182 0.0250814 0.0190428 0.0140774 0.0101018 0.00698043 0.00453492 0.00261675 0.00122761 0.000435685 0.000116433 2.44677e-05 4.19406e-06 5.83839e-07 6.08893e-08 3.43881e-09 0 
0 0.000892622 0.00437472 0.0102197 0.0182611 0.0282134 0.0395832 0.0517989 0.0660445 0.0821716 0.0902974 0.0945319 0.096953 0.0981846 0.0984559 0.0978228 0.0962082 0.0933493 0.0885444 0.0796034 0.0660624 0.0554771 0.0462713 0.0377604 0.030108 0.0234376 0.0177931 0.0131505 0.00942975 0.00649891 0.00418897 0.00237653 0.00108755 0.000376808 9.91751e-05 2.07212e-05 3.55364e-06 4.96599e-07 5.20765e-08 2.95958e-09 0 
0 0.000785251 0.00396176 0.00931915 0.0166668 0.025757 0.0361415 0.0472513 0.0587092 0.0725508 0.0845331 0.0902055 0.0932107 0.0946818 0.0949889 0.0942119 0.092219 0.0885444 0.0817779 0.0699571 0.0594423 0.0506235 0.0422583 0.034486 0.0274966 0.0214037 0.0162471 0.0120039 0.00859749 0.00590045 0.00375885 0.00208341 0.000923807 0.000311168 8.05777e-05 1.67569e-05 2.88147e-06 4.05303e-07 4.28595e-08 2.45813e-09 0 
0 0.000664881 0.00348902 0.00830028 0.0148674 0.0229855 0.0322588 0.0421755 0.0521746 0.0620573 0.0734042 0.0825254 0.0870254 0.0890529 0.089442 0.0883426 0.085445 0.0796034 0.0699571 0.0608441 0.0529458 0.0451958 0.0377319 0.0307924 0.0245517 0.019111 0.0145053 0.0107125 0.00765907 0.00522463 0.00327776 0.00176789 0.000758416 0.000248884 6.36744e-05 1.32395e-05 2.29239e-06 3.258e-07 3.48595e-08 2.02358e-09 0 
0 0.000539634 0.00297927 0.00721697 0.0129631 0.020054 0.0281525 0.0368125 0.0455298 0.0538053 0.0614298 0.0690221 0.0753111 0.0786387 0.079239 0.0773258 0.0726973 0.0660624 0.0594423 0.0529458 0.0462173 0.0394614 0.0329456 0.0268875 0.0214395 0.0166897 0.0126678 0.00935177 0.00667181 0.00451983 0.00279272 0.00147142 0.000616295 0.000199348 5.09078e-05 1.0662e-05 1.8681e-06 2.69095e-07 2.91837e-08 1.71584e-09 0 
0 0.000417613 0.0024547 0.00611651 0.0110451 0.0171047 0.0240221 0.0314187 0.0388636 0.045914 0.052163 0.0573321 0.0613306 0.0638353 0.0643195 0.0627294 0.0595827 0.0554771 0.0506235 0.0451958 0.0394614 0.0336945 0.0281328 0.0229625 0.0183138 0.0142624 0.0108333 0.00800384 0.00570944 0.00385937 0.00237485 0.0012465 0.00052213 0.00016991 4.38516e-05 9.2979e-06 1.64877e-06 2.40066e-07 2.62742e-08 1.55632e-09 0 
0 0.000306172 0.00193735 0.00503635 0.0091889 0.0142582 0.0200376 0.026216 0.0324345 0.038323 0.0435325 0.0477657 0.0508022 0.0525036 0.05281 0.0517654 0.0495181 0.0462713 0.0422583 0.0377319 0.0329456 0.0281328 0.0234925 0.0191812 0.015312 0.0119589 0.00915055 0.00685021 0.00496412 0.00340481 0.00213134 0.00114711 0.000494445 0.000164634 4.30695e-05 9.18629e-06 1.6309e-06 2.37102e-07 2.58685e-08 1.52591e-09 0 
0 0.00021108 0.00145007 0.00400368 0.00744963 0.0116077 0.0163315 0.0213782 0.026457 0.0312659 0.0355202 0.0389756 0.0414476 0.0428244 0.0430714 0.0422295 0.0404061 0.0377604 0.034486 0.0307924 0.0268875 0.0229625 0.0191812 0.01568 0.0125887 0.0100563 0.00817375 0.0067537 0.00535763 0.00379659 0.00233685 0.00124319 0.000543635 0.000183632 4.79878e-05 1.01098e-05 1.76493e-06 2.52093e-07 2.70379e-08 1.56948e-09 0 
0 0.00013574 0.00101638 0.00303969 0.00585855 0.00921449 0.0129954 0.0170264 0.0210811 0.0249199 0.0283157 0.0310738 0.033047 0.0341461 0.0343436 0.0336725 0.0322182 0.030108 0.0274966 0.0245517 0.0214395 0.0183138 0.015312 0.0125887 0.0104454 0.00947323 0.0101041 0.0113508 0.0109121 0.00796223 0.00433478 0.00188575 0.000715006 0.000227225 5.70536e-05 1.15776e-05 1.95482e-06 2.71216e-07 2.83554e-08 1.60923e-09 0 
0 8.07541e-05 0.00065757 0.00216778 0.00442592 0.00710508 0.0100786 0.0132295 0.0163936 0.0193877 0.0220358 0.0241865 0.0257252 0.0265825 0.026737 0.0262143 0.0250814 0.0234376 0.0214037 0.019111 0.0166897 0.0142624 0.0119589 0.0100563 0.00947323 0.012312 0.0201727 0.0353294 0.0427485 0.0237032 0.0117307 0.00421187 0.00120137 0.000308431 6.86771e-05 1.29146e-05 2.07537e-06 2.78176e-07 2.83018e-08 1.56969e-09 0 
0 4.41024e-05 0.000387012 0.00142039 0.00315437 0.00527236 0.0075871 0.0100067 0.0124228 0.0147046 0.0167214 0.0183589 0.0195304 0.0201832 0.0203013 0.0199041 0.0190428 0.0177931 0.0162471 0.0145053 0.0126678 0.0108333 0.00915055 0.00817375 0.0101041 0.0201727 0.0506056 0.077257 0.0792183 0.0699905 0.0277856 0.00918455 0.00221287 0.000443096 8.10283e-05 1.34434e-05 2.01732e-06 2.60662e-07 2.58883e-08 1.40877e-09 0 
0 2.1968e-05 0.000204631 0.000834187 0.00206157 0.00369106 0.00548549 0.00732849 0.00914402 0.0108474 0.0123487 0.0135662 0.0144369 0.0149221 0.0150103 0.0147161 0.0140774 0.0131505 0.0120039 0.0107125 0.00935177 0.00800384 0.00685021 0.0067537 0.0113508 0.0353294 0.077257 0.0848418 0.0857182 0.081732 0.060842 0.0148167 0.00335594 0.000579457 8.79594e-05 1.25816e-05 1.73979e-06 2.17e-07 2.11755e-08 1.13835e-09 0 
0 9.93438e-06 9.63908e-05 0.00042968 0.0011922 0.00235447 0.00371732 0.00512101 0.00648133 0.0077395 0.00883885 0.00972633 0.0103596 0.0107124 0.0107771 0.0105644 0.0101018 0.00942975 0.00859749 0.00765907 0.00667181 0.00570944 0.00496412 0.00535763 0.0109121 0.0427485 0.0792183 0.0857182 0.0866132 0.0834351 0.0698556 0.0169274 0.00363015 0.000588959 7.95349e-05 1.00779e-05 1.29644e-06 1.57539e-07 1.52505e-08 8.16931e-10 0 
0 4.06815e-06 4.0318e-05 0.000191652 0.000590235 0.00130607 0.00225887 0.00330099 0.00432122 0.00525508 0.00606041 0.0067041 0.00716067 0.00741451 0.00746177 0.00731069 0.00698043 0.00649891 0.00590045 0.00522463 0.00451983 0.00385937 0.00340481 0.00379659 0.00796223 0.0237032 0.0699905 0.081732 0.0834351 0.0781177 0.044744 0.0120769 0.00268297 0.000428835 5.5102e-05 6.56406e-06 8.15709e-07 9.85409e-08 9.58257e-09 5.16445e-10 0 
0 1.50732e-06 1.49936e-05 7.39218e-05 0.000245747 0.000603758 0.00116157 0.00185185 0.00257754 0.00326106 0.00385337 0.00432489 0.00465769 0.00484255 0.00487825 0.00477121 0.00453492 0.00418897 0.00375885 0.00327776 0.00279272 0.00237485 0.00213134 0.00233685 0.00433478 0.0117307 0.0277856 0.060842 0.0698556 0.044744 0.018145 0.0059867 0.00134453 0.000218056 2.8101e-05 3.37493e-06 4.27925e-07 5.281e-08 5.23047e-09 2.86365e-10 0 
0 5.05426e-07 4.9768e-06 2.48375e-05 8.62393e-05 0.000228352 0.000482712 0.000846281 0.00127799 0.00172111 0.00212574 0.00245717 0.00269469 0.00282823 0.00285576 0.00278182 0.00261675 0.00237653 0.00208341 0.00176789 0.00147142 0.0012465 0.00114711 0.00124319 0.00188575 0.00421187 0.00918455 0.0148167 0.0169274 0.0120769 0.0059867 0.00199877 0.000461742 7.78291e-05 1.05814e-05 1.37688e-06 1.87863e-07 2.42706e-08 2.47826e-09 1.39039e-10 0 
0 1.534e-07 1.48073e-06 7.34713e-06 2.59049e-05 7.14022e-05 0.000160644 0.000303728 0.000495395 0.000714854 0.000933691 0.00112491 0.0012682 0.00135141 0.00137002 0.00132613 0.00122761 0.00108755 0.000923807 0.000758416 0.000616295 0.00052213 0.000494445 0.000543635 0.000715006 0.00120137 0.00221287 0.00335594 0.00363015 0.00268297 0.00134453 0.000461742 0.00011171 2.01778e-05 3.07992e-06 4.62603e-07 7.01431e-08 9.61425e-09 1.02066e-09 5.90937e-11 0 
0 4.20948e-08 3.95876e-07 1.93036e-06 6.77832e-06 1.89171e-05 4.38358e-05 8.65768e-05 0.000148726 0.00022631 0.000310201 0.000388711 0.000450766 0.000488282 0.000497332 0.000478347 0.000435685 0.000376808 0.000311168 0.000248884 0.000199348 0.00016991 0.000164634 0.000183632 0.000227225 0.000308431 0.000443096 0.000579457 0.000588959 0.000428835 0.000218056 7.78291e-05 2.01778e-05 4.12221e-06 7.53328e-07 1.34283e-07 2.26509e-08 3.29973e-09 3.65911e-10 2.19763e-11 0 
0 1.04023e-08 9.49841e-08 4.52148e-07 1.56299e-06 4.33951e-06 1.0118e-05 2.03198e-05 3.57789e-05 5.60435e-05 7.90933e-05 0.000101702 0.000120294 0.000131898 0.000134872 0.000129209 0.000116433 9.91751e-05 8.05777e-05 6.36744e-05 5.09078e-05 4.38516e-05 4.30695e-05 4.79878e-05 5.70536e-05 6.86771e-05 8.10283e-05 8.79594e-05 7.95349e-05 5.5102e-05 2.8101e-05 1.05814e-05 3.07992e-06 7.53328e-07 1.67728e-07 3.46242e-08 6.37266e-09 9.82967e-10 1.14113e-10 7.13388e-12 0 
0 2.29305e-09 2.02997e-08 9.40267e-08 3.18041e-07 8.70028e-07 2.0138e-06 4.04403e-06 7.16383e-06 1.13373e-05 1.61979e-05 2.10811e-05 2.51852e-05 2.77984e-05 2.85006e-05 2.727e-05 2.44677e-05 2.07212e-05 1.67569e-05 1.32395e-05 1.0662e-05 9.2979e-06 9.18629e-06 1.01098e-05 1.15776e-05 1.29146e-05 1.34434e-05 1.25816e-05 1.00779e-05 6.56406e-06 3.37493e-06 1.37688e-06 4.62603e-07 1.34283e-07 3.46242e-08 7.89854e-09 1.55544e-09 2.53043e-10 3.07778e-11 2.0067e-12 0 
0 4.41996e-10 3.79302e-09 1.70764e-08 5.63683e-08 1.51231e-07 3.45151e-07 6.87023e-07 1.21197e-06 1.9171e-06 2.74449e-06 3.58347e-06 4.29565e-06 4.75433e-06 4.88246e-06 4.67435e-06 4.19406e-06 3.55364e-06 2.88147e-06 2.29239e-06 1.8681e-06 1.64877e-06 1.6309e-06 1.76493e-06 1.95482e-06 2.07537e-06 2.01732e-06 1.73979e-06 1.29644e-06 8.15709e-07 4.27925e-07 1.87863e-07 7.01431e-08 2.26509e-08 6.37266e-09 1.55544e-09 3.24035e-10 5.54412e-11 7.06361e-12 4.80639e-13 0 
0 7.13986e-11 5.94373e-10 2.60144e-09 8.37484e-09 2.19979e-08 4.9358e-08 9.69897e-08 1.69554e-07 2.6665e-07 3.80504e-07 4.9615e-07 5.94676e-07 6.58571e-07 6.77044e-07 6.49184e-07 5.83839e-07 4.96599e-07 4.05303e-07 3.258e-07 2.69095e-07 2.40066e-07 2.37102e-07 2.52093e-07 2.71216e-07 2.78176e-07 2.60662e-07 2.17e-07 1.57539e-07 9.85409e-08 5.281e-08 2.42706e-08 9.61425e-09 3.29973e-09 9.82967e-10 2.53043e-10 5.54412e-11 9.9519e-12 1.32669e-12 9.41829e-14 0 
0 8.72819e-12 7.0574e-11 3.00591e-10 9.44232e-10 2.4278e-09 5.35086e-09 1.03642e-08 1.79183e-08 2.79509e-08 3.96628e-08 5.15369e-08 6.16597e-08 6.82557e-08 7.02252e-08 6.74699e-08 6.08893e-08 5.20765e-08 4.28595e-08 3.48595e-08 2.91837e-08 2.62742e-08 2.58685e-08 2.70379e-08 2.83554e-08 2.83018e-08 2.58883e-08 2.11755e-08 1.52505e-08 9.58257e-09 5.23047e-09 2.47826e-09 1.02066e-09 3.65911e-10 1.14113e-10 3.07778e-11 7.06361e-12 1.32669e-12 1.84731e-13 1.36677e-14 0 
0 5.7713e-13 4.5397e-12 1.88434e-11 5.78218e-11 1.45634e-10 3.15364e-10 6.01984e-10 1.02868e-09 1.59034e-09 2.24207e-09 2.90056e-09 3.46155e-09 3.82848e-09 3.9415e-09 3.79524e-09 3.43881e-09 2.95958e-09 2.45813e-09 2.02358e-09 1.71584e-09 1.55632e-09 1.52591e-09 1.56948e-09 1.60923e-09 1.56969e-09 1.40877e-09 1.13835e-09 8.16931e-10 5.16445e-10 2.86365e-10 1.39039e-10 5.90937e-11 2.19763e-11 7.13388e-12 2.0067e-12 4.80639e-13 9.41829e-14 1.36677e-14 1.05228e-15 0 
0 0 0 0 0 0 0 0 0 0 0 0 0 0 0 0 0 0 0 0 0 0 0 0 0 0 0 0 0 0 0 0 0 0 0 0 0 0 0 0 0 
