0 0 0 0 0 0 0 0 0 0 0 0 0 0 0 0 0 0 0 0 0 0 0 0 0 0 0 0 0 0 0 0 0 0 0 0 0 0 0 0 0 
0 2.76049e-08 2.55323e-07 1.21225e-06 4.10875e-06 1.0998e-05 2.43745e-05 4.6101e-05 7.62109e-05 0.000112393 0.000150462 0.000185461 0.000212812 0.000229166 0.000232845 0.000223928 0.000204074 0.00017615 0.000143725 0.000110498 7.97184e-05 5.37164e-05 3.3643e-05 1.94968e-05 1.04158e-05 5.11631e-06 2.3076e-06 9.55474e-07 3.63428e-07 1.27131e-07 4.09458e-08 1.21498e-08 3.31994e-09 8.33394e-10 1.91111e-10 3.95883e-11 7.24877e-12 1.12254e-12 1.32558e-13 8.52e-15 0 
0 2.55323e-07 2.45855e-06 1.20297e-05 4.13214e-05 0.000109793 0.000236666 0.000428689 0.000673412 0.000943469 0.00120652 0.00143347 0.00160251 0.00170018 0.00172103 0.0016668 0.00154544 0.00137002 0.00115756 0.000927588 0.000700323 0.000494251 0.0003233 0.000194415 0.000106761 5.33049e-05 2.41606e-05 9.94952e-06 3.73207e-06 1.27927e-06 4.01962e-07 1.16041e-07 3.08026e-08 7.50736e-09 1.67175e-09 3.36497e-10 5.99297e-11 9.03798e-12 1.04076e-12 6.53236e-14 0 
0 1.21225e-06 1.20297e-05 5.95259e-05 0.000200877 0.000507829 0.00101622 0.00169206 0.00245384 0.00321461 0.0039039 0.00447043 0.00487948 0.00511092 0.00515808 0.00502669 0.0047333 0.00430317 0.00376802 0.00316405 0.00253067 0.00190958 0.00134284 0.000867796 0.000508381 0.000267151 0.000125266 5.24374e-05 1.96921e-05 6.67981e-06 2.06056e-06 5.81081e-07 1.50252e-07 3.56262e-08 7.71594e-09 1.5112e-09 2.62114e-10 3.85419e-11 4.33314e-12 2.65898e-13 0 
0 4.10875e-06 4.13214e-05 0.000200877 0.000639042 0.00147255 0.00265944 0.00404727 0.00548454 0.00685611 0.00807316 0.00906489 0.00977829 0.0101805 0.0102605 0.0100285 0.00951369 0.00876011 0.00782143 0.00675579 0.00562139 0.00447419 0.0033688 0.00236166 0.00151081 0.000863651 0.000434052 0.000190539 7.33433e-05 2.50188e-05 7.65595e-06 2.12327e-06 5.37255e-07 1.24343e-07 2.62609e-08 5.01548e-09 8.48826e-10 1.21908e-10 1.34029e-11 8.05336e-13 0 
0 1.0998e-05 0.000109793 0.000507829 0.00147255 0.0030479 0.00503277 0.00720739 0.00940886 0.0115012 0.01336 0.0148774 0.01597 0.0165858 0.016707 0.0163493 0.0155582 0.0144027 0.0129668 0.0113417 0.0096167 0.00787289 0.00617932 0.00459459 0.00317574 0.00198796 0.00109501 0.000519219 0.000210605 7.37739e-05 2.27121e-05 6.25126e-06 1.55729e-06 3.53339e-07 7.30152e-08 1.36365e-08 2.25736e-09 3.17344e-10 3.41868e-11 2.01514e-12 0 
0 2.43745e-05 0.000236666 0.00101622 0.00265944 0.00503277 0.0078453 0.0108794 0.0139515 0.016878 0.0194824 0.0216104 0.0231434 0.0240074 0.0241768 0.0236739 0.022563 0.0209415 0.0189289 0.0166546 0.0142463 0.01182 0.0094723 0.00727678 0.00528709 0.00355195 0.00213546 0.00110819 0.000484334 0.000178019 5.60304e-05 1.54699e-05 3.82119e-06 8.54243e-07 1.73388e-07 3.17675e-08 5.15801e-09 7.11551e-10 7.52795e-11 4.3621e-12 0 
0 4.6101e-05 0.000428689 0.00169206 0.00404727 0.00720739 0.0108794 0.0148399 0.0188577 0.0226897 0.0261021 0.0288913 0.0309013 0.0320344 0.0322569 0.0315978 0.0301417 0.0280168 0.0253805 0.0224032 0.0192537 0.0160861 0.0130294 0.0101814 0.00760704 0.00534517 0.00343301 0.00193496 0.00091857 0.000359902 0.000117558 3.29166e-05 8.1219e-06 1.79841e-06 3.60005e-07 6.4927e-08 1.03709e-08 1.40765e-09 1.46611e-10 8.37007e-12 0 
0 7.62109e-05 0.000673412 0.00245384 0.00548454 0.00940886 0.0139515 0.0188577 0.0238393 0.0285927 0.032827 0.036289 0.0387846 0.0401921 0.0404697 0.0396532 0.0378474 0.0352118 0.0319419 0.0282501 0.0243466 0.0204236 0.016643 0.0131286 0.0099625 0.00718711 0.00482095 0.00289582 0.00148314 0.000622879 0.000213341 6.11469e-05 1.51746e-05 3.34483e-06 6.62989e-07 1.18099e-07 1.86141e-08 2.4927e-09 2.56236e-10 1.44467e-11 0 
0 0.000112393 0.000943469 0.00321461 0.00685611 0.0115012 0.016878 0.0226897 0.0285927 0.0342267 0.0392466 0.0433521 0.0463126 0.0479838 0.0483155 0.04735 0.0452115 0.0420891 0.0382148 0.0338408 0.0292168 0.0245714 0.0200976 0.0159437 0.0122092 0.00894548 0.00616469 0.00387028 0.00210679 0.000944083 0.000340277 0.000100425 2.51989e-05 5.55294e-06 1.09379e-06 1.93061e-07 3.01145e-08 3.98976e-09 4.0582e-10 2.265e-11 0 
0 0.000150462 0.00120652 0.0039039 0.00807316 0.01336 0.0194824 0.0261021 0.032827 0.0392466 0.0449676 0.0496481 0.0530249 0.0549332 0.0553152 0.0542186 0.0517848 0.0482295 0.043817 0.0388349 0.0335682 0.0282779 0.0231847 0.0184586 0.0142146 0.0105133 0.00736679 0.00476141 0.00271024 0.00128183 0.000484708 0.000147542 3.75465e-05 8.29766e-06 1.62912e-06 2.85759e-07 4.42374e-08 5.81401e-09 5.86675e-10 3.24946e-11 0 
0 0.000185461 0.00143347 0.00447043 0.00906489 0.0148774 0.0216104 0.0288913 0.036289 0.0433521 0.0496481 0.0548008 0.0585205 0.0606252 0.0610507 0.059849 0.0571755 0.0532671 0.048415 0.0429356 0.0371426 0.0313238 0.0257224 0.0205263 0.0158633 0.0118015 0.00835495 0.00550111 0.00322866 0.00159063 0.000626109 0.000196084 5.06335e-05 1.12422e-05 2.20524e-06 3.8539e-07 5.93675e-08 7.76071e-09 7.78921e-10 4.29233e-11 0 
0 0.000212812 0.00160251 0.00487948 0.00977829 0.01597 0.0231434 0.0309013 0.0387846 0.0463126 0.0530249 0.0585205 0.0624897 0.0647377 0.0651971 0.0639235 0.0610805 0.0569195 0.0517514 0.0459136 0.0397408 0.0335397 0.0275703 0.0220335 0.0170661 0.012742 0.00907714 0.00604479 0.00361791 0.00183298 0.00074333 0.000238177 6.23008e-05 1.39052e-05 2.72979e-06 4.76393e-07 7.3212e-08 9.54486e-09 9.55486e-10 5.25313e-11 0 
0 0.000229166 0.00170018 0.00511092 0.0101805 0.0165858 0.0240074 0.0320344 0.0401921 0.0479838 0.0549332 0.0606252 0.0647377 0.0670688 0.067551 0.066242 0.0633082 0.0590079 0.0536633 0.0476242 0.0412369 0.0348191 0.0286403 0.0229089 0.0177673 0.0132925 0.00950205 0.00636742 0.00385324 0.00198469 0.000820047 0.000266845 7.04765e-05 1.58075e-05 3.10987e-06 5.43157e-07 8.34969e-08 1.08886e-08 1.09056e-09 6.00159e-11 0 
0 0.000232845 0.00172103 0.00515808 0.0102605 0.016707 0.0241768 0.0322569 0.0404697 0.0483155 0.0553152 0.0610507 0.0651971 0.067551 0.0680446 0.0667355 0.0637901 0.0594675 0.0540917 0.0480148 0.0415855 0.0351238 0.0289012 0.0231279 0.0179479 0.0134393 0.00962029 0.00646199 0.00392679 0.00203573 0.000847886 0.000277994 7.38551e-05 1.66384e-05 3.28508e-06 5.75682e-07 8.88071e-08 1.16265e-08 1.16977e-09 6.47168e-11 0 
0 0.000223928 0.0016668 0.00502669 0.0100285 0.0163493 0.0236739 0.0315978 0.0396532 0.04735 0.0542186 0.059849 0.0639235 0.066242 0.0667355 0.0654595 0.0625781 0.0583459 0.0530798 0.047124 0.0408205 0.0344829 0.0283778 0.0227117 0.0176259 0.0131975 0.00944431 0.00633866 0.00384568 0.00198939 0.000827372 0.000271429 7.23218e-05 1.63698e-05 3.25146e-06 5.73819e-07 8.92361e-08 1.17898e-08 1.19843e-09 6.70645e-11 0 
0 0.000204074 0.00154544 0.0047333 0.00951369 0.0155582 0.022563 0.0301417 0.0378474 0.0452115 0.0517848 0.0571755 0.0610805 0.0633082 0.0637901 0.0625781 0.0598305 0.0557912 0.0507622 0.0450717 0.0390463 0.032986 0.0271455 0.0217225 0.0168521 0.0126079 0.00900692 0.00602361 0.00363078 0.00186103 0.000767408 0.00025083 6.69985e-05 1.52777e-05 3.06753e-06 5.48593e-07 8.66261e-08 1.16414e-08 1.20548e-09 6.88076e-11 0 
0 0.00017615 0.00137002 0.00430317 0.00876011 0.0144027 0.0209415 0.0280168 0.0352118 0.0420891 0.0482295 0.0532671 0.0569195 0.0590079 0.0594675 0.0583459 0.0557912 0.052031 0.0473458 0.0420418 0.0364233 0.0307701 0.0253195 0.0202557 0.0157044 0.0117336 0.00835859 0.00555785 0.00331608 0.00167697 0.00068384 0.000222915 5.99733e-05 1.38819e-05 2.84417e-06 5.20871e-07 8.44309e-08 1.16657e-08 1.24293e-09 7.29931e-11 0 
0 0.000143725 0.00115756 0.00376802 0.00782143 0.0129668 0.0189289 0.0253805 0.0319419 0.0382148 0.043817 0.048415 0.0517514 0.0536633 0.0540917 0.0530798 0.0507622 0.0473458 0.0430862 0.0382619 0.0331499 0.0280047 0.0230422 0.0184292 0.0142795 0.0106535 0.00756438 0.00499625 0.00294852 0.00147317 0.000597503 0.000196275 5.3914e-05 1.28596e-05 2.7296e-06 5.1917e-07 8.74318e-08 1.25345e-08 1.38218e-09 8.37174e-11 0 
0 0.000110498 0.000927588 0.00316405 0.00675579 0.0113417 0.0166546 0.0224032 0.0282501 0.0338408 0.0388349 0.0429356 0.0459136 0.0476242 0.0480148 0.047124 0.0450717 0.0420418 0.0382619 0.0339798 0.0294419 0.0248745 0.0204689 0.0163725 0.0126848 0.00945732 0.00670107 0.00440718 0.00258781 0.00129348 0.000532254 0.000180473 5.18342e-05 1.30029e-05 2.90285e-06 5.78569e-07 1.01516e-07 1.50618e-08 1.7071e-09 1.05586e-10 0 
0 7.97184e-05 0.000700323 0.00253067 0.00562139 0.0096167 0.0142463 0.0192537 0.0243466 0.0292168 0.0335682 0.0371426 0.0397408 0.0412369 0.0415855 0.0408205 0.0390463 0.0364233 0.0331499 0.0294419 0.025514 0.0215628 0.0177542 0.014215 0.0110293 0.00823948 0.00585469 0.00387172 0.0023045 0.001187 0.000513887 0.000186064 5.72267e-05 1.5265e-05 3.58144e-06 7.40844e-07 1.33386e-07 2.01154e-08 2.29973e-09 1.42634e-10 0 
0 5.37164e-05 0.000494251 0.00190958 0.00447419 0.00787289 0.01182 0.0160861 0.0204236 0.0245714 0.0282779 0.0313238 0.0335397 0.0348191 0.0351238 0.0344829 0.032986 0.0307701 0.0280047 0.0248745 0.0215628 0.0182376 0.0150397 0.0120761 0.00941614 0.00709448 0.00511839 0.00348058 0.00217451 0.00120477 0.000570599 0.000225769 7.45691e-05 2.08652e-05 5.02847e-06 1.05188e-06 1.89481e-07 2.83893e-08 3.21028e-09 1.96408e-10 0 
0 3.3643e-05 0.0003233 0.00134284 0.0033688 0.00617932 0.0094723 0.0130294 0.016643 0.0200976 0.0231847 0.0257224 0.0275703 0.0286403 0.0289012 0.0283778 0.0271455 0.0253195 0.0230422 0.0204689 0.0177542 0.0150397 0.0124441 0.010057 0.00793816 0.00612009 0.00460396 0.0033496 0.00229451 0.00141322 0.000742039 0.000318539 0.00011035 3.13714e-05 7.52143e-06 1.54797e-06 2.72906e-07 3.99302e-08 4.40726e-09 2.63303e-10 0 
0 1.94968e-05 0.000194415 0.000867796 0.00236166 0.00459459 0.00727678 0.0101814 0.0131286 0.0159437 0.0184586 0.0205263 0.0220335 0.0229089 0.0231279 0.0227117 0.0217225 0.0202557 0.0184292 0.0163725 0.014215 0.0120761 0.010057 0.00823873 0.00669002 0.00547214 0.00459016 0.00388907 0.00309586 0.0021207 0.00118157 0.000520282 0.000179121 4.92468e-05 1.12913e-05 2.22656e-06 3.7802e-07 5.34717e-08 5.72269e-09 3.32399e-10 0 
0 1.04158e-05 0.000106761 0.000508381 0.00151081 0.00317574 0.00528709 0.00760704 0.0099625 0.0122092 0.0142146 0.0158633 0.0170661 0.0177673 0.0179479 0.0176259 0.0168521 0.0157044 0.0142795 0.0126848 0.0110293 0.00941614 0.00793816 0.00669002 0.00582318 0.00561951 0.00628818 0.00722175 0.00698625 0.00507858 0.0027018 0.00107736 0.000331785 8.10897e-05 1.6648e-05 3.02259e-06 4.8567e-07 6.60207e-08 6.83917e-09 3.8616e-10 0 
0 5.11631e-06 5.33049e-05 0.000267151 0.000863651 0.00198796 0.00355195 0.00534517 0.00718711 0.00894548 0.0105133 0.0118015 0.012742 0.0132925 0.0134393 0.0131975 0.0126079 0.0117336 0.0106535 0.00945732 0.00823948 0.00709448 0.00612009 0.00547214 0.00561951 0.00778063 0.0130287 0.0190722 0.0203901 0.0150484 0.00759977 0.00268539 0.000700431 0.000142468 2.43051e-05 3.82322e-06 5.65535e-07 7.34485e-08 7.3752e-09 4.06017e-10 0 
0 2.3076e-06 2.41606e-05 0.000125266 0.000434052 0.00109501 0.00213546 0.00343301 0.00482095 0.00616469 0.00736679 0.00835495 0.00907714 0.00950205 0.00962029 0.00944431 0.00900692 0.00835859 0.00756438 0.00670107 0.00585469 0.00511839 0.00460396 0.00459016 0.00628818 0.0130287 0.0275414 0.0440043 0.0487075 0.0357365 0.0177452 0.00595754 0.00139896 0.000243985 3.4263e-05 4.46212e-06 5.87512e-07 7.23706e-08 7.06916e-09 3.81513e-10 0 
0 9.55474e-07 9.94952e-06 5.24374e-05 0.000190539 0.000519219 0.00110819 0.00193496 0.00289582 0.00387028 0.00476141 0.00550111 0.00604479 0.00636742 0.00646199 0.00633866 0.00602361 0.00555785 0.00499625 0.00440718 0.00387172 0.00348058 0.0033496 0.00388907 0.00722175 0.0190722 0.0440043 0.0718987 0.0790886 0.0592034 0.029117 0.00961949 0.00216239 0.000345948 4.23123e-05 4.62693e-06 5.34717e-07 6.22786e-08 5.95351e-09 3.17327e-10 0 
0 3.63428e-07 3.73207e-06 1.96921e-05 7.33433e-05 0.000210605 0.000484334 0.00091857 0.00148314 0.00210679 0.00271024 0.00322866 0.00361791 0.00385324 0.00392679 0.00384568 0.00363078 0.00331608 0.00294852 0.00258781 0.0023045 0.00217451 0.00229451 0.00309586 0.00698625 0.0203901 0.0487075 0.0790886 0.0853439 0.0663259 0.0322879 0.0106087 0.00234829 0.000361244 4.09417e-05 3.98387e-06 4.14817e-07 4.62188e-08 4.36821e-09 2.32033e-10 0 
0 1.27131e-07 1.27927e-06 6.67981e-06 2.50188e-05 7.37739e-05 0.000178019 0.000359902 0.000622879 0.000944083 0.00128183 0.00159063 0.00183298 0.00198469 0.00203573 0.00198939 0.00186103 0.00167697 0.00147317 0.00129348 0.001187 0.00120477 0.00141322 0.0021207 0.00507858 0.0150484 0.0357365 0.0592034 0.0663259 0.0484765 0.0239107 0.00785641 0.00173363 0.000263064 2.88828e-05 2.67316e-06 2.66211e-07 2.92732e-08 2.77715e-09 1.48509e-10 0 
0 4.09458e-08 4.01962e-07 2.06056e-06 7.65595e-06 2.27121e-05 5.60304e-05 0.000117558 0.000213341 0.000340277 0.000484708 0.000626109 0.00074333 0.000820047 0.000847886 0.000827372 0.000767408 0.00068384 0.000597503 0.000532254 0.000513887 0.000570599 0.000742039 0.00118157 0.0027018 0.00759977 0.0177452 0.029117 0.0322879 0.0239107 0.0118089 0.00389003 0.000862063 0.000130996 1.44117e-05 1.35421e-06 1.39093e-07 1.57512e-08 1.52663e-09 8.30282e-11 0 
0 1.21498e-08 1.16041e-07 5.81081e-07 2.12327e-06 6.25126e-06 1.54699e-05 3.29166e-05 6.11469e-05 0.000100425 0.000147542 0.000196084 0.000238177 0.000266845 0.000277994 0.000271429 0.00025083 0.000222915 0.000196275 0.000180473 0.000186064 0.000225769 0.000318539 0.000520282 0.00107736 0.00268539 0.00595754 0.00961949 0.0106087 0.00785641 0.00389003 0.0012901 0.000288834 4.45752e-05 5.10019e-06 5.22676e-07 5.96831e-08 7.22616e-09 7.26289e-10 4.05364e-11 0 
0 3.31994e-09 3.08026e-08 1.50252e-07 5.37255e-07 1.55729e-06 3.82119e-06 8.1219e-06 1.51746e-05 2.51989e-05 3.75465e-05 5.06335e-05 6.23008e-05 7.04765e-05 7.38551e-05 7.23218e-05 6.69985e-05 5.99733e-05 5.3914e-05 5.18342e-05 5.72267e-05 7.45691e-05 0.00011035 0.000179121 0.000331785 0.000700431 0.00139896 0.00216239 0.00234829 0.00173363 0.000862063 0.000288834 6.58347e-05 1.05801e-05 1.33304e-06 1.61701e-07 2.16396e-08 2.8518e-09 2.99824e-10 1.7293e-11 0 
0 8.33394e-10 7.50736e-09 3.56262e-08 1.24343e-07 3.53339e-07 8.54243e-07 1.79841e-06 3.34483e-06 5.55294e-06 8.29766e-06 1.12422e-05 1.39052e-05 1.58075e-05 1.66384e-05 1.63698e-05 1.52777e-05 1.38819e-05 1.28596e-05 1.30029e-05 1.5265e-05 2.08652e-05 3.13714e-05 4.92468e-05 8.10897e-05 0.000142468 0.000243985 0.000345948 0.000361244 0.000263064 0.000130996 4.45752e-05 1.05801e-05 1.86802e-06 2.82519e-07 4.3273e-08 6.82655e-09 9.75892e-10 1.07645e-10 6.44724e-12 0 
0 1.91111e-10 1.67175e-09 7.71594e-09 2.62609e-08 7.30152e-08 1.73388e-07 3.60005e-07 6.62989e-07 1.09379e-06 1.62912e-06 2.20524e-06 2.72979e-06 3.10987e-06 3.28508e-06 3.25146e-06 3.06753e-06 2.84417e-06 2.7296e-06 2.90285e-06 3.58144e-06 5.02847e-06 7.52143e-06 1.12913e-05 1.6648e-05 2.43051e-05 3.4263e-05 4.23123e-05 4.09417e-05 2.88828e-05 1.44117e-05 5.10019e-06 1.33304e-06 2.82519e-07 5.5166e-08 1.05771e-08 1.89606e-09 2.90275e-10 3.36014e-11 2.09636e-12 0 
0 3.95883e-11 3.36497e-10 1.5112e-09 5.01548e-09 1.36365e-08 3.17675e-08 6.4927e-08 1.18099e-07 1.93061e-07 2.85759e-07 3.8539e-07 4.76393e-07 5.43157e-07 5.75682e-07 5.73819e-07 5.48593e-07 5.20871e-07 5.1917e-07 5.78569e-07 7.40844e-07 1.05188e-06 1.54797e-06 2.22656e-06 3.02259e-06 3.82322e-06 4.46212e-06 4.62693e-06 3.98387e-06 2.67316e-06 1.35421e-06 5.22676e-07 1.61701e-07 4.3273e-08 1.05771e-08 2.3563e-09 4.60335e-10 7.46761e-11 9.06751e-12 5.903e-13 0 
0 7.24877e-12 5.99297e-11 2.62114e-10 8.48826e-10 2.25736e-09 5.15801e-09 1.03709e-08 1.86141e-08 3.01145e-08 4.42374e-08 5.93675e-08 7.3212e-08 8.34969e-08 8.88071e-08 8.92361e-08 8.66261e-08 8.44309e-08 8.74318e-08 1.01516e-07 1.33386e-07 1.89481e-07 2.72906e-07 3.7802e-07 4.8567e-07 5.65535e-07 5.87512e-07 5.34717e-07 4.14817e-07 2.66211e-07 1.39093e-07 5.96831e-08 2.16396e-08 6.82655e-09 1.89606e-09 4.60335e-10 9.56991e-11 1.63542e-11 2.0814e-12 1.41469e-13 0 
0 1.12254e-12 9.03798e-12 3.85419e-11 1.21908e-10 3.17344e-10 7.11551e-10 1.40765e-09 2.4927e-09 3.98976e-09 5.81401e-09 7.76071e-09 9.54486e-09 1.08886e-08 1.16265e-08 1.17898e-08 1.16414e-08 1.16657e-08 1.25345e-08 1.50618e-08 2.01154e-08 2.83893e-08 3.99302e-08 5.34717e-08 6.60207e-08 7.34485e-08 7.23706e-08 6.22786e-08 4.62188e-08 2.92732e-08 1.57512e-08 7.22616e-09 2.8518e-09 9.75892e-10 2.90275e-10 7.46761e-11 1.63542e-11 2.93412e-12 3.90891e-13 2.77276e-14 0 
0 1.32558e-13 1.04076e-12 4.33314e-12 1.34029e-11 3.41868e-11 7.52795e-11 1.46611e-10 2.56236e-10 4.0582e-10 5.86675e-10 7.78921e-10 9.55486e-10 1.09056e-09 1.16977e-09 1.19843e-09 1.20548e-09 1.24293e-09 1.38218e-09 1.7071e-09 2.29973e-09 3.21028e-09 4.40726e-09 5.72269e-09 6.83917e-09 7.3752e-09 7.06916e-09 5.95351e-09 4.36821e-09 2.77715e-09 1.52663e-09 7.26289e-10 2.99824e-10 1.07645e-10 3.36014e-11 9.06751e-12 2.0814e-12 3.90891e-13 5.44106e-14 4.02364e-15 0 
0 8.52e-15 6.53236e-14 2.65898e-13 8.05336e-13 2.01514e-12 4.3621e-12 8.37007e-12 1.44467e-11 2.265e-11 3.24946e-11 4.29233e-11 5.25313e-11 6.00159e-11 6.47168e-11 6.70645e-11 6.88076e-11 7.29931e-11 8.37174e-11 1.05586e-10 1.42634e-10 1.96408e-10 2.63303e-10 3.32399e-10 3.8616e-10 4.06017e-10 3.81513e-10 3.17327e-10 2.32033e-10 1.48509e-10 8.30282e-11 4.05364e-11 1.7293e-11 6.44724e-12 2.09636e-12 5.903e-13 1.41469e-13 2.77276e-14 4.02364e-15 3.09706e-16 0 
0 0 0 0 0 0 0 0 0 0 0 0 0 0 0 0 0 0 0 0 0 0 0 0 0 0 0 0 0 0 0 0 0 0 0 0 0 0 0 0 0 
