0 0 0 0 0 0 0 0 0 0 0 0 0 0 0 0 0 0 0 0 0 0 0 0 0 0 0 0 0 0 0 0 0 0 0 0 0 0 0 0 0 
0 4.41022e-07 3.91781e-06 1.71703e-05 5.15422e-05 0.000118327 0.000221466 0.000354499 0.000503741 0.000653535 0.000789918 0.000902147 0.000982937 0.00102822 0.00103679 0.00100994 0.000951112 0.000865527 0.000759793 0.00064151 0.000518801 0.000399717 0.000291495 0.000199709 0.000127514 7.52633e-05 4.07585e-05 2.01274e-05 9.02481e-06 3.66602e-06 1.34838e-06 4.49197e-07 1.3557e-07 3.70249e-08 9.11308e-09 2.00228e-09 3.84915e-10 6.20431e-11 7.57126e-12 4.99926e-13 0 
0 3.91781e-06 3.55053e-05 0.000152787 0.000430608 0.000897645 0.0015079 0.00218269 0.00285454 0.00347659 0.00401579 0.00444731 0.00475313 0.00492258 0.00495299 0.00484966 0.00462496 0.00429669 0.00388611 0.00341597 0.00290915 0.00238811 0.00187545 0.00139466 0.000969621 0.00062126 0.000361663 0.000189027 8.80275e-05 3.64307e-05 1.34221e-05 4.42031e-06 1.30673e-06 3.47556e-07 8.30486e-08 1.76915e-08 3.29727e-09 5.15664e-10 6.11334e-11 3.92767e-12 0 
0 1.71703e-05 0.000152787 0.000607775 0.00150801 0.00274771 0.00414578 0.00558691 0.00700019 0.00832029 0.0094805 0.0104198 0.0110906 0.0114636 0.0115298 0.0113005 0.0108044 0.0100842 0.00919118 0.00818041 0.00710496 0.00601146 0.00493692 0.00390886 0.00294983 0.00208566 0.00135108 0.0007826 0.000397107 0.000174557 6.64675e-05 2.21001e-05 6.48464e-06 1.6934e-06 3.94848e-07 8.18344e-08 1.48249e-08 2.25423e-09 2.60108e-10 1.62885e-11 0 
0 5.15422e-05 0.000430608 0.00150801 0.00325501 0.00537883 0.00771368 0.0101646 0.012616 0.0149323 0.0169796 0.0186416 0.01983 0.0204909 0.0206081 0.0202011 0.0193214 0.0180454 0.0164659 0.0146831 0.0127959 0.0108945 0.00905323 0.00732608 0.00574357 0.00431656 0.00305084 0.00196946 0.00112076 0.000544941 0.000222995 7.71311e-05 2.2917e-05 5.94998e-06 1.36456e-06 2.76622e-07 4.88987e-08 7.25168e-09 8.16529e-10 4.99544e-11 0 
0 0.000118327 0.000897645 0.00274771 0.00537883 0.00851134 0.0120289 0.0157745 0.0195407 0.0231058 0.0262589 0.0288193 0.0306502 0.0316685 0.0318489 0.0312216 0.029866 0.0278999 0.0254667 0.0227212 0.0198171 0.016895 0.0140744 0.011447 0.00907278 0.00697694 0.00515217 0.00357638 0.00225074 0.00122582 0.000555112 0.000206012 6.34712e-05 1.66428e-05 3.79172e-06 7.56812e-07 1.31167e-07 1.90425e-08 2.0989e-09 1.25792e-10 0 
0 0.000221466 0.0015079 0.00414578 0.00771368 0.0120289 0.0169341 0.0221751 0.0274494 0.0324434 0.036861 0.0404485 0.0430154 0.0444453 0.0446989 0.0438173 0.0419155 0.03916 0.0357508 0.0319046 0.0278369 0.0237452 0.0197978 0.0161258 0.0128195 0.00992677 0.00745225 0.00535997 0.00359763 0.00215225 0.00108375 0.000440422 0.000143816 3.87142e-05 8.85748e-06 1.75325e-06 2.99472e-07 4.27341e-08 4.62644e-09 2.72424e-10 0 
0 0.000354499 0.00218269 0.00558691 0.0101646 0.0157745 0.0221751 0.0290186 0.0359069 0.0424298 0.0482067 0.0529635 0.0566144 0.0589136 0.0593572 0.0578798 0.0550001 0.0512363 0.0467531 0.0417267 0.036414 0.0310706 0.0259167 0.021124 0.0168124 0.0130496 0.00985343 0.00719278 0.00499404 0.00318091 0.00175103 0.000781564 0.000274264 7.68549e-05 1.78379e-05 3.52606e-06 5.96604e-07 8.40194e-08 8.9648e-09 5.20206e-10 0 
0 0.000503741 0.00285454 0.00700019 0.012616 0.0195407 0.0274494 0.0359069 0.0444205 0.0525009 0.0599712 0.0675596 0.0740367 0.077568 0.0782034 0.0761417 0.0712833 0.06455 0.0579854 0.0516255 0.0450488 0.038445 0.0320761 0.0261544 0.0208287 0.0161844 0.0122488 0.00899595 0.00634847 0.00419538 0.00246302 0.00119363 0.000451417 0.000132804 3.1516e-05 6.25847e-06 1.05372e-06 1.47002e-07 1.55091e-08 8.89439e-10 0 
0 0.000653535 0.00347659 0.00832029 0.0149323 0.0231058 0.0324434 0.0424298 0.0525009 0.0625153 0.0740711 0.0831684 0.0876652 0.0896991 0.0900866 0.0889753 0.0860628 0.0802292 0.0705576 0.0612339 0.0532398 0.0454293 0.0379093 0.0309181 0.0246314 0.0191506 0.0145102 0.0106861 0.00760002 0.00512617 0.00313981 0.00162259 0.000656965 0.000203301 4.95478e-05 9.92626e-06 1.66914e-06 2.31418e-07 2.42124e-08 1.37606e-09 0 
0 0.000789918 0.00401579 0.0094805 0.0169796 0.0262589 0.036861 0.0482067 0.0599712 0.0740711 0.085603 0.0911583 0.0941476 0.0956186 0.0959239 0.0951413 0.093146 0.0895027 0.0829451 0.0714679 0.0606614 0.0516165 0.0430705 0.0351329 0.0279956 0.0217743 0.0165088 0.012175 0.00869255 0.00592898 0.00372917 0.00201837 0.00086432 0.000280211 7.01759e-05 1.42134e-05 2.39304e-06 3.30591e-07 3.43887e-08 1.9415e-09 0 
0 0.000902147 0.00444731 0.0104198 0.0186416 0.0288193 0.0404485 0.0529635 0.0675596 0.0831684 0.0911583 0.0954134 0.0978649 0.0991146 0.0993877 0.0987397 0.0970959 0.0942018 0.0893948 0.0807237 0.0675691 0.0566988 0.0472645 0.0385568 0.0307285 0.0239054 0.0181317 0.0133823 0.00957407 0.00657043 0.00419947 0.00234488 0.00104721 0.000352762 9.05202e-05 1.85361e-05 3.12899e-06 4.31534e-07 4.47246e-08 2.51377e-09 0 
0 0.000982937 0.00475313 0.0110906 0.01983 0.0306502 0.0430154 0.0566144 0.0740367 0.0876652 0.0941476 0.0978649 0.100076 0.101222 0.101481 0.100897 0.0994165 0.0968486 0.0927305 0.0858106 0.0734088 0.0605076 0.0502707 0.0410069 0.0326843 0.0254305 0.0192931 0.0142459 0.0102031 0.00702538 0.00453191 0.00258004 0.00118527 0.000410499 0.000107334 2.21826e-05 3.75553e-06 5.1775e-07 5.35569e-08 3.00242e-09 0 
0 0.00102822 0.00492258 0.0114636 0.0204909 0.0316685 0.0444453 0.0589136 0.077568 0.0896991 0.0956186 0.0991146 0.101222 0.102324 0.102576 0.102021 0.100612 0.0981832 0.0943444 0.0880903 0.0767298 0.0628042 0.0519519 0.0423723 0.0337743 0.0262808 0.0199407 0.0147275 0.0105538 0.00727861 0.00471699 0.00271289 0.00126599 0.00044564 0.00011789 2.45157e-05 4.16084e-06 5.73903e-07 5.93369e-08 3.32346e-09 0 
0 0.00103679 0.00495299 0.0115298 0.0206081 0.0318489 0.0446989 0.0593572 0.0782034 0.0900866 0.0959239 0.0993877 0.101481 0.102576 0.102828 0.102278 0.100879 0.0984704 0.0946729 0.0885165 0.0773409 0.063241 0.0522556 0.0426186 0.0339715 0.0264351 0.0200588 0.0148159 0.0106188 0.00732648 0.00475347 0.00274096 0.00128451 0.000454327 0.000120659 2.5157e-05 4.27664e-06 5.90511e-07 6.1103e-08 3.42472e-09 0 
0 0.00100994 0.00484966 0.0113005 0.0202011 0.0312216 0.0438173 0.0578798 0.0761417 0.0889753 0.0951413 0.0987397 0.100897 0.102021 0.102278 0.10171 0.100266 0.0977726 0.093808 0.0872662 0.0753741 0.0617975 0.0512277 0.0417865 0.0333082 0.0259189 0.0196667 0.0145255 0.0104089 0.0071773 0.00464783 0.0026687 0.00124275 0.000436907 0.000115621 2.40847e-05 4.09762e-06 5.66747e-07 5.87682e-08 3.30151e-09 0 
0 0.000951112 0.00462496 0.0108044 0.0193214 0.029866 0.0419155 0.0550001 0.0712833 0.0860628 0.093146 0.0970959 0.0994165 0.100612 0.100879 0.100266 0.0987119 0.0960002 0.0915932 0.0839694 0.0709158 0.0588719 0.0490081 0.039982 0.0318694 0.0247983 0.018815 0.013894 0.00995143 0.00685019 0.00441369 0.00250668 0.0011486 0.00039754 0.000104174 2.1622e-05 3.68037e-06 5.10382e-07 5.31198e-08 2.99679e-09 0 
0 0.000865527 0.00429669 0.0100842 0.0180454 0.0278999 0.03916 0.0512363 0.06455 0.0802292 0.0895027 0.0942018 0.0968486 0.0981832 0.0984704 0.0977726 0.0960002 0.0928455 0.0874784 0.0775485 0.0649397 0.0548976 0.0457954 0.0373631 0.029781 0.0231719 0.0175788 0.0129773 0.00928649 0.00637306 0.00407099 0.00227139 0.00101519 0.000343364 8.87366e-05 1.83316e-05 3.12409e-06 4.35128e-07 4.55551e-08 2.58708e-09 0 
0 0.000759793 0.00388611 0.00919118 0.0164659 0.0254667 0.0357508 0.0467531 0.0579854 0.0705576 0.0829451 0.0893948 0.0927305 0.0943444 0.0946729 0.093808 0.0915932 0.0874784 0.0798208 0.0684523 0.0587882 0.0501081 0.0418221 0.0341215 0.0271966 0.0211597 0.0160499 0.0118436 0.00846322 0.00578045 0.00364599 0.00198591 0.000860351 0.00028336 7.21848e-05 1.48642e-05 2.54251e-06 3.56703e-07 3.76803e-08 2.16064e-09 0 
0 0.00064151 0.00341597 0.00818041 0.0146831 0.0227212 0.0319046 0.0417267 0.0516255 0.0612339 0.0714679 0.0807237 0.0858106 0.0880903 0.0885165 0.0872662 0.0839694 0.0775485 0.0684523 0.0601542 0.0524082 0.0447345 0.0373401 0.0304651 0.0242823 0.0188918 0.0143278 0.0105674 0.00753585 0.00511282 0.00317335 0.0016816 0.000705744 0.000227021 5.72786e-05 1.18146e-05 2.03752e-06 2.89105e-07 3.09236e-08 1.79584e-09 0 
0 0.000518801 0.00290915 0.00710496 0.0127959 0.0198171 0.0278369 0.036414 0.0450488 0.0532398 0.0606614 0.0675691 0.0734088 0.0767298 0.0773409 0.0753741 0.0709158 0.0649397 0.0587882 0.0524082 0.0457473 0.0390551 0.0326008 0.0265999 0.0212032 0.0164978 0.0125125 0.00922438 0.0065627 0.00442051 0.00270207 0.00140025 0.000575291 0.000183024 4.62283e-05 9.62453e-06 1.6819e-06 2.42101e-07 2.62642e-08 1.54545e-09 0 
0 0.000399717 0.00238811 0.00601146 0.0108945 0.016895 0.0237452 0.0310706 0.038445 0.0454293 0.0516165 0.0566988 0.0605076 0.0628042 0.063241 0.0617975 0.0588719 0.0548976 0.0501081 0.0447345 0.0390551 0.0333436 0.0278356 0.0227154 0.0181118 0.0140995 0.0107025 0.00789747 0.00561947 0.00377938 0.00230433 0.00119304 0.000492082 0.000158075 4.04585e-05 8.54134e-06 1.51192e-06 2.20061e-07 2.40928e-08 1.42804e-09 0 
0 0.000291495 0.00187545 0.00493692 0.00905323 0.0140744 0.0197978 0.0259167 0.0320761 0.0379093 0.0430705 0.0472645 0.0502707 0.0519519 0.0522556 0.0512277 0.0490081 0.0457954 0.0418221 0.0373401 0.0326008 0.0278356 0.0232417 0.018974 0.0151446 0.0118259 0.00904614 0.00676805 0.00489807 0.00334948 0.002084 0.00111058 0.000473026 0.000155868 4.04928e-05 8.60379e-06 1.52475e-06 2.21516e-07 2.41641e-08 1.42548e-09 0 
0 0.000199709 0.00139466 0.00390886 0.00732608 0.011447 0.0161258 0.021124 0.0261544 0.0309181 0.0351329 0.0385568 0.0410069 0.0423723 0.0426186 0.0417865 0.039982 0.0373631 0.0341215 0.0304651 0.0265999 0.0227154 0.018974 0.015511 0.0124546 0.00995184 0.0080919 0.00668812 0.00530546 0.00375674 0.00230626 0.00121918 0.000527939 0.000176594 4.58257e-05 9.61482e-06 1.6749e-06 2.38964e-07 2.56136e-08 1.48621e-09 0 
0 0.000127514 0.000969621 0.00294983 0.00574357 0.00907278 0.0128195 0.0168124 0.0208287 0.0246314 0.0279956 0.0307285 0.0326843 0.0337743 0.0339715 0.0333082 0.0318694 0.029781 0.0271966 0.0242823 0.0212032 0.0181118 0.0151446 0.0124546 0.0103402 0.00938563 0.0100175 0.011257 0.010823 0.00789675 0.00429743 0.00186565 0.000702618 0.000221066 5.50546e-05 1.11176e-05 1.87238e-06 2.59427e-07 2.71007e-08 1.53713e-09 0 
0 7.52633e-05 0.00062126 0.00208566 0.00431656 0.00697694 0.00992677 0.0130496 0.0161844 0.0191506 0.0217743 0.0239054 0.0254305 0.0262808 0.0264351 0.0259189 0.0247983 0.0231719 0.0211597 0.0188918 0.0164978 0.0140995 0.0118259 0.00995184 0.00938563 0.0122091 0.0200105 0.0339736 0.0410849 0.0232854 0.011637 0.0041771 0.00118873 0.000302746 6.67624e-05 1.2475e-05 1.99841e-06 2.6746e-07 2.71887e-08 1.50706e-09 0 
0 4.07585e-05 0.000361663 0.00135108 0.00305084 0.00515217 0.00745225 0.00985343 0.0122488 0.0145102 0.0165088 0.0181317 0.0192931 0.0199407 0.0200588 0.0196667 0.018815 0.0175788 0.0160499 0.0143278 0.0125125 0.0107025 0.00904614 0.0080919 0.0100175 0.0200105 0.0488123 0.0774624 0.0795992 0.0687582 0.0273462 0.0091113 0.0021941 0.000437419 7.92345e-05 1.30401e-05 1.94868e-06 2.51354e-07 2.49433e-08 1.35662e-09 0 
0 2.01274e-05 0.000189027 0.0007826 0.00196946 0.00357638 0.00535997 0.00719278 0.00899595 0.0106861 0.012175 0.0133823 0.0142459 0.0147275 0.0148159 0.0145255 0.013894 0.0129773 0.0118436 0.0105674 0.00922438 0.00789747 0.00676805 0.00668812 0.011257 0.0339736 0.0774624 0.0855177 0.0864535 0.0821385 0.0591922 0.0146851 0.00332877 0.000573474 8.63703e-05 1.22436e-05 1.68409e-06 2.09612e-07 2.04377e-08 1.09816e-09 0 
0 9.02481e-06 8.80275e-05 0.000397107 0.00112076 0.00225074 0.00359763 0.00499404 0.00634847 0.00760002 0.00869255 0.00957407 0.0102031 0.0105538 0.0106188 0.0104089 0.00995143 0.00928649 0.00846322 0.00753585 0.0065627 0.00561947 0.00489807 0.00530546 0.010823 0.0410849 0.0795992 0.0864535 0.0873879 0.083979 0.0687003 0.0165368 0.00360101 0.000583323 7.82658e-05 9.82829e-06 1.25664e-06 1.52333e-07 1.47344e-08 7.88955e-10 0 
0 3.66602e-06 3.64307e-05 0.000174557 0.000544941 0.00122582 0.00215225 0.00318091 0.00419538 0.00512617 0.00592898 0.00657043 0.00702538 0.00727861 0.00732648 0.0071773 0.00685019 0.00637306 0.00578045 0.00511282 0.00442051 0.00377938 0.00334948 0.00375674 0.00789675 0.0232854 0.0687582 0.0821385 0.083979 0.0784824 0.0432551 0.0119811 0.00266136 0.000424688 5.42468e-05 6.40686e-06 7.9119e-07 9.53415e-08 9.2642e-09 4.99108e-10 0 
0 1.34838e-06 1.34221e-05 6.64675e-05 0.000222995 0.000555112 0.00108375 0.00175103 0.00246302 0.00313981 0.00372917 0.00419947 0.00453191 0.00471699 0.00475347 0.00464783 0.00441369 0.00407099 0.00364599 0.00317335 0.00270207 0.00230433 0.002084 0.00230626 0.00429743 0.011637 0.0273462 0.0591922 0.0687003 0.0432551 0.0180011 0.0059391 0.00133342 0.00021576 2.76385e-05 3.29248e-06 4.15059e-07 5.11094e-08 5.05869e-09 2.76877e-10 0 
0 4.49197e-07 4.42031e-06 2.21001e-05 7.71311e-05 0.000206012 0.000440422 0.000781564 0.00119363 0.00162259 0.00201837 0.00234488 0.00258004 0.00271289 0.00274096 0.0026687 0.00250668 0.00227139 0.00198591 0.0016816 0.00140025 0.00119304 0.00111058 0.00121918 0.00186565 0.0041771 0.0091113 0.0146851 0.0165368 0.0119811 0.0059391 0.0019826 0.000457547 7.68611e-05 1.03833e-05 1.34107e-06 1.82124e-07 2.34906e-08 2.39744e-09 1.34473e-10 0 
0 1.3557e-07 1.30673e-06 6.48464e-06 2.2917e-05 6.34712e-05 0.000143816 0.000274264 0.000451417 0.000656965 0.00086432 0.00104721 0.00118527 0.00126599 0.00128451 0.00124275 0.0011486 0.00101519 0.000860351 0.000705744 0.000575291 0.000492082 0.000473026 0.000527939 0.000702618 0.00118873 0.0021941 0.00332877 0.00360101 0.00266136 0.00133342 0.000457547 0.00011044 1.98588e-05 3.01147e-06 4.49579e-07 6.79561e-08 9.30514e-09 9.87523e-10 5.71648e-11 0 
0 3.70249e-08 3.47556e-07 1.6934e-06 5.94998e-06 1.66428e-05 3.87142e-05 7.68549e-05 0.000132804 0.000203301 0.000280211 0.000352762 0.000410499 0.00044564 0.000454327 0.000436907 0.00039754 0.000343364 0.00028336 0.000227021 0.000183024 0.000158075 0.000155868 0.000176594 0.000221066 0.000302746 0.000437419 0.000573474 0.000583323 0.000424688 0.00021576 7.68611e-05 1.98588e-05 4.03648e-06 7.33503e-07 1.30241e-07 2.19333e-08 3.19355e-09 3.54065e-10 2.12619e-11 0 
0 9.11308e-09 8.30486e-08 3.94848e-07 1.36456e-06 3.79172e-06 8.85748e-06 1.78379e-05 3.1516e-05 4.95478e-05 7.01759e-05 9.05202e-05 0.000107334 0.00011789 0.000120659 0.000115621 0.000104174 8.87366e-05 7.21848e-05 5.72786e-05 4.62283e-05 4.04585e-05 4.04928e-05 4.58257e-05 5.50546e-05 6.67624e-05 7.92345e-05 8.63703e-05 7.82658e-05 5.42468e-05 2.76385e-05 1.03833e-05 3.01147e-06 7.33503e-07 1.62761e-07 3.35395e-08 6.16894e-09 9.5132e-10 1.10425e-10 6.90259e-12 0 
0 2.00228e-09 1.76915e-08 8.18344e-08 2.76622e-07 7.56812e-07 1.75325e-06 3.52606e-06 6.25847e-06 9.92626e-06 1.42134e-05 1.85361e-05 2.21826e-05 2.45157e-05 2.5157e-05 2.40847e-05 2.1622e-05 1.83316e-05 1.48642e-05 1.18146e-05 9.62453e-06 8.54134e-06 8.60379e-06 9.61482e-06 1.11176e-05 1.2475e-05 1.30401e-05 1.22436e-05 9.82829e-06 6.40686e-06 3.29248e-06 1.34107e-06 4.49579e-07 1.30241e-07 3.35395e-08 7.64671e-09 1.50551e-09 2.44893e-10 2.9784e-11 1.94175e-12 0 
0 3.84915e-10 3.29727e-09 1.48249e-08 4.88987e-08 1.31167e-07 2.99472e-07 5.96604e-07 1.05372e-06 1.66914e-06 2.39304e-06 3.12899e-06 3.75553e-06 4.16084e-06 4.27664e-06 4.09762e-06 3.68037e-06 3.12409e-06 2.54251e-06 2.03752e-06 1.6819e-06 1.51192e-06 1.52475e-06 1.6749e-06 1.87238e-06 1.99841e-06 1.94868e-06 1.68409e-06 1.25664e-06 7.9119e-07 4.15059e-07 1.82124e-07 6.79561e-08 2.19333e-08 6.16894e-09 1.50551e-09 3.13611e-10 5.36547e-11 6.8356e-12 4.65096e-13 0 
0 6.20431e-11 5.15664e-10 2.25423e-09 7.25168e-09 1.90425e-08 4.27341e-08 8.40194e-08 1.47002e-07 2.31418e-07 3.30591e-07 4.31534e-07 5.1775e-07 5.73903e-07 5.90511e-07 5.66747e-07 5.10382e-07 4.35128e-07 3.56703e-07 2.89105e-07 2.42101e-07 2.20061e-07 2.21516e-07 2.38964e-07 2.59427e-07 2.6746e-07 2.51354e-07 2.09612e-07 1.52333e-07 9.53415e-08 5.11094e-08 2.34906e-08 9.30514e-09 3.19355e-09 9.5132e-10 2.44893e-10 5.36547e-11 9.63095e-12 1.28386e-12 9.11384e-14 0 
0 7.57126e-12 6.11334e-11 2.60108e-10 8.16529e-10 2.0989e-09 4.62644e-09 8.9648e-09 1.55091e-08 2.42124e-08 3.43887e-08 4.47246e-08 5.35569e-08 5.93369e-08 6.1103e-08 5.87682e-08 5.31198e-08 4.55551e-08 3.76803e-08 3.09236e-08 2.62642e-08 2.40928e-08 2.41641e-08 2.56136e-08 2.71007e-08 2.71887e-08 2.49433e-08 2.04377e-08 1.47344e-08 9.2642e-09 5.05869e-09 2.39744e-09 9.87523e-10 3.54065e-10 1.10425e-10 2.9784e-11 6.8356e-12 1.28386e-12 1.78764e-13 1.32258e-14 0 
0 4.99926e-13 3.92767e-12 1.62885e-11 4.99544e-11 1.25792e-10 2.72424e-10 5.20206e-10 8.89439e-10 1.37606e-09 1.9415e-09 2.51377e-09 3.00242e-09 3.32346e-09 3.42472e-09 3.30151e-09 2.99679e-09 2.58708e-09 2.16064e-09 1.79584e-09 1.54545e-09 1.42804e-09 1.42548e-09 1.48621e-09 1.53713e-09 1.50706e-09 1.35662e-09 1.09816e-09 7.88955e-10 4.99108e-10 2.76877e-10 1.34473e-10 5.71648e-11 2.12619e-11 6.90259e-12 1.94175e-12 4.65096e-13 9.11384e-14 1.32258e-14 1.01825e-15 0 
0 0 0 0 0 0 0 0 0 0 0 0 0 0 0 0 0 0 0 0 0 0 0 0 0 0 0 0 0 0 0 0 0 0 0 0 0 0 0 0 0 
