0 0 0 0 0 0 0 0 0 0 0 0 0 0 0 0 0 0 0 0 0 0 0 0 0 0 0 0 0 0 0 0 0 0 0 0 0 0 0 0 0 
0 8.72272e-10 8.21353e-09 4.04458e-08 1.45259e-07 4.20895e-07 1.02799e-06 2.16726e-06 4.00622e-06 6.57242e-06 9.66895e-06 1.28721e-05 1.56293e-05 1.74193e-05 1.79076e-05 1.70372e-05 1.50285e-05 1.22986e-05 9.33354e-06 6.56207e-06 4.26832e-06 2.56524e-06 1.42308e-06 7.28395e-07 3.44041e-07 1.50069e-07 6.05271e-08 2.26081e-08 7.83335e-09 2.52143e-09 7.54751e-10 2.10137e-10 5.43563e-11 1.30214e-11 2.87016e-12 5.7509e-13 1.02412e-13 1.54965e-14 1.79515e-15 1.13564e-16 0 
0 8.21353e-09 8.05351e-08 4.12168e-07 1.53181e-06 4.56338e-06 1.13672e-05 2.42282e-05 4.49053e-05 7.33774e-05 0.000107073 0.000141184 0.000169959 0.000188333 0.000193239 0.000184248 0.000163478 0.000134918 0.000103376 7.33343e-05 4.80165e-05 2.89371e-05 1.60189e-05 8.1382e-06 3.79544e-06 1.62702e-06 6.42394e-07 2.34176e-07 7.90139e-08 2.4732e-08 7.19354e-09 1.9457e-09 4.89055e-10 1.13908e-10 2.44321e-11 4.76871e-12 8.28195e-13 1.22367e-13 1.38589e-14 8.58254e-16 0 
0 4.04458e-08 4.12168e-07 2.18531e-06 8.35677e-06 2.5356e-05 6.35139e-05 0.000134313 0.000244132 0.000388262 0.000550051 0.000705793 0.000831753 0.000909724 0.000929911 0.000891606 0.000802418 0.00067654 0.000532209 0.000388434 0.00026136 0.000161153 9.06415e-05 4.63953e-05 2.16121e-05 9.18122e-06 3.5692e-06 1.27481e-06 4.19988e-07 1.28073e-07 3.62462e-08 9.53453e-09 2.33089e-09 5.28302e-10 1.10359e-10 2.10004e-11 3.56002e-12 5.14077e-13 5.69772e-14 3.45746e-15 0 
0 1.45259e-07 1.53181e-06 8.35677e-06 3.25182e-05 9.87647e-05 0.000242821 0.000494731 0.000855541 0.00128938 0.00173781 0.00214085 0.00245057 0.00263575 0.0026821 0.00259063 0.0023758 0.0020634 0.00168818 0.00129084 0.00091322 0.000591259 0.000346898 0.000183217 8.69296e-05 3.7138e-05 1.43631e-05 5.06208e-06 1.63631e-06 4.87817e-07 1.34683e-07 3.4527e-08 8.22406e-09 1.81672e-09 3.70139e-10 6.8763e-11 1.13933e-11 1.61003e-12 1.74852e-13 1.041e-14 0 
0 4.20895e-07 4.56338e-06 2.5356e-05 9.87647e-05 0.000293091 0.000686354 0.00130822 0.00210625 0.00297582 0.00380921 0.00452046 0.00504938 0.00535933 0.00543504 0.00528065 0.00491731 0.00438036 0.00371626 0.00298025 0.00223427 0.00154336 0.000966489 0.000540767 0.000267982 0.000117539 4.59168e-05 1.61361e-05 5.15413e-06 1.50959e-06 4.08092e-07 1.02253e-07 2.3789e-08 5.13287e-09 1.02197e-09 1.85693e-10 3.01238e-11 4.17276e-12 4.44761e-13 2.60204e-14 0 
0 1.02799e-06 1.13672e-05 6.35139e-05 0.000242821 0.000686354 0.0014948 0.00263193 0.00395212 0.00529546 0.00653288 0.00756728 0.00832845 0.00877188 0.0088791 0.00865696 0.00813496 0.00736081 0.00639505 0.005306 0.00416664 0.00305436 0.00205097 0.0012342 0.000652866 0.000300634 0.000120844 4.29145e-05 1.36683e-05 3.95758e-06 1.05229e-06 2.58625e-07 5.89436e-08 1.2455e-08 2.4292e-09 4.32662e-10 6.88638e-11 9.36912e-12 9.81979e-13 5.65607e-14 0 
0 2.16726e-06 2.42282e-05 0.000134313 0.000494731 0.00130822 0.00263193 0.00431848 0.00615768 0.00797291 0.00962446 0.0109989 0.0120087 0.0125967 0.012739 0.0124447 0.011753 0.010727 0.00944592 0.00799677 0.00646765 0.00494442 0.00351313 0.00226522 0.00128931 0.000633416 0.000266626 9.70724e-05 3.11475e-05 8.97869e-06 2.36009e-06 5.71225e-07 1.27967e-07 2.65594e-08 5.08818e-09 8.90596e-10 1.39411e-10 1.86726e-11 1.92879e-12 1.0962e-13 0 
0 4.00622e-06 4.49053e-05 0.000244132 0.000855541 0.00210625 0.00395212 0.00615768 0.00849429 0.0107785 0.0128517 0.0145766 0.0158446 0.0165838 0.016764 0.0163966 0.0155309 0.0142462 0.012642 0.0108274 0.00891063 0.00699218 0.0051629 0.00351151 0.00213499 0.00112331 0.000500712 0.000189218 6.17775e-05 1.7857e-05 4.66458e-06 1.11643e-06 2.46709e-07 5.04562e-08 9.52309e-09 1.6427e-09 2.5359e-10 3.3527e-11 3.42219e-12 1.92426e-13 0 
0 6.57242e-06 7.33774e-05 0.000388262 0.00128938 0.00297582 0.00529546 0.00797291 0.0107785 0.0135147 0.015998 0.0180653 0.0195864 0.020475 0.0206945 0.0202583 0.0192251 0.01769 0.0157725 0.0136035 0.0113129 0.00901905 0.00682355 0.0048142 0.00308022 0.00172278 0.000814708 0.000321864 0.000107757 3.14303e-05 8.19917e-06 1.94845e-06 4.26251e-07 8.619e-08 1.60781e-08 2.74182e-09 4.18713e-10 5.48137e-11 5.54646e-12 3.09595e-13 0 
0 9.66895e-06 0.000107073 0.000550051 0.00173781 0.00380921 0.00653288 0.00962446 0.0128517 0.015998 0.0188548 0.0212348 0.0229882 0.0240153 0.0242734 0.0237774 0.0225946 0.0208341 0.0186334 0.0161433 0.0135134 0.0108802 0.00835817 0.00603942 0.00400565 0.002351 0.00117227 0.000484504 0.000166998 4.93729e-05 1.29152e-05 3.05868e-06 6.64778e-07 1.33366e-07 2.4675e-08 4.17468e-09 6.32984e-10 8.23655e-11 8.29627e-12 4.61784e-13 0 
0 1.28721e-05 0.000141184 0.000705793 0.00214085 0.00452046 0.00756728 0.0109989 0.0145766 0.0180653 0.0212348 0.0238776 0.0258276 0.0269736 0.0272676 0.0267255 0.0254212 0.0234754 0.0210402 0.0182832 0.0153706 0.0124539 0.00966007 0.00708772 0.00481539 0.00292653 0.00152247 0.000655097 0.000232428 6.97998e-05 1.83627e-05 4.34833e-06 9.4225e-07 1.88253e-07 3.46831e-08 5.84663e-09 8.84277e-10 1.14962e-10 1.15931e-11 6.47664e-13 0 
0 1.56293e-05 0.000169959 0.000831753 0.00245057 0.00504938 0.00832845 0.0120087 0.0158446 0.0195864 0.0229882 0.0258276 0.0279262 0.0291642 0.0294893 0.0289178 0.0275282 0.0254493 0.0228438 0.0198913 0.0167704 0.0136439 0.0106484 0.00788856 0.00544282 0.00338645 0.00181687 0.000807159 0.000293708 8.95788e-05 2.37454e-05 5.63948e-06 1.22302e-06 2.44419e-07 4.50671e-08 7.61298e-09 1.15608e-09 1.51292e-10 1.54056e-11 8.72131e-13 0 
0 1.74193e-05 0.000188333 0.000909724 0.00263575 0.00535933 0.00877188 0.0125967 0.0165838 0.020475 0.0240153 0.0269736 0.0291642 0.0304619 0.0308117 0.0302295 0.0287959 0.026644 0.0239427 0.0208779 0.0176356 0.0143854 0.0112697 0.00839746 0.0058478 0.00369135 0.00202045 0.00091794 0.000340612 0.000105335 2.81742e-05 6.73369e-06 1.46852e-06 2.95333e-07 5.48931e-08 9.37183e-09 1.44321e-09 1.92285e-10 2.00201e-11 1.16378e-12 0 
0 1.79076e-05 0.000193239 0.000929911 0.0026821 0.00543504 0.0088791 0.012739 0.016764 0.0206945 0.0242734 0.0272676 0.0294893 0.0308117 0.0311783 0.0306042 0.0291698 0.0270086 0.02429 0.0212017 0.0179309 0.0146491 0.0115005 0.00859568 0.00601403 0.00382433 0.00211582 0.00097412 0.0003664 0.000114711 3.10277e-05 7.50052e-06 1.65702e-06 3.38505e-07 6.41525e-08 1.12188e-08 1.77845e-09 2.45119e-10 2.65095e-11 1.60494e-12 0 
0 1.70372e-05 0.000184248 0.000891606 0.00259063 0.00528065 0.00865696 0.0124447 0.0163966 0.0202583 0.0237774 0.0267255 0.0289178 0.0302295 0.0306042 0.0300559 0.0286624 0.0265537 0.0238954 0.0208709 0.0176636 0.014442 0.0113476 0.0084897 0.00594716 0.00378884 0.00210326 0.000974232 0.000369946 0.000117339 3.22686e-05 7.96292e-06 1.80461e-06 3.80346e-07 7.48274e-08 1.36641e-08 2.27247e-09 3.29431e-10 3.74668e-11 2.37827e-12 0 
0 1.50285e-05 0.000163478 0.000802418 0.0023758 0.00491731 0.00813496 0.011753 0.0155309 0.0192251 0.0225946 0.0254212 0.0275282 0.0287959 0.0291698 0.0286624 0.0273471 0.0253471 0.0228196 0.0199392 0.0168806 0.0138042 0.0108455 0.00810919 0.00567279 0.00360648 0.00199924 0.000928512 0.000356235 0.000115224 3.26143e-05 8.35865e-06 1.98462e-06 4.4169e-07 9.22941e-08 1.79466e-08 3.17389e-09 4.86753e-10 5.80965e-11 3.8331e-12 0 
0 1.22986e-05 0.000134918 0.00067654 0.0020634 0.00438036 0.00736081 0.010727 0.0142462 0.01769 0.0208341 0.0234754 0.0254493 0.026644 0.0270086 0.0265537 0.0253471 0.0235024 0.0211652 0.0184972 0.0156602 0.012803 0.0100514 0.00750334 0.0052338 0.00331478 0.00183415 0.000857077 0.000335561 0.000112617 3.35972e-05 9.19412e-06 2.35198e-06 5.65986e-07 1.27553e-07 2.65372e-08 4.96321e-09 7.94448e-10 9.77035e-11 6.56691e-12 0 
0 9.33354e-06 0.000103376 0.000532209 0.00168818 0.00371626 0.00639505 0.00944592 0.012642 0.0157725 0.0186334 0.0210402 0.0228438 0.0239427 0.02429 0.0238954 0.0228196 0.0211652 0.0190637 0.016661 0.0141032 0.0115248 0.00903922 0.00673601 0.00468699 0.00296431 0.00164898 0.000787106 0.000322248 0.000115854 3.77101e-05 1.13586e-05 3.19241e-06 8.34976e-07 2.01216e-07 4.39659e-08 8.49149e-09 1.38371e-09 1.71299e-10 1.14922e-11 0 
0 6.56207e-06 7.33343e-05 0.000388434 0.00129084 0.00298025 0.005306 0.00799677 0.0108274 0.0136035 0.0161433 0.0182832 0.0198913 0.0208779 0.0212017 0.0208709 0.0199392 0.0184972 0.016661 0.0145593 0.0123213 0.0100653 0.00789142 0.00588008 0.00409869 0.0026143 0.00149081 0.000749918 0.000334106 0.000133929 4.8981e-05 1.64198e-05 5.02999e-06 1.39885e-06 3.5023e-07 7.80137e-08 1.51425e-08 2.45471e-09 3.00228e-10 1.98107e-11 0 
0 4.26832e-06 4.80165e-05 0.00026136 0.00091322 0.00223427 0.00416664 0.00646765 0.00891063 0.0113129 0.0135134 0.0153706 0.0167704 0.0176356 0.0179309 0.0176636 0.0168806 0.0156602 0.0141032 0.0123213 0.0104263 0.00852076 0.006692 0.0050113 0.00353845 0.00232549 0.00140707 0.000779338 0.000393965 0.000180695 7.44361e-05 2.72682e-05 8.83277e-06 2.52567e-06 6.36826e-07 1.40852e-07 2.69025e-08 4.26825e-09 5.09419e-10 3.27587e-11 0 
0 2.56524e-06 2.89371e-05 0.000161153 0.000591259 0.00154336 0.00305436 0.00494442 0.00699218 0.00901905 0.0108802 0.0124539 0.0136439 0.0143854 0.0146491 0.014442 0.0138042 0.012803 0.0115248 0.0100653 0.00852076 0.00698008 0.00551957 0.0042009 0.00306964 0.00215043 0.00144043 0.000912941 0.000534749 0.00028015 0.00012738 4.94413e-05 1.63703e-05 4.66517e-06 1.15465e-06 2.48652e-07 4.60574e-08 7.07623e-09 8.17911e-10 5.09873e-11 0 
0 1.42308e-06 1.60189e-05 9.06415e-05 0.000346898 0.000966489 0.00205097 0.00351313 0.0051629 0.00682355 0.00835817 0.00966007 0.0106484 0.0112697 0.0115005 0.0113476 0.0108455 0.0100514 0.00903922 0.00789142 0.006692 0.00551957 0.00444126 0.00350626 0.00273766 0.00212602 0.00163286 0.00120909 0.000824037 0.000488471 0.000240133 9.57674e-05 3.12384e-05 8.56384e-06 2.02487e-06 4.17105e-07 7.41177e-08 1.09535e-08 1.22102e-09 7.36065e-11 0 
0 7.28395e-07 8.1382e-06 4.63953e-05 0.000183217 0.000540767 0.0012342 0.00226522 0.00351151 0.0048142 0.00603942 0.00708772 0.00788856 0.00839746 0.00859568 0.0084897 0.00810919 0.00750334 0.00673601 0.00588008 0.0050113 0.0042009 0.00350626 0.00296012 0.00256429 0.00229574 0.00210895 0.00190554 0.0015524 0.00103926 0.0005385 0.000211572 6.42238e-05 1.5902e-05 3.41269e-06 6.52967e-07 1.09914e-07 1.5553e-08 1.66959e-09 9.7322e-11 0 
0 3.44041e-07 3.79544e-06 2.16121e-05 8.69296e-05 0.000267982 0.000652866 0.00128931 0.00213499 0.00308022 0.00400565 0.00481539 0.00544282 0.0058478 0.00601403 0.00594716 0.00567279 0.0052338 0.00468699 0.00409869 0.00353845 0.00306964 0.00273766 0.00256429 0.00257391 0.00286136 0.00352166 0.00421738 0.00412884 0.00298506 0.00154109 0.000568278 0.000152817 3.18221e-05 5.69518e-06 9.52266e-07 1.48035e-07 1.99417e-08 2.06274e-09 1.16517e-10 0 
0 1.50069e-07 1.62702e-06 9.18122e-06 3.7138e-05 0.000117539 0.000300634 0.000633416 0.00112331 0.00172278 0.002351 0.00292653 0.00338645 0.00369135 0.00382433 0.00378884 0.00360648 0.00331478 0.00296431 0.0026143 0.00232549 0.00215043 0.00212602 0.00229574 0.00286136 0.00448357 0.00782247 0.01156 0.0123837 0.00913373 0.00459003 0.00158582 0.000384043 6.77967e-05 9.68565e-06 1.31111e-06 1.7967e-07 2.27808e-08 2.2743e-09 1.25013e-10 0 
0 6.05271e-08 6.42394e-07 3.5692e-06 1.43631e-05 4.59168e-05 0.000120844 0.000266626 0.000500712 0.000814708 0.00117227 0.00152247 0.00181687 0.00202045 0.00211582 0.00210326 0.00199924 0.00183415 0.00164898 0.00149081 0.00140707 0.00144043 0.00163286 0.00210895 0.00352166 0.00782247 0.0167357 0.026741 0.0293985 0.021764 0.0107979 0.00360676 0.000822958 0.000131341 1.57548e-05 1.69466e-06 1.95332e-07 2.29247e-08 2.21365e-09 1.19113e-10 0 
0 2.26081e-08 2.34176e-07 1.27481e-06 5.06208e-06 1.61361e-05 4.29145e-05 9.70724e-05 0.000189218 0.000321864 0.000484504 0.000655097 0.000807159 0.00091794 0.00097412 0.000974232 0.000928512 0.000857077 0.000787106 0.000749918 0.000779338 0.000912941 0.00120909 0.00190554 0.00421738 0.01156 0.026741 0.0437515 0.0484452 0.0358955 0.0177358 0.00584988 0.00129885 0.000197074 2.13885e-05 1.93294e-06 1.86655e-07 2.00929e-08 1.88481e-09 1.00038e-10 0 
0 7.83335e-09 7.90139e-08 4.19988e-07 1.63631e-06 5.15413e-06 1.36683e-05 3.11475e-05 6.17775e-05 0.000107757 0.000166998 0.000232428 0.000293708 0.000340612 0.0003664 0.000369946 0.000356235 0.000335561 0.000322248 0.000334106 0.000393965 0.000534749 0.000824037 0.0015524 0.00412884 0.0123837 0.0293985 0.0484452 0.0537552 0.0398394 0.0196593 0.00645693 0.00141795 0.000210162 2.17118e-05 1.77533e-06 1.50797e-07 1.51316e-08 1.39364e-09 7.3646e-11 0 
0 2.52143e-09 2.4732e-08 1.28073e-07 4.87817e-07 1.50959e-06 3.95758e-06 8.97869e-06 1.7857e-05 3.14303e-05 4.93729e-05 6.97998e-05 8.95788e-05 0.000105335 0.000114711 0.000117339 0.000115224 0.000112617 0.000115854 0.000133929 0.000180695 0.00028015 0.000488471 0.00103926 0.00298506 0.00913373 0.021764 0.0358955 0.0398394 0.0295264 0.0145674 0.00478071 0.00104626 0.000153612 1.55637e-05 1.22402e-06 9.87054e-08 9.66084e-09 8.90431e-10 4.7358e-11 0 
0 7.54751e-10 7.19354e-09 3.62462e-08 1.34683e-07 4.08092e-07 1.05229e-06 2.36009e-06 4.66458e-06 8.19917e-06 1.29152e-05 1.83627e-05 2.37454e-05 2.81742e-05 3.10277e-05 3.22686e-05 3.26143e-05 3.35972e-05 3.77101e-05 4.8981e-05 7.44361e-05 0.00012738 0.000240133 0.0005385 0.00154109 0.00459003 0.0107979 0.0177358 0.0196593 0.0145674 0.00719123 0.00236294 0.000517381 7.58959e-05 7.70506e-06 6.14215e-07 5.12173e-08 5.19714e-09 4.9074e-10 2.65619e-11 0 
0 2.10137e-10 1.9457e-09 9.53453e-09 3.4527e-08 1.02253e-07 2.58625e-07 5.71225e-07 1.11643e-06 1.94845e-06 3.05868e-06 4.34833e-06 5.63948e-06 6.73369e-06 7.50052e-06 7.96292e-06 8.35865e-06 9.19412e-06 1.13586e-05 1.64198e-05 2.72682e-05 4.94413e-05 9.57674e-05 0.000211572 0.000568278 0.00158582 0.00360676 0.00584988 0.00645693 0.00478071 0.00236294 0.000778409 0.000170996 2.52901e-05 2.63705e-06 2.26269e-07 2.13239e-08 2.36922e-09 2.33684e-10 1.29963e-11 0 
0 5.43563e-11 4.89055e-10 2.33089e-09 8.22406e-09 2.3789e-08 5.89436e-08 1.27967e-07 2.46709e-07 4.26251e-07 6.64778e-07 9.4225e-07 1.22302e-06 1.46852e-06 1.65702e-06 1.80461e-06 1.98462e-06 2.35198e-06 3.19241e-06 5.02999e-06 8.83277e-06 1.63703e-05 3.12384e-05 6.42238e-05 0.000152817 0.000384043 0.000822958 0.00129885 0.00141795 0.00104626 0.000517381 0.000170996 3.78957e-05 5.74763e-06 6.42505e-07 6.45374e-08 7.42505e-09 9.27702e-10 9.64889e-11 5.55241e-12 0 
0 1.30214e-11 1.13908e-10 5.28302e-10 1.81672e-09 5.13287e-09 1.2455e-08 2.65594e-08 5.04562e-08 8.619e-08 1.33366e-07 1.88253e-07 2.44419e-07 2.95333e-07 3.38505e-07 3.80346e-07 4.4169e-07 5.65986e-07 8.34976e-07 1.39885e-06 2.52567e-06 4.66517e-06 8.56384e-06 1.5902e-05 3.18221e-05 6.77967e-05 0.000131341 0.000197074 0.000210162 0.000153612 7.58959e-05 2.52901e-05 5.74763e-06 9.30153e-07 1.21003e-07 1.5702e-08 2.26427e-09 3.15663e-10 3.46461e-11 2.07216e-12 0 
0 2.87016e-12 2.44321e-11 1.10359e-10 3.70139e-10 1.02197e-09 2.4292e-09 5.08818e-09 9.52309e-09 1.60781e-08 2.4675e-08 3.46831e-08 4.50671e-08 5.48931e-08 6.41525e-08 7.48274e-08 9.22941e-08 1.27553e-07 2.01216e-07 3.5023e-07 6.36826e-07 1.15465e-06 2.02487e-06 3.41269e-06 5.69518e-06 9.68565e-06 1.57548e-05 2.13885e-05 2.17118e-05 1.55637e-05 7.70506e-06 2.63705e-06 6.42505e-07 1.21003e-07 2.05255e-08 3.57143e-09 6.17089e-10 9.36323e-11 1.08166e-11 6.74234e-13 0 
0 5.7509e-13 4.76871e-12 2.10004e-11 6.8763e-11 1.85693e-10 4.32662e-10 8.90596e-10 1.6427e-09 2.74182e-09 4.17468e-09 5.84663e-09 7.61298e-09 9.37183e-09 1.12188e-08 1.36641e-08 1.79466e-08 2.65372e-08 4.39659e-08 7.80137e-08 1.40852e-07 2.48652e-07 4.17105e-07 6.52967e-07 9.52266e-07 1.31111e-06 1.69466e-06 1.93294e-06 1.77533e-06 1.22402e-06 6.14215e-07 2.26269e-07 6.45374e-08 1.5702e-08 3.57143e-09 7.69231e-10 1.48723e-10 2.40639e-11 2.9194e-12 1.89937e-13 0 
0 1.02412e-13 8.28195e-13 3.56002e-12 1.13933e-11 3.01238e-11 6.88638e-11 1.39411e-10 2.5359e-10 4.18713e-10 6.32984e-10 8.84277e-10 1.15608e-09 1.44321e-09 1.77845e-09 2.27247e-09 3.17389e-09 4.96321e-09 8.49149e-09 1.51425e-08 2.69025e-08 4.60574e-08 7.41177e-08 1.09914e-07 1.48035e-07 1.7967e-07 1.95332e-07 1.86655e-07 1.50797e-07 9.87054e-08 5.12173e-08 2.13239e-08 7.42505e-09 2.26427e-09 6.17089e-10 1.48723e-10 3.08502e-11 5.26826e-12 6.70185e-13 4.55308e-14 0 
0 1.54965e-14 1.22367e-13 5.14077e-13 1.61003e-12 4.17276e-12 9.36912e-12 1.86726e-11 3.3527e-11 5.48137e-11 8.23655e-11 1.14962e-10 1.51292e-10 1.92285e-10 2.45119e-10 3.29431e-10 4.86753e-10 7.94448e-10 1.38371e-09 2.45471e-09 4.26825e-09 7.07623e-09 1.09535e-08 1.5553e-08 1.99417e-08 2.27808e-08 2.29247e-08 2.00929e-08 1.51316e-08 9.66084e-09 5.19714e-09 2.36922e-09 9.27702e-10 3.15663e-10 9.36323e-11 2.40639e-11 5.26826e-12 9.44967e-13 1.25859e-13 8.92496e-15 0 
0 1.79515e-15 1.38589e-14 5.69772e-14 1.74852e-13 4.44761e-13 9.81979e-13 1.92879e-12 3.42219e-12 5.54646e-12 8.29627e-12 1.15931e-11 1.54056e-11 2.00201e-11 2.65095e-11 3.74668e-11 5.80965e-11 9.77035e-11 1.71299e-10 3.00228e-10 5.09419e-10 8.17911e-10 1.22102e-09 1.66959e-09 2.06274e-09 2.2743e-09 2.21365e-09 1.88481e-09 1.39364e-09 8.90431e-10 4.9074e-10 2.33684e-10 9.64889e-11 3.46461e-11 1.08166e-11 2.9194e-12 6.70185e-13 1.25859e-13 1.7517e-14 1.29512e-15 0 
0 1.13564e-16 8.58254e-16 3.45746e-15 1.041e-14 2.60204e-14 5.65607e-14 1.0962e-13 1.92426e-13 3.09595e-13 4.61784e-13 6.47664e-13 8.72131e-13 1.16378e-12 1.60494e-12 2.37827e-12 3.8331e-12 6.56691e-12 1.14922e-11 1.98107e-11 3.27587e-11 5.09873e-11 7.36065e-11 9.7322e-11 1.16517e-10 1.25013e-10 1.19113e-10 1.00038e-10 7.3646e-11 4.7358e-11 2.65619e-11 1.29963e-11 5.55241e-12 2.07216e-12 6.74234e-13 1.89937e-13 4.55308e-14 8.92496e-15 1.29512e-15 9.9679e-17 0 
0 0 0 0 0 0 0 0 0 0 0 0 0 0 0 0 0 0 0 0 0 0 0 0 0 0 0 0 0 0 0 0 0 0 0 0 0 0 0 0 0 
