0 0 0 0 0 0 0 0 0 0 0 0 0 0 0 0 0 0 0 0 0 0 0 0 0 0 0 0 0 0 0 0 0 0 0 0 0 0 0 0 0 
0 2.72655e-07 2.44987e-06 1.09766e-05 3.40305e-05 8.12062e-05 0.000158171 0.00026265 0.000385026 0.00051209 0.000630741 0.000730168 0.00080267 0.000843722 0.00085175 0.000827792 0.000775128 0.00069888 0.000605577 0.000502665 0.000397917 0.000298721 0.000211259 0.000139721 8.57665e-05 4.85145e-05 2.51346e-05 1.18734e-05 5.10115e-06 1.99152e-06 7.06777e-07 2.28187e-07 6.70357e-08 1.7895e-08 4.32143e-09 9.34654e-10 1.77375e-10 2.82921e-11 3.42332e-12 2.2449e-13 0 
0 2.44987e-06 2.26124e-05 0.000100951 0.00029994 0.000663029 0.00117499 0.00177444 0.00239299 0.0029766 0.00348684 0.00389665 0.00418761 0.00434927 0.00437904 0.00428189 0.00406941 0.00375838 0.00336914 0.00292409 0.00244671 0.00196131 0.00149311 0.00106758 0.000707775 0.000429368 0.000235556 0.000115891 5.0934e-05 2.00063e-05 7.04682e-06 2.23557e-06 6.41089e-07 1.664e-07 3.89953e-08 8.17989e-09 1.5061e-09 2.33296e-10 2.74503e-11 1.75316e-12 0 
0 1.09766e-05 0.000100951 0.000426749 0.00114158 0.00222375 0.00351591 0.00487596 0.0062129 0.00745823 0.00854976 0.00943206 0.0100619 0.0104124 0.0104757 0.0102621 0.0097982 0.00912332 0.00828479 0.00733295 0.00631638 0.00527821 0.00425463 0.003277 0.0023774 0.00159365 0.000965596 0.000518201 0.00024307 9.93241e-05 3.55456e-05 1.12497e-05 3.1787e-06 8.06906e-07 1.84204e-07 3.7577e-08 6.72686e-09 1.01375e-09 1.16183e-10 7.23808e-12 0 
0 3.40305e-05 0.00029994 0.00114158 0.00266762 0.00464165 0.00684114 0.00914259 0.0114362 0.0135998 0.0155113 0.0170632 0.0181733 0.0187917 0.0189027 0.0185246 0.017705 0.0165149 0.0150406 0.0133751 0.0116097 0.00982672 0.00809348 0.00645789 0.00494935 0.00358776 0.00240132 0.00143836 0.000747604 0.000330652 0.000124212 4.01208e-05 1.13342e-05 2.83971e-06 6.35269e-07 1.26559e-07 2.20986e-08 3.24863e-09 3.63487e-10 2.2135e-11 0 
0 8.12062e-05 0.000663029 0.00222375 0.00464165 0.00757976 0.0108687 0.0143613 0.0178708 0.0211933 0.0241332 0.0265217 0.028231 0.029183 0.0293536 0.0287707 0.0275082 0.0256756 0.0234067 0.0208459 0.0181359 0.0154074 0.0127703 0.0103075 0.00807089 0.00608067 0.00433599 0.00284315 0.00164637 0.000808363 0.00032894 0.00011135 3.20317e-05 8.01401e-06 1.7702e-06 3.46216e-07 5.92006e-08 8.51691e-09 9.32935e-10 5.56702e-11 0 
0 0.000158171 0.00117499 0.00351591 0.00684114 0.0108687 0.0154354 0.0203135 0.025225 0.0298783 0.0339971 0.0373439 0.0397391 0.0410733 0.0413123 0.0404952 0.0387256 0.0361576 0.0329786 0.0293915 0.0255972 0.0217799 0.0180959 0.0146661 0.0115717 0.00885222 0.00650639 0.00450568 0.00283568 0.00154182 0.000691097 0.000250815 7.48677e-05 1.89461e-05 4.16692e-06 8.04711e-07 1.35338e-07 1.91222e-08 2.05688e-09 1.20594e-10 0 
0 0.00026265 0.00177444 0.00487596 0.00914259 0.0143613 0.0203135 0.026682 0.0330973 0.0391766 0.0445585 0.0489358 0.0520813 0.0538474 0.0541658 0.0530806 0.0507483 0.0473838 0.0432285 0.0385422 0.033586 0.0286013 0.0237929 0.0193206 0.0152943 0.0117735 0.00876843 0.00624329 0.00413962 0.00243752 0.00119957 0.000472206 0.000148476 3.84601e-05 8.49155e-06 1.62857e-06 2.70575e-07 3.76821e-08 3.99265e-09 2.30637e-10 0 
0 0.000385026 0.00239299 0.0062129 0.0114362 0.0178708 0.025225 0.0330973 0.0410286 0.0485463 0.0552218 0.0607563 0.0649452 0.0674435 0.0679104 0.06635 0.0631385 0.0587721 0.0535691 0.0477646 0.0416369 0.0354752 0.0295328 0.0240078 0.0190378 0.0147 0.0110151 0.00795005 0.00542823 0.00337331 0.00179232 0.000764132 0.000255062 6.82289e-05 1.52273e-05 2.91517e-06 4.80408e-07 6.61733e-08 6.9276e-09 3.95356e-10 0 
0 0.00051209 0.0029766 0.00745823 0.0135998 0.0211933 0.0298783 0.0391766 0.0485463 0.0574559 0.0655767 0.0728081 0.0783471 0.0813627 0.0819073 0.0801168 0.0760163 0.0701354 0.0635098 0.0565248 0.0492702 0.0419918 0.034974 0.0284504 0.0225842 0.0174684 0.0131314 0.00954323 0.00662121 0.00425574 0.00239216 0.00109251 0.00038698 0.000107361 2.4334e-05 4.66891e-06 7.65823e-07 1.04657e-07 1.08561e-08 6.13691e-10 0 
0 0.000630741 0.00348684 0.00854976 0.0155113 0.0241332 0.0339971 0.0445585 0.0552218 0.0655767 0.0756002 0.0838319 0.08872 0.0910473 0.0914764 0.0901583 0.0868483 0.0809768 0.0728888 0.0644122 0.0560442 0.0477642 0.0397934 0.0323851 0.0257246 0.0199184 0.0150009 0.0109432 0.00766014 0.00502478 0.00293543 0.00141472 0.000528135 0.000151877 3.50274e-05 6.75287e-06 1.10542e-06 1.50275e-07 1.54848e-08 8.69163e-10 0 
0 0.000730168 0.00389665 0.00943206 0.0170632 0.0265217 0.0373439 0.0489358 0.0607563 0.0728081 0.0838319 0.0908017 0.0946301 0.0965024 0.0968663 0.0958243 0.0932242 0.0885704 0.0809668 0.0712038 0.0616189 0.0524632 0.0437133 0.0355854 0.0282788 0.0219107 0.0165199 0.0120778 0.00849693 0.00564148 0.00337918 0.00169292 0.000658982 0.000195512 4.5845e-05 8.88998e-06 1.455e-06 1.97184e-07 2.02292e-08 1.12995e-09 0 
0 0.00080267 0.00418761 0.0100619 0.0181733 0.028231 0.0397391 0.0520813 0.0649452 0.0783471 0.08872 0.0946301 0.0979694 0.0996376 0.0999729 0.0990571 0.0967802 0.0927739 0.0861985 0.0764 0.0657445 0.055844 0.0465238 0.0378801 0.0301105 0.0233395 0.0176092 0.0128906 0.00909448 0.00608023 0.00369778 0.00190014 0.000761835 0.000231439 5.50081e-05 1.07256e-05 1.75699e-06 2.37776e-07 2.4334e-08 1.35538e-09 0 
0 0.000843722 0.00434927 0.0104124 0.0187917 0.029183 0.0410733 0.0538474 0.0674435 0.0813627 0.0910473 0.0965024 0.0996376 0.10122 0.101544 0.100682 0.0985424 0.0948094 0.0887486 0.0793272 0.068148 0.0577474 0.0480968 0.0391647 0.0311364 0.0241404 0.0182202 0.0133469 0.00943005 0.00632683 0.00387849 0.00202096 0.000824306 0.00025409 6.09333e-05 1.19308e-05 1.95709e-06 2.64846e-07 2.70857e-08 1.50723e-09 0 
0 0.00085175 0.00437904 0.0104757 0.0189027 0.0293536 0.0413123 0.0541658 0.0679104 0.0819073 0.0914764 0.0968663 0.0999729 0.101544 0.101866 0.101013 0.0988939 0.0952015 0.0892193 0.0798735 0.0686056 0.0581036 0.0483913 0.0394065 0.0313309 0.0242935 0.0183383 0.0134365 0.00949756 0.00637848 0.00391883 0.0020502 0.000840677 0.00026044 6.26856e-05 1.23032e-05 2.02138e-06 2.73866e-07 2.80363e-08 1.56161e-09 0 
0 0.000827792 0.00428189 0.0102621 0.0185246 0.0287707 0.0404952 0.0530806 0.06635 0.0801168 0.0901583 0.0958243 0.0990571 0.100682 0.101013 0.100128 0.0979255 0.0940693 0.0877761 0.078136 0.0671428 0.0569608 0.0474526 0.038643 0.0307239 0.0238224 0.0179818 0.0131734 0.00930778 0.00624367 0.00382513 0.00199131 0.000811906 0.000250519 6.02161e-05 1.18269e-05 1.94679e-06 2.64421e-07 2.7146e-08 1.51661e-09 0 
0 0.000775128 0.00406941 0.0097982 0.017705 0.0275082 0.0387256 0.0507483 0.0631385 0.0760163 0.0868483 0.0932242 0.0967802 0.0985424 0.0988939 0.0979255 0.0955113 0.0912336 0.0841916 0.0742642 0.0640528 0.0544818 0.0454021 0.0369729 0.0293946 0.0227894 0.0171983 0.0125932 0.00888681 0.00594135 0.00361177 0.00185544 0.000744958 0.000227221 5.43333e-05 1.06698e-05 1.76123e-06 2.40253e-07 2.47916e-08 1.39281e-09 0 
0 0.00069888 0.00375838 0.00912332 0.0165149 0.0256756 0.0361576 0.0473838 0.0587721 0.0701354 0.0809768 0.0885704 0.0927739 0.0948094 0.0952015 0.0940693 0.0912336 0.0861344 0.0781635 0.0688233 0.0597287 0.0508957 0.0424206 0.0345439 0.0274613 0.0212869 0.0160587 0.0117492 0.00827341 0.00549965 0.00330088 0.00166089 0.000651759 0.000195574 4.64541e-05 9.12866e-06 1.51429e-06 2.08052e-07 2.1648e-08 1.22708e-09 0 
0 0.000605577 0.00336914 0.00828479 0.0150406 0.0234067 0.0329786 0.0432285 0.0535691 0.0635098 0.0728888 0.0809668 0.0861985 0.0887486 0.0892193 0.0877761 0.0841916 0.0781635 0.0705132 0.0625458 0.0544897 0.0464626 0.0387272 0.0315355 0.0250679 0.0194282 0.0146503 0.0107069 0.00751591 0.00495511 0.00292309 0.00143306 0.000547839 0.000161716 3.82446e-05 7.54756e-06 1.26345e-06 1.75599e-07 1.85031e-08 1.06254e-09 0 
0 0.000502665 0.00292409 0.00733295 0.0133751 0.0208459 0.0293915 0.0385422 0.0477646 0.0565248 0.0644122 0.0712038 0.0764 0.0793272 0.0798735 0.078136 0.0742642 0.0688233 0.0625458 0.055741 0.0486174 0.0414615 0.0345598 0.0281427 0.0223711 0.0173368 0.0130687 0.00953919 0.00667026 0.00435388 0.00251979 0.00120438 0.000450639 0.000131824 3.12811e-05 6.24387e-06 1.06132e-06 1.5e-07 1.60755e-08 9.38357e-10 0 
0 0.000397917 0.00244671 0.00631638 0.0116097 0.0181359 0.0255972 0.033586 0.0416369 0.0492702 0.0560442 0.0616189 0.0657445 0.068148 0.0686056 0.0671428 0.0640528 0.0597287 0.0544897 0.0486174 0.0424127 0.0361725 0.0301541 0.0245589 0.0195265 0.0151362 0.011411 0.00832317 0.00580136 0.00375688 0.00214674 0.00101336 0.000377595 0.000111283 2.6831e-05 5.46205e-06 9.47345e-07 1.3646e-07 1.48769e-08 8.81466e-10 0 
0 0.000298721 0.00196131 0.00527821 0.00982672 0.0154074 0.0217799 0.0286013 0.0354752 0.0419918 0.0477642 0.0524632 0.055844 0.0577474 0.0581036 0.0569608 0.0544818 0.0508957 0.0464626 0.0414615 0.0361725 0.0308542 0.0257269 0.020962 0.0166785 0.0129434 0.00977521 0.00714692 0.00499587 0.00324994 0.00187465 0.000900615 0.000344072 0.000104227 2.57684e-05 5.35473e-06 9.43587e-07 1.37527e-07 1.51186e-08 9.00721e-10 0 
0 0.000211259 0.00149311 0.00425463 0.00809348 0.0127703 0.0180959 0.0237929 0.0295328 0.034974 0.0397934 0.0437133 0.0465238 0.0480968 0.0483913 0.0474526 0.0454021 0.0424206 0.0387272 0.0345598 0.0301541 0.0257269 0.0214623 0.0175044 0.0139562 0.0108828 0.00830656 0.00618867 0.00443848 0.00297719 0.00178594 0.000900906 0.000361045 0.000113217 2.85167e-05 5.96541e-06 1.05056e-06 1.52398e-07 1.66359e-08 9.82883e-10 0 
0 0.000139721 0.00106758 0.003277 0.00645789 0.0103075 0.0146661 0.0193206 0.0240078 0.0284504 0.0323851 0.0355854 0.0378801 0.0391647 0.0394065 0.038643 0.0369729 0.0345439 0.0315355 0.0281427 0.0245589 0.020962 0.0175044 0.014312 0.011503 0.0092109 0.0075117 0.00622349 0.00493655 0.00347725 0.00209872 0.0010683 0.000438127 0.000139261 3.49046e-05 7.18446e-06 1.23983e-06 1.76113e-07 1.88372e-08 1.09177e-09 0 
0 8.57665e-05 0.000707775 0.0023774 0.00494935 0.00807089 0.0115717 0.0152943 0.0190378 0.0225842 0.0257246 0.0282788 0.0301105 0.0311364 0.0313309 0.0307239 0.0293946 0.0274613 0.0250679 0.0223711 0.0195265 0.0166785 0.0139562 0.011503 0.00959411 0.00876419 0.00940274 0.010592 0.0101906 0.00743215 0.00403288 0.00172689 0.000624389 0.000185637 4.42162e-05 8.70424e-06 1.44771e-06 1.99364e-07 2.07556e-08 1.17456e-09 0 
0 4.85145e-05 0.000429368 0.00159365 0.00358776 0.00608067 0.00885222 0.0117735 0.0147 0.0174684 0.0199184 0.0219107 0.0233395 0.0241404 0.0242935 0.0238224 0.0227894 0.0212869 0.0194282 0.0173368 0.0151362 0.0129434 0.0108828 0.0092109 0.00876419 0.0114793 0.0188599 0.0282572 0.0327376 0.0216774 0.0109716 0.00393057 0.00110198 0.000267621 5.58305e-05 1.00646e-05 1.5849e-06 2.10528e-07 2.13191e-08 1.1787e-09 0 
0 2.51346e-05 0.000235556 0.000965596 0.00240132 0.00433599 0.00650639 0.00876843 0.0110151 0.0131314 0.0150009 0.0165199 0.0176092 0.0182202 0.0183383 0.0179818 0.0171983 0.0160587 0.0146503 0.0130687 0.011411 0.00977521 0.00830656 0.0075117 0.00940274 0.0188599 0.040767 0.0744068 0.0796267 0.0591158 0.0255303 0.00859155 0.00206151 0.000400126 6.85741e-05 1.07654e-05 1.57035e-06 2.00632e-07 1.98285e-08 1.07577e-09 0 
0 1.18734e-05 0.000115891 0.000518201 0.00143836 0.00284315 0.00450568 0.00624329 0.00795005 0.00954323 0.0109432 0.0120778 0.0128906 0.0133469 0.0134365 0.0131734 0.0125932 0.0117492 0.0107069 0.00953919 0.00832317 0.00714692 0.00618867 0.00622349 0.010592 0.0282572 0.0744068 0.0875162 0.0891954 0.0832819 0.0497615 0.0138416 0.00313614 0.000532722 7.66269e-05 1.03002e-05 1.37239e-06 1.68744e-07 1.63808e-08 8.78151e-10 0 
0 5.10115e-06 5.0934e-05 0.00024307 0.000747604 0.00164637 0.00283568 0.00413962 0.00542823 0.00662121 0.00766014 0.00849693 0.00909448 0.00943005 0.00949756 0.00930778 0.00888681 0.00827341 0.00751591 0.00667026 0.00580136 0.00499587 0.00443848 0.00493655 0.0101906 0.0327376 0.0796267 0.0891954 0.0904765 0.0856702 0.0594301 0.0152646 0.00339433 0.00054449 7.03434e-05 8.37604e-06 1.03191e-06 1.23283e-07 1.18696e-08 6.34228e-10 0 
0 1.99152e-06 2.00063e-05 9.93241e-05 0.000330652 0.000808363 0.00154182 0.00243752 0.00337331 0.00425574 0.00502478 0.00564148 0.00608023 0.00632683 0.00637848 0.00624367 0.00594135 0.00549965 0.00495511 0.00435388 0.00375688 0.00324994 0.00297719 0.00347725 0.00743215 0.0216774 0.0591158 0.0832819 0.0856702 0.0779197 0.0361871 0.0113013 0.00250812 0.000396236 4.88982e-05 5.48829e-06 6.52134e-07 7.73933e-08 7.48654e-09 4.02593e-10 0 
0 7.06777e-07 7.04682e-06 3.55456e-05 0.000124212 0.00032894 0.000691097 0.00119957 0.00179232 0.00239216 0.00293543 0.00337918 0.00369778 0.00387849 0.00391883 0.00382513 0.00361177 0.00330088 0.00292309 0.00251979 0.00214674 0.00187465 0.00178594 0.00209872 0.00403288 0.0109716 0.0255303 0.0497615 0.0594301 0.0361871 0.0169807 0.00560139 0.00125495 0.000200311 2.47804e-05 2.81205e-06 3.42007e-07 4.15418e-08 4.09595e-09 2.23838e-10 0 
0 2.28187e-07 2.23557e-06 1.12497e-05 4.01208e-05 0.00011135 0.000250815 0.000472206 0.000764132 0.00109251 0.00141472 0.00169292 0.00190014 0.00202096 0.0020502 0.00199131 0.00185544 0.00166089 0.00143306 0.00120438 0.00101336 0.000900615 0.000900906 0.0010683 0.00172689 0.00393057 0.00859155 0.0138416 0.0152646 0.0113013 0.00560139 0.00186803 0.000428464 7.05742e-05 9.18583e-06 1.13405e-06 1.49574e-07 1.90966e-08 1.94347e-09 1.08877e-10 0 
0 6.70357e-08 6.41089e-07 3.1787e-06 1.13342e-05 3.20317e-05 7.48677e-05 0.000148476 0.000255062 0.00038698 0.000528135 0.000658982 0.000761835 0.000824306 0.000840677 0.000811906 0.000744958 0.000651759 0.000547839 0.000450639 0.000377595 0.000344072 0.000361045 0.000438127 0.000624389 0.00110198 0.00206151 0.00313614 0.00339433 0.00250812 0.00125495 0.000428464 0.000102048 1.78786e-05 2.60779e-06 3.74953e-07 5.55725e-08 7.56248e-09 8.01108e-10 4.63305e-11 0 
0 1.7895e-08 1.664e-07 8.06906e-07 2.83971e-06 8.01401e-06 1.89461e-05 3.84601e-05 6.82289e-05 0.000107361 0.000151877 0.000195512 0.000231439 0.00025409 0.00026044 0.000250519 0.000227221 0.000195574 0.000161716 0.000131824 0.000111283 0.000104227 0.000113217 0.000139261 0.000185637 0.000267621 0.000400126 0.000532722 0.00054449 0.000396236 0.000200311 7.05742e-05 1.78786e-05 3.52625e-06 6.18997e-07 1.07242e-07 1.78758e-08 2.59474e-09 2.87358e-10 1.72439e-11 0 
0 4.32143e-09 3.89953e-08 1.84204e-07 6.35269e-07 1.7702e-06 4.16692e-06 8.49155e-06 1.52273e-05 2.4334e-05 3.50274e-05 4.5845e-05 5.50081e-05 6.09333e-05 6.26856e-05 6.02161e-05 5.43333e-05 4.64541e-05 3.82446e-05 3.12811e-05 2.6831e-05 2.57684e-05 2.85167e-05 3.49046e-05 4.42162e-05 5.58305e-05 6.85741e-05 7.66269e-05 7.03434e-05 4.88982e-05 2.47804e-05 9.18583e-06 2.60779e-06 6.18997e-07 1.34453e-07 2.73954e-08 5.01827e-09 7.72824e-10 8.96456e-11 5.60068e-12 0 
0 9.34654e-10 8.17989e-09 3.7577e-08 1.26559e-07 3.46216e-07 8.04711e-07 1.62857e-06 2.91517e-06 4.66891e-06 6.75287e-06 8.88998e-06 1.07256e-05 1.19308e-05 1.23032e-05 1.18269e-05 1.06698e-05 9.12866e-06 7.54756e-06 6.24387e-06 5.46205e-06 5.35473e-06 5.96541e-06 7.18446e-06 8.70424e-06 1.00646e-05 1.07654e-05 1.03002e-05 8.37604e-06 5.48829e-06 2.81205e-06 1.13405e-06 3.74953e-07 1.07242e-07 2.73954e-08 6.22347e-09 1.22366e-09 1.98927e-10 2.41831e-11 1.57596e-12 0 
0 1.77375e-10 1.5061e-09 6.72686e-09 2.20986e-08 5.92006e-08 1.35338e-07 2.70575e-07 4.80408e-07 7.65823e-07 1.10542e-06 1.455e-06 1.75699e-06 1.95709e-06 2.02138e-06 1.94679e-06 1.76123e-06 1.51429e-06 1.26345e-06 1.06132e-06 9.47345e-07 9.43587e-07 1.05056e-06 1.23983e-06 1.44771e-06 1.5849e-06 1.57035e-06 1.37239e-06 1.03191e-06 6.52134e-07 3.42007e-07 1.49574e-07 5.55725e-08 1.78758e-08 5.01827e-09 1.22366e-09 2.54796e-10 4.35796e-11 5.55044e-12 3.77539e-13 0 
0 2.82921e-11 2.33296e-10 1.01375e-09 3.24863e-09 8.51691e-09 1.91222e-08 3.76821e-08 6.61733e-08 1.04657e-07 1.50275e-07 1.97184e-07 2.37776e-07 2.64846e-07 2.73866e-07 2.64421e-07 2.40253e-07 2.08052e-07 1.75599e-07 1.5e-07 1.3646e-07 1.37527e-07 1.52398e-07 1.76113e-07 1.99364e-07 2.10528e-07 2.00632e-07 1.68744e-07 1.23283e-07 7.73933e-08 4.15418e-08 1.90966e-08 7.56248e-09 2.59474e-09 7.72824e-10 1.98927e-10 4.35796e-11 7.82142e-12 1.04246e-12 7.39856e-14 0 
0 3.42332e-12 2.74503e-11 1.16183e-10 3.63487e-10 9.32935e-10 2.05688e-09 3.99265e-09 6.9276e-09 1.08561e-08 1.54848e-08 2.02292e-08 2.4334e-08 2.70857e-08 2.80363e-08 2.7146e-08 2.47916e-08 2.1648e-08 1.85031e-08 1.60755e-08 1.48769e-08 1.51186e-08 1.66359e-08 1.88372e-08 2.07556e-08 2.13191e-08 1.98285e-08 1.63808e-08 1.18696e-08 7.48654e-09 4.09595e-09 1.94347e-09 8.01108e-10 2.87358e-10 8.96456e-11 2.41831e-11 5.55044e-12 1.04246e-12 1.45138e-13 1.07365e-14 0 
0 2.2449e-13 1.75316e-12 7.23808e-12 2.2135e-11 5.56702e-11 1.20594e-10 2.30637e-10 3.95356e-10 6.13691e-10 8.69163e-10 1.12995e-09 1.35538e-09 1.50723e-09 1.56161e-09 1.51661e-09 1.39281e-09 1.22708e-09 1.06254e-09 9.38357e-10 8.81466e-10 9.00721e-10 9.82883e-10 1.09177e-09 1.17456e-09 1.1787e-09 1.07577e-09 8.78151e-10 6.34228e-10 4.02593e-10 2.23838e-10 1.08877e-10 4.63305e-11 1.72439e-11 5.60068e-12 1.57596e-12 3.77539e-13 7.39856e-14 1.07365e-14 8.26544e-16 0 
0 0 0 0 0 0 0 0 0 0 0 0 0 0 0 0 0 0 0 0 0 0 0 0 0 0 0 0 0 0 0 0 0 0 0 0 0 0 0 0 0 
