0 0 0 0 0 0 0 0 0 0 0 0 0 0 0 0 0 0 0 0 0 0 0 0 0 0 0 0 0 0 0 0 0 0 0 0 0 0 0 0 0 
0 2.88365e-07 2.58802e-06 1.15693e-05 3.57481e-05 8.49561e-05 0.000164763 0.000272489 0.000398054 0.000527916 0.000648817 0.000749908 0.000823507 0.00086513 0.000873239 0.000848904 0.000795432 0.000717965 0.000623058 0.000518198 0.000411223 0.000309624 0.000219729 0.000145894 8.9943e-05 5.11109e-05 2.66045e-05 1.26262e-05 5.4485e-06 2.13575e-06 7.60708e-07 2.46374e-07 7.2575e-08 1.94181e-08 4.69822e-09 1.01776e-09 1.93397e-10 3.08805e-11 3.73974e-12 2.45412e-13 0 
0 2.58802e-06 2.38433e-05 0.000106047 0.000313338 0.000688261 0.00121241 0.00182198 0.0024481 0.00303731 0.00355174 0.00396462 0.00425766 0.0044204 0.00445027 0.0043523 0.00413815 0.00382473 0.00343247 0.00298379 0.00250208 0.00201147 0.00153696 0.00110395 0.000735854 0.000449115 0.000247975 0.000122781 5.42858e-05 2.14361e-05 7.58447e-06 2.4151e-06 6.94664e-07 1.80743e-07 4.24388e-08 8.91596e-09 1.64364e-09 2.54847e-10 3.0009e-11 1.91774e-12 0 
0 1.15693e-05 0.000106047 0.000445459 0.00118194 0.00228485 0.00359224 0.00496389 0.00631114 0.00756618 0.00866647 0.00955598 0.010191 0.0105444 0.010608 0.0103924 0.00992446 0.00924386 0.00839843 0.00743906 0.00641485 0.00536925 0.00433841 0.00335311 0.00244433 0.00164885 0.00100666 0.000544769 0.000257659 0.000106073 3.81966e-05 1.21474e-05 3.44505e-06 8.76945e-07 2.0061e-07 4.09881e-08 7.34622e-09 1.10809e-09 1.27082e-10 7.92127e-12 0 
0 3.57481e-05 0.000313338 0.00118194 0.00273696 0.0047323 0.00695011 0.00927075 0.0115842 0.0137671 0.0156956 0.0172613 0.0183813 0.019005 0.0191168 0.018735 0.0179079 0.0167071 0.0152196 0.0135393 0.0117585 0.00996067 0.0082137 0.00656615 0.00504726 0.00367551 0.00247642 0.00149632 0.000785563 0.000350925 0.000132972 4.32402e-05 1.22752e-05 3.08605e-06 6.92041e-07 1.38104e-07 2.41438e-08 3.55239e-09 3.97728e-10 2.42317e-11 0 
0 8.49561e-05 0.000688261 0.00228485 0.0047323 0.00769631 0.0110143 0.0145387 0.0180804 0.0214334 0.0244001 0.0268101 0.0285346 0.029495 0.0296668 0.0290784 0.0278041 0.0259549 0.0236653 0.0210813 0.0183469 0.0155941 0.012934 0.0104505 0.00819633 0.00619207 0.00443545 0.00292896 0.00171273 0.000850654 0.000350038 0.000119583 3.46291e-05 8.70275e-06 1.92802e-06 3.77822e-07 6.46901e-08 9.31502e-09 1.021e-09 6.09519e-11 0 
0 0.000164763 0.00121241 0.00359224 0.00695011 0.0110143 0.0156235 0.0205472 0.0255042 0.0302003 0.0343566 0.0377336 0.0401502 0.0414961 0.0417369 0.0409119 0.0391259 0.0365344 0.0333266 0.029707 0.0258783 0.0220266 0.0183095 0.0148493 0.0117283 0.00898689 0.00662417 0.00460992 0.00292455 0.00160799 0.000729973 0.000268015 8.07081e-05 2.05447e-05 4.53544e-06 8.77937e-07 1.47874e-07 2.09137e-08 2.25102e-09 1.32034e-10 0 
0 0.000272489 0.00182198 0.00496389 0.00927075 0.0145387 0.0205472 0.0269754 0.03345 0.0395849 0.0450158 0.0494339 0.0526127 0.0544021 0.0547249 0.0536232 0.0512625 0.0478643 0.0436707 0.0389419 0.033941 0.0289112 0.0240595 0.019547 0.0154848 0.0119337 0.00890438 0.00636131 0.00424308 0.00252256 0.00125741 0.000501629 0.000159467 4.16201e-05 9.23267e-06 1.77576e-06 2.95544e-07 4.1204e-08 4.36881e-09 2.5248e-10 0 
0 0.000398054 0.0024481 0.00631114 0.0115842 0.0180804 0.0255042 0.03345 0.0414544 0.0490409 0.0557837 0.0614082 0.0657295 0.0683365 0.0688255 0.0671936 0.0638542 0.0593799 0.0541085 0.0482482 0.0420652 0.035848 0.029852 0.0242773 0.0192626 0.0148863 0.0111699 0.00808092 0.00554183 0.00347086 0.00186614 0.000806905 0.000272806 7.36534e-05 1.65337e-05 3.17617e-06 5.24484e-07 7.23327e-08 7.57814e-09 4.32692e-10 0 
0 0.000527916 0.00303731 0.00756618 0.0137671 0.0214334 0.0302003 0.0395849 0.0490409 0.0580414 0.066317 0.0738195 0.0794971 0.0825061 0.0830465 0.0812781 0.0771299 0.0710272 0.0641836 0.0570925 0.0497673 0.0424233 0.0353425 0.0287602 0.0228412 0.0176796 0.0133045 0.00968654 0.00674312 0.00436135 0.00247744 0.00114744 0.000412185 0.000115593 2.63811e-05 5.08226e-06 8.35578e-07 1.14347e-07 1.18712e-08 6.71425e-10 0 
0 0.000648817 0.00355174 0.00866647 0.0156956 0.0244001 0.0343566 0.0450158 0.0557837 0.066317 0.0766833 0.0849241 0.0896179 0.0918406 0.0922544 0.0910026 0.0878438 0.0821151 0.0738373 0.0650934 0.0566056 0.048247 0.0402047 0.03273 0.0260097 0.0201513 0.0151901 0.0110978 0.00778924 0.00513589 0.00302821 0.00147927 0.000560425 0.000163108 3.79155e-05 7.34364e-06 1.20531e-06 1.64105e-07 1.69253e-08 9.50563e-10 0 
0 0.000749908 0.00396462 0.00955598 0.0172613 0.0268101 0.0377336 0.0494339 0.0614082 0.0738195 0.0849241 0.0915972 0.0952533 0.0970473 0.0973999 0.0964074 0.0939263 0.0894822 0.0820747 0.0720787 0.0622519 0.0529885 0.0441589 0.0359584 0.0285863 0.0221611 0.0167222 0.0122415 0.00863185 0.00575642 0.00347659 0.00176424 0.000697121 0.000209506 4.9555e-05 9.65883e-06 1.58543e-06 2.15218e-07 2.21009e-08 1.23525e-09 0 
0 0.000823507 0.00425766 0.010191 0.0183813 0.0285346 0.0401502 0.0526127 0.0657295 0.0794971 0.0896179 0.0952533 0.0984501 0.100053 0.100379 0.0995046 0.0973267 0.0934977 0.0871924 0.0774306 0.0664663 0.056403 0.0469935 0.0382726 0.0304335 0.023602 0.0178205 0.0130607 0.00923344 0.00619759 0.00379777 0.00197563 0.0008041 0.000247576 5.93897e-05 1.16438e-05 1.9133e-06 2.59385e-07 2.65728e-08 1.481e-09 0 
0 0.00086513 0.0044204 0.0105444 0.019005 0.029495 0.0414961 0.0544021 0.0683365 0.0825061 0.0918406 0.0970473 0.100053 0.101576 0.101891 0.101067 0.099018 0.0954461 0.0896463 0.0803958 0.0689416 0.0583281 0.0485791 0.0395673 0.0314675 0.024409 0.0184362 0.0135202 0.00957095 0.00644521 0.00397949 0.00209842 0.000868804 0.000271488 6.57293e-05 1.29433e-05 2.12998e-06 2.88761e-07 2.95624e-08 1.64607e-09 0 
0 0.000873239 0.00445027 0.010608 0.0191168 0.0296668 0.0417369 0.0547249 0.0688255 0.0830465 0.0922544 0.0973999 0.100379 0.101891 0.102205 0.101389 0.0993589 0.0958251 0.0901012 0.080945 0.0694131 0.0586873 0.0488745 0.0398097 0.0316623 0.0245623 0.0185543 0.0136096 0.00963816 0.00649644 0.00401947 0.00212769 0.000885523 0.000278102 6.75805e-05 1.33399e-05 2.19872e-06 2.98425e-07 3.05813e-08 1.70437e-09 0 
0 0.000848904 0.0043523 0.0103924 0.018735 0.0290784 0.0409119 0.0536232 0.0671936 0.0812781 0.0910026 0.0964074 0.0995046 0.101067 0.101389 0.100543 0.0984347 0.0947464 0.08872 0.0791962 0.0679002 0.0575273 0.0479253 0.0390376 0.0310483 0.0240856 0.0181933 0.0133431 0.00944584 0.00635976 0.00392413 0.00206707 0.000855314 0.000267474 6.48947e-05 1.28167e-05 2.11624e-06 2.87922e-07 2.9586e-08 1.65375e-09 0 
0 0.000795432 0.00413815 0.00992446 0.0179079 0.0278041 0.0391259 0.0512625 0.0638542 0.0771299 0.0878438 0.0939263 0.0973267 0.099018 0.0993589 0.0984347 0.0961271 0.0920392 0.0852524 0.0752314 0.0647235 0.0550181 0.0458544 0.0373507 0.0297053 0.0230415 0.0174012 0.0127565 0.00902024 0.00605413 0.00370776 0.00192768 0.000785301 0.000242636 5.85351e-05 1.15548e-05 1.91273e-06 2.61312e-07 2.69849e-08 1.51652e-09 0 
0 0.000717965 0.00382473 0.00924386 0.0167071 0.0259549 0.0365344 0.0478643 0.0593799 0.0710272 0.0821151 0.0894822 0.0934977 0.0954461 0.0958251 0.0947464 0.0920392 0.0871493 0.0792336 0.0696002 0.0603208 0.051395 0.0428441 0.0348977 0.0277525 0.0215235 0.0162495 0.0119033 0.00840027 0.00560764 0.00339226 0.00172776 0.000687658 0.000208857 5.00117e-05 9.8734e-06 1.64182e-06 2.2584e-07 2.35095e-08 1.33264e-09 0 
0 0.000623058 0.00343247 0.00839843 0.0152196 0.0236653 0.0333266 0.0436707 0.0541085 0.0641836 0.0738373 0.0820747 0.0871924 0.0896463 0.0901012 0.08872 0.0852524 0.0792336 0.0713357 0.0631734 0.0550207 0.0469199 0.0391157 0.0318601 0.0253351 0.0196456 0.014826 0.0108495 0.00763435 0.00505655 0.00300781 0.00149265 0.000578303 0.000172581 4.1101e-05 8.14243e-06 1.36553e-06 1.89914e-07 2.00117e-08 1.14874e-09 0 
0 0.000518198 0.00298379 0.00743906 0.0135393 0.0210813 0.029707 0.0389419 0.0482482 0.0570925 0.0650934 0.0720787 0.0774306 0.0803958 0.080945 0.0791962 0.0752314 0.0696002 0.0631734 0.0562833 0.0490926 0.0418723 0.0349088 0.0284342 0.022611 0.017532 0.0132267 0.00966813 0.00677817 0.00444637 0.00259526 0.00125499 0.00047525 0.000140316 3.34837e-05 6.70219e-06 1.14041e-06 1.61185e-07 1.72656e-08 1.00702e-09 0 
0 0.000411223 0.00250208 0.00641485 0.0117585 0.0183469 0.0258783 0.033941 0.0420652 0.0497673 0.0566056 0.0622519 0.0664663 0.0689416 0.0694131 0.0679002 0.0647235 0.0603208 0.0550207 0.0490926 0.0428313 0.0365343 0.0304612 0.0248151 0.019737 0.0153071 0.0115492 0.00843606 0.00589586 0.00383697 0.00221002 0.001054 0.000396665 0.000117753 2.85067e-05 5.81317e-06 1.00857e-06 1.45219e-07 1.58193e-08 9.36421e-10 0 
0 0.000309624 0.00201147 0.00536925 0.00996067 0.0155941 0.0220266 0.0289112 0.035848 0.0424233 0.048247 0.0529885 0.056403 0.0583281 0.0586873 0.0575273 0.0550181 0.051395 0.0469199 0.0418723 0.0365343 0.0311667 0.0259916 0.0211821 0.0168584 0.0130885 0.00989153 0.00724078 0.00507297 0.0033135 0.00192354 0.000931564 0.000358639 0.000109237 2.70879e-05 5.63549e-06 9.93192e-07 1.44702e-07 1.58978e-08 9.46511e-10 0 
0 0.000219729 0.00153696 0.00433841 0.0082137 0.012934 0.0183095 0.0240595 0.029852 0.0353425 0.0402047 0.0441589 0.0469935 0.0485791 0.0488745 0.0479253 0.0458544 0.0428441 0.0391157 0.0349088 0.0304612 0.0259916 0.0216856 0.0176888 0.0141053 0.0110012 0.0083993 0.0062611 0.00449546 0.0030224 0.00182067 0.000923914 0.000372591 0.000117404 2.96559e-05 6.21202e-06 1.09449e-06 1.58771e-07 1.73286e-08 1.02356e-09 0 
0 0.000145894 0.00110395 0.00335311 0.00656615 0.0104505 0.0148493 0.019547 0.0242773 0.0287602 0.03273 0.0359584 0.0382726 0.0395673 0.0398097 0.0390376 0.0373507 0.0348977 0.0318601 0.0284342 0.0248151 0.0211821 0.0176888 0.0144625 0.0116224 0.00930387 0.00758448 0.00628175 0.00498276 0.00351208 0.00212407 0.00108589 0.000447988 0.000143159 3.6008e-05 7.42541e-06 1.28252e-06 1.82243e-07 1.94957e-08 1.13e-09 0 
0 8.9943e-05 0.000735854 0.00244433 0.00504726 0.00819633 0.0117283 0.0154848 0.0192626 0.0228412 0.0260097 0.0285863 0.0304335 0.0314675 0.0316623 0.0310483 0.0297053 0.0277525 0.0253351 0.022611 0.019737 0.0168584 0.0141053 0.0116224 0.00968775 0.00884219 0.00947991 0.0106755 0.01027 0.00749047 0.00406605 0.00174402 0.000633544 0.000189541 4.53643e-05 8.95432e-06 1.4912e-06 2.05472e-07 2.1398e-08 1.21114e-09 0 
0 5.11109e-05 0.000449115 0.00164885 0.00367551 0.00619207 0.00898689 0.0119337 0.0148863 0.0176796 0.0201513 0.0221611 0.023602 0.024409 0.0245623 0.0240856 0.0230415 0.0215235 0.0196456 0.017532 0.0153071 0.0130885 0.0110012 0.00930387 0.00884219 0.0115709 0.0190044 0.0287047 0.0335404 0.0218448 0.0110552 0.0039615 0.00111265 0.000271675 5.70283e-05 1.03216e-05 1.62839e-06 2.16473e-07 2.19293e-08 1.21272e-09 0 
0 2.66045e-05 0.000247975 0.00100666 0.00247642 0.00443545 0.00662417 0.00890438 0.0111699 0.0133045 0.0151901 0.0167222 0.0178205 0.0184362 0.0185543 0.0181933 0.0174012 0.0162495 0.014826 0.0132267 0.0115492 0.00989153 0.0083993 0.00758448 0.00947991 0.0190044 0.0414148 0.0751497 0.0798483 0.0602706 0.025726 0.0086568 0.00207811 0.000404599 6.97736e-05 1.10124e-05 1.61078e-06 2.06013e-07 2.03688e-08 1.10534e-09 0 
0 1.26262e-05 0.000122781 0.000544769 0.00149632 0.00292896 0.00460992 0.00636131 0.00808092 0.00968654 0.0110978 0.0122415 0.0130607 0.0135202 0.0136096 0.0133431 0.0127565 0.0119033 0.0108495 0.00966813 0.00843606 0.00724078 0.0062611 0.00628175 0.0106755 0.0287047 0.0751497 0.0874218 0.0889958 0.0832455 0.0507991 0.0139462 0.00316031 0.000537717 7.77462e-05 1.0514e-05 1.40603e-06 1.7312e-07 1.68135e-08 9.01554e-10 0 
0 5.4485e-06 5.42858e-05 0.000257659 0.000785563 0.00171273 0.00292455 0.00424308 0.00554183 0.00674312 0.00778924 0.00863185 0.00923344 0.00957095 0.00963816 0.00944584 0.00902024 0.00840027 0.00763435 0.00677817 0.00589586 0.00507297 0.00449546 0.00498276 0.01027 0.0335404 0.0798483 0.0889958 0.090223 0.0855794 0.0605761 0.0153841 0.00342027 0.000549283 7.12643e-05 8.53705e-06 1.0563e-06 1.26411e-07 1.2177e-08 6.5079e-10 0 
0 2.13575e-06 2.14361e-05 0.000106073 0.000350925 0.000850654 0.00160799 0.00252256 0.00347086 0.00436135 0.00513589 0.00575642 0.00619759 0.00644521 0.00649644 0.00635976 0.00605413 0.00560764 0.00505655 0.00444637 0.00383697 0.0033135 0.0030224 0.00351208 0.00749047 0.0218448 0.0602706 0.0832455 0.0855794 0.0782957 0.0368426 0.0113867 0.00252734 0.000399739 4.95208e-05 5.59043e-06 6.67269e-07 7.93318e-08 7.67795e-09 4.12965e-10 0 
0 7.60708e-07 7.58447e-06 3.81966e-05 0.000132972 0.000350038 0.000729973 0.00125741 0.00186614 0.00247744 0.00302821 0.00347659 0.00379777 0.00397949 0.00401947 0.00392413 0.00370776 0.00339226 0.00300781 0.00259526 0.00221002 0.00192354 0.00182067 0.00212407 0.00406605 0.0110552 0.025726 0.0507991 0.0605761 0.0368426 0.0171088 0.00564378 0.00126477 0.000202192 2.51105e-05 2.86536e-06 3.49963e-07 4.2577e-08 4.19985e-09 2.29553e-10 0 
0 2.46374e-07 2.4151e-06 1.21474e-05 4.32402e-05 0.000119583 0.000268015 0.000501629 0.000806905 0.00114744 0.00147927 0.00176424 0.00197563 0.00209842 0.00212769 0.00206707 0.00192768 0.00172776 0.00149265 0.00125499 0.001054 0.000931564 0.000923914 0.00108589 0.00174402 0.0039615 0.0086568 0.0139462 0.0153841 0.0113867 0.00564378 0.0018824 0.000432067 7.13237e-05 9.32215e-06 1.15689e-06 1.53116e-07 1.95724e-08 1.99253e-09 1.1164e-10 0 
0 7.2575e-08 6.94664e-07 3.44505e-06 1.22752e-05 3.46291e-05 8.07081e-05 0.000159467 0.000272806 0.000412185 0.000560425 0.000697121 0.0008041 0.000868804 0.000885523 0.000855314 0.000785301 0.000687658 0.000578303 0.00047525 0.000396665 0.000358639 0.000372591 0.000447988 0.000633544 0.00111265 0.00207811 0.00316031 0.00342027 0.00252734 0.00126477 0.000432067 0.000103059 1.81081e-05 2.65297e-06 3.83132e-07 5.69181e-08 7.75126e-09 8.21274e-10 4.75013e-11 0 
0 1.94181e-08 1.80743e-07 8.76945e-07 3.08605e-06 8.70275e-06 2.05447e-05 4.16201e-05 7.36534e-05 0.000115593 0.000163108 0.000209506 0.000247576 0.000271488 0.000278102 0.000267474 0.000242636 0.000208857 0.000172581 0.000140316 0.000117753 0.000109237 0.000117404 0.000143159 0.000189541 0.000271675 0.000404599 0.000537717 0.000549283 0.000399739 0.000202192 7.13237e-05 1.81081e-05 3.5837e-06 6.3162e-07 1.09749e-07 1.83162e-08 2.65962e-09 2.94579e-10 1.76785e-11 0 
0 4.69822e-09 4.24388e-08 2.0061e-07 6.92041e-07 1.92802e-06 4.53544e-06 9.23267e-06 1.65337e-05 2.63811e-05 3.79155e-05 4.9555e-05 5.93897e-05 6.57293e-05 6.75805e-05 6.48947e-05 5.85351e-05 5.00117e-05 4.1101e-05 3.34837e-05 2.85067e-05 2.70879e-05 2.96559e-05 3.6008e-05 4.53643e-05 5.70283e-05 6.97736e-05 7.77462e-05 7.12643e-05 4.95208e-05 2.51105e-05 9.32215e-06 2.65297e-06 6.3162e-07 1.37543e-07 2.8063e-08 5.14307e-09 7.92165e-10 9.18956e-11 5.74157e-12 0 
0 1.01776e-09 8.91596e-09 4.09881e-08 1.38104e-07 3.77822e-07 8.77937e-07 1.77576e-06 3.17617e-06 5.08226e-06 7.34364e-06 9.65883e-06 1.16438e-05 1.29433e-05 1.33399e-05 1.28167e-05 1.15548e-05 9.8734e-06 8.14243e-06 6.70219e-06 5.81317e-06 5.63549e-06 6.21202e-06 7.42541e-06 8.95432e-06 1.03216e-05 1.10124e-05 1.0514e-05 8.53705e-06 5.59043e-06 2.86536e-06 1.15689e-06 3.83132e-07 1.09749e-07 2.8063e-08 6.37788e-09 1.25422e-09 2.03907e-10 2.47897e-11 1.61555e-12 0 
0 1.93397e-10 1.64364e-09 7.34622e-09 2.41438e-08 6.46901e-08 1.47874e-07 2.95544e-07 5.24484e-07 8.35578e-07 1.20531e-06 1.58543e-06 1.9133e-06 2.12998e-06 2.19872e-06 2.11624e-06 1.91273e-06 1.64182e-06 1.36553e-06 1.14041e-06 1.00857e-06 9.93192e-07 1.09449e-06 1.28252e-06 1.4912e-06 1.62839e-06 1.61078e-06 1.40603e-06 1.0563e-06 6.67269e-07 3.49963e-07 1.53116e-07 5.69181e-08 1.83162e-08 5.14307e-09 1.25422e-09 2.6117e-10 4.46712e-11 5.68963e-12 3.87019e-13 0 
0 3.08805e-11 2.54847e-10 1.10809e-09 3.55239e-09 9.31502e-09 2.09137e-08 4.1204e-08 7.23327e-08 1.14347e-07 1.64105e-07 2.15218e-07 2.59385e-07 2.88761e-07 2.98425e-07 2.87922e-07 2.61312e-07 2.2584e-07 1.89914e-07 1.61185e-07 1.45219e-07 1.44702e-07 1.58771e-07 1.82243e-07 2.05472e-07 2.16473e-07 2.06013e-07 1.7312e-07 1.26411e-07 7.93318e-08 4.2577e-08 1.95724e-08 7.75126e-09 2.65962e-09 7.92165e-10 2.03907e-10 4.46712e-11 8.01744e-12 1.0686e-12 7.58429e-14 0 
0 3.73974e-12 3.0009e-11 1.27082e-10 3.97728e-10 1.021e-09 2.25102e-09 4.36881e-09 7.57814e-09 1.18712e-08 1.69253e-08 2.21009e-08 2.65728e-08 2.95624e-08 3.05813e-08 2.9586e-08 2.69849e-08 2.35095e-08 2.00117e-08 1.72656e-08 1.58193e-08 1.58978e-08 1.73286e-08 1.94957e-08 2.1398e-08 2.19293e-08 2.03688e-08 1.68135e-08 1.2177e-08 7.67795e-09 4.19985e-09 1.99253e-09 8.21274e-10 2.94579e-10 9.18956e-11 2.47897e-11 5.68963e-12 1.0686e-12 1.4878e-13 1.10061e-14 0 
0 2.45412e-13 1.91774e-12 7.92127e-12 2.42317e-11 6.09519e-11 1.32034e-10 2.5248e-10 4.32692e-10 6.71425e-10 9.50563e-10 1.23525e-09 1.481e-09 1.64607e-09 1.70437e-09 1.65375e-09 1.51652e-09 1.33264e-09 1.14874e-09 1.00702e-09 9.36421e-10 9.46511e-10 1.02356e-09 1.13e-09 1.21114e-09 1.21272e-09 1.10534e-09 9.01554e-10 6.5079e-10 4.12965e-10 2.29553e-10 1.1164e-10 4.75013e-11 1.76785e-11 5.74157e-12 1.61555e-12 3.87019e-13 7.58429e-14 1.10061e-14 8.47299e-16 0 
0 0 0 0 0 0 0 0 0 0 0 0 0 0 0 0 0 0 0 0 0 0 0 0 0 0 0 0 0 0 0 0 0 0 0 0 0 0 0 0 0 
