0 0 0 0 0 0 0 0 0 0 0 0 0 0 0 0 0 0 0 0 0 0 0 0 0 0 0 0 0 0 0 0 0 0 0 0 0 0 0 0 0 
0 2.6474e-07 2.38017e-06 1.06767e-05 3.31581e-05 7.92921e-05 0.000154789 0.000257576 0.00037828 0.000503866 0.000621323 0.000719863 0.000791778 0.000832524 0.000840508 0.000816751 0.00076452 0.000688922 0.000596472 0.000494594 0.000391023 0.000293091 0.000206904 0.000136561 8.36386e-05 4.71983e-05 2.43933e-05 1.14957e-05 4.92768e-06 1.9198e-06 6.8006e-07 2.19205e-07 6.43079e-08 1.71466e-08 4.13665e-09 8.93961e-10 1.69539e-10 2.70275e-11 3.26885e-12 2.14282e-13 0 
0 2.38017e-06 2.19899e-05 9.83625e-05 0.000293084 0.000650012 0.00115553 0.00174957 0.00236401 0.00294458 0.00345255 0.00386069 0.00415053 0.0043116 0.00434131 0.00424461 0.00403302 0.00372328 0.00333568 0.00289261 0.00241759 0.00193502 0.00147023 0.0010487 0.0006933 0.000419261 0.000229247 0.000112415 4.9255e-05 1.92943e-05 6.78035e-06 2.14695e-06 6.14724e-07 1.59359e-07 3.73081e-08 7.81978e-09 1.43889e-09 2.22774e-10 2.62019e-11 1.67291e-12 0 
0 1.06767e-05 9.83625e-05 0.000417164 0.00112068 0.00219177 0.00347567 0.00482944 0.00616082 0.00740096 0.00848782 0.00936629 0.00999334 0.0103424 0.0104055 0.0101929 0.00973119 0.00905935 0.00822448 0.00727665 0.00626417 0.00523 0.00421036 0.00323693 0.00234236 0.00156498 0.000944459 0.000504662 0.000235709 9.59478e-05 3.42288e-05 1.08061e-05 3.04762e-06 7.72536e-07 1.7617e-07 3.59092e-08 6.42439e-09 9.67718e-10 1.10869e-10 6.9051e-12 0 
0 3.31581e-05 0.000293084 0.00112068 0.00263126 0.00459374 0.00678337 0.00907458 0.0113576 0.013511 0.0154135 0.016958 0.018063 0.0186785 0.0187891 0.0184129 0.0175973 0.016413 0.0149457 0.0132879 0.0115306 0.00975563 0.0080297 0.00640051 0.00489757 0.00354158 0.0023621 0.00140841 0.000728226 0.000320427 0.000119838 3.85755e-05 1.08706e-05 2.7188e-06 6.07473e-07 1.20916e-07 2.11002e-08 3.10046e-09 3.46795e-10 2.11134e-11 0 
0 7.92921e-05 0.000650012 0.00219177 0.00459374 0.00751793 0.0107914 0.0142671 0.0177595 0.0210659 0.0239916 0.0263686 0.0280698 0.0290174 0.0291873 0.0286074 0.0273511 0.0255274 0.0232695 0.0207209 0.0180239 0.0153083 0.0126834 0.0102317 0.00800435 0.00602167 0.00428353 0.00279823 0.00161204 0.000786793 0.000318324 0.000107253 3.0749e-05 7.67558e-06 1.69289e-06 3.30767e-07 5.65209e-08 8.12766e-09 8.90012e-10 5.30968e-11 0 
0 0.000154789 0.00115553 0.00347567 0.00678337 0.0107914 0.0153355 0.0201895 0.0250768 0.0297074 0.0338062 0.037137 0.0395209 0.0408489 0.041087 0.040274 0.0385131 0.0359575 0.0327939 0.0292241 0.025448 0.021649 0.0179825 0.0145688 0.0114886 0.00878077 0.00644398 0.00445067 0.0027892 0.00150768 0.000671349 0.0002422 7.1973e-05 1.81591e-05 3.98626e-06 7.68905e-07 1.29218e-07 1.82484e-08 1.96224e-09 1.1502e-10 0 
0 0.000257576 0.00174957 0.00482944 0.00907458 0.0142671 0.0201895 0.0265264 0.0329101 0.0389598 0.0443158 0.0486716 0.0518001 0.0535548 0.0538711 0.0527939 0.0504758 0.0471289 0.0429939 0.03833 0.0333976 0.0284367 0.0236514 0.0192004 0.0151931 0.0116885 0.00869629 0.00618078 0.00408512 0.00239321 0.00116989 0.00045736 0.000143003 3.69006e-05 8.12776e-06 1.55654e-06 2.5838e-07 3.5964e-08 3.80925e-09 2.19992e-10 0 
0 0.00037828 0.00236401 0.00616082 0.0113576 0.0177595 0.0250768 0.0329101 0.0408026 0.0482838 0.0549244 0.0604158 0.0645448 0.0669927 0.0674492 0.0659226 0.0627695 0.0584524 0.0532832 0.047508 0.0414096 0.0352773 0.0293633 0.0238648 0.0189185 0.0146011 0.0109329 0.00788064 0.00536814 0.00332212 0.00175413 0.000742386 0.000246181 6.55439e-05 1.45851e-05 2.78735e-06 4.5887e-07 6.31672e-08 6.61035e-09 3.77156e-10 0 
0 0.000503866 0.00294458 0.00740096 0.013511 0.0210659 0.0297074 0.0389598 0.0482838 0.0571463 0.0651945 0.0722988 0.0777571 0.0807645 0.0813094 0.0795151 0.0754525 0.069684 0.0631578 0.0562241 0.0490065 0.0417628 0.0347784 0.028286 0.0224478 0.0173563 0.0130395 0.00946718 0.0065566 0.00420007 0.00234775 0.00106439 0.000374301 0.000103274 2.33257e-05 4.46628e-06 7.31714e-07 9.9926e-08 1.03609e-08 5.85541e-10 0 
0 0.000621323 0.00345255 0.00848782 0.0154135 0.0239916 0.0338062 0.0443158 0.0549244 0.0651945 0.0750541 0.0832513 0.0882272 0.0906079 0.0910449 0.0896925 0.0863088 0.0803874 0.0724097 0.0640563 0.0557468 0.0475079 0.039575 0.032202 0.0255733 0.0197947 0.0149004 0.0108612 0.00759167 0.00496607 0.00288688 0.0013815 0.000511816 0.000146284 3.36025e-05 6.46295e-06 1.05654e-06 1.43518e-07 1.47817e-08 8.29459e-10 0 
0 0.000719863 0.00386069 0.00936629 0.016958 0.0263686 0.037137 0.0486716 0.0604158 0.0722988 0.0832513 0.0903615 0.0942805 0.0961944 0.0965643 0.0954961 0.0928333 0.0880719 0.0803931 0.0707585 0.0612859 0.0521846 0.0434768 0.0353875 0.0281156 0.0217778 0.0164125 0.0119909 0.00842535 0.00558065 0.00332805 0.00165607 0.000639636 0.000188525 4.40117e-05 8.51231e-06 1.39113e-06 1.8837e-07 1.93153e-08 1.07857e-09 0 
0 0.000791778 0.00415053 0.00999334 0.018063 0.0280698 0.0395209 0.0518001 0.0645448 0.0777571 0.0882272 0.0942805 0.0976955 0.0993984 0.0997387 0.098801 0.0964715 0.0923721 0.0856645 0.0758749 0.0653703 0.0555481 0.0462746 0.0376718 0.029939 0.0232002 0.017497 0.0128003 0.00902074 0.00601807 0.0036452 0.00186102 0.000740337 0.000223366 5.28402e-05 1.02743e-05 1.68041e-06 2.2721e-07 2.32406e-08 1.29406e-09 0 
0 0.000832524 0.0043116 0.0103424 0.0186785 0.0290174 0.0408489 0.0535548 0.0669927 0.0807645 0.0906079 0.0961944 0.0993984 0.101012 0.101341 0.100459 0.0982715 0.0944534 0.0882596 0.0787761 0.0677406 0.0574406 0.0478408 0.038951 0.0309606 0.0239977 0.0181056 0.0132549 0.00935527 0.00626411 0.00382534 0.00198076 0.000801637 0.000245376 5.85583e-05 1.14327e-05 1.87235e-06 2.53147e-07 2.58756e-08 1.43943e-09 0 
0 0.000840508 0.00434131 0.0104055 0.0187891 0.0291873 0.041087 0.0538711 0.0674492 0.0813094 0.0910449 0.0965643 0.0997387 0.101341 0.101668 0.100795 0.0986286 0.0948525 0.088738 0.0793195 0.0681918 0.0577955 0.0481349 0.0391925 0.0311549 0.0241508 0.0182237 0.0133446 0.00942295 0.00631598 0.00386584 0.00200996 0.000817818 0.000251588 6.02606e-05 1.17931e-05 1.93443e-06 2.61849e-07 2.67922e-08 1.49188e-09 0 
0 0.000816751 0.00424461 0.0101929 0.0184129 0.0286074 0.040274 0.0527939 0.0659226 0.0795151 0.0896925 0.0954961 0.098801 0.100459 0.100795 0.099889 0.0976367 0.0936921 0.087265 0.077593 0.0667526 0.0566612 0.0472017 0.0384335 0.0305517 0.0236827 0.0178695 0.0130833 0.00923451 0.00618218 0.00377303 0.00195199 0.000789791 0.000242023 5.7898e-05 1.13397e-05 1.86368e-06 2.52916e-07 2.59527e-08 1.44959e-09 0 
0 0.00076452 0.00403302 0.00973119 0.0175973 0.0273511 0.0385131 0.0504758 0.0627695 0.0754525 0.0863088 0.0928333 0.0964715 0.0982715 0.0986286 0.0976367 0.0951662 0.0907897 0.0836308 0.0737738 0.0637027 0.0541976 0.0451621 0.0367724 0.0292297 0.0226555 0.0170905 0.0125065 0.00881602 0.00588164 0.0035613 0.001818 0.00072443 0.000219501 5.22518e-05 1.02341e-05 1.68689e-06 2.29938e-07 2.37183e-08 1.3323e-09 0 
0 0.000688922 0.00372328 0.00905935 0.016413 0.0255274 0.0359575 0.0471289 0.0584524 0.069684 0.0803874 0.0880719 0.0923721 0.0944534 0.0948525 0.0936921 0.0907897 0.0855901 0.0776191 0.0684239 0.0594162 0.0506307 0.0421957 0.034356 0.0273067 0.0211613 0.0159574 0.0116674 0.0082061 0.00544252 0.00325292 0.00162631 0.000633526 0.000188929 4.46919e-05 8.76185e-06 1.45167e-06 1.99332e-07 2.07361e-08 1.17539e-09 0 
0 0.000596472 0.00333568 0.00822448 0.0149457 0.0232695 0.0327939 0.0429939 0.0532832 0.0631578 0.0724097 0.0803931 0.0856645 0.0882596 0.088738 0.087265 0.0836308 0.0776191 0.070093 0.0622157 0.0542081 0.0462199 0.038521 0.0313632 0.0249261 0.0193129 0.0145571 0.0106312 0.0074531 0.0049015 0.00287872 0.00140233 0.000532397 0.000156285 3.68293e-05 7.25428e-06 1.21326e-06 1.68569e-07 1.77628e-08 1.02025e-09 0 
0 0.000494594 0.00289261 0.00727665 0.0132879 0.0207209 0.0292241 0.03833 0.047508 0.0562241 0.0640563 0.0707585 0.0758749 0.0787761 0.0793195 0.077593 0.0737738 0.0684239 0.0622157 0.0554535 0.0483653 0.0412434 0.0343745 0.027988 0.0222437 0.0172332 0.0129848 0.00947075 0.00661306 0.00430507 0.00248037 0.00117834 0.00043818 0.000127578 3.01881e-05 6.0174e-06 1.02232e-06 1.44489e-07 1.54894e-08 9.04546e-10 0 
0 0.000391023 0.00241759 0.00626417 0.0115306 0.0180239 0.025448 0.0333976 0.0414096 0.0490065 0.0557468 0.0612859 0.0653703 0.0677406 0.0681918 0.0667526 0.0637027 0.0594162 0.0542081 0.0483653 0.0421905 0.0359804 0.0299911 0.0244229 0.0194148 0.0150454 0.0113376 0.00826328 0.00575132 0.0037147 0.00211376 0.000992492 0.000367936 0.00010804 2.59964e-05 5.28775e-06 9.17e-07 1.32122e-07 1.44102e-08 8.54245e-10 0 
0 0.000293091 0.00193502 0.00523 0.00975563 0.0153083 0.021649 0.0284367 0.0352773 0.0417628 0.0475079 0.0521846 0.0555481 0.0574406 0.0577955 0.0566612 0.0541976 0.0506307 0.0462199 0.0412434 0.0359804 0.0306883 0.0255864 0.0208452 0.016583 0.0128664 0.00971348 0.00709714 0.00495508 0.00321649 0.00184918 0.000884688 0.000336663 0.000101701 2.51066e-05 5.21428e-06 9.18804e-07 1.33944e-07 1.47295e-08 8.77852e-10 0 
0 0.000206904 0.00147023 0.00421036 0.0080297 0.0126834 0.0179825 0.0236514 0.0293633 0.0347784 0.039575 0.0434768 0.0462746 0.0478408 0.0481349 0.0472017 0.0451621 0.0421957 0.038521 0.0343745 0.0299911 0.0255864 0.0213437 0.0174064 0.013877 0.01082 0.00825735 0.00615026 0.00440831 0.00295334 0.00176776 0.000888983 0.000355123 0.000111086 2.79396e-05 5.84082e-06 1.0284e-06 1.49184e-07 1.62867e-08 9.62375e-10 0 
0 0.000136561 0.0010487 0.00323693 0.00640051 0.0102317 0.0145688 0.0192004 0.0238648 0.028286 0.032202 0.0353875 0.0376718 0.038951 0.0391925 0.0384335 0.0367724 0.034356 0.0313632 0.027988 0.0244229 0.0208452 0.0174064 0.0142321 0.0114396 0.00916155 0.00747307 0.00619257 0.00491204 0.00345878 0.00208532 0.00105909 0.000433013 0.000137256 3.43402e-05 7.06157e-06 1.21809e-06 1.72994e-07 1.85023e-08 1.07234e-09 0 
0 8.36386e-05 0.0006933 0.00234236 0.00489757 0.00800435 0.0114886 0.0151931 0.0189185 0.0224478 0.0255733 0.0281156 0.029939 0.0309606 0.0311549 0.0305517 0.0292297 0.0273067 0.0249261 0.0222437 0.0194148 0.016583 0.013877 0.0114396 0.00954441 0.00872279 0.00936178 0.0105477 0.0101485 0.00740119 0.00401527 0.00171782 0.00061959 0.000183611 4.36244e-05 8.5758e-06 1.42542e-06 1.96236e-07 2.04269e-08 1.15585e-09 0 
0 4.71983e-05 0.000419261 0.00156498 0.00354158 0.00602167 0.00878077 0.0116885 0.0146011 0.0173563 0.0197947 0.0217778 0.0232002 0.0239977 0.0241508 0.0236827 0.0226555 0.0211613 0.0193129 0.0172332 0.0150454 0.0128664 0.01082 0.00916155 0.00872279 0.0114306 0.0187833 0.0280406 0.0323359 0.0215892 0.0109273 0.00391415 0.00109633 0.0002655 5.52096e-05 9.932e-06 1.56251e-06 2.07471e-07 2.10056e-08 1.16123e-09 0 
0 2.43933e-05 0.000229247 0.000944459 0.0023621 0.00428353 0.00644398 0.00869629 0.0109329 0.0130395 0.0149004 0.0164125 0.017497 0.0181056 0.0182237 0.0178695 0.0170905 0.0159574 0.0145571 0.0129848 0.0113376 0.00971348 0.00825735 0.00747307 0.00936178 0.0187833 0.0404533 0.0739839 0.0794814 0.0585161 0.0254269 0.00855692 0.0020527 0.00039777 6.79494e-05 1.06376e-05 1.54949e-06 1.97859e-07 1.95502e-08 1.06054e-09 0 
0 1.14957e-05 0.000112415 0.000504662 0.00140841 0.00279823 0.00445067 0.00618078 0.00788064 0.00946718 0.0108612 0.0119909 0.0128003 0.0132549 0.0133446 0.0130833 0.0125065 0.0116674 0.0106312 0.00947075 0.00826328 0.00709714 0.00615026 0.00619257 0.0105477 0.0280406 0.0739839 0.0875553 0.0892894 0.0832899 0.0492241 0.0137861 0.00312331 0.000530081 7.60419e-05 1.01894e-05 1.35501e-06 1.66485e-07 1.61576e-08 8.66083e-10 0 
0 4.92768e-06 4.9255e-05 0.000235709 0.000728226 0.00161204 0.0027892 0.00408512 0.00536814 0.0065566 0.00759167 0.00842535 0.00902074 0.00935527 0.00942295 0.00923451 0.00881602 0.0082061 0.0074531 0.00661306 0.00575132 0.00495508 0.00440831 0.00491204 0.0101485 0.0323359 0.0794814 0.0892894 0.0906006 0.0857088 0.0588287 0.0152019 0.00338057 0.000541953 6.98611e-05 8.29242e-06 1.01929e-06 1.21667e-07 1.17109e-08 6.25679e-10 0 
0 1.9198e-06 1.92943e-05 9.59478e-05 0.000320427 0.000786793 0.00150768 0.00239321 0.00332212 0.00420007 0.00496607 0.00558065 0.00601807 0.00626411 0.00631598 0.00618218 0.00588164 0.00544252 0.0049015 0.00430507 0.0037147 0.00321649 0.00295334 0.00345878 0.00740119 0.0215892 0.0585161 0.0832899 0.0857088 0.0776832 0.0358613 0.011256 0.00249791 0.000394383 4.85721e-05 5.43522e-06 6.443e-07 7.63913e-08 7.38766e-09 3.97236e-10 0 
0 6.8006e-07 6.78035e-06 3.42288e-05 0.000119838 0.000318324 0.000671349 0.00116989 0.00175413 0.00234775 0.00288688 0.00332805 0.0036452 0.00382534 0.00386584 0.00377303 0.0035613 0.00325292 0.00287872 0.00248037 0.00211376 0.00184918 0.00176776 0.00208532 0.00401527 0.0109273 0.0254269 0.0492241 0.0588287 0.0358613 0.0169127 0.00557889 0.00124974 0.000199318 2.46077e-05 2.78437e-06 3.37889e-07 4.10066e-08 4.04226e-09 2.20885e-10 0 
0 2.19205e-07 2.14695e-06 1.08061e-05 3.85755e-05 0.000107253 0.0002422 0.00045736 0.000742386 0.00106439 0.0013815 0.00165607 0.00186102 0.00198076 0.00200996 0.00195199 0.001818 0.00162631 0.00140233 0.00117834 0.000992492 0.000884688 0.000888983 0.00105909 0.00171782 0.00391415 0.00855692 0.0137861 0.0152019 0.011256 0.00557889 0.0018604 0.000426555 7.01799e-05 9.11469e-06 1.1222e-06 1.47741e-07 1.88506e-08 1.91811e-09 1.07449e-10 0 
0 6.43079e-08 6.14724e-07 3.04762e-06 1.08706e-05 3.0749e-05 7.1973e-05 0.000143003 0.000246181 0.000374301 0.000511816 0.000639636 0.000740337 0.000801637 0.000817818 0.000789791 0.00072443 0.000633526 0.000532397 0.00043818 0.000367936 0.000336663 0.000355123 0.000433013 0.00061959 0.00109633 0.0020527 0.00312331 0.00338057 0.00249791 0.00124974 0.000426555 0.000101515 1.77584e-05 2.58429e-06 3.70715e-07 5.48763e-08 7.46486e-09 7.90682e-10 4.57252e-11 0 
0 1.71466e-08 1.59359e-07 7.72536e-07 2.7188e-06 7.67558e-06 1.81591e-05 3.69006e-05 6.55439e-05 0.000103274 0.000146284 0.000188525 0.000223366 0.000245376 0.000251588 0.000242023 0.000219501 0.000188929 0.000156285 0.000127578 0.00010804 0.000101701 0.000111086 0.000137256 0.000183611 0.0002655 0.00039777 0.000530081 0.000541953 0.000394383 0.000199318 7.01799e-05 1.77584e-05 3.49633e-06 6.12449e-07 1.05944e-07 1.7648e-08 2.56119e-09 2.83625e-10 1.70192e-11 0 
0 4.13665e-09 3.73081e-08 1.7617e-07 6.07473e-07 1.69289e-06 3.98626e-06 8.12776e-06 1.45851e-05 2.33257e-05 3.36025e-05 4.40117e-05 5.28402e-05 5.85583e-05 6.02606e-05 5.7898e-05 5.22518e-05 4.46919e-05 3.68293e-05 3.01881e-05 2.59964e-05 2.51066e-05 2.79396e-05 3.43402e-05 4.36244e-05 5.52096e-05 6.79494e-05 7.60419e-05 6.98611e-05 4.85721e-05 2.46077e-05 9.11469e-06 2.58429e-06 6.12449e-07 1.32852e-07 2.70499e-08 4.95372e-09 7.62823e-10 8.84822e-11 5.52784e-12 0 
0 8.93961e-10 7.81978e-09 3.59092e-08 1.20916e-07 3.30767e-07 7.68905e-07 1.55654e-06 2.78735e-06 4.46628e-06 6.46295e-06 8.51231e-06 1.02743e-05 1.14327e-05 1.17931e-05 1.13397e-05 1.02341e-05 8.76185e-06 7.25428e-06 6.0174e-06 5.28775e-06 5.21428e-06 5.84082e-06 7.06157e-06 8.5758e-06 9.932e-06 1.06376e-05 1.01894e-05 8.29242e-06 5.43522e-06 2.78437e-06 1.1222e-06 3.70715e-07 1.05944e-07 2.70499e-08 6.14359e-09 1.20786e-09 1.96351e-10 2.38694e-11 1.55548e-12 0 
0 1.69539e-10 1.43889e-09 6.42439e-09 2.11002e-08 5.65209e-08 1.29218e-07 2.5838e-07 4.5887e-07 7.31714e-07 1.05654e-06 1.39113e-06 1.68041e-06 1.87235e-06 1.93443e-06 1.86368e-06 1.68689e-06 1.45167e-06 1.21326e-06 1.02232e-06 9.17e-07 9.18804e-07 1.0284e-06 1.21809e-06 1.42542e-06 1.56251e-06 1.54949e-06 1.35501e-06 1.01929e-06 6.443e-07 3.37889e-07 1.47741e-07 5.48763e-08 1.7648e-08 4.95372e-09 1.20786e-09 2.515e-10 4.30151e-11 5.47847e-12 3.72637e-13 0 
0 2.70275e-11 2.22774e-10 9.67718e-10 3.10046e-09 8.12766e-09 1.82484e-08 3.5964e-08 6.31672e-08 9.9926e-08 1.43518e-07 1.8837e-07 2.2721e-07 2.53147e-07 2.61849e-07 2.52916e-07 2.29938e-07 1.99332e-07 1.68569e-07 1.44489e-07 1.32122e-07 1.33944e-07 1.49184e-07 1.72994e-07 1.96236e-07 2.07471e-07 1.97859e-07 1.66485e-07 1.21667e-07 7.63913e-08 4.10066e-08 1.88506e-08 7.46486e-09 2.56119e-09 7.62823e-10 1.96351e-10 4.30151e-11 7.72006e-12 1.02894e-12 7.30253e-14 0 
0 3.26885e-12 2.62019e-11 1.10869e-10 3.46795e-10 8.90012e-10 1.96224e-09 3.80925e-09 6.61035e-09 1.03609e-08 1.47817e-08 1.93153e-08 2.32406e-08 2.58756e-08 2.67922e-08 2.59527e-08 2.37183e-08 2.07361e-08 1.77628e-08 1.54894e-08 1.44102e-08 1.47295e-08 1.62867e-08 1.85023e-08 2.04269e-08 2.10056e-08 1.95502e-08 1.61576e-08 1.17109e-08 7.38766e-09 4.04226e-09 1.91811e-09 7.90682e-10 2.83625e-10 8.84822e-11 2.38694e-11 5.47847e-12 1.02894e-12 1.43255e-13 1.05972e-14 0 
0 2.14282e-13 1.67291e-12 6.9051e-12 2.11134e-11 5.30968e-11 1.1502e-10 2.19992e-10 3.77156e-10 5.85541e-10 8.29459e-10 1.07857e-09 1.29406e-09 1.43943e-09 1.49188e-09 1.44959e-09 1.3323e-09 1.17539e-09 1.02025e-09 9.04546e-10 8.54245e-10 8.77852e-10 9.62375e-10 1.07234e-09 1.15585e-09 1.16123e-09 1.06054e-09 8.66083e-10 6.25679e-10 3.97236e-10 2.20885e-10 1.07449e-10 4.57252e-11 1.70192e-11 5.52784e-12 1.55548e-12 3.72637e-13 7.30253e-14 1.05972e-14 8.15813e-16 0 
0 0 0 0 0 0 0 0 0 0 0 0 0 0 0 0 0 0 0 0 0 0 0 0 0 0 0 0 0 0 0 0 0 0 0 0 0 0 0 0 0 
