0 0 0 0 0 0 0 0 0 0 0 0 0 0 0 0 0 0 0 0 0 0 0 0 0 0 0 0 0 0 0 0 0 0 0 0 0 0 0 0 0 
0 3.69257e-08 3.4071e-07 1.6097e-06 5.41343e-06 1.43391e-05 3.13865e-05 5.85801e-05 9.55939e-05 0.000139339 0.000184714 0.000225949 0.000257886 0.000276847 0.000281041 0.000270616 0.000247444 0.000214729 0.000176487 0.000136934 9.98705e-05 6.81304e-05 4.3249e-05 2.54215e-05 1.37781e-05 6.86451e-06 3.13827e-06 1.31587e-06 5.06276e-07 1.78923e-07 5.81487e-08 1.73904e-08 4.78413e-09 1.20788e-09 2.7834e-10 5.7894e-11 1.06369e-11 1.65193e-12 1.95535e-13 1.25926e-14 0 
0 3.4071e-07 3.27073e-06 1.58901e-05 5.3927e-05 0.000140915 0.000297841 0.000528712 0.000815244 0.00112445 0.00142045 0.0016726 0.00185874 0.00196554 0.0019879 0.001928 0.00179426 0.00160029 0.00136376 0.00110513 0.000846 0.000606902 0.000404366 0.000248018 0.000138971 7.07591e-05 3.26588e-05 1.36685e-05 5.19937e-06 1.80356e-06 5.724e-07 1.66629e-07 4.45385e-08 1.09175e-08 2.44259e-09 4.93554e-10 8.81783e-11 1.33323e-11 1.53848e-12 9.6728e-14 0 
0 1.6097e-06 1.58901e-05 7.76799e-05 0.000256884 0.000632433 0.00123043 0.00199773 0.00283993 0.00366668 0.0044082 0.0050141 0.00544998 0.00569573 0.00574491 0.00560387 0.00529018 0.00483034 0.00425723 0.00360786 0.00292192 0.00224117 0.00160863 0.00106506 0.000640893 0.000346148 0.000166572 7.13388e-05 2.73044e-05 9.4045e-06 2.93625e-06 8.35917e-07 2.17768e-07 5.19409e-08 1.13022e-08 2.2218e-09 3.86497e-10 5.69637e-11 6.4161e-12 3.94298e-13 0 
0 5.41343e-06 5.3927e-05 0.000256884 0.000792334 0.00176328 0.00308924 0.00459849 0.00614085 0.00760458 0.00890047 0.00995516 0.010713 0.0111393 0.0112228 0.0109745 0.0104256 0.00962317 0.00862422 0.00749038 0.00628261 0.0050581 0.00387049 0.00277362 0.00182484 0.00107792 0.000560656 0.000254133 0.0001005 3.5013e-05 1.08846e-05 3.05397e-06 7.79429e-07 1.81556e-07 3.85309e-08 7.3861e-09 1.25356e-09 1.80424e-10 1.98692e-11 1.19542e-12 0 
0 1.43391e-05 0.000140915 0.000632433 0.00176328 0.00352183 0.00567282 0.00800167 0.0103508 0.0125805 0.0145599 0.0161743 0.0173356 0.0179889 0.0181155 0.0177327 0.0168891 0.0156582 0.0141296 0.0124001 0.0105651 0.00871052 0.00690856 0.0052173 0.00368863 0.00238135 0.00136215 0.000672306 0.000282872 0.000102041 3.20976e-05 8.9687e-06 2.25781e-06 5.16082e-07 1.07211e-07 2.00998e-08 3.33665e-09 4.70045e-10 5.07148e-11 2.99284e-12 0 
0 3.13865e-05 0.000297841 0.00123043 0.00308924 0.00567282 0.00868895 0.0119299 0.0152071 0.0183259 0.021099 0.0233627 0.0249918 0.0259081 0.0260853 0.0255474 0.0243631 0.0226362 0.0204937 0.0180732 0.0155105 0.0129292 0.0104322 0.00809718 0.00597741 0.00411405 0.00255974 0.0013862 0.000633355 0.000241963 7.84003e-05 2.20822e-05 5.52719e-06 1.24658e-06 2.54543e-07 4.68306e-08 7.62597e-09 1.05418e-09 1.11693e-10 6.47904e-12 0 
0 5.85801e-05 0.000528712 0.00199773 0.00459849 0.00800167 0.0119299 0.0161589 0.0204437 0.0245259 0.0281576 0.0311233 0.033258 0.034459 0.0346915 0.033987 0.0324356 0.0301736 0.0273683 0.0242007 0.02085 0.01748 0.0142281 0.0111989 0.00846101 0.00605136 0.00399557 0.00234259 0.0011662 0.000478655 0.000162286 4.66354e-05 1.1702e-05 2.61909e-06 5.27953e-07 9.56575e-08 1.53273e-08 2.08483e-09 2.17461e-10 1.24277e-11 0 
0 9.55939e-05 0.000815244 0.00283993 0.00614085 0.0103508 0.0152071 0.0204437 0.0257538 0.030815 0.0353187 0.0389975 0.0416461 0.0431371 0.0434268 0.0425542 0.0406312 0.037827 0.0343494 0.0304235 0.0262724 0.0221 0.0180786 0.0143403 0.0109728 0.00802088 0.0054969 0.0034147 0.00183125 0.000809304 0.000289878 8.58218e-05 2.17491e-05 4.85679e-06 9.70543e-07 1.73787e-07 2.74848e-08 3.68893e-09 3.79775e-10 2.14336e-11 0 
0 0.000139339 0.00112445 0.00366668 0.00760458 0.0125805 0.0183259 0.0245259 0.030815 0.0368104 0.0421466 0.0465064 0.0496465 0.0514155 0.0517613 0.0507296 0.0484531 0.0451326 0.0410143 0.0363652 0.0314502 0.0265116 0.0217544 0.0173366 0.0133646 0.00989382 0.00693469 0.00447699 0.00254167 0.00119987 0.000454772 0.000139489 3.58968e-05 8.03371e-06 1.5974e-06 2.83609e-07 4.44039e-08 5.89708e-09 6.0076e-10 3.35642e-11 0 
0 0.000184714 0.00142045 0.0044082 0.00890047 0.0145599 0.021099 0.0281576 0.0353187 0.0421466 0.048225 0.0531926 0.0567726 0.0587916 0.0591892 0.0580171 0.0554266 0.0516469 0.0469585 0.0416655 0.0360699 0.0304482 0.0250345 0.0200097 0.0154966 0.0115605 0.00821438 0.00543539 0.00321246 0.00159874 0.000637831 0.000202804 5.31442e-05 1.19565e-05 2.37269e-06 4.18896e-07 6.51104e-08 8.57909e-09 8.67077e-10 4.80727e-11 0 
0 0.000225949 0.0016726 0.0050141 0.00995516 0.0161743 0.0233627 0.0311233 0.0389975 0.0465064 0.0531926 0.0586592 0.0626008 0.0648258 0.0652679 0.0639836 0.0611382 0.0569839 0.0518299 0.0460108 0.0398585 0.0336776 0.0277261 0.0222036 0.0172461 0.0129273 0.00926297 0.00622458 0.00377906 0.00195495 0.000813106 0.000266977 7.12268e-05 1.61334e-05 3.20217e-06 5.63564e-07 8.71869e-08 1.14273e-08 1.14874e-09 6.33588e-11 0 
0 0.000257886 0.00185874 0.00544998 0.010713 0.0173356 0.0249918 0.033258 0.0416461 0.0496465 0.0567726 0.0626008 0.0668027 0.0691738 0.0696492 0.0682905 0.065268 0.0608466 0.0553578 0.0491597 0.0426061 0.0360216 0.0296813 0.0237984 0.018519 0.0139222 0.0100266 0.00680097 0.00419919 0.00222932 0.000955589 0.000321749 8.71592e-05 1.98763e-05 3.95138e-06 6.94692e-07 1.07229e-07 1.40159e-08 1.40506e-09 7.72986e-11 0 
0 0.000276847 0.00196554 0.00569573 0.0111393 0.0179889 0.0259081 0.034459 0.0431371 0.0514155 0.0587916 0.0648258 0.0691738 0.0716255 0.0721218 0.0707287 0.0676145 0.0630473 0.0573716 0.0509606 0.0441809 0.0373681 0.0308072 0.0247194 0.0192563 0.0145006 0.0104724 0.00713974 0.00444971 0.00239791 0.00104697 0.00035837 9.81447e-05 2.25103e-05 4.48623e-06 7.89403e-07 1.21868e-07 1.59292e-08 1.59706e-09 8.79005e-11 0 
0 0.000281041 0.0019879 0.00574491 0.0112228 0.0181155 0.0260853 0.0346915 0.0434268 0.0517613 0.0591892 0.0652679 0.0696492 0.0721218 0.0726283 0.0712352 0.0681095 0.063519 0.0578102 0.0513596 0.0445362 0.0376778 0.0310718 0.024941 0.0194385 0.0146482 0.0105907 0.00723413 0.00452393 0.00245162 0.0010784 0.000371887 0.000102457 2.36025e-05 4.7198e-06 8.32973e-07 1.28978e-07 1.69131e-08 1.70196e-09 9.40751e-11 0 
0 0.000270616 0.001928 0.00560387 0.0109745 0.0177327 0.0255474 0.033987 0.0425542 0.0507296 0.0580171 0.0639836 0.0682905 0.0707287 0.0712352 0.069873 0.0668105 0.0623138 0.0567209 0.0503989 0.0437091 0.0369828 0.0305022 0.0244861 0.0190847 0.0143808 0.0103946 0.00709491 0.00442988 0.00239477 0.00105095 0.000362198 9.99622e-05 2.31127e-05 4.64509e-06 8.24716e-07 1.28578e-07 1.69913e-08 1.72465e-09 9.62462e-11 0 
0 0.000247444 0.00179426 0.00529018 0.0104256 0.0168891 0.0243631 0.0324356 0.0406312 0.0484531 0.0554266 0.0611382 0.065268 0.0676145 0.0681095 0.0668105 0.0638845 0.05959 0.054248 0.0482067 0.0418112 0.0353787 0.0291789 0.023421 0.0182491 0.0137418 0.00991843 0.00674928 0.00418916 0.00224382 0.000974915 0.000333916 9.21463e-05 2.14154e-05 4.34169e-06 7.79482e-07 1.23111e-07 1.65063e-08 1.70212e-09 9.66122e-11 0 
0 0.000214729 0.00160029 0.00483034 0.00962317 0.0156582 0.0226362 0.0301736 0.037827 0.0451326 0.0516469 0.0569839 0.0608466 0.0630473 0.063519 0.0623138 0.05959 0.05559 0.0506117 0.0449788 0.0390134 0.0330113 0.0272242 0.021847 0.0170138 0.0127974 0.00921496 0.00623942 0.00383642 0.00202651 0.000868394 0.000295371 8.17408e-05 1.92073e-05 3.95881e-06 7.25156e-07 1.17135e-07 1.60881e-08 1.70105e-09 9.90267e-11 0 
0 0.000176487 0.00136376 0.00425723 0.00862422 0.0141296 0.0204937 0.0273683 0.0343494 0.0410143 0.0469585 0.0518299 0.0553578 0.0573716 0.0578102 0.0567209 0.054248 0.0506117 0.0460828 0.0409564 0.0355258 0.0300605 0.0247891 0.019889 0.015481 0.0116305 0.00835151 0.00562116 0.00341935 0.00178107 0.000755361 0.000257178 7.21826e-05 1.73739e-05 3.69001e-06 6.98638e-07 1.16765e-07 1.65858e-08 1.81072e-09 1.08568e-10 0 
0 0.000136934 0.00110513 0.00360786 0.00749038 0.0124001 0.0180732 0.0242007 0.0304235 0.0363652 0.0416655 0.0460108 0.0491597 0.0509606 0.0513596 0.0503989 0.0482067 0.0449788 0.0409564 0.0364023 0.0315776 0.0267219 0.0220383 0.0176834 0.0137635 0.0103344 0.00740671 0.00496349 0.0029991 0.0015551 0.000663597 0.000231031 6.72325e-05 1.69056e-05 3.75786e-06 7.43176e-07 1.29201e-07 1.89883e-08 2.13253e-09 1.30787e-10 0 
0 9.98705e-05 0.000846 0.00292192 0.00628261 0.0105651 0.0155105 0.02085 0.0262724 0.0314502 0.0360699 0.0398585 0.0426061 0.0441809 0.0445362 0.0437091 0.0418112 0.0390134 0.0355258 0.0315776 0.0273961 0.02319 0.0191353 0.0153671 0.0119755 0.00900639 0.00646778 0.00434837 0.00264953 0.00140306 0.000623034 0.000229382 7.10145e-05 1.89243e-05 4.41739e-06 9.07607e-07 1.62263e-07 2.43071e-08 2.76219e-09 1.70407e-10 0 
0 6.81304e-05 0.000606902 0.00224117 0.0050581 0.00871052 0.0129292 0.01748 0.0221 0.0265116 0.0304482 0.0336776 0.0360216 0.0373681 0.0376778 0.0369828 0.0353787 0.0330113 0.0300605 0.0267219 0.02319 0.0196428 0.01623 0.0130657 0.0102245 0.00774357 0.0056293 0.00386972 0.00245266 0.00138189 0.000665113 0.000266299 8.84852e-05 2.47865e-05 5.9624e-06 1.24326e-06 2.23156e-07 3.33193e-08 3.75594e-09 2.29158e-10 0 
0 4.3249e-05 0.000404366 0.00160863 0.00387049 0.00690856 0.0104322 0.0142281 0.0180786 0.0217544 0.0250345 0.0277261 0.0296813 0.0308072 0.0310718 0.0305022 0.0291789 0.0272242 0.0247891 0.0220383 0.0191353 0.01623 0.0134484 0.0108861 0.00860721 0.00664717 0.0050093 0.00365379 0.00251498 0.00156233 0.000830327 0.000361096 0.000126399 3.61563e-05 8.69037e-06 1.78893e-06 3.15111e-07 4.6047e-08 5.07571e-09 3.02867e-10 0 
0 2.54215e-05 0.000248018 0.00106506 0.00277362 0.0052173 0.00809718 0.0111989 0.0143403 0.0173366 0.0200097 0.0222036 0.0237984 0.0247194 0.024941 0.0244861 0.023421 0.021847 0.019889 0.0176834 0.0153671 0.0130657 0.0108861 0.00891418 0.00722408 0.00588579 0.00491276 0.00414641 0.0032976 0.0022663 0.00127418 0.000569427 0.000199293 5.55146e-05 1.28282e-05 2.53852e-06 4.31452e-07 6.10323e-08 6.52979e-09 3.79125e-10 0 
0 1.37781e-05 0.000138971 0.000640893 0.00182484 0.00368863 0.00597741 0.00846101 0.0109728 0.0133646 0.0154966 0.0172461 0.018519 0.0192563 0.0194385 0.0190847 0.0182491 0.0170138 0.015481 0.0137635 0.0119755 0.0102245 0.00860721 0.00722408 0.00624134 0.00596894 0.00663486 0.00759706 0.0073431 0.00534055 0.00284906 0.00114593 0.00035889 8.94486e-05 1.86451e-05 3.41365e-06 5.50351e-07 7.48915e-08 7.76012e-09 4.38172e-10 0 
0 6.86451e-06 7.07591e-05 0.000346148 0.00107792 0.00238135 0.00411405 0.00605136 0.00802088 0.00989382 0.0115605 0.0129273 0.0139222 0.0145006 0.0146482 0.0143808 0.0137418 0.0127974 0.0116305 0.0103344 0.00900639 0.00774357 0.00664717 0.00588579 0.00596894 0.00819252 0.0136782 0.0200092 0.0213889 0.0157862 0.00797531 0.00282364 0.000742729 0.000153815 2.67933e-05 4.27925e-06 6.37507e-07 8.29886e-08 8.33891e-09 4.59191e-10 0 
0 3.13827e-06 3.26588e-05 0.000166572 0.000560656 0.00136215 0.00255974 0.00399557 0.0054969 0.00693469 0.00821438 0.00926297 0.0100266 0.0104724 0.0105907 0.0103946 0.00991843 0.00921496 0.00835151 0.00740671 0.00646778 0.0056293 0.0050093 0.00491276 0.00663486 0.0136782 0.0288893 0.0462835 0.0515638 0.037483 0.0186119 0.00625089 0.00147201 0.000259614 3.71923e-05 4.94489e-06 6.59146e-07 8.15442e-08 7.97449e-09 4.30548e-10 0 
0 1.31587e-06 1.36685e-05 7.13388e-05 0.000254133 0.000672306 0.0013862 0.00234259 0.0034147 0.00447699 0.00543539 0.00622458 0.00680097 0.00713974 0.00723413 0.00709491 0.00674928 0.00623942 0.00562116 0.00496349 0.00434837 0.00386972 0.00365379 0.00414641 0.00759706 0.0200092 0.0462835 0.0754252 0.0822918 0.062408 0.0305413 0.0100897 0.00227061 0.000365626 4.54315e-05 5.079e-06 5.97159e-07 7.00247e-08 6.70556e-09 3.57592e-10 0 
0 5.06276e-07 5.19937e-06 2.73044e-05 0.0001005 0.000282872 0.000633355 0.0011662 0.00183125 0.00254167 0.00321246 0.00377906 0.00419919 0.00444971 0.00452393 0.00442988 0.00418916 0.00383642 0.00341935 0.0029991 0.00264953 0.00245266 0.00251498 0.0032976 0.0073431 0.0213889 0.0515638 0.0822918 0.0876079 0.0701289 0.0339102 0.0111266 0.00246466 0.000380873 4.37107e-05 4.34379e-06 4.61525e-07 5.18867e-08 4.91485e-09 2.61217e-10 0 
0 1.78923e-07 1.80356e-06 9.4045e-06 3.5013e-05 0.000102041 0.000241963 0.000478655 0.000809304 0.00119987 0.00159874 0.00195495 0.00222932 0.00239791 0.00245162 0.00239477 0.00224382 0.00202651 0.00178107 0.0015551 0.00140306 0.00138189 0.00156233 0.0022663 0.00534055 0.0157862 0.037483 0.062408 0.0701289 0.0508901 0.0250762 0.0082401 0.00181971 0.000277288 3.07819e-05 2.90638e-06 2.9564e-07 3.28344e-08 3.12258e-09 1.67075e-10 0 
0 5.81487e-08 5.724e-07 2.93625e-06 1.08846e-05 3.20976e-05 7.84003e-05 0.000162286 0.000289878 0.000454772 0.000637831 0.000813106 0.000955589 0.00104697 0.0010784 0.00105095 0.000974915 0.000868394 0.000755361 0.000663597 0.000623034 0.000665113 0.000830327 0.00127418 0.00284906 0.00797531 0.0186119 0.0305413 0.0339102 0.0250762 0.0123849 0.00408061 0.000905492 0.000138255 1.53789e-05 1.47408e-06 1.54556e-07 1.76651e-08 1.71586e-09 9.33654e-11 0 
0 1.73904e-08 1.66629e-07 8.35917e-07 3.05397e-06 8.9687e-06 2.20822e-05 4.66354e-05 8.58218e-05 0.000139489 0.000202804 0.000266977 0.000321749 0.00035837 0.000371887 0.000362198 0.000333916 0.000295371 0.000257178 0.000231031 0.000229382 0.000266299 0.000361096 0.000569427 0.00114593 0.00282364 0.00625089 0.0100897 0.0111266 0.0082401 0.00408061 0.00135426 0.00030395 4.71905e-05 5.46679e-06 5.71821e-07 6.64895e-08 8.10753e-09 8.16156e-10 4.55692e-11 0 
0 4.78413e-09 4.45385e-08 2.17768e-07 7.79429e-07 2.25781e-06 5.52719e-06 1.1702e-05 2.17491e-05 3.58968e-05 5.31442e-05 7.12268e-05 8.71592e-05 9.81447e-05 0.000102457 9.99622e-05 9.21463e-05 8.17408e-05 7.21826e-05 6.72325e-05 7.10145e-05 8.84852e-05 0.000126399 0.000199293 0.00035889 0.000742729 0.00147201 0.00227061 0.00246466 0.00181971 0.000905492 0.00030395 6.95589e-05 1.12686e-05 1.44123e-06 1.78348e-07 2.41881e-08 3.20142e-09 3.36891e-10 1.94359e-11 0 
0 1.20788e-09 1.09175e-08 5.19409e-08 1.81556e-07 5.16082e-07 1.24658e-06 2.61909e-06 4.85679e-06 8.03371e-06 1.19565e-05 1.61334e-05 1.98763e-05 2.25103e-05 2.36025e-05 2.31127e-05 2.14154e-05 1.92073e-05 1.73739e-05 1.69056e-05 1.89243e-05 2.47865e-05 3.61563e-05 5.55146e-05 8.94486e-05 0.000153815 0.000259614 0.000365626 0.000380873 0.000277288 0.000138255 4.71905e-05 1.12686e-05 2.01186e-06 3.09436e-07 4.81411e-08 7.65111e-09 1.09598e-09 1.20946e-10 7.24515e-12 0 
0 2.7834e-10 2.44259e-09 1.13022e-08 3.85309e-08 1.07211e-07 2.54543e-07 5.27953e-07 9.70543e-07 1.5974e-06 2.37269e-06 3.20217e-06 3.95138e-06 4.48623e-06 4.7198e-06 4.64509e-06 4.34169e-06 3.95881e-06 3.69001e-06 3.75786e-06 4.41739e-06 5.9624e-06 8.69037e-06 1.28282e-05 1.86451e-05 2.67933e-05 3.71923e-05 4.54315e-05 4.37107e-05 3.07819e-05 1.53789e-05 5.46679e-06 1.44123e-06 3.09436e-07 6.12376e-08 1.18375e-08 2.12823e-09 3.26061e-10 3.77518e-11 2.35558e-12 0 
0 5.7894e-11 4.93554e-10 2.2218e-09 7.3861e-09 2.00998e-08 4.68306e-08 9.56575e-08 1.73787e-07 2.83609e-07 4.18896e-07 5.63564e-07 6.94692e-07 7.89403e-07 8.32973e-07 8.24716e-07 7.79482e-07 7.25156e-07 6.98638e-07 7.43176e-07 9.07607e-07 1.24326e-06 1.78893e-06 2.53852e-06 3.41365e-06 4.27925e-06 4.94489e-06 5.079e-06 4.34379e-06 2.90638e-06 1.47408e-06 5.71821e-07 1.78348e-07 4.81411e-08 1.18375e-08 2.64415e-09 5.17004e-10 8.38889e-11 1.01873e-11 6.63253e-13 0 
0 1.06369e-11 8.81783e-11 3.86497e-10 1.25356e-09 3.33665e-09 7.62597e-09 1.53273e-08 2.74848e-08 4.44039e-08 6.51104e-08 8.71869e-08 1.07229e-07 1.21868e-07 1.28978e-07 1.28578e-07 1.23111e-07 1.17135e-07 1.16765e-07 1.29201e-07 1.62263e-07 2.23156e-07 3.15111e-07 4.31452e-07 5.50351e-07 6.37507e-07 6.59146e-07 5.97159e-07 4.61525e-07 2.9564e-07 1.54556e-07 6.64895e-08 2.41881e-08 7.65111e-09 2.12823e-09 5.17004e-10 1.075e-10 1.83725e-11 2.33841e-12 1.58947e-13 0 
0 1.65193e-12 1.33323e-11 5.69637e-11 1.80424e-10 4.70045e-10 1.05418e-09 2.08483e-09 3.68893e-09 5.89708e-09 8.57909e-09 1.14273e-08 1.40159e-08 1.59292e-08 1.69131e-08 1.69913e-08 1.65063e-08 1.60881e-08 1.65858e-08 1.89883e-08 2.43071e-08 3.33193e-08 4.6047e-08 6.10323e-08 7.48915e-08 8.29886e-08 8.15442e-08 7.00247e-08 5.18867e-08 3.28344e-08 1.76651e-08 8.10753e-09 3.20142e-09 1.09598e-09 3.26061e-10 8.38889e-11 1.83725e-11 3.29631e-12 4.3916e-13 3.11529e-14 0 
0 1.95535e-13 1.53848e-12 6.4161e-12 1.98692e-11 5.07148e-11 1.11693e-10 2.17461e-10 3.79775e-10 6.0076e-10 8.67077e-10 1.14874e-09 1.40506e-09 1.59706e-09 1.70196e-09 1.72465e-09 1.70212e-09 1.70105e-09 1.81072e-09 2.13253e-09 2.76219e-09 3.75594e-09 5.07571e-09 6.52979e-09 7.76012e-09 8.33891e-09 7.97449e-09 6.70556e-09 4.91485e-09 3.12258e-09 1.71586e-09 8.16156e-10 3.36891e-10 1.20946e-10 3.77518e-11 1.01873e-11 2.33841e-12 4.3916e-13 6.11305e-14 4.5207e-15 0 
0 1.25926e-14 9.6728e-14 3.94298e-13 1.19542e-12 2.99284e-12 6.47904e-12 1.24277e-11 2.14336e-11 3.35642e-11 4.80727e-11 6.33588e-11 7.72986e-11 8.79005e-11 9.40751e-11 9.62462e-11 9.66122e-11 9.90267e-11 1.08568e-10 1.30787e-10 1.70407e-10 2.29158e-10 3.02867e-10 3.79125e-10 4.38172e-10 4.59191e-10 4.30548e-10 3.57592e-10 2.61217e-10 1.67075e-10 9.33654e-11 4.55692e-11 1.94359e-11 7.24515e-12 2.35558e-12 6.63253e-13 1.58947e-13 3.11529e-14 4.5207e-15 3.4797e-16 0 
0 0 0 0 0 0 0 0 0 0 0 0 0 0 0 0 0 0 0 0 0 0 0 0 0 0 0 0 0 0 0 0 0 0 0 0 0 0 0 0 0 
