0 0 0 0 0 0 0 0 0 0 0 0 0 0 0 0 0 0 0 0 0 0 0 0 0 0 0 0 0 0 0 0 0 0 0 0 0 0 0 0 0 
0 2.40819e-07 2.16912e-06 9.76534e-06 3.0492e-05 7.34026e-05 0.000144306 0.000241744 0.000357102 0.000477923 0.000591499 0.000687141 0.000757129 0.000796868 0.000804703 0.000781604 0.000730788 0.000657318 0.000567653 0.000469133 0.000369365 0.00027549 0.000193362 0.000126796 7.7108e-05 4.31875e-05 2.21504e-05 1.03608e-05 4.40981e-06 1.70693e-06 6.01172e-07 1.92803e-07 5.63186e-08 1.49617e-08 3.59851e-09 7.75697e-10 1.46804e-10 2.33634e-11 2.82177e-12 1.84766e-13 0 
0 2.16912e-06 2.00989e-05 9.04473e-05 0.000271918 0.000609364 0.00109411 0.00167033 0.00227109 0.00284145 0.00334179 0.00374433 0.00403041 0.00418953 0.00421906 0.00412382 0.00391521 0.00360977 0.00322765 0.00279121 0.00232412 0.00185106 0.00139764 0.000989278 0.000648147 0.00038805 0.000209966 0.000101902 4.4222e-05 1.71769e-05 5.9932e-06 1.88654e-06 5.37582e-07 1.38824e-07 3.24006e-08 6.7745e-09 1.24412e-09 1.9232e-10 2.25922e-11 1.44103e-12 0 
0 9.76534e-06 9.04473e-05 0.000387516 0.00105502 0.00208988 0.00334616 0.00467882 0.00599178 0.00721488 0.0082865 0.00915246 0.00977057 0.0101148 0.0101772 0.00996805 0.00951331 0.00885138 0.00802848 0.00709374 0.00609469 0.00507377 0.00406735 0.00310817 0.00223066 0.00147455 0.000878676 0.000463116 0.000213424 8.58472e-05 3.03267e-05 9.5012e-06 2.66407e-06 6.72362e-07 1.52821e-07 3.10724e-08 5.54854e-09 8.34584e-10 9.55102e-11 5.94348e-12 0 
0 3.0492e-05 0.000271918 0.00105502 0.00251504 0.00443888 0.00659579 0.0088535 0.011102 0.0132223 0.0150953 0.016616 0.017704 0.0183103 0.0184196 0.0180496 0.0172471 0.0160814 0.0146369 0.0130046 0.0112737 0.00952452 0.00782244 0.00621432 0.00473013 0.00339322 0.00223749 0.00131469 0.000668622 0.000289495 0.000106791 3.40138e-05 9.51211e-06 2.36626e-06 5.26705e-07 1.04558e-07 1.82106e-08 2.67212e-09 2.98578e-10 1.81641e-11 0 
0 7.34026e-05 0.000609364 0.00208988 0.00443888 0.00731713 0.0105402 0.0139609 0.0173977 0.0206515 0.023531 0.0258709 0.0275456 0.0284789 0.0286467 0.0280764 0.0268402 0.0250455 0.0228232 0.0203146 0.0176596 0.014986 0.0124009 0.00998499 0.00778815 0.00583041 0.00411445 0.00265509 0.00150448 0.000720537 0.000286324 9.50834e-05 2.69785e-05 6.68752e-06 1.46818e-06 2.8598e-07 4.87665e-08 7.00259e-09 7.66049e-10 4.56689e-11 0 
0 0.000144306 0.00109411 0.00334616 0.00659579 0.0105402 0.0150108 0.0197862 0.0245948 0.0291516 0.0331858 0.0364644 0.0388114 0.0401193 0.0403544 0.0395549 0.0378221 0.035307 0.0321933 0.0286796 0.0249627 0.0212232 0.0176138 0.0142526 0.0112183 0.00854856 0.00624158 0.00427336 0.00264125 0.00140108 0.000611029 0.000216392 6.34233e-05 1.58559e-05 3.46051e-06 6.65052e-07 1.11503e-07 1.57227e-08 1.68893e-09 9.893e-11 0 
0 0.000241744 0.00167033 0.00467882 0.0088535 0.0139609 0.0197862 0.0260201 0.0323014 0.038255 0.0435266 0.0478133 0.0508885 0.0526094 0.0529199 0.0518661 0.0495915 0.0463003 0.0422308 0.03764 0.0327849 0.0279017 0.0231913 0.0188097 0.0148642 0.0114121 0.00846188 0.00597816 0.00390982 0.00225291 0.00107802 0.000412429 0.000126739 3.23211e-05 7.06723e-06 1.34745e-06 2.23065e-07 3.09959e-08 3.27947e-09 1.89259e-10 0 
0 0.000357102 0.00227109 0.00599178 0.011102 0.0173977 0.0245948 0.0323014 0.0400678 0.0474304 0.0539603 0.0593276 0.0632974 0.065611 0.0660397 0.0646048 0.0616055 0.0574227 0.0523552 0.0466735 0.0406705 0.0346338 0.0288123 0.0233997 0.0185305 0.0142795 0.0106658 0.00765517 0.0051738 0.00315843 0.00163445 0.000675889 0.000219602 5.76282e-05 1.27087e-05 2.41584e-06 3.96455e-07 5.44709e-08 5.6935e-09 3.24595e-10 0 
0 0.000477923 0.00284145 0.00721488 0.0132223 0.0206515 0.0291516 0.038255 0.0474304 0.0561439 0.0639876 0.0707476 0.0759372 0.0788777 0.0794155 0.0776392 0.0737342 0.0682935 0.062032 0.0552489 0.0481489 0.0410181 0.0341425 0.0277513 0.0220043 0.0169919 0.0127408 0.00921999 0.00634708 0.00402094 0.00220727 0.00097759 0.000336089 9.11732e-05 2.03732e-05 3.87652e-06 6.32787e-07 8.62302e-08 8.92915e-09 5.04203e-10 0 
0 0.000591499 0.00334179 0.0082865 0.0150953 0.023531 0.0331858 0.0435266 0.0539603 0.0639876 0.0733947 0.0813887 0.0865675 0.089104 0.0895649 0.0881097 0.084528 0.0785536 0.0709399 0.0629178 0.0547815 0.0466747 0.038865 0.0316066 0.0250812 0.0193926 0.0145737 0.0105945 0.00736934 0.00477644 0.0027323 0.00127815 0.000462328 0.000129657 2.94198e-05 5.618e-06 9.14651e-07 1.23948e-07 1.27478e-08 7.14684e-10 0 
0 0.000687141 0.00374433 0.00915246 0.016616 0.0258709 0.0364644 0.0478133 0.0593276 0.0707476 0.0813887 0.0888553 0.0930617 0.09511 0.0954993 0.0943464 0.0914836 0.0864022 0.0786049 0.0693778 0.060214 0.0512793 0.0427076 0.0347437 0.0275848 0.0213456 0.0160633 0.0117083 0.00819278 0.00538379 0.00316455 0.00154075 0.000580663 0.000167681 3.86191e-05 7.41019e-06 1.20558e-06 1.62822e-07 1.667e-08 9.29971e-10 0 
0 0.000757129 0.00403041 0.00977057 0.017704 0.0275456 0.0388114 0.0508885 0.0632974 0.0759372 0.0865675 0.0930617 0.0967222 0.0985382 0.098895 0.0978856 0.0953859 0.0909909 0.0839197 0.0742585 0.0641841 0.0545884 0.0454642 0.0369944 0.0293813 0.0227471 0.0171321 0.0125067 0.00878109 0.00581668 0.00347661 0.00173814 0.000674563 0.000199219 4.64522e-05 8.95569e-06 1.45774e-06 1.96564e-07 2.00736e-08 1.11662e-09 0 
0 0.000796868 0.00418953 0.0101148 0.0183103 0.0284789 0.0401193 0.0526094 0.065611 0.0788777 0.089104 0.09511 0.0985382 0.100256 0.100599 0.0996523 0.0973085 0.0932173 0.0866286 0.0770605 0.0664648 0.0564482 0.0470087 0.0382561 0.0303891 0.023534 0.0177328 0.0129558 0.00911223 0.00606079 0.00365465 0.00185423 0.000732123 0.000219264 5.15519e-05 9.97646e-06 1.62579e-06 2.19196e-07 2.2369e-08 1.24315e-09 0 
0 0.000804703 0.00421906 0.0101772 0.0184196 0.0286467 0.0403544 0.0529199 0.0660397 0.0794155 0.0895649 0.0954993 0.098895 0.100599 0.100942 0.100004 0.0976841 0.0936386 0.087128 0.0775909 0.0668993 0.0567994 0.0473013 0.0384966 0.0305828 0.0236867 0.0178509 0.0130457 0.00918042 0.00611335 0.00369565 0.00188322 0.000747671 0.000225045 5.31021e-05 1.03006e-05 1.68128e-06 2.26954e-07 2.31853e-08 1.28987e-09 0 
0 0.000781604 0.00412382 0.00996805 0.0180496 0.0280764 0.0395549 0.0518661 0.0646048 0.0776392 0.0881097 0.0943464 0.0978856 0.0996523 0.100004 0.0990301 0.0966163 0.092389 0.0855759 0.0759151 0.0655249 0.0556911 0.046386 0.0377525 0.0299917 0.0232285 0.0175045 0.0127904 0.00899639 0.00598285 0.00360577 0.00182827 0.000721963 0.000216554 5.10541e-05 9.91381e-06 1.62161e-06 2.19492e-07 2.2491e-08 1.2553e-09 0 
0 0.000730788 0.00391521 0.00951331 0.0172471 0.0268402 0.0378221 0.0495915 0.0616055 0.0737342 0.084528 0.0914836 0.0953859 0.0973085 0.0976841 0.0966163 0.0939647 0.0892812 0.0818389 0.0722677 0.0625846 0.053275 0.0443815 0.0361205 0.0286936 0.0222202 0.0167403 0.0122248 0.00858593 0.00568818 0.00339953 0.00170043 0.000661579 0.000196381 4.61072e-05 8.95856e-06 1.47022e-06 1.99948e-07 2.06018e-08 1.15673e-09 0 
0 0.000657318 0.00360977 0.00885138 0.0160814 0.0250455 0.035307 0.0463003 0.0574227 0.0682935 0.0785536 0.0864022 0.0909909 0.0932173 0.0936386 0.092389 0.0892812 0.0838188 0.0759506 0.06717 0.0584056 0.0497696 0.0414647 0.0337452 0.0268041 0.0207529 0.0156281 0.0114014 0.00798744 0.00525762 0.00309955 0.00151806 0.000577842 0.00016905 3.94905e-05 7.68733e-06 1.26896e-06 1.73945e-07 1.80843e-08 1.02515e-09 0 
0 0.000567653 0.00322765 0.00802848 0.0146369 0.0228232 0.0321933 0.0422308 0.0523552 0.062032 0.0709399 0.0786049 0.0839197 0.0866286 0.087128 0.0855759 0.0818389 0.0759506 0.0687827 0.0611524 0.0532935 0.0454308 0.0378505 0.0308029 0.0244649 0.0189377 0.0142539 0.0103851 0.00724912 0.0047283 0.0027373 0.00130647 0.000485362 0.000140052 3.26494e-05 6.39388e-06 1.06652e-06 1.48054e-07 1.56038e-08 8.96958e-10 0 
0 0.000469133 0.00279121 0.00709374 0.0130046 0.0203146 0.0286796 0.03764 0.0466735 0.0552489 0.0629178 0.0693778 0.0742585 0.0770605 0.0775909 0.0759151 0.0722677 0.06717 0.0611524 0.0545201 0.0475454 0.0405343 0.0337721 0.0274848 0.0218296 0.0168962 0.012712 0.00924832 0.00642747 0.00414778 0.0023552 0.00109743 0.000400296 0.000114879 2.69529e-05 5.35077e-06 9.0785e-07 1.28336e-07 1.37722e-08 8.05467e-10 0 
0 0.000369365 0.00232412 0.00609469 0.0112737 0.0176596 0.0249627 0.0327849 0.0406705 0.0481489 0.0547815 0.060214 0.0641841 0.0664648 0.0668993 0.0655249 0.0625846 0.0584056 0.0532935 0.0475454 0.0414681 0.0353558 0.029461 0.0239807 0.0190515 0.0147504 0.011099 0.00806866 0.00558914 0.0035791 0.00200933 0.00092772 0.000338535 9.83067e-05 2.35125e-05 4.77133e-06 8.27278e-07 1.19305e-07 1.30313e-08 7.73804e-10 0 
0 0.00027549 0.00185106 0.00507377 0.00952452 0.014986 0.0212232 0.0279017 0.0346338 0.0410181 0.0466747 0.0512793 0.0545884 0.0564482 0.0567994 0.0556911 0.053275 0.0497696 0.0454308 0.0405343 0.0353558 0.030149 0.0251295 0.0204653 0.0162725 0.012616 0.00951278 0.00693547 0.00482301 0.00310906 0.00176848 0.000835105 0.000313973 9.40543e-05 2.31174e-05 4.79364e-06 8.44692e-07 1.23235e-07 1.35665e-08 8.09477e-10 0 
0 0.000193362 0.00139764 0.00406735 0.00782244 0.0124009 0.0176138 0.0231913 0.0288123 0.0341425 0.038865 0.0427076 0.0454642 0.0470087 0.0473013 0.046386 0.0443815 0.0414647 0.0378505 0.0337721 0.029461 0.0251295 0.0209582 0.017088 0.0136195 0.0106157 0.00809739 0.0060255 0.00431053 0.00287649 0.00170978 0.000851498 0.000336767 0.000104551 2.61813e-05 5.46245e-06 9.61205e-07 1.39445e-07 1.52289e-08 9.00259e-10 0 
0 0.000126796 0.000989278 0.00310817 0.00621432 0.00998499 0.0142526 0.0188097 0.0233997 0.0277513 0.0316066 0.0347437 0.0369944 0.0382561 0.0384966 0.0377525 0.0361205 0.0337452 0.0308029 0.0274848 0.0239807 0.0204653 0.017088 0.0139723 0.0112335 0.00900111 0.00734748 0.00609205 0.00483236 0.00339885 0.00204208 0.00102967 0.00041692 0.000131019 3.25966e-05 6.68346e-06 1.15135e-06 1.63429e-07 1.74759e-08 1.0128e-09 0 
0 7.7108e-05 0.000648147 0.00223066 0.00473013 0.00778815 0.0112183 0.0148642 0.0185305 0.0220043 0.0250812 0.0275848 0.0293813 0.0303891 0.0305828 0.0299917 0.0286936 0.0268041 0.0244649 0.0218296 0.0190515 0.0162725 0.0136195 0.0112335 0.00938281 0.00858818 0.00922859 0.0104036 0.0100115 0.00730054 0.00395805 0.00168845 0.00060425 0.000177228 4.17771e-05 8.17686e-06 1.35636e-06 1.86559e-07 1.94108e-08 1.09804e-09 0 
0 4.31875e-05 0.00038805 0.00147455 0.00339322 0.00583041 0.00854856 0.0114121 0.0142795 0.0169919 0.0193926 0.0213456 0.0227471 0.023534 0.0236867 0.0232285 0.0222202 0.0207529 0.0189377 0.0168962 0.0147504 0.012616 0.0106157 0.00900111 0.00858818 0.0112725 0.018534 0.0274192 0.0311424 0.0213039 0.0107832 0.00386078 0.00107806 0.000258743 5.32565e-05 9.51767e-06 1.49275e-06 1.97961e-07 2.00312e-08 1.10697e-09 0 
0 2.21504e-05 0.000209966 0.000878676 0.00223749 0.00411445 0.00624158 0.00846188 0.0106658 0.0127408 0.0145737 0.0160633 0.0171321 0.0177328 0.0178509 0.0175045 0.0167403 0.0156281 0.0142539 0.012712 0.011099 0.00951278 0.00809739 0.00734748 0.00922859 0.018534 0.0395536 0.0725018 0.0788723 0.0566354 0.0250924 0.00844432 0.00202409 0.000390194 6.59719e-05 1.02364e-05 1.48425e-06 1.89203e-07 1.86823e-08 1.01309e-09 0 
0 1.03608e-05 0.000101902 0.000463116 0.00131469 0.00265509 0.00427336 0.00597816 0.00765517 0.00921999 0.0105945 0.0117083 0.0125067 0.0129558 0.0130457 0.0127904 0.0122248 0.0114014 0.0103851 0.00924832 0.00806866 0.00693547 0.0060255 0.00609205 0.0104036 0.0274192 0.0725018 0.0876372 0.0895429 0.0832582 0.0475393 0.0136056 0.0030816 0.000521544 7.41802e-05 9.84048e-06 1.30054e-06 1.59422e-07 1.54602e-08 8.28399e-10 0 
0 4.40981e-06 4.4222e-05 0.000213424 0.000668622 0.00150448 0.00264125 0.00390982 0.0051738 0.00634708 0.00736934 0.00819278 0.00878109 0.00911223 0.00918042 0.00899639 0.00858593 0.00798744 0.00724912 0.00642747 0.00558914 0.00482301 0.00431053 0.00483236 0.0100115 0.0311424 0.0788723 0.0895429 0.0909587 0.085791 0.0569089 0.0150003 0.0033358 0.000533739 6.83216e-05 8.02868e-06 9.79705e-07 1.16609e-07 1.12145e-08 5.9895e-10 0 
0 1.70693e-06 1.71769e-05 8.58472e-05 0.000289495 0.000720537 0.00140108 0.00225291 0.00315843 0.00402094 0.00477644 0.00538379 0.00581668 0.00606079 0.00611335 0.00598285 0.00568818 0.00525762 0.0047283 0.00414778 0.0035791 0.00310906 0.00287649 0.00339885 0.00730054 0.0213039 0.0566354 0.0832582 0.085791 0.0767443 0.0349015 0.0111088 0.00246474 0.000388384 4.75305e-05 5.2677e-06 6.19708e-07 7.3252e-08 7.07808e-09 3.80471e-10 0 
0 6.01172e-07 5.9932e-06 3.03267e-05 0.000106791 0.000286324 0.000611029 0.00107802 0.00163445 0.00220727 0.0027323 0.00316455 0.00347661 0.00365465 0.00369565 0.00360577 0.00339953 0.00309955 0.0027373 0.0023552 0.00200933 0.00176848 0.00170978 0.00204208 0.00395805 0.0107832 0.0250924 0.0475393 0.0569089 0.0349015 0.0166916 0.00550572 0.0012328 0.000196112 2.40573e-05 2.69702e-06 3.2496e-07 3.93292e-08 3.87408e-09 2.11639e-10 0 
0 1.92803e-07 1.88654e-06 9.5012e-06 3.40138e-05 9.50834e-05 0.000216392 0.000412429 0.000675889 0.00097759 0.00127815 0.00154075 0.00173814 0.00185423 0.00188322 0.00182827 0.00170043 0.00151806 0.00130647 0.00109743 0.00092772 0.000835105 0.000851498 0.00102967 0.00168845 0.00386078 0.00844432 0.0136056 0.0150003 0.0111088 0.00550572 0.00183561 0.00042037 6.89133e-05 8.88878e-06 1.08487e-06 1.41989e-07 1.80793e-08 1.83864e-09 1.02976e-10 0 
0 5.63186e-08 5.37582e-07 2.66407e-06 9.51211e-06 2.69785e-05 6.34233e-05 0.000126739 0.000219602 0.000336089 0.000462328 0.000580663 0.000674563 0.000732123 0.000747671 0.000721963 0.000661579 0.000577842 0.000485362 0.000400296 0.000338535 0.000313973 0.000336767 0.00041692 0.00060425 0.00107806 0.00202409 0.0030816 0.0033358 0.00246474 0.0012328 0.00042037 9.97987e-05 1.73752e-05 2.50999e-06 3.57387e-07 5.26922e-08 7.15883e-09 7.5801e-10 4.38289e-11 0 
0 1.49617e-08 1.38824e-07 6.72362e-07 2.36626e-06 6.68752e-06 1.58559e-05 3.23211e-05 5.76282e-05 9.11732e-05 0.000129657 0.000167681 0.000199219 0.000219264 0.000225045 0.000216554 0.000196381 0.00016905 0.000140052 0.000114879 9.83067e-05 9.40543e-05 0.000104551 0.000131019 0.000177228 0.000258743 0.000390194 0.000521544 0.000533739 0.000388384 0.000196112 6.89133e-05 1.73752e-05 3.40157e-06 5.91826e-07 1.01869e-07 1.69336e-08 2.45601e-09 2.71924e-10 1.63152e-11 0 
0 3.59851e-09 3.24006e-08 1.52821e-07 5.26705e-07 1.46818e-06 3.46051e-06 7.06723e-06 1.27087e-05 2.03732e-05 2.94198e-05 3.86191e-05 4.64522e-05 5.15519e-05 5.31021e-05 5.10541e-05 4.61072e-05 3.94905e-05 3.26494e-05 2.69529e-05 2.35125e-05 2.31174e-05 2.61813e-05 3.25966e-05 4.17771e-05 5.32565e-05 6.59719e-05 7.41802e-05 6.83216e-05 4.75305e-05 2.40573e-05 8.88878e-06 2.50999e-06 5.91826e-07 1.27825e-07 2.59662e-08 4.75132e-09 7.31468e-10 8.48355e-11 5.29956e-12 0 
0 7.75697e-10 6.7745e-09 3.10724e-08 1.04558e-07 2.8598e-07 6.65052e-07 1.34745e-06 2.41584e-06 3.87652e-06 5.618e-06 7.41019e-06 8.95569e-06 9.97646e-06 1.03006e-05 9.91381e-06 8.95856e-06 7.68733e-06 6.39388e-06 5.35077e-06 4.77133e-06 4.79364e-06 5.46245e-06 6.68346e-06 8.17686e-06 9.51767e-06 1.02364e-05 9.84048e-06 8.02868e-06 5.2677e-06 2.69702e-06 1.08487e-06 3.57387e-07 1.01869e-07 2.59662e-08 5.89312e-09 1.15831e-09 1.88277e-10 2.28862e-11 1.49131e-12 0 
0 1.46804e-10 1.24412e-09 5.54854e-09 1.82106e-08 4.87665e-08 1.11503e-07 2.23065e-07 3.96455e-07 6.32787e-07 9.14651e-07 1.20558e-06 1.45774e-06 1.62579e-06 1.68128e-06 1.62161e-06 1.47022e-06 1.26896e-06 1.06652e-06 9.0785e-07 8.27278e-07 8.44692e-07 9.61205e-07 1.15135e-06 1.35636e-06 1.49275e-06 1.48425e-06 1.30054e-06 9.79705e-07 6.19708e-07 3.2496e-07 1.41989e-07 5.26922e-08 1.69336e-08 4.75132e-09 1.15831e-09 2.41166e-10 4.12456e-11 5.25285e-12 3.57274e-13 0 
0 2.33634e-11 1.9232e-10 8.34584e-10 2.67212e-09 7.00259e-09 1.57227e-08 3.09959e-08 5.44709e-08 8.62302e-08 1.23948e-07 1.62822e-07 1.96564e-07 2.19196e-07 2.26954e-07 2.19492e-07 1.99948e-07 1.73945e-07 1.48054e-07 1.28336e-07 1.19305e-07 1.23235e-07 1.39445e-07 1.63429e-07 1.86559e-07 1.97961e-07 1.89203e-07 1.59422e-07 1.16609e-07 7.3252e-08 3.93292e-08 1.80793e-08 7.15883e-09 2.45601e-09 7.31468e-10 1.88277e-10 4.12456e-11 7.4023e-12 9.86558e-13 7.00152e-14 0 
0 2.82177e-12 2.25922e-11 9.55102e-11 2.98578e-10 7.66049e-10 1.68893e-09 3.27947e-09 5.6935e-09 8.92915e-09 1.27478e-08 1.667e-08 2.00736e-08 2.2369e-08 2.31853e-08 2.2491e-08 2.06018e-08 1.80843e-08 1.56038e-08 1.37722e-08 1.30313e-08 1.35665e-08 1.52289e-08 1.74759e-08 1.94108e-08 2.00312e-08 1.86823e-08 1.54602e-08 1.12145e-08 7.07808e-09 3.87408e-09 1.83864e-09 7.5801e-10 2.71924e-10 8.48355e-11 2.28862e-11 5.25285e-12 9.86558e-13 1.37353e-13 1.01603e-14 0 
0 1.84766e-13 1.44103e-12 5.94348e-12 1.81641e-11 4.56689e-11 9.893e-11 1.89259e-10 3.24595e-10 5.04203e-10 7.14684e-10 9.29971e-10 1.11662e-09 1.24315e-09 1.28987e-09 1.2553e-09 1.15673e-09 1.02515e-09 8.96958e-10 8.05467e-10 7.73804e-10 8.09477e-10 9.00259e-10 1.0128e-09 1.09804e-09 1.10697e-09 1.01309e-09 8.28399e-10 5.9895e-10 3.80471e-10 2.11639e-10 1.02976e-10 4.38289e-11 1.63152e-11 5.29956e-12 1.49131e-12 3.57274e-13 7.00152e-14 1.01603e-14 7.82175e-16 0 
0 0 0 0 0 0 0 0 0 0 0 0 0 0 0 0 0 0 0 0 0 0 0 0 0 0 0 0 0 0 0 0 0 0 0 0 0 0 0 0 0 
