0 0 0 0 0 0 0 0 0 0 0 0 0 0 0 0 0 0 0 0 0 0 0 0 0 0 0 0 0 0 0 0 0 0 0 0 0 0 0 0 0 
0 4.06469e-08 3.74727e-07 1.76735e-06 5.92736e-06 1.56431e-05 3.40934e-05 6.33426e-05 0.00010291 0.000149411 0.000197414 0.000240869 0.000274427 0.000294303 0.000298675 0.000287717 0.000263372 0.000228959 0.000188642 0.000146816 0.000107469 7.36197e-05 4.69474e-05 2.77289e-05 1.5103e-05 7.56133e-06 3.473e-06 1.46256e-06 5.64947e-07 2.00366e-07 6.5321e-08 1.95884e-08 5.40141e-09 1.36645e-09 3.15409e-10 6.56969e-11 1.20848e-11 1.87863e-12 2.2255e-13 1.43421e-14 0 
0 3.74727e-07 3.5933e-06 1.74128e-05 5.8842e-05 0.00015286 0.000320896 0.000565725 0.000866889 0.0011895 0.00149661 0.00175717 0.00194897 0.00205877 0.00208162 0.00201983 0.00188197 0.00168182 0.00143724 0.00116895 0.000898949 0.000648402 0.000434697 0.000268414 0.000151442 7.76321e-05 3.60578e-05 1.51764e-05 5.80132e-06 2.02075e-06 6.43571e-07 1.87892e-07 5.0343e-08 1.23648e-08 2.77091e-09 5.60642e-10 1.00273e-10 1.51744e-11 1.75231e-12 1.10237e-13 0 
0 1.76735e-06 1.74128e-05 8.47524e-05 0.000278267 0.0006788 0.00130811 0.00210627 0.00297505 0.0038235 0.00458226 0.00520124 0.00564608 0.00589662 0.00594647 0.00580218 0.00548167 0.0050119 0.00442618 0.00376184 0.00305865 0.00235833 0.00170399 0.00113726 0.000690517 0.000376461 0.000182796 7.89173e-05 3.04085e-05 1.05304e-05 3.30179e-06 9.43123e-07 2.46341e-07 5.88772e-08 1.28323e-08 2.52584e-09 4.39834e-10 6.48768e-11 7.31205e-12 4.49587e-13 0 
0 5.92736e-06 5.8842e-05 0.000278267 0.000849084 0.00186752 0.00323973 0.00478898 0.00636635 0.00786119 0.00918388 0.01026 0.011033 0.0114677 0.0115523 0.0112984 0.0107379 0.00991875 0.00889925 0.00774224 0.0065097 0.00525941 0.00404477 0.00291869 0.00193774 0.00115709 0.000608895 0.000279091 0.000111429 3.91137e-05 1.2228e-05 3.44515e-06 8.81947e-07 2.05902e-07 4.3772e-08 8.40158e-09 1.4273e-09 2.05583e-10 2.2653e-11 1.36351e-12 0 
0 1.56431e-05 0.00015286 0.0006788 0.00186752 0.0036871 0.00589315 0.00827396 0.0106733 0.0129501 0.0149707 0.0166183 0.0178031 0.0184692 0.0185978 0.0182064 0.0173448 0.016088 0.0145276 0.0127625 0.0108898 0.00899752 0.00715887 0.0054321 0.00386755 0.00252146 0.00146025 0.000730582 0.000311345 0.000113493 3.59769e-05 1.01074e-05 2.55404e-06 5.85326e-07 1.21823e-07 2.28701e-08 3.80025e-09 5.35738e-10 5.78336e-11 3.4143e-12 0 
0 3.40934e-05 0.000320896 0.00130811 0.00323973 0.00589315 0.00897803 0.0122896 0.0156369 0.0188217 0.0216525 0.0239627 0.0256246 0.0265588 0.0267387 0.0261888 0.0249794 0.0232164 0.0210294 0.0185589 0.0159433 0.0133089 0.0107609 0.00837843 0.00621497 0.00430956 0.00271064 0.00148855 0.000690485 0.000267397 8.75495e-05 2.48379e-05 6.24675e-06 1.41334e-06 2.8921e-07 5.32867e-08 8.68619e-09 1.20161e-09 1.2738e-10 7.39171e-12 0 
0 6.33426e-05 0.000565725 0.00210627 0.00478898 0.00827396 0.0122896 0.0166104 0.0209867 0.0251546 0.0288614 0.0318875 0.0340649 0.0352892 0.0355251 0.034805 0.0332209 0.0309121 0.0280489 0.0248161 0.0213965 0.0179572 0.0146385 0.0115474 0.00875371 0.00629439 0.00419159 0.00248848 0.00125845 0.000524857 0.000180327 5.23088e-05 1.3206e-05 2.96721e-06 5.99624e-07 1.08822e-07 1.7456e-08 2.37616e-09 2.47976e-10 1.41768e-11 0 
0 0.00010291 0.000866889 0.00297505 0.00636635 0.0106733 0.0156369 0.0209867 0.0264093 0.0315758 0.0361718 0.0399248 0.0426258 0.0441453 0.0444392 0.0435474 0.0415842 0.0387224 0.0351737 0.0311676 0.0269317 0.022674 0.0185701 0.0147551 0.0113188 0.00830676 0.00573004 0.00359685 0.00195773 0.000880195 0.000320259 9.59309e-05 2.44972e-05 5.49641e-06 1.10159e-06 1.97621e-07 3.1292e-08 4.20328e-09 4.32958e-10 2.44439e-11 0 
0 0.000149411 0.0011895 0.0038235 0.00786119 0.0129501 0.0188217 0.0251546 0.0315758 0.0376949 0.0431395 0.0475863 0.050788 0.0525905 0.0529411 0.0518868 0.049563 0.0461747 0.0419728 0.0372295 0.0322148 0.0271759 0.0223217 0.0178135 0.0137602 0.0102186 0.00719911 0.00468757 0.00269674 0.00129514 0.000499487 0.000155329 4.03427e-05 9.07981e-06 1.81158e-06 3.22313e-07 5.05309e-08 6.71653e-09 6.84622e-10 3.82634e-11 0 
0 0.000197414 0.00149661 0.00458226 0.00918388 0.0149707 0.0216525 0.0288614 0.0361718 0.0431395 0.0493402 0.0544062 0.0580561 0.0601133 0.0605164 0.0593182 0.0566736 0.052817 0.048034 0.0426346 0.0369264 0.0311912 0.0256678 0.0205407 0.0159354 0.0119191 0.00850495 0.00566793 0.00338931 0.00171485 0.000696756 0.00022499 5.95884e-05 1.34942e-05 2.68824e-06 4.7572e-07 7.40499e-08 9.76588e-09 9.87592e-10 5.47742e-11 0 
0 0.000240869 0.00175717 0.00520124 0.01026 0.0166183 0.0239627 0.0318875 0.0399248 0.0475863 0.0544062 0.0599807 0.0639987 0.066265 0.0667128 0.0654001 0.0624957 0.0582568 0.0529991 0.0470636 0.0407883 0.0344835 0.0284121 0.0227778 0.0177196 0.0133128 0.00957406 0.00647345 0.00397137 0.00208683 0.0008842 0.000295188 7.96883e-05 1.81821e-05 3.62433e-06 6.39489e-07 9.90857e-08 1.29992e-08 1.3075e-09 7.21401e-11 0 
0 0.000274427 0.00194897 0.00564608 0.011033 0.0178031 0.0256246 0.0340649 0.0426258 0.050788 0.0580561 0.0639987 0.0682798 0.0706917 0.0711722 0.0697854 0.0667024 0.0621919 0.0565927 0.0502711 0.0435871 0.0368713 0.030404 0.0244027 0.0190164 0.0143263 0.0103518 0.00706071 0.00440138 0.00237165 0.00103558 0.000354775 9.73264e-05 2.23699e-05 4.4676e-06 7.8756e-07 1.21758e-07 1.593e-08 1.59781e-09 8.79265e-11 0 
0 0.000294303 0.00205877 0.00589662 0.0114677 0.0184692 0.0265588 0.0352892 0.0441453 0.0525905 0.0601133 0.066265 0.0706917 0.0731815 0.0736819 0.0722623 0.069089 0.0644313 0.0586416 0.052103 0.0451888 0.0382407 0.0315491 0.0253393 0.0197661 0.0149143 0.0108048 0.00740485 0.00465671 0.00254563 0.00113202 0.000394369 0.000109423 2.53027e-05 5.06671e-06 8.93978e-07 1.38229e-07 1.80835e-08 1.81383e-09 9.98439e-11 0 
0 0.000298675 0.00208162 0.00594647 0.0115523 0.0185978 0.0267387 0.0355251 0.0444392 0.0529411 0.0605164 0.0667128 0.0711722 0.0736819 0.074192 0.0727727 0.0695883 0.0649071 0.0590837 0.0525048 0.0455464 0.0385522 0.0318149 0.0255617 0.0199488 0.0150621 0.0109231 0.00749912 0.00473102 0.00260005 0.00116459 0.00040873 0.000114091 2.64979e-05 5.32373e-06 9.42026e-07 1.46071e-07 1.91675e-08 1.92918e-09 1.06617e-10 0 
0 0.000287717 0.00201983 0.00580218 0.0112984 0.0182064 0.0261888 0.034805 0.0435474 0.0518868 0.0593182 0.0654001 0.0697854 0.0722623 0.0727727 0.0713827 0.0682601 0.0636731 0.0579679 0.0515202 0.044698 0.0378387 0.0312295 0.0250935 0.0195842 0.0147859 0.01072 0.00735449 0.00463258 0.00253957 0.00113458 0.000397801 0.000111191 2.59112e-05 5.23043e-06 9.30786e-07 1.45269e-07 1.92022e-08 1.9485e-09 1.08661e-10 0 
0 0.000263372 0.00188197 0.00548167 0.0107379 0.0173448 0.0249794 0.0332209 0.0415842 0.049563 0.0566736 0.0624957 0.0667024 0.069089 0.0695883 0.0682601 0.0652733 0.0608911 0.0554416 0.0492801 0.0427578 0.0361979 0.029875 0.0240026 0.0187273 0.0141301 0.0102306 0.00699852 0.00438326 0.00238097 0.00105275 0.00036654 0.000102354 2.39571e-05 4.87514e-06 8.76709e-07 1.38518e-07 1.8563e-08 1.91209e-09 1.08359e-10 0 
0 0.000228959 0.00168182 0.0050119 0.00991875 0.016088 0.0232164 0.0309121 0.0387224 0.0461747 0.052817 0.0582568 0.0621919 0.0644313 0.0649071 0.0636731 0.0608911 0.0568087 0.0517298 0.0459843 0.0399001 0.0337787 0.0278763 0.0223919 0.0174621 0.0131617 0.00950834 0.00647377 0.00401785 0.00215233 0.000937896 0.000323854 9.05611e-05 2.1404e-05 4.42291e-06 8.10592e-07 1.30835e-07 1.79404e-08 1.8927e-09 1.09897e-10 0 
0 0.000188642 0.00143724 0.00442618 0.00889925 0.0145276 0.0210294 0.0280489 0.0351737 0.0419728 0.048034 0.0529991 0.0565927 0.0586416 0.0590837 0.0579679 0.0554416 0.0517298 0.0471087 0.0418789 0.0363392 0.0307643 0.0253872 0.0203887 0.0158924 0.0119651 0.00862129 0.00583642 0.00358421 0.00189252 0.000815015 0.000281103 7.95504e-05 1.92215e-05 4.08584e-06 7.72783e-07 1.28881e-07 1.82562e-08 1.98692e-09 1.18753e-10 0 
0 0.000146816 0.00116895 0.00376184 0.00774224 0.0127625 0.0185589 0.0248161 0.0311676 0.0372295 0.0426346 0.0470636 0.0502711 0.052103 0.0525048 0.0515202 0.0492801 0.0459843 0.0418789 0.0372317 0.0323087 0.0273544 0.0225756 0.0181323 0.0141329 0.0106347 0.00764876 0.00515562 0.00314379 0.0016502 0.000713234 0.000250778 7.33759e-05 1.84796e-05 4.10404e-06 8.09822e-07 1.40386e-07 2.05693e-08 2.30318e-09 1.40855e-10 0 
0 0.000107469 0.000898949 0.00305865 0.0065097 0.0108898 0.0159433 0.0213965 0.0269317 0.0322148 0.0369264 0.0407883 0.0435871 0.0451888 0.0455464 0.044698 0.0427578 0.0399001 0.0363392 0.0323087 0.0280405 0.0237471 0.0196081 0.0157615 0.0122995 0.00926912 0.00667836 0.00451347 0.00277128 0.00148156 0.000663979 0.000246058 7.6407e-05 2.03657e-05 4.74716e-06 9.73292e-07 1.73603e-07 2.59476e-08 2.94253e-09 1.81199e-10 0 
0 7.36197e-05 0.000648402 0.00235833 0.00525941 0.00899752 0.0133089 0.0179572 0.022674 0.0271759 0.0311912 0.0344835 0.0368713 0.0382407 0.0385522 0.0378387 0.0361979 0.0337787 0.0307643 0.0273544 0.0237471 0.0201238 0.0166375 0.0134045 0.0105013 0.00796609 0.00580504 0.00400468 0.0025506 0.00144561 0.000699932 0.000281526 9.37789e-05 2.62869e-05 6.32026e-06 1.31652e-06 2.36023e-07 3.51987e-08 3.96348e-09 2.41587e-10 0 
0 4.69474e-05 0.000434697 0.00170399 0.00404477 0.00715887 0.0107609 0.0146385 0.0185701 0.0223217 0.0256678 0.0284121 0.030404 0.0315491 0.0318149 0.0312295 0.029875 0.0278763 0.0253872 0.0225756 0.0196081 0.0166375 0.0137923 0.01117 0.00883642 0.00682799 0.00514876 0.00375895 0.00259179 0.00161492 0.000861987 0.000376621 0.000132332 3.79393e-05 9.12754e-06 1.87915e-06 3.30908e-07 4.83347e-08 5.32547e-09 3.17636e-10 0 
0 2.77289e-05 0.000268414 0.00113726 0.00291869 0.0054321 0.00837843 0.0115474 0.0147551 0.0178135 0.0205407 0.0227778 0.0244027 0.0253393 0.0255617 0.0250935 0.0240026 0.0223919 0.0203887 0.0181323 0.0157615 0.0134045 0.01117 0.00914556 0.00740715 0.00602769 0.00502347 0.00423475 0.00336693 0.00231654 0.00130645 0.000586837 0.000206566 5.78032e-05 1.33933e-05 2.65362e-06 4.51188e-07 6.38259e-08 6.82798e-09 3.96385e-10 0 
0 1.5103e-05 0.000151442 0.000690517 0.00193774 0.00386755 0.00621497 0.00875371 0.0113188 0.0137602 0.0159354 0.0177196 0.0190164 0.0197661 0.0199488 0.0195842 0.0187273 0.0174621 0.0158924 0.0141329 0.0122995 0.0105013 0.00883642 0.00740715 0.0063847 0.00608865 0.00675358 0.00772556 0.00746528 0.00543026 0.00289955 0.00116963 0.000368434 9.24487e-05 1.93707e-05 3.55657e-06 5.74051e-07 7.81451e-08 8.09805e-09 4.57259e-10 0 
0 7.56133e-06 7.76321e-05 0.000376461 0.00115709 0.00252146 0.00430956 0.00629439 0.00830676 0.0102186 0.0119191 0.0133128 0.0143263 0.0149143 0.0150621 0.0147859 0.0141301 0.0131617 0.0119651 0.0106347 0.00926912 0.00796609 0.00682799 0.00602769 0.00608865 0.00833354 0.0139005 0.0203301 0.0217308 0.0160388 0.00810388 0.00287101 0.000757344 0.000157819 2.76874e-05 4.44478e-06 6.63744e-07 8.64721e-08 8.69104e-09 4.78627e-10 0 
0 3.473e-06 3.60578e-05 0.000182796 0.000608895 0.00146025 0.00271064 0.00419159 0.00573004 0.00719911 0.00850495 0.00957406 0.0103518 0.0108048 0.0109231 0.01072 0.0102306 0.00950834 0.00862129 0.00764876 0.00667836 0.00580504 0.00514876 0.00502347 0.00675358 0.0139005 0.0293508 0.0470954 0.0526159 0.0380825 0.0189086 0.00635132 0.00149707 0.000265051 3.82334e-05 5.11905e-06 6.85166e-07 8.48843e-08 8.30442e-09 4.48425e-10 0 
0 1.46256e-06 1.51764e-05 7.89173e-05 0.000279091 0.000730582 0.00148855 0.00248848 0.00359685 0.00468757 0.00566793 0.00647345 0.00706071 0.00740485 0.00749912 0.00735449 0.00699852 0.00647377 0.00583642 0.00515562 0.00451347 0.00400468 0.00375895 0.00423475 0.00772556 0.0203301 0.0470954 0.0766121 0.083264 0.0635538 0.0310308 0.0102507 0.00230768 0.000372421 4.65302e-05 5.24118e-06 6.19776e-07 7.28398e-08 6.97916e-09 3.72248e-10 0 
0 5.64947e-07 5.80132e-06 3.04085e-05 0.000111429 0.000311345 0.000690485 0.00125845 0.00195773 0.00269674 0.00338931 0.00397137 0.00440138 0.00465671 0.00473102 0.00463258 0.00438326 0.00401785 0.00358421 0.00314379 0.00277128 0.0025506 0.00259179 0.00336693 0.00746528 0.0217308 0.0526159 0.083264 0.0882422 0.0714527 0.0344822 0.0113039 0.00250451 0.000387633 4.4681e-05 4.47237e-06 4.78408e-07 5.39439e-08 5.1135e-09 2.71828e-10 0 
0 2.00366e-07 2.02075e-06 1.05304e-05 3.91137e-05 0.000113493 0.000267397 0.000524857 0.000880195 0.00129514 0.00171485 0.00208683 0.00237165 0.00254563 0.00260005 0.00253957 0.00238097 0.00215233 0.00189252 0.0016502 0.00148156 0.00144561 0.00161492 0.00231654 0.00543026 0.0160388 0.0380825 0.0635538 0.0714527 0.0517341 0.0254753 0.00837146 0.00184919 0.000282188 3.14465e-05 2.98956e-06 3.06266e-07 3.41261e-08 3.24803e-09 1.73821e-10 0 
0 6.5321e-08 6.43571e-07 3.30179e-06 1.2228e-05 3.59769e-05 8.75495e-05 0.000180327 0.000320259 0.000499487 0.000696756 0.0008842 0.00103558 0.00113202 0.00116459 0.00113458 0.00105275 0.000937896 0.000815015 0.000713234 0.000663979 0.000699932 0.000861987 0.00130645 0.00289955 0.00810388 0.0189086 0.0310308 0.0344822 0.0254753 0.0125821 0.00414586 0.00092038 0.000140762 1.5718e-05 1.51687e-06 1.60141e-07 1.83591e-08 1.78455e-09 9.71192e-11 0 
0 1.95884e-08 1.87892e-07 9.43123e-07 3.44515e-06 1.01074e-05 2.48379e-05 5.23088e-05 9.59309e-05 0.000155329 0.00022499 0.000295188 0.000354775 0.000394369 0.00040873 0.000397801 0.00036654 0.000323854 0.000281103 0.000250778 0.000246058 0.000281526 0.000376621 0.000586837 0.00116963 0.00287101 0.00635132 0.0102507 0.0113039 0.00837146 0.00414586 0.00137624 0.000309147 4.80983e-05 5.59602e-06 5.89425e-07 6.89503e-08 8.42713e-09 8.48769e-10 4.73961e-11 0 
0 5.40141e-09 5.0343e-08 2.46341e-07 8.81947e-07 2.55404e-06 6.24675e-06 1.3206e-05 2.44972e-05 4.03427e-05 5.95884e-05 7.96883e-05 9.73264e-05 0.000109423 0.000114091 0.000111191 0.000102354 9.05611e-05 7.95504e-05 7.33759e-05 7.6407e-05 9.37789e-05 0.000132332 0.000206566 0.000368434 0.000757344 0.00149707 0.00230768 0.00250451 0.00184919 0.00092038 0.000309147 7.0848e-05 1.15097e-05 1.47967e-06 1.84338e-07 2.51107e-08 3.32821e-09 3.50341e-10 2.02136e-11 0 
0 1.36645e-09 1.23648e-08 5.88772e-08 2.05902e-07 5.85326e-07 1.41334e-06 2.96721e-06 5.49641e-06 9.07981e-06 1.34942e-05 1.81821e-05 2.23699e-05 2.53027e-05 2.64979e-05 2.59112e-05 2.39571e-05 2.1404e-05 1.92215e-05 1.84796e-05 2.03657e-05 2.62869e-05 3.79393e-05 5.78032e-05 9.24487e-05 0.000157819 0.000265051 0.000372421 0.000387633 0.000282188 0.000140762 4.80983e-05 1.15097e-05 2.0628e-06 3.19086e-07 4.98999e-08 7.94993e-09 1.13954e-09 1.25772e-10 7.53469e-12 0 
0 3.15409e-10 2.77091e-09 1.28323e-08 4.3772e-08 1.21823e-07 2.8921e-07 5.99624e-07 1.10159e-06 1.81158e-06 2.68824e-06 3.62433e-06 4.4676e-06 5.06671e-06 5.32373e-06 5.23043e-06 4.87514e-06 4.42291e-06 4.08584e-06 4.10404e-06 4.74716e-06 6.32026e-06 9.12754e-06 1.33933e-05 1.93707e-05 2.76874e-05 3.82334e-05 4.65302e-05 4.4681e-05 3.14465e-05 1.5718e-05 5.59602e-06 1.47967e-06 3.19086e-07 6.3429e-08 1.2294e-08 2.21241e-09 3.39042e-10 3.92576e-11 2.44964e-12 0 
0 6.56969e-11 5.60642e-10 2.52584e-09 8.40158e-09 2.28701e-08 5.32867e-08 1.08822e-07 1.97621e-07 3.22313e-07 4.7572e-07 6.39489e-07 7.8756e-07 8.93978e-07 9.42026e-07 9.30786e-07 8.76709e-07 8.10592e-07 7.72783e-07 8.09822e-07 9.73292e-07 1.31652e-06 1.87915e-06 2.65362e-06 3.55657e-06 4.44478e-06 5.11905e-06 5.24118e-06 4.47237e-06 2.98956e-06 1.51687e-06 5.89425e-07 1.84338e-07 4.98999e-08 1.2294e-08 2.7485e-09 5.37556e-10 8.72307e-11 1.05935e-11 6.89722e-13 0 
0 1.20848e-11 1.00273e-10 4.39834e-10 1.4273e-09 3.80025e-09 8.68619e-09 1.7456e-08 3.1292e-08 5.05309e-08 7.40499e-08 9.90857e-08 1.21758e-07 1.38229e-07 1.46071e-07 1.45269e-07 1.38518e-07 1.30835e-07 1.28881e-07 1.40386e-07 1.73603e-07 2.36023e-07 3.30908e-07 4.51188e-07 5.74051e-07 6.63744e-07 6.85166e-07 6.19776e-07 4.78408e-07 3.06266e-07 1.60141e-07 6.89503e-08 2.51107e-08 7.94993e-09 2.21241e-09 5.37556e-10 1.11781e-10 1.91046e-11 2.43164e-12 1.65288e-13 0 
0 1.87863e-12 1.51744e-11 6.48768e-11 2.05583e-10 5.35738e-10 1.20161e-09 2.37616e-09 4.20328e-09 6.71653e-09 9.76588e-09 1.29992e-08 1.593e-08 1.80835e-08 1.91675e-08 1.92022e-08 1.8563e-08 1.79404e-08 1.82562e-08 2.05693e-08 2.59476e-08 3.51987e-08 4.83347e-08 6.38259e-08 7.81451e-08 8.64721e-08 8.48843e-08 7.28398e-08 5.39439e-08 3.41261e-08 1.83591e-08 8.42713e-09 3.32821e-09 1.13954e-09 3.39042e-10 8.72307e-11 1.91046e-11 3.4277e-12 4.5667e-13 3.23956e-14 0 
0 2.2255e-13 1.75231e-12 7.31205e-12 2.2653e-11 5.78336e-11 1.2738e-10 2.47976e-10 4.32958e-10 6.84622e-10 9.87592e-10 1.3075e-09 1.59781e-09 1.81383e-09 1.92918e-09 1.9485e-09 1.91209e-09 1.8927e-09 1.98692e-09 2.30318e-09 2.94253e-09 3.96348e-09 5.32547e-09 6.82798e-09 8.09805e-09 8.69104e-09 8.30442e-09 6.97916e-09 5.1135e-09 3.24803e-09 1.78455e-09 8.48769e-10 3.50341e-10 1.25772e-10 3.92576e-11 1.05935e-11 2.43164e-12 4.5667e-13 6.35684e-14 4.70104e-15 0 
0 1.43421e-14 1.10237e-13 4.49587e-13 1.36351e-12 3.4143e-12 7.39171e-12 1.41768e-11 2.44439e-11 3.82634e-11 5.47742e-11 7.21401e-11 8.79265e-11 9.98439e-11 1.06617e-10 1.08661e-10 1.08359e-10 1.09897e-10 1.18753e-10 1.40855e-10 1.81199e-10 2.41587e-10 3.17636e-10 3.96385e-10 4.57259e-10 4.78627e-10 4.48425e-10 3.72248e-10 2.71828e-10 1.73821e-10 9.71192e-11 4.73961e-11 2.02136e-11 7.53469e-12 2.44964e-12 6.89722e-13 1.65288e-13 3.23956e-14 4.70104e-15 3.61853e-16 0 
0 0 0 0 0 0 0 0 0 0 0 0 0 0 0 0 0 0 0 0 0 0 0 0 0 0 0 0 0 0 0 0 0 0 0 0 0 0 0 0 0 
