0 0 0 0 0 0 0 0 0 0 0 0 0 0 0 0 0 0 0 0 0 0 0 0 0 0 0 0 0 0 0 0 0 0 0 0 0 0 0 0 0 
0 4.0009e-07 3.56347e-06 1.5696e-05 4.74602e-05 0.000109893 0.000207467 0.000334696 0.000478708 0.000624247 0.000757421 0.000867397 0.000946761 0.000991332 0.000999823 0.000973481 0.000915728 0.000831779 0.000728253 0.000612757 0.000493383 0.000378098 0.000273966 0.000186303 0.000117953 6.89772e-05 3.69897e-05 1.80852e-05 8.03061e-06 3.2325e-06 1.17912e-06 3.8995e-07 1.16949e-07 3.17696e-08 7.78482e-09 1.70416e-09 3.26624e-10 5.25193e-11 6.39644e-12 4.21684e-13 0 
0 3.56347e-06 3.24303e-05 0.000140727 0.00040131 0.000847262 0.00143932 0.0021014 0.00276492 0.00338112 0.00391585 0.00434392 0.00464733 0.0048155 0.00484582 0.00474356 0.00452091 0.00419547 0.00378828 0.00332201 0.0028196 0.00230391 0.0017982 0.00132661 0.000913274 0.000578412 0.000332407 0.000171417 7.87853e-05 3.22151e-05 1.1745e-05 3.83414e-06 1.12535e-06 2.97594e-07 7.07855e-08 1.50247e-08 2.79229e-09 4.35718e-10 5.15656e-11 3.30843e-12 0 
0 1.5696e-05 0.000140727 0.000567477 0.00143108 0.00264359 0.00402531 0.0054537 0.00685401 0.00816079 0.00930852 0.0102374 0.0109007 0.0112695 0.0113352 0.0111088 0.0106186 0.00990669 0.00902368 0.0080236 0.00695864 0.00587461 0.00480816 0.00378729 0.00283642 0.00198423 0.00126771 0.000722374 0.000360206 0.000155715 5.84397e-05 1.9205e-05 5.58471e-06 1.44857e-06 3.36066e-07 6.93909e-08 1.25356e-08 1.90215e-09 2.19138e-10 1.37065e-11 0 
0 4.74602e-05 0.00040131 0.00143108 0.00313968 0.00523992 0.00755181 0.00997579 0.0123982 0.0146863 0.0167086 0.0183503 0.0195242 0.0201773 0.0202933 0.0198916 0.0190231 0.0177629 0.0162028 0.0144416 0.0125769 0.0106973 0.00887571 0.00716478 0.00559432 0.00417633 0.00292082 0.00185719 0.00103674 0.000493597 0.000198041 6.73996e-05 1.97846e-05 5.09274e-06 1.161e-06 2.34379e-07 4.1311e-08 6.11381e-09 6.87396e-10 4.20094e-11 0 
0 0.000109893 0.000847262 0.00264359 0.00523992 0.00833882 0.0118147 0.0155136 0.0192325 0.0227527 0.0258665 0.0283952 0.0302036 0.0312097 0.0313883 0.0307692 0.0294308 0.0274894 0.0250864 0.022375 0.0195067 0.0166204 0.0138337 0.0112366 0.00888738 0.00680988 0.00499702 0.00343139 0.00212379 0.00113154 0.000500314 0.000181737 5.50793e-05 1.42788e-05 3.22876e-06 6.4129e-07 1.10787e-07 1.60492e-08 1.76641e-09 1.05758e-10 0 
0 0.000207467 0.00143932 0.00402531 0.00755181 0.0118147 0.0166575 0.0218315 0.0270388 0.0319699 0.0363323 0.0398754 0.0424101 0.0438214 0.044072 0.0432031 0.0413264 0.0386057 0.0352391 0.0314407 0.0274234 0.0233824 0.0194836 0.0158563 0.0125891 0.00972811 0.00727628 0.00519782 0.00344649 0.00202255 0.000993328 0.000393435 0.000125769 3.33526e-05 7.55748e-06 1.48696e-06 2.53037e-07 3.60225e-08 3.89391e-09 2.29059e-10 0 
0 0.000334696 0.0021014 0.0054537 0.00997579 0.0155136 0.0218315 0.0285873 0.0353883 0.0418293 0.0475314 0.052197 0.0556566 0.0577244 0.0581119 0.0568027 0.0541525 0.050516 0.0461017 0.0411388 0.0358919 0.0306148 0.0255247 0.0207911 0.0165322 0.012814 0.00965281 0.00701583 0.00483065 0.00303073 0.00163035 0.000707863 0.000242143 6.65811e-05 1.52655e-05 2.99529e-06 5.04552e-07 7.08652e-08 7.5487e-09 4.37569e-10 0 
0 0.000478708 0.00276492 0.00685401 0.0123982 0.0192325 0.0270388 0.0353883 0.0437943 0.0517661 0.0589855 0.0657403 0.0715942 0.075041 0.0756763 0.0735926 0.0690312 0.0631253 0.0571251 0.05091 0.0444189 0.0378968 0.0316066 0.0257582 0.0204981 0.0159104 0.012021 0.0088023 0.00617581 0.00403506 0.00232254 0.00109526 0.000402623 0.000115797 2.70711e-05 5.32763e-06 8.92304e-07 1.241e-07 1.30686e-08 7.48613e-10 0 
0 0.000624247 0.00338112 0.00816079 0.0146863 0.0227527 0.0319699 0.0418293 0.0517661 0.0614217 0.0717019 0.0809801 0.0861546 0.0884806 0.08891 0.0876218 0.084243 0.0777417 0.0686527 0.0602937 0.0525037 0.0447947 0.0373675 0.0304626 0.0242535 0.0188401 0.0142557 0.0104749 0.00741798 0.00496006 0.00298837 0.00150535 0.000591648 0.000178448 4.2731e-05 8.47017e-06 1.41563e-06 1.95582e-07 2.04208e-08 1.15909e-09 0 
0 0.000757421 0.00391585 0.00930852 0.0167086 0.0258665 0.0363323 0.0475314 0.0589855 0.0717019 0.0837812 0.0901677 0.0935198 0.0951489 0.0954774 0.0945959 0.0923538 0.0882289 0.0807179 0.0695875 0.0597552 0.0509034 0.0424656 0.0346257 0.0275764 0.0214317 0.0162305 0.0119475 0.00850128 0.00575857 0.00357211 0.00188857 0.000784902 0.000247484 6.07594e-05 1.2158e-05 2.03288e-06 2.79737e-07 2.90324e-08 1.63683e-09 0 
0 0.000867397 0.00434392 0.0102374 0.0183503 0.0283952 0.0398754 0.052197 0.0657403 0.0809801 0.0901677 0.094937 0.0976418 0.0990077 0.0992981 0.0985764 0.0967538 0.0935282 0.0881056 0.0784312 0.0661362 0.0558991 0.0466086 0.0380083 0.0302763 0.0235372 0.0178342 0.0131415 0.00937484 0.00639654 0.00403961 0.00220756 0.000957237 0.000313194 7.86478e-05 1.58914e-05 2.66223e-06 3.65594e-07 3.77973e-08 2.12126e-09 0 
0 0.000946761 0.00464733 0.0109007 0.0195242 0.0302036 0.0424101 0.0556566 0.0715942 0.0861546 0.0935198 0.0976418 0.100064 0.10131 0.101583 0.100936 0.0993045 0.0964651 0.0918683 0.0840252 0.071412 0.0595677 0.0495771 0.0404297 0.0322092 0.0250445 0.0189822 0.0139957 0.00999817 0.00684908 0.00437083 0.0024388 0.00108847 0.000365896 9.35168e-05 1.90538e-05 3.19978e-06 4.39137e-07 4.53073e-08 2.536e-09 0 
0 0.000991332 0.0048155 0.0112695 0.0201773 0.0312097 0.0438214 0.0577244 0.075041 0.0884806 0.0951489 0.0990077 0.10131 0.102503 0.10277 0.102156 0.100607 0.0979306 0.0936654 0.0866074 0.0745616 0.0617098 0.0512359 0.0417801 0.0332874 0.0258857 0.0196231 0.0144727 0.0103462 0.00710136 0.00455582 0.00257023 0.00116582 0.000398223 0.000102913 2.10888e-05 3.54935e-06 4.8728e-07 5.02472e-08 2.80992e-09 0 
0 0.000999823 0.00484582 0.0113352 0.0202933 0.0313883 0.044072 0.0581119 0.0756763 0.08891 0.0954774 0.0992981 0.101583 0.10277 0.103035 0.102427 0.10089 0.0982376 0.0940213 0.0870794 0.075153 0.0621111 0.0515372 0.0420257 0.0334841 0.0260398 0.0197412 0.0145613 0.0104116 0.00714999 0.00459321 0.00259882 0.0011841 0.000406443 0.000105445 2.16628e-05 3.65183e-06 5.01895e-07 5.17975e-08 2.89873e-09 0 
0 0.000973481 0.00474356 0.0111088 0.0198916 0.0307692 0.0432031 0.0568027 0.0735926 0.0876218 0.0945959 0.0985764 0.100936 0.102156 0.102427 0.101798 0.10021 0.0974581 0.093044 0.0856424 0.0732411 0.0607825 0.0505277 0.0412062 0.0328312 0.0255319 0.0193557 0.0142759 0.0102055 0.00700336 0.00448954 0.00252888 0.00114502 0.000390812 0.00010108 2.07549e-05 3.50245e-06 4.8226e-07 4.98835e-08 2.79848e-09 0 
0 0.000915728 0.00452091 0.0106186 0.0190231 0.0294308 0.0413264 0.0541525 0.0690312 0.084243 0.0923538 0.0967538 0.0993045 0.100607 0.10089 0.10021 0.0984928 0.0954848 0.0905441 0.0819096 0.0691373 0.0580181 0.0483415 0.0394266 0.0314126 0.0244275 0.0185165 0.0136539 0.00975462 0.00668053 0.00425858 0.00237122 0.00105638 0.000355235 9.10725e-05 1.86476e-05 3.14996e-06 4.35027e-07 4.51777e-08 2.54584e-09 0 
0 0.000831779 0.00419547 0.00990669 0.0177629 0.0274894 0.0386057 0.050516 0.0631253 0.0777417 0.0882289 0.0935282 0.0964651 0.0979306 0.0982376 0.0974581 0.0954848 0.0919477 0.0858525 0.0752382 0.063789 0.0541507 0.0451722 0.0368427 0.0293528 0.022824 0.0172982 0.0127506 0.00909905 0.00620941 0.00392073 0.00214287 0.000931278 0.000306431 7.76e-05 1.58338e-05 2.68012e-06 3.71972e-07 3.88762e-08 2.20624e-09 0 
0 0.000728253 0.00378828 0.00902368 0.0162028 0.0250864 0.0352391 0.0461017 0.0571251 0.0686527 0.0807179 0.0881056 0.0918683 0.0936654 0.0940213 0.093044 0.0905441 0.0858525 0.0774364 0.0670157 0.0579709 0.0494342 0.0412508 0.0336442 0.0268037 0.0208401 0.0157915 0.0116337 0.00828768 0.00562489 0.00350321 0.00186775 0.000787331 0.000252785 6.32403e-05 1.28838e-05 2.19137e-06 3.06619e-07 3.23574e-08 1.85531e-09 0 
0 0.000612757 0.00332201 0.0080236 0.0144416 0.022375 0.0314407 0.0411388 0.05091 0.0602937 0.0695875 0.0784312 0.0840252 0.0866074 0.0870794 0.0856424 0.0819096 0.0752382 0.0670157 0.0593069 0.0517066 0.0441303 0.0368269 0.0300364 0.0239295 0.0186048 0.0140954 0.0103774 0.00737499 0.00496854 0.00304234 0.00157801 0.000645548 0.000203041 5.04538e-05 1.03181e-05 1.77212e-06 2.5106e-07 2.68517e-08 1.56045e-09 0 
0 0.000493383 0.0028196 0.00695864 0.0125769 0.0195067 0.0274234 0.0358919 0.0444189 0.0525037 0.0597552 0.0661362 0.071412 0.0745616 0.075153 0.0732411 0.0691373 0.063789 0.0579709 0.0517066 0.0451317 0.038523 0.0321491 0.0262231 0.0208937 0.0162465 0.0123091 0.00905768 0.00642058 0.00429306 0.00258924 0.00131541 0.000528555 0.000165076 4.12021e-05 8.52501e-06 1.48597e-06 2.13795e-07 2.32076e-08 1.36717e-09 0 
0 0.000378098 0.00230391 0.00587461 0.0106973 0.0166204 0.0233824 0.0306148 0.0378968 0.0447947 0.0509034 0.0558991 0.0595677 0.0617098 0.0621111 0.0607825 0.0580181 0.0541507 0.0494342 0.0441303 0.038523 0.0328841 0.0274463 0.0223917 0.0178472 0.0138861 0.0105312 0.0077584 0.00550256 0.00367711 0.00221678 0.00112923 0.000457605 0.000144908 3.67577e-05 7.72541e-06 1.36522e-06 1.98677e-07 2.17644e-08 1.29119e-09 0 
0 0.000273966 0.0017982 0.00480816 0.00887571 0.0138337 0.0194836 0.0255247 0.0316066 0.0373675 0.0424656 0.0466086 0.0495771 0.0512359 0.0515372 0.0505277 0.0483415 0.0451722 0.0412508 0.0368269 0.0321491 0.0274463 0.0229132 0.0187027 0.0149252 0.0116518 0.00890947 0.00666066 0.00481215 0.00327836 0.00202459 0.00106625 0.00044793 0.000145877 3.76085e-05 7.95848e-06 1.40783e-06 2.04402e-07 2.22961e-08 1.31552e-09 0 
0 0.000186303 0.00132661 0.00378729 0.00716478 0.0112366 0.0158563 0.0207911 0.0257582 0.0304626 0.0346257 0.0380083 0.0404297 0.0417801 0.0420257 0.0412062 0.0394266 0.0368427 0.0336442 0.0300364 0.0262231 0.0223917 0.0187027 0.0152897 0.0122789 0.00981502 0.00798473 0.00660227 0.00523722 0.00370476 0.00226683 0.00118909 0.000508933 0.00016831 4.33282e-05 9.04938e-06 1.5727e-06 2.24118e-07 2.40074e-08 1.39247e-09 0 
0 0.000117953 0.000913274 0.00283642 0.00559432 0.00888738 0.0125891 0.0165322 0.0204981 0.0242535 0.0275764 0.0302763 0.0322092 0.0332874 0.0334841 0.0328312 0.0314126 0.0293528 0.0268037 0.0239295 0.0208937 0.0178472 0.0149252 0.0122789 0.0102025 0.0092709 0.00990401 0.0111343 0.0107062 0.00781098 0.00424854 0.00183959 0.000687067 0.000213593 5.26819e-05 1.05784e-05 1.77643e-06 2.45767e-07 2.56514e-08 1.45403e-09 0 
0 6.89772e-05 0.000578412 0.00198423 0.00417633 0.00680988 0.00972811 0.012814 0.0159104 0.0188401 0.0214317 0.0235372 0.0250445 0.0258857 0.0260398 0.0255319 0.0244275 0.022824 0.0208401 0.0186048 0.0162465 0.0138861 0.0116518 0.00981502 0.0092709 0.0120744 0.0197981 0.0324641 0.0391511 0.022883 0.0115142 0.00413157 0.00117236 0.000295666 6.44449e-05 1.19508e-05 1.90734e-06 2.54834e-07 2.58813e-08 1.43367e-09 0 
0 3.69897e-05 0.000332407 0.00126771 0.00292082 0.00499702 0.00727628 0.00965281 0.012021 0.0142557 0.0162305 0.0178342 0.0189822 0.0196231 0.0197412 0.0193557 0.0185165 0.0172982 0.0157915 0.0140954 0.0123091 0.0105312 0.00890947 0.00798473 0.00990401 0.0197981 0.0467545 0.0774637 0.0799227 0.0669941 0.0269112 0.00901536 0.00216955 0.00043019 7.70313e-05 1.2554e-05 1.86663e-06 2.40277e-07 2.38216e-08 1.29484e-09 0 
0 1.80852e-05 0.000171417 0.000722374 0.00185719 0.00343139 0.00519782 0.00701583 0.0088023 0.0104749 0.0119475 0.0131415 0.0139957 0.0144727 0.0145613 0.0142759 0.0136539 0.0127506 0.0116337 0.0103774 0.00905768 0.0077584 0.00666066 0.00660227 0.0111343 0.0324641 0.0774637 0.0861841 0.0872215 0.082532 0.0571994 0.0145244 0.00329319 0.000565754 8.43966e-05 1.18333e-05 1.61712e-06 2.00767e-07 1.95564e-08 1.05024e-09 0 
0 8.03061e-06 7.87853e-05 0.000360206 0.00103674 0.00212379 0.00344649 0.00483065 0.00617581 0.00741798 0.00850128 0.00937484 0.00999817 0.0103462 0.0104116 0.0102055 0.00975462 0.00909905 0.00828768 0.00737499 0.00642058 0.00550256 0.00481215 0.00523722 0.0107062 0.0391511 0.0799227 0.0872215 0.0882086 0.0845168 0.067042 0.0161825 0.00356285 0.00057602 7.66794e-05 9.52398e-06 1.20862e-06 1.4608e-07 1.41157e-08 7.55463e-10 0 
0 3.2325e-06 3.22151e-05 0.000155715 0.000493597 0.00113154 0.00202255 0.00303073 0.00403506 0.00496006 0.00575857 0.00639654 0.00684908 0.00710136 0.00714999 0.00700336 0.00668053 0.00620941 0.00562489 0.00496854 0.00429306 0.00367711 0.00327836 0.00370476 0.00781098 0.022883 0.0669941 0.082532 0.0845168 0.0787823 0.0415676 0.0118556 0.00263306 0.000419323 5.31772e-05 6.21491e-06 7.6156e-07 9.149e-08 8.88162e-09 4.78298e-10 0 
0 1.17912e-06 1.1745e-05 5.84397e-05 0.000198041 0.000500314 0.000993328 0.00163035 0.00232254 0.00298837 0.00357211 0.00403961 0.00437083 0.00455582 0.00459321 0.00448954 0.00425858 0.00392073 0.00350321 0.00304234 0.00258924 0.00221678 0.00202459 0.00226683 0.00424854 0.0115142 0.0269112 0.0571994 0.067042 0.0415676 0.0178128 0.00587676 0.00131889 0.000212811 2.70624e-05 3.19189e-06 3.99503e-07 4.90598e-08 4.85196e-09 2.65471e-10 0 
0 3.8995e-07 3.83414e-06 1.9205e-05 6.73996e-05 0.000181737 0.000393435 0.000707863 0.00109526 0.00150535 0.00188857 0.00220756 0.0024388 0.00257023 0.00259882 0.00252888 0.00237122 0.00214287 0.00186775 0.00157801 0.00131541 0.00112923 0.00106625 0.00118909 0.00183959 0.00413157 0.00901536 0.0145244 0.0161825 0.0118556 0.00587676 0.00196143 0.0004521 7.56339e-05 1.01386e-05 1.29751e-06 1.75188e-07 2.25502e-08 2.3001e-09 1.28978e-10 0 
0 1.16949e-07 1.12535e-06 5.58471e-06 1.97846e-05 5.50793e-05 0.000125769 0.000242143 0.000402623 0.000591648 0.000784902 0.000957237 0.00108847 0.00116582 0.0011841 0.00114502 0.00105638 0.000931278 0.000787331 0.000645548 0.000528555 0.000457605 0.00044793 0.000508933 0.000687067 0.00117236 0.00216955 0.00329319 0.00356285 0.00263306 0.00131889 0.0004521 0.00010882 1.9461e-05 2.92762e-06 4.3378e-07 6.5314e-08 8.93231e-09 9.47587e-10 5.48415e-11 0 
0 3.17696e-08 2.97594e-07 1.44857e-06 5.09274e-06 1.42788e-05 3.33526e-05 6.65811e-05 0.000115797 0.000178448 0.000247484 0.000313194 0.000365896 0.000398223 0.000406443 0.000390812 0.000355235 0.000306431 0.000252785 0.000203041 0.000165076 0.000144908 0.000145877 0.00016831 0.000213593 0.000295666 0.00043019 0.000565754 0.00057602 0.000419323 0.000212811 7.56339e-05 1.9461e-05 3.93111e-06 7.09389e-07 1.25348e-07 2.10668e-08 3.06546e-09 3.39783e-10 2.04009e-11 0 
0 7.78482e-09 7.07855e-08 3.36066e-07 1.161e-06 3.22876e-06 7.55748e-06 1.52655e-05 2.70711e-05 4.2731e-05 6.07594e-05 7.86478e-05 9.35168e-05 0.000102913 0.000105445 0.00010108 9.10725e-05 7.76e-05 6.32403e-05 5.04538e-05 4.12021e-05 3.67577e-05 3.76085e-05 4.33282e-05 5.26819e-05 6.44449e-05 7.70313e-05 8.43966e-05 7.66794e-05 5.31772e-05 2.70624e-05 1.01386e-05 2.92762e-06 7.09389e-07 1.56748e-07 3.22288e-08 5.92304e-09 9.13142e-10 1.05977e-10 6.62377e-12 0 
0 1.70416e-09 1.50247e-08 6.93909e-08 2.34379e-07 6.4129e-07 1.48696e-06 2.99529e-06 5.32763e-06 8.47017e-06 1.2158e-05 1.58914e-05 1.90538e-05 2.10888e-05 2.16628e-05 2.07549e-05 1.86476e-05 1.58338e-05 1.28838e-05 1.03181e-05 8.52501e-06 7.72541e-06 7.95848e-06 9.04938e-06 1.05784e-05 1.19508e-05 1.2554e-05 1.18333e-05 9.52398e-06 6.21491e-06 3.19189e-06 1.29751e-06 4.3378e-07 1.25348e-07 3.22288e-08 7.34267e-09 1.44526e-09 2.35061e-10 2.85854e-11 1.86343e-12 0 
0 3.26624e-10 2.79229e-09 1.25356e-08 4.1311e-08 1.10787e-07 2.53037e-07 5.04552e-07 8.92304e-07 1.41563e-06 2.03288e-06 2.66223e-06 3.19978e-06 3.54935e-06 3.65183e-06 3.50245e-06 3.14996e-06 2.68012e-06 2.19137e-06 1.77212e-06 1.48597e-06 1.36522e-06 1.40783e-06 1.5727e-06 1.77643e-06 1.90734e-06 1.86663e-06 1.61712e-06 1.20862e-06 7.6156e-07 3.99503e-07 1.75188e-07 6.5314e-08 2.10668e-08 5.92304e-09 1.44526e-09 3.01034e-10 5.14995e-11 6.5606e-12 4.46354e-13 0 
0 5.25193e-11 4.35718e-10 1.90215e-09 6.11381e-09 1.60492e-08 3.60225e-08 7.08652e-08 1.241e-07 1.95582e-07 2.79737e-07 3.65594e-07 4.39137e-07 4.8728e-07 5.01895e-07 4.8226e-07 4.35027e-07 3.71972e-07 3.06619e-07 2.5106e-07 2.13795e-07 1.98677e-07 2.04402e-07 2.24118e-07 2.45767e-07 2.54834e-07 2.40277e-07 2.00767e-07 1.4608e-07 9.149e-08 4.90598e-08 2.25502e-08 8.93231e-09 3.06546e-09 9.13142e-10 2.35061e-10 5.14995e-11 9.24381e-12 1.23221e-12 8.7467e-14 0 
0 6.39644e-12 5.15656e-11 2.19138e-10 6.87396e-10 1.76641e-09 3.89391e-09 7.5487e-09 1.30686e-08 2.04208e-08 2.90324e-08 3.77973e-08 4.53073e-08 5.02472e-08 5.17975e-08 4.98835e-08 4.51777e-08 3.88762e-08 3.23574e-08 2.68517e-08 2.32076e-08 2.17644e-08 2.22961e-08 2.40074e-08 2.56514e-08 2.58813e-08 2.38216e-08 1.95564e-08 1.41157e-08 8.88162e-09 4.85196e-09 2.3001e-09 9.47587e-10 3.39783e-10 1.05977e-10 2.85854e-11 6.5606e-12 1.23221e-12 1.71568e-13 1.2693e-14 0 
0 4.21684e-13 3.30843e-12 1.37065e-11 4.20094e-11 1.05758e-10 2.29059e-10 4.37569e-10 7.48613e-10 1.15909e-09 1.63683e-09 2.12126e-09 2.536e-09 2.80992e-09 2.89873e-09 2.79848e-09 2.54584e-09 2.20624e-09 1.85531e-09 1.56045e-09 1.36717e-09 1.29119e-09 1.31552e-09 1.39247e-09 1.45403e-09 1.43367e-09 1.29484e-09 1.05024e-09 7.55463e-10 4.78298e-10 2.65471e-10 1.28978e-10 5.48415e-11 2.04009e-11 6.62377e-12 1.86343e-12 4.46354e-13 8.7467e-14 1.2693e-14 9.77211e-16 0 
0 0 0 0 0 0 0 0 0 0 0 0 0 0 0 0 0 0 0 0 0 0 0 0 0 0 0 0 0 0 0 0 0 0 0 0 0 0 0 0 0 
