0 0 0 0 0 0 0 0 0 0 0 0 0 0 0 0 0 0 0 0 0 0 0 0 0 0 0 0 0 0 0 0 0 0 0 0 0 0 0 0 0 
0 4.35498e-08 4.01236e-07 1.88995e-06 6.32579e-06 1.66497e-05 3.61727e-05 6.69818e-05 0.000108473 0.000157037 0.000206995 0.000252095 0.000286848 0.000307398 0.000311901 0.000300549 0.000275338 0.00023967 0.000197815 0.000154296 0.000113244 7.78101e-05 4.97844e-05 2.95081e-05 1.61301e-05 8.10431e-06 3.73513e-06 1.57797e-06 6.11296e-07 2.17368e-07 7.10261e-08 2.13417e-08 5.89494e-09 1.49348e-09 3.45156e-10 7.19672e-11 1.32496e-11 2.06118e-12 2.44322e-13 1.57529e-14 0 
0 4.01236e-07 3.84432e-06 1.85939e-05 6.2634e-05 0.000162008 0.000338409 0.000593613 0.000905526 0.00123789 0.00155303 0.00181965 0.00201551 0.00212748 0.00215067 0.00208751 0.00194668 0.00174209 0.00149171 0.00121643 0.000938531 0.000679607 0.000457659 0.000283972 0.00016103 8.29566e-05 3.87098e-05 1.63605e-05 6.27653e-06 2.19299e-06 7.00221e-07 2.04868e-07 5.49886e-08 1.35255e-08 3.03465e-09 6.14605e-10 1.10012e-10 1.66589e-11 1.92476e-12 1.21137e-13 0 
0 1.88995e-06 1.85939e-05 9.02066e-05 0.000294603 0.000713815 0.00136611 0.00218659 0.00307444 0.00393843 0.00470957 0.00533799 0.0057893 0.0060433 0.00609363 0.00594698 0.00562154 0.00514459 0.00454979 0.00387469 0.00315916 0.00244484 0.00177486 0.00119136 0.000728087 0.000399661 0.000195347 8.48355e-05 3.28517e-05 1.14221e-05 3.59268e-06 1.02874e-06 2.69224e-07 6.44442e-08 1.40625e-08 2.77059e-09 4.82812e-10 7.12581e-11 8.035e-12 4.94222e-13 0 
0 6.32579e-06 6.2634e-05 0.000294603 0.000891838 0.00194497 0.00335043 0.00492839 0.00653102 0.00804841 0.0093906 0.0104824 0.0112664 0.0117071 0.0117926 0.0115346 0.0109657 0.0101343 0.00909987 0.007926 0.0066755 0.00540659 0.00417258 0.00302564 0.0020217 0.00121666 0.000645687 0.000298384 0.000119976 4.235e-05 1.32954e-05 3.75741e-06 9.64058e-07 2.25449e-07 4.79875e-08 9.21942e-09 1.56736e-09 2.25882e-10 2.49001e-11 1.49925e-12 0 
0 1.66497e-05 0.000162008 0.000713815 0.00194497 0.00380848 0.00605413 0.00847261 0.0109086 0.0132196 0.0152702 0.0169421 0.0181441 0.0188195 0.0189494 0.0185518 0.0176771 0.0164015 0.014818 0.0130268 0.0111267 0.00920688 0.00734157 0.00558916 0.00399894 0.00262522 0.00153385 0.000775 0.000333389 0.000122475 3.90488e-05 1.10149e-05 2.79116e-06 6.40918e-07 1.33577e-07 2.51017e-08 4.17408e-09 5.88751e-10 6.35813e-11 3.75473e-12 0 
0 3.61727e-05 0.000338409 0.00136611 0.00335043 0.00605413 0.00918891 0.0125519 0.0159504 0.0191832 0.0220561 0.0244002 0.0260861 0.0270334 0.0272152 0.0266566 0.0254288 0.0236395 0.0214201 0.0189131 0.016259 0.0135859 0.0110007 0.00858363 0.00638852 0.00445296 0.00282231 0.00156542 0.000734161 0.000287174 9.47573e-05 2.70283e-05 6.82201e-06 1.54714e-06 3.17093e-07 5.84875e-08 9.54118e-09 1.32059e-09 1.40045e-10 8.12893e-12 0 
0 6.69818e-05 0.000593613 0.00218659 0.00492839 0.00847261 0.0125519 0.0169397 0.0213826 0.0256131 0.0293746 0.0324447 0.0346533 0.0358945 0.036133 0.0354015 0.0337936 0.0314506 0.0285452 0.0252649 0.0217951 0.0183052 0.0149379 0.0118015 0.00896724 0.00647194 0.00433548 0.00259673 0.00132808 0.000560412 0.000194445 5.68018e-05 1.44061e-05 3.24628e-06 6.5724e-07 1.19424e-07 1.91723e-08 2.61124e-09 2.72614e-10 1.55894e-11 0 
0 0.000108473 0.000905526 0.00307444 0.00653102 0.0109086 0.0159504 0.0213826 0.0268873 0.0321306 0.036794 0.040601 0.0433403 0.0448806 0.0451775 0.0442718 0.0422793 0.0393754 0.0357748 0.0317103 0.0274125 0.0230925 0.0189286 0.0150576 0.0115711 0.00851536 0.00590051 0.00373093 0.00205217 0.000934186 0.000343856 0.0001039 2.66846e-05 6.00846e-06 1.20686e-06 2.16807e-07 3.43609e-08 4.61823e-09 4.75888e-10 2.68748e-11 0 
0 0.000157037 0.00123789 0.00393843 0.00804841 0.0132196 0.0191832 0.0256131 0.0321306 0.03834 0.0438636 0.0483739 0.0516205 0.0534476 0.0538017 0.0527307 0.0503724 0.0469346 0.0426717 0.0378598 0.0327725 0.0276603 0.0227354 0.0181613 0.0140487 0.0104556 0.00739215 0.0048419 0.00281162 0.00136705 0.000533956 0.000167757 4.38717e-05 9.91599e-06 1.98348e-06 3.53451e-07 5.54676e-08 7.37739e-09 7.52295e-10 4.20571e-11 0 
0 0.000206995 0.00155303 0.00470957 0.0093906 0.0152702 0.0220561 0.0293746 0.036794 0.0438636 0.0501535 0.0552914 0.0589924 0.0610777 0.0614848 0.0602675 0.0575833 0.0536703 0.0488183 0.0433413 0.037551 0.031733 0.0261297 0.020928 0.0162555 0.0121806 0.00871696 0.00583798 0.00351966 0.00180184 0.000741873 0.000242314 6.4689e-05 1.47212e-05 2.94124e-06 5.21404e-07 8.12488e-08 1.07226e-08 1.0848e-09 6.0182e-11 0 
0 0.000252095 0.00181965 0.00533799 0.0104824 0.0169421 0.0244002 0.0324447 0.040601 0.0483739 0.0552914 0.0609447 0.0650186 0.0673152 0.0677671 0.0664338 0.0634861 0.0591852 0.0538518 0.0478314 0.0414664 0.0350712 0.0289124 0.0231966 0.0180648 0.0135939 0.00980098 0.00665524 0.00411268 0.00218514 0.000938339 0.000317126 8.63684e-05 1.98145e-05 3.96247e-06 7.00485e-07 1.08662e-07 1.42656e-08 1.43551e-09 7.92228e-11 0 
0 0.000286848 0.00201551 0.0057893 0.0112664 0.0181441 0.0260861 0.0346533 0.0433403 0.0516205 0.0589924 0.0650186 0.0693572 0.0717982 0.0722821 0.0708755 0.0677489 0.0631733 0.0574935 0.0510816 0.0443026 0.0374909 0.030931 0.0248434 0.0193791 0.014621 0.010589 0.00725034 0.00454969 0.00247739 0.00109625 0.000380373 0.000105336 2.43541e-05 4.88068e-06 8.62113e-07 1.33443e-07 1.74712e-08 1.75312e-09 9.64934e-11 0 
0 0.000307398 0.00212748 0.0060433 0.0117071 0.0188195 0.0270334 0.0358945 0.0448806 0.0534476 0.0610777 0.0673152 0.0717982 0.0743142 0.0748171 0.0733794 0.0701644 0.065441 0.059568 0.0529361 0.0459239 0.0388771 0.0320901 0.0257913 0.0201378 0.0152159 0.0110472 0.00759836 0.00480842 0.00265518 0.00119638 0.000422213 0.000118293 2.7522e-05 5.53082e-06 9.77865e-07 1.51379e-07 1.98168e-08 1.98836e-09 1.09464e-10 0 
0 0.000311901 0.00215067 0.00609363 0.0117926 0.0189494 0.0272152 0.036133 0.0451775 0.0538017 0.0614848 0.0677671 0.0722821 0.0748171 0.0753294 0.0738922 0.0706667 0.0659199 0.0600128 0.0533401 0.0462831 0.0391899 0.0323568 0.0260144 0.0203209 0.0153639 0.0111654 0.00769253 0.00488275 0.00271006 0.00122975 0.000437196 0.000123232 2.87972e-05 5.80617e-06 1.02943e-06 1.59796e-07 2.09797e-08 2.11194e-09 1.16707e-10 0 
0 0.000300549 0.00208751 0.00594698 0.0115346 0.0185518 0.0266566 0.0354015 0.0442718 0.0527307 0.0602675 0.0664338 0.0708755 0.0733794 0.0738922 0.072483 0.0693175 0.0646649 0.0588775 0.052338 0.0454192 0.0384629 0.0317599 0.0255366 0.0199484 0.0150814 0.0109574 0.00754397 0.00478114 0.00264693 0.00119783 0.000425308 0.000120011 2.81319e-05 5.69759e-06 1.01571e-06 1.58656e-07 2.0977e-08 2.12827e-09 1.18632e-10 0 
0 0.000275338 0.00194668 0.00562154 0.0109657 0.0176771 0.0254288 0.0337936 0.0422793 0.0503724 0.0575833 0.0634861 0.0677489 0.0701644 0.0706667 0.0693175 0.0662866 0.0618403 0.0563122 0.0500629 0.0434482 0.0367953 0.0303827 0.0244266 0.0190761 0.0144132 0.0104583 0.00718048 0.0045256 0.00248278 0.00111169 0.00039176 0.00011037 2.59722e-05 5.30034e-06 9.54425e-07 1.50851e-07 2.02104e-08 2.08029e-09 1.17766e-10 0 
0 0.00023967 0.00174209 0.00514459 0.0101343 0.0164015 0.0236395 0.0314506 0.0393754 0.0469346 0.0536703 0.0591852 0.0631733 0.065441 0.0659199 0.0646649 0.0618403 0.0576976 0.0525453 0.0467176 0.0405468 0.0343382 0.0283518 0.0227892 0.017789 0.0134274 0.00972233 0.00664494 0.00415108 0.00224594 0.000990624 0.00034589 9.74837e-05 2.31429e-05 4.792e-06 8.78689e-07 1.41764e-07 1.94183e-08 2.04555e-09 1.1856e-10 0 
0 0.000197815 0.00149171 0.00454979 0.00909987 0.014818 0.0214201 0.0285452 0.0357748 0.0426717 0.0488183 0.0538518 0.0574935 0.059568 0.0600128 0.0588775 0.0563122 0.0525453 0.0478569 0.0425517 0.0369324 0.0312776 0.0258234 0.0207532 0.0161924 0.0122091 0.0088181 0.00599375 0.00370548 0.00197563 0.000860353 0.000299613 8.53229e-05 2.06795e-05 4.3993e-06 8.31581e-07 1.38491e-07 1.95801e-08 2.12644e-09 1.26805e-10 0 
0 0.000154296 0.00121643 0.00387469 0.007926 0.0130268 0.0189131 0.0252649 0.0317103 0.0378598 0.0433413 0.0478314 0.0510816 0.0529361 0.0533401 0.052338 0.0500629 0.0467176 0.0425517 0.0378365 0.032842 0.0278156 0.0229674 0.0184596 0.0144022 0.0108538 0.0078254 0.00529618 0.00325043 0.00172127 0.000750976 0.000266026 7.81681e-05 1.9714e-05 4.37614e-06 8.62223e-07 1.49173e-07 2.18099e-08 2.43687e-09 1.48729e-10 0 
0 0.000113244 0.000938531 0.00315916 0.0066755 0.0111267 0.016259 0.0217951 0.0274125 0.0327725 0.037551 0.0414664 0.0443026 0.0459239 0.0462831 0.0454192 0.0434482 0.0405468 0.0369324 0.032842 0.0285104 0.0241533 0.0199529 0.0160491 0.0125358 0.00946077 0.00683211 0.0046344 0.00286115 0.00154022 0.000695028 0.00025886 8.05785e-05 2.14848e-05 5.00347e-06 1.02432e-06 1.82404e-07 2.72188e-08 3.08206e-09 1.89536e-10 0 
0 7.78101e-05 0.000679607 0.00244484 0.00540659 0.00920688 0.0135859 0.0183052 0.0230925 0.0276603 0.031733 0.0350712 0.0374909 0.0388771 0.0391899 0.0384629 0.0367953 0.0343382 0.0312776 0.0278156 0.0241533 0.0204747 0.0169347 0.0136516 0.0107032 0.00812844 0.00593343 0.00410361 0.00262285 0.00149307 0.000726141 0.000293095 9.78252e-05 2.74372e-05 6.59485e-06 1.37272e-06 2.45885e-07 3.66378e-08 4.12224e-09 2.51087e-10 0 
0 4.97844e-05 0.000457659 0.00177486 0.00417258 0.00734157 0.0110007 0.0149379 0.0189286 0.0227354 0.0261297 0.0289124 0.030931 0.0320901 0.0323568 0.0317599 0.0303827 0.0283518 0.0258234 0.0229674 0.0199529 0.0169347 0.0140431 0.0113771 0.00900362 0.00695997 0.00525065 0.00383593 0.00264821 0.00165376 0.000885544 0.000388264 0.000136809 3.92901e-05 9.45931e-06 1.94765e-06 3.42902e-07 5.00711e-08 5.51496e-09 3.28836e-10 0 
0 2.95081e-05 0.000283972 0.00119136 0.00302564 0.00558916 0.00858363 0.0118015 0.0150576 0.0181613 0.020928 0.0231966 0.0248434 0.0257913 0.0260144 0.0255366 0.0244266 0.0227892 0.0207532 0.0184596 0.0160491 0.0136516 0.0113771 0.00931433 0.00754072 0.00613126 0.00510428 0.00429924 0.00341757 0.00235329 0.00133016 0.000599727 0.000211994 5.9521e-05 1.38189e-05 2.74042e-06 4.66081e-07 6.59342e-08 7.05302e-09 4.09409e-10 0 
0 1.61301e-05 0.00016103 0.000728087 0.0020217 0.00399894 0.00638852 0.00896724 0.0115711 0.0140487 0.0162555 0.0180648 0.0193791 0.0201378 0.0203209 0.0199484 0.0190761 0.017789 0.0161924 0.0144022 0.0125358 0.0107032 0.00900362 0.00754072 0.00648929 0.00617598 0.00684016 0.00781927 0.00755438 0.00549568 0.0029364 0.00118698 0.000375481 9.46831e-05 1.9914e-05 3.6639e-06 5.91869e-07 8.05923e-08 8.35226e-09 4.7162e-10 0 
0 8.10431e-06 8.29566e-05 0.000399661 0.00121666 0.00262522 0.00445296 0.00647194 0.00851536 0.0104556 0.0121806 0.0135939 0.014621 0.0152159 0.0153639 0.0150814 0.0144132 0.0134274 0.0122091 0.0108538 0.00946077 0.00812844 0.00695997 0.00613126 0.00617598 0.00843639 0.0140627 0.020564 0.0219802 0.0162231 0.00819765 0.00290556 0.000768045 0.000160777 2.83537e-05 4.5687e-06 6.83422e-07 8.90867e-08 8.95542e-09 4.93223e-10 0 
0 3.73513e-06 3.87098e-05 0.000195347 0.000645687 0.00153385 0.00282231 0.00433548 0.00590051 0.00739215 0.00871696 0.00980098 0.010589 0.0110472 0.0111654 0.0109574 0.0104583 0.00972233 0.0088181 0.0078254 0.00683211 0.00593343 0.00525065 0.00510428 0.00684016 0.0140627 0.0296873 0.0477016 0.0534101 0.0385206 0.0191249 0.00642457 0.00151536 0.000269044 3.90054e-05 5.24907e-06 7.04649e-07 8.7388e-08 8.55183e-09 4.61834e-10 0 
0 1.57797e-06 1.63605e-05 8.48355e-05 0.000298384 0.000775 0.00156542 0.00259673 0.00373093 0.0048419 0.00583798 0.00665524 0.00725034 0.00759836 0.00769253 0.00754397 0.00718048 0.00664494 0.00599375 0.00529618 0.0046344 0.00410361 0.00383593 0.00429924 0.00781927 0.020564 0.0477016 0.0774644 0.0839265 0.0644068 0.031389 0.0103681 0.00233472 0.000377394 4.73417e-05 5.36195e-06 6.36689e-07 7.49482e-08 7.18417e-09 3.83232e-10 0 
0 6.11296e-07 6.27653e-06 3.28517e-05 0.000119976 0.000333389 0.000734161 0.00132808 0.00205217 0.00281162 0.00351966 0.00411268 0.00454969 0.00480842 0.00488275 0.00478114 0.0045256 0.00415108 0.00370548 0.00325043 0.00286115 0.00262285 0.00264821 0.00341757 0.00755438 0.0219802 0.0534101 0.0839265 0.0886633 0.0724186 0.0349077 0.0114332 0.00253358 0.000392577 4.5396e-05 4.56795e-06 4.91022e-07 5.54838e-08 5.26228e-09 2.79776e-10 0 
0 2.17368e-07 2.19299e-06 1.14221e-05 4.235e-05 0.000122475 0.000287174 0.000560412 0.000934186 0.00136705 0.00180184 0.00218514 0.00247739 0.00265518 0.00271006 0.00264693 0.00248278 0.00224594 0.00197563 0.00172127 0.00154022 0.00149307 0.00165376 0.00235329 0.00549568 0.0162231 0.0385206 0.0644068 0.0724186 0.0523587 0.0257663 0.00846725 0.00187069 0.000285771 3.19359e-05 3.05134e-06 3.14202e-07 3.50926e-08 3.34194e-09 1.78872e-10 0 
0 7.10261e-08 7.00221e-07 3.59268e-06 1.32954e-05 3.90488e-05 9.47573e-05 0.000194445 0.000343856 0.000533956 0.000741873 0.000938339 0.00109625 0.00119638 0.00122975 0.00119783 0.00111169 0.000990624 0.000860353 0.000750976 0.000695028 0.000726141 0.000885544 0.00133016 0.0029364 0.00819765 0.0191249 0.031389 0.0349077 0.0257663 0.0127259 0.00419344 0.000931244 0.000142597 1.59681e-05 1.54867e-06 1.64312e-07 1.88784e-08 1.83597e-09 9.99294e-11 0 
0 2.13417e-08 2.04868e-07 1.02874e-06 3.75741e-06 1.10149e-05 2.70283e-05 5.68018e-05 0.0001039 0.000167757 0.000242314 0.000317126 0.000380373 0.000422213 0.000437196 0.000425308 0.00039176 0.00034589 0.000299613 0.000266026 0.00025886 0.000293095 0.000388264 0.000599727 0.00118698 0.00290556 0.00642457 0.0103681 0.0114332 0.00846725 0.00419344 0.00139227 0.000312945 4.87645e-05 5.69152e-06 6.02527e-07 7.0789e-08 8.66625e-09 8.73177e-10 4.87637e-11 0 
0 5.89494e-09 5.49886e-08 2.69224e-07 9.64058e-07 2.79116e-06 6.82201e-06 1.44061e-05 2.66846e-05 4.38717e-05 6.4689e-05 8.63684e-05 0.000105336 0.000118293 0.000123232 0.000120011 0.00011037 9.74837e-05 8.53229e-05 7.81681e-05 8.05785e-05 9.78252e-05 0.000136809 0.000211994 0.000375481 0.000768045 0.00151536 0.00233472 0.00253358 0.00187069 0.000931244 0.000312945 7.17927e-05 1.16872e-05 1.50818e-06 1.88804e-07 2.58004e-08 3.42308e-09 3.60406e-10 2.07957e-11 0 
0 1.49348e-09 1.35255e-08 6.44442e-08 2.25449e-07 6.40918e-07 1.54714e-06 3.24628e-06 6.00846e-06 9.91599e-06 1.47212e-05 1.98145e-05 2.43541e-05 2.7522e-05 2.87972e-05 2.81319e-05 2.59722e-05 2.31429e-05 2.06795e-05 1.9714e-05 2.14848e-05 2.74372e-05 3.92901e-05 5.9521e-05 9.46831e-05 0.000160777 0.000269044 0.000377394 0.000392577 0.000285771 0.000142597 4.87645e-05 1.16872e-05 2.10053e-06 3.26269e-07 5.12136e-08 8.17343e-09 1.17213e-09 1.29384e-10 7.75138e-12 0 
0 3.45156e-10 3.03465e-09 1.40625e-08 4.79875e-08 1.33577e-07 3.17093e-07 6.5724e-07 1.20686e-06 1.98348e-06 2.94124e-06 3.96247e-06 4.88068e-06 5.53082e-06 5.80617e-06 5.69759e-06 5.30034e-06 4.792e-06 4.3993e-06 4.37614e-06 5.00347e-06 6.59485e-06 9.45931e-06 1.38189e-05 1.9914e-05 2.83537e-05 3.90054e-05 4.73417e-05 4.5396e-05 3.19359e-05 1.59681e-05 5.69152e-06 1.50818e-06 3.26269e-07 6.50653e-08 1.26353e-08 2.2754e-09 3.48755e-10 4.03843e-11 2.52002e-12 0 
0 7.19672e-11 6.14605e-10 2.77059e-09 9.21942e-09 2.51017e-08 5.84875e-08 1.19424e-07 2.16807e-07 3.53451e-07 5.21404e-07 7.00485e-07 8.62113e-07 9.77865e-07 1.02943e-06 1.01571e-06 9.54425e-07 8.78689e-07 8.31581e-07 8.62223e-07 1.02432e-06 1.37272e-06 1.94765e-06 2.74042e-06 3.6639e-06 4.5687e-06 5.24907e-06 5.36195e-06 4.56795e-06 3.05134e-06 1.54867e-06 6.02527e-07 1.88804e-07 5.12136e-08 1.26353e-08 2.82657e-09 5.52934e-10 8.97313e-11 1.08975e-11 7.09529e-13 0 
0 1.32496e-11 1.10012e-10 4.82812e-10 1.56736e-09 4.17408e-09 9.54118e-09 1.91723e-08 3.43609e-08 5.54676e-08 8.12488e-08 1.08662e-07 1.33443e-07 1.51379e-07 1.59796e-07 1.58656e-07 1.50851e-07 1.41764e-07 1.38491e-07 1.49173e-07 1.82404e-07 2.45885e-07 3.42902e-07 4.66081e-07 5.91869e-07 6.83422e-07 7.04649e-07 6.36689e-07 4.91022e-07 3.14202e-07 1.64312e-07 7.0789e-08 2.58004e-08 8.17343e-09 2.2754e-09 5.52934e-10 1.14984e-10 1.96524e-11 2.50141e-12 1.70033e-13 0 
0 2.06118e-12 1.66589e-11 7.12581e-11 2.25882e-10 5.88751e-10 1.32059e-09 2.61124e-09 4.61823e-09 7.37739e-09 1.07226e-08 1.42656e-08 1.74712e-08 1.98168e-08 2.09797e-08 2.0977e-08 2.02104e-08 1.94183e-08 1.95801e-08 2.18099e-08 2.72188e-08 3.66378e-08 5.00711e-08 6.59342e-08 8.05923e-08 8.90867e-08 8.7388e-08 7.49482e-08 5.54838e-08 3.50926e-08 1.88784e-08 8.66625e-09 3.42308e-09 1.17213e-09 3.48755e-10 8.97313e-11 1.96524e-11 3.52602e-12 4.69774e-13 3.33256e-14 0 
0 2.44322e-13 1.92476e-12 8.035e-12 2.49001e-11 6.35813e-11 1.40045e-10 2.72614e-10 4.75888e-10 7.52295e-10 1.0848e-09 1.43551e-09 1.75312e-09 1.98836e-09 2.11194e-09 2.12827e-09 2.08029e-09 2.04555e-09 2.12644e-09 2.43687e-09 3.08206e-09 4.12224e-09 5.51496e-09 7.05302e-09 8.35226e-09 8.95542e-09 8.55183e-09 7.18417e-09 5.26228e-09 3.34194e-09 1.83597e-09 8.73177e-10 3.60406e-10 1.29384e-10 4.03843e-11 1.08975e-11 2.50141e-12 4.69774e-13 6.53927e-14 4.83598e-15 0 
0 1.57529e-14 1.21137e-13 4.94222e-13 1.49925e-12 3.75473e-12 8.12893e-12 1.55894e-11 2.68748e-11 4.20571e-11 6.0182e-11 7.92228e-11 9.64934e-11 1.09464e-10 1.16707e-10 1.18632e-10 1.17766e-10 1.1856e-10 1.26805e-10 1.48729e-10 1.89536e-10 2.51087e-10 3.28836e-10 4.09409e-10 4.7162e-10 4.93223e-10 4.61834e-10 3.83232e-10 2.79776e-10 1.78872e-10 9.99294e-11 4.87637e-11 2.07957e-11 7.75138e-12 2.52002e-12 7.09529e-13 1.70033e-13 3.33256e-14 4.83598e-15 3.72241e-16 0 
0 0 0 0 0 0 0 0 0 0 0 0 0 0 0 0 0 0 0 0 0 0 0 0 0 0 0 0 0 0 0 0 0 0 0 0 0 0 0 0 0 
