0 0 0 0 0 0 0 0 0 0 0 0 0 0 0 0 0 0 0 0 0 0 0 0 0 0 0 0 0 0 0 0 0 0 0 0 0 0 0 0 0 
0 2.68702e-07 2.41506e-06 1.08269e-05 3.35954e-05 8.02523e-05 0.000156487 0.000260126 0.000381673 0.000508004 0.000626064 0.000725052 0.000797264 0.000838165 0.000846171 0.000822313 0.000769863 0.000693936 0.000601056 0.000498655 0.00039449 0.000295921 0.000209092 0.000138147 8.47058e-05 4.78578e-05 2.47644e-05 1.16846e-05 5.01438e-06 1.95562e-06 6.93396e-07 2.23686e-07 6.56681e-08 1.75197e-08 4.22873e-09 9.14232e-10 1.73442e-10 2.76573e-11 3.34576e-12 2.19364e-13 0 
0 2.41506e-06 2.23017e-05 9.96603e-05 0.000296525 0.000656554 0.00116533 0.0017621 0.00237862 0.00296073 0.00346986 0.00387884 0.00416924 0.00433061 0.00436036 0.00426343 0.00405139 0.00374099 0.00335257 0.00290849 0.00243227 0.00194827 0.00148175 0.0010582 0.000700574 0.000424334 0.00023241 0.000114155 5.00947e-05 1.965e-05 6.91336e-06 2.19116e-06 6.27869e-07 1.62868e-07 3.81487e-08 7.99915e-09 1.47236e-09 2.28013e-10 2.68234e-11 1.71286e-12 0 
0 1.08269e-05 9.96603e-05 0.000421976 0.00113119 0.00220788 0.00349597 0.00485292 0.00618711 0.00742988 0.0085191 0.0093995 0.0100279 0.0103778 0.010441 0.0102279 0.00976503 0.00909166 0.00825494 0.00730508 0.00629053 0.00525434 0.0042327 0.00325713 0.00236001 0.0015794 0.000955078 0.000511452 0.000239395 9.76358e-05 3.48864e-05 1.10274e-05 3.11297e-06 7.89664e-07 1.80172e-07 3.67398e-08 6.575e-09 9.90636e-10 1.13514e-10 7.07085e-12 0 
0 3.35954e-05 0.000296525 0.00113119 0.00264959 0.00461792 0.00681254 0.00910892 0.0113973 0.0135559 0.0154629 0.0170111 0.0181187 0.0187357 0.0188465 0.0184693 0.0176517 0.0164645 0.0149936 0.0133319 0.0115705 0.00979153 0.0080619 0.00642948 0.0049237 0.00356487 0.00238185 0.00142347 0.000737947 0.000325546 0.000122024 3.93468e-05 1.11018e-05 2.77906e-06 6.2132e-07 1.23726e-07 2.15973e-08 3.17422e-09 3.55104e-10 2.16219e-11 0 
0 8.02523e-05 0.000656554 0.00220788 0.00461792 0.00754915 0.0108305 0.0143147 0.0178157 0.0211302 0.0240631 0.026446 0.0281512 0.029101 0.0292713 0.0286899 0.0274304 0.0256023 0.0233388 0.020784 0.0180804 0.0153583 0.0127273 0.01027 0.00803795 0.00605146 0.00431 0.00282086 0.0016293 0.000797612 0.000323637 0.0001093 3.13889e-05 7.84427e-06 1.73141e-06 3.38461e-07 5.78551e-08 8.32144e-09 9.11378e-10 5.43777e-11 0 
0 0.000156487 0.00116533 0.00349597 0.00681254 0.0108305 0.015386 0.0202521 0.0251516 0.0297937 0.0339026 0.0372415 0.0396311 0.0409622 0.0412008 0.0403857 0.0386204 0.0360585 0.0328872 0.0293086 0.0255233 0.0217151 0.0180398 0.0146179 0.0115305 0.00881685 0.00647549 0.00447842 0.00281261 0.00152484 0.000681248 0.000246508 7.3418e-05 1.85515e-05 4.07628e-06 7.86738e-07 1.32265e-07 1.86834e-08 2.00935e-09 1.17794e-10 0 
0 0.000260126 0.0017621 0.00485292 0.00910892 0.0143147 0.0202521 0.026605 0.0330046 0.0390693 0.0444383 0.0488051 0.0519421 0.0537024 0.0540198 0.0529386 0.0506134 0.0472576 0.0431124 0.0384371 0.0334928 0.0285198 0.0237229 0.0192611 0.0152442 0.0117314 0.00873272 0.00621234 0.00411261 0.00241552 0.00118479 0.000464793 0.000145737 3.76785e-05 8.30906e-06 1.59242e-06 2.64452e-07 3.68194e-08 3.90055e-09 2.25291e-10 0 
0 0.000381673 0.00237862 0.00618711 0.0113973 0.0178157 0.0251516 0.0330046 0.0409168 0.0484163 0.0550745 0.0605873 0.0647458 0.0672185 0.0676802 0.0661369 0.062955 0.0586137 0.0534276 0.0476376 0.0415244 0.0353772 0.0294489 0.023937 0.0189787 0.0146511 0.0109744 0.00791569 0.00539847 0.00334792 0.00177333 0.000753288 0.000250621 6.68839e-05 1.49052e-05 2.85103e-06 4.69596e-07 6.46639e-08 6.76828e-09 3.86216e-10 0 
0 0.000508004 0.00296073 0.00742988 0.0135559 0.0211302 0.0297937 0.0390693 0.0484163 0.0573026 0.0653867 0.0725538 0.0780532 0.0810657 0.0816106 0.0798176 0.075735 0.0699103 0.0633352 0.0563759 0.0491397 0.0418785 0.0348772 0.028369 0.0225167 0.0174129 0.0130859 0.00950559 0.00658922 0.00422815 0.00237011 0.0010785 0.000380646 0.000105315 2.38285e-05 4.56724e-06 7.48702e-07 1.02282e-07 1.06075e-08 5.99554e-10 0 
0 0.000626064 0.00346986 0.0085191 0.0154629 0.0240631 0.0339026 0.0444383 0.0550745 0.0653867 0.0753275 0.0835443 0.0884773 0.0908313 0.0912644 0.0899291 0.086582 0.0806837 0.0726497 0.0642356 0.055897 0.0476373 0.0396853 0.0322944 0.0256497 0.0198572 0.0149511 0.0109026 0.00762624 0.0049957 0.00291133 0.00139819 0.000519989 0.000149078 3.43132e-05 6.60743e-06 1.08089e-06 1.46883e-07 1.51317e-08 8.49225e-10 0 
0 0.000725052 0.00387884 0.0093995 0.0170111 0.026446 0.0372415 0.0488051 0.0605873 0.0725538 0.0835443 0.0905853 0.0944586 0.0963515 0.0967184 0.0956634 0.0930322 0.0883248 0.0806815 0.0709819 0.0614538 0.0523253 0.0435962 0.0354874 0.028198 0.0218449 0.0164667 0.0120348 0.0084615 0.00561135 0.00335382 0.00167459 0.00064933 0.000192017 4.49264e-05 8.70055e-06 1.42295e-06 1.92759e-07 1.97703e-08 1.10415e-09 0 
0 0.000797264 0.00416924 0.0100279 0.0181187 0.0281512 0.0396311 0.0519421 0.0647458 0.0780532 0.0884773 0.0944586 0.0978354 0.0995207 0.0998585 0.0989319 0.0966289 0.0925765 0.0859345 0.0761382 0.0655586 0.0556975 0.0464005 0.037777 0.0300256 0.0232705 0.0175536 0.0128459 0.00905797 0.00604945 0.00367171 0.00188069 0.000751115 0.000227403 5.3922e-05 1.04993e-05 1.71856e-06 2.32472e-07 2.37851e-08 1.32459e-09 0 
0 0.000838165 0.00433061 0.0103778 0.0187357 0.029101 0.0409622 0.0537024 0.0672185 0.0810657 0.0908313 0.0963515 0.0995207 0.101119 0.101445 0.100573 0.0984098 0.0946347 0.0885075 0.079053 0.0679452 0.0575954 0.0479701 0.0390589 0.0310494 0.0240698 0.0181635 0.0133013 0.00939303 0.00629577 0.00385214 0.00200099 0.000813005 0.000249734 5.97437e-05 1.1681e-05 1.91457e-06 2.58974e-07 2.64782e-08 1.47319e-09 0 
0 0.000846171 0.00436036 0.010441 0.0188465 0.0292713 0.0412008 0.0540198 0.0676802 0.0816106 0.0912644 0.0967184 0.0998585 0.101445 0.10177 0.100907 0.0987641 0.0950303 0.0889821 0.0795979 0.0683996 0.057951 0.0482644 0.0393006 0.0312438 0.0242228 0.0182816 0.013391 0.00946062 0.00634753 0.00389256 0.0020302 0.000829283 0.000256015 6.1471e-05 1.20474e-05 1.97775e-06 2.67835e-07 2.74118e-08 1.5266e-09 0 
0 0.000822313 0.00426343 0.0102279 0.0184693 0.0286899 0.0403857 0.0529386 0.0661369 0.0798176 0.0899291 0.0956634 0.0989319 0.100573 0.100907 0.100011 0.0977841 0.093884 0.0875238 0.0778655 0.0669487 0.0568124 0.0473284 0.0385393 0.0306386 0.0237533 0.0179262 0.0131288 0.00927151 0.00621322 0.0037993 0.00197177 0.000800881 0.000246272 5.90551e-05 1.15826e-05 1.9051e-06 2.58647e-07 2.6547e-08 1.48296e-09 0 
0 0.000769863 0.00405139 0.00976503 0.0176517 0.0274304 0.0386204 0.0506134 0.062955 0.075735 0.086582 0.0930322 0.0966289 0.0984098 0.0987641 0.0977841 0.095342 0.0910152 0.0839136 0.0740196 0.0638791 0.0543411 0.0452833 0.0368737 0.029313 0.0227231 0.0171449 0.0125503 0.00885177 0.00591178 0.00358675 0.00183683 0.000734722 0.000223361 5.32907e-05 1.04514e-05 1.72394e-06 2.35077e-07 2.42529e-08 1.36244e-09 0 
0 0.000693936 0.00374099 0.00909166 0.0164645 0.0256023 0.0360585 0.0472576 0.0586137 0.0699103 0.0806837 0.0883248 0.0925765 0.0946347 0.0950303 0.093884 0.0910152 0.0858652 0.077892 0.0686246 0.0595739 0.0507645 0.0423093 0.0344509 0.0273848 0.0212247 0.0160086 0.0117087 0.00824009 0.00547135 0.0032771 0.0016437 0.000642665 0.000192251 4.55714e-05 8.94476e-06 1.48288e-06 2.03677e-07 2.11904e-08 1.20114e-09 0 
0 0.000601056 0.00335257 0.00825494 0.0149936 0.0233388 0.0328872 0.0431124 0.0534276 0.0633352 0.0726497 0.0806815 0.0859345 0.0885075 0.0889821 0.0875238 0.0839136 0.077892 0.070304 0.0623822 0.0543503 0.0463425 0.0386251 0.0314502 0.0249977 0.0193711 0.0146042 0.0106694 0.00748482 0.00492855 0.00290107 0.00141777 0.000540134 0.000159 3.75357e-05 7.40055e-06 1.23828e-06 1.72073e-07 1.81317e-08 1.04133e-09 0 
0 0.000498655 0.00290849 0.00730508 0.0133319 0.020784 0.0293086 0.0384371 0.0476376 0.0563759 0.0642356 0.0709819 0.0761382 0.079053 0.0795979 0.0778655 0.0740196 0.0686246 0.0623822 0.0555987 0.0484926 0.0413536 0.0344681 0.0280661 0.022308 0.0172855 0.0130271 0.00950531 0.00664193 0.00432969 0.00250022 0.00119142 0.000444421 0.0001297 3.07338e-05 6.13039e-06 1.04177e-06 1.47237e-07 1.57817e-08 9.21406e-10 0 
0 0.00039449 0.00243227 0.00629053 0.0115705 0.0180804 0.0255233 0.0334928 0.0415244 0.0491397 0.055897 0.0614538 0.0655586 0.0679452 0.0683996 0.0669487 0.0638791 0.0595739 0.0543503 0.0484926 0.0423027 0.0360774 0.0300734 0.0244916 0.0194712 0.0150912 0.0113746 0.00829352 0.00577658 0.00373598 0.00213036 0.00100297 0.000372776 0.000109662 2.64134e-05 5.37478e-06 9.32148e-07 1.34288e-07 1.46431e-08 8.67832e-10 0 
0 0.000295921 0.00194827 0.00525434 0.00979153 0.0153583 0.0217151 0.0285198 0.0353772 0.0418785 0.0476373 0.0523253 0.0556975 0.0575954 0.057951 0.0568124 0.0543411 0.0507645 0.0463425 0.0413536 0.0360774 0.0307721 0.0256573 0.0209042 0.0166312 0.0129053 0.00974465 0.00712228 0.00497567 0.00323336 0.001862 0.000892689 0.000340377 0.000102965 2.54377e-05 5.2845e-06 9.31193e-07 1.35735e-07 1.4924e-08 8.89283e-10 0 
0 0.000209092 0.00148175 0.0042327 0.0080619 0.0127273 0.0180398 0.0237229 0.0294489 0.0348772 0.0396853 0.0435962 0.0464005 0.0479701 0.0482644 0.0473284 0.0452833 0.0423093 0.0386251 0.0344681 0.0300734 0.0256573 0.0214036 0.0174559 0.013917 0.0108517 0.0082822 0.00616965 0.00442354 0.00296537 0.00177692 0.00089498 0.000358096 0.000112155 2.82287e-05 5.90321e-06 1.0395e-06 1.50793e-07 1.64616e-08 9.72643e-10 0 
0 0.000138147 0.0010582 0.00325713 0.00642948 0.01027 0.0146179 0.0192611 0.023937 0.028369 0.0322944 0.0354874 0.037777 0.0390589 0.0393006 0.0385393 0.0368737 0.0344509 0.0314502 0.0280661 0.0244916 0.0209042 0.0174559 0.0142724 0.0114716 0.00918647 0.00749257 0.00620818 0.00492442 0.0034681 0.00209208 0.00106373 0.000435585 0.000138263 3.46234e-05 7.12321e-06 1.22899e-06 1.74558e-07 1.86702e-08 1.08208e-09 0 
0 8.47058e-05 0.000700574 0.00236001 0.0049237 0.00803795 0.0115305 0.0152442 0.0189787 0.0225167 0.0256497 0.028198 0.0300256 0.0310494 0.0312438 0.0306386 0.029313 0.0273848 0.0249977 0.022308 0.0194712 0.0166312 0.013917 0.0114716 0.00956951 0.0087437 0.00938246 0.0105701 0.0101698 0.00741683 0.00402416 0.00172239 0.000622009 0.00018463 4.39218e-05 8.6403e-06 1.43661e-06 1.97806e-07 2.05919e-08 1.16524e-09 0 
0 4.78578e-05 0.000424334 0.0015794 0.00356487 0.00605146 0.00881685 0.0117314 0.0146511 0.0174129 0.0198572 0.0218449 0.0232705 0.0240698 0.0242228 0.0237533 0.0227231 0.0212247 0.0193711 0.0172855 0.0150912 0.0129053 0.0108517 0.00918647 0.0087437 0.0114552 0.018822 0.0281483 0.0325367 0.0216337 0.0109497 0.00392244 0.00109918 0.000266568 5.55219e-05 9.99863e-06 1.57375e-06 2.09006e-07 2.1163e-08 1.17e-09 0 
0 2.47644e-05 0.00023241 0.000955078 0.00238185 0.00431 0.00647549 0.00873272 0.0109744 0.0130859 0.0149511 0.0164667 0.0175536 0.0181635 0.0182816 0.0179262 0.0171449 0.0160086 0.0146042 0.0130271 0.0113746 0.00974465 0.0082822 0.00749257 0.00938246 0.018822 0.0406093 0.0741997 0.0795572 0.0588178 0.0254791 0.00857441 0.00205715 0.000398958 6.82639e-05 1.07019e-05 1.55997e-06 1.99253e-07 1.969e-08 1.06819e-09 0 
0 1.16846e-05 0.000114155 0.000511452 0.00142347 0.00282086 0.00447842 0.00621234 0.00791569 0.00950559 0.0109026 0.0120348 0.0128459 0.0133013 0.013391 0.0131288 0.0125503 0.0117087 0.0106694 0.00950531 0.00829352 0.00712228 0.00616965 0.00620818 0.0105701 0.0281483 0.0741997 0.0875365 0.0892429 0.0832869 0.0494944 0.0138141 0.00312979 0.000531414 7.63365e-05 1.02451e-05 1.36375e-06 1.6762e-07 1.62698e-08 8.72148e-10 0 
0 5.01438e-06 5.00947e-05 0.000239395 0.000737947 0.0016293 0.00281261 0.00411261 0.00539847 0.00658922 0.00762624 0.0084615 0.00905797 0.00939303 0.00946062 0.00927151 0.00885177 0.00824009 0.00748482 0.00664193 0.00577658 0.00497567 0.00442354 0.00492442 0.0101698 0.0325367 0.0795572 0.0892429 0.0905388 0.0856902 0.0591318 0.0152335 0.00338752 0.000543234 7.01041e-05 8.33449e-06 1.02563e-06 1.2248e-07 1.17907e-08 6.29976e-10 0 
0 1.95562e-06 1.965e-05 9.76358e-05 0.000325546 0.000797612 0.00152484 0.00241552 0.00334792 0.00422815 0.0049957 0.00561135 0.00604945 0.00629577 0.00634753 0.00621322 0.00591178 0.00547135 0.00492855 0.00432969 0.00373598 0.00323336 0.00296537 0.0034681 0.00741683 0.0216337 0.0588178 0.0832869 0.0856902 0.0778058 0.0360239 0.0112789 0.00250307 0.000395318 4.87364e-05 5.46192e-06 6.48239e-07 7.6895e-08 7.43737e-09 3.99928e-10 0 
0 6.93396e-07 6.91336e-06 3.48864e-05 0.000122024 0.000323637 0.000681248 0.00118479 0.00177333 0.00237011 0.00291133 0.00335382 0.00367171 0.00385214 0.00389256 0.0037993 0.00358675 0.0032771 0.00290107 0.00250022 0.00213036 0.001862 0.00177692 0.00209208 0.00402416 0.0109497 0.0254791 0.0494944 0.0591318 0.0360239 0.016947 0.00559025 0.00125237 0.000199819 2.46947e-05 2.7983e-06 3.3996e-07 4.12757e-08 4.06925e-09 2.22369e-10 0 
0 2.23686e-07 2.19116e-06 1.10274e-05 3.93468e-05 0.0001093 0.000246508 0.000464793 0.000753288 0.0010785 0.00139819 0.00167459 0.00188069 0.00200099 0.0020302 0.00197177 0.00183683 0.0016437 0.00141777 0.00119142 0.00100297 0.000892689 0.00089498 0.00106373 0.00172239 0.00392244 0.00857441 0.0138141 0.0152335 0.0112789 0.00559025 0.00186425 0.000427519 7.03787e-05 9.15051e-06 1.12817e-06 1.48663e-07 1.89743e-08 1.93086e-09 1.08166e-10 0 
0 6.56681e-08 6.27869e-07 3.11297e-06 1.11018e-05 3.13889e-05 7.3418e-05 0.000145737 0.000250621 0.000380646 0.000519989 0.00064933 0.000751115 0.000813005 0.000829283 0.000800881 0.000734722 0.000642665 0.000540134 0.000444421 0.000372776 0.000340377 0.000358096 0.000435585 0.000622009 0.00109918 0.00205715 0.00312979 0.00338752 0.00250307 0.00125237 0.000427519 0.000101784 1.7819e-05 2.59612e-06 3.72846e-07 5.52264e-08 7.51394e-09 7.95924e-10 4.60295e-11 0 
0 1.75197e-08 1.62868e-07 7.89664e-07 2.77906e-06 7.84427e-06 1.85515e-05 3.76785e-05 6.68839e-05 0.000105315 0.000149078 0.000192017 0.000227403 0.000249734 0.000256015 0.000246272 0.000223361 0.000192251 0.000159 0.0001297 0.000109662 0.000102965 0.000112155 0.000138263 0.00018463 0.000266568 0.000398958 0.000531414 0.000543234 0.000395318 0.000199819 7.03787e-05 1.7819e-05 3.51139e-06 6.15743e-07 1.06597e-07 1.77626e-08 2.57806e-09 2.85502e-10 1.71322e-11 0 
0 4.22873e-09 3.81487e-08 1.80172e-07 6.2132e-07 1.73141e-06 4.07628e-06 8.30906e-06 1.49052e-05 2.38285e-05 3.43132e-05 4.49264e-05 5.3922e-05 5.97437e-05 6.1471e-05 5.90551e-05 5.32907e-05 4.55714e-05 3.75357e-05 3.07338e-05 2.64134e-05 2.54377e-05 2.82287e-05 3.46234e-05 4.39218e-05 5.55219e-05 6.82639e-05 7.63365e-05 7.01041e-05 4.87364e-05 2.46947e-05 9.15051e-06 2.59612e-06 6.15743e-07 1.33657e-07 2.72236e-08 4.98618e-09 7.67851e-10 8.90671e-11 5.56447e-12 0 
0 9.14232e-10 7.99915e-09 3.67398e-08 1.23726e-07 3.38461e-07 7.86738e-07 1.59242e-06 2.85103e-06 4.56724e-06 6.60743e-06 8.70055e-06 1.04993e-05 1.1681e-05 1.20474e-05 1.15826e-05 1.04514e-05 8.94476e-06 7.40055e-06 6.13039e-06 5.37478e-06 5.2845e-06 5.90321e-06 7.12321e-06 8.6403e-06 9.99863e-06 1.07019e-05 1.02451e-05 8.33449e-06 5.46192e-06 2.7983e-06 1.12817e-06 3.72846e-07 1.06597e-07 2.72236e-08 6.18375e-09 1.2158e-09 1.97646e-10 2.40271e-11 1.56578e-12 0 
0 1.73442e-10 1.47236e-09 6.575e-09 2.15973e-08 5.78551e-08 1.32265e-07 2.64452e-07 4.69596e-07 7.48702e-07 1.08089e-06 1.42295e-06 1.71856e-06 1.91457e-06 1.97775e-06 1.9051e-06 1.72394e-06 1.48288e-06 1.23828e-06 1.04177e-06 9.32148e-07 9.31193e-07 1.0395e-06 1.22899e-06 1.43661e-06 1.57375e-06 1.55997e-06 1.36375e-06 1.02563e-06 6.48239e-07 3.3996e-07 1.48663e-07 5.52264e-08 1.77626e-08 4.98618e-09 1.2158e-09 2.53157e-10 4.32989e-11 5.51465e-12 3.75102e-13 0 
0 2.76573e-11 2.28013e-10 9.90636e-10 3.17422e-09 8.32144e-09 1.86834e-08 3.68194e-08 6.46639e-08 1.02282e-07 1.46883e-07 1.92759e-07 2.32472e-07 2.58974e-07 2.67835e-07 2.58647e-07 2.35077e-07 2.03677e-07 1.72073e-07 1.47237e-07 1.34288e-07 1.35735e-07 1.50793e-07 1.74558e-07 1.97806e-07 2.09006e-07 1.99253e-07 1.6762e-07 1.2248e-07 7.6895e-08 4.12757e-08 1.89743e-08 7.51394e-09 2.57806e-09 7.67851e-10 1.97646e-10 4.32989e-11 7.77102e-12 1.03573e-12 7.35081e-14 0 
0 3.34576e-12 2.68234e-11 1.13514e-10 3.55104e-10 9.11378e-10 2.00935e-09 3.90055e-09 6.76828e-09 1.06075e-08 1.51317e-08 1.97703e-08 2.37851e-08 2.64782e-08 2.74118e-08 2.6547e-08 2.42529e-08 2.11904e-08 1.81317e-08 1.57817e-08 1.46431e-08 1.4924e-08 1.64616e-08 1.86702e-08 2.05919e-08 2.1163e-08 1.969e-08 1.62698e-08 1.17907e-08 7.43737e-09 4.06925e-09 1.93086e-09 7.95924e-10 2.85502e-10 8.90671e-11 2.40271e-11 5.51465e-12 1.03573e-12 1.44202e-13 1.06672e-14 0 
0 2.19364e-13 1.71286e-12 7.07085e-12 2.16219e-11 5.43777e-11 1.17794e-10 2.25291e-10 3.86216e-10 5.99554e-10 8.49225e-10 1.10415e-09 1.32459e-09 1.47319e-09 1.5266e-09 1.48296e-09 1.36244e-09 1.20114e-09 1.04133e-09 9.21406e-10 8.67832e-10 8.89283e-10 9.72643e-10 1.08208e-09 1.16524e-09 1.17e-09 1.06819e-09 8.72148e-10 6.29976e-10 3.99928e-10 2.22369e-10 1.08166e-10 4.60295e-11 1.71322e-11 5.56447e-12 1.56578e-12 3.75102e-13 7.35081e-14 1.06672e-14 8.21208e-16 0 
0 0 0 0 0 0 0 0 0 0 0 0 0 0 0 0 0 0 0 0 0 0 0 0 0 0 0 0 0 0 0 0 0 0 0 0 0 0 0 0 0 
