0 0 0 0 0 0 0 0 0 0 0 0 0 0 0 0 0 0 0 0 0 0 0 0 0 0 0 0 0 0 0 0 0 0 0 0 0 0 0 0 0 
0 7.79952e-08 7.14303e-07 3.32399e-06 1.09161e-05 2.80191e-05 5.9129e-05 0.000106233 0.000167179 0.000236005 0.000304717 0.000365293 0.000411142 0.000437871 0.00044353 0.000428512 0.000395269 0.000347876 0.0002915 0.000231765 0.000174051 0.000122791 8.08982e-05 4.94754e-05 2.7934e-05 1.44954e-05 6.89217e-06 2.99805e-06 1.19287e-06 4.34435e-07 1.44978e-07 4.43679e-08 1.24497e-08 3.19665e-09 7.47174e-10 1.57273e-10 2.91843e-11 4.56988e-12 5.44637e-13 3.52742e-14 0 
0 7.14303e-07 6.78771e-06 3.22276e-05 0.0001053 0.000261534 0.000521967 0.000875768 0.00128496 0.00170241 0.00208586 0.00240324 0.00263294 0.0027627 0.00278856 0.00271385 0.00254817 0.00230628 0.00200702 0.00167229 0.00132598 0.000992534 0.00069466 0.000449865 0.00026687 0.000143824 7.0048e-05 3.07762e-05 1.22135e-05 4.39187e-06 1.43647e-06 4.28741e-07 1.16985e-07 2.91656e-08 6.6163e-09 1.35208e-09 2.43789e-10 3.71354e-11 4.31123e-12 2.72392e-13 0 
0 3.32399e-06 3.22276e-05 0.000151419 0.000470103 0.001071 0.00193015 0.00294023 0.00398624 0.00497954 0.00585517 0.00656421 0.00707137 0.00735539 0.00740981 0.00724255 0.0068742 0.00633529 0.00566287 0.00489721 0.0040793 0.00325003 0.00245095 0.00172523 0.00111472 0.00065 0.000337448 0.000154888 6.28847e-05 2.27194e-05 7.36514e-06 2.15906e-06 5.75431e-07 1.39715e-07 3.08289e-08 6.12721e-09 1.0751e-09 1.59531e-10 1.80654e-11 1.11495e-12 0 
0 1.09161e-05 0.0001053 0.000470103 0.00132337 0.00268269 0.00436602 0.00618431 0.00800418 0.00971939 0.0112341 0.0124649 0.0133473 0.0138415 0.0139347 0.0136405 0.012996 0.0120564 0.0108891 0.00956611 0.00815807 0.00672857 0.00533174 0.00401437 0.00282338 0.00181274 0.00103568 0.000515639 0.000221651 8.25907e-05 2.70124e-05 7.86612e-06 2.06269e-06 4.90129e-07 1.05567e-07 2.04621e-08 3.50198e-09 5.07249e-10 5.61331e-11 3.3899e-12 0 
0 2.80191e-05 0.000261534 0.001071 0.00268269 0.00491535 0.00749726 0.0102454 0.013006 0.015622 0.0179406 0.0198284 0.0211832 0.021942 0.0220842 0.0216307 0.0206392 0.0191958 0.0174057 0.0153826 0.0132383 0.0110742 0.00897406 0.00700033 0.00519656 0.00359988 0.00226069 0.0012437 0.000582974 0.000230659 7.7831e-05 2.28535e-05 5.95285e-06 1.39308e-06 2.94214e-07 5.58114e-08 9.34381e-09 1.32445e-09 1.43551e-10 8.50021e-12 0 
0 5.9129e-05 0.000521967 0.00193015 0.00436602 0.00749726 0.01107 0.0148904 0.0187448 0.0224056 0.0256538 0.0283001 0.0301996 0.0312635 0.0314625 0.030826 0.0294351 0.0274111 0.0249026 0.0220702 0.0190725 0.0160547 0.0131382 0.0104147 0.00794342 0.00575445 0.00386806 0.00232683 0.0012006 0.000515317 0.000183367 5.51946e-05 1.44388e-05 3.35197e-06 6.97703e-07 1.30041e-07 2.13667e-08 2.9722e-09 3.16314e-10 1.84073e-11 0 
0 0.000106233 0.000875768 0.00294023 0.00618431 0.0102454 0.0148904 0.019875 0.0249122 0.0296997 0.0339493 0.037412 0.0398982 0.0412907 0.0415514 0.0407187 0.0388986 0.0362506 0.0329692 0.0292653 0.0253476 0.0214074 0.0176058 0.0140668 0.0108723 0.00806256 0.00564412 0.00361948 0.00203158 0.000951164 0.000362293 0.000113458 3.01332e-05 6.99091e-06 1.44168e-06 2.65094e-07 4.28935e-08 5.87292e-09 6.15346e-10 3.52771e-11 0 
0 0.000167179 0.00128496 0.00398624 0.00800418 0.013006 0.0187448 0.0249122 0.031148 0.0370762 0.0423394 0.0466288 0.0497094 0.051436 0.0517602 0.0507291 0.0484749 0.0451957 0.0411327 0.0365472 0.0316982 0.0268233 0.0221236 0.0177543 0.0138206 0.0103771 0.00743146 0.00496222 0.00296573 0.00150066 0.000614336 0.000202102 5.49824e-05 1.28322e-05 2.63467e-06 4.79815e-07 7.67097e-08 1.03688e-08 1.07249e-09 6.07211e-11 0 
0 0.000236005 0.00170241 0.00497954 0.00971939 0.015622 0.0224056 0.0296997 0.0370762 0.04409 0.0503179 0.0553964 0.0590496 0.0611025 0.06149 0.0602659 0.0575925 0.0537094 0.0489021 0.043478 0.0377429 0.0319783 0.0264228 0.0212614 0.0166204 0.0125681 0.00911767 0.00623832 0.00389057 0.00209286 0.000915435 0.000317222 8.88782e-05 2.09705e-05 4.30416e-06 7.79046e-07 1.23447e-07 1.65203e-08 1.69134e-09 9.48029e-11 0 
0 0.000304717 0.00208586 0.00585517 0.0112341 0.0179406 0.0256538 0.0339493 0.0423394 0.0503179 0.0574063 0.0631961 0.0673719 0.069723 0.0701695 0.0687718 0.0657164 0.0612856 0.0558114 0.049641 0.0431184 0.036563 0.0302465 0.0243799 0.0191085 0.0145118 0.0106088 0.00736569 0.00472175 0.00265494 0.00122631 0.00044594 0.000128819 3.08098e-05 6.33991e-06 1.14374e-06 1.80131e-07 2.39302e-08 2.43118e-09 1.35238e-10 0 
0 0.000365293 0.00240324 0.00656421 0.0124649 0.0198284 0.0283001 0.037412 0.0466288 0.0553964 0.0631961 0.069574 0.074156 0.0767126 0.077199 0.0756919 0.0723586 0.0674873 0.0614608 0.0546766 0.0475107 0.0403098 0.0333718 0.0269293 0.0211422 0.0160996 0.0118247 0.00828301 0.00540222 0.00313019 0.00150609 0.000569995 0.000169284 4.10506e-05 8.4824e-06 1.52851e-06 2.39836e-07 3.17072e-08 3.20438e-09 1.77312e-10 0 
0 0.000411142 0.00263294 0.00707137 0.0133473 0.0211832 0.0301996 0.0398982 0.0497094 0.0590496 0.0673719 0.074156 0.0789584 0.0815872 0.0820871 0.0805564 0.077104 0.0719627 0.0655431 0.0583107 0.0506798 0.0430143 0.0356289 0.0287713 0.0226124 0.0172478 0.0127037 0.00894574 0.00589533 0.00348134 0.0017221 0.000671109 0.000203724 4.99941e-05 1.03773e-05 1.87067e-06 2.93034e-07 3.864e-08 3.89368e-09 2.14828e-10 0 
0 0.000437871 0.0027627 0.00735539 0.0138415 0.021942 0.0312635 0.0412907 0.051436 0.0611025 0.069723 0.0767126 0.0815872 0.0842172 0.0847188 0.0832032 0.0797356 0.0744855 0.0678576 0.0603709 0.0524768 0.0445498 0.0369125 0.0298207 0.0234517 0.0179048 0.0132081 0.00932726 0.00618101 0.00368825 0.00185376 0.000735444 0.000226467 5.60516e-05 1.16817e-05 2.10884e-06 3.30398e-07 4.35509e-08 4.3863e-09 2.41904e-10 0 
0 0.00044353 0.00278856 0.00740981 0.0139347 0.0220842 0.0314625 0.0415514 0.0517602 0.06149 0.0701695 0.077199 0.0820871 0.0847188 0.0852245 0.0837171 0.0802545 0.0749916 0.0683284 0.0607947 0.052851 0.044874 0.0371876 0.0300494 0.0236382 0.0180543 0.0133263 0.00942029 0.00625442 0.00374512 0.00189285 0.000756053 0.000234251 5.82438e-05 1.21774e-05 2.20363e-06 3.45968e-07 4.56965e-08 4.61241e-09 2.54993e-10 0 
0 0.000428512 0.00271385 0.00724255 0.0136405 0.0216307 0.030826 0.0407187 0.0507291 0.0602659 0.0687718 0.0756919 0.0805564 0.0832032 0.0837171 0.0822048 0.0787502 0.07355 0.0670126 0.0596339 0.0518485 0.0440265 0.0364878 0.0294855 0.023195 0.017715 0.0130735 0.00923694 0.00612521 0.00365872 0.00184252 0.00073352 0.000226974 5.64941e-05 1.18445e-05 2.15162e-06 3.39339e-07 4.50493e-08 4.5726e-09 2.5434e-10 0 
0 0.000395269 0.00254817 0.0068742 0.012996 0.0206392 0.0294351 0.0388986 0.0484749 0.0575925 0.0657164 0.0723586 0.077104 0.0797356 0.0802545 0.0787502 0.0753579 0.0703368 0.064087 0.0570432 0.0496019 0.0421205 0.0349079 0.0282068 0.022185 0.0169369 0.0124886 0.00880733 0.00581664 0.00344726 0.00171612 0.000675416 0.000207596 5.16353e-05 1.08674e-05 1.98724e-06 3.16036e-07 4.23566e-08 4.34431e-09 2.44356e-10 0 
0 0.000347876 0.00230628 0.00633529 0.0120564 0.0191958 0.0274111 0.0362506 0.0451957 0.0537094 0.0612856 0.0674873 0.0719627 0.0744855 0.0749916 0.07355 0.0703368 0.065639 0.0598191 0.0532546 0.0463109 0.0393262 0.0325906 0.0263308 0.0207032 0.0157953 0.0116308 0.00817719 0.00536458 0.00314006 0.0015363 0.000595007 0.000181404 4.51722e-05 9.58287e-06 1.77366e-06 2.86213e-07 3.89842e-08 4.06764e-09 2.32894e-10 0 
0 0.0002915 0.00200702 0.00566287 0.0108891 0.0174057 0.0249026 0.0329692 0.0411327 0.0489021 0.0558114 0.0614608 0.0655431 0.0678576 0.0683284 0.0670126 0.064087 0.0598191 0.0545268 0.0485484 0.04222 0.0358527 0.0297112 0.0240018 0.0188665 0.014384 0.0105741 0.00740526 0.00481714 0.00277788 0.001334 0.000509469 0.000154943 3.89369e-05 8.40201e-06 1.58887e-06 2.62545e-07 3.665e-08 3.91893e-09 2.29769e-10 0 
0 0.000231765 0.00167229 0.00489721 0.00956611 0.0153826 0.0220702 0.0292653 0.0365472 0.043478 0.049641 0.0546766 0.0583107 0.0603709 0.0607947 0.0596339 0.0570432 0.0532546 0.0485484 0.0432279 0.0375949 0.0319271 0.0264601 0.021377 0.0168032 0.0128068 0.00940277 0.00656166 0.00423566 0.00241393 0.00114717 0.000437978 0.000135071 3.48087e-05 7.74821e-06 1.5141e-06 2.58331e-07 3.71528e-08 4.08055e-09 2.44899e-10 0 
0 0.000174051 0.00132598 0.0040793 0.00815807 0.0132383 0.0190725 0.0253476 0.0316982 0.0377429 0.0431184 0.0475107 0.0506798 0.0524768 0.052851 0.0518485 0.0496019 0.0463109 0.04222 0.0375949 0.0326991 0.0277746 0.0230265 0.0186131 0.014642 0.01117 0.00820727 0.00572782 0.00369683 0.00211388 0.00101855 0.000400229 0.000128519 3.46189e-05 8.03477e-06 1.62793e-06 2.8611e-07 4.21158e-08 4.7071e-09 2.86032e-10 0 
0 0.000122791 0.000992534 0.00325003 0.00672857 0.0110742 0.0160547 0.0214074 0.0268233 0.0319783 0.036563 0.0403098 0.0430143 0.0445498 0.044874 0.0440265 0.0421205 0.0393262 0.0358527 0.0319271 0.0277746 0.023602 0.0195838 0.0158541 0.0125032 0.00957749 0.00708414 0.00500059 0.00329411 0.00195165 0.000991869 0.000415701 0.000142058 4.02199e-05 9.6648e-06 2.00113e-06 3.55858e-07 5.2623e-08 5.87835e-09 3.55737e-10 0 
0 8.08982e-05 0.00069466 0.00245095 0.00533174 0.00897406 0.0131382 0.0176058 0.0221236 0.0264228 0.0302465 0.0333718 0.0356289 0.0369125 0.0371876 0.0364878 0.0349079 0.0325906 0.0297112 0.0264601 0.0230265 0.0195838 0.0162784 0.013223 0.010495 0.00813908 0.00616453 0.00453147 0.00316477 0.00201751 0.00111353 0.000505119 0.000183111 5.35227e-05 1.29874e-05 2.67841e-06 4.70871e-07 6.85747e-08 7.53085e-09 4.47779e-10 0 
0 4.94754e-05 0.000449865 0.00172523 0.00401437 0.00700033 0.0104147 0.0140668 0.0177543 0.0212614 0.0243799 0.0269293 0.0287713 0.0298207 0.0300494 0.0294855 0.0282068 0.0263308 0.0240018 0.021377 0.0186131 0.0158541 0.013223 0.0108194 0.00873293 0.00705659 0.00582683 0.00487615 0.00387144 0.00268488 0.001548 0.00072207 0.000265389 7.6878e-05 1.81853e-05 3.63741e-06 6.20427e-07 8.78028e-08 9.38733e-09 5.44476e-10 0 
0 2.7934e-05 0.00026687 0.00111472 0.00282338 0.00519656 0.00794342 0.0108723 0.0138206 0.0166204 0.0191085 0.0211422 0.0226124 0.0234517 0.0236382 0.023195 0.022185 0.0207032 0.0188665 0.0168032 0.014642 0.0125032 0.010495 0.00873293 0.00742311 0.00695505 0.00761208 0.00865463 0.00834863 0.00607897 0.00326556 0.00134423 0.00044169 0.000116493 2.53494e-05 4.75081e-06 7.73279e-07 1.05564e-07 1.09488e-08 6.18377e-10 0 
0 1.44954e-05 0.000143824 0.00065 0.00181274 0.00359988 0.00575445 0.00806256 0.0103771 0.0125681 0.0145118 0.0160996 0.0172478 0.0179048 0.0180543 0.017715 0.0169369 0.0157953 0.014384 0.0128068 0.01117 0.00957749 0.00813908 0.00705659 0.00695505 0.00935315 0.0155081 0.0226497 0.0242087 0.0178651 0.00903343 0.00321386 0.000865035 0.000188707 3.48761e-05 5.80594e-06 8.81583e-07 1.15504e-07 1.16307e-08 6.41041e-10 0 
0 6.89217e-06 7.0048e-05 0.000337448 0.00103568 0.00226069 0.00386806 0.00564412 0.00743146 0.00911767 0.0106088 0.0118247 0.0127037 0.0132081 0.0133263 0.0130735 0.0124886 0.0116308 0.0105741 0.00940277 0.00820727 0.00708414 0.00616453 0.00582683 0.00761208 0.0155081 0.0326874 0.0539369 0.0615291 0.0425369 0.0210536 0.00707745 0.0016789 0.000305731 4.64066e-05 6.5318e-06 8.99373e-07 1.1253e-07 1.10409e-08 5.96868e-10 0 
0 2.99805e-06 3.07762e-05 0.000154888 0.000515639 0.0012437 0.00232683 0.00361948 0.00496222 0.00623832 0.00736569 0.00828301 0.00894574 0.00932726 0.00942029 0.00923694 0.00880733 0.00817719 0.00740526 0.00656166 0.00572782 0.00500059 0.00453147 0.00487615 0.00865463 0.0226497 0.0539369 0.0838865 0.0880395 0.0725802 0.0347187 0.0114147 0.00257589 0.00042244 5.49887e-05 6.54089e-06 8.04787e-07 9.60363e-08 9.23912e-09 4.93445e-10 0 
0 1.19287e-06 1.22135e-05 6.28847e-05 0.000221651 0.000582974 0.0012006 0.00203158 0.00296573 0.00389057 0.00472175 0.00540222 0.00589533 0.00618101 0.00625442 0.00612521 0.00581664 0.00536458 0.00481714 0.00423566 0.00369683 0.00329411 0.00316477 0.00387144 0.00834863 0.0242087 0.0615291 0.0880395 0.0911592 0.0803003 0.0393771 0.0125858 0.00279275 0.000437136 5.20681e-05 5.49385e-06 6.15897e-07 7.08468e-08 6.75004e-09 3.59339e-10 0 
0 4.34435e-07 4.39187e-06 2.27194e-05 8.25907e-05 0.000230659 0.000515317 0.000951164 0.00150066 0.00209286 0.00265494 0.00313019 0.00348134 0.00368825 0.00374512 0.00365872 0.00344726 0.00314006 0.00277788 0.00241393 0.00211388 0.00195165 0.00201751 0.00268488 0.00607897 0.0178651 0.0425369 0.0725802 0.0803003 0.0586495 0.0283619 0.00932115 0.00206251 0.000318094 3.6493e-05 3.64801e-06 3.92615e-07 4.47212e-08 4.2797e-09 2.29352e-10 0 
0 1.44978e-07 1.43647e-06 7.36514e-06 2.70124e-05 7.7831e-05 0.000183367 0.000362293 0.000614336 0.000915435 0.00122631 0.00150609 0.0017221 0.00185376 0.00189285 0.00184252 0.00171612 0.0015363 0.001334 0.00114717 0.00101855 0.000991869 0.00111353 0.001548 0.00326556 0.00903343 0.0210536 0.0347187 0.0393771 0.0283619 0.0140079 0.00461762 0.0010283 0.000159239 1.83061e-05 1.85642e-06 2.05536e-07 2.4048e-08 2.34886e-09 1.27985e-10 0 
0 4.43679e-08 4.28741e-07 2.15906e-06 7.86612e-06 2.28535e-05 5.51946e-05 0.000113458 0.000202102 0.000317222 0.00044594 0.000569995 0.000671109 0.000735444 0.000756053 0.00073352 0.000675416 0.000595007 0.000509469 0.000437978 0.000400229 0.000415701 0.000505119 0.00072207 0.00134423 0.00321386 0.00707745 0.0114147 0.0125858 0.00932115 0.00461762 0.00153533 0.000347067 5.48696e-05 6.59381e-06 7.30111e-07 8.89955e-08 1.10468e-08 1.11653e-09 6.24063e-11 0 
0 1.24497e-08 1.16985e-07 5.75431e-07 2.06269e-06 5.95285e-06 1.44388e-05 3.01332e-05 5.49824e-05 8.88782e-05 0.000128819 0.000169284 0.000203724 0.000226467 0.000234251 0.000226974 0.000207596 0.000181404 0.000154943 0.000135071 0.000128519 0.000142058 0.000183111 0.000265389 0.00044169 0.000865035 0.0016789 0.00257589 0.00279275 0.00206251 0.0010283 0.000347067 8.03988e-05 1.33422e-05 1.78163e-06 2.32659e-07 3.26463e-08 4.36773e-09 4.60725e-10 2.66e-11 0 
0 3.19665e-09 2.91656e-08 1.39715e-07 4.90129e-07 1.39308e-06 3.35197e-06 6.99091e-06 1.28322e-05 2.09705e-05 3.08098e-05 4.10506e-05 4.99941e-05 5.60516e-05 5.82438e-05 5.64941e-05 5.16353e-05 4.51722e-05 3.89369e-05 3.48087e-05 3.46189e-05 4.02199e-05 5.35227e-05 7.6878e-05 0.000116493 0.000188707 0.000305731 0.00042244 0.000437136 0.000318094 0.000159239 5.48696e-05 1.33422e-05 2.46025e-06 3.96318e-07 6.42054e-08 1.03958e-08 1.49671e-09 1.6537e-10 9.91138e-12 0 
0 7.47174e-10 6.6163e-09 3.08289e-08 1.05567e-07 2.94214e-07 6.97703e-07 1.44168e-06 2.63467e-06 4.30416e-06 6.33991e-06 8.4824e-06 1.03773e-05 1.16817e-05 1.21774e-05 1.18445e-05 1.08674e-05 9.58287e-06 8.40201e-06 7.74821e-06 8.03477e-06 9.6648e-06 1.29874e-05 1.81853e-05 2.53494e-05 3.48761e-05 4.64066e-05 5.49887e-05 5.20681e-05 3.6493e-05 1.83061e-05 6.59381e-06 1.78163e-06 3.96318e-07 8.12181e-08 1.60253e-08 2.90226e-09 4.45497e-10 5.16109e-11 3.22151e-12 0 
0 1.57273e-10 1.35208e-09 6.12721e-09 2.04621e-08 5.58114e-08 1.30041e-07 2.65094e-07 4.79815e-07 7.79046e-07 1.14374e-06 1.52851e-06 1.87067e-06 2.10884e-06 2.20363e-06 2.15162e-06 1.98724e-06 1.77366e-06 1.58887e-06 1.5141e-06 1.62793e-06 2.00113e-06 2.67841e-06 3.63741e-06 4.75081e-06 5.80594e-06 6.5318e-06 6.54089e-06 5.49385e-06 3.64801e-06 1.85642e-06 7.30111e-07 2.32659e-07 6.42054e-08 1.60253e-08 3.60343e-09 7.06064e-10 1.14639e-10 1.39259e-11 9.06905e-13 0 
0 2.91843e-11 2.43789e-10 1.0751e-09 3.50198e-09 9.34381e-09 2.13667e-08 4.28935e-08 7.67097e-08 1.23447e-07 1.80131e-07 2.39836e-07 2.93034e-07 3.30398e-07 3.45968e-07 3.39339e-07 3.16036e-07 2.86213e-07 2.62545e-07 2.58331e-07 2.8611e-07 3.55858e-07 4.70871e-07 6.20427e-07 7.73279e-07 8.81583e-07 8.99373e-07 8.04787e-07 6.15897e-07 3.92615e-07 2.05536e-07 8.89955e-08 3.26463e-08 1.03958e-08 2.90226e-09 7.06064e-10 1.46886e-10 2.51095e-11 3.19649e-12 2.17315e-13 0 
0 4.56988e-12 3.71354e-11 1.59531e-10 5.07249e-10 1.32445e-09 2.9722e-09 5.87292e-09 1.03688e-08 1.65203e-08 2.39302e-08 3.17072e-08 3.864e-08 4.35509e-08 4.56965e-08 4.50493e-08 4.23566e-08 3.89842e-08 3.665e-08 3.71528e-08 4.21158e-08 5.2623e-08 6.85747e-08 8.78028e-08 1.05564e-07 1.15504e-07 1.1253e-07 9.60363e-08 7.08468e-08 4.47212e-08 2.4048e-08 1.10468e-08 4.36773e-09 1.49671e-09 4.45497e-10 1.14639e-10 2.51095e-11 4.50546e-12 6.00321e-13 4.25912e-14 0 
0 5.44637e-13 4.31123e-12 1.80654e-11 5.61331e-11 1.43551e-10 3.16314e-10 6.15346e-10 1.07249e-09 1.69134e-09 2.43118e-09 3.20438e-09 3.89368e-09 4.3863e-09 4.61241e-09 4.5726e-09 4.34431e-09 4.06764e-09 3.91893e-09 4.08055e-09 4.7071e-09 5.87835e-09 7.53085e-09 9.38733e-09 1.09488e-08 1.16307e-08 1.10409e-08 9.23912e-09 6.75004e-09 4.2797e-09 2.34886e-09 1.11653e-09 4.60725e-10 1.6537e-10 5.16109e-11 1.39259e-11 3.19649e-12 6.00321e-13 8.35686e-14 6.18058e-15 0 
0 3.52742e-14 2.72392e-13 1.11495e-12 3.3899e-12 8.50021e-12 1.84073e-11 3.52771e-11 6.07211e-11 9.48029e-11 1.35238e-10 1.77312e-10 2.14828e-10 2.41904e-10 2.54993e-10 2.5434e-10 2.44356e-10 2.32894e-10 2.29769e-10 2.44899e-10 2.86032e-10 3.55737e-10 4.47779e-10 5.44476e-10 6.18377e-10 6.41041e-10 5.96868e-10 4.93445e-10 3.59339e-10 2.29352e-10 1.27985e-10 6.24063e-11 2.66e-11 9.91138e-12 3.22151e-12 9.06905e-13 2.17315e-13 4.25912e-14 6.18058e-15 4.75755e-16 0 
0 0 0 0 0 0 0 0 0 0 0 0 0 0 0 0 0 0 0 0 0 0 0 0 0 0 0 0 0 0 0 0 0 0 0 0 0 0 0 0 0 
