0 0 0 0 0 0 0 0 0 0 0 0 0 0 0 0 0 0 0 0 0 0 0 0 0 0 0 0 0 0 0 0 0 0 0 0 0 0 0 0 0 
0 4.26119e-07 3.78898e-06 1.66358e-05 5.00686e-05 0.000115298 0.000216465 0.000347458 0.000494879 0.000643202 0.000778483 0.000889942 0.000970248 0.00101529 0.00102383 0.000997157 0.000938697 0.00085367 0.000748691 0.000631365 0.000509807 0.000392041 0.000285247 0.00019491 0.000124075 7.29907e-05 3.93888e-05 1.93813e-05 8.6598e-06 3.50614e-06 1.2857e-06 4.27182e-07 1.2863e-07 3.50617e-08 8.6159e-09 1.89051e-09 3.63033e-10 5.84644e-11 7.12944e-12 4.70483e-13 0 
0 3.78898e-06 3.439e-05 0.000148435 0.000420113 0.000879747 0.00148373 0.00215422 0.0028233 0.00344342 0.00398113 0.0044115 0.0047165 0.00488552 0.0049159 0.00481294 0.00458893 0.00426162 0.00385217 0.00338332 0.00287795 0.00235868 0.00184832 0.00137064 0.000949599 0.000605926 0.000351115 0.00018263 8.46465e-05 3.48789e-05 1.28015e-05 4.20247e-06 1.2391e-06 3.28876e-07 7.84543e-08 1.66908e-08 3.10756e-09 4.85601e-10 5.75329e-11 3.69451e-12 0 
0 1.66358e-05 0.000148435 0.000593359 0.0014808 0.00271126 0.00410391 0.00554079 0.00694966 0.00826518 0.00942109 0.0103568 0.011025 0.0113965 0.0114626 0.0112343 0.0107402 0.0100229 0.00913332 0.00812623 0.00705438 0.0059641 0.00489228 0.00386657 0.00291016 0.00204992 0.00132143 0.000760968 0.000383718 0.000167658 6.35056e-05 2.10256e-05 6.14916e-06 1.60184e-06 3.72814e-07 7.71624e-08 1.39643e-08 2.12176e-09 2.44684e-10 1.53159e-11 0 
0 5.00686e-05 0.000420113 0.0014808 0.00321474 0.00533068 0.00765773 0.0100994 0.0125407 0.0148473 0.016886 0.018541 0.0197243 0.0203826 0.0204994 0.0200942 0.0192184 0.0179479 0.016375 0.0145997 0.0127203 0.0108263 0.0089919 0.00727031 0.00569187 0.00426778 0.00300528 0.00192972 0.00109066 0.000526315 0.000213843 7.35312e-05 2.17511e-05 5.62956e-06 1.28826e-06 2.60758e-07 4.60455e-08 6.82343e-09 7.67899e-10 4.69611e-11 0 
0 0.000115298 0.000879747 0.00271126 0.00533068 0.00845173 0.0119549 0.0156844 0.0194342 0.0229838 0.0261234 0.0286728 0.0304959 0.0315101 0.0316899 0.0310654 0.0297157 0.0277581 0.0253353 0.0226016 0.0197099 0.0168002 0.0139913 0.0113743 0.00900873 0.00691915 0.00509831 0.00352569 0.00220586 0.00119203 0.00053519 0.000197081 6.03569e-05 1.57604e-05 3.58082e-06 7.13434e-07 1.23503e-07 1.79159e-08 1.97368e-09 1.18244e-10 0 
0 0.000216465 0.00148373 0.00410391 0.00765773 0.0119549 0.0168386 0.0220564 0.0273076 0.0322799 0.0366784 0.0402506 0.0428063 0.0442296 0.0444821 0.0436051 0.041712 0.0389685 0.0355741 0.0317444 0.0276941 0.0236199 0.0196893 0.0160327 0.0127399 0.00985815 0.0073914 0.0053037 0.00354477 0.00210631 0.00105122 0.000423262 0.000137148 3.67175e-05 8.371e-06 1.65332e-06 2.82014e-07 4.02082e-08 4.35057e-09 2.56086e-10 0 
0 0.000347458 0.00215422 0.00554079 0.0100994 0.0156844 0.0220564 0.0288697 0.0357278 0.0422224 0.0479733 0.0526953 0.0562649 0.0584665 0.0588868 0.0574792 0.0546975 0.0509862 0.046528 0.0415236 0.0362337 0.0309132 0.0257813 0.0210091 0.0167156 0.0129682 0.00978413 0.00713157 0.00493727 0.00312821 0.00170804 0.000754867 0.000262459 7.30405e-05 1.68768e-05 3.32703e-06 5.62013e-07 7.90703e-08 8.43163e-09 4.89079e-10 0 
0 0.000494879 0.0028233 0.00694966 0.0125407 0.0194342 0.0273076 0.0357278 0.0442043 0.0522465 0.0596137 0.0668651 0.0731331 0.0766608 0.0773014 0.0752134 0.0704336 0.0640086 0.0576814 0.051378 0.0448312 0.0382557 0.0319139 0.0260176 0.0207145 0.0160897 0.0121701 0.00892904 0.00628868 0.00413948 0.00241339 0.00115828 0.000433588 0.000126512 2.98585e-05 5.9098e-06 9.93105e-07 1.38389e-07 1.45905e-08 8.36408e-10 0 
0 0.000643202 0.00344342 0.00826518 0.0148473 0.0229838 0.0322799 0.0422224 0.0522465 0.0621123 0.0731799 0.0824262 0.0871734 0.0893079 0.0897098 0.0885379 0.0854622 0.0793483 0.0698266 0.0608984 0.0529851 0.0452102 0.0377222 0.0307608 0.0245009 0.0190433 0.0144223 0.0106132 0.00753707 0.00506847 0.00308664 0.00158074 0.000633231 0.000194139 4.70112e-05 9.38148e-06 1.57401e-06 2.17948e-07 2.27859e-08 1.29438e-09 0 
0 0.000778483 0.00398113 0.00942109 0.016886 0.0261234 0.0366784 0.0479733 0.0596137 0.0731799 0.0850038 0.0908428 0.093958 0.0954839 0.0957974 0.0949804 0.0928995 0.08909 0.0821823 0.0707498 0.0603404 0.05137 0.0428616 0.0349578 0.0278508 0.0216559 0.0164127 0.0120964 0.00862646 0.00586992 0.00367427 0.00197229 0.000835602 0.000268187 6.6679e-05 1.34453e-05 2.25799e-06 3.11486e-07 3.23744e-08 1.82685e-09 0 
0 0.000889942 0.0044115 0.0103568 0.018541 0.0286728 0.0402506 0.0526953 0.0668651 0.0824262 0.0908428 0.0952761 0.0978157 0.0991059 0.0993851 0.0987114 0.0970053 0.0939965 0.0889759 0.0799118 0.06703 0.0564201 0.0470379 0.0383674 0.0305723 0.0237782 0.018029 0.0132991 0.00950524 0.00651024 0.00414374 0.00229632 0.0010148 0.000338266 8.6119e-05 1.75489e-05 2.95409e-06 4.06774e-07 4.21205e-08 2.36612e-09 0 
0 0.000970248 0.0047165 0.011025 0.0197243 0.0304959 0.0428063 0.0562649 0.0731331 0.0871734 0.093958 0.0978157 0.1001 0.101282 0.101545 0.10094 0.0994061 0.0967435 0.0924589 0.0852124 0.0726631 0.0601715 0.0500309 0.0408076 0.0325202 0.0252972 0.0191857 0.0141594 0.0101323 0.00696439 0.00447584 0.00253022 0.0011505 0.000394193 0.000102219 2.10156e-05 3.54741e-06 4.88246e-07 5.0457e-08 2.82703e-09 0 
0 0.00101529 0.00488552 0.0113965 0.0203826 0.0315101 0.0442296 0.0584665 0.0766608 0.0893079 0.0954839 0.0991059 0.101282 0.102415 0.102673 0.102098 0.100639 0.0981237 0.0941363 0.087602 0.0759377 0.0624038 0.0517041 0.0421678 0.0336061 0.0261443 0.0198311 0.0146395 0.0104821 0.0072173 0.00466094 0.00266264 0.00123006 0.000428327 0.00011235 2.32384e-05 3.93195e-06 5.41405e-07 5.59225e-08 3.13042e-09 0 
0 0.00102383 0.0049159 0.0114626 0.0204994 0.0316899 0.0444821 0.0588868 0.0773014 0.0897098 0.0957974 0.0993851 0.101545 0.102673 0.102929 0.102359 0.100912 0.0984178 0.0944743 0.0880446 0.0765451 0.0628257 0.0520068 0.0424138 0.0338032 0.0262986 0.0199491 0.0147279 0.0105472 0.00726544 0.00469774 0.00269091 0.00124851 0.000436851 0.000115034 2.3855e-05 4.04284e-06 5.57275e-07 5.76086e-08 3.22706e-09 0 
0 0.000997157 0.00481294 0.0112343 0.0200942 0.0310654 0.0436051 0.0574792 0.0752134 0.0885379 0.0949804 0.0987114 0.10094 0.102098 0.102359 0.10177 0.100276 0.0976916 0.0935704 0.0867276 0.0745858 0.0614294 0.0509856 0.0415861 0.0331435 0.0257852 0.0195593 0.0144393 0.0103387 0.00711714 0.00459277 0.00261944 0.00120769 0.000420079 0.000110244 2.28442e-05 3.87496e-06 5.35069e-07 5.54328e-08 3.11254e-09 0 
0 0.000938697 0.00458893 0.0107402 0.0192184 0.0297157 0.041712 0.0546975 0.0704336 0.0854622 0.0928995 0.0970053 0.0994061 0.100639 0.100912 0.100276 0.0986642 0.0958493 0.0912567 0.0832647 0.0702438 0.0585708 0.0487778 0.0397902 0.0317116 0.0246702 0.0187119 0.0138111 0.00988344 0.00679148 0.00435968 0.00245888 0.00111547 0.000382081 9.93278e-05 2.05138e-05 3.48197e-06 4.82136e-07 5.01395e-08 2.82746e-09 0 
0 0.00085367 0.00426162 0.0100229 0.0179479 0.0277581 0.0389685 0.0509862 0.0640086 0.0793483 0.08909 0.0939965 0.0967435 0.0981237 0.0984178 0.0976916 0.0958493 0.092562 0.0869427 0.0766976 0.0645148 0.0546386 0.0455802 0.0371834 0.0296332 0.0230517 0.0174819 0.012899 0.00922173 0.0063164 0.00401859 0.00222594 0.000984977 0.000329849 8.46151e-05 1.7401e-05 2.95809e-06 4.11468e-07 4.30504e-08 2.44418e-09 0 
0 0.000748691 0.00385217 0.00913332 0.016375 0.0253353 0.0355741 0.046528 0.0576814 0.0698266 0.0821823 0.0889759 0.0924589 0.0941363 0.0944743 0.0935704 0.0912567 0.0869427 0.0789623 0.0679075 0.0585027 0.0498752 0.0416248 0.0339567 0.0270609 0.0210493 0.0159607 0.0117711 0.00840256 0.00572653 0.00359608 0.001944 0.000833994 0.000272156 6.88735e-05 1.41267e-05 2.41132e-06 3.3796e-07 3.56865e-08 2.04623e-09 0 
0 0.000631365 0.00338332 0.00812623 0.0145997 0.0226016 0.0317444 0.0415236 0.051378 0.0608984 0.0707498 0.0799118 0.0852124 0.087602 0.0880446 0.0867276 0.0832647 0.0766976 0.0679075 0.059857 0.0521657 0.0445258 0.0371628 0.030317 0.0241605 0.0187927 0.0142476 0.0105018 0.00748023 0.00506274 0.00312743 0.00164474 0.000683968 0.000218227 5.47533e-05 1.1258e-05 1.93854e-06 2.74896e-07 2.94019e-08 1.70785e-09 0 
0 0.000509807 0.00287795 0.00705438 0.0127203 0.0197099 0.0276941 0.0362337 0.0448312 0.0529851 0.0603404 0.06703 0.0726631 0.0759377 0.0765451 0.0745858 0.0702438 0.0645148 0.0585027 0.0521657 0.0455346 0.0388713 0.0324448 0.0264698 0.0210963 0.016411 0.0124423 0.00916679 0.00651352 0.00437618 0.00266242 0.00137 0.000558371 0.000176449 4.43727e-05 9.21686e-06 1.60909e-06 2.31571e-07 2.51265e-08 1.47908e-09 0 
0 0.000392041 0.00235868 0.0059641 0.0108263 0.0168002 0.0236199 0.0309132 0.0382557 0.0452102 0.05137 0.0564201 0.0601715 0.0624038 0.0628257 0.0614294 0.0585708 0.0546386 0.0498752 0.0445258 0.0388713 0.0331849 0.0277012 0.0226036 0.0180204 0.0140258 0.0106433 0.00784941 0.00557898 0.00374377 0.00227353 0.0011703 0.000479629 0.000153271 3.90994e-05 8.2406e-06 1.45775e-06 2.12157e-07 2.32318e-08 1.37743e-09 0 
0 0.000285247 0.00184832 0.00489228 0.0089919 0.0139913 0.0196893 0.0257813 0.0319139 0.0377222 0.0428616 0.0470379 0.0500309 0.0517041 0.0520068 0.0509856 0.0487778 0.0455802 0.0416248 0.0371628 0.0324448 0.0277012 0.0231282 0.0188803 0.0150688 0.0117658 0.00899893 0.00673093 0.00486833 0.00332476 0.00206319 0.00109487 0.000464027 0.000152252 3.94428e-05 8.36808e-06 1.48197e-06 2.15247e-07 2.34795e-08 1.38517e-09 0 
0 0.00019491 0.00137064 0.00386657 0.00727031 0.0113743 0.0160327 0.0210091 0.0260176 0.0307608 0.0349578 0.0383674 0.0408076 0.0421678 0.0424138 0.0415861 0.0397902 0.0371834 0.0339567 0.030317 0.0264698 0.0226036 0.0188803 0.0154346 0.0123939 0.00990458 0.00805489 0.00665846 0.00528189 0.00373877 0.00229257 0.00120863 0.000521198 0.000173628 4.4926e-05 9.41038e-06 1.63787e-06 2.33578e-07 2.50305e-08 1.45215e-09 0 
0 0.000124075 0.000949599 0.00291016 0.00569187 0.00900873 0.0127399 0.0167156 0.0207145 0.0245009 0.0278508 0.0305723 0.0325202 0.0336061 0.0338032 0.0331435 0.0317116 0.0296332 0.0270609 0.0241605 0.0210963 0.0180204 0.0150688 0.0123939 0.0102927 0.00934601 0.0099783 0.0112146 0.0107827 0.00786713 0.00428054 0.00185662 0.00069717 0.000218417 5.42075e-05 1.09243e-05 1.8379e-06 2.54512e-07 2.65787e-08 1.50717e-09 0 
0 7.29907e-05 0.000605926 0.00204992 0.00426778 0.00691915 0.00985815 0.0129682 0.0160897 0.0190433 0.0216559 0.0237782 0.0252972 0.0261443 0.0262986 0.0257852 0.0246702 0.0230517 0.0210493 0.0187927 0.016411 0.0140258 0.0117658 0.00990458 0.00934601 0.0121626 0.0199372 0.0334216 0.0403896 0.0231326 0.0115945 0.00416137 0.00118305 0.000300259 6.59403e-05 1.22881e-05 1.96586e-06 2.62941e-07 2.67203e-08 1.48075e-09 0 
0 3.93888e-05 0.000351115 0.00132143 0.00300528 0.00509831 0.0073914 0.00978413 0.0121701 0.0144223 0.0164127 0.018029 0.0191857 0.0198311 0.0199491 0.0195593 0.0187119 0.0174819 0.0159607 0.0142476 0.0124423 0.0106433 0.00899893 0.00805489 0.0099783 0.0199372 0.0480669 0.0774956 0.0797308 0.0681618 0.0271827 0.00907816 0.00218562 0.000434899 7.84568e-05 1.28674e-05 1.91945e-06 2.47402e-07 2.45428e-08 1.33454e-09 0 
0 1.93813e-05 0.00018263 0.000760968 0.00192972 0.00352569 0.0053037 0.00713157 0.00892904 0.0106132 0.0120964 0.0132991 0.0141594 0.0146395 0.0147279 0.0144393 0.0138111 0.012899 0.0117711 0.0105018 0.00916679 0.00784941 0.00673093 0.00665846 0.0112146 0.0334216 0.0774956 0.0857719 0.0867398 0.0822891 0.0584851 0.0146287 0.00331648 0.000570794 8.56763e-05 1.20982e-05 1.66028e-06 2.06463e-07 2.01236e-08 1.08107e-09 0 
0 8.6598e-06 8.46465e-05 0.000383718 0.00109066 0.00220586 0.00354477 0.00493727 0.00628868 0.00753707 0.00862646 0.00950524 0.0101323 0.0104821 0.0105472 0.0103387 0.00988344 0.00922173 0.00840256 0.00748023 0.00651352 0.00557898 0.00486833 0.00528189 0.0107827 0.0403896 0.0797308 0.0867398 0.0876921 0.0841834 0.0681408 0.0163993 0.00358784 0.000580791 7.77092e-05 9.72061e-06 1.23958e-06 1.50109e-07 1.45142e-08 7.7703e-10 0 
0 3.50614e-06 3.48789e-05 0.000167658 0.000526315 0.00119203 0.00210631 0.00312821 0.00413948 0.00506847 0.00586992 0.00651024 0.00696439 0.0072173 0.00726544 0.00711714 0.00679148 0.0063164 0.00572653 0.00506274 0.00437618 0.00374377 0.00332476 0.00373877 0.00786713 0.0231326 0.0681618 0.0822891 0.0841834 0.0786071 0.0426437 0.0119377 0.00265158 0.000422827 5.38716e-05 6.33897e-06 7.80673e-07 9.39726e-08 9.12815e-09 4.91705e-10 0 
0 1.2857e-06 1.28015e-05 6.35056e-05 0.000213843 0.00053519 0.00105122 0.00170804 0.00241339 0.00308664 0.00367427 0.00414374 0.00447584 0.00466094 0.00469774 0.00459277 0.00435968 0.00401859 0.00359608 0.00312743 0.00266242 0.00227353 0.00206319 0.00229257 0.00428054 0.0115945 0.0271827 0.0584851 0.0681408 0.0426437 0.0179361 0.00591757 0.0013284 0.000214735 2.74361e-05 3.25689e-06 4.09539e-07 5.03812e-08 4.9852e-09 2.72821e-10 0 
0 4.27182e-07 4.20247e-06 2.10256e-05 7.35312e-05 0.000197081 0.000423262 0.000754867 0.00115828 0.00158074 0.00197229 0.00229632 0.00253022 0.00266264 0.00269091 0.00261944 0.00245888 0.00222594 0.001944 0.00164474 0.00137 0.0011703 0.00109487 0.00120863 0.00185662 0.00416137 0.00907816 0.0146287 0.0163993 0.0119377 0.00591757 0.00197529 0.000455661 7.64326e-05 1.02971e-05 1.32564e-06 1.79663e-07 2.31566e-08 2.36285e-09 1.3252e-10 0 
0 1.2863e-07 1.2391e-06 6.14916e-06 2.17511e-05 6.03569e-05 0.000137148 0.000262459 0.000433588 0.000633231 0.000835602 0.0010148 0.0011505 0.00123006 0.00124851 0.00120769 0.00111547 0.000984977 0.000833994 0.000683968 0.000558371 0.000479629 0.000464027 0.000521198 0.00069717 0.00118305 0.00218562 0.00331648 0.00358784 0.00265158 0.0013284 0.000455661 0.000109876 1.97192e-05 2.98185e-06 4.43978e-07 6.70181e-08 9.17272e-09 9.73335e-10 5.63392e-11 0 
0 3.50617e-08 3.28876e-07 1.60184e-06 5.62956e-06 1.57604e-05 3.67175e-05 7.30405e-05 0.000126512 0.000194139 0.000268187 0.000338266 0.000394193 0.000428327 0.000436851 0.000420079 0.000382081 0.000329849 0.000272156 0.000218227 0.000176449 0.000153271 0.000152252 0.000173628 0.000218417 0.000300259 0.000434899 0.000570794 0.000580791 0.000422827 0.000214735 7.64326e-05 1.97192e-05 3.99929e-06 7.24963e-07 1.28505e-07 2.16256e-08 3.14806e-09 3.48991e-10 2.0956e-11 0 
0 8.6159e-09 7.84543e-08 3.72814e-07 1.28826e-06 3.58082e-06 8.371e-06 1.68768e-05 2.98585e-05 4.70112e-05 6.6679e-05 8.6119e-05 0.000102219 0.00011235 0.000115034 0.000110244 9.93278e-05 8.46151e-05 6.88735e-05 5.47533e-05 4.43727e-05 3.90994e-05 3.94428e-05 4.4926e-05 5.42075e-05 6.59403e-05 7.84568e-05 8.56763e-05 7.77092e-05 5.38716e-05 2.74361e-05 1.02971e-05 2.98185e-06 7.24963e-07 1.60628e-07 3.30742e-08 6.08162e-09 9.37761e-10 1.08845e-10 6.80354e-12 0 
0 1.89051e-09 1.66908e-08 7.71624e-08 2.60758e-07 7.13434e-07 1.65332e-06 3.32703e-06 5.9098e-06 9.38148e-06 1.34453e-05 1.75489e-05 2.10156e-05 2.32384e-05 2.3855e-05 2.28442e-05 2.05138e-05 1.7401e-05 1.41267e-05 1.1258e-05 9.21686e-06 8.2406e-06 8.36808e-06 9.41038e-06 1.09243e-05 1.22881e-05 1.28674e-05 1.20982e-05 9.72061e-06 6.33897e-06 3.25689e-06 1.32564e-06 4.43978e-07 1.28505e-07 3.30742e-08 7.53875e-09 1.48411e-09 2.41401e-10 2.93583e-11 1.91393e-12 0 
0 3.63033e-10 3.10756e-09 1.39643e-08 4.60455e-08 1.23503e-07 2.82014e-07 5.62013e-07 9.93105e-07 1.57401e-06 2.25799e-06 2.95409e-06 3.54741e-06 3.93195e-06 4.04284e-06 3.87496e-06 3.48197e-06 2.95809e-06 2.41132e-06 1.93854e-06 1.60909e-06 1.45775e-06 1.48197e-06 1.63787e-06 1.8379e-06 1.96586e-06 1.91945e-06 1.66028e-06 1.23958e-06 7.80673e-07 4.09539e-07 1.79663e-07 6.70181e-08 2.16256e-08 6.08162e-09 1.48411e-09 3.09144e-10 5.28893e-11 6.73792e-12 4.58438e-13 0 
0 5.84644e-11 4.85601e-10 2.12176e-09 6.82343e-09 1.79159e-08 4.02082e-08 7.90703e-08 1.38389e-07 2.17948e-07 3.11486e-07 4.06774e-07 4.88246e-07 5.41405e-07 5.57275e-07 5.35069e-07 4.82136e-07 4.11468e-07 3.3796e-07 2.74896e-07 2.31571e-07 2.12157e-07 2.15247e-07 2.33578e-07 2.54512e-07 2.62941e-07 2.47402e-07 2.06463e-07 1.50109e-07 9.39726e-08 5.03812e-08 2.31566e-08 9.17272e-09 3.14806e-09 9.37761e-10 2.41401e-10 5.28893e-11 9.49345e-12 1.26551e-12 8.98343e-14 0 
0 7.12944e-12 5.75329e-11 2.44684e-10 7.67899e-10 1.97368e-09 4.35057e-09 8.43163e-09 1.45905e-08 2.27859e-08 3.23744e-08 4.21205e-08 5.0457e-08 5.59225e-08 5.76086e-08 5.54328e-08 5.01395e-08 4.30504e-08 3.56865e-08 2.94019e-08 2.51265e-08 2.32318e-08 2.34795e-08 2.50305e-08 2.65787e-08 2.67203e-08 2.45428e-08 2.01236e-08 1.45142e-08 9.12815e-09 4.9852e-09 2.36285e-09 9.73335e-10 3.48991e-10 1.08845e-10 2.93583e-11 6.73792e-12 1.26551e-12 1.76208e-13 1.30366e-14 0 
0 4.70483e-13 3.69451e-12 1.53159e-11 4.69611e-11 1.18244e-10 2.56086e-10 4.89079e-10 8.36408e-10 1.29438e-09 1.82685e-09 2.36612e-09 2.82703e-09 3.13042e-09 3.22706e-09 3.11254e-09 2.82746e-09 2.44418e-09 2.04623e-09 1.70785e-09 1.47908e-09 1.37743e-09 1.38517e-09 1.45215e-09 1.50717e-09 1.48075e-09 1.33454e-09 1.08107e-09 7.7703e-10 4.91705e-10 2.72821e-10 1.3252e-10 5.63392e-11 2.0956e-11 6.80354e-12 1.91393e-12 4.58438e-13 8.98343e-14 1.30366e-14 1.00367e-15 0 
0 0 0 0 0 0 0 0 0 0 0 0 0 0 0 0 0 0 0 0 0 0 0 0 0 0 0 0 0 0 0 0 0 0 0 0 0 0 0 0 0 
