0 0 0 0 0 0 0 0 0 0 0 0 0 0 0 0 0 0 0 0 0 0 0 0 0 0 0 0 0 0 0 0 0 0 0 0 0 0 0 0 0 
0 2.4482e-07 2.20446e-06 9.91832e-06 3.09411e-05 7.43989e-05 0.000146088 0.000244446 0.00036073 0.000482381 0.000596636 0.000692787 0.000763114 0.000803031 0.000810893 0.000787678 0.000736613 0.000662769 0.000572616 0.000473508 0.000373077 0.000278497 0.000195668 0.000128452 7.82109e-05 4.38618e-05 2.25258e-05 1.05499e-05 4.49575e-06 1.74212e-06 6.14171e-07 1.97142e-07 5.76282e-08 1.53191e-08 3.6864e-09 7.94987e-10 1.50509e-10 2.39599e-11 2.8945e-12 1.89565e-13 0 
0 2.20446e-06 2.04162e-05 9.17809e-05 0.000275506 0.000616304 0.00110467 0.00168403 0.00228722 0.0028594 0.0033611 0.00376464 0.0040514 0.00421086 0.00424042 0.00414492 0.00393578 0.00362958 0.00324649 0.00280886 0.00234035 0.0018656 0.00141015 0.000999474 0.000655851 0.000393341 0.000213214 0.000103661 4.50593e-05 1.75274e-05 6.12295e-06 1.92932e-06 5.5022e-07 1.42181e-07 3.32015e-08 6.94486e-09 1.27583e-09 1.97275e-10 2.31791e-11 1.47871e-12 0 
0 9.91832e-06 9.17809e-05 0.000392547 0.00106627 0.00210749 0.0033687 0.00470512 0.00602135 0.00724745 0.00832174 0.0091899 0.00980958 0.0101546 0.0102172 0.0100074 0.00955146 0.0088878 0.00806279 0.00712575 0.00612433 0.00510107 0.00409229 0.00313055 0.00224998 0.00149008 0.000889883 0.000470131 0.000217154 8.75254e-05 3.09711e-05 9.7157e-06 2.7269e-06 6.88731e-07 1.5663e-07 3.18602e-08 5.69106e-09 8.56231e-10 9.80061e-11 6.09969e-12 0 
0 3.09411e-05 0.000275506 0.00106627 0.00253517 0.00446589 0.00662861 0.00889221 0.0111468 0.0132729 0.015151 0.0166759 0.0177669 0.0183748 0.0184843 0.0181132 0.0173084 0.0161394 0.014691 0.0130542 0.0113187 0.00956498 0.00785872 0.00624688 0.00475935 0.003419 0.00225899 0.00133071 0.0006787 0.00029467 0.000108955 3.47653e-05 9.73486e-06 2.42388e-06 5.39877e-07 1.07222e-07 1.86806e-08 2.74175e-09 3.06412e-10 1.8643e-11 0 
0 7.43989e-05 0.000616304 0.00210749 0.00446589 0.00735227 0.0105842 0.0140146 0.017461 0.0207241 0.0236117 0.025958 0.0276374 0.0285732 0.0287414 0.0281694 0.0269297 0.0251299 0.0229013 0.0203857 0.0177234 0.0150424 0.0124504 0.0100282 0.00782599 0.00586384 0.00414389 0.00267984 0.00152288 0.00073173 0.000291666 9.7096e-05 2.7598e-05 6.84915e-06 1.50484e-06 2.93273e-07 5.00278e-08 7.18545e-09 7.86186e-10 4.68751e-11 0 
0 0.000146088 0.00110467 0.0033687 0.00662861 0.0105842 0.0150677 0.0198568 0.0246792 0.029249 0.0332944 0.0365822 0.0389356 0.040247 0.0404827 0.0396808 0.0379431 0.0354209 0.0322984 0.0287749 0.0250477 0.0212977 0.0176784 0.0143079 0.0112656 0.0085892 0.00627697 0.00430424 0.00266681 0.00141927 0.000621183 0.000220684 6.48322e-05 1.62332e-05 3.54634e-06 6.8197e-07 1.14385e-07 1.61332e-08 1.73333e-09 1.01543e-10 0 
0 0.000244446 0.00168403 0.00470512 0.00889221 0.0140146 0.0198568 0.0261088 0.032408 0.0383785 0.0436648 0.0479635 0.0510479 0.0527744 0.0530858 0.0520282 0.0497462 0.0464454 0.0423644 0.0377609 0.0328922 0.0279954 0.0232718 0.0188781 0.0149218 0.0114605 0.00850291 0.00601357 0.0039403 0.00227706 0.00109361 0.000419948 0.000129429 3.3073e-05 7.24055e-06 1.38153e-06 2.28812e-07 3.18035e-08 3.36554e-09 1.9425e-10 0 
0 0.00036073 0.00228722 0.00602135 0.0111468 0.017461 0.0246792 0.032408 0.0401965 0.0475798 0.0541289 0.0595165 0.0635109 0.0658452 0.0662781 0.064829 0.0618061 0.0576021 0.0525176 0.0468196 0.0407999 0.0347465 0.0289088 0.0234811 0.0185984 0.0143359 0.0107125 0.00769462 0.00520771 0.00318679 0.00165493 0.00068709 0.000224019 5.89311e-05 1.30158e-05 2.47644e-06 4.06616e-07 5.58851e-08 5.8425e-09 3.33133e-10 0 
0 0.000482381 0.0028594 0.00724745 0.0132729 0.0207241 0.029249 0.0383785 0.0475798 0.056319 0.0641958 0.0710093 0.0762453 0.0792009 0.0797407 0.0779585 0.0740236 0.06853 0.0622275 0.0554195 0.0482991 0.0411485 0.0342538 0.027845 0.0220819 0.0170557 0.0127931 0.00926327 0.00638371 0.0040521 0.00223144 0.000992298 0.000342467 9.31702e-05 2.08571e-05 3.9728e-06 6.48901e-07 8.84583e-08 9.16191e-09 5.1742e-10 0 
0 0.000596636 0.0033611 0.00832174 0.015151 0.0236117 0.0332944 0.0436648 0.0541289 0.0641958 0.073674 0.0817106 0.0868632 0.0893747 0.0898316 0.0883933 0.0848412 0.0788654 0.0711892 0.0631155 0.0549504 0.0468206 0.0389893 0.0317109 0.0251674 0.019463 0.0146309 0.0106412 0.00740824 0.00480951 0.00275901 0.00129575 0.000470621 0.000132408 3.01064e-05 5.75606e-06 9.37778e-07 1.27133e-07 1.30785e-08 7.3334e-10 0 
0 0.000692787 0.00376464 0.0091899 0.0166759 0.025958 0.0365822 0.0479635 0.0595165 0.0710093 0.0817106 0.0891265 0.0932837 0.0953086 0.0956946 0.0945564 0.0917281 0.0866987 0.0789094 0.0696134 0.0604008 0.0514377 0.0428423 0.0348564 0.0276778 0.0214213 0.0161244 0.0117578 0.00823348 0.00541816 0.00319288 0.00156046 0.000590577 0.000171137 3.95054e-05 7.59043e-06 1.23584e-06 1.66982e-07 1.71004e-08 9.54133e-10 0 
0 0.000763114 0.0040514 0.00980958 0.0177669 0.0276374 0.0389356 0.0510479 0.0635109 0.0762453 0.0868632 0.0932837 0.0969014 0.0986976 0.0990514 0.0980547 0.0955846 0.0912404 0.0842248 0.0745325 0.0643891 0.0547562 0.0456061 0.037113 0.029479 0.0228265 0.017196 0.0125581 0.00882304 0.00585186 0.00350587 0.00175919 0.000685646 0.00020323 4.75033e-05 9.17147e-06 1.49407e-06 2.01556e-07 2.0589e-08 1.14548e-09 0 
0 0.000803031 0.00421086 0.0101546 0.0183748 0.0285732 0.040247 0.0527744 0.0658452 0.0792009 0.0893747 0.0953086 0.0986976 0.100397 0.100738 0.0998023 0.0974858 0.0934419 0.0869176 0.0773528 0.0666837 0.0566216 0.0471544 0.0383777 0.0304892 0.0236152 0.0177981 0.0130082 0.00915478 0.00609632 0.00368431 0.00187594 0.000743854 0.000223606 5.27056e-05 1.02149e-05 1.66603e-06 2.24728e-07 2.29398e-08 1.27509e-09 0 
0 0.000810893 0.00424042 0.0102172 0.0184843 0.0287414 0.0404827 0.0530858 0.0662781 0.0797407 0.0898316 0.0956946 0.0990514 0.100738 0.101078 0.100152 0.0978581 0.0938594 0.0874138 0.0778857 0.0671208 0.0569733 0.0474472 0.0386185 0.030683 0.023768 0.0179162 0.0130981 0.00922288 0.00614877 0.00372522 0.00190497 0.000759514 0.000229461 5.42813e-05 1.05451e-05 1.72262e-06 2.32642e-07 2.37727e-08 1.32275e-09 0 
0 0.000787678 0.00414492 0.0100074 0.0181132 0.0281694 0.0396808 0.0520282 0.064829 0.0779585 0.0883933 0.0945564 0.0980547 0.0998023 0.100152 0.0991892 0.0968035 0.0926251 0.0858734 0.0761999 0.0657361 0.0558606 0.0465288 0.0378717 0.0300898 0.023308 0.0175684 0.0128416 0.00903807 0.00601768 0.00363482 0.00184949 0.00073341 0.000220791 5.21817e-05 1.01474e-05 1.66115e-06 2.24943e-07 2.3055e-08 1.28694e-09 0 
0 0.000736613 0.00393578 0.00955146 0.0173084 0.0269297 0.0379431 0.0497462 0.0618061 0.0740236 0.0848412 0.0917281 0.0955846 0.0974858 0.0978581 0.0968035 0.0941834 0.0895517 0.0821481 0.0725231 0.0627786 0.0534364 0.0445182 0.0362347 0.0287874 0.0222965 0.0168016 0.0122741 0.00862621 0.00572198 0.0034276 0.00172057 0.000672175 0.000200225 4.71195e-05 9.16759e-06 1.50563e-06 2.04841e-07 2.11098e-08 1.18534e-09 0 
0 0.000662769 0.00362958 0.0088878 0.0161394 0.0251299 0.0354209 0.0464454 0.0576021 0.06853 0.0788654 0.0866987 0.0912404 0.0934419 0.0938594 0.0926251 0.0895517 0.0841277 0.0762326 0.0673855 0.058582 0.0499203 0.0415927 0.0338522 0.0268921 0.0208244 0.0156858 0.011448 0.00802571 0.0052899 0.00312612 0.00153657 0.000587215 0.000172353 4.03474e-05 7.86349e-06 1.29884e-06 1.7809e-07 1.85171e-08 1.04966e-09 0 
0 0.000572616 0.00324649 0.00806279 0.014691 0.0229013 0.0322984 0.0423644 0.0525176 0.0622275 0.0711892 0.0789094 0.0842248 0.0869176 0.0874138 0.0858734 0.0821481 0.0762326 0.0690071 0.0613376 0.0534536 0.045569 0.0379679 0.030901 0.0245456 0.0190034 0.014307 0.0104281 0.00728481 0.0047585 0.00276175 0.00132282 0.000493266 0.000142748 3.33382e-05 6.53507e-06 1.09055e-06 1.51409e-07 1.59568e-08 9.1711e-10 0 
0 0.000473508 0.00280886 0.00712575 0.0130542 0.0203857 0.0287749 0.0377609 0.0468196 0.0554195 0.0631155 0.0696134 0.0745325 0.0773528 0.0778857 0.0761999 0.0725231 0.0673855 0.0613376 0.0546834 0.0476889 0.0406585 0.0338776 0.0275729 0.0219021 0.0169552 0.0127598 0.00928726 0.00645993 0.00417517 0.0023768 0.0011112 0.000406656 0.000116988 2.74869e-05 5.46041e-06 9.26644e-07 1.30986e-07 1.40538e-08 8.21718e-10 0 
0 0.000373077 0.00234035 0.00612433 0.0113187 0.0177234 0.0250477 0.0328922 0.0407999 0.0482991 0.0549504 0.0604008 0.0643891 0.0666837 0.0671208 0.0657361 0.0627786 0.058582 0.0534536 0.0476889 0.0415946 0.0354652 0.0295538 0.0240582 0.0191151 0.0148021 0.0111408 0.00810272 0.00561748 0.00360268 0.00202732 0.000938735 0.000343475 9.99276e-05 2.3924e-05 4.85664e-06 8.4208e-07 1.21419e-07 1.32587e-08 7.87071e-10 0 
0 0.000278497 0.0018656 0.00510107 0.00956498 0.0150424 0.0212977 0.0279954 0.0347465 0.0411485 0.0468206 0.0514377 0.0547562 0.0566216 0.0569733 0.0558606 0.0534364 0.0499203 0.045569 0.0406585 0.0354652 0.0302434 0.0252095 0.0205318 0.0163268 0.0126598 0.00954792 0.00696376 0.00484607 0.00312773 0.00178239 0.000843555 0.0003178 9.53346e-05 2.34491e-05 4.86362e-06 8.57009e-07 1.25014e-07 1.37598e-08 8.2084e-10 0 
0 0.000195668 0.00141015 0.00409229 0.00785872 0.0124504 0.0176784 0.0232718 0.0289088 0.0342538 0.0389893 0.0428423 0.0456061 0.0471544 0.0474472 0.0465288 0.0445182 0.0415927 0.0379679 0.0338776 0.0295538 0.0252095 0.0210257 0.0171438 0.0136646 0.0106515 0.0081254 0.00604733 0.00432762 0.00288987 0.00171981 0.000857926 0.000339887 0.000105655 2.6477e-05 5.52595e-06 9.72472e-07 1.41077e-07 1.54061e-08 9.10668e-10 0 
0 0.000128452 0.000999474 0.00313055 0.00624688 0.0100282 0.0143079 0.0188781 0.0234811 0.027845 0.0317109 0.0348564 0.037113 0.0383777 0.0386185 0.0378717 0.0362347 0.0338522 0.030901 0.0275729 0.0240582 0.0205318 0.0171438 0.0140178 0.0112696 0.0090292 0.00736947 0.00610965 0.00484631 0.00340934 0.00204962 0.00103476 0.000419681 0.000132082 3.28924e-05 6.74744e-06 1.16263e-06 1.65044e-07 1.76492e-08 1.02285e-09 0 
0 7.82109e-05 0.000655851 0.00224998 0.00475935 0.00782599 0.0112656 0.0149218 0.0185984 0.0220819 0.0251674 0.0276778 0.029479 0.0304892 0.030683 0.0300898 0.0287874 0.0268921 0.0245456 0.0219021 0.0191151 0.0163268 0.0136646 0.0112696 0.00941111 0.00861175 0.00925191 0.0104288 0.0100355 0.00731817 0.00396807 0.00169358 0.000606908 0.000178324 4.20926e-05 8.24476e-06 1.3681e-06 1.88202e-07 1.95832e-08 1.10785e-09 0 
0 4.38618e-05 0.000393341 0.00149008 0.003419 0.00586384 0.0085892 0.0114605 0.0143359 0.0170557 0.019463 0.0214213 0.0228265 0.0236152 0.023768 0.023308 0.0222965 0.0208244 0.0190034 0.0169552 0.0148021 0.0126598 0.0106515 0.0090292 0.00861175 0.0113002 0.0185776 0.02752 0.0313393 0.0213537 0.0108084 0.00387013 0.00108125 0.000259911 5.35916e-05 9.58847e-06 1.50465e-06 1.99582e-07 2.01971e-08 1.11621e-09 0 
0 2.25258e-05 0.000213214 0.000889883 0.00225899 0.00414389 0.00627697 0.00850291 0.0107125 0.0127931 0.0146309 0.0161244 0.017196 0.0177981 0.0179162 0.0175684 0.0168016 0.0156858 0.014307 0.0127598 0.0111408 0.00954792 0.0081254 0.00736947 0.00925191 0.0185776 0.0396995 0.0727712 0.0789942 0.0569567 0.0251509 0.00846404 0.0020291 0.000391511 6.63125e-05 1.03052e-05 1.4954e-06 1.90681e-07 1.88304e-08 1.02118e-09 0 
0 1.05499e-05 0.000103661 0.000470131 0.00133071 0.00267984 0.00430424 0.00601357 0.00769462 0.00926327 0.0106412 0.0117578 0.0125581 0.0130082 0.0130981 0.0128416 0.0122741 0.011448 0.0104281 0.00928726 0.00810272 0.00696376 0.00604733 0.00610965 0.0104288 0.02752 0.0727712 0.0876274 0.089504 0.0832705 0.0478275 0.0136372 0.00308891 0.000523034 7.45019e-05 9.90037e-06 1.30986e-06 1.60629e-07 1.55794e-08 8.34835e-10 0 
0 4.49575e-06 4.50593e-05 0.000217154 0.0006787 0.00152288 0.00266681 0.0039403 0.00520771 0.00638371 0.00740824 0.00823348 0.00882304 0.00915478 0.00922288 0.00903807 0.00862621 0.00802571 0.00728481 0.00645993 0.00561748 0.00484607 0.00432762 0.00484631 0.0100355 0.0313393 0.0789942 0.089504 0.0909008 0.0857812 0.057241 0.0150355 0.00334364 0.000535174 6.85881e-05 8.074e-06 9.86485e-07 1.17474e-07 1.12994e-08 6.03519e-10 0 
0 1.74212e-06 1.75274e-05 8.75254e-05 0.00029467 0.00073173 0.00141927 0.00227706 0.00318679 0.0040521 0.00480951 0.00541816 0.00585186 0.00609632 0.00614877 0.00601768 0.00572198 0.0052899 0.0047585 0.00417517 0.00360268 0.00312773 0.00288987 0.00340934 0.00731817 0.0213537 0.0569567 0.0832705 0.0857812 0.0769268 0.0350591 0.0111346 0.00247055 0.000389432 4.77109e-05 5.29651e-06 6.23922e-07 7.37893e-08 7.13103e-09 3.83338e-10 0 
0 6.14171e-07 6.12295e-06 3.09711e-05 0.000108955 0.000291666 0.000621183 0.00109361 0.00165493 0.00223144 0.00275901 0.00319288 0.00350587 0.00368431 0.00372522 0.00363482 0.0034276 0.00312612 0.00276175 0.0023768 0.00202732 0.00178239 0.00171981 0.00204962 0.00396807 0.0108084 0.0251509 0.0478275 0.057241 0.0350591 0.0167303 0.00551853 0.00123576 0.000196671 2.41525e-05 2.71204e-06 3.27176e-07 3.96163e-08 3.90285e-09 2.13221e-10 0 
0 1.97142e-07 1.92932e-06 9.7157e-06 3.47653e-05 9.7096e-05 0.000220684 0.000419948 0.00068709 0.000992298 0.00129575 0.00156046 0.00175919 0.00187594 0.00190497 0.00184949 0.00172057 0.00153657 0.00132282 0.0011112 0.000938735 0.000843555 0.000857926 0.00103476 0.00169358 0.00387013 0.00846404 0.0136372 0.0150355 0.0111346 0.00551853 0.00183995 0.000421451 6.91334e-05 8.92777e-06 1.09128e-06 1.42974e-07 1.82114e-08 1.85224e-09 1.03741e-10 0 
0 5.76282e-08 5.5022e-07 2.7269e-06 9.73486e-06 2.7598e-05 6.48322e-05 0.000129429 0.000224019 0.000342467 0.000470621 0.000590577 0.000685646 0.000743854 0.000759514 0.00073341 0.000672175 0.000587215 0.000493266 0.000406656 0.000343475 0.0003178 0.000339887 0.000419681 0.000606908 0.00108125 0.0020291 0.00308891 0.00334364 0.00247055 0.00123576 0.000421451 0.000100097 1.74416e-05 2.52278e-06 3.59673e-07 5.30663e-08 7.21122e-09 7.63602e-10 4.41534e-11 0 
0 1.53191e-08 1.42181e-07 6.88731e-07 2.42388e-06 6.84915e-06 1.62332e-05 3.3073e-05 5.89311e-05 9.31702e-05 0.000132408 0.000171137 0.00020323 0.000223606 0.000229461 0.000220791 0.000200225 0.000172353 0.000142748 0.000116988 9.99276e-05 9.53346e-05 0.000105655 0.000132082 0.000178324 0.000259911 0.000391511 0.000523034 0.000535174 0.000389432 0.000196671 6.91334e-05 1.74416e-05 3.41789e-06 5.95367e-07 1.02567e-07 1.7056e-08 2.47402e-09 2.73927e-10 1.64357e-11 0 
0 3.6864e-09 3.32015e-08 1.5663e-07 5.39877e-07 1.50484e-06 3.54634e-06 7.24055e-06 1.30158e-05 2.08571e-05 3.01064e-05 3.95054e-05 4.75033e-05 5.27056e-05 5.42813e-05 5.21817e-05 4.71195e-05 4.03474e-05 3.33382e-05 2.74869e-05 2.3924e-05 2.34491e-05 2.6477e-05 3.28924e-05 4.20926e-05 5.35916e-05 6.63125e-05 7.45019e-05 6.85881e-05 4.77109e-05 2.41525e-05 8.92777e-06 2.52278e-06 5.95367e-07 1.28687e-07 2.61518e-08 4.78598e-09 7.36836e-10 8.54598e-11 5.33863e-12 0 
0 7.94987e-10 6.94486e-09 3.18602e-08 1.07222e-07 2.93273e-07 6.8197e-07 1.38153e-06 2.47644e-06 3.9728e-06 5.75606e-06 7.59043e-06 9.17147e-06 1.02149e-05 1.05451e-05 1.01474e-05 9.16759e-06 7.86349e-06 6.53507e-06 5.46041e-06 4.85664e-06 4.86362e-06 5.52595e-06 6.74744e-06 8.24476e-06 9.58847e-06 1.03052e-05 9.90037e-06 8.074e-06 5.29651e-06 2.71204e-06 1.09128e-06 3.59673e-07 1.02567e-07 2.61518e-08 5.93601e-09 1.1668e-09 1.89659e-10 2.30545e-11 1.5023e-12 0 
0 1.50509e-10 1.27583e-09 5.69106e-09 1.86806e-08 5.00278e-08 1.14385e-07 2.28812e-07 4.06616e-07 6.48901e-07 9.37778e-07 1.23584e-06 1.49407e-06 1.66603e-06 1.72262e-06 1.66115e-06 1.50563e-06 1.29884e-06 1.09055e-06 9.26644e-07 8.4208e-07 8.57009e-07 9.72472e-07 1.16263e-06 1.3681e-06 1.50465e-06 1.4954e-06 1.30986e-06 9.86485e-07 6.23922e-07 3.27176e-07 1.42974e-07 5.30663e-08 1.7056e-08 4.78598e-09 1.1668e-09 2.42935e-10 4.15485e-11 5.29147e-12 3.59904e-13 0 
0 2.39599e-11 1.97275e-10 8.56231e-10 2.74175e-09 7.18545e-09 1.61332e-08 3.18035e-08 5.58851e-08 8.84583e-08 1.27133e-07 1.66982e-07 2.01556e-07 2.24728e-07 2.32642e-07 2.24943e-07 2.04841e-07 1.7809e-07 1.51409e-07 1.30986e-07 1.21419e-07 1.25014e-07 1.41077e-07 1.65044e-07 1.88202e-07 1.99582e-07 1.90681e-07 1.60629e-07 1.17474e-07 7.37893e-08 3.96163e-08 1.82114e-08 7.21122e-09 2.47402e-09 7.36836e-10 1.89659e-10 4.15485e-11 7.4567e-12 9.93813e-13 7.05305e-14 0 
0 2.8945e-12 2.31791e-11 9.80061e-11 3.06412e-10 7.86186e-10 1.73333e-09 3.36554e-09 5.8425e-09 9.16191e-09 1.30785e-08 1.71004e-08 2.0589e-08 2.29398e-08 2.37727e-08 2.3055e-08 2.11098e-08 1.85171e-08 1.59568e-08 1.40538e-08 1.32587e-08 1.37598e-08 1.54061e-08 1.76492e-08 1.95832e-08 2.01971e-08 1.88304e-08 1.55794e-08 1.12994e-08 7.13103e-09 3.90285e-09 1.85224e-09 7.63602e-10 2.73927e-10 8.54598e-11 2.30545e-11 5.29147e-12 9.93813e-13 1.38363e-13 1.02351e-14 0 
0 1.89565e-13 1.47871e-12 6.09969e-12 1.8643e-11 4.68751e-11 1.01543e-10 1.9425e-10 3.33133e-10 5.1742e-10 7.3334e-10 9.54133e-10 1.14548e-09 1.27509e-09 1.32275e-09 1.28694e-09 1.18534e-09 1.04966e-09 9.1711e-10 8.21718e-10 7.87071e-10 8.2084e-10 9.10668e-10 1.02285e-09 1.10785e-09 1.11621e-09 1.02118e-09 8.34835e-10 6.03519e-10 3.83338e-10 2.13221e-10 1.03741e-10 4.41534e-11 1.64357e-11 5.33863e-12 1.5023e-12 3.59904e-13 7.05305e-14 1.02351e-14 7.87933e-16 0 
0 0 0 0 0 0 0 0 0 0 0 0 0 0 0 0 0 0 0 0 0 0 0 0 0 0 0 0 0 0 0 0 0 0 0 0 0 0 0 0 0 
