0 0 0 0 0 0 0 0 0 0 0 0 0 0 0 0 0 0 0 0 0 0 0 0 0 0 0 0 0 0 0 0 0 0 0 0 0 0 0 0 0 
0 1.9914e-07 1.7999e-06 8.1583e-06 2.57345e-05 6.27377e-05 0.000125024 0.000212183 0.000317039 0.000428317 0.000533997 0.000623669 0.00068965 0.000727275 0.000734787 0.000713046 0.000665165 0.000596092 0.000512142 0.000420452 0.000328329 0.000242495 0.000168286 0.000108959 6.53532e-05 3.60782e-05 1.82357e-05 8.40918e-06 3.53163e-06 1.35045e-06 4.70499e-07 1.49479e-07 4.3312e-08 1.14279e-08 2.7329e-09 5.86316e-10 1.1053e-10 1.75341e-11 2.11219e-12 1.38008e-13 0 
0 1.7999e-06 1.67684e-05 7.63111e-05 0.000233321 0.000533393 0.000976528 0.0015156 0.00208697 0.00263506 0.0031187 0.00350906 0.00378704 0.00394194 0.00397101 0.00387888 0.00367663 0.00338046 0.00301026 0.00258834 0.00213862 0.00168626 0.00125715 0.000876268 0.000563988 0.00033114 0.000175594 8.35624e-05 3.56147e-05 1.3617e-05 4.68829e-06 1.4597e-06 4.12268e-07 1.05703e-07 2.45288e-08 5.10507e-09 9.34102e-10 1.43976e-10 1.6874e-11 1.0743e-12 0 
0 8.1583e-06 7.63111e-05 0.000333249 0.000930816 0.00189091 0.00308744 0.00437405 0.00564768 0.00683511 0.00787521 0.00871545 0.0093152 0.00964941 0.00971053 0.00950835 0.00906798 0.00842639 0.0076281 0.00672048 0.00574951 0.00475683 0.00377934 0.00285198 0.00201242 0.00130207 0.000756756 0.000388437 0.000174519 6.86544e-05 2.38176e-05 7.35759e-06 2.04107e-06 5.10986e-07 1.15435e-07 2.33622e-08 4.15702e-09 6.23589e-10 7.12157e-11 4.42452e-12 0 
0 2.57345e-05 0.000233321 0.000930816 0.00228655 0.00412675 0.00621377 0.00840187 0.0105796 0.0126321 0.0144449 0.0159167 0.0169702 0.0175576 0.0176642 0.0173069 0.016531 0.0154034 0.0140055 0.0124252 0.0107484 0.00905221 0.0073994 0.00583553 0.00439218 0.00309839 0.00199594 0.00113898 0.000560991 0.000235605 8.47243e-05 2.64675e-05 7.29924e-06 1.79801e-06 3.97446e-07 7.85081e-08 1.36246e-08 1.994e-09 2.22378e-10 1.3509e-11 0 
0 6.27377e-05 0.000533393 0.00189091 0.00412675 0.00690765 0.0100267 0.0133349 0.0166579 0.0198043 0.0225894 0.024853 0.0264739 0.0273777 0.0275413 0.0269907 0.0257957 0.0240602 0.0219106 0.0194838 0.0169149 0.014327 0.0118233 0.00948088 0.00734704 0.00544232 0.00377597 0.00237583 0.00130236 0.000601295 0.000231002 7.46955e-05 2.07978e-05 5.09054e-06 1.10823e-06 2.14657e-07 3.64641e-08 5.22219e-09 5.70219e-10 3.39488e-11 0 
0 0.000125024 0.000976528 0.00308744 0.00621377 0.0100267 0.0143469 0.0189615 0.0236094 0.0280153 0.031917 0.0350892 0.0373608 0.0386275 0.0388565 0.0380845 0.0364094 0.033977 0.0309652 0.0275662 0.0239705 0.0203526 0.0168599 0.013606 0.0106659 0.00807443 0.00583035 0.00391819 0.00235334 0.00120235 0.000503807 0.000172376 4.92686e-05 1.21149e-05 2.61645e-06 4.99503e-07 8.33883e-08 1.17251e-08 1.25712e-09 7.35404e-11 0 
0 0.000212183 0.0015156 0.00437405 0.00840187 0.0133349 0.0189615 0.024985 0.0310567 0.0368139 0.0419133 0.0460601 0.0490322 0.0506923 0.050993 0.0499807 0.0477875 0.044607 0.0406707 0.0362294 0.0315321 0.0268078 0.0222504 0.0180108 0.0141917 0.0108471 0.00798334 0.00556707 0.00356056 0.0019832 0.000909857 0.000334143 9.9463e-05 2.48317e-05 5.35866e-06 1.01354e-06 1.66961e-07 2.31277e-08 2.44206e-09 1.40742e-10 0 
0 0.000317039 0.00208697 0.00564768 0.0105796 0.0166579 0.0236094 0.0310567 0.0385653 0.045686 0.0519972 0.0571526 0.0608983 0.0630325 0.0634247 0.0621147 0.0593235 0.0553439 0.050462 0.0449676 0.0391591 0.0333182 0.0276856 0.0224488 0.0177371 0.013622 0.0101198 0.0071954 0.00478146 0.00283661 0.0014096 0.000557435 0.000174378 4.45754e-05 9.6724e-06 1.82109e-06 2.97147e-07 4.06839e-08 4.2431e-09 2.4156e-10 0 
0 0.000428317 0.00263506 0.00683511 0.0126321 0.0198043 0.0280153 0.0368139 0.045686 0.0541055 0.0616158 0.0678972 0.0726164 0.0753382 0.0758419 0.0741794 0.070623 0.0656696 0.059782 0.0532616 0.0463959 0.0394954 0.0328421 0.0266581 0.0210974 0.0162467 0.0121302 0.00871505 0.00592133 0.00366361 0.00193778 0.000819803 0.000270108 7.1043e-05 1.55719e-05 2.92973e-06 4.75102e-07 6.44892e-08 6.66179e-09 3.75593e-10 0 
0 0.000533997 0.0031187 0.00787521 0.0144449 0.0225894 0.031917 0.0419133 0.0519972 0.0616158 0.0703777 0.0778183 0.0830604 0.0857923 0.0862872 0.0846878 0.0809315 0.0751763 0.0681908 0.0606423 0.0528132 0.0449713 0.0374132 0.0303893 0.0240751 0.0185705 0.0139057 0.0100493 0.00691622 0.00439487 0.00243128 0.00108708 0.000375723 0.000101761 2.25848e-05 4.25756e-06 6.88054e-07 9.28376e-08 9.52312e-09 5.33016e-10 0 
0 0.000623669 0.00350906 0.00871545 0.0159167 0.024853 0.0350892 0.0460601 0.0571526 0.0678972 0.0778183 0.0855369 0.090239 0.0925479 0.0929759 0.0916577 0.0884277 0.0829163 0.07529 0.066749 0.058052 0.0494302 0.041135 0.0334274 0.0264996 0.0204619 0.0153493 0.0111307 0.00771812 0.00498572 0.00284296 0.00132484 0.000476316 0.00013245 2.97674e-05 5.63085e-06 9.08696e-07 1.22152e-07 1.24711e-08 6.9451e-10 0 
0 0.00068965 0.00378704 0.0093152 0.0169702 0.0264739 0.0373608 0.0490322 0.0608983 0.0726164 0.0830604 0.090239 0.094383 0.0964292 0.0968197 0.0956656 0.0928286 0.0878981 0.0804395 0.071266 0.0618442 0.0526336 0.0438074 0.0356092 0.0282411 0.0218208 0.0163862 0.0119065 0.0082917 0.00540836 0.00314296 0.00150609 0.00055724 0.000158172 3.59291e-05 6.82189e-06 1.10087e-06 1.47712e-07 1.50407e-08 8.3516e-10 0 
0 0.000727275 0.00394194 0.00964941 0.0175576 0.0273777 0.0386275 0.0506923 0.0630325 0.0753382 0.0857923 0.0925479 0.0964292 0.09836 0.098735 0.0976539 0.0949961 0.0903816 0.0832266 0.0738636 0.0639972 0.0544336 0.0453078 0.0368352 0.0292205 0.0225858 0.0169706 0.0123443 0.00861578 0.00564805 0.00331578 0.00161412 0.000607528 0.000174713 3.99808e-05 7.61568e-06 1.23007e-06 1.65008e-07 1.67897e-08 9.31438e-10 0 
0 0.000734787 0.00397101 0.00971053 0.0176642 0.0275413 0.0388565 0.050993 0.0634247 0.0758419 0.0862872 0.0929759 0.0968197 0.098735 0.0991088 0.0980395 0.0954094 0.0908452 0.083748 0.0743623 0.0644104 0.0547787 0.0455973 0.0370737 0.029413 0.022738 0.0170888 0.0124348 0.008685 0.0057019 0.00335746 0.00164237 0.000621724 0.000179687 4.12631e-05 7.87807e-06 1.27451e-06 1.71192e-07 1.74395e-08 9.68651e-10 0 
0 0.000713046 0.00387888 0.00950835 0.0173069 0.0269907 0.0380845 0.0499807 0.0621147 0.0741794 0.0846878 0.0916577 0.0956656 0.0976539 0.0980395 0.0969278 0.0941911 0.0894352 0.0821257 0.0728117 0.0631309 0.0537183 0.0447185 0.0363599 0.0288469 0.0222998 0.0167581 0.0121915 0.00851 0.0055783 0.00327383 0.00159351 0.000600324 0.000173042 3.97307e-05 7.5973e-06 1.23218e-06 1.66009e-07 1.69683e-08 9.45867e-10 0 
0 0.000665165 0.00367663 0.00906798 0.016531 0.0257957 0.0364094 0.0477875 0.0593235 0.070623 0.0809315 0.0884277 0.0928286 0.0949961 0.0954094 0.0941911 0.0911924 0.0860021 0.0784029 0.0694639 0.0603548 0.051393 0.0427857 0.0347875 0.0275972 0.0213303 0.0160241 0.0116487 0.00811613 0.00529612 0.00307952 0.00147831 0.00054927 0.000156951 3.59421e-05 6.88441e-06 1.12116e-06 1.51871e-07 1.56191e-08 8.76447e-10 0 
0 0.000596092 0.00338046 0.00842639 0.0154034 0.0240602 0.033977 0.044607 0.0553439 0.0656696 0.0751763 0.0829163 0.0878981 0.0903816 0.0908452 0.0894352 0.0860021 0.0803287 0.0728917 0.0647303 0.0563558 0.0480098 0.0399699 0.0324963 0.0257764 0.0199178 0.0149547 0.0108576 0.00754123 0.00488383 0.00279777 0.00131491 0.000478852 0.000135225 3.08849e-05 5.93726e-06 9.73863e-07 1.33119e-07 1.38295e-08 7.84348e-10 0 
0 0.000512142 0.00301026 0.0076281 0.0140055 0.0219106 0.0309652 0.0406707 0.050462 0.059782 0.0681908 0.07529 0.0804395 0.0832266 0.083748 0.0821257 0.0784029 0.0728917 0.0662606 0.0590072 0.0514263 0.0438173 0.0364795 0.0296573 0.0235219 0.0181707 0.0136339 0.00988201 0.00683339 0.00437952 0.00246104 0.00112802 0.000402189 0.00011247 2.57221e-05 4.98742e-06 8.28352e-07 1.14874e-07 1.21176e-08 6.97961e-10 0 
0 0.000420452 0.00258834 0.00672048 0.0124252 0.0194838 0.0275662 0.0362294 0.0449676 0.0532616 0.0606423 0.066749 0.071266 0.0738636 0.0743623 0.0728117 0.0694639 0.0647303 0.0590072 0.0526153 0.0458691 0.0390845 0.0325405 0.026456 0.0209829 0.0162074 0.0121543 0.00879387 0.00604999 0.0038327 0.00211265 0.000947875 0.000333501 9.32598e-05 2.15614e-05 4.25243e-06 7.20299e-07 1.01935e-07 1.09674e-08 6.43598e-10 0 
0 0.000328329 0.00213862 0.00574951 0.0107484 0.0169149 0.0239705 0.0315321 0.0391591 0.0463959 0.0528132 0.058052 0.0618442 0.0639972 0.0644104 0.0631309 0.0603548 0.0563558 0.0514263 0.0458691 0.039991 0.0340788 0.0283772 0.0230766 0.0183088 0.0141472 0.0106113 0.00767137 0.00526019 0.00330896 0.00180821 0.000808318 0.000286521 8.1589e-05 1.932e-05 3.9074e-06 6.77776e-07 9.79765e-08 1.07365e-08 6.39814e-10 0 
0 0.000242495 0.00168626 0.00475683 0.00905221 0.014327 0.0203526 0.0268078 0.0333182 0.0394954 0.0449713 0.0494302 0.0526336 0.0544336 0.0547787 0.0537183 0.051393 0.0480098 0.0438173 0.0390845 0.0340788 0.0290462 0.0241954 0.0196886 0.0156375 0.012104 0.00910264 0.00660581 0.00455573 0.00289547 0.00161283 0.000742988 0.000273249 8.06625e-05 1.96827e-05 4.07243e-06 7.17998e-07 1.04943e-07 1.15795e-08 6.92566e-10 0 
0 0.000168286 0.00125715 0.00377934 0.0073994 0.0118233 0.0168599 0.0222504 0.0276856 0.0328421 0.0374132 0.041135 0.0438074 0.0453078 0.0455973 0.0447185 0.0427857 0.0399699 0.0364795 0.0325405 0.0283772 0.0241954 0.0201699 0.016437 0.0130931 0.0101981 0.00777061 0.00577112 0.0041122 0.00272246 0.00159616 0.000780271 0.00030292 9.27658e-05 2.3052e-05 4.79367e-06 8.42812e-07 1.2231e-07 1.33682e-08 7.91e-10 0 
0 0.000108959 0.000876268 0.00285198 0.00583553 0.00948088 0.013606 0.0180108 0.0224488 0.0266581 0.0303893 0.0334274 0.0356092 0.0368352 0.0370737 0.0363599 0.0347875 0.0324963 0.0296573 0.026456 0.0230766 0.0196886 0.016437 0.0134411 0.010812 0.00867314 0.00709083 0.00588668 0.00466968 0.00327686 0.00195501 0.000971877 0.000386243 0.000119416 2.94018e-05 5.99629e-06 1.03057e-06 1.46156e-07 1.56249e-08 9.05508e-10 0 
0 6.53532e-05 0.000563988 0.00201242 0.00439218 0.00734704 0.0106659 0.0141917 0.0177371 0.0210974 0.0240751 0.0264996 0.0282411 0.0292205 0.029413 0.0288469 0.0275972 0.0257764 0.0235219 0.0209829 0.0183088 0.0156375 0.0130931 0.010812 0.00905245 0.00831297 0.00895627 0.010109 0.00973141 0.00709474 0.00384113 0.00162893 0.000574026 0.000165032 3.83165e-05 7.43727e-06 1.229e-06 1.68764e-07 1.75455e-08 9.92072e-10 0 
0 3.60782e-05 0.00033114 0.00130207 0.00309839 0.00544232 0.00807443 0.0108471 0.013622 0.0162467 0.0185705 0.0204619 0.0218208 0.0225858 0.022738 0.0222998 0.0213303 0.0199178 0.0181707 0.0162074 0.0141472 0.012104 0.0101981 0.00867314 0.00831297 0.0109492 0.0180243 0.026414 0.0291928 0.0207237 0.0104884 0.00375169 0.00104111 0.000245519 4.95369e-05 8.7396e-06 1.36261e-06 1.80276e-07 1.82224e-08 1.00639e-09 0 
0 1.82357e-05 0.000175594 0.000756756 0.00199594 0.00377597 0.00583035 0.00798334 0.0101198 0.0121302 0.0139057 0.0153493 0.0163862 0.0169706 0.0170888 0.0167581 0.0160241 0.0149547 0.0136339 0.0121543 0.0106113 0.00910264 0.00777061 0.00709083 0.00895627 0.0180243 0.0381021 0.0691797 0.0769787 0.0531574 0.0244113 0.00821407 0.00196567 0.000375063 6.21528e-05 9.47643e-06 1.36169e-06 1.72997e-07 1.70606e-08 9.24518e-10 0 
0 8.40918e-06 8.35624e-05 0.000388437 0.00113898 0.00237583 0.00391819 0.00556707 0.0071954 0.00871505 0.0100493 0.0111307 0.0119065 0.0123443 0.0124348 0.0121915 0.0116487 0.0108576 0.00988201 0.00879387 0.00767137 0.00660581 0.00577112 0.00588668 0.010109 0.026414 0.0691797 0.0876296 0.0898408 0.0828686 0.0443918 0.0132365 0.00299634 0.000504302 7.05442e-05 9.17503e-06 1.19775e-06 1.46144e-07 1.41516e-08 7.57765e-10 0 
0 3.53163e-06 3.56147e-05 0.000174519 0.000560991 0.00130236 0.00235334 0.00356056 0.00478146 0.00592133 0.00691622 0.00771812 0.0082917 0.00861578 0.008685 0.00851 0.00811613 0.00754123 0.00683339 0.00604999 0.00526019 0.00455573 0.0041122 0.00466968 0.00973141 0.0291928 0.0769787 0.0898408 0.0915005 0.0857635 0.0531688 0.0145925 0.00324429 0.00051709 6.52953e-05 7.52345e-06 9.04784e-07 1.07075e-07 1.02806e-08 5.48714e-10 0 
0 1.35045e-06 1.3617e-05 6.86544e-05 0.000235605 0.000601295 0.00120235 0.0019832 0.00283661 0.00366361 0.00439487 0.00498572 0.00540836 0.00564805 0.0057019 0.0055783 0.00529612 0.00488383 0.00437952 0.0038327 0.00330896 0.00289547 0.00272246 0.00327686 0.00709474 0.0207237 0.0531574 0.0828686 0.0857635 0.0741346 0.0333361 0.0108077 0.00239692 0.00037624 4.54813e-05 4.9463e-06 5.73099e-07 6.73276e-08 6.49475e-09 3.48909e-10 0 
0 4.70499e-07 4.68829e-06 2.38176e-05 8.47243e-05 0.000231002 0.000503807 0.000909857 0.0014096 0.00193778 0.00243128 0.00284296 0.00314296 0.00331578 0.00335746 0.00327383 0.00307952 0.00279777 0.00246104 0.00211265 0.00180821 0.00161283 0.00159616 0.00195501 0.00384113 0.0104884 0.0244113 0.0443918 0.0531688 0.0333361 0.0162395 0.00535612 0.00119822 0.000189655 2.29787e-05 2.52965e-06 3.00452e-07 3.61611e-08 3.55684e-09 1.94211e-10 0 
0 1.49479e-07 1.4597e-06 7.35759e-06 2.64675e-05 7.46955e-05 0.000172376 0.000334143 0.000557435 0.000819803 0.00108708 0.00132484 0.00150609 0.00161412 0.00164237 0.00159351 0.00147831 0.00131491 0.00112802 0.000947875 0.000808318 0.000742988 0.000780271 0.000971877 0.00162893 0.00375169 0.00821407 0.0132365 0.0145925 0.0108077 0.00535612 0.00178495 0.000407807 6.63897e-05 8.44954e-06 1.01357e-06 1.3109e-07 1.66222e-08 1.68866e-09 9.45384e-11 0 
0 4.3312e-08 4.12268e-07 2.04107e-06 7.29924e-06 2.07978e-05 4.92686e-05 9.9463e-05 0.000174378 0.000270108 0.000375723 0.000476316 0.00055724 0.000607528 0.000621724 0.000600324 0.00054927 0.000478852 0.000402189 0.000333501 0.000286521 0.000273249 0.00030292 0.000386243 0.000574026 0.00104111 0.00196567 0.00299634 0.00324429 0.00239692 0.00119822 0.000407807 9.63598e-05 1.66229e-05 2.3669e-06 3.32033e-07 4.85582e-08 6.5806e-09 6.96318e-10 4.025e-11 0 
0 1.14279e-08 1.05703e-07 5.10986e-07 1.79801e-06 5.09054e-06 1.21149e-05 2.48317e-05 4.45754e-05 7.1043e-05 0.000101761 0.00013245 0.000158172 0.000174713 0.000179687 0.000173042 0.000156951 0.000135225 0.00011247 9.32598e-05 8.1589e-05 8.06625e-05 9.27658e-05 0.000119416 0.000165032 0.000245519 0.000375063 0.000504302 0.00051709 0.00037624 0.000189655 6.63897e-05 1.66229e-05 3.21844e-06 5.52462e-07 9.41407e-08 1.55824e-08 2.25727e-09 2.49824e-10 1.4986e-11 0 
0 2.7329e-09 2.45288e-08 1.15435e-07 3.97446e-07 1.10823e-06 2.61645e-06 5.35866e-06 9.6724e-06 1.55719e-05 2.25848e-05 2.97674e-05 3.59291e-05 3.99808e-05 4.12631e-05 3.97307e-05 3.59421e-05 3.08849e-05 2.57221e-05 2.15614e-05 1.932e-05 1.96827e-05 2.3052e-05 2.94018e-05 3.83165e-05 4.95369e-05 6.21528e-05 7.05442e-05 6.52953e-05 4.54813e-05 2.29787e-05 8.44954e-06 2.3669e-06 5.52462e-07 1.18284e-07 2.39152e-08 4.36869e-09 6.7222e-10 7.7947e-11 4.86845e-12 0 
0 5.86316e-10 5.10507e-09 2.33622e-08 7.85081e-08 2.14657e-07 4.99503e-07 1.01354e-06 1.82109e-06 2.92973e-06 4.25756e-06 5.63085e-06 6.82189e-06 7.61568e-06 7.87807e-06 7.5973e-06 6.88441e-06 5.93726e-06 4.98742e-06 4.25243e-06 3.9074e-06 4.07243e-06 4.79367e-06 5.99629e-06 7.43727e-06 8.7396e-06 9.47643e-06 9.17503e-06 7.52345e-06 4.9463e-06 2.52965e-06 1.01357e-06 3.32033e-07 9.41407e-08 2.39152e-08 5.41951e-09 1.06467e-09 1.7302e-10 2.10288e-11 1.37011e-12 0 
0 1.1053e-10 9.34102e-10 4.15702e-09 1.36246e-08 3.64641e-08 8.33883e-08 1.66961e-07 2.97147e-07 4.75102e-07 6.88054e-07 9.08696e-07 1.10087e-06 1.23007e-06 1.27451e-06 1.23218e-06 1.12116e-06 9.73863e-07 8.28352e-07 7.20299e-07 6.77776e-07 7.17998e-07 8.42812e-07 1.03057e-06 1.229e-06 1.36261e-06 1.36169e-06 1.19775e-06 9.04784e-07 5.73099e-07 3.00452e-07 1.3109e-07 4.85582e-08 1.55824e-08 4.36869e-09 1.06467e-09 2.21636e-10 3.7902e-11 4.82661e-12 3.28253e-13 0 
0 1.75341e-11 1.43976e-10 6.23589e-10 1.994e-09 5.22219e-09 1.17251e-08 2.31277e-08 4.06839e-08 6.44892e-08 9.28376e-08 1.22152e-07 1.47712e-07 1.65008e-07 1.71192e-07 1.66009e-07 1.51871e-07 1.33119e-07 1.14874e-07 1.01935e-07 9.79765e-08 1.04943e-07 1.2231e-07 1.46156e-07 1.68764e-07 1.80276e-07 1.72997e-07 1.46144e-07 1.07075e-07 6.73276e-08 3.61611e-08 1.66222e-08 6.5806e-09 2.25727e-09 6.7222e-10 1.7302e-10 3.7902e-11 6.80195e-12 9.06496e-13 6.43291e-14 0 
0 2.11219e-12 1.6874e-11 7.12157e-11 2.22378e-10 5.70219e-10 1.25712e-09 2.44206e-09 4.2431e-09 6.66179e-09 9.52312e-09 1.24711e-08 1.50407e-08 1.67897e-08 1.74395e-08 1.69683e-08 1.56191e-08 1.38295e-08 1.21176e-08 1.09674e-08 1.07365e-08 1.15795e-08 1.33682e-08 1.56249e-08 1.75455e-08 1.82224e-08 1.70606e-08 1.41516e-08 1.02806e-08 6.49475e-09 3.55684e-09 1.68866e-09 6.96318e-10 2.49824e-10 7.7947e-11 2.10288e-11 4.82661e-12 9.06496e-13 1.26203e-13 9.33518e-15 0 
0 1.38008e-13 1.0743e-12 4.42452e-12 1.3509e-11 3.39488e-11 7.35404e-11 1.40742e-10 2.4156e-10 3.75593e-10 5.33016e-10 6.9451e-10 8.3516e-10 9.31438e-10 9.68651e-10 9.45867e-10 8.76447e-10 7.84348e-10 6.97961e-10 6.43598e-10 6.39814e-10 6.92566e-10 7.91e-10 9.05508e-10 9.92072e-10 1.00639e-09 9.24518e-10 7.57765e-10 5.48714e-10 3.48909e-10 1.94211e-10 9.45384e-11 4.025e-11 1.4986e-11 4.86845e-12 1.37011e-12 3.28253e-13 6.43291e-14 9.33518e-15 7.18637e-16 0 
0 0 0 0 0 0 0 0 0 0 0 0 0 0 0 0 0 0 0 0 0 0 0 0 0 0 0 0 0 0 0 0 0 0 0 0 0 0 0 0 0 
