0 0 0 0 0 0 0 0 0 0 0 0 0 0 0 0 0 0 0 0 0 0 0 0 0 0 0 0 0 0 0 0 0 0 0 0 0 0 0 0 0 
0 8.29428e-16 7.95068e-15 4.05049e-14 1.53316e-13 4.77437e-13 1.27717e-12 2.99834e-12 6.24984e-12 1.1645e-11 1.94758e-11 2.93184e-11 3.98094e-11 4.88442e-11 5.42489e-11 5.46432e-11 5.00209e-11 4.17102e-11 3.1763e-11 2.21515e-11 1.41903e-11 8.37653e-12 4.57143e-12 2.31427e-12 1.09047e-12 4.79839e-13 1.9781e-13 7.66271e-14 2.79692e-14 9.6416e-15 3.14443e-15 9.71044e-16 2.83833e-16 7.83358e-17 2.02978e-17 4.88165e-18 1.06588e-18 2.01996e-19 2.99181e-20 2.46721e-21 0 
0 7.95068e-15 7.88943e-14 4.16224e-13 1.63099e-12 5.25287e-12 1.45094e-11 3.50969e-11 7.51779e-11 1.43502e-10 2.45033e-10 3.75218e-10 5.16262e-10 6.39333e-10 7.1388e-10 7.20137e-10 6.57761e-10 5.45366e-10 4.11634e-10 2.83727e-10 1.79195e-10 1.04074e-10 5.57918e-11 2.77118e-11 1.28024e-11 5.52198e-12 2.23188e-12 8.48255e-13 3.04122e-13 1.03142e-13 3.31611e-14 1.01198e-14 2.93112e-15 8.03985e-16 2.07666e-16 4.99306e-17 1.09267e-17 2.07951e-18 3.09678e-19 2.56862e-20 0 
0 4.05049e-14 4.16224e-13 2.27532e-12 9.23678e-12 3.07918e-11 8.78989e-11 2.19262e-10 4.8304e-10 9.45355e-10 1.64928e-09 2.57074e-09 3.58621e-09 4.48476e-09 5.03658e-09 5.08999e-09 4.64009e-09 3.82628e-09 2.86311e-09 1.95087e-09 1.21506e-09 6.94534e-10 3.6588e-10 1.78403e-10 8.08653e-11 3.42205e-11 1.35766e-11 5.07002e-12 1.78871e-12 5.98127e-13 1.90065e-13 5.7488e-14 1.65539e-14 4.52857e-15 1.1702e-15 2.82248e-16 6.20937e-17 1.18957e-17 1.78398e-18 1.48944e-19 0 
0 1.53316e-13 1.63099e-12 9.23678e-12 3.88442e-11 1.34034e-10 3.95452e-10 1.01741e-09 2.30567e-09 4.62761e-09 8.25104e-09 1.30951e-08 1.8528e-08 2.34067e-08 2.64492e-08 2.67903e-08 2.43872e-08 2.00118e-08 1.48546e-08 1.00132e-08 6.15536e-09 3.46622e-09 1.79646e-09 8.61047e-10 3.8353e-10 1.59528e-10 6.22576e-11 2.29e-11 7.97264e-12 2.63706e-12 8.31211e-13 2.50168e-13 7.19169e-14 1.97046e-14 5.11438e-15 1.24186e-15 2.75431e-16 5.32185e-17 8.04516e-18 6.76134e-19 0 
0 4.77437e-13 5.25287e-12 3.07918e-11 1.34034e-10 4.78374e-10 1.45782e-09 3.86639e-09 9.00992e-09 1.85401e-08 3.37799e-08 5.45877e-08 7.83458e-08 1.00012e-07 1.13757e-07 1.1555e-07 1.05108e-07 8.59037e-08 6.33218e-08 4.22783e-08 2.56879e-08 1.42741e-08 7.29181e-09 3.44286e-09 1.51063e-09 6.19299e-10 2.38484e-10 8.67071e-11 2.99063e-11 9.8272e-12 3.08704e-12 9.2907e-13 2.67965e-13 7.38827e-14 1.93427e-14 4.74424e-15 1.06326e-15 2.07456e-16 3.16185e-17 2.67299e-18 0 
0 1.27717e-12 1.45094e-11 8.78989e-11 3.95452e-10 1.45782e-09 4.58308e-09 1.25164e-08 2.99648e-08 6.3172e-08 1.17557e-07 1.93374e-07 2.81511e-07 3.6319e-07 4.16003e-07 4.2404e-07 3.85793e-07 3.14408e-07 2.30477e-07 1.52681e-07 9.18736e-08 5.04915e-08 2.54896e-08 1.18905e-08 5.15639e-09 2.09131e-09 7.97985e-10 2.88112e-10 9.89533e-11 3.24816e-11 1.02277e-11 3.09593e-12 9.00865e-13 2.51186e-13 6.65955e-14 1.65455e-14 3.75273e-15 7.39625e-16 1.13573e-16 9.64416e-18 0 
0 2.99834e-12 3.50969e-11 2.19262e-10 1.01741e-09 3.86639e-09 1.25164e-08 3.51417e-08 8.63115e-08 1.86217e-07 3.53634e-07 5.91812e-07 8.73685e-07 1.13929e-06 1.31468e-06 1.34582e-06 1.22606e-06 9.97847e-07 7.28778e-07 4.80075e-07 2.86831e-07 1.56368e-07 7.82729e-08 3.62122e-08 1.55872e-08 6.28424e-09 2.38874e-09 8.61504e-10 2.96513e-10 9.78781e-11 3.11014e-11 9.53029e-12 2.81396e-12 7.97192e-13 2.14753e-13 5.41473e-14 1.24355e-14 2.47415e-15 3.82195e-16 3.25325e-17 0 
0 6.24984e-12 7.51779e-11 4.8304e-10 2.30567e-09 9.00992e-09 2.99648e-08 8.63115e-08 2.17093e-07 4.78613e-07 9.2647e-07 1.57614e-06 2.35866e-06 3.10877e-06 3.61567e-06 3.72052e-06 3.39858e-06 2.76732e-06 2.0183e-06 1.32571e-06 7.88986e-07 4.28238e-07 2.13447e-07 9.84014e-08 4.22674e-08 1.70412e-08 6.49569e-09 2.35697e-09 8.19133e-10 2.74021e-10 8.85246e-11 2.76445e-11 8.32812e-12 2.40667e-12 6.60263e-13 1.69073e-13 3.92939e-14 7.87973e-15 1.22183e-15 1.03988e-16 0 
0 1.1645e-11 1.43502e-10 9.45355e-10 4.62761e-09 1.85401e-08 6.3172e-08 1.86217e-07 4.78613e-07 1.07627e-06 2.12058e-06 3.6636e-06 5.55424e-06 7.3987e-06 8.67695e-06 8.98409e-06 8.24215e-06 6.72931e-06 4.91467e-06 3.22963e-06 1.92209e-06 1.04335e-06 5.20477e-07 2.40494e-07 1.03762e-07 4.21416e-08 1.62373e-08 5.97836e-09 2.11634e-09 7.2358e-10 2.39491e-10 7.67024e-11 2.36855e-11 7.00115e-12 1.95802e-12 5.08949e-13 1.19505e-13 2.40976e-14 3.74045e-15 3.17376e-16 0 
0 1.94758e-11 2.45033e-10 1.64928e-09 8.25104e-09 3.37799e-08 1.17557e-07 3.53634e-07 9.2647e-07 2.12058e-06 4.24568e-06 7.43983e-06 1.14187e-05 1.53705e-05 1.81853e-05 1.89682e-05 1.75098e-05 1.43715e-05 1.05452e-05 6.96039e-06 4.16177e-06 2.27153e-06 1.14113e-06 5.32204e-07 2.32475e-07 9.59441e-08 3.77212e-08 1.42306e-08 5.18065e-09 1.82621e-09 6.23788e-10 2.05994e-10 6.54135e-11 1.98021e-11 5.64308e-12 1.48641e-12 3.51738e-13 7.11081e-14 1.1014e-14 9.28772e-16 0 
0 2.93184e-11 3.75218e-10 2.57074e-09 1.30951e-08 5.45877e-08 1.93374e-07 5.91812e-07 1.57614e-06 3.6636e-06 7.43983e-06 1.32056e-05 2.05027e-05 2.78842e-05 3.33002e-05 3.5037e-05 3.26138e-05 2.69907e-05 1.99733e-05 1.33037e-05 8.03583e-06 4.43855e-06 2.2621e-06 1.07385e-06 4.79393e-07 2.03123e-07 8.23684e-08 3.21811e-08 1.21672e-08 4.45872e-09 1.58139e-09 5.40492e-10 1.76767e-10 5.47828e-11 1.58796e-11 4.2272e-12 1.00484e-12 2.02958e-13 3.1261e-14 2.61119e-15 0 
0 3.98094e-11 5.16262e-10 3.58621e-09 1.8528e-08 7.83458e-08 2.81511e-07 8.73685e-07 2.35866e-06 5.55424e-06 1.14187e-05 2.05027e-05 3.21769e-05 4.42124e-05 5.33332e-05 5.66914e-05 5.33419e-05 4.46616e-05 3.34768e-05 2.26224e-05 1.38933e-05 7.8248e-06 4.08137e-06 1.99186e-06 9.1884e-07 4.04408e-07 1.71144e-07 7.00116e-08 2.77478e-08 1.06445e-08 3.93716e-09 1.39527e-09 4.69841e-10 1.48794e-10 4.37422e-11 1.17265e-11 2.78947e-12 5.60745e-13 8.55705e-14 7.05556e-15 0 
0 4.88442e-11 6.39333e-10 4.48476e-09 2.34067e-08 1.00012e-07 3.6319e-07 1.13929e-06 3.10877e-06 7.3987e-06 1.53705e-05 2.78842e-05 4.42124e-05 6.13879e-05 7.48727e-05 8.05514e-05 7.68232e-05 6.53203e-05 4.98377e-05 3.43783e-05 2.16273e-05 1.25309e-05 6.75866e-06 3.4307e-06 1.65599e-06 7.66859e-07 3.42818e-07 1.48373e-07 6.21303e-08 2.50753e-08 9.69353e-09 3.56135e-09 1.23237e-09 3.97551e-10 1.18071e-10 3.17413e-11 7.52338e-12 1.49892e-12 2.25738e-13 1.83081e-14 0 
0 5.42489e-11 7.1388e-10 5.03658e-09 2.64492e-08 1.13757e-07 4.16003e-07 1.31468e-06 3.61567e-06 8.67695e-06 1.81853e-05 3.33002e-05 5.33332e-05 7.48727e-05 9.24585e-05 0.000100899 9.78468e-05 8.48471e-05 6.62594e-05 4.69836e-05 3.05398e-05 1.83931e-05 1.03818e-05 5.55401e-06 2.84411e-06 1.40419e-06 6.70784e-07 3.09892e-07 1.37892e-07 5.87059e-08 2.37201e-08 9.01668e-09 3.19547e-09 1.04557e-09 3.12231e-10 8.37636e-11 1.96885e-11 3.87045e-12 5.72912e-13 4.55396e-14 0 
0 5.46432e-11 7.20137e-10 5.08999e-09 2.67903e-08 1.1555e-07 4.2404e-07 1.34582e-06 3.72052e-06 8.98409e-06 1.89682e-05 3.5037e-05 5.66914e-05 8.05514e-05 0.000100899 0.000111999 0.000110848 9.85111e-05 7.92428e-05 5.82298e-05 3.95013e-05 2.50259e-05 1.4984e-05 8.57108e-06 4.7227e-06 2.51744e-06 1.29786e-06 6.4426e-07 3.05638e-07 1.3732e-07 5.78834e-08 2.26854e-08 8.19548e-09 2.70553e-09 8.0787e-10 2.15099e-10 4.98788e-11 9.62934e-12 1.39509e-12 1.08291e-13 0 
0 5.00209e-11 6.57761e-10 4.64009e-09 2.43872e-08 1.05108e-07 3.85793e-07 1.22606e-06 3.39858e-06 8.24215e-06 1.75098e-05 3.26138e-05 5.33419e-05 7.68232e-05 9.78468e-05 0.000110848 0.000112475 0.000103045 8.60265e-05 6.61327e-05 4.73637e-05 3.19928e-05 2.062e-05 1.27993e-05 7.69133e-06 4.47494e-06 2.50874e-06 1.34368e-06 6.8033e-07 3.22093e-07 1.41149e-07 5.67532e-08 2.07785e-08 6.87718e-09 2.04036e-09 5.359e-10 1.21916e-10 2.30001e-11 3.24765e-12 2.45301e-13 0 
0 4.17102e-11 5.45366e-10 3.82628e-09 2.00118e-08 8.59037e-08 3.14408e-07 9.97847e-07 2.76732e-06 6.72931e-06 1.43715e-05 2.69907e-05 4.46616e-05 6.53203e-05 8.48471e-05 9.85111e-05 0.000103045 9.80174e-05 8.56929e-05 6.96842e-05 5.33831e-05 3.90076e-05 2.74706e-05 1.87628e-05 1.24396e-05 7.9668e-06 4.88181e-06 2.82691e-06 1.52657e-06 7.59279e-07 3.44226e-07 1.41107e-07 5.19861e-08 1.7124e-08 5.01178e-09 1.28993e-09 2.86211e-10 5.2498e-11 7.1943e-12 5.26956e-13 0 
0 3.1763e-11 4.11634e-10 2.86311e-09 1.48546e-08 6.33218e-08 2.30477e-07 7.28778e-07 2.0183e-06 4.91467e-06 1.05452e-05 1.99733e-05 3.34768e-05 4.98377e-05 6.62594e-05 7.92428e-05 8.60265e-05 8.56929e-05 7.92938e-05 6.90731e-05 5.74048e-05 4.60462e-05 3.5926e-05 2.73211e-05 2.01654e-05 1.43016e-05 9.60944e-06 6.01953e-06 3.46015e-06 1.80028e-06 8.3908e-07 3.47989e-07 1.2793e-07 4.15858e-08 1.19116e-08 2.98298e-09 6.41595e-10 1.13846e-10 1.50806e-11 1.06784e-12 0 
0 2.21515e-11 2.83727e-10 1.95087e-09 1.00132e-08 4.22783e-08 1.52681e-07 4.80075e-07 1.32571e-06 3.22963e-06 6.96039e-06 1.33037e-05 2.26224e-05 3.43783e-05 4.69836e-05 5.82298e-05 6.61327e-05 6.96842e-05 6.90731e-05 6.53335e-05 5.97384e-05 5.33075e-05 4.66078e-05 3.98168e-05 3.29256e-05 2.59652e-05 1.91682e-05 1.29856e-05 7.9237e-06 4.2897e-06 2.03992e-06 8.48098e-07 3.08072e-07 9.78861e-08 2.72027e-08 6.57913e-09 1.36339e-09 2.32908e-10 2.97136e-11 2.0286e-12 0 
0 1.41903e-11 1.79195e-10 1.21506e-09 6.15536e-09 2.56879e-08 9.18736e-08 2.86831e-07 7.88986e-07 1.92209e-06 4.16177e-06 8.03583e-06 1.38933e-05 2.16273e-05 3.05398e-05 3.95013e-05 4.73637e-05 5.33831e-05 5.74048e-05 5.97384e-05 6.08482e-05 6.10444e-05 6.02964e-05 5.82059e-05 5.41504e-05 4.76195e-05 3.86878e-05 2.83514e-05 1.83306e-05 1.02758e-05 4.94373e-06 2.03703e-06 7.22005e-07 2.21611e-07 5.91659e-08 1.37132e-08 2.72196e-09 4.45751e-10 5.46047e-11 3.58738e-12 0 
0 8.37653e-12 1.04074e-10 6.94534e-10 3.46622e-09 1.42741e-08 5.04915e-08 1.56368e-07 4.28238e-07 1.04335e-06 2.27153e-06 4.43855e-06 7.8248e-06 1.25309e-05 1.83931e-05 2.50259e-05 3.19928e-05 3.90076e-05 4.60462e-05 5.33075e-05 6.10444e-05 6.93173e-05 7.77074e-05 8.5032e-05 8.92304e-05 8.77817e-05 7.8903e-05 6.30523e-05 4.35562e-05 2.53614e-05 1.22552e-05 4.91491e-06 1.65983e-06 4.81406e-07 1.21525e-07 2.67279e-08 5.05194e-09 7.9029e-10 9.27703e-11 5.85914e-12 0 
0 4.57143e-12 5.57918e-11 3.6588e-10 1.79646e-09 7.29181e-09 2.54896e-08 7.82729e-08 2.13447e-07 5.20477e-07 1.14113e-06 2.2621e-06 4.08137e-06 6.75866e-06 1.03818e-05 1.4984e-05 2.062e-05 2.74706e-05 3.5926e-05 4.66078e-05 6.02964e-05 7.77074e-05 9.89996e-05 0.000122934 0.000146015 0.000162533 0.00016584 0.000150301 0.000115566 7.176e-05 3.48284e-05 1.31847e-05 4.01645e-06 1.03702e-06 2.3687e-07 4.83181e-08 8.61792e-09 1.28381e-09 1.44295e-10 8.76325e-12 0 
0 2.31427e-12 2.77118e-11 1.78403e-10 8.61047e-10 3.44286e-09 1.18905e-08 3.62122e-08 9.84014e-08 2.40494e-07 5.32204e-07 1.07385e-06 1.99186e-06 3.4307e-06 5.55401e-06 8.57108e-06 1.27993e-05 1.87628e-05 2.73211e-05 3.98168e-05 5.82059e-05 8.5032e-05 0.000122934 0.00017352 0.000236642 0.00031066 0.000385796 0.000426464 0.000383601 0.000260298 0.000127814 4.51062e-05 1.18023e-05 2.47232e-06 4.61011e-07 8.16268e-08 1.3393e-08 1.88915e-09 2.0335e-10 1.18956e-11 0 
0 1.09047e-12 1.28024e-11 8.08653e-11 3.8353e-10 1.51063e-09 5.15639e-09 1.55872e-08 4.22674e-08 1.03762e-07 2.32475e-07 4.79393e-07 9.1884e-07 1.65599e-06 2.84411e-06 4.7227e-06 7.69133e-06 1.24396e-05 2.01654e-05 3.29256e-05 5.41504e-05 8.92304e-05 0.000146015 0.000236642 0.000386692 0.000646286 0.00103852 0.0014071 0.00143452 0.00103361 0.000512321 0.0001735 4.06971e-05 6.96283e-06 9.79903e-07 1.34186e-07 1.89792e-08 2.49275e-09 2.56936e-10 1.45238e-11 0 
0 4.79839e-13 5.52198e-12 3.42205e-11 1.59528e-10 6.19299e-10 2.09131e-09 6.28424e-09 1.70412e-08 4.21416e-08 9.59441e-08 2.03123e-07 4.04408e-07 7.66859e-07 1.40419e-06 2.51744e-06 4.47494e-06 7.9668e-06 1.43016e-05 2.59652e-05 4.76195e-05 8.77817e-05 0.000162533 0.00031066 0.000646286 0.00142297 0.00282993 0.00433063 0.00467614 0.00344269 0.00170733 0.000567926 0.000127002 1.95065e-05 2.21652e-06 2.2369e-07 2.4855e-08 2.92901e-09 2.88219e-10 1.58121e-11 0 
0 1.9781e-13 2.23188e-12 1.35766e-11 6.22576e-11 2.38484e-10 7.97985e-10 2.38874e-09 6.49569e-09 1.62373e-08 3.77212e-08 8.23684e-08 1.71144e-07 3.42818e-07 6.70784e-07 1.29786e-06 2.50874e-06 4.88181e-06 9.60944e-06 1.91682e-05 3.86878e-05 7.8903e-05 0.00016584 0.000385796 0.00103852 0.00282993 0.00633103 0.0101982 0.0112291 0.00830954 0.00410907 0.00135441 0.000297102 4.36365e-05 4.45083e-06 3.5865e-07 3.01877e-08 3.0486e-09 2.84547e-10 1.52312e-11 0 
0 7.66271e-14 8.48255e-13 5.07002e-12 2.29e-11 8.67071e-11 2.88112e-10 8.61504e-10 2.35697e-09 5.97836e-09 1.42306e-08 3.21811e-08 7.00116e-08 1.48373e-07 3.09892e-07 6.4426e-07 1.34368e-06 2.82691e-06 6.01953e-06 1.29856e-05 2.83514e-05 6.30523e-05 0.000150301 0.000426464 0.0014071 0.00433063 0.0101982 0.0167312 0.0185355 0.013732 0.00677723 0.00222319 0.000483474 6.97024e-05 6.77986e-06 4.83206e-07 3.2604e-08 2.77925e-09 2.45281e-10 1.2897e-11 0 
0 2.79692e-14 3.04122e-13 1.78871e-12 7.97264e-12 2.99063e-11 9.89533e-11 2.96513e-10 8.19133e-10 2.11634e-09 5.18065e-09 1.21672e-08 2.77478e-08 6.21303e-08 1.37892e-07 3.05638e-07 6.8033e-07 1.52657e-06 3.46015e-06 7.9237e-06 1.83306e-05 4.35562e-05 0.000115566 0.000383601 0.00143452 0.00467614 0.0112291 0.0185355 0.0205734 0.0152462 0.00751824 0.0024608 0.000532927 7.62048e-05 7.26295e-06 4.88804e-07 2.89645e-08 2.16842e-09 1.83174e-10 9.55201e-12 0 
0 9.6416e-15 1.03142e-13 5.98127e-13 2.63706e-12 9.8272e-12 3.24816e-11 9.78781e-11 2.74021e-10 7.2358e-10 1.82621e-09 4.45872e-09 1.06445e-08 2.50753e-08 5.87059e-08 1.3732e-07 3.22093e-07 7.59279e-07 1.80028e-06 4.2897e-06 1.02758e-05 2.53614e-05 7.176e-05 0.000260298 0.00103361 0.00344269 0.00830954 0.013732 0.0152462 0.0112985 0.00556994 0.00182141 0.000393689 5.61043e-05 5.30798e-06 3.50161e-07 1.97867e-08 1.40933e-09 1.17732e-10 6.16862e-12 0 
0 3.14443e-15 3.31611e-14 1.90065e-13 8.31211e-13 3.08704e-12 1.02277e-11 3.11014e-11 8.85246e-11 2.39491e-10 6.23788e-10 1.58139e-09 3.93716e-09 9.69353e-09 2.37201e-08 5.78834e-08 1.41149e-07 3.44226e-07 8.3908e-07 2.03992e-06 4.94373e-06 1.22552e-05 3.48284e-05 0.000127814 0.000512321 0.00170733 0.00410907 0.00677723 0.00751824 0.00556994 0.00274552 0.000897449 0.00019385 2.76183e-05 2.61633e-06 1.73843e-07 1.00912e-08 7.52948e-10 6.49614e-11 3.4695e-12 0 
0 9.71044e-16 1.01198e-14 5.7488e-14 2.50168e-13 9.2907e-13 3.09593e-12 9.53029e-12 2.76445e-11 7.67024e-11 2.05994e-10 5.40492e-10 1.39527e-09 3.56135e-09 9.01668e-09 2.26854e-08 5.67532e-08 1.41107e-07 3.47989e-07 8.48098e-07 2.03703e-06 4.91491e-06 1.31847e-05 4.51062e-05 0.0001735 0.000567926 0.00135441 0.00222319 0.0024608 0.00182141 0.000897449 0.000293313 6.33996e-05 9.06279e-06 8.6849e-07 6.00604e-08 3.89795e-09 3.34267e-10 3.08658e-11 1.70053e-12 0 
0 2.83833e-16 2.93112e-15 1.65539e-14 7.19169e-14 2.67965e-13 9.00865e-13 2.81396e-12 8.32812e-12 2.36855e-11 6.54135e-11 1.76767e-10 4.69841e-10 1.23237e-09 3.19547e-09 8.19548e-09 2.07785e-08 5.19861e-08 1.2793e-07 3.08072e-07 7.22005e-07 1.65983e-06 4.01645e-06 1.18023e-05 4.06971e-05 0.000127002 0.000297102 0.000483474 0.000532927 0.000393689 0.00019385 6.33996e-05 1.37498e-05 1.98566e-06 1.96381e-07 1.49894e-08 1.21115e-09 1.26824e-10 1.27068e-11 7.27342e-13 0 
0 7.83358e-17 8.03985e-16 4.52857e-15 1.97046e-14 7.38827e-14 2.51186e-13 7.97192e-13 2.40667e-12 7.00115e-12 1.98021e-11 5.47828e-11 1.48794e-10 3.97551e-10 1.04557e-09 2.70553e-09 6.87718e-09 1.7124e-08 4.15858e-08 9.78861e-08 2.21611e-07 4.81406e-07 1.03702e-06 2.47232e-06 6.96283e-06 1.95065e-05 4.36365e-05 6.97024e-05 7.62048e-05 5.61043e-05 2.76183e-05 9.06279e-06 1.98566e-06 2.94931e-07 3.16242e-08 2.97849e-09 3.30705e-10 4.21653e-11 4.55368e-12 2.71664e-13 0 
0 2.02978e-17 2.07666e-16 1.1702e-15 5.11438e-15 1.93427e-14 6.65955e-14 2.14753e-13 6.60263e-13 1.95802e-12 5.64308e-12 1.58796e-11 4.37422e-11 1.18071e-10 3.12231e-10 8.0787e-10 2.04036e-09 5.01178e-09 1.19116e-08 2.72027e-08 5.91659e-08 1.21525e-07 2.3687e-07 4.61011e-07 9.79903e-07 2.21652e-06 4.45083e-06 6.77986e-06 7.26295e-06 5.30798e-06 2.61633e-06 8.6849e-07 1.96381e-07 3.16242e-08 4.13025e-09 5.52919e-10 8.4133e-11 1.23645e-11 1.42061e-12 8.84469e-14 0 
0 4.88165e-18 4.99306e-17 2.82248e-16 1.24186e-15 4.74424e-15 1.65455e-14 5.41473e-14 1.69073e-13 5.08949e-13 1.48641e-12 4.2272e-12 1.17265e-11 3.17413e-11 8.37636e-11 2.15099e-10 5.359e-10 1.28993e-09 2.98298e-09 6.57913e-09 1.37132e-08 2.67279e-08 4.83181e-08 8.16268e-08 1.34186e-07 2.2369e-07 3.5865e-07 4.83206e-07 4.88804e-07 3.50161e-07 1.73843e-07 6.00604e-08 1.49894e-08 2.97849e-09 5.52919e-10 1.05991e-10 1.97236e-11 3.16516e-12 3.83377e-13 2.49267e-14 0 
0 1.06588e-18 1.09267e-17 6.20937e-17 2.75431e-16 1.06326e-15 3.75273e-15 1.24355e-14 3.92939e-14 1.19505e-13 3.51738e-13 1.00484e-12 2.78947e-12 7.52338e-12 1.96885e-11 4.98788e-11 1.21916e-10 2.86211e-10 6.41595e-10 1.36339e-09 2.72196e-09 5.05194e-09 8.61792e-09 1.3393e-08 1.89792e-08 2.4855e-08 3.01877e-08 3.2604e-08 2.89645e-08 1.97867e-08 1.00912e-08 3.89795e-09 1.21115e-09 3.30705e-10 8.4133e-11 1.97236e-11 4.06038e-12 6.92224e-13 8.8012e-14 5.9769e-15 0 
0 2.01996e-19 2.07951e-18 1.18957e-17 5.32185e-17 2.07456e-16 7.39625e-16 2.47415e-15 7.87973e-15 2.40976e-14 7.11081e-14 2.02958e-13 5.60745e-13 1.49892e-12 3.87045e-12 9.62934e-12 2.30001e-11 5.2498e-11 1.13846e-10 2.32908e-10 4.45751e-10 7.9029e-10 1.28381e-09 1.88915e-09 2.49275e-09 2.92901e-09 3.0486e-09 2.77925e-09 2.16842e-09 1.40933e-09 7.52948e-10 3.34267e-10 1.26824e-10 4.21653e-11 1.23645e-11 3.16516e-12 6.92224e-13 1.24126e-13 1.65282e-14 1.17174e-15 0 
0 2.99181e-20 3.09678e-19 1.78398e-18 8.04516e-18 3.16185e-17 1.13573e-16 3.82195e-16 1.22183e-15 3.74045e-15 1.1014e-14 3.1261e-14 8.55705e-14 2.25738e-13 5.72912e-13 1.39509e-12 3.24765e-12 7.1943e-12 1.50806e-11 2.97136e-11 5.46047e-11 9.27703e-11 1.44295e-10 2.0335e-10 2.56936e-10 2.88219e-10 2.84547e-10 2.45281e-10 1.83174e-10 1.17732e-10 6.49614e-11 3.08658e-11 1.27068e-11 4.55368e-12 1.42061e-12 3.83377e-13 8.8012e-14 1.65282e-14 2.30018e-15 1.70037e-16 0 
0 2.46721e-21 2.56862e-20 1.48944e-19 6.76134e-19 2.67299e-18 9.64416e-18 3.25325e-17 1.03988e-16 3.17376e-16 9.28772e-16 2.61119e-15 7.05556e-15 1.83081e-14 4.55396e-14 1.08291e-13 2.45301e-13 5.26956e-13 1.06784e-12 2.0286e-12 3.58738e-12 5.85914e-12 8.76325e-12 1.18956e-11 1.45238e-11 1.58121e-11 1.52312e-11 1.2897e-11 9.55201e-12 6.16862e-12 3.4695e-12 1.70053e-12 7.27342e-13 2.71664e-13 8.84469e-14 2.49267e-14 5.9769e-15 1.17174e-15 1.70037e-16 1.3086e-17 0 
0 0 0 0 0 0 0 0 0 0 0 0 0 0 0 0 0 0 0 0 0 0 0 0 0 0 0 0 0 0 0 0 0 0 0 0 0 0 0 0 0 
