0 0 0 0 0 0 0 0 0 0 0 0 0 0 0 0 0 0 0 0 0 0 0 0 0 0 0 0 0 0 0 0 0 0 0 0 0 0 0 0 0 
0 1.19204e-08 1.10901e-07 5.32913e-07 1.84103e-06 5.05736e-06 1.15641e-05 2.26289e-05 3.86997e-05 5.88862e-05 8.0971e-05 0.000101941 0.00011875 0.00012901 0.00013143 0.000125973 0.000113752 9.67399e-05 7.73534e-05 5.79916e-05 4.06179e-05 2.64752e-05 1.59979e-05 8.93183e-06 4.59614e-06 2.17666e-06 9.48314e-07 3.80261e-07 1.40487e-07 4.78818e-08 1.50721e-08 4.38396e-09 1.17749e-09 2.91275e-10 6.59688e-11 1.35231e-11 2.45452e-12 3.77336e-13 4.42881e-14 2.83216e-15 0 
0 1.10901e-07 1.07523e-06 5.34821e-06 1.88986e-05 5.22731e-05 0.000118328 0.000225853 0.000373032 0.00054606 0.000723529 0.000882801 0.00100491 0.00107705 0.00109332 0.00105441 0.000966792 0.000841611 0.000693292 0.000537765 0.000390316 0.000263233 0.000163811 9.35028e-05 4.87471e-05 2.31657e-05 1.00364e-05 3.97117e-06 1.43898e-06 4.78927e-07 1.46787e-07 4.14996e-08 1.08257e-08 2.60063e-09 5.72245e-10 1.14061e-10 2.01518e-11 3.01922e-12 3.4582e-13 2.16105e-14 0 
0 5.32913e-07 5.34821e-06 2.71945e-05 9.62092e-05 0.000259587 0.000559277 0.000999711 0.00153928 0.00211167 0.00265132 0.00310607 0.00343978 0.0036312 0.00367241 0.00356727 0.00332988 0.00298277 0.00255521 0.00208156 0.00159956 0.00114753 0.000759517 0.000458392 0.000249891 0.00012239 5.38214e-05 2.13218e-05 7.65179e-06 2.50261e-06 7.49896e-07 2.06642e-07 5.24572e-08 1.22567e-08 2.62363e-09 5.09077e-10 8.76448e-11 1.28116e-11 1.4336e-12 8.76403e-14 0 
0 1.84103e-06 1.88986e-05 9.62092e-05 0.000329857 0.000833397 0.00164465 0.00268619 0.00382694 0.00494686 0.00595415 0.00678081 0.00737857 0.00771807 0.00778897 0.00759919 0.00717276 0.0065465 0.00576605 0.00488217 0.00394821 0.00301951 0.0021537 0.00140809 0.000828682 0.00043262 0.00019896 8.07562e-05 2.9168e-05 9.47461e-06 2.79492e-06 7.54189e-07 1.86942e-07 4.25942e-08 8.88879e-09 1.68214e-09 2.82688e-10 4.03798e-11 4.42089e-12 2.64772e-13 0 
0 5.05736e-06 5.22731e-05 0.000259587 0.000833397 0.00191453 0.00342873 0.00518059 0.00699246 0.00872824 0.0102764 0.0115441 0.0124601 0.0129796 0.0130866 0.0127933 0.0121373 0.0111757 0.00997875 0.00862263 0.00718285 0.00573008 0.00432995 0.00304781 0.00195348 0.00111165 0.000550371 0.000235251 8.7359e-05 2.8598e-05 8.38482e-06 2.22976e-06 5.42099e-07 1.20864e-07 2.4659e-08 4.56238e-09 7.50036e-10 1.04901e-10 1.12575e-11 6.61671e-13 0 
0 1.15641e-05 0.000118328 0.000559277 0.00164465 0.00342873 0.00568808 0.00818144 0.0107246 0.0131564 0.0153271 0.0171062 0.0183924 0.0191218 0.0192713 0.0188583 0.0179359 0.0165854 0.0149067 0.0130083 0.0109971 0.00897022 0.00700991 0.00518429 0.00355686 0.00220012 0.00118801 0.000546701 0.000213369 7.15959e-05 2.11046e-05 5.57305e-06 1.336e-06 2.92643e-07 5.85641e-08 1.06235e-08 1.71276e-09 2.35087e-10 2.47815e-11 1.43223e-12 0 
0 2.26289e-05 0.000225853 0.000999711 0.00268619 0.00518059 0.00818144 0.0114501 0.0147812 0.0179698 0.0208184 0.0231543 0.0248437 0.025802 0.0259988 0.0254567 0.0242456 0.022473 0.0202709 0.0177829 0.0151507 0.0125034 0.0099488 0.00756962 0.00542673 0.003576 0.00209012 0.00104323 0.000434758 0.00015191 4.55572e-05 1.20431e-05 2.86283e-06 6.18731e-07 1.21881e-07 2.17431e-08 3.44728e-09 4.65508e-10 4.83129e-11 2.7515e-12 0 
0 3.86997e-05 0.000373032 0.00153928 0.00382694 0.00699246 0.0107246 0.0147812 0.0189184 0.0228808 0.0264222 0.0293273 0.0314293 0.0326225 0.0328689 0.0321964 0.030692 0.0284895 0.0257537 0.0226637 0.0193968 0.0161147 0.0129531 0.010015 0.0073698 0.0050631 0.00314399 0.00168918 0.000755279 0.000277741 8.56008e-05 2.28242e-05 5.40965e-06 1.15846e-06 2.2542e-07 3.96724e-08 6.20308e-09 8.26266e-10 8.4636e-11 4.76076e-12 0 
0 5.88862e-05 0.00054606 0.00211167 0.00494686 0.00872824 0.0131564 0.0179698 0.0228808 0.0275858 0.0317923 0.0352443 0.0377433 0.0391636 0.0394593 0.0386635 0.0368794 0.0342659 0.0310191 0.0273521 0.0234761 0.0195842 0.0158387 0.0123634 0.00924046 0.00651542 0.00421802 0.00240205 0.00114581 0.00044483 0.000141785 3.83546e-05 9.10609e-06 1.93963e-06 3.74086e-07 6.51504e-08 1.00751e-08 1.32739e-09 1.34537e-10 7.49257e-12 0 
0 8.0971e-05 0.000723529 0.00265132 0.00595415 0.0102764 0.0153271 0.0208184 0.0264222 0.0317923 0.036595 0.0405379 0.0433941 0.0450197 0.0453619 0.044458 0.0424255 0.0394456 0.0357423 0.0315593 0.027138 0.0226995 0.0184299 0.0144717 0.01092 0.00782476 0.00520575 0.00309186 0.00155501 0.000634822 0.000209567 5.77016e-05 1.37692e-05 2.92659e-06 5.61157e-07 9.6998e-08 1.48783e-08 1.94419e-09 1.955e-10 1.08075e-11 0 
0 0.000101941 0.000882801 0.00310607 0.00678081 0.0115441 0.0171062 0.0231543 0.0293273 0.0352443 0.0405379 0.0448857 0.0480377 0.0498348 0.050218 0.049228 0.0469938 0.0437148 0.0396378 0.0350313 0.0301618 0.0252734 0.0205719 0.0162152 0.0123092 0.00890925 0.00603122 0.0036859 0.00192841 0.000820687 0.000279738 7.84234e-05 1.88437e-05 4.00629e-06 7.65785e-07 1.31748e-07 2.01017e-08 2.61276e-09 2.61407e-10 1.43855e-11 0 
0 0.00011875 0.00100491 0.00343978 0.00737857 0.0124601 0.0183924 0.0248437 0.0314293 0.0377433 0.0433941 0.0480377 0.0514071 0.0533317 0.0537483 0.0526994 0.0503221 0.0468289 0.0424827 0.03757 0.0323757 0.0271605 0.0221444 0.0174969 0.0133319 0.00970911 0.00664346 0.00413471 0.00222216 0.000975163 0.000341024 9.71297e-05 2.3509e-05 5.00819e-06 9.5662e-07 1.64265e-07 2.50056e-08 3.24305e-09 3.23893e-10 1.7804e-11 0 
0 0.00012901 0.00107705 0.0036312 0.00771807 0.0129796 0.0191218 0.025802 0.0326225 0.0391636 0.0450197 0.0498348 0.0533317 0.0553336 0.055774 0.0546963 0.052242 0.0486305 0.0441338 0.0390485 0.0336695 0.0282674 0.0230706 0.0182552 0.01394 0.0101876 0.00701298 0.00441028 0.00240845 0.00107763 0.000383502 0.000110539 2.69335e-05 5.75694e-06 1.10153e-06 1.89365e-07 2.88609e-08 3.74917e-09 3.75329e-10 2.07003e-11 0 
0 0.00013143 0.00109332 0.00367241 0.00778897 0.0130866 0.0192713 0.0259988 0.0328689 0.0394593 0.0453619 0.050218 0.0537483 0.055774 0.0562276 0.0551522 0.0526894 0.0490596 0.0445362 0.0394176 0.034001 0.0285589 0.0233219 0.0184677 0.0141167 0.0103326 0.00713064 0.00450341 0.00247598 0.00111768 0.000401371 0.000116568 2.85707e-05 6.13726e-06 1.1799e-06 2.03876e-07 3.12551e-08 4.08835e-09 4.12662e-10 2.29814e-11 0 
0 0.000125973 0.00105441 0.00356727 0.00759919 0.0127933 0.0188583 0.0254567 0.0321964 0.0386635 0.044458 0.049228 0.0526994 0.0546963 0.0551522 0.0541084 0.0517032 0.0481519 0.0437222 0.0387064 0.0333956 0.0280571 0.0229173 0.0181509 0.0138763 0.0101564 0.00700684 0.00442184 0.0024287 0.00109611 0.000394344 0.000115019 2.83709e-05 6.14347e-06 1.19246e-06 2.08366e-07 3.23605e-08 4.29644e-09 4.41042e-10 2.50278e-11 0 
0 0.000113752 0.000966792 0.00332988 0.00717276 0.0121373 0.0179359 0.0242456 0.030692 0.0368794 0.0424255 0.0469938 0.0503221 0.052242 0.0526894 0.0517032 0.0494148 0.0460297 0.0418029 0.0370134 0.0319392 0.0268356 0.0219191 0.0173566 0.0132615 0.00969415 0.00667024 0.0041889 0.00228452 0.00102416 0.000367638 0.000107689 2.68336e-05 5.89614e-06 1.16545e-06 2.08027e-07 3.30951e-08 4.51195e-09 4.76502e-10 2.78512e-11 0 
0 9.67399e-05 0.000841611 0.00298277 0.0065465 0.0111757 0.0165854 0.022473 0.0284895 0.0342659 0.0394456 0.0437148 0.0468289 0.0486305 0.0490596 0.0481519 0.0460297 0.0428837 0.0389515 0.0344927 0.029766 0.0250092 0.0204238 0.0161653 0.0123387 0.00900019 0.00616593 0.00384254 0.00207401 0.000922015 0.000330945 9.80056e-05 2.49269e-05 5.63065e-06 1.15005e-06 2.12879e-07 3.51969e-08 4.9903e-09 5.47635e-10 3.31881e-11 0 
0 7.73534e-05 0.000693292 0.00255521 0.00576605 0.00997875 0.0149067 0.0202709 0.0257537 0.0310191 0.0357423 0.0396378 0.0424827 0.0441338 0.0445362 0.0437222 0.0418029 0.0389515 0.0353838 0.0313359 0.0270429 0.0227206 0.0185519 0.0146772 0.0111913 0.00814431 0.0055535 0.00343458 0.00183906 0.000816647 0.000296976 9.05055e-05 2.39766e-05 5.68279e-06 1.22178e-06 2.38015e-07 4.12955e-08 6.11377e-09 6.96257e-10 4.34939e-11 0 
0 5.79916e-05 0.000537765 0.00208156 0.00488217 0.00862263 0.0130083 0.0177829 0.0226637 0.0273521 0.0315593 0.0350313 0.03757 0.0390485 0.0394176 0.0387064 0.0370134 0.0344927 0.0313359 0.0277529 0.0239525 0.0201259 0.0164349 0.013003 0.00991257 0.00720708 0.00490503 0.00302955 0.00163076 0.000739562 0.000280443 9.0647e-05 2.56776e-05 6.50535e-06 1.48575e-06 3.04575e-07 5.50185e-08 8.39287e-09 9.75659e-10 6.17203e-11 0 
0 4.06179e-05 0.000390316 0.00159956 0.00394821 0.00718285 0.0109971 0.0151507 0.0193968 0.0234761 0.027138 0.0301618 0.0323757 0.0336695 0.034001 0.0333956 0.0319392 0.029766 0.0270429 0.0239525 0.0206762 0.0173803 0.0142044 0.0112541 0.00859875 0.00627531 0.00430224 0.0027014 0.00150589 0.000725429 0.000298455 0.000105376 3.23461e-05 8.73638e-06 2.0888e-06 4.40974e-07 8.09521e-08 1.24234e-08 1.44221e-09 9.06341e-11 0 
0 2.64752e-05 0.000263233 0.00114753 0.00301951 0.00573008 0.00897022 0.0125034 0.0161147 0.0195842 0.0226995 0.0252734 0.0271605 0.0282674 0.0285589 0.0280571 0.0268356 0.0250092 0.0227206 0.0201259 0.0173803 0.0146257 0.0119804 0.00953322 0.00734178 0.00543677 0.0038308 0.00252666 0.00152266 0.000812816 0.000373037 0.00014468 4.74302e-05 1.32966e-05 3.22735e-06 6.81325e-07 1.23885e-07 1.87236e-08 2.13372e-09 1.31421e-10 0 
0 1.59979e-05 0.000163811 0.000759517 0.0021537 0.00432995 0.00700991 0.0099488 0.0129531 0.0158387 0.0184299 0.0205719 0.0221444 0.0230706 0.0233219 0.0229173 0.0219191 0.0204238 0.0185519 0.0164349 0.0142044 0.0119804 0.00986315 0.00792795 0.00622444 0.00477756 0.00358162 0.00259373 0.00175868 0.0010624 0.000542686 0.000226289 7.66167e-05 2.14913e-05 5.12625e-06 1.05507e-06 1.86472e-07 2.73735e-08 3.03139e-09 1.81659e-10 0 
0 8.93183e-06 9.35028e-05 0.000458392 0.00140809 0.00304781 0.00518429 0.00756962 0.010015 0.0123634 0.0144717 0.0162152 0.0174969 0.0182552 0.0184677 0.0181509 0.0173566 0.0161653 0.0146772 0.013003 0.0112541 0.00953322 0.00792795 0.00650734 0.00532488 0.00441746 0.00376835 0.00323385 0.00258383 0.00175521 0.000955256 0.00040521 0.000133908 3.56308e-05 8.00962e-06 1.56554e-06 2.65108e-07 3.75018e-08 4.01718e-09 2.33591e-10 0 
0 4.59614e-06 4.87471e-05 0.000249891 0.000828682 0.00195348 0.00355686 0.00542673 0.0073698 0.00924046 0.01092 0.0123092 0.0133319 0.01394 0.0141167 0.0138763 0.0132615 0.0123387 0.0111913 0.00991257 0.00859875 0.00734178 0.00622444 0.00532488 0.00475431 0.0047239 0.00539775 0.00625727 0.00606919 0.00440567 0.0023251 0.000905801 0.00026717 6.21099e-05 1.22521e-05 2.17491e-06 3.46342e-07 4.6957e-08 4.86168e-09 2.74514e-10 0 
0 2.17666e-06 2.31657e-05 0.00012239 0.00043262 0.00111165 0.00220012 0.003576 0.0050631 0.00651542 0.00782476 0.00890925 0.00970911 0.0101876 0.0103326 0.0101564 0.00969415 0.00900019 0.00814431 0.00720708 0.00627531 0.00543677 0.00477756 0.00441746 0.0047239 0.00672213 0.0113594 0.0166635 0.017823 0.013152 0.00663454 0.00233083 0.000594443 0.000115512 1.86685e-05 2.81733e-06 4.08563e-07 5.27266e-08 5.28532e-09 2.90798e-10 0 
0 9.48314e-07 1.00364e-05 5.38214e-05 0.00019896 0.000550371 0.00118801 0.00209012 0.00314399 0.00421802 0.00520575 0.00603122 0.00664346 0.00701298 0.00713064 0.00700684 0.00667024 0.00616593 0.0055535 0.00490503 0.00430224 0.0038308 0.00358162 0.00376835 0.00539775 0.0113594 0.0240767 0.0384154 0.0422505 0.0312556 0.0155177 0.00520357 0.00121221 0.000205463 2.74305e-05 3.37979e-06 4.29835e-07 5.2307e-08 5.09345e-09 2.7462e-10 0 
0 3.80261e-07 3.97117e-06 2.13218e-05 8.07562e-05 0.000235251 0.000546701 0.00104323 0.00168918 0.00240205 0.00309186 0.0036859 0.00413471 0.00441028 0.00450341 0.00442184 0.0041889 0.00384254 0.00343458 0.00302955 0.0027014 0.00252666 0.00259373 0.00323385 0.00625727 0.0166635 0.0384154 0.0628242 0.0695385 0.0515535 0.0254667 0.0084108 0.00188461 0.000296494 3.48605e-05 3.59781e-06 3.96248e-07 4.52576e-08 4.30557e-09 2.29199e-10 0 
0 1.40487e-07 1.43898e-06 7.65179e-06 2.9168e-05 8.7359e-05 0.000213369 0.000434758 0.000755279 0.00114581 0.00155501 0.00192841 0.00222216 0.00240845 0.00247598 0.0024287 0.00228452 0.00207401 0.00183906 0.00163076 0.00150589 0.00152266 0.00175868 0.00258383 0.00606919 0.017823 0.0422505 0.0695385 0.0767775 0.0573216 0.0282248 0.00927747 0.00204942 0.000311581 3.42344e-05 3.15516e-06 3.1066e-07 3.37257e-08 3.16715e-09 1.67987e-10 0 
0 4.78818e-08 4.78927e-07 2.50261e-06 9.47461e-06 2.8598e-05 7.15959e-05 0.00015191 0.000277741 0.00044483 0.000634822 0.000820687 0.000975163 0.00107763 0.00111768 0.00109611 0.00102416 0.000922015 0.000816647 0.000739562 0.000725429 0.000812816 0.0010624 0.00175521 0.00440567 0.013152 0.0312556 0.0515535 0.0573216 0.042386 0.020915 0.00687021 0.00151265 0.000227091 2.42661e-05 2.13362e-06 2.00406e-07 2.14095e-08 2.01687e-09 1.07691e-10 0 
0 1.50721e-08 1.46787e-07 7.49896e-07 2.79492e-06 8.38482e-06 2.11046e-05 4.55572e-05 8.56008e-05 0.000141785 0.000209567 0.000279738 0.000341024 0.000383502 0.000401371 0.000394344 0.000367638 0.000330945 0.000296976 0.000280443 0.000298455 0.000373037 0.000542686 0.000955256 0.0023251 0.00663454 0.0155177 0.0254667 0.0282248 0.020915 0.0103283 0.00340022 0.000750833 0.00011275 1.20725e-05 1.07766e-06 1.04534e-07 1.15222e-08 1.10972e-09 6.02742e-11 0 
0 4.38396e-09 4.14996e-08 2.06642e-07 7.54189e-07 2.22976e-06 5.57305e-06 1.20431e-05 2.28242e-05 3.83546e-05 5.77016e-05 7.84234e-05 9.71297e-05 0.000110539 0.000116568 0.000115019 0.000107689 9.80056e-05 9.05055e-05 9.0647e-05 0.000105376 0.00014468 0.000226289 0.00040521 0.000905801 0.00233083 0.00520357 0.0084108 0.00927747 0.00687021 0.00340022 0.00112548 0.000250407 3.80841e-05 4.22522e-06 4.10323e-07 4.45184e-08 5.27897e-09 5.28165e-10 2.94493e-11 0 
0 1.17749e-09 1.08257e-08 5.24572e-08 1.86942e-07 5.42099e-07 1.336e-06 2.86283e-06 5.40965e-06 9.10609e-06 1.37692e-05 1.88437e-05 2.3509e-05 2.69335e-05 2.85707e-05 2.83709e-05 2.68336e-05 2.49269e-05 2.39766e-05 2.56776e-05 3.23461e-05 4.74302e-05 7.66167e-05 0.000133908 0.00026717 0.000594443 0.00121221 0.00188461 0.00204942 0.00151265 0.000750833 0.000250407 5.6523e-05 8.90693e-06 1.08016e-06 1.2412e-07 1.59833e-08 2.07973e-09 2.18075e-10 1.25695e-11 0 
0 2.91275e-10 2.60063e-09 1.22567e-08 4.25942e-08 1.20864e-07 2.92643e-07 6.18731e-07 1.15846e-06 1.93963e-06 2.92659e-06 4.00629e-06 5.00819e-06 5.75694e-06 6.13726e-06 6.14347e-06 5.89614e-06 5.63065e-06 5.68279e-06 6.50535e-06 8.73638e-06 1.32966e-05 2.14913e-05 3.56308e-05 6.21099e-05 0.000115512 0.000205463 0.000296494 0.000311581 0.000227091 0.00011275 3.80841e-05 8.90693e-06 1.52894e-06 2.21107e-07 3.24061e-08 5.00183e-09 7.10789e-10 7.83035e-11 4.68782e-12 0 
0 6.59688e-11 5.72245e-10 2.62363e-09 8.88879e-09 2.4659e-08 5.85641e-08 1.21881e-07 2.2542e-07 3.74086e-07 5.61157e-07 7.65785e-07 9.5662e-07 1.10153e-06 1.1799e-06 1.19246e-06 1.16545e-06 1.15005e-06 1.22178e-06 1.48575e-06 2.0888e-06 3.22735e-06 5.12625e-06 8.00962e-06 1.22521e-05 1.86685e-05 2.74305e-05 3.48605e-05 3.42344e-05 2.42661e-05 1.20725e-05 4.22522e-06 1.08016e-06 2.21107e-07 4.15753e-08 7.7831e-09 1.38312e-09 2.1129e-10 2.44446e-11 1.52462e-12 0 
0 1.35231e-11 1.14061e-10 5.09077e-10 1.68214e-09 4.56238e-09 1.06235e-08 2.17431e-08 3.96724e-08 6.51504e-08 9.6998e-08 1.31748e-07 1.64265e-07 1.89365e-07 2.03876e-07 2.08366e-07 2.08027e-07 2.12879e-07 2.38015e-07 3.04575e-07 4.40974e-07 6.81325e-07 1.05507e-06 1.56554e-06 2.17491e-06 2.81733e-06 3.37979e-06 3.59781e-06 3.15516e-06 2.13362e-06 1.07766e-06 4.10323e-07 1.2412e-07 3.24061e-08 7.7831e-09 1.72013e-09 3.35221e-10 5.43438e-11 6.5969e-12 4.29372e-13 0 
0 2.45452e-12 2.01518e-11 8.76448e-11 2.82688e-10 7.50036e-10 1.71276e-09 3.44728e-09 6.20308e-09 1.00751e-08 1.48783e-08 2.01017e-08 2.50056e-08 2.88609e-08 3.12551e-08 3.23605e-08 3.30951e-08 3.51969e-08 4.12955e-08 5.50185e-08 8.09521e-08 1.23885e-07 1.86472e-07 2.65108e-07 3.46342e-07 4.08563e-07 4.29835e-07 3.96248e-07 3.1066e-07 2.00406e-07 1.04534e-07 4.45184e-08 1.59833e-08 5.00183e-09 1.38312e-09 3.35221e-10 6.96511e-11 1.19003e-11 1.51432e-12 1.0291e-13 0 
0 3.77336e-13 3.01922e-12 1.28116e-11 4.03798e-11 1.04901e-10 2.35087e-10 4.65508e-10 8.26266e-10 1.32739e-09 1.94419e-09 2.61276e-09 3.24305e-09 3.74917e-09 4.08835e-09 4.29644e-09 4.51195e-09 4.9903e-09 6.11377e-09 8.39287e-09 1.24234e-08 1.87236e-08 2.73735e-08 3.75018e-08 4.6957e-08 5.27266e-08 5.2307e-08 4.52576e-08 3.37257e-08 2.14095e-08 1.15222e-08 5.27897e-09 2.07973e-09 7.10789e-10 2.1129e-10 5.43438e-11 1.19003e-11 2.13488e-12 2.84389e-13 2.01709e-14 0 
0 4.42881e-14 3.4582e-13 1.4336e-12 4.42089e-12 1.12575e-11 2.47815e-11 4.83129e-11 8.4636e-11 1.34537e-10 1.955e-10 2.61407e-10 3.23893e-10 3.75329e-10 4.12662e-10 4.41042e-10 4.76502e-10 5.47635e-10 6.96257e-10 9.75659e-10 1.44221e-09 2.13372e-09 3.03139e-09 4.01718e-09 4.86168e-09 5.28532e-09 5.09345e-09 4.30557e-09 3.16715e-09 2.01687e-09 1.10972e-09 5.28165e-10 2.18075e-10 7.83035e-11 2.44446e-11 6.5969e-12 1.51432e-12 2.84389e-13 3.95843e-14 2.92705e-15 0 
0 2.83216e-15 2.16105e-14 8.76403e-14 2.64772e-13 6.61671e-13 1.43223e-12 2.7515e-12 4.76076e-12 7.49257e-12 1.08075e-11 1.43855e-11 1.7804e-11 2.07003e-11 2.29814e-11 2.50278e-11 2.78512e-11 3.31881e-11 4.34939e-11 6.17203e-11 9.06341e-11 1.31421e-10 1.81659e-10 2.33591e-10 2.74514e-10 2.90798e-10 2.7462e-10 2.29199e-10 1.67987e-10 1.07691e-10 6.02742e-11 2.94493e-11 1.25695e-11 4.68782e-12 1.52462e-12 4.29372e-13 1.0291e-13 2.01709e-14 2.92705e-15 2.25293e-16 0 
0 0 0 0 0 0 0 0 0 0 0 0 0 0 0 0 0 0 0 0 0 0 0 0 0 0 0 0 0 0 0 0 0 0 0 0 0 0 0 0 0 
