0 0 0 0 0 0 0 0 0 0 0 0 0 0 0 0 0 0 0 0 0 0 0 0 0 0 0 0 0 0 0 0 0 0 0 0 0 0 0 0 0 
0 1.02996e-10 9.75994e-10 4.86579e-09 1.78147e-08 5.29971e-08 1.3377e-07 2.92971e-07 5.64337e-07 9.65211e-07 1.47687e-06 2.03463e-06 2.538e-06 2.88035e-06 2.98572e-06 2.83532e-06 2.47181e-06 1.9809e-06 1.46038e-06 9.90843e-07 6.18885e-07 3.56018e-07 1.88757e-07 9.23364e-08 4.17363e-08 1.7462e-08 6.77589e-09 2.44346e-09 8.20398e-10 2.56856e-10 7.50583e-11 2.04715e-11 5.20396e-12 1.22866e-12 2.67601e-13 5.31024e-14 9.38409e-15 1.41153e-15 1.62795e-16 1.02672e-17 0 
0 9.75994e-10 9.61474e-09 4.98006e-08 1.89024e-07 5.80928e-07 1.50779e-06 3.3773e-06 6.61549e-06 1.14434e-05 1.76265e-05 2.43606e-05 3.04177e-05 3.45194e-05 3.57724e-05 3.39643e-05 2.96032e-05 2.37054e-05 1.74395e-05 1.1782e-05 7.30664e-06 4.15914e-06 2.17421e-06 1.04501e-06 4.62634e-07 1.89072e-07 7.1513e-08 2.50977e-08 8.19264e-09 2.4925e-09 7.07714e-10 1.87606e-10 4.63792e-11 1.06579e-11 2.26159e-12 4.37736e-13 7.55415e-14 1.11103e-14 1.25448e-15 7.75568e-17 0 
0 4.86579e-09 4.98006e-08 2.6775e-07 1.05186e-06 3.33003e-06 8.84681e-06 2.01313e-05 3.97498e-05 6.88263e-05 0.00010557 0.0001449 0.00017966 0.000202857 0.000209847 0.000199625 0.000174893 0.000141062 0.000104564 7.10698e-05 4.4197e-05 2.51149e-05 1.30392e-05 6.19241e-06 2.69618e-06 1.07951e-06 3.98813e-07 1.36416e-07 4.33404e-08 1.28238e-08 3.54047e-09 9.12792e-10 2.19596e-10 4.91493e-11 1.01685e-11 1.92118e-12 3.24047e-13 4.66429e-14 5.16118e-15 3.13125e-16 0 
0 1.78147e-08 1.89024e-07 1.05186e-06 4.25875e-06 1.37988e-05 3.71639e-05 8.47812e-05 0.000165966 0.000282373 0.000423496 0.000568191 0.000691295 0.00077113 0.000794681 0.00075967 0.000674135 0.000554154 0.000420146 0.000292186 0.000185365 0.000106835 5.5835e-05 2.64803e-05 1.14294e-05 4.5089e-06 1.63371e-06 5.46282e-07 1.69309e-07 4.88111e-08 1.31241e-08 3.29545e-09 7.72524e-10 1.68616e-10 3.40548e-11 6.28851e-12 1.03803e-12 1.4642e-13 1.58997e-14 9.47999e-16 0 
0 5.29971e-08 5.80928e-07 3.33003e-06 1.37988e-05 4.52774e-05 0.000121739 0.00027282 0.000517189 0.000844697 0.00121431 0.00156935 0.00185617 0.00203565 0.00208732 0.00200912 0.00181563 0.00153534 0.00120706 0.000874406 0.000577796 0.000345093 0.000185181 8.91527e-05 3.86237e-05 1.51479e-05 5.41696e-06 1.77875e-06 5.39631e-07 1.52e-07 3.98942e-08 9.77665e-09 2.2375e-09 4.77118e-10 9.42331e-11 1.70364e-11 2.75682e-12 3.8175e-13 4.07556e-14 2.39275e-15 0 
0 1.3377e-07 1.50779e-06 8.84681e-06 3.71639e-05 0.000121739 0.000320336 0.000688765 0.00123626 0.0019062 0.00260297 0.00323119 0.00371698 0.0040129 0.00409661 0.00396828 0.00364787 0.00317232 0.00259267 0.00197103 0.0013751 0.000867283 0.000488131 0.000243422 0.000107617 4.24761e-05 1.51206e-05 4.90521e-06 1.46313e-06 4.04073e-07 1.03832e-07 2.48995e-08 5.57689e-09 1.16448e-09 2.2541e-10 3.99855e-11 6.35709e-12 8.66143e-13 9.11281e-14 5.28166e-15 0 
0 2.92971e-07 3.3773e-06 2.01313e-05 8.47812e-05 0.00027282 0.000688765 0.00139534 0.00234728 0.00341586 0.00445973 0.0053644 0.00604833 0.00646005 0.00657593 0.00639829 0.0059526 0.00528367 0.0044514 0.00352752 0.00259365 0.00173753 0.00103957 0.000546611 0.000250973 0.000101124 3.62076e-05 1.16887e-05 3.44604e-06 9.36927e-07 2.3653e-07 5.56763e-08 1.22393e-08 2.50942e-09 4.77368e-10 8.33131e-11 1.30497e-11 1.75452e-12 1.82492e-13 1.04783e-14 0 
0 5.64337e-07 6.61549e-06 3.97498e-05 0.000165966 0.000517189 0.00123626 0.00234728 0.00372089 0.00517326 0.00654487 0.00771399 0.0085914 0.00911841 0.00926761 0.0090426 0.00847513 0.00761995 0.00654825 0.00534166 0.00408884 0.00288589 0.00183493 0.00102564 0.000495569 0.000206594 7.52084e-05 2.43512e-05 7.13647e-06 1.91879e-06 4.77723e-07 1.10765e-07 2.3978e-08 4.84302e-09 9.08346e-10 1.56495e-10 2.42361e-11 3.22798e-12 3.33367e-13 1.90566e-14 0 
0 9.65211e-07 1.14434e-05 6.88263e-05 0.000282373 0.000844697 0.0019062 0.00341586 0.00517326 0.00697205 0.0086473 0.0100682 0.0111336 0.0117745 0.0119584 0.0116896 0.0110062 0.00997368 0.00867656 0.00720941 0.00567012 0.00415842 0.00278029 0.00164664 0.000841153 0.000366067 0.000136731 4.47306e-05 1.31052e-05 3.50062e-06 8.63037e-07 1.97861e-07 4.23386e-08 8.45663e-09 1.57012e-09 2.68192e-10 4.12624e-11 5.4737e-12 5.64787e-13 3.2376e-14 0 
0 1.47687e-06 1.76265e-05 0.00010557 0.000423496 0.00121431 0.00260297 0.00445973 0.00654487 0.0086473 0.0105962 0.0122481 0.0134879 0.0142363 0.0144552 0.0141492 0.0133621 0.0121694 0.0106686 0.00896802 0.00717721 0.00540184 0.00374719 0.00232699 0.00125173 0.000570033 0.000219649 7.30179e-05 2.14945e-05 5.72968e-06 1.40472e-06 3.19796e-07 6.79419e-08 1.34839e-08 2.49126e-09 4.24385e-10 6.53079e-11 8.69731e-12 9.04879e-13 5.25645e-14 0 
0 2.03463e-06 2.43606e-05 0.0001449 0.000568191 0.00156935 0.00323119 0.0053644 0.00771399 0.0100682 0.0122481 0.014097 0.0154872 0.0163301 0.0165826 0.016249 0.0153777 0.0140525 0.0123819 0.0104865 0.00848694 0.0064967 0.00462196 0.0029729 0.00166851 0.000792148 0.000315185 0.000106812 3.17169e-05 8.4729e-06 2.07509e-06 4.71436e-07 9.99956e-08 1.98435e-08 3.67517e-09 6.29777e-10 9.79233e-11 1.3246e-11 1.40795e-12 8.40411e-14 0 
0 2.538e-06 3.04177e-05 0.00017966 0.000691295 0.00185617 0.00371698 0.00604833 0.0085914 0.0111336 0.0134879 0.0154872 0.0169942 0.0179125 0.0181951 0.0178459 0.0169161 0.0154956 0.0137007 0.011661 0.00950629 0.00735702 0.00532171 0.00350709 0.00203156 0.000997943 0.000408793 0.000141319 4.24508e-05 1.14129e-05 2.80701e-06 6.40475e-07 1.36672e-07 2.73698e-08 5.13773e-09 8.97214e-10 1.43068e-10 1.99765e-11 2.20462e-12 1.37198e-13 0 
0 2.88035e-06 3.45194e-05 0.000202857 0.00077113 0.00203565 0.0040129 0.00646005 0.00911841 0.0117745 0.0142363 0.0163301 0.0179125 0.0188824 0.0191901 0.0188385 0.0178801 0.0164078 0.0145423 0.0124185 0.0101715 0.00792632 0.00579369 0.00387823 0.00229533 0.00115615 0.000485019 0.000170873 5.20536e-05 1.41553e-05 3.5214e-06 8.14484e-07 1.76899e-07 3.62602e-08 7.01463e-09 1.27173e-09 2.11964e-10 3.10892e-11 3.61109e-12 2.36129e-13 0 
0 2.98572e-06 3.57724e-05 0.000209847 0.000794681 0.00208732 0.00409661 0.00657593 0.00926761 0.0119584 0.0144552 0.0165826 0.0181951 0.0191901 0.0195161 0.0191754 0.0182198 0.0167423 0.0148641 0.0127211 0.0104497 0.00817641 0.00601234 0.00406086 0.0024347 0.00124688 0.00053274 0.000191105 5.92596e-05 1.64252e-05 4.17963e-06 9.94535e-07 2.23888e-07 4.79709e-08 9.77948e-09 1.87978e-09 3.33002e-10 5.18093e-11 6.34421e-12 4.33385e-13 0 
0 2.83532e-06 3.39643e-05 0.000199625 0.00075967 0.00200912 0.00396828 0.00639829 0.0090426 0.0116896 0.0141492 0.016249 0.0178459 0.0188385 0.0191754 0.0188577 0.0179353 0.0164982 0.0146647 0.0125674 0.01034 0.00810661 0.0059769 0.00405292 0.00244542 0.00126511 0.000548621 0.000200768 6.38692e-05 1.82882e-05 4.84969e-06 1.21483e-06 2.90843e-07 6.68048e-08 1.46524e-08 3.02378e-09 5.70776e-10 9.35582e-11 1.19148e-11 8.35843e-13 0 
0 2.47181e-06 2.96032e-05 0.000174893 0.000674135 0.00181563 0.00364787 0.0059526 0.00847513 0.0110062 0.0133621 0.0153777 0.0169161 0.0178801 0.0182198 0.0179353 0.017073 0.0157179 0.0139817 0.0119902 0.00987067 0.00774156 0.00570885 0.00387283 0.00234201 0.00122055 0.000538076 0.00020258 6.71889e-05 2.0341e-05 5.78304e-06 1.57126e-06 4.10607e-07 1.02824e-07 2.43748e-08 5.36114e-09 1.06126e-09 1.7958e-10 2.32885e-11 1.64538e-12 0 
0 1.9809e-06 2.37054e-05 0.000141062 0.000554154 0.00153534 0.00317232 0.00528367 0.00761995 0.00997368 0.0121694 0.0140525 0.0154956 0.0164078 0.0167423 0.0164982 0.0157179 0.014479 0.0128846 0.0110506 0.00909464 0.00712706 0.0052484 0.00355621 0.00215458 0.00113513 0.000514128 0.000203088 7.22423e-05 2.39149e-05 7.53043e-06 2.27245e-06 6.54214e-07 1.77539e-07 4.46959e-08 1.0234e-08 2.07289e-09 3.54006e-10 4.58579e-11 3.2125e-12 0 
0 1.46038e-06 1.74395e-05 0.000104564 0.000420146 0.00120706 0.00259267 0.0044514 0.00654825 0.00867656 0.0106686 0.0123819 0.0137007 0.0145423 0.0148641 0.0146647 0.0139817 0.0128846 0.0114659 0.00982974 0.00808237 0.00632447 0.00465 0.00315181 0.00192432 0.00103885 0.000495061 0.000212185 8.40988e-05 3.1471e-05 1.11828e-05 3.74715e-06 1.16913e-06 3.35143e-07 8.7125e-08 2.02313e-08 4.10048e-09 6.94123e-10 8.85572e-11 6.08481e-12 0 
0 9.90843e-07 1.1782e-05 7.10698e-05 0.000292186 0.000874406 0.00197103 0.00352752 0.00534166 0.00720941 0.00896802 0.0104865 0.011661 0.0124185 0.0127211 0.0125674 0.0119902 0.0110506 0.00982974 0.00841954 0.00691421 0.00540459 0.00397711 0.00271592 0.0016972 0.000964585 0.000502172 0.000243312 0.000110979 4.75639e-05 1.89147e-05 6.87455e-06 2.2563e-06 6.63328e-07 1.73511e-07 4.00018e-08 7.97786e-09 1.32143e-09 1.64424e-10 1.10005e-11 0 
0 6.18885e-07 7.30664e-06 4.4197e-05 0.000185365 0.000577796 0.0013751 0.00259365 0.00408884 0.00567012 0.00717721 0.00848694 0.00950629 0.0101715 0.0104497 0.01034 0.00987067 0.00909464 0.00808237 0.00691421 0.00567349 0.00444169 0.00329587 0.00230446 0.001516 0.000943118 0.000558958 0.000315433 0.000167017 8.09964e-05 3.51546e-05 1.3453e-05 4.51295e-06 1.32693e-06 3.42141e-07 7.7056e-08 1.49359e-08 2.39836e-09 2.89079e-10 1.87401e-11 0 
0 3.56018e-07 4.15914e-06 2.51149e-05 0.000106835 0.000345093 0.000867283 0.00173753 0.00288589 0.00415842 0.00540184 0.0064967 0.00735702 0.00792632 0.00817641 0.00810661 0.00774156 0.00712706 0.00632447 0.00540459 0.00444169 0.00350798 0.00266676 0.00196284 0.00141223 0.000999966 0.000692522 0.000457848 0.000278464 0.000149898 6.93622e-05 2.7234e-05 9.09787e-06 2.61427e-06 6.52437e-07 1.41635e-07 2.64283e-08 4.08666e-09 4.7497e-10 2.97469e-11 0 
0 1.88757e-07 2.17421e-06 1.30392e-05 5.5835e-05 0.000185181 0.000488131 0.00103957 0.00183493 0.00278029 0.00374719 0.00462196 0.00532171 0.00579369 0.00601234 0.0059769 0.00570885 0.0052484 0.00465 0.00397711 0.00329587 0.00266676 0.0021341 0.00171598 0.00140096 0.00115589 0.000941774 0.000728825 0.000508841 0.000303207 0.000147762 5.80021e-05 1.8613e-05 5.0423e-06 1.18567e-06 2.44134e-07 4.3474e-08 6.4433e-09 7.20279e-10 4.35301e-11 0 
0 9.23364e-08 1.04501e-06 6.19241e-06 2.64803e-05 8.91527e-05 0.000243422 0.000546611 0.00102564 0.00164664 0.00232699 0.0029729 0.00350709 0.00387823 0.00406086 0.00405292 0.00387283 0.00355621 0.00315181 0.00271592 0.00230446 0.00196284 0.00171598 0.00156333 0.00148341 0.00144774 0.00142376 0.00134411 0.00111609 0.00074516 0.000378043 0.000143428 4.17526e-05 9.93289e-06 2.07119e-06 3.90723e-07 6.54956e-08 9.26685e-09 9.95787e-10 5.81127e-11 0 
0 4.17363e-08 4.62634e-07 2.69618e-06 1.14294e-05 3.86237e-05 0.000107617 0.000250973 0.000495569 0.000841153 0.00125173 0.00166851 0.00203156 0.00229533 0.0024347 0.00244542 0.00234201 0.00215458 0.00192432 0.0016972 0.001516 0.00141223 0.00140096 0.00148341 0.00167214 0.00204146 0.0026643 0.00327394 0.00322991 0.00233003 0.00118766 0.000425933 0.000109606 2.157e-05 3.64312e-06 5.85122e-07 8.94285e-08 1.19942e-08 1.23998e-09 7.006e-11 0 
0 1.7462e-08 1.89072e-07 1.07951e-06 4.5089e-06 1.51479e-05 4.24761e-05 0.000101124 0.000206594 0.000366067 0.000570033 0.000792148 0.000997943 0.00115615 0.00124688 0.00126511 0.00122055 0.00113513 0.00103885 0.000964585 0.000943118 0.000999966 0.00115589 0.00144774 0.00204146 0.00344943 0.00617652 0.00918408 0.00985132 0.00726309 0.00363928 0.00124418 0.000293615 4.9548e-05 6.63143e-06 8.38152e-07 1.10316e-07 1.3809e-08 1.37501e-09 7.55485e-11 0 
0 6.77589e-09 7.1513e-08 3.98813e-07 1.63371e-06 5.41696e-06 1.51206e-05 3.62076e-05 7.52084e-05 0.000136731 0.000219649 0.000315185 0.000408793 0.000485019 0.00053274 0.000548621 0.000538076 0.000514128 0.000495061 0.000502172 0.000558958 0.000692522 0.000941774 0.00142376 0.0026643 0.00617652 0.013318 0.0213076 0.0234309 0.0173449 0.00860054 0.00286433 0.000645918 0.000100257 1.14256e-05 1.13739e-06 1.2258e-07 1.40033e-08 1.34416e-09 7.22483e-11 0 
0 2.44346e-09 2.50977e-08 1.36416e-07 5.46282e-07 1.77875e-06 4.90521e-06 1.16887e-05 2.43512e-05 4.47306e-05 7.30179e-05 0.000106812 0.000141319 0.000170873 0.000191105 0.000200768 0.00020258 0.000203088 0.000212185 0.000243312 0.000315433 0.000457848 0.000728825 0.00134411 0.00327394 0.00918408 0.0213076 0.0348769 0.0386216 0.0286161 0.0141365 0.00465778 0.00102829 0.000153382 1.60531e-05 1.35322e-06 1.20084e-07 1.23714e-08 1.14838e-09 6.08407e-11 0 
0 8.20398e-10 8.19264e-09 4.33404e-08 1.69309e-07 5.39631e-07 1.46313e-06 3.44604e-06 7.13647e-06 1.31052e-05 2.14945e-05 3.17169e-05 4.24508e-05 5.20536e-05 5.92596e-05 6.38692e-05 6.71889e-05 7.22423e-05 8.40988e-05 0.000110979 0.000167017 0.000278464 0.000508841 0.00111609 0.00322991 0.00985132 0.0234309 0.0386216 0.042857 0.031762 0.0156716 0.00514387 0.00112537 0.000164808 1.65688e-05 1.27625e-06 9.90228e-08 9.38136e-09 8.51305e-10 4.48766e-11 0 
0 2.56856e-10 2.4925e-09 1.28238e-08 4.88111e-08 1.52e-07 4.04073e-07 9.36927e-07 1.91879e-06 3.50062e-06 5.72968e-06 8.4729e-06 1.14129e-05 1.41553e-05 1.64252e-05 1.82882e-05 2.0341e-05 2.39149e-05 3.1471e-05 4.75639e-05 8.09964e-05 0.000149898 0.000303207 0.00074516 0.00233003 0.00726309 0.0173449 0.0286161 0.031762 0.0235396 0.0116122 0.00380809 0.000830429 0.000120692 1.19468e-05 8.89522e-07 6.54462e-08 6.01139e-09 5.44797e-10 2.88973e-11 0 
0 7.50583e-11 7.07714e-10 3.54047e-09 1.31241e-08 3.98942e-08 1.03832e-07 2.3653e-07 4.77723e-07 8.63037e-07 1.40472e-06 2.07509e-06 2.80701e-06 3.5214e-06 4.17963e-06 4.84969e-06 5.78304e-06 7.53043e-06 1.11828e-05 1.89147e-05 3.51546e-05 6.93622e-05 0.000147762 0.000378043 0.00118766 0.00363928 0.00860054 0.0141365 0.0156716 0.0116122 0.00573075 0.00188058 0.000409975 5.95327e-05 5.90411e-06 4.44916e-07 3.38329e-08 3.2311e-09 3.00442e-10 1.62228e-11 0 
0 2.04715e-11 1.87606e-10 9.12792e-10 3.29545e-09 9.77665e-09 2.48995e-08 5.56763e-08 1.10765e-07 1.97861e-07 3.19796e-07 4.71436e-07 6.40475e-07 8.14484e-07 9.94535e-07 1.21483e-06 1.57126e-06 2.27245e-06 3.74715e-06 6.87455e-06 1.3453e-05 2.7234e-05 5.80021e-05 0.000143428 0.000425933 0.00124418 0.00286433 0.00465778 0.00514387 0.00380809 0.00188058 0.000617943 0.000134982 1.97285e-05 2.00036e-06 1.60944e-07 1.38623e-08 1.46662e-09 1.43058e-10 7.94242e-12 0 
0 5.20396e-12 4.63792e-11 2.19596e-10 7.72524e-10 2.2375e-09 5.57689e-09 1.22393e-08 2.3978e-08 4.23386e-08 6.79419e-08 9.99956e-08 1.36672e-07 1.76899e-07 2.23888e-07 2.90843e-07 4.10607e-07 6.54214e-07 1.16913e-06 2.2563e-06 4.51295e-06 9.09787e-06 1.8613e-05 4.17526e-05 0.000109606 0.000293615 0.000645918 0.00102829 0.00112537 0.000830429 0.000409975 0.000134982 2.96864e-05 4.42819e-06 4.76086e-07 4.43212e-08 4.71899e-09 5.71338e-10 5.90525e-11 3.39465e-12 0 
0 1.22866e-12 1.06579e-11 4.91493e-11 1.68616e-10 4.77118e-10 1.16448e-09 2.50942e-09 4.84302e-09 8.45663e-09 1.34839e-08 1.98435e-08 2.73698e-08 3.62602e-08 4.79709e-08 6.68048e-08 1.02824e-07 1.77539e-07 3.35143e-07 6.63328e-07 1.32693e-06 2.61427e-06 5.0423e-06 9.93289e-06 2.157e-05 4.9548e-05 0.000100257 0.000153382 0.000164808 0.000120692 5.95327e-05 1.97285e-05 4.42819e-06 6.97064e-07 8.57e-08 1.02893e-08 1.41049e-09 1.93687e-10 2.11999e-11 1.26725e-12 0 
0 2.67601e-13 2.26159e-12 1.01685e-11 3.40548e-11 9.42331e-11 2.2541e-10 4.77368e-10 9.08346e-10 1.57012e-09 2.49126e-09 3.67517e-09 5.13773e-09 7.01463e-09 9.77948e-09 1.46524e-08 2.43748e-08 4.46959e-08 8.7125e-08 1.73511e-07 3.42141e-07 6.52437e-07 1.18567e-06 2.07119e-06 3.64312e-06 6.63143e-06 1.14256e-05 1.60531e-05 1.65688e-05 1.19468e-05 5.90411e-06 2.00036e-06 4.76086e-07 8.57e-08 1.36254e-08 2.24816e-09 3.79964e-10 5.73479e-11 6.61839e-12 4.12419e-13 0 
0 5.31024e-14 4.37736e-13 1.92118e-12 6.28851e-12 1.70364e-11 3.99855e-11 8.33131e-11 1.56495e-10 2.68192e-10 4.24385e-10 6.29777e-10 8.97214e-10 1.27173e-09 1.87978e-09 3.02378e-09 5.36114e-09 1.0234e-08 2.02313e-08 4.00018e-08 7.7056e-08 1.41635e-07 2.44134e-07 3.90723e-07 5.85122e-07 8.38152e-07 1.13739e-06 1.35322e-06 1.27625e-06 8.89522e-07 4.44916e-07 1.60944e-07 4.43212e-08 1.02893e-08 2.24816e-09 4.74494e-10 9.1161e-11 1.47295e-11 1.78634e-12 1.16197e-13 0 
0 9.38409e-15 7.55415e-14 3.24047e-13 1.03803e-12 2.75682e-12 6.35709e-12 1.30497e-11 2.42361e-11 4.12624e-11 6.53079e-11 9.79233e-11 1.43068e-10 2.11964e-10 3.33002e-10 5.70776e-10 1.06126e-09 2.07289e-09 4.10048e-09 7.97786e-09 1.49359e-08 2.64283e-08 4.3474e-08 6.54956e-08 8.94285e-08 1.10316e-07 1.2258e-07 1.20084e-07 9.90228e-08 6.54462e-08 3.38329e-08 1.38623e-08 4.71899e-09 1.41049e-09 3.79964e-10 9.1161e-11 1.88861e-11 3.22411e-12 4.10085e-13 2.78566e-14 0 
0 1.41153e-15 1.11103e-14 4.66429e-14 1.4642e-13 3.8175e-13 8.66143e-13 1.75452e-12 3.22798e-12 5.4737e-12 8.69731e-12 1.3246e-11 1.99765e-11 3.10892e-11 5.18093e-11 9.35582e-11 1.7958e-10 3.54006e-10 6.94123e-10 1.32143e-09 2.39836e-09 4.08666e-09 6.4433e-09 9.26685e-09 1.19942e-08 1.3809e-08 1.40033e-08 1.23714e-08 9.38136e-09 6.01139e-09 3.2311e-09 1.46662e-09 5.71338e-10 1.93687e-10 5.73479e-11 1.47295e-11 3.22411e-12 5.78264e-13 7.70123e-14 5.46065e-15 0 
0 1.62795e-16 1.25448e-15 5.16118e-15 1.58997e-14 4.07556e-14 9.11281e-14 1.82492e-13 3.33367e-13 5.64787e-13 9.04879e-13 1.40795e-12 2.20462e-12 3.61109e-12 6.34421e-12 1.19148e-11 2.32885e-11 4.58579e-11 8.85572e-11 1.64424e-10 2.89079e-10 4.7497e-10 7.20279e-10 9.95787e-10 1.23998e-09 1.37501e-09 1.34416e-09 1.14838e-09 8.51305e-10 5.44797e-10 3.00442e-10 1.43058e-10 5.90525e-11 2.11999e-11 6.61839e-12 1.78634e-12 4.10085e-13 7.70123e-14 1.07182e-14 7.92413e-16 0 
0 1.02672e-17 7.75568e-17 3.13125e-16 9.47999e-16 2.39275e-15 5.28166e-15 1.04783e-14 1.90566e-14 3.2376e-14 5.25645e-14 8.40411e-14 1.37198e-13 2.36129e-13 4.33385e-13 8.35843e-13 1.64538e-12 3.2125e-12 6.08481e-12 1.10005e-11 1.87401e-11 2.97469e-11 4.35301e-11 5.81127e-11 7.006e-11 7.55485e-11 7.22483e-11 6.08407e-11 4.48766e-11 2.88973e-11 1.62228e-11 7.94242e-12 3.39465e-12 1.26725e-12 4.12419e-13 1.16197e-13 2.78566e-14 5.46065e-15 7.92413e-16 6.09865e-17 0 
0 0 0 0 0 0 0 0 0 0 0 0 0 0 0 0 0 0 0 0 0 0 0 0 0 0 0 0 0 0 0 0 0 0 0 0 0 0 0 0 0 
