0 0 0 0 0 0 0 0 0 0 0 0 0 0 0 0 0 0 0 0 0 0 0 0 0 0 0 0 0 0 0 0 0 0 0 0 0 0 0 0 0 
0 4.05413e-07 3.60964e-06 1.58889e-05 4.79972e-05 0.00011101 0.000209335 0.000337355 0.000482088 0.000628219 0.000761844 0.000872139 0.000951706 0.000996378 0.00100488 0.000978468 0.000920563 0.000836381 0.000732544 0.000616657 0.000496818 0.000381006 0.000276312 0.000188087 0.000119217 6.98025e-05 3.7481e-05 1.83495e-05 8.15842e-06 3.28789e-06 1.20062e-06 3.97441e-07 1.19294e-07 3.24291e-08 7.95104e-09 1.74139e-09 3.33889e-10 5.37045e-11 6.54248e-12 4.31402e-13 0 
0 3.60964e-06 3.28323e-05 0.000142314 0.000405204 0.000854035 0.00144863 0.00211254 0.00277727 0.00339433 0.00392971 0.00435828 0.00466203 0.00483039 0.00486073 0.00475831 0.00453537 0.00420952 0.00380185 0.00333501 0.00283195 0.00231547 0.00180874 0.00133583 0.000920846 0.000584115 0.000336262 0.000173714 7.99793e-05 3.27551e-05 1.19583e-05 3.90823e-06 1.14817e-06 3.03857e-07 7.23182e-08 1.53572e-08 2.85516e-09 4.45657e-10 5.27539e-11 3.38527e-12 0 
0 1.58889e-05 0.000142314 0.000572843 0.00144148 0.00265786 0.00404197 0.00547222 0.00687437 0.00818302 0.00933249 0.0102628 0.0109271 0.0112966 0.0113623 0.0111355 0.0106445 0.00993144 0.00904703 0.00804545 0.00697902 0.00589364 0.00482602 0.00380409 0.00285197 0.00199801 0.0012789 0.000730351 0.000365027 0.000158146 5.94647e-05 1.95716e-05 5.69798e-06 1.47925e-06 3.43407e-07 7.09414e-08 1.28204e-08 1.94589e-09 2.24223e-10 1.40268e-11 0 
0 4.79972e-05 0.000405204 0.00144148 0.00315553 0.0052592 0.00757436 0.0100021 0.0124285 0.0147206 0.0167464 0.0183909 0.0195668 0.020221 0.0203372 0.0199348 0.0190647 0.0178023 0.0162395 0.0144753 0.0126074 0.0107247 0.00890045 0.00718724 0.00561504 0.0041957 0.00293861 0.00187235 0.0010479 0.000500307 0.000201254 6.86376e-05 2.01797e-05 5.20023e-06 1.18642e-06 2.39641e-07 4.22543e-08 6.25511e-09 7.03417e-10 4.29945e-11 0 
0 0.00011101 0.000854035 0.00265786 0.0052592 0.00836286 0.0118446 0.01555 0.0192754 0.022802 0.0259213 0.0284543 0.0302659 0.0312737 0.0314525 0.0308323 0.0294915 0.0275466 0.0251394 0.0224233 0.01955 0.0166587 0.0138672 0.0112659 0.00891322 0.00683313 0.00501851 0.00345129 0.00214096 0.00114406 0.000507454 0.000184849 5.61421e-05 1.45758e-05 3.29912e-06 6.55682e-07 1.13321e-07 1.64209e-08 1.80765e-09 1.08242e-10 0 
0 0.000209335 0.00144863 0.00404197 0.00757436 0.0118446 0.016696 0.0218794 0.0270961 0.0320359 0.036406 0.0399553 0.0424944 0.0439083 0.0441593 0.0432887 0.0414085 0.038683 0.0353104 0.0315054 0.0274811 0.023433 0.0195274 0.0158939 0.0126212 0.0097558 0.00730078 0.00522029 0.00346723 0.00204005 0.00100528 0.000399519 0.000128069 3.40283e-05 7.72022e-06 1.52016e-06 2.58812e-07 3.6856e-08 3.98479e-09 2.34436e-10 0 
0 0.000337355 0.00211254 0.00547222 0.0100021 0.01555 0.0218794 0.0286475 0.0354606 0.041913 0.0476255 0.0523023 0.0557818 0.0578735 0.0582669 0.0569399 0.0542663 0.0506158 0.0461924 0.0412208 0.0359647 0.0306784 0.0255793 0.0208376 0.0165713 0.0128468 0.00968077 0.00704045 0.00485325 0.00305124 0.00164651 0.000717513 0.000246267 6.78815e-05 1.55883e-05 3.06154e-06 5.16008e-07 7.24994e-08 7.72444e-09 4.47818e-10 0 
0 0.000482088 0.00277727 0.00687437 0.0124285 0.0192754 0.0270961 0.0354606 0.0438817 0.0518682 0.0591154 0.0659623 0.0719038 0.0753741 0.0760119 0.0739223 0.0693095 0.0633011 0.057242 0.0510096 0.0445067 0.0379733 0.031672 0.0258134 0.0205442 0.0159486 0.0120527 0.00882929 0.0061998 0.00405714 0.00234156 0.00110828 0.000408937 0.00011796 2.76303e-05 5.44399e-06 9.1241e-07 1.26947e-07 1.33716e-08 7.66086e-10 0 
0 0.000628219 0.00339433 0.00818302 0.0147206 0.022802 0.0320359 0.041913 0.0518682 0.0615629 0.0719952 0.0812897 0.0863801 0.0886655 0.089089 0.0878257 0.0845099 0.0780745 0.0688834 0.06042 0.0526061 0.0448832 0.037443 0.0305261 0.0243062 0.0188834 0.0142912 0.0105044 0.00744332 0.00498306 0.00300904 0.00152101 0.000600164 0.000181625 4.35911e-05 8.6525e-06 1.44724e-06 2.0004e-07 2.08918e-08 1.18603e-09 0 
0 0.000761844 0.00392971 0.00933249 0.0167464 0.0259213 0.036406 0.0476255 0.0591154 0.0719952 0.0840495 0.0903193 0.093621 0.0952282 0.0955536 0.0946857 0.0924779 0.0884205 0.081029 0.0698167 0.059878 0.0510027 0.0425499 0.0346964 0.0276349 0.0214794 0.0162693 0.0119793 0.00852793 0.00578222 0.00359367 0.00190603 0.000795324 0.000251687 6.19509e-05 1.24158e-05 2.07784e-06 2.86068e-07 2.96983e-08 1.67467e-09 0 
0 0.000872139 0.00435828 0.0102628 0.0183909 0.0284543 0.0399553 0.0523023 0.0659623 0.0812897 0.0903193 0.0950172 0.0976869 0.0990368 0.0993248 0.0986132 0.0968154 0.093636 0.0882988 0.0787383 0.0663154 0.0560095 0.0467 0.0380848 0.0303394 0.0235885 0.0178757 0.0131751 0.00940261 0.00642071 0.00406163 0.00222613 0.000969107 0.000318295 8.01537e-05 1.62236e-05 2.72055e-06 3.73809e-07 3.86589e-08 2.17004e-09 0 
0 0.000951706 0.00466203 0.0109271 0.0195668 0.0302659 0.0424944 0.0557818 0.0719038 0.0863801 0.093621 0.0976869 0.10008 0.101312 0.101583 0.100945 0.0993343 0.0965323 0.0920018 0.0842823 0.0716626 0.0596935 0.0496737 0.0405102 0.0322754 0.0250984 0.0190256 0.0140305 0.0100267 0.00687361 0.00439306 0.00245796 0.00110129 0.000371663 9.52728e-05 1.94473e-05 3.26928e-06 4.48937e-07 4.6334e-08 2.59399e-09 0 
0 0.000996378 0.00483039 0.0112966 0.020221 0.0312737 0.0439083 0.0578735 0.0753741 0.0886655 0.0952282 0.0990368 0.101312 0.102493 0.102758 0.102152 0.100622 0.0979798 0.0937734 0.0868257 0.0748413 0.0618521 0.0513355 0.0418627 0.0333553 0.0259408 0.0196674 0.0145082 0.0103751 0.00712602 0.00457809 0.00258962 0.00117911 0.000404365 0.000104819 2.15201e-05 3.62587e-06 4.98084e-07 5.1379e-08 2.8738e-09 0 
0 0.00100488 0.00486073 0.0113623 0.0203372 0.0314525 0.0441593 0.0582669 0.0760119 0.089089 0.0955536 0.0993248 0.101583 0.102758 0.103021 0.102421 0.100903 0.098284 0.0941255 0.0872918 0.0754369 0.0622571 0.0516371 0.0421083 0.033552 0.0260949 0.0197855 0.0145968 0.0104405 0.00717456 0.00461536 0.00261814 0.00119743 0.000412649 0.000107382 2.21028e-05 3.73005e-06 5.12953e-07 5.29567e-08 2.96419e-09 0 
0 0.000978468 0.00475831 0.0111355 0.0199348 0.0308323 0.0432887 0.0569399 0.0739223 0.0878257 0.0946857 0.0986132 0.100945 0.102152 0.102421 0.101801 0.100232 0.0975158 0.0931637 0.0858793 0.0735122 0.060916 0.0506252 0.0412871 0.0328977 0.0255858 0.019399 0.0143107 0.0102338 0.00702756 0.00451141 0.00254788 0.00115799 0.000396784 0.000102931 2.11744e-05 3.57698e-06 4.92807e-07 5.09907e-08 2.86111e-09 0 
0 0.000920563 0.00453537 0.0106445 0.0190647 0.0294915 0.0414085 0.0542663 0.0693095 0.0845099 0.0924779 0.0968154 0.0993343 0.100622 0.100903 0.100232 0.0985374 0.0955703 0.0907035 0.0821982 0.0693574 0.0581343 0.0484344 0.039504 0.0314763 0.0244792 0.0185582 0.0136874 0.00978205 0.00670413 0.00427998 0.00238959 0.00106859 0.000360709 9.27394e-05 1.90222e-05 3.2164e-06 4.44438e-07 4.6168e-08 2.60202e-09 0 
0 0.000836381 0.00420952 0.00993144 0.0178023 0.0275466 0.038683 0.0506158 0.0633011 0.0780745 0.0884205 0.093636 0.0965323 0.0979798 0.098284 0.0975158 0.0955703 0.0920862 0.0860919 0.0755324 0.063937 0.0542544 0.0452591 0.0369152 0.0294125 0.0228725 0.0173373 0.0127822 0.00912517 0.00623216 0.00394142 0.00216024 0.000942355 0.000311201 7.90159e-05 1.61485e-05 2.73576e-06 3.79866e-07 3.97098e-08 2.25374e-09 0 
0 0.000732544 0.00380185 0.00904703 0.0162395 0.0251394 0.0353104 0.0461924 0.057242 0.0688834 0.081029 0.0882988 0.0920018 0.0937734 0.0941255 0.0931637 0.0907035 0.0860919 0.0777487 0.0671936 0.0580834 0.0495281 0.0413304 0.0337107 0.0268584 0.0208847 0.0158276 0.011663 0.00831214 0.00564648 0.00352281 0.00188366 0.000796938 0.000256726 6.43771e-05 1.31334e-05 2.23543e-06 3.12889e-07 3.30229e-08 1.89346e-09 0 
0 0.000616657 0.00333501 0.00804545 0.0144753 0.0224233 0.0315054 0.0412208 0.0510096 0.06042 0.0698167 0.0787383 0.0842823 0.0868257 0.0872918 0.0858793 0.0821982 0.0755324 0.0671936 0.059423 0.0518043 0.0442145 0.0368984 0.0300962 0.0239787 0.0186448 0.0141278 0.0104039 0.00739739 0.00498853 0.00306026 0.00159191 0.000653444 0.000206129 5.13218e-05 1.05071e-05 1.8055e-06 2.55837e-07 2.73625e-08 1.58997e-09 0 
0 0.000496818 0.00283195 0.00697902 0.0126074 0.01955 0.0274811 0.0359647 0.0445067 0.0526061 0.059878 0.0663154 0.0716626 0.0748413 0.0754369 0.0735122 0.0693574 0.063937 0.0580834 0.0518043 0.0452175 0.0385972 0.0322121 0.0262757 0.0209369 0.0162815 0.0123375 0.00908092 0.00644035 0.00431067 0.00260462 0.00132676 0.000534679 0.000167391 4.18435e-05 8.66447e-06 1.51074e-06 2.17369e-07 2.35932e-08 1.38965e-09 0 
0 0.000381006 0.00231547 0.00589364 0.0107247 0.0166587 0.023433 0.0306784 0.0379733 0.0448832 0.0510027 0.0560095 0.0596935 0.0618521 0.0622571 0.060916 0.0581343 0.0542544 0.0495281 0.0442145 0.0385972 0.0329482 0.0275006 0.0224368 0.0178841 0.0139158 0.0105551 0.00777777 0.00551881 0.00369122 0.0022287 0.00113777 0.000462138 0.000146616 3.72334e-05 7.82977e-06 1.38393e-06 2.01402e-07 2.20609e-08 1.30861e-09 0 
0 0.000276312 0.00180874 0.00482602 0.00890045 0.0138672 0.0195274 0.0255793 0.031672 0.037443 0.0425499 0.0467 0.0496737 0.0513355 0.0516371 0.0506252 0.0484344 0.0452591 0.0413304 0.0368984 0.0322121 0.0275006 0.022959 0.0187406 0.0149558 0.0116761 0.00892852 0.00667562 0.00482409 0.00328819 0.00203272 0.00107223 0.000451262 0.000147187 3.79838e-05 8.04206e-06 1.42294e-06 2.0661e-07 2.25369e-08 1.32969e-09 0 
0 0.000188087 0.00133583 0.00380409 0.00718724 0.0112659 0.0158939 0.0208376 0.0258134 0.0305261 0.0346964 0.0380848 0.0405102 0.0418627 0.0421083 0.0412871 0.039504 0.0369152 0.0337107 0.0300962 0.0262757 0.0224368 0.0187406 0.0153205 0.0123034 0.00983409 0.00799967 0.00661423 0.00524673 0.003712 0.00227229 0.0011932 0.000511494 0.000169412 4.36578e-05 9.12363e-06 1.58609e-06 2.26059e-07 2.42172e-08 1.4047e-09 0 
0 0.000119217 0.000920846 0.00285197 0.00561504 0.00891322 0.0126212 0.0165713 0.0205442 0.0243062 0.0276349 0.0303394 0.0322754 0.0333553 0.033552 0.0328977 0.0314763 0.0294125 0.0268584 0.0239787 0.0209369 0.0178841 0.0149558 0.0123034 0.0102217 0.0092869 0.00991984 0.0111514 0.0107225 0.00782294 0.00425535 0.00184321 0.000689196 0.000214601 5.29987e-05 1.065e-05 1.78913e-06 2.47573e-07 2.58427e-08 1.46499e-09 0 
0 6.98025e-05 0.000584115 0.00199801 0.0041957 0.00683313 0.0097558 0.0128468 0.0159486 0.0188834 0.0214794 0.0235885 0.0250984 0.0259408 0.0260949 0.0255858 0.0244792 0.0228725 0.0208847 0.0186448 0.0162815 0.0139158 0.0116761 0.00983409 0.0092869 0.0120932 0.0198277 0.0326589 0.0394069 0.0229326 0.0115313 0.00413792 0.00117463 0.000296632 6.47571e-05 1.20209e-05 1.91948e-06 2.56515e-07 2.60551e-08 1.44341e-09 0 
0 3.7481e-05 0.000336262 0.0012789 0.00293861 0.00501851 0.00730078 0.00968077 0.0120527 0.0142912 0.0162693 0.0178757 0.0190256 0.0196674 0.0197855 0.019399 0.0185582 0.0173373 0.0158276 0.0141278 0.0123375 0.0105551 0.00892852 0.00799967 0.00991984 0.0198277 0.0470234 0.0774807 0.0798877 0.0672458 0.0269657 0.00902874 0.00217297 0.000431186 7.733e-05 1.26194e-05 1.87762e-06 2.41758e-07 2.39714e-08 1.30308e-09 0 
0 1.83495e-05 0.000173714 0.000730351 0.00187235 0.00345129 0.00522029 0.00704045 0.00882929 0.0105044 0.0119793 0.0131751 0.0140305 0.0145082 0.0145968 0.0143107 0.0136874 0.0127822 0.011663 0.0104039 0.00908092 0.00777777 0.00667562 0.00661423 0.0111514 0.0326589 0.0774807 0.0861032 0.0871248 0.0824844 0.0574678 0.0145464 0.00329815 0.000566823 8.46655e-05 1.18886e-05 1.62611e-06 2.01953e-07 1.96744e-08 1.05665e-09 0 
0 8.15842e-06 7.99793e-05 0.000365027 0.0010479 0.00214096 0.00346723 0.00485325 0.0061998 0.00744332 0.00852793 0.00940261 0.0100267 0.0103751 0.0104405 0.0102338 0.00978205 0.00912517 0.00831214 0.00739739 0.00644035 0.00551881 0.00482409 0.00524673 0.0107225 0.0394069 0.0798877 0.0871248 0.0881044 0.0844511 0.0672792 0.0162248 0.00356818 0.000577034 7.68962e-05 9.5651e-06 1.21508e-06 1.46919e-07 1.41986e-08 7.59951e-10 0 
0 3.28789e-06 3.27551e-05 0.000158146 0.000500307 0.00114406 0.00204005 0.00305124 0.00405714 0.00498306 0.00578222 0.00642071 0.00687361 0.00712602 0.00717456 0.00702756 0.00670413 0.00623216 0.00564648 0.00498853 0.00431067 0.00369122 0.00328819 0.003712 0.00782294 0.0229326 0.0672458 0.0824844 0.0844511 0.0787515 0.0417886 0.0118731 0.002637 0.000420067 5.33234e-05 6.24086e-06 7.65547e-07 9.20074e-08 8.93298e-09 4.8109e-10 0 
0 1.20062e-06 1.19583e-05 5.94647e-05 0.000201254 0.000507454 0.00100528 0.00164651 0.00234156 0.00300904 0.00359367 0.00406163 0.00439306 0.00457809 0.00461536 0.00451141 0.00427998 0.00394142 0.00352281 0.00306026 0.00260462 0.0022287 0.00203272 0.00227229 0.00425535 0.0115313 0.0269657 0.0574678 0.0672792 0.0417886 0.017839 0.00588545 0.00132092 0.000213219 2.7141e-05 3.20549e-06 4.01597e-07 4.93353e-08 4.87973e-09 2.67002e-10 0 
0 3.97441e-07 3.90823e-06 1.95716e-05 6.86376e-05 0.000184849 0.000399519 0.000717513 0.00110828 0.00152101 0.00190603 0.00222613 0.00245796 0.00258962 0.00261814 0.00254788 0.00238959 0.00216024 0.00188366 0.00159191 0.00132676 0.00113777 0.00107223 0.0011932 0.00184321 0.00413792 0.00902874 0.0145464 0.0162248 0.0118731 0.00588545 0.00196438 0.000452857 7.58026e-05 1.01718e-05 1.30339e-06 1.76122e-07 2.26766e-08 2.31318e-09 1.29716e-10 0 
0 1.19294e-07 1.14817e-06 5.69798e-06 2.01797e-05 5.61421e-05 0.000128069 0.000246267 0.000408937 0.000600164 0.000795324 0.000969107 0.00110129 0.00117911 0.00119743 0.00115799 0.00106859 0.000942355 0.000796938 0.000653444 0.000534679 0.000462138 0.000451262 0.000511494 0.000689196 0.00117463 0.00217297 0.00329815 0.00356818 0.002637 0.00132092 0.000452857 0.000109044 1.95153e-05 2.93898e-06 4.3591e-07 6.56695e-08 8.98243e-09 9.52955e-10 5.51537e-11 0 
0 3.24291e-08 3.03857e-07 1.47925e-06 5.20023e-06 1.45758e-05 3.40283e-05 6.78815e-05 0.00011796 0.000181625 0.000251687 0.000318295 0.000371663 0.000404365 0.000412649 0.000396784 0.000360709 0.000311201 0.000256726 0.000206129 0.000167391 0.000146616 0.000147187 0.000169412 0.000214601 0.000296632 0.000431186 0.000566823 0.000577034 0.000420067 0.000213219 7.58026e-05 1.95153e-05 3.9454e-06 7.12643e-07 1.26007e-07 2.11833e-08 3.08268e-09 3.41702e-10 2.05166e-11 0 
0 7.95104e-09 7.23182e-08 3.43407e-07 1.18642e-06 3.29912e-06 7.72022e-06 1.55883e-05 2.76303e-05 4.35911e-05 6.19509e-05 8.01537e-05 9.52728e-05 0.000104819 0.000107382 0.000102931 9.27394e-05 7.90159e-05 6.43771e-05 5.13218e-05 4.18435e-05 3.72334e-05 3.79838e-05 4.36578e-05 5.29987e-05 6.47571e-05 7.733e-05 8.46655e-05 7.68962e-05 5.33234e-05 2.7141e-05 1.01718e-05 2.93898e-06 7.12643e-07 1.57558e-07 3.24051e-08 5.95612e-09 9.18275e-10 1.06575e-10 6.66125e-12 0 
0 1.74139e-09 1.53572e-08 7.09414e-08 2.39641e-07 6.55682e-07 1.52016e-06 3.06154e-06 5.44399e-06 8.6525e-06 1.24158e-05 1.62236e-05 1.94473e-05 2.15201e-05 2.21028e-05 2.11744e-05 1.90222e-05 1.61485e-05 1.31334e-05 1.05071e-05 8.66447e-06 7.82977e-06 8.04206e-06 9.12363e-06 1.065e-05 1.20209e-05 1.26194e-05 1.18886e-05 9.5651e-06 6.24086e-06 3.20549e-06 1.30339e-06 4.3591e-07 1.26007e-07 3.24051e-08 7.38357e-09 1.45336e-09 2.36383e-10 2.87466e-11 1.87396e-12 0 
0 3.33889e-10 2.85516e-09 1.28204e-08 4.22543e-08 1.13321e-07 2.58812e-07 5.16008e-07 9.1241e-07 1.44724e-06 2.07784e-06 2.72055e-06 3.26928e-06 3.62587e-06 3.73005e-06 3.57698e-06 3.2164e-06 2.73576e-06 2.23543e-06 1.8055e-06 1.51074e-06 1.38393e-06 1.42294e-06 1.58609e-06 1.78913e-06 1.91948e-06 1.87762e-06 1.62611e-06 1.21508e-06 7.65547e-07 4.01597e-07 1.76122e-07 6.56695e-08 2.11833e-08 5.95612e-09 1.45336e-09 3.02725e-10 5.17893e-11 6.59758e-12 4.48874e-13 0 
0 5.37045e-11 4.45657e-10 1.94589e-09 6.25511e-09 1.64209e-08 3.6856e-08 7.24994e-08 1.26947e-07 2.0004e-07 2.86068e-07 3.73809e-07 4.48937e-07 4.98084e-07 5.12953e-07 4.92807e-07 4.44438e-07 3.79866e-07 3.12889e-07 2.55837e-07 2.17369e-07 2.01402e-07 2.0661e-07 2.26059e-07 2.47573e-07 2.56515e-07 2.41758e-07 2.01953e-07 1.46919e-07 9.20074e-08 4.93353e-08 2.26766e-08 8.98243e-09 3.08268e-09 9.18275e-10 2.36383e-10 5.17893e-11 9.29587e-12 1.23915e-12 8.79606e-14 0 
0 6.54248e-12 5.27539e-11 2.24223e-10 7.03417e-10 1.80765e-09 3.98479e-09 7.72444e-09 1.33716e-08 2.08918e-08 2.96983e-08 3.86589e-08 4.6334e-08 5.1379e-08 5.29567e-08 5.09907e-08 4.6168e-08 3.97098e-08 3.30229e-08 2.73625e-08 2.35932e-08 2.20609e-08 2.25369e-08 2.42172e-08 2.58427e-08 2.60551e-08 2.39714e-08 1.96744e-08 1.41986e-08 8.93298e-09 4.87973e-09 2.31318e-09 9.52955e-10 3.41702e-10 1.06575e-10 2.87466e-11 6.59758e-12 1.23915e-12 1.72535e-13 1.27646e-14 0 
0 4.31402e-13 3.38527e-12 1.40268e-11 4.29945e-11 1.08242e-10 2.34436e-10 4.47818e-10 7.66086e-10 1.18603e-09 1.67467e-09 2.17004e-09 2.59399e-09 2.8738e-09 2.96419e-09 2.86111e-09 2.60202e-09 2.25374e-09 1.89346e-09 1.58997e-09 1.38965e-09 1.30861e-09 1.32969e-09 1.4047e-09 1.46499e-09 1.44341e-09 1.30308e-09 1.05665e-09 7.59951e-10 4.8109e-10 2.67002e-10 1.29716e-10 5.51537e-11 2.05166e-11 6.66125e-12 1.87396e-12 4.48874e-13 8.79606e-14 1.27646e-14 9.82728e-16 0 
0 0 0 0 0 0 0 0 0 0 0 0 0 0 0 0 0 0 0 0 0 0 0 0 0 0 0 0 0 0 0 0 0 0 0 0 0 0 0 0 0 
