0 0 0 0 0 0 0 0 0 0 0 0 0 0 0 0 0 0 0 0 0 0 0 0 0 0 0 0 0 0 0 0 0 0 0 0 0 0 0 0 0 
0 3.14612e-07 2.81828e-06 1.25526e-05 3.85774e-05 9.10805e-05 0.000175433 0.00028828 0.000418808 0.000552978 0.000677311 0.000780921 0.000856173 0.000898649 0.000906875 0.000881971 0.000827278 0.000747969 0.00065063 0.000542797 0.000432401 0.000327083 0.000233383 0.000155922 9.67849e-05 5.5402e-05 2.90557e-05 1.38926e-05 6.03768e-06 2.38224e-06 8.53483e-07 2.7784e-07 8.2204e-08 2.20762e-08 5.35796e-09 1.16366e-09 2.21588e-10 3.54427e-11 4.29825e-12 2.82383e-13 0 
0 2.81828e-06 2.58867e-05 0.000114435 0.000335126 0.000728714 0.0012716 0.00189635 0.00253364 0.00313102 0.00365157 0.00406899 0.00436509 0.00452943 0.00455945 0.00446024 0.00424361 0.00392666 0.00352995 0.00307596 0.00258794 0.00208972 0.00160589 0.00116169 0.000780922 0.000481206 0.00026842 0.000134271 5.99401e-05 2.38729e-05 8.50869e-06 2.72585e-06 7.87906e-07 2.05814e-07 4.8478e-08 1.02103e-08 1.88598e-09 2.9288e-10 3.45303e-11 2.20884e-12 0 
0 1.25526e-05 0.000114435 0.000475815 0.00124619 0.00238041 0.00371016 0.00509881 0.00646144 0.00773114 0.00884472 0.00974522 0.0103881 0.0107458 0.01081 0.0105914 0.0101172 0.00942792 0.008572 0.00760121 0.00656546 0.00550875 0.00446727 0.00347092 0.00254894 0.00173625 0.00107273 0.000588266 0.000281955 0.000117485 4.27344e-05 1.36988e-05 3.90854e-06 9.99446e-07 2.29412e-07 4.69928e-08 8.4387e-09 1.27473e-09 1.46357e-10 9.1305e-12 0 
0 3.85774e-05 0.000335126 0.00124619 0.00284498 0.00487167 0.00711678 0.0094665 0.0118103 0.0140224 0.015977 0.0175638 0.0186988 0.0193307 0.0194436 0.0190563 0.0182177 0.0170004 0.0154927 0.0137899 0.0119859 0.0101652 0.00839739 0.00673182 0.00519768 0.00381137 0.00259424 0.0015889 0.000847506 0.000384709 0.000147836 4.86053e-05 1.39093e-05 3.51667e-06 7.91727e-07 1.58437e-07 2.77535e-08 4.08931e-09 4.58316e-10 2.79443e-11 0 
0 9.10805e-05 0.000728714 0.00238041 0.00487167 0.00787446 0.0112366 0.0148095 0.0184004 0.0217999 0.0248075 0.0272505 0.0289983 0.0299713 0.0301451 0.0295481 0.028256 0.0263811 0.0240601 0.0214407 0.0186691 0.0158792 0.0131839 0.0106688 0.00838803 0.00636273 0.00458884 0.00306309 0.00181857 0.000919768 0.000385345 0.000133628 3.91207e-05 9.90446e-06 2.20496e-06 4.33484e-07 7.43805e-08 1.07261e-08 1.17684e-09 7.03062e-11 0 
0 0.000175433 0.0012716 0.00371016 0.00711678 0.0112366 0.0159107 0.020904 0.0259305 0.0306919 0.0349054 0.0383285 0.0407778 0.0421417 0.0423851 0.0415481 0.0397371 0.0371098 0.0338579 0.0301886 0.0263076 0.0224032 0.0186357 0.015129 0.0119674 0.00919261 0.0068045 0.00477063 0.00306362 0.00171396 0.000793944 0.000297027 9.07429e-05 2.33249e-05 5.18109e-06 1.00681e-06 1.69996e-07 2.40805e-08 2.59458e-09 1.52294e-10 0 
0 0.00028828 0.00189635 0.00509881 0.0094665 0.0148095 0.020904 0.0274232 0.0339884 0.0402084 0.0457141 0.0501958 0.0534301 0.0552621 0.0555936 0.054461 0.0520507 0.0485984 0.0443457 0.0395522 0.034483 0.0293845 0.0244665 0.0198926 0.0157758 0.0121782 0.00911208 0.00654212 0.00440299 0.00265648 0.00135099 0.000550612 0.000178198 4.70912e-05 1.05281e-05 2.0345e-06 3.39577e-07 4.7427e-08 5.03427e-09 2.91153e-10 0 
0 0.000418808 0.00253364 0.00646144 0.0118103 0.0184004 0.0259305 0.0339884 0.0421044 0.0497965 0.0566475 0.062443 0.0670318 0.0698428 0.070372 0.0686116 0.0650209 0.060328 0.0549349 0.0489868 0.042719 0.0364171 0.0303394 0.0246887 0.0196058 0.0151708 0.0114063 0.00828096 0.00571629 0.00362266 0.00198381 0.00087718 0.000302773 8.29953e-05 1.88106e-05 3.63422e-06 6.02137e-07 8.32091e-08 8.72842e-09 4.98764e-10 0 
0 0.000552978 0.00313102 0.00773114 0.0140224 0.0217999 0.0306919 0.0402084 0.0497965 0.0589435 0.0675227 0.0755222 0.0813379 0.0842677 0.0847912 0.0830993 0.0789661 0.0725284 0.0652519 0.0579637 0.0505264 0.0430821 0.035905 0.0292331 0.0232335 0.0180019 0.0135687 0.00990542 0.00692977 0.00452449 0.00261187 0.00123664 0.00045437 0.00012969 2.99379e-05 5.80636e-06 9.58335e-07 1.31444e-07 1.36648e-08 7.73536e-10 0 
0 0.000677311 0.00365157 0.00884472 0.015977 0.0248075 0.0349054 0.0457141 0.0566475 0.0675227 0.078488 0.0865537 0.090896 0.0929531 0.0933431 0.092195 0.0892861 0.083897 0.0754341 0.0661728 0.0574664 0.0489843 0.0408328 0.0332566 0.0264449 0.020507 0.0154791 0.0113338 0.00798661 0.00530679 0.00317331 0.0015831 0.000614035 0.000182241 4.29179e-05 8.37667e-06 1.3809e-06 1.88486e-07 1.94691e-08 1.09444e-09 0 
0 0.000780921 0.00406899 0.00974522 0.0175638 0.0272505 0.0383285 0.0501958 0.062443 0.0755222 0.0865537 0.0927166 0.0961077 0.0977823 0.0981177 0.0972006 0.0949024 0.0907895 0.0838127 0.0735342 0.0632398 0.0537919 0.0448393 0.0365279 0.0290558 0.0225433 0.0170311 0.0124915 0.008838 0.00593279 0.00362814 0.00187815 0.000760031 0.000233237 5.59631e-05 1.1001e-05 1.81444e-06 2.46982e-07 2.54037e-08 1.42125e-09 0 
0 0.000856173 0.00436509 0.0103881 0.0186988 0.0289983 0.0407778 0.0534301 0.0670318 0.0813379 0.090896 0.0961077 0.0990879 0.100592 0.100903 0.100092 0.0980652 0.0945094 0.0886554 0.0791178 0.0676282 0.0572615 0.0477106 0.0388719 0.0309268 0.0240027 0.0181433 0.0133204 0.00944571 0.00637747 0.00395285 0.00209564 0.000873494 0.000274846 6.69414e-05 1.32442e-05 2.18748e-06 2.97416e-07 3.05204e-08 1.70277e-09 0 
0 0.000898649 0.00452943 0.0107458 0.0193307 0.0299713 0.0421417 0.0552621 0.0698428 0.0842677 0.0929531 0.0977823 0.100592 0.102024 0.102326 0.10156 0.0996485 0.0963239 0.0909403 0.0820965 0.070242 0.0592249 0.0493158 0.040182 0.0319731 0.0248193 0.0187659 0.0137848 0.00978617 0.00662655 0.00413588 0.00222124 0.000941662 0.000300824 7.39827e-05 1.47064e-05 2.43298e-06 3.30823e-07 3.39266e-08 1.89102e-09 0 
0 0.000906875 0.00455945 0.01081 0.0194436 0.0301451 0.0423851 0.0555936 0.070372 0.0847912 0.0933431 0.0981177 0.100903 0.102326 0.102626 0.101868 0.0999734 0.0966829 0.0913688 0.0826418 0.0707403 0.05959 0.0496127 0.0404253 0.0321684 0.0249727 0.018884 0.013874 0.0098529 0.00667709 0.00417526 0.00225048 0.000958883 0.000307859 7.59975e-05 1.51438e-05 2.50932e-06 3.41589e-07 3.50633e-08 1.95606e-09 0 
0 0.000881971 0.00446024 0.0105914 0.0190563 0.0295481 0.0415481 0.054461 0.0686116 0.0830993 0.092195 0.0972006 0.100092 0.10156 0.101868 0.101082 0.0991167 0.0956867 0.0900934 0.0809084 0.0691343 0.0583998 0.0486473 0.03964 0.0315436 0.0244873 0.0185162 0.0136022 0.00965672 0.00653758 0.00407748 0.00218722 0.000926378 0.000296048 7.29389e-05 1.45384e-05 2.41283e-06 3.29199e-07 3.38797e-08 1.89534e-09 0 
0 0.000827278 0.00424361 0.0101172 0.0182177 0.028256 0.0397371 0.0520507 0.0650209 0.0789661 0.0892861 0.0949024 0.0980652 0.0996485 0.0999734 0.0991167 0.0969723 0.0931805 0.0868554 0.0768405 0.0657884 0.0558398 0.046545 0.0379273 0.0301796 0.0234265 0.017711 0.0130058 0.00922407 0.00622701 0.0038567 0.00204254 0.000851498 0.000268649 6.57617e-05 1.30937e-05 2.17775e-06 2.98267e-07 3.08406e-08 1.73422e-09 0 
0 0.000747969 0.00392666 0.00942792 0.0170004 0.0263811 0.0371098 0.0485984 0.060328 0.0725284 0.083897 0.0907895 0.0945094 0.0963239 0.0966829 0.0956867 0.0931805 0.0886454 0.0809828 0.070874 0.0612362 0.052158 0.0434908 0.035438 0.028197 0.0218848 0.0165409 0.0121387 0.00859413 0.00577337 0.00353445 0.00183449 0.000746756 0.000231311 5.61324e-05 1.11677e-05 1.86466e-06 2.57008e-07 2.67763e-08 1.51804e-09 0 
0 0.00065063 0.00352995 0.008572 0.0154927 0.0240601 0.0338579 0.0443457 0.0549349 0.0652519 0.0754341 0.0838127 0.0886554 0.0909403 0.0913688 0.0900934 0.0868554 0.0809828 0.0727 0.0641521 0.0558334 0.047618 0.0397088 0.0323557 0.0257431 0.0199774 0.0150942 0.0110673 0.00781543 0.00521255 0.00314016 0.00158823 0.000628634 0.000190972 4.60133e-05 9.1746e-06 1.54348e-06 2.14929e-07 2.2651e-08 1.29961e-09 0 
0 0.000542797 0.00307596 0.00760121 0.0137899 0.0214407 0.0301886 0.0395522 0.0489868 0.0579637 0.0661728 0.0735342 0.0791178 0.0820965 0.0826418 0.0809084 0.0768405 0.070874 0.0641521 0.0571139 0.0498181 0.0424996 0.0354416 0.0288793 0.0229773 0.01783 0.013468 0.00986507 0.00694332 0.00458901 0.0027137 0.00133655 0.000516016 0.000154689 3.72628e-05 7.49448e-06 1.27766e-06 1.80631e-07 1.93359e-08 1.12648e-09 0 
0 0.000432401 0.00258794 0.00656546 0.0119859 0.0186691 0.0263076 0.034483 0.042719 0.0505264 0.0574664 0.0632398 0.0676282 0.070242 0.0707403 0.0691343 0.0657884 0.0612362 0.0558334 0.0498181 0.0434703 0.0370868 0.0309301 0.0252063 0.0200583 0.015568 0.0117603 0.00860854 0.0060407 0.00396086 0.00230973 0.00111963 0.000428231 0.000128662 3.13642e-05 6.41556e-06 1.11392e-06 1.60307e-07 1.74432e-08 1.0311e-09 0 
0 0.000327083 0.00208972 0.00550875 0.0101652 0.0158792 0.0224032 0.0293845 0.0364171 0.0430821 0.0489843 0.0537919 0.0572615 0.0592249 0.05959 0.0583998 0.0558398 0.052158 0.047618 0.0424996 0.0370868 0.0316438 0.0263957 0.0215181 0.0171331 0.0133101 0.0100692 0.00738426 0.00519127 0.00341197 0.00200056 0.000981399 0.000382591 0.000117604 2.93117e-05 6.111e-06 1.0774e-06 1.56891e-07 1.72217e-08 1.0243e-09 0 
0 0.000233383 0.00160589 0.00446727 0.00839739 0.0131839 0.0186357 0.0244665 0.0303394 0.035905 0.0408328 0.0448393 0.0477106 0.0493158 0.0496127 0.0486473 0.046545 0.0434908 0.0397088 0.0354416 0.0309301 0.0263957 0.0220266 0.0179705 0.0143331 0.0111819 0.00854093 0.00637184 0.00458282 0.00309217 0.00187495 0.000960537 0.000391306 0.000124284 3.1544e-05 6.62262e-06 1.16778e-06 1.69418e-07 1.84863e-08 1.09156e-09 0 
0 0.000155922 0.00116169 0.00347092 0.00673182 0.0106688 0.015129 0.0198926 0.0246887 0.0292331 0.0332566 0.0365279 0.0388719 0.040182 0.0404253 0.03964 0.0379273 0.035438 0.0323557 0.0288793 0.0252063 0.0215181 0.0179705 0.0146923 0.0118048 0.00944584 0.00769563 0.00637074 0.00505336 0.00356539 0.00216312 0.00111337 0.000463673 0.000149451 3.78056e-05 7.81998e-06 1.35261e-06 1.92325e-07 2.05796e-08 1.19296e-09 0 
0 9.67849e-05 0.000780922 0.00254894 0.00519768 0.00838803 0.0119674 0.0157758 0.0196058 0.0232335 0.0264449 0.0290558 0.0309268 0.0319731 0.0321684 0.0315436 0.0301796 0.028197 0.0257431 0.0229773 0.0200583 0.0171331 0.0143331 0.0118048 0.00983072 0.00896128 0.00959772 0.0108029 0.0103912 0.0075795 0.00411671 0.00177032 0.000647827 0.000195744 4.72097e-05 9.35883e-06 1.56177e-06 2.15403e-07 2.24436e-08 1.27073e-09 0 
0 5.5402e-05 0.000481206 0.00173625 0.00381137 0.00636273 0.00919261 0.0121782 0.0151708 0.0180019 0.020507 0.0225433 0.0240027 0.0248193 0.0249727 0.0244873 0.0234265 0.0218848 0.0199774 0.01783 0.015568 0.0133101 0.0111819 0.00944584 0.00896128 0.0117107 0.0192249 0.0295055 0.0348862 0.0221054 0.0111827 0.00400873 0.00112905 0.000278027 5.89347e-05 1.07339e-05 1.69846e-06 2.2607e-07 2.29154e-08 1.26774e-09 0 
0 2.90557e-05 0.00026842 0.00107273 0.00259424 0.00458884 0.0068045 0.00911208 0.0114063 0.0135687 0.0154791 0.0170311 0.0181433 0.0187659 0.018884 0.0185162 0.017711 0.0165409 0.0150942 0.013468 0.0117603 0.0100692 0.00854093 0.00769563 0.00959772 0.0192249 0.0425706 0.076121 0.0800595 0.0620895 0.0260294 0.0087564 0.00210347 0.000411525 7.16674e-05 1.14067e-05 1.67563e-06 2.14661e-07 2.12382e-08 1.15297e-09 0 
0 1.38926e-05 0.000134271 0.000588266 0.0015889 0.00306309 0.00477063 0.00654212 0.00828096 0.00990542 0.0113338 0.0124915 0.0133204 0.0137848 0.013874 0.0136022 0.0130058 0.0121387 0.0110673 0.00986507 0.00860854 0.00738426 0.00637184 0.00637074 0.0108029 0.0295055 0.076121 0.0872169 0.0886292 0.0831378 0.0524498 0.014106 0.00319721 0.0005454 7.95021e-05 1.08538e-05 1.45982e-06 1.80134e-07 1.75079e-08 9.39139e-10 0 
0 6.03768e-06 5.99401e-05 0.000281955 0.000847506 0.00181857 0.00306362 0.00440299 0.00571629 0.00692977 0.00798661 0.008838 0.00944571 0.00978617 0.0098529 0.00965672 0.00922407 0.00859413 0.00781543 0.00694332 0.0060407 0.00519127 0.00458282 0.00505336 0.0103912 0.0348862 0.0800595 0.0886292 0.0897808 0.0853902 0.062355 0.0155731 0.00345988 0.000556638 7.27037e-05 8.79242e-06 1.09524e-06 1.31417e-07 1.26694e-08 6.77343e-10 0 
0 2.38224e-06 2.38729e-05 0.000117485 0.000384709 0.000919768 0.00171396 0.00265648 0.00362266 0.00452449 0.00530679 0.00593279 0.00637747 0.00662655 0.00667709 0.00653758 0.00622701 0.00577337 0.00521255 0.00458901 0.00396086 0.00341197 0.00309217 0.00356539 0.0075795 0.0221054 0.0620895 0.0831378 0.0853902 0.078694 0.0379545 0.0115169 0.0025567 0.000405119 5.04935e-05 5.75228e-06 6.91415e-07 8.24318e-08 7.98431e-09 4.29576e-10 0 
0 8.53483e-07 8.50869e-06 4.27344e-05 0.000147836 0.000385345 0.000793944 0.00135099 0.00198381 0.00261187 0.00317331 0.00362814 0.00395285 0.00413588 0.00417526 0.00407748 0.0038567 0.00353445 0.00314016 0.0027137 0.00230973 0.00200056 0.00187495 0.00216312 0.00411671 0.0111827 0.0260294 0.0524498 0.062355 0.0379545 0.0173043 0.0057085 0.00127979 0.000205091 2.56274e-05 2.94989e-06 3.62654e-07 4.42315e-08 4.36604e-09 2.38699e-10 0 
0 2.7784e-07 2.72585e-06 1.36988e-05 4.86053e-05 0.000133628 0.000297027 0.000550612 0.00087718 0.00123664 0.0015831 0.00187815 0.00209564 0.00222124 0.00225048 0.00218722 0.00204254 0.00183449 0.00158823 0.00133655 0.00111963 0.000981399 0.000960537 0.00111337 0.00177032 0.00400873 0.0087564 0.014106 0.0155731 0.0115169 0.0057085 0.00190434 0.00043759 7.24861e-05 9.53659e-06 1.19318e-06 1.58767e-07 2.03328e-08 2.07098e-09 1.16059e-10 0 
0 8.2204e-08 7.87906e-07 3.90854e-06 1.39093e-05 3.91207e-05 9.07429e-05 0.000178198 0.000302773 0.00045437 0.000614035 0.000760031 0.000873494 0.000941662 0.000958883 0.000926378 0.000851498 0.000746756 0.000628634 0.000516016 0.000428231 0.000382591 0.000391306 0.000463673 0.000647827 0.00112905 0.00210347 0.00319721 0.00345988 0.0025567 0.00127979 0.00043759 0.000104623 1.8467e-05 2.72441e-06 3.96153e-07 5.90661e-08 8.05289e-09 8.53509e-10 4.93735e-11 0 
0 2.20762e-08 2.05814e-07 9.99446e-07 3.51667e-06 9.90446e-06 2.33249e-05 4.70912e-05 8.29953e-05 0.00012969 0.000182241 0.000233237 0.000274846 0.000300824 0.000307859 0.000296048 0.000268649 0.000231311 0.000190972 0.000154689 0.000128662 0.000117604 0.000124284 0.000149451 0.000195744 0.000278027 0.000411525 0.0005454 0.000556638 0.000405119 0.000205091 7.24861e-05 1.8467e-05 3.67439e-06 6.51679e-07 1.13747e-07 1.90194e-08 2.76328e-09 3.06118e-10 1.83731e-11 0 
0 5.35796e-09 4.8478e-08 2.29412e-07 7.91727e-07 2.20496e-06 5.18109e-06 1.05281e-05 1.88106e-05 2.99379e-05 4.29179e-05 5.59631e-05 6.69414e-05 7.39827e-05 7.59975e-05 7.29389e-05 6.57617e-05 5.61324e-05 4.60133e-05 3.72628e-05 3.13642e-05 2.93117e-05 3.1544e-05 3.78056e-05 4.72097e-05 5.89347e-05 7.16674e-05 7.95021e-05 7.27037e-05 5.04935e-05 2.56274e-05 9.53659e-06 2.72441e-06 6.51679e-07 1.4247e-07 2.91288e-08 5.3424e-09 8.23066e-10 9.54911e-11 5.96674e-12 0 
0 1.16366e-09 1.02103e-08 4.69928e-08 1.58437e-07 4.33484e-07 1.00681e-06 2.0345e-06 3.63422e-06 5.80636e-06 8.37667e-06 1.1001e-05 1.32442e-05 1.47064e-05 1.51438e-05 1.45384e-05 1.30937e-05 1.11677e-05 9.1746e-06 7.49448e-06 6.41556e-06 6.111e-06 6.62262e-06 7.81998e-06 9.35883e-06 1.07339e-05 1.14067e-05 1.08538e-05 8.79242e-06 5.75228e-06 2.94989e-06 1.19318e-06 3.96153e-07 1.13747e-07 2.91288e-08 6.6245e-09 1.30303e-09 2.11865e-10 2.57589e-11 1.67883e-12 0 
0 2.21588e-10 1.88598e-09 8.4387e-09 2.77535e-08 7.43805e-08 1.69996e-07 3.39577e-07 6.02137e-07 9.58335e-07 1.3809e-06 1.81444e-06 2.18748e-06 2.43298e-06 2.50932e-06 2.41283e-06 2.17775e-06 1.86466e-06 1.54348e-06 1.27766e-06 1.11392e-06 1.0774e-06 1.16778e-06 1.35261e-06 1.56177e-06 1.69846e-06 1.67563e-06 1.45982e-06 1.09524e-06 6.91415e-07 3.62654e-07 1.58767e-07 5.90661e-08 1.90194e-08 5.3424e-09 1.30303e-09 2.71354e-10 4.64153e-11 5.91205e-12 4.02168e-13 0 
0 3.54427e-11 2.9288e-10 1.27473e-09 4.08931e-09 1.07261e-08 2.40805e-08 4.7427e-08 8.32091e-08 1.31444e-07 1.88486e-07 2.46982e-07 2.97416e-07 3.30823e-07 3.41589e-07 3.29199e-07 2.98267e-07 2.57008e-07 2.14929e-07 1.80631e-07 1.60307e-07 1.56891e-07 1.69418e-07 1.92325e-07 2.15403e-07 2.2607e-07 2.14661e-07 1.80134e-07 1.31417e-07 8.24318e-08 4.42315e-08 2.03328e-08 8.05289e-09 2.76328e-09 8.23066e-10 2.11865e-10 4.64153e-11 8.33065e-12 1.11038e-12 7.88109e-14 0 
0 4.29825e-12 3.45303e-11 1.46357e-10 4.58316e-10 1.17684e-09 2.59458e-09 5.03427e-09 8.72842e-09 1.36648e-08 1.94691e-08 2.54037e-08 3.05204e-08 3.39266e-08 3.50633e-08 3.38797e-08 3.08406e-08 2.67763e-08 2.2651e-08 1.93359e-08 1.74432e-08 1.72217e-08 1.84863e-08 2.05796e-08 2.24436e-08 2.29154e-08 2.12382e-08 1.75079e-08 1.26694e-08 7.98431e-09 4.36604e-09 2.07098e-09 8.53509e-10 3.06118e-10 9.54911e-11 2.57589e-11 5.91205e-12 1.11038e-12 1.54599e-13 1.14368e-14 0 
0 2.82383e-13 2.20884e-12 9.1305e-12 2.79443e-11 7.03062e-11 1.52294e-10 2.91153e-10 4.98764e-10 7.73536e-10 1.09444e-09 1.42125e-09 1.70277e-09 1.89102e-09 1.95606e-09 1.89534e-09 1.73422e-09 1.51804e-09 1.29961e-09 1.12648e-09 1.0311e-09 1.0243e-09 1.09156e-09 1.19296e-09 1.27073e-09 1.26774e-09 1.15297e-09 9.39139e-10 6.77343e-10 4.29576e-10 2.38699e-10 1.16059e-10 4.93735e-11 1.83731e-11 5.96674e-12 1.67883e-12 4.02168e-13 7.88109e-14 1.14368e-14 8.80468e-16 0 
0 0 0 0 0 0 0 0 0 0 0 0 0 0 0 0 0 0 0 0 0 0 0 0 0 0 0 0 0 0 0 0 0 0 0 0 0 0 0 0 0 
