0 0 0 0 0 0 0 0 0 0 0 0 0 0 0 0 0 0 0 0 0 0 0 0 0 0 0 0 0 0 0 0 0 0 0 0 0 0 0 0 0 
0 4.60623e-07 4.08692e-06 1.78691e-05 5.34584e-05 0.00012224 0.000227882 0.000363472 0.000514974 0.000666573 0.000804296 0.000917454 0.000998825 0.0010444 0.00105299 0.00102593 0.000966666 0.000880407 0.000773758 0.000654311 0.000530191 0.00040948 0.000299483 0.000205881 0.000131965 7.82242e-05 4.25554e-05 2.11131e-05 9.51028e-06 3.87999e-06 1.43272e-06 4.78962e-07 1.44989e-07 3.96987e-08 9.79203e-09 2.15524e-09 4.14915e-10 6.69567e-11 8.17854e-12 5.40433e-13 0 
0 4.08692e-06 3.69645e-05 0.000158444 0.000444119 0.00092043 0.00153836 0.00221825 0.00289334 0.00351763 0.00405855 0.00449144 0.00479823 0.00496819 0.00499862 0.00489486 0.00466933 0.00433992 0.00392799 0.00345637 0.00294787 0.0024248 0.00190946 0.001425 0.000995118 0.00064097 0.000375357 0.000197415 9.25022e-05 3.85018e-05 1.42564e-05 4.71486e-06 1.39861e-06 3.73024e-07 8.93305e-08 1.90627e-08 3.55768e-09 5.56982e-10 6.60866e-11 4.24866e-12 0 
0 1.78691e-05 0.000158444 0.000626296 0.00154245 0.00279322 0.00419759 0.00564371 0.00706229 0.00838795 0.00955342 0.0104971 0.0111711 0.0115458 0.0116123 0.0113818 0.0108832 0.0101594 0.00926221 0.00824694 0.00716711 0.00606971 0.00499199 0.00396126 0.00299932 0.00213068 0.00138886 0.000810538 0.000414632 0.000183698 7.0433e-05 2.35504e-05 6.94019e-06 1.81828e-06 4.24995e-07 8.82416e-08 1.60071e-08 2.43643e-09 2.81342e-10 1.76281e-11 0 
0 5.34584e-05 0.000444119 0.00154245 0.00330516 0.00543819 0.00778242 0.0102447 0.0127083 0.0150365 0.0170945 0.0187651 0.0199596 0.0206239 0.0207415 0.0203323 0.0194479 0.0181652 0.0165774 0.0147854 0.0128887 0.0109781 0.00912853 0.00739462 0.00580728 0.004377 0.0031078 0.00201981 0.00115952 0.000569314 0.000235148 8.19679e-05 2.44969e-05 6.38667e-06 1.46896e-06 2.98385e-07 5.28199e-08 7.84092e-09 8.83497e-10 5.40789e-11 0 
0 0.00012224 0.00092043 0.00279322 0.00543819 0.00858455 0.0121198 0.0158851 0.0196714 0.0232554 0.0264252 0.0289991 0.0308395 0.031863 0.0320442 0.0314134 0.0300505 0.028074 0.0256278 0.0228679 0.0199486 0.0170114 0.0141764 0.0115362 0.00915143 0.00704801 0.00521869 0.00363957 0.0023075 0.00126934 0.000581253 0.000217921 6.76736e-05 1.7843e-05 4.08005e-06 8.16306e-07 1.417e-07 2.05929e-08 2.27137e-09 1.36194e-10 0 
0 0.000227882 0.00153836 0.00419759 0.00778242 0.0121198 0.0170514 0.0223207 0.0276234 0.0326441 0.0370851 0.0406915 0.0432722 0.0447105 0.0449656 0.0440781 0.0421652 0.0393949 0.0359677 0.0321013 0.0280121 0.0238989 0.0199309 0.01624 0.0129171 0.010011 0.00752705 0.00542945 0.00366356 0.00221052 0.00112586 0.000463079 0.00015276 4.14215e-05 9.52152e-06 1.89022e-06 3.23456e-07 4.62093e-08 5.00633e-09 2.94936e-10 0 
0 0.000363472 0.00221825 0.00564371 0.0102447 0.0158851 0.0223207 0.0292014 0.0361267 0.0426844 0.0484937 0.0533015 0.0570873 0.0595415 0.0600213 0.0584362 0.055396 0.0515464 0.0470295 0.0419758 0.0366352 0.0312638 0.0260828 0.0212651 0.0169312 0.0131495 0.00993852 0.00726805 0.00506427 0.00324692 0.00180594 0.000816426 0.000289982 8.2005e-05 1.91468e-05 3.79852e-06 6.44094e-07 9.08258e-08 9.69879e-09 5.63085e-10 0 
0 0.000514974 0.00289334 0.00706229 0.0127083 0.0196714 0.0276234 0.0361267 0.044686 0.0528145 0.0604514 0.0685372 0.0752354 0.0787184 0.0793381 0.077343 0.0724472 0.0653181 0.0583753 0.0519298 0.0453158 0.0386774 0.032275 0.0263224 0.0209688 0.0163005 0.0123454 0.00907812 0.00642211 0.00426483 0.00252572 0.00123931 0.000474971 0.000141259 3.37673e-05 6.73507e-06 1.13688e-06 1.5884e-07 1.6773e-08 9.6246e-10 0 
0 0.000666573 0.00351763 0.00838795 0.0150365 0.0232554 0.0326441 0.0426844 0.0528145 0.063071 0.0752761 0.0840378 0.088219 0.0901311 0.0905012 0.0894629 0.0867487 0.0813165 0.0715921 0.0616722 0.0535532 0.0456984 0.0381389 0.0311112 0.0247915 0.0192822 0.0146181 0.0107756 0.00767739 0.00519749 0.00320644 0.00167618 0.000688085 0.00021555 5.29834e-05 1.06697e-05 1.7995e-06 2.49919e-07 2.61743e-08 1.48846e-09 0 
0 0.000804296 0.00405855 0.00955342 0.0170945 0.0264252 0.0370851 0.0484937 0.0604514 0.0752761 0.0862852 0.0915008 0.0943342 0.0957369 0.0960321 0.095292 0.0934027 0.0899656 0.0838488 0.0724766 0.0610745 0.0519196 0.043327 0.0353479 0.0281733 0.0219195 0.0166268 0.0122714 0.00877374 0.00600179 0.00379761 0.00207697 0.000901733 0.000296213 7.4899e-05 1.52599e-05 2.57791e-06 3.56812e-07 3.71573e-08 2.09921e-09 0 
0 0.000917454 0.00449144 0.0104971 0.0187651 0.0289991 0.0406915 0.0533015 0.0685372 0.0840378 0.0915008 0.0955361 0.0978776 0.0990765 0.099342 0.098726 0.0971598 0.0944082 0.0898662 0.0817292 0.0683222 0.0570465 0.0475427 0.0387893 0.0309202 0.0240614 0.0182578 0.0134844 0.00965858 0.00664453 0.0042687 0.00240631 0.00108922 0.000371981 9.64502e-05 1.98791e-05 3.36818e-06 4.65491e-07 4.83017e-08 2.71677e-09 0 
0 0.000998825 0.00479823 0.0111711 0.0199596 0.0308395 0.0432722 0.0570873 0.0752354 0.088219 0.0943342 0.0978776 0.0999964 0.101099 0.101351 0.100795 0.0993804 0.0969307 0.0930196 0.0865061 0.0744188 0.0609467 0.0505654 0.0412515 0.0328856 0.0255941 0.0194248 0.0143519 0.01029 0.0071004 0.00460141 0.00264287 0.00123019 0.000432058 0.000114213 2.37681e-05 4.03991e-06 5.58189e-07 5.78127e-08 3.24345e-09 0 
0 0.0010444 0.00496819 0.0115458 0.0206239 0.031863 0.0447105 0.0595415 0.0787184 0.0901311 0.0957369 0.0990765 0.101099 0.10216 0.102406 0.101877 0.100529 0.0982086 0.0945548 0.0886467 0.0777641 0.0633454 0.0522574 0.0426232 0.0339807 0.0264483 0.0200753 0.0148356 0.0106419 0.00735398 0.0047864 0.00277615 0.0013123 0.000468489 0.00012533 2.62498e-05 4.47342e-06 6.18423e-07 6.40224e-08 3.58864e-09 0 
0 0.00105299 0.00499862 0.0116123 0.0207415 0.0320442 0.0449656 0.0600213 0.0793381 0.0905012 0.0960321 0.099342 0.101351 0.102406 0.102651 0.102126 0.100788 0.0984871 0.0948715 0.0890524 0.078373 0.0638056 0.0525624 0.04287 0.0341781 0.0266027 0.0201934 0.0149238 0.0107067 0.00740152 0.00482245 0.00280393 0.00133088 0.000477378 0.00012821 2.69237e-05 4.59578e-06 6.36021e-07 6.58963e-08 3.69613e-09 0 
0 0.00102593 0.00489486 0.0113818 0.0203323 0.0314134 0.0440781 0.0584362 0.077343 0.0894629 0.095292 0.098726 0.100795 0.101877 0.102126 0.101585 0.100206 0.0978249 0.0940551 0.0878856 0.0764219 0.062289 0.0515257 0.0420324 0.0335104 0.0260829 0.0197985 0.0146313 0.0104952 0.00725128 0.00471603 0.00273073 0.00128795 0.000459114 0.00012284 2.57679e-05 4.40148e-06 6.1011e-07 6.33415e-08 3.56087e-09 0 
0 0.000966666 0.00466933 0.0108832 0.0194479 0.0300505 0.0421652 0.055396 0.0724472 0.0867487 0.0934027 0.0971598 0.0993804 0.100529 0.100788 0.100206 0.0987224 0.0961394 0.0919628 0.084807 0.0718478 0.0592563 0.0492911 0.0402175 0.032063 0.0249555 0.0189415 0.0139958 0.0100349 0.00692241 0.00448066 0.00256698 0.00119139 0.000417967 0.000110684 2.31257e-05 3.95104e-06 5.49029e-07 5.72042e-08 3.22905e-09 0 
0 0.000880407 0.00433992 0.0101594 0.0181652 0.028074 0.0393949 0.0515464 0.0653181 0.0813165 0.0899656 0.0944082 0.0969307 0.0982086 0.0984871 0.0978249 0.0961394 0.0931482 0.0880917 0.078664 0.0655233 0.0552178 0.0460596 0.0375836 0.0299625 0.0233194 0.0176977 0.0130734 0.009366 0.00644281 0.0041361 0.0023289 0.00105432 0.000361257 9.42779e-05 1.95942e-05 3.35047e-06 4.6748e-07 4.89848e-08 2.7829e-09 0 
0 0.000773758 0.00392799 0.00926221 0.0165774 0.0256278 0.0359677 0.0470295 0.0583753 0.0715921 0.0838488 0.0898662 0.0930196 0.0945548 0.0948715 0.0940551 0.0919628 0.0880917 0.0809046 0.0692252 0.0591461 0.0503941 0.0420642 0.0343238 0.0273631 0.0212952 0.0161594 0.0119326 0.00853773 0.00584692 0.00370818 0.00203914 0.00089461 0.000298222 7.66389e-05 1.58645e-05 2.72123e-06 3.82298e-07 4.04061e-08 2.31716e-09 0 
0 0.000654311 0.00345637 0.00824694 0.0147854 0.0228679 0.0321013 0.0419758 0.0519298 0.0616722 0.0724766 0.0817292 0.0865061 0.0886467 0.0890524 0.0878856 0.084807 0.078664 0.0692252 0.0605297 0.0527064 0.0449906 0.0375576 0.0306468 0.0244318 0.0190135 0.0144264 0.010648 0.0076042 0.0051747 0.00323078 0.00172862 0.000734137 0.000238699 6.06736e-05 1.25682e-05 2.17205e-06 3.08454e-07 3.29981e-08 1.91584e-09 0 
0 0.000530191 0.00294787 0.00716711 0.0128887 0.0199486 0.0280121 0.0366352 0.0453158 0.0535532 0.0610745 0.0683222 0.0744188 0.0777641 0.078373 0.0764219 0.0718478 0.0655233 0.0591461 0.0527064 0.0460082 0.0392806 0.0327922 0.0267596 0.0213344 0.0166043 0.0125987 0.00929508 0.0066232 0.00447541 0.00275185 0.00143897 0.000597379 0.000191747 4.87156e-05 1.01743e-05 1.78041e-06 2.56371e-07 2.78069e-08 1.63547e-09 0 
0 0.00040948 0.0024248 0.00606971 0.0109781 0.0170114 0.0238989 0.0312638 0.0386774 0.0456984 0.0519196 0.0570465 0.0609467 0.0633454 0.0638056 0.062289 0.0592563 0.0552178 0.0503941 0.0449906 0.0392806 0.0335384 0.0280006 0.0228525 0.0182239 0.0141899 0.0107751 0.0079565 0.00566933 0.00382356 0.00234303 0.00122213 0.00050829 0.000164415 4.2268e-05 8.94377e-06 1.58461e-06 2.3068e-07 2.52503e-08 1.4961e-09 0 
0 0.000299483 0.00190946 0.00499199 0.00912853 0.0141764 0.0199309 0.0260828 0.032275 0.0381389 0.043327 0.0475427 0.0505654 0.0522574 0.0525624 0.0515257 0.0492911 0.0460596 0.0420642 0.0375576 0.0327922 0.0280006 0.0233809 0.019089 0.0152375 0.0118998 0.0091041 0.00681364 0.00493468 0.00338008 0.00211004 0.00113052 0.000484631 0.000160589 4.18748e-05 8.91547e-06 1.58147e-06 2.29838e-07 2.50738e-08 1.47907e-09 0 
0 0.000205881 0.001425 0.00396126 0.00739462 0.0115362 0.01624 0.0212651 0.0263224 0.0311112 0.0353479 0.0387893 0.0412515 0.0426232 0.04287 0.0420324 0.0402175 0.0375836 0.0343238 0.0306468 0.0267596 0.0228525 0.019089 0.0156048 0.012529 0.0100098 0.00813734 0.00672452 0.00533442 0.00377885 0.00232318 0.00123238 0.000536505 0.000180411 4.69934e-05 9.88147e-06 1.72333e-06 2.4602e-07 2.63787e-08 1.53092e-09 0 
0 0.000131965 0.000995118 0.00299932 0.00580728 0.00915143 0.0129171 0.0169312 0.0209688 0.0247915 0.0281733 0.0309202 0.0328856 0.0339807 0.0341781 0.0335104 0.032063 0.0299625 0.0273631 0.0244318 0.0213344 0.0182239 0.0152375 0.012529 0.0103986 0.00943426 0.0100656 0.0113091 0.0108724 0.0079331 0.00431816 0.00187679 0.000709432 0.000224428 5.61408e-05 1.13669e-05 1.91698e-06 2.65798e-07 2.77783e-08 1.57605e-09 0 
0 7.82242e-05 0.00064097 0.00213068 0.004377 0.00704801 0.010011 0.0131495 0.0163005 0.0192822 0.0219195 0.0240614 0.0255941 0.0264483 0.0266027 0.0260829 0.0249555 0.0233194 0.0212952 0.0190135 0.0166043 0.0141899 0.0118998 0.0100098 0.00943426 0.0122662 0.0201006 0.0347012 0.0419846 0.023501 0.011689 0.0041964 0.00119573 0.000305868 6.78073e-05 1.27141e-05 2.0402e-06 2.73273e-07 2.77921e-08 1.54099e-09 0 
0 4.25554e-05 0.000375357 0.00138886 0.0031078 0.00521869 0.00752705 0.00993852 0.0123454 0.0146181 0.0166268 0.0182578 0.0194248 0.0200753 0.0201934 0.0197985 0.0189415 0.0176977 0.0161594 0.0144264 0.0125987 0.0107751 0.0091041 0.00813734 0.0100656 0.0201006 0.0497816 0.0773718 0.0794046 0.0694605 0.027574 0.00915196 0.00220452 0.000440551 8.02165e-05 1.326e-05 1.98604e-06 2.56415e-07 2.54568e-08 1.38495e-09 0 
0 2.11131e-05 0.000197415 0.000810538 0.00201981 0.00363957 0.00542945 0.00726805 0.00907812 0.0107756 0.0122714 0.0134844 0.0143519 0.0148356 0.0149238 0.0146313 0.0139958 0.0130734 0.0119326 0.010648 0.00929508 0.0079565 0.00681364 0.00672452 0.0113091 0.0347012 0.0773718 0.0851642 0.086065 0.0819272 0.060092 0.0147566 0.00334385 0.000576784 8.72424e-05 1.24282e-05 1.71444e-06 2.13634e-07 2.08392e-08 1.12002e-09 0 
0 9.51028e-06 9.25022e-05 0.000414632 0.00115952 0.0023075 0.00366356 0.00506427 0.00642211 0.00767739 0.00877374 0.00965858 0.01029 0.0106419 0.0107067 0.0104952 0.0100349 0.009366 0.00853773 0.0076042 0.0066232 0.00566933 0.00493468 0.00533442 0.0108724 0.0419846 0.0794046 0.086065 0.0869776 0.0836948 0.0693586 0.016736 0.00361719 0.000586444 7.89632e-05 9.96472e-06 1.27834e-06 1.5517e-07 1.50155e-08 8.04187e-10 0 
0 3.87999e-06 3.85018e-05 0.000183698 0.000569314 0.00126934 0.00221052 0.00324692 0.00426483 0.00519749 0.00600179 0.00664453 0.0071004 0.00735398 0.00740152 0.00725128 0.00692241 0.00644281 0.00584692 0.0051747 0.00447541 0.00382356 0.00338008 0.00377885 0.0079331 0.023501 0.0694605 0.0819272 0.0836948 0.0782962 0.0440554 0.0120342 0.00267336 0.000426984 5.47168e-05 6.49282e-06 8.04567e-07 9.70856e-08 9.43769e-09 5.08553e-10 0 
0 1.43272e-06 1.42564e-05 7.0433e-05 0.000235148 0.000581253 0.00112586 0.00180594 0.00252572 0.00320644 0.00379761 0.0042687 0.00460141 0.0047864 0.00482245 0.00471603 0.00448066 0.0041361 0.00370818 0.00323078 0.00275185 0.00234303 0.00211004 0.00232318 0.00431816 0.011689 0.027574 0.060092 0.0693586 0.0440554 0.018081 0.00596552 0.00133958 0.000217029 2.78925e-05 3.33756e-06 4.2208e-07 5.20367e-08 5.15233e-09 2.82048e-10 0 
0 4.78962e-07 4.71486e-06 2.35504e-05 8.19679e-05 0.000217921 0.000463079 0.000816426 0.00123931 0.00167618 0.00207697 0.00240631 0.00264287 0.00277615 0.00280393 0.00273073 0.00256698 0.0023289 0.00203914 0.00172862 0.00143897 0.00122213 0.00113052 0.00123238 0.00187679 0.0041964 0.00915196 0.0147566 0.016736 0.0120342 0.00596552 0.00199158 0.000459871 7.73946e-05 1.04919e-05 1.36063e-06 1.85256e-07 2.3916e-08 2.4415e-09 1.36962e-10 0 
0 1.44989e-07 1.39861e-06 6.94019e-06 2.44969e-05 6.76736e-05 0.00015276 0.000289982 0.000474971 0.000688085 0.000901733 0.00108922 0.00123019 0.0013123 0.00133088 0.00128795 0.00119139 0.00105432 0.00089461 0.000734137 0.000597379 0.00050829 0.000484631 0.000536505 0.000709432 0.00119573 0.00220452 0.00334385 0.00361719 0.00267336 0.00133958 0.000459871 0.000111141 2.0034e-05 3.04892e-06 4.5669e-07 6.91492e-08 9.47372e-09 1.00559e-09 5.82165e-11 0 
0 3.96987e-08 3.73024e-07 1.81828e-06 6.38667e-06 1.7843e-05 4.14215e-05 8.2005e-05 0.000141259 0.00021555 0.000296213 0.000371981 0.000432058 0.000468489 0.000477378 0.000459114 0.000417967 0.000361257 0.000298222 0.000238699 0.000191747 0.000164415 0.000160589 0.000180411 0.000224428 0.000305868 0.000440551 0.000576784 0.000586444 0.000426984 0.000217029 7.73946e-05 2.0034e-05 4.08342e-06 7.44334e-07 1.32447e-07 2.23248e-08 3.25146e-09 3.60525e-10 2.16514e-11 0 
0 9.79203e-09 8.93305e-08 4.24995e-07 1.46896e-06 4.08005e-06 9.52152e-06 1.91468e-05 3.37673e-05 5.29834e-05 7.4899e-05 9.64502e-05 0.000114213 0.00012533 0.00012821 0.00012284 0.000110684 9.42779e-05 7.66389e-05 6.06736e-05 4.87156e-05 4.2268e-05 4.18748e-05 4.69934e-05 5.61408e-05 6.78073e-05 8.02165e-05 8.72424e-05 7.89632e-05 5.47168e-05 2.78925e-05 1.04919e-05 3.04892e-06 7.44334e-07 1.65472e-07 3.41313e-08 6.28006e-09 9.6858e-10 1.12436e-10 7.02871e-12 0 
0 2.15524e-09 1.90627e-08 8.82416e-08 2.98385e-07 8.16306e-07 1.89022e-06 3.79852e-06 6.73507e-06 1.06697e-05 1.52599e-05 1.98791e-05 2.37681e-05 2.62498e-05 2.69237e-05 2.57679e-05 2.31257e-05 1.95942e-05 1.58645e-05 1.25682e-05 1.01743e-05 8.94377e-06 8.91547e-06 9.88147e-06 1.13669e-05 1.27141e-05 1.326e-05 1.24282e-05 9.96472e-06 6.49282e-06 3.33756e-06 1.36063e-06 4.5669e-07 1.32447e-07 3.41313e-08 7.78408e-09 1.53274e-09 2.49338e-10 3.0326e-11 1.97717e-12 0 
0 4.14915e-10 3.55768e-09 1.60071e-08 5.28199e-08 1.417e-07 3.23456e-07 6.44094e-07 1.13688e-06 1.7995e-06 2.57791e-06 3.36818e-06 4.03991e-06 4.47342e-06 4.59578e-06 4.40148e-06 3.95104e-06 3.35047e-06 2.72123e-06 2.17205e-06 1.78041e-06 1.58461e-06 1.58147e-06 1.72333e-06 1.91698e-06 2.0402e-06 1.98604e-06 1.71444e-06 1.27834e-06 8.04567e-07 4.2208e-07 1.85256e-07 6.91492e-08 2.23248e-08 6.28006e-09 1.53274e-09 3.19296e-10 5.46291e-11 6.95995e-12 4.73572e-13 0 
0 6.69567e-11 5.56982e-10 2.43643e-09 7.84092e-09 2.05929e-08 4.62093e-08 9.08258e-08 1.5884e-07 2.49919e-07 3.56812e-07 4.65491e-07 5.58189e-07 6.18423e-07 6.36021e-07 6.1011e-07 5.49029e-07 4.6748e-07 3.82298e-07 3.08454e-07 2.56371e-07 2.3068e-07 2.29838e-07 2.4602e-07 2.65798e-07 2.73273e-07 2.56415e-07 2.13634e-07 1.5517e-07 9.70856e-08 5.20367e-08 2.3916e-08 9.47372e-09 3.25146e-09 9.6858e-10 2.49338e-10 5.46291e-11 9.80599e-12 1.30722e-12 9.27987e-14 0 
0 8.17854e-12 6.60866e-11 2.81342e-10 8.83497e-10 2.27137e-09 5.00633e-09 9.69879e-09 1.6773e-08 2.61743e-08 3.71573e-08 4.83017e-08 5.78127e-08 6.40224e-08 6.58963e-08 6.33415e-08 5.72042e-08 4.89848e-08 4.04061e-08 3.29981e-08 2.78069e-08 2.52503e-08 2.50738e-08 2.63787e-08 2.77783e-08 2.77921e-08 2.54568e-08 2.08392e-08 1.50155e-08 9.43769e-09 5.15233e-09 2.4415e-09 1.00559e-09 3.60525e-10 1.12436e-10 3.0326e-11 6.95995e-12 1.30722e-12 1.82018e-13 1.34668e-14 0 
0 5.40433e-13 4.24866e-12 1.76281e-11 5.40789e-11 1.36194e-10 2.94936e-10 5.63085e-10 9.6246e-10 1.48846e-09 2.09921e-09 2.71677e-09 3.24345e-09 3.58864e-09 3.69613e-09 3.56087e-09 3.22905e-09 2.7829e-09 2.31716e-09 1.91584e-09 1.63547e-09 1.4961e-09 1.47907e-09 1.53092e-09 1.57605e-09 1.54099e-09 1.38495e-09 1.12002e-09 8.04187e-10 5.08553e-10 2.82048e-10 1.36962e-10 5.82165e-11 2.16514e-11 7.02871e-12 1.97717e-12 4.73572e-13 9.27987e-14 1.34668e-14 1.03681e-15 0 
0 0 0 0 0 0 0 0 0 0 0 0 0 0 0 0 0 0 0 0 0 0 0 0 0 0 0 0 0 0 0 0 0 0 0 0 0 0 0 0 0 
