0 0 0 0 0 0 0 0 0 0 0 0 0 0 0 0 0 0 0 0 0 0 0 0 0 0 0 0 0 0 0 0 0 0 0 0 0 0 0 0 0 
0 2.86802e-07 2.57428e-06 1.15105e-05 3.5578e-05 8.45859e-05 0.000164114 0.000271524 0.000396779 0.00052637 0.000647054 0.000747985 0.000821479 0.000863047 0.000871148 0.00084685 0.000793455 0.000716105 0.000621353 0.00051668 0.000409921 0.000308555 0.000218897 0.000145285 8.95302e-05 5.08535e-05 2.64583e-05 1.25511e-05 5.41376e-06 2.12129e-06 7.55289e-07 2.44543e-07 7.20164e-08 1.92643e-08 4.66013e-09 1.00935e-09 1.91775e-10 3.06183e-11 3.70767e-12 2.43291e-13 0 
0 2.57428e-06 2.37211e-05 0.000105542 0.000312017 0.000685785 0.00120876 0.00181735 0.00244276 0.00303143 0.00354546 0.00395806 0.00425089 0.00441353 0.0044434 0.0043455 0.00413151 0.00381832 0.00342635 0.00297801 0.00249671 0.0020066 0.00153268 0.0011004 0.000733099 0.000447169 0.000246746 0.000122096 5.39512e-05 2.12929e-05 7.53046e-06 2.39702e-06 6.8926e-07 1.79294e-07 4.20905e-08 8.84145e-09 1.6297e-09 2.52662e-10 2.97495e-11 1.90105e-12 0 
0 1.15105e-05 0.000105542 0.000443616 0.00117799 0.00227891 0.00358485 0.00495539 0.00630166 0.00755577 0.00865521 0.00954403 0.0101785 0.0105316 0.0105953 0.0103798 0.00991228 0.00923223 0.00838747 0.00742882 0.00640535 0.00536045 0.00433031 0.00334573 0.00243782 0.00164346 0.00100263 0.000542144 0.000256209 0.000105399 3.79306e-05 1.20571e-05 3.41818e-06 8.69868e-07 1.9895e-07 4.06426e-08 7.28346e-09 1.09852e-09 1.25977e-10 7.85196e-12 0 
0 3.5578e-05 0.000312017 0.00117799 0.00273022 0.00472354 0.0069396 0.00925839 0.0115699 0.0137509 0.0156778 0.0172422 0.0183612 0.0189844 0.0190962 0.0187147 0.0178883 0.0166885 0.0152023 0.0135234 0.0117442 0.00994775 0.0082021 0.0065557 0.0050378 0.003667 0.00246911 0.00149064 0.000781816 0.00034891 0.000132096 4.29267e-05 1.21803e-05 3.06116e-06 6.86297e-07 1.36935e-07 2.39365e-08 3.52159e-09 3.94255e-10 2.40189e-11 0 
0 8.45859e-05 0.000685785 0.00227891 0.00472354 0.00768506 0.0110003 0.0145216 0.0180602 0.0214102 0.0243743 0.0267823 0.0285053 0.0294649 0.0296366 0.0290487 0.0277756 0.0259279 0.0236404 0.0210586 0.0183266 0.0155761 0.0129182 0.0104367 0.00818423 0.00618131 0.00442582 0.00292062 0.00170623 0.000846478 0.000347937 0.000118758 3.43676e-05 8.63321e-06 1.91206e-06 3.74621e-07 6.41337e-08 9.23409e-09 1.01206e-09 6.0416e-11 0 
0 0.000164114 0.00120876 0.00358485 0.0069396 0.0110003 0.0156054 0.0205247 0.0254773 0.0301692 0.0343219 0.037696 0.0401105 0.0414553 0.0416959 0.0408717 0.0390873 0.0364981 0.033293 0.0296766 0.0258512 0.0220028 0.0182889 0.0148316 0.0117132 0.0089739 0.0066128 0.00459983 0.00291591 0.0016015 0.000726125 0.000266298 8.01214e-05 2.03835e-05 4.49818e-06 8.70522e-07 1.46603e-07 2.0732e-08 2.23132e-09 1.30873e-10 0 
0 0.000271524 0.00181735 0.00495539 0.00925839 0.0145216 0.0205247 0.0269471 0.033416 0.0395456 0.0449717 0.0493859 0.0525614 0.0543483 0.0546707 0.0535707 0.0512128 0.0478179 0.043628 0.0389033 0.0339068 0.0288813 0.0240338 0.0195251 0.0154665 0.0119182 0.00889126 0.00634991 0.00423305 0.00251427 0.00125172 0.000498705 0.000158366 4.13019e-05 9.1578e-06 1.76087e-06 2.93014e-07 4.08469e-08 4.33065e-09 2.50264e-10 0 
0 0.000396779 0.00244276 0.00630166 0.0115699 0.0180602 0.0254773 0.033416 0.0414133 0.0489932 0.0557294 0.0613446 0.0656519 0.0682475 0.0687343 0.0671098 0.0637838 0.0593209 0.0540564 0.0482016 0.0420239 0.035812 0.0298212 0.0242513 0.0192409 0.0148684 0.0111549 0.0080683 0.00553085 0.00346139 0.00185891 0.000802673 0.000271034 7.31081e-05 1.64018e-05 3.14977e-06 5.20019e-07 7.17083e-08 7.51217e-09 4.28904e-10 0 
0 0.00052637 0.00303143 0.00755577 0.0137509 0.0214102 0.0301692 0.0395456 0.0489932 0.0579848 0.0662443 0.0737187 0.0793841 0.0823951 0.0829362 0.0811647 0.0770194 0.0709385 0.064118 0.0570376 0.0497193 0.0423817 0.0353069 0.0287303 0.0228164 0.0176592 0.0132878 0.00967272 0.00673135 0.00435112 0.00246913 0.00114203 0.000409676 0.000114767 2.61747e-05 5.04046e-06 8.28514e-07 1.13365e-07 1.17683e-08 6.65569e-10 0 
0 0.000647054 0.00354546 0.00865521 0.0156778 0.0243743 0.0343219 0.0449717 0.0557294 0.0662443 0.0765756 0.0848192 0.0895333 0.0917662 0.0921814 0.0909232 0.0877492 0.082004 0.0737429 0.065027 0.0565514 0.0482004 0.0401651 0.0326967 0.0259822 0.0201289 0.0151719 0.0110829 0.00777678 0.00512515 0.00301918 0.00147293 0.000557219 0.000161983 3.76246e-05 7.28395e-06 1.1952e-06 1.62704e-07 1.67793e-08 9.42309e-10 0 
0 0.000747985 0.00395806 0.00954403 0.0172422 0.0267823 0.037696 0.0493859 0.0613446 0.0737187 0.0848192 0.0915225 0.0951953 0.0969969 0.0973506 0.0963532 0.0938606 0.089396 0.0819665 0.071992 0.0621905 0.0529378 0.0441159 0.0359225 0.0285567 0.0221369 0.0167027 0.0122257 0.00861884 0.00574531 0.00346713 0.00175725 0.000693342 0.000208107 4.91816e-05 9.58119e-06 1.57223e-06 2.13391e-07 2.19112e-08 1.22457e-09 0 
0 0.000821479 0.00425089 0.0101785 0.0183612 0.0285053 0.0401105 0.0525614 0.0656519 0.0793841 0.0895332 0.0951953 0.0984058 0.100015 0.100342 0.0994635 0.097276 0.0934299 0.0870975 0.0773287 0.0663955 0.056349 0.0469482 0.0382348 0.0304024 0.0235767 0.0178002 0.0130443 0.00922003 0.00618626 0.00378807 0.00196825 0.00079992 0.000245964 5.89492e-05 1.15511e-05 1.89749e-06 2.57197e-07 2.63459e-08 1.46827e-09 0 
0 0.000863047 0.00441353 0.0105316 0.0189844 0.0294649 0.0414553 0.0543483 0.0682475 0.0823951 0.0917662 0.0969969 0.100015 0.101544 0.101859 0.101032 0.0989741 0.0953867 0.0895612 0.0802911 0.0688633 0.0582719 0.0485326 0.0395285 0.0314356 0.0243831 0.0184154 0.0135035 0.00955736 0.00643378 0.0039697 0.00209085 0.000864407 0.000269751 6.52473e-05 1.28411e-05 2.1125e-06 2.8634e-07 2.93115e-08 1.632e-09 0 
0 0.000871148 0.0044434 0.0105953 0.0190962 0.0296366 0.0416959 0.0546707 0.0687343 0.0829362 0.0921814 0.0973506 0.100342 0.101859 0.102174 0.101355 0.0993161 0.095767 0.0900177 0.0808401 0.0693334 0.0586308 0.0488279 0.0397708 0.0316304 0.0245364 0.0185335 0.0135929 0.0096246 0.00648505 0.00400972 0.00212012 0.000881092 0.00027634 6.70887e-05 1.32353e-05 2.18079e-06 2.95939e-07 3.03236e-08 1.68991e-09 0 
0 0.00084685 0.0043455 0.0103798 0.0187147 0.0290487 0.0408717 0.0535707 0.0671098 0.0811647 0.0909232 0.0963532 0.0994635 0.101032 0.101355 0.100505 0.0983876 0.0946831 0.0886302 0.0790918 0.0678257 0.0574725 0.0478797 0.0389995 0.031017 0.0240602 0.0181729 0.0133267 0.00943252 0.00634855 0.00391453 0.00205966 0.000851024 0.000265782 6.44247e-05 1.27168e-05 2.09911e-06 2.85544e-07 2.93389e-08 1.63986e-09 0 
0 0.000793455 0.00413151 0.00991228 0.0178883 0.0277756 0.0390873 0.0512128 0.0637838 0.0770194 0.0877492 0.0938606 0.097276 0.0989741 0.0993161 0.0983876 0.0960697 0.0919634 0.0851501 0.0751354 0.0646581 0.0549663 0.0458108 0.0373142 0.0296753 0.0230172 0.0173816 0.0127407 0.00900737 0.00604324 0.00369845 0.00192061 0.000781311 0.000241097 5.81129e-05 1.14655e-05 1.89742e-06 2.59181e-07 2.67629e-08 1.504e-09 0 
0 0.000716105 0.00381832 0.00923223 0.0166885 0.0259279 0.0364981 0.0478179 0.0593209 0.0709385 0.082004 0.089396 0.0934299 0.0953867 0.095767 0.0946831 0.0919634 0.0870523 0.0791278 0.0695237 0.0602635 0.0513468 0.0428033 0.0348636 0.0277244 0.0215007 0.0162311 0.0118885 0.00838803 0.0055972 0.00338339 0.00172121 0.000684104 0.00020753 4.96542e-05 9.79831e-06 1.62894e-06 2.24041e-07 2.33212e-08 1.32196e-09 0 
0 0.000621353 0.00342635 0.00838747 0.0152023 0.0236404 0.033293 0.043628 0.0540564 0.064118 0.0737429 0.0819665 0.0870975 0.0895612 0.0900177 0.0886302 0.0851501 0.0791278 0.0712544 0.0631125 0.0549695 0.0468758 0.0390782 0.0318288 0.0253093 0.0196246 0.0148091 0.0108358 0.00762292 0.00504674 0.00299957 0.00148681 0.000575283 0.000171495 4.0814e-05 8.08248e-06 1.35523e-06 1.88468e-07 1.98593e-08 1.14003e-09 0 
0 0.00051668 0.00297801 0.00742882 0.0135234 0.0210586 0.0296766 0.0389033 0.0482016 0.0570376 0.065027 0.071992 0.0773287 0.0802911 0.0808401 0.0790918 0.0751354 0.0695237 0.0631125 0.056231 0.0490467 0.0418327 0.0348751 0.0284061 0.0225878 0.0175131 0.0132115 0.0096557 0.00676775 0.00443742 0.00258791 0.00125002 0.000472809 0.000139468 3.32626e-05 6.65607e-06 1.13244e-06 1.60057e-07 1.71455e-08 1.0001e-09 0 
0 0.000409921 0.00249671 0.00640535 0.0117442 0.0183266 0.0258512 0.0339068 0.0420239 0.0497193 0.0565514 0.0621905 0.0663955 0.0688633 0.0693334 0.0678257 0.0646581 0.0602635 0.0549695 0.0490467 0.0427909 0.0364994 0.0304316 0.0247904 0.0197167 0.0152906 0.0115359 0.00842517 0.00588674 0.00382921 0.00220385 0.00105 0.000394774 0.000117107 2.83388e-05 5.77792e-06 1.00242e-06 1.44338e-07 1.57246e-08 9.30898e-10 0 
0 0.000308555 0.0020066 0.00536045 0.00994775 0.0155761 0.0220028 0.0288813 0.035812 0.0423817 0.0482004 0.0529378 0.056349 0.0582719 0.0586308 0.0574725 0.0549663 0.0513468 0.0468758 0.0418327 0.0364994 0.0311366 0.0259661 0.0211609 0.0168411 0.0130745 0.00988031 0.00723172 0.00506552 0.00330734 0.00191877 0.000928524 0.000357198 0.000108739 2.69563e-05 5.60743e-06 9.88232e-07 1.43984e-07 1.58198e-08 9.41931e-10 0 
0 0.000218897 0.00153268 0.00433031 0.0082021 0.0129182 0.0182889 0.0240338 0.0298212 0.0353069 0.0401651 0.0441159 0.0469482 0.0485326 0.0488279 0.0478797 0.0458108 0.0428033 0.0390782 0.0348751 0.0304316 0.0259661 0.0216641 0.0176711 0.0140909 0.0109897 0.00839035 0.00625411 0.00448996 0.00301802 0.00181729 0.000921663 0.000371455 0.00011699 2.95429e-05 6.18752e-06 1.09012e-06 1.58137e-07 1.72597e-08 1.01952e-09 0 
0 0.000145285 0.0011004 0.00334573 0.0065557 0.0104367 0.0148316 0.0195251 0.0242513 0.0287303 0.0326967 0.0359225 0.0382348 0.0395285 0.0397708 0.0389995 0.0373142 0.0348636 0.0318288 0.0284061 0.0247904 0.0211609 0.0176711 0.0144479 0.0116109 0.0092949 0.00757746 0.00627614 0.00497831 0.00350872 0.00212162 0.00108418 0.000447024 0.000142776 3.58992e-05 7.40161e-06 1.27829e-06 1.81637e-07 1.94305e-08 1.12621e-09 0 
0 8.95302e-05 0.000733099 0.00243782 0.0050378 0.00818423 0.0117132 0.0154665 0.0192409 0.0228164 0.0259822 0.0285567 0.0304024 0.0314356 0.0316304 0.031017 0.0296753 0.0277244 0.0253093 0.0225878 0.0197167 0.0168411 0.0140909 0.0116109 0.00967872 0.00883467 0.00947246 0.0106674 0.0102624 0.00748484 0.00406285 0.00174237 0.000632655 0.00018916 4.52516e-05 8.92972e-06 1.48691e-06 2.0487e-07 2.13347e-08 1.20753e-09 0 
0 5.08535e-05 0.000447169 0.00164346 0.003667 0.00618131 0.0089739 0.0119182 0.0148684 0.0176592 0.0201289 0.0221369 0.0235767 0.0243831 0.0245364 0.0240602 0.0230172 0.0215007 0.0196246 0.0175131 0.0152906 0.0130745 0.0109897 0.0092949 0.00883467 0.011562 0.0189904 0.0286591 0.0334603 0.0218286 0.0110471 0.00395852 0.00111162 0.000271281 5.69111e-05 1.02963e-05 1.62412e-06 2.15889e-07 2.18693e-08 1.20937e-09 0 
0 2.64583e-05 0.000246746 0.00100263 0.00246911 0.00442582 0.0066128 0.00889126 0.0111549 0.0132878 0.0151719 0.0167027 0.0178002 0.0184154 0.0185335 0.0181729 0.0173816 0.0162311 0.0148091 0.0132115 0.0115359 0.00988031 0.00839035 0.00757746 0.00947246 0.0189904 0.0413488 0.0750814 0.0798298 0.0601579 0.025707 0.0086505 0.0020765 0.000404166 6.96566e-05 1.09882e-05 1.60682e-06 2.05485e-07 2.03157e-08 1.10244e-09 0 
0 1.25511e-05 0.000122096 0.000542144 0.00149064 0.00292062 0.00459983 0.00634991 0.0080683 0.00967272 0.0110829 0.0122257 0.0130443 0.0135035 0.0135929 0.0133267 0.0127407 0.0118885 0.0108358 0.0096557 0.00842517 0.00723172 0.00625411 0.00627614 0.0106674 0.0286591 0.0750814 0.0874322 0.0890163 0.0832502 0.0506975 0.0139361 0.00315798 0.000537234 7.76372e-05 1.04931e-05 1.40273e-06 1.72691e-07 1.6771e-08 8.99257e-10 0 
0 5.41376e-06 5.39512e-05 0.000256209 0.000781816 0.00170623 0.00291591 0.00423305 0.00553085 0.00673135 0.00777678 0.00861884 0.00922003 0.00955736 0.0096246 0.00943252 0.00900737 0.00838803 0.00762292 0.00676775 0.00588674 0.00506552 0.00448996 0.00497831 0.0102624 0.0334603 0.0798298 0.0890163 0.0902486 0.0855892 0.0604649 0.0153725 0.00341777 0.00054882 7.11748e-05 8.52131e-06 1.05391e-06 1.26104e-07 1.21468e-08 6.49166e-10 0 
0 2.12129e-06 2.12929e-05 0.000105399 0.00034891 0.000846478 0.0016015 0.00251427 0.00346139 0.00435112 0.00512515 0.00574531 0.00618626 0.00643378 0.00648505 0.00634855 0.00604324 0.0055972 0.00504674 0.00443742 0.00382921 0.00330734 0.00301802 0.00350872 0.00748484 0.0218286 0.0601579 0.0832502 0.0855892 0.0782634 0.0367769 0.0113784 0.00252549 0.000399401 4.94603e-05 5.58045e-06 6.65787e-07 7.91419e-08 7.65919e-09 4.11948e-10 0 
0 7.55289e-07 7.53046e-06 3.79306e-05 0.000132096 0.000347937 0.000726125 0.00125172 0.00185891 0.00246913 0.00301918 0.00346713 0.00378807 0.0039697 0.00400972 0.00391453 0.00369845 0.00338339 0.00299957 0.00258791 0.00220385 0.00191877 0.00181729 0.00212162 0.00406285 0.0110471 0.025707 0.0506975 0.0604649 0.0367769 0.0170964 0.00563969 0.00126383 0.00020201 2.50783e-05 2.86015e-06 3.49184e-07 4.24755e-08 4.18967e-09 2.28993e-10 0 
0 2.44543e-07 2.39702e-06 1.20571e-05 4.29267e-05 0.000118758 0.000266298 0.000498705 0.000802673 0.00114203 0.00147293 0.00175725 0.00196825 0.00209085 0.00212012 0.00205966 0.00192061 0.00172121 0.00148681 0.00125002 0.00105 0.000928524 0.000921663 0.00108418 0.00174237 0.00395852 0.0086505 0.0139361 0.0153725 0.0113784 0.00563969 0.00188101 0.000431719 7.1251e-05 9.30887e-06 1.15466e-06 1.52769e-07 1.95258e-08 1.98773e-09 1.11369e-10 0 
0 7.20164e-08 6.8926e-07 3.41818e-06 1.21803e-05 3.43676e-05 8.01214e-05 0.000158366 0.000271034 0.000409676 0.000557219 0.000693342 0.00079992 0.000864407 0.000881092 0.000851024 0.000781311 0.000684104 0.000575283 0.000472809 0.000394774 0.000357198 0.000371455 0.000447024 0.000632655 0.00111162 0.0020765 0.00315798 0.00341777 0.00252549 0.00126383 0.000431719 0.000102961 1.80857e-05 2.64856e-06 3.82332e-07 5.67863e-08 7.73276e-09 8.19298e-10 4.73866e-11 0 
0 1.92643e-08 1.79294e-07 8.69868e-07 3.06116e-06 8.63321e-06 2.03835e-05 4.13019e-05 7.31081e-05 0.000114767 0.000161983 0.000208107 0.000245964 0.000269751 0.00027634 0.000265782 0.000241097 0.00020753 0.000171495 0.000139468 0.000117107 0.000108739 0.00011699 0.000142776 0.00018916 0.000271281 0.000404166 0.000537234 0.00054882 0.000399401 0.00020201 7.1251e-05 1.80857e-05 3.5781e-06 6.30386e-07 1.09504e-07 1.82731e-08 2.65326e-09 2.93871e-10 1.76359e-11 0 
0 4.66013e-09 4.20905e-08 1.9895e-07 6.86297e-07 1.91206e-06 4.49818e-06 9.1578e-06 1.64018e-05 2.61747e-05 3.76246e-05 4.91816e-05 5.89492e-05 6.52473e-05 6.70887e-05 6.44247e-05 5.81129e-05 4.96542e-05 4.0814e-05 3.32626e-05 2.83388e-05 2.69563e-05 2.95429e-05 3.58992e-05 4.52516e-05 5.69111e-05 6.96566e-05 7.76372e-05 7.11748e-05 4.94603e-05 2.50783e-05 9.30887e-06 2.64856e-06 6.30386e-07 1.37241e-07 2.79976e-08 5.13084e-09 7.9027e-10 9.16751e-11 5.72776e-12 0 
0 1.00935e-09 8.84145e-09 4.06426e-08 1.36935e-07 3.74621e-07 8.70522e-07 1.76087e-06 3.14977e-06 5.04046e-06 7.28395e-06 9.58119e-06 1.15511e-05 1.28411e-05 1.32353e-05 1.27168e-05 1.14655e-05 9.79831e-06 8.08248e-06 6.65607e-06 5.77792e-06 5.60743e-06 6.18752e-06 7.40161e-06 8.92972e-06 1.02963e-05 1.09882e-05 1.04931e-05 8.52131e-06 5.58045e-06 2.86015e-06 1.15466e-06 3.82332e-07 1.09504e-07 2.79976e-08 6.36276e-09 1.25122e-09 2.03419e-10 2.47302e-11 1.61167e-12 0 
0 1.91775e-10 1.6297e-09 7.28346e-09 2.39365e-08 6.41337e-08 1.46603e-07 2.93014e-07 5.20019e-07 8.28514e-07 1.1952e-06 1.57223e-06 1.89749e-06 2.1125e-06 2.18079e-06 2.09911e-06 1.89742e-06 1.62894e-06 1.35523e-06 1.13244e-06 1.00242e-06 9.88232e-07 1.09012e-06 1.27829e-06 1.48691e-06 1.62412e-06 1.60682e-06 1.40273e-06 1.05391e-06 6.65787e-07 3.49184e-07 1.52769e-07 5.67863e-08 1.82731e-08 5.13084e-09 1.25122e-09 2.60546e-10 4.45642e-11 5.676e-12 3.8609e-13 0 
0 3.06183e-11 2.52662e-10 1.09852e-09 3.52159e-09 9.23409e-09 2.0732e-08 4.08469e-08 7.17083e-08 1.13365e-07 1.62704e-07 2.13391e-07 2.57197e-07 2.8634e-07 2.95939e-07 2.85544e-07 2.59181e-07 2.24041e-07 1.88468e-07 1.60057e-07 1.44338e-07 1.43984e-07 1.58137e-07 1.81637e-07 2.0487e-07 2.15889e-07 2.05485e-07 1.72691e-07 1.26104e-07 7.91419e-08 4.24755e-08 1.95258e-08 7.73276e-09 2.65326e-09 7.9027e-10 2.03419e-10 4.45642e-11 7.99824e-12 1.06604e-12 7.56609e-14 0 
0 3.70767e-12 2.97495e-11 1.25977e-10 3.94255e-10 1.01206e-09 2.23132e-09 4.33065e-09 7.51217e-09 1.17683e-08 1.67793e-08 2.19112e-08 2.63459e-08 2.93115e-08 3.03236e-08 2.93389e-08 2.67629e-08 2.33212e-08 1.98593e-08 1.71455e-08 1.57246e-08 1.58198e-08 1.72597e-08 1.94305e-08 2.13347e-08 2.18693e-08 2.03157e-08 1.6771e-08 1.21468e-08 7.65919e-09 4.18967e-09 1.98773e-09 8.19298e-10 2.93871e-10 9.16751e-11 2.47302e-11 5.676e-12 1.06604e-12 1.48423e-13 1.09797e-14 0 
0 2.43291e-13 1.90105e-12 7.85196e-12 2.40189e-11 6.0416e-11 1.30873e-10 2.50264e-10 4.28904e-10 6.65569e-10 9.42309e-10 1.22457e-09 1.46827e-09 1.632e-09 1.68991e-09 1.63986e-09 1.504e-09 1.32196e-09 1.14003e-09 1.0001e-09 9.30898e-10 9.41931e-10 1.01952e-09 1.12621e-09 1.20753e-09 1.20937e-09 1.10244e-09 8.99257e-10 6.49166e-10 4.11948e-10 2.28993e-10 1.11369e-10 4.73866e-11 1.76359e-11 5.72776e-12 1.61167e-12 3.8609e-13 7.56609e-14 1.09797e-14 8.45266e-16 0 
0 0 0 0 0 0 0 0 0 0 0 0 0 0 0 0 0 0 0 0 0 0 0 0 0 0 0 0 0 0 0 0 0 0 0 0 0 0 0 0 0 
