0 0 0 0 0 0 0 0 0 0 0 0 0 0 0 0 0 0 0 0 0 0 0 0 0 0 0 0 0 0 0 0 0 0 0 0 0 0 0 0 0 
0 2.36815e-07 2.13372e-06 9.612e-06 3.00412e-05 7.24007e-05 0.000142511 0.000239017 0.000353434 0.000473411 0.000586294 0.000681417 0.000751058 0.000790614 0.000798423 0.000775441 0.00072488 0.000651792 0.000562626 0.000464704 0.000365612 0.000272453 0.000191037 0.000125129 7.59998e-05 4.25111e-05 2.17746e-05 1.01718e-05 4.32408e-06 1.67188e-06 5.88239e-07 1.88492e-07 5.50184e-08 1.46071e-08 3.51137e-09 7.56585e-10 1.43136e-10 2.27729e-11 2.74979e-12 1.80018e-13 0 
0 2.13372e-06 1.97809e-05 8.91084e-05 0.000268307 0.000602359 0.00108342 0.00165642 0.0022547 0.00282318 0.00332211 0.00372363 0.00400903 0.0041678 0.00419728 0.00410231 0.00389424 0.00358958 0.00320847 0.00277325 0.00230762 0.0018363 0.00138495 0.000978963 0.000640374 0.000382724 0.000206707 0.00010014 4.33857e-05 1.68276e-05 5.86411e-06 1.84404e-06 5.25039e-07 1.35496e-07 3.1607e-08 6.60576e-09 1.21272e-09 1.87417e-10 2.20115e-11 1.40375e-12 0 
0 9.612e-06 8.91084e-05 0.00038245 0.00104365 0.002072 0.00332323 0.00465202 0.00596163 0.00718166 0.00825054 0.00911427 0.00973078 0.0100741 0.0101364 0.00992788 0.00947439 0.00881424 0.00799347 0.00706109 0.00606445 0.00504594 0.00404195 0.00308541 0.00221106 0.00145884 0.000867375 0.000456067 0.000209688 8.4172e-05 2.9685e-05 9.28801e-06 2.60171e-06 6.56131e-07 1.49048e-07 3.02922e-08 5.40746e-09 8.13162e-10 9.3041e-11 5.78897e-12 0 
0 3.00412e-05 0.000268307 0.00104365 0.00249459 0.00441137 0.00656234 0.00881402 0.0110564 0.0131708 0.0150385 0.0165549 0.0176399 0.0182446 0.0183536 0.0179848 0.0171845 0.0160221 0.0145817 0.012954 0.0112278 0.00948324 0.00778544 0.00618112 0.00470036 0.00336701 0.00221569 0.00129851 0.000658489 0.000284314 0.000104633 3.32663e-05 9.29095e-06 2.30912e-06 5.13655e-07 1.01921e-07 1.77453e-08 2.60323e-09 2.9083e-10 1.76903e-11 0 
0 7.24007e-05 0.000602359 0.002072 0.00441137 0.0072813 0.0104953 0.0139062 0.017333 0.0205775 0.0234488 0.0257819 0.027452 0.0283826 0.0285501 0.0279816 0.0267489 0.0249594 0.0227435 0.020242 0.0175945 0.0149284 0.0123504 0.00994094 0.00774956 0.00579635 0.00408449 0.00262999 0.0014859 0.000709288 0.000280981 9.30783e-05 2.6363e-05 6.5272e-06 1.43186e-06 2.78759e-07 4.75182e-08 6.82167e-09 7.4613e-10 4.44759e-11 0 
0 0.000142511 0.00108342 0.00332323 0.00656234 0.0104953 0.0149528 0.0197141 0.0245087 0.0290524 0.0330749 0.0363443 0.0386847 0.0399889 0.0402235 0.0394264 0.0376987 0.0351908 0.032086 0.0285823 0.024876 0.0211471 0.0175479 0.0141961 0.01117 0.00850709 0.00620551 0.00424194 0.00261532 0.00138272 0.00060084 0.000212108 6.20216e-05 1.54814e-05 3.37544e-06 6.483e-07 1.08651e-07 1.53165e-08 1.64501e-09 9.63458e-11 0 
0 0.000239017 0.00165642 0.00465202 0.00881402 0.0139062 0.0197141 0.0259297 0.0321926 0.0381291 0.0433857 0.04766 0.050726 0.0524413 0.0527508 0.0517009 0.0494337 0.0461523 0.0420945 0.0375168 0.0326755 0.0278061 0.023109 0.0187399 0.0148054 0.0113628 0.00842003 0.00594207 0.00387881 0.00222844 0.00106231 0.000404902 0.000124057 3.15743e-05 6.89538e-06 1.3137e-06 2.17377e-07 3.01967e-08 3.19431e-09 1.84322e-10 0 
0 0.000353434 0.0022547 0.00596163 0.0110564 0.017333 0.0245087 0.0321926 0.0399365 0.047278 0.0537884 0.0591354 0.0630813 0.065375 0.0657994 0.0643784 0.061402 0.0572399 0.0521897 0.0465245 0.0405384 0.0345189 0.0287138 0.0233166 0.0184611 0.0142221 0.010618 0.00761493 0.00513925 0.00312963 0.00161377 0.000664646 0.000215194 5.63326e-05 1.24041e-05 2.3558e-06 3.86395e-07 5.30714e-08 5.54608e-09 3.16149e-10 0 
0 0.000473411 0.00282318 0.00718166 0.0131708 0.0205775 0.0290524 0.0381291 0.047278 0.0559653 0.0637763 0.0704843 0.0756273 0.0785512 0.0790868 0.0773175 0.0734436 0.0680548 0.0618332 0.055075 0.0479957 0.040885 0.0340288 0.0276558 0.021925 0.0169267 0.0126875 0.00917585 0.00630973 0.00398924 0.00218279 0.000962791 0.000329712 8.91852e-05 1.98928e-05 3.7811e-06 6.16829e-07 8.40249e-08 8.69884e-09 4.91128e-10 0 
0 0.000586294 0.00332211 0.00825054 0.0150385 0.0234488 0.0330749 0.0433857 0.0537884 0.0637763 0.073114 0.0810626 0.0862643 0.0888251 0.0892898 0.0878181 0.0842087 0.0782396 0.0706885 0.0627168 0.0546093 0.0465259 0.0387382 0.0315003 0.0249933 0.0193208 0.0145153 0.0105468 0.00732967 0.00474277 0.0027052 0.00126041 0.000454022 0.000126915 2.87379e-05 5.48111e-06 8.91745e-07 1.20795e-07 1.24204e-08 6.96226e-10 0 
0 0.000681417 0.00372363 0.00911427 0.0165549 0.0257819 0.0363443 0.04766 0.0591354 0.0704843 0.0810626 0.0885759 0.0928317 0.0949037 0.0952965 0.0941286 0.091231 0.0860987 0.0782981 0.0691397 0.0600239 0.0511176 0.0425702 0.0346287 0.02749 0.0212684 0.0160009 0.0116579 0.00815126 0.00534877 0.00313578 0.00152085 0.00057072 0.000164233 3.77382e-05 7.23144e-06 1.1756e-06 1.58703e-07 1.62441e-08 9.06062e-10 0 
0 0.000751058 0.00400903 0.00973078 0.0176399 0.027452 0.0386847 0.050726 0.0630813 0.0756273 0.0862643 0.0928317 0.0965357 0.098372 0.0987316 0.0977096 0.0951796 0.0907334 0.083609 0.0739824 0.063976 0.0544173 0.0453194 0.0368733 0.0292817 0.0226662 0.017067 0.0124542 0.0087383 0.00578081 0.00344687 0.00171687 0.000663436 0.000195215 4.54072e-05 8.74161e-06 1.42173e-06 1.9162e-07 1.95635e-08 1.08806e-09 0 
0 0.000790614 0.0041678 0.0100741 0.0182446 0.0283826 0.0399889 0.0524413 0.065375 0.0785512 0.0888251 0.0949037 0.098372 0.100108 0.100455 0.0994956 0.097124 0.0929848 0.0863327 0.0767658 0.066243 0.0562716 0.0468601 0.0381319 0.030287 0.0234512 0.0176662 0.0129024 0.00906883 0.00602456 0.0036245 0.00183228 0.00072034 0.000214928 5.04045e-05 9.73986e-06 1.5859e-06 2.13717e-07 2.18038e-08 1.21154e-09 0 
0 0.000798423 0.00419728 0.0101364 0.0183536 0.0285501 0.0402235 0.0527508 0.0657994 0.0790868 0.0892898 0.0952965 0.0987316 0.100455 0.1008 0.0998506 0.0975029 0.0934101 0.0868352 0.0772935 0.0666752 0.0566221 0.0471524 0.0383723 0.0304806 0.0236039 0.0177843 0.0129924 0.00913711 0.00607725 0.00366557 0.00186122 0.000735772 0.000220635 5.1929e-05 1.0058e-05 1.64031e-06 2.21319e-07 2.26037e-08 1.25732e-09 0 
0 0.000775441 0.00410231 0.00992788 0.0179848 0.0279816 0.0394264 0.0517009 0.0643784 0.0773175 0.0878181 0.0941286 0.0977096 0.0994956 0.0998506 0.0988642 0.0964216 0.092145 0.0852721 0.0756282 0.0653107 0.0555182 0.0462403 0.0376308 0.0298917 0.0231474 0.0174393 0.012738 0.00895386 0.00594734 0.00357623 0.0018068 0.000710463 0.000212322 4.99325e-05 9.68194e-06 1.58241e-06 2.14092e-07 2.19325e-08 1.22397e-09 0 
0 0.00072488 0.00389424 0.00947439 0.0171845 0.0267489 0.0376987 0.0494337 0.061402 0.0734436 0.0842087 0.091231 0.0951796 0.097124 0.0975029 0.0964216 0.0937382 0.089003 0.0815257 0.0720104 0.0623874 0.0531103 0.0442421 0.036004 0.0285978 0.0221425 0.0166777 0.0121744 0.00854485 0.00565374 0.00337099 0.00168006 0.00065094 0.000192543 4.51003e-05 8.75106e-06 1.43512e-06 1.95099e-07 2.00985e-08 1.1284e-09 0 
0 0.000651792 0.00358958 0.00881424 0.0160221 0.0249594 0.0351908 0.0461523 0.0572399 0.0680548 0.0782396 0.0860987 0.0907334 0.0929848 0.0934101 0.092145 0.089003 0.0835049 0.0756668 0.0669515 0.0582258 0.0496158 0.0413341 0.0336361 0.0267143 0.0206799 0.0155693 0.0113539 0.0079484 0.00522473 0.00307255 0.00149936 0.000568437 0.000165753 3.86382e-05 7.51243e-06 1.23933e-06 1.69835e-07 1.76555e-08 1.00086e-09 0 
0 0.000562626 0.00320847 0.00799347 0.0145817 0.0227435 0.032086 0.0420945 0.0521897 0.0618332 0.0706885 0.0782981 0.083609 0.0863327 0.0868352 0.0852721 0.0815257 0.0756668 0.0685556 0.0609637 0.0531303 0.0452898 0.0377307 0.0307028 0.0243825 0.0188707 0.0141997 0.0103411 0.00721273 0.00469753 0.00271248 0.00128997 0.000477436 0.000137362 3.1964e-05 6.25363e-06 1.04267e-06 1.44725e-07 1.52538e-08 8.76972e-10 0 
0 0.000464704 0.00277325 0.00706109 0.012954 0.020242 0.0285823 0.0375168 0.0465245 0.055075 0.0627168 0.0691397 0.0739824 0.0767658 0.0772935 0.0756282 0.0720104 0.0669515 0.0609637 0.0543535 0.0473989 0.0404077 0.0336645 0.0273949 0.0217556 0.0168361 0.0126633 0.00920859 0.00639439 0.0041199 0.00233331 0.00108354 0.000393921 0.000112773 2.64213e-05 5.24177e-06 8.89178e-07 1.25704e-07 1.34925e-08 7.89328e-10 0 
0 0.000365612 0.00230762 0.00606445 0.0112278 0.0175945 0.024876 0.0326755 0.0405384 0.0479957 0.0546093 0.0600239 0.063976 0.066243 0.0666752 0.0653107 0.0623874 0.0582258 0.0531303 0.0473989 0.0413391 0.0352443 0.0293663 0.0239017 0.0189866 0.0146977 0.0110564 0.00803391 0.00556025 0.00355512 0.00199111 0.000916618 0.000333581 9.66871e-05 2.31023e-05 4.68637e-06 8.12543e-07 1.17202e-07 1.2805e-08 7.60597e-10 0 
0 0.000272453 0.0018363 0.00504594 0.00948324 0.0149284 0.0211471 0.0278061 0.0345189 0.040885 0.0465259 0.0511176 0.0544173 0.0562716 0.0566221 0.0555182 0.0531103 0.0496158 0.0452898 0.0404077 0.0352443 0.0300526 0.0250479 0.0203974 0.016217 0.0125712 0.00947693 0.00690661 0.00479951 0.00309008 0.0017544 0.000826582 0.000310128 9.27719e-05 2.27859e-05 4.72374e-06 8.32392e-07 1.21458e-07 1.33736e-08 7.98131e-10 0 
0 0.000191037 0.00138495 0.00404195 0.00778544 0.0123504 0.0175479 0.023109 0.0287138 0.0340288 0.0387382 0.0425702 0.0453194 0.0468601 0.0471524 0.0462403 0.0442421 0.0413341 0.0377307 0.0336645 0.0293663 0.0250479 0.0208893 0.0170311 0.0135735 0.0105792 0.00806883 0.00600323 0.00429312 0.00286287 0.00169959 0.000844996 0.000333623 0.000103442 2.58846e-05 5.39878e-06 9.49914e-07 1.3781e-07 1.50513e-08 8.8983e-10 0 
0 0.000125129 0.000978963 0.00308541 0.00618112 0.00994094 0.0141961 0.0187399 0.0233166 0.0276558 0.0315003 0.0346287 0.0368733 0.0381319 0.0383723 0.0376308 0.036004 0.0336361 0.0307028 0.0273949 0.0239017 0.0203974 0.0170311 0.0139259 0.0111966 0.00897245 0.00732505 0.0060741 0.00481813 0.00338817 0.0020344 0.0010245 0.000414125 0.000129947 3.22988e-05 6.61909e-06 1.14001e-06 1.61805e-07 1.73018e-08 1.0027e-09 0 
0 7.59998e-05 0.000640374 0.00221106 0.00470036 0.00774956 0.01117 0.0148054 0.0184611 0.021925 0.0249933 0.02749 0.0292817 0.030287 0.0304806 0.0298917 0.0285978 0.0267143 0.0243825 0.0217556 0.0189866 0.016217 0.0135735 0.0111966 0.00935394 0.00856413 0.0092048 0.0103778 0.00998705 0.00728256 0.00394783 0.00168322 0.000601551 0.000176119 4.14587e-05 8.10838e-06 1.34453e-06 1.84904e-07 1.92371e-08 1.08817e-09 0 
0 4.25111e-05 0.000382724 0.00145884 0.00336701 0.00579635 0.00850709 0.0113628 0.0142221 0.0169267 0.0193208 0.0212684 0.0226662 0.0234512 0.0236039 0.0231474 0.0221425 0.0206799 0.0188707 0.0168361 0.0146977 0.0125712 0.0105792 0.00897245 0.00856413 0.0112443 0.0184895 0.0273194 0.0309468 0.0212531 0.0107574 0.00385125 0.00107481 0.000257557 5.29175e-05 9.44617e-06 1.48074e-06 1.96327e-07 1.98638e-08 1.09766e-09 0 
0 2.17746e-05 0.000206707 0.000867375 0.00221569 0.00408449 0.00620551 0.00842003 0.010618 0.0126875 0.0145153 0.0160009 0.017067 0.0176662 0.0177843 0.0174393 0.0166777 0.0155693 0.0141997 0.0126633 0.0110564 0.00947693 0.00806883 0.00732505 0.0092048 0.0184895 0.0394092 0.0722233 0.0787412 0.0563113 0.0250328 0.0084242 0.00201898 0.000388853 6.56267e-05 1.0167e-05 1.47299e-06 1.87711e-07 1.85329e-08 1.00492e-09 0 
0 1.01718e-05 0.00010014 0.000456067 0.00129851 0.00262999 0.00424194 0.00594207 0.00761493 0.00917585 0.0105468 0.0116579 0.0124542 0.0129024 0.0129924 0.012738 0.0121744 0.0113539 0.0103411 0.00920859 0.00803391 0.00690661 0.00600323 0.0060741 0.0103778 0.0273194 0.0722233 0.0876452 0.0895802 0.0832426 0.0472483 0.0135733 0.00307415 0.000520027 7.38538e-05 9.77989e-06 1.29113e-06 1.58203e-07 1.53399e-08 8.21901e-10 0 
0 4.32408e-06 4.33857e-05 0.000209688 0.000658489 0.0014859 0.00261532 0.00387881 0.00513925 0.00630973 0.00732967 0.00815126 0.0087383 0.00906883 0.00913711 0.00895386 0.00854485 0.0079484 0.00721273 0.00639439 0.00556025 0.00479951 0.00429312 0.00481813 0.00998705 0.0309468 0.0787412 0.0895802 0.0910158 0.0857989 0.056572 0.0149646 0.00332781 0.000532277 6.80509e-05 7.98279e-06 9.72852e-07 1.15734e-07 1.11288e-08 5.94335e-10 0 
0 1.67188e-06 1.68276e-05 8.4172e-05 0.000284314 0.000709288 0.00138272 0.00222844 0.00312963 0.00398924 0.00474277 0.00534877 0.00578081 0.00602456 0.00607725 0.00594734 0.00565374 0.00522473 0.00469753 0.0041199 0.00355512 0.00309008 0.00286287 0.00338817 0.00728256 0.0212531 0.0563113 0.0832426 0.0857989 0.0765506 0.034745 0.0110825 0.00245881 0.000387317 4.73474e-05 5.23854e-06 6.15448e-07 7.27092e-08 7.02458e-09 3.77575e-10 0 
0 5.88239e-07 5.86411e-06 2.9685e-05 0.000104633 0.000280981 0.00060084 0.00106231 0.00161377 0.00218279 0.0027052 0.00313578 0.00344687 0.0036245 0.00366557 0.00357623 0.00337099 0.00307255 0.00271248 0.00233331 0.00199111 0.0017544 0.00169959 0.0020344 0.00394783 0.0107574 0.0250328 0.0472483 0.056572 0.034745 0.0166521 0.00549265 0.00122978 0.000195542 2.39606e-05 2.68183e-06 3.22721e-07 3.9039e-08 3.845e-09 2.10041e-10 0 
0 1.88492e-07 1.84404e-06 9.28801e-06 3.32663e-05 9.30783e-05 0.000212108 0.000404902 0.000664646 0.000962791 0.00126041 0.00152085 0.00171687 0.00183228 0.00186122 0.0018068 0.00168006 0.00149936 0.00128997 0.00108354 0.000916618 0.000826582 0.000844996 0.0010245 0.00168322 0.00385125 0.0084242 0.0135733 0.0149646 0.0110825 0.00549265 0.00183119 0.000419268 6.86894e-05 8.84925e-06 1.07839e-06 1.40992e-07 1.79459e-08 1.8249e-09 1.02202e-10 0 
0 5.50184e-08 5.25039e-07 2.60171e-06 9.29095e-06 2.6363e-05 6.20216e-05 0.000124057 0.000215194 0.000329712 0.000454022 0.00057072 0.000663436 0.00072034 0.000735772 0.000710463 0.00065094 0.000568437 0.000477436 0.000393921 0.000333581 0.000310128 0.000333623 0.000414125 0.000601551 0.00107481 0.00201898 0.00307415 0.00332781 0.00245881 0.00122978 0.000419268 9.94946e-05 1.73079e-05 2.49703e-06 3.55075e-07 5.2314e-08 7.10588e-09 7.52359e-10 4.3501e-11 0 
0 1.46071e-08 1.35496e-07 6.56131e-07 2.30912e-06 6.5272e-06 1.54814e-05 3.15743e-05 5.63326e-05 8.91852e-05 0.000126915 0.000164233 0.000195215 0.000214928 0.000220635 0.000212322 0.000192543 0.000165753 0.000137362 0.000112773 9.66871e-05 9.27719e-05 0.000103442 0.000129947 0.000176119 0.000257557 0.000388853 0.000520027 0.000532277 0.000387317 0.000195542 6.86894e-05 1.73079e-05 3.38502e-06 5.88244e-07 1.01162e-07 1.681e-08 2.43781e-09 2.699e-10 1.61934e-11 0 
0 3.51137e-09 3.1607e-08 1.49048e-07 5.13655e-07 1.43186e-06 3.37544e-06 6.89538e-06 1.24041e-05 1.98928e-05 2.87379e-05 3.77382e-05 4.54072e-05 5.04045e-05 5.1929e-05 4.99325e-05 4.51003e-05 3.86382e-05 3.1964e-05 2.64213e-05 2.31023e-05 2.27859e-05 2.58846e-05 3.22988e-05 4.14587e-05 5.29175e-05 6.56267e-05 7.38538e-05 6.80509e-05 4.73474e-05 2.39606e-05 8.84925e-06 2.49703e-06 5.88244e-07 1.26954e-07 2.57786e-08 4.7163e-09 7.26043e-10 8.42047e-11 5.26007e-12 0 
0 7.56585e-10 6.60576e-09 3.02922e-08 1.01921e-07 2.78759e-07 6.483e-07 1.3137e-06 2.3558e-06 3.7811e-06 5.48111e-06 7.23144e-06 8.74161e-06 9.73986e-06 1.0058e-05 9.68194e-06 8.75106e-06 7.51243e-06 6.25363e-06 5.24177e-06 4.68637e-06 4.72374e-06 5.39878e-06 6.61909e-06 8.10838e-06 9.44617e-06 1.0167e-05 9.77989e-06 7.98279e-06 5.23854e-06 2.68183e-06 1.07839e-06 3.55075e-07 1.01162e-07 2.57786e-08 5.84977e-09 1.14974e-09 1.8688e-10 2.27161e-11 1.48021e-12 0 
0 1.43136e-10 1.21272e-09 5.40746e-09 1.77453e-08 4.75182e-08 1.08651e-07 2.17377e-07 3.86395e-07 6.16829e-07 8.91745e-07 1.1756e-06 1.42173e-06 1.5859e-06 1.64031e-06 1.58241e-06 1.43512e-06 1.23933e-06 1.04267e-06 8.89178e-07 8.12543e-07 8.32392e-07 9.49914e-07 1.14001e-06 1.34453e-06 1.48074e-06 1.47299e-06 1.29113e-06 9.72852e-07 6.15448e-07 3.22721e-07 1.40992e-07 5.2314e-08 1.681e-08 4.7163e-09 1.14974e-09 2.39378e-10 4.09394e-11 5.21381e-12 3.54616e-13 0 
0 2.27729e-11 1.87417e-10 8.13162e-10 2.60323e-09 6.82167e-09 1.53165e-08 3.01967e-08 5.30714e-08 8.40249e-08 1.20795e-07 1.58703e-07 1.9162e-07 2.13717e-07 2.21319e-07 2.14092e-07 1.95099e-07 1.69835e-07 1.44725e-07 1.25704e-07 1.17202e-07 1.21458e-07 1.3781e-07 1.61805e-07 1.84904e-07 1.96327e-07 1.87711e-07 1.58203e-07 1.15734e-07 7.27092e-08 3.9039e-08 1.79459e-08 7.10588e-09 2.43781e-09 7.26043e-10 1.8688e-10 4.09394e-11 7.34733e-12 9.79226e-13 6.94944e-14 0 
0 2.74979e-12 2.20115e-11 9.3041e-11 2.9083e-10 7.4613e-10 1.64501e-09 3.19431e-09 5.54608e-09 8.69884e-09 1.24204e-08 1.62441e-08 1.95635e-08 2.18038e-08 2.26037e-08 2.19325e-08 2.00985e-08 1.76555e-08 1.52538e-08 1.34925e-08 1.2805e-08 1.33736e-08 1.50513e-08 1.73018e-08 1.92371e-08 1.98638e-08 1.85329e-08 1.53399e-08 1.11288e-08 7.02458e-09 3.845e-09 1.8249e-09 7.52359e-10 2.699e-10 8.42047e-11 2.27161e-11 5.21381e-12 9.79226e-13 1.36332e-13 1.00848e-14 0 
0 1.80018e-13 1.40375e-12 5.78897e-12 1.76903e-11 4.44759e-11 9.63458e-11 1.84322e-10 3.16149e-10 4.91128e-10 6.96226e-10 9.06062e-10 1.08806e-09 1.21154e-09 1.25732e-09 1.22397e-09 1.1284e-09 1.00086e-09 8.76972e-10 7.89328e-10 7.60597e-10 7.98131e-10 8.8983e-10 1.0027e-09 1.08817e-09 1.09766e-09 1.00492e-09 8.21901e-10 5.94335e-10 3.77575e-10 2.10041e-10 1.02202e-10 4.3501e-11 1.61934e-11 5.26007e-12 1.48021e-12 3.54616e-13 6.94944e-14 1.00848e-14 7.76356e-16 0 
0 0 0 0 0 0 0 0 0 0 0 0 0 0 0 0 0 0 0 0 0 0 0 0 0 0 0 0 0 0 0 0 0 0 0 0 0 0 0 0 0 
