0 0 0 0 0 0 0 0 0 0 0 0 0 0 0 0 0 0 0 0 0 0 0 0 0 0 0 0 0 0 0 0 0 0 0 0 0 0 0 0 0 
0 4.16531e-07 3.70599e-06 1.62906e-05 4.91128e-05 0.000113324 0.000213189 0.000342827 0.000489026 0.000636356 0.000770889 0.000881823 0.000961797 0.00100667 0.0010152 0.00098864 0.00093043 0.000845784 0.00074132 0.000624644 0.000503865 0.000386986 0.000281147 0.000191773 0.000121837 7.15187e-05 3.8506e-05 1.89028e-05 8.4268e-06 3.40452e-06 1.24602e-06 4.1329e-07 1.24264e-07 3.38292e-08 8.30436e-09 1.82059e-09 3.4936e-10 5.62303e-11 6.85385e-12 4.52128e-13 0 
0 3.70599e-06 3.36699e-05 0.000145611 0.000413257 0.000867964 0.0014677 0.00213524 0.00280237 0.00342113 0.0039578 0.00438737 0.00469181 0.00486053 0.0048909 0.00478818 0.00456465 0.004238 0.00382934 0.00336139 0.00285704 0.00233901 0.00183027 0.00135473 0.000936421 0.0005959 0.000344265 0.000178505 8.24809e-05 3.38908e-05 1.24083e-05 4.06502e-06 1.19656e-06 3.17159e-07 7.5578e-08 1.60652e-08 2.9891e-09 4.66847e-10 5.52884e-11 3.54924e-12 0 
0 1.62906e-05 0.000145611 0.00058393 0.00146281 0.00268694 0.00407579 0.0055097 0.00691555 0.00822797 0.00938097 0.0103142 0.0109807 0.0113513 0.0114172 0.0111895 0.0106969 0.00998146 0.00909424 0.00808964 0.00702024 0.00593217 0.00486223 0.00383818 0.00288367 0.00202621 0.00130193 0.000746871 0.000375076 0.000163242 6.16237e-05 2.03468e-05 5.93812e-06 1.54442e-06 3.59026e-07 7.42435e-08 1.34273e-08 2.03917e-09 2.35072e-10 1.47102e-11 0 
0 4.91128e-05 0.000413257 0.00146281 0.0031878 0.00529826 0.00761996 0.0100553 0.0124899 0.0147899 0.0168228 0.018473 0.019653 0.0203094 0.0204259 0.020022 0.0191488 0.017882 0.0163137 0.0145433 0.0126692 0.0107803 0.00895048 0.00723268 0.00565703 0.00423504 0.00297491 0.00190347 0.00107099 0.00051429 0.000207995 7.12497e-05 2.10165e-05 5.4285e-06 1.24051e-06 2.50849e-07 4.42655e-08 6.5565e-09 7.37605e-10 4.50972e-11 0 
0 0.000113324 0.000867964 0.00268694 0.00529826 0.00841148 0.011905 0.0156236 0.0193623 0.0229015 0.0260319 0.0285739 0.0303918 0.0314031 0.0315824 0.0309598 0.0296142 0.0276623 0.0252466 0.0225209 0.0196375 0.0167361 0.0139351 0.0113252 0.00896547 0.00688017 0.0050621 0.00349183 0.00217618 0.00116996 0.000522354 0.000191392 5.83892e-05 1.5206e-05 3.44877e-06 6.86336e-07 1.18723e-07 1.72137e-08 1.89567e-09 1.13544e-10 0 
0 0.000213189 0.0014677 0.00407579 0.00761996 0.011905 0.016774 0.0219763 0.0272118 0.0321694 0.0365551 0.0401168 0.042665 0.0440841 0.0443359 0.0434618 0.0415746 0.0388392 0.0354547 0.0316362 0.0275976 0.0235352 0.019616 0.0159698 0.0126861 0.0098118 0.00735034 0.00526585 0.00350946 0.00207598 0.00103005 0.000412252 0.000132917 3.54602e-05 8.06609e-06 1.59085e-06 2.71122e-07 3.86338e-08 4.17872e-09 2.45913e-10 0 
0 0.000342827 0.00213524 0.0055097 0.0100553 0.0156236 0.0219763 0.028769 0.0356068 0.0420823 0.0478157 0.0525165 0.0560415 0.0581888 0.0585959 0.0572279 0.0544998 0.0508182 0.046376 0.0413865 0.0361119 0.0308069 0.0256898 0.0209314 0.0166503 0.0129133 0.00973732 0.00709028 0.00489913 0.00309312 0.00167981 0.000737606 0.000254931 7.06315e-05 1.62735e-05 3.20253e-06 5.4042e-07 7.59845e-08 8.09942e-09 4.69692e-10 0 
0 0.000489026 0.00280237 0.00691555 0.0124899 0.0193623 0.0272118 0.0356068 0.0440582 0.052075 0.0593839 0.0664387 0.0725593 0.0760675 0.0767082 0.0746146 0.0699048 0.0636756 0.0574808 0.0512111 0.0446843 0.0381278 0.0318044 0.0259251 0.0206374 0.0160258 0.012117 0.00888386 0.00624838 0.00410204 0.00238055 0.00113525 0.000422155 0.000122525 2.88161e-05 5.69146e-06 9.5524e-07 1.33017e-07 1.4018e-08 8.03371e-10 0 
0 0.000636356 0.00342113 0.00822797 0.0147899 0.0229015 0.0321694 0.0420823 0.052075 0.0618573 0.0726228 0.0819142 0.0868224 0.0890253 0.089437 0.0882238 0.0850383 0.0787638 0.0693801 0.0606791 0.0528134 0.0450621 0.0375958 0.0306546 0.0244127 0.0189709 0.0143629 0.0105639 0.0074946 0.0050297 0.00305126 0.00155331 0.000617931 0.000188313 4.54126e-05 9.03996e-06 1.51454e-06 2.09542e-07 2.18964e-08 1.24348e-09 0 
0 0.000770889 0.0039578 0.00938097 0.0168228 0.0260319 0.0365551 0.0478157 0.0593839 0.0726228 0.0845796 0.0906132 0.0938129 0.0953758 0.0956946 0.0948545 0.0927161 0.0887945 0.0816605 0.070309 0.0601291 0.0512036 0.0427205 0.0348394 0.027753 0.021576 0.0163478 0.0120434 0.00858183 0.00583015 0.00363758 0.00194193 0.000817004 0.000260516 6.44709e-05 1.29633e-05 2.17351e-06 2.99557e-07 3.11179e-08 1.75538e-09 0 
0 0.000881823 0.00438737 0.0103142 0.018473 0.0285739 0.0401168 0.0525165 0.0664387 0.0819142 0.0906132 0.0951664 0.0977651 0.0990824 0.0993656 0.0986747 0.096927 0.0938408 0.0886766 0.0793735 0.0666951 0.0562336 0.0468849 0.0382394 0.0304668 0.0236923 0.0179596 0.013243 0.00945876 0.00646965 0.00410641 0.00226422 0.000993735 0.000328993 8.33353e-05 1.69286e-05 2.84461e-06 3.91306e-07 4.04955e-08 2.27405e-09 0 
0 0.000961797 0.00469181 0.0109807 0.019653 0.0303918 0.042665 0.0560415 0.0725593 0.0868224 0.0938129 0.0977651 0.100099 0.101303 0.101571 0.10095 0.0993814 0.0966555 0.0922592 0.0847958 0.0721946 0.0599522 0.0498691 0.0406729 0.0324093 0.0252072 0.0191132 0.0141011 0.0100845 0.00692325 0.00443823 0.00249721 0.00112784 0.000383741 9.89795e-05 2.02819e-05 3.41705e-06 4.69805e-07 4.85218e-08 2.71762e-09 0 
0 0.00100667 0.00486053 0.0113513 0.0203094 0.0314031 0.0440841 0.0581888 0.0760675 0.0890253 0.0953758 0.0990824 0.101303 0.102459 0.102719 0.10213 0.100639 0.0980662 0.0939793 0.0872569 0.0754287 0.0621483 0.051537 0.0420296 0.0334925 0.0260522 0.019757 0.01458 0.0104336 0.00717594 0.00462331 0.0026293 0.00120662 0.000417217 0.000108839 2.24347e-05 3.78852e-06 5.21086e-07 5.37902e-08 3.00995e-09 0 
0 0.0010152 0.0048909 0.0114172 0.0204259 0.0315824 0.0443359 0.0585959 0.0767082 0.089437 0.0956946 0.0993656 0.101571 0.102719 0.102979 0.102395 0.100916 0.0983649 0.0943237 0.0877103 0.0760316 0.0625618 0.0518392 0.0422755 0.0336894 0.0262064 0.019875 0.0146685 0.0104989 0.00722426 0.00466033 0.00265769 0.00122501 0.000425632 0.000111467 2.30356e-05 3.89629e-06 5.36489e-07 5.54257e-08 3.10367e-09 0 
0 0.00098864 0.00478818 0.0111895 0.020022 0.0309598 0.0434618 0.0572279 0.0746146 0.0882238 0.0948545 0.0986747 0.10095 0.10213 0.102395 0.101792 0.100264 0.0976196 0.0933935 0.0863493 0.0740851 0.0611925 0.0508223 0.0414507 0.0330322 0.0256949 0.0194867 0.0143811 0.0102912 0.00707655 0.00455581 0.00258676 0.00118482 0.000409279 0.000106835 2.20633e-05 3.73536e-06 5.15251e-07 5.33487e-08 2.99454e-09 0 
0 0.00093043 0.00456465 0.0106969 0.0191488 0.0296142 0.0415746 0.0544998 0.0699048 0.0850383 0.0927161 0.096927 0.0993814 0.100639 0.100916 0.100264 0.0986145 0.0957305 0.0910133 0.0827826 0.069827 0.0583716 0.0486222 0.0396606 0.0316051 0.0245837 0.0186423 0.0137551 0.00983752 0.00675189 0.00432347 0.00242722 0.00109388 0.000372168 9.62562e-05 1.98163e-05 3.35757e-06 4.64461e-07 4.82765e-08 2.72168e-09 0 
0 0.000845784 0.004238 0.00998146 0.017882 0.0276623 0.0388392 0.0508182 0.0636756 0.0787638 0.0887945 0.0938408 0.0966555 0.0980662 0.0983649 0.0976196 0.0957305 0.0923539 0.0865645 0.0761544 0.0642463 0.0544644 0.0454348 0.0370619 0.0295332 0.0229706 0.0174164 0.0128461 0.009178 0.00627821 0.0039835 0.00219589 0.000965334 0.000321195 8.20041e-05 1.68153e-05 2.85396e-06 3.96654e-07 4.14838e-08 2.35485e-09 0 
0 0.00074132 0.00382934 0.00909424 0.0163137 0.0252466 0.0354547 0.046376 0.0574808 0.0693801 0.0816605 0.0886766 0.0922592 0.0939793 0.0943237 0.0933935 0.0910133 0.0865645 0.0784016 0.0675719 0.058312 0.049718 0.0414915 0.0338453 0.0269692 0.0209748 0.0159004 0.0117222 0.0083616 0.00569023 0.00356274 0.00191636 0.000816897 0.000264991 6.67765e-05 1.36623e-05 2.32897e-06 3.26213e-07 3.44381e-08 1.97461e-09 0 
0 0.000624644 0.00336139 0.00808964 0.0145433 0.0225209 0.0316362 0.0413865 0.0512111 0.0606791 0.070309 0.0793735 0.0847958 0.0872569 0.0877103 0.0863493 0.0827826 0.0761544 0.0675719 0.0596593 0.052002 0.0443848 0.0370431 0.030217 0.0240781 0.0187257 0.0141933 0.0104575 0.0074427 0.00502906 0.00309682 0.00162051 0.000669872 0.000212608 5.31533e-05 1.09071e-05 1.8763e-06 2.65974e-07 2.84469e-08 1.65265e-09 0 
0 0.000503865 0.00285704 0.00702024 0.0126692 0.0196375 0.0275976 0.0361119 0.0446843 0.0528134 0.0601291 0.0666951 0.0721946 0.0754287 0.0760316 0.0740851 0.069827 0.0642463 0.058312 0.052002 0.045391 0.0387472 0.0323394 0.0263819 0.0210241 0.0163524 0.0123948 0.0091279 0.00648036 0.00434643 0.00263605 0.00135015 0.000547427 0.000172243 4.31946e-05 8.95908e-06 1.56315e-06 2.24934e-07 2.44098e-08 1.43728e-09 0 
0 0.000386986 0.00233901 0.00593217 0.0107803 0.0167361 0.0235352 0.0308069 0.0381278 0.0450621 0.0512036 0.0562336 0.0599522 0.0621483 0.0625618 0.0611925 0.0583716 0.0544644 0.049718 0.0443848 0.0387472 0.0330777 0.0276103 0.0225281 0.0179587 0.013976 0.0106034 0.00781696 0.0055517 0.00371989 0.00225307 0.00115537 0.000471558 0.000150187 3.82322e-05 8.04938e-06 1.42336e-06 2.07145e-07 2.26861e-08 1.34535e-09 0 
0 0.000281147 0.00183027 0.00486223 0.00895048 0.0139351 0.019616 0.0256898 0.0318044 0.0375958 0.0427205 0.0468849 0.0498691 0.051537 0.0518392 0.0508223 0.0486222 0.0454348 0.0414915 0.0370431 0.0323394 0.0276103 0.0230516 0.018817 0.0150176 0.0117252 0.00896705 0.00670587 0.00484828 0.00330816 0.00204931 0.0010845 0.000458154 0.000149913 3.87673e-05 8.21692e-06 1.45458e-06 2.11237e-07 2.30418e-08 1.3594e-09 0 
0 0.000191773 0.00135473 0.00383818 0.00723268 0.0113252 0.0159698 0.0209314 0.0259251 0.0306546 0.0348394 0.0382394 0.0406729 0.0420296 0.0422755 0.0414507 0.0396606 0.0370619 0.0338453 0.030217 0.0263819 0.0225281 0.018817 0.0153829 0.0123529 0.00987266 0.00802988 0.00663843 0.00526596 0.00372664 0.00228337 0.0012016 0.000516755 0.00017169 4.43414e-05 9.278e-06 1.61394e-06 2.30102e-07 2.46543e-08 1.4302e-09 0 
0 0.000121837 0.000936421 0.00288367 0.00565703 0.00896547 0.0126861 0.0166503 0.0206374 0.0244127 0.027753 0.0304668 0.0324093 0.0334925 0.0336894 0.0330322 0.0316051 0.0295332 0.0269692 0.0240781 0.0210241 0.0179587 0.0150176 0.0123529 0.0102605 0.00931924 0.00995183 0.011186 0.0107554 0.00784712 0.00426913 0.00185054 0.000693537 0.00021667 5.36524e-05 1.07981e-05 1.81545e-06 2.51315e-07 2.62394e-08 1.48772e-09 0 
0 7.15187e-05 0.0005959 0.00202621 0.00423504 0.00688017 0.0098118 0.0129133 0.0160258 0.0189709 0.021576 0.0236923 0.0252072 0.0260522 0.0262064 0.0256949 0.0245837 0.0229706 0.0209748 0.0187257 0.0163524 0.013976 0.0117252 0.00987266 0.00931924 0.0121311 0.0198876 0.0330676 0.039937 0.0230384 0.0115659 0.00415075 0.00117923 0.000298605 6.53984e-05 1.21655e-05 1.94455e-06 2.59987e-07 2.64144e-08 1.46357e-09 0 
0 3.8506e-05 0.000344265 0.00130193 0.00297491 0.0050621 0.00735034 0.00973732 0.012117 0.0143629 0.0163478 0.0179596 0.0191132 0.019757 0.019875 0.0194867 0.0186423 0.0174164 0.0159004 0.0141933 0.0123948 0.0106034 0.00896705 0.00802988 0.00995183 0.0198876 0.0475845 0.0774982 0.0798074 0.0677501 0.027081 0.00905578 0.00217989 0.000433211 7.79419e-05 1.27538e-05 1.90026e-06 2.44811e-07 2.42804e-08 1.32009e-09 0 
0 1.89028e-05 0.000178505 0.000746871 0.00190347 0.00349183 0.00526585 0.00709028 0.00888386 0.0105639 0.0120434 0.013243 0.0141011 0.01458 0.0146685 0.0143811 0.0137551 0.0128461 0.0117222 0.0104575 0.0091279 0.00781696 0.00670587 0.00663843 0.011186 0.0330676 0.0774982 0.0859285 0.0869199 0.0823815 0.0580192 0.0145912 0.00330818 0.000568992 8.52151e-05 1.20022e-05 1.64461e-06 2.04394e-07 1.99175e-08 1.06987e-09 0 
0 8.4268e-06 8.24809e-05 0.000375076 0.00107099 0.00217618 0.00350946 0.00489913 0.00624838 0.0074946 0.00858183 0.00945876 0.0100845 0.0104336 0.0104989 0.0102912 0.00983752 0.009178 0.0083616 0.0074427 0.00648036 0.0055517 0.00484828 0.00526596 0.0107554 0.039937 0.0798074 0.0869199 0.0878845 0.0843097 0.0677539 0.0163163 0.00357893 0.000579087 7.73386e-05 9.64946e-06 1.22835e-06 1.48647e-07 1.43695e-08 7.69196e-10 0 
0 3.40452e-06 3.38908e-05 0.000163242 0.00051429 0.00116996 0.00207598 0.00309312 0.00410204 0.0050297 0.00583015 0.00646965 0.00692325 0.00717594 0.00722426 0.00707655 0.00675189 0.00627821 0.00569023 0.00502906 0.00434643 0.00371989 0.00330816 0.00372664 0.00784712 0.0230384 0.0677501 0.0823815 0.0843097 0.0786785 0.0422487 0.0119085 0.00264498 0.000421575 5.36217e-05 6.2941e-06 7.73744e-07 9.30719e-08 9.03867e-09 4.86838e-10 0 
0 1.24602e-06 1.24083e-05 6.16237e-05 0.000207995 0.000522354 0.00103005 0.00167981 0.00238055 0.00305126 0.00363758 0.00410641 0.00443823 0.00462331 0.00466033 0.00455581 0.00432347 0.0039835 0.00356274 0.00309682 0.00263605 0.00225307 0.00204931 0.00228337 0.00426913 0.0115659 0.027081 0.0580192 0.0677539 0.0422487 0.0178921 0.00590303 0.00132501 0.000214047 2.73015e-05 3.23338e-06 4.05901e-07 4.99019e-08 4.93686e-09 2.70154e-10 0 
0 4.1329e-07 4.06502e-06 2.03468e-05 7.12497e-05 0.000191392 0.000412252 0.000737606 0.00113525 0.00155331 0.00194193 0.00226422 0.00249721 0.0026293 0.00265769 0.00258676 0.00242722 0.00219589 0.00191636 0.00162051 0.00135015 0.00115537 0.0010845 0.0012016 0.00185054 0.00415075 0.00905578 0.0145912 0.0163163 0.0119085 0.00590303 0.00197035 0.000454389 7.6146e-05 1.02399e-05 1.31546e-06 1.78041e-07 2.29366e-08 2.34009e-09 1.31235e-10 0 
0 1.24264e-07 1.19656e-06 5.93812e-06 2.10165e-05 5.83892e-05 0.000132917 0.000254931 0.000422155 0.000617931 0.000817004 0.000993735 0.00112784 0.00120662 0.00122501 0.00118482 0.00109388 0.000965334 0.000816897 0.000669872 0.000547427 0.000471558 0.000458154 0.000516755 0.000693537 0.00117923 0.00217989 0.00330818 0.00357893 0.00264498 0.00132501 0.000454389 0.000109498 1.96262e-05 2.96225e-06 4.40284e-07 6.64003e-08 9.08553e-09 9.63996e-10 5.57959e-11 0 
0 3.38292e-08 3.17159e-07 1.54442e-06 5.4285e-06 1.5206e-05 3.54602e-05 7.06315e-05 0.000122525 0.000188313 0.000260516 0.000328993 0.000383741 0.000417217 0.000425632 0.000409279 0.000372168 0.000321195 0.000264991 0.000212608 0.000172243 0.000150187 0.000149913 0.00017169 0.00021667 0.000298605 0.000433211 0.000568992 0.000579087 0.000421575 0.000214047 7.6146e-05 1.96262e-05 3.97466e-06 7.19325e-07 1.27361e-07 2.1423e-08 3.1181e-09 3.45651e-10 2.07546e-11 0 
0 8.30436e-09 7.5578e-08 3.59026e-07 1.24051e-06 3.44877e-06 8.06609e-06 1.62735e-05 2.88161e-05 4.54126e-05 6.44709e-05 8.33353e-05 9.89795e-05 0.000108839 0.000111467 0.000106835 9.62562e-05 8.20041e-05 6.67765e-05 5.31533e-05 4.31946e-05 3.82322e-05 3.87673e-05 4.43414e-05 5.36524e-05 6.53984e-05 7.79419e-05 8.52151e-05 7.73386e-05 5.36217e-05 2.73015e-05 1.02399e-05 2.96225e-06 7.19325e-07 1.59222e-07 3.27677e-08 6.02412e-09 9.28832e-10 1.07805e-10 6.73833e-12 0 
0 1.82059e-09 1.60652e-08 7.42435e-08 2.50849e-07 6.86336e-07 1.59085e-06 3.20253e-06 5.69146e-06 9.03996e-06 1.29633e-05 1.69286e-05 2.02819e-05 2.24347e-05 2.30356e-05 2.20633e-05 1.98163e-05 1.68153e-05 1.36623e-05 1.09071e-05 8.95908e-06 8.04938e-06 8.21692e-06 9.278e-06 1.07981e-05 1.21655e-05 1.27538e-05 1.20022e-05 9.64946e-06 6.2941e-06 3.23338e-06 1.31546e-06 4.40284e-07 1.27361e-07 3.27677e-08 7.46765e-09 1.47002e-09 2.39102e-10 2.9078e-11 1.89561e-12 0 
0 3.4936e-10 2.9891e-09 1.34273e-08 4.42655e-08 1.18723e-07 2.71122e-07 5.4042e-07 9.5524e-07 1.51454e-06 2.17351e-06 2.84461e-06 3.41705e-06 3.78852e-06 3.89629e-06 3.73536e-06 3.35757e-06 2.85396e-06 2.32897e-06 1.8763e-06 1.56315e-06 1.42336e-06 1.45458e-06 1.61394e-06 1.81545e-06 1.94455e-06 1.90026e-06 1.64461e-06 1.22835e-06 7.73744e-07 4.05901e-07 1.78041e-07 6.64003e-08 2.1423e-08 6.02412e-09 1.47002e-09 3.06203e-10 5.23853e-11 6.67361e-12 4.54056e-13 0 
0 5.62303e-11 4.66847e-10 2.03917e-09 6.5565e-09 1.72137e-08 3.86338e-08 7.59845e-08 1.33017e-07 2.09542e-07 2.99557e-07 3.91306e-07 4.69805e-07 5.21086e-07 5.36489e-07 5.15251e-07 4.64461e-07 3.96654e-07 3.26213e-07 2.65974e-07 2.24934e-07 2.07145e-07 2.11237e-07 2.30102e-07 2.51315e-07 2.59987e-07 2.44811e-07 2.04394e-07 1.48647e-07 9.30719e-08 4.99019e-08 2.29366e-08 9.08553e-09 3.1181e-09 9.28832e-10 2.39102e-10 5.23853e-11 9.40291e-12 1.25343e-12 8.89757e-14 0 
0 6.85385e-12 5.52884e-11 2.35072e-10 7.37605e-10 1.89567e-09 4.17872e-09 8.09942e-09 1.4018e-08 2.18964e-08 3.11179e-08 4.04955e-08 4.85218e-08 5.37902e-08 5.54257e-08 5.33487e-08 4.82765e-08 4.14838e-08 3.44381e-08 2.84469e-08 2.44098e-08 2.26861e-08 2.30418e-08 2.46543e-08 2.62394e-08 2.64144e-08 2.42804e-08 1.99175e-08 1.43695e-08 9.03867e-09 4.93686e-09 2.34009e-09 9.63996e-10 3.45651e-10 1.07805e-10 2.9078e-11 6.67361e-12 1.25343e-12 1.74525e-13 1.2912e-14 0 
0 4.52128e-13 3.54924e-12 1.47102e-11 4.50972e-11 1.13544e-10 2.45913e-10 4.69692e-10 8.03371e-10 1.24348e-09 1.75538e-09 2.27405e-09 2.71762e-09 3.00995e-09 3.10367e-09 2.99454e-09 2.72168e-09 2.35485e-09 1.97461e-09 1.65265e-09 1.43728e-09 1.34535e-09 1.3594e-09 1.4302e-09 1.48772e-09 1.46357e-09 1.32009e-09 1.06987e-09 7.69196e-10 4.86838e-10 2.70154e-10 1.31235e-10 5.57959e-11 2.07546e-11 6.73833e-12 1.89561e-12 4.54056e-13 8.89757e-14 1.2912e-14 9.94074e-16 0 
0 0 0 0 0 0 0 0 0 0 0 0 0 0 0 0 0 0 0 0 0 0 0 0 0 0 0 0 0 0 0 0 0 0 0 0 0 0 0 0 0 
