0 0 0 0 0 0 0 0 0 0 0 0 0 0 0 0 0 0 0 0 0 0 0 0 0 0 0 0 0 0 0 0 0 0 0 0 0 0 0 0 0 
0 2.04739e-07 1.84961e-06 8.37566e-06 2.63824e-05 6.42021e-05 0.000127695 0.000216313 0.000322678 0.000435341 0.000542177 0.00063273 0.000699304 0.000737244 0.000744805 0.000722864 0.000674548 0.000604826 0.000520035 0.000427345 0.000334109 0.000247115 0.000171773 0.00011142 6.69615e-05 3.70424e-05 1.87619e-05 8.66929e-06 3.64774e-06 1.39724e-06 4.87543e-07 1.55099e-07 4.49916e-08 1.18825e-08 2.84389e-09 6.10536e-10 1.15159e-10 1.82768e-11 2.20246e-12 1.4395e-13 0 
0 1.84961e-06 1.72186e-05 7.82368e-05 0.000238641 0.000544011 0.000993184 0.00153776 0.00211357 0.00266504 0.00315121 0.00354343 0.00382264 0.00397817 0.00400732 0.00391473 0.00371152 0.00341394 0.00304193 0.0026178 0.00216544 0.00170994 0.00127718 0.000892217 0.00057573 0.000338981 0.00018027 8.60262e-05 3.67581e-05 1.40853e-05 4.85856e-06 1.51503e-06 4.28429e-07 1.09957e-07 2.55365e-08 5.31823e-09 9.73608e-10 1.50127e-10 1.76006e-11 1.12086e-12 0 
0 8.37566e-06 7.82368e-05 0.000340745 0.000948292 0.00191941 0.00312498 0.00441859 0.00569814 0.00689089 0.00793565 0.00877969 0.00938214 0.00971782 0.00977914 0.00957593 0.00913344 0.00848886 0.00768693 0.0067753 0.00580014 0.00480322 0.00382131 0.00288906 0.00204368 0.00132645 0.000773707 0.00039864 0.000179747 7.09316e-05 2.46699e-05 7.6358e-06 2.1214e-06 5.31695e-07 1.20216e-07 2.43456e-08 4.33415e-09 6.50408e-10 7.43003e-11 4.61721e-12 0 
0 2.63824e-05 0.000238641 0.000948292 0.0023194 0.00417226 0.00626981 0.00846824 0.0106564 0.0127189 0.0145405 0.0160196 0.0170781 0.0176683 0.0177753 0.0174161 0.0166363 0.015503 0.0140984 0.0125104 0.0108256 0.00912163 0.00746154 0.00589106 0.00444149 0.00314104 0.00203038 0.00116356 0.000575731 0.000242836 8.76359e-05 2.74507e-05 7.58502e-06 1.87095e-06 4.1397e-07 8.18286e-08 1.4208e-08 2.08014e-09 2.32048e-10 1.40992e-11 0 
0 6.42021e-05 0.000544011 0.00191941 0.00417226 0.00696776 0.0101022 0.013427 0.0167667 0.0199289 0.0227278 0.0250027 0.0266315 0.0275396 0.0277038 0.0271503 0.0259492 0.024205 0.0220448 0.019606 0.0170244 0.0144239 0.0119083 0.00955498 0.00741182 0.00549912 0.00382513 0.00241579 0.00133067 0.000617592 0.000238392 7.73707e-05 2.15988e-05 5.29585e-06 1.15427e-06 2.23748e-07 3.80288e-08 5.44829e-09 5.95063e-10 3.54346e-11 0 
0 0.000127695 0.000993184 0.00312498 0.00626981 0.0101022 0.0144446 0.0190827 0.0237543 0.0281824 0.0321036 0.0352914 0.0375741 0.0388468 0.0390768 0.0383007 0.0366171 0.0341726 0.0311458 0.0277299 0.0241164 0.0204806 0.0169707 0.013701 0.0107471 0.00814408 0.00589059 0.00396979 0.00239448 0.00123005 0.000518356 0.00017821 5.11133e-05 1.25972e-05 2.72453e-06 5.20616e-07 8.69647e-08 1.22328e-08 1.31191e-09 7.67592e-11 0 
0 0.000216313 0.00153776 0.00441859 0.00846824 0.013427 0.0190827 0.0251372 0.0312397 0.0370258 0.0421505 0.0463178 0.0493047 0.0509734 0.0512754 0.0502573 0.0480526 0.0448559 0.0409001 0.0364368 0.0317163 0.0269686 0.0223887 0.0181282 0.0142906 0.0109302 0.00805364 0.00562724 0.00361114 0.00202146 0.000933055 0.000344645 0.000103043 2.5801e-05 5.57788e-06 1.05617e-06 1.74102e-07 2.41273e-08 2.54833e-09 1.46894e-10 0 
0 0.000322678 0.00211357 0.00569814 0.0106564 0.0167667 0.0237543 0.0312397 0.0387862 0.0459425 0.0522854 0.0574698 0.0612432 0.0633983 0.0637946 0.06247 0.059654 0.0556481 0.0507402 0.0452184 0.0393813 0.0335117 0.0278513 0.0225886 0.0178537 0.0137187 0.0102 0.00726289 0.00483871 0.00288286 0.00144108 0.000573525 0.000180364 4.62724e-05 1.0063e-05 1.89713e-06 3.09797e-07 4.24366e-08 4.42725e-09 2.52094e-10 0 
0 0.000435341 0.00266504 0.00689089 0.0127189 0.0199289 0.0281824 0.0370258 0.0459425 0.0544046 0.0619596 0.0682984 0.0730773 0.0758327 0.076342 0.0746601 0.0710558 0.0660438 0.0601101 0.0535534 0.0466536 0.0397193 0.0330333 0.0268189 0.0212307 0.0163562 0.0122199 0.00878925 0.00598369 0.0037154 0.00197597 0.000841485 0.000278914 7.36733e-05 1.61912e-05 3.05096e-06 4.9521e-07 6.72551e-08 6.94984e-09 3.91917e-10 0 
0 0.000542177 0.00315121 0.00793565 0.0145405 0.0227278 0.0321036 0.0421505 0.0522854 0.0619596 0.0707996 0.0783204 0.0835762 0.086291 0.0867824 0.0851976 0.0814486 0.0756463 0.0685812 0.0609742 0.0531023 0.0452218 0.0376267 0.0305683 0.0242231 0.0186914 0.0140039 0.0101295 0.00698271 0.00445044 0.0024743 0.00111359 0.000387369 0.000105423 2.34689e-05 4.43205e-06 7.16982e-07 9.67987e-08 9.93306e-09 5.56089e-10 0 
0 0.00063273 0.00354343 0.00877969 0.0160196 0.0250027 0.0352914 0.0463178 0.0574698 0.0682984 0.0783204 0.0860363 0.0906776 0.0929504 0.0933729 0.0920778 0.0888962 0.0834257 0.0757533 0.067125 0.0583683 0.049702 0.0413663 0.0336209 0.0266592 0.0205919 0.0154542 0.0112156 0.00778783 0.00504387 0.00288918 0.00135501 0.000490437 0.000137096 3.09153e-05 5.85943e-06 9.46637e-07 1.27334e-07 1.30053e-08 7.24434e-10 0 
0 0.000699304 0.00382264 0.00938214 0.0170781 0.0266315 0.0375741 0.0493047 0.0612432 0.0730773 0.0835762 0.0906776 0.0947535 0.0967663 0.0971518 0.0960186 0.0932296 0.0883693 0.0809386 0.0716869 0.0621837 0.0529206 0.044051 0.0358129 0.0284088 0.021957 0.0164958 0.0119947 0.0083636 0.0054681 0.00319109 0.00153868 0.00057319 0.000163601 3.72965e-05 7.09638e-06 1.14653e-06 1.53942e-07 1.56814e-08 8.70954e-10 0 
0 0.000737244 0.00397817 0.00971782 0.0176683 0.0275396 0.0388468 0.0509734 0.0633983 0.0758327 0.086291 0.0929504 0.0967663 0.0986658 0.0990361 0.0979746 0.0953621 0.0908199 0.0837253 0.0743122 0.0643524 0.054729 0.0455579 0.0370441 0.0293924 0.0227252 0.0170827 0.0124342 0.00868873 0.00570847 0.00336475 0.00164793 0.000624513 0.000180619 4.14867e-05 7.91969e-06 1.28074e-06 1.71924e-07 1.75005e-08 9.71107e-10 0 
0 0.000744805 0.00400732 0.00977914 0.0177753 0.0277038 0.0390768 0.0512754 0.0637946 0.076342 0.0867824 0.0933729 0.0971518 0.0990361 0.0994052 0.0983552 0.09577 0.0912778 0.0842452 0.0748155 0.064768 0.055075 0.0458478 0.0372829 0.029585 0.0228775 0.0172008 0.0125246 0.0087578 0.00576215 0.00340636 0.00167632 0.000638911 0.000185706 4.28052e-05 8.19027e-06 1.32663e-06 1.78314e-07 1.81721e-08 1.00956e-09 0 
0 0.000722864 0.00391473 0.00957593 0.0174161 0.0271503 0.0383007 0.0502573 0.06247 0.0746601 0.0851976 0.0920778 0.0960186 0.0979746 0.0983552 0.0972635 0.0945731 0.0898886 0.082626 0.0732467 0.0634766 0.0540078 0.0449636 0.0365647 0.0290152 0.0224363 0.0168678 0.0122795 0.00858147 0.00563752 0.00332179 0.00162657 0.000616913 0.000178815 4.12061e-05 7.89601e-06 1.28212e-06 1.72846e-07 1.76731e-08 9.85316e-10 0 
0 0.000674548 0.00371152 0.00913344 0.0166363 0.0259492 0.0366171 0.0480526 0.059654 0.0710558 0.0814486 0.0888962 0.0932296 0.0953621 0.09577 0.0945731 0.0916224 0.0864928 0.0788878 0.0698605 0.0606797 0.0516694 0.0430203 0.0349835 0.0277584 0.0214611 0.0161294 0.0117334 0.00818515 0.00535346 0.00312568 0.00150951 0.000564556 0.000162178 3.72665e-05 7.15203e-06 1.16596e-06 1.58024e-07 1.62558e-08 9.12234e-10 0 
0 0.000604826 0.00341394 0.00848886 0.015503 0.024205 0.0341726 0.0448559 0.0556481 0.0660438 0.0756463 0.0834257 0.0883693 0.0908199 0.0912778 0.0898886 0.0864928 0.0808257 0.07332 0.0650824 0.0566563 0.0482685 0.0401897 0.0326799 0.0259275 0.0200406 0.0150537 0.0109376 0.00760676 0.00493842 0.00284116 0.00134334 0.000492288 0.000139704 3.20064e-05 6.16331e-06 1.0118e-06 1.38355e-07 1.43745e-08 8.15171e-10 0 
0 0.000520035 0.00304193 0.00768693 0.0140984 0.0220448 0.0311458 0.0409001 0.0507402 0.0601101 0.0685812 0.0757533 0.0809386 0.0837253 0.0842452 0.082626 0.0788878 0.07332 0.0666231 0.0593211 0.0517007 0.0440546 0.036681 0.0298257 0.0236605 0.0182834 0.0137251 0.00995596 0.00689439 0.00443034 0.0025006 0.00115288 0.000413446 0.00011612 2.6626e-05 5.16952e-06 8.59066e-07 1.19144e-07 1.25659e-08 7.23548e-10 0 
0 0.000427345 0.0026178 0.0067753 0.0125104 0.019606 0.0277299 0.0364368 0.0452184 0.0535534 0.0609742 0.067125 0.0716869 0.0743122 0.0748155 0.0732467 0.0698605 0.0650824 0.0593211 0.0528952 0.0461156 0.0392977 0.0327216 0.0266072 0.0211074 0.0163087 0.0122363 0.00886066 0.00610532 0.00387848 0.00214723 0.000968633 0.000342529 9.61249e-05 2.22675e-05 4.39536e-06 7.4463e-07 1.05355e-07 1.13307e-08 6.6457e-10 0 
0 0.000334109 0.00216544 0.00580014 0.0108256 0.0170244 0.0241164 0.0317163 0.0393813 0.0466536 0.0531023 0.0583683 0.0621837 0.0643524 0.064768 0.0634766 0.0606797 0.0566563 0.0517007 0.0461156 0.0402082 0.0342666 0.0285365 0.0232095 0.018418 0.0142359 0.010683 0.00772973 0.00530833 0.00334809 0.00183679 0.000824874 0.000293569 8.38172e-05 1.98734e-05 4.02089e-06 6.97374e-07 1.00771e-07 1.10373e-08 6.57383e-10 0 
0 0.000247115 0.00170994 0.00480322 0.00912163 0.0144239 0.0204806 0.0269686 0.0335117 0.0397193 0.0452218 0.049702 0.0529206 0.054729 0.055075 0.0540078 0.0516694 0.0482685 0.0440546 0.0392977 0.0342666 0.0292083 0.0243327 0.0198028 0.0157309 0.0121792 0.00916292 0.0066542 0.0045948 0.00292638 0.00163498 0.000755825 0.000278816 8.24687e-05 2.01424e-05 4.16859e-06 7.34864e-07 1.07377e-07 1.1844e-08 7.08137e-10 0 
0 0.000171773 0.00127718 0.00382131 0.00746154 0.0119083 0.0169707 0.0223887 0.0278513 0.0330333 0.0376267 0.0413663 0.044051 0.0455579 0.0458478 0.0449636 0.0430203 0.0401897 0.036681 0.0327216 0.0285365 0.0243327 0.0202858 0.0165327 0.0131705 0.0102595 0.00781863 0.00580846 0.00414123 0.00274486 0.00161248 0.000790328 0.000307621 9.43827e-05 2.34782e-05 4.88442e-06 8.58852e-07 1.2463e-07 1.36201e-08 8.05792e-10 0 
0 0.00011142 0.000892217 0.00288906 0.00589106 0.00955498 0.013701 0.0181282 0.0225886 0.0268189 0.0305683 0.0336209 0.0358129 0.0370441 0.0372829 0.0365647 0.0349835 0.0326799 0.0298257 0.0266072 0.0232095 0.0198028 0.0165327 0.0135192 0.010874 0.00872136 0.00712856 0.00591686 0.00469358 0.00329476 0.0019677 0.000980191 0.000390584 0.000121036 2.98442e-05 6.09101e-06 1.04718e-06 1.48528e-07 1.5879e-08 9.20231e-10 0 
0 6.69615e-05 0.00057573 0.00204368 0.00444149 0.00741182 0.0107471 0.0142906 0.0178537 0.0212307 0.0242231 0.0266592 0.0284088 0.0293924 0.029585 0.0290152 0.0277584 0.0259275 0.0236605 0.0211074 0.018418 0.0157309 0.0131705 0.010874 0.00910102 0.00835343 0.00899631 0.0101523 0.00977259 0.007125 0.00385831 0.00163764 0.000578381 0.00016676 3.88016e-05 7.54034e-06 1.2467e-06 1.71233e-07 1.7804e-08 1.00675e-09 0 
0 3.70424e-05 0.000338981 0.00132645 0.00314104 0.00549912 0.00814408 0.0109302 0.0137187 0.0163562 0.0186914 0.0205919 0.021957 0.0227252 0.0228775 0.0224363 0.0214611 0.0200406 0.0182834 0.0163087 0.0142359 0.0121792 0.0102595 0.00872136 0.00835343 0.0109967 0.0180992 0.0265467 0.029442 0.0208089 0.0105318 0.00376773 0.00104651 0.000247418 5.0063e-05 8.84879e-06 1.38081e-06 1.82745e-07 1.84747e-08 1.0204e-09 0 
0 1.87619e-05 0.00018027 0.000773707 0.00203038 0.00382513 0.00589059 0.00805364 0.0102 0.0122199 0.0140039 0.0154542 0.0164958 0.0170827 0.0172008 0.0168678 0.0161294 0.0150537 0.0137251 0.0122363 0.010683 0.00916292 0.00781863 0.00712856 0.00899631 0.0180992 0.0382934 0.0696803 0.0773092 0.0536361 0.0245114 0.00824793 0.00197425 0.00037726 6.26972e-05 9.58361e-06 1.37889e-06 1.75268e-07 1.72875e-08 9.36905e-10 0 
0 8.66929e-06 8.60262e-05 0.00039864 0.00116356 0.00241579 0.00396979 0.00562724 0.00726289 0.00878925 0.0101295 0.0112156 0.0119947 0.0124342 0.0125246 0.0122795 0.0117334 0.0109376 0.00995596 0.00886066 0.00772973 0.0066542 0.00580846 0.00591686 0.0101523 0.0265467 0.0696803 0.0876435 0.0898139 0.0829573 0.0448289 0.0132908 0.00300888 0.000506821 7.10658e-05 9.26923e-06 1.21221e-06 1.48008e-07 1.43351e-08 7.67667e-10 0 
0 3.64774e-06 3.67581e-05 0.000179747 0.000575731 0.00133067 0.00239448 0.00361114 0.00483871 0.00598369 0.00698271 0.00778783 0.0083636 0.00868873 0.0087578 0.00858147 0.00818515 0.00760676 0.00689439 0.00610532 0.00530833 0.0045948 0.00414123 0.00469358 0.00977259 0.029442 0.0773092 0.0898139 0.0914355 0.0857839 0.0537022 0.0146523 0.00325774 0.000519526 6.57309e-05 7.59514e-06 9.15343e-07 1.08416e-07 1.04118e-08 5.55767e-10 0 
0 1.39724e-06 1.40853e-05 7.09316e-05 0.000242836 0.000617592 0.00123005 0.00202146 0.00288286 0.0037154 0.00445044 0.00504387 0.0054681 0.00570847 0.00576215 0.00563752 0.00535346 0.00493842 0.00443034 0.00387848 0.00334809 0.00292638 0.00274486 0.00329476 0.007125 0.0208089 0.0536361 0.0829573 0.0857839 0.0745656 0.0335387 0.0108519 0.00240689 0.000378016 4.57765e-05 4.99195e-06 5.79673e-07 6.81612e-08 6.57675e-09 3.53344e-10 0 
0 4.87543e-07 4.85856e-06 2.46699e-05 8.76359e-05 0.000238392 0.000518356 0.000933055 0.00144108 0.00197597 0.0024743 0.00288918 0.00319109 0.00336475 0.00340636 0.00332179 0.00312568 0.00284116 0.0025006 0.00214723 0.00183679 0.00163498 0.00161248 0.0019677 0.00385831 0.0105318 0.0245114 0.0448289 0.0537022 0.0335387 0.016306 0.00537811 0.0012033 0.000190597 2.31337e-05 2.5534e-06 3.03909e-07 3.66071e-08 3.60147e-09 1.96662e-10 0 
0 1.55099e-07 1.51503e-06 7.6358e-06 2.74507e-05 7.73707e-05 0.00017821 0.000344645 0.000573525 0.000841485 0.00111359 0.00135501 0.00153868 0.00164793 0.00167632 0.00162657 0.00150951 0.00134334 0.00115288 0.000968633 0.000824874 0.000755825 0.000790328 0.000980191 0.00163764 0.00376773 0.00824793 0.0132908 0.0146523 0.0108519 0.00537811 0.0017924 0.000409648 6.67556e-05 8.51239e-06 1.02367e-06 1.32627e-07 1.68274e-08 1.70976e-09 9.57252e-11 0 
0 4.49916e-08 4.28429e-07 2.1214e-06 7.58502e-06 2.15988e-05 5.11133e-05 0.000103043 0.000180364 0.000278914 0.000387369 0.000490437 0.00057319 0.000624513 0.000638911 0.000616913 0.000564556 0.000492288 0.000413446 0.000342529 0.000293569 0.000278816 0.000307621 0.000390584 0.000578381 0.00104651 0.00197425 0.00300888 0.00325774 0.00240689 0.0012033 0.000409648 9.686e-05 1.67311e-05 2.38727e-06 3.35616e-07 4.91408e-08 6.66201e-09 7.05e-10 4.07535e-11 0 
0 1.18825e-08 1.09957e-07 5.31695e-07 1.87095e-06 5.29585e-06 1.25972e-05 2.5801e-05 4.62724e-05 7.36733e-05 0.000105423 0.000137096 0.000163601 0.000180619 0.000185706 0.000178815 0.000162178 0.000139704 0.00011612 9.61249e-05 8.38172e-05 8.24687e-05 9.43827e-05 0.000121036 0.00016676 0.000247418 0.00037726 0.000506821 0.000519526 0.000378016 0.000190597 6.67556e-05 1.67311e-05 3.24455e-06 5.58036e-07 9.52309e-08 1.57727e-08 2.28525e-09 2.52935e-10 1.5173e-11 0 
0 2.84389e-09 2.55365e-08 1.20216e-07 4.1397e-07 1.15427e-06 2.72453e-06 5.57788e-06 1.0063e-05 1.61912e-05 2.34689e-05 3.09153e-05 3.72965e-05 4.14867e-05 4.28052e-05 4.12061e-05 3.72665e-05 3.20064e-05 2.6626e-05 2.22675e-05 1.98734e-05 2.01424e-05 2.34782e-05 2.98442e-05 3.88016e-05 5.0063e-05 6.26972e-05 7.10658e-05 6.57309e-05 4.57765e-05 2.31337e-05 8.51239e-06 2.38727e-06 5.58036e-07 1.19631e-07 2.42042e-08 4.42258e-09 6.80562e-10 7.89167e-11 4.92913e-12 0 
0 6.10536e-10 5.31823e-09 2.43456e-08 8.18286e-08 2.23748e-07 5.20616e-07 1.05617e-06 1.89713e-06 3.05096e-06 4.43205e-06 5.85943e-06 7.09638e-06 7.91969e-06 8.19027e-06 7.89601e-06 7.15203e-06 6.16331e-06 5.16952e-06 4.39536e-06 4.02089e-06 4.16859e-06 4.88442e-06 6.09101e-06 7.54034e-06 8.84879e-06 9.58361e-06 9.26923e-06 7.59514e-06 4.99195e-06 2.5534e-06 1.02367e-06 3.35616e-07 9.52309e-08 2.42042e-08 5.48622e-09 1.07785e-09 1.75168e-10 2.12903e-11 1.38717e-12 0 
0 1.15159e-10 9.73608e-10 4.33415e-09 1.4208e-08 3.80288e-08 8.69647e-08 1.74102e-07 3.09797e-07 4.9521e-07 7.16982e-07 9.46637e-07 1.14653e-06 1.28074e-06 1.32663e-06 1.28212e-06 1.16596e-06 1.0118e-06 8.59066e-07 7.4463e-07 6.97374e-07 7.34864e-07 8.58852e-07 1.04718e-06 1.2467e-06 1.38081e-06 1.37889e-06 1.21221e-06 9.15343e-07 5.79673e-07 3.03909e-07 1.32627e-07 4.91408e-08 1.57727e-08 4.42258e-09 1.07785e-09 2.24386e-10 3.83727e-11 4.88661e-12 3.32338e-13 0 
0 1.82768e-11 1.50127e-10 6.50408e-10 2.08014e-09 5.44829e-09 1.22328e-08 2.41273e-08 4.24366e-08 6.72551e-08 9.67987e-08 1.27334e-07 1.53942e-07 1.71924e-07 1.78314e-07 1.72846e-07 1.58024e-07 1.38355e-07 1.19144e-07 1.05355e-07 1.00771e-07 1.07377e-07 1.2463e-07 1.48528e-07 1.71233e-07 1.82745e-07 1.75268e-07 1.48008e-07 1.08416e-07 6.81612e-08 3.66071e-08 1.68274e-08 6.66201e-09 2.28525e-09 6.80562e-10 1.75168e-10 3.83727e-11 6.88647e-12 9.17767e-13 6.51296e-14 0 
0 2.20246e-12 1.76006e-11 7.43003e-11 2.32048e-10 5.95063e-10 1.31191e-09 2.54833e-09 4.42725e-09 6.94984e-09 9.93306e-09 1.30053e-08 1.56814e-08 1.75005e-08 1.81721e-08 1.76731e-08 1.62558e-08 1.43745e-08 1.25659e-08 1.13307e-08 1.10373e-08 1.1844e-08 1.36201e-08 1.5879e-08 1.7804e-08 1.84747e-08 1.72875e-08 1.43351e-08 1.04118e-08 6.57675e-09 3.60147e-09 1.70976e-09 7.05e-10 2.52935e-10 7.89167e-11 2.12903e-11 4.88661e-12 9.17767e-13 1.27773e-13 9.45133e-15 0 
0 1.4395e-13 1.12086e-12 4.61721e-12 1.40992e-11 3.54346e-11 7.67592e-11 1.46894e-10 2.52094e-10 3.91917e-10 5.56089e-10 7.24434e-10 8.70954e-10 9.71107e-10 1.00956e-09 9.85316e-10 9.12234e-10 8.15171e-10 7.23548e-10 6.6457e-10 6.57383e-10 7.08137e-10 8.05792e-10 9.20231e-10 1.00675e-09 1.0204e-09 9.36905e-10 7.67667e-10 5.55767e-10 3.53344e-10 1.96662e-10 9.57252e-11 4.07535e-11 1.5173e-11 4.92913e-12 1.38717e-12 3.32338e-13 6.51296e-14 9.45133e-15 7.27581e-16 0 
0 0 0 0 0 0 0 0 0 0 0 0 0 0 0 0 0 0 0 0 0 0 0 0 0 0 0 0 0 0 0 0 0 0 0 0 0 0 0 0 0 
