0 0 0 0 0 0 0 0 0 0 0 0 0 0 0 0 0 0 0 0 0 0 0 0 0 0 0 0 0 0 0 0 0 0 0 0 0 0 0 0 0 
0 5.68443e-14 5.44257e-13 2.76539e-12 1.04212e-11 3.22437e-11 8.55043e-11 1.985e-10 4.08082e-10 7.47868e-10 1.22678e-09 1.80621e-09 2.39188e-09 2.85416e-09 3.07446e-09 2.99529e-09 2.64479e-09 2.1214e-09 1.54962e-09 1.03365e-09 6.31444e-10 3.54347e-10 1.8324e-10 8.75984e-11 3.88351e-11 1.60153e-11 6.16136e-12 2.21707e-12 7.47845e-13 2.36874e-13 7.05262e-14 1.97404e-14 5.18815e-15 1.27628e-15 2.92039e-16 6.14408e-17 1.16292e-17 1.89537e-18 2.4001e-19 1.68713e-20 0 
0 5.44257e-13 5.39936e-12 2.84362e-11 1.1103e-10 3.55537e-10 9.74027e-10 2.33049e-09 4.92339e-09 9.24079e-09 1.54668e-08 2.31434e-08 3.1019e-08 3.73057e-08 4.03329e-08 3.92782e-08 3.45322e-08 2.74769e-08 1.9842e-08 1.30434e-08 7.83066e-09 4.30815e-09 2.17977e-09 1.01794e-09 4.40327e-10 1.77044e-10 6.63844e-11 2.32825e-11 7.65776e-12 2.36692e-12 6.88464e-13 1.88533e-13 4.85664e-14 1.17357e-14 2.64457e-15 5.49556e-16 1.03089e-16 1.67143e-17 2.11398e-18 1.49029e-19 0 
0 2.76539e-12 2.84362e-11 1.55318e-10 6.28779e-10 2.08544e-09 5.90699e-09 1.45772e-08 3.16686e-08 6.0913e-08 1.04083e-07 1.58347e-07 2.14874e-07 2.60524e-07 2.82758e-07 2.75297e-07 2.41022e-07 1.90267e-07 1.35844e-07 8.80104e-08 5.1929e-08 2.80107e-08 1.38675e-08 6.32679e-09 2.67074e-09 1.04723e-09 3.82855e-10 1.30945e-10 4.20261e-11 1.26883e-11 3.61005e-12 9.68782e-13 2.45105e-13 5.8327e-14 1.29845e-14 2.67519e-15 4.99548e-16 8.09761e-17 1.02845e-17 7.3107e-19 0 
0 1.04212e-11 1.1103e-10 6.28779e-10 2.63879e-09 9.06368e-09 2.65411e-08 6.75504e-08 1.50898e-07 2.97412e-07 5.18748e-07 8.02316e-07 1.10219e-06 1.34722e-06 1.46805e-06 1.42937e-06 1.24671e-06 9.76956e-07 6.9007e-07 4.40947e-07 2.55894e-07 1.35437e-07 6.56634e-08 2.92935e-08 1.2079e-08 4.62392e-09 1.65017e-09 5.51155e-10 1.72884e-10 5.10794e-11 1.42472e-11 3.75652e-12 9.36376e-13 2.20256e-13 4.86516e-14 9.98862e-15 1.86731e-15 3.04462e-16 3.90665e-17 2.81566e-18 0 
0 3.22437e-11 3.55537e-10 2.08544e-09 9.06368e-09 3.22105e-08 9.74247e-08 2.55508e-07 5.86407e-07 1.18335e-06 2.10519e-06 3.30767e-06 4.59745e-06 5.66332e-06 6.19596e-06 6.0352e-06 5.2482e-06 4.08689e-06 2.85968e-06 1.80481e-06 1.03171e-06 5.36629e-07 2.55193e-07 1.11506e-07 4.49916e-08 1.68459e-08 5.88072e-09 1.92241e-09 5.90844e-10 1.71324e-10 4.70006e-11 1.22226e-11 3.01504e-12 7.04638e-13 1.55345e-13 3.19893e-14 6.02819e-15 9.95359e-16 1.29816e-16 9.5313e-18 0 
0 8.55043e-11 9.74027e-10 5.90699e-09 2.65411e-08 9.74247e-08 3.03867e-07 8.19875e-07 1.93013e-06 3.9814e-06 7.21266e-06 1.14947e-05 1.61438e-05 2.00243e-05 2.19902e-05 2.14394e-05 1.86105e-05 1.44274e-05 1.00221e-05 6.26198e-06 3.53456e-06 1.81107e-06 8.46809e-07 3.63302e-07 1.43809e-07 5.28097e-08 1.80858e-08 5.80518e-09 1.75445e-09 5.0129e-10 1.35884e-10 3.50361e-11 8.60453e-12 2.01162e-12 4.45939e-13 9.28245e-14 1.77667e-14 2.99067e-15 3.98452e-16 2.98881e-17 0 
0 1.985e-10 2.33049e-09 1.45772e-08 6.75504e-08 2.55508e-07 8.19875e-07 2.27052e-06 5.46972e-06 1.15041e-05 2.1166e-05 3.41242e-05 4.83137e-05 6.02415e-05 6.63653e-05 6.48042e-05 5.62562e-05 4.35358e-05 3.01231e-05 1.86994e-05 1.04586e-05 5.2971e-06 2.44338e-06 1.03268e-06 4.02394e-07 1.45448e-07 4.90581e-08 1.55279e-08 4.63677e-09 1.31256e-09 3.5373e-10 9.10651e-11 2.24418e-11 5.29339e-12 1.19042e-12 2.52611e-13 4.94683e-14 8.5343e-15 1.16481e-15 8.92865e-17 0 
0 4.08082e-10 4.92339e-09 3.16686e-08 1.50898e-07 5.86407e-07 1.93013e-06 5.46972e-06 1.34404e-05 2.87215e-05 5.34621e-05 8.68491e-05 0.00012351 0.000154405 0.000170453 0.000166829 0.000145195 0.000112607 7.7973e-05 4.83279e-05 2.69134e-05 1.35357e-05 6.18608e-06 2.5866e-06 9.96475e-07 3.5616e-07 1.18904e-07 3.73199e-08 1.10801e-08 3.12969e-09 8.45363e-10 2.19272e-10 5.47558e-11 1.31618e-11 3.03135e-12 6.61014e-13 1.33179e-13 2.3611e-14 3.30068e-15 2.57898e-16 0 
0 7.47868e-10 9.24079e-09 6.0913e-08 2.97412e-07 1.18335e-06 3.9814e-06 1.15041e-05 2.87215e-05 6.20863e-05 0.000116346 0.000189475 0.000269402 0.000336531 0.000371734 0.000364955 0.000319392 0.000249421 0.000173852 0.000108262 6.03978e-05 3.03366e-05 1.3811e-05 5.74326e-06 2.19925e-06 7.81743e-07 2.59966e-07 8.14887e-08 2.42513e-08 6.8986e-09 1.88703e-09 4.98673e-10 1.27621e-10 3.15939e-11 7.5167e-12 1.69406e-12 3.52013e-13 6.40852e-14 9.14672e-15 7.2507e-16 0 
0 1.22678e-09 1.54668e-08 1.04083e-07 5.18748e-07 2.10519e-06 7.21266e-06 2.1166e-05 5.34621e-05 0.000116346 0.00021835 0.0003546 0.000501759 0.000624277 0.000689044 0.000679036 0.0005992 0.000473339 0.000334105 0.000210443 0.000118419 5.97945e-05 2.72887e-05 1.13566e-05 4.35084e-06 1.54903e-06 5.17229e-07 1.63408e-07 4.92582e-08 1.42776e-08 4.00524e-09 1.09218e-09 2.89826e-10 7.45842e-11 1.84386e-11 4.30381e-12 9.21063e-13 1.71517e-13 2.48596e-14 1.98749e-15 0 
0 1.80621e-09 2.31434e-08 1.58347e-07 8.02316e-07 3.30767e-06 1.14947e-05 3.41242e-05 8.68491e-05 0.000189475 0.0003546 0.000572031 0.000803109 0.000993376 0.00109487 0.00108359 0.000965813 0.000774181 0.0005559 0.000356201 0.000203482 0.000103989 4.79043e-05 2.00958e-05 7.76322e-06 2.79289e-06 9.45904e-07 3.04724e-07 9.42731e-08 2.82408e-08 8.24113e-09 2.34891e-09 6.52755e-10 1.75648e-10 4.51926e-11 1.09017e-11 2.3916e-12 4.52776e-13 6.62106e-14 5.30538e-15 0 
0 2.39188e-09 3.1019e-08 2.14874e-07 1.10219e-06 4.59745e-06 1.61438e-05 4.83137e-05 0.00012351 0.000269402 0.000501759 0.000803109 0.00111845 0.00137578 0.00151489 0.00150629 0.00135668 0.00110456 0.000808483 0.000528849 0.000308207 0.000160392 7.51142e-05 3.20228e-05 1.25922e-05 4.62828e-06 1.61048e-06 5.36813e-07 1.7316e-07 5.44647e-08 1.67674e-08 5.04795e-09 1.47758e-09 4.16151e-10 1.11103e-10 2.7545e-11 6.15242e-12 1.17585e-12 1.72323e-13 1.3756e-14 0 
0 2.85416e-09 3.73057e-08 2.60524e-07 1.34722e-06 5.66332e-06 2.00243e-05 6.02415e-05 0.000154405 0.000336531 0.000624277 0.000993376 0.00137578 0.00168696 0.00185862 0.00185755 0.0016898 0.00139617 0.00104131 0.000696023 0.000415031 0.000221054 0.000106 4.6353e-05 1.87676e-05 7.1454e-06 2.59565e-06 9.10979e-07 3.1178e-07 1.04551e-07 3.4333e-08 1.09789e-08 3.38584e-09 9.9425e-10 2.7368e-10 6.92124e-11 1.56199e-11 2.99213e-12 4.36652e-13 3.45315e-14 0 
0 3.07446e-09 4.03329e-08 2.82758e-07 1.46805e-06 6.19596e-06 2.19902e-05 6.63653e-05 0.000170453 0.000371734 0.000689044 0.00109487 0.00151489 0.00185862 0.00205375 0.00206461 0.00189562 0.0015868 0.00120386 0.000821684 0.000502054 0.000274888 0.000136005 6.16763e-05 2.60797e-05 1.04626e-05 4.04391e-06 1.52313e-06 5.623e-07 2.03369e-07 7.16201e-08 2.4316e-08 7.86339e-09 2.39014e-09 6.72772e-10 1.72129e-10 3.89493e-11 7.42691e-12 1.07278e-12 8.36158e-14 0 
0 2.99529e-09 3.92782e-08 2.75297e-07 1.42937e-06 6.0352e-06 2.14394e-05 6.48042e-05 0.000166829 0.000364955 0.000679036 0.00108359 0.00150629 0.00185755 0.00206461 0.00209021 0.00193631 0.00163982 0.00126331 0.000879764 0.000551615 0.000312022 0.000160756 7.66344e-05 3.4441e-05 1.48564e-05 6.23653e-06 2.56604e-06 1.03434e-06 4.05597e-07 1.53027e-07 5.48583e-08 1.84546e-08 5.75477e-09 1.64176e-09 4.2144e-10 9.49033e-11 1.78955e-11 2.54417e-12 1.94511e-13 0 
0 2.64479e-09 3.45322e-08 2.41022e-07 1.24671e-06 5.2482e-06 1.86105e-05 5.62562e-05 0.000145195 0.000319392 0.0005992 0.000965813 0.00135668 0.0016898 0.00189562 0.00193631 0.00181075 0.00155084 0.00121268 0.00086222 0.000556582 0.000327636 0.000177937 9.07104e-05 4.42382e-05 2.09677e-05 9.74204e-06 4.43525e-06 1.96246e-06 8.33239e-07 3.34787e-07 1.25651e-07 4.35548e-08 1.38013e-08 3.95466e-09 1.01016e-09 2.24732e-10 4.16426e-11 5.79582e-12 4.32719e-13 0 
0 2.1214e-09 2.74769e-08 1.90267e-07 9.76956e-07 4.08689e-06 1.44274e-05 4.35358e-05 0.000112607 0.000249421 0.000473339 0.000774181 0.00110456 0.00139617 0.0015868 0.00163982 0.00155084 0.00134527 0.00106984 0.000779519 0.00052166 0.000323239 0.000188129 0.000104708 5.66574e-05 3.00929e-05 1.56844e-05 7.94609e-06 3.85493e-06 1.76178e-06 7.47371e-07 2.90781e-07 1.02807e-07 3.27767e-08 9.34667e-09 2.35611e-09 5.14115e-10 9.3043e-11 1.26134e-11 9.15868e-13 0 
0 1.54962e-09 1.9842e-08 1.35844e-07 6.9007e-07 2.85968e-06 1.00221e-05 3.01231e-05 7.7973e-05 0.000173852 0.000334105 0.0005559 0.000808483 0.00104131 0.00120386 0.00126331 0.00121268 0.00106984 0.000870154 0.000655148 0.000460068 0.000305132 0.000194307 0.000120737 7.39441e-05 4.46219e-05 2.62498e-05 1.47915e-05 7.82755e-06 3.81996e-06 1.69442e-06 6.76241e-07 2.41252e-07 7.65885e-08 2.15285e-08 5.31071e-09 1.12849e-09 1.98292e-10 2.60598e-11 1.8335e-12 0 
0 1.03365e-09 1.30434e-08 8.80104e-08 4.40947e-07 1.80481e-06 6.26198e-06 1.86994e-05 4.83279e-05 0.000108262 0.000210443 0.000356201 0.000528849 0.000696023 0.000821684 0.000879764 0.00086222 0.000779519 0.000655148 0.000516835 0.000387778 0.000281272 0.000200456 0.000141849 9.96752e-05 6.87683e-05 4.56718e-05 2.85168e-05 1.6356e-05 8.45129e-06 3.88016e-06 1.57066e-06 5.58902e-07 1.74732e-07 4.79357e-08 1.14735e-08 2.35766e-09 4.00005e-10 5.07466e-11 3.44881e-12 0 
0 6.31444e-10 7.83066e-09 5.1929e-08 2.55894e-07 1.03171e-06 3.53456e-06 1.04586e-05 2.69134e-05 6.03978e-05 0.000118419 0.000203482 0.000308207 0.000415031 0.000502054 0.000551615 0.000556582 0.00052166 0.000460068 0.000387778 0.00031802 0.000258245 0.000210128 0.000171577 0.000139124 0.000109772 8.20947e-05 5.6571e-05 3.49781e-05 1.89932e-05 8.93407e-06 3.62233e-06 1.26856e-06 3.85687e-07 1.02166e-07 2.35242e-08 4.64371e-09 7.56989e-10 9.23813e-11 6.05029e-12 0 
0 3.54347e-10 4.30815e-09 2.80107e-08 1.35437e-07 5.36629e-07 1.81107e-06 5.2971e-06 1.35357e-05 3.03366e-05 5.97945e-05 0.000103989 0.000160392 0.000221054 0.000274888 0.000312022 0.000327636 0.000323239 0.000305132 0.000281272 0.000258245 0.000239554 0.000225409 0.00021341 0.000199567 0.000179648 0.000151113 0.000115097 7.69224e-05 4.38687e-05 2.09666e-05 8.37307e-06 2.82503e-06 8.18789e-07 2.06315e-07 4.52506e-08 8.52727e-09 1.33025e-09 1.5578e-10 9.81878e-12 0 
0 1.8324e-10 2.17977e-09 1.38675e-08 6.56634e-08 2.55193e-07 8.46809e-07 2.44338e-06 6.18608e-06 1.3811e-05 2.72887e-05 4.79043e-05 7.51142e-05 0.000106 0.000136005 0.000160756 0.000177937 0.000188129 0.000194307 0.000200456 0.000210128 0.000225409 0.000246253 0.000269844 0.000290103 0.000298436 0.000286121 0.000247341 0.000184298 0.000112704 5.46616e-05 2.09217e-05 6.49006e-06 1.70654e-06 3.94476e-07 8.0836e-08 1.4422e-08 2.14602e-09 2.40884e-10 1.46115e-11 0 
0 8.75984e-11 1.01794e-09 6.32679e-09 2.92935e-08 1.11506e-07 3.63302e-07 1.03268e-06 2.5866e-06 5.74326e-06 1.13566e-05 2.00958e-05 3.20228e-05 4.6353e-05 6.16763e-05 7.66344e-05 9.07104e-05 0.000104708 0.000120737 0.000141849 0.000171577 0.00021341 0.000269844 0.000340745 0.000422508 0.000509528 0.00058858 0.000618089 0.000540854 0.000363968 0.00017981 6.46389e-05 1.74496e-05 3.81163e-06 7.40132e-07 1.34304e-07 2.22293e-08 3.14041e-09 3.37927e-10 1.97563e-11 0 
0 3.88351e-11 4.40327e-10 2.67074e-09 1.2079e-08 4.49916e-08 1.43809e-07 4.02394e-07 9.96475e-07 2.19925e-06 4.35084e-06 7.76322e-06 1.25922e-05 1.87676e-05 2.60797e-05 3.4441e-05 4.42382e-05 5.66574e-05 7.39441e-05 9.96752e-05 0.000139124 0.000199567 0.000290103 0.000422508 0.000621543 0.000942508 0.00141649 0.0018579 0.00187225 0.00134795 0.000672575 0.000230946 5.54584e-05 9.86975e-06 1.47251e-06 2.13556e-07 3.11261e-08 4.12245e-09 4.25453e-10 2.40477e-11 0 
0 1.60153e-11 1.77044e-10 1.04723e-09 4.62392e-09 1.68459e-08 5.28097e-08 1.45448e-07 3.5616e-07 7.81743e-07 1.54903e-06 2.79289e-06 4.62828e-06 7.1454e-06 1.04626e-05 1.48564e-05 2.09677e-05 3.00929e-05 4.46219e-05 6.87683e-05 0.000109772 0.000179648 0.000298436 0.000509528 0.000942508 0.00190697 0.00365892 0.00554003 0.00596658 0.00439456 0.0021864 0.000732683 0.000166026 2.61141e-05 3.1071e-06 3.37279e-07 3.98862e-08 4.81307e-09 4.75829e-10 2.61193e-11 0 
0 6.16136e-12 6.63844e-11 3.82855e-10 1.65017e-09 5.88072e-09 1.80858e-08 4.90581e-08 1.18904e-07 2.59966e-07 5.17229e-07 9.45904e-07 1.61048e-06 2.59565e-06 4.04391e-06 6.23653e-06 9.74204e-06 1.56844e-05 2.62498e-05 4.56718e-05 8.20947e-05 0.000151113 0.000286121 0.00058858 0.00141649 0.00365892 0.00807408 0.0129706 0.0142742 0.0105643 0.00522942 0.00172934 0.000382073 5.6875e-05 5.96995e-06 5.11781e-07 4.68812e-08 4.96361e-09 4.68452e-10 2.51141e-11 0 
0 2.21707e-12 2.32825e-11 1.30945e-10 5.51155e-10 1.92241e-09 5.80518e-09 1.55279e-08 3.73199e-08 8.14887e-08 1.63408e-07 3.04724e-07 5.36813e-07 9.10979e-07 1.52313e-06 2.56604e-06 4.43525e-06 7.94609e-06 1.47915e-05 2.85168e-05 5.6571e-05 0.000115097 0.000247341 0.000618089 0.0018579 0.00554003 0.0129706 0.0212597 0.0235482 0.0174465 0.00861373 0.00282996 0.000617983 8.98318e-05 8.8982e-06 6.63994e-07 4.89072e-08 4.4726e-09 4.02688e-10 2.12351e-11 0 
0 7.47845e-13 7.65776e-12 4.20261e-11 1.72884e-10 5.90844e-10 1.75445e-09 4.63677e-09 1.10801e-08 2.42513e-08 4.92582e-08 9.42731e-08 1.7316e-07 3.1178e-07 5.623e-07 1.03434e-06 1.96246e-06 3.85493e-06 7.82755e-06 1.6356e-05 3.49781e-05 7.69224e-05 0.000184298 0.000540854 0.00187225 0.00596658 0.0142742 0.0235482 0.0261346 0.0193679 0.00955298 0.00312988 0.000679752 9.77619e-05 9.43975e-06 6.58368e-07 4.23631e-08 3.45267e-09 3.00004e-10 1.57105e-11 0 
0 2.36874e-13 2.36692e-12 1.26883e-11 5.10794e-11 1.71324e-10 5.0129e-10 1.31256e-09 3.12969e-09 6.8986e-09 1.42776e-08 2.82408e-08 5.44647e-08 1.04551e-07 2.03369e-07 4.05597e-07 8.33239e-07 1.76178e-06 3.81996e-06 8.45129e-06 1.89932e-05 4.38687e-05 0.000112704 0.000363968 0.00134795 0.00439456 0.0105643 0.0174465 0.0193679 0.0143534 0.00707777 0.00231668 0.000501924 7.1865e-05 6.8743e-06 4.68042e-07 2.86275e-08 2.23243e-09 1.92562e-10 1.0138e-11 0 
0 7.05262e-14 6.88464e-13 3.61005e-12 1.42472e-11 4.70006e-11 1.35884e-10 3.5373e-10 8.45363e-10 1.88703e-09 4.00524e-09 8.24113e-09 1.67674e-08 3.4333e-08 7.16201e-08 1.53027e-07 3.34787e-07 7.47371e-07 1.69442e-06 3.88016e-06 8.93407e-06 2.09666e-05 5.46616e-05 0.00017981 0.000672575 0.0021864 0.00522942 0.00861373 0.00955298 0.00707777 0.00349021 0.00114216 0.000247271 3.53882e-05 3.39019e-06 2.3283e-07 1.46665e-08 1.19574e-09 1.06256e-10 5.69944e-12 0 
0 1.97404e-14 1.88533e-13 9.68782e-13 3.75652e-12 1.22226e-11 3.50361e-11 9.10651e-11 2.19272e-10 4.98673e-10 1.09218e-09 2.34891e-09 5.04795e-09 1.09789e-08 2.4316e-08 5.48583e-08 1.25651e-07 2.90781e-07 6.76241e-07 1.57066e-06 3.62233e-06 8.37307e-06 2.09217e-05 6.46389e-05 0.000230946 0.000732683 0.00172934 0.00282996 0.00312988 0.00231668 0.00114216 0.000373782 8.09917e-05 1.16389e-05 1.13112e-06 8.14786e-08 5.77969e-09 5.35538e-10 5.05401e-11 2.79281e-12 0 
0 5.18815e-15 4.85664e-14 2.45105e-13 9.36376e-13 3.01504e-12 8.60453e-12 2.24418e-11 5.47558e-11 1.27621e-10 2.89826e-10 6.52755e-10 1.47758e-09 3.38584e-09 7.86339e-09 1.84546e-08 4.35548e-08 1.02807e-07 2.41252e-07 5.58902e-07 1.26856e-06 2.82503e-06 6.49006e-06 1.74496e-05 5.54584e-05 0.000166026 0.000382073 0.000617983 0.000679752 0.000501924 0.000247271 8.09917e-05 1.76228e-05 2.56514e-06 2.59182e-07 2.09331e-08 1.85517e-09 2.05347e-10 2.08317e-11 1.19436e-12 0 
0 1.27628e-15 1.17357e-14 5.8327e-14 2.20256e-13 7.04638e-13 2.01162e-12 5.29339e-12 1.31618e-11 3.15939e-11 7.45842e-11 1.75648e-10 4.16151e-10 9.9425e-10 2.39014e-09 5.75477e-09 1.38013e-08 3.27767e-08 7.65885e-08 1.74732e-07 3.85687e-07 8.18789e-07 1.70654e-06 3.81163e-06 9.86975e-06 2.61141e-05 5.6875e-05 8.98318e-05 9.77619e-05 7.1865e-05 3.53882e-05 1.16389e-05 2.56514e-06 3.86661e-07 4.30391e-08 4.3731e-09 5.24123e-10 6.88125e-11 7.47134e-12 4.46046e-13 0 
0 2.92039e-16 2.64457e-15 1.29845e-14 4.86516e-14 1.55345e-13 4.45939e-13 1.19042e-12 3.03135e-12 7.5167e-12 1.84386e-11 4.51926e-11 1.11103e-10 2.7368e-10 6.72772e-10 1.64176e-09 3.95466e-09 9.34667e-09 2.15285e-08 4.79357e-08 1.02166e-07 2.06315e-07 3.94476e-07 7.40132e-07 1.47251e-06 3.1071e-06 5.96995e-06 8.8982e-06 9.43975e-06 6.8743e-06 3.39019e-06 1.13112e-06 2.59182e-07 4.30391e-08 5.97163e-09 8.60502e-10 1.36381e-10 2.02583e-11 2.33162e-12 1.45207e-13 0 
0 6.14408e-17 5.49556e-16 2.67519e-15 9.98862e-15 3.19893e-14 9.28245e-14 2.52611e-13 6.61014e-13 1.69406e-12 4.30381e-12 1.09017e-11 2.7545e-11 6.92124e-11 1.72129e-10 4.2144e-10 1.01016e-09 2.35611e-09 5.31071e-09 1.14735e-08 2.35242e-08 4.52506e-08 8.0836e-08 1.34304e-07 2.13556e-07 3.37279e-07 5.11781e-07 6.63994e-07 6.58368e-07 4.68042e-07 2.3283e-07 8.14786e-08 2.09331e-08 4.3731e-09 8.60502e-10 1.71216e-10 3.22716e-11 5.19296e-12 6.29282e-13 4.09203e-14 0 
0 1.16292e-17 1.03089e-16 4.99548e-16 1.86731e-15 6.02819e-15 1.77667e-14 4.94683e-14 1.33179e-13 3.52013e-13 9.21063e-13 2.3916e-12 6.15242e-12 1.56199e-11 3.89493e-11 9.49033e-11 2.24732e-10 5.14115e-10 1.12849e-09 2.35766e-09 4.64371e-09 8.52727e-09 1.4422e-08 2.22293e-08 3.11261e-08 3.98862e-08 4.68812e-08 4.89072e-08 4.23631e-08 2.86275e-08 1.46665e-08 5.77969e-09 1.85517e-09 5.24123e-10 1.36381e-10 3.22716e-11 6.66055e-12 1.1361e-12 1.44465e-13 9.81135e-15 0 
0 1.89537e-18 1.67143e-17 8.09761e-17 3.04462e-16 9.95359e-16 2.99067e-15 8.5343e-15 2.3611e-14 6.40852e-14 1.71517e-13 4.52776e-13 1.17585e-12 2.99213e-12 7.42691e-12 1.78955e-11 4.16426e-11 9.3043e-11 1.98292e-10 4.00005e-10 7.56989e-10 1.33025e-09 2.14602e-09 3.14041e-09 4.12245e-09 4.81307e-09 4.96361e-09 4.4726e-09 3.45267e-09 2.23243e-09 1.19574e-09 5.35538e-10 2.05347e-10 6.88125e-11 2.02583e-11 5.19296e-12 1.1361e-12 2.03735e-13 2.71299e-14 1.92342e-15 0 
0 2.4001e-19 2.11398e-18 1.02845e-17 3.90665e-17 1.29816e-16 3.98452e-16 1.16481e-15 3.30068e-15 9.14672e-15 2.48596e-14 6.62106e-14 1.72323e-13 4.36652e-13 1.07278e-12 2.54417e-12 5.79582e-12 1.26134e-11 2.60598e-11 5.07466e-11 9.23813e-11 1.5578e-10 2.40884e-10 3.37927e-10 4.25453e-10 4.75829e-10 4.68452e-10 4.02688e-10 3.00004e-10 1.92562e-10 1.06256e-10 5.05401e-11 2.08317e-11 7.47134e-12 2.33162e-12 6.29282e-13 1.44465e-13 2.71299e-14 3.77564e-15 2.79116e-16 0 
0 1.68713e-20 1.49029e-19 7.3107e-19 2.81566e-18 9.5313e-18 2.98881e-17 8.92865e-17 2.57898e-16 7.2507e-16 1.98749e-15 5.30538e-15 1.3756e-14 3.45315e-14 8.36158e-14 1.94511e-13 4.32719e-13 9.15868e-13 1.8335e-12 3.44881e-12 6.05029e-12 9.81878e-12 1.46115e-11 1.97563e-11 2.40477e-11 2.61193e-11 2.51141e-11 2.12351e-11 1.57105e-11 1.0138e-11 5.69944e-12 2.79281e-12 1.19436e-12 4.46046e-13 1.45207e-13 4.09203e-14 9.81135e-15 1.92342e-15 2.79116e-16 2.14809e-17 0 
0 0 0 0 0 0 0 0 0 0 0 0 0 0 0 0 0 0 0 0 0 0 0 0 0 0 0 0 0 0 0 0 0 0 0 0 0 0 0 0 0 
