0 0 0 0 0 0 0 0 0 0 0 0 0 0 0 0 0 0 0 0 0 0 0 0 0 0 0 0 0 0 0 0 0 0 0 0 0 0 0 0 0 
0 7.67374e-08 7.02914e-07 3.27221e-06 1.07524e-05 2.76198e-05 5.83373e-05 0.000104905 0.000165226 0.000233417 0.000301553 0.000361662 0.00040718 0.000433726 0.000439352 0.000424444 0.000391441 0.0003444 0.000288464 0.000229226 0.000172032 0.000121275 7.98314e-05 4.87783e-05 2.75142e-05 1.42639e-05 6.77579e-06 2.94484e-06 1.17076e-06 4.26075e-07 1.42097e-07 4.34624e-08 1.21898e-08 3.12867e-09 7.31034e-10 1.53832e-10 2.8539e-11 4.46796e-12 5.32405e-13 3.44774e-14 0 
0 7.02914e-07 6.68125e-06 3.17406e-05 0.000103808 0.000258146 0.000515903 0.00086671 0.00127307 0.00168811 0.00206968 0.00238567 0.00261444 0.00274372 0.00276952 0.00269513 0.00253013 0.00228926 0.00199135 0.00165826 0.00131387 0.000982562 0.000686931 0.000444313 0.000263229 0.000141672 6.89109e-05 3.02409e-05 1.19886e-05 4.30723e-06 1.40775e-06 4.19912e-07 1.14519e-07 2.85391e-08 6.47203e-09 1.32224e-09 2.38356e-10 3.63015e-11 4.2138e-12 2.66206e-13 0 
0 3.27221e-06 3.17406e-05 0.000149282 0.000464192 0.00105947 0.00191263 0.00291747 0.00395918 0.00494894 0.00582166 0.00652843 0.007034 0.00731717 0.00737147 0.0072048 0.00683768 0.00630053 0.0056303 0.00486715 0.00405204 0.00322587 0.00243027 0.00170847 0.00110216 0.000641559 0.00033247 0.000152346 6.17625e-05 2.22873e-05 7.21828e-06 2.11447e-06 5.63229e-07 1.36693e-07 3.01519e-08 5.99106e-09 1.05099e-09 1.55929e-10 1.76552e-11 1.08952e-12 0 
0 1.07524e-05 0.000103808 0.000464192 0.00130957 0.00266016 0.00433589 0.00614755 0.00796126 0.00967078 0.0111805 0.0124073 0.0132868 0.0137795 0.0138725 0.0135793 0.012937 0.0120006 0.0108371 0.0095184 0.00811489 0.00668996 0.00529764 0.00398488 0.00279887 0.00179383 0.00102273 0.000508073 0.000217953 8.10753e-05 2.64825e-05 7.7045e-06 2.01893e-06 4.79493e-07 1.03239e-07 2.00054e-08 3.42311e-09 4.9575e-10 5.48543e-11 3.31238e-12 0 
0 2.76198e-05 0.000258146 0.00105947 0.00266016 0.00488266 0.00745516 0.0101938 0.012945 0.0155521 0.017863 0.0197445 0.0210949 0.0218512 0.021993 0.0215412 0.0205531 0.0191145 0.0173305 0.0153141 0.0131769 0.0110199 0.00892654 0.00695911 0.00516122 0.00357047 0.0022379 0.00122822 0.000574253 0.000226689 7.63542e-05 2.23911e-05 5.82728e-06 1.36288e-06 2.87716e-07 5.45629e-08 9.13289e-09 1.29436e-09 1.40274e-10 8.30551e-12 0 
0 5.83373e-05 0.000515903 0.00191263 0.00433589 0.00745516 0.0110153 0.0148224 0.0186636 0.0223119 0.0255493 0.0281867 0.0300801 0.0311405 0.031339 0.0307048 0.0293186 0.0273015 0.0248014 0.0219784 0.0189908 0.0159829 0.013076 0.0103615 0.00789809 0.00571617 0.00383659 0.00230291 0.00118505 0.000507232 0.000180064 5.41072e-05 1.4138e-05 3.27968e-06 6.82322e-07 1.27133e-07 2.08843e-08 2.90464e-09 3.0909e-10 1.79856e-11 0 
0 0.000104905 0.00086671 0.00291747 0.00614755 0.0101938 0.0148224 0.0197897 0.0248096 0.0295809 0.0338164 0.0372677 0.0397457 0.0411339 0.0413939 0.0405642 0.0387502 0.036111 0.0328406 0.029149 0.0252444 0.0213172 0.0175283 0.0140009 0.0108169 0.00801619 0.00560557 0.0035885 0.00200915 0.000937847 0.000356204 0.000111305 2.95171e-05 6.84155e-06 1.41005e-06 2.5918e-07 4.19262e-08 5.73955e-09 6.01305e-10 3.44695e-11 0 
0 0.000165226 0.00127307 0.00395918 0.00796126 0.012945 0.0186636 0.0248096 0.0310241 0.0369325 0.0421782 0.0464536 0.0495242 0.0512454 0.0515688 0.0505413 0.0482948 0.0450266 0.040977 0.0364066 0.0315737 0.0267149 0.0220307 0.0176759 0.0137552 0.0103229 0.00738676 0.0049257 0.00293756 0.00148205 0.000604806 0.000198438 5.38852e-05 1.25615e-05 2.57725e-06 4.69154e-07 7.49848e-08 1.01339e-08 1.04806e-09 5.93336e-11 0 
0 0.000233417 0.00168811 0.00494894 0.00967078 0.0155521 0.0223119 0.0295809 0.0369325 0.0439229 0.0501303 0.0551922 0.0588332 0.0608791 0.0612655 0.0600462 0.0573823 0.0535124 0.048721 0.0433147 0.0375984 0.0318528 0.0263156 0.0211713 0.0165457 0.0125066 0.00906743 0.00619734 0.00385804 0.00206973 0.000902366 0.000311751 8.71527e-05 2.05346e-05 4.21117e-06 7.61833e-07 1.20682e-07 1.61472e-08 1.65294e-09 9.26428e-11 0 
0 0.000301553 0.00206968 0.00582166 0.0111805 0.017863 0.0255493 0.0338164 0.0421782 0.0501303 0.0571952 0.0629655 0.0671265 0.0694692 0.0699145 0.0685224 0.0654787 0.0610638 0.0556081 0.0494578 0.0429566 0.0364226 0.0301268 0.0242796 0.0190256 0.0144441 0.0105538 0.00732107 0.00468599 0.00262836 0.0012101 0.000438621 0.000126388 3.01794e-05 6.20423e-06 1.11863e-06 1.76117e-07 2.3392e-08 2.37619e-09 1.32168e-10 0 
0 0.000361662 0.00238567 0.00652843 0.0124073 0.0197445 0.0281867 0.0372677 0.0464536 0.0551922 0.0629655 0.0693213 0.0738884 0.0764382 0.0769238 0.0754211 0.0720986 0.0672446 0.0612392 0.0544775 0.047335 0.0401575 0.0332422 0.0268208 0.0210528 0.0160268 0.0117658 0.00823556 0.00536414 0.00310119 0.00148745 0.000561046 0.000166172 4.02235e-05 8.30261e-06 1.49518e-06 2.34521e-07 3.09977e-08 3.13224e-09 1.73306e-10 0 
0 0.00040718 0.00261444 0.007034 0.0132868 0.0210949 0.0300801 0.0397457 0.0495242 0.0588332 0.0671265 0.0738884 0.07868 0.0813066 0.0818067 0.0802772 0.0768312 0.0717053 0.065308 0.0581003 0.0504944 0.0428537 0.0354924 0.0286571 0.0225184 0.0171715 0.0126422 0.00889637 0.00585576 0.00345083 0.00170181 0.000660939 0.000200061 4.90004e-05 1.01594e-05 1.83018e-06 2.86581e-07 3.77804e-08 3.80653e-09 2.10003e-10 0 
0 0.000433726 0.00274372 0.00731717 0.0137795 0.0218512 0.0311405 0.0411339 0.0512454 0.0608791 0.0694692 0.0764382 0.0813066 0.0839379 0.0844404 0.0829239 0.0794586 0.0742207 0.067615 0.0601543 0.0522863 0.0443849 0.0367723 0.0297036 0.0233553 0.0178266 0.0131453 0.00927694 0.00614073 0.003657 0.00183261 0.000724568 0.000222462 5.49503e-05 1.14385e-05 2.06354e-06 3.23174e-07 4.25891e-08 4.28888e-09 2.36515e-10 0 
0 0.000439352 0.00276952 0.00737147 0.0138725 0.021993 0.031339 0.0413939 0.0515688 0.0612655 0.0699145 0.0769238 0.0818067 0.0844404 0.0849471 0.0834386 0.0799775 0.0747261 0.068085 0.0605775 0.05266 0.0447087 0.0370471 0.0299321 0.0235418 0.0179761 0.0132635 0.00937001 0.00621418 0.00371386 0.00187158 0.000745017 0.000230153 5.711e-05 1.19261e-05 2.15671e-06 3.38474e-07 4.46974e-08 4.51109e-09 2.49382e-10 0 
0 0.000424444 0.00269513 0.0072048 0.0135793 0.0215412 0.0307048 0.0405642 0.0505413 0.0600462 0.0685224 0.0754211 0.0802772 0.0829239 0.0834386 0.0819265 0.0784762 0.0732897 0.0667747 0.0594214 0.0516616 0.0438648 0.0363504 0.0293707 0.0231006 0.0176384 0.013012 0.00918766 0.00608576 0.00362812 0.00182181 0.000722845 0.000223027 5.54038e-05 1.16026e-05 2.10635e-06 3.32088e-07 4.40796e-08 4.47393e-09 2.48857e-10 0 
0 0.000391441 0.00253013 0.00683768 0.012937 0.0205531 0.0293186 0.0387502 0.0482948 0.0573823 0.0654787 0.0720986 0.0768312 0.0794586 0.0799775 0.0784762 0.0750925 0.070088 0.0638602 0.0568401 0.049423 0.0419657 0.0347764 0.0280969 0.0220947 0.0168635 0.0124296 0.00875996 0.00577868 0.00341798 0.00169661 0.000665556 0.000204006 5.06502e-05 1.0649e-05 1.94624e-06 3.09438e-07 4.14693e-08 4.25348e-09 2.39277e-10 0 
0 0.0003444 0.00228926 0.00630053 0.0120006 0.0191145 0.0273015 0.036111 0.0450266 0.0535124 0.0610638 0.0672446 0.0717053 0.0742207 0.0747261 0.0732897 0.070088 0.0654071 0.0596073 0.0530646 0.0461434 0.0391812 0.0324674 0.0262279 0.0206185 0.0157265 0.0115753 0.00813253 0.00532879 0.00311273 0.00151854 0.000586304 0.000178303 4.43289e-05 9.39588e-06 1.73838e-06 2.80491e-07 3.82077e-08 3.98739e-09 2.28361e-10 0 
0 0.000288464 0.00199135 0.0056303 0.0108371 0.0173305 0.0248014 0.0328406 0.040977 0.048721 0.0556081 0.0612392 0.065308 0.067615 0.068085 0.0667747 0.0638602 0.0596073 0.0543329 0.0483741 0.0420664 0.0357197 0.0295982 0.0239074 0.0187888 0.0143208 0.010523 0.00736407 0.00478419 0.00275315 0.00131845 0.00050211 0.000152376 3.82429e-05 8.24737e-06 1.55939e-06 2.57703e-07 3.59838e-08 3.8491e-09 2.25768e-10 0 
0 0.000229226 0.00165826 0.00486715 0.0095184 0.0153141 0.0219784 0.029149 0.0364066 0.0433147 0.0494578 0.0544775 0.0581003 0.0601543 0.0605775 0.0594214 0.0568401 0.0530646 0.0483741 0.0430712 0.0374567 0.0318076 0.0263586 0.0212922 0.0167334 0.01275 0.00935687 0.00652463 0.00420628 0.0023924 0.00113409 0.00043196 0.000132992 3.42435e-05 7.62043e-06 1.48929e-06 2.54177e-07 3.65703e-08 4.01836e-09 2.41276e-10 0 
0 0.000172032 0.00131387 0.00405204 0.00811489 0.0131769 0.0189908 0.0252444 0.0315737 0.0375984 0.0429566 0.047335 0.0504944 0.0522863 0.05266 0.0516616 0.049423 0.0461434 0.0420664 0.0374567 0.0325774 0.0276694 0.0229372 0.0185386 0.0145807 0.0111203 0.00816721 0.00569572 0.00367177 0.00209597 0.00100791 0.000395346 0.000126806 3.41407e-05 7.92353e-06 1.60575e-06 2.82306e-07 4.15712e-08 4.64794e-09 2.82534e-10 0 
0 0.000121275 0.000982562 0.00322587 0.00668996 0.0110199 0.0159829 0.0213172 0.0267149 0.0318528 0.0364226 0.0401575 0.0428537 0.0443849 0.0447087 0.0438648 0.0419657 0.0391812 0.0357197 0.0318076 0.0276694 0.0235111 0.0195068 0.0157901 0.0124509 0.00953533 0.00705057 0.00497419 0.00327397 0.00193744 0.000983291 0.000411589 0.000140533 3.97727e-05 9.55673e-06 1.97899e-06 3.51989e-07 5.20621e-08 5.81692e-09 3.52087e-10 0 
0 7.98314e-05 0.000686931 0.00243027 0.00529764 0.00892654 0.013076 0.0175283 0.0220307 0.0263156 0.0301268 0.0332422 0.0354924 0.0367723 0.0370471 0.0363504 0.0347764 0.0324674 0.0295982 0.0263586 0.0229372 0.0195068 0.0162134 0.0131694 0.0104516 0.00810475 0.00613785 0.00451105 0.00314943 0.0020065 0.00110644 0.000501364 0.000181583 5.30453e-05 1.2868e-05 2.65361e-06 4.66528e-07 6.79471e-08 7.46256e-09 4.43755e-10 0 
0 4.87783e-05 0.000444313 0.00170847 0.00398488 0.00695911 0.0103615 0.0140009 0.0176759 0.0211713 0.0242796 0.0268208 0.0286571 0.0297036 0.0299321 0.0293707 0.0280969 0.0262279 0.0239074 0.0212922 0.0185386 0.0157901 0.0131694 0.0107757 0.00869824 0.00702965 0.00580578 0.00485934 0.00385819 0.00267515 0.0015415 0.000718317 0.000263699 7.63158e-05 1.8042e-05 3.60778e-06 6.15317e-07 8.7078e-08 9.30996e-09 5.4e-10 0 
0 2.75142e-05 0.000263229 0.00110216 0.00279887 0.00516122 0.00789809 0.0108169 0.0137552 0.0165457 0.0190256 0.0210528 0.0225184 0.0233553 0.0235418 0.0231006 0.0220947 0.0206185 0.0187888 0.0167334 0.0145807 0.0124509 0.0104516 0.00869824 0.00739594 0.00693239 0.00758964 0.00863035 0.00832555 0.00606201 0.00325597 0.00133959 0.000439675 0.000115807 2.51748e-05 4.71553e-06 7.67364e-07 1.04748e-07 1.08639e-08 6.13575e-10 0 
0 1.42639e-05 0.000141672 0.000641559 0.00179383 0.00357047 0.00571617 0.00801619 0.0103229 0.0125066 0.0144441 0.0160268 0.0171715 0.0178266 0.0179761 0.0176384 0.0168635 0.0157265 0.0143208 0.01275 0.0111203 0.00953533 0.00810475 0.00702965 0.00693239 0.0093265 0.0154661 0.022589 0.0241435 0.0178173 0.00900914 0.00320489 0.000862175 0.000187853 3.46704e-05 5.76626e-06 8.75183e-07 1.14649e-07 1.15439e-08 6.36243e-10 0 
0 6.77579e-06 6.89109e-05 0.00033247 0.00102273 0.0022379 0.00383659 0.00560557 0.00738676 0.00906743 0.0105538 0.0117658 0.0126422 0.0131453 0.0132635 0.013012 0.0124296 0.0115753 0.010523 0.00935687 0.00816721 0.00705057 0.00613785 0.00580578 0.00758964 0.0154661 0.0326001 0.0537287 0.061269 0.042414 0.0209975 0.00705848 0.00167413 0.000304635 4.61773e-05 6.49108e-06 8.93125e-07 1.1172e-07 1.09606e-08 5.92507e-10 0 
0 2.94484e-06 3.02409e-05 0.000152346 0.000508073 0.00122822 0.00230291 0.0035885 0.0049257 0.00619734 0.00732107 0.00823556 0.00889637 0.00927694 0.00937001 0.00918766 0.00875996 0.00813253 0.00736407 0.00652463 0.00569572 0.00497419 0.00451105 0.00485934 0.00863035 0.022589 0.0537287 0.083744 0.0879613 0.0723347 0.0346145 0.0113842 0.00256887 0.000421113 5.47552e-05 6.50379e-06 7.99418e-07 9.53592e-08 9.17302e-09 4.89897e-10 0 
0 1.17076e-06 1.19886e-05 6.17625e-05 0.000217953 0.000574253 0.00118505 0.00200915 0.00293756 0.00385804 0.00468599 0.00536414 0.00585576 0.00614073 0.00621418 0.00608576 0.00577868 0.00532879 0.00478419 0.00420628 0.00367177 0.00327397 0.00314943 0.00385819 0.00832555 0.0241435 0.061269 0.0879613 0.0911133 0.0801085 0.0392204 0.0125523 0.00278521 0.000435828 5.1866e-05 5.46489e-06 6.11921e-07 7.03546e-08 6.70228e-09 3.56783e-10 0 
0 4.26075e-07 4.30723e-06 2.22873e-05 8.10753e-05 0.000226689 0.000507232 0.000937847 0.00148205 0.00206973 0.00262836 0.00310119 0.00345083 0.003657 0.00371386 0.00362812 0.00341798 0.00311273 0.00275315 0.0023924 0.00209597 0.00193744 0.0020065 0.00267515 0.00606201 0.0178173 0.042414 0.0723347 0.0801085 0.0584385 0.0282863 0.00929633 0.00205693 0.000317144 3.63553e-05 3.62939e-06 3.90122e-07 4.44131e-08 4.24964e-09 2.27732e-10 0 
0 1.42097e-07 1.40775e-06 7.21828e-06 2.64825e-05 7.63542e-05 0.000180064 0.000356204 0.000604806 0.000902366 0.0012101 0.00148745 0.00170181 0.00183261 0.00187158 0.00182181 0.00169661 0.00151854 0.00131845 0.00113409 0.00100791 0.000983291 0.00110644 0.0015415 0.00325597 0.00900914 0.0209975 0.0346145 0.0392204 0.0282863 0.0139706 0.00460529 0.00102547 0.000158748 1.82352e-05 1.8468e-06 2.04225e-07 2.38826e-08 2.33243e-09 1.27086e-10 0 
0 4.34624e-08 4.19912e-07 2.11447e-06 7.7045e-06 2.23911e-05 5.41072e-05 0.000111305 0.000198438 0.000311751 0.000438621 0.000561046 0.000660939 0.000724568 0.000745017 0.000722845 0.000665556 0.000586304 0.00050211 0.00043196 0.000395346 0.000411589 0.000501364 0.000718317 0.00133959 0.00320489 0.00705848 0.0113842 0.0125523 0.00929633 0.00460529 0.00153117 0.000346068 5.46876e-05 6.56618e-06 7.26103e-07 8.84159e-08 1.09707e-08 1.10874e-09 6.19693e-11 0 
0 1.21898e-08 1.14519e-07 5.63229e-07 2.01893e-06 5.82728e-06 1.4138e-05 2.95171e-05 5.38852e-05 8.71527e-05 0.000126388 0.000166172 0.000200061 0.000222462 0.000230153 0.000223027 0.000204006 0.000178303 0.000152376 0.000132992 0.000126806 0.000140533 0.000181583 0.000263699 0.000439675 0.000862175 0.00167413 0.00256887 0.00278521 0.00205693 0.00102547 0.000346068 8.01437e-05 1.32922e-05 1.77315e-06 2.31273e-07 3.2428e-08 4.33752e-09 4.57514e-10 2.64141e-11 0 
0 3.12867e-09 2.85391e-08 1.36693e-07 4.79493e-07 1.36288e-06 3.27968e-06 6.84155e-06 1.25615e-05 2.05346e-05 3.01794e-05 4.02235e-05 4.90004e-05 5.49503e-05 5.711e-05 5.54038e-05 5.06502e-05 4.43289e-05 3.82429e-05 3.42435e-05 3.41407e-05 3.97727e-05 5.30453e-05 7.63158e-05 0.000115807 0.000187853 0.000304635 0.000421113 0.000435828 0.000317144 0.000158748 5.46876e-05 1.32922e-05 2.44915e-06 3.94115e-07 6.37922e-08 1.03248e-08 1.48633e-09 1.64218e-10 9.84225e-12 0 
0 7.31034e-10 6.47203e-09 3.01519e-08 1.03239e-07 2.87716e-07 6.82322e-07 1.41005e-06 2.57725e-06 4.21117e-06 6.20423e-06 8.30261e-06 1.01594e-05 1.14385e-05 1.19261e-05 1.16026e-05 1.0649e-05 9.39588e-06 8.24737e-06 7.62043e-06 7.92353e-06 9.55673e-06 1.2868e-05 1.8042e-05 2.51748e-05 3.46704e-05 4.61773e-05 5.47552e-05 5.1866e-05 3.63553e-05 1.82352e-05 6.56618e-06 1.77315e-06 3.94115e-07 8.07051e-08 1.59171e-08 2.88223e-09 4.42403e-10 5.12517e-11 3.19906e-12 0 
0 1.53832e-10 1.32224e-09 5.99106e-09 2.00054e-08 5.45629e-08 1.27133e-07 2.5918e-07 4.69154e-07 7.61833e-07 1.11863e-06 1.49518e-06 1.83018e-06 2.06354e-06 2.15671e-06 2.10635e-06 1.94624e-06 1.73838e-06 1.55939e-06 1.48929e-06 1.60575e-06 1.97899e-06 2.65361e-06 3.60778e-06 4.71553e-06 5.76626e-06 6.49108e-06 6.50379e-06 5.46489e-06 3.62939e-06 1.8468e-06 7.26103e-07 2.31273e-07 6.37922e-08 1.59171e-08 3.5786e-09 7.01167e-10 1.13843e-10 1.3829e-11 9.00589e-13 0 
0 2.8539e-11 2.38356e-10 1.05099e-09 3.42311e-09 9.13289e-09 2.08843e-08 4.19262e-08 7.49848e-08 1.20682e-07 1.76117e-07 2.34521e-07 2.86581e-07 3.23174e-07 3.38474e-07 3.32088e-07 3.09438e-07 2.80491e-07 2.57703e-07 2.54177e-07 2.82306e-07 3.51989e-07 4.66528e-07 6.15317e-07 7.67364e-07 8.75183e-07 8.93125e-07 7.99418e-07 6.11921e-07 3.90122e-07 2.04225e-07 8.84159e-08 3.2428e-08 1.03248e-08 2.88223e-09 7.01167e-10 1.45865e-10 2.49349e-11 3.17425e-12 2.15802e-13 0 
0 4.46796e-12 3.63015e-11 1.55929e-10 4.9575e-10 1.29436e-09 2.90464e-09 5.73955e-09 1.01339e-08 1.61472e-08 2.3392e-08 3.09977e-08 3.77804e-08 4.25891e-08 4.46974e-08 4.40796e-08 4.14693e-08 3.82077e-08 3.59838e-08 3.65703e-08 4.15712e-08 5.20621e-08 6.79471e-08 8.7078e-08 1.04748e-07 1.14649e-07 1.1172e-07 9.53592e-08 7.03546e-08 4.44131e-08 2.38826e-08 1.09707e-08 4.33752e-09 1.48633e-09 4.42403e-10 1.13843e-10 2.49349e-11 4.47413e-12 5.96144e-13 4.22947e-14 0 
0 5.32405e-13 4.2138e-12 1.76552e-11 5.48543e-11 1.40274e-10 3.0909e-10 6.01305e-10 1.04806e-09 1.65294e-09 2.37619e-09 3.13224e-09 3.80653e-09 4.28888e-09 4.51109e-09 4.47393e-09 4.25348e-09 3.98739e-09 3.8491e-09 4.01836e-09 4.64794e-09 5.81692e-09 7.46256e-09 9.30996e-09 1.08639e-08 1.15439e-08 1.09606e-08 9.17302e-09 6.70228e-09 4.24964e-09 2.33243e-09 1.10874e-09 4.57514e-10 1.64218e-10 5.12517e-11 1.3829e-11 3.17425e-12 5.96144e-13 8.29871e-14 6.13756e-15 0 
0 3.44774e-14 2.66206e-13 1.08952e-12 3.31238e-12 8.30551e-12 1.79856e-11 3.44695e-11 5.93336e-11 9.26428e-11 1.32168e-10 1.73306e-10 2.10003e-10 2.36515e-10 2.49382e-10 2.48857e-10 2.39277e-10 2.28361e-10 2.25768e-10 2.41276e-10 2.82534e-10 3.52087e-10 4.43755e-10 5.4e-10 6.13575e-10 6.36243e-10 5.92507e-10 4.89897e-10 3.56783e-10 2.27732e-10 1.27086e-10 6.19693e-11 2.64141e-11 9.84225e-12 3.19906e-12 9.00589e-13 2.15802e-13 4.22947e-14 6.13756e-15 4.72443e-16 0 
0 0 0 0 0 0 0 0 0 0 0 0 0 0 0 0 0 0 0 0 0 0 0 0 0 0 0 0 0 0 0 0 0 0 0 0 0 0 0 0 0 
