0 0 0 0 0 0 0 0 0 0 0 0 0 0 0 0 0 0 0 0 0 0 0 0 0 0 0 0 0 0 0 0 0 0 0 0 0 0 0 0 0 
0 2.63947e-07 2.37318e-06 1.06466e-05 3.30704e-05 7.90993e-05 0.000154448 0.000257063 0.000377597 0.000503033 0.000620367 0.000718816 0.000790671 0.000831386 0.000839365 0.000815629 0.000763442 0.00068791 0.000595548 0.000493775 0.000390325 0.000292521 0.000206464 0.000136242 8.34244e-05 4.70661e-05 2.43189e-05 1.14579e-05 4.91035e-06 1.91264e-06 6.77399e-07 2.18312e-07 6.40367e-08 1.70723e-08 4.11831e-09 8.89925e-10 1.68762e-10 2.69022e-11 3.25354e-12 2.13271e-13 0 
0 2.37318e-06 2.19274e-05 9.81022e-05 0.000292393 0.000648695 0.00115356 0.00174704 0.00236106 0.00294132 0.00344905 0.00385702 0.00414674 0.00430775 0.00433746 0.0042408 0.00402931 0.0037197 0.00333227 0.0028894 0.00241462 0.00193235 0.00146791 0.00104679 0.000691837 0.000418242 0.000228613 0.000112067 4.90871e-05 1.92232e-05 6.75381e-06 2.13813e-06 6.12105e-07 1.5866e-07 3.71407e-08 7.78408e-09 1.43223e-09 2.21732e-10 2.60783e-11 1.66496e-12 0 
0 1.06466e-05 9.81022e-05 0.000416197 0.00111856 0.00218852 0.00347157 0.00482469 0.0061555 0.00739511 0.00848149 0.00935956 0.00998634 0.0103353 0.0103983 0.0101859 0.00972434 0.00905281 0.00821832 0.0072709 0.00625884 0.00522508 0.00420584 0.00323284 0.0023388 0.00156207 0.000942323 0.000503299 0.000234971 9.56103e-05 3.40975e-05 1.07619e-05 3.03459e-06 7.69124e-07 1.75373e-07 3.57439e-08 6.39442e-09 9.63159e-10 1.10342e-10 6.87213e-12 0 
0 3.30704e-05 0.000292393 0.00111856 0.00262756 0.00458885 0.00677746 0.00906763 0.0113495 0.0135019 0.0154035 0.0169472 0.0180517 0.0186669 0.0187775 0.0184015 0.0175863 0.0164025 0.014936 0.013279 0.0115225 0.00974837 0.00802318 0.00639465 0.00489228 0.00353687 0.00235811 0.00140538 0.000726274 0.000319402 0.000119401 3.84215e-05 1.08245e-05 2.7068e-06 6.04716e-07 1.20357e-07 2.10013e-08 3.08579e-09 3.45142e-10 2.10122e-11 0 
0 7.90993e-05 0.000648695 0.00218852 0.00458885 0.00751162 0.0107835 0.0142575 0.0177481 0.0210529 0.0239771 0.026353 0.0280533 0.0290004 0.0291703 0.0285907 0.027335 0.0255123 0.0232555 0.0207081 0.0180124 0.0152981 0.0126745 0.0102239 0.00799755 0.00601564 0.00427818 0.00279366 0.00160857 0.000784621 0.000317261 0.000106844 3.06213e-05 7.64197e-06 1.68523e-06 3.29236e-07 5.62555e-08 8.08911e-09 8.85762e-10 5.2842e-11 0 
0 0.000154448 0.00115356 0.00347157 0.00677746 0.0107835 0.0153253 0.0201768 0.0250616 0.0296899 0.0337867 0.0371159 0.0394986 0.040826 0.041064 0.0402514 0.0384914 0.0359371 0.032775 0.0292069 0.0254327 0.0216356 0.0179709 0.0145589 0.0114801 0.00877346 0.00643761 0.00444506 0.00278447 0.00150423 0.000669363 0.000241338 7.16846e-05 1.80809e-05 3.96834e-06 7.65356e-07 1.28611e-07 1.81619e-08 1.95287e-09 1.14468e-10 0 
0 0.000257063 0.00174704 0.00482469 0.00906763 0.0142575 0.0201768 0.0265104 0.032891 0.0389377 0.044291 0.0486447 0.0517714 0.0535249 0.0538411 0.0527646 0.050448 0.0471029 0.0429699 0.0383083 0.0333783 0.0284199 0.0236369 0.0191881 0.0151828 0.0116798 0.00868892 0.00617439 0.00407956 0.00238871 0.0011669 0.000455871 0.000142457 3.67454e-05 8.09165e-06 1.5494e-06 2.57171e-07 3.57938e-08 3.7911e-09 2.18938e-10 0 
0 0.000377597 0.00236106 0.0061555 0.0113495 0.0177481 0.0250616 0.032891 0.0407795 0.0482569 0.054894 0.0603812 0.0645044 0.0669474 0.0674029 0.0658796 0.0627321 0.0584199 0.053254 0.0474817 0.0413864 0.0352571 0.029346 0.0238502 0.0189063 0.014591 0.0109245 0.00787354 0.00536201 0.00331691 0.00175026 0.000740199 0.000245293 6.52766e-05 1.45213e-05 2.77467e-06 4.56736e-07 6.28695e-08 6.57893e-09 3.75355e-10 0 
0 0.000503033 0.00294132 0.00739511 0.0135019 0.0210529 0.0296899 0.0389377 0.0482569 0.0571147 0.0651558 0.0722477 0.0776976 0.0807038 0.0812486 0.0794542 0.0753959 0.0696386 0.063122 0.0561934 0.0489795 0.0417394 0.0347584 0.0282692 0.0224339 0.0173449 0.0130301 0.00945941 0.00655001 0.00419439 0.00234324 0.00106155 0.00037303 0.000102866 2.32255e-05 4.44617e-06 7.28333e-07 9.94573e-08 1.03119e-08 5.82753e-10 0 
0 0.000620367 0.00344905 0.00848149 0.0154035 0.0239771 0.0337867 0.044291 0.054894 0.0651558 0.0749993 0.0831921 0.0881763 0.0905623 0.0910001 0.0896443 0.0862534 0.0803278 0.0723615 0.0640201 0.0557164 0.0474817 0.0395527 0.0321833 0.0255578 0.0197821 0.0148901 0.0108528 0.00758468 0.00496008 0.00288194 0.00137814 0.000510179 0.000145725 3.34607e-05 6.43417e-06 1.0517e-06 1.42849e-07 1.47121e-08 8.25527e-10 0 
0 0.000718816 0.00385702 0.00935956 0.0169472 0.026353 0.0371159 0.0486447 0.0603812 0.0722477 0.0831921 0.0903158 0.0942441 0.0961622 0.0965328 0.0954618 0.0927926 0.0880205 0.080335 0.0707136 0.061252 0.0521561 0.0434526 0.0353672 0.0280989 0.0217642 0.0164015 0.011982 0.00841804 0.00557444 0.00332285 0.00165234 0.000637692 0.000187827 4.38293e-05 8.47481e-06 1.3848e-06 1.87496e-07 1.92248e-08 1.07348e-09 0 
0 0.000790671 0.00414674 0.00998634 0.0180517 0.0280533 0.0394986 0.0517714 0.0645044 0.0776976 0.0881763 0.0942441 0.0976668 0.0993733 0.0997141 0.0987741 0.0964393 0.0923304 0.0856097 0.075822 0.0653324 0.0555178 0.0462491 0.0376505 0.0299214 0.0231859 0.0174855 0.012791 0.0090132 0.00601172 0.00363985 0.00185705 0.000738175 0.000222559 5.26243e-05 1.02295e-05 1.67281e-06 2.26162e-07 2.31322e-08 1.28799e-09 0 
0 0.000831386 0.00430775 0.0103353 0.0186669 0.0290004 0.040826 0.0535249 0.0669474 0.0807038 0.0905623 0.0961622 0.0993733 0.100991 0.101319 0.100436 0.0982431 0.0944164 0.0882093 0.0787204 0.0676994 0.0574093 0.0478147 0.0389291 0.0309427 0.0239832 0.0180939 0.0132455 0.00934763 0.0062577 0.00381992 0.00197669 0.000799355 0.000244504 5.83218e-05 1.13832e-05 1.86395e-06 2.51987e-07 2.57557e-08 1.43272e-09 0 
0 0.000839365 0.00433746 0.0103983 0.0187775 0.0291703 0.041064 0.0538411 0.0674029 0.0812486 0.0910001 0.0965328 0.0997141 0.101319 0.101647 0.100772 0.0986008 0.0948161 0.0886884 0.0792635 0.06815 0.0577641 0.0481087 0.0391706 0.0311369 0.0241362 0.018212 0.0133352 0.00941532 0.0063096 0.00386045 0.00200588 0.000815517 0.000250702 6.0019e-05 1.17424e-05 1.9258e-06 2.60657e-07 2.66689e-08 1.48497e-09 0 
0 0.000815629 0.0042408 0.0101859 0.0184015 0.0285907 0.0402514 0.0527646 0.0658796 0.0794542 0.0896443 0.0954618 0.0987741 0.100436 0.100772 0.0998638 0.0976065 0.0936528 0.0872125 0.0775383 0.0667131 0.0566307 0.047176 0.0384121 0.0305341 0.0236684 0.0178581 0.0130741 0.00922703 0.0061759 0.00376772 0.00194801 0.000787565 0.000241173 5.76671e-05 1.12913e-05 1.85544e-06 2.51775e-07 2.58345e-08 1.44294e-09 0 
0 0.000763442 0.00402931 0.00972434 0.0175863 0.027335 0.0384914 0.050448 0.0627321 0.0753959 0.0862534 0.0927926 0.0964393 0.0982431 0.0986008 0.0976065 0.0951303 0.0907438 0.0835736 0.0737245 0.0636671 0.0541685 0.0451375 0.0367519 0.0292129 0.0226418 0.0170795 0.0124977 0.00880878 0.00587554 0.00355616 0.00181421 0.000722365 0.000218729 5.20444e-05 1.01908e-05 1.67951e-06 2.28915e-07 2.36119e-08 1.3263e-09 0 
0 0.00068791 0.0037197 0.00905281 0.0164025 0.0255123 0.0359371 0.0471029 0.0584199 0.0696386 0.0803278 0.0880205 0.0923304 0.0944164 0.0948161 0.0936528 0.0907438 0.0855343 0.0775644 0.0683835 0.0593843 0.0506036 0.0421727 0.0343368 0.0272909 0.0211484 0.0159471 0.011659 0.00819923 0.00543668 0.00324804 0.00162281 0.000631693 0.000188265 4.45164e-05 8.72539e-06 1.44545e-06 1.98467e-07 2.06457e-08 1.17026e-09 0 
0 0.000595548 0.00333227 0.00821832 0.014936 0.0232555 0.032775 0.0429699 0.053254 0.063122 0.0723615 0.080335 0.0856097 0.0882093 0.0886884 0.0872125 0.0835736 0.0775644 0.0700506 0.062182 0.0541794 0.0461951 0.0384999 0.0313456 0.0249116 0.0193011 0.0145475 0.0106234 0.00744668 0.00489602 0.00287421 0.00139922 0.000530846 0.000155743 3.66883e-05 7.22512e-06 1.20827e-06 1.67871e-07 1.76893e-08 1.01605e-09 0 
0 0.000493775 0.0028894 0.0072709 0.013279 0.0207081 0.0292069 0.0383083 0.0474817 0.0561934 0.0640201 0.0707136 0.075822 0.0787204 0.0792635 0.0775383 0.0737245 0.0683835 0.062182 0.0554241 0.0483395 0.0412211 0.0343556 0.0279721 0.0222307 0.0172226 0.0129762 0.00946376 0.00660721 0.0043001 0.00247637 0.00117572 0.000436929 0.000127153 3.00792e-05 5.99486e-06 1.01844e-06 1.43942e-07 1.54312e-08 9.01185e-10 0 
0 0.000390325 0.00241462 0.00625884 0.0115225 0.0180124 0.0254327 0.0333783 0.0413864 0.0489795 0.0557164 0.061252 0.0653324 0.0676994 0.06815 0.0667131 0.0636671 0.0593843 0.0541794 0.0483395 0.0421678 0.0359608 0.0299744 0.024409 0.0194034 0.0150362 0.0113301 0.00825716 0.0057462 0.00371041 0.00211041 0.000990385 0.000366966 0.000107716 2.59131e-05 5.27037e-06 9.13976e-07 1.3169e-07 1.43637e-08 8.51533e-10 0 
0 0.000292521 0.00193235 0.00522508 0.00974837 0.0152981 0.0216356 0.0284199 0.0352571 0.0417394 0.0474817 0.0521561 0.0555178 0.0574093 0.0577641 0.0566307 0.0541685 0.0506036 0.0461951 0.0412211 0.0359608 0.0306714 0.025572 0.0208332 0.0165732 0.0128585 0.00970717 0.00709206 0.00495091 0.00321308 0.00184659 0.000883078 0.000335918 0.000101447 2.50404e-05 5.20024e-06 9.16327e-07 1.33586e-07 1.46906e-08 8.75566e-10 0 
0 0.000206464 0.00146791 0.00420584 0.00802318 0.0126745 0.0179709 0.0236369 0.029346 0.0347584 0.0395527 0.0434526 0.0462491 0.0478147 0.0481087 0.047176 0.0451375 0.0421727 0.0384999 0.0343556 0.0299744 0.025572 0.0213316 0.0173964 0.0138689 0.0108135 0.00825232 0.00614633 0.00440522 0.00295091 0.00176591 0.000887775 0.000354525 0.000110872 2.78817e-05 5.82831e-06 1.02618e-06 1.48861e-07 1.62517e-08 9.60319e-10 0 
0 0.000136242 0.00104679 0.00323284 0.00639465 0.0102239 0.0145589 0.0191881 0.0238502 0.0282692 0.0321833 0.0353672 0.0376505 0.0389291 0.0391706 0.0384121 0.0367519 0.0343368 0.0313456 0.0279721 0.024409 0.0208332 0.0173964 0.0142239 0.0114331 0.0091565 0.00746912 0.00618941 0.00490953 0.00345689 0.00208396 0.00105815 0.000432495 0.000137054 3.42832e-05 7.04919e-06 1.2159e-06 1.72681e-07 1.84686e-08 1.07038e-09 0 
0 8.34244e-05 0.000691837 0.0023388 0.00489228 0.00799755 0.0114801 0.0151828 0.0189063 0.0224339 0.0255578 0.0280989 0.0299214 0.0309427 0.0311369 0.0305341 0.0292129 0.0272909 0.0249116 0.0222307 0.0194034 0.0165732 0.0138689 0.0114331 0.00953933 0.00871856 0.00935759 0.0105431 0.0101442 0.00739803 0.00401347 0.00171689 0.000619101 0.000183405 4.35646e-05 8.56283e-06 1.42317e-06 1.95921e-07 2.03938e-08 1.15396e-09 0 
0 4.70661e-05 0.000418242 0.00156207 0.00353687 0.00601564 0.00877346 0.0116798 0.014591 0.0173449 0.0197821 0.0217642 0.0231859 0.0239832 0.0241362 0.0236684 0.0226418 0.0211484 0.0193011 0.0172226 0.0150362 0.0128585 0.0108135 0.0091565 0.00871856 0.0114257 0.0187754 0.0280193 0.0322958 0.0215802 0.0109228 0.00391247 0.00109576 0.000265284 5.51467e-05 9.91859e-06 1.56024e-06 2.07162e-07 2.09739e-08 1.15947e-09 0 
0 2.43189e-05 0.000228613 0.000942323 0.00235811 0.00427818 0.00643761 0.00868892 0.0109245 0.0130301 0.0148901 0.0164015 0.0174855 0.0180939 0.018212 0.0178581 0.0170795 0.0159471 0.0145475 0.0129762 0.0113301 0.00970717 0.00825232 0.00746912 0.00935759 0.0187754 0.0404224 0.0739397 0.0794655 0.0584553 0.0254164 0.00855338 0.0020518 0.00039753 6.78861e-05 1.06246e-05 1.54737e-06 1.97579e-07 1.9522e-08 1.059e-09 0 
0 1.14579e-05 0.000112067 0.000503299 0.00140538 0.00279366 0.00444506 0.00617439 0.00787354 0.00945941 0.0108528 0.011982 0.012791 0.0132455 0.0133352 0.0130741 0.0124977 0.011659 0.0106234 0.00946376 0.00825716 0.00709206 0.00614633 0.00618941 0.0105431 0.0280193 0.0739397 0.0875589 0.0892986 0.0832903 0.0491697 0.0137804 0.003122 0.000529811 7.59824e-05 1.01782e-05 1.35325e-06 1.66257e-07 1.6135e-08 8.64863e-10 0 
0 4.91035e-06 4.90871e-05 0.000234971 0.000726274 0.00160857 0.00278447 0.00407956 0.00536201 0.00655001 0.00758468 0.00841804 0.0090132 0.00934763 0.00941532 0.00922703 0.00880878 0.00819923 0.00744668 0.00660721 0.0057462 0.00495091 0.00440522 0.00490953 0.0101442 0.0322958 0.0794655 0.0892986 0.0906129 0.0857124 0.0587675 0.0151955 0.00337916 0.000541694 6.9812e-05 8.28394e-06 1.01801e-06 1.21504e-07 1.16949e-08 6.24815e-10 0 
0 1.91264e-06 1.92232e-05 9.56103e-05 0.000319402 0.000784621 0.00150423 0.00238871 0.00331691 0.00419439 0.00496008 0.00557444 0.00601172 0.0062577 0.0063096 0.0061759 0.00587554 0.00543668 0.00489602 0.0043001 0.00371041 0.00321308 0.00295091 0.00345689 0.00739803 0.0215802 0.0584553 0.0832903 0.0857124 0.0776576 0.0358289 0.0112514 0.00249687 0.000394193 4.85389e-05 5.42984e-06 6.43507e-07 7.62899e-08 7.37765e-09 3.96694e-10 0 
0 6.77399e-07 6.75381e-06 3.40975e-05 0.000119401 0.000317261 0.000669363 0.0011669 0.00175026 0.00234324 0.00288194 0.00332285 0.00363985 0.00381992 0.00386045 0.00376772 0.00355616 0.00324804 0.00287421 0.00247637 0.00211041 0.00184659 0.00176591 0.00208396 0.00401347 0.0109228 0.0254164 0.0491697 0.0587675 0.0358289 0.0169057 0.00557659 0.0012492 0.000199217 2.45901e-05 2.78156e-06 3.37472e-07 4.09524e-08 4.03683e-09 2.20586e-10 0 
0 2.18312e-07 2.13813e-06 1.07619e-05 3.84215e-05 0.000106844 0.000241338 0.000455871 0.000740199 0.00106155 0.00137814 0.00165234 0.00185705 0.00197669 0.00200588 0.00194801 0.00181421 0.00162281 0.00139922 0.00117572 0.000990385 0.000883078 0.000887775 0.00105815 0.00171689 0.00391247 0.00855338 0.0137804 0.0151955 0.0112514 0.00557659 0.00185962 0.00042636 7.01397e-05 9.10747e-06 1.121e-06 1.47556e-07 1.88257e-08 1.91554e-09 1.07304e-10 0 
0 6.40367e-08 6.12105e-07 3.03459e-06 1.08245e-05 3.06213e-05 7.16846e-05 0.000142457 0.000245293 0.00037303 0.000510179 0.000637692 0.000738175 0.000799355 0.000815517 0.000787565 0.000722365 0.000631693 0.000530846 0.000436929 0.000366966 0.000335918 0.000354525 0.000432495 0.000619101 0.00109576 0.0020518 0.003122 0.00337916 0.00249687 0.0012492 0.00042636 0.000101461 1.77462e-05 2.58191e-06 3.70285e-07 5.48058e-08 7.45497e-09 7.89627e-10 4.5664e-11 0 
0 1.70723e-08 1.5866e-07 7.69124e-07 2.7068e-06 7.64197e-06 1.80809e-05 3.67454e-05 6.52766e-05 0.000102866 0.000145725 0.000187827 0.000222559 0.000244504 0.000250702 0.000241173 0.000218729 0.000188265 0.000155743 0.000127153 0.000107716 0.000101447 0.000110872 0.000137054 0.000183405 0.000265284 0.00039753 0.000529811 0.000541694 0.000394193 0.000199217 7.01397e-05 1.77462e-05 3.49329e-06 6.11785e-07 1.05813e-07 1.7625e-08 2.55779e-09 2.83247e-10 1.69965e-11 0 
0 4.11831e-09 3.71407e-08 1.75373e-07 6.04716e-07 1.68523e-06 3.96834e-06 8.09165e-06 1.45213e-05 2.32255e-05 3.34607e-05 4.38293e-05 5.26243e-05 5.83218e-05 6.0019e-05 5.76671e-05 5.20444e-05 4.45164e-05 3.66883e-05 3.00792e-05 2.59131e-05 2.50404e-05 2.78817e-05 3.42832e-05 4.35646e-05 5.51467e-05 6.78861e-05 7.59824e-05 6.9812e-05 4.85389e-05 2.45901e-05 9.10747e-06 2.58191e-06 6.11785e-07 1.3269e-07 2.70149e-08 4.94719e-09 7.6181e-10 8.83644e-11 5.52047e-12 0 
0 8.89925e-10 7.78408e-09 3.57439e-08 1.20357e-07 3.29236e-07 7.65356e-07 1.5494e-06 2.77467e-06 4.44617e-06 6.43417e-06 8.47481e-06 1.02295e-05 1.13832e-05 1.17424e-05 1.12913e-05 1.01908e-05 8.72539e-06 7.22512e-06 5.99486e-06 5.27037e-06 5.20024e-06 5.82831e-06 7.04919e-06 8.56283e-06 9.91859e-06 1.06246e-05 1.01782e-05 8.28394e-06 5.42984e-06 2.78156e-06 1.121e-06 3.70285e-07 1.05813e-07 2.70149e-08 6.13551e-09 1.20626e-09 1.9609e-10 2.38377e-11 1.55341e-12 0 
0 1.68762e-10 1.43223e-09 6.39442e-09 2.10013e-08 5.62555e-08 1.28611e-07 2.57171e-07 4.56736e-07 7.28333e-07 1.0517e-06 1.3848e-06 1.67281e-06 1.86395e-06 1.9258e-06 1.85544e-06 1.67951e-06 1.44545e-06 1.20827e-06 1.01844e-06 9.13976e-07 9.16327e-07 1.02618e-06 1.2159e-06 1.42317e-06 1.56024e-06 1.54737e-06 1.35325e-06 1.01801e-06 6.43507e-07 3.37472e-07 1.47556e-07 5.48058e-08 1.7625e-08 4.94719e-09 1.20626e-09 2.51166e-10 4.2958e-11 5.47118e-12 3.72141e-13 0 
0 2.69022e-11 2.21732e-10 9.63159e-10 3.08579e-09 8.08911e-09 1.81619e-08 3.57938e-08 6.28695e-08 9.94573e-08 1.42849e-07 1.87496e-07 2.26162e-07 2.51987e-07 2.60657e-07 2.51775e-07 2.28915e-07 1.98467e-07 1.67871e-07 1.43942e-07 1.3169e-07 1.33586e-07 1.48861e-07 1.72681e-07 1.95921e-07 2.07162e-07 1.97579e-07 1.66257e-07 1.21504e-07 7.62899e-08 4.09524e-08 1.88257e-08 7.45497e-09 2.55779e-09 7.6181e-10 1.9609e-10 4.2958e-11 7.7098e-12 1.02757e-12 7.29281e-14 0 
0 3.25354e-12 2.60783e-11 1.10342e-10 3.45142e-10 8.85762e-10 1.95287e-09 3.7911e-09 6.57893e-09 1.03119e-08 1.47121e-08 1.92248e-08 2.31322e-08 2.57557e-08 2.66689e-08 2.58345e-08 2.36119e-08 2.06457e-08 1.76893e-08 1.54312e-08 1.43637e-08 1.46906e-08 1.62517e-08 1.84686e-08 2.03938e-08 2.09739e-08 1.9522e-08 1.6135e-08 1.16949e-08 7.37765e-09 4.03683e-09 1.91554e-09 7.89627e-10 2.83247e-10 8.83644e-11 2.38377e-11 5.47118e-12 1.02757e-12 1.43065e-13 1.05831e-14 0 
0 2.13271e-13 1.66496e-12 6.87213e-12 2.10122e-11 5.2842e-11 1.14468e-10 2.18938e-10 3.75355e-10 5.82753e-10 8.25527e-10 1.07348e-09 1.28799e-09 1.43272e-09 1.48497e-09 1.44294e-09 1.3263e-09 1.17026e-09 1.01605e-09 9.01185e-10 8.51533e-10 8.75566e-10 9.60319e-10 1.07038e-09 1.15396e-09 1.15947e-09 1.059e-09 8.64863e-10 6.24815e-10 3.96694e-10 2.20586e-10 1.07304e-10 4.5664e-11 1.69965e-11 5.52047e-12 1.55341e-12 3.72141e-13 7.29281e-14 1.05831e-14 8.14726e-16 0 
0 0 0 0 0 0 0 0 0 0 0 0 0 0 0 0 0 0 0 0 0 0 0 0 0 0 0 0 0 0 0 0 0 0 0 0 0 0 0 0 0 
