0 0 0 0 0 0 0 0 0 0 0 0 0 0 0 0 0 0 0 0 0 0 0 0 0 0 0 0 0 0 0 0 0 0 0 0 0 0 0 0 0 
0 5.26476e-07 4.65226e-06 2.01829e-05 5.97123e-05 0.000134795 0.000248109 0.000391308 0.00054934 0.000706019 0.000847423 0.000963079 0.00104599 0.0010923 0.00110096 0.00107333 0.00101289 0.000924822 0.000815692 0.000693042 0.000564977 0.000439628 0.000324462 0.000225458 0.00014631 8.79321e-05 4.8553e-05 2.44622e-05 1.11885e-05 4.63156e-06 1.73323e-06 5.86343e-07 1.7933e-07 4.95322e-08 1.2307e-08 2.72514e-09 5.2721e-10 8.54165e-11 1.04667e-11 6.9341e-13 0 
0 4.65226e-06 4.18029e-05 0.000176888 0.000487098 0.000990923 0.00163017 0.00232323 0.00300613 0.00363574 0.00418088 0.00461719 0.00492647 0.00509776 0.00512825 0.00502332 0.00479558 0.00446322 0.00404791 0.00357267 0.00306025 0.00253249 0.00201075 0.00151697 0.00107404 0.000703431 0.000419849 0.000225363 0.000107776 4.57266e-05 1.72213e-05 5.77785e-06 1.73429e-06 4.66965e-07 1.12675e-07 2.41877e-08 4.53525e-09 7.12613e-10 8.47921e-11 5.46327e-12 0 
0 2.01829e-05 0.000176888 0.000684937 0.00164748 0.00292734 0.00434681 0.00580535 0.00723813 0.00857917 0.00975935 0.0107155 0.0113984 0.0117781 0.0118452 0.0116112 0.0111055 0.0103718 0.00946282 0.00843495 0.007343 0.00623513 0.00514934 0.00411269 0.00314484 0.00226625 0.00150606 0.000900124 0.000472763 0.000214992 8.43756e-05 2.87585e-05 8.60237e-06 2.27926e-06 5.37226e-07 1.12239e-07 2.04543e-08 3.12401e-09 3.6166e-10 2.27041e-11 0 
0 5.97123e-05 0.000487098 0.00164748 0.00345187 0.00560766 0.00797694 0.0104708 0.0129689 0.0153308 0.0174188 0.0191137 0.0203254 0.0209991 0.0211181 0.0207025 0.0198049 0.0185032 0.0168922 0.0150743 0.0131508 0.0112141 0.00934129 0.00758874 0.00598885 0.00455157 0.0032762 0.00217364 0.00128272 0.000650087 0.000276978 9.91285e-05 3.02281e-05 7.99544e-06 1.85757e-06 3.79961e-07 6.7587e-08 1.00671e-08 1.13706e-09 6.97192e-11 0 
0 0.000134795 0.000990923 0.00292734 0.00560766 0.00879154 0.0123761 0.0161972 0.0200402 0.0236777 0.0268947 0.0295064 0.0313737 0.0324119 0.0325952 0.0319546 0.0305712 0.0285652 0.0260827 0.0232821 0.0203199 0.0173399 0.0144645 0.0117881 0.00937371 0.00724962 0.00540946 0.00382493 0.00248008 0.00140785 0.000668489 0.000259342 8.27521e-05 2.22411e-05 5.15099e-06 1.03917e-06 1.81367e-07 2.6452e-08 2.92458e-09 1.75647e-10 0 
0 0.000248109 0.00163017 0.00434681 0.00797694 0.0123761 0.0173824 0.0227319 0.0281147 0.0332106 0.0377176 0.0413776 0.0439996 0.0454678 0.0457292 0.0448193 0.0428713 0.0400581 0.0365799 0.0326563 0.0285067 0.0243329 0.0203067 0.0165623 0.0131928 0.010249 0.00773903 0.00562851 0.00385725 0.00238884 0.0012615 0.00053987 0.000184346 5.12573e-05 1.19775e-05 2.40228e-06 4.13696e-07 5.93359e-08 6.44465e-09 3.80294e-10 0 
0 0.000391308 0.00232323 0.00580535 0.0104708 0.0161972 0.0227319 0.0297175 0.0367472 0.0434032 0.0493111 0.0544004 0.0590072 0.0621991 0.0628353 0.0607896 0.0568826 0.0524743 0.0478124 0.0426793 0.0372597 0.0318092 0.0265519 0.0216634 0.0172665 0.0134314 0.0101789 0.00748154 0.00526627 0.00344289 0.00197703 0.000931298 0.000344433 0.000100507 2.39589e-05 4.81386e-06 8.22459e-07 1.16505e-07 1.24754e-08 7.2555e-10 0 
0 0.00054934 0.00300613 0.00723813 0.0129689 0.0200402 0.0281147 0.0367472 0.0454355 0.0537208 0.0623927 0.0723557 0.0790498 0.0819695 0.0824866 0.0809049 0.0765362 0.0685517 0.0597478 0.0527981 0.0460697 0.0393332 0.0328367 0.0267964 0.0213643 0.0166283 0.012618 0.00931041 0.00663171 0.00446682 0.00271584 0.00138586 0.000554921 0.00017125 4.19847e-05 8.50403e-06 1.44843e-06 2.03431e-07 2.15484e-08 1.23884e-09 0 
0 0.000706019 0.00363574 0.00857917 0.0153308 0.0236777 0.0332106 0.0434032 0.0537208 0.0654726 0.0791827 0.0860917 0.0894185 0.0909947 0.0913156 0.0904801 0.0883055 0.0841279 0.0755615 0.0633292 0.0544488 0.0464579 0.0387872 0.0316562 0.0252436 0.0196537 0.0149227 0.0110285 0.00789661 0.00540239 0.00340452 0.00184423 0.000791707 0.000258442 6.54278e-05 1.34168e-05 2.2866e-06 3.19473e-07 3.35754e-08 1.91337e-09 0 
0 0.000847423 0.00418088 0.00975935 0.0174188 0.0268947 0.0377176 0.0493111 0.0623927 0.0791827 0.0878408 0.0921054 0.0944879 0.0956896 0.0959542 0.095339 0.0937605 0.0909305 0.0860372 0.0762769 0.0625396 0.0527811 0.0440509 0.0359548 0.0286748 0.0223293 0.0169599 0.0125436 0.0090033 0.00620954 0.00399831 0.00225753 0.00102427 0.000351583 9.18816e-05 1.91098e-05 3.26677e-06 4.55193e-07 4.75852e-08 2.69456e-09 0 
0 0.000963079 0.00461719 0.0107155 0.0191137 0.0295064 0.0413776 0.0544004 0.0723557 0.0860917 0.0921054 0.0955051 0.0975183 0.0985631 0.0988045 0.0982852 0.0969524 0.0946263 0.0908609 0.0843797 0.0713599 0.0581141 0.048329 0.0394455 0.0314612 0.024502 0.0186138 0.0137726 0.00989735 0.0068552 0.00446995 0.00259324 0.00122504 0.000437824 0.000117636 2.48009e-05 4.25715e-06 5.9266e-07 6.17542e-08 3.48207e-09 0 
0 0.00104599 0.00492647 0.0113984 0.0203254 0.0313737 0.0439996 0.0590072 0.0790498 0.0894185 0.0944879 0.0975183 0.0993582 0.100327 0.100557 0.100086 0.0988724 0.0967788 0.0934805 0.0881387 0.0779007 0.0625502 0.0514038 0.0419421 0.033454 0.0260559 0.0197967 0.0146512 0.0105354 0.0073133 0.00480241 0.00283246 0.00137411 0.000505377 0.00013867 2.95603e-05 5.09456e-06 7.09384e-07 7.37961e-08 4.15097e-09 0 
0 0.0010923 0.00509776 0.0117781 0.0209991 0.0324119 0.0454678 0.0621991 0.0819695 0.0909947 0.0956896 0.0985631 0.100327 0.101262 0.101488 0.101038 0.099878 0.0978861 0.094783 0.0898797 0.0809619 0.0654633 0.0531369 0.0433318 0.0345632 0.026921 0.0204553 0.0151405 0.0108905 0.0075677 0.00498663 0.0029662 0.00145995 0.000545858 0.000151698 3.2571e-05 5.63074e-06 7.84655e-07 8.15984e-08 4.58597e-09 0 
0 0.00110096 0.00512825 0.0118452 0.0211181 0.0325952 0.0457292 0.0628353 0.0824866 0.0913156 0.0959542 0.0988045 0.100557 0.101488 0.101713 0.101267 0.100115 0.0981381 0.0950644 0.0902267 0.0815071 0.0660341 0.0534493 0.0435796 0.0347612 0.0270756 0.0205734 0.0152285 0.0109547 0.00761425 0.00502134 0.00299293 0.00147851 0.000555312 0.000154936 3.33562e-05 5.77614e-06 8.05776e-07 8.38582e-08 4.71586e-09 0 
0 0.00107333 0.00502332 0.0116112 0.0207025 0.0319546 0.0448193 0.0607896 0.0809049 0.0904801 0.095339 0.0982852 0.100086 0.101038 0.101267 0.100807 0.0996217 0.0975823 0.0943908 0.0892975 0.0798186 0.0641829 0.0523782 0.0427268 0.0340812 0.0265459 0.0201706 0.01493 0.0107389 0.00746109 0.00491289 0.00291725 0.00143212 0.000534288 0.000148398 3.18944e-05 5.52458e-06 7.71717e-07 8.04621e-08 4.53427e-09 0 
0 0.00101289 0.00479558 0.0111055 0.0198049 0.0305712 0.0428713 0.0568826 0.0765362 0.0883055 0.0937605 0.0969524 0.0988724 0.099878 0.100115 0.0996217 0.0983536 0.096156 0.0926579 0.086861 0.075347 0.0605614 0.0500928 0.040882 0.0326096 0.0253991 0.0192985 0.0142831 0.0102707 0.00712744 0.00467456 0.00274919 0.00132857 0.000487363 0.000133773 2.86005e-05 4.95099e-06 6.92925e-07 7.24758e-08 4.09954e-09 0 
0 0.000924822 0.00446322 0.0103718 0.0185032 0.0285652 0.0400581 0.0524743 0.0685517 0.0841279 0.0909305 0.0946263 0.0967788 0.0978861 0.0981381 0.0975823 0.096156 0.0936451 0.0894988 0.0820167 0.0679247 0.0561549 0.0468057 0.0382063 0.0304748 0.0237357 0.0180335 0.0133447 0.00959068 0.00664126 0.00432559 0.00250402 0.00118072 0.000422349 0.000113975 2.41926e-05 4.18604e-06 5.87746e-07 6.17831e-08 3.51516e-09 0 
0 0.000815692 0.00404791 0.00946282 0.0168922 0.0260827 0.0365799 0.0478124 0.0597478 0.0755615 0.0860372 0.0908609 0.0934805 0.094783 0.0950644 0.0943908 0.0926579 0.0894988 0.0838576 0.0724783 0.0602756 0.0512039 0.0427478 0.0348949 0.0278332 0.0216776 0.0164685 0.0121839 0.00874846 0.00603665 0.00389054 0.00220284 0.00100624 0.000349238 9.24975e-05 1.95042e-05 3.37936e-06 4.77144e-07 5.05408e-08 2.90008e-09 0 
0 0.000693042 0.00357267 0.00843495 0.0150743 0.0232821 0.0326563 0.0426793 0.0527981 0.0633292 0.0762769 0.0843797 0.0881387 0.0898797 0.0902267 0.0892975 0.086861 0.0820167 0.0724783 0.0617628 0.0535532 0.0457136 0.0381716 0.0311597 0.0248539 0.0193569 0.0147045 0.0108754 0.00779783 0.00535221 0.00340075 0.00187474 0.000827411 0.000278921 7.27504e-05 1.53002e-05 2.6648e-06 3.79706e-07 4.06572e-08 2.35947e-09 0 
0 0.000564977 0.00306025 0.007343 0.0131508 0.0203199 0.0285067 0.0372597 0.0460697 0.0544488 0.0625396 0.0713599 0.0779007 0.0809619 0.0815071 0.0798186 0.075347 0.0679247 0.0602756 0.0535532 0.046745 0.0399173 0.0333325 0.0272103 0.0217047 0.0169051 0.0128421 0.00949487 0.00679502 0.00463388 0.0029005 0.0015603 0.00067022 0.000221733 5.75059e-05 1.21486e-05 2.13719e-06 3.08282e-07 3.34309e-08 1.96393e-09 0 
0 0.000439628 0.00253249 0.00623513 0.0112141 0.0173399 0.0243329 0.0318092 0.0393332 0.0464579 0.0527811 0.0581141 0.0625502 0.0654633 0.0660341 0.0641829 0.0605614 0.0561549 0.0512039 0.0457136 0.0399173 0.0340881 0.0284663 0.0232397 0.0185404 0.0144452 0.0109801 0.00812346 0.00581131 0.00395162 0.00245901 0.00131325 0.000561396 0.000185944 4.85587e-05 1.03619e-05 1.84264e-06 2.68518e-07 2.93823e-08 1.73926e-09 0 
0 0.000324462 0.00201075 0.00514934 0.00934129 0.0144645 0.0203067 0.0265519 0.0328367 0.0387872 0.0440509 0.048329 0.0514038 0.0531369 0.0534493 0.0523782 0.0500928 0.0468057 0.0427478 0.0381716 0.0333325 0.0284663 0.0237739 0.0194136 0.0155 0.0121081 0.00926778 0.00694262 0.0050388 0.00346825 0.00218715 0.00119192 0.000521806 0.000176201 4.65428e-05 9.98149e-06 1.77685e-06 2.58617e-07 2.82267e-08 1.66509e-09 0 
0 0.000225458 0.00151697 0.00411269 0.00758874 0.0117881 0.0165623 0.0216634 0.0267964 0.0316562 0.0359548 0.0394455 0.0419421 0.0433318 0.0435796 0.0427268 0.040882 0.0382063 0.0348949 0.0311597 0.0272103 0.0232397 0.0194136 0.0158696 0.0127392 0.0101736 0.00826563 0.00682734 0.00541624 0.00384152 0.00237182 0.00127155 0.000562946 0.000192583 5.07987e-05 1.07619e-05 1.88447e-06 2.69611e-07 2.89446e-08 1.68124e-09 0 
0 0.00014631 0.00107404 0.00314484 0.00598885 0.00937371 0.0131928 0.0172665 0.0213643 0.0252436 0.0286748 0.0314612 0.033454 0.0345632 0.0347612 0.0340812 0.0326096 0.0304748 0.0278332 0.0248539 0.0217047 0.0185404 0.0155 0.0127392 0.0105635 0.00957153 0.0102014 0.0114559 0.0110121 0.00803571 0.00437672 0.00190857 0.000729619 0.000234782 5.957e-05 1.21653e-05 2.06105e-06 2.86488e-07 2.99871e-08 1.7033e-09 0 
0 8.79321e-05 0.000703431 0.00226625 0.00455157 0.00724962 0.010249 0.0134314 0.0166283 0.0196537 0.0223293 0.024502 0.0260559 0.026921 0.0270756 0.0265459 0.0253991 0.0237357 0.0216776 0.0193569 0.0169051 0.0144452 0.0121081 0.0101736 0.00957153 0.0124274 0.0203551 0.0371448 0.0449018 0.024393 0.0118359 0.00425091 0.00121577 0.000315199 7.1032e-05 1.34645e-05 2.17252e-06 2.91776e-07 2.97198e-08 1.64971e-09 0 
0 4.8553e-05 0.000419849 0.00150606 0.0032762 0.00540946 0.00773903 0.0101789 0.012618 0.0149227 0.0169599 0.0186138 0.0197967 0.0204553 0.0205734 0.0201706 0.0192985 0.0180335 0.0164685 0.0147045 0.0128421 0.0109801 0.00926778 0.00826563 0.0102014 0.0203551 0.0529134 0.0767704 0.078588 0.0711193 0.0285006 0.00926674 0.00223398 0.000449682 8.31974e-05 1.39413e-05 2.10292e-06 2.72327e-07 2.70767e-08 1.47454e-09 0 
0 2.44622e-05 0.000225363 0.000900124 0.00217364 0.00382493 0.00562851 0.00748154 0.00931041 0.0110285 0.0125436 0.0137726 0.0146512 0.0151405 0.0152285 0.01493 0.0142831 0.0133447 0.0121839 0.0108754 0.00949487 0.00812346 0.00694262 0.00682734 0.0114559 0.0371448 0.0767704 0.0838193 0.084648 0.0810922 0.0628753 0.0149924 0.00338643 0.000586293 8.98567e-05 1.29955e-05 1.80875e-06 2.26192e-07 2.20962e-08 1.1886e-09 0 
0 1.11885e-05 0.000107776 0.000472763 0.00128272 0.00248008 0.00385725 0.00526627 0.00663171 0.00789661 0.0090033 0.00989735 0.0105354 0.0108905 0.0109547 0.0107389 0.0102707 0.00959068 0.00874846 0.00779783 0.00679502 0.00581131 0.0050388 0.00541624 0.0110121 0.0449018 0.078588 0.084648 0.0854963 0.0826018 0.070923 0.0176033 0.00366286 0.000595365 8.10393e-05 1.03821e-05 1.34552e-06 1.63987e-07 1.58915e-08 8.51738e-10 0 
0 4.63156e-06 4.57266e-05 0.000214992 0.000650087 0.00140785 0.00238884 0.00344289 0.00446682 0.00540239 0.00620954 0.0068552 0.0073133 0.0075677 0.00761425 0.00746109 0.00712744 0.00664126 0.00603665 0.00535221 0.00463388 0.00395162 0.00346825 0.00384152 0.00803571 0.024393 0.0711193 0.0810922 0.0826018 0.0775213 0.046739 0.0121844 0.00270723 0.000433558 5.61149e-05 6.75529e-06 8.45878e-07 1.02495e-07 9.97684e-09 5.37947e-10 0 
0 1.73323e-06 1.72213e-05 8.43756e-05 0.000276978 0.000668489 0.0012615 0.00197703 0.00271584 0.00340452 0.00399831 0.00446995 0.00480241 0.00498663 0.00502134 0.00491289 0.00467456 0.00432559 0.00389054 0.00340075 0.0029005 0.00245901 0.00218715 0.00237182 0.00437672 0.0118359 0.0285006 0.0628753 0.070923 0.046739 0.0183063 0.00604011 0.00135702 0.000220693 2.86517e-05 3.47534e-06 4.43746e-07 5.49089e-08 5.44284e-09 2.98106e-10 0 
0 5.86343e-07 5.77785e-06 2.87585e-05 9.91285e-05 0.000259342 0.00053987 0.000931298 0.00138586 0.00184423 0.00225753 0.00259324 0.00283246 0.0029662 0.00299293 0.00291725 0.00274919 0.00250402 0.00220284 0.00187474 0.0015603 0.00131325 0.00119192 0.00127155 0.00190857 0.00425091 0.00926674 0.0149924 0.0176033 0.0121844 0.00604011 0.00201693 0.000466497 7.8958e-05 1.08191e-05 1.4206e-06 1.94921e-07 2.52324e-08 2.57805e-09 1.44682e-10 0 
0 1.7933e-07 1.73429e-06 8.60237e-06 3.02281e-05 8.27521e-05 0.000184346 0.000344433 0.000554921 0.000791707 0.00102427 0.00122504 0.00137411 0.00145995 0.00147851 0.00143212 0.00132857 0.00118072 0.00100624 0.000827411 0.00067022 0.000561396 0.000521806 0.000562946 0.000729619 0.00121577 0.00223398 0.00338643 0.00366286 0.00270723 0.00135702 0.000466497 0.000113179 2.05566e-05 3.16286e-06 4.78559e-07 7.28345e-08 9.99532e-09 1.06155e-09 6.14756e-11 0 
0 4.95322e-08 4.66965e-07 2.27926e-06 7.99544e-06 2.22411e-05 5.12573e-05 0.000100507 0.00017125 0.000258442 0.000351583 0.000437824 0.000505377 0.000545858 0.000555312 0.000534288 0.000487363 0.000422349 0.000349238 0.000278921 0.000221733 0.000185944 0.000176201 0.000192583 0.000234782 0.000315199 0.000449682 0.000586293 0.000595365 0.000433558 0.000220693 7.8958e-05 2.05566e-05 4.22578e-06 7.77542e-07 1.3925e-07 2.35345e-08 3.4306e-09 3.80522e-10 2.2858e-11 0 
0 1.2307e-08 1.12675e-07 5.37226e-07 1.85757e-06 5.15099e-06 1.19775e-05 2.39589e-05 4.19847e-05 6.54278e-05 9.18816e-05 0.000117636 0.00013867 0.000151698 0.000154936 0.000148398 0.000133773 0.000113975 9.24975e-05 7.27504e-05 5.75059e-05 4.85587e-05 4.65428e-05 5.07987e-05 5.957e-05 7.1032e-05 8.31974e-05 8.98567e-05 8.10393e-05 5.61149e-05 2.86517e-05 1.08191e-05 3.16286e-06 7.77542e-07 1.73823e-07 3.59589e-08 6.62357e-09 1.02197e-09 1.1866e-10 7.41922e-12 0 
0 2.72514e-09 2.41877e-08 1.12239e-07 3.79961e-07 1.03917e-06 2.40228e-06 4.81386e-06 8.50403e-06 1.34168e-05 1.91098e-05 2.48009e-05 2.95603e-05 3.2571e-05 3.33562e-05 3.18944e-05 2.86005e-05 2.41926e-05 1.95042e-05 1.53002e-05 1.21486e-05 1.03619e-05 9.98149e-06 1.07619e-05 1.21653e-05 1.34645e-05 1.39413e-05 1.29955e-05 1.03821e-05 6.75529e-06 3.47534e-06 1.4206e-06 4.78559e-07 1.3925e-07 3.59589e-08 8.20864e-09 1.61695e-09 2.63087e-10 3.2003e-11 2.08681e-12 0 
0 5.2721e-10 4.53525e-09 2.04543e-08 6.7587e-08 1.81367e-07 4.13696e-07 8.22459e-07 1.44843e-06 2.2866e-06 3.26677e-06 4.25715e-06 5.09456e-06 5.63074e-06 5.77614e-06 5.52458e-06 4.95099e-06 4.18604e-06 3.37936e-06 2.6648e-06 2.13719e-06 1.84264e-06 1.77685e-06 1.88447e-06 2.06105e-06 2.17252e-06 2.10292e-06 1.80875e-06 1.34552e-06 8.45878e-07 4.43746e-07 1.94921e-07 7.28345e-08 2.35345e-08 6.62357e-09 1.61695e-09 3.3688e-10 5.76432e-11 7.3447e-12 4.99805e-13 0 
0 8.54165e-11 7.12613e-10 3.12401e-09 1.00671e-08 2.6452e-08 5.93359e-08 1.16505e-07 2.03431e-07 3.19473e-07 4.55193e-07 5.9266e-07 7.09384e-07 7.84655e-07 8.05776e-07 7.71717e-07 6.92925e-07 5.87746e-07 4.77144e-07 3.79706e-07 3.08282e-07 2.68518e-07 2.58617e-07 2.69611e-07 2.86488e-07 2.91776e-07 2.72327e-07 2.26192e-07 1.63987e-07 1.02495e-07 5.49089e-08 2.52324e-08 9.99532e-09 3.4306e-09 1.02197e-09 2.63087e-10 5.76432e-11 1.03475e-11 1.3795e-12 9.79371e-14 0 
0 1.04667e-11 8.47921e-11 3.6166e-10 1.13706e-09 2.92458e-09 6.44465e-09 1.24754e-08 2.15484e-08 3.35754e-08 4.75852e-08 6.17542e-08 7.37961e-08 8.15984e-08 8.38582e-08 8.04621e-08 7.24758e-08 6.17831e-08 5.05408e-08 4.06572e-08 3.34309e-08 2.93823e-08 2.82267e-08 2.89446e-08 2.99871e-08 2.97198e-08 2.70767e-08 2.20962e-08 1.58915e-08 9.97684e-09 5.44284e-09 2.57805e-09 1.06155e-09 3.80522e-10 1.1866e-10 3.2003e-11 7.3447e-12 1.3795e-12 1.92088e-13 1.42125e-14 0 
0 6.9341e-13 5.46327e-12 2.27041e-11 6.97192e-11 1.75647e-10 3.80294e-10 7.2555e-10 1.23884e-09 1.91337e-09 2.69456e-09 3.48207e-09 4.15097e-09 4.58597e-09 4.71586e-09 4.53427e-09 4.09954e-09 3.51516e-09 2.90008e-09 2.35947e-09 1.96393e-09 1.73926e-09 1.66509e-09 1.68124e-09 1.7033e-09 1.64971e-09 1.47454e-09 1.1886e-09 8.51738e-10 5.37947e-10 2.98106e-10 1.44682e-10 6.14756e-11 2.2858e-11 7.41922e-12 2.08681e-12 4.99805e-13 9.79371e-14 1.42125e-14 1.09424e-15 0 
0 0 0 0 0 0 0 0 0 0 0 0 0 0 0 0 0 0 0 0 0 0 0 0 0 0 0 0 0 0 0 0 0 0 0 0 0 0 0 0 0 
