0 0 0 0 0 0 0 0 0 0 0 0 0 0 0 0 0 0 0 0 0 0 0 0 0 0 0 0 0 0 0 0 0 0 0 0 0 0 0 0 0 
0 7.41131e-10 6.9826e-09 3.44228e-08 1.23845e-07 3.59714e-07 8.81216e-07 1.86428e-06 3.45899e-06 5.69577e-06 8.40823e-06 1.12268e-05 1.36626e-05 1.52497e-05 1.56867e-05 1.492e-05 1.31459e-05 1.0737e-05 8.1269e-06 5.69522e-06 3.69079e-06 2.20928e-06 1.22052e-06 6.22109e-07 2.92643e-07 1.27155e-07 5.11e-08 1.90238e-08 6.57184e-09 2.10979e-09 6.30074e-10 1.75074e-10 4.52093e-11 1.08145e-11 2.38082e-12 4.76562e-13 8.4796e-14 1.28222e-14 1.48454e-15 9.38742e-17 0 
0 6.9826e-09 6.84958e-08 3.50953e-07 1.30695e-06 3.90522e-06 9.76639e-06 2.09156e-05 3.89689e-05 6.40146e-05 9.38705e-05 0.000124292 0.000150095 0.000166649 0.000171116 0.000163071 0.000144441 0.000118873 9.07399e-05 6.40788e-05 4.17437e-05 2.50219e-05 1.37765e-05 6.96212e-06 3.23085e-06 1.37869e-06 5.42117e-07 1.96905e-07 6.62272e-08 2.06729e-08 5.99883e-09 1.61934e-09 4.06353e-10 9.45165e-11 2.02501e-11 3.94887e-12 6.85314e-13 1.01198e-13 1.14563e-14 7.09231e-16 0 
0 3.44228e-08 3.50953e-07 1.86342e-06 7.14562e-06 2.17759e-05 5.4874e-05 0.000116895 0.000214182 0.000343338 0.000489868 0.000632204 0.000748152 0.000820341 0.000839252 0.000804049 0.000721912 0.000606311 0.000474461 0.000344063 0.000229819 0.000140609 7.84743e-05 3.98723e-05 1.84495e-05 7.79179e-06 3.01384e-06 1.07188e-06 3.51876e-07 1.06985e-07 3.02039e-08 7.92917e-09 1.93527e-09 4.3806e-10 9.14133e-11 1.73809e-11 2.94459e-12 4.25007e-13 4.7089e-14 2.85676e-15 0 
0 1.23845e-07 1.30695e-06 7.14562e-06 2.79253e-05 8.54033e-05 0.000211965 0.000436708 0.000763906 0.00116333 0.00158136 0.00196063 0.00225403 0.00243038 0.00247506 0.00238869 0.0021853 0.00189017 0.00153741 0.0011666 0.000817713 0.000523918 0.000304043 0.000158887 7.46654e-05 3.16383e-05 1.21543e-05 4.26066e-06 1.3714e-06 4.0746e-07 1.12196e-07 2.87016e-08 6.8252e-09 1.50577e-09 3.06484e-10 5.68952e-11 9.42182e-12 1.33093e-12 1.44505e-13 8.60209e-15 0 
0 3.59714e-07 3.90522e-06 2.17759e-05 8.54033e-05 0.000256171 0.000608233 0.00117654 0.0019197 0.00274124 0.00353626 0.00421893 0.00472859 0.00502826 0.00510233 0.00495445 0.00460519 0.00408918 0.00345239 0.0027497 0.00204265 0.00139492 0.000862012 0.0004756 0.000232558 0.000100824 3.90202e-05 1.36143e-05 4.32516e-06 1.26166e-06 3.40027e-07 8.50018e-08 1.9741e-08 4.25388e-09 8.46152e-10 1.5364e-10 2.49125e-11 3.44986e-12 3.67652e-13 2.15085e-14 0 
0 8.81216e-07 9.76639e-06 5.4874e-05 0.000211965 0.000608233 0.00134783 0.00241132 0.00366595 0.00495477 0.006148 0.00714824 0.0078857 0.0083163 0.0084216 0.00820796 0.00770388 0.00695574 0.00602268 0.00497194 0.00387614 0.00281304 0.00186434 0.00110448 0.000574614 0.000260524 0.00010338 3.63543e-05 1.14969e-05 3.31202e-06 8.77444e-07 2.15088e-07 4.89279e-08 1.03245e-08 2.01174e-09 3.58075e-10 5.69692e-11 7.74918e-12 8.1215e-13 4.67829e-14 0 
0 1.86428e-06 2.09156e-05 0.000116895 0.000436708 0.00117654 0.00241132 0.00401453 0.00578124 0.00753346 0.00913143 0.0104632 0.011443 0.0120147 0.0121545 0.0118711 0.0112024 0.0102094 0.00896918 0.0075665 0.00608781 0.00461847 0.00324568 0.00206208 0.00115293 0.000555956 0.000230149 8.2705e-05 2.62903e-05 7.52987e-06 1.97055e-06 4.75492e-07 1.06295e-07 2.20291e-08 4.21612e-09 7.37497e-10 1.15406e-10 1.54555e-11 1.5966e-12 9.0763e-14 0 
0 3.45899e-06 3.89689e-05 0.000214182 0.000763906 0.0019197 0.00366595 0.00578124 0.00803568 0.0102452 0.0122535 0.0139263 0.0151575 0.0158767 0.016054 0.0157001 0.0148626 0.0136183 0.0120641 0.0103058 0.00844903 0.00659224 0.00482612 0.00324166 0.00193787 0.00099945 0.000436785 0.000162365 5.23779e-05 1.50176e-05 3.90187e-06 9.30561e-07 2.05145e-07 4.18891e-08 7.89812e-09 1.3616e-09 2.1014e-10 2.77829e-11 2.83659e-12 1.59576e-13 0 
0 5.69577e-06 6.40146e-05 0.000343338 0.00116333 0.00274124 0.00495477 0.00753346 0.0102452 0.0128944 0.0153018 0.017308 0.018786 0.0196512 0.0198673 0.0194469 0.0184468 0.0169593 0.0151004 0.0129975 0.0107768 0.00855393 0.00642862 0.00448966 0.00283011 0.00155228 0.000718458 0.000278386 9.18394e-05 2.65217e-05 6.87426e-06 1.62685e-06 3.54948e-07 7.16503e-08 1.33521e-08 2.27577e-09 3.47499e-10 4.55013e-11 4.60668e-12 2.57363e-13 0 
0 8.40823e-06 9.38705e-05 0.000489868 0.00158136 0.00353626 0.006148 0.00913143 0.0122535 0.0153018 0.0180728 0.0203838 0.0220886 0.0230893 0.0233437 0.0228658 0.0217204 0.0200137 0.0178792 0.0154637 0.0129129 0.0103594 0.00791513 0.0056717 0.0037139 0.00214057 0.00104418 0.000422403 0.000143121 4.18177e-05 1.08569e-05 2.55916e-06 5.54588e-07 1.11063e-07 2.05286e-08 3.47191e-09 5.26501e-10 6.85507e-11 6.91207e-12 3.85331e-13 0 
0 1.12268e-05 0.000124292 0.000632204 0.00196063 0.00421893 0.00714824 0.0104632 0.0139263 0.017308 0.0203838 0.0229515 0.0248485 0.0259658 0.0262559 0.0257335 0.0244702 0.0225831 0.0202204 0.0175449 0.0147185 0.0118888 0.00917945 0.00668745 0.00449323 0.00268587 0.00136755 0.000575288 0.000200276 5.93472e-05 1.54812e-05 3.64709e-06 7.87866e-07 1.57137e-07 2.89279e-08 4.87637e-09 7.38002e-10 9.60681e-11 9.70673e-12 5.43733e-13 0 
0 1.36626e-05 0.000150095 0.000748152 0.00225403 0.00472859 0.0078857 0.011443 0.0151575 0.018786 0.0220886 0.0248485 0.026891 0.0280988 0.0284199 0.0278695 0.0265234 0.0245068 0.0219781 0.019112 0.0160824 0.0130481 0.0101418 0.00746625 0.00510064 0.00312563 0.00164255 0.000713138 0.000254324 7.64545e-05 2.00821e-05 4.74369e-06 1.02564e-06 2.04673e-07 3.77273e-08 6.37738e-09 9.69981e-10 1.27256e-10 1.3003e-11 7.39417e-13 0 
0 1.52497e-05 0.000166649 0.000820341 0.00243038 0.00502826 0.0083163 0.0120147 0.0158767 0.0196512 0.0230893 0.0259658 0.0280988 0.0293655 0.0297113 0.0291509 0.0277623 0.0256748 0.0230526 0.0200769 0.0169288 0.0137734 0.0107496 0.00796379 0.00549538 0.00341989 0.00183495 0.000814822 0.000296187 9.02364e-05 2.39109e-05 5.68453e-06 1.23646e-06 2.48474e-07 4.62152e-08 7.90594e-09 1.22142e-09 1.63468e-10 1.71172e-11 1.00186e-12 0 
0 1.56867e-05 0.000171116 0.000839252 0.00247506 0.00510233 0.0084216 0.0121545 0.016054 0.0198673 0.0233437 0.0262559 0.0284199 0.0297113 0.0300741 0.0295221 0.028133 0.0260365 0.0233975 0.0203987 0.0172224 0.0140359 0.0109795 0.00816126 0.00566065 0.003551 0.00192716 0.000867629 0.000319767 9.86448e-05 2.64441e-05 6.36316e-06 1.40354e-06 2.86912e-07 5.45119e-08 9.57302e-09 1.52632e-09 2.11871e-10 2.3102e-11 1.41109e-12 0 
0 1.492e-05 0.000163071 0.000804049 0.00238869 0.00495445 0.00820796 0.0118711 0.0157001 0.0194469 0.0228658 0.0257335 0.0278695 0.0291509 0.0295221 0.0289956 0.0276467 0.0256016 0.0230214 0.0200847 0.0169701 0.0138418 0.0108377 0.00806461 0.00560149 0.00352163 0.00191882 0.000869872 0.00032398 0.000101365 2.76628e-05 6.80609e-06 1.54319e-06 3.26278e-07 6.45351e-08 1.18691e-08 1.99069e-09 2.9125e-10 3.34364e-11 2.1417e-12 0 
0 1.31459e-05 0.000144441 0.000721912 0.0021853 0.00460519 0.00770388 0.0112024 0.0148626 0.0184468 0.0217204 0.0244702 0.0265234 0.0277623 0.028133 0.0276467 0.0263743 0.0244353 0.0219828 0.0191865 0.0162167 0.0132297 0.0103575 0.00770253 0.00534269 0.00335257 0.00182546 0.00083092 0.00031329 0.000100185 2.82127e-05 7.23022e-06 1.72311e-06 3.85987e-07 8.13293e-08 1.59623e-08 2.84985e-09 4.41022e-10 5.30699e-11 3.52646e-12 0 
0 1.0737e-05 0.000118873 0.000606311 0.00189017 0.00408918 0.00695574 0.0102094 0.0136183 0.0169593 0.0200137 0.0225831 0.0245068 0.0256748 0.0260365 0.0256016 0.0244353 0.022648 0.0203812 0.0177921 0.0150384 0.012265 0.00959446 0.0071229 0.00492616 0.00308042 0.00167615 0.000769483 0.000297045 9.8932e-05 2.94808e-05 8.09897e-06 2.0867e-06 5.06614e-07 1.15236e-07 2.41868e-08 4.55927e-09 7.34707e-10 9.08624e-11 6.13508e-12 0 
0 8.1269e-06 9.07399e-05 0.000474461 0.00153741 0.00345239 0.00602268 0.00896918 0.0120641 0.0151004 0.0178792 0.0202204 0.0219781 0.0230526 0.0233975 0.0230214 0.0219828 0.0203812 0.0183443 0.016014 0.0135328 0.0110313 0.00862039 0.00638812 0.00440761 0.00275453 0.00151015 0.000710903 0.000288379 0.000103406 3.37657e-05 1.02402e-05 2.90204e-06 7.65297e-07 1.85785e-07 4.08472e-08 7.92939e-09 1.29743e-09 1.61148e-10 1.08397e-11 0 
0 5.69522e-06 6.40788e-05 0.000344063 0.0011666 0.0027497 0.00497194 0.0075665 0.0103058 0.0129975 0.0154637 0.0175449 0.019112 0.0200769 0.0203987 0.0200847 0.0191865 0.0177921 0.016014 0.0139777 0.0118087 0.00962204 0.00751584 0.00556961 0.00385212 0.00243243 0.00137225 0.000684478 0.00030389 0.000122033 4.48662e-05 1.51394e-05 4.66728e-06 1.30511e-06 3.2823e-07 7.33769e-08 1.42834e-08 2.32077e-09 2.84368e-10 1.87919e-11 0 
0 3.69079e-06 4.17437e-05 0.000229819 0.000817713 0.00204265 0.00387614 0.00608781 0.00844903 0.0107768 0.0129129 0.0147185 0.0160824 0.0169288 0.0172224 0.0169701 0.0162167 0.0150384 0.0135328 0.0118087 0.00997468 0.0081309 0.00636295 0.0047417 0.00332761 0.0021725 0.00130736 0.000722244 0.000365383 0.000168107 6.95279e-05 2.55695e-05 8.31051e-06 2.38299e-06 6.02224e-07 1.33447e-07 2.55268e-08 4.05502e-09 4.8446e-10 3.11796e-11 0 
0 2.20928e-06 2.50219e-05 0.000140609 0.000523918 0.00139492 0.00281304 0.00461847 0.00659224 0.00855393 0.0103594 0.0118888 0.0130481 0.0137734 0.0140359 0.0138418 0.0132297 0.012265 0.0110313 0.00962204 0.0081309 0.0066448 0.00523884 0.00397406 0.00289517 0.00202455 0.0013561 0.000860727 0.000505153 0.000265101 0.000120692 4.68904e-05 1.55388e-05 4.43189e-06 1.09783e-06 2.36607e-07 4.38585e-08 6.74271e-09 7.79789e-10 4.86334e-11 0 
0 1.22052e-06 1.37765e-05 7.84743e-05 0.000304043 0.000862012 0.00186434 0.00324568 0.00482612 0.00642862 0.00791513 0.00917945 0.0101418 0.0107496 0.0109795 0.0108377 0.0103575 0.00959446 0.00862039 0.00751584 0.00636295 0.00523884 0.00420935 0.00332198 0.00259729 0.00202308 0.00155946 0.00115822 0.00079064 0.000468719 0.000230182 9.16542e-05 2.98519e-05 8.17535e-06 1.93217e-06 3.9801e-07 7.07399e-08 1.04573e-08 1.16602e-09 7.03081e-11 0 
0 6.22109e-07 6.96212e-06 3.98723e-05 0.000158887 0.0004756 0.00110448 0.00206208 0.00324166 0.00448966 0.0056717 0.00668745 0.00746625 0.00796379 0.00816126 0.00806461 0.00770253 0.0071229 0.00638812 0.00556961 0.0047417 0.00397406 0.00332198 0.00281531 0.00245286 0.0022097 0.00204066 0.00185024 0.00150953 0.00101013 0.000522323 0.000204536 6.18499e-05 1.52607e-05 3.26714e-06 6.24395e-07 1.05069e-07 1.48675e-08 1.59616e-09 9.30521e-11 0 
0 2.92643e-07 3.23085e-06 1.84495e-05 7.46654e-05 0.000232558 0.000574614 0.00115293 0.00193787 0.00283011 0.0037139 0.00449323 0.00510064 0.00549538 0.00566065 0.00560149 0.00534269 0.00492616 0.00440761 0.00385212 0.00332761 0.00289517 0.00259729 0.00245286 0.00248369 0.00278169 0.00343975 0.00412775 0.00404351 0.00292277 0.00150721 0.000554349 0.000148456 3.07553e-05 5.47677e-06 9.12711e-07 1.41691e-07 1.90804e-08 1.97356e-09 1.11482e-10 0 
0 1.27155e-07 1.37869e-06 7.79179e-06 3.16383e-05 0.000100824 0.000260524 0.000555956 0.00099945 0.00155228 0.00214057 0.00268587 0.00312563 0.00341989 0.003551 0.00352163 0.00335257 0.00308042 0.00275453 0.00243243 0.0021725 0.00202455 0.00202308 0.0022097 0.00278169 0.00438526 0.00766658 0.0113351 0.0121439 0.00895659 0.00449995 0.00155328 0.000375259 6.59649e-05 9.36853e-06 1.2608e-06 1.72212e-07 2.18127e-08 2.17719e-09 1.1967e-10 0 
0 5.11e-08 5.42117e-07 3.01384e-06 1.21543e-05 3.90202e-05 0.00010338 0.000230149 0.000436785 0.000718458 0.00104418 0.00136755 0.00164255 0.00183495 0.00192716 0.00191882 0.00182546 0.00167615 0.00151015 0.00137225 0.00130736 0.0013561 0.00155946 0.00204066 0.00343975 0.00766658 0.0164121 0.0262266 0.0288334 0.0213455 0.0105898 0.00353642 0.000806058 0.000128304 1.53169e-05 1.63632e-06 1.87562e-07 2.19654e-08 2.12e-09 1.14063e-10 0 
0 1.90238e-08 1.96905e-07 1.07188e-06 4.26066e-06 1.36143e-05 3.63543e-05 8.2705e-05 0.000162365 0.000278386 0.000422403 0.000575288 0.000713138 0.000814822 0.000867629 0.000869872 0.00083092 0.000769483 0.000710903 0.000684478 0.000722244 0.000860727 0.00115822 0.00185024 0.00412775 0.0113351 0.0262266 0.0429112 0.047515 0.0352062 0.017395 0.00573699 0.00127315 0.000192864 2.08594e-05 1.87322e-06 1.79596e-07 1.9265e-08 1.80564e-09 9.58214e-11 0 
0 6.57184e-09 6.62272e-08 3.51876e-07 1.3714e-06 4.32516e-06 1.14969e-05 2.62903e-05 5.23779e-05 9.18394e-05 0.000143121 0.000200276 0.000254324 0.000296187 0.000319767 0.00032398 0.00031329 0.000297045 0.000288379 0.00030389 0.000365383 0.000505153 0.00079064 0.00150953 0.00404351 0.0121439 0.0288334 0.047515 0.0527233 0.0390746 0.0192817 0.00633259 0.00139019 0.000205815 2.12072e-05 1.72452e-06 1.45341e-07 1.45165e-08 1.33542e-09 7.05549e-11 0 
0 2.10979e-09 2.06729e-08 1.06985e-07 4.0746e-07 1.26166e-06 3.31202e-06 7.52987e-06 1.50176e-05 2.65217e-05 4.18177e-05 5.93472e-05 7.64545e-05 9.02364e-05 9.86448e-05 0.000101365 0.000100185 9.8932e-05 0.000103406 0.000122033 0.000168107 0.000265101 0.000468719 0.00101013 0.00292277 0.00895659 0.0213455 0.0352062 0.0390746 0.0289596 0.0142876 0.00468861 0.00102578 0.000150459 1.52101e-05 1.19014e-06 9.52113e-08 9.27092e-09 8.53356e-10 4.53762e-11 0 
0 6.30074e-10 5.99883e-09 3.02039e-08 1.12196e-07 3.40027e-07 8.77444e-07 1.97055e-06 3.90187e-06 6.87426e-06 1.08569e-05 1.54812e-05 2.00821e-05 2.39109e-05 2.64441e-05 2.76628e-05 2.82127e-05 2.94808e-05 3.37657e-05 4.48662e-05 6.95279e-05 0.000120692 0.000230182 0.000522323 0.00150721 0.00449995 0.0105898 0.017395 0.0192817 0.0142876 0.00705294 0.00231725 0.000507172 7.43252e-05 7.52866e-06 5.97038e-07 4.93891e-08 4.9871e-09 4.70337e-10 2.54526e-11 0 
0 1.75074e-10 1.61934e-09 7.92917e-09 2.87016e-08 8.50018e-08 2.15088e-07 4.75492e-07 9.30561e-07 1.62685e-06 2.55916e-06 3.64709e-06 4.74369e-06 5.68453e-06 6.36316e-06 6.80609e-06 7.23022e-06 8.09897e-06 1.02402e-05 1.51394e-05 2.55695e-05 4.68904e-05 9.16542e-05 0.000204536 0.000554349 0.00155328 0.00353642 0.00573699 0.00633259 0.00468861 0.00231725 0.000763179 0.000167559 2.47533e-05 2.5742e-06 2.19582e-07 2.05357e-08 2.27272e-09 2.2397e-10 1.24543e-11 0 
0 4.52093e-11 4.06353e-10 1.93527e-09 6.8252e-09 1.9741e-08 4.89279e-08 1.06295e-07 2.05145e-07 3.54948e-07 5.54588e-07 7.87866e-07 1.02564e-06 1.23646e-06 1.40354e-06 1.54319e-06 1.72311e-06 2.0867e-06 2.90204e-06 4.66728e-06 8.31051e-06 1.55388e-05 2.98519e-05 6.18499e-05 0.000148456 0.000375259 0.000806058 0.00127315 0.00139019 0.00102578 0.000507172 0.000167559 3.71063e-05 5.61889e-06 6.25824e-07 6.24386e-08 7.13755e-09 8.89563e-10 9.24764e-11 5.32105e-12 0 
0 1.08145e-11 9.45165e-11 4.3806e-10 1.50577e-09 4.25388e-09 1.03245e-08 2.20291e-08 4.18891e-08 7.16503e-08 1.11063e-07 1.57137e-07 2.04673e-07 2.48474e-07 2.86912e-07 3.26278e-07 3.85987e-07 5.06614e-07 7.65297e-07 1.30511e-06 2.38299e-06 4.43189e-06 8.17535e-06 1.52607e-05 3.07553e-05 6.59649e-05 0.000128304 0.000192864 0.000205815 0.000150459 7.43252e-05 2.47533e-05 5.61889e-06 9.0695e-07 1.17382e-07 1.51316e-08 2.17314e-09 3.026e-10 3.3205e-11 1.98587e-12 0 
0 2.38082e-12 2.02501e-11 9.14133e-11 3.06484e-10 8.46152e-10 2.01174e-09 4.21612e-09 7.89812e-09 1.33521e-08 2.05286e-08 2.89279e-08 3.77273e-08 4.62152e-08 5.45119e-08 6.45351e-08 8.13293e-08 1.15236e-07 1.85785e-07 3.2823e-07 6.02224e-07 1.09783e-06 1.93217e-06 3.26714e-06 5.47677e-06 9.36853e-06 1.53169e-05 2.08594e-05 2.12072e-05 1.52101e-05 7.52866e-06 2.5742e-06 6.25824e-07 1.17382e-07 1.98011e-08 3.43053e-09 5.91715e-10 8.97449e-11 1.03667e-11 6.46171e-13 0 
0 4.76562e-13 3.94887e-12 1.73809e-11 5.68952e-11 1.5364e-10 3.58075e-10 7.37497e-10 1.3616e-09 2.27577e-09 3.47191e-09 4.87637e-09 6.37738e-09 7.90594e-09 9.57302e-09 1.18691e-08 1.59623e-08 2.41868e-08 4.08472e-08 7.33769e-08 1.33447e-07 2.36607e-07 3.9801e-07 6.24395e-07 9.12711e-07 1.2608e-06 1.63632e-06 1.87322e-06 1.72452e-06 1.19014e-06 5.97038e-07 2.19582e-07 6.24386e-08 1.51316e-08 3.43053e-09 7.37705e-10 1.42557e-10 2.30638e-11 2.79798e-12 1.82033e-13 0 
0 8.4796e-14 6.85314e-13 2.94459e-12 9.42182e-12 2.49125e-11 5.69692e-11 1.15406e-10 2.1014e-10 3.47499e-10 5.26501e-10 7.38002e-10 9.69981e-10 1.22142e-09 1.52632e-09 1.99069e-09 2.84985e-09 4.55927e-09 7.92939e-09 1.42834e-08 2.55268e-08 4.38585e-08 7.07399e-08 1.05069e-07 1.41691e-07 1.72212e-07 1.87562e-07 1.79596e-07 1.45341e-07 9.52113e-08 4.93891e-08 2.05357e-08 7.13755e-09 2.17314e-09 5.91715e-10 1.42557e-10 2.95683e-11 5.04921e-12 6.42312e-13 4.36366e-14 0 
0 1.28222e-14 1.01198e-13 4.25007e-13 1.33093e-12 3.44986e-12 7.74918e-12 1.54555e-11 2.77829e-11 4.55013e-11 6.85507e-11 9.60681e-11 1.27256e-10 1.63468e-10 2.11871e-10 2.9125e-10 4.41022e-10 7.34707e-10 1.29743e-09 2.32077e-09 4.05502e-09 6.74271e-09 1.04573e-08 1.48675e-08 1.90804e-08 2.18127e-08 2.19654e-08 1.9265e-08 1.45165e-08 9.27092e-09 4.9871e-09 2.27272e-09 8.89563e-10 3.026e-10 8.97449e-11 2.30638e-11 5.04921e-12 9.05671e-13 1.20624e-13 8.55368e-15 0 
0 1.48454e-15 1.14563e-14 4.7089e-14 1.44505e-13 3.67652e-13 8.1215e-13 1.5966e-12 2.83659e-12 4.60668e-12 6.91207e-12 9.70673e-12 1.3003e-11 1.71172e-11 2.3102e-11 3.34364e-11 5.30699e-11 9.08624e-11 1.61148e-10 2.84368e-10 4.8446e-10 7.79789e-10 1.16602e-09 1.59616e-09 1.97356e-09 2.17719e-09 2.12e-09 1.80564e-09 1.33542e-09 8.53356e-10 4.70337e-10 2.2397e-10 9.24764e-11 3.3205e-11 1.03667e-11 2.79798e-12 6.42312e-13 1.20624e-13 1.67884e-14 1.24125e-15 0 
0 9.38742e-17 7.09231e-16 2.85676e-15 8.60209e-15 2.15085e-14 4.67829e-14 9.0763e-14 1.59576e-13 2.57363e-13 3.85331e-13 5.43733e-13 7.39417e-13 1.00186e-12 1.41109e-12 2.1417e-12 3.52646e-12 6.13508e-12 1.08397e-11 1.87919e-11 3.11796e-11 4.86334e-11 7.03081e-11 9.30521e-11 1.11482e-10 1.1967e-10 1.14063e-10 9.58214e-11 7.05549e-11 4.53762e-11 2.54526e-11 1.24543e-11 5.32105e-12 1.98587e-12 6.46171e-13 1.82033e-13 4.36366e-14 8.55368e-15 1.24125e-15 9.55322e-17 0 
0 0 0 0 0 0 0 0 0 0 0 0 0 0 0 0 0 0 0 0 0 0 0 0 0 0 0 0 0 0 0 0 0 0 0 0 0 0 0 0 0 
