0 0 0 0 0 0 0 0 0 0 0 0 0 0 0 0 0 0 0 0 0 0 0 0 0 0 0 0 0 0 0 0 0 0 0 0 0 0 0 0 0 
0 2.62874e-11 2.49874e-10 1.25302e-09 4.62873e-09 1.39384e-08 3.572e-08 7.96276e-08 1.56387e-07 2.72878e-07 4.25693e-07 5.96788e-07 7.55219e-07 8.66052e-07 9.02969e-07 8.58312e-07 7.4542e-07 5.92478e-07 4.31559e-07 2.8841e-07 1.77045e-07 9.99602e-08 5.19879e-08 2.4951e-08 1.10731e-08 4.55409e-09 1.73971e-09 6.1865e-10 2.05191e-10 6.35743e-11 1.84157e-11 4.98694e-12 1.26054e-12 2.96334e-13 6.43427e-14 1.2743e-14 2.24977e-15 3.38408e-16 3.90648e-17 2.46823e-18 0 
0 2.49874e-10 2.4669e-09 1.28455e-08 4.92026e-08 1.53236e-07 4.04726e-07 9.25935e-07 1.85763e-06 3.29542e-06 5.2033e-06 7.35439e-06 9.35334e-06 1.07532e-05 1.12188e-05 1.06539e-05 9.22912e-06 7.3036e-06 5.28513e-06 3.49985e-06 2.1227e-06 1.18051e-06 6.02947e-07 2.83393e-07 1.22867e-07 4.92688e-08 1.83226e-08 6.33645e-09 2.04265e-09 6.14996e-10 1.73147e-10 4.55938e-11 1.12149e-11 2.56797e-12 5.43687e-13 1.05119e-13 1.81408e-14 2.67082e-15 3.02183e-16 1.87396e-17 0 
0 1.25302e-09 1.28455e-08 6.9438e-08 2.75631e-07 8.86826e-07 2.40928e-06 5.63964e-06 1.15092e-05 2.06496e-05 3.28101e-05 4.64909e-05 5.91436e-05 6.79587e-05 7.08763e-05 6.73241e-05 5.83591e-05 4.61992e-05 3.33982e-05 2.20418e-05 1.32799e-05 7.30873e-06 3.67973e-06 1.69861e-06 7.20981e-07 2.82305e-07 1.02318e-07 3.44391e-08 1.07972e-08 3.16075e-09 8.65362e-10 2.21704e-10 5.30991e-11 1.18507e-11 2.44833e-12 4.62519e-13 7.80972e-14 1.12663e-14 1.25089e-15 7.62449e-17 0 
0 4.62873e-09 4.92026e-08 2.75631e-07 1.13116e-06 3.74707e-06 1.04194e-05 2.47826e-05 5.09831e-05 9.1521e-05 0.000144656 0.000203269 0.000256398 0.000292811 0.000304733 0.000290161 0.000253142 0.0002022 0.000147561 9.81345e-05 5.93555e-05 3.26273e-05 1.63151e-05 7.43988e-06 3.10508e-06 1.19107e-06 4.21752e-07 1.38435e-07 4.22785e-08 1.20505e-08 3.21248e-09 8.01744e-10 1.87199e-10 4.07715e-11 8.2301e-12 1.52118e-12 2.51677e-13 3.56315e-14 3.88913e-15 2.33456e-16 0 
0 1.39384e-08 1.53236e-07 8.86826e-07 3.74707e-06 1.27043e-05 3.58514e-05 8.56291e-05 0.000174916 0.00030879 0.000477164 0.000654873 0.000809688 0.000912696 0.000945841 0.000905145 0.000800405 0.000652311 0.000487489 0.000332018 0.000204915 0.000114189 5.74182e-05 2.61151e-05 1.07934e-05 4.07709e-06 1.41592e-06 4.54599e-07 1.35582e-07 3.77088e-08 9.80761e-09 2.38885e-09 5.44748e-10 1.15991e-10 2.29187e-11 4.15243e-12 6.74527e-13 9.39269e-14 1.0103e-14 5.98937e-16 0 
0 3.572e-08 4.04726e-07 2.40928e-06 1.04194e-05 3.58514e-05 0.000101421 0.000239235 0.000475681 0.000809173 0.00120109 0.00158924 0.00191049 0.00211688 0.00218207 0.0021018 0.00189196 0.00158548 0.00122785 0.000870063 0.000558142 0.000321294 0.000165231 7.59856e-05 3.14184e-05 1.17728e-05 4.03128e-06 1.27112e-06 3.71439e-07 1.01094e-07 2.57194e-08 6.12892e-09 1.36825e-09 2.85498e-10 5.53522e-11 9.85568e-12 1.57616e-12 2.16522e-13 2.303e-14 1.35372e-15 0 
0 7.96276e-08 9.25935e-07 5.63964e-06 2.47826e-05 8.56291e-05 0.000239235 0.000547062 0.00103901 0.00167819 0.0023731 0.00301957 0.00353166 0.00385205 0.00395214 0.00382943 0.00350446 0.00301769 0.00242639 0.00180053 0.00121502 0.000734422 0.000393205 0.0001858 7.78415e-05 2.92035e-05 9.92559e-06 3.08892e-06 8.87892e-07 2.37293e-07 5.92391e-08 1.38529e-08 3.0366e-09 6.22789e-10 1.18851e-10 2.08667e-11 3.29761e-12 4.48789e-13 4.74341e-14 2.78049e-15 0 
0 1.56387e-07 1.85763e-06 1.15092e-05 5.09831e-05 0.000174916 0.000475681 0.00103901 0.00186636 0.00285654 0.00386569 0.00476489 0.00545939 0.0058885 0.00602268 0.00586109 0.0054286 0.00477183 0.00395512 0.00305746 0.0021696 0.00138579 0.000781822 0.000385108 0.000165647 6.28644e-05 2.13673e-05 6.59996e-06 1.87458e-06 4.93886e-07 1.21433e-07 2.79665e-08 6.04139e-09 1.22253e-09 2.30587e-10 4.01017e-11 6.29502e-12 8.53907e-13 9.03234e-14 5.32381e-15 0 
0 2.72878e-07 3.29542e-06 2.06496e-05 9.1521e-05 0.00030879 0.000809173 0.00167819 0.00285654 0.00417927 0.00547329 0.0066013 0.00746377 0.00799521 0.00816323 0.00796771 0.00743804 0.00662812 0.00561024 0.00446996 0.00330398 0.0022192 0.001322 0.000684265 0.000305326 0.000118337 4.05288e-05 1.24978e-05 3.52457e-06 9.19437e-07 2.23589e-07 5.09322e-08 1.08922e-08 2.18556e-09 4.09701e-10 7.10332e-11 1.11596e-11 1.52218e-12 1.62791e-13 9.75894e-15 0 
0 4.25693e-07 5.2033e-06 3.28101e-05 0.000144656 0.000477164 0.00120109 0.0023731 0.00386569 0.00547329 0.00701307 0.00834358 0.00935845 0.00998511 0.0101869 0.00996362 0.009349 0.00840456 0.00721176 0.00586422 0.00446322 0.00311852 0.00194867 0.0010596 0.000492851 0.000196397 6.82119e-05 2.11165e-05 5.94238e-06 1.54224e-06 3.72773e-07 8.44373e-08 1.79827e-08 3.60224e-09 6.76483e-10 1.18029e-10 1.87631e-11 2.60603e-12 2.85666e-13 1.76594e-14 0 
0 5.96788e-07 7.35439e-06 4.64909e-05 0.000203269 0.000654873 0.00158924 0.00301957 0.00476489 0.0066013 0.00834358 0.00984515 0.0109914 0.0117023 0.0119367 0.0116938 0.0110109 0.00995615 0.00861953 0.0071032 0.00551412 0.00396324 0.00257057 0.00145875 0.000706412 0.000290206 0.000102661 3.2059e-05 9.04793e-06 2.34899e-06 5.67779e-07 1.28784e-07 2.75399e-08 5.56192e-09 1.0587e-09 1.88442e-10 3.07803e-11 4.42353e-12 5.0461e-13 3.2569e-14 0 
0 7.55219e-07 9.35334e-06 5.91436e-05 0.000256398 0.000809688 0.00191049 0.00353166 0.00545939 0.00746377 0.00935845 0.0109914 0.0122408 0.01302 0.0132841 0.0130316 0.0123018 0.0111678 0.00972606 0.00808567 0.0063591 0.00465898 0.00310376 0.0018209 0.000912849 0.000386142 0.00013942 4.40971e-05 1.25493e-05 3.28096e-06 7.99573e-07 1.83432e-07 3.98706e-08 8.23769e-09 1.61641e-09 2.98945e-10 5.10897e-11 7.71662e-12 9.25964e-13 6.26745e-14 0 
0 8.66052e-07 1.07532e-05 6.79587e-05 0.000292811 0.000912696 0.00211688 0.00385205 0.0058885 0.00799521 0.00998511 0.0117023 0.01302 0.0138474 0.0141366 0.0138853 0.0131337 0.011957 0.0104554 0.00874224 0.00693351 0.00514329 0.00348826 0.00209547 0.00107914 0.000468277 0.000172658 5.55321e-05 1.60433e-05 4.26343e-06 1.06024e-06 2.49747e-07 5.61854e-08 1.21222e-08 2.50473e-09 4.90712e-10 8.90118e-11 1.42301e-11 1.79473e-12 1.26436e-13 0 
0 9.02969e-07 1.12188e-05 7.08763e-05 0.000304733 0.000945841 0.00218207 0.00395214 0.00602268 0.00816323 0.0101869 0.0119367 0.0132841 0.0141366 0.0144451 0.0142058 0.0134585 0.0122784 0.0107659 0.00903521 0.00720301 0.00538338 0.00369129 0.00225164 0.00118212 0.00052402 0.000197448 6.49407e-05 1.92379e-05 5.27105e-06 1.36251e-06 3.36932e-07 8.03851e-08 1.85417e-08 4.11086e-09 8.62368e-10 1.66232e-10 2.7922e-11 3.6527e-12 2.63602e-13 0 
0 8.58312e-07 1.06539e-05 6.73241e-05 0.000290161 0.000905145 0.0021018 0.00382943 0.00586109 0.00796771 0.00996362 0.0116938 0.0130316 0.0138853 0.0142058 0.0139885 0.0132709 0.012126 0.0106515 0.00895863 0.00716186 0.00537315 0.0037053 0.00228029 0.00121342 0.000548283 0.000211884 7.19884e-05 2.22294e-05 6.42058e-06 1.77142e-06 4.72798e-07 1.22562e-07 3.07079e-08 7.33922e-09 1.63823e-09 3.30857e-10 5.73429e-11 7.63701e-12 5.55005e-13 0 
0 7.4542e-07 9.22912e-06 5.83591e-05 0.000253142 0.000800405 0.00189196 0.00350446 0.0054286 0.00743804 0.009349 0.0110109 0.0123018 0.0131337 0.0134585 0.0132709 0.0126057 0.0115311 0.0101395 0.00853621 0.00683048 0.00513011 0.00354483 0.0021923 0.00117993 0.000544942 0.000218199 7.80086e-05 2.57703e-05 8.09097e-06 2.45554e-06 7.23797e-07 2.06006e-07 5.58804e-08 1.41955e-08 3.30479e-09 6.84457e-10 1.19989e-10 1.59939e-11 1.15433e-12 0 
0 5.92478e-07 7.3036e-06 4.61992e-05 0.0002022 0.000652311 0.00158548 0.00301769 0.00477183 0.00662812 0.00840456 0.00995615 0.0111678 0.011957 0.0122784 0.012126 0.0115311 0.010556 0.00928539 0.00781663 0.00625133 0.00469161 0.00324271 0.00201491 0.00110121 0.00052577 0.000222707 8.6304e-05 3.15658e-05 1.11143e-05 3.78403e-06 1.23595e-06 3.81827e-07 1.0983e-07 2.89514e-08 6.86948e-09 1.43011e-09 2.49455e-10 3.28488e-11 2.3308e-12 0 
0 4.31559e-07 5.28513e-06 3.33982e-05 0.000147561 0.000487489 0.00122785 0.00242639 0.00395512 0.00561024 0.00721176 0.00861953 0.00972606 0.0104554 0.0107659 0.0106515 0.0101395 0.00928539 0.00816524 0.00686693 0.00548351 0.00411024 0.00284548 0.0017866 0.00100484 0.000507733 0.000235145 0.000102497 4.28139e-05 1.71684e-05 6.53497e-06 2.3231e-06 7.59715e-07 2.25791e-07 6.03339e-08 1.43077e-08 2.9473e-09 5.0526e-10 6.51053e-11 4.50874e-12 0 
0 2.8841e-07 3.49985e-06 2.20418e-05 9.81345e-05 0.000332018 0.000870063 0.00180053 0.00305746 0.00446996 0.00586422 0.0071032 0.00808567 0.00874224 0.00903521 0.00895863 0.00853621 0.00781663 0.00686693 0.00576563 0.00459712 0.00344864 0.00240739 0.00155013 0.000920458 0.000509971 0.000268364 0.000135586 6.54442e-05 2.96529e-05 1.23544e-05 4.65528e-06 1.57007e-06 4.7116e-07 1.25194e-07 2.92165e-08 5.88307e-09 9.81927e-10 1.22931e-10 8.26516e-12 0 
0 1.77045e-07 2.1227e-06 1.32799e-05 5.93555e-05 0.000204915 0.000558142 0.00121502 0.0021696 0.00330398 0.00446322 0.00551412 0.0063591 0.00693351 0.00720301 0.00716186 0.00683048 0.00625133 0.00548351 0.00459712 0.00366811 0.00277325 0.0019822 0.00134412 0.000873968 0.000551788 0.000339349 0.000200518 0.00011081 5.5597e-05 2.47455e-05 9.6451e-06 3.28012e-06 9.74691e-07 2.53441e-07 5.747e-08 1.12019e-08 1.80702e-09 2.18625e-10 1.42166e-11 0 
0 9.99602e-08 1.18051e-06 7.30873e-06 3.26273e-05 0.000114189 0.000321294 0.000734422 0.00138579 0.0022192 0.00311852 0.00396324 0.00465898 0.00514329 0.00538338 0.00537315 0.00513011 0.00469161 0.00411024 0.00344864 0.00277325 0.00214597 0.00161308 0.00119489 0.000883497 0.000652266 0.000471964 0.000323521 0.00020181 0.000110364 5.15364e-05 2.03411e-05 6.81895e-06 1.96547e-06 4.92067e-07 1.07158e-07 2.00541e-08 3.10907e-09 3.62154e-10 2.2724e-11 0 
0 5.19879e-08 6.02947e-07 3.67973e-06 1.63151e-05 5.74182e-05 0.000165231 0.000393205 0.000781822 0.001322 0.00194867 0.00257057 0.00310376 0.00348826 0.00369129 0.0037053 0.00354483 0.00324271 0.00284548 0.00240739 0.0019822 0.00161308 0.00132316 0.00111165 0.000957944 0.000832023 0.000705787 0.000561247 0.000397804 0.000238242 0.000115831 4.51647e-05 1.43791e-05 3.87062e-06 9.07145e-07 1.86667e-07 3.32662e-08 4.93624e-09 5.52463e-10 3.34235e-11 0 
0 2.4951e-08 2.83393e-07 1.69861e-06 7.43988e-06 2.61151e-05 7.59856e-05 0.0001858 0.000385108 0.000684265 0.0010596 0.00145875 0.0018209 0.00209547 0.00225164 0.00228029 0.0021923 0.00201491 0.0017866 0.00155013 0.00134412 0.00119489 0.00111165 0.00108648 0.00109998 0.00113119 0.00115626 0.00111884 0.000939696 0.000627615 0.00031573 0.000117983 3.36818e-05 7.85252e-06 1.61205e-06 3.01673e-07 5.04427e-08 7.13575e-09 7.6711e-10 4.47901e-11 0 
0 1.10731e-08 1.22867e-07 7.20981e-07 3.10508e-06 1.07934e-05 3.14184e-05 7.78415e-05 0.000165647 0.000305326 0.000492851 0.000706412 0.000912849 0.00107914 0.00118212 0.00121342 0.00117993 0.00110121 0.00100484 0.000920458 0.000873968 0.000883497 0.000957944 0.00109998 0.0013259 0.00170512 0.00229926 0.00286706 0.00284135 0.00204792 0.00103767 0.00036757 9.27706e-05 1.77811e-05 2.91548e-06 4.57951e-07 6.93112e-08 9.27248e-09 9.58293e-10 5.41507e-11 0 
0 4.55409e-09 4.92688e-08 2.82305e-07 1.19107e-06 4.07709e-06 1.17728e-05 2.92035e-05 6.28644e-05 0.000118337 0.000196397 0.000290206 0.000386142 0.000468277 0.00052402 0.000548283 0.000544942 0.00052577 0.000507733 0.000509971 0.000551788 0.000652266 0.000832023 0.00113119 0.00170512 0.00300434 0.00546142 0.00815103 0.00875022 0.00644981 0.00322648 0.00109732 0.000256002 4.2355e-05 5.49683e-06 6.70283e-07 8.62289e-08 1.07136e-08 1.06522e-09 5.85151e-11 0 
0 1.73971e-09 1.83226e-08 1.02318e-07 4.21752e-07 1.41592e-06 4.03128e-06 9.92559e-06 2.13673e-05 4.05288e-05 6.82119e-05 0.000102661 0.00013942 0.000172658 0.000197448 0.000211884 0.000218199 0.000222707 0.000235145 0.000268364 0.000339349 0.000471964 0.000705787 0.00115626 0.00229926 0.00546142 0.0118318 0.018945 0.020836 0.0154234 0.00764509 0.00254196 0.000570059 8.74266e-05 9.73898e-06 9.33441e-07 9.6981e-08 1.09065e-08 1.04331e-09 5.60456e-11 0 
0 6.1865e-10 6.33645e-09 3.44391e-08 1.38435e-07 4.54599e-07 1.27112e-06 3.08892e-06 6.59996e-06 1.24978e-05 2.11165e-05 3.2059e-05 4.40971e-05 5.55321e-05 6.49407e-05 7.19884e-05 7.80086e-05 8.6304e-05 0.000102497 0.000135586 0.000200518 0.000323521 0.000561247 0.00111884 0.00286706 0.00815103 0.018945 0.031018 0.03435 0.0254508 0.0125714 0.00413955 0.000911303 0.00013493 1.39023e-05 1.13452e-06 9.63255e-08 9.67698e-09 8.92745e-10 4.72505e-11 0 
0 2.05191e-10 2.04265e-09 1.07972e-08 4.22785e-08 1.35582e-07 3.71439e-07 8.87892e-07 1.87458e-06 3.52457e-06 5.94238e-06 9.04793e-06 1.25493e-05 1.60433e-05 1.92379e-05 2.22294e-05 2.57703e-05 3.15658e-05 4.28139e-05 6.54442e-05 0.00011081 0.00020181 0.000397804 0.000939696 0.00284135 0.00875022 0.020836 0.03435 0.0381181 0.0282497 0.0139377 0.00457298 0.000998592 0.000145484 1.44572e-05 1.08385e-06 8.03213e-08 7.36624e-09 6.62612e-10 3.48816e-11 0 
0 6.35743e-11 6.14996e-10 3.16075e-09 1.20505e-08 3.77088e-08 1.01094e-07 2.37293e-07 4.93886e-07 9.19437e-07 1.54224e-06 2.34899e-06 3.28096e-06 4.26343e-06 5.27105e-06 6.42058e-06 8.09097e-06 1.11143e-05 1.71684e-05 2.96529e-05 5.5597e-05 0.000110364 0.000238242 0.000627615 0.00204792 0.00644981 0.0154234 0.0254508 0.0282497 0.0209364 0.0103272 0.00338526 0.000736953 0.000106643 1.04524e-05 7.59343e-07 5.33606e-08 4.72946e-09 4.24362e-10 2.24746e-11 0 
0 1.84157e-11 1.73147e-10 8.65362e-10 3.21248e-09 9.80761e-09 2.57194e-08 5.92391e-08 1.21433e-07 2.23589e-07 3.72773e-07 5.67779e-07 7.99573e-07 1.06024e-06 1.36251e-06 1.77142e-06 2.45554e-06 3.78403e-06 6.53497e-06 1.23544e-05 2.47455e-05 5.15364e-05 0.000115831 0.00031573 0.00103767 0.00322648 0.00764509 0.0125714 0.0139377 0.0103272 0.00509572 0.00167105 0.000363584 5.2572e-05 5.16215e-06 3.79243e-07 2.75287e-08 2.54049e-09 2.34079e-10 1.26222e-11 0 
0 4.98694e-12 4.55938e-11 2.21704e-10 8.01744e-10 2.38885e-09 6.12892e-09 1.38529e-08 2.79665e-08 5.09322e-08 8.44373e-08 1.28784e-07 1.83432e-07 2.49747e-07 3.36932e-07 4.72798e-07 7.23797e-07 1.23595e-06 2.3231e-06 4.65528e-06 9.6451e-06 2.03411e-05 4.51647e-05 0.000117983 0.00036757 0.00109732 0.00254196 0.00413955 0.00457298 0.00338526 0.00167105 0.000548465 0.000119521 1.73826e-05 1.74136e-06 1.36003e-07 1.11806e-08 1.1501e-09 1.11444e-10 6.18122e-12 0 
0 1.26054e-12 1.12149e-11 5.30991e-11 1.87199e-10 5.44748e-10 1.36825e-09 3.0366e-09 6.04139e-09 1.08922e-08 1.79827e-08 2.75399e-08 3.98706e-08 5.61854e-08 8.03851e-08 1.22562e-07 2.06006e-07 3.81827e-07 7.59715e-07 1.57007e-06 3.28012e-06 6.81895e-06 1.43791e-05 3.36818e-05 9.27706e-05 0.000256002 0.000570059 0.000911303 0.000998592 0.000736953 0.000363584 0.000119521 2.62032e-05 3.88113e-06 4.10121e-07 3.68049e-08 3.75775e-09 4.46636e-10 4.59917e-11 2.64236e-12 0 
0 2.96334e-13 2.56797e-12 1.18507e-11 4.07715e-11 1.15991e-10 2.85498e-10 6.22789e-10 1.22253e-09 2.18556e-09 3.60224e-09 5.56192e-09 8.23769e-09 1.21222e-08 1.85417e-08 3.07079e-08 5.58804e-08 1.0983e-07 2.25791e-07 4.7116e-07 9.74691e-07 1.96547e-06 3.87062e-06 7.85252e-06 1.77811e-05 4.2355e-05 8.74266e-05 0.00013493 0.000145484 0.000106643 5.2572e-05 1.73826e-05 3.88113e-06 6.03566e-07 7.22693e-08 8.33492e-09 1.1101e-09 1.5107e-10 1.65084e-11 9.86534e-13 0 
0 6.43427e-14 5.43687e-13 2.44833e-12 8.2301e-12 2.29187e-11 5.53522e-11 1.18851e-10 2.30587e-10 4.09701e-10 6.76483e-10 1.0587e-09 1.61641e-09 2.50473e-09 4.11086e-09 7.33922e-09 1.41955e-08 2.89514e-08 6.03339e-08 1.25194e-07 2.53441e-07 4.92067e-07 9.07145e-07 1.61205e-06 2.91548e-06 5.49683e-06 9.73898e-06 1.39023e-05 1.44572e-05 1.04524e-05 5.16215e-06 1.74136e-06 4.10121e-07 7.22693e-08 1.11152e-08 1.78023e-09 2.96971e-10 4.46799e-11 5.15351e-12 3.2109e-13 0 
0 1.2743e-14 1.05119e-13 4.62519e-13 1.52118e-12 4.15243e-12 9.85568e-12 2.08667e-11 4.01017e-11 7.10332e-11 1.18029e-10 1.88442e-10 2.98945e-10 4.90712e-10 8.62368e-10 1.63823e-09 3.30479e-09 6.86948e-09 1.43077e-08 2.92165e-08 5.747e-08 1.07158e-07 1.86667e-07 3.01673e-07 4.57951e-07 6.70283e-07 9.33441e-07 1.13452e-06 1.08385e-06 7.59343e-07 3.79243e-07 1.36003e-07 3.68049e-08 8.33492e-09 1.78023e-09 3.71249e-10 7.10553e-11 1.14714e-11 1.39096e-12 9.0471e-14 0 
0 2.24977e-15 1.81408e-14 7.80972e-14 2.51677e-13 6.74527e-13 1.57616e-12 3.29761e-12 6.29502e-12 1.11596e-11 1.87631e-11 3.07803e-11 5.10897e-11 8.90118e-11 1.66232e-10 3.30857e-10 6.84457e-10 1.43011e-09 2.9473e-09 5.88307e-09 1.12019e-08 2.00541e-08 3.32662e-08 5.04427e-08 6.93112e-08 8.62289e-08 9.6981e-08 9.63255e-08 8.03213e-08 5.33606e-08 2.75287e-08 1.11806e-08 3.75775e-09 1.1101e-09 2.96971e-10 7.10553e-11 1.47096e-11 2.51069e-12 3.19321e-13 2.16899e-14 0 
0 3.38408e-16 2.67082e-15 1.12663e-14 3.56315e-14 9.39269e-14 2.16522e-13 4.48789e-13 8.53907e-13 1.52218e-12 2.60603e-12 4.42353e-12 7.71662e-12 1.42301e-11 2.7922e-11 5.73429e-11 1.19989e-10 2.49455e-10 5.0526e-10 9.81927e-10 1.80702e-09 3.10907e-09 4.93624e-09 7.13575e-09 9.27248e-09 1.07136e-08 1.09065e-08 9.67698e-09 7.36624e-09 4.72946e-09 2.54049e-09 1.1501e-09 4.46636e-10 1.5107e-10 4.46799e-11 1.14714e-11 2.51069e-12 4.50292e-13 5.99672e-14 4.25188e-15 0 
0 3.90648e-17 3.02183e-16 1.25089e-15 3.88913e-15 1.0103e-14 2.303e-14 4.74341e-14 9.03234e-14 1.62791e-13 2.85666e-13 5.0461e-13 9.25964e-13 1.79473e-12 3.6527e-12 7.63701e-12 1.59939e-11 3.28488e-11 6.51053e-11 1.22931e-10 2.18625e-10 3.62154e-10 5.52463e-10 7.6711e-10 9.58293e-10 1.06522e-09 1.04331e-09 8.92745e-10 6.62612e-10 4.24362e-10 2.34079e-10 1.11444e-10 4.59917e-11 1.65084e-11 5.15351e-12 1.39096e-12 3.19321e-13 5.99672e-14 8.34585e-15 6.17006e-16 0 
0 2.46823e-18 1.87396e-17 7.62449e-17 2.33456e-16 5.98937e-16 1.35372e-15 2.78049e-15 5.32381e-15 9.75894e-15 1.76594e-14 3.2569e-14 6.26745e-14 1.26436e-13 2.63602e-13 5.55005e-13 1.15433e-12 2.3308e-12 4.50874e-12 8.26516e-12 1.42166e-11 2.2724e-11 3.34235e-11 4.47901e-11 5.41507e-11 5.85151e-11 5.60456e-11 4.72505e-11 3.48816e-11 2.24746e-11 1.26222e-11 6.18122e-12 2.64236e-12 9.86534e-13 3.2109e-13 9.0471e-14 2.16899e-14 4.25188e-15 6.17006e-16 4.74861e-17 0 
0 0 0 0 0 0 0 0 0 0 0 0 0 0 0 0 0 0 0 0 0 0 0 0 0 0 0 0 0 0 0 0 0 0 0 0 0 0 0 0 0 
