0 0 0 0 0 0 0 0 0 0 0 0 0 0 0 0 0 0 0 0 0 0 0 0 0 0 0 0 0 0 0 0 0 0 0 0 0 0 0 0 0 
0 6.57811e-08 6.0358e-07 2.81948e-06 9.31452e-06 2.40955e-05 5.13064e-05 9.30318e-05 0.000147676 0.000210049 0.000272875 0.000328648 0.000371084 0.000395926 0.000401238 0.00038735 0.000356579 0.000312809 0.000260948 0.000206302 0.000153875 0.000107705 7.0338e-05 4.2612e-05 2.38236e-05 1.22411e-05 5.7649e-06 2.48523e-06 9.80709e-07 3.54538e-07 1.17547e-07 3.57702e-08 9.98847e-09 2.55412e-09 5.94915e-10 1.24859e-10 2.31134e-11 3.61198e-12 4.2976e-13 2.77958e-14 0 
0 6.0358e-07 5.75085e-06 2.74666e-05 9.06128e-05 0.000227919 0.00046127 0.000784345 0.00116411 0.00155641 0.00191996 0.00222268 0.00244264 0.00256731 0.00259244 0.00252109 0.0023626 0.00213149 0.0018464 0.00152899 0.00120281 0.000891668 0.000617 0.000394496 0.000230852 0.000122708 5.89785e-05 2.5602e-05 1.00533e-05 3.58274e-06 1.16306e-06 3.44986e-07 9.36527e-08 2.32511e-08 5.25663e-09 1.07125e-09 1.9272e-10 2.9303e-11 3.39692e-12 2.14369e-13 0 
0 2.81948e-06 2.74666e-05 0.00013038 0.00041127 0.000954779 0.00175163 0.00270655 0.00370712 0.00466309 0.00550822 0.00619352 0.00668414 0.00695925 0.00701246 0.00685135 0.00649576 0.00597521 0.00532563 0.00458636 0.00379797 0.00300154 0.00223936 0.0015549 0.000988367 0.000565973 0.000288454 0.00013014 5.20563e-05 1.85803e-05 5.9661e-06 1.73604e-06 4.60046e-07 1.11204e-07 2.44529e-08 4.84685e-09 8.4864e-10 1.25719e-10 1.42179e-11 8.76578e-13 0 
0 9.31452e-06 9.06128e-05 0.00041127 0.00118384 0.00245201 0.00405518 0.00580372 0.00755939 0.00921548 0.0106784 0.0118673 0.0127201 0.0131982 0.0132891 0.0130058 0.012384 0.0114771 0.0103497 0.0090715 0.00771055 0.00632861 0.00497921 0.0037105 0.00257248 0.00162117 0.000906184 0.000441019 0.000185658 6.80005e-05 2.19512e-05 6.33138e-06 1.64879e-06 3.8981e-07 8.36488e-08 1.61689e-08 2.7615e-09 3.99369e-10 4.41423e-11 2.66334e-12 0 
0 2.40955e-05 0.000227919 0.000954779 0.00245201 0.00457771 0.0070611 0.00971079 0.0123738 0.0148979 0.0171358 0.0189585 0.0202672 0.0210009 0.0211394 0.0207028 0.0197464 0.0183536 0.0166258 0.0146726 0.0126019 0.0105113 0.00848148 0.00657334 0.00483141 0.00329775 0.00202894 0.00108856 0.00049704 0.00019212 6.36604e-05 1.84523e-05 4.76401e-06 1.10814e-06 2.33054e-07 4.4079e-08 7.36399e-09 1.04222e-09 1.12835e-10 6.67583e-12 0 
0 5.13064e-05 0.00046127 0.00175163 0.00405518 0.0070611 0.0105029 0.0141856 0.0179026 0.0214344 0.0245695 0.0271247 0.0289598 0.0299886 0.0301824 0.0295694 0.0282276 0.0262744 0.023853 0.0211186 0.0182246 0.0153106 0.0124939 0.00986258 0.00747364 0.00535859 0.00354451 0.00208372 0.00104522 0.000435975 0.000151459 4.48047e-05 1.15856e-05 2.66939e-06 5.52885e-07 1.02709e-07 1.68377e-08 2.33854e-09 2.48602e-10 1.44555e-11 0 
0 9.30318e-05 0.000784345 0.00270655 0.00580372 0.00971079 0.0141856 0.0189904 0.0238484 0.028468 0.0325706 0.035915 0.0383174 0.0396644 0.0399184 0.0391162 0.03736 0.0348039 0.0316358 0.0280596 0.0242769 0.0204724 0.0168017 0.013384 0.0102979 0.00758201 0.00524565 0.00330151 0.00180449 0.000818924 0.000302959 9.2779e-05 2.42743e-05 5.5786e-06 1.14362e-06 2.0949e-07 3.38122e-08 4.62185e-09 4.83717e-10 2.77092e-11 0 
0 0.000147676 0.00116411 0.00370712 0.00755939 0.0123738 0.0179026 0.0238484 0.0298639 0.0355857 0.0406681 0.044812 0.0477896 0.0494598 0.0497757 0.0487825 0.0466075 0.0434415 0.0395179 0.0350894 0.0304066 0.0256989 0.0211606 0.0169415 0.0131426 0.00981564 0.00696836 0.00458537 0.00267798 0.0013139 0.000520639 0.000166707 4.45128e-05 1.02679e-05 2.09321e-06 3.79536e-07 6.05095e-08 8.16434e-09 8.43471e-10 4.77166e-11 0 
0 0.000210049 0.00155641 0.00466309 0.00921548 0.0148979 0.0214344 0.028468 0.0355857 0.042357 0.0483725 0.053279 0.0568075 0.05879 0.0591668 0.0579906 0.0554145 0.0516671 0.0470243 0.0417847 0.0362449 0.0306769 0.0253115 0.020327 0.0158453 0.0119313 0.00859694 0.00581429 0.00355628 0.00185873 0.000785852 0.000264059 7.23534e-05 1.68336e-05 3.42618e-06 6.17016e-07 9.7469e-08 1.30183e-08 1.33113e-09 7.45501e-11 0 
0 0.000272875 0.00191996 0.00550822 0.0106784 0.0171358 0.0245695 0.0325706 0.0406681 0.0483725 0.0552191 0.0608087 0.0648355 0.0671022 0.0675359 0.0661952 0.063257 0.0589873 0.0537031 0.0477423 0.0414405 0.0351073 0.0290057 0.0233395 0.0182486 0.0138092 0.0100383 0.0069035 0.004353 0.0023842 0.00106452 0.000374418 0.000105452 2.48149e-05 5.05736e-06 9.072e-07 1.4239e-07 1.88763e-08 1.91518e-09 1.06443e-10 0 
0 0.000328648 0.00222268 0.00619352 0.0118673 0.0189585 0.0271247 0.035915 0.044812 0.053279 0.0608087 0.0669617 0.0713889 0.0738713 0.0743483 0.0728896 0.0696711 0.0649766 0.0591646 0.052613 0.045689 0.0387309 0.0320278 0.0258043 0.0202147 0.0153444 0.0112146 0.00779135 0.00500888 0.00283357 0.00131896 0.000482126 0.000139279 3.31697e-05 6.78096e-06 1.21433e-06 1.89837e-07 2.50409e-08 2.52716e-09 1.39718e-10 0 
0 0.000371084 0.00244264 0.00668414 0.0127201 0.0202672 0.0289598 0.0383174 0.0477896 0.0568075 0.0648355 0.0713889 0.0760677 0.0786608 0.0791601 0.0776515 0.074278 0.0693012 0.0631102 0.0561303 0.0487576 0.0413496 0.034213 0.0275875 0.0216379 0.0164561 0.0120663 0.00843404 0.00548612 0.00316841 0.00151772 0.000570901 0.000168317 4.05117e-05 8.31291e-06 1.48863e-06 2.32287e-07 3.05593e-08 3.07514e-09 1.69529e-10 0 
0 0.000395926 0.00256731 0.00695925 0.0131982 0.0210009 0.0299886 0.0396644 0.0494598 0.05879 0.0671022 0.0738713 0.0786608 0.0812879 0.0817959 0.0802822 0.0768576 0.0717473 0.0653492 0.0581272 0.0505015 0.0428401 0.0354591 0.0286063 0.0224529 0.0170944 0.0125568 0.00880562 0.00576422 0.00336742 0.00164025 0.000628043 0.000187688 4.55285e-05 9.37607e-06 1.68112e-06 2.62356e-07 3.45039e-08 3.47066e-09 1.9128e-10 0 
0 0.000401238 0.00259244 0.00701246 0.0132891 0.0211394 0.0301824 0.0399184 0.0497757 0.0591668 0.0675359 0.0743483 0.0791601 0.0817959 0.0823096 0.0808012 0.0773745 0.0722455 0.0658115 0.0585447 0.0508711 0.0431608 0.0357316 0.0288333 0.0226384 0.0172434 0.012675 0.00889903 0.00583807 0.00342405 0.00167792 0.00064697 0.000194534 4.74022e-05 9.79319e-06 1.76029e-06 2.75327e-07 3.62914e-08 3.65942e-09 2.02241e-10 0 
0 0.00038735 0.00252109 0.00685135 0.0130058 0.0207028 0.0295694 0.0391162 0.0487825 0.0579906 0.0661952 0.0728896 0.0776515 0.0802822 0.0808012 0.0793013 0.075907 0.0708592 0.064552 0.0574326 0.0499106 0.0423497 0.0350629 0.0282953 0.0222165 0.0169213 0.0124357 0.00872613 0.00571706 0.00334457 0.00163333 0.000628038 0.000188727 4.60642e-05 9.54795e-06 1.72357e-06 2.70931e-07 3.5912e-08 3.64354e-09 2.02728e-10 0 
0 0.000356579 0.0023626 0.00649576 0.012384 0.0197464 0.0282276 0.03736 0.0466075 0.0554145 0.063257 0.0696711 0.074278 0.0768576 0.0773745 0.075907 0.0726129 0.0677648 0.0617387 0.0549383 0.0477472 0.0405155 0.033544 0.0270675 0.021248 0.0161762 0.0118766 0.00831631 0.00542408 0.00314691 0.00151928 0.000578104 0.000172816 4.22086e-05 8.79197e-06 1.59914e-06 2.53708e-07 3.39832e-08 3.48759e-09 1.96452e-10 0 
0 0.000312809 0.00213149 0.00597521 0.0114771 0.0183536 0.0262744 0.0348039 0.0434415 0.0516671 0.0589873 0.0649766 0.0693012 0.0717473 0.0722455 0.0708592 0.0677648 0.0632394 0.057625 0.0512842 0.0445736 0.0378229 0.0313131 0.0252634 0.0198249 0.0150817 0.0110555 0.00771443 0.00499472 0.00286027 0.00135762 0.000509259 0.000151375 3.70976e-05 7.80353e-06 1.43902e-06 2.32029e-07 3.16365e-08 3.30833e-09 1.89997e-10 0 
0 0.000260948 0.0018464 0.00532563 0.0103497 0.0166258 0.023853 0.0316358 0.0395179 0.0470243 0.0537031 0.0591646 0.0631102 0.0653492 0.0658115 0.064552 0.0617387 0.057625 0.0525163 0.046741 0.0406264 0.0344738 0.0285395 0.0230227 0.0180606 0.0137285 0.0100446 0.00697848 0.00447711 0.00252528 0.00117799 0.000437064 0.000130076 3.22786e-05 6.92629e-06 1.30828e-06 2.16503e-07 3.03159e-08 3.25469e-09 1.91691e-10 0 
0 0.000206302 0.00152899 0.00458636 0.0090715 0.0146726 0.0211186 0.0280596 0.0350894 0.0417847 0.0477423 0.052613 0.0561303 0.0581272 0.0585447 0.0574326 0.0549383 0.0512842 0.046741 0.041603 0.0361624 0.0306879 0.0254075 0.0204977 0.0160796 0.0122181 0.00892695 0.00617831 0.00393294 0.00219452 0.00101619 0.000378748 0.000114887 2.93638e-05 6.52218e-06 1.27644e-06 2.18542e-07 3.157e-08 3.48402e-09 2.10104e-10 0 
0 0.000153875 0.00120281 0.00379797 0.00771055 0.0126019 0.0182246 0.0242769 0.0304066 0.0362449 0.0414405 0.045689 0.0487576 0.0505015 0.0508711 0.0499106 0.0477472 0.0445736 0.0406264 0.0361624 0.0314367 0.0266832 0.0221001 0.0178403 0.0140072 0.0106547 0.0077921 0.00539579 0.00343902 0.00193167 0.000911896 0.000352011 0.000111781 2.99751e-05 6.95755e-06 1.41327e-06 2.49284e-07 3.68394e-08 4.13325e-09 2.52062e-10 0 
0 0.000107705 0.000891668 0.00300154 0.00632861 0.0105113 0.0153106 0.0204724 0.0256989 0.0306769 0.0351073 0.0387309 0.0413496 0.0428401 0.0431608 0.0423497 0.0405155 0.0378229 0.0344738 0.0306879 0.0266832 0.0226595 0.0187854 0.0151903 0.0119607 0.00914048 0.00673634 0.00472772 0.003087 0.00180682 0.000905488 0.000374767 0.000127011 3.58269e-05 8.6055e-06 1.78418e-06 3.17938e-07 4.71218e-08 5.27531e-09 3.19877e-10 0 
0 7.0338e-05 0.000617 0.00223936 0.00497921 0.00848148 0.0124939 0.0168017 0.0211606 0.0253115 0.0290057 0.0320278 0.034213 0.0354591 0.0357316 0.0350629 0.033544 0.0313131 0.0285395 0.0254075 0.0221001 0.0187854 0.0156047 0.0126666 0.0100453 0.00778328 0.00588818 0.00432025 0.00300666 0.00190462 0.00104134 0.000467278 0.00016784 4.87746e-05 1.18037e-05 2.43272e-06 4.27837e-07 6.23558e-08 6.85393e-09 4.07876e-10 0 
0 4.2612e-05 0.000394496 0.0015549 0.0037105 0.00657334 0.00986258 0.013384 0.0169415 0.020327 0.0233395 0.0258043 0.0275875 0.0286063 0.0288333 0.0282953 0.0270675 0.0252634 0.0230227 0.0204977 0.0178403 0.0151903 0.0126666 0.0103657 0.00837336 0.00677735 0.0056087 0.00470192 0.00373422 0.00258422 0.00148112 0.000683744 0.000248288 7.12283e-05 1.67509e-05 3.34144e-06 5.6941e-07 8.05701e-08 8.61524e-09 4.99806e-10 0 
0 2.38236e-05 0.000230852 0.000988367 0.00257248 0.00483141 0.00747364 0.0102979 0.0131426 0.0158453 0.0182486 0.0202147 0.0216379 0.0224529 0.0226384 0.0222165 0.021248 0.0198249 0.0180606 0.0160796 0.0140072 0.0119607 0.0100453 0.00837336 0.00714144 0.00672014 0.0073794 0.00840285 0.00810925 0.00590315 0.00316622 0.00129635 0.000421071 0.000109539 2.35906e-05 4.39651e-06 7.13955e-07 9.73865e-08 1.0098e-08 5.70273e-10 0 
0 1.22411e-05 0.000122708 0.000565973 0.00162117 0.00329775 0.00535859 0.00758201 0.00981564 0.0119313 0.0138092 0.0153444 0.0164561 0.0170944 0.0172434 0.0169213 0.0161762 0.0150817 0.0137285 0.0122181 0.0106547 0.00914048 0.00778328 0.00677735 0.00672014 0.00907684 0.0150725 0.022021 0.0235348 0.0173702 0.00878153 0.00312088 0.000835499 0.000179981 3.27927e-05 5.40605e-06 8.17212e-07 1.06906e-07 1.07591e-08 5.92856e-10 0 
0 5.7649e-06 5.89785e-05 0.000288454 0.000906184 0.00202894 0.00354451 0.00524565 0.00696836 0.00859694 0.0100383 0.0112146 0.0120663 0.0125568 0.012675 0.0124357 0.0118766 0.0110555 0.0100446 0.00892695 0.0077921 0.00673634 0.00588818 0.0056087 0.0073794 0.0150725 0.0317831 0.0518654 0.0588945 0.0412897 0.0204723 0.00688068 0.00162951 0.00029446 4.4072e-05 6.12014e-06 8.36404e-07 1.04377e-07 1.02328e-08 5.53004e-10 0 
0 2.48523e-06 2.5602e-05 0.00013014 0.000441019 0.00108856 0.00208372 0.00330151 0.00458537 0.00581429 0.0069035 0.00779135 0.00843404 0.00880562 0.00889903 0.00872613 0.00831631 0.00771443 0.00697848 0.00617831 0.00539579 0.00472772 0.00432025 0.00470192 0.00840285 0.022021 0.0518654 0.0822582 0.0871208 0.0700378 0.0336703 0.0110992 0.00250317 0.000408726 5.26015e-05 6.16489e-06 7.50609e-07 8.92143e-08 8.5735e-09 4.57724e-10 0 
0 9.80709e-07 1.00533e-05 5.20563e-05 0.000185658 0.00049704 0.00104522 0.00180449 0.00267798 0.00355628 0.004353 0.00500888 0.00548612 0.00576422 0.00583807 0.00571706 0.00542408 0.00499472 0.00447711 0.00393294 0.00343902 0.003087 0.00300666 0.00373422 0.00810925 0.0235348 0.0588945 0.0871208 0.090614 0.0781673 0.0378488 0.0122384 0.00271462 0.00042361 4.99977e-05 5.19988e-06 5.75743e-07 6.58846e-08 6.26883e-09 3.33589e-10 0 
0 3.54538e-07 3.58274e-06 1.85803e-05 6.80005e-05 0.00019212 0.000435975 0.000818924 0.0013139 0.00185873 0.0023842 0.00283357 0.00316841 0.00336742 0.00342405 0.00334457 0.00314691 0.00286027 0.00252528 0.00219452 0.00193167 0.00180682 0.00190462 0.00258422 0.00590315 0.0173702 0.0412897 0.0700378 0.0781673 0.0565618 0.027579 0.00906379 0.00200467 0.000308278 3.50808e-05 3.45891e-06 3.67429e-07 4.1614e-08 3.97667e-09 2.1303e-10 0 
0 1.17547e-07 1.16306e-06 5.9661e-06 2.19512e-05 6.36604e-05 0.000151459 0.000302959 0.000520639 0.000785852 0.00106452 0.00131896 0.00151772 0.00164025 0.00167792 0.00163333 0.00151928 0.00135762 0.00117799 0.00101619 0.000911896 0.000905488 0.00104134 0.00148112 0.00316622 0.00878153 0.0204723 0.0336703 0.0378488 0.027579 0.0136215 0.00448977 0.000999005 0.000154168 1.75796e-05 1.75877e-06 1.92294e-07 2.23803e-08 2.18322e-09 1.1892e-10 0 
0 3.57702e-08 3.44986e-07 1.73604e-06 6.33138e-06 1.84523e-05 4.48047e-05 9.2779e-05 0.000166707 0.000264059 0.000374418 0.000482126 0.000570901 0.000628043 0.00064697 0.000628038 0.000578104 0.000509259 0.000437064 0.000378748 0.000352011 0.000374767 0.000467278 0.000683744 0.00129635 0.00312088 0.00688068 0.0110992 0.0122384 0.00906379 0.00448977 0.00149219 0.00033673 5.29965e-05 6.31161e-06 6.89478e-07 8.31408e-08 1.02789e-08 1.03796e-09 5.80002e-11 0 
0 9.98847e-09 9.36527e-08 4.60046e-07 1.64879e-06 4.76401e-06 1.15856e-05 2.42743e-05 4.45128e-05 7.23534e-05 0.000105452 0.000139279 0.000168317 0.000187688 0.000194534 0.000188727 0.000172816 0.000151375 0.000130076 0.000114887 0.000111781 0.000127011 0.00016784 0.000248288 0.000421071 0.000835499 0.00162951 0.00250317 0.00271462 0.00200467 0.000999005 0.00033673 7.77683e-05 1.28289e-05 1.69532e-06 2.18626e-07 3.04419e-08 4.06298e-09 4.28344e-10 2.47259e-11 0 
0 2.55412e-09 2.32511e-08 1.11204e-07 3.8981e-07 1.10814e-06 2.66939e-06 5.5786e-06 1.02679e-05 1.68336e-05 2.48149e-05 3.31697e-05 4.05117e-05 4.55285e-05 4.74022e-05 4.60642e-05 4.22086e-05 3.70976e-05 3.22786e-05 2.93638e-05 2.99751e-05 3.58269e-05 4.87746e-05 7.12283e-05 0.000109539 0.000179981 0.00029446 0.000408726 0.00042361 0.000308278 0.000154168 5.29965e-05 1.28289e-05 2.34711e-06 3.73991e-07 6.00308e-08 9.67943e-09 1.39199e-09 1.53756e-10 9.21411e-12 0 
0 5.94915e-10 5.25663e-09 2.44529e-08 8.36488e-08 2.33054e-07 5.52885e-07 1.14362e-06 2.09321e-06 3.42618e-06 5.05736e-06 6.78096e-06 8.31291e-06 9.37607e-06 9.79319e-06 9.54795e-06 8.79197e-06 7.80353e-06 6.92629e-06 6.52218e-06 6.95755e-06 8.6055e-06 1.18037e-05 1.67509e-05 2.35906e-05 3.27927e-05 4.4072e-05 5.26015e-05 4.99977e-05 3.50808e-05 1.75796e-05 6.31161e-06 1.69532e-06 3.73991e-07 7.60329e-08 1.49333e-08 2.70009e-09 4.14283e-10 4.79879e-11 2.99509e-12 0 
0 1.24859e-10 1.07125e-09 4.84685e-09 1.61689e-08 4.4079e-08 1.02709e-07 2.0949e-07 3.79536e-07 6.17016e-07 9.072e-07 1.21433e-06 1.48863e-06 1.68112e-06 1.76029e-06 1.72357e-06 1.59914e-06 1.43902e-06 1.30828e-06 1.27644e-06 1.41327e-06 1.78418e-06 2.43272e-06 3.34144e-06 4.39651e-06 5.40605e-06 6.12014e-06 6.16489e-06 5.19988e-06 3.45891e-06 1.75877e-06 6.89478e-07 2.18626e-07 6.00308e-08 1.49333e-08 3.35291e-09 6.56664e-10 1.06602e-10 1.29486e-11 8.43204e-13 0 
0 2.31134e-11 1.9272e-10 8.4864e-10 2.7615e-09 7.36399e-09 1.68377e-08 3.38122e-08 6.05095e-08 9.7469e-08 1.4239e-07 1.89837e-07 2.32287e-07 2.62356e-07 2.75327e-07 2.70931e-07 2.53708e-07 2.32029e-07 2.16503e-07 2.18542e-07 2.49284e-07 3.17938e-07 4.27837e-07 5.6941e-07 7.13955e-07 8.17212e-07 8.36404e-07 7.50609e-07 5.75743e-07 3.67429e-07 1.92294e-07 8.31408e-08 3.04419e-08 9.67943e-09 2.70009e-09 6.56664e-10 1.36593e-10 2.33487e-11 2.97219e-12 2.02056e-13 0 
0 3.61198e-12 2.9303e-11 1.25719e-10 3.99369e-10 1.04222e-09 2.33854e-09 4.62185e-09 8.16434e-09 1.30183e-08 1.88763e-08 2.50409e-08 3.05593e-08 3.45039e-08 3.62914e-08 3.5912e-08 3.39832e-08 3.16365e-08 3.03159e-08 3.157e-08 3.68394e-08 4.71218e-08 6.23558e-08 8.05701e-08 9.73865e-08 1.06906e-07 1.04377e-07 8.92143e-08 6.58846e-08 4.1614e-08 2.23803e-08 1.02789e-08 4.06298e-09 1.39199e-09 4.14283e-10 1.06602e-10 2.33487e-11 4.18941e-12 5.58193e-13 3.9601e-14 0 
0 4.2976e-13 3.39692e-12 1.42179e-11 4.41423e-11 1.12835e-10 2.48602e-10 4.83717e-10 8.43471e-10 1.33113e-09 1.91518e-09 2.52716e-09 3.07514e-09 3.47066e-09 3.65942e-09 3.64354e-09 3.48759e-09 3.30833e-09 3.25469e-09 3.48402e-09 4.13325e-09 5.27531e-09 6.85393e-09 8.61524e-09 1.0098e-08 1.07591e-08 1.02328e-08 8.5735e-09 6.26883e-09 3.97667e-09 2.18322e-09 1.03796e-09 4.28344e-10 1.53756e-10 4.79879e-11 1.29486e-11 2.97219e-12 5.58193e-13 7.77031e-14 5.74665e-15 0 
0 2.77958e-14 2.14369e-13 8.76578e-13 2.66334e-12 6.67583e-12 1.44555e-11 2.77092e-11 4.77166e-11 7.45501e-11 1.06443e-10 1.39718e-10 1.69529e-10 1.9128e-10 2.02241e-10 2.02728e-10 1.96452e-10 1.89997e-10 1.91691e-10 2.10104e-10 2.52062e-10 3.19877e-10 4.07876e-10 4.99806e-10 5.70273e-10 5.92856e-10 5.53004e-10 4.57724e-10 3.33589e-10 2.1303e-10 1.1892e-10 5.80002e-11 2.47259e-11 9.21411e-12 2.99509e-12 8.43204e-13 2.02056e-13 3.9601e-14 5.74665e-15 4.42348e-16 0 
0 0 0 0 0 0 0 0 0 0 0 0 0 0 0 0 0 0 0 0 0 0 0 0 0 0 0 0 0 0 0 0 0 0 0 0 0 0 0 0 0 
