0 0 0 0 0 0 0 0 0 0 0 0 0 0 0 0 0 0 0 0 0 0 0 0 0 0 0 0 0 0 0 0 0 0 0 0 0 0 0 0 0 
0 1.6275e-07 1.47589e-06 6.73384e-06 2.14535e-05 5.29589e-05 0.000106983 0.000183982 0.000278162 0.000379498 0.000476787 0.000560016 0.000621621 0.000656915 0.000664054 0.000643787 0.000599099 0.00053479 0.000456984 0.000372548 0.000288425 0.000210859 0.000144625 9.24271e-05 5.46656e-05 2.9742e-05 1.48155e-05 6.73657e-06 2.79226e-06 1.05508e-06 3.63732e-07 1.14503e-07 3.29177e-08 8.62771e-09 2.05177e-09 4.38147e-10 8.22821e-11 1.3012e-11 1.56341e-12 1.01936e-13 0 
0 1.47589e-06 1.38209e-05 6.35796e-05 0.000197627 0.000460882 0.000860767 0.00135924 0.00189726 0.00241954 0.00288373 0.00325997 0.00352858 0.00367861 0.00370712 0.0036185 0.0034235 0.00313797 0.00278156 0.00237656 0.00194709 0.00151859 0.00111689 0.000765999 0.000484009 0.000278585 0.000144766 6.75675e-05 2.82947e-05 1.06541e-05 3.62144e-06 1.11571e-06 3.12421e-07 7.95492e-08 1.8357e-08 3.80349e-09 6.93458e-10 1.0658e-10 1.24627e-11 7.92e-13 0 
0 6.73384e-06 6.35796e-05 0.000282834 0.00081045 0.00168995 0.00281807 0.00405111 0.00527994 0.00642777 0.00743338 0.00824569 0.00882557 0.00914897 0.00920866 0.00901403 0.00858917 0.0079696 0.00719807 0.00632015 0.00538037 0.00441981 0.00347617 0.00258676 0.00179193 0.00113334 0.000641907 0.000320825 0.000140589 5.41317e-05 1.84574e-05 5.62592e-06 1.54488e-06 3.83791e-07 8.61934e-08 1.73661e-08 3.07949e-09 4.6073e-10 5.25093e-11 3.25713e-12 0 
0 2.14535e-05 0.000197627 0.00081045 0.00205372 0.00379782 0.00580523 0.00791672 0.0100178 0.0119972 0.0137452 0.0151645 0.0161807 0.0167478 0.0168515 0.016508 0.0157607 0.014674 0.0133264 0.011802 0.0101835 0.00854457 0.00694555 0.00543118 0.00403548 0.00279382 0.00175471 0.000971118 0.000463074 0.000188769 6.62488e-05 2.0321e-05 5.53118e-06 1.34991e-06 2.96431e-07 5.82771e-08 1.00788e-08 1.47132e-09 1.63778e-10 9.93501e-12 0 
0 5.29589e-05 0.000460882 0.00168995 0.00379782 0.00646894 0.00947456 0.0126615 0.0158621 0.018893 0.0215764 0.0237581 0.025321 0.0261932 0.0263521 0.0258227 0.024672 0.0230002 0.020929 0.0185901 0.0161137 0.0136181 0.0112021 0.00893902 0.00687412 0.00502957 0.00342289 0.00209464 0.00110882 0.000493366 0.000183422 5.78355e-05 1.58223e-05 3.82729e-06 8.26678e-07 1.59271e-07 2.69568e-08 3.85074e-09 4.19706e-10 2.4955e-11 0 
0 0.000106983 0.000860767 0.00281807 0.00580523 0.00947456 0.0136328 0.0180743 0.0225494 0.0267929 0.0305522 0.0336098 0.0358003 0.0370228 0.0372453 0.0365028 0.0348896 0.0325463 0.0296441 0.0263686 0.0229032 0.019416 0.0160489 0.0129104 0.0100718 0.00756556 0.00539224 0.00354747 0.00206463 0.00101415 0.000408335 0.000135172 3.7738e-05 9.13833e-06 1.95446e-06 3.70805e-07 6.1652e-08 8.64542e-09 9.25228e-10 5.40555e-11 0 
0 0.000183982 0.00135924 0.00405111 0.00791672 0.0126615 0.0180743 0.0238715 0.0297178 0.0352637 0.0401779 0.0441753 0.0470401 0.04864 0.0489314 0.0479598 0.0458497 0.0427859 0.0389925 0.0347118 0.0301845 0.025631 0.0212383 0.0171513 0.0134683 0.0102396 0.00746986 0.00513004 0.0031988 0.00171722 0.000754438 0.000266198 7.68939e-05 1.88231e-05 4.01299e-06 7.53396e-07 1.23532e-07 1.70613e-08 1.79802e-09 1.03489e-10 0 
0 0.000278162 0.00189726 0.00527994 0.0100178 0.0158621 0.0225494 0.0297178 0.036949 0.0438098 0.0498908 0.054846 0.0584179 0.0604307 0.0608002 0.0595746 0.0569329 0.0531254 0.0484281 0.0431327 0.0375333 0.0319029 0.0264736 0.0214258 0.0168836 0.0129148 0.00953276 0.00670294 0.0043674 0.00250942 0.00119454 0.000451722 0.000136282 3.39978e-05 7.2681e-06 1.35634e-06 2.20134e-07 3.00404e-08 3.12648e-09 1.77745e-10 0 
0 0.000379498 0.00241954 0.00642777 0.0119972 0.018893 0.0267929 0.0352637 0.0438098 0.0519203 0.0591276 0.0650654 0.0694326 0.0719348 0.0723995 0.0708734 0.0676113 0.0629969 0.0573966 0.0511281 0.0445103 0.0378573 0.0314433 0.0254821 0.0201218 0.015445 0.0114733 0.00817273 0.00546773 0.00329289 0.00167281 0.000675279 0.0002135 5.4553e-05 1.17471e-05 2.1873e-06 3.52546e-07 4.7678e-08 4.91392e-09 2.76639e-10 0 
0 0.000476787 0.00288373 0.00743338 0.0137452 0.0215764 0.0305522 0.0401779 0.0498908 0.0591276 0.0674173 0.0743456 0.0793725 0.0821244 0.0826287 0.080991 0.0773095 0.0719238 0.0654123 0.0582301 0.0506994 0.0431391 0.0358515 0.0290798 0.0229929 0.017686 0.0131871 0.0094633 0.00643127 0.0039941 0.00212925 0.000908209 0.000300157 7.86682e-05 1.71068e-05 3.1869e-06 5.11513e-07 6.87381e-08 7.03356e-09 3.93053e-10 0 
0 0.000560016 0.00325997 0.00824569 0.0151645 0.0237581 0.0336098 0.0441753 0.054846 0.0650654 0.0743456 0.0818778 0.0868579 0.089388 0.0898517 0.0883884 0.0848962 0.0792939 0.0720701 0.0640566 0.0557466 0.0474424 0.0394434 0.0320114 0.0253322 0.0195113 0.0145812 0.0105095 0.00720907 0.00456464 0.00251581 0.0011193 0.000383986 0.000103016 2.26339e-05 4.22572e-06 6.7685e-07 9.05886e-08 9.22425e-09 5.12843e-10 0 
0 0.000621621 0.00352858 0.00882557 0.0161807 0.025321 0.0358003 0.0470401 0.0584179 0.0694326 0.0793725 0.0868579 0.091437 0.0937159 0.094142 0.0928418 0.0896864 0.0843725 0.0769337 0.0683066 0.0593856 0.0505356 0.0420252 0.0341192 0.0270146 0.0208243 0.0155837 0.0112609 0.00776632 0.00497477 0.00280063 0.00128264 0.00045235 0.00012363 2.74101e-05 5.13185e-06 8.21581e-07 1.09731e-07 1.11428e-08 6.17679e-10 0 
0 0.000656915 0.00367861 0.00914897 0.0167478 0.0261932 0.0370228 0.04864 0.0604307 0.0719348 0.0821244 0.089388 0.0937159 0.0958705 0.0962796 0.0950594 0.0920875 0.0870255 0.0796534 0.0707328 0.0614418 0.052276 0.0434783 0.0353066 0.0279635 0.0215658 0.0161507 0.0116865 0.0080826 0.00520895 0.00296653 0.00138138 0.000495428 0.000137045 3.0583e-05 5.74145e-06 9.19783e-07 1.22808e-07 1.24616e-08 6.90205e-10 0 
0 0.000664054 0.00370712 0.00920866 0.0168515 0.0263521 0.0372453 0.0489314 0.0608002 0.0723995 0.0826287 0.0898517 0.094142 0.0962796 0.0966877 0.0954813 0.0925396 0.0875229 0.0801731 0.0712041 0.0618417 0.052616 0.0437647 0.0355431 0.0281546 0.0217174 0.0162689 0.0117776 0.00815289 0.00526397 0.00300849 0.00140845 0.000508143 0.000141254 3.16295e-05 5.95145e-06 9.55018e-07 1.27692e-07 1.29746e-08 7.19618e-10 0 
0 0.000643787 0.0036185 0.00901403 0.016508 0.0258227 0.0365028 0.0479598 0.0595746 0.0708734 0.080991 0.0883884 0.0928418 0.0950594 0.0954813 0.0942291 0.0911782 0.0860011 0.0785793 0.0697705 0.0606362 0.0516035 0.0429249 0.0348619 0.0276153 0.0213007 0.0159552 0.0115473 0.00798768 0.00514804 0.00293187 0.00136596 0.000490771 0.000136179 3.05092e-05 5.75249e-06 9.2578e-07 1.24205e-07 1.26675e-08 7.05407e-10 0 
0 0.000599099 0.0034235 0.00858917 0.0157607 0.024672 0.0348896 0.0458497 0.0569329 0.0676113 0.0773095 0.0848962 0.0896864 0.0920875 0.0925396 0.0911782 0.0878813 0.0824184 0.0750309 0.0666558 0.0579948 0.0493713 0.0410691 0.0333535 0.0264179 0.0203729 0.0152536 0.0110291 0.00761186 0.00487996 0.00275131 0.00126423 0.000448552 0.000123606 2.76619e-05 5.23011e-06 8.45887e-07 1.14188e-07 1.17266e-08 6.57865e-10 0 
0 0.00053479 0.00313797 0.0079696 0.014674 0.0230002 0.0325463 0.0427859 0.0531254 0.0629969 0.0719238 0.0792939 0.0843725 0.0870255 0.0875229 0.0860011 0.0824184 0.0768594 0.0698924 0.0621912 0.0541623 0.0461174 0.0383619 0.0311528 0.0246709 0.0190195 0.0142303 0.0102729 0.00706276 0.00448849 0.00249046 0.00112076 0.000390619 0.000106686 2.38697e-05 4.5377e-06 7.40255e-07 1.0097e-07 1.04878e-08 5.95441e-10 0 
0 0.000456984 0.00278156 0.00719807 0.0133264 0.020929 0.0296441 0.0389925 0.0484281 0.0573966 0.0654123 0.0720701 0.0769337 0.0796534 0.0801731 0.0785793 0.0750309 0.0698924 0.063655 0.0567197 0.0494196 0.0420818 0.0350046 0.0284249 0.0225074 0.0173455 0.012967 0.00934122 0.00638837 0.00401262 0.00218236 0.000959146 0.00032849 8.92155e-05 2.00571e-05 3.85622e-06 6.38423e-07 8.85216e-08 9.35323e-09 5.40215e-10 0 
0 0.000372548 0.00237656 0.00632015 0.011802 0.0185901 0.0263686 0.0347118 0.0431327 0.0511281 0.0582301 0.0640566 0.0683066 0.0707328 0.0712041 0.0697705 0.0666558 0.0621912 0.0567197 0.0505688 0.0440661 0.0375248 0.0312155 0.0253492 0.0200721 0.0154663 0.0115545 0.00830565 0.00564707 0.0035036 0.00187046 0.000807526 0.000274452 7.49582e-05 1.71134e-05 3.35851e-06 5.68631e-07 8.06377e-08 8.7057e-09 5.12972e-10 0 
0 0.000288425 0.00194709 0.00538037 0.0101835 0.0161137 0.0229032 0.0301845 0.0375333 0.0445103 0.0506994 0.0557466 0.0593856 0.0614418 0.0618417 0.0606362 0.0579948 0.0541623 0.0494196 0.0440661 0.0384021 0.0327051 0.0272112 0.0221039 0.0175097 0.0134984 0.0100869 0.00724508 0.00491045 0.00302879 0.00160879 0.000696442 0.000240237 6.72403e-05 1.57955e-05 3.18856e-06 5.53906e-07 8.03219e-08 8.83572e-09 5.28657e-10 0 
0 0.000210859 0.00151859 0.00441981 0.00854457 0.0136181 0.019416 0.025631 0.0319029 0.0378573 0.0431391 0.0474424 0.0505356 0.052276 0.052616 0.0516035 0.0493713 0.0461174 0.0420818 0.0375248 0.0327051 0.0278598 0.0231905 0.018853 0.0149545 0.0115532 0.0086618 0.00625263 0.00427236 0.00267434 0.00145792 0.000655588 0.000236229 6.88447e-05 1.6702e-05 3.45152e-06 6.09248e-07 8.92475e-08 9.87319e-09 5.92037e-10 0 
0 0.000144625 0.00111689 0.00347617 0.00694555 0.0112021 0.0160489 0.0212383 0.0264736 0.0314433 0.0358515 0.0394434 0.0420252 0.0434783 0.0437647 0.0429249 0.0410691 0.0383619 0.0350046 0.0312155 0.0272112 0.0231905 0.0193219 0.0157366 0.0125268 0.00974904 0.00741953 0.00549858 0.00390119 0.00256115 0.00148057 0.000710558 0.000271002 8.19482e-05 2.02249e-05 4.19429e-06 7.37075e-07 1.07025e-07 1.17088e-08 6.93528e-10 0 
0 9.24271e-05 0.000765999 0.00258676 0.00543118 0.00893902 0.0129104 0.0171513 0.0214258 0.0254821 0.0290798 0.0320114 0.0341192 0.0353066 0.0355431 0.0348619 0.0333535 0.0311528 0.0284249 0.0253492 0.0221039 0.018853 0.0157366 0.0128698 0.0103588 0.0083205 0.00681493 0.00566598 0.00449502 0.00314641 0.0018632 0.000912793 0.000356046 0.000108334 2.64068e-05 5.35846e-06 9.19013e-07 1.30242e-07 1.39217e-08 8.0687e-10 0 
0 5.46656e-05 0.000484009 0.00179193 0.00403548 0.00687412 0.0100718 0.0134683 0.0168836 0.0201218 0.0229929 0.0253322 0.0270146 0.0279635 0.0281546 0.0276153 0.0264179 0.0246709 0.0225074 0.0200721 0.0175097 0.0149545 0.0125268 0.0103588 0.00869716 0.00801695 0.00866333 0.00979206 0.00943008 0.00687337 0.00371547 0.00156566 0.000542996 0.000152985 3.49818e-05 6.73384e-06 1.10865e-06 1.52005e-07 1.57922e-08 8.92601e-10 0 
0 2.9742e-05 0.000278585 0.00113334 0.00279382 0.00502957 0.00756556 0.0102396 0.0129148 0.015445 0.017686 0.0195113 0.0208243 0.0215658 0.0217174 0.0213007 0.0203729 0.0190195 0.0173455 0.0154663 0.0134984 0.0115532 0.00974904 0.0083205 0.00801695 0.0106014 0.017476 0.0255257 0.0276798 0.0201007 0.0101714 0.00363439 0.00100189 0.000232052 4.58775e-05 7.98775e-06 1.23788e-06 1.63394e-07 1.64996e-08 9.10722e-10 0 
0 1.48155e-05 0.000144766 0.000641907 0.00175471 0.00342289 0.00539224 0.00746986 0.00953276 0.0114733 0.0131871 0.0145812 0.0155837 0.0161507 0.0162689 0.0159552 0.0152536 0.0142303 0.012967 0.0115545 0.0100869 0.0086618 0.00741953 0.00681493 0.00866333 0.017476 0.0368237 0.0655173 0.0741134 0.0500034 0.0236795 0.00796639 0.00190296 0.000359257 5.83279e-05 8.7338e-06 1.2432e-06 1.57401e-07 1.55033e-08 8.39597e-10 0 
0 6.73657e-06 6.75675e-05 0.000320825 0.000971118 0.00209464 0.00354747 0.00513004 0.00670294 0.00817273 0.0094633 0.0105095 0.0112609 0.0116865 0.0117776 0.0115473 0.0110291 0.0102729 0.00934122 0.00830565 0.00724508 0.00625263 0.00549858 0.00566598 0.00979206 0.0255257 0.0655173 0.0874034 0.0898826 0.081822 0.0414768 0.0128395 0.00290466 0.000486036 6.68498e-05 8.51926e-06 1.09782e-06 1.33303e-07 1.28887e-08 6.89698e-10 0 
0 2.79226e-06 2.82947e-05 0.000140589 0.000463074 0.00110882 0.00206463 0.0031988 0.0043674 0.00546773 0.00643127 0.00720907 0.00776632 0.0080826 0.00815289 0.00798768 0.00761186 0.00706276 0.00638837 0.00564707 0.00491045 0.00427236 0.00390119 0.00449502 0.00943008 0.0276798 0.0741134 0.0898826 0.0918351 0.085427 0.0494547 0.0141551 0.00314586 0.000499372 6.21946e-05 7.02271e-06 8.31695e-07 9.78281e-08 9.37661e-09 5.00148e-10 0 
0 1.05508e-06 1.06541e-05 5.41317e-05 0.000188769 0.000493366 0.00101415 0.00171722 0.00250942 0.00329289 0.0039941 0.00456464 0.00497477 0.00520895 0.00526397 0.00514804 0.00487996 0.00448849 0.00401262 0.0035036 0.00302879 0.00267434 0.00256115 0.00314641 0.00687337 0.0201007 0.0500034 0.081822 0.085427 0.0706835 0.0320473 0.0104837 0.002324 0.000363333 4.33792e-05 4.62707e-06 5.2755e-07 6.15708e-08 5.92903e-09 3.18331e-10 0 
0 3.63732e-07 3.62144e-06 1.84574e-05 6.62488e-05 0.000183422 0.000408335 0.000754438 0.00119454 0.00167281 0.00212925 0.00251581 0.00280063 0.00296653 0.00300849 0.00293187 0.00275131 0.00249046 0.00218236 0.00187046 0.00160879 0.00145792 0.00148057 0.0018632 0.00371547 0.0101714 0.0236795 0.0414768 0.0494547 0.0320473 0.0157532 0.00519519 0.00116108 0.000182839 2.18778e-05 2.36368e-06 2.76498e-07 3.308e-08 3.24882e-09 1.77304e-10 0 
0 1.14503e-07 1.11571e-06 5.62592e-06 2.0321e-05 5.78355e-05 0.000135172 0.000266198 0.000451722 0.000675279 0.000908209 0.0011193 0.00128264 0.00138138 0.00140845 0.00136596 0.00126423 0.00112076 0.000959146 0.000807526 0.000696442 0.000655588 0.000710558 0.000912793 0.00156566 0.00363439 0.00796639 0.0128395 0.0141551 0.0104837 0.00519519 0.00173049 0.000394404 6.37594e-05 8.00564e-06 9.43186e-07 1.20449e-07 1.52046e-08 1.54292e-09 8.63454e-11 0 
0 3.29177e-08 3.12421e-07 1.54488e-06 5.53118e-06 1.58223e-05 3.7738e-05 7.68939e-05 0.000136282 0.0002135 0.000300157 0.000383986 0.00045235 0.000495428 0.000508143 0.000490771 0.000448552 0.000390619 0.00032849 0.000274452 0.000240237 0.000236229 0.000271002 0.000356046 0.000542996 0.00100189 0.00190296 0.00290466 0.00314586 0.002324 0.00116108 0.000394404 9.27514e-05 1.5853e-05 2.2241e-06 3.07137e-07 4.45267e-08 6.01795e-09 6.36341e-10 3.67724e-11 0 
0 8.62771e-09 7.95492e-08 3.83791e-07 1.34991e-06 3.82729e-06 9.13833e-06 1.88231e-05 3.39978e-05 5.4553e-05 7.86682e-05 0.000103016 0.00012363 0.000137045 0.000141254 0.000136179 0.000123606 0.000106686 8.92155e-05 7.49582e-05 6.72403e-05 6.88447e-05 8.19482e-05 0.000108334 0.000152985 0.000232052 0.000359257 0.000486036 0.000499372 0.000363333 0.000182839 6.37594e-05 1.5853e-05 3.03482e-06 5.13633e-07 8.65858e-08 1.4266e-08 2.06388e-09 2.28333e-10 1.36939e-11 0 
0 2.05177e-09 1.8357e-08 8.61934e-08 2.96431e-07 8.26678e-07 1.95446e-06 4.01299e-06 7.2681e-06 1.17471e-05 1.71068e-05 2.26339e-05 2.74101e-05 3.0583e-05 3.16295e-05 3.05092e-05 2.76619e-05 2.38697e-05 2.00571e-05 1.71134e-05 1.57955e-05 1.6702e-05 2.02249e-05 2.64068e-05 3.49818e-05 4.58775e-05 5.83279e-05 6.68498e-05 6.21946e-05 4.33792e-05 2.18778e-05 8.00564e-06 2.2241e-06 5.13633e-07 1.08947e-07 2.19153e-08 3.99613e-09 6.14568e-10 7.12466e-11 4.44925e-12 0 
0 4.38147e-10 3.80349e-09 1.73661e-08 5.82771e-08 1.59271e-07 3.70805e-07 7.53396e-07 1.35634e-06 2.1873e-06 3.1869e-06 4.22572e-06 5.13185e-06 5.74145e-06 5.95145e-06 5.75249e-06 5.23011e-06 4.5377e-06 3.85622e-06 3.35851e-06 3.18856e-06 3.45152e-06 4.19429e-06 5.35846e-06 6.73384e-06 7.98775e-06 8.7338e-06 8.51926e-06 7.02271e-06 4.62707e-06 2.36368e-06 9.43186e-07 3.07137e-07 8.65858e-08 2.19153e-08 4.95827e-09 9.73516e-10 1.58174e-10 1.92219e-11 1.25224e-12 0 
0 8.22821e-11 6.93458e-10 3.07949e-09 1.00788e-08 2.69568e-08 6.1652e-08 1.23532e-07 2.20134e-07 3.52546e-07 5.11513e-07 6.7685e-07 8.21581e-07 9.19783e-07 9.55018e-07 9.2578e-07 8.45887e-07 7.40255e-07 6.38423e-07 5.68631e-07 5.53906e-07 6.09248e-07 7.37075e-07 9.19013e-07 1.10865e-06 1.23788e-06 1.2432e-06 1.09782e-06 8.31695e-07 5.2755e-07 2.76498e-07 1.20449e-07 4.45267e-08 1.4266e-08 3.99613e-09 9.73516e-10 2.0263e-10 3.46487e-11 4.41194e-12 3.00026e-13 0 
0 1.3012e-11 1.0658e-10 4.6073e-10 1.47132e-09 3.85074e-09 8.64542e-09 1.70613e-08 3.00404e-08 4.7678e-08 6.87381e-08 9.05886e-08 1.09731e-07 1.22808e-07 1.27692e-07 1.24205e-07 1.14188e-07 1.0097e-07 8.85216e-08 8.06377e-08 8.03219e-08 8.92475e-08 1.07025e-07 1.30242e-07 1.52005e-07 1.63394e-07 1.57401e-07 1.33303e-07 9.78281e-08 6.15708e-08 3.308e-08 1.52046e-08 6.01795e-09 2.06388e-09 6.14568e-10 1.58174e-10 3.46487e-11 6.21785e-12 8.28611e-13 5.87984e-14 0 
0 1.56341e-12 1.24627e-11 5.25093e-11 1.63778e-10 4.19706e-10 9.25228e-10 1.79802e-09 3.12648e-09 4.91392e-09 7.03356e-09 9.22425e-09 1.11428e-08 1.24616e-08 1.29746e-08 1.26675e-08 1.17266e-08 1.04878e-08 9.35323e-09 8.7057e-09 8.83572e-09 9.87319e-09 1.17088e-08 1.39217e-08 1.57922e-08 1.64996e-08 1.55033e-08 1.28887e-08 9.37661e-09 5.92903e-09 3.24882e-09 1.54292e-09 6.36341e-10 2.28333e-10 7.12466e-11 1.92219e-11 4.41194e-12 8.28611e-13 1.15357e-13 8.53255e-15 0 
0 1.01936e-13 7.92e-13 3.25713e-12 9.93501e-12 2.4955e-11 5.40555e-11 1.03489e-10 1.77745e-10 2.76639e-10 3.93053e-10 5.12843e-10 6.17679e-10 6.90205e-10 7.19618e-10 7.05407e-10 6.57865e-10 5.95441e-10 5.40215e-10 5.12972e-10 5.28657e-10 5.92037e-10 6.93528e-10 8.0687e-10 8.92601e-10 9.10722e-10 8.39597e-10 6.89698e-10 5.00148e-10 3.18331e-10 1.77304e-10 8.63454e-11 3.67724e-11 1.36939e-11 4.44925e-12 1.25224e-12 3.00026e-13 5.87984e-14 8.53255e-15 6.56837e-16 0 
0 0 0 0 0 0 0 0 0 0 0 0 0 0 0 0 0 0 0 0 0 0 0 0 0 0 0 0 0 0 0 0 0 0 0 0 0 0 0 0 0 
