0 0 0 0 0 0 0 0 0 0 0 0 0 0 0 0 0 0 0 0 0 0 0 0 0 0 0 0 0 0 0 0 0 0 0 0 0 0 0 0 0 
0 4.41631e-07 3.92307e-06 1.7192e-05 5.16021e-05 0.00011845 0.000221669 0.000354783 0.000504097 0.000653949 0.000790376 0.000902635 0.000983444 0.00102874 0.00103731 0.00101045 0.000951609 0.000866001 0.000760238 0.000641917 0.000519162 0.000400026 0.000291747 0.000199904 0.000127654 7.53558e-05 4.08144e-05 2.0158e-05 9.0398e-06 3.67261e-06 1.35097e-06 4.50108e-07 1.35857e-07 3.71064e-08 9.13374e-09 2.00693e-09 3.85826e-10 6.21922e-11 7.58967e-12 5.01154e-13 0 
0 3.92307e-06 3.55507e-05 0.000152964 0.000431033 0.000898366 0.00150887 0.00218382 0.00285578 0.00347791 0.00401717 0.00444873 0.00475459 0.00492405 0.00495446 0.00485112 0.00462639 0.00429808 0.00388746 0.00341727 0.00291039 0.00238928 0.00187653 0.00139563 0.000970428 0.00062188 0.000362092 0.000189288 8.8166e-05 3.64945e-05 1.34477e-05 4.42932e-06 1.30954e-06 3.48332e-07 8.32397e-08 1.77331e-08 3.30518e-09 5.16917e-10 6.12836e-11 3.93739e-12 0 
0 1.7192e-05 0.000152964 0.000608358 0.0015091 0.00274916 0.00414745 0.00558874 0.0070022 0.00832247 0.00948285 0.0104223 0.0110932 0.0114662 0.0115325 0.0113031 0.010807 0.0100866 0.00919347 0.00818256 0.00710697 0.00601333 0.0049387 0.00391054 0.00295141 0.00208709 0.00135227 0.000783477 0.000397653 0.00017484 6.65895e-05 2.21445e-05 6.49855e-06 1.6972e-06 3.95764e-07 8.20289e-08 1.48608e-08 2.25976e-09 2.60752e-10 1.6329e-11 0 
0 5.16021e-05 0.000431033 0.0015091 0.00325662 0.00538074 0.0077159 0.0101672 0.012619 0.0149356 0.0169833 0.0186456 0.0198341 0.0204952 0.0206124 0.0202053 0.0193255 0.0180493 0.0164695 0.0146864 0.0127989 0.0108972 0.00905566 0.0073283 0.00574562 0.00431851 0.00305266 0.00197106 0.00112198 0.0005457 0.00022337 7.72797e-05 2.29653e-05 5.96328e-06 1.36773e-06 2.77283e-07 4.90177e-08 7.26954e-09 8.18558e-10 5.00793e-11 0 
0 0.00011845 0.000898366 0.00274916 0.00538074 0.00851371 0.0120319 0.0157781 0.0195449 0.0231106 0.0262643 0.0288251 0.0306563 0.0316748 0.0318552 0.0312278 0.029872 0.0279056 0.0254719 0.0227259 0.0198213 0.0168988 0.0140777 0.0114499 0.00907532 0.00697923 0.00515431 0.0035784 0.00225254 0.00122719 0.000555925 0.000206379 6.35999e-05 1.66794e-05 3.80049e-06 7.58618e-07 1.31487e-07 1.90895e-08 2.10413e-09 1.26107e-10 0 
0 0.000221669 0.00150887 0.00414745 0.0077159 0.0120319 0.0169379 0.0221798 0.027455 0.0324499 0.0368682 0.0404564 0.0430237 0.0444538 0.0447075 0.0438257 0.0419235 0.0391675 0.0357578 0.031911 0.0278425 0.0237501 0.0198021 0.0161295 0.0128226 0.00992949 0.00745466 0.00536221 0.00359974 0.0021541 0.00108507 0.000441125 0.000144091 3.8797e-05 8.87769e-06 1.75741e-06 3.00199e-07 4.28394e-08 4.63795e-09 2.73106e-10 0 
0 0.000354783 0.00218382 0.00558874 0.0101672 0.0157781 0.0221798 0.0290245 0.035914 0.042438 0.048216 0.0529743 0.0566288 0.0589323 0.059377 0.0578965 0.0550124 0.0512463 0.046762 0.0417347 0.0364211 0.0310769 0.0259221 0.0211286 0.0168163 0.0130528 0.00985618 0.0071952 0.0049963 0.00318301 0.00175276 0.000782651 0.000274749 7.70127e-05 1.78778e-05 3.53434e-06 5.98045e-07 8.42258e-08 8.98704e-09 5.21505e-10 0 
0 0.000504097 0.00285578 0.0070022 0.012619 0.0195449 0.027455 0.035914 0.0444291 0.052511 0.0599859 0.0675889 0.0740738 0.0776046 0.0782396 0.0761795 0.0713187 0.0645728 0.0579976 0.0516353 0.0450574 0.0384525 0.0320825 0.0261598 0.0208332 0.0161881 0.0122519 0.00899861 0.00635084 0.00419761 0.00246501 0.00119506 0.000452147 0.000133064 3.15847e-05 6.27297e-06 1.05625e-06 1.47361e-07 1.55474e-08 8.91651e-10 0 
0 0.000653949 0.00347791 0.00832247 0.0149356 0.0231106 0.0324499 0.042438 0.052511 0.062532 0.0741081 0.0831972 0.087684 0.0897139 0.0901008 0.0889919 0.0860859 0.0802643 0.0705885 0.0612475 0.0532499 0.045438 0.0379167 0.0309244 0.0246365 0.0191548 0.0145137 0.010689 0.00760252 0.00512846 0.00314194 0.00162428 0.000657933 0.000203678 4.96528e-05 9.9489e-06 1.6731e-06 2.3198e-07 2.42719e-08 1.37946e-09 0 
0 0.000790376 0.00401717 0.00948285 0.0169833 0.0262643 0.0368682 0.048216 0.0599859 0.0741081 0.085626 0.0911702 0.0941544 0.0956232 0.0959282 0.095147 0.0931551 0.0895184 0.0829749 0.0714981 0.0606743 0.0516263 0.0430788 0.0351399 0.0280014 0.0217789 0.0165126 0.0121781 0.00869517 0.00593132 0.00373136 0.00202023 0.000865489 0.000280705 7.03206e-05 1.42453e-05 2.39866e-06 3.31387e-07 3.44727e-08 1.94628e-09 0 
0 0.000902635 0.00444873 0.0104223 0.0186456 0.0288251 0.0404564 0.0529743 0.0675889 0.0831972 0.0911702 0.0954182 0.0978662 0.0991142 0.0993871 0.0987401 0.0970988 0.0942093 0.0894108 0.0807561 0.0675917 0.0567099 0.0472735 0.0385643 0.0307347 0.0239104 0.0181358 0.0133856 0.0095768 0.00657282 0.00420169 0.00234683 0.00104853 0.000353356 9.07021e-05 1.85771e-05 3.13627e-06 4.32565e-07 4.48331e-08 2.51993e-09 0 
0 0.000983444 0.00475459 0.0110932 0.0198341 0.0306563 0.0430237 0.0566288 0.0740738 0.087684 0.0941544 0.0978662 0.100074 0.101219 0.101477 0.100895 0.0994162 0.096852 0.0927406 0.0858338 0.0734397 0.0605213 0.0502802 0.0410148 0.0326908 0.0254358 0.0192973 0.0142493 0.0102059 0.0070278 0.00453414 0.00258204 0.00118668 0.000411167 0.000107545 2.2231e-05 3.76418e-06 5.18978e-07 5.3686e-08 3.00973e-09 0 
0 0.00102874 0.00492405 0.0114662 0.0204952 0.0316748 0.0444538 0.0589323 0.0776046 0.0897139 0.0956232 0.0991142 0.101219 0.102319 0.102571 0.102018 0.10061 0.0981849 0.094352 0.088109 0.0767621 0.0628207 0.0519618 0.0423804 0.033781 0.0262862 0.0199451 0.014731 0.0105567 0.00728104 0.00471922 0.00271491 0.00126745 0.000446349 0.000118118 2.45687e-05 4.17036e-06 5.75256e-07 5.94791e-08 3.33151e-09 0 
0 0.00103731 0.00495446 0.0115325 0.0206124 0.0318552 0.0447075 0.059377 0.0782396 0.0901008 0.0959282 0.0993871 0.101477 0.102571 0.102823 0.102274 0.100877 0.0984718 0.0946801 0.0885346 0.0773733 0.0632582 0.0522655 0.0426267 0.0339782 0.0264405 0.0200631 0.0148194 0.0106216 0.0073289 0.00475568 0.00274297 0.00128597 0.000455042 0.000120891 2.5211e-05 4.28636e-06 5.91894e-07 6.12485e-08 3.43296e-09 0 
0 0.00101045 0.00485112 0.0113031 0.0202053 0.0312278 0.0438257 0.0578965 0.0761795 0.0889919 0.095147 0.0987401 0.100895 0.102018 0.102274 0.101707 0.100265 0.0977751 0.0938168 0.087287 0.0754065 0.0618126 0.0512373 0.0417944 0.0333148 0.0259241 0.0196709 0.0145289 0.0104117 0.00717969 0.00465002 0.00267068 0.00124417 0.000437596 0.000115843 2.41361e-05 4.10688e-06 5.68065e-07 5.89071e-08 3.30938e-09 0 
0 0.000951609 0.00462639 0.010807 0.0193255 0.029872 0.0419235 0.0550124 0.0713187 0.0860859 0.0931551 0.0970988 0.0994162 0.10061 0.100877 0.100265 0.0987131 0.0960056 0.0916059 0.083997 0.0709439 0.058884 0.0490172 0.0399896 0.0318757 0.0248034 0.0188191 0.0138973 0.00995412 0.00685252 0.00441584 0.0025086 0.00114994 0.000398173 0.000104374 2.16679e-05 3.68861e-06 5.11557e-07 5.32439e-08 3.00384e-09 0 
0 0.000866001 0.00429808 0.0100866 0.0180493 0.0279056 0.0391675 0.0512463 0.0645728 0.0802643 0.0895184 0.0942093 0.096852 0.0981849 0.0984718 0.0977751 0.0960056 0.0928561 0.0874989 0.0775833 0.0649574 0.0549079 0.0458039 0.0373702 0.0297869 0.0231767 0.0175827 0.0129804 0.00928905 0.0063753 0.00407307 0.00227322 0.00101641 0.000343918 8.89068e-05 1.83701e-05 3.13099e-06 4.36112e-07 4.56593e-08 2.59303e-09 0 
0 0.000760238 0.00388746 0.00919347 0.0164695 0.0254719 0.0357578 0.046762 0.0579976 0.0705885 0.0829749 0.0894108 0.0927406 0.094352 0.0946801 0.0938168 0.0916059 0.0874989 0.0798554 0.0684752 0.0587996 0.0501173 0.0418299 0.034128 0.027202 0.0211641 0.0160534 0.0118465 0.00846563 0.00578259 0.00364798 0.00198759 0.000861422 0.00028382 7.23215e-05 1.48948e-05 2.54796e-06 3.57482e-07 3.77632e-08 2.1654e-09 0 
0 0.000641917 0.00341727 0.00818256 0.0146864 0.0227259 0.031911 0.0417347 0.0516353 0.0612475 0.0714981 0.0807561 0.0858338 0.088109 0.0885346 0.087287 0.083997 0.0775833 0.0684752 0.0601661 0.0524179 0.0447427 0.0373471 0.0304709 0.0242871 0.0188957 0.014331 0.01057 0.00753805 0.00511482 0.00317518 0.00168309 0.000706631 0.000227382 5.73829e-05 1.18376e-05 2.04163e-06 2.89694e-07 3.09868e-08 1.7995e-09 0 
0 0.000519162 0.00291039 0.00710697 0.0127989 0.0198213 0.0278425 0.0364211 0.0450574 0.0532499 0.0606743 0.0675917 0.0734397 0.0767621 0.0773733 0.0754065 0.0709439 0.0649574 0.0587996 0.0524179 0.0457557 0.0390624 0.0326069 0.026605 0.0212075 0.0165012 0.0125153 0.00922666 0.00656465 0.00442227 0.00270366 0.00140148 0.00057598 0.000183294 4.63048e-05 9.64138e-06 1.68492e-06 2.42538e-07 2.63113e-08 1.5482e-09 0 
0 0.000400026 0.00238928 0.00601333 0.0108972 0.0168988 0.0237501 0.0310769 0.0384525 0.045438 0.0516263 0.0567099 0.0605213 0.0628207 0.0632582 0.0618126 0.058884 0.0549079 0.0501173 0.0447427 0.0390624 0.0333499 0.0278409 0.0227198 0.0181154 0.0141024 0.0107048 0.00789937 0.00562108 0.0037808 0.00230556 0.00119396 0.000492588 0.000158272 4.05144e-05 8.55373e-06 1.51416e-06 2.20387e-07 2.41284e-08 1.43013e-09 0 
0 0.000291747 0.00187653 0.0049387 0.00905566 0.0140777 0.0198021 0.0259221 0.0320825 0.0379167 0.0430788 0.0472735 0.0502802 0.0519618 0.0522655 0.0512373 0.0490172 0.0458039 0.0418299 0.0373471 0.0326069 0.0278409 0.0232462 0.0189777 0.0151476 0.0118283 0.00904801 0.00676952 0.00489925 0.00335047 0.00208484 0.00111121 0.00047339 0.000156015 4.05358e-05 8.61345e-06 1.52651e-06 2.21773e-07 2.41923e-08 1.42714e-09 0 
0 0.000199904 0.00139563 0.00391054 0.0073283 0.0114499 0.0161295 0.0211286 0.0261598 0.0309244 0.0351399 0.0385643 0.0410148 0.0423804 0.0426267 0.0417944 0.0399896 0.0373702 0.034128 0.0304709 0.026605 0.0227198 0.0189777 0.015514 0.012457 0.00995371 0.00809337 0.00668929 0.0053064 0.00375746 0.0023068 0.0012196 0.00052821 0.000176714 4.58623e-05 9.62314e-06 1.67641e-06 2.39183e-07 2.56375e-08 1.4876e-09 0 
0 0.000127654 0.000970428 0.00295141 0.00574562 0.00907532 0.0128226 0.0168163 0.0208332 0.0246365 0.0280014 0.0307347 0.0326908 0.033781 0.0339782 0.0333148 0.0318757 0.0297869 0.027202 0.0242871 0.0212075 0.0181154 0.0151476 0.012457 0.0103421 0.0093872 0.010019 0.0112587 0.0108246 0.00789792 0.0042981 0.00186601 0.000702836 0.000221172 5.50888e-05 1.11254e-05 1.87378e-06 2.59627e-07 2.7122e-08 1.53835e-09 0 
0 7.53558e-05 0.00062188 0.00208709 0.00431851 0.00697923 0.00992949 0.0130528 0.0161881 0.0191548 0.0217789 0.0239104 0.0254358 0.0262862 0.0264405 0.0259241 0.0248034 0.0231767 0.0211641 0.0188957 0.0165012 0.0141024 0.0118283 0.00995371 0.0093872 0.0122109 0.0200134 0.0339962 0.0411131 0.0232918 0.0116386 0.00417772 0.00118895 0.000302846 6.67955e-05 1.24826e-05 1.99973e-06 2.67643e-07 2.72077e-08 1.50812e-09 0 
0 4.08144e-05 0.000362092 0.00135227 0.00305266 0.00515431 0.00745466 0.00985618 0.0122519 0.0145137 0.0165126 0.0181358 0.0192973 0.0199451 0.0200631 0.0196709 0.0188191 0.0175827 0.0160534 0.014331 0.0125153 0.0107048 0.00904801 0.00809337 0.010019 0.0200134 0.0488427 0.0774603 0.0795935 0.0687814 0.027353 0.00911261 0.00219444 0.000437519 7.92657e-05 1.30471e-05 1.94986e-06 2.51514e-07 2.49595e-08 1.35751e-09 0 
0 2.0158e-05 0.000189288 0.000783477 0.00197106 0.0035784 0.00536221 0.0071952 0.00899861 0.010689 0.0121781 0.0133856 0.0142493 0.014731 0.0148194 0.0145289 0.0138973 0.0129804 0.0118465 0.01057 0.00922666 0.00789937 0.00676952 0.00668929 0.0112587 0.0339962 0.0774603 0.0855071 0.0864416 0.0821322 0.0592207 0.0146874 0.00332926 0.00057358 8.63981e-05 1.22494e-05 1.68505e-06 2.09739e-07 2.04503e-08 1.09885e-09 0 
0 9.0398e-06 8.8166e-05 0.000397653 0.00112198 0.00225254 0.00359974 0.0049963 0.00635084 0.00760252 0.00869517 0.0095768 0.0102059 0.0105567 0.0106216 0.0104117 0.00995412 0.00928905 0.00846563 0.00753805 0.00656465 0.00562108 0.00489925 0.0053064 0.0108246 0.0411131 0.0795935 0.0864416 0.0873753 0.0839704 0.0687221 0.0165426 0.00360154 0.000583423 7.8288e-05 9.83262e-06 1.25732e-06 1.52423e-07 1.47433e-08 7.89436e-10 0 
0 3.67261e-06 3.64945e-05 0.00017484 0.0005457 0.00122719 0.0021541 0.00318301 0.00419761 0.00512846 0.00593132 0.00657282 0.0070278 0.00728104 0.0073289 0.00717969 0.00685252 0.0063753 0.00578259 0.00511482 0.00442227 0.0037808 0.00335047 0.00375746 0.00789792 0.0232918 0.0687814 0.0821322 0.0839704 0.078477 0.04328 0.0119828 0.00266174 0.000424762 5.42618e-05 6.40959e-06 7.91614e-07 9.53966e-08 9.26968e-09 4.99406e-10 0 
0 1.35097e-06 1.34477e-05 6.65895e-05 0.00022337 0.000555925 0.00108507 0.00175276 0.00246501 0.00314194 0.00373136 0.00420169 0.00453414 0.00471922 0.00475568 0.00465002 0.00441584 0.00407307 0.00364798 0.00317518 0.00270366 0.00230556 0.00208484 0.0023068 0.0042981 0.0116386 0.027353 0.0592207 0.0687221 0.04328 0.0180037 0.00593995 0.00133362 0.000215801 2.76466e-05 3.29391e-06 4.15282e-07 5.11387e-08 5.06165e-09 2.77041e-10 0 
0 4.50108e-07 4.42932e-06 2.21445e-05 7.72797e-05 0.000206379 0.000441125 0.000782651 0.00119506 0.00162428 0.00202023 0.00234683 0.00258204 0.00271491 0.00274297 0.00267068 0.0025086 0.00227322 0.00198759 0.00168309 0.00140148 0.00119396 0.00111121 0.0012196 0.00186601 0.00417772 0.00911261 0.0146874 0.0165426 0.0119828 0.00593995 0.00198289 0.000457622 7.68782e-05 1.03868e-05 1.34169e-06 1.82224e-07 2.35041e-08 2.39884e-09 1.34552e-10 0 
0 1.35857e-07 1.30954e-06 6.49855e-06 2.29653e-05 6.35999e-05 0.000144091 0.000274749 0.000452147 0.000657933 0.000865489 0.00104853 0.00118668 0.00126745 0.00128597 0.00124417 0.00114994 0.00101641 0.000861422 0.000706631 0.00057598 0.000492588 0.00047339 0.00052821 0.000702836 0.00118895 0.00219444 0.00332926 0.00360154 0.00266174 0.00133362 0.000457622 0.000110463 1.98644e-05 3.01266e-06 4.49804e-07 6.79938e-08 9.31048e-09 9.88095e-10 5.71981e-11 0 
0 3.71064e-08 3.48332e-07 1.6972e-06 5.96328e-06 1.66794e-05 3.8797e-05 7.70127e-05 0.000133064 0.000203678 0.000280705 0.000353356 0.000411167 0.000446349 0.000455042 0.000437596 0.000398173 0.000343918 0.00028382 0.000227382 0.000183294 0.000158272 0.000156015 0.000176714 0.000221172 0.000302846 0.000437519 0.00057358 0.000583423 0.000424762 0.000215801 7.68782e-05 1.98644e-05 4.03797e-06 7.33846e-07 1.3031e-07 2.19457e-08 3.19538e-09 3.54269e-10 2.12742e-11 0 
0 9.13374e-09 8.32397e-08 3.95764e-07 1.36773e-06 3.80049e-06 8.87769e-06 1.78778e-05 3.15847e-05 4.96528e-05 7.03206e-05 9.07021e-05 0.000107545 0.000118118 0.000120891 0.000115843 0.000104374 8.89068e-05 7.23215e-05 5.73829e-05 4.63048e-05 4.05144e-05 4.05358e-05 4.58623e-05 5.50888e-05 6.67955e-05 7.92657e-05 8.63981e-05 7.8288e-05 5.42618e-05 2.76466e-05 1.03868e-05 3.01266e-06 7.33846e-07 1.62847e-07 3.35582e-08 6.17246e-09 9.51866e-10 1.10488e-10 6.90658e-12 0 
0 2.00693e-09 1.77331e-08 8.20289e-08 2.77283e-07 7.58618e-07 1.75741e-06 3.53434e-06 6.27297e-06 9.9489e-06 1.42453e-05 1.85771e-05 2.2231e-05 2.45687e-05 2.5211e-05 2.41361e-05 2.16679e-05 1.83701e-05 1.48948e-05 1.18376e-05 9.64138e-06 8.55373e-06 8.61345e-06 9.62314e-06 1.11254e-05 1.24826e-05 1.30471e-05 1.22494e-05 9.83262e-06 6.40959e-06 3.29391e-06 1.34169e-06 4.49804e-07 1.3031e-07 3.35582e-08 7.65106e-09 1.50637e-09 2.45034e-10 2.98012e-11 1.94287e-12 0 
0 3.85826e-10 3.30518e-09 1.48608e-08 4.90177e-08 1.31487e-07 3.00199e-07 5.98045e-07 1.05625e-06 1.6731e-06 2.39866e-06 3.13627e-06 3.76418e-06 4.17036e-06 4.28636e-06 4.10688e-06 3.68861e-06 3.13099e-06 2.54796e-06 2.04163e-06 1.68492e-06 1.51416e-06 1.52651e-06 1.67641e-06 1.87378e-06 1.99973e-06 1.94986e-06 1.68505e-06 1.25732e-06 7.91614e-07 4.15282e-07 1.82224e-07 6.79938e-08 2.19457e-08 6.17246e-09 1.50637e-09 3.13791e-10 5.36855e-11 6.83953e-12 4.65364e-13 0 
0 6.21922e-11 5.16917e-10 2.25976e-09 7.26954e-09 1.90895e-08 4.28394e-08 8.42258e-08 1.47361e-07 2.3198e-07 3.31387e-07 4.32565e-07 5.18978e-07 5.75256e-07 5.91894e-07 5.68065e-07 5.11557e-07 4.36112e-07 3.57482e-07 2.89694e-07 2.42538e-07 2.20387e-07 2.21773e-07 2.39183e-07 2.59627e-07 2.67643e-07 2.51514e-07 2.09739e-07 1.52423e-07 9.53966e-08 5.11387e-08 2.35041e-08 9.31048e-09 3.19538e-09 9.51866e-10 2.45034e-10 5.36855e-11 9.63649e-12 1.2846e-12 9.11909e-14 0 
0 7.58967e-12 6.12836e-11 2.60752e-10 8.18558e-10 2.10413e-09 4.63795e-09 8.98704e-09 1.55474e-08 2.42719e-08 3.44727e-08 4.48331e-08 5.3686e-08 5.94791e-08 6.12485e-08 5.89071e-08 5.32439e-08 4.56593e-08 3.77632e-08 3.09868e-08 2.63113e-08 2.41284e-08 2.41923e-08 2.56375e-08 2.7122e-08 2.72077e-08 2.49595e-08 2.04503e-08 1.47433e-08 9.26968e-09 5.06165e-09 2.39884e-09 9.88095e-10 3.54269e-10 1.10488e-10 2.98012e-11 6.83953e-12 1.2846e-12 1.78867e-13 1.32334e-14 0 
0 5.01154e-13 3.93739e-12 1.6329e-11 5.00793e-11 1.26107e-10 2.73106e-10 5.21505e-10 8.91651e-10 1.37946e-09 1.94628e-09 2.51993e-09 3.00973e-09 3.33151e-09 3.43296e-09 3.30938e-09 3.00384e-09 2.59303e-09 2.1654e-09 1.7995e-09 1.5482e-09 1.43013e-09 1.42714e-09 1.4876e-09 1.53835e-09 1.50812e-09 1.35751e-09 1.09885e-09 7.89436e-10 4.99406e-10 2.77041e-10 1.34552e-10 5.71981e-11 2.12742e-11 6.90658e-12 1.94287e-12 4.65364e-13 9.11909e-14 1.32334e-14 1.01883e-15 0 
0 0 0 0 0 0 0 0 0 0 0 0 0 0 0 0 0 0 0 0 0 0 0 0 0 0 0 0 0 0 0 0 0 0 0 0 0 0 0 0 0 
