0 0 0 0 0 0 0 0 0 0 0 0 0 0 0 0 0 0 0 0 0 0 0 0 0 0 0 0 0 0 0 0 0 0 0 0 0 0 0 0 0 
0 4.65789e-07 4.13142e-06 1.80526e-05 5.39593e-05 0.000123258 0.000229542 0.000365784 0.000517856 0.000669907 0.000807964 0.000921351 0.00100287 0.00104851 0.00105711 0.00103 0.000970622 0.000884197 0.000777321 0.000657585 0.000533112 0.000411992 0.000301545 0.000207481 0.000133124 7.89992e-05 4.30282e-05 2.13737e-05 9.63926e-06 3.93709e-06 1.45532e-06 4.86964e-07 1.47529e-07 4.04213e-08 9.97591e-09 2.19673e-09 4.23064e-10 6.82926e-11 8.34378e-12 5.51462e-13 0 
0 4.13142e-06 3.73476e-05 0.000159922 0.000447624 0.000926294 0.00154614 0.00222728 0.00290314 0.00352797 0.00406931 0.00450252 0.00480955 0.00497964 0.00501008 0.00490621 0.00468047 0.00435078 0.00393853 0.00346655 0.00295765 0.0024341 0.00191812 0.00143276 0.00100168 0.000646079 0.000378932 0.00019962 9.36869e-05 3.90535e-05 1.44797e-05 4.79406e-06 1.4234e-06 3.79913e-07 9.10333e-08 1.9435e-08 3.62846e-09 5.68223e-10 6.74352e-11 4.33611e-12 0 
0 1.80526e-05 0.000159922 0.000631095 0.00155128 0.00280477 0.00421065 0.00565798 0.00707787 0.00840491 0.00957169 0.0105165 0.0111913 0.0115664 0.011633 0.0114021 0.0109029 0.0101783 0.00928001 0.00826361 0.00718269 0.00608433 0.00500584 0.00397448 0.00301187 0.00214218 0.00139859 0.000817805 0.000419234 0.000186121 7.14916e-05 2.39398e-05 7.06305e-06 1.85206e-06 4.33171e-07 8.99821e-08 1.63286e-08 2.48602e-09 2.87125e-10 1.79932e-11 0 
0 5.39593e-05 0.000447624 0.00155128 0.00331786 0.00545311 0.00779965 0.0102648 0.0127314 0.0150627 0.0171233 0.0187961 0.019992 0.0206572 0.0207749 0.0203651 0.0194796 0.0181952 0.0166054 0.014811 0.012912 0.010999 0.0091474 0.00741182 0.00582329 0.00439225 0.00312227 0.00203273 0.00116957 0.000575713 0.000238374 8.32624e-05 2.49223e-05 6.50477e-06 1.49727e-06 3.04298e-07 5.38867e-08 8.00138e-09 9.01744e-10 5.52031e-11 0 
0 0.000123258 0.000926294 0.00280477 0.00545311 0.00860291 0.0121425 0.0159128 0.0197041 0.0232929 0.0264669 0.0290441 0.0308869 0.0319117 0.0320931 0.0314614 0.0300967 0.0281176 0.0256682 0.0229047 0.0199815 0.0170406 0.014202 0.0115586 0.00917115 0.00706584 0.00523544 0.00365559 0.00232203 0.00128064 0.00058813 0.000221091 6.88019e-05 1.81671e-05 4.1582e-06 8.32469e-07 1.44565e-07 2.10151e-08 2.31837e-09 1.39029e-10 0 
0 0.000229542 0.00154614 0.00421065 0.00779965 0.0121425 0.0170808 0.0223572 0.027667 0.0326944 0.0371412 0.0407524 0.0433366 0.0447771 0.0450325 0.0441435 0.0422279 0.0394538 0.036022 0.0321505 0.028056 0.0239374 0.0199643 0.0162686 0.0129416 0.0100321 0.00754582 0.00544694 0.00368028 0.00222547 0.00113682 0.000469066 0.000155151 4.21509e-05 9.70129e-06 1.92741e-06 3.29979e-07 4.71556e-08 5.10984e-09 3.01072e-10 0 
0 0.000365784 0.00222728 0.00565798 0.0102648 0.0159128 0.0223572 0.0292473 0.0361818 0.0427482 0.0485658 0.0533884 0.0572161 0.0597165 0.0602068 0.0585905 0.0555012 0.0516249 0.0470988 0.0420383 0.0366907 0.0313123 0.0261245 0.0213005 0.016961 0.0131745 0.00995985 0.00728694 0.00508196 0.00326371 0.0018201 0.000825565 0.000294162 8.33882e-05 1.95006e-05 3.87244e-06 6.57005e-07 9.26785e-08 9.89873e-09 5.7477e-10 0 
0 0.000517856 0.00290314 0.00707787 0.0127314 0.0197041 0.027667 0.0361818 0.0447525 0.0528934 0.0605817 0.0688075 0.075551 0.0790109 0.079625 0.0776531 0.0727614 0.0655332 0.0584771 0.0520063 0.0453827 0.0387356 0.0323249 0.0263644 0.0210039 0.0163296 0.0123696 0.00909872 0.0064406 0.00428239 0.00254176 0.00125119 0.000481198 0.000143522 3.43746e-05 6.86422e-06 1.15947e-06 1.62061e-07 1.71172e-08 9.82354e-10 0 
0 0.000669907 0.00352797 0.00840491 0.0150627 0.0232929 0.0326944 0.0427482 0.0528934 0.0632248 0.0755968 0.0842463 0.0883484 0.0902304 0.0905961 0.089576 0.0869108 0.0815865 0.0718786 0.0617886 0.0536319 0.0457658 0.0381965 0.0311596 0.0248317 0.0193152 0.0146452 0.0107981 0.0076968 0.00521545 0.0032234 0.00169003 0.000696268 0.000218817 5.39082e-05 1.08709e-05 1.83489e-06 2.5495e-07 2.67083e-08 1.51908e-09 0 
0 0.000807964 0.00406931 0.00957169 0.0171233 0.0264669 0.0371412 0.0485658 0.0605817 0.0755968 0.0864462 0.0915779 0.094372 0.0957575 0.0960501 0.0953207 0.0934582 0.0900734 0.0840672 0.0727546 0.0611827 0.0519956 0.0433912 0.0354018 0.0282178 0.0219558 0.0166564 0.0122956 0.00879409 0.00602009 0.00381496 0.00209204 0.000911524 0.000300467 7.61678e-05 1.55427e-05 2.62806e-06 3.63938e-07 3.79105e-08 2.14215e-09 0 
0 0.000921351 0.00450252 0.0105165 0.0187961 0.0290441 0.0407524 0.0533884 0.0688075 0.0842463 0.0915779 0.0955579 0.0978715 0.0990575 0.0993209 0.0987131 0.0971666 0.0944512 0.0899763 0.08198 0.0685306 0.0571349 0.0476124 0.0388475 0.0309682 0.0241005 0.0182894 0.01351 0.00967976 0.00666314 0.0042862 0.00242205 0.00110017 0.000377075 9.80404e-05 2.02418e-05 3.43302e-06 4.74715e-07 4.92745e-08 2.77202e-09 0 
0 0.00100287 0.00480955 0.0111913 0.019992 0.0308869 0.0433366 0.0572161 0.075551 0.0883484 0.094372 0.0978715 0.0999668 0.101058 0.101308 0.10076 0.0993619 0.0969421 0.0930836 0.0866725 0.0746896 0.0610631 0.0506394 0.0413128 0.0329361 0.0256351 0.0194578 0.0143785 0.0103117 0.00711923 0.00461895 0.00265893 0.00124187 0.00043776 0.000116055 2.41959e-05 4.11695e-06 5.69169e-07 5.89698e-08 3.30902e-09 0 
0 0.00104851 0.00497964 0.0115664 0.0206572 0.0319117 0.0447771 0.0597165 0.0790109 0.0902304 0.0957575 0.0990575 0.101058 0.102108 0.102353 0.101831 0.100498 0.0982057 0.0945988 0.0887778 0.0780335 0.0634922 0.0523342 0.0426861 0.0340324 0.0264902 0.0201091 0.0148626 0.0106639 0.0073729 0.00480391 0.0027923 0.00132433 0.000474526 0.000127321 2.67175e-05 4.55806e-06 6.30507e-07 6.52958e-08 3.66076e-09 0 
0 0.00105711 0.00501008 0.011633 0.0207749 0.0320931 0.0450325 0.0602068 0.079625 0.0905961 0.0960501 0.0993209 0.101308 0.102353 0.102596 0.102079 0.100756 0.098482 0.0949126 0.0891783 0.0786405 0.0639594 0.0526396 0.042933 0.0342299 0.0266447 0.0202271 0.0149509 0.0107287 0.00742035 0.00483985 0.00282 0.00134292 0.000483465 0.00013023 2.74e-05 4.68218e-06 6.4837e-07 6.71986e-08 3.76993e-09 0 
0 0.00103 0.00490621 0.0114021 0.0203651 0.0314614 0.0441435 0.0585905 0.0776531 0.089576 0.0953207 0.0987131 0.10076 0.101831 0.102079 0.101544 0.100181 0.0978288 0.0941084 0.0880326 0.0766985 0.0624215 0.0516005 0.0420941 0.0335611 0.026124 0.0198315 0.0146578 0.0105169 0.00726985 0.00473323 0.00274657 0.00129969 0.00046498 0.00012477 2.62216e-05 4.48372e-06 6.21874e-07 6.45837e-08 3.63136e-09 0 
0 0.000970622 0.00468047 0.0109029 0.0194796 0.0300967 0.0422279 0.0555012 0.0727614 0.0869108 0.0934582 0.0971666 0.0993619 0.100498 0.100756 0.100181 0.0987156 0.0961654 0.092047 0.0850102 0.0721028 0.0593562 0.049362 0.0402765 0.0321116 0.0249949 0.0189732 0.0140213 0.0100558 0.00694053 0.00449756 0.0025824 0.00120252 0.000423368 0.000112426 2.3531e-05 4.02429e-06 5.59511e-07 5.83132e-08 3.29215e-09 0 
0 0.000884197 0.00435078 0.0101783 0.0181952 0.0281176 0.0394538 0.0516249 0.0655332 0.0815865 0.0900734 0.0944512 0.0969421 0.0982057 0.098482 0.0978288 0.0961654 0.0932153 0.0882372 0.0789542 0.0656838 0.0552986 0.0461258 0.0376389 0.030008 0.0233564 0.0177275 0.0130975 0.00938593 0.00646033 0.00415256 0.00234364 0.00106452 0.000365994 9.57617e-05 1.99346e-05 3.41172e-06 4.7625e-07 4.99154e-08 2.83607e-09 0 
0 0.000777321 0.00393853 0.00928001 0.0166054 0.0256682 0.036022 0.0470988 0.0584771 0.0718786 0.0840672 0.0899763 0.0930836 0.0945988 0.0949126 0.0941084 0.092047 0.0882372 0.0811783 0.0694417 0.0592376 0.0504658 0.0421249 0.0343745 0.0274049 0.0213291 0.0161868 0.0119549 0.00855641 0.00586363 0.00372395 0.00205282 0.000903561 0.000302163 7.7832e-05 1.6134e-05 2.76955e-06 3.89229e-07 4.1145e-08 2.3596e-09 0 
0 0.000657585 0.00346655 0.00826361 0.014811 0.0229047 0.0321505 0.0420383 0.0520063 0.0617886 0.0727546 0.08198 0.0866725 0.0887778 0.0891783 0.0880326 0.0850102 0.0789542 0.0694417 0.0606264 0.0527812 0.0450547 0.0376121 0.0306923 0.0244693 0.019044 0.0144511 0.0106682 0.00762135 0.00519028 0.00324538 0.00174073 0.000741572 0.000241798 6.15828e-05 1.2771e-05 2.20837e-06 3.13685e-07 3.35592e-08 1.94832e-09 0 
0 0.000533112 0.00295765 0.00718269 0.012912 0.0199815 0.028056 0.0366907 0.0453827 0.0536319 0.0611827 0.0685306 0.0746896 0.0780335 0.0786405 0.0766985 0.0721028 0.0656838 0.0592376 0.0527812 0.0460736 0.0393372 0.0328402 0.0267996 0.0213673 0.016631 0.0126203 0.00931281 0.00663839 0.00448925 0.00276453 0.00144897 0.000603169 0.00019406 4.93804e-05 1.03219e-05 1.80691e-06 2.60215e-07 2.82227e-08 1.65974e-09 0 
0 0.000411992 0.0024341 0.00608433 0.010999 0.0170406 0.0239374 0.0313123 0.0387356 0.0457658 0.0519956 0.0571349 0.0610631 0.0634922 0.0639594 0.0624215 0.0593562 0.0552986 0.0504658 0.0450547 0.0393372 0.0335872 0.0280419 0.0228869 0.018252 0.0142126 0.0107933 0.0079713 0.00568186 0.00383471 0.0023529 0.00122964 0.00051253 0.00016609 4.27493e-05 9.05121e-06 1.60406e-06 2.33523e-07 2.55604e-08 1.51433e-09 0 
0 0.000301545 0.00191812 0.00500584 0.0091474 0.014202 0.0199643 0.0261245 0.0323249 0.0381965 0.0433912 0.0476124 0.0506394 0.0523342 0.0526396 0.0516005 0.049362 0.0461258 0.0421249 0.0376121 0.0328402 0.0280419 0.0234158 0.0191178 0.0152608 0.0119183 0.00911862 0.00682507 0.00494388 0.00338779 0.00211666 0.00113565 0.000487647 0.000161826 4.22393e-05 8.99796e-06 1.59652e-06 2.32047e-07 2.53154e-08 1.49331e-09 0 
0 0.000207481 0.00143276 0.00397448 0.00741182 0.0115586 0.0162686 0.0213005 0.0263644 0.0311596 0.0354018 0.0388475 0.0413128 0.0426861 0.042933 0.0420941 0.0402765 0.0376389 0.0343745 0.0306923 0.0267996 0.0228869 0.0191178 0.0156283 0.0125477 0.0100244 0.00814872 0.00673365 0.00534167 0.00378439 0.00232744 0.00123574 0.000538707 0.000181401 4.72983e-05 9.95135e-06 1.73605e-06 2.47876e-07 2.658e-08 1.54269e-09 0 
0 0.000133124 0.00100168 0.00301187 0.00582329 0.00917115 0.0129416 0.016961 0.0210039 0.0248317 0.0282178 0.0309682 0.0329361 0.0340324 0.0342299 0.0335611 0.0321116 0.030008 0.0274049 0.0244693 0.0213673 0.018252 0.0152608 0.0125477 0.0104133 0.00944644 0.0100776 0.0113221 0.0108848 0.00794221 0.00432335 0.00187959 0.000711163 0.000225292 5.64219e-05 1.14316e-05 1.9286e-06 2.6746e-07 2.79552e-08 1.58622e-09 0 
0 7.89992e-05 0.000646079 0.00214218 0.00439225 0.00706584 0.0100321 0.0131745 0.0163296 0.0193152 0.0219558 0.0241005 0.0256351 0.0264902 0.0266447 0.026124 0.0249949 0.0233564 0.0213291 0.019044 0.016631 0.0142126 0.0119183 0.0100244 0.00944644 0.0122805 0.0201231 0.034893 0.042219 0.023561 0.0117021 0.00420124 0.00119749 0.000306663 6.8076e-05 1.27759e-05 2.05103e-06 2.74781e-07 2.79488e-08 1.54981e-09 0 
0 4.30282e-05 0.000378932 0.00139859 0.00312227 0.00523544 0.00754582 0.00995985 0.0123696 0.0146452 0.0166564 0.0182894 0.0194578 0.0201091 0.0202271 0.0198315 0.0189732 0.0177275 0.0161868 0.0144511 0.0126203 0.0107933 0.00911862 0.00814872 0.0100776 0.0201231 0.0500345 0.0773401 0.0793495 0.0696299 0.027637 0.00916215 0.00220713 0.000441343 8.04679e-05 1.33166e-05 1.99568e-06 2.57723e-07 2.55897e-08 1.39228e-09 0 
0 2.13737e-05 0.00019962 0.000817805 0.00203273 0.00365559 0.00544694 0.00728694 0.00909872 0.0107981 0.0122956 0.01351 0.0143785 0.0148626 0.0149509 0.0146578 0.0140213 0.0130975 0.0119549 0.0106682 0.00931281 0.0079713 0.00682507 0.00673365 0.0113221 0.034893 0.0773401 0.0850674 0.0859603 0.0818689 0.0603235 0.0147751 0.00334763 0.000577618 8.74648e-05 1.24756e-05 1.72227e-06 2.14672e-07 2.09429e-08 1.12567e-09 0 
0 9.63926e-06 9.36869e-05 0.000419234 0.00116957 0.00232203 0.00368028 0.00508196 0.0064406 0.0076968 0.00879409 0.00967976 0.0103117 0.0106639 0.0107287 0.0105169 0.0100558 0.00938593 0.00855641 0.00762135 0.00663839 0.00568186 0.00494388 0.00534167 0.0108848 0.042219 0.0793495 0.0859603 0.0868674 0.083617 0.0695173 0.0167924 0.00362124 0.000587229 7.91407e-05 9.99972e-06 1.28393e-06 1.55901e-07 1.5088e-08 8.08117e-10 0 
0 3.93709e-06 3.90535e-05 0.000186121 0.000575713 0.00128064 0.00222547 0.00326371 0.00428239 0.00521545 0.00602009 0.00666314 0.00711923 0.0073729 0.00742035 0.00726985 0.00694053 0.00646033 0.00586363 0.00519028 0.00448925 0.00383471 0.00338779 0.00378439 0.00794221 0.023561 0.0696299 0.0818689 0.083617 0.0782433 0.0442657 0.0120476 0.00267636 0.000427562 5.48364e-05 6.51485e-06 8.08008e-07 9.75348e-08 9.48239e-09 5.10988e-10 0 
0 1.45532e-06 1.44797e-05 7.14916e-05 0.000238374 0.00058813 0.00113682 0.0018201 0.00254176 0.0032234 0.00381496 0.0042862 0.00461895 0.00480391 0.00483985 0.00473323 0.00449756 0.00415256 0.00372395 0.00324538 0.00276453 0.0023529 0.00211666 0.00232744 0.00432335 0.0117021 0.027637 0.0603235 0.0695173 0.0442657 0.018101 0.00597214 0.00134113 0.000217349 2.79572e-05 3.34912e-06 4.23885e-07 5.22754e-08 5.17645e-09 2.8338e-10 0 
0 4.86964e-07 4.79406e-06 2.39398e-05 8.32624e-05 0.000221091 0.000469066 0.000825565 0.00125119 0.00169003 0.00209204 0.00242205 0.00265893 0.0027923 0.00282 0.00274657 0.0025824 0.00234364 0.00205282 0.00174073 0.00144897 0.00122964 0.00113565 0.00123574 0.00187959 0.00420124 0.00916215 0.0147751 0.0167924 0.0120476 0.00597214 0.00199383 0.000460455 7.75298e-05 1.05196e-05 1.36566e-06 1.86061e-07 2.40254e-08 2.45285e-09 1.37603e-10 0 
0 1.47529e-07 1.4234e-06 7.06305e-06 2.49223e-05 6.88019e-05 0.000155151 0.000294162 0.000481198 0.000696268 0.000911524 0.00110017 0.00124187 0.00132433 0.00134292 0.00129969 0.00120252 0.00106452 0.000903561 0.000741572 0.000603169 0.00051253 0.000487647 0.000538707 0.000711163 0.00119749 0.00220713 0.00334763 0.00362124 0.00267636 0.00134113 0.000460455 0.000111318 2.00786e-05 3.05852e-06 4.58517e-07 6.94562e-08 9.51712e-09 1.01024e-09 5.84873e-11 0 
0 4.04213e-08 3.79913e-07 1.85206e-06 6.50477e-06 1.81671e-05 4.21509e-05 8.33882e-05 0.000143522 0.000218817 0.000300467 0.000377075 0.00043776 0.000474526 0.000483465 0.00046498 0.000423368 0.000365994 0.000302163 0.000241798 0.00019406 0.00016609 0.000161826 0.000181401 0.000225292 0.000306663 0.000441343 0.000577618 0.000587229 0.000427562 0.000217349 7.75298e-05 2.00786e-05 4.09543e-06 7.47115e-07 1.33014e-07 2.24255e-08 3.26636e-09 3.62188e-10 2.17517e-11 0 
0 9.97591e-09 9.10333e-08 4.33171e-07 1.49727e-06 4.1582e-06 9.70129e-06 1.95006e-05 3.43746e-05 5.39082e-05 7.61678e-05 9.80404e-05 0.000116055 0.000127321 0.00013023 0.00012477 0.000112426 9.57617e-05 7.7832e-05 6.15828e-05 4.93804e-05 4.27493e-05 4.22393e-05 4.72983e-05 5.64219e-05 6.8076e-05 8.04679e-05 8.74648e-05 7.91407e-05 5.48364e-05 2.79572e-05 1.05196e-05 3.05852e-06 7.47115e-07 1.66169e-07 3.42835e-08 6.30866e-09 9.73023e-10 1.12954e-10 7.06118e-12 0 
0 2.19673e-09 1.9435e-08 8.99821e-08 3.04298e-07 8.32469e-07 1.92741e-06 3.87244e-06 6.86422e-06 1.08709e-05 1.55427e-05 2.02418e-05 2.41959e-05 2.67175e-05 2.74e-05 2.62216e-05 2.3531e-05 1.99346e-05 1.6134e-05 1.2771e-05 1.03219e-05 9.05121e-06 8.99796e-06 9.95135e-06 1.14316e-05 1.27759e-05 1.33166e-05 1.24756e-05 9.99972e-06 6.51485e-06 3.34912e-06 1.36566e-06 4.58517e-07 1.33014e-07 3.42835e-08 7.81943e-09 1.53975e-09 2.50482e-10 3.04655e-11 1.98629e-12 0 
0 4.23064e-10 3.62846e-09 1.63286e-08 5.38867e-08 1.44565e-07 3.29979e-07 6.57005e-07 1.15947e-06 1.83489e-06 2.62806e-06 3.43302e-06 4.11695e-06 4.55806e-06 4.68218e-06 4.48372e-06 4.02429e-06 3.41172e-06 2.76955e-06 2.20837e-06 1.80691e-06 1.60406e-06 1.59652e-06 1.73605e-06 1.9286e-06 2.05103e-06 1.99568e-06 1.72227e-06 1.28393e-06 8.08008e-07 4.23885e-07 1.86061e-07 6.94562e-08 2.24255e-08 6.30866e-09 1.53975e-09 3.20759e-10 5.48799e-11 6.99195e-12 4.75754e-13 0 
0 6.82926e-11 5.68223e-10 2.48602e-09 8.00138e-09 2.10151e-08 4.71556e-08 9.26785e-08 1.62061e-07 2.5495e-07 3.63938e-07 4.74715e-07 5.69169e-07 6.30507e-07 6.4837e-07 6.21874e-07 5.59511e-07 4.7625e-07 3.89229e-07 3.13685e-07 2.60215e-07 2.33523e-07 2.32047e-07 2.47876e-07 2.6746e-07 2.74781e-07 2.57723e-07 2.14672e-07 1.55901e-07 9.75348e-08 5.22754e-08 2.40254e-08 9.51712e-09 3.26636e-09 9.73023e-10 2.50482e-10 5.48799e-11 9.85104e-12 1.31323e-12 9.32261e-14 0 
0 8.34378e-12 6.74352e-11 2.87125e-10 9.01744e-10 2.31837e-09 5.10984e-09 9.89873e-09 1.71172e-08 2.67083e-08 3.79105e-08 4.92745e-08 5.89698e-08 6.52958e-08 6.71986e-08 6.45837e-08 5.83132e-08 4.99154e-08 4.1145e-08 3.35592e-08 2.82227e-08 2.55604e-08 2.53154e-08 2.658e-08 2.79552e-08 2.79488e-08 2.55897e-08 2.09429e-08 1.5088e-08 9.48239e-09 5.17645e-09 2.45285e-09 1.01024e-09 3.62188e-10 1.12954e-10 3.04655e-11 6.99195e-12 1.31323e-12 1.82856e-13 1.35288e-14 0 
0 5.51462e-13 4.33611e-12 1.79932e-11 5.52031e-11 1.39029e-10 3.01072e-10 5.7477e-10 9.82354e-10 1.51908e-09 2.14215e-09 2.77202e-09 3.30902e-09 3.66076e-09 3.76993e-09 3.63136e-09 3.29215e-09 2.83607e-09 2.3596e-09 1.94832e-09 1.65974e-09 1.51433e-09 1.49331e-09 1.54269e-09 1.58622e-09 1.54981e-09 1.39228e-09 1.12567e-09 8.08117e-10 5.10988e-10 2.8338e-10 1.37603e-10 5.84873e-11 2.17517e-11 7.06118e-12 1.98629e-12 4.75754e-13 9.32261e-14 1.35288e-14 1.04158e-15 0 
0 0 0 0 0 0 0 0 0 0 0 0 0 0 0 0 0 0 0 0 0 0 0 0 0 0 0 0 0 0 0 0 0 0 0 0 0 0 0 0 0 
