0 0 0 0 0 0 0 0 0 0 0 0 0 0 0 0 0 0 0 0 0 0 0 0 0 0 0 0 0 0 0 0 0 0 0 0 0 0 0 0 0 
0 2.95374e-07 2.64957e-06 1.18327e-05 3.65085e-05 8.66084e-05 0.000167654 0.000276783 0.000403716 0.000534772 0.000656628 0.000758423 0.000832485 0.000874347 0.000882489 0.000857995 0.000804181 0.0007262 0.000630615 0.000524927 0.000417003 0.000314377 0.000223435 0.000148606 9.17864e-05 5.22624e-05 2.72596e-05 1.29633e-05 5.60476e-06 2.2009e-06 7.85155e-07 2.54644e-07 7.51002e-08 2.01139e-08 4.87066e-09 1.05584e-09 2.00749e-10 3.20694e-11 3.88519e-12 2.55035e-13 0 
0 2.64957e-06 2.43906e-05 0.000108302 0.000319228 0.000699267 0.00122862 0.00184244 0.00247172 0.00306324 0.0035794 0.00399357 0.00428747 0.00445066 0.00448058 0.00438226 0.00416741 0.003853 0.00345948 0.00300929 0.0025258 0.00203303 0.00155588 0.00111973 0.00074811 0.000457793 0.000253472 0.000125853 5.57892e-05 2.20809e-05 7.8281e-06 2.49676e-06 7.19103e-07 1.87302e-07 4.40161e-08 9.2536e-09 1.7068e-09 2.64752e-10 3.11858e-11 1.99347e-12 0 
0 1.18327e-05 0.000108302 0.000453674 0.00119948 0.00231114 0.00362486 0.00500132 0.0063529 0.00761204 0.00871603 0.0096086 0.0102458 0.0106004 0.0106642 0.0104477 0.00997807 0.00929504 0.00844669 0.00748413 0.0064567 0.00540798 0.00437412 0.00338567 0.00247312 0.00167277 0.00102461 0.000556493 0.000264157 0.000109104 3.93951e-05 1.25554e-05 3.56654e-06 9.08981e-07 2.08129e-07 4.25537e-08 7.63081e-09 1.15147e-09 1.32097e-10 8.23578e-12 0 
0 3.65085e-05 0.000319228 0.00119948 0.00276673 0.00477094 0.00699642 0.00932518 0.0116471 0.0138381 0.0157739 0.0173454 0.0184696 0.0190956 0.0192077 0.0188244 0.017994 0.0167886 0.0152955 0.013609 0.0118217 0.0100175 0.00826476 0.00661218 0.00508897 0.00371305 0.00250879 0.00152155 0.000802284 0.000359958 0.000136914 4.46541e-05 1.27039e-05 3.19869e-06 7.18063e-07 1.43404e-07 2.50838e-08 3.69212e-09 4.13489e-10 2.51971e-11 0 
0 8.66084e-05 0.000699267 0.00231114 0.00477094 0.00774582 0.0110761 0.014614 0.0181694 0.0215353 0.0245134 0.0269326 0.0286636 0.0296275 0.0297998 0.029209 0.0279298 0.0260734 0.0237751 0.0211812 0.0184365 0.0156734 0.0130035 0.0105112 0.00824962 0.00623945 0.00447791 0.00296588 0.0017416 0.000869299 0.000359461 0.000123299 3.58099e-05 9.01737e-06 2.00034e-06 3.92333e-07 6.72136e-08 9.68221e-09 1.06153e-09 6.33841e-11 0 
0 0.000167654 0.00122862 0.00362486 0.00699642 0.0110761 0.0157034 0.0206464 0.0256228 0.030337 0.0345092 0.037899 0.0403247 0.0416756 0.0419171 0.0410888 0.0392959 0.0366944 0.0334743 0.0298409 0.0259977 0.0221313 0.0184002 0.0149271 0.0117947 0.00904408 0.00667426 0.00465442 0.00296281 0.00163684 0.000747177 0.00027573 8.3354e-05 2.12737e-05 4.70416e-06 9.11543e-07 1.53635e-07 2.17378e-08 2.34038e-09 1.37302e-10 0 
0 0.000276783 0.00184244 0.00500132 0.00932518 0.014614 0.0206464 0.0270999 0.0335997 0.0397583 0.0452099 0.0496456 0.0528392 0.0546393 0.0549642 0.0538548 0.0514812 0.0480683 0.0438584 0.0391116 0.0340917 0.0290428 0.0241727 0.0196431 0.0155657 0.0120017 0.00896212 0.00641151 0.0042873 0.0025593 0.00128277 0.000514733 0.000164425 4.30577e-05 9.57156e-06 1.84327e-06 3.07015e-07 4.28238e-08 4.54193e-09 2.62537e-10 0 
0 0.000403716 0.00247172 0.0063529 0.0116471 0.0181694 0.0256228 0.0335997 0.0416351 0.049251 0.0560231 0.0616903 0.066077 0.068736 0.0692355 0.0675701 0.0641681 0.0596406 0.0543378 0.0484536 0.042247 0.0360062 0.0299876 0.0243917 0.019358 0.0149654 0.0112356 0.00813652 0.00559022 0.00351272 0.00189824 0.000825818 0.000280771 7.61141e-05 1.71301e-05 3.29577e-06 5.44723e-07 7.51646e-08 7.87746e-09 4.49878e-10 0 
0 0.000534772 0.00306324 0.00761204 0.0138381 0.0215353 0.030337 0.0397583 0.049251 0.0582911 0.0666415 0.0742722 0.0799997 0.0829957 0.0835327 0.0817802 0.0776239 0.0714254 0.064475 0.0573341 0.0499783 0.0426065 0.0354989 0.0288917 0.0229503 0.0177692 0.0133779 0.0097474 0.00679496 0.00440648 0.0025143 0.00117157 0.000423443 0.000119315 2.73141e-05 5.27148e-06 8.6759e-07 1.18801e-07 1.2338e-08 6.97992e-10 0 
0 0.000656628 0.0035794 0.00871603 0.0157739 0.0245134 0.0345092 0.0452099 0.0560231 0.0666415 0.0771663 0.085384 0.0899855 0.0921625 0.0925697 0.0913467 0.0882556 0.0826072 0.0742613 0.0653879 0.0568445 0.048452 0.0403794 0.0328765 0.0261307 0.0202502 0.0152705 0.0111634 0.00784409 0.00518326 0.00306813 0.00150748 0.000574785 0.000168173 3.92296e-05 7.61383e-06 1.25113e-06 1.70458e-07 1.75876e-08 9.88008e-10 0 
0 0.000758423 0.00399357 0.0096086 0.0173454 0.0269326 0.037899 0.0496456 0.0616903 0.0742722 0.085384 0.0919205 0.0955032 0.0972639 0.0976118 0.0966402 0.0942099 0.0898569 0.0825539 0.072467 0.0625236 0.0532117 0.0443481 0.0361168 0.0287169 0.0222674 0.0168081 0.012311 0.00868916 0.00580535 0.00351838 0.00179529 0.000714021 0.000215801 5.12405e-05 1.00101e-05 1.64522e-06 2.23498e-07 2.29612e-08 1.28367e-09 0 
0 0.000832485 0.00428747 0.0102458 0.0184696 0.0286636 0.0403247 0.0528392 0.066077 0.0799997 0.0899855 0.0955032 0.0986396 0.100215 0.100537 0.0996801 0.0975441 0.0937909 0.0876072 0.0778856 0.0667809 0.056641 0.0471929 0.0384393 0.0305707 0.0237134 0.0179103 0.0131329 0.00929245 0.00624753 0.0038406 0.00200841 0.000822782 0.000254821 6.13781e-05 1.2063e-05 1.98491e-06 2.69302e-07 2.76013e-08 1.53875e-09 0 
0 0.000874347 0.00445066 0.0106004 0.0190956 0.0296275 0.0416756 0.0546393 0.068736 0.0829957 0.0921625 0.0972639 0.100215 0.101712 0.102024 0.101216 0.0992054 0.0957022 0.0900164 0.080861 0.0692909 0.058576 0.0487839 0.0397383 0.0316081 0.0245231 0.0185279 0.0135938 0.00963079 0.00649557 0.00402271 0.002132 0.000888443 0.00027929 6.7904e-05 1.34053e-05 2.20915e-06 2.99733e-07 3.06997e-08 1.70988e-09 0 
0 0.000882489 0.00448058 0.0106642 0.0192077 0.0297998 0.0419171 0.0549642 0.0692355 0.0835327 0.0925697 0.0976118 0.100537 0.102024 0.102334 0.101534 0.0995418 0.0960756 0.0904642 0.0814102 0.0697692 0.0589367 0.0490797 0.0399809 0.0318031 0.0246764 0.018646 0.0136831 0.00969786 0.00654661 0.00406253 0.00216128 0.000905305 0.000286019 6.9799e-05 1.38127e-05 2.27989e-06 3.09688e-07 3.17497e-08 1.76995e-09 0 
0 0.000857995 0.00438226 0.0104477 0.0188244 0.029209 0.0410888 0.0538548 0.0675701 0.0817802 0.0913467 0.0966402 0.0996801 0.101216 0.101534 0.100705 0.0986364 0.0950197 0.0891113 0.0796612 0.0682325 0.0577688 0.048126 0.0392051 0.031186 0.0241973 0.0182831 0.0134151 0.00950447 0.00640913 0.0039665 0.00209992 0.00087447 0.000275075 6.70151e-05 1.32681e-05 2.19377e-06 2.98696e-07 3.07057e-08 1.71672e-09 0 
0 0.000804181 0.00416741 0.00997807 0.017994 0.0279298 0.0392959 0.0514812 0.0641681 0.0776239 0.0882556 0.0942099 0.0975441 0.0992054 0.0995418 0.0986364 0.0963741 0.092368 0.0857019 0.0756615 0.0650138 0.0552462 0.0460464 0.037511 0.0298372 0.0231486 0.0174874 0.0128258 0.00907691 0.00610212 0.00374888 0.00195905 0.000803126 0.000249552 6.04397e-05 1.19583e-05 1.98203e-06 2.70961e-07 2.79909e-08 1.5733e-09 0 
0 0.0007262 0.003853 0.00929504 0.0167886 0.0260734 0.0366944 0.0480683 0.0596406 0.0714254 0.0826072 0.0898569 0.0937909 0.0957022 0.0960756 0.0950197 0.092368 0.0875733 0.0797062 0.0699421 0.0605738 0.0516071 0.043024 0.035048 0.0278761 0.021624 0.0163305 0.0119688 0.00845416 0.00565362 0.00343147 0.00175686 0.000703548 0.000214822 5.16245e-05 1.02129e-05 1.70012e-06 2.33983e-07 2.43625e-08 1.38103e-09 0 
0 0.000630615 0.00345948 0.00844669 0.0152955 0.0237751 0.0334743 0.0438584 0.0543378 0.064475 0.0742613 0.0825539 0.0876072 0.0900164 0.0904642 0.0891113 0.0857019 0.0797062 0.0716999 0.0634427 0.0552464 0.047114 0.0392806 0.0319979 0.0254486 0.0197378 0.0149006 0.0109101 0.00768468 0.00509979 0.00304424 0.00151866 0.000591813 0.000177463 4.23956e-05 8.41334e-06 1.41214e-06 1.96458e-07 2.07018e-08 1.18818e-09 0 
0 0.000524927 0.00300929 0.00748413 0.013609 0.0211812 0.0298409 0.0391116 0.0484536 0.0573341 0.0653879 0.072467 0.0778856 0.080861 0.0814102 0.0796612 0.0756615 0.0699421 0.0634427 0.056514 0.0492943 0.0420468 0.0350569 0.028558 0.0227128 0.0176148 0.0132938 0.00972289 0.00682405 0.00448586 0.00262779 0.00127714 0.00048618 0.000144132 3.44807e-05 6.91048e-06 1.17643e-06 1.66284e-07 1.78082e-08 1.03833e-09 0 
0 0.000417003 0.0025258 0.0064567 0.0118217 0.0184365 0.0259977 0.0340917 0.042247 0.0499783 0.0568445 0.0625236 0.0667809 0.0692909 0.0697692 0.0682325 0.0650138 0.0605738 0.0552464 0.0492943 0.043009 0.0366879 0.0305916 0.0249239 0.0198263 0.0153796 0.0116079 0.00848401 0.00593607 0.00387122 0.00223736 0.00107179 0.00040513 0.000120654 2.92626e-05 5.97207e-06 1.03632e-06 1.49191e-07 1.62468e-08 9.61347e-10 0 
0 0.000314377 0.00203303 0.00540798 0.0100175 0.0156734 0.0221313 0.0290428 0.0360062 0.0426065 0.048452 0.0532117 0.056641 0.058576 0.0589367 0.0577688 0.0552462 0.0516071 0.047114 0.0420468 0.0366879 0.0312994 0.026104 0.0212755 0.0169348 0.0131501 0.00994092 0.00728066 0.00510579 0.00334071 0.00194466 0.000945095 0.000365081 0.000111472 2.76793e-05 5.76166e-06 1.01551e-06 1.47931e-07 1.62485e-08 9.6712e-10 0 
0 0.000223435 0.00155588 0.00437412 0.00826476 0.0130035 0.0184002 0.0241727 0.0299876 0.0354989 0.0403794 0.0443481 0.0471929 0.0487839 0.0490797 0.048126 0.0460464 0.043024 0.0392806 0.0350569 0.0305916 0.026104 0.0217805 0.0177672 0.0141687 0.0110514 0.00843867 0.00629188 0.00451971 0.00304171 0.0018356 0.00093391 0.000377657 0.000119254 3.01618e-05 6.32181e-06 1.11406e-06 1.61613e-07 1.76376e-08 1.04171e-09 0 
0 0.000148606 0.00111973 0.00338567 0.00661218 0.0105112 0.0149271 0.0196431 0.0243917 0.0288917 0.0328765 0.0361168 0.0384393 0.0397383 0.0399809 0.0392051 0.037511 0.035048 0.0319979 0.028558 0.0249239 0.0212755 0.0177672 0.0145264 0.0116731 0.00934335 0.00761539 0.0063065 0.00500239 0.00352689 0.00213489 0.00109346 0.00045227 0.000144866 3.64935e-05 7.53171e-06 1.30138e-06 1.84954e-07 1.9787e-08 1.14692e-09 0 
0 9.17864e-05 0.00074811 0.00247312 0.00508897 0.00824962 0.0117947 0.0155657 0.019358 0.0229503 0.0261307 0.0287169 0.0305707 0.0316081 0.0318031 0.031186 0.0298372 0.0278761 0.0254486 0.0227128 0.0198263 0.0169348 0.0141687 0.0116731 0.00972751 0.00887531 0.00951267 0.0107109 0.0103037 0.00751522 0.00408013 0.00175132 0.000637477 0.000191236 4.58658e-05 9.06392e-06 1.51029e-06 2.08156e-07 2.16804e-08 1.22723e-09 0 
0 5.22624e-05 0.000457793 0.00167277 0.00371305 0.00623945 0.00904408 0.0120017 0.0149654 0.0177692 0.0202502 0.0222674 0.0237134 0.0245231 0.0246764 0.0241973 0.0231486 0.021624 0.0197378 0.0176148 0.0153796 0.0131501 0.0110514 0.00934335 0.00887531 0.0116098 0.0190657 0.0289121 0.0338998 0.0219165 0.0110906 0.00397463 0.0011172 0.000273421 5.75486e-05 1.04337e-05 1.64741e-06 2.19076e-07 2.21965e-08 1.22762e-09 0 
0 2.72596e-05 0.000253472 0.00102461 0.00250879 0.00447791 0.00667426 0.00896212 0.0112356 0.0133779 0.0152705 0.0168081 0.0179103 0.0185279 0.018646 0.0182831 0.0174874 0.0163305 0.0149006 0.0132938 0.0116079 0.00994092 0.00843867 0.00761539 0.00951267 0.0190657 0.0417147 0.075441 0.0799222 0.0607701 0.0258097 0.00868449 0.00208516 0.000406513 7.02923e-05 1.11199e-05 1.62842e-06 2.08363e-07 2.06049e-08 1.11827e-09 0 
0 1.29633e-05 0.000125853 0.000556493 0.00152155 0.00296588 0.00465442 0.00641151 0.00813652 0.0097474 0.0111634 0.012311 0.0131329 0.0135938 0.0136831 0.0134151 0.0128258 0.0119688 0.0109101 0.00972289 0.00848401 0.00728066 0.00629188 0.0063065 0.0107109 0.0289121 0.075441 0.0873727 0.0889017 0.0832218 0.0512498 0.0139906 0.00317057 0.000539846 7.82285e-05 1.06067e-05 1.42068e-06 1.75028e-07 1.70023e-08 9.1177e-10 0 
0 5.60476e-06 5.57892e-05 0.000264157 0.000802284 0.0017416 0.00296281 0.0042873 0.00559022 0.00679496 0.00784409 0.00868916 0.00929245 0.00963079 0.00969786 0.00950447 0.00907691 0.00845416 0.00768468 0.00682405 0.00593607 0.00510579 0.00451971 0.00500239 0.0103037 0.0338998 0.0799222 0.0889017 0.0901071 0.0855332 0.0610675 0.0154357 0.00343129 0.000551323 7.16603e-05 8.60685e-06 1.06691e-06 1.27774e-07 1.2311e-08 6.58014e-10 0 
0 2.2009e-06 2.20809e-05 0.000109104 0.000359958 0.000869299 0.00163684 0.0025593 0.00351272 0.00440648 0.00518326 0.00580535 0.00624753 0.00649557 0.00654661 0.00640913 0.00610212 0.00565362 0.00509979 0.00448586 0.00387122 0.00334071 0.00304171 0.00352689 0.00751522 0.0219165 0.0607701 0.0832218 0.0855332 0.0784277 0.037138 0.0114229 0.00253551 0.000401231 4.97885e-05 5.63469e-06 6.73853e-07 8.01761e-08 7.76135e-09 4.17486e-10 0 
0 7.85155e-07 7.8281e-06 3.93951e-05 0.000136914 0.000359461 0.000747177 0.00128277 0.00189824 0.0025143 0.00306813 0.00351838 0.0038406 0.00402271 0.00406253 0.0039665 0.00374888 0.00343147 0.00304424 0.00262779 0.00223736 0.00194466 0.0018356 0.00213489 0.00408013 0.0110906 0.0258097 0.0512498 0.0610675 0.037138 0.0171632 0.00566178 0.00126895 0.000202995 2.52526e-05 2.88847e-06 3.53423e-07 4.30277e-08 4.24511e-09 2.32043e-10 0 
0 2.54644e-07 2.49676e-06 1.25554e-05 4.46541e-05 0.000123299 0.00027573 0.000514733 0.000825818 0.00117157 0.00150748 0.00179529 0.00200841 0.002132 0.00216128 0.00209992 0.00195905 0.00175686 0.00151866 0.00127714 0.00107179 0.000945095 0.00093391 0.00109346 0.00175132 0.00397463 0.00868449 0.0139906 0.0154357 0.0114229 0.00566178 0.0018885 0.0004336 7.16446e-05 9.38098e-06 1.16681e-06 1.54657e-07 1.97796e-08 2.0139e-09 1.12843e-10 0 
0 7.51002e-08 7.19103e-07 3.56654e-06 1.27039e-05 3.58099e-05 8.3354e-05 0.000164425 0.000280771 0.000423443 0.000574785 0.000714021 0.000822782 0.000888443 0.000905305 0.00087447 0.000803126 0.000703548 0.000591813 0.00048618 0.00040513 0.000365081 0.000377657 0.00045227 0.000637477 0.0011172 0.00208516 0.00317057 0.00343129 0.00253551 0.00126895 0.0004336 0.000103492 1.82068e-05 2.67252e-06 3.86686e-07 5.75036e-08 7.83344e-09 8.30055e-10 4.80112e-11 0 
0 2.01139e-08 1.87302e-07 9.08981e-07 3.19869e-06 9.01737e-06 2.12737e-05 4.30577e-05 7.61141e-05 0.000119315 0.000168173 0.000215801 0.000254821 0.00027929 0.000286019 0.000275075 0.000249552 0.000214822 0.000177463 0.000144132 0.000120654 0.000111472 0.000119254 0.000144866 0.000191236 0.000273421 0.000406513 0.000539846 0.000551323 0.000401231 0.000202995 7.16446e-05 1.82068e-05 3.60855e-06 6.37099e-07 1.1084e-07 1.85079e-08 2.68786e-09 2.97722e-10 1.78677e-11 0 
0 4.87066e-09 4.40161e-08 2.08129e-07 7.18063e-07 2.00034e-06 4.70416e-06 9.57156e-06 1.71301e-05 2.73141e-05 3.92296e-05 5.12405e-05 6.13781e-05 6.7904e-05 6.9799e-05 6.70151e-05 6.04397e-05 5.16245e-05 4.23956e-05 3.44807e-05 2.92626e-05 2.76793e-05 3.01618e-05 3.64935e-05 4.58658e-05 5.75486e-05 7.02923e-05 7.82285e-05 7.16603e-05 4.97885e-05 2.52526e-05 9.38098e-06 2.67252e-06 6.37099e-07 1.38887e-07 2.83535e-08 5.19738e-09 8.00584e-10 9.28751e-11 5.80291e-12 0 
0 1.05584e-09 9.2536e-09 4.25537e-08 1.43404e-07 3.92333e-07 9.11543e-07 1.84327e-06 3.29577e-06 5.27148e-06 7.61383e-06 1.00101e-05 1.2063e-05 1.34053e-05 1.38127e-05 1.32681e-05 1.19583e-05 1.02129e-05 8.41334e-06 6.91048e-06 5.97207e-06 5.76166e-06 6.32181e-06 7.53171e-06 9.06392e-06 1.04337e-05 1.11199e-05 1.06067e-05 8.60685e-06 5.63469e-06 2.88847e-06 1.16681e-06 3.86686e-07 1.1084e-07 2.83535e-08 6.44509e-09 1.26752e-09 2.06075e-10 2.50537e-11 1.63279e-12 0 
0 2.00749e-10 1.7068e-09 7.63081e-09 2.50838e-08 6.72136e-08 1.53635e-07 3.07015e-07 5.44723e-07 8.6759e-07 1.25113e-06 1.64522e-06 1.98491e-06 2.20915e-06 2.27989e-06 2.19377e-06 1.98203e-06 1.70012e-06 1.41214e-06 1.17643e-06 1.03632e-06 1.01551e-06 1.11406e-06 1.30138e-06 1.51029e-06 1.64741e-06 1.62842e-06 1.42068e-06 1.06691e-06 6.73853e-07 3.53423e-07 1.54657e-07 5.75036e-08 1.85079e-08 5.19738e-09 1.26752e-09 2.63945e-10 4.51464e-11 5.75023e-12 3.91146e-13 0 
0 3.20694e-11 2.64752e-10 1.15147e-09 3.69212e-09 9.68221e-09 2.17378e-08 4.28238e-08 7.51646e-08 1.18801e-07 1.70458e-07 2.23498e-07 2.69302e-07 2.99733e-07 3.09688e-07 2.98696e-07 2.70961e-07 2.33983e-07 1.96458e-07 1.66284e-07 1.49191e-07 1.47931e-07 1.61613e-07 1.84954e-07 2.08156e-07 2.19076e-07 2.08363e-07 1.75028e-07 1.27774e-07 8.01761e-08 4.30277e-08 1.97796e-08 7.83344e-09 2.68786e-09 8.00584e-10 2.06075e-10 4.51464e-11 8.10277e-12 1.07998e-12 7.66515e-14 0 
0 3.88519e-12 3.11858e-11 1.32097e-10 4.13489e-10 1.06153e-09 2.34038e-09 4.54193e-09 7.87746e-09 1.2338e-08 1.75876e-08 2.29612e-08 2.76013e-08 3.06997e-08 3.17497e-08 3.07057e-08 2.79909e-08 2.43625e-08 2.07018e-08 1.78082e-08 1.62468e-08 1.62485e-08 1.76376e-08 1.9787e-08 2.16804e-08 2.21965e-08 2.06049e-08 1.70023e-08 1.2311e-08 7.76135e-09 4.24511e-09 2.0139e-09 8.30055e-10 2.97722e-10 9.28751e-11 2.50537e-11 5.75023e-12 1.07998e-12 1.50365e-13 1.11234e-14 0 
0 2.55035e-13 1.99347e-12 8.23578e-12 2.51971e-11 6.33841e-11 1.37302e-10 2.62537e-10 4.49878e-10 6.97992e-10 9.88008e-10 1.28367e-09 1.53875e-09 1.70988e-09 1.76995e-09 1.71672e-09 1.5733e-09 1.38103e-09 1.18818e-09 1.03833e-09 9.61347e-10 9.6712e-10 1.04171e-09 1.14692e-09 1.22723e-09 1.22762e-09 1.11827e-09 9.1177e-10 6.58014e-10 4.17486e-10 2.32043e-10 1.12843e-10 4.80112e-11 1.78677e-11 5.80291e-12 1.63279e-12 3.91146e-13 7.66515e-14 1.11234e-14 8.56336e-16 0 
0 0 0 0 0 0 0 0 0 0 0 0 0 0 0 0 0 0 0 0 0 0 0 0 0 0 0 0 0 0 0 0 0 0 0 0 0 0 0 0 0 
