0 0 0 0 0 0 0 0 0 0 0 0 0 0 0 0 0 0 0 0 0 0 0 0 0 0 0 0 0 0 0 0 0 0 0 0 0 0 0 0 0 
0 4.08053e-07 3.63253e-06 1.59844e-05 4.82628e-05 0.000111562 0.000210256 0.000338664 0.00048375 0.000630171 0.000764015 0.000874465 0.00095413 0.000998853 0.00100736 0.000980912 0.000922933 0.000838639 0.000734651 0.000618572 0.000498506 0.000382437 0.000277468 0.000188967 0.000119841 7.02109e-05 3.77245e-05 1.84807e-05 8.22197e-06 3.31546e-06 1.21134e-06 4.01179e-07 1.20465e-07 3.27588e-08 8.03417e-09 1.76001e-09 3.37526e-10 5.42981e-11 6.61563e-12 4.3627e-13 0 
0 3.63253e-06 3.30314e-05 0.000143099 0.000407126 0.000857368 0.00145321 0.00211799 0.00278331 0.00340079 0.00393648 0.0043653 0.00466922 0.00483766 0.00486801 0.00476552 0.00454243 0.00421639 0.00380848 0.00334136 0.00283799 0.00232113 0.00181391 0.00134037 0.000924573 0.000586929 0.000338168 0.000174852 8.05724e-05 3.30238e-05 1.20646e-05 3.94521e-06 1.15957e-06 3.06988e-07 7.30849e-08 1.55237e-08 2.88663e-09 4.50635e-10 5.33492e-11 3.42378e-12 0 
0 1.59844e-05 0.000143099 0.000575491 0.00144659 0.00266485 0.00405012 0.00548126 0.00688431 0.00819387 0.0093442 0.0102752 0.0109401 0.0113098 0.0113756 0.0111485 0.0106572 0.00994351 0.00905843 0.00805612 0.00698897 0.00590294 0.00483475 0.0038123 0.00285959 0.00200478 0.00128441 0.000734291 0.000367416 0.000159354 5.99751e-05 1.97545e-05 5.75455e-06 1.49459e-06 3.4708e-07 7.17175e-08 1.2963e-08 1.9678e-09 2.26771e-10 1.41872e-11 0 
0 4.82628e-05 0.000407126 0.00144659 0.0031633 0.00526862 0.00758536 0.010015 0.0124433 0.0147373 0.0167648 0.0184107 0.0195876 0.0202424 0.0203586 0.0199559 0.019085 0.0178215 0.0162574 0.0144917 0.0126223 0.0107382 0.00891253 0.00719821 0.00562517 0.00420518 0.00294734 0.00187981 0.00105341 0.00050363 0.00020285 6.92546e-05 2.03769e-05 5.25396e-06 1.19914e-06 2.42275e-07 4.27268e-08 6.32589e-09 7.11445e-10 4.34882e-11 0 
0 0.000111562 0.000857368 0.00266485 0.00526862 0.0083746 0.0118591 0.0155678 0.0192964 0.022826 0.025948 0.0284832 0.0302963 0.0313049 0.0314839 0.0308631 0.0295211 0.0275745 0.0251653 0.0224469 0.0195711 0.0166774 0.0138836 0.0112802 0.00892584 0.00684448 0.00502902 0.00346104 0.0021494 0.00115024 0.000510994 0.000186397 5.66723e-05 1.47242e-05 3.33432e-06 6.62887e-07 1.1459e-07 1.66071e-08 1.82832e-09 1.09487e-10 0 
0 0.000210256 0.00145321 0.00405012 0.00758536 0.0118591 0.0167149 0.0219028 0.027124 0.0320682 0.036442 0.0399943 0.0425356 0.0439507 0.0442019 0.0433305 0.0414486 0.0387207 0.0353452 0.031537 0.0275092 0.0234577 0.0195488 0.0159122 0.0126369 0.00976932 0.00731274 0.00523128 0.00347738 0.00204865 0.00101118 0.000402539 0.000129215 3.43658e-05 7.8016e-06 1.53678e-06 2.61704e-07 3.72735e-08 4.03033e-09 2.3713e-10 0 
0 0.000338664 0.00211799 0.00548126 0.010015 0.0155678 0.0219028 0.0286768 0.0354959 0.0419539 0.0476714 0.0523539 0.0558436 0.0579479 0.0583444 0.0570081 0.0543222 0.0506646 0.0462368 0.0412608 0.0360003 0.0307094 0.025606 0.0208602 0.0165903 0.0128629 0.00969443 0.00705247 0.00486431 0.0030613 0.00165447 0.000722291 0.000248317 6.85303e-05 1.57496e-05 3.09469e-06 5.21744e-07 7.3318e-08 7.8125e-09 4.52954e-10 0 
0 0.00048375 0.00278331 0.00688431 0.0124433 0.0192964 0.027124 0.0354959 0.0439243 0.0519181 0.0591794 0.0660737 0.0720583 0.0755391 0.0761779 0.0740863 0.0694491 0.0633891 0.0572993 0.0510582 0.0445496 0.0380106 0.031704 0.0258404 0.0205667 0.0159672 0.0120682 0.00884246 0.00621152 0.00406795 0.00235091 0.00111471 0.000412071 0.000119038 2.79096e-05 5.50221e-06 9.22477e-07 1.28373e-07 1.35234e-08 7.74841e-10 0 
0 0.000630171 0.00340079 0.00819387 0.0147373 0.022826 0.0320682 0.0419539 0.0519181 0.0616328 0.0721423 0.0814408 0.0864886 0.0887542 0.0891748 0.0879236 0.084639 0.078239 0.0689994 0.0604821 0.0526561 0.0449264 0.0374799 0.0305571 0.0243319 0.0189045 0.0143085 0.0105187 0.0074557 0.0049943 0.00301918 0.00152873 0.000604385 0.000183207 4.40205e-05 8.74367e-06 1.46306e-06 2.02273e-07 2.11278e-08 1.19952e-09 0 
0 0.000764015 0.00393648 0.0093442 0.0167648 0.025948 0.036442 0.0476714 0.0591794 0.0721423 0.0841791 0.0903919 0.093669 0.0952655 0.0955893 0.0947281 0.092537 0.0885125 0.0811812 0.0699319 0.0599383 0.0510512 0.0425911 0.034731 0.0276634 0.0215028 0.0162882 0.0119947 0.00854094 0.00579378 0.00360423 0.00191462 0.000800483 0.000253777 6.25453e-05 1.25447e-05 2.10033e-06 2.89238e-07 3.00318e-08 1.69363e-09 0 
0 0.000874465 0.0043653 0.0102752 0.0184107 0.0284832 0.0399943 0.0523539 0.0660737 0.0814408 0.0903919 0.0950548 0.0977074 0.0990494 0.0993363 0.0986297 0.096844 0.093687 0.0883916 0.07889 0.0664048 0.0560634 0.0467447 0.0381221 0.0303702 0.0236136 0.0178959 0.0131915 0.00941616 0.00643252 0.00407241 0.00223526 0.000974974 0.00032083 8.09047e-05 1.63896e-05 2.74973e-06 3.77921e-07 3.90904e-08 2.19447e-09 0 
0 0.00095413 0.00466922 0.0109401 0.0195876 0.0302963 0.0425356 0.0558436 0.0720583 0.0864886 0.093669 0.0977074 0.100086 0.101312 0.101582 0.100948 0.0993473 0.0965637 0.0920655 0.0844071 0.0717878 0.0597554 0.0497209 0.0405495 0.0323077 0.0251246 0.0190467 0.0140476 0.0100407 0.00688559 0.00440394 0.00246737 0.00110762 0.000374527 9.61481e-05 1.96439e-05 3.30404e-06 4.53843e-07 4.68481e-08 2.62304e-09 0 
0 0.000998853 0.00483766 0.0113098 0.0202424 0.0313049 0.0439507 0.0579479 0.0755391 0.0887542 0.0952655 0.0990494 0.101312 0.102486 0.10275 0.102149 0.100628 0.0980023 0.0938246 0.0869312 0.0749805 0.0619225 0.0513841 0.041903 0.0333884 0.0259677 0.019689 0.0145255 0.0103892 0.00713807 0.00458899 0.00259914 0.00118568 0.000407414 0.000105768 2.17356e-05 3.66414e-06 5.03492e-07 5.19457e-08 2.90579e-09 0 
0 0.00100736 0.00486801 0.0113756 0.0203586 0.0314839 0.0442019 0.0583444 0.0761779 0.0891748 0.0955893 0.0993363 0.101582 0.10275 0.103013 0.102417 0.100908 0.0983052 0.0941749 0.0873942 0.0755779 0.0623294 0.0516859 0.0421487 0.0335852 0.0261218 0.0198071 0.0146141 0.0104546 0.00718655 0.00462619 0.00262763 0.00120401 0.000415729 0.000108347 2.23226e-05 3.76917e-06 5.18487e-07 5.3537e-08 2.99696e-09 0 
0 0.000980912 0.00476552 0.0111485 0.0199559 0.0308631 0.0433305 0.0570081 0.0740863 0.0879236 0.0947281 0.0986297 0.100948 0.102149 0.102417 0.1018 0.100242 0.0975425 0.0932208 0.0859939 0.0736474 0.0609819 0.0506727 0.0413266 0.0329302 0.0256122 0.0194202 0.0143277 0.0102477 0.00703939 0.00452211 0.00255721 0.00116439 0.000399748 0.000103853 2.13838e-05 3.61425e-06 4.98085e-07 5.1545e-08 2.89246e-09 0 
0 0.000922933 0.00454243 0.0106572 0.019085 0.0295211 0.0414486 0.0543222 0.0694491 0.084639 0.092537 0.096844 0.0993473 0.100628 0.100908 0.100242 0.0985576 0.0956106 0.0907798 0.0823393 0.0694677 0.0581913 0.0484797 0.0395418 0.0315074 0.0245044 0.0185785 0.0137037 0.00979544 0.00671565 0.00429046 0.00239861 0.00107462 0.000363426 9.35701e-05 1.92093e-05 3.24962e-06 4.49148e-07 4.66637e-08 2.63014e-09 0 
0 0.000838639 0.00421639 0.00994351 0.0178215 0.0275745 0.0387207 0.0506646 0.0633891 0.078239 0.0885125 0.093687 0.0965637 0.0980023 0.0983052 0.0975425 0.0956106 0.0921524 0.0862074 0.0756792 0.0640103 0.054305 0.0453015 0.0369507 0.0294417 0.0228962 0.0173564 0.0127976 0.00913793 0.00624327 0.00395155 0.00216878 0.000947831 0.00031357 7.97216e-05 1.63056e-05 2.76358e-06 3.83815e-07 4.01269e-08 2.27751e-09 0 
0 0.000734651 0.00380848 0.00905843 0.0162574 0.0251653 0.0353452 0.0462368 0.0572993 0.0689994 0.0811812 0.0883916 0.0920655 0.0938246 0.0941749 0.0932208 0.0907798 0.0862074 0.0779037 0.0672826 0.0581385 0.049574 0.0413693 0.0337432 0.0268852 0.0209064 0.0158451 0.0116773 0.00832408 0.00565703 0.00353242 0.00189149 0.00080169 0.000258684 6.49437e-05 1.3258e-05 2.25745e-06 3.16024e-07 3.33558e-08 1.91255e-09 0 
0 0.000618572 0.00334136 0.00805612 0.0144917 0.0224469 0.031537 0.0412608 0.0510582 0.0604821 0.0699319 0.07889 0.0844071 0.0869312 0.0873942 0.0859939 0.0823393 0.0756792 0.0672826 0.0594798 0.051852 0.0442556 0.0369333 0.0301253 0.0240027 0.0186643 0.0141436 0.0104169 0.00740832 0.0049983 0.00306905 0.00159875 0.000657353 0.000207664 5.17544e-05 1.06014e-05 1.82218e-06 2.58224e-07 2.76178e-08 1.60472e-09 0 
0 0.000498506 0.00283799 0.00698897 0.0126223 0.0195711 0.0275092 0.0360003 0.0445496 0.0526561 0.0599383 0.0664048 0.0717878 0.0749805 0.0755779 0.0736474 0.0694677 0.0640103 0.0581385 0.051852 0.0452594 0.0386334 0.0322429 0.0263013 0.0209579 0.0162986 0.0123513 0.00909226 0.00645 0.00431929 0.00261217 0.00133235 0.000537712 0.000168541 4.21628e-05 8.73401e-06 1.52311e-06 2.19152e-07 2.37857e-08 1.40088e-09 0 
0 0.000382437 0.00232113 0.00590294 0.0107382 0.0166774 0.0234577 0.0307094 0.0380106 0.0449264 0.0510512 0.0560634 0.0597554 0.0619225 0.0623294 0.0609819 0.0581913 0.054305 0.049574 0.0442556 0.0386334 0.0329794 0.0275271 0.0224589 0.0179021 0.0139303 0.0105667 0.00778723 0.00552674 0.00369813 0.00223455 0.00114198 0.00046438 0.000147463 3.74699e-05 7.88171e-06 1.39325e-06 2.02759e-07 2.22086e-08 1.31729e-09 0 
0 0.000277468 0.00181391 0.00483475 0.00891253 0.0138836 0.0195488 0.025606 0.031704 0.0374799 0.0425911 0.0467447 0.0497209 0.0513841 0.0516859 0.0506727 0.0484797 0.0453015 0.0413693 0.0369333 0.0322429 0.0275271 0.0229814 0.018759 0.0149707 0.0116879 0.00893782 0.00668292 0.00482993 0.003293 0.00203671 0.00107517 0.000452907 0.000147836 3.81699e-05 8.08354e-06 1.43044e-06 2.07706e-07 2.26566e-08 1.33673e-09 0 
0 0.000188967 0.00134037 0.0038123 0.00719821 0.0112802 0.0159122 0.0208602 0.0258404 0.0305571 0.034731 0.0381221 0.0405495 0.041903 0.0421487 0.0413266 0.0395418 0.0369507 0.0337432 0.0301253 0.0263013 0.0224589 0.018759 0.0153356 0.0123154 0.0098434 0.00800697 0.00662008 0.00525137 0.00371553 0.00227496 0.00119522 0.000512753 0.000169956 4.38207e-05 9.16037e-06 1.59271e-06 2.27021e-07 2.43211e-08 1.41076e-09 0 
0 0.000119841 0.000924573 0.00285959 0.00562517 0.00892584 0.0126369 0.0165903 0.0205667 0.0243319 0.0276634 0.0303702 0.0323077 0.0333884 0.0335852 0.0329302 0.0315074 0.0294417 0.0268852 0.0240027 0.0209579 0.0179021 0.0149707 0.0123154 0.0102311 0.00929471 0.00992756 0.0111597 0.0107305 0.00782878 0.00425868 0.00184497 0.00069024 0.000215097 5.31549e-05 1.06853e-05 1.79541e-06 2.48465e-07 2.59372e-08 1.4704e-09 0 
0 7.02109e-05 0.000586929 0.00200478 0.00420518 0.00684448 0.00976932 0.0128629 0.0159672 0.0189045 0.0215028 0.0236136 0.0251246 0.0259677 0.0261218 0.0256122 0.0245044 0.0228962 0.0209064 0.0186643 0.0162986 0.0139303 0.0116879 0.0098434 0.00929471 0.0121023 0.0198422 0.0327557 0.0395332 0.0229574 0.0115396 0.00414101 0.00117574 0.000297106 6.49106e-05 1.20555e-05 1.92547e-06 2.57344e-07 2.61408e-08 1.44822e-09 0 
0 3.77245e-05 0.000338168 0.00128441 0.00294734 0.00502902 0.00731274 0.00969443 0.0120682 0.0143085 0.0162882 0.0178959 0.0190467 0.019689 0.0198071 0.0194202 0.0185785 0.0173564 0.0158451 0.0141436 0.0123513 0.0105667 0.00893782 0.00800697 0.00992756 0.0198422 0.0471567 0.077487 0.0798695 0.0673681 0.0269928 0.00903527 0.00217464 0.000431674 7.74767e-05 1.26515e-05 1.88303e-06 2.42487e-07 2.40452e-08 1.30714e-09 0 
0 1.84807e-05 0.000174852 0.000734291 0.00187981 0.00346104 0.00523128 0.00705247 0.00884246 0.0105187 0.0119947 0.0131915 0.0140476 0.0145255 0.0146141 0.0143277 0.0137037 0.0127976 0.0116773 0.0104169 0.00909226 0.00778723 0.00668292 0.00662008 0.0111597 0.0327557 0.077487 0.0860624 0.0870766 0.0824604 0.0575998 0.0145572 0.00330058 0.000567346 8.47975e-05 1.19158e-05 1.63054e-06 2.02536e-07 1.97325e-08 1.05981e-09 0 
0 8.22197e-06 8.05724e-05 0.000367416 0.00105341 0.0021494 0.00347738 0.00486431 0.00621152 0.0074557 0.00854094 0.00941616 0.0100407 0.0103892 0.0104546 0.0102477 0.00979544 0.00913793 0.00832408 0.00740832 0.00645 0.00552674 0.00482993 0.00525137 0.0107305 0.0395332 0.0798695 0.0870766 0.0880525 0.084418 0.0673944 0.0162461 0.00357077 0.000577529 7.70025e-05 9.58531e-06 1.21825e-06 1.47333e-07 1.42395e-08 7.62162e-10 0 
0 3.31546e-06 3.30238e-05 0.000159354 0.00050363 0.00115024 0.00204865 0.0030613 0.00406795 0.0049943 0.00579378 0.00643252 0.00688559 0.00713807 0.00718655 0.00703939 0.00671565 0.00624327 0.00565703 0.0049983 0.00431929 0.00369813 0.003293 0.00371553 0.00782878 0.0229574 0.0673681 0.0824604 0.084418 0.0787352 0.0418981 0.0118816 0.00263893 0.000420431 5.33951e-05 6.25362e-06 7.6751e-07 9.22621e-08 8.95826e-09 4.82465e-10 0 
0 1.21134e-06 1.20646e-05 5.99751e-05 0.00020285 0.000510994 0.00101118 0.00165447 0.00235091 0.00301918 0.00360423 0.00407241 0.00440394 0.00458899 0.00462619 0.00452211 0.00429046 0.00395155 0.00353242 0.00306905 0.00261217 0.00223455 0.00203671 0.00227496 0.00425868 0.0115396 0.0269928 0.0575998 0.0673944 0.0418981 0.0178519 0.0058897 0.00132191 0.000213418 2.71795e-05 3.21217e-06 4.02627e-07 4.94709e-08 4.8934e-09 2.67756e-10 0 
0 4.01179e-07 3.94521e-06 1.97545e-05 6.92546e-05 0.000186397 0.000402539 0.000722291 0.00111471 0.00152873 0.00191462 0.00223526 0.00246737 0.00259914 0.00262763 0.00255721 0.00239861 0.00216878 0.00189149 0.00159875 0.00133235 0.00114198 0.00107517 0.00119522 0.00184497 0.00414101 0.00903527 0.0145572 0.0162461 0.0118816 0.0058897 0.00196582 0.000453227 7.58853e-05 1.01882e-05 1.30628e-06 1.76581e-07 2.27388e-08 2.31962e-09 1.3008e-10 0 
0 1.20465e-07 1.15957e-06 5.75455e-06 2.03769e-05 5.66723e-05 0.000129215 0.000248317 0.000412071 0.000604385 0.000800483 0.000974974 0.00110762 0.00118568 0.00120401 0.00116439 0.00107462 0.000947831 0.00080169 0.000657353 0.000537712 0.00046438 0.000452907 0.000512753 0.00069024 0.00117574 0.00217464 0.00330058 0.00357077 0.00263893 0.00132191 0.000453227 0.000109153 1.9542e-05 2.94456e-06 4.36958e-07 6.58444e-08 9.00711e-09 9.55597e-10 5.53074e-11 0 
0 3.27588e-08 3.06988e-07 1.49459e-06 5.25396e-06 1.47242e-05 3.43658e-05 6.85303e-05 0.000119038 0.000183207 0.000253777 0.00032083 0.000374527 0.000407414 0.000415729 0.000399748 0.000363426 0.00031357 0.000258684 0.000207664 0.000168541 0.000147463 0.000147836 0.000169956 0.000215097 0.000297106 0.000431674 0.000567346 0.000577529 0.000420431 0.000213418 7.58853e-05 1.9542e-05 3.95241e-06 7.14244e-07 1.26331e-07 2.12407e-08 3.09116e-09 3.42647e-10 2.05736e-11 0 
0 8.03417e-09 7.30849e-08 3.4708e-07 1.19914e-06 3.33432e-06 7.8016e-06 1.57496e-05 2.79096e-05 4.40205e-05 6.25453e-05 8.09047e-05 9.61481e-05 0.000105768 0.000108347 0.000103853 9.35701e-05 7.97216e-05 6.49437e-05 5.17544e-05 4.21628e-05 3.74699e-05 3.81699e-05 4.38207e-05 5.31549e-05 6.49106e-05 7.74767e-05 8.47975e-05 7.70025e-05 5.33951e-05 2.71795e-05 1.01882e-05 2.94456e-06 7.14244e-07 1.57956e-07 3.24919e-08 5.97239e-09 9.20802e-10 1.0687e-10 6.6797e-12 0 
0 1.76001e-09 1.55237e-08 7.17175e-08 2.42275e-07 6.62887e-07 1.53678e-06 3.09469e-06 5.50221e-06 8.74367e-06 1.25447e-05 1.63896e-05 1.96439e-05 2.17356e-05 2.23226e-05 2.13838e-05 1.92093e-05 1.63056e-05 1.3258e-05 1.06014e-05 8.73401e-06 7.88171e-06 8.08354e-06 9.16037e-06 1.06853e-05 1.20555e-05 1.26515e-05 1.19158e-05 9.58531e-06 6.25362e-06 3.21217e-06 1.30628e-06 4.36958e-07 1.26331e-07 3.24919e-08 7.40369e-09 1.45735e-09 2.37034e-10 2.88259e-11 1.87914e-12 0 
0 3.37526e-10 2.88663e-09 1.2963e-08 4.27268e-08 1.1459e-07 2.61704e-07 5.21744e-07 9.22477e-07 1.46306e-06 2.10033e-06 2.74973e-06 3.30404e-06 3.66414e-06 3.76917e-06 3.61425e-06 3.24962e-06 2.76358e-06 2.25745e-06 1.82218e-06 1.52311e-06 1.39325e-06 1.43044e-06 1.59271e-06 1.79541e-06 1.92547e-06 1.88303e-06 1.63054e-06 1.21825e-06 7.6751e-07 4.02627e-07 1.76581e-07 6.58444e-08 2.12407e-08 5.97239e-09 1.45735e-09 3.03557e-10 5.1932e-11 6.61577e-12 4.50114e-13 0 
0 5.42981e-11 4.50635e-10 1.9678e-09 6.32589e-09 1.66071e-08 3.72735e-08 7.3318e-08 1.28373e-07 2.02273e-07 2.89238e-07 3.77921e-07 4.53843e-07 5.03492e-07 5.18487e-07 4.98085e-07 4.49148e-07 3.83815e-07 3.16024e-07 2.58224e-07 2.19152e-07 2.02759e-07 2.07706e-07 2.27021e-07 2.48465e-07 2.57344e-07 2.42487e-07 2.02536e-07 1.47333e-07 9.22621e-08 4.94709e-08 2.27388e-08 9.00711e-09 3.09116e-09 9.20802e-10 2.37034e-10 5.1932e-11 9.32149e-12 1.24257e-12 8.82035e-14 0 
0 6.61563e-12 5.33492e-11 2.26771e-10 7.11445e-10 1.82832e-09 4.03033e-09 7.8125e-09 1.35234e-08 2.11278e-08 3.00318e-08 3.90904e-08 4.68481e-08 5.19457e-08 5.3537e-08 5.1545e-08 4.66637e-08 4.01269e-08 3.33558e-08 2.76178e-08 2.37857e-08 2.22086e-08 2.26566e-08 2.43211e-08 2.59372e-08 2.61408e-08 2.40452e-08 1.97325e-08 1.42395e-08 8.95826e-09 4.8934e-09 2.31962e-09 9.55597e-10 3.42647e-10 1.0687e-10 2.88259e-11 6.61577e-12 1.24257e-12 1.73012e-13 1.27999e-14 0 
0 4.3627e-13 3.42378e-12 1.41872e-11 4.34882e-11 1.09487e-10 2.3713e-10 4.52954e-10 7.74841e-10 1.19952e-09 1.69363e-09 2.19447e-09 2.62304e-09 2.90579e-09 2.99696e-09 2.89246e-09 2.63014e-09 2.27751e-09 1.91255e-09 1.60472e-09 1.40088e-09 1.31729e-09 1.33673e-09 1.41076e-09 1.4704e-09 1.44822e-09 1.30714e-09 1.05981e-09 7.62162e-10 4.82465e-10 2.67756e-10 1.3008e-10 5.53074e-11 2.05736e-11 6.6797e-12 1.87914e-12 4.50114e-13 8.82035e-14 1.27999e-14 9.85443e-16 0 
0 0 0 0 0 0 0 0 0 0 0 0 0 0 0 0 0 0 0 0 0 0 0 0 0 0 0 0 0 0 0 0 0 0 0 0 0 0 0 0 0 
