0 0 0 0 0 0 0 0 0 0 0 0 0 0 0 0 0 0 0 0 0 0 0 0 0 0 0 0 0 0 0 0 0 0 0 0 0 0 0 0 0 
0 1.5267e-07 1.38585e-06 6.33542e-06 2.02445e-05 5.01638e-05 0.000101758 0.000175712 0.000266632 0.000364886 0.00045954 0.000540725 0.000600933 0.000635477 0.000642493 0.000622694 0.000579025 0.000516232 0.000440368 0.000358211 0.000276575 0.00020155 0.000137737 8.76702e-05 5.16287e-05 2.79648e-05 1.38686e-05 6.2792e-06 2.59239e-06 9.76053e-07 3.35423e-07 1.05301e-07 3.02008e-08 7.89981e-09 1.87551e-09 3.9995e-10 7.50221e-11 1.18526e-11 1.423e-12 9.27222e-14 0 
0 1.38585e-06 1.29973e-05 5.99828e-05 0.000187371 0.00043962 0.000826131 0.00131166 0.00183877 0.00235249 0.00281021 0.00318174 0.00344724 0.00359565 0.00362398 0.0035365 0.00334388 0.00306188 0.00271006 0.00231069 0.00188795 0.00146732 0.00107455 0.000733209 0.000460637 0.000263511 0.00013609 6.31466e-05 2.6304e-05 9.85945e-06 3.33853e-06 1.02532e-06 2.86376e-07 7.27667e-08 1.67638e-08 3.46872e-09 6.31741e-10 9.70109e-11 1.13359e-11 7.19994e-13 0 
0 6.33542e-06 5.99828e-05 0.000268308 0.000774816 0.00162882 0.00273446 0.00394966 0.00516371 0.00629868 0.00729321 0.00809658 0.00867012 0.00899009 0.00904932 0.00885708 0.00843717 0.00782463 0.00706166 0.00619329 0.00526365 0.00431367 0.00338137 0.00250476 0.00172488 0.00108312 0.000608564 0.000301696 0.000131217 5.02015e-05 1.70299e-05 5.17035e-06 1.41551e-06 3.50849e-07 7.86573e-08 1.58265e-08 2.80358e-09 4.19118e-10 4.77373e-11 2.95969e-12 0 
0 2.02445e-05 0.000187371 0.000774816 0.0019825 0.00369488 0.00567606 0.00776281 0.00983948 0.0117956 0.013523 0.0149256 0.01593 0.0164906 0.0165934 0.0162543 0.015516 0.0144424 0.0131107 0.0116041 0.0100041 0.00838346 0.00680171 0.0053035 0.00392375 0.00269983 0.00168196 0.00092197 0.000435304 0.00017587 6.1279e-05 1.86961e-05 5.06938e-06 1.23383e-06 2.70415e-07 5.30874e-08 9.17178e-09 1.33789e-09 1.48841e-10 9.02506e-12 0 
0 5.01638e-05 0.00043962 0.00162882 0.00369488 0.00633004 0.00929929 0.0124477 0.0156094 0.0186035 0.0212546 0.0234104 0.0249549 0.0258171 0.0259745 0.0254518 0.0243152 0.0226635 0.0206172 0.0183063 0.0158592 0.013393 0.0110048 0.00876704 0.00672432 0.0048996 0.00331323 0.0020094 0.00105209 0.000462871 0.000170411 5.33371e-05 1.4517e-05 3.49948e-06 7.5413e-07 1.45066e-07 2.45258e-08 3.50081e-09 3.81357e-10 2.26658e-11 0 
0 0.000101758 0.000826131 0.00273446 0.00567606 0.00929929 0.013406 0.0177926 0.0222127 0.0264047 0.0301188 0.0331399 0.0353047 0.0365132 0.0367336 0.0360005 0.0344069 0.0320919 0.0292246 0.0259882 0.0225643 0.0191186 0.0157913 0.0126895 0.00988325 0.00740424 0.00525412 0.00343228 0.00197737 0.000959402 0.000381652 0.000125111 3.4691e-05 8.3632e-06 1.78362e-06 3.37775e-07 5.6093e-08 7.85956e-09 8.40664e-10 4.9096e-11 0 
0 0.000175712 0.00131166 0.00394966 0.00776281 0.0124477 0.0177926 0.0235179 0.0292925 0.0347713 0.0396267 0.0435767 0.0464079 0.0479891 0.0482778 0.0473186 0.0452344 0.0422076 0.0384595 0.0342299 0.0297565 0.0252572 0.0209169 0.0168784 0.0132385 0.0100467 0.00730712 0.00499248 0.00308702 0.00163776 0.000709953 0.000247519 7.08726e-05 1.72505e-05 3.66482e-06 6.86541e-07 1.12417e-07 1.55126e-08 1.63386e-09 9.4004e-11 0 
0 0.000266632 0.00183877 0.00516371 0.00983948 0.0156094 0.0222127 0.0292925 0.0364357 0.0432139 0.0492223 0.0541167 0.0576401 0.0596219 0.0599859 0.0587817 0.05618 0.0524226 0.0477824 0.0425499 0.037017 0.0314534 0.0260887 0.0211009 0.0166126 0.0126902 0.00934643 0.00654707 0.00423777 0.00240962 0.0011316 0.000422143 0.000126004 3.12123e-05 6.64397e-06 1.23669e-06 2.00401e-07 2.73211e-08 2.8417e-09 1.61488e-10 0 
0 0.000364886 0.00235249 0.00629868 0.0117956 0.0186035 0.0264047 0.0347713 0.0432139 0.051227 0.0583436 0.0641907 0.0684704 0.0709147 0.0713688 0.0698806 0.066693 0.0621634 0.0566425 0.0504509 0.0439114 0.0373371 0.0309991 0.0251086 0.019812 0.0151904 0.0112648 0.00800071 0.00532473 0.00317823 0.00159382 0.00063416 0.000198052 5.01814e-05 1.07505e-05 1.99573e-06 3.21099e-07 4.33783e-08 4.46776e-09 2.51411e-10 0 
0 0.00045954 0.00281021 0.00729321 0.013523 0.0212546 0.0301188 0.0396267 0.0492223 0.0583436 0.0665074 0.0733005 0.0782409 0.0809711 0.0814735 0.0798435 0.0762139 0.0709393 0.0645484 0.0574675 0.0500284 0.0425571 0.0353556 0.028664 0.0226491 0.0174052 0.0129589 0.00927728 0.00627788 0.00386905 0.00203796 0.000856587 0.000279315 7.2506e-05 1.5674e-05 2.91002e-06 4.66144e-07 6.25671e-08 6.39745e-09 3.57339e-10 0 
0 0.000540725 0.00318174 0.00809658 0.0149256 0.0234104 0.0331399 0.0435767 0.0541167 0.0641907 0.0733005 0.0807326 0.0857421 0.0883213 0.088794 0.0872965 0.0837592 0.0781857 0.0710916 0.0632156 0.0550164 0.0468112 0.0389061 0.0315617 0.0249614 0.0192095 0.0143372 0.0103123 0.00704778 0.00443259 0.00241599 0.00105933 0.000358291 9.51159e-05 2.07617e-05 3.86155e-06 6.17178e-07 8.24967e-08 8.39377e-09 4.66444e-10 0 
0 0.000600933 0.00344724 0.00867012 0.01593 0.0249549 0.0353047 0.0464079 0.0576401 0.0684704 0.0782409 0.0857421 0.0904268 0.0927723 0.0932092 0.091867 0.0886274 0.0832441 0.0758677 0.0673967 0.0586107 0.0498698 0.0414592 0.033646 0.0266251 0.0205078 0.0153288 0.0110559 0.00759974 0.00483841 0.00269556 0.00121694 0.000422965 0.000114317 2.51678e-05 4.693e-06 7.49594e-07 9.99827e-08 1.01447e-08 5.62075e-10 0 
0 0.000635477 0.00359565 0.00899009 0.0164906 0.0258171 0.0365132 0.0479891 0.0596219 0.0709147 0.0809711 0.0883213 0.0927723 0.0949944 0.0954142 0.0941524 0.0910906 0.0859237 0.0785516 0.0697786 0.0606406 0.0515917 0.0428973 0.0348212 0.0275642 0.0212418 0.0158903 0.0114777 0.00791349 0.00507066 0.00285899 0.00131265 0.000463894 0.000126858 2.81042e-05 5.25401e-06 8.39703e-07 1.11964e-07 1.13522e-08 6.28461e-10 0 
0 0.000642493 0.00362398 0.00904932 0.0165934 0.0259745 0.0367336 0.0482778 0.0599859 0.0713688 0.0814735 0.088794 0.0932092 0.0954142 0.0958332 0.0945854 0.091554 0.0864283 0.0790678 0.0702431 0.0610373 0.0519303 0.0431827 0.0350569 0.027755 0.0213932 0.0160085 0.0115689 0.0079841 0.005126 0.00290095 0.00133927 0.00047614 0.000130844 2.90851e-05 5.44977e-06 8.72465e-07 1.165e-07 1.18286e-08 6.55796e-10 0 
0 0.000622694 0.0035365 0.00885708 0.0162543 0.0254518 0.0360005 0.0473186 0.0587817 0.0698806 0.0798435 0.0872965 0.091867 0.0941524 0.0945854 0.0932921 0.0901542 0.0848873 0.077495 0.0688412 0.0598522 0.0509326 0.0423553 0.0343862 0.0272241 0.0209834 0.0157002 0.0113428 0.00782203 0.00501257 0.0028266 0.00129875 0.000459924 0.000126193 2.80721e-05 5.27162e-06 8.4651e-07 1.13434e-07 1.15619e-08 6.43676e-10 0 
0 0.000579025 0.00334388 0.00843717 0.015516 0.0243152 0.0344069 0.0452344 0.05618 0.066693 0.0762139 0.0837592 0.0886274 0.0910906 0.091554 0.0901542 0.0867879 0.0812976 0.0740103 0.0657866 0.0572492 0.0487296 0.0405239 0.0328981 0.0260433 0.0200689 0.015009 0.0108323 0.00745199 0.00474912 0.00265058 0.00120122 0.000420265 0.000114582 2.54726e-05 4.79836e-06 7.74549e-07 1.04459e-07 1.07236e-08 6.01603e-10 0 
0 0.000516232 0.00306188 0.00782463 0.0144424 0.0226635 0.0320919 0.0422076 0.0524226 0.0621634 0.0709393 0.0781857 0.0832441 0.0859237 0.0864283 0.0848873 0.0812976 0.075809 0.068973 0.0613936 0.0534668 0.0455164 0.0378512 0.0307261 0.0243198 0.0187342 0.0140003 0.0100872 0.00691117 0.0043645 0.00239659 0.00106392 0.000365927 9.89708e-05 2.20131e-05 4.17165e-06 6.79535e-07 9.26408e-08 9.62329e-09 5.46601e-10 0 
0 0.000440368 0.00271006 0.00706166 0.0131107 0.0206172 0.0292246 0.0384595 0.0477824 0.0566425 0.0645484 0.0710916 0.0758677 0.0785516 0.0790678 0.077495 0.0740103 0.068973 0.0628386 0.0559952 0.0487824 0.0415306 0.0345362 0.0280335 0.0221853 0.0170835 0.0127552 0.00916956 0.00624757 0.00389799 0.00209776 0.000910008 0.000307932 8.29275e-05 1.85537e-05 3.55906e-06 5.88783e-07 8.16503e-08 8.63302e-09 4.99113e-10 0 
0 0.000358211 0.00231069 0.00619329 0.0116041 0.0183063 0.0259882 0.0342299 0.0425499 0.0504509 0.0574675 0.0632156 0.0673967 0.0697786 0.0702431 0.0688412 0.0657866 0.0613936 0.0559952 0.0499191 0.0434934 0.0370295 0.0307947 0.0249977 0.0197829 0.015231 0.011364 0.00815075 0.00551986 0.00340127 0.00179742 0.000766882 0.000257989 6.99911e-05 1.5925e-05 3.12159e-06 5.28582e-07 7.50209e-08 8.10916e-09 4.78489e-10 0 
0 0.000276575 0.00188795 0.00526365 0.0100041 0.0158592 0.0225643 0.0297565 0.037017 0.0439114 0.0500284 0.0550164 0.0586107 0.0606406 0.0610373 0.0598522 0.0572492 0.0534668 0.0487824 0.0434934 0.0378974 0.0322688 0.0268409 0.021795 0.017256 0.0132923 0.0099204 0.00710995 0.00480031 0.00294206 0.00154887 0.000664038 0.00022726 6.33052e-05 1.48408e-05 2.99499e-06 5.20622e-07 7.55791e-08 8.32465e-09 4.9873e-10 0 
0 0.00020155 0.00146732 0.00431367 0.00838346 0.013393 0.0191186 0.0252572 0.0314534 0.0373371 0.0425571 0.0468112 0.0498698 0.0515917 0.0519303 0.0509326 0.0487296 0.0455164 0.0415306 0.0370295 0.0322688 0.0274831 0.0228713 0.0185877 0.0147376 0.0113783 0.00852189 0.00614081 0.00418328 0.00260593 0.00141121 0.000630027 0.000225687 6.55393e-05 1.58765e-05 3.28033e-06 5.79306e-07 8.49258e-08 9.40298e-09 5.64303e-10 0 
0 0.000137737 0.00107455 0.00338137 0.00680171 0.0110048 0.0157913 0.0209169 0.0260887 0.0309991 0.0353556 0.0389061 0.0414592 0.0428973 0.0431827 0.0423553 0.0405239 0.0378512 0.0345362 0.0307947 0.0268409 0.0228713 0.0190526 0.0155142 0.012347 0.00960645 0.00730814 0.00541228 0.00383468 0.00251083 0.00144518 0.000689729 0.000261683 7.88418e-05 1.94207e-05 4.02459e-06 7.07195e-07 1.02708e-07 1.124e-08 6.65988e-10 0 
0 8.76702e-05 0.000733209 0.00250476 0.0053035 0.00876704 0.0126895 0.0168784 0.0211009 0.0251086 0.028664 0.0315617 0.033646 0.0348212 0.0350569 0.0343862 0.0328981 0.0307261 0.0280335 0.0249977 0.021795 0.0185877 0.0155142 0.0126883 0.0102148 0.00820853 0.00672735 0.00559593 0.00443963 0.00310515 0.00183442 0.000894631 0.000346981 0.000105069 2.55345e-05 5.17383e-06 8.86816e-07 1.25655e-07 1.34312e-08 7.78472e-10 0 
0 5.16287e-05 0.000460637 0.00172488 0.00392375 0.00672432 0.00988325 0.0132385 0.0166126 0.019812 0.0226491 0.0249614 0.0266251 0.0275642 0.027755 0.0272241 0.0260433 0.0243198 0.0221853 0.0197829 0.017256 0.0147376 0.012347 0.0102148 0.00858434 0.00792295 0.0085703 0.0096914 0.00933439 0.00680307 0.00367559 0.00154571 0.000533428 0.00014936 3.39938e-05 6.52712e-06 1.07343e-06 1.47109e-07 1.52806e-08 8.63601e-10 0 
0 2.79648e-05 0.000263511 0.00108312 0.00269983 0.0048996 0.00740424 0.0100467 0.0126902 0.0151904 0.0174052 0.0192095 0.0205078 0.0212418 0.0213932 0.0209834 0.0200689 0.0187342 0.0170835 0.015231 0.0132923 0.0113783 0.00960645 0.00820853 0.00792295 0.0104909 0.0173019 0.0252616 0.0272888 0.0199029 0.0100707 0.00359714 0.000989538 0.00022792 4.47791e-05 7.76463e-06 1.20106e-06 1.58422e-07 1.59928e-08 8.82611e-10 0 
0 1.38686e-05 0.00013609 0.000608564 0.00168196 0.00331323 0.00525412 0.00730712 0.00934643 0.0112648 0.0129589 0.0143372 0.0153288 0.0158903 0.0160085 0.0157002 0.015009 0.0140003 0.0127552 0.011364 0.0099204 0.00852189 0.00730814 0.00672735 0.0085703 0.0173019 0.0364438 0.0643745 0.0730757 0.049126 0.0234472 0.00788773 0.00188307 0.000354328 5.71665e-05 8.51186e-06 1.20803e-06 1.52785e-07 1.5043e-08 8.1452e-10 0 
0 6.2792e-06 6.31466e-05 0.000301696 0.00092197 0.0020094 0.00343228 0.00499248 0.00654707 0.00800071 0.00927728 0.0103123 0.0110559 0.0114777 0.0115689 0.0113428 0.0108323 0.0100872 0.00916956 0.00815075 0.00710995 0.00614081 0.00541228 0.00559593 0.0096914 0.0252616 0.0643745 0.0872835 0.0898433 0.0813292 0.0406586 0.0127134 0.00287555 0.00048029 6.57175e-05 8.3222e-06 1.06806e-06 1.29491e-07 1.25144e-08 6.69537e-10 0 
0 2.59239e-06 2.6304e-05 0.000131217 0.000435304 0.00105209 0.00197737 0.00308702 0.00423777 0.00532473 0.00627788 0.00704778 0.00759974 0.00791349 0.0079841 0.00782203 0.00745199 0.00691117 0.00624757 0.00551986 0.00480031 0.00418328 0.00383468 0.00443963 0.00933439 0.0272888 0.0730757 0.0898433 0.0918917 0.085244 0.0483491 0.0140162 0.0031146 0.000493783 6.12393e-05 6.87168e-06 8.09878e-07 9.5078e-08 9.10815e-09 4.85736e-10 0 
0 9.76053e-07 9.85945e-06 5.02015e-05 0.00017587 0.000462871 0.000959402 0.00163776 0.00240962 0.00317823 0.00386905 0.00443259 0.00483841 0.00507066 0.005126 0.00501257 0.00474912 0.0043645 0.00389799 0.00340127 0.00294206 0.00260593 0.00251083 0.00310515 0.00680307 0.0199029 0.049126 0.0813292 0.085244 0.0695279 0.0316869 0.0103809 0.00230085 0.000359264 4.27309e-05 4.53066e-06 5.13939e-07 5.98569e-08 5.76083e-09 3.09245e-10 0 
0 3.35423e-07 3.33853e-06 1.70299e-05 6.1279e-05 0.000170411 0.000381652 0.000709953 0.0011316 0.00159382 0.00203796 0.00241599 0.00269556 0.00285899 0.00290095 0.0028266 0.00265058 0.00239659 0.00209776 0.00179742 0.00154887 0.00141121 0.00144518 0.00183442 0.00367559 0.0100707 0.0234472 0.0406586 0.0483491 0.0316869 0.0155988 0.00514408 0.0011493 0.000180699 2.15394e-05 2.31361e-06 2.6934e-07 3.21622e-08 3.15717e-09 1.72276e-10 0 
0 1.05301e-07 1.02532e-06 5.17035e-06 1.86961e-05 5.33371e-05 0.000125111 0.000247519 0.000422143 0.00063416 0.000856587 0.00105933 0.00121694 0.00131265 0.00133927 0.00129875 0.00120122 0.00106392 0.000910008 0.000766882 0.000664038 0.000630027 0.000689729 0.000894631 0.00154571 0.00359714 0.00788773 0.0127134 0.0140162 0.0103809 0.00514408 0.00171321 0.000390169 6.29401e-05 7.87004e-06 9.22012e-07 1.17271e-07 1.47822e-08 1.49953e-09 8.39075e-11 0 
0 3.02008e-08 2.86376e-07 1.41551e-06 5.06938e-06 1.4517e-05 3.4691e-05 7.08726e-05 0.000126004 0.000198052 0.000279315 0.000358291 0.000422965 0.000463894 0.00047614 0.000459924 0.000420265 0.000365927 0.000307932 0.000257989 0.00022726 0.000225687 0.000261683 0.000346981 0.000533428 0.000989538 0.00188307 0.00287555 0.0031146 0.00230085 0.0011493 0.000390169 9.16228e-05 1.5616e-05 2.18084e-06 2.99675e-07 4.33238e-08 5.85031e-09 6.18481e-10 3.57372e-11 0 
0 7.89981e-09 7.27667e-08 3.50849e-07 1.23383e-06 3.49948e-06 8.3632e-06 1.72505e-05 3.12123e-05 5.01814e-05 7.2506e-05 9.51159e-05 0.000114317 0.000126858 0.000130844 0.000126193 0.000114582 9.89708e-05 8.29275e-05 6.99911e-05 6.33052e-05 6.55393e-05 7.88418e-05 0.000105069 0.00014936 0.00022792 0.000354328 0.00048029 0.000493783 0.000359264 0.000180699 6.29401e-05 1.5616e-05 2.97902e-06 5.01959e-07 8.43279e-08 1.38735e-08 2.00626e-09 2.21932e-10 1.33091e-11 0 
0 1.87551e-09 1.67638e-08 7.86573e-08 2.70415e-07 7.5413e-07 1.78362e-06 3.66482e-06 6.64397e-06 1.07505e-05 1.5674e-05 2.07617e-05 2.51678e-05 2.81042e-05 2.90851e-05 2.80721e-05 2.54726e-05 2.20131e-05 1.85537e-05 1.5925e-05 1.48408e-05 1.58765e-05 1.94207e-05 2.55345e-05 3.39938e-05 4.47791e-05 5.71665e-05 6.57175e-05 6.12393e-05 4.27309e-05 2.15394e-05 7.87004e-06 2.18084e-06 5.01959e-07 1.06154e-07 2.13186e-08 3.88509e-09 5.97392e-10 6.92508e-11 4.32441e-12 0 
0 3.9995e-10 3.46872e-09 1.58265e-08 5.30874e-08 1.45066e-07 3.37775e-07 6.86541e-07 1.23669e-06 1.99573e-06 2.91002e-06 3.86155e-06 4.693e-06 5.25401e-06 5.44977e-06 5.27162e-06 4.79836e-06 4.17165e-06 3.55906e-06 3.12159e-06 2.99499e-06 3.28033e-06 4.02459e-06 5.17383e-06 6.52712e-06 7.76463e-06 8.51186e-06 8.3222e-06 6.87168e-06 4.53066e-06 2.31361e-06 9.22012e-07 2.99675e-07 8.43279e-08 2.13186e-08 4.82078e-09 9.46354e-10 1.53751e-10 1.86837e-11 1.21713e-12 0 
0 7.50221e-11 6.31741e-10 2.80358e-09 9.17178e-09 2.45258e-08 5.6093e-08 1.12417e-07 2.00401e-07 3.21099e-07 4.66144e-07 6.17178e-07 7.49594e-07 8.39703e-07 8.72465e-07 8.4651e-07 7.74549e-07 6.79535e-07 5.88783e-07 5.28582e-07 5.20622e-07 5.79306e-07 7.07195e-07 8.86816e-07 1.07343e-06 1.20106e-06 1.20803e-06 1.06806e-06 8.09878e-07 5.13939e-07 2.6934e-07 1.17271e-07 4.33238e-08 1.38735e-08 3.88509e-09 9.46354e-10 1.96968e-10 3.36794e-11 4.28842e-12 2.91618e-13 0 
0 1.18526e-11 9.70109e-11 4.19118e-10 1.33789e-09 3.50081e-09 7.85956e-09 1.55126e-08 2.73211e-08 4.33783e-08 6.25671e-08 8.24967e-08 9.99827e-08 1.11964e-07 1.165e-07 1.13434e-07 1.04459e-07 9.26408e-08 8.16503e-08 7.50209e-08 7.55791e-08 8.49258e-08 1.02708e-07 1.25655e-07 1.47109e-07 1.58422e-07 1.52785e-07 1.29491e-07 9.5078e-08 5.98569e-08 3.21622e-08 1.47822e-08 5.85031e-09 2.00626e-09 5.97392e-10 1.53751e-10 3.36794e-11 6.04385e-12 8.0541e-13 5.7151e-14 0 
0 1.423e-12 1.13359e-11 4.77373e-11 1.48841e-10 3.81357e-10 8.40664e-10 1.63386e-09 2.8417e-09 4.46776e-09 6.39745e-09 8.39377e-09 1.01447e-08 1.13522e-08 1.18286e-08 1.15619e-08 1.07236e-08 9.62329e-09 8.63302e-09 8.10916e-09 8.32465e-09 9.40298e-09 1.124e-08 1.34312e-08 1.52806e-08 1.59928e-08 1.5043e-08 1.25144e-08 9.10815e-09 5.76083e-09 3.15717e-09 1.49953e-09 6.18481e-10 2.21932e-10 6.92508e-11 1.86837e-11 4.28842e-12 8.0541e-13 1.12126e-13 8.29349e-15 0 
0 9.27222e-14 7.19994e-13 2.95969e-12 9.02506e-12 2.26658e-11 4.9096e-11 9.4004e-11 1.61488e-10 2.51411e-10 3.57339e-10 4.66444e-10 5.62075e-10 6.28461e-10 6.55796e-10 6.43676e-10 6.01603e-10 5.46601e-10 4.99113e-10 4.78489e-10 4.9873e-10 5.64303e-10 6.65988e-10 7.78472e-10 8.63601e-10 8.82611e-10 8.1452e-10 6.69537e-10 4.85736e-10 3.09245e-10 1.72276e-10 8.39075e-11 3.57372e-11 1.33091e-11 4.32441e-12 1.21713e-12 2.91618e-13 5.7151e-14 8.29349e-15 6.3843e-16 0 
0 0 0 0 0 0 0 0 0 0 0 0 0 0 0 0 0 0 0 0 0 0 0 0 0 0 0 0 0 0 0 0 0 0 0 0 0 0 0 0 0 
