0 0 0 0 0 0 0 0 0 0 0 0 0 0 0 0 0 0 0 0 0 0 0 0 0 0 0 0 0 0 0 0 0 0 0 0 0 0 0 0 0 
0 3.88701e-16 3.72666e-15 1.89942e-14 7.19519e-14 2.24327e-13 6.01053e-13 1.41403e-12 2.95527e-12 5.52417e-12 9.27452e-12 1.40246e-11 1.91419e-11 2.36248e-11 2.64129e-11 2.68013e-11 2.47338e-11 2.08082e-11 1.59994e-11 1.1275e-11 7.30447e-12 4.36418e-12 2.41269e-12 1.23839e-12 5.92186e-13 2.64708e-13 1.1097e-13 4.37641e-14 1.62825e-14 5.72868e-15 1.90942e-15 6.03466e-16 1.80767e-16 5.11915e-17 1.36239e-17 3.36759e-18 7.55834e-19 1.4718e-19 2.23761e-20 1.89107e-21 0 
0 3.72666e-15 3.69791e-14 1.95143e-13 7.65136e-13 2.46674e-12 6.82369e-12 1.6539e-11 3.55184e-11 6.80171e-11 1.16594e-10 1.79366e-10 2.48115e-10 3.09154e-10 3.47603e-10 3.53376e-10 3.25547e-10 2.72473e-10 2.07781e-10 1.44821e-10 9.25708e-11 5.44632e-11 2.9604e-11 1.49241e-11 7.00491e-12 3.07303e-12 1.26476e-12 4.90083e-13 1.79378e-13 6.21925e-14 2.04705e-14 6.40442e-15 1.90418e-15 5.36731e-16 1.42566e-16 3.52583e-17 7.93351e-18 1.55089e-18 2.36852e-19 2.01052e-20 0 
0 1.89942e-14 1.95143e-13 1.06684e-12 4.33271e-12 1.44558e-11 4.1321e-11 1.03271e-10 2.28086e-10 4.47825e-10 7.8438e-10 1.22842e-09 1.72322e-09 2.16884e-09 2.45351e-09 2.49989e-09 2.29973e-09 1.91546e-09 1.44907e-09 9.99186e-10 6.30382e-10 3.65361e-10 1.95361e-10 9.67918e-11 4.46305e-11 1.92358e-11 7.78263e-12 2.96786e-12 1.07076e-12 3.6669e-13 1.19506e-13 3.71226e-14 1.09907e-14 3.09376e-15 8.22826e-16 2.04201e-16 4.61769e-17 9.07844e-18 1.39422e-18 1.18906e-19 0 
0 7.19519e-14 7.65136e-13 4.33271e-12 1.82251e-11 6.29301e-11 1.85893e-10 4.79129e-10 1.08852e-09 2.19181e-09 3.92381e-09 6.25796e-09 8.90568e-09 1.13265e-08 1.28973e-08 1.31772e-08 1.21114e-08 1.00449e-08 7.54387e-09 5.15031e-09 3.21002e-09 1.83477e-09 9.66299e-10 4.71205e-10 2.13804e-10 9.07123e-11 3.61613e-11 1.36067e-11 4.85332e-12 1.64714e-12 5.33468e-13 1.65171e-13 4.88881e-14 1.3796e-14 3.68695e-15 9.20885e-16 2.09743e-16 4.15269e-17 6.41631e-18 5.49653e-19 0 
0 2.24327e-13 2.46674e-12 1.44558e-11 6.29301e-11 2.24723e-10 6.85591e-10 1.82148e-09 4.25516e-09 8.78477e-09 1.60723e-08 2.61048e-08 3.76937e-08 4.84587e-08 5.55671e-08 5.6963e-08 5.23493e-08 4.32731e-08 3.22984e-08 2.18608e-08 1.34806e-08 7.61192e-09 3.95639e-09 1.90317e-09 8.51955e-10 3.56862e-10 1.40626e-10 5.24027e-11 1.85539e-11 6.26783e-12 2.02672e-12 6.28422e-13 1.86809e-13 5.30719e-14 1.43024e-14 3.60496e-15 8.28394e-16 1.6529e-16 2.56902e-17 2.20864e-18 0 
0 6.01053e-13 6.82369e-12 4.1321e-11 1.85893e-10 6.85591e-10 2.15756e-09 5.90243e-09 1.41659e-08 2.99651e-08 5.60025e-08 9.26111e-08 1.35682e-07 1.76361e-07 2.03748e-07 2.09717e-07 1.92895e-07 1.59118e-07 1.18209e-07 7.94611e-08 4.85819e-08 2.71648e-08 1.39724e-08 6.6508e-09 2.94752e-09 1.22368e-09 4.78747e-10 1.77521e-10 6.27148e-11 2.12036e-11 6.88335e-12 2.14906e-12 6.44823e-13 1.8521e-13 5.04958e-14 1.28713e-14 2.98707e-15 6.00634e-16 9.38279e-17 8.08385e-18 0 
0 1.41403e-12 1.6539e-11 1.03271e-10 4.79129e-10 1.82148e-09 5.90243e-09 1.66005e-08 4.08769e-08 8.85e-08 1.68825e-07 2.84119e-07 4.22281e-07 5.55041e-07 6.46367e-07 6.68573e-07 6.16202e-07 5.08029e-07 3.76372e-07 2.51846e-07 1.53069e-07 8.50169e-08 4.34264e-08 2.05353e-08 9.05029e-09 3.74249e-09 1.46166e-09 5.42533e-10 1.92452e-10 6.55426e-11 2.14972e-11 6.79781e-12 2.06916e-12 6.03224e-13 1.66822e-13 4.30595e-14 1.00935e-14 2.04369e-15 3.20397e-16 2.761e-17 0 
0 2.95527e-12 3.55184e-11 2.28086e-10 1.08852e-09 4.25516e-09 1.41659e-08 4.08769e-08 1.03091e-07 2.28119e-07 4.43704e-07 7.59378e-07 1.14463e-06 1.52152e-06 1.787e-06 1.85929e-06 1.7196e-06 1.41964e-06 1.0513e-06 7.02235e-07 4.25701e-07 2.35754e-07 1.2011e-07 5.67028e-08 2.49886e-08 1.03558e-08 4.06469e-09 1.52105e-09 5.45782e-10 1.88606e-10 6.2928e-11 2.02738e-11 6.28945e-12 1.86697e-12 5.24606e-13 1.37168e-13 3.24527e-14 6.6064e-15 1.03729e-15 8.91983e-17 0 
0 5.52417e-12 6.80171e-11 4.47825e-10 2.19181e-09 8.78477e-09 2.99651e-08 8.85e-08 2.28119e-07 5.15023e-07 1.02004e-06 1.77375e-06 2.71027e-06 3.64363e-06 4.31836e-06 4.5246e-06 4.20627e-06 3.48508e-06 2.58706e-06 1.73092e-06 1.05075e-06 5.82907e-07 2.9777e-07 1.41183e-07 6.26328e-08 2.62056e-08 1.04195e-08 3.96375e-09 1.45066e-09 5.12663e-10 1.75196e-10 5.78211e-11 1.83515e-11 5.55849e-12 1.58791e-12 4.203e-13 1.00207e-13 2.04646e-14 3.20998e-15 2.74716e-16 0 
0 9.27452e-12 1.16594e-10 7.8438e-10 3.92381e-09 1.60723e-08 5.60025e-08 1.68825e-07 4.43704e-07 1.02004e-06 2.05396e-06 3.62505e-06 5.61192e-06 7.63048e-06 9.13162e-06 9.6472e-06 9.03241e-06 7.5306e-06 5.62235e-06 3.78317e-06 2.31075e-06 1.2912e-06 6.65562e-07 3.19212e-07 1.43698e-07 6.12318e-08 2.48907e-08 9.71576e-09 3.65903e-09 1.33282e-09 4.69471e-10 1.59437e-10 5.19035e-11 1.6055e-11 4.66017e-12 1.24663e-12 2.98816e-13 6.10533e-14 9.53921e-15 8.10141e-16 0 
0 1.40246e-11 1.79366e-10 1.22842e-09 6.25796e-09 2.61048e-08 9.26111e-08 2.84119e-07 7.59378e-07 1.77375e-06 3.62505e-06 6.48593e-06 1.01669e-05 1.39817e-05 1.69076e-05 1.8037e-05 1.70462e-05 1.43448e-05 1.08135e-05 7.35243e-06 4.54405e-06 2.5744e-06 1.34912e-06 6.60124e-07 3.04389e-07 1.3343e-07 5.60254e-08 2.26629e-08 8.86126e-09 3.35105e-09 1.223e-09 4.28705e-10 1.43309e-10 4.52477e-11 1.33222e-11 3.59276e-12 8.63225e-13 1.75891e-13 2.72869e-14 2.29257e-15 0 
0 1.91419e-11 2.48115e-10 1.72322e-09 8.90568e-09 3.76937e-08 1.35682e-07 4.22281e-07 1.14463e-06 2.71027e-06 5.61192e-06 1.01669e-05 1.61277e-05 2.24354e-05 2.74387e-05 2.96083e-05 2.83179e-05 2.41373e-05 1.8454e-05 1.2749e-05 8.02533e-06 4.64558e-06 2.49719e-06 1.25902e-06 6.01127e-07 2.74136e-07 1.2021e-07 5.08969e-08 2.0832e-08 8.22807e-09 3.12262e-09 1.13141e-09 3.88215e-10 1.24893e-10 3.71989e-11 1.00804e-11 2.41917e-12 4.89825e-13 7.51878e-14 6.22906e-15 0 
0 2.36248e-11 3.09154e-10 2.16884e-09 1.13265e-08 4.84587e-08 1.76361e-07 5.55041e-07 1.52152e-06 3.64363e-06 7.63048e-06 1.39817e-05 2.24354e-05 3.15807e-05 3.91067e-05 4.277e-05 4.15196e-05 3.599e-05 2.80506e-05 1.98156e-05 1.28027e-05 7.64088e-06 4.25678e-06 2.23685e-06 1.1193e-06 5.37451e-07 2.48864e-07 1.11314e-07 4.80198e-08 1.98935e-08 7.8648e-09 2.94473e-09 1.03523e-09 3.38359e-10 1.01581e-10 2.75508e-11 6.57743e-12 1.31817e-12 1.99464e-13 1.62396e-14 0 
0 2.64129e-11 3.47603e-10 2.45351e-09 1.28973e-08 5.55671e-08 2.03748e-07 6.46367e-07 1.787e-06 4.31836e-06 9.13162e-06 1.69076e-05 2.74387e-05 3.91067e-05 4.9105e-05 5.4563e-05 5.39471e-05 4.77733e-05 3.81821e-05 2.77836e-05 1.85887e-05 1.15582e-05 6.75286e-06 3.74591e-06 1.99001e-06 1.01836e-06 5.03098e-07 2.39584e-07 1.09477e-07 4.76784e-08 1.96353e-08 7.58321e-09 2.72284e-09 9.00545e-10 2.71298e-10 7.33061e-11 1.73312e-11 3.42317e-12 5.08644e-13 4.0556e-14 0 
0 2.68013e-11 3.53376e-10 2.49989e-09 1.31772e-08 5.6963e-08 2.09717e-07 6.68573e-07 1.85929e-06 4.5246e-06 9.6472e-06 1.8037e-05 2.96083e-05 4.277e-05 5.4563e-05 6.17772e-05 6.2461e-05 5.681e-05 4.68777e-05 3.54352e-05 2.48028e-05 1.62592e-05 1.00939e-05 5.99168e-06 3.4237e-06 1.88852e-06 1.00419e-06 5.12122e-07 2.48598e-07 1.13858e-07 4.87618e-08 1.9361e-08 7.06938e-09 2.3541e-09 7.07911e-10 1.89567e-10 4.41623e-11 8.55772e-12 1.24359e-12 9.67667e-14 0 
0 2.47338e-11 3.25547e-10 2.29973e-09 1.21114e-08 5.23493e-08 1.92895e-07 6.16202e-07 1.7196e-06 4.20627e-06 9.03241e-06 1.70462e-05 2.83179e-05 4.15196e-05 5.39471e-05 6.2461e-05 6.48928e-05 6.10007e-05 5.23827e-05 4.15376e-05 3.07716e-05 2.15478e-05 1.44134e-05 9.2813e-06 5.77428e-06 3.46686e-06 1.99766e-06 1.09515e-06 5.6534e-07 2.71942e-07 1.20724e-07 4.9053e-08 1.81124e-08 6.03606e-09 1.80076e-09 4.75092e-10 1.08474e-10 2.05237e-11 2.9048e-12 2.1982e-13 0 
0 2.08082e-11 2.72473e-10 1.91546e-09 1.00449e-08 4.32731e-08 1.59118e-07 5.08029e-07 1.41964e-06 3.48508e-06 7.5306e-06 1.43448e-05 2.41373e-05 3.599e-05 4.77733e-05 5.681e-05 6.10007e-05 5.97067e-05 5.38528e-05 4.5298e-05 3.59737e-05 2.72831e-05 1.99375e-05 1.41046e-05 9.6546e-06 6.35813e-06 3.98928e-06 2.35574e-06 1.29258e-06 6.51224e-07 2.98298e-07 1.23292e-07 4.57228e-08 1.51405e-08 4.45006e-09 1.14927e-09 2.557e-10 4.70054e-11 6.45309e-12 4.73346e-13 0 
0 1.59994e-11 2.07781e-10 1.44907e-09 7.54387e-09 3.22984e-08 1.18209e-07 3.76372e-07 1.0513e-06 2.58706e-06 5.62235e-06 1.08135e-05 1.8454e-05 2.80506e-05 3.81821e-05 4.68777e-05 5.23827e-05 5.38528e-05 5.15609e-05 4.65729e-05 4.01833e-05 3.34578e-05 2.70498e-05 2.12495e-05 1.61363e-05 1.17232e-05 8.03527e-06 5.11507e-06 2.97816e-06 1.56524e-06 7.35341e-07 3.0687e-07 1.13369e-07 3.69962e-08 1.063e-08 2.66869e-09 5.75153e-10 1.02223e-10 1.35587e-11 9.61103e-13 0 
0 1.1275e-11 1.44821e-10 9.99186e-10 5.15031e-09 2.18608e-08 7.94611e-08 2.51846e-07 7.02235e-07 1.73092e-06 3.78317e-06 7.35243e-06 1.2749e-05 1.98156e-05 2.77836e-05 3.54352e-05 4.15376e-05 4.5298e-05 4.65729e-05 4.57503e-05 4.34423e-05 4.01922e-05 3.63235e-05 3.1948e-05 2.70806e-05 2.17964e-05 1.63569e-05 1.12249e-05 6.91784e-06 3.77369e-06 1.80493e-06 7.53719e-07 2.74728e-07 8.75272e-08 2.43765e-08 5.90589e-09 1.2256e-09 2.09613e-10 2.67667e-11 1.82881e-12 0 
0 7.30447e-12 9.25708e-11 6.30382e-10 3.21002e-09 1.34806e-08 4.85819e-08 1.53069e-07 4.25701e-07 1.05075e-06 2.31075e-06 4.54405e-06 8.02533e-06 1.28027e-05 1.85887e-05 2.48028e-05 3.07716e-05 3.59737e-05 4.01833e-05 4.34423e-05 4.59029e-05 4.76351e-05 4.84832e-05 4.80188e-05 4.56345e-05 4.0824e-05 3.36128e-05 2.48826e-05 1.62083e-05 9.13492e-06 4.41152e-06 1.82263e-06 6.47301e-07 1.98995e-07 5.31975e-08 1.23436e-08 2.45237e-09 4.01914e-10 4.92663e-11 3.23837e-12 0 
0 4.36418e-12 5.44632e-11 3.65361e-10 1.83477e-09 7.61192e-09 2.71648e-08 8.50169e-08 2.35754e-07 5.82907e-07 1.2912e-06 2.5744e-06 4.64558e-06 7.64088e-06 1.15582e-05 1.62592e-05 2.15478e-05 2.72831e-05 3.34578e-05 4.01922e-05 4.76351e-05 5.57822e-05 6.42265e-05 7.18786e-05 7.68257e-05 7.66857e-05 6.97053e-05 5.61699e-05 3.90322e-05 2.28128e-05 1.10448e-05 4.43203e-06 1.49663e-06 4.34025e-07 1.09584e-07 2.41118e-08 4.55973e-09 7.13628e-10 8.38055e-11 5.29477e-12 0 
0 2.41269e-12 2.9604e-11 1.95361e-10 9.66299e-10 3.95639e-09 1.39724e-08 4.34264e-08 1.2011e-07 2.9777e-07 6.65562e-07 1.34912e-06 2.49719e-06 4.25678e-06 6.75286e-06 1.00939e-05 1.44134e-05 1.99375e-05 2.70498e-05 3.63235e-05 4.84832e-05 6.42265e-05 8.37839e-05 0.000106129 0.000128144 0.000144593 0.000149214 0.000136456 0.000105573 6.57613e-05 3.1925e-05 1.2059e-05 3.65956e-06 9.41105e-07 2.14378e-07 4.36813e-08 7.78971e-09 1.16063e-09 1.3048e-10 7.92588e-12 0 
0 1.23839e-12 1.49241e-11 9.67918e-11 4.71205e-10 1.90317e-09 6.6508e-09 2.05353e-08 5.67028e-08 1.41183e-07 3.19212e-07 6.60124e-07 1.25902e-06 2.23685e-06 3.74591e-06 5.99168e-06 9.2813e-06 1.41046e-05 2.12495e-05 3.1948e-05 4.80188e-05 7.18786e-05 0.000106129 0.000152561 0.000211525 0.000282076 0.000355203 0.000396591 0.000358688 0.000243844 0.000119633 4.20833e-05 1.09471e-05 2.2741e-06 4.20441e-07 7.40411e-08 1.21243e-08 1.70953e-09 1.84023e-10 1.07661e-11 0 
0 5.92186e-13 7.00491e-12 4.46305e-11 2.13804e-10 8.51955e-10 2.94752e-09 9.05029e-09 2.49886e-08 6.26328e-08 1.43698e-07 3.04389e-07 6.01127e-07 1.1193e-06 1.99001e-06 3.4237e-06 5.77428e-06 9.6546e-06 1.61363e-05 2.70806e-05 4.56345e-05 7.68257e-05 0.000128144 0.000211525 0.000352405 0.000600007 0.000976612 0.00133159 0.00136071 0.000980702 0.000485585 0.000164068 3.83293e-05 6.51089e-06 9.05958e-07 1.22582e-07 1.72236e-08 2.25789e-09 2.32659e-10 1.31516e-11 0 
0 2.64708e-13 3.07303e-12 1.92358e-11 9.07123e-11 3.56862e-10 1.22368e-09 3.74249e-09 1.03558e-08 2.62056e-08 6.12318e-08 1.3343e-07 2.74136e-07 5.37451e-07 1.01836e-06 1.88852e-06 3.46686e-06 6.35813e-06 1.17232e-05 2.17964e-05 4.0824e-05 7.66857e-05 0.000144593 0.000282076 0.000600007 0.00134254 0.00268882 0.00412372 0.00445521 0.00327983 0.00162561 0.000540052 0.000120501 1.84323e-05 2.07706e-06 2.06656e-07 2.26615e-08 2.65647e-09 2.61126e-10 1.43239e-11 0 
0 1.1097e-13 1.26476e-12 7.78263e-12 3.61613e-11 1.40626e-10 4.78747e-10 1.46166e-09 4.06469e-09 1.04195e-08 2.48907e-08 5.60254e-08 1.2021e-07 2.48864e-07 5.03098e-07 1.00419e-06 1.99766e-06 3.98928e-06 8.03527e-06 1.63569e-05 3.36128e-05 6.97053e-05 0.000149214 0.000355203 0.000976612 0.00268882 0.00603245 0.00972304 0.0107072 0.00792313 0.00391717 0.00129037 0.000282708 4.14285e-05 4.20455e-06 3.34957e-07 2.77167e-08 2.77039e-09 2.57937e-10 1.38021e-11 0 
0 4.37641e-14 4.90083e-13 2.96786e-12 1.36067e-11 5.24027e-11 1.77521e-10 5.42533e-10 1.52105e-09 3.96375e-09 9.71576e-09 2.26629e-08 5.08969e-08 1.11314e-07 2.39584e-07 5.12122e-07 1.09515e-06 2.35574e-06 5.11507e-06 1.12249e-05 2.48826e-05 5.61699e-05 0.000136456 0.000396591 0.00133159 0.00412372 0.00972304 0.0159551 0.0176763 0.0130954 0.00646251 0.00211932 0.00046055 6.63056e-05 6.42942e-06 4.54487e-07 3.01506e-08 2.53202e-09 2.22467e-10 1.16899e-11 0 
0 1.62825e-14 1.79378e-13 1.07076e-12 4.85332e-12 1.85539e-11 6.27148e-11 1.92452e-10 5.45782e-10 1.45066e-09 3.65903e-09 8.86126e-09 2.0832e-08 4.80198e-08 1.09477e-07 2.48598e-07 5.6534e-07 1.29258e-06 2.97816e-06 6.91784e-06 1.62083e-05 3.90322e-05 0.000105573 0.000358688 0.00136071 0.00445521 0.0107072 0.0176763 0.0196203 0.0145398 0.00716954 0.0023462 0.000507856 7.25497e-05 6.89929e-06 4.61429e-07 2.69209e-08 1.98008e-09 1.66219e-10 8.65964e-12 0 
0 5.72868e-15 6.21925e-14 3.6669e-13 1.64714e-12 6.26783e-12 2.12036e-11 6.55426e-11 1.88606e-10 5.12663e-10 1.33282e-09 3.35105e-09 8.22807e-09 1.98935e-08 4.76784e-08 1.13858e-07 2.71942e-07 6.51224e-07 1.56524e-06 3.77369e-06 9.13492e-06 2.28128e-05 6.57613e-05 0.000243844 0.000980702 0.00327983 0.00792313 0.0130954 0.0145398 0.0107749 0.00531154 0.0017366 0.000375204 5.34281e-05 5.04535e-06 3.31004e-07 1.84297e-08 1.28835e-09 1.06863e-10 5.59309e-12 0 
0 1.90942e-15 2.04705e-14 1.19506e-13 5.33468e-13 2.02672e-12 6.88335e-12 2.14972e-11 6.2928e-11 1.75196e-10 4.69471e-10 1.223e-09 3.12262e-09 7.8648e-09 1.96353e-08 4.87618e-08 1.20724e-07 2.98298e-07 7.35341e-07 1.80493e-06 4.41152e-06 1.10448e-05 3.1925e-05 0.000119633 0.000485585 0.00162561 0.00391717 0.00646251 0.00716954 0.00531154 0.00261794 0.000855573 0.000184734 2.62998e-05 2.48667e-06 1.64275e-07 9.39073e-09 6.87914e-10 5.89619e-11 3.14604e-12 0 
0 6.03466e-16 6.40442e-15 3.71226e-14 1.65171e-13 6.28422e-13 2.14906e-12 6.79781e-12 2.02738e-11 5.78211e-11 1.59437e-10 4.28705e-10 1.13141e-09 2.94473e-09 7.58321e-09 1.9361e-08 4.9053e-08 1.23292e-07 3.0687e-07 7.53719e-07 1.82263e-06 4.43203e-06 1.2059e-05 4.20833e-05 0.000164068 0.000540052 0.00129037 0.00211932 0.0023462 0.0017366 0.000855573 0.000279566 6.04037e-05 8.62685e-06 8.2473e-07 5.66237e-08 3.61293e-09 3.048e-10 2.80081e-11 1.54205e-12 0 
0 1.80767e-16 1.90418e-15 1.09907e-14 4.88881e-14 1.86809e-13 6.44823e-13 2.06916e-12 6.28945e-12 1.83515e-11 5.19035e-11 1.43309e-10 3.88215e-10 1.03523e-09 2.72284e-09 7.06938e-09 1.81124e-08 4.57228e-08 1.13369e-07 2.74728e-07 6.47301e-07 1.49663e-06 3.65956e-06 1.09471e-05 3.83293e-05 0.000120501 0.000282708 0.00046055 0.000507856 0.000375204 0.000184734 6.04037e-05 1.30929e-05 1.88826e-06 1.86055e-07 1.40563e-08 1.11511e-09 1.15371e-10 1.1527e-11 6.59569e-13 0 
0 5.11915e-17 5.36731e-16 3.09376e-15 1.3796e-14 5.30719e-14 1.8521e-13 6.03224e-13 1.86697e-12 5.55849e-12 1.6055e-11 4.52477e-11 1.24893e-10 3.38359e-10 9.00545e-10 2.3541e-09 6.03606e-09 1.51405e-08 3.69962e-08 8.75272e-08 1.98995e-07 4.34025e-07 9.41105e-07 2.2741e-06 6.51089e-06 1.84323e-05 4.14285e-05 6.63056e-05 7.25497e-05 5.34281e-05 2.62998e-05 8.62685e-06 1.88826e-06 2.79751e-07 2.97973e-08 2.76614e-09 3.02265e-10 3.82892e-11 4.13009e-12 2.46355e-13 0 
0 1.36239e-17 1.42566e-16 8.22826e-16 3.68695e-15 1.43024e-14 5.04958e-14 1.66822e-13 5.24606e-13 1.58791e-12 4.66017e-12 1.33222e-11 3.71989e-11 1.01581e-10 2.71298e-10 7.07911e-10 1.80076e-09 4.45006e-09 1.063e-08 2.43765e-08 5.31975e-08 1.09584e-07 2.14378e-07 4.20441e-07 9.05958e-07 2.07706e-06 4.20455e-06 6.42942e-06 6.89929e-06 5.04535e-06 2.48667e-06 8.2473e-07 1.86055e-07 2.97973e-08 3.84744e-09 5.07359e-10 7.65143e-11 1.12178e-11 1.28836e-12 8.02081e-14 0 
0 3.36759e-18 3.52583e-17 2.04201e-16 9.20885e-16 3.60496e-15 1.28713e-14 4.30595e-14 1.37168e-13 4.203e-13 1.24663e-12 3.59276e-12 1.00804e-11 2.75508e-11 7.33061e-11 1.89567e-10 4.75092e-10 1.14927e-09 2.66869e-09 5.90589e-09 1.23436e-08 2.41118e-08 4.36813e-08 7.40411e-08 1.22582e-07 2.06656e-07 3.34957e-07 4.54487e-07 4.61429e-07 3.31004e-07 1.64275e-07 5.66237e-08 1.40563e-08 2.76614e-09 5.07359e-10 9.64679e-11 1.78998e-11 2.87071e-12 3.47678e-13 2.26051e-14 0 
0 7.55834e-19 7.93351e-18 4.61769e-17 2.09743e-16 8.28394e-16 2.98707e-15 1.00935e-14 3.24527e-14 1.00207e-13 2.98816e-13 8.63225e-13 2.41917e-12 6.57743e-12 1.73312e-11 4.41623e-11 1.08474e-10 2.557e-10 5.75153e-10 1.2256e-09 2.45237e-09 4.55973e-09 7.78971e-09 1.21243e-08 1.72236e-08 2.26615e-08 2.77167e-08 3.01506e-08 2.69209e-08 1.84297e-08 9.39073e-09 3.61293e-09 1.11511e-09 3.02265e-10 7.65143e-11 1.78998e-11 3.68279e-12 6.2778e-13 7.98164e-14 5.42026e-15 0 
0 1.4718e-19 1.55089e-18 9.07844e-18 4.15269e-17 1.6529e-16 6.00634e-16 2.04369e-15 6.6064e-15 2.04646e-14 6.10533e-14 1.75891e-13 4.89825e-13 1.31817e-12 3.42317e-12 8.55772e-12 2.05237e-11 4.70054e-11 1.02223e-10 2.09613e-10 4.01914e-10 7.13628e-10 1.16063e-09 1.70953e-09 2.25789e-09 2.65647e-09 2.77039e-09 2.53202e-09 1.98008e-09 1.28835e-09 6.87914e-10 3.048e-10 1.15371e-10 3.82892e-11 1.12178e-11 2.87071e-12 6.2778e-13 1.12568e-13 1.49891e-14 1.06262e-15 0 
0 2.23761e-20 2.36852e-19 1.39422e-18 6.41631e-18 2.56902e-17 9.38279e-17 3.20397e-16 1.03729e-15 3.20998e-15 9.53921e-15 2.72869e-14 7.51878e-14 1.99464e-13 5.08644e-13 1.24359e-12 2.9048e-12 6.45309e-12 1.35587e-11 2.67667e-11 4.92663e-11 8.38055e-11 1.3048e-10 1.84023e-10 2.32659e-10 2.61126e-10 2.57937e-10 2.22467e-10 1.66219e-10 1.06863e-10 5.89619e-11 2.80081e-11 1.1527e-11 4.13009e-12 1.28836e-12 3.47678e-13 7.98164e-14 1.49891e-14 2.08599e-15 1.54202e-16 0 
0 1.89107e-21 2.01052e-20 1.18906e-19 5.49653e-19 2.20864e-18 8.08385e-18 2.761e-17 8.91983e-17 2.74716e-16 8.10141e-16 2.29257e-15 6.22906e-15 1.62396e-14 4.0556e-14 9.67667e-14 2.1982e-13 4.73346e-13 9.61103e-13 1.82881e-12 3.23837e-12 5.29477e-12 7.92588e-12 1.07661e-11 1.31516e-11 1.43239e-11 1.38021e-11 1.16899e-11 8.65964e-12 5.59309e-12 3.14604e-12 1.54205e-12 6.59569e-13 2.46355e-13 8.02081e-14 2.26051e-14 5.42026e-15 1.06262e-15 1.54202e-16 1.18673e-17 0 
0 0 0 0 0 0 0 0 0 0 0 0 0 0 0 0 0 0 0 0 0 0 0 0 0 0 0 0 0 0 0 0 0 0 0 0 0 0 0 0 0 
