0 0 0 0 0 0 0 0 0 0 0 0 0 0 0 0 0 0 0 0 0 0 0 0 0 0 0 0 0 0 0 0 0 0 0 0 0 0 0 0 0 
0 4.08864e-09 3.82588e-08 1.86028e-07 6.54862e-07 1.84593e-06 4.3567e-06 8.83266e-06 1.56657e-05 2.46773e-05 3.49843e-05 4.515e-05 5.35539e-05 5.88177e-05 6.01357e-05 5.74285e-05 5.13073e-05 4.28848e-05 3.34944e-05 2.43927e-05 1.65196e-05 1.03745e-05 6.02622e-06 3.23122e-06 1.59737e-06 7.27804e-07 3.05758e-07 1.18561e-07 4.24915e-08 1.40949e-08 4.33202e-09 1.2341e-09 3.2558e-10 7.93145e-11 1.77318e-11 3.59536e-12 6.46631e-13 9.86497e-14 1.1505e-14 7.31845e-16 0 
0 3.82588e-08 3.73117e-07 1.88324e-06 6.82848e-06 1.96119e-05 4.65693e-05 9.38133e-05 0.000163671 0.000252043 0.000348668 0.000440002 0.000512867 0.000557292 0.000568037 0.000544963 0.000492567 0.000418944 0.000334305 0.00024919 0.000172608 0.000110513 6.50905e-05 3.51448e-05 1.73639e-05 7.84918e-06 3.25056e-06 1.23601e-06 4.32681e-07 1.39804e-07 4.17823e-08 1.15639e-08 2.96322e-09 7.0134e-10 1.52435e-10 3.00771e-11 5.26988e-12 7.84202e-13 8.93249e-14 5.55679e-15 0 
0 1.86028e-07 1.88324e-06 9.79573e-06 3.6122e-05 0.0001036 0.000240744 0.000466354 0.000773974 0.00113088 0.00149094 0.00180924 0.00205067 0.00219279 0.00222574 0.00215107 0.00198029 0.00173318 0.00143596 0.00111893 0.000813174 0.000545966 0.00033551 0.000187299 9.45662e-05 4.3149e-05 1.78347e-05 6.7066e-06 2.30602e-06 7.28471e-07 2.12234e-07 5.71692e-08 1.42486e-08 3.28028e-09 6.93867e-10 1.33359e-10 2.27858e-11 3.31063e-12 3.68676e-13 2.24523e-14 0 
0 6.54862e-07 6.82848e-06 3.6122e-05 0.000132542 0.000367877 0.000806019 0.00144963 0.00223058 0.00304985 0.00381593 0.00445889 0.00493058 0.00520233 0.00526317 0.00511822 0.00478659 0.00429896 0.0036949 0.00302068 0.00232764 0.00166997 0.00109935 0.000654352 0.000348121 0.000164644 6.93234e-05 2.61548e-05 8.91922e-06 2.77243e-06 7.90864e-07 2.08001e-07 5.05476e-08 1.13422e-08 2.33907e-09 4.38612e-10 7.31899e-11 1.03977e-11 1.1336e-12 6.76743e-14 0 
0 1.84593e-06 1.96119e-05 0.0001036 0.000367877 0.000955529 0.00191954 0.00316677 0.00453814 0.00589007 0.00711215 0.00812053 0.00885395 0.00927411 0.00936647 0.00913966 0.00862291 0.00786181 0.00691309 0.0058396 0.00470659 0.00358083 0.0025319 0.0016309 0.000937083 0.000472593 0.000207991 8.03072e-05 2.75357e-05 8.49874e-06 2.38828e-06 6.15961e-07 1.46441e-07 3.21151e-08 6.47232e-09 1.18661e-09 1.93752e-10 2.69623e-11 2.88275e-12 1.68975e-13 0 
0 4.3567e-06 4.65693e-05 0.000240744 0.000806019 0.00191954 0.00352852 0.00542595 0.00741251 0.00933243 0.0110567 0.0124769 0.0135093 0.0141004 0.0142294 0.0139089 0.0131803 0.0121084 0.0107732 0.00926189 0.00766126 0.00605247 0.00451099 0.00311241 0.00193776 0.00105918 0.000498441 0.000201242 7.05274e-05 2.18576e-05 6.09626e-06 1.54991e-06 3.61922e-07 7.78245e-08 1.53705e-08 2.76202e-09 4.42308e-10 6.04191e-11 6.34762e-12 3.66007e-13 0 
0 8.83266e-06 9.38133e-05 0.000466354 0.00144963 0.00316677 0.00542595 0.00796917 0.0105919 0.0131188 0.0153879 0.0172578 0.0186176 0.0193964 0.0195667 0.0191448 0.0181856 0.0167751 0.0150194 0.0130342 0.0109339 0.00882274 0.00678977 0.00491106 0.00326138 0.00192597 0.000978903 0.000420241 0.000152957 4.81712e-05 1.3444e-05 3.38863e-06 7.80548e-07 1.65155e-07 3.20639e-08 5.66305e-09 8.91678e-10 1.19845e-10 1.23994e-11 7.04777e-13 0 
0 1.56657e-05 0.000163671 0.000773974 0.00223058 0.00453814 0.00741251 0.0105919 0.0138606 0.0170099 0.0198394 0.022172 0.0238694 0.0248425 0.0250567 0.0245323 0.0233377 0.0215804 0.0193934 0.0169219 0.0143093 0.0116861 0.00916187 0.00682195 0.00473492 0.00297285 0.00162396 0.000746075 0.000285259 9.22585e-05 2.59674e-05 6.52572e-06 1.48921e-06 3.11179e-07 5.9577e-08 1.03723e-08 1.61018e-09 2.1348e-10 2.18039e-11 1.2245e-12 0 
0 2.46773e-05 0.000252043 0.00113088 0.00304985 0.00589007 0.00933243 0.0131188 0.0170099 0.0207602 0.0241309 0.0269111 0.0289358 0.0300982 0.0303569 0.0297355 0.0283157 0.0262253 0.0236233 0.0206829 0.0175758 0.0144585 0.0114618 0.0086855 0.00620042 0.00406473 0.00235355 0.00115225 0.000464692 0.000155414 4.43936e-05 1.11783e-05 2.53747e-06 5.25461e-07 9.95286e-08 1.71323e-08 2.62963e-09 3.44856e-10 3.48623e-11 1.93942e-12 0 
0 3.49843e-05 0.000348668 0.00149094 0.00381593 0.00711215 0.0110567 0.0153879 0.0198394 0.0241309 0.0279896 0.0311743 0.0334956 0.0348309 0.0351323 0.0344263 0.0328059 0.0304176 0.0274432 0.0240813 0.020529 0.016966 0.013543 0.0103746 0.0075382 0.0050854 0.00307283 0.00158582 0.000672442 0.000233045 6.78087e-05 1.71712e-05 3.89062e-06 8.01044e-07 1.5058e-07 2.57064e-08 3.91299e-09 5.09094e-10 5.10903e-11 2.8238e-12 0 
0 4.515e-05 0.000440002 0.00180924 0.00445889 0.00812053 0.0124769 0.0172578 0.022172 0.0269111 0.0311743 0.0346951 0.0372641 0.0387453 0.0390853 0.0383125 0.0365294 0.0338971 0.0306165 0.0269071 0.0229869 0.0190549 0.0152783 0.0117844 0.00865823 0.00594984 0.00370188 0.00198783 0.000879025 0.00031485 9.33857e-05 2.38334e-05 5.40458e-06 1.10963e-06 2.07655e-07 3.52704e-08 5.34184e-09 6.91814e-10 6.9162e-11 3.81181e-12 0 
0 5.35539e-05 0.000512867 0.00205067 0.00493058 0.00885395 0.0135093 0.0186176 0.0238694 0.0289358 0.0334956 0.0372641 0.040017 0.0416086 0.0419808 0.0411635 0.0392653 0.0364581 0.0329563 0.0289945 0.0248059 0.0206038 0.0165677 0.0128343 0.00949487 0.00660032 0.0041849 0.00230952 0.00105382 0.00038774 0.000117005 3.01144e-05 6.84843e-06 1.40604e-06 2.62796e-07 4.45692e-08 6.74227e-09 8.72823e-10 8.73181e-11 4.82255e-12 0 
0 5.88177e-05 0.000557292 0.00219279 0.00520233 0.00927411 0.0141004 0.0193964 0.0248425 0.0300982 0.0348309 0.0387453 0.0416086 0.0432689 0.0436653 0.042828 0.0408688 0.0379654 0.0343395 0.0302343 0.0258918 0.0215335 0.0173461 0.0134722 0.010007 0.00700273 0.00448936 0.0025192 0.0011732 0.000439919 0.000134562 3.49159e-05 7.97722e-06 1.64271e-06 3.07836e-07 5.23649e-08 7.95304e-09 1.0351e-09 1.04295e-10 5.81366e-12 0 
0 6.01357e-05 0.000568037 0.00222574 0.00526317 0.00936647 0.0142294 0.0195667 0.0250567 0.0303569 0.0351323 0.0390853 0.0419808 0.0436653 0.0440768 0.0432445 0.0412806 0.0383631 0.0347152 0.0305815 0.0262057 0.0218115 0.0175875 0.0136779 0.0101796 0.00714514 0.00460352 0.00260336 0.00122488 0.000464304 0.00014338 3.74987e-05 8.62799e-06 1.78953e-06 3.38074e-07 5.80645e-08 8.92197e-09 1.17767e-09 1.20668e-10 6.85923e-12 0 
0 5.74285e-05 0.000544963 0.00215107 0.00511822 0.00913966 0.0139089 0.0191448 0.0245323 0.0297355 0.0344263 0.0383125 0.0411635 0.042828 0.0432445 0.042441 0.0405266 0.0376751 0.0341047 0.0300548 0.0257644 0.0214527 0.017305 0.0134633 0.0100231 0.00703685 0.00453437 0.00256545 0.00120923 0.00046032 0.000143148 3.77946e-05 8.79923e-06 1.85127e-06 3.55758e-07 6.23507e-08 9.80951e-09 1.33022e-09 1.40445e-10 8.2448e-12 0 
0 5.13073e-05 0.000492567 0.00198029 0.00478659 0.00862291 0.0131803 0.0181856 0.0233377 0.0283157 0.0328059 0.0365294 0.0392653 0.0408688 0.0412806 0.0405266 0.0387102 0.035997 0.0325945 0.0287311 0.0246346 0.0205143 0.0165473 0.0128694 0.00957206 0.00670677 0.00430605 0.00242433 0.00113852 0.000434021 0.000136149 3.65156e-05 8.68805e-06 1.878e-06 3.72635e-07 6.77324e-08 1.10908e-08 1.56871e-09 1.72833e-10 1.05732e-11 0 
0 4.28848e-05 0.000418944 0.00173318 0.00429896 0.00786181 0.0121084 0.0167751 0.0215804 0.0262253 0.0304176 0.0338971 0.0364581 0.0379654 0.0383631 0.0376751 0.035997 0.0334822 0.0303238 0.0267336 0.0229236 0.0190882 0.015392 0.0119613 0.0088811 0.00620118 0.00395829 0.00221271 0.00103524 0.000396998 0.000126895 3.50964e-05 8.69455e-06 1.97118e-06 4.12212e-07 7.91311e-08 1.36728e-08 2.03336e-09 2.34191e-10 1.48705e-11 0 
0 3.34944e-05 0.000334305 0.00143596 0.0036949 0.00691309 0.0107732 0.0150194 0.0193934 0.0236233 0.0274432 0.0306165 0.0329563 0.0343395 0.0347152 0.0341047 0.0325945 0.0303238 0.0274673 0.0242174 0.0207661 0.0172896 0.0139367 0.0108212 0.0080201 0.00558085 0.0035448 0.00197513 0.000929638 0.000364809 0.000121632 3.5637e-05 9.44067e-06 2.29594e-06 5.1374e-07 1.04795e-07 1.9054e-08 2.94945e-09 3.49812e-10 2.26525e-11 0 
0 2.43927e-05 0.00024919 0.00111893 0.00302068 0.0058396 0.00926189 0.0130342 0.0169219 0.0206829 0.0240813 0.0269071 0.0289945 0.0302343 0.0305815 0.0300548 0.0287311 0.0267336 0.0242174 0.021353 0.0183104 0.0152454 0.0122889 0.00954084 0.00706881 0.00491768 0.00313067 0.00176484 0.000857013 0.000355996 0.000128387 4.11057e-05 1.18752e-05 3.11501e-06 7.40195e-07 1.57728e-07 2.95123e-08 4.64262e-09 5.54093e-10 3.58405e-11 0 
0 1.65196e-05 0.000172608 0.000813174 0.00232764 0.00470659 0.00766126 0.0109339 0.0143093 0.0175758 0.020529 0.0229869 0.0248059 0.0258918 0.0262057 0.0257644 0.0246346 0.0229236 0.0207661 0.0183104 0.0157039 0.0130817 0.0105563 0.00821326 0.00611092 0.00428991 0.00278719 0.00163899 0.000855954 0.000392954 0.000158279 5.60714e-05 1.75325e-05 4.85333e-06 1.18995e-06 2.57085e-07 4.81569e-08 7.51879e-09 8.85597e-10 5.63338e-11 0 
0 1.03745e-05 0.000110513 0.000545966 0.00166997 0.00358083 0.00605247 0.00882274 0.0116861 0.0144585 0.016966 0.0190549 0.0206038 0.0215335 0.0218115 0.0214527 0.0205143 0.0190882 0.0172896 0.0152454 0.0130817 0.0109137 0.00883754 0.0069255 0.00522725 0.00377433 0.00258311 0.00165329 0.000969161 0.00050595 0.000228857 8.82481e-05 2.89817e-05 8.18049e-06 2.00413e-06 4.27295e-07 7.84266e-08 1.1953e-08 1.37212e-09 8.5039e-11 0 
0 6.02622e-06 6.50905e-05 0.00033551 0.00109935 0.0025319 0.00451099 0.00678977 0.00916187 0.0114618 0.013543 0.0152783 0.0165677 0.0173461 0.0175875 0.017305 0.0165473 0.015392 0.0139367 0.0122889 0.0105563 0.00883754 0.00721521 0.00575182 0.00448775 0.00343745 0.00258242 0.00187419 0.00126576 0.000754111 0.00037677 0.000153369 5.09341e-05 1.41246e-05 3.35491e-06 6.90829e-07 1.22424e-07 1.80314e-08 2.0034e-09 1.20413e-10 0 
0 3.23122e-06 3.51448e-05 0.000187299 0.000654352 0.0016309 0.00311241 0.00491106 0.00682195 0.0086855 0.0103746 0.0117844 0.0128343 0.0134722 0.0136779 0.0134633 0.0128694 0.0119613 0.0108212 0.00954084 0.00821326 0.0069255 0.00575182 0.0047481 0.00394773 0.00335827 0.00294296 0.00257529 0.00207162 0.00139606 0.000741673 0.000303021 9.61128e-05 2.47263e-05 5.44264e-06 1.05375e-06 1.77969e-07 2.51793e-08 2.69994e-09 1.57182e-10 0 
0 1.59737e-06 1.73639e-05 9.45662e-05 0.000348121 0.000937083 0.00193776 0.00326138 0.00473492 0.00620042 0.0075382 0.00865823 0.00949487 0.010007 0.0101796 0.0100231 0.00957206 0.0088811 0.0080201 0.00706881 0.00611092 0.00522725 0.00448775 0.00394773 0.00367368 0.00381095 0.00448473 0.0052667 0.00512718 0.00371522 0.00194169 0.000737231 0.000207974 4.58904e-05 8.66201e-06 1.49804e-06 2.36088e-07 3.19178e-08 3.3031e-09 1.86536e-10 0 
0 7.27804e-07 7.84918e-06 4.3149e-05 0.000164644 0.000472593 0.00105918 0.00192597 0.00297285 0.00406473 0.0050854 0.00594984 0.00660032 0.00700273 0.00714514 0.00703685 0.00670677 0.00620118 0.00558085 0.00491768 0.00428991 0.00377433 0.00343745 0.00335827 0.00381095 0.00563498 0.00964362 0.0141879 0.0151845 0.0112028 0.0056426 0.00196806 0.000489831 9.08558e-05 1.38599e-05 1.99355e-06 2.82228e-07 3.61493e-08 3.61699e-09 1.9891e-10 0 
0 3.05758e-07 3.25056e-06 1.78347e-05 6.93234e-05 0.000207991 0.000498441 0.000978903 0.00162396 0.00235355 0.00307283 0.00370188 0.0041849 0.00448936 0.00460352 0.00453437 0.00430605 0.00395829 0.0035448 0.00313067 0.00278719 0.00258311 0.00258242 0.00294296 0.00448473 0.00964362 0.0205158 0.0327504 0.0359994 0.0266514 0.0132282 0.0044288 0.00102212 0.000168254 2.13318e-05 2.47062e-06 3.01231e-07 3.61062e-08 3.50318e-09 1.88698e-10 0 
0 1.18561e-07 1.23601e-06 6.7066e-06 2.61548e-05 8.03072e-05 0.000201242 0.000420241 0.000746075 0.00115225 0.00158582 0.00198783 0.00230952 0.0025192 0.00260336 0.00256545 0.00242433 0.00221271 0.00197513 0.00176484 0.00163899 0.00165329 0.00187419 0.00257529 0.0052667 0.0141879 0.0327504 0.053567 0.0593109 0.043947 0.0217166 0.00716853 0.00159987 0.000247345 2.79614e-05 2.71185e-06 2.82004e-07 3.14235e-08 2.97185e-09 1.57988e-10 0 
0 4.24915e-08 4.32681e-07 2.30602e-06 8.91922e-06 2.75357e-05 7.05274e-05 0.000152957 0.000285259 0.000464692 0.000672442 0.000879025 0.00105382 0.0011732 0.00122488 0.00120923 0.00113852 0.00103524 0.000929638 0.000857013 0.000855954 0.000969161 0.00126576 0.00207162 0.00512718 0.0151845 0.0359994 0.0593109 0.0657935 0.0487784 0.0240696 0.00790927 0.00174272 0.000261726 2.78937e-05 2.42851e-06 2.23955e-07 2.35258e-08 2.19156e-09 1.16051e-10 0 
0 1.40949e-08 1.39804e-07 7.28471e-07 2.77243e-06 8.49874e-06 2.18576e-05 4.81712e-05 9.22585e-05 0.000155414 0.000233045 0.00031485 0.00038774 0.000439919 0.000464304 0.00046032 0.000434021 0.000396998 0.000364809 0.000355996 0.000392954 0.00050595 0.000754111 0.00139606 0.00371522 0.0112028 0.0266514 0.043947 0.0487784 0.0361479 0.0178359 0.00585661 0.00128604 0.000190983 1.98754e-05 1.6568e-06 1.45384e-07 1.49727e-08 1.39786e-09 7.4511e-11 0 
0 4.33202e-09 4.17823e-08 2.12234e-07 7.90864e-07 2.38828e-06 6.09626e-06 1.3444e-05 2.59674e-05 4.43936e-05 6.78087e-05 9.33857e-05 0.000117005 0.000134562 0.00014338 0.000143148 0.000136149 0.000126895 0.000121632 0.000128387 0.000158279 0.000228857 0.00037677 0.000741673 0.00194169 0.0056426 0.0132282 0.0217166 0.0240696 0.0178359 0.00880658 0.00289693 0.000637175 9.45762e-05 9.86256e-06 8.34224e-07 7.56682e-08 8.05775e-09 7.69776e-10 4.17471e-11 0 
0 1.2341e-09 1.15639e-08 5.71692e-08 2.08001e-07 6.15961e-07 1.54991e-06 3.38863e-06 6.52572e-06 1.11783e-05 1.71712e-05 2.38334e-05 3.01144e-05 3.49159e-05 3.74987e-05 3.77946e-05 3.65156e-05 3.50964e-05 3.5637e-05 4.11057e-05 5.60714e-05 8.82481e-05 0.000153369 0.000303021 0.000737231 0.00196806 0.0044288 0.00716853 0.00790927 0.00585661 0.00289693 0.00095678 0.000211543 3.17258e-05 3.41403e-06 3.12856e-07 3.19196e-08 3.68457e-09 3.6649e-10 2.04116e-11 0 
0 3.2558e-10 2.96322e-09 1.42486e-08 5.05476e-08 1.46441e-07 3.61922e-07 7.80548e-07 1.48921e-06 2.53747e-06 3.89062e-06 5.40458e-06 6.84843e-06 7.97722e-06 8.62799e-06 8.79923e-06 8.68805e-06 8.69455e-06 9.44067e-06 1.18752e-05 1.75325e-05 2.89817e-05 5.09341e-05 9.61128e-05 0.000207974 0.000489831 0.00102212 0.00159987 0.00174272 0.00128604 0.000637175 0.000211543 4.73106e-05 7.31471e-06 8.52914e-07 9.21865e-08 1.13154e-08 1.44809e-09 1.51334e-10 8.71627e-12 0 
0 7.93145e-11 7.0134e-10 3.28028e-09 1.13422e-08 3.21151e-08 7.78245e-08 1.65155e-07 3.11179e-07 5.25461e-07 8.01044e-07 1.10963e-06 1.40604e-06 1.64271e-06 1.78953e-06 1.85127e-06 1.878e-06 1.97118e-06 2.29594e-06 3.11501e-06 4.85333e-06 8.18049e-06 1.41246e-05 2.47263e-05 4.58904e-05 9.08558e-05 0.000168254 0.000247345 0.000261726 0.000190983 9.45762e-05 3.17258e-05 7.31471e-06 1.22022e-06 1.68002e-07 2.33493e-08 3.50384e-09 4.94049e-10 5.43417e-11 3.25182e-12 0 
0 1.77318e-11 1.52435e-10 6.93867e-10 2.33907e-09 6.47232e-09 1.53705e-08 3.20639e-08 5.9577e-08 9.95286e-08 1.5058e-07 2.07655e-07 2.62796e-07 3.07836e-07 3.38074e-07 3.55758e-07 3.72635e-07 4.12212e-07 5.1374e-07 7.40195e-07 1.18995e-06 2.00413e-06 3.35491e-06 5.44264e-06 8.66201e-06 1.38599e-05 2.13318e-05 2.79614e-05 2.78937e-05 1.98754e-05 9.86256e-06 3.41403e-06 8.52914e-07 1.68002e-07 3.01947e-08 5.48256e-09 9.63214e-10 1.46736e-10 1.69653e-11 1.05783e-12 0 
0 3.59536e-12 3.00771e-11 1.33359e-10 4.38612e-10 1.18661e-09 2.76202e-09 5.66305e-09 1.03723e-08 1.71323e-08 2.57064e-08 3.52704e-08 4.45692e-08 5.23649e-08 5.80645e-08 6.23507e-08 6.77324e-08 7.91311e-08 1.04795e-07 1.57728e-07 2.57085e-07 4.27295e-07 6.90829e-07 1.05375e-06 1.49804e-06 1.99355e-06 2.47062e-06 2.71185e-06 2.42851e-06 1.6568e-06 8.34224e-07 3.12856e-07 9.21865e-08 2.33493e-08 5.48256e-09 1.19906e-09 2.3292e-10 3.7729e-11 4.57871e-12 2.97953e-13 0 
0 6.46631e-13 5.26988e-12 2.27858e-11 7.31899e-11 1.93752e-10 4.42308e-10 8.91678e-10 1.61018e-09 2.62963e-09 3.91299e-09 5.34184e-09 6.74227e-09 7.95304e-09 8.92197e-09 9.80951e-09 1.10908e-08 1.36728e-08 1.9054e-08 2.95123e-08 4.81569e-08 7.84266e-08 1.22424e-07 1.77969e-07 2.36088e-07 2.82228e-07 3.01231e-07 2.82004e-07 2.23955e-07 1.45384e-07 7.56682e-08 3.19196e-08 1.13154e-08 3.50384e-09 9.63214e-10 2.3292e-10 4.83622e-11 8.26108e-12 1.05107e-12 7.1418e-14 0 
0 9.86497e-14 7.84202e-13 3.31063e-12 1.03977e-11 2.69623e-11 6.04191e-11 1.19845e-10 2.1348e-10 3.44856e-10 5.09094e-10 6.91814e-10 8.72823e-10 1.0351e-09 1.17767e-09 1.33022e-09 1.56871e-09 2.03336e-09 2.94945e-09 4.64262e-09 7.51879e-09 1.1953e-08 1.80314e-08 2.51793e-08 3.19178e-08 3.61493e-08 3.61062e-08 3.14235e-08 2.35258e-08 1.49727e-08 8.05775e-09 3.68457e-09 1.44809e-09 4.94049e-10 1.46736e-10 3.7729e-11 8.26108e-12 1.48191e-12 1.97389e-13 1.39988e-14 0 
0 1.1505e-14 8.93249e-14 3.68676e-13 1.1336e-12 2.88275e-12 6.34762e-12 1.23994e-11 2.18039e-11 3.48623e-11 5.10903e-11 6.9162e-11 8.73181e-11 1.04295e-10 1.20668e-10 1.40445e-10 1.72833e-10 2.34191e-10 3.49812e-10 5.54093e-10 8.85597e-10 1.37212e-09 2.0034e-09 2.69994e-09 3.3031e-09 3.61699e-09 3.50318e-09 2.97185e-09 2.19156e-09 1.39786e-09 7.69776e-10 3.6649e-10 1.51334e-10 5.43417e-11 1.69653e-11 4.57871e-12 1.05107e-12 1.97389e-13 2.74736e-14 2.0314e-15 0 
0 7.31845e-16 5.55679e-15 2.24523e-14 6.76743e-14 1.68975e-13 3.66007e-13 7.04777e-13 1.2245e-12 1.93942e-12 2.8238e-12 3.81181e-12 4.82255e-12 5.81366e-12 6.85923e-12 8.2448e-12 1.05732e-11 1.48705e-11 2.26525e-11 3.58405e-11 5.63338e-11 8.5039e-11 1.20413e-10 1.57182e-10 1.86536e-10 1.9891e-10 1.88698e-10 1.57988e-10 1.16051e-10 7.4511e-11 4.17471e-11 2.04116e-11 8.71627e-12 3.25182e-12 1.05783e-12 2.97953e-13 7.1418e-14 1.39988e-14 2.0314e-15 1.56351e-16 0 
0 0 0 0 0 0 0 0 0 0 0 0 0 0 0 0 0 0 0 0 0 0 0 0 0 0 0 0 0 0 0 0 0 0 0 0 0 0 0 0 0 
