0 0 0 0 0 0 0 0 0 0 0 0 0 0 0 0 0 0 0 0 0 0 0 0 0 0 0 0 0 0 0 0 0 0 0 0 0 0 0 0 0 
0 5.82263e-09 5.43895e-08 2.63522e-07 9.22424e-07 2.57998e-06 6.03098e-06 1.20953e-05 2.12125e-05 3.30555e-05 4.64125e-05 5.94277e-05 7.00807e-05 7.66969e-05 7.83213e-05 7.48793e-05 6.7124e-05 5.64146e-05 4.43914e-05 3.26266e-05 2.23314e-05 1.41888e-05 8.34394e-06 4.53043e-06 2.26757e-06 1.04554e-06 4.4418e-07 1.74018e-07 6.29508e-08 2.10557e-08 6.51897e-09 1.86899e-09 4.9579e-10 1.21347e-10 2.72367e-11 5.54111e-12 9.99373e-13 1.5282e-13 1.78574e-14 1.13776e-15 0 
0 5.43895e-08 5.29542e-07 2.66147e-06 9.5781e-06 2.72068e-05 6.36918e-05 0.00012623 0.000216538 0.000328181 0.000447769 0.000558903 0.000646394 0.000699174 0.000711651 0.000683889 0.000621032 0.00053222 0.000429095 0.00032396 0.000227755 0.000148219 8.88013e-05 4.87714e-05 2.44933e-05 1.12406e-05 4.71882e-06 1.81597e-06 6.42368e-07 2.09427e-07 6.30708e-08 1.75693e-08 4.5266e-09 1.07623e-09 2.34796e-10 4.64713e-11 8.16301e-12 1.21724e-12 1.38884e-13 8.65166e-15 0 
0 2.63522e-07 2.66147e-06 1.37559e-05 5.013e-05 0.000141244 0.000320868 0.000606265 0.000982224 0.00140545 0.00182237 0.00218456 0.0024559 0.00261411 0.00264988 0.00256552 0.00237335 0.0020941 0.00175513 0.00138849 0.00102807 0.000705368 0.000443855 0.000253871 0.000131206 6.11494e-05 2.57427e-05 9.83027e-06 3.42309e-06 1.09257e-06 3.20997e-07 8.70593e-08 2.18189e-08 5.04564e-09 1.07114e-09 2.06464e-10 3.53579e-11 5.14671e-12 5.73976e-13 3.49952e-14 0 
0 9.22424e-07 9.5781e-06 5.013e-05 0.000180405 0.000486903 0.00103244 0.00179874 0.0026951 0.00361176 0.00445539 0.00515671 0.00566808 0.00596107 0.00602513 0.00586629 0.0055051 0.00497391 0.00431381 0.00357212 0.00280072 0.00205492 0.00139018 0.000853346 0.000468691 0.000228439 9.87301e-05 3.805e-05 1.31933e-05 4.15373e-06 1.19659e-06 3.17107e-07 7.75177e-08 1.74739e-08 3.61643e-09 6.8001e-10 1.13713e-10 1.61811e-11 1.76634e-12 1.05548e-13 0 
0 2.57998e-06 2.72068e-05 0.000141244 0.000486903 0.0012171 0.00235298 0.00376302 0.00527515 0.00674713 0.00806968 0.00915731 0.00994635 0.0103967 0.0104935 0.0102466 0.00968746 0.00886527 0.00784064 0.00668002 0.0054511 0.00422087 0.00305736 0.00203169 0.00121104 0.000634793 0.000289575 0.000115191 4.04103e-05 1.26835e-05 3.6079e-06 9.38812e-07 2.24665e-07 4.95111e-08 1.00147e-08 1.84105e-09 3.0122e-10 4.19799e-11 4.4933e-12 2.63585e-13 0 
0 6.03098e-06 6.36918e-05 0.000320868 0.00103244 0.00235298 0.00417082 0.00625664 0.00841492 0.0104909 0.0123508 0.0138798 0.0149891 0.0156221 0.0157574 0.0154088 0.0146215 0.0134651 0.0120257 0.0103969 0.00867114 0.00693375 0.00526082 0.00372415 0.00240044 0.00136835 0.0006729 0.000282633 0.000102186 3.23891e-05 9.17569e-06 2.35815e-06 5.54841e-07 1.19953e-07 2.37829e-08 4.2856e-09 6.87655e-10 9.40649e-11 9.89197e-12 5.70742e-13 0 
0 1.20953e-05 0.00012623 0.000606265 0.00179874 0.00376302 0.00625664 0.00902311 0.0118613 0.0145889 0.0170337 0.0190447 0.0205044 0.0213376 0.021516 0.0210576 0.0200221 0.0185018 0.0166109 0.0144733 0.0122117 0.00993763 0.00774513 0.00571043 0.00390172 0.00239629 0.00127679 0.00057482 0.000217797 7.06506e-05 2.01186e-05 5.13924e-06 1.19443e-06 2.54276e-07 4.95749e-08 8.78138e-09 1.38545e-09 1.8646e-10 1.93082e-11 1.09802e-12 0 
0 2.12125e-05 0.000216538 0.000982224 0.0026951 0.00527515 0.00841492 0.0118613 0.0153934 0.0187891 0.0218344 0.0243405 0.0261605 0.0272003 0.0274243 0.0268549 0.0255664 0.0236742 0.021321 0.018662 0.0158511 0.0130281 0.0103104 0.00778758 0.00552619 0.00358732 0.0020504 0.00099196 0.000397944 0.000133578 3.85657e-05 9.8527e-06 2.27247e-06 4.78171e-07 9.19759e-08 1.60629e-08 2.4987e-09 3.31713e-10 3.39054e-11 1.90478e-12 0 
0 3.30555e-05 0.000328181 0.00140545 0.00361176 0.00674713 0.0104909 0.0145889 0.0187891 0.0228287 0.0264527 0.0294366 0.0316049 0.0328455 0.0331154 0.0324412 0.030911 0.0286621 0.0258646 0.022704 0.019364 0.0160119 0.0127881 0.00979947 0.00711868 0.00479667 0.00289275 0.00149165 0.000634547 0.000221801 6.5349e-05 1.67852e-05 3.8581e-06 8.05307e-07 1.5332e-07 2.64795e-08 4.07287e-09 5.34786e-10 5.40959e-11 3.00977e-12 0 
0 4.64125e-05 0.000447769 0.00182237 0.00445539 0.00806968 0.0123508 0.0170337 0.0218344 0.0264527 0.0305975 0.034012 0.0364954 0.0379187 0.0382324 0.0374664 0.0357212 0.0331536 0.0299583 0.0263475 0.0225319 0.0187036 0.015024 0.011616 0.00856176 0.0059096 0.00370092 0.00200715 0.000900053 0.000327799 9.8881e-05 2.56281e-05 5.89058e-06 1.22363e-06 2.31304e-07 3.9625e-08 6.04421e-09 7.87227e-10 7.90291e-11 4.36682e-12 0 
0 5.94277e-05 0.000558903 0.00218456 0.00515671 0.00915731 0.0138798 0.0190447 0.0243405 0.0294366 0.034012 0.0377834 0.0405291 0.042106 0.0424591 0.0416205 0.0397007 0.0368724 0.0333505 0.0293692 0.0251613 0.0209394 0.0168826 0.0131271 0.00976405 0.00684318 0.00439475 0.0024724 0.00115674 0.000437005 0.000134933 3.53485e-05 8.1447e-06 1.68844e-06 3.17835e-07 5.41739e-08 8.2204e-09 1.06538e-09 1.06487e-10 5.86313e-12 0 
0 7.00807e-05 0.000646394 0.0024559 0.00566808 0.00994635 0.0149891 0.0205044 0.0261605 0.0316049 0.0364954 0.0405291 0.0434688 0.0451613 0.045547 0.0446595 0.0426161 0.039601 0.0358433 0.0315933 0.0271 0.0225908 0.0182577 0.0142473 0.0106573 0.00754013 0.00492012 0.00283676 0.00136863 0.000532195 0.000167656 4.43877e-05 1.02685e-05 2.12963e-06 4.00394e-07 6.81242e-08 1.03197e-08 1.33587e-09 1.33476e-10 7.35454e-12 0 
0 7.66969e-05 0.000699174 0.00261411 0.00596107 0.0103967 0.0156221 0.0213376 0.0272003 0.0328455 0.0379187 0.042106 0.0451613 0.0469251 0.0473349 0.0464247 0.0443155 0.0411975 0.0373077 0.0329055 0.0282489 0.0235742 0.0190809 0.0149217 0.0111987 0.00796616 0.00524599 0.00306914 0.00150969 0.00059865 0.000191432 5.11509e-05 1.18932e-05 2.47378e-06 4.66086e-07 7.94739e-08 1.20725e-08 1.56873e-09 1.57555e-10 8.74077e-12 0 
0 7.83213e-05 0.000711651 0.00264988 0.00602513 0.0104935 0.0157574 0.021516 0.0274243 0.0331154 0.0382324 0.0424591 0.045547 0.0473349 0.0477591 0.0468532 0.0447381 0.0416047 0.0376915 0.0332593 0.0285681 0.0238564 0.0193253 0.0151295 0.0113725 0.00810954 0.00536188 0.00315735 0.00156735 0.000627969 0.000202705 5.45802e-05 1.27732e-05 2.67336e-06 5.07072e-07 8.71362e-08 1.33599e-08 1.75555e-09 1.78691e-10 1.00703e-11 0 
0 7.48793e-05 0.000683889 0.00256552 0.00586629 0.0102466 0.0154088 0.0210576 0.0268549 0.0324412 0.0374664 0.0416205 0.0446595 0.0464247 0.0468532 0.0459769 0.0439137 0.0408501 0.0370193 0.0326767 0.0280771 0.0234542 0.0190058 0.0148839 0.0111906 0.00798059 0.00527604 0.00310634 0.00154297 0.000619798 0.000201111 5.45671e-05 1.28955e-05 2.73112e-06 5.2539e-07 9.18013e-08 1.43518e-08 1.92849e-09 2.01282e-10 1.16591e-11 0 
0 6.7124e-05 0.000621032 0.00237335 0.0055051 0.00968746 0.0146215 0.0200221 0.0255664 0.030911 0.0357212 0.0397007 0.0426161 0.0443155 0.0447381 0.0439137 0.0419543 0.0390374 0.0353851 0.0312411 0.0268483 0.02243 0.0181752 0.0142292 0.0106899 0.00761011 0.00501407 0.00293664 0.00145081 0.000581742 0.000189678 5.20718e-05 1.25232e-05 2.71233e-06 5.35945e-07 9.65755e-08 1.56243e-08 2.1782e-09 2.3618e-10 1.42103e-11 0 
0 5.64146e-05 0.00053222 0.0020941 0.00497391 0.00886527 0.0134651 0.0185018 0.0236742 0.0286621 0.0331536 0.0368724 0.039601 0.0411975 0.0416047 0.0408501 0.0390374 0.0363314 0.0329384 0.029085 0.0249972 0.0208826 0.0169169 0.0132352 0.00992847 0.00704678 0.0046174 0.00268303 0.00131638 0.000528032 0.000174262 4.89936e-05 1.21825e-05 2.7478e-06 5.68349e-07 1.07524e-07 1.82749e-08 2.67185e-09 3.02662e-10 1.89229e-11 0 
0 4.43914e-05 0.000429095 0.00175513 0.00431381 0.00784064 0.0120257 0.0166109 0.021321 0.0258646 0.0299583 0.0333505 0.0358433 0.0373077 0.0376915 0.0370193 0.0353851 0.0329384 0.0298664 0.0263747 0.0226683 0.0189355 0.0153353 0.0119897 0.00898032 0.00635399 0.00414174 0.00239303 0.00117412 0.000477622 0.000162768 4.80086e-05 1.26563e-05 3.04154e-06 6.70213e-07 1.345e-07 2.4072e-08 3.67281e-09 4.30086e-10 2.75461e-11 0 
0 3.26266e-05 0.00032396 0.00138849 0.00357212 0.00668002 0.0103969 0.0144733 0.018662 0.022704 0.0263475 0.0293692 0.0315933 0.0329055 0.0332593 0.0326767 0.0312411 0.029085 0.0263747 0.0232925 0.0200202 0.0167244 0.0135454 0.0105898 0.00792918 0.00560626 0.00365486 0.00212439 0.00106461 0.000452716 0.000164922 5.26895e-05 1.50729e-05 3.90243e-06 9.1488e-07 1.92537e-07 3.5634e-08 5.55378e-09 6.57692e-10 4.22666e-11 0 
0 2.23314e-05 0.000227755 0.00102807 0.00280072 0.0054511 0.00867114 0.0122117 0.0158511 0.019364 0.0225319 0.0251613 0.0271 0.0282489 0.0285681 0.0280771 0.0268483 0.0249972 0.0226683 0.0200202 0.0172108 0.0143844 0.0116617 0.00913412 0.00686241 0.00488476 0.00323228 0.00194033 0.00103195 0.00047899 0.000193388 6.82214e-05 2.11715e-05 5.8116e-06 1.41358e-06 3.03255e-07 5.64649e-08 8.7715e-09 1.02881e-09 6.52151e-11 0 
0 1.41888e-05 0.000148219 0.000705368 0.00205492 0.00422087 0.00693375 0.00993763 0.0130281 0.0160119 0.0187036 0.0209394 0.0225908 0.0235742 0.0238564 0.0234542 0.02243 0.0208826 0.0189355 0.0167244 0.0143844 0.0120385 0.00978955 0.00771434 0.0058643 0.00427042 0.00294901 0.00190306 0.00112288 0.000588828 0.00026697 0.000102977 3.37734e-05 9.5099e-06 2.32301e-06 4.93806e-07 9.03824e-08 1.37413e-08 1.57404e-09 9.73772e-11 0 
0 8.34394e-06 8.88013e-05 0.000443855 0.00139018 0.00305736 0.00526082 0.00774513 0.0103104 0.0127881 0.015024 0.0168826 0.0182577 0.0190809 0.0193253 0.0190058 0.0181752 0.0169169 0.0153353 0.0135454 0.0116617 0.00978955 0.00801649 0.00640865 0.00500929 0.00383678 0.00287738 0.00208441 0.00140802 0.000841704 0.000423068 0.000173379 5.78975e-05 1.6109e-05 3.83096e-06 7.8873e-07 1.3966e-07 2.05496e-08 2.28095e-09 1.36974e-10 0 
0 4.53043e-06 4.87714e-05 0.000253871 0.000853346 0.00203169 0.00372415 0.00571043 0.00778758 0.00979947 0.011616 0.0131271 0.0142473 0.0149217 0.0151295 0.0148839 0.0142292 0.0132352 0.0119897 0.0105898 0.00913412 0.00771434 0.00640865 0.00527727 0.00436052 0.00367525 0.00319017 0.00277272 0.00222494 0.00150284 0.00080424 0.000332316 0.000106719 2.77403e-05 6.14624e-06 1.19352e-06 2.01743e-07 2.85413e-08 3.05949e-09 1.78049e-10 0 
0 2.26757e-06 2.44933e-05 0.000131206 0.000468691 0.00121104 0.00240044 0.00390172 0.00552619 0.00711868 0.00856176 0.00976405 0.0106573 0.0111987 0.0113725 0.0111906 0.0106899 0.00992847 0.00898032 0.00792918 0.00686241 0.0058643 0.00500929 0.00436052 0.0039982 0.00408639 0.00476106 0.00556677 0.00541257 0.00392428 0.00205738 0.00078742 0.000225162 5.04832e-05 9.66166e-06 1.68491e-06 2.66426e-07 3.60517e-08 3.7314e-09 2.10712e-10 0 
0 1.04554e-06 1.12406e-05 6.11494e-05 0.000228439 0.000634793 0.00136835 0.00239629 0.00358732 0.00479667 0.0059096 0.00684318 0.00754013 0.00796616 0.00810954 0.00798059 0.00761011 0.00704678 0.00635399 0.00560626 0.00488476 0.00427042 0.00383678 0.00367525 0.00408639 0.0059643 0.0101636 0.0149382 0.0159841 0.0117935 0.00594319 0.00207778 0.000521049 9.80178e-05 1.52214e-05 2.22314e-06 3.172e-07 4.07278e-08 4.07743e-09 2.24262e-10 0 
0 4.4418e-07 4.71882e-06 2.57427e-05 9.87301e-05 0.000289575 0.0006729 0.00127679 0.0020504 0.00289275 0.00370092 0.00439475 0.00492012 0.00524599 0.00536188 0.00527604 0.00501407 0.0046174 0.00414174 0.00365486 0.00323228 0.00294901 0.00287738 0.00319017 0.00476106 0.0101636 0.0215949 0.0344662 0.0378857 0.0280467 0.0139221 0.00466358 0.00107951 0.00017928 2.30887e-05 2.72654e-06 3.37009e-07 4.05954e-08 3.94332e-09 2.12468e-10 0 
0 1.74018e-07 1.81597e-06 9.83027e-06 3.805e-05 0.000115191 0.000282633 0.00057482 0.00099196 0.00149165 0.00200715 0.0024724 0.00283676 0.00306914 0.00315735 0.00310634 0.00293664 0.00268303 0.00239303 0.00212439 0.00194033 0.00190306 0.00208441 0.00277272 0.00556677 0.0149382 0.0344662 0.05637 0.0624136 0.0462468 0.0228531 0.007545 0.00168607 0.000262059 2.99763e-05 2.96367e-06 3.13929e-07 3.5266e-08 3.34169e-09 1.77723e-10 0 
0 6.29508e-08 6.42368e-07 3.42309e-06 1.31933e-05 4.04103e-05 0.000102186 0.000217797 0.000397944 0.000634547 0.000900053 0.00115674 0.00136863 0.00150969 0.00156735 0.00154297 0.00145081 0.00131638 0.00117412 0.00106461 0.00103195 0.00112288 0.00140802 0.00222494 0.00541257 0.0159841 0.0378857 0.0624136 0.0692026 0.05134 0.0253287 0.00832391 0.00183561 0.000276707 2.97599e-05 2.63655e-06 2.48271e-07 2.63636e-08 2.46244e-09 1.30462e-10 0 
0 2.10557e-08 2.09427e-07 1.09257e-06 4.15373e-06 1.26835e-05 3.23891e-05 7.06506e-05 0.000133578 0.000221801 0.000327799 0.000437005 0.000532195 0.00059865 0.000627969 0.000619798 0.000581742 0.000528032 0.000477622 0.000452716 0.00047899 0.000588828 0.000841704 0.00150284 0.00392428 0.0117935 0.0280467 0.0462468 0.05134 0.0380382 0.018769 0.00616378 0.00135465 0.000201834 2.11707e-05 1.79374e-06 1.60842e-07 1.67652e-08 1.56987e-09 8.37258e-11 0 
0 6.51897e-09 6.30708e-08 3.20997e-07 1.19659e-06 3.6079e-06 9.17569e-06 2.01186e-05 3.85657e-05 6.5349e-05 9.8881e-05 0.000134933 0.000167656 0.000191432 0.000202705 0.000201111 0.000189678 0.000174262 0.000162768 0.000164922 0.000193388 0.00026697 0.000423068 0.00080424 0.00205738 0.00594319 0.0139221 0.0228531 0.0253287 0.018769 0.00926775 0.00304943 0.000671543 0.000100024 1.05131e-05 9.04035e-07 8.37741e-08 9.02277e-09 8.64287e-10 4.68954e-11 0 
0 1.86899e-09 1.75693e-08 8.70593e-08 3.17107e-07 9.38812e-07 2.35815e-06 5.13924e-06 9.8527e-06 1.67852e-05 2.56281e-05 3.53485e-05 4.43877e-05 5.11509e-05 5.45802e-05 5.45671e-05 5.20718e-05 4.89936e-05 4.80086e-05 5.26895e-05 6.82214e-05 0.000102977 0.000173379 0.000332316 0.00078742 0.00207778 0.00466358 0.007545 0.00832391 0.00616378 0.00304943 0.00100784 0.000223254 3.36212e-05 3.65124e-06 3.40649e-07 3.54496e-08 4.12859e-09 4.11452e-10 2.2924e-11 0 
0 4.9579e-10 4.5266e-09 2.18189e-08 7.75177e-08 2.24665e-07 5.54841e-07 1.19443e-06 2.27247e-06 3.8581e-06 5.89058e-06 8.1447e-06 1.02685e-05 1.18932e-05 1.27732e-05 1.28955e-05 1.25232e-05 1.21825e-05 1.26563e-05 1.50729e-05 2.11715e-05 3.37734e-05 5.78975e-05 0.000106719 0.000225162 0.000521049 0.00107951 0.00168607 0.00183561 0.00135465 0.000671543 0.000223254 5.00661e-05 7.78468e-06 9.18604e-07 1.01217e-07 1.26195e-08 1.62392e-09 1.69897e-10 9.78771e-12 0 
0 1.21347e-10 1.07623e-09 5.04564e-09 1.74739e-08 4.95111e-08 1.19953e-07 2.54276e-07 4.78171e-07 8.05307e-07 1.22363e-06 1.68844e-06 2.12963e-06 2.47378e-06 2.67336e-06 2.73112e-06 2.71233e-06 2.7478e-06 3.04154e-06 3.90243e-06 5.8116e-06 9.5099e-06 1.6109e-05 2.77403e-05 5.04832e-05 9.80178e-05 0.00017928 0.000262059 0.000276707 0.000201834 0.000100024 3.36212e-05 7.78468e-06 1.30991e-06 1.83126e-07 2.58901e-08 3.92143e-09 5.54365e-10 6.10071e-11 3.65119e-12 0 
0 2.72367e-11 2.34796e-10 1.07114e-09 3.61643e-09 1.00147e-08 2.37829e-08 4.95749e-08 9.19759e-08 1.5332e-07 2.31304e-07 3.17835e-07 4.00394e-07 4.66086e-07 5.07072e-07 5.2539e-07 5.35945e-07 5.68349e-07 6.70213e-07 9.1488e-07 1.41358e-06 2.32301e-06 3.83096e-06 6.14624e-06 9.66166e-06 1.52214e-05 2.30887e-05 2.99763e-05 2.97599e-05 2.11707e-05 1.05131e-05 3.65124e-06 9.18604e-07 1.83126e-07 3.33937e-08 6.12468e-09 1.08013e-09 1.64698e-10 1.90459e-11 1.18767e-12 0 
0 5.54111e-12 4.64713e-11 2.06464e-10 6.8001e-10 1.84105e-09 4.2856e-09 8.78138e-09 1.60629e-08 2.64795e-08 3.9625e-08 5.41739e-08 6.81242e-08 7.94739e-08 8.71362e-08 9.18013e-08 9.65755e-08 1.07524e-07 1.345e-07 1.92537e-07 3.03255e-07 4.93806e-07 7.8873e-07 1.19352e-06 1.68491e-06 2.22314e-06 2.72654e-06 2.96367e-06 2.63655e-06 1.79374e-06 9.04035e-07 3.40649e-07 1.01217e-07 2.58901e-08 6.12468e-09 1.34417e-09 2.6139e-10 4.23518e-11 5.14016e-12 3.3451e-13 0 
0 9.99373e-13 8.16301e-12 3.53579e-11 1.13713e-10 3.0122e-10 6.87655e-10 1.38545e-09 2.4987e-09 4.07287e-09 6.04421e-09 8.2204e-09 1.03197e-08 1.20725e-08 1.33599e-08 1.43518e-08 1.56243e-08 1.82749e-08 2.4072e-08 3.5634e-08 5.64649e-08 9.03824e-08 1.3966e-07 2.01743e-07 2.66426e-07 3.172e-07 3.37009e-07 3.13929e-07 2.48271e-07 1.60842e-07 8.37741e-08 3.54496e-08 1.26195e-08 3.92143e-09 1.08013e-09 2.6139e-10 5.42858e-11 9.2736e-12 1.17995e-12 8.01783e-14 0 
0 1.5282e-13 1.21724e-12 5.14671e-12 1.61811e-11 4.19799e-11 9.40649e-11 1.8646e-10 3.31713e-10 5.34786e-10 7.87227e-10 1.06538e-09 1.33587e-09 1.56873e-09 1.75555e-09 1.92849e-09 2.1782e-09 2.67185e-09 3.67281e-09 5.55378e-09 8.7715e-09 1.37413e-08 2.05496e-08 2.85413e-08 3.60517e-08 4.07278e-08 4.05954e-08 3.5266e-08 2.63636e-08 1.67652e-08 9.02277e-09 4.12859e-09 1.62392e-09 5.54365e-10 1.64698e-10 4.23518e-11 9.2736e-12 1.66357e-12 2.21593e-13 1.57158e-14 0 
0 1.78574e-14 1.38884e-13 5.73976e-13 1.76634e-12 4.4933e-12 9.89197e-12 1.93082e-11 3.39054e-11 5.40959e-11 7.90291e-11 1.06487e-10 1.33476e-10 1.57555e-10 1.78691e-10 2.01282e-10 2.3618e-10 3.02662e-10 4.30086e-10 6.57692e-10 1.02881e-09 1.57404e-09 2.28095e-09 3.05949e-09 3.7314e-09 4.07743e-09 3.94332e-09 3.34169e-09 2.46244e-09 1.56987e-09 8.64287e-10 4.11452e-10 1.69897e-10 6.10071e-11 1.90459e-11 5.14016e-12 1.17995e-12 2.21593e-13 3.08427e-14 2.28056e-15 0 
0 1.13776e-15 8.65166e-15 3.49952e-14 1.05548e-13 2.63585e-13 5.70742e-13 1.09802e-12 1.90478e-12 3.00977e-12 4.36682e-12 5.86313e-12 7.35454e-12 8.74077e-12 1.00703e-11 1.16591e-11 1.42103e-11 1.89229e-11 2.75461e-11 4.22666e-11 6.52151e-11 9.73772e-11 1.36974e-10 1.78049e-10 2.10712e-10 2.24262e-10 2.12468e-10 1.77723e-10 1.30462e-10 8.37258e-11 4.68954e-11 2.2924e-11 9.78771e-12 3.65119e-12 1.18767e-12 3.3451e-13 8.01783e-14 1.57158e-14 2.28056e-15 1.75529e-16 0 
0 0 0 0 0 0 0 0 0 0 0 0 0 0 0 0 0 0 0 0 0 0 0 0 0 0 0 0 0 0 0 0 0 0 0 0 0 0 0 0 0 
