0 0 0 0 0 0 0 0 0 0 0 0 0 0 0 0 0 0 0 0 0 0 0 0 0 0 0 0 0 0 0 0 0 0 0 0 0 0 0 0 0 
0 3.62694e-07 3.23833e-06 1.43317e-05 4.36348e-05 0.000101868 0.000193938 0.000315276 0.000453851 0.000594868 0.000724567 0.000832065 0.000909841 0.000953609 0.000962003 0.000936222 0.000879655 0.000797509 0.000696399 0.000583916 0.000468103 0.000356811 0.000256904 0.000173423 0.000108896 6.31128e-05 3.35286e-05 1.62386e-05 7.14491e-06 2.85153e-06 1.03216e-06 3.39043e-07 1.01091e-07 2.73264e-08 6.66852e-09 1.45484e-09 2.78063e-10 4.46099e-11 5.42321e-12 3.56996e-13 0 
0 3.23833e-06 2.95881e-05 0.000129412 0.000373217 0.000797736 0.00137031 0.00201807 0.00267177 0.003281 0.00381045 0.00423452 0.00453516 0.00470188 0.0047321 0.00463101 0.00441067 0.00408845 0.0036852 0.00322349 0.00272639 0.00221715 0.00171962 0.00125851 0.000857936 0.00053721 0.000304897 0.000155222 7.0463e-05 2.84894e-05 1.0286e-05 3.33071e-06 9.71156e-07 2.5546e-07 6.05077e-08 1.28003e-08 2.37266e-09 3.69473e-10 4.36549e-11 2.7973e-12 0 
0 1.43317e-05 0.000129412 0.000528672 0.00135447 0.0025367 0.00389907 0.00531259 0.00669842 0.00799072 0.00912502 0.0100427 0.0106979 0.0110623 0.0111275 0.0109041 0.0104203 0.0097173 0.00884496 0.0078564 0.00680285 0.00572934 0.00467226 0.0036603 0.00271978 0.00188216 0.00118603 0.000665106 0.000326155 0.000138798 5.13946e-05 1.67091e-05 4.81906e-06 1.24227e-06 2.86879e-07 5.90313e-08 1.06367e-08 1.61088e-09 1.85312e-10 1.15779e-11 0 
0 4.36348e-05 0.000373217 0.00135447 0.00302051 0.0050932 0.00737945 0.0097743 0.0121656 0.0144237 0.0164193 0.0180392 0.0191977 0.0198424 0.0199573 0.0195613 0.0187045 0.0174613 0.015922 0.0141839 0.0123431 0.0104868 0.0086864 0.00699314 0.00543643 0.00402982 0.00278782 0.00174573 0.000956271 0.000446208 0.000175751 5.89275e-05 1.71075e-05 4.36936e-06 9.90682e-07 1.99238e-07 3.50232e-08 5.17343e-09 5.80873e-10 3.5464e-11 0 
0 0.000101868 0.000797736 0.0025367 0.0050932 0.00815496 0.011586 0.0152352 0.0189034 0.0223759 0.0254477 0.0279425 0.0297269 0.03072 0.0308966 0.0302863 0.0289662 0.0270511 0.0246805 0.0220055 0.0191754 0.0163273 0.0135767 0.011012 0.00868971 0.00663242 0.00483387 0.00328206 0.00199728 0.00104139 0.000450066 0.000160255 4.78438e-05 1.22756e-05 2.75697e-06 5.45147e-07 9.39007e-08 1.35762e-08 1.49221e-09 8.92579e-11 0 
0 0.000193938 0.00137031 0.00389907 0.00737945 0.011586 0.0163621 0.0214646 0.0266005 0.0314645 0.035768 0.0392636 0.0417644 0.0431567 0.0434044 0.0425483 0.0406978 0.0380141 0.0346928 0.0309455 0.0269821 0.0229951 0.0191483 0.0155687 0.0123432 0.0095162 0.00708917 0.00502716 0.00329108 0.0018941 0.000907823 0.000350938 0.000110007 2.87781e-05 6.46438e-06 1.265e-06 2.14535e-07 3.04754e-08 3.28967e-09 1.93334e-10 0 
0 0.000315276 0.00201807 0.00531259 0.0097743 0.0152352 0.0214646 0.0281269 0.0348347 0.0411882 0.0468121 0.0513996 0.0547452 0.0566823 0.0570379 0.0558268 0.0533055 0.0497551 0.045407 0.0405113 0.0353347 0.0301282 0.0251062 0.0204358 0.016233 0.0125625 0.00943882 0.00682783 0.00465934 0.0028778 0.00151279 0.000639565 0.000213634 5.77358e-05 1.30922e-05 2.55176e-06 4.2812e-07 5.99834e-08 6.37983e-09 3.69451e-10 0 
0 0.000453851 0.00267177 0.00669842 0.0121656 0.0189034 0.0266005 0.0348347 0.043126 0.0509857 0.0580333 0.0642643 0.0695075 0.0727145 0.0733149 0.0713321 0.0671902 0.0619205 0.056247 0.0501486 0.0437466 0.0373116 0.0311054 0.0253352 0.0201452 0.0156179 0.0117778 0.00859588 0.005993 0.00386868 0.00218229 0.00100192 0.000358562 0.000101 2.32939e-05 4.5473e-06 7.58015e-07 1.05129e-07 1.10521e-08 6.32431e-10 0 
0 0.000594868 0.003281 0.00799072 0.0144237 0.0223759 0.0314645 0.0411882 0.0509857 0.0604017 0.0697716 0.0786609 0.0843137 0.0869329 0.0874056 0.0859334 0.0821322 0.0754036 0.0671278 0.0593537 0.0517206 0.0441174 0.0367891 0.0299764 0.0238501 0.0185086 0.013984 0.0102496 0.00722437 0.00478572 0.00283437 0.00139183 0.000531678 0.000156591 3.6902e-05 7.24515e-06 1.20426e-06 1.65852e-07 1.72841e-08 9.79912e-10 0 
0 0.000724567 0.00381045 0.00912502 0.0164193 0.0254477 0.035768 0.0468121 0.0580333 0.0697716 0.0816545 0.0888811 0.0926214 0.0944183 0.0947711 0.0937849 0.0912804 0.0866327 0.0784292 0.0680628 0.0588356 0.0501438 0.0418198 0.0340842 0.0271289 0.021066 0.0159333 0.0117048 0.00829745 0.00557854 0.00341037 0.00176085 0.000710923 0.00021841 5.26585e-05 1.04226e-05 1.73191e-06 2.37478e-07 2.45957e-08 1.38493e-09 0 
0 0.000832065 0.00423452 0.0100427 0.0180392 0.0279425 0.0392636 0.0513996 0.0642643 0.0786609 0.0888811 0.0941983 0.0971726 0.0986605 0.0989688 0.0981698 0.0961591 0.0925801 0.086508 0.0762602 0.0648959 0.0550606 0.0459087 0.0374228 0.0297936 0.0231441 0.0175166 0.0128844 0.00916236 0.0062122 0.00387365 0.00207088 0.000872464 0.000277744 6.83795e-05 1.36511e-05 2.27135e-06 3.10714e-07 3.20517e-08 1.79637e-09 0 
0 0.000909841 0.00453516 0.0106979 0.0191977 0.0297269 0.0417644 0.0547452 0.0695075 0.0843137 0.0926214 0.0971726 0.0998155 0.101164 0.101453 0.100741 0.0989514 0.0958274 0.0907276 0.082033 0.069718 0.0586343 0.0488383 0.0398136 0.031702 0.0246325 0.0186504 0.0137286 0.00977957 0.00666185 0.0042028 0.00229713 0.00099653 0.000325681 8.15167e-05 1.63966e-05 2.73354e-06 3.73619e-07 3.8457e-08 2.14952e-09 0 
0 0.000953609 0.00470188 0.0110623 0.0198424 0.03072 0.0431567 0.0566823 0.0727145 0.0869329 0.0944183 0.0986605 0.101164 0.102453 0.102734 0.10206 0.100366 0.0974312 0.0927199 0.0848572 0.0726337 0.0606828 0.0504752 0.0411481 0.0327676 0.0254639 0.0192841 0.0142006 0.0101246 0.00691297 0.00438729 0.00242655 0.00107024 0.000355307 8.98707e-05 1.81728e-05 3.03561e-06 4.15e-07 4.26912e-08 2.38396e-09 0 
0 0.000962003 0.0047321 0.0111275 0.0199573 0.0308966 0.0434044 0.0570379 0.0733149 0.0874056 0.0947711 0.0989688 0.101453 0.102734 0.103014 0.102345 0.100665 0.0977588 0.0931046 0.0853691 0.0731874 0.0610637 0.0507746 0.0413927 0.0329637 0.0256178 0.0194022 0.0142894 0.0101906 0.00696239 0.00442555 0.00245551 0.00108815 0.000363043 9.21794e-05 1.86864e-05 3.12638e-06 4.27882e-07 4.40547e-08 2.46202e-09 0 
0 0.000936222 0.00463101 0.0109041 0.0195613 0.0302863 0.0425483 0.0558268 0.0713321 0.0859334 0.0937849 0.0981698 0.100741 0.10206 0.102345 0.101654 0.099915 0.0968934 0.0920084 0.0837696 0.0713963 0.0598071 0.0497831 0.0405868 0.0323219 0.0251188 0.0190237 0.0140094 0.00998834 0.00681853 0.00432411 0.00238817 0.00105178 0.000349073 8.84028e-05 1.79175e-05 3.00157e-06 4.11632e-07 4.24835e-08 2.38038e-09 0 
0 0.000879655 0.00441067 0.0104203 0.0187045 0.0289662 0.0406978 0.0533055 0.0671902 0.0821322 0.0912804 0.0961591 0.0989514 0.100366 0.100665 0.099915 0.0980277 0.0947084 0.0892069 0.0797603 0.067653 0.0571448 0.0476307 0.0388336 0.0309249 0.0240316 0.018198 0.0133975 0.00954467 0.00650043 0.00409694 0.00223547 0.000968778 0.000317037 7.9664e-05 1.61129e-05 2.70327e-06 3.71967e-07 3.85541e-08 2.17047e-09 0 
0 0.000797509 0.00408845 0.0097173 0.0174613 0.0270511 0.0380141 0.0497551 0.0619205 0.0754036 0.0866327 0.0925801 0.0958274 0.0974312 0.0977588 0.0968934 0.0947084 0.0907695 0.0839372 0.0732518 0.062729 0.0533602 0.0445072 0.0362872 0.0288957 0.0224525 0.0169987 0.0125086 0.00889919 0.00603603 0.00376487 0.00201494 0.000852075 0.000273216 6.79169e-05 1.37049e-05 2.30578e-06 3.19026e-07 3.32941e-08 1.88846e-09 0 
0 0.000696399 0.0036852 0.00884496 0.015922 0.0246805 0.0346928 0.045407 0.056247 0.0671278 0.0784292 0.086508 0.0907276 0.0927199 0.0931046 0.0920084 0.0892069 0.0839372 0.0752881 0.0657892 0.0571188 0.0487156 0.0406409 0.0331346 0.0263842 0.0204989 0.0155158 0.0114097 0.00810065 0.00546058 0.00335608 0.00175116 0.000718912 0.000225395 5.54689e-05 1.11934e-05 1.8945e-06 2.64489e-07 2.78911e-08 1.59945e-09 0 
0 0.000583916 0.00322349 0.0078564 0.0141839 0.0220055 0.0309455 0.0405113 0.0501486 0.0593537 0.0680628 0.0762602 0.082033 0.0848572 0.0853691 0.0837696 0.0797603 0.0732518 0.0657892 0.0584304 0.0509591 0.0434853 0.036279 0.0295788 0.0235529 0.0182983 0.0138473 0.0101747 0.00720385 0.00481684 0.00290844 0.00147672 0.000589502 0.000181602 4.45126e-05 9.0352e-06 1.54643e-06 2.18842e-07 2.34101e-08 1.36166e-09 0 
0 0.000468103 0.00272639 0.00680285 0.0123431 0.0191754 0.0269821 0.0353347 0.0437466 0.0517206 0.0588356 0.0648959 0.069718 0.0726337 0.0731874 0.0713963 0.067653 0.062729 0.0571188 0.0509591 0.0444746 0.037955 0.031667 0.025821 0.0205633 0.0159781 0.012092 0.00887992 0.00626973 0.0041598 0.0024748 0.00123298 0.000485123 0.000148974 3.67941e-05 7.57295e-06 1.31744e-06 1.89525e-07 2.05903e-08 1.21457e-09 0 
0 0.000356811 0.00221715 0.00572934 0.0104868 0.0163273 0.0229951 0.0301282 0.0373116 0.0441174 0.0501438 0.0550606 0.0586343 0.0606828 0.0610637 0.0598071 0.0571448 0.0533602 0.0487156 0.0434853 0.037955 0.0323936 0.0270308 0.0220462 0.0175648 0.0136583 0.0103484 0.00761023 0.00537876 0.00357053 0.00212817 0.00106712 0.000425316 0.000132941 3.34577e-05 7.00559e-06 1.2365e-06 1.79964e-07 1.97291e-08 1.17161e-09 0 
0 0.000256904 0.00171962 0.00467226 0.0086864 0.0135767 0.0191483 0.0251062 0.0311054 0.0367891 0.0418198 0.0459087 0.0488383 0.0504752 0.0507746 0.0497831 0.0476307 0.0445072 0.0406409 0.036279 0.031667 0.0270308 0.0225626 0.0184131 0.014691 0.0114659 0.00876366 0.00654626 0.00472104 0.00320381 0.00196376 0.00102235 0.000423909 0.000136566 3.49665e-05 7.3732e-06 1.30234e-06 1.89005e-07 2.06181e-08 1.21684e-09 0 
0 0.000173423 0.00125851 0.0036603 0.00699314 0.011012 0.0155687 0.0204358 0.0253352 0.0299764 0.0340842 0.0374228 0.0398136 0.0411481 0.0413927 0.0405868 0.0388336 0.0362872 0.0331346 0.0295788 0.025821 0.0220462 0.0184131 0.0150534 0.0120914 0.00966899 0.00787037 0.00651067 0.00516445 0.00364949 0.00222539 0.00115831 0.000490133 0.00016034 4.09683e-05 8.5207e-06 1.47773e-06 2.10371e-07 2.25233e-08 1.30601e-09 0 
0 0.000108896 0.000857936 0.00271978 0.00543643 0.00868971 0.0123432 0.016233 0.0201452 0.0238501 0.0271289 0.0297936 0.031702 0.0327676 0.0329637 0.0323219 0.0309249 0.0288957 0.0263842 0.0235529 0.0205633 0.0175648 0.014691 0.0120914 0.0100554 0.00914844 0.00978287 0.0110032 0.0105816 0.00771943 0.00419638 0.00181202 0.000671133 0.000206188 5.03806e-05 1.00616e-05 1.68511e-06 2.32819e-07 2.42813e-08 1.37565e-09 0 
0 6.31128e-05 0.00053721 0.00188216 0.00402982 0.00663242 0.0095162 0.0125625 0.0156179 0.0185086 0.021066 0.0231441 0.0246325 0.0254639 0.0256178 0.0251188 0.0240316 0.0224525 0.0204989 0.0182983 0.0159781 0.0136583 0.0114659 0.00966899 0.00914844 0.0119306 0.0195714 0.0311205 0.0373186 0.0225451 0.0113831 0.00408298 0.0011551 0.000288467 6.21545e-05 1.14402e-05 1.81929e-06 2.42679e-07 2.4626e-08 1.36336e-09 0 
0 3.35286e-05 0.000304897 0.00118603 0.00278782 0.00483387 0.00708917 0.00943882 0.0117778 0.013984 0.0159333 0.0175166 0.0186504 0.0192841 0.0194022 0.0190237 0.018198 0.0169987 0.0155158 0.0138473 0.012092 0.0103484 0.00876366 0.00787037 0.00978287 0.0195714 0.0448756 0.0771572 0.0800959 0.0650453 0.0265341 0.00891294 0.00214339 0.000422679 7.48222e-05 1.20757e-05 1.78657e-06 2.29512e-07 2.27343e-08 1.23507e-09 0 
0 1.62386e-05 0.000155222 0.000665106 0.00174573 0.00328206 0.00502716 0.00682783 0.00859588 0.0102496 0.0117048 0.0128844 0.0137286 0.0142006 0.0142894 0.0140094 0.0133975 0.0125086 0.0114097 0.0101747 0.00887992 0.00761023 0.00654626 0.00651067 0.0110032 0.0311205 0.0771572 0.0867002 0.0878723 0.0828359 0.055229 0.0143578 0.00325523 0.00055763 8.23955e-05 1.14267e-05 1.5514e-06 1.92125e-07 1.86972e-08 1.0036e-09 0 
0 7.14491e-06 7.0463e-05 0.000326155 0.000956271 0.00199728 0.00329108 0.00465934 0.005993 0.00722437 0.00829745 0.00916236 0.00977957 0.0101246 0.0101906 0.00998834 0.00954467 0.00889919 0.00810065 0.00720385 0.00626973 0.00537876 0.00472104 0.00516445 0.0105816 0.0373186 0.0800959 0.0878723 0.0889197 0.0849426 0.0651952 0.0159064 0.00352212 0.000568304 7.50608e-05 9.22116e-06 1.16135e-06 1.3995e-07 1.35103e-08 7.22738e-10 0 
0 2.85153e-06 2.84894e-05 0.000138798 0.000446208 0.00104139 0.0018941 0.0028778 0.00386868 0.00478572 0.00557854 0.0062122 0.00666185 0.00691297 0.00696239 0.00681853 0.00650043 0.00603603 0.00546058 0.00481684 0.0041598 0.00357053 0.00320381 0.00364949 0.00771943 0.0225451 0.0650453 0.0828359 0.0849426 0.0789044 0.0399994 0.0117216 0.00260285 0.000413663 5.20851e-05 6.0236e-06 7.32344e-07 8.77074e-08 8.50652e-09 4.57917e-10 0 
0 1.03216e-06 1.0286e-05 5.13946e-05 0.000175751 0.000450066 0.000907823 0.00151279 0.00218229 0.00283437 0.00341037 0.00387365 0.0042028 0.00438729 0.00442555 0.00432411 0.00409694 0.00376487 0.00335608 0.00290844 0.0024748 0.00212817 0.00196376 0.00222539 0.00419638 0.0113831 0.0265341 0.055229 0.0651952 0.0399994 0.0176117 0.00581021 0.00130341 0.000209722 2.64768e-05 3.09175e-06 3.84159e-07 4.70448e-08 4.64899e-09 2.54282e-10 0 
0 3.39043e-07 3.33071e-06 1.67091e-05 5.89275e-05 0.000160255 0.000350938 0.000639565 0.00100192 0.00139183 0.00176085 0.00207088 0.00229713 0.00242655 0.00245551 0.00238817 0.00223547 0.00201494 0.00175116 0.00147672 0.00123298 0.00106712 0.00102235 0.00115831 0.00181202 0.00408298 0.00891294 0.0143578 0.0159064 0.0117216 0.00581021 0.00193884 0.000446332 7.4364e-05 9.89164e-06 1.25425e-06 1.68348e-07 2.16251e-08 2.20445e-09 1.23582e-10 0 
0 1.01091e-07 9.71156e-07 4.81906e-06 1.71075e-05 4.78438e-05 0.000110007 0.000213634 0.000358562 0.000531678 0.000710923 0.000872464 0.00099653 0.00107024 0.00108815 0.00105178 0.000968778 0.000852075 0.000718912 0.000589502 0.000485123 0.000425316 0.000423909 0.000490133 0.000671133 0.0011551 0.00214339 0.00325523 0.00352212 0.00260285 0.00130341 0.000446332 0.000107134 1.90559e-05 2.84377e-06 4.18145e-07 6.27104e-08 8.56547e-09 9.08324e-10 5.25587e-11 0 
0 2.73264e-08 2.5546e-07 1.24227e-06 4.36936e-06 1.22756e-05 2.87781e-05 5.77358e-05 0.000101 0.000156591 0.00021841 0.000277744 0.000325681 0.000355307 0.000363043 0.000349073 0.000317037 0.000273216 0.000225395 0.000181602 0.000148974 0.000132941 0.000136566 0.00016034 0.000206188 0.000288467 0.000422679 0.00055763 0.000568304 0.000413663 0.000209722 7.4364e-05 1.90559e-05 3.82541e-06 6.85456e-07 1.20519e-07 2.02133e-08 2.93941e-09 3.25736e-10 1.95546e-11 0 
0 6.66852e-09 6.05077e-08 2.86879e-07 9.90682e-07 2.75697e-06 6.46438e-06 1.30922e-05 2.32939e-05 3.6902e-05 5.26585e-05 6.83795e-05 8.15167e-05 8.98707e-05 9.21794e-05 8.84028e-05 7.9664e-05 6.79169e-05 5.54689e-05 4.45126e-05 3.67941e-05 3.34577e-05 3.49665e-05 4.09683e-05 5.03806e-05 6.21545e-05 7.48222e-05 8.23955e-05 7.50608e-05 5.20851e-05 2.64768e-05 9.89164e-06 2.84377e-06 6.85456e-07 1.50807e-07 3.09371e-08 5.68094e-09 8.75571e-10 1.01602e-10 6.3496e-12 0 
0 1.45484e-09 1.28003e-08 5.90313e-08 1.99238e-07 5.45147e-07 1.265e-06 2.55176e-06 4.5473e-06 7.24515e-06 1.04226e-05 1.36511e-05 1.63966e-05 1.81728e-05 1.86864e-05 1.79175e-05 1.61129e-05 1.37049e-05 1.11934e-05 9.0352e-06 7.57295e-06 7.00559e-06 7.3732e-06 8.5207e-06 1.00616e-05 1.14402e-05 1.20757e-05 1.14267e-05 9.22116e-06 6.0236e-06 3.09175e-06 1.25425e-06 4.18145e-07 1.20519e-07 3.09371e-08 7.04326e-09 1.38594e-09 2.25386e-10 2.74063e-11 1.78641e-12 0 
0 2.78063e-10 2.37266e-09 1.06367e-08 3.50232e-08 9.39007e-08 2.14535e-07 4.2812e-07 7.58015e-07 1.20426e-06 1.73191e-06 2.27135e-06 2.73354e-06 3.03561e-06 3.12638e-06 3.00157e-06 2.70327e-06 2.30578e-06 1.8945e-06 1.54643e-06 1.31744e-06 1.2365e-06 1.30234e-06 1.47773e-06 1.68511e-06 1.81929e-06 1.78657e-06 1.5514e-06 1.16135e-06 7.32344e-07 3.84159e-07 1.68348e-07 6.27104e-08 2.02133e-08 5.68094e-09 1.38594e-09 2.88655e-10 4.93788e-11 6.29005e-12 4.27919e-13 0 
0 4.46099e-11 3.69473e-10 1.61088e-09 5.17343e-09 1.35762e-08 3.04754e-08 5.99834e-08 1.05129e-07 1.65852e-07 2.37478e-07 3.10714e-07 3.73619e-07 4.15e-07 4.27882e-07 4.11632e-07 3.71967e-07 3.19026e-07 2.64489e-07 2.18842e-07 1.89525e-07 1.79964e-07 1.89005e-07 2.10371e-07 2.32819e-07 2.42679e-07 2.29512e-07 1.92125e-07 1.3995e-07 8.77074e-08 4.70448e-08 2.16251e-08 8.56547e-09 2.93941e-09 8.75571e-10 2.25386e-10 4.93788e-11 8.8629e-12 1.18138e-12 8.38556e-14 0 
0 5.42321e-12 4.36549e-11 1.85312e-10 5.80873e-10 1.49221e-09 3.28967e-09 6.37983e-09 1.10521e-08 1.72841e-08 2.45957e-08 3.20517e-08 3.8457e-08 4.26912e-08 4.40547e-08 4.24835e-08 3.85541e-08 3.32941e-08 2.78911e-08 2.34101e-08 2.05903e-08 1.97291e-08 2.06181e-08 2.25233e-08 2.42813e-08 2.4626e-08 2.27343e-08 1.86972e-08 1.35103e-08 8.50652e-09 4.64899e-09 2.20445e-09 9.08324e-10 3.25736e-10 1.01602e-10 2.74063e-11 6.29005e-12 1.18138e-12 1.64489e-13 1.21689e-14 0 
0 3.56996e-13 2.7973e-12 1.15779e-11 3.5464e-11 8.92579e-11 1.93334e-10 3.69451e-10 6.32431e-10 9.79912e-10 1.38493e-09 1.79637e-09 2.14952e-09 2.38396e-09 2.46202e-09 2.38038e-09 2.17047e-09 1.88846e-09 1.59945e-09 1.36166e-09 1.21457e-09 1.17161e-09 1.21684e-09 1.30601e-09 1.37565e-09 1.36336e-09 1.23507e-09 1.0036e-09 7.22738e-10 4.57917e-10 2.54282e-10 1.23582e-10 5.25587e-11 1.95546e-11 6.3496e-12 1.78641e-12 4.27919e-13 8.38556e-14 1.21689e-14 9.36848e-16 0 
0 0 0 0 0 0 0 0 0 0 0 0 0 0 0 0 0 0 0 0 0 0 0 0 0 0 0 0 0 0 0 0 0 0 0 0 0 0 0 0 0 
