0 0 0 0 0 0 0 0 0 0 0 0 0 0 0 0 0 0 0 0 0 0 0 0 0 0 0 0 0 0 0 0 0 0 0 0 0 0 0 0 0 
0 4.58302e-07 4.06691e-06 1.77866e-05 5.32328e-05 0.000121781 0.000227132 0.000362427 0.000513669 0.000665061 0.000802632 0.000915684 0.000996991 0.00104253 0.00105112 0.00102409 0.000964869 0.000878687 0.000772141 0.000652827 0.000528868 0.000408344 0.00029855 0.000205158 0.000131442 7.78753e-05 4.2343e-05 2.09961e-05 9.45248e-06 3.85443e-06 1.42262e-06 4.75388e-07 1.43856e-07 3.93765e-08 9.71011e-09 2.13676e-09 4.11288e-10 6.63622e-11 8.10503e-12 5.35528e-13 0 
0 4.06691e-06 3.67921e-05 0.000157778 0.000442536 0.000917776 0.00153483 0.00221415 0.00288887 0.00351292 0.00405365 0.00448638 0.00479306 0.00496297 0.0049934 0.00488969 0.00466425 0.00433497 0.00392319 0.00345173 0.00294341 0.00242057 0.00190553 0.00142148 0.000992148 0.000638664 0.000373746 0.000196423 9.19708e-05 3.82548e-05 1.41565e-05 4.67949e-06 1.38756e-06 3.69954e-07 8.8572e-08 1.8897e-08 3.52618e-09 5.51981e-10 6.54868e-11 4.20977e-12 0 
0 1.77866e-05 0.000157778 0.000624129 0.00153845 0.00278797 0.00419164 0.00563721 0.00705519 0.00838021 0.00954508 0.0104883 0.0111619 0.0115364 0.0116029 0.0113725 0.0108742 0.0101508 0.00925409 0.00823933 0.00716 0.00606304 0.00498568 0.00395524 0.00299362 0.00212547 0.00138446 0.000807261 0.000412562 0.000182612 6.99593e-05 2.33764e-05 6.88538e-06 1.80322e-06 4.21354e-07 8.74669e-08 1.5864e-08 2.41437e-09 2.78769e-10 1.74658e-11 0 
0 5.32328e-05 0.000442536 0.00153845 0.00329939 0.00543139 0.00777456 0.0102356 0.0126978 0.0150246 0.0170814 0.018751 0.0199447 0.0206087 0.0207263 0.0203173 0.0194335 0.0181515 0.0165647 0.0147737 0.0128781 0.0109685 0.00911992 0.00738678 0.00579998 0.00437006 0.00310123 0.00201397 0.00115498 0.000566436 0.000233702 8.13891e-05 2.4307e-05 6.33403e-06 1.45635e-06 2.95753e-07 5.23453e-08 7.76956e-09 8.75383e-10 5.3579e-11 0 
0 0.000121781 0.000917776 0.00278797 0.00543139 0.00857618 0.0121094 0.0158725 0.0196564 0.0232383 0.0264062 0.0289785 0.0308178 0.0318408 0.0320218 0.0313915 0.0300294 0.0280541 0.0256094 0.0228512 0.0199336 0.0169981 0.0141648 0.011526 0.00914244 0.00703988 0.00521106 0.00363229 0.00230091 0.00126425 0.000578162 0.000216501 6.71696e-05 1.76985e-05 4.04524e-06 8.09112e-07 1.40425e-07 2.04051e-08 2.25047e-09 1.34933e-10 0 
0 0.000227132 0.00153483 0.00419164 0.00777456 0.0121094 0.017038 0.0223041 0.0276035 0.0326212 0.0370594 0.0406637 0.0432428 0.0446802 0.044935 0.0440483 0.0421367 0.039368 0.0359429 0.0320788 0.0279921 0.0238813 0.0199157 0.0162269 0.0129059 0.0100014 0.00751849 0.00542148 0.00365596 0.00220374 0.00112091 0.000460391 0.000151691 4.1096e-05 9.44142e-06 1.87367e-06 3.20553e-07 4.57885e-08 4.9603e-09 2.92207e-10 0 
0 0.000362427 0.00221415 0.00563721 0.0102356 0.0158725 0.0223041 0.0291805 0.0361016 0.0426553 0.0484609 0.0532622 0.0570301 0.0594642 0.0599394 0.0583681 0.055349 0.0515107 0.0469979 0.0419474 0.0366099 0.0312418 0.0260639 0.021249 0.0169176 0.013138 0.00992879 0.00725943 0.00505621 0.0032393 0.00179953 0.000812314 0.00028811 8.13871e-05 1.89891e-05 3.76561e-06 6.38349e-07 9.00016e-08 9.60988e-09 5.57889e-10 0 
0 0.000513669 0.00288887 0.00705519 0.0126978 0.0196564 0.0276035 0.0361016 0.0446557 0.0527785 0.0603935 0.0684175 0.0750935 0.0785853 0.0792075 0.0772026 0.0723069 0.0652233 0.0583294 0.051895 0.0452853 0.0386508 0.0322523 0.0263032 0.0209528 0.0162872 0.0123343 0.00906873 0.00641367 0.00425685 0.00251844 0.00123395 0.000472176 0.000140248 3.34964e-05 6.67754e-06 1.12682e-06 1.57407e-07 1.66199e-08 9.53613e-10 0 
0 0.000665061 0.00351292 0.00838021 0.0150246 0.0232383 0.0326212 0.0426553 0.0527785 0.063003 0.0751322 0.0839413 0.0881587 0.0900846 0.0904566 0.0894101 0.0866735 0.0811928 0.0714652 0.0616201 0.0535173 0.0456676 0.0381127 0.0310891 0.0247732 0.0192671 0.0146058 0.0107654 0.00766854 0.00518931 0.00319875 0.00166992 0.000684407 0.000214088 5.25706e-05 1.058e-05 1.78374e-06 2.47681e-07 2.59367e-08 1.47485e-09 0 
0 0.000802632 0.00405365 0.00954508 0.0170814 0.0264062 0.0370594 0.0484609 0.0603935 0.0751322 0.0862104 0.0914644 0.0943157 0.0957263 0.0960226 0.0952776 0.0933762 0.0899153 0.083748 0.0723534 0.0610258 0.0518849 0.0432977 0.0353234 0.028153 0.0219029 0.0166133 0.0122604 0.00876445 0.00599345 0.00378973 0.00207015 0.000897325 0.000294307 7.43323e-05 1.51337e-05 2.55558e-06 3.5364e-07 3.68221e-08 2.08011e-09 0 
0 0.000915684 0.00448638 0.0104883 0.018751 0.0289785 0.0406637 0.0532622 0.0684175 0.0839413 0.0914644 0.0955249 0.0978791 0.0990839 0.0993502 0.0987306 0.0971554 0.0943874 0.0898149 0.0816145 0.0682301 0.0570063 0.0475109 0.0387627 0.0308983 0.0240436 0.0182434 0.0134727 0.00964892 0.00663605 0.00426074 0.00239918 0.00108428 0.000369696 9.57395e-05 1.97174e-05 3.3393e-06 4.61385e-07 4.78688e-08 2.6922e-09 0 
0 0.000996991 0.00479306 0.0111619 0.0199447 0.0308178 0.0432428 0.0570301 0.0750935 0.0881587 0.0943157 0.0978791 0.100009 0.101116 0.101369 0.10081 0.0993876 0.0969241 0.0929893 0.0864291 0.0742977 0.0608946 0.0505317 0.0412236 0.0328626 0.0255754 0.0194098 0.0143398 0.01028 0.00709182 0.00459342 0.00263559 0.00122492 0.000429499 0.00011339 2.35773e-05 4.00558e-06 5.53301e-07 5.72979e-08 3.21427e-09 0 
0 0.00104253 0.00496297 0.0115364 0.0206087 0.0318408 0.0446802 0.0594642 0.0785853 0.0900846 0.0957263 0.0990839 0.101116 0.102182 0.102428 0.101897 0.100542 0.0982087 0.0945335 0.0885857 0.0776426 0.0632801 0.0522224 0.0425946 0.0339571 0.0264291 0.02006 0.0148232 0.0106318 0.00734536 0.00477843 0.00276883 0.00130688 0.00046578 0.00012444 2.60412e-05 4.4357e-06 6.13043e-07 6.34557e-08 3.55655e-09 0 
0 0.00105112 0.0049934 0.0116029 0.0207263 0.0320218 0.044935 0.0599394 0.0792075 0.0904566 0.0960226 0.0993502 0.101369 0.102428 0.102674 0.102147 0.100802 0.0984882 0.0948516 0.0889938 0.0782521 0.0637373 0.0525272 0.0428412 0.0341545 0.0265835 0.020178 0.0149115 0.0106966 0.00739294 0.00481453 0.00279664 0.00132545 0.000474645 0.000127307 2.67112e-05 4.55728e-06 6.30523e-07 6.53167e-08 3.6633e-09 0 
0 0.00102409 0.00488969 0.0113725 0.0203173 0.0313915 0.0440483 0.0583681 0.0772026 0.0894101 0.0952776 0.0987306 0.10081 0.101897 0.102147 0.101603 0.100216 0.0978218 0.0940296 0.0878174 0.0762976 0.06223 0.0514915 0.0420043 0.0334873 0.0260641 0.0197834 0.0146192 0.0104854 0.00724282 0.0047082 0.00272355 0.00128265 0.00045648 0.000121976 2.55655e-05 4.36483e-06 6.04872e-07 6.27886e-08 3.5295e-09 0 
0 0.000964869 0.00466425 0.0108742 0.0194335 0.0300294 0.0421367 0.055349 0.0723069 0.0866735 0.0933762 0.0971554 0.0993876 0.100542 0.100802 0.100216 0.0987241 0.0961263 0.0919232 0.0847133 0.0717345 0.0592113 0.0492587 0.0401906 0.0320409 0.0249375 0.018927 0.0139842 0.0100254 0.00691414 0.00447296 0.00255999 0.00118637 0.000415543 0.000109905 2.29448e-05 3.9184e-06 5.44362e-07 5.67105e-08 3.20096e-09 0 
0 0.000878687 0.00433497 0.0101508 0.0181515 0.0280541 0.039368 0.0515107 0.0652233 0.0811928 0.0899153 0.0943874 0.0969241 0.0982087 0.0984882 0.0978218 0.0961263 0.0931163 0.0880243 0.078533 0.0654522 0.055181 0.0460294 0.0375584 0.0299418 0.0233025 0.0176842 0.0130624 0.00935691 0.00643483 0.00412861 0.00232223 0.00104973 0.000359131 9.36145e-05 1.94424e-05 3.32318e-06 4.63574e-07 4.85704e-08 2.75923e-09 0 
0 0.000772141 0.00392319 0.00925409 0.0165647 0.0256094 0.0359429 0.0469979 0.0583294 0.0714652 0.083748 0.0898149 0.0929893 0.0945335 0.0948516 0.0940296 0.0919232 0.0880243 0.0807799 0.0691297 0.0591046 0.0503614 0.0420365 0.0343007 0.0273441 0.0212797 0.0161469 0.0119225 0.00852921 0.0058393 0.00370102 0.00203295 0.000890578 0.000296455 7.61055e-05 1.57442e-05 2.69969e-06 3.79209e-07 4.0077e-08 2.29825e-09 0 
0 0.000652827 0.00345173 0.00823933 0.0147737 0.0228512 0.0320788 0.0419474 0.051895 0.0616201 0.0723534 0.0816145 0.0864291 0.0885857 0.0889938 0.0878174 0.0847133 0.078533 0.0691297 0.060486 0.0526723 0.0449613 0.0375327 0.030626 0.0244147 0.0189996 0.0144151 0.0106388 0.00759639 0.0051676 0.00322415 0.00172314 0.00073079 0.000237309 6.02672e-05 1.24776e-05 2.15586e-06 3.06123e-07 3.2748e-08 1.90137e-09 0 
0 0.000528868 0.00294341 0.00716 0.0128781 0.0199336 0.0279921 0.0366099 0.0452853 0.0535173 0.0610258 0.0682301 0.0742977 0.0776426 0.0782521 0.0762976 0.0717345 0.0654522 0.0591046 0.0526723 0.0459784 0.0392549 0.0327703 0.0267413 0.0213194 0.0165922 0.0125889 0.009287 0.00661628 0.0044691 0.00274609 0.00143445 0.000594774 0.00019071 4.84183e-05 1.01084e-05 1.76858e-06 2.54656e-07 2.76214e-08 1.62464e-09 0 
0 0.000408344 0.00242057 0.00606304 0.0109685 0.0169981 0.0238813 0.0312418 0.0386508 0.0456676 0.0518849 0.0570063 0.0608946 0.0632801 0.0637373 0.06223 0.0592113 0.055181 0.0503614 0.0449613 0.0392549 0.0335161 0.0279817 0.0228369 0.0182111 0.0141796 0.0107668 0.00794975 0.00566362 0.00381848 0.00233855 0.00121873 0.000506381 0.000163663 4.20524e-05 8.8957e-06 1.57592e-06 2.29409e-07 2.51117e-08 1.48795e-09 0 
0 0.00029855 0.00190553 0.00498568 0.00911992 0.0141648 0.0199157 0.0260639 0.0322523 0.0381127 0.0432977 0.0475109 0.0505317 0.0522224 0.0525272 0.0514915 0.0492587 0.0460294 0.0420365 0.0375327 0.0327703 0.0279817 0.023365 0.0190759 0.0152269 0.0118913 0.00909747 0.00680842 0.00493049 0.00337657 0.00210704 0.0011282 0.000483271 0.000160032 4.17111e-05 8.87846e-06 1.57473e-06 2.28848e-07 2.49655e-08 1.47269e-09 0 
0 0.000205158 0.00142148 0.00395524 0.00738678 0.011526 0.0162269 0.021249 0.0263032 0.0310891 0.0353234 0.0387627 0.0412236 0.0425946 0.0428412 0.0420043 0.0401906 0.0375584 0.0343007 0.030626 0.0267413 0.0228369 0.0190759 0.0155941 0.0125205 0.0100032 0.00813214 0.00672036 0.00533111 0.00377632 0.00232124 0.00123086 0.000535508 0.000179964 4.68561e-05 9.85002e-06 1.71761e-06 2.45186e-07 2.62882e-08 1.52562e-09 0 
0 0.000131442 0.000992148 0.00299362 0.00579998 0.00914244 0.0129059 0.0169176 0.0209528 0.0247732 0.028153 0.0308983 0.0328626 0.0339571 0.0341545 0.0334873 0.0320409 0.0299418 0.0273441 0.0244147 0.0213194 0.0182111 0.0152269 0.0125205 0.010392 0.0094287 0.0100601 0.0113031 0.0108668 0.00792894 0.00431579 0.00187551 0.000708645 0.000224037 5.60138e-05 1.13376e-05 1.91174e-06 2.65049e-07 2.76986e-08 1.57147e-09 0 
0 7.78753e-05 0.000638664 0.00212547 0.00437006 0.00703988 0.0100014 0.013138 0.0162872 0.0192671 0.0219029 0.0240436 0.0255754 0.0264291 0.0265835 0.0260641 0.0249375 0.0233025 0.0212797 0.0189996 0.0165922 0.0141796 0.0118913 0.0100032 0.0094287 0.0122597 0.0200903 0.034615 0.0418789 0.0234745 0.0116831 0.0041942 0.00119493 0.000305507 6.76857e-05 1.26862e-05 2.03532e-06 2.72592e-07 2.77214e-08 1.53701e-09 0 
0 4.2343e-05 0.000373746 0.00138446 0.00310123 0.00521106 0.00751849 0.00992879 0.0123343 0.0146058 0.0166133 0.0182434 0.0194098 0.02006 0.020178 0.0197834 0.018927 0.0176842 0.0161469 0.0144151 0.0125889 0.0107668 0.00909747 0.00813214 0.0100601 0.0200903 0.0496676 0.0773851 0.0794289 0.0693823 0.0275462 0.00914731 0.00220333 0.000440191 8.01026e-05 1.32344e-05 1.98168e-06 2.55824e-07 2.53968e-08 1.38163e-09 0 
0 2.09961e-05 0.000196423 0.000807261 0.00201397 0.00363229 0.00542148 0.00725943 0.00906873 0.0107654 0.0122604 0.0134727 0.0143398 0.0148232 0.0149115 0.0146192 0.0139842 0.0130624 0.0119225 0.0106388 0.009287 0.00794975 0.00680842 0.00672036 0.0113031 0.034615 0.0773851 0.0852072 0.0861117 0.081953 0.0599872 0.0147483 0.00334213 0.000576405 8.71415e-05 1.24067e-05 1.71091e-06 2.13165e-07 2.07923e-08 1.11747e-09 0 
0 9.45248e-06 9.19708e-05 0.000412562 0.00115498 0.00230091 0.00365596 0.00505621 0.00641367 0.00766854 0.00876445 0.00964892 0.01028 0.0106318 0.0106966 0.0104854 0.0100254 0.00935691 0.00852921 0.00759639 0.00661628 0.00566362 0.00493049 0.00533111 0.0108668 0.0418789 0.0794289 0.0861117 0.0870268 0.0837294 0.0692853 0.0167112 0.00361534 0.000586086 7.88826e-05 9.94887e-06 1.27582e-06 1.54839e-07 1.49827e-08 8.0241e-10 0 
0 3.85443e-06 3.82548e-05 0.000182612 0.000566436 0.00126425 0.00220374 0.0032393 0.00425685 0.00518931 0.00599345 0.00663605 0.00709182 0.00734536 0.00739294 0.00724282 0.00691414 0.00643483 0.0058393 0.0051676 0.0044691 0.00381848 0.00337657 0.00377632 0.00792894 0.0234745 0.0693823 0.081953 0.0837294 0.0783194 0.0439608 0.0120282 0.00267198 0.000426721 5.46625e-05 6.48283e-06 8.0301e-07 9.68823e-08 9.41746e-09 5.07452e-10 0 
0 1.42262e-06 1.41565e-05 6.99593e-05 0.000233702 0.000578162 0.00112091 0.00179953 0.00251844 0.00319875 0.00378973 0.00426074 0.00459342 0.00477843 0.00481453 0.0047082 0.00447296 0.00412861 0.00370102 0.00322415 0.00274609 0.00233855 0.00210704 0.00232124 0.00431579 0.0116831 0.0275462 0.0599872 0.0692853 0.0439608 0.0180718 0.0059625 0.00133888 0.000216883 2.78631e-05 3.33232e-06 4.21262e-07 5.19287e-08 5.14142e-09 2.81445e-10 0 
0 4.75388e-07 4.67949e-06 2.33764e-05 8.13891e-05 0.000216501 0.000460391 0.000812314 0.00123395 0.00166992 0.00207015 0.00239918 0.00263559 0.00276883 0.00279664 0.00272355 0.00255999 0.00232223 0.00203295 0.00172314 0.00143445 0.00121873 0.0011282 0.00123086 0.00187551 0.0041942 0.00914731 0.0147483 0.0167112 0.0120282 0.0059625 0.00199055 0.000459605 7.73332e-05 1.04793e-05 1.35836e-06 1.84891e-07 2.38664e-08 2.43637e-09 1.36672e-10 0 
0 1.43856e-07 1.38756e-06 6.88538e-06 2.4307e-05 6.71696e-05 0.000151691 0.00028811 0.000472176 0.000684407 0.000897325 0.00108428 0.00122492 0.00130688 0.00132545 0.00128265 0.00118637 0.00104973 0.000890578 0.00073079 0.000594774 0.000506381 0.000483271 0.000535508 0.000708645 0.00119493 0.00220333 0.00334213 0.00361534 0.00267198 0.00133888 0.000459605 0.00011106 2.00138e-05 3.04458e-06 4.55863e-07 6.90103e-08 9.45409e-09 1.00349e-09 5.80939e-11 0 
0 3.93765e-08 3.69954e-07 1.80322e-06 6.33403e-06 1.76985e-05 4.1096e-05 8.13871e-05 0.000140248 0.000214088 0.000294307 0.000369696 0.000429499 0.00046578 0.000474645 0.00045648 0.000415543 0.000359131 0.000296455 0.000237309 0.00019071 0.000163663 0.000160032 0.000179964 0.000224037 0.000305507 0.000440191 0.000576405 0.000586086 0.000426721 0.000216883 7.73332e-05 2.00138e-05 4.07798e-06 7.43075e-07 1.3219e-07 2.22792e-08 3.24472e-09 3.59773e-10 2.1606e-11 0 
0 9.71011e-09 8.8572e-08 4.21354e-07 1.45635e-06 4.04524e-06 9.44142e-06 1.89891e-05 3.34964e-05 5.25706e-05 7.43323e-05 9.57395e-05 0.00011339 0.00012444 0.000127307 0.000121976 0.000109905 9.36145e-05 7.61055e-05 6.02672e-05 4.84183e-05 4.20524e-05 4.17111e-05 4.68561e-05 5.60138e-05 6.76857e-05 8.01026e-05 8.71415e-05 7.88826e-05 5.46625e-05 2.78631e-05 1.04793e-05 3.04458e-06 7.43075e-07 1.65157e-07 3.40624e-08 6.26712e-09 9.6657e-10 1.12202e-10 7.01402e-12 0 
0 2.13676e-09 1.8897e-08 8.74669e-08 2.95753e-07 8.09112e-07 1.87367e-06 3.76561e-06 6.67754e-06 1.058e-05 1.51337e-05 1.97174e-05 2.35773e-05 2.60412e-05 2.67112e-05 2.55655e-05 2.29448e-05 1.94424e-05 1.57442e-05 1.24776e-05 1.01084e-05 8.8957e-06 8.87846e-06 9.85002e-06 1.13376e-05 1.26862e-05 1.32344e-05 1.24067e-05 9.94887e-06 6.48283e-06 3.33232e-06 1.35836e-06 4.55863e-07 1.3219e-07 3.40624e-08 7.76809e-09 1.52957e-09 2.4882e-10 3.02629e-11 1.97304e-12 0 
0 4.11288e-10 3.52618e-09 1.5864e-08 5.23453e-08 1.40425e-07 3.20553e-07 6.38349e-07 1.12682e-06 1.78374e-06 2.55558e-06 3.3393e-06 4.00558e-06 4.4357e-06 4.55728e-06 4.36483e-06 3.9184e-06 3.32318e-06 2.69969e-06 2.15586e-06 1.76858e-06 1.57592e-06 1.57473e-06 1.71761e-06 1.91174e-06 2.03532e-06 1.98168e-06 1.71091e-06 1.27582e-06 8.0301e-07 4.21262e-07 1.84891e-07 6.90103e-08 2.22792e-08 6.26712e-09 1.52957e-09 3.18634e-10 5.45156e-11 6.94547e-12 4.72585e-13 0 
0 6.63622e-11 5.51981e-10 2.41437e-09 7.76956e-09 2.04051e-08 4.57885e-08 9.00016e-08 1.57407e-07 2.47681e-07 3.5364e-07 4.61385e-07 5.53301e-07 6.13043e-07 6.30523e-07 6.04872e-07 5.44362e-07 4.63574e-07 3.79209e-07 3.06123e-07 2.54656e-07 2.29409e-07 2.28848e-07 2.45186e-07 2.65049e-07 2.72592e-07 2.55824e-07 2.13165e-07 1.54839e-07 9.68823e-08 5.19287e-08 2.38664e-08 9.45409e-09 3.24472e-09 9.6657e-10 2.4882e-10 5.45156e-11 9.7856e-12 1.3045e-12 9.26053e-14 0 
0 8.10503e-12 6.54868e-11 2.78769e-10 8.75383e-10 2.25047e-09 4.9603e-09 9.60988e-09 1.66199e-08 2.59367e-08 3.68221e-08 4.78688e-08 5.72979e-08 6.34557e-08 6.53167e-08 6.27886e-08 5.67105e-08 4.85704e-08 4.0077e-08 3.2748e-08 2.76214e-08 2.51117e-08 2.49655e-08 2.62882e-08 2.76986e-08 2.77214e-08 2.53968e-08 2.07923e-08 1.49827e-08 9.41746e-09 5.14142e-09 2.43637e-09 1.00349e-09 3.59773e-10 1.12202e-10 3.02629e-11 6.94547e-12 1.3045e-12 1.81639e-13 1.34387e-14 0 
0 5.35528e-13 4.20977e-12 1.74658e-11 5.3579e-11 1.34933e-10 2.92207e-10 5.57889e-10 9.53613e-10 1.47485e-09 2.08011e-09 2.6922e-09 3.21427e-09 3.55655e-09 3.6633e-09 3.5295e-09 3.20096e-09 2.75923e-09 2.29825e-09 1.90137e-09 1.62464e-09 1.48795e-09 1.47269e-09 1.52562e-09 1.57147e-09 1.53701e-09 1.38163e-09 1.11747e-09 8.0241e-10 5.07452e-10 2.81445e-10 1.36672e-10 5.80939e-11 2.1606e-11 7.01402e-12 1.97304e-12 4.72585e-13 9.26053e-14 1.34387e-14 1.03464e-15 0 
0 0 0 0 0 0 0 0 0 0 0 0 0 0 0 0 0 0 0 0 0 0 0 0 0 0 0 0 0 0 0 0 0 0 0 0 0 0 0 0 0 
