0 0 0 0 0 0 0 0 0 0 0 0 0 0 0 0 0 0 0 0 0 0 0 0 0 0 0 0 0 0 0 0 0 0 0 0 0 0 0 0 0 
0 1.21689e-08 1.13199e-07 5.43811e-07 1.8779e-06 5.1557e-06 1.17808e-05 2.30353e-05 3.93642e-05 5.98539e-05 8.225e-05 0.000103499 0.000120521 0.000130906 0.000133353 0.000127826 0.00011545 9.82191e-05 7.85738e-05 5.89415e-05 4.13119e-05 2.69484e-05 1.62973e-05 9.10678e-06 4.69017e-06 2.22302e-06 9.69271e-07 3.88945e-07 1.43789e-07 4.90359e-08 1.54433e-08 4.49395e-09 1.2075e-09 2.98796e-10 6.76913e-11 1.38794e-11 2.5197e-12 3.8742e-13 4.54779e-14 2.90858e-15 0 
0 1.13199e-07 1.09736e-06 5.45638e-06 1.92694e-05 5.32527e-05 0.000120417 0.000229568 0.000378728 0.00055382 0.000733178 0.000893984 0.00101717 0.00108991 0.0011063 0.00106704 0.000978643 0.000852313 0.000702548 0.000545377 0.000396216 0.0002675 0.00016666 9.52418e-05 4.97118e-05 2.36501e-05 1.02564e-05 4.0618e-06 1.47294e-06 4.90548e-07 1.50431e-07 4.25497e-08 1.11039e-08 2.66833e-09 5.87299e-10 1.17087e-10 2.06902e-11 3.10035e-12 3.55154e-13 2.21961e-14 0 
0 5.43811e-07 5.45638e-06 2.77292e-05 9.80043e-05 0.000264059 0.000567965 0.00101353 0.00155824 0.00213515 0.00267843 0.00313589 0.00347142 0.00366381 0.00370517 0.00359942 0.00336069 0.00301158 0.00258141 0.0021046 0.00161895 0.00116292 0.000770852 0.00046599 0.000254453 0.00012482 5.49669e-05 2.18014e-05 7.83151e-06 2.5634e-06 7.68593e-07 2.11901e-07 5.3814e-08 1.25778e-08 2.69307e-09 5.22659e-10 8.9998e-11 1.31573e-11 1.47244e-12 9.00223e-14 0 
0 1.8779e-06 1.92694e-05 9.80043e-05 0.000335477 0.000845832 0.00166561 0.00271545 0.00386338 0.00498928 0.00600146 0.00683191 0.0074323 0.00777322 0.00784433 0.0076536 0.00722517 0.006596 0.00581191 0.00492379 0.00398507 0.00305105 0.00217935 0.00142742 0.000841778 0.000440388 0.000202934 8.25079e-05 2.98407e-05 9.70304e-06 2.86451e-06 7.7342e-07 1.91794e-07 4.37146e-08 9.125e-09 1.72719e-09 2.90305e-10 4.14727e-11 4.54097e-12 2.71983e-13 0 
0 5.1557e-06 5.32527e-05 0.000264059 0.000845832 0.00193819 0.00346371 0.00522563 0.00704651 0.00879038 0.0103456 0.0116188 0.0125388 0.0130605 0.0131678 0.0128731 0.012214 0.0112481 0.0100458 0.00868357 0.00723731 0.00577784 0.00437076 0.00308122 0.00197886 0.00112879 0.000560267 0.000240033 8.93019e-05 2.9275e-05 8.59194e-06 2.28648e-06 5.56173e-07 1.24048e-07 2.53157e-08 4.68484e-09 7.70283e-10 1.07745e-10 1.15637e-11 6.7971e-13 0 
0 1.17808e-05 0.000120417 0.000567965 0.00166561 0.00346371 0.00573613 0.00824187 0.0107969 0.0132398 0.0154203 0.0172072 0.0184989 0.0192313 0.0193813 0.0189663 0.0180397 0.0166831 0.0149969 0.0130901 0.01107 0.00903409 0.00706498 0.00523076 0.00359456 0.0022284 0.00120656 0.000556805 0.000217852 7.32392e-05 2.16179e-05 5.71377e-06 1.37058e-06 3.00346e-07 6.01237e-08 1.09088e-08 1.75902e-09 2.41463e-10 2.54556e-11 1.47128e-12 0 
0 2.30353e-05 0.000229568 0.00101353 0.00271545 0.00522563 0.00824187 0.0115261 0.0148727 0.0180757 0.0209369 0.023283 0.0249795 0.0259418 0.0261391 0.0255944 0.0243779 0.0225974 0.0203855 0.0178865 0.0152427 0.0125837 0.0100179 0.00762808 0.0054752 0.00361451 0.002118 0.00106037 0.000443223 0.000155247 4.66396e-05 1.23435e-05 2.93647e-06 6.34963e-07 1.2512e-07 2.23262e-08 3.54029e-09 4.78121e-10 4.96256e-11 2.8264e-12 0 
0 3.93642e-05 0.000378728 0.00155824 0.00386338 0.00704651 0.0107969 0.0148727 0.0190287 0.0230089 0.0265659 0.0294835 0.0315942 0.0327923 0.0330394 0.0323636 0.0308525 0.0286403 0.0258925 0.022789 0.0195078 0.0162113 0.0130358 0.0100848 0.00742781 0.00511019 0.00318012 0.00171363 0.00076873 0.000283521 8.75743e-05 2.33844e-05 5.54753e-06 1.18869e-06 2.3139e-07 4.07334e-08 6.37004e-09 8.48602e-10 8.69303e-11 4.89004e-12 0 
0 5.98539e-05 0.00055382 0.00213515 0.00498928 0.00879038 0.0132398 0.0180757 0.0230089 0.0277347 0.0319595 0.0354262 0.0379355 0.0393614 0.0396579 0.0388583 0.0370663 0.0344414 0.0311805 0.0274976 0.0236049 0.0196961 0.0159342 0.0124437 0.009307 0.00656969 0.0042608 0.00243292 0.00116442 0.000453549 0.000144942 3.92778e-05 9.33559e-06 1.98988e-06 3.83942e-07 6.68854e-08 1.03453e-08 1.36315e-09 1.38171e-10 7.69524e-12 0 
0 8.225e-05 0.000733178 0.00267843 0.00600146 0.0103456 0.0154203 0.0209369 0.0265659 0.0319595 0.0367828 0.0407422 0.0436101 0.045242 0.0455851 0.0446769 0.0426354 0.0396426 0.0359234 0.0317224 0.0272822 0.0228246 0.0185365 0.0145611 0.0109939 0.00788496 0.00525371 0.00312777 0.00157818 0.000646542 0.000214067 5.90617e-05 1.41119e-05 3.00176e-06 5.75846e-07 9.9567e-08 1.52752e-08 1.99629e-09 2.00753e-10 1.10981e-11 0 
0 0.000103499 0.000893984 0.00313589 0.00683191 0.0116188 0.0172072 0.023283 0.0294835 0.0354262 0.0407422 0.0451081 0.0482728 0.0500768 0.050461 0.0494662 0.0472221 0.0439291 0.0398347 0.0352085 0.0303184 0.0254091 0.0206874 0.0163119 0.0123889 0.00897407 0.00608303 0.00372547 0.00195513 0.000835041 0.000285542 8.02339e-05 1.93065e-05 4.10822e-06 7.85677e-07 1.35213e-07 2.06343e-08 2.68229e-09 2.68378e-10 1.47692e-11 0 
0 0.000120521 0.00101717 0.00347142 0.0074323 0.0125388 0.0184989 0.0249795 0.0315942 0.0379355 0.0436101 0.0482728 0.0516556 0.0535876 0.0540051 0.0529511 0.0505634 0.0470552 0.0426905 0.0377572 0.0325409 0.0273035 0.0222661 0.0175987 0.0134156 0.0097771 0.00669783 0.00417665 0.00225129 0.000991485 0.000347892 9.93294e-05 2.40788e-05 5.1343e-06 9.81243e-07 1.68547e-07 2.56622e-08 3.3285e-09 3.32435e-10 1.8273e-11 0 
0 0.000130906 0.00108991 0.00366381 0.00777322 0.0130605 0.0192313 0.0259418 0.0327923 0.0393614 0.045242 0.0500768 0.0535876 0.0555968 0.0560382 0.0549553 0.0524902 0.0488633 0.0443475 0.0392408 0.0338393 0.0284143 0.0231956 0.0183596 0.0140258 0.0102572 0.00706864 0.00445341 0.00243886 0.0010951 0.000391048 0.000113001 2.75777e-05 5.90023e-06 1.12956e-06 1.94243e-07 2.96087e-08 3.84648e-09 3.85056e-10 2.12345e-11 0 
0 0.000133353 0.0011063 0.00370517 0.00784433 0.0131678 0.0193813 0.0261391 0.0330394 0.0396579 0.0455851 0.050461 0.0540051 0.0560382 0.0564928 0.055412 0.0529384 0.049293 0.0447505 0.0396105 0.0341712 0.0287062 0.023447 0.0185722 0.0142026 0.0104023 0.00718633 0.00454663 0.00250661 0.00113547 0.000409139 0.000119126 2.92447e-05 6.28783e-06 1.20946e-06 2.09034e-07 3.20482e-08 4.19187e-09 4.23045e-10 2.35539e-11 0 
0 0.000127826 0.00106704 0.00359942 0.0076536 0.0128731 0.0189663 0.0255944 0.0323636 0.0388583 0.0446769 0.0494662 0.0529511 0.0549553 0.055412 0.054363 0.0519471 0.0483806 0.0439321 0.0388952 0.0335622 0.0282012 0.0230398 0.0182532 0.0139604 0.0102246 0.00706135 0.0044641 0.00245859 0.0011134 0.000401884 0.000117505 2.90282e-05 6.29103e-06 1.22159e-06 2.13481e-07 3.31522e-08 4.40054e-09 4.51567e-10 2.56132e-11 0 
0 0.00011545 0.000978643 0.00336069 0.00722517 0.012214 0.0180397 0.0243779 0.0308525 0.0370663 0.0426354 0.0472221 0.0505634 0.0524902 0.0529384 0.0519471 0.0496484 0.0462486 0.0420038 0.0371941 0.0320986 0.0269736 0.0220363 0.0174545 0.013342 0.00975947 0.00672246 0.00422925 0.00231277 0.00104026 0.000374581 0.00010997 2.7438e-05 6.03276e-06 1.19267e-06 2.12861e-07 3.38527e-08 4.61293e-09 4.86861e-10 2.84362e-11 0 
0 9.82191e-05 0.000852313 0.00301158 0.006596 0.0112481 0.0166831 0.0225974 0.0286403 0.0344414 0.0396426 0.0439291 0.0470552 0.0488633 0.049293 0.0483806 0.0462486 0.0430889 0.0391398 0.034662 0.0299153 0.0251385 0.0205336 0.016257 0.0124142 0.00906145 0.00621486 0.00388009 0.00209985 0.000936421 0.000337053 0.000100003 2.54598e-05 5.75271e-06 1.17479e-06 2.17359e-07 3.59139e-08 5.08799e-09 5.57886e-10 3.37803e-11 0 
0 7.85738e-05 0.000702548 0.00258141 0.00581191 0.0100458 0.0149969 0.0203855 0.0258925 0.0311805 0.0359234 0.0398347 0.0426905 0.0443475 0.0447505 0.0439321 0.0420038 0.0391398 0.0355566 0.0314913 0.0271799 0.0228392 0.0186526 0.0147613 0.0112605 0.00820051 0.00559825 0.00346854 0.0018619 0.000829074 0.000302181 9.22165e-05 2.44414e-05 5.79201e-06 1.24459e-06 2.42276e-07 4.19993e-08 6.21265e-09 7.06938e-10 4.41278e-11 0 
0 5.89415e-05 0.000545377 0.0021046 0.00492379 0.00868357 0.0130901 0.0178865 0.022789 0.0274976 0.0317224 0.0352085 0.0377572 0.0392408 0.0396105 0.0388952 0.0371941 0.034662 0.0314913 0.0278926 0.0240756 0.0202324 0.0165254 0.0130786 0.00997472 0.00725743 0.00494485 0.00305926 0.00165029 0.000750033 0.000284858 9.21388e-05 2.60994e-05 6.60903e-06 1.50839e-06 3.08983e-07 5.57743e-08 8.50256e-09 9.87833e-10 6.24588e-11 0 
0 4.13119e-05 0.000396216 0.00161895 0.00398507 0.00723731 0.01107 0.0152427 0.0195078 0.0236049 0.0272822 0.0303184 0.0325409 0.0338393 0.0341712 0.0335622 0.0320986 0.0299153 0.0271799 0.0240756 0.0207847 0.0174741 0.014284 0.0113205 0.00865321 0.00631916 0.00433649 0.00272649 0.00152217 0.000734273 0.000302353 0.000106781 3.27713e-05 8.84749e-06 2.11431e-06 4.4614e-07 8.18641e-08 1.25585e-08 1.45741e-09 9.1563e-11 0 
0 2.69484e-05 0.0002675 0.00116292 0.00305105 0.00577784 0.00903409 0.0125837 0.0162113 0.0196961 0.0228246 0.0254091 0.0273035 0.0284143 0.0287062 0.0282012 0.0269736 0.0251385 0.0228392 0.0202324 0.0174741 0.0147067 0.012049 0.00959023 0.0073882 0.00547367 0.0038591 0.00254712 0.00153615 0.000820593 0.000376806 0.000146184 4.79257e-05 1.34342e-05 3.26012e-06 6.88097e-07 1.2509e-07 1.89021e-08 2.15371e-09 1.32633e-10 0 
0 1.62973e-05 0.00016666 0.000770852 0.00217935 0.00437076 0.00706498 0.0100179 0.0130358 0.0159342 0.0185365 0.0206874 0.0222661 0.0231956 0.023447 0.0230398 0.0220363 0.0205336 0.0186526 0.0165254 0.014284 0.012049 0.00992101 0.00797563 0.00626272 0.00480738 0.00360413 0.00261018 0.00177014 0.00106974 0.000546736 0.000228112 7.72696e-05 2.16803e-05 5.17185e-06 1.06445e-06 1.88119e-07 2.76132e-08 3.05771e-09 1.83223e-10 0 
0 9.10678e-06 9.52418e-05 0.00046599 0.00142742 0.00308122 0.00523076 0.00762808 0.0100848 0.0124437 0.0145611 0.0163119 0.0175987 0.0183596 0.0185722 0.0182532 0.0174545 0.016257 0.0147613 0.0130786 0.0113205 0.00959023 0.00797563 0.00654605 0.00535532 0.00444093 0.00378662 0.00324842 0.00259519 0.00176325 0.000960139 0.000407618 0.000134825 3.59011e-05 8.07397e-06 1.57843e-06 2.67307e-07 3.78127e-08 4.05039e-09 2.35517e-10 0 
0 4.69017e-06 4.97118e-05 0.000254453 0.000841778 0.00197886 0.00359456 0.0054752 0.00742781 0.009307 0.0109939 0.0123889 0.0134156 0.0140258 0.0142026 0.0139604 0.013342 0.0124142 0.0112605 0.00997472 0.00865321 0.0073882 0.00626272 0.00535532 0.00477815 0.00474393 0.0054177 0.0062789 0.00608976 0.00442075 0.00233352 0.000909571 0.000268542 6.24991e-05 1.23402e-05 2.19171e-06 3.49091e-07 4.73325e-08 4.90061e-09 2.76712e-10 0 
0 2.22302e-06 2.36501e-05 0.00012482 0.000440388 0.00112879 0.0022284 0.00361451 0.00511019 0.00656969 0.00788496 0.00897407 0.0097771 0.0102572 0.0104023 0.0102246 0.00975947 0.00906145 0.00820051 0.00725743 0.00631916 0.00547367 0.00480738 0.00444093 0.00474393 0.00674586 0.0113968 0.0167176 0.0178806 0.0131945 0.00665619 0.00233877 0.000596776 0.000116084 1.87839e-05 2.83752e-06 4.11687e-07 5.31378e-08 5.32674e-09 2.93081e-10 0 
0 9.69271e-07 1.02564e-05 5.49669e-05 0.000202934 0.000560267 0.00120656 0.002118 0.00318012 0.0042608 0.00525371 0.00608303 0.00669783 0.00706864 0.00718633 0.00706135 0.00672246 0.00621486 0.00559825 0.00494485 0.00433649 0.0038591 0.00360413 0.00378662 0.0054177 0.0113968 0.0241545 0.0385393 0.0423886 0.0313561 0.0155677 0.00522048 0.00121638 0.000206301 2.75736e-05 3.40179e-06 4.32995e-07 5.27071e-08 5.13278e-09 2.76746e-10 0 
0 3.88945e-07 4.0618e-06 2.18014e-05 8.25079e-05 0.000240033 0.000556805 0.00106037 0.00171363 0.00243292 0.00312777 0.00372547 0.00417665 0.00445341 0.00454663 0.0044641 0.00422925 0.00388009 0.00346854 0.00305926 0.00272649 0.00254712 0.00261018 0.00324842 0.0062789 0.0167176 0.0385393 0.0630267 0.0697606 0.0517206 0.0255486 0.00843791 0.00189084 0.000297586 3.50193e-05 3.61897e-06 3.99039e-07 4.55982e-08 4.33848e-09 2.30957e-10 0 
0 1.43789e-07 1.47294e-06 7.83151e-06 2.98407e-05 8.93019e-05 0.000217852 0.000443223 0.00076873 0.00116442 0.00157818 0.00195513 0.00225129 0.00243886 0.00250661 0.00245859 0.00231277 0.00209985 0.0018619 0.00165029 0.00152217 0.00153615 0.00177014 0.00259519 0.00608976 0.0178806 0.0423886 0.0697606 0.077003 0.0575128 0.0283155 0.00930733 0.00205612 0.000312683 3.43788e-05 3.17236e-06 3.12769e-07 3.39762e-08 3.19118e-09 1.69267e-10 0 
0 4.90359e-08 4.90548e-07 2.5634e-06 9.70304e-06 2.9275e-05 7.32392e-05 0.000155247 0.000283521 0.000453549 0.000646542 0.000835041 0.000991485 0.0010951 0.00113547 0.0011134 0.00104026 0.000936421 0.000829074 0.000750033 0.000734273 0.000820593 0.00106974 0.00176325 0.00442075 0.0131945 0.0313561 0.0517206 0.0575128 0.0425222 0.0209822 0.00689233 0.0015176 0.000227889 2.43657e-05 2.14486e-06 2.01741e-07 2.15674e-08 2.0321e-09 1.08508e-10 0 
0 1.54433e-08 1.50431e-07 7.68593e-07 2.86451e-06 8.59194e-06 2.16179e-05 4.66396e-05 8.75743e-05 0.000144942 0.000214067 0.000285542 0.000347892 0.000391048 0.000409139 0.000401884 0.000374581 0.000337053 0.000302181 0.000284858 0.000302353 0.000376806 0.000546736 0.000960139 0.00233352 0.00665619 0.0155677 0.0255486 0.0283155 0.0209822 0.0103615 0.0034112 0.000753321 0.000113153 1.21229e-05 1.08341e-06 1.05235e-07 1.16071e-08 1.11807e-09 6.073e-11 0 
0 4.49395e-09 4.25497e-08 2.11901e-07 7.7342e-07 2.28648e-06 5.71377e-06 1.23435e-05 2.33844e-05 3.92778e-05 5.90617e-05 8.02339e-05 9.93294e-05 0.000113001 0.000119126 0.000117505 0.00010997 0.000100003 9.22165e-05 9.21388e-05 0.000106781 0.000146184 0.000228112 0.000407618 0.000909571 0.00233877 0.00522048 0.00843791 0.00930733 0.00689233 0.0034112 0.00112917 0.000251262 3.82262e-05 4.24387e-06 4.12642e-07 4.48251e-08 5.31808e-09 5.32138e-10 2.96715e-11 0 
0 1.2075e-09 1.11039e-08 5.3814e-08 1.91794e-07 5.56173e-07 1.37058e-06 2.93647e-06 5.54753e-06 9.33559e-06 1.41119e-05 1.93065e-05 2.40788e-05 2.75777e-05 2.92447e-05 2.90282e-05 2.7438e-05 2.54598e-05 2.44414e-05 2.60994e-05 3.27713e-05 4.79257e-05 7.72696e-05 0.000134825 0.000268542 0.000596776 0.00121638 0.00189084 0.00205612 0.0015176 0.000753321 0.000251262 5.67279e-05 8.94305e-06 1.08546e-06 1.24888e-07 1.60973e-08 2.09523e-09 2.19715e-10 1.26642e-11 0 
0 2.98796e-10 2.66833e-09 1.25778e-08 4.37146e-08 1.24048e-07 3.00346e-07 6.34963e-07 1.18869e-06 1.98988e-06 3.00176e-06 4.10822e-06 5.1343e-06 5.90023e-06 6.28783e-06 6.29103e-06 6.03276e-06 5.75271e-06 5.79201e-06 6.60903e-06 8.84749e-06 1.34342e-05 2.16803e-05 3.59011e-05 6.24991e-05 0.000116084 0.000206301 0.000297586 0.000312683 0.000227889 0.000113153 3.82262e-05 8.94305e-06 1.5361e-06 2.22372e-07 3.26262e-08 5.03853e-09 7.1611e-10 7.88921e-11 4.72311e-12 0 
0 6.76913e-11 5.87299e-10 2.69307e-09 9.125e-09 2.53157e-08 6.01237e-08 1.2512e-07 2.3139e-07 3.83942e-07 5.75846e-07 7.85677e-07 9.81243e-07 1.12956e-06 1.20946e-06 1.22159e-06 1.19267e-06 1.17479e-06 1.24459e-06 1.50839e-06 2.11431e-06 3.26012e-06 5.17185e-06 8.07397e-06 1.23402e-05 1.87839e-05 2.75736e-05 3.50193e-05 3.43788e-05 2.43657e-05 1.21229e-05 4.24387e-06 1.08546e-06 2.22372e-07 4.18511e-08 7.83937e-09 1.39342e-09 2.12875e-10 2.46283e-11 1.53609e-12 0 
0 1.38794e-11 1.17087e-10 5.22659e-10 1.72719e-09 4.68484e-09 1.09088e-08 2.23262e-08 4.07334e-08 6.68854e-08 9.9567e-08 1.35213e-07 1.68547e-07 1.94243e-07 2.09034e-07 2.13481e-07 2.12861e-07 2.17359e-07 2.42276e-07 3.08983e-07 4.4614e-07 6.88097e-07 1.06445e-06 1.57843e-06 2.19171e-06 2.83752e-06 3.40179e-06 3.61897e-06 3.17236e-06 2.14486e-06 1.08341e-06 4.12642e-07 1.24888e-07 3.26262e-08 7.83937e-09 1.73291e-09 3.37732e-10 5.47518e-11 6.64647e-12 4.326e-13 0 
0 2.5197e-12 2.06902e-11 8.9998e-11 2.90305e-10 7.70283e-10 1.75902e-09 3.54029e-09 6.37004e-09 1.03453e-08 1.52752e-08 2.06343e-08 2.56622e-08 2.96087e-08 3.20482e-08 3.31522e-08 3.38527e-08 3.59139e-08 4.19993e-08 5.57743e-08 8.18641e-08 1.2509e-07 1.88119e-07 2.67307e-07 3.49091e-07 4.11687e-07 4.32995e-07 3.99039e-07 3.12769e-07 2.01741e-07 1.05235e-07 4.48251e-08 1.60973e-08 5.03853e-09 1.39342e-09 3.37732e-10 7.01738e-11 1.19897e-11 1.5257e-12 1.03683e-13 0 
0 3.8742e-13 3.10035e-12 1.31573e-11 4.14727e-11 1.07745e-10 2.41463e-10 4.78121e-10 8.48602e-10 1.36315e-09 1.99629e-09 2.68229e-09 3.3285e-09 3.84648e-09 4.19187e-09 4.40054e-09 4.61293e-09 5.08799e-09 6.21265e-09 8.50256e-09 1.25585e-08 1.89021e-08 2.76132e-08 3.78127e-08 4.73325e-08 5.31378e-08 5.27071e-08 4.55982e-08 3.39762e-08 2.15674e-08 1.16071e-08 5.31808e-09 2.09523e-09 7.1611e-10 2.12875e-10 5.47518e-11 1.19897e-11 2.15092e-12 2.86526e-13 2.03225e-14 0 
0 4.54779e-14 3.55154e-13 1.47244e-12 4.54097e-12 1.15637e-11 2.54556e-11 4.96256e-11 8.69303e-11 1.38171e-10 2.00753e-10 2.68378e-10 3.32435e-10 3.85056e-10 4.23045e-10 4.51567e-10 4.86861e-10 5.57886e-10 7.06938e-10 9.87833e-10 1.45741e-09 2.15371e-09 3.05771e-09 4.05039e-09 4.90061e-09 5.32674e-09 5.13278e-09 4.33848e-09 3.19118e-09 2.0321e-09 1.11807e-09 5.32138e-10 2.19715e-10 7.88921e-11 2.46283e-11 6.64647e-12 1.5257e-12 2.86526e-13 3.98818e-14 2.94905e-15 0 
0 2.90858e-15 2.21961e-14 9.00223e-14 2.71983e-13 6.7971e-13 1.47128e-12 2.8264e-12 4.89004e-12 7.69524e-12 1.10981e-11 1.47692e-11 1.8273e-11 2.12345e-11 2.35539e-11 2.56132e-11 2.84362e-11 3.37803e-11 4.41278e-11 6.24588e-11 9.1563e-11 1.32633e-10 1.83223e-10 2.35517e-10 2.76712e-10 2.93081e-10 2.76746e-10 2.30957e-10 1.69267e-10 1.08508e-10 6.073e-11 2.96715e-11 1.26642e-11 4.72311e-12 1.53609e-12 4.326e-13 1.03683e-13 2.03225e-14 2.94905e-15 2.26986e-16 0 
0 0 0 0 0 0 0 0 0 0 0 0 0 0 0 0 0 0 0 0 0 0 0 0 0 0 0 0 0 0 0 0 0 0 0 0 0 0 0 0 0 
