0 0 0 0 0 0 0 0 0 0 0 0 0 0 0 0 0 0 0 0 0 0 0 0 0 0 0 0 0 0 0 0 0 0 0 0 0 0 0 0 0 
0 4.58884e-07 4.07193e-06 1.78073e-05 5.32894e-05 0.000121896 0.00022732 0.000362689 0.000513996 0.000665441 0.00080305 0.000916129 0.000997451 0.001043 0.00105159 0.00102455 0.000965321 0.000879119 0.000772548 0.0006532 0.0005292 0.000408629 0.000298784 0.000205339 0.000131573 7.79628e-05 4.23962e-05 2.10254e-05 9.46695e-06 3.86083e-06 1.42515e-06 4.76283e-07 1.44139e-07 3.94571e-08 9.7306e-09 2.14138e-09 4.12195e-10 6.65109e-11 8.12341e-12 5.36754e-13 0 
0 4.07193e-06 3.68353e-05 0.000157945 0.000442933 0.000918442 0.00153572 0.00221518 0.00289 0.0035141 0.00405488 0.00448765 0.00479436 0.00496428 0.00499471 0.00489099 0.00466552 0.00433621 0.0039244 0.0034529 0.00294453 0.00242163 0.00190652 0.00142237 0.000992893 0.000639242 0.00037415 0.000196672 9.21039e-05 3.83167e-05 1.41815e-05 4.68835e-06 1.39032e-06 3.70722e-07 8.87617e-08 1.89384e-08 3.53406e-09 5.53231e-10 6.56368e-11 4.2195e-12 0 
0 1.78073e-05 0.000157945 0.000624673 0.00153946 0.00278929 0.00419314 0.00563884 0.00705698 0.00838216 0.00954718 0.0104905 0.0111642 0.0115388 0.0116052 0.0113748 0.0108764 0.010153 0.00925613 0.00824124 0.00716179 0.00606472 0.00498727 0.00395676 0.00299505 0.00212678 0.00138556 0.000808083 0.000413081 0.000182884 7.00779e-05 2.34199e-05 6.89909e-06 1.80698e-06 4.22265e-07 8.76606e-08 1.58998e-08 2.41988e-09 2.79413e-10 1.75064e-11 0 
0 5.32894e-05 0.000442933 0.00153946 0.00330084 0.0054331 0.00777653 0.0102379 0.0127004 0.0150276 0.0170847 0.0187546 0.0199485 0.0206125 0.0207301 0.0203211 0.0194371 0.0181549 0.0165679 0.0147766 0.0128808 0.0109709 0.00912209 0.00738876 0.00580182 0.0043718 0.00310288 0.00201543 0.00115612 0.000567157 0.000234065 8.1534e-05 2.43545e-05 6.3472e-06 1.45951e-06 2.96411e-07 5.2464e-08 7.7874e-09 8.77412e-10 5.3704e-11 0 
0 0.000121896 0.000918442 0.00278929 0.0054331 0.00857829 0.012112 0.0158756 0.0196602 0.0232426 0.026411 0.0289837 0.0308233 0.0318464 0.0320275 0.031397 0.0300347 0.0280591 0.025614 0.0228554 0.0199373 0.0170014 0.0141677 0.0115286 0.0091447 0.00704192 0.00521298 0.00363412 0.00230256 0.00126553 0.000578936 0.000216857 6.72958e-05 1.77346e-05 4.05395e-06 8.10911e-07 1.40744e-07 2.04521e-08 2.2557e-09 1.35248e-10 0 
0 0.00022732 0.00153572 0.00419314 0.00777653 0.012112 0.0170413 0.0223083 0.0276085 0.0326269 0.0370659 0.0406707 0.0432502 0.0446878 0.0449427 0.0440558 0.0421439 0.0393748 0.0359491 0.0320844 0.0279971 0.0238858 0.0199195 0.0162302 0.0129088 0.0100038 0.00752064 0.00542349 0.00365787 0.00220545 0.00112215 0.000461065 0.000151959 4.11775e-05 9.46145e-06 1.87781e-06 3.21279e-07 4.58937e-08 4.97181e-09 2.92889e-10 0 
0 0.000362689 0.00221518 0.00563884 0.0102379 0.0158756 0.0223083 0.0291858 0.0361079 0.0426626 0.0484691 0.0532721 0.0570444 0.0594835 0.0599599 0.0583851 0.0553608 0.0515197 0.0470058 0.0419545 0.0366163 0.0312473 0.0260686 0.0212531 0.016921 0.0131409 0.00993124 0.0072616 0.00505823 0.00324121 0.00180114 0.000813345 0.000288579 8.15418e-05 1.90285e-05 3.77384e-06 6.39786e-07 9.02077e-08 9.63211e-09 5.59188e-10 0 
0 0.000513996 0.00289 0.00705698 0.0127004 0.0196602 0.0276085 0.0361079 0.0446633 0.0527876 0.060408 0.0684474 0.0751291 0.0786188 0.0792403 0.0772378 0.072342 0.065247 0.0583409 0.0519037 0.0452929 0.0386575 0.032258 0.026308 0.0209568 0.0162905 0.0123371 0.00907109 0.00641579 0.00425885 0.00252027 0.0012353 0.000472876 0.000140501 3.35642e-05 6.69193e-06 1.12934e-06 1.57766e-07 1.66582e-08 9.55825e-10 0 
0 0.000665441 0.0035141 0.00838216 0.0150276 0.0232426 0.0326269 0.0426626 0.0527876 0.06302 0.0751683 0.0839657 0.0881739 0.0900964 0.0904679 0.0894235 0.0866925 0.0812239 0.0714969 0.0616332 0.0535263 0.0456753 0.0381193 0.0310947 0.0247778 0.0192709 0.0146089 0.010768 0.00767077 0.00519136 0.00320068 0.00167149 0.000685329 0.000214454 5.26739e-05 1.06024e-05 1.78768e-06 2.4824e-07 2.59961e-08 1.47825e-09 0 
0 0.00080305 0.00405488 0.00954718 0.0170847 0.026411 0.0370659 0.0484691 0.060408 0.0751683 0.0862293 0.0914736 0.0943204 0.095729 0.0960251 0.0952813 0.0933829 0.089928 0.0837734 0.0723842 0.061038 0.0518936 0.043305 0.0353295 0.0281581 0.021907 0.0166167 0.0122632 0.00876679 0.00599554 0.00379171 0.00207186 0.00089843 0.000294785 7.44741e-05 1.51653e-05 2.56117e-06 3.54433e-07 3.69059e-08 2.08489e-09 0 
0 0.000916129 0.00448765 0.0104905 0.0187546 0.0289837 0.0406707 0.0532721 0.0684474 0.0839657 0.0914736 0.0955277 0.0978788 0.0990821 0.0993482 0.0987295 0.0971566 0.0943927 0.0898279 0.0816434 0.0682531 0.0570164 0.0475189 0.0387694 0.0309038 0.0240481 0.018247 0.0134757 0.00965135 0.00663818 0.00426274 0.00240097 0.00108552 0.000370269 9.59174e-05 1.97579e-05 3.34653e-06 4.62412e-07 4.7977e-08 2.69834e-09 0 
0 0.000997451 0.00479436 0.0111642 0.0199485 0.0308233 0.0432502 0.0570444 0.0751291 0.0881739 0.0943204 0.0978788 0.100006 0.101112 0.101364 0.100806 0.0993859 0.0969259 0.092997 0.0864486 0.074328 0.0609077 0.0505402 0.0412306 0.0328684 0.0255801 0.0194136 0.0143428 0.0102825 0.00709398 0.00459543 0.00263742 0.00122624 0.00043014 0.000113596 2.3625e-05 4.01417e-06 5.54523e-07 5.74266e-08 3.22157e-09 0 
0 0.001043 0.00496428 0.0115388 0.0206125 0.0318464 0.0446878 0.0594835 0.0786188 0.0900964 0.095729 0.0990821 0.101112 0.102176 0.102423 0.101892 0.100539 0.0982087 0.0945389 0.0886011 0.0776731 0.0632964 0.0522312 0.0426018 0.033963 0.0264339 0.0200638 0.0148263 0.0106343 0.00734753 0.00478044 0.00277067 0.00130824 0.000466459 0.000124663 2.60934e-05 4.44514e-06 6.14389e-07 6.35974e-08 3.56457e-09 0 
0 0.00105159 0.00499471 0.0116052 0.0207301 0.0320275 0.0449427 0.0599599 0.0792403 0.0904679 0.0960251 0.0993482 0.101364 0.102423 0.102669 0.102142 0.100799 0.098488 0.0948567 0.0890086 0.0782825 0.0637544 0.0525361 0.0428485 0.0341604 0.0265883 0.0201819 0.0149146 0.0106991 0.0073951 0.00481652 0.00279847 0.00132681 0.00047533 0.000127533 2.67644e-05 4.56691e-06 6.31898e-07 6.54616e-08 3.67151e-09 0 
0 0.00102455 0.00489099 0.0113748 0.0203211 0.031397 0.0440558 0.0583851 0.0772378 0.0894235 0.0952813 0.0987295 0.100806 0.101892 0.102142 0.101598 0.100213 0.0978227 0.0940361 0.0878347 0.0763287 0.0622448 0.0515001 0.0420114 0.0334931 0.0260688 0.0197872 0.0146223 0.0104878 0.00724495 0.00471017 0.00272535 0.00128398 0.00045714 0.000122192 2.56161e-05 4.374e-06 6.06182e-07 6.29269e-08 3.53734e-09 0 
0 0.000965321 0.00466552 0.0108764 0.0194371 0.0300347 0.0421439 0.0553608 0.072342 0.0866925 0.0933829 0.0971566 0.0993859 0.100539 0.100799 0.100213 0.0987238 0.0961297 0.0919332 0.0847369 0.0717629 0.0592226 0.0492668 0.0401973 0.0320465 0.024942 0.0189306 0.0139871 0.0100278 0.00691622 0.00447489 0.00256175 0.00118763 0.00041615 0.0001101 2.29901e-05 3.92656e-06 5.45529e-07 5.6834e-08 3.20799e-09 0 
0 0.000879119 0.00433621 0.010153 0.0181549 0.0280591 0.0393748 0.0515197 0.065247 0.0812239 0.089928 0.0943927 0.0969259 0.0982087 0.098488 0.0978227 0.0961297 0.0931244 0.0880413 0.0785659 0.06547 0.0551903 0.0460369 0.0375648 0.029947 0.0233068 0.0176876 0.0130652 0.00935919 0.00643684 0.00413049 0.0023239 0.00105088 0.000359664 9.37806e-05 1.94804e-05 3.33001e-06 4.64551e-07 4.8674e-08 2.76515e-09 0 
0 0.000772548 0.0039244 0.00925613 0.0165679 0.025614 0.0359491 0.0470058 0.0583409 0.0714969 0.0837734 0.0898279 0.092997 0.0945389 0.0948567 0.0940361 0.0919332 0.0880413 0.0808112 0.0691535 0.059115 0.0503696 0.0420435 0.0343065 0.0273489 0.0212836 0.01615 0.011925 0.00853136 0.00584122 0.00370282 0.00203451 0.000891589 0.000296898 7.6239e-05 1.57743e-05 2.70508e-06 3.79982e-07 4.01594e-08 2.30298e-09 0 
0 0.0006532 0.0034529 0.00824124 0.0147766 0.0228554 0.0320844 0.0419545 0.0519037 0.0616332 0.0723842 0.0816434 0.0864486 0.0886011 0.0890086 0.0878347 0.0847369 0.0785659 0.0691535 0.0604969 0.0526808 0.0449687 0.037539 0.0306312 0.024419 0.0190031 0.0144179 0.0106411 0.00759835 0.00516939 0.00322582 0.00172451 0.000731629 0.000237657 6.03689e-05 1.25003e-05 2.15991e-06 3.06706e-07 3.28105e-08 1.90499e-09 0 
0 0.0005292 0.00294453 0.00716179 0.0128808 0.0199373 0.0279971 0.0366163 0.0452929 0.0535263 0.061038 0.0682531 0.074328 0.0776731 0.0782825 0.0763287 0.0717629 0.06547 0.059115 0.0526808 0.0459859 0.0392614 0.0327758 0.0267459 0.0213232 0.0165952 0.0125913 0.00928903 0.00661802 0.00447069 0.00274754 0.00143558 0.000595427 0.00019097 4.84927e-05 1.01249e-05 1.77154e-06 2.55085e-07 2.76678e-08 1.62735e-09 0 
0 0.000408629 0.00242163 0.00606472 0.0109709 0.0170014 0.0238858 0.0312473 0.0386575 0.0456753 0.0518936 0.0570164 0.0609077 0.0632964 0.0637544 0.0622448 0.0592226 0.0551903 0.0503696 0.0449687 0.0392614 0.0335217 0.0279865 0.0228408 0.0182143 0.0141822 0.0107689 0.00795144 0.00566506 0.00381976 0.00233968 0.00121959 0.000506859 0.000163851 4.21064e-05 8.90773e-06 1.57809e-06 2.29727e-07 2.51464e-08 1.48999e-09 0 
0 0.000298784 0.00190652 0.00498727 0.00912209 0.0141677 0.0199195 0.0260686 0.032258 0.0381193 0.043305 0.0475189 0.0505402 0.0522312 0.0525361 0.0515001 0.0492668 0.0460369 0.0420435 0.037539 0.0327758 0.0279865 0.023369 0.0190792 0.0152296 0.0118934 0.00909914 0.00680973 0.00493155 0.00337745 0.00210779 0.00112879 0.000483612 0.000160171 4.17521e-05 8.88773e-06 1.57642e-06 2.29096e-07 2.49926e-08 1.47429e-09 0 
0 0.000205339 0.00142237 0.00395676 0.00738876 0.0115286 0.0162302 0.0212531 0.026308 0.0310947 0.0353295 0.0387694 0.0412306 0.0426018 0.0428485 0.0420114 0.0401973 0.0375648 0.0343065 0.0306312 0.0267459 0.0228408 0.0190792 0.0155968 0.0125227 0.0100049 0.00813345 0.00672141 0.00533194 0.00377695 0.00232173 0.00123124 0.000535758 0.000180076 4.68905e-05 9.8579e-06 1.71904e-06 2.45395e-07 2.63109e-08 1.52695e-09 0 
0 0.000131573 0.000992893 0.00299505 0.00580182 0.0091447 0.0129088 0.016921 0.0209568 0.0247778 0.0281581 0.0309038 0.0328684 0.033963 0.0341604 0.0334931 0.0320465 0.029947 0.0273489 0.024419 0.0213232 0.0182143 0.0152296 0.0125227 0.0103936 0.0094301 0.0100615 0.0113046 0.0108682 0.00792999 0.00431638 0.00187583 0.000708843 0.000224135 5.60457e-05 1.1345e-05 1.91306e-06 2.65237e-07 2.77186e-08 1.57261e-09 0 
0 7.79628e-05 0.000639242 0.00212678 0.0043718 0.00704192 0.0100038 0.0131409 0.0162905 0.0192709 0.021907 0.0240481 0.0255801 0.0264339 0.0265883 0.0260688 0.024942 0.0233068 0.0212836 0.0190031 0.0165952 0.0141822 0.0118934 0.0100049 0.0094301 0.0122613 0.0200929 0.0346366 0.0419054 0.0234811 0.0116846 0.00419475 0.00119513 0.000305598 6.77162e-05 1.26932e-05 2.03654e-06 2.72763e-07 2.77392e-08 1.53801e-09 0 
0 4.23962e-05 0.00037415 0.00138556 0.00310288 0.00521298 0.00752064 0.00993124 0.0123371 0.0146089 0.0166167 0.018247 0.0194136 0.0200638 0.0201819 0.0197872 0.0189306 0.0176876 0.01615 0.0144179 0.0125913 0.0107689 0.00909914 0.00813345 0.0100615 0.0200929 0.0496962 0.0773818 0.0794228 0.069402 0.0275531 0.00914848 0.00220363 0.000440281 8.01312e-05 1.32408e-05 1.98277e-06 2.55972e-07 2.54118e-08 1.38246e-09 0 
0 2.10254e-05 0.000196672 0.000808083 0.00201543 0.00363412 0.00542349 0.0072616 0.00907109 0.010768 0.0122632 0.0134757 0.0143428 0.0148263 0.0149146 0.0146223 0.0139871 0.0130652 0.011925 0.0106411 0.00928903 0.00795144 0.00680973 0.00672141 0.0113046 0.0346366 0.0773818 0.0851964 0.0861 0.0819466 0.0600135 0.0147504 0.00334256 0.0005765 8.71668e-05 1.24121e-05 1.71179e-06 2.13283e-07 2.08041e-08 1.11811e-09 0 
0 9.46695e-06 9.21039e-05 0.000413081 0.00115612 0.00230256 0.00365787 0.00505823 0.00641579 0.00767077 0.00876679 0.00965135 0.0102825 0.0106343 0.0106991 0.0104878 0.0100278 0.00935919 0.00853136 0.00759835 0.00661802 0.00566506 0.00493155 0.00533194 0.0108682 0.0419054 0.0794228 0.0861 0.0870145 0.0837207 0.0693038 0.0167174 0.00361581 0.000586176 7.89029e-05 9.95285e-06 1.27645e-06 1.54922e-07 1.4991e-08 8.02856e-10 0 
0 3.86083e-06 3.83167e-05 0.000182884 0.000567157 0.00126553 0.00220545 0.00324121 0.00425885 0.00519136 0.00599554 0.00663818 0.00709398 0.00734753 0.0073951 0.00724495 0.00691622 0.00643684 0.00584122 0.00516939 0.00447069 0.00381976 0.00337745 0.00377695 0.00792999 0.0234811 0.069402 0.0819466 0.0837207 0.0783136 0.0439845 0.0120297 0.00267233 0.000426787 5.46762e-05 6.48534e-06 8.03401e-07 9.69333e-08 9.42254e-09 5.07728e-10 0 
0 1.42515e-06 1.41815e-05 7.00779e-05 0.000234065 0.000578936 0.00112215 0.00180114 0.00252027 0.00320068 0.00379171 0.00426274 0.00459543 0.00478044 0.00481652 0.00471017 0.00447489 0.00413049 0.00370282 0.00322582 0.00274754 0.00233968 0.00210779 0.00232173 0.00431638 0.0116846 0.0275531 0.0600135 0.0693038 0.0439845 0.0180741 0.00596326 0.00133906 0.00021692 2.78705e-05 3.33364e-06 4.21468e-07 5.19558e-08 5.14416e-09 2.81596e-10 0 
0 4.76283e-07 4.68835e-06 2.34199e-05 8.1534e-05 0.000216857 0.000461065 0.000813345 0.0012353 0.00167149 0.00207186 0.00240097 0.00263742 0.00277067 0.00279847 0.00272535 0.00256175 0.0023239 0.00203451 0.00172451 0.00143558 0.00121959 0.00112879 0.00123124 0.00187583 0.00419475 0.00914848 0.0147504 0.0167174 0.0120297 0.00596326 0.00199081 0.000459672 7.73486e-05 1.04825e-05 1.35893e-06 1.84983e-07 2.38789e-08 2.43766e-09 1.36745e-10 0 
0 1.44139e-07 1.39032e-06 6.89909e-06 2.43545e-05 6.72958e-05 0.000151959 0.000288579 0.000472876 0.000685329 0.00089843 0.00108552 0.00122624 0.00130824 0.00132681 0.00128398 0.00118763 0.00105088 0.000891589 0.000731629 0.000595427 0.000506859 0.000483612 0.000535758 0.000708843 0.00119513 0.00220363 0.00334256 0.00361581 0.00267233 0.00133906 0.000459672 0.00011108 2.00189e-05 3.04567e-06 4.56071e-07 6.90452e-08 9.45902e-09 1.00402e-09 5.81247e-11 0 
0 3.94571e-08 3.70722e-07 1.80698e-06 6.3472e-06 1.77346e-05 4.11775e-05 8.15418e-05 0.000140501 0.000214454 0.000294785 0.000370269 0.00043014 0.000466459 0.00047533 0.00045714 0.00041615 0.000359664 0.000296898 0.000237657 0.00019097 0.000163851 0.000160171 0.000180076 0.000224135 0.000305598 0.000440281 0.0005765 0.000586176 0.000426787 0.00021692 7.73486e-05 2.00189e-05 4.07934e-06 7.43391e-07 1.32255e-07 2.22906e-08 3.24641e-09 3.59961e-10 2.16174e-11 0 
0 9.7306e-09 8.87617e-08 4.22265e-07 1.45951e-06 4.05395e-06 9.46145e-06 1.90285e-05 3.35642e-05 5.26739e-05 7.44741e-05 9.59174e-05 0.000113596 0.000124663 0.000127533 0.000122192 0.0001101 9.37806e-05 7.6239e-05 6.03689e-05 4.84927e-05 4.21064e-05 4.17521e-05 4.68905e-05 5.60457e-05 6.77162e-05 8.01312e-05 8.71668e-05 7.89029e-05 5.46762e-05 2.78705e-05 1.04825e-05 3.04567e-06 7.43391e-07 1.65236e-07 3.40797e-08 6.27037e-09 9.67075e-10 1.12261e-10 7.01771e-12 0 
0 2.14138e-09 1.89384e-08 8.76606e-08 2.96411e-07 8.10911e-07 1.87781e-06 3.77384e-06 6.69193e-06 1.06024e-05 1.51653e-05 1.97579e-05 2.3625e-05 2.60934e-05 2.67644e-05 2.56161e-05 2.29901e-05 1.94804e-05 1.57743e-05 1.25003e-05 1.01249e-05 8.90773e-06 8.88773e-06 9.8579e-06 1.1345e-05 1.26932e-05 1.32408e-05 1.24121e-05 9.95285e-06 6.48534e-06 3.33364e-06 1.35893e-06 4.56071e-07 1.32255e-07 3.40797e-08 7.7721e-09 1.53037e-09 2.4895e-10 3.02787e-11 1.97408e-12 0 
0 4.12195e-10 3.53406e-09 1.58998e-08 5.2464e-08 1.40744e-07 3.21279e-07 6.39786e-07 1.12934e-06 1.78768e-06 2.56117e-06 3.34653e-06 4.01417e-06 4.44514e-06 4.56691e-06 4.374e-06 3.92656e-06 3.33001e-06 2.70508e-06 2.15991e-06 1.77154e-06 1.57809e-06 1.57642e-06 1.71904e-06 1.91306e-06 2.03654e-06 1.98277e-06 1.71179e-06 1.27645e-06 8.03401e-07 4.21468e-07 1.84983e-07 6.90452e-08 2.22906e-08 6.27037e-09 1.53037e-09 3.188e-10 5.45441e-11 6.9491e-12 4.72833e-13 0 
0 6.65109e-11 5.53231e-10 2.41988e-09 7.7874e-09 2.04521e-08 4.58937e-08 9.02077e-08 1.57766e-07 2.4824e-07 3.54433e-07 4.62412e-07 5.54523e-07 6.14389e-07 6.31898e-07 6.06182e-07 5.45529e-07 4.64551e-07 3.79982e-07 3.06706e-07 2.55085e-07 2.29727e-07 2.29096e-07 2.45395e-07 2.65237e-07 2.72763e-07 2.55972e-07 2.13283e-07 1.54922e-07 9.69333e-08 5.19558e-08 2.38789e-08 9.45902e-09 3.24641e-09 9.67075e-10 2.4895e-10 5.45441e-11 9.79072e-12 1.30518e-12 9.26539e-14 0 
0 8.12341e-12 6.56368e-11 2.79413e-10 8.77412e-10 2.2557e-09 4.97181e-09 9.63211e-09 1.66582e-08 2.59961e-08 3.69059e-08 4.7977e-08 5.74266e-08 6.35974e-08 6.54616e-08 6.29269e-08 5.6834e-08 4.8674e-08 4.01594e-08 3.28105e-08 2.76678e-08 2.51464e-08 2.49926e-08 2.63109e-08 2.77186e-08 2.77392e-08 2.54118e-08 2.08041e-08 1.4991e-08 9.42254e-09 5.14416e-09 2.43766e-09 1.00402e-09 3.59961e-10 1.12261e-10 3.02787e-11 6.9491e-12 1.30518e-12 1.81735e-13 1.34458e-14 0 
0 5.36754e-13 4.2195e-12 1.75064e-11 5.3704e-11 1.35248e-10 2.92889e-10 5.59188e-10 9.55825e-10 1.47825e-09 2.08489e-09 2.69834e-09 3.22157e-09 3.56457e-09 3.67151e-09 3.53734e-09 3.20799e-09 2.76515e-09 2.30298e-09 1.90499e-09 1.62735e-09 1.48999e-09 1.47429e-09 1.52695e-09 1.57261e-09 1.53801e-09 1.38246e-09 1.11811e-09 8.02856e-10 5.07728e-10 2.81596e-10 1.36745e-10 5.81247e-11 2.16174e-11 7.01771e-12 1.97408e-12 4.72833e-13 9.26539e-14 1.34458e-14 1.03519e-15 0 
0 0 0 0 0 0 0 0 0 0 0 0 0 0 0 0 0 0 0 0 0 0 0 0 0 0 0 0 0 0 0 0 0 0 0 0 0 0 0 0 0 
