0 0 0 0 0 0 0 0 0 0 0 0 0 0 0 0 0 0 0 0 0 0 0 0 0 0 0 0 0 0 0 0 0 0 0 0 0 0 0 0 0 
0 2.25702e-10 2.1343e-09 1.0598e-08 3.85615e-08 1.1375e-07 2.84093e-07 6.14597e-07 1.16815e-06 1.97085e-06 2.97659e-06 4.05385e-06 5.01034e-06 5.65011e-06 5.8384e-06 5.54548e-06 4.85145e-06 3.91346e-06 2.91177e-06 1.99811e-06 1.26427e-06 7.37478e-07 3.96663e-07 1.96839e-07 9.02132e-08 3.8241e-08 1.50191e-08 5.47555e-09 1.85638e-09 5.86165e-10 1.72546e-10 4.73527e-11 1.20996e-11 2.86886e-12 6.26962e-13 1.24745e-13 2.20887e-14 3.32727e-15 3.84085e-16 2.4234e-17 0 
0 2.1343e-09 2.09942e-08 1.08334e-07 4.08512e-07 1.24345e-06 3.18665e-06 7.02881e-06 1.35322e-05 2.29898e-05 3.48004e-05 4.73601e-05 5.84159e-05 6.57496e-05 6.78824e-05 6.45099e-05 5.65295e-05 4.5694e-05 3.40474e-05 2.33567e-05 1.47324e-05 8.53617e-06 4.54222e-06 2.2209e-06 9.99134e-07 4.14387e-07 1.58819e-07 5.63911e-08 1.85947e-08 5.70619e-09 1.63197e-09 4.35209e-10 1.08113e-10 2.49399e-11 5.30786e-12 1.0296e-12 1.7795e-13 2.61961e-14 2.95897e-15 1.82914e-16 0 
0 1.0598e-08 1.08334e-07 5.80067e-07 2.26084e-06 7.0689e-06 1.84576e-05 4.10943e-05 7.91244e-05 0.00013341 0.00019946 0.000267712 0.000326219 0.000364224 0.000375062 0.000357573 0.000315983 0.000258548 0.000195354 0.000135813 8.65608e-05 5.04357e-05 2.68276e-05 1.30304e-05 5.78922e-06 2.35938e-06 8.85071e-07 3.06701e-07 9.85095e-08 2.94116e-08 8.17997e-09 2.12136e-09 5.12697e-10 1.15151e-10 2.38841e-11 4.5203e-12 7.63212e-13 1.09898e-13 1.21583e-14 7.37092e-16 0 
0 3.85615e-08 4.08512e-07 2.26084e-06 9.05294e-06 2.88041e-05 7.55757e-05 0.00016672 0.000314018 0.000513441 0.000742189 0.000965626 0.00114839 0.00126317 0.00129503 0.00124233 0.00111565 0.000935425 0.000728507 0.000523328 0.000344144 0.000205796 0.000111425 5.45616e-05 2.42091e-05 9.7736e-06 3.60895e-06 1.22544e-06 3.84513e-07 1.11948e-07 3.03332e-08 7.66207e-09 1.80418e-09 3.95058e-10 7.99609e-11 1.47841e-11 2.44158e-12 3.44332e-13 3.73596e-14 2.22422e-15 0 
0 1.1375e-07 1.24345e-06 7.0689e-06 2.88041e-05 9.19046e-05 0.000237335 0.000505636 0.000907129 0.00140555 0.00193199 0.00241221 0.00278574 0.00301267 0.00307404 0.00296995 0.00271722 0.00234698 0.0019019 0.00143259 0.000991396 0.000622666 0.000351347 0.000177142 7.98298e-05 3.23231e-05 1.18507e-05 3.96677e-06 1.22122e-06 3.47851e-07 9.20709e-08 2.27045e-08 5.21944e-09 1.11634e-09 2.20884e-10 3.99658e-11 6.46679e-12 8.94709e-13 9.53623e-14 5.585e-15 0 
0 2.84093e-07 3.18665e-06 1.84576e-05 7.55757e-05 0.000237335 0.000588932 0.00118266 0.00198501 0.00289112 0.00378007 0.00455106 0.00513219 0.00547884 0.0055712 0.00541203 0.00502398 0.00444643 0.00373215 0.00294471 0.00215602 0.00144101 0.000864099 0.000458602 0.000214235 8.84139e-05 3.25594e-05 1.08295e-05 3.28944e-06 9.20505e-07 2.38801e-07 5.76541e-08 1.29728e-08 2.7166e-09 5.26637e-10 9.34483e-11 1.48458e-11 2.01922e-12 2.11867e-13 1.22327e-14 0 
0 6.14597e-07 7.02881e-06 4.10943e-05 0.00016672 0.000505636 0.00118266 0.00221285 0.00347658 0.00480633 0.00605627 0.00711584 0.00790543 0.00837391 0.00849846 0.00828382 0.00775954 0.00697537 0.00599566 0.00489441 0.00375254 0.00265788 0.00170227 0.000964091 0.0004753 0.000203367 7.62323e-05 2.54327e-05 7.6721e-06 2.11941e-06 5.40973e-07 1.28294e-07 2.83394e-08 5.8265e-09 1.10958e-09 1.93583e-10 3.02713e-11 4.05797e-12 4.20258e-13 2.39885e-14 0 
0 1.16815e-06 1.35322e-05 7.91244e-05 0.000314018 0.000907129 0.00198501 0.00347658 0.00518415 0.00691374 0.00851187 0.00985753 0.0108581 0.0114519 0.0116109 0.0113413 0.0106801 0.00968958 0.00844898 0.00704666 0.00557401 0.00412389 0.00279446 0.00168831 0.00088606 0.000398249 0.000153875 5.19931e-05 1.56853e-05 4.29958e-06 1.08426e-06 2.53493e-07 5.51528e-08 1.11679e-08 2.09563e-09 3.60567e-10 5.56698e-11 7.37876e-12 7.56841e-13 4.28693e-14 0 
0 1.97085e-06 2.29898e-05 0.00013341 0.000513441 0.00140555 0.00289112 0.00480633 0.00691374 0.00901398 0.0109446 0.0125684 0.0137765 0.014495 0.0146901 0.0143689 0.013576 0.0123861 0.0108943 0.0092057 0.00742608 0.00565636 0.00399504 0.00254708 0.0014194 0.000673714 0.00027066 9.33911e-05 2.83591e-05 7.75265e-06 1.93969e-06 4.48755e-07 9.65146e-08 1.93162e-08 3.58427e-09 6.10417e-10 9.34135e-11 1.22937e-11 1.25471e-12 7.08981e-14 0 
0 2.97659e-06 3.48004e-05 0.00019946 0.000742189 0.00193199 0.00378007 0.00605627 0.00851187 0.0109446 0.0131783 0.0150581 0.0164585 0.0172941 0.0175253 0.0171599 0.016249 0.0148787 0.0131588 0.0112107 0.00915533 0.00710478 0.0051608 0.00342412 0.00200592 0.00100252 0.000419999 0.000148757 4.57e-05 1.25155e-05 3.11946e-06 7.16988e-07 1.53036e-07 3.03961e-08 5.60157e-09 9.48685e-10 1.44646e-10 1.90125e-11 1.94386e-12 1.10426e-13 0 
0 4.05385e-06 4.73601e-05 0.000267712 0.000965626 0.00241221 0.00455106 0.00711584 0.00985753 0.0125684 0.0150581 0.0171553 0.0187206 0.0196583 0.0199238 0.019525 0.0185183 0.016999 0.0150893 0.0129241 0.0106381 0.00835453 0.00618095 0.00421544 0.00256417 0.00133809 0.000582989 0.00021223 6.61649e-05 1.82186e-05 4.5415e-06 1.04139e-06 2.21606e-07 4.39029e-08 8.08084e-09 1.36982e-09 2.09653e-10 2.7763e-11 2.87213e-12 1.65884e-13 0 
0 5.01034e-06 5.84159e-05 0.000326219 0.00114839 0.00278574 0.00513219 0.00790543 0.0108581 0.0137765 0.0164585 0.0187206 0.0204126 0.0214308 0.0217268 0.0213081 0.0202345 0.018608 0.0165597 0.0142344 0.0117771 0.00932012 0.0069769 0.00484526 0.00302551 0.0016312 0.000734192 0.00027412 8.68142e-05 2.41035e-05 6.0334e-06 1.38709e-06 2.96005e-07 5.8898e-08 1.09166e-08 1.87021e-09 2.90596e-10 3.92736e-11 4.16958e-12 2.48438e-13 0 
0 5.65011e-06 6.57496e-05 0.000364224 0.00126317 0.00301267 0.00547884 0.00837391 0.0114519 0.014495 0.0172941 0.0196583 0.0214308 0.0225033 0.0228241 0.0224004 0.0212934 0.0196086 0.0174818 0.0150636 0.0125051 0.00994417 0.00749842 0.00526627 0.00334404 0.00184345 0.000850004 0.000324099 0.000104246 2.92654e-05 7.39229e-06 1.71543e-06 3.70255e-07 7.4774e-08 1.41334e-08 2.48344e-09 3.98265e-10 5.58861e-11 6.18993e-12 3.85767e-13 0 
0 5.8384e-06 6.78824e-05 0.000375062 0.00129503 0.00307404 0.0055712 0.00849846 0.0116109 0.0146901 0.0175253 0.0199238 0.0217268 0.0228241 0.0231629 0.0227492 0.0216439 0.0199525 0.0178115 0.0153729 0.0127887 0.0101988 0.007722 0.00545686 0.00349762 0.00195367 0.000915341 0.000354821 0.000115925 3.30463e-05 8.48774e-06 2.00938e-06 4.4468e-07 9.26716e-08 1.82063e-08 3.3485e-09 5.65195e-10 8.37132e-11 9.78047e-12 6.40293e-13 0 
0 5.54548e-06 6.45099e-05 0.000357573 0.00124233 0.00296995 0.00541203 0.00828382 0.0113413 0.0143689 0.0171599 0.019525 0.0213081 0.0224004 0.0227492 0.0223594 0.0212896 0.0196425 0.0175511 0.0151638 0.0126297 0.010086 0.00764982 0.00541865 0.0034859 0.00195908 0.000926944 0.000364458 0.000121326 3.54189e-05 9.37476e-06 2.30482e-06 5.34365e-07 1.17682e-07 2.46003e-08 4.83035e-09 8.69391e-10 1.36528e-10 1.67589e-11 1.14028e-12 0 
0 4.85145e-06 5.65295e-05 0.000315983 0.00111565 0.00271722 0.00502398 0.00775954 0.0106801 0.013576 0.016249 0.0185183 0.0202345 0.0212934 0.0216439 0.0212896 0.0202857 0.0187289 0.0167452 0.0144757 0.0120622 0.0096353 0.0073075 0.00517401 0.00332775 0.0018739 0.000893621 0.000357503 0.000122481 3.72442e-05 1.03955e-05 2.72731e-06 6.81233e-07 1.62424e-07 3.67092e-08 7.73498e-09 1.47628e-09 2.42438e-10 3.06939e-11 2.12771e-12 0 
0 3.91346e-06 4.5694e-05 0.000258548 0.000935425 0.00234698 0.00444643 0.00697537 0.00968958 0.0123861 0.0148787 0.016999 0.018608 0.0196086 0.0199525 0.0196425 0.0187289 0.0173006 0.0154739 0.0133789 0.0111469 0.00889895 0.0067404 0.00476291 0.00305835 0.00172651 0.000834321 0.000344093 0.000123998 4.04377e-05 1.22984e-05 3.54868e-06 9.75256e-07 2.53635e-07 6.15866e-08 1.36937e-08 2.70989e-09 4.54431e-10 5.80341e-11 4.02039e-12 0 
0 2.91177e-06 3.40474e-05 0.000195354 0.000728507 0.0019019 0.00373215 0.00599566 0.00844898 0.0108943 0.0131588 0.0150893 0.0165597 0.0174818 0.0178115 0.0175511 0.0167452 0.0154739 0.0138415 0.0119654 0.0099635 0.00794568 0.00600849 0.004239 0.00272537 0.00155539 0.000774889 0.000338656 0.000133026 4.82931e-05 1.64841e-05 5.30476e-06 1.59766e-06 4.45026e-07 1.13114e-07 2.58113e-08 5.16104e-09 8.64479e-10 1.09382e-10 7.46673e-12 0 
0 1.99811e-06 2.33567e-05 0.000135813 0.000523328 0.00143259 0.00294471 0.00489441 0.00704666 0.0092057 0.0112107 0.0129241 0.0142344 0.0150636 0.0153729 0.0151638 0.0144757 0.0133789 0.0119654 0.0103382 0.00860167 0.00685332 0.00518071 0.00366459 0.0023835 0.00140343 0.000744467 0.000359165 0.000160048 6.64295e-05 2.55908e-05 9.05327e-06 2.90863e-06 8.41158e-07 2.17261e-07 4.95988e-08 9.81598e-09 1.61599e-09 2.001e-10 1.3335e-11 0 
0 1.26427e-06 1.47324e-05 8.65608e-05 0.000344144 0.000991396 0.00215602 0.00375254 0.00557401 0.00742608 0.00915533 0.0106381 0.0117771 0.0125051 0.0127887 0.0126297 0.0120622 0.0111469 0.0099635 0.00860167 0.00715241 0.00570193 0.00432879 0.00310378 0.00208641 0.00131139 0.000772971 0.000428269 0.000221486 0.000105056 4.47819e-05 1.69012e-05 5.60994e-06 1.63595e-06 4.19067e-07 9.38836e-08 1.81195e-08 2.89935e-09 3.48457e-10 2.25361e-11 0 
0 7.37478e-07 8.53617e-06 5.04357e-05 0.000205796 0.000622666 0.00144101 0.00265788 0.00412389 0.00565636 0.00710478 0.00835453 0.00932012 0.00994417 0.0101988 0.010086 0.0096353 0.00889895 0.00794568 0.00685332 0.00570193 0.00456812 0.00352037 0.00261296 0.00187691 0.00131201 0.000890869 0.000577408 0.000345771 0.000184222 8.47147e-05 3.31357e-05 1.10394e-05 3.16443e-06 7.87805e-07 1.70612e-07 3.17651e-08 4.9024e-09 5.68835e-10 3.55758e-11 0 
0 3.96663e-07 4.54222e-06 2.68276e-05 0.000111425 0.000351347 0.000864099 0.00170227 0.00279446 0.00399504 0.0051608 0.00618095 0.0069769 0.00749842 0.007722 0.00764982 0.0073075 0.0067404 0.00600849 0.00518071 0.00432879 0.00352037 0.00281016 0.00222947 0.00177846 0.0014285 0.00113669 0.000865069 0.000598431 0.000355662 0.000173707 6.85157e-05 2.21035e-05 6.01209e-06 1.4165e-06 2.91738e-07 5.19189e-08 7.68818e-09 8.58698e-10 5.18552e-11 0 
0 1.96839e-07 2.2209e-06 1.30304e-05 5.45616e-05 0.000177142 0.000458602 0.000964091 0.00168831 0.00254708 0.00342412 0.00421544 0.00484526 0.00526627 0.00545686 0.00541865 0.00517401 0.00476291 0.004239 0.00366459 0.00310378 0.00261296 0.00222947 0.00196276 0.00179544 0.00169689 0.00162861 0.00151382 0.00124833 0.000833766 0.000425705 0.000163282 4.81765e-05 1.16147e-05 2.44593e-06 4.63707e-07 7.7846e-08 1.1015e-08 1.18327e-09 6.90291e-11 0 
0 9.02132e-08 9.99134e-07 5.78922e-06 2.42091e-05 7.98298e-05 0.000214235 0.0004753 0.00088606 0.0014194 0.00200592 0.00256417 0.00302551 0.00334404 0.00349762 0.0034859 0.00332775 0.00305835 0.00272537 0.0023835 0.00208641 0.00187691 0.00177846 0.00179544 0.0019404 0.00229198 0.00293024 0.00356806 0.00351038 0.00253408 0.00129704 0.000469277 0.000122443 2.45397e-05 4.22607e-06 6.88297e-07 1.05829e-07 1.42158e-08 1.46994e-09 8.30464e-11 0 
0 3.8241e-08 4.14387e-07 2.35938e-06 9.7736e-06 3.23231e-05 8.84139e-05 0.000203367 0.000398249 0.000673714 0.00100252 0.00133809 0.0016312 0.00184345 0.00195367 0.00195908 0.0018739 0.00172651 0.00155539 0.00140343 0.00131139 0.00131201 0.0014285 0.00169689 0.00229198 0.00377159 0.00669107 0.00992702 0.0106432 0.00784801 0.00393642 0.00135049 0.000321321 5.49962e-05 7.51802e-06 9.72584e-07 1.29835e-07 1.63264e-08 1.62716e-09 8.94148e-11 0 
0 1.50191e-08 1.58819e-07 8.85071e-07 3.60895e-06 1.18507e-05 3.25594e-05 7.62323e-05 0.000153875 0.00027066 0.000419999 0.000582989 0.000734192 0.000850004 0.000915341 0.000926944 0.000893621 0.000834321 0.000774889 0.000744467 0.000772971 0.000890869 0.00113669 0.00162861 0.00293024 0.00669107 0.0143867 0.0230067 0.025297 0.0187267 0.00928765 0.00309636 0.000700917 0.000109741 1.27104e-05 1.29804e-06 1.43179e-07 1.65139e-08 1.58849e-09 8.54123e-11 0 
0 5.47555e-09 5.63911e-08 3.06701e-07 1.22544e-06 3.96677e-06 1.08295e-05 2.54327e-05 5.19931e-05 9.33911e-05 0.000148757 0.00021223 0.00027412 0.000324099 0.000354821 0.000364458 0.000357503 0.000344093 0.000338656 0.000359165 0.000428269 0.000577408 0.000865069 0.00151382 0.00356806 0.00992702 0.0230067 0.037652 0.0416934 0.0308923 0.015262 0.00503052 0.00111269 0.000166859 1.76622e-05 1.52268e-06 1.39056e-07 1.45499e-08 1.35565e-09 7.18667e-11 0 
0 1.85638e-09 1.85947e-08 9.85095e-08 3.84513e-07 1.22122e-06 3.28944e-06 7.6721e-06 1.56853e-05 2.83591e-05 4.57e-05 6.61649e-05 8.68142e-05 0.000104246 0.000115925 0.000121326 0.000122481 0.000123998 0.000133026 0.000160048 0.000221486 0.000345771 0.000598431 0.00124833 0.00351038 0.0106432 0.025297 0.0416934 0.0462649 0.0342878 0.0169186 0.00555444 0.00121672 0.000178856 1.81333e-05 1.42361e-06 1.13859e-07 1.10069e-08 1.00412e-09 5.29774e-11 0 
0 5.86165e-10 5.70619e-09 2.94116e-08 1.11948e-07 3.47851e-07 9.20505e-07 2.11941e-06 4.29958e-06 7.75265e-06 1.25155e-05 1.82186e-05 2.41035e-05 2.92654e-05 3.30463e-05 3.54189e-05 3.72442e-05 4.04377e-05 4.82931e-05 6.64295e-05 0.000105056 0.000184222 0.000355662 0.000833766 0.00253408 0.00784801 0.0187267 0.0308923 0.0342878 0.0254117 0.0125363 0.0041122 0.000897801 0.000130895 1.30504e-05 9.88717e-07 7.50029e-08 7.04419e-09 6.42259e-10 3.40991e-11 0 
0 1.72546e-10 1.63197e-09 8.17997e-09 3.03332e-08 9.20709e-08 2.38801e-07 5.40973e-07 1.08426e-06 1.93969e-06 3.11946e-06 4.5415e-06 6.0334e-06 7.39229e-06 8.48774e-06 9.37476e-06 1.03955e-05 1.22984e-05 1.64841e-05 2.55908e-05 4.47819e-05 8.47147e-05 0.000173707 0.000425705 0.00129704 0.00393642 0.00928765 0.015262 0.0169186 0.0125363 0.00618743 0.00203135 0.000443458 6.45961e-05 6.4528e-06 4.95044e-07 3.88235e-08 3.78752e-09 3.54124e-10 1.91375e-11 0 
0 4.73527e-11 4.35209e-10 2.12136e-09 7.66207e-09 2.27045e-08 5.76541e-08 1.28294e-07 2.53493e-07 4.48755e-07 7.16988e-07 1.04139e-06 1.38709e-06 1.71543e-06 2.00938e-06 2.30482e-06 2.72731e-06 3.54868e-06 5.30476e-06 9.05327e-06 1.69012e-05 3.31357e-05 6.85157e-05 0.000163282 0.000469277 0.00135049 0.00309636 0.00503052 0.00555444 0.0041122 0.00203135 0.000668025 0.000146176 2.14423e-05 2.19315e-06 1.80144e-07 1.59958e-08 1.72188e-09 1.68628e-10 9.36766e-12 0 
0 1.20996e-11 1.08113e-10 5.12697e-10 1.80418e-09 5.21944e-09 1.29728e-08 2.83394e-08 5.51528e-08 9.65146e-08 1.53036e-07 2.21606e-07 2.96005e-07 3.70255e-07 4.4468e-07 5.34365e-07 6.81233e-07 9.75256e-07 1.59766e-06 2.90863e-06 5.60994e-06 1.10394e-05 2.21035e-05 4.81765e-05 0.000122443 0.000321321 0.000700917 0.00111269 0.00121672 0.000897801 0.000443458 0.000146176 3.22234e-05 4.83139e-06 5.2586e-07 5.01909e-08 5.4887e-09 6.72027e-10 6.96158e-11 4.0033e-12 0 
0 2.86886e-12 2.49399e-11 1.15151e-10 3.95058e-10 1.11634e-09 2.7166e-09 5.8265e-09 1.11679e-08 1.93162e-08 3.03961e-08 4.39029e-08 5.8898e-08 7.4774e-08 9.26716e-08 1.17682e-07 1.62424e-07 2.53635e-07 4.45026e-07 8.41158e-07 1.63595e-06 3.16443e-06 6.01209e-06 1.16147e-05 2.45397e-05 5.49962e-05 0.000109741 0.000166859 0.000178856 0.000130895 6.45961e-05 2.14423e-05 4.83139e-06 7.67173e-07 9.60586e-08 1.18402e-08 1.65231e-09 2.28128e-10 2.49941e-11 1.49433e-12 0 
0 6.26962e-13 5.30786e-12 2.38841e-11 7.99609e-11 2.20884e-10 5.26637e-10 1.10958e-09 2.09563e-09 3.58427e-09 5.60157e-09 8.08084e-09 1.09166e-08 1.41334e-08 1.82063e-08 2.46003e-08 3.67092e-08 6.15866e-08 1.13114e-07 2.17261e-07 4.19067e-07 7.87805e-07 1.4165e-06 2.44593e-06 4.22607e-06 7.51802e-06 1.27104e-05 1.76622e-05 1.81333e-05 1.30504e-05 6.4528e-06 2.19315e-06 5.2586e-07 9.60586e-08 1.56091e-08 2.6238e-09 4.4697e-10 6.75897e-11 7.80309e-12 4.8629e-13 0 
0 1.24745e-13 1.0296e-12 4.5203e-12 1.47841e-11 3.99658e-11 9.34483e-11 1.93583e-10 3.60567e-10 6.10417e-10 9.48685e-10 1.36982e-09 1.87021e-09 2.48344e-09 3.3485e-09 4.83035e-09 7.73498e-09 1.36937e-08 2.58113e-08 4.95988e-08 9.38836e-08 1.70612e-07 2.91738e-07 4.63707e-07 6.88297e-07 9.72584e-07 1.29804e-06 1.52268e-06 1.42361e-06 9.88717e-07 4.95044e-07 1.80144e-07 5.01909e-08 1.18402e-08 2.6238e-09 5.57812e-10 1.07412e-10 1.73639e-11 2.10609e-12 1.37004e-13 0 
0 2.20887e-14 1.7795e-13 7.63212e-13 2.44158e-12 6.46679e-12 1.48458e-11 3.02713e-11 5.56698e-11 9.34135e-11 1.44646e-10 2.09653e-10 2.90596e-10 3.98265e-10 5.65195e-10 8.69391e-10 1.47628e-09 2.70989e-09 5.16104e-09 9.81598e-09 1.81195e-08 3.17651e-08 5.19189e-08 7.7846e-08 1.05829e-07 1.29835e-07 1.43179e-07 1.39056e-07 1.13859e-07 7.50029e-08 3.88235e-08 1.59958e-08 5.4887e-09 1.65231e-09 4.4697e-10 1.07412e-10 2.22629e-11 3.80101e-12 4.83485e-13 3.28439e-14 0 
0 3.32727e-15 2.61961e-14 1.09898e-13 3.44332e-13 8.94709e-13 2.01922e-12 4.05797e-12 7.37876e-12 1.22937e-11 1.90125e-11 2.7763e-11 3.92736e-11 5.58861e-11 8.37132e-11 1.36528e-10 2.42438e-10 4.54431e-10 8.64479e-10 1.61599e-09 2.89935e-09 4.9024e-09 7.68818e-09 1.1015e-08 1.42158e-08 1.63264e-08 1.65139e-08 1.45499e-08 1.10069e-08 7.04419e-09 3.78752e-09 1.72188e-09 6.72027e-10 2.28128e-10 6.75897e-11 1.73639e-11 3.80101e-12 6.81751e-13 9.07967e-14 6.43823e-15 0 
0 3.84085e-16 2.95897e-15 1.21583e-14 3.73596e-14 9.53623e-14 2.11867e-13 4.20258e-13 7.56841e-13 1.25471e-12 1.94386e-12 2.87213e-12 4.16958e-12 6.18993e-12 9.78047e-12 1.67589e-11 3.06939e-11 5.80341e-11 1.09382e-10 2.001e-10 3.48457e-10 5.68835e-10 8.58698e-10 1.18327e-09 1.46994e-09 1.62716e-09 1.58849e-09 1.35565e-09 1.00412e-09 6.42259e-10 3.54124e-10 1.68628e-10 6.96158e-11 2.49941e-11 7.80309e-12 2.10609e-12 4.83485e-13 9.07967e-14 1.26368e-14 9.34271e-16 0 
0 2.4234e-17 1.82914e-16 7.37092e-16 2.22422e-15 5.585e-15 1.22327e-14 2.39885e-14 4.28693e-14 7.08981e-14 1.10426e-13 1.65884e-13 2.48438e-13 3.85767e-13 6.40293e-13 1.14028e-12 2.12771e-12 4.02039e-12 7.46673e-12 1.3335e-11 2.25361e-11 3.55758e-11 5.18552e-11 6.90291e-11 8.30464e-11 8.94148e-11 8.54123e-11 7.18667e-11 5.29774e-11 3.40991e-11 1.91375e-11 9.36766e-12 4.0033e-12 1.49433e-12 4.8629e-13 1.37004e-13 3.28439e-14 6.43823e-15 9.34271e-16 7.19048e-17 0 
0 0 0 0 0 0 0 0 0 0 0 0 0 0 0 0 0 0 0 0 0 0 0 0 0 0 0 0 0 0 0 0 0 0 0 0 0 0 0 0 0 
