0 0 0 0 0 0 0 0 0 0 0 0 0 0 0 0 0 0 0 0 0 0 0 0 0 0 0 0 0 0 0 0 0 0 0 0 0 0 0 0 0 
0 1.14323e-08 1.06388e-07 5.11491e-07 1.76851e-06 4.8637e-06 1.11368e-05 2.18263e-05 3.73854e-05 5.69695e-05 7.84351e-05 9.88486e-05 0.000115232 0.000125242 0.000127609 0.000122292 0.000110379 9.38046e-05 7.49338e-05 5.61101e-05 3.92451e-05 2.55405e-05 1.54073e-05 8.58731e-06 4.41127e-06 2.08563e-06 9.07229e-07 3.63259e-07 1.34029e-07 4.5627e-08 1.43475e-08 4.16943e-09 1.119e-09 2.76622e-10 6.2615e-11 1.28295e-11 2.32771e-12 3.57721e-13 4.19743e-14 2.68358e-15 0 
0 1.06388e-07 1.03176e-06 5.13548e-06 1.81687e-05 5.03409e-05 0.0001142 0.000218491 0.000361719 0.000530615 0.000704294 0.000860481 0.000980401 0.00105134 0.00106738 0.00102918 0.000943123 0.000820253 0.000674842 0.000522613 0.000378592 0.000254774 0.000158177 9.00702e-05 4.68474e-05 2.22139e-05 9.60474e-06 3.79368e-06 1.37257e-06 4.56227e-07 1.39675e-07 3.94521e-08 1.02835e-08 2.46879e-09 5.42942e-10 1.08173e-10 1.91045e-11 2.86146e-12 3.27671e-13 2.04723e-14 0 
0 5.11491e-07 5.13548e-06 2.61416e-05 9.26668e-05 0.000250735 0.000542021 0.000972161 0.00150137 0.00206465 0.00259695 0.00304621 0.00337623 0.0035657 0.0036066 0.00350271 0.00326802 0.00292495 0.00250266 0.00203542 0.0015608 0.00111682 0.000736968 0.000443327 0.000240875 0.000117602 5.15711e-05 2.03818e-05 7.30021e-06 2.38387e-06 7.13416e-07 1.9639e-07 4.98142e-08 1.16315e-08 2.48852e-09 4.82658e-10 8.30687e-11 1.21394e-11 1.3581e-12 8.30106e-14 0 
0 1.76851e-06 1.81687e-05 9.26668e-05 0.000318729 0.000808661 0.00160278 0.00262754 0.00375376 0.00486159 0.00585902 0.00667804 0.00727048 0.00760711 0.00767759 0.00748973 0.00706734 0.00644693 0.00567382 0.0047985 0.00387419 0.00295625 0.00210237 0.00136953 0.000802659 0.00041725 0.000191131 7.73164e-05 2.78508e-05 9.02817e-06 2.6591e-06 7.16702e-07 1.77491e-07 4.04133e-08 8.42922e-09 1.59452e-09 2.6788e-10 3.82552e-11 4.1875e-12 2.50758e-13 0 
0 4.8637e-06 5.03409e-05 0.000250735 0.000808661 0.00186722 0.00335855 0.00509005 0.00688374 0.00860322 0.0101373 0.0113937 0.0123017 0.0128168 0.0129232 0.0126329 0.0119829 0.0110301 0.00984396 0.00850004 0.0070733 0.00563405 0.00424796 0.00298083 0.00190276 0.00107754 0.000530785 0.000225832 8.3547e-05 2.72735e-05 7.98043e-06 2.11919e-06 5.14686e-07 1.14666e-07 2.33815e-08 4.32425e-09 7.1067e-10 9.93727e-11 1.06625e-11 6.26616e-13 0 
0 1.11368e-05 0.0001142 0.000542021 0.00160278 0.00335855 0.00559146 0.00805986 0.010579 0.0129884 0.0151396 0.0169029 0.018178 0.0189013 0.0190499 0.018641 0.0177271 0.0163888 0.0147252 0.0128438 0.0108505 0.00884172 0.00689915 0.0050909 0.00348123 0.00214358 0.00115112 0.000526717 0.000204549 6.83758e-05 2.01017e-05 5.29859e-06 1.26863e-06 2.77649e-07 5.55299e-08 1.00688e-08 1.62283e-09 2.22694e-10 2.34714e-11 1.35637e-12 0 
0 2.18263e-05 0.000218491 0.000972161 0.00262754 0.00509005 0.00805986 0.0112971 0.0145973 0.0177568 0.02058 0.0228954 0.0245703 0.0255207 0.0257164 0.0251795 0.0239796 0.0222228 0.0200404 0.0175744 0.0149655 0.0123417 0.00980985 0.00745203 0.0053293 0.00349874 0.00203441 0.0010092 0.000418048 0.000145355 4.34396e-05 1.14567e-05 2.71934e-06 5.8713e-07 1.15578e-07 2.06091e-08 3.26644e-09 4.40992e-10 4.57616e-11 2.60594e-12 0 
0 3.73854e-05 0.000361719 0.00150137 0.00375376 0.00688374 0.010579 0.0145973 0.0186963 0.022623 0.0261332 0.0290132 0.0310973 0.0322809 0.0325259 0.0318599 0.0303691 0.0281862 0.0254745 0.0224116 0.0191734 0.0159202 0.0127865 0.00987451 0.00725311 0.00496847 0.00307158 0.00164043 0.00072863 0.000266361 8.1734e-05 2.173e-05 5.14082e-06 1.0996e-06 2.13803e-07 3.76088e-08 5.87843e-09 7.82847e-10 8.01767e-11 4.50951e-12 0 
0 5.69695e-05 0.000530615 0.00206465 0.00486159 0.00860322 0.0129884 0.0177568 0.022623 0.0272861 0.031456 0.0348784 0.0373566 0.0387655 0.0390597 0.0382715 0.0365034 0.0339129 0.0306944 0.0270593 0.0232171 0.0193592 0.0156465 0.0122018 0.00910659 0.0064063 0.00413212 0.00234033 0.00110883 0.00042762 0.000135589 3.65495e-05 8.65841e-06 1.84176e-06 3.54903e-07 6.17751e-08 9.54972e-09 1.25788e-09 1.27474e-10 7.09864e-12 0 
0 7.84351e-05 0.000704294 0.00259695 0.00585902 0.0101373 0.0151396 0.02058 0.0261332 0.031456 0.0362172 0.0401267 0.0429595 0.0445723 0.0449128 0.0440175 0.0420031 0.0390492 0.035378 0.0312309 0.0268478 0.0224478 0.0182153 0.0142918 0.0107714 0.00770368 0.00510937 0.00301989 0.00150884 0.000611634 0.00020072 5.50396e-05 1.31004e-05 2.78012e-06 5.3256e-07 9.19996e-08 1.41062e-08 1.84288e-09 1.85289e-10 1.02423e-11 0 
0 9.88486e-05 0.000860481 0.00304621 0.00667804 0.0113937 0.0169029 0.0228954 0.0290132 0.0348784 0.0401267 0.0444383 0.0475647 0.0493479 0.0497292 0.0487487 0.0465343 0.0432838 0.0392417 0.0346746 0.0298468 0.0250004 0.0203395 0.0160207 0.0121488 0.00877885 0.00592707 0.00360651 0.00187507 0.000792232 0.000268312 7.48767e-05 1.794e-05 3.80759e-06 7.27049e-07 1.25004e-07 1.90654e-08 2.47753e-09 2.47852e-10 1.36393e-11 0 
0 0.000115232 0.000980401 0.00337623 0.00727048 0.0123017 0.018178 0.0245703 0.0310973 0.0373566 0.0429595 0.0475647 0.050907 0.052817 0.0532316 0.0521929 0.0498366 0.0463735 0.0420644 0.0371935 0.0320434 0.0268726 0.0218996 0.0172922 0.0131634 0.00957231 0.00653412 0.0040505 0.00216394 0.00094276 0.000327487 9.28171e-05 2.23957e-05 4.76225e-06 9.08655e-07 1.55929e-07 2.3728e-08 3.0768e-09 3.07277e-10 1.68917e-11 0 
0 0.000125242 0.00105134 0.0035657 0.00760711 0.0128168 0.0189013 0.0255207 0.0322809 0.0387655 0.0445723 0.0493479 0.052817 0.0548038 0.0552423 0.0541752 0.0517427 0.0481623 0.0437037 0.0386615 0.033328 0.0279717 0.0228193 0.0180452 0.0137673 0.0100476 0.00690104 0.00432365 0.00234762 0.0010429 0.000368617 0.00010571 2.5674e-05 5.47739e-06 1.04691e-06 1.79866e-07 2.74051e-08 3.55977e-09 3.56399e-10 1.96607e-11 0 
0 0.000127609 0.00106738 0.0036066 0.00767759 0.0129232 0.0190499 0.0257164 0.0325259 0.0390597 0.0449128 0.0497292 0.0532316 0.0552423 0.0556941 0.0546294 0.0521885 0.04859 0.044105 0.0390297 0.0336588 0.0282627 0.0230701 0.0182574 0.0139438 0.0101925 0.00701864 0.00441661 0.00241468 0.00108234 0.000386042 0.000111547 2.72528e-05 5.84342e-06 1.12229e-06 1.93828e-07 2.97106e-08 3.88679e-09 3.92446e-10 2.18668e-11 0 
0 0.000122292 0.00102918 0.00350271 0.00748973 0.0126329 0.018641 0.0251795 0.0318599 0.0382715 0.0440175 0.0487487 0.0521929 0.0541752 0.0546294 0.0535961 0.0512124 0.0476919 0.0433 0.0383266 0.0330606 0.0277672 0.0226709 0.0179451 0.0137071 0.0100193 0.00689722 0.00433695 0.00236892 0.00106174 0.00037946 0.000110137 2.70849e-05 5.85534e-06 1.13565e-06 1.98397e-07 3.08176e-08 4.09356e-09 4.20528e-10 2.38867e-11 0 
0 0.000110379 0.000943123 0.00326802 0.00706734 0.0119829 0.0177271 0.0239796 0.0303691 0.0365034 0.0420031 0.0465343 0.0498366 0.0517427 0.0521885 0.0512124 0.0489448 0.0455892 0.0413986 0.0366498 0.0316185 0.0265581 0.0216832 0.0171596 0.0130995 0.00956272 0.00656523 0.00410788 0.00222804 0.000992153 0.000353934 0.000103212 2.56507e-05 5.62921e-06 1.11231e-06 1.98594e-07 3.16166e-08 4.31487e-09 4.5628e-10 2.67087e-11 0 
0 9.38046e-05 0.000820253 0.00292495 0.00644693 0.0110301 0.0163888 0.0222228 0.0281862 0.0339129 0.0390492 0.0432838 0.0463735 0.0481623 0.04859 0.0476919 0.0455892 0.042471 0.0385727 0.034152 0.0294656 0.0247493 0.0202029 0.0159807 0.0121869 0.00887694 0.00606755 0.00376717 0.00202237 0.000893404 0.000318889 9.40811e-05 2.38829e-05 5.39188e-06 1.10168e-06 2.04122e-07 3.37948e-08 4.79917e-09 5.2757e-10 3.20282e-11 0 
0 7.49338e-05 0.000674842 0.00250266 0.00567382 0.00984396 0.0147252 0.0200404 0.0254745 0.0306944 0.035378 0.0392417 0.0420644 0.0437037 0.044105 0.0433 0.0413986 0.0385727 0.0350363 0.0310234 0.0267673 0.0224822 0.0183492 0.0145079 0.0110519 0.00803124 0.00546352 0.00336646 0.00179343 0.000791974 0.000286699 8.7141e-05 2.30648e-05 5.46868e-06 1.17708e-06 2.29662e-07 3.99148e-08 5.91963e-09 6.75268e-10 4.22473e-11 0 
0 5.61101e-05 0.000522613 0.00203542 0.0047985 0.00850004 0.0128438 0.0175744 0.0224116 0.0270593 0.0312309 0.0346746 0.0371935 0.0386615 0.0390297 0.0383266 0.0366498 0.034152 0.0310234 0.0274719 0.0237047 0.0199116 0.0162529 0.012851 0.00978752 0.00710581 0.00482502 0.00296997 0.00159176 0.000718771 0.000271716 8.77073e-05 2.48475e-05 6.3014e-06 1.44122e-06 2.95895e-07 5.3529e-08 8.17656e-09 9.51631e-10 6.02614e-11 0 
0 3.92451e-05 0.000378592 0.0015608 0.00387419 0.0070733 0.0108505 0.0149655 0.0191734 0.0232171 0.0268478 0.0298468 0.0320434 0.033328 0.0336588 0.0330606 0.0316185 0.0294656 0.0267673 0.0237047 0.0204579 0.0171916 0.0140442 0.0111205 0.00848917 0.00618711 0.00423344 0.00265114 0.00147337 0.000707844 0.00029073 0.000102598 3.15061e-05 8.51685e-06 2.03837e-06 4.30755e-07 7.91471e-08 1.21559e-08 1.4121e-09 8.87923e-11 0 
0 2.55405e-05 0.000254774 0.00111682 0.00295625 0.00563405 0.00884172 0.0123417 0.0159202 0.0193592 0.0224478 0.0250004 0.0268726 0.0279717 0.0282627 0.0277672 0.0265581 0.0247493 0.0224822 0.0199116 0.0171916 0.0144627 0.0118423 0.00941853 0.00724838 0.00536256 0.00377397 0.00248564 0.00149569 0.000797309 0.000365541 0.000141694 4.64466e-05 1.30237e-05 3.16231e-06 6.67883e-07 1.21492e-07 1.8369e-08 2.09401e-09 1.29012e-10 0 
0 1.54073e-05 0.000158177 0.000736968 0.00210237 0.00424796 0.00689915 0.00980985 0.0127865 0.0156465 0.0182153 0.0203395 0.0218996 0.0228193 0.0230701 0.0226709 0.0216832 0.0202029 0.0183492 0.0162529 0.0140442 0.0118423 0.00974672 0.00783202 0.00614745 0.00471761 0.0035364 0.00256073 0.00173569 0.00104773 0.000534594 0.000222653 7.53161e-05 2.11151e-05 5.0355e-06 1.03641e-06 1.83196e-07 2.68965e-08 2.979e-09 1.78543e-10 0 
0 8.58731e-06 9.00702e-05 0.000443327 0.00136953 0.00298083 0.0050909 0.00745203 0.00987451 0.0122018 0.0142918 0.0160207 0.0172922 0.0180452 0.0182574 0.0179451 0.0171596 0.0159807 0.0145079 0.012851 0.0111205 0.00941853 0.00783202 0.00642949 0.00526368 0.00437029 0.0037316 0.00320456 0.002561 0.00173905 0.000945459 0.000400387 0.000132074 3.50914e-05 7.88131e-06 1.53984e-06 2.60727e-07 3.68823e-08 3.95098e-09 2.29754e-10 0 
0 4.41127e-06 4.68474e-05 0.000240875 0.000802659 0.00190276 0.00348123 0.0053293 0.00725311 0.00910659 0.0107714 0.0121488 0.0131634 0.0137673 0.0139438 0.0137071 0.0130995 0.0121869 0.0110519 0.00978752 0.00848917 0.00724838 0.00614745 0.00526368 0.00470637 0.00468361 0.0053576 0.00621376 0.00602782 0.00437532 0.00230818 0.000898227 0.00026442 6.13316e-05 1.20762e-05 2.14138e-06 3.40858e-07 4.6208e-08 4.78403e-09 2.70131e-10 0 
0 2.08563e-06 2.22139e-05 0.000117602 0.00041725 0.00107754 0.00214358 0.00349874 0.00496847 0.0064063 0.00770368 0.00877885 0.00957231 0.0100476 0.0101925 0.0100193 0.00956272 0.00887694 0.00803124 0.00710581 0.00618711 0.00536256 0.00471761 0.00437029 0.00468361 0.00667437 0.011284 0.0165548 0.0177071 0.0130664 0.00659098 0.00231486 0.000589755 0.000114367 1.84376e-05 2.777e-06 4.02327e-07 5.1906e-08 5.20266e-09 2.86244e-10 0 
0 9.07229e-07 9.60474e-06 5.15711e-05 0.000191131 0.000530785 0.00115112 0.00203441 0.00307158 0.00413212 0.00510937 0.00592707 0.00653412 0.00690104 0.00701864 0.00689722 0.00656523 0.00606755 0.00546352 0.00482502 0.00423344 0.00377397 0.0035364 0.0037316 0.0053576 0.011284 0.0239204 0.0381662 0.0419731 0.0310535 0.0154172 0.00516955 0.00120383 0.000203779 2.71441e-05 3.33583e-06 4.23526e-07 5.15084e-08 5.01494e-09 2.70376e-10 0 
0 3.63259e-07 3.79368e-06 2.03818e-05 7.73164e-05 0.000225832 0.000526717 0.0010092 0.00164043 0.00234033 0.00301989 0.00360651 0.0040505 0.00432365 0.00441661 0.00433695 0.00410788 0.00376717 0.00336646 0.00296997 0.00265114 0.00248564 0.00256073 0.00320456 0.00621376 0.0165548 0.0381662 0.0624169 0.0690912 0.0512176 0.0253021 0.00835626 0.00187209 0.0002943 3.45422e-05 3.55547e-06 3.90674e-07 4.45777e-08 4.23989e-09 2.25689e-10 0 
0 1.34029e-07 1.37257e-06 7.30021e-06 2.78508e-05 8.3547e-05 0.000204549 0.000418048 0.00072863 0.00110883 0.00150884 0.00187507 0.00216394 0.00234762 0.00241468 0.00236892 0.00222804 0.00202237 0.00179343 0.00159176 0.00147337 0.00149569 0.00173569 0.002561 0.00602782 0.0177071 0.0419731 0.0690912 0.0763207 0.0569379 0.0280423 0.0092174 0.00203595 0.000309367 3.39448e-05 3.12075e-06 3.06449e-07 3.32254e-08 3.11919e-09 1.65432e-10 0 
0 4.5627e-08 4.56227e-07 2.38387e-06 9.02817e-06 2.72735e-05 6.83758e-05 0.000145355 0.000266361 0.00042762 0.000611634 0.000792232 0.00094276 0.0010429 0.00108234 0.00106174 0.000992153 0.000893404 0.000791974 0.000718771 0.000707844 0.000797309 0.00104773 0.00173905 0.00437532 0.0130664 0.0310535 0.0512176 0.0569379 0.0421121 0.0207798 0.00682571 0.00150268 0.000225488 2.40661e-05 2.11113e-06 1.97739e-07 2.10942e-08 1.98647e-09 1.06061e-10 0 
0 1.43475e-08 1.39675e-07 7.13416e-07 2.6591e-06 7.98043e-06 2.01017e-05 4.34396e-05 8.1734e-05 0.000135589 0.00020072 0.000268312 0.000327487 0.000368617 0.000386042 0.00037946 0.000353934 0.000318889 0.000286699 0.000271716 0.00029073 0.000365541 0.000534594 0.000945459 0.00230818 0.00659098 0.0154172 0.0253021 0.0280423 0.0207798 0.0102615 0.00337812 0.000745828 0.00011194 1.19716e-05 1.06615e-06 1.03134e-07 1.13525e-08 1.09303e-09 5.93643e-11 0 
0 4.16943e-09 3.94521e-08 1.9639e-07 7.16702e-07 2.11919e-06 5.29859e-06 1.14567e-05 2.173e-05 3.65495e-05 5.50396e-05 7.48767e-05 9.28171e-05 0.00010571 0.000111547 0.000110137 0.000103212 9.40811e-05 8.7141e-05 8.77073e-05 0.000102598 0.000141694 0.000222653 0.000400387 0.000898227 0.00231486 0.00516955 0.00835626 0.0092174 0.00682571 0.00337812 0.00111806 0.000248687 3.77985e-05 4.18783e-06 4.05684e-07 4.39058e-08 5.20087e-09 5.20232e-10 2.90056e-11 0 
0 1.119e-09 1.02835e-08 4.98142e-08 1.77491e-07 5.14686e-07 1.26863e-06 2.71934e-06 5.14082e-06 8.65841e-06 1.31004e-05 1.794e-05 2.23957e-05 2.5674e-05 2.72528e-05 2.70849e-05 2.56507e-05 2.38829e-05 2.30648e-05 2.48475e-05 3.15061e-05 4.64466e-05 7.53161e-05 0.000132074 0.00026442 0.000589755 0.00120383 0.00187209 0.00203595 0.00150268 0.000745828 0.000248687 5.61111e-05 8.83445e-06 1.06952e-06 1.22584e-07 1.57555e-08 2.04878e-09 2.14801e-10 1.23804e-11 0 
0 2.76622e-10 2.46879e-09 1.16315e-08 4.04133e-08 1.14666e-07 2.77649e-07 5.8713e-07 1.0996e-06 1.84176e-06 2.78012e-06 3.80759e-06 4.76225e-06 5.47739e-06 5.84342e-06 5.85534e-06 5.62921e-06 5.39188e-06 5.46868e-06 6.3014e-06 8.51685e-06 1.30237e-05 2.11151e-05 3.50914e-05 6.13316e-05 0.000114367 0.000203779 0.0002943 0.000309367 0.000225488 0.00011194 3.77985e-05 8.83445e-06 1.51459e-06 2.18575e-07 3.19663e-08 4.92854e-09 7.00164e-10 7.71282e-11 4.61737e-12 0 
0 6.2615e-11 5.42942e-10 2.48852e-09 8.42922e-09 2.33815e-08 5.55299e-08 1.15578e-07 2.13803e-07 3.54903e-07 5.3256e-07 7.27049e-07 9.08655e-07 1.04691e-06 1.12229e-06 1.13565e-06 1.11231e-06 1.10168e-06 1.17708e-06 1.44122e-06 2.03837e-06 3.16231e-06 5.0355e-06 7.88131e-06 1.20762e-05 1.84376e-05 2.71441e-05 3.45422e-05 3.39448e-05 2.40661e-05 1.19716e-05 4.18783e-06 1.06952e-06 2.18575e-07 4.1024e-08 7.67072e-09 1.36255e-09 2.08124e-10 2.40777e-11 1.50173e-12 0 
0 1.28295e-11 1.08173e-10 4.82658e-10 1.59452e-09 4.32425e-09 1.00688e-08 2.06091e-08 3.76088e-08 6.17751e-08 9.19996e-08 1.25004e-07 1.55929e-07 1.79866e-07 1.93828e-07 1.98397e-07 1.98594e-07 2.04122e-07 2.29662e-07 2.95895e-07 4.30755e-07 6.67883e-07 1.03641e-06 1.53984e-06 2.14138e-06 2.777e-06 3.33583e-06 3.55547e-06 3.12075e-06 2.11113e-06 1.06615e-06 4.05684e-07 1.22584e-07 3.19663e-08 7.67072e-09 1.69461e-09 3.30206e-10 5.35291e-11 6.49792e-12 4.22926e-13 0 
0 2.32771e-12 1.91045e-11 8.30687e-11 2.6788e-10 7.1067e-10 1.62283e-09 3.26644e-09 5.87843e-09 9.54972e-09 1.41062e-08 1.90654e-08 2.3728e-08 2.74051e-08 2.97106e-08 3.08176e-08 3.16166e-08 3.37948e-08 3.99148e-08 5.3529e-08 7.91471e-08 1.21492e-07 1.83196e-07 2.60727e-07 3.40858e-07 4.02327e-07 4.23526e-07 3.90674e-07 3.06449e-07 1.97739e-07 1.03134e-07 4.39058e-08 1.57555e-08 4.92854e-09 1.36255e-09 3.30206e-10 6.86072e-11 1.17219e-11 1.4916e-12 1.01365e-13 0 
0 3.57721e-13 2.86146e-12 1.21394e-11 3.82552e-11 9.93727e-11 2.22694e-10 4.40992e-10 7.82847e-10 1.25788e-09 1.84288e-09 2.47753e-09 3.0768e-09 3.55977e-09 3.88679e-09 4.09356e-09 4.31487e-09 4.79917e-09 5.91963e-09 8.17656e-09 1.21559e-08 1.8369e-08 2.68965e-08 3.68823e-08 4.6208e-08 5.1906e-08 5.15084e-08 4.45777e-08 3.32254e-08 2.10942e-08 1.13525e-08 5.20087e-09 2.04878e-09 7.00164e-10 2.08124e-10 5.35291e-11 1.17219e-11 2.10286e-12 2.80123e-13 1.98682e-14 0 
0 4.19743e-14 3.27671e-13 1.3581e-12 4.1875e-12 1.06625e-11 2.34714e-11 4.57616e-11 8.01767e-11 1.27474e-10 1.85289e-10 2.47852e-10 3.07277e-10 3.56399e-10 3.92446e-10 4.20528e-10 4.5628e-10 5.2757e-10 6.75268e-10 9.51631e-10 1.4121e-09 2.09401e-09 2.979e-09 3.95098e-09 4.78403e-09 5.20266e-09 5.01494e-09 4.23989e-09 3.11919e-09 1.98647e-09 1.09303e-09 5.20232e-10 2.14801e-10 7.71282e-11 2.40777e-11 6.49792e-12 1.4916e-12 2.80123e-13 3.89903e-14 2.88312e-15 0 
0 2.68358e-15 2.04723e-14 8.30106e-14 2.50758e-13 6.26616e-13 1.35637e-12 2.60594e-12 4.50951e-12 7.09864e-12 1.02423e-11 1.36393e-11 1.68917e-11 1.96607e-11 2.18668e-11 2.38867e-11 2.67087e-11 3.20282e-11 4.22473e-11 6.02614e-11 8.87923e-11 1.29012e-10 1.78543e-10 2.29754e-10 2.70131e-10 2.86244e-10 2.70376e-10 2.25689e-10 1.65432e-10 1.06061e-10 5.93643e-11 2.90056e-11 1.23804e-11 4.61737e-12 1.50173e-12 4.22926e-13 1.01365e-13 1.98682e-14 2.88312e-15 2.21911e-16 0 
0 0 0 0 0 0 0 0 0 0 0 0 0 0 0 0 0 0 0 0 0 0 0 0 0 0 0 0 0 0 0 0 0 0 0 0 0 0 0 0 0 
