0 0 0 0 0 0 0 0 0 0 0 0 0 0 0 0 0 0 0 0 0 0 0 0 0 0 0 0 0 0 0 0 0 0 0 0 0 0 0 0 0 
0 4.64648e-07 4.12159e-06 1.80121e-05 5.38488e-05 0.000123034 0.000229177 0.000365275 0.000517222 0.000669174 0.000807158 0.000920495 0.00100198 0.0010476 0.0010562 0.0010291 0.000969753 0.000883364 0.000776538 0.000656865 0.00053247 0.000411439 0.000301091 0.000207128 0.000132868 7.88282e-05 4.29238e-05 2.13161e-05 9.61073e-06 3.92445e-06 1.45031e-06 4.8519e-07 1.46965e-07 4.0261e-08 9.9351e-09 2.18752e-09 4.21255e-10 6.79959e-11 8.30708e-12 5.49012e-13 0 
0 4.12159e-06 3.7263e-05 0.000159596 0.000446852 0.000925004 0.00154443 0.0022253 0.00290099 0.0035257 0.00406695 0.00450009 0.00480707 0.00497713 0.00500757 0.00490372 0.00467803 0.0043484 0.00393622 0.00346432 0.0029555 0.00243206 0.00191622 0.00143106 0.00100024 0.000644953 0.000378143 0.000199133 9.3425e-05 3.89314e-05 1.44303e-05 4.7765e-06 1.41791e-06 3.78385e-07 9.06553e-08 1.93523e-08 3.61274e-09 5.65727e-10 6.71357e-11 4.31668e-12 0 
0 1.80121e-05 0.000159596 0.000630038 0.00154934 0.00280223 0.00420779 0.00565485 0.00707446 0.00840119 0.00956769 0.0105123 0.0111869 0.0115619 0.0116284 0.0113977 0.0108986 0.0101741 0.00927611 0.00825996 0.00717928 0.00608113 0.0050028 0.00397158 0.00300912 0.00213965 0.00139645 0.000816203 0.000418218 0.000185585 7.12572e-05 2.38535e-05 7.03581e-06 1.84457e-06 4.31356e-07 8.95957e-08 1.62572e-08 2.47501e-09 2.85841e-10 1.79121e-11 0 
0 5.38488e-05 0.000446852 0.00154934 0.00331507 0.00544984 0.00779588 0.0102604 0.0127264 0.0150569 0.017117 0.0187893 0.0199849 0.0206499 0.0207676 0.0203579 0.0194727 0.0181886 0.0165992 0.0148054 0.0129069 0.0109944 0.00914327 0.00740805 0.00581978 0.0043889 0.00311909 0.00202989 0.00116736 0.0005743 0.00023766 8.29757e-05 2.4828e-05 6.47857e-06 1.49099e-06 3.02985e-07 5.36498e-08 7.96574e-09 8.9769e-10 5.49534e-11 0 
0 0.000123034 0.000925004 0.00280223 0.00544984 0.00859889 0.0121375 0.0159067 0.0196969 0.0232847 0.0264578 0.0290342 0.0308765 0.0319011 0.0320824 0.0314509 0.0300866 0.028108 0.0256594 0.0228966 0.0199743 0.0170342 0.0141964 0.0115537 0.00916683 0.00706193 0.00523176 0.00365207 0.00231884 0.00127815 0.000586611 0.000220389 6.85519e-05 1.80952e-05 4.14086e-06 8.2888e-07 1.43929e-07 2.09214e-08 2.30793e-09 1.38399e-10 0 
0 0.000229177 0.00154443 0.00420779 0.00779588 0.0121375 0.0170743 0.0223492 0.0276575 0.0326834 0.0371289 0.0407391 0.0433225 0.0447625 0.0450178 0.0441292 0.0422141 0.0394409 0.0360101 0.0321397 0.0280464 0.023929 0.019957 0.0162623 0.0129362 0.0100275 0.0075417 0.0054431 0.00367661 0.00222218 0.00113441 0.000467743 0.000154622 4.19891e-05 9.6614e-06 1.91916e-06 3.2853e-07 4.69454e-08 5.08685e-09 2.99709e-10 0 
0 0.000365275 0.0022253 0.00565485 0.0102604 0.0159067 0.0223492 0.0292372 0.0361698 0.0427342 0.04855 0.0533693 0.0571875 0.0596774 0.0601654 0.0585561 0.0554779 0.0516077 0.0470836 0.0420246 0.0366785 0.0313016 0.0261154 0.0212928 0.0169544 0.013169 0.00995517 0.0072828 0.00507808 0.00326002 0.00181698 0.000823548 0.000293237 8.30816e-05 1.94221e-05 3.85603e-06 6.54138e-07 9.2267e-08 9.85432e-09 5.72174e-10 0 
0 0.000517222 0.00290099 0.00707446 0.0127264 0.0196969 0.0276575 0.0361698 0.0447379 0.0528761 0.0605528 0.0687473 0.0754813 0.0789467 0.0795621 0.0775848 0.0726918 0.0654852 0.0584546 0.0519895 0.045368 0.0387228 0.032314 0.0263552 0.0209962 0.0163232 0.0123643 0.00909421 0.00643655 0.00427854 0.00253823 0.00124857 0.000479821 0.000143021 3.42399e-05 6.83556e-06 1.15445e-06 1.61346e-07 1.70408e-08 9.77935e-10 0 
0 0.000669174 0.0035257 0.00840119 0.0150569 0.0232847 0.0326834 0.0427342 0.0528761 0.0631905 0.0755259 0.084201 0.0883204 0.090209 0.0905757 0.0895515 0.0868756 0.0815275 0.0718148 0.0617628 0.0536146 0.045751 0.0381839 0.031149 0.0248229 0.0193079 0.0146392 0.0107932 0.00769255 0.00521151 0.00321967 0.00168698 0.000694461 0.000218094 5.37032e-05 1.08262e-05 1.82703e-06 2.53833e-07 2.65897e-08 1.51228e-09 0 
0 0.000807158 0.00406695 0.00956769 0.017117 0.0264578 0.0371289 0.04855 0.0605528 0.0755259 0.0864113 0.0915614 0.0943641 0.0957533 0.0960465 0.0953148 0.0934464 0.0900501 0.0840197 0.0726927 0.0611588 0.051979 0.0433771 0.03539 0.0282081 0.0219479 0.0166499 0.0122903 0.00878963 0.00601608 0.00381115 0.00208872 0.000909363 0.000299526 7.58866e-05 1.548e-05 2.61693e-06 3.62356e-07 3.77432e-08 2.13261e-09 0 
0 0.000920495 0.00450009 0.0105123 0.0187893 0.0290342 0.0407391 0.0533693 0.0687473 0.084201 0.0915614 0.0955534 0.0978732 0.099062 0.0993259 0.0987163 0.0971655 0.0944421 0.0899525 0.0819252 0.0684842 0.0571155 0.0475971 0.0388347 0.0309577 0.024092 0.0182825 0.0135044 0.00967512 0.00665906 0.00428236 0.00241859 0.00109776 0.000375949 9.76881e-05 2.01614e-05 3.41863e-06 4.72667e-07 4.90585e-08 2.75975e-09 0 
0 0.00100198 0.00480707 0.0111869 0.0199849 0.0308765 0.0433225 0.0571875 0.0754813 0.0883204 0.0943641 0.0978732 0.0999736 0.101068 0.101318 0.100768 0.0993663 0.09694 0.0930699 0.0866363 0.0746297 0.0610373 0.0506232 0.0412994 0.032925 0.0256261 0.0194506 0.0143727 0.010307 0.00711511 0.0046151 0.0026554 0.00123929 0.000436499 0.000115647 2.4101e-05 4.09985e-06 5.66731e-07 5.87128e-08 3.29446e-09 0 
0 0.0010476 0.00497713 0.0115619 0.0206499 0.0319011 0.0447625 0.0596774 0.0789467 0.090209 0.0957533 0.099062 0.101068 0.10212 0.102365 0.101841 0.100506 0.0982067 0.0945895 0.0887494 0.0779742 0.0634596 0.0523173 0.0426724 0.0340211 0.026481 0.0201017 0.0148567 0.0106591 0.00736875 0.00480007 0.00278875 0.00132168 0.000473192 0.00012688 2.66138e-05 4.53928e-06 6.27825e-07 6.50131e-08 3.64474e-09 0 
0 0.0010562 0.00500757 0.0116284 0.0207676 0.0320824 0.0450178 0.0601654 0.0795621 0.0905757 0.0960465 0.0993259 0.101318 0.102365 0.102609 0.102089 0.100763 0.0984835 0.0949039 0.089151 0.0785816 0.0639252 0.0526227 0.0429192 0.0342185 0.0266355 0.0202197 0.0149449 0.0107238 0.00741622 0.00483603 0.00281647 0.00134027 0.000482119 0.000129782 2.72943e-05 4.663e-06 6.45629e-07 6.69095e-08 3.75354e-09 0 
0 0.0010291 0.00490372 0.0113977 0.0203579 0.0314509 0.0441292 0.0585561 0.0775848 0.0895515 0.0953148 0.0987163 0.100768 0.101841 0.102089 0.101554 0.100187 0.0978283 0.094097 0.0880007 0.0766374 0.0623921 0.0515841 0.0420806 0.03355 0.026115 0.0198243 0.014652 0.0105121 0.00726578 0.00472946 0.00274308 0.0012971 0.000463683 0.000124343 2.6121e-05 4.46547e-06 6.19263e-07 6.43079e-08 3.61571e-09 0 
0 0.000969753 0.00467803 0.0108986 0.0194727 0.0300866 0.0422141 0.0554779 0.0726918 0.0868756 0.0934464 0.0971655 0.0993663 0.100506 0.100763 0.100187 0.0987174 0.09616 0.0920288 0.0849659 0.0720462 0.0593342 0.0493465 0.0402635 0.0321009 0.0249862 0.0189662 0.0140157 0.0100512 0.00693656 0.00449385 0.00257901 0.00120007 0.000422174 0.000112041 2.34411e-05 4.00804e-06 5.57184e-07 5.8067e-08 3.27814e-09 0 
0 0.000883364 0.0043484 0.0101741 0.0181886 0.028108 0.0394409 0.0516077 0.0654852 0.0815275 0.0900501 0.0944421 0.09694 0.0982067 0.0984835 0.0978283 0.09616 0.0932009 0.0882056 0.0788903 0.065648 0.0552808 0.0461113 0.0376268 0.029998 0.0233483 0.017721 0.0130922 0.00938156 0.00645649 0.00414895 0.0023404 0.00106227 0.000364947 9.5433e-05 1.98591e-05 3.39813e-06 4.74303e-07 4.97088e-08 2.82427e-09 0 
0 0.000776538 0.00393622 0.00927611 0.0165992 0.0256594 0.0360101 0.0470836 0.0584546 0.0718148 0.0840197 0.0899525 0.0930699 0.0945895 0.0949039 0.094097 0.0920288 0.0882056 0.0811183 0.0693933 0.0592175 0.0504501 0.0421116 0.0343634 0.0273957 0.0213217 0.0161808 0.01195 0.00855232 0.00585997 0.00372049 0.00204981 0.000901586 0.000301292 7.75677e-05 1.60742e-05 2.75883e-06 3.87691e-07 4.0981e-08 2.35018e-09 0 
0 0.000656865 0.00346432 0.00825996 0.0148054 0.0228966 0.0321397 0.0420246 0.0519895 0.0617628 0.0726927 0.0819252 0.0866363 0.0887494 0.089151 0.0880007 0.0849659 0.0788903 0.0693933 0.0606051 0.0527648 0.0450407 0.0376002 0.0306823 0.0244611 0.0190373 0.0144456 0.0106637 0.00761759 0.00518686 0.00324217 0.00173807 0.000739931 0.000241112 6.13814e-05 1.27261e-05 2.20031e-06 3.12525e-07 3.34347e-08 1.94111e-09 0 
0 0.00053247 0.0029555 0.00717928 0.0129069 0.0199743 0.0280464 0.0366785 0.045368 0.0536146 0.0611588 0.0684842 0.0746297 0.0779742 0.0785816 0.0766374 0.0720462 0.065648 0.0592175 0.0527648 0.0460593 0.0393248 0.0328296 0.0267908 0.0213601 0.0166252 0.0126156 0.00930892 0.00663506 0.00448622 0.00276174 0.00144677 0.000601891 0.000193549 4.92332e-05 1.02892e-05 1.80104e-06 2.59362e-07 2.81305e-08 1.65436e-09 0 
0 0.000411439 0.00243206 0.00608113 0.0109944 0.0170342 0.023929 0.0313016 0.0387228 0.045751 0.051979 0.0571155 0.0610373 0.0634596 0.0639252 0.0623921 0.0593342 0.0552808 0.0504501 0.0450407 0.0393248 0.0335765 0.0280329 0.0228794 0.0182459 0.0142076 0.0107893 0.00796805 0.00567911 0.00383227 0.00235073 0.00122799 0.000511594 0.00016572 4.26428e-05 9.02742e-06 1.59975e-06 2.32893e-07 2.54917e-08 1.51029e-09 0 
0 0.000301091 0.00191622 0.0050028 0.00914327 0.0141964 0.019957 0.0261154 0.032314 0.0381839 0.0433771 0.0475971 0.0506232 0.0523173 0.0526227 0.0515841 0.0493465 0.0461113 0.0421116 0.0376002 0.0328296 0.0280329 0.0234081 0.0191115 0.0152557 0.0119142 0.00911544 0.00682256 0.00494186 0.0033861 0.00211521 0.00113452 0.000486982 0.000161553 4.21588e-05 8.97972e-06 1.59319e-06 2.31559e-07 2.5262e-08 1.49016e-09 0 
0 0.000207128 0.00143106 0.00397158 0.00740805 0.0115537 0.0162623 0.0212928 0.0263552 0.031149 0.03539 0.0388347 0.0412994 0.0426724 0.0429192 0.0420806 0.0402635 0.0376268 0.0343634 0.0306823 0.0267908 0.0228794 0.0191115 0.0156232 0.0125436 0.0100212 0.00814623 0.00673165 0.00534008 0.00378318 0.00232651 0.001235 0.000538222 0.000181183 4.72311e-05 9.93592e-06 1.73324e-06 2.47466e-07 2.65355e-08 1.54009e-09 0 
0 0.000132868 0.00100024 0.00300912 0.00581978 0.00916683 0.0129362 0.0169544 0.0209962 0.0248229 0.0282081 0.0309577 0.032925 0.0340211 0.0342185 0.03355 0.0321009 0.029998 0.0273957 0.0244611 0.0213601 0.0182459 0.0152557 0.0125436 0.0104101 0.00944377 0.010075 0.0113192 0.0108821 0.00794021 0.00432222 0.00187897 0.000710783 0.000225102 5.636e-05 1.14174e-05 1.92604e-06 2.67094e-07 2.79162e-08 1.58397e-09 0 
0 7.88282e-05 0.000644953 0.00213965 0.0043889 0.00706193 0.0100275 0.013169 0.0163232 0.0193079 0.0219479 0.024092 0.0256261 0.026481 0.0266355 0.026115 0.0249862 0.0233483 0.0213217 0.0190373 0.0166252 0.0142076 0.0119142 0.0100212 0.00944377 0.0122774 0.0201182 0.0348506 0.0421673 0.0235476 0.0116992 0.00420018 0.0011971 0.000306488 6.80168e-05 1.27623e-05 2.04864e-06 2.74449e-07 2.79143e-08 1.54787e-09 0 
0 4.29238e-05 0.000378143 0.00139645 0.00311909 0.00523176 0.0075417 0.00995517 0.0123643 0.0146392 0.0166499 0.0182825 0.0194506 0.0201017 0.0202197 0.0198243 0.0189662 0.017721 0.0161808 0.0144456 0.0126156 0.0107893 0.00911544 0.00814623 0.010075 0.0201182 0.0499787 0.0773474 0.0793618 0.069593 0.027623 0.00915992 0.00220656 0.00044117 8.04126e-05 1.33041e-05 1.99356e-06 2.57435e-07 2.55604e-08 1.39066e-09 0 
0 2.13161e-05 0.000199133 0.000816203 0.00202989 0.00365207 0.0054431 0.0072828 0.00909421 0.0107932 0.0122903 0.0135044 0.0143727 0.0148567 0.0149449 0.014652 0.0140157 0.0130922 0.01195 0.0106637 0.00930892 0.00796805 0.00682256 0.00673165 0.0113192 0.0348506 0.0773474 0.0850889 0.0859835 0.0818819 0.0602726 0.014771 0.0033468 0.000577435 8.74159e-05 1.24651e-05 1.72054e-06 2.14444e-07 2.092e-08 1.12442e-09 0 
0 9.61073e-06 9.3425e-05 0.000418218 0.00116736 0.00231884 0.00367661 0.00507808 0.00643655 0.00769255 0.00878963 0.00967512 0.010307 0.0106591 0.0107238 0.0105121 0.0100512 0.00938156 0.00855232 0.00761759 0.00663506 0.00567911 0.00494186 0.00534008 0.0108821 0.0421673 0.0793618 0.0859835 0.0868918 0.0836343 0.0694828 0.0167798 0.00362036 0.000587057 7.91017e-05 9.99202e-06 1.2827e-06 1.5574e-07 1.5072e-08 8.07252e-10 0 
0 3.92445e-06 3.89314e-05 0.000185585 0.0005743 0.00127815 0.00222218 0.00326002 0.00427854 0.00521151 0.00601608 0.00665906 0.00711511 0.00736875 0.00741622 0.00726578 0.00693656 0.00645649 0.00585997 0.00518686 0.00448622 0.00383227 0.0033861 0.00378318 0.00794021 0.0235476 0.069593 0.0818819 0.0836343 0.0782551 0.0442193 0.0120446 0.0026757 0.000427435 5.48101e-05 6.51001e-06 8.07251e-07 9.74359e-08 9.47255e-09 5.10452e-10 0 
0 1.45031e-06 1.44303e-05 7.12572e-05 0.00023766 0.000586611 0.00113441 0.00181698 0.00253823 0.00321967 0.00381115 0.00428236 0.0046151 0.00480007 0.00483603 0.00472946 0.00449385 0.00414895 0.00372049 0.00324217 0.00276174 0.00235073 0.00211521 0.00232651 0.00432222 0.0116992 0.027623 0.0602726 0.0694828 0.0442193 0.0180966 0.00597069 0.00134079 0.000217279 2.79429e-05 3.34658e-06 4.23488e-07 5.22229e-08 5.17114e-09 2.83087e-10 0 
0 4.8519e-07 4.7765e-06 2.38535e-05 8.29757e-05 0.000220389 0.000467743 0.000823548 0.00124857 0.00168698 0.00208872 0.00241859 0.0026554 0.00278875 0.00281647 0.00274308 0.00257901 0.0023404 0.00204981 0.00173807 0.00144677 0.00122799 0.00113452 0.001235 0.00187897 0.00420018 0.00915992 0.014771 0.0167798 0.0120446 0.00597069 0.00199333 0.000460327 7.75001e-05 1.05135e-05 1.36455e-06 1.85884e-07 2.40013e-08 2.45035e-09 1.37462e-10 0 
0 1.46965e-07 1.41791e-06 7.03581e-06 2.4828e-05 6.85519e-05 0.000154622 0.000293237 0.000479821 0.000694461 0.000909363 0.00109776 0.00123929 0.00132168 0.00134027 0.0012971 0.00120007 0.00106227 0.000901586 0.000739931 0.000601891 0.000511594 0.000486982 0.000538222 0.000710783 0.0011971 0.00220656 0.0033468 0.00362036 0.0026757 0.00134079 0.000460327 0.000111279 2.00688e-05 3.05641e-06 4.58115e-07 6.93886e-08 9.50757e-09 1.00922e-09 5.84277e-11 0 
0 4.0261e-08 3.78385e-07 1.84457e-06 6.47857e-06 1.80952e-05 4.19891e-05 8.30816e-05 0.000143021 0.000218094 0.000299526 0.000375949 0.000436499 0.000473192 0.000482119 0.000463683 0.000422174 0.000364947 0.000301292 0.000241112 0.000193549 0.00016572 0.000161553 0.000181183 0.000225102 0.000306488 0.00044117 0.000577435 0.000587057 0.000427435 0.000217279 7.75001e-05 2.00688e-05 4.09279e-06 7.46503e-07 1.32889e-07 2.24033e-08 3.26308e-09 3.61822e-10 2.17296e-11 0 
0 9.9351e-09 9.06553e-08 4.31356e-07 1.49099e-06 4.14086e-06 9.6614e-06 1.94221e-05 3.42399e-05 5.37032e-05 7.58866e-05 9.76881e-05 0.000115647 0.00012688 0.000129782 0.000124343 0.000112041 9.5433e-05 7.75677e-05 6.13814e-05 4.92332e-05 4.26428e-05 4.21588e-05 4.72311e-05 5.636e-05 6.80168e-05 8.04126e-05 8.74159e-05 7.91017e-05 5.48101e-05 2.79429e-05 1.05135e-05 3.05641e-06 7.46503e-07 1.66016e-07 3.425e-08 6.30236e-09 9.72045e-10 1.1284e-10 7.05404e-12 0 
0 2.18752e-09 1.93523e-08 8.95957e-08 3.02985e-07 8.2888e-07 1.91916e-06 3.85603e-06 6.83556e-06 1.08262e-05 1.548e-05 2.01614e-05 2.4101e-05 2.66138e-05 2.72943e-05 2.6121e-05 2.34411e-05 1.98591e-05 1.60742e-05 1.27261e-05 1.02892e-05 9.02742e-06 8.97972e-06 9.93592e-06 1.14174e-05 1.27623e-05 1.33041e-05 1.24651e-05 9.99202e-06 6.51001e-06 3.34658e-06 1.36455e-06 4.58115e-07 1.32889e-07 3.425e-08 7.81165e-09 1.53821e-09 2.5023e-10 3.04348e-11 1.98428e-12 0 
0 4.21255e-10 3.61274e-09 1.62572e-08 5.36498e-08 1.43929e-07 3.2853e-07 6.54138e-07 1.15445e-06 1.82703e-06 2.61693e-06 3.41863e-06 4.09985e-06 4.53928e-06 4.663e-06 4.46547e-06 4.00804e-06 3.39813e-06 2.75883e-06 2.20031e-06 1.80104e-06 1.59975e-06 1.59319e-06 1.73324e-06 1.92604e-06 2.04864e-06 1.99356e-06 1.72054e-06 1.2827e-06 8.07251e-07 4.23488e-07 1.85884e-07 6.93886e-08 2.24033e-08 6.30236e-09 1.53821e-09 3.20437e-10 5.48247e-11 6.98491e-12 4.75274e-13 0 
0 6.79959e-11 5.65727e-10 2.47501e-09 7.96574e-09 2.09214e-08 4.69454e-08 9.2267e-08 1.61346e-07 2.53833e-07 3.62356e-07 4.72667e-07 5.66731e-07 6.27825e-07 6.45629e-07 6.19263e-07 5.57184e-07 4.74303e-07 3.87691e-07 3.12525e-07 2.59362e-07 2.32893e-07 2.31559e-07 2.47466e-07 2.67094e-07 2.74449e-07 2.57435e-07 2.14444e-07 1.5574e-07 9.74359e-08 5.22229e-08 2.40013e-08 9.50757e-09 3.26308e-09 9.72045e-10 2.5023e-10 5.48247e-11 9.84112e-12 1.31191e-12 9.3132e-14 0 
0 8.30708e-12 6.71357e-11 2.85841e-10 8.9769e-10 2.30793e-09 5.08685e-09 9.85432e-09 1.70408e-08 2.65897e-08 3.77432e-08 4.90585e-08 5.87128e-08 6.50131e-08 6.69095e-08 6.43079e-08 5.8067e-08 4.97088e-08 4.0981e-08 3.34347e-08 2.81305e-08 2.54917e-08 2.5262e-08 2.65355e-08 2.79162e-08 2.79143e-08 2.55604e-08 2.092e-08 1.5072e-08 9.47255e-09 5.17114e-09 2.45035e-09 1.00922e-09 3.61822e-10 1.1284e-10 3.04348e-11 6.98491e-12 1.31191e-12 1.82672e-13 1.35152e-14 0 
0 5.49012e-13 4.31668e-12 1.79121e-11 5.49534e-11 1.38399e-10 2.99709e-10 5.72174e-10 9.77935e-10 1.51228e-09 2.13261e-09 2.75975e-09 3.29446e-09 3.64474e-09 3.75354e-09 3.61571e-09 3.27814e-09 2.82427e-09 2.35018e-09 1.94111e-09 1.65436e-09 1.51029e-09 1.49016e-09 1.54009e-09 1.58397e-09 1.54787e-09 1.39066e-09 1.12442e-09 8.07252e-10 5.10452e-10 2.83087e-10 1.37462e-10 5.84277e-11 2.17296e-11 7.05404e-12 1.98428e-12 4.75274e-13 9.3132e-14 1.35152e-14 1.04053e-15 0 
0 0 0 0 0 0 0 0 0 0 0 0 0 0 0 0 0 0 0 0 0 0 0 0 0 0 0 0 0 0 0 0 0 0 0 0 0 0 0 0 0 
