0 0 0 0 0 0 0 0 0 0 0 0 0 0 0 0 0 0 0 0 0 0 0 0 0 0 0 0 0 0 0 0 0 0 0 0 0 0 0 0 0 
0 4.6242e-09 4.32446e-08 2.10018e-07 7.37897e-07 2.07452e-06 4.88028e-06 9.85781e-06 1.74171e-05 2.73348e-05 3.8624e-05 4.97121e-05 5.88471e-05 6.4552e-05 6.59707e-05 6.30247e-05 5.63722e-05 4.72074e-05 3.6965e-05 2.70051e-05 1.83553e-05 1.15735e-05 6.751e-06 3.63536e-06 1.80477e-06 8.2564e-07 3.48183e-07 1.35486e-07 4.87113e-08 1.62038e-08 4.9926e-09 1.42537e-09 3.76743e-10 9.19248e-11 2.05788e-11 4.17736e-12 7.5202e-13 1.14819e-13 1.33996e-14 8.52825e-16 0 
0 4.32446e-08 4.21505e-07 2.12446e-06 7.68376e-06 2.19867e-05 5.1959e-05 0.000104095 0.000180568 0.00027655 0.000380758 0.000478682 0.000556443 0.000603678 0.000615012 0.000590369 0.000534471 0.000455776 0.000364991 0.000273263 0.000190249 0.000122489 7.25649e-05 3.94081e-05 1.95784e-05 8.89564e-06 3.70093e-06 1.41299e-06 4.96386e-07 1.60876e-07 4.8205e-08 1.33709e-08 3.43256e-09 8.13676e-10 1.77076e-10 3.49758e-11 6.13345e-12 9.1335e-13 1.04095e-13 6.47861e-15 0 
0 2.10018e-07 2.12446e-06 1.10272e-05 4.05037e-05 0.000115479 0.000266309 0.00051152 0.000841932 0.00122127 0.00160077 0.00193416 0.00218592 0.00233361 0.00236755 0.00228956 0.00211141 0.00185324 0.00154167 0.00120769 0.000883394 0.00059757 0.000370218 0.000208391 0.000106051 4.87362e-05 2.02687e-05 7.66138e-06 2.64555e-06 8.38641e-07 2.45026e-07 6.61548e-08 1.65191e-08 3.80877e-09 8.06639e-10 1.55185e-10 2.65357e-11 3.85786e-12 4.29826e-13 2.61865e-14 0 
0 7.37897e-07 7.68376e-06 4.05037e-05 0.000147664 0.000406012 0.000879702 0.00156482 0.00238543 0.00323837 0.00403127 0.00469435 0.00517968 0.00545872 0.00552068 0.00537098 0.00502923 0.00452663 0.00390326 0.0032057 0.00248552 0.00179741 0.00119459 0.000718652 0.000386516 0.000184673 7.84416e-05 2.98062e-05 1.02211e-05 3.19073e-06 9.13196e-07 2.40789e-07 5.86321e-08 1.31766e-08 2.72065e-09 5.1064e-10 8.52702e-11 1.21206e-11 1.32199e-12 7.8946e-14 0 
0 2.07452e-06 2.19867e-05 0.000115479 0.000406012 0.0010409 0.00206336 0.00336676 0.00478672 0.00617984 0.0074362 0.00847153 0.00922384 0.00965426 0.00974813 0.00951448 0.00898336 0.00820152 0.00722698 0.00612375 0.00495783 0.00379598 0.00270728 0.00176316 0.00102611 0.00052438 0.000233596 9.10979e-05 3.14743e-05 9.7688e-06 2.75635e-06 7.13008e-07 1.69887e-07 3.73181e-08 7.53016e-09 1.38181e-09 2.25779e-10 3.14349e-11 3.36217e-12 1.97128e-13 0 
0 4.88028e-06 5.1959e-05 0.000266309 0.000879702 0.00206336 0.00374432 0.00570659 0.00775177 0.00972471 0.0114949 0.012952 0.0140105 0.0146157 0.0147469 0.0144169 0.0136684 0.0125678 0.0111973 0.00964622 0.0080031 0.00635045 0.0047638 0.00331734 0.00209094 0.00115978 0.000554068 0.0002267 8.02787e-05 2.50659e-05 7.02741e-06 1.79308e-06 4.19766e-07 9.04261e-08 1.78825e-08 3.21643e-09 5.15419e-10 7.04389e-11 7.40266e-12 4.2693e-13 0 
0 9.85781e-06 0.000104095 0.00051152 0.00156482 0.00336676 0.00570659 0.00832595 0.0110218 0.0136167 0.0159453 0.017863 0.0192566 0.0200538 0.0202269 0.0197926 0.0188076 0.0173599 0.0155584 0.0135216 0.0113667 0.00920023 0.00711299 0.0051808 0.003476 0.00208152 0.00107548 0.00046925 0.000173111 5.5056e-05 1.54681e-05 3.91614e-06 9.04747e-07 1.91825e-07 3.72943e-08 6.59325e-09 1.03884e-09 1.39686e-10 1.44563e-11 8.21817e-13 0 
0 1.74171e-05 0.000180568 0.000841932 0.00238543 0.00478672 0.00775177 0.0110218 0.0143797 0.0176125 0.020515 0.0229064 0.0246454 0.025641 0.0258586 0.0253189 0.0240925 0.0222895 0.0200463 0.0175112 0.0148314 0.0121406 0.00955075 0.00714864 0.00500178 0.00317833 0.00176423 0.000825123 0.000320652 0.000104997 2.98024e-05 7.53034e-06 1.72453e-06 3.61189e-07 6.92592e-08 1.20705e-08 1.87508e-09 2.48707e-10 2.5408e-11 1.42704e-12 0 
0 2.73348e-05 0.00027655 0.00122127 0.00323837 0.00617984 0.00972471 0.0136167 0.0176125 0.0214607 0.0249172 0.0277665 0.0298398 0.0310286 0.0312912 0.0306519 0.0291946 0.0270506 0.0243824 0.0213674 0.0181814 0.0149846 0.0119109 0.00906267 0.0065109 0.00431101 0.00253276 0.00126271 0.000518608 0.000176029 5.08e-05 1.28756e-05 2.93484e-06 6.09353e-07 1.15616e-07 1.99234e-08 3.06015e-09 4.01475e-10 4.05935e-11 2.25828e-12 0 
0 3.8624e-05 0.000380758 0.00160077 0.00403127 0.0074362 0.0114949 0.0159453 0.020515 0.0249172 0.0288729 0.0321354 0.0345116 0.0358767 0.0361823 0.0354559 0.0337933 0.0313442 0.028295 0.0248488 0.0212073 0.0175545 0.0140446 0.010795 0.00788462 0.00536359 0.00328299 0.00172426 0.00074538 0.000262678 7.73508e-05 1.97382e-05 4.49343e-06 9.27876e-07 1.74744e-07 2.98659e-08 4.54921e-09 5.92068e-10 5.94218e-11 3.28384e-12 0 
0 4.97121e-05 0.000478682 0.00193416 0.00469435 0.00847153 0.012952 0.017863 0.0229064 0.0277665 0.0321354 0.0357411 0.0383699 0.0398835 0.0402279 0.0394329 0.0376034 0.0349048 0.0315425 0.027741 0.0237233 0.0196931 0.0158216 0.0122392 0.00903263 0.00625181 0.00393463 0.00214814 0.000968704 0.000353293 0.000106198 2.73379e-05 6.23194e-06 1.28358e-06 2.40673e-07 4.09252e-08 6.20199e-09 8.03371e-10 8.03043e-11 4.42409e-12 0 
0 5.88471e-05 0.000556443 0.00218592 0.00517968 0.00922384 0.0140105 0.0192566 0.0246454 0.0298398 0.0345116 0.0383699 0.0411861 0.0428118 0.0431886 0.0423475 0.0404001 0.0375225 0.0339341 0.0298747 0.0255829 0.0212768 0.0171401 0.0133128 0.0098885 0.00691822 0.00443242 0.00248469 0.00115604 0.000433428 0.000132682 3.44691e-05 7.88292e-06 1.62381e-06 3.04084e-07 5.16243e-08 7.81263e-09 1.01129e-09 1.01117e-10 5.57955e-12 0 
0 6.4552e-05 0.000603678 0.00233361 0.00545872 0.00965426 0.0146157 0.0200538 0.025641 0.0310286 0.0358767 0.0398835 0.0428118 0.0445072 0.0449082 0.0440461 0.0420362 0.03906 0.0353448 0.031139 0.0266901 0.0222247 0.0179336 0.0139631 0.0104106 0.00732872 0.00474437 0.00270237 0.00128284 0.000490296 0.000152213 3.98794e-05 9.16377e-06 1.89322e-06 3.55394e-07 6.04977e-08 9.18775e-09 1.19498e-09 1.20253e-10 6.69099e-12 0 
0 6.59707e-05 0.000615012 0.00236755 0.00552068 0.00974813 0.0147469 0.0202269 0.0258586 0.0312912 0.0361823 0.0402279 0.0431886 0.0449082 0.0453239 0.0444667 0.0424516 0.039461 0.0357232 0.0314884 0.0270058 0.0225041 0.018176 0.0141695 0.0105835 0.00747149 0.00485921 0.00278807 0.00133666 0.000516349 0.000161827 4.27305e-05 9.88624e-06 2.05645e-06 3.88967e-07 6.68062e-08 1.02556e-08 1.35133e-09 1.38114e-10 7.8256e-12 0 
0 6.30247e-05 0.000590369 0.00228956 0.00537098 0.00951448 0.0144169 0.0197926 0.0253189 0.0306519 0.0354559 0.0394329 0.0423475 0.0440461 0.0444667 0.0436386 0.0416737 0.0387504 0.0350918 0.0309428 0.0265476 0.0221306 0.017881 0.0139444 0.0104184 0.00735619 0.0047844 0.00274576 0.00131817 0.000511067 0.000161195 4.29407e-05 1.00453e-05 2.11767e-06 4.06998e-07 7.12383e-08 1.11803e-08 1.51091e-09 1.58843e-10 9.27925e-12 0 
0 5.63722e-05 0.000534471 0.00211141 0.00502923 0.00898336 0.0136684 0.0188076 0.0240925 0.0291946 0.0337933 0.0376034 0.0404001 0.0420362 0.0424516 0.0416737 0.0398089 0.0370267 0.0335396 0.0295812 0.0253843 0.0211631 0.0170986 0.0133299 0.00995058 0.00701238 0.00454458 0.00259491 0.00124035 0.000481019 0.000152834 4.12992e-05 9.85842e-06 2.13165e-06 4.22212e-07 7.64891e-08 1.24687e-08 1.75432e-09 1.92173e-10 1.1687e-11 0 
0 4.72074e-05 0.000455776 0.00185324 0.00452663 0.00820152 0.0125678 0.0173599 0.0222895 0.0270506 0.0313442 0.0349048 0.0375225 0.03906 0.039461 0.0387504 0.0370267 0.0344472 0.0312093 0.02753 0.0236259 0.0196959 0.0159085 0.0123927 0.00923574 0.00648714 0.00418008 0.002369 0.00112676 0.00043868 0.000141686 3.93858e-05 9.7647e-06 2.20892e-06 4.60013e-07 8.78375e-08 1.50877e-08 2.2303e-09 2.5539e-10 1.61301e-11 0 
0 3.6965e-05 0.000364991 0.00154167 0.00390326 0.00722698 0.0111973 0.0155584 0.0200463 0.0243824 0.028295 0.0315425 0.0339341 0.0353448 0.0357232 0.0350918 0.0335396 0.0312093 0.0282798 0.0249481 0.0214104 0.0178471 0.0144104 0.0112169 0.00834516 0.00584212 0.00374533 0.00211368 0.0010091 0.000400734 0.00013453 3.94816e-05 1.04364e-05 2.52678e-06 5.62281e-07 1.1404e-07 2.06216e-08 3.17633e-09 3.75092e-10 2.41995e-11 0 
0 2.70051e-05 0.000273263 0.00120769 0.0032057 0.00612375 0.00964622 0.0135216 0.0175112 0.0213674 0.0248488 0.027741 0.0298747 0.031139 0.0314884 0.0309428 0.0295812 0.02753 0.0249481 0.0220099 0.0188895 0.0157463 0.0127145 0.00989604 0.00735997 0.00515011 0.0033064 0.00188381 0.000924515 0.000386925 0.000139936 4.47469e-05 1.28794e-05 3.3627e-06 7.95315e-07 1.68752e-07 3.14581e-08 4.93326e-09 5.87245e-10 3.79028e-11 0 
0 1.83553e-05 0.000190249 0.000883394 0.00248552 0.00495783 0.0080031 0.0113667 0.0148314 0.0181814 0.0212073 0.0237233 0.0255829 0.0266901 0.0270058 0.0265476 0.0253843 0.0236259 0.0214104 0.0188895 0.0162143 0.0135229 0.0109307 0.00852502 0.00636505 0.00449041 0.00293615 0.0017387 0.000913409 0.000420714 0.000169523 5.9951e-05 1.86947e-05 5.15996e-06 1.26169e-06 2.71936e-07 5.08361e-08 7.92368e-09 9.31975e-10 5.9215e-11 0 
0 1.15735e-05 0.000122489 0.00059757 0.00179741 0.00379598 0.00635045 0.00920023 0.0121406 0.0149846 0.0175545 0.0196931 0.0212768 0.0222247 0.0225041 0.0221306 0.0211631 0.0196959 0.0178471 0.0157463 0.0135229 0.0112947 0.00915989 0.00719244 0.00544246 0.00394132 0.00270556 0.00173623 0.00101979 0.000533055 0.00024126 9.30287e-05 3.05358e-05 8.61184e-06 2.1077e-06 4.48925e-07 8.23197e-08 1.2536e-08 1.43801e-09 8.9069e-11 0 
0 6.751e-06 7.25649e-05 0.000370218 0.00119459 0.00270728 0.0047638 0.00711299 0.00955075 0.0119109 0.0140446 0.0158216 0.0171401 0.0179336 0.018176 0.017881 0.0170986 0.0159085 0.0144104 0.0127145 0.0109307 0.00915989 0.0074864 0.00597389 0.00466374 0.00357183 0.00268139 0.00194452 0.0013132 0.000783199 0.000392073 0.000159954 5.32189e-05 1.47747e-05 3.51077e-06 7.22885e-07 1.2807e-07 1.88566e-08 2.09439e-09 1.25844e-10 0 
0 3.63536e-06 3.94081e-05 0.000208391 0.000718652 0.00176316 0.00331734 0.0051808 0.00714864 0.00906267 0.010795 0.0122392 0.0133128 0.0139631 0.0141695 0.0139444 0.0133299 0.0123927 0.0112169 0.00989604 0.00852502 0.00719244 0.00597389 0.00492677 0.00408695 0.00346513 0.00302634 0.00264191 0.00212334 0.00143201 0.000762646 0.000312781 9.96262e-05 2.57206e-05 5.67421e-06 1.09971e-06 1.85784e-07 2.62845e-08 2.81815e-09 1.64043e-10 0 
0 1.80477e-06 1.95784e-05 0.000106051 0.000386516 0.00102611 0.00209094 0.003476 0.00500178 0.0065109 0.00788462 0.00903263 0.0098885 0.0104106 0.0105835 0.0104184 0.00995058 0.00923574 0.00834516 0.00735997 0.00636505 0.00544246 0.00466374 0.00408695 0.00378322 0.00390408 0.00457827 0.00536831 0.00522383 0.003786 0.00198082 0.000754138 0.000213723 4.74158e-05 8.99245e-06 1.55966e-06 2.46083e-07 3.32794e-08 3.44415e-09 1.94499e-10 0 
0 8.2564e-07 8.89564e-06 4.87362e-05 0.000184673 0.00052438 0.00115978 0.00208152 0.00317833 0.00431101 0.00536359 0.00625181 0.00691822 0.00732872 0.00747149 0.00735619 0.00701238 0.00648714 0.00584212 0.00515011 0.00449041 0.00394132 0.00357183 0.00346513 0.00390408 0.0057465 0.00981971 0.014442 0.0154553 0.0114029 0.0057444 0.0020052 0.000500355 9.32519e-05 1.43121e-05 2.06946e-06 2.93768e-07 3.76592e-08 3.76881e-09 2.07268e-10 0 
0 3.48183e-07 3.70093e-06 2.02687e-05 7.84416e-05 0.000233596 0.000554068 0.00107548 0.00176423 0.00253276 0.00328299 0.00393463 0.00443242 0.00474437 0.00485921 0.0047844 0.00454458 0.00418008 0.00374533 0.0033064 0.00293615 0.00270556 0.00268139 0.00302634 0.00457827 0.00981971 0.0208813 0.0333315 0.036638 0.027124 0.0134632 0.00450831 0.00104153 0.000171964 2.19183e-05 2.55548e-06 3.13054e-07 3.7588e-08 3.64841e-09 1.9654e-10 0 
0 1.35486e-07 1.41299e-06 7.66138e-06 2.98062e-05 9.10979e-05 0.0002267 0.00046925 0.000825123 0.00126271 0.00172426 0.00214814 0.00248469 0.00270237 0.00278807 0.00274576 0.00259491 0.002369 0.00211368 0.00188381 0.0017387 0.00173623 0.00194452 0.00264191 0.00536831 0.014442 0.0333315 0.0545162 0.0603617 0.0447257 0.0221015 0.00729603 0.00162906 0.000252311 2.86367e-05 2.79559e-06 2.92567e-07 3.26926e-08 3.09394e-09 1.64502e-10 0 
0 4.87113e-08 4.96386e-07 2.64555e-06 1.02211e-05 3.14743e-05 8.02787e-05 0.000173111 0.000320652 0.000518608 0.00074538 0.000968704 0.00115604 0.00128284 0.00133666 0.00131817 0.00124035 0.00112676 0.0010091 0.000924515 0.000913409 0.00101979 0.0013132 0.00212334 0.00522383 0.0154553 0.036638 0.0603617 0.0669514 0.0496448 0.024496 0.0080497 0.00177417 0.000266787 2.85205e-05 2.49784e-06 2.32009e-07 2.44635e-08 2.28102e-09 1.20809e-10 0 
0 1.62038e-08 1.60876e-07 8.38641e-07 3.19073e-06 9.7688e-06 2.50659e-05 5.5056e-05 0.000104997 0.000176029 0.000262678 0.000353293 0.000433428 0.000490296 0.000516349 0.000511067 0.000481019 0.00043868 0.000400734 0.000386925 0.000420714 0.000533055 0.000783199 0.00143201 0.003786 0.0114029 0.027124 0.0447257 0.0496448 0.0367881 0.0181519 0.00596064 0.00130927 0.000194649 2.03108e-05 1.70247e-06 1.50506e-07 1.55652e-08 1.45468e-09 7.75543e-11 0 
0 4.9926e-09 4.8205e-08 2.45026e-07 9.13196e-07 2.75635e-06 7.02741e-06 1.54681e-05 2.98024e-05 5.08e-05 7.73508e-05 0.000106198 0.000132682 0.000152213 0.000161827 0.000161195 0.000152834 0.000141686 0.00013453 0.000139936 0.000169523 0.00024126 0.000392073 0.000762646 0.00198082 0.0057444 0.0134632 0.0221015 0.024496 0.0181519 0.00896277 0.00294858 0.000648807 9.64154e-05 1.00811e-05 8.575e-07 7.83541e-08 8.37674e-09 8.00999e-10 4.34477e-11 0 
0 1.42537e-09 1.33709e-08 6.61548e-08 2.40789e-07 7.13008e-07 1.79308e-06 3.91614e-06 7.53034e-06 1.28756e-05 1.97382e-05 2.73379e-05 3.44691e-05 3.98794e-05 4.27305e-05 4.29407e-05 4.12992e-05 3.93858e-05 3.94816e-05 4.47469e-05 5.9951e-05 9.30287e-05 0.000159954 0.000312781 0.000754138 0.0020052 0.00450831 0.00729603 0.0080497 0.00596064 0.00294858 0.000974068 0.000215503 3.23648e-05 3.49356e-06 3.22108e-07 3.30885e-08 3.83133e-09 3.81345e-10 2.12416e-11 0 
0 3.76743e-10 3.43256e-09 1.65191e-08 5.86321e-08 1.69887e-07 4.19766e-07 9.04747e-07 1.72453e-06 2.93484e-06 4.49343e-06 6.23194e-06 7.88292e-06 9.16377e-06 9.88624e-06 1.00453e-05 9.85842e-06 9.7647e-06 1.04364e-05 1.28794e-05 1.86947e-05 3.05358e-05 5.32189e-05 9.96262e-05 0.000213723 0.000500355 0.00104153 0.00162906 0.00177417 0.00130927 0.000648807 0.000215503 4.82404e-05 7.4727e-06 8.74867e-07 9.5185e-08 1.17469e-08 1.5062e-09 1.57467e-10 9.07024e-12 0 
0 9.19248e-11 8.13676e-10 3.80877e-09 1.31766e-08 3.73181e-08 9.04261e-08 1.91825e-07 3.61189e-07 6.09353e-07 9.27876e-07 1.28358e-06 1.62381e-06 1.89322e-06 2.05645e-06 2.11767e-06 2.13165e-06 2.20892e-06 2.52678e-06 3.3627e-06 5.15996e-06 8.61184e-06 1.47747e-05 2.57206e-05 4.74158e-05 9.32519e-05 0.000171964 0.000252311 0.000266787 0.000194649 9.64154e-05 3.23648e-05 7.4727e-06 1.25024e-06 1.73034e-07 2.41909e-08 3.64191e-09 5.1398e-10 5.6544e-11 3.38377e-12 0 
0 2.05788e-11 1.77076e-10 8.06639e-10 2.72065e-09 7.53016e-09 1.78825e-08 3.72943e-08 6.92592e-08 1.15616e-07 1.74744e-07 2.40673e-07 3.04084e-07 3.55394e-07 3.88967e-07 4.06998e-07 4.22212e-07 4.60013e-07 5.62281e-07 7.95315e-07 1.26169e-06 2.1077e-06 3.51077e-06 5.67421e-06 8.99245e-06 1.43121e-05 2.19183e-05 2.86367e-05 2.85205e-05 2.03108e-05 1.00811e-05 3.49356e-06 8.74867e-07 1.73034e-07 3.1255e-08 5.69494e-09 1.00185e-09 1.52671e-10 1.76528e-11 1.10073e-12 0 
0 4.17736e-12 3.49758e-11 1.55185e-10 5.1064e-10 1.38181e-09 3.21643e-09 6.59325e-09 1.20705e-08 1.99234e-08 2.98659e-08 4.09252e-08 5.16243e-08 6.04977e-08 6.68062e-08 7.12383e-08 7.64891e-08 8.78375e-08 1.1404e-07 1.68752e-07 2.71936e-07 4.48925e-07 7.22885e-07 1.09971e-06 1.55966e-06 2.06946e-06 2.55548e-06 2.79559e-06 2.49784e-06 1.70247e-06 8.575e-07 3.22108e-07 9.5185e-08 2.41909e-08 5.69494e-09 1.24702e-09 2.42328e-10 3.92565e-11 4.76422e-12 3.10032e-13 0 
0 7.5202e-13 6.13345e-12 2.65357e-11 8.52702e-11 2.25779e-10 5.15419e-10 1.03884e-09 1.87508e-09 3.06015e-09 4.54921e-09 6.20199e-09 7.81263e-09 9.18775e-09 1.02556e-08 1.11803e-08 1.24687e-08 1.50877e-08 2.06216e-08 3.14581e-08 5.08361e-08 8.23197e-08 1.2807e-07 1.85784e-07 2.46083e-07 2.93768e-07 3.13054e-07 2.92567e-07 2.32009e-07 1.50506e-07 7.83541e-08 3.30885e-08 1.17469e-08 3.64191e-09 1.00185e-09 2.42328e-10 5.03196e-11 8.59565e-12 1.09366e-12 7.43125e-14 0 
0 1.14819e-13 9.1335e-13 3.85786e-12 1.21206e-11 3.14349e-11 7.04389e-11 1.39686e-10 2.48707e-10 4.01475e-10 5.92068e-10 8.03371e-10 1.01129e-09 1.19498e-09 1.35133e-09 1.51091e-09 1.75432e-09 2.2303e-09 3.17633e-09 4.93326e-09 7.92368e-09 1.2536e-08 1.88566e-08 2.62845e-08 3.32794e-08 3.76592e-08 3.7588e-08 3.26926e-08 2.44635e-08 1.55652e-08 8.37674e-09 3.83133e-09 1.5062e-09 5.1398e-10 1.52671e-10 3.92565e-11 8.59565e-12 1.54193e-12 2.05387e-13 1.45661e-14 0 
0 1.33996e-14 1.04095e-13 4.29826e-13 1.32199e-12 3.36217e-12 7.40266e-12 1.44563e-11 2.5408e-11 4.05935e-11 5.94218e-11 8.03043e-11 1.01117e-10 1.20253e-10 1.38114e-10 1.58843e-10 1.92173e-10 2.5539e-10 3.75092e-10 5.87245e-10 9.31975e-10 1.43801e-09 2.09439e-09 2.81815e-09 3.44415e-09 3.76881e-09 3.64841e-09 3.09394e-09 2.28102e-09 1.45468e-09 8.00999e-10 3.81345e-10 1.57467e-10 5.6544e-11 1.76528e-11 4.76422e-12 1.09366e-12 2.05387e-13 2.85869e-14 2.11373e-15 0 
0 8.52825e-16 6.47861e-15 2.61865e-14 7.8946e-14 1.97128e-13 4.2693e-13 8.21817e-13 1.42704e-12 2.25828e-12 3.28384e-12 4.42409e-12 5.57955e-12 6.69099e-12 7.8256e-12 9.27925e-12 1.1687e-11 1.61301e-11 2.41995e-11 3.79028e-11 5.9215e-11 8.9069e-11 1.25844e-10 1.64043e-10 1.94499e-10 2.07268e-10 1.9654e-10 1.64502e-10 1.20809e-10 7.75543e-11 4.34477e-11 2.12416e-11 9.07024e-12 3.38377e-12 1.10073e-12 3.10032e-13 7.43125e-14 1.45661e-14 2.11373e-15 1.62688e-16 0 
0 0 0 0 0 0 0 0 0 0 0 0 0 0 0 0 0 0 0 0 0 0 0 0 0 0 0 0 0 0 0 0 0 0 0 0 0 0 0 0 0 
