0 0 0 0 0 0 0 0 0 0 0 0 0 0 0 0 0 0 0 0 0 0 0 0 0 0 0 0 0 0 0 0 0 0 0 0 0 0 0 0 0 
0 7.61908e-11 7.22522e-10 3.60717e-09 1.32352e-08 3.94897e-08 1.00043e-07 2.20046e-07 4.25853e-07 7.31861e-07 1.125e-06 1.55627e-06 1.94781e-06 2.21579e-06 2.2997e-06 2.18401e-06 1.90192e-06 1.52091e-06 1.1178e-06 7.55505e-07 4.69828e-07 2.68999e-07 1.41928e-07 6.90936e-08 3.10852e-08 1.29488e-08 5.00441e-09 1.79811e-09 6.01793e-10 1.87891e-10 5.47761e-11 1.49102e-11 3.78414e-12 8.9229e-13 1.94146e-13 3.84977e-14 6.79979e-15 1.02252e-15 1.17918e-16 7.43759e-18 0 
0 7.22522e-10 7.12143e-09 3.6934e-08 1.40501e-07 4.33217e-07 1.12927e-06 2.54269e-06 5.01007e-06 8.72015e-06 1.3513e-05 1.87768e-05 2.3548e-05 2.68038e-05 2.78172e-05 2.64073e-05 2.29775e-05 1.83428e-05 1.34373e-05 9.03179e-06 5.56941e-06 3.15151e-06 1.63773e-06 7.82677e-07 3.44648e-07 1.40166e-07 5.27839e-08 1.84537e-08 6.00396e-09 1.82153e-09 5.16003e-10 1.36529e-10 3.37021e-11 7.73595e-12 1.6402e-12 3.1729e-13 5.4739e-14 8.05006e-15 9.0906e-16 5.622e-17 0 
0 3.60717e-09 3.6934e-08 1.98843e-07 7.832e-07 2.48966e-06 6.65185e-06 1.52456e-05 3.03551e-05 5.30307e-05 8.20561e-05 0.000113507 0.000141607 0.000160547 0.000166376 0.000158179 0.00013819 0.000110922 8.16955e-05 5.51092e-05 3.39932e-05 1.91578e-05 9.86766e-06 4.65191e-06 2.01212e-06 8.00969e-07 2.94435e-07 1.00287e-07 3.17498e-08 9.36717e-09 2.58014e-09 6.63997e-10 1.59522e-10 3.56686e-11 7.37465e-12 1.39283e-12 2.34906e-13 3.38169e-14 3.74334e-15 2.27244e-16 0 
0 1.32352e-08 1.40501e-07 7.832e-07 3.18217e-06 1.03702e-05 2.81635e-05 6.49488e-05 0.000128772 0.000222072 0.000337392 0.000457731 0.00056164 0.000629873 0.000650476 0.000621108 0.000548838 0.000447974 0.000336439 0.000231359 0.000145001 8.2555e-05 4.26513e-05 2.00206e-05 8.56516e-06 3.35407e-06 1.20792e-06 4.01925e-07 1.24078e-07 3.56599e-08 9.56498e-09 2.39742e-09 5.6128e-10 1.22403e-10 2.47093e-11 4.56204e-12 7.53141e-13 1.06278e-13 1.15485e-14 6.89229e-16 0 
0 3.94897e-08 4.33217e-07 2.48966e-06 1.03702e-05 3.43254e-05 9.34809e-05 0.000212992 0.000411468 0.000684896 0.00100141 0.00131189 0.00156679 0.00172835 0.001776 0.00170705 0.00153509 0.00128729 0.00100026 0.000714072 0.000464041 0.000272356 0.000143716 6.81624e-05 2.91625e-05 1.13231e-05 4.01759e-06 1.3113e-06 3.95983e-07 1.11149e-07 2.90967e-08 7.1173e-09 1.62683e-09 3.4664e-10 6.84412e-11 1.23741e-11 2.00317e-12 2.77589e-13 2.96671e-14 1.74428e-15 0 
0 1.00043e-07 1.12927e-06 6.65185e-06 2.81635e-05 9.34809e-05 0.000250705 0.000551856 0.00101527 0.00160088 0.00222579 0.00279964 0.00324902 0.00352549 0.00360557 0.0034884 0.00319307 0.00275575 0.00222685 0.00166721 0.00114117 0.000704269 0.000387582 0.000189277 8.22075e-05 3.19963e-05 1.12709e-05 3.62822e-06 1.07616e-06 2.95995e-07 7.58402e-08 1.8151e-08 4.06032e-09 8.47263e-10 1.63983e-10 2.90981e-11 4.62956e-12 6.31502e-13 6.65491e-14 3.86542e-15 0 
0 2.20046e-07 2.54269e-06 1.52456e-05 6.49488e-05 0.000212992 0.000551856 0.00115115 0.00199007 0.00296009 0.00392637 0.0047738 0.00541934 0.00581061 0.00592323 0.00575854 0.00534073 0.00471325 0.00393503 0.00307762 0.00222267 0.0014556 0.000848506 0.000434474 0.000194793 7.70009e-05 2.71819e-05 8.68722e-06 2.54326e-06 6.88136e-07 1.73151e-07 4.06706e-08 8.92948e-09 1.82985e-09 3.48129e-10 6.0798e-11 9.53462e-12 1.28423e-12 1.33905e-13 7.71345e-15 0 
0 4.25853e-07 5.01007e-06 3.03551e-05 0.000128772 0.000411468 0.00101527 0.00199007 0.00323825 0.00458756 0.00587742 0.00698428 0.00781877 0.00832263 0.00846841 0.00825873 0.00772359 0.0069154 0.00590305 0.00476669 0.00359518 0.00248604 0.00153985 0.000835511 0.000392098 0.000159464 5.69796e-05 1.82107e-05 5.29047e-06 1.41424e-06 3.50783e-07 8.11446e-08 1.75447e-08 3.54252e-09 6.64737e-10 1.14662e-10 1.77923e-11 2.37638e-12 2.46345e-13 1.41517e-14 0 
0 7.31861e-07 8.72015e-06 5.30307e-05 0.000222072 0.000684896 0.00160088 0.00296009 0.00458756 0.00627821 0.00786427 0.00921518 0.0102315 0.0108459 0.011026 0.0107751 0.0101291 0.00915059 0.00792053 0.00653045 0.00507669 0.00366014 0.00238966 0.00137358 0.000679248 0.000286947 0.00010471 3.37007e-05 9.76827e-06 2.59146e-06 6.36189e-07 1.455e-07 3.11014e-08 6.21251e-09 1.15471e-09 1.97648e-10 3.05054e-11 4.06459e-12 4.21852e-13 2.4365e-14 0 
0 1.125e-06 1.3513e-05 8.20561e-05 0.000337392 0.00100141 0.00222579 0.00392637 0.00587742 0.00786427 0.00971504 0.0112888 0.0124737 0.0131924 0.0134071 0.0131214 0.0123765 0.0112445 0.0098187 0.00820326 0.00650449 0.00482741 0.00328047 0.00198076 0.00103046 0.000453933 0.000170172 5.54712e-05 1.61222e-05 4.26387e-06 1.04054e-06 2.36326e-07 5.0175e-08 9.96565e-09 1.84521e-09 3.15461e-10 4.87977e-11 6.54407e-12 6.87007e-13 4.03568e-14 0 
0 1.55627e-06 1.87768e-05 0.000113507 0.000457731 0.00131189 0.00279964 0.0047738 0.00698428 0.00921518 0.0112888 0.0130528 0.0143833 0.0151939 0.0154419 0.0151306 0.0143055 0.0130466 0.0114577 0.00965459 0.00775372 0.00586621 0.00409999 0.00257064 0.00139633 0.000640127 0.000247022 8.18554e-05 2.39555e-05 6.34421e-06 1.54644e-06 3.50647e-07 7.43907e-08 1.47939e-08 2.75107e-09 4.74308e-10 7.4368e-11 1.01686e-11 1.09519e-12 6.63865e-14 0 
0 1.94781e-06 2.3548e-05 0.000141607 0.00056164 0.00156679 0.00324902 0.00541934 0.00781877 0.0102315 0.0124737 0.0143833 0.0158271 0.0167113 0.0169893 0.0166639 0.0157832 0.0144329 0.0127246 0.0107825 0.00873166 0.00668908 0.00476362 0.00306732 0.00172221 0.000816587 0.000323832 0.000109254 3.23075e-05 8.60832e-06 2.10818e-06 4.80607e-07 1.02755e-07 2.06715e-08 3.90845e-09 6.89396e-10 1.11344e-10 1.57872e-11 1.77274e-12 1.12374e-13 0 
0 2.21579e-06 2.68038e-05 0.000160547 0.000629873 0.00172835 0.00352549 0.00581061 0.00832263 0.0108459 0.0131924 0.0151939 0.0167113 0.0176462 0.0179493 0.0176224 0.0167147 0.015315 0.0135388 0.0115155 0.00937518 0.007239 0.00521697 0.00341835 0.00196413 0.000955497 0.000387857 0.000133256 3.99533e-05 1.07741e-05 2.67258e-06 6.18996e-07 1.35117e-07 2.79322e-08 5.46804e-09 1.00626e-09 1.70655e-10 2.55051e-11 3.01936e-12 2.01045e-13 0 
0 2.2997e-06 2.78172e-05 0.000166376 0.000650476 0.001776 0.00360557 0.00592323 0.00846841 0.011026 0.0134071 0.0154419 0.0169893 0.0179493 0.0182711 0.0179553 0.0170508 0.0156463 0.0138578 0.0118158 0.00965152 0.00748726 0.00543318 0.00359668 0.00209653 0.00103822 0.000429544 0.000150372 4.59464e-05 1.26538e-05 3.22011e-06 7.70282e-07 1.75119e-07 3.80432e-08 7.88817e-09 1.54514e-09 2.79078e-10 4.42317e-11 5.50754e-12 3.81675e-13 0 
0 2.18401e-06 2.64073e-05 0.000158179 0.000621108 0.00170705 0.0034884 0.00575854 0.00825873 0.0107751 0.0131214 0.0151306 0.0166639 0.0176224 0.0179553 0.0176622 0.0167901 0.0154247 0.0136793 0.011681 0.00955862 0.00743215 0.00541021 0.00359865 0.00211382 0.00105933 0.000445784 0.000159593 5.01802e-05 1.4333e-05 3.81989e-06 9.67413e-07 2.35228e-07 5.50341e-08 1.2308e-08 2.58822e-09 4.96912e-10 8.26396e-11 1.06506e-11 7.54344e-13 0 
0 1.90192e-06 2.29775e-05 0.00013819 0.000548838 0.00153509 0.00319307 0.00534073 0.00772359 0.0101291 0.0123765 0.0143055 0.0157832 0.0167147 0.0170508 0.0167901 0.0159762 0.0146899 0.0130382 0.0111417 0.00912293 0.00709661 0.00516802 0.00344111 0.00202878 0.00102697 0.000441014 0.000163188 5.37847e-05 1.63427e-05 4.69938e-06 1.29801e-06 3.45661e-07 8.82075e-08 2.12716e-08 4.74741e-09 9.5103e-10 1.62459e-10 2.12252e-11 1.50831e-12 0 
0 1.52091e-06 1.83428e-05 0.000110922 0.000447974 0.00128729 0.00275575 0.00471325 0.0069154 0.00915059 0.0112445 0.0130466 0.0144329 0.015315 0.0156463 0.0154247 0.0146899 0.0135157 0.0120007 0.0102559 0.00839469 0.00652431 0.0047451 0.00315799 0.00186934 0.000960582 0.000426365 0.000166717 5.93761e-05 1.98633e-05 6.35647e-06 1.95308e-06 5.71974e-07 1.57522e-07 4.01332e-08 9.27611e-09 1.89263e-09 3.25054e-10 4.22925e-11 2.97288e-12 0 
0 1.1178e-06 1.34373e-05 8.16955e-05 0.000336439 0.00100026 0.00222685 0.00393503 0.00590305 0.00792053 0.0098187 0.0114577 0.0127246 0.0135388 0.0138578 0.0136793 0.0130382 0.0120007 0.0106549 0.00910106 0.00744136 0.00577428 0.00419407 0.00279606 0.00167383 0.000886962 0.000417731 0.000178802 7.14667e-05 2.71298e-05 9.79464e-06 3.33001e-06 1.05149e-06 3.04259e-07 7.96679e-08 1.86021e-08 3.78636e-09 6.43077e-10 8.22583e-11 5.66363e-12 0 
0 7.55505e-07 9.03179e-06 5.51092e-05 0.000231359 0.000714072 0.00166721 0.00307762 0.00476669 0.00653045 0.00820326 0.00965459 0.0107825 0.0115155 0.0118158 0.011681 0.0111417 0.0102559 0.00910106 0.00776549 0.00634044 0.00491518 0.0035765 0.00240899 0.0014846 0.000835439 0.000434023 0.000211603 9.76338e-05 4.23827e-05 1.70477e-05 6.25283e-06 2.06665e-06 6.10807e-07 1.60423e-07 3.71008e-08 7.41759e-09 1.23104e-09 1.53418e-10 1.02771e-11 0 
0 4.69828e-07 5.56941e-06 3.39932e-05 0.000145001 0.000464041 0.00114117 0.00222267 0.00359518 0.00507669 0.00650449 0.00775372 0.00873166 0.00937518 0.00965152 0.00955862 0.00912293 0.00839469 0.00744136 0.00634044 0.00517304 0.00401952 0.00295622 0.00204913 0.00134031 0.000833632 0.000496881 0.000282996 0.000151292 7.39714e-05 3.23067e-05 1.24206e-05 4.18115e-06 1.23269e-06 3.18521e-07 7.18604e-08 1.39485e-08 2.2424e-09 2.70537e-10 1.75517e-11 0 
0 2.68999e-07 3.15151e-06 1.91578e-05 8.2555e-05 0.000272356 0.000704269 0.0014556 0.00248604 0.00366014 0.00482741 0.00586621 0.00668908 0.007239 0.00748726 0.00743215 0.00709661 0.00652431 0.00577428 0.00491518 0.00401952 0.00315776 0.00239041 0.00175743 0.00126874 0.000905083 0.000632502 0.000421555 0.000257906 0.000139355 6.46263e-05 2.54075e-05 8.49528e-06 2.44306e-06 6.10197e-07 1.3257e-07 2.4755e-08 3.83041e-09 4.45434e-10 2.79102e-11 0 
0 1.41928e-07 1.63773e-06 9.86766e-06 4.26513e-05 0.000143716 0.000387582 0.000848506 0.00153985 0.00238966 0.00328047 0.00409999 0.00476362 0.00521697 0.00543318 0.00541021 0.00516802 0.0047451 0.00419407 0.0035765 0.00295622 0.00239041 0.0019188 0.00155452 0.00128281 0.00107024 0.00088001 0.000685319 0.000480127 0.000286409 0.000139485 5.46635e-05 1.75087e-05 4.7362e-06 1.11286e-06 2.29115e-07 4.08076e-08 6.0499e-09 6.765e-10 4.08949e-11 0 
0 6.90936e-08 7.82677e-07 4.65191e-06 2.00206e-05 6.81624e-05 0.000189277 0.000434474 0.000835511 0.00137358 0.00198076 0.00257064 0.00306732 0.00341835 0.00359668 0.00359865 0.00344111 0.00315799 0.00279606 0.00240899 0.00204913 0.00175743 0.00155452 0.00143715 0.00138353 0.00136663 0.00135611 0.00128759 0.00107194 0.000715671 0.000362311 0.000136948 3.96797e-05 9.3949e-06 1.95195e-06 3.67554e-07 6.15773e-08 8.71216e-09 9.3628e-10 5.46467e-11 0 
0 3.10852e-08 3.44648e-07 2.01212e-06 8.56516e-06 2.91625e-05 8.22075e-05 0.000194793 0.000392098 0.000679248 0.00103046 0.00139633 0.00172221 0.00196413 0.00209653 0.00211382 0.00202878 0.00186934 0.00167383 0.0014846 0.00134031 0.00126874 0.00128281 0.00138353 0.00158405 0.00195748 0.0025741 0.00317379 0.00313434 0.00226058 0.0011506 0.000411394 0.000105363 2.06036e-05 3.45569e-06 5.52181e-07 8.4206e-08 1.12872e-08 1.16681e-09 6.59277e-11 0 
0 1.29488e-08 1.40166e-07 8.00969e-07 3.35407e-06 1.13231e-05 3.19963e-05 7.70009e-05 0.000159464 0.000286947 0.000453933 0.000640127 0.000816587 0.000955497 0.00103822 0.00105933 0.00102697 0.000960582 0.000886962 0.000835439 0.000833632 0.000905083 0.00107024 0.00136663 0.00195748 0.00333979 0.0060009 0.00893044 0.00958097 0.0070634 0.00353788 0.00120801 0.00028428 4.77409e-05 6.34243e-06 7.94921e-07 1.0408e-07 1.30063e-08 1.29464e-09 7.11293e-11 0 
0 5.00441e-09 5.27839e-08 2.94435e-07 1.20792e-06 4.01759e-06 1.12709e-05 2.71819e-05 5.69796e-05 0.00010471 0.000170172 0.000247022 0.000323832 0.000387857 0.000429544 0.000445784 0.000441014 0.000426365 0.000417731 0.000434023 0.000496881 0.000632502 0.00088001 0.00135611 0.0025741 0.0060009 0.0129531 0.0207276 0.0227938 0.0168732 0.00836596 0.00278515 0.000627223 9.70678e-05 1.10008e-05 1.08526e-06 1.15972e-07 1.32013e-08 1.26618e-09 6.80481e-11 0 
0 1.79811e-09 1.84537e-08 1.00287e-07 4.01925e-07 1.3113e-06 3.62822e-06 8.68722e-06 1.82107e-05 3.37007e-05 5.54712e-05 8.18554e-05 0.000109254 0.000133256 0.000150372 0.000159593 0.000163188 0.000166717 0.000178802 0.000211603 0.000282996 0.000421555 0.000685319 0.00128759 0.00317379 0.00893044 0.0207276 0.0339295 0.0375729 0.0278389 0.0137522 0.00453054 0.000999524 0.00014882 1.55158e-05 1.29773e-06 1.13973e-07 1.16745e-08 1.08217e-09 5.73199e-11 0 
0 6.01793e-10 6.00396e-09 3.17498e-08 1.24078e-07 3.95983e-07 1.07616e-06 2.54326e-06 5.29047e-06 9.76827e-06 1.61222e-05 2.39555e-05 3.23075e-05 3.99533e-05 4.59464e-05 5.01802e-05 5.37847e-05 5.93761e-05 7.14667e-05 9.76338e-05 0.000151292 0.000257906 0.000480127 0.00107194 0.00313434 0.00958097 0.0227938 0.0375729 0.0416935 0.0308997 0.0152459 0.0050037 0.00109421 0.000160041 1.60435e-05 1.22768e-06 9.42268e-08 8.86064e-09 8.02458e-10 4.22883e-11 0 
0 1.87891e-10 1.82153e-09 9.36717e-09 3.56599e-08 1.11149e-07 2.95995e-07 6.88136e-07 1.41424e-06 2.59146e-06 4.26387e-06 6.34421e-06 8.60832e-06 1.07741e-05 1.26538e-05 1.4333e-05 1.63427e-05 1.98633e-05 2.71298e-05 4.23827e-05 7.39714e-05 0.000139355 0.000286409 0.000715671 0.00226058 0.0070634 0.0168732 0.0278389 0.0308997 0.0229005 0.0112967 0.00370427 0.000807455 0.000117227 1.15756e-05 8.56737e-07 6.23514e-08 5.68032e-09 5.1363e-10 2.72346e-11 0 
0 5.47761e-11 5.16003e-10 2.58014e-09 9.56498e-09 2.90967e-08 7.58402e-08 1.73151e-07 3.50783e-07 6.36189e-07 1.04054e-06 1.54644e-06 2.10818e-06 2.67258e-06 3.22011e-06 3.81989e-06 4.69938e-06 6.35647e-06 9.79464e-06 1.70477e-05 3.23067e-05 6.46263e-05 0.000139485 0.000362311 0.0011506 0.00353788 0.00836596 0.0137522 0.0152459 0.0112967 0.00557483 0.00182912 0.000398567 5.78151e-05 5.7197e-06 4.28364e-07 3.22177e-08 3.05274e-09 2.83271e-10 1.52908e-11 0 
0 1.49102e-11 1.36529e-10 6.63997e-10 2.39742e-09 7.1173e-09 1.8151e-08 4.06706e-08 8.11446e-08 1.455e-07 2.36326e-07 3.50647e-07 4.80607e-07 6.18996e-07 7.70282e-07 9.67413e-07 1.29801e-06 1.95308e-06 3.33001e-06 6.25283e-06 1.24206e-05 2.54075e-05 5.46635e-05 0.000136948 0.000411394 0.00120801 0.00278515 0.00453054 0.0050037 0.00370427 0.00182912 0.000600867 0.000131175 1.91485e-05 1.93581e-06 1.54634e-07 1.31737e-08 1.38483e-09 1.34878e-10 7.48664e-12 0 
0 3.78414e-12 3.37021e-11 1.59522e-10 5.6128e-10 1.62683e-09 4.06032e-09 8.92948e-09 1.75447e-08 3.11014e-08 5.0175e-08 7.43907e-08 1.02755e-07 1.35117e-07 1.75119e-07 2.35228e-07 3.45661e-07 5.71974e-07 1.05149e-06 2.06665e-06 4.18115e-06 8.49528e-06 1.75087e-05 3.96797e-05 0.000105363 0.00028428 0.000627223 0.000999524 0.00109421 0.000807455 0.000398567 0.000131175 2.88264e-05 4.29242e-06 4.59545e-07 4.24073e-08 4.47143e-09 5.39099e-10 5.56733e-11 3.19999e-12 0 
0 8.9229e-13 7.73595e-12 3.56686e-11 1.22403e-10 3.4664e-10 8.47263e-10 1.82985e-09 3.54252e-09 6.21251e-09 9.96565e-09 1.47939e-08 2.06715e-08 2.79322e-08 3.80432e-08 5.50341e-08 8.82075e-08 1.57522e-07 3.04259e-07 6.10807e-07 1.23269e-06 2.44306e-06 4.7362e-06 9.3949e-06 2.06036e-05 4.77409e-05 9.70678e-05 0.00014882 0.000160041 0.000117227 5.78151e-05 1.91485e-05 4.29242e-06 6.73684e-07 8.22992e-08 9.78802e-09 1.33294e-09 1.82665e-10 1.99861e-11 1.19462e-12 0 
0 1.94146e-13 1.6402e-12 7.37465e-12 2.47093e-11 6.84412e-11 1.63983e-10 3.48129e-10 6.64737e-10 1.15471e-09 1.84521e-09 2.75107e-09 3.90845e-09 5.46804e-09 7.88817e-09 1.2308e-08 2.12716e-08 4.01332e-08 7.96679e-08 1.60423e-07 3.18521e-07 6.10197e-07 1.11286e-06 1.95195e-06 3.45569e-06 6.34243e-06 1.10008e-05 1.55158e-05 1.60435e-05 1.15756e-05 5.7197e-06 1.93581e-06 4.59545e-07 8.22992e-08 1.29828e-08 2.1275e-09 3.58508e-10 5.40709e-11 6.2394e-12 3.88789e-13 0 
0 3.84977e-14 3.1729e-13 1.39283e-12 4.56204e-12 1.23741e-11 2.90981e-11 6.0798e-11 1.14662e-10 1.97648e-10 3.15461e-10 4.74308e-10 6.89396e-10 1.00626e-09 1.54514e-09 2.58822e-09 4.74741e-09 9.27611e-09 1.86021e-08 3.71008e-08 7.18604e-08 1.3257e-07 2.29115e-07 3.67554e-07 5.52181e-07 7.94921e-07 1.08526e-06 1.29773e-06 1.22768e-06 8.56737e-07 4.28364e-07 1.54634e-07 4.24073e-08 9.78802e-09 2.1275e-09 4.47809e-10 8.59606e-11 1.38866e-11 1.68405e-12 1.09541e-13 0 
0 6.79979e-15 5.4739e-14 2.34906e-13 7.53141e-13 2.00317e-12 4.62956e-12 9.53462e-12 1.77923e-11 3.05054e-11 4.87977e-11 7.4368e-11 1.11344e-10 1.70655e-10 2.79078e-10 4.96912e-10 9.5103e-10 1.89263e-09 3.78636e-09 7.41759e-09 1.39485e-08 2.4755e-08 4.08076e-08 6.15773e-08 8.4206e-08 1.0408e-07 1.15972e-07 1.13973e-07 9.42268e-08 6.23514e-08 3.22177e-08 1.31737e-08 4.47143e-09 1.33294e-09 3.58508e-10 8.59606e-11 1.78056e-11 3.03954e-12 3.86603e-13 2.62611e-14 0 
0 1.02252e-15 8.05006e-15 3.38169e-14 1.06278e-13 2.77589e-13 6.31502e-13 1.28423e-12 2.37638e-12 4.06459e-12 6.54407e-12 1.01686e-11 1.57872e-11 2.55051e-11 4.42317e-11 8.26396e-11 1.62459e-10 3.25054e-10 6.43077e-10 1.23104e-09 2.2424e-09 3.83041e-09 6.0499e-09 8.71216e-09 1.12872e-08 1.30063e-08 1.32013e-08 1.16745e-08 8.86064e-09 5.68032e-09 3.05274e-09 1.38483e-09 5.39099e-10 1.82665e-10 5.40709e-11 1.38866e-11 3.03954e-12 5.45156e-13 7.26025e-14 5.14792e-15 0 
0 1.17918e-16 9.0906e-16 3.74334e-15 1.15485e-14 2.96671e-14 6.65491e-14 1.33905e-13 2.46345e-13 4.21852e-13 6.87007e-13 1.09519e-12 1.77274e-12 3.01936e-12 5.50754e-12 1.06506e-11 2.12252e-11 4.22925e-11 8.22583e-11 1.53418e-10 2.70537e-10 4.45434e-10 6.765e-10 9.3628e-10 1.16681e-09 1.29464e-09 1.26618e-09 1.08217e-09 8.02458e-10 5.1363e-10 2.83271e-10 1.34878e-10 5.56733e-11 1.99861e-11 6.2394e-12 1.68405e-12 3.86603e-13 7.26025e-14 1.01044e-14 7.47032e-16 0 
0 7.43759e-18 5.622e-17 2.27244e-16 6.89229e-16 1.74428e-15 3.86542e-15 7.71345e-15 1.41517e-14 2.4365e-14 4.03568e-14 6.63865e-14 1.12374e-13 2.01045e-13 3.81675e-13 7.54344e-13 1.50831e-12 2.97288e-12 5.66363e-12 1.02771e-11 1.75517e-11 2.79102e-11 4.08949e-11 5.46467e-11 6.59277e-11 7.11293e-11 6.80481e-11 5.73199e-11 4.22883e-11 2.72346e-11 1.52908e-11 7.48664e-12 3.19999e-12 1.19462e-12 3.88789e-13 1.09541e-13 2.62611e-14 5.14792e-15 7.47032e-16 5.74936e-17 0 
0 0 0 0 0 0 0 0 0 0 0 0 0 0 0 0 0 0 0 0 0 0 0 0 0 0 0 0 0 0 0 0 0 0 0 0 0 0 0 0 0 
