0 0 0 0 0 0 0 0 0 0 0 0 0 0 0 0 0 0 0 0 0 0 0 0 0 0 0 0 0 0 0 0 0 0 0 0 0 0 0 0 0 
0 6.48725e-09 6.05637e-08 2.931e-07 1.02408e-06 2.85711e-06 6.65816e-06 1.33069e-05 2.32537e-05 3.61122e-05 5.05507e-05 6.45665e-05 7.6003e-05 8.30873e-05 8.48163e-05 8.11181e-05 7.27939e-05 6.12856e-05 4.83374e-05 3.56295e-05 2.44684e-05 1.56041e-05 9.2121e-06 5.02181e-06 2.52346e-06 1.16796e-06 4.97966e-07 1.95734e-07 7.1018e-08 2.38174e-08 7.3913e-09 2.12342e-09 5.64275e-10 1.38317e-10 3.10852e-11 6.33085e-12 1.14284e-12 1.7489e-13 2.0449e-14 1.30356e-15 0 
0 6.05637e-08 5.89326e-07 2.95779e-06 1.06182e-05 3.00519e-05 7.00264e-05 0.000138054 0.000235545 0.000355193 0.000482536 0.000600257 0.000692559 0.000748063 0.000761092 0.000731785 0.000665487 0.000571656 0.000462368 0.000350477 0.000247549 0.000161935 9.75478e-05 5.38688e-05 2.7196e-05 1.25421e-05 5.28839e-06 2.04307e-06 7.25139e-07 2.37097e-07 7.15801e-08 1.99812e-08 5.15703e-09 1.22791e-09 2.68211e-10 5.31376e-11 9.3416e-12 1.39392e-12 1.59129e-13 9.91719e-15 0 
0 2.931e-07 2.95779e-06 1.52547e-05 5.53727e-05 0.000155101 0.000349756 0.000655605 0.00105419 0.00149879 0.00193367 0.00230956 0.00259019 0.00275336 0.00278998 0.00270258 0.00250374 0.00221445 0.00186241 0.0014801 0.00110215 0.00076128 0.000482613 0.000278183 0.000144859 6.79794e-05 2.87903e-05 1.10495e-05 3.86361e-06 1.23733e-06 3.64521e-07 9.90826e-08 2.48767e-08 5.76109e-09 1.22445e-09 2.36234e-10 4.04863e-11 5.89668e-12 6.57925e-13 4.01285e-14 0 
0 1.02408e-06 1.06182e-05 5.53727e-05 0.000197982 0.000529471 0.00111107 0.00191686 0.00284935 0.00379617 0.00466386 0.00538341 0.00590725 0.00620692 0.00627197 0.00610872 0.00573819 0.00519329 0.00451569 0.00375307 0.00295748 0.00218436 0.00148998 0.000923356 0.000512284 0.000252125 0.000109905 4.26555e-05 1.48718e-05 4.70203e-06 1.35893e-06 3.61021e-07 8.84221e-08 1.99616e-08 4.13607e-09 7.78416e-10 1.30259e-10 1.85454e-11 2.02525e-12 1.21057e-13 0 
0 2.85711e-06 3.00519e-05 0.000155101 0.000529471 0.00130742 0.00249814 0.00395878 0.00551474 0.00702459 0.00837916 0.0094922 0.0102991 0.0107592 0.0108575 0.010604 0.0100312 0.00918942 0.00814046 0.00695209 0.0056929 0.00443017 0.0032314 0.00216722 0.00130638 0.000693128 0.000319874 0.000128502 4.54252e-05 1.43377e-05 4.09498e-06 1.06869e-06 2.56297e-07 5.65723e-08 1.14566e-08 2.108e-09 3.45124e-10 4.81222e-11 5.15258e-12 3.02339e-13 0 
0 6.65816e-06 7.00264e-05 0.000349756 0.00111107 0.00249814 0.00438105 0.00652591 0.00873886 0.010865 0.0127685 0.0143327 0.0154668 0.0161133 0.0162506 0.015893 0.0150867 0.0139031 0.0124301 0.0107634 0.00899743 0.007219 0.00550473 0.00392541 0.00255596 0.00147566 0.000735782 0.000313043 0.000114359 3.65226e-05 1.04011e-05 2.68274e-06 6.32799e-07 1.37051e-07 2.72073e-08 4.90715e-09 7.87902e-10 1.07828e-10 1.1343e-11 6.54605e-13 0 
0 1.33069e-05 0.000138054 0.000655605 0.00191686 0.00395878 0.00652591 0.0093636 0.0122712 0.0150634 0.0175649 0.0196216 0.0211135 0.0219643 0.0221452 0.0216751 0.020615 0.0190593 0.0171246 0.0149379 0.0126242 0.0102977 0.00805406 0.00597007 0.00411219 0.00255467 0.00138085 0.000631121 0.000242307 7.93854e-05 2.27602e-05 5.84026e-06 1.36143e-06 2.90416e-07 5.66999e-08 1.00532e-08 1.58715e-09 2.13702e-10 2.21358e-11 1.25905e-12 0 
0 2.32537e-05 0.000235545 0.00105419 0.00284935 0.00551474 0.00873886 0.0122712 0.0158882 0.0193635 0.0224783 0.0250405 0.0269 0.0279614 0.0281885 0.0276047 0.0262859 0.0243501 0.0219432 0.0192237 0.0163488 0.0134614 0.0106812 0.00809983 0.00578344 0.00379013 0.00219544 0.00107921 0.00043971 0.000149436 4.35169e-05 1.11798e-05 2.58781e-06 5.45797e-07 1.05147e-07 1.83821e-08 2.86144e-09 3.80037e-10 3.88554e-11 2.18319e-12 0 
0 3.61122e-05 0.000355193 0.00149879 0.00379617 0.00702459 0.010865 0.0150634 0.0193635 0.0234964 0.0272022 0.0302518 0.0324666 0.0337323 0.0340059 0.0333146 0.0317487 0.0294487 0.0265882 0.0233565 0.0199412 0.0165133 0.0132163 0.0101592 0.0074159 0.00503559 0.00307266 0.00160935 0.000696268 0.000246939 7.35185e-05 1.90115e-05 4.38834e-06 9.18434e-07 1.75158e-07 3.0285e-08 4.66152e-09 6.12345e-10 6.19559e-11 3.44739e-12 0 
0 5.05507e-05 0.000482536 0.00193367 0.00466386 0.00837916 0.0127685 0.0175649 0.0224783 0.0272022 0.0314394 0.034928 0.0374637 0.0389154 0.0392332 0.0384478 0.0366622 0.0340368 0.0307702 0.0270791 0.0231784 0.0192645 0.0155021 0.0120168 0.00889253 0.00617718 0.00390798 0.00215071 0.000981306 0.000363204 0.000110894 2.89695e-05 6.69111e-06 1.3941e-06 2.64024e-07 4.52837e-08 6.91236e-09 9.00661e-10 9.0432e-11 4.99684e-12 0 
0 6.45665e-05 0.000600257 0.00230956 0.00538341 0.0094922 0.0143327 0.0196216 0.0250405 0.0302518 0.034928 0.0387804 0.0415831 0.0431909 0.0435482 0.0426883 0.0407244 0.0378329 0.034233 0.030164 0.0258632 0.0215478 0.0174004 0.0135606 0.0101212 0.00713248 0.00462157 0.00263548 0.00125448 0.000482117 0.00015087 3.98762e-05 9.23801e-06 1.92139e-06 3.6241e-07 6.18461e-08 9.39103e-09 1.21749e-09 1.21695e-10 6.69911e-12 0 
0 7.6003e-05 0.000692559 0.00259019 0.00590725 0.0102991 0.0154668 0.0211135 0.0269 0.0324666 0.0374637 0.0415831 0.0445831 0.0463082 0.0466982 0.045788 0.0436977 0.0406155 0.0367752 0.0324323 0.0278405 0.0232323 0.0188033 0.0147034 0.0110327 0.00784413 0.00515988 0.00301281 0.00147829 0.000585051 0.000186958 4.99751e-05 1.16288e-05 2.42013e-06 4.55938e-07 7.76641e-08 1.17714e-08 1.52398e-09 1.52235e-10 8.3836e-12 0 
0 8.30873e-05 0.000748063 0.00275336 0.00620692 0.0107592 0.0161133 0.0219643 0.0279614 0.0337323 0.0389154 0.0431909 0.0463082 0.0481054 0.0485195 0.0475858 0.0454281 0.0422408 0.0382659 0.0337678 0.0290098 0.024233 0.019641 0.0153896 0.0115834 0.00827763 0.00549227 0.00325195 0.00162615 0.000656361 0.000212995 5.74822e-05 1.34461e-05 2.80653e-06 5.29798e-07 9.04231e-08 1.37393e-08 1.78481e-09 1.79122e-10 9.92548e-12 0 
0 8.48163e-05 0.000761092 0.00278998 0.00627197 0.0108575 0.0162506 0.0221452 0.0281885 0.0340059 0.0392332 0.0435482 0.0466982 0.0485195 0.0489478 0.0480181 0.0458542 0.0426512 0.0386523 0.0341237 0.0293307 0.0245164 0.0198863 0.015598 0.0117577 0.00842127 0.00560855 0.00334118 0.00168552 0.000687264 0.000225121 6.12205e-05 1.44119e-05 3.02609e-06 5.74876e-07 9.88329e-08 1.51477e-08 1.98837e-09 2.0205e-10 1.13612e-11 0 
0 8.11181e-05 0.000731785 0.00270258 0.00610872 0.010604 0.015893 0.0216751 0.0276047 0.0333146 0.0384478 0.0426883 0.045788 0.0475858 0.0480181 0.0471183 0.0450071 0.0418751 0.0379602 0.0335231 0.0288236 0.0241003 0.0195548 0.0153424 0.0115675 0.00828568 0.00551734 0.00328588 0.00165812 0.000677515 0.000222968 6.10682e-05 1.4509e-05 3.08074e-06 5.93102e-07 1.0358e-07 1.61687e-08 2.16754e-09 2.25541e-10 1.30165e-11 0 
0 7.27939e-05 0.000665487 0.00250374 0.00573819 0.0100312 0.0150867 0.020615 0.0262859 0.0317487 0.0366622 0.0407244 0.0436977 0.0454281 0.0458542 0.0450071 0.0430015 0.0400189 0.036286 0.0320513 0.0275629 0.0230484 0.0187007 0.0146682 0.0110508 0.00790224 0.00524469 0.00310707 0.0015588 0.000635236 0.000209829 5.80793e-05 1.40258e-05 3.04162e-06 6.00591e-07 1.07996e-07 1.74164e-08 2.41839e-09 2.61041e-10 1.56306e-11 0 
0 6.12856e-05 0.000571656 0.00221445 0.00519329 0.00918942 0.0139031 0.0190593 0.0243501 0.0294487 0.0340368 0.0378329 0.0406155 0.0422408 0.0426512 0.0418751 0.0400189 0.0372511 0.0337825 0.0298441 0.0256666 0.0214619 0.0174092 0.0136465 0.0102667 0.00732043 0.00483255 0.00284008 0.00141393 0.000575519 0.000192041 5.43274e-05 1.35369e-05 3.05078e-06 6.29283e-07 1.18579e-07 2.00591e-08 2.91801e-09 3.28894e-10 2.04648e-11 0 
0 4.83374e-05 0.000462368 0.00186241 0.00451569 0.00814046 0.0124301 0.0171246 0.0219432 0.0265882 0.0307702 0.034233 0.0367752 0.0382659 0.0386523 0.0379602 0.036286 0.0337825 0.0306409 0.0270711 0.0232824 0.0194668 0.0157868 0.0123669 0.00929051 0.0066045 0.0043372 0.00253321 0.00125922 0.00051845 0.000178106 5.27026e-05 1.38855e-05 3.32682e-06 7.29903e-07 1.45772e-07 2.59638e-08 3.94357e-09 4.59919e-10 2.93521e-11 0 
0 3.56295e-05 0.000350477 0.0014801 0.00375307 0.00695209 0.0107634 0.0149379 0.0192237 0.0233565 0.0270791 0.030164 0.0324323 0.0337678 0.0341237 0.0335231 0.0320513 0.0298441 0.0270711 0.0239186 0.0205722 0.0172019 0.0139509 0.0109285 0.00820729 0.00582982 0.00382716 0.00224546 0.00113687 0.000487481 0.000178356 5.69978e-05 1.62656e-05 4.19535e-06 9.79522e-07 2.05335e-07 3.78698e-08 5.88441e-09 6.95062e-10 4.45722e-11 0 
0 2.44684e-05 0.000247549 0.00110215 0.00295748 0.0056929 0.00899743 0.0126242 0.0163488 0.0199412 0.0231784 0.0258632 0.0278405 0.0290098 0.0293307 0.0288236 0.0275629 0.0256666 0.0232824 0.0205722 0.0176972 0.0148049 0.0120186 0.00943156 0.00710561 0.00507839 0.00337906 0.00204186 0.0010928 0.000509432 0.000205999 7.26142e-05 2.24876e-05 6.15706e-06 1.49382e-06 3.19741e-07 5.94174e-08 9.21478e-09 1.07929e-09 6.83356e-11 0 
0 1.56041e-05 0.000161935 0.00076128 0.00218436 0.00443017 0.007219 0.0102977 0.0134614 0.0165133 0.0192645 0.0215478 0.0232323 0.024233 0.0245164 0.0241003 0.0230484 0.0214619 0.0194668 0.0172019 0.0148049 0.0124017 0.010097 0.00796935 0.00607085 0.00443232 0.00306975 0.00198671 0.0011752 0.000617436 0.00028026 0.000108142 3.54567e-05 9.97662e-06 2.43475e-06 5.17056e-07 9.45518e-08 1.43635e-08 1.64416e-09 1.01654e-10 0 
0 9.2121e-06 9.75478e-05 0.000482613 0.00148998 0.0032314 0.00550473 0.00805406 0.0106812 0.0132163 0.0155021 0.0174004 0.0188033 0.019641 0.0198863 0.0195548 0.0187007 0.0174092 0.0157868 0.0139509 0.0120186 0.010097 0.00827545 0.00662132 0.00517874 0.00396718 0.00297425 0.00215386 0.00145532 0.000871077 0.000438739 0.00018021 6.02893e-05 1.67929e-05 3.99519e-06 8.22501e-07 1.45602e-07 2.14168e-08 2.37645e-09 1.42668e-10 0 
0 5.02181e-06 5.38688e-05 0.000278183 0.000923356 0.00216722 0.00392541 0.00597007 0.00809983 0.0101592 0.0120168 0.0135606 0.0147034 0.0153896 0.015598 0.0153424 0.0146682 0.0136465 0.0123669 0.0109285 0.00943156 0.00796935 0.00662132 0.00544902 0.00449479 0.00377844 0.00327059 0.0028369 0.00227482 0.00153771 0.000824847 0.00034208 0.000110296 2.87649e-05 6.38649e-06 1.24134e-06 2.09881e-07 2.96921e-08 3.18252e-09 1.85188e-10 0 
0 2.52346e-06 2.7196e-05 0.000144859 0.000512284 0.00130638 0.00255596 0.00411219 0.00578344 0.0074159 0.00889253 0.0101212 0.0110327 0.0115834 0.0117577 0.0115675 0.0110508 0.0102667 0.00929051 0.00820729 0.00710561 0.00607085 0.00517874 0.00449479 0.00410361 0.00417557 0.00485034 0.00566366 0.00550471 0.00399181 0.00209483 0.000803793 0.000230849 5.2024e-05 1.00001e-05 1.74848e-06 2.76765e-07 3.74612e-08 3.87745e-09 2.18957e-10 0 
0 1.16796e-06 1.25421e-05 6.79794e-05 0.000252125 0.000693128 0.00147566 0.00255467 0.00379013 0.00503559 0.00617718 0.00713248 0.00784413 0.00827763 0.00842127 0.00828568 0.00790224 0.00732043 0.0066045 0.00582982 0.00507839 0.00443232 0.00396718 0.00377844 0.00417557 0.00607064 0.0103314 0.0151804 0.0162422 0.0119842 0.00604023 0.00211324 0.000531219 0.000100386 1.56781e-05 2.30084e-06 3.2908e-07 4.22851e-08 4.23409e-09 2.32889e-10 0 
0 4.97966e-07 5.28839e-06 2.87903e-05 0.000109905 0.000319874 0.000735782 0.00138085 0.00219544 0.00307266 0.00390798 0.00462157 0.00515988 0.00549227 0.00560855 0.00551734 0.00524469 0.00483255 0.0043372 0.00382716 0.00337906 0.00306975 0.00297425 0.00327059 0.00485034 0.0103314 0.0219433 0.0350201 0.0384953 0.0284972 0.014146 0.00473937 0.00109807 0.000182885 2.36724e-05 2.81267e-06 3.49129e-07 4.21196e-08 4.09285e-09 2.20545e-10 0 
0 1.95734e-07 2.04307e-06 1.10495e-05 4.26555e-05 0.000128502 0.000313043 0.000631121 0.00107921 0.00160935 0.00215071 0.00263548 0.00301281 0.00325195 0.00334118 0.00328588 0.00310707 0.00284008 0.00253321 0.00224546 0.00204186 0.00198671 0.00215386 0.0028369 0.00566366 0.0151804 0.0350201 0.057275 0.0634151 0.0469897 0.02322 0.00766653 0.00171391 0.000266843 3.06406e-05 3.04796e-06 3.24718e-07 3.6569e-08 3.46721e-09 1.84423e-10 0 
0 7.1018e-08 7.25139e-07 3.86361e-06 1.48718e-05 4.54252e-05 0.000114359 0.000242307 0.00043971 0.000696268 0.000981306 0.00125448 0.00147829 0.00162615 0.00168552 0.00165812 0.0015588 0.00141393 0.00125922 0.00113687 0.0010928 0.0011752 0.00145532 0.00227482 0.00550471 0.0162422 0.0384953 0.0634151 0.0702947 0.0521698 0.0257352 0.00845776 0.0018656 0.000281566 3.03724e-05 2.7059e-06 2.56472e-07 2.7325e-08 2.55431e-09 1.35352e-10 0 
0 2.38174e-08 2.37097e-07 1.23733e-06 4.70203e-06 1.43377e-05 3.65226e-05 7.93854e-05 0.000149436 0.000246939 0.000363204 0.000482117 0.000585051 0.000656361 0.000687264 0.000677515 0.000635236 0.000575519 0.00051845 0.000487481 0.000509432 0.000617436 0.000871077 0.00153771 0.00399181 0.0119842 0.0284972 0.0469897 0.0521698 0.0386485 0.0190703 0.00626294 0.00137681 0.000205354 2.15952e-05 1.8393e-06 1.6605e-07 1.73722e-08 1.62819e-09 8.68509e-11 0 
0 7.3913e-09 7.15801e-08 3.64521e-07 1.35893e-06 4.09498e-06 1.04011e-05 2.27602e-05 4.35169e-05 7.35185e-05 0.000110894 0.00015087 0.000186958 0.000212995 0.000225121 0.000222968 0.000209829 0.000192041 0.000178106 0.000178356 0.000205999 0.00028026 0.000438739 0.000824847 0.00209483 0.00604023 0.014146 0.02322 0.0257352 0.0190703 0.00941662 0.00309867 0.000682652 0.000101793 1.07266e-05 9.27283e-07 8.65059e-08 9.3495e-09 8.9632e-10 4.86408e-11 0 
0 2.12342e-09 1.99812e-08 9.90826e-08 3.61021e-07 1.06869e-06 2.68274e-06 5.84026e-06 1.11798e-05 1.90115e-05 2.89695e-05 3.98762e-05 4.99751e-05 5.74822e-05 6.12205e-05 6.10682e-05 5.80793e-05 5.43274e-05 5.27026e-05 5.69978e-05 7.26142e-05 0.000108142 0.00018021 0.00034208 0.000803793 0.00211324 0.00473937 0.00766653 0.00845776 0.00626294 0.00309867 0.00102434 0.000227046 3.42388e-05 3.72937e-06 3.49935e-07 3.66408e-08 4.27894e-09 4.26689e-10 2.37756e-11 0 
0 5.64275e-10 5.15703e-09 2.48767e-08 8.84221e-08 2.56297e-07 6.32799e-07 1.36143e-06 2.58781e-06 4.38834e-06 6.69111e-06 9.23801e-06 1.16288e-05 1.34461e-05 1.44119e-05 1.4509e-05 1.40258e-05 1.35369e-05 1.38855e-05 1.62656e-05 2.24876e-05 3.54567e-05 6.02893e-05 0.000110296 0.000230849 0.000531219 0.00109807 0.00171391 0.0018656 0.00137681 0.000682652 0.000227046 5.09623e-05 7.93866e-06 9.40381e-07 1.04248e-07 1.30603e-08 1.68348e-09 1.76188e-10 1.01508e-11 0 
0 1.38317e-10 1.22791e-09 5.76109e-09 1.99616e-08 5.65723e-08 1.37051e-07 2.90416e-07 5.45797e-07 9.18434e-07 1.3941e-06 1.92139e-06 2.42013e-06 2.80653e-06 3.02609e-06 3.08074e-06 3.04162e-06 3.05078e-06 3.32682e-06 4.19535e-06 6.15706e-06 9.97662e-06 1.67929e-05 2.87649e-05 5.2024e-05 0.000100386 0.000182885 0.000266843 0.000281566 0.000205354 0.000101793 3.42388e-05 7.93866e-06 1.33955e-06 1.88182e-07 2.67469e-08 4.06276e-09 5.74798e-10 6.32656e-11 3.78653e-12 0 
0 3.10852e-11 2.68211e-10 1.22445e-09 4.13607e-09 1.14566e-08 2.72073e-08 5.66999e-08 1.05147e-07 1.75158e-07 2.64024e-07 3.6241e-07 4.55938e-07 5.29798e-07 5.74876e-07 5.93102e-07 6.00591e-07 6.29283e-07 7.29903e-07 9.79522e-07 1.49382e-06 2.43475e-06 3.99519e-06 6.38649e-06 1.00001e-05 1.56781e-05 2.36724e-05 3.06406e-05 3.03724e-05 2.15952e-05 1.07266e-05 3.72937e-06 9.40381e-07 1.88182e-07 3.44712e-08 6.34183e-09 1.11972e-09 1.70783e-10 1.97509e-11 1.23166e-12 0 
0 6.33085e-12 5.31376e-11 2.36234e-10 7.78416e-10 2.108e-09 4.90715e-09 1.00532e-08 1.83821e-08 3.0285e-08 4.52837e-08 6.18461e-08 7.76641e-08 9.04231e-08 9.88329e-08 1.0358e-07 1.07996e-07 1.18579e-07 1.45772e-07 2.05335e-07 3.19741e-07 5.17056e-07 8.22501e-07 1.24134e-06 1.74848e-06 2.30084e-06 2.81267e-06 3.04796e-06 2.7059e-06 1.8393e-06 9.27283e-07 3.49935e-07 1.04248e-07 2.67469e-08 6.34183e-09 1.39331e-09 2.71034e-10 4.3918e-11 5.3304e-12 3.46896e-13 0 
0 1.14284e-12 9.3416e-12 4.04863e-11 1.30259e-10 3.45124e-10 7.87902e-10 1.58715e-09 2.86144e-09 4.66152e-09 6.91236e-09 9.39103e-09 1.17714e-08 1.37393e-08 1.51477e-08 1.61687e-08 1.74164e-08 2.00591e-08 2.59638e-08 3.78698e-08 5.94174e-08 9.45518e-08 1.45602e-07 2.09881e-07 2.76765e-07 3.2908e-07 3.49129e-07 3.24718e-07 2.56472e-07 1.6605e-07 8.65059e-08 3.66408e-08 1.30603e-08 4.06276e-09 1.11972e-09 2.71034e-10 5.62926e-11 9.61664e-12 1.22361e-12 8.31466e-14 0 
0 1.7489e-13 1.39392e-12 5.89668e-12 1.85454e-11 4.81222e-11 1.07828e-10 2.13702e-10 3.80037e-10 6.12345e-10 9.00661e-10 1.21749e-09 1.52398e-09 1.78481e-09 1.98837e-09 2.16754e-09 2.41839e-09 2.91801e-09 3.94357e-09 5.88441e-09 9.21478e-09 1.43635e-08 2.14168e-08 2.96921e-08 3.74612e-08 4.22851e-08 4.21196e-08 3.6569e-08 2.7325e-08 1.73722e-08 9.3495e-09 4.27894e-09 1.68348e-09 5.74798e-10 1.70783e-10 4.3918e-11 9.61664e-12 1.72512e-12 2.29793e-13 1.62975e-14 0 
0 2.0449e-14 1.59129e-13 6.57925e-13 2.02525e-12 5.15258e-12 1.1343e-11 2.21358e-11 3.88554e-11 6.19559e-11 9.0432e-11 1.21695e-10 1.52235e-10 1.79122e-10 2.0205e-10 2.25541e-10 2.61041e-10 3.28894e-10 4.59919e-10 6.95062e-10 1.07929e-09 1.64416e-09 2.37645e-09 3.18252e-09 3.87745e-09 4.23409e-09 4.09285e-09 3.46721e-09 2.55431e-09 1.62819e-09 8.9632e-10 4.26689e-10 1.76188e-10 6.32656e-11 1.97509e-11 5.3304e-12 1.22361e-12 2.29793e-13 3.19843e-14 2.36498e-15 0 
0 1.30356e-15 9.91719e-15 4.01285e-14 1.21057e-13 3.02339e-13 6.54605e-13 1.25905e-12 2.18319e-12 3.44739e-12 4.99684e-12 6.69911e-12 8.3836e-12 9.92548e-12 1.13612e-11 1.30165e-11 1.56306e-11 2.04648e-11 2.93521e-11 4.45722e-11 6.83356e-11 1.01654e-10 1.42668e-10 1.85188e-10 2.18957e-10 2.32889e-10 2.20545e-10 1.84423e-10 1.35352e-10 8.68509e-11 4.86408e-11 2.37756e-11 1.01508e-11 3.78653e-12 1.23166e-12 3.46896e-13 8.31466e-14 1.62975e-14 2.36498e-15 1.82027e-16 0 
0 0 0 0 0 0 0 0 0 0 0 0 0 0 0 0 0 0 0 0 0 0 0 0 0 0 0 0 0 0 0 0 0 0 0 0 0 0 0 0 0 
