0 0 0 0 0 0 0 0 0 0 0 0 0 0 0 0 0 0 0 0 0 0 0 0 0 0 0 0 0 0 0 0 0 0 0 0 0 0 0 0 0 
0 3.55502e-07 3.17564e-06 1.40674e-05 4.28883e-05 0.000100288 0.000191251 0.000311388 0.000448838 0.000588909 0.000717874 0.000824844 0.000902279 0.000945874 0.000954246 0.000928584 0.000872271 0.000790509 0.000689913 0.000578066 0.000463001 0.000352538 0.000253502 0.000170873 0.000107118 6.19716e-05 3.28611e-05 1.58856e-05 6.97702e-06 2.77987e-06 1.00471e-06 3.29589e-07 9.81602e-08 2.65088e-08 6.4638e-09 1.40924e-09 2.69201e-10 4.31692e-11 5.24618e-12 3.45242e-13 0 
0 3.17564e-06 2.90378e-05 0.000127203 0.000367663 0.000787806 0.00135629 0.00200095 0.0026525 0.00326018 0.00378846 0.00421165 0.00451169 0.00467809 0.00470829 0.00460745 0.0043876 0.00406609 0.00366371 0.00320301 0.00270709 0.00219929 0.00170356 0.00124471 0.000846848 0.000529054 0.00029952 0.000152097 6.88759e-05 2.77864e-05 1.00132e-05 3.23725e-06 9.42693e-07 2.47718e-07 5.86258e-08 1.23942e-08 2.29619e-09 3.57422e-10 4.22176e-11 2.70453e-12 0 
0 1.40674e-05 0.000127203 0.000520982 0.001339 0.00251474 0.00387283 0.00528307 0.00666579 0.00795502 0.00908648 0.0100018 0.0106553 0.0110188 0.0110838 0.0108611 0.0103786 0.00967752 0.00880743 0.0078213 0.00677017 0.00569892 0.0046439 0.00363394 0.0026958 0.00186143 0.00116969 0.000653843 0.000319571 0.000135578 5.00708e-05 1.62448e-05 4.67768e-06 1.20439e-06 2.77881e-07 5.71416e-08 1.0291e-08 1.55795e-09 1.79172e-10 1.11918e-11 0 
0 4.28883e-05 0.000367663 0.001339 0.00299593 0.00506256 0.00734329 0.00973198 0.0121168 0.0143686 0.0163585 0.0179739 0.0191291 0.0197721 0.0198867 0.0194919 0.0186376 0.017398 0.015863 0.0141297 0.012294 0.0104426 0.00864665 0.00695716 0.00540344 0.00399942 0.00276056 0.00172327 0.000940384 0.000437046 0.000171521 5.73428e-05 1.66119e-05 4.2364e-06 9.59528e-07 1.92831e-07 3.38794e-08 5.00262e-09 5.61545e-10 3.42773e-11 0 
0 0.000100288 0.000787806 0.00251474 0.00506256 0.00811637 0.011538 0.0151767 0.0188343 0.0222967 0.0253597 0.0278473 0.0296268 0.0306171 0.0307933 0.0301848 0.0288686 0.026959 0.0245952 0.0219279 0.0191059 0.0162657 0.0135227 0.0109648 0.00864822 0.00659524 0.00479989 0.00325133 0.00197173 0.0010236 0.000440389 0.0001562 4.64979e-05 1.19066e-05 2.67059e-06 5.27614e-07 9.0829e-08 1.3127e-08 1.44246e-09 8.62666e-11 0 
0 0.000191251 0.00135629 0.00387283 0.00734329 0.011538 0.0163001 0.0213876 0.0265084 0.0313583 0.0356494 0.039135 0.0416288 0.0430171 0.0432642 0.0424108 0.0405657 0.0378898 0.034578 0.0308415 0.0268894 0.0229138 0.0190778 0.0155083 0.0122915 0.00947171 0.00704995 0.0049916 0.00325913 0.00186825 0.000891067 0.000342818 0.000107053 2.79322e-05 6.26389e-06 1.22449e-06 2.07528e-07 2.94678e-08 3.18004e-09 1.86857e-10 0 
0 0.000311388 0.00200095 0.00528307 0.00973198 0.0151767 0.0213876 0.0280302 0.0347184 0.0410535 0.0466611 0.0512334 0.0545607 0.0564787 0.0568297 0.055633 0.0531311 0.0495958 0.0452611 0.0403795 0.0352176 0.030026 0.0250183 0.0203611 0.0161702 0.0125097 0.00939389 0.00678845 0.00462373 0.00284654 0.00148936 0.000626334 0.000208245 5.60919e-05 1.26925e-05 2.4707e-06 4.14201e-07 5.80058e-08 6.16768e-09 3.57097e-10 0 
0 0.000448838 0.0026525 0.00666579 0.0121168 0.0188343 0.0265084 0.0347184 0.0429855 0.0508221 0.0578395 0.0639913 0.0691241 0.0722745 0.0728654 0.0709116 0.0668556 0.0616893 0.0560651 0.0499888 0.0436053 0.0371887 0.0310002 0.0252463 0.0200711 0.0155564 0.0117268 0.00855256 0.00595478 0.0038343 0.00215393 0.000983599 0.00035015 9.82335e-05 2.2597e-05 4.40443e-06 7.33533e-07 1.01679e-07 1.06859e-08 6.1135e-10 0 
0 0.000588909 0.00326018 0.00795502 0.0143686 0.0222967 0.0313583 0.0410535 0.0508221 0.0601964 0.0694232 0.0781957 0.0839091 0.0865831 0.0870641 0.085556 0.0816846 0.0749613 0.0668466 0.0591603 0.0515563 0.0439751 0.0366676 0.0298742 0.0237653 0.018439 0.0139269 0.0102023 0.00718379 0.00474945 0.00280291 0.00136928 0.000520122 0.00015248 3.58228e-05 7.02041e-06 1.16567e-06 1.60441e-07 1.67141e-08 9.47381e-10 0 
0 0.000717874 0.00378846 0.00908648 0.0163585 0.0253597 0.0356494 0.0466611 0.0578395 0.0694232 0.0812038 0.0885847 0.0924076 0.09424 0.0945979 0.0935896 0.0910297 0.0862724 0.0779786 0.0677803 0.0586456 0.0499844 0.0416842 0.0339705 0.0270349 0.0209891 0.0158709 0.0116538 0.00825468 0.00554096 0.0033771 0.00173525 0.00069655 0.000212911 5.11536e-05 1.01036e-05 1.6769e-06 2.29779e-07 2.37888e-08 1.33916e-09 0 
0 0.000824844 0.00421165 0.0100018 0.0179739 0.0278473 0.039135 0.0512334 0.0639913 0.0781957 0.0885847 0.0940178 0.0970491 0.0985625 0.0988747 0.0980595 0.0960093 0.0923563 0.0861503 0.0758457 0.0646561 0.0548856 0.0457617 0.0372998 0.0296922 0.0230615 0.0174499 0.0128304 0.00911775 0.00617363 0.00383935 0.0020433 0.000855886 0.000271007 6.64663e-05 1.32386e-05 2.19982e-06 3.00706e-07 3.1006e-08 1.73731e-09 0 
0 0.000902279 0.00451169 0.0106553 0.0191291 0.0296268 0.0416288 0.0545607 0.0691241 0.0839091 0.0924076 0.0970491 0.0997382 0.101108 0.1014 0.100674 0.0988523 0.0956688 0.0904639 0.0816175 0.0694025 0.0584429 0.0486833 0.0396842 0.0315954 0.0245459 0.0185807 0.0136725 0.00973366 0.00662264 0.00416798 0.00226842 0.000978467 0.000318011 7.92755e-05 1.59065e-05 2.64814e-06 3.61662e-07 3.72094e-08 2.07922e-09 0 
0 0.000945874 0.00467809 0.0110188 0.0197721 0.0306171 0.0430171 0.0564787 0.0722745 0.0865831 0.09424 0.0985625 0.101108 0.102417 0.1027 0.102014 0.10029 0.0973016 0.0924972 0.0844784 0.0722708 0.0604768 0.0503157 0.0410153 0.0326584 0.0253753 0.0192129 0.0141434 0.0100781 0.0068735 0.00435231 0.00239736 0.00105141 0.000347103 8.74311e-05 1.76344e-05 2.94142e-06 4.018e-07 4.13143e-08 2.30643e-09 0 
0 0.000954246 0.00470829 0.0110838 0.0198867 0.0307933 0.0432642 0.0568297 0.0728654 0.0870641 0.0945979 0.0988747 0.1014 0.1027 0.102983 0.102302 0.100593 0.0976335 0.092888 0.0849971 0.0728163 0.0608548 0.0506147 0.0412597 0.0328544 0.0255291 0.019331 0.0142323 0.0101442 0.00692308 0.00439073 0.00242639 0.00106924 0.00035474 8.96964e-05 1.81365e-05 3.03e-06 4.14357e-07 4.26428e-08 2.38249e-09 0 
0 0.000928584 0.00460745 0.0108611 0.0194919 0.0301848 0.0424108 0.055633 0.0709116 0.085556 0.0935896 0.0980595 0.100674 0.102014 0.102302 0.101598 0.0998279 0.09675 0.0917668 0.0833704 0.0710524 0.0596095 0.0496269 0.0404566 0.032215 0.025032 0.0189539 0.0139535 0.00994275 0.00677981 0.00428979 0.00235959 0.00103342 0.000341092 8.60299e-05 1.73931e-05 2.90965e-06 3.98719e-07 4.11333e-08 2.30418e-09 0 
0 0.000872271 0.0043876 0.0103786 0.0186376 0.0288686 0.0405657 0.0531311 0.0668556 0.0816846 0.0910297 0.0960093 0.0988523 0.10029 0.100593 0.0998279 0.0979052 0.0945207 0.0889026 0.0793297 0.0673751 0.056964 0.0474814 0.0387091 0.0308225 0.0239484 0.018131 0.0133437 0.00950059 0.00646272 0.00406345 0.00220797 0.000951565 0.000309744 7.75298e-05 1.56444e-05 2.62126e-06 3.60429e-07 3.73446e-08 2.102e-09 0 
0 0.000790509 0.00406609 0.00967752 0.017398 0.026959 0.0378898 0.0495958 0.0616893 0.0749613 0.0862724 0.0923563 0.0956688 0.0973016 0.0976335 0.09675 0.0945207 0.0904985 0.0835253 0.0728859 0.0625175 0.0531947 0.0443675 0.0361704 0.0287997 0.0223745 0.0169358 0.0124577 0.00885723 0.00599977 0.00373267 0.00198913 0.000836567 0.000266888 6.61068e-05 1.33114e-05 2.237e-06 3.09328e-07 3.22734e-08 1.83041e-09 0 
0 0.000689913 0.00366371 0.00880743 0.015863 0.0245952 0.034578 0.0452611 0.0560651 0.0668466 0.0779786 0.0861503 0.0904639 0.0924972 0.092888 0.0917668 0.0889026 0.0835253 0.0748885 0.0655524 0.0569412 0.0485648 0.0405128 0.0330275 0.0262961 0.0204272 0.0154578 0.0113626 0.0080614 0.00542628 0.00332579 0.00172774 0.00070557 0.000220188 5.40165e-05 1.08806e-05 1.83986e-06 2.56755e-07 2.70725e-08 1.55258e-09 0 
0 0.000578066 0.00320301 0.0078213 0.0141297 0.0219279 0.0308415 0.0403795 0.0499888 0.0591603 0.0677803 0.0758457 0.0816175 0.0844784 0.0849971 0.0833704 0.0793297 0.0728859 0.0655524 0.0582482 0.0508022 0.0433498 0.0361639 0.0294826 0.0234738 0.018234 0.0137951 0.0101322 0.00716797 0.00478525 0.002881 0.00145648 0.00057861 0.000177529 4.34007e-05 8.79714e-06 1.50474e-06 2.12904e-07 2.27764e-08 1.32507e-09 0 
0 0.000463001 0.00270709 0.00677017 0.012294 0.0191059 0.0268894 0.0352176 0.0436053 0.0515563 0.0586456 0.0646561 0.0694025 0.0722708 0.0728163 0.0710524 0.0673751 0.0625175 0.0569412 0.0508022 0.0443365 0.0378357 0.0315658 0.0257365 0.0204939 0.0159218 0.0120464 0.0088426 0.00623815 0.00413213 0.00245145 0.00121657 0.000476689 0.000145908 3.59653e-05 7.3952e-06 1.28608e-06 1.85017e-07 2.01046e-08 1.18625e-09 0 
0 0.000352538 0.00219929 0.00569892 0.0104426 0.0162657 0.0229138 0.030026 0.0371887 0.0439751 0.0499844 0.0548856 0.0584429 0.0604768 0.0608548 0.0596095 0.056964 0.0531947 0.0485648 0.0433498 0.0378357 0.0322905 0.0269435 0.0219736 0.0175054 0.0136104 0.01031 0.00757914 0.00535288 0.00354844 0.0021101 0.00105473 0.000419014 0.000130645 3.2831e-05 6.86967e-06 1.21227e-06 1.76446e-07 1.93467e-08 1.14914e-09 0 
0 0.000253502 0.00170356 0.0046439 0.00864665 0.0135227 0.0190778 0.0250183 0.0310002 0.0366676 0.0416842 0.0457617 0.0486833 0.0503157 0.0506147 0.0496269 0.0474814 0.0443675 0.0405128 0.0361639 0.0315658 0.0269435 0.0224889 0.0183523 0.0146418 0.0114269 0.00873303 0.00652226 0.00470197 0.00318831 0.00195127 0.00101351 0.00041916 0.000134752 3.44568e-05 7.26089e-06 1.28216e-06 1.86063e-07 2.02977e-08 1.198e-09 0 
0 0.000170873 0.00124471 0.00363394 0.00695716 0.0109648 0.0155083 0.0203611 0.0252463 0.0298742 0.0339705 0.0372998 0.0396842 0.0410153 0.0412597 0.0404566 0.0387091 0.0361704 0.0330275 0.0294826 0.0257365 0.0219736 0.0183523 0.0150038 0.012052 0.00963831 0.00784635 0.00649143 0.00514917 0.00363791 0.00221676 0.00115199 0.000486347 0.000158759 4.05049e-05 8.4175e-06 1.45924e-06 2.07701e-07 2.22354e-08 1.28926e-09 0 
0 0.000107118 0.000846848 0.0026958 0.00540344 0.00864822 0.0122915 0.0161702 0.0200711 0.0237653 0.0270349 0.0296922 0.0315954 0.0326584 0.0328544 0.032215 0.0308225 0.0287997 0.0262961 0.0234738 0.0204939 0.0175054 0.0146418 0.012052 0.0100246 0.00912272 0.00975743 0.0109757 0.0105555 0.0077002 0.00418543 0.00180626 0.00066786 0.000204695 4.99221e-05 9.95939e-06 1.6671e-06 2.30272e-07 2.40122e-08 1.36027e-09 0 
0 6.19716e-05 0.000529054 0.00186143 0.00399942 0.00659524 0.00947171 0.0125097 0.0155564 0.018439 0.0209891 0.0230615 0.0245459 0.0253753 0.0255291 0.025032 0.0239484 0.0223745 0.0204272 0.018234 0.0159218 0.0136104 0.0114269 0.00963831 0.00912272 0.0119004 0.0195238 0.0308691 0.0369595 0.0224809 0.0113555 0.00407277 0.0011515 0.000286995 6.16935e-05 1.13383e-05 1.80179e-06 2.40268e-07 2.43774e-08 1.34945e-09 0 
0 3.28611e-05 0.00029952 0.00116969 0.00276056 0.00479989 0.00704995 0.00939389 0.0117268 0.0139269 0.0158709 0.0174499 0.0185807 0.0192129 0.019331 0.0189539 0.018131 0.0169358 0.0154578 0.0137951 0.0120464 0.01031 0.00873303 0.00784635 0.00975743 0.0195238 0.0445198 0.0770541 0.080112 0.0646349 0.0264612 0.00889143 0.0021379 0.000421125 7.4374e-05 1.19796e-05 1.77057e-06 2.27366e-07 2.25179e-08 1.22318e-09 0 
0 1.58856e-05 0.000152097 0.000653843 0.00172327 0.00325133 0.0049916 0.00678845 0.00855256 0.0102023 0.0116538 0.0128304 0.0136725 0.0141434 0.0142323 0.0139535 0.0133437 0.0124577 0.0113626 0.0101322 0.0088426 0.00757914 0.00652226 0.00649143 0.0109757 0.0308691 0.0770541 0.0867884 0.0879916 0.082888 0.0548319 0.0143231 0.00324725 0.000555936 8.19869e-05 1.13448e-05 1.53823e-06 1.90397e-07 1.85256e-08 9.94289e-10 0 
0 6.97702e-06 6.88759e-05 0.000319571 0.000940384 0.00197173 0.00325913 0.00462373 0.00595478 0.00718379 0.00825468 0.00911775 0.00973366 0.0100781 0.0101442 0.00994275 0.00950059 0.00885723 0.0080614 0.00716797 0.00623815 0.00535288 0.00470197 0.00514917 0.0105555 0.0369595 0.080112 0.0879916 0.0890523 0.0850171 0.0648039 0.0158561 0.00351357 0.000566692 7.4729e-05 9.15998e-06 1.15186e-06 1.38722e-07 1.33892e-08 7.16196e-10 0 
0 2.77987e-06 2.77864e-05 0.000135578 0.000437046 0.0010236 0.00186825 0.00284654 0.0038343 0.00474945 0.00554096 0.00617363 0.00662264 0.0068735 0.00692308 0.00677981 0.00646272 0.00599977 0.00542628 0.00478525 0.00413213 0.00354844 0.00318831 0.00363791 0.0077002 0.0224809 0.0646349 0.082888 0.0850171 0.0789044 0.0396949 0.0116935 0.00259651 0.000412482 5.18612e-05 5.98491e-06 7.26473e-07 8.6949e-08 8.43138e-09 4.53837e-10 0 
0 1.00471e-06 1.00132e-05 5.00708e-05 0.000171521 0.000440389 0.000891067 0.00148936 0.00215393 0.00280291 0.0033771 0.00383935 0.00416798 0.00435231 0.00439073 0.00428979 0.00406345 0.00373267 0.00332579 0.002881 0.00245145 0.0021101 0.00195127 0.00221676 0.00418543 0.0113555 0.0264612 0.0548319 0.0648039 0.0396949 0.0175694 0.00579623 0.00130016 0.000209079 2.6357e-05 3.07151e-06 3.81074e-07 4.66406e-08 4.60831e-09 2.5204e-10 0 
0 3.29589e-07 3.23725e-06 1.62448e-05 5.73428e-05 0.0001562 0.000342818 0.000626334 0.000983599 0.00136928 0.00173525 0.0020433 0.00226842 0.00239736 0.00242639 0.00235959 0.00220797 0.00198913 0.00172774 0.00145648 0.00121657 0.00105473 0.00101351 0.00115199 0.00180626 0.00407277 0.00889143 0.0143231 0.0158561 0.0116935 0.00579623 0.0019341 0.000445125 7.41017e-05 9.84136e-06 1.24552e-06 1.66974e-07 2.14394e-08 2.18526e-09 1.225e-10 0 
0 9.81602e-08 9.42693e-07 4.67768e-06 1.66119e-05 4.64979e-05 0.000107053 0.000208245 0.00035015 0.000520122 0.00069655 0.000855886 0.000978467 0.00105141 0.00106924 0.00103342 0.000951565 0.000836567 0.00070557 0.00057861 0.000476689 0.000419014 0.00041916 0.000486347 0.00066786 0.0011515 0.0021379 0.00324725 0.00351357 0.00259651 0.00130016 0.000445125 0.000106784 1.89729e-05 2.82679e-06 4.14997e-07 6.21874e-08 8.49184e-09 9.00448e-10 5.21009e-11 0 
0 2.65088e-08 2.47718e-07 1.20439e-06 4.2364e-06 1.19066e-05 2.79322e-05 5.60919e-05 9.82335e-05 0.00015248 0.000212911 0.000271007 0.000318011 0.000347103 0.00035474 0.000341092 0.000309744 0.000266888 0.000220188 0.000177529 0.000145908 0.000130645 0.000134752 0.000158759 0.000204695 0.000286995 0.000421125 0.000555936 0.000566692 0.000412482 0.000209079 7.41017e-05 1.89729e-05 3.80396e-06 6.80628e-07 1.19549e-07 2.00419e-08 2.91412e-09 3.22917e-10 1.93848e-11 0 
0 6.4638e-09 5.86258e-08 2.77881e-07 9.59528e-07 2.67059e-06 6.26389e-06 1.26925e-05 2.2597e-05 3.58228e-05 5.11536e-05 6.64663e-05 7.92755e-05 8.74311e-05 8.96964e-05 8.60299e-05 7.75298e-05 6.61068e-05 5.40165e-05 4.34007e-05 3.59653e-05 3.2831e-05 3.44568e-05 4.05049e-05 4.99221e-05 6.16935e-05 7.4374e-05 8.19869e-05 7.4729e-05 5.18612e-05 2.6357e-05 9.84136e-06 2.82679e-06 6.80628e-07 1.49612e-07 3.06776e-08 5.63233e-09 8.6803e-10 1.00725e-10 6.29459e-12 0 
0 1.40924e-09 1.23942e-08 5.71416e-08 1.92831e-07 5.27614e-07 1.22449e-06 2.4707e-06 4.40443e-06 7.02041e-06 1.01036e-05 1.32386e-05 1.59065e-05 1.76344e-05 1.81365e-05 1.73931e-05 1.56444e-05 1.33114e-05 1.08806e-05 8.79714e-06 7.3952e-06 6.86967e-06 7.26089e-06 8.4175e-06 9.95939e-06 1.13383e-05 1.19796e-05 1.13448e-05 9.15998e-06 5.98491e-06 3.07151e-06 1.24552e-06 4.14997e-07 1.19549e-07 3.06776e-08 6.98314e-09 1.37404e-09 2.23444e-10 2.71697e-11 1.77096e-12 0 
0 2.69201e-10 2.29619e-09 1.0291e-08 3.38794e-08 9.0829e-08 2.07528e-07 4.14201e-07 7.33533e-07 1.16567e-06 1.6769e-06 2.19982e-06 2.64814e-06 2.94142e-06 3.03e-06 2.90965e-06 2.62126e-06 2.237e-06 1.83986e-06 1.50474e-06 1.28608e-06 1.21227e-06 1.28216e-06 1.45924e-06 1.6671e-06 1.80179e-06 1.77057e-06 1.53823e-06 1.15186e-06 7.26473e-07 3.81074e-07 1.66974e-07 6.21874e-08 2.00419e-08 5.63233e-09 1.37404e-09 2.8617e-10 4.89531e-11 6.23575e-12 4.2422e-13 0 
0 4.31692e-11 3.57422e-10 1.55795e-09 5.00262e-09 1.3127e-08 2.94678e-08 5.80058e-08 1.01679e-07 1.60441e-07 2.29779e-07 3.00706e-07 3.61662e-07 4.018e-07 4.14357e-07 3.98719e-07 3.60429e-07 3.09328e-07 2.56755e-07 2.12904e-07 1.85017e-07 1.76446e-07 1.86063e-07 2.07701e-07 2.30272e-07 2.40268e-07 2.27366e-07 1.90397e-07 1.38722e-07 8.6949e-08 4.66406e-08 2.14394e-08 8.49184e-09 2.91412e-09 8.6803e-10 2.23444e-10 4.89531e-11 8.78645e-12 1.17118e-12 8.31309e-14 0 
0 5.24618e-12 4.22176e-11 1.79172e-10 5.61545e-10 1.44246e-09 3.18004e-09 6.16768e-09 1.06859e-08 1.67141e-08 2.37888e-08 3.1006e-08 3.72094e-08 4.13143e-08 4.26428e-08 4.11333e-08 3.73446e-08 3.22734e-08 2.70725e-08 2.27764e-08 2.01046e-08 1.93467e-08 2.02977e-08 2.22354e-08 2.40122e-08 2.43774e-08 2.25179e-08 1.85256e-08 1.33892e-08 8.43138e-09 4.60831e-09 2.18526e-09 9.00448e-10 3.22917e-10 1.00725e-10 2.71697e-11 6.23575e-12 1.17118e-12 1.63068e-13 1.20637e-14 0 
0 3.45242e-13 2.70453e-12 1.11918e-11 3.42773e-11 8.62666e-11 1.86857e-10 3.57097e-10 6.1135e-10 9.47381e-10 1.33916e-09 1.73731e-09 2.07922e-09 2.30643e-09 2.38249e-09 2.30418e-09 2.102e-09 1.83041e-09 1.55258e-09 1.32507e-09 1.18625e-09 1.14914e-09 1.198e-09 1.28926e-09 1.36027e-09 1.34945e-09 1.22318e-09 9.94289e-10 7.16196e-10 4.53837e-10 2.5204e-10 1.225e-10 5.21009e-11 1.93848e-11 6.29459e-12 1.77096e-12 4.2422e-13 8.31309e-14 1.20637e-14 9.28749e-16 0 
0 0 0 0 0 0 0 0 0 0 0 0 0 0 0 0 0 0 0 0 0 0 0 0 0 0 0 0 0 0 0 0 0 0 0 0 0 0 0 0 0 
