0 0 0 0 0 0 0 0 0 0 0 0 0 0 0 0 0 0 0 0 0 0 0 0 0 0 0 0 0 0 0 0 0 0 0 0 0 0 0 0 0 
0 4.60405e-08 4.23965e-07 1.99491e-06 6.666e-06 1.75064e-05 3.79355e-05 7.00548e-05 0.000113153 0.00016343 0.000215006 0.000261462 0.000297199 0.000318302 0.000322911 0.000311234 0.000285312 0.00024861 0.000205486 0.000160568 0.0001181 8.13458e-05 5.21872e-05 3.1021e-05 1.70069e-05 8.56975e-06 3.96068e-06 1.67763e-06 6.5145e-07 2.32139e-07 7.59948e-08 2.28719e-08 6.32647e-09 1.60472e-09 3.71239e-10 7.74712e-11 1.4273e-11 2.22169e-12 2.63476e-13 1.69948e-14 0 
0 4.23965e-07 4.0593e-06 1.96028e-05 6.58597e-05 0.000169747 0.000353128 0.000616907 0.000937624 0.00127793 0.00159956 0.00187107 0.00207021 0.00218391 0.00220737 0.0021431 0.00199989 0.00179171 0.00153664 0.00125571 0.000971395 0.000705631 0.000476908 0.00029709 0.000169162 8.74998e-05 4.09851e-05 1.73813e-05 6.68798e-06 2.34264e-06 7.49584e-07 2.19695e-07 5.9054e-08 1.45428e-08 3.26609e-09 6.62008e-10 1.18574e-10 1.7965e-11 2.07655e-12 1.30736e-13 0 
0 1.99491e-06 1.96028e-05 9.48445e-05 0.000308394 0.00074311 0.00141422 0.00225275 0.00315595 0.00403246 0.00481358 0.00544962 0.00590616 0.00616297 0.00621369 0.00606513 0.00573569 0.00525293 0.00465078 0.00396702 0.00324157 0.002516 0.00183344 0.00123637 0.000759576 0.00041927 0.000206042 8.99161e-05 3.4962e-05 1.2196e-05 3.84608e-06 1.10354e-06 2.89258e-07 6.93262e-08 1.51426e-08 2.98571e-09 5.20617e-10 7.68747e-11 8.67164e-12 5.33542e-13 0 
0 6.666e-06 6.58597e-05 0.000308394 0.000927544 0.00200896 0.00344123 0.0050423 0.00666537 0.00820109 0.00955914 0.0106637 0.0114567 0.0119023 0.0119885 0.0117272 0.0111513 0.0103101 0.00926343 0.00807585 0.00681076 0.00552679 0.00427716 0.00311351 0.00209112 0.00126635 0.000676696 0.000314815 0.000127322 4.51511e-05 1.42241e-05 4.03009e-06 1.03595e-06 2.42595e-07 5.16904e-08 9.93856e-09 1.69061e-09 2.43754e-10 2.68795e-11 1.61887e-12 0 
0 1.75064e-05 0.000169747 0.00074311 0.00200896 0.00390792 0.00618554 0.0086346 0.0111004 0.0134393 0.0155145 0.0172061 0.018422 0.0191051 0.0192361 0.0188334 0.017948 0.0166571 0.0150546 0.0132422 0.0113198 0.00937758 0.0074906 0.00571744 0.00410659 0.00271075 0.00159511 0.000812415 0.000352184 0.000130211 4.17143e-05 1.18064e-05 2.99867e-06 6.89678e-07 1.43903e-07 2.70643e-08 4.50312e-09 6.35437e-10 6.86452e-11 4.05475e-12 0 
0 3.79355e-05 0.000353128 0.00141422 0.00344123 0.00618554 0.00936085 0.0127658 0.016206 0.0194779 0.0223851 0.0247569 0.0264623 0.0274203 0.0276036 0.0270379 0.0257952 0.0239845 0.0217386 0.0192018 0.0165163 0.0138117 0.0111961 0.00875095 0.00653018 0.00457034 0.00291431 0.00162944 0.000771034 0.000304089 0.000100986 2.89346e-05 7.32493e-06 1.66445e-06 3.41584e-07 6.30614e-08 1.02937e-08 1.42537e-09 1.51205e-10 8.77865e-12 0 
0 7.00548e-05 0.000616907 0.00225275 0.0050423 0.0086346 0.0127658 0.0172082 0.0217054 0.0259868 0.029793 0.032899 0.0351329 0.0363881 0.0366285 0.0358878 0.0342605 0.0318895 0.0289498 0.0256307 0.02212 0.0185889 0.0151819 0.0120086 0.00914135 0.00661685 0.00445331 0.00268607 0.00138628 0.000590581 0.000206582 6.07004e-05 1.54537e-05 3.49076e-06 7.07829e-07 1.28747e-07 2.06829e-08 2.81826e-09 2.94319e-10 1.68344e-11 0 
0 0.000113153 0.000937624 0.00315595 0.00666537 0.0111004 0.016206 0.0217054 0.0272769 0.0325829 0.0373011 0.0411523 0.0439227 0.04548 0.0457794 0.0448622 0.0428459 0.0399077 0.0362648 0.0321526 0.0278044 0.0234337 0.0192208 0.0153043 0.0117768 0.00868546 0.00603972 0.00384096 0.00213047 0.000979631 0.000364021 0.000110791 2.85902e-05 6.45659e-06 1.29924e-06 2.33671e-07 3.70611e-08 4.98359e-09 5.13703e-10 2.90168e-11 0 
0 0.00016343 0.00127793 0.00403246 0.00820109 0.0134393 0.0194779 0.0259868 0.0325829 0.0388659 0.0444538 0.0490159 0.0522992 0.0541463 0.0545034 0.0534188 0.0510322 0.0475541 0.0432415 0.0383736 0.033227 0.0280552 0.0230726 0.0184448 0.0142839 0.0106487 0.00754963 0.00496815 0.00290633 0.00142715 0.000563241 0.000178461 4.69393e-05 1.06469e-05 2.13421e-06 3.80808e-07 5.98098e-08 7.9591e-09 8.1189e-10 4.53989e-11 0 
0 0.000215006 0.00159956 0.00481358 0.00955914 0.0155145 0.0223851 0.029793 0.0373011 0.0444538 0.0508165 0.0560131 0.0597559 0.0618642 0.0622747 0.0610416 0.058325 0.054366 0.0494578 0.0439175 0.0380601 0.0321748 0.0265062 0.0212437 0.0165164 0.0123938 0.00888983 0.00597686 0.00362671 0.00187417 0.000780005 0.000257179 6.9113e-05 1.57924e-05 3.16293e-06 5.6152e-07 8.75783e-08 1.15644e-08 1.17039e-09 6.49445e-11 0 
0 0.000261462 0.00187107 0.00544962 0.0106637 0.0172061 0.0247569 0.032899 0.0411523 0.0490159 0.0560131 0.0617308 0.0658505 0.0681716 0.0686269 0.0672768 0.0642938 0.0599423 0.054547 0.0484573 0.0420192 0.0355503 0.0293203 0.0235379 0.0183463 0.013823 0.00998598 0.00680359 0.00422849 0.00226655 0.000983906 0.00033589 9.21506e-05 2.12377e-05 4.25852e-06 7.54016e-07 1.17078e-07 1.53795e-08 1.54815e-09 8.54579e-11 0 
0 0.000297199 0.00207021 0.00590616 0.0114567 0.018422 0.0264623 0.0351329 0.0439227 0.0522992 0.0597559 0.0658505 0.0702356 0.0726996 0.0731863 0.0717639 0.0686023 0.0639737 0.0582279 0.0517424 0.0448858 0.0379961 0.0313607 0.0252026 0.0196748 0.0148612 0.0107823 0.00740504 0.00467108 0.00256475 0.00114716 0.000402215 0.000112257 2.60822e-05 5.24208e-06 9.27504e-07 1.43707e-07 1.88262e-08 1.88973e-09 1.04032e-10 0 
0 0.000318302 0.00218391 0.00616297 0.0119023 0.0191051 0.0274203 0.0363881 0.04548 0.0541463 0.0618642 0.0681716 0.0726996 0.0752358 0.0757406 0.074289 0.0710411 0.0662646 0.0603235 0.0536154 0.0465231 0.0393959 0.0325311 0.0261599 0.0204409 0.0154618 0.0112448 0.00775619 0.00493251 0.00274556 0.00125029 0.000445932 0.00012595 2.94533e-05 5.93658e-06 1.0514e-06 1.62923e-07 2.13399e-08 2.1418e-09 1.17924e-10 0 
0 0.000322911 0.00220737 0.00621369 0.0119885 0.0192361 0.0276036 0.0366285 0.0457794 0.0545034 0.0622747 0.0686269 0.0731863 0.0757406 0.0762543 0.0748036 0.0715458 0.066746 0.0607705 0.054021 0.0468837 0.0397097 0.0327986 0.0263834 0.0206243 0.0156099 0.011363 0.00785029 0.00500684 0.00280077 0.00128429 0.000461427 0.000131116 3.07967e-05 6.22771e-06 1.106e-06 1.71838e-07 2.2571e-08 2.27249e-09 1.25573e-10 0 
0 0.000311234 0.0021431 0.00606513 0.0117272 0.0188334 0.0270379 0.0358878 0.0448622 0.0534188 0.0610416 0.0672768 0.0717639 0.074289 0.0748036 0.0733792 0.0701796 0.0654738 0.0596192 0.0530046 0.0460072 0.0389717 0.0321923 0.0258977 0.0202453 0.0153222 0.0111509 0.00769852 0.00490265 0.00273549 0.00125079 0.000448721 0.000127615 3.0062e-05 6.1055e-06 1.09005e-06 1.7039e-07 2.25338e-08 2.28601e-09 1.27382e-10 0 
0 0.000285312 0.00199989 0.00573569 0.0111513 0.017948 0.0257952 0.0342605 0.0428459 0.0510322 0.058325 0.0642938 0.0686023 0.0710411 0.0715458 0.0701796 0.067113 0.0626143 0.0570219 0.050701 0.044011 0.0372823 0.0307965 0.0247724 0.0193604 0.014644 0.010644 0.00732892 0.0046421 0.00256684 0.00116109 0.000413237 0.00011728 2.77227e-05 5.67126e-06 1.02237e-06 1.61647e-07 2.1653e-08 2.22761e-09 1.26005e-10 0 
0 0.00024861 0.00179171 0.00525293 0.0103101 0.0166571 0.0239845 0.0318895 0.0399077 0.0475541 0.054366 0.0599423 0.0639737 0.0662646 0.066746 0.0654738 0.0626143 0.0584223 0.0532101 0.0473154 0.0410739 0.0347944 0.0287395 0.0231131 0.0180556 0.0136439 0.0098968 0.00678461 0.0042602 0.00232334 0.00103488 0.000364668 0.00010345 2.46518e-05 5.11343e-06 9.38103e-07 1.51307e-07 2.07089e-08 2.179e-09 1.26119e-10 0 
0 0.000205486 0.00153664 0.00465078 0.00926343 0.0150546 0.0217386 0.0289498 0.0362648 0.0432415 0.0494578 0.054547 0.0582279 0.0603235 0.0607705 0.0596192 0.0570219 0.0532101 0.0484669 0.0431001 0.037416 0.031696 0.026179 0.0210503 0.016437 0.012408 0.00897858 0.0061222 0.00380494 0.0020445 0.000898465 0.00031539 9.02917e-05 2.19418e-05 4.67146e-06 8.82689e-07 1.46845e-07 2.07307e-08 2.24759e-09 1.33791e-10 0 
0 0.000160568 0.00125571 0.00396702 0.00807585 0.0132422 0.0192018 0.0256307 0.0321526 0.0383736 0.0439175 0.0484573 0.0517424 0.0536154 0.054021 0.0530046 0.050701 0.0473154 0.0431001 0.0383296 0.0332766 0.0281916 0.0232868 0.0187264 0.0146218 0.0110323 0.00796946 0.00541103 0.00333803 0.00178025 0.000782718 0.000279004 8.22803e-05 2.07779e-05 4.61109e-06 9.07483e-07 1.5676e-07 2.28799e-08 2.55205e-09 1.55504e-10 0 
0 0.0001181 0.000971395 0.00324157 0.00681076 0.0113198 0.0165163 0.02212 0.0278044 0.033227 0.0380601 0.0420192 0.0448858 0.0465231 0.0468837 0.0460072 0.044011 0.0410739 0.037416 0.0332766 0.0288935 0.0244845 0.020234 0.0162836 0.0127284 0.00961702 0.00695754 0.00473329 0.00293506 0.00158893 0.000721093 0.000269709 8.41361e-05 2.24422e-05 5.22292e-06 1.06801e-06 1.89931e-07 2.83049e-08 3.20113e-09 1.96642e-10 0 
0 8.13458e-05 0.000705631 0.002516 0.00552679 0.00937758 0.0138117 0.0185889 0.0234337 0.0280552 0.0321748 0.0355503 0.0379961 0.0393959 0.0397097 0.0389717 0.0372823 0.0347944 0.031696 0.0281916 0.0244845 0.0207607 0.017177 0.013853 0.0108678 0.00826083 0.00603822 0.00418454 0.00268224 0.00153236 0.000748023 0.000302824 0.000101245 2.84116e-05 6.82766e-06 1.42036e-06 2.54241e-07 3.78562e-08 4.25655e-09 2.59117e-10 0 
0 5.21872e-05 0.000476908 0.00183344 0.00427716 0.0074906 0.0111961 0.0151819 0.0192208 0.0230726 0.0265062 0.0293203 0.0313607 0.0325311 0.0327986 0.0321923 0.0307965 0.0287395 0.026179 0.0232868 0.020234 0.017177 0.0142475 0.0115459 0.00913994 0.00706761 0.00533383 0.00389886 0.00269445 0.00168572 0.000905042 0.00039796 0.000140556 4.04239e-05 9.73822e-06 2.00526e-06 3.52989e-07 5.1531e-08 5.67423e-09 3.38246e-10 0 
0 3.1021e-05 0.00029709 0.00123637 0.00311351 0.00571744 0.00875095 0.0120086 0.0153043 0.0184448 0.0212437 0.0235379 0.0252026 0.0261599 0.0263834 0.0258977 0.0247724 0.0231131 0.0210503 0.0187264 0.0162836 0.013853 0.0115459 0.00945193 0.00764964 0.00621572 0.00517021 0.00435185 0.0034589 0.00238332 0.0013496 0.000610355 0.000216497 6.09527e-05 1.41745e-05 2.81304e-06 4.78546e-07 6.7699e-08 7.24139e-09 4.20311e-10 0 
0 1.70069e-05 0.000169162 0.000759576 0.00209112 0.00410659 0.00653018 0.00914135 0.0117768 0.0142839 0.0165164 0.0183463 0.0196748 0.0204409 0.0206243 0.0202453 0.0193604 0.0180556 0.016437 0.0146218 0.0127284 0.0108678 0.00913994 0.00764964 0.00657459 0.00624718 0.00691075 0.00789566 0.00762701 0.00554902 0.00296645 0.00120117 0.000381281 9.65342e-05 2.03661e-05 3.75338e-06 6.06738e-07 8.26353e-08 8.56452e-09 4.83611e-10 0 
0 8.56975e-06 8.74998e-05 0.00041927 0.00126635 0.00271075 0.00457034 0.00661685 0.00868546 0.0106487 0.0123938 0.013823 0.0148612 0.0154618 0.0156099 0.0153222 0.014644 0.0136439 0.012408 0.0110323 0.00961702 0.00826083 0.00706761 0.00621572 0.00624718 0.00852023 0.0141949 0.0207548 0.0221836 0.0163732 0.00827408 0.00293373 0.000776796 0.000163214 2.8906e-05 4.67176e-06 6.99814e-07 9.12659e-08 9.17582e-09 5.05392e-10 0 
0 3.96068e-06 4.09851e-05 0.000206042 0.000676696 0.00159511 0.00291431 0.00445331 0.00603972 0.00754963 0.00888983 0.00998598 0.0107823 0.0112448 0.011363 0.0111509 0.010644 0.0098968 0.00897858 0.00796946 0.00695754 0.00603822 0.00533383 0.00517021 0.00691075 0.0141949 0.0299617 0.0482061 0.0540751 0.0388785 0.0193013 0.00648428 0.00153028 0.000272317 3.9643e-05 5.35698e-06 7.20857e-07 8.94726e-08 8.75789e-09 4.73003e-10 0 
0 1.67763e-06 1.73813e-05 8.99161e-05 0.000314815 0.000812415 0.00162944 0.00268607 0.00384096 0.00496815 0.00597686 0.00680359 0.00740504 0.00775619 0.00785029 0.00769852 0.00732892 0.00678461 0.0061222 0.00541103 0.00473329 0.00418454 0.00389886 0.00435185 0.00789566 0.0207548 0.0482061 0.078148 0.0844362 0.0651133 0.0316819 0.0104638 0.00235676 0.00038146 4.80097e-05 5.46199e-06 6.50745e-07 7.67024e-08 7.35481e-09 3.92376e-10 0 
0 6.5145e-07 6.68798e-06 3.4962e-05 0.000127322 0.000352184 0.000771034 0.00138628 0.00213047 0.00290633 0.00362671 0.00422849 0.00467108 0.00493251 0.00500684 0.00490265 0.0046421 0.0042602 0.00380494 0.00333803 0.00293506 0.00268224 0.00269445 0.0034589 0.00762701 0.0221836 0.0540751 0.0844362 0.0889822 0.0732033 0.0352611 0.0115386 0.00255727 0.000396614 4.59837e-05 4.64702e-06 5.01498e-07 5.67645e-08 5.38606e-09 2.86391e-10 0 
0 2.32139e-07 2.34264e-06 1.2196e-05 4.51511e-05 0.000130211 0.000304089 0.000590581 0.000979631 0.00142715 0.00187417 0.00226655 0.00256475 0.00274556 0.00280077 0.00273549 0.00256684 0.00232334 0.0020445 0.00178025 0.00158893 0.00153236 0.00168572 0.00238332 0.00554902 0.0163732 0.0388785 0.0651133 0.0732033 0.052875 0.0260035 0.00854535 0.00188823 0.000288698 3.2338e-05 3.10242e-06 3.20791e-07 3.58963e-08 3.42007e-09 1.83074e-10 0 
0 7.59948e-08 7.49584e-07 3.84608e-06 1.42241e-05 4.17143e-05 0.000100986 0.000206582 0.000364021 0.000563241 0.000780005 0.000983906 0.00114716 0.00125029 0.00128429 0.00125079 0.00116109 0.00103488 0.000898465 0.000782718 0.000721093 0.000748023 0.000905042 0.0013496 0.00296645 0.00827408 0.0193013 0.0316819 0.0352611 0.0260035 0.0128432 0.00423223 0.000940103 0.000144098 1.61736e-05 1.57498e-06 1.67775e-07 1.93101e-08 1.87873e-09 1.02267e-10 0 
0 2.28719e-08 2.19695e-07 1.10354e-06 4.03009e-06 1.18064e-05 2.89346e-05 6.07004e-05 0.000110791 0.000178461 0.000257179 0.00033589 0.000402215 0.000445932 0.000461427 0.000448721 0.000413237 0.000364668 0.00031539 0.000279004 0.000269709 0.000302824 0.00039796 0.000610355 0.00120117 0.00293373 0.00648428 0.0104638 0.0115386 0.00854535 0.00423223 0.00140535 0.000316045 4.93103e-05 5.77017e-06 6.13376e-07 7.23162e-08 8.86506e-09 8.93475e-10 4.9901e-11 0 
0 6.32647e-09 5.9054e-08 2.89258e-07 1.03595e-06 2.99867e-06 7.32493e-06 1.54537e-05 2.85902e-05 4.69393e-05 6.9113e-05 9.21506e-05 0.000112257 0.00012595 0.000131116 0.000127615 0.00011728 0.00010345 9.02917e-05 8.22803e-05 8.41361e-05 0.000101245 0.000140556 0.000216497 0.000381281 0.000776796 0.00153028 0.00235676 0.00255727 0.00188823 0.000940103 0.000316045 7.25658e-05 1.18331e-05 1.53172e-06 1.92508e-07 2.63736e-08 3.50196e-09 3.68776e-10 2.12798e-11 0 
0 1.60472e-09 1.45428e-08 6.93262e-08 2.42595e-07 6.89678e-07 1.66445e-06 3.49076e-06 6.45659e-06 1.06469e-05 1.57924e-05 2.12377e-05 2.60822e-05 2.94533e-05 3.07967e-05 3.0062e-05 2.77227e-05 2.46518e-05 2.19418e-05 2.07779e-05 2.24422e-05 2.84116e-05 4.04239e-05 6.09527e-05 9.65342e-05 0.000163214 0.000272317 0.00038146 0.000396614 0.000288698 0.000144098 4.93103e-05 1.18331e-05 2.13165e-06 3.32219e-07 5.23046e-08 8.35921e-09 1.19923e-09 1.32387e-10 7.93158e-12 0 
0 3.71239e-10 3.26609e-09 1.51426e-08 5.16904e-08 1.43903e-07 3.41584e-07 7.07829e-07 1.29924e-06 2.13421e-06 3.16293e-06 4.25852e-06 5.24208e-06 5.93658e-06 6.22771e-06 6.1055e-06 5.67126e-06 5.11343e-06 4.67146e-06 4.61109e-06 5.22292e-06 6.82766e-06 9.73822e-06 1.41745e-05 2.03661e-05 2.8906e-05 3.9643e-05 4.80097e-05 4.59837e-05 3.2338e-05 1.61736e-05 5.77017e-06 1.53172e-06 3.32219e-07 6.64236e-08 1.29189e-08 2.32776e-09 3.56831e-10 4.13213e-11 2.57855e-12 0 
0 7.74712e-11 6.62008e-10 2.98571e-09 9.93856e-09 2.70643e-08 6.30614e-08 1.28747e-07 2.33671e-07 3.80808e-07 5.6152e-07 7.54016e-07 9.27504e-07 1.0514e-06 1.106e-06 1.09005e-06 1.02237e-06 9.38103e-07 8.82689e-07 9.07483e-07 1.06801e-06 1.42036e-06 2.00526e-06 2.81304e-06 3.75338e-06 4.67176e-06 5.35698e-06 5.46199e-06 4.64702e-06 3.10242e-06 1.57498e-06 6.13376e-07 1.92508e-07 5.23046e-08 1.29189e-08 2.89147e-09 5.6572e-10 9.18106e-11 1.11502e-11 7.26e-13 0 
0 1.4273e-11 1.18574e-10 5.20617e-10 1.69061e-09 4.50312e-09 1.02937e-08 2.06829e-08 3.70611e-08 5.98098e-08 8.75783e-08 1.17078e-07 1.43707e-07 1.62923e-07 1.71838e-07 1.7039e-07 1.61647e-07 1.51307e-07 1.46845e-07 1.5676e-07 1.89931e-07 2.54241e-07 3.52989e-07 4.78546e-07 6.06738e-07 6.99814e-07 7.20857e-07 6.50745e-07 5.01498e-07 3.20791e-07 1.67775e-07 7.23162e-08 2.63736e-08 8.35921e-09 2.32776e-09 5.6572e-10 1.17647e-10 2.01079e-11 2.55942e-12 1.73979e-13 0 
0 2.22169e-12 1.7965e-11 7.68747e-11 2.43754e-10 6.35437e-10 1.42537e-09 2.81826e-09 4.98359e-09 7.9591e-09 1.15644e-08 1.53795e-08 1.88262e-08 2.13399e-08 2.2571e-08 2.25338e-08 2.1653e-08 2.07089e-08 2.07307e-08 2.28799e-08 2.83049e-08 3.78562e-08 5.1531e-08 6.7699e-08 8.26353e-08 9.12659e-08 8.94726e-08 7.67024e-08 5.67645e-08 3.58963e-08 1.93101e-08 8.86506e-09 3.50196e-09 1.19923e-09 3.56831e-10 9.18106e-11 2.01079e-11 3.60777e-12 4.8067e-13 3.40988e-14 0 
0 2.63476e-13 2.07655e-12 8.67164e-12 2.68795e-11 6.86452e-11 1.51205e-10 2.94319e-10 5.13703e-10 8.1189e-10 1.17039e-09 1.54815e-09 1.88973e-09 2.1418e-09 2.27249e-09 2.28601e-09 2.22761e-09 2.179e-09 2.24759e-09 2.55205e-09 3.20113e-09 4.25655e-09 5.67423e-09 7.24139e-09 8.56452e-09 9.17582e-09 8.75789e-09 7.35481e-09 5.38606e-09 3.42007e-09 1.87873e-09 8.93475e-10 3.68776e-10 1.32387e-10 4.13213e-11 1.11502e-11 2.55942e-12 4.8067e-13 6.69096e-14 4.9482e-15 0 
0 1.69948e-14 1.30736e-13 5.33542e-13 1.61887e-12 4.05475e-12 8.77865e-12 1.68344e-11 2.90168e-11 4.53989e-11 6.49445e-11 8.54579e-11 1.04032e-10 1.17924e-10 1.25573e-10 1.27382e-10 1.26005e-10 1.26119e-10 1.33791e-10 1.55504e-10 1.96642e-10 2.59117e-10 3.38246e-10 4.20311e-10 4.83611e-10 5.05392e-10 4.73003e-10 3.92376e-10 2.86391e-10 1.83074e-10 1.02267e-10 4.9901e-11 2.12798e-11 7.93158e-12 2.57855e-12 7.26e-13 1.73979e-13 3.40988e-14 4.9482e-15 3.8088e-16 0 
0 0 0 0 0 0 0 0 0 0 0 0 0 0 0 0 0 0 0 0 0 0 0 0 0 0 0 0 0 0 0 0 0 0 0 0 0 0 0 0 0 
