0 0 0 0 0 0 0 0 0 0 0 0 0 0 0 0 0 0 0 0 0 0 0 0 0 0 0 0 0 0 0 0 0 0 0 0 0 0 0 0 0 
0 2.34626e-09 2.20092e-08 1.07557e-07 3.81662e-07 1.08773e-06 2.60246e-06 5.3585e-06 9.65954e-06 1.54584e-05 2.22293e-05 2.90295e-05 3.47369e-05 3.8359e-05 3.92942e-05 3.74663e-05 3.3307e-05 2.76132e-05 2.13294e-05 1.53238e-05 1.0217e-05 6.30768e-06 3.59875e-06 1.89481e-06 9.20086e-07 4.1208e-07 1.70356e-07 6.50879e-08 2.30171e-08 7.54455e-09 2.29461e-09 6.47751e-10 1.69553e-10 4.10292e-11 9.12078e-12 1.84057e-12 3.29712e-13 5.0134e-14 5.83084e-15 3.70064e-16 0 
0 2.20092e-08 2.15126e-07 1.09206e-06 4.00032e-06 1.1664e-05 2.82455e-05 5.82171e-05 0.000104052 0.000164007 0.000231598 0.000297167 0.000350569 0.000383677 0.000391977 0.000375129 0.00033667 0.000283082 0.00022241 0.00016265 0.000110223 6.89117e-05 3.96024e-05 2.08692e-05 1.0075e-05 4.45821e-06 1.81121e-06 6.77142e-07 2.33572e-07 7.45164e-08 2.20297e-08 6.04125e-09 1.53614e-09 3.61242e-10 7.8098e-11 1.53422e-11 2.67853e-12 3.97426e-13 4.51622e-14 2.80414e-15 0 
0 1.07557e-07 1.09206e-06 5.7275e-06 2.14514e-05 6.30075e-05 0.000151053 0.000303186 0.000521443 0.000786772 0.00106503 0.00131842 0.00151482 0.00163239 0.00166074 0.00160041 0.00146158 0.00126232 0.00102648 0.000780857 0.0005513 0.000358219 0.000212598 0.000114622 5.60045e-05 2.48151e-05 1.00013e-05 3.68224e-06 1.24419e-06 3.8744e-07 1.11559e-07 2.97636e-08 7.3605e-09 1.68385e-09 3.54376e-10 6.78337e-11 1.15527e-11 1.67426e-12 1.86073e-13 1.13141e-14 0 
0 3.81662e-07 4.00032e-06 2.14514e-05 8.07411e-05 0.000232795 0.000534512 0.00100882 0.00162006 0.00229132 0.00293874 0.00349295 0.00390478 0.00414462 0.00420044 0.00407588 0.00378816 0.0033659 0.0028469 0.00227604 0.00170295 0.00117768 0.000742676 0.000421994 0.000214401 9.72342e-05 3.951e-05 1.4486e-05 4.8306e-06 1.47571e-06 4.15336e-07 1.08096e-07 2.60548e-08 5.80911e-09 1.19205e-09 2.22671e-10 3.70469e-11 5.25123e-12 5.7154e-13 3.40772e-14 0 
0 1.08773e-06 1.1664e-05 6.30075e-05 0.000232795 0.00063859 0.00136064 0.00236323 0.00352018 0.00469255 0.00576764 0.00666173 0.00731557 0.00769262 0.00777858 0.00758043 0.007124 0.0064503 0.00561112 0.00466518 0.00367573 0.00271006 0.00183834 0.00112535 0.000610989 0.000291303 0.000121988 4.52532e-05 1.50539e-05 4.54414e-06 1.25635e-06 3.20151e-07 7.54343e-08 1.64322e-08 3.29504e-09 6.01837e-10 9.79981e-11 1.36098e-11 1.45305e-12 8.50876e-14 0 
0 2.60246e-06 2.82455e-05 0.000151053 0.000534512 0.00136064 0.00265665 0.00426978 0.00600452 0.00770068 0.0092325 0.0104988 0.0114226 0.0119545 0.0120748 0.0117938 0.0111481 0.0101954 0.00900753 0.00766314 0.00624175 0.00482074 0.00347733 0.00229285 0.00134724 0.0006898 0.000304536 0.000116471 3.91713e-05 1.17886e-05 3.22134e-06 8.07334e-07 1.8661e-07 3.98342e-08 7.82595e-09 1.401e-09 2.23757e-10 3.0509e-11 3.20138e-12 1.84458e-13 0 
0 5.3585e-06 5.82171e-05 0.000303186 0.00100882 0.00236323 0.00426978 0.0064872 0.00880279 0.0110458 0.0130671 0.0147377 0.0159567 0.0166587 0.0168178 0.0164472 0.0155957 0.0143399 0.0127751 0.011005 0.00913275 0.00725312 0.00545062 0.00380495 0.00240189 0.00132847 0.000627844 0.000251853 8.68468e-05 2.6317e-05 7.15595e-06 1.7725e-06 4.03475e-07 8.46759e-08 1.63464e-08 2.8758e-09 4.51617e-10 6.05957e-11 6.26305e-12 3.55821e-13 0 
0 9.65954e-06 0.000104052 0.000521443 0.00162006 0.00352018 0.00600452 0.00880279 0.0116993 0.0145009 0.017026 0.019114 0.0206385 0.0215174 0.021718 0.0212568 0.0201946 0.0186276 0.0166752 0.014468 0.0121351 0.0097941 0.0075445 0.00546852 0.00364298 0.00215644 0.00109384 0.000465077 0.000166371 5.12402e-05 1.39578e-05 3.43394e-06 7.72845e-07 1.60009e-07 3.04459e-08 5.27891e-09 8.17328e-10 1.08193e-10 1.10418e-11 6.2002e-13 0 
0 1.54584e-05 0.000164007 0.000786772 0.00229132 0.00469255 0.00770068 0.0110458 0.0145009 0.0178431 0.0208565 0.0233497 0.0251716 0.0262238 0.0264667 0.0259199 0.0246557 0.0227889 0.0204625 0.0178327 0.0150542 0.012268 0.00959187 0.00711756 0.0049172 0.00306546 0.00165507 0.000746855 0.000279001 8.79585e-05 2.41416e-05 5.92614e-06 1.32373e-06 2.71292e-07 5.10419e-08 8.74844e-09 1.33931e-09 1.75401e-10 1.77245e-11 9.86397e-13 0 
0 2.22293e-05 0.000231598 0.00106503 0.00293874 0.00576764 0.0092325 0.0130671 0.017026 0.0208565 0.0243119 0.0271726 0.0292652 0.0304764 0.0307604 0.030139 0.0286948 0.0265592 0.0238963 0.0208854 0.0177044 0.0145156 0.0114547 0.00862499 0.00610046 0.00394366 0.00223617 0.00106411 0.000415293 0.000134495 3.73441e-05 9.18062e-06 2.04231e-06 4.15705e-07 7.75851e-08 1.31872e-08 2.00251e-09 2.60289e-10 2.61275e-11 1.4459e-12 0 
0 2.90295e-05 0.000297167 0.00131842 0.00349295 0.00666173 0.0104988 0.0147377 0.019114 0.0233497 0.0271726 0.0303399 0.0326596 0.0340059 0.0343274 0.0336475 0.0320571 0.0297012 0.026761 0.0234351 0.0199205 0.0163972 0.013016 0.00989141 0.0071018 0.00470324 0.00276289 0.00137176 0.000556578 0.000185099 5.20876e-05 1.28582e-05 2.85731e-06 5.79474e-07 1.07644e-07 1.82074e-08 2.75243e-09 3.56434e-10 3.56848e-11 1.97238e-12 0 
0 3.47369e-05 0.000350569 0.00151482 0.00390478 0.00731557 0.0114226 0.0159567 0.0206385 0.0251716 0.0292652 0.0326596 0.0351491 0.0365983 0.0369516 0.0362333 0.0345398 0.0320258 0.0288849 0.0253295 0.0215707 0.0178017 0.0141843 0.0108419 0.00785736 0.0052842 0.00317857 0.00162732 0.000680799 0.00023166 6.60515e-05 1.63996e-05 3.65009e-06 7.39997e-07 1.37333e-07 2.32123e-08 3.50926e-09 4.55041e-10 4.56925e-11 2.53817e-12 0 
0 3.8359e-05 0.000383677 0.00163239 0.00414462 0.00769262 0.0119545 0.0166587 0.0215174 0.0262238 0.0304764 0.0340059 0.0365983 0.0381127 0.0384904 0.0377557 0.0360082 0.0334073 0.0301536 0.0264674 0.0225678 0.0186556 0.0148996 0.0114282 0.00832786 0.00565134 0.00344834 0.00180029 0.000769185 0.000266311 7.68097e-05 1.92029e-05 4.29294e-06 8.73459e-07 1.62728e-07 2.76396e-08 4.20593e-09 5.5013e-10 5.58665e-11 3.14759e-12 0 
0 3.92942e-05 0.000391977 0.00166074 0.00420044 0.00777858 0.0120748 0.0168178 0.021718 0.0264667 0.0307604 0.0343274 0.0369516 0.0384904 0.0388837 0.0381554 0.0364047 0.0337917 0.0305179 0.0268051 0.0228742 0.0189279 0.0151367 0.011631 0.0084984 0.00579167 0.00355807 0.00187595 0.000810978 0.000284 8.27189e-05 2.08587e-05 4.70265e-06 9.6579e-07 1.81931e-07 3.1321e-08 4.84534e-09 6.46481e-10 6.72052e-11 3.88896e-12 0 
0 3.74663e-05 0.000375129 0.00160041 0.00407588 0.00758043 0.0117938 0.0164472 0.0212568 0.0259199 0.030139 0.0336475 0.0362333 0.0377557 0.0381554 0.0374547 0.03575 0.0331975 0.0299943 0.0263573 0.022503 0.0186301 0.0149064 0.0114601 0.00837789 0.00571266 0.00351248 0.00185548 0.000805485 0.000284095 8.358e-05 2.13463e-05 4.88856e-06 1.02326e-06 1.97227e-07 3.48894e-08 5.56982e-09 7.69833e-10 8.31389e-11 5.00496e-12 0 
0 3.3307e-05 0.00033667 0.00146158 0.00378816 0.007124 0.0111481 0.0155957 0.0201946 0.0246557 0.0286948 0.0320571 0.0345398 0.0360082 0.0364047 0.03575 0.0341353 0.0317092 0.0286591 0.0251914 0.0215127 0.0178127 0.0142515 0.0109519 0.00799726 0.00544057 0.00333322 0.00175478 0.000761957 0.000270699 8.08625e-05 2.11249e-05 4.9819e-06 1.08066e-06 2.17106e-07 4.02206e-08 6.74417e-09 9.79704e-10 1.10996e-10 6.98094e-12 0 
0 2.76132e-05 0.000283082 0.00126232 0.0033659 0.0064503 0.0101954 0.0143399 0.0186276 0.0227889 0.0265592 0.0297012 0.0320258 0.0334073 0.0337917 0.0331975 0.0317092 0.0294643 0.0266365 0.0234176 0.0199993 0.0165577 0.0132416 0.010165 0.00740627 0.00501832 0.0030572 0.00160254 0.000698029 0.000251978 7.75672e-05 2.11428e-05 5.25404e-06 1.20936e-06 2.5872e-07 5.10171e-08 9.06743e-09 1.38621e-09 1.63805e-10 1.06433e-11 0 
0 2.13294e-05 0.00022241 0.00102648 0.0028469 0.00561112 0.00900753 0.0127751 0.0166752 0.0204625 0.0238963 0.026761 0.0288849 0.0301536 0.0305179 0.0299943 0.0286591 0.0266365 0.0240839 0.0211751 0.0180836 0.0149686 0.0119644 0.00917412 0.00666937 0.00450301 0.00273448 0.00143753 0.000637424 0.000239168 7.80629e-05 2.28831e-05 6.15658e-06 1.53294e-06 3.52204e-07 7.37411e-08 1.37319e-08 2.17069e-09 2.62107e-10 1.72308e-11 0 
0 1.53238e-05 0.00016265 0.000780857 0.00227604 0.00466518 0.00766314 0.011005 0.014468 0.0178327 0.0208854 0.0234351 0.0253295 0.0264674 0.0268051 0.0263573 0.0251914 0.0234176 0.0211751 0.0186178 0.0158991 0.0131596 0.0105174 0.00806296 0.00586086 0.00396247 0.00242476 0.00130506 0.000607915 0.000246307 8.84356e-05 2.86359e-05 8.43534e-06 2.26114e-06 5.4844e-07 1.18995e-07 2.26078e-08 3.60194e-09 4.34413e-10 2.83417e-11 0 
0 1.0217e-05 0.000110223 0.0005513 0.00170295 0.00367573 0.00624175 0.00913275 0.0121351 0.0150542 0.0177044 0.0199205 0.0215707 0.0225678 0.0228742 0.022503 0.0215127 0.0199993 0.0180836 0.0158991 0.0135789 0.0112447 0.00899818 0.00691736 0.00505926 0.00346972 0.00219136 0.0012528 0.000640937 0.000291846 0.000117946 4.22169e-05 1.33719e-05 3.74911e-06 9.2977e-07 2.02845e-07 3.83089e-08 6.02198e-09 7.13291e-10 4.55841e-11 0 
0 6.30768e-06 6.89117e-05 0.000358219 0.00117768 0.00271006 0.00482074 0.00725312 0.0097941 0.012268 0.0145156 0.0163972 0.0178017 0.0186556 0.0189279 0.0186301 0.0178127 0.0165577 0.0149686 0.0131596 0.0112447 0.00932808 0.00749685 0.00581805 0.00433984 0.00309374 0.00209277 0.00132799 0.000774532 0.000403414 0.000182424 7.04413e-05 2.31982e-05 6.57255e-06 1.61693e-06 3.46168e-07 6.37785e-08 9.75313e-09 1.12281e-09 6.97579e-11 0 
0 3.59875e-06 3.96024e-05 0.000212598 0.000742676 0.00183834 0.00347733 0.00545062 0.0075445 0.00959187 0.0114547 0.013016 0.0141843 0.0148996 0.0151367 0.0149064 0.0142515 0.0132416 0.0119644 0.0105174 0.00899818 0.00749685 0.00608941 0.00483353 0.00376462 0.00288963 0.00218218 0.00159187 0.00107687 0.000639419 0.000317108 0.000127955 4.21805e-05 1.16436e-05 2.7608e-06 5.68606e-07 1.00878e-07 1.48785e-08 1.65533e-09 9.96136e-11 0 
0 1.89481e-06 2.08692e-05 0.000114622 0.000421994 0.00112535 0.00229285 0.00380495 0.00546852 0.00711756 0.00862499 0.00989141 0.0108419 0.0114282 0.011631 0.0114601 0.0109519 0.010165 0.00917412 0.00806296 0.00691736 0.00581805 0.00483353 0.00401227 0.00337629 0.00291984 0.00260027 0.00230101 0.00185889 0.00124897 0.000656804 0.000264133 8.23223e-05 2.08646e-05 4.54844e-06 8.76715e-07 1.47886e-07 2.09246e-08 2.24472e-09 1.30747e-10 0 
0 9.20086e-07 1.0075e-05 5.60045e-05 0.000214401 0.000610989 0.00134724 0.00240189 0.00364298 0.0049172 0.00610046 0.0071018 0.00785736 0.00832786 0.0084984 0.00837789 0.00799726 0.00740627 0.00666937 0.00586086 0.00505926 0.00433984 0.00376462 0.00337629 0.00322256 0.0034252 0.00409588 0.00484382 0.00472494 0.00342078 0.00177944 0.000667879 0.000184828 3.98601e-05 7.3717e-06 1.2589e-06 1.97397e-07 2.66511e-08 2.75755e-09 1.55741e-10 0 
0 4.1208e-07 4.45821e-06 2.48151e-05 9.72342e-05 0.000291303 0.0006898 0.00132847 0.00215644 0.00306546 0.00394366 0.00470324 0.0052842 0.00565134 0.00579167 0.00571266 0.00544057 0.00501832 0.00450301 0.00396247 0.00346972 0.00309374 0.00288963 0.00291984 0.0034252 0.00517091 0.00891037 0.0131299 0.0140568 0.0103698 0.00521875 0.00181374 0.000446555 8.11984e-05 1.20718e-05 1.69694e-06 2.3737e-07 3.02903e-08 3.0282e-09 1.66498e-10 0 
0 1.70356e-07 1.81121e-06 1.00013e-05 3.951e-05 0.000121988 0.000304536 0.000627844 0.00109384 0.00165507 0.00223617 0.00276289 0.00317857 0.00344834 0.00355807 0.00351248 0.00333322 0.0030572 0.00273448 0.00242476 0.00219136 0.00209277 0.00218218 0.00260027 0.00409588 0.00891037 0.0189939 0.030331 0.0333414 0.0246837 0.0122498 0.00409777 0.000941572 0.000153074 1.89814e-05 2.13651e-06 2.5511e-07 3.03436e-08 2.93885e-09 1.58236e-10 0 
0 6.50879e-08 6.77142e-07 3.68224e-06 1.4486e-05 4.52532e-05 0.000116471 0.000251853 0.000465077 0.000746855 0.00106411 0.00137176 0.00162732 0.00180029 0.00187595 0.00185548 0.00175478 0.00160254 0.00143753 0.00130506 0.0012528 0.00132799 0.00159187 0.00230101 0.00484382 0.0131299 0.030331 0.049615 0.054936 0.0407051 0.0201139 0.00663761 0.0014785 0.000226866 2.52264e-05 2.37962e-06 2.40651e-07 2.64795e-08 2.49681e-09 1.32652e-10 0 
0 2.30171e-08 2.33572e-07 1.24419e-06 4.8306e-06 1.50539e-05 3.91713e-05 8.68468e-05 0.000166371 0.000279001 0.000415293 0.000556578 0.000680799 0.000769185 0.000810978 0.000805485 0.000761957 0.000698029 0.000637424 0.000607915 0.000640937 0.000774532 0.00107687 0.00185889 0.00472494 0.0140568 0.0333414 0.054936 0.0609536 0.0451771 0.022294 0.00732454 0.00161185 0.000240794 2.53398e-05 2.15188e-06 1.92337e-07 1.98683e-08 1.84321e-09 9.75284e-11 0 
0 7.54455e-09 7.45164e-08 3.8744e-07 1.47571e-06 4.54414e-06 1.17886e-05 2.6317e-05 5.12402e-05 8.79585e-05 0.000134495 0.000185099 0.00023166 0.000266311 0.000284 0.000284095 0.000270699 0.000251978 0.000239168 0.000246307 0.000291846 0.000403414 0.000639419 0.00124897 0.00342078 0.0103698 0.0246837 0.0407051 0.0451771 0.033482 0.01652 0.00542343 0.00118939 0.000175818 1.80983e-05 1.47408e-06 1.25245e-07 1.26601e-08 1.17647e-09 6.26581e-11 0 
0 2.29461e-09 2.20297e-08 1.11559e-07 4.15336e-07 1.25635e-06 3.22134e-06 7.15595e-06 1.39578e-05 2.41416e-05 3.73441e-05 5.20876e-05 6.60515e-05 7.68097e-05 8.27189e-05 8.358e-05 8.08625e-05 7.75672e-05 7.80629e-05 8.84356e-05 0.000117946 0.000182424 0.000317108 0.000656804 0.00177944 0.00521875 0.0122498 0.0201139 0.022294 0.01652 0.00815623 0.0026819 0.00058883 8.69809e-05 8.97187e-06 7.41216e-07 6.51137e-08 6.81252e-09 6.48078e-10 3.51213e-11 0 
0 6.47751e-10 6.04125e-09 2.97636e-08 1.08096e-07 3.20151e-07 8.07334e-07 1.7725e-06 3.43394e-06 5.92614e-06 9.18062e-06 1.28582e-05 1.63996e-05 1.92029e-05 2.08587e-05 2.13463e-05 2.11249e-05 2.11428e-05 2.28831e-05 2.86359e-05 4.22169e-05 7.04413e-05 0.000127955 0.000264133 0.000667879 0.00181374 0.00409777 0.00663761 0.00732454 0.00542343 0.0026819 0.000884869 0.00019513 2.90974e-05 3.09144e-06 2.76053e-07 2.73349e-08 3.1118e-09 3.08579e-10 1.7177e-11 0 
0 1.69553e-10 1.53614e-09 7.3605e-09 2.60548e-08 7.54343e-08 1.8661e-07 4.03475e-07 7.72845e-07 1.32373e-06 2.04231e-06 2.85731e-06 3.65009e-06 4.29294e-06 4.70265e-06 4.88856e-06 4.9819e-06 5.25404e-06 6.15658e-06 8.43534e-06 1.33719e-05 2.31982e-05 4.21805e-05 8.23223e-05 0.000184828 0.000446555 0.000941572 0.0014785 0.00161185 0.00118939 0.00058883 0.00019513 4.34765e-05 6.66941e-06 7.64642e-07 8.03366e-08 9.62699e-09 1.22138e-09 1.27421e-10 7.33646e-12 0 
0 4.10292e-11 3.61242e-10 1.68385e-09 5.80911e-09 1.64322e-08 3.98342e-08 8.46759e-08 1.60009e-07 2.71292e-07 4.15705e-07 5.79474e-07 7.39997e-07 8.73459e-07 9.6579e-07 1.02326e-06 1.08066e-06 1.20936e-06 1.53294e-06 2.26114e-06 3.74911e-06 6.57255e-06 1.16436e-05 2.08646e-05 3.98601e-05 8.11984e-05 0.000153074 0.000226866 0.000240794 0.000175818 8.69809e-05 2.90974e-05 6.66941e-06 1.09909e-06 1.48001e-07 2.00447e-08 2.96459e-09 4.16307e-10 4.57547e-11 2.73742e-12 0 
0 9.12078e-12 7.8098e-11 3.54376e-10 1.19205e-09 3.29504e-09 7.82595e-09 1.63464e-08 3.04459e-08 5.10419e-08 7.75851e-08 1.07644e-07 1.37333e-07 1.62728e-07 1.81931e-07 1.97227e-07 2.17106e-07 2.5872e-07 3.52204e-07 5.4844e-07 9.2977e-07 1.61693e-06 2.7608e-06 4.54844e-06 7.3717e-06 1.20718e-05 1.89814e-05 2.52264e-05 2.53398e-05 1.80983e-05 8.97187e-06 3.09144e-06 7.64642e-07 1.48001e-07 2.60249e-08 4.65223e-09 8.12444e-10 1.23589e-10 1.42847e-11 8.90575e-13 0 
0 1.84057e-12 1.53422e-11 6.78337e-11 2.22671e-10 6.01837e-10 1.401e-09 2.8758e-09 5.27891e-09 8.74844e-09 1.31872e-08 1.82074e-08 2.32123e-08 2.76396e-08 3.1321e-08 3.48894e-08 4.02206e-08 5.10171e-08 7.37411e-08 1.18995e-07 2.02845e-07 3.46168e-07 5.68606e-07 8.76715e-07 1.2589e-06 1.69694e-06 2.13651e-06 2.37962e-06 2.15188e-06 1.47408e-06 7.41216e-07 2.76053e-07 8.03366e-08 2.00447e-08 4.65223e-09 1.01187e-09 1.96225e-10 3.17723e-11 3.85533e-12 2.50859e-13 0 
0 3.29712e-13 2.67853e-12 1.15527e-11 3.70469e-11 9.79981e-11 2.23757e-10 4.51617e-10 8.17328e-10 1.33931e-09 2.00251e-09 2.75243e-09 3.50926e-09 4.20593e-09 4.84534e-09 5.56982e-09 6.74417e-09 9.06743e-09 1.37319e-08 2.26078e-08 3.83089e-08 6.37785e-08 1.00878e-07 1.47886e-07 1.97397e-07 2.3737e-07 2.5511e-07 2.40651e-07 1.92337e-07 1.25245e-07 6.51137e-08 2.73349e-08 9.62699e-09 2.96459e-09 8.12444e-10 1.96225e-10 4.07289e-11 6.95644e-12 8.85025e-13 6.01318e-14 0 
0 5.0134e-14 3.97426e-13 1.67426e-12 5.25123e-12 1.36098e-11 3.0509e-11 6.05957e-11 1.08193e-10 1.75401e-10 2.60289e-10 3.56434e-10 4.55041e-10 5.5013e-10 6.46481e-10 7.69833e-10 9.79704e-10 1.38621e-09 2.17069e-09 3.60194e-09 6.02198e-09 9.75313e-09 1.48785e-08 2.09246e-08 2.66511e-08 3.02903e-08 3.03436e-08 2.64795e-08 1.98683e-08 1.26601e-08 6.81252e-09 3.1118e-09 1.22138e-09 4.16307e-10 1.23589e-10 3.17723e-11 6.95644e-12 1.24784e-12 1.66205e-13 1.17868e-14 0 
0 5.83084e-15 4.51622e-14 1.86073e-13 5.7154e-13 1.45305e-12 3.20138e-12 6.26305e-12 1.10418e-11 1.77245e-11 2.61275e-11 3.56848e-11 4.56925e-11 5.58665e-11 6.72052e-11 8.31389e-11 1.10996e-10 1.63805e-10 2.62107e-10 4.34413e-10 7.13291e-10 1.12281e-09 1.65533e-09 2.24472e-09 2.75755e-09 3.0282e-09 2.93885e-09 2.49681e-09 1.84321e-09 1.17647e-09 6.48078e-10 3.08579e-10 1.27421e-10 4.57547e-11 1.42847e-11 3.85533e-12 8.85025e-13 1.66205e-13 2.3133e-14 1.71041e-15 0 
0 3.70064e-16 2.80414e-15 1.13141e-14 3.40772e-14 8.50876e-14 1.84458e-13 3.55821e-13 6.2002e-13 9.86397e-13 1.4459e-12 1.97238e-12 2.53817e-12 3.14759e-12 3.88896e-12 5.00496e-12 6.98094e-12 1.06433e-11 1.72308e-11 2.83417e-11 4.55841e-11 6.97579e-11 9.96136e-11 1.30747e-10 1.55741e-10 1.66498e-10 1.58236e-10 1.32652e-10 9.75284e-11 6.26581e-11 3.51213e-11 1.7177e-11 7.33646e-12 2.73742e-12 8.90575e-13 2.50859e-13 6.01318e-14 1.17868e-14 1.71041e-15 1.31643e-16 0 
0 0 0 0 0 0 0 0 0 0 0 0 0 0 0 0 0 0 0 0 0 0 0 0 0 0 0 0 0 0 0 0 0 0 0 0 0 0 0 0 0 
