0 0 0 0 0 0 0 0 0 0 0 0 0 0 0 0 0 0 0 0 0 0 0 0 0 0 0 0 0 0 0 0 0 0 0 0 0 0 0 0 0 
0 1.23289e-07 1.12262e-06 5.16394e-06 1.66579e-05 4.17773e-05 8.58859e-05 0.00015028 0.000230791 0.00031905 0.000405054 0.000479466 0.000535006 0.000567033 0.000573626 0.000555388 0.000515113 0.000457357 0.000387919 0.000313238 0.000239693 0.000172841 0.000116709 7.33124e-05 4.25722e-05 2.27298e-05 1.11129e-05 4.96344e-06 2.02347e-06 7.53218e-07 2.56253e-07 7.97461e-08 2.27007e-08 5.90032e-09 1.39335e-09 2.95811e-10 5.52841e-11 8.70782e-12 1.04284e-12 6.7812e-14 0 
0 1.12262e-06 1.05782e-05 4.93101e-05 0.000156459 0.000374288 0.000717608 0.00115999 0.00164991 0.00213401 0.00256916 0.00292431 0.00317897 0.00332176 0.00334938 0.00326585 0.00308147 0.00281167 0.00247581 0.00209608 0.00169673 0.00130322 0.000940691 0.000631114 0.00038909 0.000218194 0.00011047 5.03092e-05 2.06085e-05 7.6142e-06 2.5474e-06 7.74635e-07 2.14618e-07 5.41771e-08 1.24152e-08 2.55798e-09 4.64277e-10 7.10991e-11 8.28974e-12 5.25585e-13 0 
0 5.16394e-06 4.93101e-05 0.000224417 0.000664349 0.00143424 0.00246274 0.00361574 0.00477866 0.00586972 0.00682679 0.00760015 0.00815246 0.0084609 0.0085186 0.00833439 0.00793102 0.00734202 0.00660783 0.00577177 0.00487674 0.0039634 0.00307091 0.00223945 0.00151159 0.000926761 0.000507242 0.000244974 0.000104039 3.90128e-05 1.30245e-05 3.90578e-06 1.05929e-06 2.60673e-07 5.81197e-08 1.16447e-08 2.05605e-09 3.06589e-10 3.48514e-11 2.15744e-12 0 
0 1.66579e-05 0.000156459 0.000664349 0.00175448 0.00335753 0.00524792 0.00725072 0.00924538 0.0111239 0.0127826 0.0141297 0.0150946 0.0156338 0.0157335 0.0154089 0.0147009 0.0136706 0.012392 0.0109448 0.00940659 0.00784715 0.0063237 0.00488094 0.00355729 0.00239643 0.00145261 0.000771486 0.000352824 0.000138579 4.72144e-05 1.41676e-05 3.79605e-06 9.16113e-07 1.99561e-07 3.9004e-08 6.71669e-09 9.77402e-10 1.0854e-10 6.57233e-12 0 
0 4.17773e-05 0.000374288 0.00143424 0.00335753 0.00586897 0.00871565 0.0117352 0.0147673 0.0176391 0.0201827 0.0222518 0.0237349 0.0245637 0.0247162 0.0242159 0.0231262 0.0215419 0.0195785 0.0173606 0.0150115 0.0126429 0.0103477 0.00819451 0.00622681 0.00447089 0.00295687 0.00173939 0.0008783 0.000372663 0.000133052 4.07025e-05 1.09045e-05 2.60089e-06 5.56489e-07 1.06524e-07 1.79482e-08 2.55575e-09 2.77927e-10 1.64975e-11 0 
0 8.58859e-05 0.000717608 0.00246274 0.00524792 0.00871565 0.0126503 0.0168539 0.021091 0.0251112 0.0286746 0.0315745 0.0336535 0.0348152 0.0350287 0.0343268 0.0327988 0.0305779 0.0278266 0.024721 0.0214349 0.0181276 0.0149331 0.0119536 0.00925516 0.00686797 0.00479791 0.00305794 0.00170188 0.000792985 0.000303532 9.65233e-05 2.62068e-05 6.23223e-06 1.3176e-06 2.48114e-07 4.10495e-08 5.73721e-09 6.12591e-10 3.57325e-11 0 
0 0.00015028 0.00115999 0.00361574 0.00725072 0.0117352 0.0168539 0.0223396 0.0278757 0.0331309 0.0377904 0.0415827 0.0443021 0.0458219 0.0461014 0.0451834 0.043185 0.0402808 0.0366836 0.0326241 0.0283305 0.024012 0.0198459 0.015969 0.0124731 0.00940429 0.00676624 0.00453895 0.00272591 0.00138979 0.000576816 0.000193659 5.39674e-05 1.29087e-05 2.71304e-06 5.04863e-07 8.23199e-08 1.13284e-08 1.191e-09 6.8439e-11 0 
0 0.000230791 0.00164991 0.00477866 0.00924538 0.0147673 0.021091 0.0278757 0.0347254 0.0412287 0.0469957 0.0516919 0.055065 0.056956 0.0573051 0.0561629 0.0536817 0.0500836 0.0456314 0.0406084 0.0352967 0.0299559 0.0248062 0.0200184 0.0157095 0.0119419 0.00872604 0.00602988 0.00381295 0.00209161 0.000939163 0.000335482 9.68686e-05 2.34809e-05 4.933e-06 9.11003e-07 1.46916e-07 1.99688e-08 2.07293e-09 1.17649e-10 0 
0 0.00031905 0.00213401 0.00586972 0.0111239 0.0176391 0.0251112 0.0331309 0.0412287 0.0489181 0.0557417 0.0613186 0.0653579 0.067644 0.0680698 0.0666873 0.0637026 0.0594124 0.0541356 0.0481952 0.0419162 0.0356038 0.0295189 0.0238643 0.0187797 0.0143422 0.01057 0.00742853 0.00485247 0.00280741 0.0013479 0.00051181 0.000153812 3.79771e-05 8.00975e-06 1.47334e-06 2.35757e-07 3.17427e-08 3.26245e-09 1.83334e-10 0 
0 0.000405054 0.00256916 0.00682679 0.0127826 0.0201827 0.0286746 0.0377904 0.0469957 0.0557417 0.063529 0.0699407 0.0745993 0.0772146 0.0777017 0.0761338 0.0727017 0.0677514 0.0617018 0.0549327 0.0477932 0.0406184 0.033703 0.0272783 0.0215039 0.0164693 0.0121987 0.00865794 0.00576929 0.00346083 0.00174979 0.000700899 0.00021905 5.52036e-05 1.17208e-05 2.15345e-06 3.42852e-07 4.585e-08 4.67749e-09 2.60888e-10 0 
0 0.000479466 0.00292431 0.00760015 0.0141297 0.0222518 0.0315745 0.0415827 0.0516919 0.0613186 0.0699407 0.0770115 0.0819753 0.0846364 0.085128 0.0835666 0.0799965 0.0746151 0.0679162 0.060438 0.0525869 0.0447083 0.0371161 0.0300634 0.0237261 0.0182036 0.0135245 0.00965533 0.00651203 0.00399904 0.00209781 0.000876514 0.000283384 7.28195e-05 1.558e-05 2.86454e-06 4.54791e-07 6.05517e-08 6.14613e-09 3.41024e-10 0 
0 0.000535006 0.00317897 0.00815246 0.0150946 0.0237349 0.0336535 0.0443021 0.055065 0.0653579 0.0745993 0.0819753 0.0868724 0.0893973 0.0898657 0.0884087 0.0849711 0.0795197 0.0724314 0.06442 0.0560393 0.047652 0.0395734 0.0320693 0.0253272 0.0194534 0.0144797 0.010373 0.00704589 0.00438929 0.00235854 0.00101518 0.000336768 8.79237e-05 1.8946e-05 3.48947e-06 5.5344e-07 7.35154e-08 7.44078e-09 4.11635e-10 0 
0 0.000567033 0.00332176 0.0084609 0.0156338 0.0245637 0.0348152 0.0458219 0.056956 0.067644 0.0772146 0.0846364 0.0893973 0.0918192 0.0922728 0.0908876 0.0875818 0.0822097 0.0749866 0.0666784 0.0579887 0.0493133 0.0409615 0.0332038 0.026234 0.0201625 0.0150227 0.0107818 0.007351 0.00461449 0.0025129 0.00110065 0.00037103 9.79078e-05 2.12126e-05 3.9153e-06 6.21235e-07 8.24894e-08 8.34335e-09 4.61231e-10 0 
0 0.000573626 0.00334938 0.0085186 0.0157335 0.0247162 0.0350287 0.0461014 0.0573051 0.0680698 0.0777017 0.085128 0.0898657 0.0922728 0.0927264 0.0913556 0.0880762 0.0827264 0.0754872 0.0671252 0.0583769 0.049647 0.0412436 0.0334373 0.0264234 0.0203133 0.015141 0.0108737 0.00742263 0.00467071 0.00255448 0.00112556 0.000381747 0.000101219 2.20022e-05 4.07033e-06 6.46986e-07 8.60459e-08 8.717e-09 4.82715e-10 0 
0 0.000555388 0.00326585 0.00833439 0.0154089 0.0242159 0.0343268 0.0451834 0.0561629 0.0666873 0.0761338 0.0835666 0.0884087 0.0908876 0.0913556 0.0899447 0.086584 0.0811724 0.0739985 0.0658139 0.0572545 0.0486983 0.0404575 0.0328011 0.0259209 0.0199263 0.0148506 0.0106614 0.00727105 0.00456574 0.00248784 0.00109136 0.000368988 9.77695e-05 2.12826e-05 3.94794e-06 6.29718e-07 8.4082e-08 8.55511e-09 4.75973e-10 0 
0 0.000515113 0.00308147 0.00793102 0.0147009 0.0231262 0.0327988 0.043185 0.0536817 0.0637026 0.0727017 0.0799965 0.0849711 0.0875818 0.0880762 0.086584 0.0830874 0.0776503 0.0707175 0.0629313 0.0547718 0.0465917 0.0387074 0.0313807 0.0247954 0.0190558 0.0141937 0.010177 0.0069205 0.00431825 0.00232739 0.00100744 0.000337054 8.89077e-05 1.93698e-05 3.60831e-06 5.79092e-07 7.78885e-08 7.98912e-09 4.48342e-10 0 
0 0.000457357 0.00281167 0.00734202 0.0136706 0.0215419 0.0305779 0.0402808 0.0500836 0.0594124 0.0677514 0.0746151 0.0795197 0.0822097 0.0827264 0.0811724 0.0776503 0.0724262 0.0659704 0.0587515 0.0511513 0.0435142 0.0361497 0.0293045 0.0231501 0.0177836 0.0132338 0.00946887 0.00640767 0.00395734 0.00209688 0.000889992 0.000293506 7.70319e-05 1.68315e-05 3.16029e-06 5.12656e-07 6.98096e-08 7.25659e-09 4.12944e-10 0 
0 0.000387919 0.00247581 0.00660783 0.012392 0.0195785 0.0278266 0.0366836 0.0456314 0.0541356 0.0617018 0.0679162 0.0724314 0.0749866 0.0754872 0.0739985 0.0707175 0.0659704 0.0601379 0.0535847 0.0466597 0.0396941 0.0329756 0.0267295 0.0211118 0.0162103 0.0120496 0.00859802 0.00578057 0.00352303 0.00182932 0.000760459 0.000247779 6.50323e-05 1.43445e-05 2.73416e-06 4.51567e-07 6.26912e-08 6.64679e-09 3.85728e-10 0 
0 0.000313238 0.00209608 0.00577177 0.0109448 0.0173606 0.024721 0.0326241 0.0406084 0.0481952 0.0549327 0.060438 0.06442 0.0666784 0.0671252 0.0658139 0.0629313 0.0587515 0.0535847 0.0477547 0.0415856 0.0353791 0.0293927 0.0238266 0.0188191 0.0144469 0.0107294 0.00763533 0.00509889 0.0030682 0.00156702 0.000643648 0.000209792 5.57916e-05 1.25732e-05 2.45785e-06 4.16697e-07 5.93412e-08 6.44313e-09 3.82082e-10 0 
0 0.000239693 0.00169673 0.00487674 0.00940659 0.0150115 0.0214349 0.0283305 0.0352967 0.0419162 0.0477932 0.0525869 0.0560393 0.0579887 0.0583769 0.0572545 0.0547718 0.0511513 0.0466597 0.0415856 0.036216 0.0308152 0.0256071 0.0207659 0.0164105 0.0126058 0.00936583 0.00666079 0.0044369 0.002661 0.00136048 0.000565653 0.000189008 5.19294e-05 1.21097e-05 2.44382e-06 4.25991e-07 6.20911e-08 6.86962e-09 4.13399e-10 0 
0 0.000172841 0.00130322 0.0039634 0.00784715 0.0126429 0.0181276 0.024012 0.0299559 0.0356038 0.0406184 0.0447083 0.047652 0.0493133 0.049647 0.0486983 0.0465917 0.0435142 0.0396941 0.0353791 0.0308152 0.0262278 0.021808 0.0177035 0.0140149 0.0107957 0.00805608 0.00576952 0.00388983 0.00238424 0.00126367 0.000551568 0.000194102 5.57914e-05 1.34622e-05 2.7814e-06 4.92123e-07 7.23368e-08 8.03186e-09 4.83331e-10 0 
0 0.000116709 0.000940691 0.00307091 0.0063237 0.0103477 0.0149331 0.0198459 0.0248062 0.0295189 0.033703 0.0371161 0.0395734 0.0409615 0.0412436 0.0404575 0.0387074 0.0361497 0.0329756 0.0293927 0.0256071 0.021808 0.0181553 0.0147731 0.0117479 0.00913152 0.00693741 0.00512567 0.00361489 0.0023463 0.00133154 0.000624383 0.000233066 6.94427e-05 1.70078e-05 3.51738e-06 6.18023e-07 8.9828e-08 9.84126e-09 5.83765e-10 0 
0 7.33124e-05 0.000631114 0.00223945 0.00488094 0.00819451 0.0119536 0.015969 0.0200184 0.0238643 0.0272783 0.0300634 0.0320693 0.0332038 0.0334373 0.0328011 0.0313807 0.0293045 0.0267295 0.0238266 0.0207659 0.0177035 0.0147731 0.0120838 0.00973534 0.00783565 0.00643574 0.00536276 0.00425535 0.00296824 0.00173981 0.000836036 0.000318385 9.49495e-05 2.28591e-05 4.61057e-06 7.88846e-07 1.11715e-07 1.19412e-08 6.92235e-10 0 
0 4.25722e-05 0.00038909 0.00151159 0.00355729 0.00622681 0.00925516 0.0124731 0.0157095 0.0187797 0.0215039 0.0237261 0.0253272 0.026234 0.0264234 0.0259209 0.0247954 0.0231501 0.0211118 0.0188191 0.0164105 0.0140149 0.0117479 0.00973534 0.00820856 0.0076098 0.00826035 0.00935606 0.00901554 0.00656884 0.0035428 0.00147976 0.000502456 0.000137892 3.09146e-05 5.88775e-06 9.64869e-07 1.32049e-07 1.37084e-08 7.74531e-10 0 
0 2.27298e-05 0.000218194 0.000926761 0.00239643 0.00447089 0.00686797 0.00940429 0.0119419 0.0143422 0.0164693 0.0182036 0.0194534 0.0201625 0.0203133 0.0199263 0.0190558 0.0177836 0.0162103 0.0144469 0.0126058 0.0107957 0.00913152 0.00783565 0.0076098 0.0101229 0.0167217 0.0244059 0.0261716 0.0192437 0.00973518 0.0034731 0.000948742 0.000214602 4.13128e-05 7.06824e-06 1.08669e-06 1.43012e-07 1.44243e-08 7.95661e-10 0 
0 1.11129e-05 0.00011047 0.000507242 0.00145261 0.00295687 0.00479791 0.00676624 0.00872604 0.01057 0.0121987 0.0135245 0.0144797 0.0150227 0.015141 0.0148506 0.0141937 0.0132338 0.0120496 0.0107294 0.00936583 0.00805608 0.00693741 0.00643574 0.00826035 0.0167217 0.0352133 0.0607015 0.0693816 0.0465822 0.022673 0.00762565 0.00181689 0.000338194 5.34608e-05 7.81449e-06 1.09827e-06 1.38416e-07 1.3612e-08 7.3662e-10 0 
0 4.96344e-06 5.03092e-05 0.000244974 0.000771486 0.00173939 0.00305794 0.00453895 0.00602988 0.00742853 0.00865794 0.00965533 0.010373 0.0107818 0.0108737 0.0106614 0.010177 0.00946887 0.00859802 0.00763533 0.00666079 0.00576952 0.00512567 0.00536276 0.00935606 0.0244059 0.0607015 0.0866766 0.0895456 0.0791201 0.0382978 0.0122934 0.00277859 0.000461321 6.20716e-05 7.6997e-06 9.74859e-07 1.17593e-07 1.13475e-08 6.06736e-10 0 
0 2.02347e-06 2.06085e-05 0.000104039 0.000352824 0.0008783 0.00170188 0.00272591 0.00381295 0.00485247 0.00576929 0.00651203 0.00704589 0.007351 0.00742263 0.00727105 0.0069205 0.00640767 0.00578057 0.00509889 0.0044369 0.00388983 0.00361489 0.00425535 0.00901554 0.0261716 0.0693816 0.0895456 0.0919146 0.0843103 0.0449498 0.0135535 0.00301047 0.000475283 5.81468e-05 6.39281e-06 7.41416e-07 8.64798e-08 8.26986e-09 4.40762e-10 0 
0 7.53218e-07 7.6142e-06 3.90128e-05 0.000138579 0.000372663 0.000792985 0.00138979 0.00209161 0.00280741 0.00346083 0.00399904 0.00438929 0.00461449 0.00467071 0.00456574 0.00431825 0.00395734 0.00352303 0.0030682 0.002661 0.00238424 0.0023463 0.00296824 0.00656884 0.0192437 0.0465822 0.0791201 0.0843103 0.0656922 0.0305678 0.0100381 0.00222372 0.000345806 4.06305e-05 4.22453e-06 4.71183e-07 5.44932e-08 5.23505e-09 2.80861e-10 0 
0 2.56253e-07 2.5474e-06 1.30245e-05 4.72144e-05 0.000133052 0.000303532 0.000576816 0.000939163 0.0013479 0.00174979 0.00209781 0.00235854 0.0025129 0.00255448 0.00248784 0.00232739 0.00209688 0.00182932 0.00156702 0.00136048 0.00126367 0.00133154 0.00173981 0.0035428 0.00973518 0.022673 0.0382978 0.0449498 0.0305678 0.0150842 0.00497379 0.00111009 0.000173647 2.04461e-05 2.15479e-06 2.46854e-07 2.92885e-08 2.87048e-09 1.56557e-10 0 
0 7.97461e-08 7.74635e-07 3.90578e-06 1.41676e-05 4.07025e-05 9.65233e-05 0.000193659 0.000335482 0.00051181 0.000700899 0.000876514 0.00101518 0.00110065 0.00112556 0.00109136 0.00100744 0.000889992 0.000760459 0.000643648 0.000565653 0.000551568 0.000624383 0.000836036 0.00147976 0.0034731 0.00762565 0.0122934 0.0135535 0.0100381 0.00497379 0.00165563 0.000376127 6.02601e-05 7.43468e-06 8.55054e-07 1.07294e-07 1.34596e-08 1.36377e-09 7.62816e-11 0 
0 2.27007e-08 2.14618e-07 1.05929e-06 3.79605e-06 1.09045e-05 2.62068e-05 5.39674e-05 9.68686e-05 0.000153812 0.00021905 0.000283384 0.000336768 0.00037103 0.000381747 0.000368988 0.000337054 0.000293506 0.000247779 0.000209792 0.000189008 0.000194102 0.000233066 0.000318385 0.000502456 0.000948742 0.00181689 0.00277859 0.00301047 0.00222372 0.00111009 0.000376127 8.79165e-05 1.4849e-05 2.04304e-06 2.76162e-07 3.95511e-08 5.32533e-09 5.62579e-10 3.2498e-11 0 
0 5.90032e-09 5.41771e-08 2.60673e-07 9.16113e-07 2.60089e-06 6.23223e-06 1.29087e-05 2.34809e-05 3.79771e-05 5.52036e-05 7.28195e-05 8.79237e-05 9.79078e-05 0.000101219 9.77695e-05 8.89077e-05 7.70319e-05 6.50323e-05 5.57916e-05 5.19294e-05 5.57914e-05 6.94427e-05 9.49495e-05 0.000137892 0.000214602 0.000338194 0.000461321 0.000475283 0.000345806 0.000173647 6.02601e-05 1.4849e-05 2.80075e-06 4.65065e-07 7.72352e-08 1.26433e-08 1.82582e-09 2.01893e-10 1.2105e-11 0 
0 1.39335e-09 1.24152e-08 5.81197e-08 1.99561e-07 5.56489e-07 1.3176e-06 2.71304e-06 4.933e-06 8.00975e-06 1.17208e-05 1.558e-05 1.8946e-05 2.12126e-05 2.20022e-05 2.12826e-05 1.93698e-05 1.68315e-05 1.43445e-05 1.25732e-05 1.21097e-05 1.34622e-05 1.70078e-05 2.28591e-05 3.09146e-05 4.13128e-05 5.34608e-05 6.20716e-05 5.81468e-05 4.06305e-05 2.04461e-05 7.43468e-06 2.04304e-06 4.65065e-07 9.73749e-08 1.94478e-08 3.53722e-09 5.43601e-10 6.30021e-11 3.93363e-12 0 
0 2.95811e-10 2.55798e-09 1.16447e-08 3.9004e-08 1.06524e-07 2.48114e-07 5.04863e-07 9.11003e-07 1.47334e-06 2.15345e-06 2.86454e-06 3.48947e-06 3.9153e-06 4.07033e-06 3.94794e-06 3.60831e-06 3.16029e-06 2.73416e-06 2.45785e-06 2.44382e-06 2.7814e-06 3.51738e-06 4.61057e-06 5.88775e-06 7.06824e-06 7.81449e-06 7.6997e-06 6.39281e-06 4.22453e-06 2.15479e-06 8.55054e-07 2.76162e-07 7.72352e-08 1.94478e-08 4.38999e-09 8.61279e-10 1.399e-10 1.69984e-11 1.10722e-12 0 
0 5.52841e-11 4.64277e-10 2.05605e-09 6.71669e-09 1.79482e-08 4.10495e-08 8.23199e-08 1.46916e-07 2.35757e-07 3.42852e-07 4.54791e-07 5.5344e-07 6.21235e-07 6.46986e-07 6.29718e-07 5.79092e-07 5.12656e-07 4.51567e-07 4.16697e-07 4.25991e-07 4.92123e-07 6.18023e-07 7.88846e-07 9.64869e-07 1.08669e-06 1.09827e-06 9.74859e-07 7.41416e-07 4.71183e-07 2.46854e-07 1.07294e-07 3.95511e-08 1.26433e-08 3.53722e-09 8.61279e-10 1.79233e-10 3.06443e-11 3.90165e-12 2.65296e-13 0 
0 8.70782e-12 7.10991e-11 3.06589e-10 9.77402e-10 2.55575e-09 5.73721e-09 1.13284e-08 1.99688e-08 3.17427e-08 4.585e-08 6.05517e-08 7.35154e-08 8.24894e-08 8.60459e-08 8.4082e-08 7.78885e-08 6.98096e-08 6.26912e-08 5.93412e-08 6.20911e-08 7.23368e-08 8.9828e-08 1.11715e-07 1.32049e-07 1.43012e-07 1.38416e-07 1.17593e-07 8.64798e-08 5.44932e-08 2.92885e-08 1.34596e-08 5.32533e-09 1.82582e-09 5.43601e-10 1.399e-10 3.06443e-11 5.49898e-12 7.32765e-13 5.19933e-14 0 
0 1.04284e-12 8.28974e-12 3.48514e-11 1.0854e-10 2.77927e-10 6.12591e-10 1.191e-09 2.07293e-09 3.26245e-09 4.67749e-09 6.14613e-09 7.44078e-09 8.34335e-09 8.717e-09 8.55511e-09 7.98912e-09 7.25659e-09 6.64679e-09 6.44313e-09 6.86962e-09 8.03186e-09 9.84126e-09 1.19412e-08 1.37084e-08 1.44243e-08 1.3612e-08 1.13475e-08 8.26986e-09 5.23505e-09 2.87048e-09 1.36377e-09 5.62579e-10 2.01893e-10 6.30021e-11 1.69984e-11 3.90165e-12 7.32765e-13 1.0201e-13 7.54499e-15 0 
0 6.7812e-14 5.25585e-13 2.15744e-12 6.57233e-12 1.64975e-11 3.57325e-11 6.8439e-11 1.17649e-10 1.83334e-10 2.60888e-10 3.41024e-10 4.11635e-10 4.61231e-10 4.82715e-10 4.75973e-10 4.48342e-10 4.12944e-10 3.85728e-10 3.82082e-10 4.13399e-10 4.83331e-10 5.83765e-10 6.92235e-10 7.74531e-10 7.95661e-10 7.3662e-10 6.06736e-10 4.40762e-10 2.80861e-10 1.56557e-10 7.62816e-11 3.2498e-11 1.2105e-11 3.93363e-12 1.10722e-12 2.65296e-13 5.19933e-14 7.54499e-15 5.80801e-16 0 
0 0 0 0 0 0 0 0 0 0 0 0 0 0 0 0 0 0 0 0 0 0 0 0 0 0 0 0 0 0 0 0 0 0 0 0 0 0 0 0 0 
