0 0 0 0 0 0 0 0 0 0 0 0 0 0 0 0 0 0 0 0 0 0 0 0 0 0 0 0 0 0 0 0 0 0 0 0 0 0 0 0 0 
0 3.63409e-07 3.24456e-06 1.43579e-05 4.37088e-05 0.000102024 0.000194203 0.00031566 0.000454345 0.000595455 0.000725226 0.000832775 0.000910584 0.000954369 0.000962766 0.000936972 0.000880381 0.000798197 0.000697037 0.000584492 0.000468606 0.000357232 0.00025724 0.000173675 0.000109072 6.3226e-05 3.35949e-05 1.62737e-05 7.16164e-06 2.85868e-06 1.0349e-06 3.39989e-07 1.01384e-07 2.74083e-08 6.68904e-09 1.45941e-09 2.78952e-10 4.47545e-11 5.44098e-12 3.58175e-13 0 
0 3.24456e-06 2.96427e-05 0.000129631 0.000373766 0.000798716 0.00137169 0.00201975 0.00267366 0.00328304 0.0038126 0.00423676 0.00453746 0.00470421 0.00473443 0.00463331 0.00441292 0.00409064 0.00368731 0.0032255 0.00272828 0.00221891 0.0017212 0.00125987 0.00085903 0.000538017 0.00030543 0.000155533 7.0621e-05 2.85595e-05 1.03133e-05 3.34006e-06 9.74005e-07 2.56236e-07 6.06964e-08 1.28411e-08 2.38033e-09 3.70682e-10 4.37991e-11 2.80662e-12 0 
0 1.43579e-05 0.000129631 0.000529432 0.00135599 0.00253886 0.00390164 0.00531548 0.00670161 0.00799421 0.00912879 0.0100467 0.0107021 0.0110666 0.0111317 0.0109083 0.0104244 0.00972119 0.00884864 0.00785983 0.00680604 0.00573232 0.00467504 0.00366288 0.00272214 0.0018842 0.00118764 0.000666221 0.000326808 0.000139119 5.15268e-05 1.67555e-05 4.83321e-06 1.24607e-06 2.87781e-07 5.92209e-08 1.06714e-08 1.6162e-09 1.85929e-10 1.16167e-11 0 
0 4.37088e-05 0.000373766 0.00135599 0.00302292 0.0050962 0.00738299 0.00977844 0.0121704 0.0144291 0.0164252 0.0180456 0.0192044 0.0198493 0.0199642 0.0195681 0.0187111 0.0174675 0.0159277 0.0141892 0.0123479 0.0104911 0.00869028 0.00699667 0.00543966 0.0040328 0.0027905 0.00174795 0.000957843 0.000447118 0.000176173 5.90858e-05 1.71571e-05 4.38268e-06 9.93806e-07 1.99881e-07 3.5138e-08 5.19058e-09 5.82814e-10 3.55832e-11 0 
0 0.000102024 0.000798716 0.00253886 0.0050962 0.00815873 0.0115907 0.0152409 0.0189102 0.0223836 0.0254563 0.0279518 0.0297367 0.03073 0.0309067 0.0302962 0.0289757 0.0270601 0.0246889 0.0220131 0.0191823 0.0163333 0.013582 0.0110166 0.00869377 0.00663606 0.0048372 0.00328507 0.0019998 0.00104314 0.000451028 0.000160659 4.79784e-05 1.23126e-05 2.76563e-06 5.46906e-07 9.4209e-08 1.36212e-08 1.4972e-09 8.95583e-11 0 
0 0.000194203 0.00137169 0.00390164 0.00738299 0.0115907 0.0163682 0.0214722 0.0266095 0.0314749 0.0357796 0.0392761 0.0417776 0.0431703 0.0434181 0.0425618 0.0407107 0.0380262 0.034704 0.0309557 0.0269912 0.0230031 0.0191552 0.0155746 0.0123482 0.00952056 0.00709301 0.00503064 0.00329422 0.00189665 0.000909483 0.000351746 0.000110301 2.88628e-05 6.48447e-06 1.26906e-06 2.15238e-07 3.05766e-08 3.30068e-09 1.93984e-10 0 
0 0.00031566 0.00201975 0.00531548 0.00977844 0.0152409 0.0214722 0.0281364 0.034846 0.0412014 0.0468269 0.0514158 0.0547633 0.0567025 0.0570585 0.0558459 0.0533226 0.0497707 0.0454212 0.0405242 0.0353462 0.0301382 0.0251148 0.0204431 0.0162392 0.0125677 0.00944322 0.00683168 0.00466283 0.00288087 0.00151511 0.000640878 0.000214172 5.79002e-05 1.31322e-05 2.55989e-06 4.29517e-07 6.01819e-08 6.40113e-09 3.70692e-10 0 
0 0.000454345 0.00267366 0.00670161 0.0121704 0.0189102 0.0266095 0.034846 0.0431397 0.0510017 0.0580524 0.0642916 0.0695459 0.0727584 0.0733597 0.0713742 0.0672237 0.0619434 0.0562648 0.0501642 0.0437604 0.0373236 0.0311157 0.0253439 0.0201525 0.0156239 0.0117828 0.00860012 0.00599674 0.00387206 0.00218508 0.00100374 0.000359399 0.000101276 2.33637e-05 4.56163e-06 7.60472e-07 1.05475e-07 1.10889e-08 6.34548e-10 0 
0 0.000595455 0.00328304 0.00799421 0.0144291 0.0223836 0.0314749 0.0412014 0.0510017 0.0604219 0.0698066 0.078707 0.0843531 0.0869668 0.0874385 0.0859699 0.0821761 0.0754477 0.0671559 0.0593726 0.0517367 0.0441313 0.036801 0.0299864 0.0238584 0.0185154 0.0139896 0.0102542 0.00722834 0.00478927 0.00283746 0.00139406 0.000532826 0.000157001 3.701e-05 7.26768e-06 1.20813e-06 1.66396e-07 1.73413e-08 9.83179e-10 0 
0 0.000725226 0.0038126 0.00912879 0.0164252 0.0254563 0.0357796 0.0468269 0.0580524 0.0698066 0.0816986 0.0889097 0.0926419 0.0944353 0.0947877 0.0938035 0.0913045 0.0866675 0.0784739 0.068091 0.0588543 0.0501594 0.0418331 0.0340954 0.0271381 0.0210735 0.0159394 0.0117098 0.00830164 0.00558222 0.00341364 0.00176338 0.000712349 0.000218959 5.2809e-05 1.04546e-05 1.73743e-06 2.38251e-07 2.46766e-08 1.38952e-09 0 
0 0.000832775 0.00423676 0.0100467 0.0180456 0.0279518 0.0392761 0.0514158 0.0642916 0.078707 0.0889097 0.0942155 0.0971842 0.0986696 0.0989776 0.0981802 0.0961733 0.0926016 0.0865427 0.0763016 0.0649196 0.0550778 0.0459231 0.0374348 0.0298035 0.0231522 0.0175231 0.0128897 0.00916673 0.00621597 0.00387702 0.0020736 0.000874107 0.000278415 6.85708e-05 1.36925e-05 2.27852e-06 3.11718e-07 3.21567e-08 1.8023e-09 0 
0 0.000910584 0.00453746 0.0107021 0.0192044 0.0297367 0.0417776 0.0547633 0.0695459 0.0843531 0.0926419 0.0971842 0.0998226 0.101169 0.101458 0.100747 0.0989607 0.0958425 0.090753 0.0820738 0.0697495 0.0586531 0.0488535 0.0398262 0.0317124 0.024641 0.0186573 0.0137341 0.00978406 0.00666569 0.00420622 0.00229996 0.000998319 0.000326445 8.17406e-05 1.64457e-05 2.7421e-06 3.74819e-07 3.85822e-08 2.15658e-09 0 
0 0.000954369 0.00470421 0.0110666 0.0198493 0.03073 0.0431703 0.0567025 0.0727584 0.0869668 0.0944353 0.0986696 0.101169 0.102456 0.102736 0.102064 0.100373 0.0974435 0.0927413 0.0848941 0.0726698 0.0607031 0.0504909 0.0411611 0.0327783 0.0254726 0.0192911 0.0142062 0.0101292 0.00691683 0.00439072 0.00242942 0.0010721 0.000356123 9.01143e-05 1.82267e-05 3.04505e-06 4.16324e-07 4.28294e-08 2.39174e-09 0 
0 0.000962766 0.00473443 0.0111317 0.0199642 0.0309067 0.0434181 0.0570585 0.0733597 0.0874385 0.0947877 0.0989776 0.101458 0.102736 0.103016 0.102349 0.100672 0.0977706 0.0931254 0.0854054 0.0732244 0.0610843 0.0507902 0.0414057 0.0329744 0.0256264 0.0194092 0.014295 0.0101951 0.00696624 0.00442896 0.00245838 0.00109003 0.000363869 9.24274e-05 1.87414e-05 3.13604e-06 4.29238e-07 4.41963e-08 2.47e-09 0 
0 0.000936972 0.00463331 0.0109083 0.0195681 0.0302962 0.0425618 0.0558459 0.0713742 0.0859699 0.0938035 0.0981802 0.100747 0.102064 0.102349 0.101659 0.099923 0.0969069 0.0920316 0.0838087 0.0714307 0.0598265 0.0497984 0.0405995 0.0323324 0.0251273 0.0190305 0.0140149 0.0099928 0.00682232 0.00432748 0.00239098 0.0010536 0.000349867 8.86398e-05 1.79699e-05 3.01078e-06 4.12927e-07 4.26189e-08 2.38802e-09 0 
0 0.000880381 0.00441292 0.0104244 0.0187111 0.0289757 0.0407107 0.0533226 0.0672237 0.0821761 0.0913045 0.0961733 0.0989607 0.100373 0.100672 0.099923 0.0980393 0.0947263 0.0892363 0.0798028 0.0676806 0.0571626 0.0476453 0.0388458 0.030935 0.0240397 0.0182045 0.0134028 0.00954899 0.00650413 0.00410022 0.00223818 0.000970483 0.000317762 7.98771e-05 1.61598e-05 2.71149e-06 3.73124e-07 3.86754e-08 2.17734e-09 0 
0 0.000798197 0.00409064 0.00972119 0.0174675 0.0270601 0.0380262 0.0497707 0.0619434 0.0754477 0.0866675 0.0926016 0.0958425 0.0974435 0.0977706 0.0969069 0.0947263 0.0907956 0.0839774 0.0732885 0.0627498 0.0533764 0.0445209 0.0362986 0.0289051 0.0224601 0.0170048 0.0125135 0.00890329 0.00603958 0.00376803 0.00201749 0.000853611 0.000273846 6.80977e-05 1.37443e-05 2.31267e-06 3.19998e-07 3.33965e-08 1.89429e-09 0 
0 0.000697037 0.00368731 0.00884864 0.0159277 0.0246889 0.034704 0.0454212 0.0562648 0.0671559 0.0784739 0.0865427 0.090753 0.0927413 0.0931254 0.0920316 0.0892363 0.0839774 0.0753281 0.0658126 0.0571362 0.0487304 0.0406535 0.0331451 0.0263928 0.0205059 0.0155214 0.0114143 0.00810449 0.00546394 0.00335905 0.00175347 0.000720235 0.000225914 5.5614e-05 1.12247e-05 1.89998e-06 2.65263e-07 2.79732e-08 1.60415e-09 0 
0 0.000584492 0.0032255 0.00785983 0.0141892 0.0220131 0.0309557 0.0405242 0.0501642 0.0593726 0.068091 0.0763016 0.0820738 0.0848941 0.0854054 0.0838087 0.0798028 0.0732885 0.0658126 0.0584483 0.0509745 0.0434986 0.0362903 0.0295882 0.0235606 0.0183046 0.0138524 0.0101789 0.00720736 0.00481993 0.00291113 0.00147872 0.000590583 0.000182007 4.46236e-05 9.05901e-06 1.55061e-06 2.19437e-07 2.34736e-08 1.36533e-09 0 
0 0.000468606 0.00272828 0.00680604 0.0123479 0.0191823 0.0269912 0.0353462 0.0437604 0.0517367 0.0588543 0.0649196 0.0697495 0.0726698 0.0732244 0.0714307 0.0676806 0.0627498 0.0571362 0.0509745 0.0444881 0.0379667 0.0316769 0.0258292 0.0205701 0.0159837 0.0120965 0.00888357 0.00627283 0.00416251 0.0024771 0.0012346 0.00048596 0.00014928 3.68768e-05 7.59071e-06 1.32057e-06 1.89975e-07 2.06389e-08 1.2174e-09 0 
0 0.000357232 0.00221891 0.00573232 0.0104911 0.0163333 0.0230031 0.0301382 0.0373236 0.0441313 0.0501594 0.0550778 0.0586531 0.0607031 0.0610843 0.0598265 0.0571626 0.0533764 0.0487304 0.0434986 0.0379667 0.0324036 0.0270394 0.0220533 0.0175706 0.0136629 0.0103522 0.00761327 0.0053813 0.0035727 0.00212994 0.00106834 0.000425941 0.00013317 3.35201e-05 7.01914e-06 1.23892e-06 1.80315e-07 1.97673e-08 1.17385e-09 0 
0 0.00025724 0.0017212 0.00467504 0.00869028 0.013582 0.0191552 0.0251148 0.0311157 0.036801 0.0418331 0.0459231 0.0488535 0.0504909 0.0507902 0.0497984 0.0476453 0.0445209 0.0406535 0.0362903 0.0316769 0.0270394 0.0225698 0.0184191 0.0146958 0.0114698 0.00876665 0.00654861 0.0047229 0.00320533 0.00196498 0.00102322 0.000424378 0.000136746 3.50172e-05 7.38437e-06 1.30435e-06 1.89298e-07 2.06499e-08 1.21871e-09 0 
0 0.000173675 0.00125987 0.00366288 0.00699667 0.0110166 0.0155746 0.0204431 0.0253439 0.0299864 0.0340954 0.0374348 0.0398262 0.0411611 0.0414057 0.0405995 0.0388458 0.0362986 0.0331451 0.0295882 0.0258292 0.0220533 0.0184191 0.0150583 0.0120952 0.00967199 0.00787272 0.00651255 0.00516594 0.00365063 0.00222624 0.00115893 0.000490507 0.000160496 4.10141e-05 8.53093e-06 1.47956e-06 2.10636e-07 2.25519e-08 1.30768e-09 0 
0 0.000109072 0.00085903 0.00272214 0.00543966 0.00869377 0.0123482 0.0162392 0.0201525 0.0238584 0.0271381 0.0298035 0.0317124 0.0327783 0.0329744 0.0323324 0.030935 0.0289051 0.0263928 0.0235606 0.0205701 0.0175706 0.0146958 0.0120952 0.0100585 0.00915096 0.00978536 0.0110059 0.0105842 0.00772131 0.00419745 0.00181259 0.000671454 0.000206336 5.04258e-05 1.00717e-05 1.68689e-06 2.33071e-07 2.43079e-08 1.37717e-09 0 
0 6.3226e-05 0.000538017 0.0018842 0.0040328 0.00663606 0.00952056 0.0125677 0.0156239 0.0185154 0.0210735 0.0231522 0.024641 0.0254726 0.0256264 0.0251273 0.0240397 0.0224601 0.0205059 0.0183046 0.0159837 0.0136629 0.0114698 0.00967199 0.00915096 0.0119335 0.0195761 0.0311457 0.0373542 0.0225515 0.0113857 0.00408397 0.00115546 0.000288612 6.21999e-05 1.14503e-05 1.82102e-06 2.42918e-07 2.46506e-08 1.36473e-09 0 
0 3.35949e-05 0.00030543 0.00118764 0.0027905 0.0048372 0.00709301 0.00944322 0.0117828 0.0139896 0.0159394 0.0175231 0.0186573 0.0192911 0.0194092 0.0190305 0.0182045 0.0170048 0.0155214 0.0138524 0.0120965 0.0103522 0.00876665 0.00787272 0.00978536 0.0195761 0.0449111 0.0771666 0.0800939 0.0650855 0.0265413 0.00891505 0.00214393 0.000422832 7.48664e-05 1.20851e-05 1.78815e-06 2.29724e-07 2.27557e-08 1.23624e-09 0 
0 1.62737e-05 0.000155533 0.000666221 0.00174795 0.00328507 0.00503064 0.00683168 0.00860012 0.0102542 0.0117098 0.0128897 0.0137341 0.0142062 0.014295 0.0140149 0.0134028 0.0125135 0.0114143 0.0101789 0.00888357 0.00761327 0.00654861 0.00651255 0.0110059 0.0311457 0.0771666 0.0866912 0.0878603 0.0828306 0.0552682 0.0143612 0.00325601 0.000557795 8.24357e-05 1.14348e-05 1.5527e-06 1.92295e-07 1.87141e-08 1.00452e-09 0 
0 7.16164e-06 7.0621e-05 0.000326808 0.000957843 0.0019998 0.00329422 0.00466283 0.00599674 0.00722834 0.00830164 0.00916673 0.00978406 0.0101292 0.0101951 0.0099928 0.00954899 0.00890329 0.00810449 0.00720736 0.00627283 0.0053813 0.0047229 0.00516594 0.0105842 0.0373542 0.0800939 0.0878603 0.0889064 0.0849351 0.0652335 0.0159115 0.00352296 0.000568462 7.50933e-05 9.22718e-06 1.16228e-06 1.40071e-07 1.35223e-08 7.23384e-10 0 
0 2.85868e-06 2.85595e-05 0.000139119 0.000447118 0.00104314 0.00189665 0.00288087 0.00387206 0.00478927 0.00558222 0.00621597 0.00666569 0.00691683 0.00696624 0.00682232 0.00650413 0.00603958 0.00546394 0.00481993 0.00416251 0.0035727 0.00320533 0.00365063 0.00772131 0.0225515 0.0650855 0.0828306 0.0849351 0.0789039 0.0400296 0.0117244 0.00260347 0.000413779 5.21071e-05 6.02741e-06 7.32923e-07 8.77822e-08 8.51393e-09 4.5832e-10 0 
0 1.0349e-06 1.03133e-05 5.15268e-05 0.000176173 0.000451028 0.000909483 0.00151511 0.00218508 0.00283746 0.00341364 0.00387702 0.00420622 0.00439072 0.00442896 0.00432748 0.00410022 0.00376803 0.00335905 0.00291113 0.0024771 0.00212994 0.00196498 0.00222624 0.00419745 0.0113857 0.0265413 0.0552682 0.0652335 0.0400296 0.0176158 0.00581158 0.00130373 0.000209785 2.64886e-05 3.09374e-06 3.84463e-07 4.70847e-08 4.65301e-09 2.54503e-10 0 
0 3.39989e-07 3.34006e-06 1.67555e-05 5.90858e-05 0.000160659 0.000351746 0.000640878 0.00100374 0.00139406 0.00176338 0.0020736 0.00229996 0.00242942 0.00245838 0.00239098 0.00223818 0.00201749 0.00175347 0.00147872 0.0012346 0.00106834 0.00102322 0.00115893 0.00181259 0.00408397 0.00891505 0.0143612 0.0159115 0.0117244 0.00581158 0.00193931 0.00044645 7.43898e-05 9.89658e-06 1.25511e-06 1.68484e-07 2.16434e-08 2.20634e-09 1.23689e-10 0 
0 1.01384e-07 9.74005e-07 4.83321e-06 1.71571e-05 4.79784e-05 0.000110301 0.000214172 0.000359399 0.000532826 0.000712349 0.000874107 0.000998319 0.0010721 0.00109003 0.0010536 0.000970483 0.000853611 0.000720235 0.000590583 0.00048596 0.000425941 0.000424378 0.000490507 0.000671454 0.00115546 0.00214393 0.00325601 0.00352296 0.00260347 0.00130373 0.00044645 0.000107168 1.9064e-05 2.84545e-06 4.18456e-07 6.2762e-08 8.57273e-09 9.09101e-10 5.26038e-11 0 
0 2.74083e-08 2.56236e-07 1.24607e-06 4.38268e-06 1.23126e-05 2.88628e-05 5.79002e-05 0.000101276 0.000157001 0.000218959 0.000278415 0.000326445 0.000356123 0.000363869 0.000349867 0.000317762 0.000273846 0.000225914 0.000182007 0.00014928 0.00013317 0.000136746 0.000160496 0.000206336 0.000288612 0.000422832 0.000557795 0.000568462 0.000413779 0.000209785 7.43898e-05 1.9064e-05 3.82752e-06 6.85931e-07 1.20615e-07 2.02302e-08 2.94191e-09 3.26014e-10 1.95713e-11 0 
0 6.68904e-09 6.06964e-08 2.87781e-07 9.93806e-07 2.76563e-06 6.48447e-06 1.31322e-05 2.33637e-05 3.701e-05 5.2809e-05 6.85708e-05 8.17406e-05 9.01143e-05 9.24274e-05 8.86398e-05 7.98771e-05 6.80977e-05 5.5614e-05 4.46236e-05 3.68768e-05 3.35201e-05 3.50172e-05 4.10141e-05 5.04258e-05 6.21999e-05 7.48664e-05 8.24357e-05 7.50933e-05 5.21071e-05 2.64886e-05 9.89658e-06 2.84545e-06 6.85931e-07 1.50925e-07 3.09626e-08 5.68573e-09 8.76315e-10 1.01689e-10 6.35503e-12 0 
0 1.45941e-09 1.28411e-08 5.92209e-08 1.99881e-07 5.46906e-07 1.26906e-06 2.55989e-06 4.56163e-06 7.26768e-06 1.04546e-05 1.36925e-05 1.64457e-05 1.82267e-05 1.87414e-05 1.79699e-05 1.61598e-05 1.37443e-05 1.12247e-05 9.05901e-06 7.59071e-06 7.01914e-06 7.38437e-06 8.53093e-06 1.00717e-05 1.14503e-05 1.20851e-05 1.14348e-05 9.22718e-06 6.02741e-06 3.09374e-06 1.25511e-06 4.18456e-07 1.20615e-07 3.09626e-08 7.04919e-09 1.38712e-09 2.25577e-10 2.74296e-11 1.78794e-12 0 
0 2.78952e-10 2.38033e-09 1.06714e-08 3.5138e-08 9.4209e-08 2.15238e-07 4.29517e-07 7.60472e-07 1.20813e-06 1.73743e-06 2.27852e-06 2.7421e-06 3.04505e-06 3.13604e-06 3.01078e-06 2.71149e-06 2.31267e-06 1.89998e-06 1.55061e-06 1.32057e-06 1.23892e-06 1.30435e-06 1.47956e-06 1.68689e-06 1.82102e-06 1.78815e-06 1.5527e-06 1.16228e-06 7.32923e-07 3.84463e-07 1.68484e-07 6.2762e-08 2.02302e-08 5.68573e-09 1.38712e-09 2.889e-10 4.94208e-11 6.29541e-12 4.28284e-13 0 
0 4.47545e-11 3.70682e-10 1.6162e-09 5.19058e-09 1.36212e-08 3.05766e-08 6.01819e-08 1.05475e-07 1.66396e-07 2.38251e-07 3.11718e-07 3.74819e-07 4.16324e-07 4.29238e-07 4.12927e-07 3.73124e-07 3.19998e-07 2.65263e-07 2.19437e-07 1.89975e-07 1.80315e-07 1.89298e-07 2.10636e-07 2.33071e-07 2.42918e-07 2.29724e-07 1.92295e-07 1.40071e-07 8.77822e-08 4.70847e-08 2.16434e-08 8.57273e-09 2.94191e-09 8.76315e-10 2.25577e-10 4.94208e-11 8.87044e-12 1.18239e-12 8.39271e-14 0 
0 5.44098e-12 4.37991e-11 1.85929e-10 5.82814e-10 1.4972e-09 3.30068e-09 6.40113e-09 1.10889e-08 1.73413e-08 2.46766e-08 3.21567e-08 3.85822e-08 4.28294e-08 4.41963e-08 4.26189e-08 3.86754e-08 3.33965e-08 2.79732e-08 2.34736e-08 2.06389e-08 1.97673e-08 2.06499e-08 2.25519e-08 2.43079e-08 2.46506e-08 2.27557e-08 1.87141e-08 1.35223e-08 8.51393e-09 4.65301e-09 2.20634e-09 9.09101e-10 3.26014e-10 1.01689e-10 2.74296e-11 6.29541e-12 1.18239e-12 1.64629e-13 1.21793e-14 0 
0 3.58175e-13 2.80662e-12 1.16167e-11 3.55832e-11 8.95583e-11 1.93984e-10 3.70692e-10 6.34548e-10 9.83179e-10 1.38952e-09 1.8023e-09 2.15658e-09 2.39174e-09 2.47e-09 2.38802e-09 2.17734e-09 1.89429e-09 1.60415e-09 1.36533e-09 1.2174e-09 1.17385e-09 1.21871e-09 1.30768e-09 1.37717e-09 1.36473e-09 1.23624e-09 1.00452e-09 7.23384e-10 4.5832e-10 2.54503e-10 1.23689e-10 5.26038e-11 1.95713e-11 6.35503e-12 1.78794e-12 4.28284e-13 8.39271e-14 1.21793e-14 9.37647e-16 0 
0 0 0 0 0 0 0 0 0 0 0 0 0 0 0 0 0 0 0 0 0 0 0 0 0 0 0 0 0 0 0 0 0 0 0 0 0 0 0 0 0 
