0 0 0 0 0 0 0 0 0 0 0 0 0 0 0 0 0 0 0 0 0 0 0 0 0 0 0 0 0 0 0 0 0 0 0 0 0 0 0 0 0 
0 3.42359e-07 3.06096e-06 1.35827e-05 4.15153e-05 9.73717e-05 0.000186269 0.00030415 0.000439475 0.000577749 0.000705313 0.000811271 0.000888052 0.000931312 0.000939642 0.000914208 0.000858382 0.000777357 0.000677743 0.000567112 0.000453466 0.000344577 0.000247183 0.000166154 0.000103839 5.98752e-05 3.16398e-05 1.52424e-05 6.67228e-06 2.65025e-06 9.55205e-07 3.12588e-07 9.29023e-08 2.50445e-08 6.09772e-09 1.32781e-09 2.53392e-10 4.06009e-11 4.93081e-12 3.24315e-13 0 
0 3.06096e-06 2.80292e-05 0.000123138 0.000357386 0.000769311 0.00133001 0.00196872 0.00261606 0.00322072 0.00374673 0.00416822 0.00446709 0.00463288 0.00466302 0.00456267 0.00434379 0.00402363 0.00362292 0.00316419 0.00267059 0.00216559 0.00167337 0.0012189 0.000826203 0.000513951 0.000289623 0.000146378 6.59876e-05 2.65131e-05 9.52098e-06 3.0692e-06 8.91651e-07 2.33862e-07 5.52632e-08 1.16693e-08 2.15986e-09 3.35951e-10 3.96583e-11 2.5394e-12 0 
0 1.35827e-05 0.000123138 0.000506737 0.00131009 0.00247337 0.00382311 0.005227 0.00660372 0.00788706 0.00901312 0.00992396 0.0105742 0.010936 0.0110008 0.0107793 0.0102993 0.00960179 0.00873599 0.0077545 0.006708 0.0056411 0.00459007 0.00358406 0.00265059 0.00182258 0.00113929 0.000633053 0.000307515 0.000129722 4.76775e-05 1.54091e-05 4.42409e-06 1.1366e-06 2.61811e-07 5.37708e-08 9.67501e-09 1.46368e-09 1.68241e-10 1.05049e-11 0 
0 4.15153e-05 0.000357386 0.00131009 0.00294955 0.0050044 0.0072745 0.00965142 0.0120238 0.0142636 0.0162427 0.0178495 0.0189986 0.0196382 0.0197523 0.0193597 0.0185102 0.0172774 0.0157506 0.0140266 0.0122005 0.0103584 0.00857099 0.0068887 0.00534078 0.00394187 0.00270924 0.00168134 0.000911007 0.000420269 0.00016384 5.44841e-05 1.57221e-05 3.99843e-06 9.03887e-07 1.81404e-07 3.18414e-08 4.6985e-09 5.27149e-10 3.21662e-11 0 
0 9.73717e-05 0.000769311 0.00247337 0.0050044 0.00804292 0.0114466 0.0150653 0.0187026 0.022146 0.0251921 0.0276663 0.0294361 0.0304212 0.0305967 0.0299917 0.0286827 0.0267837 0.0244329 0.0217801 0.0189734 0.0161484 0.0134199 0.010875 0.00856924 0.00652456 0.00473547 0.0031934 0.001924 0.000990735 0.000422699 0.000148855 4.4076e-05 1.12455e-05 2.51627e-06 4.96344e-07 8.53566e-08 1.23274e-08 1.35395e-09 8.09457e-11 0 
0 0.000186269 0.00133001 0.00382311 0.0072745 0.0114466 0.016182 0.0212409 0.0263331 0.0311561 0.0354237 0.0388904 0.0413706 0.0427515 0.0429975 0.0421491 0.0403143 0.0376532 0.0343596 0.0306434 0.0267129 0.0227589 0.0189437 0.0153932 0.0121932 0.009387 0.00697536 0.00492417 0.00319892 0.00182004 0.000860194 0.000328028 0.000101722 2.64142e-05 5.9054e-06 1.15221e-06 1.95044e-07 2.76739e-08 2.98496e-09 1.75335e-10 0 
0 0.00030415 0.00196872 0.005227 0.00965142 0.0150653 0.0212409 0.027846 0.0344969 0.0407971 0.0463737 0.0509177 0.0542135 0.0561002 0.0564438 0.0552707 0.0528012 0.0492928 0.0449833 0.0401285 0.0349948 0.0298314 0.0248509 0.020219 0.0160505 0.0124091 0.00930836 0.00671356 0.00455626 0.00278778 0.00144586 0.000602085 0.000198476 5.31352e-05 1.19771e-05 2.32598e-06 3.8939e-07 5.44842e-08 5.79009e-09 3.35118e-10 0 
0 0.000439475 0.00261606 0.00660372 0.0120238 0.0187026 0.0263331 0.0344969 0.0427182 0.0505107 0.057474 0.0634955 0.0684371 0.0714797 0.0720519 0.0701561 0.066256 0.0612624 0.0557205 0.0496847 0.0433364 0.0369546 0.0307997 0.0250771 0.0199299 0.0154394 0.0116295 0.00847011 0.00588218 0.00376935 0.00210094 0.000949808 0.000334838 9.32453e-05 2.13477e-05 4.14916e-06 6.89874e-07 9.55331e-08 1.0034e-08 5.73835e-10 0 
0 0.000577749 0.00322072 0.00788706 0.0142636 0.022146 0.0311561 0.0407971 0.0505107 0.0598109 0.0688006 0.0773385 0.0831303 0.0858991 0.086395 0.0848227 0.0808391 0.0741639 0.0663363 0.0587945 0.0512437 0.0437041 0.0364362 0.0296797 0.023604 0.0183064 0.0138182 0.0101122 0.0071066 0.00468073 0.00274382 0.00132748 0.000498995 0.000145047 3.38851e-05 6.61851e-06 1.09683e-06 1.50797e-07 1.5699e-08 8.89475e-10 0 
0 0.000705313 0.00374673 0.00901312 0.0162427 0.0251921 0.0354237 0.0463737 0.057474 0.0688006 0.0803545 0.0879977 0.091979 0.0938791 0.0942467 0.0931962 0.0905306 0.0855686 0.077155 0.0672666 0.0582857 0.0496809 0.0414259 0.0337539 0.0268559 0.0208429 0.015752 0.0115567 0.00817329 0.0054696 0.00331437 0.00168759 0.000670173 0.000202942 4.84474e-05 9.5326e-06 1.5787e-06 2.16054e-07 2.23514e-08 1.25768e-09 0 
0 0.000811271 0.00416822 0.00992396 0.0178495 0.0276663 0.0388904 0.0509177 0.0634955 0.0773385 0.0879977 0.0936525 0.0967926 0.0983549 0.0986741 0.097828 0.0957027 0.0919092 0.0854542 0.0750942 0.0642126 0.054553 0.0454819 0.0370656 0.0294991 0.0229043 0.0173228 0.0127276 0.00903284 0.00610035 0.00377454 0.00199179 0.000825372 0.000258767 6.30213e-05 1.24995e-05 2.07206e-06 2.82858e-07 2.91427e-08 1.63211e-09 0 
0 0.000888052 0.00446709 0.0105742 0.0189986 0.0294361 0.0413706 0.0542135 0.0684371 0.0831303 0.091979 0.0967926 0.0995699 0.100981 0.101278 0.100527 0.0986424 0.0953458 0.0899417 0.0808369 0.0688307 0.0580813 0.0483881 0.0394377 0.0313926 0.0243811 0.018448 0.0135657 0.00964628 0.0065481 0.00410209 0.00221469 0.000945149 0.000304053 7.52357e-05 1.5028e-05 2.49551e-06 3.40329e-07 3.49856e-08 1.95397e-09 0 
0 0.000931312 0.00463288 0.010936 0.0196382 0.0304212 0.0427515 0.0561002 0.0714797 0.0858991 0.0938791 0.0983549 0.100981 0.102327 0.102616 0.101905 0.100124 0.0970337 0.0920526 0.0837535 0.0716137 0.0600906 0.0500122 0.0407625 0.0324505 0.0252066 0.0190773 0.0140346 0.00998949 0.00679844 0.00428609 0.00234268 0.00101664 0.000332159 8.30305e-05 1.66688e-05 2.77305e-06 3.78242e-07 3.88591e-08 2.16828e-09 0 
0 0.000939642 0.00466302 0.0110008 0.0197523 0.0305967 0.0429975 0.0564438 0.0720519 0.086395 0.0942467 0.0986741 0.101278 0.102616 0.102904 0.1022 0.100434 0.0973738 0.092455 0.0842831 0.0721437 0.0604637 0.0503105 0.0410066 0.0326463 0.0253603 0.0191954 0.0141236 0.0100558 0.00684831 0.00432482 0.00237179 0.00103429 0.00033961 8.52159e-05 1.715e-05 2.85763e-06 3.90213e-07 4.01248e-08 2.24072e-09 0 
0 0.000914208 0.00456267 0.0107793 0.0193597 0.0299917 0.0421491 0.0552707 0.0701561 0.0848227 0.0931962 0.097828 0.100527 0.101905 0.1022 0.10147 0.099641 0.0964561 0.0912864 0.0826125 0.0704308 0.0592377 0.0493296 0.0402089 0.0320113 0.0248668 0.0188211 0.0138469 0.00985595 0.00670618 0.00422482 0.00230606 0.000999503 0.00032655 8.17483e-05 1.64523e-05 2.74523e-06 3.75662e-07 3.87246e-08 2.16832e-09 0 
0 0.000858382 0.00434379 0.0102993 0.0185102 0.0286827 0.0403143 0.0528012 0.066256 0.0808391 0.0905306 0.0957027 0.0986424 0.100124 0.100434 0.099641 0.0976509 0.0941425 0.0883044 0.078535 0.0668687 0.0566212 0.0471973 0.0384719 0.0306274 0.0237901 0.0180036 0.0132412 0.00941667 0.00639104 0.00400011 0.00215651 0.000919811 0.000296465 7.36797e-05 1.48039e-05 2.47454e-06 3.39822e-07 3.5186e-08 1.97986e-09 0 
0 0.000777357 0.00402363 0.00960179 0.0172774 0.0267837 0.0376532 0.0492928 0.0612624 0.0741639 0.0855686 0.0919092 0.0953458 0.0970337 0.0973738 0.0964561 0.0941425 0.0899626 0.0827417 0.0722287 0.0621216 0.0528798 0.0441015 0.0359482 0.0286169 0.0222259 0.016816 0.0123609 0.00877737 0.00593087 0.00367183 0.00194091 0.000808005 0.000255378 6.28424e-05 1.26051e-05 2.11389e-06 2.91997e-07 3.04507e-08 1.72678e-09 0 
0 0.000677743 0.00362292 0.00873599 0.0157506 0.0244329 0.0343596 0.0449833 0.0557205 0.0663363 0.077155 0.0854542 0.0899417 0.0920526 0.092455 0.0912864 0.0883044 0.0827417 0.0741707 0.0651142 0.0566041 0.0482775 0.0402689 0.0328237 0.0261283 0.0202908 0.0153475 0.011273 0.00798672 0.00536116 0.00326868 0.0016841 0.000681042 0.000210725 5.13973e-05 1.0319e-05 1.74199e-06 2.4292e-07 2.56088e-08 1.46881e-09 0 
0 0.000567112 0.00316419 0.0077545 0.0140266 0.0217801 0.0306434 0.0401285 0.0496847 0.0587945 0.0672666 0.0750942 0.0808369 0.0837535 0.0842831 0.0826125 0.078535 0.0722287 0.0651142 0.0579027 0.0505036 0.0430919 0.0359448 0.0292996 0.0233231 0.0181114 0.0136959 0.0100511 0.00709972 0.00472535 0.00282937 0.00141885 0.000558615 0.000170129 4.13942e-05 8.36913e-06 1.42993e-06 2.02259e-07 2.1641e-08 1.25952e-09 0 
0 0.000453466 0.00267059 0.006708 0.0122005 0.0189734 0.0267129 0.0349948 0.0433364 0.0512437 0.0582857 0.0642126 0.0688307 0.0716137 0.0721437 0.0704308 0.0668687 0.0621216 0.0566041 0.0505036 0.0440737 0.0376085 0.0313729 0.0255756 0.0203618 0.0158145 0.0119596 0.00877156 0.00617811 0.00407974 0.0024076 0.00118609 0.000461208 0.000140331 3.44661e-05 7.07467e-06 1.22963e-06 1.76908e-07 1.92309e-08 1.13532e-09 0 
0 0.000344577 0.00216559 0.0056411 0.0103584 0.0161484 0.0227589 0.0298314 0.0369546 0.0437041 0.0496809 0.054553 0.0580813 0.0600906 0.0604637 0.0592377 0.0566212 0.0528798 0.0482775 0.0430919 0.0376085 0.0320943 0.0267773 0.0218354 0.0173925 0.0135193 0.010237 0.00751997 0.00530369 0.00350665 0.00207619 0.0010317 0.00040742 0.00012645 3.16919e-05 6.62328e-06 1.16839e-06 1.7008e-07 1.86548e-08 1.10849e-09 0 
0 0.000247183 0.00167337 0.00459007 0.00857099 0.0134199 0.0189437 0.0248509 0.0307997 0.0364362 0.0414259 0.0454819 0.0483881 0.0500122 0.0503105 0.0493296 0.0471973 0.0441015 0.0402689 0.0359448 0.0313729 0.0267773 0.0223487 0.0182365 0.0145481 0.0113526 0.00867474 0.00647659 0.00466573 0.00315894 0.00192776 0.00099699 0.000410369 0.000131418 3.35237e-05 7.05575e-06 1.24534e-06 1.80701e-07 1.97138e-08 1.16369e-09 0 
0 0.000166154 0.0012189 0.00358406 0.0068887 0.010875 0.0153932 0.020219 0.0250771 0.0296797 0.0337539 0.0370656 0.0394377 0.0407625 0.0410066 0.0402089 0.0384719 0.0359482 0.0328237 0.0292996 0.0255756 0.0218354 0.0182365 0.0149093 0.011977 0.00957992 0.00780061 0.00645481 0.00512009 0.00361587 0.0022004 0.00114009 0.000479278 0.000155829 3.96497e-05 8.22752e-06 1.42527e-06 2.02797e-07 2.1707e-08 1.25851e-09 0 
0 0.000103839 0.000826203 0.00265059 0.00534078 0.00856924 0.0121932 0.0160505 0.0199299 0.023604 0.0268559 0.0294991 0.0313926 0.0324505 0.0326463 0.0320113 0.0306274 0.0286169 0.0261283 0.0233231 0.0203618 0.0173925 0.0145481 0.011977 0.00996575 0.00907374 0.00970897 0.0109233 0.0105056 0.00766358 0.00416457 0.00179532 0.000661693 0.000201906 4.90705e-05 9.77003e-06 1.63381e-06 2.25567e-07 2.35154e-08 1.33189e-09 0 
0 5.98752e-05 0.000513951 0.00182258 0.00394187 0.00652456 0.009387 0.0124091 0.0154394 0.0183064 0.0208429 0.0229043 0.0243811 0.0252066 0.0253603 0.0248668 0.0237901 0.0222259 0.0202908 0.0181114 0.0158145 0.0135193 0.0113526 0.00957992 0.00907374 0.0118428 0.0194331 0.0304177 0.0362984 0.0223627 0.0113031 0.00405334 0.00114466 0.000284227 6.08329e-05 1.11488e-05 1.7693e-06 2.35798e-07 2.39167e-08 1.32368e-09 0 
0 3.16398e-05 0.000289623 0.00113929 0.00270924 0.00473547 0.00697536 0.00930836 0.0116295 0.0138182 0.015752 0.0173228 0.018448 0.0190773 0.0191954 0.0188211 0.0180036 0.016816 0.0153475 0.0136959 0.0119596 0.010237 0.00867474 0.00780061 0.00970897 0.0194331 0.0438778 0.0768222 0.0801241 0.0638558 0.0263262 0.00885046 0.00212745 0.000418184 7.35342e-05 1.18006e-05 1.74081e-06 2.23378e-07 2.21158e-08 1.20111e-09 0 
0 1.52424e-05 0.000146378 0.000633053 0.00168134 0.0031934 0.00492417 0.00671356 0.00847011 0.0101122 0.0115567 0.0127276 0.0135657 0.0140346 0.0141236 0.0138469 0.0132412 0.0123609 0.011273 0.0100511 0.00877156 0.00751997 0.00647659 0.00645481 0.0109233 0.0304177 0.0768222 0.08694 0.0882043 0.0829773 0.0540898 0.0142571 0.00323207 0.000552724 8.1219e-05 1.11917e-05 1.5137e-06 1.87181e-07 1.82065e-08 9.76987e-10 0 
0 6.67228e-06 6.59876e-05 0.000307515 0.000911007 0.001924 0.00319892 0.00455626 0.00588218 0.0071066 0.00817329 0.00903284 0.00964628 0.00998949 0.0100558 0.00985595 0.00941667 0.00877737 0.00798672 0.00709972 0.00617811 0.00530369 0.00466573 0.00512009 0.0105056 0.0362984 0.0801241 0.0882043 0.0892914 0.0851465 0.0640586 0.0157652 0.00349728 0.000563631 7.41047e-05 9.04559e-06 1.13416e-06 1.36436e-07 1.31637e-08 7.04021e-10 0 
0 2.65025e-06 2.65131e-05 0.000129722 0.000420269 0.000990735 0.00182004 0.00278778 0.00376935 0.00468073 0.0054696 0.00610035 0.0065481 0.00679844 0.00684831 0.00670618 0.00639104 0.00593087 0.00536116 0.00472535 0.00407974 0.00350665 0.00315894 0.00361587 0.00766358 0.0223627 0.0638558 0.0829773 0.0851465 0.0788794 0.0391367 0.0116399 0.00258443 0.000410239 5.14397e-05 5.91256e-06 7.15524e-07 8.5536e-08 8.29145e-09 4.46241e-10 0 
0 9.55205e-07 9.52098e-06 4.76775e-05 0.00016384 0.000422699 0.000860194 0.00144586 0.00210094 0.00274382 0.00331437 0.00377454 0.00410209 0.00428609 0.00432482 0.00422482 0.00400011 0.00367183 0.00326868 0.00282937 0.0024076 0.00207619 0.00192776 0.0022004 0.00416457 0.0113031 0.0263262 0.0540898 0.0640586 0.0391367 0.017489 0.00576962 0.00129398 0.000207861 2.61318e-05 3.03367e-06 3.75322e-07 4.58873e-08 4.53252e-09 2.47865e-10 0 
0 3.12588e-07 3.0692e-06 1.54091e-05 5.44841e-05 0.000148855 0.000328028 0.000602085 0.000949808 0.00132748 0.00168759 0.00199179 0.00221469 0.00234268 0.00237179 0.00230606 0.00215651 0.00194091 0.0016841 0.00141885 0.00118609 0.0010317 0.00099699 0.00114009 0.00179532 0.00405334 0.00885046 0.0142571 0.0157652 0.0116399 0.00576962 0.00192507 0.000442833 7.36062e-05 9.74701e-06 1.22922e-06 1.64411e-07 2.10934e-08 2.14952e-09 1.20485e-10 0 
0 9.29023e-08 8.91651e-07 4.42409e-06 1.57221e-05 4.4076e-05 0.000101722 0.000198476 0.000334838 0.000498995 0.000670173 0.000825372 0.000945149 0.00101664 0.00103429 0.000999503 0.000919811 0.000808005 0.000681042 0.000558615 0.000461208 0.00040742 0.000410369 0.000479278 0.000661693 0.00114466 0.00212745 0.00323207 0.00349728 0.00258443 0.00129398 0.000442833 0.000106123 1.88169e-05 2.79499e-06 4.09119e-07 6.12122e-08 8.35462e-09 8.8577e-10 5.12478e-11 0 
0 2.50445e-08 2.33862e-07 1.1366e-06 3.99843e-06 1.12455e-05 2.64142e-05 5.31352e-05 9.32453e-05 0.000145047 0.000202942 0.000258767 0.000304053 0.000332159 0.00033961 0.00032655 0.000296465 0.000255378 0.000210725 0.000170129 0.000140331 0.00012645 0.000131418 0.000155829 0.000201906 0.000284227 0.000418184 0.000552724 0.000563631 0.000410239 0.000207861 7.36062e-05 1.88169e-05 3.76376e-06 6.71609e-07 1.17737e-07 1.97224e-08 2.86696e-09 3.17665e-10 1.90685e-11 0 
0 6.09772e-09 5.52632e-08 2.61811e-07 9.03887e-07 2.51627e-06 5.9054e-06 1.19771e-05 2.13477e-05 3.38851e-05 4.84474e-05 6.30213e-05 7.52357e-05 8.30305e-05 8.52159e-05 8.17483e-05 7.36797e-05 6.28424e-05 5.13973e-05 4.13942e-05 3.44661e-05 3.16919e-05 3.35237e-05 3.96497e-05 4.90705e-05 6.08329e-05 7.35342e-05 8.1219e-05 7.41047e-05 5.14397e-05 2.61318e-05 9.74701e-06 2.79499e-06 6.71609e-07 1.47383e-07 3.01937e-08 5.54172e-09 8.53974e-10 9.90884e-11 6.19208e-12 0 
0 1.32781e-09 1.16693e-08 5.37708e-08 1.81404e-07 4.96344e-07 1.15221e-06 2.32598e-06 4.14916e-06 6.61851e-06 9.5326e-06 1.24995e-05 1.5028e-05 1.66688e-05 1.715e-05 1.64523e-05 1.48039e-05 1.26051e-05 1.0319e-05 8.36913e-06 7.07467e-06 6.62328e-06 7.05575e-06 8.22752e-06 9.77003e-06 1.11488e-05 1.18006e-05 1.11917e-05 9.04559e-06 5.91256e-06 3.03367e-06 1.22922e-06 4.09119e-07 1.17737e-07 3.01937e-08 6.87106e-09 1.35184e-09 2.19824e-10 2.67286e-11 1.74215e-12 0 
0 2.53392e-10 2.15986e-09 9.67501e-09 3.18414e-08 8.53566e-08 1.95044e-07 3.8939e-07 6.89874e-07 1.09683e-06 1.5787e-06 2.07206e-06 2.49551e-06 2.77305e-06 2.85763e-06 2.74523e-06 2.47454e-06 2.11389e-06 1.74199e-06 1.42993e-06 1.22963e-06 1.16839e-06 1.24534e-06 1.42527e-06 1.63381e-06 1.7693e-06 1.74081e-06 1.5137e-06 1.13416e-06 7.15524e-07 3.75322e-07 1.64411e-07 6.12122e-08 1.97224e-08 5.54172e-09 1.35184e-09 2.81539e-10 4.81598e-11 6.13456e-12 4.17325e-13 0 
0 4.06009e-11 3.35951e-10 1.46368e-09 4.6985e-09 1.23274e-08 2.76739e-08 5.44842e-08 9.55331e-08 1.50797e-07 2.16054e-07 2.82858e-07 3.40329e-07 3.78242e-07 3.90213e-07 3.75662e-07 3.39822e-07 2.91997e-07 2.4292e-07 2.02259e-07 1.76908e-07 1.7008e-07 1.80701e-07 2.02797e-07 2.25567e-07 2.35798e-07 2.23378e-07 1.87181e-07 1.36436e-07 8.5536e-08 4.58873e-08 2.10934e-08 8.35462e-09 2.86696e-09 8.53974e-10 2.19824e-10 4.81598e-11 8.64396e-12 1.15218e-12 8.17803e-14 0 
0 4.93081e-12 3.96583e-11 1.68241e-10 5.27149e-10 1.35395e-09 2.98496e-09 5.79009e-09 1.0034e-08 1.5699e-08 2.23514e-08 2.91427e-08 3.49856e-08 3.88591e-08 4.01248e-08 3.87246e-08 3.5186e-08 3.04507e-08 2.56088e-08 2.1641e-08 1.92309e-08 1.86548e-08 1.97138e-08 2.1707e-08 2.35154e-08 2.39167e-08 2.21158e-08 1.82065e-08 1.31637e-08 8.29145e-09 4.53252e-09 2.14952e-09 8.8577e-10 3.17665e-10 9.90884e-11 2.67286e-11 6.13456e-12 1.15218e-12 1.6042e-13 1.18677e-14 0 
0 3.24315e-13 2.5394e-12 1.05049e-11 3.21662e-11 8.09457e-11 1.75335e-10 3.35118e-10 5.73835e-10 8.89475e-10 1.25768e-09 1.63211e-09 1.95397e-09 2.16828e-09 2.24072e-09 2.16832e-09 1.97986e-09 1.72678e-09 1.46881e-09 1.25952e-09 1.13532e-09 1.10849e-09 1.16369e-09 1.25851e-09 1.33189e-09 1.32368e-09 1.20111e-09 9.76987e-10 7.04021e-10 4.46241e-10 2.47865e-10 1.20485e-10 5.12478e-11 1.90685e-11 6.19208e-12 1.74215e-12 4.17325e-13 8.17803e-14 1.18677e-14 9.13654e-16 0 
0 0 0 0 0 0 0 0 0 0 0 0 0 0 0 0 0 0 0 0 0 0 0 0 0 0 0 0 0 0 0 0 0 0 0 0 0 0 0 0 0 
