0 0 0 0 0 0 0 0 0 0 0 0 0 0 0 0 0 0 0 0 0 0 0 0 0 0 0 0 0 0 0 0 0 0 0 0 0 0 0 0 0 
0 2.15158e-07 1.94202e-06 8.77887e-06 2.75804e-05 6.68999e-05 0.000132596 0.000223861 0.000332949 0.0004481 0.000557004 0.000649125 0.000716755 0.000755254 0.000762901 0.000740602 0.000691514 0.000620635 0.000534344 0.000439865 0.000344635 0.00025555 0.00017816 0.000115944 6.99294e-05 3.88288e-05 1.97409e-05 9.15503e-06 3.86536e-06 1.48523e-06 5.19683e-07 1.65723e-07 4.81728e-08 1.2745e-08 3.05479e-09 6.56609e-10 1.23974e-10 1.96919e-11 2.37459e-12 1.55285e-13 0 
0 1.94202e-06 1.80539e-05 8.17976e-05 0.000248426 0.000563415 0.00102343 0.00157781 0.00216143 0.00271884 0.00320949 0.00360495 0.00388632 0.00404298 0.00407225 0.00397883 0.00377393 0.00347389 0.0030987 0.00267069 0.00221368 0.00175266 0.00131343 0.000921232 0.000597206 0.000353407 0.000188921 9.06111e-05 3.88966e-05 1.4965e-05 5.17959e-06 1.61966e-06 4.59057e-07 1.18034e-07 2.74526e-08 5.72402e-09 1.04888e-09 1.61855e-10 1.89868e-11 1.20971e-12 0 
0 8.77887e-06 8.17976e-05 0.000354517 0.000980131 0.0019709 0.00319239 0.0044983 0.0057883 0.00699047 0.00804353 0.00889433 0.00950161 0.00983992 0.00990158 0.00969654 0.00925027 0.00860035 0.00779195 0.00687317 0.0058906 0.00488617 0.00389654 0.00295573 0.00210017 0.00137077 0.000804762 0.000417484 0.000189475 7.51967e-05 2.62743e-05 8.1616e-06 2.27366e-06 5.7103e-07 1.29311e-07 2.62185e-08 4.6718e-09 7.01564e-10 8.01868e-11 4.98508e-12 0 
0 2.75804e-05 0.000248426 0.000980131 0.00237865 0.00425381 0.00636992 0.0085867 0.0107935 0.0128738 0.0147112 0.016203 0.0172706 0.0178658 0.0179735 0.017611 0.0168242 0.0156809 0.014264 0.0126624 0.0109634 0.00924554 0.00757247 0.00599029 0.00452982 0.00321773 0.00209275 0.00120847 0.000602925 0.000256302 9.30985e-05 2.93058e-05 8.12632e-06 2.00948e-06 4.45409e-07 8.81545e-08 1.53204e-08 2.24449e-09 2.50505e-10 1.52263e-11 0 
0 6.68999e-05 0.000563415 0.0019709 0.00425381 0.00707511 0.0102369 0.0135912 0.0169608 0.0201512 0.0229749 0.0252697 0.0269127 0.0278285 0.0279939 0.0274352 0.0262233 0.0244636 0.0222842 0.0198239 0.0172198 0.0145968 0.0120598 0.00968723 0.00752748 0.00560071 0.00391337 0.00248803 0.00138237 0.000647687 0.000252181 8.24024e-05 2.31137e-05 5.6855e-06 1.24184e-06 2.41067e-07 4.10125e-08 5.87973e-09 6.42491e-10 3.8272e-11 0 
0 0.000132596 0.00102343 0.00319239 0.00636992 0.0102369 0.0146187 0.0192991 0.0240129 0.0284805 0.0324365 0.0356522 0.0379547 0.0392382 0.0394698 0.0386865 0.0369877 0.0345215 0.031468 0.028022 0.0243767 0.020709 0.0171685 0.0138707 0.010892 0.00826843 0.00599827 0.0040624 0.00246889 0.00128075 0.000545313 0.000189134 5.45934e-05 1.35114e-05 2.93003e-06 5.60829e-07 9.37842e-08 1.32016e-08 1.41649e-09 8.2906e-11 0 
0 0.000223861 0.00157781 0.0044983 0.0085867 0.0135912 0.0192991 0.0254088 0.0315663 0.0374039 0.0425738 0.0467777 0.0497914 0.0514755 0.0517799 0.0507513 0.0485256 0.0453002 0.0413094 0.0368069 0.032045 0.0272556 0.0226356 0.0183379 0.014467 0.0110784 0.00817913 0.00573484 0.00370206 0.00209092 0.000975714 0.000364204 0.000109777 2.76352e-05 5.99432e-06 1.13733e-06 1.87715e-07 2.60345e-08 2.75118e-09 1.58642e-10 0 
0 0.000332949 0.00216143 0.0057883 0.0107935 0.0169608 0.0240129 0.0315663 0.0391804 0.0464001 0.0528 0.0580376 0.061864 0.0640604 0.0644649 0.0631115 0.0602472 0.056192 0.0512367 0.045666 0.0397779 0.0338568 0.0281469 0.0228381 0.0180619 0.0138912 0.0103433 0.00738342 0.00494125 0.0029663 0.00149858 0.000603324 0.000191579 4.94775e-05 1.08041e-05 2.04179e-06 3.33905e-07 4.57795e-08 4.77868e-09 2.72204e-10 0 
0 0.0004481 0.00271884 0.00699047 0.0128738 0.0201512 0.0284805 0.0374039 0.0464001 0.0549388 0.0625765 0.0690269 0.0739208 0.0767362 0.0772554 0.0755401 0.0718461 0.0667195 0.0606975 0.0540745 0.0471135 0.0401188 0.0333745 0.0271057 0.0214687 0.0165517 0.0123802 0.00892169 0.00609518 0.00380845 0.00204532 0.000881429 0.000295352 7.863e-05 1.7365e-05 3.28147e-06 5.33511e-07 7.25289e-08 7.4994e-09 4.23075e-10 0 
0 0.000557004 0.00320949 0.00804353 0.0147112 0.0229749 0.0324365 0.0425738 0.0528 0.0625765 0.071568 0.0792359 0.0844994 0.0871738 0.0876576 0.0861046 0.0823832 0.0765056 0.0692875 0.0615682 0.0536185 0.0456687 0.0380076 0.0308877 0.024487 0.0189071 0.0141792 0.0102725 0.00710148 0.00455007 0.00255212 0.00116221 0.000409036 0.000112311 2.51424e-05 4.76357e-06 7.72056e-07 1.04349e-07 1.0715e-08 6.00115e-10 0 
0 0.000649125 0.00360495 0.00889433 0.016203 0.0252697 0.0356522 0.0467777 0.0580376 0.0690269 0.0792359 0.0869209 0.0914418 0.0936477 0.0940602 0.0928076 0.0897181 0.0843402 0.0765986 0.0678035 0.0589339 0.050187 0.0417789 0.0339663 0.0269439 0.0208237 0.0156416 0.0113672 0.0079123 0.00514796 0.00297258 0.00141017 0.000516632 0.000145814 3.30856e-05 6.29342e-06 1.01884e-06 1.37209e-07 1.40238e-08 7.81517e-10 0 
0 0.000716755 0.00388632 0.00950161 0.0172706 0.0269127 0.0379547 0.0497914 0.061864 0.0739208 0.0844994 0.0914418 0.0953929 0.0973455 0.0977222 0.0966268 0.0939251 0.0891984 0.0818411 0.072452 0.0627927 0.0534331 0.0444857 0.0361763 0.0287079 0.0222 0.0166916 0.0121522 0.00849195 0.00557495 0.00327777 0.00159812 0.000602716 0.000173778 3.98797e-05 7.61721e-06 1.23336e-06 1.65809e-07 1.69028e-08 9.39215e-10 0 
0 0.000755254 0.00404298 0.00983992 0.0178658 0.0278285 0.0392382 0.0514755 0.0640604 0.0767362 0.0871738 0.0936477 0.0973455 0.0991891 0.0995511 0.0985247 0.095994 0.0915854 0.0846187 0.0751293 0.0649916 0.0552568 0.0460041 0.0374169 0.029699 0.022974 0.0172827 0.0125946 0.00881894 0.00581653 0.00345288 0.00170952 0.000655918 0.000191677 4.43294e-05 8.49626e-06 1.37707e-06 1.85093e-07 1.88549e-08 1.04673e-09 0 
0 0.000762901 0.00407225 0.00990158 0.0179735 0.0279939 0.0394698 0.0517799 0.0644649 0.0772554 0.0876576 0.0940602 0.0977222 0.0995511 0.0999119 0.0988964 0.096392 0.0920327 0.0851345 0.0756408 0.065412 0.0556042 0.0462949 0.0376563 0.029892 0.0231264 0.0174008 0.0126849 0.00888775 0.00586987 0.00349433 0.00173813 0.000670673 0.00019697 4.5715e-05 8.78217e-06 1.4257e-06 1.9187e-07 1.95675e-08 1.08753e-09 0 
0 0.000740602 0.00397883 0.00969654 0.017611 0.0274352 0.0386865 0.0507513 0.0631115 0.0755401 0.0861046 0.0928076 0.0966268 0.0985247 0.0988964 0.0978406 0.0952341 0.0906834 0.0835266 0.074039 0.064098 0.0545248 0.0454011 0.03693 0.0293156 0.02268 0.0170637 0.0124367 0.00870904 0.00574342 0.0034081 0.00168678 0.000647578 0.00018962 4.39897e-05 8.46218e-06 1.377e-06 1.85854e-07 1.9015e-08 1.06046e-09 0 
0 0.000691514 0.00377393 0.00925027 0.0168242 0.0262233 0.0369877 0.0485256 0.0602472 0.0718461 0.0823832 0.0897181 0.0939251 0.095994 0.096392 0.0952341 0.0923721 0.0873639 0.07977 0.0705793 0.0612615 0.052163 0.043439 0.0353332 0.0280461 0.0216946 0.0163173 0.0118845 0.00830836 0.00545605 0.0032088 0.00156641 0.000592839 0.000171964 3.97654e-05 7.65913e-06 1.25105e-06 1.69725e-07 1.74674e-08 9.80357e-10 0 
0 0.000620635 0.00347389 0.00860035 0.0156809 0.0244636 0.0345215 0.0453002 0.056192 0.0667195 0.0765056 0.0843402 0.0891984 0.0915854 0.0920327 0.0906834 0.0873639 0.0817273 0.0740999 0.0657154 0.0571931 0.0487302 0.0405818 0.0330076 0.0261972 0.0202597 0.0152304 0.0110802 0.00772376 0.00503616 0.00291942 0.00139528 0.000517177 0.000148093 3.4122e-05 6.59142e-06 1.0838e-06 1.48301e-07 1.54104e-08 8.73778e-10 0 
0 0.000534344 0.0030987 0.00779195 0.014264 0.0222842 0.031468 0.0413094 0.0512367 0.0606975 0.0692875 0.0765986 0.0818411 0.0846187 0.0851345 0.0835266 0.07977 0.0740999 0.0672758 0.0598822 0.0521905 0.0444779 0.0370408 0.0301263 0.0239079 0.0184847 0.0138877 0.0100879 0.00700337 0.00452143 0.00257209 0.00119839 0.000434325 0.000122959 2.83301e-05 5.51401e-06 9.17269e-07 1.27244e-07 1.34165e-08 7.72096e-10 0 
0 0.000439865 0.00267069 0.00687317 0.0126624 0.0198239 0.028022 0.0368069 0.045666 0.0540745 0.0615682 0.0678035 0.072452 0.0751293 0.0756408 0.074039 0.0705793 0.0657154 0.0598822 0.0533947 0.0465554 0.0396781 0.0330447 0.0268772 0.0213296 0.0164894 0.0123826 0.00897986 0.0062042 0.00396064 0.00220985 0.00100669 0.000359284 0.000101489 2.35963e-05 4.66511e-06 7.90612e-07 1.11823e-07 1.20177e-08 7.04224e-10 0 
0 0.000344635 0.00221368 0.0058906 0.0109634 0.0172198 0.0243767 0.032045 0.0397779 0.0471135 0.0536185 0.0589339 0.0627927 0.0649916 0.065412 0.064098 0.0612615 0.0571931 0.0521905 0.0465554 0.0405958 0.0346016 0.0288209 0.0234467 0.0186129 0.0143942 0.010811 0.00783391 0.00539443 0.00341842 0.00188863 0.000855241 0.000306632 8.79777e-05 2.09112e-05 4.23416e-06 7.34235e-07 1.06028e-07 1.16029e-08 6.9042e-10 0 
0 0.00025555 0.00175266 0.00488617 0.00924554 0.0145968 0.020709 0.0272556 0.0338568 0.0401188 0.0456687 0.050187 0.0534331 0.0552568 0.0556042 0.0545248 0.052163 0.0487302 0.0444779 0.0396781 0.0346016 0.0294977 0.0245778 0.0200066 0.0158975 0.0123136 0.00927052 0.00674062 0.00466471 0.00298195 0.00167512 0.000779313 0.000289092 8.58227e-05 2.09989e-05 4.34805e-06 7.66363e-07 1.11924e-07 1.2338e-08 7.37211e-10 0 
0 0.00017816 0.00131343 0.00389654 0.00757247 0.0120598 0.0171685 0.0226356 0.0281469 0.0333745 0.0380076 0.0417789 0.0444857 0.0460041 0.0462949 0.0454011 0.043439 0.0405818 0.0370408 0.0330447 0.0288209 0.0245778 0.0204926 0.0167035 0.0133086 0.0103691 0.00790435 0.00587515 0.00419315 0.00278503 0.00164191 0.000808616 0.000316234 9.73619e-05 2.42661e-05 5.05246e-06 8.8857e-07 1.2893e-07 1.40869e-08 8.33206e-10 0 
0 0.000115944 0.000921232 0.00295573 0.00599029 0.00968723 0.0138707 0.0183379 0.0228381 0.0271057 0.0308877 0.0339663 0.0361763 0.0374169 0.0376563 0.03693 0.0353332 0.0330076 0.0301263 0.0268772 0.0234467 0.0200066 0.0167035 0.0136586 0.0109846 0.0088074 0.00719588 0.00597074 0.00473624 0.00332672 0.00199044 0.000995179 0.000398469 0.000123997 3.06558e-05 6.26514e-06 1.07775e-06 1.52897e-07 1.6347e-08 9.47352e-10 0 
0 6.99294e-05 0.000597206 0.00210017 0.00452982 0.00752748 0.010892 0.014467 0.0180619 0.0214687 0.024487 0.0269439 0.0287079 0.029699 0.029892 0.0293156 0.0280461 0.0261972 0.0239079 0.0213296 0.0186129 0.0158975 0.0133086 0.0109846 0.00918769 0.00842564 0.00906776 0.0102296 0.00984609 0.007179 0.00388898 0.00165322 0.000586227 0.000169898 3.96865e-05 7.72887e-06 1.27911e-06 1.75758e-07 1.82781e-08 1.03368e-09 0 
0 3.88288e-05 0.000353407 0.00137077 0.00321773 0.00560071 0.00826843 0.0110784 0.0138912 0.0165517 0.0189071 0.0208237 0.0222 0.022974 0.0231264 0.02268 0.0216946 0.0202597 0.0184847 0.0164894 0.0143942 0.0123136 0.0103691 0.0088074 0.00842564 0.0110816 0.018233 0.0267942 0.0299171 0.020961 0.0106091 0.00379635 0.00105618 0.000250844 5.10189e-05 9.04791e-06 1.41404e-06 1.87257e-07 1.89359e-08 1.04604e-09 0 
0 1.97409e-05 0.000188921 0.000804762 0.00209275 0.00391337 0.00599827 0.00817913 0.0103433 0.0123802 0.0141792 0.0156416 0.0166916 0.0172827 0.0174008 0.0170637 0.0163173 0.0152304 0.0138877 0.0123826 0.010811 0.00927052 0.00790435 0.00719588 0.00906776 0.018233 0.0386503 0.0705671 0.077856 0.0545187 0.02469 0.00830834 0.00198957 0.000381203 6.36827e-05 9.77862e-06 1.41026e-06 1.79411e-07 1.77019e-08 9.59528e-10 0 
0 9.15503e-06 9.06111e-05 0.000417484 0.00120847 0.00248803 0.0040624 0.00573484 0.00738342 0.00892169 0.0102725 0.0113672 0.0121522 0.0125946 0.0126849 0.0124367 0.0118845 0.0110802 0.0100879 0.00897986 0.00783391 0.00674062 0.00587515 0.00597074 0.0102296 0.0267942 0.0705671 0.0876578 0.0897519 0.083087 0.0456313 0.0133876 0.00303125 0.000511329 7.20072e-05 9.44031e-06 1.23856e-06 1.51407e-07 1.46699e-08 7.85732e-10 0 
0 3.86536e-06 3.88966e-05 0.000189475 0.000602925 0.00138237 0.00246889 0.00370206 0.00494125 0.00609518 0.00710148 0.0079123 0.00849195 0.00881894 0.00888775 0.00870904 0.00830836 0.00772376 0.00700337 0.0062042 0.00539443 0.00466471 0.00419315 0.00473624 0.00984609 0.0299171 0.077856 0.0897519 0.0913074 0.0858063 0.0546685 0.0147591 0.00328175 0.000523884 6.6516e-05 7.7252e-06 9.3456e-07 1.10858e-07 1.06509e-08 5.68624e-10 0 
0 1.48523e-06 1.4965e-05 7.51967e-05 0.000256302 0.000647687 0.00128075 0.00209092 0.0029663 0.00380845 0.00455007 0.00514796 0.00557495 0.00581653 0.00586987 0.00574342 0.00545605 0.00503616 0.00452143 0.00396064 0.00341842 0.00298195 0.00278503 0.00332672 0.007179 0.020961 0.0545187 0.083087 0.0858063 0.0752988 0.0339215 0.0109309 0.00242468 0.000381193 4.63082e-05 5.07473e-06 5.91633e-07 6.96794e-08 6.72617e-09 3.61426e-10 0 
0 5.19683e-07 5.17959e-06 2.62743e-05 9.30985e-05 0.000252181 0.000545313 0.000975714 0.00149858 0.00204532 0.00255212 0.00297258 0.00327777 0.00345288 0.00349433 0.0034081 0.0032088 0.00291942 0.00257209 0.00220985 0.00188863 0.00167512 0.00164191 0.00199044 0.00388898 0.0106091 0.02469 0.0456313 0.0546685 0.0339215 0.0164246 0.00541737 0.00121237 0.000192283 2.34132e-05 2.59649e-06 3.10198e-07 3.74191e-08 3.68275e-09 2.01126e-10 0 
0 1.65723e-07 1.61966e-06 8.1616e-06 2.93058e-05 8.24024e-05 0.000189134 0.000364204 0.000603324 0.000881429 0.00116221 0.00141017 0.00159812 0.00170952 0.00173813 0.00168678 0.00156641 0.00139528 0.00119839 0.00100669 0.000855241 0.000779313 0.000808616 0.000995179 0.00165322 0.00379635 0.00830834 0.0133876 0.0147591 0.0109309 0.00541737 0.00180569 0.000412938 6.74129e-05 8.62597e-06 1.04201e-06 1.35423e-07 1.72009e-08 1.7482e-09 9.78871e-11 0 
0 4.81728e-08 4.59057e-07 2.27366e-06 8.12632e-06 2.31137e-05 5.45934e-05 0.000109777 0.000191579 0.000295352 0.000409036 0.000516632 0.000602716 0.000655918 0.000670673 0.000647578 0.000592839 0.000517177 0.000434325 0.000359284 0.000306632 0.000289092 0.000316234 0.000398469 0.000586227 0.00105618 0.00198957 0.00303125 0.00328175 0.00242468 0.00121237 0.000412938 9.7757e-05 1.69262e-05 2.42416e-06 3.42129e-07 5.02011e-08 6.81024e-09 7.20812e-10 4.16707e-11 0 
0 1.2745e-08 1.18034e-07 5.7103e-07 2.00948e-06 5.6855e-06 1.35114e-05 2.76352e-05 4.94775e-05 7.863e-05 0.000112311 0.000145814 0.000173778 0.000191677 0.00019697 0.00018962 0.000171964 0.000148093 0.000122959 0.000101489 8.79777e-05 8.58227e-05 9.73619e-05 0.000123997 0.000169898 0.000250844 0.000381203 0.000511329 0.000523884 0.000381193 0.000192283 6.74129e-05 1.69262e-05 3.29182e-06 5.68159e-07 9.72141e-08 1.61192e-08 2.3362e-09 2.586e-10 1.55137e-11 0 
0 3.05479e-09 2.74526e-08 1.29311e-07 4.45409e-07 1.24184e-06 2.93003e-06 5.99432e-06 1.08041e-05 1.7365e-05 2.51424e-05 3.30856e-05 3.98797e-05 4.43294e-05 4.5715e-05 4.39897e-05 3.97654e-05 3.4122e-05 2.83301e-05 2.35963e-05 2.09112e-05 2.09989e-05 2.42661e-05 3.06558e-05 3.96865e-05 5.10189e-05 6.36827e-05 7.20072e-05 6.6516e-05 4.63082e-05 2.34132e-05 8.62597e-06 2.42416e-06 5.68159e-07 1.2208e-07 2.47302e-08 4.52068e-09 6.95751e-10 8.06825e-11 5.03963e-12 0 
0 6.56609e-10 5.72402e-09 2.62185e-08 8.81545e-08 2.41067e-07 5.60829e-07 1.13733e-06 2.04179e-06 3.28147e-06 4.76357e-06 6.29342e-06 7.61721e-06 8.49626e-06 8.78217e-06 8.46218e-06 7.65913e-06 6.59142e-06 5.51401e-06 4.66511e-06 4.23416e-06 4.34805e-06 5.05246e-06 6.26514e-06 7.72887e-06 9.04791e-06 9.77862e-06 9.44031e-06 7.7252e-06 5.07473e-06 2.59649e-06 1.04201e-06 3.42129e-07 9.72141e-08 2.47302e-08 5.60766e-09 1.10186e-09 1.79079e-10 2.17664e-11 1.41824e-12 0 
0 1.23974e-10 1.04888e-09 4.6718e-09 1.53204e-08 4.10125e-08 9.37842e-08 1.87715e-07 3.33905e-07 5.33511e-07 7.72056e-07 1.01884e-06 1.23336e-06 1.37707e-06 1.4257e-06 1.377e-06 1.25105e-06 1.0838e-06 9.17269e-07 7.90612e-07 7.34235e-07 7.66363e-07 8.8857e-07 1.07775e-06 1.27911e-06 1.41404e-06 1.41026e-06 1.23856e-06 9.3456e-07 5.91633e-07 3.10198e-07 1.35423e-07 5.02011e-08 1.61192e-08 4.52068e-09 1.10186e-09 2.29393e-10 3.92299e-11 4.99588e-12 3.39777e-13 0 
0 1.96919e-11 1.61855e-10 7.01564e-10 2.24449e-09 5.87973e-09 1.32016e-08 2.60345e-08 4.57795e-08 7.25289e-08 1.04349e-07 1.37209e-07 1.65809e-07 1.85093e-07 1.9187e-07 1.85854e-07 1.69725e-07 1.48301e-07 1.27244e-07 1.11823e-07 1.06028e-07 1.11924e-07 1.2893e-07 1.52897e-07 1.75758e-07 1.87257e-07 1.79411e-07 1.51407e-07 1.10858e-07 6.96794e-08 3.74191e-08 1.72009e-08 6.81024e-09 2.3362e-09 6.95751e-10 1.79079e-10 3.92299e-11 7.04037e-12 9.38291e-13 6.65871e-14 0 
0 2.37459e-12 1.89868e-11 8.01868e-11 2.50505e-10 6.42491e-10 1.41649e-09 2.75118e-09 4.77868e-09 7.4994e-09 1.0715e-08 1.40238e-08 1.69028e-08 1.88549e-08 1.95675e-08 1.9015e-08 1.74674e-08 1.54104e-08 1.34165e-08 1.20177e-08 1.16029e-08 1.2338e-08 1.40869e-08 1.6347e-08 1.82781e-08 1.89359e-08 1.77019e-08 1.46699e-08 1.06509e-08 6.72617e-09 3.68275e-09 1.7482e-09 7.20812e-10 2.586e-10 8.06825e-11 2.17664e-11 4.99588e-12 9.38291e-13 1.30631e-13 9.66285e-15 0 
0 1.55285e-13 1.20971e-12 4.98508e-12 1.52263e-11 3.8272e-11 8.2906e-11 1.58642e-10 2.72204e-10 4.23075e-10 6.00115e-10 7.81517e-10 9.39215e-10 1.04673e-09 1.08753e-09 1.06046e-09 9.80357e-10 8.73778e-10 7.72096e-10 7.04224e-10 6.9042e-10 7.37211e-10 8.33206e-10 9.47352e-10 1.03368e-09 1.04604e-09 9.59528e-10 7.85732e-10 5.68624e-10 3.61426e-10 2.01126e-10 9.78871e-11 4.16707e-11 1.55137e-11 5.03963e-12 1.41824e-12 3.39777e-13 6.65871e-14 9.66285e-15 7.43868e-16 0 
0 0 0 0 0 0 0 0 0 0 0 0 0 0 0 0 0 0 0 0 0 0 0 0 0 0 0 0 0 0 0 0 0 0 0 0 0 0 0 0 0 
