0 0 0 0 0 0 0 0 0 0 0 0 0 0 0 0 0 0 0 0 0 0 0 0 0 0 0 0 0 0 0 0 0 0 0 0 0 0 0 0 0 
0 3.35697e-07 3.00276e-06 1.33363e-05 4.08148e-05 9.58779e-05 0.000183708 0.000300414 0.000434627 0.000571955 0.000698777 0.000804199 0.000880631 0.000923714 0.000932021 0.000906707 0.00085114 0.000770507 0.000671413 0.000561424 0.000448527 0.000340463 0.000243927 0.000163731 0.000102162 5.88071e-05 3.10201e-05 1.49173e-05 6.51883e-06 2.58521e-06 9.30438e-07 3.04104e-07 9.02842e-08 2.43167e-08 5.91605e-09 1.28744e-09 2.45563e-10 3.93301e-11 4.77487e-12 3.13972e-13 0 
0 3.00276e-06 2.75165e-05 0.000121063 0.000352112 0.000759759 0.00131636 0.0019519 0.00259698 0.0032 0.00372479 0.00414536 0.0044436 0.00460906 0.00463918 0.00453909 0.00432072 0.00400128 0.00360147 0.00314381 0.00265145 0.00214797 0.00165765 0.00120551 0.000815544 0.000506197 0.00028457 0.000143475 6.45292e-05 2.58732e-05 9.27462e-06 2.98535e-06 8.66249e-07 2.2698e-07 5.35956e-08 1.13103e-08 2.0924e-09 3.25334e-10 3.83934e-11 2.45783e-12 0 
0 1.33363e-05 0.000121063 0.000499419 0.00129511 0.00245176 0.00379701 0.00519747 0.00657099 0.00785122 0.00897442 0.00988288 0.0105315 0.0108923 0.0109569 0.0107361 0.0102575 0.00956183 0.0086983 0.00771926 0.00667521 0.00561063 0.00456175 0.0035579 0.00262697 0.00180239 0.0011236 0.000622411 0.000301391 0.000126769 4.64771e-05 1.49919e-05 4.29788e-06 1.10294e-06 2.53845e-07 5.21021e-08 9.37033e-09 1.41708e-09 1.62841e-10 1.01656e-11 0 
0 4.08148e-05 0.000352112 0.00129511 0.00292529 0.0049738 0.00723823 0.00960892 0.0119748 0.0142081 0.0161817 0.0177838 0.0189297 0.0195675 0.0196813 0.01929 0.018443 0.0172137 0.0156914 0.0139722 0.0121512 0.010314 0.00853109 0.00685261 0.0053078 0.00391169 0.00268247 0.00165964 0.000895945 0.000411747 0.000159971 5.30533e-05 1.52788e-05 3.88023e-06 8.76308e-07 1.75748e-07 3.08337e-08 4.54822e-09 5.1016e-10 3.11238e-11 0 
0 9.58779e-05 0.000759759 0.00245176 0.0049738 0.00800419 0.0113983 0.0150065 0.0186332 0.0220665 0.0251037 0.0275707 0.0293355 0.0303178 0.0304929 0.0298897 0.0285847 0.0266912 0.0243472 0.0217021 0.0189034 0.0160866 0.0133657 0.0108276 0.00852758 0.00648731 0.00470162 0.00316312 0.00189927 0.000973892 0.00041373 0.000145165 4.28668e-05 1.09168e-05 2.43975e-06 4.80865e-07 8.26507e-08 1.19324e-08 1.31023e-09 7.83186e-11 0 
0 0.000183708 0.00131636 0.00379701 0.00723823 0.0113983 0.0161196 0.0211634 0.0262406 0.0310494 0.0353046 0.0387612 0.0412343 0.0426113 0.0428567 0.0420109 0.0401817 0.0375283 0.0342443 0.0305389 0.0266197 0.0226772 0.0188729 0.0153325 0.0121413 0.00934232 0.00693605 0.00488873 0.00316747 0.00179511 0.000844419 0.000320557 9.90512e-05 2.56583e-05 5.7275e-06 1.11642e-06 1.8887e-07 2.67875e-08 2.8886e-09 1.69646e-10 0 
0 0.000300414 0.0019519 0.00519747 0.00960892 0.0150065 0.0211634 0.0277488 0.0343801 0.0406618 0.0462221 0.0507515 0.054032 0.0559043 0.0562447 0.0550823 0.052628 0.0491331 0.0448368 0.039996 0.0348772 0.0297287 0.0247625 0.020144 0.0159874 0.012356 0.00926324 0.0066741 0.00452084 0.00275717 0.00142345 0.00058976 0.000193564 5.16596e-05 1.16216e-05 2.25428e-06 3.77116e-07 5.27436e-08 5.60357e-09 3.24264e-10 0 
0 0.000434627 0.00259698 0.00657099 0.0119748 0.0186332 0.0262406 0.0343801 0.0425772 0.0503465 0.0572828 0.0632445 0.0680948 0.0710816 0.0716437 0.0697794 0.0659567 0.0610429 0.0555393 0.0495242 0.0431946 0.0368311 0.0306939 0.0249879 0.0198554 0.0153777 0.0115782 0.00842662 0.00584395 0.00373535 0.00207347 0.000932529 0.000327106 9.07494e-05 2.07262e-05 4.02258e-06 6.68266e-07 9.24945e-08 9.7119e-09 5.55306e-10 0 
0 0.000571955 0.0032 0.00785122 0.0142081 0.0220665 0.0310494 0.0406618 0.0503465 0.0596097 0.0684905 0.0769022 0.0827173 0.0855304 0.0860335 0.08443 0.0803988 0.0737654 0.0660779 0.0586027 0.0510788 0.0435612 0.0363141 0.0295771 0.0235189 0.0182364 0.0137609 0.0100647 0.00706592 0.00464463 0.00271304 0.00130599 0.000488282 0.000141318 3.29197e-05 6.41906e-06 1.06274e-06 1.46028e-07 1.51973e-08 8.60867e-10 0 
0 0.000698777 0.00372479 0.00897442 0.0161817 0.0251037 0.0353046 0.0462221 0.0572828 0.0684905 0.0799137 0.0876769 0.0917419 0.0936779 0.0940507 0.0929779 0.0902563 0.0851897 0.0767389 0.0670062 0.0580967 0.0495208 0.0412896 0.0336396 0.0267615 0.0207657 0.0156893 0.0115055 0.00813036 0.00543206 0.00328159 0.00166298 0.000656749 0.000197929 4.70971e-05 9.24897e-06 1.53004e-06 2.09262e-07 2.16407e-08 1.21741e-09 0 
0 0.000804199 0.00414536 0.00988288 0.0177838 0.0275707 0.0387612 0.0507515 0.0632445 0.0769022 0.0876769 0.0934489 0.0966467 0.0982347 0.0985576 0.0976953 0.0955303 0.0916629 0.0850807 0.0747165 0.0639842 0.0543778 0.0453342 0.036942 0.0293972 0.0228214 0.0172558 0.0126733 0.00898805 0.00606176 0.00374061 0.00196512 0.000809796 0.000252598 6.13e-05 1.21321e-05 2.00872e-06 2.74023e-07 2.82211e-08 1.58012e-09 0 
0 0.000880631 0.0044436 0.0105315 0.0189297 0.0293355 0.0412343 0.054032 0.0680948 0.0827173 0.0917419 0.0966467 0.0994704 0.100903 0.101204 0.100438 0.098521 0.0951648 0.0896562 0.080432 0.0685423 0.0578918 0.0482324 0.0393077 0.0312856 0.0242942 0.018378 0.0135093 0.00960017 0.00650882 0.00406755 0.00218681 0.000928107 0.000297007 7.32152e-05 1.4591e-05 2.41981e-06 3.29765e-07 3.38854e-08 1.89204e-09 0 
0 0.000923714 0.00460906 0.0108923 0.0195675 0.0303178 0.0426113 0.0559043 0.0710816 0.0855304 0.0936779 0.0982347 0.100903 0.102268 0.10256 0.101837 0.100026 0.0968818 0.0918078 0.0833707 0.0712829 0.0598894 0.0498521 0.0406291 0.0323408 0.0251176 0.0190057 0.0139772 0.00994276 0.00675888 0.00425135 0.00231427 0.000998829 0.000324608 8.08281e-05 1.61883e-05 2.68951e-06 3.66573e-07 3.76441e-08 2.09994e-09 0 
0 0.000932021 0.00463918 0.0109569 0.0196813 0.0304929 0.0428567 0.0562447 0.0716437 0.0860335 0.0940507 0.0985576 0.101204 0.10256 0.102852 0.102135 0.100339 0.0972262 0.0922162 0.083905 0.0718052 0.0602604 0.05015 0.040873 0.0325365 0.0252713 0.0191238 0.0140662 0.0100091 0.00680891 0.00429024 0.00234343 0.00101639 0.000331962 8.29727e-05 1.66589e-05 2.77209e-06 3.78251e-07 3.88784e-08 2.17059e-09 0 
0 0.000906707 0.00453909 0.0107361 0.01929 0.0298897 0.0420109 0.0550823 0.0697794 0.08443 0.0929779 0.0976953 0.100438 0.101837 0.102135 0.101392 0.0995318 0.0962905 0.0910228 0.0822153 0.0701183 0.0590435 0.0491727 0.0400781 0.0319038 0.0247796 0.018751 0.0137907 0.00981016 0.00666738 0.00419073 0.00227826 0.000982134 0.000319201 7.96047e-05 1.59838e-05 2.66362e-06 3.64235e-07 3.75319e-08 2.10109e-09 0 
0 0.00085114 0.00432072 0.0102575 0.018443 0.0285847 0.0401817 0.052628 0.0659567 0.0803988 0.0902563 0.0955303 0.098521 0.100026 0.100339 0.0995318 0.0975062 0.0939325 0.0879797 0.0781295 0.0666116 0.056441 0.0470474 0.0383468 0.0305245 0.0237066 0.0179364 0.0131871 0.0093724 0.00635328 0.00396691 0.00212982 0.000903567 0.000289759 7.17526e-05 1.43853e-05 2.40169e-06 3.29605e-07 3.41167e-08 1.91939e-09 0 
0 0.000770507 0.00400128 0.00956183 0.0172137 0.0266912 0.0375283 0.0491331 0.0610429 0.0737654 0.0851897 0.0916629 0.0951648 0.0968818 0.0972262 0.0962905 0.0939325 0.08967 0.0823309 0.0719002 0.0619156 0.0527138 0.0439612 0.035831 0.0285204 0.0221475 0.0167527 0.0123098 0.00873525 0.00589459 0.00363998 0.00191594 0.000793416 0.00024957 6.12089e-05 1.22534e-05 2.05274e-06 2.834e-07 2.95472e-08 1.67543e-09 0 
0 0.000671413 0.00360147 0.0086983 0.0156914 0.0243472 0.0342443 0.0448368 0.0555393 0.0660779 0.0767389 0.0850807 0.0896562 0.0918078 0.0922162 0.0910228 0.0879797 0.0823309 0.0738127 0.0648885 0.0564266 0.0481259 0.0401402 0.0327162 0.0260398 0.0202188 0.0152893 0.0112257 0.00794733 0.00532689 0.00323883 0.00166155 0.000668535 0.000205954 5.00866e-05 1.00391e-05 1.69333e-06 2.36051e-07 2.48825e-08 1.42725e-09 0 
0 0.000561424 0.00314381 0.00771926 0.0139722 0.0217021 0.0305389 0.039996 0.0495242 0.0586027 0.0670062 0.0747165 0.080432 0.0833707 0.083905 0.0822153 0.0781295 0.0719002 0.0648885 0.0577209 0.050346 0.0429558 0.0358291 0.029203 0.0232437 0.0180467 0.0136435 0.0100084 0.00706374 0.00469387 0.00280244 0.00139944 0.000548435 0.0001664 4.03893e-05 8.15558e-06 1.39268e-06 1.96962e-07 2.10763e-08 1.22693e-09 0 
0 0.000448527 0.00265145 0.00667521 0.0121512 0.0189034 0.0266197 0.0348772 0.0431946 0.0510788 0.0580967 0.0639842 0.0685423 0.0712829 0.0718052 0.0701183 0.0666116 0.0619156 0.0564266 0.050346 0.0439351 0.0374886 0.0312712 0.0254907 0.020292 0.0157578 0.0119138 0.00873409 0.00614648 0.00405225 0.00238477 0.00117039 0.000453327 0.000137517 3.37136e-05 6.91427e-06 1.20143e-06 1.72859e-07 1.87948e-08 1.10989e-09 0 
0 0.000340463 0.00214797 0.00561063 0.010314 0.0160866 0.0226772 0.0297287 0.0368311 0.0435612 0.0495208 0.0543778 0.0578918 0.0598894 0.0602604 0.0590435 0.056441 0.0527138 0.0481259 0.0429558 0.0374886 0.0319908 0.0266896 0.0217625 0.0173329 0.0134712 0.0101984 0.00748877 0.0052778 0.00348474 0.00205854 0.00101984 0.000401503 0.000124326 3.11175e-05 6.49933e-06 1.14635e-06 1.66883e-07 1.83074e-08 1.08808e-09 0 
0 0.000243927 0.00165765 0.00456175 0.00853109 0.0133657 0.0188729 0.0247625 0.0306939 0.0363141 0.0412896 0.0453342 0.0482324 0.0498521 0.05015 0.0491727 0.0470474 0.0439612 0.0401402 0.0358291 0.0312712 0.0266896 0.0222747 0.0181754 0.0144987 0.0113133 0.00864398 0.0064525 0.00464664 0.00314351 0.00191548 0.000988438 0.000405856 0.000129717 3.30496e-05 6.95179e-06 1.2267e-06 1.77987e-07 1.94186e-08 1.14634e-09 0 
0 0.000163731 0.00120551 0.0035579 0.00685261 0.0108276 0.0153325 0.020144 0.0249879 0.0295771 0.0336396 0.036942 0.0393077 0.0406291 0.040873 0.0400781 0.0383468 0.035831 0.0327162 0.029203 0.0254907 0.0217625 0.0181754 0.0148594 0.0119374 0.0095491 0.00777649 0.00643548 0.00510475 0.00360426 0.00219179 0.00113388 0.000475617 0.000154321 3.92118e-05 8.13049e-06 1.40795e-06 2.00298e-07 2.14378e-08 1.24286e-09 0 
0 0.000102162 0.000815544 0.00262697 0.0053078 0.00852758 0.0121413 0.0159874 0.0198554 0.0235189 0.0267615 0.0293972 0.0312856 0.0323408 0.0325365 0.0319038 0.0305245 0.0285204 0.0260398 0.0232437 0.020292 0.0173329 0.0144987 0.0119374 0.00993472 0.0090479 0.00968341 0.0108956 0.0104793 0.00764426 0.00415357 0.00178956 0.000658471 0.000200462 4.86317e-05 9.67275e-06 1.61674e-06 2.23156e-07 2.3261e-08 1.31737e-09 0 
0 5.88071e-05 0.000506197 0.00180239 0.00391169 0.00648731 0.00934232 0.012356 0.0153777 0.0182364 0.0207657 0.0228214 0.0242942 0.0251176 0.0252713 0.0247796 0.0237066 0.0221475 0.0202188 0.0180467 0.0157578 0.0134712 0.0113133 0.0095491 0.0090479 0.0118125 0.0193852 0.0301932 0.0359611 0.0223021 0.0112754 0.00404309 0.00114106 0.000282783 6.03875e-05 1.1051e-05 1.75257e-06 2.33499e-07 2.36799e-08 1.31045e-09 0 
0 3.10201e-05 0.00028457 0.0011236 0.00268247 0.00470162 0.00693605 0.00926324 0.0115782 0.0137609 0.0156893 0.0172558 0.018378 0.0190057 0.0191238 0.018751 0.0179364 0.0167527 0.0152893 0.0136435 0.0119138 0.0101984 0.00864398 0.00777649 0.00968341 0.0193852 0.0435573 0.0766813 0.0801206 0.0634467 0.0262567 0.00882885 0.00212193 0.000416643 7.30978e-05 1.1708e-05 1.72546e-06 2.21323e-07 2.19088e-08 1.18975e-09 0 
0 1.49173e-05 0.000143475 0.000622411 0.00165964 0.00316312 0.00488873 0.0066741 0.00842662 0.0100647 0.0115055 0.0126733 0.0135093 0.0139772 0.0140662 0.0137907 0.0131871 0.0123098 0.0112257 0.0100084 0.00873409 0.00748877 0.0064525 0.00643548 0.0108956 0.0301932 0.0766813 0.0870119 0.0883095 0.0830195 0.0537054 0.0142223 0.00322406 0.000551034 8.0819e-05 1.11125e-05 1.50103e-06 1.85522e-07 1.80419e-08 9.68067e-10 0 
0 6.51883e-06 6.45292e-05 0.000301391 0.000895945 0.00189927 0.00316747 0.00452084 0.00584395 0.00706592 0.00813036 0.00898805 0.00960017 0.00994276 0.0100091 0.00981016 0.0093724 0.00873525 0.00794733 0.00706374 0.00614648 0.0052778 0.00464664 0.00510475 0.0104793 0.0359611 0.0801206 0.0883095 0.0894108 0.0852088 0.0636657 0.0157193 0.00348868 0.00056202 7.37788e-05 8.98629e-06 1.12502e-06 1.35255e-07 1.30474e-08 6.9774e-10 0 
0 2.58521e-06 2.58732e-05 0.000126769 0.000411747 0.000973892 0.00179511 0.00275717 0.00373535 0.00464463 0.00543206 0.00606176 0.00650882 0.00675888 0.00680891 0.00666738 0.00635328 0.00589459 0.00532689 0.00469387 0.00405225 0.00348474 0.00314351 0.00360426 0.00764426 0.0223021 0.0634467 0.0830195 0.0852088 0.0788527 0.0388531 0.0116117 0.00257806 0.000409059 5.12196e-05 5.87503e-06 7.09861e-07 8.4806e-08 8.21919e-09 4.42319e-10 0 
0 9.30438e-07 9.27462e-06 4.64771e-05 0.000159971 0.00041373 0.000844419 0.00142345 0.00207347 0.00271304 0.00328159 0.00374061 0.00406755 0.00425135 0.00429024 0.00419073 0.00396691 0.00363998 0.00323883 0.00280244 0.00238477 0.00205854 0.00191548 0.00219179 0.00415357 0.0112754 0.0262567 0.0537054 0.0636657 0.0388531 0.0174466 0.00575557 0.00129071 0.000207222 2.60144e-05 3.01404e-06 3.72346e-07 4.5498e-08 4.49336e-09 2.45709e-10 0 
0 3.04104e-07 2.98535e-06 1.49919e-05 5.30533e-05 0.000145165 0.000320557 0.00058976 0.000932529 0.00130599 0.00166298 0.00196512 0.00218681 0.00231427 0.00234343 0.00227826 0.00212982 0.00191594 0.00166155 0.00139944 0.00117039 0.00101984 0.000988438 0.00113388 0.00178956 0.00404309 0.00882885 0.0142223 0.0157193 0.0116117 0.00575557 0.0019203 0.000441626 7.33467e-05 9.69791e-06 1.22077e-06 1.63085e-07 2.09146e-08 2.13105e-09 1.19444e-10 0 
0 9.02842e-08 8.66249e-07 4.29788e-06 1.52788e-05 4.28668e-05 9.90512e-05 0.000193564 0.000327106 0.000488282 0.000656749 0.000809796 0.000928107 0.000998829 0.00101639 0.000982134 0.000903567 0.000793416 0.000668535 0.000548435 0.000453327 0.000401503 0.000405856 0.000475617 0.000658471 0.00114106 0.00212193 0.00322406 0.00348868 0.00257806 0.00129071 0.000441626 0.000105776 1.87355e-05 2.77848e-06 4.06077e-07 6.0708e-08 8.2837e-09 8.78185e-10 5.08071e-11 0 
0 2.43167e-08 2.2698e-07 1.10294e-06 3.88023e-06 1.09168e-05 2.56583e-05 5.16596e-05 9.07494e-05 0.000141318 0.000197929 0.000252598 0.000297007 0.000324608 0.000331962 0.000319201 0.000289759 0.00024957 0.000205954 0.0001664 0.000137517 0.000124326 0.000129717 0.000154321 0.000200462 0.000282783 0.000416643 0.000551034 0.00056202 0.000409059 0.000207222 7.33467e-05 1.87355e-05 3.74287e-06 6.66936e-07 1.168e-07 1.95572e-08 2.84259e-09 3.1495e-10 1.8905e-11 0 
0 5.91605e-09 5.35956e-08 2.53845e-07 8.76308e-07 2.43975e-06 5.7275e-06 1.16216e-05 2.07262e-05 3.29197e-05 4.70971e-05 6.13e-05 7.32152e-05 8.08281e-05 8.29727e-05 7.96047e-05 7.17526e-05 6.12089e-05 5.00866e-05 4.03893e-05 3.37136e-05 3.11175e-05 3.30496e-05 3.92118e-05 4.86317e-05 6.03875e-05 7.30978e-05 8.0819e-05 7.37788e-05 5.12196e-05 2.60144e-05 9.69791e-06 2.77848e-06 6.66936e-07 1.46229e-07 2.99435e-08 5.49487e-09 8.46709e-10 9.82427e-11 6.13911e-12 0 
0 1.28744e-09 1.13103e-08 5.21021e-08 1.75748e-07 4.80865e-07 1.11642e-06 2.25428e-06 4.02258e-06 6.41906e-06 9.24897e-06 1.21321e-05 1.4591e-05 1.61883e-05 1.66589e-05 1.59838e-05 1.43853e-05 1.22534e-05 1.00391e-05 8.15558e-06 6.91427e-06 6.49933e-06 6.95179e-06 8.13049e-06 9.67275e-06 1.1051e-05 1.1708e-05 1.11125e-05 8.98629e-06 5.87503e-06 3.01404e-06 1.22077e-06 4.06077e-07 1.168e-07 2.99435e-08 6.81312e-09 1.34037e-09 2.17953e-10 2.65007e-11 1.72727e-12 0 
0 2.45563e-10 2.0924e-09 9.37033e-09 3.08337e-08 8.26507e-08 1.8887e-07 3.77116e-07 6.68266e-07 1.06274e-06 1.53004e-06 2.00872e-06 2.41981e-06 2.68951e-06 2.77209e-06 2.66362e-06 2.40169e-06 2.05274e-06 1.69333e-06 1.39268e-06 1.20143e-06 1.14635e-06 1.2267e-06 1.40795e-06 1.61674e-06 1.75257e-06 1.72546e-06 1.50103e-06 1.12502e-06 7.09861e-07 3.72346e-07 1.63085e-07 6.0708e-08 1.95572e-08 5.49487e-09 1.34037e-09 2.79145e-10 4.77497e-11 6.08225e-12 4.13762e-13 0 
0 3.93301e-11 3.25334e-10 1.41708e-09 4.54822e-09 1.19324e-08 2.67875e-08 5.27436e-08 9.24945e-08 1.46028e-07 2.09262e-07 2.74023e-07 3.29765e-07 3.66573e-07 3.78251e-07 3.64235e-07 3.29605e-07 2.834e-07 2.36051e-07 1.96962e-07 1.72859e-07 1.66883e-07 1.77987e-07 2.00298e-07 2.23156e-07 2.33499e-07 2.21323e-07 1.85522e-07 1.35255e-07 8.4806e-08 4.5498e-08 2.09146e-08 8.2837e-09 2.84259e-09 8.46709e-10 2.17953e-10 4.77497e-11 8.57031e-12 1.14235e-12 8.10822e-14 0 
0 4.77487e-12 3.83934e-11 1.62841e-10 5.1016e-10 1.31023e-09 2.8886e-09 5.60357e-09 9.7119e-09 1.51973e-08 2.16407e-08 2.82211e-08 3.38854e-08 3.76441e-08 3.88784e-08 3.75319e-08 3.41167e-08 2.95472e-08 2.48825e-08 2.10763e-08 1.87948e-08 1.83074e-08 1.94186e-08 2.14378e-08 2.3261e-08 2.36799e-08 2.19088e-08 1.80419e-08 1.30474e-08 8.21919e-09 4.49336e-09 2.13105e-09 8.78185e-10 3.1495e-10 9.82427e-11 2.65007e-11 6.08225e-12 1.14235e-12 1.59052e-13 1.17664e-14 0 
0 3.13972e-13 2.45783e-12 1.01656e-11 3.11238e-11 7.83186e-11 1.69646e-10 3.24264e-10 5.55306e-10 8.60867e-10 1.21741e-09 1.58012e-09 1.89204e-09 2.09994e-09 2.17059e-09 2.10109e-09 1.91939e-09 1.67543e-09 1.42725e-09 1.22693e-09 1.10989e-09 1.08808e-09 1.14634e-09 1.24286e-09 1.31737e-09 1.31045e-09 1.18975e-09 9.68067e-10 6.9774e-10 4.42319e-10 2.45709e-10 1.19444e-10 5.08071e-11 1.8905e-11 6.13911e-12 1.72727e-12 4.13762e-13 8.10822e-14 1.17664e-14 9.05852e-16 0 
0 0 0 0 0 0 0 0 0 0 0 0 0 0 0 0 0 0 0 0 0 0 0 0 0 0 0 0 0 0 0 0 0 0 0 0 0 0 0 0 0 
