0 0 0 0 0 0 0 0 0 0 0 0 0 0 0 0 0 0 0 0 0 0 0 0 0 0 0 0 0 0 0 0 0 0 0 0 0 0 0 0 0 
0 1.24405e-10 1.1783e-09 5.86903e-09 2.14574e-08 6.37108e-08 1.60425e-07 3.50366e-07 6.72835e-07 1.14718e-06 1.75005e-06 2.40457e-06 2.99301e-06 3.39163e-06 3.513e-06 3.33604e-06 2.91053e-06 2.33588e-06 1.72564e-06 1.1738e-06 7.353e-07 4.24315e-07 2.25695e-07 1.10761e-07 5.02202e-08 2.10731e-08 8.19919e-09 2.96391e-09 9.97288e-10 3.12824e-10 9.15601e-11 2.5006e-11 6.36374e-12 1.50385e-12 3.2777e-13 6.50774e-14 1.15048e-14 1.73097e-15 1.99662e-16 1.25926e-17 0 
0 1.1783e-09 1.16038e-08 6.00522e-08 2.27599e-07 6.97968e-07 1.80641e-06 4.03222e-06 7.86768e-06 1.35541e-05 2.07951e-05 2.86387e-05 3.56585e-05 4.0389e-05 4.18171e-05 3.97094e-05 3.46511e-05 2.78053e-05 2.05141e-05 1.39065e-05 8.65689e-06 4.94729e-06 2.59647e-06 1.25274e-06 5.56586e-07 2.28215e-07 8.65717e-08 3.04611e-08 9.96563e-09 3.03766e-09 8.63871e-10 2.29298e-10 5.6745e-11 1.30505e-11 2.77096e-12 5.36556e-13 9.26205e-14 1.36239e-14 1.53831e-15 9.50927e-17 0 
0 5.86903e-09 6.00522e-08 3.22574e-07 1.26502e-06 3.9939e-06 1.05701e-05 2.39373e-05 4.70016e-05 8.09006e-05 0.000123375 0.000168475 0.000208055 0.0002343 0.000242106 0.000230413 0.000202254 0.000163656 0.000121834 8.32268e-05 5.20408e-05 2.97365e-05 1.55214e-05 7.40788e-06 3.23978e-06 1.30224e-06 4.8272e-07 1.65589e-07 5.27351e-08 1.56344e-08 4.32331e-09 1.11603e-09 2.68751e-10 6.01943e-11 1.24598e-11 2.35483e-12 3.97249e-13 5.71793e-14 6.32615e-15 3.83695e-16 0 
0 2.14574e-08 2.27599e-07 1.26502e-06 5.10957e-06 1.64906e-05 4.41626e-05 0.000100011 0.000194112 0.000327311 0.000486753 0.000648383 0.000784605 0.000872261 0.000897743 0.000858863 0.000764272 0.000631151 0.000481499 0.000337342 0.000215753 0.000125373 6.60356e-05 3.15377e-05 1.36944e-05 5.42965e-06 1.97545e-06 6.62772e-07 2.05965e-07 5.95058e-08 1.60262e-08 4.02928e-09 9.45429e-10 2.06488e-10 4.17206e-11 7.70558e-12 1.27195e-12 1.79389e-13 1.94737e-14 1.16053e-15 0 
0 6.37108e-08 6.97968e-07 3.9939e-06 1.64906e-05 5.37866e-05 0.00014336 0.000317701 0.000594783 0.00095955 0.00136465 0.00174879 0.00205609 0.00224694 0.00230105 0.00221685 0.00200947 0.00170815 0.00135285 0.0009892 0.000660758 0.00039921 0.000216643 0.000105362 4.60383e-05 1.81804e-05 6.53641e-06 2.15524e-06 6.55925e-07 1.85202e-07 4.86964e-08 1.19495e-08 2.73728e-09 5.84032e-10 1.15385e-10 2.0862e-11 3.37541e-12 4.67252e-13 4.98571e-14 2.9249e-15 0 
0 1.60425e-07 1.80641e-06 1.05701e-05 4.41626e-05 0.00014336 0.000372393 0.000788344 0.00139272 0.00211761 0.00286011 0.00352252 0.00403112 0.00433918 0.00442505 0.00428955 0.00395324 0.00345351 0.0028418 0.00218072 0.00153957 0.00098458 0.000562345 0.000284382 0.000127252 5.07107e-05 1.81833e-05 5.9303e-06 1.77578e-06 4.918e-07 1.26631e-07 3.04096e-08 6.81735e-09 1.42426e-09 2.75754e-10 4.89127e-11 7.77387e-12 1.05857e-12 1.1128e-13 6.4423e-15 0 
0 3.50366e-07 4.03222e-06 2.39373e-05 0.000100011 0.000317701 0.000788344 0.00156731 0.00259234 0.00372318 0.00481593 0.0057569 0.00646535 0.00689019 0.00700811 0.00682203 0.00635831 0.00566276 0.00479606 0.00383022 0.00284666 0.0019338 0.00117622 0.000629246 0.000293559 0.00011984 4.33311e-05 1.40864e-05 4.17316e-06 1.13845e-06 2.88072e-07 6.79135e-08 1.49436e-08 3.06536e-09 5.83177e-10 1.01753e-10 1.59287e-11 2.13963e-12 2.22261e-13 1.27397e-14 0 
0 6.72835e-07 7.86768e-06 4.70016e-05 0.000194112 0.000594783 0.00139272 0.00259234 0.00404533 0.00556294 0.00698695 0.00819644 0.00910185 0.009644 0.00979544 0.00956034 0.00897167 0.00808576 0.0069755 0.00572375 0.00441936 0.00315744 0.00204 0.00116192 0.000572251 0.000242579 8.94483e-05 2.92247e-05 8.61717e-06 2.32633e-06 5.80737e-07 1.34877e-07 2.9226e-08 5.90529e-09 1.10747e-09 1.90698e-10 2.95038e-11 3.92384e-12 4.04418e-13 2.30569e-14 0 
0 1.14718e-06 1.35541e-05 8.09006e-05 0.000327311 0.00095955 0.00211761 0.00372318 0.00556294 0.00743126 0.00916463 0.0106315 0.0117291 0.0123875 0.012574 0.0122933 0.0115852 0.0105172 0.009176 0.00765853 0.00606403 0.00449191 0.00304615 0.00183763 0.000958418 0.000425413 0.000161446 5.34179e-05 1.57685e-05 4.23243e-06 1.04663e-06 2.40388e-07 5.14859e-08 1.02858e-08 1.90892e-09 3.25731e-10 5.00326e-11 6.62156e-12 6.8107e-13 3.88819e-14 0 
0 1.75005e-06 2.07951e-05 0.000123375 0.000486753 0.00136465 0.00286011 0.00481593 0.00698695 0.00916463 0.011178 0.0128812 0.0141573 0.0149254 0.0151471 0.0148277 0.0140126 0.0127799 0.0112297 0.00947315 0.00762222 0.00578351 0.00406074 0.00256474 0.00140878 0.000655606 0.000257356 8.67223e-05 2.57584e-05 6.90481e-06 1.69852e-06 3.87395e-07 8.23644e-08 1.63434e-08 3.01656e-09 5.12926e-10 7.87166e-11 1.04434e-11 1.08118e-12 6.2415e-14 0 
0 2.40457e-06 2.86387e-05 0.000168475 0.000648383 0.00174879 0.00352252 0.0057569 0.00819644 0.0106315 0.0128812 0.0147861 0.0162159 0.0170801 0.0173355 0.0169872 0.0160854 0.0147165 0.012992 0.0110357 0.00897135 0.00691426 0.00497013 0.00324575 0.00185867 0.000902486 0.000366509 0.000126139 3.78406e-05 1.01719e-05 2.49997e-06 5.68915e-07 1.20707e-07 2.39321e-08 4.42339e-09 7.55539e-10 1.16944e-10 1.57246e-11 1.65896e-12 9.81468e-14 0 
0 2.99301e-06 3.56585e-05 0.000208055 0.000784605 0.00205609 0.00403112 0.00646535 0.00910185 0.0117291 0.0141573 0.0162159 0.0177645 0.0187053 0.0189909 0.0186261 0.0176639 0.0161969 0.0143449 0.0122408 0.0100178 0.00779875 0.0056926 0.00380318 0.00224533 0.00112798 0.0004721 0.000165957 5.04071e-05 1.36407e-05 3.36621e-06 7.6893e-07 1.63977e-07 3.27648e-08 6.12694e-09 1.0641e-09 1.68463e-10 2.33152e-11 2.54688e-12 1.56737e-13 0 
0 3.39163e-06 4.0389e-05 0.0002343 0.000872261 0.00224694 0.00433918 0.00689019 0.009644 0.0123875 0.0149254 0.0170801 0.0187053 0.0196984 0.020009 0.0196411 0.0186493 0.0171291 0.0152047 0.0130145 0.0106972 0.00838059 0.00617628 0.00418659 0.00252261 0.00129881 0.000556829 0.000199581 6.14909e-05 1.68271e-05 4.19709e-06 9.70667e-07 2.10319e-07 4.29162e-08 8.2477e-09 1.48254e-09 2.44587e-10 3.54683e-11 4.07125e-12 2.63154e-13 0 
0 3.513e-06 4.18171e-05 0.000242106 0.000897743 0.00230105 0.00442505 0.00700811 0.00979544 0.012574 0.0151471 0.0173355 0.0189909 0.020009 0.0203379 0.0199807 0.0189914 0.0174657 0.0155283 0.0133186 0.0109767 0.00863178 0.00639626 0.00437154 0.00266594 0.00139447 0.000608575 0.000222015 6.95846e-05 1.93878e-05 4.93833e-06 1.17228e-06 2.62524e-07 5.58129e-08 1.1266e-08 2.14099e-09 3.74735e-10 5.76158e-11 6.97844e-12 4.72147e-13 0 
0 3.33604e-06 3.97094e-05 0.000230413 0.000858863 0.00221685 0.00428955 0.00682203 0.00956034 0.0122933 0.0148277 0.0169872 0.0186261 0.0196411 0.0199807 0.0196468 0.0186912 0.0172068 0.0153151 0.0131525 0.0108559 0.00855228 0.00635255 0.00435689 0.00267194 0.00141034 0.000623917 0.00023186 7.44205e-05 2.13715e-05 5.65631e-06 1.40865e-06 3.34263e-07 7.59382e-08 1.64564e-08 3.35556e-09 6.26416e-10 1.01689e-10 1.28457e-11 8.95221e-13 0 
0 2.91053e-06 3.46511e-05 0.000202254 0.000764272 0.00200947 0.00395324 0.00635831 0.00897167 0.0115852 0.0140126 0.0160854 0.0176639 0.0186493 0.0189914 0.0186912 0.017797 0.0163964 0.0146044 0.0125503 0.0103644 0.00816785 0.0060676 0.00416205 0.00255625 0.00135717 0.000608978 0.000232174 7.74402e-05 2.34249e-05 6.62008e-06 1.78156e-06 4.60233e-07 1.13884e-07 2.66969e-08 5.81507e-09 1.14187e-09 1.9197e-10 2.47678e-11 1.74286e-12 0 
0 2.33588e-06 2.78053e-05 0.000163656 0.000631151 0.00170815 0.00345351 0.00566276 0.00808576 0.0105172 0.0127799 0.0147165 0.0161969 0.0171291 0.0174657 0.0172068 0.0163964 0.0151148 0.0134681 0.0115752 0.0095569 0.0075257 0.00558275 0.00382367 0.00235025 0.00125847 0.00057808 0.000230226 8.19712e-05 2.69906e-05 8.41891e-06 2.51228e-06 7.15333e-07 1.92246e-07 4.80109e-08 1.09229e-08 2.20137e-09 3.74486e-10 4.83642e-11 3.38008e-12 0 
0 1.72564e-06 2.05141e-05 0.000121834 0.000481499 0.00135285 0.0028418 0.00479606 0.0069755 0.009176 0.0112297 0.012992 0.0143449 0.0152047 0.0155283 0.0153151 0.0146044 0.0134681 0.0120012 0.0103109 0.00850592 0.00668881 0.00495366 0.0033917 0.00209682 0.00114629 0.000551161 0.000236827 9.34913e-05 3.46942e-05 1.22061e-05 4.05158e-06 1.25408e-06 3.57227e-07 9.24122e-08 2.13783e-08 4.32034e-09 7.29684e-10 9.29289e-11 6.37624e-12 0 
0 1.1738e-06 1.39065e-05 8.32268e-05 0.000337342 0.0009892 0.00218072 0.00383022 0.00572375 0.00765853 0.00947315 0.0110357 0.0122408 0.0130145 0.0133186 0.0131525 0.0125503 0.0115752 0.0103109 0.00885161 0.00729378 0.00572945 0.00424501 0.00292397 0.00184416 0.00105582 0.000551186 0.000266337 0.000120679 5.13102e-05 2.02537e-05 7.3166e-06 2.3901e-06 7.00142e-07 1.82638e-07 4.20161e-08 8.36557e-09 1.38381e-09 1.72004e-10 1.14978e-11 0 
0 7.353e-07 8.65689e-06 5.20408e-05 0.000215753 0.000660758 0.00153957 0.00284666 0.00441936 0.00606403 0.00762222 0.00897135 0.0100178 0.0106972 0.0109767 0.0108559 0.0103644 0.0095569 0.00850592 0.00729378 0.00600539 0.0047231 0.00352432 0.00247851 0.00163767 0.00102004 0.000602972 0.000338484 0.000178159 8.59477e-05 3.71505e-05 1.41729e-05 4.74332e-06 1.39214e-06 3.58441e-07 8.06332e-08 1.56145e-08 2.50538e-09 3.01786e-10 1.95537e-11 0 
0 4.24315e-07 4.94729e-06 2.97365e-05 0.000125373 0.00039921 0.00098458 0.0019338 0.00315744 0.00449191 0.00578351 0.00691426 0.00779875 0.00838059 0.00863178 0.00855228 0.00816785 0.0075257 0.00668881 0.00572945 0.0047231 0.00374301 0.00285396 0.00210348 0.0015114 0.00106592 0.000734279 0.000483042 0.00029269 0.000157175 7.26248e-05 2.84905e-05 9.51191e-06 2.73179e-06 6.81397e-07 1.47843e-07 2.75732e-08 4.26186e-09 4.9515e-10 3.10011e-11 0 
0 2.25695e-07 2.59647e-06 1.55214e-05 6.60356e-05 0.000216643 0.000562345 0.00117622 0.00204 0.00304615 0.00406074 0.00497013 0.0056926 0.00617628 0.00639626 0.00635255 0.0060676 0.00558275 0.00495366 0.00424501 0.00352432 0.00285396 0.00228099 0.00182669 0.00148206 0.00121454 0.00098389 0.000758383 0.000528314 0.000314602 0.000153386 6.02746e-05 1.93657e-05 5.25117e-06 1.23536e-06 2.54384e-07 4.52933e-08 6.71161e-09 7.50128e-10 4.53261e-11 0 
0 1.10761e-07 1.25274e-06 7.40788e-06 3.15377e-05 0.000105362 0.000284382 0.000629246 0.00116192 0.00183763 0.00256474 0.00324575 0.00380318 0.00418659 0.00437154 0.00435689 0.00416205 0.00382367 0.0033917 0.00292397 0.00247851 0.00210348 0.00182669 0.0016496 0.00155126 0.00150241 0.00146907 0.00138183 0.00114552 0.00076484 0.000388578 0.000147787 4.3154e-05 1.0298e-05 2.15228e-06 4.06495e-07 6.81637e-08 9.64455e-09 1.0363e-09 6.04721e-11 0 
0 5.02202e-08 5.56586e-07 3.23978e-06 1.36944e-05 4.60383e-05 0.000127252 0.000293559 0.000572251 0.000958418 0.00140878 0.00185867 0.00224533 0.00252261 0.00266594 0.00267194 0.00255625 0.00235025 0.00209682 0.00184416 0.00163767 0.0015114 0.00148206 0.00155126 0.00173129 0.00209735 0.00272401 0.00334013 0.00329305 0.00237594 0.00121221 0.000435603 0.000112445 2.22211e-05 3.77002e-06 6.07494e-07 9.29792e-08 1.2475e-08 1.28974e-09 7.28704e-11 0 
0 2.10731e-08 2.28215e-07 1.30224e-06 5.42965e-06 1.81804e-05 5.07107e-05 0.00011984 0.000242579 0.000425413 0.000655606 0.000902486 0.00112798 0.00129881 0.00139447 0.00141034 0.00135717 0.00125847 0.00114629 0.00105582 0.00102004 0.00106592 0.00121454 0.00150241 0.00209735 0.0035219 0.00629245 0.00935149 0.0100298 0.00739489 0.00370622 0.00126809 0.000299811 5.07555e-05 6.82596e-06 8.67422e-07 1.1455e-07 1.43545e-08 1.42963e-09 7.85521e-11 0 
0 8.19919e-09 8.65717e-08 4.8272e-07 1.97545e-06 6.53641e-06 1.81833e-05 4.33311e-05 8.94483e-05 0.000161446 0.000257356 0.000366509 0.0004721 0.000556829 0.000608575 0.000623917 0.000608978 0.00057808 0.000551161 0.000551186 0.000602972 0.000734279 0.00098389 0.00146907 0.00272401 0.00629245 0.0135588 0.0216905 0.0238514 0.0176563 0.00875538 0.0029166 0.00065828 0.000102375 1.17098e-05 1.17255e-06 1.27058e-07 1.45478e-08 1.39713e-09 7.51016e-11 0 
0 2.96391e-09 3.04611e-08 1.65589e-07 6.62772e-07 2.15524e-06 5.9303e-06 1.40864e-05 2.92247e-05 5.34179e-05 8.67223e-05 0.000126139 0.000165957 0.000199581 0.000222015 0.00023186 0.000232174 0.000230226 0.000236827 0.000266337 0.000338484 0.000483042 0.000758383 0.00138183 0.00334013 0.00935149 0.0216905 0.0355023 0.0393138 0.029129 0.0143901 0.00474177 0.00104729 0.000156404 1.64111e-05 1.3905e-06 1.24218e-07 1.28443e-08 1.19333e-09 6.32318e-11 0 
0 9.97288e-10 9.96563e-09 5.27351e-08 2.05965e-07 6.55925e-07 1.77578e-06 4.17316e-06 8.61717e-06 1.57685e-05 2.57584e-05 3.78406e-05 5.04071e-05 6.14909e-05 6.95846e-05 7.44205e-05 7.74402e-05 8.19712e-05 9.34913e-05 0.000120679 0.000178159 0.00029269 0.000528314 0.00114552 0.00329305 0.0100298 0.0238514 0.0393138 0.043625 0.0323312 0.0159526 0.00523639 0.00114594 0.000167963 1.69179e-05 1.30879e-06 1.02263e-07 9.7345e-09 8.84464e-10 4.66339e-11 0 
0 3.12824e-10 3.03766e-09 1.56344e-08 5.95058e-08 1.85202e-07 4.918e-07 1.13845e-06 2.32633e-06 4.23243e-06 6.90481e-06 1.01719e-05 1.36407e-05 1.68271e-05 1.93878e-05 2.13715e-05 2.34249e-05 2.69906e-05 3.46942e-05 5.13102e-05 8.59477e-05 0.000157175 0.000314602 0.00076484 0.00237594 0.00739489 0.0176563 0.029129 0.0323312 0.0239615 0.0118205 0.00387661 0.000845601 0.000122984 1.21934e-05 9.1146e-07 6.75353e-08 6.23586e-09 5.6595e-10 3.0026e-11 0 
0 9.15601e-11 8.63871e-10 4.32331e-09 1.60262e-08 4.86964e-08 1.26631e-07 2.88072e-07 5.80737e-07 1.04663e-06 1.69852e-06 2.49997e-06 3.36621e-06 4.19709e-06 4.93833e-06 5.65631e-06 6.62008e-06 8.41891e-06 1.22061e-05 2.02537e-05 3.71505e-05 7.26248e-05 0.000153386 0.000388578 0.00121221 0.00370622 0.00875538 0.0143901 0.0159526 0.0118205 0.00583366 0.00191455 0.000417512 6.06695e-05 6.02663e-06 4.55997e-07 3.49234e-08 3.35203e-09 3.12094e-10 1.68553e-11 0 
0 2.5006e-11 2.29298e-10 1.11603e-09 4.02928e-09 1.19495e-08 3.04096e-08 6.79135e-08 1.34877e-07 2.40388e-07 3.87395e-07 5.68915e-07 7.6893e-07 9.70667e-07 1.17228e-06 1.40865e-06 1.78156e-06 2.51228e-06 4.05158e-06 7.3166e-06 1.41729e-05 2.84905e-05 6.02746e-05 0.000147787 0.000435603 0.00126809 0.0029166 0.00474177 0.00523639 0.00387661 0.00191455 0.000629221 0.000137499 2.01127e-05 2.04332e-06 1.65176e-07 1.43278e-08 1.52208e-09 1.48608e-10 8.25175e-12 0 
0 6.36374e-12 5.6745e-11 2.68751e-10 9.45429e-10 2.73728e-09 6.81735e-09 1.49436e-08 2.9226e-08 5.14859e-08 8.23644e-08 1.20707e-07 1.63977e-07 2.10319e-07 2.62524e-07 3.34263e-07 4.60233e-07 7.15333e-07 1.25408e-06 2.3901e-06 4.74332e-06 9.51191e-06 1.93657e-05 4.3154e-05 0.000112445 0.000299811 0.00065828 0.00104729 0.00114594 0.000845601 0.000417512 0.000137499 3.02557e-05 4.51832e-06 4.87128e-07 4.56093e-08 4.8866e-09 5.93207e-10 6.13456e-11 3.52677e-12 0 
0 1.50385e-12 1.30505e-11 6.01943e-11 2.06488e-10 5.84032e-10 1.42426e-09 3.06536e-09 5.90529e-09 1.02858e-08 1.63434e-08 2.39321e-08 3.27648e-08 4.29162e-08 5.58129e-08 7.59382e-08 1.13884e-07 1.92246e-07 3.57227e-07 7.00142e-07 1.39214e-06 2.73179e-06 5.25117e-06 1.0298e-05 2.22211e-05 5.07555e-05 0.000102375 0.000156404 0.000167963 0.000122984 6.06695e-05 2.01127e-05 4.51832e-06 7.12649e-07 8.79821e-08 1.06279e-08 1.46306e-09 2.01166e-10 2.20235e-11 1.31654e-12 0 
0 3.2777e-13 2.77096e-12 1.24598e-11 4.17206e-11 1.15385e-10 2.75754e-10 5.83177e-10 1.10747e-09 1.90892e-09 3.01656e-09 4.42339e-09 6.12694e-09 8.2477e-09 1.1266e-08 1.64564e-08 2.66969e-08 4.80109e-08 9.24122e-08 1.82638e-07 3.58441e-07 6.81397e-07 1.23536e-06 2.15228e-06 3.77002e-06 6.82596e-06 1.17098e-05 1.64111e-05 1.69179e-05 1.21934e-05 6.02663e-06 2.04332e-06 4.87128e-07 8.79821e-08 1.40591e-08 2.32989e-09 3.94518e-10 5.95715e-11 6.87557e-12 4.28455e-13 0 
0 6.50774e-14 5.36556e-13 2.35483e-12 7.70558e-12 2.0862e-11 4.89127e-11 1.01753e-10 1.90698e-10 3.25731e-10 5.12926e-10 7.55539e-10 1.0641e-09 1.48254e-09 2.14099e-09 3.35556e-09 5.81507e-09 1.09229e-08 2.13783e-08 4.20161e-08 8.06332e-08 1.47843e-07 2.54384e-07 4.06495e-07 6.07494e-07 8.67422e-07 1.17255e-06 1.3905e-06 1.30879e-06 9.1146e-07 4.55997e-07 1.65176e-07 4.56093e-08 1.06279e-08 2.32989e-09 4.92594e-10 9.46895e-11 1.53014e-11 1.85575e-12 1.20714e-13 0 
0 1.15048e-14 9.26205e-14 3.97249e-13 1.27195e-12 3.37541e-12 7.77387e-12 1.59287e-11 2.95038e-11 5.00326e-11 7.87166e-11 1.16944e-10 1.68463e-10 2.44587e-10 3.74735e-10 6.26416e-10 1.14187e-09 2.20137e-09 4.32034e-09 8.36557e-09 1.56145e-08 2.75732e-08 4.52933e-08 6.81637e-08 9.29792e-08 1.1455e-07 1.27058e-07 1.24218e-07 1.02263e-07 6.75353e-08 3.49234e-08 1.43278e-08 4.8866e-09 1.46306e-09 3.94518e-10 9.46895e-11 1.96192e-11 3.34935e-12 4.2602e-13 2.89393e-14 0 
0 1.73097e-15 1.36239e-14 5.71793e-14 1.79389e-13 4.67252e-13 1.05857e-12 2.13963e-12 3.92384e-12 6.62156e-12 1.04434e-11 1.57246e-11 2.33152e-11 3.54683e-11 5.76158e-11 1.01689e-10 1.9197e-10 3.74486e-10 7.29684e-10 1.38381e-09 2.50538e-09 4.26186e-09 6.71161e-09 9.64455e-09 1.2475e-08 1.43545e-08 1.45478e-08 1.28443e-08 9.7345e-09 6.23586e-09 3.35203e-09 1.52208e-09 5.93207e-10 2.01166e-10 5.95715e-11 1.53014e-11 3.34935e-12 6.00731e-13 8.00048e-14 5.67287e-15 0 
0 1.99662e-16 1.53831e-15 6.32615e-15 1.94737e-14 4.98571e-14 1.1128e-13 2.22261e-13 4.04418e-13 6.8107e-13 1.08118e-12 1.65896e-12 2.54688e-12 4.07125e-12 6.97844e-12 1.28457e-11 2.47678e-11 4.83642e-11 9.29289e-11 1.72004e-10 3.01786e-10 4.9515e-10 7.50128e-10 1.0363e-09 1.28974e-09 1.42963e-09 1.39713e-09 1.19333e-09 8.84464e-10 5.6595e-10 3.12094e-10 1.48608e-10 6.13456e-11 2.20235e-11 6.87557e-12 1.85575e-12 4.2602e-13 8.00048e-14 1.11347e-14 8.23209e-16 0 
0 1.25926e-17 9.50927e-17 3.83695e-16 1.16053e-15 2.9249e-15 6.4423e-15 1.27397e-14 2.30569e-14 3.88819e-14 6.2415e-14 9.81468e-14 1.56737e-13 2.63154e-13 4.72147e-13 8.95221e-13 1.74286e-12 3.38008e-12 6.37624e-12 1.14978e-11 1.95537e-11 3.10011e-11 4.53261e-11 6.04721e-11 7.28704e-11 7.85521e-11 7.51016e-11 6.32318e-11 4.66339e-11 3.0026e-11 1.68553e-11 8.25175e-12 3.52677e-12 1.31654e-12 4.28455e-13 1.20714e-13 2.89393e-14 5.67287e-15 8.23209e-16 6.33567e-17 0 
0 0 0 0 0 0 0 0 0 0 0 0 0 0 0 0 0 0 0 0 0 0 0 0 0 0 0 0 0 0 0 0 0 0 0 0 0 0 0 0 0 
