0 0 0 0 0 0 0 0 0 0 0 0 0 0 0 0 0 0 0 0 0 0 0 0 0 0 0 0 0 0 0 0 0 0 0 0 0 0 0 0 0 
0 3.85158e-07 3.4338e-06 1.51533e-05 4.59438e-05 0.000106725 0.000202152 0.000327099 0.000469019 0.00061283 0.000744683 0.000853721 0.000932486 0.000976755 0.000985211 0.000959081 0.000901776 0.000818509 0.000715899 0.000601548 0.000483534 0.00036978 0.000267277 0.000181234 0.000114373 6.66494e-05 3.56097e-05 1.73456e-05 7.67438e-06 3.07868e-06 1.11958e-06 3.69265e-07 1.1049e-07 2.99561e-08 7.32843e-09 1.60209e-09 3.06721e-10 4.92748e-11 5.99694e-12 3.95116e-13 0 
0 3.4338e-06 3.12992e-05 0.000136243 0.000390247 0.0008279 0.00141252 0.00206922 0.00272909 0.00334272 0.00387549 0.00430207 0.00460444 0.00477207 0.00480235 0.00470053 0.00447875 0.00415452 0.0037488 0.00328422 0.00278377 0.00227046 0.00176778 0.00130013 0.000891634 0.0005622 0.000321512 0.000164962 7.54481e-05 3.07132e-05 1.11542e-05 3.62955e-06 1.06251e-06 2.80385e-07 6.65802e-08 1.41133e-08 2.62019e-09 4.08527e-10 4.83165e-11 3.0984e-12 0 
0 1.51533e-05 0.000136243 0.000552215 0.00140124 0.00260233 0.00397688 0.00539974 0.00679459 0.00809588 0.0092385 0.0101631 0.0108233 0.0111905 0.0112559 0.0110307 0.0105429 0.00983443 0.00895548 0.00795978 0.00689915 0.00581909 0.00475613 0.00373853 0.00279142 0.0019446 0.00123574 0.000699766 0.000346646 0.000148926 5.55939e-05 1.81918e-05 5.27274e-06 1.36429e-06 3.15931e-07 6.51443e-08 1.17564e-08 1.78254e-09 2.0524e-10 1.28316e-11 0 
0 4.59438e-05 0.000390247 0.00140124 0.00309377 0.00518376 0.007486 0.0098989 0.0123094 0.0145861 0.0165982 0.0182316 0.0193996 0.0200495 0.0201651 0.0197656 0.0189015 0.0176479 0.0160957 0.0143433 0.0124877 0.010617 0.00880346 0.00709923 0.00553391 0.00412007 0.00286943 0.00181374 0.00100504 0.000474726 0.000189082 6.39696e-05 1.86951e-05 4.79732e-06 1.09128e-06 2.19971e-07 3.87301e-08 5.72754e-09 6.43618e-10 3.93184e-11 0 
0 0.000106725 0.0008279 0.00260233 0.00518376 0.00826864 0.0117275 0.0154074 0.0191069 0.022609 0.0257067 0.0282225 0.0300217 0.0310229 0.0312007 0.030585 0.0292535 0.0273221 0.0249316 0.022234 0.0193803 0.0165086 0.0137356 0.0111509 0.00881194 0.00674207 0.00493449 0.00337379 0.00207452 0.00109601 0.000480267 0.000173079 5.21419e-05 1.34617e-05 3.03571e-06 6.01874e-07 1.03856e-07 1.50333e-08 1.65371e-09 9.89741e-11 0 
0 0.000202152 0.00141252 0.00397688 0.007486 0.0117275 0.0165448 0.0216915 0.0268716 0.0317771 0.036117 0.0396419 0.0421637 0.0435677 0.0438172 0.0429532 0.0410865 0.03838 0.0350306 0.0312518 0.0272551 0.0232346 0.0193557 0.0157466 0.0124953 0.00964724 0.00720481 0.00513243 0.00338653 0.00197243 0.000959513 0.000376412 0.000119393 3.149e-05 7.11061e-06 1.396e-06 2.37236e-07 3.3744e-08 3.64558e-09 2.14371e-10 0 
0 0.000327099 0.00206922 0.00539974 0.0098989 0.0154074 0.0216915 0.0284117 0.0351771 0.0415847 0.0472569 0.0518912 0.0553006 0.057309 0.0576819 0.0564171 0.0538252 0.0502251 0.0458365 0.0408994 0.0356793 0.0304292 0.025365 0.0206556 0.016418 0.012718 0.00957114 0.006944 0.00476493 0.00297155 0.00158426 0.000680695 0.000230663 6.29886e-05 1.43782e-05 2.81365e-06 4.73197e-07 6.63965e-08 7.0684e-09 4.09568e-10 0 
0 0.000469019 0.00272909 0.00679459 0.0123094 0.0191069 0.0268716 0.0351771 0.0435393 0.051468 0.058615 0.0651359 0.070742 0.0741069 0.0747316 0.0726766 0.0682733 0.0626403 0.056787 0.0506193 0.0441624 0.0376735 0.0314154 0.0255968 0.0203635 0.0157988 0.0119282 0.00872351 0.00610589 0.00397103 0.00226795 0.00105838 0.000384966 0.000109804 2.55314e-05 5.00835e-06 8.37242e-07 1.16312e-07 1.22402e-08 7.00865e-10 0 
0 0.00061283 0.00334272 0.00809588 0.0145861 0.022609 0.0317771 0.0415847 0.051468 0.0610218 0.0709048 0.0800802 0.0854733 0.0879159 0.0883622 0.0870022 0.0834477 0.0768044 0.0680267 0.0599303 0.0522047 0.0445363 0.0371468 0.0302771 0.0240996 0.0187136 0.014152 0.010389 0.00734403 0.0048932 0.00292875 0.00146076 0.000567729 0.000169623 4.0359e-05 7.96944e-06 1.32901e-06 1.83383e-07 1.91327e-08 1.08548e-09 0 
0 0.000744683 0.00387549 0.0092385 0.0165982 0.0257067 0.036117 0.0472569 0.058615 0.0709048 0.0829804 0.0897023 0.0932017 0.0948947 0.0952326 0.094311 0.091969 0.0876456 0.0798212 0.0689634 0.0594008 0.0506135 0.0422192 0.0344191 0.0274057 0.0212921 0.0161171 0.0118549 0.00842347 0.00568966 0.00350973 0.00183864 0.000755517 0.000235779 5.74685e-05 1.14494e-05 1.90963e-06 2.62404e-07 2.72111e-08 1.53337e-09 0 
0 0.000853721 0.00430207 0.0101631 0.0182316 0.0282225 0.0396419 0.0518912 0.0651359 0.0800802 0.0897023 0.0946801 0.0974875 0.0989 0.0991973 0.098446 0.0965515 0.0931911 0.0875194 0.0775644 0.0656392 0.055578 0.0463415 0.0377849 0.0300922 0.0233872 0.017713 0.0130434 0.00929375 0.00632605 0.00397576 0.00215431 0.000923676 0.000298956 7.44826e-05 1.49774e-05 2.50226e-06 3.43094e-07 3.54395e-08 1.98786e-09 0 
0 0.000932486 0.00460444 0.0108233 0.0193996 0.0300217 0.0421637 0.0553006 0.070742 0.0854733 0.0932017 0.0974875 0.0999941 0.101279 0.101559 0.100887 0.0991946 0.0962462 0.0914569 0.0832668 0.0707228 0.0592061 0.0492951 0.0401946 0.0320157 0.0248873 0.0188556 0.0138938 0.00991475 0.00677753 0.00430627 0.00238373 0.00105216 0.000349773 8.86548e-05 1.79705e-05 3.00906e-06 4.12287e-07 4.24971e-08 2.37736e-09 0 
0 0.000976755 0.00477207 0.0111905 0.0200495 0.0310229 0.0435677 0.057309 0.0741069 0.0879159 0.0948947 0.0989 0.101279 0.10251 0.102782 0.102145 0.10054 0.0977646 0.0933284 0.0859536 0.0737834 0.0613068 0.0509454 0.041539 0.0330891 0.0257248 0.0194938 0.0143689 0.0102616 0.00702938 0.00449111 0.00251444 0.00112812 0.000381036 9.76327e-05 1.99006e-05 3.33928e-06 4.57668e-07 4.71485e-08 2.63513e-09 0 
0 0.000985211 0.00480235 0.0112559 0.0201651 0.0312007 0.0438172 0.0576819 0.0747316 0.0883622 0.0952326 0.0991973 0.101559 0.102782 0.103053 0.102421 0.100829 0.0980795 0.0936953 0.0864423 0.0743613 0.0616988 0.0512459 0.0417842 0.0332855 0.0258788 0.0196119 0.0144575 0.0103273 0.00707832 0.00452885 0.0025432 0.00114627 0.000389069 0.000100076 2.04504e-05 3.43704e-06 4.71582e-07 4.8623e-08 2.71958e-09 0 
0 0.000959081 0.00470053 0.0110307 0.0197656 0.030585 0.0429532 0.0564171 0.0726766 0.0870022 0.094311 0.098446 0.100887 0.102145 0.102421 0.101768 0.100122 0.0972671 0.0926726 0.0849374 0.0724921 0.0604019 0.0502434 0.0409698 0.0326369 0.0253743 0.019229 0.0141742 0.0101226 0.00693274 0.00442602 0.00247424 0.00110824 0.000374099 9.59491e-05 1.95992e-05 3.29774e-06 4.53341e-07 4.68504e-08 2.62701e-09 0 
0 0.000901776 0.00447875 0.0105429 0.0189015 0.0292535 0.0410865 0.0538252 0.0682733 0.0834477 0.091969 0.0965515 0.0991946 0.10054 0.100829 0.100122 0.09834 0.0952129 0.0900574 0.0810739 0.0685336 0.057682 0.0480702 0.0392003 0.0312265 0.0242764 0.018395 0.0135561 0.0096745 0.0066117 0.00419646 0.00231843 0.00102178 0.000339928 8.64538e-05 1.76152e-05 2.96744e-06 4.09215e-07 4.24639e-08 2.39196e-09 0 
0 0.000818509 0.00415452 0.00983443 0.0176479 0.0273221 0.03838 0.0502251 0.0626403 0.0768044 0.0876456 0.0931911 0.0962462 0.0977646 0.0980795 0.0972671 0.0952129 0.0915215 0.0851359 0.0744277 0.0633716 0.0538486 0.0449185 0.0366307 0.0291784 0.0226822 0.0171839 0.0126582 0.00902277 0.00614311 0.00386075 0.00209303 0.00089994 0.000293106 7.36784e-05 1.49669e-05 2.52722e-06 3.50311e-07 3.65906e-08 2.07607e-09 0 
0 0.000715899 0.0037488 0.00895548 0.0160957 0.0249316 0.0350306 0.0458365 0.056787 0.0680267 0.0798212 0.0875194 0.0914569 0.0933284 0.0936953 0.0926726 0.0900574 0.0851359 0.0765665 0.0665235 0.0576442 0.04916 0.0410181 0.0334497 0.0266436 0.0207099 0.0156863 0.0115482 0.00821628 0.005562 0.00344648 0.00182221 0.000760203 0.000241785 6.00925e-05 1.21957e-05 2.07021e-06 2.89401e-07 3.05308e-08 1.75063e-09 0 
0 0.000601548 0.00328422 0.00795978 0.0143433 0.022234 0.0312518 0.0408994 0.0506193 0.0599303 0.0689634 0.0775644 0.0832668 0.0859536 0.0864423 0.0849374 0.0810739 0.0744277 0.0665235 0.0589703 0.0514213 0.0438842 0.0366178 0.0298618 0.0237858 0.0184879 0.0140007 0.0103001 0.00730963 0.0049104 0.00299058 0.00153835 0.000623287 0.000194427 4.80488e-05 9.79658e-06 1.68017e-06 2.37919e-07 2.54472e-08 1.47931e-09 0 
0 0.000483534 0.00278377 0.00689915 0.0124877 0.0193803 0.0272551 0.0356793 0.0441624 0.0522047 0.0594008 0.0656392 0.0707228 0.0737834 0.0743613 0.0724921 0.0685336 0.0633716 0.0576442 0.0514213 0.044881 0.0383063 0.0319652 0.0260697 0.0207677 0.0161441 0.0122263 0.00898984 0.00636293 0.0042419 0.00254491 0.00128307 0.000511297 0.000158614 3.94217e-05 8.13912e-06 1.41754e-06 2.03931e-07 2.21435e-08 1.30512e-09 0 
0 0.00036978 0.00227046 0.00581909 0.010617 0.0165086 0.0232346 0.0304292 0.0376735 0.0445363 0.0506135 0.055578 0.0592061 0.0613068 0.0616988 0.0604019 0.057682 0.0538486 0.04916 0.0438842 0.0383063 0.0326969 0.0272878 0.0222599 0.0177394 0.0137991 0.0104615 0.00770184 0.00545522 0.00363616 0.00218243 0.00110488 0.000444805 0.000140124 3.54313e-05 7.43524e-06 1.31325e-06 1.91117e-07 2.09419e-08 1.24286e-09 0 
0 0.000267277 0.00176778 0.00475613 0.00880346 0.0137356 0.0193557 0.025365 0.0314154 0.0371468 0.0422192 0.0463415 0.0492951 0.0509454 0.0512459 0.0502434 0.0480702 0.0449185 0.0410181 0.0366178 0.0319652 0.0272878 0.0227794 0.0185922 0.0148358 0.0115809 0.00885383 0.00661698 0.00477732 0.00324976 0.00200109 0.00104913 0.000438469 0.000142181 3.65549e-05 7.72443e-06 1.36559e-06 1.98231e-07 2.16233e-08 1.27595e-09 0 
0 0.000181234 0.00130013 0.00373853 0.00709923 0.0111509 0.0157466 0.0206556 0.0255968 0.0302771 0.0344191 0.0377849 0.0401946 0.041539 0.0417842 0.0409698 0.0392003 0.0366307 0.0334497 0.0298618 0.0260697 0.0222599 0.0185922 0.0151995 0.0122074 0.0097593 0.00794109 0.00656731 0.00520944 0.00368365 0.00225095 0.0011772 0.000501599 0.000165176 4.23954e-05 8.83979e-06 1.53499e-06 2.18654e-07 2.34171e-08 1.35807e-09 0 
0 0.000114373 0.000891634 0.00279142 0.00553391 0.00881194 0.0124953 0.016418 0.0203635 0.0240996 0.0274057 0.0300922 0.0320157 0.0330891 0.0332855 0.0326369 0.0312265 0.0291784 0.0266436 0.0237858 0.0207677 0.0177394 0.0148358 0.0122074 0.0101464 0.00922418 0.0098578 0.0110843 0.0106587 0.00777605 0.00422863 0.00182904 0.000680915 0.000210706 5.1779e-05 1.03749e-05 1.74041e-06 2.40654e-07 2.51099e-08 1.42304e-09 0 
0 6.66494e-05 0.0005622 0.0019446 0.00412007 0.00674207 0.00964724 0.012718 0.0157988 0.0187136 0.0212921 0.0233872 0.0248873 0.0257248 0.0258788 0.0253743 0.0242764 0.0226822 0.0207099 0.0184879 0.0161441 0.0137991 0.0115809 0.0097593 0.00922418 0.0120195 0.0197116 0.0319215 0.0384267 0.0227464 0.0114641 0.00411303 0.00116576 0.00029288 6.35511e-05 1.17507e-05 1.87276e-06 2.50055e-07 2.53873e-08 1.40599e-09 0 
0 3.56097e-05 0.000321512 0.00123574 0.00286943 0.00493449 0.00720481 0.00957114 0.0119282 0.014152 0.0161171 0.017713 0.0188556 0.0194938 0.0196119 0.019229 0.018395 0.0171839 0.0156863 0.0140007 0.0122263 0.0104615 0.00885383 0.00794109 0.0098578 0.0197116 0.0460007 0.0773833 0.0800081 0.0662537 0.0267601 0.00897628 0.00215957 0.000427302 7.61729e-05 1.23671e-05 1.83527e-06 2.36055e-07 2.33949e-08 1.27137e-09 0 
0 1.73456e-05 0.000164962 0.000699766 0.00181374 0.00337379 0.00513243 0.006944 0.00872351 0.010389 0.0118549 0.0130434 0.0138938 0.0143689 0.0144575 0.0141742 0.0135561 0.0126582 0.0115482 0.0103001 0.00898984 0.00770184 0.00661698 0.00656731 0.0110843 0.0319215 0.0773833 0.0864013 0.0874873 0.0826598 0.056431 0.0144605 0.00327871 0.000562641 8.36216e-05 1.16747e-05 1.59142e-06 1.97383e-07 1.92197e-08 1.03196e-09 0 
0 7.67438e-06 7.54481e-05 0.000346646 0.00100504 0.00207452 0.00338653 0.00476493 0.00610589 0.00734403 0.00842347 0.00929375 0.00991475 0.0102616 0.0103273 0.0101226 0.0096745 0.00902277 0.00821628 0.00730963 0.00636293 0.00545522 0.00477732 0.00520944 0.0106587 0.0384267 0.0800081 0.0874873 0.0884968 0.0846945 0.0663423 0.0160685 0.00354731 0.000573067 7.60537e-05 9.40604e-06 1.19015e-06 1.43682e-07 1.38787e-08 7.42649e-10 0 
0 3.07868e-06 3.07132e-05 0.000148926 0.000474726 0.00109601 0.00197243 0.00297155 0.00397103 0.0048932 0.00568966 0.00632605 0.00677753 0.00702938 0.00707832 0.00693274 0.0066117 0.00614311 0.005562 0.0049104 0.0042419 0.00363616 0.00324976 0.00368365 0.00777605 0.0227464 0.0662537 0.0826598 0.0846945 0.0788526 0.0409446 0.0118045 0.00262153 0.000417156 5.27551e-05 6.14043e-06 7.50151e-07 9.00111e-08 8.73489e-09 4.70323e-10 0 
0 1.11958e-06 1.11542e-05 5.55939e-05 0.000189082 0.000480267 0.000959513 0.00158426 0.00226795 0.00292875 0.00350973 0.00397576 0.00430627 0.00449111 0.00452885 0.00442602 0.00419646 0.00386075 0.00344648 0.00299058 0.00254491 0.00218243 0.00200109 0.00225095 0.00422863 0.0114641 0.0267601 0.056431 0.0663423 0.0409446 0.017736 0.00585137 0.00131298 0.000211626 2.68358e-05 3.1529e-06 3.93511e-07 4.82722e-08 4.7726e-09 2.61095e-10 0 
0 3.69265e-07 3.62955e-06 1.81918e-05 6.39696e-05 0.000173079 0.000376412 0.000680695 0.00105838 0.00146076 0.00183864 0.00215431 0.00238373 0.00251444 0.0025432 0.00247424 0.00231843 0.00209303 0.00182221 0.00153835 0.00128307 0.00110488 0.00104913 0.0011772 0.00182904 0.00411303 0.00897628 0.0144605 0.0160685 0.0118045 0.00585137 0.00195281 0.000449894 7.5145e-05 1.00428e-05 1.28065e-06 1.72517e-07 2.21886e-08 2.26271e-09 1.26868e-10 0 
0 1.1049e-07 1.06251e-06 5.27274e-06 1.86951e-05 5.21419e-05 0.000119393 0.000230663 0.000384966 0.000567729 0.000755517 0.000923676 0.00105216 0.00112812 0.00114627 0.00110824 0.00102178 0.00089994 0.000760203 0.000623287 0.000511297 0.000444805 0.000438469 0.000501599 0.000680915 0.00116576 0.00215957 0.00327871 0.00354731 0.00262153 0.00131298 0.000449894 0.000108172 1.93043e-05 2.89501e-06 4.27681e-07 6.42971e-08 8.78895e-09 9.32241e-10 5.39491e-11 0 
0 2.99561e-08 2.80385e-07 1.36429e-06 4.79732e-06 1.34617e-05 3.149e-05 6.29886e-05 0.000109804 0.000169623 0.000235779 0.000298956 0.000349773 0.000381036 0.000389069 0.000374099 0.000339928 0.000293106 0.000241785 0.000194427 0.000158614 0.000140124 0.000142181 0.000165176 0.000210706 0.00029288 0.000427302 0.000562641 0.000573067 0.000417156 0.000211626 7.5145e-05 1.93043e-05 3.89004e-06 7.0006e-07 1.23463e-07 2.07333e-08 3.01621e-09 3.34293e-10 2.00701e-11 0 
0 7.32843e-09 6.65802e-08 3.15931e-07 1.09128e-06 3.03571e-06 7.11061e-06 1.43782e-05 2.55314e-05 4.0359e-05 5.74685e-05 7.44826e-05 8.86548e-05 9.76327e-05 0.000100076 9.59491e-05 8.64538e-05 7.36784e-05 6.00925e-05 4.80488e-05 3.94217e-05 3.54313e-05 3.65549e-05 4.23954e-05 5.1779e-05 6.35511e-05 7.61729e-05 8.36216e-05 7.60537e-05 5.27551e-05 2.68358e-05 1.00428e-05 2.89501e-06 7.0006e-07 1.54429e-07 3.17243e-08 5.82845e-09 8.9846e-10 1.04268e-10 6.51661e-12 0 
0 1.60209e-09 1.41133e-08 6.51443e-08 2.19971e-07 6.01874e-07 1.396e-06 2.81365e-06 5.00835e-06 7.96944e-06 1.14494e-05 1.49774e-05 1.79705e-05 1.99006e-05 2.04504e-05 1.95992e-05 1.76152e-05 1.49669e-05 1.21957e-05 9.79658e-06 8.13912e-06 7.43524e-06 7.72443e-06 8.83979e-06 1.03749e-05 1.17507e-05 1.23671e-05 1.16747e-05 9.40604e-06 6.14043e-06 3.1529e-06 1.28065e-06 4.27681e-07 1.23463e-07 3.17243e-08 7.2257e-09 1.42208e-09 2.3128e-10 2.81246e-11 1.83333e-12 0 
0 3.06721e-10 2.62019e-09 1.17564e-08 3.87301e-08 1.03856e-07 2.37236e-07 4.73197e-07 8.37242e-07 1.32901e-06 1.90963e-06 2.50226e-06 3.00906e-06 3.33928e-06 3.43704e-06 3.29774e-06 2.96744e-06 2.52722e-06 2.07021e-06 1.68017e-06 1.41754e-06 1.31325e-06 1.36559e-06 1.53499e-06 1.74041e-06 1.87276e-06 1.83527e-06 1.59142e-06 1.19015e-06 7.50151e-07 3.93511e-07 1.72517e-07 6.42971e-08 2.07333e-08 5.82845e-09 1.42208e-09 2.96197e-10 5.06708e-11 6.45487e-12 4.39149e-13 0 
0 4.92748e-11 4.08527e-10 1.78254e-09 5.72754e-09 1.50333e-08 3.3744e-08 6.63965e-08 1.16312e-07 1.83383e-07 2.62404e-07 3.43094e-07 4.12287e-07 4.57668e-07 4.71582e-07 4.53341e-07 4.09215e-07 3.50311e-07 2.89401e-07 2.37919e-07 2.03931e-07 1.91117e-07 1.98231e-07 2.18654e-07 2.40654e-07 2.50055e-07 2.36055e-07 1.97383e-07 1.43682e-07 9.00111e-08 4.82722e-08 2.21886e-08 8.78895e-09 3.01621e-09 8.9846e-10 2.3128e-10 5.06708e-11 9.09496e-12 1.21235e-12 8.60557e-14 0 
0 5.99694e-12 4.83165e-11 2.0524e-10 6.43618e-10 1.65371e-09 3.64558e-09 7.0684e-09 1.22402e-08 1.91327e-08 2.72111e-08 3.54395e-08 4.24971e-08 4.71485e-08 4.8623e-08 4.68504e-08 4.24639e-08 3.65906e-08 3.05308e-08 2.54472e-08 2.21435e-08 2.09419e-08 2.16233e-08 2.34171e-08 2.51099e-08 2.53873e-08 2.33949e-08 1.92197e-08 1.38787e-08 8.73489e-09 4.7726e-09 2.26271e-09 9.32241e-10 3.34293e-10 1.04268e-10 2.81246e-11 6.45487e-12 1.21235e-12 1.68801e-13 1.24882e-14 0 
0 3.95116e-13 3.0984e-12 1.28316e-11 3.93184e-11 9.89741e-11 2.14371e-10 4.09568e-10 7.00865e-10 1.08548e-09 1.53337e-09 1.98786e-09 2.37736e-09 2.63513e-09 2.71958e-09 2.62701e-09 2.39196e-09 2.07607e-09 1.75063e-09 1.47931e-09 1.30512e-09 1.24286e-09 1.27595e-09 1.35807e-09 1.42304e-09 1.40599e-09 1.27137e-09 1.03196e-09 7.42649e-10 4.70323e-10 2.61095e-10 1.26868e-10 5.39491e-11 2.00701e-11 6.51661e-12 1.83333e-12 4.39149e-13 8.60557e-14 1.24882e-14 9.61437e-16 0 
0 0 0 0 0 0 0 0 0 0 0 0 0 0 0 0 0 0 0 0 0 0 0 0 0 0 0 0 0 0 0 0 0 0 0 0 0 0 0 0 0 
