0 0 0 0 0 0 0 0 0 0 0 0 0 0 0 0 0 0 0 0 0 0 0 0 0 0 0 0 0 0 0 0 0 0 0 0 0 0 0 0 0 
0 5.17095e-07 4.57199e-06 1.98566e-05 5.8839e-05 0.000133063 0.000245351 0.000387556 0.000544754 0.000700796 0.000841749 0.000957103 0.00103983 0.00108606 0.00109471 0.00106715 0.00100685 0.000918998 0.00081017 0.000687914 0.000560341 0.000435578 0.000321076 0.000222778 0.000144324 8.65722e-05 4.77025e-05 2.39814e-05 1.09447e-05 4.52121e-06 1.68868e-06 5.70293e-07 1.74161e-07 4.80435e-08 1.19245e-08 2.63812e-09 5.10012e-10 8.25826e-11 1.01148e-11 6.69846e-13 0 
0 4.57199e-06 4.11198e-05 0.000174314 0.000481201 0.00098144 0.00161805 0.00230958 0.00299163 0.00362066 0.00416534 0.00460126 0.00491024 0.00508138 0.00511187 0.00500707 0.0047796 0.00444759 0.00403266 0.00355782 0.00304582 0.00251854 0.00199749 0.00150478 0.00106342 0.000694886 0.000413655 0.000221404 0.000105577 4.46709e-05 1.67825e-05 5.61894e-06 1.68369e-06 4.52716e-07 1.09116e-07 2.34036e-08 4.38525e-09 6.88681e-10 8.19108e-11 5.27594e-12 0 
0 1.98566e-05 0.000174314 0.000676918 0.00163349 0.00290992 0.00432775 0.00578489 0.00721595 0.00855509 0.00973343 0.010688 0.0113698 0.0117488 0.0118159 0.0115823 0.0110776 0.0103451 0.00943757 0.00841127 0.00732082 0.00621422 0.00512936 0.0040933 0.00312597 0.00224836 0.00149027 0.000887767 0.000464555 0.000210477 8.23274e-05 2.79825e-05 8.35207e-06 2.2093e-06 5.20099e-07 1.08563e-07 1.9771e-08 3.01815e-09 3.49275e-10 2.19205e-11 0 
0 5.8839e-05 0.000481201 0.00163349 0.00343292 0.00558616 0.00795242 0.0104424 0.0129361 0.0152938 0.017378 0.0190699 0.0202794 0.0209519 0.0210707 0.0206559 0.01976 0.0184607 0.0168526 0.0150379 0.0131178 0.0111844 0.0093145 0.00756426 0.00596584 0.00452923 0.00325427 0.00215313 0.00126583 0.000638689 0.000270922 9.65924e-05 2.93684e-05 7.75164e-06 1.79828e-06 3.67457e-07 6.53165e-08 9.72412e-09 1.09794e-09 6.73037e-11 0 
0 0.000133063 0.00098144 0.00290992 0.00558616 0.00876547 0.0123439 0.0161579 0.0199938 0.0236246 0.0268356 0.0294426 0.0313065 0.0323429 0.0325259 0.0318865 0.0305057 0.0285034 0.0260255 0.02323 0.0202731 0.0172986 0.0144282 0.0117564 0.00934572 0.00722416 0.00538517 0.00380094 0.00245716 0.00138885 0.000656122 0.000253302 8.0507e-05 2.15769e-05 4.98782e-06 1.00502e-06 1.75268e-07 2.55491e-08 2.82378e-09 1.69553e-10 0 
0 0.000245351 0.00161805 0.00432775 0.00795242 0.0123439 0.0173407 0.0226801 0.0280529 0.0331393 0.037638 0.0412913 0.0439076 0.045371 0.0456312 0.0447252 0.0427823 0.0399747 0.0365029 0.0325864 0.0284445 0.0242783 0.0202595 0.0165218 0.0131581 0.010219 0.00771228 0.00560319 0.00383216 0.00236504 0.00124274 0.000528869 0.000179693 4.97806e-05 1.16043e-05 2.32393e-06 3.9983e-07 5.73138e-08 6.22275e-09 3.67112e-10 0 
0 0.000387556 0.00230958 0.00578489 0.0104424 0.0161579 0.0226801 0.0296525 0.0366692 0.0433127 0.0492071 0.0542384 0.0586841 0.0617548 0.0623668 0.0603914 0.0566394 0.0523487 0.0477135 0.0425908 0.0371812 0.0317406 0.0264929 0.0216133 0.0172243 0.0133959 0.0101486 0.00745459 0.00524049 0.0034173 0.0019539 0.000915157 0.000336516 9.77502e-05 2.32308e-05 4.65883e-06 7.95085e-07 1.12552e-07 1.20473e-08 7.00472e-10 0 
0 0.000544754 0.00299163 0.00721595 0.0129361 0.0199938 0.0280529 0.0366692 0.0453412 0.0536033 0.0620641 0.071768 0.0785509 0.0815787 0.0821127 0.0804627 0.0759589 0.0680205 0.0595314 0.0526875 0.0459748 0.0392507 0.032766 0.0267368 0.0213145 0.0165871 0.0125837 0.00928115 0.00660518 0.00444084 0.00269064 0.00136565 0.000543456 0.000166819 4.07472e-05 8.23465e-06 1.40069e-06 1.96574e-07 2.08127e-08 1.19621e-09 0 
0 0.000700796 0.00362066 0.00855509 0.0152938 0.0236246 0.0331393 0.0433127 0.0536033 0.0650549 0.0786738 0.085873 0.089303 0.0909219 0.0912491 0.0903877 0.0881456 0.0838136 0.0749705 0.0630548 0.0543345 0.0463623 0.0387056 0.0315876 0.0251867 0.0196069 0.0148843 0.0109967 0.00786896 0.00537627 0.00337864 0.00182141 0.000777042 0.00025216 6.35633e-05 1.29997e-05 2.2121e-06 3.08792e-07 3.24362e-08 1.84788e-09 0 
0 0.000841749 0.00416534 0.00973343 0.017378 0.0268356 0.037638 0.0492071 0.0620641 0.0786738 0.0876789 0.0920673 0.0945081 0.0957361 0.0960048 0.0953732 0.0937541 0.0908454 0.0857993 0.0757175 0.0623084 0.0526718 0.0439598 0.0358784 0.0286117 0.0222777 0.0169179 0.0125094 0.00897438 0.00618319 0.00397234 0.00223332 0.00100712 0.000343539 8.93496e-05 1.85269e-05 3.1616e-06 4.40104e-07 4.59818e-08 2.60289e-09 0 
0 0.000957103 0.00460126 0.010688 0.0190699 0.0294426 0.0412913 0.0542384 0.071768 0.085873 0.0920673 0.0955496 0.0976063 0.0986717 0.0989164 0.0983842 0.0970202 0.0946376 0.0907713 0.0840777 0.0708736 0.057966 0.0482299 0.0393629 0.0313931 0.0244465 0.018569 0.0137363 0.00986729 0.00682855 0.00444407 0.0025684 0.00120621 0.000428322 0.000114491 2.40577e-05 4.12165e-06 5.7318e-07 5.96878e-08 3.36433e-09 0 
0 0.00103983 0.00491024 0.0113698 0.0202794 0.0313065 0.0439076 0.0586841 0.0785509 0.089303 0.0945081 0.0976063 0.0994835 0.10047 0.100704 0.100221 0.0989804 0.0968392 0.0934601 0.0879671 0.0774128 0.062296 0.0512974 0.0418552 0.0333825 0.0259978 0.0197499 0.0146136 0.0105045 0.00728641 0.00477666 0.00280741 0.00135427 0.000494849 0.000135051 2.86875e-05 4.93404e-06 6.86248e-07 7.13432e-08 4.01146e-09 0 
0 0.00108606 0.00508138 0.0117488 0.0209519 0.0323429 0.045371 0.0617548 0.0815787 0.0909219 0.0957361 0.0986717 0.10047 0.101422 0.101651 0.101191 0.100005 0.0979693 0.0947932 0.0897586 0.0805485 0.0651196 0.0530235 0.0432426 0.0344899 0.0268615 0.0204075 0.0151021 0.0108592 0.00754072 0.00496103 0.00294117 0.00143967 0.000534781 0.000147805 3.16199e-05 5.45478e-06 7.5924e-07 7.89031e-08 4.43277e-09 0 
0 0.00109471 0.00511187 0.0118159 0.0210707 0.0325259 0.0456312 0.0623668 0.0821127 0.0912491 0.0960048 0.0989164 0.100704 0.101651 0.101879 0.101422 0.100245 0.0982249 0.0950793 0.0901131 0.081107 0.0656723 0.0533344 0.0434903 0.0346879 0.0270161 0.0205255 0.0151902 0.0109235 0.0075874 0.00499593 0.00296806 0.00145826 0.000544165 0.000150993 3.2389e-05 5.5968e-06 7.7984e-07 8.11056e-08 4.55932e-09 0 
0 0.00106715 0.00500707 0.0115823 0.0206559 0.0318865 0.0447252 0.0603914 0.0804627 0.0903877 0.0953732 0.0983842 0.100221 0.101191 0.101422 0.100952 0.0997401 0.0976549 0.094387 0.0891538 0.0793646 0.0638754 0.0522692 0.0426394 0.0340094 0.0264876 0.0201238 0.0148924 0.0107082 0.0074346 0.00488771 0.00289267 0.00141231 0.000523526 0.000144626 3.09734e-05 5.35401e-06 7.47039e-07 7.78399e-08 4.38494e-09 0 
0 0.00100685 0.0047796 0.0110776 0.01976 0.0305057 0.0427823 0.0566394 0.0759589 0.0881456 0.0937541 0.0970202 0.0989804 0.100005 0.100245 0.0997401 0.0984431 0.0961942 0.092607 0.0866363 0.0748229 0.0603634 0.0499915 0.0407984 0.0325408 0.0253433 0.0192536 0.014247 0.010241 0.00710153 0.0046497 0.0027251 0.00130966 0.000477404 0.000130362 2.77772e-05 4.79916e-06 6.70963e-07 7.01386e-08 3.9661e-09 0 
0 0.000918998 0.00444759 0.0103451 0.0184607 0.0285034 0.0399747 0.0523487 0.0680205 0.0838136 0.0908454 0.0946376 0.0968392 0.0979693 0.0982249 0.0976549 0.0961942 0.0936197 0.0893543 0.0816008 0.0675239 0.0560317 0.0467118 0.0381279 0.0304104 0.0236833 0.0179912 0.0133106 0.00956239 0.00661615 0.00430121 0.00248073 0.0011632 0.000413551 0.00011106 2.3501e-05 4.05923e-06 5.69407e-07 5.98267e-08 3.40307e-09 0 
0 0.00081017 0.00403266 0.00943757 0.0168526 0.0260255 0.0365029 0.0477135 0.0595314 0.0749705 0.0857993 0.0907713 0.0934601 0.0947932 0.0950793 0.094387 0.092607 0.0893543 0.0835148 0.0719476 0.060114 0.0511017 0.0426617 0.0348231 0.0277741 0.0216295 0.0164296 0.0121522 0.00872191 0.00601258 0.00386694 0.00218092 0.000990671 0.000341864 9.01478e-05 1.8957e-05 3.27962e-06 4.62709e-07 4.89949e-08 2.81106e-09 0 
0 0.000687914 0.00355782 0.00841127 0.0150379 0.02323 0.0325864 0.0425908 0.0526875 0.0630548 0.0757175 0.0840777 0.0879671 0.0897586 0.0901131 0.0891538 0.0866363 0.0816008 0.0719476 0.0615791 0.053446 0.0456226 0.0380943 0.0310951 0.0248008 0.0193137 0.0146695 0.0108468 0.0077734 0.0053296 0.00337861 0.00185502 0.000814326 0.000273092 7.09616e-05 1.48903e-05 2.59037e-06 3.68904e-07 3.94939e-08 2.29203e-09 0 
0 0.000560341 0.00304582 0.00732082 0.0131178 0.0202731 0.0284445 0.0371812 0.0459748 0.0543345 0.0623084 0.0708736 0.0774128 0.0805485 0.081107 0.0793646 0.0748229 0.0675239 0.060114 0.053446 0.0466522 0.0398372 0.0332645 0.0271536 0.0216581 0.0168672 0.0128115 0.00946971 0.0067733 0.00461361 0.002881 0.00154383 0.000659971 0.000217391 5.62091e-05 1.18541e-05 2.08367e-06 3.00471e-07 3.25834e-08 1.9144e-09 0 
0 0.000435578 0.00251854 0.00621422 0.0111844 0.0172986 0.0242783 0.0317406 0.0392507 0.0463623 0.0526718 0.057966 0.062296 0.0651196 0.0656723 0.0638754 0.0603634 0.0560317 0.0511017 0.0456226 0.0398372 0.034019 0.0284077 0.023191 0.0185006 0.0144131 0.0109543 0.00810242 0.00579333 0.00393518 0.00244376 0.00130088 0.000553953 0.000182851 4.76403e-05 1.01529e-05 1.80442e-06 2.62898e-07 2.87678e-08 1.70307e-09 0 
0 0.000321076 0.00199749 0.00512936 0.0093145 0.0144282 0.0202595 0.0264929 0.032766 0.0387056 0.0439598 0.0482299 0.0512974 0.0530235 0.0533344 0.0522692 0.0499915 0.0467118 0.0426617 0.0380943 0.0332645 0.0284077 0.0237244 0.0193727 0.015467 0.0120819 0.00924718 0.00692637 0.00502562 0.00345698 0.00217709 0.00118368 0.000516675 0.000173997 4.58741e-05 9.82743e-06 1.74847e-06 2.54425e-07 2.77668e-08 1.63792e-09 0 
0 0.000222778 0.00150478 0.0040933 0.00756426 0.0117564 0.0165218 0.0216133 0.0267368 0.0315876 0.0358784 0.0393629 0.0418552 0.0432426 0.0434903 0.0426394 0.0407984 0.0381279 0.0348231 0.0310951 0.0271536 0.023191 0.0193727 0.0158363 0.0127128 0.010153 0.00824948 0.0068144 0.00540594 0.00383361 0.00236562 0.00126644 0.000559391 0.000190907 5.02669e-05 1.06377e-05 1.86162e-06 2.66253e-07 2.85785e-08 1.65975e-09 0 
0 0.000144324 0.00106342 0.00312597 0.00596584 0.00934572 0.0131581 0.0172243 0.0213145 0.0251867 0.0286117 0.0313931 0.0333825 0.0344899 0.0346879 0.0340094 0.0325408 0.0304104 0.0277741 0.0248008 0.0216581 0.0185006 0.015467 0.0127128 0.0105427 0.00955426 0.0101843 0.0114375 0.0109945 0.0080228 0.00436934 0.00190454 0.000726985 0.000233393 5.91015e-05 1.20551e-05 2.04104e-06 2.83603e-07 2.96782e-08 1.68547e-09 0 
0 8.65722e-05 0.000694886 0.00224836 0.00452923 0.00722416 0.010219 0.0133959 0.0165871 0.0196069 0.0222777 0.0244465 0.0259978 0.0268615 0.0270161 0.0264876 0.0253433 0.0236833 0.0216295 0.0193137 0.0168672 0.0144131 0.0120819 0.010153 0.00955426 0.0124071 0.020323 0.0367967 0.0444943 0.0242473 0.0118175 0.00424405 0.00121322 0.000313973 7.05986e-05 1.33625e-05 2.15441e-06 2.89234e-07 2.94542e-08 1.6347e-09 0 
0 4.77025e-05 0.000413655 0.00149027 0.00325427 0.00538517 0.00771228 0.0101486 0.0125837 0.0148843 0.0169179 0.018569 0.0197499 0.0204075 0.0205255 0.0201238 0.0192536 0.0179912 0.0164296 0.0146695 0.0128115 0.0109543 0.00924718 0.00824948 0.0101843 0.020323 0.0524797 0.0768795 0.0787194 0.0709494 0.0283498 0.0092523 0.00223027 0.000448505 8.28016e-05 1.38495e-05 2.08706e-06 2.70161e-07 2.68556e-08 1.46228e-09 0 
0 2.39814e-05 0.000221404 0.000887767 0.00215313 0.00380094 0.00560319 0.00745459 0.00928115 0.0109967 0.0125094 0.0137363 0.0146136 0.0151021 0.0151902 0.0148924 0.014247 0.0133106 0.0121522 0.0108468 0.00946971 0.00810242 0.00692637 0.0068144 0.0114375 0.0367967 0.0768795 0.084026 0.0848618 0.0812245 0.0625012 0.0149576 0.00338107 0.000585081 8.95127e-05 1.29195e-05 1.79602e-06 2.24491e-07 2.19256e-08 1.17928e-09 0 
0 1.09447e-05 0.000105577 0.000464555 0.00126583 0.00245716 0.00383216 0.00524049 0.00660518 0.00786896 0.00897438 0.00986729 0.0105045 0.0108592 0.0109235 0.0107082 0.010241 0.00956239 0.00872191 0.0077734 0.0067733 0.00579333 0.00502562 0.00540594 0.0109945 0.0444943 0.0787194 0.0848618 0.0857187 0.0827718 0.0707606 0.0174581 0.00365711 0.000594232 8.07675e-05 1.03264e-05 1.33648e-06 1.62797e-07 1.5773e-08 8.45298e-10 0 
0 4.52121e-06 4.46709e-05 0.000210477 0.000638689 0.00138885 0.00236504 0.0034173 0.00444084 0.00537627 0.00618319 0.00682855 0.00728641 0.00754072 0.0075874 0.0074346 0.00710153 0.00661615 0.00601258 0.0053296 0.00461361 0.00393518 0.00345698 0.00383361 0.0080228 0.0242473 0.0709494 0.0812245 0.0827718 0.0776445 0.0463549 0.0121655 0.00270297 0.000432722 5.5932e-05 6.7203e-06 8.40327e-07 1.01766e-07 9.90407e-09 5.33975e-10 0 
0 1.68868e-06 1.67825e-05 8.23274e-05 0.000270922 0.000656122 0.00124274 0.0019539 0.00269064 0.00337864 0.00397234 0.00444407 0.00477666 0.00496103 0.00499593 0.00488771 0.0046497 0.00430121 0.00386694 0.00337861 0.002881 0.00244376 0.00217709 0.00236562 0.00436934 0.0118175 0.0283498 0.0625012 0.0707606 0.0463549 0.018278 0.00603072 0.00135482 0.000220224 2.8552e-05 3.45696e-06 4.40836e-07 5.45222e-08 5.40368e-09 2.9594e-10 0 
0 5.70293e-07 5.61894e-06 2.79825e-05 9.65924e-05 0.000253302 0.000528869 0.000915157 0.00136565 0.00182141 0.00223332 0.0025684 0.00280741 0.00294117 0.00296806 0.00289267 0.0027251 0.00248073 0.00218092 0.00185502 0.00154383 0.00130088 0.00118368 0.00126644 0.00190454 0.00424405 0.0092523 0.0149576 0.0174581 0.0121655 0.00603072 0.00201374 0.000465657 7.87557e-05 1.07759e-05 1.41258e-06 1.93623e-07 2.50553e-08 2.55966e-09 1.43642e-10 0 
0 1.74161e-07 1.68369e-06 8.35207e-06 2.93684e-05 8.0507e-05 0.000179693 0.000336516 0.000543456 0.000777042 0.00100712 0.00120621 0.00135427 0.00143967 0.00145826 0.00141231 0.00130966 0.0011632 0.000990671 0.000814326 0.000659971 0.000553953 0.000516675 0.000559391 0.000726985 0.00121322 0.00223027 0.00338107 0.00365711 0.00270297 0.00135482 0.000465657 0.000112917 2.04881e-05 3.14771e-06 4.7563e-07 7.23393e-08 9.92515e-09 1.05401e-09 6.10366e-11 0 
0 4.80435e-08 4.52716e-07 2.2093e-06 7.75164e-06 2.15769e-05 4.97806e-05 9.77502e-05 0.000166819 0.00025216 0.000343539 0.000428322 0.000494849 0.000534781 0.000544165 0.000523526 0.000477404 0.000413551 0.000341864 0.000273092 0.000217391 0.000182851 0.000173997 0.000190907 0.000233393 0.000313973 0.000448505 0.000585081 0.000594232 0.000432722 0.000220224 7.87557e-05 2.04881e-05 4.20689e-06 7.73103e-07 1.38337e-07 2.33719e-08 3.40651e-09 3.77831e-10 2.26955e-11 0 
0 1.19245e-08 1.09116e-07 5.20099e-07 1.79828e-06 4.98782e-06 1.16043e-05 2.32308e-05 4.07472e-05 6.35633e-05 8.93496e-05 0.000114491 0.000135051 0.000147805 0.000150993 0.000144626 0.000130362 0.00011106 9.01478e-05 7.09616e-05 5.62091e-05 4.76403e-05 4.58741e-05 5.02669e-05 5.91015e-05 7.05986e-05 8.28016e-05 8.95127e-05 8.07675e-05 5.5932e-05 2.8552e-05 1.07759e-05 3.14771e-06 7.73103e-07 1.72703e-07 3.57134e-08 6.57739e-09 1.01479e-09 1.17823e-10 7.36666e-12 0 
0 2.63812e-09 2.34036e-08 1.08563e-07 3.67457e-07 1.00502e-06 2.32393e-06 4.65883e-06 8.23465e-06 1.29997e-05 1.85269e-05 2.40577e-05 2.86875e-05 3.16199e-05 3.2389e-05 3.09734e-05 2.77772e-05 2.3501e-05 1.8957e-05 1.48903e-05 1.18541e-05 1.01529e-05 9.82743e-06 1.06377e-05 1.20551e-05 1.33625e-05 1.38495e-05 1.29195e-05 1.03264e-05 6.7203e-06 3.45696e-06 1.41258e-06 4.7563e-07 1.38337e-07 3.57134e-08 8.15157e-09 1.60563e-09 2.61237e-10 3.17774e-11 2.07205e-12 0 
0 5.10012e-10 4.38525e-09 1.9771e-08 6.53165e-08 1.75268e-07 3.9983e-07 7.95085e-07 1.40069e-06 2.2121e-06 3.1616e-06 4.12165e-06 4.93404e-06 5.45478e-06 5.5968e-06 5.35401e-06 4.79916e-06 4.05923e-06 3.27962e-06 2.59037e-06 2.08367e-06 1.80442e-06 1.74847e-06 1.86162e-06 2.04104e-06 2.15441e-06 2.08706e-06 1.79602e-06 1.33648e-06 8.40327e-07 4.40836e-07 1.93623e-07 7.23393e-08 2.33719e-08 6.57739e-09 1.60563e-09 3.34515e-10 5.72378e-11 7.29294e-12 4.96275e-13 0 
0 8.25826e-11 6.88681e-10 3.01815e-09 9.72412e-09 2.55491e-08 5.73138e-08 1.12552e-07 1.96574e-07 3.08792e-07 4.40104e-07 5.7318e-07 6.86248e-07 7.5924e-07 7.7984e-07 7.47039e-07 6.70963e-07 5.69407e-07 4.62709e-07 3.68904e-07 3.00471e-07 2.62898e-07 2.54425e-07 2.66253e-07 2.83603e-07 2.89234e-07 2.70161e-07 2.24491e-07 1.62797e-07 1.01766e-07 5.45222e-08 2.50553e-08 9.92515e-09 3.40651e-09 1.01479e-09 2.61237e-10 5.72378e-11 1.02747e-11 1.36978e-12 9.72457e-14 0 
0 1.01148e-11 8.19108e-11 3.49275e-10 1.09794e-09 2.82378e-09 6.22275e-09 1.20473e-08 2.08127e-08 3.24362e-08 4.59818e-08 5.96878e-08 7.13432e-08 7.89031e-08 8.11056e-08 7.78399e-08 7.01386e-08 5.98267e-08 4.89949e-08 3.94939e-08 3.25834e-08 2.87678e-08 2.77668e-08 2.85785e-08 2.96782e-08 2.94542e-08 2.68556e-08 2.19256e-08 1.5773e-08 9.90407e-09 5.40368e-09 2.55966e-09 1.05401e-09 3.77831e-10 1.17823e-10 3.17774e-11 7.29294e-12 1.36978e-12 1.90734e-13 1.41122e-14 0 
0 6.69846e-13 5.27594e-12 2.19205e-11 6.73037e-11 1.69553e-10 3.67112e-10 7.00472e-10 1.19621e-09 1.84788e-09 2.60289e-09 3.36433e-09 4.01146e-09 4.43277e-09 4.55932e-09 4.38494e-09 3.9661e-09 3.40307e-09 2.81106e-09 2.29203e-09 1.9144e-09 1.70307e-09 1.63792e-09 1.65975e-09 1.68547e-09 1.6347e-09 1.46228e-09 1.17928e-09 8.45298e-10 5.33975e-10 2.9594e-10 1.43642e-10 6.10366e-11 2.26955e-11 7.36666e-12 2.07205e-12 4.96275e-13 9.72457e-14 1.41122e-14 1.08652e-15 0 
0 0 0 0 0 0 0 0 0 0 0 0 0 0 0 0 0 0 0 0 0 0 0 0 0 0 0 0 0 0 0 0 0 0 0 0 0 0 0 0 0 
