0 0 0 0 0 0 0 0 0 0 0 0 0 0 0 0 0 0 0 0 0 0 0 0 0 0 0 0 0 0 0 0 0 0 0 0 0 0 0 0 0 
0 2.63153e-07 2.36618e-06 1.06165e-05 3.29826e-05 7.89063e-05 0.000154106 0.000256549 0.000376912 0.000502197 0.000619408 0.000717767 0.000789561 0.000830244 0.000838219 0.000814503 0.00076236 0.000686896 0.000594622 0.000492955 0.000389625 0.000291951 0.000206023 0.000135923 8.32099e-05 4.69337e-05 2.42446e-05 1.14201e-05 4.89302e-06 1.90549e-06 6.74739e-07 2.17419e-07 6.37659e-08 1.69981e-08 4.1e-09 8.85895e-10 1.67987e-10 2.67771e-11 3.23827e-12 2.12262e-13 0 
0 2.36618e-06 2.18648e-05 9.78416e-05 0.0002917 0.000647376 0.00115158 0.0017445 0.0023581 0.00293804 0.00344554 0.00385333 0.00414294 0.00430389 0.00433359 0.00423698 0.00402558 0.0037161 0.00332884 0.00288618 0.00241164 0.00192966 0.00146558 0.00104487 0.00069037 0.000417222 0.000227978 0.000111718 4.89191e-05 1.91522e-05 6.72728e-06 2.12932e-06 6.09488e-07 1.57961e-07 3.69736e-08 7.74843e-09 1.42558e-09 2.20691e-10 2.59549e-11 1.65703e-12 0 
0 1.06165e-05 9.78416e-05 0.000415228 0.00111644 0.00218525 0.00346746 0.00481992 0.00615016 0.00738923 0.00847513 0.00935282 0.00997931 0.0103281 0.0103911 0.0101788 0.00971746 0.00904625 0.00821213 0.00726512 0.00625348 0.00522014 0.00420131 0.00322875 0.00233522 0.00155915 0.000940184 0.000501935 0.000234232 9.52728e-05 3.39663e-05 1.07178e-05 3.02158e-06 7.65717e-07 1.74577e-07 3.55788e-08 6.3645e-09 9.58607e-10 1.09817e-10 6.83922e-12 0 
0 3.29826e-05 0.0002917 0.00111644 0.00262385 0.00458394 0.00677154 0.00906065 0.0113415 0.0134928 0.0153934 0.0169364 0.0180403 0.0186553 0.0187658 0.01839 0.0175752 0.0163921 0.0149262 0.0132701 0.0115144 0.00974107 0.00801663 0.00638876 0.00488698 0.00353215 0.00235412 0.00140235 0.00072432 0.000318376 0.000118964 3.82677e-05 1.07785e-05 2.69481e-06 6.01963e-07 1.19799e-07 2.09026e-08 3.07114e-09 3.43492e-10 2.09113e-11 0 
0 7.89063e-05 0.000647376 0.00218525 0.00458394 0.00750527 0.0107756 0.0142478 0.0177367 0.0210398 0.0239626 0.0263373 0.0280367 0.0289834 0.0291533 0.028574 0.0273189 0.0254971 0.0232414 0.0206953 0.0180009 0.015288 0.0126656 0.0102161 0.00799072 0.00600959 0.00427281 0.00278908 0.00160508 0.000782447 0.000316197 0.000106435 3.04938e-05 7.60841e-06 1.67757e-06 3.27707e-07 5.59905e-08 8.05063e-09 8.8152e-10 5.25877e-11 0 
0 0.000154106 0.00115158 0.00346746 0.00677154 0.0107756 0.0153151 0.0201641 0.0250464 0.0296724 0.0337672 0.0370946 0.0394762 0.0408029 0.0410409 0.0402287 0.0384695 0.0359165 0.0327561 0.0291898 0.0254174 0.0216221 0.0179593 0.0145489 0.0114715 0.00876613 0.00643121 0.00443943 0.00277973 0.00150077 0.000667376 0.000240477 7.13965e-05 1.80028e-05 3.95044e-06 7.61812e-07 1.28006e-07 1.80755e-08 1.94352e-09 1.13917e-10 0 
0 0.000256549 0.0017445 0.00481992 0.00906065 0.0142478 0.0201641 0.0264945 0.0328717 0.0389154 0.044266 0.0486175 0.0517426 0.053495 0.0538109 0.0527353 0.0504201 0.0470767 0.0429458 0.0382865 0.033359 0.028403 0.0236224 0.0191758 0.0151724 0.0116711 0.00868152 0.00616799 0.00407398 0.0023842 0.0011639 0.000454381 0.000141911 3.65905e-05 8.05559e-06 1.54227e-06 2.55965e-07 3.56239e-08 3.77297e-09 2.17886e-10 0 
0 0.000376912 0.0023581 0.00615016 0.0113415 0.0177367 0.0250464 0.0328717 0.0407563 0.04823 0.0548635 0.0603465 0.0644639 0.0669021 0.0673566 0.0658365 0.0626946 0.0583872 0.0532247 0.0474554 0.041363 0.0352368 0.0293286 0.0238355 0.018894 0.0145809 0.0109161 0.00786642 0.00535585 0.00331168 0.00174639 0.00073801 0.000244405 6.50094e-05 1.44576e-05 2.76201e-06 4.54605e-07 6.25722e-08 6.54757e-09 3.73556e-10 0 
0 0.000502197 0.00293804 0.00738923 0.0134928 0.0210398 0.0296724 0.0389154 0.04823 0.057083 0.065117 0.0721966 0.077638 0.0806429 0.0811876 0.0793932 0.0753392 0.0695931 0.0630861 0.0561626 0.0489524 0.0417159 0.0347384 0.0282523 0.0224199 0.0173334 0.0130207 0.00945161 0.00654338 0.0041887 0.00233872 0.00105871 0.00037176 0.000102459 2.31254e-05 4.42609e-06 7.24958e-07 9.89893e-08 1.02629e-08 5.7997e-10 0 
0 0.000619408 0.00344554 0.00847513 0.0153934 0.0239626 0.0337672 0.044266 0.0548635 0.065117 0.0749445 0.0831326 0.0881251 0.0905164 0.090955 0.0895957 0.0861976 0.0802681 0.0723133 0.0639838 0.0556859 0.0474554 0.0395303 0.0321645 0.0255423 0.0197694 0.0148798 0.0108444 0.00757766 0.00495407 0.00287699 0.00137478 0.00050854 0.000145167 3.33192e-05 6.40543e-06 1.04686e-06 1.4218e-07 1.46425e-08 8.21601e-10 0 
0 0.000717767 0.00385333 0.00935282 0.0169364 0.0263373 0.0370946 0.0486175 0.0603465 0.0721966 0.0831326 0.0902699 0.0942074 0.0961298 0.0965009 0.0954273 0.0927517 0.0879688 0.0802769 0.0706686 0.061218 0.0521275 0.0434283 0.0353469 0.0280821 0.0217505 0.0163905 0.0119731 0.00841069 0.00556821 0.00331763 0.0016486 0.000635746 0.000187129 4.3647e-05 8.43736e-06 1.37848e-06 1.86624e-07 1.91344e-08 1.0684e-09 0 
0 0.000789561 0.00414294 0.00997931 0.0180403 0.0280367 0.0394762 0.0517426 0.0644639 0.077638 0.0881251 0.0942074 0.0976379 0.0993479 0.0996892 0.098747 0.0964067 0.0922884 0.0855547 0.0757691 0.0652943 0.0554875 0.0462235 0.0376291 0.0299038 0.0231716 0.017474 0.0127818 0.00900563 0.00600535 0.00363448 0.00185308 0.00073601 0.000221752 5.24087e-05 1.01847e-05 1.66523e-06 2.25117e-07 2.3024e-08 1.28192e-09 0 
0 0.000830244 0.00430389 0.0103281 0.0186553 0.0289834 0.0408029 0.053495 0.0669021 0.0806429 0.0905164 0.0961298 0.0993479 0.100968 0.101298 0.100412 0.0982144 0.094379 0.0881586 0.0786646 0.0676581 0.0573779 0.0477884 0.0389072 0.0309246 0.0239685 0.0180821 0.013236 0.00933996 0.00625127 0.00381449 0.00197261 0.000797071 0.000243633 5.80854e-05 1.13338e-05 1.85555e-06 2.50829e-07 2.56359e-08 1.42601e-09 0 
0 0.000838219 0.00433359 0.0103911 0.0187658 0.0291533 0.0410409 0.0538109 0.0673566 0.0811876 0.090955 0.0965009 0.0996892 0.101298 0.101626 0.100749 0.0985727 0.0947795 0.0886385 0.0792073 0.0681081 0.0577325 0.0480824 0.0391487 0.0311189 0.0241215 0.0182002 0.0133257 0.00940766 0.00630319 0.00385503 0.00200179 0.000813214 0.000249817 5.97776e-05 1.16917e-05 1.91718e-06 2.59467e-07 2.65458e-08 1.47807e-09 0 
0 0.000814503 0.00423698 0.0101788 0.01839 0.028574 0.0402287 0.0527353 0.0658365 0.0793932 0.0895957 0.0954273 0.098747 0.100412 0.100749 0.0998385 0.097576 0.0936133 0.0871597 0.0774834 0.0666735 0.0566 0.0471503 0.0383906 0.0305164 0.0236541 0.0178465 0.0130648 0.00921951 0.00616959 0.0037624 0.00194402 0.000785336 0.000240323 5.74364e-05 1.12429e-05 1.8472e-06 2.50636e-07 2.57164e-08 1.43631e-09 0 
0 0.00076236 0.00402558 0.00971746 0.0175752 0.0273189 0.0384695 0.0504201 0.0626946 0.0753392 0.0861976 0.0927517 0.0964067 0.0982144 0.0985727 0.097576 0.095094 0.0906975 0.0835163 0.0736752 0.0636314 0.0541394 0.0451129 0.0367314 0.029196 0.0226281 0.0170685 0.0124888 0.00880152 0.00586942 0.00355101 0.00181041 0.000720297 0.000217957 5.18372e-05 1.01476e-05 1.67214e-06 2.27894e-07 2.35056e-08 1.32031e-09 0 
0 0.000686896 0.0037161 0.00904625 0.0163921 0.0254971 0.0359165 0.0470767 0.0583872 0.0695931 0.0802681 0.0879688 0.0922884 0.094379 0.0947795 0.0936133 0.0906975 0.0854783 0.0775096 0.0683431 0.0593522 0.0505764 0.0421497 0.0343175 0.027275 0.0211355 0.0159367 0.0116506 0.00819232 0.00543083 0.00324315 0.00161931 0.000629858 0.0001876 4.4341e-05 8.68897e-06 1.43924e-06 1.97603e-07 2.05554e-08 1.16514e-09 0 
0 0.000594622 0.00332884 0.00821213 0.0149262 0.0232414 0.0327561 0.0429458 0.0532247 0.0630861 0.0723133 0.0802769 0.0855547 0.0881586 0.0886385 0.0871597 0.0835163 0.0775096 0.0700081 0.0621482 0.0541505 0.0461702 0.0384788 0.0313279 0.024897 0.0192892 0.014538 0.0106157 0.00744024 0.00489053 0.00286968 0.00139611 0.000529293 0.0001552 3.65474e-05 7.19598e-06 1.20329e-06 1.67174e-07 1.76159e-08 1.01186e-09 0 
0 0.000492955 0.00288618 0.00726512 0.0132701 0.0206953 0.0291898 0.0382865 0.0474554 0.0561626 0.0639838 0.0706686 0.0757691 0.0786646 0.0792073 0.0774834 0.0736752 0.0683431 0.0621482 0.0553947 0.0483136 0.0411988 0.0343366 0.0279563 0.0222176 0.0172119 0.0129676 0.00945674 0.00660135 0.0042951 0.00247236 0.00117308 0.000435677 0.000126729 2.99703e-05 5.97234e-06 1.01457e-06 1.43394e-07 1.5373e-08 8.97828e-10 0 
0 0.000389625 0.00241164 0.00625348 0.0115144 0.0180009 0.0254174 0.033359 0.041363 0.0489524 0.0556859 0.061218 0.0652943 0.0676581 0.0681081 0.0666735 0.0636314 0.0593522 0.0541505 0.0483136 0.042145 0.035941 0.0299577 0.0243951 0.0193919 0.0150268 0.0113226 0.00825101 0.00574107 0.00370609 0.00210705 0.000988274 0.000365995 0.000107391 2.58298e-05 5.25301e-06 9.10955e-07 1.31258e-07 1.43172e-08 8.48823e-10 0 
0 0.000291951 0.00192966 0.00522014 0.00974107 0.015288 0.0216221 0.028403 0.0352368 0.0417159 0.0474554 0.0521275 0.0554875 0.0573779 0.0577325 0.0566 0.0541394 0.0505764 0.0461702 0.0411988 0.035941 0.0306544 0.0255576 0.0208213 0.0165634 0.0128506 0.00970083 0.00708695 0.00494673 0.00320966 0.001844 0.000881466 0.000335172 0.000101194 2.49742e-05 5.1862e-06 9.13851e-07 1.33228e-07 1.46518e-08 8.73281e-10 0 
0 0.000206023 0.00146558 0.00420131 0.00801663 0.0126656 0.0179593 0.0236224 0.0293286 0.0347384 0.0395303 0.0434283 0.0462235 0.0477884 0.0480824 0.0471503 0.0451129 0.0421497 0.0384788 0.0343366 0.0299577 0.0255576 0.0213194 0.0173864 0.0138608 0.0108071 0.00824727 0.00614239 0.00440213 0.00294847 0.00176406 0.000886564 0.000353927 0.000110657 2.78237e-05 5.8158e-06 1.02395e-06 1.48539e-07 1.62167e-08 9.58261e-10 0 
0 0.000135923 0.00104487 0.00322875 0.00638876 0.0102161 0.0145489 0.0191758 0.0238355 0.0282523 0.0321645 0.0353469 0.0376291 0.0389072 0.0391487 0.0383906 0.0367314 0.0343175 0.0313279 0.0279563 0.0243951 0.0208213 0.0173864 0.0142157 0.0114266 0.00915144 0.00746515 0.00618623 0.00490701 0.003455 0.00208258 0.00105721 0.000431975 0.000136851 3.42263e-05 7.0368e-06 1.21371e-06 1.72366e-07 1.84349e-08 1.06843e-09 0 
0 8.32099e-05 0.00069037 0.00233522 0.00488698 0.00799072 0.0114715 0.0151724 0.018894 0.0224199 0.0255423 0.0280821 0.0299038 0.0309246 0.0311189 0.0305164 0.029196 0.027275 0.024897 0.0222176 0.0193919 0.0165634 0.0138608 0.0114266 0.00953423 0.00871431 0.00935339 0.0105386 0.0101399 0.00739485 0.00401167 0.00171596 0.000618611 0.0001832 4.35046e-05 8.54984e-06 1.42092e-06 1.95605e-07 2.03606e-08 1.15207e-09 0 
0 4.69337e-05 0.000417222 0.00155915 0.00353215 0.00600959 0.00876613 0.0116711 0.0145809 0.0173334 0.0197694 0.0217505 0.0231716 0.0239685 0.0241215 0.0236541 0.0226281 0.0211355 0.0192892 0.0172119 0.0150268 0.0128506 0.0108071 0.00915144 0.00871431 0.0114207 0.0187676 0.0279979 0.0322557 0.0215711 0.0109182 0.00391079 0.00109518 0.000265068 5.50836e-05 9.90516e-06 1.55798e-06 2.06853e-07 2.09422e-08 1.1577e-09 0 
0 2.42446e-05 0.000227978 0.000940184 0.00235412 0.00427281 0.00643121 0.00868152 0.0109161 0.0130207 0.0148798 0.0163905 0.017474 0.0180821 0.0182002 0.0178465 0.0170685 0.0159367 0.014538 0.0129676 0.0113226 0.00970083 0.00824727 0.00746515 0.00935339 0.0187676 0.0403914 0.0738951 0.0794492 0.0583944 0.0254058 0.00854983 0.0020509 0.000397289 6.78225e-05 1.06117e-05 1.54526e-06 1.97298e-07 1.94938e-08 1.05746e-09 0 
0 1.14201e-05 0.000111718 0.000501935 0.00140235 0.00278908 0.00443943 0.00616799 0.00786642 0.00945161 0.0108444 0.0119731 0.0127818 0.013236 0.0133257 0.0130648 0.0124888 0.0116506 0.0106157 0.00945674 0.00825101 0.00708695 0.00614239 0.00618623 0.0105386 0.0279979 0.0738951 0.0875625 0.0893077 0.0832906 0.0491152 0.0137747 0.00312068 0.000529541 7.59228e-05 1.01669e-05 1.35149e-06 1.66028e-07 1.61124e-08 8.6364e-10 0 
0 4.89302e-06 4.89191e-05 0.000234232 0.00072432 0.00160508 0.00277973 0.00407398 0.00535585 0.00654338 0.00757766 0.00841069 0.00900563 0.00933996 0.00940766 0.00921951 0.00880152 0.00819232 0.00744024 0.00660135 0.00574107 0.00494673 0.00440213 0.00490701 0.0101399 0.0322557 0.0794492 0.0893077 0.0906252 0.0857159 0.0587061 0.0151891 0.00337775 0.000541434 6.97628e-05 8.27545e-06 1.01673e-06 1.2134e-07 1.16788e-08 6.23948e-10 0 
0 1.90549e-06 1.91522e-05 9.52728e-05 0.000318376 0.000782447 0.00150077 0.0023842 0.00331168 0.0041887 0.00495407 0.00556821 0.00600535 0.00625127 0.00630319 0.00616959 0.00586942 0.00543083 0.00489053 0.0042951 0.00370609 0.00320966 0.00294847 0.003455 0.00739485 0.0215711 0.0583944 0.0832906 0.0857159 0.0776317 0.0357964 0.0112468 0.00249582 0.000394004 4.85056e-05 5.42444e-06 6.42712e-07 7.61882e-08 7.36762e-09 3.9615e-10 0 
0 6.74739e-07 6.72728e-06 3.39663e-05 0.000118964 0.000316197 0.000667376 0.0011639 0.00174639 0.00233872 0.00287699 0.00331763 0.00363448 0.00381449 0.00385503 0.0037624 0.00355101 0.00324315 0.00286968 0.00247236 0.00210705 0.001844 0.00176406 0.00208258 0.00401167 0.0109182 0.0254058 0.0491152 0.0587061 0.0357964 0.0168988 0.00557428 0.00124867 0.000199115 2.45725e-05 2.77875e-06 3.37054e-07 4.08981e-08 4.03138e-09 2.20287e-10 0 
0 2.17419e-07 2.12932e-06 1.07178e-05 3.82677e-05 0.000106435 0.000240477 0.000454381 0.00073801 0.00105871 0.00137478 0.0016486 0.00185308 0.00197261 0.00200179 0.00194402 0.00181041 0.00161931 0.00139611 0.00117308 0.000988274 0.000881466 0.000886564 0.00105721 0.00171596 0.00391079 0.00854983 0.0137747 0.0151891 0.0112468 0.00557428 0.00185884 0.000426165 7.00994e-05 9.10022e-06 1.1198e-06 1.4737e-07 1.88007e-08 1.91297e-09 1.07159e-10 0 
0 6.37659e-08 6.09488e-07 3.02158e-06 1.07785e-05 3.04938e-05 7.13965e-05 0.000141911 0.000244405 0.00037176 0.00050854 0.000635746 0.00073601 0.000797071 0.000813214 0.000785336 0.000720297 0.000629858 0.000529293 0.000435677 0.000365995 0.000335172 0.000353927 0.000431975 0.000618611 0.00109518 0.0020509 0.00312068 0.00337775 0.00249582 0.00124867 0.000426165 0.000101406 1.7734e-05 2.57952e-06 3.69855e-07 5.47352e-08 7.44507e-09 7.8857e-10 4.56026e-11 0 
0 1.69981e-08 1.57961e-07 7.65717e-07 2.69481e-06 7.60841e-06 1.80028e-05 3.65905e-05 6.50094e-05 0.000102459 0.000145167 0.000187129 0.000221752 0.000243633 0.000249817 0.000240323 0.000217957 0.0001876 0.0001552 0.000126729 0.000107391 0.000101194 0.000110657 0.000136851 0.0001832 0.000265068 0.000397289 0.000529541 0.000541434 0.000394004 0.000199115 7.00994e-05 1.7734e-05 3.49024e-06 6.1112e-07 1.05681e-07 1.76019e-08 2.55439e-09 2.82868e-10 1.69737e-11 0 
0 4.1e-09 3.69736e-08 1.74577e-07 6.01963e-07 1.67757e-06 3.95044e-06 8.05559e-06 1.44576e-05 2.31254e-05 3.33192e-05 4.3647e-05 5.24087e-05 5.80854e-05 5.97776e-05 5.74364e-05 5.18372e-05 4.4341e-05 3.65474e-05 2.99703e-05 2.58298e-05 2.49742e-05 2.78237e-05 3.42263e-05 4.35046e-05 5.50836e-05 6.78225e-05 7.59228e-05 6.97628e-05 4.85056e-05 2.45725e-05 9.10022e-06 2.57952e-06 6.1112e-07 1.32528e-07 2.69799e-08 4.94064e-09 7.60796e-10 8.82464e-11 5.51308e-12 0 
0 8.85895e-10 7.74843e-09 3.55788e-08 1.19799e-07 3.27707e-07 7.61812e-07 1.54227e-06 2.76201e-06 4.42609e-06 6.40543e-06 8.43736e-06 1.01847e-05 1.13338e-05 1.16917e-05 1.12429e-05 1.01476e-05 8.68897e-06 7.19598e-06 5.97234e-06 5.25301e-06 5.1862e-06 5.8158e-06 7.0368e-06 8.54984e-06 9.90516e-06 1.06117e-05 1.01669e-05 8.27545e-06 5.42444e-06 2.77875e-06 1.1198e-06 3.69855e-07 1.05681e-07 2.69799e-08 6.1274e-09 1.20466e-09 1.95829e-10 2.38058e-11 1.55133e-12 0 
0 1.67987e-10 1.42558e-09 6.3645e-09 2.09026e-08 5.59905e-08 1.28006e-07 2.55965e-07 4.54605e-07 7.24958e-07 1.04686e-06 1.37848e-06 1.66523e-06 1.85555e-06 1.91718e-06 1.8472e-06 1.67214e-06 1.43924e-06 1.20329e-06 1.01457e-06 9.10955e-07 9.13851e-07 1.02395e-06 1.21371e-06 1.42092e-06 1.55798e-06 1.54526e-06 1.35149e-06 1.01673e-06 6.42712e-07 3.37054e-07 1.4737e-07 5.47352e-08 1.76019e-08 4.94064e-09 1.20466e-09 2.50832e-10 4.29007e-11 5.46388e-12 3.71644e-13 0 
0 2.67771e-11 2.20691e-10 9.58607e-10 3.07114e-09 8.05063e-09 1.80755e-08 3.56239e-08 6.25722e-08 9.89893e-08 1.4218e-07 1.86624e-07 2.25117e-07 2.50829e-07 2.59467e-07 2.50636e-07 2.27894e-07 1.97603e-07 1.67174e-07 1.43394e-07 1.31258e-07 1.33228e-07 1.48539e-07 1.72366e-07 1.95605e-07 2.06853e-07 1.97298e-07 1.66028e-07 1.2134e-07 7.61882e-08 4.08981e-08 1.88007e-08 7.44507e-09 2.55439e-09 7.60796e-10 1.95829e-10 4.29007e-11 7.69951e-12 1.0262e-12 7.28307e-14 0 
0 3.23827e-12 2.59549e-11 1.09817e-10 3.43492e-10 8.8152e-10 1.94352e-09 3.77297e-09 6.54757e-09 1.02629e-08 1.46425e-08 1.91344e-08 2.3024e-08 2.56359e-08 2.65458e-08 2.57164e-08 2.35056e-08 2.05554e-08 1.76159e-08 1.5373e-08 1.43172e-08 1.46518e-08 1.62167e-08 1.84349e-08 2.03606e-08 2.09422e-08 1.94938e-08 1.61124e-08 1.16788e-08 7.36762e-09 4.03138e-09 1.91297e-09 7.8857e-10 2.82868e-10 8.82464e-11 2.38058e-11 5.46388e-12 1.0262e-12 1.42874e-13 1.05689e-14 0 
0 2.12262e-13 1.65703e-12 6.83922e-12 2.09113e-11 5.25877e-11 1.13917e-10 2.17886e-10 3.73556e-10 5.7997e-10 8.21601e-10 1.0684e-09 1.28192e-09 1.42601e-09 1.47807e-09 1.43631e-09 1.32031e-09 1.16514e-09 1.01186e-09 8.97828e-10 8.48823e-10 8.73281e-10 9.58261e-10 1.06843e-09 1.15207e-09 1.1577e-09 1.05746e-09 8.6364e-10 6.23948e-10 3.9615e-10 2.20287e-10 1.07159e-10 4.56026e-11 1.69737e-11 5.51308e-12 1.55133e-12 3.71644e-13 7.28307e-14 1.05689e-14 8.13638e-16 0 
0 0 0 0 0 0 0 0 0 0 0 0 0 0 0 0 0 0 0 0 0 0 0 0 0 0 0 0 0 0 0 0 0 0 0 0 0 0 0 0 0 
