0 0 0 0 0 0 0 0 0 0 0 0 0 0 0 0 0 0 0 0 0 0 0 0 0 0 0 0 0 0 0 0 0 0 0 0 0 0 0 0 0 
0 3.16135e-07 2.83162e-06 1.26094e-05 3.874e-05 9.14306e-05 0.000176039 0.000289173 0.000419976 0.000554383 0.000678903 0.00078265 0.000857991 0.000900513 0.000908746 0.000883811 0.000829051 0.000749642 0.00065217 0.000544175 0.000433592 0.000328068 0.000234157 0.000156493 9.71768e-05 5.56492e-05 2.91977e-05 1.39664e-05 6.07221e-06 2.39675e-06 8.58969e-07 2.79707e-07 8.27773e-08 2.22349e-08 5.39743e-09 1.1724e-09 2.2328e-10 3.57168e-11 4.33183e-12 2.84607e-13 0 
0 2.83162e-06 2.60048e-05 0.000114917 0.000336368 0.000730999 0.00127492 0.00190048 0.00253837 0.00313618 0.00365706 0.00407472 0.00437098 0.00453541 0.00456543 0.00446616 0.0042494 0.00393225 0.00353531 0.00308103 0.00259269 0.00209406 0.00160973 0.00116493 0.000783469 0.000483034 0.000269595 0.000134936 6.02703e-05 2.40161e-05 8.56332e-06 2.74429e-06 7.93461e-07 2.07312e-07 4.88396e-08 1.02879e-08 1.90053e-09 2.95167e-10 3.48023e-11 2.22637e-12 0 
0 1.26094e-05 0.000114917 0.000477543 0.0012498 0.00238572 0.00371665 0.00510621 0.00646967 0.00774017 0.00885447 0.00975557 0.0103989 0.0107568 0.010821 0.0106023 0.0101278 0.00943799 0.0085815 0.00761009 0.00657371 0.0055164 0.00447435 0.00347743 0.00255475 0.00174115 0.00107647 0.000590756 0.000283362 0.000118152 4.30019e-05 1.37908e-05 3.93615e-06 1.00677e-06 2.31138e-07 4.73532e-08 8.50436e-09 1.28476e-09 1.47518e-10 9.20334e-12 0 
0 3.874e-05 0.000336368 0.0012498 0.00285096 0.00487933 0.00712591 0.0094772 0.0118227 0.0140364 0.0159924 0.0175804 0.0187161 0.0193485 0.0194615 0.0190739 0.0182346 0.0170164 0.0155076 0.0138036 0.0119983 0.0101764 0.00840744 0.0067409 0.00520594 0.00381887 0.00260079 0.00159412 0.000851044 0.000386665 0.000148706 4.89225e-05 1.40065e-05 3.5424e-06 7.97701e-07 1.59658e-07 2.79705e-08 4.12162e-09 4.61965e-10 2.8168e-11 0 
0 9.14306e-05 0.000730999 0.00238572 0.00487933 0.00788421 0.0112488 0.0148243 0.0184179 0.0218199 0.0248297 0.0272745 0.0290236 0.0299974 0.0301712 0.0295738 0.0282807 0.0264044 0.0240817 0.0214603 0.0186867 0.0158948 0.0131976 0.0106807 0.00839852 0.00637209 0.00459728 0.00307054 0.00182453 0.000923719 0.000387395 0.000134454 3.93872e-05 9.97617e-06 2.22155e-06 4.36826e-07 7.49631e-08 1.0811e-08 1.18623e-09 7.08698e-11 0 
0 0.000176039 0.00127492 0.00371665 0.00712591 0.0112488 0.0159265 0.0209235 0.0259538 0.0307188 0.0349354 0.0383611 0.0408121 0.042177 0.0424206 0.0415829 0.0397706 0.0371413 0.0338869 0.030215 0.026331 0.0224238 0.0186535 0.0151443 0.0119804 0.00920386 0.00681438 0.00477947 0.00307135 0.00171994 0.000797618 0.000298721 9.13357e-05 2.34905e-05 5.21973e-06 1.01454e-06 1.71326e-07 2.42711e-08 2.61527e-09 1.53515e-10 0 
0 0.000289173 0.00190048 0.00510621 0.0094772 0.0148243 0.0209235 0.0274476 0.0340179 0.0402425 0.0457523 0.0502375 0.0534751 0.0553098 0.0556418 0.0545073 0.052094 0.0486386 0.0443827 0.0395856 0.0345126 0.0294104 0.0244888 0.0199115 0.0157917 0.0121916 0.00912344 0.00655203 0.00441181 0.00266396 0.00135631 0.000553447 0.000179299 4.7416e-05 1.06055e-05 2.05002e-06 3.42223e-07 4.78014e-08 5.07434e-09 2.93482e-10 0 
0 0.000419976 0.00253837 0.00646967 0.0118227 0.0184179 0.0259538 0.0340179 0.0421399 0.0498379 0.056695 0.0625016 0.0671078 0.0699313 0.0704629 0.0686949 0.0650882 0.0603809 0.0549802 0.0490272 0.0427548 0.0364483 0.0303661 0.0247112 0.0196246 0.0151864 0.0114192 0.0082919 0.00572586 0.00363107 0.00199043 0.000881212 0.000304523 8.3548e-05 1.89464e-05 3.66166e-06 6.06801e-07 8.38632e-08 8.79766e-09 5.02743e-10 0 
0 0.000554383 0.00313618 0.00774017 0.0140364 0.0218199 0.0307188 0.0402425 0.0498379 0.0589932 0.0675922 0.0756216 0.0814409 0.0843637 0.0848859 0.0831997 0.0790712 0.0726166 0.0653123 0.0580116 0.0505679 0.0431181 0.0359358 0.029259 0.023255 0.0180196 0.0135832 0.0099174 0.00694 0.00453349 0.00261937 0.00124172 0.000456819 0.000130521 3.01495e-05 5.84968e-06 9.65702e-07 1.32472e-07 1.37727e-08 7.79684e-10 0 
0 0.000678903 0.00365706 0.00885447 0.0159924 0.0248297 0.0349354 0.0457523 0.056695 0.0675922 0.0785921 0.0866404 0.0909622 0.0930102 0.0933989 0.0922565 0.0893616 0.0839949 0.0755276 0.0662337 0.0575137 0.0490246 0.0408671 0.0332854 0.0264687 0.0205265 0.0154949 0.0113467 0.00799741 0.00531618 0.00318137 0.00158897 0.000617132 0.000183364 4.3215e-05 8.4384e-06 1.39143e-06 1.89951e-07 1.96221e-08 1.1031e-09 0 
0 0.00078265 0.00407472 0.00975557 0.0175804 0.0272745 0.0383611 0.0502375 0.0625016 0.0756216 0.0866404 0.0927742 0.0961508 0.0978188 0.0981533 0.0972404 0.0949522 0.0908577 0.0839084 0.073619 0.0632948 0.0538359 0.0448765 0.036559 0.0290815 0.0225642 0.017048 0.0125052 0.00884928 0.00594247 0.00363653 0.00188456 0.000763649 0.000234627 5.6343e-05 1.10811e-05 1.82817e-06 2.48889e-07 2.56022e-08 1.43244e-09 0 
0 0.000857991 0.00437098 0.0103989 0.0187161 0.0290236 0.0408121 0.0534751 0.0671078 0.0814409 0.0909622 0.0961508 0.0991192 0.100618 0.100929 0.100121 0.098102 0.0945612 0.0887328 0.0792141 0.0676945 0.0573087 0.0477498 0.0389046 0.0309538 0.0240246 0.0181609 0.0133346 0.00945732 0.00638733 0.00396142 0.00210238 0.000877473 0.000276439 6.73884e-05 1.33397e-05 2.2039e-06 2.99699e-07 3.07576e-08 1.7161e-09 0 
0 0.000900513 0.00453541 0.0107568 0.0193485 0.0299974 0.042177 0.0553098 0.0699313 0.0843637 0.0930102 0.0978188 0.100618 0.102045 0.102346 0.101583 0.0996794 0.0963684 0.0910078 0.0821915 0.0703171 0.0592745 0.0493562 0.0402156 0.0320007 0.0248417 0.018784 0.0137992 0.00979794 0.00663649 0.00414451 0.00222812 0.000945833 0.000302536 7.44708e-05 1.48115e-05 2.45112e-06 3.33346e-07 3.41887e-08 1.90575e-09 0 
0 0.000908746 0.00456543 0.010821 0.0194615 0.0301712 0.0424206 0.0556418 0.0704629 0.0848859 0.0933989 0.0981533 0.100929 0.102346 0.102646 0.101891 0.100003 0.0967262 0.0914349 0.0827362 0.070817 0.0596399 0.0496531 0.040459 0.0321961 0.0249952 0.0189021 0.0138884 0.00986465 0.00668699 0.00418386 0.00225736 0.00096308 0.000309595 7.6495e-05 1.52512e-05 2.5279e-06 3.44177e-07 3.53323e-08 1.97119e-09 0 
0 0.000883811 0.00446616 0.0106023 0.0190739 0.0295738 0.0415829 0.0545073 0.0686949 0.0831997 0.0922565 0.0972404 0.100121 0.101583 0.101891 0.101108 0.0991504 0.0957346 0.0901656 0.0810051 0.0692054 0.0584479 0.0486868 0.0396729 0.0315707 0.0245093 0.0185339 0.0136164 0.00966825 0.00654733 0.00408594 0.00219395 0.000930446 0.000297715 7.34144e-05 1.46409e-05 2.43057e-06 3.31673e-07 3.41374e-08 1.90985e-09 0 
0 0.000829051 0.0042494 0.0101278 0.0182346 0.0282807 0.0397706 0.052094 0.0650882 0.0790712 0.0893616 0.0949522 0.098102 0.0996794 0.100003 0.0991504 0.0970149 0.0932395 0.0869416 0.0769338 0.0658486 0.0558849 0.0465828 0.0379589 0.0302055 0.0234476 0.017728 0.0130194 0.00923522 0.00623649 0.00386493 0.00204899 0.000855292 0.000270168 6.6189e-05 1.31853e-05 2.19359e-06 3.00481e-07 3.10719e-08 1.74728e-09 0 
0 0.000749642 0.00393225 0.00943799 0.0170164 0.0264044 0.0371413 0.0486386 0.0603809 0.0726166 0.0839949 0.0908577 0.0945612 0.0963684 0.0967262 0.0957346 0.0932395 0.0887246 0.0810822 0.0709478 0.0612868 0.0521998 0.0435262 0.0354676 0.0282214 0.0219045 0.0165568 0.0121515 0.00860474 0.00578247 0.00354232 0.0018405 0.000750152 0.000232624 5.64943e-05 1.12447e-05 1.87797e-06 2.58874e-07 2.6972e-08 1.52915e-09 0 
0 0.00065217 0.00353531 0.0085815 0.0155076 0.0240817 0.0338869 0.0443827 0.0549802 0.0653123 0.0755276 0.0839084 0.0887328 0.0910078 0.0914349 0.0901656 0.0869416 0.0810822 0.0727796 0.0642066 0.0558779 0.0476562 0.0397413 0.0323828 0.0257654 0.0199956 0.0151089 0.0110792 0.00782535 0.00522112 0.00314751 0.00159363 0.000631532 0.000192048 4.63038e-05 9.23599e-06 1.5541e-06 2.16423e-07 2.28088e-08 1.30864e-09 0 
0 0.000544175 0.00308103 0.00761009 0.0138036 0.0214603 0.030215 0.0395856 0.0490272 0.0580116 0.0662337 0.073619 0.0792141 0.0821915 0.0827362 0.0810051 0.0769338 0.0709478 0.0642066 0.0571595 0.0498578 0.0425339 0.0354708 0.0289036 0.0229973 0.0178463 0.0134812 0.00987584 0.00695237 0.00459686 0.00272029 0.00134117 0.000518368 0.000155531 3.74859e-05 7.54149e-06 1.28582e-06 1.81789e-07 1.94593e-08 1.1336e-09 0 
0 0.000433592 0.00259269 0.00657371 0.0119983 0.0186867 0.026331 0.0345126 0.0427548 0.0505679 0.0575137 0.0632948 0.0676945 0.0703171 0.070817 0.0692054 0.0658486 0.0612868 0.0558779 0.0498578 0.0435052 0.037117 0.0309558 0.0252276 0.0200759 0.0155823 0.0117718 0.00861798 0.00604864 0.00396769 0.00231529 0.00112335 0.000430052 0.000129299 3.15323e-05 6.45113e-06 1.12015e-06 1.612e-07 1.75394e-08 1.03671e-09 0 
0 0.000328068 0.00209406 0.0055164 0.0101764 0.0158948 0.0224238 0.0294104 0.0364483 0.0431181 0.0490246 0.0538359 0.0573087 0.0592745 0.0596399 0.0584479 0.0558849 0.0521998 0.0476562 0.0425339 0.037117 0.0316699 0.0264178 0.0215365 0.0171481 0.0133222 0.0100789 0.00739212 0.00519777 0.00341741 0.00200486 0.000984222 0.000383967 0.000118089 2.94415e-05 6.13886e-06 1.08234e-06 1.57607e-07 1.72995e-08 1.02887e-09 0 
0 0.000234157 0.00160973 0.00447435 0.00840744 0.0131976 0.0186535 0.0244888 0.0303661 0.0359358 0.0408671 0.0448765 0.0477498 0.0493562 0.0496531 0.0486868 0.0465828 0.0435262 0.0397413 0.0354708 0.0309558 0.0264178 0.0220453 0.0179859 0.0143455 0.0111918 0.00854868 0.0063779 0.00458761 0.00309601 0.00187797 0.000962597 0.000392371 0.000124679 3.16531e-05 6.64642e-06 1.17204e-06 1.70036e-07 1.85535e-08 1.09551e-09 0 
0 0.000156493 0.00116493 0.00347743 0.0067409 0.0106807 0.0151443 0.0199115 0.0247112 0.029259 0.0332854 0.036559 0.0389046 0.0402156 0.040459 0.0396729 0.0379589 0.0354676 0.0323828 0.0289036 0.0252276 0.0215365 0.0179859 0.0147048 0.0118148 0.0094536 0.00770171 0.00637561 0.00505723 0.00356831 0.00216527 0.0011149 0.000464555 0.000149808 3.79083e-05 7.8426e-06 1.35664e-06 1.92904e-07 2.06419e-08 1.19659e-09 0 
0 9.71768e-05 0.000783469 0.00255475 0.00520594 0.00839852 0.0119804 0.0157917 0.0196246 0.023255 0.0264687 0.0290815 0.0309538 0.0320007 0.0321961 0.0315707 0.0302055 0.0282214 0.0257654 0.0229973 0.0200759 0.0171481 0.0143455 0.0118148 0.00983854 0.00896779 0.00960416 0.0108099 0.0103978 0.00758437 0.00411948 0.00177177 0.000648619 0.000196093 4.73142e-05 9.38183e-06 1.56579e-06 2.1597e-07 2.25033e-08 1.27413e-09 0 
0 5.56492e-05 0.000483034 0.00174115 0.00381887 0.00637209 0.00920386 0.0121916 0.0151864 0.0180196 0.0205265 0.0225642 0.0240246 0.0248417 0.0249952 0.0245093 0.0234476 0.0219045 0.0199956 0.0178463 0.0155823 0.0133222 0.0111918 0.0094536 0.00896779 0.0117184 0.0192369 0.029554 0.0349641 0.0221199 0.0111896 0.00401131 0.00112995 0.000278381 5.90419e-05 1.07572e-05 1.70243e-06 2.26614e-07 2.29714e-08 1.27087e-09 0 
0 2.91977e-05 0.000269595 0.00107647 0.00260079 0.00459728 0.00681438 0.00912344 0.0114192 0.0135832 0.0154949 0.017048 0.0181609 0.018784 0.0189021 0.0185339 0.017728 0.0165568 0.0151089 0.0134812 0.0117718 0.0100789 0.00854868 0.00770171 0.00960416 0.0192369 0.0426403 0.0761676 0.0800668 0.0621906 0.0260462 0.00876185 0.00210486 0.000411908 7.17734e-05 1.14289e-05 1.67929e-06 2.1515e-07 2.12874e-08 1.15567e-09 0 
0 1.39664e-05 0.000134936 0.000590756 0.00159412 0.00307054 0.00477947 0.00655203 0.0082919 0.0099174 0.0113467 0.0125052 0.0133346 0.0137992 0.0138884 0.0136164 0.0130194 0.0121515 0.0110792 0.00987584 0.00861798 0.00739212 0.0063779 0.00637561 0.0108099 0.029554 0.0761676 0.0872033 0.0886068 0.0831301 0.0525425 0.0141147 0.00319923 0.000545822 7.95999e-05 1.08729e-05 1.46285e-06 1.80531e-07 1.75472e-08 9.41265e-10 0 
0 6.07221e-06 6.02703e-05 0.000283362 0.000851044 0.00182453 0.00307135 0.00441181 0.00572586 0.00694 0.00799741 0.00884928 0.00945732 0.00979794 0.00986465 0.00966825 0.00923522 0.00860474 0.00782535 0.00695237 0.00604864 0.00519777 0.00458761 0.00505723 0.0103978 0.0349641 0.0800668 0.0886068 0.0897545 0.0853779 0.0624531 0.0155837 0.00346204 0.000557042 7.27837e-05 8.80675e-06 1.09744e-06 1.31699e-07 1.26972e-08 6.78844e-10 0 
0 2.39675e-06 2.40161e-05 0.000118152 0.000386665 0.000923719 0.00171994 0.00266396 0.00363107 0.00453349 0.00531618 0.00594247 0.00638733 0.00663649 0.00668699 0.00654733 0.00623649 0.00578247 0.00522112 0.00459686 0.00396769 0.00341741 0.00309601 0.00356831 0.00758437 0.0221199 0.0621906 0.0831301 0.0853779 0.0787097 0.0380194 0.011524 0.00255831 0.000405415 5.05475e-05 5.76136e-06 6.92775e-07 8.26066e-08 8.0016e-09 4.30514e-10 0 
0 8.58969e-07 8.56332e-06 4.30019e-05 0.000148706 0.000387395 0.000797618 0.00135631 0.00199043 0.00261937 0.00318137 0.00363653 0.00396142 0.00414451 0.00418386 0.00408594 0.00386493 0.00354232 0.00314751 0.00272029 0.00231529 0.00200486 0.00187797 0.00216527 0.00411948 0.0111896 0.0260462 0.0525425 0.0624531 0.0380194 0.017315 0.00571204 0.00128061 0.00020525 2.56562e-05 2.95463e-06 3.63368e-07 4.43248e-08 4.37542e-09 2.39215e-10 0 
0 2.79707e-07 2.74429e-06 1.37908e-05 4.89225e-05 0.000134454 0.000298721 0.000553447 0.000881212 0.00124172 0.00158897 0.00188456 0.00210238 0.00222812 0.00225736 0.00219395 0.00204899 0.0018405 0.00159363 0.00134117 0.00112335 0.000984222 0.000962597 0.0011149 0.00177177 0.00401131 0.00876185 0.0141147 0.0155837 0.011524 0.00571204 0.00190554 0.000437893 7.25503e-05 9.54856e-06 1.19522e-06 1.59086e-07 2.03756e-08 2.07541e-09 1.16308e-10 0 
0 8.27773e-08 7.93461e-07 3.93615e-06 1.40065e-05 3.93872e-05 9.13357e-05 0.000179299 0.000304523 0.000456819 0.000617132 0.000763649 0.000877473 0.000945833 0.00096308 0.000930446 0.000855292 0.000750152 0.000631532 0.000518368 0.000430052 0.000383967 0.000392371 0.000464555 0.000648619 0.00112995 0.00210486 0.00319923 0.00346204 0.00255831 0.00128061 0.000437893 0.000104709 1.8487e-05 2.72841e-06 3.96885e-07 5.91871e-08 8.0699e-09 8.55326e-10 4.94791e-11 0 
0 2.22349e-08 2.07312e-07 1.00677e-06 3.5424e-06 9.97617e-06 2.34905e-05 4.7416e-05 8.3548e-05 0.000130521 0.000183364 0.000234627 0.000276439 0.000302536 0.000309595 0.000297715 0.000270168 0.000232624 0.000192048 0.000155531 0.000129299 0.000118089 0.000124679 0.000149808 0.000196093 0.000278381 0.000411908 0.000545822 0.000557042 0.000405415 0.00020525 7.25503e-05 1.8487e-05 3.67947e-06 6.52806e-07 1.13973e-07 1.90591e-08 2.76912e-09 3.06769e-10 1.84123e-11 0 
0 5.39743e-09 4.88396e-08 2.31138e-07 7.97701e-07 2.22155e-06 5.21973e-06 1.06055e-05 1.89464e-05 3.01495e-05 4.3215e-05 5.6343e-05 6.73884e-05 7.44708e-05 7.6495e-05 7.34144e-05 6.6189e-05 5.64943e-05 4.63038e-05 3.74859e-05 3.15323e-05 2.94415e-05 3.16531e-05 3.79083e-05 4.73142e-05 5.90419e-05 7.17734e-05 7.95999e-05 7.27837e-05 5.05475e-05 2.56562e-05 9.54856e-06 2.72841e-06 6.52806e-07 1.42747e-07 2.91889e-08 5.35364e-09 8.24808e-10 9.56938e-11 5.97944e-12 0 
0 1.1724e-09 1.02879e-08 4.73532e-08 1.59658e-07 4.36826e-07 1.01454e-06 2.05002e-06 3.66166e-06 5.84968e-06 8.4384e-06 1.10811e-05 1.33397e-05 1.48115e-05 1.52512e-05 1.46409e-05 1.31853e-05 1.12447e-05 9.23599e-06 7.54149e-06 6.45113e-06 6.13886e-06 6.64642e-06 7.8426e-06 9.38183e-06 1.07572e-05 1.14289e-05 1.08729e-05 8.80675e-06 5.76136e-06 2.95463e-06 1.19522e-06 3.96885e-07 1.13973e-07 2.91889e-08 6.6384e-09 1.30578e-09 2.12313e-10 2.58136e-11 1.6824e-12 0 
0 2.2328e-10 1.90053e-09 8.50436e-09 2.79705e-08 7.49631e-08 1.71326e-07 3.42223e-07 6.06801e-07 9.65702e-07 1.39143e-06 1.82817e-06 2.2039e-06 2.45112e-06 2.5279e-06 2.43057e-06 2.19359e-06 1.87797e-06 1.5541e-06 1.28582e-06 1.12015e-06 1.08234e-06 1.17204e-06 1.35664e-06 1.56579e-06 1.70243e-06 1.67929e-06 1.46285e-06 1.09744e-06 6.92775e-07 3.63368e-07 1.59086e-07 5.91871e-08 1.90591e-08 5.35364e-09 1.30578e-09 2.71928e-10 4.65136e-11 5.92459e-12 4.03022e-13 0 
0 3.57168e-11 2.95167e-10 1.28476e-09 4.12162e-09 1.0811e-08 2.42711e-08 4.78014e-08 8.38632e-08 1.32472e-07 1.89951e-07 2.48889e-07 2.99699e-07 3.33346e-07 3.44177e-07 3.31673e-07 3.00481e-07 2.58874e-07 2.16423e-07 1.81789e-07 1.612e-07 1.57607e-07 1.70036e-07 1.92904e-07 2.1597e-07 2.26614e-07 2.1515e-07 1.80531e-07 1.31699e-07 8.26066e-08 4.43248e-08 2.03756e-08 8.0699e-09 2.76912e-09 8.24808e-10 2.12313e-10 4.65136e-11 8.34831e-12 1.11274e-12 7.89782e-14 0 
0 4.33183e-12 3.48023e-11 1.47518e-10 4.61965e-10 1.18623e-09 2.61527e-09 5.07434e-09 8.79766e-09 1.37727e-08 1.96221e-08 2.56022e-08 3.07576e-08 3.41887e-08 3.53323e-08 3.41374e-08 3.10719e-08 2.6972e-08 2.28088e-08 1.94593e-08 1.75394e-08 1.72995e-08 1.85535e-08 2.06419e-08 2.25033e-08 2.29714e-08 2.12874e-08 1.75472e-08 1.26972e-08 8.0016e-09 4.37542e-09 2.07541e-09 8.55326e-10 3.06769e-10 9.56938e-11 2.58136e-11 5.92459e-12 1.11274e-12 1.54927e-13 1.14611e-14 0 
0 2.84607e-13 2.22637e-12 9.20334e-12 2.8168e-11 7.08698e-11 1.53515e-10 2.93482e-10 5.02743e-10 7.79684e-10 1.1031e-09 1.43244e-09 1.7161e-09 1.90575e-09 1.97119e-09 1.90985e-09 1.74728e-09 1.52915e-09 1.30864e-09 1.1336e-09 1.03671e-09 1.02887e-09 1.09551e-09 1.19659e-09 1.27413e-09 1.27087e-09 1.15567e-09 9.41265e-10 6.78844e-10 4.30514e-10 2.39215e-10 1.16308e-10 4.94791e-11 1.84123e-11 5.97944e-12 1.6824e-12 4.03022e-13 7.89782e-14 1.14611e-14 8.82338e-16 0 
0 0 0 0 0 0 0 0 0 0 0 0 0 0 0 0 0 0 0 0 0 0 0 0 0 0 0 0 0 0 0 0 0 0 0 0 0 0 0 0 0 
