0 0 0 0 0 0 0 0 0 0 0 0 0 0 0 0 0 0 0 0 0 0 0 0 0 0 0 0 0 0 0 0 0 0 0 0 0 0 0 0 0 
0 4.62929e-07 4.10678e-06 1.7951e-05 5.36821e-05 0.000122695 0.000228625 0.000364506 0.000516264 0.000668066 0.000805939 0.0009192 0.00100064 0.00104624 0.00105484 0.00102775 0.000968439 0.000882105 0.000775354 0.000655777 0.000531499 0.000410604 0.000300405 0.000206596 0.000132483 7.85704e-05 4.27665e-05 2.12294e-05 9.56779e-06 3.90543e-06 1.44278e-06 4.82525e-07 1.46119e-07 4.00202e-08 9.87383e-09 2.17369e-09 4.18539e-10 6.75507e-11 8.25201e-12 5.45336e-13 0 
0 4.10678e-06 3.71355e-05 0.000159104 0.000445686 0.000923054 0.00154185 0.0022223 0.00289773 0.00352227 0.00406338 0.00449641 0.00480331 0.00497332 0.00500376 0.00489995 0.00467433 0.00434479 0.00393272 0.00346093 0.00295225 0.00242897 0.00191334 0.00142848 0.000998055 0.000643255 0.000376954 0.000198399 9.30306e-05 3.87477e-05 1.43559e-05 4.75012e-06 1.40965e-06 3.76089e-07 9.00879e-08 1.92283e-08 3.58915e-09 5.6198e-10 6.66862e-11 4.28754e-12 0 
0 1.7951e-05 0.000159104 0.000628442 0.00154641 0.00279839 0.00420345 0.00565011 0.00706928 0.00839556 0.00956162 0.0105058 0.0111802 0.0115551 0.0116216 0.0113909 0.010892 0.0101679 0.0092702 0.00825442 0.0071741 0.00607627 0.0049982 0.00396719 0.00300495 0.00213583 0.00139322 0.000813786 0.000416687 0.000184779 7.09047e-05 2.37238e-05 6.99487e-06 1.83331e-06 4.28632e-07 8.90156e-08 1.61501e-08 2.45848e-09 2.83913e-10 1.77904e-11 0 
0 5.36821e-05 0.000445686 0.00154641 0.00331086 0.00544489 0.00779015 0.0102537 0.0127187 0.0150483 0.0171074 0.018779 0.0199741 0.0206388 0.0207565 0.020347 0.0194621 0.0181787 0.01659 0.0147969 0.0128992 0.0109875 0.009137 0.00740234 0.00581447 0.00438384 0.00311429 0.0020256 0.00116401 0.000572171 0.000236587 8.25446e-05 2.46863e-05 6.43922e-06 1.48155e-06 3.01015e-07 5.32942e-08 7.91226e-09 8.91609e-10 5.45786e-11 0 
0 0.000122695 0.000923054 0.00279839 0.00544489 0.00859279 0.01213 0.0158975 0.0196861 0.0232722 0.0264439 0.0290193 0.0308607 0.0318849 0.0320661 0.031435 0.0300713 0.0280935 0.025646 0.0228844 0.0199634 0.0170245 0.0141879 0.0115462 0.00916028 0.00705601 0.0052262 0.00364675 0.00231401 0.00127439 0.000584323 0.000219334 6.81761e-05 1.79872e-05 4.11481e-06 8.23494e-07 1.42974e-07 2.07806e-08 2.29226e-09 1.37454e-10 0 
0 0.000228625 0.00154185 0.00420345 0.00779015 0.01213 0.0170646 0.0223371 0.027643 0.0326667 0.0371103 0.0407188 0.0433011 0.0447404 0.0449956 0.0441075 0.0421934 0.0394213 0.0359921 0.0321234 0.0280318 0.0239162 0.0199459 0.0162528 0.0129281 0.0100205 0.00753547 0.0054373 0.00367106 0.00221721 0.00113076 0.00046575 0.000153826 4.17462e-05 9.6015e-06 1.90676e-06 3.26356e-07 4.663e-08 5.05235e-09 2.97663e-10 0 
0 0.000364506 0.0022223 0.00565011 0.0102537 0.0158975 0.0223371 0.029222 0.0361515 0.042713 0.048526 0.0533404 0.0571445 0.059619 0.0601035 0.0585046 0.0554429 0.0515816 0.0470606 0.0420039 0.0366601 0.0312856 0.0261015 0.021281 0.0169446 0.0131607 0.00994809 0.00727652 0.0050722 0.00325445 0.00181227 0.000820507 0.000291846 8.26209e-05 1.93042e-05 3.8314e-06 6.49835e-07 9.16495e-08 9.78768e-09 5.6828e-10 0 
0 0.000516264 0.00289773 0.00706928 0.0127187 0.0196861 0.027643 0.0361515 0.0447159 0.0528499 0.0605093 0.0686572 0.0753764 0.0788495 0.0794668 0.0774818 0.0725871 0.0654134 0.0584207 0.0519641 0.0453458 0.0387035 0.0322974 0.0263413 0.0209846 0.0163135 0.0123562 0.00908737 0.00643041 0.00427271 0.0025329 0.00124462 0.000477749 0.000142267 3.40376e-05 6.79252e-06 1.14692e-06 1.60272e-07 1.6926e-08 9.71304e-10 0 
0 0.000668066 0.00352227 0.00839556 0.0150483 0.0232722 0.0326667 0.042713 0.0528499 0.0631392 0.0754192 0.0841319 0.0882776 0.0901761 0.0905443 0.0895141 0.086822 0.0814379 0.0717192 0.0617241 0.0535885 0.0457286 0.0381648 0.0311329 0.0248095 0.019297 0.0146303 0.0107857 0.00768611 0.00520555 0.00321404 0.00168237 0.000691738 0.000217006 5.33951e-05 1.07592e-05 1.81524e-06 2.52156e-07 2.64117e-08 1.50207e-09 0 
0 0.000805939 0.00406338 0.00956162 0.0171074 0.0264439 0.0371103 0.048526 0.0605093 0.0754192 0.086358 0.0915359 0.0943516 0.0957466 0.0960407 0.0953054 0.0934281 0.0900144 0.0839473 0.0726001 0.0611228 0.0519537 0.0433558 0.0353721 0.0281933 0.0219358 0.0166401 0.0122823 0.00878287 0.00601 0.00380539 0.00208372 0.000906106 0.00029811 7.5464e-05 1.53857e-05 2.60022e-06 3.59981e-07 3.74922e-08 2.1183e-09 0 
0 0.0009192 0.00449641 0.0105058 0.018779 0.0290193 0.0407188 0.0533404 0.0686572 0.0841319 0.0915359 0.0955463 0.0978754 0.0990685 0.099333 0.0987207 0.0971633 0.0944279 0.0899161 0.081842 0.0684147 0.0570861 0.047574 0.0388154 0.0309417 0.024079 0.018272 0.0134959 0.00966809 0.00665288 0.00427654 0.00241336 0.00109411 0.000374253 9.71584e-05 2.00405e-05 3.39702e-06 4.69593e-07 4.87342e-08 2.74134e-09 0 
0 0.00100064 0.00480331 0.0111802 0.0199741 0.0308607 0.0433011 0.0571445 0.0753764 0.0882776 0.0943516 0.0978754 0.0999836 0.101081 0.101332 0.10078 0.0993726 0.0969363 0.0930488 0.0865812 0.0745395 0.0609986 0.0505986 0.0412791 0.0329083 0.0256125 0.0194397 0.0143638 0.0102997 0.00710886 0.00460927 0.00265006 0.00123541 0.000434602 0.000115034 2.39585e-05 4.07418e-06 5.63072e-07 5.83272e-08 3.2726e-09 0 
0 0.00104624 0.00497332 0.0115551 0.0206388 0.0318849 0.0447404 0.059619 0.0788495 0.0901761 0.0957466 0.0990685 0.101081 0.102137 0.102382 0.101857 0.100516 0.0982078 0.094575 0.088706 0.0778846 0.0634106 0.0522918 0.0426515 0.0340039 0.0264671 0.0200905 0.0148477 0.0106518 0.00736247 0.00479425 0.00278338 0.00131768 0.000471183 0.000126217 2.6458e-05 4.51107e-06 6.23798e-07 6.45887e-08 3.6207e-09 0 
0 0.00105484 0.00500376 0.0116216 0.0207565 0.0320661 0.0449956 0.0601035 0.0794668 0.0905443 0.0960407 0.099333 0.101332 0.102382 0.102627 0.102105 0.100774 0.0984853 0.0948904 0.0891094 0.0784927 0.0638739 0.0525971 0.0428982 0.0342013 0.0266215 0.0202085 0.014936 0.0107165 0.00740997 0.00483025 0.00281113 0.00133626 0.000480094 0.00012911 2.71357e-05 4.63422e-06 6.41514e-07 6.64755e-08 3.72895e-09 0 
0 0.00102775 0.00489995 0.0113909 0.020347 0.031435 0.0441075 0.0585046 0.0774818 0.0895141 0.0953054 0.0987207 0.10078 0.101857 0.102105 0.101567 0.100195 0.0978271 0.0940795 0.087952 0.0765454 0.0623479 0.0515593 0.0420601 0.0335332 0.0261013 0.0198133 0.0146432 0.0105049 0.00725961 0.00472374 0.00273782 0.0012932 0.000461731 0.0001237 2.59698e-05 4.43807e-06 6.15343e-07 6.38939e-08 3.59222e-09 0 
0 0.000968439 0.00467433 0.010892 0.0194621 0.0300713 0.0421934 0.0554429 0.0725871 0.086822 0.0934281 0.0971633 0.0993726 0.100516 0.100774 0.100195 0.0987198 0.0961515 0.092001 0.0848986 0.0719612 0.059301 0.0493229 0.0402439 0.0320848 0.0249731 0.0189557 0.0140073 0.0100443 0.00693054 0.00448824 0.00257389 0.00119637 0.000420377 0.00011146 2.33061e-05 3.98363e-06 5.53691e-07 5.76974e-08 3.25711e-09 0 
0 0.000882105 0.00434479 0.0101679 0.0181787 0.0280935 0.0394213 0.0515816 0.0654134 0.0814379 0.0900144 0.0944279 0.0969363 0.0982078 0.0984853 0.0978271 0.0961515 0.0931787 0.0881575 0.0787938 0.0655945 0.055254 0.0460893 0.0376085 0.0299829 0.023336 0.0177111 0.0130842 0.00937495 0.00645068 0.00414348 0.0023355 0.00105888 0.00036337 9.49389e-05 1.97457e-05 3.37772e-06 4.71381e-07 4.93987e-08 2.80655e-09 0 
0 0.000775354 0.00393272 0.0092702 0.01659 0.025646 0.0359921 0.0470606 0.0584207 0.0717192 0.0839473 0.0899161 0.0930488 0.094575 0.0948904 0.0940795 0.092001 0.0881575 0.0810275 0.0693211 0.0591871 0.0504263 0.0420915 0.0343466 0.0273819 0.0213104 0.0161717 0.0119426 0.00854612 0.00585442 0.00371525 0.00204527 0.000898609 0.00029998 7.71704e-05 1.59844e-05 2.74273e-06 3.85381e-07 4.07348e-08 2.33604e-09 0 
0 0.000655777 0.00346093 0.00825442 0.0147969 0.0228844 0.0321234 0.0420039 0.0519641 0.0617241 0.0726001 0.081842 0.0865812 0.088706 0.0891094 0.087952 0.0848986 0.0787938 0.0693211 0.0605729 0.05274 0.0450194 0.0375821 0.0306672 0.0244487 0.0190272 0.0144374 0.010657 0.0076119 0.00518169 0.00323732 0.00173404 0.000737457 0.000240081 6.10786e-05 1.26585e-05 2.18821e-06 3.10782e-07 3.32477e-08 1.93029e-09 0 
0 0.000531499 0.00295225 0.0071741 0.0128992 0.0199634 0.0280318 0.0366601 0.0453458 0.0535885 0.0611228 0.0684147 0.0745395 0.0778846 0.0784927 0.0765454 0.0719612 0.0655945 0.0591871 0.05274 0.0460376 0.039306 0.0328137 0.0267775 0.0213492 0.0166163 0.0126084 0.00930304 0.00663002 0.00448162 0.00275753 0.00144344 0.000599965 0.000192779 4.90118e-05 1.024e-05 1.79221e-06 2.58082e-07 2.79919e-08 1.64627e-09 0 
0 0.000410604 0.00242897 0.00607627 0.0109875 0.0170245 0.0239162 0.0312856 0.0387035 0.0457286 0.0519537 0.0570861 0.0609986 0.0634106 0.0638739 0.0623479 0.059301 0.055254 0.0504263 0.0450194 0.039306 0.0335603 0.0280191 0.022868 0.0182365 0.0142001 0.0107833 0.00796314 0.00567495 0.00382856 0.00234745 0.00122549 0.000510184 0.000165162 4.24826e-05 8.99164e-06 1.59327e-06 2.31946e-07 2.53884e-08 1.50422e-09 0 
0 0.000300405 0.00191334 0.0049982 0.009137 0.0141879 0.0199459 0.0261015 0.0322974 0.0381648 0.0433558 0.047574 0.0505986 0.0522918 0.0525971 0.0515593 0.0493229 0.0460893 0.0420915 0.0375821 0.0328137 0.0280191 0.0233966 0.0191019 0.015248 0.0119081 0.00911062 0.00681877 0.00493881 0.00338354 0.00211301 0.00113282 0.000485979 0.000161141 4.20374e-05 8.95226e-06 1.58818e-06 2.30823e-07 2.51815e-08 1.48542e-09 0 
0 0.000206596 0.00142848 0.00396719 0.00740234 0.0115462 0.0162528 0.021281 0.0263413 0.0311329 0.0353721 0.0388154 0.0412791 0.0426515 0.0428982 0.0420601 0.0402439 0.0376085 0.0343466 0.0306672 0.0267775 0.022868 0.0191019 0.0156154 0.0125374 0.0100164 0.00814245 0.00672862 0.00533767 0.00378134 0.00232509 0.00123388 0.00053749 0.000180854 4.71296e-05 9.91267e-06 1.72901e-06 2.46848e-07 2.64685e-08 1.53617e-09 0 
0 0.000132483 0.000998055 0.00300495 0.00581447 0.00916028 0.0129281 0.0169446 0.0209846 0.0248095 0.0281933 0.0309417 0.0329083 0.0340039 0.0342013 0.0335332 0.0320848 0.0299829 0.0273819 0.0244487 0.0213492 0.0182365 0.015248 0.0125374 0.0104052 0.00943973 0.010071 0.0113149 0.010878 0.00793719 0.00432049 0.00187804 0.000710208 0.000224815 5.62665e-05 1.13958e-05 1.92217e-06 2.66541e-07 2.78574e-08 1.58059e-09 0 
0 7.85704e-05 0.000643255 0.00213583 0.00438384 0.00705601 0.0100205 0.0131607 0.0163135 0.019297 0.0219358 0.024079 0.0256125 0.0264671 0.0266215 0.0261013 0.0249731 0.023336 0.0213104 0.0190272 0.0166163 0.0142001 0.0119081 0.0100164 0.00943973 0.0122726 0.0201107 0.0347868 0.0420893 0.0235276 0.0116949 0.00419857 0.00119652 0.000306224 6.79275e-05 1.27418e-05 2.04504e-06 2.73947e-07 2.78622e-08 1.54493e-09 0 
0 4.27665e-05 0.000376954 0.00139322 0.00311429 0.0052262 0.00753547 0.00994809 0.0123562 0.0146303 0.0166401 0.018272 0.0194397 0.0200905 0.0202085 0.0198133 0.0189557 0.0177111 0.0161717 0.0144374 0.0126084 0.0107833 0.00911062 0.00814245 0.010071 0.0201107 0.0498946 0.0773581 0.0793802 0.0695369 0.027602 0.00915654 0.00220569 0.000440906 8.03291e-05 1.32853e-05 1.99035e-06 2.57e-07 2.55162e-08 1.38823e-09 0 
0 2.12294e-05 0.000198399 0.000813786 0.0020256 0.00364675 0.0054373 0.00727652 0.00908737 0.0107857 0.0122823 0.0134959 0.0143638 0.0148477 0.014936 0.0146432 0.0140073 0.0130842 0.0119426 0.010657 0.00930304 0.00796314 0.00681877 0.00672862 0.0113149 0.0347868 0.0773581 0.0851212 0.0860184 0.0819013 0.0601956 0.0147649 0.00334555 0.000577159 8.7342e-05 1.24494e-05 1.71794e-06 2.14099e-07 2.08856e-08 1.12255e-09 0 
0 9.56779e-06 9.30306e-05 0.000416687 0.00116401 0.00231401 0.00367106 0.0050722 0.00643041 0.00768611 0.00878287 0.00966809 0.0102997 0.0106518 0.0107165 0.0105049 0.0100443 0.00937495 0.00854612 0.0076119 0.00663002 0.00567495 0.00493881 0.00533767 0.010878 0.0420893 0.0793802 0.0860184 0.0869285 0.0836602 0.0694302 0.0167609 0.00361901 0.000586796 7.90427e-05 9.98039e-06 1.28085e-06 1.55497e-07 1.50479e-08 8.05946e-10 0 
0 3.90543e-06 3.87477e-05 0.000184779 0.000572171 0.00127439 0.00221721 0.00325445 0.00427271 0.00520555 0.00601 0.00665288 0.00710886 0.00736247 0.00740997 0.00725961 0.00693054 0.00645068 0.00585442 0.00518169 0.00448162 0.00382856 0.00338354 0.00378134 0.00793719 0.0235276 0.0695369 0.0819013 0.0836602 0.0782728 0.0441493 0.0120402 0.00267471 0.000427243 5.47704e-05 6.50268e-06 8.06107e-07 9.72866e-08 9.45769e-09 5.09642e-10 0 
0 1.44278e-06 1.43559e-05 7.09047e-05 0.000236587 0.000584323 0.00113076 0.00181227 0.0025329 0.00321404 0.00380539 0.00427654 0.00460927 0.00479425 0.00483025 0.00472374 0.00448824 0.00414348 0.00371525 0.00323732 0.00275753 0.00234745 0.00211301 0.00232509 0.00432049 0.0116949 0.027602 0.0601956 0.0694302 0.0441493 0.01809 0.0059685 0.00134028 0.000217173 2.79214e-05 3.34273e-06 4.22888e-07 5.21435e-08 5.16312e-09 2.82644e-10 0 
0 4.82525e-07 4.75012e-06 2.37238e-05 8.25446e-05 0.000219334 0.00046575 0.000820507 0.00124462 0.00168237 0.00208372 0.00241336 0.00265006 0.00278338 0.00281113 0.00273782 0.00257389 0.0023355 0.00204527 0.00173404 0.00144344 0.00122549 0.00113282 0.00123388 0.00187804 0.00419857 0.00915654 0.0147649 0.0167609 0.0120402 0.0059685 0.00199259 0.000460133 7.74552e-05 1.05043e-05 1.36288e-06 1.85616e-07 2.3965e-08 2.44658e-09 1.37249e-10 0 
0 1.46119e-07 1.40965e-06 6.99487e-06 2.46863e-05 6.81761e-05 0.000153826 0.000291846 0.000477749 0.000691738 0.000906106 0.00109411 0.00123541 0.00131768 0.00133626 0.0012932 0.00119637 0.00105888 0.000898609 0.000737457 0.000599965 0.000510184 0.000485979 0.00053749 0.000710208 0.00119652 0.00220569 0.00334555 0.00361901 0.00267471 0.00134028 0.000460133 0.00011122 2.0054e-05 3.05322e-06 4.57508e-07 6.92866e-08 9.49314e-09 1.00767e-09 5.83376e-11 0 
0 4.00202e-08 3.76089e-07 1.83331e-06 6.43922e-06 1.79872e-05 4.17462e-05 8.26209e-05 0.000142267 0.000217006 0.00029811 0.000374253 0.000434602 0.000471183 0.000480094 0.000461731 0.000420377 0.00036337 0.00029998 0.000240081 0.000192779 0.000165162 0.000161141 0.000180854 0.000224815 0.000306224 0.000440906 0.000577159 0.000586796 0.000427243 0.000217173 7.74552e-05 2.0054e-05 4.0888e-06 7.45579e-07 1.32701e-07 2.23698e-08 3.25813e-09 3.61269e-10 2.16963e-11 0 
0 9.87383e-09 9.00879e-08 4.28632e-07 1.48155e-06 4.11481e-06 9.6015e-06 1.93042e-05 3.40376e-05 5.33951e-05 7.5464e-05 9.71584e-05 0.000115034 0.000126217 0.00012911 0.0001237 0.00011146 9.49389e-05 7.71704e-05 6.10786e-05 4.90118e-05 4.24826e-05 4.20374e-05 4.71296e-05 5.62665e-05 6.79275e-05 8.03291e-05 8.7342e-05 7.90427e-05 5.47704e-05 2.79214e-05 1.05043e-05 3.05322e-06 7.45579e-07 1.65784e-07 3.41994e-08 6.29286e-09 9.70568e-10 1.12668e-10 7.04324e-12 0 
0 2.17369e-09 1.92283e-08 8.90156e-08 3.01015e-07 8.23494e-07 1.90676e-06 3.8314e-06 6.79252e-06 1.07592e-05 1.53857e-05 2.00405e-05 2.39585e-05 2.6458e-05 2.71357e-05 2.59698e-05 2.33061e-05 1.97457e-05 1.59844e-05 1.26585e-05 1.024e-05 8.99164e-06 8.95226e-06 9.91267e-06 1.13958e-05 1.27418e-05 1.32853e-05 1.24494e-05 9.98039e-06 6.50268e-06 3.34273e-06 1.36288e-06 4.57508e-07 1.32701e-07 3.41994e-08 7.7999e-09 1.53588e-09 2.4985e-10 3.03884e-11 1.98125e-12 0 
0 4.18539e-10 3.58915e-09 1.61501e-08 5.32942e-08 1.42974e-07 3.26356e-07 6.49835e-07 1.14692e-06 1.81524e-06 2.60022e-06 3.39702e-06 4.07418e-06 4.51107e-06 4.63422e-06 4.43807e-06 3.98363e-06 3.37772e-06 2.74273e-06 2.18821e-06 1.79221e-06 1.59327e-06 1.58818e-06 1.72901e-06 1.92217e-06 2.04504e-06 1.99035e-06 1.71794e-06 1.28085e-06 8.06107e-07 4.22888e-07 1.85616e-07 6.92866e-08 2.23698e-08 6.29286e-09 1.53588e-09 3.19951e-10 5.47413e-11 6.97427e-12 4.74548e-13 0 
0 6.75507e-11 5.6198e-10 2.45848e-09 7.91226e-09 2.07806e-08 4.663e-08 9.16495e-08 1.60272e-07 2.52156e-07 3.59981e-07 4.69593e-07 5.63072e-07 6.23798e-07 6.41514e-07 6.15343e-07 5.53691e-07 4.71381e-07 3.85381e-07 3.10782e-07 2.58082e-07 2.31946e-07 2.30823e-07 2.46848e-07 2.66541e-07 2.73947e-07 2.57e-07 2.14099e-07 1.55497e-07 9.72866e-08 5.21435e-08 2.3965e-08 9.49314e-09 3.25813e-09 9.70568e-10 2.4985e-10 5.47413e-11 9.82615e-12 1.30991e-12 9.29899e-14 0 
0 8.25201e-12 6.66862e-11 2.83913e-10 8.91609e-10 2.29226e-09 5.05235e-09 9.78768e-09 1.6926e-08 2.64117e-08 3.74922e-08 4.87342e-08 5.83272e-08 6.45887e-08 6.64755e-08 6.38939e-08 5.76974e-08 4.93987e-08 4.07348e-08 3.32477e-08 2.79919e-08 2.53884e-08 2.51815e-08 2.64685e-08 2.78574e-08 2.78622e-08 2.55162e-08 2.08856e-08 1.50479e-08 9.45769e-09 5.16312e-09 2.44658e-09 1.00767e-09 3.61269e-10 1.12668e-10 3.03884e-11 6.97427e-12 1.30991e-12 1.82393e-13 1.34945e-14 0 
0 5.45336e-13 4.28754e-12 1.77904e-11 5.45786e-11 1.37454e-10 2.97663e-10 5.6828e-10 9.71304e-10 1.50207e-09 2.1183e-09 2.74134e-09 3.2726e-09 3.6207e-09 3.72895e-09 3.59222e-09 3.25711e-09 2.80655e-09 2.33604e-09 1.93029e-09 1.64627e-09 1.50422e-09 1.48542e-09 1.53617e-09 1.58059e-09 1.54493e-09 1.38823e-09 1.12255e-09 8.05946e-10 5.09642e-10 2.82644e-10 1.37249e-10 5.83376e-11 2.16963e-11 7.04324e-12 1.98125e-12 4.74548e-13 9.29899e-14 1.34945e-14 1.03894e-15 0 
0 0 0 0 0 0 0 0 0 0 0 0 0 0 0 0 0 0 0 0 0 0 0 0 0 0 0 0 0 0 0 0 0 0 0 0 0 0 0 0 0 
