0 0 0 0 0 0 0 0 0 0 0 0 0 0 0 0 0 0 0 0 0 0 0 0 0 0 0 0 0 0 0 0 0 0 0 0 0 0 0 0 0 
0 3.13087e-07 2.80492e-06 1.24957e-05 3.84143e-05 9.07292e-05 0.000174824 0.000287384 0.000417635 0.000551567 0.00067571 0.000779182 0.000854344 0.000896773 0.000904993 0.000880121 0.000825494 0.000746286 0.00064908 0.000541411 0.000431205 0.000326093 0.000232606 0.000155349 9.63918e-05 5.51541e-05 2.89134e-05 1.38187e-05 6.00314e-06 2.36773e-06 8.47999e-07 2.75974e-07 8.16314e-08 2.19178e-08 5.31856e-09 1.15493e-09 2.199e-10 3.51693e-11 4.26474e-12 2.80163e-13 0 
0 2.80492e-06 2.57684e-05 0.000113951 0.00033388 0.000726419 0.00126827 0.00189219 0.00252888 0.00312582 0.00364604 0.00406322 0.00435915 0.0045234 0.00455342 0.00445427 0.00423778 0.00392102 0.00352455 0.00307084 0.00258317 0.00208535 0.00160202 0.00115844 0.000778363 0.000479371 0.000267242 0.000133604 5.96097e-05 2.37296e-05 8.45409e-06 2.70741e-06 7.82357e-07 2.04319e-07 4.8117e-08 1.01328e-08 1.87145e-09 2.90599e-10 3.42589e-11 2.19136e-12 0 
0 1.24957e-05 0.000113951 0.000474081 0.00124256 0.00237507 0.00370361 0.00509135 0.00645314 0.00772204 0.00883489 0.00973479 0.0103772 0.0107347 0.0107989 0.0105804 0.0101066 0.00941777 0.00856243 0.00759227 0.00655715 0.00550105 0.00446013 0.00346438 0.00254309 0.00173133 0.00106897 0.000585768 0.000280546 0.000116817 4.2467e-05 1.36069e-05 3.88096e-06 9.92136e-07 2.27689e-07 4.66331e-08 8.37319e-09 1.26473e-09 1.452e-10 9.05785e-12 0 
0 3.84143e-05 0.00033388 0.00124256 0.00283895 0.00486396 0.00710758 0.0094557 0.0117978 0.0140083 0.0159615 0.0175471 0.0186813 0.0193127 0.0194256 0.0190386 0.0182006 0.0169842 0.0154776 0.0137761 0.0119733 0.0101539 0.00838725 0.00672268 0.00518935 0.00380382 0.00258764 0.00158366 0.000843956 0.000382749 0.000146964 4.82883e-05 1.38122e-05 3.49098e-06 7.85765e-07 1.57219e-07 2.75369e-08 4.05707e-09 4.54676e-10 2.77212e-11 0 
0 9.07292e-05 0.000726419 0.00237507 0.00486396 0.00786463 0.0112243 0.0147946 0.0183828 0.0217797 0.024785 0.0272262 0.0289727 0.0299451 0.0301187 0.0295222 0.0282311 0.0263576 0.0240383 0.0214209 0.0186513 0.0158635 0.0131701 0.0106568 0.00837745 0.0063533 0.00458033 0.00305559 0.00181259 0.000915803 0.000383291 0.000132802 3.88544e-05 9.83284e-06 2.1884e-06 4.30149e-07 7.37991e-08 1.06413e-08 1.16748e-09 6.97439e-11 0 
0 0.000174824 0.00126827 0.00370361 0.00710758 0.0112243 0.0158949 0.0208843 0.025907 0.0306648 0.0348752 0.0382957 0.0407432 0.0421061 0.0423494 0.041513 0.0397034 0.0370781 0.0338286 0.0301621 0.0262839 0.0223825 0.0186177 0.0151136 0.0119542 0.00918126 0.00679454 0.00476172 0.00305584 0.00170795 0.00079026 0.000295332 9.01503e-05 2.31596e-05 5.14252e-06 9.99089e-07 1.68669e-07 2.38904e-08 2.57394e-09 1.51076e-10 0 
0 0.000287384 0.00189219 0.00509135 0.0094557 0.0147946 0.0208843 0.0273985 0.0339588 0.040174 0.0456755 0.0501537 0.0533848 0.0552141 0.055545 0.0544144 0.0520071 0.0485579 0.0443085 0.0395185 0.0344531 0.0293584 0.0244441 0.0198735 0.0157597 0.0121647 0.00910062 0.00653213 0.00439411 0.00264897 0.00134566 0.000547772 0.000177098 4.67667e-05 1.04509e-05 2.01902e-06 3.36937e-07 4.70534e-08 4.9943e-09 2.88829e-10 0 
0 0.000417635 0.00252888 0.00645314 0.0117978 0.0183828 0.025907 0.0339588 0.0420686 0.0497548 0.0565996 0.0623843 0.0669558 0.0697543 0.0702812 0.0685284 0.0649535 0.0602749 0.0548892 0.0489461 0.042683 0.0363858 0.0303126 0.024666 0.0195869 0.0151551 0.0113932 0.00826992 0.00570663 0.0036142 0.00197716 0.000873137 0.000301021 8.24429e-05 1.8675e-05 3.60683e-06 5.97484e-07 8.25564e-08 8.65934e-09 4.94794e-10 0 
0 0.000551567 0.00312582 0.00772204 0.0140083 0.0217797 0.0306648 0.040174 0.0497548 0.0588934 0.067453 0.0754227 0.0812343 0.0841709 0.0846957 0.0829981 0.0788606 0.0724402 0.0651913 0.0579155 0.0504845 0.0430457 0.035874 0.029207 0.0232119 0.0179842 0.0135541 0.00989335 0.00691946 0.00451544 0.00260432 0.00123154 0.000451916 0.000128859 2.97264e-05 5.76311e-06 9.50984e-07 1.30419e-07 1.35571e-08 7.67403e-10 0 
0 0.00067571 0.00364604 0.00883489 0.0159615 0.024785 0.0348752 0.0456755 0.0565996 0.067453 0.0783836 0.086466 0.0908289 0.0928951 0.0932864 0.0921326 0.0892096 0.0837983 0.0753405 0.0661116 0.0574188 0.0489436 0.0407982 0.0332276 0.0264209 0.0204874 0.0154632 0.0113208 0.00797572 0.00529733 0.0031652 0.0015772 0.000610932 0.000181116 4.26211e-05 8.31503e-06 1.37039e-06 1.87024e-07 1.93164e-08 1.08581e-09 0 
0 0.000779182 0.00406322 0.00973479 0.0175471 0.0272262 0.0382957 0.0501537 0.0623843 0.0754227 0.086466 0.0926581 0.0960639 0.097745 0.0980814 0.0971602 0.0948519 0.0907205 0.0837162 0.0734493 0.0631844 0.0537476 0.0448018 0.0364965 0.0290299 0.0225223 0.0170141 0.0124777 0.00882663 0.00592304 0.00361969 0.0018717 0.000756403 0.000231847 5.55835e-05 1.0921e-05 1.80075e-06 2.45078e-07 2.52056e-08 1.41009e-09 0 
0 0.000854344 0.00435915 0.0103772 0.0186813 0.0289727 0.0407432 0.0533848 0.0669558 0.0812343 0.0908289 0.0960639 0.099056 0.100565 0.100878 0.100063 0.0980277 0.0944568 0.088577 0.0790211 0.0675616 0.0572139 0.0476711 0.0388388 0.0308996 0.0239806 0.0181255 0.0133061 0.009434 0.00636753 0.00394422 0.00208887 0.000869503 0.000273251 6.64946e-05 1.31489e-05 2.17109e-06 2.95138e-07 3.02837e-08 1.68946e-09 0 
0 0.000896773 0.0045234 0.0107347 0.0193127 0.0299451 0.0421061 0.0552141 0.0697543 0.0841709 0.0928951 0.097745 0.100565 0.102002 0.102305 0.101536 0.099617 0.0962787 0.0908718 0.0820009 0.0701668 0.059175 0.0492752 0.0401481 0.0319452 0.0247966 0.0187477 0.0137702 0.0097743 0.00661653 0.00412718 0.00221431 0.000937479 0.000299111 7.34949e-05 1.46014e-05 2.41488e-06 3.28305e-07 3.3665e-08 1.87633e-09 0 
0 0.000904993 0.00455342 0.0107989 0.0194256 0.0301187 0.0423494 0.055545 0.0702812 0.0846957 0.0932864 0.0980814 0.100878 0.102305 0.102606 0.101845 0.0999427 0.0966388 0.0913018 0.0825467 0.0706634 0.0595397 0.049572 0.0403913 0.0321405 0.0249501 0.0188658 0.0138594 0.00984106 0.00666712 0.0041666 0.00224357 0.000954673 0.000306122 7.55002e-05 1.50365e-05 2.49077e-06 3.39006e-07 3.47947e-08 1.94097e-09 0 
0 0.000880121 0.00445427 0.0105804 0.0190386 0.0295222 0.041513 0.0544144 0.0685284 0.0829981 0.0921326 0.0971602 0.100063 0.101536 0.101845 0.101055 0.0990823 0.0956381 0.0900203 0.0808112 0.0690631 0.0583514 0.0486075 0.0396068 0.0315163 0.0244652 0.0184984 0.0135879 0.00964509 0.00652776 0.00406895 0.00218044 0.000922298 0.000294379 7.24637e-05 1.4436e-05 2.39513e-06 3.2673e-07 3.36226e-08 1.88087e-09 0 
0 0.000825494 0.00423778 0.0101066 0.0182006 0.0282311 0.0397034 0.0520071 0.0649535 0.0788606 0.0892096 0.0948519 0.0980277 0.099617 0.0999427 0.0990823 0.0969289 0.0931207 0.0867683 0.0767471 0.065728 0.0557944 0.0465069 0.0378955 0.0301534 0.0234053 0.017694 0.012992 0.00921282 0.00621745 0.00384841 0.00203606 0.000847692 0.000267129 6.53347e-05 1.30022e-05 2.16193e-06 2.96057e-07 3.06099e-08 1.72118e-09 0 
0 0.000746286 0.00392102 0.00941777 0.0169842 0.0263576 0.0370781 0.0485579 0.0602749 0.0724402 0.0837983 0.0907205 0.0944568 0.0962787 0.0966388 0.0956381 0.0931207 0.0885653 0.0808829 0.0708002 0.0611853 0.0521159 0.0434552 0.0354083 0.0281725 0.0218648 0.0165248 0.0121257 0.00858343 0.00576421 0.00352652 0.00182845 0.000743352 0.000229997 5.57706e-05 1.10907e-05 1.85137e-06 2.55146e-07 2.6581e-08 1.50695e-09 0 
0 0.00064908 0.00352455 0.00856243 0.0154776 0.0240383 0.0338286 0.0443085 0.0548892 0.0651913 0.0753405 0.0837162 0.088577 0.0908718 0.0913018 0.0900203 0.0867683 0.0808829 0.0726204 0.0640972 0.0557885 0.0475796 0.0396761 0.0323284 0.0257206 0.0199591 0.0150794 0.0110553 0.00780544 0.00520391 0.00313277 0.00158281 0.000625728 0.000189895 4.5723e-05 9.11328e-06 1.53288e-06 2.13436e-07 2.24934e-08 1.2906e-09 0 
0 0.000541411 0.00307084 0.00759227 0.0137761 0.0214209 0.0301621 0.0395185 0.0489461 0.0579155 0.0661116 0.0734493 0.0790211 0.0820009 0.0825467 0.0808112 0.0767471 0.0708002 0.0640972 0.057068 0.0497781 0.042465 0.0354122 0.0288548 0.0229571 0.0178136 0.0134547 0.00985421 0.0069342 0.0045811 0.00270706 0.00133191 0.000513659 0.000153848 3.70397e-05 7.4475e-06 1.2695e-06 1.79474e-07 1.92127e-08 1.11937e-09 0 
0 0.000431205 0.00258317 0.00655715 0.0119733 0.0186513 0.0262839 0.0344531 0.042683 0.0504845 0.0574188 0.0631844 0.0675616 0.0701668 0.0706634 0.0690631 0.065728 0.0611853 0.0557885 0.0497781 0.0434351 0.0370563 0.0309043 0.0251847 0.0200406 0.0155536 0.0117486 0.00859903 0.0060327 0.00395398 0.00230413 0.00111589 0.000426406 0.000128025 3.11961e-05 6.37999e-06 1.10769e-06 1.59414e-07 1.73471e-08 1.0255e-09 0 
0 0.000326093 0.00208535 0.00550105 0.0101539 0.0158635 0.0223825 0.0293584 0.0363858 0.0430457 0.0489436 0.0537476 0.0572139 0.059175 0.0595397 0.0583514 0.0557944 0.0521159 0.0475796 0.042465 0.0370563 0.0316175 0.0263734 0.0214996 0.0171179 0.0132979 0.0100594 0.00737635 0.00518473 0.0034065 0.00199623 0.000978564 0.000381212 0.000117117 2.91817e-05 6.08313e-06 1.07245e-06 1.56175e-07 1.7144e-08 1.01973e-09 0 
0 0.000232606 0.00160202 0.00446013 0.00838725 0.0131701 0.0186177 0.0244441 0.0303126 0.035874 0.0407982 0.0448018 0.0476711 0.0492752 0.049572 0.0486075 0.0465069 0.0434552 0.0396761 0.0354122 0.0309043 0.0263734 0.0220078 0.017955 0.0143205 0.0111719 0.00853312 0.00636573 0.00457799 0.0030883 0.00187192 0.000958468 0.000390237 0.000123888 3.14347e-05 6.59879e-06 1.16352e-06 1.68799e-07 1.84189e-08 1.0876e-09 0 
0 0.000155349 0.00115844 0.00346438 0.00672268 0.0106568 0.0151136 0.0198735 0.024666 0.029207 0.0332276 0.0364965 0.0388388 0.0401481 0.0403913 0.0396068 0.0378955 0.0354083 0.0323284 0.0288548 0.0251847 0.0214996 0.017955 0.0146796 0.0117947 0.00943801 0.0076895 0.00636583 0.00504947 0.00356244 0.00216096 0.00111184 0.000462787 0.000149092 3.77026e-05 7.7973e-06 1.34857e-06 1.91744e-07 2.05171e-08 1.18933e-09 0 
0 9.63918e-05 0.000778363 0.00254309 0.00518935 0.00837745 0.0119542 0.0157597 0.0195869 0.0232119 0.0264209 0.0290299 0.0308996 0.0319452 0.0321405 0.0315163 0.0301534 0.0281725 0.0257206 0.0229571 0.0200406 0.0171179 0.0143205 0.0117947 0.00982284 0.00895471 0.00959122 0.0107959 0.0103845 0.00757459 0.00411392 0.00176887 0.000647029 0.000195394 4.71048e-05 9.33575e-06 1.55773e-06 2.14835e-07 2.23837e-08 1.26731e-09 0 
0 5.51541e-05 0.000479371 0.00173133 0.00380382 0.0063533 0.00918126 0.0121647 0.0151551 0.0179842 0.0204874 0.0225223 0.0239806 0.0247966 0.0249501 0.0244652 0.0234053 0.0218648 0.0199591 0.0178136 0.0155536 0.0132979 0.0111719 0.00943801 0.00895471 0.011703 0.0192127 0.0294572 0.0348081 0.0220908 0.0111756 0.00400612 0.00112815 0.000277672 5.8827e-05 1.07105e-05 1.69447e-06 2.25523e-07 2.28591e-08 1.2646e-09 0 
0 2.89134e-05 0.000267242 0.00106897 0.00258764 0.00458033 0.00679454 0.00910062 0.0113932 0.0135541 0.0154632 0.0170141 0.0181255 0.0187477 0.0188658 0.0184984 0.017694 0.0165248 0.0150794 0.0134547 0.0117486 0.0100594 0.00853312 0.0076895 0.00959122 0.0192127 0.042501 0.0760732 0.0800518 0.0619876 0.0260125 0.00875091 0.00210207 0.00041114 7.15609e-05 1.13843e-05 1.67195e-06 2.1417e-07 2.11887e-08 1.15026e-09 0 
0 1.38187e-05 0.000133604 0.000585768 0.00158366 0.00305559 0.00476172 0.00653213 0.00826992 0.00989335 0.0113208 0.0124777 0.0133061 0.0137702 0.0138594 0.0135879 0.012992 0.0121257 0.0110553 0.00985421 0.00859903 0.00737635 0.00636573 0.00636583 0.0107959 0.0294572 0.0760732 0.0872304 0.0886515 0.0831454 0.0523566 0.0140972 0.00319518 0.000544974 7.94037e-05 1.08346e-05 1.45677e-06 1.79736e-07 1.74685e-08 9.37004e-10 0 
0 6.00314e-06 5.96097e-05 0.000280546 0.000843956 0.00181259 0.00305584 0.00439411 0.00570663 0.00691946 0.00797572 0.00882663 0.009434 0.0097743 0.00984106 0.00964509 0.00921282 0.00858343 0.00780544 0.0069342 0.0060327 0.00518473 0.00457799 0.00504947 0.0103845 0.0348081 0.0800518 0.0886515 0.0898071 0.0854024 0.0622561 0.0155623 0.00345769 0.000556232 7.26232e-05 8.77802e-06 1.09304e-06 1.31133e-07 1.26415e-08 6.75836e-10 0 
0 2.36773e-06 2.37296e-05 0.000116817 0.000382749 0.000915803 0.00170795 0.00264897 0.0036142 0.00451544 0.00529733 0.00592304 0.00636753 0.00661653 0.00666712 0.00652776 0.00621745 0.00576421 0.00520391 0.0045811 0.00395398 0.0034065 0.0030883 0.00356244 0.00757459 0.0220908 0.0619876 0.0831454 0.0854024 0.0786775 0.0378896 0.0115097 0.00255508 0.000404822 5.04391e-05 5.74316e-06 6.90049e-07 8.22561e-08 7.96694e-09 4.28634e-10 0 
0 8.47999e-07 8.45409e-06 4.2467e-05 0.000146964 0.000383291 0.00079026 0.00134566 0.00197716 0.00260432 0.0031652 0.00361969 0.00394422 0.00412718 0.0041666 0.00406895 0.00384841 0.00352652 0.00313277 0.00270706 0.00230413 0.00199623 0.00187192 0.00216096 0.00411392 0.0111756 0.0260125 0.0523566 0.0622561 0.0378896 0.0172936 0.00570493 0.00127896 0.00020493 2.55985e-05 2.94512e-06 3.61936e-07 4.41378e-08 4.35662e-09 2.3818e-10 0 
0 2.75974e-07 2.70741e-06 1.36069e-05 4.82883e-05 0.000132802 0.000295332 0.000547772 0.000873137 0.00123154 0.0015772 0.0018717 0.00208887 0.00221431 0.00224357 0.00218044 0.00203606 0.00182845 0.00158281 0.00133191 0.00111589 0.000978564 0.000958468 0.00111184 0.00176887 0.00400612 0.00875091 0.0140972 0.0155623 0.0115097 0.00570493 0.00190313 0.000437285 7.24214e-05 9.52456e-06 1.19113e-06 1.58448e-07 2.02897e-08 2.06654e-09 1.15808e-10 0 
0 8.16314e-08 7.82357e-07 3.88096e-06 1.38122e-05 3.88544e-05 9.01503e-05 0.000177098 0.000301021 0.000451916 0.000610932 0.000756403 0.000869503 0.000937479 0.000954673 0.000922298 0.000847692 0.000743352 0.000625728 0.000513659 0.000426406 0.000381212 0.000390237 0.000462787 0.000647029 0.00112815 0.00210207 0.00319518 0.00345769 0.00255508 0.00127896 0.000437285 0.000104536 1.8447e-05 2.72039e-06 3.95417e-07 5.89445e-08 8.03581e-09 8.51682e-10 4.92674e-11 0 
0 2.19178e-08 2.04319e-07 9.92136e-07 3.49098e-06 9.83284e-06 2.31596e-05 4.67667e-05 8.24429e-05 0.000128859 0.000181116 0.000231847 0.000273251 0.000299111 0.000306122 0.000294379 0.000267129 0.000229997 0.000189895 0.000153848 0.000128025 0.000117117 0.000123888 0.000149092 0.000195394 0.000277672 0.00041114 0.000544974 0.000556232 0.000404822 0.00020493 7.24214e-05 1.8447e-05 3.66929e-06 6.50546e-07 1.13521e-07 1.89796e-08 2.75741e-09 3.05465e-10 1.83338e-11 0 
0 5.31856e-09 4.8117e-08 2.27689e-07 7.85765e-07 2.1884e-06 5.14252e-06 1.04509e-05 1.8675e-05 2.97264e-05 4.26211e-05 5.55835e-05 6.64946e-05 7.34949e-05 7.55002e-05 7.24637e-05 6.53347e-05 5.57706e-05 4.5723e-05 3.70397e-05 3.11961e-05 2.91817e-05 3.14347e-05 3.77026e-05 4.71048e-05 5.8827e-05 7.15609e-05 7.94037e-05 7.26232e-05 5.04391e-05 2.55985e-05 9.52456e-06 2.72039e-06 6.50546e-07 1.42191e-07 2.90685e-08 5.33112e-09 8.21316e-10 9.52874e-11 5.95399e-12 0 
0 1.15493e-09 1.01328e-08 4.66331e-08 1.57219e-07 4.30149e-07 9.99089e-07 2.01902e-06 3.60683e-06 5.76311e-06 8.31503e-06 1.0921e-05 1.31489e-05 1.46014e-05 1.50365e-05 1.4436e-05 1.30022e-05 1.10907e-05 9.11328e-06 7.4475e-06 6.37999e-06 6.08313e-06 6.59879e-06 7.7973e-06 9.33575e-06 1.07105e-05 1.13843e-05 1.08346e-05 8.77802e-06 5.74316e-06 2.94512e-06 1.19113e-06 3.95417e-07 1.13521e-07 2.90685e-08 6.61054e-09 1.30026e-09 2.11414e-10 2.5704e-11 1.67525e-12 0 
0 2.199e-10 1.87145e-09 8.37319e-09 2.75369e-08 7.37991e-08 1.68669e-07 3.36937e-07 5.97484e-07 9.50984e-07 1.37039e-06 1.80075e-06 2.17109e-06 2.41488e-06 2.49077e-06 2.39513e-06 2.16193e-06 1.85137e-06 1.53288e-06 1.2695e-06 1.10769e-06 1.07245e-06 1.16352e-06 1.34857e-06 1.55773e-06 1.69447e-06 1.67195e-06 1.45677e-06 1.09304e-06 6.90049e-07 3.61936e-07 1.58448e-07 5.89445e-08 1.89796e-08 5.33112e-09 1.30026e-09 2.70777e-10 4.63165e-11 5.89945e-12 4.0131e-13 0 
0 3.51693e-11 2.90599e-10 1.26473e-09 4.05707e-09 1.06413e-08 2.38904e-08 4.70534e-08 8.25564e-08 1.30419e-07 1.87024e-07 2.45078e-07 2.95138e-07 3.28305e-07 3.39006e-07 3.2673e-07 2.96057e-07 2.55146e-07 2.13436e-07 1.79474e-07 1.59414e-07 1.56175e-07 1.68799e-07 1.91744e-07 2.14835e-07 2.25523e-07 2.1417e-07 1.79736e-07 1.31133e-07 8.22561e-08 4.41378e-08 2.02897e-08 8.03581e-09 2.75741e-09 8.21316e-10 2.11414e-10 4.63165e-11 8.31291e-12 1.10801e-12 7.86427e-14 0 
0 4.26474e-12 3.42589e-11 1.452e-10 4.54676e-10 1.16748e-09 2.57394e-09 4.9943e-09 8.65934e-09 1.35571e-08 1.93164e-08 2.52056e-08 3.02837e-08 3.3665e-08 3.47947e-08 3.36226e-08 3.06099e-08 2.6581e-08 2.24934e-08 1.92127e-08 1.73471e-08 1.7144e-08 1.84189e-08 2.05171e-08 2.23837e-08 2.28591e-08 2.11887e-08 1.74685e-08 1.26415e-08 7.96694e-09 4.35662e-09 2.06654e-09 8.51682e-10 3.05465e-10 9.52874e-11 2.5704e-11 5.89945e-12 1.10801e-12 1.54269e-13 1.14124e-14 0 
0 2.80163e-13 2.19136e-12 9.05785e-12 2.77212e-11 6.97439e-11 1.51076e-10 2.88829e-10 4.94794e-10 7.67403e-10 1.08581e-09 1.41009e-09 1.68946e-09 1.87633e-09 1.94097e-09 1.88087e-09 1.72118e-09 1.50695e-09 1.2906e-09 1.11937e-09 1.0255e-09 1.01973e-09 1.0876e-09 1.18933e-09 1.26731e-09 1.2646e-09 1.15026e-09 9.37004e-10 6.75836e-10 4.28634e-10 2.3818e-10 1.15808e-10 4.92674e-11 1.83338e-11 5.95399e-12 1.67525e-12 4.0131e-13 7.86427e-14 1.14124e-14 8.78589e-16 0 
0 0 0 0 0 0 0 0 0 0 0 0 0 0 0 0 0 0 0 0 0 0 0 0 0 0 0 0 0 0 0 0 0 0 0 0 0 0 0 0 0 
