0 0 0 0 0 0 0 0 0 0 0 0 0 0 0 0 0 0 0 0 0 0 0 0 0 0 0 0 0 0 0 0 0 0 0 0 0 0 0 0 0 
0 9.58447e-20 9.21413e-19 4.72879e-18 1.81274e-17 5.75242e-17 1.57912e-16 3.83425e-16 8.33726e-16 1.63561e-15 2.90892e-15 4.70585e-15 6.94271e-15 9.36223e-15 1.15643e-14 1.31129e-14 1.36812e-14 1.31669e-14 1.17207e-14 9.67806e-15 7.43555e-15 5.3322e-15 3.58072e-15 2.25893e-15 1.34292e-15 7.54531e-16 4.01692e-16 2.03053e-16 9.76033e-17 4.46419e-17 1.94215e-17 8.02316e-18 3.13648e-18 1.15357e-18 3.95437e-19 1.24445e-19 3.50431e-20 8.41595e-21 1.54852e-21 1.55289e-22 0 
0 9.21413e-19 9.14128e-18 4.84308e-17 1.91619e-16 6.27156e-16 1.77353e-15 4.42882e-15 9.88417e-15 1.98559e-14 3.6067e-14 5.94267e-14 8.90402e-14 1.21586e-13 1.51641e-13 1.73132e-13 1.81404e-13 1.74907e-13 1.55649e-13 1.2825e-13 9.81767e-14 7.00696e-14 4.67927e-14 2.93426e-14 1.73371e-14 9.68257e-15 5.12564e-15 2.57765e-15 1.23335e-15 5.6185e-16 2.43572e-16 1.00302e-16 3.90923e-17 1.43333e-17 4.89669e-18 1.53493e-18 4.30207e-19 1.0274e-19 1.87787e-20 1.86859e-21 0 
0 4.72879e-18 4.84308e-17 2.65023e-16 1.08298e-15 3.65851e-15 1.06664e-14 2.74168e-14 6.2856e-14 1.29407e-13 2.40277e-13 4.0356e-13 6.14579e-13 8.50484e-13 1.07185e-12 1.23318e-12 1.29865e-12 1.25552e-12 1.11798e-12 9.20135e-13 7.0259e-13 4.99659e-13 3.32264e-13 2.07406e-13 1.21987e-13 6.78333e-14 3.57685e-14 1.7927e-14 8.5534e-15 3.88736e-15 1.68188e-15 6.91322e-16 2.68925e-16 9.83804e-17 3.35143e-17 1.04671e-17 2.91997e-18 6.93265e-19 1.25816e-19 1.24146e-20 0 
0 1.81274e-17 1.91619e-16 1.08298e-15 4.57081e-15 1.59396e-14 4.79212e-14 1.26823e-13 2.98783e-13 6.30684e-13 1.1976e-12 2.05153e-12 3.17758e-12 4.45962e-12 5.68417e-12 6.59627e-12 6.98923e-12 6.78352e-12 6.05228e-12 4.9831e-12 3.80171e-12 2.69903e-12 1.79084e-12 1.11523e-12 6.54441e-13 3.63213e-13 1.91241e-13 9.57564e-14 4.56646e-14 2.07498e-14 8.97684e-15 3.68908e-15 1.43416e-15 5.23967e-16 1.78091e-16 5.54299e-17 1.53894e-17 3.63113e-18 6.53927e-19 6.39351e-20 0 
0 5.75242e-17 6.27156e-16 3.65851e-15 1.59396e-14 5.73546e-14 1.77747e-13 4.84219e-13 1.17215e-12 2.53689e-12 4.92756e-12 8.61235e-12 1.35743e-11 1.93349e-11 2.49462e-11 2.92319e-11 3.12051e-11 3.0452e-11 2.72714e-11 2.25075e-11 1.71956e-11 1.22175e-11 8.11045e-12 5.05329e-12 2.96767e-12 1.64899e-12 8.69658e-13 4.36344e-13 2.08571e-13 9.50004e-14 4.11884e-14 1.69541e-14 6.5962e-15 2.40904e-15 8.17383e-16 2.53564e-16 7.00473e-17 1.64164e-17 2.93147e-18 2.83727e-19 0 
0 1.57912e-16 1.77353e-15 1.06664e-14 4.79212e-14 1.77747e-13 5.67362e-13 1.58991e-12 3.95262e-12 8.76874e-12 1.7421e-11 3.10718e-11 4.98575e-11 7.21251e-11 9.42917e-11 1.11713e-10 1.20336e-10 1.18297e-10 1.06573e-10 8.83898e-11 6.78153e-11 4.83709e-11 3.22349e-11 2.01667e-11 1.18967e-11 6.64317e-12 3.52237e-12 1.77727e-12 8.54313e-13 3.91189e-13 1.70389e-13 7.03871e-14 2.74452e-14 1.00288e-14 3.39817e-15 1.05062e-15 2.88663e-16 6.71473e-17 1.18779e-17 1.13677e-18 0 
0 3.83425e-16 4.42882e-15 2.74168e-14 1.26823e-13 4.84219e-13 1.58991e-12 4.57824e-12 1.16794e-11 2.65439e-11 5.39245e-11 9.81535e-11 1.604e-10 2.35837e-10 3.1275e-10 3.75185e-10 4.08571e-10 4.05514e-10 3.68479e-10 3.08045e-10 2.38151e-10 1.71169e-10 1.14974e-10 7.25322e-11 4.3169e-11 2.43318e-11 1.3026e-11 6.63601e-12 3.21944e-12 1.48665e-12 6.52195e-13 2.70912e-13 1.06006e-13 3.87851e-14 1.31268e-14 4.0437e-15 1.10426e-15 2.54707e-16 4.458e-17 4.21332e-18 0 
0 8.33726e-16 9.88417e-15 6.2856e-14 2.98783e-13 1.17215e-12 3.95262e-12 1.16794e-11 3.05401e-11 7.10502e-11 1.47532e-10 2.74037e-10 4.56246e-10 6.82329e-10 9.18994e-10 1.11817e-09 1.23365e-09 1.23946e-09 1.1395e-09 9.63616e-10 7.53676e-10 5.48236e-10 3.72911e-10 2.38391e-10 1.43862e-10 8.22515e-11 4.46691e-11 2.30762e-11 1.13426e-11 5.29902e-12 2.34737e-12 9.82254e-13 3.86143e-13 1.41527e-13 4.78398e-14 1.46748e-14 3.97921e-15 9.08985e-16 1.57192e-16 1.46489e-17 0 
0 1.63561e-15 1.98559e-14 1.29407e-13 6.30684e-13 2.53689e-12 8.76874e-12 2.65439e-11 7.10502e-11 1.69041e-10 3.58567e-10 6.79591e-10 1.15314e-09 1.75567e-09 2.40488e-09 2.97351e-09 3.33188e-09 3.3989e-09 3.17279e-09 2.7252e-09 2.16624e-09 1.60277e-09 1.10989e-09 7.22949e-10 4.44822e-10 2.59369e-10 1.43616e-10 7.55793e-11 3.77855e-11 1.7916e-11 8.03295e-12 3.39149e-12 1.34056e-12 4.92253e-13 1.66107e-13 5.06904e-14 1.36306e-14 3.07891e-15 5.25187e-16 4.81757e-17 0 
0 2.90892e-15 3.6067e-14 2.40277e-13 1.1976e-12 4.92756e-12 1.7421e-11 5.39245e-11 1.47532e-10 3.58567e-10 7.76486e-10 1.50144e-09 2.59755e-09 4.03003e-09 5.62304e-09 7.08071e-09 8.08073e-09 8.39856e-09 7.99266e-09 7.00537e-09 5.68874e-09 4.30523e-09 3.05317e-09 2.0387e-09 1.28666e-09 7.69529e-10 4.3674e-10 2.35219e-10 1.20071e-10 5.79526e-11 2.63545e-11 1.12398e-11 4.46882e-12 1.64345e-12 5.53105e-13 1.67689e-13 4.46405e-14 9.9523e-15 1.67124e-15 1.50609e-16 0 
0 4.70585e-15 5.94267e-14 4.0356e-13 2.05153e-12 8.61235e-12 3.10718e-11 9.81535e-11 2.74037e-10 6.79591e-10 1.50144e-09 2.96161e-09 5.22659e-09 8.27243e-09 1.17783e-08 1.51423e-08 1.76564e-08 1.87693e-08 1.82937e-08 1.6447e-08 1.37232e-08 1.06892e-08 7.8137e-09 5.38364e-09 3.50739e-09 2.16454e-09 1.2659e-09 7.00922e-10 3.66645e-10 1.8061e-10 8.34397e-11 3.59717e-11 1.43831e-11 5.29292e-12 1.77407e-12 5.33365e-13 1.40275e-13 3.07983e-14 5.08018e-15 4.48805e-16 0 
0 6.94271e-15 8.90402e-14 6.14579e-13 3.17758e-12 1.35743e-11 4.98575e-11 1.604e-10 4.56246e-10 1.15314e-09 2.59755e-09 5.22659e-09 9.41469e-09 1.52215e-08 2.21606e-08 2.91681e-08 3.48742e-08 3.80828e-08 3.82086e-08 3.54402e-08 3.0577e-08 2.46791e-08 1.87247e-08 1.34045e-08 9.07462e-09 5.81379e-09 3.52219e-09 2.01361e-09 1.08285e-09 5.45564e-10 2.56316e-10 1.11702e-10 4.48799e-11 1.6501e-11 5.49699e-12 1.63498e-12 4.23741e-13 9.13887e-14 1.47708e-14 1.27626e-15 0 
0 9.36223e-15 1.21586e-13 8.50484e-13 4.45962e-12 1.93349e-11 7.21251e-11 2.35837e-10 6.82329e-10 1.75567e-09 4.03003e-09 8.27243e-09 1.52215e-08 2.51775e-08 3.75677e-08 5.07839e-08 6.25084e-08 7.04579e-08 7.31761e-08 7.04667e-08 6.32975e-08 5.33201e-08 4.22988e-08 3.16877e-08 2.24412e-08 1.5015e-08 9.47085e-09 5.61246e-09 3.11132e-09 1.60565e-09 7.67398e-10 3.37822e-10 1.36171e-10 4.99097e-11 1.64807e-11 4.83543e-12 1.2313e-12 2.601e-13 4.10798e-14 3.46283e-15 0 
0 1.15643e-14 1.51641e-13 1.07185e-12 5.68417e-12 2.49462e-11 9.42917e-11 3.1275e-10 9.18994e-10 2.40488e-09 5.62304e-09 1.17783e-08 2.21606e-08 3.75677e-08 5.76025e-08 8.02524e-08 1.02139e-07 1.19462e-07 1.29213e-07 1.30055e-07 1.22512e-07 1.08524e-07 9.0696e-08 7.16179e-08 5.34131e-08 3.75398e-08 2.4769e-08 1.52675e-08 8.74319e-09 4.62519e-09 2.24758e-09 9.97861e-10 4.02544e-10 1.46635e-10 4.78345e-11 1.37961e-11 3.43984e-12 7.09414e-13 1.09165e-13 8.954e-15 0 
0 1.31129e-14 1.73132e-13 1.23318e-12 6.59627e-12 2.92319e-11 1.11713e-10 3.75185e-10 1.11817e-09 2.97351e-09 7.08071e-09 1.51423e-08 2.91681e-08 5.07839e-08 8.02524e-08 1.15679e-07 1.52961e-07 1.86687e-07 2.11646e-07 2.24235e-07 2.23188e-07 2.09507e-07 1.8586e-07 1.55817e-07 1.23177e-07 9.14392e-08 6.33816e-08 4.07538e-08 2.41421e-08 1.309e-08 6.45817e-09 2.8843e-09 1.16054e-09 4.18524e-10 1.34325e-10 3.7928e-11 9.22407e-12 1.85071e-12 2.76604e-13 2.20169e-14 0 
0 1.36812e-14 1.81404e-13 1.29865e-12 6.98923e-12 3.12051e-11 1.20336e-10 4.08571e-10 1.23365e-09 3.33188e-09 8.08073e-09 1.76564e-08 3.48742e-08 6.25084e-08 1.02139e-07 1.52961e-07 2.112e-07 2.70573e-07 3.23658e-07 3.63565e-07 3.85251e-07 3.86173e-07 3.66392e-07 3.28413e-07 2.76912e-07 2.1825e-07 1.59538e-07 1.07251e-07 6.57615e-08 3.65083e-08 1.82416e-08 8.16564e-09 3.2627e-09 1.1593e-09 3.64301e-10 1.00239e-10 2.36772e-11 4.6043e-12 6.66224e-13 5.13227e-14 0 
0 1.31669e-14 1.74907e-13 1.25552e-12 6.78352e-12 3.0452e-11 1.18297e-10 4.05514e-10 1.23946e-09 3.3989e-09 8.39856e-09 1.87693e-08 3.80828e-08 7.04579e-08 1.19462e-07 1.86687e-07 2.70573e-07 3.66045e-07 4.65072e-07 5.57831e-07 6.3396e-07 6.8365e-07 6.98735e-07 6.74168e-07 6.09955e-07 5.12905e-07 3.96745e-07 2.79322e-07 1.77236e-07 1.00541e-07 5.06935e-08 2.26361e-08 8.93253e-09 3.10928e-09 9.51317e-10 2.53762e-10 5.79511e-11 1.08795e-11 1.51914e-12 1.12967e-13 0 
0 1.17207e-14 1.55649e-13 1.11798e-12 6.05228e-12 2.72714e-11 1.06573e-10 3.68479e-10 1.1395e-09 3.17279e-09 7.99266e-09 1.82937e-08 3.82086e-08 7.31761e-08 1.29213e-07 2.11646e-07 3.23658e-07 4.65072e-07 6.31594e-07 8.14358e-07 9.99476e-07 1.16762e-06 1.29437e-06 1.353e-06 1.3211e-06 1.19073e-06 9.77669e-07 7.21689e-07 4.73434e-07 2.73598e-07 1.38543e-07 6.13402e-08 2.37474e-08 8.04374e-09 2.38111e-09 6.12293e-10 1.34538e-10 2.42886e-11 3.26263e-12 2.33651e-13 0 
0 9.67806e-15 1.2825e-13 9.20135e-13 4.9831e-12 2.25075e-11 8.83898e-11 3.08045e-10 9.63616e-10 2.7252e-09 7.00537e-09 1.6447e-08 3.54402e-08 7.04667e-08 1.30055e-07 2.24235e-07 3.63565e-07 5.57831e-07 8.14358e-07 1.13545e-06 1.51423e-06 1.92839e-06 2.33325e-06 2.65845e-06 2.81693e-06 2.73383e-06 2.3899e-06 1.85179e-06 1.25446e-06 7.35845e-07 3.7199e-07 1.62067e-07 6.10491e-08 1.99624e-08 5.67681e-09 1.3988e-09 2.94296e-10 5.08992e-11 6.55915e-12 4.51488e-13 0 
0 7.43555e-15 9.81767e-14 7.0259e-13 3.80171e-12 1.71956e-11 6.78153e-11 2.38151e-10 7.53676e-10 2.16624e-09 5.68874e-09 1.37232e-08 3.0577e-08 6.32975e-08 1.22512e-07 2.23188e-07 3.85251e-07 6.3396e-07 9.99476e-07 1.51423e-06 2.20528e-06 3.07781e-06 4.08704e-06 5.1043e-06 5.90178e-06 6.19988e-06 5.7999e-06 4.73848e-06 3.32342e-06 1.97576e-06 9.9007e-07 4.19439e-07 1.51642e-07 4.72818e-08 1.27948e-08 3.00054e-09 6.01569e-10 9.93411e-11 1.22539e-11 8.09652e-13 0 
0 5.3322e-15 7.00696e-14 4.99659e-13 2.69903e-12 1.22175e-11 4.83709e-11 1.71169e-10 5.48236e-10 1.60277e-09 4.30523e-09 1.06892e-08 2.46791e-08 5.33201e-08 1.08524e-07 2.09507e-07 3.86173e-07 6.8365e-07 1.16762e-06 1.92839e-06 3.07781e-06 4.72591e-06 6.91786e-06 9.51966e-06 1.20959e-05 1.3912e-05 1.41865e-05 1.25298e-05 9.32491e-06 5.69366e-06 2.80976e-06 1.12672e-06 3.76386e-07 1.08048e-07 2.7179e-08 5.99178e-09 1.13801e-09 1.78921e-10 2.10971e-11 1.33747e-12 0 
0 3.58072e-15 4.67927e-14 3.32264e-13 1.79084e-12 8.11045e-12 3.22349e-11 1.14974e-10 3.72911e-10 1.10989e-09 3.05317e-09 7.8137e-09 1.87247e-08 4.22988e-08 9.0696e-08 1.8586e-07 3.66392e-07 6.98735e-07 1.29437e-06 2.33325e-06 4.08704e-06 6.91786e-06 1.11981e-05 1.70949e-05 2.42812e-05 3.17514e-05 3.75799e-05 3.86758e-05 3.25757e-05 2.12168e-05 1.03481e-05 3.78521e-06 1.08056e-06 2.59006e-07 5.59783e-08 1.11334e-08 1.97397e-09 2.94358e-10 3.31635e-11 2.01868e-12 0 
0 2.25893e-15 2.93426e-14 2.07406e-13 1.11523e-12 5.05329e-12 2.01667e-11 7.25322e-11 2.38391e-10 7.22949e-10 2.0387e-09 5.38364e-09 1.34045e-08 3.16877e-08 7.16179e-08 1.55817e-07 3.28413e-07 6.74168e-07 1.353e-06 2.65845e-06 5.1043e-06 9.51966e-06 1.70949e-05 2.94277e-05 4.90059e-05 7.94256e-05 0.000119714 0.000151967 0.000147567 0.000103119 5.03794e-05 1.71368e-05 4.15593e-06 7.70566e-07 1.24526e-07 1.9897e-08 3.13326e-09 4.37993e-10 4.71313e-11 2.76008e-12 0 
0 1.34292e-15 1.73371e-14 1.21987e-13 6.54441e-13 2.96767e-12 1.18967e-11 4.3169e-11 1.43862e-10 4.44822e-10 1.28666e-09 3.50739e-09 9.07462e-09 2.24412e-08 5.34131e-08 1.23177e-07 2.76912e-07 6.09955e-07 1.3211e-06 2.81693e-06 5.90178e-06 1.20959e-05 2.42812e-05 4.90059e-05 0.000103715 0.000222833 0.000424123 0.000624798 0.000658262 0.000477583 0.000234632 7.76447e-05 1.74189e-05 2.73249e-06 3.29141e-07 3.71183e-08 4.63433e-09 5.85604e-10 5.99715e-11 3.38907e-12 0 
0 7.54531e-16 9.68257e-15 6.78333e-14 3.63213e-13 1.64899e-12 6.64317e-12 2.43318e-11 8.22515e-11 2.59369e-10 7.69529e-10 2.16454e-09 5.81379e-09 1.5015e-08 3.75398e-08 9.14392e-08 2.1825e-07 5.12905e-07 1.19073e-06 2.73383e-06 6.19988e-06 1.3912e-05 3.17514e-05 7.94256e-05 0.000222833 0.000604887 0.00132146 0.00208818 0.00227546 0.00167525 0.000825529 0.000270986 5.92167e-05 8.69459e-06 8.94138e-07 7.41903e-08 6.61298e-09 7.03341e-10 6.77342e-11 3.70635e-12 0 
0 4.01692e-16 5.12564e-15 3.57685e-14 1.91241e-13 8.69658e-13 3.52237e-12 1.3026e-11 4.46691e-11 1.43616e-10 4.3674e-10 1.2659e-09 3.52219e-09 9.47085e-09 2.4769e-08 6.33816e-08 1.59538e-07 3.96745e-07 9.77669e-07 2.3899e-06 5.7999e-06 1.41865e-05 3.75799e-05 0.000119714 0.000424123 0.00132146 0.00308252 0.00501705 0.005537 0.00409585 0.00201943 0.000660924 0.000143132 2.05249e-05 1.97957e-06 1.38547e-07 9.06331e-09 7.59344e-10 6.7404e-11 3.58335e-12 0 
0 2.03053e-16 2.57765e-15 1.7927e-14 9.57564e-14 4.36344e-13 1.77727e-12 6.63601e-12 2.30762e-11 7.55793e-11 2.35219e-10 7.00922e-10 2.01361e-09 5.61246e-09 1.52675e-08 4.07538e-08 1.07251e-07 2.79322e-07 7.21689e-07 1.85179e-06 4.73848e-06 1.25298e-05 3.86758e-05 0.000151967 0.000624798 0.00208818 0.00501705 0.00826437 0.00916295 0.00678713 0.00334517 0.00109307 0.000235854 3.35155e-05 3.15149e-06 2.04151e-07 1.09548e-08 7.25764e-10 5.86439e-11 3.04352e-12 0 
0 9.76033e-17 1.23335e-15 8.5534e-15 4.56646e-14 2.08571e-13 8.54313e-13 3.21944e-12 1.13426e-11 3.77855e-11 1.20071e-10 3.66645e-10 1.08285e-09 3.11132e-09 8.74319e-09 2.41421e-08 6.57615e-08 1.77236e-07 4.73434e-07 1.25446e-06 3.32342e-06 9.32491e-06 3.25757e-05 0.000147567 0.000658262 0.00227546 0.005537 0.00916295 0.0101754 0.00753976 0.0037148 0.00121272 0.000261214 3.6978e-05 3.44132e-06 2.15719e-07 1.04716e-08 5.90444e-10 4.41716e-11 2.25967e-12 0 
0 4.46419e-17 5.6185e-16 3.88736e-15 2.07498e-14 9.50004e-14 3.91189e-13 1.48665e-12 5.29902e-12 1.7916e-11 5.79526e-11 1.8061e-10 5.45564e-10 1.60565e-09 4.62519e-09 1.309e-08 3.65083e-08 1.00541e-07 2.73598e-07 7.35845e-07 1.97576e-06 5.69366e-06 2.12168e-05 0.000103119 0.000477583 0.00167525 0.00409585 0.00678713 0.00753976 0.00558684 0.00275189 0.000897865 0.000193231 2.73138e-05 2.5328e-06 1.57033e-07 7.36652e-09 3.91233e-10 2.85162e-11 1.46168e-12 0 
0 1.94215e-17 2.43572e-16 1.68188e-15 8.97684e-15 4.11884e-14 1.70389e-13 6.52195e-13 2.34737e-12 8.03295e-12 2.63545e-11 8.34397e-11 2.56316e-10 7.67398e-10 2.24758e-09 6.45817e-09 1.82416e-08 5.06935e-08 1.38543e-07 3.7199e-07 9.9007e-07 2.80976e-06 1.03481e-05 5.03794e-05 0.000234632 0.000825529 0.00201943 0.00334517 0.0037148 0.00275189 0.0013551 0.00044198 9.5095e-05 1.34423e-05 1.24744e-06 7.76474e-08 3.71013e-09 2.06737e-10 1.57101e-11 8.22743e-13 0 
0 8.02316e-18 1.00302e-16 6.91322e-16 3.68908e-15 1.69541e-14 7.03871e-14 2.70912e-13 9.82254e-13 3.39149e-12 1.12398e-11 3.59717e-11 1.11702e-10 3.37822e-10 9.97861e-10 2.8843e-09 8.16564e-09 2.26361e-08 6.13402e-08 1.62067e-07 4.19439e-07 1.12672e-06 3.78521e-06 1.71368e-05 7.76447e-05 0.000270986 0.000660924 0.00109307 0.00121272 0.000897865 0.00044198 0.000144143 3.10273e-05 4.39364e-06 4.10154e-07 2.61067e-08 1.35359e-09 8.8475e-11 7.42094e-12 4.03323e-13 0 
0 3.13648e-18 3.90923e-17 2.68925e-16 1.43416e-15 6.5962e-15 2.74452e-14 1.06006e-13 3.86143e-13 1.34056e-12 4.46882e-12 1.43831e-11 4.48799e-11 1.36171e-10 4.02544e-10 1.16054e-09 3.2627e-09 8.93253e-09 2.37474e-08 6.10491e-08 1.51642e-07 3.76386e-07 1.08056e-06 4.15593e-06 1.74189e-05 5.92167e-05 0.000143132 0.000235854 0.000261214 0.000193231 9.5095e-05 3.10273e-05 6.69057e-06 9.52338e-07 9.03786e-08 6.10046e-09 3.79395e-10 3.206e-11 3.03563e-12 1.72501e-13 0 
0 1.15357e-18 1.43333e-17 9.83804e-17 5.23967e-16 2.40904e-15 1.00288e-14 3.87851e-14 1.41527e-13 4.92253e-13 1.64345e-12 5.29292e-12 1.6501e-11 4.99097e-11 1.46635e-10 4.18524e-10 1.1593e-09 3.10928e-09 8.04374e-09 1.99624e-08 4.72818e-08 1.08048e-07 2.59006e-07 7.70566e-07 2.73249e-06 8.69459e-06 2.05249e-05 3.35155e-05 3.6978e-05 2.73138e-05 1.34423e-05 4.39364e-06 9.52338e-07 1.37532e-07 1.36509e-08 1.06399e-09 9.1402e-11 1.02817e-11 1.08326e-12 6.44311e-14 0 
0 3.95437e-19 4.89669e-18 3.35143e-17 1.78091e-16 8.17383e-16 3.39817e-15 1.31268e-14 4.78398e-14 1.66107e-13 5.53105e-13 1.77407e-12 5.49699e-12 1.64807e-11 4.78345e-11 1.34325e-10 3.64301e-10 9.51317e-10 2.38111e-09 5.67681e-09 1.27948e-08 2.7179e-08 5.59783e-08 1.24526e-07 3.29141e-07 8.94138e-07 1.97957e-06 3.15149e-06 3.44132e-06 2.5328e-06 1.24744e-06 4.10154e-07 9.03786e-08 1.36509e-08 1.53956e-09 1.6374e-10 2.11441e-11 2.95926e-12 3.37311e-13 2.09794e-14 0 
0 1.24445e-19 1.53493e-18 1.04671e-17 5.54299e-17 2.53564e-16 1.05062e-15 4.0437e-15 1.46748e-14 5.06904e-14 1.67689e-13 5.33365e-13 1.63498e-12 4.83543e-12 1.37961e-11 3.7928e-11 1.00239e-10 2.53762e-10 6.12293e-10 1.3988e-09 3.00054e-09 5.99178e-09 1.11334e-08 1.9897e-08 3.71183e-08 7.41903e-08 1.38547e-07 2.04151e-07 2.15719e-07 1.57033e-07 7.76474e-08 2.61067e-08 6.10046e-09 1.06399e-09 1.6374e-10 2.70472e-11 4.74959e-12 7.52581e-13 9.09793e-14 5.9133e-15 0 
0 3.50431e-20 4.30207e-19 2.91997e-18 1.53894e-17 7.00473e-17 2.88663e-16 1.10426e-15 3.97921e-15 1.36306e-14 4.46405e-14 1.40275e-13 4.23741e-13 1.2313e-12 3.43984e-12 9.22407e-12 2.36772e-11 5.79511e-11 1.34538e-10 2.94296e-10 6.01569e-10 1.13801e-09 1.97397e-09 3.13326e-09 4.63433e-09 6.61298e-09 9.06331e-09 1.09548e-08 1.04716e-08 7.36652e-09 3.71013e-09 1.35359e-09 3.79395e-10 9.1402e-11 2.11441e-11 4.74959e-12 9.6612e-13 1.64323e-13 2.08842e-14 1.41802e-15 0 
0 8.41595e-21 1.0274e-19 6.93265e-19 3.63113e-18 1.64164e-17 6.71473e-17 2.54707e-16 9.08985e-16 3.07891e-15 9.9523e-15 3.07983e-14 9.13887e-14 2.601e-13 7.09414e-13 1.85071e-12 4.6043e-12 1.08795e-11 2.42886e-11 5.08992e-11 9.93411e-11 1.78921e-10 2.94358e-10 4.37993e-10 5.85604e-10 7.03341e-10 7.59344e-10 7.25764e-10 5.90444e-10 3.91233e-10 2.06737e-10 8.8475e-11 3.206e-11 1.02817e-11 2.95926e-12 7.52581e-13 1.64323e-13 2.9456e-14 3.92189e-15 2.7801e-16 0 
0 1.54852e-21 1.87787e-20 1.25816e-19 6.53927e-19 2.93147e-18 1.18779e-17 4.458e-17 1.57192e-16 5.25187e-16 1.67124e-15 5.08018e-15 1.47708e-14 4.10798e-14 1.09165e-13 2.76604e-13 6.66224e-13 1.51914e-12 3.26263e-12 6.55915e-12 1.22539e-11 2.10971e-11 3.31635e-11 4.71313e-11 5.99715e-11 6.77342e-11 6.7404e-11 5.86439e-11 4.41716e-11 2.85162e-11 1.57101e-11 7.42094e-12 3.03563e-12 1.08326e-12 3.37311e-13 9.09793e-14 2.08842e-14 3.92189e-15 5.45783e-16 4.0344e-17 0 
0 1.55289e-22 1.86859e-21 1.24146e-20 6.39351e-20 2.83727e-19 1.13677e-18 4.21332e-18 1.46489e-17 4.81757e-17 1.50609e-16 4.48805e-16 1.27626e-15 3.46283e-15 8.954e-15 2.20169e-14 5.13227e-14 1.12967e-13 2.33651e-13 4.51488e-13 8.09652e-13 1.33747e-12 2.01868e-12 2.76008e-12 3.38907e-12 3.70635e-12 3.58335e-12 3.04352e-12 2.25967e-12 1.46168e-12 8.22743e-13 4.03323e-13 1.72501e-13 6.44311e-14 2.09794e-14 5.9133e-15 1.41802e-15 2.7801e-16 4.0344e-17 3.10481e-18 0 
0 0 0 0 0 0 0 0 0 0 0 0 0 0 0 0 0 0 0 0 0 0 0 0 0 0 0 0 0 0 0 0 0 0 0 0 0 0 0 0 0 
