0 0 0 0 0 0 0 0 0 0 0 0 0 0 0 0 0 0 0 0 0 0 0 0 0 0 0 0 0 0 0 0 0 0 0 0 0 0 0 0 0 
0 3.10028e-07 2.77811e-06 1.23815e-05 3.80868e-05 9.00232e-05 0.000173599 0.000285579 0.000415271 0.00054872 0.000672481 0.000775673 0.000850651 0.000892987 0.000901194 0.000876384 0.000821893 0.000742889 0.000645955 0.000538617 0.000428793 0.0003241 0.000231042 0.000154196 9.5602e-05 5.46567e-05 2.8628e-05 1.36706e-05 5.934e-06 2.3387e-06 8.37039e-07 2.72247e-07 8.04882e-08 2.16016e-08 5.23997e-09 1.13753e-09 2.16534e-10 3.46241e-11 4.19796e-12 2.75741e-13 0 
0 2.77811e-06 2.5531e-05 0.000112981 0.000331373 0.000721797 0.00126155 0.00188379 0.00251926 0.00311531 0.00363486 0.00405154 0.00434714 0.00451121 0.00454121 0.0044422 0.00422598 0.00390961 0.00351363 0.0030605 0.00257351 0.00207653 0.00159422 0.00115187 0.000773211 0.000475681 0.000264876 0.000132266 5.89479e-05 2.3443e-05 8.34494e-06 2.6706e-06 7.71281e-07 2.01335e-07 4.73971e-08 9.9783e-09 1.8425e-09 2.86051e-10 3.3718e-11 2.15652e-12 0 
0 1.23815e-05 0.000112981 0.000470593 0.00123525 0.00236428 0.00369038 0.00507625 0.00643635 0.00770362 0.00881499 0.00971367 0.0103552 0.0107122 0.0107763 0.0105582 0.0100851 0.00939723 0.00854305 0.00757417 0.00654033 0.00548545 0.0044457 0.00345114 0.00253129 0.00172141 0.00106141 0.000580749 0.00027772 0.00011548 4.19322e-05 1.34232e-05 3.82591e-06 9.77551e-07 2.24254e-07 4.5916e-08 8.2426e-09 1.2448e-09 1.42893e-10 8.91307e-12 0 
0 3.80868e-05 0.000331373 0.00123525 0.00282678 0.00484835 0.00708897 0.00943385 0.0117726 0.0139798 0.0159301 0.0175134 0.0186458 0.0192764 0.0193891 0.0190028 0.018166 0.0169515 0.0154472 0.0137481 0.011948 0.0101311 0.00836675 0.00670417 0.00517252 0.00378855 0.00257432 0.0015731 0.00083682 0.000378818 0.00014522 4.76546e-05 1.36183e-05 3.43973e-06 7.73875e-07 1.5479e-07 2.71053e-08 3.99283e-09 4.47423e-10 2.72766e-11 0 
0 9.00232e-05 0.000721797 0.00236428 0.00484835 0.00784474 0.0111995 0.0147644 0.0183471 0.0217388 0.0247395 0.027177 0.028921 0.0298919 0.0300653 0.0294698 0.0281807 0.0263101 0.0239943 0.0213807 0.0186154 0.0158317 0.0131422 0.0106324 0.00835605 0.00633423 0.00456313 0.00304046 0.00180053 0.000907836 0.000379175 0.00013115 3.83225e-05 9.68994e-06 2.15538e-06 4.23501e-07 7.26404e-08 1.04725e-08 1.14882e-09 6.86237e-11 0 
0 0.000173599 0.00126155 0.00369038 0.00708897 0.0111995 0.0158629 0.0208445 0.0258594 0.0306099 0.0348139 0.0382293 0.0406732 0.042034 0.042277 0.041442 0.0396352 0.0370139 0.0337693 0.0301083 0.026236 0.0223404 0.0185813 0.0150824 0.0119275 0.0091583 0.00677439 0.0047437 0.00304014 0.00169585 0.000782862 0.000291937 8.89656e-05 2.28295e-05 5.0656e-06 9.83702e-07 1.66024e-07 2.35115e-08 2.53281e-09 1.4865e-10 0 
0 0.000285579 0.00188379 0.00507625 0.00943385 0.0147644 0.0208445 0.0273485 0.0338987 0.0401044 0.0455976 0.0500686 0.0532931 0.0551172 0.055447 0.0543202 0.0519189 0.0484759 0.0442332 0.0394504 0.0343926 0.0293056 0.0243986 0.019835 0.0157273 0.0121374 0.00907744 0.00651192 0.00437616 0.0026338 0.00133492 0.000542076 0.000174895 4.61184e-05 1.02967e-05 1.98814e-06 3.31674e-07 4.6309e-08 4.91465e-09 2.84198e-10 0 
0 0.000415271 0.00251926 0.00643635 0.0117726 0.0183471 0.0258594 0.0338987 0.041996 0.0496705 0.0565028 0.0622661 0.0668036 0.0695773 0.0700994 0.0683619 0.0648183 0.0601677 0.0547968 0.0488636 0.04261 0.0363222 0.0302582 0.0246201 0.0195486 0.0151234 0.0113668 0.00824758 0.00568711 0.00359711 0.00196376 0.000865015 0.000297512 8.13388e-05 1.84044e-05 3.55221e-06 5.88207e-07 8.12557e-08 8.5217e-09 4.86884e-10 0 
0 0.00054872 0.00311531 0.00770362 0.0139798 0.0217388 0.0306099 0.0401044 0.0496705 0.0587922 0.0673133 0.0752234 0.0810252 0.0839746 0.0845018 0.0827934 0.0786485 0.0722638 0.0650694 0.0578179 0.0503998 0.0429722 0.0358112 0.0291543 0.0231681 0.0179482 0.0135246 0.00986892 0.00689861 0.00449713 0.00258909 0.00122129 0.000446998 0.000127197 2.93043e-05 5.67684e-06 9.36326e-07 1.28375e-07 1.33426e-08 7.55182e-10 0 
0 0.000672481 0.00363486 0.00881499 0.0159301 0.0247395 0.0348139 0.0455976 0.0565028 0.0673133 0.0781741 0.0862875 0.0906917 0.0927765 0.0931705 0.0920051 0.0890536 0.0835985 0.0751532 0.0659885 0.0573225 0.0488613 0.0407281 0.0331688 0.0263723 0.0204477 0.015431 0.0112944 0.00795367 0.00527819 0.00314882 0.00156532 0.000604705 0.000178867 4.20283e-05 8.19206e-06 1.34944e-06 1.84111e-07 1.90122e-08 1.06859e-09 0 
0 0.000775673 0.00405154 0.00971367 0.0175134 0.027177 0.0382293 0.0500686 0.0622661 0.0752234 0.0862875 0.0925385 0.095974 0.0976684 0.0980067 0.0970771 0.0947483 0.0905796 0.0835209 0.0732793 0.0630727 0.0536578 0.0447259 0.0364329 0.0289775 0.0224796 0.0169796 0.0124498 0.00880361 0.00590331 0.00360263 0.00185872 0.000749119 0.000229062 5.48251e-05 1.07613e-05 1.77343e-06 2.41284e-07 2.48108e-08 1.38784e-09 0 
0 0.000850651 0.00434714 0.0103552 0.0186458 0.028921 0.0406732 0.0532931 0.0668036 0.0810252 0.0906917 0.095974 0.0989902 0.100511 0.100825 0.100003 0.0979506 0.0943492 0.0884175 0.0788266 0.067428 0.0571178 0.047591 0.0387719 0.0308446 0.0239359 0.0180894 0.0132771 0.0094103 0.00634742 0.00392679 0.00207522 0.000861486 0.000270057 6.56018e-05 1.29586e-05 2.1384e-06 2.90597e-07 2.98119e-08 1.66295e-09 0 
0 0.000892987 0.00451121 0.0107122 0.0192764 0.0298919 0.042034 0.0551172 0.0695773 0.0839746 0.0927765 0.0976684 0.100511 0.101958 0.102262 0.101486 0.0995519 0.0961861 0.090732 0.081808 0.070016 0.0590743 0.049193 0.0400795 0.0318888 0.0247509 0.0187109 0.0137406 0.00975028 0.00659626 0.00410961 0.00220036 0.000929073 0.000295678 7.25198e-05 1.4392e-05 2.37877e-06 3.23284e-07 3.31436e-08 1.84705e-09 0 
0 0.000901194 0.00454121 0.0107763 0.0193891 0.0300653 0.042277 0.055447 0.0700994 0.0845018 0.0931705 0.0980067 0.100825 0.102262 0.102565 0.101797 0.0998795 0.0965483 0.0911651 0.0823547 0.0705093 0.0594382 0.0494896 0.0403227 0.032084 0.0249043 0.018829 0.0138299 0.00981709 0.00664692 0.0041491 0.00222962 0.000946212 0.000302642 7.45061e-05 1.48222e-05 2.45376e-06 3.33855e-07 3.42594e-08 1.9109e-09 0 
0 0.000876384 0.0044422 0.0105582 0.0190028 0.0294698 0.041442 0.0543202 0.0683619 0.0827934 0.0920051 0.0970771 0.100003 0.101486 0.101797 0.101 0.0990115 0.0955384 0.0898714 0.0806154 0.0689203 0.0582535 0.0485269 0.0395395 0.031461 0.0244204 0.0184624 0.013559 0.00962155 0.00650788 0.00405172 0.00216679 0.000914099 0.000291037 7.15137e-05 1.42315e-05 2.3598e-06 3.21806e-07 3.31099e-08 1.85201e-09 0 
0 0.000821893 0.00422598 0.0100851 0.018166 0.0281807 0.0396352 0.0519189 0.0648183 0.0786485 0.0890536 0.0947483 0.0979506 0.0995519 0.0998795 0.0990115 0.0968399 0.0929984 0.0865915 0.0765597 0.0656064 0.0557025 0.0464298 0.0378312 0.0301005 0.0233623 0.0176594 0.0129642 0.00919007 0.00619812 0.00383166 0.00202299 0.000840046 0.000264084 6.44811e-05 1.28194e-05 2.13038e-06 2.9165e-07 3.01497e-08 1.69519e-09 0 
0 0.000742889 0.00390961 0.00939723 0.0169515 0.0263101 0.0370139 0.0484759 0.0601677 0.0722638 0.0835985 0.0905796 0.0943492 0.0961861 0.0965483 0.0955384 0.0929984 0.0884021 0.0806819 0.0706523 0.0610824 0.0520307 0.043383 0.035348 0.0281229 0.0218245 0.0164923 0.0120994 0.00856179 0.00574567 0.00351051 0.00181629 0.000736515 0.000227367 5.50475e-05 1.09371e-05 1.82485e-06 2.51432e-07 2.61914e-08 1.48483e-09 0 
0 0.000645955 0.00351363 0.00854305 0.0154472 0.0239943 0.0337693 0.0442332 0.0547968 0.0650694 0.0751532 0.0835209 0.0884175 0.090732 0.0911651 0.0898714 0.0865915 0.0806819 0.0724611 0.0639867 0.0556977 0.0475016 0.0396099 0.0322731 0.025675 0.0199221 0.0150495 0.011031 0.00778522 0.00518644 0.00311784 0.00157189 0.000619896 0.000187739 4.51428e-05 8.99084e-06 1.51173e-06 2.10459e-07 2.21791e-08 1.27263e-09 0 
0 0.000538617 0.0030605 0.00757417 0.0137481 0.0213807 0.0301083 0.0394504 0.0488636 0.0578179 0.0659885 0.0732793 0.0788266 0.081808 0.0823547 0.0806154 0.0765597 0.0706523 0.0639867 0.0569752 0.0496971 0.042395 0.0353528 0.0288051 0.0229162 0.0177803 0.0134278 0.00983223 0.00691575 0.0045651 0.00269367 0.00132257 0.000508929 0.000152163 3.65938e-05 7.35368e-06 1.25322e-06 1.77165e-07 1.89668e-08 1.10518e-09 0 
0 0.000428793 0.00257351 0.00654033 0.011948 0.0186154 0.026236 0.0343926 0.04261 0.0503998 0.0573225 0.0630727 0.067428 0.070016 0.0705093 0.0689203 0.0656064 0.0610824 0.0556977 0.0496971 0.0433637 0.0369947 0.030852 0.025141 0.0200047 0.0155245 0.0117251 0.00857977 0.0060165 0.00394006 0.00229283 0.00110836 0.000422744 0.000126748 3.08599e-05 6.3089e-06 1.09524e-06 1.57629e-07 1.7155e-08 1.0143e-09 0 
0 0.0003241 0.00207653 0.00548545 0.0101311 0.0158317 0.0223404 0.0293056 0.0363222 0.0429722 0.0488613 0.0536578 0.0571178 0.0590743 0.0594382 0.0582535 0.0557025 0.0520307 0.0475016 0.042395 0.0369947 0.0315642 0.0263283 0.0214621 0.0170873 0.0132731 0.0100395 0.00736032 0.00517149 0.00339543 0.0019875 0.000972858 0.000378441 0.000116143 2.89214e-05 6.02735e-06 1.06256e-06 1.54743e-07 1.69884e-08 1.01059e-09 0 
0 0.000231042 0.00159422 0.0044457 0.00836675 0.0131422 0.0185813 0.0243986 0.0302582 0.0358112 0.0407281 0.0447259 0.047591 0.049193 0.0494896 0.0485269 0.0464298 0.043383 0.0396099 0.0353528 0.030852 0.0263283 0.0219698 0.0179235 0.0142951 0.0111517 0.00851731 0.00635336 0.00456822 0.00308047 0.00186579 0.000954297 0.000388087 0.000123092 3.12155e-05 6.551e-06 1.15498e-06 1.67558e-07 1.82839e-08 1.07967e-09 0 
0 0.000154196 0.00115187 0.00345114 0.00670417 0.0106324 0.0150824 0.019835 0.0246201 0.0291543 0.0331688 0.0364329 0.0387719 0.0400795 0.0403227 0.0395395 0.0378312 0.035348 0.0322731 0.0288051 0.025141 0.0214621 0.0179235 0.0146539 0.0117744 0.00942216 0.00767709 0.0063559 0.00504159 0.00355649 0.00215658 0.00110874 0.000461002 0.000148371 3.74956e-05 7.75174e-06 1.34047e-06 1.90577e-07 2.03916e-08 1.18204e-09 0 
0 9.5602e-05 0.000773211 0.00253129 0.00517252 0.00835605 0.0119275 0.0157273 0.0195486 0.0231681 0.0263723 0.0289775 0.0308446 0.0318888 0.032084 0.031461 0.0301005 0.0281229 0.025675 0.0229162 0.0200047 0.0170873 0.0142951 0.0117744 0.00980688 0.00894142 0.00957808 0.0107817 0.010371 0.00756466 0.00410826 0.00176593 0.000645418 0.000194688 4.68937e-05 9.28932e-06 1.54962e-06 2.13692e-07 2.22633e-08 1.26045e-09 0 
0 5.46567e-05 0.000475681 0.00172141 0.00378855 0.00633423 0.0091583 0.0121374 0.0151234 0.0179482 0.0204477 0.0224796 0.0239359 0.0247509 0.0249043 0.0244204 0.0233623 0.0218245 0.0199221 0.0177803 0.0155245 0.0132731 0.0111517 0.00942216 0.00894142 0.0116874 0.0191881 0.029361 0.0346514 0.0220613 0.0111614 0.00400085 0.00112631 0.000276954 5.86098e-05 1.06633e-05 1.68644e-06 2.24422e-07 2.2746e-08 1.25829e-09 0 
0 2.8628e-05 0.000264876 0.00106141 0.00257432 0.00456313 0.00677439 0.00907744 0.0113668 0.0135246 0.015431 0.0169796 0.0180894 0.0187109 0.018829 0.0184624 0.0176594 0.0164923 0.0150495 0.0134278 0.0117251 0.0100395 0.00851731 0.00767709 0.00957808 0.0191881 0.0423625 0.0759743 0.0800347 0.061782 0.0259782 0.0087398 0.00209924 0.000410362 7.13461e-05 1.13394e-05 1.66454e-06 2.1318e-07 2.10892e-08 1.14481e-09 0 
0 1.36706e-05 0.000132266 0.000580749 0.0015731 0.00304046 0.0047437 0.00651192 0.00824758 0.00986892 0.0112944 0.0124498 0.0132771 0.0137406 0.0138299 0.013559 0.0129642 0.0120994 0.011031 0.00983223 0.00857977 0.00736032 0.00635336 0.0063559 0.0107817 0.029361 0.0759743 0.0872568 0.0886959 0.0831601 0.0521687 0.0140793 0.00319106 0.000544114 7.92051e-05 1.07959e-05 1.45063e-06 1.78935e-07 1.73891e-08 9.32705e-10 0 
0 5.934e-06 5.89479e-05 0.00027772 0.00083682 0.00180053 0.00304014 0.00437616 0.00568711 0.00689861 0.00795367 0.00880361 0.0094103 0.00975028 0.00981709 0.00962155 0.00919007 0.00856179 0.00778522 0.00691575 0.0060165 0.00517149 0.00456822 0.00504159 0.010371 0.0346514 0.0800347 0.0886959 0.0898596 0.0854263 0.0620562 0.0155408 0.00345327 0.000555409 7.24607e-05 8.74898e-06 1.08859e-06 1.30561e-07 1.25852e-08 6.72802e-10 0 
0 2.3387e-06 2.3443e-05 0.00011548 0.000378818 0.000907836 0.00169585 0.0026338 0.00359711 0.00449713 0.00527819 0.00590331 0.00634742 0.00659626 0.00664692 0.00650788 0.00619812 0.00574567 0.00518644 0.0045651 0.00394006 0.00339543 0.00308047 0.00355649 0.00756466 0.0220613 0.061782 0.0831601 0.0854263 0.0786422 0.0377594 0.0114952 0.00255181 0.00040422 5.03293e-05 5.72476e-06 6.87296e-07 8.19023e-08 7.93196e-09 4.26737e-10 0 
0 8.37039e-07 8.34494e-06 4.19322e-05 0.00014522 0.000379175 0.000782862 0.00133492 0.00196376 0.00258909 0.00314882 0.00360263 0.00392679 0.00410961 0.0041491 0.00405172 0.00383166 0.00351051 0.00311784 0.00269367 0.00229283 0.0019875 0.00186579 0.00215658 0.00410826 0.0111614 0.0259782 0.0521687 0.0620562 0.0377594 0.0172717 0.00569771 0.00127728 0.000204605 2.554e-05 2.93551e-06 3.60489e-07 4.3949e-08 4.33765e-09 2.37136e-10 0 
0 2.72247e-07 2.6706e-06 1.34232e-05 4.76546e-05 0.00013115 0.000291937 0.000542076 0.000865015 0.00122129 0.00156532 0.00185872 0.00207522 0.00220036 0.00222962 0.00216679 0.00202299 0.00181629 0.00157189 0.00132257 0.00110836 0.000972858 0.000954297 0.00110874 0.00176593 0.00400085 0.0087398 0.0140793 0.0155408 0.0114952 0.00569771 0.00190068 0.000436667 7.22906e-05 9.50027e-06 1.187e-06 1.57803e-07 2.0203e-08 2.05758e-09 1.15304e-10 0 
0 8.04882e-08 7.71281e-07 3.82591e-06 1.36183e-05 3.83225e-05 8.89656e-05 0.000174895 0.000297512 0.000446998 0.000604705 0.000749119 0.000861486 0.000929073 0.000946212 0.000914099 0.000840046 0.000736515 0.000619896 0.000508929 0.000422744 0.000378441 0.000388087 0.000461002 0.000645418 0.00112631 0.00209924 0.00319106 0.00345327 0.00255181 0.00127728 0.000436667 0.00010436 1.84064e-05 2.71228e-06 3.93934e-07 5.86995e-08 8.00139e-09 8.48004e-10 4.90537e-11 0 
0 2.16016e-08 2.01335e-07 9.77551e-07 3.43973e-06 9.68994e-06 2.28295e-05 4.61184e-05 8.13388e-05 0.000127197 0.000178867 0.000229062 0.000270057 0.000295678 0.000302642 0.000291037 0.000264084 0.000227367 0.000187739 0.000152163 0.000126748 0.000116143 0.000123092 0.000148371 0.000194688 0.000276954 0.000410362 0.000544114 0.000555409 0.00040422 0.000204605 7.22906e-05 1.84064e-05 3.65901e-06 6.48264e-07 1.13066e-07 1.88994e-08 2.74558e-09 3.04148e-10 1.82545e-11 0 
0 5.23997e-09 4.73971e-08 2.24254e-07 7.73875e-07 2.15538e-06 5.0656e-06 1.02967e-05 1.84044e-05 2.93043e-05 4.20283e-05 5.48251e-05 6.56018e-05 7.25198e-05 7.45061e-05 7.15137e-05 6.44811e-05 5.50475e-05 4.51428e-05 3.65938e-05 3.08599e-05 2.89214e-05 3.12155e-05 3.74956e-05 4.68937e-05 5.86098e-05 7.13461e-05 7.92051e-05 7.24607e-05 5.03293e-05 2.554e-05 9.50027e-06 2.71228e-06 6.48264e-07 1.4163e-07 2.89469e-08 5.30838e-09 8.1779e-10 9.48772e-11 5.92829e-12 0 
0 1.13753e-09 9.9783e-09 4.5916e-08 1.5479e-07 4.23501e-07 9.83702e-07 1.98814e-06 3.55221e-06 5.67684e-06 8.19206e-06 1.07613e-05 1.29586e-05 1.4392e-05 1.48222e-05 1.42315e-05 1.28194e-05 1.09371e-05 8.99084e-06 7.35368e-06 6.3089e-06 6.02735e-06 6.551e-06 7.75174e-06 9.28932e-06 1.06633e-05 1.13394e-05 1.07959e-05 8.74898e-06 5.72476e-06 2.93551e-06 1.187e-06 3.93934e-07 1.13066e-07 2.89469e-08 6.58241e-09 1.2947e-09 2.10506e-10 2.55934e-11 1.66803e-12 0 
0 2.16534e-10 1.8425e-09 8.2426e-09 2.71053e-08 7.26404e-08 1.66024e-07 3.31674e-07 5.88207e-07 9.36326e-07 1.34944e-06 1.77343e-06 2.1384e-06 2.37877e-06 2.45376e-06 2.3598e-06 2.13038e-06 1.82485e-06 1.51173e-06 1.25322e-06 1.09524e-06 1.06256e-06 1.15498e-06 1.34047e-06 1.54962e-06 1.68644e-06 1.66454e-06 1.45063e-06 1.08859e-06 6.87296e-07 3.60489e-07 1.57803e-07 5.86995e-08 1.88994e-08 5.30838e-09 1.2947e-09 2.69615e-10 4.61175e-11 5.87408e-12 3.99581e-13 0 
0 3.46241e-11 2.86051e-10 1.2448e-09 3.99283e-09 1.04725e-08 2.35115e-08 4.6309e-08 8.12557e-08 1.28375e-07 1.84111e-07 2.41284e-07 2.90597e-07 3.23284e-07 3.33855e-07 3.21806e-07 2.9165e-07 2.51432e-07 2.10459e-07 1.77165e-07 1.57629e-07 1.54743e-07 1.67558e-07 1.90577e-07 2.13692e-07 2.24422e-07 2.1318e-07 1.78935e-07 1.30561e-07 8.19023e-08 4.3949e-08 2.0203e-08 8.00139e-09 2.74558e-09 8.1779e-10 2.10506e-10 4.61175e-11 8.27717e-12 1.10325e-12 7.83041e-14 0 
0 4.19796e-12 3.3718e-11 1.42893e-10 4.47423e-10 1.14882e-09 2.53281e-09 4.91465e-09 8.5217e-09 1.33426e-08 1.90122e-08 2.48108e-08 2.98119e-08 3.31436e-08 3.42594e-08 3.31099e-08 3.01497e-08 2.61914e-08 2.21791e-08 1.89668e-08 1.7155e-08 1.69884e-08 1.82839e-08 2.03916e-08 2.22633e-08 2.2746e-08 2.10892e-08 1.73891e-08 1.25852e-08 7.93196e-09 4.33765e-09 2.05758e-09 8.48004e-10 3.04148e-10 9.48772e-11 2.55934e-11 5.87408e-12 1.10325e-12 1.53605e-13 1.13633e-14 0 
0 2.75741e-13 2.15652e-12 8.91307e-12 2.72766e-11 6.86237e-11 1.4865e-10 2.84198e-10 4.86884e-10 7.55182e-10 1.06859e-09 1.38784e-09 1.66295e-09 1.84705e-09 1.9109e-09 1.85201e-09 1.69519e-09 1.48483e-09 1.27263e-09 1.10518e-09 1.0143e-09 1.01059e-09 1.07967e-09 1.18204e-09 1.26045e-09 1.25829e-09 1.14481e-09 9.32705e-10 6.72802e-10 4.26737e-10 2.37136e-10 1.15304e-10 4.90537e-11 1.82545e-11 5.92829e-12 1.66803e-12 3.99581e-13 7.83041e-14 1.13633e-14 8.74804e-16 0 
0 0 0 0 0 0 0 0 0 0 0 0 0 0 0 0 0 0 0 0 0 0 0 0 0 0 0 0 0 0 0 0 0 0 0 0 0 0 0 0 0 
