0 0 0 0 0 0 0 0 0 0 0 0 0 0 0 0 0 0 0 0 0 0 0 0 0 0 0 0 0 0 0 0 0 0 0 0 0 0 0 0 0 
0 2.62359e-07 2.35918e-06 1.05863e-05 3.28947e-05 7.8713e-05 0.000153763 0.000256034 0.000376226 0.000501358 0.000618447 0.000716714 0.000788447 0.000829099 0.000837069 0.000813374 0.000761276 0.000685879 0.000593693 0.000492132 0.000388923 0.000291379 0.000205582 0.000135603 8.29952e-05 4.68013e-05 2.41702e-05 1.13823e-05 4.87569e-06 1.89835e-06 6.72082e-07 2.16527e-07 6.34954e-08 1.6924e-08 4.08172e-09 8.81871e-10 1.67212e-10 2.66522e-11 3.22302e-12 2.11255e-13 0 
0 2.35918e-06 2.18023e-05 9.75808e-05 0.000291007 0.000646055 0.0011496 0.00174196 0.00235513 0.00293475 0.00344202 0.00384963 0.00413912 0.00430001 0.00432971 0.00423314 0.00402183 0.00371249 0.00332541 0.00288295 0.00240866 0.00192697 0.00146324 0.00104295 0.000688901 0.0004162 0.000227342 0.00011137 4.87512e-05 1.90812e-05 6.70077e-06 2.12053e-06 6.06874e-07 1.57264e-07 3.68067e-08 7.71284e-09 1.41894e-09 2.19653e-10 2.58317e-11 1.64911e-12 0 
0 1.05863e-05 9.75808e-05 0.000414258 0.00111431 0.00218198 0.00346332 0.00481513 0.00614479 0.00738333 0.00846875 0.00934604 0.00997225 0.0103209 0.0103839 0.0101716 0.00971055 0.00903966 0.00820592 0.00725932 0.00624811 0.00521518 0.00419676 0.00322463 0.00233164 0.00155623 0.00093804 0.000500569 0.000233493 9.49353e-05 3.38351e-05 1.06738e-05 3.00859e-06 7.62315e-07 1.73783e-07 3.5414e-08 6.33463e-09 9.54064e-10 1.09293e-10 6.80637e-12 0 
0 3.28947e-05 0.000291007 0.00111431 0.00262012 0.00457901 0.00676558 0.00905364 0.0113334 0.0134837 0.0153833 0.0169256 0.018029 0.0186436 0.0187541 0.0183785 0.0175641 0.0163816 0.0149164 0.0132611 0.0115063 0.00973375 0.00801006 0.00638285 0.00488165 0.00352741 0.00235011 0.0013993 0.000722363 0.000317349 0.000118527 3.8114e-05 1.07325e-05 2.68284e-06 5.99215e-07 1.19241e-07 2.0804e-08 3.05652e-09 3.41845e-10 2.08105e-11 0 
0 7.8713e-05 0.000646055 0.00218198 0.00457901 0.00749891 0.0107676 0.0142381 0.0177252 0.0210267 0.023948 0.0263215 0.0280201 0.0289664 0.0291362 0.0285572 0.0273027 0.0254818 0.0232272 0.0206824 0.0179894 0.0152778 0.0126567 0.0102083 0.00798386 0.00600352 0.00426742 0.00278448 0.00160159 0.000780269 0.000315133 0.000106027 3.03665e-05 7.57488e-06 1.66993e-06 3.26181e-07 5.57259e-08 8.01222e-09 8.77285e-10 5.23339e-11 0 
0 0.000153763 0.0011496 0.00346332 0.00676558 0.0107676 0.0153048 0.0201513 0.0250311 0.0296548 0.0337475 0.0370733 0.0394537 0.0407798 0.0410176 0.0402059 0.0384476 0.0358959 0.032737 0.0291725 0.025402 0.0216086 0.0179476 0.0145389 0.011463 0.00875877 0.00642478 0.00443378 0.00277498 0.0014973 0.000665387 0.000239615 7.11085e-05 1.79247e-05 3.93257e-06 7.58274e-07 1.27402e-07 1.79893e-08 1.93418e-09 1.13368e-10 0 
0 0.000256034 0.00174196 0.00481513 0.00905364 0.0142381 0.0201513 0.0264784 0.0328525 0.0388931 0.044241 0.0485903 0.0517136 0.0534649 0.0537806 0.0527058 0.050392 0.0470504 0.0429216 0.0382646 0.0333396 0.0283861 0.0236078 0.0191634 0.015162 0.0116623 0.00867408 0.00616155 0.00406839 0.00237967 0.0011609 0.000452891 0.000141366 3.64357e-05 8.01957e-06 1.53515e-06 2.54761e-07 3.54543e-08 3.75488e-09 2.16836e-10 0 
0 0.000376226 0.00235513 0.00614479 0.0113334 0.0177252 0.0250311 0.0328525 0.0407331 0.048203 0.0548329 0.0603117 0.0644234 0.0668567 0.0673102 0.0657934 0.0626571 0.0583544 0.0531953 0.047429 0.0413396 0.0352164 0.0293111 0.0238207 0.0188817 0.0145707 0.0109076 0.00785927 0.00534967 0.00330644 0.00174251 0.000735818 0.000243517 6.47425e-05 1.4394e-05 2.74937e-06 4.52477e-07 6.22755e-08 6.51627e-09 3.71761e-10 0 
0 0.000501358 0.00293475 0.00738333 0.0134837 0.0210267 0.0296548 0.0388931 0.048203 0.0570512 0.0650781 0.0721454 0.0775783 0.0805818 0.0811265 0.0793321 0.0752825 0.0695476 0.0630501 0.0561317 0.0489253 0.0416923 0.0347182 0.0282354 0.0224058 0.0173218 0.0130113 0.00944377 0.00653673 0.00418298 0.00233419 0.00105587 0.000370489 0.000102052 2.30255e-05 4.40605e-06 7.21588e-07 9.85222e-08 1.02141e-08 5.77193e-10 0 
0 0.000618447 0.00344202 0.00846875 0.0153833 0.023948 0.0337475 0.044241 0.0548329 0.0650781 0.0748897 0.083073 0.0880735 0.0904702 0.0909096 0.0895469 0.0861416 0.0802083 0.0722651 0.0639473 0.0556553 0.047429 0.0395078 0.0321456 0.0255267 0.0197566 0.0148694 0.0108359 0.0075706 0.00494803 0.00287203 0.00137141 0.000506901 0.00014461 3.31778e-05 6.37674e-06 1.04203e-06 1.41513e-07 1.45731e-08 8.17683e-10 0 
0 0.000716714 0.00384963 0.00934604 0.0169256 0.0263215 0.0370733 0.0485903 0.0603117 0.0721454 0.083073 0.0902236 0.0941704 0.0960971 0.0964688 0.0953925 0.0927105 0.0879168 0.0802186 0.0706236 0.0611838 0.0520988 0.0434039 0.0353265 0.0280653 0.0217368 0.0163794 0.0119641 0.00840332 0.00556195 0.00331239 0.00164485 0.000633799 0.000186431 4.34649e-05 8.39996e-06 1.37216e-06 1.85754e-07 1.90442e-08 1.06333e-09 0 
0 0.000788447 0.00413912 0.00997225 0.018029 0.0280201 0.0394537 0.0517136 0.0644234 0.0775783 0.0880735 0.0941704 0.0976087 0.0993223 0.0996642 0.0987196 0.096374 0.0922461 0.0854995 0.0757161 0.0652561 0.055457 0.0461978 0.0376077 0.0298862 0.0231573 0.0174624 0.0127725 0.00899804 0.00599896 0.00362909 0.0018491 0.000733843 0.000220945 5.21932e-05 1.014e-05 1.65766e-06 2.24073e-07 2.29161e-08 1.27587e-09 0 
0 0.000829099 0.00430001 0.0103209 0.0186436 0.0289664 0.0407798 0.0534649 0.0668567 0.0805818 0.0904702 0.0960971 0.0993223 0.100946 0.101276 0.100388 0.0981856 0.0943414 0.0881077 0.0786086 0.0676168 0.0573463 0.047762 0.0388852 0.0309065 0.0239538 0.0180703 0.0132266 0.00933225 0.00624482 0.00380904 0.00196851 0.000794785 0.000242761 5.78493e-05 1.12845e-05 1.84717e-06 2.49673e-07 2.55164e-08 1.41932e-09 0 
0 0.000837069 0.00432971 0.0103839 0.0187541 0.0291362 0.0410176 0.0537806 0.0673102 0.0811265 0.0909096 0.0964688 0.0996642 0.101276 0.101605 0.100726 0.0985444 0.0947426 0.0885883 0.0791511 0.0680662 0.0577008 0.0480559 0.0391266 0.0311008 0.0241068 0.0181884 0.0133163 0.00939998 0.00629676 0.00384959 0.00199769 0.000810907 0.000248931 5.95365e-05 1.16412e-05 1.90858e-06 2.58279e-07 2.64229e-08 1.47118e-09 0 
0 0.000813374 0.00423314 0.0101716 0.0183785 0.0285572 0.0402059 0.0527058 0.0657934 0.0793321 0.0895469 0.0953925 0.0987196 0.100388 0.100726 0.0998129 0.0975453 0.0935736 0.0871066 0.0774285 0.0666338 0.0565692 0.0471244 0.038369 0.0304987 0.0236397 0.017835 0.0130555 0.00921196 0.00616327 0.00375705 0.00194001 0.000783105 0.000239474 5.72058e-05 1.11946e-05 1.83897e-06 2.49499e-07 2.55984e-08 1.42969e-09 0 
0 0.000761276 0.00402183 0.00971055 0.0175641 0.0273027 0.0384476 0.050392 0.0626571 0.0752825 0.0861416 0.0927105 0.096374 0.0981856 0.0985444 0.0975453 0.0950575 0.090651 0.0834588 0.0736257 0.0635956 0.0541101 0.0450882 0.0367107 0.029179 0.0226143 0.0170574 0.0124799 0.00879422 0.00586327 0.00354583 0.0018066 0.000718228 0.000217186 5.16302e-05 1.01044e-05 1.66478e-06 2.26874e-07 2.33995e-08 1.31433e-09 0 
0 0.000685879 0.00371249 0.00903966 0.0163816 0.0254818 0.0358959 0.0470504 0.0583544 0.0695476 0.0802083 0.0879168 0.0922461 0.0943414 0.0947426 0.0935736 0.090651 0.0854221 0.0774547 0.0683025 0.0593201 0.0505492 0.0421265 0.0342982 0.0272591 0.0211226 0.0159263 0.0116422 0.00818539 0.00542495 0.00323823 0.00161579 0.000628022 0.000186936 4.41657e-05 8.65259e-06 1.43304e-06 1.9674e-07 2.04652e-08 1.16003e-09 0 
0 0.000593693 0.00332541 0.00820592 0.0149164 0.0232272 0.032737 0.0429216 0.0531953 0.0630501 0.0722651 0.0802186 0.0854995 0.0881077 0.0885883 0.0871066 0.0834588 0.0774547 0.0699655 0.0621144 0.0541215 0.0461452 0.0384575 0.0313101 0.0248824 0.0192773 0.0145284 0.0106079 0.00743377 0.00488502 0.00286515 0.00139299 0.000527739 0.000154657 3.64066e-05 7.16688e-06 1.19832e-06 1.66478e-07 1.75426e-08 1.00767e-09 0 
0 0.000492132 0.00288295 0.00725932 0.0132611 0.0206824 0.0291725 0.0382646 0.047429 0.0561317 0.0639473 0.0706236 0.0757161 0.0786086 0.0791511 0.0774285 0.0736257 0.0683025 0.0621144 0.055365 0.0482876 0.0411763 0.0343175 0.0279403 0.0222045 0.0172013 0.012959 0.00944969 0.00659546 0.00429009 0.00246833 0.00117044 0.000434425 0.000126304 2.98615e-05 5.94984e-06 1.0107e-06 1.42848e-07 1.53149e-08 8.94475e-10 0 
0 0.000388923 0.00240866 0.00624811 0.0115063 0.0179894 0.025402 0.0333396 0.0413396 0.0489253 0.0556553 0.0611838 0.0652561 0.0676168 0.0680662 0.0666338 0.0635956 0.0593201 0.0541215 0.0482876 0.0421221 0.0359212 0.0299409 0.024381 0.0193804 0.0150175 0.011315 0.00824484 0.00573592 0.00370176 0.00210369 0.00098616 0.000365024 0.000107067 2.57465e-05 5.23565e-06 9.07936e-07 1.30827e-07 1.42708e-08 8.46115e-10 0 
0 0.000291379 0.00192697 0.00521518 0.00973375 0.0152778 0.0216086 0.0283861 0.0352164 0.0416923 0.047429 0.0520988 0.055457 0.0573463 0.0577008 0.0565692 0.0541101 0.0505492 0.0461452 0.0411763 0.0359212 0.0306373 0.0255431 0.0208092 0.0165536 0.0128427 0.00969447 0.00708182 0.00494253 0.00320623 0.0018414 0.00087985 0.000334425 0.00010094 2.49079e-05 5.17216e-06 9.11375e-07 1.3287e-07 1.46129e-08 8.70996e-10 0 
0 0.000205582 0.00146324 0.00419676 0.00801006 0.0126567 0.0179476 0.0236078 0.0293111 0.0347182 0.0395078 0.0434039 0.0461978 0.047762 0.0480559 0.0471244 0.0450882 0.0421265 0.0384575 0.0343175 0.0299409 0.0255431 0.0213072 0.0173763 0.0138526 0.0108006 0.0082422 0.00613843 0.00439903 0.00294602 0.0017622 0.00088535 0.000353327 0.000110442 2.77656e-05 5.80328e-06 1.02173e-06 1.48216e-07 1.61816e-08 9.56202e-10 0 
0 0.000135603 0.00104295 0.00322463 0.00638285 0.0102083 0.0145389 0.0191634 0.0238207 0.0282354 0.0321456 0.0353265 0.0376077 0.0388852 0.0391266 0.038369 0.0367107 0.0342982 0.0313101 0.0279403 0.024381 0.0208092 0.0173763 0.0142075 0.0114201 0.00914635 0.00746117 0.00618305 0.00490449 0.0034531 0.00208121 0.00105627 0.000431455 0.000136648 3.41692e-05 7.02439e-06 1.21152e-06 1.72052e-07 1.84011e-08 1.06647e-09 0 
0 8.29952e-05 0.000688901 0.00233164 0.00488165 0.00798386 0.011463 0.015162 0.0188817 0.0224058 0.0255267 0.0280653 0.0298862 0.0309065 0.0311008 0.0304987 0.029179 0.0272591 0.0248824 0.0222045 0.0193804 0.0165536 0.0138526 0.0114201 0.00952911 0.00871005 0.00934917 0.010534 0.0101355 0.00739166 0.00400985 0.00171503 0.00061812 0.000182993 4.34445e-05 8.53682e-06 1.41866e-06 1.95288e-07 2.03273e-08 1.15018e-09 0 
0 4.68013e-05 0.0004162 0.00155623 0.00352741 0.00600352 0.00875877 0.0116623 0.0145707 0.0173218 0.0197566 0.0217368 0.0231573 0.0239538 0.0241068 0.0236397 0.0226143 0.0211226 0.0192773 0.0172013 0.0150175 0.0128427 0.0108006 0.00914635 0.00871005 0.0114157 0.0187597 0.0279766 0.0322156 0.0215621 0.0109137 0.0039091 0.0010946 0.000264851 5.50204e-05 9.89169e-06 1.55571e-06 2.06543e-07 2.09104e-08 1.15593e-09 0 
0 2.41702e-05 0.000227342 0.00093804 0.00235011 0.00426742 0.00642478 0.00867408 0.0109076 0.0130113 0.0148694 0.0163794 0.0174624 0.0180703 0.0181884 0.017835 0.0170574 0.0159263 0.0145284 0.012959 0.011315 0.00969447 0.0082422 0.00746117 0.00934917 0.0187597 0.0403606 0.0738501 0.0794327 0.0583334 0.0253952 0.00854626 0.00204999 0.000397047 6.77588e-05 1.05987e-05 1.54314e-06 1.97016e-07 1.94656e-08 1.05591e-09 0 
0 1.13823e-05 0.00011137 0.000500569 0.0013993 0.00278448 0.00443378 0.00616155 0.00785927 0.00944377 0.0108359 0.0119641 0.0127725 0.0132266 0.0133163 0.0130555 0.0124799 0.0116422 0.0106079 0.00944969 0.00824484 0.00708182 0.00613843 0.00618305 0.010534 0.0279766 0.0738501 0.087566 0.0893168 0.0832908 0.0490605 0.013769 0.00311936 0.000529269 7.5863e-05 1.01556e-05 1.34972e-06 1.65798e-07 1.60897e-08 8.62415e-10 0 
0 4.87569e-06 4.87512e-05 0.000233493 0.000722363 0.00160159 0.00277498 0.00406839 0.00534967 0.00653673 0.0075706 0.00840332 0.00899804 0.00933225 0.00939998 0.00921196 0.00879422 0.00818539 0.00743377 0.00659546 0.00573592 0.00494253 0.00439903 0.00490449 0.0101355 0.0322156 0.0794327 0.0893168 0.0906375 0.0857194 0.0586446 0.0151827 0.00337633 0.000541173 6.97134e-05 8.26692e-06 1.01545e-06 1.21176e-07 1.16627e-08 6.2308e-10 0 
0 1.89835e-06 1.90812e-05 9.49353e-05 0.000317349 0.000780269 0.0014973 0.00237967 0.00330644 0.00418298 0.00494803 0.00556195 0.00599896 0.00624482 0.00629676 0.00616327 0.00586327 0.00542495 0.00488502 0.00429009 0.00370176 0.00320623 0.00294602 0.0034531 0.00739166 0.0215621 0.0583334 0.0832908 0.0857194 0.0776053 0.035764 0.0112421 0.00249477 0.000393813 4.84722e-05 5.41903e-06 6.41915e-07 7.60864e-08 7.35758e-09 3.95606e-10 0 
0 6.72082e-07 6.70077e-06 3.38351e-05 0.000118527 0.000315133 0.000665387 0.0011609 0.00174251 0.00233419 0.00287203 0.00331239 0.00362909 0.00380904 0.00384959 0.00375705 0.00354583 0.00323823 0.00286515 0.00246833 0.00210369 0.0018414 0.0017622 0.00208121 0.00400985 0.0109137 0.0253952 0.0490605 0.0586446 0.035764 0.0168918 0.00557196 0.00124813 0.000199013 2.45548e-05 2.77592e-06 3.36635e-07 4.08437e-08 4.02592e-09 2.19986e-10 0 
0 2.16527e-07 2.12053e-06 1.06738e-05 3.8114e-05 0.000106027 0.000239615 0.000452891 0.000735818 0.00105587 0.00137141 0.00164485 0.0018491 0.00196851 0.00199769 0.00194001 0.0018066 0.00161579 0.00139299 0.00117044 0.00098616 0.00087985 0.00088535 0.00105627 0.00171503 0.0039091 0.00854626 0.013769 0.0151827 0.0112421 0.00557196 0.00185806 0.000425968 7.00589e-05 9.09295e-06 1.11859e-06 1.47183e-07 1.87757e-08 1.91039e-09 1.07014e-10 0 
0 6.34954e-08 6.06874e-07 3.00859e-06 1.07325e-05 3.03665e-05 7.11085e-05 0.000141366 0.000243517 0.000370489 0.000506901 0.000633799 0.000733843 0.000794785 0.000810907 0.000783105 0.000718228 0.000628022 0.000527739 0.000434425 0.000365024 0.000334425 0.000353327 0.000431455 0.00061812 0.0010946 0.00204999 0.00311936 0.00337633 0.00249477 0.00124813 0.000425968 0.000101352 1.77217e-05 2.57712e-06 3.69423e-07 5.46644e-08 7.43515e-09 7.8751e-10 4.55411e-11 0 
0 1.6924e-08 1.57264e-07 7.62315e-07 2.68284e-06 7.57488e-06 1.79247e-05 3.64357e-05 6.47425e-05 0.000102052 0.00014461 0.000186431 0.000220945 0.000242761 0.000248931 0.000239474 0.000217186 0.000186936 0.000154657 0.000126304 0.000107067 0.00010094 0.000110442 0.000136648 0.000182993 0.000264851 0.000397047 0.000529269 0.000541173 0.000393813 0.000199013 7.00589e-05 1.77217e-05 3.48719e-06 6.10453e-07 1.05549e-07 1.75787e-08 2.55098e-09 2.82489e-10 1.69509e-11 0 
0 4.08172e-09 3.68067e-08 1.73783e-07 5.99215e-07 1.66993e-06 3.93257e-06 8.01957e-06 1.4394e-05 2.30255e-05 3.31778e-05 4.34649e-05 5.21932e-05 5.78493e-05 5.95365e-05 5.72058e-05 5.16302e-05 4.41657e-05 3.64066e-05 2.98615e-05 2.57465e-05 2.49079e-05 2.77656e-05 3.41692e-05 4.34445e-05 5.50204e-05 6.77588e-05 7.5863e-05 6.97134e-05 4.84722e-05 2.45548e-05 9.09295e-06 2.57712e-06 6.10453e-07 1.32365e-07 2.69448e-08 4.93408e-09 7.59779e-10 8.81281e-11 5.50568e-12 0 
0 8.81871e-10 7.71284e-09 3.5414e-08 1.19241e-07 3.26181e-07 7.58274e-07 1.53515e-06 2.74937e-06 4.40605e-06 6.37674e-06 8.39996e-06 1.014e-05 1.12845e-05 1.16412e-05 1.11946e-05 1.01044e-05 8.65259e-06 7.16688e-06 5.94984e-06 5.23565e-06 5.17216e-06 5.80328e-06 7.02439e-06 8.53682e-06 9.89169e-06 1.05987e-05 1.01556e-05 8.26692e-06 5.41903e-06 2.77592e-06 1.11859e-06 3.69423e-07 1.05549e-07 2.69448e-08 6.11928e-09 1.20305e-09 1.95567e-10 2.3774e-11 1.54925e-12 0 
0 1.67212e-10 1.41894e-09 6.33463e-09 2.0804e-08 5.57259e-08 1.27402e-07 2.54761e-07 4.52477e-07 7.21588e-07 1.04203e-06 1.37216e-06 1.65766e-06 1.84717e-06 1.90858e-06 1.83897e-06 1.66478e-06 1.43304e-06 1.19832e-06 1.0107e-06 9.07936e-07 9.11375e-07 1.02173e-06 1.21152e-06 1.41866e-06 1.55571e-06 1.54314e-06 1.34972e-06 1.01545e-06 6.41915e-07 3.36635e-07 1.47183e-07 5.46644e-08 1.75787e-08 4.93408e-09 1.20305e-09 2.50497e-10 4.28433e-11 5.45656e-12 3.71146e-13 0 
0 2.66522e-11 2.19653e-10 9.54064e-10 3.05652e-09 8.01222e-09 1.79893e-08 3.54543e-08 6.22755e-08 9.85222e-08 1.41513e-07 1.85754e-07 2.24073e-07 2.49673e-07 2.58279e-07 2.49499e-07 2.26874e-07 1.9674e-07 1.66478e-07 1.42848e-07 1.30827e-07 1.3287e-07 1.48216e-07 1.72052e-07 1.95288e-07 2.06543e-07 1.97016e-07 1.65798e-07 1.21176e-07 7.60864e-08 4.08437e-08 1.87757e-08 7.43515e-09 2.55098e-09 7.59779e-10 1.95567e-10 4.28433e-11 7.68921e-12 1.02482e-12 7.27331e-14 0 
0 3.22302e-12 2.58317e-11 1.09293e-10 3.41845e-10 8.77285e-10 1.93418e-09 3.75488e-09 6.51627e-09 1.02141e-08 1.45731e-08 1.90442e-08 2.29161e-08 2.55164e-08 2.64229e-08 2.55984e-08 2.33995e-08 2.04652e-08 1.75426e-08 1.53149e-08 1.42708e-08 1.46129e-08 1.61816e-08 1.84011e-08 2.03273e-08 2.09104e-08 1.94656e-08 1.60897e-08 1.16627e-08 7.35758e-09 4.02592e-09 1.91039e-09 7.8751e-10 2.82489e-10 8.81281e-11 2.3774e-11 5.45656e-12 1.02482e-12 1.42682e-13 1.05548e-14 0 
0 2.11255e-13 1.64911e-12 6.80637e-12 2.08105e-11 5.23339e-11 1.13368e-10 2.16836e-10 3.71761e-10 5.77193e-10 8.17683e-10 1.06333e-09 1.27587e-09 1.41932e-09 1.47118e-09 1.42969e-09 1.31433e-09 1.16003e-09 1.00767e-09 8.94475e-10 8.46115e-10 8.70996e-10 9.56202e-10 1.06647e-09 1.15018e-09 1.15593e-09 1.05591e-09 8.62415e-10 6.2308e-10 3.95606e-10 2.19986e-10 1.07014e-10 4.55411e-11 1.69509e-11 5.50568e-12 1.54925e-12 3.71146e-13 7.27331e-14 1.05548e-14 8.12547e-16 0 
0 0 0 0 0 0 0 0 0 0 0 0 0 0 0 0 0 0 0 0 0 0 0 0 0 0 0 0 0 0 0 0 0 0 0 0 0 0 0 0 0 
