0 0 0 0 0 0 0 0 0 0 0 0 0 0 0 0 0 0 0 0 0 0 0 0 0 0 0 0 0 0 0 0 0 0 0 0 0 0 0 0 0 
0 2.50414e-07 2.25384e-06 1.01318e-05 3.15667e-05 7.5784e-05 0.000148559 0.000248187 0.000365743 0.000488532 0.000603715 0.000700561 0.00077135 0.000811509 0.000819407 0.000796034 0.00074463 0.000670276 0.000579455 0.000479544 0.000378205 0.000282658 0.000198863 0.000130752 7.97455e-05 4.48022e-05 2.30504e-05 1.08147e-05 4.61635e-06 1.7916e-06 6.32476e-07 2.03259e-07 5.9477e-08 1.58242e-08 3.8107e-09 8.22284e-10 1.55753e-10 2.48047e-11 2.99754e-12 1.96366e-13 0 
0 2.25384e-06 2.08591e-05 9.36386e-05 0.000280489 0.000625909 0.00111923 0.00170287 0.00230937 0.00288401 0.00338756 0.00379245 0.00408011 0.00424005 0.00426965 0.0041738 0.00396394 0.0036567 0.00327229 0.00283306 0.00236263 0.00188558 0.0014274 0.00101355 0.000666517 0.00040069 0.000217738 0.00010612 4.6233e-05 1.80198e-05 6.30562e-06 1.98964e-06 5.68065e-07 1.46926e-07 3.43345e-08 7.18602e-09 1.32074e-09 2.04294e-10 2.40109e-11 1.53212e-12 0 
0 1.01318e-05 9.36386e-05 0.000399532 0.00108181 0.00213172 0.0033996 0.00474112 0.00606178 0.00729197 0.00836992 0.00924107 0.00986289 0.0102091 0.0102718 0.0100613 0.0096036 0.00893757 0.0081097 0.00716952 0.00616488 0.00513842 0.00412645 0.00316125 0.00227655 0.00151152 0.00090541 0.000479893 0.000222368 8.98793e-05 3.18776e-05 1.00181e-05 2.81563e-06 7.11875e-07 1.62019e-07 3.29758e-08 5.89297e-09 8.86911e-10 1.01544e-10 6.32116e-12 0 
0 3.15667e-05 0.000280489 0.00108181 0.00256284 0.00450289 0.00667348 0.00894511 0.0112079 0.013342 0.0152272 0.0167577 0.0178528 0.0184629 0.0185728 0.0182002 0.0173922 0.0162188 0.0147649 0.013122 0.0113802 0.0096203 0.00790831 0.00629141 0.00479935 0.00345437 0.0022886 0.00135287 0.000692716 0.000301905 0.000111992 3.58237e-05 1.00493e-05 2.50534e-06 5.58518e-07 1.10994e-07 1.93467e-08 2.84044e-09 3.17518e-10 1.93222e-11 0 
0 7.5784e-05 0.000625909 0.00213172 0.00450289 0.00740032 0.0106443 0.0140878 0.0175476 0.0208233 0.0237219 0.0260772 0.0277628 0.028702 0.0288708 0.0282965 0.0270519 0.0252453 0.0230082 0.020483 0.0178106 0.0151195 0.012518 0.0100872 0.00787772 0.00590957 0.00418424 0.00271388 0.00154833 0.000747304 0.000299142 9.99251e-05 2.84715e-05 7.07755e-06 1.55671e-06 3.03602e-07 5.1815e-08 7.44465e-09 8.14738e-10 4.85856e-11 0 
0 0.000148559 0.00111923 0.0033996 0.00667348 0.0106443 0.0151454 0.0199533 0.0247946 0.029382 0.0334429 0.0367432 0.0391055 0.0404217 0.040658 0.0398529 0.0381085 0.0355766 0.0324422 0.0289052 0.0251638 0.0213996 0.0177666 0.0143836 0.0113303 0.00864477 0.00632537 0.00434656 0.00270198 0.00144446 0.000635335 0.0002267 6.68162e-05 1.67661e-05 3.66774e-06 7.05924e-07 1.18468e-07 1.67151e-08 1.79628e-09 1.05248e-10 0 
0 0.000248187 0.00170287 0.00474112 0.00894511 0.0140878 0.0199533 0.0262299 0.0325536 0.0385471 0.0438537 0.0481689 0.0512659 0.0530003 0.0533131 0.05225 0.0499578 0.0466437 0.042547 0.037926 0.0330388 0.0281234 0.023382 0.0189716 0.0150005 0.0115267 0.00855901 0.00606202 0.00398211 0.00231036 0.00111527 0.000430458 0.000133211 3.41336e-05 7.48559e-06 1.42977e-06 2.36953e-07 3.29483e-08 3.48758e-09 2.01328e-10 0 
0 0.000365743 0.00230937 0.00606178 0.0112079 0.0175476 0.0247946 0.0325536 0.0403724 0.0477841 0.0543594 0.0597757 0.0638058 0.0661701 0.0666093 0.0651395 0.0620823 0.057848 0.0527396 0.0470194 0.0409768 0.0349005 0.0290407 0.0235925 0.0186913 0.0144128 0.0107765 0.00774857 0.00525415 0.00322576 0.00168324 0.000702697 0.000230213 6.07668e-05 1.34496e-05 2.56219e-06 4.21008e-07 5.78892e-08 6.05372e-09 3.4524e-10 0 
0 0.000488532 0.00288401 0.00729197 0.013342 0.0208233 0.029382 0.0385471 0.0477841 0.0565587 0.0644823 0.0713733 0.0766735 0.0796479 0.0801899 0.0784013 0.0744265 0.0688575 0.0624957 0.0556527 0.0485043 0.0413267 0.034406 0.0279729 0.0221881 0.0171429 0.0128646 0.00932242 0.00643382 0.00409483 0.00226478 0.00101273 0.000351393 9.59804e-05 2.15403e-05 4.10899e-06 6.71719e-07 9.16152e-08 9.49181e-09 5.36157e-10 0 
0 0.000603715 0.00338756 0.00836992 0.0152272 0.0237219 0.0334429 0.0438537 0.0543594 0.0644823 0.0740629 0.082154 0.0872643 0.08974 0.0901914 0.0887769 0.0852688 0.0792979 0.0715349 0.0633867 0.0551813 0.04702 0.0391593 0.0318534 0.0252851 0.0195593 0.0147091 0.010705 0.00746143 0.0048548 0.00279576 0.00132014 0.000482205 0.000136274 3.1075e-05 5.95127e-06 9.70516e-07 1.31645e-07 1.35473e-08 7.59784e-10 0 
0 0.000700561 0.00379245 0.00924107 0.0167577 0.0260772 0.0367432 0.0481689 0.0597757 0.0713733 0.082154 0.0894924 0.0935815 0.0955743 0.0959556 0.0948376 0.0920568 0.0871015 0.0793315 0.0699392 0.0606566 0.0516544 0.0430264 0.0350105 0.0278048 0.0215247 0.016208 0.0118254 0.00828914 0.00546521 0.00323181 0.00158772 0.000604404 0.00017599 4.07551e-05 7.84515e-06 1.27866e-06 1.72873e-07 1.77101e-08 9.88375e-10 0 
0 0.00077135 0.00408011 0.00986289 0.0178528 0.0277628 0.0391055 0.0512659 0.0638058 0.0766735 0.0872643 0.0935815 0.0971405 0.0989095 0.0992595 0.0982798 0.0958505 0.0915764 0.0846426 0.0749128 0.0646709 0.0549857 0.0458 0.0372751 0.0296124 0.0229349 0.0172833 0.0126284 0.00888039 0.00590001 0.00354605 0.00178828 0.000701087 0.000208857 4.89845e-05 9.47635e-06 1.54547e-06 2.08624e-07 2.13191e-08 1.18638e-09 0 
0 0.000811509 0.00424005 0.0102091 0.0184629 0.028702 0.0404217 0.0530003 0.0661701 0.0796479 0.08974 0.0955743 0.0989095 0.100584 0.100921 0.100001 0.0977223 0.0937435 0.0873107 0.0777577 0.0669857 0.0568587 0.0473536 0.0385441 0.030626 0.0237262 0.0178873 0.0130798 0.00921294 0.00614494 0.003725 0.00190591 0.000760183 0.000229694 5.43308e-05 1.05517e-05 1.72297e-06 2.32561e-07 2.37484e-08 1.32033e-09 0 
0 0.000819407 0.00426965 0.0102718 0.0185728 0.0288708 0.040658 0.0533131 0.0666093 0.0801899 0.0901914 0.0959556 0.0992595 0.100921 0.101258 0.100347 0.0980902 0.0941557 0.0878022 0.078294 0.0674265 0.0572113 0.0476467 0.038785 0.0308199 0.0238791 0.0180054 0.0131696 0.00928092 0.00619723 0.0037658 0.001935 0.000775997 0.000235651 5.59422e-05 1.08903e-05 1.78108e-06 2.40694e-07 2.46046e-08 1.36932e-09 0 
0 0.000796034 0.0041738 0.0100613 0.0182002 0.0282965 0.0398529 0.05225 0.0651395 0.0784013 0.0887769 0.0948376 0.0982798 0.100001 0.100347 0.0994008 0.0970537 0.0929425 0.0862794 0.0765951 0.0660272 0.0560926 0.046724 0.0380347 0.0302238 0.0234168 0.0176558 0.0129118 0.00909506 0.00606535 0.00367469 0.0018788 0.000749345 0.00022673 5.37696e-05 1.04773e-05 1.71707e-06 2.32656e-07 2.38536e-08 1.33174e-09 0 
0 0.00074463 0.00396394 0.0096036 0.0173922 0.0270519 0.0381085 0.0499578 0.0620823 0.0744265 0.0852688 0.0920568 0.0958505 0.0977223 0.0980902 0.0970538 0.0944767 0.0899174 0.0825742 0.0728774 0.0630448 0.0536571 0.044705 0.0363907 0.0289158 0.0224006 0.0168854 0.0123416 0.00868127 0.00576823 0.00346615 0.0017484 0.000686932 0.000205615 4.85451e-05 9.46272e-06 1.55569e-06 2.11764e-07 2.1829e-08 1.22584e-09 0 
0 0.000670276 0.0036567 0.00893757 0.0162188 0.0252453 0.0355766 0.0466437 0.057848 0.0688575 0.0792979 0.0871015 0.0915764 0.0937435 0.0941557 0.0929425 0.0899174 0.0845512 0.0766246 0.0676827 0.0588235 0.0501264 0.0417677 0.0339984 0.0270124 0.0209221 0.0157646 0.0115116 0.00807803 0.00533409 0.00316264 0.00156217 0.000600279 0.000176985 4.15541e-05 8.11216e-06 1.34106e-06 1.83954e-07 1.91293e-08 1.08433e-09 0 
0 0.000579455 0.00327229 0.0081097 0.0147649 0.0230082 0.0324422 0.042547 0.0527396 0.0624957 0.0715349 0.0793315 0.0846426 0.0873107 0.0878022 0.0862794 0.0825742 0.0766246 0.0693169 0.0615914 0.0536724 0.0457578 0.0381284 0.0310351 0.024656 0.0190932 0.0143795 0.0104871 0.00733361 0.00479987 0.00279539 0.00134546 0.000504292 0.00014653 3.43082e-05 6.73429e-06 1.12448e-06 1.56151e-07 1.64556e-08 9.45598e-10 0 
0 0.000479544 0.00283306 0.00716952 0.013122 0.020483 0.0289052 0.037926 0.0470194 0.0556527 0.0633867 0.0699392 0.0749128 0.0777577 0.078294 0.0765951 0.0728774 0.0676827 0.0615914 0.0549067 0.0478852 0.0408282 0.0340218 0.0276933 0.0220012 0.0170359 0.0128251 0.00934049 0.00650431 0.00421272 0.00240654 0.00113029 0.000415532 0.000119947 2.82382e-05 5.61494e-06 9.53155e-07 1.34726e-07 1.44513e-08 8.44652e-10 0 
0 0.000378205 0.00236263 0.00616488 0.0113802 0.0178106 0.0251638 0.0330388 0.0409768 0.0485043 0.0551813 0.0606566 0.0646709 0.0669857 0.0674265 0.0660272 0.0630448 0.0588235 0.0536724 0.0478852 0.0417675 0.0356147 0.0296807 0.024164 0.0192021 0.0148727 0.0111979 0.00814929 0.00565625 0.00363502 0.0020521 0.000954011 0.000350366 0.000102198 2.45018e-05 4.97661e-06 8.6291e-07 1.24394e-07 1.35787e-08 8.05743e-10 0 
0 0.000282658 0.00188558 0.00513842 0.0096203 0.0151195 0.0213996 0.0281234 0.0349005 0.0413267 0.04702 0.0516544 0.0549857 0.0568587 0.0572113 0.0560926 0.0536571 0.0501264 0.0457578 0.0408282 0.0356147 0.0303725 0.0253189 0.0206228 0.0164012 0.0127198 0.00959595 0.00700244 0.00487764 0.00315334 0.00180154 0.00085526 0.000323129 9.71235e-05 2.39134e-05 4.96169e-06 8.7428e-07 1.2751e-07 1.40308e-08 8.36773e-10 0 
0 0.000198863 0.0014274 0.00412645 0.00790831 0.012518 0.0177666 0.023382 0.0290407 0.034406 0.0391593 0.0430264 0.0458 0.0473536 0.0476467 0.046724 0.044705 0.0417677 0.0381284 0.0340218 0.0296807 0.0253189 0.021118 0.01722 0.0137262 0.0107003 0.00816368 0.00607718 0.00435099 0.00290822 0.0017336 0.000866803 0.000344215 0.00010719 2.68893e-05 5.61457e-06 9.88203e-07 1.43357e-07 1.56537e-08 9.25205e-10 0 
0 0.000130752 0.00101355 0.00316125 0.00629141 0.0100872 0.0143836 0.0189716 0.0235925 0.0279729 0.0318534 0.0350105 0.0372751 0.0385441 0.038785 0.0380347 0.0363907 0.0339984 0.0310351 0.0276933 0.024164 0.0206228 0.01722 0.0140799 0.0113189 0.0090676 0.00739953 0.00613371 0.00486537 0.00342367 0.00205995 0.00104176 0.000423494 0.000133554 3.3303e-05 6.83638e-06 1.17832e-06 1.67292e-07 1.78903e-08 1.03683e-09 0 
0 7.97455e-05 0.000666517 0.00227655 0.00479935 0.00787772 0.0113303 0.0150005 0.0186913 0.0221881 0.0252851 0.0278048 0.0296124 0.030626 0.0308199 0.0302238 0.0289158 0.0270124 0.024656 0.0220012 0.0192021 0.0164012 0.0137262 0.0113189 0.00944979 0.00864397 0.00928379 0.0104633 0.0100683 0.00734226 0.00398176 0.0017006 0.00061056 0.000179837 4.25291e-05 8.33888e-06 1.38438e-06 1.90483e-07 1.98226e-08 1.12146e-09 0 
0 4.48022e-05 0.00040069 0.00151152 0.00345437 0.00590957 0.00864477 0.0115267 0.0144128 0.0171429 0.0195593 0.0215247 0.0229349 0.0237262 0.0238791 0.0234168 0.0224006 0.0209221 0.0190932 0.0170359 0.0148727 0.0127198 0.0107003 0.0090676 0.00864397 0.011338 0.0186373 0.0276629 0.0316166 0.0214219 0.0108429 0.0038829 0.00108562 0.000261518 5.40542e-05 9.68641e-06 1.52112e-06 2.01826e-07 2.0427e-08 1.12901e-09 0 
0 2.30504e-05 0.000217738 0.00090541 0.0022886 0.00418424 0.00632537 0.00855901 0.0107765 0.0128646 0.0147091 0.016208 0.0172833 0.0178873 0.0180054 0.0176558 0.0168854 0.0157646 0.0143795 0.0128251 0.0111979 0.00959595 0.00816368 0.00739953 0.00928379 0.0186373 0.0399063 0.0731334 0.0791503 0.0574015 0.0252309 0.00849099 0.00203594 0.000393318 6.67819e-05 1.04001e-05 1.51082e-06 1.92726e-07 1.90354e-08 1.03239e-09 0 
0 1.08147e-05 0.00010612 0.000479893 0.00135287 0.00271388 0.00434656 0.00606202 0.00774857 0.00932242 0.010705 0.0118254 0.0126284 0.0130798 0.0131696 0.0129118 0.0123416 0.0115116 0.0104871 0.00934049 0.00814929 0.00700244 0.00607718 0.00613371 0.0104633 0.0276629 0.0731334 0.0876111 0.0894472 0.0832825 0.0482261 0.0136804 0.00309889 0.000525073 7.49445e-05 9.98303e-06 1.32275e-06 1.62299e-07 1.57442e-08 8.43741e-10 0 
0 4.61635e-06 4.6233e-05 0.000222368 0.000692716 0.00154833 0.00270198 0.00398211 0.00525415 0.00643382 0.00746143 0.00828914 0.00888039 0.00921294 0.00928092 0.00909506 0.00868127 0.00807803 0.00733361 0.00650431 0.00565625 0.00487764 0.00435099 0.00486537 0.0100683 0.0316166 0.0791503 0.0894472 0.0908184 0.0857648 0.0576978 0.0150836 0.00335435 0.000537137 6.89545e-05 8.13653e-06 9.95853e-07 1.1867e-07 1.14168e-08 6.09838e-10 0 
0 1.7916e-06 1.80198e-05 8.98793e-05 0.000301905 0.000747304 0.00144446 0.00231036 0.00322576 0.00409483 0.0048548 0.00546521 0.00590001 0.00614494 0.00619723 0.00606535 0.00576823 0.00533409 0.00479987 0.00421272 0.00363502 0.00315334 0.00290822 0.00342367 0.00734226 0.0214219 0.0574015 0.0832825 0.0857648 0.0771641 0.0352815 0.0111698 0.00247849 0.000390865 4.79588e-05 5.33623e-06 6.29743e-07 7.45319e-08 7.20425e-09 3.87302e-10 0 
0 6.32476e-07 6.30562e-06 3.18776e-05 0.000111992 0.000299142 0.000635335 0.00111527 0.00168324 0.00226478 0.00279576 0.00323181 0.00354605 0.003725 0.0037658 0.00367469 0.00346615 0.00316264 0.00279539 0.00240654 0.0020521 0.00180154 0.0017336 0.00205995 0.00398176 0.0108429 0.0252309 0.0482261 0.0576978 0.0352815 0.0167832 0.00553604 0.00123982 0.000197436 2.42834e-05 2.73274e-06 3.30236e-07 4.00132e-08 3.94264e-09 2.15407e-10 0 
0 2.03259e-07 1.98964e-06 1.00181e-05 3.58237e-05 9.99251e-05 0.0002267 0.000430458 0.000702697 0.00101273 0.00132014 0.00158772 0.00178828 0.00190591 0.001935 0.0018788 0.0017484 0.00156217 0.00134546 0.00113029 0.000954011 0.00085526 0.000866803 0.00104176 0.0017006 0.0038829 0.00849099 0.0136804 0.0150836 0.0111698 0.00553604 0.00184589 0.00042293 6.94354e-05 8.98145e-06 1.10013e-06 1.44336e-07 1.83938e-08 1.87104e-09 1.04799e-10 0 
0 5.9477e-08 5.68065e-07 2.81563e-06 1.00493e-05 2.84715e-05 6.68162e-05 0.000133211 0.000230213 0.000351393 0.000482205 0.000604404 0.000701087 0.000760183 0.000775997 0.000749345 0.000686932 0.000600279 0.000504292 0.000415532 0.000350366 0.000323129 0.000344215 0.000423494 0.00061056 0.00108562 0.00203594 0.00309889 0.00335435 0.00247849 0.00123982 0.00042293 0.000100507 1.75327e-05 2.5404e-06 3.62829e-07 5.35832e-08 7.28363e-09 7.71332e-10 4.46021e-11 0 
0 1.58242e-08 1.46926e-07 7.11875e-07 2.50534e-06 7.07755e-06 1.67661e-05 3.41336e-05 6.07668e-05 9.59804e-05 0.000136274 0.00017599 0.000208857 0.000229694 0.000235651 0.00022673 0.000205615 0.000176985 0.00014653 0.000119947 0.000102198 9.71235e-05 0.00010719 0.000133554 0.000179837 0.000261518 0.000393318 0.000525073 0.000537137 0.000390865 0.000197436 6.94354e-05 1.75327e-05 3.44039e-06 6.00254e-07 1.03532e-07 1.7225e-08 2.4989e-09 2.76695e-10 1.66023e-11 0 
0 3.8107e-09 3.43345e-08 1.62019e-07 5.58518e-07 1.55671e-06 3.66774e-06 7.48559e-06 1.34496e-05 2.15403e-05 3.1075e-05 4.07551e-05 4.89845e-05 5.43308e-05 5.59422e-05 5.37696e-05 4.85451e-05 4.15541e-05 3.43082e-05 2.82382e-05 2.45018e-05 2.39134e-05 2.68893e-05 3.3303e-05 4.25291e-05 5.40542e-05 6.67819e-05 7.49445e-05 6.89545e-05 4.79588e-05 2.42834e-05 8.98145e-06 2.5404e-06 6.00254e-07 1.29877e-07 2.64083e-08 4.83387e-09 7.44255e-10 8.63226e-11 5.39264e-12 0 
0 8.22284e-10 7.18602e-09 3.29758e-08 1.10994e-07 3.03602e-07 7.05924e-07 1.42977e-06 2.56219e-06 4.10899e-06 5.95127e-06 7.84515e-06 9.47635e-06 1.05517e-05 1.08903e-05 1.04773e-05 9.46272e-06 8.11216e-06 6.73429e-06 5.61494e-06 4.97661e-06 4.96169e-06 5.61457e-06 6.83638e-06 8.33888e-06 9.68641e-06 1.04001e-05 9.98303e-06 8.13653e-06 5.33623e-06 2.73274e-06 1.10013e-06 3.62829e-07 1.03532e-07 2.64083e-08 5.99528e-09 1.17852e-09 1.9157e-10 2.32872e-11 1.51748e-12 0 
0 1.55753e-10 1.32074e-09 5.89297e-09 1.93467e-08 5.1815e-08 1.18468e-07 2.36953e-07 4.21008e-07 6.71719e-07 9.70516e-07 1.27866e-06 1.54547e-06 1.72297e-06 1.78108e-06 1.71707e-06 1.55569e-06 1.34106e-06 1.12448e-06 9.53155e-07 8.6291e-07 8.7428e-07 9.88203e-07 1.17832e-06 1.38438e-06 1.52112e-06 1.51082e-06 1.32275e-06 9.95853e-07 6.29743e-07 3.30236e-07 1.44336e-07 5.35832e-08 1.7225e-08 4.83387e-09 1.17852e-09 2.4538e-10 4.19672e-11 5.34485e-12 3.63539e-13 0 
0 2.48047e-11 2.04294e-10 8.86911e-10 2.84044e-09 7.44465e-09 1.67151e-08 3.29483e-08 5.78892e-08 9.16152e-08 1.31645e-07 1.72873e-07 2.08624e-07 2.32561e-07 2.40694e-07 2.32656e-07 2.11764e-07 1.83954e-07 1.56151e-07 1.34726e-07 1.24394e-07 1.2751e-07 1.43357e-07 1.67292e-07 1.90483e-07 2.01826e-07 1.92726e-07 1.62299e-07 1.1867e-07 7.45319e-08 4.00132e-08 1.83938e-08 7.28363e-09 2.4989e-09 7.44255e-10 1.9157e-10 4.19672e-11 7.53188e-12 1.00384e-12 7.12427e-14 0 
0 2.99754e-12 2.40109e-11 1.01544e-10 3.17518e-10 8.14738e-10 1.79628e-09 3.48758e-09 6.05372e-09 9.49181e-09 1.35473e-08 1.77101e-08 2.13191e-08 2.37484e-08 2.46046e-08 2.38536e-08 2.1829e-08 1.91293e-08 1.64556e-08 1.44513e-08 1.35787e-08 1.40308e-08 1.56537e-08 1.78903e-08 1.98226e-08 2.0427e-08 1.90354e-08 1.57442e-08 1.14168e-08 7.20425e-09 3.94264e-09 1.87104e-09 7.71332e-10 2.76695e-10 8.63226e-11 2.32872e-11 5.34485e-12 1.00384e-12 1.3976e-13 1.03385e-14 0 
0 1.96366e-13 1.53212e-12 6.32116e-12 1.93222e-11 4.85856e-11 1.05248e-10 2.01328e-10 3.4524e-10 5.36157e-10 7.59784e-10 9.88375e-10 1.18638e-09 1.32033e-09 1.36932e-09 1.33174e-09 1.22584e-09 1.08433e-09 9.45598e-10 8.44652e-10 8.05743e-10 8.36773e-10 9.25205e-10 1.03683e-09 1.12146e-09 1.12901e-09 1.03239e-09 8.43741e-10 6.09838e-10 3.87302e-10 2.15407e-10 1.04799e-10 4.46021e-11 1.66023e-11 5.39264e-12 1.51748e-12 3.63539e-13 7.12427e-14 1.03385e-14 7.95892e-16 0 
0 0 0 0 0 0 0 0 0 0 0 0 0 0 0 0 0 0 0 0 0 0 0 0 0 0 0 0 0 0 0 0 0 0 0 0 0 0 0 0 0 
