0 0 0 0 0 0 0 0 0 0 0 0 0 0 0 0 0 0 0 0 0 0 0 0 0 0 0 0 0 0 0 0 0 0 0 0 0 0 0 0 0 
0 3.49691e-07 3.12496e-06 1.38534e-05 4.22827e-05 9.90038e-05 0.00018906 0.000308209 0.000444731 0.000584019 0.000712374 0.000818904 0.000896055 0.000939505 0.000947859 0.000922296 0.000866194 0.000784753 0.000684584 0.000573266 0.000458819 0.000349043 0.000250725 0.000168797 0.000105673 6.10465e-05 3.23214e-05 1.56009e-05 6.84196e-06 2.72235e-06 9.82716e-07 3.22029e-07 9.58202e-08 2.58567e-08 6.30068e-09 1.37294e-09 2.62151e-10 4.20235e-11 5.10547e-12 3.35903e-13 0 
0 3.12496e-06 2.85924e-05 0.00012541 0.00036314 0.000779686 0.00134477 0.00198686 0.00263659 0.00324296 0.00377026 0.00419272 0.00449225 0.00465839 0.00468856 0.00458793 0.00436851 0.00404758 0.00364592 0.00318607 0.00269115 0.00218456 0.00169035 0.0012334 0.000837783 0.000522408 0.000295156 0.00014957 6.75971e-05 2.72216e-05 9.79455e-06 3.16252e-06 9.19974e-07 2.41546e-07 5.71271e-08 1.2071e-08 2.23538e-09 3.47842e-10 4.10755e-11 2.63083e-12 0 
0 1.38534e-05 0.00012541 0.000514715 0.00132632 0.00249665 0.00385113 0.00525863 0.00663875 0.00792542 0.00905453 0.0099679 0.01062 0.0109827 0.0110476 0.0108255 0.0103441 0.00964453 0.00877631 0.0077922 0.00674308 0.00567372 0.00462042 0.00361217 0.00267603 0.00184441 0.00115633 0.000644685 0.000314245 0.000132985 4.90085e-05 1.58733e-05 4.56481e-06 1.17419e-06 2.70718e-07 5.56383e-08 1.00162e-08 1.51588e-09 1.74293e-10 1.08852e-11 0 
0 4.22827e-05 0.00036314 0.00132632 0.00297566 0.0050372 0.00731332 0.00969689 0.0120763 0.0143228 0.0163081 0.0179197 0.0190723 0.0197138 0.0198281 0.0194343 0.0185821 0.0173454 0.015814 0.0140848 0.0122533 0.0104059 0.00861369 0.00692733 0.00537612 0.0039743 0.00273811 0.00170487 0.000927451 0.000429634 0.000168118 5.60731e-05 1.6216e-05 4.1304e-06 9.34725e-07 1.87734e-07 3.29701e-08 4.8669e-09 5.46192e-10 3.33349e-11 0 
0 9.90038e-05 0.000779686 0.00249665 0.0050372 0.00808437 0.0114982 0.0151281 0.0187769 0.0222311 0.0252867 0.0277685 0.0295437 0.0305317 0.0307077 0.0301007 0.0287876 0.0268826 0.0245245 0.0218635 0.0190481 0.0162146 0.0134779 0.0109257 0.00861381 0.00656444 0.00477179 0.003226 0.0019508 0.00100913 0.000432569 0.000152942 4.54212e-05 1.16122e-05 2.60181e-06 5.13668e-07 8.83873e-08 1.27702e-08 1.40295e-09 8.38912e-11 0 
0 0.00018906 0.00134477 0.00385113 0.00731332 0.0114982 0.0162486 0.0213237 0.026432 0.0312702 0.0355511 0.0390285 0.0415163 0.0429014 0.043148 0.0422968 0.0404562 0.0377867 0.0344829 0.0307552 0.0268125 0.0228463 0.0190194 0.0154581 0.0122487 0.00943481 0.00701745 0.00496219 0.0032328 0.0018471 0.000877458 0.000336271 0.000104686 2.72567e-05 6.10415e-06 1.19226e-06 2.01958e-07 2.86672e-08 3.09296e-09 1.81713e-10 0 
0 0.000308209 0.00198686 0.00525863 0.00969689 0.0151281 0.0213237 0.02795 0.0346219 0.0409418 0.0465359 0.0510958 0.0544089 0.0563125 0.0566601 0.0554742 0.0529871 0.0494638 0.0451401 0.0402701 0.0351206 0.0299412 0.0249453 0.0202992 0.0161181 0.0124659 0.00935663 0.00675581 0.00459429 0.00282082 0.00147024 0.000615624 0.000203913 5.47772e-05 1.23739e-05 2.40618e-06 4.03133e-07 5.64343e-08 5.99915e-09 3.47286e-10 0 
0 0.000444731 0.00263659 0.00663875 0.0120763 0.0187769 0.026432 0.0346219 0.0428691 0.0506864 0.0576798 0.0637718 0.0688183 0.0719216 0.0725044 0.0705755 0.0665888 0.0615014 0.0559148 0.0498563 0.0434882 0.0370867 0.0309128 0.0251726 0.0200096 0.0155055 0.0116844 0.00851664 0.00592313 0.00380593 0.0021307 0.000968708 0.000343371 9.60176e-05 2.20409e-05 4.29065e-06 7.1406e-07 9.89367e-08 1.0395e-08 5.94605e-10 0 
0 0.000584019 0.00324296 0.00792542 0.0143228 0.0222311 0.0312702 0.0409418 0.0506864 0.0600277 0.0691459 0.0778175 0.0835709 0.0862878 0.0867755 0.0852387 0.0813149 0.074607 0.0666207 0.0590006 0.0514201 0.043857 0.0365668 0.0297895 0.0236951 0.0183812 0.0138796 0.0101631 0.00715015 0.00471946 0.00277704 0.0013509 0.000510783 0.000149181 3.49607e-05 6.84134e-06 1.13497e-06 1.56139e-07 1.62611e-08 9.21537e-10 0 
0 0.000712374 0.00377026 0.00905453 0.0163081 0.0252867 0.0355511 0.0465359 0.0576798 0.0691459 0.080832 0.0883325 0.0922243 0.0940861 0.0944483 0.0934216 0.0908158 0.0859685 0.0776142 0.067553 0.0584885 0.0498521 0.0415716 0.0338762 0.0269569 0.0209254 0.0158191 0.0116115 0.00821922 0.00550984 0.00334967 0.00171432 0.000684906 0.000208491 4.99502e-05 9.84925e-06 1.63312e-06 2.23657e-07 2.31474e-08 1.3028e-09 0 
0 0.000818904 0.00419272 0.0099679 0.0179197 0.0277685 0.0390285 0.0510958 0.0637718 0.0778175 0.0883325 0.093862 0.0969407 0.0984754 0.0987906 0.097962 0.0958791 0.0921648 0.0858493 0.0755125 0.064461 0.0547406 0.0456398 0.0371978 0.0296081 0.0229931 0.0173945 0.0127856 0.00908076 0.00614169 0.00381104 0.00202071 0.00084243 0.000265584 6.49351e-05 1.29095e-05 2.14287e-06 2.92746e-07 3.01747e-08 1.69037e-09 0 
0 0.000896055 0.00449225 0.01062 0.0190723 0.0295437 0.0415163 0.0544089 0.0688183 0.0835709 0.0922243 0.0969407 0.0996682 0.101056 0.101351 0.100613 0.0987642 0.0955314 0.0902396 0.0812756 0.0691491 0.058285 0.0485547 0.0395768 0.0315071 0.0244742 0.0185229 0.013626 0.0096956 0.00659015 0.00413921 0.00224487 0.000963787 0.000311831 7.74806e-05 1.55154e-05 2.58011e-06 3.52149e-07 3.62174e-08 2.02334e-09 0 
0 0.000939505 0.00465839 0.0109827 0.0197138 0.0305317 0.0429014 0.0563125 0.0719216 0.0862878 0.0940861 0.0984754 0.101056 0.102381 0.102667 0.10197 0.100221 0.0971882 0.0923068 0.084163 0.0719794 0.0603077 0.0501835 0.0409052 0.0325678 0.0253018 0.0191538 0.014096 0.0100395 0.00684079 0.0043234 0.0023734 0.0010361 0.000340488 8.54764e-05 1.72046e-05 2.86639e-06 3.91295e-07 4.02191e-08 2.2448e-09 0 
0 0.000947859 0.00468856 0.0110476 0.0198281 0.0307077 0.043148 0.0566601 0.0725044 0.0867755 0.0944483 0.0987906 0.101351 0.102667 0.102952 0.102261 0.100527 0.0975237 0.0927026 0.0846867 0.0725181 0.0606834 0.0504821 0.0411495 0.0327638 0.0254556 0.0192719 0.014185 0.0101057 0.0068905 0.00436196 0.00240247 0.00105385 0.000348044 8.77064e-05 1.76974e-05 2.9532e-06 4.03592e-07 4.15198e-08 2.31925e-09 0 
0 0.000922296 0.00458793 0.0108255 0.0194343 0.0301007 0.0422968 0.0554742 0.0705755 0.0852387 0.0934216 0.097962 0.100613 0.10197 0.102261 0.101545 0.0997498 0.0966253 0.0915607 0.0830397 0.0707766 0.0594469 0.0494974 0.0403487 0.0321262 0.02496 0.0188961 0.0139071 0.00990494 0.00674772 0.00426143 0.00233614 0.00101848 0.000334656 8.41283e-05 1.69744e-05 2.83639e-06 3.8844e-07 4.00591e-08 2.24358e-09 0 
0 0.000866194 0.00436851 0.0103441 0.0185821 0.0287876 0.0404562 0.0529871 0.0665888 0.0813149 0.0908158 0.0958791 0.0987642 0.100221 0.100527 0.0997498 0.0977977 0.0943592 0.088645 0.0789794 0.0671511 0.0568144 0.0473576 0.0386058 0.0307375 0.0238795 0.0180755 0.013299 0.00946403 0.00643148 0.00403579 0.00218541 0.000937574 0.000303865 7.58197e-05 1.52703e-05 2.55589e-06 3.51243e-07 3.63821e-08 2.04753e-09 0 
0 0.000784753 0.00404758 0.00964453 0.0173454 0.0268826 0.0377867 0.0494638 0.0615014 0.074607 0.0859685 0.0921648 0.0955314 0.0971882 0.0975237 0.0966253 0.0943592 0.0902681 0.0831835 0.0725937 0.0623441 0.0530575 0.0442517 0.0360737 0.0287201 0.0223098 0.0168836 0.0124155 0.00882244 0.00596974 0.00370609 0.00196798 0.000823975 0.000261791 6.46567e-05 1.29971e-05 2.18216e-06 3.01604e-07 3.14609e-08 1.78421e-09 0 
0 0.000684584 0.00364592 0.00877631 0.015814 0.0245245 0.0344829 0.0451401 0.0559148 0.0666207 0.0776142 0.0858493 0.0902396 0.0923068 0.0927026 0.0915607 0.088645 0.0831835 0.0745692 0.0653597 0.0567942 0.0484396 0.0404066 0.0329388 0.026223 0.0203678 0.0154098 0.0113236 0.00802887 0.00539788 0.00330082 0.00170858 0.000694749 0.000215996 5.2853e-05 1.06307e-05 1.79628e-06 2.50592e-07 2.64203e-08 1.51525e-09 0 
0 0.000573266 0.00318607 0.0077922 0.0140848 0.0218635 0.0307552 0.0402701 0.0498563 0.0590006 0.067553 0.0755125 0.0812756 0.084163 0.0846867 0.0830397 0.0789794 0.0725937 0.0653597 0.0580975 0.0506721 0.0432375 0.0360685 0.0294029 0.0234082 0.0181806 0.0137519 0.0100969 0.00713823 0.00475912 0.00285841 0.00143995 0.000569785 0.00017425 4.25096e-05 8.6068e-06 1.47145e-06 2.08165e-07 2.22709e-08 1.29589e-09 0 
0 0.000458819 0.00269115 0.00674308 0.0122533 0.0190481 0.0268125 0.0351206 0.0434882 0.0514201 0.0584885 0.064461 0.0691491 0.0719794 0.0725181 0.0707766 0.0671511 0.0623441 0.0567942 0.0506721 0.0442221 0.0377367 0.0314818 0.0256664 0.0204364 0.015875 0.0120086 0.00881165 0.00621198 0.00410926 0.00243225 0.00120317 0.000469855 0.000143439 3.53e-05 7.25281e-06 1.26099e-06 1.81412e-07 1.97161e-08 1.1636e-09 0 
0 0.000349043 0.00218456 0.00567372 0.0104059 0.0162146 0.0228463 0.0299412 0.0370867 0.043857 0.0498521 0.0547406 0.058285 0.0603077 0.0606834 0.0594469 0.0568144 0.0530575 0.0484396 0.0432375 0.0377367 0.032205 0.0268711 0.0219134 0.0174562 0.0135707 0.0102782 0.00755336 0.00533144 0.0035302 0.00209526 0.00104461 0.000413901 0.00012879 3.23264e-05 6.76043e-06 1.1928e-06 1.73622e-07 1.90397e-08 1.1311e-09 0 
0 0.000250725 0.00169035 0.00462042 0.00861369 0.0134779 0.0190194 0.0249453 0.0309128 0.0365668 0.0415716 0.0456398 0.0485547 0.0501835 0.0504821 0.0494974 0.0473576 0.0442517 0.0404066 0.0360685 0.0314818 0.0268711 0.0224278 0.0183018 0.014601 0.0113945 0.00870764 0.00650236 0.00468617 0.00317549 0.00194099 0.00100626 0.000415292 0.000133281 3.40446e-05 7.17018e-06 1.26587e-06 1.83691e-07 2.00393e-08 1.18282e-09 0 
0 0.000168797 0.0012334 0.00361217 0.00692733 0.0109257 0.0154581 0.0202992 0.0251726 0.0297895 0.0338762 0.0371978 0.0395768 0.0409052 0.0411495 0.0403487 0.0386058 0.0360737 0.0329388 0.0294029 0.0256664 0.0219134 0.0183018 0.0149626 0.0120193 0.00961288 0.00782643 0.00647548 0.0051365 0.00362831 0.00220962 0.00114679 0.000483246 0.00015747 4.01282e-05 8.33373e-06 1.44426e-06 2.05537e-07 2.20022e-08 1.27569e-09 0 
0 0.000105673 0.000837783 0.00267603 0.00537612 0.00861381 0.0122487 0.0161181 0.0200096 0.0236951 0.0269569 0.0296081 0.0315071 0.0325678 0.0327638 0.0321262 0.0307375 0.0287201 0.026223 0.0234082 0.0204364 0.0174562 0.014601 0.0120193 0.00999894 0.00910138 0.00973632 0.0109529 0.0105338 0.00768425 0.00417634 0.00180149 0.000665163 0.000203472 4.95479e-05 9.87608e-06 1.65245e-06 2.282e-07 2.37933e-08 1.34777e-09 0 
0 6.10465e-05 0.000522408 0.00184441 0.0039743 0.00656444 0.00943481 0.0124659 0.0155055 0.0183812 0.0209254 0.0229931 0.0244742 0.0253018 0.0254556 0.02496 0.0238795 0.0223098 0.0203678 0.0181806 0.015875 0.0135707 0.0113945 0.00961288 0.00910138 0.0118753 0.0194843 0.0306682 0.0366679 0.0224288 0.0113327 0.00406431 0.00114852 0.000285784 6.13159e-05 1.1255e-05 1.7875e-06 2.38302e-07 2.41747e-08 1.33811e-09 0 
0 3.23214e-05 0.000295156 0.00115633 0.00273811 0.00477179 0.00701745 0.00935663 0.0116844 0.0138796 0.0158191 0.0173945 0.0185229 0.0191538 0.0192719 0.0188961 0.0180755 0.0168836 0.0154098 0.0137519 0.0120086 0.0102782 0.00870764 0.00782643 0.00973632 0.0194843 0.0442345 0.0769588 0.0801203 0.0642951 0.0264019 0.00887359 0.00213334 0.000419841 7.4006e-05 1.19011e-05 1.7575e-06 2.25613e-07 2.23412e-08 1.21348e-09 0 
0 1.56009e-05 0.00014957 0.000644685 0.00170487 0.003226 0.00496219 0.00675581 0.00851664 0.0101631 0.0116115 0.0127856 0.013626 0.014096 0.014185 0.0139071 0.013299 0.0124155 0.0113236 0.0100969 0.00881165 0.00755336 0.00650236 0.00647548 0.0109529 0.0306682 0.0769588 0.086857 0.0880865 0.0829284 0.0545065 0.0142943 0.00324064 0.000554535 8.16508e-05 1.12776e-05 1.52746e-06 1.88984e-07 1.83854e-08 9.86687e-10 0 
0 6.84196e-06 6.75971e-05 0.000314245 0.000927451 0.0019508 0.0032328 0.00459429 0.00592313 0.00715015 0.00821922 0.00908076 0.0096956 0.0100395 0.0101057 0.00990494 0.00946403 0.00882244 0.00802887 0.00713823 0.00621198 0.00533144 0.00468617 0.0051365 0.0105338 0.0366679 0.0801203 0.0880865 0.0891586 0.0850754 0.0644792 0.0158158 0.00350647 0.000565358 7.44559e-05 9.10983e-06 1.14409e-06 1.37718e-07 1.32902e-08 7.10848e-10 0 
0 2.72235e-06 2.72216e-05 0.000132985 0.000429634 0.00100913 0.0018471 0.00282082 0.00380593 0.00471946 0.00550984 0.00614169 0.00659015 0.00684079 0.0068905 0.00674772 0.00643148 0.00596974 0.00539788 0.00475912 0.00410926 0.0035302 0.00317549 0.00362831 0.00768425 0.0224288 0.0642951 0.0829284 0.0850754 0.0788976 0.0394484 0.0116702 0.00259125 0.000411504 5.16768e-05 5.95319e-06 7.21668e-07 8.63287e-08 8.36994e-09 4.50502e-10 0 
0 9.82716e-07 9.79455e-06 4.90085e-05 0.000168118 0.000432569 0.000877458 0.00147024 0.0021307 0.00277704 0.00334967 0.00381104 0.00413921 0.0043234 0.00436196 0.00426143 0.00403579 0.00370609 0.00330082 0.00285841 0.00243225 0.00209526 0.00194099 0.00220962 0.00417634 0.0113327 0.0264019 0.0545065 0.0644792 0.0394484 0.0175344 0.00578464 0.00129747 0.000208548 2.62585e-05 3.05492e-06 3.7855e-07 4.63099e-08 4.57503e-09 2.50207e-10 0 
0 3.22029e-07 3.16252e-06 1.58733e-05 5.60731e-05 0.000152942 0.000336271 0.000615624 0.000968708 0.0013509 0.00171432 0.00202071 0.00224487 0.0023734 0.00240247 0.00233614 0.00218541 0.00196798 0.00170858 0.00143995 0.00120317 0.00104461 0.00100626 0.00114679 0.00180149 0.00406431 0.00887359 0.0142943 0.0158158 0.0116702 0.00578464 0.00193017 0.000444126 7.38853e-05 9.80005e-06 1.23837e-06 1.65849e-07 2.12876e-08 2.16957e-09 1.21616e-10 0 
0 9.58202e-08 9.19974e-07 4.56481e-06 1.6216e-05 4.54212e-05 0.000104686 0.000203913 0.000343371 0.000510783 0.000684906 0.00084243 0.000963787 0.0010361 0.00105385 0.00101848 0.000937574 0.000823975 0.000694749 0.000569785 0.000469855 0.000413901 0.000415292 0.000483246 0.000665163 0.00114852 0.00213334 0.00324064 0.00350647 0.00259125 0.00129747 0.000444126 0.000106495 1.89047e-05 2.81285e-06 4.12419e-07 6.17594e-08 8.43161e-09 8.94004e-10 5.17264e-11 0 
0 2.58567e-08 2.41546e-07 1.17419e-06 4.1304e-06 1.16122e-05 2.72567e-05 5.47772e-05 9.60176e-05 0.000149181 0.000208491 0.000265584 0.000311831 0.000340488 0.000348044 0.000334656 0.000303865 0.000261791 0.000215996 0.00017425 0.000143439 0.00012879 0.000133281 0.00015747 0.000203472 0.000285784 0.000419841 0.000554535 0.000565358 0.000411504 0.000208548 7.38853e-05 1.89047e-05 3.78635e-06 6.76672e-07 1.18754e-07 1.99017e-08 2.89342e-09 3.20612e-10 1.92459e-11 0 
0 6.30068e-09 5.71271e-08 2.70718e-07 9.34725e-07 2.60181e-06 6.10415e-06 1.23739e-05 2.20409e-05 3.49607e-05 4.99502e-05 6.49351e-05 7.74806e-05 8.54764e-05 8.77064e-05 8.41283e-05 7.58197e-05 6.46567e-05 5.2853e-05 4.25096e-05 3.53e-05 3.23264e-05 3.40446e-05 4.01282e-05 4.95479e-05 6.13159e-05 7.4006e-05 8.16508e-05 7.44559e-05 5.16768e-05 2.62585e-05 9.80005e-06 2.81285e-06 6.76672e-07 1.48634e-07 3.04652e-08 5.59256e-09 8.6186e-10 1.00006e-10 6.24959e-12 0 
0 1.37294e-09 1.2071e-08 5.56383e-08 1.87734e-07 5.13668e-07 1.19226e-06 2.40618e-06 4.29065e-06 6.84134e-06 9.84925e-06 1.29095e-05 1.55154e-05 1.72046e-05 1.76974e-05 1.69744e-05 1.52703e-05 1.29971e-05 1.06307e-05 8.6068e-06 7.25281e-06 6.76043e-06 7.17018e-06 8.33373e-06 9.87608e-06 1.1255e-05 1.19011e-05 1.12776e-05 9.10983e-06 5.95319e-06 3.05492e-06 1.23837e-06 4.12419e-07 1.18754e-07 3.04652e-08 6.93394e-09 1.36429e-09 2.21855e-10 2.69761e-11 1.75831e-12 0 
0 2.62151e-10 2.23538e-09 1.00162e-08 3.29701e-08 8.83873e-08 2.01958e-07 4.03133e-07 7.1406e-07 1.13497e-06 1.63312e-06 2.14287e-06 2.58011e-06 2.86639e-06 2.9532e-06 2.83639e-06 2.55589e-06 2.18216e-06 1.79628e-06 1.47145e-06 1.26099e-06 1.1928e-06 1.26587e-06 1.44426e-06 1.65245e-06 1.7875e-06 1.7575e-06 1.52746e-06 1.14409e-06 7.21668e-07 3.7855e-07 1.65849e-07 6.17594e-08 1.99017e-08 5.59256e-09 1.36429e-09 2.84137e-10 4.86049e-11 6.19133e-12 4.21193e-13 0 
0 4.20235e-11 3.47842e-10 1.51588e-09 4.8669e-09 1.27702e-08 2.86672e-08 5.64343e-08 9.89367e-08 1.56139e-07 2.23657e-07 2.92746e-07 3.52149e-07 3.91295e-07 4.03592e-07 3.8844e-07 3.51243e-07 3.01604e-07 2.50592e-07 2.08165e-07 1.81412e-07 1.73622e-07 1.83691e-07 2.05537e-07 2.282e-07 2.38302e-07 2.25613e-07 1.88984e-07 1.37718e-07 8.63287e-08 4.63099e-08 2.12876e-08 8.43161e-09 2.89342e-09 8.6186e-10 2.21855e-10 4.86049e-11 8.7239e-12 1.16284e-12 8.2538e-14 0 
0 5.10547e-12 4.10755e-11 1.74293e-10 5.46192e-10 1.40295e-09 3.09296e-09 5.99915e-09 1.0395e-08 1.62611e-08 2.31474e-08 3.01747e-08 3.62174e-08 4.02191e-08 4.15198e-08 4.00591e-08 3.63821e-08 3.14609e-08 2.64203e-08 2.22709e-08 1.97161e-08 1.90397e-08 2.00393e-08 2.20022e-08 2.37933e-08 2.41747e-08 2.23412e-08 1.83854e-08 1.32902e-08 8.36994e-09 4.57503e-09 2.16957e-09 8.94004e-10 3.20612e-10 1.00006e-10 2.69761e-11 6.19133e-12 1.16284e-12 1.61906e-13 1.19777e-14 0 
0 3.35903e-13 2.63083e-12 1.08852e-11 3.33349e-11 8.38912e-11 1.81713e-10 3.47286e-10 5.94605e-10 9.21537e-10 1.3028e-09 1.69037e-09 2.02334e-09 2.2448e-09 2.31925e-09 2.24358e-09 2.04753e-09 1.78421e-09 1.51525e-09 1.29589e-09 1.1636e-09 1.1311e-09 1.18282e-09 1.27569e-09 1.34777e-09 1.33811e-09 1.21348e-09 9.86687e-10 7.10848e-10 4.50502e-10 2.50207e-10 1.21616e-10 5.17264e-11 1.92459e-11 6.24959e-12 1.75831e-12 4.21193e-13 8.2538e-14 1.19777e-14 9.22123e-16 0 
0 0 0 0 0 0 0 0 0 0 0 0 0 0 0 0 0 0 0 0 0 0 0 0 0 0 0 0 0 0 0 0 0 0 0 0 0 0 0 0 0 
