0 0 0 0 0 0 0 0 0 0 0 0 0 0 0 0 0 0 0 0 0 0 0 0 0 0 0 0 0 0 0 0 0 0 0 0 0 0 0 0 0 
0 1.55629e-09 1.46231e-08 7.17015e-08 2.55783e-07 7.34313e-07 1.7729e-06 3.68848e-06 6.72247e-06 1.08748e-05 1.57928e-05 2.07951e-05 2.50389e-05 2.77579e-05 2.84761e-05 2.71241e-05 2.40312e-05 1.98111e-05 1.51861e-05 1.08085e-05 7.12948e-06 4.35036e-06 2.45187e-06 1.27511e-06 6.11719e-07 2.70819e-07 1.10753e-07 4.18969e-08 1.46837e-08 4.77475e-09 1.44205e-09 4.04606e-10 1.05355e-10 2.53809e-11 5.62094e-12 1.13072e-12 2.02021e-13 3.06512e-14 3.55849e-15 2.25514e-16 0 
0 1.46231e-08 1.43134e-07 7.29266e-07 2.6888e-06 7.91593e-06 1.94133e-05 4.06158e-05 7.37685e-05 0.000118125 0.000169197 0.000219657 0.000261371 0.000287553 0.000294292 0.000281176 0.000251103 0.000209442 0.000162778 0.000117479 7.84261e-05 4.82487e-05 2.72745e-05 1.41423e-05 6.7238e-06 2.93376e-06 1.1769e-06 4.35107e-07 1.48628e-07 4.70188e-08 1.38006e-08 3.76156e-09 9.51583e-10 2.22825e-10 4.8004e-11 9.40313e-12 1.6378e-12 2.42547e-13 2.75202e-14 1.70668e-15 0 
0 7.17015e-08 7.29266e-07 3.84399e-06 1.45353e-05 4.33318e-05 0.000105968 0.000217715 0.000383652 0.000592163 0.000817201 0.00102689 0.00119224 0.00129257 0.00131748 0.00126691 0.00114998 0.000983292 0.000788543 0.000589412 0.000407631 0.0002589 0.000150065 7.90606e-05 3.78126e-05 1.64406e-05 6.51957e-06 2.36791e-06 7.91099e-07 2.44057e-07 6.97356e-08 1.84885e-08 4.5488e-09 1.03632e-09 2.17374e-10 4.14991e-11 7.05289e-12 1.02045e-12 1.13267e-13 6.88053e-15 0 
0 2.55783e-07 2.6888e-06 1.45353e-05 5.5561e-05 0.000164061 0.000388447 0.000758083 0.00125625 0.00182387 0.00238631 0.00287665 0.00324553 0.00346247 0.00351448 0.00340409 0.00314733 0.0027716 0.00231355 0.00181677 0.00132847 0.000893685 0.000546404 0.000300684 0.000148172 6.54092e-05 2.5988e-05 9.35861e-06 3.07709e-06 9.29724e-07 2.5942e-07 6.7061e-08 1.60783e-08 3.56993e-09 7.30208e-10 1.36062e-10 2.25947e-11 3.19816e-12 3.47724e-13 2.07172e-14 0 
0 7.34313e-07 7.91593e-06 4.33318e-05 0.000164061 0.00046632 0.00103538 0.00186963 0.00287333 0.00391786 0.00489042 0.00570621 0.00630616 0.00665415 0.00673574 0.00655672 0.0061408 0.00552621 0.00476207 0.00390518 0.00301819 0.00216846 0.00142368 0.000839048 0.000437779 0.000201075 8.1581e-05 2.95212e-05 9.63907e-06 2.8698e-06 7.85373e-07 1.98613e-07 4.65299e-08 1.00922e-08 2.01722e-09 3.67567e-10 5.97478e-11 8.28749e-12 8.84069e-13 5.17424e-14 0 
0 1.7729e-06 1.94133e-05 0.000105968 0.000388447 0.00103538 0.0021161 0.00352666 0.00508544 0.00662962 0.00803294 0.00919727 0.0100493 0.0105421 0.0106566 0.0104017 0.00981067 0.00893679 0.00784658 0.00661366 0.00531383 0.00402367 0.00282279 0.00179412 0.00100884 0.000493226 0.000208762 7.71715e-05 2.53089e-05 7.48195e-06 2.019e-06 5.0151e-07 1.1518e-07 2.44732e-08 4.7921e-09 8.55857e-10 1.36468e-10 1.85873e-11 1.94914e-12 1.12272e-13 0 
0 3.68848e-06 4.06158e-05 0.000217715 0.000758083 0.00186963 0.00352666 0.00551788 0.00762679 0.00968171 0.0115395 0.0130789 0.0142051 0.0148566 0.0150082 0.0146714 0.0138908 0.0127369 0.0112978 0.00966966 0.00794842 0.0062239 0.00457983 0.00310083 0.00187797 0.000988332 0.000443963 0.000170426 5.68424e-05 1.68291e-05 4.50473e-06 1.10398e-06 2.49463e-07 5.20881e-08 1.002e-08 1.75859e-09 2.75738e-10 3.69625e-11 3.81865e-12 2.16935e-13 0 
0 6.72247e-06 7.37685e-05 0.000383652 0.00125625 0.00287333 0.00508544 0.00762679 0.0102768 0.0128493 0.015174 0.017101 0.0185117 0.0193286 0.0195201 0.0191006 0.0181256 0.0166837 0.0148858 0.0128527 0.0107042 0.00854956 0.00648338 0.00458866 0.00295095 0.00166564 0.000799702 0.000322627 0.000110667 3.30909e-05 8.83931e-06 2.14704e-06 4.79145e-07 9.8641e-08 1.86982e-08 3.23405e-09 4.99975e-10 6.61324e-11 6.74794e-12 3.79016e-13 0 
0 1.08748e-05 0.000118125 0.000592163 0.00182387 0.00391786 0.00662962 0.00968171 0.0128493 0.0159227 0.018701 0.0210053 0.0226937 0.0236734 0.0239059 0.0234081 0.0222464 0.0205268 0.0183818 0.0159564 0.0133943 0.0108262 0.00836205 0.00609003 0.0040874 0.00244222 0.00124844 0.00053167 0.000188972 5.74601e-05 1.53999e-05 3.7234e-06 8.23669e-07 1.67751e-07 3.14339e-08 5.37425e-09 8.21623e-10 1.07548e-10 1.087e-11 6.05427e-13 0 
0 1.57928e-05 0.000169197 0.000817201 0.00238631 0.00489042 0.00803294 0.0115395 0.015174 0.018701 0.0218908 0.0245383 0.0264804 0.0276099 0.0278824 0.0273167 0.0259884 0.0240192 0.0215614 0.0187815 0.0158451 0.0129026 0.0100803 0.0074752 0.00516209 0.00321587 0.00173163 0.000775996 0.000286458 8.89415e-05 2.40143e-05 5.80103e-06 1.27648e-06 2.58052e-07 4.79591e-08 8.13204e-09 1.23353e-09 1.60332e-10 1.61081e-11 8.92992e-13 0 
0 2.07951e-05 0.000219657 0.00102689 0.00287665 0.00570621 0.00919727 0.0130789 0.017101 0.0210053 0.0245383 0.0274729 0.0296286 0.030886 0.0311953 0.0305765 0.0291131 0.0269391 0.024223 0.0211494 0.0179019 0.0146477 0.0115269 0.00864616 0.00608183 0.00389907 0.00218324 0.00102098 0.00039039 0.00012388 3.37765e-05 8.17595e-06 1.79531e-06 3.6149e-07 6.6872e-08 1.12879e-08 1.70564e-09 2.21078e-10 2.21812e-11 1.2302e-12 0 
0 2.50389e-05 0.000261371 0.00119224 0.00324553 0.00630616 0.0100493 0.0142051 0.0185117 0.0226937 0.0264804 0.0296286 0.0319446 0.0333001 0.033641 0.0329878 0.0314291 0.0291081 0.0262048 0.0229168 0.019441 0.015957 0.0126155 0.00953083 0.00678234 0.00442989 0.00254842 0.00123049 0.000484287 0.000156742 4.31884e-05 1.04994e-05 2.30791e-06 4.64572e-07 8.59042e-08 1.45032e-08 2.19454e-09 2.85331e-10 2.87798e-11 1.6088e-12 0 
0 2.77579e-05 0.000287553 0.00129257 0.00346247 0.00665415 0.0105421 0.0148566 0.0193286 0.0236734 0.0276099 0.030886 0.0333001 0.0347184 0.0350837 0.0344167 0.0328084 0.0304068 0.0273981 0.0239876 0.0203796 0.0167611 0.0132891 0.010083 0.00722467 0.00477149 0.00279133 0.0013766 0.000553163 0.0001819 5.06362e-05 1.23891e-05 2.73599e-06 5.53187e-07 1.02827e-07 1.74795e-08 2.6691e-09 3.51203e-10 3.59675e-11 2.04867e-12 0 
0 2.84761e-05 0.000294292 0.00131748 0.00351448 0.00673574 0.0106566 0.0150082 0.0195201 0.0239059 0.0278824 0.0311953 0.033641 0.0350837 0.0354652 0.0348053 0.0331949 0.0307823 0.0277549 0.0243191 0.0206811 0.0170296 0.0135234 0.0102839 0.00739363 0.0049095 0.00289616 0.0014446 0.000587862 0.000195592 5.50063e-05 1.35863e-05 3.03038e-06 6.19806e-07 1.16835e-07 2.02061e-08 3.1511e-09 4.25193e-10 4.4834e-11 2.63824e-12 0 
0 2.71241e-05 0.000281176 0.00126691 0.00340409 0.00655672 0.0104017 0.0146714 0.0191006 0.0234081 0.0273167 0.0305765 0.0329878 0.0344167 0.0348053 0.0341722 0.0326055 0.03025 0.0272885 0.0239233 0.020356 0.016772 0.0133275 0.0101418 0.00729687 0.00484986 0.00286574 0.00143432 0.000587335 0.000197271 5.61766e-05 1.4094e-05 3.20463e-06 6.71011e-07 1.30117e-07 2.32662e-08 3.76919e-09 5.30324e-10 5.84309e-11 3.59281e-12 0 
0 2.40312e-05 0.000251103 0.00114998 0.00314733 0.0061408 0.00981067 0.0138908 0.0181256 0.0222464 0.0259884 0.0291131 0.0314291 0.0328084 0.0331949 0.0326055 0.0311237 0.0288866 0.0260684 0.0228613 0.0194577 0.0160343 0.0127403 0.00969009 0.00696298 0.00461692 0.00271974 0.00135929 0.000558837 0.000189981 5.52229e-05 1.42543e-05 3.35963e-06 7.34385e-07 1.49583e-07 2.82175e-08 4.83094e-09 7.17356e-10 8.30621e-11 5.33261e-12 0 
0 1.98111e-05 0.000209442 0.000983292 0.0027716 0.00552621 0.00893679 0.0127369 0.0166837 0.0205268 0.0240192 0.0269391 0.0291081 0.0304068 0.0307823 0.03025 0.0288866 0.0268192 0.0242091 0.0212346 0.0180742 0.0148919 0.0118261 0.00898323 0.00643864 0.00425137 0.00249261 0.00124473 0.000516656 0.000179948 5.43889e-05 1.4785e-05 3.70623e-06 8.66961e-07 1.89272e-07 3.8148e-08 6.92772e-09 1.08044e-09 1.29957e-10 8.57409e-12 0 
0 1.51861e-05 0.000162778 0.000788543 0.00231355 0.00476207 0.00784658 0.0112978 0.0148858 0.0183818 0.0215614 0.024223 0.0262048 0.0273981 0.0277549 0.0272885 0.0260684 0.0242091 0.0218567 0.0191724 0.0163177 0.0134407 0.0106663 0.00809096 0.00578484 0.00380769 0.00223108 0.00112464 0.000480184 0.000175989 5.70889e-05 1.68657e-05 4.61195e-06 1.17138e-06 2.74614e-07 5.85757e-08 1.10866e-08 1.7768e-09 2.1701e-10 1.44008e-11 0 
0 1.08085e-05 0.000117479 0.000589412 0.00181677 0.00390518 0.00661366 0.00966966 0.0128527 0.0159564 0.0187815 0.0211494 0.0229168 0.0239876 0.0243191 0.0239233 0.0228613 0.0212346 0.0191724 0.0168172 0.0143118 0.0117866 0.00935167 0.00709211 0.0050724 0.00335048 0.00198997 0.00103829 0.000472494 0.000189663 6.83883e-05 2.24304e-05 6.71443e-06 1.8286e-06 4.49808e-07 9.87582e-08 1.89469e-08 3.04279e-09 3.69356e-10 2.42242e-11 0 
0 7.12948e-06 7.84261e-05 0.000407631 0.00132847 0.00301819 0.00531383 0.00794842 0.0107042 0.0133943 0.0158451 0.0179019 0.019441 0.0203796 0.0206811 0.020356 0.0194577 0.0180742 0.0163177 0.0143118 0.0121801 0.0100358 0.0079736 0.00606789 0.00437623 0.00294813 0.00182604 0.00102701 0.00052088 0.000237215 9.64903e-05 3.48599e-05 1.11482e-05 3.15297e-06 7.87783e-07 1.72942e-07 3.28297e-08 5.18257e-09 6.16005e-10 3.94795e-11 0 
0 4.35036e-06 4.82487e-05 0.0002589 0.000893685 0.00216846 0.00402367 0.0062239 0.00854956 0.0108262 0.0129026 0.0146477 0.015957 0.0167611 0.0170296 0.016772 0.0160343 0.0148919 0.0134407 0.0117866 0.0100358 0.00828519 0.00661683 0.00509498 0.00376705 0.00266303 0.00179062 0.00113322 0.000660913 0.000344653 0.000156107 6.03941e-05 1.99344e-05 5.66238e-06 1.39681e-06 2.99834e-07 5.53756e-08 8.48611e-09 9.78726e-10 6.08996e-11 0 
0 2.45187e-06 2.72745e-05 0.000150065 0.000546404 0.00142368 0.00282279 0.00457983 0.00648338 0.00836205 0.0100803 0.0115269 0.0126155 0.0132891 0.0135234 0.0133275 0.0127403 0.0118261 0.0106663 0.00935167 0.0079736 0.00661683 0.00535336 0.00423754 0.00330031 0.00254213 0.00193102 0.00141629 0.000960505 0.000569611 0.000281301 0.000112899 3.70422e-05 1.01944e-05 2.41428e-06 4.97287e-07 8.82884e-08 1.30334e-08 1.45131e-09 8.74047e-11 0 
0 1.27511e-06 1.41423e-05 7.90606e-05 0.000300684 0.000839048 0.00179412 0.00310083 0.00458866 0.00609003 0.0074752 0.00864616 0.00953083 0.010083 0.0102839 0.0101418 0.00969009 0.00898323 0.00809096 0.00709211 0.00606789 0.00509498 0.00423754 0.00353791 0.00300954 0.00263835 0.00237938 0.00212364 0.00172143 0.00115459 0.000603165 0.000240063 7.39554e-05 1.85548e-05 4.01781e-06 7.72012e-07 1.3011e-07 1.84101e-08 1.97556e-09 1.15109e-10 0 
0 6.11719e-07 6.7238e-06 3.78126e-05 0.000148172 0.000437779 0.00100884 0.00187797 0.00295095 0.0040874 0.00516209 0.00608183 0.00678234 0.00722467 0.00739363 0.00729687 0.00696298 0.00643864 0.00578484 0.0050724 0.00437623 0.00376705 0.00330031 0.00300954 0.00293113 0.00317355 0.00384063 0.00456571 0.00446034 0.00322727 0.00167331 0.000623184 0.000170284 3.61637e-05 6.59419e-06 1.11607e-06 1.74365e-07 2.35192e-08 2.43319e-09 1.37431e-10 0 
0 2.70819e-07 2.93376e-06 1.64406e-05 6.54092e-05 0.000201075 0.000493226 0.000988332 0.00166564 0.00244222 0.00321587 0.00389907 0.00442989 0.00477149 0.0049095 0.00484986 0.00461692 0.00425137 0.00380769 0.00335048 0.00294813 0.00266303 0.00254213 0.00263835 0.00317355 0.00486573 0.0084277 0.0124334 0.0133145 0.00982139 0.00493978 0.00171245 0.000418564 7.51177e-05 1.0975e-05 1.51807e-06 2.10519e-07 2.67915e-08 2.67684e-09 1.47161e-10 0 
0 1.10753e-07 1.1769e-06 6.51957e-06 2.5988e-05 8.1581e-05 0.000208762 0.000443963 0.000799702 0.00124844 0.00173163 0.00218324 0.00254842 0.00279133 0.00289616 0.00286574 0.00271974 0.00249261 0.00223108 0.00198997 0.00182604 0.00179062 0.00193102 0.00237938 0.00384063 0.0084277 0.017992 0.0287383 0.0315921 0.0233883 0.0116056 0.0038799 0.000888806 0.000143315 1.75124e-05 1.9328e-06 2.27361e-07 2.68919e-08 2.60124e-09 1.40019e-10 0 
0 4.18969e-08 4.35107e-07 2.36791e-06 9.35861e-06 2.95212e-05 7.71715e-05 0.000170426 0.000322627 0.00053167 0.000775996 0.00102098 0.00123049 0.0013766 0.0014446 0.00143432 0.00135929 0.00124473 0.00112464 0.00103829 0.00102701 0.00113322 0.00141629 0.00212364 0.00456571 0.0124334 0.0287383 0.0470136 0.0520563 0.0385713 0.0190588 0.00628813 0.00139872 0.00021356 2.34919e-05 2.17484e-06 2.15649e-07 2.35114e-08 2.21212e-09 1.17477e-10 0 
0 1.46837e-08 1.48628e-07 7.91099e-07 3.07709e-06 9.63907e-06 2.53089e-05 5.68424e-05 0.000110667 0.000188972 0.000286458 0.00039039 0.000484287 0.000553163 0.000587862 0.000587335 0.000558837 0.000516656 0.000480184 0.000472494 0.00052088 0.000660913 0.000960505 0.00172143 0.00446034 0.0133145 0.0315921 0.0520563 0.0577608 0.0428087 0.0211251 0.00693962 0.00152577 0.000227141 2.37069e-05 1.97997e-06 1.73143e-07 1.76688e-08 1.6342e-09 8.6422e-11 0 
0 4.77475e-09 4.70188e-08 2.44057e-07 9.29724e-07 2.8698e-06 7.48195e-06 1.68291e-05 3.30909e-05 5.74601e-05 8.89415e-05 0.00012388 0.000156742 0.0001819 0.000195592 0.000197271 0.000189981 0.000179948 0.000175989 0.000189663 0.000237215 0.000344653 0.000569611 0.00115459 0.00322727 0.00982139 0.0233883 0.0385713 0.0428087 0.0317271 0.0156537 0.00513828 0.00112585 0.000165922 1.6959e-05 1.36013e-06 1.12995e-07 1.1268e-08 1.04353e-09 5.55454e-11 0 
0 1.44205e-09 1.38006e-08 6.97356e-08 2.5942e-07 7.85373e-07 2.019e-06 4.50473e-06 8.83931e-06 1.53999e-05 2.40143e-05 3.37765e-05 4.31884e-05 5.06362e-05 5.50063e-05 5.61766e-05 5.52229e-05 5.43889e-05 5.70889e-05 6.83883e-05 9.64903e-05 0.000156107 0.000281301 0.000603165 0.00167331 0.00493978 0.0116056 0.0190588 0.0211251 0.0156537 0.0077281 0.00254037 0.000557088 8.20359e-05 8.40197e-06 6.83301e-07 5.86973e-08 6.06281e-09 5.74972e-10 3.11432e-11 0 
0 4.04606e-10 3.76156e-09 1.84885e-08 6.7061e-08 1.98613e-07 5.0151e-07 1.10398e-06 2.14704e-06 3.7234e-06 5.80103e-06 8.17595e-06 1.04994e-05 1.23891e-05 1.35863e-05 1.4094e-05 1.42543e-05 1.4785e-05 1.68657e-05 2.24304e-05 3.48599e-05 6.03941e-05 0.000112899 0.000240063 0.000623184 0.00171245 0.0038799 0.00628813 0.00693962 0.00513828 0.00254037 0.0008376 0.00018439 2.73949e-05 2.88637e-06 2.53278e-07 2.45554e-08 2.76709e-09 2.73783e-10 1.52343e-11 0 
0 1.05355e-10 9.51583e-10 4.5488e-09 1.60783e-08 4.65299e-08 1.1518e-07 2.49463e-07 4.79145e-07 8.23669e-07 1.27648e-06 1.79531e-06 2.30791e-06 2.73599e-06 3.03038e-06 3.20463e-06 3.35963e-06 3.70623e-06 4.61195e-06 6.71443e-06 1.11482e-05 1.99344e-05 3.70422e-05 7.39554e-05 0.000170284 0.000418564 0.000888806 0.00139872 0.00152577 0.00112585 0.000557088 0.00018439 4.09848e-05 6.25533e-06 7.09193e-07 7.30731e-08 8.60693e-09 1.08501e-09 1.13051e-10 6.50753e-12 0 
0 2.53809e-11 2.22825e-10 1.03632e-09 3.56993e-09 1.00922e-08 2.44732e-08 5.20881e-08 9.8641e-08 1.67751e-07 2.58052e-07 3.6149e-07 4.64572e-07 5.53187e-07 6.19806e-07 6.71011e-07 7.34385e-07 8.66961e-07 1.17138e-06 1.8286e-06 3.15297e-06 5.66238e-06 1.01944e-05 1.85548e-05 3.61637e-05 7.51177e-05 0.000143315 0.00021356 0.000227141 0.000165922 8.20359e-05 2.73949e-05 6.25533e-06 1.02259e-06 1.35641e-07 1.80382e-08 2.63968e-09 3.69564e-10 4.05941e-11 2.42834e-12 0 
0 5.62094e-12 4.8004e-11 2.17374e-10 7.30208e-10 2.01722e-09 4.7921e-09 1.002e-08 1.86982e-08 3.14339e-08 4.79591e-08 6.6872e-08 8.59042e-08 1.02827e-07 1.16835e-07 1.30117e-07 1.49583e-07 1.89272e-07 2.74614e-07 4.49808e-07 7.87783e-07 1.39681e-06 2.41428e-06 4.01781e-06 6.59419e-06 1.0975e-05 1.75124e-05 2.34919e-05 2.37069e-05 1.6959e-05 8.40197e-06 2.88637e-06 7.09193e-07 1.35641e-07 2.34871e-08 4.1512e-09 7.21739e-10 1.09674e-10 1.26736e-11 7.90068e-13 0 
0 1.13072e-12 9.40313e-12 4.14991e-11 1.36062e-10 3.67567e-10 8.55857e-10 1.75859e-09 3.23405e-09 5.37425e-09 8.13204e-09 1.12879e-08 1.45032e-08 1.74795e-08 2.02061e-08 2.32662e-08 2.82175e-08 3.8148e-08 5.85757e-08 9.87582e-08 1.72942e-07 2.99834e-07 4.97287e-07 7.72012e-07 1.11607e-06 1.51807e-06 1.9328e-06 2.17484e-06 1.97997e-06 1.36013e-06 6.83301e-07 2.53278e-07 7.30731e-08 1.80382e-08 4.1512e-09 8.99226e-10 1.74163e-10 2.81917e-11 3.42056e-12 2.22557e-13 0 
0 2.02021e-13 1.6378e-12 7.05289e-12 2.25947e-11 5.97478e-11 1.36468e-10 2.75738e-10 4.99975e-10 8.21623e-10 1.23353e-09 1.70564e-09 2.19454e-09 2.6691e-09 3.1511e-09 3.76919e-09 4.83094e-09 6.92772e-09 1.10866e-08 1.89469e-08 3.28297e-08 5.53756e-08 8.82884e-08 1.3011e-07 1.74365e-07 2.10519e-07 2.27361e-07 2.15649e-07 1.73143e-07 1.12995e-07 5.86973e-08 2.45554e-08 8.60693e-09 2.63968e-09 7.21739e-10 1.74163e-10 3.61403e-11 6.17225e-12 7.85224e-13 5.33489e-14 0 
0 3.06512e-14 2.42547e-13 1.02045e-12 3.19816e-12 8.28749e-12 1.85873e-11 3.69625e-11 6.61324e-11 1.07548e-10 1.60332e-10 2.21078e-10 2.85331e-10 3.51203e-10 4.25193e-10 5.30324e-10 7.17356e-10 1.08044e-09 1.7768e-09 3.04279e-09 5.18257e-09 8.48611e-09 1.30334e-08 1.84101e-08 2.35192e-08 2.67915e-08 2.68919e-08 2.35114e-08 1.76688e-08 1.1268e-08 6.06281e-09 2.76709e-09 1.08501e-09 3.69564e-10 1.09674e-10 2.81917e-11 6.17225e-12 1.10714e-12 1.47463e-13 1.04573e-14 0 
0 3.55849e-15 2.75202e-14 1.13267e-13 3.47724e-13 8.84069e-13 1.94914e-12 3.81865e-12 6.74794e-12 1.087e-11 1.61081e-11 2.21812e-11 2.87798e-11 3.59675e-11 4.4834e-11 5.84309e-11 8.30621e-11 1.29957e-10 2.1701e-10 3.69356e-10 6.16005e-10 9.78726e-10 1.45131e-09 1.97556e-09 2.43319e-09 2.67684e-09 2.60124e-09 2.21212e-09 1.6342e-09 1.04353e-09 5.74972e-10 2.73783e-10 1.13051e-10 4.05941e-11 1.26736e-11 3.42056e-12 7.85224e-13 1.47463e-13 2.05241e-14 1.51749e-15 0 
0 2.25514e-16 1.70668e-15 6.88053e-15 2.07172e-14 5.17424e-14 1.12272e-13 2.16935e-13 3.79016e-13 6.05427e-13 8.92992e-13 1.2302e-12 1.6088e-12 2.04867e-12 2.63824e-12 3.59281e-12 5.33261e-12 8.57409e-12 1.44008e-11 2.42242e-11 3.94795e-11 6.08996e-11 8.74047e-11 1.15109e-10 1.37431e-10 1.47161e-10 1.40019e-10 1.17477e-10 8.6422e-11 5.55454e-11 3.11432e-11 1.52343e-11 6.50753e-12 2.42834e-12 7.90068e-13 2.22557e-13 5.33489e-14 1.04573e-14 1.51749e-15 1.16794e-16 0 
0 0 0 0 0 0 0 0 0 0 0 0 0 0 0 0 0 0 0 0 0 0 0 0 0 0 0 0 0 0 0 0 0 0 0 0 0 0 0 0 0 
