0 0 0 0 0 0 0 0 0 0 0 0 0 0 0 0 0 0 0 0 0 0 0 0 0 0 0 0 0 0 0 0 0 0 0 0 0 0 0 0 0 
0 5.08836e-07 4.50125e-06 1.95684e-05 5.80652e-05 0.000131522 0.00024289 0.000384195 0.000540632 0.000696091 0.000836626 0.000951701 0.00103426 0.0010804 0.00108905 0.00106155 0.00100138 0.000913736 0.000805187 0.000683294 0.000556172 0.000431946 0.000318048 0.000220388 0.000142559 8.53685e-05 4.69527e-05 2.35592e-05 1.07315e-05 4.42501e-06 1.64997e-06 5.56381e-07 1.69691e-07 4.67586e-08 1.15948e-08 2.56323e-09 4.95226e-10 8.01479e-11 9.81261e-12 6.49624e-13 0 
0 4.50125e-06 4.05166e-05 0.000172033 0.000475948 0.000972938 0.00160712 0.00229721 0.00297844 0.00360692 0.00415115 0.0045867 0.00489542 0.00506641 0.00509689 0.00499223 0.004765 0.00443331 0.00401875 0.00354429 0.00303269 0.00250589 0.0019855 0.0014938 0.0010539 0.000687265 0.000408162 0.000217913 0.000103647 4.3749e-05 1.6401e-05 5.48121e-06 1.63996e-06 4.40425e-07 1.06052e-07 2.27292e-08 4.25636e-09 6.68132e-10 7.94383e-11 5.11525e-12 0 
0 1.95684e-05 0.000172033 0.000669766 0.00162092 0.00289413 0.00431038 0.0057662 0.00719567 0.00853305 0.00970971 0.0106629 0.0113437 0.0117221 0.0117891 0.0115559 0.0110519 0.0103206 0.00941446 0.00838961 0.00730054 0.00619512 0.00511113 0.00407565 0.00310886 0.00223223 0.00147612 0.000876776 0.000457307 0.000206518 8.0542e-05 2.73092e-05 8.13565e-06 2.14897e-06 5.05357e-07 1.05402e-07 1.91842e-08 2.92728e-09 3.38651e-10 2.12486e-11 0 
0 5.80652e-05 0.000475948 0.00162092 0.00341571 0.00556653 0.00792999 0.0104163 0.0129061 0.0152599 0.0173406 0.0190297 0.0202373 0.0209087 0.0210274 0.0206133 0.0197189 0.0184217 0.0168163 0.0150047 0.0130876 0.0111572 0.00928999 0.00754187 0.00594483 0.00450889 0.00323442 0.0021347 0.00125077 0.000628625 0.000265617 9.4386e-05 2.86241e-05 7.54129e-06 1.74723e-06 3.56709e-07 6.33669e-08 9.4298e-09 1.06438e-09 6.52326e-11 0 
0 0.000131522 0.000972938 0.00289413 0.00556653 0.00874161 0.0123143 0.016122 0.0199513 0.023576 0.0267816 0.0293842 0.031245 0.0322797 0.0324624 0.0318242 0.0304457 0.0284468 0.0259731 0.0231823 0.0202304 0.0172608 0.0143951 0.0117274 0.00932011 0.00720088 0.00536303 0.00377917 0.00243652 0.00137192 0.000645217 0.000248024 7.85585e-05 2.10032e-05 4.84729e-06 9.7567e-07 1.70031e-07 2.47744e-08 2.73733e-09 1.64328e-10 0 
0 0.00024289 0.00160712 0.00431038 0.00792999 0.0123143 0.0173026 0.0226328 0.0279963 0.0330741 0.0375651 0.0412122 0.0438237 0.045283 0.0455423 0.0446394 0.0427009 0.0398983 0.0364324 0.0325225 0.0283875 0.0242283 0.0202162 0.0164847 0.0131263 0.0101916 0.00768782 0.00558009 0.0038094 0.00234365 0.00122606 0.0005192 0.000175641 4.85025e-05 1.12827e-05 2.25654e-06 3.87921e-07 5.55786e-08 6.03242e-09 3.5581e-10 0 
0 0.000384195 0.00229721 0.0057662 0.0104163 0.016122 0.0226328 0.0295931 0.0365977 0.0432299 0.0491124 0.0540993 0.0584167 0.0613838 0.0619747 0.0600611 0.0564374 0.0522372 0.0476232 0.0425098 0.0371092 0.0316778 0.0264388 0.0215674 0.0171857 0.0133634 0.0101209 0.00742994 0.00521701 0.00339415 0.0019332 0.000900883 0.000329591 9.5358e-05 2.26022e-05 4.5254e-06 7.71565e-07 1.09159e-07 1.168e-08 6.78967e-10 0 
0 0.000540632 0.00297844 0.00719567 0.0129061 0.0199513 0.0279963 0.0365977 0.0452549 0.0534972 0.0617931 0.0712605 0.0780951 0.0812128 0.0817617 0.0800524 0.0754444 0.0675732 0.05935 0.0525868 0.045888 0.0391752 0.0327014 0.0266822 0.021269 0.0165493 0.0125523 0.00925438 0.00658094 0.00441722 0.00266794 0.00134766 0.000533383 0.000162964 3.96772e-05 8.0026e-06 1.35965e-06 1.90687e-07 2.01813e-08 1.15964e-09 0 
0 0.000696091 0.00360692 0.00853305 0.0152599 0.023576 0.0330741 0.0432299 0.0534972 0.0647123 0.0782067 0.0856619 0.0891871 0.0908445 0.0911775 0.0902926 0.0879891 0.0835134 0.0744519 0.0628284 0.0542305 0.0462749 0.038631 0.0315249 0.0251347 0.0195642 0.0148493 0.0109675 0.00784366 0.00535246 0.00335522 0.00180102 0.000764103 0.000246679 6.19484e-05 1.264e-05 2.14801e-06 2.99616e-07 3.14584e-08 1.7917e-09 0 
0 0.000836626 0.00415115 0.00970971 0.0173406 0.0267816 0.0375651 0.0491124 0.0617931 0.0782067 0.0875212 0.0920211 0.0945146 0.0957664 0.0960387 0.0953923 0.0937365 0.0907564 0.0855711 0.0752249 0.0621145 0.0525722 0.0438764 0.0358085 0.028554 0.0222305 0.0168796 0.012478 0.00894792 0.00615914 0.00394877 0.00221159 0.00099194 0.000336501 8.71531e-05 1.80239e-05 3.07108e-06 4.27137e-07 4.46051e-08 2.52421e-09 0 
0 0.000951701 0.0045867 0.0106629 0.0190297 0.0293842 0.0412122 0.0540993 0.0712605 0.0856619 0.0920211 0.0955778 0.0976736 0.0987576 0.0990052 0.0984614 0.0970695 0.0946361 0.0906785 0.0837909 0.0704605 0.0578358 0.0481393 0.0392873 0.0313308 0.0243958 0.018528 0.0137031 0.00983978 0.0068042 0.00442055 0.00254604 0.00118948 0.000419991 0.000111759 2.34157e-05 4.00497e-06 5.56432e-07 5.79129e-08 3.26325e-09 0 
0 0.00103426 0.00489542 0.0113437 0.0202373 0.031245 0.0438237 0.0584167 0.0780951 0.0891871 0.0945146 0.0976736 0.0995843 0.100587 0.100823 0.100331 0.0990657 0.0968817 0.0934301 0.0878002 0.0769775 0.0620821 0.0512004 0.0417757 0.0333171 0.0259446 0.0197071 0.0145791 0.0104762 0.00726182 0.00475322 0.00278483 0.00133662 0.000485603 0.000131904 2.7933e-05 4.79574e-06 6.6635e-07 6.92356e-08 3.89166e-09 0 
0 0.0010804 0.00506641 0.0117221 0.0209087 0.0322797 0.045283 0.0613838 0.0812128 0.0908445 0.0957664 0.0987576 0.100587 0.101554 0.101786 0.101316 0.100108 0.0980323 0.0947908 0.0896378 0.0801702 0.0648311 0.0529208 0.043161 0.0344229 0.026807 0.0203638 0.015067 0.0108306 0.00751606 0.00493772 0.00291859 0.00142161 0.000525045 0.000144416 3.07973e-05 5.30312e-06 7.37376e-07 7.65867e-08 4.30117e-09 0 
0 0.00108905 0.00509689 0.0117891 0.0210274 0.0324624 0.0455423 0.0619747 0.0817617 0.0911775 0.0960387 0.0990052 0.100823 0.101786 0.102016 0.10155 0.10035 0.0982912 0.095081 0.0899992 0.0807396 0.0653682 0.0532306 0.0434086 0.0346207 0.0269617 0.0204818 0.0151551 0.0108949 0.00756285 0.00497277 0.00294561 0.00144021 0.000534364 0.000147561 3.15523e-05 5.4422e-06 7.57522e-07 7.87393e-08 4.42483e-09 0 
0 0.00106155 0.00499223 0.0115559 0.0206133 0.0318242 0.0446394 0.0600611 0.0800524 0.0902926 0.0953923 0.0984614 0.100331 0.101316 0.10155 0.10107 0.0998346 0.0977085 0.0943719 0.0890124 0.0789534 0.0636179 0.0521701 0.0425594 0.0339436 0.0264343 0.0200809 0.014858 0.0106802 0.00741039 0.00486478 0.00287049 0.00139467 0.000514067 0.000141343 3.01766e-05 5.20694e-06 7.258e-07 7.55854e-08 4.25662e-09 0 
0 0.00100138 0.004765 0.0110519 0.0197189 0.0304457 0.0427009 0.0564374 0.0754444 0.0879891 0.0937365 0.0970695 0.0990657 0.100108 0.10035 0.0998346 0.0985118 0.0962168 0.0925494 0.0864208 0.0743661 0.0601947 0.0498989 0.0407219 0.0324779 0.0252922 0.0192125 0.0142139 0.0102138 0.00707785 0.00462708 0.00270338 0.00129283 0.000468657 0.000127394 2.7065e-05 4.66825e-06 6.52059e-07 6.81286e-08 3.85142e-09 0 
0 0.000913736 0.00443331 0.0103206 0.0184217 0.0284468 0.0398983 0.0522372 0.0675732 0.0835134 0.0907564 0.0946361 0.0968817 0.0980323 0.0982912 0.0977085 0.0962168 0.0935854 0.0892124 0.0812142 0.0671901 0.055921 0.0466258 0.0380562 0.0303514 0.0236354 0.0179526 0.0132794 0.0095365 0.0065932 0.00427904 0.00245978 0.00114764 0.000405832 0.000108525 2.29027e-05 3.94988e-06 5.53618e-07 5.81435e-08 3.30668e-09 0 
0 0.000805187 0.00401875 0.00941446 0.0168163 0.0259731 0.0364324 0.0476232 0.05935 0.0744519 0.0855711 0.0906785 0.0934301 0.0947908 0.095081 0.0943719 0.0925494 0.0892124 0.0831907 0.0714984 0.0599737 0.0510082 0.042583 0.0347573 0.02772 0.0215854 0.016394 0.0121233 0.00869762 0.00599061 0.00384553 0.00216124 0.000976871 0.000335402 8.81053e-05 1.84836e-05 3.19357e-06 4.50273e-07 4.76642e-08 2.73446e-09 0 
0 0.000683294 0.00354429 0.00838961 0.0150047 0.0231823 0.0325225 0.0425098 0.0525868 0.0628284 0.0752249 0.0837909 0.0878002 0.0896378 0.0899992 0.0890124 0.0864208 0.0812142 0.0714984 0.0614221 0.053348 0.0455394 0.0380236 0.0310361 0.0247522 0.0192741 0.0146375 0.0108206 0.00775107 0.00530899 0.00335856 0.00183736 0.000802749 0.000267989 6.94067e-05 1.45355e-05 2.52608e-06 3.59586e-07 3.84911e-08 2.23391e-09 0 
0 0.000556172 0.00303269 0.00730054 0.0130876 0.0202304 0.0283875 0.0371092 0.045888 0.0542305 0.0621145 0.0704605 0.0769775 0.0801702 0.0807396 0.0789534 0.0743661 0.0671901 0.0599737 0.053348 0.0465674 0.0397639 0.0332023 0.0271017 0.0216155 0.0168326 0.0127834 0.0094467 0.00675346 0.00459514 0.00286338 0.00152911 0.000650913 0.00021359 5.50804e-05 1.15988e-05 2.03734e-06 2.93717e-07 3.1851e-08 1.87161e-09 0 
0 0.000431946 0.00250589 0.00619512 0.0111572 0.0172608 0.0242283 0.0316778 0.0391752 0.0462749 0.0525722 0.0578358 0.0620821 0.0648311 0.0653682 0.0636179 0.0601947 0.055921 0.0510082 0.0455394 0.0397639 0.0339557 0.028354 0.0231464 0.0184642 0.0143837 0.0109307 0.00808317 0.00577691 0.00392023 0.00242999 0.00128982 0.000547368 0.000180136 4.68383e-05 9.97099e-06 1.77121e-06 2.58019e-07 2.82345e-08 1.67168e-09 0 
0 0.000318048 0.0019855 0.00511113 0.00928999 0.0143951 0.0202162 0.0264388 0.0327014 0.038631 0.0438764 0.0481393 0.0512004 0.0529208 0.0532306 0.0521701 0.0498989 0.0466258 0.042583 0.0380236 0.0332023 0.028354 0.0236792 0.0193354 0.0154367 0.0120579 0.00922832 0.0069115 0.00501359 0.00344672 0.00216799 0.00117629 0.000512113 0.000172052 4.52866e-05 9.69249e-06 1.72366e-06 2.50763e-07 2.73651e-08 1.61421e-09 0 
0 0.000220388 0.0014938 0.00407565 0.00754187 0.0117274 0.0164847 0.0215674 0.0266822 0.0315249 0.0358085 0.0392873 0.0417757 0.043161 0.0434086 0.0425594 0.0407219 0.0380562 0.0347573 0.0310361 0.0271017 0.0231464 0.0193354 0.0158058 0.0126886 0.0101341 0.00823471 0.00680255 0.00539651 0.00382637 0.00235996 0.00126181 0.000556204 0.000189417 4.9796e-05 1.0528e-05 1.84148e-06 2.63298e-07 2.82565e-08 1.64087e-09 0 
0 0.000142559 0.0010539 0.00310886 0.00594483 0.00932011 0.0131263 0.0171857 0.021269 0.0251347 0.028554 0.0313308 0.0333171 0.0344229 0.0346207 0.0339436 0.0324779 0.0303514 0.02772 0.0247522 0.0216155 0.0184642 0.0154367 0.0126886 0.0105237 0.00953845 0.0101686 0.0114205 0.0109784 0.00801098 0.0043626 0.00190086 0.000724601 0.000232146 5.86836e-05 1.19571e-05 2.02329e-06 2.81047e-07 2.94048e-08 1.66969e-09 0 
0 8.53685e-05 0.000687265 0.00223223 0.00450889 0.00720088 0.0101916 0.0133634 0.0165493 0.0195642 0.0222305 0.0243958 0.0259446 0.026807 0.0269617 0.0264343 0.0252922 0.0236354 0.0215854 0.0192741 0.0168326 0.0143837 0.0120579 0.0101341 0.00953845 0.0123885 0.0202936 0.0364904 0.0441338 0.0241246 0.0118005 0.00423777 0.0012109 0.000312867 7.02101e-05 1.32713e-05 2.13827e-06 2.86971e-07 2.9218e-08 1.62136e-09 0 
0 4.69527e-05 0.000408162 0.00147612 0.00323442 0.00536303 0.00768782 0.0101209 0.0125523 0.0148493 0.0168796 0.018528 0.0197071 0.0203638 0.0204818 0.0200809 0.0192125 0.0179526 0.016394 0.0146375 0.0127834 0.0109307 0.00922832 0.00823471 0.0101686 0.0202936 0.0520946 0.0769697 0.0788309 0.0707817 0.0282228 0.00923908 0.00222687 0.000447435 8.24453e-05 1.37672e-05 2.07289e-06 2.68226e-07 2.66583e-08 1.45136e-09 0 
0 2.35592e-05 0.000217913 0.000876776 0.0021347 0.00377917 0.00558009 0.00742994 0.00925438 0.0109675 0.012478 0.0137031 0.0145791 0.015067 0.0151551 0.014858 0.0142139 0.0132794 0.0121233 0.0108206 0.0094467 0.00808317 0.0069115 0.00680255 0.0114205 0.0364904 0.0769697 0.0842037 0.0850464 0.0813369 0.0621656 0.0149276 0.00337617 0.000583976 8.92022e-05 1.28513e-05 1.78463e-06 2.2297e-07 2.17731e-08 1.17095e-09 0 
0 1.07315e-05 0.000103647 0.000457307 0.00125077 0.00243652 0.0038094 0.00521701 0.00658094 0.00784366 0.00894792 0.00983978 0.0104762 0.0108306 0.0108949 0.0106802 0.0102138 0.0095365 0.00869762 0.00775107 0.00675346 0.00577691 0.00501359 0.00539651 0.0109784 0.0441338 0.0788309 0.0850464 0.085911 0.0829173 0.0706011 0.0173368 0.00365185 0.000593198 8.05218e-05 1.02763e-05 1.32838e-06 1.61731e-07 1.5667e-08 8.39537e-10 0 
0 4.42501e-06 4.3749e-05 0.000206518 0.000628625 0.00137192 0.00234365 0.00339415 0.00441722 0.00535246 0.00615914 0.0068042 0.00726182 0.00751606 0.00756285 0.00741039 0.00707785 0.0065932 0.00599061 0.00530899 0.00459514 0.00392023 0.00344672 0.00382637 0.00801098 0.0241246 0.0707817 0.0813369 0.0829173 0.0777495 0.0460177 0.0121482 0.00269907 0.000431959 5.57665e-05 6.68884e-06 8.35349e-07 1.01113e-07 9.8389e-09 5.3042e-10 0 
0 1.64997e-06 1.6401e-05 8.0542e-05 0.000265617 0.000645217 0.00122606 0.0019332 0.00266794 0.00335522 0.00394877 0.00442055 0.00475322 0.00493772 0.00497277 0.00486478 0.00462708 0.00427904 0.00384553 0.00335856 0.00286338 0.00242999 0.00216799 0.00235996 0.0043626 0.0118005 0.0282228 0.0621656 0.0706011 0.0460177 0.018252 0.00602213 0.00135281 0.000219797 2.84619e-05 3.44044e-06 4.38226e-07 5.41756e-08 5.36859e-09 2.93999e-10 0 
0 5.56381e-07 5.48121e-06 2.73092e-05 9.4386e-05 0.000248024 0.0005192 0.000900883 0.00134766 0.00180102 0.00221159 0.00254604 0.00278483 0.00291859 0.00294561 0.00287049 0.00270338 0.00245978 0.00216124 0.00183736 0.00152911 0.00128982 0.00117629 0.00126181 0.00190086 0.00423777 0.00923908 0.0149276 0.0173368 0.0121482 0.00602213 0.00201082 0.00046489 7.85721e-05 1.07369e-05 1.40538e-06 1.92458e-07 2.48965e-08 2.54318e-09 1.42709e-10 0 
0 1.69691e-07 1.63996e-06 8.13565e-06 2.86241e-05 7.85585e-05 0.000175641 0.000329591 0.000533383 0.000764103 0.00099194 0.00118948 0.00133662 0.00142161 0.00144021 0.00139467 0.00129283 0.00114764 0.000976871 0.000802749 0.000650913 0.000547368 0.000512113 0.000556204 0.000724601 0.0012109 0.00222687 0.00337617 0.00365185 0.00269907 0.00135281 0.00046489 0.000112678 2.04262e-05 3.13408e-06 4.73e-07 7.18952e-08 9.86224e-09 1.04726e-09 6.06432e-11 0 
0 4.67586e-08 4.40425e-07 2.14897e-06 7.54129e-06 2.10032e-05 4.85025e-05 9.5358e-05 0.000162964 0.000246679 0.000336501 0.000419991 0.000485603 0.000525045 0.000534364 0.000514067 0.000468657 0.000405832 0.000335402 0.000267989 0.00021359 0.000180136 0.000172052 0.000189417 0.000232146 0.000312867 0.000447435 0.000583976 0.000593198 0.000431959 0.000219797 7.85721e-05 2.04262e-05 4.18989e-06 7.69116e-07 1.37518e-07 2.32261e-08 3.3849e-09 3.75419e-10 2.25499e-11 0 
0 1.15948e-08 1.06052e-07 5.05357e-07 1.74723e-06 4.84729e-06 1.12827e-05 2.26022e-05 3.96772e-05 6.19484e-05 8.71531e-05 0.000111759 0.000131904 0.000144416 0.000147561 0.000141343 0.000127394 0.000108525 8.81053e-05 6.94067e-05 5.50804e-05 4.68383e-05 4.52866e-05 4.9796e-05 5.86836e-05 7.02101e-05 8.24453e-05 8.92022e-05 8.05218e-05 5.57665e-05 2.84619e-05 1.07369e-05 3.13408e-06 7.69116e-07 1.71698e-07 3.54932e-08 6.53598e-09 1.00835e-09 1.17072e-10 7.31954e-12 0 
0 2.56323e-09 2.27292e-08 1.05402e-07 3.56709e-07 9.7567e-07 2.25654e-06 4.5254e-06 8.0026e-06 1.264e-05 1.80239e-05 2.34157e-05 2.7933e-05 3.07973e-05 3.15523e-05 3.01766e-05 2.7065e-05 2.29027e-05 1.84836e-05 1.45355e-05 1.15988e-05 9.97099e-06 9.69249e-06 1.0528e-05 1.19571e-05 1.32713e-05 1.37672e-05 1.28513e-05 1.02763e-05 6.68884e-06 3.44044e-06 1.40538e-06 4.73e-07 1.37518e-07 3.54932e-08 8.1004e-09 1.59548e-09 2.59579e-10 3.15751e-11 2.05883e-12 0 
0 4.95226e-10 4.25636e-09 1.91842e-08 6.33669e-08 1.70031e-07 3.87921e-07 7.71565e-07 1.35965e-06 2.14801e-06 3.07108e-06 4.00497e-06 4.79574e-06 5.30312e-06 5.4422e-06 5.20694e-06 4.66825e-06 3.94988e-06 3.19357e-06 2.52608e-06 2.03734e-06 1.77121e-06 1.72366e-06 1.84148e-06 2.02329e-06 2.13827e-06 2.07289e-06 1.78463e-06 1.32838e-06 8.35349e-07 4.38226e-07 1.92458e-07 7.18952e-08 2.32261e-08 6.53598e-09 1.59548e-09 3.32395e-10 5.68743e-11 7.24653e-12 4.93111e-13 0 
0 8.01479e-11 6.68132e-10 2.92728e-09 9.4298e-09 2.47744e-08 5.55786e-08 1.09159e-07 1.90687e-07 2.99616e-07 4.27137e-07 5.56432e-07 6.6635e-07 7.37376e-07 7.57522e-07 7.258e-07 6.52059e-07 5.53618e-07 4.50273e-07 3.59586e-07 2.93717e-07 2.58019e-07 2.50763e-07 2.63298e-07 2.81047e-07 2.86971e-07 2.68226e-07 2.2297e-07 1.61731e-07 1.01113e-07 5.41756e-08 2.48965e-08 9.86224e-09 3.3849e-09 1.00835e-09 2.59579e-10 5.68743e-11 1.02094e-11 1.36106e-12 9.66259e-14 0 
0 9.81261e-12 7.94383e-11 3.38651e-10 1.06438e-09 2.73733e-09 6.03242e-09 1.168e-08 2.01813e-08 3.14584e-08 4.46051e-08 5.79129e-08 6.92356e-08 7.65867e-08 7.87393e-08 7.55854e-08 6.81286e-08 5.81435e-08 4.76642e-08 3.84911e-08 3.1851e-08 2.82345e-08 2.73651e-08 2.82565e-08 2.94048e-08 2.9218e-08 2.66583e-08 2.17731e-08 1.5667e-08 9.8389e-09 5.36859e-09 2.54318e-09 1.04726e-09 3.75419e-10 1.17072e-10 3.15751e-11 7.24653e-12 1.36106e-12 1.89519e-13 1.40222e-14 0 
0 6.49624e-13 5.11525e-12 2.12486e-11 6.52326e-11 1.64328e-10 3.5581e-10 6.78967e-10 1.15964e-09 1.7917e-09 2.52421e-09 3.26325e-09 3.89166e-09 4.30117e-09 4.42483e-09 4.25662e-09 3.85142e-09 3.30668e-09 2.73446e-09 2.23391e-09 1.87161e-09 1.67168e-09 1.61421e-09 1.64087e-09 1.66969e-09 1.62136e-09 1.45136e-09 1.17095e-09 8.39537e-10 5.3042e-10 2.93999e-10 1.42709e-10 6.06432e-11 2.25499e-11 7.31954e-12 2.05883e-12 4.93111e-13 9.66259e-14 1.40222e-14 1.07959e-15 0 
0 0 0 0 0 0 0 0 0 0 0 0 0 0 0 0 0 0 0 0 0 0 0 0 0 0 0 0 0 0 0 0 0 0 0 0 0 0 0 0 0 
