0 0 0 0 0 0 0 0 0 0 0 0 0 0 0 0 0 0 0 0 0 0 0 0 0 0 0 0 0 0 0 0 0 0 0 0 0 0 0 0 0 
0 8.95869e-09 8.34887e-08 4.02583e-07 1.39851e-06 3.87095e-06 8.93348e-06 1.76614e-05 3.05211e-05 4.68991e-05 6.50421e-05 8.24512e-05 9.65242e-05 0.000105174 0.000107247 0.000102686 9.24489e-05 7.82453e-05 6.21574e-05 4.62233e-05 3.20712e-05 2.06863e-05 1.23607e-05 6.82206e-06 3.47042e-06 1.62538e-06 7.00754e-07 2.78288e-07 1.01915e-07 3.44647e-08 1.07741e-08 3.11504e-09 8.32351e-10 2.04988e-10 4.62526e-11 9.4515e-12 1.71097e-12 2.62448e-13 3.07468e-14 1.9632e-15 0 
0 8.34887e-08 8.10928e-07 4.05163e-06 1.44296e-05 4.03672e-05 9.26863e-05 0.00017972 0.000301527 0.000447703 0.00060028 0.000739128 0.000846693 0.000910767 0.000925495 0.000891278 0.000814063 0.000704229 0.000575129 0.000441266 0.000316149 0.000210122 0.000128727 7.23093e-05 3.71134e-05 1.73808e-05 7.43098e-06 2.90612e-06 1.04245e-06 3.43961e-07 1.04649e-07 2.94037e-08 7.6306e-09 1.82518e-09 4.00183e-10 7.95308e-11 1.40173e-11 2.09598e-12 2.39685e-13 1.49584e-14 0 
0 4.02583e-07 4.05163e-06 2.07493e-05 7.43554e-05 0.000204371 0.000450232 0.000823379 0.00129404 0.00180504 0.00229486 0.00271228 0.00302091 0.00319901 0.0032381 0.00314142 0.00292233 0.00260263 0.00221087 0.00178065 0.00134849 0.000950357 0.00061628 0.000363825 0.000193978 9.30396e-05 4.01642e-05 1.56645e-05 5.54998e-06 1.79649e-06 5.33848e-07 1.46126e-07 3.68955e-08 8.58341e-09 1.83097e-09 3.54288e-10 6.08605e-11 8.88063e-12 9.9233e-13 6.05961e-14 0 
0 1.39851e-06 1.44296e-05 7.43554e-05 0.000260311 0.000676225 0.00137424 0.00230263 0.00334472 0.00438264 0.00532341 0.00609873 0.00666092 0.00698122 0.00704931 0.00687237 0.00647292 0.00588583 0.00515466 0.00432853 0.00346004 0.00260469 0.00182006 0.00116053 0.000664074 0.000336926 0.000150931 5.99182e-05 2.12651e-05 6.81545e-06 1.99021e-06 5.3293e-07 1.31323e-07 2.97867e-08 6.19438e-09 1.16909e-09 1.9606e-10 2.79607e-11 3.05741e-12 1.82936e-13 0 
0 3.87095e-06 4.03672e-05 0.000204371 0.000676225 0.00160805 0.00296766 0.00458148 0.00627104 0.00789784 0.00935214 0.0105447 0.0114076 0.0118982 0.0120009 0.011727 0.0111115 0.0102082 0.00908317 0.00780837 0.00645572 0.00509386 0.00378898 0.0026093 0.00162566 0.000894963 0.000428285 0.00017756 6.43385e-05 2.06813e-05 5.98484e-06 1.57673e-06 3.80756e-07 8.44728e-08 1.71716e-08 3.16846e-09 5.19833e-10 7.25955e-11 7.78197e-12 4.57012e-13 0 
0 8.93348e-06 9.26863e-05 0.000450232 0.00137424 0.00296766 0.00504812 0.00737413 0.00975724 0.0120404 0.0140811 0.0157555 0.0169676 0.0176566 0.0178002 0.0174142 0.0165483 0.0152791 0.0137006 0.011915 0.010023 0.00811668 0.00627495 0.00456655 0.00306034 0.00183395 0.000953706 0.000422493 0.000159585 5.224e-05 1.51348e-05 3.94981e-06 9.39267e-07 2.0459e-07 4.07807e-08 7.37673e-09 1.18689e-09 1.62673e-10 1.71304e-11 9.8932e-13 0 
0 1.76614e-05 0.00017972 0.000823379 0.00230263 0.00458148 0.00737413 0.0104338 0.0135588 0.0165544 0.019234 0.0214339 0.0230271 0.023933 0.0241221 0.023615 0.0224775 0.0208105 0.0187387 0.0163973 0.0139203 0.0114291 0.00902562 0.00678906 0.00478204 0.00306897 0.00173033 0.000828271 0.000331616 0.000112211 3.28989e-05 8.56754e-06 2.01677e-06 4.33043e-07 8.49267e-08 1.51047e-08 2.38976e-09 3.22241e-10 3.34111e-11 1.90157e-12 0 
0 3.05211e-05 0.000301527 0.00129404 0.00334472 0.00627104 0.00975724 0.0135588 0.0174427 0.0211678 0.0245015 0.0272396 0.0292235 0.0303525 0.0305895 0.0299602 0.0285462 0.0264736 0.023898 0.0209884 0.0179124 0.0148225 0.0118466 0.00908185 0.00659542 0.00443765 0.00267056 0.0013767 0.000588649 0.000208194 6.23644e-05 1.63196e-05 3.82216e-06 8.12288e-07 1.57273e-07 2.75874e-08 4.30397e-09 5.72462e-10 5.85828e-11 3.29336e-12 0 
0 4.68991e-05 0.000447703 0.00180504 0.00438264 0.00789784 0.0120404 0.0165544 0.0211678 0.0255943 0.0295569 0.0328129 0.0351735 0.0365185 0.0368035 0.0360586 0.0343808 0.0319199 0.0288612 0.0254062 0.0217546 0.0180887 0.0145616 0.0112898 0.00835121 0.0057919 0.00365227 0.00200187 0.000911803 0.000338676 0.00010433 2.7588e-05 6.45741e-06 1.36335e-06 2.6147e-07 4.53727e-08 7.00019e-09 9.20899e-10 9.32529e-11 5.19084e-12 0 
0 6.50421e-05 0.00060028 0.00229486 0.00532341 0.00935214 0.0140811 0.019234 0.0245015 0.0295569 0.0340842 0.0378058 0.040506 0.0420469 0.0423772 0.041531 0.0396188 0.0368115 0.0333209 0.0293774 0.0252097 0.0210266 0.017004 0.0132761 0.00993235 0.00702093 0.00456848 0.00262169 0.00125997 0.000490556 0.000155777 4.1769e-05 9.80419e-06 2.06301e-06 3.93119e-07 6.76872e-08 1.0357e-08 1.35137e-09 1.35779e-10 7.50355e-12 0 
0 8.24512e-05 0.000739128 0.00271228 0.00609873 0.0105447 0.0157555 0.0214339 0.0272396 0.0328129 0.0378058 0.0419124 0.0448943 0.0465992 0.0469698 0.0460432 0.0439406 0.0408503 0.0370056 0.0326609 0.0280684 0.023459 0.0190274 0.0149224 0.0112435 0.00804315 0.00534117 0.0031647 0.00158503 0.000642374 0.0002099 5.71254e-05 1.34748e-05 2.8332e-06 5.37931e-07 9.21684e-08 1.40282e-08 1.82085e-09 1.82068e-10 1.00193e-11 0 
0 9.65242e-05 0.000846693 0.00302091 0.00666092 0.0114076 0.0169676 0.0230271 0.0292235 0.0351735 0.040506 0.0448943 0.0480838 0.0499112 0.0503149 0.0493335 0.047096 0.043803 0.0397031 0.0350679 0.0301671 0.0252474 0.0205173 0.0161365 0.0122121 0.00880035 0.00591836 0.00358031 0.00184554 0.000771022 0.000257932 7.11583e-05 1.68828e-05 3.55424e-06 6.74166e-07 1.15289e-07 1.75099e-08 2.26853e-09 2.26537e-10 1.24602e-11 0 
0 0.000105174 0.000910767 0.00319901 0.00698122 0.0118982 0.0176566 0.023933 0.0303525 0.0365185 0.0420469 0.0465992 0.0499112 0.0518134 0.052241 0.0512335 0.0489237 0.0455187 0.0412761 0.0364767 0.0314002 0.0263026 0.0214004 0.0168597 0.0127923 0.00925707 0.00627029 0.00383912 0.00201387 0.000858112 0.000291862 8.13907e-05 1.94251e-05 4.10205e-06 7.79469e-07 1.33491e-07 2.03093e-08 2.63744e-09 2.64252e-10 1.46006e-11 0 
0 0.000107247 0.000925495 0.0032381 0.00704931 0.0120009 0.0178002 0.0241221 0.0305895 0.0368035 0.0423772 0.0469698 0.0503149 0.052241 0.0526824 0.0516779 0.0493606 0.0459387 0.0416707 0.0368395 0.0317266 0.0265902 0.0216487 0.0170702 0.0129678 0.00940144 0.00638745 0.00393078 0.00207792 0.000893866 0.00030684 8.62179e-05 2.07023e-05 4.39523e-06 8.39705e-07 1.44674e-07 2.21661e-08 2.90281e-09 2.93766e-10 1.64244e-11 0 
0 0.000102686 0.000891278 0.00314142 0.00687237 0.011727 0.0174142 0.023615 0.0299602 0.0360586 0.041531 0.0460432 0.0493335 0.0512335 0.0516779 0.0507042 0.0484422 0.0450951 0.0409161 0.0361821 0.0311691 0.0261301 0.0212798 0.0167832 0.0127519 0.00924501 0.00627947 0.00386199 0.00204056 0.000878487 0.000302507 8.54768e-05 2.06816e-05 4.43234e-06 8.56315e-07 1.49485e-07 2.32554e-08 3.09939e-09 3.19951e-10 1.82864e-11 0 
0 9.24489e-05 0.000814063 0.00292233 0.00647292 0.0111115 0.0165483 0.0224775 0.0285462 0.0343808 0.0396188 0.0439406 0.047096 0.0489237 0.0493606 0.0484422 0.0462915 0.0431024 0.0391161 0.0345969 0.0298079 0.0249913 0.0203517 0.0160473 0.0121848 0.00882103 0.00597374 0.00365503 0.00191832 0.000821728 0.000283089 8.05655e-05 1.97471e-05 4.30668e-06 8.49962e-07 1.52096e-07 2.433e-08 3.34279e-09 3.56384e-10 2.10537e-11 0 
0 7.82453e-05 0.000704229 0.00260263 0.00588583 0.0102082 0.0152791 0.0208105 0.0264736 0.0319199 0.0368115 0.0408503 0.043803 0.0455187 0.0459387 0.0450951 0.0431024 0.0401406 0.0364342 0.0322288 0.0277696 0.0232817 0.0189557 0.0149386 0.0113295 0.00818151 0.00551383 0.00334673 0.00173998 0.000741361 0.000256563 7.41878e-05 1.86521e-05 4.20241e-06 8.61264e-07 1.60602e-07 2.68182e-08 3.84612e-09 4.27232e-10 2.62091e-11 0 
0 6.21574e-05 0.000575129 0.00221087 0.00515466 0.00908317 0.0137006 0.0187387 0.023898 0.0288612 0.0333209 0.0370056 0.0397031 0.0412761 0.0416707 0.0409161 0.0391161 0.0364342 0.033074 0.029259 0.0252115 0.021136 0.0172053 0.013552 0.0102654 0.00739348 0.00495773 0.00298745 0.00154474 0.000661043 0.000233476 7.00036e-05 1.84615e-05 4.39169e-06 9.52311e-07 1.87588e-07 3.29405e-08 4.93557e-09 5.68468e-10 3.58788e-11 0 
0 4.62233e-05 0.000441266 0.00178065 0.00432853 0.00780837 0.011915 0.0163973 0.0209884 0.0254062 0.0293774 0.0326609 0.0350679 0.0364767 0.0368395 0.0361821 0.0345969 0.0322288 0.029259 0.0258856 0.0223063 0.0187019 0.0152252 0.0119927 0.00908176 0.00653495 0.00437596 0.00263942 0.00137965 0.000608301 0.000226268 7.25885e-05 2.06031e-05 5.25957e-06 1.21333e-06 2.51351e-07 4.58571e-08 7.0581e-09 8.26925e-10 5.26633e-11 0 
0 3.20712e-05 0.000316149 0.00134849 0.00346004 0.00645572 0.010023 0.0139203 0.0179124 0.0217546 0.0252097 0.0280684 0.0301671 0.0314002 0.0317266 0.0311691 0.0298079 0.0277696 0.0252115 0.0223063 0.0192254 0.0161261 0.0131399 0.0103664 0.00787096 0.00569044 0.00384809 0.00237273 0.00129629 0.000613815 0.00025002 8.80848e-05 2.71309e-05 7.37309e-06 1.7751e-06 3.77248e-07 6.96677e-08 1.0747e-08 1.25311e-09 7.90429e-11 0 
0 2.06863e-05 0.000210122 0.000950357 0.00260469 0.00509386 0.00811668 0.0114291 0.0148225 0.0180887 0.0210266 0.023459 0.0252474 0.0263026 0.0265902 0.0261301 0.0249913 0.0232817 0.021136 0.0187019 0.0161261 0.0135426 0.0110631 0.00877126 0.00672179 0.00494522 0.00345601 0.00225814 0.00134778 0.000713305 0.000325335 0.000125783 4.12218e-05 1.15748e-05 2.8167e-06 5.96348e-07 1.08736e-07 1.64755e-08 1.88167e-09 1.16116e-10 0 
0 1.23607e-05 0.000128727 0.00061628 0.00182006 0.00378898 0.00627495 0.00902562 0.0118466 0.0145616 0.017004 0.0190274 0.0205173 0.0214004 0.0216487 0.0212798 0.0203517 0.0189557 0.0172053 0.0152252 0.0131399 0.0110631 0.00908965 0.0072909 0.00571375 0.00438068 0.00328306 0.00237657 0.00160811 0.000966793 0.000490332 0.000202913 6.82911e-05 1.90888e-05 4.5473e-06 9.36026e-07 1.65561e-07 2.43278e-08 2.69672e-09 1.61747e-10 0 
0 6.82206e-06 7.23093e-05 0.000363825 0.00116053 0.0026093 0.00456655 0.00678906 0.00908185 0.0112898 0.0132761 0.0149224 0.0161365 0.0168597 0.0170702 0.0167832 0.0160473 0.0149386 0.013552 0.0119927 0.0103664 0.00877126 0.0072909 0.00599075 0.00491916 0.0041049 0.00352491 0.00303975 0.00243262 0.00164848 0.000890856 0.000373746 0.000122034 3.21564e-05 7.18545e-06 1.40068e-06 2.37012e-07 3.35287e-08 3.59263e-09 2.08975e-10 0 
0 3.47042e-06 3.71134e-05 0.000193978 0.000664074 0.00162566 0.00306034 0.00478204 0.00659542 0.00835121 0.00993235 0.0112435 0.0122121 0.0127923 0.0129678 0.0127519 0.0121848 0.0113295 0.0102654 0.00908176 0.00787096 0.00672179 0.00571375 0.00491916 0.00443643 0.00445645 0.00513104 0.00596814 0.00579426 0.00420405 0.00221277 0.000855757 0.000249159 5.70557e-05 1.11159e-05 1.95903e-06 3.11071e-07 4.21411e-08 4.36246e-09 2.46334e-10 0 
0 1.62538e-06 1.73808e-05 9.30396e-05 0.000336926 0.000894963 0.00183395 0.00306897 0.00443765 0.0057919 0.00702093 0.00804315 0.00880035 0.00925707 0.00940144 0.00924501 0.00882103 0.00818151 0.00739348 0.00653495 0.00569044 0.00494522 0.00438068 0.0041049 0.00445645 0.00640481 0.0108587 0.0159412 0.0170531 0.0125833 0.0063451 0.00222478 0.000563452 0.000108011 1.71697e-05 2.55684e-06 3.68369e-07 4.74416e-08 4.75308e-09 2.61475e-10 0 
0 7.00754e-07 7.43098e-06 4.01642e-05 0.000150931 0.000428285 0.000953706 0.00173033 0.00267056 0.00365227 0.00456848 0.00534117 0.00591836 0.00627029 0.00638745 0.00627947 0.00597374 0.00551383 0.00495773 0.00437596 0.00384809 0.00345601 0.00328306 0.00352491 0.00513104 0.0108587 0.0230378 0.0367609 0.0404152 0.0299122 0.0148497 0.0049775 0.00115654 0.00019436 2.55602e-05 3.09489e-06 3.89104e-07 4.71576e-08 4.58744e-09 2.47268e-10 0 
0 2.78288e-07 2.90612e-06 1.56645e-05 5.99182e-05 0.00017756 0.000422493 0.000828271 0.0013767 0.00200187 0.00262169 0.0031647 0.00358031 0.00383912 0.00393078 0.00386199 0.00365503 0.00334673 0.00298745 0.00263942 0.00237273 0.00225814 0.00237657 0.00303975 0.00596814 0.0159412 0.0367609 0.0601199 0.0665601 0.0493266 0.0243725 0.00804834 0.00180144 0.000281977 3.27722e-05 3.32264e-06 3.60212e-07 4.087e-08 3.88194e-09 2.06568e-10 0 
0 1.01915e-07 1.04245e-06 5.54998e-06 2.12651e-05 6.43385e-05 0.000159585 0.000331616 0.000588649 0.000911803 0.00125997 0.00158503 0.00184554 0.00201387 0.00207792 0.00204056 0.00191832 0.00173998 0.00154474 0.00137965 0.00129629 0.00134778 0.00160811 0.00243262 0.00579426 0.0170531 0.0404152 0.0665601 0.0736777 0.0547932 0.0270122 0.00887827 0.00195988 0.00029691 3.23294e-05 2.93098e-06 2.83399e-07 3.04956e-08 2.85764e-09 1.51501e-10 0 
0 3.44647e-08 3.43961e-07 1.79649e-06 6.81545e-06 2.06813e-05 5.224e-05 0.000112211 0.000208194 0.000338676 0.000490556 0.000642374 0.000771022 0.000858112 0.000893866 0.000878487 0.000821728 0.000741361 0.000661043 0.000608301 0.000613815 0.000713305 0.000966793 0.00164848 0.00420405 0.0125833 0.0299122 0.0493266 0.0547932 0.0405657 0.0200166 0.00657447 0.00144647 0.000216466 2.29499e-05 1.98694e-06 1.83134e-07 1.93729e-08 1.82064e-09 9.71672e-11 0 
0 1.07741e-08 1.04649e-07 5.33848e-07 1.99021e-06 5.98484e-06 1.51348e-05 3.28989e-05 6.23644e-05 0.00010433 0.000155777 0.0002099 0.000257932 0.000291862 0.00030684 0.000302507 0.000283089 0.000256563 0.000233476 0.000226268 0.00025002 0.000325335 0.000490332 0.000890856 0.00221277 0.0063451 0.0148497 0.0243725 0.0270122 0.0200166 0.00988432 0.00325336 0.000717597 0.000107388 1.14086e-05 1.00267e-06 9.54688e-08 1.04263e-08 1.002e-09 5.44009e-11 0 
0 3.11504e-09 2.94037e-08 1.46126e-07 5.3293e-07 1.57673e-06 3.94981e-06 8.56754e-06 1.63196e-05 2.7588e-05 4.1769e-05 5.71254e-05 7.11583e-05 8.13907e-05 8.62179e-05 8.54768e-05 8.05655e-05 7.41878e-05 7.00036e-05 7.25885e-05 8.80848e-05 0.000125783 0.000202913 0.000373746 0.000855757 0.00222478 0.0049775 0.00804834 0.00887827 0.00657447 0.00325336 0.0010762 0.000239002 3.61977e-05 3.97993e-06 3.80139e-07 4.05539e-08 4.77452e-09 4.76949e-10 2.65853e-11 0 
0 8.32351e-10 7.6306e-09 3.68955e-08 1.31323e-07 3.80756e-07 9.39267e-07 2.01677e-06 3.82216e-06 6.45741e-06 9.80419e-06 1.34748e-05 1.68828e-05 1.94251e-05 2.07023e-05 2.06816e-05 1.97471e-05 1.86521e-05 1.84615e-05 2.06031e-05 2.71309e-05 4.12218e-05 6.82911e-05 0.000122034 0.000249159 0.000563452 0.00115654 0.00180144 0.00195988 0.00144647 0.000717597 0.000239002 5.37991e-05 8.42985e-06 1.01068e-06 1.14155e-07 1.45107e-08 1.87982e-09 1.96936e-10 1.13487e-11 0 
0 2.04988e-10 1.82518e-09 8.58341e-09 2.97867e-08 8.44728e-08 2.0459e-07 4.33043e-07 8.12288e-07 1.36335e-06 2.06301e-06 2.8332e-06 3.55424e-06 4.10205e-06 4.39523e-06 4.43234e-06 4.30668e-06 4.20241e-06 4.39169e-06 5.25957e-06 7.37309e-06 1.15748e-05 1.90888e-05 3.21564e-05 5.70557e-05 0.000108011 0.00019436 0.000281977 0.00029691 0.000216466 0.000107388 3.61977e-05 8.42985e-06 1.43499e-06 2.04642e-07 2.95594e-08 4.52832e-09 6.42173e-10 7.07146e-11 4.23294e-12 0 
0 4.62526e-11 4.00183e-10 1.83097e-09 6.19438e-09 1.71716e-08 4.07807e-08 8.49267e-08 1.57273e-07 2.6147e-07 3.93119e-07 5.37931e-07 6.74166e-07 7.79469e-07 8.39705e-07 8.56315e-07 8.49962e-07 8.61264e-07 9.52311e-07 1.21333e-06 1.7751e-06 2.8167e-06 4.5473e-06 7.18545e-06 1.11159e-05 1.71697e-05 2.55602e-05 3.27722e-05 3.23294e-05 2.29499e-05 1.14086e-05 3.97993e-06 1.01068e-06 2.04642e-07 3.80045e-08 7.05671e-09 1.25024e-09 1.9085e-10 2.2076e-11 1.37677e-12 0 
0 9.4515e-12 7.95308e-11 3.54288e-10 1.16909e-09 3.16846e-09 7.37673e-09 1.51047e-08 2.75874e-08 4.53727e-08 6.76872e-08 9.21684e-08 1.15289e-07 1.33491e-07 1.44674e-07 1.49485e-07 1.52096e-07 1.60602e-07 1.87588e-07 2.51351e-07 3.77248e-07 5.96348e-07 9.36026e-07 1.40068e-06 1.95903e-06 2.55684e-06 3.09489e-06 3.32264e-06 2.93098e-06 1.98694e-06 1.00267e-06 3.80139e-07 1.14155e-07 2.95594e-08 7.05671e-09 1.55528e-09 3.02835e-10 4.90829e-11 5.95778e-12 3.8775e-13 0 
0 1.71097e-12 1.40173e-11 6.08605e-11 1.9606e-10 5.19833e-10 1.18689e-09 2.38976e-09 4.30397e-09 7.00019e-09 1.0357e-08 1.40282e-08 1.75099e-08 2.03093e-08 2.21661e-08 2.32554e-08 2.433e-08 2.68182e-08 3.29405e-08 4.58571e-08 6.96677e-08 1.08736e-07 1.65561e-07 2.37012e-07 3.11071e-07 3.68369e-07 3.89104e-07 3.60212e-07 2.83399e-07 1.83134e-07 9.54688e-08 4.05539e-08 1.45107e-08 4.52832e-09 1.25024e-09 3.02835e-10 6.29105e-11 1.07479e-11 1.36762e-12 9.29364e-14 0 
0 2.62448e-13 2.09598e-12 8.88063e-12 2.79607e-11 7.25955e-11 1.62673e-10 3.22241e-10 5.72462e-10 9.20899e-10 1.35137e-09 1.82085e-09 2.26853e-09 2.63744e-09 2.90281e-09 3.09939e-09 3.34279e-09 3.84612e-09 4.93557e-09 7.0581e-09 1.0747e-08 1.64755e-08 2.43278e-08 3.35287e-08 4.21411e-08 4.74416e-08 4.71576e-08 4.087e-08 3.04956e-08 1.93729e-08 1.04263e-08 4.77452e-09 1.87982e-09 6.42173e-10 1.9085e-10 4.90829e-11 1.07479e-11 1.92811e-12 2.56839e-13 1.82162e-14 0 
0 3.07468e-14 2.39685e-13 9.9233e-13 3.05741e-12 7.78197e-12 1.71304e-11 3.34111e-11 5.85828e-11 9.32529e-11 1.35779e-10 1.82068e-10 2.26537e-10 2.64252e-10 2.93766e-10 3.19951e-10 3.56384e-10 4.27232e-10 5.68468e-10 8.26925e-10 1.25311e-09 1.88167e-09 2.69672e-09 3.59263e-09 4.36246e-09 4.75308e-09 4.58744e-09 3.88194e-09 2.85764e-09 1.82064e-09 1.002e-09 4.76949e-10 1.96936e-10 7.07146e-11 2.2076e-11 5.95778e-12 1.36762e-12 2.56839e-13 3.57491e-14 2.6434e-15 0 
0 1.9632e-15 1.49584e-14 6.05961e-14 1.82936e-13 4.57012e-13 9.8932e-13 1.90157e-12 3.29336e-12 5.19084e-12 7.50355e-12 1.00193e-11 1.24602e-11 1.46006e-11 1.64244e-11 1.82864e-11 2.10537e-11 2.62091e-11 3.58788e-11 5.26633e-11 7.90429e-11 1.16116e-10 1.61747e-10 2.08975e-10 2.46334e-10 2.61475e-10 2.47268e-10 2.06568e-10 1.51501e-10 9.71672e-11 5.44009e-11 2.65853e-11 1.13487e-11 4.23294e-12 1.37677e-12 3.8775e-13 9.29364e-14 1.82162e-14 2.6434e-15 2.03459e-16 0 
0 0 0 0 0 0 0 0 0 0 0 0 0 0 0 0 0 0 0 0 0 0 0 0 0 0 0 0 0 0 0 0 0 0 0 0 0 0 0 0 0 
