0 0 0 0 0 0 0 0 0 0 0 0 0 0 0 0 0 0 0 0 0 0 0 0 0 0 0 0 0 0 0 0 0 0 0 0 0 0 0 0 0 
0 3.78398e-08 3.4907e-07 1.64847e-06 5.54002e-06 1.46609e-05 3.20559e-05 5.97606e-05 9.74112e-05 0.000141846 0.00018788 0.000229672 0.000262017 0.000281209 0.000285448 0.000274889 0.000251422 0.00021828 0.000179516 0.000139394 0.000101758 6.94916e-05 4.41642e-05 2.59911e-05 1.41045e-05 7.03575e-06 3.22035e-06 1.35177e-06 5.20607e-07 1.84152e-07 5.98954e-08 1.7925e-08 4.93412e-09 1.24638e-09 2.87333e-10 5.97858e-11 1.09878e-11 1.70684e-12 2.02076e-13 1.30161e-14 0 
0 3.4907e-07 3.35005e-06 1.6265e-05 5.51402e-05 0.000143873 0.000303571 0.000537943 0.000828164 0.00114076 0.00143958 0.00169388 0.00188145 0.00198902 0.0020115 0.00195112 0.00181633 0.00162079 0.00138222 0.00112113 0.00085925 0.000617261 0.000411914 0.000253077 0.000142054 7.24524e-05 3.34936e-05 1.40378e-05 5.34645e-06 1.85653e-06 5.89728e-07 1.71799e-07 4.59482e-08 1.12687e-08 2.5222e-09 5.09812e-10 9.1108e-11 1.37783e-11 1.59024e-12 9.9997e-14 0 
0 1.64847e-06 1.6265e-05 7.94259e-05 0.000262184 0.000643985 0.00124988 0.00202501 0.00287398 0.00370627 0.00445217 0.0050614 0.00549956 0.00574653 0.00579588 0.00565402 0.0053386 0.00487623 0.00429991 0.00364673 0.00295639 0.00227065 0.00163255 0.00108311 0.000653242 0.000353655 0.000170571 7.31993e-05 2.80638e-05 9.6792e-06 3.02525e-06 8.61979e-07 2.24706e-07 5.36235e-08 1.16731e-08 2.29546e-09 3.99413e-10 5.88792e-11 6.63292e-12 4.07675e-13 0 
0 5.54002e-06 5.51402e-05 0.000262184 0.000806487 0.00178944 0.00312716 0.00464661 0.00619787 0.00766949 0.00897217 0.0100323 0.0107939 0.0112224 0.0113061 0.0110564 0.0105046 0.00969795 0.0086938 0.00755409 0.00634003 0.00510897 0.00391447 0.00281015 0.00185316 0.00109767 0.000572621 0.000260287 0.000103181 3.60151e-05 1.12119e-05 3.14908e-06 8.04319e-07 1.87461e-07 3.9801e-08 7.63205e-09 1.29562e-09 1.86513e-10 2.05428e-11 1.23608e-12 0 
0 1.46609e-05 0.000143873 0.000643985 0.00178944 0.00356351 0.00572852 0.00807055 0.0104324 0.012674 0.0146638 0.0162866 0.0174539 0.0181104 0.0182375 0.0178526 0.0170044 0.0157669 0.0142303 0.0124918 0.0106472 0.00878313 0.00697186 0.00527158 0.00373376 0.00241655 0.00138666 0.000686764 0.000289888 0.000104847 3.30441e-05 9.24574e-06 2.32975e-06 5.32876e-07 1.10751e-07 2.07707e-08 3.44887e-09 4.85942e-10 5.24371e-11 3.09479e-12 0 
0 3.20559e-05 0.000303571 0.00124988 0.00312716 0.00572852 0.00876208 0.0120209 0.0153158 0.0184514 0.021239 0.0235145 0.0251519 0.0260727 0.0262506 0.0257097 0.024519 0.022783 0.0206292 0.0181961 0.01562 0.0130253 0.0105154 0.00816832 0.00603747 0.00416338 0.00259767 0.00141176 0.00064751 0.000248218 8.06376e-05 2.27535e-05 5.70203e-06 1.28703e-06 2.62945e-07 4.83941e-08 7.88261e-09 1.08986e-09 1.15488e-10 6.6998e-12 0 
0 5.97606e-05 0.000537943 0.00202501 0.00464661 0.00807055 0.0120209 0.0162731 0.0205811 0.024685 0.0283357 0.0313167 0.0334621 0.0346691 0.0349024 0.034194 0.0326343 0.0303605 0.0275405 0.0243564 0.0209883 0.0176007 0.014332 0.0112871 0.00853505 0.0061128 0.00404501 0.00237922 0.00118918 0.000490069 0.000166711 4.80196e-05 1.20677e-05 2.70358e-06 5.45326e-07 9.8846e-08 1.58426e-08 2.15533e-09 2.24844e-10 1.28508e-11 0 
0 9.74112e-05 0.000828164 0.00287398 0.00619787 0.0104324 0.0153158 0.0205811 0.0259196 0.0310075 0.0355346 0.0392321 0.041894 0.0433922 0.0436829 0.0428055 0.0408723 0.0380536 0.034558 0.0306118 0.0264392 0.0222452 0.018203 0.0144452 0.0110604 0.00809319 0.00555581 0.00346059 0.00186291 0.000826898 0.000297353 8.82931e-05 2.24181e-05 5.01211e-06 1.00232e-06 1.79561e-07 2.84066e-08 3.81341e-09 3.92643e-10 2.21618e-11 0 
0 0.000141846 0.00114076 0.00370627 0.00766949 0.012674 0.0184514 0.024685 0.0310075 0.0370342 0.0423978 0.0467796 0.0499353 0.0517128 0.0520598 0.0510224 0.0487339 0.0453963 0.0412568 0.0365839 0.0316437 0.0266797 0.021898 0.0174573 0.0134647 0.00997599 0.00700156 0.00453014 0.00258062 0.00122361 0.00046581 0.000143369 3.69804e-05 8.28792e-06 1.64936e-06 2.92987e-07 4.58876e-08 6.09543e-09 6.21053e-10 3.47012e-11 0 
0 0.00018788 0.00143958 0.00445217 0.00897217 0.0146638 0.021239 0.0283357 0.0355346 0.0423978 0.0485071 0.0534996 0.0570973 0.0591259 0.059525 0.0583462 0.0557421 0.0519429 0.0472306 0.0419107 0.0362866 0.0306362 0.0251947 0.020144 0.0156076 0.0116512 0.00828788 0.00549415 0.00325699 0.00162776 0.000652421 0.00020825 5.47169e-05 1.23304e-05 2.44926e-06 4.32669e-07 6.72756e-08 8.86641e-09 8.96246e-10 4.96944e-11 0 
0 0.000229672 0.00169388 0.0050614 0.0100323 0.0162866 0.0235145 0.0313167 0.0392321 0.0467796 0.0534996 0.0589935 0.0629544 0.0651899 0.0656334 0.0643419 0.0614816 0.057306 0.0521257 0.0462772 0.0400938 0.0338815 0.0278997 0.0223489 0.0173659 0.0130248 0.00934167 0.0062875 0.00382755 0.00198799 0.00083075 0.000273915 7.32941e-05 1.66319e-05 3.30466e-06 5.81973e-07 9.00697e-08 1.18079e-08 1.18717e-09 6.54842e-11 0 
0 0.000262017 0.00188145 0.00549956 0.0107939 0.0174539 0.0251519 0.0334621 0.041894 0.0499353 0.0570973 0.0629544 0.0671764 0.0695579 0.0700346 0.0686687 0.0656308 0.0611869 0.0556702 0.0494409 0.0428543 0.0362365 0.0298641 0.0239513 0.0186448 0.0140245 0.0101089 0.00686665 0.00425021 0.00226503 0.000975475 0.000329883 8.96455e-05 2.04835e-05 4.07676e-06 7.17216e-07 1.1075e-07 1.44796e-08 1.45174e-09 7.98717e-11 0 
0 0.000281209 0.00198902 0.00574653 0.0112224 0.0181104 0.0260727 0.0346691 0.0433922 0.0517128 0.0591259 0.0651899 0.0695579 0.0720194 0.0725168 0.0711169 0.0679875 0.0633974 0.0576928 0.0512496 0.0444359 0.0375888 0.0309949 0.0248763 0.0193853 0.0146053 0.0105565 0.00720679 0.00450196 0.00243501 0.00106814 0.000367244 0.000100905 2.31905e-05 4.62728e-06 8.14776e-07 1.25835e-07 1.64512e-08 1.64957e-09 9.07931e-11 0 
0 0.000285448 0.0020115 0.00579588 0.0113061 0.0182375 0.0262506 0.0349024 0.0436829 0.0520598 0.059525 0.0656334 0.0700346 0.0725168 0.0730243 0.0716244 0.0684836 0.0638701 0.0581323 0.0516493 0.0447918 0.037899 0.0312598 0.025098 0.0195676 0.0147529 0.0106748 0.00730115 0.00457622 0.00248891 0.00109986 0.000380973 0.000105305 2.43081e-05 4.8666e-06 8.59443e-07 1.33123e-07 1.74596e-08 1.75703e-09 9.71141e-11 0 
0 0.000274889 0.00195112 0.00565402 0.0110564 0.0178526 0.0257097 0.034194 0.0428055 0.0510224 0.0583462 0.0643419 0.0686687 0.0711169 0.0716244 0.0702551 0.0671773 0.0626576 0.0570364 0.0506826 0.0439593 0.0371994 0.0306862 0.0246398 0.0192111 0.0144833 0.0104769 0.00716056 0.00448105 0.00243114 0.00107177 0.000370978 0.000102712 2.37949e-05 4.78743e-06 8.50474e-07 1.32628e-07 1.75276e-08 1.77894e-09 9.92569e-11 0 
0 0.000251422 0.00181633 0.0053386 0.0105046 0.0170044 0.024519 0.0326343 0.0408723 0.0487339 0.0557421 0.0614816 0.0656308 0.0679875 0.0684836 0.0671773 0.0642358 0.0599191 0.05455 0.0484783 0.0420507 0.035586 0.029355 0.0235682 0.0183701 0.0138401 0.00999741 0.00681231 0.00423814 0.00227825 0.000994283 0.00034196 9.46461e-05 2.20353e-05 4.47149e-06 8.0311e-07 1.26853e-07 1.70057e-08 1.7531e-09 9.94646e-11 0 
0 0.00021828 0.00162079 0.00487623 0.00969795 0.0157669 0.022783 0.0303605 0.0380536 0.0453963 0.0519429 0.057306 0.0611869 0.0633974 0.0638701 0.0626576 0.0599191 0.0558983 0.0508946 0.0452332 0.0392377 0.0332055 0.0273892 0.0219849 0.0171272 0.0128896 0.00928918 0.00629867 0.00388218 0.00205806 0.000885673 0.000302392 8.39015e-05 1.97435e-05 4.07185e-06 7.45945e-07 1.20467e-07 1.65386e-08 1.74767e-09 1.01672e-10 0 
0 0.000179516 0.00138222 0.00429991 0.0086938 0.0142303 0.0206292 0.0275405 0.034558 0.0412568 0.0472306 0.0521257 0.0556702 0.0576928 0.0581323 0.0570364 0.05455 0.0508946 0.0463424 0.0411898 0.0357316 0.0302385 0.0249404 0.0200154 0.0155851 0.0117152 0.00841975 0.00567557 0.0034609 0.00180899 0.00077018 0.000263076 7.3989e-05 1.78255e-05 3.78661e-06 7.16722e-07 1.1972e-07 1.69933e-08 1.85373e-09 1.11056e-10 0 
0 0.000139394 0.00112113 0.00364673 0.00755409 0.0124918 0.0181961 0.0243564 0.0306118 0.0365839 0.0419107 0.0462772 0.0494409 0.0512496 0.0516493 0.0506826 0.0484783 0.0452332 0.0411898 0.0366121 0.0317625 0.0268819 0.0221742 0.017797 0.013857 0.0104103 0.00746794 0.00501203 0.00303553 0.0015789 0.000675926 0.000235903 6.87416e-05 1.72914e-05 3.84263e-06 7.59494e-07 1.3194e-07 1.93758e-08 2.17439e-09 1.33258e-10 0 
0 0.000101758 0.00085925 0.00295639 0.00634003 0.0106472 0.01562 0.0209883 0.0264392 0.0316437 0.0362866 0.0400938 0.0428543 0.0444359 0.0447918 0.0439593 0.0420507 0.0392377 0.0357316 0.0317625 0.0275591 0.0233309 0.0192549 0.0154669 0.0120575 0.00907286 0.00652103 0.00439006 0.00268017 0.00142271 0.000633217 0.000233508 7.23442e-05 1.92792e-05 4.49855e-06 9.23775e-07 1.65056e-07 2.47114e-08 2.80667e-09 1.7307e-10 0 
0 6.94916e-05 0.000617261 0.00227065 0.00510897 0.00878313 0.0130253 0.0176007 0.0222452 0.0266797 0.0306362 0.0338815 0.0362365 0.0375888 0.037899 0.0371994 0.035586 0.0332055 0.0302385 0.0268819 0.0233309 0.0197645 0.0163331 0.0131514 0.0102945 0.00779986 0.00567373 0.00390379 0.00247732 0.00139786 0.000673801 0.000270083 8.97975e-05 2.5158e-05 6.05097e-06 1.26139e-06 2.26342e-07 3.37848e-08 3.80738e-09 2.3224e-10 0 
0 4.41642e-05 0.000411914 0.00163255 0.00391447 0.00697186 0.0105154 0.014332 0.018203 0.021898 0.0251947 0.0278997 0.0298641 0.0309949 0.0312598 0.0306862 0.029355 0.0273892 0.0249404 0.0221742 0.0192549 0.0163331 0.0135354 0.0109579 0.00866519 0.0066929 0.00504456 0.00368035 0.00253435 0.00157556 0.000838267 0.000364977 0.000127878 3.66001e-05 8.79909e-06 1.81136e-06 3.19039e-07 4.66159e-08 5.13783e-09 3.06541e-10 0 
0 2.59911e-05 0.000253077 0.00108311 0.00281015 0.00527158 0.00816832 0.0112871 0.0144452 0.0174573 0.020144 0.0223489 0.0239513 0.0248763 0.025098 0.0246398 0.0235682 0.0219849 0.0200154 0.017797 0.0154669 0.0131514 0.0109579 0.00897272 0.00727039 0.00592168 0.00494076 0.00416875 0.00331513 0.00227899 0.00128232 0.000573803 0.000201115 5.60864e-05 1.29692e-05 2.56722e-06 4.36372e-07 6.17287e-08 6.60413e-09 3.83428e-10 0 
0 1.41045e-05 0.000142054 0.000653242 0.00185316 0.00373376 0.00603747 0.00853505 0.0110604 0.0134647 0.0156076 0.0173659 0.0186448 0.0193853 0.0195676 0.0192111 0.0183701 0.0171272 0.0155851 0.013857 0.0120575 0.0102945 0.00866519 0.00727039 0.0062776 0.00599922 0.0066649 0.00762957 0.00737401 0.00536325 0.00286183 0.00115192 0.000361291 9.02008e-05 1.88266e-05 3.44935e-06 5.56269e-07 7.57038e-08 7.84448e-09 4.42936e-10 0 
0 7.03575e-06 7.24524e-05 0.000353655 0.00109767 0.00241655 0.00416338 0.0061128 0.00809319 0.00997599 0.0116512 0.0130248 0.0140245 0.0146053 0.0147529 0.0144833 0.0138401 0.0128896 0.0117152 0.0104103 0.00907286 0.00779986 0.0066929 0.00592168 0.00599922 0.0082282 0.0137344 0.0200904 0.0214754 0.0158501 0.00800784 0.00283562 0.00074642 0.000154822 2.70174e-05 4.32066e-06 6.44065e-07 8.3859e-08 8.42689e-09 4.64047e-10 0 
0 3.22035e-06 3.34936e-05 0.000170571 0.000572621 0.00138666 0.00259767 0.00404501 0.00555581 0.00700156 0.00828788 0.00934167 0.0101089 0.0105565 0.0106748 0.0104769 0.00999741 0.00928918 0.00841975 0.00746794 0.00652103 0.00567373 0.00504456 0.00494076 0.0066649 0.0137344 0.0290061 0.046487 0.0518261 0.0376346 0.0186869 0.0062763 0.00147835 0.000260985 3.74538e-05 4.98851e-06 6.65655e-07 8.23793e-08 8.05697e-09 4.35016e-10 0 
0 1.35177e-06 1.40378e-05 7.31993e-05 0.000260287 0.000686764 0.00141176 0.00237922 0.00346059 0.00453014 0.00549415 0.0062875 0.00686665 0.00720679 0.00730115 0.00716056 0.00681231 0.00629867 0.00567557 0.00501203 0.00439006 0.00390379 0.00368035 0.00416875 0.00762957 0.0200904 0.046487 0.0757271 0.0825445 0.0626953 0.030665 0.0101305 0.00227999 0.000367342 4.5708e-05 5.11967e-06 6.02819e-07 7.07288e-08 6.77397e-09 3.61257e-10 0 
0 5.20607e-07 5.34645e-06 2.80638e-05 0.000103181 0.000289888 0.00064751 0.00118918 0.00186291 0.00258062 0.00325699 0.00382755 0.00425021 0.00450196 0.00457622 0.00448105 0.00423814 0.00388218 0.0034609 0.00303553 0.00268017 0.00247732 0.00253435 0.00331513 0.00737401 0.0214754 0.0518261 0.0825445 0.0877748 0.0704634 0.0340538 0.0111714 0.00247474 0.000382582 4.39551e-05 4.37605e-06 4.65752e-07 5.24013e-08 4.96453e-09 2.63871e-10 0 
0 1.84152e-07 1.85653e-06 9.6792e-06 3.60151e-05 0.000104847 0.000248218 0.000490069 0.000826898 0.00122361 0.00162776 0.00198799 0.00226503 0.00243501 0.00248891 0.00243114 0.00227825 0.00205806 0.00180899 0.0015789 0.00142271 0.00139786 0.00157556 0.00227899 0.00536325 0.0158501 0.0376346 0.0626953 0.0704634 0.0511025 0.0251772 0.00827333 0.00182717 0.000278526 3.09493e-05 2.92726e-06 2.98301e-07 3.31576e-08 3.15396e-09 1.68763e-10 0 
0 5.98954e-08 5.89728e-07 3.02525e-06 1.12119e-05 3.30441e-05 8.06376e-05 0.000166711 0.000297353 0.00046581 0.000652421 0.00083075 0.000975475 0.00106814 0.00109986 0.00107177 0.000994283 0.000885673 0.00077018 0.000675926 0.000633217 0.000673801 0.000838267 0.00128232 0.00286183 0.00800784 0.0186869 0.030665 0.0340538 0.0251772 0.0124348 0.00409712 0.000909258 0.000138888 1.54643e-05 1.48482e-06 1.55955e-07 1.78388e-08 1.73305e-09 9.43045e-11 0 
0 1.7925e-08 1.71799e-07 8.61979e-07 3.14908e-06 9.24574e-06 2.27535e-05 4.80196e-05 8.82931e-05 0.000143369 0.00020825 0.000273915 0.000329883 0.000367244 0.000380973 0.000370978 0.00034196 0.000302392 0.000263076 0.000235903 0.000233508 0.000270083 0.000364977 0.000573803 0.00115192 0.00283562 0.0062763 0.0101305 0.0111714 0.00827333 0.00409712 0.00135982 0.000305264 4.74195e-05 5.4993e-06 5.76236e-07 6.71056e-08 8.1875e-09 8.24315e-10 4.60262e-11 0 
0 4.93412e-09 4.59482e-08 2.24706e-07 8.04319e-07 2.32975e-06 5.70203e-06 1.20677e-05 2.24181e-05 3.69804e-05 5.47169e-05 7.32941e-05 8.96455e-05 0.000100905 0.000105305 0.000102712 9.46461e-05 8.39015e-05 7.3989e-05 6.87416e-05 7.23442e-05 8.97975e-05 0.000127878 0.000201115 0.000361291 0.00074642 0.00147835 0.00227999 0.00247474 0.00182717 0.000909258 0.000305264 6.98844e-05 1.13293e-05 1.45088e-06 1.79849e-07 2.4419e-08 3.23314e-09 3.40256e-10 1.96305e-11 0 
0 1.24638e-09 1.12687e-08 5.36235e-08 1.87461e-07 5.32876e-07 1.28703e-06 2.70358e-06 5.01211e-06 8.28792e-06 1.23304e-05 1.66319e-05 2.04835e-05 2.31905e-05 2.43081e-05 2.37949e-05 2.20353e-05 1.97435e-05 1.78255e-05 1.72914e-05 1.92792e-05 2.5158e-05 3.66001e-05 5.60864e-05 9.02008e-05 0.000154822 0.000260985 0.000367342 0.000382582 0.000278526 0.000138888 4.74195e-05 1.13293e-05 2.02466e-06 3.11856e-07 4.85815e-08 7.72589e-09 1.10688e-09 1.22154e-10 7.31759e-12 0 
0 2.87333e-10 2.5222e-09 1.16731e-08 3.9801e-08 1.10751e-07 2.62945e-07 5.45326e-07 1.00232e-06 1.64936e-06 2.44926e-06 3.30466e-06 4.07676e-06 4.62728e-06 4.8666e-06 4.78743e-06 4.47149e-06 4.07185e-06 3.78661e-06 3.84263e-06 4.49855e-06 6.05097e-06 8.79909e-06 1.29692e-05 1.88266e-05 2.70174e-05 3.74538e-05 4.5708e-05 4.39551e-05 3.09493e-05 1.54643e-05 5.4993e-06 1.45088e-06 3.11856e-07 6.17864e-08 1.19517e-08 2.1493e-09 3.29309e-10 3.81286e-11 2.37911e-12 0 
0 5.97858e-11 5.09812e-10 2.29546e-09 7.63205e-09 2.07707e-08 4.83941e-08 9.8846e-08 1.79561e-07 2.92987e-07 4.32669e-07 5.81973e-07 7.17216e-07 8.14776e-07 8.59443e-07 8.50474e-07 8.0311e-07 7.45945e-07 7.16722e-07 7.59494e-07 9.23775e-07 1.26139e-06 1.81136e-06 2.56722e-06 3.44935e-06 4.32066e-06 4.98851e-06 5.11967e-06 4.37605e-06 2.92726e-06 1.48482e-06 5.76236e-07 1.79849e-07 4.85815e-08 1.19517e-08 2.67026e-09 5.22146e-10 8.4725e-11 1.02889e-11 6.69876e-13 0 
0 1.09878e-11 9.1108e-11 3.99413e-10 1.29562e-09 3.44887e-09 7.88261e-09 1.58426e-08 2.84066e-08 4.58876e-08 6.72756e-08 9.00697e-08 1.1075e-07 1.25835e-07 1.33123e-07 1.32628e-07 1.26853e-07 1.20467e-07 1.1972e-07 1.3194e-07 1.65056e-07 2.26342e-07 3.19039e-07 4.36372e-07 5.56269e-07 6.44065e-07 6.65655e-07 6.02819e-07 4.65752e-07 2.98301e-07 1.55955e-07 6.71056e-08 2.4419e-08 7.72589e-09 2.1493e-09 5.22146e-10 1.08572e-10 1.85556e-11 2.36173e-12 1.60533e-13 0 
0 1.70684e-12 1.37783e-11 5.88792e-11 1.86513e-10 4.85942e-10 1.08986e-09 2.15533e-09 3.81341e-09 6.09543e-09 8.86641e-09 1.18079e-08 1.44796e-08 1.64512e-08 1.74596e-08 1.75276e-08 1.70057e-08 1.65386e-08 1.69933e-08 1.93758e-08 2.47114e-08 3.37848e-08 4.66159e-08 6.17287e-08 7.57038e-08 8.3859e-08 8.23793e-08 7.07288e-08 5.24013e-08 3.31576e-08 1.78388e-08 8.1875e-09 3.23314e-09 1.10688e-09 3.29309e-10 8.4725e-11 1.85556e-11 3.32918e-12 4.43541e-13 3.14639e-14 0 
0 2.02076e-13 1.59024e-12 6.63292e-12 2.05428e-11 5.24371e-11 1.15488e-10 2.24844e-10 3.92643e-10 6.21053e-10 8.96246e-10 1.18717e-09 1.45174e-09 1.64957e-09 1.75703e-09 1.77894e-09 1.7531e-09 1.74767e-09 1.85373e-09 2.17439e-09 2.80667e-09 3.80738e-09 5.13783e-09 6.60413e-09 7.84448e-09 8.42689e-09 8.05697e-09 6.77397e-09 4.96453e-09 3.15396e-09 1.73305e-09 8.24315e-10 3.40256e-10 1.22154e-10 3.81286e-11 1.02889e-11 2.36173e-12 4.43541e-13 6.17404e-14 4.56582e-15 0 
0 1.30161e-14 9.9997e-14 4.07675e-13 1.23608e-12 3.09479e-12 6.6998e-12 1.28508e-11 2.21618e-11 3.47012e-11 4.96944e-11 6.54842e-11 7.98717e-11 9.07931e-11 9.71141e-11 9.92569e-11 9.94646e-11 1.01672e-10 1.11056e-10 1.33258e-10 1.7307e-10 2.3224e-10 3.06541e-10 3.83428e-10 4.42936e-10 4.64047e-10 4.35016e-10 3.61257e-10 2.63871e-10 1.68763e-10 9.43045e-11 4.60262e-11 1.96305e-11 7.31759e-12 2.37911e-12 6.69876e-13 1.60533e-13 3.14639e-14 4.56582e-15 3.51444e-16 0 
0 0 0 0 0 0 0 0 0 0 0 0 0 0 0 0 0 0 0 0 0 0 0 0 0 0 0 0 0 0 0 0 0 0 0 0 0 0 0 0 0 
