0 0 0 0 0 0 0 0 0 0 0 0 0 0 0 0 0 0 0 0 0 0 0 0 0 0 0 0 0 0 0 0 0 0 0 0 0 0 0 0 0 
0 3.71924e-07 3.3187e-06 1.467e-05 4.45875e-05 0.000103877 0.000197345 0.000320192 0.000460171 0.000602365 0.000732974 0.000841124 0.00091932 0.000963301 0.000971722 0.000945793 0.000888913 0.000806292 0.000704547 0.000591275 0.000474535 0.000362207 0.000261212 0.000176659 0.00011116 6.45709e-05 3.43843e-05 1.66926e-05 7.36151e-06 2.94424e-06 1.06777e-06 3.51332e-07 1.04907e-07 2.83928e-08 6.93584e-09 1.51444e-09 2.89655e-10 4.64958e-11 5.65506e-12 3.72395e-13 0 
0 3.3187e-06 3.02925e-05 0.000132231 0.000380271 0.000810283 0.00138793 0.0020395 0.00269584 0.00330695 0.00383782 0.00426297 0.00456435 0.00473145 0.0047617 0.0046603 0.00443934 0.00411627 0.00371197 0.00324903 0.00275049 0.0022395 0.00173977 0.00127587 0.00087195 0.000547565 0.000311756 0.000159228 7.2506e-05 2.93979e-05 1.06398e-05 3.45221e-06 1.00823e-06 2.65563e-07 6.29665e-08 1.33315e-08 2.47274e-09 3.85255e-10 4.5538e-11 2.9189e-12 0 
0 1.467e-05 0.000132231 0.00053843 0.00137397 0.0025642 0.00393178 0.0053493 0.00673896 0.00803506 0.00917288 0.0100935 0.0107508 0.0111164 0.0111816 0.0109575 0.010472 0.00976669 0.00889157 0.00789999 0.00684344 0.00576716 0.00470756 0.00369317 0.00274981 0.00190823 0.00120669 0.000679441 0.000334587 0.000142946 5.31081e-05 1.73123e-05 5.00322e-06 1.29172e-06 2.98639e-07 6.15036e-08 1.10892e-08 1.68024e-09 1.9336e-10 1.20841e-11 0 
0 4.45875e-05 0.000380271 0.00137397 0.00305124 0.00513132 0.00742437 0.00982684 0.0122263 0.0144922 0.0164947 0.0181203 0.0192829 0.0199298 0.0200449 0.0196475 0.0187876 0.01754 0.0159952 0.0142511 0.0124041 0.0105417 0.00873576 0.00703786 0.00547748 0.00406774 0.00282199 0.00177406 0.000976463 0.000457943 0.000181207 6.0982e-05 1.77524e-05 4.54283e-06 1.0314e-06 2.07622e-07 3.65213e-08 5.39726e-09 6.0621e-10 3.70201e-11 0 
0 0.000103877 0.000810283 0.0025642 0.00513132 0.00820289 0.0116457 0.0153078 0.0189892 0.0224742 0.0255569 0.0280605 0.0298512 0.0308477 0.0310249 0.0304122 0.0290874 0.0271654 0.0247864 0.0221019 0.0192619 0.0164037 0.0136437 0.0110706 0.00874125 0.00667863 0.0048762 0.00332051 0.00202948 0.00106399 0.000462479 0.000165495 4.95923e-05 1.27567e-05 2.86983e-06 5.68088e-07 9.79236e-08 1.41647e-08 1.55742e-09 9.31804e-11 0 
0 0.000197345 0.00138793 0.00393178 0.00742437 0.0116457 0.0164392 0.0215603 0.0267148 0.0315963 0.0359152 0.0394231 0.0419328 0.04333 0.0435784 0.0427191 0.0408617 0.0381684 0.0348353 0.0310747 0.0270972 0.0230961 0.0192357 0.0156437 0.0124073 0.00957146 0.00713791 0.00507145 0.00333108 0.00192672 0.000929179 0.000361384 0.000113833 2.98794e-05 6.72617e-06 1.31799e-06 2.23709e-07 3.17957e-08 3.43339e-09 2.01827e-10 0 
0 0.000320192 0.0020395 0.0053493 0.00982684 0.0153078 0.0215603 0.028247 0.0349791 0.0413554 0.0469996 0.0516064 0.0549769 0.056941 0.0573031 0.0560717 0.0535234 0.0499531 0.0455881 0.040675 0.0354801 0.0302551 0.0252153 0.0205285 0.0163111 0.0126281 0.00949462 0.00687678 0.00470373 0.00291702 0.00154247 0.0006565 0.000220595 5.98721e-05 1.36136e-05 2.65774e-06 4.46343e-07 6.25743e-08 6.65791e-09 3.85649e-10 0 
0 0.000460171 0.00269584 0.00673896 0.0122263 0.0189892 0.0267148 0.0349791 0.0433003 0.051189 0.0582764 0.0646182 0.0700078 0.0732837 0.0738952 0.071879 0.0676276 0.062216 0.0564738 0.050347 0.0439219 0.0374643 0.0312362 0.0254455 0.0202373 0.0156942 0.0118412 0.0086497 0.00604054 0.00391164 0.002218 0.00102526 0.000369386 0.000104587 2.42019e-05 4.73398e-06 7.90053e-07 1.09648e-07 1.1532e-08 6.60066e-10 0 
0 0.000602365 0.00330695 0.00803506 0.0144922 0.0224742 0.0315963 0.0413554 0.051189 0.0606599 0.0702283 0.0792514 0.0848096 0.0873567 0.0878185 0.0863926 0.0826887 0.0759762 0.0674924 0.0595954 0.0519247 0.044294 0.0369399 0.0301032 0.0239553 0.0185951 0.0140549 0.0103084 0.0072748 0.00483092 0.00287385 0.00142042 0.000546498 0.00016191 3.83063e-05 7.53859e-06 1.25472e-06 1.72938e-07 1.80309e-08 1.02255e-09 0 
0 0.000732974 0.00383782 0.00917288 0.0164947 0.0255569 0.0359152 0.0469996 0.0582764 0.0702283 0.0822153 0.0892371 0.0928754 0.0946284 0.0949749 0.094016 0.0915801 0.0870692 0.0790051 0.0684287 0.0590728 0.0503418 0.0419882 0.0342255 0.0272456 0.0211614 0.0160108 0.0117681 0.00835058 0.00562532 0.00345202 0.00179321 0.0007293 0.000225511 5.46144e-05 1.08388e-05 1.80383e-06 2.47556e-07 2.56525e-08 1.44489e-09 0 
0 0.000841124 0.00426297 0.0100935 0.0181203 0.0280605 0.0394231 0.0516064 0.0646182 0.0792514 0.0892371 0.0944108 0.0973146 0.0987707 0.0990744 0.0982955 0.0963338 0.0928469 0.0869429 0.0767948 0.0652017 0.0552784 0.0460913 0.0375755 0.0299195 0.0232466 0.0175994 0.0129515 0.00921776 0.00626016 0.00391651 0.00210565 0.000893609 0.000286428 7.08635e-05 1.41891e-05 2.36483e-06 3.23809e-07 3.3421e-08 1.87374e-09 0 
0 0.00091932 0.00456435 0.0107508 0.0192829 0.0298512 0.0419328 0.0549769 0.0700078 0.0848096 0.0928754 0.0973146 0.0999001 0.101222 0.101507 0.100812 0.0990631 0.0960131 0.091044 0.0825523 0.0701268 0.0588737 0.0490309 0.0399743 0.0318343 0.02474 0.018737 0.0137982 0.00983657 0.0067106 0.00424627 0.00233327 0.00101953 0.000335555 8.44239e-05 1.70352e-05 2.84511e-06 3.89261e-07 4.00903e-08 2.2416e-09 0 
0 0.000963301 0.00473145 0.0111164 0.0199298 0.0308477 0.04333 0.056941 0.0732837 0.0873567 0.0946284 0.0987707 0.101222 0.102486 0.102763 0.102105 0.100448 0.097581 0.0929854 0.0853238 0.0731029 0.0609424 0.0506734 0.0413129 0.0329032 0.0255739 0.0193725 0.0142716 0.0101824 0.00696203 0.00443092 0.00246325 0.00109419 0.000365859 9.30335e-05 1.88741e-05 3.15861e-06 4.32263e-07 4.44934e-08 2.48548e-09 0 
0 0.000971722 0.0047617 0.0111816 0.0200449 0.0310249 0.0435784 0.0573031 0.0738952 0.0878185 0.0949749 0.0990744 0.101507 0.102763 0.10304 0.102387 0.100744 0.0979032 0.0933626 0.0858266 0.0736669 0.0613275 0.0509732 0.0415578 0.0330994 0.0257278 0.0194906 0.0143603 0.0102482 0.00701125 0.00446896 0.00249213 0.00111221 0.000373719 9.53978e-05 1.94025e-05 3.25224e-06 4.45565e-07 4.59021e-08 2.56614e-09 0 
0 0.000945793 0.0046603 0.0109575 0.0196475 0.0304122 0.0427191 0.0560717 0.071879 0.0863926 0.094016 0.0982955 0.100812 0.102105 0.102387 0.101711 0.100012 0.0970601 0.0922974 0.0842644 0.0718423 0.0600553 0.0499772 0.0407483 0.0324548 0.0252265 0.0191103 0.0140789 0.010045 0.00686666 0.00436694 0.00242411 0.00107514 0.000359337 9.14783e-05 1.86003e-05 3.12157e-06 4.28513e-07 4.42498e-08 2.4801e-09 0 
0 0.000888913 0.00443934 0.010472 0.0187876 0.0290874 0.0408617 0.0535234 0.0676276 0.0826887 0.0915801 0.0963338 0.0990631 0.100448 0.100744 0.100012 0.0981686 0.0949302 0.0895743 0.0803066 0.0680118 0.0573704 0.047816 0.0389883 0.0310521 0.0241349 0.0182811 0.0134644 0.00959942 0.00654731 0.00413874 0.00227008 0.000990694 0.000326421 8.24307e-05 1.67229e-05 2.81032e-06 3.87045e-07 4.01359e-08 2.26005e-09 0 
0 0.000806292 0.00411627 0.00976669 0.01754 0.0271654 0.0381684 0.0499531 0.062216 0.0759762 0.0870692 0.0928469 0.0960131 0.097581 0.0979032 0.0970601 0.0949302 0.0910953 0.0844464 0.0737287 0.0629959 0.053566 0.0446807 0.0364321 0.029015 0.0225494 0.0170768 0.0125717 0.0089513 0.00608114 0.00380511 0.00204749 0.000871845 0.000281365 7.02641e-05 1.42173e-05 2.39553e-06 3.31694e-07 3.46283e-08 1.96437e-09 0 
0 0.000704547 0.00371197 0.00889157 0.0159952 0.0247864 0.0348353 0.0455881 0.0564738 0.0674924 0.0790051 0.0869429 0.091044 0.0929854 0.0933626 0.0922974 0.0895743 0.0844464 0.075808 0.0660912 0.0573399 0.048903 0.0408 0.0332675 0.0264936 0.0205879 0.0155877 0.0114681 0.0081494 0.00550328 0.00339397 0.00178073 0.000735946 0.000232106 5.73524e-05 1.16005e-05 1.96576e-06 2.74583e-07 2.89603e-08 1.66067e-09 0 
0 0.000591275 0.00324903 0.00789999 0.0142511 0.0221019 0.0310747 0.040675 0.050347 0.0595954 0.0684287 0.0767948 0.0825523 0.0853238 0.0858266 0.0842644 0.0803066 0.0737287 0.0660912 0.0586574 0.051154 0.0436535 0.0364219 0.0296981 0.0236511 0.0183783 0.013912 0.0102276 0.00724844 0.0048562 0.00294283 0.00150233 0.000603426 0.000186852 4.59537e-05 9.3447e-06 1.60072e-06 2.26581e-07 2.42363e-08 1.40937e-09 0 
0 0.000474535 0.00275049 0.00684344 0.0124041 0.0192619 0.0270972 0.0354801 0.0439219 0.0519247 0.0590728 0.0652017 0.0701268 0.0731029 0.0736669 0.0718423 0.0680118 0.0629959 0.0573399 0.051154 0.044646 0.0381031 0.0317928 0.0259259 0.0206495 0.0160481 0.0121487 0.00892627 0.006309 0.0041943 0.00250412 0.00125378 0.000495908 0.000152923 3.78664e-05 7.80352e-06 1.35816e-06 1.95383e-07 2.12218e-08 1.25138e-09 0 
0 0.000362207 0.0022395 0.00576716 0.0105417 0.0164037 0.0230961 0.0302551 0.0374643 0.044294 0.0503418 0.0552784 0.0588737 0.0609424 0.0613275 0.0600553 0.0573704 0.053566 0.048903 0.0436535 0.0381031 0.0325215 0.0271392 0.0221363 0.0176384 0.0137177 0.0103961 0.00764885 0.00541096 0.0035981 0.00215085 0.0010828 0.000433358 0.000135891 3.42655e-05 7.18115e-06 1.26783e-06 1.84516e-07 2.0224e-08 1.20068e-09 0 
0 0.000261212 0.00173977 0.00470756 0.00873576 0.0136437 0.0192357 0.0252153 0.0312362 0.0369399 0.0419882 0.0460913 0.0490309 0.0506734 0.0509732 0.0499772 0.047816 0.0446807 0.0408 0.0364219 0.0317928 0.0271392 0.022654 0.0184887 0.0147521 0.0115144 0.00880168 0.00657608 0.00474475 0.00322313 0.00197939 0.00103351 0.00042994 0.000138882 3.56197e-05 7.51741e-06 1.32829e-06 1.92788e-07 2.10302e-08 1.24107e-09 0 
0 0.000176659 0.00127587 0.00369317 0.00703786 0.0110706 0.0156437 0.0205285 0.0254455 0.0301032 0.0342255 0.0375755 0.0399743 0.0413129 0.0415578 0.0407483 0.0389883 0.0364321 0.0332675 0.0296981 0.0259259 0.0221363 0.0184887 0.015115 0.0121403 0.00970708 0.00790019 0.00653455 0.00518342 0.00366389 0.00223614 0.00116622 0.000494909 0.000162345 4.15582e-05 8.65238e-06 1.50133e-06 2.13784e-07 2.28914e-08 1.32745e-09 0 
0 0.00011116 0.00087195 0.00274981 0.00547748 0.00874125 0.0124073 0.0163111 0.0202373 0.0239553 0.0272456 0.0299195 0.0318343 0.0329032 0.0330994 0.0324548 0.0310521 0.029015 0.0264936 0.0236511 0.0206495 0.0176384 0.0147521 0.0121403 0.0100938 0.00918039 0.00981447 0.0110374 0.0106141 0.00774331 0.00420998 0.00181919 0.000675231 0.000208071 5.09611e-05 1.01914e-05 1.70799e-06 2.3606e-07 2.46239e-08 1.39523e-09 0 
0 6.45709e-05 0.000547565 0.00190823 0.00406774 0.00667863 0.00957146 0.0126281 0.0156942 0.0185951 0.0211614 0.0232466 0.02474 0.0255739 0.0257278 0.0252265 0.0241349 0.0225494 0.0205879 0.0183783 0.0160481 0.0137177 0.0115144 0.00970708 0.00918039 0.0119681 0.0196305 0.031447 0.0377764 0.0226275 0.0114172 0.00409565 0.00115959 0.000290314 6.27361e-05 1.15692e-05 1.84147e-06 2.45738e-07 2.49415e-08 1.38102e-09 0 
0 3.43843e-05 0.000311756 0.00120669 0.00282199 0.0048762 0.00713791 0.00949462 0.0118412 0.0140549 0.0160108 0.0175994 0.018737 0.0193725 0.0194906 0.0191103 0.0182811 0.0170768 0.0155877 0.013912 0.0121487 0.0103961 0.00880168 0.00790019 0.00981447 0.0196305 0.0453358 0.0772668 0.0800663 0.0655554 0.0266271 0.00893966 0.00215021 0.00042462 7.5386e-05 1.21969e-05 1.80681e-06 2.32229e-07 2.30085e-08 1.25013e-09 0 
0 1.66926e-05 0.000159228 0.000679441 0.00177406 0.00332051 0.00507145 0.00687678 0.0086497 0.0103084 0.0117681 0.0129515 0.0137982 0.0142716 0.0143603 0.0140789 0.0134644 0.0125717 0.0114681 0.0102276 0.00892627 0.00764885 0.00657608 0.00653455 0.0110374 0.031447 0.0772668 0.0865816 0.0877163 0.082766 0.0557298 0.014401 0.00326513 0.000559738 8.29082e-05 1.153e-05 1.56805e-06 1.9431e-07 1.89143e-08 1.01538e-09 0 
0 7.36151e-06 7.2506e-05 0.000334587 0.000976463 0.00202948 0.00333108 0.00470373 0.00604054 0.0072748 0.00835058 0.00921776 0.00983657 0.0101824 0.0102482 0.010045 0.00959942 0.0089513 0.0081494 0.00724844 0.006309 0.00541096 0.00474475 0.00518342 0.0106141 0.0377764 0.0800663 0.0877163 0.0887475 0.0848435 0.0656803 0.015972 0.00353275 0.00057031 7.54764e-05 9.29823e-06 1.17333e-06 1.41502e-07 1.36635e-08 7.31013e-10 0 
0 2.94424e-06 2.93979e-05 0.000142946 0.000457943 0.00106399 0.00192672 0.00291702 0.00391164 0.00483092 0.00562532 0.00626016 0.0067106 0.00696203 0.00701125 0.00686666 0.00654731 0.00608114 0.00550328 0.0048562 0.0041943 0.0035981 0.00322313 0.00366389 0.00774331 0.0226275 0.0655554 0.082766 0.0848435 0.0788919 0.0403888 0.0117566 0.00261073 0.000415134 5.23656e-05 6.07232e-06 7.39756e-07 8.86657e-08 8.60148e-09 4.63075e-10 0 
0 1.06777e-06 1.06398e-05 5.31081e-05 0.000181207 0.000462479 0.000929179 0.00154247 0.002218 0.00287385 0.00345202 0.00391651 0.00424627 0.00443092 0.00446896 0.00436694 0.00413874 0.00380511 0.00339397 0.00294283 0.00250412 0.00215085 0.00197939 0.00223614 0.00420998 0.0114172 0.0266271 0.0557298 0.0656803 0.0403888 0.0176641 0.00582757 0.00130745 0.000210522 2.6627e-05 3.11724e-06 3.88052e-07 4.75555e-08 4.7004e-09 2.57115e-10 0 
0 3.51332e-07 3.45221e-06 1.73123e-05 6.0982e-05 0.000165495 0.000361384 0.0006565 0.00102526 0.00142042 0.00179321 0.00210565 0.00233327 0.00246325 0.00249213 0.00242411 0.00227008 0.00204749 0.00178073 0.00150233 0.00125378 0.0010828 0.00103351 0.00116622 0.00181919 0.00409565 0.00893966 0.014401 0.015972 0.0117566 0.00582757 0.00194473 0.000447832 7.46918e-05 9.95479e-06 1.26525e-06 1.70084e-07 2.18595e-08 2.22868e-09 1.24949e-10 0 
0 1.04907e-07 1.00823e-06 5.00322e-06 1.77524e-05 4.95923e-05 0.000113833 0.000220595 0.000369386 0.000546498 0.0007293 0.000893609 0.00101953 0.00109419 0.00111221 0.00107514 0.000990694 0.000871845 0.000735946 0.000603426 0.000495908 0.000433358 0.00042994 0.000494909 0.000675231 0.00115959 0.00215021 0.00326513 0.00353275 0.00261073 0.00130745 0.000447832 0.00010757 1.91598e-05 2.86515e-06 4.22117e-07 6.33708e-08 8.65845e-09 9.18274e-10 5.31371e-11 0 
0 2.83928e-08 2.65563e-07 1.29172e-06 4.54283e-06 1.27567e-05 2.98794e-05 5.98721e-05 0.000104587 0.00016191 0.000225511 0.000286428 0.000335555 0.000365859 0.000373719 0.000359337 0.000326421 0.000281365 0.000232106 0.000186852 0.000152923 0.000135891 0.000138882 0.000162345 0.000208071 0.000290314 0.00042462 0.000559738 0.00057031 0.000415134 0.000210522 7.46918e-05 1.91598e-05 3.85239e-06 6.91541e-07 1.21745e-07 2.04297e-08 2.97137e-09 3.29296e-10 1.97691e-11 0 
0 6.93584e-09 6.29665e-08 2.98639e-07 1.0314e-06 2.86983e-06 6.72617e-06 1.36136e-05 2.42019e-05 3.83063e-05 5.46144e-05 7.08635e-05 8.44239e-05 9.30335e-05 9.53978e-05 9.14783e-05 8.24307e-05 7.02641e-05 5.73524e-05 4.59537e-05 3.78664e-05 3.42655e-05 3.56197e-05 4.15582e-05 5.09611e-05 6.27361e-05 7.5386e-05 8.29082e-05 7.54764e-05 5.23656e-05 2.6627e-05 9.95479e-06 2.86515e-06 6.91541e-07 1.52315e-07 3.12647e-08 5.74232e-09 8.85095e-10 1.02711e-10 6.41908e-12 0 
0 1.51444e-09 1.33315e-08 6.15036e-08 2.07622e-07 5.68088e-07 1.31799e-06 2.65774e-06 4.73398e-06 7.53859e-06 1.08388e-05 1.41891e-05 1.70352e-05 1.88741e-05 1.94025e-05 1.86003e-05 1.67229e-05 1.42173e-05 1.16005e-05 9.3447e-06 7.80352e-06 7.18115e-06 7.51741e-06 8.65238e-06 1.01914e-05 1.15692e-05 1.21969e-05 1.153e-05 9.29823e-06 6.07232e-06 3.11724e-06 1.26525e-06 4.22117e-07 1.21745e-07 3.12647e-08 7.11918e-09 1.40098e-09 2.27838e-10 2.77052e-11 1.80593e-12 0 
0 2.89655e-10 2.47274e-09 1.10892e-08 3.65213e-08 9.79236e-08 2.23709e-07 4.46343e-07 7.90053e-07 1.25472e-06 1.80383e-06 2.36483e-06 2.84511e-06 3.15861e-06 3.25224e-06 3.12157e-06 2.81032e-06 2.39553e-06 1.96576e-06 1.60072e-06 1.35816e-06 1.26783e-06 1.32829e-06 1.50133e-06 1.70799e-06 1.84147e-06 1.80681e-06 1.56805e-06 1.17333e-06 7.39756e-07 3.88052e-07 1.70084e-07 6.33708e-08 2.04297e-08 5.74232e-09 1.40098e-09 2.91793e-10 4.99164e-11 6.35863e-12 4.32591e-13 0 
0 4.64958e-11 3.85255e-10 1.68024e-09 5.39726e-09 1.41647e-08 3.17957e-08 6.25743e-08 1.09648e-07 1.72938e-07 2.47556e-07 3.23809e-07 3.89261e-07 4.32263e-07 4.45565e-07 4.28513e-07 3.87045e-07 3.31694e-07 2.74583e-07 2.26581e-07 1.95383e-07 1.84516e-07 1.92788e-07 2.13784e-07 2.3606e-07 2.45738e-07 2.32229e-07 1.9431e-07 1.41502e-07 8.86657e-08 4.75555e-08 2.18595e-08 8.65845e-09 2.97137e-09 8.85095e-10 2.27838e-10 4.99164e-11 8.95945e-12 1.19427e-12 8.4771e-14 0 
0 5.65506e-12 4.5538e-11 1.9336e-10 6.0621e-10 1.55742e-09 3.43339e-09 6.65791e-09 1.1532e-08 1.80309e-08 2.56525e-08 3.3421e-08 4.00903e-08 4.44934e-08 4.59021e-08 4.42498e-08 4.01359e-08 3.46283e-08 2.89603e-08 2.42363e-08 2.12218e-08 2.0224e-08 2.10302e-08 2.28914e-08 2.46239e-08 2.49415e-08 2.30085e-08 1.89143e-08 1.36635e-08 8.60148e-09 4.7004e-09 2.22868e-09 9.18274e-10 3.29296e-10 1.02711e-10 2.77052e-11 6.35863e-12 1.19427e-12 1.66283e-13 1.23017e-14 0 
0 3.72395e-13 2.9189e-12 1.20841e-11 3.70201e-11 9.31804e-11 2.01827e-10 3.85649e-10 6.60066e-10 1.02255e-09 1.44489e-09 1.87374e-09 2.2416e-09 2.48548e-09 2.56614e-09 2.4801e-09 2.26005e-09 1.96437e-09 1.66067e-09 1.40937e-09 1.25138e-09 1.20068e-09 1.24107e-09 1.32745e-09 1.39523e-09 1.38102e-09 1.25013e-09 1.01538e-09 7.31013e-10 4.63075e-10 2.57115e-10 1.24949e-10 5.31371e-11 1.97691e-11 6.41908e-12 1.80593e-12 4.32591e-13 8.4771e-14 1.23017e-14 9.47078e-16 0 
0 0 0 0 0 0 0 0 0 0 0 0 0 0 0 0 0 0 0 0 0 0 0 0 0 0 0 0 0 0 0 0 0 0 0 0 0 0 0 0 0 
