0 0 0 0 0 0 0 0 0 0 0 0 0 0 0 0 0 0 0 0 0 0 0 0 0 0 0 0 0 0 0 0 0 0 0 0 0 0 0 0 0 
0 3.54778e-07 3.16933e-06 1.40407e-05 4.2813e-05 0.000100129 0.000190979 0.000310994 0.000448329 0.000588304 0.000717194 0.000824109 0.00090151 0.000945086 0.000953457 0.000927806 0.000871519 0.000789797 0.000689254 0.000577472 0.000462483 0.000352105 0.000253158 0.000170616 0.000106939 6.18566e-05 3.27939e-05 1.58501e-05 6.96017e-06 2.77269e-06 1.00196e-06 3.28644e-07 9.78675e-08 2.64272e-08 6.44337e-09 1.40469e-09 2.68318e-10 4.30256e-11 5.22855e-12 3.44072e-13 0 
0 3.16933e-06 2.89824e-05 0.00012698 0.000367101 0.0007868 0.00135486 0.00199921 0.00265053 0.00325805 0.00378622 0.00420932 0.00450929 0.00467566 0.00470585 0.00460504 0.00438525 0.0040638 0.00366151 0.00320092 0.00270512 0.00219747 0.00170193 0.00124331 0.000845725 0.000528229 0.000298978 0.000151782 6.87165e-05 2.77159e-05 9.98586e-06 3.2279e-06 9.39851e-07 2.46946e-07 5.84382e-08 1.23537e-08 2.28857e-09 3.56221e-10 4.20744e-11 2.69529e-12 0 
0 1.40407e-05 0.00012698 0.000520204 0.00133743 0.00251251 0.00387015 0.00528006 0.00666246 0.00795137 0.00908255 0.00999763 0.010651 0.0110144 0.0110794 0.0108567 0.0103744 0.00967345 0.0088036 0.00781771 0.00676683 0.00569581 0.004641 0.00363126 0.00269336 0.00185932 0.00116803 0.000652705 0.000318908 0.000135255 4.99381e-05 1.61983e-05 4.66356e-06 1.20061e-06 2.76984e-07 5.69533e-08 1.02566e-08 1.55268e-09 1.7856e-10 1.11534e-11 0 
0 4.2813e-05 0.000367101 0.00133743 0.00299343 0.00505943 0.0073396 0.00972765 0.0121118 0.0143629 0.0163523 0.0179672 0.0191221 0.0197649 0.0198795 0.0194848 0.0186308 0.0173915 0.0158569 0.0141242 0.012289 0.0104381 0.00864259 0.00695348 0.00540007 0.00399632 0.00275778 0.00172099 0.000938778 0.000436124 0.000171097 5.71842e-05 1.65624e-05 4.22313e-06 9.56422e-07 1.92192e-07 3.37654e-08 4.9856e-09 5.5962e-10 3.41592e-11 0 
0 0.000100129 0.0007868 0.00251251 0.00505943 0.00811242 0.0115331 0.0151707 0.0188272 0.0222886 0.0253507 0.0278376 0.0296165 0.0306066 0.0307828 0.0301745 0.0288586 0.0269496 0.0245865 0.0219199 0.0190987 0.0162594 0.0135172 0.01096 0.00864398 0.00659144 0.00479642 0.0032482 0.00196914 0.0010218 0.000439415 0.000155794 4.63633e-05 1.18698e-05 2.66198e-06 5.25867e-07 9.0523e-08 1.30823e-08 1.43751e-09 8.59688e-11 0 
0 0.000190979 0.00135486 0.00387015 0.0073396 0.0115331 0.0162938 0.0213797 0.026499 0.0313474 0.0356373 0.0391219 0.0416149 0.0430029 0.0432499 0.0423968 0.0405522 0.0378771 0.0345663 0.0308309 0.0268799 0.0229055 0.0190706 0.0155021 0.0122862 0.00946716 0.00704594 0.00498797 0.00325588 0.00186563 0.000889376 0.000342002 0.000106757 2.78477e-05 6.24389e-06 1.22045e-06 2.0683e-07 2.93675e-08 3.16913e-09 1.86212e-10 0 
0 0.000310994 0.00199921 0.00528006 0.00972765 0.0151707 0.0213797 0.0280203 0.0347065 0.0410398 0.0466457 0.0512164 0.0545419 0.0564581 0.0568086 0.0556134 0.0531134 0.0495795 0.0452461 0.040366 0.0352057 0.0300156 0.0250093 0.0203535 0.0161638 0.0125043 0.0093893 0.00678442 0.00462009 0.00284336 0.00148699 0.000625001 0.000207704 5.59276e-05 1.26526e-05 2.46262e-06 4.12814e-07 5.78088e-08 6.14655e-09 3.55867e-10 0 
0 0.000448329 0.00265053 0.00666246 0.0121118 0.0188272 0.026499 0.0347065 0.0429712 0.0508053 0.0578198 0.0639639 0.0690858 0.0722304 0.0728204 0.0708695 0.0668222 0.0616659 0.0560466 0.0499724 0.0435909 0.0371761 0.0309894 0.0252372 0.0200635 0.0155501 0.0117215 0.00854813 0.00595088 0.0038308 0.00215106 0.000981749 0.000349305 9.79567e-05 2.25274e-05 4.39018e-06 7.31093e-07 1.01335e-07 1.06495e-08 6.09251e-10 0 
0 0.000588304 0.00325805 0.00795137 0.0143629 0.0222886 0.0313474 0.0410398 0.0508053 0.0601756 0.0693885 0.0781487 0.0838675 0.0865469 0.0870288 0.085517 0.0816389 0.074917 0.0668184 0.0591406 0.0515395 0.0439605 0.0366551 0.0298638 0.0237567 0.0184318 0.0139211 0.0101975 0.00717964 0.00474575 0.00279971 0.001367 0.000518959 0.000152068 3.5715e-05 6.99799e-06 1.16183e-06 1.59902e-07 1.66573e-08 9.44141e-10 0 
0 0.000717194 0.00378622 0.00908255 0.0163523 0.0253507 0.0356373 0.0466457 0.0578198 0.0693885 0.0811578 0.0885539 0.0923853 0.0942213 0.0945797 0.0935692 0.0910036 0.0862352 0.0779332 0.0677519 0.0586262 0.0499681 0.0416703 0.0339589 0.0270253 0.0209813 0.0158645 0.0116486 0.00825031 0.00553712 0.00337371 0.00173266 0.000695101 0.00021236 5.10031e-05 1.00718e-05 1.67142e-06 2.29012e-07 2.37084e-08 1.33461e-09 0 
0 0.000824109 0.00420932 0.00999763 0.0179672 0.0278376 0.0391219 0.0512164 0.0639639 0.0781487 0.0885539 0.0939989 0.097036 0.0985521 0.0988646 0.0980477 0.0959935 0.0923329 0.0861134 0.0758041 0.0646319 0.0548677 0.0457467 0.0372872 0.0296818 0.0230531 0.017443 0.0128249 0.00911319 0.00616969 0.00383585 0.0020405 0.000854214 0.000270331 6.62749e-05 1.31974e-05 2.19269e-06 2.99709e-07 3.09019e-08 1.73142e-09 0 
0 0.00090151 0.00450929 0.010651 0.0191221 0.0296165 0.0416149 0.0545419 0.0690858 0.0838675 0.0923853 0.097036 0.0997299 0.101102 0.101394 0.100667 0.0988417 0.0956522 0.0904365 0.0815752 0.0693709 0.0584234 0.0486674 0.0396709 0.0315846 0.0245371 0.0185736 0.0136667 0.00972897 0.00661863 0.00416442 0.00226551 0.000976643 0.000317241 7.90512e-05 1.58575e-05 2.63962e-06 3.6047e-07 3.70851e-08 2.07222e-09 0 
0 0.000945086 0.00467566 0.0110144 0.0197649 0.0306066 0.0430029 0.0564581 0.0722304 0.0865469 0.0942213 0.0985521 0.101102 0.102413 0.102697 0.102009 0.100282 0.0972879 0.092474 0.0844396 0.0722345 0.0604559 0.0502994 0.0410017 0.0326472 0.0253663 0.0192056 0.0141376 0.0100733 0.00686946 0.00434874 0.0023944 0.00104951 0.000346279 8.71869e-05 1.75806e-05 2.93203e-06 4.00484e-07 4.1177e-08 2.29871e-09 0 
0 0.000953457 0.00470585 0.0110794 0.0198795 0.0307828 0.0432499 0.0568086 0.0728204 0.0870288 0.0945797 0.0988646 0.101394 0.102697 0.10298 0.102298 0.100585 0.0976202 0.0928654 0.0849589 0.072779 0.0608336 0.0505984 0.0412462 0.0328432 0.0255201 0.0193237 0.0142265 0.0101394 0.00691906 0.00438718 0.00242343 0.00106733 0.000353905 8.94478e-05 1.80815e-05 3.02038e-06 4.13009e-07 4.25021e-08 2.37457e-09 0 
0 0.000927806 0.00460504 0.0108567 0.0194848 0.0301745 0.0423968 0.0556134 0.0708695 0.085517 0.0935692 0.0980477 0.100667 0.102009 0.102298 0.101592 0.0998186 0.0967349 0.0917417 0.0833297 0.071018 0.0595894 0.0496109 0.0404433 0.032204 0.0250231 0.0189468 0.0139478 0.00993809 0.00677585 0.00428629 0.00235669 0.00103156 0.000340289 8.57924e-05 1.73407e-05 2.90047e-06 3.97432e-07 4.09987e-08 2.29659e-09 0 
0 0.000871519 0.00438525 0.0103744 0.0186308 0.0288586 0.0405522 0.0531134 0.0668222 0.0816389 0.0910036 0.0959935 0.0988417 0.100282 0.100585 0.0998186 0.0978922 0.0945011 0.0888711 0.0792861 0.0673472 0.0569455 0.0474662 0.0386963 0.030812 0.0239399 0.0181242 0.0133382 0.00949608 0.00645887 0.00406003 0.00220518 0.000949827 0.000309011 7.73161e-05 1.55976e-05 2.61308e-06 3.59279e-07 3.7224e-08 2.09517e-09 0 
0 0.000789797 0.0040638 0.00967345 0.0173915 0.0269496 0.0378771 0.0495795 0.0616659 0.074917 0.0862352 0.0923329 0.0956522 0.0972879 0.0976202 0.0967349 0.0945011 0.0904703 0.0834831 0.0728494 0.062496 0.0531777 0.0443532 0.0361585 0.0287899 0.0223665 0.0169293 0.0124525 0.00885294 0.00599607 0.00372938 0.00198651 0.000835002 0.000266252 6.59256e-05 1.3272e-05 2.23013e-06 3.08361e-07 3.21717e-08 1.82462e-09 0 
0 0.000689254 0.00366151 0.0088036 0.0158569 0.0245865 0.0345663 0.0452461 0.0560466 0.0668184 0.0779332 0.0861134 0.0904365 0.092474 0.0928654 0.0917417 0.0888711 0.0834831 0.0748485 0.0655285 0.0569231 0.0485493 0.0404997 0.0330166 0.0262871 0.0204199 0.0154519 0.0113578 0.00805739 0.00542278 0.0033227 0.00172537 0.000704225 0.000219665 5.38711e-05 1.08493e-05 1.83441e-06 2.55984e-07 2.69908e-08 1.54791e-09 0 
0 0.000577472 0.00320092 0.00781771 0.0141242 0.0219199 0.0308309 0.040366 0.0499724 0.0591406 0.0677519 0.0758041 0.0815752 0.0844396 0.0849589 0.0833297 0.0792861 0.0728494 0.0655285 0.0582297 0.0507862 0.043336 0.0361521 0.0294728 0.0234657 0.0182274 0.0137898 0.0101278 0.00716431 0.00478202 0.0028782 0.00145443 0.000577512 0.00017712 4.32894e-05 8.77334e-06 1.50058e-06 2.12311e-07 2.27131e-08 1.32142e-09 0 
0 0.000462483 0.00270512 0.00676683 0.012289 0.0190987 0.0268799 0.0352057 0.0435909 0.0515395 0.0586262 0.0646319 0.0693709 0.0722345 0.072779 0.071018 0.0673472 0.062496 0.0569231 0.0507862 0.0443224 0.0378235 0.0315554 0.0257278 0.0204868 0.015916 0.0120418 0.00883878 0.00623492 0.0041293 0.00244908 0.0012149 0.000475839 0.000145601 3.58822e-05 7.37741e-06 1.28295e-06 1.84566e-07 2.0056e-08 1.18342e-09 0 
0 0.000352105 0.00219747 0.00569581 0.0104381 0.0162594 0.0229055 0.0300156 0.0371761 0.0439605 0.0499681 0.0548677 0.0584234 0.0604559 0.0608336 0.0595894 0.0569455 0.0531777 0.0485493 0.043336 0.0378235 0.03228 0.0269346 0.0219662 0.0174994 0.0136055 0.0103061 0.00757596 0.00535023 0.00354619 0.00210827 0.00105347 0.000418379 0.000130414 3.27681e-05 6.85604e-06 1.20984e-06 1.76094e-07 1.93083e-08 1.14689e-09 0 
0 0.000253158 0.00170193 0.004641 0.00864259 0.0135172 0.0190706 0.0250093 0.0309894 0.0366551 0.0416703 0.0457467 0.0486674 0.0502994 0.0505984 0.0496109 0.0474662 0.0443532 0.0404997 0.0361521 0.0315554 0.0269346 0.0224814 0.0183461 0.0146368 0.0114229 0.0087299 0.00651981 0.00470002 0.00318673 0.00195 0.00101261 0.00041868 0.000134569 3.44055e-05 7.24959e-06 1.28013e-06 1.85768e-07 2.02655e-08 1.19611e-09 0 
0 0.000170616 0.00124331 0.00363126 0.00695348 0.01096 0.0155021 0.0203535 0.0252372 0.0298638 0.0339589 0.0372872 0.0396709 0.0410017 0.0412462 0.0404433 0.0386963 0.0361585 0.0330166 0.0294728 0.0257278 0.0219662 0.0183461 0.0149987 0.012048 0.00963518 0.00784389 0.00648946 0.00514761 0.00363672 0.00221588 0.00115135 0.000485963 0.000158599 4.04581e-05 8.40708e-06 1.45738e-06 2.07431e-07 2.22064e-08 1.28757e-09 0 
0 0.000106939 0.000845725 0.00269336 0.00540007 0.00864398 0.0122862 0.0161638 0.0200635 0.0237567 0.0270253 0.0296818 0.0315846 0.0326472 0.0328432 0.032204 0.030812 0.0287899 0.0262871 0.0234657 0.0204868 0.0174994 0.0146368 0.012048 0.0100214 0.00912009 0.00975483 0.0109729 0.0105528 0.00769823 0.00418431 0.00180567 0.000667527 0.000204544 4.98757e-05 9.94905e-06 1.66528e-06 2.30014e-07 2.3985e-08 1.35871e-09 0 
0 6.18566e-05 0.000528229 0.00185932 0.00399632 0.00659144 0.00946716 0.0125043 0.0155501 0.0184318 0.0209813 0.0230531 0.0245371 0.0253663 0.0255201 0.0250231 0.0239399 0.0223665 0.0204199 0.0182274 0.015916 0.0136055 0.0114229 0.00963518 0.00912009 0.0118973 0.0195189 0.030844 0.0369232 0.0224744 0.0113527 0.00407173 0.00115113 0.000286846 6.16467e-05 1.1328e-05 1.80001e-06 2.40024e-07 2.43522e-08 1.34804e-09 0 
0 3.27939e-05 0.000298978 0.00116803 0.00275778 0.00479642 0.00704594 0.0093893 0.0117215 0.0139211 0.0158645 0.017443 0.0185736 0.0192056 0.0193237 0.0189468 0.0181242 0.0169293 0.0154519 0.0137898 0.0120418 0.0103061 0.0087299 0.00784389 0.00975483 0.0195189 0.0444841 0.0770429 0.0801133 0.064593 0.0264538 0.00888923 0.00213734 0.000420966 7.43285e-05 1.19699e-05 1.76895e-06 2.27149e-07 2.24959e-08 1.22198e-09 0 
0 1.58501e-05 0.000151782 0.000652705 0.00172099 0.0032482 0.00498797 0.00678442 0.00854813 0.0101975 0.0116486 0.0128249 0.0136667 0.0141376 0.0142265 0.0139478 0.0133382 0.0124525 0.0113578 0.0101278 0.00883878 0.00757596 0.00651981 0.00648946 0.0109729 0.030844 0.0770429 0.0867971 0.0880035 0.0828931 0.0547916 0.0143195 0.00324644 0.000555763 8.19453e-05 1.13364e-05 1.5369e-06 1.90222e-07 1.85082e-08 9.93347e-10 0 
0 6.96017e-06 6.87165e-05 0.000318908 0.000938778 0.00196914 0.00325588 0.00462009 0.00595088 0.00717964 0.00825031 0.00911319 0.00972897 0.0100733 0.0101394 0.00993809 0.00949608 0.00885294 0.00805739 0.00716431 0.00623492 0.00535023 0.00470002 0.00514761 0.0105528 0.0369232 0.0801133 0.0880035 0.0890656 0.0850244 0.0647639 0.0158511 0.00351269 0.000566528 7.46953e-05 9.15377e-06 1.1509e-06 1.38598e-07 1.33769e-08 7.15533e-10 0 
0 2.77269e-06 2.77159e-05 0.000135255 0.000436124 0.0010218 0.00186563 0.00284336 0.0038308 0.00474575 0.00553712 0.00616969 0.00661863 0.00686946 0.00691906 0.00677585 0.00645887 0.00599607 0.00542278 0.00478202 0.0041293 0.00354619 0.00318673 0.00363672 0.00769823 0.0224744 0.064593 0.0828931 0.0850244 0.0789039 0.0396642 0.0116906 0.00259586 0.000412361 5.18384e-05 5.98099e-06 7.25878e-07 8.68721e-08 8.42376e-09 4.53424e-10 0 
0 1.00196e-06 9.98586e-06 4.99381e-05 0.000171097 0.000439415 0.000889376 0.00148699 0.00215106 0.00279971 0.00337371 0.00383585 0.00416442 0.00434874 0.00438718 0.00428629 0.00406003 0.00372938 0.0033227 0.0028782 0.00244908 0.00210827 0.00195 0.00221588 0.00418431 0.0113527 0.0264538 0.0547916 0.0647639 0.0396642 0.0175651 0.00579481 0.00129983 0.000209013 2.63448e-05 3.06946e-06 3.80762e-07 4.65996e-08 4.60419e-09 2.51813e-10 0 
0 3.28644e-07 3.2279e-06 1.61983e-05 5.71842e-05 0.000155794 0.000342002 0.000625001 0.000981749 0.001367 0.00173266 0.0020405 0.00226551 0.0023944 0.00242343 0.00235669 0.00220518 0.00198651 0.00172537 0.00145443 0.0012149 0.00105347 0.00101261 0.00115135 0.00180567 0.00407173 0.00888923 0.0143195 0.0158511 0.0116906 0.00579481 0.00193361 0.000445002 7.4075e-05 9.83625e-06 1.24464e-06 1.66835e-07 2.14206e-08 2.18332e-09 1.22391e-10 0 
0 9.78675e-08 9.39851e-07 4.66356e-06 1.65624e-05 4.63633e-05 0.000106757 0.000207704 0.000349305 0.000518959 0.000695101 0.000854214 0.000976643 0.00104951 0.00106733 0.00103156 0.000949827 0.000835002 0.000704225 0.000577512 0.000475839 0.000418379 0.00041868 0.000485963 0.000667527 0.00115113 0.00213734 0.00324644 0.00351269 0.00259586 0.00129983 0.000445002 0.000106749 1.89645e-05 2.82506e-06 4.14678e-07 6.21344e-08 8.48438e-09 8.99649e-10 5.20545e-11 0 
0 2.64272e-08 2.46946e-07 1.20061e-06 4.22313e-06 1.18698e-05 2.78477e-05 5.59276e-05 9.79567e-05 0.000152068 0.00021236 0.000270331 0.000317241 0.000346279 0.000353905 0.000340289 0.000309011 0.000266252 0.000219665 0.00017712 0.000145601 0.000130414 0.000134569 0.000158599 0.000204544 0.000286846 0.000420966 0.000555763 0.000566528 0.000412361 0.000209013 7.4075e-05 1.89645e-05 3.80178e-06 6.80138e-07 1.1945e-07 2.00245e-08 2.91155e-09 3.22632e-10 1.93676e-11 0 
0 6.44337e-09 5.84382e-08 2.76984e-07 9.56422e-07 2.66198e-06 6.24389e-06 1.26526e-05 2.25274e-05 3.5715e-05 5.10031e-05 6.62749e-05 7.90512e-05 8.71869e-05 8.94478e-05 8.57924e-05 7.73161e-05 6.59256e-05 5.38711e-05 4.32894e-05 3.58822e-05 3.27681e-05 3.44055e-05 4.04581e-05 4.98757e-05 6.16467e-05 7.43285e-05 8.19453e-05 7.46953e-05 5.18384e-05 2.63448e-05 9.83625e-06 2.82506e-06 6.80138e-07 1.49491e-07 3.06512e-08 5.6274e-09 8.67265e-10 1.00636e-10 6.28902e-12 0 
0 1.40469e-09 1.23537e-08 5.69533e-08 1.92192e-07 5.25867e-07 1.22045e-06 2.46262e-06 4.39018e-06 6.99799e-06 1.00718e-05 1.31974e-05 1.58575e-05 1.75806e-05 1.80815e-05 1.73407e-05 1.55976e-05 1.3272e-05 1.08493e-05 8.77334e-06 7.37741e-06 6.85604e-06 7.24959e-06 8.40708e-06 9.94905e-06 1.1328e-05 1.19699e-05 1.13364e-05 9.15377e-06 5.98099e-06 3.06946e-06 1.24464e-06 4.14678e-07 1.1945e-07 3.06512e-08 6.97704e-09 1.37283e-09 2.23247e-10 2.71457e-11 1.76939e-12 0 
0 2.68318e-10 2.28857e-09 1.02566e-08 3.37654e-08 9.0523e-08 2.0683e-07 4.12814e-07 7.31093e-07 1.16183e-06 1.67142e-06 2.19269e-06 2.63962e-06 2.93203e-06 3.02038e-06 2.90047e-06 2.61308e-06 2.23013e-06 1.83441e-06 1.50058e-06 1.28295e-06 1.20984e-06 1.28013e-06 1.45738e-06 1.66528e-06 1.80001e-06 1.76895e-06 1.5369e-06 1.1509e-06 7.25878e-07 3.80762e-07 1.66835e-07 6.21344e-08 2.00245e-08 5.6274e-09 1.37283e-09 2.85918e-10 4.891e-11 6.23025e-12 4.23845e-13 0 
0 4.30256e-11 3.56221e-10 1.55268e-09 4.9856e-09 1.30823e-08 2.93675e-08 5.78088e-08 1.01335e-07 1.59902e-07 2.29012e-07 2.99709e-07 3.6047e-07 4.00484e-07 4.13009e-07 3.97432e-07 3.59279e-07 3.08361e-07 2.55984e-07 2.12311e-07 1.84566e-07 1.76094e-07 1.85768e-07 2.07431e-07 2.30014e-07 2.40024e-07 2.27149e-07 1.90222e-07 1.38598e-07 8.68721e-08 4.65996e-08 2.14206e-08 8.48438e-09 2.91155e-09 8.67265e-10 2.23247e-10 4.891e-11 8.7787e-12 1.17015e-12 8.30574e-14 0 
0 5.22855e-12 4.20744e-11 1.7856e-10 5.5962e-10 1.43751e-09 3.16913e-09 6.14655e-09 1.06495e-08 1.66573e-08 2.37084e-08 3.09019e-08 3.70851e-08 4.1177e-08 4.25021e-08 4.09987e-08 3.7224e-08 3.21717e-08 2.69908e-08 2.27131e-08 2.0056e-08 1.93083e-08 2.02655e-08 2.22064e-08 2.3985e-08 2.43522e-08 2.24959e-08 1.85082e-08 1.33769e-08 8.42376e-09 4.60419e-09 2.18332e-09 8.99649e-10 3.22632e-10 1.00636e-10 2.71457e-11 6.23025e-12 1.17015e-12 1.62924e-13 1.20531e-14 0 
0 3.44072e-13 2.69529e-12 1.11534e-11 3.41592e-11 8.59688e-11 1.86212e-10 3.55867e-10 6.09251e-10 9.44141e-10 1.33461e-09 1.73142e-09 2.07222e-09 2.29871e-09 2.37457e-09 2.29659e-09 2.09517e-09 1.82462e-09 1.54791e-09 1.32142e-09 1.18342e-09 1.14689e-09 1.19611e-09 1.28757e-09 1.35871e-09 1.34804e-09 1.22198e-09 9.93347e-10 7.15533e-10 4.53424e-10 2.51813e-10 1.22391e-10 5.20545e-11 1.93676e-11 6.28902e-12 1.76939e-12 4.23845e-13 8.30574e-14 1.20531e-14 9.27928e-16 0 
0 0 0 0 0 0 0 0 0 0 0 0 0 0 0 0 0 0 0 0 0 0 0 0 0 0 0 0 0 0 0 0 0 0 0 0 0 0 0 0 0 
