0 0 0 0 0 0 0 0 0 0 0 0 0 0 0 0 0 0 0 0 0 0 0 0 0 0 0 0 0 0 0 0 0 0 0 0 0 0 0 0 0 
0 5.31933e-07 4.6989e-06 2.03722e-05 6.02176e-05 0.000135794 0.000249694 0.000393458 0.000551962 0.000708998 0.000850655 0.000966478 0.00104949 0.00109585 0.00110451 0.00107684 0.00101632 0.000928135 0.000818837 0.000695968 0.000567626 0.000441946 0.000326405 0.000227001 0.000147456 8.87195e-05 4.90471e-05 2.47425e-05 1.1331e-05 4.69629e-06 1.75943e-06 5.95806e-07 1.82383e-07 5.04131e-08 1.25337e-08 2.77675e-09 5.37419e-10 8.70998e-11 1.06759e-11 7.07421e-13 0 
0 4.6989e-06 4.21993e-05 0.000178377 0.000490494 0.000996356 0.00163708 0.00233098 0.00301435 0.00364426 0.00418965 0.00462618 0.00493561 0.00510699 0.00513749 0.00503247 0.00480459 0.00447204 0.00405652 0.00358106 0.00306842 0.0025404 0.00201828 0.00152393 0.00108013 0.000708348 0.000423429 0.000227663 0.000109059 4.63451e-05 1.74792e-05 5.87154e-06 1.76418e-06 4.754e-07 1.14784e-07 2.46531e-08 4.62434e-09 7.26836e-10 8.65052e-11 5.57469e-12 0 
0 2.03722e-05 0.000178377 0.00068955 0.00165547 0.00293723 0.00435757 0.00581689 0.00725061 0.00859272 0.00977393 0.0107309 0.0114145 0.0117945 0.0118617 0.0116274 0.0111213 0.0103869 0.00947703 0.00844828 0.00735548 0.0062469 0.00516062 0.00412365 0.00315555 0.00227644 0.00151511 0.000907249 0.000477527 0.000217627 8.55772e-05 2.92156e-05 8.75025e-06 2.32068e-06 5.47381e-07 1.14422e-07 2.08603e-08 3.18695e-09 3.69025e-10 2.31702e-11 0 
0 6.02176e-05 0.000490494 0.00165547 0.00346261 0.00561979 0.00799075 0.0104868 0.0129874 0.0153517 0.0174417 0.0191384 0.0203513 0.0210257 0.0211448 0.0207287 0.0198302 0.0185271 0.0169145 0.0150947 0.0131693 0.0112308 0.00935637 0.00760253 0.00600183 0.0045642 0.00328864 0.00218535 0.00129244 0.000656699 0.000280517 0.000100619 3.07354e-05 8.13973e-06 1.89273e-06 3.87385e-07 6.89363e-08 1.02711e-08 1.16033e-09 7.11565e-11 0 
0 0.000135794 0.000996356 0.00293723 0.00561979 0.00880622 0.0123943 0.0162193 0.0200663 0.0237076 0.0269279 0.0295424 0.0314115 0.0324508 0.0326343 0.031993 0.0306081 0.0286 0.026115 0.0233114 0.0203461 0.0173632 0.0144849 0.0118059 0.00938946 0.00726396 0.00542317 0.00383854 0.00249317 0.00141879 0.000675673 0.000262878 8.40742e-05 2.26337e-05 5.2477e-06 1.05944e-06 1.84991e-07 2.69889e-08 2.98454e-09 1.79273e-10 0 
0 0.000249694 0.00163708 0.00435757 0.00799075 0.0123943 0.0174058 0.022761 0.0281495 0.0332507 0.0377623 0.0414262 0.0440514 0.0455226 0.0457848 0.0448725 0.0429214 0.0401051 0.0366232 0.0326956 0.0285417 0.0243637 0.0203334 0.0165852 0.0132123 0.0102659 0.00775409 0.0056428 0.00387149 0.00240244 0.00127233 0.00054628 0.000187078 5.21289e-05 1.21984e-05 2.44877e-06 4.21934e-07 6.05382e-08 6.57665e-09 3.88138e-10 0 
0 0.000393458 0.00233098 0.00581689 0.0104868 0.0162193 0.022761 0.029754 0.0367912 0.0434541 0.0493699 0.0544974 0.0592056 0.0624693 0.0631196 0.0610332 0.057032 0.0525473 0.0478681 0.0427291 0.0373039 0.0318478 0.0265851 0.0216916 0.0172902 0.0134513 0.0101959 0.00749673 0.00528082 0.00345742 0.00199029 0.000940652 0.000349065 0.000102131 2.43897e-05 4.9058e-06 8.38718e-07 1.18855e-07 1.273e-08 7.40468e-10 0 
0 0.000551962 0.00301435 0.00725061 0.0129874 0.0200663 0.0281495 0.0367912 0.0454886 0.0537878 0.0625953 0.0727021 0.0793297 0.0821846 0.0826917 0.0811498 0.0768672 0.068872 0.0598798 0.0528607 0.0461231 0.0393797 0.0328765 0.02683 0.0213923 0.0166515 0.0126373 0.00932688 0.00664667 0.00448153 0.00273022 0.00139751 0.000561602 0.000173854 4.27158e-05 8.66366e-06 1.47677e-06 2.07505e-07 2.19858e-08 1.26419e-09 0 
0 0.000708998 0.00364426 0.00859272 0.0153517 0.0237076 0.0332507 0.0434541 0.0537878 0.0657305 0.0794668 0.0862091 0.0894779 0.0910299 0.0913471 0.0905265 0.08839 0.0842981 0.0759043 0.0634987 0.0545135 0.0465117 0.0388331 0.0316948 0.0252756 0.01968 0.0149442 0.0110464 0.00791219 0.00541713 0.00341923 0.00185733 0.000800222 0.000262124 6.65277e-05 1.36638e-05 2.33081e-06 3.25818e-07 3.42525e-08 1.95231e-09 0 
0 0.000850655 0.00418965 0.00977393 0.0174417 0.0269279 0.0377623 0.0493699 0.0625953 0.0794668 0.0879267 0.0921206 0.0944699 0.0956565 0.0959189 0.095313 0.0937577 0.0909723 0.0861658 0.0766006 0.0626805 0.0528428 0.0441021 0.0359977 0.0287104 0.0223583 0.0169834 0.0125629 0.00901958 0.0062244 0.00401303 0.00227139 0.00103419 0.000356287 9.33731e-05 1.94546e-05 3.32914e-06 4.64153e-07 4.8538e-08 2.74906e-09 0 
0 0.000966478 0.00462618 0.0107309 0.0191384 0.0295424 0.0414262 0.0544974 0.0727021 0.0862091 0.0921206 0.0954732 0.0974615 0.0984945 0.098734 0.0982221 0.0969071 0.0946133 0.0909054 0.084544 0.0716509 0.0582008 0.0483848 0.0394919 0.0314995 0.0245331 0.018639 0.013793 0.00991427 0.00687021 0.00448459 0.00260742 0.00123592 0.000443371 0.000119487 2.52403e-05 4.33746e-06 6.04224e-07 6.29818e-08 3.55205e-09 0 
0 0.00104949 0.00493561 0.0114145 0.0203513 0.0314115 0.0440514 0.0592056 0.0793297 0.0894779 0.0944699 0.0974615 0.0992799 0.100238 0.100467 0.100002 0.0988041 0.0967378 0.0934857 0.08823 0.0781803 0.0627045 0.0514639 0.041991 0.0334943 0.0260886 0.019823 0.0146724 0.0105528 0.00732844 0.00481696 0.00284674 0.00138555 0.000511514 0.000140797 3.00759e-05 5.18967e-06 7.23114e-07 7.5253e-08 4.23387e-09 0 
0 0.00109585 0.00510699 0.0117945 0.0210257 0.0324508 0.0455226 0.0624693 0.0821846 0.0910299 0.0956565 0.0984945 0.100238 0.101163 0.101387 0.100944 0.0997986 0.097832 0.0947707 0.0899423 0.0811939 0.0656715 0.0532013 0.043382 0.0346045 0.0269544 0.0204822 0.0151621 0.0109081 0.00758289 0.0050011 0.00298045 0.00147162 0.00055231 0.000153986 3.31328e-05 5.73497e-06 7.99733e-07 8.31989e-08 4.677e-09 0 
0 0.00110451 0.00513749 0.0118617 0.0211448 0.0326343 0.0457848 0.0631196 0.0826917 0.0913471 0.0959189 0.098734 0.100467 0.101387 0.101611 0.101171 0.100034 0.0980819 0.0950494 0.0902852 0.0817308 0.0662531 0.0535147 0.0436298 0.0348025 0.0271091 0.0206003 0.0152501 0.0109723 0.00762938 0.00503571 0.00300709 0.00149018 0.000561803 0.000157252 3.39273e-05 5.88235e-06 8.21161e-07 8.54925e-08 4.80885e-09 0 
0 0.00107684 0.00503247 0.0116274 0.0207287 0.031993 0.0448725 0.0610332 0.0811498 0.0905265 0.095313 0.0982221 0.100002 0.100944 0.101171 0.100718 0.0995475 0.0975342 0.0943865 0.0893729 0.0800754 0.06437 0.0524399 0.0427759 0.0341216 0.0265786 0.0201969 0.0149511 0.0107562 0.00747601 0.00492712 0.00293125 0.00144353 0.000540556 0.000150613 3.24383e-05 5.62559e-06 7.86354e-07 8.20186e-08 4.62296e-09 0 
0 0.00101632 0.00480459 0.0111213 0.0198302 0.0306081 0.0429214 0.057032 0.0768672 0.08839 0.0937577 0.0969071 0.0988041 0.0997986 0.100034 0.0995475 0.0982959 0.0961277 0.0926804 0.0869821 0.0756534 0.0606806 0.0501499 0.0409291 0.0326483 0.0254305 0.0193238 0.0143035 0.0102874 0.00714203 0.00468862 0.00276293 0.00133948 0.000493167 0.000135777 2.90866e-05 5.04089e-06 7.05949e-07 7.3863e-08 4.17876e-09 0 
0 0.000928135 0.00447204 0.0103869 0.0185271 0.0286 0.0401051 0.0525473 0.068872 0.0842981 0.0909723 0.0946133 0.0967378 0.097832 0.0980819 0.0975342 0.0961277 0.0936531 0.0895747 0.0822467 0.0681691 0.0562255 0.0468586 0.0382503 0.0305111 0.0237652 0.0180572 0.013364 0.00960661 0.00665541 0.0043394 0.00251731 0.00119084 0.000427482 0.000115688 2.46011e-05 4.26112e-06 5.98618e-07 6.29438e-08 3.58169e-09 0 
0 0.000818837 0.00405652 0.00947703 0.0169145 0.026115 0.0366232 0.0478681 0.0598798 0.0759043 0.0861658 0.0909054 0.0934857 0.0947707 0.0950494 0.0943865 0.0926804 0.0895747 0.0840448 0.0727965 0.0603713 0.0512615 0.0427962 0.0349354 0.0278665 0.0217046 0.0164904 0.0122016 0.00876341 0.00605022 0.00390391 0.00221538 0.00101525 0.000353546 9.38795e-05 1.98274e-05 3.4384e-06 4.85698e-07 5.14574e-08 2.95288e-09 0 
0 0.000695968 0.00358106 0.00844828 0.0150947 0.0233114 0.0326956 0.0427291 0.0528607 0.0634987 0.0766006 0.084544 0.08823 0.0899423 0.0902852 0.0893729 0.0869821 0.0822467 0.0727965 0.0618733 0.0536137 0.0457648 0.0382151 0.031196 0.0248838 0.0193812 0.0147242 0.0108915 0.00781158 0.00536496 0.00341332 0.00188604 0.000834992 0.000282329 7.38024e-05 1.5542e-05 2.70882e-06 3.86101e-07 4.13462e-08 2.39942e-09 0 
0 0.000567626 0.00306842 0.00735548 0.0131693 0.0203461 0.0285417 0.0373039 0.0461231 0.0545135 0.0626805 0.0716509 0.0781803 0.0811939 0.0817308 0.0800754 0.0756534 0.0681691 0.0603713 0.0536137 0.0467971 0.0399623 0.0333708 0.0272422 0.0217309 0.0169263 0.0128593 0.00950903 0.00680725 0.00464534 0.00291159 0.00156976 0.000676162 0.00022427 5.82678e-05 1.23221e-05 2.16879e-06 3.12897e-07 3.39319e-08 1.99322e-09 0 
0 0.000441946 0.0025404 0.0062469 0.0112308 0.0173632 0.0243637 0.0318478 0.0393797 0.0465117 0.0528428 0.0582008 0.0627045 0.0656715 0.0662531 0.06437 0.0606806 0.0562255 0.0512615 0.0457648 0.0399623 0.0341271 0.0284992 0.0232672 0.0185629 0.0144633 0.0109946 0.0081353 0.00582145 0.00396092 0.0024677 0.00132036 0.000565708 0.000187748 4.90969e-05 1.04847e-05 1.86513e-06 2.71826e-07 2.97442e-08 1.76057e-09 0 
0 0.000326405 0.00201828 0.00516062 0.00935637 0.0144849 0.0203334 0.0265851 0.0328765 0.0388331 0.0441021 0.0483848 0.0514639 0.0532013 0.0535147 0.0524399 0.0501499 0.0468586 0.0427962 0.0382151 0.0333708 0.0284992 0.0238017 0.0194365 0.0155186 0.0121229 0.00927937 0.00695178 0.00504622 0.00347462 0.00219286 0.00119663 0.000524766 0.00017748 4.69326e-05 1.00715e-05 1.79345e-06 2.61071e-07 2.84963e-08 1.68101e-09 0 
0 0.000227001 0.00152393 0.00412365 0.00760253 0.0118059 0.0165852 0.0216916 0.02683 0.0316948 0.0359977 0.0394919 0.041991 0.043382 0.0436298 0.0427759 0.0409291 0.0382503 0.0349354 0.031196 0.0272422 0.0232672 0.0194365 0.0158884 0.0127541 0.0101852 0.00827472 0.00683462 0.00542204 0.00384597 0.00237532 0.00127446 0.000564983 0.000193548 5.11066e-05 1.08339e-05 1.89776e-06 2.71565e-07 2.91577e-08 1.69376e-09 0 
0 0.000147456 0.00108013 0.00315555 0.00600183 0.00938946 0.0132123 0.0172902 0.0213923 0.0252756 0.0287104 0.0314995 0.0334943 0.0346045 0.0348025 0.0341216 0.0326483 0.0305111 0.0278665 0.0248838 0.0217309 0.0185629 0.0155186 0.0127541 0.0105751 0.00958125 0.010211 0.0114663 0.011022 0.00804298 0.00438086 0.00191085 0.000731116 0.000235578 5.98395e-05 1.22289e-05 2.07261e-06 2.88157e-07 3.01659e-08 1.71363e-09 0 
0 8.87195e-05 0.000708348 0.00227644 0.0045642 0.00726396 0.0102659 0.0134513 0.0166515 0.01968 0.0223583 0.0245331 0.0260886 0.0269544 0.0271091 0.0265786 0.0254305 0.0237652 0.0217046 0.0193812 0.0169263 0.0144633 0.0121229 0.0101852 0.00958125 0.0124388 0.0203731 0.0373475 0.0451379 0.024481 0.0118463 0.00425477 0.00121721 0.000315896 7.12801e-05 1.35232e-05 2.18295e-06 2.93241e-07 2.9873e-08 1.65838e-09 0 
0 4.90471e-05 0.000423429 0.00151511 0.00328864 0.00542317 0.00775409 0.0101959 0.0126373 0.0149442 0.0169834 0.018639 0.019823 0.0204822 0.0206003 0.0201969 0.0193238 0.0180572 0.0164904 0.0147242 0.0128593 0.0109946 0.00927937 0.00827472 0.010211 0.0203731 0.0531637 0.0767037 0.0785092 0.0712079 0.0285918 0.00927487 0.00223607 0.000450349 8.34233e-05 1.39939e-05 2.11202e-06 2.73572e-07 2.72038e-08 1.48159e-09 0 
0 2.47425e-05 0.000227663 0.000907249 0.00218535 0.00383854 0.0056428 0.00749673 0.00932688 0.0110464 0.0125629 0.013793 0.0146724 0.0151621 0.0152501 0.0149511 0.0143035 0.013364 0.0122016 0.0108915 0.00950903 0.0081353 0.00695178 0.00683462 0.0114663 0.0373475 0.0767037 0.0836966 0.0845216 0.081013 0.0630894 0.0150132 0.00338945 0.000586977 9.00527e-05 1.3039e-05 1.81605e-06 2.27168e-07 2.21942e-08 1.19396e-09 0 
0 1.1331e-05 0.000109059 0.000477527 0.00129244 0.00249317 0.00387149 0.00528082 0.00664667 0.00791219 0.00901958 0.00991427 0.0105528 0.0109081 0.0109723 0.0107562 0.0102874 0.00960661 0.00876341 0.00781158 0.00680725 0.00582145 0.00504622 0.00542204 0.011022 0.0451379 0.0785092 0.0845216 0.0853648 0.0825004 0.0710083 0.0176914 0.00366609 0.000596005 8.11939e-05 1.04139e-05 1.3507e-06 1.6467e-07 1.59595e-08 8.55433e-10 0 
0 4.69629e-06 4.63451e-05 0.000217627 0.000656699 0.00141879 0.00240244 0.00345742 0.00448153 0.00541713 0.0062244 0.00687021 0.00732844 0.00758289 0.00762938 0.00747601 0.00714203 0.00665541 0.00605022 0.00536496 0.00464534 0.00396092 0.00347462 0.00384597 0.00804298 0.024481 0.0712079 0.081013 0.0825004 0.0774477 0.046963 0.012195 0.00270963 0.00043403 5.6219e-05 6.77528e-06 8.49056e-07 1.02913e-07 1.00186e-08 5.40224e-10 0 
0 1.75943e-06 1.74792e-05 8.55772e-05 0.000280517 0.000675673 0.00127233 0.00199029 0.00273022 0.00341923 0.00401303 0.00448459 0.00481696 0.0050011 0.00503571 0.00492712 0.00468862 0.0043394 0.00390391 0.00341332 0.00291159 0.0024677 0.00219286 0.00237532 0.00438086 0.0118463 0.0285918 0.0630894 0.0710083 0.046963 0.0183223 0.00604539 0.00135825 0.000220959 2.87084e-05 3.48584e-06 4.45412e-07 5.51305e-08 5.46528e-09 2.99348e-10 0 
0 5.95806e-07 5.87154e-06 2.92156e-05 0.000100619 0.000262878 0.00054628 0.000940652 0.00139751 0.00185733 0.00227139 0.00260742 0.00284674 0.00298045 0.00300709 0.00293125 0.00276293 0.00251731 0.00221538 0.00188604 0.00156976 0.00132036 0.00119663 0.00127446 0.00191085 0.00425477 0.00927487 0.0150132 0.0176914 0.012195 0.00604539 0.00201873 0.00046697 7.90727e-05 1.08438e-05 1.42518e-06 1.95664e-07 2.53339e-08 2.58859e-09 1.45278e-10 0 
0 1.82383e-07 1.76418e-06 8.75025e-06 3.07354e-05 8.40742e-05 0.000187078 0.000349065 0.000561602 0.000800222 0.00103419 0.00123592 0.00138555 0.00147162 0.00149018 0.00144353 0.00133948 0.00119084 0.00101525 0.000834992 0.000676162 0.000565708 0.000524766 0.000564983 0.000731116 0.00121721 0.00223607 0.00338945 0.00366609 0.00270963 0.00135825 0.00046697 0.000113328 2.05956e-05 3.17151e-06 4.80236e-07 7.3118e-08 1.00355e-08 1.06586e-09 6.17271e-11 0 
0 5.04131e-08 4.754e-07 2.32068e-06 8.13973e-06 2.26337e-05 5.21289e-05 0.000102131 0.000173854 0.000262124 0.000356287 0.000443371 0.000511514 0.00055231 0.000561803 0.000540556 0.000493167 0.000427482 0.000353546 0.000282329 0.00022427 0.000187748 0.00017748 0.000193548 0.000235578 0.000315896 0.000450349 0.000586977 0.000596005 0.00043403 0.000220959 7.90727e-05 2.05956e-05 4.23655e-06 7.80081e-07 1.39772e-07 2.36276e-08 3.44441e-09 3.82064e-10 2.2951e-11 0 
0 1.25337e-08 1.14784e-07 5.47381e-07 1.89273e-06 5.2477e-06 1.21984e-05 2.43897e-05 4.27158e-05 6.65277e-05 9.33731e-05 0.000119487 0.000140797 0.000153986 0.000157252 0.000150613 0.000135777 0.000115688 9.38795e-05 7.38024e-05 5.82678e-05 4.90969e-05 4.69326e-05 5.11066e-05 5.98395e-05 7.12801e-05 8.34233e-05 9.00527e-05 8.11939e-05 5.6219e-05 2.87084e-05 1.08438e-05 3.17151e-06 7.80081e-07 1.74464e-07 3.60995e-08 6.65002e-09 1.02608e-09 1.1914e-10 7.44932e-12 0 
0 2.77675e-09 2.46531e-08 1.14422e-07 3.87385e-07 1.05944e-06 2.44877e-06 4.9058e-06 8.66366e-06 1.36638e-05 1.94546e-05 2.52403e-05 3.00759e-05 3.31328e-05 3.39273e-05 3.24383e-05 2.90866e-05 2.46011e-05 1.98274e-05 1.5542e-05 1.23221e-05 1.04847e-05 1.00715e-05 1.08339e-05 1.22289e-05 1.35232e-05 1.39939e-05 1.3039e-05 1.04139e-05 6.77528e-06 3.48584e-06 1.42518e-06 4.80236e-07 1.39772e-07 3.60995e-08 8.24132e-09 1.62344e-09 2.64146e-10 3.21323e-11 2.09526e-12 0 
0 5.37419e-10 4.62434e-09 2.08603e-08 6.89363e-08 1.84991e-07 4.21934e-07 8.38718e-07 1.47677e-06 2.33081e-06 3.32914e-06 4.33746e-06 5.18967e-06 5.73497e-06 5.88235e-06 5.62559e-06 5.04089e-06 4.26112e-06 3.4384e-06 2.70882e-06 2.16879e-06 1.86513e-06 1.79345e-06 1.89776e-06 2.07261e-06 2.18295e-06 2.11202e-06 1.81605e-06 1.3507e-06 8.49056e-07 4.45412e-07 1.95664e-07 7.3118e-08 2.36276e-08 6.65002e-09 1.62344e-09 3.38234e-10 5.78754e-11 7.37435e-12 5.01827e-13 0 
0 8.70998e-11 7.26836e-10 3.18695e-09 1.02711e-08 2.69889e-08 6.05382e-08 1.18855e-07 2.07505e-07 3.25818e-07 4.64153e-07 6.04224e-07 7.23114e-07 7.99733e-07 8.21161e-07 7.86354e-07 7.05949e-07 5.98618e-07 4.85698e-07 3.86101e-07 3.12897e-07 2.71826e-07 2.61071e-07 2.71565e-07 2.88157e-07 2.93241e-07 2.73572e-07 2.27168e-07 1.6467e-07 1.02913e-07 5.51305e-08 2.53339e-08 1.00355e-08 3.44441e-09 1.02608e-09 2.64146e-10 5.78754e-11 1.03892e-11 1.38507e-12 9.83331e-14 0 
0 1.06759e-11 8.65052e-11 3.69025e-10 1.16033e-09 2.98454e-09 6.57665e-09 1.273e-08 2.19858e-08 3.42525e-08 4.8538e-08 6.29818e-08 7.5253e-08 8.31989e-08 8.54925e-08 8.20186e-08 7.3863e-08 6.29438e-08 5.14574e-08 4.13462e-08 3.39319e-08 2.97442e-08 2.84963e-08 2.91577e-08 3.01659e-08 2.9873e-08 2.72038e-08 2.21942e-08 1.59595e-08 1.00186e-08 5.46528e-09 2.58859e-09 1.06586e-09 3.82064e-10 1.1914e-10 3.21323e-11 7.37435e-12 1.38507e-12 1.92864e-13 1.427e-14 0 
0 7.07421e-13 5.57469e-12 2.31702e-11 7.11565e-11 1.79273e-10 3.88138e-10 7.40468e-10 1.26419e-09 1.95231e-09 2.74906e-09 3.55205e-09 4.23387e-09 4.677e-09 4.80885e-09 4.62296e-09 4.17876e-09 3.58169e-09 2.95288e-09 2.39942e-09 1.99322e-09 1.76057e-09 1.68101e-09 1.69376e-09 1.71363e-09 1.65838e-09 1.48159e-09 1.19396e-09 8.55433e-10 5.40224e-10 2.99348e-10 1.45278e-10 6.17271e-11 2.2951e-11 7.44932e-12 2.09526e-12 5.01827e-13 9.83331e-14 1.427e-14 1.09867e-15 0 
0 0 0 0 0 0 0 0 0 0 0 0 0 0 0 0 0 0 0 0 0 0 0 0 0 0 0 0 0 0 0 0 0 0 0 0 0 0 0 0 0 
