0 0 0 0 0 0 0 0 0 0 0 0 0 0 0 0 0 0 0 0 0 0 0 0 0 0 0 0 0 0 0 0 0 0 0 0 0 0 0 0 0 
0 9.03177e-08 8.25726e-07 3.82911e-06 1.25071e-05 3.18769e-05 6.67315e-05 0.000118913 0.00018571 0.000260439 0.000334472 0.000399349 0.000448232 0.00047663 0.000482589 0.000466565 0.000431123 0.000380498 0.000320071 0.000255736 0.000193198 0.000137243 9.11212e-05 5.61952e-05 3.20062e-05 1.67554e-05 8.0353e-06 3.5237e-06 1.41246e-06 5.17852e-07 1.73834e-07 5.3471e-08 1.50699e-08 3.88388e-09 9.10654e-10 1.92187e-10 3.57409e-11 5.60666e-12 6.69196e-13 4.33949e-14 0 
0 8.25726e-07 7.82703e-06 3.69594e-05 0.0001197 0.000293916 0.00057934 0.00096069 0.00139562 0.00183469 0.00223507 0.00256486 0.00280277 0.00293682 0.00296328 0.00288571 0.00271391 0.00246288 0.00215162 0.00180216 0.00143858 0.00108581 0.00076747 0.000502604 0.000301771 0.000164648 8.11492e-05 3.60452e-05 1.44425e-05 5.2361e-06 1.72434e-06 5.17573e-07 1.41879e-07 3.5506e-08 8.07949e-09 1.65522e-09 2.99051e-10 4.56276e-11 5.30411e-12 3.35483e-13 0 
0 3.82911e-06 3.69594e-05 0.00017201 0.000526368 0.00117927 0.00209269 0.00314962 0.00423401 0.00525909 0.00616092 0.00689051 0.00741204 0.00770382 0.00775929 0.00758665 0.00720718 0.00665233 0.00596016 0.00517183 0.00432883 0.0034719 0.00264187 0.00188126 0.00123275 0.000730324 0.000385427 0.000179684 7.39501e-05 2.70167e-05 8.83553e-06 2.60776e-06 6.98668e-07 1.70326e-07 3.77017e-08 7.51154e-09 1.32051e-09 1.96242e-10 2.22487e-11 1.3744e-12 0 
0 1.25071e-05 0.0001197 0.000526368 0.00145264 0.00289068 0.00464187 0.00651982 0.00839539 0.0101623 0.0117225 0.01299 0.0138984 0.0144068 0.0145021 0.0141983 0.0135337 0.0125656 0.0113631 0.0100009 0.00855163 0.00708079 0.00564323 0.00428479 0.00304963 0.0019891 0.00115817 0.000588382 0.000257749 9.75713e-05 3.23015e-05 9.49024e-06 2.50455e-06 5.97887e-07 1.29215e-07 2.51087e-08 4.30528e-09 6.24486e-10 6.91807e-11 4.18129e-12 0 
0 3.18769e-05 0.000293916 0.00117927 0.00289068 0.00521427 0.00788111 0.0107152 0.0135615 0.0162582 0.0186478 0.0205928 0.021988 0.0227689 0.0229143 0.0224461 0.0214236 0.0199358 0.018091 0.0160065 0.0137976 0.011569 0.00940714 0.00737636 0.00551968 0.00387032 0.00247258 0.00138996 0.000666868 0.000269519 9.24859e-05 2.74865e-05 7.21913e-06 1.69895e-06 3.60202e-07 6.85147e-08 1.14927e-08 1.6313e-09 1.76989e-10 1.04881e-11 0 
0 6.67315e-05 0.00057934 0.00209269 0.00464187 0.00788111 0.0115684 0.0155097 0.0194848 0.0232589 0.0266066 0.0293328 0.031289 0.0323837 0.0325873 0.0319302 0.030496 0.02841 0.0258249 0.0229062 0.0198176 0.0167085 0.0137043 0.0109001 0.00835677 0.00610419 0.00415722 0.00254926 0.0013478 0.000593457 0.000215869 6.60405e-05 1.74651e-05 4.08326e-06 8.53838e-07 1.59629e-07 2.62826e-08 3.66124e-09 3.90033e-10 2.27135e-11 0 
0 0.000118913 0.00096069 0.00314962 0.00651982 0.0107152 0.0155097 0.0206524 0.0258469 0.0307819 0.0351608 0.0387275 0.0412872 0.0427198 0.0429864 0.0421269 0.0402506 0.0375217 0.0341407 0.0303247 0.0262884 0.0222289 0.0183124 0.0146668 0.0113772 0.00848537 0.00599638 0.0039046 0.00224113 0.00107816 0.000421628 0.000134805 3.63107e-05 8.49948e-06 1.76255e-06 3.25241e-07 5.27461e-08 7.23292e-09 7.58621e-10 4.35218e-11 0 
0 0.00018571 0.00139562 0.00423401 0.00839539 0.0135615 0.0194848 0.0258469 0.0322763 0.038386 0.043808 0.0482253 0.0513968 0.0531737 0.0535053 0.0524404 0.0501161 0.0467372 0.0425516 0.0378281 0.0328332 0.0278114 0.0229697 0.0184684 0.0144164 0.0108705 0.0078392 0.00529647 0.00322619 0.00167596 0.00070623 0.000238174 6.59411e-05 1.55606e-05 3.21632e-06 5.88151e-07 9.4272e-08 1.27638e-08 1.32164e-09 7.48824e-11 0 
0 0.000260439 0.00183469 0.00525909 0.0101623 0.0162582 0.0232589 0.0307819 0.038386 0.0456127 0.0520276 0.057259 0.0610254 0.0631438 0.0635416 0.062273 0.05951 0.0555051 0.0505523 0.0449658 0.0390592 0.0331219 0.0273994 0.0220823 0.0173015 0.0131276 0.00957553 0.00661251 0.00418955 0.00230871 0.00104026 0.000370691 0.000106038 2.53528e-05 5.24498e-06 9.53827e-07 1.51579e-07 2.03218e-08 2.08296e-09 1.16843e-10 0 
0 0.000334472 0.00223507 0.00616092 0.0117225 0.0186478 0.0266066 0.0351608 0.043808 0.0520276 0.0593306 0.0653028 0.0696174 0.0720475 0.0725062 0.071056 0.0678909 0.0633109 0.0576654 0.0513095 0.0445929 0.0378421 0.0313367 0.0252941 0.019864 0.0151292 0.0111102 0.00777266 0.00504929 0.00290139 0.00137984 0.000517005 0.000152897 3.71317e-05 7.71064e-06 1.39846e-06 2.20952e-07 2.94108e-08 2.99168e-09 1.66549e-10 0 
0 0.000399349 0.00256486 0.00689051 0.01299 0.0205928 0.0293328 0.0387275 0.0482253 0.057259 0.0653028 0.0718868 0.076603 0.0792158 0.0797083 0.0781666 0.0747383 0.0697071 0.0634839 0.0564908 0.0491115 0.0416971 0.0345528 0.0279178 0.0219572 0.0167632 0.0123608 0.00871551 0.00575032 0.00339797 0.00168168 0.000656425 0.000199988 4.93269e-05 1.02962e-05 1.86626e-06 2.93845e-07 3.89286e-08 3.93926e-09 2.18152e-10 0 
0 0.000448232 0.00280277 0.00741204 0.0138984 0.021988 0.031289 0.0412872 0.0513968 0.0610254 0.0696174 0.076603 0.0814879 0.0841217 0.0846173 0.0830854 0.0795913 0.0743183 0.0676919 0.0602297 0.0523692 0.044477 0.0368731 0.0298115 0.0234687 0.0179435 0.0132639 0.00939569 0.00625678 0.00376245 0.00191242 0.00076894 0.00023976 5.99177e-05 1.25731e-05 2.28071e-06 3.58565e-07 4.73833e-08 4.78091e-09 2.63986e-10 0 
0 0.00047663 0.00293682 0.00770382 0.0144068 0.0227689 0.0323837 0.0427198 0.0531737 0.0631438 0.0720475 0.0792158 0.0841217 0.0867217 0.0872129 0.0857163 0.0822493 0.0769055 0.0700767 0.0623477 0.0542132 0.0460521 0.0381896 0.0308877 0.0243292 0.0186169 0.0137804 0.00978588 0.00654883 0.00397568 0.00205172 0.000839813 0.00026579 6.70362e-05 1.41295e-05 2.56721e-06 4.037e-07 5.3327e-08 5.3775e-09 2.96767e-10 0 
0 0.000482589 0.00296328 0.00775929 0.0145021 0.0229143 0.0325873 0.0429864 0.0535053 0.0635416 0.0725062 0.0797083 0.0846173 0.0872129 0.0877064 0.0862208 0.0827661 0.0774177 0.0705559 0.0627777 0.0545915 0.0463793 0.0384669 0.031118 0.0245167 0.0187668 0.0138987 0.00987855 0.00662174 0.00403254 0.00209184 0.000861856 0.000274452 6.95424e-05 1.47049e-05 2.67805e-06 4.21959e-07 5.58438e-08 5.64238e-09 3.12062e-10 0 
0 0.000466565 0.00288571 0.00758665 0.0141983 0.0224461 0.0319302 0.0421269 0.0524404 0.062273 0.071056 0.0781666 0.0830854 0.0857163 0.0862208 0.0847174 0.0812434 0.0759307 0.0691883 0.0615725 0.053552 0.0455 0.0377399 0.0305312 0.0240548 0.0184125 0.013634 0.00968604 0.00648541 0.00394017 0.00203638 0.000835891 0.000265678 6.73541e-05 1.42757e-05 2.60893e-06 4.12788e-07 5.48872e-08 5.57437e-09 3.10032e-10 0 
0 0.000431123 0.00271391 0.00720718 0.0135337 0.0214236 0.030496 0.0402506 0.0501161 0.05951 0.0678909 0.0747383 0.0795913 0.0822493 0.0827661 0.0812434 0.0777822 0.072613 0.0661591 0.0588948 0.0512318 0.0435307 0.0361063 0.0292079 0.0230084 0.0176052 0.0130264 0.00923911 0.00616339 0.00371696 0.00189913 0.000770101 0.000242825 6.14446e-05 1.30609e-05 2.4009e-06 3.82768e-07 5.13424e-08 5.26466e-09 2.95834e-10 0 
0 0.000380498 0.00246288 0.00665233 0.0125656 0.0199358 0.02841 0.0375217 0.0467372 0.0555051 0.0633109 0.0697071 0.0743183 0.0769055 0.0774177 0.0759307 0.072613 0.0677575 0.0617505 0.0549866 0.0478375 0.0406471 0.0337132 0.0272687 0.021475 0.0164225 0.0121364 0.00858427 0.0056918 0.00339223 0.00170324 0.000678744 0.000211851 5.35635e-05 1.1458e-05 2.12892e-06 3.43944e-07 4.68251e-08 4.87817e-09 2.78664e-10 0 
0 0.000320071 0.00215162 0.00596016 0.0113631 0.018091 0.0258249 0.0341407 0.0425516 0.0505523 0.0576654 0.0634839 0.0676919 0.0700767 0.0705559 0.0691883 0.0661591 0.0617505 0.0562943 0.0501366 0.0436204 0.0370643 0.0307409 0.0248622 0.0195747 0.0149601 0.0110394 0.00778096 0.00511871 0.00300667 0.00148058 0.0005804 0.000180143 4.58313e-05 9.9481e-06 1.88453e-06 3.11173e-07 4.33423e-08 4.62022e-09 2.69911e-10 0 
0 0.000255736 0.00180216 0.00517183 0.0100009 0.0160065 0.0229062 0.0303247 0.0378281 0.0449658 0.0513095 0.0564908 0.0602297 0.0623477 0.0627777 0.0615725 0.0588948 0.0549866 0.0501366 0.0446557 0.0388536 0.0330159 0.0273851 0.0221497 0.017439 0.0133241 0.00982106 0.00689951 0.00450503 0.00261372 0.00127075 0.000496009 0.000155429 4.03983e-05 9.01816e-06 1.76116e-06 2.99722e-07 4.29547e-08 4.69931e-09 2.80907e-10 0 
0 0.000193198 0.00143858 0.00432883 0.00855163 0.0137976 0.0198176 0.0262884 0.0328332 0.0390592 0.0445929 0.0491115 0.0523692 0.0542132 0.0545915 0.053552 0.0512318 0.0478375 0.0436204 0.0388536 0.0338084 0.0287337 0.0238405 0.0192921 0.0151998 0.0116228 0.00857243 0.00602095 0.003927 0.0022803 0.00111912 0.000447156 0.000145195 3.93084e-05 9.12924e-06 1.8464e-06 3.23564e-07 4.74724e-08 5.28831e-09 3.2035e-10 0 
0 0.000137243 0.00108581 0.0034719 0.00708079 0.011569 0.0167085 0.0222289 0.0278114 0.0331219 0.0378421 0.0416971 0.044477 0.0460521 0.0463793 0.0455 0.0435307 0.0406471 0.0370643 0.0330159 0.0287337 0.0244302 0.0202853 0.0164375 0.01298 0.00996162 0.00739028 0.00524184 0.00347917 0.00208351 0.00107251 0.000454877 0.000156729 4.45494e-05 1.07137e-05 2.21619e-06 3.93425e-07 5.8065e-08 6.47386e-09 3.91085e-10 0 
0 9.11212e-05 0.00076747 0.00264187 0.00564323 0.00940714 0.0137043 0.0183124 0.0229697 0.0273994 0.0313367 0.0345528 0.0368731 0.0381896 0.0384669 0.0377399 0.0361063 0.0337132 0.0307409 0.0273851 0.0238405 0.0202853 0.0168704 0.0137119 0.0108901 0.00845194 0.00640787 0.00471803 0.00330526 0.00211896 0.00117956 0.000540428 0.000197606 5.80803e-05 1.41301e-05 2.91613e-06 5.12532e-07 7.45929e-08 8.18549e-09 4.86338e-10 0 
0 5.61952e-05 0.000502604 0.00188126 0.00428479 0.00737636 0.0109001 0.0146668 0.0184684 0.0220823 0.0252941 0.0279178 0.0298115 0.0308877 0.031118 0.0305312 0.0292079 0.0272687 0.0248622 0.0221497 0.0192921 0.0164375 0.0137119 0.0112182 0.009049 0.00730216 0.00601871 0.00502945 0.00399229 0.0027738 0.00160762 0.000756839 0.000281208 8.21823e-05 1.95436e-05 3.91882e-06 6.69024e-07 9.46966e-08 1.01234e-08 5.87059e-10 0 
0 3.20062e-05 0.000301771 0.00123275 0.00304963 0.00551968 0.00835677 0.0113772 0.0144164 0.0173015 0.019864 0.0219572 0.0234687 0.0243292 0.0245167 0.0240548 0.0230084 0.021475 0.0195747 0.017439 0.0151998 0.01298 0.0108901 0.009049 0.00767075 0.00716152 0.00781654 0.00887586 0.00855898 0.00623347 0.00335293 0.00138663 0.00046031 0.000122903 2.69922e-05 5.08392e-06 8.29222e-07 1.13285e-07 1.17527e-08 6.63843e-10 0 
0 1.67554e-05 0.000164648 0.000730324 0.0019891 0.00387032 0.00610419 0.00848537 0.0108705 0.0131276 0.0151292 0.0167632 0.0179435 0.0186169 0.0187668 0.0184125 0.0176052 0.0164225 0.0149601 0.0133241 0.0116228 0.00996162 0.00845194 0.00730216 0.00716152 0.00959594 0.0158909 0.0232023 0.0248068 0.0182999 0.00925477 0.00329559 0.000891208 0.000196612 3.68001e-05 6.17903e-06 9.41908e-07 1.23578e-07 1.24497e-08 6.86344e-10 0 
0 8.0353e-06 8.11492e-05 0.000385427 0.00115817 0.00247258 0.00415722 0.00599638 0.0078392 0.00957553 0.0111102 0.0123608 0.0132639 0.0137804 0.0138987 0.013634 0.0130264 0.0121364 0.0110394 0.00982106 0.00857243 0.00739028 0.00640787 0.00601871 0.00781654 0.0158909 0.0334823 0.0559164 0.0639493 0.0436926 0.0215644 0.00725036 0.00172236 0.000315795 4.85397e-05 6.91351e-06 9.58144e-07 1.20159e-07 1.17977e-08 6.37975e-10 0 
0 3.5237e-06 3.60452e-05 0.000179684 0.000588382 0.00138996 0.00254926 0.0039046 0.00529647 0.00661251 0.00777266 0.00871551 0.00939569 0.00978588 0.00987855 0.00968604 0.00923911 0.00858427 0.00778096 0.00689951 0.00602095 0.00524184 0.00471803 0.00502945 0.00887586 0.0232023 0.0559164 0.0850365 0.0886623 0.0747951 0.035711 0.0116918 0.0026398 0.000434594 5.71507e-05 6.8877e-06 8.55206e-07 1.02405e-07 9.86122e-09 5.26851e-10 0 
0 1.41246e-06 1.44425e-05 7.39501e-05 0.000257749 0.000666868 0.0013478 0.00224113 0.00322619 0.00418955 0.00504929 0.00575032 0.00625678 0.00654883 0.00662174 0.00648541 0.00616339 0.0056918 0.00511871 0.00450503 0.003927 0.00347917 0.00330526 0.00399229 0.00855898 0.0248068 0.0639493 0.0886623 0.0915148 0.081891 0.0409103 0.012891 0.00286141 0.000449092 5.39337e-05 5.76397e-06 6.53189e-07 7.54728e-08 7.19918e-09 3.83386e-10 0 
0 5.17852e-07 5.2361e-06 2.70167e-05 9.75713e-05 0.000269519 0.000593457 0.00107816 0.00167596 0.00230871 0.00290139 0.00339797 0.00376245 0.00397568 0.00403254 0.00394017 0.00371696 0.00339223 0.00300667 0.00261372 0.0022803 0.00208351 0.00211896 0.0027738 0.00623347 0.0182999 0.0436926 0.0747951 0.081891 0.0606749 0.0290514 0.00954728 0.00211334 0.000326775 3.77642e-05 3.82151e-06 4.15982e-07 4.76155e-08 4.56231e-09 2.4458e-10 0 
0 1.73834e-07 1.72434e-06 8.83553e-06 3.23015e-05 9.24859e-05 0.000215869 0.000421628 0.00070623 0.00104026 0.00137984 0.00168168 0.00191242 0.00205172 0.00209184 0.00203638 0.00189913 0.00170324 0.00148058 0.00127075 0.00111912 0.00107251 0.00117956 0.00160762 0.00335293 0.00925477 0.0215644 0.035711 0.0409103 0.0290514 0.0143474 0.00472996 0.00105407 0.000163737 1.89618e-05 1.94611e-06 2.17824e-07 2.56008e-08 2.50326e-09 1.36438e-10 0 
0 5.3471e-08 5.17573e-07 2.60776e-06 9.49024e-06 2.74865e-05 6.60405e-05 0.000134805 0.000238174 0.000370691 0.000517005 0.000656425 0.00076894 0.000839813 0.000861856 0.000835891 0.000770101 0.000678744 0.0005804 0.000496009 0.000447156 0.000454877 0.000540428 0.000756839 0.00138663 0.00329559 0.00725036 0.0116918 0.012891 0.00954728 0.00472996 0.00157325 0.00035619 5.65412e-05 6.84987e-06 7.67547e-07 9.44329e-08 1.17618e-08 1.18974e-09 6.65133e-11 0 
0 1.50699e-08 1.41879e-07 6.98668e-07 2.50455e-06 7.21913e-06 1.74651e-05 3.63107e-05 6.59411e-05 0.000106038 0.000152897 0.000199988 0.00023976 0.00026579 0.000274452 0.000265678 0.000242825 0.000211851 0.000180143 0.000155429 0.000145195 0.000156729 0.000197606 0.000281208 0.00046031 0.000891208 0.00172236 0.0026398 0.00286141 0.00211334 0.00105407 0.00035619 8.27386e-05 1.38047e-05 1.86057e-06 2.4564e-07 3.46958e-08 4.65149e-09 4.90891e-10 2.83463e-11 0 
0 3.88388e-09 3.5506e-08 1.70326e-07 5.97887e-07 1.69895e-06 4.08326e-06 8.49948e-06 1.55606e-05 2.53528e-05 3.71317e-05 4.93269e-05 5.99177e-05 6.70362e-05 6.95424e-05 6.73541e-05 6.14446e-05 5.35635e-05 4.58313e-05 4.03983e-05 3.93084e-05 4.45494e-05 5.80803e-05 8.21823e-05 0.000122903 0.000196612 0.000315795 0.000434594 0.000449092 0.000326775 0.000163737 5.65412e-05 1.38047e-05 2.56341e-06 4.16902e-07 6.80798e-08 1.10623e-08 1.59423e-09 1.76189e-10 1.0561e-11 0 
0 9.10654e-10 8.07949e-09 3.77017e-08 1.29215e-07 3.60202e-07 8.53838e-07 1.76255e-06 3.21632e-06 5.24498e-06 7.71064e-06 1.02962e-05 1.25731e-05 1.41295e-05 1.47049e-05 1.42757e-05 1.30609e-05 1.1458e-05 9.9481e-06 9.01816e-06 9.12924e-06 1.07137e-05 1.41301e-05 1.95436e-05 2.69922e-05 3.68001e-05 4.85397e-05 5.71507e-05 5.39337e-05 3.77642e-05 1.89618e-05 6.84987e-06 1.86057e-06 4.16902e-07 8.60265e-08 1.70409e-08 3.09048e-09 4.74566e-10 5.49854e-11 3.43243e-12 0 
0 1.92187e-10 1.65522e-09 7.51154e-09 2.51087e-08 6.85147e-08 1.59629e-07 3.25241e-07 5.88151e-07 9.53827e-07 1.39846e-06 1.86626e-06 2.28071e-06 2.56721e-06 2.67805e-06 2.60893e-06 2.4009e-06 2.12892e-06 1.88453e-06 1.76116e-06 1.8464e-06 2.21619e-06 2.91613e-06 3.91882e-06 5.08392e-06 6.17903e-06 6.91351e-06 6.8877e-06 5.76397e-06 3.82151e-06 1.94611e-06 7.67547e-07 2.4564e-07 6.80798e-08 1.70409e-08 3.83661e-09 7.52062e-10 1.22124e-10 1.48362e-11 9.66243e-13 0 
0 3.57409e-11 2.99051e-10 1.32051e-09 4.30528e-09 1.14927e-08 2.62826e-08 5.27461e-08 9.4272e-08 1.51579e-07 2.20952e-07 2.93845e-07 3.58565e-07 4.037e-07 4.21959e-07 4.12788e-07 3.82768e-07 3.43944e-07 3.11173e-07 2.99722e-07 3.23564e-07 3.93425e-07 5.12532e-07 6.69024e-07 8.29222e-07 9.41908e-07 9.58144e-07 8.55206e-07 6.53189e-07 4.15982e-07 2.17824e-07 9.44329e-08 3.46958e-08 1.10623e-08 3.09048e-09 7.52062e-10 1.56471e-10 2.67494e-11 3.4054e-12 2.31529e-13 0 
0 5.60666e-12 4.56276e-11 1.96242e-10 6.24486e-10 1.6313e-09 3.66124e-09 7.23292e-09 1.27638e-08 2.03218e-08 2.94108e-08 3.89286e-08 4.73833e-08 5.3327e-08 5.58438e-08 5.48872e-08 5.13424e-08 4.68251e-08 4.33423e-08 4.29547e-08 4.74724e-08 5.8065e-08 7.45929e-08 9.46966e-08 1.13285e-07 1.23578e-07 1.20159e-07 1.02405e-07 7.54728e-08 4.76155e-08 2.56008e-08 1.17618e-08 4.65149e-09 1.59423e-09 4.74566e-10 1.22124e-10 2.67494e-11 4.79981e-12 6.39558e-13 4.53764e-14 0 
0 6.69196e-13 5.30411e-12 2.22487e-11 6.91807e-11 1.76989e-10 3.90033e-10 7.58621e-10 1.32164e-09 2.08296e-09 2.99168e-09 3.93926e-09 4.78091e-09 5.3775e-09 5.64238e-09 5.57437e-09 5.26466e-09 4.87817e-09 4.62022e-09 4.69931e-09 5.28831e-09 6.47386e-09 8.18549e-09 1.01234e-08 1.17527e-08 1.24497e-08 1.17977e-08 9.86122e-09 7.19918e-09 4.56231e-09 2.50326e-09 1.18974e-09 4.90891e-10 1.76189e-10 5.49854e-11 1.48362e-11 3.4054e-12 6.39558e-13 8.90319e-14 6.58477e-15 0 
0 4.33949e-14 3.35483e-13 1.3744e-12 4.18129e-12 1.04881e-11 2.27135e-11 4.35218e-11 7.48824e-11 1.16843e-10 1.66549e-10 2.18152e-10 2.63986e-10 2.96767e-10 3.12062e-10 3.10032e-10 2.95834e-10 2.78664e-10 2.69911e-10 2.80907e-10 3.2035e-10 3.91085e-10 4.86338e-10 5.87059e-10 6.63843e-10 6.86344e-10 6.37975e-10 5.26851e-10 3.83386e-10 2.4458e-10 1.36438e-10 6.65133e-11 2.83463e-11 1.0561e-11 3.43243e-12 9.66243e-13 2.31529e-13 4.53764e-14 6.58477e-15 5.06873e-16 0 
0 0 0 0 0 0 0 0 0 0 0 0 0 0 0 0 0 0 0 0 0 0 0 0 0 0 0 0 0 0 0 0 0 0 0 0 0 0 0 0 0 
