0 0 0 0 0 0 0 0 0 0 0 0 0 0 0 0 0 0 0 0 0 0 0 0 0 0 0 0 0 0 0 0 0 0 0 0 0 0 0 0 0 
0 2.46085e-12 2.34856e-11 1.18634e-10 4.43109e-10 1.35444e-09 3.53663e-09 8.05912e-09 1.62185e-08 2.90338e-08 4.64604e-08 6.6702e-08 8.6176e-08 1.00459e-07 1.05929e-07 1.01267e-07 8.79595e-08 6.95623e-08 5.01925e-08 3.31126e-08 2.0017e-08 1.11142e-08 5.6822e-09 2.68199e-09 1.17187e-09 4.75284e-10 1.79398e-10 6.31697e-11 2.0793e-11 6.40772e-12 1.85022e-12 5.00488e-13 1.26624e-13 2.98526e-14 6.51274e-15 1.29846e-15 2.3123e-16 3.51577e-17 4.11222e-18 2.63992e-19 0 
0 2.34856e-11 2.32508e-10 1.21852e-09 4.71831e-09 1.49269e-08 4.02422e-08 9.43887e-08 1.94814e-07 3.56265e-07 5.80003e-07 8.43693e-07 1.10006e-06 1.2894e-06 1.36231e-06 1.30065e-06 1.12472e-06 8.82806e-07 6.30288e-07 4.1021e-07 2.43936e-07 1.32876e-07 6.64853e-08 3.06476e-08 1.30557e-08 5.1558e-09 1.89317e-09 6.48183e-10 2.07428e-10 6.21595e-11 1.74623e-11 4.59917e-12 1.13407e-12 2.60887e-13 5.56114e-14 1.08494e-14 1.89373e-15 2.82733e-16 3.25377e-17 2.05982e-18 0 
0 1.18634e-10 1.21852e-09 6.62744e-09 2.66124e-08 8.71546e-08 2.42592e-07 5.85488e-07 1.2385e-06 2.31128e-06 3.82303e-06 5.62647e-06 7.39421e-06 8.70655e-06 9.21427e-06 8.78904e-06 7.57392e-06 5.90878e-06 4.18129e-06 2.68923e-06 1.57556e-06 8.4308e-07 4.13271e-07 1.86199e-07 7.73789e-08 2.97667e-08 1.06369e-08 3.54232e-09 1.10249e-09 3.21403e-10 8.78897e-11 2.25524e-11 5.42398e-12 1.21867e-12 2.5411e-13 4.85789e-14 8.32508e-15 1.223e-15 1.38831e-16 8.69354e-18 0 
0 4.43109e-10 4.71831e-09 2.66124e-08 1.1072e-07 3.74958e-07 1.076e-06 2.66688e-06 5.7669e-06 1.09477e-05 1.83319e-05 2.71971e-05 3.59103e-05 4.23851e-05 4.48977e-05 4.28192e-05 3.68525e-05 2.86687e-05 2.01843e-05 1.28788e-05 7.46095e-06 3.93421e-06 1.8943e-06 8.35961e-07 3.39494e-07 1.27407e-07 4.4364e-08 1.43875e-08 4.36005e-09 1.23796e-09 3.29924e-10 8.25868e-11 1.94011e-11 4.26426e-12 8.71375e-13 1.63586e-13 2.75943e-14 4.00092e-15 4.49644e-16 2.79747e-17 0 
0 1.35444e-09 1.49269e-08 8.71546e-08 3.74958e-07 1.30995e-06 3.86392e-06 9.79659e-06 2.15471e-05 4.13531e-05 6.9614e-05 0.000103386 0.000136328 0.000160636 0.000170062 0.000162384 0.000140129 0.000109342 7.71264e-05 4.91708e-05 2.83533e-05 1.48169e-05 7.04015e-06 3.0544e-06 1.21583e-06 4.46247e-07 1.51746e-07 4.80205e-08 1.41966e-08 3.93334e-09 1.0236e-09 2.50464e-10 5.75959e-11 1.24137e-11 2.49265e-12 4.60973e-13 7.68221e-14 1.10418e-14 1.23503e-15 7.68167e-17 0 
0 3.53663e-09 4.02422e-08 2.42592e-07 1.076e-06 3.86392e-06 1.16605e-05 3.00551e-05 6.66903e-05 0.000128104 0.000214392 0.000315275 0.000411431 0.000481083 0.00050792 0.000486469 0.000423273 0.000334138 0.00023862 0.000153693 8.91352e-05 4.6577e-05 2.19967e-05 9.43501e-06 3.6974e-06 1.33195e-06 4.43678e-07 1.37386e-07 3.97288e-08 1.07693e-08 2.74395e-09 6.58164e-10 1.48605e-10 3.15134e-11 6.24203e-12 1.14224e-12 1.8906e-13 2.71074e-14 3.03973e-15 1.90593e-16 0 
0 8.05912e-09 9.43887e-08 5.85488e-07 2.66688e-06 9.79659e-06 3.00551e-05 7.80766e-05 0.00017281 0.000327764 0.000537662 0.000772966 0.000988605 0.0011403 0.00119814 0.001153 0.001017 0.000819492 0.000599557 0.000395461 0.000233836 0.000123683 5.86392e-05 2.50589e-05 9.72474e-06 3.45446e-06 1.13161e-06 3.44091e-07 9.76598e-08 2.59881e-08 6.50602e-09 1.53549e-09 3.41816e-10 7.16543e-11 1.40765e-11 2.56511e-12 4.24846e-13 6.12944e-14 6.9582e-15 4.44346e-16 0 
0 1.62185e-08 1.94814e-07 1.2385e-06 5.7669e-06 2.15471e-05 6.66903e-05 0.00017281 0.000376595 0.000695405 0.00110399 0.00153712 0.00191585 0.00217396 0.00227147 0.00219779 0.00196984 0.00162809 0.00123023 0.000840466 0.000513544 0.000278695 0.000134234 5.76941e-05 2.23332e-05 7.86713e-06 2.54637e-06 7.63593e-07 2.13595e-07 5.60373e-08 1.38464e-08 3.23153e-09 7.13265e-10 1.48773e-10 2.92091e-11 5.34813e-12 8.95522e-13 1.31486e-13 1.52874e-14 1.00506e-15 0 
0 2.90338e-08 3.56265e-07 2.31128e-06 1.09477e-05 4.13531e-05 0.000128104 0.000327764 0.000695405 0.00123804 0.00189097 0.00254561 0.00309496 0.00346035 0.00359824 0.00349869 0.00318184 0.00269411 0.00210398 0.00149506 0.000951759 0.000535759 0.000265142 0.000115761 4.50554e-05 1.58395e-05 5.09318e-06 1.51383e-06 4.19451e-07 1.09073e-07 2.67585e-08 6.21715e-09 1.37129e-09 2.87217e-10 5.69642e-11 1.06081e-11 1.81948e-12 2.75423e-13 3.31715e-14 2.26366e-15 0 
0 4.64604e-08 5.80003e-07 3.82303e-06 1.83319e-05 6.9614e-05 0.000214392 0.000537662 0.00110399 0.00189097 0.00278553 0.00364421 0.00434519 0.00480545 0.00498074 0.00486205 0.00447178 0.0038597 0.00309905 0.00228262 0.00151444 0.000888443 0.000455248 0.000203603 8.02875e-05 2.83554e-05 9.11203e-06 2.70015e-06 7.45677e-07 1.93518e-07 4.75101e-08 1.10921e-08 2.47178e-09 5.26561e-10 1.07016e-10 2.05755e-11 3.66659e-12 5.78855e-13 7.27356e-14 5.162e-15 0 
0 6.6702e-08 8.43693e-07 5.62647e-06 2.71971e-05 0.000103386 0.000315275 0.000772966 0.00153712 0.00254561 0.00364421 0.0046697 0.00549472 0.00603449 0.0062438 0.00611383 0.0056687 0.00496092 0.00406653 0.00308164 0.00211863 0.00129268 0.000687324 0.000316466 0.000127206 4.54165e-05 1.46795e-05 4.36686e-06 1.2114e-06 3.16651e-07 7.86544e-08 1.86943e-08 4.27306e-09 9.41419e-10 1.99408e-10 4.01852e-11 7.52259e-12 1.24518e-12 1.63118e-13 1.19703e-14 0 
0 8.6176e-08 1.10006e-06 7.39421e-06 3.59103e-05 0.000136328 0.000411431 0.000988605 0.00191585 0.00309496 0.00434519 0.00549472 0.00641423 0.00701728 0.00725699 0.007124 0.0066435 0.00587013 0.00488213 0.00377689 0.00266884 0.00168281 0.000925843 0.000439326 0.000180708 6.55943e-05 2.14757e-05 6.46863e-06 1.82147e-06 4.85706e-07 1.23954e-07 3.05301e-08 7.29698e-09 1.69397e-09 3.79773e-10 8.09963e-11 1.59693e-11 2.76044e-12 3.73733e-13 2.80459e-14 0 
0 1.00459e-07 1.2894e-06 8.70655e-06 4.23851e-05 0.000160636 0.000481083 0.0011403 0.00217396 0.00346035 0.00480545 0.00603449 0.00701728 0.00766577 0.00793136 0.00780376 0.0073083 0.00650062 0.00546008 0.00428432 0.00308719 0.00199585 0.00112971 0.000551377 0.000232567 8.63009e-05 2.88645e-05 8.90398e-06 2.58231e-06 7.15111e-07 1.91413e-07 4.99325e-08 1.2732e-08 3.16132e-09 7.55641e-10 1.70406e-10 3.51188e-11 6.26663e-12 8.65534e-13 6.559e-14 0 
0 1.05929e-07 1.36231e-06 9.21427e-06 4.48977e-05 0.000170062 0.00050792 0.00119814 0.00227147 0.00359824 0.00498074 0.0062438 0.00725699 0.00793136 0.00821713 0.00810294 0.00761328 0.00680324 0.00575161 0.00455495 0.00332512 0.00218779 0.00126593 0.000633577 0.000274509 0.000104839 3.62349e-05 1.16327e-05 3.54624e-06 1.04421e-06 3.00332e-07 8.47257e-08 2.33612e-08 6.22889e-09 1.57958e-09 3.72474e-10 7.91153e-11 1.43646e-11 1.99752e-12 1.5115e-13 0 
0 1.01267e-07 1.30065e-06 8.78904e-06 4.28192e-05 0.000162384 0.000486469 0.001153 0.00219779 0.00349869 0.00486205 0.00611383 0.007124 0.00780376 0.00810294 0.00800911 0.00754507 0.00676374 0.00574145 0.00457203 0.00336407 0.00223932 0.0013178 0.000675087 0.000301575 0.000119765 4.35005e-05 1.48661e-05 4.89102e-06 1.57209e-06 4.96136e-07 1.53062e-07 4.56379e-08 1.29492e-08 3.43406e-09 8.33218e-10 1.79622e-10 3.27403e-11 4.53267e-12 3.39377e-13 0 
0 8.79595e-08 1.12472e-06 7.57392e-06 3.68525e-05 0.000140129 0.000423273 0.001017 0.00196984 0.00318184 0.00447178 0.0056687 0.0066435 0.0073083 0.00761328 0.00754507 0.0071241 0.00639978 0.0054443 0.00434714 0.00321221 0.002155 0.00128683 0.000676088 0.000314131 0.000131915 5.15847e-05 1.9313e-05 7.05122e-06 2.52496e-06 8.8163e-07 2.96249e-07 9.43035e-08 2.79947e-08 7.62938e-09 1.87462e-09 4.04605e-10 7.32096e-11 9.99948e-12 7.35501e-13 0 
0 6.95623e-08 8.82806e-07 5.90878e-06 2.86687e-05 0.000109342 0.000334138 0.000819492 0.00162809 0.00269411 0.0038597 0.00496092 0.00587013 0.00650062 0.00680324 0.00676374 0.00639978 0.00575638 0.00490044 0.00391584 0.00290014 0.00195932 0.00119016 0.000646784 0.000317855 0.000144746 6.28226e-05 2.65232e-05 1.09578e-05 4.39554e-06 1.68545e-06 6.07323e-07 2.02585e-07 6.17787e-08 1.70219e-08 4.1772e-09 8.92399e-10 1.58814e-10 2.12433e-11 1.52605e-12 0 
0 5.01925e-08 6.30288e-07 4.18129e-06 2.01843e-05 7.71264e-05 0.00023862 0.000599557 0.00123023 0.00210398 0.00309905 0.00406653 0.00488213 0.00546008 0.00575161 0.00574145 0.0054443 0.00490044 0.00417095 0.00333307 0.00247571 0.00169088 0.00105496 0.000603637 0.000322123 0.000164177 8.14472e-05 3.9504e-05 1.85324e-05 8.24912e-06 3.41554e-06 1.29463e-06 4.44187e-07 1.36848e-07 3.75789e-08 9.10071e-09 1.90566e-09 3.30938e-10 4.30831e-11 3.0082e-12 0 
0 3.31126e-08 4.1021e-07 2.68923e-06 1.28788e-05 4.91708e-05 0.000153693 0.000395461 0.000840466 0.00149506 0.00228262 0.00308164 0.00377689 0.00428432 0.00455495 0.00457203 0.00434714 0.00391584 0.00333307 0.00266808 0.00199764 0.00139462 0.000911139 0.000564378 0.000337869 0.000198494 0.000114563 6.39911e-05 3.37582e-05 1.64058e-05 7.20148e-06 2.8196e-06 9.78346e-07 2.9996e-07 8.10357e-08 1.91593e-08 3.8982e-09 6.56088e-10 8.26932e-11 5.5902e-12 0 
0 2.0017e-08 2.43936e-07 1.57556e-06 7.46095e-06 2.83533e-05 8.91352e-05 0.000233836 0.000513544 0.000951759 0.00151444 0.00211863 0.00266884 0.00308719 0.00332512 0.00336407 0.00321221 0.00290014 0.00247571 0.00199764 0.00152637 0.00111218 0.000783627 0.000543539 0.000375962 0.000258868 0.000174114 0.000111019 6.49777e-05 3.39587e-05 1.55519e-05 6.18603e-06 2.13565e-06 6.42064e-07 1.68527e-07 3.85103e-08 7.55413e-09 1.22499e-09 1.4885e-10 9.71381e-12 0 
0 1.11142e-08 1.32876e-07 8.4308e-07 3.93421e-06 1.48169e-05 4.6577e-05 0.000123683 0.000278695 0.000535759 0.000888443 0.00129268 0.00168281 0.00199585 0.00218779 0.00223932 0.002155 0.00195932 0.00169088 0.00139462 0.00111218 0.000872586 0.000686908 0.000549803 0.000446441 0.000360521 0.000280382 0.000202322 0.000130502 7.28248e-05 3.43932e-05 1.36569e-05 4.59492e-06 1.32862e-06 3.33775e-07 7.29502e-08 1.36993e-08 2.13038e-09 2.48808e-10 1.56466e-11 0 
0 5.6822e-09 6.64853e-08 4.13271e-07 1.8943e-06 7.04015e-06 2.19967e-05 5.86392e-05 0.000134234 0.000265142 0.000455248 0.000687324 0.000925843 0.00112971 0.00126593 0.0013178 0.00128683 0.00119016 0.00105496 0.000911139 0.000783627 0.000686908 0.000623354 0.000585164 0.000557962 0.000525008 0.000471732 0.000389728 0.000282377 0.000170561 8.27741e-05 3.20013e-05 1.00751e-05 2.68604e-06 6.26122e-07 1.28658e-07 2.29453e-08 3.40953e-09 3.8214e-10 2.31487e-11 0 
0 2.68199e-09 3.06476e-08 1.86199e-07 8.35961e-07 3.0544e-06 9.43501e-06 2.50589e-05 5.76941e-05 0.000115761 0.000203603 0.000316466 0.000439326 0.000551377 0.000633577 0.000675087 0.000676088 0.000646784 0.000603637 0.000564378 0.000543539 0.000549803 0.000585164 0.000644879 0.000718844 0.00079588 0.000859373 0.000861882 0.000736583 0.000493067 0.000245699 9.01109e-05 2.50719e-05 5.6809e-06 1.13935e-06 2.10566e-07 3.50675e-08 4.95856e-09 5.33321e-10 3.1159e-11 0 
0 1.17187e-09 1.30557e-08 7.73789e-08 3.39494e-07 1.21583e-06 3.6974e-06 9.72474e-06 2.23332e-05 4.50554e-05 8.02875e-05 0.000127206 0.000180708 0.000232567 0.000274509 0.000301575 0.000314131 0.000317855 0.000322123 0.000337869 0.000375962 0.000446441 0.000557962 0.000718844 0.000950737 0.00131623 0.00186124 0.00237199 0.00236721 0.00170477 0.000857335 0.000299103 7.36963e-05 1.3646e-05 2.1461e-06 3.26006e-07 4.85932e-08 6.47477e-09 6.68794e-10 3.77971e-11 0 
0 4.75284e-10 5.1558e-09 2.97667e-08 1.27407e-07 4.46247e-07 1.33195e-06 3.45446e-06 7.86713e-06 1.58395e-05 2.83554e-05 4.54165e-05 6.55943e-05 8.63009e-05 0.000104839 0.000119765 0.000131915 0.000144746 0.000164177 0.000198494 0.000258868 0.000360521 0.000525008 0.00079588 0.00131623 0.00246439 0.00458384 0.00688168 0.00739714 0.00545057 0.00272009 0.00091872 0.000211315 3.41166e-05 4.25233e-06 4.92722e-07 6.12118e-08 7.51644e-09 7.4562e-10 4.09461e-11 0 
0 1.79398e-10 1.89317e-09 1.06369e-08 4.4364e-08 1.51746e-07 4.43678e-07 1.13161e-06 2.54637e-06 5.09318e-06 9.11203e-06 1.46795e-05 2.14757e-05 2.88645e-05 3.62349e-05 4.35005e-05 5.15847e-05 6.28226e-05 8.14472e-05 0.000114563 0.000174114 0.000280382 0.000471732 0.000859373 0.00186124 0.00458384 0.0100054 0.0160414 0.0176469 0.0130619 0.00647095 0.00214644 0.000477946 7.22367e-05 7.82053e-06 7.12266e-07 7.0117e-08 7.69426e-09 7.32049e-10 3.9292e-11 0 
0 6.31697e-11 6.48183e-10 3.54232e-09 1.43875e-08 4.80205e-08 1.37386e-07 3.44091e-07 7.63593e-07 1.51383e-06 2.70015e-06 4.36686e-06 6.46863e-06 8.90398e-06 1.16327e-05 1.48661e-05 1.9313e-05 2.65232e-05 3.9504e-05 6.39911e-05 0.000111019 0.000202322 0.000389728 0.000861882 0.00237199 0.00688168 0.0160414 0.0262754 0.0291003 0.0215607 0.0106479 0.00350286 0.000768239 0.000112726 1.13939e-05 8.91546e-07 7.10984e-08 6.87087e-09 6.27706e-10 3.31728e-11 0 
0 2.0793e-11 2.07428e-10 1.10249e-09 4.36005e-09 1.41966e-08 3.97288e-08 9.76598e-08 2.13595e-07 4.19451e-07 7.45677e-07 1.2114e-06 1.82147e-06 2.58231e-06 3.54624e-06 4.89102e-06 7.05122e-06 1.09578e-05 1.85324e-05 3.37582e-05 6.49777e-05 0.000130502 0.000282377 0.000736583 0.00236721 0.00739714 0.0176469 0.0291003 0.0322941 0.0239331 0.0118067 0.00387149 0.000843278 0.000122081 1.1962e-05 8.66468e-07 6.02627e-08 5.26061e-09 4.66671e-10 2.45146e-11 0 
0 6.40772e-12 6.21595e-11 3.21403e-10 1.23796e-09 3.93334e-09 1.07693e-08 2.59881e-08 5.60373e-08 1.09073e-07 1.93518e-07 3.16651e-07 4.85706e-07 7.15111e-07 1.04421e-06 1.57209e-06 2.52496e-06 4.39554e-06 8.24912e-06 1.64058e-05 3.39587e-05 7.28248e-05 0.000170561 0.000493067 0.00170477 0.00545057 0.0130619 0.0215607 0.0239331 0.017737 0.00874795 0.00286577 0.000622459 8.96044e-05 8.67816e-06 6.11197e-07 4.03336e-08 3.38752e-09 2.99174e-10 1.58067e-11 0 
0 1.85022e-12 1.74623e-11 8.78897e-11 3.29924e-10 1.0236e-09 2.74395e-09 6.50602e-09 1.38464e-08 2.67585e-08 4.75101e-08 7.86544e-08 1.23954e-07 1.91413e-07 3.00332e-07 4.96136e-07 8.8163e-07 1.68545e-06 3.41554e-06 7.20148e-06 1.55519e-05 3.43932e-05 8.27741e-05 0.000245699 0.000857335 0.00272009 0.00647095 0.0106479 0.0118067 0.00874795 0.00431535 0.0014138 0.000306866 4.41457e-05 4.28273e-06 3.04679e-07 2.07457e-08 1.81766e-09 1.65063e-10 8.88168e-12 0 
0 5.00488e-13 4.59917e-12 2.25524e-11 8.25868e-11 2.50464e-10 6.58164e-10 1.53549e-09 3.23153e-09 6.21715e-09 1.10921e-08 1.86943e-08 3.05301e-08 4.99325e-08 8.47257e-08 1.53062e-07 2.96249e-07 6.07323e-07 1.29463e-06 2.8196e-06 6.18603e-06 1.36569e-05 3.20013e-05 9.01109e-05 0.000299103 0.00091872 0.00214644 0.00350286 0.00387149 0.00286577 0.0014138 0.000463371 0.000100692 1.45579e-05 1.437e-06 1.08025e-07 8.31733e-09 8.19353e-10 7.85608e-11 4.35081e-12 0 
0 1.26624e-13 1.13407e-12 5.42398e-12 1.94011e-11 5.75959e-11 1.48605e-10 3.41816e-10 7.13265e-10 1.37129e-09 2.47178e-09 4.27306e-09 7.29698e-09 1.2732e-08 2.33612e-08 4.56379e-08 9.43035e-08 2.02585e-07 4.44187e-07 9.78346e-07 2.13565e-06 4.59492e-06 1.00751e-05 2.50719e-05 7.36963e-05 0.000211315 0.000477946 0.000768239 0.000843278 0.000622459 0.000306866 0.000100692 2.19927e-05 3.22978e-06 3.34012e-07 2.85491e-08 2.74189e-09 3.1659e-10 3.24067e-11 1.86027e-12 0 
0 2.98526e-14 2.60887e-13 1.21867e-12 4.26426e-12 1.24137e-11 3.15134e-11 7.16543e-11 1.48773e-10 2.87217e-10 5.26561e-10 9.41419e-10 1.69397e-09 3.16132e-09 6.22889e-09 1.29492e-08 2.79947e-08 6.17787e-08 1.36848e-07 2.9996e-07 6.42064e-07 1.32862e-06 2.68604e-06 5.6809e-06 1.3646e-05 3.41166e-05 7.22367e-05 0.000112726 0.000122081 8.96044e-05 4.41457e-05 1.45579e-05 3.22978e-06 4.9476e-07 5.72444e-08 6.2401e-09 7.95336e-10 1.0669e-10 1.16288e-11 6.9464e-13 0 
0 6.51274e-15 5.56114e-14 2.5411e-13 8.71375e-13 2.49265e-12 6.24203e-12 1.40765e-11 2.92091e-11 5.69642e-11 1.07016e-10 1.99408e-10 3.79773e-10 7.55641e-10 1.57958e-09 3.43406e-09 7.62938e-09 1.70219e-08 3.75789e-08 8.10357e-08 1.68527e-07 3.33775e-07 6.26122e-07 1.13935e-06 2.1461e-06 4.25233e-06 7.82053e-06 1.13939e-05 1.1962e-05 8.67816e-06 4.28273e-06 1.437e-06 3.34012e-07 5.72444e-08 8.40731e-09 1.28773e-09 2.10417e-10 3.14972e-11 3.6298e-12 2.2611e-13 0 
0 1.29846e-15 1.08494e-14 4.85789e-14 1.63586e-13 4.60973e-13 1.14224e-12 2.56511e-12 5.34813e-12 1.06081e-11 2.05755e-11 4.01852e-11 8.09963e-11 1.70406e-10 3.72474e-10 8.33218e-10 1.87462e-09 4.1772e-09 9.10071e-09 1.91593e-08 3.85103e-08 7.29502e-08 1.28658e-07 2.10566e-07 3.26006e-07 4.92722e-07 7.12266e-07 8.91546e-07 8.66468e-07 6.11197e-07 3.04679e-07 1.08025e-07 2.85491e-08 6.2401e-09 1.28773e-09 2.63493e-10 5.01249e-11 8.0817e-12 9.79689e-13 6.37142e-14 0 
0 2.3123e-16 1.89373e-15 8.32508e-15 2.75943e-14 7.68221e-14 1.8906e-13 4.24846e-13 8.95522e-13 1.81948e-12 3.66659e-12 7.52259e-12 1.59693e-11 3.51188e-11 7.91153e-11 1.79622e-10 4.04605e-10 8.92399e-10 1.90566e-09 3.8982e-09 7.55413e-09 1.36993e-08 2.29453e-08 3.50675e-08 4.85932e-08 6.12118e-08 7.0117e-08 7.10984e-08 6.02627e-08 4.03336e-08 2.07457e-08 8.31733e-09 2.74189e-09 7.95336e-10 2.10417e-10 5.01249e-11 1.03642e-11 1.76852e-12 2.24908e-13 1.52758e-14 0 
0 3.51577e-17 2.82733e-16 1.223e-15 4.00092e-15 1.10418e-14 2.71074e-14 6.12944e-14 1.31486e-13 2.75423e-13 5.78855e-13 1.24518e-12 2.76044e-12 6.26663e-12 1.43646e-11 3.27403e-11 7.32096e-11 1.58814e-10 3.30938e-10 6.56088e-10 1.22499e-09 2.13038e-09 3.40953e-09 4.95856e-09 6.47477e-09 7.51644e-09 7.69426e-09 6.87087e-09 5.26061e-09 3.38752e-09 1.81766e-09 8.19353e-10 3.1659e-10 1.0669e-10 3.14972e-11 8.0817e-12 1.76852e-12 3.17167e-13 4.22368e-14 2.99459e-15 0 
0 4.11222e-18 3.25377e-17 1.38831e-16 4.49644e-16 1.23503e-15 3.03973e-15 6.9582e-15 1.52874e-14 3.31715e-14 7.27356e-14 1.63118e-13 3.73733e-13 8.65534e-13 1.99752e-12 4.53267e-12 9.99948e-12 2.12433e-11 4.30831e-11 8.26932e-11 1.4885e-10 2.48808e-10 3.8214e-10 5.33321e-10 6.68794e-10 7.4562e-10 7.32049e-10 6.27706e-10 4.66671e-10 2.99174e-10 1.65063e-10 7.85608e-11 3.24067e-11 1.16288e-11 3.6298e-12 9.79689e-13 2.24908e-13 4.22368e-14 5.87815e-15 4.34557e-16 0 
0 2.63992e-19 2.05982e-18 8.69354e-18 2.79747e-17 7.68167e-17 1.90593e-16 4.44346e-16 1.00506e-15 2.26366e-15 5.162e-15 1.19703e-14 2.80459e-14 6.559e-14 1.5115e-13 3.39377e-13 7.35501e-13 1.52605e-12 3.0082e-12 5.5902e-12 9.71381e-12 1.56466e-11 2.31487e-11 3.1159e-11 3.77971e-11 4.09461e-11 3.9292e-11 3.31728e-11 2.45146e-11 1.58067e-11 8.88168e-12 4.35081e-12 1.86027e-12 6.9464e-13 2.2611e-13 6.37142e-14 1.52758e-14 2.99459e-15 4.34557e-16 3.34441e-17 0 
0 0 0 0 0 0 0 0 0 0 0 0 0 0 0 0 0 0 0 0 0 0 0 0 0 0 0 0 0 0 0 0 0 0 0 0 0 0 0 0 0 
