0 0 0 0 0 0 0 0 0 0 0 0 0 0 0 0 0 0 0 0 0 0 0 0 0 0 0 0 0 0 0 0 0 0 0 0 0 0 0 0 0 
0 1.5113e-07 1.37208e-06 6.2744e-06 2.00589e-05 4.97333e-05 0.00010095 0.000174429 0.000264839 0.000362607 0.000456845 0.000537707 0.000597692 0.000632118 0.000639114 0.00061939 0.000575882 0.000513329 0.000437772 0.000355975 0.000274731 0.000200105 0.000136671 8.69362e-05 5.11617e-05 2.76925e-05 1.3724e-05 6.20958e-06 2.56206e-06 9.64092e-07 3.31149e-07 1.03914e-07 2.97921e-08 7.79046e-09 1.84907e-09 3.94224e-10 7.39347e-11 1.16791e-11 1.402e-12 9.13444e-14 0 
0 1.37208e-06 1.28712e-05 5.94305e-05 0.000185789 0.000436322 0.000820731 0.0013042 0.00182957 0.00234193 0.0027986 0.00316938 0.00343438 0.00358253 0.00361083 0.00352354 0.0033313 0.00304986 0.00269877 0.00230031 0.00187865 0.00145928 0.00106793 0.000728105 0.000457016 0.000261188 0.000134759 6.24718e-05 2.60014e-05 9.73909e-06 3.29581e-06 1.0117e-06 2.8246e-07 7.17485e-08 1.65249e-08 3.41857e-09 6.22503e-10 9.55793e-11 1.11674e-11 7.09232e-13 0 
0 6.2744e-06 5.94305e-05 0.000266066 0.000769277 0.00161925 0.00272129 0.00393363 0.00514532 0.00627823 0.007271 0.00807295 0.00864549 0.0089649 0.00902406 0.00883221 0.00841308 0.00780166 0.00704004 0.0061732 0.00524517 0.00429689 0.00336641 0.00249187 0.00171438 0.00107531 0.000603409 0.000298759 0.000129787 4.96049e-05 1.68142e-05 5.1017e-06 1.39607e-06 3.45905e-07 7.75278e-08 1.5596e-08 2.7623e-09 4.12895e-10 4.70239e-11 2.91525e-12 0 
0 2.00589e-05 0.000185789 0.000769277 0.00197133 0.00367864 0.00565561 0.00773842 0.00981121 0.0117637 0.0134877 0.0148878 0.0158902 0.0164499 0.0165525 0.016214 0.0154772 0.0144057 0.0130765 0.0115727 0.00997564 0.00835793 0.00677893 0.00528329 0.00390612 0.00268506 0.0016706 0.000914354 0.000431038 0.000173903 6.05259e-05 1.84509e-05 4.99993e-06 1.21641e-06 2.66516e-07 5.23105e-08 9.0361e-09 1.31794e-09 1.46609e-10 8.88911e-12 0 
0 4.97333e-05 0.000436322 0.00161925 0.00367864 0.00630804 0.00927151 0.0124138 0.0155693 0.0185576 0.0212036 0.0233553 0.0248968 0.0257574 0.0259146 0.025393 0.0242586 0.0226102 0.0205678 0.0182613 0.0158189 0.0133573 0.0109736 0.00873978 0.0067006 0.00487905 0.00329596 0.00199607 0.00104329 0.000458191 0.000168431 5.2657e-05 1.43205e-05 3.45026e-06 7.43257e-07 1.42939e-07 2.41622e-08 3.44849e-09 3.75627e-10 2.23238e-11 0 
0 0.00010095 0.000820731 0.00272129 0.00565561 0.00927151 0.01337 0.0177479 0.0221594 0.0263431 0.0300501 0.0330654 0.0352262 0.0364324 0.0366525 0.0359209 0.0343304 0.0320198 0.029158 0.0259279 0.0225105 0.0190714 0.0157505 0.0126545 0.00985336 0.00737868 0.00523227 0.00341414 0.00196374 0.000950935 0.000377568 0.000123585 3.42314e-05 8.24672e-06 1.758e-06 3.3283e-07 5.52615e-08 7.74209e-09 8.28028e-10 4.83552e-11 0 
0 0.000174429 0.0013042 0.00393363 0.00773842 0.0124138 0.0177479 0.0234618 0.0292251 0.0346933 0.0395393 0.0434819 0.0463077 0.047886 0.0481742 0.047217 0.0451369 0.0421159 0.038375 0.0341535 0.0296886 0.025198 0.0208659 0.0168351 0.0132021 0.0100161 0.00728133 0.00497073 0.00306944 0.00162538 0.000703103 0.000244672 6.99621e-05 1.70139e-05 3.61258e-06 6.76529e-07 1.10754e-07 1.5281e-08 1.60933e-09 9.25869e-11 0 
0 0.000264839 0.00182957 0.00514532 0.00981121 0.0155693 0.0221594 0.0292251 0.0363543 0.0431195 0.0491163 0.0540012 0.0575171 0.0594941 0.0598573 0.0586564 0.0560608 0.0523112 0.0476801 0.0424576 0.0369352 0.0313822 0.0260276 0.0210494 0.0165696 0.0126546 0.0093169 0.00652239 0.00421731 0.00239398 0.00112185 0.000417616 0.000124446 3.07925e-05 6.55026e-06 1.21876e-06 1.97448e-07 2.69144e-08 2.79913e-09 1.59059e-10 0 
0 0.000362607 0.00234193 0.00627823 0.0117637 0.0185576 0.0263431 0.0346933 0.0431195 0.0511171 0.0582195 0.0640527 0.0683194 0.070755 0.0712075 0.069725 0.0665486 0.0620317 0.056523 0.0503436 0.0438165 0.0372547 0.0309286 0.0250494 0.0197629 0.0151501 0.0112317 0.00797345 0.00530211 0.00316019 0.00158152 0.000627839 0.000195703 4.95215e-05 1.06008e-05 1.96701e-06 3.16392e-07 4.27352e-08 4.40105e-09 2.47641e-10 0 
0 0.000456845 0.0027986 0.007271 0.0134877 0.0212036 0.0300501 0.0395393 0.0491163 0.0582195 0.0663641 0.0731368 0.0780633 0.0807893 0.0812913 0.0796631 0.0760423 0.0707847 0.0644119 0.0573467 0.049922 0.0424649 0.0352769 0.028598 0.0225947 0.0173606 0.0129228 0.0092478 0.00625359 0.00384933 0.00202369 0.00084862 0.000276137 7.15743e-05 1.54585e-05 2.86848e-06 4.5935e-07 6.16438e-08 6.30233e-09 3.52e-10 0 
0 0.000537707 0.00316938 0.00807295 0.0148878 0.0233553 0.0330654 0.0434819 0.0540012 0.0640527 0.0731368 0.0805522 0.0855641 0.0881501 0.0886241 0.0871218 0.083579 0.0780118 0.0709379 0.0630827 0.0549007 0.0467111 0.038821 0.0314904 0.0249027 0.0191616 0.0142986 0.010281 0.00702224 0.00441173 0.00240035 0.00105004 0.000354364 9.39196e-05 2.04798e-05 3.80689e-06 6.08238e-07 8.12856e-08 8.26955e-09 4.59506e-10 0 
0 0.000597692 0.00343438 0.00864549 0.0158902 0.0248968 0.0352262 0.0463077 0.0575171 0.0683194 0.0780633 0.0855641 0.0902638 0.0926195 0.0930581 0.0917095 0.0884575 0.0830655 0.0757004 0.0672533 0.0584881 0.0497642 0.0413695 0.0335709 0.0265633 0.0204577 0.0152884 0.0110234 0.00757335 0.00481686 0.00267907 0.00120675 0.000418465 0.000112905 2.483e-05 4.6271e-06 7.38805e-07 9.85231e-08 9.99539e-09 5.53759e-10 0 
0 0.000632118 0.00358253 0.0089649 0.0164499 0.0257574 0.0364324 0.047886 0.0594941 0.070755 0.0807893 0.0881501 0.0926195 0.0948521 0.0952736 0.0940053 0.0909298 0.0857481 0.0783785 0.0696286 0.0605139 0.0514833 0.0428052 0.0347442 0.0275009 0.0211905 0.015849 0.0114445 0.0078867 0.00504879 0.0028421 0.00130198 0.00045906 0.000125312 2.77305e-05 5.18079e-06 8.27697e-07 1.1034e-07 1.11861e-08 6.19224e-10 0 
0 0.000639114 0.00361083 0.00902406 0.0165525 0.0259146 0.0366525 0.0481742 0.0598573 0.0712075 0.0812913 0.0886241 0.0930581 0.0952736 0.0956942 0.0944401 0.0913949 0.0862537 0.078894 0.0700921 0.0609101 0.0518216 0.0430904 0.0349799 0.0276916 0.0213419 0.0159672 0.0115358 0.00795736 0.00510419 0.00288405 0.00132853 0.000471233 0.000129264 2.87013e-05 5.37439e-06 8.60084e-07 1.14824e-07 1.16571e-08 6.46244e-10 0 
0 0.00061939 0.00352354 0.00883221 0.016214 0.025393 0.0359209 0.047217 0.0586564 0.069725 0.0796631 0.0871218 0.0917095 0.0940053 0.0944401 0.0931404 0.0899895 0.0847104 0.0773248 0.0686949 0.0597282 0.0508263 0.042265 0.0343108 0.0271621 0.0209331 0.0156597 0.0113104 0.00779578 0.00499115 0.00281006 0.00128831 0.000455195 0.000124678 2.77044e-05 5.19933e-06 8.34618e-07 1.1182e-07 1.13963e-08 6.34433e-10 0 
0 0.000575882 0.0033313 0.00841308 0.0154772 0.0242586 0.0343304 0.0451369 0.0560608 0.0665486 0.0760423 0.083579 0.0884575 0.0909298 0.0913949 0.0899895 0.0866134 0.0811211 0.0738502 0.0656495 0.0571312 0.0486278 0.0404374 0.0328259 0.0259839 0.0200207 0.0149702 0.0108012 0.00742666 0.00472844 0.00263477 0.00119144 0.000415931 0.000113212 2.51423e-05 4.73344e-06 7.6384e-07 1.03e-07 1.05733e-08 5.93172e-10 0 
0 0.000513329 0.00304986 0.00780166 0.0144057 0.0226102 0.0320198 0.0421159 0.0523112 0.0620317 0.0707847 0.0780118 0.0830655 0.0857481 0.0862537 0.0847104 0.0811211 0.0756443 0.0688283 0.0612674 0.0533566 0.0454211 0.0377702 0.0306585 0.0242642 0.018689 0.0139638 0.0100578 0.00688716 0.00434492 0.00238187 0.00105512 0.000362147 9.78001e-05 2.1733e-05 4.11657e-06 6.70413e-07 9.13905e-08 9.49357e-09 5.39274e-10 0 
0 0.000437772 0.00269877 0.00704004 0.0130765 0.0205678 0.029158 0.038375 0.0476801 0.056523 0.0644119 0.0709379 0.0757004 0.0783785 0.078894 0.0773248 0.0738502 0.0688283 0.0627095 0.0558804 0.0486814 0.0414432 0.034462 0.0279715 0.0221342 0.0170419 0.0127217 0.00914236 0.00622527 0.0038799 0.00208453 0.000902407 0.000304787 8.19732e-05 1.83267e-05 3.51429e-06 5.81314e-07 8.0617e-08 8.52474e-09 4.92933e-10 0 
0 0.000355975 0.00230031 0.0061732 0.0115727 0.0182613 0.0259279 0.0341535 0.0424576 0.0503436 0.0573467 0.0630827 0.0672533 0.0696286 0.0700921 0.0686949 0.0656495 0.0612674 0.0558804 0.0498161 0.0434027 0.036951 0.030728 0.024942 0.019737 0.0151937 0.0113338 0.00812621 0.00549973 0.00338515 0.001786 0.000760601 0.00025547 6.92364e-05 1.57452e-05 3.08581e-06 5.22538e-07 7.41736e-08 8.01916e-09 4.73285e-10 0 
0 0.000274731 0.00187865 0.00524517 0.00997564 0.0158189 0.0225105 0.0296886 0.0369352 0.0438165 0.049922 0.0549007 0.0584881 0.0605139 0.0609101 0.0597282 0.0571312 0.0533566 0.0486814 0.0434027 0.0378174 0.0321996 0.0267822 0.0217461 0.0172157 0.0132597 0.00989401 0.00708855 0.0047829 0.00292841 0.00153952 0.000659029 0.000225271 6.27055e-05 1.46958e-05 2.96562e-06 5.15575e-07 7.48599e-08 8.24713e-09 4.94189e-10 0 
0 0.000200105 0.00145928 0.00429689 0.00835793 0.0133573 0.0190714 0.025198 0.0313822 0.0372547 0.0424649 0.0467111 0.0497642 0.0514833 0.0518216 0.0508263 0.0486278 0.0454211 0.0414432 0.036951 0.0321996 0.0274233 0.0228207 0.0185456 0.0147032 0.0113506 0.00849971 0.0061231 0.0041692 0.00259517 0.00140392 0.000626065 0.000224064 6.50328e-05 1.57503e-05 3.25419e-06 5.74736e-07 8.42661e-08 9.33118e-09 5.60066e-10 0 
0 0.000136671 0.00106793 0.00336641 0.00677893 0.0109736 0.0157505 0.0208659 0.0260276 0.0309286 0.0352769 0.038821 0.0413695 0.0428052 0.0430904 0.042265 0.0404374 0.0377702 0.034462 0.030728 0.0267822 0.0228207 0.0190099 0.0154789 0.0123185 0.00958385 0.00729048 0.00539861 0.00382416 0.0025029 0.00143963 0.000686481 0.000260239 7.83624e-05 1.92969e-05 3.99849e-06 7.02603e-07 1.02044e-07 1.1168e-08 6.61754e-10 0 
0 8.69362e-05 0.000728105 0.00249187 0.00528329 0.00873978 0.0126545 0.0168351 0.0210494 0.0250494 0.028598 0.0314904 0.0335709 0.0347442 0.0349799 0.0343108 0.0328259 0.0306585 0.0279715 0.024942 0.0217461 0.0185456 0.0154789 0.0126595 0.010192 0.00819079 0.00671347 0.00558483 0.00443085 0.00309861 0.00182988 0.000891778 0.000345566 0.000104562 2.53994e-05 5.14527e-06 8.8184e-07 1.24946e-07 1.33554e-08 7.74086e-10 0 
0 5.11617e-05 0.000457016 0.00171438 0.00390612 0.0067006 0.00985336 0.0132021 0.0165696 0.0197629 0.0225947 0.0249027 0.0265633 0.0275009 0.0276916 0.0271621 0.0259839 0.0242642 0.0221342 0.019737 0.0172157 0.0147032 0.0123185 0.010192 0.00856646 0.00790805 0.00855556 0.00967545 0.00931922 0.00679192 0.00366927 0.00154256 0.000531923 0.000148793 3.38401e-05 6.49502e-06 1.06796e-06 1.4635e-07 1.52014e-08 8.59107e-10 0 
0 2.76925e-05 0.000261188 0.00107531 0.00268506 0.00487905 0.00737868 0.0100161 0.0126546 0.0151501 0.0173606 0.0191616 0.0204577 0.0211905 0.0213419 0.0209331 0.0200207 0.018689 0.0170419 0.0151937 0.0132597 0.0113506 0.00958385 0.00819079 0.00790805 0.0104734 0.0172743 0.0252202 0.0272298 0.0198715 0.0100547 0.00359124 0.000987585 0.000227271 4.46075e-05 7.7299e-06 1.19534e-06 1.57649e-07 1.59141e-08 8.78246e-10 0 
0 1.3724e-05 0.000134759 0.000603409 0.0016706 0.00329596 0.00523227 0.00728133 0.0093169 0.0112317 0.0129228 0.0142986 0.0152884 0.015849 0.0159672 0.0156597 0.0149702 0.0139638 0.0127217 0.0113338 0.00989401 0.00849971 0.00729048 0.00671347 0.00855556 0.0172743 0.0363842 0.0641948 0.0729071 0.0489921 0.0234103 0.00787526 0.00187992 0.00035355 5.69846e-05 8.47724e-06 1.20256e-06 1.52067e-07 1.49714e-08 8.10622e-10 0 
0 6.20958e-06 6.24718e-05 0.000298759 0.000914354 0.00199607 0.00341414 0.00497073 0.00652239 0.00797345 0.0092478 0.010281 0.0110234 0.0114445 0.0115358 0.0113104 0.0108012 0.0100578 0.00914236 0.00812621 0.00708855 0.0061231 0.00539861 0.00558483 0.00967545 0.0252202 0.0641948 0.0872622 0.0898349 0.0812437 0.0405337 0.0126934 0.00287094 0.000479381 6.55397e-05 8.29142e-06 1.06342e-06 1.28897e-07 1.24561e-08 6.664e-10 0 
0 2.56206e-06 2.60014e-05 0.000129787 0.000431038 0.00104329 0.00196374 0.00306944 0.00421731 0.00530211 0.00625359 0.00702224 0.00757335 0.0078867 0.00795736 0.00779578 0.00742666 0.00688716 0.00622527 0.00549973 0.0047829 0.0041692 0.00382416 0.00443085 0.00931922 0.0272298 0.0729071 0.0898349 0.0918986 0.0852112 0.0481773 0.0139942 0.00310965 0.000492899 6.1089e-05 6.84806e-06 8.06477e-07 9.46497e-08 9.06635e-09 4.83492e-10 0 
0 9.64092e-07 9.73909e-06 4.96049e-05 0.000173903 0.000458191 0.000950935 0.00162538 0.00239398 0.00316019 0.00384933 0.00441173 0.00481686 0.00504879 0.00510419 0.00499115 0.00472844 0.00434492 0.0038799 0.00338515 0.00292841 0.00259517 0.0025029 0.00309861 0.00679192 0.0198715 0.0489921 0.0812437 0.0852112 0.0693439 0.0316311 0.0103646 0.00229718 0.00035862 4.26289e-05 4.51557e-06 5.11816e-07 5.95899e-08 5.73463e-09 3.07831e-10 0 
0 3.31149e-07 3.29581e-06 1.68142e-05 6.05259e-05 0.000168431 0.000377568 0.000703103 0.00112185 0.00158152 0.00202369 0.00240035 0.00267907 0.0028421 0.00288405 0.00281006 0.00263477 0.00238187 0.00208453 0.001786 0.00153952 0.00140392 0.00143963 0.00182988 0.00366927 0.0100547 0.0234103 0.0405337 0.0481773 0.0316311 0.0155743 0.00513598 0.00114743 0.000180361 2.14862e-05 2.30578e-06 2.68224e-07 3.20192e-08 3.14289e-09 1.71493e-10 0 
0 1.03914e-07 1.0117e-06 5.1017e-06 1.84509e-05 5.2657e-05 0.000123585 0.000244672 0.000417616 0.000627839 0.00084862 0.00105004 0.00120675 0.00130198 0.00132853 0.00128831 0.00119144 0.00105512 0.000902407 0.000760601 0.000659029 0.000626065 0.000686481 0.000891778 0.00154256 0.00359124 0.00787526 0.0126934 0.0139942 0.0103646 0.00513598 0.00171047 0.000389498 6.28109e-05 7.84876e-06 9.18704e-07 1.16775e-07 1.47164e-08 1.49277e-09 8.35277e-11 0 
0 2.97921e-08 2.8246e-07 1.39607e-06 4.99993e-06 1.43205e-05 3.42314e-05 6.99621e-05 0.000124446 0.000195703 0.000276137 0.000354364 0.000418465 0.00045906 0.000471233 0.000455195 0.000415931 0.000362147 0.000304787 0.00025547 0.000225271 0.000224064 0.000260239 0.000345566 0.000531923 0.000987585 0.00187992 0.00287094 0.00310965 0.00229718 0.00114743 0.000389498 9.14446e-05 1.55787e-05 2.17406e-06 2.9851e-07 4.31363e-08 5.82419e-09 6.15699e-10 3.55759e-11 0 
0 7.79046e-09 7.17485e-08 3.45905e-07 1.21641e-06 3.45026e-06 8.24672e-06 1.70139e-05 3.07925e-05 4.95215e-05 7.15743e-05 9.39196e-05 0.000112905 0.000125312 0.000129264 0.000124678 0.000113212 9.78001e-05 8.19732e-05 6.92364e-05 6.27055e-05 6.50328e-05 7.83624e-05 0.000104562 0.000148793 0.000227271 0.00035355 0.000479381 0.000492899 0.00035862 0.000180361 6.28109e-05 1.55787e-05 2.97027e-06 5.00136e-07 8.39758e-08 1.38123e-08 1.99728e-09 2.20934e-10 1.32492e-11 0 
0 1.84907e-09 1.65249e-08 7.75278e-08 2.66516e-07 7.43257e-07 1.758e-06 3.61258e-06 6.55026e-06 1.06008e-05 1.54585e-05 2.04798e-05 2.483e-05 2.77305e-05 2.87013e-05 2.77044e-05 2.51423e-05 2.1733e-05 1.83267e-05 1.57452e-05 1.46958e-05 1.57503e-05 1.92969e-05 2.53994e-05 3.38401e-05 4.46075e-05 5.69846e-05 6.55397e-05 6.1089e-05 4.26289e-05 2.14862e-05 7.84876e-06 2.17406e-06 5.00136e-07 1.05719e-07 2.12256e-08 3.86779e-09 5.94715e-10 6.89398e-11 4.30496e-12 0 
0 3.94224e-10 3.41857e-09 1.5596e-08 5.23105e-08 1.42939e-07 3.3283e-07 6.76529e-07 1.21876e-06 1.96701e-06 2.86848e-06 3.80689e-06 4.6271e-06 5.18079e-06 5.37439e-06 5.19933e-06 4.73344e-06 4.11657e-06 3.51429e-06 3.08581e-06 2.96562e-06 3.25419e-06 3.99849e-06 5.14527e-06 6.49502e-06 7.7299e-06 8.47724e-06 8.29142e-06 6.84806e-06 4.51557e-06 2.30578e-06 9.18704e-07 2.9851e-07 8.39758e-08 2.12256e-08 4.79935e-09 9.42122e-10 1.53062e-10 1.85998e-11 1.21166e-12 0 
0 7.39347e-11 6.22503e-10 2.7623e-09 9.0361e-09 2.41622e-08 5.52615e-08 1.10754e-07 1.97448e-07 3.16392e-07 4.5935e-07 6.08238e-07 7.38805e-07 8.27697e-07 8.60084e-07 8.34618e-07 7.6384e-07 6.70413e-07 5.81314e-07 5.22538e-07 5.15575e-07 5.74736e-07 7.02603e-07 8.8184e-07 1.06796e-06 1.19534e-06 1.20256e-06 1.06342e-06 8.06477e-07 5.11816e-07 2.68224e-07 1.16775e-07 4.31363e-08 1.38123e-08 3.86779e-09 9.42122e-10 1.96085e-10 3.35284e-11 4.26918e-12 2.90308e-13 0 
0 1.16791e-11 9.55793e-11 4.12895e-10 1.31794e-09 3.44849e-09 7.74209e-09 1.5281e-08 2.69144e-08 4.27352e-08 6.16438e-08 8.12856e-08 9.85231e-08 1.1034e-07 1.14824e-07 1.1182e-07 1.03e-07 9.13905e-08 8.0617e-08 7.41736e-08 7.48599e-08 8.42661e-08 1.02044e-07 1.24946e-07 1.4635e-07 1.57649e-07 1.52067e-07 1.28897e-07 9.46497e-08 5.95899e-08 3.20192e-08 1.47164e-08 5.82419e-09 1.99728e-09 5.94715e-10 1.53062e-10 3.35284e-11 6.01673e-12 8.01795e-13 5.68944e-14 0 
0 1.402e-12 1.11674e-11 4.70239e-11 1.46609e-10 3.75627e-10 8.28028e-10 1.60933e-09 2.79913e-09 4.40105e-09 6.30233e-09 8.26955e-09 9.99539e-09 1.11861e-08 1.16571e-08 1.13963e-08 1.05733e-08 9.49357e-09 8.52474e-09 8.01916e-09 8.24713e-09 9.33118e-09 1.1168e-08 1.33554e-08 1.52014e-08 1.59141e-08 1.49714e-08 1.24561e-08 9.06635e-09 5.73463e-09 3.14289e-09 1.49277e-09 6.15699e-10 2.20934e-10 6.89398e-11 1.85998e-11 4.26918e-12 8.01795e-13 1.11623e-13 8.25624e-15 0 
0 9.13444e-14 7.09232e-13 2.91525e-12 8.88911e-12 2.23238e-11 4.83552e-11 9.25869e-11 1.59059e-10 2.47641e-10 3.52e-10 4.59506e-10 5.53759e-10 6.19224e-10 6.46244e-10 6.34433e-10 5.93172e-10 5.39274e-10 4.92933e-10 4.73285e-10 4.94189e-10 5.60066e-10 6.61754e-10 7.74086e-10 8.59107e-10 8.78246e-10 8.10622e-10 6.664e-10 4.83492e-10 3.07831e-10 1.71493e-10 8.35277e-11 3.55759e-11 1.32492e-11 4.30496e-12 1.21166e-12 2.90308e-13 5.68944e-14 8.25624e-15 6.35562e-16 0 
0 0 0 0 0 0 0 0 0 0 0 0 0 0 0 0 0 0 0 0 0 0 0 0 0 0 0 0 0 0 0 0 0 0 0 0 0 0 0 0 0 
