0 0 0 0 0 0 0 0 0 0 0 0 0 0 0 0 0 0 0 0 0 0 0 0 0 0 0 0 0 0 0 0 0 0 0 0 0 0 0 0 0 
0 3.2777e-10 3.09614e-09 1.53417e-08 5.56396e-08 1.63393e-07 4.05803e-07 8.72224e-07 1.6462e-06 2.75769e-06 4.13699e-06 5.60111e-06 6.89051e-06 7.74601e-06 7.99255e-06 7.59377e-06 6.6567e-06 5.38891e-06 4.0295e-06 2.78201e-06 1.77251e-06 1.04171e-06 5.64649e-07 2.82372e-07 1.30388e-07 5.56644e-08 2.20064e-08 8.07106e-09 2.75101e-09 8.72747e-10 2.57956e-10 7.10401e-11 1.82059e-11 4.32729e-12 9.476e-13 1.88849e-13 3.3483e-14 5.04863e-15 5.8322e-16 3.68171e-17 0 
0 3.09614e-09 3.04314e-08 1.56715e-07 5.88858e-07 1.78304e-06 4.53803e-06 9.92623e-06 1.89327e-05 3.18551e-05 4.77772e-05 6.44983e-05 7.90551e-05 8.86131e-05 9.13285e-05 8.68515e-05 7.63387e-05 6.20252e-05 4.65383e-05 3.21924e-05 2.0494e-05 1.19901e-05 6.44236e-06 3.17967e-06 1.44313e-06 6.03388e-07 2.32944e-07 8.3244e-08 2.76036e-08 8.51165e-09 2.44428e-09 6.54056e-10 1.62935e-10 3.76718e-11 8.03205e-12 1.56022e-12 2.69947e-13 3.97692e-14 4.49438e-15 2.77902e-16 0 
0 1.53417e-08 1.56715e-07 8.37189e-07 3.24847e-06 1.00857e-05 2.60788e-05 5.73553e-05 0.000108903 0.000180981 0.00026691 0.000354083 0.000427658 0.000474823 0.000487922 0.0004658 0.000413548 0.000340994 0.000260311 0.000183202 0.000118347 6.99186e-05 3.76967e-05 1.85415e-05 8.33157e-06 3.42939e-06 1.29751e-06 4.52905e-07 1.46361e-07 4.3921e-08 1.22665e-08 3.19193e-09 7.73526e-10 1.74101e-10 3.61697e-11 6.85366e-12 1.15815e-12 1.66854e-13 1.84642e-14 1.1194e-15 0 
0 5.56396e-08 5.88858e-07 3.24847e-06 1.29237e-05 4.06859e-05 0.00010515 0.000227589 0.000419659 0.000671844 0.000953043 0.00122129 0.0014367 0.00157002 0.00160596 0.00154347 0.00139426 0.00118056 0.000931927 0.000680744 0.000456261 0.000278372 0.00015372 7.66482e-05 3.45504e-05 1.41344e-05 5.27606e-06 1.80726e-06 5.71075e-07 1.672e-07 4.55059e-08 1.15347e-08 2.72336e-09 5.97528e-10 1.21118e-10 2.24161e-11 3.70427e-12 5.22557e-13 5.66963e-14 3.37451e-15 0 
0 1.63393e-07 1.78304e-06 1.00857e-05 4.06859e-05 0.000127685 0.000322166 0.000667492 0.00116354 0.00175671 0.00236469 0.00290733 0.00332303 0.00357261 0.00363818 0.00352097 0.00323886 0.00282398 0.00232014 0.00177994 0.00125995 0.000812008 0.000470703 0.000243509 0.000112249 4.63013e-05 1.72248e-05 5.83045e-06 1.81033e-06 5.19007e-07 1.38051e-07 3.41696e-08 7.87665e-09 1.68798e-09 3.34438e-10 6.05616e-11 9.80321e-12 1.35635e-12 1.44522e-13 8.4588e-15 0 
0 4.05803e-07 4.53803e-06 2.60788e-05 0.00010515 0.000322166 0.000773819 0.00149993 0.00243792 0.00346167 0.00444381 0.00528408 0.00591188 0.00628346 0.00637978 0.00620474 0.00578257 0.00515435 0.00437419 0.00350621 0.00262269 0.00180118 0.00111475 0.00061151 0.000294609 0.000124772 4.68793e-05 1.58251e-05 4.8588e-06 1.37029e-06 3.57499e-07 8.66646e-08 1.95569e-08 4.10345e-09 7.96478e-10 1.41421e-10 2.24706e-11 3.05544e-12 3.20371e-13 1.84772e-14 0 
0 8.72224e-07 9.92623e-06 5.73553e-05 0.000227589 0.000667492 0.00149993 0.00270187 0.00411967 0.00557689 0.00692954 0.00806826 0.00891274 0.00941091 0.00953988 0.00930556 0.00873981 0.00789546 0.00684007 0.00565001 0.00440673 0.00319668 0.00211211 0.00124087 0.000635351 0.000281242 0.000108309 3.68535e-05 1.12717e-05 3.14368e-06 8.07751e-07 1.92443e-07 4.26423e-08 8.78478e-09 1.67486e-09 2.92334e-10 4.57066e-11 6.12289e-12 6.33333e-13 3.60862e-14 0 
0 1.6462e-06 1.89327e-05 0.000108903 0.000419659 0.00116354 0.00243792 0.00411967 0.00599136 0.00786131 0.00957763 0.011017 0.0120835 0.012713 0.0128773 0.0125836 0.0118721 0.0108091 0.0094787 0.00797391 0.00638929 0.00481777 0.00335412 0.00209983 0.00114844 0.000537668 0.000215008 7.45288e-05 2.28826e-05 6.3466e-06 1.61305e-06 3.79087e-07 8.27577e-08 1.67919e-08 3.1541e-09 5.42765e-10 8.37499e-11 1.10861e-11 1.13476e-12 6.40903e-14 0 
0 2.75769e-06 3.18551e-05 0.000180981 0.000671844 0.00175671 0.00346167 0.00557689 0.00786131 0.0101195 0.0121864 0.0139193 0.0152044 0.0159647 0.0161658 0.0158163 0.0149643 0.0136895 0.012093 0.0102861 0.00837979 0.00647821 0.00467813 0.00307861 0.00178702 0.000887005 0.000371187 0.000132184 4.10233e-05 1.13756e-05 2.87232e-06 6.68416e-07 1.44276e-07 2.89322e-08 5.37244e-09 9.14627e-10 1.39779e-10 1.83527e-11 1.86668e-12 1.04985e-13 0 
0 4.13699e-06 4.77772e-05 0.00026691 0.000953043 0.00236469 0.00444381 0.00692954 0.00957763 0.0121864 0.0145734 0.0165761 0.0180633 0.018946 0.0191838 0.0187863 0.0178086 0.0163423 0.0145043 0.0124229 0.0102259 0.00803077 0.00594044 0.0040504 0.00246468 0.00128941 0.000565203 0.000207712 6.5489e-05 1.82382e-05 4.59364e-06 1.06259e-06 2.27635e-07 4.529e-08 8.34735e-09 1.41191e-09 2.14706e-10 2.81058e-11 2.85717e-12 1.61083e-13 0 
0 5.60111e-06 6.44983e-05 0.000354083 0.00122129 0.00290733 0.00528408 0.00806826 0.011017 0.0139193 0.0165761 0.0188075 0.0204673 0.0214562 0.0217287 0.0212947 0.0202148 0.0185907 0.0165518 0.0142412 0.011801 0.00936118 0.0070327 0.00491078 0.00309222 0.00168741 0.000771016 0.000292408 9.38897e-05 2.63479e-05 6.644e-06 1.53368e-06 3.27472e-07 6.49393e-08 1.19402e-08 2.01805e-09 3.07343e-10 4.04128e-11 4.14157e-12 2.36364e-13 0 
0 6.89051e-06 7.90551e-05 0.000427658 0.0014367 0.00332303 0.00591188 0.00891274 0.0120835 0.0152044 0.0180633 0.0204673 0.0222592 0.0233315 0.0236346 0.0231783 0.0220271 0.0202894 0.0181041 0.0156247 0.0130042 0.0103823 0.00787725 0.00558596 0.00359984 0.00202578 0.000956825 0.00037308 0.000121993 3.45714e-05 8.75811e-06 2.02633e-06 4.33472e-07 8.61985e-08 1.59238e-08 2.71171e-09 4.17663e-10 5.57889e-11 5.8368e-12 3.41786e-13 0 
0 7.74601e-06 8.86131e-05 0.000474823 0.00157002 0.00357261 0.00628346 0.00941091 0.012713 0.0159647 0.018946 0.0214562 0.0233315 0.0244593 0.0247872 0.0243246 0.0231373 0.0213377 0.0190696 0.0164926 0.0137659 0.0110354 0.00842388 0.00603028 0.00394297 0.00226436 0.00109507 0.000436414 0.000145083 4.1589e-05 1.06268e-05 2.47842e-06 5.35078e-07 1.07665e-07 2.02017e-08 3.51109e-09 5.54986e-10 7.65147e-11 8.30528e-12 5.0646e-13 0 
0 7.99255e-06 9.13285e-05 0.000487922 0.00160596 0.00363818 0.00637978 0.00953988 0.0128773 0.0161658 0.0191838 0.0217287 0.0236346 0.0247872 0.0251328 0.0246797 0.0234935 0.0216867 0.0194038 0.0168054 0.0140525 0.0112923 0.00864946 0.00622345 0.00410133 0.00238248 0.00116922 0.00047337 0.000159741 4.64414e-05 1.20416e-05 2.85629e-06 6.29651e-07 1.30055e-07 2.52089e-08 4.55622e-09 7.53421e-10 1.09123e-10 1.24618e-11 7.98142e-13 0 
0 7.59377e-06 8.68515e-05 0.0004658 0.00154347 0.00352097 0.00620474 0.00930556 0.0125836 0.0158163 0.0187863 0.0212947 0.0231783 0.0243246 0.0246797 0.0242509 0.0231016 0.0213411 0.0191104 0.0165664 0.0138669 0.0111563 0.00855741 0.00616861 0.00407639 0.00237893 0.00117654 0.000481954 0.00016525 4.90315e-05 1.30434e-05 3.19514e-06 7.3302e-07 1.58857e-07 3.25439e-08 6.24739e-09 1.09867e-09 1.68749e-10 2.03025e-11 1.35756e-12 0 
0 6.6567e-06 7.63387e-05 0.000413548 0.00139426 0.00323886 0.00578257 0.00873981 0.0118721 0.0149643 0.0178086 0.0202148 0.0220271 0.0231373 0.0234935 0.0231016 0.0220212 0.0203554 0.0182381 0.0158185 0.0132463 0.0106595 0.00817556 0.00588998 0.00388895 0.0022701 0.00112782 0.000467892 0.000164188 5.04187e-05 1.40399e-05 3.64091e-06 8.93094e-07 2.08323e-07 4.60079e-08 9.48174e-09 1.77402e-09 2.86419e-10 3.57553e-11 2.45045e-12 0 
0 5.38891e-06 6.20252e-05 0.000340994 0.00118056 0.00282398 0.00515435 0.00789546 0.0108091 0.0136895 0.0163423 0.0185907 0.0202894 0.0213377 0.0216867 0.0213411 0.0203554 0.0188248 0.0168726 0.0146368 0.012256 0.00985792 0.00755211 0.00542978 0.00357634 0.00208723 0.00104519 0.000443612 0.000162284 5.29435e-05 1.59205e-05 4.50871e-06 1.21232e-06 3.08525e-07 7.34668e-08 1.60676e-08 3.13707e-09 5.20425e-10 6.58969e-11 4.53444e-12 0 
0 4.0295e-06 4.65383e-05 0.000260311 0.000931927 0.00232014 0.00437419 0.00684007 0.0094787 0.012093 0.0145043 0.0165518 0.0181041 0.0190696 0.0194038 0.0191104 0.0182381 0.0168726 0.015125 0.0131193 0.0109807 0.00882437 0.00675025 0.00484409 0.00318889 0.00187257 0.00095862 0.000426438 0.000168118 6.04757e-05 2.02936e-05 6.4038e-06 1.89316e-06 5.19034e-07 1.3024e-07 2.94189e-08 5.83578e-09 9.71421e-10 1.22312e-10 8.31706e-12 0 
0 2.78201e-06 3.21924e-05 0.000183202 0.000680744 0.00177994 0.00350621 0.00565001 0.00797391 0.0102861 0.0124229 0.0142412 0.0156247 0.0164926 0.0168054 0.0165664 0.0158185 0.0146368 0.0131193 0.0113754 0.00951524 0.0076409 0.00584202 0.00419793 0.00278488 0.00167389 0.000901779 0.000437251 0.000193658 7.93165e-05 3.0086e-05 1.04925e-05 3.33134e-06 9.54437e-07 2.44732e-07 5.55539e-08 1.09456e-08 1.79561e-09 2.21715e-10 1.47422e-11 0 
0 1.77251e-06 2.0494e-05 0.000118347 0.000456261 0.00125995 0.00262269 0.00440673 0.00638929 0.00837979 0.0102259 0.011801 0.0130042 0.0137659 0.0140525 0.0138669 0.0132463 0.012256 0.0109807 0.00951524 0.00795553 0.00639115 0.00490199 0.00355874 0.00242288 0.00153734 0.000908591 0.000501043 0.0002567 0.000120492 5.08845e-05 1.90601e-05 6.28922e-06 1.82552e-06 4.65894e-07 1.04062e-07 2.00351e-08 3.19949e-09 3.83905e-10 2.47955e-11 0 
0 1.04171e-06 1.19901e-05 6.99186e-05 0.000278372 0.000812008 0.00180118 0.00319668 0.00481777 0.00647821 0.00803077 0.00936118 0.0103823 0.0110354 0.0112923 0.0111563 0.0106595 0.00985792 0.00882437 0.0076409 0.00639115 0.00515431 0.00400073 0.00298756 0.00215156 0.0015003 0.0010119 0.000650504 0.000386795 0.000205053 9.39974e-05 3.66926e-05 1.22059e-05 3.49396e-06 8.68643e-07 1.87867e-07 3.49348e-08 5.38581e-09 6.24352e-10 3.90176e-11 0 
0 5.64649e-07 6.44236e-06 3.76967e-05 0.00015372 0.000470703 0.00111475 0.00211211 0.00335412 0.00467813 0.00594044 0.0070327 0.00787725 0.00842388 0.00864946 0.00855741 0.00817556 0.00755211 0.00675025 0.00584202 0.00490199 0.00400073 0.00319693 0.00252772 0.0019997 0.00158835 0.00125038 0.000944059 0.000650237 0.000386048 0.000188807 7.46687e-05 2.41553e-05 6.58359e-06 1.55264e-06 3.19803e-07 5.68933e-08 8.42073e-09 9.40072e-10 5.67452e-11 0 
0 2.82372e-07 3.17967e-06 1.85415e-05 7.66482e-05 0.000243509 0.00061151 0.00124087 0.00209983 0.00307861 0.0040504 0.00491078 0.00558596 0.00603028 0.00622345 0.00616861 0.00588998 0.00542978 0.00484409 0.00419793 0.00355874 0.00298756 0.00252772 0.00219469 0.00197489 0.00183808 0.00174312 0.00160788 0.00132145 0.000882953 0.000452418 0.000174555 5.18701e-05 1.25912e-05 2.66475e-06 5.06431e-07 8.50803e-08 1.20389e-08 1.29304e-09 7.54179e-11 0 
0 1.30388e-07 1.44313e-06 8.33157e-06 3.45504e-05 0.000112249 0.000294609 0.000635351 0.00114844 0.00178702 0.00246468 0.00309222 0.00359984 0.00394297 0.00410133 0.00407639 0.00388895 0.00357634 0.00318889 0.00278488 0.00242288 0.00215156 0.0019997 0.00197489 0.00209105 0.00242979 0.00307483 0.00372733 0.00366216 0.00264464 0.00135659 0.000493145 0.000129633 2.62317e-05 4.56265e-06 7.48311e-07 1.15396e-07 1.55128e-08 1.6042e-09 9.06274e-11 0 
0 5.56644e-08 6.03388e-07 3.42939e-06 1.41344e-05 4.63013e-05 0.000124772 0.000281242 0.000537668 0.000887005 0.00128941 0.00168741 0.00202578 0.00226436 0.00238248 0.00237893 0.0022701 0.00208723 0.00187257 0.00167389 0.00153734 0.0015003 0.00158835 0.00183808 0.00242979 0.00394616 0.00696909 0.0103284 0.0110709 0.00816399 0.004097 0.00140813 0.000336508 5.80363e-05 8.02237e-06 1.05018e-06 1.41178e-07 1.77924e-08 1.77406e-09 9.74948e-11 0 
0 2.20064e-08 2.32944e-07 1.29751e-06 5.27606e-06 1.72248e-05 4.68793e-05 0.000108309 0.000215008 0.000371187 0.000565203 0.000771016 0.000956825 0.00109507 0.00116922 0.00117654 0.00112782 0.00104519 0.00095862 0.000901779 0.000908591 0.0010119 0.00125038 0.00174312 0.00307483 0.00696909 0.014964 0.0239244 0.026305 0.0194732 0.00965882 0.00322175 0.00073077 0.000114954 1.34302e-05 1.38986e-06 1.55102e-07 1.79732e-08 1.73064e-09 9.30732e-11 0 
0 8.07106e-09 8.3244e-08 4.52905e-07 1.80726e-06 5.83045e-06 1.58251e-05 3.68535e-05 7.45288e-05 0.000132184 0.000207712 0.000292408 0.00037308 0.000436414 0.00047337 0.000481954 0.000467892 0.000443612 0.000426438 0.000437251 0.000501043 0.000650504 0.000944059 0.00160788 0.00372733 0.0103284 0.0239244 0.039151 0.0433528 0.032122 0.01587 0.00523188 0.00115836 0.00017421 1.85536e-05 1.61861e-06 1.49987e-07 1.58139e-08 1.47611e-09 7.82774e-11 0 
0 2.75101e-09 2.76036e-08 1.46361e-07 5.71075e-07 1.81033e-06 4.8588e-06 1.12717e-05 2.28826e-05 4.10233e-05 6.5489e-05 9.38897e-05 0.000121993 0.000145083 0.000159741 0.00016525 0.000164188 0.000162284 0.000168118 0.000193658 0.0002567 0.000386795 0.000650237 0.00132145 0.00366216 0.0110709 0.026305 0.0433528 0.0481058 0.0356522 0.0175921 0.00577624 0.00126612 0.000186496 1.89948e-05 1.50644e-06 1.22375e-07 1.19488e-08 1.09287e-09 5.76844e-11 0 
0 8.72747e-10 8.51165e-09 4.3921e-08 1.672e-07 5.19007e-07 1.37029e-06 3.14368e-06 6.3466e-06 1.13756e-05 1.82382e-05 2.63479e-05 3.45714e-05 4.1589e-05 4.64414e-05 4.90315e-05 5.04187e-05 5.29435e-05 6.04757e-05 7.93165e-05 0.000120492 0.000205053 0.000386048 0.000882953 0.00264464 0.00816399 0.0194732 0.032122 0.0356522 0.026423 0.0130355 0.00427649 0.000934243 0.000136442 1.36567e-05 1.04431e-06 8.04777e-08 7.64221e-09 6.98835e-10 3.71202e-11 0 
0 2.57956e-10 2.44428e-09 1.22665e-08 4.55059e-08 1.38051e-07 3.57499e-07 8.07751e-07 1.61305e-06 2.87232e-06 4.59364e-06 6.644e-06 8.75811e-06 1.06268e-05 1.20416e-05 1.30434e-05 1.40399e-05 1.59205e-05 2.02936e-05 3.0086e-05 5.08845e-05 9.39974e-05 0.000188807 0.000452418 0.00135659 0.004097 0.00965882 0.01587 0.0175921 0.0130355 0.00643413 0.00211282 0.000461585 6.73515e-05 6.75459e-06 5.23166e-07 4.16845e-08 4.1097e-09 3.85278e-10 2.08298e-11 0 
0 7.10401e-11 6.54056e-10 3.19193e-09 1.15347e-08 3.41696e-08 8.66646e-08 1.92443e-07 3.79087e-07 6.68416e-07 1.06259e-06 1.53368e-06 2.02633e-06 2.47842e-06 2.85629e-06 3.19514e-06 3.64091e-06 4.50871e-06 6.4038e-06 1.04925e-05 1.90601e-05 3.66926e-05 7.46687e-05 0.000174555 0.000493145 0.00140813 0.00322175 0.00523188 0.00577624 0.00427649 0.00211282 0.000695117 0.000152248 2.23776e-05 2.29964e-06 1.9097e-07 1.72223e-08 1.86976e-09 1.83465e-10 1.0195e-11 0 
0 1.82059e-11 1.62935e-10 7.73526e-10 2.72336e-09 7.87665e-09 1.95569e-08 4.26423e-08 8.27577e-08 1.44276e-07 2.27635e-07 3.27472e-07 4.33472e-07 5.35078e-07 6.29651e-07 7.3302e-07 8.93094e-07 1.21232e-06 1.89316e-06 3.33134e-06 6.28922e-06 1.22059e-05 2.41553e-05 5.18701e-05 0.000129633 0.000336508 0.00073077 0.00115836 0.00126612 0.000934243 0.000461585 0.000152248 3.36051e-05 5.05269e-06 5.53589e-07 5.35291e-08 5.93281e-09 7.30397e-10 7.57451e-11 4.35655e-12 0 
0 4.32729e-12 3.76718e-11 1.74101e-10 5.97528e-10 1.68798e-09 4.10345e-09 8.78478e-09 1.67919e-08 2.89322e-08 4.529e-08 6.49393e-08 8.61985e-08 1.07665e-07 1.30055e-07 1.58857e-07 2.08323e-07 3.08525e-07 5.19034e-07 9.54437e-07 1.82552e-06 3.49396e-06 6.58359e-06 1.25912e-05 2.62317e-05 5.80363e-05 0.000114954 0.00017421 0.000186496 0.000136442 6.73515e-05 2.23776e-05 5.05269e-06 8.06077e-07 1.01907e-07 1.27305e-08 1.79226e-09 2.48103e-10 2.71956e-11 1.62611e-12 0 
0 9.476e-13 8.03205e-12 3.61697e-11 1.21118e-10 3.34438e-10 7.96478e-10 1.67486e-09 3.1541e-09 5.37244e-09 8.34735e-09 1.19402e-08 1.59238e-08 2.02017e-08 2.52089e-08 3.25439e-08 4.60079e-08 7.34668e-08 1.3024e-07 2.44732e-07 4.65894e-07 8.68643e-07 1.55264e-06 2.66475e-06 4.56265e-06 8.02237e-06 1.34302e-05 1.85536e-05 1.89948e-05 1.36567e-05 6.75459e-06 2.29964e-06 5.53589e-07 1.01907e-07 1.67452e-08 2.84084e-09 4.85812e-10 7.35312e-11 8.49048e-12 5.29156e-13 0 
0 1.88849e-13 1.56022e-12 6.85366e-12 2.24161e-11 6.05616e-11 1.41421e-10 2.92334e-10 5.42765e-10 9.14627e-10 1.41191e-09 2.01805e-09 2.71171e-09 3.51109e-09 4.55622e-09 6.24739e-09 9.48174e-09 1.60676e-08 2.94189e-08 5.55539e-08 1.04062e-07 1.87867e-07 3.19803e-07 5.06431e-07 7.48311e-07 1.05018e-06 1.38986e-06 1.61861e-06 1.50644e-06 1.04431e-06 5.23166e-07 1.9097e-07 5.35291e-08 1.27305e-08 2.84084e-09 6.06096e-10 1.16838e-10 1.88924e-11 2.29161e-12 1.49077e-13 0 
0 3.3483e-14 2.69947e-13 1.15815e-12 3.70427e-12 9.80321e-12 2.24706e-11 4.57066e-11 8.37499e-11 1.39779e-10 2.14706e-10 3.07343e-10 4.17663e-10 5.54986e-10 7.53421e-10 1.09867e-09 1.77402e-09 3.13707e-09 5.83578e-09 1.09456e-08 2.00351e-08 3.49348e-08 5.68933e-08 8.50803e-08 1.15396e-07 1.41178e-07 1.55102e-07 1.49987e-07 1.22375e-07 8.04777e-08 4.16845e-08 1.72223e-08 5.93281e-09 1.79226e-09 4.85812e-10 1.16838e-10 2.4222e-11 4.13571e-12 5.26073e-13 3.57377e-14 0 
0 5.04863e-15 3.97692e-14 1.66854e-13 5.22557e-13 1.35635e-12 3.05544e-12 6.12289e-12 1.10861e-11 1.83527e-11 2.81058e-11 4.04128e-11 5.57889e-11 7.65147e-11 1.09123e-10 1.68749e-10 2.86419e-10 5.20425e-10 9.71421e-10 1.79561e-09 3.19949e-09 5.38581e-09 8.42073e-09 1.20389e-08 1.55128e-08 1.77924e-08 1.79732e-08 1.58139e-08 1.19488e-08 7.64221e-09 4.1097e-09 1.86976e-09 7.30397e-10 2.48103e-10 7.35312e-11 1.88924e-11 4.13571e-12 7.41794e-13 9.87945e-14 7.00545e-15 0 
0 5.8322e-16 4.49438e-15 1.84642e-14 5.66963e-14 1.44522e-13 3.20371e-13 6.33333e-13 1.13476e-12 1.86668e-12 2.85717e-12 4.14157e-12 5.8368e-12 8.30528e-12 1.24618e-11 2.03025e-11 3.57553e-11 6.58969e-11 1.22312e-10 2.21715e-10 3.83905e-10 6.24352e-10 9.40072e-10 1.29304e-09 1.6042e-09 1.77406e-09 1.73064e-09 1.47611e-09 1.09287e-09 6.98835e-10 3.85278e-10 1.83465e-10 7.57451e-11 2.71956e-11 8.49048e-12 2.29161e-12 5.26073e-13 9.87945e-14 1.375e-14 1.01658e-15 0 
0 3.68171e-17 2.77902e-16 1.1194e-15 3.37451e-15 8.4588e-15 1.84772e-14 3.60862e-14 6.40903e-14 1.04985e-13 1.61083e-13 2.36364e-13 3.41786e-13 5.0646e-13 7.98142e-13 1.35756e-12 2.45045e-12 4.53444e-12 8.31706e-12 1.47422e-11 2.47955e-11 3.90176e-11 5.67452e-11 7.54179e-11 9.06274e-11 9.74948e-11 9.30732e-11 7.82774e-11 5.76844e-11 3.71202e-11 2.08298e-11 1.0195e-11 4.35655e-12 1.62611e-12 5.29156e-13 1.49077e-13 3.57377e-14 7.00545e-15 1.01658e-15 7.824e-17 0 
0 0 0 0 0 0 0 0 0 0 0 0 0 0 0 0 0 0 0 0 0 0 0 0 0 0 0 0 0 0 0 0 0 0 0 0 0 0 0 0 0 
