0 0 0 0 0 0 0 0 0 0 0 0 0 0 0 0 0 0 0 0 0 0 0 0 0 0 0 0 0 0 0 0 0 0 0 0 0 0 0 0 0 
0 2.55199e-07 2.29606e-06 1.03141e-05 3.21001e-05 7.69622e-05 0.000150656 0.000251353 0.000369979 0.00049372 0.000609679 0.000707104 0.000778279 0.000818639 0.000826566 0.000803062 0.000751375 0.000676596 0.000585218 0.000484636 0.000382536 0.000286178 0.000201572 0.000132705 8.10519e-05 4.56045e-05 2.34991e-05 1.10418e-05 4.71996e-06 1.83419e-06 6.48259e-07 2.08541e-07 6.10754e-08 1.62614e-08 3.91836e-09 8.45943e-10 1.60301e-10 2.55377e-11 3.08698e-12 2.02271e-13 0 
0 2.29606e-06 2.12374e-05 9.5222e-05 0.000284723 0.000634039 0.00113152 0.00171871 0.00232794 0.00290463 0.0034097 0.00381571 0.00410412 0.00426445 0.00429409 0.00419795 0.00398749 0.0036794 0.00329388 0.00285333 0.00238132 0.00190237 0.00144191 0.00102544 0.000675548 0.000406934 0.000221595 0.000108224 4.72399e-05 1.84435e-05 6.4631e-06 2.04174e-06 5.83498e-07 1.51034e-07 3.53163e-08 7.39514e-09 1.35971e-09 2.10387e-10 2.4733e-11 1.57851e-12 0 
0 1.03141e-05 9.5222e-05 0.000405462 0.00109494 0.0021521 0.00342549 0.00477123 0.00609557 0.00732917 0.00841017 0.00928382 0.00990742 0.0102546 0.0103175 0.0101062 0.00964715 0.00897914 0.00814888 0.00720608 0.00619876 0.00516965 0.00415504 0.00318699 0.00229888 0.0015296 0.000918568 0.000488204 0.000226826 9.19e-05 3.26583e-05 1.02792e-05 2.89236e-06 7.31915e-07 1.6669e-07 3.39435e-08 6.06819e-09 9.13545e-10 1.04617e-10 6.51354e-12 0 
0 3.21001e-05 0.000284723 0.00109494 0.00258607 0.00453384 0.00671097 0.0089893 0.011259 0.0133997 0.0152908 0.0168261 0.0179245 0.0185365 0.0186466 0.0182728 0.0174622 0.0162851 0.0148266 0.0131787 0.0114315 0.00966649 0.00794974 0.00632863 0.00483282 0.00348403 0.00231352 0.00137162 0.00070464 0.000308093 0.000114602 3.67363e-05 1.03211e-05 2.57587e-06 5.74676e-07 1.14267e-07 1.99247e-08 2.92613e-09 3.27164e-10 1.99123e-11 0 
0 7.69622e-05 0.000634039 0.0021521 0.00453384 0.00744045 0.0106945 0.014149 0.01762 0.0209061 0.023814 0.0261767 0.0278676 0.0288097 0.0289788 0.0284026 0.027154 0.0253416 0.0230974 0.0205642 0.0178834 0.015184 0.0125745 0.0101365 0.00792093 0.0059478 0.00421804 0.0027425 0.00156984 0.000760558 0.000305544 0.00010236 2.92259e-05 7.27523e-06 1.60166e-06 3.12562e-07 5.33663e-08 7.66972e-09 8.39537e-10 5.00715e-11 0 
0 0.000150656 0.00113152 0.00342549 0.00671097 0.0106945 0.0152103 0.0200339 0.0248909 0.0294931 0.0335669 0.0368776 0.0392473 0.0405675 0.0408045 0.0399967 0.0382466 0.0357066 0.0325623 0.0290141 0.0252608 0.0214847 0.0178403 0.0144469 0.0113843 0.00869119 0.00636583 0.00438201 0.00273156 0.00146578 0.000647402 0.000231864 6.85267e-05 1.72269e-05 3.77293e-06 7.267e-07 1.22012e-07 1.72204e-08 1.85096e-09 1.08467e-10 0 
0 0.000251353 0.00171871 0.00477123 0.0089893 0.014149 0.0200339 0.0263311 0.0326753 0.038688 0.0440114 0.0483405 0.0514481 0.0531893 0.0535032 0.0524354 0.0501345 0.0468093 0.0426996 0.0380639 0.0331613 0.0282304 0.0234739 0.0190497 0.0150663 0.0115819 0.00860586 0.00610252 0.00401716 0.00233842 0.00113364 0.000439447 0.000136466 3.50498e-05 7.69776e-06 1.4716e-06 2.44018e-07 3.39422e-08 3.59356e-09 2.07476e-10 0 
0 0.000369979 0.00232794 0.00609557 0.011259 0.01762 0.0248909 0.0326753 0.0405192 0.0479546 0.0545521 0.0599932 0.064055 0.0664462 0.0668909 0.0654028 0.0623149 0.0580538 0.0529251 0.0471861 0.0411245 0.0350291 0.0291508 0.0236854 0.0187688 0.0144771 0.0108299 0.00779364 0.005293 0.00325849 0.00170717 0.000716 0.000235531 6.23505e-05 1.3825e-05 2.63651e-06 4.33495e-07 5.9629e-08 6.23714e-09 3.55755e-10 0 
0 0.00049372 0.00290463 0.00732917 0.0133997 0.0209061 0.0294931 0.038688 0.0479546 0.0567591 0.0647234 0.0716833 0.0770376 0.0800255 0.0805689 0.0787766 0.0747701 0.0691353 0.0627207 0.0558477 0.0486757 0.0414756 0.0345332 0.0280798 0.0222768 0.0172158 0.0129243 0.00937183 0.0064757 0.00413065 0.00229287 0.00103009 0.000359038 9.84014e-05 2.2131e-05 4.22697e-06 6.9151e-07 9.43552e-08 9.77825e-09 5.52429e-10 0 
0 0.000609679 0.0034097 0.00841017 0.0152908 0.023814 0.0335669 0.0440114 0.0545521 0.0647234 0.0743946 0.0825269 0.0875962 0.0900406 0.0904872 0.0890934 0.0856252 0.0796649 0.0718286 0.0636142 0.0553742 0.0471866 0.0393012 0.0319724 0.0253835 0.0196396 0.0147744 0.0107583 0.00750588 0.00489271 0.00282667 0.00134081 0.000492105 0.000139601 3.19118e-05 6.12031e-06 9.98902e-07 1.3556e-07 1.39542e-08 7.82745e-10 0 
0 0.000707104 0.00381571 0.00928382 0.0168261 0.0261767 0.0368776 0.0483405 0.0599932 0.0716833 0.0825269 0.0897934 0.0938249 0.0957908 0.0961682 0.0950672 0.0923264 0.0874355 0.0796892 0.0702151 0.0608709 0.0518353 0.0431801 0.0351392 0.0279109 0.0216111 0.0162778 0.0118819 0.00833562 0.00550457 0.0032645 0.00161079 0.000616202 0.00018016 4.1834e-05 8.06565e-06 1.31578e-06 1.77984e-07 1.82393e-08 1.0181e-09 0 
0 0.000778279 0.00410412 0.00990742 0.0179245 0.0278676 0.0392473 0.0514481 0.064055 0.0770376 0.0875962 0.0938249 0.0973348 0.0990812 0.0994279 0.0984625 0.0960672 0.0918523 0.0849917 0.075236 0.064908 0.0551775 0.045962 0.0374105 0.0297239 0.0230254 0.0173563 0.012687 0.00892829 0.00594027 0.00357976 0.00181286 0.000714245 0.000213688 5.02625e-05 9.74015e-06 1.59002e-06 2.14755e-07 2.19527e-08 1.22188e-09 0 
0 0.000818639 0.00426445 0.0102546 0.0185365 0.0288097 0.0405675 0.0531893 0.0664462 0.0800255 0.0900406 0.0957908 0.0990812 0.100735 0.101069 0.100163 0.0979145 0.0939904 0.0876369 0.0781008 0.0672407 0.0570571 0.0475199 0.038683 0.0307402 0.0238189 0.0179618 0.0131395 0.00926152 0.00618559 0.00375912 0.00193122 0.00077409 0.000234919 5.57326e-05 1.0843e-05 1.77229e-06 2.39353e-07 2.44499e-08 1.3596e-09 0 
0 0.000826566 0.00429409 0.0103175 0.0186466 0.0289788 0.0408045 0.0535032 0.0668909 0.0805689 0.0904872 0.0961682 0.0994279 0.101069 0.101402 0.100505 0.0982787 0.0943981 0.0881241 0.0786398 0.0676848 0.0574104 0.0478134 0.0389241 0.0309343 0.0239718 0.0180799 0.0132293 0.0093294 0.00623773 0.00379983 0.00196035 0.00079003 0.000240962 5.73744e-05 1.11889e-05 1.83172e-06 2.47675e-07 2.53261e-08 1.40973e-09 0 
0 0.000803062 0.00419795 0.0101062 0.0182728 0.0284026 0.0399967 0.0524354 0.0654028 0.0787766 0.0890934 0.0950672 0.0984625 0.100163 0.100505 0.0995722 0.0972575 0.0932028 0.0866173 0.0769306 0.0662725 0.0562865 0.0468871 0.0381709 0.0303357 0.0235075 0.0177287 0.0129703 0.00914266 0.00610519 0.00370814 0.00190355 0.000762914 0.000231826 5.51389e-05 1.07626e-05 1.76549e-06 2.39343e-07 2.45461e-08 1.37061e-09 0 
0 0.000751375 0.00398749 0.00964715 0.0174622 0.027154 0.0382466 0.0501345 0.0623149 0.0747701 0.0856252 0.0923264 0.0960672 0.0979145 0.0982787 0.0972575 0.0947167 0.0902189 0.0829328 0.0731784 0.0632683 0.0538415 0.0448611 0.036521 0.0290229 0.0224876 0.0169554 0.0123979 0.00872726 0.0058069 0.0034985 0.00177192 0.000699506 0.000210241 4.97744e-05 9.71791e-06 1.59903e-06 2.17764e-07 2.24524e-08 1.26097e-09 0 
0 0.000676596 0.0036794 0.00897914 0.0162851 0.0253416 0.0357066 0.0468093 0.0580538 0.0691353 0.0796649 0.0874355 0.0918523 0.0939904 0.0943981 0.0932028 0.0902189 0.0849057 0.0769583 0.0679332 0.0590255 0.0502985 0.0419138 0.0341204 0.0271129 0.0210038 0.0158304 0.0115648 0.00812174 0.00537105 0.00319331 0.00158382 0.000611419 0.000180962 4.25947e-05 8.32713e-06 1.37761e-06 1.89033e-07 1.96598e-08 1.11439e-09 0 
0 0.000585218 0.00329388 0.00814888 0.0148266 0.0230974 0.0325623 0.0426996 0.0529251 0.0627207 0.0718286 0.0796892 0.0849917 0.0876369 0.0881241 0.0866173 0.0829328 0.0769583 0.0695787 0.061804 0.0538552 0.0459156 0.0382624 0.0311471 0.0247482 0.0191682 0.0144401 0.0105362 0.00737438 0.0048345 0.00282367 0.00136464 0.000513702 0.000149777 3.51444e-05 6.90643e-06 1.15384e-06 1.60255e-07 1.68876e-08 9.70263e-10 0 
0 0.000484636 0.00285333 0.00720608 0.0131787 0.0205642 0.0290141 0.0380639 0.0471861 0.0558477 0.0636142 0.0702151 0.075236 0.0781008 0.0786398 0.0769306 0.0731784 0.0679332 0.061804 0.0550933 0.048049 0.04097 0.0341422 0.0277939 0.022084 0.0171032 0.0128796 0.00938495 0.00654141 0.00424416 0.00243157 0.00114648 0.000423111 0.000122488 2.88854e-05 5.7483e-06 9.76055e-07 1.37957e-07 1.47949e-08 8.64472e-10 0 
0 0.000382536 0.00238132 0.00619876 0.0114315 0.0178834 0.0252608 0.0331613 0.0411245 0.0486757 0.0553742 0.0608709 0.064908 0.0672407 0.0676848 0.0662725 0.0632683 0.0590255 0.0538552 0.048049 0.0419119 0.0357395 0.0297867 0.0242524 0.0192747 0.0149317 0.0112456 0.0081882 0.00568867 0.00366213 0.00207299 0.000966967 0.000356247 0.000104146 2.49987e-05 5.07992e-06 8.80859e-07 1.26958e-07 1.38546e-08 8.21835e-10 0 
0 0.000286178 0.00190237 0.00516965 0.00966649 0.015184 0.0214847 0.0282304 0.0350291 0.0414756 0.0471866 0.0518353 0.0551775 0.0570571 0.0574104 0.0562865 0.0538415 0.0502985 0.0459156 0.04097 0.0357395 0.0304803 0.0254102 0.0206987 0.0164632 0.0127698 0.00963607 0.00703476 0.00490404 0.00317482 0.00181768 0.000865177 0.000327668 9.86531e-05 2.43113e-05 5.04584e-06 8.89106e-07 1.29652e-07 1.42634e-08 8.50451e-10 0 
0 0.000201572 0.00144191 0.00415504 0.00794974 0.0125745 0.0178403 0.0234739 0.0291508 0.0345332 0.0393012 0.0431801 0.045962 0.0475199 0.0478134 0.0468871 0.0448611 0.0419138 0.0382624 0.0341422 0.0297867 0.0254102 0.021195 0.0172836 0.0137777 0.0107412 0.00819565 0.00610211 0.00437054 0.00292358 0.0017452 0.0008743 0.000347886 0.000108497 2.7241e-05 5.69026e-06 1.00164e-06 1.45305e-07 1.58653e-08 9.3763e-10 0 
0 0.000132705 0.00102544 0.00318699 0.00632863 0.0101365 0.0144469 0.0190497 0.0236854 0.0280798 0.0319724 0.0351392 0.0374105 0.038683 0.0389241 0.0381709 0.036521 0.0341204 0.0311471 0.0277939 0.0242524 0.0206987 0.0172836 0.0141319 0.0113601 0.00909967 0.00742463 0.0061538 0.0048813 0.00343565 0.00206859 0.00104765 0.000426712 0.000134802 3.36517e-05 6.912e-06 1.19167e-06 1.69205e-07 1.80956e-08 1.04874e-09 0 
0 8.10519e-05 0.000675548 0.00229888 0.00483282 0.00792093 0.0113843 0.0150663 0.0187688 0.0222768 0.0253835 0.0279109 0.0297239 0.0307402 0.0309343 0.0303357 0.0290229 0.0271129 0.0247482 0.022084 0.0192747 0.0164632 0.0137777 0.0113601 0.00948209 0.00867088 0.00931041 0.0104921 0.0100957 0.00736237 0.0039932 0.00170647 0.000613627 0.000181113 4.28985e-05 8.41867e-06 1.39819e-06 1.92418e-07 2.00258e-08 1.13302e-09 0 
0 4.56045e-05 0.000406934 0.0015296 0.00348403 0.0059478 0.00869119 0.0115819 0.0144771 0.0172158 0.0196396 0.0216111 0.0230254 0.0238189 0.0239718 0.0235075 0.0224876 0.0210038 0.0191682 0.0171032 0.0149317 0.0127698 0.0107412 0.00909967 0.00867088 0.0113697 0.0186871 0.0277872 0.0318555 0.0214789 0.0108717 0.00389357 0.00108927 0.000262869 5.44448e-05 9.76927e-06 1.53507e-06 2.03728e-07 2.06219e-08 1.13986e-09 0 
0 2.34991e-05 0.000221595 0.000918568 0.00231352 0.00421804 0.00636583 0.00860586 0.0108299 0.0129243 0.0147744 0.0162778 0.0173563 0.0179618 0.0180799 0.0177287 0.0169554 0.0158304 0.0144401 0.0128796 0.0112456 0.00963607 0.00819565 0.00742463 0.00931041 0.0186871 0.0400862 0.0734297 0.0792714 0.0577778 0.0252977 0.0085135 0.00204166 0.000394833 6.71774e-05 1.04803e-05 1.52387e-06 1.94457e-07 1.9209e-08 1.04188e-09 0 
0 1.10418e-05 0.000108224 0.000488204 0.00137162 0.0027425 0.00438201 0.00610252 0.00779364 0.00937183 0.0107583 0.0118819 0.012687 0.0131395 0.0132293 0.0129703 0.0123979 0.0115648 0.0105362 0.00938495 0.0081882 0.00703476 0.00610211 0.0061538 0.0104921 0.0277872 0.0734297 0.0875947 0.0893964 0.0832885 0.0485631 0.0137165 0.00310722 0.00052678 7.53168e-05 1.00528e-05 1.33364e-06 1.63712e-07 1.58837e-08 8.51277e-10 0 
0 4.71996e-06 4.72399e-05 0.000226826 0.00070464 0.00156984 0.00273156 0.00401716 0.005293 0.0064757 0.00750588 0.00833562 0.00892829 0.00926152 0.0093294 0.00914266 0.00872726 0.00812174 0.00737438 0.00654141 0.00568867 0.00490404 0.00437054 0.0048813 0.0100957 0.0318555 0.0792714 0.0893964 0.0907467 0.0857482 0.0580817 0.0151239 0.0033633 0.000538779 6.92623e-05 8.18927e-06 1.00377e-06 1.19682e-07 1.1516e-08 6.15184e-10 0 
0 1.83419e-06 1.84435e-05 9.19e-05 0.000308093 0.000760558 0.00146578 0.00233842 0.00325849 0.00413065 0.00489271 0.00550457 0.00594027 0.00618559 0.00623773 0.00610519 0.0058069 0.00537105 0.0048345 0.00424416 0.00366213 0.00317482 0.00292358 0.00343565 0.00736237 0.0214789 0.0577778 0.0832885 0.0857482 0.0773513 0.0354737 0.0111992 0.00248512 0.000392064 4.8167e-05 5.36973e-06 6.34661e-07 7.51597e-08 7.26617e-09 3.90655e-10 0 
0 6.48259e-07 6.4631e-06 3.26583e-05 0.000114602 0.000305544 0.000647402 0.00113364 0.00170717 0.00229287 0.00282667 0.0032645 0.00357976 0.00375912 0.00379983 0.00370814 0.0034985 0.00319331 0.00282367 0.00243157 0.00207299 0.00181768 0.0017452 0.00206859 0.0039932 0.0108717 0.0252977 0.0485631 0.0580817 0.0354737 0.0168274 0.00555067 0.0012432 0.000198077 2.43934e-05 2.75021e-06 3.32822e-07 4.03486e-08 3.97627e-09 2.17257e-10 0 
0 2.08541e-07 2.04174e-06 1.02792e-05 3.67363e-05 0.00010236 0.000231864 0.000439447 0.000716 0.00103009 0.00134081 0.00161079 0.00181286 0.00193122 0.00196035 0.00190355 0.00177192 0.00158382 0.00136464 0.00114648 0.000966967 0.000865177 0.0008743 0.00104765 0.00170647 0.00389357 0.0085135 0.0137165 0.0151239 0.0111992 0.00555067 0.00185084 0.000424166 6.96886e-05 9.02662e-06 1.10759e-06 1.45486e-07 1.85481e-08 1.88693e-09 1.05694e-10 0 
0 6.10754e-08 5.83498e-07 2.89236e-06 1.03211e-05 2.92259e-05 6.85267e-05 0.000136466 0.000235531 0.000359038 0.000492105 0.000616202 0.000714245 0.00077409 0.00079003 0.000762914 0.000699506 0.000611419 0.000513702 0.000423111 0.000356247 0.000327668 0.000347886 0.000426712 0.000613627 0.00108927 0.00204166 0.00310722 0.0033633 0.00248512 0.0012432 0.000424166 0.00010085 1.76094e-05 2.55526e-06 3.65495e-07 5.402e-08 7.34483e-09 7.77866e-10 4.49813e-11 0 
0 1.62614e-08 1.51034e-07 7.31915e-07 2.57587e-06 7.27523e-06 1.72269e-05 3.50498e-05 6.23505e-05 9.84014e-05 0.000139601 0.00018016 0.000213688 0.000234919 0.000240962 0.000231826 0.000210241 0.000180962 0.000149777 0.000122488 0.000104146 9.86531e-05 0.000108497 0.000134802 0.000181113 0.000262869 0.000394833 0.00052678 0.000538779 0.000392064 0.000198077 6.96886e-05 1.76094e-05 3.45933e-06 6.04378e-07 1.04347e-07 1.73679e-08 2.51994e-09 2.79035e-10 1.67431e-11 0 
0 3.91836e-09 3.53163e-08 1.6669e-07 5.74676e-07 1.60166e-06 3.77293e-06 7.69776e-06 1.3825e-05 2.2131e-05 3.19118e-05 4.1834e-05 5.02625e-05 5.57326e-05 5.73744e-05 5.51389e-05 4.97744e-05 4.25947e-05 3.51444e-05 2.88854e-05 2.49987e-05 2.43113e-05 2.7241e-05 3.36517e-05 4.28985e-05 5.44448e-05 6.71774e-05 7.53168e-05 6.92623e-05 4.8167e-05 2.43934e-05 9.02662e-06 2.55526e-06 6.04378e-07 1.30882e-07 2.6625e-08 4.87435e-09 7.50525e-10 8.70519e-11 5.4383e-12 0 
0 8.45943e-10 7.39514e-09 3.39435e-08 1.14267e-07 3.12562e-07 7.267e-07 1.4716e-06 2.63651e-06 4.22697e-06 6.12031e-06 8.06565e-06 9.74015e-06 1.0843e-05 1.11889e-05 1.07626e-05 9.71791e-06 8.32713e-06 6.90643e-06 5.7483e-06 5.07992e-06 5.04584e-06 5.69026e-06 6.912e-06 8.41867e-06 9.76927e-06 1.04803e-05 1.00528e-05 8.18927e-06 5.36973e-06 2.75021e-06 1.10759e-06 3.65495e-07 1.04347e-07 2.6625e-08 6.04537e-09 1.18843e-09 1.93184e-10 2.34838e-11 1.53031e-12 0 
0 1.60301e-10 1.35971e-09 6.06819e-09 1.99247e-08 5.33663e-08 1.22012e-07 2.44018e-07 4.33495e-07 6.9151e-07 9.98902e-07 1.31578e-06 1.59002e-06 1.77229e-06 1.83172e-06 1.76549e-06 1.59903e-06 1.37761e-06 1.15384e-06 9.76055e-07 8.80859e-07 8.89106e-07 1.00164e-06 1.19167e-06 1.39819e-06 1.53507e-06 1.52387e-06 1.33364e-06 1.00377e-06 6.34661e-07 3.32822e-07 1.45486e-07 5.402e-08 1.73679e-08 4.87435e-09 1.18843e-09 2.47447e-10 4.23211e-11 5.38998e-12 3.66611e-13 0 
0 2.55377e-11 2.10387e-10 9.13545e-10 2.92613e-09 7.66972e-09 1.72204e-08 3.39422e-08 5.9629e-08 9.43552e-08 1.3556e-07 1.77984e-07 2.14755e-07 2.39353e-07 2.47675e-07 2.39343e-07 2.17764e-07 1.89033e-07 1.60255e-07 1.37957e-07 1.26958e-07 1.29652e-07 1.45305e-07 1.69205e-07 1.92418e-07 2.03728e-07 1.94457e-07 1.63712e-07 1.19682e-07 7.51597e-08 4.03486e-08 1.85481e-08 7.34483e-09 2.51994e-09 7.50525e-10 1.93184e-10 4.23211e-11 7.59543e-12 1.01232e-12 7.18447e-14 0 
0 3.08698e-12 2.4733e-11 1.04617e-10 3.27164e-10 8.39537e-10 1.85096e-09 3.59356e-09 6.23714e-09 9.77825e-09 1.39542e-08 1.82393e-08 2.19527e-08 2.44499e-08 2.53261e-08 2.45461e-08 2.24524e-08 1.96598e-08 1.68876e-08 1.47949e-08 1.38546e-08 1.42634e-08 1.58653e-08 1.80956e-08 2.00258e-08 2.06219e-08 1.9209e-08 1.58837e-08 1.1516e-08 7.26617e-09 3.97627e-09 1.88693e-09 7.77866e-10 2.79035e-10 8.70519e-11 2.34838e-11 5.38998e-12 1.01232e-12 1.4094e-13 1.04258e-14 0 
0 2.02271e-13 1.57851e-12 6.51354e-12 1.99123e-11 5.00715e-11 1.08467e-10 2.07476e-10 3.55755e-10 5.52429e-10 7.82745e-10 1.0181e-09 1.22188e-09 1.3596e-09 1.40973e-09 1.37061e-09 1.26097e-09 1.11439e-09 9.70263e-10 8.64472e-10 8.21835e-10 8.50451e-10 9.3763e-10 1.04874e-09 1.13302e-09 1.13986e-09 1.04188e-09 8.51277e-10 6.15184e-10 3.90655e-10 2.17257e-10 1.05694e-10 4.49813e-11 1.67431e-11 5.4383e-12 1.53031e-12 3.66611e-13 7.18447e-14 1.04258e-14 8.02619e-16 0 
0 0 0 0 0 0 0 0 0 0 0 0 0 0 0 0 0 0 0 0 0 0 0 0 0 0 0 0 0 0 0 0 0 0 0 0 0 0 0 0 0 
