0 0 0 0 0 0 0 0 0 0 0 0 0 0 0 0 0 0 0 0 0 0 0 0 0 0 0 0 0 0 0 0 0 0 0 0 0 0 0 0 0 
0 3.55819e-23 3.43618e-22 1.78261e-21 6.95853e-21 2.26759e-20 6.4528e-20 1.64106e-19 3.77959e-19 7.94823e-19 1.5345e-18 2.73037e-18 4.49087e-18 6.84496e-18 9.68954e-18 1.27653e-17 1.5683e-17 1.8004e-17 1.93511e-17 1.95111e-17 1.84885e-17 1.64938e-17 1.38744e-17 1.10195e-17 8.27195e-18 5.87281e-18 3.94445e-18 2.50569e-18 1.50424e-18 8.52142e-19 4.54476e-19 2.27438e-19 1.06294e-19 4.6081e-20 1.83487e-20 6.60904e-21 2.09941e-21 5.60899e-22 1.1332e-22 1.23284e-23 0 
0 3.43618e-22 3.40925e-21 1.81763e-20 7.2914e-20 2.44073e-19 7.12922e-19 1.85911e-18 4.38479e-18 9.42857e-18 1.85818e-17 3.36908e-17 5.63619e-17 8.72127e-17 1.25102e-16 1.66714e-16 2.06835e-16 2.3941e-16 2.59088e-16 2.62693e-16 2.50045e-16 2.2386e-16 1.88823e-16 1.50271e-16 1.12957e-16 8.02577e-17 5.39142e-17 3.42335e-17 2.05285e-17 1.16076e-17 6.17402e-18 3.07851e-18 1.43207e-18 6.17261e-19 2.44085e-19 8.72053e-20 2.74442e-20 7.25566e-21 1.44895e-21 1.55654e-22 0 
0 1.78261e-21 1.81763e-20 9.96371e-20 4.10976e-19 1.41409e-18 4.24284e-18 1.1354e-17 2.74462e-17 6.03988e-17 1.21621e-16 2.2491e-16 3.8306e-16 6.0235e-16 8.76469e-16 1.18275e-15 1.48349e-15 1.73338e-15 1.89104e-15 1.93056e-15 1.84834e-15 1.66291e-15 1.40842e-15 1.12466e-15 8.47706e-16 6.03553e-16 4.06009e-16 2.5797e-16 1.54669e-16 8.73617e-17 4.63694e-17 2.30459e-17 1.06725e-17 4.57359e-18 1.79565e-18 6.36092e-19 1.98216e-19 5.18218e-20 1.02214e-20 1.08332e-21 0 
0 6.95853e-21 7.2914e-20 4.10976e-19 1.7433e-18 6.16725e-18 1.90142e-17 5.2238e-17 1.29487e-16 2.91798e-16 6.00761e-16 1.13402e-15 1.96813e-15 3.14819e-15 4.65199e-15 6.36479e-15 8.08181e-15 9.54658e-15 1.0516e-14 1.0828e-14 1.04458e-14 9.46149e-15 8.0615e-15 6.47129e-15 4.89992e-15 3.50198e-15 2.36287e-15 1.50448e-15 9.03014e-16 5.10014e-16 2.70336e-16 1.33989e-16 6.17867e-17 2.63242e-17 1.02588e-17 3.60159e-18 1.11057e-18 2.86904e-19 5.58444e-20 5.83389e-21 0 
0 2.26759e-20 2.44073e-19 1.41409e-18 6.16725e-18 2.24291e-17 7.10545e-17 2.00426e-16 5.09564e-16 1.1763e-15 2.47742e-15 4.77675e-15 8.45495e-15 1.37718e-14 2.06914e-14 2.87432e-14 3.7007e-14 4.42717e-14 4.93359e-14 5.13435e-14 5.00193e-14 4.57171e-14 3.92776e-14 3.17699e-14 2.42201e-14 1.74138e-14 1.18083e-14 7.5477e-15 4.54196e-15 2.56815e-15 1.36062e-15 6.72891e-16 3.09045e-16 1.30895e-16 5.06177e-17 1.76015e-17 5.36679e-18 1.36877e-18 2.62658e-19 2.70176e-20 0 
0 6.4528e-20 7.12922e-19 4.24284e-18 1.90142e-17 7.10545e-17 2.31212e-16 6.69479e-16 1.74571e-15 4.12883e-15 8.89874e-15 1.75361e-14 3.16824e-14 5.26066e-14 8.04706e-14 1.13676e-13 1.48675e-13 1.80501e-13 2.03959e-13 2.15062e-13 2.12134e-13 1.96183e-13 1.70429e-13 1.39287e-13 1.072e-13 7.77325e-14 5.30968e-14 3.41395e-14 2.06321e-14 1.16947e-14 6.19882e-15 3.06055e-15 1.40026e-15 5.89501e-16 2.26102e-16 7.7822e-17 2.34419e-17 5.89648e-18 1.11424e-18 1.12721e-19 0 
0 1.64106e-19 1.85911e-18 1.1354e-17 5.2238e-17 2.00426e-16 6.69479e-16 1.98899e-15 5.31804e-15 1.28866e-14 2.84299e-14 5.7291e-14 1.0574e-13 1.79184e-13 2.79464e-13 4.02171e-13 5.35423e-13 6.61241e-13 7.59605e-13 8.13837e-13 8.15253e-13 7.65268e-13 6.74366e-13 5.58635e-13 4.35376e-13 3.19299e-13 2.20269e-13 1.42781e-13 8.68184e-14 4.94006e-14 2.62219e-14 1.29317e-14 5.89428e-15 2.46579e-15 9.37457e-16 3.19098e-16 9.48596e-17 2.35042e-17 4.36827e-18 4.3405e-19 0 
0 3.77959e-19 4.38479e-18 2.74462e-17 1.29487e-16 5.09564e-16 1.74571e-15 5.31804e-15 1.4574e-14 3.61781e-14 8.17134e-14 1.68474e-13 3.17927e-13 5.50498e-13 8.76801e-13 1.28792e-12 1.74941e-12 2.20355e-12 2.58102e-12 2.81877e-12 2.87736e-12 2.75116e-12 2.46799e-12 2.07954e-12 1.64669e-12 1.22526e-12 8.56013e-13 5.60736e-13 3.43697e-13 1.96595e-13 1.04592e-13 5.15405e-14 2.34021e-14 9.72337e-15 3.66127e-15 1.23115e-15 3.60736e-16 8.79267e-17 1.60486e-17 1.56403e-18 0 
0 7.94823e-19 9.42857e-18 6.03988e-17 2.91798e-16 1.1763e-15 4.12883e-15 1.28866e-14 3.61781e-14 9.19809e-14 2.12724e-13 4.4896e-13 8.67038e-13 1.53606e-12 2.50279e-12 3.76048e-12 5.22483e-12 6.73193e-12 8.06605e-12 9.01121e-12 9.40861e-12 9.19872e-12 8.43326e-12 7.25554e-12 5.85868e-12 4.43753e-12 3.14891e-12 2.08955e-12 1.29349e-12 7.44735e-13 3.97403e-13 1.95713e-13 8.8494e-14 3.64915e-14 1.35944e-14 4.50997e-15 1.30054e-15 3.1134e-16 5.57192e-17 5.31738e-18 0 
0 1.5345e-18 1.85818e-17 1.21621e-16 6.00761e-16 2.47742e-15 8.89874e-15 2.84299e-14 8.17134e-14 2.12724e-13 5.03804e-13 1.08902e-12 2.15439e-12 3.9107e-12 6.53072e-12 1.00608e-11 1.43381e-11 1.89575e-11 2.33184e-11 2.67514e-11 2.86856e-11 2.87984e-11 2.70957e-11 2.39e-11 1.97552e-11 1.52847e-11 1.10494e-11 7.44555e-12 4.66314e-12 2.70551e-12 1.44876e-12 7.12974e-13 3.20839e-13 1.31167e-13 4.82776e-14 1.57758e-14 4.46946e-15 1.04896e-15 1.8374e-16 1.71406e-17 0 
0 2.73037e-18 3.36908e-17 2.2491e-16 1.13402e-15 4.77675e-15 1.75361e-14 5.7291e-14 1.68474e-13 4.4896e-13 1.08902e-12 2.41238e-12 4.89388e-12 9.11618e-12 1.5635e-11 2.4758e-11 3.63005e-11 4.94217e-11 6.26462e-11 7.41085e-11 8.19702e-11 8.48796e-11 8.23255e-11 7.47694e-11 6.3518e-11 5.0379e-11 3.72132e-11 2.5523e-11 1.61988e-11 9.47918e-12 5.09461e-12 2.50427e-12 1.12042e-12 4.53478e-13 1.64618e-13 5.28832e-14 1.46896e-14 3.37305e-15 5.77127e-16 5.25296e-17 0 
0 4.49087e-18 5.63619e-17 3.8306e-16 1.96813e-15 8.45495e-15 3.16824e-14 1.0574e-13 3.17927e-13 8.67038e-13 2.15439e-12 4.89388e-12 1.01924e-11 1.9516e-11 3.44509e-11 5.62271e-11 8.50887e-11 1.19725e-10 1.57032e-10 1.92395e-10 2.20524e-10 2.36643e-10 2.37711e-10 2.23291e-10 1.95756e-10 1.59736e-10 1.20917e-10 8.45949e-11 5.44828e-11 3.21738e-11 1.73519e-11 8.51185e-12 3.78081e-12 1.51215e-12 5.40243e-13 1.70226e-13 4.62524e-14 1.0367e-14 1.72886e-15 1.53222e-16 0 
0 6.84496e-18 8.72127e-17 6.0235e-16 3.14819e-15 1.37718e-14 5.26066e-14 1.79184e-13 5.50498e-13 1.53606e-12 3.9107e-12 9.11618e-12 1.9516e-11 3.84794e-11 7.00768e-11 1.18219e-10 1.8527e-10 2.70458e-10 3.6862e-10 4.69907e-10 5.60837e-10 6.26748e-10 6.55201e-10 6.39469e-10 5.80957e-10 4.89459e-10 3.80769e-10 2.72265e-10 1.78127e-10 1.06169e-10 5.74187e-11 2.80699e-11 1.23544e-11 4.87136e-12 1.70842e-12 5.2658e-13 1.39582e-13 3.04614e-14 4.9395e-15 4.25342e-16 0 
0 9.68954e-18 1.25102e-16 8.76469e-16 4.65199e-15 2.06914e-14 8.04706e-14 2.79464e-13 8.76801e-13 2.50279e-12 6.53072e-12 1.5635e-11 3.44509e-11 7.00768e-11 1.31979e-10 2.30818e-10 3.75922e-10 5.71604e-10 8.13127e-10 1.0836e-09 1.35335e-09 1.58296e-09 1.73072e-09 1.7633e-09 1.66707e-09 1.45526e-09 1.16656e-09 8.53997e-10 5.67961e-10 3.41573e-10 1.85027e-10 8.9968e-11 3.9138e-11 1.51702e-11 5.20657e-12 1.56497e-12 4.03485e-13 8.54934e-14 1.34458e-14 1.12243e-15 0 
0 1.27653e-17 1.66714e-16 1.18275e-15 6.36479e-15 2.87432e-14 1.13676e-13 4.02171e-13 1.28792e-12 3.76048e-12 1.00608e-11 2.4758e-11 5.62271e-11 1.18219e-10 2.30818e-10 4.19751e-10 7.12947e-10 1.1337e-09 1.69072e-09 2.36667e-09 3.10862e-09 3.82519e-09 4.39608e-09 4.6976e-09 4.6413e-09 4.21257e-09 3.4885e-09 2.61841e-09 1.77078e-09 1.0737e-09 5.81512e-10 2.80518e-10 1.20235e-10 4.56537e-11 1.52786e-11 4.4626e-12 1.11536e-12 2.28763e-13 3.48016e-14 2.80989e-15 0 
0 1.5683e-17 2.06835e-16 1.48349e-15 8.08181e-15 3.7007e-14 1.48675e-13 5.35423e-13 1.74941e-12 5.22483e-12 1.43381e-11 3.63005e-11 8.50887e-11 1.8527e-10 3.75922e-10 7.12947e-10 1.26725e-09 2.1157e-09 3.32223e-09 4.90797e-09 6.81379e-09 8.86579e-09 1.07643e-08 1.21223e-08 1.25699e-08 1.19033e-08 1.0208e-08 7.8655e-09 5.40869e-09 3.30217e-09 1.78383e-09 8.50895e-10 3.57956e-10 1.32593e-10 4.30884e-11 1.21809e-11 2.94052e-12 5.81914e-13 8.53948e-14 6.65342e-15 0 
0 1.8004e-17 2.3941e-16 1.73338e-15 9.54658e-15 4.42717e-14 1.80501e-13 6.61241e-13 2.20355e-12 6.73193e-12 1.89575e-11 4.94217e-11 1.19725e-10 2.70458e-10 5.71604e-10 1.1337e-09 2.1157e-09 3.7223e-09 6.18002e-09 9.67912e-09 1.42719e-08 1.9735e-08 2.54419e-08 3.03418e-08 3.31637e-08 3.28827e-08 2.92744e-08 2.31813e-08 1.62024e-08 9.9421e-09 5.34018e-09 2.50858e-09 1.03094e-09 3.70717e-10 1.16423e-10 3.17135e-11 7.36548e-12 1.40166e-12 1.97869e-13 1.48443e-14 0 
0 1.93511e-17 2.59088e-16 1.89104e-15 1.0516e-14 4.93359e-14 2.03959e-13 7.59605e-13 2.58102e-12 8.06605e-12 2.33184e-11 6.26462e-11 1.57032e-10 3.6862e-10 8.13127e-10 1.69072e-09 3.32223e-09 6.18002e-09 1.08893e-08 1.81561e-08 2.85624e-08 4.21771e-08 5.80231e-08 7.36409e-08 8.52291e-08 8.88211e-08 8.23085e-08 6.70622e-08 4.76179e-08 2.92995e-08 1.55872e-08 7.17437e-09 2.86397e-09 9.94021e-10 3.00046e-10 7.83748e-11 1.74402e-11 3.18083e-12 4.30816e-13 3.10592e-14 0 
0 1.95111e-17 2.62693e-16 1.93056e-15 1.0828e-14 5.13435e-14 2.15062e-13 8.13837e-13 2.81877e-12 9.01121e-12 2.67514e-11 7.41085e-11 1.92395e-10 4.69907e-10 1.0836e-09 2.36667e-09 4.90797e-09 9.67912e-09 1.81561e-08 3.23423e-08 5.45021e-08 8.63294e-08 1.27348e-07 1.72869e-07 2.12905e-07 2.34278e-07 2.26861e-07 1.90705e-07 1.37675e-07 8.47787e-08 4.44467e-08 1.98979e-08 7.65264e-09 2.54397e-09 7.33251e-10 1.82688e-10 3.87863e-11 6.75799e-12 8.76137e-13 6.0604e-14 0 
0 1.84885e-17 2.50045e-16 1.84834e-15 1.04458e-14 5.00193e-14 2.12134e-13 8.15253e-13 2.87736e-12 9.40861e-12 2.86856e-11 8.19702e-11 2.20524e-10 5.60837e-10 1.35335e-09 3.10862e-09 6.81379e-09 1.42719e-08 2.85624e-08 5.45021e-08 9.87008e-08 1.68346e-07 2.67498e-07 3.90461e-07 5.151e-07 6.03726e-07 6.18226e-07 5.43986e-07 4.04449e-07 2.50487e-07 1.28474e-07 5.49358e-08 1.9909e-08 6.22001e-09 1.69025e-09 3.98634e-10 8.03793e-11 1.33406e-11 1.65253e-12 1.09568e-13 0 
0 1.64938e-17 2.2386e-16 1.66291e-15 9.46149e-15 4.57171e-14 1.96183e-13 7.65268e-13 2.75116e-12 9.19872e-12 2.87984e-11 8.48796e-11 2.36643e-10 6.26748e-10 1.58296e-09 3.82519e-09 8.86579e-09 1.9735e-08 4.21771e-08 8.63294e-08 1.68346e-07 3.10089e-07 5.33075e-07 8.43045e-07 1.20958e-06 1.55704e-06 1.77481e-06 1.74454e-06 1.41755e-06 9.12572e-07 4.54893e-07 1.77042e-07 5.60321e-08 1.52626e-08 3.71903e-09 8.10777e-10 1.53891e-10 2.42536e-11 2.86748e-12 1.82212e-13 0 
0 1.38744e-17 1.88823e-16 1.40842e-15 8.0615e-15 3.92776e-14 1.70429e-13 6.74366e-13 2.46799e-12 8.43326e-12 2.70957e-11 8.23255e-11 2.37711e-10 6.55201e-10 1.73072e-09 4.39608e-09 1.07643e-08 2.54419e-08 5.80231e-08 1.27348e-07 2.67498e-07 5.33075e-07 9.97344e-07 1.7412e-06 2.85609e-06 4.44493e-06 6.37876e-06 7.77801e-06 7.36167e-06 5.08645e-06 2.49418e-06 8.68739e-07 2.22743e-07 4.58231e-08 8.57238e-09 1.57062e-09 2.71046e-10 4.02357e-11 4.53649e-12 2.7652e-13 0 
0 1.10195e-17 1.50271e-16 1.12466e-15 6.47129e-15 3.17699e-14 1.39287e-13 5.58635e-13 2.07954e-12 7.25554e-12 2.39e-11 7.47694e-11 2.23291e-10 6.39469e-10 1.7633e-09 4.6976e-09 1.21223e-08 3.03418e-08 7.36409e-08 1.72869e-07 3.90461e-07 8.43045e-07 1.7412e-06 3.53721e-06 7.42225e-06 1.576e-05 2.97123e-05 4.34135e-05 4.54066e-05 3.27594e-05 1.60502e-05 5.32166e-06 1.20655e-06 1.94947e-07 2.51906e-08 3.19967e-09 4.46964e-10 6.05186e-11 6.48305e-12 3.7975e-13 0 
0 8.27195e-18 1.12957e-16 8.47706e-16 4.89992e-15 2.42201e-14 1.072e-13 4.35376e-13 1.64669e-12 5.85868e-12 1.97552e-11 6.3518e-11 1.95756e-10 5.80957e-10 1.66707e-09 4.6413e-09 1.25699e-08 3.31637e-08 8.52291e-08 2.12905e-07 5.151e-07 1.20958e-06 2.85609e-06 7.42225e-06 2.17411e-05 6.08253e-05 0.000134551 0.000212963 0.000231456 0.000169772 8.3354e-05 2.72833e-05 5.95363e-06 8.7505e-07 9.07047e-08 7.75062e-09 7.34329e-10 8.28304e-11 8.2998e-12 4.67992e-13 0 
0 5.87281e-18 8.02577e-17 6.03553e-16 3.50198e-15 1.74138e-14 7.77325e-14 3.19299e-13 1.22526e-12 4.43753e-12 1.52847e-11 5.0379e-11 1.59736e-10 4.89459e-10 1.45526e-09 4.21257e-09 1.19033e-08 3.28827e-08 8.88211e-08 2.34278e-07 6.03726e-07 1.55704e-06 4.44493e-06 1.576e-05 6.08253e-05 0.000197514 0.00046697 0.000761418 0.000839121 0.00061936 0.000304557 9.93784e-05 2.14543e-05 3.06355e-06 2.92961e-07 2.00979e-08 1.27087e-09 1.04992e-10 9.46358e-12 5.13471e-13 0 
0 3.94445e-18 5.39142e-17 4.06009e-16 2.36287e-15 1.18083e-14 5.30968e-14 2.20269e-13 8.56013e-13 3.14891e-12 1.10494e-11 3.72132e-11 1.20917e-10 3.80769e-10 1.16656e-09 3.4885e-09 1.0208e-08 2.92744e-08 8.23085e-08 2.26861e-07 6.18226e-07 1.77481e-06 6.37876e-06 2.97123e-05 0.000134551 0.00046697 0.00113413 0.00187118 0.00207352 0.00153433 0.000755055 0.000246177 5.29683e-05 7.49344e-06 6.97264e-07 4.3773e-08 2.14562e-09 1.2444e-10 9.57052e-12 4.98064e-13 0 
0 2.50569e-18 3.42335e-17 2.5797e-16 1.50448e-15 7.5477e-15 3.41395e-14 1.42781e-13 5.60736e-13 2.08955e-12 7.44555e-12 2.5523e-11 8.45949e-11 2.72265e-10 8.53997e-10 2.61841e-09 7.8655e-09 2.31813e-08 6.70622e-08 1.90705e-07 5.43986e-07 1.74454e-06 7.77801e-06 4.34135e-05 0.000212963 0.000761418 0.00187118 0.0031031 0.00344658 0.00255285 0.00125662 0.00040958 8.80185e-05 1.24097e-05 1.14318e-06 6.93383e-08 3.00439e-09 1.32711e-10 8.51539e-12 4.24496e-13 0 
0 1.50424e-18 2.05285e-17 1.54669e-16 9.03014e-16 4.54196e-15 2.06321e-14 8.68184e-14 3.43697e-13 1.29349e-12 4.66314e-12 1.61988e-11 5.44828e-11 1.78127e-10 5.67961e-10 1.77078e-09 5.40869e-09 1.62024e-08 4.76179e-08 1.37675e-07 4.04449e-07 1.41755e-06 7.36167e-06 4.54066e-05 0.000231456 0.000839121 0.00207352 0.00344658 0.00383173 0.00283911 0.00139758 0.000455438 9.78223e-05 1.37732e-05 1.26377e-06 7.56143e-08 3.10649e-09 1.17601e-10 6.55308e-12 3.16145e-13 0 
0 8.52142e-19 1.16076e-17 8.73617e-17 5.10014e-16 2.56815e-15 1.16947e-14 4.94006e-14 1.96595e-13 7.44735e-13 2.70551e-12 9.47918e-12 3.21738e-11 1.06169e-10 3.41573e-10 1.0737e-09 3.30217e-09 9.9421e-09 2.92995e-08 8.47787e-08 2.50487e-07 9.12572e-07 5.08645e-06 3.27594e-05 0.000169772 0.00061936 0.00153433 0.00255285 0.00283911 0.00210378 0.00103555 0.000337418 7.24571e-05 1.01968e-05 9.34362e-07 5.56579e-08 2.24813e-09 8.07494e-11 4.27299e-12 2.04855e-13 0 
0 4.54476e-19 6.17402e-18 4.63694e-17 2.70336e-16 1.36062e-15 6.19882e-15 2.62219e-14 1.04592e-13 3.97403e-13 1.44876e-12 5.09461e-12 1.73519e-11 5.74187e-11 1.85027e-10 5.81512e-10 1.78383e-09 5.34018e-09 1.55872e-08 4.44467e-08 1.28474e-07 4.54893e-07 2.49418e-06 1.60502e-05 8.3354e-05 0.000304557 0.000755055 0.00125662 0.00139758 0.00103555 0.000509688 0.000166064 3.56601e-05 5.01872e-06 4.60024e-07 2.74463e-08 1.11843e-09 4.17345e-11 2.33784e-12 1.15294e-13 0 
0 2.27438e-19 3.07851e-18 2.30459e-17 1.33989e-16 6.72891e-16 3.06055e-15 1.29317e-14 5.15405e-14 1.95713e-13 7.12974e-13 2.50427e-12 8.51185e-12 2.80699e-11 8.9968e-11 2.80518e-10 8.50895e-10 2.50858e-09 7.17437e-09 1.98979e-08 5.49358e-08 1.77042e-07 8.68739e-07 5.32166e-06 2.72833e-05 9.93784e-05 0.000246177 0.00040958 0.000455438 0.000337418 0.000166064 5.41085e-05 1.16218e-05 1.63677e-06 1.50373e-07 9.05368e-09 3.84566e-10 1.65453e-11 1.0831e-12 5.64419e-14 0 
0 1.06294e-19 1.43207e-18 1.06725e-17 6.17867e-17 3.09045e-16 1.40026e-15 5.89428e-15 2.34021e-14 8.8494e-14 3.20839e-13 1.12042e-12 3.78081e-12 1.23544e-11 3.9138e-11 1.20235e-10 3.57956e-10 1.03094e-09 2.86397e-09 7.65264e-09 1.9909e-08 5.60321e-08 2.22743e-07 1.20655e-06 5.95363e-06 2.14543e-05 5.29683e-05 8.80185e-05 9.78223e-05 7.24571e-05 3.56601e-05 1.16218e-05 2.49798e-06 3.52505e-07 3.25938e-08 2.01213e-09 9.49303e-11 5.37522e-12 4.33821e-13 2.41044e-14 0 
0 4.6081e-20 6.17261e-19 4.57359e-18 2.63242e-17 1.30895e-16 5.89501e-16 2.46579e-15 9.72337e-15 3.64915e-14 1.31167e-13 4.53478e-13 1.51215e-12 4.87136e-12 1.51702e-11 4.56537e-11 1.32593e-10 3.70717e-10 9.94021e-10 2.54397e-09 6.22001e-09 1.52626e-08 4.58231e-08 1.94947e-07 8.7505e-07 3.06355e-06 7.49344e-06 1.24097e-05 1.37732e-05 1.01968e-05 5.01872e-06 1.63677e-06 3.52505e-07 5.00229e-08 4.71026e-09 3.11463e-10 1.86517e-11 1.56152e-12 1.52606e-13 8.99515e-15 0 
0 1.83487e-20 2.44085e-19 1.79565e-18 1.02588e-17 5.06177e-17 2.26102e-16 9.37457e-16 3.66127e-15 1.35944e-14 4.82776e-14 1.64618e-13 5.40243e-13 1.70842e-12 5.20657e-12 1.52786e-11 4.30884e-11 1.16423e-10 3.00046e-10 7.33251e-10 1.69025e-09 3.71903e-09 8.57238e-09 2.51906e-08 9.07047e-08 2.92961e-07 6.97264e-07 1.14318e-06 1.26377e-06 9.34362e-07 4.60024e-07 1.50373e-07 3.25938e-08 4.71026e-09 4.70118e-10 3.76843e-11 3.48787e-12 4.24565e-13 4.72063e-14 2.92797e-15 0 
0 6.60904e-21 8.72053e-20 6.36092e-19 3.60159e-18 1.76015e-17 7.7822e-17 3.19098e-16 1.23115e-15 4.50997e-15 1.57758e-14 5.28832e-14 1.70226e-13 5.2658e-13 1.56497e-12 4.4626e-12 1.21809e-11 3.17135e-11 7.83748e-11 1.82688e-10 3.98634e-10 8.10777e-10 1.57062e-09 3.19967e-09 7.75062e-09 2.00979e-08 4.3773e-08 6.93383e-08 7.56143e-08 5.56579e-08 2.74463e-08 9.05368e-09 2.01213e-09 3.11463e-10 3.76843e-11 4.63727e-12 6.9419e-13 1.05719e-13 1.27057e-14 8.25261e-16 0 
0 2.09941e-21 2.74442e-20 1.98216e-19 1.11057e-18 5.36679e-18 2.34419e-17 9.48596e-17 3.60736e-16 1.30054e-15 4.46946e-15 1.46896e-14 4.62524e-14 1.39582e-13 4.03485e-13 1.11536e-12 2.94052e-12 7.36548e-12 1.74402e-11 3.87863e-11 8.03793e-11 1.53891e-10 2.71046e-10 4.46964e-10 7.34329e-10 1.27087e-09 2.14562e-09 3.00439e-09 3.10649e-09 2.24813e-09 1.11843e-09 3.84566e-10 9.49303e-11 1.86517e-11 3.48787e-12 6.9419e-13 1.35992e-13 2.29616e-14 2.91523e-15 1.97908e-16 0 
0 5.60899e-22 7.25566e-21 5.18218e-20 2.86904e-19 1.36877e-18 5.89648e-18 2.35042e-17 8.79267e-17 3.1134e-16 1.04896e-15 3.37305e-15 1.0367e-14 3.04614e-14 8.54934e-14 2.28763e-13 5.81914e-13 1.40166e-12 3.18083e-12 6.75799e-12 1.33406e-11 2.42536e-11 4.02357e-11 6.05186e-11 8.28304e-11 1.04992e-10 1.2444e-10 1.32711e-10 1.17601e-10 8.07494e-11 4.17345e-11 1.65453e-11 5.37522e-12 1.56152e-12 4.24565e-13 1.05719e-13 2.29616e-14 4.11213e-15 5.47419e-16 3.88022e-17 0 
0 1.1332e-22 1.44895e-21 1.02214e-20 5.58444e-20 2.62658e-19 1.11424e-18 4.36827e-18 1.60486e-17 5.57192e-17 1.8374e-16 5.77127e-16 1.72886e-15 4.9395e-15 1.34458e-14 3.48016e-14 8.53948e-14 1.97869e-13 4.30816e-13 8.76137e-13 1.65253e-12 2.86748e-12 4.53649e-12 6.48305e-12 8.2998e-12 9.46358e-12 9.57052e-12 8.51539e-12 6.55308e-12 4.27299e-12 2.33784e-12 1.0831e-12 4.33821e-13 1.52606e-13 4.72063e-14 1.27057e-14 2.91523e-15 5.47419e-16 7.61791e-17 5.63095e-18 0 
0 1.23284e-23 1.55654e-22 1.08332e-21 5.83389e-21 2.70176e-20 1.12721e-19 4.3405e-19 1.56403e-18 5.31738e-18 1.71406e-17 5.25296e-17 1.53222e-16 4.25342e-16 1.12243e-15 2.80989e-15 6.65342e-15 1.48443e-14 3.10592e-14 6.0604e-14 1.09568e-13 1.82212e-13 2.7652e-13 3.7975e-13 4.67992e-13 5.13471e-13 4.98064e-13 4.24496e-13 3.16145e-13 2.04855e-13 1.15294e-13 5.64419e-14 2.41044e-14 8.99515e-15 2.92797e-15 8.25261e-16 1.97908e-16 3.88022e-17 5.63095e-18 4.33344e-19 0 
0 0 0 0 0 0 0 0 0 0 0 0 0 0 0 0 0 0 0 0 0 0 0 0 0 0 0 0 0 0 0 0 0 0 0 0 0 0 0 0 0 
