0 0 0 0 0 0 0 0 0 0 0 0 0 0 0 0 0 0 0 0 0 0 0 0 0 0 0 0 0 0 0 0 0 0 0 0 0 0 0 0 0 
0 5.2922e-07 4.67572e-06 2.02781e-05 5.99667e-05 0.000135299 0.000248908 0.000392392 0.000550663 0.000707522 0.000849055 0.000964796 0.00104776 0.00109409 0.00110275 0.00107511 0.00101462 0.000926495 0.00081728 0.000694519 0.000566314 0.000440797 0.000325442 0.000226236 0.000146887 8.83284e-05 4.88016e-05 2.46031e-05 1.12601e-05 4.66406e-06 1.74638e-06 5.9109e-07 1.80861e-07 4.99739e-08 1.24206e-08 2.751e-09 5.32325e-10 8.62598e-11 1.05715e-11 7.00428e-13 0 
0 4.67572e-06 4.20024e-05 0.000177638 0.000488809 0.000993663 0.00163366 0.00232715 0.00301028 0.00364005 0.00418532 0.00462174 0.0049311 0.00510243 0.00513293 0.00502795 0.00480013 0.00446768 0.00405226 0.00357691 0.00306438 0.00253649 0.00201455 0.00152049 0.00107711 0.000705909 0.000421651 0.00022652 0.000108421 4.60373e-05 1.73507e-05 5.82485e-06 1.74928e-06 4.71193e-07 1.13732e-07 2.44209e-08 4.57988e-09 7.19738e-10 8.56502e-11 5.51907e-12 0 
0 2.02781e-05 0.000177638 0.000687262 0.00165151 0.00293234 0.00435225 0.00581119 0.00724444 0.00858602 0.00976673 0.0107233 0.0114066 0.0117864 0.0118535 0.0116194 0.0111135 0.0103794 0.00947001 0.00844169 0.00734931 0.00624108 0.00515505 0.00411823 0.00315025 0.00227139 0.00151062 0.000903713 0.00047516 0.000216317 8.4979e-05 2.89878e-05 8.67653e-06 2.30002e-06 5.42315e-07 1.13333e-07 2.06577e-08 3.15553e-09 3.65349e-10 2.29375e-11 0 
0 5.99667e-05 0.000488809 0.00165151 0.0034573 0.0056138 0.00798393 0.0104789 0.0129783 0.0153414 0.0174304 0.0191262 0.0203385 0.0210126 0.0211316 0.0207158 0.0198177 0.0185153 0.0169034 0.0150846 0.0131602 0.0112226 0.00934892 0.00759572 0.00599542 0.00455796 0.00328248 0.00217955 0.00128762 0.000653414 0.000278757 9.98766e-05 3.04825e-05 8.06777e-06 1.87519e-06 3.83681e-07 6.82629e-08 1.01693e-08 1.14872e-09 7.0439e-11 0 
0 0.000135299 0.000993663 0.00293234 0.0056138 0.00879897 0.0123853 0.0162084 0.0200534 0.0236929 0.0269115 0.0295246 0.0313929 0.0324316 0.032615 0.031974 0.0305899 0.0285828 0.026099 0.0232969 0.0203332 0.0173517 0.0144748 0.0117971 0.00938168 0.00725688 0.00541639 0.00383181 0.00248669 0.00141337 0.000672103 0.000261118 8.34155e-05 2.24379e-05 5.19946e-06 1.04933e-06 1.83183e-07 2.67209e-08 2.95461e-09 1.77463e-10 0 
0 0.000248908 0.00163366 0.00435225 0.00798393 0.0123853 0.0173942 0.0227466 0.0281323 0.0332309 0.0377402 0.0414022 0.0440258 0.0454955 0.0457573 0.0448462 0.0428966 0.0400819 0.0366018 0.0326762 0.0285244 0.0243485 0.0203202 0.0165739 0.0132027 0.0102575 0.00774665 0.00563573 0.00386445 0.0023957 0.00126696 0.000543093 0.000185718 5.16945e-05 1.20882e-05 2.42557e-06 4.17823e-07 5.99381e-08 6.51077e-09 3.84222e-10 0 
0 0.000392392 0.00232715 0.00581119 0.0104789 0.0162084 0.0227466 0.0297359 0.0367695 0.0434289 0.0493408 0.0544489 0.059106 0.0623339 0.0629772 0.060911 0.056957 0.052511 0.0478406 0.0427045 0.0372821 0.0318287 0.0265687 0.0216777 0.0172785 0.0134415 0.0101875 0.00748923 0.00527363 0.00345023 0.00198371 0.000936006 0.00034676 0.000101322 2.41749e-05 4.85993e-06 8.30605e-07 1.17682e-07 1.26029e-08 7.33021e-10 0 
0 0.000550663 0.00301028 0.00724444 0.0129783 0.0200534 0.0281323 0.0367695 0.0454624 0.0537546 0.0624935 0.0725295 0.0791916 0.0820788 0.0825909 0.0810292 0.0767032 0.0687118 0.0598135 0.0528297 0.0460967 0.0393567 0.0328568 0.0268134 0.0213785 0.01664 0.0126278 0.00931874 0.00663928 0.00447425 0.0027231 0.00139173 0.00055828 0.000172557 4.23514e-05 8.58404e-06 1.46263e-06 2.05472e-07 2.17675e-08 1.25154e-09 0 
0 0.000707522 0.00364005 0.00858602 0.0153414 0.0236929 0.0332309 0.0434289 0.0537546 0.0656009 0.0793267 0.0861516 0.0894491 0.0910131 0.0913321 0.0905041 0.0883488 0.0842146 0.0757341 0.0634135 0.0544815 0.0464852 0.0388104 0.0316757 0.0252598 0.019667 0.0149336 0.0110376 0.00790449 0.00540984 0.00341195 0.00185083 0.000795991 0.000260291 6.59796e-05 1.35406e-05 2.30876e-06 3.22652e-07 3.39146e-08 1.93288e-09 0 
0 0.000849055 0.00418532 0.00976673 0.0174304 0.0269115 0.0377402 0.0493408 0.0624935 0.0793267 0.0878847 0.0921136 0.0944795 0.0956735 0.095937 0.0953265 0.0937597 0.0909523 0.0861028 0.0764399 0.0626098 0.0528123 0.0440768 0.0359765 0.0286928 0.022344 0.0169718 0.0125534 0.00901154 0.00621706 0.00400574 0.00226452 0.00102926 0.000353947 9.263e-05 1.92827e-05 3.29802e-06 4.59682e-07 4.80625e-08 2.72186e-09 0 
0 0.000964796 0.00462174 0.0107233 0.0191262 0.0295246 0.0414022 0.0544489 0.0725295 0.0861516 0.0921136 0.0954896 0.0974902 0.0985291 0.0987696 0.098254 0.0969302 0.0946203 0.090884 0.0844633 0.0715055 0.0581576 0.0483572 0.039469 0.0314806 0.0245177 0.0186265 0.0137829 0.00990592 0.00686279 0.00447735 0.00260039 0.00123052 0.000440612 0.000118565 2.50212e-05 4.2974e-06 5.98454e-07 6.23692e-08 3.51713e-09 0 
0 0.00104776 0.0049311 0.0114066 0.0203385 0.0313929 0.0440258 0.059106 0.0791916 0.0894491 0.0944795 0.0974902 0.0993193 0.100283 0.100512 0.100044 0.0988386 0.0967587 0.0934837 0.0881854 0.0780418 0.0626272 0.0514342 0.0419669 0.0334744 0.0260725 0.01981 0.014662 0.0105442 0.00732096 0.00480976 0.00283967 0.00137987 0.000508462 0.000139737 2.98189e-05 5.14223e-06 7.16263e-07 7.4526e-08 4.1925e-09 0 
0 0.00109409 0.00510243 0.0117864 0.0210126 0.0324316 0.0454955 0.0623339 0.0820788 0.0910131 0.0956735 0.0985291 0.100283 0.101213 0.101438 0.100991 0.0998385 0.0978594 0.0947774 0.0899119 0.0810794 0.0655672 0.0531694 0.0433572 0.0345841 0.0269379 0.0204689 0.0151514 0.0108994 0.00757539 0.00499395 0.0029734 0.00146583 0.000549102 0.000152847 3.28527e-05 5.68298e-06 7.9221e-07 8.24003e-08 4.63157e-09 0 
0 0.00110275 0.00513293 0.0118535 0.0211316 0.032615 0.0457573 0.0629772 0.0825909 0.0913321 0.095937 0.0987696 0.100512 0.101438 0.101662 0.101219 0.100074 0.0981103 0.0950574 0.0902568 0.0816204 0.0661434 0.0534823 0.043605 0.0347821 0.0270926 0.020587 0.0152394 0.0109636 0.0076219 0.00502861 0.00300008 0.00148439 0.000558576 0.000156099 3.36426e-05 5.82938e-06 8.13486e-07 8.46771e-08 4.76245e-09 0 
0 0.00107511 0.00502795 0.0116194 0.0207158 0.031974 0.0448462 0.060911 0.0810292 0.0905041 0.0953265 0.098254 0.100044 0.100991 0.101219 0.100763 0.0995849 0.0975587 0.0943892 0.0893362 0.0799485 0.0642762 0.0524093 0.0427516 0.0341016 0.0265624 0.0201839 0.0149406 0.0107476 0.00746864 0.00492008 0.00292432 0.00143787 0.000537439 0.00014951 3.21672e-05 5.57522e-06 7.79052e-07 8.12419e-08 4.57871e-09 0 
0 0.00101462 0.00480013 0.0111135 0.0198177 0.0305899 0.0428966 0.056957 0.0767032 0.0883488 0.0937597 0.0969302 0.0988386 0.0998385 0.100074 0.0995849 0.0983251 0.0961423 0.0926698 0.0869228 0.075501 0.0606209 0.0501217 0.0409058 0.0326291 0.025415 0.0193113 0.0142934 0.0102791 0.00713482 0.00468167 0.00275613 0.00133407 0.000490281 0.000134779 2.88443e-05 4.99605e-06 6.99451e-07 7.31709e-08 4.13923e-09 0 
0 0.000926495 0.00446768 0.0103794 0.0185153 0.0285828 0.0400819 0.052511 0.0687118 0.0842146 0.0909523 0.0946203 0.0967587 0.0978594 0.0981103 0.0975587 0.0961423 0.0936497 0.0895377 0.0821335 0.0680466 0.0561905 0.0468325 0.0382286 0.0304932 0.0237506 0.0180455 0.0133545 0.00959874 0.00664842 0.00433257 0.00251073 0.00118582 0.000424929 0.000114835 2.43975e-05 4.22367e-06 5.93194e-07 6.23647e-08 3.5485e-09 0 
0 0.00081728 0.00405226 0.00947001 0.0169034 0.026099 0.0366018 0.0478406 0.0598135 0.0757341 0.0861028 0.090884 0.0934837 0.0947774 0.0950574 0.0943892 0.0926698 0.0895377 0.0839528 0.0726375 0.0603235 0.051233 0.0427722 0.0349154 0.0278501 0.0216913 0.0164796 0.0121929 0.00875602 0.00604351 0.00389729 0.00220916 0.00101077 0.000351403 9.31911e-05 1.96663e-05 3.40896e-06 4.81431e-07 5.10001e-08 2.92654e-09 0 
0 0.000694519 0.00357691 0.00844169 0.0150846 0.0232969 0.0326762 0.0427045 0.0528297 0.0634135 0.0764399 0.0844633 0.0881854 0.0899119 0.0902568 0.0893362 0.0869228 0.0821335 0.0726375 0.061818 0.0535838 0.0457395 0.0381936 0.031178 0.024869 0.0193692 0.0147144 0.0108836 0.00780478 0.00535866 0.0034071 0.00188044 0.000831227 0.000280633 7.32784e-05 1.54215e-05 2.68687e-06 3.82912e-07 4.10025e-08 2.37949e-09 0 
0 0.000566314 0.00306438 0.00734931 0.0131602 0.0203332 0.0285244 0.0372821 0.0460967 0.0544815 0.0626098 0.0715055 0.0780418 0.0810794 0.0816204 0.0799485 0.075501 0.0680466 0.0603235 0.0535838 0.0467714 0.0399401 0.0333519 0.0272264 0.0217179 0.0169158 0.0128508 0.00950203 0.00680121 0.00463967 0.0029061 0.00156507 0.00067321 0.000223008 5.78884e-05 1.22356e-05 2.15304e-06 3.10596e-07 3.36821e-08 1.97862e-09 0 
0 0.000440797 0.00253649 0.00624108 0.0112226 0.0173517 0.0243485 0.0318287 0.0393567 0.0464852 0.0528123 0.0581576 0.0626272 0.0655672 0.0661434 0.0642762 0.0606209 0.0561905 0.051233 0.0457395 0.0399401 0.0341078 0.0284829 0.0232536 0.0185518 0.0144544 0.0109875 0.00812945 0.00581644 0.00395632 0.0024634 0.00131683 0.000563566 0.000186851 4.8829e-05 1.04235e-05 1.85393e-06 2.70178e-07 2.95639e-08 1.74995e-09 0 
0 0.000325442 0.00201455 0.00515505 0.00934892 0.0144748 0.0203202 0.0265687 0.0328568 0.0388104 0.0440768 0.0483572 0.0514342 0.0531694 0.0534823 0.0524093 0.0501217 0.0468325 0.0427722 0.0381936 0.0333519 0.0284829 0.023788 0.0194252 0.0155094 0.0121156 0.00927364 0.00694725 0.00504255 0.00347147 0.00219003 0.0011943 0.000523297 0.000176844 4.67388e-05 1.00267e-05 1.78519e-06 2.5985e-07 2.83621e-08 1.67309e-09 0 
0 0.000226236 0.00152049 0.00411823 0.00759572 0.0117971 0.0165739 0.0216777 0.0268134 0.0316757 0.0359765 0.039469 0.0419669 0.0433572 0.043605 0.0427516 0.0409058 0.0382286 0.0349154 0.031178 0.0272264 0.0232536 0.0194252 0.0158791 0.0127468 0.0101794 0.00827023 0.00683102 0.00541918 0.00384377 0.00237359 0.00127302 0.000563973 0.000193069 5.09537e-05 1.07981e-05 1.89116e-06 2.70594e-07 2.90518e-08 1.68753e-09 0 
0 0.000146887 0.00107711 0.00315025 0.00599542 0.00938168 0.0132027 0.0172785 0.0213785 0.0252598 0.0286928 0.0314806 0.0334744 0.0345841 0.0347821 0.0341016 0.0326291 0.0304932 0.0278501 0.024869 0.0217179 0.0185518 0.0155094 0.0127468 0.0105694 0.00957645 0.0102062 0.0114612 0.0110171 0.00803939 0.00437882 0.00190972 0.000730375 0.000235184 5.97058e-05 1.21973e-05 2.06687e-06 2.87328e-07 3.00771e-08 1.7085e-09 0 
0 8.83284e-05 0.000705909 0.00227139 0.00455796 0.00725688 0.0102575 0.0134415 0.01664 0.019667 0.022344 0.0245177 0.0260725 0.0269379 0.0270926 0.0265624 0.025415 0.0237506 0.0216913 0.0193692 0.0169158 0.0144544 0.0121156 0.0101794 0.00957645 0.0124331 0.0203642 0.0372467 0.0450206 0.024437 0.0118412 0.00425286 0.0012165 0.000315551 7.11571e-05 1.34941e-05 2.17778e-06 2.92514e-07 2.9797e-08 1.65408e-09 0 
0 4.88016e-05 0.000421651 0.00151062 0.00328248 0.00541639 0.00774665 0.0101875 0.0126278 0.0149336 0.0169718 0.0186265 0.01981 0.0204689 0.020587 0.0201839 0.0193113 0.0180455 0.0164796 0.0147144 0.0128508 0.0109875 0.00927364 0.00827023 0.0102062 0.0203642 0.0530394 0.0767371 0.0785486 0.0711648 0.0285462 0.00927086 0.00223503 0.000450019 8.33114e-05 1.39678e-05 2.10751e-06 2.72955e-07 2.71408e-08 1.47809e-09 0 
0 2.46031e-05 0.00022652 0.000903713 0.00217955 0.00383181 0.00563573 0.00748923 0.00931874 0.0110376 0.0125534 0.0137829 0.014662 0.0151514 0.0152394 0.0149406 0.0142934 0.0133545 0.0121929 0.0108836 0.00950203 0.00812945 0.00694725 0.00683102 0.0114612 0.0372467 0.0767371 0.0837578 0.0845846 0.0810526 0.0629833 0.0150028 0.00338796 0.000586639 8.99557e-05 1.30174e-05 1.81243e-06 2.26684e-07 2.21456e-08 1.1913e-09 0 
0 1.12601e-05 0.000108421 0.00047516 0.00128762 0.00248669 0.00386445 0.00527363 0.00663928 0.00790449 0.00901154 0.00990592 0.0105442 0.0108994 0.0109636 0.0107476 0.0102791 0.00959874 0.00875602 0.00780478 0.00680121 0.00581644 0.00504255 0.00541918 0.0110171 0.0450206 0.0785486 0.0845846 0.0854303 0.0825511 0.0709667 0.0176472 0.00366449 0.000595689 8.11174e-05 1.03981e-05 1.34813e-06 1.64331e-07 1.59258e-08 8.53601e-10 0 
0 4.66406e-06 4.60373e-05 0.000216317 0.000653414 0.00141337 0.0023957 0.00345023 0.00447425 0.00540984 0.00621706 0.00686279 0.00732096 0.00757539 0.0076219 0.00746864 0.00713482 0.00664842 0.00604351 0.00535866 0.00463967 0.00395632 0.00347147 0.00384377 0.00803939 0.024437 0.0711648 0.0810526 0.0825511 0.0774845 0.0468516 0.0121897 0.00270845 0.000433797 5.61675e-05 6.76538e-06 8.47481e-07 1.02706e-07 9.99788e-09 5.39095e-10 0 
0 1.74638e-06 1.73507e-05 8.4979e-05 0.000278757 0.000672103 0.00126696 0.00198371 0.0027231 0.00341195 0.00400574 0.00447735 0.00480976 0.00499395 0.00502861 0.00492008 0.00468167 0.00433257 0.00389729 0.0034071 0.0029061 0.0024634 0.00219003 0.00237359 0.00437882 0.0118412 0.0285462 0.0629833 0.0709667 0.0468516 0.0183144 0.00604278 0.00135764 0.000220828 2.86803e-05 3.48064e-06 4.44586e-07 5.50206e-08 5.45415e-09 2.98733e-10 0 
0 5.9109e-07 5.82485e-06 2.89878e-05 9.98766e-05 0.000261118 0.000543093 0.000936006 0.00139173 0.00185083 0.00226452 0.00260039 0.00283967 0.0029734 0.00300008 0.00292432 0.00275613 0.00251073 0.00220916 0.00188044 0.00156507 0.00131683 0.0011943 0.00127302 0.00190972 0.00425286 0.00927086 0.0150028 0.0176472 0.0121897 0.00604278 0.00201784 0.000466736 7.9016e-05 1.08316e-05 1.42291e-06 1.95296e-07 2.52836e-08 2.58336e-09 1.44983e-10 0 
0 1.80861e-07 1.74928e-06 8.67653e-06 3.04825e-05 8.34155e-05 0.000185718 0.00034676 0.00055828 0.000795991 0.00102926 0.00123052 0.00137987 0.00146583 0.00148439 0.00143787 0.00133407 0.00118582 0.00101077 0.000831227 0.00067321 0.000563566 0.000523297 0.000563973 0.000730375 0.0012165 0.00223503 0.00338796 0.00366449 0.00270845 0.00135764 0.000466736 0.000113254 2.05763e-05 3.16723e-06 4.79405e-07 7.29775e-08 1.00156e-08 1.06372e-09 6.16024e-11 0 
0 4.99739e-08 4.71193e-07 2.30002e-06 8.06777e-06 2.24379e-05 5.16945e-05 0.000101322 0.000172557 0.000260291 0.000353947 0.000440612 0.000508462 0.000549102 0.000558576 0.000537439 0.000490281 0.000424929 0.000351403 0.000280633 0.000223008 0.000186851 0.000176844 0.000193069 0.000235184 0.000315551 0.000450019 0.000586639 0.000595689 0.000433797 0.000220828 7.9016e-05 2.05763e-05 4.23122e-06 7.78823e-07 1.39513e-07 2.35815e-08 3.43757e-09 3.813e-10 2.29049e-11 0 
0 1.24206e-08 1.13732e-07 5.42315e-07 1.87519e-06 5.19946e-06 1.20882e-05 2.41749e-05 4.23514e-05 6.59796e-05 9.263e-05 0.000118565 0.000139737 0.000152847 0.000156099 0.00014951 0.000134779 0.000114835 9.31911e-05 7.32784e-05 5.78884e-05 4.8829e-05 4.67388e-05 5.09537e-05 5.97058e-05 7.11571e-05 8.33114e-05 8.99557e-05 8.11174e-05 5.61675e-05 2.86803e-05 1.08316e-05 3.16723e-06 7.78823e-07 1.74147e-07 3.60298e-08 6.63691e-09 1.02404e-09 1.18902e-10 7.4344e-12 0 
0 2.751e-09 2.44209e-08 1.13333e-07 3.83681e-07 1.04933e-06 2.42557e-06 4.85993e-06 8.58404e-06 1.35406e-05 1.92827e-05 2.50212e-05 2.98189e-05 3.28527e-05 3.36426e-05 3.21672e-05 2.88443e-05 2.43975e-05 1.96663e-05 1.54215e-05 1.22356e-05 1.04235e-05 1.00267e-05 1.07981e-05 1.21973e-05 1.34941e-05 1.39678e-05 1.30174e-05 1.03981e-05 6.76538e-06 3.48064e-06 1.42291e-06 4.79405e-07 1.39513e-07 3.60298e-08 8.22512e-09 1.62022e-09 2.63621e-10 3.20682e-11 2.09107e-12 0 
0 5.32325e-10 4.57988e-09 2.06577e-08 6.82629e-08 1.83183e-07 4.17823e-07 8.30605e-07 1.46263e-06 2.30876e-06 3.29802e-06 4.2974e-06 5.14223e-06 5.68298e-06 5.82938e-06 5.57522e-06 4.99605e-06 4.22367e-06 3.40896e-06 2.68687e-06 2.15304e-06 1.85393e-06 1.78519e-06 1.89116e-06 2.06687e-06 2.17778e-06 2.10751e-06 1.81243e-06 1.34813e-06 8.47481e-07 4.44586e-07 1.95296e-07 7.29775e-08 2.35815e-08 6.63691e-09 1.62022e-09 3.37563e-10 5.77603e-11 7.35965e-12 5.00825e-13 0 
0 8.62598e-11 7.19738e-10 3.15553e-09 1.01693e-08 2.67209e-08 5.99381e-08 1.17682e-07 2.05472e-07 3.22652e-07 4.59682e-07 5.98454e-07 7.16263e-07 7.9221e-07 8.13486e-07 7.79052e-07 6.99451e-07 5.93194e-07 4.81431e-07 3.82912e-07 3.10596e-07 2.70178e-07 2.5985e-07 2.70594e-07 2.87328e-07 2.92514e-07 2.72955e-07 2.26684e-07 1.64331e-07 1.02706e-07 5.50206e-08 2.52836e-08 1.00156e-08 3.43757e-09 1.02404e-09 2.63621e-10 5.77603e-11 1.03686e-11 1.38231e-12 9.81368e-14 0 
0 1.05715e-11 8.56502e-11 3.65349e-10 1.14872e-09 2.95461e-09 6.51077e-09 1.26029e-08 2.17675e-08 3.39146e-08 4.80625e-08 6.23692e-08 7.4526e-08 8.24003e-08 8.46771e-08 8.12419e-08 7.31709e-08 6.23647e-08 5.10001e-08 4.10025e-08 3.36821e-08 2.95639e-08 2.83621e-08 2.90518e-08 3.00771e-08 2.9797e-08 2.71408e-08 2.21456e-08 1.59258e-08 9.99788e-09 5.45415e-09 2.58336e-09 1.06372e-09 3.813e-10 1.18902e-10 3.20682e-11 7.35965e-12 1.38231e-12 1.9248e-13 1.42415e-14 0 
0 7.00428e-13 5.51907e-12 2.29375e-11 7.0439e-11 1.77463e-10 3.84222e-10 7.33021e-10 1.25154e-09 1.93288e-09 2.72186e-09 3.51713e-09 4.1925e-09 4.63157e-09 4.76245e-09 4.57871e-09 4.13923e-09 3.5485e-09 2.92654e-09 2.37949e-09 1.97862e-09 1.74995e-09 1.67309e-09 1.68753e-09 1.7085e-09 1.65408e-09 1.47809e-09 1.1913e-09 8.53601e-10 5.39095e-10 2.98733e-10 1.44983e-10 6.16024e-11 2.29049e-11 7.4344e-12 2.09107e-12 5.00825e-13 9.81368e-14 1.42415e-14 1.09648e-15 0 
0 0 0 0 0 0 0 0 0 0 0 0 0 0 0 0 0 0 0 0 0 0 0 0 0 0 0 0 0 0 0 0 0 0 0 0 0 0 0 0 0 
