0 0 0 0 0 0 0 0 0 0 0 0 0 0 0 0 0 0 0 0 0 0 0 0 0 0 0 0 0 0 0 0 0 0 0 0 0 0 0 0 0 
0 1.97542e-07 1.7857e-06 8.09618e-06 2.55491e-05 6.23179e-05 0.000124257 0.000210994 0.000315414 0.00042629 0.000531634 0.00062105 0.000686858 0.000724392 0.000731889 0.000710207 0.000662452 0.000593568 0.000509863 0.000418463 0.000326662 0.000241165 0.000167283 0.000108253 6.48926e-05 3.58026e-05 1.80855e-05 8.33508e-06 3.4986e-06 1.33716e-06 4.65664e-07 1.47887e-07 4.28366e-08 1.12993e-08 2.70153e-09 5.79473e-10 1.09223e-10 1.73245e-11 2.08671e-12 1.36332e-13 0 
0 1.7857e-06 1.66398e-05 7.57599e-05 0.000231794 0.000530338 0.000971722 0.00150919 0.00207927 0.00262636 0.00310925 0.00349908 0.00377669 0.00393141 0.00396046 0.00386847 0.0036665 0.00337074 0.00300107 0.00257979 0.00213085 0.00167941 0.00125137 0.00087167 0.00056061 0.00032889 0.000174256 8.28593e-05 3.52892e-05 1.34839e-05 4.63999e-06 1.44403e-06 4.07695e-07 1.045e-07 2.4244e-08 5.04486e-09 9.22949e-10 1.42241e-10 1.6669e-11 1.06117e-12 0 
0 8.09618e-06 7.57599e-05 0.000331098 0.00092578 0.00188267 0.00307656 0.00436111 0.00563301 0.00681889 0.00785763 0.00869677 0.00929573 0.00962951 0.00969057 0.00948869 0.00904893 0.00840822 0.00761099 0.00670454 0.00573479 0.00474335 0.00376715 0.00284123 0.00200337 0.00129505 0.000751885 0.000385515 0.000173028 6.80065e-05 2.35757e-05 7.27876e-06 2.01834e-06 5.05131e-07 1.14084e-07 2.30845e-08 4.10703e-09 6.16022e-10 7.03455e-11 4.37017e-12 0 
0 2.55491e-05 0.000231794 0.00092578 0.00227704 0.00411354 0.00619748 0.00838257 0.0105573 0.0126069 0.0144171 0.0158868 0.0169388 0.0175254 0.0176319 0.0172752 0.0165004 0.0153744 0.0139785 0.0124004 0.0107259 0.00903202 0.00738133 0.00581939 0.00437786 0.00308604 0.00198599 0.0011319 0.000556768 0.000233542 8.38966e-05 2.61887e-05 7.21835e-06 1.77738e-06 3.92778e-07 7.75707e-08 1.346e-08 1.9697e-09 2.19651e-10 1.33425e-11 0 
0 6.23179e-05 0.000530338 0.00188267 0.00411354 0.00689017 0.0100047 0.0133081 0.0166263 0.0197681 0.0225491 0.0248095 0.0264281 0.0273306 0.027494 0.0269442 0.025751 0.024018 0.0218716 0.0194483 0.016883 0.0142988 0.0117986 0.00945933 0.00732821 0.00542581 0.00376171 0.00236427 0.00129421 0.000596629 0.000228896 7.39359e-05 2.05709e-05 5.03249e-06 1.09523e-06 2.1209e-07 3.60226e-08 5.15841e-09 5.63212e-10 3.35298e-11 0 
0 0.000124257 0.000971722 0.00307656 0.00619748 0.0100047 0.0143185 0.0189262 0.0235673 0.0279667 0.0318628 0.0350303 0.0372987 0.0385637 0.0387925 0.0380216 0.0363489 0.0339201 0.0309127 0.0275186 0.0239281 0.0203153 0.0168276 0.0135783 0.0106423 0.00805417 0.00581284 0.00390323 0.00234145 0.00119438 0.000499648 0.000170716 4.87455e-05 1.19785e-05 2.58591e-06 4.93542e-07 8.2379e-08 1.15819e-08 1.24167e-09 7.26326e-11 0 
0 0.000210994 0.00150919 0.00436111 0.00838257 0.0133081 0.0189262 0.0249407 0.0310035 0.0367523 0.0418443 0.0459851 0.0489529 0.0506106 0.0509108 0.0499002 0.0477105 0.0445346 0.040604 0.036169 0.0314786 0.026761 0.0222102 0.0179766 0.0141629 0.010823 0.0079629 0.00554959 0.0035459 0.00197216 0.000903202 0.000331147 9.84463e-05 2.45573e-05 5.29669e-06 1.0015e-06 1.64945e-07 2.28457e-08 2.41208e-09 1.39007e-10 0 
0 0.000315414 0.00207927 0.00563301 0.0105573 0.0166263 0.0235673 0.0310035 0.038501 0.0456114 0.0519134 0.0570605 0.0607983 0.0629267 0.0633177 0.0620118 0.0592276 0.0552554 0.0503811 0.0448947 0.0390945 0.0332619 0.0276374 0.0224081 0.0177032 0.0135939 0.0100964 0.00717578 0.00476483 0.00282323 0.00140054 0.000552833 0.000172676 4.40944e-05 9.56194e-06 1.79962e-06 2.93576e-07 4.01894e-08 4.19115e-09 2.38589e-10 0 
0 0.00042629 0.00262636 0.00681889 0.0126069 0.0197681 0.0279667 0.0367523 0.0456114 0.0540185 0.0615161 0.0677814 0.0724837 0.0751959 0.075698 0.0740411 0.0704984 0.0655613 0.0596867 0.0531767 0.0463209 0.0394302 0.0327865 0.0266114 0.0210586 0.0162148 0.012104 0.00869347 0.0059032 0.0036486 0.00192676 0.000813588 0.000267599 7.02967e-05 1.53967e-05 2.89547e-06 4.69425e-07 6.37087e-08 6.58053e-09 3.70988e-10 0 
0 0.000531634 0.00310925 0.00785763 0.0144171 0.0225491 0.0318628 0.0418443 0.0519134 0.0615161 0.0702559 0.0776736 0.0829107 0.0856468 0.0861426 0.0845395 0.0807821 0.075041 0.0680779 0.060546 0.0527291 0.0448985 0.0373512 0.0303373 0.0240321 0.0185353 0.0138771 0.010026 0.00689689 0.00437874 0.00241885 0.00107947 0.000372399 0.000100721 2.23344e-05 4.20823e-06 6.79884e-07 9.17196e-08 9.40745e-09 5.26507e-10 0 
0 0.00062105 0.00349908 0.00869677 0.0158868 0.0248095 0.0350303 0.0459851 0.0570605 0.0677814 0.0776736 0.0853913 0.0901101 0.0924293 0.0928589 0.0915341 0.0882905 0.0827686 0.0751565 0.06664 0.0579601 0.0493512 0.0410678 0.0333711 0.0264532 0.0204241 0.0153187 0.011106 0.00769785 0.00496884 0.00282958 0.00131616 0.000472282 0.00013113 2.94422e-05 5.56622e-06 8.97979e-07 1.20689e-07 1.23204e-08 6.86066e-10 0 
0 0.000686858 0.00377669 0.00929573 0.0169388 0.0264281 0.0372987 0.0489529 0.0607983 0.0724837 0.0829107 0.0901101 0.0942736 0.0963295 0.0967215 0.0955613 0.0927105 0.0877603 0.0802953 0.0711445 0.0617456 0.0525501 0.0437365 0.03555 0.0281924 0.0217812 0.0163543 0.0118808 0.00827079 0.00539101 0.00312902 0.00149671 0.000552679 0.000156627 3.55415e-05 6.74426e-06 1.08798e-06 1.45953e-07 1.48599e-08 8.25059e-10 0 
0 0.000724392 0.00393141 0.00962951 0.0175254 0.0273306 0.0385637 0.0506106 0.0629267 0.0751959 0.0856468 0.0924293 0.0963295 0.0982695 0.0986457 0.097559 0.094888 0.0902529 0.0830819 0.0737342 0.0638942 0.0543476 0.045235 0.0367744 0.0291706 0.0225452 0.016938 0.0123181 0.00859456 0.00563049 0.00330159 0.00160437 0.000602667 0.000173033 3.95539e-05 7.52967e-06 1.21576e-06 1.63055e-07 1.6589e-08 9.20242e-10 0 
0 0.000731889 0.00396046 0.00969057 0.0176319 0.027494 0.0387925 0.0509108 0.0633177 0.075698 0.0861426 0.0928589 0.0967215 0.0986457 0.0990209 0.097946 0.095303 0.0907182 0.0836037 0.0742317 0.0643067 0.0546926 0.0455245 0.0370129 0.029363 0.0226974 0.0170562 0.0124086 0.00866383 0.00568439 0.00334329 0.00163259 0.000616805 0.000177975 4.08259e-05 7.78973e-06 1.25978e-06 1.6918e-07 1.72327e-08 9.57103e-10 0 
0 0.000710207 0.00386847 0.00948869 0.0172752 0.0269442 0.0380216 0.0499002 0.0620118 0.0740411 0.0845395 0.0915341 0.0955613 0.097559 0.097946 0.0968285 0.0940785 0.0893024 0.0819808 0.0726862 0.0630306 0.0536341 0.0446472 0.0363004 0.0287979 0.0222601 0.0167262 0.0121659 0.00848922 0.0055611 0.00325993 0.00158398 0.000595576 0.000171399 3.93124e-05 7.51277e-06 1.21807e-06 1.64077e-07 1.67693e-08 9.34729e-10 0 
0 0.000662452 0.0036665 0.00904893 0.0165004 0.025751 0.0363489 0.0477105 0.0592276 0.0704984 0.0807821 0.0882905 0.0927105 0.094888 0.095303 0.0940785 0.0910661 0.0858591 0.0782631 0.0693493 0.0602604 0.0513125 0.0427174 0.0347304 0.0275503 0.0212922 0.0159934 0.011624 0.00809606 0.00527945 0.00306616 0.00146933 0.000544897 0.000155464 3.55665e-05 6.80867e-06 1.10849e-06 1.50132e-07 1.54393e-08 8.66339e-10 0 
0 0.000593568 0.00337074 0.00840822 0.0153744 0.024018 0.0339201 0.0445346 0.0552554 0.0655613 0.075041 0.0827686 0.0877603 0.0902529 0.0907182 0.0893024 0.0858591 0.0801852 0.0727682 0.0646281 0.0562685 0.0479346 0.0399059 0.0324429 0.0257325 0.0198821 0.0149259 0.0108344 0.00752217 0.00486798 0.00278521 0.00130673 0.000475011 0.000133951 3.05668e-05 5.87327e-06 9.63134e-07 1.31639e-07 1.36755e-08 7.75637e-10 0 
0 0.000509863 0.00300107 0.00761099 0.0139785 0.0218716 0.0309127 0.040604 0.0503811 0.0596867 0.0680779 0.0751565 0.0802953 0.0830819 0.0836037 0.0819808 0.0782631 0.0727682 0.0661555 0.058916 0.0513465 0.0437483 0.0364208 0.0296083 0.0234815 0.0181379 0.0136074 0.0098605 0.00681565 0.00436476 0.00244959 0.00112087 0.000398972 0.000111432 2.54657e-05 4.93585e-06 8.1966e-07 1.13666e-07 1.19908e-08 6.90724e-10 0 
0 0.000418463 0.00257979 0.00670454 0.0124004 0.0194483 0.0275186 0.036169 0.0448947 0.0531767 0.060546 0.06664 0.0711445 0.0737342 0.0742317 0.0726862 0.0693493 0.0646281 0.058916 0.0525339 0.0457974 0.0390225 0.0324878 0.026412 0.0209467 0.0161779 0.0121305 0.00877445 0.0060339 0.00381942 0.00210266 0.000941911 0.000330921 9.24445e-05 2.1361e-05 4.21191e-06 7.13405e-07 1.00965e-07 1.08644e-08 6.37656e-10 0 
0 0.000326662 0.00213085 0.00573479 0.0107259 0.016883 0.0239281 0.0314786 0.0390945 0.0463209 0.0527291 0.0579601 0.0617456 0.0638942 0.0643067 0.0630306 0.0602604 0.0562685 0.0513465 0.0457974 0.0399279 0.0340242 0.0283308 0.0230379 0.018277 0.0141214 0.0105905 0.0076544 0.0052462 0.00329761 0.00179996 0.000803563 0.000284506 8.09541e-05 1.91626e-05 3.87516e-06 6.7221e-07 9.7183e-08 1.06511e-08 6.34824e-10 0 
0 0.000241165 0.00167941 0.00474335 0.00903202 0.0142988 0.0203153 0.026761 0.0332619 0.0394302 0.0448985 0.0493512 0.0525501 0.0543476 0.0546926 0.0536341 0.0513125 0.0479346 0.0437483 0.0390225 0.0340242 0.028999 0.0241554 0.0196554 0.0156104 0.0120821 0.0090851 0.00659173 0.00454438 0.00288651 0.00160643 0.000739297 0.000271654 8.01466e-05 1.95516e-05 4.04503e-06 7.13192e-07 1.04249e-07 1.15041e-08 6.88128e-10 0 
0 0.000167283 0.00125137 0.00376715 0.00738133 0.0117986 0.0168276 0.0222102 0.0276374 0.0327865 0.0373512 0.0410678 0.0437365 0.045235 0.0455245 0.0446472 0.0427174 0.0399059 0.0364208 0.0324878 0.0283308 0.0241554 0.0201362 0.0164091 0.0130706 0.0101802 0.00775664 0.00576026 0.00410377 0.00271596 0.00159144 0.000777371 0.000301569 9.23022e-05 2.293e-05 4.76771e-06 8.38226e-07 1.21646e-07 1.32962e-08 7.8677e-10 0 
0 0.000108253 0.00087167 0.00284123 0.00581939 0.00945933 0.0135783 0.0179766 0.0224081 0.0266114 0.0303373 0.0333711 0.03555 0.0367744 0.0370129 0.0363004 0.0347304 0.0324429 0.0296083 0.026412 0.0230379 0.0196554 0.0164091 0.0134184 0.010794 0.00865912 0.00707986 0.0058779 0.00466273 0.00327166 0.00195132 0.00096947 0.000384991 0.00011895 2.92748e-05 5.96911e-06 1.0258e-06 1.45475e-07 1.5552e-08 9.01286e-10 0 
0 6.48926e-05 0.00056061 0.00200337 0.00437786 0.00732821 0.0106423 0.0141629 0.0177032 0.0210586 0.0240321 0.0264532 0.0281924 0.0291706 0.029363 0.0287979 0.0275503 0.0257325 0.0234815 0.0209467 0.018277 0.0156104 0.0130706 0.010794 0.00903832 0.00830119 0.00894462 0.0100964 0.00971943 0.00708594 0.00383613 0.0016264 0.000572764 0.000164534 3.81768e-05 7.40763e-06 1.22392e-06 1.68055e-07 1.74712e-08 9.87855e-10 0 
0 3.58026e-05 0.00032889 0.00129505 0.00308604 0.00542581 0.00805417 0.010823 0.0135939 0.0162148 0.0185353 0.0204241 0.0217812 0.0225452 0.0226974 0.0222601 0.0212922 0.0198821 0.0181379 0.0161779 0.0141214 0.0120821 0.0101802 0.00865912 0.00830119 0.0109354 0.0180025 0.0263761 0.0291225 0.020699 0.0104758 0.00374702 0.00103954 0.00024497 4.93851e-05 8.70815e-06 1.35737e-06 1.79566e-07 1.81499e-08 1.00235e-09 0 
0 1.80855e-05 0.000174256 0.000751885 0.00198599 0.00376171 0.00581284 0.0079629 0.0100964 0.012104 0.0138771 0.0153187 0.0163543 0.016938 0.0170562 0.0167262 0.0159934 0.0149259 0.0136074 0.0121305 0.0105905 0.0090851 0.00775664 0.00707986 0.00894462 0.0180025 0.0380475 0.0690338 0.0768794 0.0530203 0.0243822 0.00820422 0.00196318 0.000374426 6.19954e-05 9.44553e-06 1.35673e-06 1.72343e-07 1.69952e-08 9.20952e-10 0 
0 8.33508e-06 8.28593e-05 0.000385515 0.0011319 0.00236427 0.00390323 0.00554959 0.00717578 0.00869347 0.010026 0.011106 0.0118808 0.0123181 0.0124086 0.0121659 0.011624 0.0108344 0.0098605 0.00877445 0.0076544 0.00659173 0.00576026 0.0058779 0.0100964 0.0263761 0.0690338 0.0876247 0.0898476 0.0828405 0.0442663 0.0132207 0.0029927 0.000503571 7.03933e-05 9.14785e-06 1.19358e-06 1.45607e-07 1.40987e-08 7.54914e-10 0 
0 3.4986e-06 3.52892e-05 0.000173028 0.000556768 0.00129421 0.00234145 0.0035459 0.00476483 0.0059032 0.00689689 0.00769785 0.00827079 0.00859456 0.00866383 0.00848922 0.00809606 0.00752217 0.00681565 0.0060339 0.0052462 0.00454438 0.00410377 0.00466273 0.00971943 0.0291225 0.0768794 0.0898476 0.0915185 0.0857564 0.0530148 0.0145751 0.00324037 0.000516382 6.51691e-05 7.50275e-06 9.0174e-07 1.06689e-07 1.02428e-08 5.46683e-10 0 
0 1.33716e-06 1.34839e-05 6.80065e-05 0.000233542 0.000596629 0.00119438 0.00197216 0.00282323 0.0036486 0.00437874 0.00496884 0.00539101 0.00563049 0.00568439 0.0055611 0.00527945 0.00486798 0.00436476 0.00381942 0.00329761 0.00288651 0.00271596 0.00327166 0.00708594 0.020699 0.0530203 0.0828405 0.0857564 0.0740068 0.0332787 0.0107948 0.00239402 0.000375724 4.53959e-05 4.93312e-06 5.71203e-07 6.70874e-08 6.47112e-09 3.47631e-10 0 
0 4.65664e-07 4.63999e-06 2.35757e-05 8.38966e-05 0.000228896 0.000499648 0.000903202 0.00140054 0.00192676 0.00241885 0.00282958 0.00312902 0.00330159 0.00334329 0.00325993 0.00306616 0.00278521 0.00244959 0.00210266 0.00179996 0.00160643 0.00159144 0.00195132 0.00383613 0.0104758 0.0243822 0.0442663 0.0530148 0.0332787 0.0162202 0.00534972 0.00119674 0.000189382 2.29338e-05 2.52279e-06 2.99455e-07 3.60326e-08 3.54399e-09 1.93505e-10 0 
0 1.47887e-07 1.44403e-06 7.27876e-06 2.61887e-05 7.39359e-05 0.000170716 0.000331147 0.000552833 0.000813588 0.00107947 0.00131616 0.00149671 0.00160437 0.00163259 0.00158398 0.00146933 0.00130673 0.00112087 0.000941911 0.000803563 0.000739297 0.000777371 0.00096947 0.0016264 0.00374702 0.00820422 0.0132207 0.0145751 0.0107948 0.00534972 0.00178279 0.000407272 6.62835e-05 8.43136e-06 1.01066e-06 1.30647e-07 1.65631e-08 1.68258e-09 9.41964e-11 0 
0 4.28366e-08 4.07695e-07 2.01834e-06 7.21835e-06 2.05709e-05 4.87455e-05 9.84463e-05 0.000172676 0.000267599 0.000372399 0.000472282 0.000552679 0.000602667 0.000616805 0.000595576 0.000544897 0.000475011 0.000398972 0.000330921 0.000284506 0.000271654 0.000301569 0.000384991 0.000572764 0.00103954 0.00196318 0.0029927 0.00324037 0.00239402 0.00119674 0.000407272 9.62146e-05 1.65915e-05 2.36102e-06 3.30999e-07 4.83903e-08 6.55713e-09 6.93816e-10 4.01048e-11 0 
0 1.12993e-08 1.045e-07 5.05131e-07 1.77738e-06 5.03249e-06 1.19785e-05 2.45573e-05 4.40944e-05 7.02967e-05 0.000100721 0.00013113 0.000156627 0.000173033 0.000177975 0.000171399 0.000155464 0.000133951 0.000111432 9.24445e-05 8.09541e-05 8.01466e-05 9.23022e-05 0.00011895 0.000164534 0.00024497 0.000374426 0.000503571 0.000516382 0.000375724 0.000189382 6.62835e-05 1.65915e-05 3.21089e-06 5.50853e-07 9.38263e-08 1.55275e-08 2.2492e-09 2.48928e-10 1.49321e-11 0 
0 2.70153e-09 2.4244e-08 1.14084e-07 3.92778e-07 1.09523e-06 2.58591e-06 5.29669e-06 9.56194e-06 1.53967e-05 2.23344e-05 2.94422e-05 3.55415e-05 3.95539e-05 4.08259e-05 3.93124e-05 3.55665e-05 3.05668e-05 2.54657e-05 2.1361e-05 1.91626e-05 1.95516e-05 2.293e-05 2.92748e-05 3.81768e-05 4.93851e-05 6.19954e-05 7.03933e-05 6.51691e-05 4.53959e-05 2.29338e-05 8.43136e-06 2.36102e-06 5.50853e-07 1.17896e-07 2.38318e-08 4.35316e-09 6.69816e-10 7.76676e-11 4.85096e-12 0 
0 5.79473e-10 5.04486e-09 2.30845e-08 7.75707e-08 2.1209e-07 4.93542e-07 1.0015e-06 1.79962e-06 2.89547e-06 4.20823e-06 5.56622e-06 6.74426e-06 7.52967e-06 7.78973e-06 7.51277e-06 6.80867e-06 5.87327e-06 4.93585e-06 4.21191e-06 3.87516e-06 4.04503e-06 4.76771e-06 5.96911e-06 7.40763e-06 8.70815e-06 9.44553e-06 9.14785e-06 7.50275e-06 4.93312e-06 2.52279e-06 1.01066e-06 3.30999e-07 9.38263e-08 2.38318e-08 5.40029e-09 1.06087e-09 1.72401e-10 2.09534e-11 1.36519e-12 0 
0 1.09223e-10 9.22949e-10 4.10703e-09 1.346e-08 3.60226e-08 8.2379e-08 1.64945e-07 2.93576e-07 4.69425e-07 6.79884e-07 8.97979e-07 1.08798e-06 1.21576e-06 1.25978e-06 1.21807e-06 1.10849e-06 9.63134e-07 8.1966e-07 7.13405e-07 6.7221e-07 7.13192e-07 8.38226e-07 1.0258e-06 1.22392e-06 1.35737e-06 1.35673e-06 1.19358e-06 9.0174e-07 5.71203e-07 2.99455e-07 1.30647e-07 4.83903e-08 1.55275e-08 4.35316e-09 1.06087e-09 2.20843e-10 3.77663e-11 4.80931e-12 3.27075e-13 0 
0 1.73245e-11 1.42241e-10 6.16022e-10 1.9697e-09 5.15841e-09 1.15819e-08 2.28457e-08 4.01894e-08 6.37087e-08 9.17196e-08 1.20689e-07 1.45953e-07 1.63055e-07 1.6918e-07 1.64077e-07 1.50132e-07 1.31639e-07 1.13666e-07 1.00965e-07 9.7183e-08 1.04249e-07 1.21646e-07 1.45475e-07 1.68055e-07 1.79566e-07 1.72343e-07 1.45607e-07 1.06689e-07 6.70874e-08 3.60326e-08 1.65631e-08 6.55713e-09 2.2492e-09 6.69816e-10 1.72401e-10 3.77663e-11 6.77759e-12 9.03248e-13 6.40984e-14 0 
0 2.08671e-12 1.6669e-11 7.03455e-11 2.19651e-10 5.63212e-10 1.24167e-09 2.41208e-09 4.19115e-09 6.58053e-09 9.40745e-09 1.23204e-08 1.48599e-08 1.6589e-08 1.72327e-08 1.67693e-08 1.54393e-08 1.36755e-08 1.19908e-08 1.08644e-08 1.06511e-08 1.15041e-08 1.32962e-08 1.5552e-08 1.74712e-08 1.81499e-08 1.69952e-08 1.40987e-08 1.02428e-08 6.47112e-09 3.54399e-09 1.68258e-09 6.93816e-10 2.48928e-10 7.76676e-11 2.09534e-11 4.80931e-12 9.03248e-13 1.25751e-13 9.3017e-15 0 
0 1.36332e-13 1.06117e-12 4.37017e-12 1.33425e-11 3.35298e-11 7.26326e-11 1.39007e-10 2.38589e-10 3.70988e-10 5.26507e-10 6.86066e-10 8.25059e-10 9.20242e-10 9.57103e-10 9.34729e-10 8.66339e-10 7.75637e-10 6.90724e-10 6.37656e-10 6.34824e-10 6.88128e-10 7.8677e-10 9.01286e-10 9.87855e-10 1.00235e-09 9.20952e-10 7.54914e-10 5.46683e-10 3.47631e-10 1.93505e-10 9.41964e-11 4.01048e-11 1.49321e-11 4.85096e-12 1.36519e-12 3.27075e-13 6.40984e-14 9.3017e-15 7.16059e-16 0 
0 0 0 0 0 0 0 0 0 0 0 0 0 0 0 0 0 0 0 0 0 0 0 0 0 0 0 0 0 0 0 0 0 0 0 0 0 0 0 0 0 
