0 0 0 0 0 0 0 0 0 0 0 0 0 0 0 0 0 0 0 0 0 0 0 0 0 0 0 0 0 0 0 0 0 0 0 0 0 0 0 0 0 
0 4.11241e-08 3.79086e-07 1.78752e-06 5.99301e-06 1.58092e-05 3.44371e-05 6.39453e-05 0.000103833 0.000150678 0.000199008 0.000242738 0.000276496 0.000296486 0.00030088 0.000289856 0.000265366 0.000230742 0.000190168 0.000148059 0.000108427 7.43139e-05 4.74166e-05 2.80226e-05 1.52723e-05 7.65063e-06 3.51603e-06 1.48148e-06 5.72532e-07 2.03145e-07 6.62524e-08 1.98744e-08 5.48184e-09 1.38713e-09 3.2025e-10 6.67169e-11 1.22742e-11 1.9083e-12 2.26088e-13 1.45713e-14 0 
0 3.79086e-07 3.6346e-06 1.76073e-05 5.94679e-05 0.000154374 0.000323803 0.000570367 0.000873336 0.00119759 0.00150605 0.00176764 0.00196013 0.0020703 0.0020932 0.00203118 0.00189282 0.00169192 0.00144636 0.00117688 0.000905556 0.000653599 0.000438512 0.000270993 0.000153026 7.85097e-05 3.64937e-05 1.53706e-05 5.87911e-06 2.0489e-06 6.52817e-07 1.9066e-07 5.10997e-08 1.25537e-08 2.81382e-09 5.69417e-10 1.01856e-10 1.54156e-11 1.78033e-12 1.12007e-13 0 
0 1.78752e-06 1.76073e-05 8.56527e-05 0.000280973 0.000684624 0.0013178 0.00211972 0.00299173 0.00384282 0.00460367 0.00522425 0.00567018 0.0059213 0.00597123 0.00582655 0.00550521 0.00503422 0.00444697 0.0037808 0.00307553 0.00237283 0.00171585 0.00114628 0.00069676 0.000380301 0.000184866 7.98899e-05 3.08089e-05 1.06762e-05 3.34927e-06 9.57081e-07 2.50067e-07 5.97831e-08 1.30324e-08 2.56563e-09 4.46818e-10 6.59135e-11 7.42947e-12 4.56835e-13 0 
0 5.99301e-06 5.94679e-05 0.000280973 0.0008562 0.00188048 0.00325831 0.00481242 0.00639406 0.0078927 0.00921868 0.0102975 0.0110723 0.011508 0.0115927 0.0113382 0.0107762 0.00995504 0.00893302 0.00777317 0.0065376 0.00528417 0.00406625 0.00293663 0.00195178 0.00116701 0.000614993 0.000282273 0.000112833 3.96436e-05 1.24024e-05 3.49606e-06 8.95319e-07 2.09083e-07 4.44574e-08 8.5345e-09 1.45005e-09 2.08881e-10 2.30179e-11 1.38555e-12 0 
0 1.58092e-05 0.000154374 0.000684624 0.00188048 0.00370749 0.00592023 0.00830739 0.0107129 0.0129954 0.0150211 0.0166728 0.0178605 0.0185282 0.018657 0.0182645 0.0174008 0.0161408 0.0145765 0.012807 0.0109297 0.00903276 0.00718961 0.00545851 0.00388962 0.00253883 0.00147252 0.000737945 0.000314979 0.000114967 3.64792e-05 1.02554e-05 2.59266e-06 5.94372e-07 1.23734e-07 2.32327e-08 3.86098e-09 5.44348e-10 5.87669e-11 3.46958e-12 0 
0 3.44371e-05 0.000323803 0.0013178 0.00325831 0.00592023 0.00901353 0.0123338 0.0156897 0.0188825 0.0217204 0.0240363 0.0257023 0.0266387 0.0268189 0.0262675 0.0250551 0.0232876 0.0210952 0.0186185 0.0159965 0.0133556 0.0108013 0.00841297 0.00624417 0.00433365 0.00272934 0.00150136 0.000697718 0.000270653 8.87303e-05 2.51956e-05 6.3405e-06 1.43511e-06 2.93744e-07 5.41319e-08 8.82509e-09 1.22093e-09 1.29436e-10 7.51141e-12 0 
0 6.39453e-05 0.000570367 0.00211972 0.00481242 0.00830739 0.0123338 0.0166659 0.0210533 0.0252318 0.0289478 0.0319813 0.0341639 0.0353911 0.0356274 0.0349054 0.0333173 0.0310027 0.0281324 0.0248916 0.0214636 0.0180158 0.0146889 0.0115901 0.00878965 0.00632426 0.00421576 0.0025066 0.00127003 0.000530731 0.000182645 5.30435e-05 1.34017e-05 3.01265e-06 6.08995e-07 1.10545e-07 1.77348e-08 2.41434e-09 2.51977e-10 1.44061e-11 0 
0 0.000103833 0.000873336 0.00299173 0.00639406 0.0107129 0.0156897 0.0210533 0.0264897 0.0316692 0.0362766 0.0400386 0.0427461 0.0442691 0.0445635 0.0436694 0.0417012 0.0388323 0.0352749 0.031259 0.0270126 0.0227444 0.0186305 0.014806 0.0113613 0.00834187 0.00575871 0.00361935 0.0019735 0.000889149 0.000324145 9.72362e-05 2.48543e-05 5.57982e-06 1.11872e-06 2.0074e-07 3.17907e-08 4.27068e-09 4.39929e-10 2.48386e-11 0 
0 0.000150678 0.00119759 0.00384282 0.0078927 0.0129954 0.0188825 0.0252318 0.0316692 0.0378035 0.0432614 0.0477189 0.0509281 0.0527348 0.053086 0.0520288 0.0496992 0.0463026 0.0420904 0.0373356 0.0323087 0.0272574 0.0223913 0.0178721 0.0138088 0.0102585 0.0072316 0.0047135 0.00271598 0.00130711 0.000505179 0.000157369 4.09193e-05 9.21609e-06 1.83956e-06 3.27375e-07 5.13332e-08 6.82389e-09 6.95613e-10 3.88795e-11 0 
0 0.000199008 0.00150605 0.00460367 0.00921868 0.0150211 0.0217204 0.0289478 0.0362766 0.0432614 0.0494771 0.0545553 0.0582137 0.0602756 0.0606794 0.059478 0.0568268 0.0529606 0.048166 0.0427536 0.0370315 0.0312824 0.0257455 0.0206059 0.0159893 0.0119631 0.00854064 0.00569653 0.00341117 0.00172936 0.000704224 0.000227837 6.04226e-05 1.36943e-05 2.72943e-06 4.8315e-07 7.522e-08 9.92132e-09 1.00338e-09 5.56525e-11 0 
0 0.000242738 0.00176764 0.00522425 0.0102975 0.0166728 0.0240363 0.0319813 0.0400386 0.0477189 0.0545553 0.0601429 0.0641704 0.0664418 0.0668902 0.0655741 0.0626624 0.0584131 0.0531426 0.0471929 0.0409025 0.0345824 0.0284964 0.0228483 0.0177777 0.0133601 0.00961226 0.00650403 0.0039951 0.00210326 0.000893178 0.000298799 8.07819e-05 1.84485e-05 3.67939e-06 6.49411e-07 1.00643e-07 1.3205e-08 1.3283e-09 7.32906e-11 0 
0 0.000276496 0.00196013 0.00567018 0.0110723 0.0178605 0.0257023 0.0341639 0.0427461 0.0509281 0.0582137 0.0641704 0.0684612 0.070878 0.0713591 0.0699689 0.0668785 0.062357 0.0567443 0.0504075 0.0437076 0.0369756 0.0304927 0.0244769 0.0190774 0.0143759 0.0103917 0.00709262 0.0044263 0.00238934 0.00104565 0.000358993 9.86387e-05 2.26938e-05 4.53489e-06 7.99691e-07 1.23658e-07 1.61805e-08 1.62305e-09 8.93184e-11 0 
0 0.000296486 0.0020703 0.0059213 0.011508 0.0185282 0.0266387 0.0353911 0.0442691 0.0527348 0.0602756 0.0664418 0.070878 0.0733723 0.0738732 0.0724504 0.06927 0.0646012 0.0587975 0.0522432 0.0453126 0.0383478 0.0316401 0.0254154 0.0198286 0.014965 0.0108456 0.00743742 0.00468221 0.00256397 0.00114272 0.000398961 0.000110877 2.56651e-05 5.14234e-06 9.07632e-07 1.40368e-07 1.83653e-08 1.8422e-09 1.01407e-10 0 
0 0.00030088 0.0020932 0.00597123 0.0115927 0.018657 0.0268189 0.0356274 0.0445635 0.053086 0.0606794 0.0668902 0.0713591 0.0738732 0.0743836 0.0729612 0.0697698 0.0650775 0.0592401 0.0526454 0.0456704 0.0386596 0.0319061 0.0256379 0.0200114 0.0151129 0.0109639 0.00753167 0.00475652 0.00261847 0.00117542 0.000413426 0.00011559 2.68735e-05 5.40237e-06 9.56256e-07 1.48304e-07 1.94623e-08 1.9589e-09 1.08257e-10 0 
0 0.000289856 0.00203118 0.00582655 0.0113382 0.0182645 0.0262675 0.0349054 0.0436694 0.0520288 0.059478 0.0655741 0.0699689 0.0724504 0.0729612 0.071568 0.0684381 0.06384 0.058121 0.0516579 0.0448194 0.0379438 0.0313188 0.0251681 0.0196455 0.0148357 0.01076 0.00738638 0.00465755 0.00255754 0.0011451 0.000402339 0.000112638 2.62741e-05 5.3066e-06 9.44618e-07 1.47448e-07 1.9491e-08 1.97775e-09 1.10283e-10 0 
0 0.000265366 0.00189282 0.00550521 0.0107762 0.0174008 0.0250551 0.0333173 0.0417012 0.0496992 0.0568268 0.0626624 0.0668785 0.06927 0.0697698 0.0684381 0.0654439 0.0610509 0.0555882 0.0494119 0.0428741 0.0362985 0.0299605 0.0240739 0.018786 0.0141777 0.010269 0.00702914 0.00440718 0.002398 0.00106255 0.000370699 0.000103669 2.42865e-05 4.94451e-06 8.89374e-07 1.40527e-07 1.88313e-08 1.93948e-09 1.09891e-10 0 
0 0.000230742 0.00169192 0.00503422 0.00995504 0.0161408 0.0232876 0.0310027 0.0388323 0.0463026 0.0529606 0.0584131 0.062357 0.0646012 0.0650775 0.06384 0.0610509 0.0569583 0.0518671 0.0461078 0.0400089 0.0338729 0.0279563 0.0224588 0.0175171 0.0132064 0.00954436 0.00650257 0.00404023 0.00216798 0.000946652 0.000327487 9.16967e-05 2.16884e-05 4.48317e-06 8.21701e-07 1.32617e-07 1.81814e-08 1.91763e-09 1.1131e-10 0 
0 0.000190168 0.00144636 0.00444697 0.00893302 0.0145765 0.0210952 0.0281324 0.0352749 0.0420904 0.048166 0.0531426 0.0567443 0.0587975 0.0592401 0.058121 0.0555882 0.0518671 0.0472347 0.0419922 0.0364391 0.0308507 0.0254606 0.0204501 0.0159429 0.0120061 0.00865441 0.00586288 0.00360457 0.00190641 0.000822538 0.000284155 8.04979e-05 1.94602e-05 4.13709e-06 7.82392e-07 1.30452e-07 1.84726e-08 2.00974e-09 1.2007e-10 0 
0 0.000148059 0.00117688 0.0037808 0.00777317 0.012807 0.0186185 0.0248916 0.031259 0.0373356 0.0427536 0.0471929 0.0504075 0.0522432 0.0526454 0.0516579 0.0494119 0.0461078 0.0419922 0.0373335 0.0323985 0.027432 0.0226415 0.0181874 0.0141782 0.0106716 0.00767849 0.00517925 0.00316168 0.00166206 0.000719496 0.000253294 7.41637e-05 1.86821e-05 4.14865e-06 8.18411e-07 1.41827e-07 2.07728e-08 2.32512e-09 1.42148e-10 0 
0 0.000108427 0.000905556 0.00307553 0.0065376 0.0109297 0.0159965 0.0214636 0.0270126 0.0323087 0.0370315 0.0409025 0.0437076 0.0453126 0.0456704 0.0448194 0.0428741 0.0400089 0.0364391 0.0323985 0.0281196 0.0238154 0.0196661 0.0158099 0.0123393 0.00930138 0.00670423 0.0045338 0.00278635 0.00149135 0.000669135 0.000248175 7.70947e-05 2.055e-05 4.78934e-06 9.81692e-07 1.75053e-07 2.6157e-08 2.96553e-09 1.82574e-10 0 
0 7.43139e-05 0.000653599 0.00237283 0.00528417 0.00903276 0.0133556 0.0180158 0.0227444 0.0272574 0.0312824 0.0345824 0.0369756 0.0383478 0.0386596 0.0379438 0.0362985 0.0338729 0.0308507 0.027432 0.0238154 0.0201829 0.0166876 0.0134461 0.0105353 0.00799341 0.00582664 0.00402131 0.00256272 0.00145355 0.000704295 0.000283446 9.44489e-05 2.64771e-05 6.36566e-06 1.32581e-06 2.37654e-07 3.54368e-08 3.98976e-09 2.4316e-10 0 
0 4.74166e-05 0.000438512 0.00171585 0.00406625 0.00718961 0.0108013 0.0146889 0.0186305 0.0223913 0.0257455 0.0284964 0.0304927 0.0316401 0.0319061 0.0313188 0.0299605 0.0279563 0.0254606 0.0226415 0.0196661 0.0166876 0.0138345 0.0112049 0.00886456 0.00685021 0.0051659 0.00377189 0.00260126 0.00162143 0.000865924 0.000378561 0.000133076 3.81637e-05 9.18261e-06 1.89052e-06 3.32899e-07 4.86229e-08 5.35692e-09 3.19495e-10 0 
0 2.80226e-05 0.000270993 0.00114628 0.00293663 0.00545851 0.00841297 0.0115901 0.014806 0.0178721 0.0206059 0.0228483 0.0244769 0.0254154 0.0256379 0.0251681 0.0240739 0.0224588 0.0204501 0.0181874 0.0158099 0.0134461 0.0112049 0.00917397 0.00742963 0.00604512 0.00503707 0.0042456 0.00337545 0.00232272 0.00131043 0.000588996 0.000207473 5.80894e-05 1.34642e-05 2.66806e-06 4.53665e-07 6.41765e-08 6.8654e-09 3.98551e-10 0 
0 1.52723e-05 0.000153026 0.00069676 0.00195178 0.00388962 0.00624417 0.00878965 0.0113613 0.0138088 0.0159893 0.0177777 0.0190774 0.0198286 0.0200114 0.0196455 0.018786 0.0175171 0.0159429 0.0141782 0.0123393 0.0105353 0.00886456 0.00742963 0.0064023 0.00610335 0.00676815 0.00774133 0.00748028 0.00544127 0.00290576 0.00117255 0.000369615 9.2822e-05 1.94613e-05 3.57445e-06 5.77019e-07 7.85526e-08 8.14037e-09 4.5965e-10 0 
0 7.65063e-06 7.85097e-05 0.000380301 0.00116701 0.00253883 0.00433365 0.00632426 0.00834187 0.0102585 0.0119631 0.0133601 0.0143759 0.014965 0.0151129 0.0148357 0.0141777 0.0132064 0.0120061 0.0106716 0.00930138 0.00799341 0.00685021 0.00604512 0.00610335 0.00835085 0.0139278 0.0203695 0.0217728 0.0160699 0.00811967 0.00287682 0.000759143 0.000158314 2.77987e-05 4.46545e-06 6.67024e-07 8.69078e-08 8.73509e-09 4.81059e-10 0 
0 3.51603e-06 3.64937e-05 0.000184866 0.000614993 0.00147252 0.00272934 0.00421576 0.00575871 0.0072316 0.00854064 0.00961226 0.0103917 0.0108456 0.0109639 0.01076 0.010269 0.00954436 0.00865441 0.00767849 0.00670423 0.00582664 0.0051659 0.00503707 0.00676815 0.0139278 0.0294074 0.0471966 0.052748 0.0381562 0.018945 0.00636365 0.00150015 0.000265721 3.83626e-05 5.14076e-06 6.88415e-07 8.53017e-08 8.34566e-09 4.5066e-10 0 
0 1.48148e-06 1.53706e-05 7.98899e-05 0.000282273 0.000737945 0.00150136 0.0025066 0.00361935 0.0047135 0.00569653 0.00650403 0.00709262 0.00743742 0.00753167 0.00738638 0.00702914 0.00650257 0.00586288 0.00517925 0.0045338 0.00402131 0.00377189 0.0042456 0.00774133 0.0203695 0.0471966 0.0767565 0.0833783 0.0636963 0.0310911 0.0102705 0.00231223 0.000373257 4.66662e-05 5.26136e-06 6.22598e-07 7.31914e-08 7.01334e-09 3.74079e-10 0 
0 5.72532e-07 5.87911e-06 3.08089e-05 0.000112833 0.000314979 0.000697718 0.00127003 0.0019735 0.00271598 0.00341117 0.0039951 0.0044263 0.00468221 0.00475652 0.00465755 0.00440718 0.00404023 0.00360457 0.00316168 0.00278635 0.00256272 0.00260126 0.00337545 0.00748028 0.0217728 0.052748 0.0833783 0.0883155 0.0716154 0.0345532 0.0113256 0.0025094 0.000388465 4.48009e-05 4.48835e-06 4.80514e-07 5.42008e-08 5.13831e-09 2.73153e-10 0 
0 2.03145e-07 2.0489e-06 1.06762e-05 3.96436e-05 0.000114967 0.000270653 0.000530731 0.000889149 0.00130711 0.00172936 0.00210326 0.00238934 0.00256397 0.00261847 0.00255754 0.002398 0.00216798 0.00190641 0.00166206 0.00149135 0.00145355 0.00162143 0.00232272 0.00544127 0.0160699 0.0381562 0.0636963 0.0716154 0.0518387 0.0255243 0.00838758 0.00185281 0.00028279 3.15286e-05 2.99989e-06 3.07591e-07 3.42873e-08 3.26369e-09 1.74663e-10 0 
0 6.62524e-08 6.52817e-07 3.34927e-06 1.24024e-05 3.64792e-05 8.87303e-05 0.000182645 0.000324145 0.000505179 0.000704224 0.000893178 0.00104565 0.00114272 0.00117542 0.0011451 0.00106255 0.000946652 0.000822538 0.000719496 0.000669135 0.000704295 0.000865924 0.00131043 0.00290576 0.00811967 0.018945 0.0310911 0.0345532 0.0255243 0.0126063 0.00415387 0.000922209 0.000141071 1.57599e-05 1.52219e-06 1.60837e-07 1.84458e-08 1.79313e-09 9.75879e-11 0 
0 1.98744e-08 1.9066e-07 9.57081e-07 3.49606e-06 1.02554e-05 2.51956e-05 5.30435e-05 9.72362e-05 0.000157369 0.000227837 0.000298799 0.000358993 0.000398961 0.000413426 0.000402339 0.000370699 0.000327487 0.000284155 0.000253294 0.000248175 0.000283446 0.000378561 0.000588996 0.00117255 0.00287682 0.00636365 0.0102705 0.0113256 0.00838758 0.00415387 0.00137894 0.000309786 4.82102e-05 5.61202e-06 5.91615e-07 6.92572e-08 8.46703e-09 8.5284e-10 4.76242e-11 0 
0 5.48184e-09 5.10997e-08 2.50067e-07 8.95319e-07 2.59266e-06 6.3405e-06 1.34017e-05 2.48543e-05 4.09193e-05 6.04226e-05 8.07819e-05 9.86387e-05 0.000110877 0.00011559 0.000112638 0.000103669 9.16967e-05 8.04979e-05 7.41637e-05 7.70947e-05 9.44489e-05 0.000133076 0.000207473 0.000369615 0.000759143 0.00150015 0.00231223 0.0025094 0.00185281 0.000922209 0.000309786 7.10067e-05 1.15394e-05 1.48444e-06 1.85084e-07 2.52258e-08 3.34404e-09 3.5202e-10 2.03107e-11 0 
0 1.38713e-09 1.25537e-08 5.97831e-08 2.09083e-07 5.94372e-07 1.43511e-06 3.01265e-06 5.57982e-06 9.21609e-06 1.36943e-05 1.84485e-05 2.26938e-05 2.56651e-05 2.68735e-05 2.62741e-05 2.42865e-05 2.16884e-05 1.94602e-05 1.86821e-05 2.055e-05 2.64771e-05 3.81637e-05 5.80894e-05 9.2822e-05 0.000158314 0.000265721 0.000373257 0.000388465 0.00028279 0.000141071 4.82102e-05 1.15394e-05 2.06912e-06 3.20286e-07 5.01192e-08 7.98722e-09 1.14498e-09 1.26375e-10 7.57084e-12 0 
0 3.2025e-10 2.81382e-09 1.30324e-08 4.44574e-08 1.23734e-07 2.93744e-07 6.08995e-07 1.11872e-06 1.83956e-06 2.72943e-06 3.67939e-06 4.53489e-06 5.14234e-06 5.40237e-06 5.3066e-06 4.94451e-06 4.48317e-06 4.13709e-06 4.14865e-06 4.78934e-06 6.36566e-06 9.18261e-06 1.34642e-05 1.94613e-05 2.77987e-05 3.83626e-05 4.66662e-05 4.48009e-05 3.15286e-05 1.57599e-05 5.61202e-06 1.48444e-06 3.20286e-07 6.37022e-08 1.23509e-08 2.22292e-09 3.40662e-10 3.94455e-11 2.46138e-12 0 
0 6.67169e-11 5.69417e-10 2.56563e-09 8.5345e-09 2.32327e-08 5.41319e-08 1.10545e-07 2.0074e-07 3.27375e-07 4.8315e-07 6.49411e-07 7.99691e-07 9.07632e-07 9.56256e-07 9.44618e-07 8.89374e-07 8.21701e-07 7.82392e-07 8.18411e-07 9.81692e-07 1.32581e-06 1.89052e-06 2.66806e-06 3.57445e-06 4.46545e-06 5.14076e-06 5.26136e-06 4.48835e-06 2.99989e-06 1.52219e-06 5.91615e-07 1.85084e-07 5.01192e-08 1.23509e-08 2.76153e-09 5.40122e-10 8.76479e-11 1.06442e-11 6.93026e-13 0 
0 1.22742e-11 1.01856e-10 4.46818e-10 1.45005e-09 3.86098e-09 8.82509e-09 1.77348e-08 3.17907e-08 5.13332e-08 7.522e-08 1.00643e-07 1.23658e-07 1.40368e-07 1.48304e-07 1.47448e-07 1.40527e-07 1.32617e-07 1.30452e-07 1.41827e-07 1.75053e-07 2.37654e-07 3.32899e-07 4.53665e-07 5.77019e-07 6.67024e-07 6.88415e-07 6.22598e-07 4.80514e-07 3.07591e-07 1.60837e-07 6.92572e-08 2.52258e-08 7.98722e-09 2.22292e-09 5.40122e-10 1.12315e-10 1.9196e-11 2.44328e-12 1.6608e-13 0 
0 1.9083e-12 1.54156e-11 6.59135e-11 2.08881e-10 5.44348e-10 1.22093e-09 2.41434e-09 4.27068e-09 6.82389e-09 9.92132e-09 1.3205e-08 1.61805e-08 1.83653e-08 1.94623e-08 1.9491e-08 1.88313e-08 1.81814e-08 1.84726e-08 2.07728e-08 2.6157e-08 3.54368e-08 4.86229e-08 6.41765e-08 7.85526e-08 8.69078e-08 8.53017e-08 7.31914e-08 5.42008e-08 3.42873e-08 1.84458e-08 8.46703e-09 3.34404e-09 1.14498e-09 3.40662e-10 8.76479e-11 1.9196e-11 3.4441e-12 4.58856e-13 3.25507e-14 0 
0 2.26088e-13 1.78033e-12 7.42947e-12 2.30179e-11 5.87669e-11 1.29436e-10 2.51977e-10 4.39929e-10 6.95613e-10 1.00338e-09 1.3283e-09 1.62305e-09 1.8422e-09 1.9589e-09 1.97775e-09 1.93948e-09 1.91763e-09 2.00974e-09 2.32512e-09 2.96553e-09 3.98976e-09 5.35692e-09 6.8654e-09 8.14037e-09 8.73509e-09 8.34566e-09 7.01334e-09 5.13831e-09 3.26369e-09 1.79313e-09 8.5284e-10 3.5202e-10 1.26375e-10 3.94455e-11 1.06442e-11 2.44328e-12 4.58856e-13 6.38727e-14 4.72355e-15 0 
0 1.45713e-14 1.12007e-13 4.56835e-13 1.38555e-12 3.46958e-12 7.51141e-12 1.44061e-11 2.48386e-11 3.88795e-11 5.56525e-11 7.32906e-11 8.93184e-11 1.01407e-10 1.08257e-10 1.10283e-10 1.09891e-10 1.1131e-10 1.2007e-10 1.42148e-10 1.82574e-10 2.4316e-10 3.19495e-10 3.98551e-10 4.5965e-10 4.81059e-10 4.5066e-10 3.74079e-10 2.73153e-10 1.74663e-10 9.75879e-11 4.76242e-11 2.03107e-11 7.57084e-12 2.46138e-12 6.93026e-13 1.6608e-13 3.25507e-14 4.72355e-15 3.63586e-16 0 
0 0 0 0 0 0 0 0 0 0 0 0 0 0 0 0 0 0 0 0 0 0 0 0 0 0 0 0 0 0 0 0 0 0 0 0 0 0 0 0 0 
