0 0 0 0 0 0 0 0 0 0 0 0 0 0 0 0 0 0 0 0 0 0 0 0 0 0 0 0 0 0 0 0 0 0 0 0 0 0 0 0 0 
0 8.89901e-08 8.13734e-07 3.77487e-06 1.23368e-05 3.14658e-05 6.59252e-05 0.000117575 0.000183763 0.000257882 0.000331368 0.000395804 0.000444377 0.000472606 0.000478534 0.000462613 0.000427395 0.000377101 0.000317089 0.000253228 0.000191188 0.00013572 9.00388e-05 5.54804e-05 3.15709e-05 1.65126e-05 7.9119e-06 3.4667e-06 1.38856e-06 5.08737e-07 1.7067e-07 5.24704e-08 1.47812e-08 3.80802e-09 8.92581e-10 1.88322e-10 3.50143e-11 5.49166e-12 6.55369e-13 4.24929e-14 0 
0 8.13734e-07 7.71537e-06 3.64529e-05 0.000118167 0.000290495 0.000573327 0.000951855 0.00138418 0.00182107 0.00221975 0.0025483 0.00278539 0.00291901 0.00294542 0.00286813 0.00269694 0.00244683 0.00213677 0.00178878 0.00142694 0.00107612 0.000759866 0.00049706 0.000298075 0.000162426 7.99566e-05 3.54755e-05 1.42001e-05 5.14388e-06 1.69277e-06 5.07802e-07 1.39134e-07 3.48055e-08 7.91757e-09 1.62164e-09 2.92922e-10 4.4685e-11 5.19382e-12 3.28471e-13 0 
0 3.77487e-06 3.64529e-05 0.00016982 0.000520442 0.00116799 0.00207592 0.00312816 0.00420871 0.0052306 0.00612978 0.0068573 0.00737737 0.00766837 0.00772373 0.00755164 0.0071733 0.00662006 0.00592988 0.00514384 0.00430336 0.00344919 0.00262225 0.00186513 0.00122044 0.000721869 0.000380325 0.000177021 7.27521e-05 2.65483e-05 8.67444e-06 2.55841e-06 6.85074e-07 1.66942e-07 3.69407e-08 7.35806e-09 1.29328e-09 1.92165e-10 2.17838e-11 1.34555e-12 0 
0 1.23368e-05 0.000118167 0.000520442 0.00143921 0.00286931 0.0046137 0.00648565 0.00835558 0.0101172 0.0116728 0.0129366 0.0138424 0.0143493 0.0144444 0.0141416 0.013479 0.0125138 0.0113149 0.00995663 0.00851158 0.00704493 0.00561148 0.00425715 0.00302638 0.00197082 0.00114534 0.000580663 0.000253873 9.59463e-05 3.17235e-05 9.3118e-06 2.45582e-06 5.85973e-07 1.26595e-07 2.45933e-08 4.21609e-09 6.1146e-10 6.77302e-11 4.09327e-12 0 
0 3.14658e-05 0.000290495 0.00116799 0.00286931 0.00518378 0.00784204 0.0106674 0.013505 0.0161935 0.0185759 0.020515 0.0219062 0.0226848 0.0228299 0.0223632 0.0213438 0.0198605 0.0180213 0.015943 0.0137407 0.0115186 0.00936308 0.00733808 0.00548673 0.00384262 0.00245068 0.00137466 0.000657962 0.000265337 9.08916e-05 2.69786e-05 7.07963e-06 1.66514e-06 3.52892e-07 6.71055e-08 1.12541e-08 1.5972e-09 1.73271e-10 1.0267e-11 0 
0 6.59252e-05 0.000573327 0.00207592 0.0046137 0.00784204 0.0115177 0.0154467 0.0194096 0.0231721 0.0265097 0.0292278 0.0311782 0.0322698 0.0324729 0.0318179 0.0303881 0.0283084 0.0257311 0.0228212 0.0197418 0.016642 0.0136467 0.0108507 0.0083147 0.00606854 0.00412762 0.00252627 0.00133237 0.000585132 0.000212356 6.48559e-05 1.71323e-05 4.0025e-06 8.36548e-07 1.56347e-07 2.57367e-08 3.58466e-09 3.81836e-10 2.22346e-11 0 
0 0.000117575 0.000951855 0.00312816 0.00648565 0.0106674 0.0154467 0.0205733 0.0257519 0.0306719 0.0350376 0.0385937 0.0411459 0.0425744 0.0428405 0.0419836 0.0401131 0.0373924 0.0340216 0.0302169 0.0261927 0.0221453 0.0182405 0.0146057 0.0113258 0.00844234 0.00596047 0.00387537 0.0022194 0.00106477 0.000415265 0.000132485 3.56331e-05 8.33309e-06 1.72704e-06 3.18571e-07 5.16522e-08 7.08179e-09 7.42692e-10 4.26048e-11 0 
0 0.000183763 0.00138418 0.00420871 0.00835558 0.013505 0.0194096 0.0257519 0.0321616 0.0382528 0.0436586 0.0480628 0.0512251 0.0529968 0.0533277 0.0522662 0.0499492 0.0465804 0.0424073 0.0376978 0.0327178 0.0277109 0.0228836 0.0183958 0.0143558 0.0108203 0.00779769 0.00526236 0.00319939 0.00165766 0.000696457 0.000234275 6.47429e-05 1.52602e-05 3.15201e-06 5.76144e-07 9.23228e-08 1.24977e-08 1.29395e-09 7.33077e-11 0 
0 0.000257882 0.00182107 0.0052306 0.0101172 0.0161935 0.0231721 0.0306719 0.0382528 0.0454579 0.0518537 0.0570694 0.0608241 0.0629356 0.0633323 0.0620683 0.0593147 0.0553223 0.0503844 0.0448145 0.0389253 0.0330055 0.0273 0.0219988 0.0172322 0.0130707 0.00952894 0.00657439 0.00415893 0.00228633 0.00102708 0.000364944 0.000104168 2.48712e-05 5.14107e-06 9.34469e-07 1.48458e-07 1.98996e-08 2.03944e-09 1.14393e-10 0 
0 0.000331368 0.00221975 0.00612978 0.0116728 0.0185759 0.0265097 0.0350376 0.0436586 0.0518537 0.0591347 0.065088 0.069388 0.0718098 0.0722673 0.0708225 0.0676689 0.0631046 0.0574767 0.0511397 0.0444429 0.037712 0.0312258 0.0252011 0.0197872 0.0150664 0.0110592 0.00773124 0.00501584 0.00287598 0.00136374 0.000509405 0.000150282 3.64382e-05 7.55942e-06 1.37027e-06 2.16425e-07 2.88024e-08 2.92942e-09 1.63069e-10 0 
0 0.000395804 0.0025483 0.0068573 0.0129366 0.020515 0.0292278 0.0385937 0.0480628 0.0570694 0.065088 0.0716505 0.0763533 0.078961 0.079453 0.0779143 0.0744952 0.0694805 0.0632777 0.0563062 0.0489487 0.041556 0.0344327 0.0278172 0.0218743 0.0166957 0.0123062 0.0086715 0.00571482 0.00337045 0.00166334 0.000647222 0.000196663 4.84207e-05 1.00963e-05 1.82891e-06 2.87859e-07 3.81273e-08 3.85766e-09 2.13615e-10 0 
0 0.000444377 0.00278539 0.00737737 0.0138424 0.0219062 0.0311782 0.0411459 0.0512251 0.0608241 0.069388 0.0763533 0.0812313 0.083866 0.0843623 0.0828296 0.0793382 0.0740778 0.0674727 0.0600343 0.0521973 0.0443282 0.0367465 0.0297057 0.0233816 0.0178727 0.0132069 0.00934991 0.00621994 0.00373361 0.00189261 0.000758556 0.000235866 5.88327e-05 1.23314e-05 2.23539e-06 3.51306e-07 4.64136e-08 4.68244e-09 2.58527e-10 0 
0 0.000472606 0.00291901 0.00766837 0.0143493 0.0226848 0.0322698 0.0425744 0.0529968 0.0629356 0.0718098 0.078961 0.083866 0.0864706 0.086963 0.0854636 0.0819946 0.0766586 0.0698501 0.0621463 0.0540365 0.0458993 0.0380597 0.0307792 0.02424 0.0185445 0.0137222 0.00973922 0.00651136 0.00394623 0.00203115 0.000828756 0.000261548 6.58365e-05 1.38602e-05 2.51658e-06 3.95585e-07 5.22433e-08 5.26754e-09 2.90678e-10 0 
0 0.000478534 0.00294542 0.00772373 0.0144444 0.0228299 0.0324729 0.0428405 0.0533277 0.0633323 0.0722673 0.079453 0.0843623 0.086963 0.087458 0.0859693 0.0825118 0.0771702 0.0703284 0.0625756 0.0544144 0.0462262 0.0383367 0.0310093 0.0244273 0.0186943 0.0138405 0.00983192 0.00658432 0.0040031 0.00207118 0.000850656 0.000270119 6.83092e-05 1.4427e-05 2.62568e-06 4.13551e-07 5.47196e-08 5.5282e-09 3.05732e-10 0 
0 0.000462613 0.00286813 0.00755164 0.0141416 0.0223632 0.0318179 0.0419836 0.0522662 0.0620683 0.0708225 0.0779143 0.0828296 0.0854636 0.0859693 0.084464 0.0809902 0.0756877 0.0689662 0.061375 0.0533786 0.0453501 0.0376125 0.0304249 0.0239673 0.0183415 0.013577 0.00964035 0.00644871 0.00391133 0.00201624 0.00082505 0.000261506 6.61691e-05 1.40085e-05 2.55848e-06 4.04668e-07 5.37982e-08 5.46342e-09 3.03861e-10 0 
0 0.000427395 0.00269694 0.0071733 0.013479 0.0213438 0.0303881 0.0401131 0.0499492 0.0593147 0.0676689 0.0744952 0.0793382 0.0819946 0.0825118 0.0809902 0.077535 0.0723805 0.0659478 0.0587063 0.051066 0.0433873 0.0359844 0.029106 0.0229246 0.0175372 0.0129717 0.00919518 0.00612805 0.0036893 0.0018801 0.000760063 0.000239026 6.03745e-05 1.282e-05 2.3553e-06 3.75398e-07 5.0349e-08 5.16286e-09 2.9014e-10 0 
0 0.000377101 0.00244683 0.00662006 0.0125138 0.0198605 0.0283084 0.0373924 0.0465804 0.0553223 0.0631046 0.0694805 0.0740778 0.0766586 0.0771702 0.0756877 0.0723805 0.0675414 0.0615538 0.0548104 0.0476822 0.0405127 0.033599 0.0271733 0.0213965 0.0163587 0.0120849 0.00854284 0.00565843 0.00336632 0.00168584 0.000669852 0.000208566 5.26485e-05 1.12523e-05 2.08982e-06 3.3758e-07 4.59601e-08 4.78875e-09 2.73615e-10 0 
0 0.000317089 0.00213677 0.00592988 0.0113149 0.0180213 0.0257311 0.0340216 0.0424073 0.0503844 0.0574767 0.0632777 0.0674727 0.0698501 0.0703284 0.0689662 0.0659478 0.0615538 0.0561145 0.0499751 0.0434779 0.0369411 0.0306361 0.0247747 0.0195027 0.0149015 0.0109921 0.00774272 0.00508793 0.00298312 0.00146526 0.000572857 0.000177424 4.50805e-05 9.77887e-06 1.85209e-06 3.05831e-07 4.26069e-08 4.54317e-09 2.65503e-10 0 
0 0.000253228 0.00178878 0.00514384 0.00995663 0.015943 0.0228212 0.0302169 0.0376978 0.0448145 0.0511397 0.0563062 0.0600343 0.0621463 0.0625756 0.061375 0.0587063 0.0548104 0.0499751 0.0445104 0.0387256 0.0329051 0.027291 0.0220711 0.0173743 0.0132714 0.00977851 0.0068651 0.0044775 0.00259311 0.00125781 0.000489836 0.000153236 3.97916e-05 8.87977e-06 1.73419e-06 2.95202e-07 4.23213e-08 4.6318e-09 2.76982e-10 0 
0 0.000191188 0.00142694 0.00430336 0.00851158 0.0137407 0.0197418 0.0261927 0.0327178 0.0389253 0.0444429 0.0489487 0.0521973 0.0540365 0.0544144 0.0533786 0.051066 0.0476822 0.0434779 0.0387256 0.0336955 0.0286361 0.0237577 0.019223 0.015143 0.0115768 0.00853527 0.00599108 0.00390344 0.00226311 0.00110859 0.000442176 0.000143408 3.88027e-05 9.01088e-06 1.82275e-06 3.1951e-07 4.68931e-08 5.2255e-09 3.16646e-10 0 
0 0.00013572 0.00107612 0.00344919 0.00704493 0.0115186 0.016642 0.0221453 0.0277109 0.0330055 0.037712 0.041556 0.0443282 0.0458993 0.0462262 0.0453501 0.0433873 0.0405127 0.0369411 0.0329051 0.0286361 0.0243459 0.0202139 0.0163781 0.0129315 0.00992254 0.00735912 0.00521724 0.00346022 0.0020699 0.0010641 0.000450747 0.00015517 4.4087e-05 1.06015e-05 2.19316e-06 3.89403e-07 5.74827e-08 6.41018e-09 3.87308e-10 0 
0 9.00388e-05 0.000759866 0.00262225 0.00561148 0.00936308 0.0136467 0.0182405 0.0228836 0.0273 0.0312258 0.0344327 0.0367465 0.0380597 0.0383367 0.0376125 0.0359844 0.033599 0.0306361 0.027291 0.0237577 0.0202139 0.0168102 0.0136622 0.0108499 0.0084201 0.0063831 0.00469901 0.00329091 0.00210854 0.00117273 0.000536745 0.000196083 5.75989e-05 1.40091e-05 2.89094e-06 5.08115e-07 7.39549e-08 8.11611e-09 4.82253e-10 0 
0 5.54804e-05 0.00049706 0.00186513 0.00425715 0.00733808 0.0108507 0.0146057 0.0183958 0.0219988 0.0252011 0.0278172 0.0297057 0.0307792 0.0310093 0.0304249 0.029106 0.0271733 0.0247747 0.0220711 0.019223 0.0163781 0.0136622 0.0111776 0.00901684 0.00727717 0.00599919 0.00501385 0.00397998 0.00276473 0.00160152 0.000753254 0.000279563 8.16273e-05 1.94009e-05 3.88921e-06 6.63907e-07 9.39705e-08 1.00458e-08 5.82574e-10 0 
0 3.15709e-05 0.000298075 0.00122044 0.00302638 0.00548673 0.0083147 0.0113258 0.0143558 0.0172322 0.0197872 0.0218743 0.0233816 0.02424 0.0244273 0.0239673 0.0229246 0.0213965 0.0195027 0.0173743 0.015143 0.0129315 0.0108499 0.00901684 0.00764556 0.00714051 0.00779574 0.00885336 0.00853758 0.00621775 0.00334404 0.0013823 0.000458394 0.000122237 2.68207e-05 5.04905e-06 8.23357e-07 1.12475e-07 1.16684e-08 6.59072e-10 0 
0 1.65126e-05 0.000162426 0.000721869 0.00197082 0.00384262 0.00606854 0.00844234 0.0108203 0.0130707 0.0150664 0.0166957 0.0178727 0.0185445 0.0186943 0.0183415 0.0175372 0.0163587 0.0149015 0.0132714 0.0115768 0.00992254 0.0084201 0.00727717 0.00714051 0.00957125 0.0158519 0.0231461 0.0247455 0.0182557 0.00923225 0.00328728 0.000888536 0.000195798 3.66002e-05 6.1401e-06 9.35601e-07 1.22733e-07 1.2364e-08 6.81601e-10 0 
0 7.9119e-06 7.99566e-05 0.000380325 0.00114534 0.00245068 0.00412762 0.00596047 0.00779769 0.00952894 0.0110592 0.0123062 0.0132069 0.0137222 0.0138405 0.013577 0.0129717 0.0120849 0.0109921 0.00977851 0.00853527 0.00735912 0.0063831 0.00599919 0.00779574 0.0158519 0.0334014 0.0557082 0.0636994 0.0435715 0.0215124 0.00723277 0.00171793 0.000314764 4.83191e-05 6.87378e-06 9.52011e-07 1.19362e-07 1.17186e-08 6.33677e-10 0 
0 3.4667e-06 3.54755e-05 0.000177021 0.000580663 0.00137466 0.00252627 0.00387537 0.00526236 0.00657439 0.00773124 0.0086715 0.00934991 0.00973922 0.00983192 0.00964035 0.00919518 0.00854284 0.00774272 0.0068651 0.00599108 0.00521724 0.00469901 0.00501385 0.00885336 0.0231461 0.0557082 0.0849317 0.0886059 0.0745729 0.0356059 0.0116636 0.0026333 0.000433353 5.6928e-05 6.85169e-06 8.4995e-07 1.0174e-07 9.79625e-09 5.23362e-10 0 
0 1.38856e-06 1.42001e-05 7.27521e-05 0.000253873 0.000657962 0.00133237 0.0022194 0.00319939 0.00415893 0.00501584 0.00571482 0.00621994 0.00651136 0.00658432 0.00644871 0.00612805 0.00565843 0.00508793 0.0044775 0.00390344 0.00346022 0.00329091 0.00397998 0.00853758 0.0247455 0.0636994 0.0886059 0.0914836 0.0817426 0.0407453 0.01286 0.00285442 0.000447872 5.37418e-05 5.73596e-06 6.49305e-07 7.49902e-08 7.1523e-09 3.80876e-10 0 
0 5.08737e-07 5.14388e-06 2.65483e-05 9.59463e-05 0.000265337 0.000585132 0.00106477 0.00165766 0.00228633 0.00287598 0.00337045 0.00373361 0.00394623 0.0040031 0.00391133 0.0036893 0.00336632 0.00298312 0.00259311 0.00226311 0.0020699 0.00210854 0.00276473 0.00621775 0.0182557 0.0435715 0.0745729 0.0817426 0.0604602 0.0289811 0.00952428 0.00210817 0.000325889 3.76335e-05 3.80353e-06 4.1355e-07 4.73137e-08 4.53282e-09 2.42991e-10 0 
0 1.7067e-07 1.69277e-06 8.67444e-06 3.17235e-05 9.08916e-05 0.000212356 0.000415265 0.000696457 0.00102708 0.00136374 0.00166334 0.00189261 0.00203115 0.00207118 0.00201624 0.0018801 0.00168584 0.00146526 0.00125781 0.00110859 0.0010641 0.00117273 0.00160152 0.00334404 0.00923225 0.0215124 0.0356059 0.0407453 0.0289811 0.0143128 0.00471853 0.00105144 0.000163278 1.88943e-05 1.93681e-06 2.16544e-07 2.54389e-08 2.48715e-09 1.35556e-10 0 
0 5.24704e-08 5.07802e-07 2.55841e-06 9.3118e-06 2.69786e-05 6.48559e-05 0.000132485 0.000234275 0.000364944 0.000509405 0.000647222 0.000758556 0.000828756 0.000850656 0.00082505 0.000760063 0.000669852 0.000572857 0.000489836 0.000442176 0.000450747 0.000536745 0.000753254 0.0013823 0.00328728 0.00723277 0.0116636 0.01286 0.00952428 0.00471853 0.0015694 0.00035526 5.637e-05 6.82346e-06 7.63661e-07 9.38666e-08 1.16873e-08 1.1821e-09 6.60849e-11 0 
0 1.47812e-08 1.39134e-07 6.85074e-07 2.45582e-06 7.07963e-06 1.71323e-05 3.56331e-05 6.47429e-05 0.000104168 0.000150282 0.000196663 0.000235866 0.000261548 0.000270119 0.000261506 0.000239026 0.000208566 0.000177424 0.000153236 0.000143408 0.00015517 0.000196083 0.000279563 0.000458394 0.000888536 0.00171793 0.0026333 0.00285442 0.00210817 0.00105144 0.00035526 8.24993e-05 1.37571e-05 1.8524e-06 2.44291e-07 3.44822e-08 4.62191e-09 4.87745e-10 2.81642e-11 0 
0 3.80802e-09 3.48055e-08 1.66942e-07 5.85973e-07 1.66514e-06 4.0025e-06 8.33309e-06 1.52602e-05 2.48712e-05 3.64382e-05 4.84207e-05 5.88327e-05 6.58365e-05 6.83092e-05 6.61691e-05 6.03745e-05 5.26485e-05 4.50805e-05 3.97916e-05 3.88027e-05 4.4087e-05 5.75989e-05 8.16273e-05 0.000122237 0.000195798 0.000314764 0.000433353 0.000447872 0.000325889 0.000163278 5.637e-05 1.37571e-05 2.55275e-06 4.14765e-07 6.76764e-08 1.09928e-08 1.58406e-09 1.7506e-10 1.04933e-11 0 
0 8.92581e-10 7.91757e-09 3.69407e-08 1.26595e-07 3.52892e-07 8.36548e-07 1.72704e-06 3.15201e-06 5.14107e-06 7.55942e-06 1.00963e-05 1.23314e-05 1.38602e-05 1.4427e-05 1.40085e-05 1.282e-05 1.12523e-05 9.77887e-06 8.87977e-06 9.01088e-06 1.06015e-05 1.40091e-05 1.94009e-05 2.68207e-05 3.66002e-05 4.83191e-05 5.6928e-05 5.37418e-05 3.76335e-05 1.88943e-05 6.82346e-06 1.8524e-06 4.14765e-07 8.5526e-08 1.6935e-08 3.07086e-09 4.71535e-10 5.46335e-11 3.41044e-12 0 
0 1.88322e-10 1.62164e-09 7.35806e-09 2.45933e-08 6.71055e-08 1.56347e-07 3.18571e-07 5.76144e-07 9.34469e-07 1.37027e-06 1.82891e-06 2.23539e-06 2.51658e-06 2.62568e-06 2.55848e-06 2.3553e-06 2.08982e-06 1.85209e-06 1.73419e-06 1.82275e-06 2.19316e-06 2.89094e-06 3.88921e-06 5.04905e-06 6.1401e-06 6.87378e-06 6.85169e-06 5.73596e-06 3.80353e-06 1.93681e-06 7.63661e-07 2.44291e-07 6.76764e-08 1.6935e-08 3.8123e-09 7.47266e-10 1.21343e-10 1.47412e-11 9.60056e-13 0 
0 3.50143e-11 2.92922e-10 1.29328e-09 4.21609e-09 1.12541e-08 2.57367e-08 5.16522e-08 9.23228e-08 1.48458e-07 2.16425e-07 2.87859e-07 3.51306e-07 3.95585e-07 4.13551e-07 4.04668e-07 3.75398e-07 3.3758e-07 3.05831e-07 2.95202e-07 3.1951e-07 3.89403e-07 5.08115e-07 6.63907e-07 8.23357e-07 9.35601e-07 9.52011e-07 8.4995e-07 6.49305e-07 4.1355e-07 2.16544e-07 9.38666e-08 3.44822e-08 1.09928e-08 3.07086e-09 7.47266e-10 1.55471e-10 2.65784e-11 3.38362e-12 2.30047e-13 0 
0 5.49166e-12 4.4685e-11 1.92165e-10 6.1146e-10 1.5972e-09 3.58466e-09 7.08179e-09 1.24977e-08 1.98996e-08 2.88024e-08 3.81273e-08 4.64136e-08 5.22433e-08 5.47196e-08 5.37982e-08 5.0349e-08 4.59601e-08 4.26069e-08 4.23213e-08 4.68931e-08 5.74827e-08 7.39549e-08 9.39705e-08 1.12475e-07 1.22733e-07 1.19362e-07 1.0174e-07 7.49902e-08 4.73137e-08 2.54389e-08 1.16873e-08 4.62191e-09 1.58406e-09 4.71535e-10 1.21343e-10 2.65784e-11 4.76912e-12 6.35467e-13 4.5086e-14 0 
0 6.55369e-13 5.19382e-12 2.17838e-11 6.77302e-11 1.73271e-10 3.81836e-10 7.42692e-10 1.29395e-09 2.03944e-09 2.92942e-09 3.85766e-09 4.68244e-09 5.26754e-09 5.5282e-09 5.46342e-09 5.16286e-09 4.78875e-09 4.54317e-09 4.6318e-09 5.2255e-09 6.41018e-09 8.11611e-09 1.00458e-08 1.16684e-08 1.2364e-08 1.17186e-08 9.79625e-09 7.1523e-09 4.53282e-09 2.48715e-09 1.1821e-09 4.87745e-10 1.7506e-10 5.46335e-11 1.47412e-11 3.38362e-12 6.35467e-13 8.84623e-14 6.54262e-15 0 
0 4.24929e-14 3.28471e-13 1.34555e-12 4.09327e-12 1.0267e-11 2.22346e-11 4.26048e-11 7.33077e-11 1.14393e-10 1.63069e-10 2.13615e-10 2.58527e-10 2.90678e-10 3.05732e-10 3.03861e-10 2.9014e-10 2.73615e-10 2.65503e-10 2.76982e-10 3.16646e-10 3.87308e-10 4.82253e-10 5.82574e-10 6.59072e-10 6.81601e-10 6.33677e-10 5.23362e-10 3.80876e-10 2.42991e-10 1.35556e-10 6.60849e-11 2.81642e-11 1.04933e-11 3.41044e-12 9.60056e-13 2.30047e-13 4.5086e-14 6.54262e-15 5.03628e-16 0 
0 0 0 0 0 0 0 0 0 0 0 0 0 0 0 0 0 0 0 0 0 0 0 0 0 0 0 0 0 0 0 0 0 0 0 0 0 0 0 0 0 
