0 0 0 0 0 0 0 0 0 0 0 0 0 0 0 0 0 0 0 0 0 0 0 0 0 0 0 0 0 0 0 0 0 0 0 0 0 0 0 0 0 
0 2.9603e-08 2.73651e-07 1.29779e-06 4.3907e-06 1.17241e-05 2.59083e-05 4.88496e-05 8.05083e-05 0.000118402 0.000158137 0.000194567 0.000222975 0.000239932 0.000243732 0.000234467 0.000213849 0.000184822 0.000151063 0.000116394 8.41891e-05 5.6895e-05 3.57474e-05 2.07857e-05 1.11422e-05 5.49132e-06 2.48461e-06 1.0318e-06 3.93513e-07 1.37985e-07 4.45355e-08 1.32393e-08 3.62336e-09 9.10788e-10 2.09097e-10 4.33556e-11 7.94495e-12 1.23117e-12 1.45467e-13 9.35405e-15 0 
0 2.73651e-07 2.6332e-06 1.28632e-05 4.4062e-05 0.000116623 0.000250238 0.000451121 0.000705528 0.000984768 0.00125562 0.00148858 0.00166171 0.00176157 0.00178278 0.0017272 0.00160288 0.00142304 0.00120486 0.0009681 0.000733345 0.000519582 0.00034136 0.000206237 0.000113791 5.70758e-05 2.59793e-05 1.07388e-05 4.04128e-06 1.3891e-06 4.37491e-07 1.26543e-07 3.36448e-08 8.21106e-09 1.83046e-09 3.68777e-10 6.5727e-11 9.91822e-12 1.14269e-12 7.17497e-14 0 
0 1.29779e-06 1.28632e-05 6.34745e-05 0.000213205 0.000535675 0.00106483 0.00176231 0.00254335 0.00331999 0.00402182 0.00459778 0.00501323 0.00524808 0.00529573 0.00516205 0.00486383 0.00442661 0.00388237 0.00326749 0.00262146 0.00198601 0.00140354 0.000912314 0.000537875 0.000284479 0.0001342 5.64755e-05 2.13019e-05 7.25139e-06 2.24312e-06 6.33956e-07 1.64209e-07 3.89891e-08 8.45351e-09 1.65709e-09 2.87616e-10 4.23147e-11 4.75937e-12 2.92155e-13 0 
0 4.3907e-06 4.4062e-05 0.000213205 0.000673402 0.00153897 0.00275905 0.00417605 0.00563844 0.00703188 0.00826755 0.00927412 0.00999797 0.0104059 0.0104866 0.0102508 0.00972802 0.00896294 0.00801005 0.0069283 0.00577649 0.00461082 0.00348563 0.0024568 0.00158242 0.000911711 0.000461932 0.000204297 7.91307e-05 2.7124e-05 8.33027e-06 2.31647e-06 5.87306e-07 1.3613e-07 2.87826e-08 5.50183e-09 9.31748e-10 1.33885e-10 1.47254e-11 8.85066e-13 0 
0 1.17241e-05 0.000116623 0.000535675 0.00153897 0.003158 0.00518268 0.00739393 0.00963022 0.0117549 0.0136421 0.0151822 0.016291 0.0169156 0.0170381 0.0166745 0.0158711 0.0146978 0.0132401 0.0115905 0.00983959 0.00806968 0.00635044 0.00474025 0.00329487 0.00207817 0.00115514 0.000552941 0.0002262 7.97731e-05 2.46801e-05 6.81636e-06 1.70216e-06 3.86867e-07 8.00413e-08 1.4962e-08 2.4784e-09 3.48587e-10 3.7566e-11 2.21492e-12 0 
0 2.59083e-05 0.000250238 0.00106483 0.00275905 0.00518268 0.00804349 0.0111263 0.0142466 0.0172184 0.0198624 0.0220223 0.0235779 0.0244541 0.0246254 0.0241143 0.0229861 0.0213398 0.0192967 0.0169881 0.0145435 0.0120807 0.00969789 0.00746945 0.0054488 0.00368273 0.00223283 0.00117066 0.000517018 0.000191737 6.07503e-05 1.68494e-05 4.17452e-06 9.3512e-07 1.90066e-07 3.48566e-08 5.66341e-09 7.81646e-10 8.27237e-11 4.79465e-12 0 
0 4.88496e-05 0.000451121 0.00176231 0.00417605 0.00739393 0.0111263 0.01515 0.0192305 0.0231213 0.0265852 0.029416 0.0314553 0.0326043 0.0328292 0.0321594 0.0306809 0.0285238 0.0258477 0.0228257 0.019629 0.0164137 0.0133111 0.0104206 0.00780762 0.0055106 0.00356374 0.00202814 0.000973816 0.000385716 0.000127073 3.57918e-05 8.86511e-06 1.96778e-06 3.9454e-07 7.12311e-08 1.13861e-08 1.5462e-09 1.61096e-10 9.19926e-12 0 
0 8.05083e-05 0.000705528 0.00254335 0.00563844 0.00963022 0.0142466 0.0192305 0.0242894 0.0291151 0.0334127 0.0369257 0.0394572 0.0408844 0.0411648 0.0403351 0.0385017 0.0358265 0.0325078 0.028761 0.0247993 0.0208177 0.0169805 0.0134135 0.0101999 0.00738289 0.00497906 0.00301585 0.00156198 0.000663959 0.000229779 6.63472e-05 1.65436e-05 3.65739e-06 7.2629e-07 1.2953e-07 2.04318e-08 2.73754e-09 2.81502e-10 1.58749e-11 0 
0 0.000118402 0.000984768 0.00331999 0.00703188 0.0117549 0.0172184 0.0231213 0.0291151 0.0348341 0.0399283 0.0440935 0.0470962 0.0487904 0.0491254 0.0481444 0.0459735 0.0428045 0.0388729 0.0344342 0.0297418 0.0250275 0.020487 0.0162711 0.0124808 0.00916833 0.00634531 0.00401163 0.00220641 0.00100115 0.000365107 0.000108708 2.74343e-05 6.06678e-06 1.19756e-06 2.11661e-07 3.30442e-08 4.38033e-09 4.45706e-10 2.4882e-11 0 
0 0.000158137 0.00125562 0.00402182 0.00826755 0.0136421 0.0198624 0.0265852 0.0334127 0.0399283 0.0457333 0.0504812 0.0539057 0.05584 0.0562256 0.0551113 0.0526408 0.0490327 0.0445554 0.0395003 0.0341563 0.028788 0.0236195 0.0188232 0.014516 0.0107595 0.00756584 0.00491902 0.00282618 0.00135324 0.000518209 0.00015933 4.08173e-05 9.05709e-06 1.78254e-06 3.13134e-07 4.85201e-08 6.38058e-09 6.44081e-10 3.56821e-11 0 
0 0.000194567 0.00148858 0.00459778 0.00927412 0.0151822 0.0220223 0.029416 0.0369257 0.0440935 0.0504812 0.0557076 0.0594794 0.0616123 0.0620417 0.0608206 0.0581068 0.0541407 0.0492177 0.0436585 0.037781 0.0318771 0.0261934 0.0209206 0.0161884 0.0120661 0.00856829 0.00567063 0.00335635 0.00167333 0.00066732 0.000211288 5.49662e-05 1.22595e-05 2.41121e-06 4.22062e-07 6.50802e-08 8.51259e-09 8.54688e-10 4.71077e-11 0 
0 0.000222975 0.00166171 0.00501323 0.00999797 0.016291 0.0235779 0.0314553 0.0394572 0.0470962 0.0539057 0.0594794 0.0635034 0.0657806 0.0662439 0.06495 0.0620646 0.0578424 0.0525991 0.0466766 0.0404143 0.0341231 0.0280665 0.0224484 0.0174076 0.0130194 0.00930025 0.00622215 0.00375314 0.00192339 0.000790359 0.000256175 6.75454e-05 1.51494e-05 2.98251e-06 5.21372e-07 8.02042e-08 1.04625e-08 1.04768e-09 5.76074e-11 0 
0 0.000239932 0.00176157 0.00524808 0.0104059 0.0169156 0.0244541 0.0326043 0.0408844 0.0487904 0.05584 0.0616123 0.0657806 0.0681409 0.0686267 0.0672973 0.0643203 0.0599572 0.0545349 0.0484084 0.0419289 0.0354183 0.0291497 0.0233345 0.0181173 0.0135765 0.00973011 0.00654864 0.00399221 0.00207921 0.000870494 0.000286612 7.63261e-05 1.72063e-05 3.39497e-06 5.93951e-07 9.13926e-08 1.19243e-08 1.19455e-09 6.57379e-11 0 
0 0.000243732 0.00178278 0.00529573 0.0104866 0.0170381 0.0246254 0.0328292 0.0411648 0.0491254 0.0562256 0.0620417 0.0662439 0.0686267 0.0691235 0.067794 0.0648054 0.0604196 0.0549656 0.048801 0.0422791 0.0357241 0.0294114 0.0235541 0.0182983 0.0137235 0.00984835 0.00664319 0.00406598 0.00213096 0.000899203 0.000298303 7.99106e-05 1.80935e-05 3.58264e-06 6.28823e-07 9.70844e-08 1.27144e-08 1.2792e-09 7.0752e-11 0 
0 0.000234467 0.0017272 0.00516205 0.0102508 0.0166745 0.0241143 0.0321594 0.0403351 0.0481444 0.0551113 0.0608206 0.06495 0.0672973 0.067794 0.0664973 0.0635728 0.0592784 0.0539356 0.0478938 0.0414995 0.0350705 0.0288772 0.0231288 0.0179688 0.0134756 0.00966763 0.00651611 0.00398181 0.00208217 0.000877133 0.000291068 7.81784e-05 1.77804e-05 3.54093e-06 6.25728e-07 9.73583e-08 1.28625e-08 1.3069e-09 7.30802e-11 0 
0 0.000213849 0.00160288 0.00486383 0.00972802 0.0158711 0.0229861 0.0306809 0.0385017 0.0459735 0.0526408 0.0581068 0.0620646 0.0643203 0.0648054 0.0635728 0.0607832 0.056684 0.0515815 0.0458086 0.0396962 0.0335484 0.0276235 0.0221218 0.0171805 0.0128745 0.00922112 0.00619382 0.00376075 0.00194849 0.000813522 0.000268798 7.23306e-05 1.65637e-05 3.33276e-06 5.96489e-07 9.41821e-08 1.26483e-08 1.30828e-09 7.45663e-11 0 
0 0.000184822 0.00142304 0.00442661 0.00896294 0.0146978 0.0213398 0.0285238 0.0358265 0.0428045 0.0490327 0.0541407 0.0578424 0.0599572 0.0604196 0.0592784 0.056684 0.0528675 0.0481135 0.0427322 0.0370322 0.0312969 0.0257672 0.0206297 0.0160122 0.0119836 0.0085598 0.0057176 0.00343697 0.0017566 0.000724763 0.000238577 6.45947e-05 1.50007e-05 3.07705e-06 5.63444e-07 9.12407e-08 1.25868e-08 1.33843e-09 7.84277e-11 0 
0 0.000151063 0.00120486 0.00388237 0.00801005 0.0132401 0.0192967 0.0258477 0.0325078 0.0388729 0.0445554 0.0492177 0.0525991 0.0545349 0.0549656 0.0539356 0.0515815 0.0481135 0.0437906 0.0388953 0.0337084 0.0284879 0.0234528 0.0187724 0.0145619 0.0108831 0.00774926 0.00514255 0.00305763 0.0015431 0.000632443 0.00020945 5.78054e-05 1.3813e-05 2.93163e-06 5.56876e-07 9.35969e-08 1.33871e-08 1.47254e-09 8.89691e-11 0 
0 0.000116394 0.0009681 0.00326749 0.0069283 0.0115905 0.0169881 0.0228257 0.028761 0.0344342 0.0395003 0.0436585 0.0466766 0.0484084 0.048801 0.0478938 0.0458086 0.0427322 0.0388953 0.0345492 0.0299439 0.0253087 0.0208378 0.0166807 0.0129383 0.00966344 0.00686673 0.00453721 0.00268285 0.00135276 0.000561338 0.000191454 5.51378e-05 1.38351e-05 3.08481e-06 6.13609e-07 1.07418e-07 1.59009e-08 1.79824e-09 1.10999e-10 0 
0 8.41891e-05 0.000733345 0.00262146 0.00577649 0.00983959 0.0145435 0.019629 0.0247993 0.0297418 0.0341563 0.037781 0.0404143 0.0419289 0.0422791 0.0414995 0.0396962 0.0370322 0.0337084 0.0299439 0.0259564 0.0219453 0.0180788 0.0144858 0.0112517 0.00841967 0.00599849 0.00398294 0.0023841 0.00123599 0.000538177 0.000195561 6.02228e-05 1.60571e-05 3.76229e-06 7.76964e-07 1.39653e-07 2.10271e-08 2.40054e-09 1.48702e-10 0 
0 5.6895e-05 0.000519582 0.00198601 0.00461082 0.00806968 0.0120807 0.0164137 0.0208177 0.0250275 0.028788 0.0318771 0.0341231 0.0354183 0.0357241 0.0350705 0.0335484 0.0312969 0.0284879 0.0253087 0.0219453 0.0185679 0.0153195 0.0123087 0.00960611 0.00724692 0.00523812 0.00357131 0.00223879 0.00124518 0.000591873 0.000234791 7.76453e-05 2.17293e-05 5.23414e-06 1.09405e-06 1.96911e-07 2.94786e-08 3.33101e-09 2.03663e-10 0 
0 3.57474e-05 0.00034136 0.00140354 0.00348563 0.00635044 0.00969789 0.0133111 0.0169805 0.020487 0.0236195 0.0261934 0.0280665 0.0291497 0.0294114 0.0288772 0.0276235 0.0257672 0.0234528 0.0208378 0.0180788 0.0153195 0.0126802 0.0102518 0.00809536 0.00624382 0.00469895 0.00342068 0.00234579 0.00144766 0.000762237 0.000328181 0.000113959 3.24425e-05 7.78256e-06 1.60177e-06 2.82331e-07 4.12968e-08 4.55669e-09 2.72153e-10 0 
0 2.07857e-05 0.000206237 0.000912314 0.0024568 0.00474025 0.00746945 0.0104206 0.0134135 0.0162711 0.0188232 0.0209206 0.0224484 0.0233345 0.0235541 0.0231288 0.0221218 0.0206297 0.0187724 0.0166807 0.0144858 0.0123087 0.0102518 0.00839744 0.00681545 0.00556925 0.00466587 0.00394946 0.00314317 0.00215477 0.00120312 0.000531608 0.000183723 5.06665e-05 1.1638e-05 2.2968e-06 3.90043e-07 5.51727e-08 5.90429e-09 3.42914e-10 0 
0 1.11422e-05 0.000113791 0.000537875 0.00158242 0.00329487 0.0054488 0.00780762 0.0101999 0.0124808 0.014516 0.0161884 0.0174076 0.0181173 0.0182983 0.0179688 0.0171805 0.0160122 0.0145619 0.0129383 0.0112517 0.00960611 0.00809536 0.00681545 0.00592139 0.00570161 0.00636966 0.00730997 0.00707013 0.00514016 0.00273639 0.00109339 0.000338054 8.3002e-05 1.71017e-05 3.11112e-06 5.00291e-07 6.80248e-08 7.04719e-09 3.97907e-10 0 
0 5.49132e-06 5.70758e-05 0.000284479 0.000911711 0.00207817 0.00368273 0.0055106 0.00738289 0.00916833 0.0107595 0.0120661 0.0130194 0.0135765 0.0137235 0.0134756 0.0128745 0.0119836 0.0108831 0.00966344 0.00841967 0.00724692 0.00624382 0.00556925 0.00570161 0.00787745 0.0131814 0.0192924 0.0206249 0.0152219 0.00768805 0.00271788 0.000710321 0.00014509 2.4874e-05 3.92687e-06 5.81852e-07 7.56094e-08 7.5934e-09 4.18054e-10 0 
0 2.48461e-06 2.59793e-05 0.0001342 0.000461932 0.00115514 0.00223283 0.00356374 0.00497906 0.00634531 0.00756584 0.00856829 0.00930025 0.00973011 0.00984835 0.00966763 0.00922112 0.0085598 0.00774926 0.00686673 0.00599849 0.00523812 0.00469895 0.00466587 0.00636966 0.0131814 0.0278582 0.0445305 0.0493531 0.0361467 0.017949 0.00602649 0.00141611 0.000247625 3.4937e-05 4.57225e-06 6.03787e-07 7.44519e-08 7.27445e-09 3.92629e-10 0 
0 1.0318e-06 1.07388e-05 5.64755e-05 0.000204297 0.000552941 0.00117066 0.00202814 0.00301585 0.00401163 0.00491902 0.00567063 0.00622215 0.00654864 0.00664319 0.00651611 0.00619382 0.0057176 0.00514255 0.00453721 0.00398294 0.00357131 0.00342068 0.00394946 0.00730997 0.0192924 0.0445305 0.0727315 0.0798837 0.0599396 0.0294513 0.00973003 0.00218783 0.000350552 4.30338e-05 4.73039e-06 5.48927e-07 6.40379e-08 6.1242e-09 3.26464e-10 0 
0 3.93513e-07 4.04128e-06 2.13019e-05 7.91307e-05 0.0002262 0.000517018 0.000973816 0.00156198 0.00220641 0.00282618 0.00335635 0.00375314 0.00399221 0.00406598 0.00398181 0.00376075 0.00343697 0.00305763 0.00268285 0.0023841 0.00223879 0.00234579 0.00314317 0.00707013 0.0206249 0.0493531 0.0798837 0.0859335 0.0672071 0.0326648 0.0107304 0.00237564 0.000365842 4.15841e-05 4.06644e-06 4.25459e-07 4.7507e-08 4.49236e-09 2.3866e-10 0 
0 1.37985e-07 1.3891e-06 7.25139e-06 2.7124e-05 7.97731e-05 0.000191737 0.000385716 0.000663959 0.00100115 0.00135324 0.00167333 0.00192339 0.00207921 0.00213096 0.00208217 0.00194849 0.0017566 0.0015431 0.00135276 0.00123599 0.00124518 0.00144766 0.00215477 0.00514016 0.0152219 0.0361467 0.0599396 0.0672071 0.0490391 0.0241847 0.0079466 0.00175386 0.000266395 2.93237e-05 2.72672e-06 2.7292e-07 3.0083e-08 2.85564e-09 1.52727e-10 0 
0 4.45355e-08 4.37491e-07 2.24312e-06 8.33027e-06 2.46801e-05 6.07503e-05 0.000127073 0.000229779 0.000365107 0.000518209 0.00066732 0.000790359 0.000870494 0.000899203 0.000877133 0.000813522 0.000724763 0.000632443 0.000561338 0.000538177 0.000591873 0.000762237 0.00120312 0.00273639 0.00768805 0.017949 0.0294513 0.0326648 0.0241847 0.0119443 0.00393482 0.000872264 0.000132694 1.4636e-05 1.38172e-06 1.42618e-07 1.61864e-08 1.56964e-09 8.53771e-11 0 
0 1.32393e-08 1.26543e-07 6.33956e-07 2.31647e-06 6.81636e-06 1.68494e-05 3.57918e-05 6.63472e-05 0.000108708 0.00015933 0.000211288 0.000256175 0.000286612 0.000298303 0.000291068 0.000268798 0.000238577 0.00020945 0.000191454 0.000195561 0.000234791 0.000328181 0.000531608 0.00109339 0.00271788 0.00602649 0.00973003 0.0107304 0.0079466 0.00393482 0.00130518 0.000292379 4.51852e-05 5.18495e-06 5.33933e-07 6.12337e-08 7.42659e-09 7.46716e-10 4.16802e-11 0 
0 3.62336e-09 3.36448e-08 1.64209e-07 5.87306e-07 1.70216e-06 4.17452e-06 8.86511e-06 1.65436e-05 2.74343e-05 4.08173e-05 5.49662e-05 6.75454e-05 7.63261e-05 7.99106e-05 7.81784e-05 7.23306e-05 6.45947e-05 5.78054e-05 5.51378e-05 6.02228e-05 7.76453e-05 0.000113959 0.000183723 0.000338054 0.000710321 0.00141611 0.00218783 0.00237564 0.00175386 0.000872264 0.000292379 6.67047e-05 1.07399e-05 1.35794e-06 1.65504e-07 2.22197e-08 2.9313e-09 3.0825e-10 1.77801e-11 0 
0 9.10788e-10 8.21106e-09 3.89891e-08 1.3613e-07 3.86867e-07 9.3512e-07 1.96778e-06 3.65739e-06 6.06678e-06 9.05709e-06 1.22595e-05 1.51494e-05 1.72063e-05 1.80935e-05 1.77804e-05 1.65637e-05 1.50007e-05 1.3813e-05 1.38351e-05 1.60571e-05 2.17293e-05 3.24425e-05 5.06665e-05 8.3002e-05 0.00014509 0.000247625 0.000350552 0.000365842 0.000266395 0.000132694 4.51852e-05 1.07399e-05 1.90119e-06 2.88682e-07 4.43824e-08 7.01413e-09 1.0032e-09 1.10669e-10 6.62862e-12 0 
0 2.09097e-10 1.83046e-09 8.45351e-09 2.87826e-08 8.00413e-08 1.90066e-07 3.9454e-07 7.2629e-07 1.19756e-06 1.78254e-06 2.41121e-06 2.98251e-06 3.39497e-06 3.58264e-06 3.54093e-06 3.33276e-06 3.07705e-06 2.93163e-06 3.08481e-06 3.76229e-06 5.23414e-06 7.78256e-06 1.1638e-05 1.71017e-05 2.4874e-05 3.4937e-05 4.30338e-05 4.15841e-05 2.93237e-05 1.4636e-05 5.18495e-06 1.35794e-06 2.88682e-07 5.65505e-08 1.08639e-08 1.94886e-09 2.98412e-10 3.4545e-11 2.15529e-12 0 
0 4.33556e-11 3.68777e-10 1.65709e-09 5.50183e-09 1.4962e-08 3.48566e-08 7.12311e-08 1.2953e-07 2.11661e-07 3.13134e-07 4.22062e-07 5.21372e-07 5.93951e-07 6.28823e-07 6.25728e-07 5.96489e-07 5.63444e-07 5.56876e-07 6.13609e-07 7.76964e-07 1.09405e-06 1.60177e-06 2.2968e-06 3.11112e-06 3.92687e-06 4.57225e-06 4.73039e-06 4.06644e-06 2.72672e-06 1.38172e-06 5.33933e-07 1.65504e-07 4.43824e-08 1.08639e-08 2.42177e-09 4.7322e-10 7.67707e-11 9.32208e-12 6.06885e-13 0 
0 7.94495e-12 6.5727e-11 2.87616e-10 9.31748e-10 2.4784e-09 5.66341e-09 1.13861e-08 2.04318e-08 3.30442e-08 4.85201e-08 6.50802e-08 8.02042e-08 9.13926e-08 9.70844e-08 9.73583e-08 9.41821e-08 9.12407e-08 9.35969e-08 1.07418e-07 1.39653e-07 1.96911e-07 2.82331e-07 3.90043e-07 5.00291e-07 5.81852e-07 6.03787e-07 5.48927e-07 4.25459e-07 2.7292e-07 1.42618e-07 6.12337e-08 2.22197e-08 7.01413e-09 1.94886e-09 4.7322e-10 9.83823e-11 1.68131e-11 2.13983e-12 1.45442e-13 0 
0 1.23117e-12 9.91822e-12 4.23147e-11 1.33885e-10 3.48587e-10 7.81646e-10 1.5462e-09 2.73754e-09 4.38033e-09 6.38058e-09 8.51259e-09 1.04625e-08 1.19243e-08 1.27144e-08 1.28625e-08 1.26483e-08 1.25868e-08 1.33871e-08 1.59009e-08 2.10271e-08 2.94786e-08 4.12968e-08 5.51727e-08 6.80248e-08 7.56094e-08 7.44519e-08 6.40379e-08 4.7507e-08 3.0083e-08 1.61864e-08 7.42659e-09 2.9313e-09 1.0032e-09 2.98412e-10 7.67707e-11 1.68131e-11 3.01646e-12 4.01865e-13 2.85064e-14 0 
0 1.45467e-13 1.14269e-12 4.75937e-12 1.47254e-11 3.7566e-11 8.27237e-11 1.61096e-10 2.81502e-10 4.45706e-10 6.44081e-10 8.54688e-10 1.04768e-09 1.19455e-09 1.2792e-09 1.3069e-09 1.30828e-09 1.33843e-09 1.47254e-09 1.79824e-09 2.40054e-09 3.33101e-09 4.55669e-09 5.90429e-09 7.04719e-09 7.5934e-09 7.27445e-09 6.1242e-09 4.49236e-09 2.85564e-09 1.56964e-09 7.46716e-10 3.0825e-10 1.10669e-10 3.4545e-11 9.32208e-12 2.13983e-12 4.01865e-13 5.59383e-14 4.13664e-15 0 
0 9.35405e-15 7.17497e-14 2.92155e-13 8.85066e-13 2.21492e-12 4.79465e-12 9.19926e-12 1.58749e-11 2.4882e-11 3.56821e-11 4.71077e-11 5.76074e-11 6.57379e-11 7.0752e-11 7.30802e-11 7.45663e-11 7.84277e-11 8.89691e-11 1.10999e-10 1.48702e-10 2.03663e-10 2.72153e-10 3.42914e-10 3.97907e-10 4.18054e-10 3.92629e-10 3.26464e-10 2.3866e-10 1.52727e-10 8.53771e-11 4.16802e-11 1.77801e-11 6.62862e-12 2.15529e-12 6.06885e-13 1.45442e-13 2.85064e-14 4.13664e-15 3.18405e-16 0 
0 0 0 0 0 0 0 0 0 0 0 0 0 0 0 0 0 0 0 0 0 0 0 0 0 0 0 0 0 0 0 0 0 0 0 0 0 0 0 0 0 
