0 0 0 0 0 0 0 0 0 0 0 0 0 0 0 0 0 0 0 0 0 0 0 0 0 0 0 0 0 0 0 0 0 0 0 0 0 0 0 0 0 
0 7.56805e-09 7.05953e-08 3.4107e-07 1.18847e-06 3.30351e-06 7.66348e-06 1.52383e-05 2.64897e-05 4.09329e-05 5.70474e-05 7.26045e-05 8.52424e-05 9.30418e-05 9.49291e-05 9.08379e-05 8.16416e-05 6.89065e-05 5.45326e-05 4.03645e-05 2.78548e-05 1.78591e-05 1.06035e-05 5.81404e-06 2.93845e-06 1.36762e-06 5.8615e-07 2.3151e-07 8.43662e-08 2.84045e-08 8.84517e-09 2.5487e-09 6.79039e-10 1.66815e-10 3.75599e-11 7.66153e-12 1.38487e-12 2.12162e-13 2.48299e-14 1.58403e-15 0 
0 7.05953e-08 6.86366e-07 3.43762e-06 1.22953e-05 3.46111e-05 8.0098e-05 0.000156689 0.000265236 0.000397051 0.000536053 0.000663591 0.000763017 0.000822534 0.000836365 0.000804769 0.000733377 0.000632092 0.000513606 0.000391561 0.00027844 0.000183513 0.000111427 6.20275e-05 3.1558e-05 1.46587e-05 6.22105e-06 2.41715e-06 8.62174e-07 2.83105e-07 8.57799e-08 2.40184e-08 6.21493e-09 1.48297e-09 3.24497e-10 6.43827e-11 1.1332e-11 1.69258e-12 1.93379e-13 1.20596e-14 0 
0 3.4107e-07 3.43762e-06 1.7672e-05 6.3768e-05 0.000177057 0.00039494 0.000731751 0.00116392 0.00163977 0.00210067 0.00249628 0.00279023 0.0029605 0.00299831 0.00290652 0.00269807 0.00239434 0.00202345 0.00161846 0.00121496 0.000847287 0.000542936 0.0003165 0.000166644 7.90037e-05 3.37583e-05 1.30534e-05 4.59236e-06 1.47805e-06 4.37199e-07 1.19226e-07 3.00132e-08 6.96542e-09 1.48294e-09 2.86499e-10 4.91545e-11 7.16541e-12 8.00038e-13 4.88232e-14 0 
0 1.18847e-06 1.22953e-05 6.3768e-05 0.00022579 0.000595709 0.00123128 0.00209479 0.00307931 0.00406943 0.00497176 0.00571767 0.00625959 0.00656898 0.00663548 0.00646579 0.00608165 0.00551685 0.00481393 0.0040212 0.00319094 0.00237867 0.00164147 0.00103118 0.000580529 0.000289818 0.000127951 5.01828e-05 1.76408e-05 5.61274e-06 1.62994e-06 4.34616e-07 1.0675e-07 2.41521e-08 5.01288e-09 9.44678e-10 1.58242e-10 2.25471e-11 2.46375e-12 1.47336e-13 0 
0 3.30351e-06 3.46111e-05 0.000177057 0.000595709 0.00144506 0.00271551 0.00424891 0.0058681 0.00743302 0.00883441 0.0099847 0.0108179 0.0112922 0.0113926 0.0111296 0.0105368 0.00966615 0.00858153 0.00735258 0.00604939 0.00473976 0.00349049 0.00237124 0.00145221 0.000784119 0.00036808 0.000150049 5.36515e-05 1.70774e-05 4.90713e-06 1.28626e-06 3.09465e-07 6.847e-08 1.38905e-08 2.55919e-09 4.19402e-10 5.85216e-11 6.26944e-12 3.68018e-13 0 
0 7.66348e-06 8.0098e-05 0.00039494 0.00123128 0.00271551 0.00469214 0.00692251 0.00921536 0.011415 0.0133828 0.0149985 0.0161692 0.0168356 0.0169758 0.016605 0.0157708 0.014547 0.0130247 0.0113023 0.00947734 0.00763888 0.00586455 0.00422397 0.00278926 0.00163951 0.000833969 0.000361596 0.000134157 4.33356e-05 1.24392e-05 3.22585e-06 7.6377e-07 1.65855e-07 3.29878e-08 5.95779e-09 9.57523e-10 1.31131e-10 1.38011e-11 7.96732e-13 0 
0 1.52383e-05 0.000156689 0.000731751 0.00209479 0.00424891 0.00692251 0.00986437 0.0128738 0.0157612 0.018346 0.0204697 0.0220091 0.0228856 0.0230704 0.022583 0.0214866 0.0198789 0.01788 0.0156209 0.0132308 0.0108271 0.0085086 0.00635283 0.00442423 0.00279244 0.00154031 0.000719579 0.000281725 9.36859e-05 2.71377e-05 7.01099e-06 1.64171e-06 3.51268e-07 6.87233e-08 1.22025e-08 1.92839e-09 2.59824e-10 2.69253e-11 1.53191e-12 0 
0 2.64897e-05 0.000265236 0.00116392 0.00307931 0.0058681 0.00921536 0.0128738 0.0166157 0.0202079 0.0234252 0.0260697 0.0279874 0.0290804 0.0293122 0.0287071 0.0273437 0.0253439 0.022858 0.0200496 0.0170805 0.0140984 0.0112266 0.00855926 0.00616283 0.00409141 0.00241437 0.00121415 0.00050604 0.000175188 5.16831e-05 1.33905e-05 3.11629e-06 6.59569e-07 1.2736e-07 2.23001e-08 3.4749e-09 4.61825e-10 4.72372e-11 2.65476e-12 0 
0 4.09329e-05 0.000397051 0.00163977 0.00406943 0.00743302 0.011415 0.0157612 0.0202079 0.0244782 0.0283042 0.0314504 0.0337334 0.0350363 0.0353152 0.0345988 0.0329805 0.0306052 0.027652 0.0243158 0.0207899 0.0172506 0.0138459 0.0106883 0.00785339 0.0053886 0.00334145 0.00178897 0.000793088 0.000287403 8.69215e-05 2.27087e-05 5.27538e-06 1.10854e-06 2.1196e-07 3.67095e-08 5.65648e-09 7.43541e-10 7.52582e-11 4.18824e-12 0 
0 5.70474e-05 0.000536053 0.00210067 0.00497176 0.00883441 0.0133828 0.018346 0.0234252 0.0283042 0.0326772 0.0362749 0.0388875 0.040381 0.0407046 0.0398908 0.0380459 0.0353354 0.0319639 0.0281547 0.0241291 0.0200892 0.016205 0.0126062 0.00937907 0.00657156 0.00421542 0.0023676 0.00110741 0.000419718 0.000130496 3.45004e-05 8.02767e-06 1.68019e-06 3.19107e-07 5.4829e-08 8.37861e-09 1.0924e-09 1.09716e-10 6.06259e-12 0 
0 7.26045e-05 0.000663591 0.00249628 0.00571767 0.0099847 0.0149985 0.0204697 0.0260697 0.0314504 0.0362749 0.0402462 0.0431327 0.044786 0.0451495 0.0442584 0.0422296 0.039245 0.0355306 0.0313325 0.0268952 0.0224423 0.0181619 0.0141979 0.0106464 0.00755839 0.00495718 0.00288021 0.00140489 0.0005536 0.000176746 4.73471e-05 1.10597e-05 2.31177e-06 4.37364e-07 7.47746e-08 1.13662e-08 1.47434e-09 1.47386e-10 8.11175e-12 0 
0 8.52424e-05 0.000763017 0.00279023 0.00625959 0.0108179 0.0161692 0.0220091 0.0279874 0.0337334 0.0388875 0.0431327 0.0462214 0.0479944 0.0483908 0.0474473 0.0452881 0.0421073 0.0381455 0.0336658 0.0289294 0.0241754 0.0196055 0.0153741 0.0115846 0.00829146 0.00551399 0.00327591 0.00164605 0.000668331 0.000218163 5.91686e-05 1.38911e-05 2.9062e-06 5.49215e-07 9.37198e-08 1.42178e-08 1.84121e-09 1.83884e-10 1.01198e-11 0 
0 9.30418e-05 0.000822534 0.0029605 0.00656898 0.0112922 0.0168356 0.0228856 0.0290804 0.0350363 0.040381 0.044786 0.0479944 0.0498408 0.0502612 0.0492929 0.0470641 0.0437749 0.0396747 0.0350356 0.0301285 0.0252016 0.0204644 0.0160776 0.0121492 0.00873587 0.00585568 0.00352455 0.00180368 0.000746942 0.000247746 6.78757e-05 1.60238e-05 3.3624e-06 6.36628e-07 1.08821e-07 1.65434e-08 2.14854e-09 2.15433e-10 1.19197e-11 0 
0 9.49291e-05 0.000836365 0.00299831 0.00663548 0.0113926 0.0169758 0.0230704 0.0293122 0.0353152 0.0407046 0.0451495 0.0483908 0.0502612 0.0506956 0.0497309 0.0474952 0.0441897 0.0400649 0.0353947 0.030452 0.025487 0.0207111 0.016287 0.012324 0.00887987 0.00597243 0.00361504 0.00186537 0.000780146 0.000261178 7.21012e-05 1.71272e-05 3.61428e-06 6.88343e-07 1.18445e-07 1.8148e-08 2.37919e-09 2.41253e-10 1.35263e-11 0 
0 9.08379e-05 0.000804769 0.00290652 0.00646579 0.0111296 0.016605 0.022583 0.0287071 0.0345988 0.0398908 0.0442584 0.0474473 0.0492929 0.0497309 0.0487965 0.0466147 0.0433821 0.0393436 0.0347675 0.0299213 0.0250503 0.0203621 0.0160167 0.0121218 0.00873452 0.00587336 0.00355344 0.00183339 0.000767886 0.000258086 7.17036e-05 1.7177e-05 3.66233e-06 7.0609e-07 1.23262e-07 1.92061e-08 2.56701e-09 2.66036e-10 1.5279e-11 0 
0 8.16416e-05 0.000733377 0.00269807 0.00608165 0.0105368 0.0157708 0.0214866 0.0273437 0.0329805 0.0380459 0.0422296 0.0452881 0.0470641 0.0474952 0.0466147 0.0445413 0.041462 0.0376105 0.0332426 0.0286136 0.0239577 0.0194734 0.0153136 0.0115815 0.00833208 0.00558514 0.00336136 0.0017234 0.000719047 0.000242185 6.78886e-05 1.65034e-05 3.58732e-06 7.07965e-07 1.26974e-07 2.03924e-08 2.81667e-09 3.02176e-10 1.79743e-11 0 
0 6.89065e-05 0.000632092 0.00239434 0.00551685 0.00966615 0.014547 0.0198789 0.0253439 0.0306052 0.0353354 0.039245 0.0421073 0.0437749 0.0441897 0.0433821 0.041462 0.0386034 0.0350235 0.0309601 0.0266508 0.0223135 0.018133 0.0142512 0.0107641 0.0077232 0.0051505 0.00307488 0.00156297 0.000649989 0.000220554 6.30086e-05 1.57591e-05 3.54965e-06 7.29692e-07 1.36776e-07 2.29898e-08 3.32118e-09 3.71708e-10 2.2972e-11 0 
0 5.45326e-05 0.000513606 0.00202345 0.00481393 0.00858153 0.0130247 0.01788 0.022858 0.027652 0.0319639 0.0355306 0.0381455 0.0396747 0.0400649 0.0393436 0.0376105 0.0350235 0.0317796 0.028095 0.0241852 0.020248 0.0164507 0.0129215 0.00974671 0.00697343 0.00462652 0.00274336 0.00138951 0.000582467 0.000202622 6.02949e-05 1.58848e-05 3.79145e-06 8.26998e-07 1.64058e-07 2.90216e-08 4.3795e-09 5.07752e-10 3.2236e-11 0 
0 4.03645e-05 0.000391561 0.00161846 0.0040212 0.00735258 0.0113023 0.0156209 0.0200496 0.0243158 0.0281547 0.0313325 0.0336658 0.0350356 0.0353947 0.0347675 0.0332426 0.0309601 0.028095 0.0248392 0.0213837 0.0179039 0.0145473 0.0114265 0.00861643 0.00615936 0.00408271 0.00242742 0.00124758 0.000541818 0.000199669 6.38893e-05 1.81784e-05 4.66477e-06 1.08283e-06 2.25714e-07 4.14162e-08 6.40688e-09 7.53903e-10 4.81907e-11 0 
0 2.78548e-05 0.00027844 0.00121496 0.00319094 0.00604939 0.00947734 0.0132308 0.0170805 0.0207899 0.0241291 0.0268952 0.0289294 0.0301285 0.030452 0.0299213 0.0286136 0.0266508 0.0241852 0.0213837 0.0184124 0.0154232 0.0125434 0.009869 0.00746359 0.0053642 0.00359719 0.00219457 0.00118575 0.000556619 0.000225748 7.95274e-05 2.45605e-05 6.70037e-06 1.6197e-06 3.45527e-07 6.40224e-08 9.90439e-09 1.15764e-09 7.31692e-11 0 
0 1.78591e-05 0.000183513 0.000847287 0.00237867 0.00473976 0.00763888 0.0108271 0.0140984 0.0172506 0.0200892 0.0224423 0.0241754 0.0252016 0.025487 0.0250503 0.0239577 0.0223135 0.020248 0.0179039 0.0154232 0.0129356 0.0105491 0.00834453 0.00637516 0.00467162 0.00324929 0.00211217 0.00125444 0.000661166 0.000300717 0.000116123 3.80618e-05 1.06988e-05 2.60746e-06 5.52944e-07 1.00978e-07 1.53213e-08 1.75196e-09 1.08223e-10 0 
0 1.06035e-05 0.000111427 0.000542936 0.00164147 0.00349049 0.00586455 0.0085086 0.0112266 0.0138459 0.016205 0.0181619 0.0196055 0.0204644 0.0207111 0.0203621 0.0194734 0.018133 0.0164507 0.0145473 0.0125434 0.0105491 0.0086564 0.00693445 0.00542868 0.00416003 0.00311797 0.00225726 0.00152606 0.000915227 0.000462437 0.000190597 6.39401e-05 1.78388e-05 4.24657e-06 8.74191e-07 1.54692e-07 2.27431e-08 2.52242e-09 1.51367e-10 0 
0 5.81404e-06 6.20275e-05 0.0003165 0.00103118 0.00237124 0.00422397 0.00635283 0.00855926 0.0106883 0.0126062 0.0141979 0.0153741 0.0160776 0.016287 0.0160167 0.0153136 0.0142512 0.0129215 0.0114265 0.009869 0.00834453 0.00693445 0.00570218 0.00469295 0.00393082 0.00338931 0.00293161 0.00234847 0.00158933 0.000855502 0.000356713 0.000115693 3.0319e-05 6.7519e-06 1.31416e-06 2.22276e-07 3.1445e-08 3.36991e-09 1.96058e-10 0 
0 2.93845e-06 3.1558e-05 0.000166644 0.000580529 0.00145221 0.00278926 0.00442423 0.00616283 0.00785339 0.00937907 0.0106464 0.0115846 0.0121492 0.012324 0.0121218 0.0115815 0.0107641 0.00974671 0.00861643 0.00746359 0.00637516 0.00542868 0.00469295 0.00425907 0.0043069 0.00498167 0.00580615 0.00564021 0.00409112 0.00214997 0.000828014 0.000239334 5.43424e-05 1.05123e-05 1.84494e-06 2.92469e-07 3.9603e-08 4.09941e-09 2.31486e-10 0 
0 1.36762e-06 1.46587e-05 7.90037e-05 0.000289818 0.000784119 0.00163951 0.00279244 0.00409141 0.0053886 0.00657156 0.00755839 0.00829146 0.00873587 0.00887987 0.00873452 0.00833208 0.0077232 0.00697343 0.00615936 0.0053642 0.00467162 0.00416003 0.00393082 0.0043069 0.00622702 0.0105782 0.0155364 0.0166217 0.0122646 0.00618291 0.00216542 0.000546251 0.00010392 1.63653e-05 2.41837e-06 3.4709e-07 4.46476e-08 4.47183e-09 2.45983e-10 0 
0 5.8615e-07 6.22105e-06 3.37583e-05 0.000127951 0.00036808 0.000833969 0.00154031 0.00241437 0.00334145 0.00421542 0.00495718 0.00551399 0.00585568 0.00597243 0.00587336 0.00558514 0.0051505 0.00462652 0.00408271 0.00359719 0.00324929 0.00311797 0.00338931 0.00498167 0.0105782 0.0224555 0.0358347 0.0393927 0.0291594 0.0144754 0.00485081 0.00112541 0.000188228 2.45456e-05 2.94252e-06 3.67474e-07 4.44296e-08 4.31956e-09 2.32793e-10 0 
0 2.3151e-07 2.41715e-06 1.30534e-05 5.01828e-05 0.000150049 0.000361596 0.000719579 0.00121415 0.00178897 0.0023676 0.00288021 0.00327591 0.00352455 0.00361504 0.00355344 0.00336136 0.00307488 0.00274336 0.00242742 0.00219457 0.00211217 0.00225726 0.00293161 0.00580615 0.0155364 0.0358347 0.0586061 0.0648874 0.0480826 0.0237594 0.00784522 0.00175487 0.000273906 3.16296e-05 3.17462e-06 3.41023e-07 3.85421e-08 3.6574e-09 1.94577e-10 0 
0 8.43662e-08 8.62174e-07 4.59236e-06 1.76408e-05 5.36515e-05 0.000134157 0.000281725 0.00050604 0.000793088 0.00110741 0.00140489 0.00164605 0.00180368 0.00186537 0.00183339 0.0017234 0.00156297 0.00138951 0.00124758 0.00118575 0.00125444 0.00152606 0.00234847 0.00564021 0.0166217 0.0393927 0.0648874 0.0718887 0.0533939 0.0263328 0.00865456 0.00190972 0.000288733 3.12821e-05 2.80986e-06 2.68851e-07 2.87801e-08 2.69346e-09 1.42759e-10 0 
0 2.84045e-08 2.83105e-07 1.47805e-06 5.61274e-06 1.70774e-05 4.33356e-05 9.36859e-05 0.000175188 0.000287403 0.000419718 0.0005536 0.000668331 0.000746942 0.000780146 0.000767886 0.000719047 0.000649989 0.000582467 0.000541818 0.000556619 0.000661166 0.000915227 0.00158933 0.00409112 0.0122646 0.0291594 0.0480826 0.0533939 0.0395457 0.0195131 0.00640874 0.0014094 0.000210544 2.22252e-05 1.90754e-06 1.73907e-07 1.82906e-08 1.71649e-09 9.15834e-11 0 
0 8.84517e-09 8.57799e-08 4.37199e-07 1.62994e-06 4.90713e-06 1.24392e-05 2.71377e-05 5.16831e-05 8.69215e-05 0.000130496 0.000176746 0.000218163 0.000247746 0.000261178 0.000258086 0.000242185 0.000220554 0.000202622 0.000199669 0.000225748 0.000300717 0.000462437 0.000855502 0.00214997 0.00618291 0.0144754 0.0237594 0.0263328 0.0195131 0.00963551 0.00317106 0.000698998 0.000104405 1.10436e-05 9.62115e-07 9.06277e-08 9.8438e-09 9.44813e-10 5.12836e-11 0 
0 2.5487e-09 2.40184e-08 1.19226e-07 4.34616e-07 1.28626e-06 3.22585e-06 7.01099e-06 1.33905e-05 2.27087e-05 3.45004e-05 4.73471e-05 5.91686e-05 6.78757e-05 7.21012e-05 7.17036e-05 6.78886e-05 6.30086e-05 6.02949e-05 6.38893e-05 7.95274e-05 0.000116123 0.000190597 0.000356713 0.000828014 0.00216542 0.00485081 0.00784522 0.00865456 0.00640874 0.00317106 0.0010486 0.000232634 3.5152e-05 3.84565e-06 3.63873e-07 3.84394e-08 4.50643e-09 4.49753e-10 2.50648e-11 0 
0 6.79039e-10 6.21493e-09 3.00132e-08 1.0675e-07 3.09465e-07 7.6377e-07 1.64171e-06 3.11629e-06 5.27538e-06 8.02767e-06 1.10597e-05 1.38911e-05 1.60238e-05 1.71272e-05 1.7177e-05 1.65034e-05 1.57591e-05 1.58848e-05 1.81784e-05 2.45605e-05 3.80618e-05 6.39401e-05 0.000115693 0.000239334 0.000546251 0.00112541 0.00175487 0.00190972 0.0014094 0.000698998 0.000232634 5.22858e-05 8.16712e-06 9.7292e-07 1.08811e-07 1.37266e-08 1.7736e-09 1.85709e-10 1.07005e-11 0 
0 1.66815e-10 1.48297e-09 6.96542e-09 2.41521e-08 6.847e-08 1.65855e-07 3.51268e-07 6.59569e-07 1.10854e-06 1.68019e-06 2.31177e-06 2.9062e-06 3.3624e-06 3.61428e-06 3.66233e-06 3.58732e-06 3.54965e-06 3.79145e-06 4.66477e-06 6.70037e-06 1.06988e-05 1.78388e-05 3.0319e-05 5.43424e-05 0.00010392 0.000188228 0.000273906 0.000288733 0.000210544 0.000104405 3.5152e-05 8.16712e-06 1.38378e-06 1.95775e-07 2.804e-08 4.27651e-09 6.05721e-10 6.66841e-11 3.99139e-12 0 
0 3.75599e-11 3.24497e-10 1.48294e-09 5.01288e-09 1.38905e-08 3.29878e-08 6.87233e-08 1.2736e-07 2.1196e-07 3.19107e-07 4.37364e-07 5.49215e-07 6.36628e-07 6.88343e-07 7.0609e-07 7.07965e-07 7.29692e-07 8.26998e-07 1.08283e-06 1.6197e-06 2.60746e-06 4.24657e-06 6.7519e-06 1.05123e-05 1.63653e-05 2.45456e-05 3.16296e-05 3.12821e-05 2.22252e-05 1.10436e-05 3.84565e-06 9.7292e-07 1.95775e-07 3.60965e-08 6.67015e-09 1.17963e-09 1.79993e-10 2.08179e-11 1.29825e-12 0 
0 7.66153e-12 6.43827e-11 2.86499e-10 9.44678e-10 2.55919e-09 5.95779e-09 1.22025e-08 2.23001e-08 3.67095e-08 5.4829e-08 7.47746e-08 9.37198e-08 1.08821e-07 1.18445e-07 1.23262e-07 1.26974e-07 1.36776e-07 1.64058e-07 2.25714e-07 3.45527e-07 5.52944e-07 8.74191e-07 1.31416e-06 1.84494e-06 2.41837e-06 2.94252e-06 3.17462e-06 2.80986e-06 1.90754e-06 9.62115e-07 3.63873e-07 1.08811e-07 2.804e-08 6.67015e-09 1.46766e-09 2.85629e-10 4.62884e-11 5.61832e-12 3.65645e-13 0 
0 1.38487e-12 1.1332e-11 4.91545e-11 1.58242e-10 4.19402e-10 9.57523e-10 1.92839e-09 3.4749e-09 5.65648e-09 8.37861e-09 1.13662e-08 1.42178e-08 1.65434e-08 1.8148e-08 1.92061e-08 2.03924e-08 2.29898e-08 2.90216e-08 4.14162e-08 6.40224e-08 1.00978e-07 1.54692e-07 2.22276e-07 2.92469e-07 3.4709e-07 3.67474e-07 3.41023e-07 2.68851e-07 1.73907e-07 9.06277e-08 3.84394e-08 1.37266e-08 4.27651e-09 1.17963e-09 2.85629e-10 5.93298e-11 1.01358e-11 1.2897e-12 8.76393e-14 0 
0 2.12162e-13 1.69258e-12 7.16541e-12 2.25471e-11 5.85216e-11 1.31131e-10 2.59824e-10 4.61825e-10 7.43541e-10 1.0924e-09 1.47434e-09 1.84121e-09 2.14854e-09 2.37919e-09 2.56701e-09 2.81667e-09 3.32118e-09 4.3795e-09 6.40688e-09 9.90439e-09 1.53213e-08 2.27431e-08 3.1445e-08 3.9603e-08 4.46476e-08 4.44296e-08 3.85421e-08 2.87801e-08 1.82906e-08 9.8438e-09 4.50643e-09 1.7736e-09 6.05721e-10 1.79993e-10 4.62884e-11 1.01358e-11 1.81828e-12 2.42205e-13 1.71781e-14 0 
0 2.48299e-14 1.93379e-13 8.00038e-13 2.46375e-12 6.26944e-12 1.38011e-11 2.69253e-11 4.72372e-11 7.52582e-11 1.09716e-10 1.47386e-10 1.83884e-10 2.15433e-10 2.41253e-10 2.66036e-10 3.02176e-10 3.71708e-10 5.07752e-10 7.53903e-10 1.15764e-09 1.75196e-09 2.52242e-09 3.36991e-09 4.09941e-09 4.47183e-09 4.31956e-09 3.6574e-09 2.69346e-09 1.71649e-09 9.44813e-10 4.49753e-10 1.85709e-10 6.66841e-11 2.08179e-11 5.61832e-12 1.2897e-12 2.42205e-13 3.3712e-14 2.49275e-15 0 
0 1.58403e-15 1.20596e-14 4.88232e-14 1.47336e-13 3.68018e-13 7.96732e-13 1.53191e-12 2.65476e-12 4.18824e-12 6.06259e-12 8.11175e-12 1.01198e-11 1.19197e-11 1.35263e-11 1.5279e-11 1.79743e-11 2.2972e-11 3.2236e-11 4.81907e-11 7.31692e-11 1.08223e-10 1.51367e-10 1.96058e-10 2.31486e-10 2.45983e-10 2.32793e-10 1.94577e-10 1.42759e-10 9.15834e-11 5.12836e-11 2.50648e-11 1.07005e-11 3.99139e-12 1.29825e-12 3.65645e-13 8.76393e-14 1.71781e-14 2.49275e-15 1.91863e-16 0 
0 0 0 0 0 0 0 0 0 0 0 0 0 0 0 0 0 0 0 0 0 0 0 0 0 0 0 0 0 0 0 0 0 0 0 0 0 0 0 0 0 
