0 0 0 0 0 0 0 0 0 0 0 0 0 0 0 0 0 0 0 0 0 0 0 0 0 0 0 0 0 0 0 0 0 0 0 0 0 0 0 0 0 
0 3.34209e-07 2.98975e-06 1.32811e-05 4.06578e-05 9.55427e-05 0.000183132 0.000299573 0.000433534 0.000570648 0.000697301 0.000802601 0.000878954 0.000921996 0.000930297 0.000905011 0.000849503 0.000768959 0.000669984 0.000560141 0.000447413 0.000339536 0.000243195 0.000163187 0.000101786 5.85679e-05 3.08816e-05 1.48448e-05 6.48464e-06 2.57073e-06 9.24934e-07 3.02221e-07 8.97036e-08 2.41554e-08 5.87582e-09 1.27851e-09 2.43831e-10 3.9049e-11 4.74038e-12 3.11685e-13 0 
0 2.98975e-06 2.74018e-05 0.000120598 0.000350927 0.000757608 0.00131328 0.00194809 0.00259265 0.0031953 0.00371981 0.00414017 0.00443827 0.00460366 0.00463377 0.00453373 0.00431548 0.00399621 0.00359661 0.00313919 0.00264712 0.00214399 0.00165409 0.00120248 0.000813145 0.000504455 0.000283438 0.000142826 6.4204e-05 2.57308e-05 9.21986e-06 2.96674e-06 8.60617e-07 2.25456e-07 5.32264e-08 1.12308e-08 2.07748e-09 3.22986e-10 3.81138e-11 2.4398e-12 0 
0 1.32811e-05 0.000120598 0.000497775 0.00129173 0.00244687 0.0037911 0.00519077 0.00656356 0.00784308 0.00896563 0.00987355 0.0105217 0.0108823 0.010947 0.0107263 0.010248 0.00955275 0.00868974 0.00771125 0.00666777 0.00560372 0.00455533 0.00355197 0.00262163 0.00179784 0.00112007 0.000620024 0.000300022 0.00012611 4.62101e-05 1.48992e-05 4.26989e-06 1.09548e-06 2.52081e-07 5.17328e-08 9.30295e-09 1.40678e-09 1.61648e-10 1.00906e-11 0 
0 4.06578e-05 0.000350927 0.00129173 0.0029198 0.00496686 0.00722999 0.00959926 0.0119636 0.0141956 0.0161678 0.0177689 0.018914 0.0195515 0.0196652 0.0192742 0.0184277 0.0171992 0.0156779 0.0139599 0.01214 0.0103039 0.00852202 0.00684442 0.00530032 0.00390485 0.00267642 0.00165474 0.000892564 0.000409842 0.000159109 5.27353e-05 1.51805e-05 3.85404e-06 8.70203e-07 1.74497e-07 3.06108e-08 4.515e-09 5.06405e-10 3.08934e-11 0 
0 9.55427e-05 0.000757608 0.00244687 0.00496686 0.00799539 0.0113873 0.0149931 0.0186174 0.0220484 0.0250837 0.027549 0.0293126 0.0302943 0.0304693 0.0298666 0.0285624 0.0266702 0.0243278 0.0216844 0.0188876 0.0160725 0.0133533 0.0108168 0.00851812 0.00647886 0.00469394 0.00315627 0.00189369 0.000970112 0.000411727 0.000144343 4.25983e-05 1.08439e-05 2.42281e-06 4.77441e-07 8.20523e-08 1.1845e-08 1.30057e-09 7.7738e-11 0 
0 0.000183132 0.00131328 0.0037911 0.00722999 0.0113873 0.0161055 0.0211459 0.0262196 0.0310252 0.0352776 0.0387319 0.0412034 0.0425795 0.0428247 0.0419796 0.0401516 0.0374999 0.0342181 0.0305152 0.0265986 0.0226586 0.0188568 0.0153187 0.0121295 0.00933217 0.00692712 0.00488069 0.00316036 0.0017895 0.000840883 0.00031889 9.84575e-05 2.54906e-05 5.68811e-06 1.1085e-06 1.87505e-07 2.65915e-08 2.86731e-09 1.68389e-10 0 
0 0.000299573 0.00194809 0.00519077 0.00959926 0.0149931 0.0211459 0.0277268 0.0343535 0.0406311 0.0461877 0.0507138 0.0539909 0.0558602 0.0561998 0.0550397 0.0525887 0.0490968 0.0448035 0.039966 0.0348504 0.0297054 0.0247425 0.0201269 0.015973 0.012344 0.00925299 0.00666515 0.00451281 0.00275026 0.00141842 0.000587003 0.00019247 5.1332e-05 1.15429e-05 2.23841e-06 3.74401e-07 5.23588e-08 5.56234e-09 3.21865e-10 0 
0 0.000433534 0.00259265 0.00656356 0.0119636 0.0186174 0.0262196 0.0343535 0.0425451 0.0503092 0.0572395 0.0631884 0.0680188 0.0709931 0.071553 0.0696958 0.0658902 0.0609935 0.0554982 0.0494878 0.0431623 0.036803 0.0306699 0.0249676 0.0198385 0.0153637 0.0115666 0.00841674 0.00583528 0.00372765 0.00206728 0.000928655 0.000325381 9.01948e-05 2.05884e-05 3.99456e-06 6.63486e-07 9.18226e-08 9.64069e-09 5.51211e-10 0 
0 0.000570648 0.0031953 0.00784308 0.0141956 0.0220484 0.0310252 0.0406311 0.0503092 0.0595641 0.0684216 0.0768046 0.0826234 0.085446 0.0859507 0.0843404 0.0802995 0.0736768 0.0660201 0.0585592 0.0510413 0.0435287 0.0362864 0.0295538 0.0234995 0.0182205 0.0137479 0.0100539 0.00705668 0.00463645 0.00270609 0.00130116 0.000485888 0.000140488 3.27056e-05 6.37489e-06 1.0552e-06 1.44973e-07 1.50863e-08 8.54543e-10 0 
0 0.000697301 0.00371981 0.00896563 0.0161678 0.0250837 0.0352776 0.0461877 0.0572395 0.0684216 0.0798144 0.087603 0.091687 0.0936312 0.0940051 0.0929273 0.090193 0.085103 0.0766462 0.0669479 0.0580538 0.0494844 0.0412586 0.0336137 0.02674 0.0207482 0.0156751 0.0114938 0.00812061 0.00542355 0.00327418 0.00165744 0.000653745 0.000196812 4.67974e-05 9.18614e-06 1.51927e-06 2.0776e-07 2.14836e-08 1.20851e-09 0 
0 0.000802601 0.00414017 0.00987355 0.0177689 0.027549 0.0387319 0.0507138 0.0631884 0.0768046 0.087603 0.0934016 0.0966125 0.0982064 0.0985302 0.0976641 0.0954901 0.091606 0.0849954 0.0746324 0.0639328 0.0543381 0.0453007 0.036914 0.0293741 0.0228025 0.0172406 0.012661 0.00897788 0.006053 0.00373292 0.00195911 0.000806307 0.000251223 6.09178e-05 1.20507e-05 1.9947e-06 2.72069e-07 2.80173e-08 1.56862e-09 0 
0 0.000878954 0.00443827 0.0105217 0.018914 0.0293126 0.0412034 0.0539909 0.0680188 0.0826234 0.091687 0.0966125 0.0994469 0.100884 0.101186 0.100417 0.0984925 0.0951228 0.0895904 0.0803408 0.0684779 0.0578489 0.048197 0.0392781 0.0312612 0.0242744 0.0183621 0.0134965 0.0095897 0.0064999 0.00405972 0.00218052 0.000924286 0.000295436 7.27663e-05 1.44941e-05 2.40305e-06 3.27428e-07 3.36421e-08 1.87835e-09 0 
0 0.000921996 0.00460366 0.0108823 0.0195515 0.0302943 0.0425795 0.0558602 0.0709931 0.085446 0.0936312 0.0982064 0.100884 0.102254 0.102547 0.101821 0.100003 0.0968463 0.0917512 0.0832838 0.0712092 0.0598439 0.0498157 0.0405988 0.0323158 0.0250974 0.0189895 0.0139642 0.00993215 0.0067499 0.00424347 0.00230786 0.000994834 0.000322923 8.03386e-05 1.60817e-05 2.67101e-06 3.63991e-07 3.73754e-08 2.08483e-09 0 
0 0.000930297 0.00463377 0.010947 0.0196652 0.0304693 0.0428247 0.0561998 0.071553 0.0859507 0.0940051 0.0985302 0.101186 0.102547 0.102839 0.102119 0.100317 0.0971918 0.092161 0.0838191 0.0717297 0.0602144 0.0501136 0.0408427 0.0325115 0.025251 0.0191076 0.0140532 0.00999856 0.00679997 0.0042824 0.00233703 0.00101237 0.000330255 8.24741e-05 1.655e-05 2.75315e-06 3.75604e-07 3.86027e-08 2.15507e-09 0 
0 0.000905011 0.00453373 0.0107263 0.0192742 0.0298666 0.0419796 0.0550397 0.0696958 0.0843404 0.0929273 0.0976641 0.100417 0.101821 0.102119 0.101373 0.099506 0.0962519 0.090962 0.0821255 0.0700486 0.0589995 0.0491371 0.0400484 0.0318794 0.0247598 0.0187351 0.0137779 0.00979976 0.00665857 0.00418301 0.00227199 0.000978238 0.000317562 7.91283e-05 1.588e-05 2.64555e-06 3.61705e-07 3.7268e-08 2.08622e-09 0 
0 0.000849503 0.00431548 0.010248 0.0184277 0.0285624 0.0401516 0.0525887 0.0658902 0.0802995 0.090193 0.0954901 0.0984925 0.100003 0.100317 0.099506 0.0974724 0.0938838 0.0879052 0.0780388 0.066554 0.0564001 0.0470133 0.0383183 0.0305011 0.0236876 0.0179211 0.0131748 0.00936234 0.00634471 0.00395939 0.0021238 0.000899924 0.000288263 7.13243e-05 1.42925e-05 2.38555e-06 3.27344e-07 3.38801e-08 1.90601e-09 0 
0 0.000768959 0.00399621 0.00955275 0.0171992 0.0266702 0.0374999 0.0490968 0.0609935 0.0736768 0.085103 0.091606 0.0951228 0.0968463 0.0971918 0.0962519 0.0938838 0.0896026 0.0822381 0.0718272 0.0618691 0.0526761 0.0439293 0.0358044 0.0284985 0.0221297 0.0167384 0.0122982 0.00872568 0.00588636 0.00363277 0.00191031 0.000790147 0.000248275 6.08459e-05 1.21754e-05 2.0392e-06 2.81497e-07 2.93472e-08 1.66407e-09 0 
0 0.000669984 0.00359661 0.00868974 0.0156779 0.0243278 0.0342181 0.0448035 0.0554982 0.0660201 0.0766462 0.0849954 0.0895904 0.0917512 0.092161 0.090962 0.0879052 0.0822381 0.0737332 0.0648377 0.0563863 0.0480915 0.040111 0.0326917 0.0260197 0.0202024 0.0152761 0.011215 0.00793839 0.00531912 0.00323207 0.00165647 0.000665735 0.000204891 4.97954e-05 9.97705e-06 1.68255e-06 2.34529e-07 2.47216e-08 1.41805e-09 0 
0 0.000560141 0.00313919 0.00771125 0.0139599 0.0216844 0.0305152 0.039966 0.0494878 0.0585592 0.0669479 0.0746324 0.0803408 0.0832838 0.0838191 0.0821255 0.0780388 0.0718272 0.0648377 0.0576797 0.0503102 0.0429248 0.0358029 0.0291811 0.0232256 0.0180321 0.0136316 0.00999864 0.00705557 0.00468673 0.00279635 0.00139508 0.000546156 0.000165568 4.01659e-05 8.10818e-06 1.38442e-06 1.95788e-07 2.09511e-08 1.2197e-09 0 
0 0.000447413 0.00264712 0.00666777 0.01214 0.0188876 0.0265986 0.0348504 0.0431623 0.0510413 0.0580538 0.0639328 0.0684779 0.0712092 0.0717297 0.0700486 0.066554 0.0618691 0.0563863 0.0503102 0.0439036 0.0374613 0.0312481 0.0254715 0.0202762 0.015745 0.0119034 0.00872557 0.0061393 0.00404602 0.00237961 0.00116687 0.000451563 0.000136889 3.35461e-05 6.87862e-06 1.19517e-06 1.7196e-07 1.8698e-08 1.10425e-09 0 
0 0.000339536 0.00214399 0.00560372 0.0103039 0.0160725 0.0226586 0.0297054 0.036803 0.0435287 0.0494844 0.0543381 0.0578489 0.0598439 0.0602144 0.0589995 0.0564001 0.0526761 0.0480915 0.0429248 0.0374613 0.0319673 0.0266697 0.021746 0.0173193 0.0134603 0.0101896 0.00748168 0.00527192 0.00347978 0.00205456 0.00101717 0.000400177 0.000123851 3.09894e-05 6.47172e-06 1.14144e-06 1.66172e-07 1.823e-08 1.08354e-09 0 
0 0.000243195 0.00165409 0.00455533 0.00852202 0.0133533 0.0188568 0.0247425 0.0306699 0.0362864 0.0412586 0.0453007 0.048197 0.0498157 0.0501136 0.0491371 0.0470133 0.0439293 0.040111 0.0358029 0.0312481 0.0266697 0.0222579 0.0181615 0.0144875 0.0113044 0.008637 0.00644703 0.0046423 0.00314002 0.0019127 0.000986511 0.000404842 0.000129336 3.29436e-05 6.92856e-06 1.22254e-06 1.77382e-07 1.93526e-08 1.14246e-09 0 
0 0.000163187 0.00120248 0.00355197 0.00684442 0.0108168 0.0153187 0.0201269 0.0249676 0.0295538 0.0336137 0.036914 0.0392781 0.0405988 0.0408427 0.0400484 0.0383183 0.0358044 0.0326917 0.0291811 0.0254715 0.021746 0.0181615 0.0148481 0.0119284 0.0095421 0.00777101 0.0064311 0.00510127 0.00360162 0.00218984 0.00113248 0.000474792 0.000153983 3.91136e-05 8.10875e-06 1.40407e-06 1.99738e-07 2.13776e-08 1.23935e-09 0 
0 0.000101786 0.000813145 0.00262163 0.00530032 0.00851812 0.0121295 0.015973 0.0198385 0.0234995 0.02674 0.0293741 0.0312612 0.0323158 0.0325115 0.0318794 0.0305011 0.0284985 0.0260197 0.0232256 0.0202762 0.0173193 0.0144875 0.0119284 0.00992767 0.00904203 0.0096776 0.0108893 0.0104734 0.00763987 0.00415107 0.00178826 0.000657742 0.000200136 4.8533e-05 9.65089e-06 1.61291e-06 2.22615e-07 2.32039e-08 1.31411e-09 0 
0 5.85679e-05 0.000504455 0.00179784 0.00390485 0.00647886 0.00933217 0.012344 0.0153637 0.0182205 0.0207482 0.0228025 0.0242744 0.0250974 0.025251 0.0247598 0.0236876 0.0221297 0.0202024 0.0180321 0.015745 0.0134603 0.0113044 0.0095421 0.00904203 0.0118056 0.0193744 0.0301435 0.0358856 0.0222885 0.0112691 0.00404076 0.00114025 0.000282457 6.02871e-05 1.1029e-05 1.74881e-06 2.32982e-07 2.36267e-08 1.30747e-09 0 
0 3.08816e-05 0.000283438 0.00112007 0.00267642 0.00469394 0.00692712 0.00925299 0.0115666 0.0137479 0.0156751 0.0172406 0.0183621 0.0189895 0.0191076 0.0187351 0.0179211 0.0167384 0.0152761 0.0136316 0.0119034 0.0101896 0.008637 0.00777101 0.0096776 0.0193744 0.0434862 0.0766476 0.0801189 0.063354 0.026241 0.00882394 0.00212068 0.000416294 7.29994e-05 1.16872e-05 1.722e-06 2.2086e-07 2.18622e-08 1.18719e-09 0 
0 1.48448e-05 0.000142826 0.000620024 0.00165474 0.00315627 0.00488069 0.00666515 0.00841674 0.0100539 0.0114938 0.012661 0.0134965 0.0139642 0.0140532 0.0137779 0.0131748 0.0122982 0.011215 0.00999864 0.00872557 0.00748168 0.00644703 0.0064311 0.0108893 0.0301435 0.0766476 0.0870275 0.0883327 0.0830286 0.0536187 0.0142144 0.00322224 0.000550651 8.07286e-05 1.10946e-05 1.49818e-06 1.85148e-07 1.80049e-08 9.6606e-10 0 
0 6.48464e-06 6.4204e-05 0.000300022 0.000892564 0.00189369 0.00316036 0.00451281 0.00583528 0.00705668 0.00812061 0.00897788 0.0095897 0.00993215 0.00999856 0.00979976 0.00936234 0.00872568 0.00793839 0.00705557 0.0061393 0.00527192 0.0046423 0.00510127 0.0104734 0.0358856 0.0801189 0.0883327 0.0894373 0.0852224 0.0635766 0.015709 0.00348673 0.000561654 7.37051e-05 8.97291e-06 1.12296e-06 1.34989e-07 1.30212e-08 6.96326e-10 0 
0 2.57073e-06 2.57308e-05 0.00012611 0.000409842 0.000970112 0.0017895 0.00275026 0.00372765 0.00463645 0.00542355 0.006053 0.0064999 0.0067499 0.00679997 0.00665857 0.00634471 0.00588636 0.00531912 0.00468673 0.00404602 0.00347978 0.00314002 0.00360162 0.00763987 0.0222885 0.063354 0.0830286 0.0852224 0.0788454 0.0387896 0.0116052 0.00257661 0.000408791 5.11699e-05 5.86656e-06 7.08585e-07 8.46416e-08 8.20292e-09 4.41437e-10 0 
0 9.24934e-07 9.21986e-06 4.62101e-05 0.000159109 0.000411727 0.000840883 0.00141842 0.00206728 0.00270609 0.00327418 0.00373292 0.00405972 0.00424347 0.0042824 0.00418301 0.00395939 0.00363277 0.00323207 0.00279635 0.00237961 0.00205456 0.0019127 0.00218984 0.00415107 0.0112691 0.026241 0.0536187 0.0635766 0.0387896 0.0174369 0.00575238 0.00128997 0.000207076 2.59878e-05 3.00962e-06 3.71676e-07 4.54104e-08 4.48455e-09 2.45223e-10 0 
0 3.02221e-07 2.96674e-06 1.48992e-05 5.27353e-05 0.000144343 0.00031889 0.000587003 0.000928655 0.00130116 0.00165744 0.00195911 0.00218052 0.00230786 0.00233703 0.00227199 0.0021238 0.00191031 0.00165647 0.00139508 0.00116687 0.00101717 0.000986511 0.00113248 0.00178826 0.00404076 0.00882394 0.0142144 0.015709 0.0116052 0.00575238 0.00191922 0.000441351 7.32879e-05 9.68683e-06 1.21887e-06 1.62786e-07 2.08744e-08 2.12689e-09 1.1921e-10 0 
0 8.97036e-08 8.60617e-07 4.26989e-06 1.51805e-05 4.25983e-05 9.84575e-05 0.00019247 0.000325381 0.000485888 0.000653745 0.000806307 0.000924286 0.000994834 0.00101237 0.000978238 0.000899924 0.000790147 0.000665735 0.000546156 0.000451563 0.000400177 0.000404842 0.000474792 0.000657742 0.00114025 0.00212068 0.00322224 0.00348673 0.00257661 0.00128997 0.000441351 0.000105697 1.87171e-05 2.77475e-06 4.05391e-07 6.05944e-08 8.26772e-09 8.76477e-10 5.07078e-11 0 
0 2.41554e-08 2.25456e-07 1.09548e-06 3.85404e-06 1.08439e-05 2.54906e-05 5.1332e-05 9.01948e-05 0.000140488 0.000196812 0.000251223 0.000295436 0.000322923 0.000330255 0.000317562 0.000288263 0.000248275 0.000204891 0.000165568 0.000136889 0.000123851 0.000129336 0.000153983 0.000200136 0.000282457 0.000416294 0.000550651 0.000561654 0.000408791 0.000207076 7.32879e-05 1.87171e-05 3.73816e-06 6.65883e-07 1.16589e-07 1.952e-08 2.8371e-09 3.14339e-10 1.88682e-11 0 
0 5.87582e-09 5.32264e-08 2.52081e-07 8.70203e-07 2.42281e-06 5.68811e-06 1.15429e-05 2.05884e-05 3.27056e-05 4.67974e-05 6.09178e-05 7.27663e-05 8.03386e-05 8.24741e-05 7.91283e-05 7.13243e-05 6.08459e-05 4.97954e-05 4.01659e-05 3.35461e-05 3.09894e-05 3.29436e-05 3.91136e-05 4.8533e-05 6.02871e-05 7.29994e-05 8.07286e-05 7.37051e-05 5.11699e-05 2.59878e-05 9.68683e-06 2.77475e-06 6.65883e-07 1.45969e-07 2.98871e-08 5.48432e-09 8.45073e-10 9.80523e-11 6.12717e-12 0 
0 1.27851e-09 1.12308e-08 5.17328e-08 1.74497e-07 4.77441e-07 1.1085e-06 2.23841e-06 3.99456e-06 6.37489e-06 9.18614e-06 1.20507e-05 1.44941e-05 1.60817e-05 1.655e-05 1.588e-05 1.42925e-05 1.21754e-05 9.97705e-06 8.10818e-06 6.87862e-06 6.47172e-06 6.92856e-06 8.10875e-06 9.65089e-06 1.1029e-05 1.16872e-05 1.10946e-05 8.97291e-06 5.86656e-06 3.00962e-06 1.21887e-06 4.05391e-07 1.16589e-07 2.98871e-08 6.80007e-09 1.33779e-09 2.17532e-10 2.64494e-11 1.72392e-12 0 
0 2.43831e-10 2.07748e-09 9.30295e-09 3.06108e-08 8.20523e-08 1.87505e-07 3.74401e-07 6.63486e-07 1.0552e-06 1.51927e-06 1.9947e-06 2.40305e-06 2.67101e-06 2.75315e-06 2.64555e-06 2.38555e-06 2.0392e-06 1.68255e-06 1.38442e-06 1.19517e-06 1.14144e-06 1.22254e-06 1.40407e-06 1.61291e-06 1.74881e-06 1.722e-06 1.49818e-06 1.12296e-06 7.08585e-07 3.71676e-07 1.62786e-07 6.05944e-08 1.952e-08 5.48432e-09 1.33779e-09 2.78606e-10 4.76574e-11 6.07047e-12 4.1296e-13 0 
0 3.9049e-11 3.22986e-10 1.40678e-09 4.515e-09 1.1845e-08 2.65915e-08 5.23588e-08 9.18226e-08 1.44973e-07 2.0776e-07 2.72069e-07 3.27428e-07 3.63991e-07 3.75604e-07 3.61705e-07 3.27344e-07 2.81497e-07 2.34529e-07 1.95788e-07 1.7196e-07 1.66172e-07 1.77382e-07 1.99738e-07 2.22615e-07 2.32982e-07 2.2086e-07 1.85148e-07 1.34989e-07 8.46416e-08 4.54104e-08 2.08744e-08 8.26772e-09 2.8371e-09 8.45073e-10 2.17532e-10 4.76574e-11 8.55373e-12 1.14014e-12 8.0925e-14 0 
0 4.74038e-12 3.81138e-11 1.61648e-10 5.06405e-10 1.30057e-09 2.86731e-09 5.56234e-09 9.64069e-09 1.50863e-08 2.14836e-08 2.80173e-08 3.36421e-08 3.73754e-08 3.86027e-08 3.7268e-08 3.38801e-08 2.93472e-08 2.47216e-08 2.09511e-08 1.8698e-08 1.823e-08 1.93526e-08 2.13776e-08 2.32039e-08 2.36267e-08 2.18622e-08 1.80049e-08 1.30212e-08 8.20292e-09 4.48455e-09 2.12689e-09 8.76477e-10 3.14339e-10 9.80523e-11 2.64494e-11 6.07047e-12 1.14014e-12 1.58743e-13 1.17436e-14 0 
0 3.11685e-13 2.4398e-12 1.00906e-11 3.08934e-11 7.7738e-11 1.68389e-10 3.21865e-10 5.51211e-10 8.54543e-10 1.20851e-09 1.56862e-09 1.87835e-09 2.08483e-09 2.15507e-09 2.08622e-09 1.90601e-09 1.66407e-09 1.41805e-09 1.2197e-09 1.10425e-09 1.08354e-09 1.14246e-09 1.23935e-09 1.31411e-09 1.30747e-09 1.18719e-09 9.6606e-10 6.96326e-10 4.41437e-10 2.45223e-10 1.1921e-10 5.07078e-11 1.88682e-11 6.12717e-12 1.72392e-12 4.1296e-13 8.0925e-14 1.17436e-14 9.04096e-16 0 
0 0 0 0 0 0 0 0 0 0 0 0 0 0 0 0 0 0 0 0 0 0 0 0 0 0 0 0 0 0 0 0 0 0 0 0 0 0 0 0 0 
