0 0 0 0 0 0 0 0 0 0 0 0 0 0 0 0 0 0 0 0 0 0 0 0 0 0 0 0 0 0 0 0 0 0 0 0 0 0 0 0 0 
0 4.6806e-07 4.15098e-06 1.81331e-05 5.41789e-05 0.000123704 0.000230268 0.000366793 0.000519112 0.00067136 0.00080956 0.000923047 0.00100462 0.00105029 0.0010589 0.00103177 0.000972343 0.000885846 0.000778873 0.000659011 0.000534386 0.000413088 0.000302446 0.000208181 0.000133632 7.93392e-05 4.32359e-05 2.14884e-05 9.69611e-06 3.96229e-06 1.4653e-06 4.90504e-07 1.48653e-07 4.07415e-08 1.00574e-08 2.21513e-09 4.26679e-10 6.88855e-11 8.41714e-12 5.56359e-13 0 
0 4.15098e-06 3.75159e-05 0.00016057 0.000449158 0.000928854 0.00154953 0.00223121 0.0029074 0.00353246 0.00407398 0.00450733 0.00481446 0.0049846 0.00501504 0.00491113 0.0046853 0.00435549 0.0039431 0.00347096 0.00296189 0.00243814 0.00192189 0.00143615 0.00100455 0.000648314 0.000380499 0.000200589 9.42084e-05 3.92968e-05 1.45784e-05 4.82909e-06 1.43438e-06 3.82966e-07 9.17883e-08 1.96001e-08 3.65988e-09 5.73214e-10 6.8034e-11 4.37494e-12 0 
0 1.81331e-05 0.00016057 0.000633194 0.00155513 0.00280979 0.00421631 0.00566416 0.00708462 0.00841226 0.0095796 0.0105249 0.0112 0.0115754 0.0116419 0.0114109 0.0109115 0.0101864 0.00928772 0.00827084 0.00718944 0.00609067 0.00501184 0.00398022 0.00301733 0.00214719 0.00140284 0.000820986 0.000421255 0.000187187 7.19588e-05 2.4112e-05 7.11745e-06 1.86704e-06 4.36797e-07 9.07544e-08 1.64713e-08 2.50804e-09 2.89694e-10 1.81553e-11 0 
0 5.41789e-05 0.000449158 0.00155513 0.00332338 0.00545958 0.00780712 0.0102735 0.0127415 0.015074 0.0171358 0.0188095 0.0200061 0.0206716 0.0207894 0.0203794 0.0194933 0.0182082 0.0166175 0.0148221 0.0129221 0.0110081 0.00915558 0.00741926 0.00583023 0.00439886 0.00312856 0.00203836 0.00117397 0.000578523 0.000239795 8.38342e-05 2.51106e-05 6.5571e-06 1.50983e-06 3.06922e-07 5.43603e-08 8.07262e-09 9.09847e-10 5.57025e-11 0 
0 0.000123704 0.000928854 0.00280979 0.00545958 0.00861086 0.0121524 0.0159248 0.0197183 0.0233091 0.026485 0.0290636 0.0309074 0.0319328 0.0321143 0.0314822 0.0301167 0.0281365 0.0256857 0.0229206 0.0199958 0.0170532 0.0142131 0.0115683 0.00917969 0.00707357 0.0052427 0.00366254 0.00232837 0.00128558 0.000591152 0.000222488 6.93007e-05 1.83107e-05 4.19285e-06 8.39641e-07 1.45837e-07 2.12026e-08 2.33924e-09 1.40289e-10 0 
0 0.000230268 0.00154953 0.00421631 0.00780712 0.0121524 0.0170935 0.022373 0.0276859 0.0327162 0.0371655 0.0407788 0.0433645 0.0448059 0.0450616 0.0441719 0.042255 0.0394793 0.0360456 0.0321719 0.028075 0.0239541 0.0199787 0.016281 0.0129522 0.0100413 0.00755395 0.00545452 0.00368754 0.00223199 0.00114163 0.0004717 0.000156207 4.24737e-05 9.78098e-06 1.94391e-06 3.32875e-07 4.75758e-08 5.15581e-09 3.03797e-10 0 
0 0.000366793 0.00223121 0.00566416 0.0102735 0.0159248 0.022373 0.0292671 0.0362057 0.0427758 0.048597 0.0534264 0.0572735 0.0597949 0.0602899 0.0586596 0.0555477 0.051659 0.0471288 0.0420653 0.0367147 0.0313332 0.0261425 0.0213158 0.0169739 0.0131853 0.00996908 0.00729512 0.00508964 0.00327101 0.00182629 0.000829576 0.000296004 8.39998e-05 1.96573e-05 3.90522e-06 6.62735e-07 9.3501e-08 9.98753e-09 5.7996e-10 0 
0 0.000519112 0.0029074 0.00708462 0.0127415 0.0197183 0.0276859 0.0362057 0.0447813 0.0529276 0.0606397 0.068928 0.0756894 0.0791379 0.0797493 0.0777883 0.0729004 0.0656295 0.0585219 0.0520394 0.0454117 0.0387608 0.0323465 0.0263827 0.0210191 0.0163422 0.01238 0.00910765 0.00644862 0.00429001 0.00254876 0.0012564 0.000483938 0.000144522 3.46435e-05 6.92149e-06 1.16949e-06 1.63491e-07 1.727e-08 9.91189e-10 0 
0 0.00067136 0.00353246 0.00841226 0.015074 0.0233091 0.0327162 0.0427758 0.0529276 0.0632937 0.0757379 0.0843352 0.0884032 0.0902722 0.0906361 0.0896237 0.0869797 0.0817028 0.0720063 0.06184 0.053666 0.045795 0.0382214 0.0311805 0.024849 0.0193295 0.0146569 0.0108078 0.00770521 0.00522325 0.00323077 0.00169608 0.000699863 0.000220258 5.43174e-05 1.09601e-05 1.85059e-06 2.57183e-07 2.69454e-08 1.53267e-09 0 
0 0.00080956 0.00407398 0.0095796 0.0171358 0.026485 0.0371655 0.048597 0.0606397 0.0757379 0.0865146 0.0916102 0.0943872 0.0957651 0.0960566 0.0953319 0.093481 0.0901189 0.0841606 0.0728783 0.0612303 0.0520286 0.0434191 0.0354251 0.0282371 0.0219716 0.0166692 0.012306 0.00880291 0.00602803 0.00382249 0.00209861 0.000915819 0.000302341 7.67289e-05 1.56681e-05 2.65031e-06 3.67101e-07 3.82449e-08 2.16121e-09 0 
0 0.000923047 0.00450733 0.0105249 0.0188095 0.0290636 0.0407788 0.0534264 0.068928 0.0843352 0.0916102 0.0955661 0.0978676 0.0990479 0.0993105 0.0987063 0.0971683 0.0944686 0.0900228 0.0820882 0.0686237 0.0571735 0.0476426 0.0388727 0.030989 0.0241175 0.0183031 0.0135211 0.00968894 0.0066712 0.00429379 0.00242891 0.00110497 0.000379319 9.87432e-05 2.04025e-05 3.46178e-06 4.78808e-07 4.97063e-08 2.79655e-09 0 
0 0.00100462 0.00481446 0.0112 0.0200061 0.0309074 0.0433645 0.0572735 0.0756894 0.0884032 0.0943872 0.0978676 0.0999526 0.101039 0.101288 0.100743 0.0993525 0.0969459 0.0931101 0.0867434 0.0748092 0.0611144 0.0506715 0.0413394 0.0329579 0.0256529 0.0194721 0.01439 0.0103212 0.00712739 0.00462656 0.00266592 0.00124698 0.00044027 0.000116869 2.43853e-05 4.15111e-06 5.7404e-07 5.94833e-08 3.33813e-09 0 
0 0.00105029 0.0049846 0.0115754 0.0206716 0.0319328 0.0448059 0.0597949 0.0791379 0.0902722 0.0957651 0.0990479 0.101039 0.102085 0.102328 0.101809 0.100484 0.0982032 0.0946167 0.0888334 0.0781514 0.0635575 0.0523675 0.0427134 0.0340548 0.0265084 0.0201237 0.0148744 0.0106735 0.00738109 0.0048115 0.00279933 0.00132959 0.000477181 0.0001282 2.69245e-05 4.59559e-06 6.35868e-07 6.58609e-08 3.69277e-09 0 
0 0.0010589 0.00501504 0.0116419 0.0207894 0.0321143 0.0450616 0.0602899 0.0797493 0.0906361 0.0960566 0.0993105 0.101288 0.102328 0.102571 0.102056 0.100741 0.0984785 0.0949291 0.0892317 0.0787572 0.0640279 0.0526731 0.0429602 0.0342523 0.0266628 0.0202417 0.0149626 0.0107382 0.00742851 0.00484739 0.002827 0.00134819 0.000486142 0.000131122 2.76108e-05 4.72047e-06 6.53848e-07 6.77765e-08 3.80268e-09 0 
0 0.00103177 0.00491113 0.0114109 0.0203794 0.0314822 0.0441719 0.0586596 0.0777883 0.0896237 0.0953319 0.0987063 0.100743 0.101809 0.102056 0.101525 0.100169 0.0978292 0.0941303 0.0880951 0.07682 0.0624802 0.051633 0.0421208 0.033583 0.0261418 0.0198458 0.0146693 0.0105262 0.00727789 0.0047407 0.00275346 0.00130483 0.000467561 0.000125623 2.64224e-05 4.52018e-06 6.27092e-07 6.51348e-08 3.66265e-09 0 
0 0.000972343 0.0046853 0.0109115 0.0194933 0.0301167 0.042255 0.0555477 0.0729004 0.0869797 0.093481 0.0971683 0.0993525 0.100484 0.100741 0.100169 0.0987114 0.0961754 0.0920823 0.0850972 0.0722162 0.0594 0.0493928 0.040302 0.0321326 0.0250119 0.0189869 0.0140324 0.0100649 0.00694839 0.0045049 0.00258912 0.00120739 0.000425745 0.000113196 2.37104e-05 4.05676e-06 5.64159e-07 5.88052e-08 3.32016e-09 0 
0 0.000885846 0.00435549 0.0101864 0.0182082 0.0281365 0.0394793 0.051659 0.0656295 0.0817028 0.0901189 0.0944686 0.0969459 0.0982032 0.0984785 0.0978292 0.0961754 0.0932432 0.0882991 0.0790809 0.0657554 0.0553336 0.0461544 0.0376629 0.0300277 0.0233724 0.0177405 0.0131079 0.00939456 0.00646793 0.00415971 0.00235007 0.00106899 0.00036808 9.64172e-05 2.00852e-05 3.43886e-06 4.80139e-07 5.03283e-08 2.85966e-09 0 
0 0.000778873 0.0039431 0.00928772 0.0166175 0.0256857 0.0360456 0.0471288 0.0585219 0.0720063 0.0841606 0.0900228 0.0931101 0.0946167 0.0949291 0.0941303 0.0920823 0.0882991 0.0812967 0.0695388 0.0592775 0.0504968 0.0421512 0.0343965 0.0274229 0.0213438 0.0161987 0.0119646 0.00856451 0.00587087 0.00373079 0.00205879 0.000907486 0.000303899 7.83592e-05 1.62533e-05 2.79096e-06 3.92302e-07 4.14727e-08 2.37843e-09 0 
0 0.000659011 0.00347096 0.00827084 0.0148221 0.0229206 0.0321719 0.0420653 0.0520394 0.06184 0.0728783 0.0820882 0.0867434 0.0888334 0.0892317 0.0880951 0.0850972 0.0790809 0.0695388 0.0606687 0.0528136 0.0450825 0.0376357 0.030712 0.0244855 0.0190572 0.0144617 0.0106769 0.00762878 0.00519704 0.00325172 0.00174603 0.000744835 0.000243163 6.19844e-05 1.28608e-05 2.22445e-06 3.16003e-07 3.38079e-08 1.96271e-09 0 
0 0.000534386 0.00296189 0.00718944 0.0129221 0.0199958 0.028075 0.0367147 0.0454117 0.053666 0.0612303 0.0686237 0.0748092 0.0781514 0.0787572 0.07682 0.0722162 0.0657554 0.0592775 0.0528136 0.0461019 0.0393616 0.0328609 0.0268169 0.0213815 0.0166426 0.0126297 0.00932048 0.00664497 0.00449526 0.00277005 0.00145334 0.000605711 0.000195079 4.96739e-05 1.03871e-05 1.81864e-06 2.61916e-07 2.84067e-08 1.67048e-09 0 
0 0.000413088 0.00243814 0.00609067 0.0110081 0.0170532 0.0239541 0.0313332 0.0387608 0.045795 0.0520286 0.0571735 0.0611144 0.0635575 0.0640279 0.0624802 0.0594 0.0553336 0.0504968 0.0450825 0.0393616 0.0336083 0.0280598 0.0229018 0.0182642 0.0142224 0.0108012 0.00797771 0.00568729 0.00383956 0.0023572 0.00123293 0.00051439 0.000166828 4.29615e-05 9.09863e-06 1.61264e-06 2.34779e-07 2.56974e-08 1.52239e-09 0 
0 0.000302446 0.00192189 0.00501184 0.00915558 0.0142131 0.0199787 0.0261425 0.0323465 0.0382214 0.0434191 0.0476426 0.0506715 0.0523675 0.0526731 0.051633 0.0493928 0.0461544 0.0421512 0.0376357 0.0328609 0.0280598 0.0234309 0.0191303 0.0152709 0.0119263 0.00912491 0.00683002 0.00494786 0.00339114 0.00211954 0.00113788 0.000488968 0.00016237 4.23996e-05 9.03429e-06 1.60314e-06 2.33021e-07 2.5422e-08 1.49959e-09 0 
0 0.000208181 0.00143615 0.00398022 0.00741926 0.0115683 0.016281 0.0213158 0.0263827 0.0311805 0.0354251 0.0388727 0.0413394 0.0427134 0.0429602 0.0421208 0.040302 0.0376629 0.0343965 0.030712 0.0268169 0.0229018 0.0191303 0.0156385 0.0125558 0.0100307 0.00815365 0.0067376 0.00534482 0.0037868 0.00232929 0.0012372 0.000539668 0.000181835 4.7432e-05 9.98202e-06 1.74164e-06 2.48691e-07 2.66685e-08 1.54787e-09 0 
0 0.000133632 0.00100455 0.00301733 0.00583023 0.00917969 0.0129522 0.0169739 0.0210191 0.024849 0.0282371 0.030989 0.0329579 0.0340548 0.0342523 0.033583 0.0321326 0.0300277 0.0274229 0.0244855 0.0213815 0.0182642 0.0152709 0.0125558 0.0104196 0.00945172 0.0100829 0.0113277 0.0108902 0.00794615 0.0043256 0.0018808 0.000711916 0.000225669 5.65448e-05 1.146e-05 1.93369e-06 2.68189e-07 2.80328e-08 1.59068e-09 0 
0 7.93392e-05 0.000648314 0.00214719 0.00439886 0.00707357 0.0100413 0.0131853 0.0163422 0.0193295 0.0219716 0.0241175 0.0256529 0.0265084 0.0266628 0.0261418 0.0250119 0.0233724 0.0213438 0.0190572 0.0166426 0.0142224 0.0119263 0.0100307 0.00945172 0.0122867 0.0201329 0.0349773 0.0423217 0.0235879 0.0117077 0.00420334 0.00119825 0.000307009 6.81932e-05 1.28029e-05 2.05576e-06 2.75441e-07 2.80174e-08 1.55367e-09 0 
0 4.32359e-05 0.000380499 0.00140284 0.00312856 0.0052427 0.00755395 0.00996908 0.01238 0.0146569 0.0166692 0.0183031 0.0194721 0.0201237 0.0202417 0.0198458 0.0189869 0.0177405 0.0161987 0.0144617 0.0126297 0.0108012 0.00912491 0.00815365 0.0100829 0.0201329 0.0501453 0.0773252 0.0793248 0.0697022 0.0276652 0.00916656 0.00220826 0.000441687 8.05774e-05 1.33413e-05 1.9999e-06 2.58295e-07 2.56478e-08 1.39549e-09 0 
0 2.14884e-05 0.000200589 0.000820986 0.00203836 0.00366254 0.00545452 0.00729512 0.00910765 0.0108078 0.012306 0.0135211 0.01439 0.0148744 0.0149626 0.0146693 0.0140324 0.0131079 0.0119646 0.0106769 0.00932048 0.00797771 0.00683002 0.0067376 0.0113277 0.0349773 0.0773252 0.0850244 0.0859139 0.0818429 0.0604246 0.0147832 0.00334927 0.00057798 8.75616e-05 1.24963e-05 1.72568e-06 2.15126e-07 2.09882e-08 1.12814e-09 0 
0 9.69611e-06 9.42084e-05 0.000421255 0.00117397 0.00232837 0.00368754 0.00508964 0.00644862 0.00770521 0.00880291 0.00968894 0.0103212 0.0106735 0.0107382 0.0105262 0.0100649 0.00939456 0.00856451 0.00762878 0.00664497 0.00568729 0.00494786 0.00534482 0.0108902 0.0423217 0.0793248 0.0859139 0.0868186 0.0835824 0.0695852 0.0168177 0.003623 0.000587569 7.92179e-05 1.0015e-05 1.28637e-06 1.5622e-07 1.51197e-08 8.09834e-10 0 
0 3.96229e-06 3.92968e-05 0.000187187 0.000578523 0.00128558 0.00223199 0.00327101 0.00429001 0.00522325 0.00602803 0.0066712 0.00712739 0.00738109 0.00742851 0.00727789 0.00694839 0.00646793 0.00587087 0.00519704 0.00449526 0.00383956 0.00339114 0.0037868 0.00794615 0.0235879 0.0697022 0.0818429 0.0835824 0.0782196 0.0443582 0.0120533 0.00267766 0.000427812 5.48884e-05 6.52446e-06 8.0951e-07 9.77309e-08 9.50192e-09 5.12051e-10 0 
0 1.4653e-06 1.45784e-05 7.19588e-05 0.000239795 0.000591152 0.00114163 0.00182629 0.00254876 0.00323077 0.00382249 0.00429379 0.00462656 0.0048115 0.00484739 0.0047407 0.0045049 0.00415971 0.00373079 0.00325172 0.00277005 0.0023572 0.00211954 0.00232929 0.0043256 0.0117077 0.0276652 0.0604246 0.0695852 0.0443582 0.0181096 0.00597501 0.0013418 0.000217488 2.79853e-05 3.35416e-06 4.24673e-07 5.23797e-08 5.18698e-09 2.83962e-10 0 
0 4.90504e-07 4.82909e-06 2.4112e-05 8.38342e-05 0.000222488 0.0004717 0.000829576 0.0012564 0.00169608 0.00209861 0.00242891 0.00266592 0.00279933 0.002827 0.00275346 0.00258912 0.00235007 0.00205879 0.00174603 0.00145334 0.00123293 0.00113788 0.0012372 0.0018808 0.00420334 0.00916656 0.0147832 0.0168177 0.0120533 0.00597501 0.0019948 0.000460709 7.75885e-05 1.05317e-05 1.36785e-06 1.86412e-07 2.40732e-08 2.4578e-09 1.37883e-10 0 
0 1.48653e-07 1.43438e-06 7.11745e-06 2.51106e-05 6.93007e-05 0.000156207 0.000296004 0.000483938 0.000699863 0.000915819 0.00110497 0.00124698 0.00132959 0.00134819 0.00130483 0.00120739 0.00106899 0.000907486 0.000744835 0.000605711 0.00051439 0.000488968 0.000539668 0.000711916 0.00119825 0.00220826 0.00334927 0.003623 0.00267766 0.0013418 0.000460709 0.000111395 2.0098e-05 3.0627e-06 4.59315e-07 6.95901e-08 9.53606e-09 1.01227e-09 5.86055e-11 0 
0 4.07415e-08 3.82966e-07 1.86704e-06 6.5571e-06 1.83107e-05 4.24737e-05 8.39998e-05 0.000144522 0.000220258 0.000302341 0.000379319 0.00044027 0.000477181 0.000486142 0.000467561 0.000425745 0.00036808 0.000303899 0.000243163 0.000195079 0.000166828 0.00016237 0.000181835 0.000225669 0.000307009 0.000441687 0.00057798 0.000587569 0.000427812 0.000217488 7.75885e-05 2.0098e-05 4.10067e-06 7.48327e-07 1.33262e-07 2.24694e-08 3.27287e-09 3.62914e-10 2.17955e-11 0 
0 1.00574e-08 9.17883e-08 4.36797e-07 1.50983e-06 4.19285e-06 9.78098e-06 1.96573e-05 3.46435e-05 5.43174e-05 7.67289e-05 9.87432e-05 0.000116869 0.0001282 0.000131122 0.000125623 0.000113196 9.64172e-05 7.83592e-05 6.19844e-05 4.96739e-05 4.29615e-05 4.23996e-05 4.7432e-05 5.65448e-05 6.81932e-05 8.05774e-05 8.75616e-05 7.92179e-05 5.48884e-05 2.79853e-05 1.05317e-05 3.0627e-06 7.48327e-07 1.66473e-07 3.435e-08 6.32114e-09 9.74962e-10 1.1318e-10 7.07536e-12 0 
0 2.21513e-09 1.96001e-08 9.07544e-08 3.06922e-07 8.39641e-07 1.94391e-06 3.90522e-06 6.92149e-06 1.09601e-05 1.56681e-05 2.04025e-05 2.43853e-05 2.69245e-05 2.76108e-05 2.64224e-05 2.37104e-05 2.00852e-05 1.62533e-05 1.28608e-05 1.03871e-05 9.09863e-06 9.03429e-06 9.98202e-06 1.146e-05 1.28029e-05 1.33413e-05 1.24963e-05 1.0015e-05 6.52446e-06 3.35416e-06 1.36785e-06 4.59315e-07 1.33262e-07 3.435e-08 7.83486e-09 1.54281e-09 2.50981e-10 3.05264e-11 1.99027e-12 0 
0 4.26679e-10 3.65988e-09 1.64713e-08 5.43603e-08 1.45837e-07 3.32875e-07 6.62735e-07 1.16949e-06 1.85059e-06 2.65031e-06 3.46178e-06 4.15111e-06 4.59559e-06 4.72047e-06 4.52018e-06 4.05676e-06 3.43886e-06 2.79096e-06 2.22445e-06 1.81864e-06 1.61264e-06 1.60314e-06 1.74164e-06 1.93369e-06 2.05576e-06 1.9999e-06 1.72568e-06 1.28637e-06 8.0951e-07 4.24673e-07 1.86412e-07 6.95901e-08 2.24694e-08 6.32114e-09 1.54281e-09 3.21398e-10 5.49893e-11 7.00593e-12 4.76706e-13 0 
0 6.88855e-11 5.73214e-10 2.50804e-09 8.07262e-09 2.12026e-08 4.75758e-08 9.3501e-08 1.63491e-07 2.57183e-07 3.67101e-07 4.78808e-07 5.7404e-07 6.35868e-07 6.53848e-07 6.27092e-07 5.64159e-07 4.80139e-07 3.92302e-07 3.16003e-07 2.61916e-07 2.34779e-07 2.33021e-07 2.48691e-07 2.68189e-07 2.75441e-07 2.58295e-07 2.15126e-07 1.5622e-07 9.77309e-08 5.23797e-08 2.40732e-08 9.53606e-09 3.27287e-09 9.74962e-10 2.50981e-10 5.49893e-11 9.87071e-12 1.31586e-12 9.34126e-14 0 
0 8.41714e-12 6.8034e-11 2.89694e-10 9.09847e-10 2.33924e-09 5.15581e-09 9.98753e-09 1.727e-08 2.69454e-08 3.82449e-08 4.97063e-08 5.94833e-08 6.58609e-08 6.77765e-08 6.51348e-08 5.88052e-08 5.03283e-08 4.14727e-08 3.38079e-08 2.84067e-08 2.56974e-08 2.5422e-08 2.66685e-08 2.80328e-08 2.80174e-08 2.56478e-08 2.09882e-08 1.51197e-08 9.50192e-09 5.18698e-09 2.4578e-09 1.01227e-09 3.62914e-10 1.1318e-10 3.05264e-11 7.00593e-12 1.31586e-12 1.83222e-13 1.35559e-14 0 
0 5.56359e-13 4.37494e-12 1.81553e-11 5.57025e-11 1.40289e-10 3.03797e-10 5.7996e-10 9.91189e-10 1.53267e-09 2.16121e-09 2.79655e-09 3.33813e-09 3.69277e-09 3.80268e-09 3.66265e-09 3.32016e-09 2.85966e-09 2.37843e-09 1.96271e-09 1.67048e-09 1.52239e-09 1.49959e-09 1.54787e-09 1.59068e-09 1.55367e-09 1.39549e-09 1.12814e-09 8.09834e-10 5.12051e-10 2.83962e-10 1.37883e-10 5.86055e-11 2.17955e-11 7.07536e-12 1.99027e-12 4.76706e-13 9.34126e-14 1.35559e-14 1.04367e-15 0 
0 0 0 0 0 0 0 0 0 0 0 0 0 0 0 0 0 0 0 0 0 0 0 0 0 0 0 0 0 0 0 0 0 0 0 0 0 0 0 0 0 
