0 0 0 0 0 0 0 0 0 0 0 0 0 0 0 0 0 0 0 0 0 0 0 0 0 0 0 0 0 0 0 0 0 0 0 0 0 0 0 0 0 
0 7.42454e-08 6.80341e-07 3.16952e-06 1.04271e-05 2.68256e-05 5.67596e-05 0.000102252 0.00016132 0.000228235 0.000295211 0.000354376 0.000399224 0.000425402 0.000430959 0.000416273 0.000383755 0.000337425 0.000282377 0.000224143 0.000167993 0.000118246 7.77041e-05 4.73908e-05 2.66802e-05 1.38048e-05 6.5454e-06 2.83968e-06 1.12712e-06 4.09598e-07 1.36427e-07 4.16817e-08 1.16792e-08 2.99518e-09 6.99366e-10 1.47084e-10 2.72741e-11 4.26824e-12 5.0844e-13 3.29166e-14 0 
0 6.80341e-07 6.47012e-06 3.07737e-05 0.000100837 0.000251385 0.000503767 0.000848532 0.00124915 0.00165932 0.00203703 0.0023502 0.0025771 0.0027054 0.00273105 0.00265731 0.0024937 0.00225491 0.00195973 0.00163 0.0012895 0.000962535 0.000671444 0.000433215 0.00025597 0.000137393 6.66561e-05 2.9182e-05 1.15447e-05 4.14039e-06 1.35122e-06 4.02557e-07 1.09675e-07 2.73096e-08 6.18903e-09 1.26374e-09 2.27709e-10 3.46675e-11 4.02298e-12 2.54091e-13 0 
0 3.16952e-06 3.07737e-05 0.00014503 0.000452385 0.00103634 0.00187736 0.00287155 0.0039045 0.00488705 0.00575386 0.00645602 0.00695838 0.00723981 0.00729388 0.00712841 0.00676377 0.00623019 0.00556439 0.00480635 0.00399695 0.00317709 0.0023886 0.00167475 0.00107699 0.000624696 0.000322563 0.000147306 5.95438e-05 2.14351e-05 6.92916e-06 2.0268e-06 5.39268e-07 1.30763e-07 2.88241e-08 5.72419e-09 1.00375e-09 1.48872e-10 1.68519e-11 1.03974e-12 0 
0 1.04271e-05 0.000100837 0.000452385 0.00128184 0.00261473 0.004275 0.00607317 0.0078744 0.0095724 0.011072 0.0122906 0.0131644 0.0136539 0.0137464 0.0134554 0.0128175 0.0118875 0.0107318 0.00942184 0.00802751 0.00661182 0.00522869 0.0039253 0.00274946 0.00175585 0.000996828 0.000493003 0.000210619 7.80812e-05 2.54383e-05 7.38667e-06 1.93298e-06 4.58624e-07 9.8673e-08 1.91102e-08 3.26861e-09 4.73229e-10 5.23501e-11 3.1606e-12 0 
0 2.68256e-05 0.000251385 0.00103634 0.00261473 0.00481658 0.00736997 0.0100894 0.0128216 0.0154108 0.0177059 0.0195747 0.0209161 0.0216675 0.0218086 0.0213601 0.0203788 0.0189501 0.0171782 0.0151755 0.0130527 0.01091 0.00883036 0.00687569 0.00508976 0.00351112 0.00219205 0.00119722 0.000556889 0.000218824 7.34397e-05 2.1481e-05 5.58059e-06 1.30362e-06 2.74976e-07 5.21164e-08 8.71974e-09 1.23543e-09 1.33858e-10 7.92435e-12 0 
0 5.67596e-05 0.000503767 0.00187736 0.004275 0.00736997 0.0109046 0.0146848 0.0184992 0.0221223 0.0253376 0.0279573 0.0298381 0.0308917 0.0310892 0.0304595 0.0290829 0.0270796 0.0245965 0.0217927 0.0188252 0.0158377 0.0129503 0.0102537 0.00780634 0.00563874 0.00377306 0.0022548 0.00115395 0.000491155 0.000173532 5.19642e-05 1.35467e-05 3.13779e-06 6.52162e-07 1.21434e-07 1.99391e-08 2.77233e-09 2.94947e-10 1.71599e-11 0 
0 0.000102252 0.000848532 0.00287155 0.00607317 0.0100894 0.0146848 0.019617 0.024602 0.0293405 0.0335472 0.0369754 0.0394371 0.0408164 0.0410752 0.0402513 0.0384499 0.0358286 0.0325803 0.0289136 0.0250354 0.0211347 0.0173713 0.0138677 0.0107048 0.00792233 0.00552762 0.00352599 0.00196408 0.000911262 0.000344124 0.000107054 2.8305e-05 6.54823e-06 1.348e-06 2.47588e-07 4.00314e-08 5.47835e-09 5.73813e-10 3.28884e-11 0 
0 0.00016132 0.00124915 0.0039045 0.0078744 0.0128216 0.0184992 0.024602 0.0307735 0.0366415 0.041852 0.0460989 0.0491494 0.0508595 0.0511813 0.0501613 0.0479303 0.0446841 0.0406617 0.036122 0.0313215 0.0264954 0.0218427 0.0175172 0.0136229 0.0102133 0.00729629 0.0048519 0.00288081 0.00144478 0.000585844 0.000191189 5.17239e-05 1.20295e-05 2.46461e-06 4.48257e-07 7.16053e-08 9.67369e-09 1.00024e-09 5.66171e-11 0 
0 0.000228235 0.00165932 0.00488705 0.0095724 0.0154108 0.0221223 0.0293405 0.0366415 0.0435846 0.0497505 0.0547787 0.0583952 0.0604271 0.0608115 0.0596016 0.0569569 0.0531137 0.0483545 0.0429841 0.037306 0.0315988 0.0260987 0.0209889 0.0163943 0.0123823 0.00896576 0.00611443 0.00379238 0.00202328 0.000876289 0.000300908 8.37495e-05 1.96775e-05 4.02865e-06 7.28083e-07 1.15265e-07 1.54163e-08 1.57773e-09 8.8413e-11 0 
0 0.000295211 0.00203703 0.00575386 0.011072 0.0177059 0.0253376 0.0335472 0.041852 0.0497505 0.0567682 0.062499 0.0666305 0.0689564 0.0693991 0.0680183 0.0649978 0.0606148 0.0551964 0.0490872 0.0426291 0.0361385 0.0298846 0.0240765 0.0188577 0.0143069 0.0104424 0.00723078 0.00461373 0.00257487 0.0011777 0.000424089 0.000121587 2.89391e-05 5.93782e-06 1.06938e-06 1.68249e-07 2.23376e-08 2.26849e-09 1.26155e-10 0 
0 0.000354376 0.0023502 0.00645602 0.0122906 0.0195747 0.0279573 0.0369754 0.0460989 0.0547787 0.062499 0.0688104 0.0733472 0.075883 0.0763669 0.0748732 0.0715729 0.0667538 0.0607906 0.0540746 0.0469794 0.0398493 0.0329799 0.0266012 0.0208717 0.0158794 0.0116467 0.00813955 0.00528717 0.00304274 0.0014501 0.000543248 0.00016002 3.8595e-05 7.94946e-06 1.42981e-06 2.24102e-07 2.96074e-08 2.99093e-09 1.65458e-10 0 
0 0.000399224 0.0025771 0.00695838 0.0131644 0.0209161 0.0298381 0.0394371 0.0491494 0.0583952 0.0666305 0.0733472 0.0781161 0.0807374 0.0812377 0.0797114 0.0762792 0.0711847 0.0648325 0.0576745 0.0501192 0.0425288 0.035216 0.028426 0.0223282 0.0170169 0.0125178 0.00879646 0.00577573 0.00338927 0.00166113 0.000640688 0.000192813 4.70431e-05 9.73121e-06 1.75072e-06 2.73927e-07 3.60958e-08 3.63579e-09 2.00551e-10 0 
0 0.000425402 0.0027054 0.00723981 0.0136539 0.0216675 0.0308917 0.0408164 0.0508595 0.0604271 0.0689564 0.075883 0.0807374 0.0833703 0.0838744 0.0823568 0.0788975 0.0736853 0.0671245 0.059716 0.0519007 0.0440512 0.0364886 0.0294665 0.0231604 0.0176684 0.0130181 0.00917509 0.00605924 0.00359395 0.00179017 0.000702896 0.000214533 5.27798e-05 1.09606e-05 1.97462e-06 3.09007e-07 4.07038e-08 4.09796e-09 2.25956e-10 0 
0 0.000430959 0.00273105 0.00729388 0.0137464 0.0218086 0.0310892 0.0410752 0.0511813 0.0608115 0.0693991 0.0763669 0.0812377 0.0838744 0.084383 0.0828729 0.0794163 0.0741892 0.0675928 0.0601379 0.0522735 0.0443743 0.0367629 0.0296947 0.0233466 0.0178178 0.0131364 0.00926823 0.00613279 0.00365078 0.00182888 0.000723018 0.000222037 5.4875e-05 1.14321e-05 2.06459e-06 3.23773e-07 4.27383e-08 4.31249e-09 2.38385e-10 0 
0 0.000416273 0.00265731 0.00712841 0.0134554 0.0213601 0.0304595 0.0402513 0.0501613 0.0596016 0.0680183 0.0748732 0.0797114 0.0823568 0.0828729 0.0813619 0.0779213 0.0727635 0.0662936 0.0589915 0.0512833 0.0435375 0.0360722 0.0291383 0.0229096 0.0174835 0.0128875 0.00908793 0.00600596 0.00356638 0.00178023 0.000701569 0.000215213 5.32543e-05 1.11269e-05 2.01745e-06 3.1786e-07 4.21776e-08 4.28046e-09 2.38106e-10 0 
0 0.000383755 0.0024937 0.00676377 0.0128175 0.0203788 0.0290829 0.0384499 0.0479303 0.0569569 0.0649978 0.0715729 0.0762792 0.0788975 0.0794163 0.0779213 0.0745559 0.069585 0.0634013 0.0564291 0.049061 0.0416524 0.0345101 0.0278745 0.0219118 0.016715 0.0123101 0.00866408 0.00570191 0.00335891 0.00165744 0.000645914 0.000196898 4.87079e-05 1.02193e-05 1.8657e-06 2.96487e-07 3.97281e-08 4.07529e-09 2.29313e-10 0 
0 0.000337425 0.00225491 0.00623019 0.0118875 0.0189501 0.0270796 0.0358286 0.0446841 0.0531137 0.0606148 0.0667538 0.0711847 0.0736853 0.0741892 0.0727635 0.069585 0.0649382 0.0591788 0.0526799 0.0458042 0.0388877 0.0322181 0.0260195 0.0204471 0.0155872 0.011463 0.00804216 0.00525641 0.00305764 0.00148294 0.000568977 0.000172165 4.2666e-05 9.02791e-06 1.66902e-06 2.69249e-07 3.66826e-08 3.82978e-09 2.19458e-10 0 
0 0.000282377 0.00195973 0.00556439 0.0107318 0.0171782 0.0245965 0.0325803 0.0406617 0.0483545 0.0551964 0.0607906 0.0648325 0.0671245 0.0675928 0.0662936 0.0634013 0.0591788 0.0539404 0.0480213 0.0417553 0.0354505 0.0293695 0.0237163 0.0186315 0.0141929 0.0104196 0.0072807 0.0047176 0.00270333 0.00128731 0.000487466 0.000147294 3.68733e-05 7.94277e-06 1.50138e-06 2.48178e-07 3.46733e-08 3.71171e-09 2.17896e-10 0 
0 0.000224143 0.00163 0.00480635 0.00942184 0.0151755 0.0217927 0.0289136 0.036122 0.0429841 0.0490872 0.0540746 0.0576745 0.059716 0.0601379 0.0589915 0.0564291 0.0526799 0.0480213 0.042754 0.0371771 0.0315657 0.0261531 0.0211206 0.0165921 0.0126351 0.00926397 0.00644972 0.00414692 0.00234905 0.00110791 0.000419982 0.000128874 3.31267e-05 7.3683e-06 1.44037e-06 2.45986e-07 3.54213e-08 3.89567e-09 2.34125e-10 0 
0 0.000167993 0.0012895 0.00399695 0.00802751 0.0130527 0.0188252 0.0250354 0.0313215 0.037306 0.0426291 0.0469794 0.0501192 0.0519007 0.0522735 0.0512833 0.049061 0.0458042 0.0417553 0.0371771 0.0323309 0.0274563 0.0227563 0.0183877 0.0144568 0.0110197 0.00808614 0.0056308 0.00362116 0.00205994 0.0009866 0.000385617 0.000123405 3.31933e-05 7.70337e-06 1.56186e-06 2.74778e-07 4.04934e-08 4.53081e-09 2.75606e-10 0 
0 0.000118246 0.000962535 0.00317709 0.00661182 0.01091 0.0158377 0.0211347 0.0264954 0.0315988 0.0361385 0.0398493 0.0425288 0.0440512 0.0443743 0.0435375 0.0416524 0.0388877 0.0354505 0.0315657 0.0274563 0.0233271 0.0193509 0.0156605 0.012345 0.00945002 0.00698264 0.00492081 0.00323331 0.00190883 0.000966093 0.000403375 0.000137497 3.88834e-05 9.34199e-06 1.93499e-06 3.44302e-07 5.09475e-08 5.6948e-09 3.44829e-10 0 
0 7.77041e-05 0.000671444 0.0023886 0.00522869 0.00883036 0.0129503 0.0173713 0.0218427 0.0260987 0.0298846 0.0329799 0.035216 0.0364886 0.0367629 0.0360722 0.0345101 0.0322181 0.0293695 0.0261531 0.0227563 0.0193509 0.0160819 0.0130607 0.0103638 0.00803528 0.00608386 0.00446974 0.00311845 0.0019843 0.00109216 0.000493833 0.000178528 5.2092e-05 1.263e-05 2.60417e-06 4.57866e-07 6.66956e-08 7.32637e-09 4.35729e-10 0 
0 4.73908e-05 0.000433215 0.00167475 0.0039253 0.00687569 0.0102537 0.0138677 0.0175172 0.0209889 0.0240765 0.0266012 0.028426 0.0294665 0.0296947 0.0291383 0.0278745 0.0260195 0.0237163 0.0211206 0.0183877 0.0156605 0.0130607 0.0106871 0.00862804 0.00697513 0.00576319 0.00482531 0.00383138 0.00265546 0.00152839 0.000710758 0.000260305 7.51894e-05 1.77553e-05 3.54854e-06 6.051e-07 8.56293e-08 9.1553e-09 5.31052e-10 0 
0 2.66802e-05 0.00025597 0.00107699 0.00274946 0.00508976 0.00780634 0.0107048 0.0136229 0.0163943 0.0188577 0.0208717 0.0223282 0.0231604 0.0233466 0.0229096 0.0219118 0.0204471 0.0186315 0.0165921 0.0144568 0.012345 0.0103638 0.00862804 0.00734095 0.00688653 0.00754422 0.0085812 0.00827882 0.00602769 0.00323658 0.00133022 0.000435615 0.000114428 2.48248e-05 4.64486e-06 7.5552e-07 1.03115e-07 1.0694e-08 6.03965e-10 0 
0 1.38048e-05 0.000137393 0.000624696 0.00175585 0.00351112 0.00563874 0.00792233 0.0102133 0.0123823 0.0143069 0.0158794 0.0170169 0.0176684 0.0178178 0.0174835 0.016715 0.0155872 0.0141929 0.0126351 0.0110197 0.00945002 0.00803528 0.00697513 0.00688653 0.00927257 0.015381 0.0224663 0.0240117 0.0177207 0.00895996 0.00318674 0.000856394 0.000186133 3.42571e-05 5.68669e-06 8.62356e-07 1.12934e-07 1.13701e-08 6.26632e-10 0 
0 6.5454e-06 6.66561e-05 0.000322563 0.000996828 0.00219205 0.00377306 0.00552762 0.00729629 0.00896576 0.0104424 0.0116467 0.0125178 0.0130181 0.0131364 0.0128875 0.0123101 0.011463 0.0104196 0.00926397 0.00808614 0.00698264 0.00608386 0.00576319 0.00754422 0.015381 0.0324236 0.053313 0.0607462 0.0421673 0.0208841 0.00702006 0.00166449 0.000302424 4.57158e-05 6.40933e-06 8.80594e-07 1.10097e-07 1.07996e-08 5.83767e-10 0 
0 2.83968e-06 2.9182e-05 0.000147306 0.000493003 0.00119722 0.0022548 0.00352599 0.0048519 0.00611443 0.00723078 0.00813955 0.00879646 0.00917509 0.00926823 0.00908793 0.00866408 0.00804216 0.0072807 0.00644972 0.0056308 0.00492081 0.00446974 0.00482531 0.0085812 0.0224663 0.053313 0.0834459 0.0877964 0.0718373 0.0344059 0.0113227 0.00255468 0.000418428 5.42847e-05 6.42925e-06 7.88646e-07 9.40015e-08 9.0405e-09 4.82784e-10 0 
0 1.12712e-06 1.15447e-05 5.95438e-05 0.000210619 0.000556889 0.00115395 0.00196408 0.00288081 0.00379238 0.00461373 0.00528717 0.00577573 0.00605924 0.00613279 0.00600596 0.00570191 0.00525641 0.0047176 0.00414692 0.00362116 0.00323331 0.00311845 0.00383138 0.00827882 0.0240117 0.0607462 0.0877964 0.0910162 0.0797105 0.0389095 0.0124845 0.00276996 0.000433182 5.14586e-05 5.40668e-06 6.03943e-07 6.93675e-08 6.60652e-09 3.51658e-10 0 
0 4.09598e-07 4.14039e-06 2.14351e-05 7.80812e-05 0.000218824 0.000491155 0.000911262 0.00144478 0.00202328 0.00257487 0.00304274 0.00338927 0.00359395 0.00365078 0.00356638 0.00335891 0.00305764 0.00270333 0.00234905 0.00205994 0.00190883 0.0019843 0.00265546 0.00602769 0.0177207 0.0421673 0.0718373 0.0797105 0.0580181 0.0281334 0.00924609 0.00204564 0.000315224 3.60775e-05 3.59197e-06 3.8512e-07 4.37951e-08 4.18935e-09 2.24485e-10 0 
0 1.36427e-07 1.35122e-06 6.92916e-06 2.54383e-05 7.34397e-05 0.000173532 0.000344124 0.000585844 0.000876289 0.0011777 0.0014501 0.00166113 0.00179017 0.00182888 0.00178023 0.00165744 0.00148294 0.00128731 0.00110791 0.0009866 0.000966093 0.00109216 0.00152839 0.00323658 0.00895996 0.0208841 0.0344059 0.0389095 0.0281334 0.0138952 0.00458033 0.00101975 0.000157755 1.80922e-05 1.82747e-06 2.01595e-07 2.3551e-08 2.29948e-09 1.25282e-10 0 
0 4.16817e-08 4.02557e-07 2.0268e-06 7.38667e-06 2.1481e-05 5.19642e-05 0.000107054 0.000191189 0.000300908 0.000424089 0.000543248 0.000640688 0.000702896 0.000723018 0.000701569 0.000645914 0.000568977 0.000487466 0.000419982 0.000385617 0.000403375 0.000493833 0.000710758 0.00133022 0.00318674 0.00702006 0.0113227 0.0124845 0.00924609 0.00458033 0.00152274 0.000344047 5.43202e-05 6.51052e-06 7.18051e-07 8.72526e-08 1.0818e-08 1.09311e-09 6.10928e-11 0 
0 1.16792e-08 1.09675e-07 5.39268e-07 1.93298e-06 5.58059e-06 1.35467e-05 2.8305e-05 5.17239e-05 8.37495e-05 0.000121587 0.00016002 0.000192813 0.000214533 0.000222037 0.000215213 0.000196898 0.000172165 0.000147294 0.000128874 0.000123405 0.000137497 0.000178528 0.000260305 0.000435615 0.000856394 0.00166449 0.00255468 0.00276996 0.00204564 0.00101975 0.000344047 7.96282e-05 1.31912e-05 1.75609e-06 2.28488e-07 3.19898e-08 4.27691e-09 4.51074e-10 2.60414e-11 0 
0 2.99518e-09 2.73096e-08 1.30763e-07 4.58624e-07 1.30362e-06 3.13779e-06 6.54823e-06 1.20295e-05 1.96775e-05 2.89391e-05 3.8595e-05 4.70431e-05 5.27798e-05 5.4875e-05 5.32543e-05 4.87079e-05 4.2666e-05 3.68733e-05 3.31267e-05 3.31933e-05 3.88834e-05 5.2092e-05 7.51894e-05 0.000114428 0.000186133 0.000302424 0.000418428 0.000433182 0.000315224 0.000157755 5.43202e-05 1.31912e-05 2.4268e-06 3.89689e-07 6.29629e-08 1.01824e-08 1.46551e-09 1.61909e-10 9.70356e-12 0 
0 6.99366e-10 6.18903e-09 2.88241e-08 9.8673e-08 2.74976e-07 6.52162e-07 1.348e-06 2.46461e-06 4.02865e-06 5.93782e-06 7.94946e-06 9.73121e-06 1.09606e-05 1.14321e-05 1.11269e-05 1.02193e-05 9.02791e-06 7.94277e-06 7.3683e-06 7.70337e-06 9.34199e-06 1.263e-05 1.77553e-05 2.48248e-05 3.42571e-05 4.57158e-05 5.42847e-05 5.14586e-05 3.60775e-05 1.80922e-05 6.51052e-06 1.75609e-06 3.89689e-07 7.96753e-08 1.57001e-08 2.84202e-09 4.36196e-10 5.05311e-11 3.15403e-12 0 
0 1.47084e-10 1.26374e-09 5.72419e-09 1.91102e-08 5.21164e-08 1.21434e-07 2.47588e-07 4.48257e-07 7.28083e-07 1.06938e-06 1.42981e-06 1.75072e-06 1.97462e-06 2.06459e-06 2.01745e-06 1.8657e-06 1.66902e-06 1.50138e-06 1.44037e-06 1.56186e-06 1.93499e-06 2.60417e-06 3.54854e-06 4.64486e-06 5.68669e-06 6.40933e-06 6.42925e-06 5.40668e-06 3.59197e-06 1.82747e-06 7.18051e-07 2.28488e-07 6.29629e-08 1.57001e-08 3.52879e-09 6.91343e-10 1.12244e-10 1.36347e-11 8.8792e-13 0 
0 2.72741e-11 2.27709e-10 1.00375e-09 3.26861e-09 8.71974e-09 1.99391e-08 4.00314e-08 7.16053e-08 1.15265e-07 1.68249e-07 2.24102e-07 2.73927e-07 3.09007e-07 3.23773e-07 3.1786e-07 2.96487e-07 2.69249e-07 2.48178e-07 2.45986e-07 2.74778e-07 3.44302e-07 4.57866e-07 6.051e-07 7.5552e-07 8.62356e-07 8.80594e-07 7.88646e-07 6.03943e-07 3.8512e-07 2.01595e-07 8.72526e-08 3.19898e-08 1.01824e-08 2.84202e-09 6.91343e-10 1.43818e-10 2.45848e-11 3.12965e-12 2.12768e-13 0 
0 4.26824e-12 3.46675e-11 1.48872e-10 4.73229e-10 1.23543e-09 2.77233e-09 5.47835e-09 9.67369e-09 1.54163e-08 2.23376e-08 2.96074e-08 3.60958e-08 4.07038e-08 4.27383e-08 4.21776e-08 3.97281e-08 3.66826e-08 3.46733e-08 3.54213e-08 4.04934e-08 5.09475e-08 6.66956e-08 8.56293e-08 1.03115e-07 1.12934e-07 1.10097e-07 9.40015e-08 6.93675e-08 4.37951e-08 2.3551e-08 1.0818e-08 4.27691e-09 1.46551e-09 4.36196e-10 1.12244e-10 2.45848e-11 4.41127e-12 5.87766e-13 4.17e-14 0 
0 5.0844e-13 4.02298e-12 1.68519e-11 5.23501e-11 1.33858e-10 2.94947e-10 5.73813e-10 1.00024e-09 1.57773e-09 2.26849e-09 2.99093e-09 3.63579e-09 4.09796e-09 4.31249e-09 4.28046e-09 4.07529e-09 3.82978e-09 3.71171e-09 3.89567e-09 4.53081e-09 5.6948e-09 7.32637e-09 9.1553e-09 1.0694e-08 1.13701e-08 1.07996e-08 9.0405e-09 6.60652e-09 4.18935e-09 2.29948e-09 1.09311e-09 4.51074e-10 1.61909e-10 5.05311e-11 1.36347e-11 3.12965e-12 5.87766e-13 8.18206e-14 6.05126e-15 0 
0 3.29166e-14 2.54091e-13 1.03974e-12 3.1606e-12 7.92435e-12 1.71599e-11 3.28884e-11 5.66171e-11 8.8413e-11 1.26155e-10 1.65458e-10 2.00551e-10 2.25956e-10 2.38385e-10 2.38106e-10 2.29313e-10 2.19458e-10 2.17896e-10 2.34125e-10 2.75606e-10 3.44829e-10 4.35729e-10 5.31052e-10 6.03965e-10 6.26632e-10 5.83767e-10 4.82784e-10 3.51658e-10 2.24485e-10 1.25282e-10 6.10928e-11 2.60414e-11 9.70356e-12 3.15403e-12 8.8792e-13 2.12768e-13 4.17e-14 6.05126e-15 4.65799e-16 0 
0 0 0 0 0 0 0 0 0 0 0 0 0 0 0 0 0 0 0 0 0 0 0 0 0 0 0 0 0 0 0 0 0 0 0 0 0 0 0 0 0 
