0 0 0 0 0 0 0 0 0 0 0 0 0 0 0 0 0 0 0 0 0 0 0 0 0 0 0 0 0 0 0 0 0 0 0 0 0 0 0 0 0 
0 3.51586e-10 3.32041e-09 1.64462e-08 5.9607e-08 1.74891e-07 4.33882e-07 9.31392e-07 1.75546e-06 2.93665e-06 4.39969e-06 5.94999e-06 7.31316e-06 8.2162e-06 8.47542e-06 8.05311e-06 7.06218e-06 5.7212e-06 4.28214e-06 2.95998e-06 1.88847e-06 1.11149e-06 6.03389e-07 3.02204e-07 1.39752e-07 5.97456e-08 2.36506e-08 8.68434e-09 2.96318e-09 9.40936e-10 2.78336e-10 7.67062e-11 1.96696e-11 4.67751e-12 1.02471e-12 2.04284e-13 3.62293e-14 5.46387e-15 6.3129e-16 3.98561e-17 0 
0 3.32041e-09 3.26306e-08 1.67973e-07 6.30719e-07 1.90782e-06 4.84894e-06 1.05887e-05 2.01591e-05 3.38541e-05 5.06835e-05 6.83143e-05 8.36304e-05 9.36673e-05 9.65061e-05 9.17891e-05 8.07276e-05 6.56581e-05 4.93316e-05 3.41807e-05 2.17996e-05 1.27784e-05 6.87913e-06 3.40156e-06 1.54653e-06 6.47661e-07 2.50396e-07 8.95952e-08 2.97428e-08 9.18005e-09 2.63837e-09 7.06473e-10 1.76092e-10 4.07325e-11 8.68784e-12 1.6881e-12 2.92138e-13 4.30455e-14 4.86519e-15 3.00852e-16 0 
0 1.64462e-08 1.67973e-07 8.96916e-07 3.47711e-06 1.07803e-05 2.782e-05 6.10348e-05 0.000115568 0.000191508 0.00028168 0.000372833 0.000449536 0.000498584 0.000512138 0.000489053 0.00043459 0.000358883 0.000274519 0.000193667 0.00012544 7.43138e-05 4.01745e-05 1.981e-05 8.92176e-06 3.67962e-06 1.39457e-06 4.8749e-07 1.5773e-07 4.73808e-08 1.32439e-08 3.44861e-09 8.36184e-10 1.88285e-10 3.91295e-11 7.41636e-12 1.25346e-12 1.80608e-13 1.99875e-14 1.21178e-15 0 
0 5.9607e-08 6.30719e-07 3.47711e-06 1.38151e-05 4.33981e-05 0.000111816 0.000241096 0.000442702 0.000705828 0.000997645 0.00127479 0.00149659 0.00163349 0.0016702 0.00160578 0.00145215 0.00123186 0.000974928 0.000714446 0.000480623 0.000294395 0.000163206 8.16745e-05 3.69335e-05 1.51498e-05 5.66743e-06 1.94474e-06 6.15388e-07 1.80377e-07 4.91362e-08 1.24637e-08 2.94429e-09 6.46269e-10 1.31038e-10 2.42573e-11 4.00908e-12 5.656e-13 6.13679e-14 3.65247e-15 0 
0 1.74891e-07 1.90782e-06 1.07803e-05 4.33981e-05 0.000135738 0.000340884 0.000702393 0.00121761 0.00182939 0.00245304 0.00300754 0.00343122 0.00368506 0.00375139 0.00363165 0.00334394 0.00292057 0.00240552 0.0018517 0.00131633 0.000852534 0.0004968 0.000258327 0.000119622 4.95291e-05 1.84803e-05 6.26965e-06 1.95006e-06 5.59802e-07 1.49051e-07 3.69199e-08 8.51543e-09 1.82562e-09 3.6181e-10 6.55303e-11 1.06086e-11 1.46783e-12 1.56396e-13 9.15299e-15 0 
0 4.33882e-07 4.84894e-06 2.782e-05 0.000111816 0.000340884 0.000813517 0.0015662 0.00253047 0.00357659 0.00457642 0.0054299 0.00606666 0.00644304 0.0065401 0.00636196 0.00593319 0.00529521 0.00450245 0.00361918 0.00271769 0.00187579 0.00116788 0.000644772 0.000312541 0.00013306 5.01984e-05 1.6997e-05 5.23006e-06 1.47734e-06 3.85871e-07 9.36204e-08 2.11391e-08 4.43727e-09 8.61506e-10 1.52991e-10 2.43105e-11 3.30555e-12 3.46564e-13 1.99846e-14 0 
0 9.31392e-07 1.05887e-05 6.10348e-05 0.000241096 0.000702393 0.0015662 0.0028014 0.00424851 0.00573007 0.00710256 0.00825671 0.00911195 0.00961595 0.00974578 0.00950759 0.00893368 0.00807753 0.00700737 0.00580013 0.00453747 0.00330559 0.00219651 0.00129938 0.000670212 0.000298689 0.000115661 3.95146e-05 1.21199e-05 3.38688e-06 8.71421e-07 2.07808e-07 4.60768e-08 9.49638e-09 1.811e-09 3.16135e-10 4.94286e-11 6.6209e-12 6.84722e-13 3.90034e-14 0 
0 1.75546e-06 2.01591e-05 0.000115568 0.000442702 0.00121761 0.00253047 0.00424851 0.00615164 0.00804885 0.00978835 0.0112462 0.0123256 0.0129623 0.0131275 0.0128291 0.0121077 0.0110304 0.00968229 0.0081574 0.00655097 0.00495615 0.0034671 0.0021847 0.0012042 0.000568281 0.000228826 7.97341e-05 2.45697e-05 6.83106e-06 1.73899e-06 4.09124e-07 8.93782e-08 1.81432e-08 3.40876e-09 5.86631e-10 9.05132e-11 1.19791e-11 1.22578e-12 6.91993e-14 0 
0 2.93665e-06 3.38541e-05 0.000191508 0.000705828 0.00182939 0.00357659 0.00573007 0.00804885 0.0103381 0.0124318 0.0141863 0.0154865 0.0162551 0.0164574 0.0161023 0.0152387 0.0139471 0.0123299 0.0104996 0.00856846 0.00664117 0.00481449 0.00318632 0.00186349 0.000932905 0.000393563 0.000141054 4.39734e-05 1.22296e-05 3.09384e-06 7.20845e-07 1.55712e-07 3.12393e-08 5.80201e-09 9.87757e-10 1.50929e-10 1.98095e-11 2.01377e-12 1.13173e-13 0 
0 4.39969e-06 5.06835e-05 0.00028168 0.000997645 0.00245304 0.00457642 0.00710256 0.00978835 0.0124318 0.0148491 0.0168761 0.0183804 0.0192724 0.0195115 0.0191077 0.0181168 0.0166316 0.0147702 0.0126624 0.0104375 0.008214 0.00609524 0.00417597 0.0025586 0.00135007 0.000597042 0.000221051 7.00676e-05 1.95813e-05 4.94272e-06 1.14487e-06 2.45459e-07 4.88563e-08 9.00563e-09 1.52303e-09 2.31513e-10 3.02865e-11 3.07602e-12 1.73207e-13 0 
0 5.94999e-06 6.83143e-05 0.000372833 0.00127479 0.00300754 0.0054299 0.00825671 0.0112462 0.0141863 0.0168761 0.0191339 0.0208125 0.0218115 0.0220853 0.0216444 0.02055 0.0189052 0.0168409 0.0145015 0.0120308 0.00956022 0.00720142 0.00504939 0.0031992 0.00176026 0.000811706 0.000310369 0.000100261 2.82471e-05 7.14017e-06 1.65056e-06 3.527e-07 6.99633e-08 1.2863e-08 2.17308e-09 3.307e-10 4.34345e-11 4.44438e-12 2.53142e-13 0 
0 7.31316e-06 8.36304e-05 0.000449536 0.00149659 0.00343122 0.00606666 0.00911195 0.0123256 0.0154865 0.0183804 0.0208125 0.0226241 0.023707 0.0240116 0.0235479 0.0223813 0.0206217 0.0184093 0.0158994 0.0132467 0.0105923 0.00805542 0.00573318 0.00371544 0.00210729 0.00100451 0.000395059 0.000130027 3.70059e-05 9.39878e-06 2.1776e-06 4.66126e-07 9.26963e-08 1.71164e-08 2.91211e-09 4.47891e-10 5.97105e-11 6.23164e-12 3.63818e-13 0 
0 8.2162e-06 9.36673e-05 0.000498584 0.00163349 0.00368506 0.00644304 0.00961595 0.0129623 0.0162551 0.0192724 0.0218115 0.023707 0.0248458 0.0251752 0.0247048 0.0235017 0.0216794 0.0193834 0.016775 0.0140151 0.0112511 0.00860694 0.00618191 0.00406311 0.00235078 0.00114718 0.000461194 0.00015436 4.44425e-05 1.13843e-05 2.65827e-06 5.74064e-07 1.15456e-07 2.1639e-08 3.75421e-09 5.91974e-10 8.13666e-11 8.80059e-12 5.34565e-13 0 
0 8.47542e-06 9.65061e-05 0.000512138 0.0016702 0.00375139 0.0065401 0.00974578 0.0131275 0.0164574 0.0195115 0.0220853 0.0240116 0.0251752 0.0255221 0.0250612 0.023859 0.0220294 0.0197184 0.0170885 0.0143022 0.0115084 0.00883289 0.00637551 0.00422223 0.00247026 0.00122298 0.000499405 0.00016965 4.95294e-05 1.28701e-05 3.0549e-06 6.7314e-07 1.38846e-07 2.68532e-08 4.83895e-09 7.97288e-10 1.15011e-10 1.30788e-11 8.34178e-13 0 
0 8.05311e-06 9.17891e-05 0.000489053 0.00160578 0.00363165 0.00636196 0.00950759 0.0128291 0.0161023 0.0191077 0.0216444 0.0235479 0.0247048 0.0250612 0.0246247 0.0234597 0.0216767 0.0194185 0.0168436 0.0141113 0.0113679 0.00873692 0.00631738 0.00419464 0.00246482 0.0012293 0.000507684 0.000175144 5.21543e-05 1.38935e-05 3.40239e-06 7.79301e-07 1.68432e-07 3.43838e-08 6.57371e-09 1.15109e-09 1.76054e-10 2.10986e-11 1.40592e-12 0 
0 7.06218e-06 8.07276e-05 0.00043459 0.00145215 0.00334394 0.00593319 0.00893368 0.0121077 0.0152387 0.0181168 0.02055 0.0223813 0.0235017 0.023859 0.0234597 0.0223641 0.0206768 0.0185332 0.0160838 0.0134803 0.010862 0.00834728 0.00603209 0.00400147 0.00235125 0.00117734 0.000492018 0.000173543 5.34213e-05 1.4877e-05 3.85115e-06 9.41748e-07 2.18811e-07 4.81176e-08 9.87464e-09 1.84037e-09 2.96126e-10 3.68621e-11 2.52042e-12 0 
0 5.7212e-06 6.56581e-05 0.000358883 0.00123186 0.00292057 0.00529521 0.00807753 0.0110304 0.0139471 0.0166316 0.0189052 0.0206217 0.0216794 0.0220294 0.0216767 0.0206768 0.019126 0.017149 0.0148854 0.0124752 0.0100475 0.00771276 0.00556231 0.00368044 0.00216131 0.00108982 0.000465312 0.000170818 5.57654e-05 1.67411e-05 4.72579e-06 1.26561e-06 3.20764e-07 7.60913e-08 1.6587e-08 3.22969e-09 5.34615e-10 6.75751e-11 4.64346e-12 0 
0 4.28214e-06 4.93316e-05 0.000274519 0.000974928 0.00240552 0.00450245 0.00700737 0.00968229 0.0123299 0.0147702 0.0168409 0.0184093 0.0193834 0.0197184 0.0194185 0.0185332 0.017149 0.0153786 0.0133474 0.0111817 0.00899813 0.0068972 0.00496461 0.00328237 0.00193793 0.000997515 0.000445487 0.00017586 6.31822e-05 2.11394e-05 6.64642e-06 1.95785e-06 5.35092e-07 1.33923e-07 3.01888e-08 5.97878e-09 9.93957e-10 1.25024e-10 8.49469e-12 0 
0 2.95998e-06 3.41807e-05 0.000193667 0.000714446 0.0018517 0.00361918 0.00580013 0.0081574 0.0104996 0.0126624 0.0145015 0.0158994 0.016775 0.0170885 0.0168436 0.0160838 0.0148854 0.0133474 0.0115804 0.00969585 0.00779676 0.00597326 0.0043045 0.00286616 0.00172976 0.000934999 0.000454037 0.000200953 8.21179e-05 3.10592e-05 1.08019e-05 3.42155e-06 9.78442e-07 2.50518e-07 5.68019e-08 1.11814e-08 1.83297e-09 2.26198e-10 1.50334e-11 0 
0 1.88847e-06 2.17996e-05 0.00012544 0.000480623 0.00131633 0.00271769 0.00453747 0.00655097 0.00856846 0.0104375 0.0120308 0.0132467 0.0140151 0.0143022 0.0141113 0.0134803 0.0124752 0.0111817 0.00969585 0.00811442 0.00652776 0.00501609 0.00365005 0.00249129 0.00158402 0.000937022 0.000516447 0.00026418 0.000123765 5.21734e-05 1.9514e-05 6.43137e-06 1.86503e-06 4.75623e-07 1.06171e-07 2.04311e-08 3.26142e-09 3.91207e-10 2.52604e-11 0 
0 1.11149e-06 1.27784e-05 7.43138e-05 0.000294395 0.000852534 0.00187579 0.00330559 0.00495615 0.00664117 0.008214 0.00956022 0.0105923 0.0112511 0.0115084 0.0113679 0.010862 0.0100475 0.00899813 0.00779676 0.00652776 0.00527087 0.00409678 0.0030631 0.00220751 0.00153901 0.00103694 0.000665669 0.000395306 0.000209371 9.59192e-05 3.74281e-05 1.24468e-05 3.56193e-06 8.85296e-07 1.91417e-07 3.55863e-08 5.48507e-09 6.35741e-10 3.97232e-11 0 
0 6.03389e-07 6.87913e-06 4.01745e-05 0.000163206 0.0004968 0.00116788 0.00219651 0.0034671 0.00481449 0.00609524 0.00720142 0.00805542 0.00860694 0.00883289 0.00873692 0.00834728 0.00771276 0.0068972 0.00597326 0.00501609 0.00409678 0.00327474 0.00258809 0.0020447 0.00162091 0.00127352 0.000960108 0.000660757 0.000392225 0.000191884 7.59253e-05 2.45751e-05 6.70064e-06 1.58053e-06 3.25552e-07 5.79119e-08 8.57068e-09 9.56722e-10 5.77454e-11 0 
0 3.02204e-07 3.40156e-06 1.981e-05 8.16745e-05 0.000258327 0.000644772 0.00129938 0.0021847 0.00318632 0.00417597 0.00504939 0.00573318 0.00618191 0.00637551 0.00631738 0.00603209 0.00556231 0.00496461 0.0043045 0.00365005 0.0030631 0.00258809 0.00224169 0.00201117 0.00186649 0.00176604 0.00162665 0.00133603 0.000892779 0.000457776 0.000176828 5.2619e-05 1.27899e-05 2.7094e-06 5.15157e-07 8.65582e-08 1.22481e-08 1.31546e-09 7.67226e-11 0 
0 1.39752e-07 1.54653e-06 8.92176e-06 3.69335e-05 0.000119622 0.000312541 0.000670212 0.0012042 0.00186349 0.0025586 0.0031992 0.00371544 0.00406311 0.00422223 0.00419464 0.00400147 0.00368044 0.00328237 0.00286616 0.00249129 0.00220751 0.0020447 0.00201117 0.00212125 0.00245721 0.00310347 0.00375883 0.00369217 0.00266651 0.00136839 0.000497898 0.000131075 2.65735e-05 4.63101e-06 7.60535e-07 1.17347e-07 1.57773e-08 1.63159e-09 9.21739e-11 0 
0 5.97456e-08 6.47661e-07 3.67962e-06 1.51498e-05 4.95291e-05 0.00013306 0.000298689 0.000568281 0.000932905 0.00135007 0.00176026 0.00210729 0.00235078 0.00247026 0.00246482 0.00235125 0.00216131 0.00193793 0.00172976 0.00158402 0.00153901 0.00162091 0.00186649 0.00245721 0.0039807 0.00702403 0.0104077 0.0111555 0.00822643 0.00412873 0.00141954 0.000339527 5.86452e-05 8.12418e-06 1.06593e-06 1.43488e-07 1.80911e-08 1.80401e-09 9.91417e-11 0 
0 2.36506e-08 2.50396e-07 1.39457e-06 5.66743e-06 1.84803e-05 5.01984e-05 0.000115661 0.000228826 0.000393563 0.000597042 0.000811706 0.00100451 0.00114718 0.00122298 0.0012293 0.00117734 0.00108982 0.000997515 0.000934999 0.000937022 0.00103694 0.00127352 0.00176604 0.00310347 0.00702403 0.0150781 0.0241058 0.0265042 0.0196207 0.00973217 0.00324654 0.00073668 0.000115992 1.35746e-05 1.40843e-06 1.57525e-07 1.82703e-08 1.7596e-09 9.46339e-11 0 
0 8.68434e-09 8.95952e-08 4.8749e-07 1.94474e-06 6.26965e-06 1.6997e-05 3.95146e-05 7.97341e-05 0.000141054 0.000221051 0.000310369 0.000395059 0.000461194 0.000499405 0.000507684 0.000492018 0.000465312 0.000445487 0.000454037 0.000516447 0.000665669 0.000960108 0.00162665 0.00375883 0.0104077 0.0241058 0.0394473 0.0436807 0.0323649 0.0159901 0.00527167 0.00116739 0.000175669 1.87316e-05 1.63793e-06 1.52205e-07 1.60711e-08 1.50064e-09 7.95828e-11 0 
0 2.96318e-09 2.97428e-08 1.5773e-07 6.15388e-07 1.95006e-06 5.23006e-06 1.21199e-05 2.45697e-05 4.39734e-05 7.00676e-05 0.000100261 0.000130027 0.00015436 0.00016965 0.000175144 0.000173543 0.000170818 0.00017586 0.000200953 0.00026418 0.000395306 0.000660757 0.00133603 0.00369217 0.0111555 0.0265042 0.0436807 0.0484696 0.0359218 0.0177252 0.00582007 0.00127589 0.00018801 1.91664e-05 1.52308e-06 1.241e-07 1.21404e-08 1.11094e-09 5.86426e-11 0 
0 9.40936e-10 9.18005e-09 4.73808e-08 1.80377e-07 5.59802e-07 1.47734e-06 3.38688e-06 6.83106e-06 1.22296e-05 1.95813e-05 2.82471e-05 3.70059e-05 4.44425e-05 4.95294e-05 5.21543e-05 5.34213e-05 5.57654e-05 6.31822e-05 8.21179e-05 0.000123765 0.000209371 0.000392225 0.000892779 0.00266651 0.00822643 0.0196207 0.0323649 0.0359218 0.0266228 0.0131341 0.00430895 0.000941448 0.000137541 1.37774e-05 1.05546e-06 8.15861e-08 7.76379e-09 7.10348e-10 3.77351e-11 0 
0 2.78336e-10 2.63837e-09 1.32439e-08 4.91362e-08 1.49051e-07 3.85871e-07 8.71421e-07 1.73899e-06 3.09384e-06 4.94272e-06 7.14017e-06 9.39878e-06 1.13843e-05 1.28701e-05 1.38935e-05 1.4877e-05 1.67411e-05 2.11394e-05 3.10592e-05 5.21734e-05 9.59192e-05 0.000191884 0.000457776 0.00136839 0.00412873 0.00973217 0.0159901 0.0177252 0.0131341 0.00648288 0.00212892 0.000465171 6.78977e-05 6.81468e-06 5.28812e-07 4.22638e-08 4.17519e-09 3.91617e-10 2.11742e-11 0 
0 7.67062e-11 7.06473e-10 3.44861e-09 1.24637e-08 3.69199e-08 9.36204e-08 2.07808e-07 4.09124e-07 7.20845e-07 1.14487e-06 1.65056e-06 2.1776e-06 2.65827e-06 3.0549e-06 3.40239e-06 3.85115e-06 4.72579e-06 6.64642e-06 1.08019e-05 1.9514e-05 3.74281e-05 7.59253e-05 0.000176828 0.000497898 0.00141954 0.00324654 0.00527167 0.00582007 0.00430895 0.00212892 0.000700473 0.00015345 2.25632e-05 2.32088e-06 1.93148e-07 1.74709e-08 1.89983e-09 1.86484e-10 1.03633e-11 0 
0 1.96696e-11 1.76092e-10 8.36184e-10 2.94429e-09 8.51543e-09 2.11391e-08 4.60768e-08 8.93782e-08 1.55712e-07 2.45459e-07 3.527e-07 4.66126e-07 5.74064e-07 6.7314e-07 7.79301e-07 9.41748e-07 1.26561e-06 1.95785e-06 3.42155e-06 6.43137e-06 1.24468e-05 2.45751e-05 5.2619e-05 0.000131075 0.000339527 0.00073668 0.00116739 0.00127589 0.000941448 0.000465171 0.00015345 3.38791e-05 5.09672e-06 5.5914e-07 5.4203e-08 6.02298e-09 7.42269e-10 7.69922e-11 4.42843e-12 0 
0 4.67751e-12 4.07325e-11 1.88285e-10 6.46269e-10 1.82562e-09 4.43727e-09 9.49638e-09 1.81432e-08 3.12393e-08 4.88563e-08 6.99633e-08 9.26963e-08 1.15456e-07 1.38846e-07 1.68432e-07 2.18811e-07 3.20764e-07 5.35092e-07 9.78442e-07 1.86503e-06 3.56193e-06 6.70064e-06 1.27899e-05 2.65735e-05 5.86452e-05 0.000115992 0.000175669 0.00018801 0.000137541 6.78977e-05 2.25632e-05 5.09672e-06 8.13852e-07 1.03084e-07 1.29108e-08 1.8207e-09 2.52167e-10 2.76436e-11 1.65292e-12 0 
0 1.02471e-12 8.68784e-12 3.91295e-11 1.31038e-10 3.6181e-10 8.61506e-10 1.811e-09 3.40876e-09 5.80201e-09 9.00563e-09 1.2863e-08 1.71164e-08 2.1639e-08 2.68532e-08 3.43838e-08 4.81176e-08 7.60913e-08 1.33923e-07 2.50518e-07 4.75623e-07 8.85296e-07 1.58053e-06 2.7094e-06 4.63101e-06 8.12418e-06 1.35746e-05 1.87316e-05 1.91664e-05 1.37774e-05 6.81468e-06 2.32088e-06 5.5914e-07 1.03084e-07 1.69751e-08 2.88493e-09 4.93711e-10 7.47399e-11 8.63033e-12 5.37877e-13 0 
0 2.04284e-13 1.6881e-12 7.41636e-12 2.42573e-11 6.55303e-11 1.52991e-10 3.16135e-10 5.86631e-10 9.87757e-10 1.52303e-09 2.17308e-09 2.91211e-09 3.75421e-09 4.83895e-09 6.57371e-09 9.87464e-09 1.6587e-08 3.01888e-08 5.68019e-08 1.06171e-07 1.91417e-07 3.25552e-07 5.15157e-07 7.60535e-07 1.06593e-06 1.40843e-06 1.63793e-06 1.52308e-06 1.05546e-06 5.28812e-07 1.93148e-07 5.4203e-08 1.29108e-08 2.88493e-09 6.15915e-10 1.18756e-10 1.92033e-11 2.32935e-12 1.51534e-13 0 
0 3.62293e-14 2.92138e-13 1.25346e-12 4.00908e-12 1.06086e-11 2.43105e-11 4.94286e-11 9.05132e-11 1.50929e-10 2.31513e-10 3.307e-10 4.47891e-10 5.91974e-10 7.97288e-10 1.15109e-09 1.84037e-09 3.22969e-09 5.97878e-09 1.11814e-08 2.04311e-08 3.55863e-08 5.79119e-08 8.65582e-08 1.17347e-07 1.43488e-07 1.57525e-07 1.52205e-07 1.241e-07 8.15861e-08 4.22638e-08 1.74709e-08 6.02298e-09 1.8207e-09 4.93711e-10 1.18756e-10 2.46205e-11 4.20381e-12 5.34737e-13 3.63265e-14 0 
0 5.46387e-15 4.30455e-14 1.80608e-13 5.656e-13 1.46783e-12 3.30555e-12 6.6209e-12 1.19791e-11 1.98095e-11 3.02865e-11 4.34345e-11 5.97105e-11 8.13666e-11 1.15011e-10 1.76054e-10 2.96126e-10 5.34615e-10 9.93957e-10 1.83297e-09 3.26142e-09 5.48507e-09 8.57068e-09 1.22481e-08 1.57773e-08 1.80911e-08 1.82703e-08 1.60711e-08 1.21404e-08 7.76379e-09 4.17519e-09 1.89983e-09 7.42269e-10 2.52167e-10 7.47399e-11 1.92033e-11 4.20381e-12 7.5401e-13 1.00422e-13 7.12085e-15 0 
0 6.3129e-16 4.86519e-15 1.99875e-14 6.13679e-14 1.56396e-13 3.46564e-13 6.84722e-13 1.22578e-12 2.01377e-12 3.07602e-12 4.44438e-12 6.23164e-12 8.80059e-12 1.30788e-11 2.10986e-11 3.68621e-11 6.75751e-11 1.25024e-10 2.26198e-10 3.91207e-10 6.35741e-10 9.56722e-10 1.31546e-09 1.63159e-09 1.80401e-09 1.7596e-09 1.50064e-09 1.11094e-09 7.10348e-10 3.91617e-10 1.86484e-10 7.69922e-11 2.76436e-11 8.63033e-12 2.32935e-12 5.34737e-13 1.00422e-13 1.39765e-14 1.03333e-15 0 
0 3.98561e-17 3.00852e-16 1.21178e-15 3.65247e-15 9.15299e-15 1.99846e-14 3.90034e-14 6.91993e-14 1.13173e-13 1.73207e-13 2.53142e-13 3.63818e-13 5.34565e-13 8.34178e-13 1.40592e-12 2.52042e-12 4.64346e-12 8.49469e-12 1.50334e-11 2.52604e-11 3.97232e-11 5.77454e-11 7.67226e-11 9.21739e-11 9.91417e-11 9.46339e-11 7.95828e-11 5.86426e-11 3.77351e-11 2.11742e-11 1.03633e-11 4.42843e-12 1.65292e-12 5.37877e-13 1.51534e-13 3.63265e-14 7.12085e-15 1.03333e-15 7.95289e-17 0 
0 0 0 0 0 0 0 0 0 0 0 0 0 0 0 0 0 0 0 0 0 0 0 0 0 0 0 0 0 0 0 0 0 0 0 0 0 0 0 0 0 
