0 0 0 0 0 0 0 0 0 0 0 0 0 0 0 0 0 0 0 0 0 0 0 0 0 0 0 0 0 0 0 0 0 0 0 0 0 0 0 0 0 
0 2.08744e-07 1.88515e-06 8.53084e-06 2.6844e-05 6.52432e-05 0.00012959 0.000219235 0.000326659 0.000440293 0.000547936 0.000639102 0.000706089 0.000744248 0.000751843 0.000729762 0.000681144 0.000610969 0.000525592 0.000432204 0.00033819 0.000250382 0.000174243 0.000113167 6.81061e-05 3.77302e-05 1.91383e-05 8.85573e-06 3.73115e-06 1.43092e-06 4.99832e-07 1.59158e-07 4.62058e-08 1.22114e-08 2.92429e-09 6.2809e-10 1.18516e-10 1.88156e-11 2.26798e-12 1.48264e-13 0 
0 1.88515e-06 1.754e-05 7.9609e-05 0.00024242 0.000551524 0.00100492 0.00155333 0.00213221 0.00268601 0.00317395 0.00356744 0.0038475 0.00400348 0.00403267 0.00393975 0.00373588 0.00343734 0.00306408 0.00263842 0.00218423 0.00172656 0.00129126 0.00090347 0.000584041 0.000344552 0.000183603 8.77885e-05 3.75784e-05 1.44221e-05 4.98132e-06 1.55499e-06 4.40116e-07 1.13036e-07 2.62667e-08 5.4728e-09 1.00227e-09 1.54592e-10 1.81282e-11 1.15467e-12 0 
0 8.53084e-06 7.9609e-05 0.000346065 0.000960633 0.00193943 0.00315125 0.0044497 0.00573336 0.00692979 0.00797781 0.00882449 0.00942883 0.00976553 0.00982699 0.00962306 0.0091791 0.00853242 0.00772797 0.00681354 0.00583548 0.00483561 0.00385066 0.00291504 0.00206565 0.00134364 0.000785718 0.000405905 0.000183486 7.25668e-05 2.52837e-05 7.83666e-06 2.1795e-06 5.46692e-07 1.23681e-07 2.50588e-08 4.4627e-09 6.69878e-10 7.65403e-11 4.75718e-12 0 
0 2.6844e-05 0.00024242 0.000960633 0.00234245 0.00420408 0.00630891 0.00851453 0.01071 0.0127794 0.0146072 0.0160912 0.0171533 0.0177454 0.0178527 0.0174923 0.0167097 0.0155726 0.0141631 0.0125698 0.0108795 0.00917005 0.00750488 0.00592981 0.00447596 0.00317092 0.00205461 0.00118095 0.00058622 0.000248011 8.97288e-05 2.81599e-05 7.79162e-06 1.92377e-06 4.25947e-07 8.42375e-08 1.46314e-08 2.14269e-09 2.39071e-10 1.4528e-11 0 
0 6.52432e-05 0.000551524 0.00193943 0.00420408 0.0070097 0.0101548 0.0134912 0.0168425 0.0200158 0.0228244 0.025107 0.0267414 0.0276525 0.0278172 0.0272616 0.0260563 0.0243061 0.0221384 0.0196911 0.0171007 0.0144914 0.0119675 0.00960665 0.007457 0.00553879 0.00385953 0.00244388 0.00135069 0.000629195 0.000243686 7.92966e-05 2.21774e-05 5.44445e-06 1.18763e-06 2.30343e-07 3.91645e-08 5.61247e-09 6.13108e-10 3.6514e-11 0 
0 0.00012959 0.00100492 0.00315125 0.00630891 0.0101548 0.0145126 0.0191673 0.0238554 0.0282989 0.0322337 0.0354324 0.0377228 0.0389998 0.0392303 0.0384515 0.0367619 0.0343089 0.0312717 0.0278441 0.0242182 0.0205698 0.017048 0.0137673 0.0108037 0.00819266 0.00593264 0.0040059 0.0024234 0.00124967 0.000528736 0.000182399 5.24437e-05 1.2946e-05 2.80285e-06 5.3593e-07 8.95606e-08 1.26015e-08 1.3517e-09 7.90976e-11 0 
0 0.000219235 0.00155333 0.0044497 0.00851453 0.0134912 0.0191673 0.0252433 0.0313673 0.0371736 0.0423159 0.0464975 0.0494949 0.0511695 0.0514724 0.0504503 0.0482374 0.0450295 0.04106 0.0365814 0.0318448 0.0270808 0.0224852 0.0182101 0.0143595 0.0109881 0.00810267 0.00566925 0.00364657 0.00204843 0.00094953 0.000352161 0.000105621 2.65013e-05 5.73664e-06 1.08708e-06 1.79284e-07 2.48531e-08 2.62551e-09 1.51364e-10 0 
0 0.000326659 0.00213221 0.00573336 0.01071 0.0168425 0.0238554 0.0313673 0.0389403 0.0461213 0.0524865 0.0576914 0.0614849 0.0636555 0.0640549 0.0627195 0.0598853 0.0558605 0.0509342 0.0453933 0.0395363 0.0336465 0.0279668 0.0226861 0.0179351 0.0137861 0.010256 0.00730998 0.00487872 0.00291533 0.00146335 0.000585002 0.000184663 4.74972e-05 1.03456e-05 1.95224e-06 3.18976e-07 4.37089e-08 4.56097e-09 2.59745e-10 0 
0 0.000440293 0.00268601 0.00692979 0.0127794 0.0200158 0.0282989 0.0371736 0.0461213 0.0546133 0.0622001 0.068581 0.0734036 0.0761824 0.0766957 0.0750005 0.0713617 0.0663065 0.0603393 0.053757 0.0468333 0.0398754 0.0331666 0.026931 0.0213237 0.0164326 0.0122826 0.008841 0.00602723 0.00375166 0.00200288 0.0008569 0.000285225 7.55691e-05 1.66391e-05 3.13881e-06 5.09796e-07 6.92626e-08 7.15898e-09 4.03773e-10 0 
0 0.000547936 0.00317395 0.00797781 0.0146072 0.0228244 0.0322337 0.0423159 0.0524865 0.0622001 0.0710974 0.0786752 0.0839367 0.0866373 0.0871259 0.0855526 0.081812 0.0759788 0.0688556 0.061206 0.053304 0.0453964 0.0377756 0.0306931 0.0243262 0.0187756 0.0140724 0.0101854 0.00702911 0.00448931 0.00250455 0.00113239 0.000395699 0.00010806 2.41078e-05 4.55843e-06 7.37959e-07 9.96732e-08 1.02307e-08 5.72843e-10 0 
0 0.000639102 0.00356744 0.00882449 0.0160912 0.025107 0.0354324 0.0464975 0.0576914 0.068581 0.0786752 0.0863832 0.0909792 0.0932261 0.0936448 0.0923661 0.0892197 0.0837824 0.0760806 0.067389 0.0585892 0.0498915 0.0415275 0.0337559 0.0267704 0.0206825 0.0155274 0.0112748 0.00783646 0.00508449 0.00292163 0.00137637 0.000500518 0.000140435 3.17442e-05 6.02492e-06 9.74143e-07 1.31094e-07 1.3393e-08 7.46159e-10 0 
0 0.000706089 0.0038475 0.00942883 0.0171533 0.0267414 0.0377228 0.0494949 0.0614849 0.0734036 0.0839367 0.0909792 0.0950067 0.0969961 0.0973782 0.0962597 0.0935046 0.0886952 0.0812895 0.0719836 0.0624211 0.0531208 0.0442208 0.0359549 0.0285257 0.022052 0.0165723 0.0120562 0.00841375 0.00550981 0.00322484 0.00156171 0.000584563 0.000167502 3.82835e-05 7.29503e-06 1.17961e-06 1.58461e-07 1.61464e-08 8.96937e-10 0 
0 0.000744248 0.00400348 0.00976553 0.0177454 0.0276525 0.0389998 0.0511695 0.0636555 0.0761824 0.0866373 0.0932261 0.0969961 0.0988738 0.0992408 0.098193 0.0956124 0.0911217 0.084074 0.0746289 0.0646013 0.0549352 0.0457322 0.0371898 0.0295122 0.0228224 0.0171608 0.0124969 0.00873961 0.00575066 0.00339908 0.00167181 0.000636616 0.000184859 4.25731e-05 8.13964e-06 1.31745e-06 1.7694e-07 1.80162e-08 9.99896e-10 0 
0 0.000751843 0.00403267 0.00982699 0.0178527 0.0278172 0.0392303 0.0514724 0.0640549 0.0766957 0.0871259 0.0936448 0.0973782 0.0992408 0.0996067 0.0985701 0.0960163 0.0915755 0.0845925 0.0751353 0.0650187 0.0552817 0.0460225 0.0374288 0.029705 0.0229748 0.017279 0.0125872 0.00880858 0.00580421 0.00344063 0.00170028 0.000651154 0.000190026 4.39175e-05 8.4161e-06 1.36439e-06 1.83478e-07 1.87035e-08 1.03925e-09 0 
0 0.000729762 0.00393975 0.00962306 0.0174923 0.0272616 0.0384515 0.0504503 0.0627195 0.0750005 0.0855526 0.0923661 0.0962597 0.098193 0.0985701 0.0974924 0.0948346 0.0902015 0.0829769 0.0735538 0.0637188 0.0542097 0.0451346 0.0367075 0.0291326 0.0225316 0.0169444 0.0123409 0.00863132 0.00567887 0.00335541 0.00164991 0.000628731 0.000182959 4.22701e-05 8.11205e-06 1.31828e-06 1.77802e-07 1.81842e-08 1.01393e-09 0 
0 0.000681144 0.00373588 0.0091791 0.0167097 0.0260563 0.0367619 0.0482374 0.0598853 0.0713617 0.081812 0.0892197 0.0935046 0.0956124 0.0960163 0.0948346 0.0919182 0.0868341 0.0792299 0.0701395 0.0609067 0.0518623 0.043184 0.0351201 0.0278708 0.0215524 0.0162028 0.0117924 0.00823329 0.00539351 0.00315804 0.00153156 0.000575453 0.00016593 3.82218e-05 7.34554e-06 1.1984e-06 1.62483e-07 1.67174e-08 9.38183e-10 0 
0 0.000610969 0.00343734 0.00853242 0.0155726 0.0243061 0.0343089 0.0450295 0.0558605 0.0663065 0.0759788 0.0837824 0.0886952 0.0911217 0.0915755 0.0902015 0.0868341 0.0811758 0.0736222 0.065329 0.056866 0.0484489 0.0403429 0.032808 0.0260329 0.0201262 0.0151228 0.0109933 0.00765247 0.00497657 0.00287162 0.00136345 0.000501872 0.00014292 3.28152e-05 6.32672e-06 1.03926e-06 1.42146e-07 1.47693e-08 8.37505e-10 0 
0 0.000525592 0.00306408 0.00772797 0.0141631 0.0221384 0.0312717 0.04106 0.0509342 0.0603393 0.0688556 0.0760806 0.0812895 0.084074 0.0845925 0.0829769 0.0792299 0.0736222 0.0668772 0.0595402 0.0518921 0.04422 0.0368216 0.0299432 0.0237572 0.0183621 0.0137886 0.0100075 0.00693696 0.00446588 0.0025284 0.00117049 0.000421482 0.000118742 2.72776e-05 5.30107e-06 8.81275e-07 1.22234e-07 1.28903e-08 7.42064e-10 0 
0 0.000432204 0.00263842 0.00681354 0.0125698 0.0196911 0.0278441 0.0365814 0.0453933 0.053757 0.061206 0.067389 0.0719836 0.0746289 0.0751353 0.0735538 0.0701395 0.065329 0.0595402 0.0530903 0.0462874 0.0394463 0.0328478 0.0267127 0.0211942 0.0163793 0.0122935 0.00890723 0.00614394 0.00391051 0.00217156 0.000983349 0.000348976 9.81817e-05 2.27759e-05 4.49846e-06 7.62195e-07 1.07826e-07 1.1593e-08 6.79715e-10 0 
0 0.00033819 0.00218423 0.00583548 0.0108795 0.0171007 0.0242182 0.0318448 0.0395363 0.0468333 0.053304 0.0585892 0.0624211 0.0646013 0.0650187 0.0637188 0.0609067 0.056866 0.0518921 0.0462874 0.0403597 0.0343975 0.0286476 0.0233022 0.0184941 0.0142978 0.010733 0.00777043 0.00534194 0.00337549 0.00185692 0.000836613 0.000298598 8.54142e-05 2.02711e-05 4.10254e-06 7.11482e-07 1.02783e-07 1.12537e-08 6.70028e-10 0 
0 0.000250382 0.00172656 0.00483561 0.00917005 0.0144914 0.0205698 0.0270808 0.0336465 0.0398754 0.0453964 0.0498915 0.0531208 0.0549352 0.0552817 0.0542097 0.0518623 0.0484489 0.04422 0.0394463 0.0343975 0.0293214 0.0244285 0.0198824 0.015796 0.0122317 0.00920497 0.00668796 0.00462209 0.00294803 0.00165057 0.000764913 0.000282778 8.37589e-05 2.04714e-05 4.23748e-06 7.46953e-07 1.09122e-07 1.20336e-08 7.19296e-10 0 
0 0.000174243 0.00129126 0.00385066 0.00750488 0.0119675 0.017048 0.0224852 0.0279668 0.0331666 0.0377756 0.0415275 0.0442208 0.0457322 0.0460225 0.0451346 0.043184 0.0403429 0.0368216 0.0328478 0.0286476 0.0244285 0.0203666 0.0165994 0.0132245 0.0103023 0.00785213 0.00583451 0.0041615 0.00276052 0.00162393 0.000797421 0.000310951 9.55323e-05 2.37818e-05 4.94914e-06 8.70294e-07 1.26285e-07 1.37998e-08 8.16345e-10 0 
0 0.000113167 0.00090347 0.00291504 0.00592981 0.00960665 0.0137673 0.0182101 0.0226861 0.026931 0.0306931 0.0337559 0.0359549 0.0371898 0.0374288 0.0367075 0.0351201 0.032808 0.0299432 0.0267127 0.0233022 0.0198824 0.0165994 0.0135737 0.0109172 0.00875498 0.00715486 0.00593792 0.00471025 0.00330724 0.00197657 0.000986025 0.000393644 0.000122182 3.01579e-05 6.15826e-06 1.05898e-06 1.50214e-07 1.60596e-08 9.30697e-10 0 
0 6.81061e-05 0.000584041 0.00206565 0.00447596 0.007457 0.0108037 0.0143595 0.0179351 0.0213237 0.0243262 0.0267704 0.0285257 0.0295122 0.029705 0.0291326 0.0278708 0.0260329 0.0237572 0.0211942 0.0184941 0.015796 0.0132245 0.0109172 0.00913489 0.00838165 0.00902423 0.0101825 0.00980131 0.0071461 0.0038703 0.00164372 0.000581436 0.000167978 3.91444e-05 7.61329e-06 1.25924e-06 1.72983e-07 1.79873e-08 1.01716e-09 0 
0 3.77302e-05 0.000344552 0.00134364 0.00317092 0.00553879 0.00819266 0.0109881 0.0137861 0.0164326 0.0187756 0.0206825 0.022052 0.0228224 0.0229748 0.0225316 0.0215524 0.0201262 0.0183621 0.0163793 0.0142978 0.0122317 0.0103023 0.00875498 0.00838165 0.0110299 0.0181515 0.0266416 0.0296229 0.0208684 0.010562 0.00377891 0.00105028 0.000248751 5.04339e-05 8.92594e-06 1.39368e-06 1.84492e-07 1.86532e-08 1.03032e-09 0 
0 1.91383e-05 0.000183603 0.000785718 0.00205461 0.00385953 0.00593264 0.00810267 0.010256 0.0122826 0.0140724 0.0155274 0.0165723 0.0171608 0.017279 0.0169444 0.0162028 0.0151228 0.0137886 0.0122935 0.010733 0.00920497 0.00785213 0.00715486 0.00902423 0.0181515 0.0384303 0.070028 0.0775296 0.0539767 0.0245811 0.00827153 0.00198024 0.000378797 6.30801e-05 9.65924e-06 1.39105e-06 1.76872e-07 1.7448e-08 9.45665e-10 0 
0 8.85573e-06 8.77885e-05 0.000405905 0.00118095 0.00244388 0.0040059 0.00566925 0.00730998 0.008841 0.0101854 0.0112748 0.0120562 0.0124969 0.0125872 0.0123409 0.0117924 0.0109933 0.0100075 0.00890723 0.00777043 0.00668796 0.00583451 0.00593792 0.0101825 0.0266416 0.070028 0.0876507 0.0897918 0.0830123 0.0451391 0.0133286 0.00301762 0.00050858 7.1432e-05 9.33562e-06 1.22243e-06 1.49325e-07 1.44648e-08 7.74665e-10 0 
0 3.73115e-06 3.75784e-05 0.000183486 0.00058622 0.00135069 0.0024234 0.00364657 0.00487872 0.00602723 0.00702911 0.00783646 0.00841375 0.00873961 0.00880858 0.00863132 0.00823329 0.00765247 0.00693696 0.00614394 0.00534194 0.00462209 0.0041615 0.00471025 0.00980131 0.0296229 0.0775296 0.0897918 0.0913873 0.0857948 0.0540776 0.014694 0.00326712 0.000521228 6.60365e-05 7.64564e-06 9.22795e-07 1.09362e-07 1.05044e-08 5.60749e-10 0 
0 1.43092e-06 1.44221e-05 7.25668e-05 0.000248011 0.000629195 0.00124967 0.00204843 0.00291533 0.00375166 0.00448931 0.00508449 0.00550981 0.00575066 0.00580421 0.00567887 0.00539351 0.00497657 0.00446588 0.00391051 0.00337549 0.00294803 0.00276052 0.00330724 0.0071461 0.0208684 0.0539767 0.0830123 0.0857948 0.0748579 0.0336849 0.0108828 0.00241384 0.000379256 4.59835e-05 5.02409e-06 5.84311e-07 6.87497e-08 6.63466e-09 3.56476e-10 0 
0 4.99832e-07 4.98132e-06 2.52837e-05 8.97288e-05 0.000243686 0.000528736 0.00094953 0.00146335 0.00200288 0.00250455 0.00292163 0.00322484 0.00339908 0.00344063 0.00335541 0.00315804 0.00287162 0.0025284 0.00217156 0.00185692 0.00165057 0.00162393 0.00197657 0.0038703 0.010562 0.0245811 0.0451391 0.0540776 0.0336849 0.0163524 0.00539345 0.00120684 0.000191255 2.32425e-05 2.57013e-06 3.06348e-07 3.69219e-08 3.63297e-09 1.98392e-10 0 
0 1.59158e-07 1.55499e-06 7.83666e-06 2.81599e-05 7.92966e-05 0.000182399 0.000352161 0.000585002 0.0008569 0.00113239 0.00137637 0.00156171 0.00167181 0.00170028 0.00164991 0.00153156 0.00136345 0.00117049 0.000983349 0.000836613 0.000764913 0.000797421 0.000986025 0.00164372 0.00377891 0.00827153 0.0133286 0.014694 0.0108828 0.00539345 0.00179759 0.000410933 6.70118e-05 8.55656e-06 1.03079e-06 1.33711e-07 1.69722e-08 1.72466e-09 9.65632e-11 0 
0 4.62058e-08 4.40116e-07 2.1795e-06 7.79162e-06 2.21774e-05 5.24437e-05 0.000105621 0.000184663 0.000285225 0.000395699 0.000500518 0.000584563 0.000636616 0.000651154 0.000628731 0.000575453 0.000501872 0.000421482 0.000348976 0.000298598 0.000282778 0.000310951 0.000393644 0.000581436 0.00105028 0.00198024 0.00301762 0.00326712 0.00241384 0.00120684 0.000410933 9.72098e-05 1.68071e-05 2.4016e-06 3.38143e-07 4.95519e-08 6.71947e-09 7.1113e-10 4.11091e-11 0 
0 1.22114e-08 1.13036e-07 5.46692e-07 1.92377e-06 5.44445e-06 1.2946e-05 2.65013e-05 4.74972e-05 7.55691e-05 0.00010806 0.000140435 0.000167502 0.000184859 0.000190026 0.000182959 0.00016593 0.00014292 0.000118742 9.81817e-05 8.54142e-05 8.37589e-05 9.55323e-05 0.000122182 0.000167978 0.000248751 0.000378797 0.00050858 0.000521228 0.000379256 0.000191255 6.70118e-05 1.68071e-05 3.26292e-06 5.61965e-07 9.6e-08 1.59071e-08 2.305e-09 2.55131e-10 1.53051e-11 0 
0 2.92429e-09 2.62667e-08 1.23681e-07 4.25947e-07 1.18763e-06 2.80285e-06 5.73664e-06 1.03456e-05 1.66391e-05 2.41078e-05 3.17442e-05 3.82835e-05 4.25731e-05 4.39175e-05 4.22701e-05 3.82218e-05 3.28152e-05 2.72776e-05 2.27759e-05 2.02711e-05 2.04714e-05 2.37818e-05 3.01579e-05 3.91444e-05 5.04339e-05 6.30801e-05 7.1432e-05 6.60365e-05 4.59835e-05 2.32425e-05 8.55656e-06 2.4016e-06 5.61965e-07 1.20581e-07 2.44082e-08 4.46061e-09 6.86451e-10 7.96013e-11 4.97196e-12 0 
0 6.2809e-10 5.4728e-09 2.50588e-08 8.42375e-08 2.30343e-07 5.3593e-07 1.08708e-06 1.95224e-06 3.13881e-06 4.55843e-06 6.02492e-06 7.29503e-06 8.13964e-06 8.4161e-06 8.11205e-06 7.34554e-06 6.32672e-06 5.30107e-06 4.49846e-06 4.10254e-06 4.23748e-06 4.94914e-06 6.15826e-06 7.61329e-06 8.92594e-06 9.65924e-06 9.33562e-06 7.64564e-06 5.02409e-06 2.57013e-06 1.03079e-06 3.38143e-07 9.6e-08 2.44082e-08 5.5333e-09 1.08716e-09 1.76684e-10 2.14749e-11 1.39922e-12 0 
0 1.18516e-10 1.00227e-09 4.4627e-09 1.46314e-08 3.91645e-08 8.95606e-08 1.79284e-07 3.18976e-07 5.09796e-07 7.37959e-07 9.74143e-07 1.17961e-06 1.31745e-06 1.36439e-06 1.31828e-06 1.1984e-06 1.03926e-06 8.81275e-07 7.62195e-07 7.11482e-07 7.46953e-07 8.70294e-07 1.05898e-06 1.25924e-06 1.39368e-06 1.39105e-06 1.22243e-06 9.22795e-07 5.84311e-07 3.06348e-07 1.33711e-07 4.95519e-08 1.59071e-08 4.46061e-09 1.08716e-09 2.26327e-10 3.8705e-11 4.92897e-12 3.35222e-13 0 
0 1.88156e-11 1.54592e-10 6.69878e-10 2.14269e-09 5.61247e-09 1.26015e-08 2.48531e-08 4.37089e-08 6.92626e-08 9.96732e-08 1.31094e-07 1.58461e-07 1.7694e-07 1.83478e-07 1.77802e-07 1.62483e-07 1.42146e-07 1.22234e-07 1.07826e-07 1.02783e-07 1.09122e-07 1.26285e-07 1.50214e-07 1.72983e-07 1.84492e-07 1.76872e-07 1.49325e-07 1.09362e-07 6.87497e-08 3.69219e-08 1.69722e-08 6.71947e-09 2.305e-09 6.86451e-10 1.76684e-10 3.8705e-11 6.94614e-12 9.25724e-13 6.56946e-14 0 
0 2.26798e-12 1.81282e-11 7.65403e-11 2.39071e-10 6.13108e-10 1.3517e-09 2.62551e-09 4.56097e-09 7.15898e-09 1.02307e-08 1.3393e-08 1.61464e-08 1.80162e-08 1.87035e-08 1.81842e-08 1.67174e-08 1.47693e-08 1.28903e-08 1.1593e-08 1.12537e-08 1.20336e-08 1.37998e-08 1.60596e-08 1.79873e-08 1.86532e-08 1.7448e-08 1.44648e-08 1.05044e-08 6.63466e-09 3.63297e-09 1.72466e-09 7.1113e-10 2.55131e-10 7.96013e-11 2.14749e-11 4.92897e-12 9.25724e-13 1.28881e-13 9.53333e-15 0 
0 1.48264e-13 1.15467e-12 4.75718e-12 1.4528e-11 3.6514e-11 7.90976e-11 1.51364e-10 2.59745e-10 4.03773e-10 5.72843e-10 7.46159e-10 8.96937e-10 9.99896e-10 1.03925e-09 1.01393e-09 9.38183e-10 8.37505e-10 7.42064e-10 6.79715e-10 6.70028e-10 7.19296e-10 8.16345e-10 9.30697e-10 1.01716e-09 1.03032e-09 9.45665e-10 7.74665e-10 5.60749e-10 3.56476e-10 1.98392e-10 9.65632e-11 4.11091e-11 1.53051e-11 4.97196e-12 1.39922e-12 3.35222e-13 6.56946e-14 9.53333e-15 7.33895e-16 0 
0 0 0 0 0 0 0 0 0 0 0 0 0 0 0 0 0 0 0 0 0 0 0 0 0 0 0 0 0 0 0 0 0 0 0 0 0 0 0 0 0 
