0 0 0 0 0 0 0 0 0 0 0 0 0 0 0 0 0 0 0 0 0 0 0 0 0 0 0 0 0 0 0 0 0 0 0 0 0 0 0 0 0 
0 4.44058e-07 3.94403e-06 1.72788e-05 5.18406e-05 0.000118939 0.000222472 0.00035591 0.000505512 0.000655595 0.000792194 0.000904572 0.000985457 0.00103079 0.00103936 0.00101248 0.000953579 0.000867884 0.000762003 0.000643533 0.000520598 0.000401254 0.000292749 0.000200676 0.000128209 7.57241e-05 4.10372e-05 2.02798e-05 9.09961e-06 3.69889e-06 1.3613e-06 4.53747e-07 1.37007e-07 3.74322e-08 9.21635e-09 2.02552e-09 3.8947e-10 6.27886e-11 7.66334e-12 5.06066e-13 0 
0 3.94403e-06 3.57319e-05 0.000153668 0.000432723 0.00090123 0.00151272 0.00218833 0.00286072 0.00348314 0.00402262 0.00445436 0.00476034 0.00492987 0.00496029 0.00485689 0.00463205 0.0043036 0.0038928 0.00342242 0.00291531 0.00239394 0.00188084 0.00139945 0.000973633 0.000624347 0.000363798 0.000190329 8.87185e-05 3.67493e-05 1.355e-05 4.46533e-06 1.32074e-06 3.51433e-07 8.40036e-08 1.78997e-08 3.33679e-09 5.2193e-10 6.18842e-11 3.9763e-12 0 
0 1.72788e-05 0.000153668 0.000610677 0.00151345 0.00275494 0.00415405 0.005596 0.00701013 0.00833112 0.00949217 0.0104322 0.0111035 0.0114767 0.011543 0.0113135 0.010817 0.0100962 0.00920255 0.00819106 0.00711491 0.00602077 0.00494572 0.00391721 0.00295769 0.00209278 0.00135702 0.000786966 0.000399828 0.000175968 6.70765e-05 2.2322e-05 6.55413e-06 1.71241e-06 3.99429e-07 8.2807e-08 1.50042e-08 2.28185e-09 2.63326e-10 1.64914e-11 0 
0 5.18406e-05 0.000432723 0.00151345 0.00326299 0.00538831 0.00772468 0.0101775 0.0126308 0.014949 0.016998 0.0186614 0.0198507 0.0205122 0.0206295 0.0202221 0.0193417 0.0180646 0.0164838 0.0146994 0.0128108 0.0109078 0.00906529 0.00733705 0.00575375 0.0043262 0.00305988 0.0019774 0.00112683 0.000548726 0.000224869 7.78727e-05 2.31583e-05 6.01647e-06 1.38043e-06 2.79925e-07 4.94934e-08 7.34098e-09 8.26674e-10 5.05791e-11 0 
0 0.000118939 0.00090123 0.00275494 0.00538831 0.00852306 0.0120435 0.0157922 0.0195616 0.0231297 0.0262856 0.0288481 0.0306805 0.0316997 0.0318802 0.0312523 0.0298956 0.0279278 0.0254925 0.0227447 0.0198381 0.0169136 0.0140907 0.0114613 0.00908537 0.00698831 0.00516278 0.00358643 0.0022597 0.00123263 0.000559166 0.000207845 6.41142e-05 1.68257e-05 3.83555e-06 7.65843e-07 1.32764e-07 1.92775e-08 2.12503e-09 1.27367e-10 0 
0 0.000222472 0.00151272 0.00415405 0.00772468 0.0120435 0.0169529 0.0221984 0.0274773 0.0324755 0.0368969 0.0404874 0.0430565 0.0444877 0.0447415 0.043859 0.0419555 0.0391976 0.0357855 0.0319361 0.0278649 0.0237698 0.0198191 0.0161441 0.0128351 0.00994026 0.00746422 0.00537107 0.0036081 0.00216144 0.00109032 0.000443926 0.000145189 3.91275e-05 8.95851e-06 1.77405e-06 3.03109e-07 4.32608e-08 4.68399e-09 2.75833e-10 0 
0 0.00035591 0.00218833 0.005596 0.0101775 0.0157922 0.0221984 0.0290479 0.0359421 0.0424706 0.0482526 0.0530169 0.0566864 0.0590075 0.0594564 0.0579634 0.0550614 0.0512857 0.0467973 0.0417666 0.0364494 0.0311016 0.0259433 0.0211466 0.0168314 0.0130656 0.00986706 0.00720482 0.00500525 0.00319138 0.00175966 0.000786983 0.000276685 7.76427e-05 1.80372e-05 3.56746e-06 6.03809e-07 8.50512e-08 9.07601e-09 5.26701e-10 0 
0 0.000505512 0.00286072 0.00701013 0.0126308 0.0195616 0.0274773 0.0359421 0.0444631 0.052551 0.0600445 0.0677062 0.074222 0.0777498 0.0783835 0.0763297 0.0714603 0.0646644 0.0580464 0.0516741 0.0450915 0.0384822 0.0321079 0.0261813 0.0208511 0.0162029 0.0122643 0.00900911 0.00636024 0.00420644 0.00247292 0.00120077 0.000455058 0.000134101 3.18593e-05 6.33094e-06 1.06635e-06 1.48797e-07 1.57006e-08 9.00502e-10 0 
0 0.000655595 0.00348314 0.00833112 0.014949 0.0231297 0.0324755 0.0424706 0.052551 0.062599 0.0742558 0.0833111 0.0877577 0.089772 0.0901567 0.0890572 0.0861767 0.0804035 0.0707124 0.0613018 0.0532899 0.0454724 0.0379461 0.0309491 0.024657 0.0191717 0.0145275 0.0107004 0.0076124 0.00513755 0.00315037 0.001631 0.000661793 0.000205184 5.00725e-05 1.00394e-05 1.68894e-06 2.34225e-07 2.45098e-08 1.39309e-09 0 
0 0.000792194 0.00402262 0.00949217 0.016998 0.0262856 0.0368969 0.0482526 0.0600445 0.0742558 0.0857164 0.0912167 0.0941811 0.0956412 0.0959449 0.095169 0.0931907 0.0895802 0.0830927 0.0716193 0.0607258 0.051665 0.0431116 0.0351674 0.0280241 0.0217975 0.0165277 0.0121904 0.00870555 0.00594061 0.00374005 0.0020276 0.000870142 0.000282675 7.08982e-05 1.43728e-05 2.42113e-06 3.3457e-07 3.48085e-08 1.9654e-09 0 
0 0.000904572 0.00445436 0.0104322 0.0186614 0.0288481 0.0404874 0.0530169 0.0677062 0.0833111 0.0912167 0.0954367 0.0978707 0.0991123 0.0993842 0.0987413 0.0971098 0.0942384 0.0894736 0.0808845 0.0676822 0.056754 0.0473091 0.038594 0.0307592 0.0239304 0.0181519 0.0133987 0.0095876 0.00658228 0.00421049 0.00235458 0.00105376 0.000355728 9.14282e-05 1.87408e-05 3.16535e-06 4.36688e-07 4.52672e-08 2.54455e-09 0 
0 0.000985457 0.00476034 0.0111035 0.0198507 0.0306805 0.0430565 0.0566864 0.074222 0.0877577 0.0941811 0.0978707 0.100067 0.101206 0.101464 0.100885 0.0994145 0.0968654 0.0927802 0.0859251 0.0735632 0.0605757 0.0503178 0.0410461 0.0327165 0.0254567 0.0193142 0.0142628 0.010217 0.00703738 0.00454299 0.00258998 0.00119229 0.000413831 0.000108389 2.24244e-05 3.79877e-06 5.2389e-07 5.42026e-08 3.03897e-09 0 
0 0.00103079 0.00492987 0.0114767 0.0205122 0.0316997 0.0444877 0.0590075 0.0777498 0.089772 0.0956412 0.0991123 0.101206 0.102301 0.102553 0.102002 0.100603 0.098191 0.0943816 0.0881828 0.0768909 0.0628867 0.0520007 0.0424124 0.0338073 0.0263076 0.0199623 0.0147448 0.0105679 0.00729067 0.00472806 0.0027229 0.00127324 0.000449174 0.000119031 2.47803e-05 4.20839e-06 5.80665e-07 6.0048e-08 3.36368e-09 0 
0 0.00103936 0.00496029 0.011543 0.0206295 0.0318802 0.0447415 0.0594564 0.0783835 0.0901567 0.0959449 0.0993842 0.101464 0.102553 0.102803 0.102257 0.100868 0.0984768 0.0947082 0.0886057 0.0775022 0.0633268 0.0523046 0.0426589 0.0340046 0.0264619 0.0200803 0.0148332 0.0106329 0.00733849 0.00476447 0.00275093 0.00129176 0.000457893 0.000121817 2.54266e-05 4.3252e-06 5.97424e-07 6.18305e-08 3.4659e-09 0 
0 0.00101248 0.00485689 0.0113135 0.0202221 0.0312523 0.043859 0.0579634 0.0763297 0.0890572 0.095169 0.0987413 0.100885 0.102002 0.102257 0.101694 0.10026 0.0977847 0.093851 0.0873687 0.0755358 0.0618728 0.0512753 0.0418258 0.0333406 0.0259451 0.0196878 0.0145424 0.0104228 0.00718914 0.0046587 0.00267851 0.00124982 0.000440342 0.000116728 2.43416e-05 4.14386e-06 5.73336e-07 5.94625e-08 3.34087e-09 0 
0 0.000953579 0.00463205 0.010817 0.0193417 0.0298956 0.0419555 0.0550614 0.0714603 0.0861767 0.0931907 0.0971098 0.0994145 0.100603 0.100868 0.10026 0.0987173 0.0960261 0.0916558 0.0841059 0.0710565 0.0589322 0.0490534 0.0400197 0.0319004 0.0248235 0.0188352 0.0139103 0.00996479 0.00686174 0.00442436 0.00251621 0.00115528 0.000400697 0.000105172 2.18515e-05 3.72156e-06 5.16255e-07 5.374e-08 3.03204e-09 0 
0 0.000867884 0.0043036 0.0100962 0.0180646 0.0279278 0.0391976 0.0512857 0.0646644 0.0804035 0.0895802 0.0942384 0.0968654 0.098191 0.0984768 0.0977847 0.0960261 0.0928975 0.08758 0.0777221 0.0650279 0.0549487 0.0458377 0.0373984 0.0298101 0.0231955 0.0175979 0.0129927 0.00929922 0.00638421 0.00408135 0.00228047 0.0010213 0.000346127 8.9586e-05 1.85242e-05 3.15855e-06 4.40046e-07 4.60761e-08 2.61682e-09 0 
0 0.000762003 0.0038928 0.00920255 0.0164838 0.0254925 0.0357855 0.0467973 0.0580464 0.0707124 0.0830927 0.0894736 0.0927802 0.0943816 0.0947082 0.093851 0.0916558 0.08758 0.0799927 0.0685674 0.0588448 0.0501539 0.0418608 0.0341539 0.0272233 0.0211814 0.0160674 0.0118579 0.00847515 0.00579107 0.00365588 0.00199429 0.000865688 0.000285653 7.28673e-05 1.50169e-05 2.56973e-06 3.60597e-07 3.80947e-08 2.18443e-09 0 
0 0.000643533 0.00342242 0.00819106 0.0146994 0.0227447 0.0319361 0.0417666 0.0516741 0.0613018 0.0716193 0.0808845 0.0859251 0.0881828 0.0886057 0.0873687 0.0841059 0.0777221 0.0685674 0.0602134 0.0524559 0.0447755 0.0373749 0.0304942 0.0243062 0.0189113 0.0143436 0.0105803 0.00754679 0.0051227 0.00318246 0.00168899 0.000710161 0.000228822 5.7799e-05 1.19297e-05 2.05803e-06 2.92052e-07 3.12394e-08 1.81411e-09 0 
0 0.000520598 0.00291531 0.00711491 0.0128108 0.0198381 0.0278649 0.0364494 0.0450915 0.0532899 0.0607258 0.0676822 0.0735632 0.0768909 0.0775022 0.0755358 0.0710565 0.0650279 0.0588448 0.0524559 0.045789 0.0390912 0.0326314 0.0266254 0.0212242 0.0165149 0.0125263 0.0092357 0.00657238 0.00442926 0.00270996 0.00140633 0.000578725 0.00018437 4.661e-05 9.70866e-06 1.69695e-06 2.4428e-07 2.64996e-08 1.55919e-09 0 
0 0.000401254 0.00239394 0.00602077 0.0109078 0.0169136 0.0237698 0.0311016 0.0384822 0.0454724 0.051665 0.056754 0.0605757 0.0628867 0.0633268 0.0618728 0.0589322 0.0549487 0.0501539 0.0447755 0.0390912 0.0333748 0.027862 0.0227373 0.0181297 0.0141139 0.0107141 0.00790692 0.00562744 0.00378642 0.00231046 0.00119761 0.000494605 0.000159056 4.07371e-05 8.60315e-06 1.52307e-06 2.21689e-07 2.42702e-08 1.43847e-09 0 
0 0.000292749 0.00188084 0.00494572 0.00906529 0.0140907 0.0198191 0.0259433 0.0321079 0.0379461 0.0431116 0.0473091 0.0503178 0.0520007 0.0523046 0.0512753 0.0490534 0.0458377 0.0418608 0.0373749 0.0326314 0.027862 0.023264 0.0189924 0.0151594 0.0118378 0.00905542 0.00677534 0.00490393 0.00335436 0.00208814 0.00111372 0.00047484 0.000156602 4.07068e-05 8.65194e-06 1.5335e-06 2.22799e-07 2.43043e-08 1.43374e-09 0 
0 0.000200676 0.00139945 0.00391721 0.00733705 0.0114613 0.0161441 0.0211466 0.0261813 0.0309491 0.0351674 0.038594 0.0410461 0.0424124 0.0426589 0.0418258 0.0400197 0.0373984 0.0341539 0.0304942 0.0266254 0.0227373 0.0189924 0.015526 0.0124665 0.00996112 0.00809918 0.00669395 0.0053101 0.00376028 0.00230896 0.00122127 0.000529287 0.000177191 4.60078e-05 9.65629e-06 1.68242e-06 2.40059e-07 2.57323e-08 1.49314e-09 0 
0 0.000128209 0.000973633 0.00295769 0.00575375 0.00908537 0.0128351 0.0168314 0.0208511 0.024657 0.0280241 0.0307592 0.0327165 0.0338073 0.0340046 0.0333406 0.0319004 0.0298101 0.0272233 0.0243062 0.0212242 0.0181297 0.0151594 0.0124665 0.0103496 0.00939342 0.0100252 0.0112654 0.0108309 0.00790257 0.00430075 0.00186743 0.000703699 0.000221595 5.52249e-05 1.11566e-05 1.87934e-06 2.60421e-07 2.72064e-08 1.54319e-09 0 
0 7.57241e-05 0.000624347 0.00209278 0.0043262 0.00698831 0.00994026 0.0130656 0.0162029 0.0191717 0.0217975 0.0239304 0.0254567 0.0263076 0.0264619 0.0259451 0.0248235 0.0231955 0.0211814 0.0189113 0.0165149 0.0141139 0.0118378 0.00996112 0.00939342 0.0122182 0.0200249 0.0340862 0.0412254 0.0233176 0.0116453 0.00418019 0.00118984 0.000303241 6.69269e-05 1.25125e-05 2.00496e-06 2.6837e-07 2.72831e-08 1.51236e-09 0 
0 4.10372e-05 0.000363798 0.00135702 0.00305988 0.00516278 0.00746422 0.00986706 0.0122643 0.0145275 0.0165277 0.0181519 0.0193142 0.0199623 0.0200803 0.0196878 0.0188352 0.0175979 0.0160674 0.0143436 0.0125263 0.0107141 0.00905542 0.00809918 0.0100252 0.0200249 0.0489634 0.0774517 0.0795706 0.0688731 0.0273804 0.00911781 0.00219577 0.000437918 7.93896e-05 1.30747e-05 1.95455e-06 2.52148e-07 2.50238e-08 1.36106e-09 0 
0 2.02798e-05 0.000190329 0.000786966 0.0019774 0.00358643 0.00537107 0.00720482 0.00900911 0.0107004 0.0121904 0.0133987 0.0142628 0.0147448 0.0148332 0.0145424 0.0139103 0.0129927 0.0118579 0.0105803 0.0092357 0.00790692 0.00677534 0.00669395 0.0112654 0.0340862 0.0774517 0.0854644 0.0863942 0.0821068 0.0593338 0.0146964 0.00333118 0.000574002 8.65084e-05 1.22727e-05 1.68886e-06 2.10244e-07 2.05007e-08 1.10159e-09 0 
0 9.09961e-06 8.87185e-05 0.000399828 0.00112683 0.0022597 0.0036081 0.00500525 0.00636024 0.0076124 0.00870555 0.0095876 0.010217 0.0105679 0.0106329 0.0104228 0.00996479 0.00929922 0.00847515 0.00754679 0.00657238 0.00562744 0.00490393 0.0053101 0.0108309 0.0412254 0.0795706 0.0863942 0.0873251 0.0839361 0.0688081 0.0165662 0.0036036 0.000583821 7.83763e-05 9.84981e-06 1.26005e-06 1.52779e-07 1.47786e-08 7.91348e-10 0 
0 3.69889e-06 3.67493e-05 0.000175968 0.000548726 0.00123263 0.00216144 0.00319138 0.00420644 0.00513755 0.00594061 0.00658228 0.00703738 0.00729067 0.00733849 0.00718914 0.00686174 0.00638421 0.00579107 0.0051227 0.00442926 0.00378642 0.00335436 0.00376028 0.00790257 0.0233176 0.0688731 0.0821068 0.0839361 0.0784551 0.0433793 0.0119896 0.00266328 0.000425054 5.43213e-05 6.42042e-06 7.93296e-07 9.56158e-08 9.29148e-09 5.00593e-10 0 
0 1.3613e-06 1.355e-05 6.70765e-05 0.000224869 0.000559166 0.00109032 0.00175966 0.00247292 0.00315037 0.00374005 0.00421049 0.00454299 0.00472806 0.00476447 0.0046587 0.00442436 0.00408135 0.00365588 0.00318246 0.00270996 0.00231046 0.00208814 0.00230896 0.00430075 0.0116453 0.0273804 0.0593338 0.0688081 0.0433793 0.0180139 0.00594333 0.00133441 0.000215962 2.76787e-05 3.29959e-06 4.16164e-07 5.12552e-08 5.07342e-09 2.7769e-10 0 
0 4.53747e-07 4.46533e-06 2.2322e-05 7.78727e-05 0.000207845 0.000443926 0.000786983 0.00120077 0.001631 0.0020276 0.00235458 0.00258998 0.0027229 0.00275093 0.00267851 0.00251621 0.00228047 0.00199429 0.00168899 0.00140633 0.00119761 0.00111372 0.00122127 0.00186743 0.00418019 0.00911781 0.0146964 0.0165662 0.0119896 0.00594333 0.00198404 0.000457919 7.69459e-05 1.04005e-05 1.34415e-06 1.82617e-07 2.35576e-08 2.40437e-09 1.34865e-10 0 
0 1.37007e-07 1.32074e-06 6.55413e-06 2.31583e-05 6.41142e-05 0.000145189 0.000276685 0.000455058 0.000661793 0.000870142 0.00105376 0.00119229 0.00127324 0.00129176 0.00124982 0.00115528 0.0010213 0.000865688 0.000710161 0.000578725 0.000494605 0.00047484 0.000529287 0.000703699 0.00118984 0.00219577 0.00333118 0.0036036 0.00266328 0.00133441 0.000457919 0.000110552 1.98866e-05 3.01739e-06 4.50699e-07 6.81439e-08 9.33167e-09 9.90366e-10 5.73302e-11 0 
0 3.74322e-08 3.51433e-07 1.71241e-06 6.01647e-06 1.68257e-05 3.91275e-05 7.76427e-05 0.000134101 0.000205184 0.000282675 0.000355728 0.000413831 0.000449174 0.000457893 0.000440342 0.000400697 0.000346127 0.000285653 0.000228822 0.00018437 0.000159056 0.000156602 0.000177191 0.000221595 0.000303241 0.000437918 0.000574002 0.000583821 0.000425054 0.000215962 7.69459e-05 1.98866e-05 4.04389e-06 7.3521e-07 1.30588e-07 2.19949e-08 3.20266e-09 3.55081e-10 2.13231e-11 0 
0 9.21635e-09 8.40036e-08 3.99429e-07 1.38043e-06 3.83555e-06 8.95851e-06 1.80372e-05 3.18593e-05 5.00725e-05 7.08982e-05 9.14282e-05 0.000108389 0.000119031 0.000121817 0.000116728 0.000105172 8.9586e-05 7.28673e-05 5.7799e-05 4.661e-05 4.07371e-05 4.07068e-05 4.60078e-05 5.52249e-05 6.69269e-05 7.93896e-05 8.65084e-05 7.83763e-05 5.43213e-05 2.76787e-05 1.04005e-05 3.01739e-06 7.3521e-07 1.63188e-07 3.36326e-08 6.18643e-09 9.54036e-10 1.10741e-10 6.92243e-12 0 
0 2.02552e-09 1.78997e-08 8.2807e-08 2.79925e-07 7.65843e-07 1.77405e-06 3.56746e-06 6.33094e-06 1.00394e-05 1.43728e-05 1.87408e-05 2.24244e-05 2.47803e-05 2.54266e-05 2.43416e-05 2.18515e-05 1.85242e-05 1.50169e-05 1.19297e-05 9.70866e-06 8.60315e-06 8.65194e-06 9.65629e-06 1.11566e-05 1.25125e-05 1.30747e-05 1.22727e-05 9.84981e-06 6.42042e-06 3.29959e-06 1.34415e-06 4.50699e-07 1.30588e-07 3.36326e-08 7.66833e-09 1.5098e-09 2.45592e-10 2.98693e-11 1.94732e-12 0 
0 3.8947e-10 3.33679e-09 1.50042e-08 4.94934e-08 1.32764e-07 3.03109e-07 6.03809e-07 1.06635e-06 1.68894e-06 2.42113e-06 3.16535e-06 3.79877e-06 4.20839e-06 4.3252e-06 4.14386e-06 3.72156e-06 3.15855e-06 2.56973e-06 2.05803e-06 1.69695e-06 1.52307e-06 1.5335e-06 1.68242e-06 1.87934e-06 2.00496e-06 1.95455e-06 1.68886e-06 1.26005e-06 7.93296e-07 4.16164e-07 1.82617e-07 6.81439e-08 2.19949e-08 6.18643e-09 1.5098e-09 3.14505e-10 5.3808e-11 6.85517e-12 4.6643e-13 0 
0 6.27886e-11 5.2193e-10 2.28185e-09 7.34098e-09 1.92775e-08 4.32608e-08 8.50512e-08 1.48797e-07 2.34225e-07 3.3457e-07 4.36688e-07 5.2389e-07 5.80665e-07 5.97424e-07 5.73336e-07 5.16255e-07 4.40046e-07 3.60597e-07 2.92052e-07 2.4428e-07 2.21689e-07 2.22799e-07 2.40059e-07 2.60421e-07 2.6837e-07 2.52148e-07 2.10244e-07 1.52779e-07 9.56158e-08 5.12552e-08 2.35576e-08 9.33167e-09 3.20266e-09 9.54036e-10 2.45592e-10 5.3808e-11 9.65849e-12 1.28754e-12 9.13996e-14 0 
0 7.66334e-12 6.18842e-11 2.63326e-10 8.26674e-10 2.12503e-09 4.68399e-09 9.07601e-09 1.57006e-08 2.45098e-08 3.48085e-08 4.52672e-08 5.42026e-08 6.0048e-08 6.18305e-08 5.94625e-08 5.374e-08 4.60761e-08 3.80947e-08 3.12394e-08 2.64996e-08 2.42702e-08 2.43043e-08 2.57323e-08 2.72064e-08 2.72831e-08 2.50238e-08 2.05007e-08 1.47786e-08 9.29148e-09 5.07342e-09 2.40437e-09 9.90366e-10 3.55081e-10 1.10741e-10 2.98693e-11 6.85517e-12 1.28754e-12 1.79276e-13 1.32637e-14 0 
0 5.06066e-13 3.9763e-12 1.64914e-11 5.05791e-11 1.27367e-10 2.75833e-10 5.26701e-10 9.00502e-10 1.39309e-09 1.9654e-09 2.54455e-09 3.03897e-09 3.36368e-09 3.4659e-09 3.34087e-09 3.03204e-09 2.61682e-09 2.18443e-09 1.81411e-09 1.55919e-09 1.43847e-09 1.43374e-09 1.49314e-09 1.54319e-09 1.51236e-09 1.36106e-09 1.10159e-09 7.91348e-10 5.00593e-10 2.7769e-10 1.34865e-10 5.73302e-11 2.13231e-11 6.92243e-12 1.94732e-12 4.6643e-13 9.13996e-14 1.32637e-14 1.02117e-15 0 
0 0 0 0 0 0 0 0 0 0 0 0 0 0 0 0 0 0 0 0 0 0 0 0 0 0 0 0 0 0 0 0 0 0 0 0 0 0 0 0 0 
