0 0 0 0 0 0 0 0 0 0 0 0 0 0 0 0 0 0 0 0 0 0 0 0 0 0 0 0 0 0 0 0 0 0 0 0 0 0 0 0 0 
0 3.61985e-17 3.47267e-16 1.77277e-15 6.73392e-15 2.10807e-14 5.68021e-14 1.34618e-13 2.83956e-13 5.36808e-13 9.13459e-13 1.40326e-12 1.95045e-12 2.45763e-12 2.8125e-12 2.929e-12 2.78183e-12 2.41523e-12 1.92196e-12 1.40582e-12 9.48099e-13 5.91469e-13 3.42487e-13 1.84718e-13 9.31243e-14 4.4038e-14 1.96011e-14 8.23783e-15 3.27848e-15 1.23848e-15 4.44811e-16 1.51974e-16 4.93419e-17 1.51714e-17 4.3864e-18 1.17689e-18 2.86043e-19 6.00854e-20 9.80337e-21 8.837e-22 0 
0 3.47267e-16 3.44572e-15 1.82001e-14 7.15106e-14 2.31356e-13 6.43292e-13 1.5701e-12 3.4024e-12 6.58907e-12 1.14496e-11 1.79001e-11 2.52304e-11 3.21218e-11 3.70084e-11 3.86651e-11 3.67163e-11 3.17728e-11 2.51288e-11 1.82222e-11 1.21576e-11 7.49046e-12 4.27816e-12 2.27411e-12 1.12956e-12 5.2635e-13 2.30986e-13 9.58112e-14 3.76861e-14 1.40946e-14 5.02154e-15 1.7054e-15 5.51512e-16 1.69223e-16 4.89e-17 1.31277e-17 3.19439e-18 6.71811e-19 1.09691e-19 9.88592e-21 0 
0 1.77277e-15 1.82001e-14 9.95214e-14 4.04766e-13 1.35441e-12 3.88951e-12 9.78516e-12 2.18025e-11 4.32885e-11 7.68724e-11 1.22396e-10 1.75062e-10 2.25333e-10 2.61508e-10 2.74226e-10 2.60484e-10 2.24771e-10 1.76762e-10 1.2714e-10 8.39654e-11 5.11258e-11 2.88256e-11 1.51164e-11 7.40643e-12 3.40563e-12 1.47603e-12 6.05439e-13 2.35884e-13 8.7554e-14 3.10231e-14 1.05008e-14 3.39129e-15 1.04091e-15 3.01255e-16 8.10551e-17 1.97689e-17 4.16517e-18 6.80647e-19 6.13125e-20 0 
0 6.73392e-15 7.15106e-14 4.04766e-13 1.70398e-12 5.89754e-12 1.74938e-11 4.53722e-11 1.03971e-10 2.11707e-10 3.84342e-10 6.23471e-10 9.05307e-10 1.17869e-09 1.37867e-09 1.45199e-09 1.3806e-09 1.18887e-09 9.30483e-10 6.64526e-10 4.3493e-10 2.62078e-10 1.46098e-10 7.57211e-11 3.66719e-11 1.66785e-11 7.15778e-12 2.91171e-12 1.12717e-12 4.1658e-13 1.47292e-13 4.9852e-14 1.6127e-14 4.96465e-15 1.44215e-15 3.89486e-16 9.53e-17 2.01221e-17 3.29033e-18 2.96053e-19 0 
0 2.10807e-14 2.31356e-13 1.35441e-12 5.89754e-12 2.10988e-11 6.46107e-11 1.72687e-10 4.06852e-10 8.49464e-10 1.57652e-09 2.60588e-09 3.84242e-09 5.06251e-09 5.97147e-09 6.32098e-09 6.0218e-09 5.18065e-09 4.0407e-09 2.86973e-09 1.86471e-09 1.11425e-09 6.15576e-10 3.16154e-10 1.51793e-10 6.85056e-11 2.92159e-11 1.18317e-11 4.5693e-12 1.68835e-12 5.98077e-13 2.03168e-13 6.60526e-14 2.04501e-14 5.97444e-15 1.6217e-15 3.9831e-16 8.42769e-17 1.37818e-17 1.23743e-18 0 
0 5.68021e-14 6.43292e-13 3.88951e-12 1.74938e-11 6.46107e-11 2.04031e-10 5.61412e-10 1.35886e-09 2.90749e-09 5.51435e-09 9.28653e-09 1.39068e-08 1.85484e-08 2.20774e-08 2.35093e-08 2.24657e-08 1.93372e-08 1.50563e-08 1.06555e-08 6.89032e-09 4.09407e-09 2.24843e-09 1.14828e-09 5.48662e-10 2.46752e-10 1.05049e-10 4.25552e-11 1.64755e-11 6.1158e-12 2.18042e-12 7.46445e-13 2.44723e-13 7.63975e-14 2.2486e-14 6.14001e-15 1.51404e-15 3.20869e-16 5.24255e-17 4.69122e-18 0 
0 1.34618e-13 1.5701e-12 9.78516e-12 4.53722e-11 1.72687e-10 5.61412e-10 1.58806e-09 3.94417e-09 8.64036e-09 1.6736e-08 2.87061e-08 4.36589e-08 5.8968e-08 7.08727e-08 7.59985e-08 7.29511e-08 6.29353e-08 4.90241e-08 3.46618e-08 2.23723e-08 1.32635e-08 7.26935e-09 3.70762e-09 1.77149e-09 7.98046e-10 3.4103e-10 1.3898e-10 5.42479e-11 2.034e-11 7.33429e-12 2.54089e-12 8.4279e-13 2.65892e-13 7.89463e-14 2.16946e-14 5.36897e-15 1.13865e-15 1.85628e-16 1.65281e-17 0 
0 2.83956e-13 3.4024e-12 2.18025e-11 1.03971e-10 4.06852e-10 1.35886e-09 3.94417e-09 1.00359e-08 2.24813e-08 4.44326e-08 7.75838e-08 1.19826e-07 1.63944e-07 1.99116e-07 2.15273e-07 2.07913e-07 1.80159e-07 1.40766e-07 9.97424e-08 6.44931e-08 3.83096e-08 2.10527e-08 1.07802e-08 5.18032e-09 2.35216e-09 1.01547e-09 4.19042e-10 1.65947e-10 6.32129e-11 2.31689e-11 8.15519e-12 2.74452e-12 8.76579e-13 2.62737e-13 7.26492e-14 1.8029e-14 3.82106e-15 6.20503e-16 5.48703e-17 0 
0 5.36808e-13 6.58907e-12 4.32885e-11 2.11707e-10 8.49464e-10 2.90749e-09 8.64036e-09 2.24813e-08 5.14191e-08 1.03583e-07 1.84001e-07 2.8854e-07 4.00033e-07 4.91386e-07 5.36367e-07 5.22232e-07 4.55659e-07 3.58226e-07 2.55324e-07 1.66106e-07 9.93555e-08 5.50555e-08 2.84807e-08 1.38584e-08 6.38791e-09 2.80661e-09 1.18122e-09 4.77791e-10 1.85992e-10 6.9624e-11 2.49873e-11 8.55119e-12 2.76789e-12 8.37524e-13 2.3284e-13 5.78617e-14 1.2233e-14 1.97473e-15 1.73054e-16 0 
0 9.13459e-13 1.14496e-11 7.68724e-11 3.84342e-10 1.57652e-09 5.51435e-09 1.6736e-08 4.44326e-08 1.03583e-07 2.12415e-07 3.83577e-07 6.10592e-07 8.58107e-07 1.06709e-06 1.17786e-06 1.15873e-06 1.02102e-06 8.10604e-07 5.83704e-07 3.84034e-07 2.32669e-07 1.30866e-07 6.88927e-08 3.42109e-08 1.61387e-08 7.27477e-09 3.14659e-09 1.30886e-09 5.23612e-10 2.01039e-10 7.37712e-11 2.57096e-11 8.43585e-12 2.57508e-12 7.18754e-13 1.78513e-13 3.75638e-14 6.01339e-15 5.20985e-16 0 
0 1.40326e-12 1.79001e-11 1.22396e-10 6.23471e-10 2.60588e-09 9.28653e-09 2.87061e-08 7.75838e-08 1.84001e-07 3.83577e-07 7.03554e-07 1.13662e-06 1.61992e-06 2.04162e-06 2.28306e-06 2.27524e-06 2.0316e-06 1.63571e-06 1.19606e-06 8.00581e-07 4.94664e-07 2.84583e-07 1.53737e-07 7.85998e-08 3.82868e-08 1.78585e-08 8.00017e-09 3.44448e-09 1.42322e-09 5.62373e-10 2.11391e-10 7.50616e-11 2.49515e-11 7.67242e-12 2.1456e-12 5.31277e-13 1.10974e-13 1.757e-14 1.50095e-15 0 
0 1.95045e-12 2.52304e-11 1.75062e-10 9.05307e-10 3.84242e-09 1.39068e-08 4.36589e-08 1.19826e-07 2.8854e-07 6.10592e-07 1.13662e-06 1.86328e-06 2.69455e-06 3.44638e-06 3.91284e-06 3.96214e-06 3.59921e-06 2.95323e-06 2.2058e-06 1.5125e-06 9.60644e-07 5.7026e-07 3.19112e-07 1.69604e-07 8.6117e-08 4.19277e-08 1.95981e-08 8.78493e-09 3.7643e-09 1.5344e-09 5.91292e-10 2.13813e-10 7.18949e-11 2.22191e-11 6.20838e-12 1.52804e-12 3.15863e-13 4.93112e-14 4.14188e-15 0 
0 2.45763e-12 3.21218e-11 2.25333e-10 1.17869e-09 5.06251e-09 1.85484e-08 5.8968e-08 1.63944e-07 4.00033e-07 8.58107e-07 1.61992e-06 2.69455e-06 3.9568e-06 5.14409e-06 5.94441e-06 6.13747e-06 5.69769e-06 4.79136e-06 3.68041e-06 2.60581e-06 1.7166e-06 1.06183e-06 6.21862e-07 3.47125e-07 1.85496e-07 9.50603e-08 4.6675e-08 2.18877e-08 9.7545e-09 4.10636e-09 1.62169e-09 5.96247e-10 2.02304e-10 6.26463e-11 1.74303e-11 4.24923e-12 8.6624e-13 1.3291e-13 1.09436e-14 0 
0 2.8125e-12 3.70084e-11 2.61508e-10 1.37867e-09 5.97147e-09 2.20774e-08 7.08727e-08 1.99116e-07 4.91386e-07 1.06709e-06 2.04162e-06 3.44638e-06 5.14409e-06 6.8108e-06 8.03427e-06 8.49221e-06 8.09888e-06 7.0252e-06 5.59273e-06 4.12553e-06 2.84718e-06 1.85495e-06 1.14942e-06 6.8093e-07 3.86533e-07 2.10097e-07 1.08976e-07 5.36528e-08 2.49094e-08 1.08285e-08 4.37576e-09 1.63148e-09 5.56653e-10 1.72046e-10 4.74723e-11 1.14169e-11 2.28652e-12 3.43591e-13 2.7646e-14 0 
0 2.929e-12 3.86651e-11 2.74226e-10 1.45199e-09 6.32098e-09 2.35093e-08 7.59985e-08 2.15273e-07 5.36367e-07 1.17786e-06 2.28306e-06 3.91284e-06 5.94441e-06 8.03427e-06 9.70839e-06 1.05546e-05 1.04025e-05 9.37634e-06 7.80386e-06 6.05758e-06 4.42766e-06 3.07285e-06 2.03709e-06 1.29378e-06 7.86851e-07 4.56608e-07 2.51302e-07 1.30196e-07 6.29897e-08 2.82371e-08 1.16433e-08 4.38552e-09 1.49802e-09 4.59929e-10 1.2526e-10 2.95837e-11 5.79663e-12 8.49933e-13 6.66153e-14 0 
0 2.78183e-12 3.67163e-11 2.60484e-10 1.3806e-09 6.0218e-09 2.24657e-08 7.29511e-08 2.07913e-07 5.22232e-07 1.15873e-06 2.27524e-06 3.96214e-06 6.13747e-06 8.49221e-06 1.05546e-05 1.1866e-05 1.21686e-05 1.14917e-05 1.00961e-05 8.33576e-06 6.52706e-06 4.88087e-06 3.49896e-06 2.40474e-06 1.5787e-06 9.83331e-07 5.76063e-07 3.14378e-07 1.58345e-07 7.30008e-08 3.05901e-08 1.15817e-08 3.93889e-09 1.1946e-09 3.19392e-10 7.37126e-11 1.40683e-11 2.00513e-12 1.52597e-13 0 
0 2.41523e-12 3.17728e-11 2.24771e-10 1.18887e-09 5.18065e-09 1.93372e-08 6.29353e-08 1.80159e-07 4.55659e-07 1.02102e-06 2.0316e-06 3.59921e-06 5.69769e-06 8.09888e-06 1.04025e-05 1.21686e-05 1.30841e-05 1.3064e-05 1.22408e-05 1.08703e-05 9.22259e-06 7.51255e-06 5.88116e-06 4.41006e-06 3.14497e-06 2.11161e-06 1.31947e-06 7.58409e-07 3.9679e-07 1.87366e-07 7.93565e-08 3.00118e-08 1.00956e-08 3.00503e-09 7.84018e-10 1.75874e-10 3.25457e-11 4.49194e-12 3.30916e-13 0 
0 1.92196e-12 2.51288e-11 1.76762e-10 9.30483e-10 4.0407e-09 1.50563e-08 4.90241e-08 1.40766e-07 3.58226e-07 8.10604e-07 1.63571e-06 2.95323e-06 4.79136e-06 7.0252e-06 9.37634e-06 1.14917e-05 1.3064e-05 1.39242e-05 1.40619e-05 1.35785e-05 1.26161e-05 1.1305e-05 9.74743e-06 8.03104e-06 6.25449e-06 4.54199e-06 3.03081e-06 1.83259e-06 9.92455e-07 4.77388e-07 2.02961e-07 7.60907e-08 2.51227e-08 7.28613e-09 1.843e-09 3.99613e-10 7.13723e-11 9.50435e-12 6.75875e-13 0 
0 1.40582e-12 1.82222e-11 1.2714e-10 6.64526e-10 2.86973e-09 1.06555e-08 3.46618e-08 9.97424e-08 2.55324e-07 5.83704e-07 1.19606e-06 2.2058e-06 3.68041e-06 5.59273e-06 7.80386e-06 1.00961e-05 1.22408e-05 1.40619e-05 1.54604e-05 1.63943e-05 1.68357e-05 1.67327e-05 1.60038e-05 1.45741e-05 1.24514e-05 9.80697e-06 6.99247e-06 4.43924e-06 2.47727e-06 1.20556e-06 5.10154e-07 1.87874e-07 6.03446e-08 1.69159e-08 4.11995e-09 8.58646e-10 1.47365e-10 1.88714e-11 1.29235e-12 0 
0 9.48099e-13 1.21576e-11 8.39654e-11 4.3493e-10 1.86471e-09 6.89032e-09 2.23723e-08 6.44931e-08 1.66106e-07 3.84034e-07 8.00581e-07 1.5125e-06 2.60581e-06 4.12553e-06 6.05758e-06 8.33576e-06 1.08703e-05 1.35785e-05 1.63943e-05 1.92459e-05 2.2003e-05 2.44115e-05 2.60472e-05 2.63484e-05 2.47968e-05 2.12475e-05 1.62151e-05 1.08036e-05 6.18884e-06 3.02326e-06 1.25919e-06 4.49851e-07 1.38944e-07 3.72904e-08 8.68159e-09 1.7297e-09 2.84143e-10 3.48977e-11 2.29757e-12 0 
0 5.91469e-13 7.49046e-12 5.11258e-11 2.62078e-10 1.11425e-09 4.09407e-09 1.32635e-08 3.83096e-08 9.93555e-08 2.32669e-07 4.94664e-07 9.60644e-07 1.7166e-06 2.84718e-06 4.42766e-06 6.52706e-06 9.22259e-06 1.26161e-05 1.68357e-05 2.2003e-05 2.8142e-05 3.50075e-05 4.18475e-05 4.72316e-05 4.92515e-05 4.6326e-05 3.83157e-05 2.71298e-05 1.60472e-05 7.81511e-06 3.14016e-06 1.05937e-06 3.06924e-07 7.75057e-08 1.70729e-08 3.2334e-09 5.06773e-10 5.95875e-11 3.76866e-12 0 
0 3.42487e-13 4.27816e-12 2.88256e-11 1.46098e-10 6.15576e-10 2.24843e-09 7.26935e-09 2.10527e-08 5.50555e-08 1.30866e-07 2.84583e-07 5.7026e-07 1.06183e-06 1.85495e-06 3.07285e-06 4.88087e-06 7.51255e-06 1.1305e-05 1.67327e-05 2.44115e-05 3.50075e-05 4.89348e-05 6.5744e-05 8.34124e-05 9.81716e-05 0.000105057 9.89759e-05 7.81931e-05 4.92341e-05 2.39255e-05 8.96969e-06 2.68554e-06 6.8066e-07 1.53484e-07 3.1139e-08 5.5488e-09 8.27132e-10 9.30515e-11 5.65591e-12 0 
0 1.84718e-13 2.27411e-12 1.51164e-11 7.57211e-11 3.16154e-10 1.14828e-09 3.70762e-09 1.07802e-08 2.84807e-08 6.88927e-08 1.53737e-07 3.19112e-07 6.21862e-07 1.14942e-06 2.03709e-06 3.49896e-06 5.88116e-06 9.74743e-06 1.60038e-05 2.60472e-05 4.18475e-05 6.5744e-05 9.98449e-05 0.00014575 0.000204498 0.000269628 0.000311205 0.000286667 0.000196162 9.60331e-05 3.34464e-05 8.53671e-06 1.72404e-06 3.09276e-07 5.33977e-08 8.67915e-09 1.22193e-09 1.31544e-10 7.69827e-12 0 
0 9.31243e-14 1.12956e-12 7.40643e-12 3.66719e-11 1.51793e-10 5.48662e-10 1.77149e-09 5.18032e-09 1.38584e-08 3.42109e-08 7.85998e-08 1.69604e-07 3.47125e-07 6.8093e-07 1.29378e-06 2.40474e-06 4.41006e-06 8.03104e-06 1.45741e-05 2.63484e-05 4.72316e-05 8.34124e-05 0.00014575 0.000258513 0.000467771 0.00079406 0.00110539 0.00113846 0.000821513 0.000405556 0.000136098 3.14035e-05 5.21454e-06 6.98792e-07 9.06713e-08 1.24362e-08 1.61887e-09 1.66626e-10 9.41887e-12 0 
0 4.4038e-14 5.2635e-13 3.40563e-12 1.66785e-11 6.85056e-11 2.46752e-10 7.98046e-10 2.35216e-09 6.38791e-09 1.61387e-08 3.82868e-08 8.6117e-08 1.85496e-07 3.86533e-07 7.86851e-07 1.5787e-06 3.14497e-06 6.25449e-06 1.24514e-05 2.47968e-05 4.92515e-05 9.81716e-05 0.000204498 0.000467771 0.0011031 0.00226125 0.00349406 0.00378239 0.00278408 0.00137738 0.000455825 0.000101031 1.52618e-05 1.67507e-06 1.58974e-07 1.66405e-08 1.91322e-09 1.87332e-10 1.02712e-11 0 
0 1.96011e-14 2.30986e-13 1.47603e-12 7.15778e-12 2.92159e-11 1.05049e-10 3.4103e-10 1.01547e-09 2.80661e-09 7.27477e-09 1.78585e-08 4.19277e-08 9.50603e-08 2.10097e-07 4.56608e-07 9.83331e-07 2.11161e-06 4.54199e-06 9.80697e-06 2.12475e-05 4.6326e-05 0.000105057 0.000269628 0.00079406 0.00226125 0.00512282 0.00827475 0.00911641 0.00674528 0.00333245 0.00109564 0.000239159 3.48083e-05 3.47872e-06 2.67199e-07 2.08651e-08 2.00946e-09 1.85373e-10 9.90677e-12 0 
0 8.23783e-15 9.58112e-14 6.05439e-13 2.91171e-12 1.18317e-11 4.25552e-11 1.3898e-10 4.19042e-10 1.18122e-09 3.14659e-09 8.00017e-09 1.95981e-08 4.6675e-08 1.08976e-07 2.51302e-07 5.76063e-07 1.31947e-06 3.03081e-06 6.99247e-06 1.62151e-05 3.83157e-05 9.89759e-05 0.000311205 0.00110539 0.00349406 0.00827475 0.0135892 0.0150574 0.0111547 0.0055032 0.00180293 0.000390926 5.60486e-05 5.38358e-06 3.7092e-07 2.3268e-08 1.85349e-09 1.60189e-10 8.39727e-12 0 
0 3.27848e-15 3.76861e-14 2.35884e-13 1.12717e-12 4.5693e-12 1.64755e-11 5.42479e-11 1.65947e-10 4.77791e-10 1.30886e-09 3.44448e-09 8.78493e-09 2.18877e-08 5.36528e-08 1.30196e-07 3.14378e-07 7.58409e-07 1.83259e-06 4.43924e-06 1.08036e-05 2.71298e-05 7.81931e-05 0.000286667 0.00113846 0.00378239 0.00911641 0.0150574 0.0167149 0.0123864 0.00610658 0.00199704 0.000431616 6.148e-05 5.80747e-06 3.80947e-07 2.11338e-08 1.46152e-09 1.19894e-10 6.22439e-12 0 
0 1.23848e-15 1.40946e-14 8.7554e-14 4.1658e-13 1.68835e-12 6.1158e-12 2.034e-11 6.32129e-11 1.85992e-10 5.23612e-10 1.42322e-09 3.7643e-09 9.7545e-09 2.49094e-08 6.29897e-08 1.58345e-07 3.9679e-07 9.92455e-07 2.47727e-06 6.18884e-06 1.60472e-05 4.92341e-05 0.000196162 0.000821513 0.00278408 0.00674528 0.0111547 0.0123864 0.00917886 0.0045239 0.00147821 0.000318981 4.53156e-05 4.25513e-06 2.74448e-07 1.45705e-08 9.54692e-10 7.71518e-11 4.02191e-12 0 
0 4.44811e-16 5.02154e-15 3.10231e-14 1.47292e-13 5.98077e-13 2.18042e-12 7.33429e-12 2.31689e-11 6.9624e-11 2.01039e-10 5.62373e-10 1.5344e-09 4.10636e-09 1.08285e-08 2.82371e-08 7.30008e-08 1.87366e-07 4.77388e-07 1.20556e-06 3.02326e-06 7.81511e-06 2.39255e-05 9.60331e-05 0.000405556 0.00137738 0.00333245 0.0055032 0.00610658 0.0045239 0.00222914 0.000728056 0.000157022 2.23041e-05 2.09669e-06 1.36057e-07 7.40209e-09 5.08679e-10 4.25606e-11 2.2628e-12 0 
0 1.51974e-16 1.7054e-15 1.05008e-14 4.9852e-14 2.03168e-13 7.46445e-13 2.54089e-12 8.15519e-12 2.49873e-11 7.37712e-11 2.11391e-10 5.91292e-10 1.62169e-09 4.37576e-09 1.16433e-08 3.05901e-08 7.93565e-08 2.02961e-07 5.10154e-07 1.25919e-06 3.14016e-06 8.96969e-06 3.34464e-05 0.000136098 0.000455825 0.00109564 0.00180293 0.00199704 0.00147821 0.000728056 0.000237746 5.13059e-05 7.30789e-06 6.93539e-07 4.65585e-08 2.80984e-09 2.23784e-10 2.0197e-11 1.10923e-12 0 
0 4.93419e-17 5.51512e-16 3.39129e-15 1.6127e-14 6.60526e-14 2.44723e-13 8.4279e-13 2.74452e-12 8.55119e-12 2.57096e-11 7.50616e-11 2.13813e-10 5.96247e-10 1.63148e-09 4.38552e-09 1.15817e-08 3.00118e-08 7.60907e-08 1.87874e-07 4.49851e-07 1.05937e-06 2.68554e-06 8.53671e-06 3.14035e-05 0.000101031 0.000239159 0.000390926 0.000431616 0.000318981 0.000157022 5.13059e-05 1.11026e-05 1.59472e-06 1.55351e-07 1.13618e-08 8.47475e-10 8.39715e-11 8.30309e-12 4.74464e-13 0 
0 1.51714e-17 1.69223e-16 1.04091e-15 4.96465e-15 2.04501e-14 7.63975e-14 2.65892e-13 8.76579e-13 2.76789e-12 8.43585e-12 2.49515e-11 7.18949e-11 2.02304e-10 5.56653e-10 1.49802e-09 3.93889e-09 1.00956e-08 2.51227e-08 6.03446e-08 1.38944e-07 3.06924e-07 6.8066e-07 1.72404e-06 5.21454e-06 1.52618e-05 3.48083e-05 5.60486e-05 6.148e-05 4.53156e-05 2.23041e-05 7.30789e-06 1.59472e-06 2.34428e-07 2.44557e-08 2.16558e-09 2.23828e-10 2.76842e-11 2.97279e-12 1.77223e-13 0 
0 4.3864e-18 4.89e-17 3.01255e-16 1.44215e-15 5.97444e-15 2.2486e-14 7.89463e-14 2.62737e-13 8.37524e-13 2.57508e-12 7.67242e-12 2.22191e-11 6.26463e-11 1.72046e-10 4.59929e-10 1.1946e-09 3.00503e-09 7.28613e-09 1.69159e-08 3.72904e-08 7.75057e-08 1.53484e-07 3.09276e-07 6.98792e-07 1.67507e-06 3.47872e-06 5.38358e-06 5.80747e-06 4.25513e-06 2.09669e-06 6.93539e-07 1.55351e-07 2.44557e-08 3.04286e-09 3.81024e-10 5.56322e-11 8.08354e-12 9.2705e-13 5.77028e-14 0 
0 1.17689e-18 1.31277e-17 8.10551e-17 3.89486e-16 1.6217e-15 6.14001e-15 2.16946e-14 7.26492e-14 2.3284e-13 7.18754e-13 2.1456e-12 6.20838e-12 1.74303e-11 4.74723e-11 1.2526e-10 3.19392e-10 7.84018e-10 1.843e-09 4.11995e-09 8.68159e-09 1.70729e-08 3.1139e-08 5.33977e-08 9.06713e-08 1.58974e-07 2.67199e-07 3.7092e-07 3.80947e-07 2.74448e-07 1.36057e-07 4.65585e-08 1.13618e-08 2.16558e-09 3.81024e-10 7.03414e-11 1.29131e-11 2.06622e-12 2.50153e-13 1.6263e-14 0 
0 2.86043e-19 3.19439e-18 1.97689e-17 9.53e-17 3.9831e-16 1.51404e-15 5.36897e-15 1.8029e-14 5.78617e-14 1.78513e-13 5.31277e-13 1.52804e-12 4.24923e-12 1.14169e-11 2.95837e-11 7.37126e-11 1.75874e-10 3.99613e-10 8.58646e-10 1.7297e-09 3.2334e-09 5.5488e-09 8.67915e-09 1.24362e-08 1.66405e-08 2.08651e-08 2.3268e-08 2.11338e-08 1.45705e-08 7.40209e-09 2.80984e-09 8.47475e-10 2.23828e-10 5.56322e-11 1.29131e-11 2.65108e-12 4.51718e-13 5.7427e-14 3.89966e-15 0 
0 6.00854e-20 6.71811e-19 4.16517e-18 2.01221e-17 8.42769e-17 3.20869e-16 1.13865e-15 3.82106e-15 1.2233e-14 3.75638e-14 1.10974e-13 3.15863e-13 8.6624e-13 2.28652e-12 5.79663e-12 1.40683e-11 3.25457e-11 7.13723e-11 1.47365e-10 2.84143e-10 5.06773e-10 8.27132e-10 1.22193e-09 1.61887e-09 1.91322e-09 2.00946e-09 1.85349e-09 1.46152e-09 9.54692e-10 5.08679e-10 2.23784e-10 8.39715e-11 2.76842e-11 8.08354e-12 2.06622e-12 4.51718e-13 8.09931e-14 1.07845e-14 7.64521e-16 0 
0 9.80337e-21 1.09691e-19 6.80647e-19 3.29033e-18 1.37818e-17 5.24255e-17 1.85628e-16 6.20503e-16 1.97473e-15 6.01339e-15 1.757e-14 4.93112e-14 1.3291e-13 3.43591e-13 8.49933e-13 2.00513e-12 4.49194e-12 9.50435e-12 1.88714e-11 3.48977e-11 5.95875e-11 9.30515e-11 1.31544e-10 1.66626e-10 1.87332e-10 1.85373e-10 1.60189e-10 1.19894e-10 7.71518e-11 4.25606e-11 2.0197e-11 8.30309e-12 2.97279e-12 9.2705e-13 2.50153e-13 5.7427e-14 1.07845e-14 1.50083e-15 1.10944e-16 0 
0 8.837e-22 9.88592e-21 6.13125e-20 2.96053e-19 1.23743e-18 4.69122e-18 1.65281e-17 5.48703e-17 1.73054e-16 5.20985e-16 1.50095e-15 4.14188e-15 1.09436e-14 2.7646e-14 6.66153e-14 1.52597e-13 3.30916e-13 6.75875e-13 1.29235e-12 2.29757e-12 3.76866e-12 5.65591e-12 7.69827e-12 9.41887e-12 1.02712e-11 9.90677e-12 8.39727e-12 6.22439e-12 4.02191e-12 2.2628e-12 1.10923e-12 4.74464e-13 1.77223e-13 5.77028e-14 1.6263e-14 3.89966e-15 7.64521e-16 1.10944e-16 8.53817e-18 0 
0 0 0 0 0 0 0 0 0 0 0 0 0 0 0 0 0 0 0 0 0 0 0 0 0 0 0 0 0 0 0 0 0 0 0 0 0 0 0 0 0 
