0 0 0 0 0 0 0 0 0 0 0 0 0 0 0 0 0 0 0 0 0 0 0 0 0 0 0 0 0 0 0 0 0 0 0 0 0 0 0 0 0 
0 4.28011e-07 3.80535e-06 1.67038e-05 5.02565e-05 0.000115685 0.000217106 0.000348363 0.00049602 0.000644534 0.00077996 0.00089152 0.000971889 0.00101696 0.00102551 0.000998811 0.000940303 0.000855202 0.000750124 0.000632674 0.000510965 0.000393028 0.000286049 0.000195525 0.000124514 7.32803e-05 3.95629e-05 1.94759e-05 8.70596e-06 3.52631e-06 1.2936e-06 4.29949e-07 1.29501e-07 3.53078e-08 8.67815e-09 1.9045e-09 3.65769e-10 5.89116e-11 7.18463e-12 4.74159e-13 0 
0 3.80535e-06 3.45319e-05 0.00014899 0.000421456 0.000882048 0.00148685 0.00215791 0.00282735 0.00344773 0.00398564 0.00441616 0.00472127 0.00489035 0.00492073 0.00481772 0.00459362 0.00426618 0.00385659 0.00338756 0.002882 0.00236249 0.00185183 0.00137373 0.000952173 0.00060789 0.000352461 0.000183443 8.50748e-05 3.50749e-05 1.28797e-05 4.22984e-06 1.24758e-06 3.31217e-07 7.90293e-08 1.68159e-08 3.13127e-09 4.89356e-10 5.79825e-11 3.72362e-12 0 
0 1.67038e-05 0.00014899 0.000595206 0.00148431 0.00271598 0.00410935 0.00554679 0.00695624 0.00827236 0.00942883 0.010365 0.0110335 0.0114053 0.0114714 0.0112429 0.0107486 0.0100309 0.00914086 0.00813329 0.00706097 0.00597027 0.00489809 0.00387206 0.0029153 0.00205453 0.00132524 0.000763734 0.000385422 0.000168531 6.38792e-05 2.11607e-05 6.19126e-06 1.61331e-06 3.75571e-07 7.77464e-08 1.40719e-08 2.13831e-09 2.46609e-10 1.54373e-11 0 
0 5.02565e-05 0.000421456 0.00148431 0.00321996 0.00533694 0.00766502 0.0101079 0.0125505 0.0148584 0.0168982 0.0185541 0.0197381 0.0203967 0.0205135 0.0201082 0.0192318 0.0179606 0.0163869 0.0146105 0.0127301 0.0108352 0.00899989 0.00727758 0.00569859 0.00427411 0.00301117 0.00193484 0.00109451 0.000528684 0.000215001 7.39847e-05 2.18975e-05 5.66971e-06 1.29781e-06 2.62741e-07 4.64019e-08 6.8769e-09 7.73969e-10 4.73347e-11 0 
0 0.000115685 0.000882048 0.00271598 0.00533694 0.0084595 0.0119646 0.0156962 0.0194481 0.0229997 0.0261411 0.0286919 0.030516 0.0315307 0.0317106 0.0310858 0.0297353 0.0277766 0.0253525 0.0226172 0.0197238 0.0168125 0.0140021 0.0113838 0.00901707 0.00692668 0.00510531 0.00353226 0.00221164 0.00119635 0.000537722 0.00019821 6.07486e-05 1.58711e-05 3.60721e-06 7.18857e-07 1.24461e-07 1.80565e-08 1.98931e-09 1.19186e-10 0 
0 0.000217106 0.00148685 0.00410935 0.00766502 0.0119646 0.016851 0.0220719 0.0273261 0.0323012 0.0367022 0.0402764 0.0428335 0.0442577 0.0445104 0.0436327 0.0417385 0.0389935 0.0355971 0.0317653 0.0277127 0.0236362 0.0197034 0.0160448 0.0127503 0.00986709 0.00739932 0.00531102 0.00355161 0.00211222 0.00105537 0.000425438 0.000137988 3.69682e-05 8.43192e-06 1.66581e-06 2.84195e-07 4.05236e-08 4.385e-09 2.58125e-10 0 
0 0.000348363 0.00215791 0.00554679 0.0101079 0.0156962 0.0220719 0.0288891 0.0357512 0.0422494 0.0480037 0.05273 0.0563091 0.0585222 0.0589452 0.0575293 0.0547362 0.0510187 0.0465573 0.0415501 0.0362572 0.0309337 0.0257989 0.0210241 0.0167283 0.0129788 0.00979316 0.00713954 0.00494465 0.00313502 0.00171356 0.000758266 0.000263951 7.35202e-05 1.69973e-05 3.35193e-06 5.66336e-07 7.96884e-08 8.49818e-09 4.92964e-10 0 
0 0.00049602 0.00282735 0.00695624 0.0125505 0.0194481 0.0273261 0.0357512 0.0442325 0.0522796 0.059659 0.0669511 0.0732471 0.0767772 0.0774174 0.0753316 0.0705397 0.0640756 0.0577205 0.0514102 0.0448596 0.0382804 0.031935 0.0260354 0.0207294 0.0161021 0.0121804 0.00893776 0.00629646 0.00414673 0.00241979 0.0011628 0.000435848 0.000127305 3.00665e-05 5.95344e-06 1.00068e-06 1.39465e-07 1.47052e-08 8.43028e-10 0 
0 0.000644534 0.00344773 0.00827236 0.0148584 0.0229997 0.0323012 0.0422494 0.0522796 0.0621629 0.0732915 0.0825242 0.0872394 0.0893607 0.0897607 0.0885968 0.0855424 0.0794622 0.0699169 0.0609413 0.0530183 0.0452387 0.0377466 0.0307813 0.0245179 0.0190573 0.0144338 0.0106227 0.00754527 0.00507597 0.00309352 0.00158611 0.000636248 0.000195295 4.73297e-05 9.44971e-06 1.5859e-06 2.19631e-07 2.2964e-08 1.30458e-09 0 
0 0.00077996 0.00398564 0.00942883 0.0168982 0.0261411 0.0367022 0.0480037 0.059659 0.0732915 0.0850839 0.0908856 0.0939844 0.0955032 0.0958156 0.0950031 0.0929333 0.0891455 0.0822825 0.0708387 0.0603817 0.0514021 0.0428888 0.0349806 0.0278697 0.0216714 0.0164252 0.0121067 0.00863507 0.0058776 0.00368138 0.00197822 0.000839261 0.000269707 6.71186e-05 1.35416e-05 2.27489e-06 3.13874e-07 3.2626e-08 1.84117e-09 0 
0 0.00089152 0.00441616 0.010365 0.0185541 0.0286919 0.0402764 0.05273 0.0669511 0.0825242 0.0908856 0.0952957 0.0978239 0.0991089 0.0993873 0.0987169 0.0970189 0.094025 0.0890321 0.0800167 0.0670972 0.0564563 0.0470675 0.038392 0.0305927 0.0237948 0.0180424 0.01331 0.00951421 0.00651807 0.00415097 0.00230258 0.00101894 0.000340101 8.66729e-05 1.76726e-05 2.97598e-06 4.09869e-07 4.24459e-08 2.38456e-09 0 
0 0.000971889 0.00472127 0.0110335 0.0197381 0.030516 0.0428335 0.0563091 0.0732471 0.0872394 0.0939844 0.0978239 0.100099 0.101276 0.101539 0.100936 0.0994093 0.096759 0.092496 0.0852917 0.0727566 0.0602145 0.0500621 0.0408335 0.0325416 0.0253146 0.0191997 0.0141707 0.0101415 0.00697233 0.00448312 0.00253665 0.00115494 0.000396259 0.000102863 2.1162e-05 3.57346e-06 4.91935e-07 5.08443e-08 2.84894e-09 0 
0 0.00101696 0.00489035 0.0114053 0.0203967 0.0315307 0.0442577 0.0585222 0.0767772 0.0893607 0.0955032 0.0991089 0.101276 0.102405 0.102662 0.10209 0.100638 0.0981333 0.0941651 0.0876673 0.0760383 0.0624543 0.0517363 0.0421944 0.033628 0.0261621 0.0198453 0.014651 0.0104914 0.00722528 0.00466822 0.00266913 0.00123466 0.000430523 0.000113048 2.33987e-05 3.96061e-06 5.45469e-07 5.63492e-08 3.15453e-09 0 
0 0.00102551 0.00492073 0.0114714 0.0205135 0.0317106 0.0445104 0.0589452 0.0774174 0.0897607 0.0958156 0.0993873 0.101539 0.102662 0.102918 0.10235 0.100909 0.0984264 0.0945019 0.0881078 0.0766464 0.062878 0.0520392 0.0424405 0.0338251 0.0263164 0.0199634 0.0147394 0.0105566 0.00727339 0.00470498 0.00269737 0.00125312 0.000439068 0.000115743 2.40184e-05 4.07212e-06 5.61432e-07 5.80454e-08 3.25176e-09 0 
0 0.000998811 0.00481772 0.0112429 0.0201082 0.0310858 0.0436327 0.0575293 0.0753316 0.0885968 0.0950031 0.0987169 0.100936 0.10209 0.10235 0.101764 0.100276 0.0977039 0.093603 0.0867993 0.0746853 0.0614761 0.0510171 0.0416122 0.033165 0.0258026 0.0195733 0.0144505 0.0103478 0.00712497 0.00459992 0.0026258 0.00121218 0.000422213 0.000110922 2.29999e-05 3.90285e-06 5.39032e-07 5.58498e-08 3.13616e-09 0 
0 0.000940303 0.00459362 0.0107486 0.0192318 0.0297353 0.0417385 0.0547362 0.0705397 0.0855424 0.0929333 0.0970189 0.0994093 0.100638 0.100909 0.100276 0.0986722 0.0958707 0.0913022 0.0833572 0.0703274 0.0586096 0.0488078 0.0398152 0.0317322 0.0246869 0.0187253 0.0138219 0.0098923 0.00679913 0.00436669 0.00246505 0.0011197 0.00038404 9.99383e-05 2.06529e-05 3.50682e-06 4.85671e-07 5.05121e-08 2.84862e-09 0 
0 0.000855202 0.00426618 0.0100309 0.0179606 0.0277766 0.0389935 0.0510187 0.0640756 0.0794622 0.0891455 0.094025 0.096759 0.0981333 0.0984264 0.0977039 0.0958707 0.0926007 0.0870142 0.0768053 0.0645682 0.0546723 0.0456082 0.0372068 0.0296524 0.0230674 0.0174945 0.0129092 0.00923017 0.00632377 0.00402538 0.00223179 0.000988835 0.000331561 8.51341e-05 1.75178e-05 2.97888e-06 4.14429e-07 4.33637e-08 2.46205e-09 0 
0 0.000750124 0.00385659 0.00914086 0.0163869 0.0253525 0.0355971 0.0465573 0.0577205 0.0699169 0.0822825 0.0890321 0.092496 0.0941651 0.0945019 0.093603 0.0913022 0.0870142 0.0790724 0.067975 0.0585397 0.0499056 0.0416505 0.0339781 0.0270786 0.0210637 0.0159723 0.0117806 0.00841046 0.00573355 0.00360255 0.00194939 0.000837356 0.000273574 6.92904e-05 1.42192e-05 2.42776e-06 3.40307e-07 3.59361e-08 2.06054e-09 0 
0 0.000632674 0.00338756 0.00813329 0.0146105 0.0226172 0.0317653 0.0415501 0.0514102 0.0609413 0.0708387 0.0800167 0.0852917 0.0876673 0.0881078 0.0867993 0.0833572 0.0768053 0.067975 0.0598954 0.0521973 0.044553 0.0371859 0.0303363 0.0241763 0.0188056 0.014258 0.0105103 0.00748748 0.00506925 0.00313337 0.00164948 0.000686742 0.00021934 5.50714e-05 1.13279e-05 1.95096e-06 2.76677e-07 2.95926e-08 1.71887e-09 0 
0 0.000510965 0.002882 0.00706097 0.0127301 0.0197238 0.0277127 0.0362572 0.0448596 0.0530183 0.0603817 0.0670972 0.0727566 0.0760383 0.0766464 0.0746853 0.0703274 0.0645682 0.0585397 0.0521973 0.0455623 0.0388953 0.0324651 0.0264867 0.0211103 0.0164223 0.0124514 0.00917429 0.00651992 0.00438194 0.00266754 0.00137388 0.000560525 0.000177281 4.46067e-05 9.26815e-06 1.61824e-06 2.32893e-07 2.52693e-08 1.48741e-09 0 
0 0.000393028 0.00236249 0.00597027 0.0108352 0.0168125 0.0236362 0.0309337 0.0382804 0.0452387 0.0514021 0.0564563 0.0602145 0.0624543 0.062878 0.0614761 0.0586096 0.0546723 0.0499056 0.044553 0.0388953 0.0332056 0.0277187 0.0226181 0.0180323 0.0140354 0.010651 0.00785567 0.00558425 0.00374839 0.00227751 0.00117322 0.000481217 0.00015388 3.92712e-05 8.27855e-06 1.46458e-06 2.13153e-07 2.33403e-08 1.3838e-09 0 
0 0.000286049 0.00185183 0.00489809 0.00899989 0.0140021 0.0197034 0.0257989 0.031935 0.0377466 0.0428888 0.0470675 0.0500621 0.0517363 0.0520392 0.0510171 0.0488078 0.0456082 0.0416505 0.0371859 0.0324651 0.0277187 0.023143 0.0188925 0.0150787 0.0117736 0.00900509 0.00673577 0.0048722 0.00332797 0.00206588 0.00109689 0.000465178 0.000152713 3.95762e-05 8.39796e-06 1.48738e-06 2.1604e-07 2.35661e-08 1.39027e-09 0 
0 0.000195525 0.00137373 0.00387206 0.00727758 0.0113838 0.0160448 0.0210241 0.0260354 0.0307813 0.0349806 0.038392 0.0408335 0.0421944 0.0424405 0.0416122 0.0398152 0.0372068 0.0339781 0.0303363 0.0264867 0.0226181 0.0188925 0.0154445 0.0124018 0.00991074 0.00805971 0.00666233 0.00528496 0.00374111 0.00229435 0.00121 0.000522065 0.000174008 4.50408e-05 9.43643e-06 1.64258e-06 2.34263e-07 2.51046e-08 1.45648e-09 0 
0 0.000124514 0.000952173 0.0029153 0.00569859 0.00901707 0.0127503 0.0167283 0.0207294 0.0245179 0.0278697 0.0305927 0.0325416 0.033628 0.0338251 0.033165 0.0317322 0.0296524 0.0270786 0.0241763 0.0211103 0.0180323 0.0150787 0.0124018 0.0102989 0.00935117 0.00998341 0.0112202 0.0107879 0.00787099 0.00428274 0.0018578 0.000697875 0.000218758 5.43161e-05 1.0949e-05 1.84231e-06 2.55139e-07 2.66453e-08 1.51099e-09 0 
0 7.32803e-05 0.00060789 0.00205453 0.00427411 0.00692668 0.00986709 0.0129788 0.0161021 0.0190573 0.0216714 0.0237948 0.0253146 0.0261621 0.0263164 0.0258026 0.0246869 0.0230674 0.0210637 0.0188056 0.0164223 0.0140354 0.0117736 0.00991074 0.00935117 0.0121686 0.0199467 0.0334916 0.0404785 0.0231515 0.0116001 0.00416342 0.00118379 0.00030058 6.60461e-05 1.23121e-05 1.97003e-06 2.6352e-07 2.67803e-08 1.48411e-09 0 
0 3.95629e-05 0.000352461 0.00132524 0.00301117 0.00510531 0.00739932 0.00979316 0.0121804 0.0144338 0.0164252 0.0180424 0.0191997 0.0198453 0.0199634 0.0195733 0.0187253 0.0174945 0.0159723 0.014258 0.0124514 0.010651 0.00900509 0.00805971 0.00998341 0.0199467 0.0481619 0.0774933 0.0797149 0.0682405 0.0272031 0.00908248 0.00218672 0.000435226 7.85571e-05 1.28896e-05 1.9232e-06 2.47909e-07 2.45941e-08 1.33737e-09 0 
0 1.94759e-05 0.000183443 0.000763734 0.00193484 0.00353226 0.00531102 0.00713954 0.00893776 0.0106227 0.0121067 0.01331 0.0141707 0.014651 0.0147394 0.0144505 0.0138219 0.0129092 0.0117806 0.0105103 0.00917429 0.00785567 0.00673577 0.00666233 0.0112202 0.0334916 0.0774933 0.0857403 0.0867038 0.0822705 0.058576 0.014636 0.00331808 0.000571142 8.57659e-05 1.21169e-05 1.66334e-06 2.06867e-07 2.01639e-08 1.08327e-09 0 
0 8.70596e-06 8.50748e-05 0.000385422 0.00109451 0.00221164 0.00355161 0.00494465 0.00629646 0.00754527 0.00863507 0.00951421 0.0101415 0.0104914 0.0105566 0.0103478 0.0098923 0.00923017 0.00841046 0.00748748 0.00651992 0.00558425 0.0048722 0.00528496 0.0107879 0.0404785 0.0797149 0.0867038 0.0876538 0.084158 0.0682146 0.0164161 0.00358955 0.000581121 7.77811e-05 9.73447e-06 1.24178e-06 1.50395e-07 1.45425e-08 7.78561e-10 0 
0 3.52631e-06 3.50749e-05 0.000168531 0.000528684 0.00119635 0.00211222 0.00313502 0.00414673 0.00507597 0.0058776 0.00651807 0.00697233 0.00722528 0.00727339 0.00712497 0.00679913 0.00632377 0.00573355 0.00506925 0.00438194 0.00374839 0.00332797 0.00374111 0.00787099 0.0231515 0.0682405 0.0822705 0.084158 0.0785922 0.0427216 0.0119434 0.00265286 0.000423069 5.39201e-05 6.34772e-06 7.82026e-07 9.41485e-08 9.14563e-09 4.92656e-10 0 
0 1.2936e-06 1.28797e-05 6.38792e-05 0.000215001 0.000537722 0.00105537 0.00171356 0.00241979 0.00309352 0.00368138 0.00415097 0.00448312 0.00466822 0.00470498 0.00459992 0.00436669 0.00402538 0.00360255 0.00313337 0.00266754 0.00227751 0.00206588 0.00229435 0.00428274 0.0116001 0.0272031 0.058576 0.0682146 0.0427216 0.0179446 0.00592038 0.00132905 0.000214868 2.74622e-05 3.26148e-06 4.10249e-07 5.04748e-08 4.99465e-09 2.73342e-10 0 
0 4.29949e-07 4.22984e-06 2.11607e-05 7.39847e-05 0.00019821 0.000425438 0.000758266 0.0011628 0.00158611 0.00197822 0.00230258 0.00253665 0.00266913 0.00269737 0.0026258 0.00246505 0.00223179 0.00194939 0.00164948 0.00137388 0.00117322 0.00109689 0.00121 0.0018578 0.00416342 0.00908248 0.014636 0.0164161 0.0119434 0.00592038 0.00197624 0.000455906 7.64881e-05 1.03082e-05 1.32763e-06 1.79979e-07 2.31995e-08 2.3673e-09 1.32771e-10 0 
0 1.29501e-07 1.24758e-06 6.19126e-06 2.18975e-05 6.07486e-05 0.000137988 0.000263951 0.000435848 0.000636248 0.000839261 0.00101894 0.00115494 0.00123466 0.00125312 0.00121218 0.0011197 0.000988835 0.000837356 0.000686742 0.000560525 0.000481217 0.000465178 0.000522065 0.000697875 0.00118379 0.00218672 0.00331808 0.00358955 0.00265286 0.00132905 0.000455906 0.000109949 1.97372e-05 2.98567e-06 4.44699e-07 6.71387e-08 9.18974e-09 9.75159e-10 5.64453e-11 0 
0 3.53078e-08 3.31217e-07 1.61331e-06 5.66971e-06 1.58711e-05 3.69682e-05 7.35202e-05 0.000127305 0.000195295 0.000269707 0.000340101 0.000396259 0.000430523 0.000439068 0.000422213 0.00038404 0.000331561 0.000273574 0.00021934 0.000177281 0.00015388 0.000152713 0.000174008 0.000218758 0.00030058 0.000435226 0.000571142 0.000581121 0.000423069 0.000214868 7.64881e-05 1.97372e-05 4.00409e-06 7.26062e-07 1.28728e-07 2.16652e-08 3.1539e-09 3.49643e-10 2.09953e-11 0 
0 8.67815e-09 7.90293e-08 3.75571e-07 1.29781e-06 3.60721e-06 8.43192e-06 1.69973e-05 3.00665e-05 4.73297e-05 6.71186e-05 8.66729e-05 0.000102863 0.000113048 0.000115743 0.000110922 9.99383e-05 8.51341e-05 6.92904e-05 5.50714e-05 4.46067e-05 3.92712e-05 3.95762e-05 4.50408e-05 5.43161e-05 6.60461e-05 7.85571e-05 8.57659e-05 7.77811e-05 5.39201e-05 2.74622e-05 1.03082e-05 2.98567e-06 7.26062e-07 1.60903e-07 3.3134e-08 6.09285e-09 9.39504e-10 1.09048e-10 6.81627e-12 0 
0 1.9045e-09 1.68159e-08 7.77464e-08 2.62741e-07 7.18857e-07 1.66581e-06 3.35193e-06 5.95344e-06 9.44971e-06 1.35416e-05 1.76726e-05 2.1162e-05 2.33987e-05 2.40184e-05 2.29999e-05 2.06529e-05 1.75178e-05 1.42192e-05 1.13279e-05 9.26815e-06 8.27855e-06 8.39796e-06 9.43643e-06 1.0949e-05 1.23121e-05 1.28896e-05 1.21169e-05 9.73447e-06 6.34772e-06 3.26148e-06 1.32763e-06 4.44699e-07 1.28728e-07 3.3134e-08 7.55263e-09 1.48686e-09 2.4185e-10 2.9413e-11 1.9175e-12 0 
0 3.65769e-10 3.13127e-09 1.40719e-08 4.64019e-08 1.24461e-07 2.84195e-07 5.66336e-07 1.00068e-06 1.5859e-06 2.27489e-06 2.97598e-06 3.57346e-06 3.96061e-06 4.07212e-06 3.90285e-06 3.50682e-06 2.97888e-06 2.42776e-06 1.95096e-06 1.61824e-06 1.46458e-06 1.48738e-06 1.64258e-06 1.84231e-06 1.97003e-06 1.9232e-06 1.66334e-06 1.24178e-06 7.82026e-07 4.10249e-07 1.79979e-07 6.71387e-08 2.16652e-08 6.09285e-09 1.48686e-09 3.09718e-10 5.29877e-11 6.75048e-12 4.59294e-13 0 
0 5.89116e-11 4.89356e-10 2.13831e-09 6.8769e-09 1.80565e-08 4.05236e-08 7.96884e-08 1.39465e-07 2.19631e-07 3.13874e-07 4.09869e-07 4.91935e-07 5.45469e-07 5.61432e-07 5.39032e-07 4.85671e-07 4.14429e-07 3.40307e-07 2.76677e-07 2.32893e-07 2.13153e-07 2.1604e-07 2.34263e-07 2.55139e-07 2.6352e-07 2.47909e-07 2.06867e-07 1.50395e-07 9.41485e-08 5.04748e-08 2.31995e-08 9.18974e-09 3.1539e-09 9.39504e-10 2.4185e-10 5.29877e-11 9.51112e-12 1.26787e-12 9.00019e-14 0 
0 7.18463e-12 5.79825e-11 2.46609e-10 7.73969e-10 1.98931e-09 4.385e-09 8.49818e-09 1.47052e-08 2.2964e-08 3.2626e-08 4.24459e-08 5.08443e-08 5.63492e-08 5.80454e-08 5.58498e-08 5.05121e-08 4.33637e-08 3.59361e-08 2.95926e-08 2.52693e-08 2.33403e-08 2.35661e-08 2.51046e-08 2.66453e-08 2.67803e-08 2.45941e-08 2.01639e-08 1.45425e-08 9.14563e-09 4.99465e-09 2.3673e-09 9.75159e-10 3.49643e-10 1.09048e-10 2.9413e-11 6.75048e-12 1.26787e-12 1.76537e-13 1.30609e-14 0 
0 4.74159e-13 3.72362e-12 1.54373e-11 4.73347e-11 1.19186e-10 2.58125e-10 4.92964e-10 8.43028e-10 1.30458e-09 1.84117e-09 2.38456e-09 2.84894e-09 3.15453e-09 3.25176e-09 3.13616e-09 2.84862e-09 2.46205e-09 2.06054e-09 1.71887e-09 1.48741e-09 1.3838e-09 1.39027e-09 1.45648e-09 1.51099e-09 1.48411e-09 1.33737e-09 1.08327e-09 7.78561e-10 4.92656e-10 2.73342e-10 1.32771e-10 5.64453e-11 2.09953e-11 6.81627e-12 1.9175e-12 4.59294e-13 9.00019e-14 1.30609e-14 1.00554e-15 0 
0 0 0 0 0 0 0 0 0 0 0 0 0 0 0 0 0 0 0 0 0 0 0 0 0 0 0 0 0 0 0 0 0 0 0 0 0 0 0 0 0 
