0 0 0 0 0 0 0 0 0 0 0 0 0 0 0 0 0 0 0 0 0 0 0 0 0 0 0 0 0 0 0 0 0 0 0 0 0 0 0 0 0 
0 5.24629e-07 4.63646e-06 2.01187e-05 5.95408e-05 0.000134456 0.000247569 0.000390575 0.000548445 0.000705 0.000846318 0.000961915 0.00104479 0.00109109 0.00109974 0.00107213 0.00101171 0.000923688 0.000814616 0.000692043 0.000564072 0.000438836 0.0003238 0.000224933 0.00014592 8.76649e-05 4.83856e-05 2.43674e-05 1.11403e-05 4.60974e-06 1.72441e-06 5.83161e-07 1.78304e-07 4.92365e-08 1.2231e-08 2.70784e-09 5.23788e-10 8.48524e-11 1.03966e-11 6.88718e-13 0 
0 4.63646e-06 4.16686e-05 0.000176382 0.000485943 0.00098907 0.00162781 0.00232058 0.00300332 0.00363282 0.00417787 0.0046141 0.00492333 0.00509459 0.00512508 0.00502017 0.00479248 0.00446019 0.00404495 0.00356979 0.00305745 0.00252978 0.00200816 0.0015146 0.00107197 0.000701758 0.000418633 0.000224584 0.000107342 4.5518e-05 1.71344e-05 5.74634e-06 1.72424e-06 4.64134e-07 1.11967e-07 2.40318e-08 4.5054e-09 7.07849e-10 8.42184e-11 5.42596e-12 0 
0 2.01187e-05 0.000176382 0.000683366 0.00164475 0.00292395 0.00434311 0.00580139 0.00723383 0.0085745 0.00975433 0.0107102 0.0113929 0.0117724 0.0118395 0.0116056 0.0111001 0.0103667 0.00945793 0.00843037 0.0073387 0.00623108 0.00514547 0.00410892 0.00314117 0.00226276 0.00150297 0.000897701 0.000471149 0.000214101 8.39705e-05 2.86047e-05 8.55269e-06 2.26536e-06 5.3382e-07 1.11508e-07 2.03183e-08 3.10293e-09 3.59193e-10 2.2548e-11 0 
0 5.95408e-05 0.000485943 0.00164475 0.00344819 0.0056035 0.00797219 0.0104653 0.0129626 0.0153236 0.0174109 0.0191052 0.0203165 0.02099 0.0211089 0.0206935 0.0197962 0.0184949 0.0168845 0.0150672 0.0131444 0.0112084 0.0093361 0.007584 0.00598439 0.00454723 0.00327193 0.00216964 0.00127941 0.000647845 0.000275783 9.86265e-05 3.00576e-05 7.94701e-06 1.84578e-06 3.77473e-07 6.7135e-08 9.99882e-09 1.12927e-09 6.9238e-11 0 
0 0.000134456 0.00098907 0.00292395 0.0056035 0.00878649 0.0123699 0.0161896 0.0200312 0.0236674 0.0268832 0.0294941 0.0313607 0.0323986 0.0325818 0.0319415 0.0305585 0.0285532 0.0260717 0.023272 0.0203108 0.0173319 0.0144575 0.0117819 0.00936829 0.00724469 0.00540475 0.00382027 0.00247561 0.00140413 0.000666055 0.000258149 8.23072e-05 2.21092e-05 5.11855e-06 1.03238e-06 1.80153e-07 2.62722e-08 2.9045e-09 1.74433e-10 0 
0 0.000247569 0.00162781 0.00434311 0.00797219 0.0123699 0.0173743 0.0227218 0.0281027 0.0331968 0.0377021 0.0413609 0.0439817 0.045449 0.0457101 0.044801 0.042854 0.040042 0.036565 0.0326428 0.0284946 0.0243224 0.0202976 0.0165545 0.0131861 0.0102432 0.00773385 0.0056236 0.00385238 0.00238419 0.00125782 0.000537702 0.000183426 5.09643e-05 1.19033e-05 2.38669e-06 4.10936e-07 5.89333e-08 6.40046e-09 3.77669e-10 0 
0 0.000390575 0.00232058 0.00580139 0.0104653 0.0161896 0.0227218 0.0297049 0.0367321 0.0433856 0.0492909 0.0543681 0.0589418 0.0621096 0.0627411 0.0607091 0.0568334 0.0524496 0.0477932 0.0426622 0.0372445 0.0317959 0.0265404 0.0216537 0.0172583 0.0134245 0.010173 0.00747632 0.00526127 0.00343791 0.0019725 0.000928125 0.00034287 9.99609e-05 2.38143e-05 4.78303e-06 8.17011e-07 1.15718e-07 1.23901e-08 7.20555e-10 0 
0 0.000548445 0.00300332 0.00723383 0.0129626 0.0200312 0.0281027 0.0367321 0.0454173 0.0536979 0.0623261 0.0722391 0.0789533 0.0818946 0.0824151 0.0808199 0.0764233 0.0684452 0.0597041 0.0527767 0.0460513 0.0393173 0.032823 0.0267849 0.0213547 0.0166203 0.0126113 0.00930474 0.00662657 0.00446178 0.00271093 0.0013819 0.000552661 0.000170373 4.17391e-05 8.45048e-06 1.43893e-06 2.02066e-07 2.14019e-08 1.23035e-09 0 
0 0.000705 0.00363282 0.0085745 0.0153236 0.0236674 0.0331968 0.0433856 0.0536979 0.0653878 0.0790844 0.0860504 0.0893971 0.0909816 0.0913037 0.0904632 0.0882755 0.0840682 0.0754451 0.0632736 0.0544266 0.0464394 0.0387714 0.0316429 0.0252326 0.0196446 0.0149152 0.0110223 0.00789126 0.00539732 0.00339948 0.00183977 0.000788821 0.0002572 6.5058e-05 1.33339e-05 2.27178e-06 3.17347e-07 3.33486e-08 1.90033e-09 0 
0 0.000846318 0.00417787 0.00975433 0.0174109 0.0268832 0.0377021 0.0492909 0.0623261 0.0790844 0.0878103 0.0920991 0.094493 0.0956998 0.0959652 0.0953468 0.0937604 0.0909151 0.0859921 0.0761669 0.0624931 0.0527599 0.0440332 0.03594 0.0286626 0.0223193 0.0169517 0.012537 0.0089977 0.00620443 0.00399326 0.0022528 0.0010209 0.000349995 9.13798e-05 1.8994e-05 3.24585e-06 4.5219e-07 4.7266e-08 2.67631e-09 0 
0 0.000961915 0.0046141 0.0107102 0.0191052 0.0294941 0.0413609 0.0543681 0.0722391 0.0860504 0.0920991 0.0955149 0.0975366 0.0985854 0.0988275 0.0983057 0.0969667 0.0946296 0.0908446 0.0843222 0.0712627 0.0580849 0.0483098 0.0394295 0.031448 0.0244912 0.0186051 0.0137656 0.00989153 0.00685004 0.00446492 0.00258839 0.00122135 0.000435949 0.000117014 2.46533e-05 4.23021e-06 5.88784e-07 6.13429e-08 3.45863e-09 0 
0 0.00104479 0.00492333 0.0113929 0.0203165 0.0313607 0.0439817 0.0589418 0.0789533 0.0893971 0.094493 0.0975366 0.0993838 0.100356 0.100587 0.100114 0.0988946 0.0967917 0.0934777 0.0881064 0.0778053 0.0624991 0.0513832 0.0419253 0.0334402 0.0260447 0.0197876 0.014644 0.0105294 0.00730809 0.00479741 0.00282758 0.00137022 0.000503301 0.000137953 2.9387e-05 5.06266e-06 7.04782e-07 7.33079e-08 4.1232e-09 0 
0 0.00109109 0.00509459 0.0117724 0.02099 0.0323986 0.045449 0.0621096 0.0818946 0.0909816 0.0956998 0.0985854 0.100356 0.101294 0.101521 0.101069 0.0999039 0.0979034 0.0947861 0.0898572 0.0808819 0.0653942 0.0531148 0.0433145 0.034549 0.0269094 0.0204461 0.0151331 0.0108844 0.00756247 0.00498166 0.00296132 0.00145597 0.000543675 0.000150928 3.23823e-05 5.59577e-06 7.79599e-07 8.10621e-08 4.55548e-09 0 
0 0.00109974 0.00512508 0.0118395 0.0211089 0.0325818 0.0457101 0.0627411 0.0824151 0.0913037 0.0959652 0.0988275 0.100587 0.101521 0.101747 0.101298 0.100141 0.0981561 0.0950684 0.0902057 0.0814298 0.0659614 0.0534269 0.0435623 0.034747 0.0270641 0.0205641 0.0152211 0.0109487 0.00760905 0.00501641 0.00298808 0.00147454 0.000553116 0.000154156 3.31642e-05 5.7405e-06 8.00618e-07 8.33105e-08 4.6847e-09 0 
0 0.00107213 0.00502017 0.0116056 0.0206935 0.0319415 0.044801 0.0607091 0.0808199 0.0904632 0.0953468 0.0983057 0.100114 0.101069 0.101298 0.100837 0.099646 0.0975976 0.0943912 0.0892706 0.0797304 0.064121 0.052357 0.0427098 0.0340673 0.0265346 0.0201615 0.0149227 0.010733 0.00745596 0.004908 0.00291246 0.00142824 0.000532167 0.000147651 3.17117e-05 5.49069e-06 7.66809e-07 7.99404e-08 4.50456e-09 0 
0 0.00101171 0.00479248 0.0111001 0.0197962 0.0305585 0.042854 0.0568334 0.0764233 0.0882755 0.0937604 0.0969667 0.0988946 0.0999039 0.100141 0.099646 0.0983722 0.0961646 0.0926491 0.0868184 0.0752435 0.0605218 0.0500732 0.0408658 0.0325962 0.0253883 0.0192898 0.0142761 0.0102649 0.00712242 0.00466974 0.0027445 0.00132487 0.0004854 0.000133098 2.84371e-05 4.92082e-06 6.88558e-07 7.20109e-08 4.07299e-09 0 
0 0.000923688 0.00446019 0.0103667 0.0184949 0.0285532 0.040042 0.0524496 0.0684452 0.0840682 0.0909151 0.0946296 0.0967917 0.0979034 0.0981561 0.0975976 0.0961646 0.0936412 0.0894717 0.0819368 0.0678439 0.0561308 0.0467875 0.0381911 0.0304623 0.0237256 0.0180253 0.0133381 0.00958521 0.00663639 0.00432086 0.00249948 0.00117728 0.000420613 0.000113397 2.40554e-05 4.16084e-06 5.84099e-07 6.13939e-08 3.49286e-09 0 
0 0.000814616 0.00404495 0.00945793 0.0168845 0.0260717 0.036565 0.0477932 0.0597041 0.0754451 0.0859921 0.0908446 0.0934777 0.0947861 0.0950684 0.0943912 0.0926491 0.0894717 0.0837922 0.0723722 0.0602435 0.0511841 0.0427311 0.034881 0.0278218 0.0216683 0.016461 0.0121777 0.00874332 0.00603198 0.00388595 0.00219856 0.00100318 0.000347783 9.20322e-05 1.93956e-05 3.35955e-06 4.74275e-07 5.02334e-08 2.88237e-09 0 
0 0.000692043 0.00356979 0.00843037 0.0150672 0.023272 0.0326428 0.0426622 0.0527767 0.0632736 0.0761669 0.0843222 0.0881064 0.0898572 0.0902057 0.0892706 0.0868184 0.0819368 0.0723722 0.0617261 0.0535324 0.045696 0.0381566 0.0311472 0.0248436 0.0193485 0.0146977 0.0108699 0.00779309 0.00534782 0.00339644 0.00187088 0.00082484 0.000277771 7.23962e-05 1.52188e-05 2.65002e-06 3.7756e-07 4.0426e-08 2.34606e-09 0 
0 0.000564072 0.00305745 0.0073387 0.0131444 0.0203108 0.0284946 0.0372445 0.0460513 0.0544266 0.0624931 0.0712627 0.0778053 0.0808819 0.0814298 0.0797304 0.0752435 0.0678439 0.0602435 0.0535324 0.046727 0.0399017 0.0333193 0.0271993 0.0216957 0.0168977 0.0128362 0.00949 0.00679081 0.00462995 0.0028967 0.00155708 0.000668205 0.000220876 5.72492e-05 1.20902e-05 2.12658e-06 3.06732e-07 3.32627e-08 1.9541e-09 0 
0 0.000438836 0.00252978 0.00623108 0.0112084 0.0173319 0.0243224 0.0317959 0.0393173 0.0464394 0.0527599 0.0580849 0.0624991 0.0653942 0.0659614 0.064121 0.0605218 0.0561308 0.0511841 0.045696 0.0399017 0.0340748 0.0284549 0.0232303 0.0185327 0.014439 0.0109751 0.00811938 0.00580783 0.00394843 0.00245604 0.00131083 0.000559934 0.000185334 4.83772e-05 1.03206e-05 1.83507e-06 2.67404e-07 2.92605e-08 1.73209e-09 0 
0 0.0003238 0.00200816 0.00514547 0.0093361 0.0144575 0.0202976 0.0265404 0.032823 0.0387714 0.0440332 0.0483098 0.0513832 0.0531148 0.0534269 0.052357 0.0500732 0.0467875 0.0427311 0.0381566 0.0333193 0.0284549 0.0237643 0.0194057 0.0154936 0.0121031 0.00926379 0.00693948 0.00503624 0.00346606 0.00218519 0.00119031 0.0005208 0.000175767 4.6411e-05 9.95108e-06 1.77124e-06 2.57789e-07 2.81358e-08 1.65972e-09 0 
0 0.000224933 0.0015146 0.00410892 0.007584 0.0117819 0.0165545 0.0216537 0.0267849 0.0316429 0.03594 0.0394295 0.0419253 0.0433145 0.0435623 0.0427098 0.0408658 0.0381911 0.034881 0.0311472 0.0271993 0.0232303 0.0194057 0.0158632 0.0127341 0.0101696 0.0082625 0.00682483 0.00541425 0.00383999 0.00237062 0.00127056 0.000562252 0.000192254 5.06942e-05 1.07374e-05 1.87997e-06 2.6895e-07 2.88724e-08 1.677e-09 0 
0 0.00014592 0.00107197 0.00314117 0.00598439 0.00936829 0.0131861 0.0172583 0.0213547 0.0252326 0.0286626 0.031448 0.0334402 0.034549 0.034747 0.0340673 0.0325962 0.0304623 0.0278218 0.0248436 0.0216957 0.0185327 0.0154936 0.0127341 0.0105594 0.00956818 0.0101981 0.0114524 0.0110087 0.00803321 0.00437529 0.00190779 0.000729107 0.000234511 5.94782e-05 1.21437e-05 2.05712e-06 2.85921e-07 2.99264e-08 1.69979e-09 0 
0 8.76649e-05 0.000701758 0.00226276 0.00454723 0.00724469 0.0102432 0.0134245 0.0166203 0.0196446 0.0223193 0.0244912 0.0260447 0.0269094 0.0270641 0.0265346 0.0253883 0.0237256 0.0216683 0.0193485 0.0168977 0.014439 0.0121031 0.0101696 0.00956818 0.0124234 0.0203488 0.0370763 0.0448217 0.0243638 0.0118324 0.00424958 0.00121528 0.00031496 7.09473e-05 1.34446e-05 2.16898e-06 2.91278e-07 2.96678e-08 1.64677e-09 0 
0 4.83856e-05 0.000418633 0.00150297 0.00327193 0.00540475 0.00773385 0.010173 0.0126113 0.0149152 0.0169517 0.0186051 0.0197876 0.0204461 0.0205641 0.0201615 0.0192898 0.0180253 0.016461 0.0146977 0.0128362 0.0109751 0.00926379 0.0082625 0.0101981 0.0203488 0.0528283 0.0767924 0.0786143 0.0710876 0.0284703 0.00926395 0.00223326 0.000449453 8.31201e-05 1.39233e-05 2.09982e-06 2.71903e-07 2.70334e-08 1.47214e-09 0 
0 2.43674e-05 0.000224584 0.000897701 0.00216964 0.00382027 0.0056236 0.00747632 0.00930474 0.0110223 0.012537 0.0137656 0.014644 0.0151331 0.0152211 0.0149227 0.0142761 0.0133381 0.0121777 0.0108699 0.00949 0.00811938 0.00693948 0.00682483 0.0114524 0.0370763 0.0767924 0.0838604 0.0846905 0.0811187 0.0628022 0.0149855 0.00338539 0.000586058 8.97897e-05 1.29807e-05 1.80626e-06 2.25859e-07 2.20628e-08 1.18678e-09 0 
0 1.11403e-05 0.000107342 0.000471149 0.00127941 0.00247561 0.00385238 0.00526127 0.00662657 0.00789126 0.0089977 0.00989153 0.0105294 0.0108844 0.0109487 0.010733 0.0102649 0.00958521 0.00874332 0.00779309 0.00679081 0.00580783 0.00503624 0.00541425 0.0110087 0.0448217 0.0786143 0.0846905 0.0855404 0.0826357 0.0708925 0.017574 0.00366174 0.000595145 8.09864e-05 1.03712e-05 1.34375e-06 1.63754e-07 1.58683e-08 8.50478e-10 0 
0 4.60974e-06 4.5518e-05 0.000214101 0.000647845 0.00140413 0.00238419 0.00343791 0.00446178 0.00539732 0.00620443 0.00685004 0.00730809 0.00756247 0.00760905 0.00745596 0.00712242 0.00663639 0.00603198 0.00534782 0.00462995 0.00394843 0.00346606 0.00383999 0.00803321 0.0243638 0.0710876 0.0811187 0.0826357 0.0775459 0.0466632 0.0121807 0.00270641 0.000433396 5.60793e-05 6.74846e-06 8.44793e-07 1.02352e-07 9.96261e-09 5.3717e-10 0 
0 1.72441e-06 1.71344e-05 8.39705e-05 0.000275783 0.000666055 0.00125782 0.0019725 0.00271093 0.00339948 0.00399326 0.00446492 0.00479741 0.00498166 0.00501641 0.004908 0.00466974 0.00432086 0.00388595 0.00339644 0.0028967 0.00245604 0.00218519 0.00237062 0.00437529 0.0118324 0.0284703 0.0628022 0.0708925 0.0466632 0.0183008 0.00603829 0.00135659 0.000220602 2.86323e-05 3.47175e-06 4.43178e-07 5.48333e-08 5.43518e-09 2.97683e-10 0 
0 5.83161e-07 5.74634e-06 2.86047e-05 9.86265e-05 0.000258149 0.000537702 0.000928125 0.0013819 0.00183977 0.0022528 0.00258839 0.00282758 0.00296132 0.00298808 0.00291246 0.0027445 0.00249948 0.00219856 0.00187088 0.00155708 0.00131083 0.00119031 0.00127056 0.00190779 0.00424958 0.00926395 0.0149855 0.017574 0.0121807 0.00603829 0.00201631 0.000466334 7.89187e-05 1.08107e-05 1.41903e-06 1.94667e-07 2.51978e-08 2.57446e-09 1.44479e-10 0 
0 1.78304e-07 1.72424e-06 8.55269e-06 3.00576e-05 8.23072e-05 0.000183426 0.00034287 0.000552661 0.000788821 0.0010209 0.00122135 0.00137022 0.00145597 0.00147454 0.00142824 0.00132487 0.00117728 0.00100318 0.00082484 0.000668205 0.000559934 0.0005208 0.000562252 0.000729107 0.00121528 0.00223326 0.00338539 0.00366174 0.00270641 0.00135659 0.000466334 0.000113128 2.05433e-05 3.15991e-06 4.77987e-07 7.27378e-08 9.98161e-09 1.06008e-09 6.13898e-11 0 
0 4.92365e-08 4.64134e-07 2.26536e-06 7.94701e-06 2.21092e-05 5.09643e-05 9.99609e-05 0.000170373 0.0002572 0.000349995 0.000435949 0.000503301 0.000543675 0.000553116 0.000532167 0.0004854 0.000420613 0.000347783 0.000277771 0.000220876 0.000185334 0.000175767 0.000192254 0.000234511 0.00031496 0.000449453 0.000586058 0.000595145 0.000433396 0.000220602 7.89187e-05 2.05433e-05 4.22209e-06 7.76676e-07 1.39071e-07 2.35028e-08 3.4259e-09 3.79996e-10 2.28262e-11 0 
0 1.2231e-08 1.11967e-07 5.3382e-07 1.84578e-06 5.11855e-06 1.19033e-05 2.38143e-05 4.17391e-05 6.5058e-05 9.13798e-05 0.000117014 0.000137953 0.000150928 0.000154156 0.000147651 0.000133098 0.000113397 9.20322e-05 7.23962e-05 5.72492e-05 4.83772e-05 4.6411e-05 5.06942e-05 5.94782e-05 7.09473e-05 8.31201e-05 8.97897e-05 8.09864e-05 5.60793e-05 2.86323e-05 1.08107e-05 3.15991e-06 7.76676e-07 1.73605e-07 3.59109e-08 6.61455e-09 1.02057e-09 1.18497e-10 7.40894e-12 0 
0 2.70784e-09 2.40318e-08 1.11508e-07 3.77473e-07 1.03238e-06 2.38669e-06 4.78303e-06 8.45048e-06 1.33339e-05 1.8994e-05 2.46533e-05 2.9387e-05 3.23823e-05 3.31642e-05 3.17117e-05 2.84371e-05 2.40554e-05 1.93956e-05 1.52188e-05 1.20902e-05 1.03206e-05 9.95108e-06 1.07374e-05 1.21437e-05 1.34446e-05 1.39233e-05 1.29807e-05 1.03712e-05 6.74846e-06 3.47175e-06 1.41903e-06 4.77987e-07 1.39071e-07 3.59109e-08 8.19749e-09 1.61474e-09 2.62725e-10 3.19589e-11 2.08392e-12 0 
0 5.23788e-10 4.5054e-09 2.03183e-08 6.7135e-08 1.80153e-07 4.10936e-07 8.17011e-07 1.43893e-06 2.27178e-06 3.24585e-06 4.23021e-06 5.06266e-06 5.59577e-06 5.7405e-06 5.49069e-06 4.92082e-06 4.16084e-06 3.35955e-06 2.65002e-06 2.12658e-06 1.83507e-06 1.77124e-06 1.87997e-06 2.05712e-06 2.16898e-06 2.09982e-06 1.80626e-06 1.34375e-06 8.44793e-07 4.43178e-07 1.94667e-07 7.27378e-08 2.35028e-08 6.61455e-09 1.61474e-09 3.36418e-10 5.7564e-11 7.33458e-12 4.99116e-13 0 
0 8.48524e-11 7.07849e-10 3.10293e-09 9.99882e-09 2.62722e-08 5.89333e-08 1.15718e-07 2.02066e-07 3.17347e-07 4.5219e-07 5.88784e-07 7.04782e-07 7.79599e-07 8.00618e-07 7.66809e-07 6.88558e-07 5.84099e-07 4.74275e-07 3.7756e-07 3.06732e-07 2.67404e-07 2.57789e-07 2.6895e-07 2.85921e-07 2.91278e-07 2.71903e-07 2.25859e-07 1.63754e-07 1.02352e-07 5.48333e-08 2.51978e-08 9.98161e-09 3.4259e-09 1.02057e-09 2.62725e-10 5.7564e-11 1.03333e-11 1.3776e-12 9.7802e-14 0 
0 1.03966e-11 8.42184e-11 3.59193e-10 1.12927e-09 2.9045e-09 6.40046e-09 1.23901e-08 2.14019e-08 3.33486e-08 4.7266e-08 6.13429e-08 7.33079e-08 8.10621e-08 8.33105e-08 7.99404e-08 7.20109e-08 6.13939e-08 5.02334e-08 4.0426e-08 3.32627e-08 2.92605e-08 2.81358e-08 2.88724e-08 2.99264e-08 2.96678e-08 2.70334e-08 2.20628e-08 1.58683e-08 9.96261e-09 5.43518e-09 2.57446e-09 1.06008e-09 3.79996e-10 1.18497e-10 3.19589e-11 7.33458e-12 1.3776e-12 1.91824e-13 1.41929e-14 0 
0 6.88718e-13 5.42596e-12 2.2548e-11 6.9238e-11 1.74433e-10 3.77669e-10 7.20555e-10 1.23035e-09 1.90033e-09 2.67631e-09 3.45863e-09 4.1232e-09 4.55548e-09 4.6847e-09 4.50456e-09 4.07299e-09 3.49286e-09 2.88237e-09 2.34606e-09 1.9541e-09 1.73209e-09 1.65972e-09 1.677e-09 1.69979e-09 1.64677e-09 1.47214e-09 1.18678e-09 8.50478e-10 5.3717e-10 2.97683e-10 1.44479e-10 6.13898e-11 2.28262e-11 7.40894e-12 2.08392e-12 4.99116e-13 9.7802e-14 1.41929e-14 1.09273e-15 0 
0 0 0 0 0 0 0 0 0 0 0 0 0 0 0 0 0 0 0 0 0 0 0 0 0 0 0 0 0 0 0 0 0 0 0 0 0 0 0 0 0 
