0 0 0 0 0 0 0 0 0 0 0 0 0 0 0 0 0 0 0 0 0 0 0 0 0 0 0 0 0 0 0 0 0 0 0 0 0 0 0 0 0 
0 3.5042e-07 3.13132e-06 1.38802e-05 4.23588e-05 9.91654e-05 0.000189336 0.00030861 0.000445249 0.000584636 0.000713068 0.000819655 0.000896842 0.00094031 0.000948667 0.00092309 0.000866962 0.00078548 0.000685257 0.000573872 0.000459347 0.000349484 0.000251075 0.000169058 0.000105855 6.11627e-05 3.23891e-05 1.56366e-05 6.85888e-06 2.72955e-06 9.85466e-07 3.22974e-07 9.61125e-08 2.59381e-08 6.32103e-09 1.37747e-09 2.6303e-10 4.21664e-11 5.12301e-12 3.37067e-13 0 
0 3.13132e-06 2.86483e-05 0.000125635 0.000363709 0.000780709 0.00134623 0.00198864 0.0026386 0.00324514 0.00377257 0.00419512 0.00449471 0.00466088 0.00469106 0.00459041 0.00437093 0.00404992 0.00364817 0.00318821 0.00269317 0.00218642 0.00169202 0.00123483 0.000838925 0.000523245 0.000295705 0.000149887 6.77574e-05 2.72923e-05 9.82189e-06 3.17185e-06 9.22811e-07 2.42317e-07 5.73141e-08 1.21113e-08 2.24297e-09 3.49036e-10 4.12178e-11 2.64001e-12 0 
0 1.38802e-05 0.000125635 0.000515504 0.00132792 0.00249894 0.00385388 0.00526173 0.00664217 0.00792917 0.00905858 0.0099722 0.0106245 0.0109873 0.0110522 0.01083 0.0103485 0.00964871 0.00878026 0.00779589 0.00674651 0.00567691 0.0046234 0.00361493 0.00267853 0.00184656 0.00115802 0.000645836 0.000314914 0.00013331 4.91414e-05 1.59197e-05 4.5789e-06 1.17796e-06 2.71611e-07 5.58258e-08 1.00505e-08 1.52113e-09 1.74901e-10 1.09234e-11 0 
0 4.23588e-05 0.000363709 0.00132792 0.00297823 0.00504041 0.00731712 0.00970133 0.0120814 0.0143286 0.0163145 0.0179266 0.0190795 0.0197212 0.0198355 0.0194416 0.0185892 0.0173521 0.0158202 0.0140905 0.0122585 0.0104106 0.00861787 0.00693111 0.00537958 0.00397748 0.00274095 0.00170719 0.000929078 0.000430564 0.000168544 5.62319e-05 1.62655e-05 4.14363e-06 9.37819e-07 1.8837e-07 3.30835e-08 4.88381e-09 5.48106e-10 3.34523e-11 0 
0 9.91654e-05 0.000780709 0.00249894 0.00504041 0.00808843 0.0115032 0.0151343 0.0187842 0.0222394 0.025296 0.0277785 0.0295542 0.0305426 0.0307185 0.0301113 0.0287979 0.0268923 0.0245335 0.0218716 0.0190555 0.0162211 0.0134836 0.0109306 0.00861817 0.00656834 0.00477535 0.0032292 0.00195344 0.00101095 0.00043355 0.00015335 4.55557e-05 1.1649e-05 2.61039e-06 5.15407e-07 8.86917e-08 1.28147e-08 1.40788e-09 8.41872e-11 0 
0 0.000189336 0.00134623 0.00385388 0.00731712 0.0115032 0.0162552 0.0213318 0.0264417 0.0312814 0.0355636 0.039042 0.0415305 0.0429161 0.0431628 0.0423112 0.0404701 0.0377998 0.0344949 0.0307662 0.0268223 0.0228549 0.0190268 0.0154645 0.0122541 0.00943949 0.00702157 0.00496591 0.00323613 0.00184976 0.000879169 0.000337092 0.000104982 2.73411e-05 6.12408e-06 1.19628e-06 2.02653e-07 2.8767e-08 3.10382e-09 1.82354e-10 0 
0 0.00030861 0.00198864 0.00526173 0.00970133 0.0151343 0.0213318 0.0279601 0.0346341 0.040956 0.0465518 0.0511132 0.0544281 0.0563334 0.0566815 0.0554943 0.0530054 0.0494805 0.0451554 0.040284 0.0351329 0.029952 0.0249546 0.0203071 0.0161247 0.0124714 0.00936135 0.00675995 0.00459801 0.00282407 0.00147265 0.000616969 0.000204455 5.49415e-05 1.24136e-05 2.41422e-06 4.04513e-07 5.66302e-08 6.02015e-09 3.48509e-10 0 
0 0.000445249 0.0026386 0.00664217 0.0120814 0.0187842 0.0264417 0.0346341 0.0428839 0.0507036 0.0577 0.0637993 0.0688565 0.0719657 0.0725496 0.0706175 0.0666221 0.061525 0.0559338 0.0498731 0.0435031 0.0370996 0.0309239 0.025182 0.0200174 0.0155119 0.0116898 0.00852119 0.00592714 0.00380952 0.00213363 0.000970581 0.000344221 9.62947e-05 2.21103e-05 4.30485e-06 7.16489e-07 9.92786e-08 1.04312e-08 5.96692e-10 0 
0 0.000584636 0.00324514 0.00792917 0.0143286 0.0222394 0.0312814 0.040956 0.0507036 0.060049 0.0691805 0.0778651 0.0836139 0.0863255 0.0868123 0.0852791 0.0813616 0.0746513 0.066649 0.0590208 0.0514374 0.043872 0.0365796 0.0298002 0.023704 0.0183885 0.0138856 0.010168 0.00715442 0.00472326 0.00278031 0.00135321 0.000511955 0.000149594 3.50684e-05 6.86368e-06 1.1388e-06 1.56675e-07 1.63176e-08 9.24758e-10 0 
0 0.000713068 0.00377257 0.00905858 0.0163145 0.025296 0.0355636 0.0465518 0.0577 0.0691805 0.080879 0.0883648 0.0922479 0.0941059 0.0944675 0.0934432 0.0908432 0.0860073 0.0776599 0.0675815 0.0585084 0.0498689 0.0415859 0.0338881 0.0269668 0.0209335 0.0158257 0.0116168 0.00822372 0.00551378 0.00335314 0.00171696 0.000686368 0.000209044 5.01006e-05 9.881e-06 1.63858e-06 2.2442e-07 2.32274e-08 1.30733e-09 0 
0 0.000819655 0.00419512 0.0099722 0.0179266 0.0277785 0.039042 0.0511132 0.0637993 0.0778651 0.0883648 0.0938821 0.0969547 0.0984868 0.0988016 0.0979746 0.0958959 0.0921893 0.0858876 0.0755542 0.0644856 0.054759 0.0456553 0.0372107 0.0296188 0.0230017 0.0174015 0.0127913 0.00908545 0.00614573 0.00381462 0.00202356 0.000844122 0.000266263 6.51265e-05 1.29506e-05 2.14998e-06 2.93739e-07 3.02784e-08 1.69622e-09 0 
0 0.000896842 0.00449471 0.0106245 0.0190795 0.0295542 0.0415305 0.0544281 0.0688565 0.0836139 0.0922479 0.0969547 0.0996774 0.101063 0.101357 0.100621 0.0987756 0.0955491 0.0902683 0.0813188 0.0691808 0.058305 0.048571 0.0395904 0.0315183 0.0244833 0.0185302 0.0136319 0.00970042 0.00659427 0.00414285 0.00224784 0.000965633 0.000312605 7.7705e-05 1.55642e-05 2.5886e-06 3.53335e-07 3.63411e-08 2.0303e-09 0 
0 0.00094031 0.00466088 0.0109873 0.0197212 0.0305426 0.0429161 0.0563334 0.0719657 0.0863255 0.0941059 0.0984868 0.101063 0.102386 0.102672 0.101976 0.10023 0.0972029 0.0923312 0.0842031 0.0720159 0.060329 0.0502002 0.0409191 0.0325793 0.0253112 0.0191613 0.0141021 0.0100444 0.00684493 0.00432706 0.00237643 0.00103802 0.000341318 8.57208e-05 1.72583e-05 2.87576e-06 3.92606e-07 4.03557e-08 2.25248e-09 0 
0 0.000948667 0.00469106 0.0110522 0.0198355 0.0307185 0.0431628 0.0566815 0.0725496 0.0868123 0.0944675 0.0988016 0.101357 0.102672 0.102956 0.102267 0.100536 0.0975379 0.0927264 0.0847261 0.0725554 0.0607051 0.0504989 0.0411634 0.0327753 0.0254649 0.0192794 0.014191 0.0101105 0.00689463 0.0043656 0.00240549 0.00105579 0.000348883 8.79553e-05 1.77522e-05 2.96278e-06 4.04935e-07 4.16598e-08 2.32713e-09 0 
0 0.00092309 0.00459041 0.01083 0.0194416 0.0301113 0.0423112 0.0554943 0.0706175 0.0852791 0.0934432 0.0979746 0.100621 0.101976 0.102267 0.101552 0.09976 0.0966414 0.0915871 0.0830816 0.0708111 0.0594674 0.0495138 0.0403624 0.0321375 0.0249691 0.0189034 0.0139129 0.00990973 0.00675179 0.00426501 0.0023391 0.00102036 0.000335462 8.43662e-05 1.70267e-05 2.84553e-06 3.89722e-07 4.01931e-08 2.25114e-09 0 
0 0.000866962 0.00437093 0.0103485 0.0185892 0.0287979 0.0404701 0.0530054 0.0666221 0.0813616 0.0908432 0.0958959 0.0987756 0.10023 0.100536 0.09976 0.0978116 0.09438 0.0886779 0.0790234 0.0671792 0.0568333 0.0473733 0.0386189 0.0307483 0.0238882 0.0180826 0.0133047 0.00946867 0.00643544 0.00403929 0.00218826 0.000939334 0.000304602 7.60336e-05 1.53171e-05 2.56405e-06 3.52389e-07 3.65021e-08 2.05432e-09 0 
0 0.00078548 0.00404992 0.00964871 0.0173521 0.0268923 0.0377998 0.0494805 0.061525 0.0746513 0.0860073 0.0921893 0.0955491 0.0972029 0.0975379 0.0966414 0.09438 0.0902976 0.0832268 0.0726302 0.062366 0.0530748 0.0442663 0.0360859 0.0287301 0.022318 0.0168902 0.0124209 0.00882685 0.00597354 0.00370945 0.00197065 0.000825558 0.000262429 6.4838e-05 1.30363e-05 2.189e-06 3.02568e-07 3.15622e-08 1.78997e-09 0 
0 0.000685257 0.00364817 0.00878026 0.0158202 0.0245335 0.0344949 0.0451554 0.0559338 0.066649 0.0776599 0.0858876 0.0902683 0.0923312 0.0927264 0.0915871 0.0886779 0.0832268 0.0746091 0.0653839 0.0568128 0.0484555 0.04042 0.03295 0.0262323 0.0203753 0.0154159 0.0113285 0.00803299 0.00540148 0.00330398 0.001711 0.000696109 0.000216521 5.29985e-05 1.06619e-05 1.80172e-06 2.51361e-07 2.65017e-08 1.51991e-09 0 
0 0.000573872 0.00318821 0.00779589 0.0140905 0.0218716 0.0307662 0.040284 0.0498731 0.0590208 0.0675815 0.0755542 0.0813188 0.0842031 0.0847261 0.0830816 0.0790234 0.0726302 0.0653839 0.0581166 0.0506886 0.0432517 0.0360806 0.029413 0.0234165 0.0181874 0.0137574 0.0101013 0.007142 0.00476242 0.00286127 0.00144203 0.000570893 0.000174661 4.26211e-05 8.63058e-06 1.47561e-06 2.08756e-07 2.2334e-08 1.29953e-09 0 
0 0.000459347 0.00269317 0.00674651 0.0122585 0.0190555 0.0268223 0.0351329 0.0435031 0.0514374 0.0585084 0.0644856 0.0691808 0.0720159 0.0725554 0.0708111 0.0671792 0.062366 0.0568128 0.0506886 0.0442366 0.0377492 0.0314924 0.0256753 0.0204437 0.015881 0.0120134 0.00881557 0.0062153 0.00411216 0.00243468 0.00120486 0.000470714 0.000143748 3.53833e-05 7.27061e-06 1.26413e-06 1.81862e-07 1.97647e-08 1.16643e-09 0 
0 0.000349484 0.00218642 0.00567691 0.0104106 0.0162211 0.0228549 0.029952 0.0370996 0.043872 0.0498689 0.054759 0.058305 0.060329 0.0607051 0.0594674 0.0568333 0.0530748 0.0484555 0.0432517 0.0377492 0.0322159 0.0268803 0.0219211 0.0174625 0.0135757 0.0102822 0.00755663 0.00533415 0.00353251 0.00209713 0.00104588 0.000414544 0.000129022 3.23896e-05 6.77411e-06 1.19524e-06 1.73975e-07 1.90781e-08 1.13336e-09 0 
0 0.000251075 0.00169202 0.0046234 0.00861787 0.0134836 0.0190268 0.0249546 0.0309239 0.0365796 0.0415859 0.0456553 0.048571 0.0502002 0.0504989 0.0495138 0.0473733 0.0442663 0.04042 0.0360806 0.0314924 0.0268803 0.0224356 0.0183082 0.0146062 0.0113986 0.00871086 0.00650488 0.00468817 0.00317711 0.00194229 0.00100718 0.000415779 0.000133466 3.40963e-05 7.18156e-06 1.26791e-06 1.83988e-07 2.00717e-08 1.18472e-09 0 
0 0.000169058 0.00123483 0.00361493 0.00693111 0.0109306 0.0154645 0.0203071 0.025182 0.0298002 0.0338881 0.0372107 0.0395904 0.0409191 0.0411634 0.0403624 0.0386189 0.0360859 0.03295 0.029413 0.0256753 0.0219211 0.0183082 0.0149678 0.0120235 0.0096161 0.00782895 0.0064775 0.00513811 0.00362952 0.00221053 0.00114744 0.000483637 0.000157633 4.01756e-05 8.34426e-06 1.44614e-06 2.05809e-07 2.20315e-08 1.27739e-09 0 
0 0.000105855 0.000838925 0.00267853 0.00537958 0.00861817 0.0122541 0.0161247 0.0200174 0.023704 0.0269668 0.0296188 0.0315183 0.0325793 0.0327753 0.0321375 0.0307483 0.0287301 0.0262323 0.0234165 0.0204437 0.0174625 0.0146062 0.0120235 0.0100022 0.00910409 0.009739 0.0109558 0.0105365 0.00768627 0.00417749 0.0018021 0.000665504 0.000203627 4.9595e-05 9.88657e-06 1.65429e-06 2.2846e-07 2.38209e-08 1.34934e-09 0 
0 6.11627e-05 0.000523245 0.00184656 0.00397748 0.00656834 0.00943949 0.0124714 0.0155119 0.0183885 0.0209335 0.0230017 0.0244833 0.0253112 0.0254649 0.0249691 0.0238882 0.022318 0.0203753 0.0181874 0.015881 0.0135757 0.0113986 0.0096161 0.00910409 0.0118785 0.0194893 0.0306933 0.0367046 0.0224353 0.0113356 0.00406538 0.0011489 0.000285937 6.13636e-05 1.12655e-05 1.7893e-06 2.3855e-07 2.42002e-08 1.33954e-09 0 
0 3.23891e-05 0.000295705 0.00115802 0.00274095 0.00477535 0.00702157 0.00936135 0.0116898 0.0138856 0.0158257 0.0174015 0.0185302 0.0191613 0.0192794 0.0189034 0.0180826 0.0168902 0.0154159 0.0137574 0.0120134 0.0102822 0.00871086 0.00782895 0.009739 0.0194893 0.0442701 0.0769714 0.0801195 0.0643381 0.0264093 0.00887585 0.00213392 0.000420003 7.40525e-05 1.1911e-05 1.75915e-06 2.25834e-07 2.23634e-08 1.2147e-09 0 
0 1.56366e-05 0.000149887 0.000645836 0.00170719 0.0032292 0.00496591 0.00675995 0.00852119 0.010168 0.0116168 0.0127913 0.0136319 0.0141021 0.014191 0.0139129 0.0133047 0.0124209 0.0113285 0.0101013 0.00881557 0.00755663 0.00650488 0.0064775 0.0109558 0.0306933 0.0769714 0.0868485 0.0880747 0.0829234 0.0545475 0.014298 0.00324148 0.000554712 8.16933e-05 1.12861e-05 1.52882e-06 1.89162e-07 1.84031e-08 9.87645e-10 0 
0 6.85888e-06 6.77574e-05 0.000314914 0.000929078 0.00195344 0.00323613 0.00459801 0.00592714 0.00715442 0.00822372 0.00908545 0.00970042 0.0100444 0.0101105 0.00990973 0.00946867 0.00882685 0.00803299 0.007142 0.0062153 0.00533415 0.00468817 0.00513811 0.0105365 0.0367046 0.0801195 0.0880747 0.0891453 0.0850681 0.0645204 0.0158208 0.00350737 0.000565527 7.44905e-05 9.11615e-06 1.14507e-06 1.37845e-07 1.33026e-08 7.11522e-10 0 
0 2.72955e-06 2.72923e-05 0.00013331 0.000430564 0.00101095 0.00184976 0.00282407 0.00380952 0.00472326 0.00551378 0.00614573 0.00659427 0.00684493 0.00689463 0.00675179 0.00643544 0.00597354 0.00540148 0.00476242 0.00411216 0.00353251 0.00317711 0.00362952 0.00768627 0.0224353 0.0643381 0.0829234 0.0850681 0.0788988 0.0394793 0.0116731 0.00259191 0.000411628 5.17001e-05 5.9572e-06 7.22274e-07 8.64069e-08 8.37768e-09 4.50922e-10 0 
0 9.85466e-07 9.82189e-06 4.91414e-05 0.000168544 0.00043355 0.000879169 0.00147265 0.00213363 0.00278031 0.00335314 0.00381462 0.00414285 0.00432706 0.0043656 0.00426501 0.00403929 0.00370945 0.00330398 0.00286127 0.00243468 0.00209713 0.00194229 0.00221053 0.00417749 0.0113356 0.0264093 0.0545475 0.0645204 0.0394793 0.0175389 0.00578611 0.00129781 0.000208615 2.62709e-05 3.05701e-06 3.78868e-07 4.63516e-08 4.57923e-09 2.50438e-10 0 
0 3.22974e-07 3.17185e-06 1.59197e-05 5.62319e-05 0.00015335 0.000337092 0.000616969 0.000970581 0.00135321 0.00171696 0.00202356 0.00224784 0.00237643 0.00240549 0.0023391 0.00218826 0.00197065 0.001711 0.00144203 0.00120486 0.00104588 0.00100718 0.00114744 0.0018021 0.00406538 0.00887585 0.014298 0.0158208 0.0116731 0.00578611 0.00193066 0.000444253 7.39127e-05 9.80527e-06 1.23928e-06 1.65991e-07 2.13067e-08 2.17155e-09 1.21727e-10 0 
0 9.61125e-08 9.22811e-07 4.5789e-06 1.62655e-05 4.55557e-05 0.000104982 0.000204455 0.000344221 0.000511955 0.000686368 0.000844122 0.000965633 0.00103802 0.00105579 0.00102036 0.000939334 0.000825558 0.000696109 0.000570893 0.000470714 0.000414544 0.000415779 0.000483637 0.000665504 0.0011489 0.00213392 0.00324148 0.00350737 0.00259191 0.00129781 0.000444253 0.000106532 1.89133e-05 2.81461e-06 4.12744e-07 6.18134e-08 8.4392e-09 8.94817e-10 5.17736e-11 0 
0 2.59381e-08 2.42317e-07 1.17796e-06 4.14363e-06 1.1649e-05 2.73411e-05 5.49415e-05 9.62947e-05 0.000149594 0.000209044 0.000266263 0.000312605 0.000341318 0.000348883 0.000335462 0.000304602 0.000262429 0.000216521 0.000174661 0.000143748 0.000129022 0.000133466 0.000157633 0.000203627 0.000285937 0.000420003 0.000554712 0.000565527 0.000411628 0.000208615 7.39127e-05 1.89133e-05 3.78857e-06 6.77172e-07 1.18854e-07 1.99194e-08 2.89603e-09 3.20903e-10 1.92634e-11 0 
0 6.32103e-09 5.73141e-08 2.71611e-07 9.37819e-07 2.61039e-06 6.12408e-06 1.24136e-05 2.21103e-05 3.50684e-05 5.01006e-05 6.51265e-05 7.7705e-05 8.57208e-05 8.79553e-05 8.43662e-05 7.60336e-05 6.4838e-05 5.29985e-05 4.26211e-05 3.53833e-05 3.23896e-05 3.40963e-05 4.01756e-05 4.9595e-05 6.13636e-05 7.40525e-05 8.16933e-05 7.44905e-05 5.17001e-05 2.62709e-05 9.80527e-06 2.81461e-06 6.77172e-07 1.48757e-07 3.0492e-08 5.59757e-09 8.62638e-10 1.00097e-10 6.25527e-12 0 
0 1.37747e-09 1.21113e-08 5.58258e-08 1.8837e-07 5.15407e-07 1.19628e-06 2.41422e-06 4.30485e-06 6.86368e-06 9.881e-06 1.29506e-05 1.55642e-05 1.72583e-05 1.77522e-05 1.70267e-05 1.53171e-05 1.30363e-05 1.06619e-05 8.63058e-06 7.27061e-06 6.77411e-06 7.18156e-06 8.34426e-06 9.88657e-06 1.12655e-05 1.1911e-05 1.12861e-05 9.11615e-06 5.9572e-06 3.05701e-06 1.23928e-06 4.12744e-07 1.18854e-07 3.0492e-08 6.94015e-09 1.36552e-09 2.22055e-10 2.70005e-11 1.75991e-12 0 
0 2.6303e-10 2.24297e-09 1.00505e-08 3.30835e-08 8.86917e-08 2.02653e-07 4.04513e-07 7.16489e-07 1.1388e-06 1.63858e-06 2.14998e-06 2.5886e-06 2.87576e-06 2.96278e-06 2.84553e-06 2.56405e-06 2.189e-06 1.80172e-06 1.47561e-06 1.26413e-06 1.19524e-06 1.26791e-06 1.44614e-06 1.65429e-06 1.7893e-06 1.75915e-06 1.52882e-06 1.14507e-06 7.22274e-07 3.78868e-07 1.65991e-07 6.18134e-08 1.99194e-08 5.59757e-09 1.36552e-09 2.84394e-10 4.86488e-11 6.19693e-12 4.21575e-13 0 
0 4.21664e-11 3.49036e-10 1.52113e-09 4.88381e-09 1.28147e-08 2.8767e-08 5.66302e-08 9.92786e-08 1.56675e-07 2.2442e-07 2.93739e-07 3.53335e-07 3.92606e-07 4.04935e-07 3.89722e-07 3.52389e-07 3.02568e-07 2.51361e-07 2.08756e-07 1.81862e-07 1.73975e-07 1.83988e-07 2.05809e-07 2.2846e-07 2.3855e-07 2.25834e-07 1.89162e-07 1.37845e-07 8.64069e-08 4.63516e-08 2.13067e-08 8.4392e-09 2.89603e-09 8.62638e-10 2.22055e-10 4.86488e-11 8.73179e-12 1.16389e-12 8.26128e-14 0 
0 5.12301e-12 4.12178e-11 1.74901e-10 5.48106e-10 1.40788e-09 3.10382e-09 6.02015e-09 1.04312e-08 1.63176e-08 2.32274e-08 3.02784e-08 3.63411e-08 4.03557e-08 4.16598e-08 4.01931e-08 3.65021e-08 3.15622e-08 2.65017e-08 2.2334e-08 1.97647e-08 1.90781e-08 2.00717e-08 2.20315e-08 2.38209e-08 2.42002e-08 2.23634e-08 1.84031e-08 1.33026e-08 8.37768e-09 4.57923e-09 2.17155e-09 8.94817e-10 3.20903e-10 1.00097e-10 2.70005e-11 6.19693e-12 1.16389e-12 1.62052e-13 1.19885e-14 0 
0 3.37067e-13 2.64001e-12 1.09234e-11 3.34523e-11 8.41872e-11 1.82354e-10 3.48509e-10 5.96692e-10 9.24758e-10 1.30733e-09 1.69622e-09 2.0303e-09 2.25248e-09 2.32713e-09 2.25114e-09 2.05432e-09 1.78997e-09 1.51991e-09 1.29953e-09 1.16643e-09 1.13336e-09 1.18472e-09 1.27739e-09 1.34934e-09 1.33954e-09 1.2147e-09 9.87645e-10 7.11522e-10 4.50922e-10 2.50438e-10 1.21727e-10 5.17736e-11 1.92634e-11 6.25527e-12 1.75991e-12 4.21575e-13 8.26128e-14 1.19885e-14 9.22958e-16 0 
0 0 0 0 0 0 0 0 0 0 0 0 0 0 0 0 0 0 0 0 0 0 0 0 0 0 0 0 0 0 0 0 0 0 0 0 0 0 0 0 0 
