0 0 0 0 0 0 0 0 0 0 0 0 0 0 0 0 0 0 0 0 0 0 0 0 0 0 0 0 0 0 0 0 0 0 0 0 0 0 0 0 0 
0 1.74513e-07 1.5808e-06 7.1966e-06 2.28512e-05 5.61716e-05 0.00011295 0.00019337 0.000291178 0.000395919 0.0004961 0.000581561 0.000644688 0.000680795 0.000688066 0.000667287 0.00062149 0.000555529 0.000475597 0.000388661 0.000301793 0.000221408 0.000152472 9.78772e-05 5.81664e-05 3.18036e-05 1.5921e-05 7.2737e-06 3.02828e-06 1.14886e-06 3.97472e-07 1.25511e-07 3.6178e-08 9.50351e-09 2.26429e-09 4.84288e-10 9.10646e-11 1.44161e-11 1.73363e-12 1.13115e-13 0 
0 1.5808e-06 1.47779e-05 6.77373e-05 0.000209385 0.00048502 0.0008997 0.00141229 0.00196204 0.00249346 0.00296456 0.00334581 0.00361773 0.00376949 0.00379821 0.00370836 0.00351079 0.0032215 0.0028602 0.00244919 0.00201254 0.0015756 0.00116429 0.000802972 0.000510589 0.000295884 0.000154815 7.2733e-05 3.06389e-05 1.15961e-05 3.95862e-06 1.2239e-06 3.43706e-07 8.77191e-08 2.02803e-08 4.20832e-09 7.68193e-10 1.1818e-10 1.38298e-11 8.79422e-13 0 
0 7.1966e-06 6.77373e-05 0.000299466 0.000850716 0.0017581 0.00291036 0.00416242 0.00540706 0.00656877 0.0075864 0.00840842 0.0089952 0.00932235 0.00938254 0.00918529 0.00875505 0.00812783 0.00734699 0.00645871 0.00550801 0.00453611 0.00358043 0.00267745 0.0018667 0.00118995 0.000679952 0.000342928 0.000151544 5.8771e-05 2.01553e-05 6.17097e-06 1.70032e-06 4.23498e-07 9.52981e-08 1.92294e-08 3.41385e-09 5.1121e-10 5.83027e-11 3.61844e-12 0 
0 2.28512e-05 0.000209385 0.000850716 0.00213291 0.00391098 0.00594649 0.00808474 0.0102125 0.0122172 0.0139876 0.0154252 0.0164542 0.0170284 0.0171331 0.0167848 0.0160276 0.0149267 0.0135617 0.0120179 0.0103792 0.00872042 0.00710266 0.00557091 0.00415825 0.00289788 0.00183618 0.00102697 0.000495127 0.000203869 7.21325e-05 2.22607e-05 6.08559e-06 1.4898e-06 3.27873e-07 6.4561e-08 1.11785e-08 1.63325e-09 1.81918e-10 1.10407e-11 0 
0 5.61716e-05 0.00048502 0.0017581 0.00391098 0.00662073 0.00966583 0.0128949 0.0161378 0.0192088 0.0219274 0.0241375 0.0257205 0.0266037 0.0267642 0.0262274 0.0250614 0.0233675 0.0212691 0.0188998 0.0163913 0.0138637 0.0114174 0.00912672 0.00703779 0.005172 0.00354392 0.00218986 0.00117325 0.00052863 0.000198707 6.31821e-05 1.73862e-05 4.22206e-06 9.14337e-07 1.76473e-07 2.99048e-08 4.27553e-09 4.6629e-10 2.77371e-11 0 
0 0.00011295 0.0008997 0.00291036 0.00594649 0.00966583 0.0138802 0.0183817 0.0229167 0.0272165 0.0310251 0.0341224 0.036341 0.0375789 0.0378036 0.0370509 0.0354162 0.033042 0.0301019 0.0267836 0.0232731 0.0197405 0.0163299 0.0131514 0.0102777 0.00774174 0.00554351 0.00367456 0.00216226 0.00107657 0.000439356 0.000147054 4.13762e-05 1.00703e-05 2.16074e-06 4.1079e-07 6.83928e-08 9.59936e-09 1.02795e-09 6.00829e-11 0 
0 0.00019337 0.00141229 0.00416242 0.00808474 0.0128949 0.0183817 0.0242573 0.0301817 0.0358009 0.0407792 0.0448283 0.0477301 0.0493505 0.0496451 0.0486596 0.046521 0.0434169 0.039574 0.0352377 0.0306515 0.0260387 0.021589 0.0174491 0.0137189 0.0104501 0.00764762 0.00528083 0.00332249 0.00180665 0.000805563 0.000288086 8.40512e-05 2.07094e-05 4.43288e-06 8.34278e-07 1.37006e-07 1.89408e-08 1.99739e-09 1.15015e-10 0 
0 0.000291178 0.00196204 0.00540706 0.0102125 0.0161378 0.0229167 0.0301817 0.0375091 0.0444599 0.0506203 0.0556432 0.0592709 0.0613209 0.061697 0.0604457 0.0577571 0.053893 0.0491327 0.0437685 0.0380967 0.0323933 0.0268936 0.0217803 0.0171794 0.0131598 0.00973611 0.00687331 0.00450989 0.00262057 0.0012661 0.000486092 0.000148434 3.73293e-05 8.01963e-06 1.50098e-06 2.44041e-07 3.33395e-08 3.47227e-09 1.97495e-10 0 
0 0.000395919 0.00249346 0.00656877 0.0122172 0.0192088 0.0272165 0.0358009 0.0444599 0.052677 0.0599857 0.0660307 0.0705049 0.073077 0.0735543 0.0719834 0.0686303 0.063913 0.0582208 0.0518671 0.0451636 0.0384249 0.031928 0.0258896 0.0204599 0.0157228 0.0117009 0.00836053 0.00562435 0.00341971 0.0017618 0.000722675 0.000231666 5.97651e-05 1.2945e-05 2.41862e-06 3.9062e-07 5.28916e-08 5.45543e-09 3.07276e-10 0 
0 0.0004961 0.00296456 0.0075864 0.0139876 0.0219274 0.0310251 0.0407792 0.0506203 0.0599857 0.0684233 0.0755135 0.0806298 0.0833927 0.0838967 0.0822601 0.0785331 0.0730202 0.066363 0.0590636 0.0514316 0.0437739 0.0363927 0.0295336 0.0233679 0.0179925 0.0134361 0.00966632 0.00659899 0.00413178 0.00223139 0.0009673 0.000324542 8.59924e-05 1.88259e-05 3.52089e-06 5.66401e-07 7.62166e-08 7.80525e-09 4.36406e-10 0 
0 0.000581561 0.00334581 0.00840842 0.0154252 0.0241375 0.0341224 0.0448283 0.0556432 0.0660307 0.0755135 0.08314 0.0880574 0.0905211 0.0909735 0.0895548 0.0861333 0.0805261 0.0731579 0.0649803 0.0565441 0.0481311 0.0400295 0.0325021 0.0257367 0.0198407 0.0148473 0.0107247 0.00738526 0.00470967 0.00262696 0.00118758 0.00041392 0.00011238 2.48766e-05 4.66455e-06 7.48991e-07 1.00389e-07 1.02312e-08 5.69142e-10 0 
0 0.000644688 0.00361773 0.0089952 0.0164542 0.0257205 0.036341 0.0477301 0.0592709 0.0705049 0.0806298 0.0880574 0.0925012 0.0947026 0.0951166 0.0938651 0.0908121 0.0856031 0.0781209 0.0693129 0.0602336 0.0512622 0.0426427 0.0346355 0.0274396 0.0211696 0.0158618 0.0114846 0.00794823 0.00512431 0.00291729 0.00135716 0.000486474 0.000134645 3.00925e-05 5.66019e-06 9.0855e-07 1.21532e-07 1.23523e-08 6.85112e-10 0 
0 0.000680795 0.00376949 0.00932235 0.0170284 0.0266037 0.0375789 0.0493505 0.0613209 0.073077 0.0833927 0.0905211 0.0947026 0.0967812 0.0971785 0.0960054 0.0931378 0.0882123 0.0808741 0.0717925 0.0623206 0.053023 0.0441122 0.0358363 0.028399 0.0219192 0.0164348 0.0119144 0.00826724 0.00536049 0.00308573 0.00145917 0.000531975 0.000149076 3.35454e-05 6.32785e-06 1.01647e-06 1.35928e-07 1.38054e-08 7.65045e-10 0 
0 0.000688066 0.00379821 0.00938254 0.0171331 0.0267642 0.0378036 0.0496451 0.061697 0.0735543 0.0838967 0.0909735 0.0951166 0.0971785 0.0975747 0.0964148 0.0935769 0.0886998 0.0813966 0.0722722 0.0627244 0.0533647 0.0443997 0.0360734 0.0285907 0.022071 0.016553 0.0120053 0.00833716 0.00541513 0.00312765 0.0014867 0.000545203 0.000153539 3.46682e-05 6.55462e-06 1.05463e-06 1.41224e-07 1.43618e-08 7.96928e-10 0 
0 0.000667287 0.00370836 0.00918529 0.0167848 0.0262274 0.0370509 0.0486596 0.0604457 0.0719834 0.0822601 0.0895548 0.0938651 0.0960054 0.0964148 0.0952098 0.0922618 0.087208 0.0797847 0.0708012 0.0614952 0.0523358 0.0435464 0.035381 0.028042 0.0216469 0.0162334 0.0117705 0.00816855 0.00529652 0.00304857 0.00144202 0.000526503 0.000147962 3.34189e-05 6.33034e-06 1.02137e-06 1.37219e-07 1.40047e-08 7.80121e-10 0 
0 0.00062149 0.00351079 0.00875505 0.0160276 0.0250614 0.0354162 0.046521 0.0577571 0.0686303 0.0785331 0.0861333 0.0908121 0.0931378 0.0935769 0.0922618 0.0890558 0.0836534 0.0761686 0.0676142 0.05881 0.0500717 0.0416639 0.0338504 0.0268265 0.0207046 0.0155206 0.0112438 0.00778645 0.00502347 0.00286315 0.00133566 0.000481358 0.000134259 3.0275e-05 5.7486e-06 9.31843e-07 1.25931e-07 1.29383e-08 7.25871e-10 0 
0 0.000555529 0.0032215 0.00812783 0.0149267 0.0233675 0.033042 0.0434169 0.053893 0.063913 0.0730202 0.0805261 0.0856031 0.0882123 0.0886998 0.087208 0.0836534 0.078031 0.0709104 0.0630652 0.0549216 0.0467731 0.0389191 0.0316183 0.025054 0.0193308 0.0144813 0.0104755 0.00722835 0.00462465 0.00259492 0.00118536 0.000419304 0.000115799 2.60845e-05 4.97682e-06 8.13309e-07 1.11007e-07 1.15302e-08 6.54347e-10 0 
0 0.000475597 0.0028602 0.00734699 0.0135617 0.0212691 0.0301019 0.039574 0.0491327 0.0582208 0.066363 0.0731579 0.0781209 0.0808741 0.0813966 0.0797847 0.0761686 0.0709104 0.0645506 0.057511 0.0501148 0.0426832 0.0355157 0.028852 0.0228589 0.0176314 0.0131981 0.00952856 0.00654229 0.00413875 0.0022768 0.00101516 0.000352408 9.66405e-05 2.1848e-05 4.21192e-06 6.97982e-07 9.67749e-08 1.02186e-08 5.89596e-10 0 
0 0.000388661 0.00244919 0.00645871 0.0120179 0.0188998 0.0267836 0.0352377 0.0437685 0.0518671 0.0590636 0.0649803 0.0693129 0.0717925 0.0722722 0.0708012 0.0676142 0.0630652 0.057511 0.0512778 0.0446908 0.0380653 0.0316746 0.0257327 0.0203877 0.0157231 0.0117623 0.00847474 0.00578629 0.00361647 0.00195226 0.000853959 0.000293607 8.08121e-05 1.85243e-05 3.64085e-06 6.1644e-07 8.73462e-08 9.41811e-09 5.54135e-10 0 
0 0.000301793 0.00201254 0.00550801 0.0103792 0.0163913 0.0232731 0.0306515 0.0380967 0.0451636 0.0514316 0.0565441 0.0602336 0.0623206 0.0627244 0.0614952 0.05881 0.0549216 0.0501148 0.0446908 0.0389527 0.0331811 0.0276152 0.022441 0.0177866 0.0137232 0.0102686 0.00739265 0.00503114 0.00312465 0.001676 0.000733451 0.000255293 7.18537e-05 1.69212e-05 3.41744e-06 5.93298e-07 8.59354e-08 9.44033e-09 5.64037e-10 0 
0 0.000221408 0.0015756 0.00453611 0.00872042 0.0138637 0.0197405 0.0260387 0.0323933 0.0384249 0.0437739 0.0481311 0.0512622 0.053023 0.0533647 0.0523358 0.0500717 0.0467731 0.0426832 0.0380653 0.0331811 0.0282709 0.0235387 0.0191425 0.0151912 0.011744 0.00881451 0.00637483 0.00437006 0.00274997 0.00151022 0.000684638 0.000248365 7.26823e-05 1.76649e-05 3.65162e-06 6.44265e-07 9.43012e-08 1.04228e-08 6.24436e-10 0 
0 0.000152472 0.00116429 0.00358043 0.00710266 0.0114174 0.0163299 0.021589 0.0268936 0.031928 0.0363927 0.0400295 0.0426427 0.0441122 0.0443997 0.0435464 0.0416639 0.0389191 0.0355157 0.0316746 0.0276152 0.0235387 0.0196157 0.0159793 0.0127231 0.00990462 0.00754112 0.00559289 0.00397403 0.00261655 0.00151989 0.000733979 0.000281598 8.55086e-05 2.11507e-05 4.39009e-06 7.71582e-07 1.12011e-07 1.22502e-08 7.25333e-10 0 
0 9.78772e-05 0.000802972 0.00267745 0.00557091 0.00912672 0.0131514 0.0174491 0.0217803 0.0258896 0.0295336 0.0325021 0.0346355 0.0358363 0.0360734 0.035381 0.0338504 0.0316183 0.028852 0.0257327 0.022441 0.0191425 0.0159793 0.0130677 0.0105158 0.00844267 0.00691051 0.00574242 0.0045555 0.00319152 0.0018948 0.000932931 0.000366214 0.00011203 2.73996e-05 5.56923e-06 9.55819e-07 1.35488e-07 1.4483e-08 8.3937e-10 0 
0 5.81664e-05 0.000510589 0.0018667 0.00415825 0.00703779 0.0102777 0.0137189 0.0171794 0.0204599 0.0233679 0.0257367 0.0274396 0.028399 0.0285907 0.028042 0.0268265 0.025054 0.0228589 0.0203877 0.0177866 0.0151912 0.0127231 0.0105158 0.00882026 0.00811952 0.00876484 0.00990187 0.0095345 0.00695008 0.003759 0.0015875 0.000553588 0.000157047 3.60971e-05 6.96811e-06 1.14865e-06 1.57569e-07 1.6374e-08 9.25593e-10 0 
0 3.18036e-05 0.000295884 0.00118995 0.00289788 0.005172 0.00774174 0.0104501 0.0131598 0.0157228 0.0179925 0.0198407 0.0211696 0.0219192 0.022071 0.0216469 0.0207046 0.0193308 0.0176314 0.0157231 0.0137232 0.011744 0.00990462 0.00844267 0.00811952 0.0107219 0.017666 0.0258213 0.0281495 0.0203166 0.0102812 0.00367503 0.00101542 0.000236637 4.71096e-05 8.23941e-06 1.27952e-06 1.69023e-07 1.70736e-08 9.42582e-10 0 
0 1.5921e-05 0.000154815 0.000679952 0.00183618 0.00354392 0.00554351 0.00764762 0.00973611 0.0117009 0.0134361 0.0148473 0.0158618 0.0164348 0.016553 0.0162334 0.0155206 0.0144813 0.0131981 0.0117623 0.0102686 0.00881451 0.00754112 0.00691051 0.00876484 0.017666 0.0372488 0.0667794 0.0751849 0.0510277 0.0239331 0.00805221 0.00192468 0.000364683 5.96233e-05 8.98328e-06 1.28286e-06 1.62614e-07 1.60234e-08 8.6795e-10 0 
0 7.2737e-06 7.2733e-05 0.000342928 0.00102697 0.00218986 0.00367456 0.00528083 0.00687331 0.00836053 0.00966632 0.0107247 0.0114846 0.0119144 0.0120053 0.0117705 0.0112438 0.0104755 0.00952856 0.00847474 0.00739265 0.00637483 0.00559289 0.00574242 0.00990187 0.0258213 0.0667794 0.0875068 0.0898976 0.0822687 0.0424292 0.0129771 0.00293643 0.000492334 6.81069e-05 8.74018e-06 1.13133e-06 1.37602e-07 1.33112e-08 7.1246e-10 0 
0 3.02828e-06 3.06389e-05 0.000151544 0.000495127 0.00117325 0.00216226 0.00332249 0.00450989 0.00562435 0.00659899 0.00738526 0.00794823 0.00826724 0.00833716 0.00816855 0.00778645 0.00722835 0.00654229 0.00578629 0.00503114 0.00437006 0.00397403 0.0045555 0.0095345 0.0281495 0.0751849 0.0898976 0.0917464 0.0855827 0.0507029 0.0143066 0.00317996 0.00050549 6.32526e-05 7.19172e-06 8.56234e-07 1.00927e-07 9.67932e-09 5.16406e-10 0 
0 1.14886e-06 1.15961e-05 5.8771e-05 0.000203869 0.00052863 0.00107657 0.00180665 0.00262057 0.00341971 0.00413178 0.00470967 0.00512431 0.00536049 0.00541513 0.00529652 0.00502347 0.00462465 0.00413875 0.00361647 0.00312465 0.00274997 0.00261655 0.00319152 0.00695008 0.0203166 0.0510277 0.0822687 0.0855827 0.0719232 0.0324624 0.010596 0.00234927 0.000367788 4.40967e-05 4.73489e-06 5.42851e-07 6.3501e-08 6.11859e-09 3.28574e-10 0 
0 3.97472e-07 3.95862e-06 2.01553e-05 7.21325e-05 0.000198707 0.000439356 0.000805563 0.0012661 0.0017618 0.00223139 0.00262696 0.00291729 0.00308573 0.00312765 0.00304857 0.00286315 0.00259492 0.0022768 0.00195226 0.001676 0.00151022 0.00151989 0.0018948 0.003759 0.0102812 0.0239331 0.0424292 0.0507029 0.0324624 0.0159217 0.00525095 0.00117394 0.000185187 2.2253e-05 2.41971e-06 2.84545e-07 3.41134e-08 3.35207e-09 1.8297e-10 0 
0 1.25511e-07 1.2239e-06 6.17097e-06 2.22607e-05 6.31821e-05 0.000147054 0.000288086 0.000486092 0.000722675 0.0009673 0.00118758 0.00135716 0.00145917 0.0014867 0.00144202 0.00133566 0.00118536 0.00101516 0.000853959 0.000733451 0.000684638 0.000733979 0.000932931 0.0015875 0.00367503 0.00805221 0.0129771 0.0143066 0.010596 0.00525095 0.00174936 0.000399036 6.46618e-05 8.15643e-06 9.66911e-07 1.24022e-07 1.56801e-08 1.59178e-09 8.90918e-11 0 
0 3.6178e-08 3.43706e-07 1.70032e-06 6.08559e-06 1.73862e-05 4.13762e-05 8.40512e-05 0.000148434 0.000231666 0.000324542 0.00041392 0.000486474 0.000531975 0.000545203 0.000526503 0.000481358 0.000419304 0.000352408 0.000293607 0.000255293 0.000248365 0.000281598 0.000366214 0.000553588 0.00101542 0.00192468 0.00293643 0.00317996 0.00234927 0.00117394 0.000399036 9.3992e-05 1.61156e-05 2.27241e-06 3.15514e-07 4.588e-08 6.20668e-09 6.56454e-10 3.79383e-11 0 
0 9.50351e-09 8.77191e-08 4.23498e-07 1.4898e-06 4.22206e-06 1.00703e-05 2.07094e-05 3.73293e-05 5.97651e-05 8.59924e-05 0.00011238 0.000134645 0.000149076 0.000153539 0.000147962 0.000134259 0.000115799 9.66405e-05 8.08121e-05 7.18537e-05 7.26823e-05 8.55086e-05 0.00011203 0.000157047 0.000236637 0.000364683 0.000492334 0.00050549 0.000367788 0.000185187 6.46618e-05 1.61156e-05 3.09703e-06 5.26718e-07 8.91239e-08 1.47077e-08 2.12875e-09 2.3554e-10 1.41271e-11 0 
0 2.26429e-09 2.02803e-08 9.52981e-08 3.27873e-07 9.14337e-07 2.16074e-06 4.43288e-06 8.01963e-06 1.2945e-05 1.88259e-05 2.48766e-05 3.00925e-05 3.35454e-05 3.46682e-05 3.34189e-05 3.0275e-05 2.60845e-05 2.1848e-05 1.85243e-05 1.69212e-05 1.76649e-05 2.11507e-05 2.73996e-05 3.60971e-05 4.71096e-05 5.96233e-05 6.81069e-05 6.32526e-05 4.40967e-05 2.2253e-05 8.15643e-06 2.27241e-06 5.26718e-07 1.12085e-07 2.25866e-08 4.12112e-09 6.33907e-10 7.34939e-11 4.58983e-12 0 
0 4.84288e-10 4.20832e-09 1.92294e-08 6.4561e-08 1.76473e-07 4.1079e-07 8.34278e-07 1.50098e-06 2.41862e-06 3.52089e-06 4.66455e-06 5.66019e-06 6.32785e-06 6.55462e-06 6.33034e-06 5.7486e-06 4.97682e-06 4.21192e-06 3.64085e-06 3.41744e-06 3.65162e-06 4.39009e-06 5.56923e-06 6.96811e-06 8.23941e-06 8.98328e-06 8.74018e-06 7.19172e-06 4.73489e-06 2.41971e-06 9.66911e-07 3.15514e-07 8.91239e-08 2.25866e-08 5.11303e-09 1.00409e-09 1.63154e-10 1.9828e-11 1.29177e-12 0 
0 9.10646e-11 7.68193e-10 3.41385e-09 1.11785e-08 2.99048e-08 6.83928e-08 1.37006e-07 2.44041e-07 3.9062e-07 5.66401e-07 7.48991e-07 9.0855e-07 1.01647e-06 1.05463e-06 1.02137e-06 9.31843e-07 8.13309e-07 6.97982e-07 6.1644e-07 5.93298e-07 6.44265e-07 7.71582e-07 9.55819e-07 1.14865e-06 1.27952e-06 1.28286e-06 1.13133e-06 8.56234e-07 5.42851e-07 2.84545e-07 1.24022e-07 4.588e-08 1.47077e-08 4.12112e-09 1.00409e-09 2.09006e-10 3.57399e-11 4.55102e-12 3.09493e-13 0 
0 1.44161e-11 1.1818e-10 5.1121e-10 1.63325e-09 4.27553e-09 9.59936e-09 1.89408e-08 3.33395e-08 5.28916e-08 7.62166e-08 1.00389e-07 1.21532e-07 1.35928e-07 1.41224e-07 1.37219e-07 1.25931e-07 1.11007e-07 9.67749e-08 8.73462e-08 8.59354e-08 9.43012e-08 1.12011e-07 1.35488e-07 1.57569e-07 1.69023e-07 1.62614e-07 1.37602e-07 1.00927e-07 6.3501e-08 3.41134e-08 1.56801e-08 6.20668e-09 2.12875e-09 6.33907e-10 1.63154e-10 3.57399e-11 6.41377e-12 8.54734e-13 6.06534e-14 0 
0 1.73363e-12 1.38298e-11 5.83027e-11 1.81918e-10 4.6629e-10 1.02795e-09 1.99739e-09 3.47227e-09 5.45543e-09 7.80525e-09 1.02312e-08 1.23523e-08 1.38054e-08 1.43618e-08 1.40047e-08 1.29383e-08 1.15302e-08 1.02186e-08 9.41811e-09 9.44033e-09 1.04228e-08 1.22502e-08 1.4483e-08 1.6374e-08 1.70736e-08 1.60234e-08 1.33112e-08 9.67932e-09 6.11859e-09 3.35207e-09 1.59178e-09 6.56454e-10 2.3554e-10 7.34939e-11 1.9828e-11 4.55102e-12 8.54734e-13 1.18995e-13 8.80174e-15 0 
0 1.13115e-13 8.79422e-13 3.61844e-12 1.10407e-11 2.77371e-11 6.00829e-11 1.15015e-10 1.97495e-10 3.07276e-10 4.36406e-10 5.69142e-10 6.85112e-10 7.65045e-10 7.96928e-10 7.80121e-10 7.25871e-10 6.54347e-10 5.89596e-10 5.54135e-10 5.64037e-10 6.24436e-10 7.25333e-10 8.3937e-10 9.25593e-10 9.42582e-10 8.6795e-10 7.1246e-10 5.16406e-10 3.28574e-10 1.8297e-10 8.90918e-11 3.79383e-11 1.41271e-11 4.58983e-12 1.29177e-12 3.09493e-13 6.06534e-14 8.80174e-15 6.77564e-16 0 
0 0 0 0 0 0 0 0 0 0 0 0 0 0 0 0 0 0 0 0 0 0 0 0 0 0 0 0 0 0 0 0 0 0 0 0 0 0 0 0 0 
