0 0 0 0 0 0 0 0 0 0 0 0 0 0 0 0 0 0 0 0 0 0 0 0 0 0 0 0 0 0 0 0 0 0 0 0 0 0 0 0 0 
0 1.26969e-07 1.15566e-06 5.31157e-06 1.71126e-05 4.28488e-05 8.79308e-05 0.000153583 0.000235481 0.000325084 0.000412261 0.000487598 0.000543778 0.000576151 0.000582803 0.000564351 0.000523612 0.000465167 0.000394853 0.000319159 0.000244523 0.000176577 0.000119427 7.51539e-05 4.37243e-05 2.33901e-05 1.14577e-05 5.12674e-06 2.09356e-06 7.80495e-07 2.65889e-07 8.28411e-08 2.36053e-08 6.14064e-09 1.45113e-09 3.08262e-10 5.76392e-11 9.08246e-12 1.08807e-12 7.07724e-14 0 
0 1.15566e-06 1.08828e-05 5.06634e-05 0.00016042 0.000382769 0.00073188 0.00118017 0.00167525 0.00216351 0.00260184 0.0029593 0.00321549 0.00335907 0.00338679 0.00330271 0.00311718 0.00284566 0.00250755 0.00212505 0.00172241 0.00132511 0.000958398 0.000644483 0.000398352 0.000223989 0.000113707 5.19124e-05 2.13126e-05 7.88937e-06 2.64367e-06 8.04966e-07 2.23261e-07 5.64079e-08 1.29355e-08 2.6667e-09 4.84231e-10 7.41821e-11 8.65175e-12 5.48667e-13 0 
0 5.31157e-06 5.06634e-05 0.00023005 0.000678772 0.0014601 0.00249936 0.00366113 0.00483124 0.00592841 0.00689067 0.00766817 0.0082234 0.00853343 0.00859133 0.00840602 0.00800038 0.00740814 0.00666998 0.00582945 0.00492959 0.0040111 0.00311297 0.0022751 0.00153992 0.000947229 0.000520289 0.000252158 0.000107429 4.03909e-05 1.3513e-05 4.05887e-06 1.10217e-06 2.71484e-07 6.05743e-08 1.21433e-08 2.14503e-09 3.19965e-10 3.63815e-11 2.25262e-12 0 
0 1.71126e-05 0.00016042 0.000678772 0.0017849 0.00340325 0.00530639 0.00732085 0.0093268 0.011216 0.0128841 0.0142388 0.0152091 0.0157513 0.0158513 0.0155248 0.0148127 0.0137764 0.0124906 0.0110351 0.00948848 0.00792062 0.00638911 0.0049386 0.00360698 0.00243713 0.00148288 0.000790958 0.000363279 0.00014322 4.89396e-05 1.47173e-05 3.94947e-06 9.54202e-07 2.08025e-07 4.06822e-08 7.00871e-09 1.02022e-09 1.13323e-10 6.8632e-12 0 
0 4.28488e-05 0.000382769 0.0014601 0.00340325 0.00593201 0.00879563 0.0118329 0.0148827 0.0177714 0.0203297 0.0224106 0.0239022 0.0247355 0.0248887 0.0243853 0.0232892 0.0216957 0.0197209 0.0174903 0.0151277 0.0127457 0.0104378 0.00827295 0.00629486 0.00452925 0.00300488 0.00177514 0.000900792 0.000384064 0.000137679 4.22441e-05 1.13409e-05 2.70872e-06 5.80103e-07 1.11115e-07 1.87304e-08 2.66798e-09 2.90198e-10 1.72289e-11 0 
0 8.79308e-05 0.00073188 0.00249936 0.00530639 0.00879563 0.0127539 0.0169826 0.0212448 0.0252885 0.0288726 0.0317891 0.0338799 0.035048 0.0352624 0.0345563 0.0330193 0.0307854 0.0280183 0.0248947 0.0215897 0.0182634 0.0150508 0.0120545 0.00934123 0.00694136 0.00486007 0.00310838 0.00173827 0.000814408 0.000313335 0.000100039 2.72358e-05 6.48843e-06 1.37332e-06 2.588e-07 4.28385e-08 5.98925e-09 6.3965e-10 3.73169e-11 0 
0 0.000153583 0.00118017 0.00366113 0.00732085 0.0118329 0.0169826 0.0225011 0.02807 0.0333558 0.0380421 0.0418561 0.0445907 0.0461189 0.0463996 0.0454761 0.0434659 0.0405449 0.0369271 0.0328442 0.0285259 0.0241827 0.0199927 0.0160936 0.012578 0.00949233 0.00684025 0.00460066 0.00277436 0.00142228 0.000593773 0.000200348 5.60292e-05 1.34322e-05 2.82702e-06 5.26531e-07 8.59006e-08 1.18254e-08 1.24355e-09 7.14706e-11 0 
0 0.000235481 0.00167525 0.00483124 0.0093268 0.0148827 0.0212448 0.02807 0.0349599 0.0415009 0.0473009 0.052024 0.055417 0.0573196 0.0576706 0.0565205 0.0540235 0.0504041 0.0459263 0.0408745 0.0355325 0.0301612 0.024982 0.0201668 0.0158333 0.0120444 0.00881105 0.00610057 0.00387051 0.00213388 0.000964028 0.000346361 0.000100445 2.44165e-05 5.13829e-06 9.49889e-07 1.53283e-07 2.08425e-08 2.1642e-09 1.22849e-10 0 
0 0.000325084 0.00216351 0.00592841 0.011216 0.0177714 0.0252885 0.0333558 0.0415009 0.0492345 0.0560978 0.0617096 0.0657784 0.0680837 0.0685128 0.0671174 0.0641081 0.0597879 0.054479 0.0485044 0.0421898 0.0358415 0.0297218 0.0240348 0.0189212 0.0144585 0.0106652 0.00750688 0.0049168 0.00285719 0.00138007 0.000527331 0.00015928 3.94598e-05 8.33934e-06 1.53579e-06 2.45926e-07 3.31264e-08 3.40561e-09 1.91413e-10 0 
0 0.000412261 0.00260184 0.00689067 0.0128841 0.0203297 0.0288726 0.0380421 0.0473009 0.0560978 0.063934 0.070393 0.0750884 0.0777214 0.0782112 0.0766327 0.0731732 0.0681823 0.06209 0.0552798 0.0480996 0.0408841 0.0339296 0.0274683 0.0216609 0.0165976 0.0123029 0.0087428 0.00583876 0.00351599 0.00178784 0.00072083 0.000226548 5.73139e-05 1.21972e-05 2.24402e-06 3.57557e-07 4.78394e-08 4.88191e-09 2.72341e-10 0 
0 0.000487598 0.0029593 0.00766817 0.0142388 0.0224106 0.0317891 0.0418561 0.052024 0.0617096 0.070393 0.0775133 0.082493 0.0851498 0.0856399 0.0840827 0.0805083 0.0750954 0.0683459 0.0608173 0.0529197 0.0449965 0.0373615 0.0302688 0.0238955 0.0183415 0.0136359 0.00974536 0.00658531 0.00405786 0.0021401 0.000900088 0.000292756 7.55484e-05 1.62058e-05 2.98406e-06 4.74178e-07 6.31653e-08 6.41345e-09 3.55927e-10 0 
0 0.000543778 0.00321549 0.0082234 0.0152091 0.0239022 0.0338799 0.0445907 0.055417 0.0657784 0.0750884 0.082493 0.0873735 0.0898784 0.090343 0.088899 0.0854805 0.0800259 0.0728942 0.0648245 0.0563912 0.047956 0.0398319 0.0322854 0.0255051 0.0195979 0.0145961 0.0104666 0.0071217 0.00445035 0.00240354 0.00104133 0.000347598 9.11631e-05 1.96988e-05 3.63393e-06 5.7688e-07 7.66701e-08 7.7626e-09 4.29524e-10 0 
0 0.000576151 0.00335907 0.00853343 0.0157513 0.0247355 0.035048 0.0461189 0.0573196 0.0680837 0.0777214 0.0851498 0.0898784 0.0922759 0.0927251 0.091355 0.0880768 0.0827201 0.0754669 0.0670981 0.0583512 0.0496255 0.0412269 0.0334255 0.0264164 0.0203104 0.0151417 0.0108772 0.00742801 0.00467658 0.00255921 0.00112821 0.000382729 0.000101468 2.20476e-05 4.07614e-06 6.47364e-07 8.60054e-08 8.70174e-09 4.81132e-10 0 
0 0.000582803 0.00338679 0.00859133 0.0158513 0.0248887 0.0352624 0.0463996 0.0576706 0.0685128 0.0782112 0.0856399 0.090343 0.0927251 0.0931742 0.0918186 0.0885676 0.0832361 0.0759698 0.067547 0.0587403 0.0499599 0.0415094 0.0336593 0.026606 0.0204613 0.0152599 0.010969 0.00749951 0.0047327 0.00260087 0.00115338 0.000393652 0.000104866 2.28612e-05 4.23621e-06 6.73976e-07 8.9682e-08 9.08796e-09 5.03331e-10 0 
0 0.000564351 0.00330271 0.00840602 0.0155248 0.0243853 0.0345563 0.0454761 0.0565205 0.0671174 0.0766327 0.0840827 0.088899 0.091355 0.0918186 0.0904216 0.0870846 0.0816799 0.0744691 0.0662243 0.0576097 0.0490045 0.0407176 0.0330184 0.0260996 0.0200712 0.014967 0.0107548 0.00734649 0.00462656 0.00253317 0.00111833 0.000380454 0.000101269 2.21064e-05 4.10725e-06 6.55694e-07 8.75903e-08 8.914e-09 4.95975e-10 0 
0 0.000523612 0.00311718 0.00800038 0.0148127 0.0232892 0.0330193 0.0434659 0.0540235 0.0641081 0.0731732 0.0805083 0.0854805 0.0880768 0.0885676 0.0870846 0.0835969 0.0781428 0.0711615 0.0633201 0.055111 0.0468847 0.0389564 0.0315887 0.0249664 0.0191947 0.0143055 0.0102668 0.00699325 0.00437683 0.00237055 0.00103258 0.000347531 9.2068e-05 2.01107e-05 3.75168e-06 6.02544e-07 8.10695e-08 8.31611e-09 4.66659e-10 0 
0 0.000465167 0.00284566 0.00740814 0.0137764 0.0216957 0.0307854 0.0405449 0.0504041 0.0597879 0.0681823 0.0750954 0.0800259 0.0827201 0.0832361 0.0816799 0.0781428 0.0728817 0.0663781 0.0591127 0.0514686 0.0437887 0.0363829 0.0294994 0.0233104 0.0179139 0.0133389 0.00955361 0.00647655 0.00401259 0.00213677 0.000912486 0.000302608 7.9732e-05 1.74612e-05 3.28236e-06 5.32726e-07 7.25505e-08 7.54049e-09 4.28974e-10 0 
0 0.000394853 0.00250755 0.00666998 0.0124906 0.0197209 0.0280183 0.0369271 0.0459263 0.054479 0.06209 0.0683459 0.0728942 0.0754669 0.0759698 0.0744691 0.0711615 0.0663781 0.0605069 0.053915 0.0469507 0.0399458 0.0331895 0.0269083 0.021259 0.01633 0.0121464 0.00867633 0.00584439 0.00357377 0.0018649 0.000779732 0.000255328 6.72366e-05 1.48573e-05 2.83407e-06 4.68141e-07 6.49785e-08 6.88637e-09 3.99409e-10 0 
0 0.000319159 0.00212505 0.00582945 0.0110351 0.0174903 0.0248947 0.0328442 0.0408745 0.0485044 0.0552798 0.0608173 0.0648245 0.0670981 0.067547 0.0662243 0.0633201 0.0591127 0.053915 0.0480514 0.0418471 0.0356054 0.0295849 0.0239872 0.0189512 0.0145543 0.0108164 0.00770593 0.00515632 0.00311312 0.00159744 0.000659494 0.000215846 5.75468e-05 1.29838e-05 2.5388e-06 4.30319e-07 6.12494e-08 6.64598e-09 3.9383e-10 0 
0 0.000244523 0.00172241 0.00492959 0.00948848 0.0151277 0.0215897 0.0285259 0.0355325 0.0421898 0.0480996 0.0529197 0.0563912 0.0583512 0.0587403 0.0576097 0.055111 0.0514686 0.0469507 0.0418471 0.0364465 0.0310145 0.0257763 0.0209069 0.0165264 0.0126999 0.00944183 0.00672226 0.00448638 0.0026988 0.00138531 0.000578321 0.000193837 5.33472e-05 1.24478e-05 2.51184e-06 4.3766e-07 6.37549e-08 7.04927e-09 4.23947e-10 0 
0 0.000176577 0.00132511 0.0040111 0.00792062 0.0127457 0.0182634 0.0241827 0.0301612 0.0358415 0.0408841 0.0449965 0.047956 0.0496255 0.0499599 0.0490045 0.0468847 0.0437887 0.0399458 0.0356054 0.0310145 0.0263998 0.0219537 0.0178247 0.0141139 0.0108755 0.0081199 0.0058203 0.00392975 0.00241407 0.00128319 0.000561751 0.000198136 5.70237e-05 1.37658e-05 2.844e-06 5.03057e-07 7.39163e-08 8.20402e-09 4.93508e-10 0 
0 0.000119427 0.000958398 0.00311297 0.00638911 0.0104378 0.0150508 0.0199927 0.024982 0.0297218 0.0339296 0.0373615 0.0398319 0.0412269 0.0415094 0.0407176 0.0389564 0.0363829 0.0331895 0.0295849 0.0257763 0.0219537 0.0182783 0.0148747 0.01183 0.00919662 0.0069882 0.00516487 0.00364486 0.00236857 0.00134675 0.000632992 0.000236784 7.06521e-05 1.73166e-05 3.58213e-06 6.29396e-07 9.14705e-08 1.00197e-08 5.94257e-10 0 
0 7.51539e-05 0.000644483 0.0022751 0.0049386 0.00827295 0.0120545 0.0160936 0.0201668 0.0240348 0.0274683 0.0302688 0.0322854 0.0334255 0.0336593 0.0330184 0.0315887 0.0294994 0.0269083 0.0239872 0.0209069 0.0178247 0.0148747 0.0121666 0.00980106 0.00788675 0.0064757 0.00539471 0.00428059 0.00298695 0.00175267 0.000843901 0.000322168 9.62728e-05 2.32066e-05 4.68346e-06 8.01503e-07 1.13515e-07 1.21335e-08 7.03364e-10 0 
0 4.37243e-05 0.000398352 0.00153992 0.00360698 0.00629486 0.00934123 0.012578 0.0158333 0.0189212 0.0216609 0.0238955 0.0255051 0.0264164 0.026606 0.0260996 0.0249664 0.0233104 0.021259 0.0189512 0.0165264 0.0141139 0.01183 0.00980106 0.00826007 0.00765272 0.00830284 0.00940203 0.00905925 0.00660095 0.003561 0.00148876 0.000506623 0.000139412 3.13188e-05 5.97124e-06 9.79012e-07 1.34009e-07 1.39129e-08 7.8611e-10 0 
0 2.33901e-05 0.000223989 0.000947229 0.00243713 0.00452925 0.00694136 0.00949233 0.0120444 0.0144585 0.0165976 0.0183415 0.0195979 0.0203104 0.0204613 0.0200712 0.0191947 0.0179139 0.01633 0.0145543 0.0126999 0.0108755 0.00919662 0.00788675 0.00765272 0.0101734 0.0168012 0.0245219 0.0263126 0.0193341 0.00978117 0.0034901 0.000954304 0.000216389 4.17714e-05 7.15972e-06 1.10167e-06 1.45027e-07 1.46292e-08 8.07016e-10 0 
0 1.14577e-05 0.000113707 0.000520289 0.00148288 0.00300488 0.00486007 0.00684025 0.00881105 0.0106652 0.0123029 0.0136359 0.0145961 0.0151417 0.0152599 0.014967 0.0143055 0.0133389 0.0121464 0.0108164 0.00944183 0.0081199 0.0069882 0.0064757 0.00830284 0.0168012 0.0353801 0.0611908 0.069901 0.0468999 0.0227791 0.00766158 0.00182595 0.000340381 5.39547e-05 7.90651e-06 1.11269e-06 1.403e-07 1.37995e-08 7.46822e-10 0 
0 5.12674e-06 5.19124e-05 0.000252158 0.000790958 0.00177514 0.00310838 0.00460066 0.00610057 0.00750688 0.0087428 0.00974536 0.0104666 0.0108772 0.010969 0.0107548 0.0102668 0.00955361 0.00867633 0.00770593 0.00672226 0.0058203 0.00516487 0.00539471 0.00940203 0.0245219 0.0611908 0.0867815 0.0896013 0.0794715 0.03859 0.0123509 0.00279188 0.000463906 6.25605e-05 7.78213e-06 9.87128e-07 1.19156e-07 1.15006e-08 6.14975e-10 0 
0 2.09356e-06 2.13126e-05 0.000107429 0.000363279 0.000900792 0.00173827 0.00277436 0.00387051 0.0049168 0.00583876 0.00658531 0.0071217 0.00742801 0.00749951 0.00734649 0.00699325 0.00647655 0.00584439 0.00515632 0.00448638 0.00392975 0.00364486 0.00428059 0.00905925 0.0263126 0.069901 0.0896013 0.0919264 0.0844711 0.0453887 0.0136169 0.00302475 0.000477808 5.85629e-05 6.45638e-06 7.50441e-07 8.76105e-08 8.38001e-09 4.46669e-10 0 
0 7.80495e-07 7.88937e-06 4.03909e-05 0.00014322 0.000384064 0.000814408 0.00142228 0.00213388 0.00285719 0.00351599 0.00405786 0.00445035 0.00467658 0.0047327 0.00462656 0.00437683 0.00401259 0.00357377 0.00311312 0.0026988 0.00241407 0.00236857 0.00298695 0.00660095 0.0193341 0.0468999 0.0794715 0.0844711 0.0662088 0.0307164 0.0100851 0.00223429 0.000347643 4.09133e-05 4.2652e-06 4.76823e-07 5.5199e-08 5.30418e-09 2.84592e-10 0 
0 2.65889e-07 2.64367e-06 1.3513e-05 4.89396e-05 0.000137679 0.000313335 0.000593773 0.000964028 0.00138007 0.00178784 0.0021401 0.00240354 0.00255921 0.00260087 0.00253317 0.00237055 0.00213677 0.0018649 0.00159744 0.00138531 0.00128319 0.00134675 0.00175267 0.003561 0.00978117 0.0227791 0.03859 0.0453887 0.0307164 0.0151548 0.00499714 0.00111546 0.000174607 2.05931e-05 2.17588e-06 2.4982e-07 2.96668e-08 2.90819e-09 1.58624e-10 0 
0 8.28411e-08 8.04966e-07 4.05887e-06 1.47173e-05 4.22441e-05 0.000100039 0.000200348 0.000346361 0.000527331 0.00072083 0.000900088 0.00104133 0.00112821 0.00115338 0.00111833 0.00103258 0.000912486 0.000779732 0.000659494 0.000578321 0.000561751 0.000632992 0.000843901 0.00148876 0.0034901 0.00766158 0.0123509 0.0136169 0.0100851 0.00499714 0.00166352 0.000378046 6.06232e-05 7.49296e-06 8.63927e-07 1.0861e-07 1.36337e-08 1.38163e-09 7.72848e-11 0 
0 2.36053e-08 2.23261e-07 1.10217e-06 3.94947e-06 1.13409e-05 2.72358e-05 5.60292e-05 0.000100445 0.00015928 0.000226548 0.000292756 0.000347598 0.000382729 0.000393652 0.000380454 0.000347531 0.000302608 0.000255328 0.000215846 0.000193837 0.000198136 0.000236784 0.000322168 0.000506623 0.000954304 0.00182595 0.00279188 0.00302475 0.00223429 0.00111546 0.000378046 8.84199e-05 1.49522e-05 2.06138e-06 2.79271e-07 4.00483e-08 5.39444e-09 5.69936e-10 3.29242e-11 0 
0 6.14064e-09 5.64079e-08 2.71484e-07 9.54202e-07 2.70872e-06 6.48843e-06 1.34322e-05 2.44165e-05 3.94598e-05 5.73139e-05 7.55484e-05 9.11631e-05 0.000101468 0.000104866 0.000101269 9.2068e-05 7.9732e-05 6.72366e-05 5.75468e-05 5.33472e-05 5.70237e-05 7.06521e-05 9.62728e-05 0.000139412 0.000216389 0.000340381 0.000463906 0.000477808 0.000347643 0.000174607 6.06232e-05 1.49522e-05 2.82453e-06 4.69952e-07 7.81708e-08 1.28054e-08 1.84957e-09 2.0453e-10 1.22634e-11 0 
0 1.45113e-09 1.29355e-08 6.05743e-08 2.08025e-07 5.80103e-07 1.37332e-06 2.82702e-06 5.13829e-06 8.33934e-06 1.21972e-05 1.62058e-05 1.96988e-05 2.20476e-05 2.28612e-05 2.21064e-05 2.01107e-05 1.74612e-05 1.48573e-05 1.29838e-05 1.24478e-05 1.37658e-05 1.73166e-05 2.32066e-05 3.13188e-05 4.17714e-05 5.39547e-05 6.25605e-05 5.85629e-05 4.09133e-05 2.05931e-05 7.49296e-06 2.06138e-06 4.69952e-07 9.85336e-08 1.96943e-08 3.58303e-09 5.50682e-10 6.38246e-11 3.98506e-12 0 
0 3.08262e-10 2.6667e-09 1.21433e-08 4.06822e-08 1.11115e-07 2.588e-07 5.26531e-07 9.49889e-07 1.53579e-06 2.24402e-06 2.98406e-06 3.63393e-06 4.07614e-06 4.23621e-06 4.10725e-06 3.75168e-06 3.28236e-06 2.83407e-06 2.5388e-06 2.51184e-06 2.844e-06 3.58213e-06 4.68346e-06 5.97124e-06 7.15972e-06 7.90651e-06 7.78213e-06 6.45638e-06 4.2652e-06 2.17588e-06 8.63927e-07 2.79271e-07 7.81708e-08 1.96943e-08 4.44672e-09 8.7248e-10 1.41723e-10 1.72203e-11 1.12169e-12 0 
0 5.76392e-11 4.84231e-10 2.14503e-09 7.00871e-09 1.87304e-08 4.28385e-08 8.59006e-08 1.53283e-07 2.45926e-07 3.57557e-07 4.74178e-07 5.7688e-07 6.47364e-07 6.73976e-07 6.55694e-07 6.02544e-07 5.32726e-07 4.68141e-07 4.30319e-07 4.3766e-07 5.03057e-07 6.29396e-07 8.01503e-07 9.79012e-07 1.10167e-06 1.11269e-06 9.87128e-07 7.50441e-07 4.76823e-07 2.4982e-07 1.0861e-07 4.00483e-08 1.28054e-08 3.58303e-09 8.7248e-10 1.81568e-10 3.10439e-11 3.95256e-12 2.68761e-13 0 
0 9.08246e-12 7.41821e-11 3.19965e-10 1.02022e-09 2.66798e-09 5.98925e-09 1.18254e-08 2.08425e-08 3.31264e-08 4.78394e-08 6.31653e-08 7.66701e-08 8.60054e-08 8.9682e-08 8.75903e-08 8.10695e-08 7.25505e-08 6.49785e-08 6.12494e-08 6.37549e-08 7.39163e-08 9.14705e-08 1.13515e-07 1.34009e-07 1.45027e-07 1.403e-07 1.19156e-07 8.76105e-08 5.5199e-08 2.96668e-08 1.36337e-08 5.39444e-09 1.84957e-09 5.50682e-10 1.41723e-10 3.10439e-11 5.5707e-12 7.42327e-13 5.26721e-14 0 
0 1.08807e-12 8.65175e-12 3.63815e-11 1.13323e-10 2.90198e-10 6.3965e-10 1.24355e-09 2.1642e-09 3.40561e-09 4.88191e-09 6.41345e-09 7.7626e-09 8.70174e-09 9.08796e-09 8.914e-09 8.31611e-09 7.54049e-09 6.88637e-09 6.64598e-09 7.04927e-09 8.20402e-09 1.00197e-08 1.21335e-08 1.39129e-08 1.46292e-08 1.37995e-08 1.15006e-08 8.38001e-09 5.30418e-09 2.90819e-09 1.38163e-09 5.69936e-10 2.0453e-10 6.38246e-11 1.72203e-11 3.95256e-12 7.42327e-13 1.03342e-13 7.64351e-15 0 
0 7.07724e-14 5.48667e-13 2.25262e-12 6.8632e-12 1.72289e-11 3.73169e-11 7.14706e-11 1.22849e-10 1.91413e-10 2.72341e-10 3.55927e-10 4.29524e-10 4.81132e-10 5.03331e-10 4.95975e-10 4.66659e-10 4.28974e-10 3.99409e-10 3.9383e-10 4.23947e-10 4.93508e-10 5.94257e-10 7.03364e-10 7.8611e-10 8.07016e-10 7.46822e-10 6.14975e-10 4.46669e-10 2.84592e-10 1.58624e-10 7.72848e-11 3.29242e-11 1.22634e-11 3.98506e-12 1.12169e-12 2.68761e-13 5.26721e-14 7.64351e-15 5.88386e-16 0 
0 0 0 0 0 0 0 0 0 0 0 0 0 0 0 0 0 0 0 0 0 0 0 0 0 0 0 0 0 0 0 0 0 0 0 0 0 0 0 0 0 
