0 0 0 0 0 0 0 0 0 0 0 0 0 0 0 0 0 0 0 0 0 0 0 0 0 0 0 0 0 0 0 0 0 0 0 0 0 0 0 0 0 
0 3.1385e-07 2.8116e-06 1.25242e-05 3.84959e-05 9.0905e-05 0.000175129 0.000287832 0.000418223 0.000552273 0.000676512 0.000780053 0.00085526 0.000897713 0.000905936 0.000881047 0.000826388 0.000747128 0.000649856 0.000542105 0.000431804 0.000326589 0.000232995 0.000155636 9.65885e-05 5.52781e-05 2.89846e-05 1.38556e-05 6.02041e-06 2.37498e-06 8.5074e-07 2.76907e-07 8.19176e-08 2.1997e-08 5.33825e-09 1.15929e-09 2.20744e-10 3.53059e-11 4.28148e-12 2.81272e-13 0 
0 2.8116e-06 2.58276e-05 0.000114193 0.000334504 0.000727568 0.00126994 0.00189427 0.00253127 0.00312842 0.00364881 0.00406611 0.00436213 0.00452642 0.00455644 0.00445726 0.0042407 0.00392384 0.00352726 0.0030734 0.00258556 0.00208754 0.00160396 0.00116007 0.000779644 0.000480289 0.000267831 0.000133937 5.9775e-05 2.38012e-05 8.48139e-06 2.71663e-06 7.8513e-07 2.05066e-07 4.82974e-08 1.01715e-08 1.87871e-09 2.91739e-10 3.43945e-11 2.20009e-12 0 
0 1.25242e-05 0.000114193 0.000474949 0.00124438 0.00237775 0.00370689 0.00509508 0.0064573 0.0077266 0.00883982 0.00974001 0.0103826 0.0107402 0.0108044 0.0105859 0.0101119 0.00942286 0.00856722 0.00759675 0.00656131 0.00550491 0.00446371 0.00346766 0.00254602 0.0017338 0.00107085 0.000587018 0.000281251 0.000117151 4.26007e-05 1.36528e-05 3.89474e-06 9.95789e-07 2.2855e-07 4.68129e-08 8.40593e-09 1.26973e-09 1.45778e-10 9.09415e-12 0 
0 3.84959e-05 0.000334504 0.00124438 0.00284197 0.00486782 0.00711219 0.00946111 0.0118041 0.0140154 0.0159693 0.0175555 0.01869 0.0193217 0.0194346 0.0190475 0.0182092 0.0169923 0.0154852 0.013783 0.0119796 0.0101596 0.00839233 0.00672726 0.00519352 0.0038076 0.00259094 0.00158628 0.000845732 0.000383729 0.0001474 4.84468e-05 1.38607e-05 3.50382e-06 7.88745e-07 1.57828e-07 2.76451e-08 4.07318e-09 4.56495e-10 2.78327e-11 0 
0 9.0905e-05 0.000727568 0.00237775 0.00486782 0.00786955 0.0112305 0.0148021 0.0183916 0.0217898 0.0247962 0.0272383 0.0289855 0.0299582 0.0301319 0.0295352 0.0282436 0.0263694 0.0240492 0.0214308 0.0186602 0.0158714 0.013177 0.0106628 0.00838275 0.00635803 0.00458459 0.00305935 0.00181558 0.000917787 0.000384319 0.000133215 3.89875e-05 9.86864e-06 2.19668e-06 4.31816e-07 7.40896e-08 1.06837e-08 1.17216e-09 7.00249e-11 0 
0 0.000175129 0.00126994 0.00370689 0.00711219 0.0112305 0.0159028 0.0208942 0.0259188 0.0306784 0.0348903 0.0383121 0.0407605 0.0421239 0.0423673 0.0415306 0.0397203 0.037094 0.0338432 0.0301754 0.0262958 0.0223929 0.0186267 0.0151213 0.0119608 0.00918695 0.00679953 0.00476618 0.00305974 0.00171096 0.000792103 0.00029618 9.04466e-05 2.32422e-05 5.1618e-06 1.00295e-06 1.69332e-07 2.39854e-08 2.58425e-09 1.51685e-10 0 
0 0.000287832 0.00189427 0.00509508 0.00946111 0.0148021 0.0208942 0.0274108 0.0339736 0.0401912 0.0456948 0.0501748 0.0534075 0.0552381 0.0555693 0.0544377 0.052029 0.0485782 0.0443272 0.0395354 0.0344681 0.0293715 0.0244553 0.0198831 0.0157678 0.0121715 0.00910636 0.00653713 0.00439856 0.00265273 0.00134833 0.000549193 0.000177648 4.69289e-05 1.04895e-05 2.02676e-06 3.38256e-07 4.72401e-08 5.01427e-09 2.8999e-10 0 
0 0.000418223 0.00253127 0.0064573 0.0118041 0.0183916 0.0259188 0.0339736 0.0420865 0.0497757 0.0566236 0.0624137 0.0669938 0.0697985 0.0703266 0.06857 0.0649872 0.0603015 0.0549121 0.0489665 0.042701 0.0364015 0.030326 0.0246773 0.0195964 0.015163 0.0113998 0.00827545 0.00571147 0.00361844 0.00198049 0.00087516 0.000301897 8.27191e-05 1.87428e-05 3.62052e-06 5.99809e-07 8.28826e-08 8.69386e-09 4.96778e-10 0 
0 0.000552273 0.00312842 0.0077266 0.0140154 0.0217898 0.0306784 0.0401912 0.0497757 0.0589185 0.0674879 0.0754725 0.0812862 0.0842194 0.0847436 0.0830488 0.0789134 0.0724843 0.0652217 0.0579396 0.0505055 0.0430639 0.0358895 0.0292201 0.0232227 0.0179931 0.0135614 0.0098994 0.00692463 0.00451997 0.0026081 0.00123409 0.000453144 0.000129274 2.98321e-05 5.78473e-06 9.54658e-07 1.30931e-07 1.36109e-08 7.70468e-10 0 
0 0.000676512 0.00364881 0.00883982 0.0159693 0.0247962 0.0348903 0.0456948 0.0566236 0.0674879 0.0784358 0.08651 0.0908626 0.0929242 0.0933149 0.0921639 0.089248 0.0838477 0.0753873 0.0661422 0.0574426 0.048964 0.0408155 0.0332421 0.0264329 0.0204972 0.0154712 0.0113273 0.00798117 0.00530207 0.00316926 0.00158015 0.000612484 0.000181678 4.27695e-05 8.34584e-06 1.37564e-06 1.87755e-07 1.93927e-08 1.09012e-09 0 
0 0.000780053 0.00406611 0.00974001 0.0175555 0.0272383 0.0383121 0.0501748 0.0624137 0.0754725 0.08651 0.0926874 0.0960859 0.0977637 0.0980996 0.0971805 0.0948773 0.0907551 0.0837645 0.0734918 0.0632121 0.0537698 0.0448206 0.0365122 0.0290429 0.0225328 0.0170226 0.0124846 0.00883232 0.00592793 0.00362392 0.00187493 0.000758218 0.000232542 5.57733e-05 1.0961e-05 1.80759e-06 2.46029e-07 2.53046e-08 1.41567e-09 0 
0 0.00085526 0.00436213 0.0103826 0.01869 0.0289855 0.0407605 0.0534075 0.0669938 0.0812862 0.0908626 0.0960859 0.099072 0.100579 0.100891 0.100078 0.0980465 0.0944832 0.0886163 0.0790695 0.0675949 0.0572377 0.0476909 0.0388554 0.0309132 0.0239917 0.0181344 0.0133133 0.00943987 0.00637251 0.00394854 0.00209226 0.0008715 0.000274048 6.6718e-05 1.31965e-05 2.17928e-06 2.96277e-07 3.0402e-08 1.69611e-09 0 
0 0.000897713 0.00452642 0.0107402 0.0193217 0.0299582 0.0421239 0.0552381 0.0697985 0.0842194 0.0929242 0.0977637 0.100579 0.102013 0.102315 0.101548 0.0996328 0.0963014 0.0909061 0.0820488 0.0702044 0.0592 0.0492956 0.0401651 0.0319592 0.024808 0.0187569 0.0137775 0.00978025 0.00662155 0.00413154 0.00221778 0.000939572 0.000299968 7.37388e-05 1.46539e-05 2.42393e-06 3.29563e-07 3.37957e-08 1.88367e-09 0 
0 0.000905936 0.00455644 0.0108044 0.0194346 0.0301319 0.0423673 0.0555693 0.0703266 0.0847436 0.0933149 0.0980996 0.100891 0.102315 0.102616 0.101856 0.0999582 0.0966609 0.0913354 0.0825943 0.0707019 0.0595649 0.0495924 0.0404084 0.0321545 0.0249614 0.0188749 0.0138667 0.00984699 0.00667211 0.00417094 0.00224703 0.00095678 0.000306991 7.57488e-05 1.50901e-05 2.50004e-06 3.40297e-07 3.49289e-08 1.94852e-09 0 
0 0.000881047 0.00445726 0.0105859 0.0190475 0.0295352 0.0415306 0.0544377 0.06857 0.0830488 0.0921639 0.0971805 0.100078 0.101548 0.101856 0.101068 0.0990996 0.0956625 0.090057 0.0808598 0.0690988 0.0583756 0.0486274 0.0396234 0.0315299 0.0244763 0.0185073 0.0135951 0.00965091 0.00653268 0.00407322 0.00218384 0.00092434 0.000295214 7.27013e-05 1.44871e-05 2.40398e-06 3.27964e-07 3.37511e-08 1.8881e-09 0 
0 0.000826388 0.0042407 0.0101119 0.0182092 0.0282436 0.0397203 0.052029 0.0649872 0.0789134 0.089248 0.0948773 0.0980465 0.0996328 0.0999582 0.0990996 0.0969507 0.0931507 0.086812 0.0767938 0.0657582 0.0558172 0.046526 0.0379115 0.0301665 0.0234159 0.0177025 0.0129989 0.00921846 0.00622224 0.00385256 0.00203931 0.000849596 0.000267889 6.55482e-05 1.30479e-05 2.16984e-06 2.97161e-07 3.07252e-08 1.7277e-09 0 
0 0.000747128 0.00392384 0.00942286 0.0169923 0.0263694 0.037094 0.0485782 0.0603015 0.0724843 0.0838477 0.0907551 0.0944832 0.0963014 0.0966609 0.0956625 0.0931507 0.0886055 0.0809329 0.0708371 0.0612108 0.052137 0.043473 0.0354232 0.0281848 0.0218748 0.0165328 0.0121322 0.00858879 0.0057688 0.00353049 0.00183148 0.000745055 0.000230654 5.59514e-05 1.11292e-05 1.85801e-06 2.56077e-07 2.66786e-08 1.51249e-09 0 
0 0.000649856 0.00352726 0.00856722 0.0154852 0.0240492 0.0338432 0.0443272 0.0549121 0.0652217 0.0753873 0.0837645 0.0886163 0.0909061 0.0913354 0.090057 0.086812 0.0809329 0.0726602 0.0641247 0.055811 0.0475988 0.0396925 0.0323421 0.0257318 0.0199683 0.0150868 0.0110613 0.00781045 0.00520824 0.00313647 0.00158552 0.000627182 0.000190434 4.58681e-05 9.14393e-06 1.53818e-06 2.14182e-07 2.25722e-08 1.29511e-09 0 
0 0.000542105 0.0030734 0.00759675 0.013783 0.0214308 0.0301754 0.0395354 0.0489665 0.0579396 0.0661422 0.0734918 0.0790695 0.0820488 0.0825943 0.0808598 0.0767938 0.0708371 0.0641247 0.057091 0.0497982 0.0424823 0.035427 0.0288671 0.0229672 0.0178218 0.0134614 0.00985965 0.00693877 0.00458506 0.00271038 0.00133423 0.000514839 0.000154269 3.71512e-05 7.47099e-06 1.27358e-06 1.80052e-07 1.92743e-08 1.12293e-09 0 
0 0.000431804 0.00258556 0.00656131 0.0119796 0.0186602 0.0262958 0.0344681 0.042701 0.0505055 0.0574426 0.0632121 0.0675949 0.0702044 0.0707019 0.0690988 0.0657582 0.0612108 0.055811 0.0497982 0.0434527 0.0370716 0.0309172 0.0251955 0.0200495 0.0155609 0.0117545 0.0086038 0.00603671 0.00395742 0.00230693 0.00111776 0.000427319 0.000128343 3.12802e-05 6.39777e-06 1.1108e-06 1.5986e-07 1.73952e-08 1.0283e-09 0 
0 0.000326589 0.00208754 0.00550491 0.0101596 0.0158714 0.0223929 0.0293715 0.0364015 0.0430639 0.048964 0.0537698 0.0572377 0.0592 0.0595649 0.0583756 0.0558172 0.052137 0.0475988 0.0424823 0.0370716 0.0316307 0.0263846 0.0215089 0.0171255 0.013304 0.0100643 0.00738031 0.00518801 0.00340924 0.0019984 0.000979983 0.000381902 0.000117361 2.92467e-05 6.09707e-06 1.07493e-06 1.56533e-07 1.71829e-08 1.02202e-09 0 
0 0.000232995 0.00160396 0.00446371 0.00839233 0.013177 0.0186267 0.0244553 0.030326 0.0358895 0.0408155 0.0448206 0.0476909 0.0492956 0.0495924 0.0486274 0.046526 0.043473 0.0396925 0.035427 0.0309172 0.0263846 0.0220173 0.0179627 0.0143268 0.0111769 0.00853703 0.00636879 0.00458041 0.00309023 0.00187344 0.000959504 0.000390772 0.000124086 3.14894e-05 6.61071e-06 1.16565e-06 1.69109e-07 1.84526e-08 1.08958e-09 0 
0 0.000155636 0.00116007 0.00346766 0.00672726 0.0106628 0.0151213 0.0198831 0.0246773 0.0292201 0.0332421 0.0365122 0.0388554 0.0401651 0.0404084 0.0396234 0.0379115 0.0354232 0.0323421 0.0288671 0.0251955 0.0215089 0.0179627 0.0146859 0.0117998 0.00944193 0.00769257 0.00636829 0.00505142 0.00356392 0.00216204 0.00111261 0.000463231 0.000149272 3.77541e-05 7.80865e-06 1.35059e-06 1.92034e-07 2.05484e-08 1.19115e-09 0 
0 9.65885e-05 0.000779644 0.00254602 0.00519352 0.00838275 0.0119608 0.0157678 0.0195964 0.0232227 0.0264329 0.0290429 0.0309132 0.0319592 0.0321545 0.0315299 0.0301665 0.0281848 0.0257318 0.0229672 0.0200495 0.0171255 0.0143268 0.0117998 0.00982679 0.008958 0.00959448 0.0107994 0.0103879 0.00757705 0.00411532 0.0017696 0.000647429 0.000195569 4.71573e-05 9.3473e-06 1.55975e-06 2.15119e-07 2.24137e-08 1.26902e-09 0 
0 5.52781e-05 0.000480289 0.0017338 0.0038076 0.00635803 0.00918695 0.0121715 0.015163 0.0179931 0.0204972 0.0225328 0.0239917 0.024808 0.0249614 0.0244763 0.0234159 0.0218748 0.0199683 0.0178218 0.0155609 0.013304 0.0111769 0.00944193 0.008958 0.0117069 0.0192188 0.0294814 0.0348471 0.0220981 0.0111792 0.00400743 0.0011286 0.00027785 5.88809e-05 1.07222e-05 1.69646e-06 2.25796e-07 2.28873e-08 1.26617e-09 0 
0 2.89846e-05 0.000267831 0.00107085 0.00259094 0.00458459 0.00679953 0.00910636 0.0113998 0.0135614 0.0154712 0.0170226 0.0181344 0.0187569 0.0188749 0.0185073 0.0177025 0.0165328 0.0150868 0.0134614 0.0117545 0.0100643 0.00853703 0.00769257 0.00959448 0.0192188 0.0425358 0.0760972 0.0800557 0.0620386 0.0260209 0.00875366 0.00210277 0.000411333 7.16142e-05 1.13955e-05 1.67379e-06 2.14416e-07 2.12135e-08 1.15162e-09 0 
0 1.38556e-05 0.000133937 0.000587018 0.00158628 0.00305935 0.00476618 0.00653713 0.00827545 0.0098994 0.0113273 0.0124846 0.0133133 0.0137775 0.0138667 0.0135951 0.0129989 0.0121322 0.0110613 0.00985965 0.0086038 0.00738031 0.00636879 0.00636829 0.0107994 0.0294814 0.0760972 0.0872236 0.0886404 0.0831416 0.0524032 0.0141016 0.0031962 0.000545188 7.9453e-05 1.08442e-05 1.4583e-06 1.79936e-07 1.74882e-08 9.38073e-10 0 
0 6.02041e-06 5.9775e-05 0.000281251 0.000845732 0.00181558 0.00305974 0.00439856 0.00571147 0.00692463 0.00798117 0.00883232 0.00943987 0.00978025 0.00984699 0.00965091 0.00921846 0.00858879 0.00781045 0.00693877 0.00603671 0.00518801 0.00458041 0.00505142 0.0103879 0.0348471 0.0800557 0.0886404 0.089794 0.0853963 0.0623056 0.0155677 0.00345879 0.000556435 7.26635e-05 8.78523e-06 1.09414e-06 1.31275e-07 1.26554e-08 6.76591e-10 0 
0 2.37498e-06 2.38012e-05 0.000117151 0.000383729 0.000917787 0.00171096 0.00265273 0.00361844 0.00451997 0.00530207 0.00592793 0.00637251 0.00662155 0.00667211 0.00653268 0.00622224 0.0057688 0.00520824 0.00458506 0.00395742 0.00340924 0.00309023 0.00356392 0.00757705 0.0220981 0.0620386 0.0831416 0.0853963 0.0786858 0.0379221 0.0115133 0.00255589 0.000404971 5.04663e-05 5.74772e-06 6.90733e-07 8.23441e-08 7.97564e-09 4.29106e-10 0 
0 8.5074e-07 8.48139e-06 4.26007e-05 0.0001474 0.000384319 0.000792103 0.00134833 0.00198049 0.0026081 0.00316926 0.00362392 0.00394854 0.00413154 0.00417094 0.00407322 0.00385256 0.00353049 0.00313647 0.00271038 0.00230693 0.0019984 0.00187344 0.00216204 0.00411532 0.0111792 0.0260209 0.0524032 0.0623056 0.0379221 0.017299 0.00570672 0.00127937 0.000205011 2.5613e-05 2.94751e-06 3.62295e-07 4.41847e-08 4.36134e-09 2.3844e-10 0 
0 2.76907e-07 2.71663e-06 1.36528e-05 4.84468e-05 0.000133215 0.00029618 0.000549193 0.00087516 0.00123409 0.00158015 0.00187493 0.00209226 0.00221778 0.00224703 0.00218384 0.00203931 0.00183148 0.00158552 0.00133423 0.00111776 0.000979983 0.000959504 0.00111261 0.0017696 0.00400743 0.00875366 0.0141016 0.0155677 0.0115133 0.00570672 0.00190374 0.000437438 7.24538e-05 9.53058e-06 1.19216e-06 1.58608e-07 2.03113e-08 2.06876e-09 1.15934e-10 0 
0 8.19176e-08 7.8513e-07 3.89474e-06 1.38607e-05 3.89875e-05 9.04466e-05 0.000177648 0.000301897 0.000453144 0.000612484 0.000758218 0.0008715 0.000939572 0.00095678 0.00092434 0.000849596 0.000745055 0.000627182 0.000514839 0.000427319 0.000381902 0.000390772 0.000463231 0.000647429 0.0011286 0.00210277 0.0031962 0.00345879 0.00255589 0.00127937 0.000437438 0.000104579 1.8457e-05 2.7224e-06 3.95786e-07 5.90054e-08 8.04436e-09 8.52596e-10 4.93205e-11 0 
0 2.1997e-08 2.05066e-07 9.95789e-07 3.50382e-06 9.86864e-06 2.32422e-05 4.69289e-05 8.27191e-05 0.000129274 0.000181678 0.000232542 0.000274048 0.000299968 0.000306991 0.000295214 0.000267889 0.000230654 0.000190434 0.000154269 0.000128343 0.000117361 0.000124086 0.000149272 0.000195569 0.00027785 0.000411333 0.000545188 0.000556435 0.000404971 0.000205011 7.24538e-05 1.8457e-05 3.67185e-06 6.51113e-07 1.13635e-07 1.89996e-08 2.76035e-09 3.05792e-10 1.83535e-11 0 
0 5.33825e-09 4.82974e-08 2.2855e-07 7.88745e-07 2.19668e-06 5.1618e-06 1.04895e-05 1.87428e-05 2.98321e-05 4.27695e-05 5.57733e-05 6.6718e-05 7.37388e-05 7.57488e-05 7.27013e-05 6.55482e-05 5.59514e-05 4.58681e-05 3.71512e-05 3.12802e-05 2.92467e-05 3.14894e-05 3.77541e-05 4.71573e-05 5.88809e-05 7.16142e-05 7.9453e-05 7.26635e-05 5.04663e-05 2.5613e-05 9.53058e-06 2.7224e-06 6.51113e-07 1.4233e-07 2.90987e-08 5.33677e-09 8.22192e-10 9.53894e-11 5.96037e-12 0 
0 1.15929e-09 1.01715e-08 4.68129e-08 1.57828e-07 4.31816e-07 1.00295e-06 2.02676e-06 3.62052e-06 5.78473e-06 8.34584e-06 1.0961e-05 1.31965e-05 1.46539e-05 1.50901e-05 1.44871e-05 1.30479e-05 1.11292e-05 9.14393e-06 7.47099e-06 6.39777e-06 6.09707e-06 6.61071e-06 7.80865e-06 9.3473e-06 1.07222e-05 1.13955e-05 1.08442e-05 8.78523e-06 5.74772e-06 2.94751e-06 1.19216e-06 3.95786e-07 1.13635e-07 2.90987e-08 6.61753e-09 1.30165e-09 2.1164e-10 2.57315e-11 1.67704e-12 0 
0 2.20744e-10 1.87871e-09 8.40593e-09 2.76451e-08 7.40896e-08 1.69332e-07 3.38256e-07 5.99809e-07 9.54658e-07 1.37564e-06 1.80759e-06 2.17928e-06 2.42393e-06 2.50004e-06 2.40398e-06 2.16984e-06 1.85801e-06 1.53818e-06 1.27358e-06 1.1108e-06 1.07493e-06 1.16565e-06 1.35059e-06 1.55975e-06 1.69646e-06 1.67379e-06 1.4583e-06 1.09414e-06 6.90733e-07 3.62295e-07 1.58608e-07 5.90054e-08 1.89996e-08 5.33677e-09 1.30165e-09 2.71066e-10 4.63659e-11 5.90576e-12 4.01739e-13 0 
0 3.53059e-11 2.91739e-10 1.26973e-09 4.07318e-09 1.06837e-08 2.39854e-08 4.72401e-08 8.28826e-08 1.30931e-07 1.87755e-07 2.46029e-07 2.96277e-07 3.29563e-07 3.40297e-07 3.27964e-07 2.97161e-07 2.56077e-07 2.14182e-07 1.80052e-07 1.5986e-07 1.56533e-07 1.69109e-07 1.92034e-07 2.15119e-07 2.25796e-07 2.14416e-07 1.79936e-07 1.31275e-07 8.23441e-08 4.41847e-08 2.03113e-08 8.04436e-09 2.76035e-09 8.22192e-10 2.1164e-10 4.63659e-11 8.32179e-12 1.1092e-12 7.87269e-14 0 
0 4.28148e-12 3.43945e-11 1.45778e-10 4.56495e-10 1.17216e-09 2.58425e-09 5.01427e-09 8.69386e-09 1.36109e-08 1.93927e-08 2.53046e-08 3.0402e-08 3.37957e-08 3.49289e-08 3.37511e-08 3.07252e-08 2.66786e-08 2.25722e-08 1.92743e-08 1.73952e-08 1.71829e-08 1.84526e-08 2.05484e-08 2.24137e-08 2.28873e-08 2.12135e-08 1.74882e-08 1.26554e-08 7.97564e-09 4.36134e-09 2.06876e-09 8.52596e-10 3.05792e-10 9.53894e-11 2.57315e-11 5.90576e-12 1.1092e-12 1.54434e-13 1.14246e-14 0 
0 2.81272e-13 2.20009e-12 9.09415e-12 2.78327e-11 7.00249e-11 1.51685e-10 2.8999e-10 4.96778e-10 7.70468e-10 1.09012e-09 1.41567e-09 1.69611e-09 1.88367e-09 1.94852e-09 1.8881e-09 1.7277e-09 1.51249e-09 1.29511e-09 1.12293e-09 1.0283e-09 1.02202e-09 1.08958e-09 1.19115e-09 1.26902e-09 1.26617e-09 1.15162e-09 9.38073e-10 6.76591e-10 4.29106e-10 2.3844e-10 1.15934e-10 4.93205e-11 1.83535e-11 5.96037e-12 1.67704e-12 4.01739e-13 7.87269e-14 1.14246e-14 8.7953e-16 0 
0 0 0 0 0 0 0 0 0 0 0 0 0 0 0 0 0 0 0 0 0 0 0 0 0 0 0 0 0 0 0 0 0 0 0 0 0 0 0 0 0 
