0 0 0 0 0 0 0 0 0 0 0 0 0 0 0 0 0 0 0 0 0 0 0 0 0 0 0 0 0 0 0 0 0 0 0 0 0 0 0 0 0 
0 3.83779e-07 3.42182e-06 1.5103e-05 4.58031e-05 0.000106431 0.000201655 0.000326387 0.000468109 0.000611755 0.000743482 0.00085243 0.000931138 0.000975378 0.00098383 0.00095772 0.000900459 0.000817257 0.000714735 0.000600493 0.000482609 0.000369 0.000266651 0.000180761 0.00011404 6.64336e-05 3.54821e-05 1.72775e-05 7.64166e-06 3.0646e-06 1.11414e-06 3.6738e-07 1.09902e-07 2.97914e-08 7.28702e-09 1.59284e-09 3.04919e-10 4.89812e-11 5.9608e-12 3.92713e-13 0 
0 3.42182e-06 3.11945e-05 0.000135827 0.000389216 0.000826086 0.00141 0.00206618 0.0027257 0.00333907 0.00387165 0.00429809 0.00460036 0.00476793 0.00479822 0.00469644 0.00447474 0.00415062 0.00374505 0.00328063 0.00278037 0.00226729 0.00176491 0.00129764 0.000889606 0.000560687 0.0003205 0.000164365 7.51409e-05 3.05755e-05 1.11003e-05 3.61091e-06 1.05679e-06 2.78822e-07 6.61989e-08 1.40308e-08 2.60461e-09 4.06067e-10 4.80228e-11 3.07942e-12 0 
0 1.5103e-05 0.000135827 0.00055079 0.00139844 0.00259843 0.00397228 0.0053946 0.00678893 0.00808969 0.00923182 0.010156 0.0108159 0.0111829 0.0112484 0.0110232 0.0105357 0.00982754 0.00894898 0.0079537 0.00689348 0.0058138 0.00475118 0.0037339 0.00278716 0.00194087 0.00123275 0.000697661 0.000345391 0.000148301 5.53334e-05 1.80994e-05 5.24436e-06 1.35664e-06 3.14106e-07 6.47597e-08 1.16859e-08 1.77172e-09 2.03984e-10 1.27525e-11 0 
0 4.58031e-05 0.000389216 0.00139844 0.00308942 0.00517842 0.00747973 0.00989157 0.012301 0.0145766 0.0165877 0.0182203 0.0193877 0.0200373 0.0201529 0.0197536 0.0188899 0.0176369 0.0160854 0.0143339 0.0124792 0.0106093 0.00879657 0.00709298 0.00552816 0.00411473 0.00286457 0.00180966 0.00100208 0.000472981 0.000188259 6.36561e-05 1.85959e-05 4.77049e-06 1.08496e-06 2.18666e-07 3.84966e-08 5.69261e-09 6.39661e-10 3.90753e-11 0 
0 0.000106431 0.000826086 0.00259843 0.00517842 0.00826195 0.0117191 0.0153973 0.0190949 0.0225953 0.0256915 0.028206 0.0300044 0.0310051 0.0311828 0.0305674 0.0292366 0.0273062 0.0249168 0.0222206 0.0193683 0.0164979 0.0137263 0.0111427 0.00880475 0.00673562 0.00492855 0.00336834 0.00206989 0.00109269 0.000478415 0.000172285 5.1874e-05 1.33874e-05 3.01821e-06 5.98305e-07 1.03229e-07 1.49415e-08 1.64352e-09 9.83612e-11 0 
0 0.000201655 0.00141 0.00397228 0.00747973 0.0117191 0.016534 0.0216782 0.0268556 0.0317587 0.0360965 0.0396197 0.0421402 0.0435435 0.0437929 0.0429294 0.0410637 0.0383585 0.0350108 0.0312338 0.027239 0.0232206 0.0193435 0.0157361 0.0124863 0.00963953 0.007198 0.00512621 0.00338086 0.00196773 0.000956369 0.000374844 0.00011881 3.13205e-05 7.07006e-06 1.38776e-06 2.35806e-07 3.3538e-08 3.62313e-09 2.13044e-10 0 
0 0.000326387 0.00206618 0.0053946 0.00989157 0.0153973 0.0216782 0.0283949 0.0351569 0.0415613 0.0472307 0.0518622 0.0552673 0.0572707 0.0576424 0.0563814 0.0537943 0.0501974 0.0458113 0.0408766 0.0356591 0.0304115 0.0253498 0.0206426 0.0164072 0.0127089 0.00956336 0.00693715 0.00475869 0.00296596 0.00157995 0.00067818 0.000229609 6.26611e-05 1.42976e-05 2.79719e-06 4.70359e-07 6.59924e-08 7.02498e-09 4.07037e-10 0 
0 0.000468109 0.0027257 0.00678893 0.012301 0.0190949 0.0268556 0.0351569 0.043515 0.0514396 0.0585802 0.0650813 0.0706646 0.0740209 0.0746443 0.0725928 0.068205 0.0625959 0.056755 0.0505916 0.0441379 0.0376523 0.0313972 0.0255814 0.0203506 0.0157881 0.0119194 0.008716 0.00609923 0.00396497 0.00226282 0.00105495 0.00038334 0.000109257 2.53914e-05 4.9794e-06 8.32257e-07 1.15608e-07 1.21653e-08 6.9655e-10 0 
0 0.000611755 0.00333907 0.00808969 0.0145766 0.0225953 0.0317587 0.0415613 0.0514396 0.0609845 0.0708331 0.079995 0.0854068 0.0878603 0.0883082 0.0869414 0.0833709 0.0767179 0.0679703 0.059896 0.0521762 0.0445116 0.0371257 0.0302594 0.0240849 0.0187015 0.0141421 0.0103808 0.00733698 0.00488685 0.00292313 0.0014566 0.000565519 0.000168815 4.01431e-05 7.924e-06 1.32117e-06 1.82279e-07 1.90162e-08 1.07882e-09 0 
0 0.000743482 0.00387165 0.00923182 0.0165877 0.0256915 0.0360965 0.0472307 0.0585802 0.0708331 0.0829031 0.0896562 0.0931697 0.0948688 0.0952076 0.0942822 0.0919306 0.0875882 0.0797369 0.068907 0.0593672 0.0505858 0.0421957 0.0343994 0.0273894 0.0212788 0.0161063 0.0118461 0.00841605 0.00568311 0.00350383 0.00183396 0.000752794 0.000234704 5.71685e-05 1.1385e-05 1.89846e-06 2.60835e-07 2.70463e-08 1.52401e-09 0 
0 0.00085243 0.00429809 0.010156 0.0182203 0.028206 0.0396197 0.0518622 0.0650813 0.079995 0.0896562 0.094654 0.0974711 0.098888 0.099186 0.0984319 0.0965306 0.0931573 0.0874619 0.0774842 0.0655936 0.0555474 0.0463161 0.0377636 0.0300746 0.0233729 0.0177015 0.013034 0.00928601 0.00631934 0.0039697 0.00214931 0.000920558 0.000297647 7.41025e-05 1.48943e-05 2.48775e-06 3.41057e-07 3.52262e-08 1.9758e-09 0 
0 0.000931138 0.00460036 0.0108159 0.0193877 0.0300044 0.0421402 0.0552673 0.0706646 0.0854068 0.0931697 0.0974711 0.0999857 0.101275 0.101555 0.10088 0.0991824 0.0962237 0.0914161 0.0831941 0.0706601 0.0591721 0.0492682 0.0401722 0.0319972 0.0248723 0.0188436 0.013884 0.00990679 0.00677072 0.00430015 0.00237854 0.00104878 0.000348289 8.82107e-05 1.7872e-05 2.99176e-06 4.09855e-07 4.22428e-08 2.36301e-09 0 
0 0.000975378 0.00476793 0.0111829 0.0200373 0.0310051 0.0435435 0.0572707 0.0740209 0.0878603 0.0948688 0.098888 0.101275 0.102508 0.102781 0.102142 0.100532 0.0977472 0.0932947 0.0858902 0.0737121 0.0612692 0.0509177 0.041516 0.0330701 0.0257094 0.0194815 0.014359 0.0102536 0.00702253 0.00448497 0.00250919 0.00112461 0.000379453 9.71501e-05 1.97925e-05 3.32022e-06 4.54986e-07 4.6868e-08 2.61931e-09 0 
0 0.00098383 0.00479822 0.0112484 0.0201529 0.0311828 0.0437929 0.0576424 0.0746443 0.0883082 0.0952076 0.099186 0.101555 0.102781 0.103053 0.102419 0.100822 0.0980627 0.0936626 0.0863804 0.0742886 0.0616604 0.0512181 0.0417611 0.0332666 0.0258634 0.0195995 0.0144477 0.0103192 0.0070715 0.00452274 0.00253796 0.00114275 0.000387468 9.95853e-05 2.03401e-05 3.41755e-06 4.68835e-07 4.83356e-08 2.70336e-09 0 
0 0.00095772 0.00469644 0.0110232 0.0197536 0.0305674 0.0429294 0.0563814 0.0725928 0.0869414 0.0942822 0.0984319 0.10088 0.102142 0.102419 0.101764 0.100112 0.0972473 0.0926356 0.0848694 0.0724238 0.0603663 0.0502163 0.0409473 0.0326184 0.0253592 0.0192169 0.0141645 0.0101147 0.00692602 0.00441999 0.00246909 0.00110482 0.000372559 9.548e-05 1.94941e-05 3.27916e-06 4.5072e-07 4.65757e-08 2.61149e-09 0 
0 0.000900459 0.00447474 0.0105357 0.0188899 0.0292366 0.0410637 0.0537943 0.068205 0.0833709 0.0919306 0.0965306 0.0991824 0.100532 0.100822 0.100112 0.0983238 0.0951853 0.0900094 0.080995 0.0684787 0.0576502 0.0480443 0.0391788 0.0312088 0.024262 0.0183834 0.0135467 0.00966686 0.00660514 0.00419057 0.00231347 0.00101856 0.000338518 8.60317e-05 1.75213e-05 2.95087e-06 4.06875e-07 4.22181e-08 2.37803e-09 0 
0 0.000817257 0.00415062 0.00982754 0.0176369 0.0273062 0.0383585 0.0501974 0.0625959 0.0767179 0.0875882 0.0931573 0.0962237 0.0977472 0.0980627 0.0972473 0.0951853 0.0914793 0.0850664 0.074354 0.0633328 0.0538198 0.0448943 0.0366105 0.0291618 0.0226687 0.017173 0.0126494 0.0090155 0.0061368 0.00385507 0.00208835 0.000897027 0.00029188 7.332e-05 1.4888e-05 2.51333e-06 3.48346e-07 3.63834e-08 2.06427e-09 0 
0 0.000714735 0.00374505 0.00894898 0.0160854 0.0249168 0.0350108 0.0458113 0.056755 0.0679703 0.0797369 0.0874619 0.0914161 0.0932947 0.0936626 0.0926356 0.0900094 0.0850664 0.0764869 0.0664784 0.0576132 0.0491339 0.0409959 0.0334312 0.0266284 0.0206975 0.0156763 0.0115401 0.00820948 0.00555602 0.00344111 0.00181794 0.000757686 0.000240774 5.98049e-05 1.21331e-05 2.0592e-06 2.87838e-07 3.03651e-08 1.74114e-09 0 
0 0.000600493 0.00328063 0.0079537 0.0143339 0.0222206 0.0312338 0.0408766 0.0505916 0.059896 0.068907 0.0774842 0.0831941 0.0858902 0.0863804 0.0848694 0.080995 0.074354 0.0664784 0.0589383 0.0513941 0.0438607 0.0365979 0.0298451 0.0237721 0.0184767 0.0139917 0.0102927 0.0073034 0.00490487 0.00298569 0.00153464 0.000621224 0.000193636 4.78289e-05 9.74906e-06 1.6718e-06 2.36724e-07 2.53196e-08 1.47194e-09 0 
0 0.000482609 0.00278037 0.00689348 0.0124792 0.0193683 0.027239 0.0356591 0.0441379 0.0521762 0.0593672 0.0655936 0.0706601 0.0737121 0.0742886 0.0724238 0.0684787 0.0633328 0.0576132 0.0513941 0.0448571 0.0382856 0.0319477 0.0260551 0.0207556 0.0161343 0.0122184 0.00898337 0.00635744 0.00423704 0.00254073 0.00128005 0.000509698 0.00015802 3.92588e-05 8.10389e-06 1.4113e-06 2.03033e-07 2.20466e-08 1.29947e-09 0 
0 0.000369 0.00226729 0.0058138 0.0106093 0.0164979 0.0232206 0.0304115 0.0376523 0.0445116 0.0505858 0.0555474 0.0591721 0.0612692 0.0616604 0.0603663 0.0576502 0.0538198 0.0491339 0.0438607 0.0382856 0.0326791 0.0272727 0.0222473 0.0177292 0.0137909 0.0104548 0.00769644 0.00545071 0.00363227 0.0021792 0.0011026 0.000443618 0.000139683 3.53095e-05 7.40864e-06 1.30849e-06 1.90425e-07 2.08667e-08 1.23844e-09 0 
0 0.000266651 0.00176491 0.00475118 0.00879657 0.0137263 0.0193435 0.0253498 0.0313972 0.0371257 0.0421957 0.0463161 0.0492682 0.0509177 0.0512181 0.0502163 0.0480443 0.0448943 0.0409959 0.0365979 0.0319477 0.0272727 0.0227667 0.0185817 0.0148273 0.0115741 0.00884852 0.00661282 0.004774 0.00324704 0.00199887 0.00104752 0.000437587 0.000141839 3.64575e-05 7.70285e-06 1.3617e-06 1.97663e-07 2.15614e-08 1.2723e-09 0 
0 0.000180761 0.00129764 0.0037339 0.00709298 0.0111427 0.0157361 0.0206426 0.0255814 0.0302594 0.0343994 0.0377636 0.0401722 0.041516 0.0417611 0.0409473 0.0391788 0.0366105 0.0334312 0.0298451 0.0260551 0.0222473 0.0185817 0.0151909 0.0122005 0.00975399 0.00793693 0.00656398 0.0052068 0.00368164 0.00224944 0.00117607 0.000500911 0.000164884 4.23087e-05 8.82034e-06 1.53149e-06 2.18148e-07 2.33625e-08 1.35488e-09 0 
0 0.00011404 0.000889606 0.00278716 0.00552816 0.00880475 0.0124863 0.0164072 0.0203506 0.0240849 0.0273894 0.0300746 0.0319972 0.0330701 0.0332666 0.0326184 0.0312088 0.0291618 0.0266284 0.0237721 0.0207556 0.0177292 0.0148273 0.0122005 0.010141 0.00921973 0.00985339 0.0110795 0.0106542 0.00777272 0.00422674 0.00182804 0.000680333 0.000210435 5.16946e-05 1.0356e-05 1.73705e-06 2.40178e-07 2.50596e-08 1.42015e-09 0 
0 6.64336e-05 0.000560687 0.00194087 0.00411473 0.00673562 0.00963953 0.0127089 0.0157881 0.0187015 0.0212788 0.0233729 0.0248723 0.0257094 0.0258634 0.0253592 0.024262 0.0226687 0.0206975 0.0184767 0.0161343 0.0137909 0.0115741 0.00975399 0.00921973 0.0120143 0.0197034 0.0318718 0.0383593 0.022734 0.0114594 0.00411126 0.00116513 0.000292617 6.34673e-05 1.1732e-05 1.86953e-06 2.49609e-07 2.53413e-08 1.4034e-09 0 
0 3.54821e-05 0.0003205 0.00123275 0.00286457 0.00492855 0.007198 0.00956336 0.0119194 0.0141421 0.0161063 0.0177015 0.0188436 0.0194815 0.0195995 0.0192169 0.0183834 0.017173 0.0156763 0.0139917 0.0122184 0.0104548 0.00884852 0.00793693 0.00985339 0.0197034 0.0459312 0.0773732 0.080015 0.0661828 0.0267462 0.00897256 0.00215861 0.000427028 7.60921e-05 1.23496e-05 1.83234e-06 2.35661e-07 2.33551e-08 1.26918e-09 0 
0 1.72775e-05 0.000164365 0.000697661 0.00180966 0.00336834 0.00512621 0.00693715 0.008716 0.0103808 0.0118461 0.013034 0.013884 0.014359 0.0144477 0.0141645 0.0135467 0.0126494 0.0115401 0.0102927 0.00898337 0.00769644 0.00661282 0.00656398 0.0110795 0.0318718 0.0773732 0.0864207 0.0875114 0.0826712 0.0563588 0.0144544 0.00327733 0.000562345 8.35484e-05 1.16598e-05 1.58901e-06 1.97066e-07 1.91882e-08 1.03025e-09 0 
0 7.64166e-06 7.51409e-05 0.000345391 0.00100208 0.00206989 0.00338086 0.00475869 0.00609923 0.00733698 0.00841605 0.00928601 0.00990679 0.0102536 0.0103192 0.0101147 0.00966686 0.0090155 0.00820948 0.0073034 0.00635744 0.00545071 0.004774 0.0052068 0.0106542 0.0383593 0.080015 0.0875114 0.0885231 0.0847104 0.0662752 0.0160583 0.00354583 0.000572787 7.59945e-05 9.39496e-06 1.18842e-06 1.43457e-07 1.38565e-08 7.4145e-10 0 
0 3.0646e-06 3.05755e-05 0.000148301 0.000472981 0.00109269 0.00196773 0.00296596 0.00396497 0.00488685 0.00568311 0.00631934 0.00677072 0.00702253 0.0070715 0.00692602 0.00660514 0.0061368 0.00555602 0.00490487 0.00423704 0.00363227 0.00324704 0.00368164 0.00777272 0.022734 0.0661828 0.0826712 0.0847104 0.0788578 0.0408868 0.0117996 0.00262043 0.00041695 5.27152e-05 6.13343e-06 7.4908e-07 8.98725e-08 8.72115e-09 4.69576e-10 0 
0 1.11414e-06 1.11003e-05 5.53334e-05 0.000188259 0.000478415 0.000956369 0.00157995 0.00226282 0.00292313 0.00350383 0.0039697 0.00430015 0.00448497 0.00452274 0.00441999 0.00419057 0.00385507 0.00344111 0.00298569 0.00254073 0.0021792 0.00199887 0.00224944 0.00422674 0.0114594 0.0267462 0.0563588 0.0662752 0.0408868 0.0177287 0.00584895 0.00131242 0.000211514 2.68144e-05 3.14923e-06 3.92949e-07 4.81984e-08 4.76516e-09 2.60685e-10 0 
0 3.6738e-07 3.61091e-06 1.80994e-05 6.36561e-05 0.000172285 0.000374844 0.00067818 0.00105495 0.0014566 0.00183396 0.00214931 0.00237854 0.00250919 0.00253796 0.00246909 0.00231347 0.00208835 0.00181794 0.00153464 0.00128005 0.0011026 0.00104752 0.00117607 0.00182804 0.00411126 0.00897256 0.0144544 0.0160583 0.0117996 0.00584895 0.00195199 0.000449684 7.50987e-05 1.00338e-05 1.27906e-06 1.72266e-07 2.21547e-08 2.2592e-09 1.26671e-10 0 
0 1.09902e-07 1.05679e-06 5.24436e-06 1.85959e-05 5.1874e-05 0.00011881 0.000229609 0.00038334 0.000565519 0.000752794 0.000920558 0.00104878 0.00112461 0.00114275 0.00110482 0.00101856 0.000897027 0.000757686 0.000621224 0.000509698 0.000443618 0.000437587 0.000500911 0.000680333 0.00116513 0.00215861 0.00327733 0.00354583 0.00262043 0.00131242 0.000449684 0.000108111 1.92895e-05 2.89195e-06 4.27109e-07 6.42017e-08 8.77551e-09 9.30802e-10 5.38655e-11 0 
0 2.97914e-08 2.78822e-07 1.35664e-06 4.77049e-06 1.33874e-05 3.13205e-05 6.26611e-05 0.000109257 0.000168815 0.000234704 0.000297647 0.000348289 0.000379453 0.000387468 0.000372559 0.000338518 0.00029188 0.000240774 0.000193636 0.00015802 0.000139683 0.000141839 0.000164884 0.000210435 0.000292617 0.000427028 0.000562345 0.000572787 0.00041695 0.000211514 7.50987e-05 1.92895e-05 3.88617e-06 6.99184e-07 1.23286e-07 2.07021e-08 3.01159e-09 3.33778e-10 2.00391e-11 0 
0 7.28702e-09 6.61989e-08 3.14106e-07 1.08496e-06 3.01821e-06 7.07006e-06 1.42976e-05 2.53914e-05 4.01431e-05 5.71685e-05 7.41025e-05 8.82107e-05 9.71501e-05 9.95853e-05 9.548e-05 8.60317e-05 7.332e-05 5.98049e-05 4.78289e-05 3.92588e-05 3.53095e-05 3.64575e-05 4.23087e-05 5.16946e-05 6.34673e-05 7.60921e-05 8.35484e-05 7.59945e-05 5.27152e-05 2.68144e-05 1.00338e-05 2.89195e-06 6.99184e-07 1.54211e-07 3.16769e-08 5.81958e-09 8.97084e-10 1.04107e-10 6.50657e-12 0 
0 1.59284e-09 1.40308e-08 6.47597e-08 2.18666e-07 5.98305e-07 1.38776e-06 2.79719e-06 4.9794e-06 7.924e-06 1.1385e-05 1.48943e-05 1.7872e-05 1.97925e-05 2.03401e-05 1.94941e-05 1.75213e-05 1.4888e-05 1.21331e-05 9.74906e-06 8.10389e-06 7.40864e-06 7.70285e-06 8.82034e-06 1.0356e-05 1.1732e-05 1.23496e-05 1.16598e-05 9.39496e-06 6.13343e-06 3.14923e-06 1.27906e-06 4.27109e-07 1.23286e-07 3.16769e-08 7.21473e-09 1.41991e-09 2.30926e-10 2.80814e-11 1.83051e-12 0 
0 3.04919e-10 2.60461e-09 1.16859e-08 3.84966e-08 1.03229e-07 2.35806e-07 4.70359e-07 8.32257e-07 1.32117e-06 1.89846e-06 2.48775e-06 2.99176e-06 3.32022e-06 3.41755e-06 3.27916e-06 2.95087e-06 2.51333e-06 2.0592e-06 1.6718e-06 1.4113e-06 1.30849e-06 1.3617e-06 1.53149e-06 1.73705e-06 1.86953e-06 1.83234e-06 1.58901e-06 1.18842e-06 7.4908e-07 3.92949e-07 1.72266e-07 6.42017e-08 2.07021e-08 5.81958e-09 1.41991e-09 2.95743e-10 5.05931e-11 6.44496e-12 4.38474e-13 0 
0 4.89812e-11 4.06067e-10 1.77172e-09 5.69261e-09 1.49415e-08 3.3538e-08 6.59924e-08 1.15608e-07 1.82279e-07 2.60835e-07 3.41057e-07 4.09855e-07 4.54986e-07 4.68835e-07 4.5072e-07 4.06875e-07 3.48346e-07 2.87838e-07 2.36724e-07 2.03033e-07 1.90425e-07 1.97663e-07 2.18148e-07 2.40178e-07 2.49609e-07 2.35661e-07 1.97066e-07 1.43457e-07 8.98725e-08 4.81984e-08 2.21547e-08 8.77551e-09 3.01159e-09 8.97084e-10 2.30926e-10 5.05931e-11 9.081e-12 1.21048e-12 8.59233e-14 0 
0 5.9608e-12 4.80228e-11 2.03984e-10 6.39661e-10 1.64352e-09 3.62313e-09 7.02498e-09 1.21653e-08 1.90162e-08 2.70463e-08 3.52262e-08 4.22428e-08 4.6868e-08 4.83356e-08 4.65757e-08 4.22181e-08 3.63834e-08 3.03651e-08 2.53196e-08 2.20466e-08 2.08667e-08 2.15614e-08 2.33625e-08 2.50596e-08 2.53413e-08 2.33551e-08 1.91882e-08 1.38565e-08 8.72115e-09 4.76516e-09 2.2592e-09 9.30802e-10 3.33778e-10 1.04107e-10 2.80814e-11 6.44496e-12 1.21048e-12 1.68542e-13 1.2469e-14 0 
0 3.92713e-13 3.07942e-12 1.27525e-11 3.90753e-11 9.83612e-11 2.13044e-10 4.07037e-10 6.9655e-10 1.07882e-09 1.52401e-09 1.9758e-09 2.36301e-09 2.61931e-09 2.70336e-09 2.61149e-09 2.37803e-09 2.06427e-09 1.74114e-09 1.47194e-09 1.29947e-09 1.23844e-09 1.2723e-09 1.35488e-09 1.42015e-09 1.4034e-09 1.26918e-09 1.03025e-09 7.4145e-10 4.69576e-10 2.60685e-10 1.26671e-10 5.38655e-11 2.00391e-11 6.50657e-12 1.83051e-12 4.38474e-13 8.59233e-14 1.2469e-14 9.59958e-16 0 
0 0 0 0 0 0 0 0 0 0 0 0 0 0 0 0 0 0 0 0 0 0 0 0 0 0 0 0 0 0 0 0 0 0 0 0 0 0 0 0 0 
