0 0 0 0 0 0 0 0 0 0 0 0 0 0 0 0 0 0 0 0 0 0 0 0 0 0 0 0 0 0 0 0 0 0 0 0 0 0 0 0 0 
0 3.40884e-07 3.04807e-06 1.35282e-05 4.13604e-05 9.70418e-05 0.000185704 0.000303326 0.000438408 0.000576474 0.000703875 0.000809716 0.000886421 0.000929642 0.000937967 0.000912559 0.00085679 0.000775851 0.000676351 0.00056586 0.000452379 0.00034367 0.000246465 0.000165619 0.000103469 5.9639e-05 3.15026e-05 1.51704e-05 6.63824e-06 2.63581e-06 9.49701e-07 3.10702e-07 9.23197e-08 2.48824e-08 6.05727e-09 1.31882e-09 2.51647e-10 4.03177e-11 4.89605e-12 3.22009e-13 0 
0 3.04807e-06 2.79158e-05 0.000122679 0.000356222 0.000767206 0.00132701 0.00196503 0.00261187 0.00321617 0.00374192 0.00416321 0.00446194 0.00462766 0.0046578 0.0045575 0.00433873 0.00401873 0.00361822 0.00315972 0.00266639 0.00216172 0.00166992 0.00121595 0.000823854 0.00051224 0.000288506 0.000145735 6.56643e-05 2.6371e-05 9.46624e-06 3.05055e-06 8.85999e-07 2.3233e-07 5.48918e-08 1.15893e-08 2.14483e-09 3.33584e-10 3.93763e-11 2.52122e-12 0 
0 1.35282e-05 0.000122679 0.000505122 0.00130679 0.00246862 0.00381739 0.00522052 0.00659655 0.00787921 0.00900464 0.00991496 0.0105649 0.0109264 0.0109911 0.0107698 0.0102902 0.00959303 0.00872773 0.00774677 0.00670081 0.00563442 0.00458386 0.00357832 0.0026454 0.00181813 0.00113583 0.000630702 0.000306159 0.000129067 4.74109e-05 1.53164e-05 4.39601e-06 1.1291e-06 2.60036e-07 5.3399e-08 9.60711e-09 1.45329e-09 1.67037e-10 1.04292e-11 0 
0 4.13604e-05 0.000356222 0.00130679 0.00294422 0.00499769 0.00726655 0.0096421 0.0120131 0.0142514 0.0162294 0.0178351 0.0189835 0.0196227 0.0197367 0.0193445 0.0184955 0.0172634 0.0157376 0.0140147 0.0121897 0.0103487 0.00856225 0.00688079 0.00533355 0.00393525 0.00270336 0.00167656 0.000907682 0.000418383 0.000162982 5.41662e-05 1.56235e-05 3.97211e-06 8.97744e-07 1.80144e-07 3.16168e-08 4.665e-09 5.23361e-10 3.19338e-11 0 
0 9.70418e-05 0.000767206 0.00246862 0.00499769 0.00803444 0.011436 0.0150524 0.0186874 0.0221286 0.0251728 0.0276453 0.029414 0.0303985 0.0305739 0.0299693 0.0286612 0.0267634 0.0244141 0.021763 0.018958 0.0161349 0.013408 0.0108646 0.00856011 0.00651639 0.00472804 0.00318674 0.00191855 0.000987016 0.000420713 0.000148036 4.38072e-05 1.11723e-05 2.49922e-06 4.92895e-07 8.47534e-08 1.22394e-08 1.3442e-09 8.03599e-11 0 
0 0.000185704 0.00132701 0.00381739 0.00726655 0.011436 0.0161683 0.0212239 0.0263128 0.0311327 0.0353976 0.0388621 0.0413407 0.0427208 0.0429666 0.0421188 0.0402853 0.0376258 0.0343343 0.0306205 0.0266925 0.022741 0.0189282 0.0153799 0.0121818 0.00937721 0.00696675 0.0049164 0.00319201 0.00181455 0.000856707 0.000326372 0.000101128 2.6246e-05 5.86578e-06 1.14423e-06 1.93668e-07 2.74763e-08 2.96347e-09 1.74066e-10 0 
0 0.000303326 0.00196503 0.00522052 0.0096421 0.0150524 0.0212239 0.0278247 0.0344713 0.0407675 0.0463405 0.0508813 0.0541736 0.0560571 0.0564 0.0552293 0.0527632 0.0492578 0.0449512 0.0400995 0.034969 0.0298089 0.0248315 0.0202025 0.0160367 0.0123975 0.00929847 0.00670491 0.00454849 0.00278105 0.00144092 0.000599358 0.000197386 5.28071e-05 1.18979e-05 2.31001e-06 3.86654e-07 5.40962e-08 5.7485e-09 3.32698e-10 0 
0 0.000438408 0.00261187 0.00659655 0.0120131 0.0186874 0.0263128 0.0344713 0.0426873 0.0504747 0.0574321 0.06344 0.0683609 0.0713912 0.0719612 0.0700723 0.0661895 0.061214 0.0556807 0.0496495 0.0433053 0.0369275 0.0307765 0.0250576 0.0199136 0.0154259 0.0116183 0.00846058 0.0058738 0.00376188 0.00209489 0.00094599 0.000333124 9.26906e-05 2.12094e-05 4.12097e-06 6.85059e-07 9.48558e-08 9.9622e-09 5.69704e-10 0 
0 0.000576474 0.00321617 0.00787921 0.0142514 0.0221286 0.0311327 0.0407675 0.0504747 0.0597667 0.0687316 0.0772419 0.0830399 0.0858187 0.0863163 0.084737 0.0807422 0.0740753 0.0662791 0.0587524 0.0512075 0.0436728 0.0364095 0.0296572 0.0235853 0.018291 0.0138057 0.0101018 0.00709768 0.00467281 0.00273705 0.00132274 0.000496622 0.000144219 3.36704e-05 6.5741e-06 1.08924e-06 1.49734e-07 1.55871e-08 8.83097e-10 0 
0 0.000703875 0.00374192 0.00900464 0.0162294 0.0251728 0.0353976 0.0463405 0.0574321 0.0687316 0.0802574 0.087928 0.0919277 0.0938356 0.0942044 0.093149 0.0904711 0.085486 0.0770628 0.067209 0.0582442 0.0496458 0.041396 0.0337289 0.0268352 0.020826 0.0157383 0.0115455 0.00816388 0.00546137 0.00330717 0.00168216 0.000667203 0.00020183 4.81471e-05 9.46945e-06 1.56786e-06 2.1454e-07 2.2193e-08 1.2487e-09 0 
0 0.000809716 0.00416321 0.00991496 0.0178351 0.0276453 0.0388621 0.0508813 0.06344 0.0772419 0.087928 0.0936085 0.0967613 0.0983292 0.0986492 0.0977996 0.0956655 0.0918558 0.0853726 0.0750104 0.0641622 0.0545146 0.0454495 0.0370385 0.0294768 0.0228862 0.0173081 0.0127157 0.00902303 0.00609189 0.00376709 0.00198592 0.000821929 0.000257398 6.26386e-05 1.24178e-05 2.05795e-06 2.80889e-07 2.89373e-08 1.62052e-09 0 
0 0.000886421 0.00446194 0.0105649 0.0189835 0.029414 0.0413407 0.0541736 0.0683609 0.0830399 0.0919277 0.0967613 0.0995487 0.100964 0.101263 0.100508 0.0986164 0.0953067 0.0898797 0.0807477 0.0687668 0.0580398 0.048354 0.0394092 0.0313691 0.0243621 0.0184327 0.0135533 0.00963617 0.00653949 0.00409451 0.00220855 0.000941384 0.000302491 7.47867e-05 1.49307e-05 2.47865e-06 3.37975e-07 3.47404e-08 1.94017e-09 0 
0 0.000929642 0.00462766 0.0109264 0.0196227 0.0303985 0.0427208 0.0560571 0.0713912 0.0858187 0.0938356 0.0983292 0.100964 0.102315 0.102604 0.101891 0.100103 0.097001 0.0919996 0.0836696 0.0715403 0.0600463 0.0499771 0.0407333 0.0324264 0.0251871 0.0190616 0.014022 0.00997925 0.00678976 0.00427846 0.00233643 0.0010127 0.000330485 8.25411e-05 1.65619e-05 2.75444e-06 3.75642e-07 3.85883e-08 2.15305e-09 0 
0 0.000937967 0.0046578 0.0109911 0.0197367 0.0305739 0.0429666 0.0564 0.0719612 0.0863163 0.0942044 0.0986492 0.101263 0.102604 0.102893 0.102186 0.100414 0.0973421 0.0924032 0.0842003 0.0720686 0.060419 0.0502753 0.0409773 0.0326222 0.0253408 0.0191797 0.014111 0.0100456 0.00683968 0.00431723 0.00236555 0.00103034 0.000337915 8.47175e-05 1.70407e-05 2.83859e-06 3.87548e-07 3.98471e-08 2.22509e-09 0 
0 0.000912559 0.0045575 0.0107698 0.0193445 0.0299693 0.0421188 0.0552293 0.0700723 0.084737 0.093149 0.0977996 0.100508 0.101891 0.102186 0.101454 0.0996177 0.0964204 0.0912292 0.0825253 0.0703615 0.0591951 0.0492952 0.0401802 0.0319877 0.0248476 0.0188058 0.0138346 0.00984591 0.00669767 0.00421734 0.00229994 0.000995667 0.000324921 8.12721e-05 1.6348e-05 2.72706e-06 3.73116e-07 3.84588e-08 2.15334e-09 0 
0 0.00085679 0.00433873 0.0102902 0.0184955 0.0286612 0.0402853 0.0527632 0.0661895 0.0807422 0.0904711 0.0956655 0.0986164 0.100103 0.100414 0.0996177 0.0976198 0.0940971 0.0882337 0.0784453 0.0668118 0.0565816 0.0471644 0.0384445 0.0306049 0.0237718 0.0179889 0.0132293 0.00940697 0.00638276 0.00399282 0.00215064 0.000916223 0.000294979 7.32515e-05 1.47107e-05 2.45832e-06 3.37546e-07 3.49477e-08 1.96638e-09 0 
0 0.000775851 0.00401873 0.00959303 0.0172634 0.0267634 0.0376258 0.0492578 0.061214 0.0740753 0.085486 0.0918558 0.0953067 0.097001 0.0973421 0.0964204 0.0940971 0.089899 0.0826515 0.0721557 0.0620763 0.0528434 0.0440708 0.0359226 0.0285957 0.0222087 0.0168021 0.0123497 0.00876814 0.00592292 0.00366484 0.00193541 0.00080478 0.00025409 6.24794e-05 1.25269e-05 2.10028e-06 2.90082e-07 3.02494e-08 1.71534e-09 0 
0 0.000676351 0.00361822 0.00872773 0.0157376 0.0244141 0.0343343 0.0449512 0.0556807 0.0662791 0.0770628 0.0853726 0.0898797 0.0919996 0.0924032 0.0912292 0.0882337 0.0826515 0.0740911 0.0650645 0.0565651 0.0482443 0.0402407 0.0328002 0.0261089 0.020275 0.0153348 0.0112627 0.00797809 0.00535364 0.00326212 0.00167913 0.000678276 0.000209667 5.11061e-05 1.02567e-05 1.73116e-06 2.41391e-07 2.54471e-08 1.45955e-09 0 
0 0.00056586 0.00315972 0.00774677 0.0140147 0.021763 0.0306205 0.0400995 0.0496495 0.0587524 0.067209 0.0750104 0.0807477 0.0836696 0.0842003 0.0825253 0.0784453 0.0721557 0.0650645 0.0578628 0.050469 0.043062 0.0359194 0.0292784 0.0233057 0.0180972 0.0136844 0.0100417 0.00709183 0.00471844 0.00282345 0.00141457 0.000556364 0.000169302 4.11709e-05 8.32164e-06 1.42165e-06 2.0108e-07 2.15153e-08 1.25227e-09 0 
0 0.000452379 0.00266639 0.00670081 0.0121897 0.018958 0.0266925 0.034969 0.0433053 0.0512075 0.0582442 0.0641622 0.0687668 0.0715403 0.0720686 0.0703615 0.0668118 0.0620763 0.0565651 0.050469 0.0440434 0.0375822 0.0313506 0.025557 0.0203465 0.015802 0.0119496 0.00876335 0.00617117 0.00407371 0.00240258 0.00118263 0.000459465 0.000139707 3.4299e-05 7.03903e-06 1.22337e-06 1.76008e-07 1.9134e-08 1.12967e-09 0 
0 0.00034367 0.00216172 0.00563442 0.0103487 0.0161349 0.022741 0.0298089 0.0369275 0.0436728 0.0496458 0.0545146 0.0580398 0.0600463 0.060419 0.0591951 0.0565816 0.0528434 0.0482443 0.043062 0.0375822 0.0320716 0.0267581 0.0218195 0.0173794 0.0135087 0.0102285 0.00751313 0.00529801 0.00350185 0.00207231 0.00102909 0.000406112 0.00012598 3.15646e-05 6.59578e-06 1.1635e-06 1.69371e-07 1.85776e-08 1.10396e-09 0 
0 0.000246465 0.00166992 0.00458386 0.00856225 0.013408 0.0189282 0.0248315 0.0307765 0.0364095 0.041396 0.0454495 0.048354 0.0499771 0.0502753 0.0492952 0.0471644 0.0440708 0.0402407 0.0359194 0.0313506 0.0267581 0.0223325 0.0182231 0.0145373 0.011344 0.008668 0.00647131 0.00466154 0.00315555 0.00192506 0.000995107 0.000409373 0.000131042 3.34187e-05 7.03273e-06 1.24121e-06 1.80099e-07 1.96484e-08 1.15984e-09 0 
0 0.000165619 0.00121595 0.00357832 0.00688079 0.0108646 0.0153799 0.0202025 0.0250576 0.0296572 0.0337289 0.0370385 0.0394092 0.0407333 0.0409773 0.0401802 0.0384445 0.0359226 0.0328002 0.0292784 0.025557 0.0218195 0.0182231 0.0148983 0.0119683 0.00957316 0.00779533 0.00645057 0.00511673 0.00361333 0.00219851 0.00113873 0.000478472 0.000155496 3.9553e-05 8.20607e-06 1.42144e-06 2.02244e-07 2.16475e-08 1.25505e-09 0 
0 0.000103469 0.000823854 0.0026454 0.00533355 0.00856011 0.0121818 0.0160367 0.0199136 0.0235853 0.0268352 0.0294768 0.0313691 0.0324264 0.0326222 0.0319877 0.0306049 0.0285957 0.0261089 0.0233057 0.0203465 0.0173794 0.0145373 0.0119683 0.00995895 0.00906808 0.00970337 0.0109172 0.0104999 0.00765935 0.00416216 0.00179406 0.000660985 0.000201588 4.89737e-05 9.74856e-06 1.63004e-06 2.25034e-07 2.34592e-08 1.32868e-09 0 
0 5.9639e-05 0.00051224 0.00181813 0.00393525 0.00651639 0.00937721 0.0123975 0.0154259 0.018291 0.020826 0.0228862 0.0243621 0.0251871 0.0253408 0.0248476 0.0237718 0.0222087 0.020275 0.0180972 0.015802 0.0135087 0.011344 0.00957316 0.00906808 0.0118362 0.0194226 0.0303677 0.0362238 0.0223493 0.011297 0.00405109 0.00114387 0.00028391 6.07348e-05 1.11272e-05 1.76561e-06 2.35291e-07 2.38644e-08 1.32076e-09 0 
0 3.15026e-05 0.000288506 0.00113583 0.00270336 0.00472804 0.00696675 0.00929847 0.0116183 0.0138057 0.0157383 0.0173081 0.0184327 0.0190616 0.0191797 0.0188058 0.0179889 0.0168021 0.0153348 0.0136844 0.0119496 0.0102285 0.008668 0.00779533 0.00970337 0.0194226 0.0438065 0.0767924 0.0801239 0.063766 0.0263109 0.00884573 0.00212624 0.000417846 7.34382e-05 1.17802e-05 1.73743e-06 2.22925e-07 2.20702e-08 1.1986e-09 0 
0 1.51704e-05 0.000145735 0.000630702 0.00167656 0.00318674 0.0049164 0.00670491 0.00846058 0.0101018 0.0115455 0.0127157 0.0135533 0.014022 0.014111 0.0138346 0.0132293 0.0123497 0.0112627 0.0100417 0.00876335 0.00751313 0.00647131 0.00645057 0.0109172 0.0303677 0.0767924 0.0869562 0.0882278 0.0829868 0.0540052 0.0142495 0.00323032 0.000552353 8.11311e-05 1.11743e-05 1.51091e-06 1.86815e-07 1.81702e-08 9.75021e-10 0 
0 6.63824e-06 6.56643e-05 0.000306159 0.000907682 0.00191855 0.00319201 0.00454849 0.0058738 0.00709768 0.00816388 0.00902303 0.00963617 0.00997925 0.0100456 0.00984591 0.00940697 0.00876814 0.00797809 0.00709183 0.00617117 0.00529801 0.00466154 0.00511673 0.0104999 0.0362238 0.0801239 0.0882278 0.0893179 0.0851605 0.0639725 0.015755 0.00349539 0.000563278 7.4033e-05 9.03254e-06 1.13215e-06 1.36175e-07 1.31381e-08 7.02637e-10 0 
0 2.63581e-06 2.6371e-05 0.000129067 0.000418383 0.000987016 0.00181455 0.00278105 0.00376188 0.00467281 0.00546137 0.00609189 0.00653949 0.00678976 0.00683968 0.00669767 0.00638276 0.00592292 0.00535364 0.00471844 0.00407371 0.00350185 0.00315555 0.00361333 0.00765935 0.0223493 0.063766 0.0829868 0.0851605 0.0788743 0.0390739 0.0116337 0.00258303 0.00040998 5.13913e-05 5.9043e-06 7.14276e-07 8.53752e-08 8.27553e-09 4.45377e-10 0 
0 9.49701e-07 9.46624e-06 4.74109e-05 0.000162982 0.000420713 0.000856707 0.00144092 0.00209489 0.00273705 0.00330717 0.00376709 0.00409451 0.00427846 0.00431723 0.00421734 0.00399282 0.00366484 0.00326212 0.00282345 0.00240258 0.00207231 0.00192506 0.00219851 0.00416216 0.011297 0.0263109 0.0540052 0.0639725 0.0390739 0.0174797 0.00576654 0.00129326 0.000207721 2.6106e-05 3.02935e-06 3.74666e-07 4.58015e-08 4.52389e-09 2.4739e-10 0 
0 3.10702e-07 3.05055e-06 1.53164e-05 5.41662e-05 0.000148036 0.000326372 0.000599358 0.00094599 0.00132274 0.00168216 0.00198592 0.00220855 0.00233643 0.00236555 0.00229994 0.00215064 0.00193541 0.00167913 0.00141457 0.00118263 0.00102909 0.000995107 0.00113873 0.00179406 0.00405109 0.00884573 0.0142495 0.015755 0.0116337 0.00576654 0.00192403 0.000442568 7.35492e-05 9.73621e-06 1.22736e-06 1.64119e-07 2.10541e-08 2.14545e-09 1.20256e-10 0 
0 9.23197e-08 8.85999e-07 4.39601e-06 1.56235e-05 4.38072e-05 0.000101128 0.000197386 0.000333124 0.000496622 0.000667203 0.000821929 0.000941384 0.0010127 0.00103034 0.000995667 0.000916223 0.00080478 0.000678276 0.000556364 0.000459465 0.000406112 0.000409373 0.000478472 0.000660985 0.00114387 0.00212624 0.00323032 0.00349539 0.00258303 0.00129326 0.000442568 0.000106047 1.8799e-05 2.79135e-06 4.08449e-07 6.11011e-08 8.33899e-09 8.84099e-10 5.11507e-11 0 
0 2.48824e-08 2.3233e-07 1.1291e-06 3.97211e-06 1.11723e-05 2.6246e-05 5.28071e-05 9.26906e-05 0.000144219 0.00020183 0.000257398 0.000302491 0.000330485 0.000337915 0.000324921 0.000294979 0.00025409 0.000209667 0.000169302 0.000139707 0.00012598 0.000131042 0.000155496 0.000201588 0.00028391 0.000417846 0.000552353 0.000563278 0.00040998 0.000207721 7.35492e-05 1.8799e-05 3.75916e-06 6.7058e-07 1.17531e-07 1.9686e-08 2.86159e-09 3.17067e-10 1.90324e-11 0 
0 6.05727e-09 5.48918e-08 2.60036e-07 8.97744e-07 2.49922e-06 5.86578e-06 1.18979e-05 2.12094e-05 3.36704e-05 4.81471e-05 6.26386e-05 7.47867e-05 8.25411e-05 8.47175e-05 8.12721e-05 7.32515e-05 6.24794e-05 5.11061e-05 4.11709e-05 3.4299e-05 3.15646e-05 3.34187e-05 3.9553e-05 4.89737e-05 6.07348e-05 7.34382e-05 8.11311e-05 7.4033e-05 5.13913e-05 2.6106e-05 9.73621e-06 2.79135e-06 6.7058e-07 1.47129e-07 3.01386e-08 5.5314e-09 8.52374e-10 9.89021e-11 6.18041e-12 0 
0 1.31882e-09 1.15893e-08 5.3399e-08 1.80144e-07 4.92895e-07 1.14423e-06 2.31001e-06 4.12097e-06 6.5741e-06 9.46945e-06 1.24178e-05 1.49307e-05 1.65619e-05 1.70407e-05 1.6348e-05 1.47107e-05 1.25269e-05 1.02567e-05 8.32164e-06 7.03903e-06 6.59578e-06 7.03273e-06 8.20607e-06 9.74856e-06 1.11272e-05 1.17802e-05 1.11743e-05 9.03254e-06 5.9043e-06 3.02935e-06 1.22736e-06 4.08449e-07 1.17531e-07 3.01386e-08 6.85829e-09 1.34931e-09 2.19412e-10 2.66784e-11 1.73887e-12 0 
0 2.51647e-10 2.14483e-09 9.60711e-09 3.16168e-08 8.47534e-08 1.93668e-07 3.86654e-07 6.85059e-07 1.08924e-06 1.56786e-06 2.05795e-06 2.47865e-06 2.75444e-06 2.83859e-06 2.72706e-06 2.45832e-06 2.10028e-06 1.73116e-06 1.42165e-06 1.22337e-06 1.1635e-06 1.24121e-06 1.42144e-06 1.63004e-06 1.76561e-06 1.73743e-06 1.51091e-06 1.13215e-06 7.14276e-07 3.74666e-07 1.64119e-07 6.11011e-08 1.9686e-08 5.5314e-09 1.34931e-09 2.81012e-10 4.80694e-11 6.12303e-12 4.1654e-13 0 
0 4.03177e-11 3.33584e-10 1.45329e-09 4.665e-09 1.22394e-08 2.74763e-08 5.40962e-08 9.48558e-08 1.49734e-07 2.1454e-07 2.80889e-07 3.37975e-07 3.75642e-07 3.87548e-07 3.73116e-07 3.37546e-07 2.90082e-07 2.41391e-07 2.0108e-07 1.76008e-07 1.69371e-07 1.80099e-07 2.02244e-07 2.25034e-07 2.35291e-07 2.22925e-07 1.86815e-07 1.36175e-07 8.53752e-08 4.58015e-08 2.10541e-08 8.33899e-09 2.86159e-09 8.52374e-10 2.19412e-10 4.80694e-11 8.62773e-12 1.15001e-12 8.16265e-14 0 
0 4.89605e-12 3.93763e-11 1.67037e-10 5.23361e-10 1.3442e-09 2.96347e-09 5.7485e-09 9.9622e-09 1.55871e-08 2.2193e-08 2.89373e-08 3.47404e-08 3.85883e-08 3.98471e-08 3.84588e-08 3.49477e-08 3.02494e-08 2.54471e-08 2.15153e-08 1.9134e-08 1.85776e-08 1.96484e-08 2.16475e-08 2.34592e-08 2.38644e-08 2.20702e-08 1.81702e-08 1.31381e-08 8.27553e-09 4.52389e-09 2.14545e-09 8.84099e-10 3.17067e-10 9.89021e-11 2.66784e-11 6.12303e-12 1.15001e-12 1.60119e-13 1.18454e-14 0 
0 3.22009e-13 2.52122e-12 1.04292e-11 3.19338e-11 8.03599e-11 1.74066e-10 3.32698e-10 5.69704e-10 8.83097e-10 1.2487e-09 1.62052e-09 1.94017e-09 2.15305e-09 2.22509e-09 2.15334e-09 1.96638e-09 1.71534e-09 1.45955e-09 1.25227e-09 1.12967e-09 1.10396e-09 1.15984e-09 1.25505e-09 1.32868e-09 1.32076e-09 1.1986e-09 9.75021e-10 7.02637e-10 4.45377e-10 2.4739e-10 1.20256e-10 5.11507e-11 1.90324e-11 6.18041e-12 1.73887e-12 4.1654e-13 8.16265e-14 1.18454e-14 9.11935e-16 0 
0 0 0 0 0 0 0 0 0 0 0 0 0 0 0 0 0 0 0 0 0 0 0 0 0 0 0 0 0 0 0 0 0 0 0 0 0 0 0 0 0 
