0 0 0 0 0 0 0 0 0 0 0 0 0 0 0 0 0 0 0 0 0 0 0 0 0 0 0 0 0 0 0 0 0 0 0 0 0 0 0 0 0 
0 4.85952e-08 4.4726e-07 2.10232e-06 7.01343e-06 1.83786e-05 3.97242e-05 7.31618e-05 0.000117868 0.000169853 0.000223036 0.000270833 0.000307542 0.00032919 0.000333903 0.000321906 0.000295281 0.000257557 0.000213177 0.00016687 0.000122991 8.4918e-05 5.46229e-05 3.256e-05 1.79021e-05 9.04666e-06 4.19259e-06 1.78042e-06 6.92985e-07 2.47457e-07 8.11592e-08 2.44654e-08 6.77659e-09 1.72091e-09 3.98514e-10 8.32323e-11 1.53451e-11 2.38994e-12 2.83565e-13 1.82978e-14 0 
0 4.4726e-07 4.2794e-06 2.06335e-05 6.91424e-05 0.000177582 0.000367946 0.000640228 0.000969606 0.00131767 0.00164563 0.00192188 0.0021242 0.00223957 0.0022633 0.00219796 0.00205243 0.00184076 0.00158114 0.0012947 0.00100412 0.000731649 0.000496242 0.000310332 0.000177415 9.21353e-05 4.33183e-05 1.84328e-05 7.11336e-06 2.49784e-06 8.00911e-07 2.35145e-07 6.32974e-08 1.56062e-08 3.50829e-09 7.11659e-10 1.27549e-10 1.93348e-11 2.23583e-12 1.40813e-13 0 
0 2.10232e-06 2.06335e-05 9.95627e-05 0.000322331 0.000772481 0.00146209 0.0023182 0.00323627 0.00412489 0.00491571 0.00555916 0.00602081 0.00628036 0.00633145 0.00618102 0.00584767 0.00535925 0.00474997 0.00405779 0.00332273 0.00258629 0.00189154 0.00128125 0.000791196 0.000439107 0.000216941 9.5128e-05 3.71389e-05 1.29978e-05 4.10952e-06 1.1815e-06 3.10179e-07 7.44318e-08 1.62736e-08 3.21115e-09 5.60262e-10 8.2768e-11 9.33992e-12 5.74831e-13 0 
0 7.01343e-06 6.91424e-05 0.000322331 0.000963282 0.00207241 0.0035307 0.00515418 0.00679716 0.00835078 0.00972436 0.0108414 0.0116433 0.0120936 0.0121805 0.011916 0.0113333 0.0104824 0.00942378 0.00822277 0.00694343 0.00564477 0.00438 0.0032002 0.00215999 0.00131603 0.000707984 0.000331548 0.000134863 4.80457e-05 1.51883e-05 4.31416e-06 1.11102e-06 2.60531e-07 5.55686e-08 1.06924e-08 1.81991e-09 2.62512e-10 2.89578e-11 1.74449e-12 0 
0 1.83786e-05 0.000177582 0.000772481 0.00207241 0.0040058 0.00631449 0.00879342 0.0112884 0.0136546 0.0157538 0.0174648 0.0186945 0.019385 0.0195171 0.0191094 0.0182135 0.0169076 0.0152866 0.0134534 0.0115091 0.00954491 0.00763674 0.00584336 0.00421253 0.00279538 0.00165622 0.000850145 0.000371343 0.000138169 4.44751e-05 1.263e-05 3.21527e-06 7.4068e-07 1.5472e-07 2.91221e-08 4.84834e-09 6.84445e-10 7.39628e-11 4.36989e-12 0 
0 3.97242e-05 0.000367946 0.00146209 0.0035307 0.00631449 0.00952941 0.0129754 0.0164565 0.0197667 0.0227076 0.0251065 0.026831 0.0277995 0.0279844 0.0274117 0.0261544 0.0243226 0.0220508 0.0194848 0.0167685 0.014033 0.0113877 0.008915 0.00666916 0.00468579 0.0030053 0.00169335 0.00080829 0.000321383 0.000107414 3.09144e-05 7.84937e-06 1.7871e-06 3.67233e-07 6.78569e-08 1.10833e-08 1.53538e-09 1.62924e-10 9.46115e-12 0 
0 7.31618e-05 0.000640228 0.0023182 0.00515418 0.00879342 0.0129754 0.0174713 0.0220218 0.0263532 0.0302031 0.0333443 0.0356031 0.0368718 0.0371143 0.0363645 0.0347181 0.0323198 0.0293464 0.0259893 0.0224384 0.018867 0.015421 0.0122117 0.00931205 0.00675904 0.00456924 0.00277456 0.00144458 0.000621201 0.000219046 6.47381e-05 1.65446e-05 3.74618e-06 7.60792e-07 1.38519e-07 2.22676e-08 3.03558e-09 3.17113e-10 1.8142e-11 0 
0 0.000117868 0.000969606 0.00323627 0.00679716 0.0112884 0.0164565 0.0220218 0.0276589 0.0330263 0.0377982 0.0416926 0.0444936 0.0460676 0.0463694 0.045441 0.0434013 0.0404294 0.0367451 0.0325862 0.0281886 0.0237682 0.0195072 0.015546 0.0119785 0.00885223 0.00617637 0.0039494 0.00220835 0.00102543 0.000384619 0.000117904 3.0571e-05 6.92434e-06 1.3959e-06 2.51343e-07 3.98934e-08 5.36704e-09 5.53408e-10 3.12663e-11 0 
0 0.000169853 0.00131767 0.00412489 0.00835078 0.0136546 0.0197667 0.0263532 0.0330263 0.0393813 0.0450324 0.0496453 0.0529645 0.0548313 0.0551912 0.0540934 0.0516791 0.0481613 0.0438 0.0388773 0.0336726 0.0284423 0.0234032 0.0187227 0.0145145 0.010838 0.00770407 0.00509224 0.00300004 0.00148734 0.000592996 0.000189472 5.01217e-05 1.14089e-05 2.29184e-06 4.09464e-07 6.43629e-08 8.56948e-09 8.7445e-10 4.8908e-11 0 
0 0.000223036 0.00164563 0.00491571 0.00972436 0.0157538 0.0227076 0.0302031 0.0377982 0.0450324 0.0514664 0.0567206 0.0605045 0.0626356 0.0630493 0.0618008 0.0590522 0.055048 0.0500845 0.0444822 0.0385592 0.0326078 0.0268752 0.0215531 0.0167722 0.0126028 0.00905932 0.0061132 0.00373231 0.00194626 0.000818569 0.000272421 7.36931e-05 1.6908e-05 3.39458e-06 6.03521e-07 9.42129e-08 1.24474e-08 1.2602e-09 6.99439e-11 0 
0 0.000270833 0.00192188 0.00555916 0.0108414 0.0174648 0.0251065 0.0333443 0.0416926 0.0496453 0.0567206 0.0625017 0.0666663 0.0690115 0.0694701 0.0681036 0.0650859 0.0606845 0.0552285 0.0490709 0.042561 0.0360199 0.02972 0.0238726 0.0186221 0.0140477 0.0101673 0.00694914 0.0043425 0.00234743 0.00102982 0.000355073 9.81257e-05 2.27183e-05 4.56766e-06 8.10034e-07 1.25896e-07 1.65475e-08 1.66633e-09 9.20012e-11 0 
0 0.000307542 0.0021242 0.00602081 0.0116433 0.0186945 0.026831 0.0356031 0.0444936 0.0529645 0.0605045 0.0666663 0.0710966 0.0735827 0.0740719 0.0726345 0.0694391 0.0647586 0.058948 0.0523901 0.0454574 0.0384912 0.0317818 0.0255547 0.0199647 0.0150967 0.0109719 0.00755677 0.00479046 0.00265135 0.00119833 0.000424495 0.000119399 2.78782e-05 5.6192e-06 9.95898e-07 1.54457e-07 2.02464e-08 2.03299e-09 1.11939e-10 0 
0 0.00032919 0.00223957 0.00628036 0.0120936 0.019385 0.0277995 0.0368718 0.0460676 0.0548313 0.0626356 0.0690115 0.0735827 0.0761374 0.0766437 0.0751793 0.0719003 0.0670722 0.0610643 0.0542812 0.0471105 0.0399045 0.0329634 0.0265211 0.020738 0.0157029 0.0114385 0.00791098 0.00505449 0.00283505 0.00130438 0.00047009 0.000133841 3.14589e-05 6.35975e-06 1.12827e-06 1.75007e-07 2.29356e-08 2.30263e-09 1.26794e-10 0 
0 0.000333903 0.0022633 0.00633145 0.0121805 0.0195171 0.0279844 0.0371143 0.0463694 0.0551912 0.0630493 0.0694701 0.0740719 0.0766437 0.0771586 0.0756955 0.0724073 0.0675561 0.0615134 0.0546886 0.0474724 0.0402193 0.0332317 0.0267451 0.0209217 0.0158511 0.0115567 0.00800498 0.00512879 0.00289056 0.00133898 0.000486089 0.000139238 3.2872e-05 6.66709e-06 1.186e-06 1.84436e-07 2.42371e-08 2.44067e-09 1.34862e-10 0 
0 0.000321906 0.00219796 0.00618102 0.011916 0.0191094 0.0274117 0.0363645 0.045441 0.0540934 0.0618008 0.0681036 0.0726345 0.0751793 0.0756955 0.0742571 0.0710249 0.0662671 0.0603464 0.0536582 0.0465835 0.0394705 0.0326162 0.0262517 0.0205364 0.0155583 0.0113405 0.00785008 0.0050221 0.00282316 0.0013039 0.000472552 0.000135446 3.20644e-05 6.53042e-06 1.16766e-06 1.82657e-07 2.41624e-08 2.45108e-09 1.3654e-10 0 
0 0.000295281 0.00205243 0.00584767 0.0113333 0.0182135 0.0261544 0.0347181 0.0434013 0.0516791 0.0590522 0.0650859 0.0694391 0.0719003 0.0724073 0.0710249 0.0679234 0.0633733 0.0577178 0.0513265 0.0445626 0.0377597 0.0312022 0.0251112 0.0196391 0.0148702 0.0108259 0.00747451 0.00475666 0.00265014 0.00121068 0.000435109 0.000124396 2.95377e-05 6.05733e-06 1.09324e-06 1.72918e-07 2.31601e-08 2.38152e-09 1.34611e-10 0 
0 0.000257557 0.00184076 0.00535925 0.0104824 0.0169076 0.0243226 0.0323198 0.0404294 0.0481613 0.055048 0.0606845 0.0647586 0.0670722 0.0675561 0.0662671 0.0633733 0.0591328 0.0538617 0.0479014 0.0415906 0.0352416 0.0291195 0.0234306 0.0183168 0.0138562 0.0100678 0.00692163 0.00436759 0.00240015 0.00107937 0.000383804 0.000109592 2.62149e-05 5.44753e-06 9.99963e-07 1.6125e-07 2.20538e-08 2.31804e-09 1.33992e-10 0 
0 0.000213177 0.00158114 0.00474997 0.00942378 0.0152866 0.0220508 0.0293464 0.0367451 0.0438 0.0500845 0.0552285 0.058948 0.0610643 0.0615134 0.0603464 0.0577178 0.0538617 0.0490647 0.0436377 0.03789 0.0321061 0.0265275 0.0213415 0.0166767 0.0126029 0.00913591 0.00624826 0.00390293 0.00211294 0.00093683 0.000331471 9.5402e-05 2.32468e-05 4.9536e-06 9.3573e-07 1.55517e-07 2.19246e-08 2.37323e-09 1.41031e-10 0 
0 0.00016687 0.0012947 0.00405779 0.00822277 0.0134534 0.0194848 0.0259893 0.0325862 0.0388773 0.0444822 0.0490709 0.0523901 0.0542812 0.0546886 0.0536582 0.0513265 0.0479014 0.0436377 0.0388129 0.0337027 0.0285602 0.0235999 0.0189879 0.014837 0.0112074 0.00811071 0.00552381 0.00342445 0.00183895 0.000814688 0.000292217 8.64983e-05 2.18737e-05 4.85349e-06 9.54197e-07 1.64587e-07 2.39831e-08 2.67067e-09 1.62475e-10 0 
0 0.000122991 0.00100412 0.00332273 0.00694343 0.0115091 0.0167685 0.0224384 0.0281886 0.0336726 0.0385592 0.042561 0.0454574 0.0471105 0.0474724 0.0465835 0.0445626 0.0415906 0.03789 0.0337027 0.029269 0.0248092 0.0205095 0.0165135 0.0129172 0.00977019 0.00708057 0.00483048 0.00300804 0.00163742 0.000747307 0.000280717 8.77659e-05 2.34217e-05 5.44767e-06 1.11274e-06 1.97634e-07 2.94152e-08 3.32275e-09 2.03894e-10 0 
0 8.4918e-05 0.000731649 0.00258629 0.00564477 0.00954491 0.014033 0.018867 0.0237682 0.0284423 0.0326078 0.0360199 0.0384912 0.0399045 0.0402193 0.0394705 0.0377597 0.0352416 0.0321061 0.0285602 0.0248092 0.021041 0.0174145 0.0140505 0.0110291 0.00839063 0.00614104 0.00426412 0.00274087 0.0015714 0.000769929 0.000312629 0.000104706 2.94003e-05 7.06402e-06 1.46873e-06 2.62719e-07 3.90917e-08 4.39266e-09 2.6725e-10 0 
0 5.46229e-05 0.000496242 0.00189154 0.00438 0.00763674 0.0113877 0.015421 0.0195072 0.0234032 0.0268752 0.02972 0.0317818 0.0329634 0.0332317 0.0326162 0.0312022 0.0291195 0.0265275 0.0235999 0.0205095 0.0174145 0.0144479 0.0117113 0.00927358 0.00717317 0.00541545 0.00396069 0.00273998 0.00171731 0.000924413 0.000407647 0.000144317 4.15649e-05 1.00192e-05 2.06333e-06 3.63157e-07 5.30023e-08 5.8347e-09 3.47725e-10 0 
0 3.256e-05 0.000310332 0.00128125 0.0032002 0.00584336 0.008915 0.0122117 0.015546 0.0187227 0.0215531 0.0238726 0.0255547 0.0265211 0.0267451 0.0262517 0.0251112 0.0234306 0.0213415 0.0189879 0.0165135 0.0140505 0.0117113 0.00958681 0.00775643 0.00629856 0.00523486 0.00440345 0.00349944 0.00241282 0.00136874 0.000620879 0.000220981 6.23842e-05 1.45309e-05 2.88588e-06 4.91057e-07 6.94704e-08 7.43046e-09 4.31253e-10 0 
0 1.79021e-05 0.000177415 0.000791196 0.00215999 0.00421253 0.00666916 0.00931205 0.0119785 0.0145145 0.0167722 0.0186221 0.0199647 0.020738 0.0209217 0.0205364 0.0196391 0.0183168 0.0166767 0.014837 0.0129172 0.0110291 0.00927358 0.00775643 0.00665822 0.00631699 0.00697994 0.00797055 0.00769821 0.0056013 0.00299591 0.00121512 0.000387014 9.83751e-05 2.08174e-05 3.84288e-06 6.21622e-07 8.46809e-08 8.77708e-09 4.95621e-10 0 
0 9.04666e-06 9.21353e-05 0.000439107 0.00131603 0.00279538 0.00468579 0.00675904 0.00885223 0.010838 0.0126028 0.0140477 0.0150967 0.0157029 0.0158511 0.0155583 0.0148702 0.0138562 0.0126029 0.0112074 0.00977019 0.00839063 0.00717317 0.00629856 0.00631699 0.00860241 0.0143245 0.0209417 0.0223829 0.0165204 0.00834901 0.00296135 0.000785397 0.000165624 2.94554e-05 4.77462e-06 7.16194e-07 9.34446e-08 9.39623e-09 5.17563e-10 0 
0 4.19259e-06 4.33183e-05 0.000216941 0.000707984 0.00165622 0.0030053 0.00456924 0.00617637 0.00770407 0.00905932 0.0101673 0.0109719 0.0114385 0.0115567 0.0113405 0.0108259 0.0100678 0.00913591 0.00811071 0.00708057 0.00614104 0.00541545 0.00523486 0.00697994 0.0143245 0.0302306 0.0487105 0.0547425 0.0392301 0.0194742 0.0065428 0.00154491 0.00027554 4.02752e-05 5.46448e-06 7.37035e-07 9.15549e-08 8.96377e-09 4.84165e-10 0 
0 1.78042e-06 1.84328e-05 9.5128e-05 0.000331548 0.000850145 0.00169335 0.00277456 0.0039494 0.00509224 0.0061132 0.00694914 0.00755677 0.00791098 0.00800498 0.00785008 0.00747451 0.00692163 0.00624826 0.00552381 0.00483048 0.00426412 0.00396069 0.00440345 0.00797055 0.0209417 0.0487105 0.0788062 0.0849088 0.0658154 0.03197 0.0105577 0.00237837 0.000385456 4.86704e-05 5.56148e-06 6.64764e-07 7.84536e-08 7.52521e-09 4.01509e-10 0 
0 6.92985e-07 7.11336e-06 3.71389e-05 0.000134863 0.000371343 0.00080829 0.00144458 0.00220835 0.00300004 0.00373231 0.0043425 0.00479046 0.00505449 0.00512879 0.0050221 0.00475666 0.00436759 0.00390293 0.00342445 0.00300804 0.00274087 0.00273998 0.00349944 0.00769821 0.0223829 0.0547425 0.0849088 0.0892744 0.073968 0.0356144 0.0116419 0.0025805 0.00040058 4.65638e-05 4.72555e-06 5.11939e-07 5.80425e-08 5.50963e-09 2.92994e-10 0 
0 2.47457e-07 2.49784e-06 1.29978e-05 4.80457e-05 0.000138169 0.000321383 0.000621201 0.00102543 0.00148734 0.00194626 0.00234743 0.00265135 0.00283505 0.00289056 0.00282316 0.00265014 0.00240015 0.00211294 0.00183895 0.00163742 0.0015714 0.00171731 0.00241282 0.0056013 0.0165204 0.0392301 0.0658154 0.073968 0.0533884 0.0262361 0.00862189 0.00190541 0.000291573 3.27349e-05 3.15313e-06 3.27355e-07 3.6698e-08 3.49803e-09 1.87268e-10 0 
0 8.11592e-08 8.00911e-07 4.10952e-06 1.51883e-05 4.44751e-05 0.000107414 0.000219046 0.000384619 0.000592996 0.000818569 0.00102982 0.00119833 0.00130438 0.00133898 0.0013039 0.00121068 0.00107937 0.00093683 0.000814688 0.000747307 0.000769929 0.000924413 0.00136874 0.00299591 0.00834901 0.0194742 0.03197 0.0356144 0.0262361 0.0129581 0.00427026 0.000948791 0.000145573 1.63766e-05 1.6011e-06 1.71226e-07 1.97407e-08 1.9214e-09 1.046e-10 0 
0 2.44654e-08 2.35145e-07 1.1815e-06 4.31416e-06 1.263e-05 3.09144e-05 6.47381e-05 0.000117904 0.000189472 0.000272421 0.000355073 0.000424495 0.00047009 0.000486089 0.000472552 0.000435109 0.000383804 0.000331471 0.000292217 0.000280717 0.000312629 0.000407647 0.000620879 0.00121512 0.00296135 0.0065428 0.0105577 0.0116419 0.00862189 0.00427026 0.00141816 0.000319087 4.98476e-05 5.84798e-06 6.2416e-07 7.38383e-08 9.06337e-09 9.13729e-10 5.1036e-11 0 
0 6.77659e-09 6.32974e-08 3.10179e-07 1.11102e-06 3.21527e-06 7.84937e-06 1.65446e-05 3.0571e-05 5.01217e-05 7.36931e-05 9.81257e-05 0.000119399 0.000133841 0.000139238 0.000135446 0.000124396 0.000109592 9.5402e-05 8.64983e-05 8.77659e-05 0.000104706 0.000144317 0.000220981 0.000387014 0.000785397 0.00154491 0.00237837 0.0025805 0.00190541 0.000948791 0.000319087 7.33262e-05 1.19771e-05 1.55506e-06 1.96195e-07 2.6945e-08 3.58064e-09 3.77127e-10 2.17628e-11 0 
0 1.72091e-09 1.56062e-08 7.44318e-08 2.60531e-07 7.4068e-07 1.7871e-06 3.74618e-06 6.92434e-06 1.14089e-05 1.6908e-05 2.27183e-05 2.78782e-05 3.14589e-05 3.2872e-05 3.20644e-05 2.95377e-05 2.62149e-05 2.32468e-05 2.18737e-05 2.34217e-05 2.94003e-05 4.15649e-05 6.23842e-05 9.83751e-05 0.000165624 0.00027554 0.000385456 0.00040058 0.000291573 0.000145573 4.98476e-05 1.19771e-05 2.16248e-06 3.38134e-07 5.33916e-08 8.5445e-09 1.22626e-09 1.35383e-10 8.11137e-12 0 
0 3.98514e-10 3.50829e-09 1.62736e-08 5.55686e-08 1.5472e-07 3.67233e-07 7.60792e-07 1.3959e-06 2.29184e-06 3.39458e-06 4.56766e-06 5.6192e-06 6.35975e-06 6.66709e-06 6.53042e-06 6.05733e-06 5.44753e-06 4.9536e-06 4.85349e-06 5.44767e-06 7.06402e-06 1.00192e-05 1.45309e-05 2.08174e-05 2.94554e-05 4.02752e-05 4.86704e-05 4.65638e-05 3.27349e-05 1.63766e-05 5.84798e-06 1.55506e-06 3.38134e-07 6.77767e-08 1.32018e-08 2.37999e-09 3.64888e-10 4.2256e-11 2.63695e-12 0 
0 8.32323e-11 7.11659e-10 3.21115e-09 1.06924e-08 2.91221e-08 6.78569e-08 1.38519e-07 2.51343e-07 4.09464e-07 6.03521e-07 8.10034e-07 9.95898e-07 1.12827e-06 1.186e-06 1.16766e-06 1.09324e-06 9.99963e-07 9.3573e-07 9.54197e-07 1.11274e-06 1.46873e-06 2.06333e-06 2.88588e-06 3.84288e-06 4.77462e-06 5.46448e-06 5.56148e-06 4.72555e-06 3.15313e-06 1.6011e-06 6.2416e-07 1.96195e-07 5.33916e-08 1.32018e-08 2.95621e-09 5.78475e-10 9.38849e-11 1.14024e-11 7.42432e-13 0 
0 1.53451e-11 1.27549e-10 5.60262e-10 1.81991e-09 4.84834e-09 1.10833e-08 2.22676e-08 3.98934e-08 6.43629e-08 9.42129e-08 1.25896e-07 1.54457e-07 1.75007e-07 1.84436e-07 1.82657e-07 1.72918e-07 1.6125e-07 1.55517e-07 1.64587e-07 1.97634e-07 2.62719e-07 3.63157e-07 4.91057e-07 6.21622e-07 7.16194e-07 7.37035e-07 6.64764e-07 5.11939e-07 3.27355e-07 1.71226e-07 7.38383e-08 2.6945e-08 8.5445e-09 2.37999e-09 5.78475e-10 1.20304e-10 2.05624e-11 2.6173e-12 1.77916e-13 0 
0 2.38994e-12 1.93348e-11 8.2768e-11 2.62512e-10 6.84445e-10 1.53538e-09 3.03558e-09 5.36704e-09 8.56948e-09 1.24474e-08 1.65475e-08 2.02464e-08 2.29356e-08 2.42371e-08 2.41624e-08 2.31601e-08 2.20538e-08 2.19246e-08 2.39831e-08 2.94152e-08 3.90917e-08 5.30023e-08 6.94704e-08 8.46809e-08 9.34446e-08 9.15549e-08 7.84536e-08 5.80425e-08 3.6698e-08 1.97407e-08 9.06337e-09 3.58064e-09 1.22626e-09 3.64888e-10 9.38849e-11 2.05624e-11 3.68933e-12 4.9154e-13 3.48703e-14 0 
0 2.83565e-13 2.23583e-12 9.33992e-12 2.89578e-11 7.39628e-11 1.62924e-10 3.17113e-10 5.53408e-10 8.7445e-10 1.2602e-09 1.66633e-09 2.03299e-09 2.30263e-09 2.44067e-09 2.45108e-09 2.38152e-09 2.31804e-09 2.37323e-09 2.67067e-09 3.32275e-09 4.39266e-09 5.8347e-09 7.43046e-09 8.77708e-09 9.39623e-09 8.96377e-09 7.52521e-09 5.50963e-09 3.49803e-09 1.9214e-09 9.13729e-10 3.77127e-10 1.35383e-10 4.2256e-11 1.14024e-11 2.6173e-12 4.9154e-13 6.8423e-14 5.06015e-15 0 
0 1.82978e-14 1.40813e-13 5.74831e-13 1.74449e-12 4.36989e-12 9.46115e-12 1.8142e-11 3.12663e-11 4.8908e-11 6.99439e-11 9.20012e-11 1.11939e-10 1.26794e-10 1.34862e-10 1.3654e-10 1.34611e-10 1.33992e-10 1.41031e-10 1.62475e-10 2.03894e-10 2.6725e-10 3.47725e-10 4.31253e-10 4.95621e-10 5.17563e-10 4.84165e-10 4.01509e-10 2.92994e-10 1.87268e-10 1.046e-10 5.1036e-11 2.17628e-11 8.11137e-12 2.63695e-12 7.42432e-13 1.77916e-13 3.48703e-14 5.06015e-15 3.89498e-16 0 
0 0 0 0 0 0 0 0 0 0 0 0 0 0 0 0 0 0 0 0 0 0 0 0 0 0 0 0 0 0 0 0 0 0 0 0 0 0 0 0 0 
