0 0 0 0 0 0 0 0 0 0 0 0 0 0 0 0 0 0 0 0 0 0 0 0 0 0 0 0 0 0 0 0 0 0 0 0 0 0 0 0 0 
0 2.16991e-08 2.01068e-07 9.58242e-07 3.26722e-06 8.81614e-06 1.97279e-05 3.77021e-05 6.29682e-05 9.37344e-05 0.000126481 0.000156873 0.000180798 0.000195189 0.000198471 0.00019068 0.000173305 0.000148941 0.000120806 9.2191e-05 6.5931e-05 4.39891e-05 2.72567e-05 1.56195e-05 8.25031e-06 4.00782e-06 1.78865e-06 7.33375e-07 2.76476e-07 9.59474e-08 3.06864e-08 9.05015e-09 2.45999e-09 6.14758e-10 1.4044e-10 2.89991e-11 5.29568e-12 8.18259e-13 9.64473e-14 6.18948e-15 0 
0 2.01068e-07 1.94045e-06 9.5449e-06 3.30838e-05 8.90256e-05 0.000194835 0.000358581 0.000571765 0.000811394 0.00104826 0.00125487 0.00140998 0.00150014 0.0015197 0.00147005 0.00135873 0.00119834 0.00100523 0.000798036 0.000595665 0.000414821 0.000267349 0.000158263 8.55433e-05 4.20669e-05 1.88022e-05 7.64742e-06 2.83793e-06 9.63931e-07 3.00559e-07 8.62103e-08 2.27619e-08 5.52308e-09 1.2254e-09 2.45915e-10 4.369e-11 6.57569e-12 7.55984e-13 4.73861e-14 0 
0 9.58242e-07 9.5449e-06 4.76523e-05 0.000163262 0.00042123 0.000861996 0.00146536 0.00216133 0.00286749 0.00351364 0.00404785 0.00443502 0.00465482 0.00470031 0.00457667 0.0042997 0.00389376 0.00338974 0.00282332 0.00223362 0.0016619 0.00114868 0.000727649 0.000417195 0.000214562 9.86176e-05 4.05723e-05 1.50193e-05 5.03644e-06 1.53951e-06 4.31023e-07 1.10815e-07 2.61562e-08 5.6445e-09 1.10234e-09 1.90762e-10 2.79994e-11 3.14335e-12 1.92666e-13 0 
0 3.26722e-06 3.30838e-05 0.000163262 0.000531788 0.00125997 0.00233419 0.00362166 0.00497298 0.00627044 0.00742482 0.00836682 0.00904521 0.0094284 0.00950563 0.00928646 0.00879849 0.00808344 0.0071924 0.00618101 0.00510561 0.00402161 0.00298465 0.00205265 0.00128233 0.00071366 0.000349077 0.000149516 5.63964e-05 1.89384e-05 5.72774e-06 1.57475e-06 3.95885e-07 9.1177e-08 1.91848e-08 3.65367e-09 6.17008e-10 8.84665e-11 9.71372e-12 5.8308e-13 0 
0 8.81614e-06 8.90256e-05 0.00042123 0.00125997 0.0026871 0.00453541 0.00658577 0.00867031 0.0106544 0.0124187 0.0138599 0.0148986 0.015485 0.0156019 0.0152638 0.014514 0.0134176 0.0120546 0.0105114 0.00887297 0.00721674 0.00560992 0.00411241 0.00278567 0.001698 0.000906563 0.000416442 0.000164266 5.62991e-05 1.70602e-05 4.64377e-06 1.14786e-06 2.59002e-07 5.33072e-08 9.92665e-09 1.63971e-09 2.30147e-10 2.47638e-11 1.4584e-12 0 
0 1.97279e-05 0.000194835 0.000861996 0.00233419 0.00453541 0.00718454 0.0100554 0.0129664 0.015742 0.018214 0.0202355 0.0216932 0.0225161 0.0226795 0.022204 0.0211506 0.0196118 0.0177012 0.0155416 0.0132545 0.0109498 0.00871965 0.0066348 0.00475052 0.00312258 0.00182223 0.000912902 0.000385301 0.000137553 4.23793e-05 1.15318e-05 2.82095e-06 6.26526e-07 1.26598e-07 2.31221e-08 3.74597e-09 5.15945e-10 5.45234e-11 3.15679e-12 0 
0 3.77021e-05 0.000358581 0.00146536 0.00362166 0.00658577 0.0100554 0.0138052 0.0176134 0.021249 0.0244893 0.0271402 0.0290523 0.030132 0.0303466 0.0297233 0.028342 0.0263246 0.0238208 0.0209929 0.0180013 0.0149925 0.0120889 0.00938344 0.00693852 0.00479632 0.00300462 0.00163689 0.000747524 0.000282556 8.97736e-05 2.46665e-05 6.01241e-06 1.32089e-06 2.63054e-07 4.72779e-08 7.53402e-09 1.02095e-09 1.06215e-10 6.05918e-12 0 
0 6.29682e-05 0.000571765 0.00216133 0.00497298 0.00867031 0.0129664 0.0176134 0.0223373 0.0268492 0.030872 0.0341641 0.0365394 0.0378816 0.0381497 0.0373771 0.0356633 0.0331599 0.030053 0.0265449 0.0228357 0.0191084 0.0155167 0.0121781 0.0091702 0.00653493 0.00429764 0.00250526 0.00123415 0.000497707 0.000164806 4.61291e-05 1.12755e-05 2.46199e-06 4.85092e-07 8.60765e-08 1.35323e-08 1.8091e-09 1.85755e-10 1.0465e-11 0 
0 9.37344e-05 0.000811394 0.00286749 0.00627044 0.0106544 0.015742 0.021249 0.0268492 0.0321997 0.0369712 0.0408773 0.0436969 0.0452915 0.0456122 0.0446985 0.0426682 0.0397012 0.0360184 0.0318602 0.0274645 0.0230491 0.0187976 0.0148508 0.0113028 0.00820215 0.00556409 0.00340545 0.00178716 0.000767444 0.000266107 7.63347e-05 1.88072e-05 4.09834e-06 8.0174e-07 1.40902e-07 2.19178e-08 2.8986e-09 2.94491e-10 1.64243e-11 0 
0 0.000126481 0.00104826 0.00351364 0.00742482 0.0124187 0.018214 0.0244893 0.030872 0.0369712 0.042412 0.0468673 0.0500851 0.0519071 0.0522769 0.0512391 0.0489279 0.0455483 0.0413523 0.0366141 0.0316055 0.0265752 0.0217333 0.0172416 0.0132089 0.00969199 0.00670359 0.00423993 0.00233408 0.00105784 0.00038354 0.000113015 2.81555e-05 6.14261e-06 1.1967e-06 2.08911e-07 3.22446e-08 4.22987e-09 4.26327e-10 2.35969e-11 0 
0 0.000156873 0.00125487 0.00404785 0.00836682 0.0138599 0.0202355 0.0271402 0.0341641 0.0408773 0.0468673 0.0517742 0.0553205 0.0573312 0.0577437 0.0566067 0.0540674 0.0503513 0.0457359 0.0405229 0.0350118 0.029477 0.0241503 0.0192104 0.0147785 0.0109184 0.00764353 0.00493846 0.00281141 0.00132863 0.00050052 0.000151273 3.81454e-05 8.34864e-06 1.62375e-06 2.82317e-07 4.33533e-08 5.65648e-09 5.67091e-10 3.12321e-11 0 
0 0.000180798 0.00140998 0.00443502 0.00904521 0.0148986 0.0216932 0.0290523 0.0365394 0.0436969 0.0500851 0.0553205 0.0591066 0.0612562 0.0617027 0.0604974 0.0577963 0.0538393 0.0489222 0.0433668 0.0374927 0.0315925 0.0259141 0.0206488 0.0159263 0.011816 0.00833286 0.00545517 0.00317409 0.00154462 0.000599029 0.000184858 4.71341e-05 1.03586e-05 2.01519e-06 3.49808e-07 5.35881e-08 6.97367e-09 6.9744e-10 3.83319e-11 0 
0 0.000195189 0.00150014 0.00465482 0.0094284 0.015485 0.0225161 0.030132 0.0378816 0.0452915 0.0519071 0.0573312 0.0612562 0.0634881 0.0639579 0.0627185 0.0599301 0.05584 0.0507544 0.0450065 0.038927 0.0328193 0.0269402 0.0214884 0.016599 0.0123446 0.00874118 0.00576448 0.00339611 0.00168202 0.000664582 0.000208077 5.35169e-05 1.18126e-05 2.30246e-06 4.00001e-07 6.13059e-08 7.98246e-09 7.99072e-10 4.39839e-11 0 
0 0.000198471 0.0015197 0.00470031 0.00950563 0.0156019 0.0226795 0.0303466 0.0381497 0.0456122 0.0522769 0.0577437 0.0617027 0.0639579 0.0644397 0.0632008 0.0604016 0.0562903 0.0511748 0.0453906 0.0392704 0.0331199 0.0271981 0.0217054 0.0167785 0.0124909 0.00885934 0.00585899 0.00346858 0.00173033 0.000689425 0.000217496 5.62679e-05 1.24755e-05 2.44101e-06 4.25657e-07 6.5502e-08 8.56821e-09 8.62337e-10 4.77674e-11 0 
0 0.00019068 0.00147005 0.00457667 0.00928646 0.0152638 0.022204 0.0297233 0.0373771 0.0446985 0.0512391 0.0566067 0.0604974 0.0627185 0.0632008 0.061995 0.0592584 0.0552341 0.0502234 0.0445546 0.0385541 0.0325215 0.026711 0.0213195 0.0164814 0.0122691 0.00869922 0.00574826 0.00339777 0.00169201 0.000673738 0.000212894 5.52914e-05 1.23277e-05 2.42873e-06 4.26936e-07 6.63079e-08 8.76515e-09 8.92668e-10 5.01056e-11 0 
0 0.000173305 0.00135873 0.0042997 0.00879849 0.014514 0.0211506 0.028342 0.0356633 0.0426682 0.0489279 0.0540674 0.0577963 0.0599301 0.0604016 0.0592584 0.0566509 0.0528115 0.0480274 0.042612 0.0368769 0.0311086 0.0255502 0.0203899 0.0157561 0.0117184 0.00829236 0.00545765 0.00320384 0.00158138 0.000625278 0.000197286 5.14753e-05 1.15846e-05 2.31148e-06 4.12576e-07 6.52058e-08 8.78827e-09 9.14082e-10 5.24697e-11 0 
0 0.000148941 0.00119834 0.00389376 0.00808344 0.0134176 0.0196118 0.0263246 0.0331599 0.0397012 0.0455483 0.0503513 0.0538393 0.05584 0.0562903 0.0552341 0.0528115 0.0492388 0.0447835 0.0397375 0.0343913 0.0290117 0.0238252 0.0190071 0.014677 0.0108989 0.00768755 0.00502727 0.00292007 0.00142323 0.000558022 0.000176248 4.64903e-05 1.06567e-05 2.17691e-06 3.99216e-07 6.49836e-08 9.03378e-09 9.69642e-10 5.74098e-11 0 
0 0.000120806 0.00100523 0.00338974 0.0071924 0.0120546 0.0177012 0.0238208 0.030053 0.0360184 0.0413523 0.0457359 0.0489222 0.0507544 0.0511748 0.0502234 0.0480274 0.0447835 0.0407352 0.0361478 0.0312858 0.0263918 0.0216716 0.017284 0.0133368 0.0098871 0.00694811 0.00451123 0.00259241 0.00125124 0.000490259 0.000156949 4.2506e-05 1.00913e-05 2.14538e-06 4.10235e-07 6.96034e-08 1.00639e-08 1.11962e-09 6.84094e-11 0 
0 9.2191e-05 0.000798036 0.00282332 0.00618101 0.0105114 0.0155416 0.0209929 0.0265449 0.0318602 0.0366141 0.0405229 0.0433668 0.0450065 0.0453906 0.0445546 0.042612 0.0397375 0.0361478 0.0320791 0.0277663 0.023425 0.0192375 0.015344 0.0118384 0.00876962 0.00614941 0.00397715 0.00227873 0.00110581 0.000442857 0.000147494 4.20508e-05 1.05544e-05 2.36844e-06 4.7555e-07 8.41194e-08 1.25814e-08 1.43672e-09 8.94702e-11 0 
0 6.5931e-05 0.000595665 0.00223362 0.00510561 0.00887297 0.0132545 0.0180013 0.0228357 0.0274645 0.0316055 0.0350118 0.0374927 0.038927 0.0392704 0.0385541 0.0368769 0.0343913 0.0312858 0.0277663 0.0240373 0.0202861 0.0166707 0.0133112 0.0102871 0.00763852 0.00537641 0.00350479 0.00204613 0.0010316 0.00043864 0.000157161 4.81996e-05 1.28874e-05 3.03864e-06 6.32235e-07 1.14491e-07 1.73582e-08 1.99391e-09 1.24178e-10 0 
0 4.39891e-05 0.000414821 0.0016619 0.00402161 0.00721674 0.0109498 0.0149925 0.0191084 0.0230491 0.0265752 0.029477 0.0315925 0.0328193 0.0331199 0.0325215 0.0311086 0.0290117 0.0263918 0.023425 0.0202861 0.0171351 0.0141059 0.0112997 0.00878228 0.00658642 0.0047207 0.00318142 0.00196527 0.00107537 0.000503631 0.000197747 6.50899e-05 1.82114e-05 4.39709e-06 9.2228e-07 1.66609e-07 2.50298e-08 2.83724e-09 1.73951e-10 0 
0 2.72567e-05 0.000267349 0.00114868 0.00298465 0.00560992 0.00871965 0.0120889 0.0155167 0.0187976 0.0217333 0.0241503 0.0259141 0.0269402 0.0271981 0.026711 0.0255502 0.0238252 0.0216716 0.0192375 0.0166707 0.0141059 0.0116561 0.00940665 0.00741391 0.00570803 0.00428844 0.00311447 0.00212593 0.00130108 0.000677048 0.000287889 9.89843e-05 2.8016e-05 6.70529e-06 1.37991e-06 2.43457e-07 3.5657e-08 3.93964e-09 2.3559e-10 0 
0 1.56195e-05 0.000158263 0.000727649 0.00205265 0.00411241 0.0066348 0.00938344 0.0121781 0.0148508 0.0172416 0.0192104 0.0206488 0.0214884 0.0217054 0.0213195 0.0203899 0.0190071 0.017284 0.015344 0.0133112 0.0112997 0.00940665 0.0077093 0.0062719 0.00514867 0.004338 0.003688 0.00293847 0.00200771 0.00111067 0.000483469 0.00016435 4.47324e-05 1.01944e-05 2.00483e-06 3.401e-07 4.81075e-08 5.14995e-09 2.9923e-10 0 
0 8.25031e-06 8.55433e-05 0.000417195 0.00128233 0.00278567 0.00475052 0.00693852 0.0091702 0.0113028 0.0132089 0.0147785 0.0159263 0.016599 0.0167785 0.0164814 0.0157561 0.014677 0.0133368 0.0118384 0.0102871 0.00878228 0.00741391 0.0062719 0.00549584 0.00534567 0.00601626 0.00692731 0.0067063 0.00487311 0.00258652 0.00102426 0.000311304 7.49299e-05 1.51998e-05 2.74126e-06 4.39291e-07 5.96679e-08 6.17995e-09 3.48937e-10 0 
0 4.00782e-06 4.20669e-05 0.000214562 0.00071366 0.001698 0.00312258 0.00479632 0.00653493 0.00820215 0.00969199 0.0109184 0.011816 0.0123446 0.0124909 0.0122691 0.0117184 0.0108989 0.0098871 0.00876962 0.00763852 0.00658642 0.00570803 0.00514867 0.00534567 0.00745749 0.0125192 0.018337 0.0196065 0.0144696 0.00730514 0.00257703 0.000667657 0.000133912 2.2474e-05 3.49215e-06 5.13587e-07 6.65773e-08 6.6817e-09 3.67769e-10 0 
0 1.78865e-06 1.88022e-05 9.86176e-05 0.000349077 0.000906563 0.00182223 0.00300462 0.00429764 0.00556409 0.00670359 0.00764353 0.00833286 0.00874118 0.00885934 0.00869922 0.00829236 0.00768755 0.00694811 0.00614941 0.00537641 0.0047207 0.00428844 0.004338 0.00601626 0.0125192 0.0264838 0.0422751 0.0466419 0.0343683 0.0170653 0.00572739 0.00134179 0.000231978 3.20752e-05 4.10874e-06 5.35559e-07 6.57392e-08 6.41545e-09 3.46128e-10 0 
0 7.33375e-07 7.64742e-06 4.05723e-05 0.000149516 0.000416442 0.000912902 0.00163689 0.00250526 0.00340545 0.00423993 0.00493846 0.00545517 0.00576448 0.00585899 0.00574826 0.00545765 0.00502727 0.00451123 0.00397715 0.00350479 0.00318142 0.00311447 0.003688 0.00692731 0.018337 0.0422751 0.0691185 0.0762988 0.0568054 0.0280022 0.00925055 0.00207754 0.000330682 3.99545e-05 4.29346e-06 4.89259e-07 5.66652e-08 5.4093e-09 2.88208e-10 0 
0 2.76476e-07 2.83793e-06 1.50193e-05 5.63964e-05 0.000164266 0.000385301 0.000747524 0.00123415 0.00178716 0.00233408 0.00281141 0.00317409 0.00339611 0.00346858 0.00339777 0.00320384 0.00292007 0.00259241 0.00227873 0.00204613 0.00196527 0.00212593 0.00293847 0.0067063 0.0196065 0.0466419 0.0762988 0.083117 0.0634565 0.0310403 0.0102023 0.00225703 0.000345965 3.88339e-05 3.71687e-06 3.80717e-07 4.21048e-08 3.97208e-09 2.10898e-10 0 
0 9.59474e-08 9.63931e-07 5.03644e-06 1.89384e-05 5.62991e-05 0.000137553 0.000282556 0.000497707 0.000767444 0.00105784 0.00132863 0.00154462 0.00168202 0.00173033 0.00169201 0.00158138 0.00142323 0.00125124 0.00110581 0.0010316 0.00107537 0.00130108 0.00200771 0.00487311 0.0144696 0.0343683 0.0568054 0.0634565 0.0466098 0.0229963 0.00755539 0.00166613 0.000251994 2.74347e-05 2.49975e-06 2.44696e-07 2.6686e-08 2.5266e-09 1.35051e-10 0 
0 3.06864e-08 3.00559e-07 1.53951e-06 5.72774e-06 1.70602e-05 4.23793e-05 8.97736e-05 0.000164806 0.000266107 0.00038354 0.00050052 0.000599029 0.000664582 0.000689425 0.000673738 0.000625278 0.000558022 0.000490259 0.000442857 0.00043864 0.000503631 0.000677048 0.00111067 0.00258652 0.00730514 0.0170653 0.0280022 0.0310403 0.0229963 0.011357 0.00374051 0.000828048 0.000125365 1.36762e-05 1.26521e-06 1.27791e-07 1.43602e-08 1.38931e-09 7.553e-11 0 
0 9.05015e-09 8.62103e-08 4.31023e-07 1.57475e-06 4.64377e-06 1.15318e-05 2.46665e-05 4.61291e-05 7.63347e-05 0.000113015 0.000151273 0.000184858 0.000208077 0.000217496 0.000212894 0.000197286 0.000176248 0.000156949 0.000147494 0.000157161 0.000197747 0.000287889 0.000483469 0.00102426 0.00257703 0.00572739 0.00925055 0.0102023 0.00755539 0.00374051 0.00123981 0.00027704 4.25598e-05 4.82327e-06 4.8635e-07 5.4716e-08 6.58564e-09 6.61049e-10 3.68842e-11 0 
0 2.45999e-09 2.27619e-08 1.10815e-07 3.95885e-07 1.14786e-06 2.82095e-06 6.01241e-06 1.12755e-05 1.88072e-05 2.81555e-05 3.81454e-05 4.71341e-05 5.35169e-05 5.62679e-05 5.52914e-05 5.14753e-05 4.64903e-05 4.2506e-05 4.20508e-05 4.81996e-05 6.50899e-05 9.89843e-05 0.00016435 0.000311304 0.000667657 0.00134179 0.00207754 0.00225703 0.00166613 0.000828048 0.00027704 6.29537e-05 1.00552e-05 1.25218e-06 1.49473e-07 1.97833e-08 2.59777e-09 2.7291e-10 1.57374e-11 0 
0 6.14758e-10 5.52308e-09 2.61562e-08 9.1177e-08 2.59002e-07 6.26526e-07 1.32089e-06 2.46199e-06 4.09834e-06 6.14261e-06 8.34864e-06 1.03586e-05 1.18126e-05 1.24755e-05 1.23277e-05 1.15846e-05 1.06567e-05 1.00913e-05 1.05544e-05 1.28874e-05 1.82114e-05 2.8016e-05 4.47324e-05 7.49299e-05 0.000133912 0.000231978 0.000330682 0.000345965 0.000251994 0.000125365 4.25598e-05 1.00552e-05 1.76005e-06 2.62644e-07 3.97169e-08 6.2268e-09 8.88651e-10 9.79859e-11 5.86793e-12 0 
0 1.4044e-10 1.2254e-09 5.6445e-09 1.91848e-08 5.33072e-08 1.26598e-07 2.63054e-07 4.85092e-07 8.0174e-07 1.1967e-06 1.62375e-06 2.01519e-06 2.30246e-06 2.44101e-06 2.42873e-06 2.31148e-06 2.17691e-06 2.14538e-06 2.36844e-06 3.03864e-06 4.39709e-06 6.70529e-06 1.01944e-05 1.51998e-05 2.2474e-05 3.20752e-05 3.99545e-05 3.88339e-05 2.74347e-05 1.36762e-05 4.82327e-06 1.25218e-06 2.62644e-07 5.07248e-08 9.65957e-09 1.72733e-09 2.6428e-10 3.05872e-11 1.90813e-12 0 
0 2.89991e-11 2.45915e-10 1.10234e-09 3.65367e-09 9.92665e-09 2.31221e-08 4.72779e-08 8.60765e-08 1.40902e-07 2.08911e-07 2.82317e-07 3.49808e-07 4.00001e-07 4.25657e-07 4.26936e-07 4.12576e-07 3.99216e-07 4.10235e-07 4.7555e-07 6.32235e-07 9.2228e-07 1.37991e-06 2.00483e-06 2.74126e-06 3.49215e-06 4.10874e-06 4.29346e-06 3.71687e-06 2.49975e-06 1.26521e-06 4.8635e-07 1.49473e-07 3.97169e-08 9.65957e-09 2.14707e-09 4.19164e-10 6.79842e-11 8.25427e-12 5.37322e-13 0 
0 5.29568e-12 4.369e-11 1.90762e-10 6.17008e-10 1.63971e-09 3.74597e-09 7.53402e-09 1.35323e-08 2.19178e-08 3.22446e-08 4.33533e-08 5.35881e-08 6.13059e-08 6.5502e-08 6.63079e-08 6.52058e-08 6.49836e-08 6.96034e-08 8.41194e-08 1.14491e-07 1.66609e-07 2.43457e-07 3.401e-07 4.39291e-07 5.13587e-07 5.35559e-07 4.89259e-07 3.80717e-07 2.44696e-07 1.27791e-07 5.4716e-08 1.97833e-08 6.2268e-09 1.72733e-09 4.19164e-10 8.71264e-11 1.48883e-11 1.89474e-12 1.28775e-13 0 
0 8.18259e-13 6.57569e-12 2.79994e-11 8.84665e-11 2.30147e-10 5.15945e-10 1.02095e-09 1.8091e-09 2.8986e-09 4.22987e-09 5.65648e-09 6.97367e-09 7.98246e-09 8.56821e-09 8.76515e-09 8.78827e-09 9.03378e-09 1.00639e-08 1.25814e-08 1.73582e-08 2.50298e-08 3.5657e-08 4.81075e-08 5.96679e-08 6.65773e-08 6.57392e-08 5.66652e-08 4.21048e-08 2.6686e-08 1.43602e-08 6.58564e-09 2.59777e-09 8.88651e-10 2.6428e-10 6.79842e-11 1.48883e-11 2.67105e-12 3.55834e-13 2.52401e-14 0 
0 9.64473e-14 7.55984e-13 3.14335e-12 9.71372e-12 2.47638e-11 5.45234e-11 1.06215e-10 1.85755e-10 2.94491e-10 4.26327e-10 5.67091e-10 6.9744e-10 7.99072e-10 8.62337e-10 8.92668e-10 9.14082e-10 9.69642e-10 1.11962e-09 1.43672e-09 1.99391e-09 2.83724e-09 3.93964e-09 5.14995e-09 6.17995e-09 6.6817e-09 6.41545e-09 5.4093e-09 3.97208e-09 2.5266e-09 1.38931e-09 6.61049e-10 2.7291e-10 9.79859e-11 3.05872e-11 8.25427e-12 1.89474e-12 3.55834e-13 4.95301e-14 3.66266e-15 0 
0 6.18948e-15 4.73861e-14 1.92666e-13 5.8308e-13 1.4584e-12 3.15679e-12 6.05918e-12 1.0465e-11 1.64243e-11 2.35969e-11 3.12321e-11 3.83319e-11 4.39839e-11 4.77674e-11 5.01056e-11 5.24697e-11 5.74098e-11 6.84094e-11 8.94702e-11 1.24178e-10 1.73951e-10 2.3559e-10 2.9923e-10 3.48937e-10 3.67769e-10 3.46128e-10 2.88208e-10 2.10898e-10 1.35051e-10 7.553e-11 3.68842e-11 1.57374e-11 5.86793e-12 1.90813e-12 5.37322e-13 1.28775e-13 2.52401e-14 3.66266e-15 2.81918e-16 0 
0 0 0 0 0 0 0 0 0 0 0 0 0 0 0 0 0 0 0 0 0 0 0 0 0 0 0 0 0 0 0 0 0 0 0 0 0 0 0 0 0 
