0 0 0 0 0 0 0 0 0 0 0 0 0 0 0 0 0 0 0 0 0 0 0 0 0 0 0 0 0 0 0 0 0 0 0 0 0 0 0 0 0 
0 4.53615e-07 4.0265e-06 1.76198e-05 5.27762e-05 0.000120851 0.000225609 0.000360301 0.000511012 0.000661982 0.00079924 0.000912076 0.000993247 0.00103872 0.00104731 0.00102032 0.000961204 0.000875178 0.000768847 0.000649804 0.000526175 0.000406032 0.000296656 0.000203692 0.000130383 7.71693e-05 4.19136e-05 2.07601e-05 9.336e-06 3.803e-06 1.40231e-06 4.68212e-07 1.41582e-07 3.87305e-08 9.54593e-09 2.09975e-09 4.04025e-10 6.51722e-11 7.9579e-12 5.25711e-13 0 
0 4.0265e-06 3.64438e-05 0.00015643 0.000439327 0.000912381 0.00152764 0.00220577 0.00287976 0.00350329 0.00404362 0.00447604 0.00478249 0.00495228 0.00498271 0.00487909 0.00465385 0.00432483 0.00391337 0.00344225 0.00293432 0.00241194 0.00189751 0.00141432 0.00098611 0.000633983 0.000370484 0.00019442 9.08987e-05 3.77574e-05 1.39557e-05 4.60848e-06 1.36537e-06 3.63798e-07 8.70525e-08 1.85651e-08 3.46311e-09 5.41971e-10 6.42864e-11 4.13197e-12 0 
0 1.76198e-05 0.00015643 0.000619731 0.00153031 0.00277726 0.00417948 0.0056239 0.00704064 0.00836437 0.009528 0.0104702 0.0111431 0.0115172 0.0115836 0.0113534 0.0108557 0.0101332 0.00923746 0.00822375 0.00714544 0.00604939 0.00497276 0.00394294 0.00298197 0.00211484 0.00137551 0.000800617 0.000408378 0.000180421 6.9006e-05 2.30269e-05 6.77541e-06 1.77303e-06 4.1406e-07 8.59156e-08 1.55777e-08 2.37022e-09 2.73623e-10 1.7141e-11 0 
0 5.27762e-05 0.000439327 0.00153031 0.00328759 0.00541747 0.00775845 0.0102168 0.0126761 0.0150002 0.0170545 0.0187221 0.0199144 0.0205775 0.020695 0.0202866 0.0194038 0.0181235 0.0165386 0.0147497 0.0128564 0.0109489 0.00910229 0.00737073 0.00578505 0.00435587 0.00308781 0.00200206 0.00114577 0.000560616 0.000230788 8.02251e-05 2.39259e-05 6.2285e-06 1.43109e-06 2.90483e-07 5.13953e-08 7.62675e-09 8.59149e-10 5.2579e-11 0 
0 0.000120851 0.000912381 0.00277726 0.00541747 0.00855904 0.0120881 0.0158466 0.0196258 0.0232032 0.0263673 0.0289364 0.0307735 0.0317953 0.0319761 0.0313466 0.0299862 0.0280133 0.0255717 0.0228168 0.0199028 0.0169708 0.0141409 0.0115051 0.00912402 0.00702322 0.00519545 0.00361742 0.0022875 0.0012539 0.000571915 0.000213642 6.6157e-05 1.74086e-05 3.9755e-06 7.94707e-07 1.37873e-07 2.00294e-08 2.20866e-09 1.32411e-10 0 
0 0.000225609 0.00152764 0.00417948 0.00775845 0.0120881 0.0170105 0.02227 0.0275628 0.0325742 0.037007 0.0406068 0.0431827 0.044618 0.0448725 0.0439872 0.0420782 0.039313 0.0358921 0.0320328 0.027951 0.0238453 0.0198845 0.0162002 0.0128831 0.00998166 0.00750097 0.00540519 0.00364045 0.00218997 0.00111089 0.000454968 0.00014954 4.04428e-05 9.28086e-06 1.84051e-06 3.14743e-07 4.49462e-08 4.86821e-09 2.86749e-10 0 
0 0.000360301 0.00220577 0.0056239 0.0102168 0.0158466 0.02227 0.0291377 0.0360501 0.0425957 0.0483936 0.0531823 0.0569157 0.0593108 0.059777 0.0582325 0.0552542 0.0514378 0.0469331 0.041889 0.0365581 0.0311965 0.0260249 0.021216 0.0168898 0.0131147 0.00990887 0.0072418 0.00503973 0.00322374 0.00178652 0.000803995 0.000284338 8.0146e-05 1.86728e-05 3.69968e-06 6.26847e-07 8.83523e-08 9.43196e-09 5.47494e-10 0 
0 0.000511012 0.00287976 0.00704064 0.0126761 0.0196258 0.0275628 0.0360501 0.0445935 0.052705 0.0602776 0.068179 0.0748066 0.0783139 0.0789403 0.0769174 0.0720255 0.0650352 0.0582367 0.0518237 0.0452227 0.0385964 0.0322057 0.0262638 0.02092 0.01626 0.0123117 0.00904948 0.00639641 0.00424052 0.00250363 0.00122309 0.000466537 0.000138213 3.29529e-05 6.56226e-06 1.10669e-06 1.54539e-07 1.63136e-08 9.35912e-10 0 
0 0.000661982 0.00350329 0.00836437 0.0150002 0.0232032 0.0325742 0.0425957 0.052705 0.0628678 0.0748424 0.0837412 0.0880326 0.0899869 0.090363 0.0892995 0.0865167 0.0809386 0.0712126 0.0615152 0.0534438 0.0456046 0.0380589 0.0310439 0.0247357 0.0192363 0.0145805 0.0107444 0.00765042 0.00517257 0.00318304 0.00165721 0.000676972 0.000211145 5.17419e-05 1.04003e-05 1.75219e-06 2.43199e-07 2.54614e-08 1.4476e-09 0 
0 0.00079924 0.00404362 0.009528 0.0170545 0.0263673 0.037007 0.0483936 0.0602776 0.0748424 0.0860546 0.0913875 0.0942754 0.095702 0.0960008 0.0952458 0.0933194 0.0898101 0.0835392 0.0721076 0.0609275 0.0518139 0.0432376 0.035273 0.0281114 0.0218689 0.0165857 0.0122378 0.00874544 0.00597638 0.00377363 0.00205628 0.000888404 0.000290467 7.31939e-05 1.48809e-05 2.51084e-06 3.4729e-07 3.61514e-08 2.04189e-09 0 
0 0.000912076 0.00447604 0.0104702 0.0187221 0.0289364 0.0406068 0.0531823 0.068179 0.0837412 0.0913875 0.0954996 0.0978797 0.0990964 0.0993646 0.0987374 0.0971439 0.0943424 0.0897077 0.0813791 0.0680465 0.0569244 0.0474457 0.0387082 0.0308534 0.0240071 0.0182139 0.0134488 0.00962913 0.00661868 0.00424447 0.00238466 0.00107428 0.00036509 9.43113e-05 1.9393e-05 3.28144e-06 4.53163e-07 4.70023e-08 2.64301e-09 0 
0 0.000993247 0.00478249 0.0111431 0.0199144 0.0307735 0.0431827 0.0569157 0.0748066 0.0880326 0.0942754 0.0978797 0.100031 0.101149 0.101403 0.100838 0.0993996 0.0969084 0.0929249 0.0862693 0.0740543 0.0607896 0.0504626 0.0411663 0.0328155 0.0255371 0.0193789 0.0143149 0.0102597 0.00707424 0.0045771 0.00262076 0.00121424 0.000424336 0.000111734 2.31945e-05 3.93681e-06 5.43511e-07 5.62671e-08 3.15588e-09 0 
0 0.00103872 0.00495228 0.0115172 0.0205775 0.0317953 0.044618 0.0593108 0.0783139 0.0899869 0.095702 0.0990964 0.101149 0.102224 0.102472 0.101934 0.100565 0.0982062 0.0944876 0.0884587 0.0773961 0.0631493 0.0521507 0.0425358 0.0339088 0.0263899 0.0200284 0.0147979 0.0106112 0.0073277 0.00476214 0.0027539 0.00129587 0.00046031 0.000122649 2.56226e-05 4.36012e-06 6.02268e-07 6.23211e-08 3.49231e-09 0 
0 0.00104731 0.00498271 0.0115836 0.020695 0.0319761 0.0448725 0.059777 0.0789403 0.090363 0.0960008 0.0993646 0.101403 0.102472 0.10272 0.102186 0.100827 0.0984878 0.0948085 0.0888715 0.0780068 0.0636006 0.0524553 0.0427824 0.0341061 0.0265443 0.0201465 0.0148862 0.010676 0.00737536 0.00479834 0.00278179 0.00131443 0.000469128 0.00012549 2.62848e-05 4.48012e-06 6.19509e-07 6.41561e-08 3.59756e-09 0 
0 0.00102032 0.00487909 0.0113534 0.0202866 0.0313466 0.0439872 0.0582325 0.0769174 0.0892995 0.0952458 0.0987374 0.100838 0.101934 0.102186 0.101636 0.100234 0.0978131 0.093975 0.0876755 0.0760466 0.0621116 0.0514217 0.0419467 0.03344 0.0260257 0.0197526 0.0145944 0.0104652 0.00722548 0.00469218 0.00270891 0.00127191 0.000451165 0.000120239 2.51592e-05 4.29137e-06 5.94379e-07 6.16814e-08 3.46669e-09 0 
0 0.000961204 0.00465385 0.0108557 0.0194038 0.0299862 0.0420782 0.0552542 0.0720255 0.0865167 0.0933194 0.0971439 0.0993996 0.100565 0.100827 0.100234 0.0987252 0.0960972 0.0918398 0.0845195 0.0715081 0.0591201 0.0491924 0.0401354 0.0319956 0.0249007 0.0188974 0.0139603 0.0100058 0.00689722 0.00445723 0.00254575 0.00117619 0.000410652 0.000108339 2.25819e-05 3.85296e-06 5.35011e-07 5.57218e-08 3.14473e-09 0 
0 0.000875178 0.00432483 0.0101332 0.0181235 0.0280133 0.039313 0.0514378 0.0650352 0.0809386 0.0898101 0.0943424 0.0969084 0.0982062 0.0984878 0.0978131 0.0960972 0.0930488 0.0878838 0.0782672 0.0653105 0.0551059 0.0459675 0.0375068 0.0298993 0.023268 0.0176563 0.0130399 0.00933829 0.00641848 0.0041133 0.00230863 0.00104041 0.000354844 9.22808e-05 1.91376e-05 3.26846e-06 4.55748e-07 4.77404e-08 2.71183e-09 0 
0 0.000768847 0.00391337 0.00923746 0.0165386 0.0255717 0.0358921 0.0469331 0.0582367 0.0712126 0.0835392 0.0897077 0.0929249 0.0944876 0.0948085 0.093975 0.0918398 0.0878838 0.0805247 0.0689404 0.0590202 0.0502944 0.0419798 0.0342533 0.0273051 0.021248 0.0161212 0.0119016 0.00851176 0.00582372 0.00368639 0.00202035 0.000882415 0.000292892 7.50333e-05 1.55028e-05 2.65651e-06 3.7302e-07 3.94177e-08 2.26038e-09 0 
0 0.000649804 0.00344225 0.00822375 0.0147497 0.0228168 0.0320328 0.041889 0.0518237 0.0615152 0.0721076 0.0813791 0.0862693 0.0884587 0.0888715 0.0876755 0.0845195 0.0782672 0.0689404 0.0603971 0.0526024 0.0449013 0.0374818 0.0305835 0.0243797 0.0189711 0.014392 0.0106199 0.00758037 0.00515309 0.00321063 0.001712 0.000724018 0.000234509 5.945e-05 1.22959e-05 2.12337e-06 3.01447e-07 3.22466e-08 1.87236e-09 0 
0 0.000526175 0.00293432 0.00714544 0.0128564 0.0199028 0.027951 0.0365581 0.0452227 0.0534438 0.0609275 0.0680465 0.0740543 0.0773961 0.0780068 0.0760466 0.0715081 0.0653105 0.0590202 0.0526024 0.0459173 0.0392021 0.0327255 0.0267039 0.0212887 0.0165672 0.0125687 0.00927044 0.0066021 0.00445621 0.00273436 0.00142527 0.000589504 0.000188619 4.78201e-05 9.97592e-06 1.74482e-06 2.51213e-07 2.72491e-08 1.60292e-09 0 
0 0.000406032 0.00241194 0.00604939 0.0109489 0.0169708 0.0238453 0.0311965 0.0385964 0.0456046 0.0518139 0.0569244 0.0607896 0.0631493 0.0636006 0.0621116 0.0591201 0.0551059 0.0502944 0.0449013 0.0392021 0.0334705 0.0279431 0.0228047 0.0181848 0.0141584 0.0107498 0.00793592 0.00565193 0.0038081 0.00232942 0.00121184 0.000502517 0.000162145 4.16181e-05 8.79896e-06 1.55843e-06 2.26853e-07 2.48331e-08 1.47156e-09 0 
0 0.000296656 0.00189751 0.00497276 0.00910229 0.0141409 0.0198845 0.0260249 0.0322057 0.0380589 0.0432376 0.0474457 0.0504626 0.0521507 0.0524553 0.0514217 0.0491924 0.0459675 0.0419798 0.0374818 0.0327255 0.0279431 0.0233324 0.0190489 0.0152051 0.011874 0.0090839 0.00679774 0.00492191 0.00336938 0.0021009 0.00112348 0.000480512 0.000158905 4.13805e-05 8.8038e-06 1.56113e-06 2.26852e-07 2.47473e-08 1.45983e-09 0 
0 0.000203692 0.00141432 0.00394294 0.00737073 0.0115051 0.0162002 0.021216 0.0262638 0.0310439 0.035273 0.0387082 0.0411663 0.0425358 0.0427824 0.0419467 0.0401354 0.0375068 0.0342533 0.0305835 0.0267039 0.0228047 0.0190489 0.0155721 0.0125031 0.00998962 0.0081215 0.00671184 0.00532433 0.00377114 0.00231727 0.00122775 0.00053348 0.000179057 4.65779e-05 9.78641e-06 1.70605e-06 2.435e-07 2.61054e-08 1.51494e-09 0 
0 0.000130383 0.00098611 0.00298197 0.00578505 0.00912402 0.0128831 0.0168898 0.02092 0.0247357 0.0281114 0.0308534 0.0328155 0.0339088 0.0341061 0.03344 0.0319956 0.0298993 0.0273051 0.0243797 0.0212887 0.0181848 0.0152051 0.0125031 0.0103783 0.00941731 0.0100488 0.0112909 0.0108552 0.00792043 0.00431093 0.0018729 0.00070704 0.000223241 5.5756e-05 1.12784e-05 1.90113e-06 2.63532e-07 2.75372e-08 1.56219e-09 0 
0 7.71693e-05 0.000633983 0.00211484 0.00435587 0.00702322 0.00998166 0.0131147 0.01626 0.0192363 0.0218689 0.0240071 0.0255371 0.0263899 0.0265443 0.0260257 0.0249007 0.023268 0.021248 0.0189711 0.0165672 0.0141584 0.011874 0.00998962 0.00941731 0.0122463 0.0200692 0.0344409 0.0416648 0.0234218 0.0116709 0.00418968 0.00119328 0.000304771 6.74383e-05 1.26295e-05 2.02539e-06 2.71211e-07 2.7578e-08 1.52895e-09 0 
0 4.19136e-05 0.000370484 0.00137551 0.00308781 0.00519545 0.00750097 0.00990887 0.0123117 0.0145805 0.0165857 0.0182139 0.0193789 0.0200284 0.0201465 0.0197526 0.0188974 0.0176563 0.0161212 0.014392 0.0125687 0.0107498 0.0090839 0.0081215 0.0100488 0.0200692 0.0494367 0.0774098 0.0794769 0.0692202 0.0274906 0.00913779 0.00220089 0.000439455 7.98706e-05 1.31823e-05 1.97282e-06 2.54623e-07 2.52749e-08 1.37491e-09 0 
0 2.07601e-05 0.00019442 0.000800617 0.00200206 0.00361742 0.00540519 0.0072418 0.00904948 0.0107444 0.0122378 0.0134488 0.0143149 0.0147979 0.0148862 0.0145944 0.0139603 0.0130399 0.0119016 0.0106199 0.00927044 0.00793592 0.00679774 0.00671184 0.0112909 0.0344409 0.0774098 0.0852931 0.0862055 0.0820045 0.0597741 0.0147313 0.00333859 0.000575628 8.69358e-05 1.2363e-05 1.70371e-06 2.12212e-07 2.06971e-08 1.11228e-09 0 
0 9.336e-06 9.08987e-05 0.000408378 0.00114577 0.0022875 0.00364045 0.00503973 0.00639641 0.00765042 0.00874544 0.00962913 0.0102597 0.0106112 0.010676 0.0104652 0.0100058 0.00933829 0.00851176 0.00758037 0.0066021 0.00565193 0.00492191 0.00532433 0.0108552 0.0416648 0.0794769 0.0862055 0.0871257 0.0837984 0.0691334 0.0166621 0.00361155 0.000585354 7.87183e-05 9.91661e-06 1.27068e-06 1.54167e-07 1.49161e-08 7.988e-10 0 
0 3.803e-06 3.77574e-05 0.000180421 0.000560616 0.0012539 0.00218997 0.00322374 0.00424052 0.00517257 0.00597638 0.00661868 0.00707424 0.0073277 0.00737536 0.00722548 0.00689722 0.00641848 0.00582372 0.00515309 0.00445621 0.0038081 0.00336938 0.00377114 0.00792043 0.0234218 0.0692202 0.0820045 0.0837984 0.0783654 0.0437696 0.0120157 0.00266917 0.000426182 5.45518e-05 6.46251e-06 7.99843e-07 9.64692e-08 9.37636e-09 5.05214e-10 0 
0 1.40231e-06 1.39557e-05 6.9006e-05 0.000230788 0.000571915 0.00111089 0.00178652 0.00250363 0.00318304 0.00377363 0.00424447 0.0045771 0.00476214 0.00479834 0.00469218 0.00445723 0.0041133 0.00368639 0.00321063 0.00273436 0.00232942 0.0021009 0.00231727 0.00431093 0.0116709 0.0274906 0.0597741 0.0691334 0.0437696 0.0180532 0.00595632 0.00133744 0.000216586 2.78032e-05 3.32166e-06 4.19601e-07 5.1709e-08 5.11924e-09 2.8022e-10 0 
0 4.68212e-07 4.60848e-06 2.30269e-05 8.02251e-05 0.000213642 0.000454968 0.000803995 0.00122309 0.00165721 0.00205628 0.00238466 0.00262076 0.0027539 0.00278179 0.00270891 0.00254575 0.00230863 0.00202035 0.001712 0.00142527 0.00121184 0.00112348 0.00122775 0.0018729 0.00418968 0.00913779 0.0147313 0.0166621 0.0120157 0.00595632 0.00198845 0.00045906 7.72077e-05 1.04537e-05 1.35373e-06 1.8415e-07 2.37657e-08 2.42593e-09 1.36083e-10 0 
0 1.41582e-07 1.36537e-06 6.77541e-06 2.39259e-05 6.6157e-05 0.00014954 0.000284338 0.000466537 0.000676972 0.000888404 0.00107428 0.00121424 0.00129587 0.00131443 0.00127191 0.00117619 0.00104041 0.000882415 0.000724018 0.000589504 0.000502517 0.000480512 0.00053348 0.00070704 0.00119328 0.00220089 0.00333859 0.00361155 0.00266917 0.00133744 0.00045906 0.000110896 1.99725e-05 3.03573e-06 4.5418e-07 6.87278e-08 9.41417e-09 9.99208e-10 5.78449e-11 0 
0 3.87305e-08 3.63798e-07 1.77303e-06 6.2285e-06 1.74086e-05 4.04428e-05 8.0146e-05 0.000138213 0.000211145 0.000290467 0.00036509 0.000424336 0.00046031 0.000469128 0.000451165 0.000410652 0.000354844 0.000292892 0.000234509 0.000188619 0.000162145 0.000158905 0.000179057 0.000223241 0.000304771 0.000439455 0.000575628 0.000585354 0.000426182 0.000216586 7.72077e-05 1.99725e-05 4.06689e-06 7.40513e-07 1.31668e-07 2.21865e-08 3.231e-09 3.58243e-10 2.15138e-11 0 
0 9.54593e-09 8.70525e-08 4.1406e-07 1.43109e-06 3.9755e-06 9.28086e-06 1.86728e-05 3.29529e-05 5.17419e-05 7.31939e-05 9.43113e-05 0.000111734 0.000122649 0.00012549 0.000120239 0.000108339 9.22808e-05 7.50333e-05 5.945e-05 4.78201e-05 4.16181e-05 4.13805e-05 4.65779e-05 5.5756e-05 6.74383e-05 7.98706e-05 8.69358e-05 7.87183e-05 5.45518e-05 2.78032e-05 1.04537e-05 3.03573e-06 7.40513e-07 1.64515e-07 3.39223e-08 6.24081e-09 9.62483e-10 1.11726e-10 6.98416e-12 0 
0 2.09975e-09 1.85651e-08 8.59156e-08 2.90483e-07 7.94707e-07 1.84051e-06 3.69968e-06 6.56226e-06 1.04003e-05 1.48809e-05 1.9393e-05 2.31945e-05 2.56226e-05 2.62848e-05 2.51592e-05 2.25819e-05 1.91376e-05 1.55028e-05 1.22959e-05 9.97592e-06 8.79896e-06 8.8038e-06 9.78641e-06 1.12784e-05 1.26295e-05 1.31823e-05 1.2363e-05 9.91661e-06 6.46251e-06 3.32166e-06 1.35373e-06 4.5418e-07 1.31668e-07 3.39223e-08 7.73556e-09 1.52312e-09 2.47768e-10 3.01345e-11 1.96465e-12 0 
0 4.04025e-10 3.46311e-09 1.55777e-08 5.13953e-08 1.37873e-07 3.14743e-07 6.26847e-07 1.10669e-06 1.75219e-06 2.51084e-06 3.28144e-06 3.93681e-06 4.36012e-06 4.48012e-06 4.29137e-06 3.85296e-06 3.26846e-06 2.65651e-06 2.12337e-06 1.74482e-06 1.55843e-06 1.56113e-06 1.70605e-06 1.90113e-06 2.02539e-06 1.97282e-06 1.70371e-06 1.27068e-06 7.99843e-07 4.19601e-07 1.8415e-07 6.87278e-08 2.21865e-08 6.24081e-09 1.52312e-09 3.17288e-10 5.42849e-11 6.91602e-12 4.70578e-13 0 
0 6.51722e-11 5.41971e-10 2.37022e-09 7.62675e-09 2.00294e-08 4.49462e-08 8.83523e-08 1.54539e-07 2.43199e-07 3.4729e-07 4.53163e-07 5.43511e-07 6.02268e-07 6.19509e-07 5.94379e-07 5.35011e-07 4.55748e-07 3.7302e-07 3.01447e-07 2.51213e-07 2.26853e-07 2.26852e-07 2.435e-07 2.63532e-07 2.71211e-07 2.54623e-07 2.12212e-07 1.54167e-07 9.64692e-08 5.1709e-08 2.37657e-08 9.41417e-09 3.231e-09 9.62483e-10 2.47768e-10 5.42849e-11 9.74416e-12 1.29897e-12 9.22122e-14 0 
0 7.9579e-12 6.42864e-11 2.73623e-10 8.59149e-10 2.20866e-09 4.86821e-09 9.43196e-09 1.63136e-08 2.54614e-08 3.61514e-08 4.70023e-08 5.62671e-08 6.23211e-08 6.41561e-08 6.16814e-08 5.57218e-08 4.77404e-08 3.94177e-08 3.22466e-08 2.72491e-08 2.48331e-08 2.47473e-08 2.61054e-08 2.75372e-08 2.7578e-08 2.52749e-08 2.06971e-08 1.49161e-08 9.37636e-09 5.11924e-09 2.42593e-09 9.99208e-10 3.58243e-10 1.11726e-10 3.01345e-11 6.91602e-12 1.29897e-12 1.80869e-13 1.33817e-14 0 
0 5.25711e-13 4.13197e-12 1.7141e-11 5.2579e-11 1.32411e-10 2.86749e-10 5.47494e-10 9.35912e-10 1.4476e-09 2.04189e-09 2.64301e-09 3.15588e-09 3.49231e-09 3.59756e-09 3.46669e-09 3.14473e-09 2.71183e-09 2.26038e-09 1.87236e-09 1.60292e-09 1.47156e-09 1.45983e-09 1.51494e-09 1.56219e-09 1.52895e-09 1.37491e-09 1.11228e-09 7.988e-10 5.05214e-10 2.8022e-10 1.36083e-10 5.78449e-11 2.15138e-11 6.98416e-12 1.96465e-12 4.70578e-13 9.22122e-14 1.33817e-14 1.03025e-15 0 
0 0 0 0 0 0 0 0 0 0 0 0 0 0 0 0 0 0 0 0 0 0 0 0 0 0 0 0 0 0 0 0 0 0 0 0 0 0 0 0 0 
