0 0 0 0 0 0 0 0 0 0 0 0 0 0 0 0 0 0 0 0 0 0 0 0 0 0 0 0 0 0 0 0 0 0 0 0 0 0 0 0 0 
0 3.61634e-15 3.46535e-14 1.76394e-13 6.66709e-13 2.07172e-12 5.52561e-12 1.29225e-11 2.6807e-11 4.96569e-11 8.24742e-11 1.23154e-10 1.65674e-10 2.01147e-10 2.2079e-10 2.19515e-10 1.98089e-10 1.62618e-10 1.21758e-10 8.33777e-11 5.2375e-11 3.02749e-11 1.6156e-11 7.98572e-12 3.66818e-12 1.57087e-12 6.29096e-13 2.36276e-13 8.34347e-14 2.77596e-14 8.71516e-15 2.58357e-15 7.22772e-16 1.90346e-16 4.69262e-17 1.07107e-17 2.21524e-18 3.9731e-19 5.57096e-20 4.35645e-21 0 
0 3.46535e-14 3.43866e-13 1.81323e-12 7.09722e-12 2.28152e-11 6.2849e-11 1.51468e-10 3.22918e-10 6.12793e-10 1.03899e-09 1.5778e-09 2.15006e-09 2.6335e-09 2.90442e-09 2.88984e-09 2.5998e-09 2.12009e-09 1.57162e-09 1.06237e-09 6.57035e-10 3.73106e-10 1.95254e-10 9.45185e-11 4.24822e-11 1.77935e-11 6.96962e-12 2.56141e-12 8.85861e-13 2.89048e-13 8.9153e-14 2.60219e-14 7.18641e-15 1.87386e-15 4.58898e-16 1.04404e-16 2.15973e-17 3.88637e-18 5.4814e-19 4.31914e-20 0 
0 1.76394e-13 1.81323e-12 9.9106e-12 4.02006e-11 1.33802e-10 3.81006e-10 9.47077e-10 2.07675e-09 4.04051e-09 6.99846e-09 1.08151e-08 1.49364e-08 1.84649e-08 2.04685e-08 2.03867e-08 1.82881e-08 1.48168e-08 1.08758e-08 7.25779e-09 4.41987e-09 2.46608e-09 1.26587e-09 6.0033e-10 2.64143e-10 1.08278e-10 4.15177e-11 1.49473e-11 5.07025e-12 1.62538e-12 4.93615e-13 1.42236e-13 3.88992e-14 1.00789e-14 2.4616e-15 5.60559e-16 1.16457e-16 2.11042e-17 3.00324e-18 2.38956e-19 0 
0 6.66709e-13 7.09722e-12 4.02006e-11 1.68976e-10 5.82301e-10 1.7141e-09 4.39509e-09 9.91435e-09 1.97802e-08 3.50077e-08 5.50661e-08 7.70979e-08 9.62255e-08 1.07248e-07 1.06969e-07 9.57235e-08 7.70866e-08 5.60581e-08 3.69544e-08 2.21755e-08 1.2167e-08 6.13192e-09 2.85208e-09 1.23008e-09 4.94239e-10 1.85843e-10 6.56803e-11 2.19051e-11 6.91871e-12 2.07569e-12 5.92715e-13 1.61203e-13 4.16959e-14 1.02048e-14 2.33701e-15 4.89692e-16 8.96805e-17 1.29075e-17 1.03829e-18 0 
0 2.07172e-12 2.28152e-11 1.33802e-10 5.82301e-10 2.07601e-09 6.31318e-09 1.66883e-08 3.87089e-08 7.91673e-08 1.43137e-07 2.29154e-07 3.2527e-07 4.09935e-07 4.59525e-07 4.59193e-07 4.10174e-07 3.28586e-07 2.36959e-07 1.5448e-07 9.14621e-08 4.94197e-08 2.44945e-08 1.11948e-08 4.74275e-09 1.87234e-09 6.92304e-10 2.40933e-10 7.92834e-11 2.4772e-11 7.37495e-12 2.09735e-12 5.70333e-13 1.48083e-13 3.65159e-14 8.45115e-15 1.79321e-15 3.32799e-16 4.85128e-17 3.94566e-18 0 
0 5.52561e-12 6.2849e-11 3.81006e-10 1.7141e-09 6.31318e-09 1.98072e-08 5.3915e-08 1.28462e-07 2.69106e-07 4.96744e-07 8.09062e-07 1.16404e-06 1.48142e-06 1.6707e-06 1.67359e-06 1.49349e-06 1.19149e-06 8.53253e-07 5.51003e-07 3.22472e-07 1.71957e-07 8.40179e-08 3.78319e-08 1.57912e-08 6.14572e-09 2.24297e-09 7.71922e-10 2.51827e-10 7.82499e-11 2.32526e-11 6.62704e-12 1.8134e-12 4.75598e-13 1.18831e-13 2.79211e-14 6.01835e-15 1.13371e-15 1.67402e-16 1.37507e-17 0 
0 1.29225e-11 1.51468e-10 9.47077e-10 4.39509e-09 1.66883e-08 5.3915e-08 1.50859e-07 3.68678e-07 7.90055e-07 1.48739e-06 2.46273e-06 3.58983e-06 4.61289e-06 5.23518e-06 5.26058e-06 4.69502e-06 3.73569e-06 2.66146e-06 1.70613e-06 9.89452e-07 5.22155e-07 2.52286e-07 1.12314e-07 4.6369e-08 1.78687e-08 6.4687e-09 2.21365e-09 7.20344e-10 2.24099e-10 6.69477e-11 1.92631e-11 5.34237e-12 1.42451e-12 3.62531e-13 8.67949e-14 1.90402e-14 3.64118e-15 5.43945e-16 4.50269e-17 0 
0 2.6807e-11 3.22918e-10 2.07675e-09 9.91435e-09 3.87089e-08 1.28462e-07 3.68678e-07 9.22311e-07 2.0184e-06 3.87001e-06 6.50676e-06 9.60205e-06 1.24541e-05 1.42263e-05 1.43508e-05 1.28266e-05 1.01978e-05 7.24493e-06 4.62319e-06 2.66523e-06 1.39684e-06 6.70023e-07 2.96207e-07 1.21554e-07 4.66392e-08 1.68519e-08 5.77427e-09 1.88862e-09 5.93083e-10 1.79631e-10 5.26114e-11 1.48984e-11 4.06305e-12 1.0576e-12 2.58543e-13 5.77343e-14 1.11938e-14 1.68776e-15 1.40371e-16 0 
0 4.96569e-11 6.12793e-10 4.04051e-09 1.97802e-08 7.91673e-08 2.69106e-07 7.90055e-07 2.0184e-06 4.50136e-06 8.7741e-06 1.4958e-05 2.2323e-05 2.92086e-05 3.35861e-05 3.40405e-05 3.05183e-05 2.43007e-05 1.7266e-05 1.10053e-05 6.33124e-06 3.30972e-06 1.58374e-06 6.99058e-07 2.86896e-07 1.1036e-07 4.0109e-08 1.3879e-08 4.60493e-09 1.4737e-09 4.56767e-10 1.37326e-10 3.99772e-11 1.12033e-11 2.98977e-12 7.46491e-13 1.69445e-13 3.32212e-14 5.03903e-15 4.19594e-16 0 
0 8.24742e-11 1.03899e-09 6.99846e-09 3.50077e-08 1.43137e-07 4.96744e-07 1.48739e-06 3.87001e-06 8.7741e-06 1.73499e-05 2.99378e-05 4.51233e-05 5.95188e-05 6.88947e-05 7.02227e-05 6.32675e-05 5.05928e-05 3.60757e-05 2.30625e-05 1.33018e-05 6.97226e-06 3.34786e-06 1.48524e-06 6.14189e-07 2.38876e-07 8.8152e-08 3.1122e-08 1.05875e-08 3.48942e-09 1.11732e-09 3.47476e-10 1.04538e-10 3.01846e-11 8.26104e-12 2.10337e-12 4.83934e-13 9.56026e-14 1.45323e-14 1.20691e-15 0 
0 1.23154e-10 1.5778e-09 1.08151e-08 5.50661e-08 2.29154e-07 8.09062e-07 2.46273e-06 6.50676e-06 1.4958e-05 2.99378e-05 5.2189e-05 7.93336e-05 0.000105409 0.000122835 0.000126042 0.000114352 9.21122e-05 6.61756e-05 4.26296e-05 2.47851e-05 1.3107e-05 6.35996e-06 2.85871e-06 1.20209e-06 4.77591e-07 1.80985e-07 6.59702e-08 2.32823e-08 7.98685e-09 2.66484e-09 8.62306e-10 2.68898e-10 8.00239e-11 2.2422e-11 5.80363e-12 1.3482e-12 2.6725e-13 4.05423e-14 3.34499e-15 0 
0 1.65674e-10 2.15006e-09 1.49364e-08 7.70979e-08 3.2527e-07 1.16404e-06 3.58983e-06 9.60205e-06 2.2323e-05 4.51233e-05 7.93336e-05 0.000121489 0.000162521 0.000190716 0.000197238 0.000180583 0.000146988 0.000106837 6.97097e-05 4.1107e-05 2.20903e-05 1.09232e-05 5.02288e-06 2.17156e-06 8.92192e-07 3.51744e-07 1.34104e-07 4.96837e-08 1.79107e-08 6.26781e-09 2.11724e-09 6.8458e-10 2.0958e-10 5.99146e-11 1.56987e-11 3.66537e-12 7.2575e-13 1.09402e-13 8.93157e-15 0 
0 2.01147e-10 2.6335e-09 1.84649e-08 9.62255e-08 4.09935e-07 1.48142e-06 4.61289e-06 1.24541e-05 2.92086e-05 5.95188e-05 0.000105409 0.000162521 0.000218913 0.000258881 0.000270227 0.000250224 0.000206457 0.000152462 0.000101311 6.10077e-05 3.35934e-05 1.70964e-05 8.13625e-06 3.6642e-06 1.57895e-06 6.56913e-07 2.6541e-07 1.04327e-07 3.981e-08 1.46649e-08 5.17327e-09 1.73079e-09 5.43064e-10 1.5767e-10 4.16112e-11 9.71592e-12 1.91238e-12 2.85192e-13 2.29474e-14 0 
0 2.2079e-10 2.90442e-09 2.04685e-08 1.07248e-07 4.59525e-07 1.6707e-06 5.23518e-06 1.42263e-05 3.35861e-05 6.88947e-05 0.000122835 0.000190716 0.000258881 0.000308935 0.000326068 0.00030609 0.000256817 0.00019352 0.000131728 8.16245e-05 4.65001e-05 2.46429e-05 1.23042e-05 5.8598e-06 2.68954e-06 1.1979e-06 5.18949e-07 2.18178e-07 8.8485e-08 3.43287e-08 1.26189e-08 4.35091e-09 1.3921e-09 4.08214e-10 1.07908e-10 2.5062e-11 4.87942e-12 7.1665e-13 5.66078e-14 0 
0 2.19515e-10 2.88984e-09 2.03867e-08 1.06969e-07 4.59193e-07 1.67359e-06 5.26058e-06 1.43508e-05 3.40405e-05 7.02227e-05 0.000126042 0.000197238 0.000270227 0.000326068 0.000348807 0.000332877 0.000285021 0.000220209 0.00015456 9.94195e-05 5.92606e-05 3.31546e-05 1.7641e-05 9.03124e-06 4.48425e-06 2.16585e-06 1.01513e-06 4.58606e-07 1.97837e-07 8.06578e-08 3.07645e-08 1.08722e-08 3.52573e-09 1.0377e-09 2.73089e-10 6.27321e-11 1.2019e-11 1.73068e-12 1.33679e-13 0 
0 1.98089e-10 2.5998e-09 1.82881e-08 9.57235e-08 4.10174e-07 1.49349e-06 4.69502e-06 1.28266e-05 3.05183e-05 6.32675e-05 0.000114352 0.000180583 0.000250224 0.00030609 0.000332877 0.000324111 0.000284475 0.000226684 0.000165368 0.000111591 7.05264e-05 4.23121e-05 2.44012e-05 1.36506e-05 7.435e-06 3.93308e-06 2.0053e-06 9.74792e-07 4.46441e-07 1.90468e-07 7.49493e-08 2.69686e-08 8.80228e-09 2.58233e-09 6.7214e-10 1.518e-10 2.847e-11 4.00105e-12 3.01056e-13 0 
0 1.62618e-10 2.12009e-09 1.48168e-08 7.70866e-08 3.28586e-07 1.19149e-06 3.73569e-06 1.01978e-05 2.43007e-05 5.05928e-05 9.21122e-05 0.000146988 0.000206457 0.000256817 0.000285021 0.000284475 0.000257475 0.000213249 0.000163325 0.000117107 7.96859e-05 5.21414e-05 3.31428e-05 2.05581e-05 1.24159e-05 7.23928e-06 4.02398e-06 2.10229e-06 1.01832e-06 4.52042e-07 1.82226e-07 6.6246e-08 2.15901e-08 6.26529e-09 1.60156e-09 3.53404e-10 6.45357e-11 8.81236e-12 6.43613e-13 0 
0 1.21758e-10 1.57162e-09 1.08758e-08 5.60581e-08 2.36959e-07 8.53253e-07 2.66146e-06 7.24493e-06 1.7266e-05 3.60757e-05 6.61756e-05 0.000106837 0.000152462 0.00019352 0.000220209 0.000226684 0.000213249 0.000185434 0.000150994 0.000116778 8.69923e-05 6.3128e-05 4.48836e-05 3.12172e-05 2.10534e-05 1.3574e-05 8.22581e-06 4.60606e-06 2.34777e-06 1.07684e-06 4.41028e-07 1.60542e-07 5.17809e-08 1.47396e-08 3.6728e-09 7.86789e-10 1.39156e-10 1.83848e-11 1.29904e-12 0 
0 8.33777e-11 1.06237e-09 7.25779e-09 3.69544e-08 1.5448e-07 5.51003e-07 1.70613e-06 4.62319e-06 1.10053e-05 2.30625e-05 4.26296e-05 6.97097e-05 0.000101311 0.000131728 0.00015456 0.000165368 0.000163325 0.000150994 0.000132678 0.000112511 9.32667e-05 7.61468e-05 6.12274e-05 4.8095e-05 3.6364e-05 2.59582e-05 1.71307e-05 1.0245e-05 5.46234e-06 2.56765e-06 1.05811e-06 3.81736e-07 1.2064e-07 3.3382e-08 8.04561e-09 1.66259e-09 2.8337e-10 3.60837e-11 2.45974e-12 0 
0 5.2375e-11 6.57035e-10 4.41987e-09 2.21755e-08 9.14621e-08 3.22472e-07 9.89452e-07 2.66523e-06 6.33124e-06 1.33018e-05 2.47851e-05 4.1107e-05 6.10077e-05 8.16245e-05 9.94195e-05 0.000111591 0.000117107 0.000116778 0.000112511 0.000106279 9.93919e-05 9.22384e-05 8.44321e-05 7.5189e-05 6.38559e-05 5.04988e-05 3.62644e-05 2.31012e-05 1.28129e-05 6.11803e-06 2.50737e-06 8.8517e-07 2.70835e-07 7.21186e-08 1.66785e-08 3.30442e-09 5.40304e-10 6.61035e-11 4.33826e-12 0 
0 3.02749e-11 3.73106e-10 2.46608e-09 1.2167e-08 4.94197e-08 1.71957e-07 5.22155e-07 1.39684e-06 3.30972e-06 6.97226e-06 1.3107e-05 2.20903e-05 3.35934e-05 4.65001e-05 5.92606e-05 7.05264e-05 7.96859e-05 8.69923e-05 9.32667e-05 9.93919e-05 0.000105827 0.000112242 0.000117282 0.00011857 0.000113288 9.95942e-05 7.82964e-05 5.34718e-05 3.09106e-05 1.48807e-05 5.96015e-06 2.01266e-06 5.83729e-07 1.47283e-07 3.23645e-08 6.11119e-09 9.55097e-10 1.12026e-10 7.07043e-12 0 
0 1.6156e-11 1.95254e-10 1.26587e-09 6.13192e-09 2.44945e-08 8.40179e-08 2.52286e-07 6.70023e-07 1.58374e-06 3.34786e-06 6.35996e-06 1.09232e-05 1.70964e-05 2.46429e-05 3.31546e-05 4.23121e-05 5.21414e-05 6.3128e-05 7.61468e-05 9.22384e-05 0.000112242 0.000136198 0.000162429 0.000186678 0.00020232 0.000202001 0.000180003 0.000136824 8.4476e-05 4.09845e-05 1.55778e-05 4.77808e-06 1.24239e-06 2.85115e-07 5.82681e-08 1.03947e-08 1.54793e-09 1.73903e-10 1.05571e-11 0 
0 7.98572e-12 9.45185e-11 6.0033e-10 2.85208e-09 1.11948e-08 3.78319e-08 1.12314e-07 2.96207e-07 6.99058e-07 1.48524e-06 2.85871e-06 5.02288e-06 8.13625e-06 1.23042e-05 1.7641e-05 2.44012e-05 3.31428e-05 4.48836e-05 6.12274e-05 8.44321e-05 0.000117282 0.000162429 0.000221014 0.000291816 0.000371816 0.000449871 0.000488114 0.000434631 0.000293966 0.000144613 5.13579e-05 1.35881e-05 2.89052e-06 5.47323e-07 9.78349e-08 1.61077e-08 2.27351e-09 2.447e-10 1.43116e-11 0 
0 3.66818e-12 4.24822e-11 2.64143e-10 1.23008e-09 4.74275e-09 1.57912e-08 4.6369e-08 1.21554e-07 2.86896e-07 6.14189e-07 1.20209e-06 2.17156e-06 3.6642e-06 5.8598e-06 9.03124e-06 1.36506e-05 2.05581e-05 3.12172e-05 4.8095e-05 7.5189e-05 0.00011857 0.000186678 0.000291816 0.000459565 0.000741743 0.00116351 0.00155797 0.00158153 0.00113906 0.000565811 0.0001925 4.55155e-05 7.89535e-06 1.13492e-06 1.58811e-07 2.27248e-08 2.99449e-09 3.08807e-10 1.74556e-11 0 
0 1.57087e-12 1.77935e-11 1.08278e-10 4.94239e-10 1.87234e-09 6.14572e-09 1.78687e-08 4.66392e-08 1.1036e-07 2.38876e-07 4.77591e-07 8.92192e-07 1.57895e-06 2.68954e-06 4.48425e-06 7.435e-06 1.24159e-05 2.10534e-05 3.6364e-05 6.38559e-05 0.000113288 0.00020232 0.000371816 0.000741743 0.00158427 0.00310974 0.00473989 0.00511298 0.00376481 0.00186919 0.000623337 0.000140013 2.16793e-05 2.50333e-06 2.59418e-07 2.95143e-08 3.51028e-09 3.46048e-10 1.89888e-11 0 
0 6.29096e-13 6.96962e-12 4.15177e-11 1.85843e-10 6.92304e-10 2.24297e-09 6.4687e-09 1.68519e-08 4.0109e-08 8.8152e-08 1.80985e-07 3.51744e-07 6.56913e-07 1.1979e-06 2.16585e-06 3.93308e-06 7.23928e-06 1.3574e-05 2.59582e-05 5.04988e-05 9.95942e-05 0.000202001 0.000449871 0.00116351 0.00310974 0.00692122 0.0111371 0.0122604 0.00907317 0.00448842 0.00148117 0.000325697 4.80524e-05 4.94953e-06 4.07642e-07 3.54019e-08 3.64082e-09 3.41298e-10 1.82799e-11 0 
0 2.36276e-13 2.56141e-12 1.49473e-11 6.56803e-11 2.40933e-10 7.71922e-10 2.21365e-09 5.77427e-09 1.3879e-08 3.1122e-08 6.59702e-08 1.34104e-07 2.6541e-07 5.18949e-07 1.01513e-06 2.0053e-06 4.02398e-06 8.22581e-06 1.71307e-05 3.62644e-05 7.82964e-05 0.000180003 0.000488114 0.00155797 0.00473989 0.0111371 0.0182649 0.0202332 0.01499 0.0073992 0.00242858 0.000528892 7.64611e-05 7.48318e-06 5.41888e-07 3.77419e-08 3.30433e-09 2.93901e-10 1.54709e-11 0 
0 8.34347e-14 8.85861e-13 5.07025e-12 2.19051e-11 7.92834e-11 2.51827e-10 7.20344e-10 1.88862e-09 4.60493e-09 1.05875e-08 2.32823e-08 4.96837e-08 1.04327e-07 2.18178e-07 4.58606e-07 9.74792e-07 2.10229e-06 4.60606e-06 1.0245e-05 2.31012e-05 5.34718e-05 0.000136824 0.000434631 0.00158153 0.00511298 0.0122604 0.0202332 0.0224569 0.0166422 0.00820736 0.00268733 0.000582555 8.34622e-05 7.98965e-06 5.44337e-07 3.3218e-08 2.5676e-09 2.19287e-10 1.1454e-11 0 
0 2.77596e-14 2.89048e-13 1.62538e-12 6.91871e-12 2.4772e-11 7.82499e-11 2.24099e-10 5.93083e-10 1.4737e-09 3.48942e-09 7.98685e-09 1.79107e-08 3.981e-08 8.8485e-08 1.97837e-07 4.46441e-07 1.01832e-06 2.34777e-06 5.46234e-06 1.28129e-05 3.09106e-05 8.4476e-05 0.000293966 0.00113906 0.00376481 0.00907317 0.01499 0.0166422 0.0123331 0.00608059 0.00198908 0.000430277 6.14145e-05 5.83194e-06 3.88909e-07 2.26029e-08 1.6655e-09 1.40873e-10 7.39499e-12 0 
0 8.71516e-15 8.9153e-14 4.93615e-13 2.07569e-12 7.37495e-12 2.32526e-11 6.69477e-11 1.79631e-10 4.56767e-10 1.11732e-09 2.66484e-09 6.26781e-09 1.46649e-08 3.43287e-08 8.06578e-08 1.90468e-07 4.52042e-07 1.07684e-06 2.56765e-06 6.11803e-06 1.48807e-05 4.09845e-05 0.000144613 0.000565811 0.00186919 0.00448842 0.0073992 0.00820736 0.00608059 0.00299768 0.000980261 0.000211899 3.02352e-05 2.87509e-06 1.93213e-07 1.15466e-08 8.90696e-10 7.77337e-11 4.15861e-12 0 
0 2.58357e-15 2.60219e-14 1.42236e-13 5.92715e-13 2.09735e-12 6.62704e-12 1.92631e-11 5.26114e-11 1.37326e-10 3.47476e-10 8.62306e-10 2.11724e-09 5.17327e-09 1.26189e-08 3.07645e-08 7.49493e-08 1.82226e-07 4.41028e-07 1.05811e-06 2.50737e-06 5.96015e-06 1.55778e-05 5.13579e-05 0.0001925 0.000623337 0.00148117 0.00242858 0.00268733 0.00198908 0.000980261 0.000320518 6.93366e-05 9.92904e-06 9.56034e-07 6.70511e-08 4.49308e-09 3.96775e-10 3.69504e-11 2.03813e-12 0 
0 7.22772e-16 7.18641e-15 3.88992e-14 1.61203e-13 5.70333e-13 1.8134e-12 5.34237e-12 1.48984e-11 3.99772e-11 1.04538e-10 2.68898e-10 6.8458e-10 1.73079e-09 4.35091e-09 1.08722e-08 2.69686e-08 6.6246e-08 1.60542e-07 3.81736e-07 8.8517e-07 2.01266e-06 4.77808e-06 1.35881e-05 4.55155e-05 0.000140013 0.000325697 0.000528892 0.000582555 0.000430277 0.000211899 6.93366e-05 1.50538e-05 2.17977e-06 2.17158e-07 1.69062e-08 1.41314e-09 1.51162e-10 1.52192e-11 8.71701e-13 0 
0 1.90346e-16 1.87386e-15 1.00789e-14 4.16959e-14 1.48083e-13 4.75598e-13 1.42451e-12 4.06305e-12 1.12033e-11 3.01846e-11 8.00239e-11 2.0958e-10 5.43064e-10 1.3921e-09 3.52573e-09 8.80228e-09 2.15901e-08 5.17809e-08 1.2064e-07 2.70835e-07 5.83729e-07 1.24239e-06 2.89052e-06 7.89535e-06 2.16793e-05 4.80524e-05 7.64611e-05 8.34622e-05 6.14145e-05 3.02352e-05 9.92904e-06 2.17977e-06 3.25391e-07 3.53446e-08 3.42082e-09 3.90913e-10 5.04128e-11 5.45579e-12 3.25571e-13 0 
0 4.69262e-17 4.58898e-16 2.4616e-15 1.02048e-14 3.65159e-14 1.18831e-13 3.62531e-13 1.0576e-12 2.98977e-12 8.26104e-12 2.2422e-11 5.99146e-11 1.5767e-10 4.08214e-10 1.0377e-09 2.58233e-09 6.26529e-09 1.47396e-08 3.3382e-08 7.21186e-08 1.47283e-07 2.85115e-07 5.47323e-07 1.13492e-06 2.50333e-06 4.94953e-06 7.48318e-06 7.98965e-06 5.83194e-06 2.87509e-06 9.56034e-07 2.17158e-07 3.53446e-08 4.71701e-09 6.4904e-10 1.00325e-10 1.48059e-11 1.70227e-12 1.05994e-13 0 
0 1.07107e-17 1.04404e-16 5.60559e-16 2.33701e-15 8.45115e-15 2.79211e-14 8.67949e-14 2.58543e-13 7.46491e-13 2.10337e-12 5.80363e-12 1.56987e-11 4.16112e-11 1.07908e-10 2.73089e-10 6.7214e-10 1.60156e-09 3.6728e-09 8.04561e-09 1.66785e-08 3.23645e-08 5.82681e-08 9.78349e-08 1.58811e-07 2.59418e-07 4.07642e-07 5.41888e-07 5.44337e-07 3.88909e-07 1.93213e-07 6.70511e-08 1.69062e-08 3.42082e-09 6.4904e-10 1.26218e-10 2.36056e-11 3.79218e-12 4.59405e-13 2.98713e-14 0 
0 2.21524e-18 2.15973e-17 1.16457e-16 4.89692e-16 1.79321e-15 6.01835e-15 1.90402e-14 5.77343e-14 1.69445e-13 4.83934e-13 1.3482e-12 3.66537e-12 9.71592e-12 2.5062e-11 6.27321e-11 1.518e-10 3.53404e-10 7.86789e-10 1.66259e-09 3.30442e-09 6.11119e-09 1.03947e-08 1.61077e-08 2.27248e-08 2.95143e-08 3.54019e-08 3.77419e-08 3.3218e-08 2.26029e-08 1.15466e-08 4.49308e-09 1.41314e-09 3.90913e-10 1.00325e-10 2.36056e-11 4.86442e-12 8.29466e-13 1.05466e-13 7.16239e-15 0 
0 3.9731e-19 3.88637e-18 2.11042e-17 8.96805e-17 3.32799e-16 1.13371e-15 3.64118e-15 1.11938e-14 3.32212e-14 9.56026e-14 2.6725e-13 7.2575e-13 1.91238e-12 4.87942e-12 1.2019e-11 2.847e-11 6.45357e-11 1.39156e-10 2.8337e-10 5.40304e-10 9.55097e-10 1.54793e-09 2.27351e-09 2.99449e-09 3.51028e-09 3.64082e-09 3.30433e-09 2.5676e-09 1.6655e-09 8.90696e-10 3.96775e-10 1.51162e-10 5.04128e-11 1.48059e-11 3.79218e-12 8.29466e-13 1.4874e-13 1.9806e-14 1.40414e-15 0 
0 5.57096e-20 5.4814e-19 3.00324e-18 1.29075e-17 4.85128e-17 1.67402e-16 5.43945e-16 1.68776e-15 5.03903e-15 1.45323e-14 4.05423e-14 1.09402e-13 2.85192e-13 7.1665e-13 1.73068e-12 4.00105e-12 8.81236e-12 1.83848e-11 3.60837e-11 6.61035e-11 1.12026e-10 1.73903e-10 2.447e-10 3.08807e-10 3.46048e-10 3.41298e-10 2.93901e-10 2.19287e-10 1.40873e-10 7.77337e-11 3.69504e-11 1.52192e-11 5.45579e-12 1.70227e-12 4.59405e-13 1.05466e-13 1.9806e-14 2.75636e-15 2.03761e-16 0 
0 4.35645e-21 4.31914e-20 2.38956e-19 1.03829e-18 3.94566e-18 1.37507e-17 4.50269e-17 1.40371e-16 4.19594e-16 1.20691e-15 3.34499e-15 8.93157e-15 2.29474e-14 5.66078e-14 1.33679e-13 3.01056e-13 6.43613e-13 1.29904e-12 2.45974e-12 4.33826e-12 7.07043e-12 1.05571e-11 1.43116e-11 1.74556e-11 1.89888e-11 1.82799e-11 1.54709e-11 1.1454e-11 7.39499e-12 4.15861e-12 2.03813e-12 8.71701e-13 3.25571e-13 1.05994e-13 2.98713e-14 7.16239e-15 1.40414e-15 2.03761e-16 1.56815e-17 0 
0 0 0 0 0 0 0 0 0 0 0 0 0 0 0 0 0 0 0 0 0 0 0 0 0 0 0 0 0 0 0 0 0 0 0 0 0 0 0 0 0 
