0 0 0 0 0 0 0 0 0 0 0 0 0 0 0 0 0 0 0 0 0 0 0 0 0 0 0 0 0 0 0 0 0 0 0 0 0 0 0 0 0 
0 3.70933e-12 3.53801e-11 1.78532e-10 6.65793e-10 2.03081e-09 5.28868e-09 1.2014e-08 2.40929e-08 4.29698e-08 6.85028e-08 9.79938e-08 1.26193e-07 1.46709e-07 1.54378e-07 1.47383e-07 1.27936e-07 1.01182e-07 7.30534e-08 4.82457e-08 2.92051e-08 1.62405e-08 8.31589e-09 3.9308e-09 1.71971e-09 6.98193e-10 2.63729e-10 9.2903e-11 3.05825e-11 9.4222e-12 2.71906e-12 7.34843e-13 1.85686e-13 4.37086e-14 9.5174e-15 1.89318e-15 3.36232e-16 5.09611e-17 5.93847e-18 3.79553e-19 0 
0 3.53801e-11 3.50124e-10 1.83326e-09 7.08797e-09 2.23749e-08 6.01499e-08 1.40594e-07 2.8903e-07 5.26295e-07 8.53055e-07 1.23565e-06 1.60502e-06 1.87541e-06 1.97694e-06 1.8849e-06 1.62922e-06 1.27929e-06 9.14338e-07 5.96008e-07 3.5508e-07 1.93799e-07 9.71542e-08 4.48628e-08 1.91393e-08 7.56675e-09 2.78054e-09 9.52337e-10 3.04749e-10 9.1284e-11 2.56232e-11 6.74051e-12 1.65947e-12 3.81007e-13 8.10246e-14 1.57629e-14 2.7422e-15 4.07798e-16 4.67114e-17 2.94062e-18 0 
0 1.78532e-10 1.83326e-09 9.96266e-09 3.99426e-08 1.305e-07 3.62064e-07 8.70264e-07 1.83206e-06 3.40086e-06 5.59435e-06 8.18967e-06 1.07119e-05 1.25654e-05 1.32637e-05 1.26354e-05 1.08884e-05 8.50392e-06 6.02944e-06 3.88759e-06 2.28394e-06 1.22552e-06 6.02285e-07 2.71966e-07 1.13226e-07 4.36146e-08 1.55984e-08 5.19635e-09 1.61704e-09 4.71115e-10 1.28691e-10 3.29719e-11 7.91438e-12 1.7739e-12 3.68801e-13 7.0258e-14 1.19902e-14 1.75268e-15 1.97776e-16 1.2296e-17 0 
0 6.65793e-10 7.08797e-09 3.99426e-08 1.65887e-07 5.60193e-07 1.60113e-06 3.94777e-06 8.48285e-06 1.59885e-05 2.65714e-05 3.91337e-05 5.13402e-05 6.02981e-05 6.36772e-05 6.06669e-05 5.226e-05 4.07567e-05 2.87999e-05 1.84551e-05 1.0739e-05 5.68672e-06 2.74839e-06 1.21666e-06 4.95296e-07 1.86197e-07 6.49024e-08 2.10564e-08 6.37959e-09 1.80992e-09 4.81703e-10 1.20352e-10 2.8204e-11 6.18041e-12 1.25832e-12 2.35188e-13 3.94629e-14 5.68534e-15 6.34035e-16 3.90803e-17 0 
0 2.03081e-09 2.23749e-08 1.305e-07 5.60193e-07 1.94996e-06 5.72109e-06 1.44013e-05 3.13912e-05 5.96209e-05 9.92579e-05 0.000145838 0.000190541 0.000222999 0.0002352 0.000224462 0.00019418 0.000152269 0.000108121 6.9446e-05 4.03434e-05 2.12263e-05 1.0144e-05 4.42134e-06 1.76603e-06 6.49724e-07 2.21248e-07 7.00513e-08 2.07043e-08 5.73071e-09 1.48884e-09 3.63451e-10 8.33248e-11 1.78912e-11 3.57594e-12 6.57594e-13 1.08841e-13 1.55143e-14 1.71784e-15 1.05552e-16 0 
0 5.28868e-09 6.01499e-08 3.62064e-07 1.60113e-06 5.72109e-06 1.7136e-05 4.37109e-05 9.57066e-05 0.000180994 0.000297955 0.00043139 0.000555729 0.000643956 0.000676817 0.000648333 0.000566669 0.000451027 0.000325609 0.000212288 0.000124617 6.58334e-05 3.13743e-05 1.35522e-05 5.33788e-06 1.92944e-06 6.43966e-07 1.99557e-07 5.76916e-08 1.56197e-08 3.97157e-09 9.49832e-10 2.1364e-10 4.50869e-11 8.87742e-12 1.61261e-12 2.64523e-13 3.75133e-14 4.15123e-15 2.56222e-16 0 
0 1.2014e-08 1.40594e-07 8.70264e-07 3.94777e-06 1.44013e-05 4.37109e-05 0.00011184 0.000242751 0.000450186 0.000721776 0.00101655 0.00127929 0.00145985 0.00152627 0.00146982 0.00130442 0.00106276 0.000789299 0.0005298 0.00031897 0.000171543 8.2468e-05 3.56179e-05 1.39264e-05 4.97114e-06 1.63296e-06 4.97084e-07 1.41042e-07 3.74765e-08 9.35757e-09 2.20024e-09 4.87383e-10 1.01529e-10 1.9789e-11 3.57112e-12 5.84446e-13 8.31117e-14 9.27512e-15 5.80801e-16 0 
0 2.40929e-08 2.8903e-07 1.83206e-06 8.48285e-06 3.13912e-05 9.57066e-05 0.000242751 0.000514956 0.000923216 0.00142499 0.00193802 0.00237409 0.00266468 0.0027707 0.00268313 0.00242037 0.00202451 0.00155626 0.00108615 0.000679463 0.000377297 0.00018537 8.09065e-05 3.1658e-05 1.12288e-05 3.64836e-06 1.09569e-06 3.0638e-07 8.0224e-08 1.97551e-08 4.5879e-09 1.00604e-09 2.08085e-10 4.04255e-11 7.30611e-12 1.20427e-12 1.73572e-13 1.97606e-14 1.26983e-15 0 
0 4.29698e-08 5.26295e-07 3.40086e-06 1.59885e-05 5.96209e-05 0.000180994 0.000450186 0.000923216 0.00158753 0.00235216 0.00309304 0.00369989 0.00409608 0.00424081 0.00412622 0.00377376 0.00323047 0.00256525 0.00186396 0.00121866 0.000705557 0.000358321 0.000159727 6.30906e-05 2.23873e-05 7.23512e-06 2.1545e-06 5.96611e-07 1.54725e-07 3.77819e-08 8.71996e-09 1.90629e-09 3.9475e-10 7.71888e-11 1.41299e-11 2.37546e-12 3.51619e-13 4.13517e-14 2.75512e-15 0 
0 6.85028e-08 8.53055e-07 5.59435e-06 2.65714e-05 9.92579e-05 0.000297955 0.000721776 0.00142499 0.00235216 0.00336296 0.00430589 0.00506141 0.00555025 0.00573088 0.00559627 0.00517032 0.00450365 0.00366935 0.00275963 0.00188085 0.00113792 0.000601161 0.000275914 0.000110876 3.9628e-05 1.28149e-05 3.80529e-06 1.04963e-06 2.71328e-07 6.61767e-08 1.53072e-08 3.36955e-09 7.06828e-10 1.41001e-10 2.65319e-11 4.61756e-12 7.11343e-13 8.72713e-14 6.05867e-15 0 
0 9.79938e-08 1.23565e-06 8.18967e-06 3.91337e-05 0.000145838 0.00043139 0.00101655 0.00193802 0.00309304 0.00430589 0.0054125 0.00629016 0.00685751 0.00707132 0.0069245 0.00644294 0.00568071 0.00471439 0.003639 0.00256577 0.00161489 0.00088755 0.000421011 0.000173078 6.2682e-05 2.0407e-05 6.08185e-06 1.68314e-06 4.37323e-07 1.07603e-07 2.52432e-08 5.67459e-09 1.22528e-09 2.53646e-10 4.98722e-11 9.10759e-12 1.4727e-12 1.88947e-13 1.36229e-14 0 
0 1.26193e-07 1.60502e-06 1.07119e-05 5.13402e-05 0.000190541 0.000555729 0.00127929 0.00237409 0.00369989 0.00506141 0.00629016 0.00726174 0.00789216 0.00813595 0.00798529 0.00746735 0.0066389 0.00557961 0.00438642 0.00317151 0.0020602 0.00117229 0.000574313 0.000242191 8.9311e-05 2.94592e-05 8.88028e-06 2.48917e-06 6.57654e-07 1.65562e-07 4.0057e-08 9.37009e-09 2.12332e-09 4.64173e-10 9.65988e-11 1.86249e-11 3.15821e-12 4.20869e-13 3.11862e-14 0 
0 1.46709e-07 1.87541e-06 1.25654e-05 6.02981e-05 0.000222999 0.000643956 0.00145985 0.00266468 0.00409608 0.00555025 0.00685751 0.00789216 0.00856798 0.00883741 0.0086916 0.008158 0.00729472 0.00618314 0.00492124 0.00362069 0.00240697 0.00140785 0.000709668 0.000307121 0.000115801 3.89816e-05 1.20066e-05 3.45403e-06 9.43408e-07 2.47825e-07 6.31979e-08 1.57164e-08 3.80477e-09 8.88111e-10 1.96153e-10 3.97304e-11 6.99166e-12 9.55217e-13 7.17798e-14 0 
0 1.54378e-07 1.97694e-06 1.32637e-05 6.36772e-05 0.0002352 0.000676817 0.00152627 0.0027707 0.00424081 0.00573088 0.00707132 0.00813595 0.00883741 0.00912683 0.00899427 0.00846638 0.00760088 0.00647886 0.00519769 0.00386746 0.00261155 0.0015588 0.000804707 0.000357321 0.000138434 4.8025e-05 1.53336e-05 4.61366e-06 1.33271e-06 3.7443e-07 1.02983e-07 2.76973e-08 7.22112e-09 1.79678e-09 4.1725e-10 8.75678e-11 1.57526e-11 2.17502e-12 1.63686e-13 0 
0 1.47383e-07 1.8849e-06 1.26354e-05 6.06669e-05 0.000224462 0.000648333 0.00146982 0.00268313 0.00412622 0.00559627 0.0069245 0.00798529 0.0086916 0.00899427 0.0088823 0.00838067 0.00754487 0.00645358 0.00520155 0.00389597 0.00265663 0.00160879 0.000847685 0.000386846 0.000155247 5.63302e-05 1.90395e-05 6.14799e-06 1.93019e-06 5.94021e-07 1.78932e-07 5.22542e-08 1.45769e-08 3.81453e-09 9.16076e-10 1.9594e-10 3.5501e-11 4.89225e-12 3.64997e-13 0 
0 1.27936e-07 1.62922e-06 1.08884e-05 5.226e-05 0.00019418 0.000566669 0.00130442 0.00242037 0.00377376 0.00517032 0.00644294 0.00746735 0.008158 0.00846638 0.00838067 0.00792337 0.00714637 0.00612396 0.00494647 0.00371671 0.00254918 0.00156134 0.000839924 0.000396494 0.000167222 6.49014e-05 2.38892e-05 8.52641e-06 2.98012e-06 1.01745e-06 3.35487e-07 1.05207e-07 3.08744e-08 8.34103e-09 2.03592e-09 4.37193e-10 7.87968e-11 1.07299e-11 7.87342e-13 0 
0 1.01182e-07 1.27929e-06 8.50392e-06 4.07567e-05 0.000152269 0.000451027 0.00106276 0.00202451 0.00323047 0.00450365 0.00568071 0.0066389 0.00729472 0.00760088 0.00754487 0.00714637 0.00645259 0.00553222 0.00446978 0.00336223 0.00231632 0.00143665 0.000794229 0.000393497 0.00017855 7.64015e-05 3.15911e-05 1.27599e-05 5.01391e-06 1.89029e-06 6.72283e-07 2.22053e-07 6.72157e-08 1.84164e-08 4.50004e-09 9.58172e-10 1.70075e-10 2.27028e-11 1.62824e-12 0 
0 7.30534e-08 9.14338e-07 6.02944e-06 2.87999e-05 0.000108121 0.000325609 0.000789299 0.00155626 0.00256525 0.00366935 0.00471439 0.00557961 0.00618314 0.00647886 0.00645358 0.00612396 0.00553222 0.00474086 0.00382778 0.00288238 0.00199982 0.00126587 0.000730514 0.000389364 0.0001962 9.55623e-05 4.54138e-05 2.09137e-05 9.17105e-06 3.75451e-06 1.41121e-06 4.81172e-07 1.47548e-07 4.03713e-08 9.74965e-09 2.03705e-09 3.53136e-10 4.59086e-11 3.20188e-12 0 
0 4.82457e-08 5.96008e-07 3.88759e-06 1.84551e-05 6.9446e-05 0.000212288 0.0005298 0.00108615 0.00186396 0.00275963 0.003639 0.00438642 0.00492124 0.00519769 0.00520155 0.00494647 0.00446978 0.00382778 0.00309099 0.00233852 0.00164879 0.00108353 0.00067011 0.000397122 0.000229513 0.00013007 7.14693e-05 3.72159e-05 1.79122e-05 7.80771e-06 3.04131e-06 1.05125e-06 3.21374e-07 8.66238e-08 2.04437e-08 4.15353e-09 6.98248e-10 8.7924e-11 5.93927e-12 0 
0 2.92051e-08 3.5508e-07 2.28394e-06 1.0739e-05 4.03434e-05 0.000124617 0.00031897 0.000679463 0.00121866 0.00188085 0.00256577 0.00317151 0.00362069 0.00386746 0.00389597 0.00371671 0.00336223 0.00288238 0.00233852 0.0017955 0.00131031 0.000919218 0.000630497 0.000429161 0.00029048 0.000192474 0.000121323 7.04275e-05 3.65977e-05 1.66943e-05 6.62178e-06 2.28131e-06 6.84738e-07 1.79491e-07 4.0971e-08 8.02957e-09 1.30112e-09 1.58003e-10 1.03059e-11 0 
0 1.62405e-08 1.93799e-07 1.22552e-06 5.68672e-06 2.12263e-05 6.58334e-05 0.000171543 0.000377297 0.000705557 0.00113792 0.00161489 0.0020602 0.00240697 0.00261155 0.00265663 0.00254918 0.00231632 0.00199982 0.00164879 0.00131031 0.00101922 0.000791028 0.000622012 0.000496193 0.000394762 0.000303619 0.000217424 0.000139554 7.76453e-05 3.66095e-05 1.45246e-05 4.88452e-06 1.41177e-06 3.54497e-07 7.74397e-08 1.45352e-08 2.25938e-09 2.63773e-10 1.65824e-11 0 
0 8.31589e-09 9.71542e-08 6.02285e-07 2.74839e-06 1.0144e-05 3.13743e-05 8.2468e-05 0.00018537 0.000358321 0.000601161 0.00088755 0.00117229 0.00140785 0.0015588 0.00160879 0.00156134 0.00143665 0.00126587 0.00108353 0.000919218 0.000791028 0.000702966 0.00064686 0.000606712 0.000563877 0.000502248 0.000412514 0.000297854 0.000179654 8.72041e-05 3.37573e-05 1.06467e-05 2.84292e-06 6.63296e-07 1.36333e-07 2.43118e-08 3.61187e-09 4.04733e-10 2.45128e-11 0 
0 3.9308e-09 4.48628e-08 2.71966e-07 1.21666e-06 4.42134e-06 1.35522e-05 3.56179e-05 8.09065e-05 0.000159727 0.000275914 0.000421011 0.000574313 0.000709668 0.000804707 0.000847685 0.000839924 0.000794229 0.000730514 0.00067011 0.000630497 0.000622012 0.00064686 0.000699425 0.000768268 0.000841054 0.000900438 0.000897971 0.000765271 0.000512027 0.000255483 9.39571e-05 2.62444e-05 5.97329e-06 1.20252e-06 2.22699e-07 3.71132e-08 5.24825e-09 5.6444e-10 3.29741e-11 0 
0 1.71971e-09 1.91393e-08 1.13226e-07 4.95296e-07 1.76603e-06 5.33788e-06 1.39264e-05 3.1658e-05 6.30906e-05 0.000110876 0.000173078 0.000242191 0.000307121 0.000357321 0.000386846 0.000396494 0.000393497 0.000389364 0.000397122 0.000429161 0.000496193 0.000606712 0.000768268 0.00100187 0.00137117 0.00192442 0.00244398 0.00243628 0.00175467 0.000883407 0.000308885 7.63759e-05 1.42161e-05 2.2504e-06 3.43707e-07 5.13611e-08 6.84815e-09 7.07426e-10 3.99796e-11 0 
0 6.98193e-10 7.56675e-09 4.36146e-08 1.86197e-07 6.49724e-07 1.92944e-06 4.97114e-06 1.12288e-05 2.23873e-05 3.9628e-05 6.2682e-05 8.9311e-05 0.000115801 0.000138434 0.000155247 0.000167222 0.00017855 0.0001962 0.000229513 0.00029048 0.000394762 0.000563877 0.000841054 0.00137117 0.00254276 0.0047121 0.00706737 0.00759509 0.00559674 0.00279409 0.000944703 0.000217743 3.52809e-05 4.42439e-06 5.16795e-07 6.45689e-08 7.94415e-09 7.88347e-10 4.32946e-11 0 
0 2.63729e-10 2.78054e-09 1.55984e-08 6.49024e-08 2.21248e-07 6.43966e-07 1.63296e-06 3.64836e-06 7.23512e-06 1.28149e-05 2.0407e-05 2.94592e-05 3.89816e-05 4.8025e-05 5.63302e-05 6.49014e-05 7.64015e-05 9.55623e-05 0.00013007 0.000192474 0.000303619 0.000502248 0.000900438 0.00192442 0.0047121 0.0102726 0.0164663 0.0181135 0.0134074 0.00664272 0.00220425 0.000491339 7.4419e-05 8.09082e-06 7.42662e-07 7.37426e-08 8.12493e-09 7.73719e-10 4.15342e-11 0 
0 9.2903e-11 9.52337e-10 5.19635e-09 2.10564e-08 7.00513e-08 1.99557e-07 4.97084e-07 1.09569e-06 2.1545e-06 3.80529e-06 6.08185e-06 8.88028e-06 1.20066e-05 1.53336e-05 1.90395e-05 2.38892e-05 3.15911e-05 4.54138e-05 7.14693e-05 0.000121323 0.000217424 0.000412514 0.000897971 0.00244398 0.00706737 0.0164663 0.0269693 0.0298684 0.0221298 0.0109294 0.00359599 0.000789116 0.000115941 1.17518e-05 9.25371e-07 7.45253e-08 7.2479e-09 6.63226e-10 3.50586e-11 0 
0 3.05825e-11 3.04749e-10 1.61704e-09 6.37959e-09 2.07043e-08 5.76916e-08 1.41042e-07 3.0638e-07 5.96611e-07 1.04963e-06 1.68314e-06 2.48917e-06 3.45403e-06 4.61366e-06 6.14799e-06 8.52641e-06 1.27599e-05 2.09137e-05 3.72159e-05 7.04275e-05 0.000139554 0.000297854 0.000765271 0.00243628 0.00759509 0.0181135 0.0298684 0.0331462 0.0245647 0.0121185 0.00397411 0.000865964 0.00012548 1.23203e-05 8.96996e-07 6.30027e-08 5.54404e-09 4.92951e-10 2.59042e-11 0 
0 9.4222e-12 9.1284e-11 4.71115e-10 1.80992e-09 5.73071e-09 1.56197e-08 3.74765e-08 8.0224e-08 1.54725e-07 2.71328e-07 4.37323e-07 6.57654e-07 9.43408e-07 1.33271e-06 1.93019e-06 2.98012e-06 5.01391e-06 9.17105e-06 1.79122e-05 3.65977e-05 7.76453e-05 0.000179654 0.000512027 0.00175467 0.00559674 0.0134074 0.0221298 0.0245647 0.0182051 0.00897901 0.00294176 0.000639181 9.20813e-05 8.93354e-06 6.3208e-07 4.21179e-08 3.56833e-09 3.15974e-10 1.67009e-11 0 
0 2.71906e-12 2.56232e-11 1.28691e-10 4.81703e-10 1.48884e-09 3.97157e-09 9.35757e-09 1.97551e-08 3.77819e-08 6.61767e-08 1.07603e-07 1.65562e-07 2.47825e-07 3.7443e-07 5.94021e-07 1.01745e-06 1.89029e-06 3.75451e-06 7.80771e-06 1.66943e-05 3.66095e-05 8.72041e-05 0.000255483 0.000883407 0.00279409 0.00664272 0.0109294 0.0121185 0.00897901 0.00442952 0.00145141 0.000315142 4.53697e-05 4.40921e-06 3.15177e-07 2.16738e-08 1.91503e-09 1.74327e-10 9.38344e-12 0 
0 7.34843e-13 6.74051e-12 3.29719e-11 1.20352e-10 3.63451e-10 9.49832e-10 2.20024e-09 4.5879e-09 8.71996e-09 1.53072e-08 2.52432e-08 4.0057e-08 6.31979e-08 1.02983e-07 1.78932e-07 3.35487e-07 6.72283e-07 1.41121e-06 3.04131e-06 6.62178e-06 1.45246e-05 3.37573e-05 9.39571e-05 0.000308885 0.000944703 0.00220425 0.00359599 0.00397411 0.00294176 0.00145141 0.000475799 0.000103435 1.49672e-05 1.4806e-06 1.1194e-07 8.70744e-09 8.63866e-10 8.29747e-11 4.5964e-12 0 
0 1.85686e-13 1.65947e-12 7.91438e-12 2.8204e-11 8.33248e-11 2.1364e-10 4.87383e-10 1.00604e-09 1.90629e-09 3.36955e-09 5.67459e-09 9.37009e-09 1.57164e-08 2.76973e-08 5.22542e-08 1.05207e-07 2.22053e-07 4.81172e-07 1.05125e-06 2.28131e-06 4.88452e-06 1.06467e-05 2.62444e-05 7.63759e-05 0.000217743 0.000491339 0.000789116 0.000865964 0.000639181 0.000315142 0.000103435 2.2604e-05 3.32367e-06 3.44816e-07 2.96915e-08 2.8795e-09 3.34072e-10 3.42302e-11 1.96522e-12 0 
0 4.37086e-14 3.81007e-13 1.7739e-12 6.18041e-12 1.78912e-11 4.50869e-11 1.01529e-10 2.08085e-10 3.9475e-10 7.06828e-10 1.22528e-09 2.12332e-09 3.80477e-09 7.22112e-09 1.45769e-08 3.08744e-08 6.72157e-08 1.47548e-07 3.21374e-07 6.84738e-07 1.41177e-06 2.84292e-06 5.97329e-06 1.42161e-05 3.52809e-05 7.4419e-05 0.000115941 0.00012548 9.20813e-05 4.53697e-05 1.49672e-05 3.32367e-06 5.10271e-07 5.93439e-08 6.52613e-09 8.37766e-10 1.12651e-10 1.22837e-11 7.33813e-13 0 
0 9.5174e-15 8.10246e-14 3.68801e-13 1.25832e-12 3.57594e-12 8.87742e-12 1.9789e-11 4.04255e-11 7.71888e-11 1.41001e-10 2.53646e-10 4.64173e-10 8.88111e-10 1.79678e-09 3.81453e-09 8.34103e-09 1.84164e-08 4.03713e-08 8.66238e-08 1.79491e-07 3.54497e-07 6.63296e-07 1.20252e-06 2.2504e-06 4.42439e-06 8.09082e-06 1.17518e-05 1.23203e-05 8.93354e-06 4.40921e-06 1.4806e-06 3.44816e-07 5.93439e-08 8.77836e-09 1.35429e-09 2.22052e-10 3.32671e-11 3.83432e-12 2.38858e-13 0 
0 1.89318e-15 1.57629e-14 7.0258e-14 2.35188e-13 6.57594e-13 1.61261e-12 3.57112e-12 7.30611e-12 1.41299e-11 2.65319e-11 4.98722e-11 9.65988e-11 1.96153e-10 4.1725e-10 9.16076e-10 2.03592e-09 4.50004e-09 9.74965e-09 2.04437e-08 4.0971e-08 7.74397e-08 1.36333e-07 2.22699e-07 3.43707e-07 5.16795e-07 7.42662e-07 9.25371e-07 8.96996e-07 6.3208e-07 3.15177e-07 1.1194e-07 2.96915e-08 6.52613e-09 1.35429e-09 2.77984e-10 5.29356e-11 8.53673e-12 1.03489e-12 6.73055e-14 0 
0 3.36232e-16 2.7422e-15 1.19902e-14 3.94629e-14 1.08841e-13 2.64523e-13 5.84446e-13 1.20427e-12 2.37546e-12 4.61756e-12 9.10759e-12 1.86249e-11 3.97304e-11 8.75678e-11 1.9594e-10 4.37193e-10 9.58172e-10 2.03705e-09 4.15353e-09 8.02957e-09 1.45352e-08 2.43118e-08 3.71132e-08 5.13611e-08 6.45689e-08 7.37426e-08 7.45253e-08 6.30027e-08 4.21179e-08 2.16738e-08 8.70744e-09 2.8795e-09 8.37766e-10 2.22052e-10 5.29356e-11 1.09476e-11 1.86815e-12 2.37581e-13 1.61367e-14 0 
0 5.09611e-17 4.07798e-16 1.75268e-15 5.68534e-15 1.55143e-14 3.75133e-14 8.31117e-14 1.73572e-13 3.51619e-13 7.11343e-13 1.4727e-12 3.15821e-12 6.99166e-12 1.57526e-11 3.5501e-11 7.87968e-11 1.70075e-10 3.53136e-10 6.98248e-10 1.30112e-09 2.25938e-09 3.61187e-09 5.24825e-09 6.84815e-09 7.94415e-09 8.12493e-09 7.2479e-09 5.54404e-09 3.56833e-09 1.91503e-09 8.63866e-10 3.34072e-10 1.12651e-10 3.32671e-11 8.53673e-12 1.86815e-12 3.35037e-13 4.46167e-14 3.16335e-15 0 
0 5.93847e-18 4.67114e-17 1.97776e-16 6.34035e-16 1.71784e-15 4.15123e-15 9.27512e-15 1.97606e-14 4.13517e-14 8.72713e-14 1.88947e-13 4.20869e-13 9.55217e-13 2.17502e-12 4.89225e-12 1.07299e-11 2.27028e-11 4.59086e-11 8.7924e-11 1.58003e-10 2.63773e-10 4.04733e-10 5.6444e-10 7.07426e-10 7.88347e-10 7.73719e-10 6.63226e-10 4.92951e-10 3.15974e-10 1.74327e-10 8.29747e-11 3.42302e-11 1.22837e-11 3.83432e-12 1.03489e-12 2.37581e-13 4.46167e-14 6.20938e-15 4.59046e-16 0 
0 3.79553e-19 2.94062e-18 1.2296e-17 3.90803e-17 1.05552e-16 2.56222e-16 5.80801e-16 1.26983e-15 2.75512e-15 6.05867e-15 1.36229e-14 3.11862e-14 7.17798e-14 1.63686e-13 3.64997e-13 7.87342e-13 1.62824e-12 3.20188e-12 5.93927e-12 1.03059e-11 1.65824e-11 2.45128e-11 3.29741e-11 3.99796e-11 4.32946e-11 4.15342e-11 3.50586e-11 2.59042e-11 1.67009e-11 9.38344e-12 4.5964e-12 1.96522e-12 7.33813e-13 2.38858e-13 6.73055e-14 1.61367e-14 3.16335e-15 4.59046e-16 3.53289e-17 0 
0 0 0 0 0 0 0 0 0 0 0 0 0 0 0 0 0 0 0 0 0 0 0 0 0 0 0 0 0 0 0 0 0 0 0 0 0 0 0 0 0 
