0 0 0 0 0 0 0 0 0 0 0 0 0 0 0 0 0 0 0 0 0 0 0 0 0 0 0 0 0 0 0 0 0 0 0 0 0 0 0 0 0 
0 1.12428e-07 1.02501e-06 4.72677e-06 1.53065e-05 3.85783e-05 7.97491e-05 0.000140316 0.00021658 0.000300695 0.000383064 0.000454601 0.000508144 0.000539088 0.000545494 0.000527921 0.000489097 0.000433486 0.000366769 0.00029523 0.000225049 0.000161555 0.000108537 6.78015e-05 3.91417e-05 2.07735e-05 1.00969e-05 4.48442e-06 1.81874e-06 6.73863e-07 2.28314e-07 7.0798e-08 2.00918e-08 5.20866e-09 1.22733e-09 2.6009e-10 4.85348e-11 7.63522e-12 9.13449e-13 5.93479e-14 0 
0 1.02501e-06 9.67649e-06 4.52885e-05 0.000144613 0.000348724 0.000674229 0.00109823 0.00157188 0.00204282 0.00246787 0.00281567 0.00306547 0.00320573 0.00323303 0.00315124 0.00297052 0.00270618 0.00237746 0.00200652 0.00161761 0.00123606 0.000886678 0.000590596 0.000361222 0.000200888 0.000100877 4.55896e-05 1.85483e-05 6.81313e-06 2.2683e-06 6.86999e-07 1.89715e-07 4.77629e-08 1.09217e-08 2.24633e-09 4.07141e-10 6.22789e-11 7.25475e-12 4.59627e-13 0 
0 4.72677e-06 4.52885e-05 0.000207553 0.000620713 0.00135512 0.0023497 0.00347482 0.00461494 0.00568667 0.00662743 0.00738782 0.00793098 0.00823446 0.00829149 0.00811074 0.00771448 0.00713563 0.00641389 0.00559192 0.00471211 0.00381514 0.00294065 0.00212963 0.00142496 0.000864752 0.000468119 0.000223651 9.40664e-05 3.49892e-05 1.16065e-05 3.46338e-06 9.35751e-07 2.29606e-07 5.10786e-08 1.02163e-08 1.80144e-09 2.68343e-10 3.04791e-11 1.88557e-12 0 
0 1.53065e-05 0.000144613 0.000620713 0.0016612 0.00321586 0.00506579 0.00703187 0.00899116 0.0108364 0.0124656 0.0137889 0.014737 0.015267 0.0153653 0.0150469 0.014352 0.0133402 0.0120844 0.0106625 0.00915089 0.0076178 0.00611971 0.00470152 0.00340329 0.00227123 0.00136043 0.000712934 0.00032178 0.00012495 4.2191e-05 1.25769e-05 3.3539e-06 8.06667e-07 1.75289e-07 3.41987e-08 5.8814e-09 8.55007e-10 9.48774e-11 5.74179e-12 0 
0 3.85783e-05 0.000348724 0.00135512 0.00321586 0.00567249 0.00846598 0.0114302 0.0144068 0.0172263 0.0197238 0.0217558 0.0232127 0.0240271 0.0241775 0.0236868 0.0226172 0.0210617 0.0191338 0.0169558 0.0146486 0.0123218 0.0100664 0.00794967 0.00601468 0.00428957 0.00280875 0.00163033 0.00081067 0.000338873 0.000119504 3.62278e-05 9.64534e-06 2.29091e-06 4.88769e-07 9.33766e-08 1.57114e-08 2.23504e-09 2.42879e-10 1.44096e-11 0 
0 7.97491e-05 0.000674229 0.0023497 0.00506579 0.00846598 0.0123268 0.016452 0.0206108 0.0245574 0.0280564 0.0309043 0.0329466 0.0340883 0.0342988 0.0336103 0.0321104 0.0299298 0.0272282 0.0241784 0.0209514 0.0177033 0.0145657 0.0116386 0.00898642 0.00663904 0.00460468 0.00290234 0.00159105 0.000728788 0.000274606 8.62731e-05 2.32305e-05 5.49487e-06 1.15771e-06 2.17516e-07 3.5933e-08 5.01699e-09 5.35312e-10 3.12091e-11 0 
0 0.000140316 0.00109823 0.00347482 0.00703187 0.0114302 0.016452 0.0218352 0.0272692 0.0324287 0.0370042 0.0407291 0.0434007 0.0448944 0.04517 0.0442696 0.0423077 0.0394559 0.0359234 0.0319366 0.02772 0.0234789 0.0193874 0.0155796 0.0121454 0.00912942 0.00653543 0.00434729 0.00257685 0.00129135 0.000526334 0.000174044 4.79848e-05 1.13995e-05 2.38575e-06 4.42787e-07 7.20767e-08 9.90785e-09 1.04089e-09 5.9783e-11 0 
0 0.00021658 0.00157188 0.00461494 0.00899116 0.0144068 0.0206108 0.0272692 0.0339932 0.0403788 0.0460426 0.0506551 0.053967 0.0558226 0.0561662 0.055048 0.0526149 0.049083 0.0447107 0.0397772 0.0345602 0.0293147 0.0242571 0.019555 0.0153229 0.0116215 0.00846068 0.00580963 0.00363469 0.00196238 0.000864483 0.000303377 8.64506e-05 2.07784e-05 4.34286e-06 7.99535e-07 1.28693e-07 1.74708e-08 1.8122e-09 1.02797e-10 0 
0 0.000300695 0.00204282 0.00568667 0.0108364 0.0172263 0.0245574 0.0324287 0.0403788 0.0479298 0.0546305 0.0601009 0.0640528 0.0662836 0.0666999 0.0653549 0.0624423 0.0582419 0.0530639 0.0472297 0.0410621 0.0348618 0.0288852 0.0233315 0.0183377 0.0139791 0.0102726 0.0071841 0.00465248 0.00265417 0.00125054 0.000465717 0.00013782 3.36845e-05 7.06114e-06 1.29418e-06 2.06641e-07 2.77854e-08 2.85331e-09 1.60253e-10 0 
0 0.000383064 0.00246787 0.00662743 0.0124656 0.0197238 0.0280564 0.0370042 0.0460426 0.0546305 0.0622688 0.06854 0.0730883 0.0756472 0.0761259 0.0745925 0.0712444 0.066414 0.0604921 0.053849 0.0468364 0.0397884 0.0329956 0.0266851 0.0210137 0.0160687 0.0118732 0.00839304 0.0055529 0.0032903 0.00163392 0.000641379 0.000197039 4.90802e-05 1.03476e-05 1.8934e-06 3.00726e-07 4.01578e-08 4.09307e-09 2.28158e-10 0 
0 0.000454601 0.00281567 0.00738782 0.0137889 0.0217558 0.0309043 0.0407291 0.0506551 0.0601009 0.06854 0.075459 0.0803612 0.0830234 0.0835181 0.0819513 0.0784083 0.0731294 0.066582 0.0592557 0.0515476 0.043808 0.0363497 0.0294219 0.0231973 0.017773 0.0131766 0.00937423 0.00628354 0.00381673 0.00196845 0.000805803 0.000255781 6.48848e-05 1.37742e-05 2.52112e-06 3.99221e-07 5.307e-08 5.38157e-09 2.98422e-10 0 
0 0.000508144 0.00306547 0.00793098 0.014737 0.0232127 0.0329466 0.0434007 0.053967 0.0640528 0.0730883 0.0803612 0.085287 0.0878635 0.0883426 0.0868514 0.0833709 0.077949 0.0709988 0.0631616 0.0549412 0.0467028 0.0387661 0.0313943 0.0247715 0.019002 0.0141162 0.0100807 0.00680941 0.00419971 0.00222056 0.000936488 0.00030479 7.84891e-05 1.67715e-05 3.07412e-06 4.86215e-07 6.44805e-08 6.51994e-09 3.60477e-10 0 
0 0.000539088 0.00320573 0.00823446 0.015267 0.0240271 0.0340883 0.0448944 0.0558226 0.0662836 0.0756472 0.0830234 0.0878635 0.0903542 0.0908208 0.0893929 0.0860144 0.0806174 0.0735002 0.0653749 0.0568584 0.0483382 0.0401328 0.0325114 0.0256646 0.0197004 0.0146513 0.010484 0.00711071 0.00442158 0.00237066 0.00101756 0.00033643 8.7527e-05 1.87989e-05 3.45253e-06 5.46258e-07 7.2415e-08 7.31739e-09 4.04292e-10 0 
0 0.000545494 0.00323303 0.00829149 0.0153653 0.0241775 0.0342988 0.04517 0.0561662 0.0666999 0.0761259 0.0835181 0.0883426 0.0908208 0.0912879 0.0898739 0.0865183 0.0811347 0.0739941 0.065816 0.0572434 0.04867 0.0404134 0.0327439 0.0258534 0.0198509 0.0147696 0.0105761 0.00718276 0.00447807 0.00241191 0.00104166 0.000346514 9.05788e-05 1.95179e-05 3.59282e-06 5.69495e-07 7.56217e-08 7.65442e-09 4.23692e-10 0 
0 0.000527921 0.00315124 0.00811074 0.0150469 0.0236868 0.0336103 0.0442696 0.055048 0.0653549 0.0745925 0.0819513 0.0868514 0.0893929 0.0898739 0.0884249 0.0850049 0.0795935 0.0725426 0.0645384 0.0561463 0.047742 0.039645 0.0321224 0.025363 0.0194737 0.0144868 0.0103697 0.00703571 0.00437681 0.0023486 0.00101003 0.000335059 8.75567e-05 1.88988e-05 3.48911e-06 5.55094e-07 7.40174e-08 7.52631e-09 4.18662e-10 0 
0 0.000489097 0.00297052 0.00771448 0.014352 0.0226172 0.0321104 0.0423077 0.0526149 0.0624423 0.0712444 0.0784083 0.0833709 0.0860144 0.0865183 0.0850049 0.0814965 0.0761257 0.0693417 0.0617205 0.0537129 0.0456765 0.0379298 0.0307311 0.0242611 0.0186221 0.0138447 0.00989651 0.0066936 0.0041364 0.00219501 0.000931715 0.000306073 7.96862e-05 1.72251e-05 3.19508e-06 5.11661e-07 6.87534e-08 7.05067e-09 3.95789e-10 0 
0 0.000433486 0.00270618 0.00713563 0.0133402 0.0210617 0.0299298 0.0394559 0.049083 0.0582419 0.066414 0.0731294 0.077949 0.0806174 0.0811347 0.0795935 0.0761257 0.0710156 0.0647025 0.0576246 0.0501604 0.042657 0.0354213 0.0286958 0.0226493 0.0173767 0.0129057 0.00920428 0.00619295 0.00378603 0.00197476 0.000822381 0.00026662 6.91535e-05 1.50073e-05 2.80806e-06 4.54861e-07 6.19244e-08 6.44018e-09 3.66851e-10 0 
0 0.000366769 0.00237746 0.00641389 0.0120844 0.0191338 0.0272282 0.0359234 0.0447107 0.0530639 0.0604921 0.066582 0.0709988 0.0735002 0.0739941 0.0725426 0.0693417 0.0647025 0.0589871 0.0525536 0.045751 0.0389079 0.0323075 0.0261712 0.0206523 0.0158365 0.0117476 0.00835355 0.00558177 0.00336599 0.00172066 0.000702648 0.000225493 5.8596e-05 1.28565e-05 2.44517e-06 4.03706e-07 5.60897e-08 5.95539e-09 3.46237e-10 0 
0 0.00029523 0.00200652 0.00559192 0.0106625 0.0169558 0.0241784 0.0319366 0.0397772 0.0472297 0.053849 0.0592557 0.0631616 0.0653749 0.065816 0.0645384 0.0617205 0.0576246 0.0525536 0.0468282 0.0407688 0.0346726 0.0287925 0.0233253 0.0184065 0.0141112 0.0104578 0.00741504 0.00492015 0.00292946 0.00147436 0.000596174 0.000191911 5.06544e-05 1.13775e-05 2.22269e-06 3.77164e-07 5.38034e-08 5.85426e-09 3.47955e-10 0 
0 0.000225049 0.00161761 0.00471211 0.00915089 0.0146486 0.0209514 0.02772 0.0345602 0.0410621 0.0468364 0.0515476 0.0549412 0.0568584 0.0572434 0.0561463 0.0537129 0.0501604 0.045751 0.0407688 0.0354962 0.0301929 0.025079 0.0203252 0.0160485 0.0123119 0.00912853 0.00646904 0.00428308 0.00254445 0.00128491 0.000527652 0.000174691 4.77571e-05 1.11187e-05 2.24474e-06 3.91848e-07 5.72217e-08 6.34352e-09 3.82485e-10 0 
0 0.000161555 0.00123606 0.00381514 0.0076178 0.0123218 0.0177033 0.0234789 0.0293147 0.0348618 0.0397884 0.043808 0.0467028 0.0483382 0.04867 0.047742 0.0456765 0.042657 0.0389079 0.0346726 0.0301929 0.0256903 0.0213527 0.017325 0.0137055 0.0105463 0.00785686 0.00561124 0.00376583 0.00229227 0.00120412 0.00052086 0.00018205 5.21322e-05 1.25635e-05 2.59628e-06 4.59796e-07 6.76655e-08 7.52241e-09 4.532e-10 0 
0 0.000108537 0.000886678 0.00294065 0.00611971 0.0100664 0.0145657 0.0193874 0.0242571 0.0288852 0.0329956 0.0363497 0.0387661 0.0401328 0.0404134 0.039645 0.0379298 0.0354213 0.0323075 0.0287925 0.025079 0.0213527 0.0177711 0.0144558 0.0114914 0.00892828 0.00677892 0.00500344 0.00352168 0.00227731 0.00128482 0.000598166 0.000221839 6.58119e-05 1.60837e-05 3.32389e-06 5.8405e-07 8.49218e-08 9.30823e-09 5.52415e-10 0 
0 6.78015e-05 0.000590596 0.00212963 0.00470152 0.00794967 0.0116386 0.0155796 0.019555 0.0233315 0.0266851 0.0294219 0.0313943 0.0325114 0.0327439 0.0321224 0.0307311 0.0286958 0.0261712 0.0233253 0.0203252 0.017325 0.0144558 0.011825 0.0095301 0.00767609 0.00631099 0.00526304 0.0041766 0.00290991 0.00169989 0.000811801 0.000306835 9.09367e-05 2.18099e-05 4.39093e-06 7.50742e-07 1.063e-07 1.13626e-08 6.58758e-10 0 
0 3.91417e-05 0.000361222 0.00142496 0.00340329 0.00601468 0.00898642 0.0121454 0.0153229 0.0183377 0.0210137 0.0231973 0.0247715 0.0256646 0.0258534 0.025363 0.0242611 0.0226493 0.0206523 0.0184065 0.0160485 0.0137055 0.0114914 0.0095301 0.00804773 0.00747576 0.00812766 0.00921249 0.00887905 0.00646857 0.003486 0.00145176 0.000489595 0.000133245 2.96865e-05 5.63478e-06 9.22081e-07 1.26123e-07 1.30905e-08 7.39546e-10 0 
0 2.07735e-05 0.000200888 0.000864752 0.00227123 0.00428957 0.00663904 0.00912942 0.0116215 0.0139791 0.0160687 0.017773 0.019002 0.0197004 0.0198509 0.0194737 0.0186221 0.0173767 0.0158365 0.0141112 0.0123119 0.0105463 0.00892828 0.00767609 0.00747576 0.00996537 0.0164733 0.0240449 0.0257468 0.0189616 0.00959155 0.00342002 0.000931434 0.000209098 3.99118e-05 6.79007e-06 1.04125e-06 1.36904e-07 1.38032e-08 7.61259e-10 0 
0 1.00969e-05 0.000100877 0.000468119 0.00136043 0.00280875 0.00460468 0.00653543 0.00846068 0.0102726 0.0118732 0.0131766 0.0141162 0.0146513 0.0147696 0.0144868 0.0138447 0.0129057 0.0117476 0.0104578 0.00912853 0.00785686 0.00677892 0.00631099 0.00812766 0.0164733 0.0346941 0.059206 0.0677501 0.0456438 0.0223415 0.00751345 0.0017886 0.000331415 5.19449e-05 7.53393e-06 1.05443e-06 1.32693e-07 1.30429e-08 7.0566e-10 0 
0 4.48442e-06 4.55896e-05 0.000223651 0.000712934 0.00163033 0.00290234 0.00434729 0.00580963 0.0071841 0.00839304 0.00937423 0.0100807 0.010484 0.0105761 0.0103697 0.00989651 0.00920428 0.00835355 0.00741504 0.00646904 0.00561124 0.00500344 0.00526304 0.00921249 0.0240449 0.059206 0.0862962 0.0893408 0.0779383 0.0374422 0.0121135 0.00273709 0.000453279 6.05656e-05 7.44781e-06 9.37505e-07 1.12841e-07 1.0882e-08 5.81707e-10 0 
0 1.81874e-06 1.85483e-05 9.40664e-05 0.00032178 0.00081067 0.00159105 0.00257685 0.00363469 0.00465248 0.0055529 0.00628354 0.00680941 0.00711071 0.00718276 0.00703571 0.0066936 0.00619295 0.00558177 0.00492015 0.00428308 0.00376583 0.00352168 0.0041766 0.00887905 0.0257468 0.0677501 0.0893408 0.091848 0.0837327 0.0436373 0.0133554 0.0029659 0.000467417 5.68622e-05 6.19826e-06 7.13913e-07 8.30395e-08 7.93492e-09 4.22805e-10 0 
0 6.73863e-07 6.81313e-06 3.49892e-05 0.00012495 0.000338873 0.000728788 0.00129135 0.00196238 0.00265417 0.0032903 0.00381673 0.00419971 0.00442158 0.00447807 0.00437681 0.0041364 0.00378603 0.00336599 0.00292946 0.00254445 0.00229227 0.00227731 0.00290991 0.00646857 0.0189616 0.0456438 0.0779383 0.0837327 0.0641128 0.0301091 0.00989136 0.00219072 0.000340088 3.97572e-05 4.09997e-06 4.53988e-07 5.2345e-08 5.02474e-09 2.69515e-10 0 
0 2.28314e-07 2.2683e-06 1.16065e-05 4.2191e-05 0.000119504 0.000274606 0.000526334 0.000864483 0.00125054 0.00163392 0.00196845 0.00222056 0.00237066 0.00241191 0.0023486 0.00219501 0.00197476 0.00172066 0.00147436 0.00128491 0.00120412 0.00128482 0.00169989 0.003486 0.00959155 0.0223415 0.0374422 0.0436373 0.0301091 0.0148639 0.0049009 0.00109333 0.000170662 1.9993e-05 2.09025e-06 2.37811e-07 2.8137e-08 2.75573e-09 1.50268e-10 0 
0 7.0798e-08 6.86999e-07 3.46338e-06 1.25769e-05 3.62278e-05 8.62731e-05 0.000174044 0.000303377 0.000465717 0.000641379 0.000805803 0.000936488 0.00101756 0.00104166 0.00101003 0.000931715 0.000822381 0.000702648 0.000596174 0.000527652 0.00052086 0.000598166 0.000811801 0.00145176 0.00342002 0.00751345 0.0121135 0.0133554 0.00989136 0.0049009 0.00163099 0.000370146 5.91345e-05 7.25539e-06 8.27929e-07 1.03286e-07 1.29295e-08 1.3094e-09 7.32292e-11 0 
0 2.00918e-08 1.89715e-07 9.35751e-07 3.3539e-06 9.64534e-06 2.32305e-05 4.79848e-05 8.64506e-05 0.00013782 0.000197039 0.000255781 0.00030479 0.00033643 0.000346514 0.000335059 0.000306073 0.00026662 0.000225493 0.000191911 0.000174691 0.00018205 0.000221839 0.000306835 0.000489595 0.000931434 0.0017886 0.00273709 0.0029659 0.00219072 0.00109333 0.000370146 8.63534e-05 1.45306e-05 1.98677e-06 2.66676e-07 3.80367e-08 5.11493e-09 5.40187e-10 3.12009e-11 0 
0 5.20866e-09 4.77629e-08 2.29606e-07 8.06667e-07 2.29091e-06 5.49487e-06 1.13995e-05 2.07784e-05 3.36845e-05 4.90802e-05 6.48848e-05 7.84891e-05 8.7527e-05 9.05788e-05 8.75567e-05 7.96862e-05 6.91535e-05 5.8596e-05 5.06544e-05 4.77571e-05 5.21322e-05 6.58119e-05 9.09367e-05 0.000133245 0.000209098 0.000331415 0.000453279 0.000467417 0.000340088 0.000170662 5.91345e-05 1.45306e-05 2.72772e-06 4.50129e-07 7.4383e-08 1.21499e-08 1.75351e-09 1.93865e-10 1.16227e-11 0 
0 1.22733e-09 1.09217e-08 5.10786e-08 1.75289e-07 4.88769e-07 1.15771e-06 2.38575e-06 4.34286e-06 7.06114e-06 1.03476e-05 1.37742e-05 1.67715e-05 1.87989e-05 1.95179e-05 1.88988e-05 1.72251e-05 1.50073e-05 1.28565e-05 1.13775e-05 1.11187e-05 1.25635e-05 1.60837e-05 2.18099e-05 2.96865e-05 3.99118e-05 5.19449e-05 6.05656e-05 5.68622e-05 3.97572e-05 1.9993e-05 7.25539e-06 1.98677e-06 4.50129e-07 9.38415e-08 1.86969e-08 3.39776e-09 5.22044e-10 6.04985e-11 3.77708e-12 0 
0 2.6009e-10 2.24633e-09 1.02163e-08 3.41987e-08 9.33766e-08 2.17516e-07 4.42787e-07 7.99535e-07 1.29418e-06 1.8934e-06 2.52112e-06 3.07412e-06 3.45253e-06 3.59282e-06 3.48911e-06 3.19508e-06 2.80806e-06 2.44517e-06 2.22269e-06 2.24474e-06 2.59628e-06 3.32389e-06 4.39093e-06 5.63478e-06 6.79007e-06 7.53393e-06 7.44781e-06 6.19826e-06 4.09997e-06 2.09025e-06 8.27929e-07 2.66676e-07 7.4383e-08 1.86969e-08 4.21725e-09 8.27179e-10 1.34349e-10 1.63232e-11 1.06319e-12 0 
0 4.85348e-11 4.07141e-10 1.80144e-09 5.8814e-09 1.57114e-08 3.5933e-08 7.20767e-08 1.28693e-07 2.06641e-07 3.00726e-07 3.99221e-07 4.86215e-07 5.46258e-07 5.69495e-07 5.55094e-07 5.11661e-07 4.54861e-07 4.03706e-07 3.77164e-07 3.91848e-07 4.59796e-07 5.8405e-07 7.50742e-07 9.22081e-07 1.04125e-06 1.05443e-06 9.37505e-07 7.13913e-07 4.53988e-07 2.37811e-07 1.03286e-07 3.80367e-08 1.21499e-08 3.39776e-09 8.27179e-10 1.72125e-10 2.94281e-11 3.74668e-12 2.5475e-13 0 
0 7.63522e-12 6.22789e-11 2.68343e-10 8.55007e-10 2.23504e-09 5.01699e-09 9.90785e-09 1.74708e-08 2.77854e-08 4.01578e-08 5.307e-08 6.44805e-08 7.2415e-08 7.56217e-08 7.40174e-08 6.87534e-08 6.19244e-08 5.60897e-08 5.38034e-08 5.72217e-08 6.76655e-08 8.49218e-08 1.063e-07 1.26123e-07 1.36904e-07 1.32693e-07 1.12841e-07 8.30395e-08 5.2345e-08 2.8137e-08 1.29295e-08 5.11493e-09 1.75351e-09 5.22044e-10 1.34349e-10 2.94281e-11 5.28065e-12 7.03658e-13 4.99268e-14 0 
0 9.13449e-13 7.25475e-12 3.04791e-11 9.48774e-11 2.42879e-10 5.35312e-10 1.04089e-09 1.8122e-09 2.85331e-09 4.09307e-09 5.38157e-09 6.51994e-09 7.31739e-09 7.65442e-09 7.52631e-09 7.05067e-09 6.44018e-09 5.95539e-09 5.85426e-09 6.34352e-09 7.52241e-09 9.30823e-09 1.13626e-08 1.30905e-08 1.38032e-08 1.30429e-08 1.0882e-08 7.93492e-09 5.02474e-09 2.75573e-09 1.3094e-09 5.40187e-10 1.93865e-10 6.04985e-11 1.63232e-11 3.74668e-12 7.03658e-13 9.79572e-14 7.24511e-15 0 
0 5.93479e-14 4.59627e-13 1.88557e-12 5.74179e-12 1.44096e-11 3.12091e-11 5.9783e-11 1.02797e-10 1.60253e-10 2.28158e-10 2.98422e-10 3.60477e-10 4.04292e-10 4.23692e-10 4.18662e-10 3.95789e-10 3.66851e-10 3.46237e-10 3.47955e-10 3.82485e-10 4.532e-10 5.52415e-10 6.58758e-10 7.39546e-10 7.61259e-10 7.0566e-10 5.81707e-10 4.22805e-10 2.69515e-10 1.50268e-10 7.32292e-11 3.12009e-11 1.16227e-11 3.77708e-12 1.06319e-12 2.5475e-13 4.99268e-14 7.24511e-15 5.57712e-16 0 
0 0 0 0 0 0 0 0 0 0 0 0 0 0 0 0 0 0 0 0 0 0 0 0 0 0 0 0 0 0 0 0 0 0 0 0 0 0 0 0 0 
