0 0 0 0 0 0 0 0 0 0 0 0 0 0 0 0 0 0 0 0 0 0 0 0 0 0 0 0 0 0 0 0 0 0 0 0 0 0 0 0 0 
0 6.14947e-11 5.83453e-10 2.91566e-09 1.07137e-08 3.20301e-08 8.13479e-08 1.79447e-07 3.48389e-07 6.00696e-07 9.26296e-07 1.28503e-06 1.61207e-06 1.83689e-06 1.90817e-06 1.81235e-06 1.57718e-06 1.25943e-06 9.23739e-07 6.22746e-07 3.86139e-07 2.20388e-07 1.15904e-07 5.62431e-08 2.52254e-08 1.04774e-08 4.03849e-09 1.44759e-09 4.83465e-10 1.50674e-10 4.38589e-11 1.19234e-11 3.02301e-12 7.12245e-13 1.54878e-13 3.06983e-14 5.42078e-15 8.15057e-16 9.39958e-17 5.9297e-18 0 
0 5.83453e-10 5.75275e-09 2.98616e-08 1.13768e-07 3.51563e-07 9.19074e-07 2.07669e-06 4.10811e-06 7.18016e-06 1.11721e-05 1.55812e-05 1.9599e-05 2.23553e-05 2.32249e-05 2.20468e-05 1.91625e-05 1.52664e-05 1.11522e-05 7.47054e-06 4.58938e-06 2.58676e-06 1.33898e-06 6.37486e-07 2.79722e-07 1.13394e-07 4.25792e-08 1.48485e-08 4.82059e-09 1.45986e-09 4.12932e-10 1.09127e-10 2.69129e-11 6.1733e-12 1.30826e-12 2.53004e-13 4.36433e-14 6.41856e-15 7.2496e-16 4.48498e-17 0 
0 2.91566e-09 2.98616e-08 1.60913e-07 6.34901e-07 2.02372e-06 5.42729e-06 1.24982e-05 2.5023e-05 4.39763e-05 6.84463e-05 9.51807e-05 0.000119246 0.000135578 0.000140679 0.000133704 0.000116593 9.32889e-05 6.84168e-05 4.59219e-05 2.81742e-05 1.57923e-05 8.09178e-06 3.79632e-06 1.63494e-06 6.48352e-07 2.37554e-07 8.06896e-08 2.54868e-08 7.50533e-09 2.06424e-09 5.30621e-10 1.27372e-10 2.84633e-11 5.88285e-12 1.11091e-12 1.87367e-13 2.6979e-14 2.98756e-15 1.81465e-16 0 
0 1.07137e-08 1.13768e-07 6.34901e-07 2.58555e-06 8.45764e-06 2.30945e-05 5.36382e-05 0.000107244 0.00018662 0.000286016 0.000390997 0.000482582 0.000543256 0.00056188 0.000536123 0.000472384 0.000383724 0.000286348 0.000195437 0.000121501 6.86204e-05 3.51856e-05 1.64056e-05 6.9783e-06 2.71954e-06 9.75545e-07 3.23566e-07 9.96327e-08 2.85771e-08 7.65345e-09 1.91614e-09 4.48254e-10 9.77073e-11 1.97196e-11 3.64081e-12 6.01185e-13 8.48704e-14 9.22801e-15 5.51203e-16 0 
0 3.20301e-08 3.51563e-07 2.02372e-06 8.45764e-06 2.81527e-05 7.73091e-05 0.000178069 0.000348361 0.000587391 0.000869018 0.00114947 0.00138244 0.00153149 0.00157623 0.00151356 0.00135635 0.00113067 0.000871371 0.00061579 0.000395651 0.000229517 0.000119777 5.62571e-05 2.38745e-05 9.21005e-06 3.25136e-06 1.05708e-06 3.18265e-07 8.91343e-08 2.32956e-08 5.69176e-09 1.30003e-09 2.76898e-10 5.46662e-11 9.88532e-12 1.60094e-12 2.22e-13 2.37484e-14 1.39801e-15 0 
0 8.13479e-08 9.19074e-07 5.42729e-06 2.30945e-05 7.73091e-05 0.000209924 0.000469378 0.00087827 0.00140695 0.0019819 0.00251735 0.00294081 0.00320335 0.00328071 0.00317129 0.00289356 0.00248318 0.00198996 0.00147344 0.000995016 0.00060491 0.000327897 0.000157932 6.78075e-05 2.61552e-05 9.15141e-06 2.93139e-06 8.6635e-07 2.37672e-07 6.07864e-08 1.45306e-08 3.24815e-09 6.77588e-10 1.31151e-10 2.32811e-11 3.70665e-12 5.0613e-13 5.34112e-14 3.10797e-15 0 
0 1.79447e-07 2.07669e-06 1.24982e-05 5.36382e-05 0.000178069 0.000469378 0.000998939 0.00176081 0.0026616 0.00357288 0.00437991 0.00499853 0.00537549 0.00548576 0.00532994 0.0049314 0.00433277 0.00359252 0.00278213 0.00198288 0.00127755 0.000731315 0.000367815 0.000162344 6.33856e-05 2.21735e-05 7.04131e-06 2.05225e-06 5.53586e-07 1.3901e-07 3.26096e-08 7.15477e-09 1.46592e-09 2.78964e-10 4.87517e-11 7.65382e-12 1.0325e-12 1.07881e-13 6.2312e-15 0 
0 3.48389e-07 4.10811e-06 2.5023e-05 0.000107244 0.000348361 0.00087827 0.00176081 0.00292098 0.00419752 0.00543028 0.00649418 0.00729929 0.00778736 0.00793077 0.00773148 0.0072183 0.00644218 0.00547065 0.00438316 0.003269 0.00222631 0.00135317 0.000719179 0.000330951 0.000132438 4.67606e-05 1.48218e-05 4.28221e-06 1.14056e-06 2.82245e-07 6.52015e-08 1.40889e-08 2.8448e-09 5.3412e-10 9.22355e-11 1.43368e-11 1.91938e-12 1.99598e-13 1.15131e-14 0 
0 6.00696e-07 7.18016e-06 4.39763e-05 0.00018662 0.000587391 0.00140695 0.0026616 0.00419752 0.0058129 0.00733779 0.00864114 0.00962429 0.0102207 0.0103982 0.0101594 0.00953875 0.00859669 0.00741213 0.00607474 0.00468025 0.00333075 0.00213655 0.00120203 0.00058127 0.000240758 8.65426e-05 2.75662e-05 7.93634e-06 2.09649e-06 5.1335e-07 1.17244e-07 2.50505e-08 5.00559e-09 9.31395e-10 1.59721e-10 2.47184e-11 3.30563e-12 3.44737e-13 2.00333e-14 0 
0 9.26296e-07 1.11721e-05 6.84463e-05 0.000286016 0.000869018 0.0019819 0.00357288 0.00543028 0.00733779 0.00912197 0.010643 0.0117909 0.0124894 0.0127014 0.0124293 0.0117129 0.0106218 0.00924665 0.00768888 0.006053 0.00444417 0.00297336 0.00175871 0.000893648 0.000384927 0.000141739 4.5629e-05 1.31558e-05 3.46244e-06 8.42636e-07 1.91138e-07 4.0578e-08 8.06728e-09 1.49669e-09 2.56667e-10 3.98746e-11 5.37804e-12 5.68705e-13 3.37047e-14 0 
0 1.28503e-06 1.55812e-05 9.51807e-05 0.000390997 0.00114947 0.00251735 0.00437991 0.00649418 0.00864114 0.010643 0.0123498 0.01364 0.0144287 0.0146738 0.0143775 0.0135835 0.0123693 0.0108355 0.00909467 0.00726073 0.00544372 0.00375345 0.00230897 0.00122511 0.000548304 0.000207364 6.77354e-05 1.96438e-05 5.17483e-06 1.25798e-06 2.84998e-07 6.05035e-08 1.20572e-08 2.25005e-09 3.89905e-10 6.15505e-11 8.48842e-12 9.23696e-13 5.66525e-14 0 
0 1.61207e-06 1.9599e-05 0.000119246 0.000482582 0.00138244 0.00294081 0.00499853 0.00729929 0.00962429 0.0117909 0.01364 0.0150412 0.0159024 0.0161774 0.0158679 0.0150203 0.0137174 0.0120674 0.0101911 0.00821046 0.0062406 0.00439134 0.00277869 0.00152517 0.000705616 0.000273861 9.09639e-05 2.66374e-05 7.05961e-06 1.72501e-06 3.93286e-07 8.426e-08 1.70188e-08 3.23715e-09 5.75597e-10 9.39014e-11 1.34713e-11 1.53236e-12 9.84434e-14 0 
0 1.83689e-06 2.23553e-05 0.000135578 0.000543256 0.00153149 0.00320335 0.00537549 0.00778736 0.0102207 0.0124894 0.0144287 0.0159024 0.0168138 0.0171139 0.0168035 0.01593 0.0145791 0.012863 0.0109075 0.00883925 0.0067771 0.00483135 0.003115 0.00175149 0.000831567 0.000330212 0.000111642 3.31475e-05 8.89624e-06 2.20441e-06 5.11518e-07 1.1216e-07 2.33496e-08 4.61421e-09 8.58955e-10 1.47578e-10 2.23594e-11 2.68275e-12 1.80868e-13 0 
0 1.90817e-06 2.32249e-05 0.000140679 0.00056188 0.00157623 0.00328071 0.00548576 0.00793077 0.0103982 0.0127014 0.0146738 0.0161774 0.0171139 0.0174327 0.0171337 0.0162637 0.0149083 0.0131802 0.0112063 0.00911425 0.00702399 0.00504555 0.00328976 0.00187848 0.000908599 0.000367933 0.000126821 3.84111e-05 1.05449e-05 2.68676e-06 6.45847e-07 1.48021e-07 3.25051e-08 6.8265e-09 1.35573e-09 2.48248e-10 3.985e-11 5.01784e-12 3.51035e-13 0 
0 1.81235e-06 2.20468e-05 0.000133704 0.000536123 0.00151356 0.00317129 0.00532994 0.00773148 0.0101594 0.0124293 0.0143775 0.0158679 0.0168035 0.0171337 0.0168572 0.016019 0.0147019 0.0130157 0.0110843 0.00903269 0.00697876 0.00503091 0.00329817 0.00189973 0.000931151 0.000384125 0.000135652 4.23771e-05 1.21021e-05 3.24121e-06 8.2824e-07 2.03798e-07 4.83317e-08 1.09598e-08 2.33483e-09 4.53406e-10 7.61272e-11 9.88739e-12 7.046e-13 0 
0 1.57718e-06 1.91625e-05 0.000116593 0.000472384 0.00135635 0.00289356 0.0049314 0.0072183 0.00953875 0.0117129 0.0135835 0.0150203 0.01593 0.0162637 0.016019 0.0152376 0.0139977 0.0124029 0.0105705 0.00861971 0.00666322 0.00480632 0.00315591 0.00182678 0.000906327 0.000382632 0.000140143 4.60737e-05 1.40592e-05 4.08053e-06 1.14118e-06 3.08054e-07 7.96489e-08 1.94317e-08 4.3789e-09 8.84043e-10 1.5194e-10 1.99456e-11 1.42262e-12 0 
0 1.25943e-06 1.52664e-05 9.32889e-05 0.000383724 0.00113067 0.00248318 0.00433277 0.00644218 0.00859669 0.0106218 0.0123693 0.0137174 0.0145791 0.0149083 0.0147019 0.0139977 0.0128671 0.0114055 0.00972094 0.00792378 0.00611961 0.0044091 0.00289569 0.00168591 0.000851871 0.000373391 0.00014526 5.18761e-05 1.75071e-05 5.67045e-06 1.76471e-06 5.22892e-07 1.45427e-07 3.73431e-08 8.68409e-09 1.78021e-09 3.06859e-10 4.00379e-11 2.82059e-12 0 
0 9.23739e-07 1.11522e-05 6.84168e-05 0.000286348 0.000871371 0.00198996 0.00359252 0.00547065 0.00741213 0.00924665 0.0108355 0.0120674 0.012863 0.0131802 0.0130157 0.0124029 0.0114055 0.010109 0.00861067 0.00701043 0.00540548 0.00389065 0.00256278 0.00151337 0.000792377 0.000370777 0.000158857 6.39606e-05 2.45419e-05 8.95987e-06 3.07636e-06 9.79142e-07 2.85071e-07 7.49943e-08 1.75737e-08 3.58694e-09 6.10519e-10 7.82256e-11 5.39317e-12 0 
0 6.22746e-07 7.47054e-06 4.59219e-05 0.000195437 0.00061579 0.00147344 0.00278213 0.00438316 0.00607474 0.00768888 0.00909467 0.0101911 0.0109075 0.0112063 0.0110843 0.0105705 0.00972094 0.00861067 0.00732566 0.0059553 0.0045881 0.00331118 0.00220885 0.00134888 0.000754819 0.000392202 0.000192301 8.95034e-05 3.9205e-05 1.58921e-05 5.86449e-06 1.94724e-06 5.77521e-07 1.52084e-07 3.52448e-08 7.05795e-09 1.17286e-09 1.46318e-10 9.80965e-12 0 
0 3.86139e-07 4.58938e-06 2.81742e-05 0.000121501 0.000395651 0.000995016 0.00198288 0.003269 0.00468025 0.006053 0.00726073 0.00821046 0.00883925 0.00911425 0.00903269 0.00861971 0.00792378 0.00701043 0.0059553 0.00483821 0.00373882 0.00273274 0.00188359 0.00122827 0.000764793 0.000458154 0.000262777 0.00014145 6.95473e-05 3.05022e-05 1.1763e-05 3.96891e-06 1.17219e-06 3.03318e-07 6.85088e-08 1.33104e-08 2.14145e-09 2.58521e-10 1.67808e-11 0 
0 2.20388e-07 2.58676e-06 1.57923e-05 6.86204e-05 0.000229517 0.00060491 0.00127755 0.00222631 0.00333075 0.00444417 0.00544372 0.0062406 0.0067771 0.00702399 0.00697876 0.00666322 0.00611961 0.00540548 0.0045881 0.00373882 0.00292672 0.00220998 0.00162481 0.00117695 0.000844662 0.000594272 0.000398365 0.000244721 0.000132573 6.15734e-05 2.42284e-05 8.1058e-06 2.33226e-06 5.82833e-07 1.26692e-07 2.3669e-08 3.66395e-09 4.26234e-10 2.67155e-11 0 
0 1.15904e-07 1.33898e-06 8.09178e-06 3.51856e-05 0.000119777 0.000327897 0.000731315 0.00135317 0.00213655 0.00297336 0.00375345 0.00439134 0.00483135 0.00504555 0.00503091 0.00480632 0.0044091 0.00389065 0.00331118 0.00273274 0.00220998 0.00177924 0.00145034 0.0012066 0.00101479 0.000839818 0.00065689 0.000461328 0.000275411 0.000134074 5.2485e-05 1.67894e-05 4.53697e-06 1.06549e-06 2.19341e-07 3.90721e-08 5.79373e-09 6.47983e-10 3.91779e-11 0 
0 5.62431e-08 6.37486e-07 3.79632e-06 1.64056e-05 5.62571e-05 0.000157932 0.000367815 0.000719179 0.00120203 0.00175871 0.00230897 0.00277869 0.003115 0.00328976 0.00329817 0.00315591 0.00289569 0.00256278 0.00220885 0.00188359 0.00162481 0.00145034 0.0013554 0.00131832 0.00131323 0.00131127 0.00124996 0.00104251 0.00069604 0.000351876 0.000132671 3.83177e-05 9.04275e-06 1.87409e-06 3.52439e-07 5.90217e-08 8.35037e-09 8.97462e-10 5.23855e-11 0 
0 2.52254e-08 2.79722e-07 1.63494e-06 6.9783e-06 2.38745e-05 6.78075e-05 0.000162344 0.000330951 0.00058127 0.000893648 0.00122511 0.00152517 0.00175149 0.00187848 0.00189973 0.00182678 0.00168591 0.00151337 0.00134888 0.00122827 0.00117695 0.0012066 0.00131832 0.00152583 0.00190141 0.00251357 0.00310644 0.00307004 0.00221387 0.00112572 0.000401679 0.000102546 1.99662e-05 3.33275e-06 5.30638e-07 8.07947e-08 1.08256e-08 1.11903e-09 6.32292e-11 0 
0 1.04774e-08 1.13394e-07 6.48352e-07 2.71954e-06 9.21005e-06 2.61552e-05 6.33856e-05 0.000132438 0.000240758 0.000384927 0.000548304 0.000705616 0.000831567 0.000908599 0.000931151 0.000906327 0.000851871 0.000792377 0.000754819 0.000764793 0.000844662 0.00101479 0.00131323 0.00190141 0.00326609 0.00588266 0.00875965 0.00939894 0.00692894 0.00346962 0.0011837 0.00027803 4.65392e-05 6.15169e-06 7.66558e-07 9.99998e-08 1.24816e-08 1.24213e-09 6.82416e-11 0 
0 4.03849e-09 4.25792e-08 2.37554e-07 9.75545e-07 3.25136e-06 9.15141e-06 2.21735e-05 4.67606e-05 8.65426e-05 0.000141739 0.000207364 0.000273861 0.000330212 0.000367933 0.000384125 0.000382632 0.000373391 0.000370777 0.000392202 0.000458154 0.000594272 0.000839818 0.00131127 0.00251357 0.00588266 0.0127074 0.020337 0.0223648 0.0165555 0.008208 0.00273184 0.00061466 9.49348e-05 1.07187e-05 1.05092e-06 1.11643e-07 1.26767e-08 1.2152e-09 6.53023e-11 0 
0 1.44759e-09 1.48485e-08 8.06896e-08 3.23566e-07 1.05708e-06 2.93139e-06 7.04131e-06 1.48218e-05 2.75662e-05 4.5629e-05 6.77354e-05 9.09639e-05 0.000111642 0.000126821 0.000135652 0.000140143 0.00014526 0.000158857 0.000192301 0.000262777 0.000398365 0.00065689 0.00124996 0.00310644 0.00875965 0.020337 0.0332915 0.0368667 0.0273156 0.0134935 0.00444486 0.00098017 0.00014576 1.51574e-05 1.26102e-06 1.09961e-07 1.12183e-08 1.03886e-09 5.50174e-11 0 
0 4.83465e-10 4.82059e-09 2.54868e-08 9.96327e-08 3.18265e-07 8.6635e-07 2.05225e-06 4.28221e-06 7.93634e-06 1.31558e-05 1.96438e-05 2.66374e-05 3.31475e-05 3.84111e-05 4.23771e-05 4.60737e-05 5.18761e-05 6.39606e-05 8.95034e-05 0.00014145 0.000244721 0.000461328 0.00104251 0.00307004 0.00939894 0.0223648 0.0368667 0.0409101 0.030319 0.0149593 0.00490932 0.00107324 0.000156839 1.56923e-05 1.19547e-06 9.1073e-08 8.51963e-09 7.705e-10 4.05952e-11 0 
0 1.50674e-10 1.45986e-09 7.50533e-09 2.85771e-08 8.91343e-08 2.37672e-07 5.53586e-07 1.14056e-06 2.09649e-06 3.46244e-06 5.17483e-06 7.05961e-06 8.89624e-06 1.05449e-05 1.21021e-05 1.40592e-05 1.75071e-05 2.45419e-05 3.9205e-05 6.95473e-05 0.000132573 0.000275411 0.00069604 0.00221387 0.00692894 0.0165555 0.0273156 0.030319 0.0224701 0.0110843 0.00363436 0.000791994 0.0001149 1.13273e-05 8.34965e-07 6.03147e-08 5.46343e-09 4.93236e-10 2.61468e-11 0 
0 4.38589e-11 4.12932e-10 2.06424e-09 7.65345e-09 2.32956e-08 6.07864e-08 1.3901e-07 2.82245e-07 5.1335e-07 8.42636e-07 1.25798e-06 1.72501e-06 2.20441e-06 2.68676e-06 3.24121e-06 4.08053e-06 5.67045e-06 8.95987e-06 1.58921e-05 3.05022e-05 6.15734e-05 0.000134074 0.000351876 0.00112572 0.00346962 0.008208 0.0134935 0.0149593 0.0110843 0.00546985 0.00179448 0.000390891 5.66617e-05 5.59636e-06 4.17377e-07 3.1155e-08 2.9359e-09 2.72034e-10 1.46811e-11 0 
0 1.19234e-11 1.09127e-10 5.30621e-10 1.91614e-09 5.69176e-09 1.45306e-08 3.26096e-08 6.52015e-08 1.17244e-07 1.91138e-07 2.84998e-07 3.93286e-07 5.11518e-07 6.45847e-07 8.2824e-07 1.14118e-06 1.76471e-06 3.07636e-06 5.86449e-06 1.1763e-05 2.42284e-05 5.2485e-05 0.000132671 0.000401679 0.0011837 0.00273184 0.00444486 0.00490932 0.00363436 0.00179448 0.000589374 0.000128615 1.87595e-05 1.89269e-06 1.50454e-07 1.27212e-08 1.33127e-09 1.29525e-10 7.18839e-12 0 
0 3.02301e-12 2.69129e-11 1.27372e-10 4.48254e-10 1.30003e-09 3.24815e-09 7.15477e-09 1.40889e-08 2.50505e-08 4.0578e-08 6.05035e-08 8.426e-08 1.1216e-07 1.48021e-07 2.03798e-07 3.08054e-07 5.22892e-07 9.79142e-07 1.94724e-06 3.96891e-06 8.1058e-06 1.67894e-05 3.83177e-05 0.000102546 0.00027803 0.00061466 0.00098017 0.00107324 0.000791994 0.000390891 0.000128615 2.82491e-05 4.20154e-06 4.48535e-07 4.11439e-08 4.30901e-09 5.17991e-10 5.34618e-11 3.0726e-12 0 
0 7.12245e-13 6.1733e-12 2.84633e-11 9.77073e-11 2.76898e-10 6.77588e-10 1.46592e-09 2.8448e-09 5.00559e-09 8.06728e-09 1.20572e-08 1.70188e-08 2.33496e-08 3.25051e-08 4.83317e-08 7.96489e-08 1.45427e-07 2.85071e-07 5.77521e-07 1.17219e-06 2.33226e-06 4.53697e-06 9.04275e-06 1.99662e-05 4.65392e-05 9.49348e-05 0.00014576 0.000156839 0.0001149 5.66617e-05 1.87595e-05 4.20154e-06 6.58098e-07 8.00475e-08 9.45841e-09 1.28212e-09 1.7545e-10 1.91917e-11 1.14708e-12 0 
0 1.54878e-13 1.30826e-12 5.88285e-12 1.97196e-11 5.46662e-11 1.31151e-10 2.78964e-10 5.3412e-10 9.31395e-10 1.49669e-09 2.25005e-09 3.23715e-09 4.61421e-09 6.8265e-09 1.09598e-08 1.94317e-08 3.73431e-08 7.49943e-08 1.52084e-07 3.03318e-07 5.82833e-07 1.06549e-06 1.87409e-06 3.33275e-06 6.15169e-06 1.07187e-05 1.51574e-05 1.56923e-05 1.13273e-05 5.59636e-06 1.89269e-06 4.48535e-07 8.00475e-08 1.25598e-08 2.0484e-09 3.44461e-10 5.19261e-11 5.99136e-12 3.73324e-13 0 
0 3.06983e-14 2.53004e-13 1.11091e-12 3.64081e-12 9.88532e-12 2.32811e-11 4.87517e-11 9.22355e-11 1.59721e-10 2.56667e-10 3.89905e-10 5.75597e-10 8.58955e-10 1.35573e-09 2.33483e-09 4.3789e-09 8.68409e-09 1.75737e-08 3.52448e-08 6.85088e-08 1.26692e-07 2.19341e-07 3.52439e-07 5.30638e-07 7.66558e-07 1.05092e-06 1.26102e-06 1.19547e-06 8.34965e-07 4.17377e-07 1.50454e-07 4.11439e-08 9.45841e-09 2.0484e-09 4.30335e-10 8.25566e-11 1.33349e-11 1.6171e-12 1.05185e-13 0 
0 5.42078e-15 4.36433e-14 1.87367e-13 6.01185e-13 1.60094e-12 3.70665e-12 7.65382e-12 1.43368e-11 2.47184e-11 3.98746e-11 6.15505e-11 9.39014e-11 1.47578e-10 2.48248e-10 4.53406e-10 8.84043e-10 1.78021e-09 3.58694e-09 7.05795e-09 1.33104e-08 2.3669e-08 3.90721e-08 5.90217e-08 8.07947e-08 9.99998e-08 1.11643e-07 1.09961e-07 9.1073e-08 6.03147e-08 3.1155e-08 1.27212e-08 4.30901e-09 1.28212e-09 3.44461e-10 8.25566e-11 1.70985e-11 2.91875e-12 3.71235e-13 2.5217e-14 0 
0 8.15057e-16 6.41856e-15 2.6979e-14 8.48704e-14 2.22e-13 5.0613e-13 1.0325e-12 1.91938e-12 3.30563e-12 5.37804e-12 8.48842e-12 1.34713e-11 2.23594e-11 3.985e-11 7.61272e-11 1.5194e-10 3.06859e-10 6.10519e-10 1.17286e-09 2.14145e-09 3.66395e-09 5.79373e-09 8.35037e-09 1.08256e-08 1.24816e-08 1.26767e-08 1.12183e-08 8.51963e-09 5.46343e-09 2.9359e-09 1.33127e-09 5.17991e-10 1.7545e-10 5.19261e-11 1.33349e-11 2.91875e-12 5.23488e-13 6.97164e-14 4.94325e-15 0 
0 9.39958e-17 7.2496e-16 2.98756e-15 9.22801e-15 2.37484e-14 5.34112e-14 1.07881e-13 1.99598e-13 3.44737e-13 5.68705e-13 9.23696e-13 1.53236e-12 2.68275e-12 5.01784e-12 9.88739e-12 1.99456e-11 4.00379e-11 7.82256e-11 1.46318e-10 2.58521e-10 4.26234e-10 6.47983e-10 8.97462e-10 1.11903e-09 1.24213e-09 1.2152e-09 1.03886e-09 7.705e-10 4.93236e-10 2.72034e-10 1.29525e-10 5.34618e-11 1.91917e-11 5.99136e-12 1.6171e-12 3.71235e-13 6.97164e-14 9.70275e-15 7.17331e-16 0 
0 5.9297e-18 4.48498e-17 1.81465e-16 5.51203e-16 1.39801e-15 3.10797e-15 6.2312e-15 1.15131e-14 2.00333e-14 3.37047e-14 5.66525e-14 9.84434e-14 1.80868e-13 3.51035e-13 7.046e-13 1.42262e-12 2.82059e-12 5.39317e-12 9.80965e-12 1.67808e-11 2.67155e-11 3.91779e-11 5.23855e-11 6.32292e-11 6.82416e-11 6.53023e-11 5.50174e-11 4.05952e-11 2.61468e-11 1.46811e-11 7.18839e-12 3.0726e-12 1.14708e-12 3.73324e-13 1.05185e-13 2.5217e-14 4.94325e-15 7.17331e-16 5.52077e-17 0 
0 0 0 0 0 0 0 0 0 0 0 0 0 0 0 0 0 0 0 0 0 0 0 0 0 0 0 0 0 0 0 0 0 0 0 0 0 0 0 0 0 
