0 0 0 0 0 0 0 0 0 0 0 0 0 0 0 0 0 0 0 0 0 0 0 0 0 0 0 0 0 0 0 0 0 0 0 0 0 0 0 0 0 
0 2.31203e-07 2.0841e-06 9.39676e-06 2.94073e-05 7.09889e-05 0.000139977 0.000235156 0.000348234 0.000467002 0.000578893 0.00067327 0.000742412 0.000781707 0.000789476 0.000766664 0.000716468 0.000643929 0.000555478 0.000458415 0.000360288 0.000268152 0.00018775 0.000122776 7.44394e-05 4.1561e-05 2.12478e-05 9.90743e-06 4.20441e-06 1.62303e-06 5.70251e-07 1.82504e-07 5.32145e-08 1.41156e-08 3.3907e-09 7.30133e-10 1.38061e-10 2.19564e-11 2.6503e-12 1.73456e-13 0 
0 2.0841e-06 1.93346e-05 8.72256e-05 0.000263213 0.000592442 0.00106824 0.00163662 0.00223129 0.00279706 0.00329396 0.003694 0.00397841 0.00413666 0.00416609 0.0040715 0.00386421 0.00356069 0.00318103 0.00274758 0.00228405 0.00181526 0.00136689 0.000964325 0.000629373 0.000375212 0.000202124 9.76715e-05 4.2217e-05 1.63406e-05 5.68453e-06 1.78501e-06 5.07643e-07 1.30884e-07 3.05083e-08 6.37231e-09 1.16931e-09 1.80639e-10 2.12091e-11 1.35225e-12 0 
0 9.39676e-06 8.72256e-05 0.0003753 0.00102752 0.00204653 0.00329046 0.00461364 0.00591843 0.00713403 0.00819899 0.0090595 0.00967371 0.0100158 0.010078 0.00987028 0.00941859 0.00876098 0.00794328 0.00701428 0.00602113 0.00500608 0.0040056 0.0030529 0.00218314 0.00143652 0.000851396 0.000446146 0.000204453 8.18327e-05 2.87916e-05 8.99184e-06 2.51521e-06 6.33648e-07 1.43826e-07 2.92131e-08 5.21244e-09 7.83559e-10 8.96297e-11 5.57556e-12 0 
0 2.94073e-05 0.000263213 0.00102752 0.00246544 0.004372 0.00651438 0.00875741 0.0109909 0.0130968 0.014957 0.0164673 0.017548 0.0181503 0.018259 0.0178917 0.0170948 0.0159372 0.0145026 0.0128814 0.011162 0.00942405 0.00773239 0.00613354 0.00465776 0.00332958 0.00218466 0.0012756 0.000644216 0.000277054 0.000101621 3.22267e-05 8.98409e-06 2.22997e-06 4.95595e-07 9.82734e-08 1.71023e-08 2.50805e-09 2.80126e-10 1.70361e-11 0 
0 7.09889e-05 0.000592442 0.00204653 0.004372 0.00722993 0.010431 0.0138278 0.0172404 0.0204714 0.0233308 0.0256544 0.0273177 0.0282447 0.0284116 0.0278455 0.0266181 0.024836 0.0226291 0.0201379 0.0175012 0.0148458 0.0122781 0.00987776 0.00769423 0.00574754 0.00404165 0.00259422 0.00145957 0.000693451 0.000273503 9.02847e-05 2.55082e-05 6.305e-06 1.38158e-06 2.68773e-07 4.57929e-08 6.57172e-09 7.18617e-10 4.28285e-11 0 
0 0.000139977 0.00106824 0.00329046 0.00651438 0.010431 0.0148697 0.0196108 0.0243853 0.02891 0.0329159 0.036172 0.0385029 0.039802 0.0400358 0.0392422 0.0375217 0.0350242 0.0319321 0.0284428 0.0247517 0.021038 0.0174535 0.0141151 0.0111008 0.00844765 0.00615383 0.004197 0.0025784 0.00135673 0.00058652 0.000206122 6.00722e-05 1.49619e-05 3.25766e-06 6.2513e-07 1.04709e-07 1.47553e-08 1.58434e-09 9.27769e-11 0 
0 0.000235156 0.00163662 0.00461364 0.00875741 0.0138278 0.0196108 0.0258 0.0320367 0.0379486 0.0431835 0.0474403 0.0504931 0.0522004 0.0525086 0.0514642 0.0492075 0.0459401 0.041899 0.03734 0.0325185 0.0276691 0.0229912 0.0186398 0.0147212 0.011292 0.00836003 0.00589038 0.00383451 0.00219366 0.00104014 0.000394355 0.000120321 3.05374e-05 6.65732e-06 1.267e-06 2.09513e-07 2.90924e-08 3.07669e-09 1.77503e-10 0 
0 0.000348234 0.00223129 0.00591843 0.0109909 0.0172404 0.0243853 0.0320367 0.0397483 0.0470594 0.0535421 0.0588607 0.0627742 0.065041 0.0654599 0.0640575 0.0611119 0.0569783 0.0519523 0.0463107 0.0403491 0.0343541 0.0285727 0.0231975 0.0183617 0.0141397 0.0105496 0.00755725 0.00508979 0.00308856 0.00158448 0.00064884 0.000209038 5.45318e-05 1.19818e-05 2.27271e-06 3.72484e-07 5.11373e-08 5.34243e-09 3.04483e-10 0 
0 0.000467002 0.00279706 0.00713403 0.0130968 0.0204714 0.02891 0.0379486 0.0470594 0.0557094 0.063475 0.0701125 0.0751903 0.0780889 0.0786209 0.0768631 0.0730342 0.0677164 0.0615491 0.0548257 0.0477761 0.0406943 0.0338659 0.0275188 0.0218114 0.0168334 0.012611 0.00911255 0.00625623 0.00394394 0.00214801 0.000941925 0.000320787 8.64183e-05 1.92265e-05 3.64898e-06 5.94759e-07 8.09766e-08 8.38061e-09 4.73066e-10 0 
0 0.000578893 0.00329396 0.00819899 0.014957 0.0233308 0.0329159 0.0431835 0.0535421 0.063475 0.0727186 0.0805993 0.0858273 0.0884205 0.0888905 0.0873963 0.0837514 0.0777963 0.0703328 0.0624294 0.0543625 0.0463124 0.0385563 0.0313478 0.0248673 0.0192178 0.0144316 0.0104785 0.00727281 0.0046946 0.00266661 0.00123533 0.000442376 0.000123095 2.77913e-05 5.29151e-06 8.60055e-07 1.16436e-07 1.19681e-08 6.70723e-10 0 
0 0.00067327 0.003694 0.0090595 0.0164673 0.0256544 0.036172 0.0474403 0.0588607 0.0701125 0.0805993 0.0881705 0.0924957 0.0946016 0.0949993 0.09381 0.0908632 0.0856618 0.0778643 0.0688017 0.0597517 0.0508859 0.0423732 0.0344638 0.027354 0.0211577 0.0159114 0.0115855 0.00809173 0.00529863 0.00309474 0.00149268 0.000556755 0.000159424 3.65146e-05 6.98374e-06 1.13411e-06 1.53008e-07 1.56554e-08 8.73023e-10 0 
0 0.000742412 0.00397841 0.00967371 0.017548 0.0273177 0.0385029 0.0504931 0.0627742 0.0751903 0.0858273 0.0924957 0.096262 0.0981272 0.0984911 0.0974507 0.0948776 0.0903591 0.0831651 0.0735924 0.0636791 0.054172 0.0451118 0.0366998 0.0291389 0.0225501 0.0169735 0.012379 0.00867694 0.00572945 0.00340441 0.0016867 0.00064779 0.000189626 4.39547e-05 8.44487e-06 1.3719e-06 1.84783e-07 1.88582e-08 1.04859e-09 0 
0 0.000781707 0.00413666 0.0100158 0.0181503 0.0282447 0.039802 0.0522004 0.065041 0.0780889 0.0884205 0.0946016 0.0981272 0.0998902 0.10024 0.0992646 0.0968533 0.0926457 0.085907 0.0763489 0.0659276 0.0560186 0.046647 0.0379539 0.0301406 0.0233324 0.0175707 0.0128257 0.0090066 0.00597267 0.00358145 0.00180114 0.000703761 0.000208871 4.88091e-05 9.4118e-06 1.53068e-06 2.06137e-07 2.10223e-08 1.16785e-09 0 
0 0.000789476 0.00416609 0.010078 0.018259 0.0284116 0.0400358 0.0525086 0.0654599 0.0786209 0.0888905 0.0949993 0.0984911 0.10024 0.100589 0.0996238 0.0972369 0.0930766 0.0864135 0.0768726 0.0663565 0.0563682 0.0469389 0.038194 0.0303341 0.023485 0.0176889 0.0129158 0.00907501 0.00602552 0.00362263 0.00183 0.000719026 0.000214473 5.02978e-05 9.72154e-06 1.58357e-06 2.13523e-07 2.17994e-08 1.21231e-09 0 
0 0.000766664 0.0040715 0.00987028 0.0178917 0.0278455 0.0392422 0.0514642 0.0640575 0.0768631 0.0873963 0.09381 0.0974507 0.0992646 0.0996238 0.0986201 0.0961363 0.0917898 0.0848363 0.0752228 0.0650056 0.0552706 0.0460313 0.0374563 0.0297483 0.023031 0.0173458 0.012663 0.00889289 0.00589647 0.00353405 0.00177635 0.000694282 0.00020641 4.83726e-05 9.36035e-06 1.52812e-06 2.06619e-07 2.11599e-08 1.18065e-09 0 
0 0.000716468 0.00386421 0.00941859 0.0170948 0.0266181 0.0375217 0.0492075 0.0611119 0.0730342 0.0837514 0.0908632 0.0948776 0.0968533 0.0972369 0.0961363 0.0934077 0.0886002 0.0810807 0.0716464 0.0621055 0.0528744 0.0440422 0.035837 0.0284604 0.022031 0.0165879 0.0121022 0.00848595 0.00560441 0.00333027 0.0016512 0.000635976 0.000187181 4.36999e-05 8.46324e-06 1.38649e-06 1.88387e-07 1.94021e-08 1.0892e-09 0 
0 0.000643929 0.00356069 0.00876098 0.0159372 0.024836 0.0350242 0.0459401 0.0569783 0.0677164 0.0777963 0.0856618 0.0903591 0.0926457 0.0930766 0.0917898 0.0886002 0.083057 0.0752665 0.0666404 0.0579682 0.0493953 0.0411468 0.0334796 0.0265855 0.0205753 0.0154849 0.0112857 0.00789244 0.00517764 0.00303405 0.00147288 0.000555218 0.00016115 3.74528e-05 7.26976e-06 1.19826e-06 1.64143e-07 1.70618e-08 9.67246e-10 0 
0 0.000555478 0.00318103 0.00794328 0.0145026 0.0226291 0.0319321 0.041899 0.0519523 0.0615491 0.0703328 0.0778643 0.0831651 0.085907 0.0864135 0.0848363 0.0810807 0.0752665 0.0682328 0.0606936 0.0528962 0.0450877 0.0375589 0.0305593 0.0242643 0.0187746 0.014122 0.0102781 0.00716056 0.00465352 0.00267712 0.00126662 0.000466304 0.000133606 3.10107e-05 6.05893e-06 1.0096e-06 1.40111e-07 1.47687e-08 8.4928e-10 0 
0 0.000458415 0.00274758 0.00701428 0.0128814 0.0201379 0.0284428 0.03734 0.0463107 0.0548257 0.0624294 0.0688017 0.0735924 0.0763489 0.0768726 0.0752228 0.0716464 0.0666404 0.0606936 0.0541147 0.0471889 0.040226 0.0335102 0.027266 0.0216496 0.0167497 0.0125934 0.00915163 0.00634697 0.00408004 0.00230215 0.00106392 0.000384971 0.000109832 2.56812e-05 5.09027e-06 8.63248e-07 1.22051e-07 1.31042e-08 7.66926e-10 0 
0 0.000360288 0.00228405 0.00602113 0.011162 0.0175012 0.0247517 0.0325185 0.0403491 0.0477761 0.0543625 0.0597517 0.0636791 0.0659276 0.0663565 0.0650056 0.0621055 0.0579682 0.0528962 0.0471889 0.041154 0.0350843 0.0292305 0.0237884 0.0188936 0.0146222 0.0109953 0.00798409 0.00551888 0.00352086 0.00196521 0.000900935 0.000326624 9.44225e-05 2.25301e-05 4.56803e-06 7.9203e-07 1.14274e-07 1.24901e-08 7.42214e-10 0 
0 0.000268152 0.00181526 0.00500608 0.00942405 0.0148458 0.021038 0.0276691 0.0343541 0.0406943 0.0463124 0.0508859 0.054172 0.0560186 0.0563682 0.0552706 0.0528744 0.0493953 0.0450877 0.040226 0.0350843 0.0299145 0.0249309 0.0203001 0.0161374 0.0125071 0.00942553 0.00686525 0.00476586 0.00306297 0.00173437 0.000814528 0.000304718 9.09738e-05 2.23219e-05 4.62603e-06 8.15207e-07 1.18976e-07 1.3104e-08 7.82277e-10 0 
0 0.00018775 0.00136689 0.0040056 0.00773239 0.0122781 0.0174535 0.0229912 0.0285727 0.0338659 0.0385563 0.0423732 0.0451118 0.046647 0.0469389 0.0460313 0.0440422 0.0411468 0.0375589 0.0335102 0.0292305 0.0249309 0.0207905 0.0169496 0.0135076 0.0105269 0.00802787 0.00597132 0.00426818 0.00284339 0.00168508 0.000835771 0.00032918 0.00010188 2.54675e-05 5.30938e-06 9.34067e-07 1.35515e-07 1.48021e-08 8.75197e-10 0 
0 0.000122776 0.000964325 0.0030529 0.00613354 0.00987776 0.0141151 0.0186398 0.0231975 0.0275188 0.0313478 0.0344638 0.0366998 0.0379539 0.038194 0.0374563 0.035837 0.0334796 0.0305593 0.027266 0.0237884 0.0203001 0.0169496 0.0138593 0.0111438 0.00893135 0.00729289 0.00604836 0.00479774 0.00337285 0.00202341 0.00101713 0.000410159 0.000128431 3.18784e-05 6.52835e-06 1.12403e-06 1.59518e-07 1.70566e-08 9.88483e-10 0 
0 7.44394e-05 0.000629373 0.00218314 0.00465776 0.00769423 0.0111008 0.0147212 0.0183617 0.0218114 0.0248673 0.027354 0.0291389 0.0301406 0.0303341 0.0297483 0.0284604 0.0265855 0.0242643 0.0216496 0.0188936 0.0161374 0.0135076 0.0111438 0.00931255 0.00852965 0.00917068 0.0103409 0.00995195 0.00725677 0.00393318 0.00167573 0.0005977 0.000174543 4.10078e-05 8.01156e-06 1.32782e-06 1.82566e-07 1.89919e-08 1.07423e-09 0 
0 4.1561e-05 0.000375212 0.00143652 0.00332958 0.00574754 0.00844765 0.011292 0.0141397 0.0168334 0.0192178 0.0211577 0.0225501 0.0233324 0.023485 0.023031 0.022031 0.0205753 0.0187746 0.0167497 0.0146222 0.0125071 0.0105269 0.00893135 0.00852965 0.0112038 0.0184256 0.0271812 0.0306751 0.0211803 0.0107205 0.00383758 0.00107016 0.000255868 5.24364e-05 9.34489e-06 1.46376e-06 1.94015e-07 1.96272e-08 1.08449e-09 0 
0 2.12478e-05 0.000202124 0.000851396 0.00218466 0.00404165 0.00615383 0.00836003 0.0105496 0.012611 0.0144316 0.0159114 0.0169735 0.0175707 0.0176889 0.0173458 0.0165879 0.0154849 0.014122 0.0125934 0.0109953 0.00942553 0.00802787 0.00729289 0.00917068 0.0184256 0.0392093 0.0718186 0.0785414 0.055853 0.0249474 0.00839535 0.00201165 0.000386937 6.51358e-05 1.00684e-05 1.45704e-06 1.85599e-07 1.83213e-08 9.93358e-10 0 
0 9.90743e-06 9.76715e-05 0.000446146 0.0012756 0.00259422 0.004197 0.00589038 0.00755725 0.00911255 0.0104785 0.0115855 0.012379 0.0128257 0.0129158 0.012663 0.0121022 0.0112857 0.0102781 0.00915163 0.00798409 0.00686525 0.00597132 0.00604836 0.0103409 0.0271812 0.0718186 0.0876536 0.0896297 0.0832146 0.0468362 0.0135271 0.00306347 0.000517854 7.33887e-05 9.69386e-06 1.27777e-06 1.56475e-07 1.51695e-08 8.12699e-10 0 
0 4.20441e-06 4.2217e-05 0.000204453 0.000644216 0.00145957 0.0025784 0.00383451 0.00508979 0.00625623 0.00727281 0.00809173 0.00867694 0.0090066 0.00907501 0.00889289 0.00848595 0.00789244 0.00716056 0.00634697 0.00551888 0.00476586 0.00426818 0.00479774 0.00995195 0.0306751 0.0785414 0.0896297 0.0910943 0.0858069 0.056092 0.0149133 0.00331634 0.000530183 6.7665e-05 7.91761e-06 9.63133e-07 1.14495e-07 1.10073e-08 5.87798e-10 0 
0 1.62303e-06 1.63406e-05 8.18327e-05 0.000277054 0.000693451 0.00135673 0.00219366 0.00308856 0.00394394 0.0046946 0.00529863 0.00572945 0.00597267 0.00602552 0.00589647 0.00560441 0.00517764 0.00465352 0.00408004 0.00352086 0.00306297 0.00284339 0.00337285 0.00725677 0.0211803 0.055853 0.0832146 0.0858069 0.0762599 0.0345279 0.0110447 0.00245031 0.000385789 4.70862e-05 5.19711e-06 6.09406e-07 7.19396e-08 6.94876e-09 3.73471e-10 0 
0 5.70251e-07 5.68453e-06 2.87916e-05 0.000101621 0.000273503 0.00058652 0.00104014 0.00158448 0.00214801 0.00266661 0.00309474 0.00340441 0.00358145 0.00362263 0.00353405 0.00333027 0.00303405 0.00267712 0.00230215 0.00196521 0.00173437 0.00168508 0.00202341 0.00393318 0.0107205 0.0249474 0.0468362 0.056092 0.0345279 0.0165955 0.0054739 0.00122544 0.000194728 2.38229e-05 2.66023e-06 3.19544e-07 3.86276e-08 3.80378e-09 2.07776e-10 0 
0 1.82504e-07 1.78501e-06 8.99184e-06 3.22267e-05 9.02847e-05 0.000206122 0.000394355 0.00064884 0.000941925 0.00123533 0.00149268 0.0016867 0.00180114 0.00183 0.00177635 0.0016512 0.00147288 0.00126662 0.00106392 0.000900935 0.000814528 0.000835771 0.00101713 0.00167573 0.00383758 0.00839535 0.0135271 0.0149133 0.0110447 0.0054739 0.00182484 0.000417689 6.83696e-05 8.79296e-06 1.06917e-06 1.39579e-07 1.77567e-08 1.80542e-09 1.01106e-10 0 
0 5.32145e-08 5.07643e-07 2.51521e-06 8.98409e-06 2.55082e-05 6.00722e-05 0.000120321 0.000209038 0.000320787 0.000442376 0.000556755 0.00064779 0.000703761 0.000719026 0.000694282 0.000635976 0.000555218 0.000466304 0.000384971 0.000326624 0.000304718 0.00032918 0.000410159 0.0005977 0.00107016 0.00201165 0.00306347 0.00331634 0.00245031 0.00122544 0.000417689 9.90597e-05 1.72119e-05 2.47862e-06 3.51793e-07 5.17777e-08 7.03081e-09 7.44347e-10 4.30361e-11 0 
0 1.41156e-08 1.30884e-07 6.33648e-07 2.22997e-06 6.305e-06 1.49619e-05 3.05374e-05 5.45318e-05 8.64183e-05 0.000123095 0.000159424 0.000189626 0.000208871 0.000214473 0.00020641 0.000187181 0.00016115 0.000133606 0.000109832 9.44225e-05 9.09738e-05 0.00010188 0.000128431 0.000174543 0.000255868 0.000386937 0.000517854 0.000530183 0.000385789 0.000194728 6.83696e-05 1.72119e-05 3.36149e-06 5.83157e-07 1.00161e-07 1.66346e-08 2.41201e-09 2.6703e-10 1.60208e-11 0 
0 3.3907e-09 3.05083e-08 1.43826e-07 4.95595e-07 1.38158e-06 3.25766e-06 6.65732e-06 1.19818e-05 1.92265e-05 2.77913e-05 3.65146e-05 4.39547e-05 4.88091e-05 5.02978e-05 4.83726e-05 4.36999e-05 3.74528e-05 3.10107e-05 2.56812e-05 2.25301e-05 2.23219e-05 2.54675e-05 3.18784e-05 4.10078e-05 5.24364e-05 6.51358e-05 7.33887e-05 6.7665e-05 4.70862e-05 2.38229e-05 8.79296e-06 2.47862e-06 5.83157e-07 1.25718e-07 2.55125e-08 4.66663e-09 7.18351e-10 8.33103e-11 5.20409e-12 0 
0 7.30133e-10 6.37231e-09 2.92131e-08 9.82734e-08 2.68773e-07 6.2513e-07 1.267e-06 2.27271e-06 3.64898e-06 5.29151e-06 6.98374e-06 8.44487e-06 9.4118e-06 9.72154e-06 9.36035e-06 8.46324e-06 7.26976e-06 6.05893e-06 5.09027e-06 4.56803e-06 4.62603e-06 5.30938e-06 6.52835e-06 8.01156e-06 9.34489e-06 1.00684e-05 9.69386e-06 7.91761e-06 5.19711e-06 2.66023e-06 1.06917e-06 3.51793e-07 1.00161e-07 2.55125e-08 5.78831e-09 1.13758e-09 1.84899e-10 2.2475e-11 1.46447e-12 0 
0 1.38061e-10 1.16931e-09 5.21244e-09 1.71023e-08 4.57929e-08 1.04709e-07 2.09513e-07 3.72484e-07 5.94759e-07 8.60055e-07 1.13411e-06 1.3719e-06 1.53068e-06 1.58357e-06 1.52812e-06 1.38649e-06 1.19826e-06 1.0096e-06 8.63248e-07 7.9203e-07 8.15207e-07 9.34067e-07 1.12403e-06 1.32782e-06 1.46376e-06 1.45704e-06 1.27777e-06 9.63133e-07 6.09406e-07 3.19544e-07 1.39579e-07 5.17777e-08 1.66346e-08 4.66663e-09 1.13758e-09 2.36842e-10 4.05053e-11 5.15847e-12 3.50848e-13 0 
0 2.19564e-11 1.80639e-10 7.83559e-10 2.50805e-09 6.57172e-09 1.47553e-08 2.90924e-08 5.11373e-08 8.09766e-08 1.16436e-07 1.53008e-07 1.84783e-07 2.06137e-07 2.13523e-07 2.06619e-07 1.88387e-07 1.64143e-07 1.40111e-07 1.22051e-07 1.14274e-07 1.18976e-07 1.35515e-07 1.59518e-07 1.82566e-07 1.94015e-07 1.85599e-07 1.56475e-07 1.14495e-07 7.19396e-08 3.86276e-08 1.77567e-08 7.03081e-09 2.41201e-09 7.18351e-10 1.84899e-10 4.05053e-11 7.26939e-12 9.68832e-13 6.87562e-14 0 
0 2.6503e-12 2.12091e-11 8.96297e-11 2.80126e-10 7.18617e-10 1.58434e-09 3.07669e-09 5.34243e-09 8.38061e-09 1.19681e-08 1.56554e-08 1.88582e-08 2.10223e-08 2.17994e-08 2.11599e-08 1.94021e-08 1.70618e-08 1.47687e-08 1.31042e-08 1.24901e-08 1.3104e-08 1.48021e-08 1.70566e-08 1.89919e-08 1.96272e-08 1.83213e-08 1.51695e-08 1.10073e-08 6.94876e-09 3.80378e-09 1.80542e-09 7.44347e-10 2.6703e-10 8.33103e-11 2.2475e-11 5.15847e-12 9.68832e-13 1.34884e-13 9.97763e-15 0 
0 1.73456e-13 1.35225e-12 5.57556e-12 1.70361e-11 4.28285e-11 9.27769e-11 1.77503e-10 3.04483e-10 4.73066e-10 6.70723e-10 8.73023e-10 1.04859e-09 1.16785e-09 1.21231e-09 1.18065e-09 1.0892e-09 9.67246e-10 8.4928e-10 7.66926e-10 7.42214e-10 7.82277e-10 8.75197e-10 9.88483e-10 1.07423e-09 1.08449e-09 9.93358e-10 8.12699e-10 5.87798e-10 3.73471e-10 2.07776e-10 1.01106e-10 4.30361e-11 1.60208e-11 5.20409e-12 1.46447e-12 3.50848e-13 6.87562e-14 9.97763e-15 7.68106e-16 0 
0 0 0 0 0 0 0 0 0 0 0 0 0 0 0 0 0 0 0 0 0 0 0 0 0 0 0 0 0 0 0 0 0 0 0 0 0 0 0 0 0 
