0 0 0 0 0 0 0 0 0 0 0 0 0 0 0 0 0 0 0 0 0 0 0 0 0 0 0 0 0 0 0 0 0 0 0 0 0 0 0 0 0 
0 1.0039e-08 9.34946e-08 4.50222e-07 1.56063e-06 4.30695e-06 9.90387e-06 1.95014e-05 3.35632e-05 5.13751e-05 7.10097e-05 8.97718e-05 0.000104888 0.000114153 0.00011636 0.000111457 0.000100464 8.51905e-05 6.78497e-05 5.0618e-05 3.52514e-05 2.28316e-05 1.37028e-05 7.59713e-06 3.88215e-06 1.82614e-06 7.90551e-07 3.1514e-07 1.15808e-07 3.9283e-08 1.23136e-08 3.56853e-09 9.55461e-10 2.35715e-10 5.32639e-11 1.08977e-11 1.97482e-12 3.03182e-13 3.55447e-14 2.27091e-15 0 
0 9.34946e-08 9.07482e-07 4.52622e-06 1.60711e-05 4.47621e-05 0.00010221 0.000196971 0.000328439 0.000484934 0.00064715 0.000793952 0.000907204 0.000974444 0.000989784 0.000953734 0.00087245 0.000756626 0.000620049 0.000477796 0.000344083 0.00023001 0.000141782 8.01443e-05 4.13869e-05 1.94932e-05 8.3773e-06 3.29117e-06 1.18524e-06 3.92398e-07 1.19729e-07 3.37223e-08 8.7691e-09 2.10105e-09 4.61312e-10 9.17851e-11 1.61924e-11 2.42309e-12 2.77267e-13 1.73127e-14 0 
0 4.50222e-07 4.52622e-06 2.31164e-05 8.24296e-05 0.000224945 0.000491264 0.000890373 0.00138797 0.00192318 0.00243275 0.002865 0.0031836 0.00336699 0.00340693 0.00330691 0.00308057 0.00274999 0.00234402 0.00189659 0.00144473 0.00102544 0.000670391 0.000399229 0.000214716 0.000103829 4.51455e-05 1.77144e-05 6.30753e-06 2.04993e-06 6.11136e-07 1.67718e-07 4.24364e-08 9.88916e-09 2.11237e-09 4.09182e-10 7.03513e-11 1.02726e-11 1.1485e-12 7.01635e-14 0 
0 1.56063e-06 1.60711e-05 8.24296e-05 0.00028626 0.000735611 0.00147767 0.00245071 0.00353197 0.00460241 0.00556946 0.006365 0.00694117 0.00726901 0.00733821 0.00715623 0.0067462 0.00614371 0.00539313 0.00454418 0.00364971 0.00276518 0.00194829 0.0012548 0.000726054 0.000372524 0.000168595 6.75074e-05 2.41215e-05 7.77109e-06 2.27819e-06 6.11866e-07 1.5112e-07 3.43372e-08 7.15043e-09 1.35095e-09 2.26742e-10 3.23566e-11 3.5398e-12 2.11879e-13 0 
0 4.30695e-06 4.47621e-05 0.000224945 0.000735611 0.00172555 0.00314629 0.00481484 0.00655264 0.00822222 0.00971329 0.0109352 0.0118189 0.0123208 0.0124252 0.0121437 0.0115124 0.0105862 0.00943309 0.00812645 0.0067396 0.00534191 0.00399925 0.00277874 0.00175111 0.000976814 0.00047374 0.00019875 7.27016e-05 2.35342e-05 6.84482e-06 1.80982e-06 4.38185e-07 9.74003e-08 1.98277e-08 3.66241e-09 6.01344e-10 8.40277e-11 9.01137e-12 5.29382e-13 0 
0 9.90387e-06 0.00010221 0.000491264 0.00147767 0.00314629 0.00529758 0.00768943 0.0101352 0.0124765 0.014568 0.0162833 0.0175244 0.0182292 0.0183751 0.0179786 0.0170906 0.0157896 0.0141719 0.0123422 0.0104037 0.00845012 0.00656182 0.00480709 0.00325259 0.00197428 0.00104219 0.000468634 0.000179272 5.9246e-05 1.72789e-05 4.52983e-06 1.08055e-06 2.35875e-07 4.70891e-08 8.52719e-09 1.37308e-09 1.88297e-10 1.98366e-11 1.14593e-12 0 
0 1.95014e-05 0.000196971 0.000890373 0.00245071 0.00481484 0.00768943 0.0108309 0.0140365 0.0171075 0.0198531 0.0221062 0.023737 0.0246634 0.0248554 0.0243347 0.0231685 0.0214602 0.0193375 0.0169388 0.0144011 0.0118489 0.00938631 0.00709382 0.00503315 0.00326523 0.00186793 0.000909114 0.000369726 0.000126666 3.74605e-05 9.81162e-06 2.31834e-06 4.99049e-07 9.80387e-08 1.74572e-08 2.76422e-09 3.7294e-10 3.86824e-11 2.20214e-12 0 
0 3.35632e-05 0.000328439 0.00138797 0.00353197 0.00655264 0.0101352 0.0140365 0.0180193 0.0218372 0.0252521 0.0280555 0.0300855 0.0312396 0.0314803 0.0308341 0.0293848 0.0272614 0.0246232 0.0216431 0.0184924 0.0153274 0.012279 0.00944642 0.00689772 0.00468105 0.00285329 0.00149553 0.000650831 0.000233693 7.07727e-05 1.86533e-05 4.38872e-06 9.3543e-07 1.81464e-07 3.18715e-08 4.97659e-09 6.62299e-10 6.78009e-11 3.81241e-12 0 
0 5.13751e-05 0.000484934 0.00192318 0.00460241 0.00822222 0.0124765 0.0171075 0.0218372 0.0263725 0.0304305 0.0337631 0.0361777 0.0375522 0.0378413 0.0370765 0.0353572 0.0328367 0.0297045 0.0261666 0.0224273 0.0186731 0.0150607 0.0117093 0.0086986 0.00607414 0.00387184 0.00215536 0.000999928 0.000377878 0.000117946 3.1461e-05 7.40413e-06 1.56853e-06 3.01472e-07 5.23872e-08 8.0897e-09 1.06484e-09 1.07865e-10 6.0053e-12 0 
0 7.10097e-05 0.00064715 0.00243275 0.00556946 0.00971329 0.014568 0.0198531 0.0252521 0.0304305 0.0350654 0.0388735 0.0416346 0.0432086 0.0435436 0.0426748 0.0407156 0.0378409 0.0342671 0.03023 0.0259632 0.0216803 0.0175612 0.0137433 0.0103183 0.00733481 0.00481655 0.00280307 0.00137191 0.000544186 0.00017542 4.75163e-05 1.12237e-05 2.37081e-06 4.52852e-07 7.80891e-08 1.19598e-08 1.56139e-09 1.56927e-10 8.67321e-12 0 
0 8.97718e-05 0.000793952 0.002865 0.006365 0.0109352 0.0162833 0.0221062 0.0280555 0.0337631 0.0388735 0.0430743 0.0461227 0.0478636 0.0482392 0.0472877 0.0451337 0.0419697 0.0380342 0.0335872 0.0288865 0.0241681 0.019631 0.0154276 0.0116599 0.00838147 0.0056102 0.0033665 0.00171603 0.000709026 0.000235509 6.48282e-05 1.54001e-05 3.25178e-06 6.18995e-07 1.06224e-07 1.61827e-08 2.10158e-09 2.10182e-10 1.15661e-11 0 
0 0.000104888 0.000907204 0.0031836 0.00694117 0.0118189 0.0175244 0.023737 0.0300855 0.0361777 0.0416346 0.0461227 0.0493825 0.0512479 0.0516566 0.0506488 0.0483567 0.0449854 0.0407893 0.0360457 0.0310302 0.025995 0.0211532 0.0166681 0.0126497 0.00915539 0.00620126 0.00379543 0.00198975 0.000847642 0.000288502 8.05725e-05 1.92626e-05 4.07362e-06 7.74747e-07 1.32696e-07 2.01711e-08 2.61428e-09 2.61065e-10 1.43551e-11 0 
0 0.000114153 0.000974444 0.00336699 0.00726901 0.0123208 0.0182292 0.0246634 0.0312396 0.0375522 0.0432086 0.0478636 0.0512479 0.053189 0.0536216 0.0525867 0.0502204 0.0467348 0.0423928 0.0374817 0.032287 0.0270704 0.0220531 0.017405 0.0132408 0.00962065 0.00656015 0.00406099 0.00216528 0.000940717 0.000325655 9.19751e-05 2.21253e-05 4.69386e-06 8.94272e-07 1.53371e-07 2.33486e-08 3.03232e-09 3.03695e-10 1.67665e-11 0 
0 0.00011636 0.000989784 0.00340693 0.00733821 0.0124252 0.0183751 0.0248554 0.0314803 0.0378413 0.0435436 0.0482392 0.0516566 0.0536216 0.0540678 0.0530356 0.0506615 0.0471583 0.0427905 0.037847 0.0326154 0.0273596 0.0223026 0.0176163 0.0134167 0.00976527 0.00667754 0.00415331 0.00223079 0.000978197 0.000341745 9.72524e-05 2.35353e-05 5.01894e-06 9.61122e-07 1.65766e-07 2.54012e-08 3.32461e-09 3.36066e-10 1.87577e-11 0 
0 0.000111457 0.000953734 0.00330691 0.00715623 0.0121437 0.0179786 0.0243347 0.0308341 0.0370765 0.0426748 0.0472877 0.0506488 0.0525867 0.0530356 0.0520345 0.0497165 0.0462896 0.0420127 0.0371686 0.0320392 0.0268832 0.0219197 0.0173176 0.0131912 0.00960112 0.00656337 0.00407951 0.0021896 0.000960487 0.000336434 9.62269e-05 2.34534e-05 5.04588e-06 9.76492e-07 1.70505e-07 2.65037e-08 3.52642e-09 3.63165e-10 2.06939e-11 0 
0 0.000100464 0.00087245 0.00308057 0.0067462 0.0115124 0.0170906 0.0231685 0.0293848 0.0353572 0.0407156 0.0451337 0.0483567 0.0502204 0.0506615 0.0497165 0.0475121 0.0442463 0.0401661 0.0355412 0.0306408 0.025712 0.0209642 0.016559 0.0126056 0.00916215 0.00624552 0.00386231 0.00205878 0.00089794 0.000314322 9.04444e-05 2.23057e-05 4.87784e-06 9.63061e-07 1.72128e-07 2.74691e-08 3.76176e-09 3.99474e-10 2.34956e-11 0 
0 8.51905e-05 0.000756626 0.00274999 0.00614371 0.0105862 0.0157896 0.0214602 0.0272614 0.0328367 0.0378409 0.0419697 0.0449854 0.0467348 0.0471583 0.0462896 0.0442463 0.0412126 0.0374179 0.0331135 0.0285497 0.0239568 0.0195294 0.015418 0.0117239 0.00850133 0.00576816 0.003539 0.00186788 0.000809291 0.000284043 8.28759e-05 2.09239e-05 4.71757e-06 9.65276e-07 1.7943e-07 2.98386e-08 4.25921e-09 4.70786e-10 2.87392e-11 0 
0 6.78497e-05 0.000620049 0.00234402 0.00539313 0.00943309 0.0141719 0.0193375 0.0246232 0.0297045 0.0342671 0.0380342 0.0407893 0.0423928 0.0427905 0.0420127 0.0401661 0.0374179 0.0339766 0.0300706 0.0259272 0.0217553 0.0177315 0.0139917 0.0106272 0.00768673 0.00518991 0.00316056 0.00165721 0.000719505 0.000256965 7.75069e-05 2.04684e-05 4.86044e-06 1.05014e-06 2.05917e-07 3.59832e-08 5.36565e-09 6.15235e-10 3.8673e-11 0 
0 5.0618e-05 0.000477796 0.00189659 0.00454418 0.00812645 0.0123422 0.0169388 0.0216431 0.0261666 0.03023 0.0335872 0.0360457 0.0374817 0.037847 0.0371686 0.0355412 0.0331135 0.0300706 0.0266153 0.0229496 0.0192584 0.0156979 0.0123875 0.00940637 0.00679736 0.00458192 0.00279019 0.00147549 0.000657663 0.000246384 7.92406e-05 2.24656e-05 5.71657e-06 1.31338e-06 2.70938e-07 4.92368e-08 7.55176e-09 8.82068e-10 5.60289e-11 0 
0 3.52514e-05 0.000344083 0.00144473 0.00364971 0.0067396 0.0104037 0.0144011 0.0184924 0.0224273 0.0259632 0.0288865 0.0310302 0.032287 0.0326154 0.0320392 0.0306408 0.0285497 0.0259272 0.0229496 0.0197924 0.0166162 0.0135559 0.0107132 0.00815526 0.00591863 0.00402467 0.00249962 0.00137636 0.000655966 0.000268145 9.45208e-05 2.90684e-05 7.87971e-06 1.89184e-06 4.01008e-07 7.38832e-08 1.13744e-08 1.324e-09 8.33951e-11 0 
0 2.28316e-05 0.00023001 0.00102544 0.00276518 0.00534191 0.00845012 0.0118489 0.0153274 0.0186731 0.0216803 0.0241681 0.025995 0.0270704 0.0273596 0.0268832 0.025712 0.0239568 0.0217553 0.0192584 0.0166162 0.0139658 0.0114215 0.00906896 0.00696388 0.00513685 0.00360163 0.0023619 0.00141488 0.000751201 0.000343389 0.000132906 4.35578e-05 1.22225e-05 2.97125e-06 6.2836e-07 1.14449e-07 1.73242e-08 1.97691e-09 1.21903e-10 0 
0 1.37028e-05 0.000141782 0.000670391 0.00194829 0.00399925 0.00656182 0.00938631 0.012279 0.0150607 0.0175612 0.019631 0.0211532 0.0220531 0.0223026 0.0219197 0.0209642 0.0195294 0.0177315 0.0156979 0.0135559 0.0114215 0.00939187 0.00753971 0.00591305 0.00453533 0.00339917 0.00246081 0.00166633 0.00100361 0.000510395 0.00021183 7.14567e-05 2.00007e-05 4.76689e-06 9.81177e-07 1.73495e-07 2.54837e-08 2.82379e-09 1.6931e-10 0 
0 7.59713e-06 8.01443e-05 0.000399229 0.0012548 0.00277874 0.00480709 0.00709382 0.00944642 0.0117093 0.0137433 0.0154276 0.0166681 0.017405 0.0176163 0.0173176 0.016559 0.015418 0.0139917 0.0123875 0.0107132 0.00906896 0.00753971 0.0061924 0.00507742 0.00422677 0.00361983 0.00311544 0.00249156 0.00169001 0.000915824 0.000385878 0.000126587 3.34837e-05 7.49962e-06 1.46347e-06 2.4771e-07 3.50415e-08 3.75429e-09 2.1835e-10 0 
0 3.88215e-06 4.13869e-05 0.000214716 0.000726054 0.00175111 0.00325259 0.00503315 0.00689772 0.0086986 0.0103183 0.0116599 0.0126497 0.0132408 0.0134167 0.0131912 0.0126056 0.0117239 0.0106272 0.00940637 0.00815526 0.00696388 0.00591305 0.00507742 0.00456045 0.00456088 0.00523524 0.00608112 0.00590169 0.00428283 0.00225663 0.000875232 0.000256124 5.89979e-05 1.15507e-05 2.04147e-06 3.2453e-07 4.39783e-08 4.55289e-09 2.57084e-10 0 
0 1.82614e-06 1.94932e-05 0.000103829 0.000372524 0.000976814 0.00197428 0.00326523 0.00468105 0.00607414 0.00733481 0.00838147 0.00915539 0.00962065 0.00976527 0.00960112 0.00916215 0.00850133 0.00768673 0.00679736 0.00591863 0.00513685 0.00453533 0.00422677 0.00456088 0.0065288 0.0110544 0.0162235 0.017354 0.0128055 0.00645821 0.00226621 0.000575518 0.000110912 1.77456e-05 2.65655e-06 3.8373e-07 4.94603e-08 4.95634e-09 2.72672e-10 0 
0 7.90551e-07 8.3773e-06 4.51455e-05 0.000168595 0.00047374 0.00104219 0.00186793 0.00285329 0.00387184 0.00481655 0.0056102 0.00620126 0.00656015 0.00667754 0.00656337 0.00624552 0.00576816 0.00518991 0.00458192 0.00402467 0.00360163 0.00339917 0.00361983 0.00523524 0.0110544 0.0234438 0.0374072 0.0411303 0.0304372 0.0151107 0.00506584 0.00117828 0.000198675 2.62818e-05 3.2042e-06 4.04689e-07 4.91262e-08 4.78082e-09 2.5772e-10 0 
0 3.1514e-07 3.29117e-06 1.77144e-05 6.75074e-05 0.00019875 0.000468634 0.000909114 0.00149553 0.00215536 0.00280307 0.0033665 0.00379543 0.00406099 0.00415331 0.00407951 0.00386231 0.003539 0.00316056 0.00279019 0.00249962 0.0023619 0.00246081 0.00311544 0.00608112 0.0162235 0.0374072 0.0611761 0.0677254 0.0501954 0.0248001 0.00818998 0.00183394 0.000287633 3.35806e-05 3.42846e-06 3.74015e-07 4.25483e-08 4.04392e-09 2.1522e-10 0 
0 1.15808e-07 1.18524e-06 6.30753e-06 2.41215e-05 7.27016e-05 0.000179272 0.000369726 0.000650831 0.000999928 0.00137191 0.00171603 0.00198975 0.00216528 0.00223079 0.0021896 0.00205878 0.00186788 0.00165721 0.00147549 0.00137636 0.00141488 0.00166633 0.00249156 0.00590169 0.017354 0.0411303 0.0677254 0.0749056 0.0557757 0.027486 0.00903427 0.00199487 0.000302631 3.30683e-05 3.01734e-06 2.9385e-07 3.17317e-08 2.97603e-09 1.57806e-10 0 
0 3.9283e-08 3.92398e-07 2.04993e-06 7.77109e-06 2.35342e-05 5.9246e-05 0.000126666 0.000233693 0.000377878 0.000544186 0.000709026 0.000847642 0.000940717 0.000978197 0.000960487 0.00089794 0.000809291 0.000719505 0.000657663 0.000655966 0.000751201 0.00100361 0.00169001 0.00428283 0.0128055 0.0304372 0.0501954 0.0557757 0.041277 0.0203677 0.00669004 0.00147232 0.000220609 2.34607e-05 2.04349e-06 1.89758e-07 2.01524e-08 1.89571e-09 1.01193e-10 0 
0 1.23136e-08 1.19729e-07 6.11136e-07 2.27819e-06 6.84482e-06 1.72789e-05 3.74605e-05 7.07727e-05 0.000117946 0.00017542 0.000235509 0.000288502 0.000325655 0.000341745 0.000336434 0.000314322 0.000284043 0.000256965 0.000246384 0.000268145 0.000343389 0.000510395 0.000915824 0.00225663 0.00645821 0.0151107 0.0248001 0.027486 0.0203677 0.0100578 0.00331075 0.000730578 0.000109477 1.16661e-05 1.03157e-06 9.89451e-08 1.08458e-08 1.04321e-09 5.66478e-11 0 
0 3.56853e-09 3.37223e-08 1.67718e-07 6.11866e-07 1.80982e-06 4.52983e-06 9.81162e-06 1.86533e-05 3.1461e-05 4.75163e-05 6.48282e-05 8.05725e-05 9.19751e-05 9.72524e-05 9.62269e-05 9.04444e-05 8.28759e-05 7.75069e-05 7.92406e-05 9.45208e-05 0.000132906 0.00021183 0.000385878 0.000875232 0.00226621 0.00506584 0.00818998 0.00903427 0.00669004 0.00331075 0.00109545 0.000243452 3.69317e-05 4.0749e-06 3.91755e-07 4.20735e-08 4.96761e-09 4.96547e-10 2.7681e-11 0 
0 9.55461e-10 8.7691e-09 4.24364e-08 1.5112e-07 4.38185e-07 1.08055e-06 2.31834e-06 4.38872e-06 7.40413e-06 1.12237e-05 1.54001e-05 1.92626e-05 2.21253e-05 2.35353e-05 2.34534e-05 2.23057e-05 2.09239e-05 2.04684e-05 2.24656e-05 2.90684e-05 4.35578e-05 7.14567e-05 0.000126587 0.000256124 0.000575518 0.00117828 0.00183394 0.00199487 0.00147232 0.000730578 0.000243452 5.48599e-05 8.61501e-06 1.0375e-06 1.17982e-07 1.50748e-08 1.95633e-09 2.05025e-10 1.18158e-11 0 
0 2.35715e-10 2.10105e-09 9.88916e-09 3.43372e-08 9.74003e-08 2.35875e-07 4.99049e-07 9.3543e-07 1.56853e-06 2.37081e-06 3.25178e-06 4.07362e-06 4.69386e-06 5.01894e-06 5.04588e-06 4.87784e-06 4.71757e-06 4.86044e-06 5.71657e-06 7.87971e-06 1.22225e-05 2.00007e-05 3.34837e-05 5.89979e-05 0.000110912 0.000198675 0.000287633 0.000302631 0.000220609 0.000109477 3.69317e-05 8.61501e-06 1.47131e-06 2.10976e-07 3.06508e-08 4.70961e-09 6.68433e-10 7.36187e-11 4.40701e-12 0 
0 5.32639e-11 4.61312e-10 2.11237e-09 7.15043e-09 1.98277e-08 4.70891e-08 9.80387e-08 1.81464e-07 3.01472e-07 4.52852e-07 6.18995e-07 7.74747e-07 8.94272e-07 9.61122e-07 9.76492e-07 9.63061e-07 9.65276e-07 1.05014e-06 1.31338e-06 1.89184e-06 2.97125e-06 4.76689e-06 7.49962e-06 1.15507e-05 1.77456e-05 2.62818e-05 3.35806e-05 3.30683e-05 2.34607e-05 1.16661e-05 4.0749e-06 1.0375e-06 2.10976e-07 3.93742e-08 7.33489e-09 1.3011e-09 1.98672e-10 2.29824e-11 1.43335e-12 0 
0 1.08977e-11 9.17851e-11 4.09182e-10 1.35095e-09 3.66241e-09 8.52719e-09 1.74572e-08 3.18715e-08 5.23872e-08 7.80891e-08 1.06224e-07 1.32696e-07 1.53371e-07 1.65766e-07 1.70505e-07 1.72128e-07 1.7943e-07 2.05917e-07 2.70938e-07 4.01008e-07 6.2836e-07 9.81177e-07 1.46347e-06 2.04147e-06 2.65655e-06 3.2042e-06 3.42846e-06 3.01734e-06 2.04349e-06 1.03157e-06 3.91755e-07 1.17982e-07 3.06508e-08 7.33489e-09 1.61838e-09 3.15229e-10 5.10962e-11 6.20236e-12 4.03678e-13 0 
0 1.97482e-12 1.61924e-11 7.03513e-11 2.26742e-10 6.01344e-10 1.37308e-09 2.76422e-09 4.97659e-09 8.0897e-09 1.19598e-08 1.61827e-08 2.01711e-08 2.33486e-08 2.54012e-08 2.65037e-08 2.74691e-08 2.98386e-08 3.59832e-08 4.92368e-08 7.38832e-08 1.14449e-07 1.73495e-07 2.4771e-07 3.2453e-07 3.8373e-07 4.04689e-07 3.74015e-07 2.9385e-07 1.89758e-07 9.89451e-08 4.20735e-08 1.50748e-08 4.70961e-09 1.3011e-09 3.15229e-10 6.54901e-11 1.11889e-11 1.42376e-12 9.6753e-14 0 
0 3.03182e-13 2.42309e-12 1.02726e-11 3.23566e-11 8.40277e-11 1.88297e-10 3.7294e-10 6.62299e-10 1.06484e-09 1.56139e-09 2.10158e-09 2.61428e-09 3.03232e-09 3.32461e-09 3.52642e-09 3.76176e-09 4.25921e-09 5.36565e-09 7.55176e-09 1.13744e-08 1.73242e-08 2.54837e-08 3.50415e-08 4.39783e-08 4.94603e-08 4.91262e-08 4.25483e-08 3.17317e-08 2.01524e-08 1.08458e-08 4.96761e-09 1.95633e-09 6.68433e-10 1.98672e-10 5.10962e-11 1.11889e-11 2.00724e-12 2.67382e-13 1.89642e-14 0 
0 3.55447e-14 2.77267e-13 1.1485e-12 3.5398e-12 9.01137e-12 1.98366e-11 3.86824e-11 6.78009e-11 1.07865e-10 1.56927e-10 2.10182e-10 2.61065e-10 3.03695e-10 3.36066e-10 3.63165e-10 3.99474e-10 4.70786e-10 6.15235e-10 8.82068e-10 1.324e-09 1.97691e-09 2.82379e-09 3.75429e-09 4.55289e-09 4.95634e-09 4.78082e-09 4.04392e-09 2.97603e-09 1.89571e-09 1.04321e-09 4.96547e-10 2.05025e-10 7.36187e-11 2.29824e-11 6.20236e-12 1.42376e-12 2.67382e-13 3.72167e-14 2.75195e-15 0 
0 2.27091e-15 1.73127e-14 7.01635e-14 2.11879e-13 5.29382e-13 1.14593e-12 2.20214e-12 3.81241e-12 6.0053e-12 8.67321e-12 1.15661e-11 1.43551e-11 1.67665e-11 1.87577e-11 2.06939e-11 2.34956e-11 2.87392e-11 3.8673e-11 5.60289e-11 8.33951e-11 1.21903e-10 1.6931e-10 2.1835e-10 2.57084e-10 2.72672e-10 2.5772e-10 2.1522e-10 1.57806e-10 1.01193e-10 5.66478e-11 2.7681e-11 1.18158e-11 4.40701e-12 1.43335e-12 4.03678e-13 9.6753e-14 1.89642e-14 2.75195e-15 2.11814e-16 0 
0 0 0 0 0 0 0 0 0 0 0 0 0 0 0 0 0 0 0 0 0 0 0 0 0 0 0 0 0 0 0 0 0 0 0 0 0 0 0 0 0 
