0 0 0 0 0 0 0 0 0 0 0 0 0 0 0 0 0 0 0 0 0 0 0 0 0 0 0 0 0 0 0 0 0 0 0 0 0 0 0 0 0 
0 2.3464e-08 2.17295e-07 1.03435e-06 3.52005e-06 9.47415e-06 2.11355e-05 4.02584e-05 6.70174e-05 9.9463e-05 0.000133869 0.000165703 0.000190705 0.000205714 0.000209122 0.000200978 0.000182824 0.000157343 0.000127865 9.78119e-05 7.01485e-05 4.6952e-05 2.9193e-05 1.67894e-05 8.9005e-06 4.33904e-06 1.94301e-06 7.99159e-07 3.02133e-07 1.05118e-07 3.36946e-08 9.95669e-09 2.71094e-09 6.78443e-10 1.55177e-10 3.20747e-11 5.86232e-12 9.06459e-13 1.06907e-13 6.86408e-15 0 
0 2.17295e-07 2.09559e-06 1.02909e-05 3.55683e-05 9.53285e-05 0.000207625 0.00038018 0.000603296 0.000852596 0.00109784 0.00131099 0.0014706 0.00156319 0.00158317 0.00153205 0.00141749 0.00125226 0.00105293 0.00083845 0.000628154 0.000439335 0.000284503 0.000169269 9.19557e-05 4.54397e-05 2.04002e-05 8.33011e-06 3.10182e-06 1.05663e-06 3.30268e-07 9.4926e-08 2.51059e-08 6.10046e-09 1.35508e-09 2.722e-10 4.83976e-11 7.28887e-12 8.38414e-13 5.25753e-14 0 
0 1.03435e-06 1.02909e-05 5.12341e-05 0.000174699 0.000447834 0.000909892 0.00153643 0.00225365 0.00297754 0.00363769 0.00418237 0.00457662 0.00480019 0.00484621 0.00472008 0.00443781 0.00402405 0.00350995 0.00293133 0.00232744 0.00173972 0.00120925 0.000770987 0.000445115 0.000230501 0.000106618 4.4105e-05 1.64013e-05 5.51987e-06 1.69216e-06 4.74845e-07 1.22304e-07 2.89096e-08 6.24585e-09 1.22089e-09 2.11432e-10 3.10511e-11 3.48755e-12 2.13842e-13 0 
0 3.52005e-06 3.55683e-05 0.000174699 0.000564803 0.0013263 0.0024368 0.00375683 0.00513598 0.00645731 0.00763181 0.00858973 0.00927932 0.0096686 0.0097467 0.00952343 0.00902689 0.00829951 0.00739321 0.00636441 0.00527 0.00416553 0.00310631 0.00214985 0.0013535 0.000759815 0.000374889 0.000161828 6.14321e-05 2.07315e-05 6.29321e-06 1.73497e-06 4.37058e-07 1.00816e-07 2.1238e-08 4.04833e-09 6.84129e-10 9.81425e-11 1.07806e-11 6.47327e-13 0 
0 9.47415e-06 9.53285e-05 0.000447834 0.0013263 0.00280115 0.00469371 0.00678412 0.00890615 0.0109249 0.0127193 0.0141849 0.0152408 0.0158366 0.0159549 0.0156105 0.0148475 0.0137322 0.012346 0.0107766 0.00911047 0.00742619 0.00579146 0.00426569 0.00290891 0.00178868 0.000964679 0.000447656 0.000178145 6.14761e-05 1.87216e-05 5.11378e-06 1.26714e-06 2.86417e-07 5.90244e-08 1.10015e-08 1.8185e-09 2.5537e-10 2.74882e-11 1.61931e-12 0 
0 2.11355e-05 0.000207625 0.000909892 0.0024368 0.00469371 0.00739545 0.0103185 0.013281 0.0161048 0.0186192 0.0206747 0.0221564 0.0229924 0.0231577 0.0226735 0.0216017 0.0200365 0.0180933 0.0158971 0.0135712 0.0112278 0.00895999 0.00683964 0.00492131 0.00325843 0.00192022 0.000973036 0.00041528 0.000149623 4.64075e-05 1.26855e-05 3.11261e-06 6.92725e-07 1.40172e-07 2.56268e-08 4.15468e-09 5.72523e-10 6.05241e-11 3.50513e-12 0 
0 4.02584e-05 0.00038018 0.00153643 0.00375683 0.00678412 0.0103185 0.0141357 0.0180109 0.0217092 0.0250044 0.0276995 0.0296429 0.0307396 0.0309568 0.030322 0.0289168 0.0268651 0.024319 0.0214433 0.0184013 0.0153418 0.0123893 0.00963828 0.00715186 0.004971 0.00314001 0.00172984 0.000799915 0.000305825 9.80149e-05 2.70903e-05 6.62841e-06 1.45981e-06 2.91192e-07 5.23922e-08 8.35522e-09 1.13281e-09 1.17895e-10 6.72709e-12 0 
0 6.70174e-05 0.000603296 0.00225365 0.00513598 0.00890615 0.013281 0.0180109 0.022817 0.0274061 0.0314964 0.0348428 0.0372565 0.0386196 0.0388907 0.0381041 0.0363609 0.0338153 0.0306564 0.0270896 0.0233183 0.0195285 0.0158764 0.0124817 0.00942321 0.00674299 0.00446397 0.00262821 0.00131125 0.000535712 0.00017929 5.05566e-05 1.24162e-05 2.71909e-06 5.36753e-07 9.53595e-08 1.50038e-08 2.00689e-09 2.06138e-10 1.16161e-11 0 
0 9.9463e-05 0.000852596 0.00297754 0.00645731 0.0109249 0.0161048 0.0217092 0.0274061 0.0328471 0.037698 0.0416677 0.0445323 0.0461514 0.0464757 0.0455454 0.0434805 0.0404639 0.03672 0.0324928 0.0280242 0.0235353 0.0192128 0.0151998 0.0115923 0.00843948 0.00575549 0.00355266 0.00188699 0.00082154 0.000288383 8.34645e-05 2.06813e-05 4.52248e-06 8.86615e-07 1.5603e-07 2.42922e-08 3.21442e-09 3.26696e-10 1.82247e-11 0 
0 0.000133869 0.00109784 0.00363769 0.00763181 0.0127193 0.0186192 0.0250044 0.0314964 0.037698 0.0432282 0.0477555 0.0510241 0.0528736 0.0532473 0.0521907 0.0498404 0.0464047 0.0421395 0.0373234 0.0322324 0.027119 0.0221969 0.0176303 0.0135301 0.00995429 0.00691519 0.00440564 0.0024523 0.00112694 0.000414106 0.000123273 3.09153e-05 6.77184e-06 1.32248e-06 2.31214e-07 3.57204e-08 4.68859e-09 4.72732e-10 2.6171e-11 0 
0 0.000165703 0.00131099 0.00418237 0.00858973 0.0141849 0.0206747 0.0276995 0.0348428 0.0416677 0.0477555 0.0527409 0.0563426 0.0583832 0.0587999 0.0576422 0.0550601 0.0512826 0.0465916 0.0412935 0.0356924 0.0300668 0.0246524 0.0196307 0.015125 0.0112004 0.00787063 0.00511758 0.00294308 0.0014099 0.000538655 0.000164633 4.18233e-05 9.19464e-06 1.79304e-06 3.12252e-07 4.79974e-08 6.26614e-09 6.28429e-10 3.46162e-11 0 
0 0.000190705 0.0014706 0.00457662 0.00927932 0.0152408 0.0221564 0.0296429 0.0372565 0.0445323 0.0510241 0.0563426 0.0601871 0.0623682 0.0628189 0.0615917 0.0588452 0.0548231 0.0498258 0.0441803 0.0382107 0.0322145 0.0264431 0.0210911 0.0162903 0.0121118 0.0085705 0.00564305 0.00331448 0.0016344 0.000643011 0.0002008 5.16091e-05 1.13968e-05 2.22343e-06 3.866e-07 5.92829e-08 7.71912e-09 7.72211e-10 4.24449e-11 0 
0 0.000205714 0.00156319 0.00480019 0.0096686 0.0158366 0.0229924 0.0307396 0.0386196 0.0461514 0.0528736 0.0583832 0.0623682 0.0646321 0.0651059 0.0638441 0.0610091 0.0568518 0.0516835 0.0458426 0.0396648 0.033458 0.0274833 0.0219422 0.0169722 0.0126474 0.00898414 0.00595669 0.0035409 0.00177645 0.000712081 0.000225683 5.85281e-05 1.29833e-05 2.53796e-06 4.41644e-07 6.7751e-08 8.82573e-09 8.83609e-10 4.86322e-11 0 
0 0.000209122 0.00158317 0.00484621 0.0097467 0.0159549 0.0231577 0.0309568 0.0388907 0.0464757 0.0532473 0.0587999 0.0628189 0.0651059 0.0655916 0.06433 0.0614839 0.057305 0.0521065 0.0462287 0.0400098 0.0337599 0.0277421 0.0221598 0.017152 0.0127938 0.00910233 0.00605125 0.00361377 0.0018257 0.000737893 0.00023564 6.14699e-05 1.36966e-05 2.68744e-06 4.69342e-07 7.22779e-08 9.45668e-09 9.51612e-10 5.26887e-11 0 
0 0.000200978 0.00153205 0.00472008 0.00952343 0.0156105 0.0226735 0.030322 0.0381041 0.0455454 0.0521907 0.0576422 0.0615917 0.0638441 0.06433 0.0631016 0.0603186 0.056228 0.0511357 0.0453753 0.039278 0.033148 0.0272434 0.0217642 0.0168469 0.0125656 0.00893714 0.00593648 0.00353966 0.00178485 0.000720727 0.000230456 6.03323e-05 1.35145e-05 2.66921e-06 4.69765e-07 7.29846e-08 9.6454e-09 9.81636e-10 5.50409e-11 0 
0 0.000182824 0.00141749 0.00443781 0.00902689 0.0148475 0.0216017 0.0289168 0.0363609 0.0434805 0.0498404 0.0550601 0.0588452 0.0610091 0.0614839 0.0603186 0.0576664 0.0537632 0.0489009 0.0433976 0.0375698 0.0317083 0.0260597 0.0208155 0.0161062 0.0120025 0.00852052 0.00563801 0.00333897 0.00166858 0.000668711 0.00021335 5.60735e-05 1.26704e-05 2.53286e-06 4.52321e-07 7.14592e-08 9.62102e-09 9.99155e-10 5.72424e-11 0 
0 0.000157343 0.00125226 0.00402405 0.00829951 0.0137322 0.0200365 0.0268651 0.0338153 0.0404639 0.0464047 0.0512826 0.0548231 0.0568518 0.057305 0.056228 0.0537632 0.0501306 0.0456019 0.0404735 0.0350403 0.0295733 0.0243025 0.0194059 0.0150051 0.0111655 0.00790177 0.00519625 0.00304522 0.0015022 0.000596422 0.00019025 5.04895e-05 1.16071e-05 2.37289e-06 4.34897e-07 7.0686e-08 9.80586e-09 1.04989e-09 6.19911e-11 0 
0 0.000127865 0.00105293 0.00350995 0.00739321 0.012346 0.0180933 0.024319 0.0306564 0.03672 0.0421395 0.0465916 0.0498258 0.0516835 0.0521065 0.0511357 0.0489009 0.0456019 0.0414861 0.0368231 0.0318812 0.026907 0.0221093 0.0176498 0.0136379 0.0101319 0.00714479 0.00466554 0.00270472 0.00132016 0.000522965 0.000168762 4.58996e-05 1.09106e-05 2.31792e-06 4.42394e-07 7.487e-08 1.07947e-08 1.19741e-09 7.29531e-11 0 
0 9.78119e-05 0.00083845 0.00293133 0.00636441 0.0107766 0.0158971 0.0214433 0.0270896 0.0324928 0.0373234 0.0412935 0.0441803 0.0458426 0.0462287 0.0453753 0.0433976 0.0404735 0.0368231 0.0326862 0.0283015 0.023888 0.0196308 0.0156725 0.0121088 0.00898922 0.00632538 0.00411378 0.00237602 0.00116402 0.000470149 0.000157437 4.49785e-05 1.12846e-05 2.5277e-06 5.06273e-07 8.9315e-08 1.33236e-08 1.51779e-09 9.43118e-11 0 
0 7.01485e-05 0.000628154 0.00232744 0.00527 0.00911047 0.0135712 0.0184013 0.0233183 0.0280242 0.0322324 0.0356924 0.0382107 0.0396648 0.0400098 0.039278 0.0375698 0.0350403 0.0318812 0.0283015 0.024509 0.0206939 0.0170167 0.0135999 0.0105241 0.00783038 0.00552886 0.00362122 0.00212739 0.00107986 0.000461717 0.000165942 5.09279e-05 1.36046e-05 3.2024e-06 6.6504e-07 1.20207e-07 1.81937e-08 2.08674e-09 1.29789e-10 0 
0 4.6952e-05 0.000439335 0.00173972 0.00416553 0.00742619 0.0112278 0.0153418 0.0195285 0.0235353 0.027119 0.0300668 0.0322145 0.033458 0.0337599 0.033148 0.0317083 0.0295733 0.026907 0.023888 0.0206939 0.0174872 0.0144041 0.0115477 0.0089847 0.00674855 0.00484737 0.00327632 0.00203119 0.00111578 0.000524355 0.000206358 6.7991e-05 1.90222e-05 4.58998e-06 9.61898e-07 1.73607e-07 2.60588e-08 2.95162e-09 1.80843e-10 0 
0 2.9193e-05 0.000284503 0.00120925 0.00310631 0.00579146 0.00895999 0.0123893 0.0158764 0.0192128 0.0221969 0.0246524 0.0264431 0.0274833 0.0277421 0.0272434 0.0260597 0.0243025 0.0221093 0.0196308 0.0170167 0.0144041 0.0119078 0.00961433 0.00758127 0.00583947 0.00438894 0.0031892 0.00217933 0.00133642 0.000697403 0.000297427 0.000102504 2.90523e-05 6.95704e-06 1.43174e-06 2.5254e-07 3.69755e-08 4.08399e-09 2.44148e-10 0 
0 1.67894e-05 0.000169269 0.000770987 0.00214985 0.00426569 0.00683964 0.00963828 0.0124817 0.0151998 0.0176303 0.0196307 0.0210911 0.0219422 0.0221598 0.0217642 0.0208155 0.0194059 0.0176498 0.0156725 0.0135999 0.0115477 0.00961433 0.00787834 0.00640534 0.00525187 0.00441844 0.00375213 0.00298864 0.00204367 0.00113314 0.000495063 0.000168971 4.61378e-05 1.0535e-05 2.07359e-06 3.51854e-07 4.97702e-08 5.32748e-09 3.09512e-10 0 
0 8.9005e-06 9.19557e-05 0.000445115 0.0013535 0.00290891 0.00492131 0.00715186 0.00942321 0.0115923 0.0135301 0.015125 0.0162903 0.0169722 0.017152 0.0168469 0.0161062 0.0150051 0.0136379 0.0121088 0.0105241 0.0089847 0.00758127 0.00640534 0.00560031 0.0054331 0.0061031 0.00702135 0.00679571 0.00493873 0.00262331 0.00104115 0.000317771 7.68607e-05 1.56516e-05 2.82882e-06 4.5371e-07 6.16423e-08 6.3848e-09 3.60504e-10 0 
0 4.33904e-06 4.54397e-05 0.000230501 0.000759815 0.00178868 0.00325843 0.004971 0.00674299 0.00843948 0.00995429 0.0112004 0.0121118 0.0126474 0.0127938 0.0125656 0.0120025 0.0111655 0.0101319 0.00898922 0.00783038 0.00674855 0.00583947 0.00525187 0.0054331 0.0075607 0.0126819 0.0185718 0.0198568 0.0146545 0.00739925 0.00261163 0.000678085 0.000136613 2.30477e-05 3.59546e-06 5.29769e-07 6.87163e-08 6.89754e-09 3.79671e-10 0 
0 1.94301e-06 2.04002e-05 0.000106618 0.000374889 0.000964679 0.00192022 0.00314001 0.00446397 0.00575549 0.00691519 0.00787063 0.0085705 0.00898414 0.00910233 0.00893714 0.00852052 0.00790177 0.00714479 0.00632538 0.00552886 0.00484737 0.00438894 0.00441844 0.0061031 0.0126819 0.0268216 0.0428237 0.0472886 0.0348052 0.0172825 0.0058009 0.00136003 0.000235789 3.27638e-05 4.21929e-06 5.51766e-07 6.78058e-08 6.61911e-09 3.5715e-10 0 
0 7.99159e-07 8.33011e-06 4.4105e-05 0.000161828 0.000447656 0.000973036 0.00172984 0.00262821 0.00355266 0.00440564 0.00511758 0.00564305 0.00595669 0.00605125 0.00593648 0.00563801 0.00519625 0.00466554 0.00411378 0.00362122 0.00327632 0.0031892 0.00375213 0.00702135 0.0185718 0.0428237 0.0700059 0.0772091 0.0575627 0.0283581 0.00936839 0.00210464 0.000335542 4.06993e-05 4.39803e-06 5.03456e-07 5.84159e-08 5.57895e-09 2.97284e-10 0 
0 3.02133e-07 3.10182e-06 1.64013e-05 6.14321e-05 0.000178145 0.00041528 0.000799915 0.00131125 0.00188699 0.0024523 0.00294308 0.00331448 0.0035409 0.00361377 0.00353966 0.00333897 0.00304522 0.00270472 0.00237602 0.00212739 0.00203119 0.00217933 0.00298864 0.00679571 0.0198568 0.0472886 0.0772091 0.0838708 0.0643605 0.0314375 0.0103321 0.00228618 0.000350833 3.95011e-05 3.80074e-06 3.91376e-07 4.33885e-08 4.09561e-09 2.17488e-10 0 
0 1.05118e-07 1.05663e-06 5.51987e-06 2.07315e-05 6.14761e-05 0.000149623 0.000305825 0.000535712 0.00082154 0.00112694 0.0014099 0.0016344 0.00177645 0.0018257 0.00178485 0.00166858 0.0015022 0.00132016 0.00116402 0.00107986 0.00111578 0.00133642 0.00204367 0.00493873 0.0146545 0.0348052 0.0575627 0.0643605 0.0472046 0.0232884 0.00765153 0.00168769 0.000255521 2.78934e-05 2.55426e-06 2.51424e-07 2.74935e-08 2.60476e-09 1.39248e-10 0 
0 3.36946e-08 3.30268e-07 1.69216e-06 6.29321e-06 1.87216e-05 4.64075e-05 9.80149e-05 0.00017929 0.000288383 0.000414106 0.000538655 0.000643011 0.000712081 0.000737893 0.000720727 0.000668711 0.000596422 0.000522965 0.000470149 0.000461717 0.000524355 0.000697403 0.00113314 0.00262331 0.00739925 0.0172825 0.0283581 0.0314375 0.0232884 0.0115013 0.00378826 0.000838907 0.000127158 1.3909e-05 1.29317e-06 1.31325e-07 1.47944e-08 1.43215e-09 7.78691e-11 0 
0 9.95669e-09 9.4926e-08 4.74845e-07 1.73497e-06 5.11378e-06 1.26855e-05 2.70903e-05 5.05566e-05 8.34645e-05 0.000123273 0.000164633 0.0002008 0.000225683 0.00023564 0.000230456 0.00021335 0.00019025 0.000168762 0.000157437 0.000165942 0.000206358 0.000297427 0.000495063 0.00104115 0.00261163 0.0058009 0.00936839 0.0103321 0.00765153 0.00378826 0.00125587 0.000280801 4.32001e-05 4.91074e-06 4.97748e-07 5.62684e-08 6.78556e-09 6.81406e-10 3.80237e-11 0 
0 2.71094e-09 2.51059e-08 1.22304e-07 4.37058e-07 1.26714e-06 3.11261e-06 6.62841e-06 1.24162e-05 2.06813e-05 3.09153e-05 4.18233e-05 5.16091e-05 5.85281e-05 6.14699e-05 6.03323e-05 5.60735e-05 5.04895e-05 4.58996e-05 4.49785e-05 5.09279e-05 6.7991e-05 0.000102504 0.000168971 0.000317771 0.000678085 0.00136003 0.00210464 0.00228618 0.00168769 0.000838907 0.000280801 6.38701e-05 1.02215e-05 1.27764e-06 1.53303e-07 2.03631e-08 2.67706e-09 2.81308e-10 1.62228e-11 0 
0 6.78443e-10 6.10046e-09 2.89096e-08 1.00816e-07 2.86417e-07 6.92725e-07 1.45981e-06 2.71909e-06 4.52248e-06 6.77184e-06 9.19464e-06 1.13968e-05 1.29833e-05 1.36966e-05 1.35145e-05 1.26704e-05 1.16071e-05 1.09106e-05 1.12846e-05 1.36046e-05 1.90222e-05 2.90523e-05 4.61378e-05 7.68607e-05 0.000136613 0.000235789 0.000335542 0.000350833 0.000255521 0.000127158 4.32001e-05 1.02215e-05 1.79409e-06 2.68878e-07 4.08287e-08 6.41405e-09 9.15879e-10 1.01e-10 6.0487e-12 0 
0 1.55177e-10 1.35508e-09 6.24585e-09 2.1238e-08 5.90244e-08 1.40172e-07 2.91192e-07 5.36753e-07 8.86615e-07 1.32248e-06 1.79304e-06 2.22343e-06 2.53796e-06 2.68744e-06 2.66921e-06 2.53286e-06 2.37289e-06 2.31792e-06 2.5277e-06 3.2024e-06 4.58998e-06 6.95704e-06 1.0535e-05 1.56516e-05 2.30477e-05 3.27638e-05 4.06993e-05 3.95011e-05 2.78934e-05 1.3909e-05 4.91074e-06 1.27764e-06 2.68878e-07 5.21138e-08 9.94611e-09 1.78e-09 2.72393e-10 3.15278e-11 1.96687e-12 0 
0 3.20747e-11 2.722e-10 1.22089e-09 4.04833e-09 1.10015e-08 2.56268e-08 5.23922e-08 9.53595e-08 1.5603e-07 2.31214e-07 3.12252e-07 3.866e-07 4.41644e-07 4.69342e-07 4.69765e-07 4.52321e-07 4.34897e-07 4.42394e-07 5.06273e-07 6.6504e-07 9.61898e-07 1.43174e-06 2.07359e-06 2.82882e-06 3.59546e-06 4.21929e-06 4.39803e-06 3.80074e-06 2.55426e-06 1.29317e-06 4.97748e-07 1.53303e-07 4.08287e-08 9.94611e-09 2.21238e-09 4.32014e-10 7.00726e-11 8.50806e-12 5.53854e-13 0 
0 5.86232e-12 4.83976e-11 2.11432e-10 6.84129e-10 1.8185e-09 4.15468e-09 8.35522e-09 1.50038e-08 2.42922e-08 3.57204e-08 4.79974e-08 5.92829e-08 6.7751e-08 7.22779e-08 7.29846e-08 7.14592e-08 7.0686e-08 7.487e-08 8.9315e-08 1.20207e-07 1.73607e-07 2.5254e-07 3.51854e-07 4.5371e-07 5.29769e-07 5.51766e-07 5.03456e-07 3.91376e-07 2.51424e-07 1.31325e-07 5.62684e-08 2.03631e-08 6.41405e-09 1.78e-09 4.32014e-10 8.98018e-11 1.53458e-11 1.95299e-12 1.32736e-13 0 
0 9.06459e-13 7.28887e-12 3.10511e-11 9.81425e-11 2.5537e-10 5.72523e-10 1.13281e-09 2.00689e-09 3.21442e-09 4.68859e-09 6.26614e-09 7.71912e-09 8.82573e-09 9.45668e-09 9.6454e-09 9.62102e-09 9.80586e-09 1.07947e-08 1.33236e-08 1.81937e-08 2.60588e-08 3.69755e-08 4.97702e-08 6.16423e-08 6.87163e-08 6.78058e-08 5.84159e-08 4.33885e-08 2.74935e-08 1.47944e-08 6.78556e-09 2.67706e-09 9.15879e-10 2.72393e-10 7.00726e-11 1.53458e-11 2.75314e-12 3.66774e-13 2.60164e-14 0 
0 1.06907e-13 8.38414e-13 3.48755e-12 1.07806e-11 2.74882e-11 6.05241e-11 1.17895e-10 2.06138e-10 3.26696e-10 4.72732e-10 6.28429e-10 7.72211e-10 8.83609e-10 9.51612e-10 9.81636e-10 9.99155e-10 1.04989e-09 1.19741e-09 1.51779e-09 2.08674e-09 2.95162e-09 4.08399e-09 5.32748e-09 6.3848e-09 6.89754e-09 6.61911e-09 5.57895e-09 4.09561e-09 2.60476e-09 1.43215e-09 6.81406e-10 2.81308e-10 1.01e-10 3.15278e-11 8.50806e-12 1.95299e-12 3.66774e-13 5.10532e-14 3.77531e-15 0 
0 6.86408e-15 5.25753e-14 2.13842e-13 6.47327e-13 1.61931e-12 3.50513e-12 6.72709e-12 1.16161e-11 1.82247e-11 2.6171e-11 3.46162e-11 4.24449e-11 4.86322e-11 5.26887e-11 5.50409e-11 5.72424e-11 6.19911e-11 7.29531e-11 9.43118e-11 1.29789e-10 1.80843e-10 2.44148e-10 3.09512e-10 3.60504e-10 3.79671e-10 3.5715e-10 2.97284e-10 2.17488e-10 1.39248e-10 7.78691e-11 3.80237e-11 1.62228e-11 6.0487e-12 1.96687e-12 5.53854e-13 1.32736e-13 2.60164e-14 3.77531e-15 2.9059e-16 0 
0 0 0 0 0 0 0 0 0 0 0 0 0 0 0 0 0 0 0 0 0 0 0 0 0 0 0 0 0 0 0 0 0 0 0 0 0 0 0 0 0 
