0 0 0 0 0 0 0 0 0 0 0 0 0 0 0 0 0 0 0 0 0 0 0 0 0 0 0 0 0 0 0 0 0 0 0 0 0 0 0 0 0 
0 3.64837e-07 3.25699e-06 1.44103e-05 4.38564e-05 0.000102336 0.000194733 0.000316425 0.000455329 0.000596623 0.000726537 0.000834188 0.000912063 0.000955882 0.000964282 0.000938466 0.000881825 0.000799567 0.000698308 0.000585639 0.000469608 0.000358072 0.00025791 0.000174177 0.000109423 6.34519e-05 3.37273e-05 1.63439e-05 7.19507e-06 2.87297e-06 1.04039e-06 3.4188e-07 1.01971e-07 2.75722e-08 6.7301e-09 1.46856e-09 2.80731e-10 4.50439e-11 5.47655e-12 3.60538e-13 0 
0 3.25699e-06 2.97518e-05 0.000130068 0.000374861 0.000800668 0.00137443 0.00202309 0.00267742 0.0032871 0.00381689 0.00424121 0.00454203 0.00470884 0.00473906 0.0046379 0.00441741 0.00409499 0.0036915 0.00322949 0.00273205 0.0022224 0.00172434 0.00126257 0.00086121 0.000539625 0.000306493 0.000156153 7.09365e-05 2.86996e-05 1.03678e-05 3.35875e-06 9.79705e-07 2.57788e-07 6.1074e-08 1.29226e-08 2.39569e-09 3.73104e-10 4.4088e-11 2.82527e-12 0 
0 1.44103e-05 0.000130068 0.000530948 0.00135903 0.00254315 0.00390676 0.00532122 0.00670796 0.00800116 0.00913629 0.0100547 0.0107104 0.0110751 0.0111402 0.0109167 0.0104325 0.00972893 0.00885594 0.00786666 0.0068124 0.00573824 0.00468056 0.00366802 0.00272683 0.00188827 0.00119085 0.000668445 0.000328113 0.000139759 5.17909e-05 1.68484e-05 4.86153e-06 1.25367e-06 2.89587e-07 5.96003e-08 1.07408e-08 1.62684e-09 1.87163e-10 1.16943e-11 0 
0 4.38564e-05 0.000374861 0.00135903 0.00302772 0.00510216 0.00739002 0.00978667 0.0121799 0.0144399 0.016437 0.0180583 0.0192178 0.019863 0.0199779 0.0195816 0.0187241 0.0174799 0.0159392 0.0141997 0.0123575 0.0104997 0.00869801 0.00700367 0.00544609 0.00403873 0.00279583 0.00175236 0.000960977 0.000448934 0.000177015 5.94023e-05 1.72563e-05 4.40933e-06 1.00006e-06 2.01167e-07 3.53679e-08 5.22491e-09 5.867e-10 3.58219e-11 0 
0 0.000102336 0.000800668 0.00254315 0.00510216 0.00816624 0.0116001 0.0152523 0.0189236 0.022399 0.0254734 0.0279703 0.0297562 0.03075 0.0309268 0.0303159 0.0289947 0.027078 0.0247054 0.0220282 0.0191958 0.0163453 0.0135925 0.0110258 0.00870184 0.00664329 0.00484382 0.00329108 0.00200481 0.00104665 0.000452948 0.000161468 4.82475e-05 1.23865e-05 2.78296e-06 5.50427e-07 9.48262e-08 1.37115e-08 1.5072e-09 9.01598e-11 0 
0 0.000194733 0.00137443 0.00390676 0.00739002 0.0116001 0.0163803 0.0214872 0.0266274 0.0314955 0.0358027 0.0393011 0.041804 0.0431975 0.0434454 0.0425885 0.0407364 0.0380504 0.0347263 0.0309759 0.0270092 0.0230189 0.0191689 0.0155863 0.0123583 0.00952921 0.00710064 0.00503757 0.00330047 0.00190172 0.000912795 0.00035336 0.000110891 2.90321e-05 6.52468e-06 1.2772e-06 2.16645e-07 3.07791e-08 3.32272e-09 1.95287e-10 0 
0 0.000316425 0.00202309 0.00532122 0.00978667 0.0152523 0.0214872 0.0281552 0.0348687 0.0412276 0.0468563 0.0514482 0.0547995 0.0567426 0.0570996 0.055884 0.0533567 0.0498017 0.0454496 0.0405498 0.0353689 0.0301581 0.0251319 0.0204576 0.0162514 0.012578 0.00945196 0.00683935 0.00466977 0.00288699 0.00151972 0.0006435 0.000215245 5.8229e-05 1.32124e-05 2.57616e-06 4.32313e-07 6.05794e-08 6.44378e-09 3.73176e-10 0 
0 0.000455329 0.00267742 0.00670796 0.0121799 0.0189236 0.0266274 0.0348687 0.043167 0.0510335 0.0580903 0.0643461 0.0696228 0.0728462 0.0734493 0.0714583 0.0672908 0.0619891 0.0563003 0.0501953 0.0437879 0.0373475 0.0311362 0.0253612 0.0201669 0.0156358 0.0117928 0.00860855 0.00600418 0.00387877 0.00219064 0.00100736 0.000361071 0.000101829 2.35032e-05 4.59029e-06 7.65388e-07 1.06169e-07 1.11625e-08 6.38786e-10 0 
0 0.000596623 0.0032871 0.00800116 0.0144399 0.022399 0.0314955 0.0412276 0.0510335 0.0604621 0.0698766 0.0787987 0.0844312 0.0870338 0.0875039 0.0860425 0.0822633 0.075536 0.067212 0.0594104 0.0517686 0.0441589 0.0368246 0.0300062 0.0238749 0.0185289 0.0140007 0.0102634 0.00723624 0.00479634 0.00284362 0.0013985 0.000535119 0.000157821 3.7226e-05 7.31275e-06 1.21587e-06 1.67483e-07 1.74559e-08 9.89718e-10 0 
0 0.000726537 0.00381689 0.00913629 0.016437 0.0254734 0.0358027 0.0468563 0.0580903 0.0698766 0.0817865 0.0889662 0.0926824 0.0944689 0.0948203 0.0938404 0.0913521 0.0867366 0.0785632 0.0681473 0.0588913 0.0501904 0.0418595 0.0341175 0.0271564 0.0210884 0.0159516 0.0117197 0.00830996 0.00558954 0.00342014 0.00176841 0.000715195 0.000220054 5.31099e-05 1.05185e-05 1.74847e-06 2.39797e-07 2.48388e-08 1.39872e-09 0 
0 0.000834188 0.00424121 0.0100547 0.0180583 0.0279703 0.0393011 0.0514482 0.0643461 0.0787987 0.0889662 0.0942495 0.0972072 0.0986876 0.0989948 0.0982006 0.0962014 0.0926441 0.0866114 0.0763841 0.064967 0.0551119 0.0459517 0.0374588 0.0298233 0.0231683 0.0175361 0.0129002 0.0091754 0.00622348 0.00388371 0.00207901 0.000877385 0.000279756 6.89532e-05 1.37751e-05 2.29288e-06 3.13728e-07 3.23668e-08 1.81417e-09 0 
0 0.000912063 0.00454203 0.0107104 0.0192178 0.0297562 0.041804 0.0547995 0.0696228 0.0844312 0.0926824 0.0972072 0.0998366 0.101179 0.101467 0.100758 0.0989789 0.0958723 0.0908032 0.082155 0.0698125 0.0586905 0.0488837 0.0398514 0.0317331 0.0246578 0.0186708 0.013745 0.00979298 0.00667332 0.00421301 0.00230559 0.00100189 0.00032797 8.21883e-05 1.65438e-05 2.75924e-06 3.77219e-07 3.88329e-08 2.1707e-09 0 
0 0.000955882 0.00470884 0.0110751 0.019863 0.03075 0.0431975 0.0567426 0.0728462 0.0870338 0.0944689 0.0986876 0.101179 0.102462 0.102742 0.102071 0.100386 0.0974676 0.0927835 0.0849674 0.0727422 0.0607435 0.0505219 0.0411869 0.0327995 0.0254898 0.0193049 0.0142173 0.0101382 0.00692451 0.00439754 0.00243514 0.00107582 0.000357753 9.06015e-05 1.83345e-05 3.06394e-06 4.18974e-07 4.3106e-08 2.40732e-09 0 
0 0.000964282 0.00473906 0.0111402 0.0199779 0.0309268 0.0434454 0.0570996 0.0734493 0.0875039 0.0948203 0.0989948 0.101467 0.102742 0.103021 0.102356 0.100685 0.0977939 0.0931665 0.0854773 0.0732983 0.0611254 0.0508213 0.0414316 0.0329957 0.0256437 0.019423 0.0143061 0.0102041 0.00697389 0.00443575 0.00246409 0.00109376 0.000365519 9.29232e-05 1.88515e-05 3.15538e-06 4.31953e-07 4.44799e-08 2.48598e-09 0 
0 0.000938466 0.0046379 0.0109167 0.0195816 0.0303159 0.0425885 0.055884 0.0714583 0.0860425 0.0938404 0.0982006 0.100758 0.102071 0.102356 0.101668 0.0999389 0.0969337 0.0920775 0.0838862 0.0714993 0.0598652 0.0498288 0.0406248 0.0323532 0.0251441 0.019044 0.0140258 0.0100017 0.00682986 0.00433417 0.00239658 0.00105723 0.000351453 8.91135e-05 1.80749e-05 3.02921e-06 4.15519e-07 4.289e-08 2.40333e-09 0 
0 0.000881825 0.00441741 0.0104325 0.0187241 0.0289947 0.0407364 0.0533567 0.0672908 0.0822633 0.0913521 0.0962014 0.0989789 0.100386 0.100685 0.0999389 0.098062 0.0947617 0.0892945 0.0798877 0.067736 0.0571978 0.0476743 0.03887 0.0309549 0.0240559 0.0182175 0.0134133 0.00955756 0.00651146 0.00410676 0.00224357 0.000973882 0.000319212 8.03033e-05 1.62536e-05 2.72794e-06 3.75439e-07 3.89182e-08 2.19109e-09 0 
0 0.000799567 0.00409499 0.00972893 0.0174799 0.027078 0.0380504 0.0498017 0.0619891 0.075536 0.0867366 0.0926441 0.0958723 0.0974676 0.0977939 0.0969337 0.0947617 0.0908473 0.0840574 0.0733618 0.0627914 0.0534086 0.044548 0.0363213 0.0289238 0.0224753 0.0170171 0.0125234 0.00891146 0.00604664 0.00377432 0.00202256 0.000856676 0.000275104 6.84592e-05 1.38231e-05 2.32646e-06 3.21943e-07 3.36013e-08 1.90594e-09 0 
0 0.000698308 0.0036915 0.00885594 0.0159392 0.0247054 0.0347263 0.0454496 0.0563003 0.067212 0.0785632 0.0866114 0.0908032 0.0927835 0.0931665 0.0920775 0.0892945 0.0840574 0.0754081 0.0658594 0.0571708 0.0487598 0.0406784 0.0331659 0.02641 0.0205199 0.0155327 0.0114234 0.00811212 0.00547063 0.00336497 0.00175807 0.000722874 0.00022695 5.59041e-05 1.12873e-05 1.91093e-06 2.66814e-07 2.81374e-08 1.61355e-09 0 
0 0.000585639 0.00322949 0.00786666 0.0141997 0.0220282 0.0309759 0.0405498 0.0501953 0.0594104 0.0681473 0.0763841 0.082155 0.0849674 0.0854773 0.0838862 0.0798877 0.0733618 0.0658594 0.0584838 0.051005 0.0435249 0.0363126 0.0296069 0.023576 0.0183172 0.0138625 0.0101872 0.00721434 0.00482609 0.0029165 0.0014827 0.000592739 0.000182818 4.48456e-05 9.10663e-06 1.55895e-06 2.20626e-07 2.36005e-08 1.37266e-09 0 
0 0.000469608 0.00273205 0.0068124 0.0123575 0.0191958 0.0270092 0.0353689 0.0437879 0.0517686 0.0588913 0.064967 0.0698125 0.0727422 0.0732983 0.0714993 0.067736 0.0627914 0.0571708 0.051005 0.0445149 0.0379899 0.0316966 0.0258457 0.0205836 0.0159946 0.0121054 0.00889083 0.00627897 0.0041679 0.00248167 0.00123783 0.00048763 0.000149889 3.70421e-05 7.62622e-06 1.32684e-06 1.90877e-07 2.07361e-08 1.22306e-09 0 
0 0.000358072 0.0022224 0.00573824 0.0104997 0.0163453 0.0230189 0.0301581 0.0373475 0.0441589 0.0501904 0.0551119 0.0586905 0.0607435 0.0611254 0.0598652 0.0571978 0.0534086 0.0487598 0.0435249 0.0379899 0.0324237 0.0270563 0.0220674 0.0175821 0.0136722 0.0103596 0.00761932 0.00538634 0.00357701 0.00213348 0.00107078 0.000427187 0.000133626 3.36448e-05 7.04622e-06 1.24375e-06 1.81017e-07 1.98436e-08 1.17833e-09 0 
0 0.00025791 0.00172434 0.00468056 0.00869801 0.0135925 0.0191689 0.0251319 0.0311362 0.0368246 0.0418595 0.0459517 0.0488837 0.0505219 0.0508213 0.0498288 0.0476743 0.044548 0.0406784 0.0363126 0.0316966 0.0270563 0.0225841 0.0184309 0.0147054 0.0114774 0.00877261 0.00655328 0.00472661 0.00320835 0.00196742 0.00102496 0.000425315 0.000137104 3.51182e-05 7.40666e-06 1.30836e-06 1.89882e-07 2.07136e-08 1.22245e-09 0 
0 0.000174177 0.00126257 0.00366802 0.00700367 0.0110258 0.0155863 0.0204576 0.0253612 0.0300062 0.0341175 0.0374588 0.0398514 0.0411869 0.0414316 0.0406248 0.03887 0.0363213 0.0331659 0.0296069 0.0258457 0.0220674 0.0184309 0.0150679 0.0121029 0.00967795 0.00787739 0.00651629 0.00516891 0.00365288 0.00222792 0.00116016 0.00049125 0.000160808 4.11057e-05 8.55134e-06 1.48322e-06 2.11164e-07 2.26089e-08 1.311e-09 0 
0 0.000109423 0.00086121 0.00272683 0.00544609 0.00870184 0.0123583 0.0162514 0.0201669 0.0238749 0.0271564 0.0298233 0.0317331 0.0327995 0.0329957 0.0323532 0.0309549 0.0289238 0.02641 0.023576 0.0205836 0.0175821 0.0147054 0.0121029 0.0100645 0.00915596 0.00979031 0.0110113 0.0105893 0.00772505 0.00419958 0.00181371 0.000672094 0.000206629 5.05161e-05 1.00919e-05 1.69044e-06 2.33574e-07 2.43611e-08 1.38021e-09 0 
0 6.34519e-05 0.000539625 0.00188827 0.00403873 0.00664329 0.00952921 0.012578 0.0156358 0.0185289 0.0210884 0.0231683 0.0246578 0.0254898 0.0256437 0.0251441 0.0240559 0.0224753 0.0205199 0.0183172 0.0159946 0.0136722 0.0114774 0.00967795 0.00915596 0.0119394 0.0195853 0.0311959 0.0374252 0.0225643 0.0113911 0.00408596 0.00115616 0.0002889 6.22905e-05 1.14703e-05 1.82447e-06 2.43393e-07 2.46996e-08 1.36747e-09 0 
0 3.37273e-05 0.000306493 0.00119085 0.00279583 0.00484382 0.00710064 0.00945196 0.0117928 0.0140007 0.0159516 0.0175361 0.0186708 0.0193049 0.019423 0.019044 0.0182175 0.0170171 0.0155327 0.0138625 0.0121054 0.0103596 0.00877261 0.00787739 0.00979031 0.0195853 0.0449821 0.0771848 0.0800899 0.0651654 0.0265557 0.00891923 0.00214499 0.000423135 7.49542e-05 1.2104e-05 1.79129e-06 2.30146e-07 2.27983e-08 1.23858e-09 0 
0 1.63439e-05 0.000156153 0.000668445 0.00175236 0.00329108 0.00503757 0.00683935 0.00860855 0.0102634 0.0117197 0.0129002 0.013745 0.0142173 0.0143061 0.0140258 0.0134133 0.0125234 0.0114234 0.0101872 0.00889083 0.00761932 0.00655328 0.00651629 0.0110113 0.0311959 0.0771848 0.0866732 0.0878363 0.08282 0.0553461 0.014368 0.00325756 0.000558125 8.25157e-05 1.14509e-05 1.55529e-06 1.92635e-07 1.87479e-08 1.00635e-09 0 
0 7.19507e-06 7.09365e-05 0.000328113 0.000960977 0.00200481 0.00330047 0.00466977 0.00600418 0.00723624 0.00830996 0.0091754 0.00979298 0.0101382 0.0102041 0.0100017 0.00955756 0.00891146 0.00811212 0.00721434 0.00627897 0.00538634 0.00472661 0.00516891 0.0105893 0.0374252 0.0800899 0.0878363 0.0888799 0.08492 0.0653095 0.0159215 0.00352462 0.000568776 7.51582e-05 9.23919e-06 1.16415e-06 1.40312e-07 1.35461e-08 7.24671e-10 0 
0 2.87297e-06 2.86996e-05 0.000139759 0.000448934 0.00104665 0.00190172 0.00288699 0.00387877 0.00479634 0.00558954 0.00622348 0.00667332 0.00692451 0.00697389 0.00682986 0.00651146 0.00604664 0.00547063 0.00482609 0.0041679 0.00357701 0.00320835 0.00365288 0.00772505 0.0225643 0.0651654 0.08282 0.08492 0.0789027 0.0400899 0.0117299 0.00260471 0.000414009 5.21509e-05 6.035e-06 7.34077e-07 8.79313e-08 8.5287e-09 4.59122e-10 0 
0 1.04039e-06 1.03678e-05 5.17909e-05 0.000177015 0.000452948 0.000912795 0.00151972 0.00219064 0.00284362 0.00342014 0.00388371 0.00421301 0.00439754 0.00443575 0.00433417 0.00410676 0.00377432 0.00336497 0.0029165 0.00248167 0.00213348 0.00196742 0.00222792 0.00419958 0.0113911 0.0265557 0.0553461 0.0653095 0.0400899 0.017624 0.0058143 0.00130436 0.00020991 2.6512e-05 3.09771e-06 3.85069e-07 4.71642e-08 4.66101e-09 2.54944e-10 0 
0 3.4188e-07 3.35875e-06 1.68484e-05 5.94023e-05 0.000161468 0.00035336 0.0006435 0.00100736 0.0013985 0.00176841 0.00207901 0.00230559 0.00243514 0.00246409 0.00239658 0.00224357 0.00202256 0.00175807 0.0014827 0.00123783 0.00107078 0.00102496 0.00116016 0.00181371 0.00408596 0.00891923 0.014368 0.0159215 0.0117299 0.0058143 0.00194023 0.000446685 7.4441e-05 9.90643e-06 1.25682e-06 1.68754e-07 2.16799e-08 2.21011e-09 1.23902e-10 0 
0 1.01971e-07 9.79705e-07 4.86153e-06 1.72563e-05 4.82475e-05 0.000110891 0.000215245 0.000361071 0.000535119 0.000715195 0.000877385 0.00100189 0.00107582 0.00109376 0.00105723 0.000973882 0.000856676 0.000722874 0.000592739 0.00048763 0.000427187 0.000425315 0.00049125 0.000672094 0.00115616 0.00214499 0.00325756 0.00352462 0.00260471 0.00130436 0.000446685 0.000107236 1.90802e-05 2.84878e-06 4.19074e-07 6.28648e-08 8.5872e-09 9.10649e-10 5.26938e-11 0 
0 2.75722e-08 2.57788e-07 1.25367e-06 4.40933e-06 1.23865e-05 2.90321e-05 5.8229e-05 0.000101829 0.000157821 0.000220054 0.000279756 0.00032797 0.000357753 0.000365519 0.000351453 0.000319212 0.000275104 0.00022695 0.000182818 0.000149889 0.000133626 0.000137104 0.000160808 0.000206629 0.0002889 0.000423135 0.000558125 0.000568776 0.000414009 0.00020991 7.4441e-05 1.90802e-05 3.83172e-06 6.86879e-07 1.20806e-07 2.02639e-08 2.94688e-09 3.26568e-10 1.96047e-11 0 
0 6.7301e-09 6.1074e-08 2.89587e-07 1.00006e-06 2.78296e-06 6.52468e-06 1.32124e-05 2.35032e-05 3.7226e-05 5.31099e-05 6.89532e-05 8.21883e-05 9.06015e-05 9.29232e-05 8.91135e-05 8.03033e-05 6.84592e-05 5.59041e-05 4.48456e-05 3.70421e-05 3.36448e-05 3.51182e-05 4.11057e-05 5.05161e-05 6.22905e-05 7.49542e-05 8.25157e-05 7.51582e-05 5.21509e-05 2.6512e-05 9.90643e-06 2.84878e-06 6.86879e-07 1.5116e-07 3.10136e-08 5.69528e-09 8.77796e-10 1.01862e-10 6.36584e-12 0 
0 1.46856e-09 1.29226e-08 5.96003e-08 2.01167e-07 5.50427e-07 1.2772e-06 2.57616e-06 4.59029e-06 7.31275e-06 1.05185e-05 1.37751e-05 1.65438e-05 1.83345e-05 1.88515e-05 1.80749e-05 1.62536e-05 1.38231e-05 1.12873e-05 9.10663e-06 7.62622e-06 7.04622e-06 7.40666e-06 8.55134e-06 1.00919e-05 1.14703e-05 1.2104e-05 1.14509e-05 9.23919e-06 6.035e-06 3.09771e-06 1.25682e-06 4.19074e-07 1.20806e-07 3.10136e-08 7.061e-09 1.38946e-09 2.25959e-10 2.74761e-11 1.79097e-12 0 
0 2.80731e-10 2.39569e-09 1.07408e-08 3.53679e-08 9.48262e-08 2.16645e-07 4.32313e-07 7.65388e-07 1.21587e-06 1.74847e-06 2.29288e-06 2.75924e-06 3.06394e-06 3.15538e-06 3.02921e-06 2.72794e-06 2.32646e-06 1.91093e-06 1.55895e-06 1.32684e-06 1.24375e-06 1.30836e-06 1.48322e-06 1.69044e-06 1.82447e-06 1.79129e-06 1.55529e-06 1.16415e-06 7.34077e-07 3.85069e-07 1.68754e-07 6.28648e-08 2.02639e-08 5.69528e-09 1.38946e-09 2.89388e-10 4.95044e-11 6.30608e-12 4.29011e-13 0 
0 4.50439e-11 3.73104e-10 1.62684e-09 5.22491e-09 1.37115e-08 3.07791e-08 6.05794e-08 1.06169e-07 1.67483e-07 2.39797e-07 3.13728e-07 3.77219e-07 4.18974e-07 4.31953e-07 4.15519e-07 3.75439e-07 3.21943e-07 2.66814e-07 2.20626e-07 1.90877e-07 1.81017e-07 1.89882e-07 2.11164e-07 2.33574e-07 2.43393e-07 2.30146e-07 1.92635e-07 1.40312e-07 8.79313e-08 4.71642e-08 2.16799e-08 8.5872e-09 2.94688e-09 8.77796e-10 2.25959e-10 4.95044e-11 8.88546e-12 1.18439e-12 8.40695e-14 0 
0 5.47655e-12 4.4088e-11 1.87163e-10 5.867e-10 1.5072e-09 3.32272e-09 6.44378e-09 1.11625e-08 1.74559e-08 2.48388e-08 3.23668e-08 3.88329e-08 4.3106e-08 4.44799e-08 4.289e-08 3.89182e-08 3.36013e-08 2.81374e-08 2.36005e-08 2.07361e-08 1.98436e-08 2.07136e-08 2.26089e-08 2.43611e-08 2.46996e-08 2.27983e-08 1.87479e-08 1.35461e-08 8.5287e-09 4.66101e-09 2.21011e-09 9.10649e-10 3.26568e-10 1.01862e-10 2.74761e-11 6.30608e-12 1.18439e-12 1.64908e-13 1.22e-14 0 
0 3.60538e-13 2.82527e-12 1.16943e-11 3.58219e-11 9.01598e-11 1.95287e-10 3.73176e-10 6.38786e-10 9.89718e-10 1.39872e-09 1.81417e-09 2.1707e-09 2.40732e-09 2.48598e-09 2.40333e-09 2.19109e-09 1.90594e-09 1.61355e-09 1.37266e-09 1.22306e-09 1.17833e-09 1.22245e-09 1.311e-09 1.38021e-09 1.36747e-09 1.23858e-09 1.00635e-09 7.24671e-10 4.59122e-10 2.54944e-10 1.23902e-10 5.26938e-11 1.96047e-11 6.36584e-12 1.79097e-12 4.29011e-13 8.40695e-14 1.22e-14 9.39239e-16 0 
0 0 0 0 0 0 0 0 0 0 0 0 0 0 0 0 0 0 0 0 0 0 0 0 0 0 0 0 0 0 0 0 0 0 0 0 0 0 0 0 0 
