0 0 0 0 0 0 0 0 0 0 0 0 0 0 0 0 0 0 0 0 0 0 0 0 0 0 0 0 0 0 0 0 0 0 0 0 0 0 0 0 0 
0 1.34413e-07 1.22243e-06 5.60935e-06 1.80274e-05 4.49968e-05 9.20148e-05 0.000160157 0.000244782 0.000337018 0.000426484 0.000503619 0.000561042 0.000594087 0.000600852 0.000581986 0.000540343 0.000480559 0.000408541 0.000330868 0.000254099 0.000184006 0.000124848 7.88394e-05 4.60385e-05 2.47216e-05 1.21553e-05 5.45839e-06 2.23638e-06 8.36231e-07 2.85628e-07 8.91951e-08 2.54658e-08 6.63566e-09 1.57031e-09 3.33967e-10 6.25059e-11 9.85716e-12 1.18165e-12 7.69007e-14 0 
0 1.22243e-06 1.14975e-05 5.33855e-05 0.000168351 0.000399649 0.000760123 0.00121988 0.00172494 0.00222118 0.00266561 0.0030275 0.00328661 0.00343171 0.00345963 0.00337449 0.00318673 0.00291192 0.0025695 0.0021817 0.00177275 0.00136815 0.000993344 0.00067099 0.000416811 0.000235603 0.000120229 5.51596e-05 2.27451e-05 8.45137e-06 2.84091e-06 8.67263e-07 2.41047e-07 6.10061e-08 1.40094e-08 2.89131e-09 5.2549e-10 8.05608e-11 9.40113e-12 5.96469e-13 0 
0 5.60935e-06 5.33855e-05 0.00024132 0.000707408 0.00151103 0.00257101 0.00374959 0.00493349 0.00604245 0.00701472 0.00780023 0.00836112 0.00867422 0.00873253 0.00854509 0.00813504 0.00753652 0.00679067 0.0059415 0.00503235 0.00410398 0.00319506 0.00234495 0.00159573 0.000987822 0.000546358 0.000266619 0.0001143 4.31996e-05 1.45129e-05 4.37322e-06 1.19045e-06 2.93778e-07 6.56429e-08 1.3174e-08 2.32909e-09 3.47651e-10 3.95501e-11 2.4498e-12 0 
0 1.80274e-05 0.000168351 0.000707408 0.0018447 0.00349248 0.0054201 0.00745704 0.00948487 0.0113947 0.0130811 0.0144506 0.0154314 0.0159793 0.0160802 0.0157497 0.0150295 0.0139818 0.0126818 0.0112106 0.00964745 0.00806328 0.00651619 0.00505075 0.00370394 0.00251693 0.00154269 0.000829781 0.000384318 0.000152635 5.24619e-05 1.58447e-05 4.26517e-06 1.03275e-06 2.25506e-07 4.4152e-08 7.61298e-09 1.10889e-09 1.23229e-10 7.46588e-12 0 
0 4.49968e-05 0.000399649 0.00151103 0.00349248 0.00605453 0.00895089 0.0120225 0.0151068 0.018028 0.0206149 0.0227189 0.0242268 0.025069 0.0252235 0.0247141 0.0236056 0.0219941 0.0199973 0.0177419 0.0153533 0.0129453 0.0106126 0.00842524 0.00642708 0.0046429 0.00309884 0.00184567 0.000945633 0.000407038 0.000147087 4.5399e-05 1.22378e-05 2.93099e-06 6.28872e-07 1.20611e-07 2.03491e-08 2.90037e-09 3.15619e-10 1.87443e-11 0 
0 9.20148e-05 0.000760123 0.00257101 0.0054201 0.00895089 0.012955 0.0172324 0.0215433 0.0256327 0.0292569 0.0322056 0.0343192 0.0354998 0.0357161 0.0350016 0.0334472 0.0311883 0.0283903 0.0252319 0.0218902 0.0185271 0.0152791 0.0122503 0.00950834 0.00708394 0.00498107 0.00320708 0.00181015 0.000857223 0.000333152 0.000107209 2.93472e-05 7.01613e-06 1.48837e-06 2.80893e-07 4.65407e-08 6.51115e-09 6.95704e-10 4.06001e-11 0 
0 0.000160157 0.00121988 0.00374959 0.00745704 0.0120225 0.0172324 0.0228147 0.028447 0.0337923 0.0385307 0.0423867 0.045151 0.0466955 0.0469787 0.0460442 0.0440113 0.0410576 0.0373996 0.0332715 0.0289054 0.0245141 0.0202777 0.0163356 0.0127817 0.00966324 0.00698404 0.00472087 0.00286937 0.00148669 0.000627826 0.000213931 6.02495e-05 1.45092e-05 3.06219e-06 5.71317e-07 9.33095e-08 1.28545e-08 1.35241e-09 7.77522e-11 0 
0 0.000244782 0.00172494 0.00493349 0.00948487 0.0151068 0.0215433 0.028447 0.035415 0.0420291 0.0478933 0.0526688 0.056101 0.0580268 0.0583815 0.0572156 0.0546875 0.0510263 0.0464986 0.0413912 0.0359903 0.0305597 0.0253232 0.0204549 0.0160736 0.0122436 0.00897608 0.00623798 0.00398286 0.00221712 0.00101364 0.00036835 0.000107746 2.63381e-05 5.56151e-06 1.03022e-06 1.66455e-07 2.26513e-08 2.3532e-09 1.33623e-10 0 
0 0.000337018 0.00222118 0.00604245 0.0113947 0.018028 0.0256327 0.0337923 0.0420291 0.0498489 0.0567894 0.0624706 0.0665994 0.0689437 0.0693798 0.0679581 0.0648985 0.0605179 0.0551456 0.0491046 0.0427206 0.0363027 0.0301157 0.024366 0.0191959 0.0146842 0.0108501 0.00765903 0.00504206 0.00295479 0.0014439 0.000558557 0.000170409 4.25e-05 9.01813e-06 1.66474e-06 2.66953e-07 3.59899e-08 3.70204e-09 2.08148e-10 0 
0 0.000426484 0.00266561 0.00701472 0.0130811 0.0206149 0.0292569 0.0385307 0.0478933 0.0567894 0.0647225 0.0712773 0.0760462 0.0787124 0.0792069 0.0776094 0.0740963 0.0690234 0.062845 0.0559539 0.0486943 0.0414 0.0343693 0.027837 0.0219657 0.0168466 0.0125052 0.00890756 0.00597385 0.0036238 0.00186302 0.000760765 0.000241764 6.16336e-05 1.31776e-05 2.43093e-06 3.8795e-07 5.19553e-08 5.30506e-09 2.96059e-10 0 
0 0.000503619 0.0030275 0.00780023 0.0144506 0.0227189 0.0322056 0.0423867 0.0526688 0.0624706 0.0712773 0.0784945 0.0834978 0.0861404 0.0866265 0.0850816 0.0815057 0.0760351 0.0691843 0.0615545 0.053566 0.0455561 0.0378378 0.0306675 0.0242242 0.0186091 0.0138522 0.00992014 0.00672771 0.0041726 0.00222341 0.000947166 0.000311727 8.11259e-05 1.74923e-05 3.23055e-06 5.1423e-07 6.85707e-08 6.96663e-09 3.86779e-10 0 
0 0.000561042 0.00328661 0.00836112 0.0154314 0.0242268 0.0343192 0.045151 0.056101 0.0665994 0.0760462 0.0834978 0.0883351 0.0907968 0.0912535 0.0898374 0.0864633 0.0810126 0.073799 0.0656123 0.0570747 0.0485461 0.0403337 0.032705 0.0258505 0.0198785 0.0148221 0.0106483 0.00726896 0.00456935 0.00249198 0.00109343 0.000369479 9.77758e-05 2.12451e-05 3.93168e-06 6.25286e-07 8.31923e-08 8.42835e-09 4.66545e-10 0 
0 0.000594087 0.00343171 0.00867422 0.0159793 0.025069 0.0354998 0.0466955 0.0580268 0.0689437 0.0787124 0.0861404 0.0907968 0.0931438 0.0935843 0.0922453 0.0890263 0.0837106 0.0764063 0.0679169 0.0590555 0.0502317 0.041742 0.0338559 0.0267703 0.0205976 0.0153725 0.0110624 0.00757759 0.00479752 0.00265015 0.00118305 0.000406337 0.000108729 2.37616e-05 4.40753e-06 7.01303e-07 9.32719e-08 9.44288e-09 5.22303e-10 0 
0 0.000600852 0.00345963 0.00873253 0.0160802 0.0252235 0.0357161 0.0469787 0.0583815 0.0693798 0.0792069 0.0866265 0.0912535 0.0935843 0.0940243 0.0926999 0.0895096 0.0842245 0.0769134 0.06837 0.0594468 0.0505674 0.0420254 0.0340903 0.0269603 0.0207487 0.0154907 0.011154 0.00764883 0.00485342 0.00269194 0.00120869 0.000417664 0.000112301 2.46237e-05 4.57785e-06 7.29672e-07 9.71937e-08 9.85481e-09 5.45965e-10 0 
0 0.000581986 0.00337449 0.00854509 0.0157497 0.0247141 0.0350016 0.0460442 0.0572156 0.0679581 0.0776094 0.0850816 0.0898374 0.0922453 0.0926999 0.0913321 0.0880476 0.0826674 0.0753896 0.0670245 0.0582998 0.049599 0.0412226 0.0334401 0.0264463 0.0203525 0.0151931 0.0109361 0.007493 0.00474501 0.00262217 0.00117198 0.000403582 0.000108403 2.37965e-05 4.43521e-06 7.09273e-07 9.48344e-08 9.65551e-09 5.37314e-10 0 
0 0.000540343 0.00318673 0.00813504 0.0150295 0.0236056 0.0334472 0.0440113 0.0546875 0.0648985 0.0740963 0.0815057 0.0864633 0.0890263 0.0895096 0.0880476 0.084585 0.0791051 0.0720291 0.0640768 0.0557697 0.0474536 0.0394398 0.0319925 0.0252985 0.0194643 0.0145224 0.0104412 0.00713455 0.00449098 0.00245537 0.00108265 0.000368679 9.85107e-05 2.16303e-05 4.04671e-06 6.50886e-07 8.76329e-08 8.99113e-09 5.0448e-10 0 
0 0.000480559 0.00291192 0.00753652 0.0139818 0.0219941 0.0311883 0.0410576 0.0510263 0.0605179 0.0690234 0.0760351 0.0810126 0.0837106 0.0842245 0.0826674 0.0791051 0.0737724 0.0671724 0.0598146 0.0520846 0.0443214 0.0368357 0.0298776 0.0236217 0.0181669 0.0135428 0.00971812 0.00661037 0.00412036 0.00221529 0.000957347 0.000320993 8.52366e-05 1.87521e-05 3.53333e-06 5.74053e-07 7.81988e-08 8.12573e-09 4.6202e-10 0 
0 0.000408541 0.0025695 0.00679067 0.0126818 0.0199973 0.0283903 0.0373996 0.0464986 0.0551456 0.062845 0.0691843 0.073799 0.0764063 0.0769134 0.0753896 0.0720291 0.0671724 0.0612241 0.0545562 0.0475155 0.0404345 0.0336048 0.0272553 0.0215446 0.0165624 0.0123341 0.00882838 0.00596844 0.00367287 0.00193508 0.000818228 0.000270587 7.17284e-05 1.59073e-05 3.03917e-06 5.02203e-07 6.96816e-08 7.37901e-09 4.27536e-10 0 
0 0.000330868 0.0021817 0.0059415 0.0112106 0.0177419 0.0252319 0.0332715 0.0413912 0.0491046 0.0559539 0.0615545 0.0656123 0.0679169 0.06837 0.0670245 0.0640768 0.0598146 0.0545562 0.0486273 0.0423548 0.0360445 0.029958 0.0242988 0.0192077 0.014763 0.0109852 0.00784301 0.00526805 0.003201 0.00165754 0.000691174 0.000228075 6.11176e-05 1.38224e-05 2.70445e-06 4.58212e-07 6.51575e-08 7.06132e-09 4.17875e-10 0 
0 0.000254099 0.00177275 0.00503235 0.00964745 0.0153533 0.0218902 0.0289054 0.0359903 0.0427206 0.0486943 0.053566 0.0570747 0.0590555 0.0594468 0.0582998 0.0557697 0.0520846 0.0475155 0.0423548 0.0368939 0.0314012 0.0261046 0.0211808 0.0167514 0.0128826 0.00958938 0.00684168 0.00458275 0.00277284 0.0014344 0.00060363 0.000203569 5.62207e-05 1.3135e-05 2.65029e-06 4.61418e-07 6.71417e-08 7.41479e-09 4.45397e-10 0 
0 0.000184006 0.00136815 0.00410398 0.00806328 0.0129453 0.0185271 0.0245141 0.0305597 0.0363027 0.0414 0.0455561 0.0485461 0.0502317 0.0505674 0.049599 0.0474536 0.0443214 0.0404345 0.0360445 0.0314012 0.0267339 0.0222367 0.01806 0.0143062 0.0110306 0.00824381 0.00591897 0.00400751 0.00247247 0.0013217 0.000582019 0.000206223 5.95052e-05 1.43785e-05 2.97046e-06 5.25149e-07 7.7107e-08 8.55168e-09 5.14049e-10 0 
0 0.000124848 0.000993344 0.00319506 0.00651619 0.0106126 0.0152791 0.0202777 0.0253232 0.0301157 0.0343693 0.0378378 0.0403337 0.041742 0.0420254 0.0412226 0.0394398 0.0368357 0.0336048 0.029958 0.0261046 0.0222367 0.0185171 0.0150719 0.0119894 0.00932297 0.0070868 0.00524105 0.00370317 0.00241206 0.00137659 0.000650011 0.00024418 7.30681e-05 1.7935e-05 3.71193e-06 6.52204e-07 9.47645e-08 1.03774e-08 6.15291e-10 0 
0 7.88394e-05 0.00067099 0.00234495 0.00505075 0.00842524 0.0122503 0.0163356 0.0204549 0.024366 0.027837 0.0306675 0.032705 0.0338559 0.0340903 0.0334401 0.0319925 0.0298776 0.0272553 0.0242988 0.0211808 0.01806 0.0150719 0.0123275 0.00992864 0.00798596 0.00655328 0.00545673 0.00432959 0.00302333 0.00177772 0.000859317 0.000329631 9.88974e-05 2.38978e-05 4.8287e-06 8.26741e-07 1.17104e-07 1.25171e-08 7.25564e-10 0 
0 4.60385e-05 0.000416811 0.00159573 0.00370394 0.00642708 0.00950834 0.0127817 0.0160736 0.0191959 0.0219657 0.0242242 0.0258505 0.0267703 0.0269603 0.0264463 0.0252985 0.0236217 0.0215446 0.0192077 0.0167514 0.0143062 0.0119894 0.00992864 0.00836005 0.00773605 0.00838531 0.00949126 0.00914409 0.00666327 0.00359632 0.00150626 0.000514781 0.000142408 3.21189e-05 6.13693e-06 1.00711e-06 1.37904e-07 1.43194e-08 8.09133e-10 0 
0 2.47216e-05 0.000235603 0.000987822 0.00251693 0.0046429 0.00708394 0.00966324 0.0122436 0.0146842 0.0168466 0.0186091 0.0198785 0.0205976 0.0207487 0.0203525 0.0194643 0.0181669 0.0165624 0.014763 0.0128826 0.0110306 0.00932297 0.00798596 0.00773605 0.0102713 0.0169556 0.0247479 0.0265954 0.0195095 0.00987045 0.00352311 0.000965127 0.000219892 4.26762e-05 7.34078e-06 1.13135e-06 1.49023e-07 1.50358e-08 8.29548e-10 0 
0 1.21553e-05 0.000120229 0.000546358 0.00154269 0.00309884 0.00498107 0.00698404 0.00897608 0.0108501 0.0125052 0.0138522 0.0148221 0.0153725 0.0154907 0.0151931 0.0145224 0.0135428 0.0123341 0.0109852 0.00958938 0.00824381 0.0070868 0.00655328 0.00838531 0.0169556 0.0357052 0.0621543 0.070901 0.0475428 0.0229851 0.00773131 0.00184355 0.000344647 5.49259e-05 8.08826e-06 1.14122e-06 1.44032e-07 1.4171e-08 7.6704e-10 0 
0 5.45839e-06 5.51596e-05 0.000266619 0.000829781 0.00184567 0.00320708 0.00472087 0.00623798 0.00765903 0.00890756 0.00992014 0.0106483 0.0110624 0.011154 0.0109361 0.0104412 0.00971812 0.00882838 0.00784301 0.00684168 0.00591897 0.00524105 0.00545673 0.00949126 0.0247479 0.0621543 0.086964 0.0896959 0.0801116 0.0391845 0.0124627 0.00281768 0.000468937 6.35191e-05 7.94468e-06 1.01139e-06 1.22249e-07 1.18039e-08 6.31291e-10 0 
0 2.23638e-06 2.27451e-05 0.0001143 0.000384318 0.000945633 0.00181015 0.00286937 0.00398286 0.00504206 0.00597385 0.00672771 0.00726896 0.00757759 0.00764883 0.007493 0.00713455 0.00661037 0.00596844 0.00526805 0.00458275 0.00400751 0.00370317 0.00432959 0.00914409 0.0265954 0.070901 0.0896959 0.0919357 0.0847519 0.0462657 0.0137401 0.00305245 0.00048272 5.93775e-05 6.58159e-06 7.68275e-07 8.98473e-08 8.59798e-09 4.5836e-10 0 
0 8.36231e-07 8.45137e-06 4.31996e-05 0.000152635 0.000407038 0.000857223 0.00148669 0.00221712 0.00295479 0.0036238 0.0041726 0.00456935 0.00479752 0.00485342 0.00474501 0.00449098 0.00412036 0.00367287 0.003201 0.00277284 0.00247247 0.00241206 0.00302333 0.00666327 0.0195095 0.0475428 0.0801116 0.0847519 0.0672231 0.0310082 0.0101763 0.00225481 0.000351215 4.14668e-05 4.34529e-06 4.87965e-07 5.65949e-08 5.44095e-09 2.91974e-10 0 
0 2.85628e-07 2.84091e-06 1.45129e-05 5.24619e-05 0.000147087 0.000333152 0.000627826 0.00101364 0.0014439 0.00186302 0.00222341 0.00249198 0.00265015 0.00269194 0.00262217 0.00245537 0.00221529 0.00193508 0.00165754 0.0014344 0.0013217 0.00137659 0.00177772 0.00359632 0.00987045 0.0229851 0.0391845 0.0462657 0.0310082 0.0152917 0.00504245 0.00112589 0.000176476 2.08808e-05 2.21741e-06 2.5568e-07 3.04148e-08 2.98279e-09 1.62713e-10 0 
0 8.91951e-08 8.67263e-07 4.37322e-06 1.58447e-05 4.5399e-05 0.000107209 0.000213931 0.00036835 0.000558557 0.000760765 0.000947166 0.00109343 0.00118305 0.00120869 0.00117198 0.00108265 0.000957347 0.000818228 0.000691174 0.00060363 0.000582019 0.000650011 0.000859317 0.00150626 0.00352311 0.00773131 0.0124627 0.0137401 0.0101763 0.00504245 0.00167884 0.000381776 6.13318e-05 7.60731e-06 8.81418e-07 1.11209e-07 1.3978e-08 1.41696e-09 7.92689e-11 0 
0 2.54658e-08 2.41047e-07 1.19045e-06 4.26517e-06 1.22378e-05 2.93472e-05 6.02495e-05 0.000107746 0.000170409 0.000241764 0.000311727 0.000369479 0.000406337 0.000417664 0.000403582 0.000368679 0.000320993 0.000270587 0.000228075 0.000203569 0.000206223 0.00024418 0.000329631 0.000514781 0.000965127 0.00184355 0.00281768 0.00305245 0.00225481 0.00112589 0.000381776 8.94012e-05 1.51542e-05 2.09747e-06 2.85404e-07 4.10308e-08 5.5311e-09 5.84484e-10 3.37671e-11 0 
0 6.63566e-09 6.10061e-08 2.93778e-07 1.03275e-06 2.93099e-06 7.01613e-06 1.45092e-05 2.63381e-05 4.25e-05 6.16336e-05 8.11259e-05 9.77758e-05 0.000108729 0.000112301 0.000108403 9.85107e-05 8.52366e-05 7.17284e-05 6.11176e-05 5.62207e-05 5.95052e-05 7.30681e-05 9.88974e-05 0.000142408 0.000219892 0.000344647 0.000468937 0.00048272 0.000351215 0.000176476 6.13318e-05 1.51542e-05 2.87127e-06 4.79588e-07 8.00191e-08 1.31257e-08 1.89654e-09 2.09746e-10 1.25768e-11 0 
0 1.57031e-09 1.40094e-08 6.56429e-08 2.25506e-07 6.28872e-07 1.48837e-06 3.06219e-06 5.56151e-06 9.01813e-06 1.31776e-05 1.74923e-05 2.12451e-05 2.37616e-05 2.46237e-05 2.37965e-05 2.16303e-05 1.87521e-05 1.59073e-05 1.38224e-05 1.3135e-05 1.43785e-05 1.7935e-05 2.38978e-05 3.21189e-05 4.26762e-05 5.49259e-05 6.35191e-05 5.93775e-05 4.14668e-05 2.08808e-05 7.60731e-06 2.09747e-06 4.79588e-07 1.00822e-07 2.01815e-08 3.67359e-09 5.64683e-10 6.54509e-11 4.08676e-12 0 
0 3.33967e-10 2.89131e-09 1.3174e-08 4.4152e-08 1.20611e-07 2.80893e-07 5.71317e-07 1.03022e-06 1.66474e-06 2.43093e-06 3.23055e-06 3.93168e-06 4.40753e-06 4.57785e-06 4.43521e-06 4.04671e-06 3.53333e-06 3.03917e-06 2.70445e-06 2.65029e-06 2.97046e-06 3.71193e-06 4.8287e-06 6.13693e-06 7.34078e-06 8.08826e-06 7.94468e-06 6.58159e-06 4.34529e-06 2.21741e-06 8.81418e-07 2.85404e-07 8.00191e-08 2.01815e-08 4.55887e-09 8.94626e-10 1.45328e-10 1.76589e-11 1.15029e-12 0 
0 6.25059e-11 5.2549e-10 2.32909e-09 7.61298e-09 2.03491e-08 4.65407e-08 9.33095e-08 1.66455e-07 2.66953e-07 3.8795e-07 5.1423e-07 6.25286e-07 7.01303e-07 7.29672e-07 7.09273e-07 6.50886e-07 5.74053e-07 5.02203e-07 4.58212e-07 4.61418e-07 5.25149e-07 6.52204e-07 8.26741e-07 1.00711e-06 1.13135e-06 1.14122e-06 1.01139e-06 7.68275e-07 4.87965e-07 2.5568e-07 1.11209e-07 4.10308e-08 1.31257e-08 3.67359e-09 8.94626e-10 1.86184e-10 3.18339e-11 4.05323e-12 2.75612e-13 0 
0 9.85716e-12 8.05608e-11 3.47651e-10 1.10889e-09 2.90037e-09 6.51115e-09 1.28545e-08 2.26513e-08 3.59899e-08 5.19553e-08 6.85707e-08 8.31923e-08 9.32719e-08 9.71937e-08 9.48344e-08 8.76329e-08 7.81988e-08 6.96816e-08 6.51575e-08 6.71417e-08 7.7107e-08 9.47645e-08 1.17104e-07 1.37904e-07 1.49023e-07 1.44032e-07 1.22249e-07 8.98473e-08 5.65949e-08 3.04148e-08 1.3978e-08 5.5311e-09 1.89654e-09 5.64683e-10 1.45328e-10 3.18339e-11 5.71252e-12 7.61235e-13 5.40146e-14 0 
0 1.18165e-12 9.40113e-12 3.95501e-11 1.23229e-10 3.15619e-10 6.95704e-10 1.35241e-09 2.3532e-09 3.70204e-09 5.30506e-09 6.96663e-09 8.42835e-09 9.44288e-09 9.85481e-09 9.65551e-09 8.99113e-09 8.12573e-09 7.37901e-09 7.06132e-09 7.41479e-09 8.55168e-09 1.03774e-08 1.25171e-08 1.43194e-08 1.50358e-08 1.4171e-08 1.18039e-08 8.59798e-09 5.44095e-09 2.98279e-09 1.41696e-09 5.84484e-10 2.09746e-10 6.54509e-11 1.76589e-11 4.05323e-12 7.61235e-13 1.05975e-13 7.83832e-15 0 
0 7.69007e-14 5.96469e-13 2.4498e-12 7.46588e-12 1.87443e-11 4.06001e-11 7.77522e-11 1.33623e-10 2.08148e-10 2.96059e-10 3.86779e-10 4.66545e-10 5.22303e-10 5.45965e-10 5.37314e-10 5.0448e-10 4.6202e-10 4.27536e-10 4.17875e-10 4.45397e-10 5.14049e-10 6.15291e-10 7.25564e-10 8.09133e-10 8.29548e-10 7.6704e-10 6.31291e-10 4.5836e-10 2.91974e-10 1.62713e-10 7.92689e-11 3.37671e-11 1.25768e-11 4.08676e-12 1.15029e-12 2.75612e-13 5.40146e-14 7.83832e-15 6.03385e-16 0 
0 0 0 0 0 0 0 0 0 0 0 0 0 0 0 0 0 0 0 0 0 0 0 0 0 0 0 0 0 0 0 0 0 0 0 0 0 0 0 0 0 
