0 0 0 0 0 0 0 0 0 0 0 0 0 0 0 0 0 0 0 0 0 0 0 0 0 0 0 0 0 0 0 0 0 0 0 0 0 0 0 0 0 
0 6.93584e-08 6.3604e-07 2.96766e-06 9.7863e-06 2.52557e-05 5.36295e-05 9.69696e-05 0.000153517 0.00021785 0.000282471 0.000339714 0.000383197 0.00040862 0.000414039 0.000399805 0.000368276 0.000323395 0.000270153 0.000213954 0.00015992 0.000112209 7.34786e-05 4.46445e-05 2.50354e-05 1.29028e-05 6.09436e-06 2.63451e-06 1.04224e-06 3.77635e-07 1.25454e-07 3.82425e-08 1.06947e-08 2.73817e-09 6.38465e-10 1.34119e-10 2.48459e-11 3.88513e-12 4.62495e-13 2.99256e-14 0 
0 6.3604e-07 6.05525e-06 2.88687e-05 9.49601e-05 0.000237934 0.000479481 0.000811953 0.0012008 0.00160091 0.00197067 0.00227797 0.00250098 0.00262724 0.0026526 0.00258021 0.00241947 0.002185 0.00189548 0.00157267 0.00124023 0.000922179 0.00064037 0.00041106 0.000241558 0.000128944 6.22267e-05 2.71117e-05 1.06805e-05 3.81669e-06 1.24184e-06 3.69053e-07 1.00342e-07 2.49438e-08 5.64519e-09 1.15141e-09 2.07284e-10 3.1535e-11 3.65731e-12 2.30885e-13 0 
0 2.96766e-06 2.88687e-05 0.000136611 0.000428844 0.000989835 0.00180594 0.00277808 0.00379286 0.00476049 0.00561511 0.00630778 0.00680351 0.00708139 0.00713498 0.00697196 0.00661242 0.00608618 0.00542951 0.00468203 0.00388442 0.0030777 0.00230395 0.0016066 0.00102643 0.000591071 0.000302957 0.000137403 5.52111e-05 1.97792e-05 6.36948e-06 1.85759e-06 4.93114e-07 1.19359e-07 2.62739e-08 5.21209e-09 9.13183e-10 1.35349e-10 1.53131e-11 9.44404e-13 0 
0 9.7863e-06 9.49601e-05 0.000428844 0.00122601 0.00252245 0.00415067 0.00592096 0.00769653 0.00937088 0.0108498 0.0120516 0.0129136 0.0133967 0.0134882 0.0132016 0.0125728 0.0116558 0.0105161 0.00922404 0.00784854 0.00645186 0.0050877 0.00380375 0.00264909 0.00167919 0.000945009 0.000463141 0.000196217 7.22434e-05 2.34135e-05 6.77272e-06 1.76742e-06 4.18498e-07 8.99064e-08 1.73931e-08 2.97246e-09 4.30084e-10 4.75545e-11 2.87002e-12 0 
0 2.52557e-05 0.000237934 0.000989835 0.00252245 0.00468154 0.00719554 0.00987565 0.0125688 0.0151212 0.017384 0.0192268 0.0205498 0.0212912 0.0214308 0.020989 0.0200218 0.0186134 0.0168663 0.0148916 0.0127982 0.0106849 0.00863338 0.00670492 0.00494372 0.00339026 0.00209932 0.00113513 0.000522499 0.000203402 6.777e-05 1.97203e-05 5.10504e-06 1.18964e-06 2.50514e-07 4.7424e-08 7.92792e-09 1.12256e-09 1.21574e-10 7.19472e-12 0 
0 5.36295e-05 0.000479481 0.00180594 0.00415067 0.00719554 0.0106778 0.014403 0.0181624 0.0217339 0.024904 0.0274872 0.0293423 0.0303818 0.0305772 0.029957 0.0286001 0.026625 0.0241768 0.0214121 0.0184861 0.0155401 0.0126926 0.0100329 0.00761846 0.00548042 0.00364363 0.00215753 0.00109177 0.000459403 0.000160764 4.78073e-05 1.24053e-05 2.86476e-06 5.94239e-07 1.10502e-07 1.81278e-08 2.51891e-09 2.67867e-10 1.55795e-11 0 
0 9.69696e-05 0.000811953 0.00277808 0.00592096 0.00987565 0.014403 0.0192632 0.0241765 0.0288479 0.0329958 0.0363767 0.038805 0.040166 0.0404221 0.0396105 0.0378346 0.0352501 0.0320471 0.0284315 0.0246072 0.0207608 0.0170497 0.0135946 0.0104751 0.00773015 0.00536824 0.00339879 0.00187321 0.00085834 0.00032038 9.87795e-05 2.59612e-05 5.98329e-06 1.22878e-06 2.25349e-07 3.63993e-08 4.97799e-09 5.21169e-10 2.98618e-11 0 
0 0.000153517 0.0012008 0.00379286 0.00769653 0.0125688 0.0181624 0.0241765 0.0302599 0.0360454 0.0411836 0.0453724 0.0483817 0.0500692 0.0503877 0.0493829 0.0471835 0.0439826 0.040016 0.035539 0.030805 0.0260457 0.0214577 0.0171922 0.0133517 0.00998879 0.00711108 0.00470116 0.00276569 0.00137004 0.000548347 0.000177026 4.75353e-05 1.10037e-05 2.24803e-06 4.08149e-07 6.51261e-08 8.79203e-09 9.08646e-10 5.14162e-11 0 
0 0.00021785 0.00160091 0.00476049 0.00937088 0.0151212 0.0217339 0.0288479 0.0360454 0.0428915 0.0489726 0.053932 0.0574986 0.0595024 0.0598825 0.0586917 0.056086 0.0522969 0.0476035 0.042307 0.0367069 0.0310783 0.0256543 0.0206152 0.0160844 0.0121277 0.00875751 0.00594485 0.00365866 0.0019296 0.00082443 0.000279634 7.71379e-05 1.80226e-05 3.67746e-06 6.63276e-07 1.04875e-07 1.40157e-08 1.43367e-09 8.03132e-11 0 
0 0.000282471 0.00197067 0.00561511 0.0108498 0.017384 0.024904 0.0329958 0.0411836 0.0489726 0.0558935 0.0615443 0.0656162 0.0679084 0.068346 0.066988 0.0640143 0.0596957 0.0543533 0.0483279 0.041958 0.0355563 0.0293884 0.0236604 0.0185139 0.0140259 0.0102143 0.00704593 0.00446623 0.00246654 0.00111295 0.000395467 0.000112237 2.65408e-05 5.42479e-06 9.74774e-07 1.53154e-07 2.03163e-08 2.06212e-09 1.14639e-10 0 
0 0.000339714 0.00227797 0.00630778 0.0120516 0.0192268 0.0274872 0.0363767 0.0453724 0.053932 0.0615443 0.0677658 0.0722407 0.0747467 0.0752268 0.0737525 0.0704982 0.0657497 0.0598724 0.0532494 0.0462509 0.0392179 0.0324424 0.0261513 0.0205008 0.0155774 0.0114028 0.00794293 0.00512985 0.00292408 0.00137522 0.000508083 0.000148013 3.54421e-05 7.26886e-06 1.30414e-06 2.04104e-07 2.69411e-08 2.72008e-09 1.50423e-10 0 
0 0.000383197 0.00250098 0.00680351 0.0129136 0.0205498 0.0293423 0.038805 0.0483817 0.0574986 0.0656162 0.0722407 0.07696 0.0795669 0.080067 0.0785496 0.075149 0.0701205 0.0638596 0.0568026 0.0493505 0.0418631 0.0346498 0.0279526 0.0219385 0.0167003 0.0122629 0.00859182 0.00561207 0.00326408 0.00157935 0.000600585 0.000178645 4.32494e-05 8.9054e-06 1.59791e-06 2.49631e-07 3.28638e-08 3.30842e-09 1.82434e-10 0 
0 0.00040862 0.00262724 0.00708139 0.0133967 0.0212912 0.0303818 0.040166 0.0500692 0.0595024 0.0679084 0.0747467 0.0795669 0.0821987 0.0827053 0.0811886 0.0777465 0.0725903 0.0661215 0.0588188 0.0511107 0.0433675 0.0359074 0.0289808 0.022761 0.0173444 0.0127576 0.00896648 0.00589255 0.00346561 0.00170474 0.000659914 0.000199015 4.85697e-05 1.00383e-05 1.80354e-06 2.81793e-07 3.70853e-08 3.73175e-09 2.05709e-10 0 
0 0.000414039 0.0026526 0.00713498 0.0134882 0.0214308 0.0305772 0.0404221 0.0503877 0.0598825 0.068346 0.0752268 0.080067 0.0827053 0.0832172 0.0817066 0.0782645 0.073091 0.0665863 0.0592382 0.0514817 0.0436892 0.0361807 0.0292084 0.0229468 0.0174936 0.0128759 0.00905978 0.00596627 0.00352235 0.00174287 0.000679364 0.000206144 5.05374e-05 1.04784e-05 1.88725e-06 2.95518e-07 3.89766e-08 3.93133e-09 2.17287e-10 0 
0 0.000399805 0.00258021 0.00697196 0.0132016 0.020989 0.029957 0.0396105 0.0493829 0.0586917 0.066988 0.0737525 0.0785496 0.0811886 0.0817066 0.0802006 0.0767842 0.0716874 0.0653097 0.0581112 0.0505083 0.0428669 0.0355024 0.0286624 0.0225183 0.0171661 0.0126324 0.00888364 0.00584272 0.00344071 0.00169653 0.000659356 0.000199908 4.90814e-05 1.02083e-05 1.84624e-06 2.90498e-07 3.8523e-08 3.90887e-09 2.17464e-10 0 
0 0.000368276 0.00241947 0.00661242 0.0125728 0.0200218 0.0286001 0.0378346 0.0471835 0.056086 0.0640143 0.0704982 0.075149 0.0777465 0.0782645 0.0767842 0.0734582 0.0685565 0.0624622 0.0555874 0.0483192 0.0410106 0.0339647 0.0274189 0.021537 0.0164108 0.0120654 0.00846772 0.0055449 0.00323875 0.00157868 0.000606971 0.000182981 4.49365e-05 9.38912e-06 1.71047e-06 2.71557e-07 3.6379e-08 3.73263e-09 2.10153e-10 0 
0 0.000323395 0.002185 0.00608618 0.0116558 0.0186134 0.026625 0.0352501 0.0439826 0.0522969 0.0596957 0.0657497 0.0701205 0.0725903 0.073091 0.0716874 0.0685565 0.0639786 0.0583014 0.0518919 0.0451095 0.0382865 0.0317072 0.0255927 0.0200958 0.0153018 0.0112329 0.00785709 0.00510848 0.0029457 0.00141144 0.000534663 0.000160149 3.94356e-05 8.31612e-06 1.53516e-06 2.47577e-07 3.37437e-08 3.52607e-09 2.02301e-10 0 
0 0.000270153 0.00189548 0.00542951 0.0105161 0.0168663 0.0241768 0.0320471 0.040016 0.0476035 0.0543533 0.0598724 0.0638596 0.0661215 0.0665863 0.0653097 0.0624622 0.0583014 0.0531363 0.0472985 0.041118 0.0348991 0.0289009 0.0233247 0.0183092 0.0139307 0.0102079 0.00711002 0.0045816 0.00260227 0.00122488 0.000458492 0.000137344 3.42095e-05 7.35243e-06 1.38914e-06 2.29761e-07 3.21397e-08 3.44602e-09 2.02666e-10 0 
0 0.000213954 0.00157267 0.00468203 0.00922404 0.0148916 0.0214121 0.0284315 0.035539 0.042307 0.0483279 0.0532494 0.0568026 0.0588188 0.0592382 0.0581112 0.0555874 0.0518919 0.0472985 0.0421042 0.0366042 0.0310701 0.0257322 0.020769 0.0163027 0.0123997 0.00907368 0.00629641 0.00402584 0.00226126 0.0010555 0.00039628 0.000120798 3.09484e-05 6.87784e-06 1.3453e-06 2.30069e-07 3.31881e-08 3.65706e-09 2.20207e-10 0 
0 0.00015992 0.00124023 0.00388442 0.00784854 0.0127982 0.0184861 0.0246072 0.030805 0.0367069 0.041958 0.0462509 0.0493505 0.0511107 0.0514817 0.0505083 0.0483192 0.0451095 0.041118 0.0366042 0.0318261 0.0270199 0.0223859 0.0180787 0.014203 0.0108136 0.00792011 0.005498 0.00351804 0.00198704 0.000943924 0.000366324 0.000116708 3.13354e-05 7.27243e-06 1.47599e-06 2.60047e-07 3.83827e-08 4.30126e-09 2.62017e-10 0 
0 0.000112209 0.000922179 0.0030777 0.00645186 0.0106849 0.0155401 0.0207608 0.0260457 0.0310783 0.0355563 0.0392179 0.0418631 0.0433675 0.0436892 0.0428669 0.0410106 0.0382865 0.0348991 0.0310701 0.0270199 0.0229502 0.0190316 0.0153951 0.012128 0.00927525 0.00684354 0.00481168 0.00315047 0.00185089 0.000931532 0.000386998 0.000131477 3.71259e-05 8.91822e-06 1.84821e-06 3.29132e-07 4.87468e-08 5.45356e-09 3.30484e-10 0 
0 7.34786e-05 0.00064037 0.00230395 0.0050877 0.00863338 0.0126926 0.0170497 0.0214577 0.0256543 0.0293884 0.0324424 0.0346498 0.0359074 0.0361807 0.0355024 0.0339647 0.0317072 0.0289009 0.0257322 0.0223859 0.0190316 0.0158125 0.0128382 0.010184 0.007893 0.00597335 0.00438527 0.00305522 0.00193915 0.00106328 0.000478694 0.000172419 5.01925e-05 1.21565e-05 2.50589e-06 4.4065e-07 6.42077e-08 7.05557e-09 4.19766e-10 0 
0 4.46445e-05 0.00041106 0.0016066 0.00380375 0.00670492 0.0100329 0.0135946 0.0171922 0.0206152 0.0236604 0.0261513 0.0279526 0.0289808 0.0292084 0.0286624 0.0274189 0.0255927 0.0233247 0.020769 0.0180787 0.0153951 0.0128382 0.0105056 0.00848425 0.00686346 0.00567595 0.00475563 0.00377651 0.00261521 0.00150164 0.000695428 0.000253464 7.29293e-05 1.71814e-05 3.43014e-06 5.8469e-07 8.27358e-08 8.84642e-09 5.13182e-10 0 
0 2.50354e-05 0.000241558 0.00102643 0.00264909 0.00494372 0.00761846 0.0104751 0.0133517 0.0160844 0.0185139 0.0205008 0.0219385 0.022761 0.0229468 0.0225183 0.021537 0.0200958 0.0183092 0.0163027 0.014203 0.012128 0.010184 0.00848425 0.0072283 0.00679259 0.00745117 0.00848051 0.00818308 0.00595738 0.00319685 0.00131108 0.000427367 0.000111647 2.41212e-05 4.50312e-06 7.31787e-07 9.98434e-08 1.03536e-08 5.84721e-10 0 
0 1.29028e-05 0.000128944 0.000591071 0.00167919 0.00339026 0.00548042 0.00773015 0.00998879 0.0121277 0.0140259 0.0155774 0.0167003 0.0173444 0.0174936 0.0171661 0.0164108 0.0153018 0.0139307 0.0123997 0.0108136 0.00927525 0.007893 0.00686346 0.00679259 0.00916207 0.0152068 0.0222149 0.0237422 0.0175228 0.00885923 0.00314956 0.000844581 0.000182643 3.34237e-05 5.52672e-06 8.36605e-07 1.09494e-07 1.10214e-08 6.07356e-10 0 
0 6.09436e-06 6.22267e-05 0.000302957 0.000945009 0.00209932 0.00364363 0.00536824 0.00711108 0.00875751 0.0102143 0.0114028 0.0122629 0.0127576 0.0128759 0.0126324 0.0120654 0.0112329 0.0102079 0.00907368 0.00792011 0.00684354 0.00597335 0.00567595 0.00745117 0.0152068 0.032062 0.0524842 0.0596917 0.0416688 0.0206516 0.00694137 0.00164474 0.000297916 4.4782e-05 6.24465e-06 8.55403e-07 1.06835e-07 1.04763e-08 5.66219e-10 0 
0 2.63451e-06 2.71117e-05 0.000137403 0.000463141 0.00113513 0.00215753 0.00339879 0.00470116 0.00594485 0.00704593 0.00794293 0.00859182 0.00896648 0.00905978 0.00888364 0.00846772 0.00785709 0.00711002 0.00629641 0.005498 0.00481168 0.00438527 0.00475563 0.00848051 0.0222149 0.0524842 0.0827952 0.0874305 0.0708194 0.033987 0.0111965 0.0025256 0.000412943 5.33298e-05 6.27884e-06 7.66973e-07 9.12724e-08 8.77422e-09 4.68494e-10 0 
0 1.04224e-06 1.06805e-05 5.52111e-05 0.000196217 0.000522499 0.00109177 0.00187321 0.00276569 0.00365866 0.00446623 0.00512985 0.00561207 0.00589255 0.00596627 0.00584272 0.0055449 0.00510848 0.0045816 0.00402584 0.00351804 0.00315047 0.00305522 0.00377651 0.00818308 0.0237422 0.0596917 0.0874305 0.090799 0.0788572 0.0382983 0.0123455 0.00273871 0.000427773 5.06305e-05 5.28909e-06 5.8788e-07 6.73824e-08 6.41401e-09 3.41357e-10 0 
0 3.77635e-07 3.81669e-06 1.97792e-05 7.22434e-05 0.000203402 0.000459403 0.00085834 0.00137004 0.0019296 0.00246654 0.00292408 0.00326408 0.00346561 0.00352235 0.00344071 0.00323875 0.0029457 0.00260227 0.00226126 0.00198704 0.00185089 0.00193915 0.00261521 0.00595738 0.0175228 0.0416688 0.0708194 0.0788572 0.0571831 0.0278203 0.00914317 0.00202251 0.000311299 3.55126e-05 3.51633e-06 3.75045e-07 4.25521e-08 4.06813e-09 2.17955e-10 0 
0 1.25454e-07 1.24184e-06 6.36948e-06 2.34135e-05 6.777e-05 0.000160764 0.00032038 0.000548347 0.00082443 0.00111295 0.00137522 0.00157935 0.00170474 0.00174287 0.00169653 0.00157868 0.00141144 0.00122488 0.0010555 0.000943924 0.000931532 0.00106328 0.00150164 0.00319685 0.00885923 0.0206516 0.033987 0.0382984 0.0278203 0.0137407 0.00452921 0.00100804 0.000155727 1.78015e-05 1.78841e-06 1.96298e-07 2.28839e-08 2.23322e-09 1.21656e-10 0 
0 3.82425e-08 3.69053e-07 1.85759e-06 6.77272e-06 1.97203e-05 4.78073e-05 9.87795e-05 0.000177026 0.000279634 0.000395467 0.000508083 0.000600585 0.000659914 0.000679364 0.000659356 0.000606971 0.000534663 0.000458492 0.00039628 0.000366324 0.000386998 0.000478694 0.000695428 0.00131108 0.00314956 0.00694137 0.0111965 0.0123455 0.00914317 0.00452921 0.00150549 0.000339913 5.3571e-05 6.39765e-06 7.01797e-07 8.49105e-08 1.05108e-08 1.06168e-09 5.93302e-11 0 
0 1.06947e-08 1.00342e-07 4.93114e-07 1.76742e-06 5.10504e-06 1.24053e-05 2.59612e-05 4.75353e-05 7.71379e-05 0.000112237 0.000148013 0.000178645 0.000199015 0.000206144 0.000199908 0.000182981 0.000160149 0.000137344 0.000120798 0.000116708 0.000131477 0.000172419 0.000253464 0.000427367 0.000844581 0.00164474 0.0025256 0.00273871 0.00202251 0.00100804 0.000339913 7.85761e-05 1.29858e-05 1.72156e-06 2.22874e-07 3.1108e-08 4.155e-09 4.3812e-10 2.52917e-11 0 
0 2.73817e-09 2.49438e-08 1.19359e-07 4.18498e-07 1.18964e-06 2.86476e-06 5.98329e-06 1.10037e-05 1.80226e-05 2.65408e-05 3.54421e-05 4.32494e-05 4.85697e-05 5.05374e-05 4.90814e-05 4.49365e-05 3.94356e-05 3.42095e-05 3.09484e-05 3.13354e-05 3.71259e-05 5.01925e-05 7.29293e-05 0.000111647 0.000182643 0.000297916 0.000412943 0.000427773 0.000311299 0.000155727 5.3571e-05 1.29858e-05 2.38155e-06 3.80758e-07 6.12929e-08 9.8958e-09 1.42361e-09 1.57262e-10 9.42462e-12 0 
0 6.38465e-10 5.64519e-09 2.62739e-08 8.99064e-08 2.50514e-07 5.94239e-07 1.22878e-06 2.24803e-06 3.67746e-06 5.42479e-06 7.26886e-06 8.9054e-06 1.00383e-05 1.04784e-05 1.02083e-05 9.38912e-06 8.31612e-06 7.35243e-06 6.87784e-06 7.27243e-06 8.91822e-06 1.21565e-05 1.71814e-05 2.41212e-05 3.34237e-05 4.4782e-05 5.33298e-05 5.06305e-05 3.55126e-05 1.78015e-05 6.39765e-06 1.72156e-06 3.80758e-07 7.76011e-08 1.52632e-08 2.76114e-09 4.23709e-10 4.90818e-11 3.06345e-12 0 
0 1.34119e-10 1.15141e-09 5.21209e-09 1.73931e-08 4.7424e-08 1.10502e-07 2.25349e-07 4.08149e-07 6.63276e-07 9.74774e-07 1.30414e-06 1.59791e-06 1.80354e-06 1.88725e-06 1.84624e-06 1.71047e-06 1.53516e-06 1.38914e-06 1.3453e-06 1.47599e-06 1.84821e-06 2.50589e-06 3.43014e-06 4.50312e-06 5.52672e-06 6.24465e-06 6.27884e-06 5.28909e-06 3.51633e-06 1.78841e-06 7.01797e-07 2.22874e-07 6.12929e-08 1.52632e-08 3.42857e-09 6.71581e-10 1.09029e-10 1.32437e-11 8.62437e-13 0 
0 2.48459e-11 2.07284e-10 9.13183e-10 2.97246e-09 7.92792e-09 1.81278e-08 3.63993e-08 6.51261e-08 1.04875e-07 1.53154e-07 2.04104e-07 2.49631e-07 2.81793e-07 2.95518e-07 2.90498e-07 2.71557e-07 2.47577e-07 2.29761e-07 2.30069e-07 2.60047e-07 3.29132e-07 4.4065e-07 5.8469e-07 7.31787e-07 8.36605e-07 8.55403e-07 7.66973e-07 5.8788e-07 3.75045e-07 1.96298e-07 8.49105e-08 3.1108e-08 9.8958e-09 2.76114e-09 6.71581e-10 1.39701e-10 2.38803e-11 3.03992e-12 2.06663e-13 0 
0 3.88513e-12 3.1535e-11 1.35349e-10 4.30084e-10 1.12256e-09 2.51891e-09 4.97799e-09 8.79203e-09 1.40157e-08 2.03163e-08 2.69411e-08 3.28638e-08 3.70853e-08 3.89766e-08 3.8523e-08 3.6379e-08 3.37437e-08 3.21397e-08 3.31881e-08 3.83827e-08 4.87468e-08 6.42077e-08 8.27358e-08 9.98434e-08 1.09494e-07 1.06835e-07 9.12724e-08 6.73824e-08 4.25521e-08 2.28839e-08 1.05108e-08 4.155e-09 1.42361e-09 4.23709e-10 1.09029e-10 2.38803e-11 4.28484e-12 5.70913e-13 4.05038e-14 0 
0 4.62495e-13 3.65731e-12 1.53131e-11 4.75545e-11 1.21574e-10 2.67867e-10 5.21169e-10 9.08646e-10 1.43367e-09 2.06212e-09 2.72008e-09 3.30842e-09 3.73175e-09 3.93133e-09 3.90887e-09 3.73263e-09 3.52607e-09 3.44602e-09 3.65706e-09 4.30126e-09 5.45356e-09 7.05557e-09 8.84642e-09 1.03536e-08 1.10214e-08 1.04763e-08 8.77422e-09 6.41401e-09 4.06813e-09 2.23322e-09 1.06168e-09 4.3812e-10 1.57262e-10 4.90818e-11 1.32437e-11 3.03992e-12 5.70913e-13 7.94741e-14 5.87766e-15 0 
0 2.99256e-14 2.30885e-13 9.44404e-13 2.87002e-12 7.19472e-12 1.55795e-11 2.98618e-11 5.14162e-11 8.03132e-11 1.14639e-10 1.50423e-10 1.82434e-10 2.05709e-10 2.17287e-10 2.17464e-10 2.10153e-10 2.02301e-10 2.02666e-10 2.20207e-10 2.62017e-10 3.30484e-10 4.19766e-10 5.13182e-10 5.84721e-10 6.07356e-10 5.66219e-10 4.68494e-10 3.41357e-10 2.17955e-10 1.21656e-10 5.93302e-11 2.52917e-11 9.42462e-12 3.06345e-12 8.62437e-13 2.06663e-13 4.05038e-14 5.87766e-15 4.52435e-16 0 
0 0 0 0 0 0 0 0 0 0 0 0 0 0 0 0 0 0 0 0 0 0 0 0 0 0 0 0 0 0 0 0 0 0 0 0 0 0 0 0 0 
