0 0 0 0 0 0 0 0 0 0 0 0 0 0 0 0 0 0 0 0 0 0 0 0 0 0 0 0 0 0 0 0 0 0 0 0 0 0 0 0 0 
0 1.37073e-05 5.59223e-05 0.000125671 0.000217571 0.000321441 0.000423919 0.000512288 0.00057856 0.000621228 0.000644003 0.000653034 0.000654417 0.000652766 0.000650734 0.000649064 0.000646845 0.000641859 0.000631052 0.000611179 0.000579638 0.000535342 0.000479325 0.000414772 0.00034635 0.000279072 0.000217171 0.000163425 0.000119035 8.39346e-05 5.72384e-05 3.76614e-05 2.38139e-05 1.43813e-05 8.21664e-06 4.37563e-06 2.11791e-06 8.88669e-07 2.90623e-07 5.27398e-08 0 
0 5.59223e-05 0.000225635 0.000495354 0.000821009 0.00112924 0.0013434 0.00142362 0.00138433 0.0012742 0.00114366 0.00102684 0.00094053 0.000890329 0.00087666 0.000898173 0.000952716 0.00103653 0.00114227 0.00125668 0.00135953 0.00142574 0.00143191 0.00136541 0.00123083 0.00104885 0.000847759 0.000653297 0.000482453 0.000342724 0.00023459 0.000154625 9.78481e-05 5.91103e-05 3.37766e-05 1.79881e-05 8.70683e-06 3.65339e-06 1.19478e-06 2.16818e-07 0 
0 0.000125671 0.000495354 0.00103363 0.00155643 0.00183223 0.00175455 0.00142857 0.00104496 0.000727588 0.000508139 0.000371388 0.000293077 0.000254711 0.000245947 0.00026347 0.000309879 0.000393124 0.000525648 0.000721316 0.000987502 0.00131133 0.00164581 0.00191137 0.00202617 0.00195243 0.0017189 0.00139858 0.00106603 0.000770199 0.000531622 0.000351763 0.00022297 0.000134789 7.70416e-05 4.10334e-05 1.98623e-05 8.33431e-06 2.7256e-06 4.9462e-07 0 
0 0.000217571 0.000821009 0.00155643 0.00196122 0.0017535 0.00117548 0.000640904 0.000312076 0.000148155 7.38798e-05 4.10764e-05 2.66129e-05 2.06628e-05 1.94516e-05 2.21155e-05 2.98356e-05 4.64054e-05 8.02216e-05 0.000147919 0.000278728 0.000514504 0.000893575 0.00140747 0.001951 0.00233726 0.002416 0.00218694 0.00177664 0.00132866 0.000932855 0.000622063 0.000395609 0.000239469 0.000136942 7.29508e-05 3.53142e-05 1.48184e-05 4.84614e-06 8.79441e-07 0 
0 0.000321441 0.00112924 0.00183223 0.0017535 0.00105995 0.000446016 0.000148455 4.43669e-05 1.33281e-05 4.43619e-06 1.7731e-06 9.04544e-07 6.12407e-07 5.59029e-07 6.834e-07 1.08918e-06 2.16803e-06 5.10642e-06 1.34056e-05 3.69166e-05 0.000100645 0.000257621 0.000590172 0.00115921 0.00188496 0.0024893 0.00268487 0.00243645 0.00193852 0.00140398 0.000949588 0.000607519 0.000368609 0.000210978 0.000112426 5.44292e-05 2.28402e-05 7.46965e-06 1.35554e-06 0 
0 0.000423919 0.0013434 0.00175455 0.00117548 0.000446016 0.000111127 2.1399e-05 3.70949e-06 6.65465e-07 1.40005e-07 3.84116e-08 1.49105e-08 8.62894e-09 7.60208e-09 1.00948e-08 1.94619e-08 5.13283e-08 1.71887e-07 6.73271e-07 2.84027e-06 1.19475e-05 4.68253e-05 0.000161424 0.000465998 0.00107878 0.00193446 0.00265071 0.00283327 0.00248375 0.00189162 0.00130952 0.000846051 0.000515308 0.00029536 0.000157469 7.62491e-05 3.19982e-05 1.04649e-05 1.8991e-06 0 
0 0.000512288 0.00142362 0.00142857 0.000640904 0.000148455 2.1399e-05 2.3152e-06 2.24753e-07 2.32066e-08 2.98127e-09 5.45322e-10 1.57625e-10 7.69844e-11 6.52383e-11 9.46564e-11 2.23924e-10 7.99353e-10 3.9083e-09 2.35272e-08 1.56709e-07 1.04598e-06 6.42241e-06 3.38422e-05 0.000144922 0.000482378 0.00119996 0.00216783 0.00284885 0.00284949 0.00233199 0.00167056 0.00109515 0.000670835 0.000385302 0.000205569 9.95639e-05 4.17855e-05 1.36661e-05 2.48007e-06 0 
0 0.00057856 0.00138433 0.00104496 0.000312076 4.43669e-05 3.70949e-06 2.24753e-07 1.21347e-08 7.15262e-10 5.56554e-11 6.73905e-12 1.44245e-12 5.92394e-13 4.82142e-13 7.64841e-13 2.22603e-12 1.08028e-11 7.7559e-11 7.22258e-10 7.64653e-09 8.14607e-08 7.86422e-07 6.33052e-06 3.99517e-05 0.000189007 0.000646201 0.00154522 0.00254615 0.00297865 0.00266979 0.00200051 0.00133729 0.000825459 0.000475436 0.000253901 0.000123011 5.16313e-05 1.68868e-05 3.06456e-06 0 
0 0.000621228 0.0012742 0.000727588 0.000148155 1.33281e-05 6.65465e-07 2.32066e-08 7.15262e-10 2.46559e-11 1.18688e-12 9.67669e-14 1.5522e-14 5.39436e-15 4.21905e-15 7.2813e-15 2.58159e-14 1.67955e-13 1.74076e-12 2.46039e-11 4.05792e-10 6.76075e-09 1.00555e-07 1.2112e-06 1.10156e-05 7.22085e-05 0.000330271 0.00102378 0.002103 0.00289977 0.0028783 0.00227369 0.00155607 0.000969507 0.000560305 0.000299573 0.000145194 6.09492e-05 1.9935e-05 3.61779e-06 0 
0 0.000644003 0.00114366 0.000508139 7.38798e-05 4.43619e-06 1.40005e-07 2.98127e-09 5.56554e-11 1.18688e-12 3.7155e-14 2.12439e-15 2.6292e-16 7.85809e-17 5.92215e-17 1.10054e-16 4.6499e-16 3.92857e-15 5.65163e-14 1.15996e-12 2.84456e-11 7.07251e-10 1.54889e-08 2.67491e-07 3.36781e-06 2.94247e-05 0.000173254 0.000671848 0.00167764 0.00269904 0.00296665 0.00247688 0.0017387 0.00109443 0.000634873 0.000339877 0.000164796 6.91871e-05 2.26304e-05 4.10699e-06 0 
0 0.000653034 0.00102684 0.000371388 4.10764e-05 1.7731e-06 3.84116e-08 5.45322e-10 6.73905e-12 9.67669e-14 2.12439e-15 9.06012e-17 9.04465e-18 2.38363e-18 1.7392e-18 3.42879e-18 1.67092e-17 1.74815e-16 3.29085e-15 9.17687e-14 3.11903e-12 1.07845e-10 3.24918e-09 7.5521e-08 1.24271e-06 1.37374e-05 9.92454e-05 0.00046053 0.00134683 0.00246751 0.00296951 0.00261029 0.00187748 0.00119362 0.000694968 0.000372519 0.000180698 7.58728e-05 2.48182e-05 4.50409e-06 0 
0 0.000654417 0.00094053 0.000293077 2.66129e-05 9.04544e-07 1.49105e-08 1.57625e-10 1.44245e-12 1.5522e-14 2.6292e-16 9.04465e-18 7.70702e-19 1.84931e-19 1.31487e-19 2.69999e-19 1.45677e-18 1.77768e-17 4.06516e-16 1.41606e-14 6.10304e-13 2.68381e-11 1.02071e-09 2.94812e-08 5.90077e-07 7.74553e-06 6.49175e-05 0.000342836 0.00112399 0.00226804 0.00292839 0.00268351 0.0019696 0.00126281 0.000737579 0.00039579 0.000192055 8.06504e-05 2.63818e-05 4.78792e-06 0 
0 0.000652766 0.000890329 0.000254711 2.06628e-05 6.12407e-07 8.62894e-09 7.69844e-11 5.92394e-13 5.39436e-15 7.85809e-17 2.38363e-18 1.84931e-19 4.1915e-20 2.92676e-20 6.13329e-20 3.49889e-19 4.65396e-18 1.18827e-16 4.69981e-15 2.32157e-13 1.17291e-11 5.10596e-10 1.67354e-08 3.75556e-07 5.45116e-06 4.98406e-05 0.000283947 0.00099599 0.00213113 0.00287661 0.00270904 0.00201577 0.0013 0.000760996 0.000408676 0.000198359 8.33047e-05 2.72508e-05 4.94566e-06 0 
0 0.000650734 0.00087666 0.000245947 1.94516e-05 5.59029e-07 7.60208e-09 6.52383e-11 4.82142e-13 4.21905e-15 5.92215e-17 1.7392e-18 1.31487e-19 2.92676e-20 2.02431e-20 4.23933e-20 2.43746e-19 3.29278e-18 8.59412e-17 3.492e-15 1.77802e-13 9.27501e-12 4.16954e-10 1.4096e-08 3.25561e-07 4.85009e-06 4.53914e-05 0.000264199 0.000946038 0.00206445 0.00283248 0.00269666 0.00201831 0.0013051 0.000764801 0.000410883 0.000199458 8.37703e-05 2.74035e-05 4.97341e-06 0 
0 0.000649064 0.000898173 0.00026347 2.21155e-05 6.834e-07 1.00948e-08 9.46564e-11 7.64841e-13 7.2813e-15 1.10054e-16 3.42879e-18 2.69999e-19 6.13329e-20 4.23933e-20 8.69565e-20 4.81027e-19 6.16103e-18 1.50813e-16 5.70856e-15 2.70028e-13 1.3097e-11 5.4952e-10 1.74444e-08 3.81171e-07 5.41683e-06 4.87606e-05 0.000275089 0.000961436 0.00206165 0.00279837 0.00265032 0.00197979 0.00127952 0.000749752 0.000402807 0.000195542 8.21269e-05 2.68661e-05 4.87589e-06 0 
0 0.000646845 0.000952716 0.000309879 2.98356e-05 1.08918e-06 1.94619e-08 2.23924e-10 2.22603e-12 2.58159e-14 4.6499e-16 1.67092e-17 1.45677e-18 3.49889e-19 2.43746e-19 4.81027e-19 2.45484e-18 2.80024e-17 5.94305e-16 1.91621e-14 7.65498e-13 3.135e-11 1.11839e-09 3.0566e-08 5.8449e-07 7.40374e-06 6.05143e-05 0.000315257 0.00103251 0.0021053 0.00276218 0.00256782 0.00190243 0.00122581 0.000717603 0.000385439 0.000187102 7.85817e-05 2.57065e-05 4.66543e-06 0 
0 0.000641859 0.00103653 0.000393124 4.64054e-05 2.16803e-06 5.13283e-08 7.99353e-10 1.08028e-11 1.67955e-13 3.92857e-15 1.74815e-16 1.77768e-17 4.65396e-18 3.29278e-18 6.16103e-18 2.80024e-17 2.69849e-16 4.64548e-15 1.18224e-13 3.67631e-12 1.17021e-10 3.27477e-09 7.1461e-08 1.11716e-06 1.18847e-05 8.38407e-05 0.000386566 0.00114597 0.00216454 0.00269968 0.00244243 0.00178834 0.00114745 0.000670889 0.000360241 0.000174862 7.34416e-05 2.40252e-05 4.36032e-06 0 
0 0.000631052 0.00114227 0.000525648 8.02216e-05 5.10642e-06 1.71887e-07 3.9083e-09 7.7559e-11 1.74076e-12 5.65163e-14 3.29085e-15 4.06516e-16 1.18827e-16 8.59412e-17 1.50813e-16 5.94305e-16 4.64548e-15 6.1603e-14 1.16591e-12 2.64661e-11 6.13075e-10 1.26149e-08 2.06712e-07 2.4975e-06 2.12274e-05 0.000123811 0.000487582 0.0012735 0.00219088 0.00257792 0.00226553 0.00164 0.00104863 0.000612672 0.000328981 0.000159704 6.70796e-05 2.19447e-05 3.98279e-06 0 
0 0.000611179 0.00125668 0.000721316 0.000147919 1.34056e-05 6.73271e-07 2.35272e-08 7.22258e-10 2.46039e-11 1.15996e-12 9.17687e-14 1.41606e-14 4.69981e-15 3.492e-15 5.70856e-15 1.91621e-14 1.18224e-13 1.16591e-12 1.57493e-11 2.49476e-10 4.01172e-09 5.78709e-08 6.79622e-07 6.06967e-06 3.95537e-05 0.000183928 0.000600991 0.00135839 0.00211755 0.00236021 0.00202886 0.00146038 0.00093387 0.000546252 0.000293568 0.000142579 5.98991e-05 1.95973e-05 3.55689e-06 0 
0 0.000579638 0.00135953 0.000987502 0.000278728 3.69166e-05 2.84027e-06 1.56709e-07 7.64653e-09 4.05792e-10 2.84456e-11 3.11903e-12 6.10304e-13 2.32157e-13 1.77802e-13 2.70028e-13 7.65498e-13 3.67631e-12 2.64661e-11 2.49476e-10 2.6872e-09 2.91487e-08 2.85729e-07 2.32535e-06 1.48121e-05 7.13368e-05 0.000255561 0.000675682 0.00131038 0.00186843 0.00201163 0.00172489 0.0012522 0.000807497 0.000474848 0.000255887 0.000124429 5.23e-05 1.71143e-05 3.10643e-06 0 
0 0.000535342 0.00142574 0.00131133 0.000514504 0.000100645 1.19475e-05 1.04598e-06 8.14607e-08 6.76075e-09 7.07251e-10 1.07845e-10 2.68381e-11 1.17291e-11 9.27501e-12 1.3097e-11 3.135e-11 1.17021e-10 6.13075e-10 4.01172e-09 2.91487e-08 2.10756e-07 1.37962e-06 7.58837e-06 3.33008e-05 0.000113477 0.000299429 0.000621116 0.00103189 0.00138553 0.00150773 0.00134656 0.00101677 0.000673031 0.00040133 0.00021766 0.000106121 4.46498e-05 1.46163e-05 2.65334e-06 0 
0 0.000479325 0.00143191 0.00164581 0.000893575 0.000257621 4.68253e-05 6.42241e-06 7.86422e-07 1.00555e-07 1.54889e-08 3.24918e-09 1.02071e-09 5.10596e-10 4.16954e-10 5.4952e-10 1.11839e-09 3.27477e-09 1.26149e-08 5.78709e-08 2.85729e-07 1.37962e-06 5.98178e-06 2.16832e-05 6.23209e-05 0.000138812 0.000245726 0.000372987 0.00052797 0.000713648 0.000872539 0.000897263 0.000755409 0.000533224 0.000328128 0.00018037 8.83991e-05 3.72634e-05 1.22061e-05 2.21629e-06 0 
0 0.000414772 0.00136541 0.00191137 0.00140747 0.000590172 0.000161424 3.38422e-05 6.33052e-06 1.2112e-06 2.67491e-07 7.5521e-08 2.94812e-08 1.67354e-08 1.4096e-08 1.74444e-08 3.0566e-08 7.1461e-08 2.06712e-07 6.79622e-07 2.32535e-06 7.58837e-06 2.16832e-05 4.98032e-05 8.48117e-05 0.000102724 9.52581e-05 8.57005e-05 9.91681e-05 0.000159337 0.0002877 0.000436395 0.000480583 0.000392077 0.000257534 0.00014527 7.1865e-05 3.03898e-05 9.9648e-06 1.80991e-06 0 
0 0.00034635 0.00123083 0.00202617 0.001951 0.00115921 0.000465998 0.000144922 3.99517e-05 1.10156e-05 3.36781e-06 1.24271e-06 5.90077e-07 3.75556e-07 3.25561e-07 3.81171e-07 5.8449e-07 1.11716e-06 2.4975e-06 6.06967e-06 1.48121e-05 3.33008e-05 6.23209e-05 8.48117e-05 7.02572e-05 3.06159e-05 7.9877e-06 2.38593e-06 1.95069e-06 5.63185e-06 2.95643e-05 0.000117327 0.00023633 0.000259297 0.000192407 0.000113466 5.69757e-05 2.42082e-05 7.94945e-06 1.44449e-06 0 
0 0.000279072 0.00104885 0.00195243 0.00233726 0.00188496 0.00107878 0.000482378 0.000189007 7.22085e-05 2.94247e-05 1.37374e-05 7.74553e-06 5.45116e-06 4.85009e-06 5.41683e-06 7.40374e-06 1.18847e-05 2.12274e-05 3.95537e-05 7.13368e-05 0.000113477 0.000138812 0.000102724 3.06159e-05 2.34077e-06 5.3398e-08 1.70591e-09 7.29909e-10 8.31507e-09 4.5142e-07 1.29835e-05 8.24844e-05 0.000151564 0.000136561 8.59496e-05 4.40452e-05 1.88284e-05 6.19378e-06 1.12604e-06 0 
0 0.000217171 0.000847759 0.0017189 0.002416 0.0024893 0.00193446 0.00119996 0.000646201 0.000330271 0.000173254 9.92454e-05 6.49175e-05 4.98406e-05 4.53914e-05 4.87606e-05 6.05143e-05 8.38407e-05 0.000123811 0.000183928 0.000255561 0.000299429 0.000245726 9.52581e-05 7.9877e-06 5.3398e-08 3.195e-11 3.29291e-14 5.34504e-15 5.57345e-13 1.17346e-09 6.7481e-07 2.2275e-05 8.15844e-05 9.35088e-05 6.34369e-05 3.32297e-05 1.42935e-05 4.71015e-06 8.56723e-07 0 
0 0.000163425 0.000653297 0.00139858 0.00218694 0.00268487 0.00265071 0.00216783 0.00154522 0.00102378 0.000671848 0.00046053 0.000342836 0.000283947 0.000264199 0.000275089 0.000315257 0.000386566 0.000487582 0.000600991 0.000675682 0.000621116 0.000372987 8.57005e-05 2.38593e-06 1.70591e-09 3.29291e-14 1.73026e-17 8.36965e-18 8.16285e-17 4.95774e-12 4.69499e-08 6.90084e-06 4.5907e-05 6.40536e-05 4.60406e-05 2.45069e-05 1.05873e-05 3.49289e-06 6.35515e-07 0 
0 0.000119035 0.000482453 0.00106603 0.00177664 0.00243645 0.00283327 0.00284885 0.00254615 0.002103 0.00167764 0.00134683 0.00112399 0.00099599 0.000946038 0.000961436 0.00103251 0.00114597 0.0012735 0.00135839 0.00131038 0.00103189 0.00052797 9.91681e-05 1.95069e-06 7.29909e-10 5.34504e-15 8.3697e-18 3.39378e-19 3.56488e-17 9.93459e-13 1.92237e-08 4.09404e-06 3.13319e-05 4.55979e-05 3.31371e-05 1.76856e-05 7.64519e-06 2.52262e-06 4.58994e-07 0 
0 8.39346e-05 0.000342724 0.000770199 0.00132866 0.00193852 0.00248375 0.00284949 0.00297865 0.00289977 0.00269904 0.00246751 0.00226804 0.00213113 0.00206445 0.00206165 0.0021053 0.00216454 0.00219088 0.00211755 0.00186843 0.00138553 0.000713648 0.000159337 5.63185e-06 8.31507e-09 5.57345e-13 8.16286e-17 3.56489e-17 1.85347e-15 2.66597e-11 7.22738e-08 5.3878e-06 2.69633e-05 3.40014e-05 2.366e-05 1.24716e-05 5.37258e-06 1.77105e-06 3.22161e-07 0 
0 5.72384e-05 0.00023459 0.000531622 0.000932855 0.00140398 0.00189162 0.00233199 0.00266979 0.0028783 0.00296665 0.00296951 0.00292839 0.00287661 0.00283248 0.00279837 0.00276218 0.00269968 0.00257792 0.00236021 0.00201163 0.00150773 0.000872539 0.0002877 2.95643e-05 4.5142e-07 1.17346e-09 4.95774e-12 9.93459e-13 2.66597e-11 7.33701e-09 8.13084e-07 1.06693e-05 2.60805e-05 2.57174e-05 1.65926e-05 8.55671e-06 3.66344e-06 1.20557e-06 2.19195e-07 0 
0 3.76614e-05 0.000154625 0.000351763 0.000622063 0.000949588 0.00130952 0.00167056 0.00200051 0.00227369 0.00247688 0.00261029 0.00268351 0.00270904 0.00269666 0.00265032 0.00256782 0.00244243 0.00226553 0.00202886 0.00172489 0.00134656 0.000897263 0.000436395 0.000117327 1.29835e-05 6.7481e-07 4.69499e-08 1.92237e-08 7.22738e-08 8.13084e-07 6.37695e-06 1.87999e-05 2.4099e-05 1.882e-05 1.1261e-05 5.67609e-06 2.41397e-06 7.92875e-07 1.44081e-07 0 
0 2.38139e-05 9.78481e-05 0.00022297 0.000395609 0.000607519 0.000846051 0.00109515 0.00133729 0.00155607 0.0017387 0.00187748 0.0019696 0.00201577 0.00201831 0.00197979 0.00190243 0.00178834 0.00164 0.00146038 0.0012522 0.00101677 0.000755409 0.000480583 0.00023633 8.24844e-05 2.2275e-05 6.90084e-06 4.09404e-06 5.3878e-06 1.06693e-05 1.87999e-05 2.27883e-05 1.93716e-05 1.28972e-05 7.30182e-06 3.61532e-06 1.52909e-06 5.01406e-07 9.10709e-08 0 
0 1.43813e-05 5.91103e-05 0.000134789 0.000239469 0.000368609 0.000515308 0.000670835 0.000825459 0.000969507 0.00109443 0.00119362 0.00126281 0.0013 0.0013051 0.00127952 0.00122581 0.00114745 0.00104863 0.00093387 0.000807497 0.000673031 0.000533224 0.000392077 0.000259297 0.000151564 8.15844e-05 4.5907e-05 3.13319e-05 2.69633e-05 2.60805e-05 2.4099e-05 1.93716e-05 1.34063e-05 8.18231e-06 4.4833e-06 2.19469e-06 9.24774e-07 3.02883e-07 5.49929e-08 0 
0 8.21664e-06 3.37766e-05 7.70416e-05 0.000136942 0.000210978 0.00029536 0.000385302 0.000475436 0.000560305 0.000634873 0.000694968 0.000737579 0.000760996 0.000764801 0.000749752 0.000717603 0.000670889 0.000612672 0.000546252 0.000474848 0.00040133 0.000328128 0.000257534 0.000192407 0.000136561 9.35088e-05 6.40536e-05 4.55979e-05 3.40014e-05 2.57174e-05 1.882e-05 1.28972e-05 8.18231e-06 4.79722e-06 2.58557e-06 1.25789e-06 5.28878e-07 1.73092e-07 3.14198e-08 0 
0 4.37563e-06 1.79881e-05 4.10334e-05 7.29508e-05 0.000112426 0.000157469 0.000205569 0.000253901 0.000299573 0.000339877 0.000372519 0.00039579 0.000408676 0.000410883 0.000402807 0.000385439 0.000360241 0.000328981 0.000293568 0.000255887 0.00021766 0.00018037 0.00014527 0.000113466 8.59496e-05 6.34369e-05 4.60406e-05 3.31371e-05 2.366e-05 1.65926e-05 1.1261e-05 7.30182e-06 4.4833e-06 2.58557e-06 1.38336e-06 6.71005e-07 2.81805e-07 9.2192e-08 1.67325e-08 0 
0 2.11791e-06 8.70683e-06 1.98623e-05 3.53142e-05 5.44292e-05 7.62491e-05 9.95639e-05 0.000123011 0.000145194 0.000164796 0.000180698 0.000192055 0.000198359 0.000199458 0.000195542 0.000187102 0.000174862 0.000159704 0.000142579 0.000124429 0.000106121 8.83991e-05 7.1865e-05 5.69757e-05 4.40452e-05 3.32297e-05 2.45069e-05 1.76856e-05 1.24716e-05 8.55671e-06 5.67609e-06 3.61532e-06 2.19469e-06 1.25789e-06 6.71005e-07 3.2505e-07 1.36441e-07 4.46273e-08 8.09909e-09 0 
0 8.88669e-07 3.65339e-06 8.33431e-06 1.48184e-05 2.28402e-05 3.19982e-05 4.17855e-05 5.16313e-05 6.09492e-05 6.91871e-05 7.58728e-05 8.06504e-05 8.33047e-05 8.37703e-05 8.21269e-05 7.85817e-05 7.34416e-05 6.70796e-05 5.98991e-05 5.23e-05 4.46498e-05 3.72634e-05 3.03898e-05 2.42082e-05 1.88284e-05 1.42935e-05 1.05873e-05 7.64519e-06 5.37258e-06 3.66344e-06 2.41397e-06 1.52909e-06 9.24774e-07 5.28878e-07 2.81805e-07 1.36441e-07 5.72582e-08 1.87264e-08 3.3984e-09 0 
0 2.90623e-07 1.19478e-06 2.7256e-06 4.84614e-06 7.46965e-06 1.04649e-05 1.36661e-05 1.68868e-05 1.9935e-05 2.26304e-05 2.48182e-05 2.63818e-05 2.72508e-05 2.74035e-05 2.68661e-05 2.57065e-05 2.40252e-05 2.19447e-05 1.95973e-05 1.71143e-05 1.46163e-05 1.22061e-05 9.9648e-06 7.94945e-06 6.19378e-06 4.71015e-06 3.49289e-06 2.52262e-06 1.77105e-06 1.20557e-06 7.92875e-07 5.01406e-07 3.02883e-07 1.73092e-07 9.2192e-08 4.46273e-08 1.87264e-08 6.12427e-09 1.11139e-09 0 
0 5.27398e-08 2.16818e-07 4.9462e-07 8.79441e-07 1.35554e-06 1.8991e-06 2.48007e-06 3.06456e-06 3.61779e-06 4.10699e-06 4.50409e-06 4.78792e-06 4.94566e-06 4.97341e-06 4.87589e-06 4.66543e-06 4.36032e-06 3.98279e-06 3.55689e-06 3.10643e-06 2.65334e-06 2.21629e-06 1.80991e-06 1.44449e-06 1.12604e-06 8.56723e-07 6.35515e-07 4.58994e-07 3.22161e-07 2.19195e-07 1.44081e-07 9.10709e-08 5.49929e-08 3.14198e-08 1.67325e-08 8.09909e-09 3.3984e-09 1.11139e-09 2.01687e-10 0 
0 0 0 0 0 0 0 0 0 0 0 0 0 0 0 0 0 0 0 0 0 0 0 0 0 0 0 0 0 0 0 0 0 0 0 0 0 0 0 0 0 
