0 0 0 0 0 0 0 0 0 0 0 0 0 0 0 0 0 0 0 0 0 0 0 0 0 0 0 0 0 0 0 0 0 0 0 0 0 0 0 0 0 
0 1.32396e-05 5.18155e-05 0.000108108 0.000166955 0.000211868 0.000233865 0.000234313 0.000220683 0.000201079 0.000181394 0.000164945 0.000153182 0.00014651 0.00014487 0.00014804 0.000155706 0.000167386 0.000182248 0.000198906 0.000215276 0.00022863 0.00023595 0.000234595 0.000223112 0.000201883 0.000173229 0.000140814 0.000108553 7.95616e-05 5.55957e-05 3.7105e-05 2.36437e-05 1.43343e-05 8.20499e-06 4.37306e-06 2.11741e-06 8.88589e-07 2.90613e-07 5.27391e-08 0 
0 5.18155e-05 0.000189124 0.000344992 0.000429478 0.000407107 0.000318574 0.00022117 0.000144798 9.39823e-05 6.2996e-05 4.50547e-05 3.52257e-05 3.05708e-05 2.96277e-05 3.19731e-05 3.80107e-05 4.89428e-05 6.68198e-05 9.44849e-05 0.000135118 0.000191015 0.00026145 0.000340123 0.00041386 0.000464876 0.000477582 0.000446879 0.000381568 0.000299457 0.000218227 0.000149132 9.6201e-05 5.86675e-05 3.367e-05 1.79652e-05 8.70255e-06 3.65272e-06 1.1947e-06 2.16813e-07 0 
0 0.000108108 0.000344992 0.000487095 0.000411266 0.000240042 0.000109939 4.38771e-05 1.66341e-05 6.46107e-06 2.75077e-06 1.3592e-06 8.14192e-07 6.07752e-07 5.71106e-07 6.71163e-07 9.65413e-07 1.64397e-06 3.17998e-06 6.67863e-06 1.45584e-05 3.15964e-05 6.58717e-05 0.00012812 0.000227117 0.000359859 0.000500984 0.000604504 0.000628584 0.000566846 0.00045122 0.000324346 0.000214787 0.000132627 7.65331e-05 4.09274e-05 1.9843e-05 8.33137e-06 2.72526e-06 4.94599e-07 0 
0 0.000166955 0.000429478 0.000411266 0.00020318 6.32545e-05 1.45347e-05 2.80381e-06 5.11845e-07 9.93312e-08 2.2834e-08 6.82236e-09 2.84395e-09 1.72915e-09 1.5582e-09 2.0569e-09 3.83581e-09 9.55745e-09 2.9698e-08 1.06728e-07 4.11437e-07 1.58722e-06 5.77507e-06 1.89241e-05 5.40616e-05 0.000131833 0.000270376 0.000459706 0.000638609 0.000720382 0.00066861 0.000527204 0.000366766 0.00023187 0.000135183 7.25919e-05 3.52505e-05 1.48089e-05 4.84507e-06 8.79375e-07 0 
0 0.000211868 0.000407107 0.000240042 6.32545e-05 9.39494e-06 9.3789e-07 7.41623e-08 5.50204e-09 4.53905e-10 4.88243e-11 7.85006e-12 2.09384e-12 9.88883e-13 8.46301e-13 1.2891e-12 3.3098e-12 1.31787e-11 7.34234e-11 5.11532e-10 3.98275e-09 3.12302e-08 2.25586e-07 1.39969e-06 7.10716e-06 2.87308e-05 9.14634e-05 0.000228533 0.00044523 0.000668175 0.000770547 0.000700697 0.000528243 0.000347412 0.000206092 0.000111443 5.42581e-05 2.28152e-05 7.46689e-06 1.35537e-06 0 
0 0.000233865 0.000318574 0.000109939 1.45347e-05 9.3789e-07 3.61732e-08 1.03215e-09 2.73833e-11 8.51153e-13 3.85002e-14 3.05268e-15 4.89076e-16 1.73074e-16 1.39632e-16 2.50483e-16 9.26581e-16 6.29922e-15 6.83089e-14 1.0125e-12 1.75797e-11 3.09872e-10 4.90266e-09 6.31704e-08 6.19076e-07 4.43746e-06 2.29727e-05 8.64513e-05 0.000239223 0.00048726 0.000724244 0.000792301 0.000668766 0.000466285 0.000283973 0.000155195 7.58586e-05 3.19423e-05 1.04588e-05 1.89875e-06 0 
0 0.000234313 0.00022117 4.38771e-05 2.80381e-06 7.41623e-08 1.03215e-09 9.88862e-12 8.73258e-14 9.5561e-16 1.71123e-17 6.55418e-19 7.93351e-20 3.32577e-20 2.85127e-20 4.24036e-20 1.53813e-19 1.65013e-18 3.62212e-17 1.20401e-15 4.92821e-14 2.06573e-12 7.5644e-11 2.13316e-09 4.23565e-08 5.61858e-07 4.89019e-06 2.82279e-05 0.000111059 0.000304951 0.000586419 0.000787781 0.000763306 0.000574356 0.000362464 0.000201005 9.87868e-05 4.16757e-05 1.36544e-05 2.47938e-06 0 
0 0.000220683 0.000144798 1.66341e-05 5.11845e-07 5.50204e-09 2.73833e-11 8.73258e-14 2.54495e-16 9.77576e-19 1.03872e-20 1.27566e-21 4.76123e-22 3.2619e-22 3.02531e-22 3.40435e-22 5.85083e-22 1.8001e-21 2.06274e-20 1.30097e-18 1.26085e-16 1.26509e-14 1.07909e-12 6.70377e-11 2.71589e-09 6.7168e-08 9.89671e-07 8.79005e-06 4.88731e-05 0.000177887 0.000434942 0.00071518 0.000803697 0.000660589 0.000435304 0.000245824 0.000121641 5.14393e-05 1.68664e-05 3.06339e-06 0 
0 0.000201079 9.39823e-05 6.46107e-06 9.93312e-08 4.53905e-10 8.51153e-13 9.5561e-16 9.77576e-19 2.37678e-21 8.74748e-23 3.15475e-23 2.2827e-23 1.98043e-23 1.89643e-23 1.9016e-23 2.18137e-23 2.86106e-23 1.02981e-22 2.52952e-21 4.27083e-19 9.77788e-17 1.86047e-14 2.44544e-12 1.95001e-10 8.72171e-09 2.12262e-07 2.8437e-06 2.19234e-05 0.000103335 0.000312684 0.000616852 0.000799659 0.000720317 0.000497612 0.000286807 0.000143028 6.06475e-05 1.99034e-05 3.61599e-06 0 
0 0.000181394 6.2996e-05 2.75077e-06 2.2834e-08 4.88243e-11 3.85002e-14 1.71123e-17 1.03872e-20 8.74749e-23 6.29651e-24 2.70551e-24 2.51843e-24 2.48904e-24 2.42922e-24 2.27884e-24 2.09236e-24 1.88504e-24 3.53506e-24 3.56134e-23 3.16265e-21 1.28649e-18 4.98513e-16 1.27412e-13 1.85305e-11 1.4029e-09 5.33622e-08 1.03137e-06 1.06358e-05 6.2869e-05 0.000227943 0.000524028 0.000769943 0.000755481 0.000546677 0.000321666 0.000161699 6.87569e-05 2.25855e-05 4.10445e-06 0 
0 0.000164945 4.50547e-05 1.3592e-06 6.82236e-09 7.85006e-12 3.05268e-15 6.55418e-19 1.27566e-21 3.15475e-23 2.70552e-24 6.34936e-25 4.39352e-25 4.31589e-25 4.21015e-25 3.78889e-25 3.11276e-25 2.50891e-25 4.4641e-25 3.58585e-24 1.3908e-22 3.84434e-20 2.57616e-17 1.13291e-14 2.69039e-12 3.12988e-10 1.71479e-08 4.47387e-07 5.85497e-06 4.16056e-05 0.000174168 0.000451183 0.000732533 0.000772184 0.000581939 0.00034886 0.000176659 7.53123e-05 2.47599e-05 4.5008e-06 0 
0 0.000153182 3.52257e-05 8.14192e-07 2.84395e-09 2.09384e-12 4.89076e-16 7.93351e-20 4.76123e-22 2.2827e-23 2.51843e-24 4.39353e-25 1.42018e-25 9.62022e-26 8.56251e-26 7.38383e-26 5.86839e-26 5.66237e-26 1.62508e-25 1.3377e-24 2.96685e-23 3.6536e-21 3.02876e-18 1.96897e-15 6.65819e-13 1.05579e-10 7.52651e-09 2.4388e-07 3.79178e-06 3.07687e-05 0.00014266 0.000401726 0.000699879 0.000777505 0.000604315 0.000367577 0.000187219 7.99794e-05 2.63122e-05 4.78401e-06 0 
0 0.00014651 3.05708e-05 6.07752e-07 1.72915e-09 9.88883e-13 1.73074e-16 3.32577e-20 3.2619e-22 1.98043e-23 2.48904e-24 4.3159e-25 9.62024e-26 3.3991e-26 2.10004e-26 1.63697e-26 1.44218e-26 2.45293e-26 1.09689e-25 8.70068e-25 1.48267e-23 1.1846e-21 8.98689e-19 7.27889e-16 3.00709e-13 5.68305e-11 4.70333e-09 1.72334e-07 2.9546e-06 2.58476e-05 0.000126928 0.000374426 0.000678671 0.000777179 0.000615292 0.000377593 0.000193015 8.25626e-05 2.71738e-05 4.94134e-06 0 
0 0.00014487 2.96277e-05 5.71106e-07 1.5582e-09 8.46301e-13 1.39632e-16 2.85127e-20 3.02531e-22 1.89643e-23 2.42922e-24 4.21016e-25 8.56252e-26 2.10004e-26 7.61525e-27 4.7486e-27 5.89311e-27 1.84332e-26 9.864e-26 7.82105e-25 1.28003e-23 9.51337e-22 6.95907e-19 5.89592e-16 2.53862e-13 4.97513e-11 4.24671e-09 1.59614e-07 2.79229e-06 2.48068e-05 0.000123252 0.000367126 0.000671371 0.000774536 0.000616178 0.000379078 0.00019398 8.30088e-05 2.73245e-05 4.96897e-06 0 
0 0.00014804 3.19731e-05 6.71163e-07 2.0569e-09 1.2891e-12 2.50483e-16 4.24036e-20 3.40436e-22 1.9016e-23 2.27884e-24 3.7889e-25 7.38384e-26 1.63697e-26 4.7486e-27 2.72989e-27 4.74572e-27 1.86098e-26 1.06619e-25 9.18578e-25 1.74959e-23 1.67239e-21 1.36378e-18 1.02154e-15 3.92972e-13 6.97792e-11 5.47718e-09 1.92109e-07 3.18035e-06 2.70752e-05 0.000130224 0.000378139 0.000677543 0.000770309 0.000607715 0.00037245 0.000190312 8.13987e-05 2.67904e-05 4.87162e-06 0 
0 0.000155706 3.80107e-05 9.65413e-07 3.83581e-09 3.3098e-12 9.26581e-16 1.53813e-19 5.85083e-22 2.18138e-23 2.09236e-24 3.11277e-25 5.8684e-26 1.44218e-26 5.8931e-27 4.74571e-27 7.55462e-27 2.4852e-26 1.43865e-25 1.49794e-24 4.34535e-23 7.68095e-21 6.21703e-18 3.5238e-15 1.0529e-12 1.49839e-10 9.74364e-09 2.92649e-07 4.28143e-06 3.31345e-05 0.000148186 0.000406166 0.000694338 0.000762872 0.000590036 0.000358308 0.000182429 7.79299e-05 2.56384e-05 4.66159e-06 0 
0 0.000167386 4.89428e-05 1.64397e-06 9.55745e-09 1.31787e-11 6.29922e-15 1.65013e-18 1.8001e-21 2.86107e-23 1.88504e-24 2.50891e-25 5.66237e-26 2.45293e-26 1.84332e-26 1.86098e-26 2.48519e-26 5.83764e-26 3.13765e-25 4.42423e-24 2.62711e-22 9.9637e-20 5.76971e-17 2.1682e-14 4.46889e-12 4.59264e-10 2.26425e-08 5.41366e-07 6.605e-06 4.44387e-05 0.000178522 0.00044911 0.000716151 0.000748689 0.000562912 0.000337432 0.000170935 7.28922e-05 2.39676e-05 4.35706e-06 0 
0 0.000182248 6.68198e-05 3.17998e-06 2.9698e-08 7.34234e-11 6.83089e-14 3.62212e-17 2.06274e-20 1.02981e-22 3.53506e-24 4.4641e-25 1.62508e-25 1.09689e-25 9.86398e-26 1.06619e-25 1.43865e-25 3.13765e-25 1.82697e-24 4.70711e-23 6.99861e-21 2.73038e-18 9.23209e-16 2.0767e-13 2.69047e-11 1.83952e-09 6.41123e-08 1.15201e-06 1.12003e-05 6.32572e-05 0.000222081 0.000501504 0.00073378 0.000722974 0.000526134 0.000310814 0.000156573 6.66396e-05 2.18983e-05 3.98014e-06 0 
0 0.000198906 9.44849e-05 6.67863e-06 1.06728e-07 5.11532e-10 1.0125e-12 1.20401e-15 1.30097e-18 2.52952e-21 3.56134e-23 3.58585e-24 1.33769e-24 8.70067e-25 7.82104e-25 9.18577e-25 1.49794e-24 4.42422e-24 4.70711e-23 2.81584e-21 5.37578e-19 1.1729e-16 2.12461e-14 2.66353e-12 2.02987e-10 8.69793e-09 2.0348e-07 2.6331e-06 1.97383e-05 9.13085e-05 0.000275002 0.000550126 0.000733713 0.000680606 0.000479909 0.000279674 0.000140174 5.95587e-05 1.95611e-05 3.5548e-06 0 
0 0.000215276 0.000135118 1.45584e-05 4.11437e-07 3.98275e-09 1.75797e-11 4.92821e-14 1.26085e-16 4.27083e-19 3.16265e-21 1.3908e-22 2.96685e-23 1.48267e-23 1.28003e-23 1.74959e-23 4.34535e-23 2.62711e-22 6.99861e-21 5.37578e-19 5.72213e-17 6.29753e-15 5.85579e-13 3.91811e-11 1.68098e-09 4.32037e-08 6.50967e-07 5.86236e-06 3.31042e-05 0.000123932 0.000319233 0.000568396 0.000698551 0.00061724 0.000425125 0.000245419 0.000122601 5.20386e-05 1.70863e-05 3.1048e-06 0 
0 0.00022863 0.000191015 3.15964e-05 1.58722e-06 3.12302e-08 3.09872e-10 2.06573e-12 1.26509e-14 9.77788e-17 1.28649e-18 3.84434e-20 3.6536e-21 1.1846e-21 9.51337e-22 1.67238e-21 7.68095e-21 9.96369e-20 2.73038e-18 1.1729e-16 6.29753e-15 3.45512e-13 1.62415e-11 5.66614e-10 1.3207e-08 1.93766e-07 1.77641e-06 1.06151e-05 4.42384e-05 0.000135696 0.000310107 0.000515276 0.000610277 0.000530501 0.000363417 0.000209559 0.000104689 4.4443e-05 1.45939e-05 2.65203e-06 0 
0 0.00023595 0.00026145 6.58717e-05 5.77507e-06 2.25586e-07 4.90266e-09 7.5644e-11 1.07909e-12 1.86047e-14 4.98513e-16 2.57616e-17 3.02876e-18 8.98689e-19 6.95907e-19 1.36378e-18 6.21703e-18 5.76971e-17 9.23209e-16 2.12461e-14 5.85579e-13 1.62415e-11 3.86953e-10 6.89345e-09 8.21017e-08 6.1378e-07 2.94758e-06 1.02914e-05 3.06284e-05 8.37027e-05 0.000197877 0.000358529 0.00045983 0.000421522 0.000297149 0.000173609 8.7192e-05 3.70882e-05 1.21871e-05 2.21517e-06 0 
0 0.000234595 0.000340123 0.00012812 1.89241e-05 1.39969e-06 6.31704e-08 2.13316e-09 6.70377e-11 2.44544e-12 1.27412e-13 1.13291e-14 1.96897e-15 7.27889e-16 5.89592e-16 1.02154e-15 3.5238e-15 2.1682e-14 2.0767e-13 2.66353e-12 3.91811e-11 5.66614e-10 6.89345e-09 5.97799e-08 3.1127e-07 8.66684e-07 1.40388e-06 1.94778e-06 3.80049e-06 1.23321e-05 4.85424e-05 0.000146846 0.000268063 0.000298048 0.000229638 0.000139056 7.07551e-05 3.02299e-05 9.9476e-06 1.80891e-06 0 
0 0.000223112 0.00041386 0.000227117 5.40616e-05 7.10716e-06 6.19076e-07 4.23565e-08 2.71589e-09 1.95001e-10 1.85305e-11 2.69039e-12 6.65819e-13 3.00709e-13 2.53862e-13 3.92972e-13 1.0529e-12 4.46889e-12 2.69047e-11 2.02987e-10 1.68098e-09 1.3207e-08 8.21017e-08 3.1127e-07 5.01355e-07 2.49197e-07 4.55616e-08 9.19471e-09 9.24437e-09 7.45128e-08 1.61199e-06 2.21635e-05 0.000102408 0.000178622 0.000165689 0.000107382 5.58992e-05 2.40559e-05 7.93337e-06 1.44357e-06 0 
0 0.000201883 0.000464876 0.000359859 0.000131833 2.87308e-05 4.43746e-06 5.61858e-07 6.7168e-08 8.72171e-09 1.4029e-09 3.12988e-10 1.05579e-10 5.68305e-11 4.97513e-11 6.97792e-11 1.49839e-10 4.59264e-10 1.83952e-09 8.69793e-09 4.32037e-08 1.93766e-07 6.1378e-07 8.66684e-07 2.49197e-07 6.30454e-09 1.79974e-11 7.4305e-14 2.13677e-14 1.97686e-12 2.05766e-09 7.41048e-07 2.21995e-05 8.83136e-05 0.000111418 8.00226e-05 4.30088e-05 1.86849e-05 6.17898e-06 1.12521e-06 0 
0 0.000173229 0.000477582 0.000500984 0.000270376 9.14634e-05 2.29727e-05 4.89019e-06 9.89671e-07 2.12262e-07 5.33622e-08 1.71479e-08 7.52651e-09 4.70333e-09 4.24671e-09 5.47718e-09 9.74364e-09 2.26425e-08 6.41123e-08 2.0348e-07 6.50967e-07 1.77641e-06 2.94758e-06 1.40388e-06 4.55616e-08 1.79974e-11 2.56752e-16 2.62236e-15 1.54016e-15 3.49796e-15 1.30041e-13 6.7783e-09 3.1281e-06 3.85322e-05 7.16958e-05 5.80418e-05 3.22945e-05 1.41668e-05 4.69733e-06 8.56018e-07 0 
0 0.000140814 0.000446879 0.000604504 0.000459706 0.000228533 8.64513e-05 2.82279e-05 8.79005e-06 2.8437e-06 1.03137e-06 4.47387e-07 2.4388e-07 1.72334e-07 1.59614e-07 1.92109e-07 2.92649e-07 5.41366e-07 1.15201e-06 2.6331e-06 5.86236e-06 1.06151e-05 1.02914e-05 1.94778e-06 9.19471e-09 7.4305e-14 2.62236e-15 5.01242e-16 2.82224e-16 3.69276e-16 3.6175e-15 9.78873e-11 5.52237e-07 1.83036e-05 4.69059e-05 4.16321e-05 2.37475e-05 1.04858e-05 3.48277e-06 6.34965e-07 0 
0 0.000108553 0.000381568 0.000628584 0.000638609 0.00044523 0.000239223 0.000111059 4.88731e-05 2.19234e-05 1.06358e-05 5.85497e-06 3.79178e-06 2.9546e-06 2.79229e-06 3.18035e-06 4.28143e-06 6.605e-06 1.12003e-05 1.97383e-05 3.31042e-05 4.42384e-05 3.06284e-05 3.80049e-06 9.24437e-09 2.13677e-14 1.54016e-15 2.82224e-16 3.72048e-16 1.89766e-15 4.60519e-14 2.73961e-11 2.90423e-07 1.21509e-05 3.32659e-05 2.99725e-05 1.71449e-05 7.57346e-06 2.5155e-06 4.58609e-07 0 
0 7.95616e-05 0.000299457 0.000566846 0.000720382 0.000668175 0.00048726 0.000304951 0.000177887 0.000103335 6.2869e-05 4.16056e-05 3.07687e-05 2.58476e-05 2.48068e-05 2.70752e-05 3.31345e-05 4.44387e-05 6.32572e-05 9.13085e-05 0.000123932 0.000135696 8.37027e-05 1.23321e-05 7.45128e-08 1.97686e-12 3.49796e-15 3.69276e-16 1.89766e-15 2.68991e-16 4.75659e-16 3.25736e-10 5.8711e-07 1.20659e-05 2.59487e-05 2.16949e-05 1.21392e-05 5.32841e-06 1.76665e-06 3.21921e-07 0 
0 5.55957e-05 0.000218227 0.00045122 0.00066861 0.000770547 0.000724244 0.000586419 0.000434942 0.000312684 0.000227943 0.000174168 0.00014266 0.000126928 0.000123252 0.000130224 0.000148186 0.000178522 0.000222081 0.000275002 0.000319233 0.000310107 0.000197877 4.85424e-05 1.61199e-06 2.05766e-09 1.30041e-13 3.6175e-15 4.60519e-14 4.75659e-16 7.18674e-12 2.4148e-08 2.38558e-06 1.48341e-05 2.11382e-05 1.55529e-05 8.38182e-06 3.63993e-06 1.20319e-06 2.19064e-07 0 
0 3.7105e-05 0.000149132 0.000324346 0.000527204 0.000700697 0.000792301 0.000787781 0.00071518 0.000616852 0.000524028 0.000451183 0.000401726 0.000374426 0.000367126 0.000378139 0.000406166 0.00044911 0.000501504 0.000550126 0.000568396 0.000515276 0.000358529 0.000146846 2.21635e-05 7.41048e-07 6.7783e-09 9.78873e-11 2.73961e-11 3.25736e-10 2.4148e-08 9.89116e-07 8.13498e-06 1.72668e-05 1.66607e-05 1.07974e-05 5.59757e-06 2.40316e-06 7.91753e-07 1.44017e-07 0 
0 2.36437e-05 9.6201e-05 0.000214787 0.000366766 0.000528243 0.000668766 0.000763306 0.000803697 0.000799659 0.000769943 0.000732533 0.000699879 0.000678671 0.000671371 0.000677543 0.000694338 0.000716151 0.00073378 0.000733713 0.000698551 0.000610277 0.00045983 0.000268063 0.000102408 2.21995e-05 3.1281e-06 5.52237e-07 2.90423e-07 5.8711e-07 2.38558e-06 8.13498e-06 1.52597e-05 1.63386e-05 1.20716e-05 7.12796e-06 3.58517e-06 1.5248e-06 5.00946e-07 9.10441e-08 0 
0 1.43343e-05 5.86675e-05 0.000132627 0.00023187 0.000347412 0.000466285 0.000574356 0.000660589 0.000720317 0.000755481 0.000772184 0.000777505 0.000777179 0.000774536 0.000770309 0.000762872 0.000748689 0.000722974 0.000680606 0.00061724 0.000530501 0.000421522 0.000298048 0.000178622 8.83136e-05 3.85322e-05 1.83036e-05 1.21509e-05 1.20659e-05 1.48341e-05 1.72668e-05 1.63386e-05 1.24085e-05 7.92408e-06 4.42807e-06 2.18475e-06 9.23298e-07 3.02719e-07 5.4983e-08 0 
0 8.20499e-06 3.367e-05 7.65331e-05 0.000135183 0.000206092 0.000283973 0.000362464 0.000435304 0.000497612 0.000546677 0.000581939 0.000604315 0.000615292 0.000616178 0.000607715 0.000590036 0.000562912 0.000526134 0.000479909 0.000425125 0.000363417 0.000297149 0.000229638 0.000165689 0.000111418 7.16958e-05 4.69059e-05 3.32659e-05 2.59487e-05 2.11382e-05 1.66607e-05 1.20716e-05 7.92408e-06 4.7297e-06 2.57057e-06 1.25506e-06 5.28438e-07 1.7304e-07 3.14166e-08 0 
0 4.37306e-06 1.79652e-05 4.09274e-05 7.25919e-05 0.000111443 0.000155195 0.000201005 0.000245824 0.000286807 0.000321666 0.00034886 0.000367577 0.000377593 0.000379078 0.00037245 0.000358308 0.000337432 0.000310814 0.000279674 0.000245419 0.000209559 0.000173609 0.000139056 0.000107382 8.00226e-05 5.80418e-05 4.16321e-05 2.99725e-05 2.16949e-05 1.55529e-05 1.07974e-05 7.12796e-06 4.42807e-06 2.57057e-06 1.37986e-06 6.7031e-07 2.81691e-07 9.21782e-08 1.67316e-08 0 
0 2.11741e-06 8.70255e-06 1.9843e-05 3.52505e-05 5.42581e-05 7.58586e-05 9.87868e-05 0.000121641 0.000143028 0.000161699 0.000176659 0.000187219 0.000193015 0.00019398 0.000190312 0.000182429 0.000170935 0.000156573 0.000140174 0.000122601 0.000104689 8.7192e-05 7.07551e-05 5.58992e-05 4.30088e-05 3.22945e-05 2.37475e-05 1.71449e-05 1.21392e-05 8.38182e-06 5.59757e-06 3.58517e-06 2.18475e-06 1.25506e-06 6.7031e-07 3.24905e-07 1.36416e-07 4.46242e-08 8.09887e-09 0 
0 8.88589e-07 3.65272e-06 8.33137e-06 1.48089e-05 2.28152e-05 3.19423e-05 4.16757e-05 5.14393e-05 6.06475e-05 6.87569e-05 7.53123e-05 7.99794e-05 8.25626e-05 8.30088e-05 8.13987e-05 7.79299e-05 7.28922e-05 6.66396e-05 5.95587e-05 5.20386e-05 4.4443e-05 3.70882e-05 3.02299e-05 2.40559e-05 1.86849e-05 1.41668e-05 1.04858e-05 7.57346e-06 5.32841e-06 3.63993e-06 2.40316e-06 1.5248e-06 9.23298e-07 5.28438e-07 2.81691e-07 1.36416e-07 5.72537e-08 1.87258e-08 3.39836e-09 0 
0 2.90613e-07 1.1947e-06 2.72526e-06 4.84507e-06 7.46689e-06 1.04588e-05 1.36544e-05 1.68664e-05 1.99034e-05 2.25855e-05 2.47599e-05 2.63122e-05 2.71738e-05 2.73245e-05 2.67904e-05 2.56384e-05 2.39676e-05 2.18983e-05 1.95611e-05 1.70863e-05 1.45939e-05 1.21871e-05 9.9476e-06 7.93337e-06 6.17898e-06 4.69733e-06 3.48277e-06 2.5155e-06 1.76665e-06 1.20319e-06 7.91753e-07 5.00946e-07 3.02719e-07 1.7304e-07 9.21782e-08 4.46242e-08 1.87258e-08 6.12419e-09 1.11139e-09 0 
0 5.27391e-08 2.16813e-07 4.94599e-07 8.79375e-07 1.35537e-06 1.89875e-06 2.47938e-06 3.06339e-06 3.61599e-06 4.10445e-06 4.5008e-06 4.78401e-06 4.94134e-06 4.96897e-06 4.87162e-06 4.66159e-06 4.35706e-06 3.98014e-06 3.5548e-06 3.1048e-06 2.65203e-06 2.21517e-06 1.80891e-06 1.44357e-06 1.12521e-06 8.56018e-07 6.34965e-07 4.58609e-07 3.21921e-07 2.19064e-07 1.44017e-07 9.10441e-08 5.4983e-08 3.14166e-08 1.67316e-08 8.09887e-09 3.39836e-09 1.11139e-09 2.01686e-10 0 
0 0 0 0 0 0 0 0 0 0 0 0 0 0 0 0 0 0 0 0 0 0 0 0 0 0 0 0 0 0 0 0 0 0 0 0 0 0 0 0 0 
