0 0 0 0 0 0 0 0 0 0 0 0 0 0 0 0 0 0 0 0 0 0 0 0 0 0 0 0 0 0 0 0 0 0 0 0 0 0 0 0 0 
0 1.37909e-05 5.66949e-05 0.000129332 0.00022994 0.000354379 0.000496383 0.000648023 0.000800371 0.000944273 0.00107117 0.00117384 0.00124696 0.00128742 0.00129439 0.00126919 0.00121494 0.00113622 0.00103862 0.000928244 0.000811231 0.000693297 0.000579364 0.000473314 0.000377878 0.000294656 0.000224234 0.000166359 0.000120154 8.43266e-05 5.73648e-05 3.7699e-05 2.38241e-05 1.43839e-05 8.21723e-06 4.37575e-06 2.11793e-06 8.88673e-07 2.90623e-07 5.27398e-08 0 
0 5.66949e-05 0.000233069 0.00053165 0.000945119 0.00145629 0.00203906 0.00266028 0.00328254 0.00386765 0.00438047 0.00479224 0.005083 0.00524226 0.00526844 0.00516747 0.00495139 0.00463716 0.00424566 0.00380036 0.0033257 0.00284514 0.0023793 0.00194468 0.001553 0.00121117 0.000921779 0.000683896 0.000493958 0.000346672 0.000235832 0.000154984 9.79433e-05 5.91335e-05 3.37818e-05 1.79891e-05 8.70702e-06 3.65342e-06 1.19478e-06 2.16818e-07 0 
0 0.000129332 0.00053165 0.00121259 0.00215507 0.00331885 0.00464224 0.00604601 0.00744019 0.00873387 0.0098468 0.0107198 0.0113197 0.0116375 0.0116811 0.0114678 0.0110195 0.0103631 0.00953251 0.00857095 0.00752889 0.00645952 0.00541266 0.00442956 0.00354003 0.00276194 0.00210245 0.00156003 0.00112681 0.000790843 0.000537993 0.000353559 0.000223435 0.000134899 7.70654e-05 4.10381e-05 1.98631e-05 8.33443e-06 2.72561e-06 4.94621e-07 0 
0 0.00022994 0.000945119 0.00215507 0.00382774 0.00588722 0.00821422 0.0106514 0.0130174 0.0151336 0.0168589 0.0181184 0.0189097 0.0192798 0.0192896 0.0189833 0.0183774 0.0174712 0.0162687 0.0147997 0.0131291 0.0113485 0.00955782 0.00784677 0.0062825 0.00490643 0.0037367 0.00277328 0.00200335 0.00140609 0.000956549 0.000628632 0.00039727 0.000239853 0.000137023 7.29663e-05 3.53168e-05 1.48187e-05 4.84619e-06 8.79444e-07 0 
0 0.000354379 0.00145629 0.00331885 0.00588722 0.0090293 0.0125278 0.0160828 0.0193435 0.0219868 0.0238206 0.0248495 0.0252486 0.0252618 0.0250903 0.0248265 0.0244416 0.0238175 0.0228091 0.0213188 0.019351 0.0170191 0.0145043 0.0119954 0.00964417 0.00754825 0.00575482 0.00427315 0.00308747 0.00216719 0.00147436 0.000968945 0.000612338 0.000369701 0.000211203 0.000112468 5.44362e-05 2.28411e-05 7.46975e-06 1.35555e-06 0 
0 0.000496383 0.00203906 0.00464224 0.00821422 0.0125278 0.0171856 0.0216134 0.0251557 0.0273098 0.0279805 0.027531 0.0265669 0.0256485 0.0251258 0.0251126 0.0255144 0.0260605 0.0263563 0.0259954 0.0247188 0.0225303 0.0196785 0.0165247 0.0134007 0.0105353 0.00804939 0.0059827 0.00432442 0.00303593 0.00206551 0.00135747 0.000857881 0.00051795 0.000295896 0.000157567 7.62651e-05 3.20004e-05 1.04651e-05 1.89912e-06 0 
0 0.000648023 0.00266028 0.00604601 0.0106514 0.0160828 0.0216134 0.0261895 0.0287443 0.0288031 0.0268576 0.0240303 0.0213846 0.0195465 0.0187503 0.0190184 0.0202613 0.0222564 0.0245613 0.0264901 0.0272931 0.026511 0.0242171 0.0209181 0.0172375 0.0136644 0.0104813 0.00780376 0.00564479 0.00396402 0.00269723 0.00177271 0.00112031 0.000676399 0.000386415 0.00020577 9.95959e-05 4.17899e-05 1.36666e-05 2.48009e-06 0 
0 0.000800371 0.00328254 0.00744019 0.0130174 0.0193435 0.0251557 0.0287443 0.0288308 0.0256775 0.0209877 0.0165491 0.0132818 0.0113432 0.0106007 0.0109369 0.0123385 0.0148406 0.0183466 0.0223624 0.0258705 0.0276785 0.0271419 0.0245475 0.0207721 0.016695 0.01289 0.00962474 0.00697018 0.00489699 0.00333261 0.00219044 0.00138434 0.000835811 0.000477486 0.000254266 0.000123069 5.1639e-05 1.68875e-05 3.0646e-06 0 
0 0.000944273 0.00386765 0.00873387 0.0151336 0.0219868 0.0273098 0.0288031 0.0256775 0.0197646 0.0138536 0.0094972 0.00682672 0.00543001 0.0049352 0.00517359 0.00618168 0.00816771 0.0114118 0.0159824 0.0212641 0.0257579 0.0278154 0.0268541 0.0236229 0.0193795 0.0151097 0.0113306 0.00821989 0.00577888 0.00393374 0.00258577 0.00163423 0.000986697 0.000563686 0.000300169 0.000145287 6.09615e-05 1.99363e-05 3.61786e-06 0 
0 0.00107117 0.00438047 0.0098468 0.0168589 0.0238206 0.0279805 0.0268576 0.0209877 0.0138536 0.00833097 0.00499476 0.00323809 0.00241003 0.00213182 0.00226261 0.00284247 0.0040868 0.00639662 0.0102482 0.015734 0.0218296 0.0263792 0.0276015 0.02552 0.0215087 0.0169904 0.0128145 0.00931828 0.006557 0.00446489 0.00293526 0.00185518 0.00112012 0.000639909 0.000340759 0.000164933 6.9205e-05 2.26322e-05 4.10709e-06 0 
0 0.00117384 0.00479224 0.0107198 0.0181184 0.0248495 0.027531 0.0240303 0.0165491 0.0094972 0.00499476 0.00267008 0.00158527 0.00111407 0.000961066 0.00102765 0.00134206 0.00206486 0.00354821 0.0063719 0.011108 0.0175099 0.0236877 0.0270066 0.0264021 0.0229596 0.0184198 0.0139892 0.0102016 0.00718649 0.00489553 0.00321883 0.00203451 0.00122841 0.000701782 0.000373708 0.000180881 7.58967e-05 2.48206e-05 4.50422e-06 0 
0 0.00124696 0.005083 0.0113197 0.0189097 0.0252486 0.0265669 0.0213846 0.0132818 0.00682672 0.00323809 0.00158527 0.000879131 0.00059008 0.00049786 0.00053338 0.000714508 0.00115274 0.00211905 0.00414217 0.00796427 0.0139239 0.0207609 0.0256082 0.0264238 0.0237167 0.0193374 0.0147953 0.0108232 0.00763378 0.00520265 0.00342135 0.00216265 0.00130581 0.000746006 0.000397259 0.00019228 8.06798e-05 2.63848e-05 4.78808e-06 0 
0 0.00128742 0.00524226 0.0116375 0.0192798 0.0252618 0.0256485 0.0195465 0.0113432 0.00543001 0.00241003 0.00111407 0.00059008 0.000383269 0.000317417 0.000338799 0.000458915 0.000759415 0.0014513 0.00298631 0.00611061 0.0114524 0.0183075 0.0239844 0.0258614 0.0238521 0.0197333 0.0152039 0.0111563 0.00787875 0.00537233 0.00353364 0.0022338 0.00134881 0.000770581 0.000410347 0.000198615 8.33381e-05 2.72541e-05 4.94585e-06 0 
0 0.00129439 0.00526844 0.0116811 0.0192896 0.0250903 0.0251258 0.0187503 0.0106007 0.0049352 0.00213182 0.000961066 0.00049786 0.000317417 0.000259177 0.000274136 0.000370068 0.000614081 0.00118459 0.00247806 0.0051939 0.0100409 0.0166266 0.0225379 0.024981 0.0234746 0.0196341 0.0152137 0.011194 0.00791525 0.0054002 0.00355282 0.00224616 0.00135634 0.000774894 0.000412648 0.00019973 8.38057e-05 2.74071e-05 4.9736e-06 0 
0 0.00126919 0.00516747 0.0114678 0.0189833 0.0248265 0.0251126 0.0190184 0.0109369 0.00517359 0.00226261 0.00102765 0.00053338 0.000338799 0.000274136 0.000286013 0.000379523 0.000617795 0.00116877 0.00240184 0.00496415 0.00951829 0.0157401 0.021436 0.0239457 0.0226778 0.0190817 0.0148436 0.0109467 0.00775007 0.00529095 0.00348209 0.0022018 0.00132965 0.000759678 0.000404552 0.000195813 8.21624e-05 2.68697e-05 4.87609e-06 0 
0 0.00121494 0.00495139 0.0110195 0.0183774 0.0244416 0.0255144 0.0202613 0.0123385 0.00618168 0.00284247 0.00134206 0.000714508 0.000458915 0.000370068 0.000379523 0.00048902 0.000765398 0.00138261 0.00270296 0.0053149 0.00973838 0.015529 0.0206459 0.0227893 0.021511 0.0181174 0.0141246 0.0104377 0.00740043 0.00505689 0.00332983 0.00210615 0.00127208 0.000726842 0.00038708 0.000187359 7.86158e-05 2.57099e-05 4.66563e-06 0 
0 0.00113622 0.00463716 0.0103631 0.0174712 0.0238175 0.0260605 0.0222564 0.0148406 0.00816771 0.0040868 0.00206486 0.00115274 0.000759415 0.000614081 0.000617795 0.000765398 0.00113237 0.001908 0.00344898 0.00624959 0.0105885 0.0157916 0.0199946 0.0214421 0.0199812 0.0167756 0.0130931 0.00969759 0.00689024 0.00471557 0.0031082 0.00196714 0.00118852 0.00067921 0.000361743 0.000175102 7.3474e-05 2.40286e-05 4.36052e-06 0 
0 0.00103862 0.00424566 0.00953251 0.0162687 0.0228091 0.0263563 0.0245613 0.0183466 0.0114118 0.00639662 0.00354821 0.00211905 0.0014513 0.00118459 0.00116877 0.00138261 0.001908 0.00294276 0.0048049 0.00781631 0.011927 0.0162478 0.0192314 0.0197861 0.0180751 0.0150841 0.0117835 0.00875722 0.00624467 0.00428639 0.00283119 0.00179417 0.00108482 0.000620195 0.000330376 0.000159932 6.71113e-05 2.19481e-05 3.98299e-06 0 
0 0.000928244 0.00380036 0.00857095 0.0147997 0.0213188 0.0259954 0.0264901 0.0223624 0.0159824 0.0102482 0.0063719 0.00414217 0.00298631 0.00247806 0.00240184 0.00270296 0.00344898 0.0048049 0.00696946 0.00999486 0.0134984 0.0165492 0.0181021 0.0177203 0.0157864 0.0130651 0.0102187 0.00763666 0.00548224 0.00378585 0.00251206 0.00159675 0.000967167 0.000553448 0.000294952 0.000142813 5.99326e-05 1.9601e-05 3.55711e-06 0 
0 0.000811231 0.0033257 0.00752889 0.0131291 0.019351 0.0247188 0.0272931 0.0258705 0.0212641 0.015734 0.011108 0.00796427 0.00611061 0.0051939 0.00496415 0.0053149 0.00624959 0.00781631 0.00999486 0.0125403 0.0148942 0.0163474 0.0164362 0.0152137 0.0131346 0.0107326 0.00839686 0.00633001 0.00460294 0.0032206 0.00215998 0.00138303 0.000841327 0.000482514 0.000257418 0.000124695 5.23389e-05 1.71187e-05 3.1067e-06 0 
0 0.000693297 0.00284514 0.00645952 0.0113485 0.0170191 0.0225303 0.026511 0.0276785 0.0257579 0.0218296 0.0175099 0.0139239 0.0114524 0.0100409 0.00951829 0.00973838 0.0105885 0.011927 0.0134984 0.0148942 0.0156419 0.0154166 0.0142142 0.0123294 0.0101741 0.00809487 0.00628594 0.00479316 0.00357554 0.00257898 0.00177603 0.00115821 0.000712064 0.000410551 0.000219546 0.000106453 4.46986e-05 1.46217e-05 2.65367e-06 0 
0 0.000579364 0.0023793 0.00541266 0.00955782 0.0145043 0.0196785 0.0242171 0.0271419 0.0278154 0.0263792 0.0236877 0.0207609 0.0183075 0.0166266 0.0157401 0.015529 0.0157916 0.0162478 0.0165492 0.0163474 0.0154166 0.013754 0.0115768 0.00922093 0.00702048 0.00521575 0.00389592 0.00299558 0.00235864 0.00183449 0.00135244 0.00092394 0.000582851 0.00034017 0.000182844 8.88317e-05 3.7326e-05 1.2213e-05 2.21669e-06 0 
0 0.000473314 0.00194468 0.00442956 0.00784677 0.0119954 0.0165247 0.0209181 0.0245475 0.0268541 0.0276015 0.0270066 0.0256082 0.0239844 0.0225379 0.021436 0.0206459 0.0199946 0.0192314 0.0181021 0.0164362 0.0142142 0.0115768 0.00877976 0.00613547 0.00395626 0.00244731 0.00159299 0.00120581 0.00107364 0.00101321 0.000889998 0.00068186 0.000456525 0.000273507 0.000148521 7.24217e-05 3.04685e-05 9.97319e-06 1.81039e-06 0 
0 0.000377878 0.001553 0.00354003 0.0062825 0.00964417 0.0134007 0.0172375 0.0207721 0.0236229 0.02552 0.0264021 0.0264238 0.0258614 0.024981 0.0239457 0.0227893 0.0214421 0.0197861 0.0177203 0.0152137 0.0123294 0.00922093 0.00613547 0.00344485 0.0015671 0.000615731 0.000271152 0.000187857 0.000222537 0.000337024 0.000449212 0.000445182 0.000337399 0.000212543 0.000117521 5.76519e-05 2.43011e-05 7.95908e-06 1.44503e-06 0 
0 0.000294656 0.00121117 0.00276194 0.00490643 0.00754825 0.0105353 0.0136644 0.016695 0.0193795 0.0215087 0.0229596 0.0237167 0.0238521 0.0234746 0.0226778 0.021511 0.0199812 0.0180751 0.0157864 0.0131346 0.0101741 0.00702048 0.00395626 0.0015671 0.000371541 5.69298e-05 1.05231e-05 5.80424e-06 1.24337e-05 5.03143e-05 0.000154229 0.000247997 0.000233384 0.000159407 9.05481e-05 4.47933e-05 1.89282e-05 6.20388e-06 1.1266e-06 0 
0 0.000224234 0.000921779 0.00210245 0.0037367 0.00575482 0.00804939 0.0104813 0.01289 0.0151097 0.0169904 0.0184198 0.0193374 0.0197333 0.0196341 0.0190817 0.0181174 0.0167756 0.0150841 0.0130651 0.0107326 0.00809487 0.00521575 0.00244731 0.000615731 5.69298e-05 2.05411e-06 9.59213e-08 3.63758e-08 1.96338e-07 3.61239e-06 3.83016e-05 0.000122328 0.000153635 0.000116062 6.80287e-05 3.39636e-05 1.43893e-05 4.71963e-06 8.57236e-07 0 
0 0.000166359 0.000683896 0.00156003 0.00277328 0.00427315 0.0059827 0.00780376 0.00962474 0.0113306 0.0128145 0.0139892 0.0147953 0.0152039 0.0152137 0.0148436 0.0141246 0.0130931 0.0117835 0.0102187 0.00839686 0.00628594 0.00389592 0.00159299 0.000271152 1.05231e-05 9.59213e-08 1.18581e-09 3.11036e-10 4.06676e-09 3.15528e-07 1.06226e-05 6.29565e-05 0.000101426 8.32315e-05 4.99964e-05 2.51326e-05 1.06678e-05 3.50076e-06 6.35936e-07 0 
0 0.000120154 0.000493958 0.00112681 0.00200335 0.00308747 0.00432442 0.00564479 0.00697018 0.00821989 0.00931828 0.0102016 0.0108232 0.0111563 0.011194 0.0109467 0.0104377 0.00969759 0.00875722 0.00763666 0.00633001 0.00479316 0.00299558 0.00120581 0.000187857 5.80424e-06 3.63758e-08 3.11036e-10 7.28188e-11 1.18887e-09 1.33588e-07 6.03935e-06 4.17451e-05 7.13772e-05 5.96847e-05 3.60417e-05 1.81431e-05 7.70381e-06 2.52833e-06 4.59299e-07 0 
0 8.43266e-05 0.000346672 0.000790843 0.00140609 0.00216719 0.00303593 0.00396402 0.00489699 0.00577888 0.006557 0.00718649 0.00763378 0.00787875 0.00791525 0.00775007 0.00740043 0.00689024 0.00624467 0.00548224 0.00460294 0.00357554 0.00235864 0.00107364 0.000222537 1.24337e-05 1.96338e-07 4.06676e-09 1.18887e-09 1.02476e-08 4.18176e-07 8.42636e-06 3.78288e-05 5.43585e-05 4.28982e-05 2.54632e-05 1.27562e-05 5.40931e-06 1.77466e-06 3.22355e-07 0 
0 5.73648e-05 0.000235832 0.000537993 0.000956549 0.00147436 0.00206551 0.00269723 0.00333261 0.00393374 0.00446489 0.00489553 0.00520265 0.00537233 0.0054002 0.00529095 0.00505689 0.00471557 0.00428639 0.00378585 0.0032206 0.00257898 0.00183449 0.00101321 0.000337024 5.03143e-05 3.61239e-06 3.15528e-07 1.33588e-07 4.18176e-07 3.35373e-06 1.81406e-05 3.98483e-05 4.2666e-05 3.0456e-05 1.75336e-05 8.70699e-06 3.6832e-06 1.20755e-06 2.19303e-07 0 
0 3.7699e-05 0.000154984 0.000353559 0.000628632 0.000968945 0.00135747 0.00177271 0.00219044 0.00258577 0.00293526 0.00321883 0.00342135 0.00353364 0.00355282 0.00348209 0.00332983 0.0031082 0.00283119 0.00251206 0.00215998 0.00177603 0.00135244 0.000889998 0.000449212 0.000154229 3.83016e-05 1.06226e-05 6.03935e-06 8.42636e-06 1.81406e-05 3.29986e-05 3.92159e-05 3.2216e-05 2.09065e-05 1.16731e-05 5.74351e-06 2.4231e-06 7.93813e-07 1.44133e-07 0 
0 2.38241e-05 9.79433e-05 0.000223435 0.00039727 0.000612338 0.000857881 0.00112031 0.00138434 0.00163423 0.00185518 0.00203451 0.00216265 0.0022338 0.00224616 0.0022018 0.00210615 0.00196714 0.00179417 0.00159675 0.00138303 0.00115821 0.00092394 0.00068186 0.000445182 0.000247997 0.000122328 6.29565e-05 4.17451e-05 3.78288e-05 3.98483e-05 3.92159e-05 3.23464e-05 2.2456e-05 1.36537e-05 7.45392e-06 3.64114e-06 1.53273e-06 5.01793e-07 9.10933e-08 0 
0 1.43839e-05 5.91335e-05 0.000134899 0.000239853 0.000369701 0.00051795 0.000676399 0.000835811 0.000986697 0.00112012 0.00122841 0.00130581 0.00134881 0.00135634 0.00132965 0.00127208 0.00118852 0.00108482 0.000967167 0.000841327 0.000712064 0.000582851 0.000456525 0.000337399 0.000233384 0.000153635 0.000101426 7.13772e-05 5.43585e-05 4.2666e-05 3.2216e-05 2.2456e-05 1.43325e-05 8.41093e-06 4.53108e-06 2.20319e-06 9.26025e-07 3.03022e-07 5.50012e-08 0 
0 8.21723e-06 3.37818e-05 7.70654e-05 0.000137023 0.000211203 0.000295896 0.000386415 0.000477486 0.000563686 0.000639909 0.000701782 0.000746006 0.000770581 0.000774894 0.000759678 0.000726842 0.00067921 0.000620195 0.000553448 0.000482514 0.000410551 0.00034017 0.000273507 0.000212543 0.000159407 0.000116062 8.32315e-05 5.96847e-05 4.28982e-05 3.0456e-05 2.09065e-05 1.36537e-05 8.41093e-06 4.85583e-06 2.59845e-06 1.2603e-06 5.29251e-07 1.73135e-07 3.14225e-08 0 
0 4.37575e-06 1.79891e-05 4.10381e-05 7.29663e-05 0.000112468 0.000157567 0.00020577 0.000254266 0.000300169 0.000340759 0.000373708 0.000397259 0.000410347 0.000412648 0.000404552 0.00038708 0.000361743 0.000330376 0.000294952 0.000257418 0.000219546 0.000182844 0.000148521 0.000117521 9.05481e-05 6.80287e-05 4.99964e-05 3.60417e-05 2.54632e-05 1.75336e-05 1.16731e-05 7.45392e-06 4.53108e-06 2.59845e-06 1.38635e-06 6.71596e-07 2.81901e-07 9.22037e-08 1.67332e-08 0 
0 2.11793e-06 8.70702e-06 1.98631e-05 3.53168e-05 5.44362e-05 7.62651e-05 9.95959e-05 0.000123069 0.000145287 0.000164933 0.000180881 0.00019228 0.000198615 0.00019973 0.000195813 0.000187359 0.000175102 0.000159932 0.000142813 0.000124695 0.000106453 8.88317e-05 7.24217e-05 5.76519e-05 4.47933e-05 3.39636e-05 2.51326e-05 1.81431e-05 1.27562e-05 8.70699e-06 5.74351e-06 3.64114e-06 2.20319e-06 1.2603e-06 6.71596e-07 3.25173e-07 1.36462e-07 4.463e-08 8.09927e-09 0 
0 8.88673e-07 3.65342e-06 8.33443e-06 1.48187e-05 2.28411e-05 3.20004e-05 4.17899e-05 5.1639e-05 6.09615e-05 6.9205e-05 7.58967e-05 8.06798e-05 8.33381e-05 8.38057e-05 8.21624e-05 7.86158e-05 7.3474e-05 6.71113e-05 5.99326e-05 5.23389e-05 4.46986e-05 3.7326e-05 3.04685e-05 2.43011e-05 1.89282e-05 1.43893e-05 1.06678e-05 7.70381e-06 5.40931e-06 3.6832e-06 2.4231e-06 1.53273e-06 9.26025e-07 5.29251e-07 2.81901e-07 1.36462e-07 5.7262e-08 1.87269e-08 3.39844e-09 0 
0 2.90623e-07 1.19478e-06 2.72561e-06 4.84619e-06 7.46975e-06 1.04651e-05 1.36666e-05 1.68875e-05 1.99363e-05 2.26322e-05 2.48206e-05 2.63848e-05 2.72541e-05 2.74071e-05 2.68697e-05 2.57099e-05 2.40286e-05 2.19481e-05 1.9601e-05 1.71187e-05 1.46217e-05 1.2213e-05 9.97319e-06 7.95908e-06 6.20388e-06 4.71963e-06 3.50076e-06 2.52833e-06 1.77466e-06 1.20755e-06 7.93813e-07 5.01793e-07 3.03022e-07 1.73135e-07 9.22037e-08 4.463e-08 1.87269e-08 6.12434e-09 1.1114e-09 0 
0 5.27398e-08 2.16818e-07 4.94621e-07 8.79444e-07 1.35555e-06 1.89912e-06 2.48009e-06 3.0646e-06 3.61786e-06 4.10709e-06 4.50422e-06 4.78808e-06 4.94585e-06 4.9736e-06 4.87609e-06 4.66563e-06 4.36052e-06 3.98299e-06 3.55711e-06 3.1067e-06 2.65367e-06 2.21669e-06 1.81039e-06 1.44503e-06 1.1266e-06 8.57236e-07 6.35936e-07 4.59299e-07 3.22355e-07 2.19303e-07 1.44133e-07 9.10933e-08 5.50012e-08 3.14225e-08 1.67332e-08 8.09927e-09 3.39844e-09 1.1114e-09 2.01687e-10 0 
0 0 0 0 0 0 0 0 0 0 0 0 0 0 0 0 0 0 0 0 0 0 0 0 0 0 0 0 0 0 0 0 0 0 0 0 0 0 0 0 0 
