0 0 0 0 0 0 0 0 0 0 0 0 0 0 0 0 0 0 0 0 0 0 0 0 0 0 0 0 0 0 0 0 0 0 0 0 0 0 0 0 0 
0 1.32532e-05 5.19308e-05 0.000108566 0.000168134 0.000214068 0.000237089 0.000238283 0.000225034 0.000205514 0.00018574 0.000169139 0.000157231 0.000150462 0.000148792 0.000151997 0.000159753 0.000171555 0.000186537 0.000203266 0.000219605 0.000232778 0.000239736 0.000237841 0.000225691 0.000203754 0.000174454 0.00014153 0.000108925 7.97326e-05 5.56654e-05 3.71302e-05 2.36519e-05 1.43367e-05 8.20559e-06 4.37319e-06 2.11744e-06 8.88593e-07 2.90614e-07 5.27391e-08 0 
0 5.19308e-05 0.000190087 0.00034845 0.000436681 0.000416967 0.000328528 0.000229437 0.000150973 9.8414e-05 6.62053e-05 4.74855e-05 3.7201e-05 3.23209e-05 3.13296e-05 3.37859e-05 4.01054e-05 5.15277e-05 7.01593e-05 9.8902e-05 0.000140961 0.000198569 0.000270766 0.000350824 0.000425029 0.000475213 0.000485884 0.000452572 0.000384874 0.000301086 0.000218913 0.000149382 9.62808e-05 5.869e-05 3.36756e-05 1.79665e-05 8.70279e-06 3.65275e-06 1.1947e-06 2.16813e-07 0 
0 0.000108566 0.00034845 0.000496672 0.000424229 0.000250373 0.000115798 4.66277e-05 1.78246e-05 6.97706e-06 2.99069e-06 1.48592e-06 8.93624e-07 6.6851e-07 6.28439e-07 7.3753e-07 1.05777e-06 1.79362e-06 3.45143e-06 7.20663e-06 1.56138e-05 3.36814e-05 6.98049e-05 0.000134994 0.000237925 0.00037466 0.000518008 0.000620388 0.000640321 0.000573684 0.000454409 0.000325567 0.000215182 0.000132737 7.65601e-05 4.09332e-05 1.9844e-05 8.33154e-06 2.72528e-06 4.946e-07 0 
0 0.000168134 0.000436681 0.000424229 0.000212817 6.72006e-05 1.5655e-05 3.06208e-06 5.66744e-07 1.11426e-07 2.59112e-08 7.81457e-09 3.27946e-09 2.0014e-09 1.80472e-09 2.37686e-09 4.41058e-09 1.09111e-08 3.36055e-08 1.19576e-07 4.56185e-07 1.74168e-06 6.27506e-06 2.03787e-05 5.77497e-05 0.000139779 0.000284497 0.000479565 0.000659691 0.000736727 0.000677879 0.000531184 0.000368125 0.000232255 0.000135277 7.26116e-05 3.52541e-05 1.48094e-05 4.84514e-06 8.79379e-07 0 
0 0.000214068 0.000416967 0.000250373 6.72006e-05 1.01684e-05 1.0354e-06 8.35922e-08 6.33193e-09 5.32724e-10 5.83045e-11 9.50718e-12 2.56153e-12 1.21658e-12 1.04222e-12 1.58208e-12 4.0319e-12 1.58819e-11 8.73136e-11 5.99252e-10 4.59249e-09 3.54453e-08 2.52183e-07 1.5432e-06 7.74122e-06 3.09715e-05 9.77107e-05 0.000241991 0.000466701 0.000692152 0.000788629 0.000710065 0.000531789 0.000348464 0.00020635 0.000111497 5.42678e-05 2.28167e-05 7.46705e-06 1.35538e-06 0 
0 0.000237089 0.000328528 0.000115798 1.5655e-05 1.0354e-06 4.10366e-08 1.20507e-09 3.29024e-11 1.05077e-12 4.86806e-14 3.93583e-15 6.39476e-16 2.28084e-16 1.84274e-16 3.28981e-16 1.20437e-15 8.06601e-15 8.58709e-14 1.24671e-12 2.11776e-11 3.65168e-10 5.65645e-09 7.14712e-08 6.88403e-07 4.86253e-06 2.48721e-05 9.26545e-05 0.000253847 0.000511014 0.000749209 0.000808882 0.000676075 0.000468626 0.000284564 0.000155319 7.58805e-05 3.19455e-05 1.04592e-05 1.89877e-06 0 
0 0.000238283 0.000229437 4.66277e-05 3.06208e-06 8.35922e-08 1.20507e-09 1.19822e-11 1.09814e-13 1.24453e-15 2.29858e-17 8.93838e-19 1.01921e-19 3.88853e-20 3.27019e-20 5.17469e-20 2.0573e-19 2.24687e-18 4.82874e-17 1.56249e-15 6.21673e-14 2.53263e-12 9.02254e-11 2.48015e-09 4.81342e-08 6.26125e-07 5.36291e-06 3.05645e-05 0.000118966 0.00032303 0.000612756 0.000810821 0.000775578 0.00057872 0.000363619 0.000201251 9.883e-05 4.16819e-05 1.36551e-05 2.47942e-06 0 
0 0.000225034 0.000150973 1.78246e-05 5.66744e-07 6.33193e-09 3.29024e-11 1.09814e-13 3.34942e-16 1.34061e-18 1.32916e-20 1.3706e-21 4.78788e-22 3.0395e-22 2.76852e-22 3.28687e-22 6.07973e-22 2.01338e-21 2.7702e-20 1.77765e-18 1.66523e-16 1.61332e-14 1.33039e-12 8.00887e-11 3.15409e-09 7.61189e-08 1.09907e-06 9.60665e-06 5.27478e-05 0.000189845 0.000458208 0.000741754 0.000821052 0.000667575 0.000437268 0.000246251 0.000121717 5.14502e-05 1.68676e-05 3.06346e-06 0 
0 0.000205514 9.8414e-05 6.97706e-06 1.11426e-07 5.32724e-10 1.05077e-12 1.24453e-15 1.34061e-18 3.01784e-21 9.15968e-23 2.71394e-23 1.91668e-23 1.6065e-23 1.52203e-23 1.56889e-23 1.8432e-23 2.58068e-23 1.14496e-22 3.38704e-21 5.88247e-19 1.2939e-16 2.36601e-14 2.99692e-12 2.31133e-10 1.00419e-08 2.38536e-07 3.13456e-06 2.38106e-05 0.000110893 0.000331422 0.000643887 0.000821125 0.000730148 0.00050057 0.000287468 0.000143146 6.06643e-05 1.99052e-05 3.61609e-06 0 
0 0.00018574 6.62053e-05 2.99069e-06 2.59112e-08 5.83045e-11 4.86806e-14 2.29858e-17 1.32916e-20 9.15968e-23 5.44325e-24 2.03933e-24 1.87619e-24 1.83426e-24 1.78135e-24 1.68873e-24 1.55524e-24 1.4748e-24 3.25186e-24 4.09494e-23 4.33192e-21 1.75803e-18 6.51456e-16 1.5967e-13 2.23607e-11 1.63793e-09 6.05978e-08 1.14541e-06 1.16122e-05 6.77463e-05 0.000242645 0.000549668 0.000794064 0.000767944 0.000550687 0.000322591 0.000161866 6.87807e-05 2.2588e-05 4.10459e-06 0 
0 0.000169139 4.74855e-05 1.48592e-06 7.81457e-09 9.50718e-12 3.93583e-15 8.93838e-19 1.3706e-21 2.71395e-23 2.03934e-24 4.37717e-25 2.99573e-25 2.95531e-25 2.88254e-25 2.59893e-25 2.12483e-25 1.78999e-25 3.69491e-25 3.54528e-24 1.66496e-22 5.3374e-20 3.44107e-17 1.44541e-14 3.29345e-12 3.69538e-10 1.96377e-08 4.99866e-07 6.41898e-06 4.49676e-05 0.000185937 0.000474869 0.000758003 0.000786743 0.00058691 0.000350039 0.000176873 7.53431e-05 2.47631e-05 4.50099e-06 0 
0 0.000157231 3.7201e-05 8.93624e-07 3.27946e-09 2.56153e-12 6.39476e-16 1.01921e-19 4.78788e-22 1.91668e-23 1.87619e-24 2.99574e-25 9.1286e-26 6.15452e-26 5.5051e-26 4.74473e-26 3.76213e-26 3.89332e-26 1.29474e-25 1.22337e-24 3.2605e-23 4.89435e-21 4.10781e-18 2.5439e-15 8.23305e-13 1.25635e-10 8.67016e-09 2.73635e-07 4.16883e-06 3.33192e-05 0.000152562 0.000423701 0.000725823 0.000793475 0.000610022 0.000368961 0.000187474 8.0016e-05 2.63161e-05 4.78423e-06 0 
0 0.000150462 3.23209e-05 6.6851e-07 2.0014e-09 1.21658e-12 2.28084e-16 3.88853e-20 3.03951e-22 1.6065e-23 1.83427e-24 2.95532e-25 6.15453e-26 2.07176e-26 1.26882e-26 9.91572e-27 8.9699e-27 1.7261e-26 8.6888e-26 7.73216e-25 1.54559e-23 1.49795e-21 1.22818e-18 9.46744e-16 3.73812e-13 6.79035e-11 5.43447e-09 1.9377e-07 3.25285e-06 2.80141e-05 0.000135836 0.000395285 0.000704626 0.000793861 0.00062142 0.000379101 0.000193294 8.26028e-05 2.7178e-05 4.94158e-06 0 
0 0.000148792 3.13296e-05 6.28439e-07 1.80472e-09 1.04222e-12 1.84274e-16 3.27019e-20 2.76852e-22 1.52204e-23 1.78136e-24 2.88255e-25 5.50511e-26 1.26883e-26 4.40503e-27 2.76711e-27 3.77276e-27 1.33474e-26 7.81853e-26 6.906e-25 1.3182e-23 1.18693e-21 9.51644e-19 7.67337e-16 3.15704e-13 5.94585e-11 4.90724e-09 1.79458e-07 3.07364e-06 2.68798e-05 0.000131875 0.000387553 0.000697111 0.000791271 0.000622376 0.00038061 0.000194264 8.30498e-05 2.73288e-05 4.96921e-06 0 
0 0.000151997 3.37859e-05 7.3753e-07 2.37686e-09 1.58208e-12 3.28981e-16 5.17469e-20 3.28687e-22 1.56889e-23 1.68873e-24 2.59893e-25 4.74474e-26 9.91574e-27 2.76711e-27 1.64896e-27 3.19295e-27 1.36994e-26 8.53985e-26 8.25759e-25 1.86481e-23 2.16732e-21 1.85447e-18 1.32255e-15 4.86589e-13 8.31005e-11 6.31127e-09 2.15515e-07 3.49482e-06 2.92987e-05 0.000139179 0.000398764 0.000702889 0.000786479 0.000613639 0.000373908 0.000190581 8.14377e-05 2.67945e-05 4.87186e-06 0 
0 0.000159753 4.01054e-05 1.05777e-06 4.41058e-09 4.0319e-12 1.20437e-15 2.05731e-19 6.07973e-22 1.8432e-23 1.55524e-24 2.12483e-25 3.76214e-26 8.96991e-27 3.77275e-27 3.19294e-27 5.33554e-27 1.87895e-26 1.18782e-25 1.40355e-24 4.9224e-23 1.05005e-20 8.35081e-18 4.51422e-15 1.29249e-12 1.77204e-10 1.11658e-08 3.26917e-07 4.68982e-06 3.57688e-05 0.000158049 0.000427454 0.000718988 0.000777893 0.000595391 0.00035961 0.000182669 7.79646e-05 2.56421e-05 4.6618e-06 0 
0 0.000171555 5.15277e-05 1.79362e-06 1.09111e-08 1.58819e-11 8.06601e-15 2.24687e-18 2.01338e-21 2.58068e-23 1.4748e-24 1.78999e-25 3.89332e-26 1.7261e-26 1.33474e-26 1.36994e-26 1.87894e-26 4.71914e-26 2.82871e-25 4.67605e-24 3.31292e-22 1.37366e-19 7.61137e-17 2.7361e-14 5.41845e-12 5.37749e-10 2.57437e-08 6.01095e-07 7.20186e-06 4.78014e-05 0.000189812 0.0004712 0.00073955 0.00076202 0.000567482 0.000338523 0.000171135 7.29211e-05 2.39707e-05 4.35723e-06 0 
0 0.000186537 7.01593e-05 3.45143e-06 3.36055e-08 8.73136e-11 8.58709e-14 4.82874e-17 2.7702e-20 1.14496e-22 3.25186e-24 3.69491e-25 1.29474e-25 8.68879e-26 7.81851e-26 8.53983e-26 1.18782e-25 2.82871e-25 1.88561e-24 5.76004e-23 9.69395e-21 3.68011e-18 1.19108e-15 2.57234e-13 3.21249e-11 2.12724e-09 7.21747e-08 1.26926e-06 1.21397e-05 6.77185e-05 0.000235106 0.000523969 0.000755081 0.000734179 0.000529807 0.000311674 0.000156729 6.66622e-05 2.19007e-05 3.98028e-06 0 
0 0.000203266 9.8902e-05 7.20663e-06 1.19576e-07 5.99252e-10 1.24671e-12 1.56249e-15 1.77765e-18 3.38704e-21 4.09494e-23 3.54528e-24 1.22337e-24 7.73215e-25 6.90599e-25 8.25758e-25 1.40354e-24 4.67605e-24 5.76004e-23 3.89579e-21 7.32659e-19 1.53505e-16 2.6731e-14 3.2303e-12 2.38161e-10 9.91518e-09 2.26434e-07 2.87446e-06 2.12364e-05 9.71409e-05 0.000289463 0.000571726 0.000751897 0.000689436 0.000482686 0.000280313 0.00014029 5.95755e-05 1.9563e-05 3.55491e-06 0 
0 0.000219605 0.000140961 1.56138e-05 4.56185e-07 4.59249e-09 2.11776e-11 6.21673e-14 1.66523e-16 5.88247e-19 4.33192e-21 1.66496e-22 3.2605e-23 1.54559e-23 1.3182e-23 1.86481e-23 4.92239e-23 3.31292e-22 9.69395e-21 7.32659e-19 7.52613e-17 7.98888e-15 7.1734e-13 4.64566e-11 1.93536e-09 4.84871e-08 7.15205e-07 6.33318e-06 3.53061e-05 0.000130829 0.000333628 0.000587093 0.000712747 0.000623722 0.000427107 0.000245872 0.000122683 5.20506e-05 1.70876e-05 3.10488e-06 0 
0 0.000232778 0.000198569 3.36814e-05 1.74168e-06 3.54453e-08 3.65168e-10 2.53263e-12 1.61332e-14 1.2939e-16 1.75803e-18 5.3374e-20 4.89435e-21 1.49795e-21 1.18693e-21 2.16732e-21 1.05005e-20 1.37366e-19 3.68011e-18 1.53505e-16 7.98888e-15 4.24721e-13 1.9364e-11 6.56522e-10 1.49143e-08 2.14011e-07 1.9263e-06 1.13441e-05 4.67411e-05 0.000142028 0.000321595 0.000528953 0.00062019 0.000534949 0.000364775 0.000209871 0.000104746 4.44514e-05 1.45948e-05 2.65208e-06 0 
0 0.000239736 0.000270766 6.98049e-05 6.27506e-06 2.52183e-07 5.65645e-09 9.02254e-11 1.33039e-12 2.36601e-14 6.51456e-16 3.44107e-17 4.10781e-18 1.22818e-18 9.51644e-19 1.85447e-18 8.35081e-18 7.61137e-17 1.19108e-15 2.6731e-14 7.1734e-13 1.9364e-11 4.49338e-10 7.81038e-09 9.10123e-08 6.68001e-07 3.161e-06 1.09078e-05 3.21453e-05 8.70614e-05 0.000204008 0.000366355 0.000465968 0.000424449 0.000298077 0.000173827 8.72323e-05 3.70942e-05 1.21878e-05 2.21521e-06 0 
0 0.000237841 0.000350824 0.000134994 2.03787e-05 1.5432e-06 7.14712e-08 2.48015e-09 8.00887e-11 2.99692e-12 1.5967e-13 1.44541e-14 2.5439e-15 9.46744e-16 7.67337e-16 1.32255e-15 4.51422e-15 2.7361e-14 2.57234e-13 3.2303e-12 4.64566e-11 6.56522e-10 7.81038e-09 6.63577e-08 3.39649e-07 9.33875e-07 1.50048e-06 2.0694e-06 4.00839e-06 1.28747e-05 5.00995e-05 0.00014997 0.000271439 0.000299978 0.000230304 0.000139217 7.07852e-05 3.02343e-05 9.94809e-06 1.80894e-06 0 
0 0.000225691 0.000425029 0.000237925 5.77497e-05 7.74122e-06 6.88403e-07 4.81342e-08 3.15409e-09 2.31133e-10 2.23607e-11 3.29345e-12 8.23305e-13 3.73812e-13 3.15704e-13 4.86589e-13 1.29249e-12 5.41845e-12 3.21249e-11 2.38161e-10 1.93536e-09 1.49143e-08 9.10123e-08 3.39649e-07 5.4155e-07 2.68725e-07 4.94406e-08 1.00499e-08 1.0079e-08 7.99112e-08 1.69039e-06 2.27947e-05 0.000103957 0.00017992 0.000166205 0.000107512 5.59235e-05 2.40594e-05 7.93375e-06 1.4436e-06 0 
0 0.000203754 0.000475213 0.00037466 0.000139779 3.09715e-05 4.86253e-06 6.26125e-07 7.61189e-08 1.00419e-08 1.63793e-09 3.69538e-10 1.25635e-10 6.79035e-11 5.94585e-11 8.31005e-11 1.77204e-10 5.37749e-10 2.12724e-09 9.91518e-09 4.84871e-08 2.14011e-07 6.68001e-07 9.33875e-07 2.68725e-07 6.92087e-09 2.04294e-11 8.81145e-14 2.56677e-14 2.26079e-12 2.2429e-09 7.76036e-07 2.2686e-05 8.91452e-05 0.000111835 8.01328e-05 4.30293e-05 1.86879e-05 6.17929e-06 1.12523e-06 0 
0 0.000174454 0.000485884 0.000518008 0.000284497 9.77107e-05 2.48721e-05 5.36291e-06 1.09907e-06 2.38536e-07 6.05978e-08 1.96377e-08 8.67016e-09 5.43447e-09 4.90724e-09 6.31127e-09 1.11658e-08 2.57437e-08 7.21747e-08 2.26434e-07 7.15205e-07 1.9263e-06 3.161e-06 1.50048e-06 4.94406e-08 2.04294e-11 2.56449e-16 2.66335e-15 1.63652e-15 2.66617e-15 1.50433e-13 7.29747e-09 3.22888e-06 3.90134e-05 7.20239e-05 5.8134e-05 3.23115e-05 1.41691e-05 4.69757e-06 8.56032e-07 0 
0 0.00014153 0.000452572 0.000620388 0.000479565 0.000241991 9.26545e-05 3.05645e-05 9.60665e-06 3.13456e-06 1.14541e-06 4.99866e-07 2.73635e-07 1.9377e-07 1.79458e-07 2.15515e-07 3.26917e-07 6.01095e-07 1.26926e-06 2.87446e-06 6.33318e-06 1.13441e-05 1.09078e-05 2.0694e-06 1.00499e-08 8.81145e-14 2.66335e-15 4.69644e-16 2.59415e-16 2.48589e-16 2.20745e-15 1.08162e-10 5.75184e-07 1.85795e-05 4.71502e-05 4.1704e-05 2.37607e-05 1.04877e-05 3.48296e-06 6.34975e-07 0 
0 0.000108925 0.000384874 0.000640321 0.000659691 0.000466701 0.000253847 0.000118966 5.27478e-05 2.38106e-05 1.16122e-05 6.41898e-06 4.16883e-06 3.25285e-06 3.07364e-06 3.49482e-06 4.68982e-06 7.20186e-06 1.21397e-05 2.12364e-05 3.53061e-05 4.67411e-05 3.21453e-05 4.00839e-06 1.0079e-08 2.56677e-14 1.63652e-15 2.59415e-16 2.63487e-16 1.31681e-15 3.43477e-14 3.04868e-11 3.03072e-07 1.23386e-05 3.34388e-05 3.00231e-05 1.7154e-05 7.5747e-06 2.51563e-06 4.58616e-07 0 
0 7.97326e-05 0.000301086 0.000573684 0.000736727 0.000692152 0.000511014 0.00032303 0.000189845 0.000110893 6.77463e-05 4.49676e-05 3.33192e-05 2.80141e-05 2.68798e-05 2.92987e-05 3.57688e-05 4.78014e-05 6.77185e-05 9.71409e-05 0.000130829 0.000142028 8.70614e-05 1.28747e-05 7.99112e-08 2.26079e-12 2.66617e-15 2.48589e-16 1.31681e-15 1.92128e-16 5.37538e-16 3.55292e-10 6.08381e-07 1.22234e-05 2.60635e-05 2.17262e-05 1.21447e-05 5.32916e-06 1.76672e-06 3.21926e-07 0 
0 5.56654e-05 0.000218913 0.000454409 0.000677879 0.000788629 0.000749209 0.000612756 0.000458208 0.000331422 0.000242645 0.000185937 0.000152562 0.000135836 0.000131875 0.000139179 0.000158049 0.000189812 0.000235106 0.000289463 0.000333628 0.000321595 0.000204008 5.00995e-05 1.69039e-06 2.2429e-09 1.50433e-13 2.20745e-15 3.43477e-14 5.37538e-16 8.0246e-12 2.55424e-08 2.44343e-06 1.49696e-05 2.12058e-05 1.55695e-05 8.38471e-06 3.64032e-06 1.20323e-06 2.19066e-07 0 
0 3.71302e-05 0.000149382 0.000325567 0.000531184 0.000710065 0.000808882 0.000810821 0.000741754 0.000643887 0.000549668 0.000474869 0.000423701 0.000395285 0.000387553 0.000398764 0.000427454 0.0004712 0.000523969 0.000571726 0.000587093 0.000528953 0.000366355 0.00014997 2.27947e-05 7.76036e-07 7.29747e-09 1.08162e-10 3.04868e-11 3.55292e-10 2.55424e-08 1.01894e-06 8.24472e-06 1.73599e-05 1.66938e-05 1.08049e-05 5.59886e-06 2.40334e-06 7.91772e-07 1.44019e-07 0 
0 2.36519e-05 9.62808e-05 0.000215182 0.000368125 0.000531789 0.000676075 0.000775578 0.000821052 0.000821125 0.000794064 0.000758003 0.000725823 0.000704626 0.000697111 0.000702889 0.000718988 0.00073955 0.000755081 0.000751897 0.000712747 0.00062019 0.000465968 0.000271439 0.000103957 2.2686e-05 3.22888e-06 5.75184e-07 3.03072e-07 6.08381e-07 2.44343e-06 8.24472e-06 1.53583e-05 1.63837e-05 1.20846e-05 7.13078e-06 3.58567e-06 1.52488e-06 5.00953e-07 9.10446e-08 0 
0 1.43367e-05 5.869e-05 0.000132737 0.000232255 0.000348464 0.000468626 0.00057872 0.000667575 0.000730148 0.000767944 0.000786743 0.000793475 0.000793861 0.000791271 0.000786479 0.000777893 0.00076202 0.000734179 0.000689436 0.000623722 0.000534949 0.000424449 0.000299978 0.00017992 8.91452e-05 3.90134e-05 1.85795e-05 1.23386e-05 1.22234e-05 1.49696e-05 1.73599e-05 1.63837e-05 1.24241e-05 7.92824e-06 4.42897e-06 2.18491e-06 9.23322e-07 3.02721e-07 5.49831e-08 0 
0 8.20559e-06 3.36756e-05 7.65601e-05 0.000135277 0.00020635 0.000284564 0.000363619 0.000437268 0.00050057 0.000550687 0.00058691 0.000610022 0.00062142 0.000622376 0.000613639 0.000595391 0.000567482 0.000529807 0.000482686 0.000427107 0.000364775 0.000298077 0.000230304 0.000166205 0.000111835 7.20239e-05 4.71502e-05 3.34388e-05 2.60635e-05 2.12058e-05 1.66938e-05 1.20846e-05 7.92824e-06 4.7308e-06 2.57081e-06 1.25511e-06 5.28445e-07 1.73041e-07 3.14166e-08 0 
0 4.37319e-06 1.79665e-05 4.09332e-05 7.26116e-05 0.000111497 0.000155319 0.000201251 0.000246251 0.000287468 0.000322591 0.000350039 0.000368961 0.000379101 0.00038061 0.000373908 0.00035961 0.000338523 0.000311674 0.000280313 0.000245872 0.000209871 0.000173827 0.000139217 0.000107512 8.01328e-05 5.8134e-05 4.1704e-05 3.00231e-05 2.17262e-05 1.55695e-05 1.08049e-05 7.13078e-06 4.42897e-06 2.57081e-06 1.37992e-06 6.70322e-07 2.81693e-07 9.21784e-08 1.67316e-08 0 
0 2.11744e-06 8.70279e-06 1.9844e-05 3.52541e-05 5.42678e-05 7.58805e-05 9.883e-05 0.000121717 0.000143146 0.000161866 0.000176873 0.000187474 0.000193294 0.000194264 0.000190581 0.000182669 0.000171135 0.000156729 0.00014029 0.000122683 0.000104746 8.72323e-05 7.07852e-05 5.59235e-05 4.30293e-05 3.23115e-05 2.37607e-05 1.7154e-05 1.21447e-05 8.38471e-06 5.59886e-06 3.58567e-06 2.18491e-06 1.25511e-06 6.70322e-07 3.24907e-07 1.36416e-07 4.46242e-08 8.09888e-09 0 
0 8.88593e-07 3.65275e-06 8.33154e-06 1.48094e-05 2.28167e-05 3.19455e-05 4.16819e-05 5.14502e-05 6.06643e-05 6.87807e-05 7.53431e-05 8.0016e-05 8.26028e-05 8.30498e-05 8.14377e-05 7.79646e-05 7.29211e-05 6.66622e-05 5.95755e-05 5.20506e-05 4.44514e-05 3.70942e-05 3.02343e-05 2.40594e-05 1.86879e-05 1.41691e-05 1.04877e-05 7.5747e-06 5.32916e-06 3.64032e-06 2.40334e-06 1.52488e-06 9.23322e-07 5.28445e-07 2.81693e-07 1.36416e-07 5.72538e-08 1.87258e-08 3.39836e-09 0 
0 2.90614e-07 1.1947e-06 2.72528e-06 4.84514e-06 7.46705e-06 1.04592e-05 1.36551e-05 1.68676e-05 1.99052e-05 2.2588e-05 2.47631e-05 2.63161e-05 2.7178e-05 2.73288e-05 2.67945e-05 2.56421e-05 2.39707e-05 2.19007e-05 1.9563e-05 1.70876e-05 1.45948e-05 1.21878e-05 9.94809e-06 7.93375e-06 6.17929e-06 4.69757e-06 3.48296e-06 2.51563e-06 1.76672e-06 1.20323e-06 7.91772e-07 5.00953e-07 3.02721e-07 1.73041e-07 9.21784e-08 4.46242e-08 1.87258e-08 6.12419e-09 1.11139e-09 0 
0 5.27391e-08 2.16813e-07 4.946e-07 8.79379e-07 1.35538e-06 1.89877e-06 2.47942e-06 3.06346e-06 3.61609e-06 4.10459e-06 4.50099e-06 4.78423e-06 4.94158e-06 4.96921e-06 4.87186e-06 4.6618e-06 4.35723e-06 3.98028e-06 3.55491e-06 3.10488e-06 2.65208e-06 2.21521e-06 1.80894e-06 1.4436e-06 1.12523e-06 8.56032e-07 6.34975e-07 4.58616e-07 3.21926e-07 2.19066e-07 1.44019e-07 9.10446e-08 5.49831e-08 3.14166e-08 1.67316e-08 8.09888e-09 3.39836e-09 1.11139e-09 2.01686e-10 0 
0 0 0 0 0 0 0 0 0 0 0 0 0 0 0 0 0 0 0 0 0 0 0 0 0 0 0 0 0 0 0 0 0 0 0 0 0 0 0 0 0 
