0 0 0 0 0 0 0 0 0 0 0 0 0 0 0 0 0 0 0 0 0 0 0 0 0 0 0 0 0 0 0 0 0 0 0 0 0 0 0 0 0 
0 1.33196e-05 5.2497e-05 0.000110846 0.000174109 0.000225478 0.000254209 0.000259832 0.000249086 0.000230397 0.000210405 0.000193133 0.000180525 0.000173271 0.000171435 0.000174806 0.000182993 0.000195357 0.00021083 0.00022772 0.000243603 0.000255452 0.000260093 0.000254972 0.000239015 0.000213207 0.0001805 0.000144984 0.000110679 8.05228e-05 5.59818e-05 3.72431e-05 2.36879e-05 1.4347e-05 8.20821e-06 4.37378e-06 2.11756e-06 8.88612e-07 2.90616e-07 5.27393e-08 0 
0 5.2497e-05 0.000194864 0.00036601 0.000474537 0.000470895 0.000385119 0.000278023 0.000188245 0.000125736 8.63175e-05 6.29049e-05 4.98355e-05 4.35649e-05 4.22722e-05 4.54101e-05 5.34581e-05 6.78601e-05 9.10176e-05 0.000126106 0.000176359 0.00024344 0.000324861 0.000411348 0.000486339 0.000530124 0.000528486 0.000480796 0.000400749 0.000308687 0.000222041 0.000150501 9.66327e-05 5.8788e-05 3.36999e-05 1.79718e-05 8.7038e-06 3.65292e-06 1.19472e-06 2.16814e-07 0 
0 0.000110846 0.00036601 0.000547391 0.000496894 0.000311687 0.000152311 6.44699e-05 2.58138e-05 1.05427e-05 4.69023e-06 2.4015e-06 1.47561e-06 1.11713e-06 1.05234e-06 1.22589e-06 1.73037e-06 2.86732e-06 5.36308e-06 1.08468e-05 2.27238e-05 4.73847e-05 9.49806e-05 0.000177722 0.000302864 0.000460113 0.00061191 0.000703792 0.000699039 0.000606448 0.000469156 0.000331067 0.000216928 0.000133219 7.66767e-05 4.0958e-05 1.98486e-05 8.33224e-06 2.72536e-06 4.94605e-07 0 
0 0.000174109 0.000474537 0.000496894 0.000270956 9.26164e-05 2.32905e-05 4.91692e-06 9.81078e-07 2.07018e-07 5.12394e-08 1.62556e-08 7.07313e-09 4.40434e-09 3.98573e-09 5.18476e-09 9.36733e-09 2.22932e-08 6.54552e-08 2.20706e-07 7.95639e-07 2.87074e-06 9.79903e-06 3.02715e-05 8.19386e-05 0.000189856 0.000369399 0.000592461 0.000772278 0.000818807 0.000722026 0.000549392 0.000374169 0.000233939 0.000135681 7.2696e-05 3.52693e-05 1.48117e-05 4.8454e-06 8.79395e-07 0 
0 0.000225478 0.000470895 0.000311687 9.26164e-05 1.55343e-05 1.76301e-06 1.59359e-07 1.35099e-08 1.26382e-09 1.51881e-10 2.67164e-11 7.59912e-12 3.71975e-12 3.20391e-12 4.77449e-12 1.16908e-11 4.34575e-11 2.22383e-10 1.40768e-09 9.90431e-09 7.01612e-08 4.59788e-07 2.6088e-06 1.22382e-05 4.61843e-05 0.000138228 0.000324712 0.000590325 0.000820373 0.000878675 0.000754096 0.000547786 0.000353087 0.000207466 0.000111728 5.43087e-05 2.28227e-05 7.46772e-06 1.35542e-06 0 
0 0.000254209 0.000385119 0.000152311 2.32905e-05 1.76301e-06 8.10116e-08 2.77932e-09 8.86162e-11 3.2748e-12 1.72552e-13 1.54872e-14 2.71206e-15 1.00868e-15 8.21104e-16 1.4288e-15 4.94891e-15 3.05936e-14 2.95042e-13 3.83176e-12 5.78473e-11 8.85784e-10 1.22367e-08 1.39071e-07 1.21907e-06 7.94328e-06 3.79668e-05 0.000133273 0.000343922 0.000646708 0.00088044 0.000889705 0.00070975 0.000479023 0.000287133 0.000155851 7.59737e-05 3.1959e-05 1.04606e-05 1.89886e-06 0 
0 0.000259832 0.000278023 6.44699e-05 4.91692e-06 1.59359e-07 2.77932e-09 3.3774e-11 3.78035e-13 5.17193e-15 1.12797e-16 4.93599e-18 5.26872e-19 1.56196e-19 1.22466e-19 2.36786e-19 1.13449e-18 1.19796e-17 2.27496e-16 6.37256e-15 2.17707e-13 7.60697e-12 2.3362e-10 5.59352e-09 9.59277e-08 1.12177e-06 8.79635e-06 4.66363e-05 0.000170309 0.000432408 0.000758966 0.000927932 0.000833625 0.000598389 0.000368674 0.000202308 9.90145e-05 4.17084e-05 1.36579e-05 2.47959e-06 0 
0 0.000249086 0.000188245 2.58138e-05 9.81078e-07 1.35099e-08 8.86162e-11 3.78035e-13 1.47295e-15 7.40309e-18 6.97831e-20 2.99417e-21 7.46414e-22 3.91596e-22 3.38792e-22 4.64539e-22 1.05265e-21 5.98342e-21 1.60659e-19 9.59659e-18 7.46608e-16 5.99183e-14 4.11843e-12 2.0919e-10 7.07008e-09 1.49435e-07 1.93207e-06 1.54526e-05 7.89263e-05 0.000265495 0.000593686 0.000882573 0.000905536 0.000699585 0.000445941 0.000248098 0.00012204 5.14962e-05 1.68725e-05 3.06375e-06 0 
0 0.000230397 0.000125736 1.05427e-05 2.07018e-07 1.26382e-09 3.2748e-12 5.17193e-15 7.40309e-18 1.56198e-20 1.93055e-22 2.26329e-23 1.10777e-23 8.61112e-24 7.98341e-24 8.65347e-24 1.1494e-23 3.08369e-23 3.12075e-22 2.02326e-20 3.31917e-18 5.86354e-16 8.65791e-14 8.98245e-12 5.78547e-10 2.14835e-08 4.47384e-07 5.28823e-06 3.69531e-05 0.000160305 0.000444728 0.000792529 0.000928594 0.000775981 0.000513759 0.000290345 0.000143652 6.07363e-05 1.99128e-05 3.61653e-06 0 
0 0.000210405 8.63175e-05 4.69023e-06 5.12394e-08 1.51881e-10 1.72552e-13 1.12797e-16 6.97831e-20 1.93055e-22 4.53132e-24 8.40433e-25 5.70382e-25 5.41909e-25 5.22629e-25 4.98916e-25 4.99307e-25 8.04043e-25 4.03787e-24 1.35545e-22 2.7174e-20 9.48139e-18 2.75993e-15 5.39806e-13 6.1652e-11 3.77874e-09 1.20305e-07 2.01401e-06 1.85717e-05 0.000100393 0.000334037 0.000694894 0.000917852 0.000827001 0.000568741 0.000326635 0.000162583 6.88826e-05 2.25988e-05 4.10521e-06 0 
0 0.000193133 6.29049e-05 2.4015e-06 1.62556e-08 2.67164e-11 1.54872e-14 4.93599e-18 2.99417e-21 2.26329e-23 8.40435e-25 1.07831e-25 5.76944e-26 5.67346e-26 5.55227e-26 4.9607e-26 4.32636e-26 5.73399e-26 2.64898e-25 6.16759e-24 6.75442e-22 3.24678e-19 1.63996e-16 5.38206e-14 9.8124e-12 9.05729e-10 4.08086e-08 9.08487e-07 1.05087e-05 6.78421e-05 0.000260504 0.000611989 0.000891309 0.000856681 0.000609475 0.00035522 0.0001778 7.5475e-05 2.4777e-05 4.50178e-06 0 
0 0.000180525 4.98355e-05 1.47561e-06 7.07313e-09 7.59912e-12 2.71206e-15 5.26872e-19 7.46414e-22 1.10777e-23 5.70384e-25 5.76946e-26 1.26231e-26 8.12951e-27 7.4337e-27 6.39041e-27 5.58741e-27 1.00443e-26 6.84289e-26 1.28019e-24 8.12554e-23 2.89781e-20 2.12632e-17 1.01366e-14 2.58974e-12 3.21239e-10 1.86007e-08 5.08871e-07 6.93423e-06 5.08513e-05 0.00021606 0.000552751 0.000863506 0.000870977 0.000636089 0.000375067 0.000188575 8.01729e-05 2.63326e-05 4.78516e-06 0 
0 0.000173271 4.35649e-05 1.11713e-06 4.40434e-09 3.71975e-12 1.00868e-15 1.56196e-19 3.91596e-22 8.61114e-24 5.41911e-25 5.67349e-26 8.12954e-27 2.0833e-27 1.22448e-27 9.97167e-28 1.22082e-27 4.68891e-27 4.06822e-26 6.65529e-25 3.10843e-23 7.6419e-21 6.63812e-18 3.91067e-15 1.20995e-12 1.77503e-10 1.18522e-08 3.64554e-07 5.45253e-06 4.29791e-05 0.000193294 0.000518699 0.000843431 0.00087531 0.000649524 0.000385769 0.000194503 8.27754e-05 2.71962e-05 4.94261e-06 0 
0 0.000171435 4.22722e-05 1.05234e-06 3.98573e-09 3.20391e-12 8.21104e-16 1.22466e-19 3.38792e-22 7.98343e-24 5.22631e-25 5.5523e-26 7.43373e-27 1.22449e-27 3.3963e-28 2.47779e-28 6.38415e-28 3.91539e-27 3.60173e-26 5.75309e-25 2.53723e-23 5.78082e-21 5.16512e-18 3.18006e-15 1.02409e-12 1.55619e-10 1.07068e-08 3.37536e-07 5.14797e-06 4.11953e-05 0.00018751 0.000508555 0.000835015 0.000873127 0.000650842 0.000387395 0.000195497 8.32261e-05 2.73474e-05 4.97027e-06 0 
0 0.000174806 4.54101e-05 1.22589e-06 5.18476e-09 4.77449e-12 1.4288e-15 2.36786e-19 4.64539e-22 8.65349e-24 4.98917e-25 4.96072e-26 6.39044e-27 9.9717e-28 2.47779e-28 2.07478e-28 6.78506e-28 4.3833e-27 4.25421e-26 7.5851e-25 4.05876e-23 1.17963e-20 9.743e-18 5.32841e-15 1.54195e-12 2.13395e-10 1.35621e-08 4.00535e-07 5.79936e-06 4.45757e-05 0.000196678 0.000520377 0.000838178 0.000865404 0.000640828 0.000380364 0.000191754 8.16055e-05 2.68122e-05 4.87286e-06 0 
0 0.000182993 5.34581e-05 1.73037e-06 9.36733e-09 1.16908e-11 4.94891e-15 1.13449e-18 1.05265e-21 1.1494e-23 4.99308e-25 4.32638e-26 5.58743e-27 1.22082e-27 6.38413e-28 6.78503e-28 1.44891e-27 7.34537e-27 7.62292e-26 1.76988e-24 1.44359e-22 6.31811e-20 4.10115e-17 1.71826e-14 3.90902e-12 4.38232e-10 2.32908e-08 5.93786e-07 7.64799e-06 5.36894e-05 0.000220757 0.000551706 0.000849415 0.000850799 0.000619906 0.000365369 0.000183712 7.81138e-05 2.56579e-05 4.6627e-06 0 
0 0.000195357 6.78601e-05 2.86732e-06 2.22932e-08 4.34575e-11 3.05936e-14 1.19796e-17 5.98342e-21 3.0837e-23 8.04045e-25 5.734e-26 1.00442e-26 4.68889e-27 3.91537e-27 4.38328e-27 7.34535e-27 2.69517e-26 2.93223e-25 1.06828e-23 1.66e-21 7.85803e-19 3.39207e-16 9.60313e-14 1.53304e-11 1.26016e-09 5.14592e-08 1.05638e-06 1.14528e-05 7.03414e-05 0.000260526 0.000598167 0.000861777 0.000826218 0.000588331 0.000343347 0.000172005 7.30457e-05 2.39839e-05 4.35799e-06 0 
0 0.00021083 9.10176e-05 5.36308e-06 6.54552e-08 2.22383e-10 2.95042e-13 2.27496e-16 1.60659e-19 3.12075e-22 4.03787e-24 2.64898e-25 6.84288e-26 4.06821e-26 3.60171e-26 4.2542e-26 7.6229e-26 2.93223e-25 4.02094e-24 2.54765e-22 5.95842e-20 1.84126e-17 4.7095e-15 8.16712e-13 8.36719e-11 4.66104e-09 1.36746e-07 2.13898e-06 1.8684e-05 9.70302e-05 0.000315048 0.000650563 0.000864649 0.000787667 0.00054651 0.000315477 0.000157412 6.67602e-05 2.19112e-05 3.98088e-06 0 
0 0.00022772 0.000126106 1.08468e-05 2.20706e-07 1.40768e-09 3.83176e-12 6.37256e-15 9.59659e-18 2.02326e-20 1.35545e-22 6.16759e-24 1.28019e-24 6.65528e-25 5.75307e-25 7.58509e-25 1.76988e-24 1.06828e-23 2.54765e-22 2.43538e-20 3.89529e-18 6.55554e-16 9.23244e-14 9.15213e-12 5.64322e-10 2.01061e-08 4.03003e-07 4.6078e-06 3.13925e-05 0.000134508 0.00037604 0.000690757 0.000844001 0.000731293 0.0004953 0.000283149 0.000140798 5.96487e-05 1.95708e-05 3.55536e-06 0 
0 0.000243603 0.000176359 2.27238e-05 7.95639e-07 9.90431e-09 5.78473e-11 2.17707e-13 7.46608e-16 3.31917e-18 2.7174e-20 6.75442e-22 8.12553e-23 3.10842e-23 2.53723e-23 4.05876e-23 1.44359e-22 1.66e-21 5.95842e-20 3.89529e-18 3.30087e-16 2.88448e-14 2.14534e-12 1.16511e-10 4.14116e-09 9.03729e-08 1.18797e-06 9.59348e-06 4.97705e-05 0.000173751 0.000417543 0.000688012 0.000783854 0.00065439 0.000436151 0.000247895 0.000123047 5.21034e-05 1.70933e-05 3.10521e-06 0 
0 0.000255452 0.00024344 4.73847e-05 2.87074e-06 7.01612e-08 8.85784e-10 7.60697e-12 5.99183e-14 5.86354e-16 9.48139e-18 3.24678e-19 2.89781e-20 7.6419e-21 5.78082e-21 1.17963e-20 6.3181e-20 7.85803e-19 1.84126e-17 6.55554e-16 2.88448e-14 1.29411e-12 5.00338e-11 1.45395e-09 2.87484e-08 3.65864e-07 2.98094e-06 1.6208e-05 6.2664e-05 0.000180351 0.000387128 0.000601907 0.000669818 0.000556173 0.00037106 0.000211289 0.000105003 4.4489e-05 1.45989e-05 2.65232e-06 0 
0 0.000260093 0.000324861 9.49806e-05 9.79903e-06 4.59788e-07 1.22367e-08 2.3362e-10 4.11843e-12 8.65791e-14 2.75993e-15 1.63996e-16 2.12632e-17 6.63812e-18 5.16512e-18 9.743e-18 4.10115e-17 3.39207e-16 4.7095e-15 9.23244e-14 2.14534e-12 5.00338e-11 1.00697e-09 1.53268e-08 1.58716e-07 1.05465e-06 4.60663e-06 1.49089e-05 4.16065e-05 0.000107133 0.000238862 0.000408406 0.000497226 0.000438747 0.000302489 0.000174845 8.74194e-05 3.71217e-05 1.21908e-05 2.21539e-06 0 
0 0.000254972 0.000411348 0.000177722 3.02715e-05 2.6088e-06 1.39071e-07 5.59352e-09 2.0919e-10 8.98245e-12 5.39806e-13 5.38206e-14 1.01366e-14 3.91067e-15 3.18006e-15 5.32841e-15 1.71826e-14 9.60313e-14 8.16712e-13 9.15213e-12 1.16511e-10 1.45395e-09 1.53268e-08 1.16574e-07 5.43869e-07 1.39675e-06 2.14676e-06 2.86463e-06 5.33036e-06 1.61936e-05 5.91847e-05 0.000167288 0.000289259 0.000309777 0.000233595 0.000140001 7.09305e-05 3.02557e-05 9.95042e-06 1.80908e-06 0 
0 0.000239015 0.000486339 0.000302864 8.19386e-05 1.22382e-05 1.21907e-06 9.59277e-08 7.07008e-09 5.78547e-10 6.1652e-11 9.8124e-12 2.58974e-12 1.20995e-12 1.02409e-12 1.54195e-12 3.90902e-12 1.53304e-11 8.36719e-11 5.64322e-10 4.14116e-09 2.87484e-08 1.58716e-07 5.43869e-07 8.20784e-07 4.03403e-07 7.66879e-08 1.6183e-08 1.60015e-08 1.16194e-07 2.17905e-06 2.64644e-05 0.000112478 0.000186771 0.000168858 0.000108168 5.60449e-05 2.40771e-05 7.93565e-06 1.4437e-06 0 
0 0.000213207 0.000530124 0.000460113 0.000189856 4.61843e-05 7.94328e-06 1.12177e-06 1.49435e-07 2.14835e-08 3.77874e-09 9.05729e-10 3.21239e-10 1.77503e-10 1.55619e-10 2.13395e-10 4.38232e-10 1.26016e-09 4.66104e-09 2.01061e-08 9.03729e-08 3.65864e-07 1.05465e-06 1.39675e-06 4.03403e-07 1.14266e-08 4.03478e-11 2.14939e-13 6.69584e-14 4.63213e-12 3.56199e-09 9.93677e-07 2.54669e-05 9.36686e-05 0.000114037 8.07047e-05 4.31343e-05 1.87028e-05 6.18086e-06 1.12532e-06 0 
0 0.0001805 0.000528486 0.00061191 0.000369399 0.000138228 3.79668e-05 8.79635e-06 1.93207e-06 4.47384e-07 1.20305e-07 4.08086e-08 1.86007e-08 1.18522e-08 1.07068e-08 1.35621e-08 2.32908e-08 5.14592e-08 1.36746e-07 4.03003e-07 1.18797e-06 2.98094e-06 4.60663e-06 2.14676e-06 7.66879e-08 4.03478e-11 4.25346e-16 2.4194e-15 2.33118e-15 5.89517e-16 3.2809e-13 1.08409e-08 3.82661e-06 4.16822e-05 7.3785e-05 5.86203e-05 3.24002e-05 1.41815e-05 4.69885e-06 8.56103e-07 0 
0 0.000144984 0.000480796 0.000703792 0.000592461 0.000324712 0.000133273 4.66363e-05 1.54526e-05 5.28823e-06 2.01401e-06 9.08487e-07 5.08871e-07 3.64554e-07 3.37536e-07 4.00535e-07 5.93786e-07 1.05638e-06 2.13898e-06 4.6078e-06 9.59348e-06 1.6208e-05 1.49089e-05 2.86463e-06 1.6183e-08 2.14939e-13 2.4194e-15 2.92533e-16 2.1564e-16 4.86708e-17 1.86006e-16 1.84597e-10 7.15398e-07 2.01279e-05 4.84723e-05 4.20867e-05 2.383e-05 1.04972e-05 3.48392e-06 6.35028e-07 0 
0 0.000110679 0.000400749 0.000699039 0.000772278 0.000590325 0.000343922 0.000170309 7.89263e-05 3.69531e-05 1.85717e-05 1.05087e-05 6.93423e-06 5.45253e-06 5.14797e-06 5.79936e-06 7.64799e-06 1.14528e-05 1.8684e-05 3.13925e-05 4.97705e-05 6.2664e-05 4.16065e-05 5.33036e-06 1.60015e-08 6.69584e-14 2.33118e-15 2.1564e-16 6.76539e-17 1.74989e-16 6.16716e-15 5.38873e-11 3.80849e-07 1.33938e-05 3.43772e-05 3.02931e-05 1.72023e-05 7.58125e-06 2.51629e-06 4.58652e-07 0 
0 8.05228e-05 0.000308687 0.000606448 0.000818807 0.000820373 0.000646708 0.000432408 0.000265495 0.000160305 0.000100393 6.78421e-05 5.08513e-05 4.29791e-05 4.11953e-05 4.45757e-05 5.36894e-05 7.03414e-05 9.70302e-05 0.000134508 0.000173751 0.000180351 0.000107133 1.61936e-05 1.16194e-07 4.63213e-12 5.89517e-16 4.86709e-17 1.74989e-16 7.93178e-17 1.37729e-15 5.6575e-10 7.36221e-07 1.31027e-05 2.66857e-05 2.18933e-05 1.21741e-05 5.33313e-06 1.76712e-06 3.21948e-07 0 
0 5.59818e-05 0.000222041 0.000469156 0.000722026 0.000878675 0.00088044 0.000758966 0.000593686 0.000444728 0.000334037 0.000260504 0.00021606 0.000193294 0.00018751 0.000196678 0.000220757 0.000260526 0.000315048 0.00037604 0.000417543 0.000387128 0.000238862 5.91847e-05 2.17905e-06 3.56199e-09 3.2809e-13 1.86006e-16 6.16716e-15 1.37729e-15 1.45018e-11 3.45133e-08 2.77838e-06 1.57162e-05 2.15709e-05 1.56583e-05 8.40009e-06 3.64242e-06 1.20345e-06 2.19078e-07 0 
0 3.72431e-05 0.000150501 0.000331067 0.000549392 0.000754096 0.000889705 0.000927932 0.000882573 0.000792529 0.000694894 0.000611989 0.000552751 0.000518699 0.000508555 0.000520377 0.000551706 0.000598167 0.000650563 0.000690757 0.000688012 0.000601907 0.000408406 0.000167288 2.64644e-05 9.93677e-07 1.08409e-08 1.84597e-10 5.38873e-11 5.6575e-10 3.45133e-08 1.19492e-06 8.85876e-06 1.78666e-05 1.68717e-05 1.08448e-05 5.60575e-06 2.4043e-06 7.91872e-07 1.44024e-07 0 
0 2.36879e-05 9.66327e-05 0.000216928 0.000374169 0.000547786 0.00070975 0.000833625 0.000905536 0.000928594 0.000917852 0.000891309 0.000863506 0.000843431 0.000835015 0.000838178 0.000849415 0.000861777 0.000864649 0.000844001 0.000783854 0.000669818 0.000497226 0.000289259 0.000112478 2.54669e-05 3.82661e-06 7.15398e-07 3.80849e-07 7.36221e-07 2.77838e-06 8.85876e-06 1.58976e-05 1.66268e-05 1.21544e-05 7.14585e-06 3.58831e-06 1.52526e-06 5.00994e-07 9.1047e-08 0 
0 1.4347e-05 5.8788e-05 0.000133219 0.000233939 0.000353087 0.000479023 0.000598389 0.000699585 0.000775981 0.000827001 0.000856681 0.000870977 0.00087531 0.000873127 0.000865404 0.000850799 0.000826218 0.000787667 0.000731293 0.00065439 0.000556173 0.000438747 0.000309777 0.000186771 9.36686e-05 4.16822e-05 2.01279e-05 1.33938e-05 1.31027e-05 1.57162e-05 1.78666e-05 1.66268e-05 1.25078e-05 7.95045e-06 4.43379e-06 2.18578e-06 9.23453e-07 3.02736e-07 5.4984e-08 0 
0 8.20821e-06 3.36999e-05 7.66767e-05 0.000135681 0.000207466 0.000287133 0.000368674 0.000445941 0.000513759 0.000568741 0.000609475 0.000636089 0.000649524 0.000650842 0.000640828 0.000619906 0.000588331 0.00054651 0.0004953 0.000436151 0.00037106 0.000302489 0.000233595 0.000168858 0.000114037 7.3785e-05 4.84723e-05 3.43772e-05 2.66857e-05 2.15709e-05 1.68717e-05 1.21544e-05 7.95045e-06 4.73667e-06 2.57213e-06 1.25535e-06 5.28484e-07 1.73046e-07 3.14169e-08 0 
0 4.37378e-06 1.79718e-05 4.0958e-05 7.2696e-05 0.000111728 0.000155851 0.000202308 0.000248098 0.000290345 0.000326635 0.00035522 0.000375067 0.000385769 0.000387395 0.000380364 0.000365369 0.000343347 0.000315477 0.000283149 0.000247895 0.000211289 0.000174845 0.000140001 0.000108168 8.07047e-05 5.86203e-05 4.20867e-05 3.02931e-05 2.18933e-05 1.56583e-05 1.08448e-05 7.14585e-06 4.43379e-06 2.57213e-06 1.38022e-06 6.70383e-07 2.81703e-07 9.21796e-08 1.67317e-08 0 
0 2.11756e-06 8.7038e-06 1.98486e-05 3.52693e-05 5.43087e-05 7.59737e-05 9.90145e-05 0.00012204 0.000143652 0.000162583 0.0001778 0.000188575 0.000194503 0.000195497 0.000191754 0.000183712 0.000172005 0.000157412 0.000140798 0.000123047 0.000105003 8.74194e-05 7.09305e-05 5.60449e-05 4.31343e-05 3.24002e-05 2.383e-05 1.72023e-05 1.21741e-05 8.40009e-06 5.60575e-06 3.58831e-06 2.18578e-06 1.25535e-06 6.70383e-07 3.2492e-07 1.36418e-07 4.46245e-08 8.0989e-09 0 
0 8.88612e-07 3.65292e-06 8.33224e-06 1.48117e-05 2.28227e-05 3.1959e-05 4.17084e-05 5.14962e-05 6.07363e-05 6.88826e-05 7.5475e-05 8.01729e-05 8.27754e-05 8.32261e-05 8.16055e-05 7.81138e-05 7.30457e-05 6.67602e-05 5.96487e-05 5.21034e-05 4.4489e-05 3.71217e-05 3.02557e-05 2.40771e-05 1.87028e-05 1.41815e-05 1.04972e-05 7.58125e-06 5.33313e-06 3.64242e-06 2.4043e-06 1.52526e-06 9.23453e-07 5.28484e-07 2.81703e-07 1.36418e-07 5.72542e-08 1.87259e-08 3.39836e-09 0 
0 2.90616e-07 1.19472e-06 2.72536e-06 4.8454e-06 7.46772e-06 1.04606e-05 1.36579e-05 1.68725e-05 1.99128e-05 2.25988e-05 2.4777e-05 2.63326e-05 2.71962e-05 2.73474e-05 2.68122e-05 2.56579e-05 2.39839e-05 2.19112e-05 1.95708e-05 1.70933e-05 1.45989e-05 1.21908e-05 9.95042e-06 7.93565e-06 6.18086e-06 4.69885e-06 3.48392e-06 2.51629e-06 1.76712e-06 1.20345e-06 7.91872e-07 5.00994e-07 3.02736e-07 1.73046e-07 9.21796e-08 4.46245e-08 1.87259e-08 6.1242e-09 1.11139e-09 0 
0 5.27393e-08 2.16814e-07 4.94605e-07 8.79395e-07 1.35542e-06 1.89886e-06 2.47959e-06 3.06375e-06 3.61653e-06 4.10521e-06 4.50178e-06 4.78516e-06 4.94261e-06 4.97027e-06 4.87286e-06 4.6627e-06 4.35799e-06 3.98088e-06 3.55536e-06 3.10521e-06 2.65232e-06 2.21539e-06 1.80908e-06 1.4437e-06 1.12532e-06 8.56103e-07 6.35028e-07 4.58652e-07 3.21948e-07 2.19078e-07 1.44024e-07 9.1047e-08 5.4984e-08 3.14169e-08 1.67317e-08 8.0989e-09 3.39836e-09 1.11139e-09 2.01686e-10 0 
0 0 0 0 0 0 0 0 0 0 0 0 0 0 0 0 0 0 0 0 0 0 0 0 0 0 0 0 0 0 0 0 0 0 0 0 0 0 0 0 0 
