0 0 0 0 0 0 0 0 0 0 0 0 0 0 0 0 0 0 0 0 0 0 0 0 0 0 0 0 0 0 0 0 0 0 0 0 0 0 0 0 0 
0 1.31777e-05 5.12948e-05 0.000106066 0.000161805 0.000202472 0.000220405 0.000218069 0.000203178 0.000183469 0.000164307 0.000148578 0.000137454 0.000131194 0.000129682 0.000132695 0.000139962 0.000151086 0.000165368 0.000181598 0.000197904 0.000211767 0.000220323 0.000220955 0.000212058 0.000193681 0.000167731 0.00013752 0.000106803 7.87391e-05 5.52539e-05 3.69791e-05 2.36025e-05 1.43223e-05 8.20187e-06 4.37234e-06 2.11727e-06 8.88565e-07 2.9061e-07 5.27389e-08 0 
0 5.12948e-05 0.000184826 0.000329897 0.000399056 0.000366972 0.000279416 0.000189553 0.0001217 7.76816e-05 5.13411e-05 3.63093e-05 2.81631e-05 2.43344e-05 2.35668e-05 2.55042e-05 3.05021e-05 3.96143e-05 5.46608e-05 7.82249e-05 0.000113319 0.000162387 0.000225465 0.000297843 0.000368544 0.000421645 0.000441702 0.000421428 0.000366291 0.000291703 0.000214876 0.000147884 9.5796e-05 5.85519e-05 3.36408e-05 1.79588e-05 8.70131e-06 3.65252e-06 1.19467e-06 2.16811e-07 0 
0 0.000106066 0.000329897 0.000446914 0.000359603 0.000200831 8.85559e-05 3.41443e-05 1.2527e-05 4.71862e-06 1.95493e-06 9.44711e-07 5.56943e-07 4.12052e-07 3.86613e-07 4.56877e-07 6.65047e-07 1.15206e-06 2.27576e-06 4.89264e-06 1.09276e-05 2.42918e-05 5.18131e-05 0.000102982 0.000186503 0.000302366 0.000432162 0.000537332 0.000576573 0.000535185 0.000435895 0.000318298 0.000212785 0.000132058 7.63923e-05 4.08969e-05 1.98373e-05 8.33048e-06 2.72516e-06 4.94592e-07 0 
0 0.000161805 0.000399056 0.000359603 0.000167085 4.92138e-05 1.07139e-05 1.95554e-06 3.37738e-07 6.21799e-08 1.36407e-08 3.92328e-09 1.59141e-09 9.52983e-10 8.56449e-10 1.14119e-09 2.1716e-09 5.57127e-09 1.79462e-08 6.715e-08 2.70035e-07 1.0862e-06 4.11074e-06 1.39555e-05 4.11206e-05 0.000103088 0.000217347 0.000381536 0.000550873 0.000648241 0.000625447 0.000507854 0.000359947 0.000229892 0.000134695 7.24882e-05 3.52315e-05 1.4806e-05 4.84475e-06 8.79355e-07 0 
0 0.000202472 0.000366972 0.000200831 4.92138e-05 6.79066e-06 6.2617e-07 4.55249e-08 3.10414e-09 2.36425e-10 2.36953e-11 3.59678e-12 9.20545e-13 4.24831e-13 3.62068e-13 5.59363e-13 1.48072e-12 6.16192e-12 3.62498e-11 2.68473e-10 2.22937e-09 1.86437e-08 1.4319e-07 9.3943e-07 5.00637e-06 2.10683e-05 6.93606e-05 0.000178896 0.000361661 0.000568557 0.000690114 0.000656468 0.000510742 0.000342063 0.000204754 0.00011116 5.42073e-05 2.28077e-05 7.46605e-06 1.35532e-06 0 
0 0.000220405 0.000279416 8.85559e-05 1.07139e-05 6.2617e-07 2.16311e-08 5.49186e-10 1.29618e-11 3.60731e-13 1.47939e-14 1.08261e-15 1.6366e-16 5.6057e-17 4.49596e-17 8.22713e-17 3.17748e-16 2.29817e-15 2.68835e-14 4.33764e-13 8.23527e-12 1.58775e-10 2.73804e-09 3.81935e-08 4.01403e-07 3.05077e-06 1.65505e-05 6.4667e-05 0.00018539 0.000394215 0.000618891 0.000716966 0.000633525 0.000454532 0.000280928 0.000154548 7.57432e-05 3.19254e-05 1.0457e-05 1.89864e-06 0 
0 0.000218069 0.000189553 3.41443e-05 1.95554e-06 4.55249e-08 5.49186e-10 4.5228e-12 3.43271e-14 3.25408e-16 5.14255e-18 2.0349e-19 4.41725e-20 2.94536e-20 2.71802e-20 3.12632e-20 6.21359e-20 4.82732e-19 1.12113e-17 4.16126e-16 1.91317e-14 9.00894e-13 3.69023e-11 1.15468e-09 2.51552e-08 3.61131e-07 3.35049e-06 2.03154e-05 8.31207e-05 0.000237452 0.000480692 0.000687401 0.000705788 0.000552794 0.000356567 0.000199728 9.85592e-05 4.16427e-05 1.36508e-05 2.47917e-06 0 
0 0.000203178 0.0001217 1.2527e-05 3.37738e-07 3.10414e-09 1.29618e-11 3.43271e-14 8.3016e-17 2.74634e-19 5.59378e-21 1.38519e-21 8.7046e-22 8.82699e-22 8.74353e-22 7.95853e-22 8.2626e-22 1.62808e-21 8.15837e-21 3.67514e-19 4.05672e-17 4.69853e-15 4.60058e-13 3.2492e-11 1.47695e-09 4.03414e-08 6.44967e-07 6.10308e-06 3.55817e-05 0.000134791 0.000345311 0.000603919 0.000724758 0.000626713 0.000425381 0.000243615 0.000121245 5.13822e-05 1.68603e-05 3.06304e-06 0 
0 0.000183469 7.76816e-05 4.71862e-06 6.21799e-08 2.36425e-10 3.60731e-13 3.25408e-16 2.74634e-19 1.29926e-21 1.39399e-22 8.90718e-23 8.11772e-23 9.15829e-23 9.26332e-23 7.95487e-23 6.83835e-23 7.57303e-23 1.1086e-22 1.02733e-21 1.1701e-19 3.12176e-17 6.98925e-15 1.06845e-12 9.76e-11 4.91227e-09 1.31892e-07 1.90916e-06 1.55901e-05 7.67712e-05 0.0002427 0.000507416 0.00070475 0.000673534 0.000482832 0.000283405 0.000142412 6.05586e-05 1.98939e-05 3.61544e-06 0 
0 0.000164307 5.13411e-05 1.95493e-06 1.36407e-08 2.36953e-11 1.47939e-14 5.14255e-18 5.59378e-21 1.39399e-22 2.12573e-23 1.37782e-23 1.40825e-23 1.61257e-23 1.63432e-23 1.39374e-23 1.10851e-23 9.21021e-24 8.90444e-24 3.27143e-23 1.09434e-21 3.614e-19 1.67567e-16 5.08264e-14 8.62314e-12 7.46648e-10 3.17851e-08 6.72052e-07 7.41293e-06 4.6025e-05 0.000174236 0.000422907 0.000665845 0.000697189 0.000526843 0.000316941 0.000160833 6.86315e-05 2.25721e-05 4.10368e-06 0 
0 0.000148578 3.63093e-05 9.44711e-07 3.92328e-09 3.59678e-12 1.08261e-15 2.0349e-19 1.38519e-21 8.90719e-23 1.37782e-23 4.66979e-24 3.48523e-24 3.63534e-24 3.60854e-24 3.0757e-24 2.366e-24 1.78199e-24 1.79903e-24 6.50349e-24 9.6272e-23 1.09189e-20 7.91688e-18 4.20059e-15 1.18085e-12 1.59164e-10 9.87155e-09 2.84557e-07 4.0159e-06 3.01324e-05 0.000131811 0.000359491 0.000624658 0.000705058 0.000557574 0.000342867 0.000175546 7.51509e-05 2.47427e-05 4.49982e-06 0 
0 0.000137454 2.81631e-05 5.56943e-07 1.59141e-09 9.20545e-13 1.6366e-16 4.41725e-20 8.7046e-22 8.11772e-23 1.40825e-23 3.48523e-24 1.42435e-24 1.03512e-24 9.21025e-25 7.68647e-25 5.88399e-25 4.75318e-25 7.19079e-25 3.14229e-24 3.24859e-23 1.4854e-21 8.76259e-19 6.93422e-16 2.80497e-13 5.20066e-11 4.23063e-09 1.5252e-07 2.57218e-06 2.21293e-05 0.000107341 0.000317669 0.000591395 0.000704634 0.000576538 0.000360572 0.000185905 7.97881e-05 2.62918e-05 4.78284e-06 0 
0 0.000131194 2.43344e-05 4.12052e-07 9.52983e-10 4.24831e-13 5.6057e-17 2.94536e-20 8.82699e-22 9.15829e-23 1.61257e-23 3.63534e-24 1.03512e-24 4.39076e-25 2.83997e-25 2.15396e-25 1.71564e-25 1.90258e-25 4.85292e-25 2.39952e-24 2.1789e-23 6.60334e-22 2.53646e-19 2.49413e-16 1.23972e-13 2.75315e-11 2.61137e-09 1.06859e-07 1.99361e-06 1.85342e-05 9.52918e-05 0.000295123 0.00057091 0.000701522 0.000585593 0.000369985 0.000191578 8.23528e-05 2.71514e-05 4.94006e-06 0 
0 0.000129682 2.35668e-05 3.86613e-07 8.56449e-10 3.62068e-13 4.49596e-17 2.71802e-20 8.74353e-22 9.26333e-23 1.63432e-23 3.60854e-24 9.21026e-25 2.83997e-25 1.21237e-25 7.44101e-26 6.72414e-26 1.21587e-25 4.28776e-25 2.23221e-24 1.98878e-23 5.61816e-22 1.96336e-19 2.01509e-16 1.04486e-13 2.40798e-11 2.35717e-09 9.89986e-08 1.88555e-06 1.78079e-05 9.26354e-05 0.000289537 0.000564671 0.000698774 0.000586191 0.000371358 0.000192518 8.2795e-05 2.73016e-05 4.96766e-06 0 
0 0.000132695 2.55042e-05 4.56877e-07 1.14119e-09 5.59363e-13 8.22713e-17 3.12632e-20 7.95853e-22 7.95488e-23 1.39374e-23 3.0757e-24 7.68647e-25 2.15396e-25 7.44101e-26 3.93915e-26 4.36801e-26 1.09165e-25 4.32476e-25 2.36151e-24 2.2981e-23 8.24105e-22 3.91422e-19 3.56715e-16 1.64625e-13 3.42619e-11 3.07523e-09 1.20228e-07 2.16245e-06 1.95398e-05 9.83117e-05 0.000299488 0.000572099 0.000696932 0.000579023 0.000365105 0.000188922 8.11956e-05 2.67687e-05 4.87038e-06 0 
0 0.000139962 3.05021e-05 6.65047e-07 2.1716e-09 1.48072e-12 3.17748e-16 6.21359e-20 8.2626e-22 6.83835e-23 1.10851e-23 2.366e-24 5.88399e-25 1.71564e-25 6.72414e-26 4.36801e-26 5.42049e-26 1.30645e-25 5.17374e-25 3.13254e-24 3.92457e-23 2.60204e-21 1.86819e-18 1.28478e-15 4.5692e-13 7.56904e-11 5.59451e-09 1.86323e-07 2.94861e-06 2.41419e-05 0.000112767 0.000324286 0.00059094 0.000694309 0.000564022 0.000351745 0.000181194 7.77495e-05 2.56192e-05 4.66049e-06 0 
0 0.000151086 3.96143e-05 1.15206e-06 5.57127e-09 6.16192e-12 2.29817e-15 4.82732e-19 1.62808e-21 7.57303e-23 9.21022e-24 1.78199e-24 4.75319e-25 1.90258e-25 1.21587e-25 1.09165e-25 1.30645e-25 2.42578e-25 8.53127e-25 6.26582e-24 1.44447e-22 2.77347e-20 1.86556e-17 8.40689e-15 2.03954e-12 2.41608e-10 1.3424e-08 3.53269e-07 4.63342e-06 3.28324e-05 0.000137496 0.00036302 0.000616786 0.000687314 0.000540614 0.000331922 0.000169906 7.27421e-05 2.39515e-05 4.35613e-06 0 
0 0.000165368 5.46608e-05 2.27576e-06 1.79462e-08 3.62498e-11 2.68835e-14 1.12113e-17 8.15837e-21 1.1086e-22 8.90444e-24 1.79903e-24 7.19078e-25 4.85291e-25 4.28776e-25 4.32475e-25 5.17374e-25 8.53126e-25 2.83475e-24 3.00519e-23 2.07747e-21 8.09246e-19 3.27004e-16 8.68707e-14 1.30705e-11 1.018e-09 3.95723e-08 7.75667e-07 8.04749e-06 4.76273e-05 0.000173981 0.000412421 0.000641944 0.000670892 0.000508138 0.000306469 0.000155767 6.65221e-05 2.18857e-05 3.97942e-06 0 
0 0.000181598 7.82249e-05 4.89264e-06 6.715e-08 2.68473e-10 4.33764e-13 4.16126e-16 3.67514e-19 1.02733e-21 3.27143e-23 6.50349e-24 3.14228e-24 2.39952e-24 2.23221e-24 2.36151e-24 3.13254e-24 6.26582e-24 3.00519e-23 8.6633e-22 1.52689e-19 3.91785e-17 8.33878e-15 1.21435e-12 1.05908e-10 5.1028e-09 1.31641e-07 1.84038e-06 1.46096e-05 7.04781e-05 0.000220503 0.000462732 0.000654082 0.000639219 0.000466281 0.00027645 0.000139579 5.94718e-05 1.95518e-05 3.55426e-06 0 
0 0.000197904 0.000113319 1.09276e-05 2.70035e-07 2.22937e-09 8.23527e-12 1.91317e-14 4.05672e-17 1.1701e-19 1.09434e-21 9.6272e-23 3.24858e-23 2.1789e-23 1.98878e-23 2.2981e-23 3.92457e-23 1.44447e-22 2.07747e-21 1.52689e-19 1.87296e-17 2.38991e-15 2.56285e-13 1.9586e-11 9.47176e-10 2.70084e-08 4.43596e-07 4.27499e-06 2.53871e-05 9.87284e-05 0.000263741 0.00049126 0.000635635 0.000586764 0.000415432 0.000243154 0.000122183 5.19773e-05 1.70796e-05 3.10441e-06 0 
0 0.000211767 0.000162387 2.42918e-05 1.0862e-06 1.86437e-08 1.58775e-10 9.00894e-13 4.69853e-15 3.12176e-17 3.614e-19 1.09189e-20 1.4854e-21 6.60334e-22 5.61816e-22 8.24104e-22 2.60204e-21 2.77347e-20 8.09246e-19 3.91785e-17 2.38991e-15 1.49101e-13 7.93832e-12 3.11107e-10 8.05107e-09 1.29278e-07 1.27676e-06 8.08969e-06 3.52534e-05 0.000112046 0.000264994 0.000458192 0.000566259 0.000509737 0.000356862 0.000208024 0.000104404 4.44009e-05 1.45892e-05 2.65176e-06 0 
0 0.000220323 0.000225465 5.18131e-05 4.11074e-06 1.4319e-07 2.73804e-09 3.69023e-11 4.60058e-13 6.98925e-15 1.67567e-16 7.91688e-18 8.76259e-19 2.53646e-19 1.96336e-19 3.91422e-19 1.86819e-18 1.86556e-17 3.27004e-16 8.33878e-15 2.56285e-13 7.93832e-12 2.10574e-10 4.14623e-09 5.3971e-08 4.34761e-07 2.21633e-06 8.11138e-06 2.50994e-05 7.10316e-05 0.000173728 0.000326082 0.000433015 0.000408177 0.000292793 0.00017257 8.69971e-05 3.70592e-05 1.21839e-05 2.21498e-06 0 
0 0.000220955 0.000297843 0.000102982 1.39555e-05 9.3943e-07 3.81935e-08 1.15468e-09 3.2492e-11 1.06845e-12 5.08264e-14 4.20059e-15 6.93422e-16 2.49413e-16 2.01509e-16 3.56715e-16 1.28478e-15 8.40689e-15 8.68707e-14 1.21435e-12 1.9586e-11 3.11107e-10 4.14623e-09 3.90816e-08 2.18175e-07 6.39247e-07 1.06983e-06 1.51997e-06 3.05368e-06 1.0324e-05 4.25528e-05 0.00013428 0.000253837 0.000289584 0.000226635 0.000138316 7.0615e-05 3.0209e-05 9.9453e-06 1.80877e-06 0 
0 0.000212058 0.000368544 0.000186503 4.11206e-05 5.00637e-06 4.01403e-07 2.51552e-08 1.47695e-09 9.76e-11 8.62314e-12 1.18085e-12 2.80497e-13 1.23972e-13 1.04486e-13 1.64625e-13 4.5692e-13 2.03954e-12 1.30705e-11 1.05908e-10 9.47176e-10 8.05107e-09 5.3971e-08 2.18175e-07 3.66123e-07 1.83139e-07 3.26131e-08 6.38245e-09 6.47981e-09 5.5907e-08 1.32597e-06 1.97311e-05 9.61522e-05 0.000173171 0.000163456 0.000106809 5.57908e-05 2.40399e-05 7.93163e-06 1.44347e-06 0 
0 0.000193681 0.000421645 0.000302366 0.000103088 2.10683e-05 3.05077e-06 3.61131e-07 4.03414e-08 4.91227e-09 7.46648e-10 1.59164e-10 5.20066e-11 2.75315e-11 2.40798e-11 3.42619e-11 7.56904e-11 2.41608e-10 1.018e-09 5.1028e-09 2.70084e-08 1.29278e-07 4.34761e-07 6.39247e-07 1.83139e-07 4.30519e-09 1.07104e-11 3.61951e-14 9.88601e-15 1.1336e-12 1.44574e-09 6.13293e-07 2.03009e-05 8.49267e-05 0.00010967 7.95521e-05 4.29203e-05 1.86722e-05 6.17762e-06 1.12513e-06 0 
0 0.000167731 0.000441702 0.000432162 0.000217347 6.93606e-05 1.65505e-05 3.35049e-06 6.44967e-07 1.31892e-07 3.17851e-08 9.87155e-09 4.23063e-09 2.61137e-09 2.35717e-09 3.07523e-09 5.59451e-09 1.3424e-08 3.95723e-08 1.31641e-07 4.43596e-07 1.27676e-06 2.21633e-06 1.06983e-06 3.26131e-08 1.07104e-11 3.52201e-16 2.26957e-15 1.47413e-15 1.01719e-14 7.12364e-14 5.00984e-09 2.7465e-06 3.6609e-05 7.03452e-05 5.76558e-05 3.22226e-05 1.41566e-05 4.69627e-06 8.55958e-07 0 
0 0.00013752 0.000421428 0.000537332 0.000381536 0.000178896 6.4667e-05 2.03154e-05 6.10308e-06 1.90916e-06 6.72052e-07 2.84557e-07 1.5252e-07 1.06859e-07 9.89986e-08 1.20228e-07 1.86323e-07 3.53269e-07 7.75667e-07 1.84038e-06 4.27499e-06 8.08969e-06 8.11138e-06 1.51997e-06 6.38245e-09 3.61951e-14 2.26957e-15 6.68319e-16 6.80038e-16 2.36928e-15 2.83189e-14 6.49866e-11 4.67333e-07 1.72116e-05 4.59091e-05 4.1334e-05 2.36926e-05 1.04782e-05 3.48199e-06 6.34922e-07 0 
0 0.000106803 0.000366291 0.000576573 0.000550873 0.000361661 0.00018539 8.31207e-05 3.55817e-05 1.55901e-05 7.41293e-06 4.0159e-06 2.57218e-06 1.99361e-06 1.88555e-06 2.16245e-06 2.94861e-06 4.63342e-06 8.04749e-06 1.46096e-05 2.53871e-05 3.52534e-05 2.50994e-05 3.05368e-06 6.47981e-09 9.88601e-15 1.47413e-15 6.80038e-16 1.89281e-15 8.61859e-15 1.43708e-13 1.75583e-11 2.43829e-07 1.14098e-05 3.25623e-05 2.97641e-05 1.7107e-05 7.56828e-06 2.51498e-06 4.5858e-07 0 
0 7.87391e-05 0.000291703 0.000535185 0.000648241 0.000568557 0.000394215 0.000237452 0.000134791 7.67712e-05 4.6025e-05 3.01324e-05 2.21293e-05 1.85342e-05 1.78079e-05 1.95398e-05 2.41419e-05 3.28324e-05 4.76273e-05 7.04781e-05 9.87284e-05 0.000112046 7.10316e-05 1.0324e-05 5.5907e-08 1.1336e-12 1.01719e-14 2.36928e-15 8.61859e-15 1.48979e-15 9.95717e-16 2.28112e-10 5.07385e-07 1.14402e-05 2.54812e-05 2.15663e-05 1.21163e-05 5.32529e-06 1.76633e-06 3.21904e-07 0 
0 5.52539e-05 0.000214876 0.000435895 0.000625447 0.000690114 0.000618891 0.000480692 0.000345311 0.0002427 0.000174236 0.000131811 0.000107341 9.52918e-05 9.26354e-05 9.83117e-05 0.000112767 0.000137496 0.000173981 0.000220503 0.000263741 0.000264994 0.000173728 4.25528e-05 1.32597e-06 1.44574e-09 7.12364e-14 2.83189e-14 1.43708e-13 9.95718e-16 4.57511e-12 1.91846e-08 2.16238e-06 1.42909e-05 2.08622e-05 1.54845e-05 8.36988e-06 3.63829e-06 1.20303e-06 2.19054e-07 0 
0 3.69791e-05 0.000147884 0.000318298 0.000507854 0.000656468 0.000716966 0.000687401 0.000603919 0.000507416 0.000422907 0.000359491 0.000317669 0.000295123 0.000289537 0.000299488 0.000324286 0.00036302 0.000412421 0.000462732 0.00049126 0.000458192 0.000326082 0.00013428 1.97311e-05 6.13293e-07 5.00984e-09 6.49866e-11 1.75583e-11 2.28112e-10 1.91846e-08 8.75776e-07 7.70011e-06 1.68899e-05 1.65252e-05 1.07667e-05 5.59222e-06 2.40241e-06 7.91675e-07 1.44013e-07 0 
0 2.36025e-05 9.5796e-05 0.000212785 0.000359947 0.000510742 0.000633525 0.000705788 0.000724758 0.00070475 0.000665845 0.000624658 0.000591395 0.00057091 0.000564671 0.000572099 0.00059094 0.000616786 0.000641944 0.000654082 0.000635635 0.000566259 0.000433015 0.000253837 9.61522e-05 2.03009e-05 2.7465e-06 4.67333e-07 2.43829e-07 5.07385e-07 2.16238e-06 7.70011e-06 1.48616e-05 1.61547e-05 1.20181e-05 7.11633e-06 3.58312e-06 1.52451e-06 5.00914e-07 9.10422e-08 0 
0 1.43223e-05 5.85519e-05 0.000132058 0.000229892 0.000342063 0.000454532 0.000552794 0.000626713 0.000673534 0.000697189 0.000705058 0.000704634 0.000701522 0.000698774 0.000696932 0.000694309 0.000687314 0.000670892 0.000639219 0.000586764 0.000509737 0.000408177 0.000289584 0.000173171 8.49267e-05 3.6609e-05 1.72116e-05 1.14098e-05 1.14402e-05 1.42909e-05 1.68899e-05 1.61547e-05 1.23444e-05 7.90699e-06 4.42435e-06 2.18407e-06 9.23197e-07 3.02707e-07 5.49823e-08 0 
0 8.20187e-06 3.36408e-05 7.63923e-05 0.000134695 0.000204754 0.000280928 0.000356567 0.000425381 0.000482832 0.000526843 0.000557574 0.000576538 0.000585593 0.000586191 0.000579023 0.000564022 0.000540614 0.000508138 0.000466281 0.000415432 0.000356862 0.000292793 0.000226635 0.000163456 0.00010967 7.03452e-05 4.59091e-05 3.25623e-05 2.54812e-05 2.08622e-05 1.65252e-05 1.20181e-05 7.90699e-06 4.72517e-06 2.56955e-06 1.25487e-06 5.28408e-07 1.73037e-07 3.14164e-08 0 
0 4.37234e-06 1.79588e-05 4.08969e-05 7.24882e-05 0.00011116 0.000154548 0.000199728 0.000243615 0.000283405 0.000316941 0.000342867 0.000360572 0.000369985 0.000371358 0.000365105 0.000351745 0.000331922 0.000306469 0.00027645 0.000243154 0.000208024 0.00017257 0.000138316 0.000106809 7.95521e-05 5.76558e-05 4.1334e-05 2.97641e-05 2.15663e-05 1.54845e-05 1.07667e-05 7.11633e-06 4.42435e-06 2.56955e-06 1.37962e-06 6.70263e-07 2.81684e-07 9.21772e-08 1.67315e-08 0 
0 2.11727e-06 8.70131e-06 1.98373e-05 3.52315e-05 5.42073e-05 7.57432e-05 9.85592e-05 0.000121245 0.000142412 0.000160833 0.000175546 0.000185905 0.000191578 0.000192518 0.000188922 0.000181194 0.000169906 0.000155767 0.000139579 0.000122183 0.000104404 8.69971e-05 7.0615e-05 5.57908e-05 4.29203e-05 3.22226e-05 2.36926e-05 1.7107e-05 1.21163e-05 8.36988e-06 5.59222e-06 3.58312e-06 2.18407e-06 1.25487e-06 6.70263e-07 3.24895e-07 1.36414e-07 4.46239e-08 8.09886e-09 0 
0 8.88565e-07 3.65252e-06 8.33048e-06 1.4806e-05 2.28077e-05 3.19254e-05 4.16427e-05 5.13822e-05 6.05586e-05 6.86315e-05 7.51509e-05 7.97881e-05 8.23528e-05 8.2795e-05 8.11956e-05 7.77495e-05 7.27421e-05 6.65221e-05 5.94718e-05 5.19773e-05 4.44009e-05 3.70592e-05 3.0209e-05 2.40399e-05 1.86722e-05 1.41566e-05 1.04782e-05 7.56828e-06 5.32529e-06 3.63829e-06 2.40241e-06 1.52451e-06 9.23197e-07 5.28408e-07 2.81684e-07 1.36414e-07 5.72534e-08 1.87258e-08 3.39836e-09 0 
0 2.9061e-07 1.19467e-06 2.72516e-06 4.84475e-06 7.46605e-06 1.0457e-05 1.36508e-05 1.68603e-05 1.98939e-05 2.25721e-05 2.47427e-05 2.62918e-05 2.71514e-05 2.73016e-05 2.67687e-05 2.56192e-05 2.39515e-05 2.18857e-05 1.95518e-05 1.70796e-05 1.45892e-05 1.21839e-05 9.9453e-06 7.93163e-06 6.17762e-06 4.69627e-06 3.48199e-06 2.51498e-06 1.76633e-06 1.20303e-06 7.91675e-07 5.00914e-07 3.02707e-07 1.73037e-07 9.21772e-08 4.46239e-08 1.87258e-08 6.12419e-09 1.11139e-09 0 
0 5.27389e-08 2.16811e-07 4.94592e-07 8.79355e-07 1.35532e-06 1.89864e-06 2.47917e-06 3.06304e-06 3.61544e-06 4.10368e-06 4.49982e-06 4.78284e-06 4.94006e-06 4.96766e-06 4.87038e-06 4.66049e-06 4.35613e-06 3.97942e-06 3.55426e-06 3.10441e-06 2.65176e-06 2.21498e-06 1.80877e-06 1.44347e-06 1.12513e-06 8.55958e-07 6.34922e-07 4.5858e-07 3.21904e-07 2.19054e-07 1.44013e-07 9.10422e-08 5.49823e-08 3.14164e-08 1.67315e-08 8.09886e-09 3.39836e-09 1.11139e-09 2.01686e-10 0 
0 0 0 0 0 0 0 0 0 0 0 0 0 0 0 0 0 0 0 0 0 0 0 0 0 0 0 0 0 0 0 0 0 0 0 0 0 0 0 0 0 
