0 0 0 0 0 0 0 0 0 0 0 0 0 0 0 0 0 0 0 0 0 0 0 0 0 0 0 0 0 0 0 0 0 0 0 0 0 0 0 0 0 
0 1.3194e-05 5.14313e-05 0.000106597 0.000163127 0.00020485 0.000223762 0.000222066 0.000207438 0.000187717 0.000168402 0.000152482 0.000141193 0.000134829 0.000133286 0.000136339 0.000143709 0.000154978 0.000169417 0.000185774 0.000202124 0.000215898 0.00022419 0.000224371 0.000214862 0.000195793 0.000169168 0.000138394 0.000107274 7.89638e-05 5.53484e-05 3.70143e-05 2.36141e-05 1.43257e-05 8.20276e-06 4.37255e-06 2.11731e-06 8.88572e-07 2.90611e-07 5.2739e-08 0 
0 5.14313e-05 0.000185945 0.000333773 0.000406705 0.000376824 0.000288814 0.000197001 0.000127062 8.14235e-05 5.39941e-05 3.82878e-05 2.97542e-05 2.57362e-05 2.49287e-05 2.69597e-05 3.21966e-05 4.17288e-05 5.74331e-05 8.19594e-05 0.000118369 0.000169091 0.000233999 0.000308021 0.000379646 0.000432447 0.00045086 0.000428067 0.000370359 0.000293807 0.0002158 0.000148233 9.59103e-05 5.85848e-05 3.36492e-05 1.79606e-05 8.70167e-06 3.65258e-06 1.19468e-06 2.16812e-07 0 
0 0.000106597 0.000333773 0.000456974 0.000372114 0.000210027 9.34414e-05 3.63226e-05 1.34307e-05 5.09656e-06 2.12548e-06 1.03269e-06 6.11175e-07 4.53155e-07 4.25337e-07 5.01958e-07 7.28554e-07 1.25682e-06 2.47008e-06 5.28046e-06 1.1725e-05 2.59158e-05 5.49808e-05 0.000108733 0.000195965 0.00031606 0.000448989 0.000554244 0.000590065 0.000543629 0.000440079 0.000319979 0.000213349 0.00013222 7.64327e-05 4.09057e-05 1.98389e-05 8.33074e-06 2.72519e-06 4.94594e-07 0 
0 0.000163127 0.000406705 0.000372114 0.000175477 5.23684e-05 1.15483e-05 2.1361e-06 3.73914e-07 6.97283e-08 1.54721e-08 4.49162e-09 1.83415e-09 1.10244e-09 9.91427e-10 1.31802e-09 2.4957e-09 6.35717e-09 2.02984e-08 7.52075e-08 2.99342e-07 1.19193e-06 4.46825e-06 1.50416e-05 4.40013e-05 0.000109619 0.000229701 0.000400322 0.000572737 0.000666909 0.000637 0.000513174 0.000361858 0.000230454 0.000134835 7.25181e-05 3.5237e-05 1.48069e-05 4.84484e-06 8.79361e-07 0 
0 0.00020485 0.000376824 0.000210027 5.23684e-05 7.35447e-06 6.91297e-07 5.12967e-08 3.57041e-09 2.77297e-10 2.82767e-11 4.35318e-12 1.1255e-12 5.2238e-13 4.45663e-13 6.86117e-13 1.80266e-12 7.42075e-12 4.30769e-11 3.14297e-10 2.56913e-09 2.11501e-08 1.60032e-07 1.03581e-06 5.45622e-06 2.27447e-05 7.43088e-05 0.000190323 0.000381597 0.000593355 0.00071103 0.000668408 0.000515598 0.000343574 0.000205136 0.000111242 5.4222e-05 2.28099e-05 7.46629e-06 1.35534e-06 0 
0 0.000223762 0.000288814 9.34414e-05 1.15483e-05 6.91297e-07 2.45297e-08 6.40779e-10 1.55622e-11 4.44987e-13 1.86938e-14 1.39532e-15 2.13989e-16 7.38905e-17 5.93492e-17 1.08072e-16 4.12953e-16 2.94134e-15 3.37707e-14 5.33652e-13 9.91235e-12 1.86965e-10 3.15705e-09 4.31944e-08 4.46316e-07 3.34457e-06 1.79448e-05 6.95198e-05 0.000197768 0.000416505 0.00064538 0.00073682 0.000643163 0.000457828 0.000281795 0.000154734 7.57765e-05 3.19303e-05 1.04575e-05 1.89867e-06 0 
0 0.000222066 0.000197001 3.63226e-05 2.1361e-06 5.12967e-08 6.40779e-10 5.47594e-12 4.31321e-14 4.23556e-16 6.89851e-18 2.64329e-19 4.67181e-20 2.76563e-20 2.50832e-20 3.06738e-20 7.27921e-20 6.46857e-19 1.49373e-17 5.39632e-16 2.41115e-14 1.10347e-12 4.3978e-11 1.34157e-09 2.85732e-08 4.02395e-07 3.67635e-06 2.20351e-05 8.93703e-05 0.000253119 0.000506429 0.000713159 0.000721244 0.00055878 0.000358237 0.000200094 9.86248e-05 4.16522e-05 1.36518e-05 2.47923e-06 0 
0 0.000207438 0.000127062 1.34307e-05 3.73914e-07 3.57041e-09 1.55622e-11 4.31321e-14 1.09199e-16 3.72859e-19 6.05908e-21 1.24946e-21 6.60203e-22 6.12256e-22 5.99454e-22 5.67104e-22 6.78614e-22 1.55535e-21 9.66438e-21 4.995e-19 5.35366e-17 5.98586e-15 5.66632e-13 3.87833e-11 1.71405e-09 4.56974e-08 7.16266e-07 6.67573e-06 3.84959e-05 0.00014456 0.000366549 0.00063175 0.000745574 0.000636011 0.000428174 0.000244246 0.000121359 5.13987e-05 1.68621e-05 3.06314e-06 0 
0 0.000187717 8.14235e-05 5.09656e-06 6.97283e-08 2.77297e-10 4.44987e-13 4.23556e-16 3.72859e-19 1.40666e-21 1.09208e-22 6.37342e-23 5.26639e-23 5.53136e-23 5.52904e-23 4.91188e-23 4.66042e-23 5.46149e-23 9.71802e-23 1.20972e-21 1.60159e-19 4.12741e-17 8.87907e-15 1.30808e-12 1.15586e-10 5.65227e-09 1.48173e-07 2.10509e-06 1.69581e-05 8.26921e-05 0.000258946 0.0005342 0.000729332 0.000686224 0.000486964 0.000284373 0.000142589 6.05842e-05 1.98966e-05 3.6156e-06 0 
0 0.000168402 5.39941e-05 2.12548e-06 1.54721e-08 2.82767e-11 1.86938e-14 6.89851e-18 6.05908e-21 1.09208e-22 1.39107e-23 8.44877e-24 8.23289e-24 8.98705e-24 9.01752e-24 7.88919e-24 6.65633e-24 5.6558e-24 6.33855e-24 3.00906e-23 1.35392e-21 4.92573e-19 2.1876e-16 6.36266e-14 1.03956e-11 8.71075e-10 3.60776e-08 7.46366e-07 8.10123e-06 4.97351e-05 0.000186522 0.000447238 0.000692395 0.000712832 0.000532352 0.00031828 0.000161081 6.86677e-05 2.2576e-05 4.1039e-06 0 
0 0.000152482 3.82878e-05 1.03269e-06 4.49162e-09 4.35318e-12 1.39532e-15 2.64329e-19 1.24946e-21 6.37342e-23 8.44878e-24 2.60965e-24 1.87777e-24 1.90492e-24 1.87877e-24 1.63034e-24 1.29802e-24 9.93271e-25 1.14042e-24 5.10194e-24 9.8092e-23 1.4572e-20 1.05653e-17 5.35351e-15 1.44407e-12 1.87764e-10 1.12982e-08 3.17875e-07 4.40541e-06 3.26391e-05 0.000141405 0.000381287 0.000651843 0.000722911 0.000564304 0.00034456 0.000175864 7.51973e-05 2.47476e-05 4.5001e-06 0 
0 0.000141193 2.97542e-05 6.11175e-07 1.83415e-09 1.1255e-12 2.13989e-16 4.67181e-20 6.60203e-22 5.26639e-23 8.2329e-24 1.87777e-24 7.24249e-25 5.12648e-25 4.54617e-25 3.84265e-25 3.00717e-25 2.52218e-25 4.46872e-25 2.30797e-24 2.87529e-23 1.74521e-21 1.18615e-18 8.94971e-16 3.4648e-13 6.18309e-11 4.87028e-09 1.71077e-07 2.82906e-06 2.40073e-05 0.000115292 0.000337493 0.000618508 0.000723889 0.000584179 0.000362546 0.00018628 7.98431e-05 2.62977e-05 4.78318e-06 0 
0 0.000134829 2.57362e-05 4.53155e-07 1.10244e-09 5.2238e-13 7.38905e-17 2.76563e-20 6.12256e-22 5.53136e-23 8.98705e-24 1.90492e-24 5.12648e-25 2.08164e-25 1.32912e-25 1.01812e-25 8.35585e-26 1.01998e-25 3.02192e-25 1.68324e-24 1.78578e-23 7.12107e-22 3.44856e-19 3.24082e-16 1.53948e-13 3.28658e-11 3.01524e-09 1.20109e-07 2.19548e-06 2.01203e-05 0.000102392 0.00031375 0.00059772 0.000721437 0.000593741 0.000372125 0.000191987 8.24131e-05 2.71579e-05 4.94043e-06 0 
0 0.000133286 2.49287e-05 4.25337e-07 9.91427e-10 4.45663e-13 5.93492e-17 2.50832e-20 5.99454e-22 5.52904e-23 9.01753e-24 1.87878e-24 4.54618e-25 1.32912e-25 5.46367e-26 3.36716e-26 3.27202e-26 6.81326e-26 2.69086e-25 1.55244e-24 1.60995e-23 5.974e-22 2.66812e-19 2.62003e-16 1.29803e-13 2.87518e-11 2.7219e-09 1.11266e-07 2.07606e-06 1.9326e-05 9.9506e-05 0.000307752 0.000591191 0.000718695 0.00059441 0.000373528 0.000192934 8.28563e-05 2.73082e-05 4.96804e-06 0 
0 0.000136339 2.69597e-05 5.01958e-07 1.31802e-09 6.86117e-13 1.08072e-16 3.06738e-20 5.67104e-22 4.91188e-23 7.8892e-24 1.63034e-24 3.84265e-25 1.01812e-25 3.36716e-26 1.80805e-26 2.24426e-26 6.36261e-26 2.7751e-25 1.68957e-24 1.9335e-23 9.17603e-22 5.30506e-19 4.61366e-16 2.03631e-13 4.0766e-11 3.54113e-09 1.3483e-07 2.37695e-06 2.11784e-05 0.000105491 0.000318 0.000598368 0.000716255 0.000586892 0.000367169 0.000189318 8.12539e-05 2.67749e-05 4.87074e-06 0 
0 0.000143709 3.21966e-05 7.28554e-07 2.4957e-09 1.80266e-12 4.12953e-16 7.27922e-20 6.78615e-22 4.66042e-23 6.65633e-24 1.29802e-24 3.00718e-25 8.35585e-26 3.27202e-26 2.24426e-26 3.00002e-26 7.86981e-26 3.44187e-25 2.38991e-24 3.68851e-23 3.2496e-21 2.50657e-18 1.64419e-15 5.60325e-13 8.94363e-11 6.40698e-09 2.08079e-07 3.23107e-06 2.6107e-05 0.000120777 0.000343668 0.000616838 0.000712432 0.00057117 0.000353591 0.000181545 7.78012e-05 2.56247e-05 4.66081e-06 0 
0 0.000154978 4.17288e-05 1.25682e-06 6.35717e-09 7.42075e-12 2.94134e-15 6.46857e-19 1.55535e-21 5.46149e-23 5.65581e-24 9.93272e-25 2.52218e-25 1.01998e-25 6.81326e-26 6.36261e-26 7.8698e-26 1.53807e-25 5.99059e-25 5.17678e-24 1.56838e-22 3.76298e-20 2.4589e-17 1.05977e-14 2.47047e-12 2.82668e-10 1.52537e-08 3.9216e-07 5.05471e-06 3.53876e-05 0.000146847 0.000383576 0.000641872 0.000703625 0.000546758 0.000333473 0.000170199 7.27851e-05 2.39562e-05 4.3564e-06 0 
0 0.000169417 5.74331e-05 2.47008e-06 2.02984e-08 4.30769e-11 3.37707e-14 1.49373e-17 9.66438e-21 9.71803e-23 6.33855e-24 1.14042e-24 4.46872e-25 3.02191e-25 2.69086e-25 2.7751e-25 3.44186e-25 5.99059e-25 2.30125e-24 3.11015e-23 2.72356e-21 1.08936e-18 4.21464e-16 1.07492e-13 1.55922e-11 1.17635e-09 4.45261e-08 8.54518e-07 8.72853e-06 5.11032e-05 0.000185064 0.000433936 0.000665357 0.000684818 0.000513109 0.000307692 0.000155996 6.65557e-05 2.18893e-05 3.97963e-06 0 
0 0.000185774 8.19594e-05 5.28046e-06 7.52075e-08 3.14297e-10 5.33652e-13 5.39632e-16 4.995e-19 1.20972e-21 3.00906e-23 5.10193e-24 2.30797e-24 1.68324e-24 1.55244e-24 1.68957e-24 2.3899e-24 5.17677e-24 3.11015e-23 1.11916e-21 2.07544e-19 5.12279e-17 1.04805e-14 1.4713e-12 1.24156e-10 5.81308e-09 1.46431e-07 2.00911e-06 1.57324e-05 7.51706e-05 0.000233231 0.000484119 0.00067459 0.000650344 0.000470051 0.000277357 0.000139748 5.94966e-05 1.95544e-05 3.55441e-06 0 
0 0.000202124 0.000118369 1.1725e-05 2.99342e-07 2.56913e-09 9.91235e-12 2.41115e-14 5.35366e-17 1.60159e-19 1.35392e-21 9.8092e-23 2.87529e-23 1.78578e-23 1.60995e-23 1.9335e-23 3.68851e-23 1.56838e-22 2.72356e-21 2.07544e-19 2.46123e-17 3.0286e-15 3.13634e-13 2.32021e-11 1.0897e-09 3.02942e-08 4.87214e-07 4.61891e-06 2.71032e-05 0.000104492 0.000276895 0.000510378 0.000651965 0.000594975 0.000418109 0.000243788 0.000122301 5.19947e-05 1.70815e-05 3.10452e-06 0 
0 0.000215898 0.000169091 2.59158e-05 1.19193e-06 2.11501e-08 1.86965e-10 1.10347e-12 5.98586e-15 4.12741e-17 4.92573e-19 1.4572e-20 1.74521e-21 7.12106e-22 5.974e-22 9.17603e-22 3.2496e-21 3.76298e-20 1.08936e-18 5.12279e-17 3.0286e-15 1.83095e-13 9.45578e-12 3.60189e-10 9.08608e-09 1.42718e-07 1.38418e-06 8.64689e-06 3.72836e-05 0.000117533 0.000275818 0.000472448 0.0005777 0.000515308 0.000358658 0.00020845 0.000104484 4.44127e-05 1.45905e-05 2.65183e-06 0 
0 0.00022419 0.000233999 5.49808e-05 4.46825e-06 1.60032e-07 3.15705e-09 4.3978e-11 5.66632e-13 8.87907e-15 2.1876e-16 1.05653e-17 1.18615e-18 3.44856e-19 2.66812e-19 5.30506e-19 2.50657e-18 2.4589e-17 4.21464e-16 1.04805e-14 3.13634e-13 9.45578e-12 2.44328e-10 4.69461e-09 5.97975e-08 4.72999e-07 2.37648e-06 8.59891e-06 2.6361e-05 7.39899e-05 0.00017953 0.000334149 0.000439914 0.000411706 0.000293967 0.000172853 8.70506e-05 3.70672e-05 1.21848e-05 2.21503e-06 0 
0 0.000224371 0.000308021 0.000108733 1.50416e-05 1.03581e-06 4.31944e-08 1.34157e-09 3.87833e-11 1.30808e-12 6.36266e-14 5.35351e-15 8.94971e-16 3.24082e-16 2.62003e-16 4.61366e-16 1.64419e-15 1.05977e-14 1.07492e-13 1.4713e-12 2.32021e-11 3.60189e-10 4.69461e-09 4.33589e-08 2.37972e-07 6.88651e-07 1.14344e-06 1.61532e-06 3.22245e-06 1.07869e-05 4.39689e-05 0.000137341 0.00025741 0.000291766 0.000227423 0.000138513 7.06525e-05 3.02146e-05 9.94592e-06 1.80881e-06 0 
0 0.000214862 0.000379646 0.000195965 4.40013e-05 5.45622e-06 4.46316e-07 2.85732e-08 1.71405e-09 1.15586e-10 1.03956e-11 1.44407e-12 3.4648e-13 1.53948e-13 1.29803e-13 2.03631e-13 5.60325e-13 2.47047e-12 1.55922e-11 1.24156e-10 1.0897e-09 9.08608e-09 5.97975e-08 2.37972e-07 3.95379e-07 1.97482e-07 3.53998e-08 6.98153e-09 7.07163e-09 5.99985e-08 1.39127e-06 2.03066e-05 9.76788e-05 0.000174536 0.000164026 0.000106957 5.5819e-05 2.40441e-05 7.93209e-06 1.4435e-06 0 
0 0.000195793 0.000432447 0.00031606 0.000109619 2.27447e-05 3.34457e-06 4.02395e-07 4.56974e-08 5.65227e-09 8.71075e-10 1.87764e-10 6.18309e-11 3.28658e-11 2.87518e-11 4.0766e-11 8.94363e-11 2.82668e-10 1.17635e-09 5.81308e-09 3.02942e-08 1.42718e-07 4.72999e-07 6.88651e-07 1.97482e-07 4.72713e-09 1.21647e-11 4.33471e-14 1.19774e-14 1.30139e-12 1.5765e-09 6.42472e-07 2.07534e-05 8.57567e-05 0.000110107 7.96711e-05 4.29429e-05 1.86754e-05 6.17797e-06 1.12515e-06 0 
0 0.000169168 0.00045086 0.000448989 0.000229701 7.43088e-05 1.79448e-05 3.67635e-06 7.16266e-07 1.48173e-07 3.60776e-08 1.12982e-08 4.87028e-09 3.01524e-09 2.7219e-09 3.54113e-09 6.40698e-09 1.52537e-08 4.45261e-08 1.46431e-07 4.87214e-07 1.38418e-06 2.37648e-06 1.14344e-06 3.53998e-08 1.21647e-11 3.05587e-16 2.36942e-15 1.41468e-15 7.87768e-15 8.26765e-14 5.39563e-09 2.8357e-06 3.70743e-05 7.06782e-05 5.77521e-05 3.22406e-05 1.41592e-05 4.69654e-06 8.55974e-07 0 
0 0.000138394 0.000428067 0.000554244 0.000400322 0.000190323 6.95198e-05 2.20351e-05 6.67573e-06 2.10509e-06 7.46366e-07 3.17875e-07 1.71077e-07 1.20109e-07 1.11266e-07 1.3483e-07 2.08079e-07 3.9216e-07 8.54518e-07 2.00911e-06 4.61891e-06 8.64689e-06 8.59891e-06 1.61532e-06 6.98153e-09 4.33471e-14 2.36942e-15 6.09863e-16 4.92498e-16 1.44252e-15 1.68482e-14 7.18708e-11 4.86888e-07 1.7474e-05 4.61533e-05 4.14078e-05 2.37063e-05 1.04801e-05 3.48219e-06 6.34933e-07 0 
0 0.000107274 0.000370359 0.000590065 0.000572737 0.000381597 0.000197768 8.93703e-05 3.84959e-05 1.69581e-05 8.10123e-06 4.40541e-06 2.82906e-06 2.19548e-06 2.07606e-06 2.37695e-06 3.23107e-06 5.05471e-06 8.72853e-06 1.57324e-05 2.71032e-05 3.72836e-05 2.6361e-05 3.22245e-06 7.07163e-09 1.19774e-14 1.41468e-15 4.92498e-16 1.22985e-15 5.8956e-15 1.0952e-13 1.96158e-11 2.5453e-07 1.15877e-05 3.27343e-05 2.98155e-05 1.71164e-05 7.56957e-06 2.51511e-06 4.58587e-07 0 
0 7.89638e-05 0.000293807 0.000543629 0.000666909 0.000593355 0.000416505 0.000253119 0.00014456 8.26921e-05 4.97351e-05 3.26391e-05 2.40073e-05 2.01203e-05 1.9326e-05 2.11784e-05 2.6107e-05 3.53876e-05 5.11032e-05 7.51706e-05 0.000104492 0.000117533 7.39899e-05 1.07869e-05 5.99985e-08 1.30139e-12 7.87768e-15 1.44252e-15 5.8956e-15 9.40109e-16 6.47686e-16 2.48969e-10 5.259e-07 1.15909e-05 2.55955e-05 2.1598e-05 1.21219e-05 5.32606e-06 1.76641e-06 3.21908e-07 0 
0 5.53484e-05 0.0002158 0.000440079 0.000637 0.00071103 0.00064538 0.000506429 0.000366549 0.000258946 0.000186522 0.000141405 0.000115292 0.000102392 9.9506e-05 0.000105491 0.000120777 0.000146847 0.000185064 0.000233231 0.000276895 0.000275818 0.00017953 4.39689e-05 1.39127e-06 1.5765e-09 8.26765e-14 1.68482e-14 1.0952e-13 6.47687e-16 5.11116e-12 2.02994e-08 2.21517e-06 1.44225e-05 2.09298e-05 1.55014e-05 8.37283e-06 3.63869e-06 1.20307e-06 2.19057e-07 0 
0 3.70143e-05 0.000148233 0.000319979 0.000513174 0.000668408 0.00073682 0.000713159 0.00063175 0.0005342 0.000447238 0.000381287 0.000337493 0.00031375 0.000307752 0.000318 0.000343668 0.000383576 0.000433936 0.000484119 0.000510378 0.000472448 0.000334149 0.000137341 2.03066e-05 6.42472e-07 5.39563e-09 7.18708e-11 1.96158e-11 2.48969e-10 2.02994e-08 9.02328e-07 7.80468e-06 1.69818e-05 1.65584e-05 1.07743e-05 5.59354e-06 2.4026e-06 7.91694e-07 1.44014e-07 0 
0 2.36141e-05 9.59103e-05 0.000213349 0.000361858 0.000515598 0.000643163 0.000721244 0.000745574 0.000729332 0.000692395 0.000651843 0.000618508 0.00059772 0.000591191 0.000598368 0.000616838 0.000641872 0.000665357 0.00067459 0.000651965 0.0005777 0.000439914 0.00025741 9.76788e-05 2.07534e-05 2.8357e-06 4.86888e-07 2.5453e-07 5.259e-07 2.21517e-06 7.80468e-06 1.49584e-05 1.61998e-05 1.20313e-05 7.11919e-06 3.58363e-06 1.52458e-06 5.00922e-07 9.10427e-08 0 
0 1.43257e-05 5.85848e-05 0.00013222 0.000230454 0.000343574 0.000457828 0.00055878 0.000636011 0.000686224 0.000712832 0.000722911 0.000723889 0.000721437 0.000718695 0.000716255 0.000712432 0.000703625 0.000684818 0.000650344 0.000594975 0.000515308 0.000411706 0.000291766 0.000174536 8.57567e-05 3.70743e-05 1.7474e-05 1.15877e-05 1.15909e-05 1.44225e-05 1.69818e-05 1.61998e-05 1.23602e-05 7.9112e-06 4.42527e-06 2.18424e-06 9.23222e-07 3.0271e-07 5.49824e-08 0 
0 8.20276e-06 3.36492e-05 7.64327e-05 0.000134835 0.000205136 0.000281795 0.000358237 0.000428174 0.000486964 0.000532352 0.000564304 0.000584179 0.000593741 0.00059441 0.000586892 0.00057117 0.000546758 0.000513109 0.000470051 0.000418109 0.000358658 0.000293967 0.000227423 0.000164026 0.000110107 7.06782e-05 4.61533e-05 3.27343e-05 2.55955e-05 2.09298e-05 1.65584e-05 1.20313e-05 7.9112e-06 4.72629e-06 2.5698e-06 1.25491e-06 5.28415e-07 1.73038e-07 3.14164e-08 0 
0 4.37255e-06 1.79606e-05 4.09057e-05 7.25181e-05 0.000111242 0.000154734 0.000200094 0.000244246 0.000284373 0.00031828 0.00034456 0.000362546 0.000372125 0.000373528 0.000367169 0.000353591 0.000333473 0.000307692 0.000277357 0.000243788 0.00020845 0.000172853 0.000138513 0.000106957 7.96711e-05 5.77521e-05 4.14078e-05 2.98155e-05 2.1598e-05 1.55014e-05 1.07743e-05 7.11919e-06 4.42527e-06 2.5698e-06 1.37968e-06 6.70275e-07 2.81686e-07 9.21775e-08 1.67315e-08 0 
0 2.11731e-06 8.70167e-06 1.98389e-05 3.5237e-05 5.4222e-05 7.57765e-05 9.86248e-05 0.000121359 0.000142589 0.000161081 0.000175864 0.00018628 0.000191987 0.000192934 0.000189318 0.000181545 0.000170199 0.000155996 0.000139748 0.000122301 0.000104484 8.70506e-05 7.06525e-05 5.5819e-05 4.29429e-05 3.22406e-05 2.37063e-05 1.71164e-05 1.21219e-05 8.37283e-06 5.59354e-06 3.58363e-06 2.18424e-06 1.25491e-06 6.70275e-07 3.24898e-07 1.36414e-07 4.4624e-08 8.09886e-09 0 
0 8.88572e-07 3.65258e-06 8.33074e-06 1.48069e-05 2.28099e-05 3.19303e-05 4.16522e-05 5.13987e-05 6.05842e-05 6.86677e-05 7.51973e-05 7.98431e-05 8.24131e-05 8.28563e-05 8.12539e-05 7.78012e-05 7.27851e-05 6.65557e-05 5.94966e-05 5.19947e-05 4.44127e-05 3.70672e-05 3.02146e-05 2.40441e-05 1.86754e-05 1.41592e-05 1.04801e-05 7.56957e-06 5.32606e-06 3.63869e-06 2.4026e-06 1.52458e-06 9.23222e-07 5.28415e-07 2.81686e-07 1.36414e-07 5.72535e-08 1.87258e-08 3.39836e-09 0 
0 2.90611e-07 1.19468e-06 2.72519e-06 4.84484e-06 7.46629e-06 1.04575e-05 1.36518e-05 1.68621e-05 1.98966e-05 2.2576e-05 2.47476e-05 2.62977e-05 2.71579e-05 2.73082e-05 2.67749e-05 2.56247e-05 2.39562e-05 2.18893e-05 1.95544e-05 1.70815e-05 1.45905e-05 1.21848e-05 9.94592e-06 7.93209e-06 6.17797e-06 4.69654e-06 3.48219e-06 2.51511e-06 1.76641e-06 1.20307e-06 7.91694e-07 5.00922e-07 3.0271e-07 1.73038e-07 9.21775e-08 4.4624e-08 1.87258e-08 6.12419e-09 1.11139e-09 0 
0 5.2739e-08 2.16812e-07 4.94594e-07 8.79361e-07 1.35534e-06 1.89867e-06 2.47923e-06 3.06314e-06 3.6156e-06 4.1039e-06 4.5001e-06 4.78318e-06 4.94043e-06 4.96804e-06 4.87074e-06 4.66081e-06 4.3564e-06 3.97963e-06 3.55441e-06 3.10452e-06 2.65183e-06 2.21503e-06 1.80881e-06 1.4435e-06 1.12515e-06 8.55974e-07 6.34933e-07 4.58587e-07 3.21908e-07 2.19057e-07 1.44014e-07 9.10427e-08 5.49824e-08 3.14164e-08 1.67315e-08 8.09886e-09 3.39836e-09 1.11139e-09 2.01686e-10 0 
0 0 0 0 0 0 0 0 0 0 0 0 0 0 0 0 0 0 0 0 0 0 0 0 0 0 0 0 0 0 0 0 0 0 0 0 0 0 0 0 0 
