0 0 0 0 0 0 0 0 0 0 0 0 0 0 0 0 0 0 0 0 0 0 0 0 0 0 0 0 0 0 0 0 0 0 0 0 0 0 0 0 0 
0 1.33224e-05 5.25208e-05 0.000110943 0.000174367 0.00022598 0.000254977 0.000260816 0.000250202 0.000231565 0.000211573 0.000194278 0.000181642 0.000174367 0.000172523 0.0001759 0.000184105 0.00019649 0.00021198 0.000228868 0.000244718 0.000256494 0.000261016 0.000255736 0.000239599 0.000213614 0.000180755 0.000145127 0.00011075 8.05544e-05 5.59942e-05 3.72475e-05 2.36892e-05 1.43474e-05 8.20831e-06 4.37381e-06 2.11756e-06 8.88613e-07 2.90616e-07 5.27393e-08 0 
0 5.25208e-05 0.000195066 0.000366769 0.000476221 0.000473375 0.000387806 0.000280394 0.000190104 0.000127123 8.73518e-05 6.37058e-05 5.04962e-05 4.4155e-05 4.28469e-05 4.60192e-05 5.41544e-05 6.87057e-05 9.20874e-05 0.000127485 0.000178129 0.000245648 0.000327474 0.000414209 0.000489166 0.000532589 0.000530344 0.000481992 0.000401404 0.000308994 0.000222164 0.000150545 9.66462e-05 5.87918e-05 3.37008e-05 1.7972e-05 8.70384e-06 3.65292e-06 1.19472e-06 2.16814e-07 0 
0 0.000110943 0.000366769 0.000549662 0.000500304 0.000314703 0.00015418 6.54134e-05 2.62479e-05 1.0741e-05 4.78658e-06 2.4542e-06 1.50947e-06 1.14338e-06 1.07718e-06 1.2544e-06 1.76933e-06 2.9288e-06 5.47097e-06 1.10488e-05 2.31113e-05 4.8117e-05 9.62974e-05 0.000179904 0.00030609 0.000464221 0.000616256 0.000707498 0.000701545 0.000607797 0.000469745 0.000331282 0.000216995 0.000133237 7.66811e-05 4.0959e-05 1.98488e-05 8.33227e-06 2.72537e-06 4.94605e-07 0 
0 0.000174367 0.000476221 0.000500304 0.000273854 9.39525e-05 2.37104e-05 5.02317e-06 1.00573e-06 2.12903e-07 5.28458e-08 1.68038e-08 7.32365e-09 4.56449e-09 4.13133e-09 5.37115e-09 9.69234e-09 2.30263e-08 6.7461e-08 2.26914e-07 8.15913e-07 2.9363e-06 9.99799e-06 3.08146e-05 8.32285e-05 0.000192442 0.000373617 0.000597816 0.000777349 0.000822319 0.000723834 0.000550112 0.000374403 0.000234003 0.000135696 7.26992e-05 3.52698e-05 1.48118e-05 4.84541e-06 8.79396e-07 0 
0 0.00022598 0.000473375 0.000314703 9.39525e-05 1.58336e-05 1.80593e-06 1.6408e-07 1.39815e-08 1.31424e-09 1.58611e-10 2.79962e-11 7.98269e-12 3.91284e-12 3.37104e-12 5.01936e-12 1.22683e-11 4.54846e-11 2.32002e-10 1.4632e-09 1.02551e-08 7.23639e-08 4.72453e-07 2.67141e-06 1.24933e-05 4.70181e-05 0.000140368 0.000328895 0.000596248 0.000826153 0.000882501 0.000755878 0.000548412 0.000353264 0.000207508 0.000111737 5.43102e-05 2.28229e-05 7.46775e-06 1.35543e-06 0 
0 0.000254977 0.000387806 0.00015418 2.37104e-05 1.80593e-06 8.35442e-08 2.88652e-09 9.26834e-11 3.44781e-12 1.82728e-13 1.6478e-14 2.89532e-15 1.07887e-15 8.78535e-16 1.52698e-15 5.27582e-15 3.24971e-14 3.12004e-13 4.03167e-12 6.05412e-11 9.2206e-10 1.26719e-08 1.43325e-07 1.25097e-06 8.12097e-06 3.86931e-05 0.000135434 0.000348483 0.000653166 0.000886269 0.000893077 0.000711091 0.000479424 0.00028723 0.000155871 7.59772e-05 3.19595e-05 1.04607e-05 1.89886e-06 0 
0 0.000260816 0.000280394 6.54134e-05 5.02317e-06 1.6408e-07 2.88652e-09 3.5397e-11 3.99804e-13 5.51649e-15 1.21218e-16 5.3359e-18 5.70758e-19 1.68656e-19 1.32051e-19 2.56195e-19 1.22859e-18 1.29241e-17 2.44031e-16 6.79141e-15 2.30424e-13 7.99555e-12 2.43909e-10 5.80341e-09 9.89696e-08 1.15174e-06 8.99468e-06 4.7526e-05 0.000173023 0.000437864 0.000765761 0.00093299 0.000835987 0.000599157 0.000368867 0.000202347 9.90214e-05 4.17094e-05 1.3658e-05 2.4796e-06 0 
0 0.000250202 0.000190104 2.62479e-05 1.00573e-06 1.39815e-08 9.26834e-11 3.99804e-13 1.57511e-15 7.99918e-18 7.57799e-20 3.1549e-21 7.69732e-22 4.01946e-22 3.47424e-22 4.77681e-22 1.09173e-21 6.40161e-21 1.7453e-19 1.03582e-17 7.99098e-16 6.35874e-14 4.33475e-12 2.1849e-10 7.33334e-09 1.54069e-07 1.98196e-06 1.57865e-05 8.03547e-05 0.000269409 0.000600234 0.000888869 0.000909056 0.000700852 0.000446275 0.000248167 0.000122052 5.14979e-05 1.68727e-05 3.06376e-06 0 
0 0.000231565 0.000127123 1.0741e-05 2.12903e-07 1.31424e-09 3.44781e-12 5.51649e-15 7.99918e-18 1.69774e-20 2.02711e-22 2.29968e-23 1.09551e-23 8.47595e-24 7.85441e-24 8.5265e-24 1.146e-23 3.1781e-23 3.31783e-22 2.20393e-20 3.58986e-18 6.27885e-16 9.18194e-14 9.44043e-12 6.03101e-10 2.22363e-08 4.60296e-07 5.41449e-06 3.76877e-05 0.00016293 0.000450377 0.00079938 0.000933178 0.000777823 0.00051427 0.000290454 0.000143671 6.07389e-05 1.99131e-05 3.61655e-06 0 
0 0.000211573 8.73518e-05 4.78658e-06 5.28458e-08 1.58611e-10 1.82728e-13 1.21218e-16 7.57799e-20 2.02711e-22 4.59134e-24 8.26437e-25 5.48429e-25 5.1866e-25 5.00008e-25 4.77859e-25 4.83545e-25 7.99854e-25 4.17048e-24 1.45321e-22 2.9614e-20 1.02333e-17 2.94644e-15 5.7043e-13 6.45508e-11 3.92457e-09 1.24098e-07 2.06603e-06 1.89679e-05 0.000102161 0.000338698 0.000701755 0.000923241 0.000829406 0.000569446 0.000326789 0.00016261 6.88864e-05 2.25992e-05 4.10523e-06 0 
0 0.000194278 6.37058e-05 2.4542e-06 1.68038e-08 2.79962e-11 1.6478e-14 5.3359e-18 3.1549e-21 2.29969e-23 8.26439e-25 1.03425e-25 5.43761e-26 5.32419e-26 5.20857e-26 4.65867e-26 4.10245e-26 5.56704e-26 2.66773e-25 6.44279e-24 7.29954e-22 3.52558e-19 1.76012e-16 5.71232e-14 1.03099e-11 9.43269e-10 4.21829e-08 9.33367e-07 1.07447e-05 6.90972e-05 0.000264366 0.000618585 0.000897208 0.000859563 0.000610362 0.000355418 0.000177835 7.54799e-05 2.47775e-05 4.50181e-06 0 
0 0.000181642 5.04962e-05 1.50947e-06 7.32365e-09 7.98269e-12 2.89532e-15 5.70758e-19 7.69732e-22 1.09551e-23 5.4843e-25 5.43762e-26 1.17168e-26 7.50767e-27 6.86568e-27 5.91156e-27 5.22442e-27 9.65859e-27 6.78597e-26 1.30812e-24 8.5895e-23 3.15408e-20 2.29067e-17 1.07917e-14 2.72774e-12 3.35196e-10 1.92549e-08 5.23357e-07 7.09518e-06 5.18212e-05 0.000219382 0.000559032 0.000869669 0.000874198 0.000637119 0.000375301 0.000188616 8.01788e-05 2.63332e-05 4.7852e-06 0 
0 0.000174367 4.4155e-05 1.14338e-06 4.56449e-09 3.91284e-12 1.07887e-15 1.68656e-19 4.01946e-22 8.47597e-24 5.18661e-25 5.32421e-26 7.50769e-27 1.90052e-27 1.1149e-27 9.11749e-28 1.13943e-27 4.50774e-27 3.99985e-26 6.72094e-25 3.25245e-23 8.30272e-21 7.16542e-18 4.17017e-15 1.27608e-12 1.85401e-10 1.22782e-08 3.7513e-07 5.5811e-06 4.38102e-05 0.000196314 0.000524743 0.000849685 0.000878713 0.000650638 0.000386025 0.000194549 8.27819e-05 2.71969e-05 4.94265e-06 0 
0 0.000172523 4.28469e-05 1.07718e-06 4.13133e-09 3.37104e-12 8.78535e-16 1.32051e-19 3.47425e-22 7.85443e-24 5.00009e-25 5.20859e-26 6.86571e-27 1.1149e-27 3.06447e-28 2.26374e-28 6.01793e-28 3.76888e-27 3.53583e-26 5.79867e-25 2.65024e-23 6.2744e-21 5.57654e-18 3.39158e-15 1.08017e-12 1.62552e-10 1.1092e-08 3.47325e-07 5.26919e-06 4.19903e-05 0.000190435 0.000514487 0.000841238 0.000876552 0.000651972 0.000387656 0.000195544 8.32327e-05 2.73481e-05 4.97031e-06 0 
0 0.0001759 4.60192e-05 1.2544e-06 5.37115e-09 5.01936e-12 1.52698e-15 2.56195e-19 4.77681e-22 8.52651e-24 4.77861e-25 4.65868e-26 5.91158e-27 9.11752e-28 2.26374e-28 1.93212e-28 6.44882e-28 4.2384e-27 4.19785e-26 7.69089e-25 4.26093e-23 1.28245e-20 1.05032e-17 5.67556e-15 1.62466e-12 2.22711e-10 1.40402e-08 4.11928e-07 5.9334e-06 4.54207e-05 0.000199689 0.000526316 0.000844265 0.0008687 0.000641907 0.000380613 0.000191798 8.16118e-05 2.68129e-05 4.8729e-06 0 
0 0.000184105 5.41544e-05 1.76933e-06 9.69234e-09 1.22683e-11 5.27582e-15 1.22859e-18 1.09173e-21 1.14601e-23 4.83546e-25 4.10246e-26 5.22444e-27 1.13943e-27 6.0179e-28 6.44879e-28 1.39167e-27 7.17661e-27 7.62402e-26 1.82531e-24 1.53878e-22 6.86724e-20 4.40761e-17 1.82551e-14 4.11e-12 4.56581e-10 2.40794e-08 6.10038e-07 7.81854e-06 5.46729e-05 0.000224016 0.000557725 0.000855242 0.000853831 0.000620876 0.000365591 0.000183751 7.81194e-05 2.56585e-05 4.66273e-06 0 
0 0.00019649 6.87057e-05 2.9288e-06 2.30263e-08 4.54846e-11 3.24971e-14 1.29241e-17 6.40161e-21 3.17811e-23 7.99856e-25 5.56705e-26 9.65859e-27 4.50773e-27 3.76886e-27 4.23838e-27 7.17659e-27 2.68193e-26 2.99674e-25 1.1267e-23 1.80324e-21 8.50544e-19 3.62959e-16 1.01652e-13 1.60701e-11 1.30972e-09 5.30989e-08 1.08366e-06 1.16946e-05 7.15639e-05 0.000264156 0.000604241 0.00086718 0.00082887 0.000589154 0.000343533 0.000172038 7.30504e-05 2.39844e-05 4.35802e-06 0 
0 0.00021198 9.20874e-05 5.47097e-06 6.7461e-08 2.32002e-10 3.12004e-13 2.44031e-16 1.7453e-19 3.31783e-22 4.17048e-24 2.66773e-25 6.78595e-26 3.99984e-26 3.53582e-26 4.19783e-26 7.624e-26 2.99674e-25 4.23545e-24 2.75927e-22 6.47623e-20 1.98052e-17 5.01207e-15 8.60597e-13 8.73805e-11 4.82964e-09 1.4076e-07 2.19005e-06 1.905e-05 9.8595e-05 0.000319085 0.000656523 0.000869432 0.000789861 0.000547168 0.000315623 0.000157438 6.67639e-05 2.19116e-05 3.98091e-06 0 
0 0.000228868 0.000127485 1.10488e-05 2.26914e-07 1.4632e-09 4.03167e-12 6.79141e-15 1.03582e-17 2.20393e-20 1.45321e-22 6.44279e-24 1.30811e-24 6.72092e-25 5.79865e-25 7.69088e-25 1.82531e-24 1.1267e-23 2.75927e-22 2.65039e-20 4.20148e-18 7.00106e-16 9.76567e-14 9.59429e-12 5.86815e-10 2.07604e-08 4.1366e-07 4.7071e-06 3.19486e-05 0.000136463 0.000380326 0.000696261 0.000847972 0.000733001 0.000495797 0.000283258 0.000140817 5.96515e-05 1.95711e-05 3.55538e-06 0 
0 0.000244718 0.000178129 2.31113e-05 8.15913e-07 1.02551e-08 6.05412e-11 2.30424e-13 7.99098e-16 3.58986e-18 2.9614e-20 7.29954e-22 8.5895e-23 3.25245e-23 2.65024e-23 4.26092e-23 1.53878e-22 1.80324e-21 6.47623e-20 4.20148e-18 3.52944e-16 3.05721e-14 2.2545e-12 1.21468e-10 4.28636e-09 9.2958e-08 1.21556e-06 9.77506e-06 5.05429e-05 0.000175945 0.000421608 0.000692601 0.000786894 0.00065564 0.000436509 0.000247974 0.000123061 5.21054e-05 1.70935e-05 3.10522e-06 0 
0 0.000256494 0.000245648 4.8117e-05 2.9363e-06 7.23639e-08 9.2206e-10 7.99555e-12 6.35874e-14 6.27885e-16 1.02333e-17 3.52558e-19 3.15408e-20 8.30272e-21 6.2744e-21 1.28245e-20 6.86724e-20 8.50544e-19 1.98052e-17 7.00106e-16 3.05721e-14 1.36111e-12 5.22326e-11 1.50728e-09 2.9616e-08 3.74858e-07 3.04042e-06 1.6471e-05 6.3493e-05 0.000182266 0.000390248 0.000605194 0.00067194 0.000557046 0.000371312 0.000211345 0.000105013 4.44905e-05 1.4599e-05 2.65233e-06 0 
0 0.000261016 0.000327474 9.62974e-05 9.99799e-06 4.72453e-07 1.26719e-08 2.43909e-10 4.33475e-12 9.18194e-14 2.94644e-15 1.76012e-16 2.29067e-17 7.16542e-18 5.57654e-18 1.05032e-17 4.40761e-17 3.62959e-16 5.01207e-15 9.76567e-14 2.2545e-12 5.22326e-11 1.04447e-09 1.58021e-08 1.62766e-07 1.07669e-06 4.68578e-06 1.51207e-05 4.20912e-05 0.000108126 0.000240517 0.000410313 0.000498583 0.000439347 0.00030267 0.000174886 8.74269e-05 3.71228e-05 1.21909e-05 2.21539e-06 0 
0 0.000255736 0.000414209 0.000179904 3.08146e-05 2.67141e-06 1.43325e-07 5.80341e-09 2.1849e-10 9.44043e-12 5.7043e-13 5.71232e-14 1.07917e-14 4.17017e-15 3.39158e-15 5.67556e-15 1.82551e-14 1.01652e-13 8.60597e-13 9.59429e-12 1.21468e-10 1.50728e-09 1.58021e-08 1.19588e-07 5.5559e-07 1.42243e-06 2.1818e-06 2.90696e-06 5.39917e-06 1.6361e-05 5.96255e-05 0.000168093 0.000290056 0.000310201 0.000233735 0.000140034 7.09365e-05 3.02566e-05 9.95052e-06 1.80908e-06 0 
0 0.000239599 0.000489166 0.00030609 8.32285e-05 1.24933e-05 1.25097e-06 9.89696e-08 7.33334e-09 6.03101e-10 6.45508e-11 1.03099e-11 2.72774e-12 1.27608e-12 1.08017e-12 1.62466e-12 4.11e-12 1.60701e-11 8.73805e-11 5.86815e-10 4.28636e-09 2.9616e-08 1.62766e-07 5.5559e-07 8.3638e-07 4.10883e-07 7.8223e-08 1.6534e-08 1.63376e-08 1.18168e-07 2.20407e-06 2.66419e-05 0.000112872 0.000187077 0.000168974 0.000108196 5.605e-05 2.40778e-05 7.93573e-06 1.44371e-06 0 
0 0.000213614 0.000532589 0.000464221 0.000192442 4.70181e-05 8.12097e-06 1.15174e-06 1.54069e-07 2.22363e-08 3.92457e-09 9.43269e-10 3.35196e-10 1.85401e-10 1.62552e-10 2.22711e-10 4.56581e-10 1.30972e-09 4.82964e-09 2.07604e-08 9.2958e-08 3.74858e-07 1.07669e-06 1.42243e-06 4.10883e-07 1.16884e-08 4.16063e-11 2.23601e-13 6.98576e-14 4.78416e-12 3.63706e-09 1.0048e-06 2.55994e-05 9.38754e-05 0.000114135 8.07298e-05 4.31389e-05 1.87035e-05 6.18093e-06 1.12532e-06 0 
0 0.000180755 0.000530344 0.000616256 0.000373617 0.000140368 3.86931e-05 8.99468e-06 1.98196e-06 4.60296e-07 1.24098e-07 4.21829e-08 1.92549e-08 1.22782e-08 1.1092e-08 1.40402e-08 2.40794e-08 5.30989e-08 1.4076e-07 4.1366e-07 1.21556e-06 3.04042e-06 4.68578e-06 2.1818e-06 7.8223e-08 4.16063e-11 4.42577e-16 2.3921e-15 2.36359e-15 5.50308e-16 3.39823e-13 1.1036e-08 3.85598e-06 4.18061e-05 7.38646e-05 5.8642e-05 3.24041e-05 1.4182e-05 4.6989e-06 8.56106e-07 0 
0 0.000145127 0.000481992 0.000707498 0.000597816 0.000328895 0.000135434 4.7526e-05 1.57865e-05 5.41449e-06 2.06603e-06 9.33367e-07 5.23357e-07 3.7513e-07 3.47325e-07 4.11928e-07 6.10038e-07 1.08366e-06 2.19005e-06 4.7071e-06 9.77506e-06 1.6471e-05 1.51207e-05 2.90696e-06 1.6534e-08 2.23601e-13 2.3921e-15 2.84922e-16 2.14382e-16 4.63049e-17 1.72109e-16 1.89092e-10 7.22461e-07 2.02005e-05 4.85324e-05 4.21038e-05 2.38331e-05 1.04976e-05 3.48396e-06 6.3503e-07 0 
0 0.00011075 0.000401404 0.000701545 0.000777349 0.000596248 0.000348483 0.000173023 8.03547e-05 3.76877e-05 1.89679e-05 1.07447e-05 7.09518e-06 5.5811e-06 5.26919e-06 5.9334e-06 7.81854e-06 1.16946e-05 1.905e-05 3.19486e-05 5.05429e-05 6.3493e-05 4.20912e-05 5.39917e-06 1.63376e-08 6.98576e-14 2.36359e-15 2.14382e-16 6.49556e-17 1.59369e-16 5.66998e-15 5.5284e-11 3.84787e-07 1.34434e-05 3.44199e-05 3.03052e-05 1.72045e-05 7.58155e-06 2.51631e-06 4.58653e-07 0 
0 8.05544e-05 0.000308994 0.000607797 0.000822319 0.000826153 0.000653166 0.000437864 0.000269409 0.00016293 0.000102161 6.90972e-05 5.18212e-05 4.38102e-05 4.19903e-05 4.54207e-05 5.46729e-05 7.15639e-05 9.8595e-05 0.000136463 0.000175945 0.000182266 0.000108126 1.6361e-05 1.18168e-07 4.78416e-12 5.50307e-16 4.63049e-17 1.59369e-16 7.85801e-17 1.43908e-15 5.77726e-10 7.42573e-07 1.31437e-05 2.6714e-05 2.19008e-05 1.21754e-05 5.33331e-06 1.76714e-06 3.21949e-07 0 
0 5.59942e-05 0.000222164 0.000469745 0.000723834 0.000882501 0.000886269 0.000765761 0.000600234 0.000450377 0.000338698 0.000264366 0.000219382 0.000196314 0.000190435 0.000199689 0.000224016 0.000264156 0.000319085 0.000380326 0.000421608 0.000390248 0.000240517 5.96255e-05 2.20407e-06 3.63706e-09 3.39823e-13 1.72109e-16 5.66999e-15 1.43908e-15 1.4894e-11 3.49847e-08 2.79451e-06 1.57507e-05 2.15875e-05 1.56623e-05 8.40078e-06 3.64251e-06 1.20346e-06 2.19078e-07 0 
0 3.72475e-05 0.000150545 0.000331282 0.000550112 0.000755878 0.000893077 0.00093299 0.000888869 0.00079938 0.000701755 0.000618585 0.000559032 0.000524743 0.000514487 0.000526316 0.000557725 0.000604241 0.000656523 0.000696261 0.000692601 0.000605194 0.000410313 0.000168093 2.66419e-05 1.0048e-06 1.1036e-08 1.89092e-10 5.52839e-11 5.77726e-10 3.49847e-08 1.20354e-06 8.88748e-06 1.78898e-05 1.68797e-05 1.08466e-05 5.60606e-06 2.40434e-06 7.91877e-07 1.44024e-07 0 
0 2.36892e-05 9.66462e-05 0.000216995 0.000374403 0.000548412 0.000711091 0.000835987 0.000909056 0.000933178 0.000923241 0.000897208 0.000869669 0.000849685 0.000841238 0.000844265 0.000855242 0.00086718 0.000869432 0.000847972 0.000786894 0.00067194 0.000498583 0.000290056 0.000112872 2.55994e-05 3.85598e-06 7.22461e-07 3.84787e-07 7.42573e-07 2.79451e-06 8.88748e-06 1.59223e-05 1.66379e-05 1.21576e-05 7.14653e-06 3.58843e-06 1.52527e-06 5.00996e-07 9.10471e-08 0 
0 1.43474e-05 5.87918e-05 0.000133237 0.000234003 0.000353264 0.000479424 0.000599157 0.000700852 0.000777823 0.000829406 0.000859563 0.000874198 0.000878713 0.000876552 0.0008687 0.000853831 0.00082887 0.000789861 0.000733001 0.00065564 0.000557046 0.000439347 0.000310201 0.000187077 9.38754e-05 4.18061e-05 2.02005e-05 1.34434e-05 1.31437e-05 1.57507e-05 1.78898e-05 1.66379e-05 1.25116e-05 7.95145e-06 4.434e-06 2.18582e-06 9.23459e-07 3.02737e-07 5.4984e-08 0 
0 8.20831e-06 3.37008e-05 7.66811e-05 0.000135696 0.000207508 0.00028723 0.000368867 0.000446275 0.00051427 0.000569446 0.000610362 0.000637119 0.000650638 0.000651972 0.000641907 0.000620876 0.000589154 0.000547168 0.000495797 0.000436509 0.000371312 0.00030267 0.000233735 0.000168974 0.000114135 7.38646e-05 4.85324e-05 3.44199e-05 2.6714e-05 2.15875e-05 1.68797e-05 1.21576e-05 7.95145e-06 4.73693e-06 2.57219e-06 1.25537e-06 5.28486e-07 1.73046e-07 3.14169e-08 0 
0 4.37381e-06 1.7972e-05 4.0959e-05 7.26992e-05 0.000111737 0.000155871 0.000202347 0.000248167 0.000290454 0.000326789 0.000355418 0.000375301 0.000386025 0.000387656 0.000380613 0.000365591 0.000343533 0.000315623 0.000283258 0.000247974 0.000211345 0.000174886 0.000140034 0.000108196 8.07298e-05 5.8642e-05 4.21038e-05 3.03052e-05 2.19008e-05 1.56623e-05 1.08466e-05 7.14653e-06 4.434e-06 2.57219e-06 1.38024e-06 6.70386e-07 2.81704e-07 9.21797e-08 1.67317e-08 0 
0 2.11756e-06 8.70384e-06 1.98488e-05 3.52698e-05 5.43102e-05 7.59772e-05 9.90214e-05 0.000122052 0.000143671 0.00016261 0.000177835 0.000188616 0.000194549 0.000195544 0.000191798 0.000183751 0.000172038 0.000157438 0.000140817 0.000123061 0.000105013 8.74269e-05 7.09365e-05 5.605e-05 4.31389e-05 3.24041e-05 2.38331e-05 1.72045e-05 1.21754e-05 8.40078e-06 5.60606e-06 3.58843e-06 2.18582e-06 1.25537e-06 6.70386e-07 3.24921e-07 1.36418e-07 4.46245e-08 8.0989e-09 0 
0 8.88613e-07 3.65292e-06 8.33227e-06 1.48118e-05 2.28229e-05 3.19595e-05 4.17094e-05 5.14979e-05 6.07389e-05 6.88864e-05 7.54799e-05 8.01788e-05 8.27819e-05 8.32327e-05 8.16118e-05 7.81194e-05 7.30504e-05 6.67639e-05 5.96515e-05 5.21054e-05 4.44905e-05 3.71228e-05 3.02566e-05 2.40778e-05 1.87035e-05 1.4182e-05 1.04976e-05 7.58155e-06 5.33331e-06 3.64251e-06 2.40434e-06 1.52527e-06 9.23459e-07 5.28486e-07 2.81704e-07 1.36418e-07 5.72542e-08 1.87259e-08 3.39836e-09 0 
0 2.90616e-07 1.19472e-06 2.72537e-06 4.84541e-06 7.46775e-06 1.04607e-05 1.3658e-05 1.68727e-05 1.99131e-05 2.25992e-05 2.47775e-05 2.63332e-05 2.71969e-05 2.73481e-05 2.68129e-05 2.56585e-05 2.39844e-05 2.19116e-05 1.95711e-05 1.70935e-05 1.4599e-05 1.21909e-05 9.95052e-06 7.93573e-06 6.18093e-06 4.6989e-06 3.48396e-06 2.51631e-06 1.76714e-06 1.20346e-06 7.91877e-07 5.00996e-07 3.02737e-07 1.73046e-07 9.21797e-08 4.46245e-08 1.87259e-08 6.1242e-09 1.11139e-09 0 
0 5.27393e-08 2.16814e-07 4.94605e-07 8.79396e-07 1.35543e-06 1.89886e-06 2.4796e-06 3.06376e-06 3.61655e-06 4.10523e-06 4.50181e-06 4.7852e-06 4.94265e-06 4.97031e-06 4.8729e-06 4.66273e-06 4.35802e-06 3.98091e-06 3.55538e-06 3.10522e-06 2.65233e-06 2.21539e-06 1.80908e-06 1.44371e-06 1.12532e-06 8.56106e-07 6.3503e-07 4.58653e-07 3.21949e-07 2.19078e-07 1.44024e-07 9.10471e-08 5.4984e-08 3.14169e-08 1.67317e-08 8.0989e-09 3.39836e-09 1.11139e-09 2.01686e-10 0 
0 0 0 0 0 0 0 0 0 0 0 0 0 0 0 0 0 0 0 0 0 0 0 0 0 0 0 0 0 0 0 0 0 0 0 0 0 0 0 0 0 
