0 0 0 0 0 0 0 0 0 0 0 0 0 0 0 0 0 0 0 0 0 0 0 0 0 0 0 0 0 0 0 0 0 0 0 0 0 0 0 0 0 
0 1.34876e-05 5.39548e-05 0.000116933 0.000190956 0.000259883 0.000309657 0.000334527 0.000337574 0.00032656 0.00030949 0.000292339 0.000278721 0.000270431 0.000268094 0.000271606 0.00028032 0.000293032 0.000307861 0.000322171 0.000332661 0.000335787 0.000328522 0.000309288 0.00027868 0.000239549 0.000196262 0.000153429 0.000114719 8.22485e-05 5.66414e-05 3.74694e-05 2.37577e-05 1.43664e-05 8.21305e-06 4.37486e-06 2.11776e-06 8.88646e-07 2.9062e-07 5.27396e-08 0 
0 5.39548e-05 0.000207563 0.000415895 0.000593566 0.000662793 0.000613681 0.000498203 0.000374481 0.00027359 0.000202252 0.000156124 0.000128745 0.000115043 0.000112055 0.000118755 0.000135764 0.00016509 0.000209726 0.000272744 0.000355471 0.000454655 0.000559528 0.000651066 0.000706275 0.000707634 0.000652543 0.00055522 0.000439043 0.000325687 0.000228617 0.000152741 9.7311e-05 5.89716e-05 3.37443e-05 1.79813e-05 8.70559e-06 3.6532e-06 1.19475e-06 2.16817e-07 0 
0 0.000116933 0.000415895 0.000710562 0.000776401 0.00059847 0.000356854 0.000181356 8.57749e-05 4.06735e-05 2.05758e-05 1.16769e-05 7.71839e-06 6.08433e-06 5.77221e-06 6.5584e-06 8.77191e-06 1.34424e-05 2.28172e-05 4.13302e-05 7.69295e-05 0.00014194 0.000251178 0.000413854 0.000618429 0.000820059 0.000951263 0.000962335 0.000857109 0.000684756 0.000501268 0.000342244 0.000220304 0.000134117 7.6889e-05 4.10024e-05 1.98567e-05 8.33348e-06 2.72551e-06 4.94614e-07 0 
0 0.000190956 0.000593566 0.000776401 0.000559022 0.000253864 8.40328e-05 2.31771e-05 5.98289e-06 1.60341e-06 4.89328e-07 1.83851e-07 9.02489e-08 6.00887e-08 5.50285e-08 6.87011e-08 1.13567e-07 2.3757e-07 5.94524e-07 1.6736e-06 4.98304e-06 1.4821e-05 4.19014e-05 0.000108061 0.000245751 0.000478702 0.000778622 0.00103917 0.00113704 0.00104092 0.00082549 0.000587839 0.00038606 0.000237099 0.000136416 7.28465e-05 3.52961e-05 1.48157e-05 4.84585e-06 8.79423e-07 0 
0 0.000259883 0.000662793 0.00059847 0.000253864 6.13372e-05 1.01298e-05 1.34298e-06 1.66101e-07 2.21336e-08 3.62971e-09 8.20894e-10 2.79323e-10 1.51047e-10 1.32438e-10 1.85696e-10 3.98483e-10 1.22286e-09 4.93389e-09 2.3872e-08 1.26336e-07 6.71703e-07 3.3359e-06 1.46082e-05 5.40655e-05 0.000164028 0.000397885 0.000753739 0.00109711 0.00123508 0.00111575 0.000853448 0.00058033 0.000361897 0.000209509 0.00011214 5.43806e-05 2.28332e-05 7.46888e-06 1.35549e-06 0 
0 0.000309657 0.000613681 0.000356854 8.40328e-05 1.01298e-05 7.67354e-07 4.42948e-08 2.36639e-09 1.41912e-10 1.14428e-11 1.44872e-12 3.24264e-13 1.38237e-13 1.15311e-13 1.84578e-13 5.33553e-13 2.53652e-12 1.76623e-11 1.58681e-10 1.62022e-09 1.67188e-08 1.57668e-07 1.25567e-06 7.98733e-06 3.9204e-05 0.000145533 0.00040208 0.000811643 0.00118552 0.00128207 0.00108996 0.000781845 0.000499346 0.000291892 0.000156805 7.61379e-05 3.19825e-05 1.04632e-05 1.89901e-06 0 
0 0.000334527 0.000498203 0.000181356 2.31771e-05 1.34298e-06 4.42948e-08 1.04906e-09 2.27838e-11 5.80537e-13 2.1873e-14 1.48712e-15 2.12473e-16 7.0192e-17 5.54901e-17 1.0233e-16 4.06891e-16 3.09078e-15 3.861e-14 6.73207e-13 1.39035e-11 2.92131e-10 5.4804e-09 8.28328e-08 9.38454e-07 7.63887e-06 4.38731e-05 0.000176882 0.00049708 0.000961424 0.00128631 0.0012527 0.00096633 0.000638186 0.000378205 0.000204221 9.93412e-05 4.17547e-05 1.36629e-05 2.47988e-06 0 
0 0.000337574 0.000374481 8.57749e-05 5.98289e-06 1.66101e-07 2.36639e-09 2.27838e-11 1.99348e-13 2.14029e-15 3.74074e-17 1.35973e-18 1.25423e-19 3.32765e-20 2.52353e-20 5.1901e-20 2.76633e-19 3.34859e-18 7.54024e-17 2.56712e-15 1.07962e-13 4.6521e-12 1.74895e-10 5.05299e-09 1.02597e-07 1.38947e-06 1.2309e-05 7.15401e-05 0.00027507 0.000698005 0.00116463 0.00132233 0.0011136 0.000767059 0.000462645 0.000251481 0.000122615 5.1577e-05 1.68811e-05 3.06424e-06 0 
0 0.00032656 0.00027359 4.06735e-05 1.60341e-06 2.21336e-08 1.41912e-10 5.80537e-13 2.14029e-15 1.01064e-17 8.57799e-20 1.93722e-21 1.81844e-22 6.08607e-23 4.87514e-23 8.39731e-23 3.64973e-22 5.19239e-21 1.94459e-19 1.24685e-17 1.03072e-15 8.7917e-14 6.4027e-12 3.42749e-10 1.21311e-08 2.66756e-07 3.56262e-06 2.91232e-05 0.000148897 0.00048248 0.00098982 0.00131151 0.001214 0.000876885 0.00053976 0.000295685 0.000144561 6.08632e-05 1.99261e-05 3.61729e-06 0 
0 0.00030949 0.000202252 2.05758e-05 4.89328e-07 3.62971e-09 1.14428e-11 2.1873e-14 3.74074e-17 8.57799e-20 4.38551e-22 1.00403e-23 1.25524e-24 5.20608e-25 4.35253e-25 6.473e-25 2.12457e-24 2.31709e-23 1.00675e-21 1.07414e-19 1.61504e-17 2.52773e-15 3.31436e-13 3.07147e-11 1.78313e-09 6.0387e-08 1.16215e-06 1.2841e-05 8.40483e-05 0.000335248 0.000821617 0.00125238 0.00127009 0.000962546 0.000605163 0.000334238 0.000163882 6.90634e-05 2.26177e-05 4.10628e-06 0 
0 0.000292339 0.000156124 1.16769e-05 1.83851e-07 8.20894e-10 1.44872e-12 1.48712e-15 1.35973e-18 1.93722e-21 1.00403e-23 2.23073e-25 2.61453e-26 1.17705e-26 1.00686e-26 1.36002e-26 3.87094e-26 4.00027e-25 1.69444e-23 2.2404e-21 5.33135e-19 1.36962e-16 2.90475e-14 4.21748e-12 3.67146e-10 1.77118e-08 4.59822e-07 6.49896e-06 5.19335e-05 0.000244269 0.000689155 0.00117826 0.00129282 0.00102307 0.000655939 0.000365077 0.000179492 7.57103e-05 2.48015e-05 4.50316e-06 0 
0 0.000278721 0.000128745 7.71839e-06 9.02489e-08 2.79323e-10 3.24264e-13 2.12473e-16 1.25423e-19 1.81844e-22 1.25524e-24 2.61456e-26 1.60481e-27 4.90376e-28 4.02353e-28 5.41452e-28 1.94333e-27 2.8852e-26 1.25951e-24 1.51519e-22 4.50691e-20 1.64791e-17 4.9478e-15 9.94049e-13 1.16025e-10 7.23251e-09 2.33265e-07 3.94026e-06 3.63517e-05 0.000192237 0.000599126 0.00111291 0.0012956 0.00106045 0.000690638 0.000386798 0.000190597 8.04544e-05 2.63619e-05 4.78681e-06 0 
0 0.000270431 0.000115043 6.08433e-06 6.00887e-08 1.51047e-10 1.38237e-13 7.0192e-17 3.32765e-20 6.0861e-23 5.20613e-25 1.17707e-26 4.90385e-28 4.63606e-29 2.32941e-29 4.4511e-29 3.84521e-28 8.27435e-27 3.51509e-25 3.6524e-23 1.10268e-20 4.8815e-18 1.78642e-15 4.31922e-13 5.96018e-11 4.30146e-09 1.57069e-07 2.93811e-06 2.94238e-05 0.000166313 0.0005485 0.00106905 0.00128952 0.00107779 0.000708959 0.000398668 0.000196735 8.30863e-05 2.72286e-05 4.94443e-06 0 
0 0.000268094 0.000112055 5.77221e-06 5.50285e-08 1.32438e-10 1.15311e-13 5.54901e-17 2.52353e-20 4.87516e-23 4.35258e-25 1.00687e-26 4.02362e-28 2.32946e-29 4.60691e-30 1.89156e-29 2.731e-28 6.34739e-27 2.66997e-25 2.68626e-23 8.03188e-21 3.69567e-18 1.41088e-15 3.5504e-13 5.0812e-11 3.78689e-09 1.42122e-07 2.71942e-06 2.77388e-05 0.000159206 0.00053237 0.00105103 0.00128102 0.00107777 0.000711321 0.000400571 0.000197782 8.35447e-05 2.73805e-05 4.97213e-06 0 
0 0.000271606 0.000118755 6.5584e-06 6.87011e-08 1.85696e-10 1.84578e-13 1.0233e-16 5.1901e-20 8.39733e-23 6.47306e-25 1.36004e-26 5.41462e-28 4.45112e-29 1.89153e-29 4.8413e-29 4.90579e-28 1.09314e-26 4.91008e-25 5.48338e-23 1.67601e-20 6.96023e-18 2.38279e-15 5.41847e-13 7.08016e-11 4.87493e-09 1.71136e-07 3.10063e-06 3.02838e-05 0.00016799 0.000546827 0.00105752 0.00127132 0.00106176 0.000698538 0.000392918 0.000193932 8.19096e-05 2.68439e-05 4.87465e-06 0 
0 0.00028032 0.000135764 8.77191e-06 1.13567e-07 3.98483e-10 5.33553e-13 4.06891e-16 2.76633e-19 3.64973e-22 2.12458e-24 3.87097e-26 1.94334e-27 3.84515e-28 2.73095e-28 4.90573e-28 2.76743e-27 5.05767e-26 2.47072e-24 3.26638e-22 9.22885e-20 2.99757e-17 8.01566e-15 1.44791e-12 1.53756e-10 8.83465e-09 2.66185e-07 4.25541e-06 3.76142e-05 0.000192779 0.000588687 0.00108243 0.00125688 0.00102976 0.00067167 0.000376563 0.000185652 7.83853e-05 2.56863e-05 4.6643e-06 0 
0 0.000293032 0.00016509 1.34424e-05 2.3757e-07 1.22286e-09 2.53652e-12 3.09078e-15 3.34859e-18 5.19239e-21 2.31709e-23 4.00027e-25 2.88518e-26 8.27424e-27 6.3473e-27 1.09313e-26 5.05765e-26 7.95357e-25 4.12186e-23 5.50579e-21 1.1597e-18 2.5917e-16 4.81303e-14 6.18674e-12 4.83353e-10 2.12436e-08 5.10272e-07 6.77531e-06 5.16343e-05 0.00023519 0.000652888 0.0011142 0.00123031 0.000980825 0.000632046 0.000352724 0.000173629 7.32734e-05 2.40078e-05 4.35935e-06 0 
0 0.000307861 0.000209726 2.28172e-05 5.94524e-07 4.93389e-09 1.76623e-11 3.861e-14 7.54024e-17 1.94459e-19 1.00675e-21 1.69444e-23 1.2595e-24 3.51507e-25 2.66995e-25 4.91005e-25 2.47072e-24 4.12186e-23 2.06892e-21 2.04613e-19 2.74235e-17 3.82699e-15 4.50078e-13 3.77453e-11 2.00464e-09 6.28544e-08 1.1342e-06 1.19105e-05 7.52436e-05 0.000295232 0.000727461 0.00113431 0.0011817 0.000913954 0.000581359 0.000322893 0.000158697 6.69411e-05 2.19303e-05 3.98197e-06 0 
0 0.000322171 0.000272744 4.13302e-05 1.6736e-06 2.3872e-08 1.58681e-10 6.73207e-13 2.56712e-15 1.24685e-17 1.07414e-19 2.2404e-21 1.51519e-22 3.65239e-23 2.68625e-23 5.48337e-23 3.26638e-22 5.50579e-21 2.04613e-19 1.25478e-17 9.90615e-16 8.08114e-14 5.63987e-12 2.8995e-10 9.87732e-09 2.09605e-07 2.71348e-06 2.16854e-05 0.000110151 0.000364117 0.000786228 0.0011166 0.00110049 0.000828802 0.000521698 0.000288745 0.000141771 5.97866e-05 1.95855e-05 3.5562e-06 0 
0 0.000332661 0.000355471 7.69295e-05 4.98304e-06 1.26336e-07 1.62022e-09 1.39035e-11 1.07962e-13 1.03072e-15 1.61504e-17 5.33135e-19 4.50691e-20 1.10268e-20 8.03188e-21 1.67601e-20 9.22885e-20 1.1597e-18 2.74235e-17 9.90615e-16 4.44317e-14 2.04112e-12 8.13272e-11 2.46315e-09 5.16643e-08 7.11933e-07 6.35499e-06 3.73608e-05 0.000149017 0.000411015 0.000782334 0.00102925 0.000977362 0.000726078 0.000455456 0.000252006 0.000123768 5.22065e-05 1.71043e-05 3.10585e-06 0 
0 0.000335787 0.000454655 0.00014194 1.4821e-05 6.71703e-07 1.67188e-08 2.92131e-10 4.6521e-12 8.7917e-14 2.52773e-15 1.36962e-16 1.64791e-17 4.8815e-18 3.69567e-18 6.96023e-18 2.99757e-17 2.5917e-16 3.82699e-15 8.08114e-14 2.04112e-12 5.21875e-11 1.16785e-09 2.03417e-08 2.53575e-07 2.1628e-06 1.26026e-05 5.20183e-05 0.000159613 0.000373005 0.000654506 0.000842434 0.000806175 0.000607491 0.000385133 0.000214333 0.000105544 4.45671e-05 1.46073e-05 2.65282e-06 0 
0 0.000328522 0.000559528 0.000251178 4.19014e-05 3.3359e-06 1.57668e-07 5.4804e-09 1.74895e-10 6.4027e-12 3.31436e-13 2.90475e-14 4.9478e-15 1.78642e-15 1.41088e-15 2.38279e-15 8.01566e-15 4.81303e-14 4.50078e-13 5.63987e-12 8.13272e-11 1.16785e-09 1.46545e-08 1.4352e-07 1.00376e-06 4.78572e-06 1.59599e-05 4.14312e-05 9.53148e-05 0.000204218 0.000380574 0.000551567 0.000588336 0.000476006 0.000313218 0.000177226 8.78475e-05 3.7184e-05 1.21975e-05 2.21578e-06 0 
0 0.000309288 0.000651066 0.000413854 0.000108061 1.46082e-05 1.25567e-06 8.28328e-08 5.05299e-09 3.42749e-10 3.07147e-11 4.21748e-12 9.94049e-13 4.31922e-13 3.5504e-13 5.41847e-13 1.44791e-12 6.18674e-12 3.77453e-11 2.8995e-10 2.46315e-09 2.03417e-08 1.4352e-07 7.55679e-07 2.58931e-06 5.29073e-06 6.99024e-06 8.31136e-06 1.34513e-05 3.37869e-05 9.97505e-05 0.000232443 0.000346989 0.000338184 0.000242487 0.000142034 7.12981e-05 3.0309e-05 9.95617e-06 1.80941e-06 0 
0 0.00027868 0.000706275 0.000618429 0.000245751 5.40655e-05 7.98733e-06 9.38454e-07 1.02597e-07 1.21311e-08 1.78313e-09 3.67146e-10 1.16025e-10 5.96018e-11 5.0812e-11 7.08016e-11 1.53756e-10 4.83353e-10 2.00464e-09 9.87732e-09 5.16643e-08 2.53575e-07 1.00376e-06 2.58931e-06 3.25072e-06 1.54241e-06 3.24644e-07 7.67315e-08 7.18642e-08 3.92223e-07 4.95873e-06 4.26274e-05 0.000143614 0.000208826 0.000176756 0.000110033 5.6381e-05 2.41251e-05 7.94075e-06 1.444e-06 0 
0 0.000239549 0.000707634 0.000820059 0.000478702 0.000164028 3.9204e-05 7.63887e-06 1.38947e-06 2.66756e-07 6.0387e-08 1.77118e-08 7.23251e-09 4.30146e-09 3.78689e-09 4.87493e-09 8.83465e-09 2.12436e-08 6.28544e-08 2.09605e-07 7.11933e-07 2.1628e-06 4.78572e-06 5.29073e-06 1.54241e-06 5.95222e-08 3.76651e-10 3.57928e-12 1.28587e-12 4.79557e-11 1.61242e-08 2.22126e-06 3.6948e-05 0.00010945 0.000121054 8.24403e-05 4.34446e-05 1.87463e-05 6.18538e-06 1.12557e-06 0 
0 0.000196262 0.000652543 0.000951263 0.000778622 0.000397885 0.000145533 4.38731e-05 1.2309e-05 3.56262e-06 1.16215e-06 4.59822e-07 2.33265e-07 1.57069e-07 1.42122e-07 1.71136e-07 2.66185e-07 5.10272e-07 1.1342e-06 2.71348e-06 6.35499e-06 1.26026e-05 1.59599e-05 6.99024e-06 3.24644e-07 3.76651e-10 1.32916e-14 3.53878e-16 1.87986e-15 7.44766e-17 4.18702e-12 3.9352e-08 6.64375e-06 5.15603e-05 7.96333e-05 6.01544e-05 3.26728e-05 1.42189e-05 4.70266e-06 8.56313e-07 0 
0 0.000153429 0.00055522 0.000962335 0.00103917 0.000753739 0.00040208 0.000176882 7.15401e-05 2.91232e-05 1.2841e-05 6.49896e-06 3.94026e-06 2.93811e-06 2.71942e-06 3.10063e-06 4.25541e-06 6.77531e-06 1.19105e-05 2.16854e-05 3.73608e-05 5.20183e-05 4.14312e-05 8.31136e-06 7.67315e-08 3.57928e-12 3.53877e-16 1.81825e-17 5.57888e-17 3.17642e-17 2.0683e-15 1.04496e-09 1.45357e-06 2.6082e-05 5.29602e-05 4.33193e-05 2.40478e-05 1.05266e-05 3.48687e-06 6.35189e-07 0 
0 0.000114719 0.000439043 0.000857109 0.00113704 0.00109711 0.000811643 0.00049708 0.00027507 0.000148897 8.40483e-05 5.19335e-05 3.63517e-05 2.94238e-05 2.77388e-05 3.02838e-05 3.76142e-05 5.16343e-05 7.52436e-05 0.000110151 0.000149017 0.000159613 9.53148e-05 1.34513e-05 7.18642e-08 1.28587e-12 1.87986e-15 5.57889e-17 7.42198e-18 9.88147e-18 2.30481e-16 3.40087e-10 8.00316e-07 1.74816e-05 3.75837e-05 3.11713e-05 1.7356e-05 7.60186e-06 2.51834e-06 4.58764e-07 0 
0 8.22485e-05 0.000325687 0.000684756 0.00104092 0.00123508 0.00118552 0.000961424 0.000698005 0.00048248 0.000335248 0.000244269 0.000192237 0.000166313 0.000159206 0.00016799 0.000192779 0.00023519 0.000295232 0.000364117 0.000411015 0.000373005 0.000204218 3.37869e-05 3.92223e-07 4.79557e-11 7.44766e-17 3.17641e-17 9.88146e-18 3.43481e-17 3.06185e-14 2.57094e-09 1.37024e-06 1.64222e-05 2.88e-05 2.24383e-05 1.22681e-05 5.34575e-06 1.76839e-06 3.22017e-07 0 
0 5.66414e-05 0.000228617 0.000501268 0.00082549 0.00111575 0.00128207 0.00128631 0.00116463 0.00098982 0.000821617 0.000689155 0.000599126 0.0005485 0.00053237 0.000546827 0.000588687 0.000652888 0.000727461 0.000786228 0.000782334 0.000654506 0.000380574 9.97505e-05 4.95873e-06 1.61242e-08 4.18702e-12 2.0683e-15 2.30481e-16 3.06185e-14 1.00546e-10 9.22494e-08 4.22535e-06 1.84129e-05 2.27962e-05 1.59477e-05 8.44951e-06 3.64911e-06 1.20413e-06 2.19116e-07 0 
0 3.74694e-05 0.000152741 0.000342244 0.000587839 0.000853448 0.00108996 0.0012527 0.00132233 0.00131151 0.00125238 0.00117826 0.00111291 0.00106905 0.00105103 0.00105752 0.00108243 0.0011142 0.00113431 0.0011166 0.00102925 0.000842434 0.000551567 0.000232443 4.26274e-05 2.22126e-06 3.9352e-08 1.04496e-09 3.40087e-10 2.57094e-09 9.22494e-08 2.01168e-06 1.11997e-05 1.96194e-05 1.74609e-05 1.09744e-05 5.62794e-06 2.40737e-06 7.92192e-07 1.44042e-07 0 
0 2.37577e-05 9.7311e-05 0.000220304 0.00038606 0.00058033 0.000781845 0.00096633 0.0011136 0.001214 0.00127009 0.00129282 0.0012956 0.00128952 0.00128102 0.00127132 0.00125688 0.00123031 0.0011817 0.00110049 0.000977362 0.000806175 0.000588336 0.000346989 0.000143614 3.6948e-05 6.64375e-06 1.45357e-06 8.00316e-07 1.37024e-06 4.22535e-06 1.11997e-05 1.77893e-05 1.74418e-05 1.23831e-05 7.19466e-06 3.59683e-06 1.52647e-06 5.01125e-07 9.10546e-08 0 
0 1.43664e-05 5.89716e-05 0.000134117 0.000237099 0.000361897 0.000499346 0.000638186 0.000767059 0.000876885 0.000962546 0.00102307 0.00106045 0.00107779 0.00107777 0.00106176 0.00102976 0.000980825 0.000913954 0.000828802 0.000726078 0.000607491 0.000476006 0.000338184 0.000208826 0.00010945 5.15603e-05 2.6082e-05 1.74816e-05 1.64222e-05 1.84129e-05 1.96194e-05 1.74418e-05 1.27831e-05 8.02267e-06 4.44934e-06 2.1886e-06 9.23871e-07 3.02783e-07 5.49868e-08 0 
0 8.21305e-06 3.37443e-05 7.6889e-05 0.000136416 0.000209509 0.000291892 0.000378205 0.000462645 0.00053976 0.000605163 0.000655939 0.000690638 0.000708959 0.000711321 0.000698538 0.00067167 0.000632046 0.000581359 0.000521698 0.000455456 0.000385133 0.000313218 0.000242487 0.000176756 0.000121054 7.96333e-05 5.29602e-05 3.75837e-05 2.88e-05 2.27962e-05 1.74609e-05 1.23831e-05 8.02267e-06 4.75566e-06 2.57636e-06 1.25616e-06 5.28609e-07 1.7306e-07 3.14178e-08 0 
0 4.37486e-06 1.79813e-05 4.10024e-05 7.28465e-05 0.00011214 0.000156805 0.000204221 0.000251481 0.000295685 0.000334238 0.000365077 0.000386798 0.000398668 0.000400571 0.000392918 0.000376563 0.000352724 0.000322893 0.000288745 0.000252006 0.000214333 0.000177226 0.000142034 0.000110033 8.24403e-05 6.01544e-05 4.33193e-05 3.11713e-05 2.24383e-05 1.59477e-05 1.09744e-05 7.19466e-06 4.44934e-06 2.57636e-06 1.38121e-06 6.70579e-07 2.81735e-07 9.21835e-08 1.67319e-08 0 
0 2.11776e-06 8.70559e-06 1.98567e-05 3.52961e-05 5.43806e-05 7.61379e-05 9.93412e-05 0.000122615 0.000144561 0.000163882 0.000179492 0.000190597 0.000196735 0.000197782 0.000193932 0.000185652 0.000173629 0.000158697 0.000141771 0.000123768 0.000105544 8.78475e-05 7.12981e-05 5.6381e-05 4.34446e-05 3.26728e-05 2.40478e-05 1.7356e-05 1.22681e-05 8.44951e-06 5.62794e-06 3.59683e-06 2.1886e-06 1.25616e-06 6.70579e-07 3.24961e-07 1.36425e-07 4.46254e-08 8.09896e-09 0 
0 8.88646e-07 3.6532e-06 8.33348e-06 1.48157e-05 2.28332e-05 3.19825e-05 4.17547e-05 5.1577e-05 6.08632e-05 6.90634e-05 7.57103e-05 8.04544e-05 8.30863e-05 8.35447e-05 8.19096e-05 7.83853e-05 7.32734e-05 6.69411e-05 5.97866e-05 5.22065e-05 4.45671e-05 3.7184e-05 3.0309e-05 2.41251e-05 1.87463e-05 1.42189e-05 1.05266e-05 7.60186e-06 5.34575e-06 3.64911e-06 2.40737e-06 1.52647e-06 9.23871e-07 5.28609e-07 2.81735e-07 1.36425e-07 5.72555e-08 1.87261e-08 3.39838e-09 0 
0 2.9062e-07 1.19475e-06 2.72551e-06 4.84585e-06 7.46888e-06 1.04632e-05 1.36629e-05 1.68811e-05 1.99261e-05 2.26177e-05 2.48015e-05 2.63619e-05 2.72286e-05 2.73805e-05 2.68439e-05 2.56863e-05 2.40078e-05 2.19303e-05 1.95855e-05 1.71043e-05 1.46073e-05 1.21975e-05 9.95617e-06 7.94075e-06 6.18538e-06 4.70266e-06 3.48687e-06 2.51834e-06 1.76839e-06 1.20413e-06 7.92192e-07 5.01125e-07 3.02783e-07 1.7306e-07 9.21835e-08 4.46254e-08 1.87261e-08 6.12422e-09 1.11139e-09 0 
0 5.27396e-08 2.16817e-07 4.94614e-07 8.79423e-07 1.35549e-06 1.89901e-06 2.47988e-06 3.06424e-06 3.61729e-06 4.10628e-06 4.50316e-06 4.78681e-06 4.94443e-06 4.97213e-06 4.87465e-06 4.6643e-06 4.35935e-06 3.98197e-06 3.5562e-06 3.10585e-06 2.65282e-06 2.21578e-06 1.80941e-06 1.444e-06 1.12557e-06 8.56313e-07 6.35189e-07 4.58764e-07 3.22017e-07 2.19116e-07 1.44042e-07 9.10546e-08 5.49868e-08 3.14178e-08 1.67319e-08 8.09896e-09 3.39838e-09 1.11139e-09 2.01686e-10 0 
0 0 0 0 0 0 0 0 0 0 0 0 0 0 0 0 0 0 0 0 0 0 0 0 0 0 0 0 0 0 0 0 0 0 0 0 0 0 0 0 0 
