0 0 0 0 0 0 0 0 0 0 0 0 0 0 0 0 0 0 0 0 0 0 0 0 0 0 0 0 0 0 0 0 0 0 0 0 0 0 0 0 0 
0 1.37909e-05 5.66951e-05 0.000129333 0.000229944 0.000354393 0.000496418 0.000648101 0.000800524 0.00094454 0.00107159 0.00117442 0.0012477 0.00128827 0.00129528 0.00127003 0.00121567 0.0011368 0.00103904 0.000928523 0.000811401 0.000693393 0.000579414 0.000473338 0.000377888 0.000294661 0.000224236 0.00016636 0.000120154 8.43266e-05 5.73648e-05 3.7699e-05 2.38241e-05 1.43839e-05 8.21723e-06 4.37575e-06 2.11793e-06 8.88673e-07 2.90623e-07 5.27398e-08 0 
0 5.66951e-05 0.000233072 0.000531662 0.000945167 0.00145644 0.00203946 0.00266118 0.00328436 0.00387089 0.00438559 0.00479949 0.00509222 0.00525286 0.00527949 0.00517794 0.00496044 0.0046443 0.0042508 0.00380376 0.00332776 0.00284627 0.00237987 0.00194495 0.00155312 0.00121122 0.000921796 0.000683902 0.00049396 0.000346673 0.000235832 0.000154984 9.79433e-05 5.91335e-05 3.37818e-05 1.79891e-05 8.70702e-06 3.65342e-06 1.19478e-06 2.16818e-07 0 
0 0.000129333 0.000531662 0.00121266 0.00215533 0.00331971 0.00464459 0.00605154 0.00745153 0.0087543 0.00987938 0.010766 0.0113785 0.011705 0.0117515 0.0115345 0.0110771 0.0104085 0.00956523 0.00859245 0.00754178 0.00646658 0.00541619 0.00443118 0.00354071 0.00276221 0.00210255 0.00156006 0.00112682 0.000790846 0.000537994 0.00035356 0.000223435 0.000134899 7.70654e-05 4.10381e-05 1.98631e-05 8.33443e-06 2.72561e-06 4.94621e-07 0 
0 0.000229944 0.000945167 0.00215533 0.00382884 0.00589088 0.00822445 0.0106759 0.0130682 0.0152253 0.0170044 0.0183233 0.0191677 0.0195735 0.0195942 0.0192724 0.018629 0.0176717 0.0164145 0.0148963 0.0131872 0.0113801 0.00957354 0.00785389 0.00628545 0.00490756 0.0037371 0.00277341 0.00200339 0.0014061 0.000956552 0.000628632 0.00039727 0.000239853 0.000137023 7.29663e-05 3.53168e-05 1.48187e-05 4.84619e-06 8.79444e-07 0 
0 0.000354393 0.00145644 0.00331971 0.00589088 0.00904178 0.0125634 0.0161685 0.0195204 0.022301 0.0243061 0.025511 0.0260568 0.0261615 0.0260149 0.0257094 0.0252249 0.0244596 0.0232913 0.0216475 0.0195531 0.0171309 0.01456 0.0120205 0.00965445 0.0075521 0.00575615 0.00427358 0.0030876 0.00216722 0.00147437 0.000968948 0.000612338 0.000369701 0.000211203 0.000112468 5.44362e-05 2.28411e-05 7.46975e-06 1.35555e-06 0 
0 0.000496418 0.00203946 0.00464459 0.00822445 0.0125634 0.0172873 0.0218565 0.025643 0.0281343 0.0291757 0.0290507 0.0283118 0.0275084 0.0270045 0.0269278 0.0271872 0.0275122 0.0275209 0.0268424 0.025269 0.0228471 0.0198402 0.0165982 0.0134307 0.0105464 0.00805318 0.00598388 0.00432476 0.00303602 0.00206553 0.00135748 0.000857882 0.000517951 0.000295896 0.000157567 7.62651e-05 3.20004e-05 1.04651e-05 1.89912e-06 0 
0 0.000648101 0.00266118 0.00605154 0.0106759 0.0161685 0.0218565 0.0267511 0.0297996 0.0304294 0.0289639 0.026418 0.0238689 0.0220236 0.0211885 0.0214157 0.0226014 0.024476 0.0265433 0.0280995 0.0284473 0.0272292 0.0246034 0.0210991 0.0173123 0.0136921 0.0104906 0.00780664 0.00564562 0.00396424 0.00269728 0.00177273 0.00112032 0.0006764 0.000386415 0.00020577 9.95959e-05 4.17899e-05 1.36666e-05 2.48009e-06 0 
0 0.000800524 0.00328436 0.00745153 0.0130682 0.0195204 0.025643 0.0297996 0.0306152 0.0280649 0.0236248 0.0191148 0.0156383 0.0135083 0.0126654 0.0130084 0.0145046 0.0171343 0.0207 0.0245849 0.0277111 0.0289704 0.0279009 0.0249234 0.0209321 0.0167549 0.0129101 0.00963088 0.00697191 0.00489745 0.00333272 0.00219047 0.00138434 0.000835812 0.000477486 0.000254266 0.000123069 5.1639e-05 1.68875e-05 3.0646e-06 0 
0 0.00094454 0.00387089 0.0087543 0.0152253 0.022301 0.0281343 0.0304294 0.0280649 0.0224428 0.0163119 0.0115204 0.00845758 0.00680822 0.0062073 0.00647373 0.00763626 0.00988998 0.01346 0.0182751 0.0235223 0.0276097 0.029044 0.0275147 0.0239179 0.0194923 0.0151478 0.0113422 0.00822313 0.00577971 0.00393394 0.00258582 0.00163424 0.000986699 0.000563687 0.000300169 0.000145287 6.09615e-05 1.99363e-05 3.61786e-06 0 
0 0.00107159 0.00438559 0.00987938 0.0170044 0.0243061 0.0291757 0.0289639 0.0236248 0.0163119 0.0102111 0.00631714 0.00418444 0.00315152 0.00279559 0.00295062 0.00365756 0.00515107 0.00784382 0.0121534 0.0179718 0.0240043 0.0280431 0.0285935 0.0259922 0.0216955 0.0170544 0.012834 0.00932372 0.0065584 0.00446522 0.00293533 0.0018552 0.00112012 0.00063991 0.000340759 0.000164933 6.9205e-05 2.26322e-05 4.10709e-06 0 
0 0.00117442 0.00479949 0.010766 0.0183233 0.025511 0.0290507 0.026418 0.0191148 0.0115204 0.00631714 0.00348576 0.00211423 0.00150312 0.00129995 0.00138186 0.00178016 0.00268229 0.0044832 0.00778087 0.0130398 0.0197112 0.0256318 0.0283018 0.0270656 0.0232334 0.0185155 0.0140186 0.0102098 0.00718859 0.00489603 0.00321894 0.00203453 0.00122842 0.000701783 0.000373708 0.000180881 7.58967e-05 2.48206e-05 4.50422e-06 0 
0 0.0012477 0.00509222 0.0113785 0.0191677 0.0260568 0.0283118 0.0238689 0.0156383 0.00845758 0.00418444 0.00211423 0.00119751 0.000812967 0.000687486 0.000732039 0.000967133 0.00152795 0.00273231 0.00516253 0.00953905 0.0159655 0.022803 0.0271165 0.0272549 0.0240753 0.0194657 0.0148352 0.0108343 0.00763665 0.00520334 0.00342151 0.00216269 0.00130582 0.000746007 0.000397259 0.00019228 8.06798e-05 2.63848e-05 4.78808e-06 0 
0 0.00128827 0.00525286 0.011705 0.0195735 0.0261615 0.0275084 0.0220236 0.0135083 0.00680822 0.00315152 0.00150312 0.000812967 0.000533993 0.000443194 0.000470094 0.000627934 0.00101759 0.00189222 0.00376533 0.00740744 0.0132879 0.020318 0.0255949 0.0268055 0.0242766 0.0198892 0.0152532 0.0111702 0.00788235 0.0053732 0.00353383 0.00223384 0.00134882 0.000770582 0.000410348 0.000198616 8.33381e-05 2.72541e-05 4.94585e-06 0 
0 0.00129528 0.00527949 0.0117515 0.0195942 0.0260149 0.0270045 0.0211885 0.0126654 0.0062073 0.00279559 0.00129995 0.000687486 0.000443194 0.000362624 0.000381148 0.000507428 0.000824738 0.00154867 0.00313501 0.00632265 0.0117075 0.0185448 0.0241533 0.0259696 0.0239341 0.0198069 0.0152694 0.01121 0.00791946 0.00540123 0.00355306 0.00224621 0.00135635 0.000774896 0.000412648 0.00019973 8.38058e-05 2.74071e-05 4.9736e-06 0 
0 0.00127003 0.00517794 0.0115345 0.0192724 0.0257094 0.0269278 0.0214157 0.0130084 0.00647373 0.00295062 0.00138186 0.000732039 0.000470094 0.000381148 0.000395211 0.000517318 0.000825165 0.0015205 0.00302621 0.00602495 0.0110794 0.0175486 0.0229826 0.0249123 0.0231374 0.0192585 0.0149019 0.0109639 0.00775472 0.00529212 0.00348237 0.00220187 0.00132967 0.000759681 0.000404552 0.000195813 8.21624e-05 2.68697e-05 4.87609e-06 0 
0 0.00121567 0.00496044 0.0110771 0.018629 0.0252249 0.0271872 0.0226014 0.0145046 0.00763626 0.00365756 0.00178016 0.000967133 0.000627934 0.000507428 0.000517318 0.000657837 0.00100955 0.00177766 0.00336923 0.00639043 0.0112503 0.0172219 0.0220687 0.0236789 0.0219401 0.0182866 0.0141822 0.0104553 0.00740541 0.00505822 0.00333017 0.00210623 0.0012721 0.000726846 0.000387081 0.000187359 7.86158e-05 2.57099e-05 4.66563e-06 0 
0 0.0011368 0.0046443 0.0104085 0.0176717 0.0244596 0.0275122 0.024476 0.0171343 0.00988998 0.00515107 0.00268229 0.00152795 0.00101759 0.000824738 0.000825165 0.00100955 0.00146567 0.00240973 0.00422826 0.00740297 0.0120809 0.0173524 0.0212507 0.022216 0.0203589 0.0169293 0.013148 0.00971538 0.00689562 0.00471711 0.00310862 0.00196725 0.00118854 0.000679216 0.000361745 0.000175102 7.3474e-05 2.40286e-05 4.36052e-06 0 
0 0.00103904 0.0042508 0.00956523 0.0164145 0.0232913 0.0275209 0.0265433 0.0207 0.01346 0.00784382 0.0044832 0.00273231 0.00189222 0.00154867 0.0015205 0.00177766 0.00240973 0.00363086 0.00576374 0.00907999 0.0133892 0.0176419 0.0202887 0.0204248 0.0183923 0.0152195 0.0118353 0.00877556 0.00625078 0.00428832 0.00283176 0.00179433 0.00108486 0.000620205 0.000330378 0.000159933 6.71114e-05 2.19481e-05 3.98299e-06 0 
0 0.000928523 0.00380376 0.00859245 0.0148963 0.0216475 0.0268424 0.0280995 0.0245849 0.0182751 0.0121534 0.00778087 0.00516253 0.00376533 0.00313501 0.00302621 0.00336923 0.00422826 0.00576374 0.00814557 0.011348 0.0148749 0.0177327 0.0189454 0.0182227 0.0160443 0.0131834 0.0102688 0.00765658 0.00548972 0.00378848 0.00251292 0.001597 0.000967236 0.000553465 0.000294956 0.000142814 5.99327e-05 1.9601e-05 3.55711e-06 0 
0 0.000811401 0.00332776 0.00754178 0.0131872 0.0195531 0.025269 0.0284473 0.0277111 0.0235223 0.0179718 0.0130398 0.00953905 0.00740744 0.00632265 0.00602495 0.00639043 0.00740297 0.00907999 0.011348 0.0138911 0.0161008 0.0172875 0.0170722 0.0155935 0.0133406 0.0108369 0.0084471 0.006353 0.00461278 0.00322445 0.00216134 0.00138346 0.000841445 0.000482543 0.000257425 0.000124696 5.23391e-05 1.71187e-05 3.1067e-06 0 
0 0.000693393 0.00284627 0.00646658 0.0113801 0.0171309 0.0228471 0.0272292 0.0289704 0.0276097 0.0240043 0.0197112 0.0159655 0.0132879 0.0117075 0.0110794 0.0112503 0.0120809 0.0133892 0.0148749 0.0161008 0.0166047 0.0161105 0.0146697 0.0126077 0.0103364 0.00818713 0.00633713 0.00482036 0.00358891 0.00258482 0.00177825 0.00115893 0.000712267 0.0004106 0.000219557 0.000106455 4.46989e-05 1.46217e-05 2.65367e-06 0 
0 0.000579414 0.00237987 0.00541619 0.00957354 0.01456 0.0198402 0.0246034 0.0279009 0.029044 0.0280431 0.0256318 0.022803 0.020318 0.0185448 0.0175486 0.0172219 0.0173524 0.0176419 0.0177327 0.0172875 0.0161105 0.0142324 0.0118894 0.00941864 0.00714401 0.00529307 0.00394439 0.00302532 0.00237565 0.00184298 0.00135596 0.00092514 0.00058319 0.000340252 0.00018286 8.88347e-05 3.73265e-05 1.2213e-05 2.21669e-06 0 
0 0.000473338 0.00194495 0.00443118 0.00785389 0.0120205 0.0165982 0.0210991 0.0249234 0.0275147 0.0285935 0.0283018 0.0271165 0.0255949 0.0241533 0.0229826 0.0220687 0.0212507 0.0202887 0.0189454 0.0170722 0.0146697 0.0118894 0.00898731 0.00626959 0.00404102 0.00250046 0.00162722 0.00122915 0.00108983 0.00102328 0.000894949 0.000683697 0.000457054 0.000273632 0.000148546 7.24259e-05 3.04691e-05 9.97326e-06 1.8104e-06 0 
0 0.000377888 0.00155312 0.00354071 0.00628545 0.00965445 0.0134307 0.0173123 0.0209321 0.0239179 0.0259922 0.0270656 0.0272549 0.0268055 0.0259696 0.0249123 0.0236789 0.022216 0.0204248 0.0182227 0.0155935 0.0126077 0.00941864 0.00626959 0.00352847 0.00161282 0.000637861 0.000282354 0.000195501 0.000229835 0.000344261 0.000454434 0.000447571 0.000338138 0.000212716 0.000117555 5.76574e-05 2.43018e-05 7.95916e-06 1.44504e-06 0 
0 0.000294661 0.00121122 0.00276221 0.00490756 0.0075521 0.0105464 0.0136921 0.0167549 0.0194923 0.0216955 0.0232334 0.0240753 0.0242766 0.0239341 0.0231374 0.0219401 0.0203589 0.0183923 0.0160443 0.0133406 0.0103364 0.00714401 0.00404102 0.00161282 0.000387607 6.05384e-05 1.13805e-05 6.29441e-06 1.32829e-05 5.24991e-05 0.000157685 0.00025042 0.000234261 0.000159619 9.05882e-05 4.47997e-05 1.89291e-05 6.20396e-06 1.1266e-06 0 
0 0.000224236 0.000921796 0.00210255 0.0037371 0.00575615 0.00805318 0.0104906 0.0129101 0.0151478 0.0170544 0.0185155 0.0194657 0.0198892 0.0198069 0.0192585 0.0182866 0.0169293 0.0152195 0.0131834 0.0108369 0.00818713 0.00529307 0.00250046 0.000637861 6.05384e-05 2.2698e-06 1.09791e-07 4.19666e-08 2.20512e-07 3.88586e-06 3.97292e-05 0.000124216 0.000154503 0.000116283 6.80701e-05 3.397e-05 1.43901e-05 4.71971e-06 8.57241e-07 0 
0 0.00016636 0.000683902 0.00156006 0.00277341 0.00427358 0.00598388 0.00780664 0.00963088 0.0113422 0.012834 0.0140186 0.0148352 0.0152532 0.0152694 0.0149019 0.0141822 0.013148 0.0118353 0.0102688 0.0084471 0.00633713 0.00394439 0.00162722 0.000282354 1.13805e-05 1.09791e-07 1.43088e-09 3.80194e-10 4.78428e-09 3.48941e-07 1.11592e-05 6.42295e-05 0.000102151 8.34258e-05 5.00328e-05 2.51381e-05 1.06685e-05 3.50083e-06 6.3594e-07 0 
0 0.000120154 0.00049396 0.00112682 0.00200339 0.0030876 0.00432476 0.00564562 0.00697191 0.00822313 0.00932372 0.0102098 0.0108343 0.0111702 0.01121 0.0109639 0.0104553 0.00971538 0.00877556 0.00765658 0.006353 0.00482036 0.00302532 0.00122915 0.000195501 6.29441e-06 4.19666e-08 3.80194e-10 9.0309e-11 1.41502e-09 1.4875e-07 6.36369e-06 4.26341e-05 7.19095e-05 5.98289e-05 3.60686e-05 1.81472e-05 7.70433e-06 2.52838e-06 4.59302e-07 0 
0 8.43266e-05 0.000346673 0.000790846 0.0014061 0.00216722 0.00303602 0.00396424 0.00489745 0.00577971 0.0065584 0.00718859 0.00763665 0.00788235 0.00791946 0.00775472 0.00740541 0.00689562 0.00625078 0.00548972 0.00461278 0.00358891 0.00237565 0.00108983 0.000229835 1.32829e-05 2.20512e-07 4.78428e-09 1.41502e-09 1.18036e-08 4.56621e-07 8.79922e-06 3.85041e-05 5.47041e-05 4.2988e-05 2.54799e-05 1.27588e-05 5.40964e-06 1.77469e-06 3.22357e-07 0 
0 5.73648e-05 0.000235832 0.000537994 0.000956552 0.00147437 0.00206553 0.00269728 0.00333272 0.00393394 0.00446522 0.00489603 0.00520334 0.0053732 0.00540123 0.00529212 0.00505822 0.00471711 0.00428832 0.00378848 0.00322445 0.00258482 0.00184298 0.00102328 0.000344261 5.24991e-05 3.88586e-06 3.48941e-07 1.4875e-07 4.56621e-07 3.54602e-06 1.86602e-05 4.03276e-05 4.28563e-05 3.05025e-05 1.75422e-05 8.70834e-06 3.68338e-06 1.20757e-06 2.19304e-07 0 
0 3.7699e-05 0.000154984 0.00035356 0.000628632 0.000968948 0.00135748 0.00177273 0.00219047 0.00258582 0.00293533 0.00321894 0.00342151 0.00353383 0.00355306 0.00348237 0.00333017 0.00310862 0.00283176 0.00251292 0.00216134 0.00177825 0.00135596 0.000894949 0.000454434 0.000157685 3.97292e-05 1.11592e-05 6.36369e-06 8.79922e-06 1.86602e-05 3.34949e-05 3.9478e-05 3.23007e-05 2.09264e-05 1.16768e-05 5.74412e-06 2.42318e-06 7.93821e-07 1.44134e-07 0 
0 2.38241e-05 9.79433e-05 0.000223435 0.00039727 0.000612338 0.000857882 0.00112032 0.00138434 0.00163424 0.0018552 0.00203453 0.00216269 0.00223384 0.00224621 0.00220187 0.00210623 0.00196725 0.00179433 0.001597 0.00138346 0.00115893 0.00092514 0.000683697 0.000447571 0.00025042 0.000124216 6.42295e-05 4.26341e-05 3.85041e-05 4.03276e-05 3.9478e-05 3.2449e-05 2.24859e-05 1.36607e-05 7.4553e-06 3.64137e-06 1.53276e-06 5.01796e-07 9.10935e-08 0 
0 1.43839e-05 5.91335e-05 0.000134899 0.000239853 0.000369701 0.000517951 0.0006764 0.000835812 0.000986699 0.00112012 0.00122842 0.00130582 0.00134882 0.00135635 0.00132967 0.0012721 0.00118854 0.00108486 0.000967236 0.000841445 0.000712267 0.00058319 0.000457054 0.000338138 0.000234261 0.000154503 0.000102151 7.19095e-05 5.47041e-05 4.28563e-05 3.23007e-05 2.24859e-05 1.43411e-05 8.41302e-06 4.53151e-06 2.20327e-06 9.26036e-07 3.03023e-07 5.50013e-08 0 
0 8.21723e-06 3.37818e-05 7.70654e-05 0.000137023 0.000211203 0.000295896 0.000386415 0.000477486 0.000563687 0.00063991 0.000701783 0.000746007 0.000770582 0.000774896 0.000759681 0.000726846 0.000679216 0.000620205 0.000553465 0.000482543 0.0004106 0.000340252 0.000273632 0.000212716 0.000159619 0.000116283 8.34258e-05 5.98289e-05 4.2988e-05 3.05025e-05 2.09264e-05 1.36607e-05 8.41302e-06 4.85636e-06 2.59857e-06 1.26032e-06 5.29255e-07 1.73135e-07 3.14225e-08 0 
0 4.37575e-06 1.79891e-05 4.10381e-05 7.29663e-05 0.000112468 0.000157567 0.00020577 0.000254266 0.000300169 0.000340759 0.000373708 0.000397259 0.000410348 0.000412648 0.000404552 0.000387081 0.000361745 0.000330378 0.000294956 0.000257425 0.000219557 0.00018286 0.000148546 0.000117555 9.05882e-05 6.80701e-05 5.00328e-05 3.60686e-05 2.54799e-05 1.75422e-05 1.16768e-05 7.4553e-06 4.53151e-06 2.59857e-06 1.38637e-06 6.71601e-07 2.81902e-07 9.22038e-08 1.67332e-08 0 
0 2.11793e-06 8.70702e-06 1.98631e-05 3.53168e-05 5.44362e-05 7.62651e-05 9.95959e-05 0.000123069 0.000145287 0.000164933 0.000180881 0.00019228 0.000198616 0.00019973 0.000195813 0.000187359 0.000175102 0.000159933 0.000142814 0.000124696 0.000106455 8.88347e-05 7.24259e-05 5.76574e-05 4.47997e-05 3.397e-05 2.51381e-05 1.81472e-05 1.27588e-05 8.70834e-06 5.74412e-06 3.64137e-06 2.20327e-06 1.26032e-06 6.71601e-07 3.25174e-07 1.36462e-07 4.463e-08 8.09927e-09 0 
0 8.88673e-07 3.65342e-06 8.33443e-06 1.48187e-05 2.28411e-05 3.20004e-05 4.17899e-05 5.1639e-05 6.09615e-05 6.9205e-05 7.58967e-05 8.06798e-05 8.33381e-05 8.38058e-05 8.21624e-05 7.86158e-05 7.3474e-05 6.71114e-05 5.99327e-05 5.23391e-05 4.46989e-05 3.73265e-05 3.04691e-05 2.43018e-05 1.89291e-05 1.43901e-05 1.06685e-05 7.70433e-06 5.40964e-06 3.68338e-06 2.42318e-06 1.53276e-06 9.26036e-07 5.29255e-07 2.81902e-07 1.36462e-07 5.7262e-08 1.87269e-08 3.39844e-09 0 
0 2.90623e-07 1.19478e-06 2.72561e-06 4.84619e-06 7.46975e-06 1.04651e-05 1.36666e-05 1.68875e-05 1.99363e-05 2.26322e-05 2.48206e-05 2.63848e-05 2.72541e-05 2.74071e-05 2.68697e-05 2.57099e-05 2.40286e-05 2.19481e-05 1.9601e-05 1.71187e-05 1.46217e-05 1.2213e-05 9.97326e-06 7.95916e-06 6.20396e-06 4.71971e-06 3.50083e-06 2.52838e-06 1.77469e-06 1.20757e-06 7.93821e-07 5.01796e-07 3.03023e-07 1.73135e-07 9.22038e-08 4.463e-08 1.87269e-08 6.12434e-09 1.1114e-09 0 
0 5.27398e-08 2.16818e-07 4.94621e-07 8.79444e-07 1.35555e-06 1.89912e-06 2.48009e-06 3.0646e-06 3.61786e-06 4.10709e-06 4.50422e-06 4.78808e-06 4.94585e-06 4.9736e-06 4.87609e-06 4.66563e-06 4.36052e-06 3.98299e-06 3.55711e-06 3.1067e-06 2.65367e-06 2.21669e-06 1.8104e-06 1.44504e-06 1.1266e-06 8.57241e-07 6.3594e-07 4.59302e-07 3.22357e-07 2.19304e-07 1.44134e-07 9.10935e-08 5.50013e-08 3.14225e-08 1.67332e-08 8.09927e-09 3.39844e-09 1.1114e-09 2.01687e-10 0 
0 0 0 0 0 0 0 0 0 0 0 0 0 0 0 0 0 0 0 0 0 0 0 0 0 0 0 0 0 0 0 0 0 0 0 0 0 0 0 0 0 
