0 0 0 0 0 0 0 0 0 0 0 0 0 0 0 0 0 0 0 0 0 0 0 0 0 0 0 0 0 0 0 0 0 0 0 0 0 0 0 0 0 
0 1.37911e-05 5.66964e-05 0.00012934 0.000229968 0.000354465 0.000496605 0.000648526 0.000801372 0.000946045 0.00107397 0.00117782 0.00125205 0.0012933 0.00130056 0.00127506 0.00122003 0.00114025 0.00104153 0.00093017 0.0008124 0.000693949 0.000579699 0.000473473 0.000377947 0.000294685 0.000224245 0.000166363 0.000120155 8.4327e-05 5.73649e-05 3.7699e-05 2.38242e-05 1.43839e-05 8.21723e-06 4.37575e-06 2.11793e-06 8.88673e-07 2.90623e-07 5.27398e-08 0 
0 5.66964e-05 0.000233084 0.000531728 0.00094542 0.00145724 0.00204159 0.00266615 0.00329451 0.00388928 0.00441521 0.00484213 0.00514729 0.00531689 0.00534673 0.0052419 0.00501565 0.00468766 0.00428183 0.00382402 0.00333985 0.00285289 0.0023832 0.00194649 0.00155378 0.00121148 0.000921892 0.000683935 0.00049397 0.000346676 0.000235833 0.000154984 9.79433e-05 5.91335e-05 3.37818e-05 1.79891e-05 8.70702e-06 3.65342e-06 1.19478e-06 2.16818e-07 0 
0 0.00012934 0.000531728 0.00121301 0.00215676 0.00332436 0.00465742 0.00608221 0.00751568 0.0088725 0.0100723 0.0110462 0.0117424 0.0121293 0.0121973 0.0119582 0.0114421 0.0106938 0.00976801 0.00872361 0.00761911 0.00650821 0.00543672 0.00444047 0.00354459 0.00276371 0.00210308 0.00156024 0.00112688 0.000790862 0.000537998 0.000353561 0.000223435 0.000134899 7.70654e-05 4.10381e-05 1.98631e-05 8.33443e-06 2.72561e-06 4.94621e-07 0 
0 0.000229968 0.00094542 0.00215676 0.00383475 0.00591076 0.00828097 0.0108143 0.013363 0.0157754 0.0179087 0.0196403 0.0208781 0.021566 0.021687 0.0212618 0.0203442 0.0190138 0.0173677 0.0155107 0.0135469 0.0115717 0.00966657 0.00789522 0.00630233 0.00491391 0.00373932 0.00277413 0.00200361 0.00140616 0.000956569 0.000628636 0.000397271 0.000239853 0.000137024 7.29663e-05 3.53168e-05 1.48187e-05 4.84619e-06 8.79444e-07 0 
0 0.000354465 0.00145724 0.00332436 0.00591076 0.00911065 0.012764 0.0166688 0.0205973 0.0243157 0.0276038 0.0302729 0.0321808 0.0332411 0.0334277 0.0327723 0.0313578 0.0293072 0.02677 0.0239077 0.0208807 0.0178362 0.0148997 0.0121694 0.0097142 0.00757414 0.00576366 0.00427595 0.0030883 0.00216742 0.00147442 0.00096896 0.000612341 0.000369702 0.000211204 0.000112468 5.44362e-05 2.28411e-05 7.46975e-06 1.35555e-06 0 
0 0.000496605 0.00204159 0.00465742 0.00828097 0.012764 0.0178824 0.0233529 0.0288568 0.0340663 0.038673 0.0424124 0.0450853 0.0465708 0.0468322 0.045914 0.0439323 0.0410594 0.0375047 0.0334947 0.0292539 0.0249886 0.0208745 0.0170494 0.0136096 0.0106114 0.00807488 0.00599061 0.0043267 0.00303655 0.00206567 0.00135751 0.000857889 0.000517952 0.000295896 0.000157567 7.62651e-05 3.20004e-05 1.04651e-05 1.89912e-06 0 
0 0.000648526 0.00266615 0.00608221 0.0108143 0.0166688 0.0233529 0.030497 0.0376846 0.0444878 0.0505037 0.0553871 0.0588777 0.0608177 0.061159 0.0599599 0.057372 0.0536202 0.0489781 0.0437413 0.0382032 0.032633 0.0272604 0.0222651 0.017773 0.0138576 0.0105451 0.00782324 0.00565032 0.00396548 0.00269759 0.0017728 0.00112033 0.000676403 0.000386416 0.00020577 9.95959e-05 4.17899e-05 1.36666e-05 2.48009e-06 0 
0 0.000801372 0.00329451 0.00751568 0.013363 0.0205973 0.0288568 0.0376846 0.0465661 0.0549728 0.0624065 0.0684408 0.0727541 0.0751513 0.075573 0.0740913 0.0708935 0.0662575 0.0605213 0.0540503 0.047207 0.040324 0.0336852 0.0275126 0.0219618 0.0171235 0.0130304 0.00966704 0.00698199 0.00490007 0.00333336 0.00219062 0.00138437 0.000835819 0.000477487 0.000254266 0.000123069 5.1639e-05 1.68875e-05 3.0646e-06 0 
0 0.000946045 0.00388928 0.0088725 0.0157754 0.0243157 0.0340663 0.0444878 0.0549728 0.0648972 0.0736729 0.0807965 0.0858885 0.0887185 0.0892164 0.0874672 0.083692 0.0782191 0.0714473 0.0638082 0.0557293 0.0476038 0.0397664 0.0324795 0.0259266 0.0202149 0.0153828 0.0114122 0.00824247 0.00578469 0.00393514 0.00258609 0.0016343 0.000986711 0.000563689 0.00030017 0.000145287 6.09615e-05 1.99363e-05 3.61786e-06 0 
0 0.00107397 0.00441521 0.0100723 0.0179087 0.0276038 0.038673 0.0505037 0.0624065 0.0736729 0.0836353 0.0917223 0.0975028 0.100715 0.101281 0.0992949 0.0950093 0.0887963 0.0811088 0.0724366 0.0632653 0.054041 0.0451438 0.0368715 0.0294325 0.0229485 0.017463 0.0129555 0.00935705 0.00656693 0.00446727 0.0029358 0.0018553 0.00112014 0.000639914 0.00034076 0.000164933 6.9205e-05 2.26322e-05 4.10709e-06 0 
0 0.00117782 0.00484213 0.0110462 0.0196403 0.0302729 0.0424124 0.0553871 0.0684408 0.0807965 0.0917223 0.100591 0.106931 0.110454 0.111074 0.108896 0.104196 0.0973823 0.0889515 0.0794408 0.0693827 0.0592664 0.049509 0.0404367 0.0322784 0.0251674 0.0191515 0.0142082 0.0102618 0.00720191 0.00489923 0.00321967 0.00203469 0.00122845 0.000701789 0.000373709 0.000180881 7.58967e-05 2.48206e-05 4.50422e-06 0 
0 0.00125205 0.00514729 0.0117424 0.0208781 0.0321808 0.0450853 0.0588777 0.0727541 0.0858885 0.0975028 0.106931 0.11367 0.117415 0.118074 0.115759 0.110763 0.10352 0.0945574 0.0844473 0.0737553 0.0630015 0.0526291 0.0429851 0.0343127 0.0267535 0.0203585 0.0151036 0.0109085 0.00765578 0.00520799 0.00342258 0.00216292 0.00130587 0.000746017 0.000397261 0.000192281 8.06798e-05 2.63848e-05 4.78808e-06 0 
0 0.0012933 0.00531689 0.0121293 0.021566 0.0332411 0.0465708 0.0608177 0.0751513 0.0887185 0.100715 0.110454 0.117415 0.121284 0.121964 0.119573 0.114412 0.10693 0.097673 0.0872298 0.0761855 0.0650774 0.0543632 0.0444015 0.0354433 0.027635 0.0210293 0.0156013 0.011268 0.00790804 0.00537959 0.00353535 0.00223419 0.0013489 0.000770598 0.000410351 0.000198616 8.33382e-05 2.72542e-05 4.94585e-06 0 
0 0.00130056 0.00534673 0.0121973 0.021687 0.0334277 0.0468322 0.061159 0.075573 0.0892164 0.101281 0.111074 0.118074 0.121964 0.122649 0.120244 0.115054 0.107531 0.0982212 0.0877193 0.0766131 0.0654426 0.0546683 0.0446506 0.0356422 0.0277901 0.0211473 0.0156888 0.0113312 0.00795242 0.00540978 0.00355519 0.00224673 0.00135647 0.000774923 0.000412654 0.000199731 8.38059e-05 2.74071e-05 4.9736e-06 0 
0 0.00127506 0.0052419 0.0119582 0.0212618 0.0327723 0.045914 0.0599599 0.0740913 0.0874672 0.0992949 0.108896 0.115759 0.119573 0.120244 0.117887 0.112799 0.105422 0.0962954 0.0859994 0.0751109 0.0641595 0.0535964 0.0437752 0.0349433 0.0272452 0.0207327 0.0153812 0.011109 0.00779649 0.00530371 0.00348548 0.00220268 0.00132987 0.000759729 0.000404563 0.000195815 8.21628e-05 2.68698e-05 4.87609e-06 0 
0 0.00122003 0.00501565 0.0114421 0.0203442 0.0313578 0.0439323 0.057372 0.0708935 0.083692 0.0950093 0.104196 0.110763 0.114412 0.115054 0.112799 0.10793 0.100872 0.0921392 0.0822876 0.0718691 0.0613903 0.0512831 0.0418858 0.0334351 0.0260693 0.0198378 0.0147173 0.0106295 0.00745997 0.00507478 0.00333504 0.0021076 0.00127247 0.000726939 0.000387102 0.000187363 7.86166e-05 2.571e-05 4.66563e-06 0 
0 0.00114025 0.00468766 0.0106938 0.0190138 0.0293072 0.0410594 0.0536202 0.0662575 0.0782191 0.0887963 0.0973823 0.10352 0.10693 0.107531 0.105422 0.100872 0.0942758 0.0861139 0.0769065 0.0671693 0.0573757 0.0479295 0.0391466 0.0312485 0.0243643 0.0185404 0.0137547 0.00993433 0.00697208 0.00474289 0.00311694 0.00196977 0.00118926 0.000679401 0.000361788 0.000175111 7.34756e-05 2.40288e-05 4.36053e-06 0 
0 0.00104153 0.00428183 0.00976801 0.0173677 0.02677 0.0375047 0.0489781 0.0605213 0.0714473 0.0811088 0.0889515 0.0945574 0.097673 0.0982212 0.0962954 0.0921392 0.0861139 0.0786586 0.0702484 0.0613541 0.0524083 0.0437798 0.0357572 0.0285428 0.0222545 0.0169348 0.0125635 0.00907397 0.00636829 0.00433218 0.00284704 0.00179922 0.00108629 0.00062058 0.000330466 0.000159951 6.71144e-05 2.19485e-05 3.98302e-06 0 
0 0.00093017 0.00382402 0.00872361 0.0155107 0.0239077 0.0334947 0.0437413 0.0540503 0.0638082 0.0724366 0.0794408 0.0844473 0.0872298 0.0877193 0.0859994 0.0822876 0.0769065 0.0702484 0.0627373 0.0547939 0.0468045 0.0390983 0.0319332 0.0254899 0.0198738 0.0151228 0.011219 0.0081029 0.00568683 0.00386869 0.0025425 0.0016068 0.000970129 0.000554223 0.000295131 0.000142848 5.99385e-05 1.96017e-05 3.55715e-06 0 
0 0.0008124 0.00333985 0.00761911 0.0135469 0.0208807 0.0292539 0.0382032 0.047207 0.0557293 0.0632653 0.0693827 0.0737553 0.0761855 0.0766131 0.0751109 0.0718691 0.0671693 0.0613541 0.0547939 0.047856 0.0408779 0.0341468 0.0278882 0.0222598 0.017354 0.0132043 0.00979518 0.00707442 0.00496523 0.00337805 0.00222024 0.00140323 0.00084726 0.000484041 0.000257762 0.000124762 5.23495e-05 1.71199e-05 3.10678e-06 0 
0 0.000693949 0.00285289 0.00650821 0.0115717 0.0178362 0.0249886 0.032633 0.040324 0.0476038 0.054041 0.0592664 0.0630015 0.0650774 0.0654426 0.0641595 0.0613903 0.0573757 0.0524083 0.0468045 0.0408779 0.0349164 0.0291656 0.0238176 0.0190074 0.0148147 0.0112689 0.00835762 0.00603586 0.00423694 0.00288336 0.00189564 0.00119833 0.000723638 0.000413444 0.000220174 0.00010657 4.47166e-05 1.46238e-05 2.6538e-06 0 
0 0.000579699 0.0023832 0.00543672 0.00966657 0.0148997 0.0208745 0.0272604 0.0336852 0.0397664 0.0451438 0.049509 0.0526291 0.0543632 0.0546683 0.0535964 0.0512831 0.0479295 0.0437798 0.0390983 0.0341468 0.0291656 0.0243591 0.0198873 0.015863 0.0123542 0.00938826 0.00695741 0.0050237 0.00352828 0.00240333 0.00158148 0.00100038 0.000604322 0.000345334 0.000183917 8.90233e-05 3.73544e-05 1.22161e-05 2.21688e-06 0 
0 0.000473473 0.00194649 0.00444047 0.00789522 0.0121694 0.0170494 0.0222651 0.0275126 0.0324795 0.0368715 0.0404367 0.0429851 0.0444015 0.0446506 0.0437752 0.0418858 0.0391466 0.0357572 0.0319332 0.0278882 0.0238176 0.0198873 0.0162263 0.012926 0.0100443 0.00761068 0.00562608 0.0040599 0.00285616 0.00195115 0.00128738 0.000815787 0.000493263 0.000281985 0.000150202 7.27082e-05 3.05091e-05 9.97756e-06 1.81065e-06 0 
0 0.000377947 0.00155378 0.00354459 0.00630233 0.0097142 0.0136096 0.017773 0.0219618 0.0259266 0.0294325 0.0322784 0.0343127 0.0354433 0.0356422 0.0349433 0.0334351 0.0312485 0.0285428 0.0254899 0.0222598 0.0190074 0.015863 0.012926 0.0102665 0.00793377 0.00596544 0.00437983 0.00315509 0.00222992 0.0015353 0.00101999 0.000649075 0.000393254 0.000224996 0.000119881 5.80364e-05 2.43535e-05 7.96451e-06 1.44534e-06 0 
0 0.000294685 0.00121148 0.00276371 0.00491391 0.00757414 0.0106114 0.0138576 0.0171235 0.0202149 0.0229485 0.0251674 0.0267535 0.027635 0.0277901 0.0272452 0.0260693 0.0243643 0.0222545 0.0198738 0.017354 0.0148147 0.0123542 0.0100443 0.00793377 0.00606388 0.00448629 0.00324517 0.0023287 0.00166266 0.0011641 0.000784392 0.000503246 0.000306009 0.000175316 9.34529e-05 4.52482e-05 1.8988e-05 6.20988e-06 1.12693e-06 0 
0 0.000224245 0.000921892 0.00210308 0.00373932 0.00576366 0.00807488 0.0105451 0.0130304 0.0153828 0.017463 0.0191515 0.0203585 0.0210293 0.0211473 0.0207327 0.0198378 0.0185404 0.0169348 0.0151228 0.0132043 0.0112689 0.00938826 0.00761068 0.00596544 0.00448629 0.00323815 0.00228838 0.00163207 0.00118405 0.00085082 0.00058561 0.000380141 0.000232291 0.00013331 7.10991e-05 3.44302e-05 1.4449e-05 4.72548e-06 8.57552e-07 0 
0 0.000166363 0.000683935 0.00156024 0.00277413 0.00427595 0.00599061 0.00782324 0.00966704 0.0114122 0.0129555 0.0142082 0.0151036 0.0156013 0.0156888 0.0153812 0.0147173 0.0137547 0.0125635 0.011219 0.00979518 0.00835762 0.00695741 0.00562608 0.00437983 0.00324517 0.00228838 0.00158148 0.00112124 0.000826035 0.000608422 0.00042716 0.000280249 0.000171986 9.88419e-05 5.27385e-05 2.5542e-05 1.07193e-05 3.50574e-06 6.36202e-07 0 
0 0.000120155 0.00049397 0.00112688 0.00200361 0.0030883 0.0043267 0.00565032 0.00698199 0.00824247 0.00935705 0.0102618 0.0109085 0.011268 0.0113312 0.011109 0.0106295 0.00993433 0.00907397 0.0081029 0.00707442 0.00603586 0.0050237 0.0040599 0.00315509 0.0023287 0.00163207 0.00112124 0.000793673 0.000587091 0.000435261 0.000307181 0.000202088 0.000124155 7.13782e-05 3.80888e-05 1.84475e-05 7.74197e-06 2.53201e-06 4.59495e-07 0 
0 8.4327e-05 0.000346676 0.000790862 0.00140616 0.00216742 0.00303655 0.00396548 0.00490007 0.00578469 0.00656693 0.00720191 0.00765578 0.00790804 0.00795242 0.00779649 0.00745997 0.00697208 0.00636829 0.00568683 0.00496523 0.00423694 0.00352828 0.00285616 0.00222992 0.00166266 0.00118405 0.000826035 0.000587091 0.000429697 0.000313198 0.000218058 0.000142426 8.72493e-05 5.01135e-05 2.67341e-05 1.29471e-05 5.43348e-06 1.77701e-06 3.22481e-07 0 
0 5.73649e-05 0.000235833 0.000537998 0.000956569 0.00147442 0.00206567 0.00269759 0.00333336 0.00393514 0.00446727 0.00489923 0.00520799 0.00537959 0.00540978 0.00530371 0.00507478 0.00474289 0.00433218 0.00386869 0.00337805 0.00288336 0.00240333 0.00195115 0.0015353 0.0011641 0.00085082 0.000608422 0.000435261 0.000313198 0.000222097 0.000151234 9.75978e-05 5.9494e-05 3.41146e-05 1.819e-05 8.80798e-06 3.69628e-06 1.20885e-06 2.19374e-07 0 
0 3.7699e-05 0.000154984 0.000353561 0.000628636 0.00096896 0.00135751 0.0017728 0.00219062 0.00258609 0.0029358 0.00321967 0.00342258 0.00353535 0.00355519 0.00348548 0.00333504 0.00311694 0.00284704 0.0025425 0.00222024 0.00189564 0.00158148 0.00128738 0.00101999 0.000784392 0.00058561 0.00042716 0.000307181 0.000218058 0.000151234 0.000101104 6.45746e-05 3.91889e-05 2.24356e-05 1.19566e-05 5.78877e-06 2.42916e-06 7.94432e-07 1.44168e-07 0 
0 2.38242e-05 9.79433e-05 0.000223435 0.000397271 0.000612341 0.000857889 0.00112033 0.00138437 0.0016343 0.0018553 0.00203469 0.00216292 0.00223419 0.00224673 0.00220268 0.0021076 0.00196977 0.00179922 0.0016068 0.00140323 0.00119833 0.00100038 0.000815787 0.000649075 0.000503246 0.000380141 0.000280249 0.000202088 0.000142426 9.75978e-05 6.45746e-05 4.09909e-05 2.48063e-05 1.41861e-05 7.55738e-06 3.65845e-06 1.53515e-06 5.02049e-07 9.1108e-08 0 
0 1.43839e-05 5.91335e-05 0.000134899 0.000239853 0.000369702 0.000517952 0.000676403 0.000835819 0.000986711 0.00112014 0.00122845 0.00130587 0.0013489 0.00135647 0.00132987 0.00127247 0.00118926 0.00108629 0.000970129 0.00084726 0.000723638 0.000604322 0.000493263 0.000393254 0.000306009 0.000232291 0.000171986 0.000124155 8.72493e-05 5.9494e-05 3.91889e-05 2.48063e-05 1.49907e-05 8.56777e-06 4.5633e-06 2.20888e-06 9.26859e-07 3.03114e-07 5.50067e-08 0 
0 8.21723e-06 3.37818e-05 7.70654e-05 0.000137024 0.000211204 0.000295896 0.000386416 0.000477487 0.000563689 0.000639914 0.000701789 0.000746017 0.000770598 0.000774923 0.000759729 0.000726939 0.000679401 0.00062058 0.000554223 0.000484041 0.000413444 0.000345334 0.000281985 0.000224996 0.000175316 0.00013331 9.88419e-05 7.13782e-05 5.01135e-05 3.41146e-05 2.24356e-05 1.41861e-05 8.56777e-06 4.89546e-06 2.60709e-06 1.26192e-06 5.295e-07 1.73164e-07 3.14243e-08 0 
0 4.37575e-06 1.79891e-05 4.10381e-05 7.29663e-05 0.000112468 0.000157567 0.00020577 0.000254266 0.00030017 0.00034076 0.000373709 0.000397261 0.000410351 0.000412654 0.000404563 0.000387102 0.000361788 0.000330466 0.000295131 0.000257762 0.000220174 0.000183917 0.000150202 0.000119881 9.34529e-05 7.10991e-05 5.27385e-05 3.80888e-05 2.67341e-05 1.819e-05 1.19566e-05 7.55738e-06 4.5633e-06 2.60709e-06 1.38835e-06 6.7199e-07 2.81965e-07 9.22115e-08 1.67337e-08 0 
0 2.11793e-06 8.70702e-06 1.98631e-05 3.53168e-05 5.44362e-05 7.62651e-05 9.95959e-05 0.000123069 0.000145287 0.000164933 0.000180881 0.000192281 0.000198616 0.000199731 0.000195815 0.000187363 0.000175111 0.000159951 0.000142848 0.000124762 0.00010657 8.90233e-05 7.27082e-05 5.80364e-05 4.52482e-05 3.44302e-05 2.5542e-05 1.84475e-05 1.29471e-05 8.80798e-06 5.78877e-06 3.65845e-06 2.20888e-06 1.26192e-06 6.7199e-07 3.25255e-07 1.36476e-07 4.46318e-08 8.09939e-09 0 
0 8.88673e-07 3.65342e-06 8.33443e-06 1.48187e-05 2.28411e-05 3.20004e-05 4.17899e-05 5.1639e-05 6.09615e-05 6.9205e-05 7.58967e-05 8.06798e-05 8.33382e-05 8.38059e-05 8.21628e-05 7.86166e-05 7.34756e-05 6.71144e-05 5.99385e-05 5.23495e-05 4.47166e-05 3.73544e-05 3.05091e-05 2.43535e-05 1.8988e-05 1.4449e-05 1.07193e-05 7.74197e-06 5.43348e-06 3.69628e-06 2.42916e-06 1.53515e-06 9.26859e-07 5.295e-07 2.81965e-07 1.36476e-07 5.72645e-08 1.87273e-08 3.39846e-09 0 
0 2.90623e-07 1.19478e-06 2.72561e-06 4.84619e-06 7.46975e-06 1.04651e-05 1.36666e-05 1.68875e-05 1.99363e-05 2.26322e-05 2.48206e-05 2.63848e-05 2.72542e-05 2.74071e-05 2.68698e-05 2.571e-05 2.40288e-05 2.19485e-05 1.96017e-05 1.71199e-05 1.46238e-05 1.22161e-05 9.97756e-06 7.96451e-06 6.20988e-06 4.72548e-06 3.50574e-06 2.53201e-06 1.77701e-06 1.20885e-06 7.94432e-07 5.02049e-07 3.03114e-07 1.73164e-07 9.22115e-08 4.46318e-08 1.87273e-08 6.12439e-09 1.1114e-09 0 
0 5.27398e-08 2.16818e-07 4.94621e-07 8.79444e-07 1.35555e-06 1.89912e-06 2.48009e-06 3.0646e-06 3.61786e-06 4.10709e-06 4.50422e-06 4.78808e-06 4.94585e-06 4.9736e-06 4.87609e-06 4.66563e-06 4.36053e-06 3.98302e-06 3.55715e-06 3.10678e-06 2.6538e-06 2.21688e-06 1.81065e-06 1.44534e-06 1.12693e-06 8.57552e-07 6.36202e-07 4.59495e-07 3.22481e-07 2.19374e-07 1.44168e-07 9.1108e-08 5.50067e-08 3.14243e-08 1.67337e-08 8.09939e-09 3.39846e-09 1.1114e-09 2.01687e-10 0 
0 0 0 0 0 0 0 0 0 0 0 0 0 0 0 0 0 0 0 0 0 0 0 0 0 0 0 0 0 0 0 0 0 0 0 0 0 0 0 0 0 
