0 0 0 0 0 0 0 0 0 0 0 0 0 0 0 0 0 0 0 0 0 0 0 0 0 0 0 0 0 0 0 0 0 0 0 0 0 0 0 0 0 
0 1.37746e-05 5.65422e-05 0.000128588 0.000227311 0.000346931 0.000478703 0.000611971 0.000736105 0.000842661 0.0009268 0.000987362 0.0010258 0.00104466 0.00104636 0.00103244 0.00100351 0.000959596 0.00090082 0.000828093 0.000743628 0.00065104 0.000554967 0.000460327 0.000371509 0.000291779 0.000223036 0.000165899 0.00011999 8.42727e-05 5.73484e-05 3.76943e-05 2.38229e-05 1.43836e-05 8.21717e-06 4.37574e-06 2.11793e-06 8.88672e-07 2.90623e-07 5.27398e-08 0 
0 5.65422e-05 0.000231579 0.000524104 0.000917608 0.00137668 0.0018483 0.00227259 0.00260141 0.00281457 0.00292253 0.00295552 0.00294825 0.00292884 0.00291402 0.00290864 0.00290704 0.00289518 0.00285383 0.00276326 0.00260931 0.00238898 0.00211276 0.00180218 0.00148336 0.00118004 0.000909027 0.000679096 0.000492293 0.000346139 0.000235673 0.00015494 9.79322e-05 5.91308e-05 3.37812e-05 1.7989e-05 8.707e-06 3.65341e-06 1.19478e-06 2.16818e-07 0 
0 0.000128588 0.000524104 0.00117314 0.0020083 0.00289266 0.00363843 0.00408092 0.0041666 0.00397228 0.00363994 0.00329785 0.00302546 0.00285842 0.00280677 0.00286859 0.00303501 0.00328762 0.00359161 0.0038898 0.00410567 0.00416186 0.00401035 0.00365609 0.00315532 0.00258915 0.00203209 0.00153392 0.00111794 0.000788066 0.00053719 0.000353345 0.000223382 0.000134887 7.70629e-05 4.10376e-05 1.9863e-05 8.33442e-06 2.72561e-06 4.94621e-07 0 
0 0.000227311 0.000917608 0.0020083 0.00328144 0.0043441 0.00478833 0.00449231 0.00371495 0.00284129 0.00211735 0.00161159 0.00129991 0.0011388 0.00109682 0.00116187 0.00134031 0.00165287 0.00212502 0.00276599 0.00353401 0.00430435 0.00488058 0.00507803 0.00483259 0.00423475 0.00345976 0.00267071 0.0019689 0.00139551 0.000953561 0.000627852 0.000397082 0.000239811 0.000137015 7.29647e-05 3.53166e-05 1.48187e-05 4.84618e-06 8.79443e-07 0 
0 0.000346931 0.00137668 0.00289266 0.0043441 0.00495665 0.00438195 0.00311413 0.00190044 0.00107924 0.000616063 0.000376968 0.000259474 0.000207297 0.000195045 0.000215882 0.000276858 0.000400566 0.000631144 0.0010394 0.00171181 0.00269672 0.00390038 0.0050166 0.0056447 0.00557017 0.0049069 0.00395399 0.0029803 0.00213464 0.00146533 0.000966635 0.000611792 0.000369582 0.00021118 0.000112464 5.44355e-05 2.2841e-05 7.46974e-06 1.35554e-06 0 
0 0.000478703 0.0018483 0.00363843 0.00478833 0.00438195 0.00286222 0.00143281 0.000610622 0.000247146 0.000104667 5.02008e-05 2.89423e-05 2.08528e-05 1.91106e-05 2.22133e-05 3.206e-05 5.54125e-05 0.000109434 0.000234085 0.000512638 0.00108616 0.00210794 0.00356718 0.00507672 0.00599738 0.00596577 0.00516739 0.00404656 0.00295164 0.00204236 0.00135165 0.000856532 0.000517662 0.000295839 0.000157557 7.62634e-05 3.20002e-05 1.04651e-05 1.89912e-06 0 
0 0.000611971 0.00227259 0.00408092 0.00449231 0.00311413 0.00143281 0.000490259 0.000143115 4.06098e-05 1.25541e-05 4.6486e-06 2.21747e-06 1.42968e-06 1.27298e-06 1.55833e-06 2.5504e-06 5.32443e-06 1.33494e-05 3.75661e-05 0.000110672 0.000318956 0.000843254 0.001926 0.00360697 0.0053553 0.0062965 0.00606263 0.00503245 0.00377644 0.0026459 0.00175995 0.0011174 0.000675787 0.000386297 0.000205749 9.95926e-05 4.17895e-05 1.36665e-05 2.48009e-06 0 
0 0.000736105 0.00260141 0.0041666 0.00371495 0.00190044 0.000610622 0.000143115 2.86928e-05 5.70428e-06 1.2828e-06 3.6502e-07 1.43427e-07 8.24731e-08 7.12255e-08 9.18346e-08 1.70718e-07 4.31669e-07 1.37805e-06 5.11171e-06 2.02509e-05 7.90884e-05 0.00028303 0.000868581 0.002152 0.00409811 0.0058711 0.00646883 0.00580745 0.00453344 0.00323277 0.00216576 0.00137877 0.000834656 0.000477266 0.000254228 0.000123063 5.16382e-05 1.68875e-05 3.0646e-06 0 
0 0.000842661 0.00281457 0.00397228 0.00284129 0.00107924 0.000247146 4.06098e-05 5.70428e-06 8.07134e-07 1.3364e-07 2.94786e-08 9.59453e-09 4.93274e-09 4.13001e-09 5.59073e-09 1.17387e-08 3.56729e-08 1.43618e-07 6.94288e-07 3.64935e-06 1.90039e-05 9.02825e-05 0.000364275 0.00117146 0.00283795 0.00498742 0.0063867 0.00629312 0.00515861 0.00376169 0.00254329 0.00162471 0.000984742 0.000563318 0.000300106 0.000145277 6.09602e-05 1.99362e-05 3.61786e-06 0 
0 0.0009268 0.00292253 0.00363994 0.00211735 0.000616063 0.000104667 1.25541e-05 1.2828e-06 1.3364e-07 1.67747e-08 2.93631e-09 8.04795e-10 3.73243e-10 3.0328e-10 4.28231e-10 1.00216e-09 3.59143e-09 1.78145e-08 1.09313e-07 7.4098e-07 4.99351e-06 3.0518e-05 0.000156619 0.000632357 0.00189502 0.00402223 0.00597427 0.00649186 0.00561575 0.0042 0.00286969 0.00184054 0.00111713 0.000639351 0.000340665 0.000164919 6.92031e-05 2.2632e-05 4.10708e-06 0 
0 0.000987362 0.00295552 0.00329785 0.00161159 0.000376968 5.02008e-05 4.6486e-06 3.6502e-07 2.94786e-08 2.93631e-09 4.23395e-10 1.00384e-10 4.26311e-11 3.37053e-11 4.91759e-11 1.25688e-10 5.15795e-10 3.03992e-09 2.27297e-08 1.9029e-07 1.58829e-06 1.1955e-05 7.47474e-05 0.000363167 0.00129401 0.00321533 0.00544017 0.0064747 0.00590246 0.00452816 0.00312741 0.00201411 0.00122427 0.000701012 0.000373578 0.000180861 7.58941e-05 2.48203e-05 4.5042e-06 0 
0 0.0010258 0.00294825 0.00302546 0.00129991 0.000259474 2.89423e-05 2.21747e-06 1.43427e-07 9.59453e-09 8.04795e-10 1.00384e-10 2.13326e-11 8.46507e-12 6.53873e-12 9.74345e-12 2.65027e-11 1.19918e-10 8.01259e-10 6.92448e-09 6.77155e-08 6.61896e-07 5.81105e-06 4.20281e-05 0.000233912 0.000946222 0.00264374 0.00494706 0.00633955 0.00604232 0.00473999 0.00330544 0.00213675 0.00130055 0.000745031 0.000397095 0.000192255 8.06766e-05 2.63845e-05 4.78806e-06 0 
0 0.00104466 0.00292884 0.00285842 0.0011388 0.000207297 2.08528e-05 1.42968e-06 8.24731e-08 4.93274e-09 3.73243e-10 4.26311e-11 8.46507e-12 3.21473e-12 2.43901e-12 3.66429e-12 1.02987e-11 4.91918e-11 3.52996e-10 3.31675e-09 3.552e-08 3.81135e-07 3.66727e-06 2.89414e-05 0.000174812 0.000763793 0.00229479 0.0045812 0.00617046 0.0060686 0.00483888 0.00339902 0.0022036 0.00134267 0.00076944 0.000410155 0.000198586 8.33344e-05 2.72538e-05 4.94583e-06 0 
0 0.00104636 0.00291402 0.00280677 0.00109682 0.000195045 1.91106e-05 1.27298e-06 7.12255e-08 4.13001e-09 3.0328e-10 3.37053e-11 6.53873e-12 2.43901e-12 1.82894e-12 2.73413e-12 7.69849e-12 3.70774e-11 2.69808e-10 2.58284e-09 2.82792e-08 3.10916e-07 3.06855e-06 2.48446e-05 0.000153956 0.000690385 0.00213073 0.00436771 0.00601615 0.00600844 0.00483234 0.00340842 0.00221357 0.00134967 0.000773648 0.000412436 0.000199698 8.38016e-05 2.74067e-05 4.97358e-06 0 
0 0.00103244 0.00290864 0.00286859 0.00116187 0.000215882 2.22133e-05 1.55833e-06 9.18346e-08 5.59073e-09 4.28231e-10 4.91759e-11 9.74345e-12 3.66429e-12 2.73413e-12 4.01693e-12 1.09965e-11 5.10542e-11 3.56046e-10 3.25641e-09 3.40485e-08 3.58141e-07 3.39391e-06 2.65143e-05 0.000159435 0.000698027 0.00211697 0.00429308 0.00588563 0.00587352 0.00472744 0.00333746 0.00216883 0.00132283 0.000758388 0.00040433 0.000195778 8.21579e-05 2.68692e-05 4.87606e-06 0 
0 0.00100351 0.00290704 0.00303501 0.00134031 0.000276858 3.206e-05 2.5504e-06 1.70718e-07 1.17387e-08 1.00216e-09 1.25688e-10 2.65027e-11 1.02987e-11 7.69849e-12 1.09965e-11 2.84869e-11 1.2238e-10 7.766e-10 6.39521e-09 5.99393e-08 5.65786e-07 4.8391e-06 3.44305e-05 0.00019064 0.00077761 0.00222456 0.00431629 0.00575218 0.00565823 0.00452878 0.00319236 0.00207426 0.00126535 0.000725541 0.00038685 0.000187322 7.86109e-05 2.57094e-05 4.6656e-06 0 
0 0.000959596 0.00289518 0.00328762 0.00165287 0.000400566 5.54125e-05 5.32443e-06 4.31669e-07 3.56729e-08 3.59143e-09 5.15795e-10 1.19918e-10 4.91918e-11 3.70774e-11 5.10542e-11 1.2238e-10 4.69976e-10 2.59665e-09 1.8297e-08 1.45518e-07 1.16554e-06 8.51787e-06 5.24186e-05 0.00025491 0.000928761 0.00241822 0.00436807 0.00556028 0.00534357 0.00423871 0.00298094 0.00193671 0.00118188 0.000677879 0.0003615 0.000175062 7.34684e-05 2.4028e-05 4.36048e-06 0 
0 0.00090082 0.00285383 0.00359161 0.00212502 0.000631144 0.000109434 1.33494e-05 1.37805e-06 1.43618e-07 1.78145e-08 3.03992e-09 8.01259e-10 3.52996e-10 2.69808e-10 3.56046e-10 7.766e-10 2.59665e-09 1.20707e-08 6.9917e-08 4.51583e-07 2.93209e-06 1.74926e-05 8.90933e-05 0.000365178 0.00114581 0.00263662 0.0043477 0.00523587 0.00490367 0.00385834 0.0027117 0.00176413 0.00107792 0.00061874 0.000330097 0.000159885 6.71044e-05 2.19473e-05 3.98295e-06 0 
0 0.000828093 0.00276326 0.0038898 0.00276599 0.0010394 0.000234085 3.75661e-05 5.11171e-06 6.94288e-07 1.09313e-07 2.27297e-08 6.92448e-09 3.31675e-09 2.58284e-09 3.25641e-09 6.39521e-09 1.8297e-08 6.9917e-08 3.237e-07 1.64492e-06 8.36623e-06 3.93114e-05 0.000159802 0.000533009 0.00139615 0.00277527 0.00413031 0.00470067 0.00431129 0.00338686 0.00239221 0.00156436 0.000959217 0.000551676 0.000294597 0.00014275 5.99232e-05 1.95999e-05 3.55704e-06 0 
0 0.000743628 0.00260931 0.00410567 0.00353401 0.00171181 0.000512638 0.000110672 2.02509e-05 3.64935e-06 7.4098e-07 1.9029e-07 6.77155e-08 3.552e-08 2.82792e-08 3.40485e-08 5.99393e-08 1.45518e-07 4.51583e-07 1.64492e-06 6.45017e-06 2.51143e-05 9.05141e-05 0.000285138 0.000750635 0.001597 0.00269198 0.00359465 0.00388874 0.0035389 0.00281779 0.00202604 0.0013436 0.000831005 0.000480108 0.000256922 0.000124606 5.23254e-05 1.71171e-05 3.1066e-06 0 
0 0.00065104 0.00238898 0.00416186 0.00430435 0.00269672 0.00108616 0.000318956 7.90884e-05 1.90039e-05 4.99351e-06 1.58829e-06 6.61896e-07 3.81135e-07 3.10916e-07 3.58141e-07 5.65786e-07 1.16554e-06 2.93209e-06 8.36623e-06 2.51143e-05 7.39126e-05 0.000200575 0.000477685 0.000963621 0.00161591 0.00225554 0.00267432 0.00277096 0.00256324 0.00213588 0.00160962 0.00110487 0.000697377 0.000407044 0.000218818 0.000106322 4.46791e-05 1.46195e-05 2.65353e-06 0 
0 0.000554967 0.00211276 0.00401035 0.00488058 0.00390038 0.00210794 0.000843254 0.00028303 9.02825e-05 3.0518e-05 1.1955e-05 5.81105e-06 3.66727e-06 3.06855e-06 3.39391e-06 4.8391e-06 8.51787e-06 1.74926e-05 3.93114e-05 9.05141e-05 0.000200575 0.000404806 0.00071187 0.00105996 0.00133044 0.00145078 0.00146205 0.00144718 0.00142617 0.00134073 0.00113709 0.000848361 0.000561195 0.000334965 0.000181774 8.86438e-05 3.72986e-05 1.22099e-05 2.21651e-06 0 
0 0.000460327 0.00180218 0.00365609 0.00507803 0.0050166 0.00356718 0.001926 0.000868581 0.000364275 0.000156619 7.47474e-05 4.20281e-05 2.89414e-05 2.48446e-05 2.65143e-05 3.44305e-05 5.24186e-05 8.90933e-05 0.000159802 0.000285138 0.000477685 0.00071187 0.000898847 0.000925018 0.000769406 0.000552887 0.000406455 0.000369816 0.000433893 0.000558392 0.000636879 0.00057938 0.000425497 0.000266029 0.000147017 7.2165e-05 3.04322e-05 9.96932e-06 1.81017e-06 0 
0 0.000371509 0.00148336 0.00315532 0.00483259 0.0056447 0.00507672 0.00360697 0.002152 0.00117146 0.000632357 0.000363167 0.000233912 0.000174812 0.000153956 0.000159435 0.00019064 0.00025491 0.000365178 0.000533009 0.000750635 0.000963621 0.00105996 0.000925018 0.00057979 0.00024123 7.37365e-05 2.60011e-05 1.92981e-05 3.55686e-05 0.0001005 0.00023156 0.000326696 0.000297031 0.00020262 0.000115565 5.73286e-05 2.42568e-05 7.9545e-06 1.44478e-06 0 
0 0.000291779 0.00118004 0.00258915 0.00423475 0.00557017 0.00599738 0.0053553 0.00409811 0.00283795 0.00189502 0.00129401 0.000946222 0.000763793 0.000690385 0.000698027 0.00077761 0.000928761 0.00114581 0.00139615 0.001597 0.00161591 0.00133044 0.000769406 0.00024123 3.04881e-05 1.73064e-06 1.29723e-07 6.24827e-08 3.10752e-07 4.6728e-06 4.44617e-05 0.000143126 0.00018846 0.000147735 8.82705e-05 4.44275e-05 1.88797e-05 6.19898e-06 1.12633e-06 0 
0 0.000223036 0.000909027 0.00203209 0.00345976 0.0049069 0.00596577 0.0062965 0.0058711 0.00498742 0.00402223 0.00321533 0.00264374 0.00229479 0.00213073 0.00211697 0.00222456 0.00241822 0.00263662 0.00277527 0.00269198 0.00225554 0.00145078 0.000552887 7.37365e-05 1.73064e-06 7.69814e-09 5.17648e-11 1.27452e-11 3.07096e-10 6.22022e-08 4.97926e-06 5.18867e-05 0.000111906 0.00010423 6.57153e-05 3.35997e-05 1.43421e-05 4.71498e-06 8.56985e-07 0 
0 0.000165899 0.000679096 0.00153392 0.00267071 0.00395399 0.00516739 0.00606263 0.00646883 0.0063867 0.00597427 0.00544017 0.00494706 0.0045812 0.00436771 0.00429308 0.00431629 0.00436807 0.0043477 0.00413031 0.00359465 0.00267432 0.00146205 0.000406455 2.60011e-05 1.29723e-07 5.17648e-11 3.43333e-14 4.41701e-15 4.85261e-13 1.17039e-09 6.84364e-07 2.0615e-05 6.80666e-05 7.29996e-05 4.79829e-05 2.48197e-05 1.06278e-05 3.49686e-06 6.35728e-07 0 
0 0.00011999 0.000492293 0.00111794 0.0019689 0.0029803 0.00404656 0.00503245 0.00580745 0.00629312 0.00649186 0.0064747 0.00633955 0.00617046 0.00601615 0.00588563 0.00575218 0.00556028 0.00523587 0.00470067 0.00388874 0.00277096 0.00144718 0.000369816 1.92981e-05 6.24827e-08 1.27452e-11 4.41701e-15 4.63843e-16 7.43709e-14 3.391e-10 3.29256e-07 1.29089e-05 4.71291e-05 5.21339e-05 3.45567e-05 1.79132e-05 7.67455e-06 2.52549e-06 4.59148e-07 0 
0 8.42727e-05 0.000346139 0.000788066 0.00139551 0.00213464 0.00295164 0.00377644 0.00453344 0.00515861 0.00561575 0.00590246 0.00604232 0.0060686 0.00600844 0.00587352 0.00565823 0.00534357 0.00490367 0.00431129 0.0035389 0.00256324 0.00142617 0.000433893 3.55686e-05 3.10752e-07 3.07096e-10 4.85261e-13 7.43709e-14 3.96384e-12 3.14828e-09 7.58502e-07 1.41236e-05 3.81638e-05 3.81634e-05 2.45417e-05 1.26129e-05 5.39092e-06 1.77286e-06 3.22258e-07 0 
0 5.73484e-05 0.000235673 0.00053719 0.000953561 0.00146533 0.00204236 0.0026459 0.00323277 0.00376169 0.0042 0.00452816 0.00473999 0.00483888 0.00483234 0.00472744 0.00452878 0.00423871 0.00385834 0.00338686 0.00281779 0.00213588 0.00134073 0.000558392 0.0001005 4.6728e-06 6.22022e-08 1.17039e-09 3.391e-10 3.14828e-09 1.51156e-07 3.77102e-06 2.04738e-05 3.32842e-05 2.79702e-05 1.70543e-05 8.63129e-06 3.6733e-06 1.20656e-06 2.19249e-07 0 
0 3.76943e-05 0.00015494 0.000353345 0.000627852 0.000966635 0.00135165 0.00175995 0.00216576 0.00254329 0.00286969 0.00312741 0.00330544 0.00339902 0.00340842 0.00333746 0.00319236 0.00298094 0.0027117 0.00239221 0.00202604 0.00160962 0.00113709 0.000636879 0.00023156 4.44617e-05 4.97926e-06 6.84364e-07 3.29256e-07 7.58502e-07 3.77102e-06 1.43735e-05 2.70521e-05 2.78287e-05 1.98286e-05 1.14641e-05 5.70957e-06 2.41851e-06 7.93343e-07 1.44107e-07 0 
0 2.38229e-05 9.79322e-05 0.000223382 0.000397082 0.000611792 0.000856532 0.0011174 0.00137877 0.00162471 0.00184054 0.00201411 0.00213675 0.0022036 0.00221357 0.00216883 0.00207426 0.00193671 0.00176413 0.00156436 0.0013436 0.00110487 0.000848361 0.00057938 0.000326696 0.000143126 5.18867e-05 2.0615e-05 1.29089e-05 1.41236e-05 2.04738e-05 2.70521e-05 2.71067e-05 2.08446e-05 1.32675e-05 7.37705e-06 3.62815e-06 1.5309e-06 5.01599e-07 9.10821e-08 0 
0 1.43836e-05 5.91308e-05 0.000134887 0.000239811 0.000369582 0.000517662 0.000675787 0.000834656 0.000984742 0.00111713 0.00122427 0.00130055 0.00134267 0.00134967 0.00132283 0.00126535 0.00118188 0.00107792 0.000959217 0.000831005 0.000697377 0.000561195 0.000425497 0.000297031 0.00018846 0.000111906 6.80666e-05 4.71291e-05 3.81638e-05 3.32842e-05 2.78287e-05 2.08446e-05 1.38583e-05 8.29511e-06 4.50699e-06 2.19892e-06 9.25397e-07 3.02952e-07 5.4997e-08 0 
0 8.21717e-06 3.37812e-05 7.70629e-05 0.000137015 0.00021118 0.000295839 0.000386297 0.000477266 0.000563318 0.000639351 0.000701012 0.000745031 0.00076944 0.000773648 0.000758388 0.000725541 0.000677879 0.00061874 0.000551676 0.000480108 0.000407044 0.000334965 0.000266029 0.00020262 0.000147735 0.00010423 7.29996e-05 5.21339e-05 3.81634e-05 2.79702e-05 1.98286e-05 1.32675e-05 8.29511e-06 4.82626e-06 2.59197e-06 1.25909e-06 5.29064e-07 1.73113e-07 3.14211e-08 0 
0 4.37574e-06 1.7989e-05 4.10376e-05 7.29647e-05 0.000112464 0.000157557 0.000205749 0.000254228 0.000300106 0.000340665 0.000373578 0.000397095 0.000410155 0.000412436 0.00040433 0.00038685 0.0003615 0.000330097 0.000294597 0.000256922 0.000218818 0.000181774 0.000147017 0.000115565 8.82705e-05 6.57153e-05 4.79829e-05 3.45567e-05 2.45417e-05 1.70543e-05 1.14641e-05 7.37705e-06 4.50699e-06 2.59197e-06 1.38484e-06 6.71299e-07 2.81853e-07 9.21978e-08 1.67329e-08 0 
0 2.11793e-06 8.707e-06 1.9863e-05 3.53166e-05 5.44355e-05 7.62634e-05 9.95926e-05 0.000123063 0.000145277 0.000164919 0.000180861 0.000192255 0.000198586 0.000199698 0.000195778 0.000187322 0.000175062 0.000159885 0.00014275 0.000124606 0.000106322 8.86438e-05 7.2165e-05 5.73286e-05 4.44275e-05 3.35997e-05 2.48197e-05 1.79132e-05 1.26129e-05 8.63129e-06 5.70957e-06 3.62815e-06 2.19892e-06 1.25909e-06 6.71299e-07 3.25111e-07 1.36451e-07 4.46287e-08 8.09918e-09 0 
0 8.88672e-07 3.65341e-06 8.33442e-06 1.48187e-05 2.2841e-05 3.20002e-05 4.17895e-05 5.16382e-05 6.09602e-05 6.92031e-05 7.58941e-05 8.06766e-05 8.33344e-05 8.38016e-05 8.21579e-05 7.86109e-05 7.34684e-05 6.71044e-05 5.99232e-05 5.23254e-05 4.46791e-05 3.72986e-05 3.04322e-05 2.42568e-05 1.88797e-05 1.43421e-05 1.06278e-05 7.67455e-06 5.39092e-06 3.6733e-06 2.41851e-06 1.5309e-06 9.25397e-07 5.29064e-07 2.81853e-07 1.36451e-07 5.72601e-08 1.87267e-08 3.39842e-09 0 
0 2.90623e-07 1.19478e-06 2.72561e-06 4.84618e-06 7.46974e-06 1.04651e-05 1.36665e-05 1.68875e-05 1.99362e-05 2.2632e-05 2.48203e-05 2.63845e-05 2.72538e-05 2.74067e-05 2.68692e-05 2.57094e-05 2.4028e-05 2.19473e-05 1.95999e-05 1.71171e-05 1.46195e-05 1.22099e-05 9.96932e-06 7.9545e-06 6.19898e-06 4.71498e-06 3.49686e-06 2.52549e-06 1.77286e-06 1.20656e-06 7.93343e-07 5.01599e-07 3.02952e-07 1.73113e-07 9.21978e-08 4.46287e-08 1.87267e-08 6.12431e-09 1.1114e-09 0 
0 5.27398e-08 2.16818e-07 4.94621e-07 8.79443e-07 1.35554e-06 1.89912e-06 2.48009e-06 3.0646e-06 3.61786e-06 4.10708e-06 4.5042e-06 4.78806e-06 4.94583e-06 4.97358e-06 4.87606e-06 4.6656e-06 4.36048e-06 3.98295e-06 3.55704e-06 3.1066e-06 2.65353e-06 2.21651e-06 1.81017e-06 1.44478e-06 1.12633e-06 8.56985e-07 6.35728e-07 4.59148e-07 3.22258e-07 2.19249e-07 1.44107e-07 9.10821e-08 5.4997e-08 3.14211e-08 1.67329e-08 8.09918e-09 3.39842e-09 1.1114e-09 2.01687e-10 0 
0 0 0 0 0 0 0 0 0 0 0 0 0 0 0 0 0 0 0 0 0 0 0 0 0 0 0 0 0 0 0 0 0 0 0 0 0 0 0 0 0 
