0 0 0 0 0 0 0 0 0 0 0 0 0 0 0 0 0 0 0 0 0 0 0 0 0 0 0 0 0 0 0 0 0 0 0 0 0 0 0 0 0 
0 1.33509e-05 5.27654e-05 0.000111943 0.000177051 0.000231251 0.000263117 0.000271337 0.000262213 0.00024422 0.000224295 0.000206781 0.000193865 0.000186379 0.000184457 0.000187897 0.000196271 0.000208861 0.000224484 0.000241302 0.000256742 0.000267659 0.00027084 0.000263816 0.000245726 0.000217844 0.000183384 0.000146588 0.000111473 8.08721e-05 5.61187e-05 3.72911e-05 2.37029e-05 1.43512e-05 8.20928e-06 4.37402e-06 2.1176e-06 8.8862e-07 2.90617e-07 5.27394e-08 0 
0 5.27654e-05 0.000197159 0.000374682 0.000494008 0.000499981 0.000417081 0.000306581 0.000210875 0.000142756 9.90984e-05 7.28498e-05 5.80665e-05 5.09299e-05 4.94466e-05 5.30064e-05 6.21214e-05 7.8343e-05 0.000104219 0.000143031 0.000197939 0.000270157 0.000356198 0.000445316 0.000519539 0.000558716 0.000549776 0.000494339 0.000408084 0.000312085 0.000223401 0.000150977 9.67797e-05 5.88285e-05 3.37098e-05 1.79739e-05 8.70421e-06 3.65298e-06 1.19473e-06 2.16815e-07 0 
0 0.000111943 0.000374682 0.000573717 0.000537248 0.000348158 0.000175347 7.62869e-05 3.13258e-05 1.30904e-05 5.94073e-06 3.09097e-06 1.92109e-06 1.46362e-06 1.38027e-06 1.60159e-06 2.24163e-06 3.6693e-06 6.76002e-06 1.34405e-05 2.76519e-05 5.6605e-05 0.000111385 0.000204585 0.000342043 0.000509243 0.000663012 0.000746597 0.000727499 0.000621542 0.000475674 0.000333423 0.000217658 0.000133417 7.67242e-05 4.0968e-05 1.98505e-05 8.33253e-06 2.7254e-06 4.94607e-07 0 
0 0.000177051 0.000494008 0.000537248 0.000306224 0.0001093 2.86556e-05 6.3034e-06 1.3092e-06 2.86821e-07 7.33755e-08 2.39092e-08 1.06039e-08 6.67331e-09 6.05043e-09 7.81945e-09 1.39298e-08 3.2481e-08 9.2988e-08 3.04741e-07 1.06607e-06 3.7323e-06 1.23754e-05 3.72029e-05 9.8159e-05 0.000221845 0.000420616 0.000656101 0.000831177 0.000858734 0.000742211 0.000557335 0.000376721 0.000234634 0.000135845 7.273e-05 3.52754e-05 1.48126e-05 4.8455e-06 8.79402e-07 0 
0 0.000231251 0.000499981 0.000348158 0.0001093 1.93844e-05 2.3316e-06 2.23796e-07 2.01376e-08 1.99235e-09 2.51535e-10 4.60477e-11 1.34763e-11 6.70198e-12 5.78896e-12 8.54349e-12 2.04849e-11 7.38613e-11 3.63964e-10 2.20772e-09 1.48481e-08 1.00521e-07 6.30643e-07 3.43678e-06 1.5549e-05 5.68136e-05 0.000165007 0.000375922 0.000661024 0.000887505 0.000922021 0.000773906 0.00055465 0.000355011 0.000207921 0.000111821 5.43251e-05 2.28251e-05 7.46799e-06 1.35544e-06 0 
0 0.000263117 0.000417081 0.000175347 2.86556e-05 2.3316e-06 1.15889e-07 4.31667e-09 1.49369e-10 5.96105e-12 3.3608e-13 3.18636e-14 5.80276e-15 2.20582e-15 1.80265e-15 3.09517e-15 1.04153e-14 6.17438e-14 5.65352e-13 6.92437e-12 9.82396e-11 1.41298e-09 1.83747e-08 1.9744e-07 1.64609e-06 1.02695e-05 4.72821e-05 0.000160416 0.000399786 0.000723528 0.000947724 0.000927634 0.000724552 0.000483402 0.000288188 0.000156066 7.60111e-05 3.19644e-05 1.04612e-05 1.89889e-06 0 
0 0.000271337 0.000306581 7.62869e-05 6.3034e-06 2.23796e-07 4.31667e-09 5.83106e-11 7.25151e-13 1.09527e-14 2.60634e-16 1.22254e-17 1.34999e-18 3.93905e-19 3.05891e-19 6.0433e-19 2.8777e-18 2.89661e-17 5.14567e-16 1.33645e-14 4.21434e-13 1.35821e-11 3.85732e-10 8.58625e-09 1.37925e-07 1.52405e-06 1.13949e-05 5.8034e-05 0.000204255 0.000498748 0.000838921 0.000985629 0.000859921 0.000606812 0.000370768 0.000202737 9.90887e-05 4.1719e-05 1.3659e-05 2.47966e-06 0 
0 0.000262213 0.000210875 3.13258e-05 1.3092e-06 2.01376e-08 1.49369e-10 7.25151e-13 3.21352e-15 1.8226e-17 1.85047e-19 6.04985e-21 1.12628e-21 5.53929e-22 4.7482e-22 6.71372e-22 1.73337e-21 1.41218e-20 4.23606e-19 2.3334e-17 1.64587e-15 1.19642e-13 7.47156e-12 3.46995e-10 1.08179e-08 2.13151e-07 2.59826e-06 1.98014e-05 9.7089e-05 0.00031393 0.000672118 0.000955424 0.000945103 0.00071356 0.000449571 0.000248852 0.00012217 5.15146e-05 1.68745e-05 3.06386e-06 0 
0 0.00024422 0.000142756 1.30904e-05 2.86821e-07 1.99235e-09 5.96105e-12 1.09527e-14 1.8226e-17 4.21265e-20 3.68077e-22 3.02157e-23 1.06074e-23 7.56041e-24 6.9484e-24 7.77565e-24 1.23904e-23 4.73387e-23 6.88985e-22 5.52902e-20 8.26335e-18 1.3e-15 1.71539e-13 1.60209e-11 9.38359e-10 3.20715e-08 6.22838e-07 6.95538e-06 4.6411e-05 0.000193234 0.000513375 0.000872861 0.0009806 0.000796397 0.00051934 0.000291528 0.000143857 6.07651e-05 1.99159e-05 3.61671e-06 0 
0 0.000224295 9.90984e-05 5.94073e-06 7.33755e-08 2.51535e-10 3.3608e-13 2.60634e-16 1.85047e-19 3.68078e-22 5.86994e-24 7.63822e-25 3.95921e-25 3.45076e-25 3.29616e-25 3.24623e-25 3.83262e-25 8.29183e-25 6.46526e-24 3.26472e-22 7.4335e-20 2.30384e-17 5.90644e-15 1.02586e-12 1.05227e-10 5.87058e-09 1.72627e-07 2.70881e-06 2.37215e-05 0.000122786 0.000391305 0.000776212 0.000979516 0.000853807 0.000576464 0.000328308 0.000162874 6.89236e-05 2.26031e-05 4.10545e-06 0 
0 0.000206781 7.28498e-05 3.09097e-06 2.39092e-08 4.60477e-11 3.18636e-14 1.22254e-17 6.04986e-21 3.02157e-23 7.63824e-25 7.28277e-26 3.16648e-26 2.88422e-26 2.79567e-26 2.57294e-26 2.58074e-26 4.48939e-26 3.17128e-25 1.10489e-23 1.75384e-21 8.47506e-19 3.73357e-16 1.07619e-13 1.74464e-11 1.45283e-09 5.9992e-08 1.24378e-06 1.35976e-05 8.38471e-05 0.000308333 0.000690811 0.000959275 0.000888938 0.000619219 0.000357375 0.000178178 7.55281e-05 2.47826e-05 4.50209e-06 0 
0 0.000193865 5.80665e-05 1.92109e-06 1.06039e-08 1.34763e-11 5.80276e-15 1.34999e-18 1.12628e-21 1.06074e-23 3.95923e-25 3.1665e-26 5.78519e-27 3.45049e-27 3.13979e-27 2.78851e-27 2.82057e-27 7.042e-27 6.82298e-26 1.8077e-24 1.67373e-22 7.83648e-20 5.05593e-17 2.10049e-14 4.73817e-12 5.26918e-10 2.78098e-08 7.05281e-07 9.05128e-06 6.32726e-05 0.000257391 0.000628231 0.000934863 0.00090715 0.000647429 0.000377619 0.000189025 8.02364e-05 2.63392e-05 4.78554e-06 0 
0 0.000186379 5.09299e-05 1.46362e-06 6.67331e-09 6.70198e-12 2.20582e-15 3.93905e-19 5.5393e-22 7.56043e-24 3.45078e-25 2.88424e-26 3.45051e-27 7.67803e-28 4.40581e-28 3.82042e-28 6.0655e-28 3.24785e-27 3.65132e-26 8.14188e-25 5.61677e-23 2.05292e-20 1.61535e-17 8.2584e-15 2.24732e-12 2.94568e-10 1.7875e-08 5.08406e-07 7.14761e-06 5.36451e-05 0.000230963 0.000591544 0.000916039 0.000913599 0.000661807 0.000388564 0.000194998 8.28454e-05 2.72036e-05 4.94302e-06 0 
0 0.000184457 4.94466e-05 1.38027e-06 6.05043e-09 5.78896e-12 1.80265e-15 3.05891e-19 4.74821e-22 6.94842e-24 3.29617e-25 2.79569e-26 3.13981e-27 4.40583e-28 1.10589e-28 9.58688e-29 3.52969e-28 2.73408e-27 3.16832e-26 6.86081e-25 4.48399e-23 1.54115e-20 1.25988e-17 6.72709e-15 1.9043e-12 2.5842e-10 1.61515e-08 4.70675e-07 6.74595e-06 5.13968e-05 0.000224005 0.00058009 0.000907315 0.000911694 0.000663309 0.000390243 0.000196004 8.32976e-05 2.73549e-05 4.97069e-06 0 
0 0.000187897 5.30064e-05 1.60159e-06 7.81945e-09 8.54349e-12 3.09517e-15 6.0433e-19 6.71373e-22 7.77567e-24 3.24624e-25 2.57296e-26 2.78853e-27 3.82044e-28 9.58688e-29 1.00084e-28 4.08705e-28 3.22917e-27 3.99064e-26 9.77129e-25 7.65739e-23 3.16971e-20 2.33516e-17 1.11055e-14 2.83216e-12 3.50825e-10 2.0295e-08 5.55004e-07 7.56218e-06 5.53969e-05 0.00023418 0.000591883 0.000908806 0.000902502 0.000652727 0.000383076 0.000192236 8.16736e-05 2.68194e-05 4.87327e-06 0 
0 0.000196271 6.21214e-05 2.24163e-06 1.39298e-08 2.04849e-11 1.04153e-14 2.8777e-18 1.73337e-21 1.23904e-23 3.83263e-25 2.58075e-26 2.82059e-27 6.06549e-28 3.52967e-28 4.08703e-28 9.85688e-28 6.12041e-27 8.35002e-26 2.76145e-24 3.26807e-22 1.67282e-19 9.48472e-17 3.47573e-14 7.00544e-12 7.06298e-10 3.43106e-08 8.12839e-07 9.88031e-06 6.62339e-05 0.000261177 0.000623891 0.000916821 0.000884855 0.000630605 0.000367787 0.00018414 7.81745e-05 2.56643e-05 4.66306e-06 0 
0 0.000208861 7.8343e-05 3.6693e-06 3.2481e-08 7.38613e-11 6.17438e-14 2.89661e-17 1.41218e-20 4.73388e-23 8.29185e-25 4.4894e-26 7.04199e-27 3.24783e-27 2.73407e-27 3.22915e-27 6.12039e-27 2.80948e-26 4.15481e-25 2.13403e-23 4.47071e-21 1.9745e-18 7.4547e-16 1.86136e-13 2.65254e-11 1.97414e-09 7.41205e-08 1.42103e-06 1.45975e-05 8.58423e-05 0.000305292 0.000670601 0.000924016 0.00085594 0.000597395 0.000345372 0.000172363 7.30964e-05 2.39893e-05 4.35829e-06 0 
0 0.000224484 0.000104219 6.76002e-06 9.2988e-08 3.63964e-10 5.65352e-13 5.14567e-16 4.23606e-19 6.88986e-22 6.46527e-24 3.17127e-25 6.82296e-26 3.65131e-26 3.1683e-26 3.99062e-26 8.34999e-26 4.15481e-25 7.93927e-24 6.73214e-22 1.57437e-19 4.30018e-17 9.71907e-15 1.50161e-12 1.38593e-10 7.04766e-09 1.91471e-07 2.81405e-06 2.34008e-05 0.000116712 0.000364448 0.000721129 0.000919466 0.000812193 0.000553749 0.000317074 0.000157694 6.68002e-05 2.19154e-05 3.98113e-06 0 
0 0.000241302 0.000143031 1.34405e-05 3.04741e-07 2.20772e-09 6.92437e-12 1.33645e-14 2.3334e-17 5.52902e-20 3.26472e-22 1.10489e-23 1.8077e-24 8.14186e-25 6.86079e-25 9.77127e-25 2.76144e-24 2.13403e-23 6.73214e-22 6.53862e-20 9.39427e-18 1.4088e-15 1.77443e-13 1.58471e-11 8.8927e-10 2.91843e-08 5.45952e-07 5.90352e-06 3.84805e-05 0.000158856 0.00042799 0.000755413 0.000889293 0.000750345 0.000500766 0.000284344 0.000141009 5.96789e-05 1.9574e-05 3.55554e-06 0 
0 0.000256742 0.000197939 2.76519e-05 1.06607e-06 1.48481e-08 9.82396e-11 4.21434e-13 1.64587e-15 8.26335e-18 7.4335e-20 1.75384e-21 1.67373e-22 5.61676e-23 4.48399e-23 7.65739e-23 3.26807e-22 4.47071e-21 1.57437e-19 9.39427e-18 7.19362e-16 5.67493e-14 3.82212e-12 1.89185e-10 6.18407e-09 1.25472e-07 1.55172e-06 1.19286e-05 5.94935e-05 0.000200765 0.000466342 0.000741553 0.000818411 0.000668339 0.000440098 0.000248758 0.0001232 5.21254e-05 1.70956e-05 3.10535e-06 0 
0 0.000267659 0.000270157 5.6605e-05 3.7323e-06 1.00521e-07 1.41298e-09 1.35821e-11 1.19642e-13 1.3e-15 2.30384e-17 8.47506e-19 7.83648e-20 2.05292e-20 1.54115e-20 3.16971e-20 1.67282e-19 1.9745e-18 4.30018e-17 1.4088e-15 5.67493e-14 2.32834e-12 8.25291e-11 2.21099e-09 4.06307e-08 4.85323e-07 3.75094e-06 1.95415e-05 7.29677e-05 0.000203692 0.000424304 0.00064013 0.000693963 0.000565942 0.000373854 0.000211907 0.000105114 4.45051e-05 1.46006e-05 2.65242e-06 0 
0 0.00027084 0.000356198 0.000111385 1.23754e-05 6.30643e-07 1.83747e-08 3.85732e-10 7.47156e-12 1.71539e-13 5.90644e-15 3.73357e-16 5.05593e-17 1.61535e-17 1.25988e-17 2.33516e-17 9.48472e-17 7.4547e-16 9.71907e-15 1.77443e-13 3.82212e-12 8.25291e-11 1.54088e-09 2.18673e-08 2.12776e-07 1.34149e-06 5.61586e-06 1.75625e-05 4.75861e-05 0.000119177 0.000258561 0.000430652 0.000512765 0.000445525 0.000304517 0.000175305 8.7503e-05 3.7134e-05 1.21921e-05 2.21547e-06 0 
0 0.000263816 0.000445316 0.000204585 3.72029e-05 3.43678e-06 1.9744e-07 8.58625e-09 3.46995e-10 1.60209e-11 1.02586e-12 1.07619e-13 2.10049e-14 8.2584e-15 6.72709e-15 1.11055e-14 3.47573e-14 1.86136e-13 1.50161e-12 1.58471e-11 1.89185e-10 2.21099e-09 2.18673e-08 1.56889e-07 6.96995e-07 1.72649e-06 2.59144e-06 3.39696e-06 6.18597e-06 1.82432e-05 6.44833e-05 0.00017679 0.000298494 0.00031463 0.000235177 0.000140371 7.09983e-05 3.02656e-05 9.9515e-06 1.80914e-06 0 
0 0.000245726 0.000519539 0.000342043 9.8159e-05 1.5549e-05 1.64609e-06 1.37925e-07 1.08179e-08 9.38359e-10 1.05227e-10 1.74464e-11 4.73817e-12 2.24732e-12 1.9043e-12 2.83216e-12 7.00544e-12 2.65254e-11 1.38593e-10 8.8927e-10 6.18407e-09 4.06307e-08 2.12776e-07 6.96995e-07 1.02169e-06 4.99482e-07 9.65532e-08 2.07633e-08 2.03678e-08 1.41284e-07 2.48768e-06 2.85943e-05 0.000117107 0.000190316 0.000170188 0.00010849 5.61038e-05 2.40856e-05 7.93656e-06 1.44376e-06 0 
0 0.000217844 0.000558716 0.000509243 0.000221845 5.68136e-05 1.02695e-05 1.52405e-06 2.13151e-07 3.20715e-08 5.87058e-09 1.45283e-09 5.26918e-10 2.94568e-10 2.5842e-10 3.50825e-10 7.06298e-10 1.97414e-09 7.04766e-09 2.91843e-08 1.25472e-07 4.85323e-07 1.34149e-06 1.72649e-06 4.99482e-07 1.48682e-08 5.76527e-11 3.39249e-13 1.09128e-13 6.7392e-12 4.53803e-09 1.13078e-06 2.70461e-05 9.60871e-05 0.000115174 8.09941e-05 4.31869e-05 1.87103e-05 6.18164e-06 1.12536e-06 0 
0 0.000183384 0.000549776 0.000663012 0.000420616 0.000165007 4.72821e-05 1.13949e-05 2.59826e-06 6.22838e-07 1.72627e-07 5.9992e-08 2.78098e-08 1.7875e-08 1.61515e-08 2.0295e-08 3.43106e-08 7.41205e-08 1.91471e-07 5.45952e-07 1.55172e-06 3.75094e-06 5.61586e-06 2.59144e-06 9.65532e-08 5.76527e-11 7.0377e-16 2.0514e-15 2.67251e-15 2.67033e-16 4.93421e-13 1.3335e-08 4.18173e-06 4.31415e-05 7.47103e-05 5.88707e-05 3.24454e-05 1.41878e-05 4.69949e-06 8.56138e-07 0 
0 0.000146588 0.000494339 0.000746597 0.000656101 0.000375922 0.000160416 5.8034e-05 1.98014e-05 6.95538e-06 2.70881e-06 1.24378e-06 7.05281e-07 5.08406e-07 4.70675e-07 5.55004e-07 8.12839e-07 1.42103e-06 2.81405e-06 5.90352e-06 1.19286e-05 1.95415e-05 1.75625e-05 3.39696e-06 2.07633e-08 3.39249e-13 2.0514e-15 2.10482e-16 1.98737e-16 3.08536e-17 1.22382e-16 2.44045e-10 8.018e-07 2.09862e-05 4.91732e-05 4.22855e-05 2.38656e-05 1.0502e-05 3.48441e-06 6.35055e-07 0 
0 0.000111473 0.000408084 0.000727499 0.000831177 0.000661024 0.000399786 0.000204255 9.7089e-05 4.6411e-05 2.37215e-05 1.35976e-05 9.05128e-06 7.14761e-06 6.74595e-06 7.56218e-06 9.88031e-06 1.45975e-05 2.34008e-05 3.84805e-05 5.94935e-05 7.29677e-05 4.75861e-05 6.18597e-06 2.03678e-08 1.09128e-13 2.67251e-15 1.98737e-16 4.53625e-17 5.91502e-17 2.23358e-15 7.25103e-11 4.29147e-07 1.39803e-05 3.4876e-05 3.0434e-05 1.72273e-05 7.58463e-06 2.51662e-06 4.5867e-07 0 
0 8.08721e-05 0.000312085 0.000621542 0.000858734 0.000887505 0.000723528 0.000498748 0.00031393 0.000193234 0.000122786 8.38471e-05 6.32726e-05 5.36451e-05 5.13968e-05 5.53969e-05 6.62339e-05 8.58423e-05 0.000116712 0.000158856 0.000200765 0.000203692 0.000119177 1.82432e-05 1.41284e-07 6.7392e-12 2.67033e-16 3.08536e-17 5.91501e-17 7.48493e-17 2.28688e-15 7.21473e-10 8.13437e-07 1.3587e-05 2.70158e-05 2.19806e-05 1.21893e-05 5.33519e-06 1.76733e-06 3.21959e-07 0 
0 5.61187e-05 0.000223401 0.000475674 0.000742211 0.000922021 0.000947724 0.000838921 0.000672118 0.000513375 0.000391305 0.000308333 0.000257391 0.000230963 0.000224005 0.00023418 0.000261177 0.000305292 0.000364448 0.00042799 0.000466342 0.000424304 0.000258561 6.44833e-05 2.48768e-06 4.53803e-09 4.93421e-13 1.22382e-16 2.23359e-15 2.28688e-15 1.97715e-11 4.04018e-08 2.97156e-06 1.61211e-05 2.17638e-05 1.57047e-05 8.40808e-06 3.64351e-06 1.20356e-06 2.19084e-07 0 
0 3.72911e-05 0.000150977 0.000333423 0.000557335 0.000773906 0.000927634 0.000985629 0.000955424 0.000872861 0.000776212 0.000690811 0.000628231 0.000591544 0.00058009 0.000591883 0.000623891 0.000670601 0.000721129 0.000755413 0.000741553 0.00064013 0.000430652 0.00017679 2.85943e-05 1.13078e-06 1.3335e-08 2.44045e-10 7.25103e-11 7.21473e-10 4.04018e-08 1.29888e-06 9.19806e-06 1.81372e-05 1.69652e-05 1.08656e-05 5.60934e-06 2.4048e-06 7.91924e-07 1.44027e-07 0 
0 2.37029e-05 9.67797e-05 0.000217658 0.000376721 0.00055465 0.000724552 0.000859921 0.000945103 0.0009806 0.000979516 0.000959275 0.000934863 0.000916039 0.000907315 0.000908806 0.000916821 0.000924016 0.000919466 0.000889293 0.000818411 0.000693963 0.000512765 0.000298494 0.000117107 2.70461e-05 4.18173e-06 8.018e-07 4.29147e-07 8.13437e-07 2.97156e-06 9.19806e-06 1.6187e-05 1.67552e-05 1.2191e-05 7.15371e-06 3.58969e-06 1.52545e-06 5.01016e-07 9.10482e-08 0 
0 1.43512e-05 5.88285e-05 0.000133417 0.000234634 0.000355011 0.000483402 0.000606812 0.00071356 0.000796397 0.000853807 0.000888938 0.00090715 0.000913599 0.000911694 0.000902502 0.000884855 0.00085594 0.000812193 0.000750345 0.000668339 0.000565942 0.000445525 0.00031463 0.000190316 9.60871e-05 4.31415e-05 2.09862e-05 1.39803e-05 1.3587e-05 1.61211e-05 1.81372e-05 1.67552e-05 1.25517e-05 7.96205e-06 4.43629e-06 2.18624e-06 9.2352e-07 3.02743e-07 5.49845e-08 0 
0 8.20928e-06 3.37098e-05 7.67242e-05 0.000135845 0.000207921 0.000288188 0.000370768 0.000449571 0.00051934 0.000576464 0.000619219 0.000647429 0.000661807 0.000663309 0.000652727 0.000630605 0.000597395 0.000553749 0.000500766 0.000440098 0.000373854 0.000304517 0.000235177 0.000170188 0.000115174 7.47103e-05 4.91732e-05 3.4876e-05 2.70158e-05 2.17638e-05 1.69652e-05 1.2191e-05 7.96205e-06 4.73973e-06 2.57281e-06 1.25548e-06 5.28504e-07 1.73048e-07 3.14171e-08 0 
0 4.37402e-06 1.79739e-05 4.0968e-05 7.273e-05 0.000111821 0.000156066 0.000202737 0.000248852 0.000291528 0.000328308 0.000357375 0.000377619 0.000388564 0.000390243 0.000383076 0.000367787 0.000345372 0.000317074 0.000284344 0.000248758 0.000211907 0.000175305 0.000140371 0.00010849 8.09941e-05 5.88707e-05 4.22855e-05 3.0434e-05 2.19806e-05 1.57047e-05 1.08656e-05 7.15371e-06 4.43629e-06 2.57281e-06 1.38038e-06 6.70415e-07 2.81709e-07 9.21803e-08 1.67317e-08 0 
0 2.1176e-06 8.70421e-06 1.98505e-05 3.52754e-05 5.43251e-05 7.60111e-05 9.90887e-05 0.00012217 0.000143857 0.000162874 0.000178178 0.000189025 0.000194998 0.000196004 0.000192236 0.00018414 0.000172363 0.000157694 0.000141009 0.0001232 0.000105114 8.7503e-05 7.09983e-05 5.61038e-05 4.31869e-05 3.24454e-05 2.38656e-05 1.72273e-05 1.21893e-05 8.40808e-06 5.60934e-06 3.58969e-06 2.18624e-06 1.25548e-06 6.70415e-07 3.24927e-07 1.36419e-07 4.46246e-08 8.09891e-09 0 
0 8.8862e-07 3.65298e-06 8.33253e-06 1.48126e-05 2.28251e-05 3.19644e-05 4.1719e-05 5.15146e-05 6.07651e-05 6.89236e-05 7.55281e-05 8.02364e-05 8.28454e-05 8.32976e-05 8.16736e-05 7.81745e-05 7.30964e-05 6.68002e-05 5.96789e-05 5.21254e-05 4.45051e-05 3.7134e-05 3.02656e-05 2.40856e-05 1.87103e-05 1.41878e-05 1.0502e-05 7.58463e-06 5.33519e-06 3.64351e-06 2.4048e-06 1.52545e-06 9.2352e-07 5.28504e-07 2.81709e-07 1.36419e-07 5.72544e-08 1.87259e-08 3.39837e-09 0 
0 2.90617e-07 1.19473e-06 2.7254e-06 4.8455e-06 7.46799e-06 1.04612e-05 1.3659e-05 1.68745e-05 1.99159e-05 2.26031e-05 2.47826e-05 2.63392e-05 2.72036e-05 2.73549e-05 2.68194e-05 2.56643e-05 2.39893e-05 2.19154e-05 1.9574e-05 1.70956e-05 1.46006e-05 1.21921e-05 9.9515e-06 7.93656e-06 6.18164e-06 4.69949e-06 3.48441e-06 2.51662e-06 1.76733e-06 1.20356e-06 7.91924e-07 5.01016e-07 3.02743e-07 1.73048e-07 9.21803e-08 4.46246e-08 1.87259e-08 6.1242e-09 1.11139e-09 0 
0 5.27394e-08 2.16815e-07 4.94607e-07 8.79402e-07 1.35544e-06 1.89889e-06 2.47966e-06 3.06386e-06 3.61671e-06 4.10545e-06 4.50209e-06 4.78554e-06 4.94302e-06 4.97069e-06 4.87327e-06 4.66306e-06 4.35829e-06 3.98113e-06 3.55554e-06 3.10535e-06 2.65242e-06 2.21547e-06 1.80914e-06 1.44376e-06 1.12536e-06 8.56138e-07 6.35055e-07 4.5867e-07 3.21959e-07 2.19084e-07 1.44027e-07 9.10482e-08 5.49845e-08 3.14171e-08 1.67317e-08 8.09891e-09 3.39837e-09 1.11139e-09 2.01686e-10 0 
0 0 0 0 0 0 0 0 0 0 0 0 0 0 0 0 0 0 0 0 0 0 0 0 0 0 0 0 0 0 0 0 0 0 0 0 0 0 0 0 0 
