0 0 0 0 0 0 0 0 0 0 0 0 0 0 0 0 0 0 0 0 0 0 0 0 0 0 0 0 0 0 0 0 0 0 0 0 0 0 0 0 0 
0 1.34457e-05 5.3588e-05 0.000115372 0.000186512 0.000250489 0.000293957 0.000312639 0.000310861 0.000296814 0.000278252 0.000260622 0.000247032 0.000238917 0.000236711 0.000240264 0.000249009 0.000261916 0.000277356 0.000292963 0.000305663 0.000311994 0.000308789 0.000294086 0.000267936 0.000232657 0.00019228 0.000151368 0.000113764 8.18524e-05 5.64938e-05 3.74199e-05 2.37427e-05 1.43623e-05 8.21204e-06 4.37464e-06 2.11772e-06 8.88639e-07 2.90619e-07 5.27395e-08 0 
0 5.3588e-05 0.000204314 0.000402685 0.000560378 0.000605892 0.000541612 0.000424899 0.000309639 0.000220252 0.000159271 0.000120864 9.84935e-05 8.74416e-05 8.50731e-05 9.05175e-05 0.000104378 0.000128545 0.000165952 0.000219932 0.000292756 0.000383108 0.000483029 0.000576271 0.000640925 0.000657588 0.000619399 0.000536344 0.000429781 0.00032174 0.000227141 0.000152252 9.71659e-05 5.8933e-05 3.37351e-05 1.79794e-05 8.70523e-06 3.65314e-06 1.19475e-06 2.16816e-07 0 
0 0.000115372 0.000402685 0.000664557 0.000690423 0.000501804 0.00028216 0.000135796 6.11338e-05 2.77453e-05 1.35197e-05 7.44696e-06 4.81959e-06 3.75513e-06 3.55518e-06 4.06852e-06 5.52685e-06 8.66306e-06 1.51245e-05 2.82909e-05 5.45211e-05 0.00010432 0.00019166 0.000328233 0.000510449 0.00070489 0.000850487 0.000891251 0.000816698 0.000665952 0.000493932 0.000339785 0.000219581 0.000133929 7.68451e-05 4.09933e-05 1.98551e-05 8.33323e-06 2.72548e-06 4.94612e-07 0 
0 0.000186512 0.000560378 0.000690423 0.000459427 0.000191905 5.85609e-05 1.49344e-05 3.57749e-06 8.94889e-07 2.5715e-07 9.20417e-08 4.36477e-08 2.85093e-08 2.60196e-08 3.28685e-08 5.57331e-08 1.20974e-07 3.16932e-07 9.39652e-07 2.95633e-06 9.29956e-06 2.77831e-05 7.56041e-05 0.000181261 0.000372413 0.0006397 0.000901035 0.00103484 0.000984143 0.000800957 0.000579216 0.000383494 0.000236435 0.000136264 7.28158e-05 3.52906e-05 1.48149e-05 4.84576e-06 8.79417e-07 0 
0 0.000250489 0.000605892 0.000501804 0.000191905 4.16456e-05 6.16544e-06 7.31819e-07 8.12081e-08 9.77853e-09 1.46719e-09 3.08829e-10 9.98423e-11 5.24779e-11 4.57794e-11 6.53141e-11 1.45536e-10 4.71741e-10 2.03708e-09 1.06433e-08 6.11111e-08 3.52797e-07 1.89782e-06 8.9601e-06 3.55626e-05 0.000115236 0.00029824 0.000603616 0.000938189 0.00111929 0.00105613 0.000830396 0.000573185 0.00036003 0.000209086 0.000112056 5.43661e-05 2.28311e-05 7.46865e-06 1.35548e-06 0 
0 0.000293957 0.000541612 0.00028216 5.85609e-05 6.16544e-06 4.04365e-07 2.0106e-08 9.26683e-10 4.8394e-11 3.4559e-12 3.96651e-13 8.27865e-14 3.39484e-14 2.81223e-14 4.60976e-14 1.40292e-13 7.18774e-13 5.49211e-12 5.48144e-11 6.25829e-10 7.22929e-09 7.60524e-08 6.70845e-07 4.68229e-06 2.49777e-05 0.00010007 0.000297743 0.000648252 0.00101947 0.00117319 0.00104123 0.000765595 0.000494983 0.000290899 0.000156609 7.61047e-05 3.19778e-05 1.04627e-05 1.89898e-06 0 
0 0.000312639 0.000424899 0.000135796 1.49344e-05 7.31819e-07 2.0106e-08 3.93446e-10 7.07105e-12 1.50876e-13 4.86448e-15 2.91618e-16 3.8092e-17 1.19759e-17 9.38512e-18 1.78391e-17 7.57727e-17 6.33646e-16 8.91841e-15 1.77998e-13 4.24382e-12 1.03105e-10 2.22684e-09 3.83934e-08 4.89964e-07 4.42916e-06 2.78827e-05 0.000122164 0.000372463 0.000782753 0.00113138 0.00116903 0.000935386 0.000629486 0.0003762 0.000203828 9.92749e-05 4.17453e-05 1.36619e-05 2.47982e-06 0 
0 0.000310861 0.000309639 6.11338e-05 3.57749e-06 8.12081e-08 9.26683e-10 7.07105e-12 4.91155e-14 4.24722e-16 6.14026e-18 1.93546e-19 1.7356e-20 5.03947e-21 3.94656e-21 7.49008e-21 3.81526e-20 4.9972e-19 1.29709e-17 5.20761e-16 2.6098e-14 1.3429e-12 5.99777e-11 2.03602e-09 4.78307e-08 7.36166e-07 7.27829e-06 4.65132e-05 0.000195168 0.00054063 0.000983952 0.00120209 0.00106319 0.000751988 0.00045909 0.000250781 0.000122498 5.15607e-05 1.68794e-05 3.06414e-06 0 
0 0.000296814 0.000220252 2.77453e-05 8.94889e-07 9.77853e-09 4.8394e-11 1.50876e-13 4.24722e-16 1.55843e-18 1.1007e-20 2.94499e-22 4.28277e-23 1.78912e-23 1.49109e-23 2.2749e-23 7.21097e-23 6.96908e-22 2.57697e-20 1.97479e-18 2.0036e-16 2.10327e-14 1.87403e-12 1.21186e-10 5.08977e-09 1.30046e-07 1.97404e-06 1.79779e-05 0.000101024 0.00035849 0.000806363 0.00116158 0.00114212 0.000853828 0.000534157 0.000294572 0.000144375 6.08374e-05 1.99235e-05 3.61714e-06 0 
0 0.000278252 0.000159271 1.35197e-05 2.5715e-07 1.46719e-09 3.4559e-12 4.86448e-15 6.14026e-18 1.1007e-20 6.30817e-23 2.3453e-24 4.96288e-25 2.72556e-25 2.38883e-25 3.06054e-25 6.74948e-25 4.27214e-24 1.2467e-22 1.38629e-20 2.59504e-18 5.13188e-16 8.44726e-14 9.68848e-12 6.82397e-10 2.73839e-08 6.0896e-07 7.59136e-06 5.50339e-05 0.000241145 0.000649628 0.00108371 0.0011782 0.000930887 0.000597216 0.000332641 0.000163615 6.90266e-05 2.26138e-05 4.10606e-06 0 
0 0.000260622 0.000120864 7.44696e-06 9.20417e-08 3.08829e-10 3.96651e-13 2.91618e-16 1.93546e-19 2.94499e-22 2.34531e-24 8.13054e-26 1.58391e-26 9.76339e-27 8.81231e-27 1.00641e-26 1.81648e-26 1.01428e-25 2.65402e-24 2.70628e-22 7.38089e-20 2.43784e-17 6.62644e-15 1.21416e-12 1.30538e-10 7.5807e-09 2.30494e-07 3.71473e-06 3.31096e-05 0.000171596 0.000532847 0.0010008 0.00118501 0.000983467 0.000645687 0.000362993 0.000179142 7.56623e-05 2.47966e-05 4.50288e-06 0 
0 0.000247032 9.84935e-05 4.81959e-06 4.36477e-08 9.98423e-11 8.27865e-14 3.8092e-17 1.7356e-20 4.28278e-23 4.96291e-25 1.58392e-26 1.40143e-27 5.83259e-28 5.07389e-28 5.53557e-28 1.1337e-27 9.72804e-27 2.74406e-25 2.17054e-23 5.74756e-21 2.67451e-18 1.04423e-15 2.68428e-13 3.91833e-11 2.97321e-09 1.13385e-07 2.2008e-06 2.27664e-05 0.000132982 0.000456447 0.000933131 0.00117713 0.0010147 0.000678496 0.000384304 0.000190177 8.03967e-05 2.63559e-05 4.78648e-06 0 
0 0.000238917 8.74416e-05 3.75513e-06 2.85093e-08 5.24779e-11 3.39484e-14 1.19759e-17 5.03947e-21 1.78913e-23 2.72559e-25 9.76351e-27 5.83268e-28 7.38081e-29 3.88736e-29 4.98015e-29 2.40401e-28 3.48462e-27 9.69334e-26 6.35843e-24 1.39307e-21 7.54399e-19 3.61714e-16 1.12743e-13 1.95903e-11 1.73146e-09 7.51461e-08 1.622e-06 1.82663e-05 0.000114186 0.000414762 0.000890107 0.00116572 0.00102845 0.00069565 0.000395914 0.00019627 8.30225e-05 2.7222e-05 4.94406e-06 0 
0 0.000236711 8.50731e-05 3.55518e-06 2.60196e-08 4.57794e-11 2.81223e-14 9.38512e-18 3.94656e-21 1.49109e-23 2.38885e-25 8.81243e-27 5.07397e-28 3.88742e-29 7.24606e-30 1.66514e-29 1.70839e-28 2.80893e-27 7.75286e-26 4.89647e-24 1.02322e-21 5.68099e-19 2.84466e-16 9.23901e-14 1.66667e-11 1.5225e-09 6.79608e-08 1.50128e-06 1.72243e-05 0.00010931 0.00040233 0.000874139 0.0011568 0.00102774 0.00069774 0.00039775 0.000197305 8.34791e-05 2.73738e-05 4.97175e-06 0 
0 0.000240264 9.05175e-05 4.06852e-06 3.28685e-08 6.53141e-11 4.60976e-14 1.78391e-17 7.49008e-21 2.27491e-23 3.06056e-25 1.00642e-26 5.53565e-28 4.98019e-29 1.66512e-29 3.31857e-29 2.57997e-28 4.15087e-27 1.23987e-25 8.91588e-24 2.14194e-21 1.10931e-18 4.9582e-16 1.4481e-13 2.3743e-11 1.99562e-09 8.30276e-08 1.73142e-06 1.89753e-05 0.000116184 0.000415726 0.0008835 0.00115123 0.00101386 0.000685579 0.000390227 0.000193477 8.18469e-05 2.68374e-05 4.87429e-06 0 
0 0.000249009 0.000104378 5.52685e-06 5.57331e-08 1.45536e-10 1.40292e-13 7.57727e-17 3.81526e-20 7.21099e-23 6.74952e-25 1.81649e-26 1.1337e-27 2.40399e-28 1.70836e-28 2.57994e-28 1.05958e-27 1.3808e-26 4.65665e-25 4.33453e-23 1.23461e-20 5.14644e-18 1.77801e-15 4.08279e-13 5.38906e-11 3.74808e-09 1.32853e-07 2.42953e-06 2.39826e-05 0.000135246 0.000453033 0.000913066 0.00114521 0.000986369 0.000660069 0.000374163 0.000185246 7.83291e-05 2.56805e-05 4.66398e-06 0 
0 0.000261916 0.000128545 8.66306e-06 1.20974e-07 4.71741e-10 7.18774e-13 6.33646e-16 4.9972e-19 6.96909e-22 4.27215e-24 1.01428e-25 9.72799e-27 3.48458e-27 2.8089e-27 4.15083e-27 1.38079e-26 1.48217e-25 5.59246e-24 6.79302e-22 1.73136e-19 4.95131e-17 1.16968e-14 1.88346e-12 1.80457e-10 9.48513e-09 2.65238e-07 3.99374e-06 3.37667e-05 0.000168509 0.000511585 0.000953203 0.00113098 0.000943669 0.000622274 0.000350711 0.000173287 7.32261e-05 2.40029e-05 4.35907e-06 0 
0 0.000277356 0.000165952 1.51245e-05 3.16932e-07 2.03708e-09 5.49211e-12 8.91841e-15 1.29709e-17 2.57697e-20 1.2467e-22 2.65401e-24 2.74405e-25 9.69327e-26 7.7528e-26 1.23986e-25 4.65663e-25 5.59245e-24 2.48973e-22 2.84298e-20 4.75665e-18 8.34132e-16 1.22434e-13 1.26339e-11 8.09466e-10 2.99125e-08 6.20478e-07 7.31222e-06 5.08491e-05 0.000217448 0.000583473 0.000987562 0.00109787 0.000883863 0.000573575 0.000321295 0.000158426 6.69032e-05 2.19263e-05 3.98175e-06 0 
0 0.000292963 0.000219932 2.82909e-05 9.39652e-07 1.06433e-08 5.48144e-11 1.77998e-13 5.20761e-16 1.97479e-18 1.38629e-20 2.70628e-22 2.17053e-23 6.35841e-24 4.89646e-24 8.91586e-24 4.33452e-23 6.79302e-22 2.84298e-20 2.10494e-18 2.03845e-16 2.04431e-14 1.74322e-12 1.08098e-10 4.36253e-09 1.07364e-07 1.57575e-06 1.3973e-05 7.74659e-05 0.000277352 0.000648152 0.000991181 0.0010338 0.000805664 0.000515773 0.000287527 0.000141563 5.97573e-05 1.95824e-05 3.55602e-06 0 
0 0.000305663 0.000292756 5.45211e-05 2.95633e-06 6.11111e-08 6.25829e-10 4.24382e-12 2.6098e-14 2.0036e-16 2.59504e-18 7.38089e-20 5.74755e-21 1.39306e-21 1.02322e-21 2.14194e-21 1.23461e-20 1.73136e-19 4.75665e-18 2.03845e-16 1.09615e-14 6.04959e-13 2.88051e-11 1.03073e-09 2.51353e-08 3.9506e-07 3.94145e-06 2.54156e-05 0.000109658 0.000325105 0.000663957 0.000931129 0.000927431 0.000708958 0.000451056 0.000251093 0.00012361 5.2184e-05 1.71019e-05 3.10571e-06 0 
0 0.000311994 0.000383108 0.00010432 9.29956e-06 3.52797e-07 7.22929e-09 1.03105e-10 1.3429e-12 2.10327e-14 5.13188e-16 2.43784e-17 2.67451e-18 7.54399e-19 5.68099e-19 1.10931e-18 5.14644e-18 4.95131e-17 8.34132e-16 2.04431e-14 6.04959e-13 1.81606e-11 4.75067e-10 9.57714e-09 1.36209e-07 1.30277e-06 8.35984e-06 3.73899e-05 0.000122896 0.000305879 0.000569926 0.000773782 0.000770617 0.000594941 0.000381822 0.000213631 0.00010542 4.45494e-05 1.46054e-05 2.65271e-06 0 
0 0.000308789 0.000483029 0.00019166 2.77831e-05 1.89782e-06 7.60524e-08 2.22684e-09 5.99777e-11 1.87403e-12 8.44726e-14 6.62644e-15 1.04423e-15 3.61714e-16 2.84466e-16 4.9582e-16 1.77801e-15 1.16968e-14 1.22434e-13 1.74322e-12 2.88051e-11 4.75067e-10 6.82221e-09 7.57815e-08 5.92927e-07 3.10889e-06 1.12049e-05 3.10113e-05 7.55137e-05 0.000170853 0.000335622 0.000509845 0.000563722 0.000466481 0.000310567 0.000176649 8.77448e-05 3.71692e-05 1.21959e-05 2.21569e-06 0 
0 0.000294086 0.000576271 0.000328233 7.56041e-05 8.9601e-06 6.70845e-07 3.83934e-08 2.03602e-09 1.21186e-10 9.68848e-12 1.21416e-12 2.68428e-13 1.12743e-13 9.23901e-14 1.4481e-13 4.08279e-13 1.88346e-12 1.26339e-11 1.08098e-10 1.03073e-09 9.57714e-09 7.57815e-08 4.43222e-07 1.65882e-06 3.61906e-06 4.9949e-06 6.14204e-06 1.03528e-05 2.74761e-05 8.62721e-05 0.000212466 0.000330521 0.000330507 0.000240165 0.000141514 7.1205e-05 3.02956e-05 9.95473e-06 1.80933e-06 0 
0 0.000267936 0.000640925 0.000510449 0.000181261 3.55626e-05 4.68229e-06 4.89964e-07 4.78307e-08 5.08977e-09 6.82397e-10 1.30538e-10 3.91833e-11 1.95903e-11 1.66667e-11 2.3743e-11 5.38906e-11 1.80457e-10 8.09466e-10 4.36253e-09 2.51353e-08 1.36209e-07 5.92927e-07 1.65882e-06 2.19527e-06 1.0525e-06 2.15326e-07 4.93235e-08 4.69532e-08 2.77928e-07 3.93074e-06 3.72872e-05 0.000134205 0.000202562 0.000174596 0.000109534 5.62922e-05 2.41125e-05 7.93942e-06 1.44392e-06 0 
0 0.000232657 0.000657588 0.00070489 0.000372413 0.000115236 2.49777e-05 4.42916e-06 7.36166e-07 1.30046e-07 2.73839e-08 7.5807e-09 2.97321e-09 1.73146e-09 1.5225e-09 1.99562e-09 3.74808e-09 9.48513e-09 2.99125e-08 1.07364e-07 3.9506e-07 1.30277e-06 3.10889e-06 3.61906e-06 1.0525e-06 3.72082e-08 1.99579e-10 1.61854e-12 5.65202e-13 2.47198e-11 1.05085e-08 1.76886e-06 3.32702e-05 0.000104796 0.000119076 8.19624e-05 4.33602e-05 1.87346e-05 6.18417e-06 1.12551e-06 0 
0 0.00019228 0.000619399 0.000850487 0.0006397 0.00029824 0.00010007 2.78827e-05 7.27829e-06 1.97404e-06 6.0896e-07 2.30494e-07 1.13385e-07 7.51461e-08 6.79608e-08 8.30276e-08 1.32853e-07 2.65238e-07 6.20478e-07 1.57575e-06 3.94145e-06 8.35984e-06 1.12049e-05 4.9949e-06 2.15326e-07 1.99579e-10 4.89976e-15 7.37027e-16 2.58881e-15 3.96558e-17 2.03302e-12 2.73148e-08 5.68384e-06 4.85631e-05 7.79535e-05 5.97248e-05 3.25974e-05 1.42086e-05 4.70162e-06 8.56256e-07 0 
0 0.000151368 0.000536344 0.000891251 0.000901035 0.000603616 0.000297743 0.000122164 4.65132e-05 1.79779e-05 7.59136e-06 3.71473e-06 2.2008e-06 1.622e-06 1.50128e-06 1.73142e-06 2.42953e-06 3.99374e-06 7.31222e-06 1.3973e-05 2.54156e-05 3.73899e-05 3.10113e-05 6.14204e-06 4.93235e-08 1.61854e-12 7.37026e-16 4.7672e-17 1.00886e-16 2.49821e-17 7.42369e-16 6.4023e-10 1.18943e-06 2.42412e-05 5.1658e-05 4.2971e-05 2.3987e-05 1.05184e-05 3.48606e-06 6.35145e-07 0 
0 0.000113764 0.000429781 0.000816698 0.00103484 0.000938189 0.000648252 0.000372463 0.000195168 0.000101024 5.50339e-05 3.31096e-05 2.27664e-05 1.82663e-05 1.72243e-05 1.89753e-05 2.39826e-05 3.37667e-05 5.08491e-05 7.74659e-05 0.000109658 0.000122896 7.55137e-05 1.03528e-05 4.69532e-08 5.65203e-13 2.58881e-15 1.00887e-16 1.45114e-17 7.19173e-18 1.04298e-16 2.02101e-10 6.48649e-07 1.62132e-05 3.66505e-05 3.09222e-05 1.73129e-05 7.59611e-06 2.51777e-06 4.58733e-07 0 
0 8.18524e-05 0.00032174 0.000665952 0.000984143 0.00111929 0.00101947 0.000782753 0.00054063 0.00035849 0.000241145 0.000171596 0.000132982 0.000114186 0.00010931 0.000116184 0.000135246 0.000168509 0.000217448 0.000277352 0.000325105 0.000305879 0.000170853 2.74761e-05 2.77928e-07 2.47198e-11 3.96557e-17 2.49821e-17 7.19173e-18 5.15076e-17 1.28248e-14 1.67442e-09 1.14913e-06 1.54054e-05 2.81866e-05 2.22835e-05 1.22417e-05 5.34221e-06 1.76803e-06 3.21997e-07 0 
0 5.64938e-05 0.000227141 0.000493932 0.000800957 0.00105613 0.00117319 0.00113138 0.000983952 0.000806363 0.000649628 0.000532847 0.000456447 0.000414762 0.00040233 0.000415726 0.000453033 0.000511585 0.000583473 0.000648152 0.000663957 0.000569926 0.000335622 8.62721e-05 3.93074e-06 1.05085e-08 2.03302e-12 7.4237e-16 1.04298e-16 1.28248e-14 5.80197e-11 6.97898e-08 3.75166e-06 1.76053e-05 2.24431e-05 1.58656e-05 8.43558e-06 3.64723e-06 1.20394e-06 2.19105e-07 0 
0 3.74199e-05 0.000152252 0.000339785 0.000579216 0.000830396 0.00104123 0.00116903 0.00120209 0.00116158 0.00108371 0.0010008 0.000933131 0.000890107 0.000874139 0.0008835 0.000913066 0.000953203 0.000987562 0.000991181 0.000931129 0.000773782 0.000509845 0.000212466 3.72872e-05 1.76886e-06 2.73148e-08 6.4023e-10 2.02101e-10 1.67442e-09 6.97898e-08 1.73514e-06 1.0479e-05 1.91062e-05 1.72923e-05 1.09377e-05 5.62168e-06 2.40651e-06 7.92102e-07 1.44037e-07 0 
0 2.37427e-05 9.71659e-05 0.000219581 0.000383494 0.000573185 0.000765595 0.000935386 0.00106319 0.00114212 0.0011782 0.00118501 0.00117713 0.00116572 0.0011568 0.00115123 0.00114521 0.00113098 0.00109787 0.0010338 0.000927431 0.000770617 0.000563722 0.000330521 0.000134205 3.32702e-05 5.68384e-06 1.18943e-06 6.48649e-07 1.14913e-06 3.75166e-06 1.0479e-05 1.72313e-05 1.72071e-05 1.23181e-05 7.18086e-06 3.59443e-06 1.52613e-06 5.01088e-07 9.10524e-08 0 
0 1.43623e-05 5.8933e-05 0.000133929 0.000236435 0.00036003 0.000494983 0.000629486 0.000751988 0.000853828 0.000930887 0.000983467 0.0010147 0.00102845 0.00102774 0.00101386 0.000986369 0.000943669 0.000883863 0.000805664 0.000708958 0.000594941 0.000466481 0.000330507 0.000202562 0.000104796 4.85631e-05 2.42412e-05 1.62132e-05 1.54054e-05 1.76053e-05 1.91062e-05 1.72071e-05 1.27046e-05 8.0022e-06 4.44495e-06 2.1878e-06 9.23753e-07 3.0277e-07 5.4986e-08 0 
0 8.21204e-06 3.37351e-05 7.68451e-05 0.000136264 0.000209086 0.000290899 0.0003762 0.00045909 0.000534157 0.000597216 0.000645687 0.000678496 0.00069565 0.00069774 0.000685579 0.000660069 0.000622274 0.000573575 0.000515773 0.000451056 0.000381822 0.000310567 0.000240165 0.000174596 0.000119076 7.79535e-05 5.1658e-05 3.66505e-05 2.81866e-05 2.24431e-05 1.72923e-05 1.23181e-05 8.0022e-06 4.75029e-06 2.57517e-06 1.25593e-06 5.28574e-07 1.73056e-07 3.14176e-08 0 
0 4.37464e-06 1.79794e-05 4.09933e-05 7.28158e-05 0.000112056 0.000156609 0.000203828 0.000250781 0.000294572 0.000332641 0.000362993 0.000384304 0.000395914 0.00039775 0.000390227 0.000374163 0.000350711 0.000321295 0.000287527 0.000251093 0.000213631 0.000176649 0.000141514 0.000109534 8.19624e-05 5.97248e-05 4.2971e-05 3.09222e-05 2.22835e-05 1.58656e-05 1.09377e-05 7.18086e-06 4.44495e-06 2.57517e-06 1.38093e-06 6.70524e-07 2.81726e-07 9.21824e-08 1.67319e-08 0 
0 2.11772e-06 8.70523e-06 1.98551e-05 3.52906e-05 5.43661e-05 7.61047e-05 9.92749e-05 0.000122498 0.000144375 0.000163615 0.000179142 0.000190177 0.00019627 0.000197305 0.000193477 0.000185246 0.000173287 0.000158426 0.000141563 0.00012361 0.00010542 8.77448e-05 7.1205e-05 5.62922e-05 4.33602e-05 3.25974e-05 2.3987e-05 1.73129e-05 1.22417e-05 8.43558e-06 5.62168e-06 3.59443e-06 2.1878e-06 1.25593e-06 6.70524e-07 3.2495e-07 1.36423e-07 4.46251e-08 8.09894e-09 0 
0 8.88639e-07 3.65314e-06 8.33323e-06 1.48149e-05 2.28311e-05 3.19778e-05 4.17453e-05 5.15607e-05 6.08374e-05 6.90266e-05 7.56623e-05 8.03967e-05 8.30225e-05 8.34791e-05 8.18469e-05 7.83291e-05 7.32261e-05 6.69032e-05 5.97573e-05 5.2184e-05 4.45494e-05 3.71692e-05 3.02956e-05 2.41125e-05 1.87346e-05 1.42086e-05 1.05184e-05 7.59611e-06 5.34221e-06 3.64723e-06 2.40651e-06 1.52613e-06 9.23753e-07 5.28574e-07 2.81726e-07 1.36423e-07 5.72551e-08 1.8726e-08 3.39837e-09 0 
0 2.90619e-07 1.19475e-06 2.72548e-06 4.84576e-06 7.46865e-06 1.04627e-05 1.36619e-05 1.68794e-05 1.99235e-05 2.26138e-05 2.47966e-05 2.63559e-05 2.7222e-05 2.73738e-05 2.68374e-05 2.56805e-05 2.40029e-05 2.19263e-05 1.95824e-05 1.71019e-05 1.46054e-05 1.21959e-05 9.95473e-06 7.93942e-06 6.18417e-06 4.70162e-06 3.48606e-06 2.51777e-06 1.76803e-06 1.20394e-06 7.92102e-07 5.01088e-07 3.0277e-07 1.73056e-07 9.21824e-08 4.46251e-08 1.8726e-08 6.12422e-09 1.11139e-09 0 
0 5.27395e-08 2.16816e-07 4.94612e-07 8.79417e-07 1.35548e-06 1.89898e-06 2.47982e-06 3.06414e-06 3.61714e-06 4.10606e-06 4.50288e-06 4.78648e-06 4.94406e-06 4.97175e-06 4.87429e-06 4.66398e-06 4.35907e-06 3.98175e-06 3.55602e-06 3.10571e-06 2.65271e-06 2.21569e-06 1.80933e-06 1.44392e-06 1.12551e-06 8.56256e-07 6.35145e-07 4.58733e-07 3.21997e-07 2.19105e-07 1.44037e-07 9.10524e-08 5.4986e-08 3.14176e-08 1.67319e-08 8.09894e-09 3.39837e-09 1.11139e-09 2.01686e-10 0 
0 0 0 0 0 0 0 0 0 0 0 0 0 0 0 0 0 0 0 0 0 0 0 0 0 0 0 0 0 0 0 0 0 0 0 0 0 0 0 0 0 
