0 0 0 0 0 0 0 0 0 0 0 0 0 0 0 0 0 0 0 0 0 0 0 0 0 0 0 0 0 0 0 0 0 0 0 0 0 0 0 0 0 
0 1.31783e-05 5.13001e-05 0.000106087 0.000161856 0.000202564 0.000220534 0.000218221 0.00020334 0.00018363 0.000164462 0.000148725 0.000137594 0.000131331 0.000129818 0.000132832 0.000140103 0.000151233 0.000165521 0.000181756 0.000198064 0.000211924 0.000220471 0.000221086 0.000212166 0.000193763 0.000167787 0.000137554 0.000106821 7.8748e-05 5.52577e-05 3.69805e-05 2.3603e-05 1.43225e-05 8.2019e-06 4.37235e-06 2.11727e-06 8.88565e-07 2.9061e-07 5.27389e-08 0 
0 5.13001e-05 0.000184869 0.000330047 0.00039935 0.000367347 0.000279771 0.000189833 0.0001219 7.78209e-05 5.14397e-05 3.63827e-05 2.8222e-05 2.43862e-05 2.36172e-05 2.5558e-05 3.05649e-05 3.96927e-05 5.47639e-05 7.8364e-05 0.000113507 0.000162638 0.000225787 0.000298228 0.000368966 0.000422059 0.000442056 0.000421686 0.00036645 0.000291786 0.000214913 0.000147898 9.58006e-05 5.85532e-05 3.36412e-05 1.79588e-05 8.70132e-06 3.65252e-06 1.19467e-06 2.16811e-07 0 
0 0.000106087 0.000330047 0.0004473 0.000360078 0.000201176 8.87376e-05 3.42248e-05 1.25602e-05 4.73245e-06 1.96115e-06 9.47911e-07 5.58911e-07 4.13542e-07 3.88017e-07 4.58512e-07 6.67354e-07 1.15587e-06 2.28285e-06 4.90684e-06 1.09569e-05 2.43517e-05 5.19304e-05 0.000103196 0.000186857 0.000302882 0.000432802 0.000537982 0.000577097 0.000535517 0.000436061 0.000318365 0.000212808 0.000132065 7.6394e-05 4.08973e-05 1.98373e-05 8.33049e-06 2.72516e-06 4.94592e-07 0 
0 0.000161856 0.00039935 0.000360078 0.000167399 4.93305e-05 1.07445e-05 1.96212e-06 3.39046e-07 6.2451e-08 1.37061e-08 3.94348e-09 1.6e-09 9.58268e-10 8.6122e-10 1.14745e-09 2.1831e-09 5.59924e-09 1.80303e-08 6.74395e-08 2.71093e-07 1.09004e-06 4.12379e-06 1.39954e-05 4.12268e-05 0.000103331 0.00021781 0.000382247 0.00055171 0.000648966 0.000625901 0.000508065 0.000360024 0.000229915 0.000134701 7.24894e-05 3.52318e-05 1.48061e-05 4.84475e-06 8.79355e-07 0 
0 0.000202564 0.000367347 0.000201176 4.93305e-05 6.81129e-06 6.28527e-07 4.57317e-08 3.12067e-09 2.3786e-10 2.38548e-11 3.62293e-12 9.27598e-13 4.28179e-13 3.64935e-13 5.63718e-13 1.49182e-12 6.20555e-12 3.6488e-11 2.70084e-10 2.24141e-09 1.87331e-08 1.43796e-07 9.42922e-07 5.02277e-06 2.11299e-05 6.95435e-05 0.000179322 0.000362413 0.000569507 0.000690927 0.000656938 0.000510936 0.000342123 0.000204769 0.000111164 5.42079e-05 2.28078e-05 7.46606e-06 1.35532e-06 0 
0 0.000220534 0.000279771 8.87376e-05 1.07445e-05 6.28527e-07 2.17346e-08 5.5241e-10 1.30521e-11 3.63616e-13 1.49259e-14 1.09309e-15 1.65336e-16 5.66483e-17 4.54364e-17 8.31284e-17 3.20927e-16 2.3198e-15 2.71173e-14 4.37189e-13 8.29341e-12 1.59763e-10 2.75288e-09 3.83723e-08 4.03023e-07 3.06145e-06 1.66016e-05 6.48462e-05 0.000185852 0.000395058 0.000619908 0.000717742 0.000633907 0.000454664 0.000280963 0.000154555 7.57445e-05 3.19256e-05 1.0457e-05 1.89864e-06 0 
0 0.000218221 0.000189833 3.42248e-05 1.96212e-06 4.57317e-08 5.5241e-10 4.55575e-12 3.4626e-14 3.28682e-16 5.20018e-18 2.05416e-19 4.4204e-20 2.93395e-20 2.70568e-20 3.11942e-20 6.24391e-20 4.8804e-19 1.13341e-17 4.20253e-16 1.93005e-14 9.07856e-13 3.71488e-11 1.16127e-09 2.52772e-08 3.62618e-07 3.36233e-06 2.03784e-05 8.33517e-05 0.000238038 0.00048167 0.000688398 0.000706396 0.000553032 0.000356634 0.000199743 9.85618e-05 4.16431e-05 1.36508e-05 2.47918e-06 0 
0 0.00020334 0.0001219 1.25602e-05 3.39046e-07 3.12067e-09 1.30521e-11 3.4626e-14 8.38847e-17 2.77811e-19 5.60457e-21 1.37764e-21 8.5963e-22 8.69046e-22 8.60503e-22 7.84205e-22 8.18489e-22 1.62317e-21 8.20322e-21 3.718e-19 4.09967e-17 4.74192e-15 4.63711e-13 3.2711e-11 1.48532e-09 4.05327e-08 6.4754e-07 6.12394e-06 3.56888e-05 0.000135153 0.00034611 0.000604987 0.000725571 0.000627082 0.000425493 0.000243641 0.00012125 5.13828e-05 1.68604e-05 3.06304e-06 0 
0 0.00018363 7.78209e-05 4.73245e-06 6.2451e-08 2.3786e-10 3.63616e-13 3.28682e-16 2.77811e-19 1.30173e-21 1.37847e-22 8.78168e-23 7.9688e-23 8.96733e-23 9.06661e-23 7.79448e-23 6.72638e-23 7.46993e-23 1.1008e-22 1.03278e-21 1.18405e-19 3.15503e-17 7.05302e-15 1.07668e-12 9.82285e-11 4.9385e-09 1.32476e-07 1.91626e-06 1.56401e-05 7.69898e-05 0.000243308 0.000508435 0.000705704 0.000674035 0.000482997 0.000283444 0.000142419 6.05596e-05 1.9894e-05 3.61545e-06 0 
0 0.000164462 5.14397e-05 1.96115e-06 1.37061e-08 2.38548e-11 1.49259e-14 5.20018e-18 5.60457e-21 1.37847e-22 2.08751e-23 1.35029e-23 1.37704e-23 1.57398e-23 1.59465e-23 1.36111e-23 1.08518e-23 9.02776e-24 8.77296e-24 3.25504e-23 1.10235e-21 3.65666e-19 1.69272e-16 5.12616e-14 8.68453e-12 7.51028e-10 3.19383e-08 6.74734e-07 7.43801e-06 4.61614e-05 0.000174694 0.000423828 0.00066687 0.000697804 0.000527062 0.000316995 0.000160843 6.8633e-05 2.25722e-05 4.10369e-06 0 
0 0.000148725 3.63827e-05 9.47911e-07 3.94348e-09 3.62293e-12 1.09309e-15 2.05416e-19 1.37764e-21 8.78168e-23 1.35029e-23 4.5601e-24 3.39757e-24 3.53985e-24 3.51288e-24 2.99613e-24 2.30822e-24 1.73999e-24 1.7649e-24 6.43414e-24 9.62196e-23 1.1035e-20 8.00409e-18 4.23943e-15 1.1899e-12 1.60165e-10 9.92225e-09 2.85756e-07 4.03006e-06 3.02243e-05 0.000132167 0.000360313 0.000625703 0.000705758 0.000557841 0.000342935 0.000175559 7.51528e-05 2.47429e-05 4.49983e-06 0 
0 0.000137594 2.8222e-05 5.58911e-07 1.6e-09 9.27598e-13 1.65336e-16 4.4204e-20 8.5963e-22 7.9688e-23 1.37704e-23 3.39757e-24 1.38542e-24 1.00575e-24 8.94751e-25 7.47089e-25 5.72465e-25 4.63161e-25 7.04873e-25 3.10038e-24 3.22816e-23 1.49309e-21 8.86379e-19 7.0017e-16 2.82755e-13 5.23492e-11 4.2533e-09 1.53186e-07 2.5815e-06 2.21981e-05 0.000107636 0.000318414 0.000592435 0.000705387 0.000576841 0.000360651 0.00018592 7.97903e-05 2.6292e-05 4.78286e-06 0 
0 0.000131331 2.43862e-05 4.13542e-07 9.58268e-10 4.28179e-13 5.66483e-17 2.93395e-20 8.69046e-22 8.96734e-23 1.57398e-23 3.53985e-24 1.00575e-24 4.25897e-25 2.75332e-25 2.08906e-25 1.66601e-25 1.8543e-25 4.75763e-25 2.3634e-24 2.15914e-23 6.61538e-22 2.56609e-19 2.51904e-16 1.24996e-13 2.77172e-11 2.62566e-09 1.07334e-07 2.00093e-06 1.85923e-05 9.55545e-05 0.000295822 0.000571936 0.0007023 0.000585916 0.000370071 0.000191594 8.23553e-05 2.71517e-05 4.94008e-06 0 
0 0.000129818 2.36172e-05 3.88017e-07 8.6122e-10 3.64935e-13 4.54364e-17 2.70568e-20 8.60503e-22 9.06661e-23 1.59465e-23 3.51288e-24 8.94751e-25 2.75332e-25 1.17369e-25 7.20477e-26 6.52865e-26 1.18704e-25 4.20513e-25 2.19795e-24 1.9699e-23 5.62536e-22 1.98623e-19 2.03527e-16 1.0535e-13 2.42424e-11 2.37007e-09 9.94385e-08 1.89246e-06 1.78635e-05 9.28896e-05 0.000290221 0.000565686 0.000699551 0.000586516 0.000371445 0.000192534 8.27975e-05 2.73019e-05 4.96768e-06 0 
0 0.000132832 2.5558e-05 4.58512e-07 1.14745e-09 5.63718e-13 8.31284e-17 3.11942e-20 7.84205e-22 7.79448e-23 1.36111e-23 2.99614e-24 7.4709e-25 2.08907e-25 7.20477e-26 3.81597e-26 4.24989e-26 1.06752e-25 4.24521e-25 2.32767e-24 2.27931e-23 8.26627e-22 3.95955e-19 3.60215e-16 1.65959e-13 3.44886e-11 3.09173e-09 1.20753e-07 2.17023e-06 1.95998e-05 9.85775e-05 0.000300184 0.000573105 0.000697686 0.000579335 0.000365188 0.000188938 8.1198e-05 2.67689e-05 4.8704e-06 0 
0 0.000140103 3.05649e-05 6.67354e-07 2.1831e-09 1.49182e-12 3.20927e-16 6.24391e-20 8.18489e-22 6.72638e-23 1.08518e-23 2.30822e-24 5.72465e-25 1.66601e-25 6.52865e-26 4.24989e-26 5.29016e-26 1.27938e-25 5.08627e-25 3.09574e-24 3.90923e-23 2.62211e-21 1.88915e-18 1.29686e-15 4.60471e-13 7.61712e-11 5.62337e-09 1.87106e-07 2.95888e-06 2.4214e-05 0.000113064 0.000325016 0.000591934 0.000695018 0.000564305 0.000351819 0.000181208 7.77516e-05 2.56194e-05 4.6605e-06 0 
0 0.000151233 3.96927e-05 1.15587e-06 5.59924e-09 6.20555e-12 2.3198e-15 4.8804e-19 1.62317e-21 7.46993e-23 9.02776e-24 1.73999e-24 4.63161e-25 1.8543e-25 1.18704e-25 1.06752e-25 1.27937e-25 2.38013e-25 8.4036e-25 6.21104e-24 1.44748e-22 2.80533e-20 1.88522e-17 8.4811e-15 2.05443e-12 2.43052e-10 1.34893e-08 3.54673e-07 4.64877e-06 3.29264e-05 0.000137844 0.000363796 0.000617751 0.000687953 0.000540858 0.000331984 0.000169918 7.27438e-05 2.39517e-05 4.35614e-06 0 
0 0.000165521 5.47639e-05 2.28285e-06 1.80303e-08 3.6488e-11 2.71173e-14 1.13341e-17 8.20322e-21 1.1008e-22 8.77297e-24 1.7649e-24 7.04872e-25 4.75763e-25 4.20512e-25 4.2452e-25 5.08626e-25 8.40359e-25 2.80817e-24 3.00498e-23 2.09791e-21 8.18425e-19 3.30169e-16 8.75757e-14 1.31583e-11 1.0236e-09 3.97498e-08 7.78523e-07 8.07239e-06 4.77556e-05 0.000174395 0.000413237 0.000642848 0.000671439 0.000508336 0.000306518 0.000155777 6.65234e-05 2.18858e-05 3.97942e-06 0 
0 0.000181756 7.8364e-05 4.90684e-06 6.74395e-08 2.70084e-10 4.37189e-13 4.20253e-16 3.718e-19 1.03278e-21 3.25504e-23 6.43414e-24 3.10038e-24 2.3634e-24 2.19794e-24 2.32767e-24 3.09574e-24 6.21104e-24 3.00498e-23 8.7429e-22 1.54475e-19 3.95794e-17 8.41145e-15 1.22323e-12 1.06549e-10 5.1281e-09 1.32175e-07 1.84652e-06 1.46508e-05 7.06519e-05 0.00022098 0.000463546 0.000654876 0.000639656 0.000466431 0.000276486 0.000139586 5.94728e-05 1.95519e-05 3.55426e-06 0 
0 0.000198064 0.000113507 1.09569e-05 2.71093e-07 2.24141e-09 8.29341e-12 1.93005e-14 4.09967e-17 1.18405e-19 1.10235e-21 9.62195e-23 3.22816e-23 2.15914e-23 1.9699e-23 2.27931e-23 3.90923e-23 1.44748e-22 2.09791e-21 1.54475e-19 1.89248e-17 2.41149e-15 2.58257e-13 1.97123e-11 9.52228e-10 2.71264e-08 4.45178e-07 4.28757e-06 2.54504e-05 9.89429e-05 0.000264237 0.00049199 0.000636269 0.000587088 0.000415539 0.000243179 0.000122188 5.1978e-05 1.70797e-05 3.10442e-06 0 
0 0.000211924 0.000162638 2.43517e-05 1.09004e-06 1.87331e-08 1.59763e-10 9.07856e-13 4.74192e-15 3.15503e-17 3.65666e-19 1.1035e-20 1.49309e-21 6.61538e-22 5.62536e-22 8.26627e-22 2.62211e-21 2.80533e-20 8.18425e-19 3.95794e-17 2.41149e-15 1.50268e-13 7.99119e-12 3.12841e-10 8.08811e-09 1.29764e-07 1.28068e-06 8.11019e-06 3.53286e-05 0.000112251 0.000265403 0.000458738 0.000566704 0.000509956 0.000356933 0.000208041 0.000104407 4.44014e-05 1.45893e-05 2.65176e-06 0 
0 0.000220471 0.000225787 5.19304e-05 4.12379e-06 1.43796e-07 2.75288e-09 3.71488e-11 4.63711e-13 7.05302e-15 1.69272e-16 8.00409e-18 8.86379e-19 2.56609e-19 1.98623e-19 3.95955e-19 1.88915e-18 1.88522e-17 3.30169e-16 8.41145e-15 2.58257e-13 7.99119e-12 2.11766e-10 4.16582e-09 5.41814e-08 4.36154e-07 2.22221e-06 8.12939e-06 2.51463e-05 7.11424e-05 0.000173948 0.000326391 0.000433282 0.000408315 0.000292839 0.000172581 8.69992e-05 3.70595e-05 1.21839e-05 2.21498e-06 0 
0 0.000221086 0.000298228 0.000103196 1.39954e-05 9.42922e-07 3.83723e-08 1.16127e-09 3.2711e-11 1.07668e-12 5.12616e-14 4.23943e-15 7.0017e-16 2.51904e-16 2.03527e-16 3.60215e-16 1.29686e-15 8.4811e-15 8.75757e-14 1.22323e-12 1.97123e-11 3.12841e-10 4.16582e-09 3.9236e-08 2.18895e-07 6.41056e-07 1.07253e-06 1.52349e-06 3.05993e-06 1.03412e-05 4.2606e-05 0.000134396 0.000253974 0.000289668 0.000226665 0.000138324 7.06165e-05 3.02092e-05 9.94533e-06 1.80878e-06 0 
0 0.000212166 0.000368966 0.000186857 4.12268e-05 5.02277e-06 4.03023e-07 2.52772e-08 1.48532e-09 9.82285e-11 8.68453e-12 1.1899e-12 2.82755e-13 1.24996e-13 1.0535e-13 1.65959e-13 4.60471e-13 2.05443e-12 1.31583e-11 1.06549e-10 9.52228e-10 8.08811e-09 5.41814e-08 2.18895e-07 3.67192e-07 1.83664e-07 3.27149e-08 6.40426e-09 6.50138e-09 5.60574e-08 1.3284e-06 1.97527e-05 9.62102e-05 0.000173223 0.000163478 0.000106815 5.57919e-05 2.404e-05 7.93165e-06 1.44347e-06 0 
0 0.000193763 0.000422059 0.000302882 0.000103331 2.11299e-05 3.06145e-06 3.62618e-07 4.05327e-08 4.9385e-09 7.51028e-10 1.60165e-10 5.23492e-11 2.77172e-11 2.42424e-11 3.44886e-11 7.61712e-11 2.43052e-10 1.0236e-09 5.1281e-09 2.71264e-08 1.29764e-07 4.36154e-07 6.41056e-07 1.83664e-07 4.32051e-09 1.07624e-11 3.64461e-14 9.95837e-15 1.13959e-12 1.4505e-09 6.14378e-07 2.03179e-05 8.49583e-05 0.000109687 7.95567e-05 4.29212e-05 1.86723e-05 6.17763e-06 1.12514e-06 0 
0 0.000167787 0.000442056 0.000432802 0.00021781 6.95435e-05 1.66016e-05 3.36233e-06 6.4754e-07 1.32476e-07 3.19383e-08 9.92225e-09 4.2533e-09 2.62566e-09 2.37007e-09 3.09173e-09 5.62337e-09 1.34893e-08 3.97498e-08 1.32175e-07 4.45178e-07 1.28068e-06 2.22221e-06 1.07253e-06 3.27149e-08 1.07624e-11 3.49792e-16 2.27328e-15 1.47038e-15 1.00741e-14 7.16423e-14 5.02399e-09 2.74984e-06 3.66266e-05 7.03579e-05 5.76595e-05 3.22233e-05 1.41567e-05 4.69628e-06 8.55959e-07 0 
0 0.000137554 0.000421686 0.000537982 0.000382247 0.000179322 6.48462e-05 2.03784e-05 6.12394e-06 1.91626e-06 6.74734e-07 2.85756e-07 1.53186e-07 1.07334e-07 9.94385e-08 1.20753e-07 1.87106e-07 3.54673e-07 7.78523e-07 1.84652e-06 4.28757e-06 8.11019e-06 8.12939e-06 1.52349e-06 6.40426e-09 3.64461e-14 2.27328e-15 6.65559e-16 6.70698e-16 2.32355e-15 2.77557e-14 6.5236e-11 4.68062e-07 1.72215e-05 4.59183e-05 4.13369e-05 2.36931e-05 1.04783e-05 3.482e-06 6.34922e-07 0 
0 0.000106821 0.00036645 0.000577097 0.00055171 0.000362413 0.000185852 8.33517e-05 3.56888e-05 1.56401e-05 7.43801e-06 4.03006e-06 2.5815e-06 2.00093e-06 1.89246e-06 2.17023e-06 2.95888e-06 4.64877e-06 8.07239e-06 1.46508e-05 2.54504e-05 3.53286e-05 2.51463e-05 3.05993e-06 6.50138e-09 9.95837e-15 1.47038e-15 6.70698e-16 1.86118e-15 8.49335e-15 1.4224e-13 1.7633e-11 2.44228e-07 1.14165e-05 3.25688e-05 2.97661e-05 1.71074e-05 7.56832e-06 2.51498e-06 4.5858e-07 0 
0 7.8748e-05 0.000291786 0.000535517 0.000648966 0.000569507 0.000395058 0.000238038 0.000135153 7.69898e-05 4.61614e-05 3.02243e-05 2.21981e-05 1.85923e-05 1.78635e-05 1.95998e-05 2.4214e-05 3.29264e-05 4.77556e-05 7.06519e-05 9.89429e-05 0.000112251 7.11424e-05 1.03412e-05 5.60574e-08 1.13959e-12 1.00741e-14 2.32355e-15 8.49335e-15 1.4632e-15 9.77126e-16 2.28872e-10 5.08077e-07 1.14459e-05 2.54855e-05 2.15675e-05 1.21165e-05 5.32532e-06 1.76633e-06 3.21904e-07 0 
0 5.52577e-05 0.000214913 0.000436061 0.000625901 0.000690927 0.000619908 0.00048167 0.00034611 0.000243308 0.000174694 0.000132167 0.000107636 9.55545e-05 9.28896e-05 9.85775e-05 0.000113064 0.000137844 0.000174395 0.00022098 0.000264237 0.000265403 0.000173948 4.2606e-05 1.3284e-06 1.4505e-09 7.16423e-14 2.77557e-14 1.4224e-13 9.77127e-16 4.59441e-12 1.92258e-08 2.16437e-06 1.42958e-05 2.08647e-05 1.54852e-05 8.36999e-06 3.6383e-06 1.20303e-06 2.19054e-07 0 
0 3.69805e-05 0.000147898 0.000318365 0.000508065 0.000656938 0.000717742 0.000688398 0.000604987 0.000508435 0.000423828 0.000360313 0.000318414 0.000295822 0.000290221 0.000300184 0.000325016 0.000363796 0.000413237 0.000463546 0.00049199 0.000458738 0.000326391 0.000134396 1.97527e-05 6.14378e-07 5.02399e-09 6.5236e-11 1.7633e-11 2.28872e-10 1.92258e-08 8.7677e-07 7.70406e-06 1.68934e-05 1.65264e-05 1.0767e-05 5.59227e-06 2.40242e-06 7.91676e-07 1.44013e-07 0 
0 2.3603e-05 9.58006e-05 0.000212808 0.000360024 0.000510936 0.000633907 0.000706396 0.000725571 0.000705704 0.00066687 0.000625703 0.000592435 0.000571936 0.000565686 0.000573105 0.000591934 0.000617751 0.000642848 0.000654876 0.000636269 0.000566704 0.000433282 0.000253974 9.62102e-05 2.03179e-05 2.74984e-06 4.68062e-07 2.44228e-07 5.08077e-07 2.16437e-06 7.70406e-06 1.48652e-05 1.61564e-05 1.20186e-05 7.11644e-06 3.58314e-06 1.52451e-06 5.00914e-07 9.10423e-08 0 
0 1.43225e-05 5.85532e-05 0.000132065 0.000229915 0.000342123 0.000454664 0.000553032 0.000627082 0.000674035 0.000697804 0.000705758 0.000705387 0.0007023 0.000699551 0.000697686 0.000695018 0.000687953 0.000671439 0.000639656 0.000587088 0.000509956 0.000408315 0.000289668 0.000173223 8.49583e-05 3.66266e-05 1.72215e-05 1.14165e-05 1.14459e-05 1.42958e-05 1.68934e-05 1.61564e-05 1.2345e-05 7.90715e-06 4.42439e-06 2.18408e-06 9.23198e-07 3.02707e-07 5.49823e-08 0 
0 8.2019e-06 3.36412e-05 7.6394e-05 0.000134701 0.000204769 0.000280963 0.000356634 0.000425493 0.000482997 0.000527062 0.000557841 0.000576841 0.000585916 0.000586516 0.000579335 0.000564305 0.000540858 0.000508336 0.000466431 0.000415539 0.000356933 0.000292839 0.000226665 0.000163478 0.000109687 7.03579e-05 4.59183e-05 3.25688e-05 2.54855e-05 2.08647e-05 1.65264e-05 1.20186e-05 7.90715e-06 4.72521e-06 2.56956e-06 1.25487e-06 5.28408e-07 1.73037e-07 3.14164e-08 0 
0 4.37235e-06 1.79588e-05 4.08973e-05 7.24894e-05 0.000111164 0.000154555 0.000199743 0.000243641 0.000283444 0.000316995 0.000342935 0.000360651 0.000370071 0.000371445 0.000365188 0.000351819 0.000331984 0.000306518 0.000276486 0.000243179 0.000208041 0.000172581 0.000138324 0.000106815 7.95567e-05 5.76595e-05 4.13369e-05 2.97661e-05 2.15675e-05 1.54852e-05 1.0767e-05 7.11644e-06 4.42439e-06 2.56956e-06 1.37962e-06 6.70263e-07 2.81684e-07 9.21772e-08 1.67315e-08 0 
0 2.11727e-06 8.70132e-06 1.98373e-05 3.52318e-05 5.42079e-05 7.57445e-05 9.85618e-05 0.00012125 0.000142419 0.000160843 0.000175559 0.00018592 0.000191594 0.000192534 0.000188938 0.000181208 0.000169918 0.000155777 0.000139586 0.000122188 0.000104407 8.69992e-05 7.06165e-05 5.57919e-05 4.29212e-05 3.22233e-05 2.36931e-05 1.71074e-05 1.21165e-05 8.36999e-06 5.59227e-06 3.58314e-06 2.18408e-06 1.25487e-06 6.70263e-07 3.24895e-07 1.36414e-07 4.46239e-08 8.09886e-09 0 
0 8.88565e-07 3.65252e-06 8.33049e-06 1.48061e-05 2.28078e-05 3.19256e-05 4.16431e-05 5.13828e-05 6.05596e-05 6.8633e-05 7.51528e-05 7.97903e-05 8.23553e-05 8.27975e-05 8.1198e-05 7.77516e-05 7.27438e-05 6.65234e-05 5.94728e-05 5.1978e-05 4.44014e-05 3.70595e-05 3.02092e-05 2.404e-05 1.86723e-05 1.41567e-05 1.04783e-05 7.56832e-06 5.32532e-06 3.6383e-06 2.40242e-06 1.52451e-06 9.23198e-07 5.28408e-07 2.81684e-07 1.36414e-07 5.72534e-08 1.87258e-08 3.39836e-09 0 
0 2.9061e-07 1.19467e-06 2.72516e-06 4.84475e-06 7.46606e-06 1.0457e-05 1.36508e-05 1.68604e-05 1.9894e-05 2.25722e-05 2.47429e-05 2.6292e-05 2.71517e-05 2.73019e-05 2.67689e-05 2.56194e-05 2.39517e-05 2.18858e-05 1.95519e-05 1.70797e-05 1.45893e-05 1.21839e-05 9.94533e-06 7.93165e-06 6.17763e-06 4.69628e-06 3.482e-06 2.51498e-06 1.76633e-06 1.20303e-06 7.91676e-07 5.00914e-07 3.02707e-07 1.73037e-07 9.21772e-08 4.46239e-08 1.87258e-08 6.12419e-09 1.11139e-09 0 
0 5.27389e-08 2.16811e-07 4.94592e-07 8.79355e-07 1.35532e-06 1.89864e-06 2.47918e-06 3.06304e-06 3.61545e-06 4.10369e-06 4.49983e-06 4.78286e-06 4.94008e-06 4.96768e-06 4.8704e-06 4.6605e-06 4.35614e-06 3.97942e-06 3.55426e-06 3.10442e-06 2.65176e-06 2.21498e-06 1.80878e-06 1.44347e-06 1.12514e-06 8.55959e-07 6.34922e-07 4.5858e-07 3.21904e-07 2.19054e-07 1.44013e-07 9.10423e-08 5.49823e-08 3.14164e-08 1.67315e-08 8.09886e-09 3.39836e-09 1.11139e-09 2.01686e-10 0 
0 0 0 0 0 0 0 0 0 0 0 0 0 0 0 0 0 0 0 0 0 0 0 0 0 0 0 0 0 0 0 0 0 0 0 0 0 0 0 0 0 
