0 0 0 0 0 0 0 0 0 0 0 0 0 0 0 0 0 0 0 0 0 0 0 0 0 0 0 0 0 0 0 0 0 0 0 0 0 0 0 0 0 
0 1.33837e-05 5.30486e-05 0.000113113 0.000180232 0.000237604 0.000273106 0.000284467 0.000277424 0.000260439 0.000240752 0.000223069 0.00020986 0.000202138 0.000200121 0.000203621 0.000212167 0.000224946 0.000240637 0.000257236 0.000272002 0.000281669 0.000283008 0.000273679 0.000253088 0.000222841 0.000186439 0.000148257 0.000112285 8.12245e-05 5.62551e-05 3.73384e-05 2.37177e-05 1.43553e-05 8.21032e-06 4.37425e-06 2.11765e-06 8.88627e-07 2.90618e-07 5.27394e-08 0 
0 5.30486e-05 0.000199601 0.000384076 0.000515677 0.000533411 0.000455022 0.000341467 0.000239187 0.000164462 0.000115644 8.5869e-05 6.89242e-05 6.06853e-05 5.89567e-05 6.30508e-05 7.35141e-05 9.20165e-05 0.000121256 0.000164594 0.000225021 0.000303101 0.00039407 0.000485446 0.000557786 0.000590779 0.000573002 0.000508726 0.000415689 0.000315536 0.000224758 0.000151445 9.69229e-05 5.88675e-05 3.37193e-05 1.7976e-05 8.70459e-06 3.65304e-06 1.19474e-06 2.16815e-07 0 
0 0.000113113 0.000384076 0.000603194 0.000584574 0.000393075 0.000204985 9.20589e-05 3.89165e-05 1.66944e-05 7.75014e-06 4.10658e-06 2.58561e-06 1.98411e-06 1.87346e-06 2.16422e-06 3.00022e-06 4.84327e-06 8.7707e-06 1.71022e-05 3.44626e-05 6.90602e-05 0.000133006 0.000239041 0.000390768 0.000568227 0.000722027 0.00079409 0.000757907 0.000637155 0.000482246 0.000335753 0.000218371 0.000133608 7.67697e-05 4.09776e-05 1.98522e-05 8.33279e-06 2.72543e-06 4.94609e-07 0 
0 0.000180232 0.000515677 0.000584574 0.000350284 0.000131408 3.61446e-05 8.33339e-06 1.81158e-06 4.14128e-07 1.09976e-07 3.69347e-08 1.67377e-08 1.06604e-08 9.68592e-09 1.24262e-08 2.17872e-08 4.96444e-08 1.38125e-07 4.3832e-07 1.48205e-06 5.01403e-06 1.60832e-05 4.68546e-05 0.000119991 0.000263324 0.000484227 0.000731351 0.00089731 0.00090146 0.000762981 0.000565276 0.000379222 0.000235307 0.000136003 7.27625e-05 3.52812e-05 1.48135e-05 4.8456e-06 8.79408e-07 0 
0 0.000237604 0.000533411 0.000393075 0.000131408 2.48453e-05 3.19307e-06 3.28077e-07 3.15791e-08 3.32833e-09 4.44239e-10 8.5069e-11 2.57085e-11 1.30156e-11 1.12784e-11 1.64641e-11 3.85537e-11 1.34317e-10 6.3429e-10 3.66679e-09 2.34367e-08 1.5074e-07 9.00152e-07 4.68566e-06 2.03375e-05 7.15718e-05 0.000200616 0.000440697 0.000745402 0.000962863 0.000968068 0.000794079 0.000561441 0.000356879 0.000208359 0.00011191 5.43406e-05 2.28274e-05 7.46824e-06 1.35546e-06 0 
0 0.000273106 0.000455022 0.000204985 3.61446e-05 3.19307e-06 1.73473e-07 7.09082e-09 2.69099e-10 1.17119e-11 7.12622e-13 7.18621e-14 1.36762e-14 5.32777e-15 4.37314e-15 7.39694e-15 2.40956e-14 1.36269e-13 1.17695e-12 1.34941e-11 1.78497e-10 2.39221e-09 2.90563e-08 2.93027e-07 2.30788e-06 1.36999e-05 6.03918e-05 0.000196791 0.000470491 0.000814491 0.00102216 0.000967267 0.000739406 0.000487688 0.000289204 0.000156271 7.60466e-05 3.19695e-05 1.04618e-05 1.89892e-06 0 
0 0.000284467 0.000341467 9.20589e-05 8.33339e-06 3.28077e-07 7.09082e-09 1.07933e-10 1.51146e-12 2.5521e-14 6.69887e-16 3.40081e-17 3.95222e-18 1.17038e-18 9.08576e-19 1.78789e-18 8.25693e-18 7.83654e-17 1.29125e-15 3.08028e-14 8.87536e-13 2.61126e-11 6.78956e-10 1.39195e-08 2.0765e-07 2.15163e-06 1.52332e-05 7.40294e-05 0.000249348 0.000581289 0.000931294 0.0010478 0.000886797 0.000615134 0.000372796 0.000203148 9.91593e-05 4.1729e-05 1.36601e-05 2.47972e-06 0 
0 0.000277424 0.000239187 3.89165e-05 1.81158e-06 3.15791e-08 2.69099e-10 1.51146e-12 7.74316e-15 5.03226e-17 5.68768e-19 1.65288e-20 2.13873e-21 9.18253e-22 7.74652e-22 1.16252e-21 3.81191e-21 4.23843e-20 1.27441e-18 6.353e-17 4.0129e-15 2.60935e-13 1.46256e-11 6.13973e-10 1.74739e-08 3.1802e-07 3.6256e-06 2.61377e-05 0.000122137 0.000376681 0.000766423 0.00103646 0.000986379 0.000727524 0.000453107 0.000249577 0.000122294 5.15321e-05 1.68763e-05 3.06396e-06 0 
0 0.000260439 0.000164462 1.66944e-05 4.14128e-07 3.32833e-09 1.17119e-11 2.5521e-14 5.03226e-17 1.33486e-19 9.34802e-22 5.18617e-23 1.29996e-23 7.74744e-24 6.94785e-24 8.4791e-24 1.76627e-23 9.16996e-23 2.00617e-21 1.74368e-19 2.31071e-17 3.19018e-15 3.70867e-13 3.07654e-11 1.61881e-09 5.03812e-08 9.04042e-07 9.46141e-06 5.98346e-05 0.000237231 0.000598686 0.000964892 0.00103598 0.000817045 0.000524813 0.000292669 0.000144053 6.07925e-05 1.99187e-05 3.61687e-06 0 
0 0.000240752 0.000115644 7.75014e-06 1.09976e-07 4.44239e-10 7.12622e-13 6.69887e-16 5.68768e-19 9.34802e-22 1.00882e-23 8.59568e-25 3.3732e-25 2.50766e-25 2.33477e-25 2.49643e-25 3.67486e-25 1.08385e-24 1.36595e-23 1.01439e-21 2.33187e-19 6.26825e-17 1.39287e-14 2.11614e-12 1.92287e-10 9.64724e-09 2.5931e-07 3.78041e-06 3.11929e-05 0.000153387 0.000464289 0.000871691 0.00104642 0.000881233 0.000584086 0.000329926 0.000163153 6.89626e-05 2.26072e-05 4.10568e-06 0 
0 0.000223069 8.5869e-05 4.10658e-06 3.69347e-08 8.5069e-11 7.18621e-14 3.40081e-17 1.65288e-20 5.18618e-23 8.5957e-25 5.83275e-26 2.03048e-26 1.6331e-26 1.54769e-26 1.52557e-26 1.82701e-26 4.41134e-26 4.94984e-25 2.56783e-23 5.63841e-21 2.50335e-18 9.43985e-16 2.35097e-13 3.3385e-11 2.4752e-09 9.26208e-08 1.77133e-06 1.8152e-05 0.000106065 0.000370384 0.000785101 0.00103415 0.00092227 0.000628892 0.000359468 0.000178541 7.55789e-05 2.47879e-05 4.50239e-06 0 
0 0.00020986 6.89242e-05 2.58561e-06 1.67377e-08 2.57085e-11 1.36762e-14 3.95222e-18 2.13873e-21 1.29997e-23 3.37322e-25 2.0305e-26 2.98119e-27 1.59618e-27 1.43236e-27 1.35103e-27 1.64202e-27 6.03444e-27 8.49792e-26 3.31006e-24 4.5741e-22 2.43729e-19 1.34245e-16 4.77677e-14 9.3641e-12 9.20636e-10 4.37624e-08 1.01857e-06 1.22062e-05 8.06881e-05 0.000311621 0.000719663 0.00101434 0.000944809 0.000658737 0.000380103 0.000189458 8.0297e-05 2.63455e-05 4.78589e-06 0 
0 0.000202138 6.06853e-05 1.98411e-06 1.06604e-08 1.30156e-11 5.32777e-15 1.17038e-18 9.18254e-22 7.74746e-24 2.50768e-25 1.63311e-26 1.59619e-27 3.01297e-28 1.67947e-28 1.6015e-28 3.5104e-28 2.66939e-27 4.03082e-26 1.28032e-24 1.312e-22 6.48632e-20 4.40245e-17 1.91851e-14 4.51751e-12 5.21491e-10 2.8407e-08 7.39449e-07 9.6869e-06 6.86711e-05 0.00028067 0.00068038 0.000997422 0.000953643 0.000674093 0.00039129 0.000195476 8.29122e-05 2.72105e-05 4.94342e-06 0 
0 0.000200121 5.89567e-05 1.87346e-06 9.68592e-09 1.12784e-11 4.37314e-15 9.08576e-19 7.74653e-22 6.94788e-24 2.33479e-25 1.5477e-26 1.43237e-27 1.67948e-28 3.78323e-29 4.21608e-29 2.25017e-28 2.2397e-27 3.41248e-26 1.04483e-24 1.01484e-22 4.86131e-20 3.44288e-17 1.5658e-14 3.83291e-12 4.57834e-10 2.5675e-08 6.84502e-07 9.13934e-06 6.57681e-05 0.000272188 0.000667439 0.000988488 0.000952091 0.000675792 0.000393025 0.000196491 8.3366e-05 2.7362e-05 4.97109e-06 0 
0 0.000203621 6.30508e-05 2.16422e-06 1.24262e-08 1.64641e-11 7.39694e-15 1.78789e-18 1.16252e-21 8.47913e-24 2.49644e-25 1.52558e-26 1.35104e-27 1.60151e-28 4.21606e-29 5.53453e-29 2.8236e-28 2.81087e-27 4.62559e-26 1.62887e-24 1.89236e-22 9.89997e-20 6.25599e-17 2.54201e-14 5.62189e-12 6.14551e-10 3.19706e-08 8.01399e-07 1.01881e-05 7.05712e-05 0.000283485 0.000678868 0.000987885 0.000941308 0.000664639 0.000385725 0.000192701 8.17389e-05 2.68262e-05 4.87365e-06 0 
0 0.000212167 7.35141e-05 3.00022e-06 2.17872e-08 3.85537e-11 2.40956e-14 8.25693e-18 3.81191e-21 1.76627e-23 3.67487e-25 1.82703e-26 1.64203e-27 3.51039e-28 2.25015e-28 2.82358e-28 7.90271e-28 6.21889e-27 1.15068e-25 5.53721e-24 9.64143e-22 5.04304e-19 2.44084e-16 7.69229e-14 1.35257e-11 1.20985e-09 5.30998e-08 1.15767e-06 1.31708e-05 8.36655e-05 0.000313849 0.000710958 0.000991799 0.000920346 0.0006413 0.000370148 0.000184554 7.82327e-05 2.56704e-05 4.66341e-06 0 
0 0.000224946 9.20165e-05 4.84327e-06 4.96444e-08 1.34317e-10 1.36269e-13 7.83654e-17 4.23843e-20 9.16997e-23 1.08385e-24 4.41135e-26 6.03442e-27 2.66937e-27 2.23968e-27 2.81085e-27 6.21887e-27 3.75435e-26 7.7484e-25 5.59165e-23 1.42984e-20 5.58115e-18 1.81136e-15 3.92594e-13 4.9224e-11 3.27498e-09 1.11834e-07 1.98424e-06 1.91625e-05 0.000107091 0.000362853 0.000756871 0.000992591 0.000886752 0.000606439 0.000347348 0.000172708 7.31452e-05 2.39944e-05 4.35859e-06 0 
0 0.000240637 0.000121256 8.7707e-06 1.38125e-07 6.3429e-10 1.17695e-12 1.29125e-15 1.27441e-18 2.00617e-21 1.36595e-23 4.94984e-25 8.49789e-26 4.03079e-26 3.41246e-26 4.62556e-26 1.15068e-25 7.74839e-25 2.05756e-23 2.17704e-21 4.72222e-19 1.1189e-16 2.20004e-14 2.98416e-12 2.44847e-10 1.12335e-08 2.79813e-07 3.83165e-06 3.01118e-05 0.000143208 0.000426852 0.000803847 0.000979197 0.000837479 0.000560961 0.000318635 0.000157967 6.68388e-05 2.19195e-05 3.98136e-06 0 
0 0.000257236 0.000164594 1.71022e-05 4.3832e-07 3.66679e-09 1.34941e-11 3.08028e-14 6.353e-17 1.74368e-19 1.01439e-21 2.56782e-23 3.31005e-24 1.28031e-24 1.04483e-24 1.62887e-24 5.5372e-24 5.59165e-23 2.17704e-21 2.00056e-19 2.53446e-17 3.33787e-15 3.70708e-13 2.94329e-11 1.48512e-09 4.44227e-08 7.68643e-07 7.80083e-06 4.83198e-05 0.000190901 0.000492244 0.000829909 0.000938131 0.000769913 0.000506217 0.000285517 0.000141215 5.97081e-05 1.95771e-05 3.55572e-06 0 
0 0.000272002 0.000225021 3.44626e-05 1.48205e-06 2.34367e-08 1.78497e-10 8.87536e-13 4.0129e-15 2.31071e-17 2.33187e-19 5.63841e-21 4.57409e-22 1.312e-22 1.01483e-22 1.89236e-22 9.64142e-22 1.42984e-20 4.72222e-19 2.53446e-17 1.73148e-15 1.21723e-13 7.33073e-12 3.26809e-10 9.71993e-09 1.81641e-07 2.09657e-06 1.52379e-05 7.26136e-05 0.000235427 0.000525401 0.000802324 0.000855435 0.000682677 0.000444053 0.000249611 0.000123351 5.2147e-05 1.7098e-05 3.10548e-06 0 
0 0.000281669 0.000303101 6.90602e-05 5.01403e-06 1.5074e-07 2.39221e-09 2.61126e-11 2.60935e-13 3.19018e-15 6.26825e-17 2.50335e-18 2.43729e-19 6.48632e-20 4.86131e-20 9.89997e-20 5.04304e-19 5.58115e-18 1.1189e-16 3.33787e-15 1.21723e-13 4.51544e-12 1.45116e-10 3.54713e-09 6.00166e-08 6.6737e-07 4.85883e-06 2.41107e-05 8.64837e-05 0.000232948 0.00046856 0.000683209 0.00071989 0.000576074 0.000376691 0.000212527 0.000105225 4.45212e-05 1.46024e-05 2.65253e-06 0 
0 0.000283008 0.00039407 0.000133006 1.60832e-05 9.00152e-07 2.90563e-08 6.78956e-10 1.46256e-11 3.70867e-13 1.39287e-14 9.43985e-16 1.34245e-16 4.40245e-17 3.44288e-17 6.25599e-17 2.44084e-16 1.81136e-15 2.20004e-14 3.70708e-13 7.33073e-12 1.45116e-10 2.48956e-09 3.26475e-08 2.96116e-07 1.75935e-06 7.01937e-06 2.11115e-05 5.52975e-05 0.000134124 0.000281977 0.000455923 0.000529709 0.000452697 0.000306624 0.000175777 8.75884e-05 3.71464e-05 1.21935e-05 2.21555e-06 0 
0 0.000273679 0.000485446 0.000239041 4.68546e-05 4.68566e-06 2.93027e-07 1.39195e-08 6.13973e-10 3.07654e-11 2.11614e-12 2.35097e-13 4.77677e-14 1.91851e-14 1.5658e-14 2.54201e-14 7.69229e-14 3.92594e-13 2.98416e-12 2.94329e-11 3.26809e-10 3.54713e-09 3.26475e-08 2.19302e-07 9.21916e-07 2.19223e-06 3.20319e-06 4.11424e-06 7.30984e-06 2.08424e-05 7.09272e-05 0.000187861 0.000308845 0.000319913 0.000236867 0.000140762 7.10694e-05 3.0276e-05 9.95262e-06 1.8092e-06 0 
0 0.000253088 0.000557786 0.000390768 0.000119991 2.03375e-05 2.30788e-06 2.0765e-07 1.74739e-08 1.61881e-09 1.92287e-10 3.3385e-11 9.3641e-12 4.51751e-12 3.83291e-12 5.62189e-12 1.35257e-11 4.9224e-11 2.44847e-10 1.48512e-09 9.71993e-09 6.00166e-08 2.96116e-07 9.21916e-07 1.30765e-06 6.35353e-07 1.25116e-07 2.74705e-08 2.66964e-08 1.75921e-07 2.8857e-06 3.11752e-05 0.000122458 0.000194283 0.000171646 0.000108839 5.61672e-05 2.40947e-05 7.93753e-06 1.44381e-06 0 
0 0.000222841 0.000590779 0.000568227 0.000263324 7.15718e-05 1.36999e-05 2.15163e-06 3.1802e-07 5.03812e-08 9.64724e-09 2.4752e-09 9.20636e-10 5.21491e-10 4.57834e-10 6.14551e-10 1.20985e-09 3.27498e-09 1.12335e-08 4.44227e-08 1.81641e-07 6.6737e-07 1.75935e-06 2.19223e-06 6.35353e-07 1.99957e-08 8.61263e-11 5.63789e-13 1.8719e-13 1.02655e-11 5.95594e-09 1.30722e-06 2.8929e-05 9.885e-05 0.000116443 8.13129e-05 4.32444e-05 1.87184e-05 6.18248e-06 1.12541e-06 0 
0 0.000186439 0.000573002 0.000722027 0.000484227 0.000200616 6.03918e-05 1.52332e-05 3.6256e-06 9.04042e-07 2.5931e-07 9.26208e-08 4.37624e-08 2.8407e-08 2.5675e-08 3.19706e-08 5.30998e-08 1.11834e-07 2.79813e-07 7.68643e-07 2.09657e-06 4.85883e-06 7.01937e-06 3.20319e-06 1.25116e-07 8.61263e-11 1.30729e-15 1.57757e-15 2.89579e-15 1.14753e-16 7.80294e-13 1.68227e-08 4.61926e-06 4.48339e-05 7.57539e-05 5.91493e-05 3.24953e-05 1.41946e-05 4.70019e-06 8.56177e-07 0 
0 0.000148257 0.000508726 0.00079409 0.000731351 0.000440697 0.000196791 7.40294e-05 2.61377e-05 9.46141e-06 3.78041e-06 1.77133e-06 1.01857e-06 7.39449e-07 6.84502e-07 8.01399e-07 1.15767e-06 1.98424e-06 3.83165e-06 7.80083e-06 1.52379e-05 2.41107e-05 2.11115e-05 4.11424e-06 2.74705e-08 5.63789e-13 1.57757e-15 1.37697e-16 1.71725e-16 2.40193e-17 1.90007e-16 3.33701e-10 9.11164e-07 2.19915e-05 4.99682e-05 4.2508e-05 2.39053e-05 1.05074e-05 3.48495e-06 6.35085e-07 0 
0 0.000112285 0.000415689 0.000757907 0.00089731 0.000745402 0.000470491 0.000249348 0.000122137 5.98346e-05 3.11929e-05 1.8152e-05 1.22062e-05 9.6869e-06 9.13934e-06 1.01881e-05 1.31708e-05 1.91625e-05 3.01118e-05 4.83198e-05 7.26136e-05 8.64837e-05 5.52975e-05 7.30984e-06 2.66964e-08 1.8719e-13 2.89579e-15 1.71725e-16 3.18379e-17 1.92709e-17 6.48331e-16 1.0112e-10 4.9064e-07 1.46685e-05 3.54428e-05 3.05921e-05 1.72552e-05 7.58838e-06 2.517e-06 4.58691e-07 0 
0 8.12245e-05 0.000315536 0.000637155 0.00090146 0.000962863 0.000814491 0.000581289 0.000376681 0.000237231 0.000153387 0.000106065 8.06881e-05 6.86711e-05 6.57681e-05 7.05712e-05 8.36655e-05 0.000107091 0.000143208 0.000190901 0.000235427 0.000232948 0.000134124 2.08424e-05 1.75921e-07 1.02655e-11 1.14752e-16 2.40193e-17 1.92709e-17 7.10516e-17 4.01509e-15 9.47725e-10 9.09766e-07 1.41515e-05 2.73904e-05 2.20786e-05 1.22063e-05 5.33748e-06 1.76756e-06 3.21971e-07 0 
0 5.62551e-05 0.000224758 0.000482246 0.000762981 0.000968068 0.00102216 0.000931294 0.000766423 0.000598686 0.000464289 0.000370384 0.000311621 0.00028067 0.000272188 0.000283485 0.000313849 0.000362853 0.000426852 0.000492244 0.000525401 0.00046856 0.000281977 7.09272e-05 2.8857e-06 5.95594e-09 7.80294e-13 1.90007e-16 6.48332e-16 4.01509e-15 2.80086e-11 4.82201e-08 3.20449e-06 1.65877e-05 2.19819e-05 1.57568e-05 8.41702e-06 3.64472e-06 1.20368e-06 2.19091e-07 0 
0 3.73384e-05 0.000151445 0.000335753 0.000565276 0.000794079 0.000967267 0.0010478 0.00103646 0.000964892 0.000871691 0.000785101 0.000719663 0.00068038 0.000667439 0.000678868 0.000710958 0.000756871 0.000803847 0.000829909 0.000802324 0.000683209 0.000455923 0.000187861 3.11752e-05 1.30722e-06 1.68227e-08 3.33701e-10 1.0112e-10 9.47725e-10 4.82201e-08 1.42646e-06 9.59455e-06 1.84456e-05 1.70706e-05 1.0889e-05 5.61335e-06 2.40535e-06 7.91982e-07 1.4403e-07 0 
0 2.37177e-05 9.69229e-05 0.000218371 0.000379222 0.000561441 0.000739406 0.000886797 0.000986379 0.00103598 0.00104642 0.00103415 0.00101434 0.000997422 0.000988488 0.000987885 0.000991799 0.000992591 0.000979197 0.000938131 0.000855435 0.00071989 0.000529709 0.000308845 0.000122458 2.8929e-05 4.61926e-06 9.11164e-07 4.9064e-07 9.09766e-07 3.20449e-06 9.59455e-06 1.6518e-05 1.69004e-05 1.22321e-05 7.16251e-06 3.59123e-06 1.52567e-06 5.01039e-07 9.10496e-08 0 
0 1.43553e-05 5.88675e-05 0.000133608 0.000235307 0.000356879 0.000487688 0.000615134 0.000727524 0.000817045 0.000881233 0.00092227 0.000944809 0.000953643 0.000952091 0.000941308 0.000920346 0.000886752 0.000837479 0.000769913 0.000682677 0.000576074 0.000452697 0.000319913 0.000194283 9.885e-05 4.48339e-05 2.19915e-05 1.46685e-05 1.41515e-05 1.65877e-05 1.84456e-05 1.69004e-05 1.26011e-05 7.97505e-06 4.4391e-06 2.18675e-06 9.23596e-07 3.02752e-07 5.4985e-08 0 
0 8.21032e-06 3.37193e-05 7.67697e-05 0.000136003 0.000208359 0.000289204 0.000372796 0.000453107 0.000524813 0.000584086 0.000628892 0.000658737 0.000674093 0.000675792 0.000664639 0.0006413 0.000606439 0.000560961 0.000506217 0.000444053 0.000376691 0.000306624 0.000236867 0.000171646 0.000116443 7.57539e-05 4.99682e-05 3.54428e-05 2.73904e-05 2.19819e-05 1.70706e-05 1.22321e-05 7.97505e-06 4.74315e-06 2.57357e-06 1.25563e-06 5.28527e-07 1.73051e-07 3.14172e-08 0 
0 4.37425e-06 1.7976e-05 4.09776e-05 7.27625e-05 0.00011191 0.000156271 0.000203148 0.000249577 0.000292669 0.000329926 0.000359468 0.000380103 0.00039129 0.000393025 0.000385725 0.000370148 0.000347348 0.000318635 0.000285517 0.000249611 0.000212527 0.000175777 0.000140762 0.000108839 8.13129e-05 5.91493e-05 4.2508e-05 3.05921e-05 2.20786e-05 1.57568e-05 1.0889e-05 7.16251e-06 4.4391e-06 2.57357e-06 1.38056e-06 6.7045e-07 2.81714e-07 9.2181e-08 1.67318e-08 0 
0 2.11765e-06 8.70459e-06 1.98522e-05 3.52812e-05 5.43406e-05 7.60466e-05 9.91593e-05 0.000122294 0.000144053 0.000163153 0.000178541 0.000189458 0.000195476 0.000196491 0.000192701 0.000184554 0.000172708 0.000157967 0.000141215 0.000123351 0.000105225 8.75884e-05 7.10694e-05 5.61672e-05 4.32444e-05 3.24953e-05 2.39053e-05 1.72552e-05 1.22063e-05 8.41702e-06 5.61335e-06 3.59123e-06 2.18675e-06 1.25563e-06 6.7045e-07 3.24934e-07 1.36421e-07 4.46248e-08 8.09892e-09 0 
0 8.88627e-07 3.65304e-06 8.33279e-06 1.48135e-05 2.28274e-05 3.19695e-05 4.1729e-05 5.15321e-05 6.07925e-05 6.89626e-05 7.55789e-05 8.0297e-05 8.29122e-05 8.3366e-05 8.17389e-05 7.82327e-05 7.31452e-05 6.68388e-05 5.97081e-05 5.2147e-05 4.45212e-05 3.71464e-05 3.0276e-05 2.40947e-05 1.87184e-05 1.41946e-05 1.05074e-05 7.58838e-06 5.33748e-06 3.64472e-06 2.40535e-06 1.52567e-06 9.23596e-07 5.28527e-07 2.81714e-07 1.36421e-07 5.72546e-08 1.87259e-08 3.39837e-09 0 
0 2.90618e-07 1.19474e-06 2.72543e-06 4.8456e-06 7.46824e-06 1.04618e-05 1.36601e-05 1.68763e-05 1.99187e-05 2.26072e-05 2.47879e-05 2.63455e-05 2.72105e-05 2.7362e-05 2.68262e-05 2.56704e-05 2.39944e-05 2.19195e-05 1.95771e-05 1.7098e-05 1.46024e-05 1.21935e-05 9.95262e-06 7.93753e-06 6.18248e-06 4.70019e-06 3.48495e-06 2.517e-06 1.76756e-06 1.20368e-06 7.91982e-07 5.01039e-07 3.02752e-07 1.73051e-07 9.2181e-08 4.46248e-08 1.87259e-08 6.12421e-09 1.11139e-09 0 
0 5.27394e-08 2.16815e-07 4.94609e-07 8.79408e-07 1.35546e-06 1.89892e-06 2.47972e-06 3.06396e-06 3.61687e-06 4.10568e-06 4.50239e-06 4.78589e-06 4.94342e-06 4.97109e-06 4.87365e-06 4.66341e-06 4.35859e-06 3.98136e-06 3.55572e-06 3.10548e-06 2.65253e-06 2.21555e-06 1.8092e-06 1.44381e-06 1.12541e-06 8.56177e-07 6.35085e-07 4.58691e-07 3.21971e-07 2.19091e-07 1.4403e-07 9.10496e-08 5.4985e-08 3.14172e-08 1.67318e-08 8.09892e-09 3.39837e-09 1.11139e-09 2.01686e-10 0 
0 0 0 0 0 0 0 0 0 0 0 0 0 0 0 0 0 0 0 0 0 0 0 0 0 0 0 0 0 0 0 0 0 0 0 0 0 0 0 0 0 
