0 0 0 0 0 0 0 0 0 0 0 0 0 0 0 0 0 0 0 0 0 0 0 0 0 0 0 0 0 0 0 0 0 0 0 0 0 0 0 0 0 
0 1.37762e-05 5.65569e-05 0.000128659 0.000227556 0.000347609 0.000480258 0.000615017 0.000741294 0.000850491 0.000937441 0.00100058 0.00104102 0.00106106 0.001063 0.00104843 0.00101804 0.000972088 0.000910932 0.000835765 0.000749054 0.000654599 0.000557122 0.000461527 0.000372123 0.000292068 0.00022316 0.000165948 0.000120008 8.42787e-05 5.73503e-05 3.76949e-05 2.38231e-05 1.43836e-05 8.21717e-06 4.37574e-06 2.11793e-06 8.88672e-07 2.90623e-07 5.27398e-08 0 
0 5.65569e-05 0.000231722 0.000524817 0.00092015 0.00138377 0.00186445 0.00230336 0.00265157 0.00288614 0.00301413 0.00306316 0.00306679 0.00305307 0.00303915 0.00303025 0.00302094 0.00299744 0.00294106 0.00283322 0.00266149 0.0024248 0.00213522 0.00181498 0.00148998 0.00118314 0.00091035 0.000679612 0.000492477 0.000346199 0.000235692 0.000154945 9.79335e-05 5.91312e-05 3.37813e-05 1.7989e-05 8.707e-06 3.65341e-06 1.19478e-06 2.16818e-07 0 
0 0.000128659 0.000524817 0.00117681 0.00202143 0.00292853 0.00371561 0.00421492 0.00435971 0.00421188 0.00390668 0.00357507 0.00330343 0.00313379 0.00307993 0.00314097 0.0033067 0.00355547 0.00384802 0.00412313 0.00430305 0.00431393 0.00411535 0.00372042 0.0031902 0.00260594 0.00203931 0.00153672 0.00111892 0.000788382 0.000537284 0.00035337 0.000223388 0.000134889 7.70632e-05 4.10376e-05 1.9863e-05 8.33442e-06 2.72561e-06 4.94621e-07 0 
0 0.000227556 0.00092015 0.00202143 0.00332723 0.00445969 0.0050045 0.00479999 0.00406455 0.00317966 0.00241622 0.00186757 0.00152263 0.00134187 0.00129396 0.00136618 0.00156425 0.00190748 0.00241717 0.00309305 0.00387812 0.0046321 0.00515412 0.00527364 0.00495139 0.00429628 0.00348729 0.00268153 0.0019727 0.00139672 0.000953909 0.000627944 0.000397104 0.000239816 0.000137016 7.29649e-05 3.53166e-05 1.48187e-05 4.84618e-06 8.79443e-07 0 
0 0.000347609 0.00138377 0.00292853 0.00445969 0.00520524 0.0047447 0.00349101 0.00220484 0.00129135 0.000756427 0.000472245 0.000329626 0.000265372 0.000250053 0.00027553 0.00034986 0.000498766 0.00077114 0.0012418 0.00199417 0.00305704 0.00429928 0.00538296 0.0059164 0.0057323 0.0049861 0.00398656 0.00299191 0.00213831 0.00146638 0.000966909 0.000611858 0.000369597 0.000211183 0.000112464 5.44356e-05 2.2841e-05 7.46974e-06 1.35555e-06 0 
0 0.000480258 0.00186445 0.00371561 0.0050045 0.0047447 0.00323776 0.0016966 0.000754787 0.000317334 0.00013876 6.82473e-05 4.00472e-05 2.91363e-05 2.67496e-05 3.09114e-05 4.4047e-05 7.47136e-05 0.00014409 0.000299809 0.000636692 0.00130493 0.00244534 0.0039934 0.00549472 0.0063074 0.0061413 0.00524609 0.00407581 0.00296102 0.00204503 0.00135234 0.000856694 0.000517697 0.000295846 0.000157559 7.62637e-05 3.20002e-05 1.04651e-05 1.89912e-06 0 
0 0.000615017 0.00230336 0.00421492 0.00479999 0.00349101 0.0016966 0.000613026 0.000188277 5.59125e-05 1.79706e-05 6.86359e-06 3.34655e-06 2.18393e-06 1.9488e-06 2.3681e-06 3.81405e-06 7.77828e-06 1.89387e-05 5.1531e-05 0.000146345 0.000405716 0.00103012 0.00225668 0.00405374 0.00579133 0.00659945 0.00621741 0.00509417 0.00379684 0.00265175 0.00176145 0.00111775 0.000675861 0.000386311 0.000205752 9.9593e-05 4.17895e-05 1.36665e-05 2.48009e-06 0 
0 0.000741294 0.00265157 0.00435971 0.00406455 0.00220484 0.000754787 0.000188277 4.00343e-05 8.39706e-06 1.97794e-06 5.84116e-07 2.35644e-07 1.3749e-07 1.19046e-07 1.52122e-07 2.77355e-07 6.8177e-07 2.10118e-06 7.48745e-06 2.8408e-05 0.00010608 0.00036267 0.00106252 0.0025117 0.00456909 0.00628732 0.00672023 0.00591806 0.0045718 0.00324396 0.00216863 0.00137943 0.000834796 0.000477293 0.000254233 0.000123064 5.16383e-05 1.68875e-05 3.0646e-06 0 
0 0.000850491 0.00288614 0.00421188 0.00317966 0.00129135 0.000317334 5.59125e-05 8.39706e-06 1.26364e-06 2.20747e-07 5.0837e-08 1.70603e-08 8.92084e-09 7.49116e-09 1.00348e-08 2.05982e-08 6.05697e-08 2.34076e-07 1.08016e-06 5.40191e-06 2.67295e-05 0.000120659 0.000462745 0.00141445 0.00325784 0.00546187 0.00673196 0.00646399 0.00522167 0.00378059 0.00254818 0.00162583 0.000984977 0.000563363 0.000300114 0.000145278 6.09604e-05 1.99362e-05 3.61786e-06 0 
0 0.000937441 0.00301413 0.00390668 0.00241622 0.000756427 0.00013876 1.79706e-05 1.97794e-06 2.20747e-07 2.9425e-08 5.40594e-09 1.53346e-09 7.24808e-10 5.90864e-10 8.24463e-10 1.88082e-09 6.49518e-09 3.07691e-08 1.79198e-07 1.14885e-06 7.31418e-06 4.2255e-05 0.000205267 0.00078527 0.00223058 0.00449642 0.00638852 0.00672393 0.00570757 0.00422843 0.00287711 0.00184225 0.00111749 0.000639419 0.000340676 0.00016492 6.92034e-05 2.2632e-05 4.10708e-06 0 
0 0.00100058 0.00306316 0.00357507 0.00186757 0.000472245 6.82473e-05 6.86359e-06 5.84116e-07 5.0837e-08 5.40594e-09 8.21621e-10 2.02216e-10 8.76649e-11 6.95509e-11 1.00164e-10 2.48973e-10 9.81259e-10 5.50029e-09 3.88523e-08 3.06136e-07 2.40238e-06 1.70183e-05 0.000100356 0.000460789 0.00155314 0.00365541 0.0058911 0.00675823 0.0060226 0.00456665 0.0031376 0.00201647 0.00122476 0.000701104 0.000373594 0.000180864 7.58944e-05 2.48203e-05 4.50421e-06 0 
0 0.00104102 0.00306679 0.00330343 0.00152263 0.000329626 4.00472e-05 3.34655e-06 2.35644e-07 1.70603e-08 1.53346e-09 2.02216e-10 4.47027e-11 1.81282e-11 1.40531e-11 2.06527e-11 5.45396e-11 2.36429e-10 1.49802e-09 1.21894e-08 1.11799e-07 1.02388e-06 8.43299e-06 5.73706e-05 0.000301174 0.00115105 0.00304201 0.00540853 0.00665835 0.00618563 0.00478734 0.00331816 0.0021397 0.00130117 0.000745146 0.000397114 0.000192258 8.0677e-05 2.63845e-05 4.78807e-06 0 
0 0.00106106 0.00305307 0.00313379 0.00134187 0.000265372 2.91363e-05 2.18393e-06 1.3749e-07 8.92084e-09 7.24808e-10 8.76649e-11 1.81282e-11 7.03958e-12 5.3601e-12 7.93796e-12 2.16384e-11 9.88856e-11 6.71752e-10 5.93189e-09 5.94654e-08 5.96691e-07 5.37669e-06 3.9855e-05 0.000226843 0.000935942 0.00265877 0.00503786 0.00650693 0.00622647 0.00489231 0.00341354 0.002207 0.00134338 0.000769573 0.000410177 0.00019859 8.33348e-05 2.72538e-05 4.94583e-06 0 
0 0.001063 0.00303915 0.00307993 0.00129396 0.000250053 2.67496e-05 1.9488e-06 1.19046e-07 7.49116e-09 5.90864e-10 6.95509e-11 1.40531e-11 5.3601e-12 4.03343e-12 5.94255e-12 1.62245e-11 7.47371e-11 5.14673e-10 4.62874e-09 4.74235e-08 4.87431e-07 4.50403e-06 3.42483e-05 0.000199998 0.00084718 0.00247316 0.00481238 0.00635413 0.00617073 0.0048881 0.00342371 0.00221716 0.00135042 0.00077379 0.00041246 0.000199701 8.3802e-05 2.74067e-05 4.97358e-06 0 
0 0.00104843 0.00303025 0.00314097 0.00136618 0.00027553 3.09114e-05 2.3681e-06 1.52122e-07 1.00348e-08 8.24463e-10 1.00164e-10 2.06527e-11 7.93796e-12 5.94255e-12 8.6058e-12 2.28538e-11 1.01557e-10 6.70871e-10 5.77076e-09 5.65289e-08 5.56555e-07 4.94408e-06 3.63181e-05 0.000206037 0.000853059 0.00245 0.00472177 0.00621105 0.00603039 0.00478168 0.00335244 0.00217237 0.00132358 0.00075853 0.000404354 0.000195782 8.21584e-05 2.68693e-05 4.87606e-06 0 
0 0.00101804 0.00302094 0.0033067 0.00156425 0.00034986 4.4047e-05 3.81405e-06 2.77355e-07 2.05982e-08 1.88082e-09 2.48973e-10 5.45396e-11 2.16384e-11 1.62245e-11 2.28538e-11 5.74959e-11 2.36805e-10 1.42639e-09 1.10738e-08 9.74871e-08 8.63586e-07 6.94155e-06 4.65501e-05 0.000243685 0.000941771 0.00255625 0.00472374 0.00605279 0.00580154 0.00457837 0.00320617 0.00207756 0.00126606 0.000725677 0.000386874 0.000187326 7.86114e-05 2.57095e-05 4.6656e-06 0 
0 0.000972088 0.00299744 0.00355547 0.00190748 0.000498766 7.47136e-05 7.77828e-06 6.8177e-07 6.05697e-08 6.49518e-09 9.81259e-10 2.36429e-10 9.88856e-11 7.47371e-11 1.01557e-10 2.36805e-10 8.73987e-10 4.5976e-09 3.06484e-08 2.29801e-07 1.73385e-06 1.19516e-05 6.95521e-05 0.000320713 0.00111004 0.00274968 0.00474519 0.00582584 0.00546791 0.00428182 0.00299309 0.00193967 0.00118252 0.000678006 0.000361522 0.000175065 7.34689e-05 2.4028e-05 4.36048e-06 0 
0 0.000910932 0.00294106 0.00384802 0.00241717 0.00077114 0.00014409 1.89387e-05 2.10118e-06 2.34076e-07 3.07691e-08 5.50029e-09 1.49802e-09 6.71752e-10 5.14673e-10 6.70871e-10 1.42639e-09 4.5976e-09 2.04263e-08 1.12415e-07 6.87659e-07 4.22534e-06 2.38816e-05 0.000115485 0.000450427 0.001347 0.00295948 0.00468168 0.00545919 0.00500691 0.00389459 0.0027222 0.00176677 0.00107851 0.000618862 0.000330119 0.000159888 6.71049e-05 2.19474e-05 3.98295e-06 0 
0 0.000835765 0.00283322 0.00412313 0.00309305 0.0012418 0.000299809 5.1531e-05 7.48745e-06 1.08016e-06 1.79198e-07 3.88523e-08 1.21894e-08 5.93189e-09 4.62874e-09 5.77076e-09 1.10738e-08 3.06484e-08 1.12415e-07 4.96916e-07 2.40386e-06 1.16297e-05 5.20232e-05 0.000201676 0.000642677 0.00161089 0.00307154 0.00440775 0.00487883 0.00439437 0.00341719 0.00240146 0.00156682 0.000959803 0.000551802 0.000294621 0.000142754 5.99238e-05 1.96e-05 3.55704e-06 0 
0 0.000749054 0.00266149 0.00430305 0.00387812 0.00199417 0.000636692 0.000146345 2.8408e-05 5.40191e-06 1.14885e-06 3.06136e-07 1.11799e-07 5.94654e-08 4.74235e-08 5.65289e-08 9.74871e-08 2.29801e-07 6.87659e-07 2.40386e-06 9.02185e-06 3.35919e-05 0.000115839 0.00034963 0.000883327 0.00180719 0.00293872 0.00380601 0.00402301 0.00360476 0.00284393 0.00203477 0.00134612 0.000831646 0.000480253 0.000256951 0.000124611 5.23262e-05 1.71172e-05 3.1066e-06 0 
0 0.000654599 0.0024248 0.00431393 0.0046321 0.00305704 0.00130493 0.000405716 0.00010608 2.67295e-05 7.31418e-06 2.40238e-06 1.02388e-06 5.96691e-07 4.87431e-07 5.56555e-07 8.63586e-07 1.73385e-06 4.22534e-06 1.16297e-05 3.35919e-05 9.50387e-05 0.000248004 0.000568662 0.00110662 0.00179525 0.00243382 0.00281684 0.00286471 0.00261471 0.00215948 0.00161863 0.00110776 0.000698164 0.000407229 0.000218855 0.000106329 4.46801e-05 1.46196e-05 2.65354e-06 0 
0 0.000557122 0.00213522 0.00411535 0.00515412 0.00429928 0.00244534 0.00103012 0.00036267 0.000120659 4.2255e-05 1.70183e-05 8.43299e-06 5.37669e-06 4.50403e-06 4.94408e-06 6.94155e-06 1.19516e-05 2.38816e-05 5.20232e-05 0.000115839 0.000248004 0.000483733 0.000823403 0.00119015 0.00145603 0.00155456 0.00154005 0.00150277 0.00146306 0.00136193 0.0011469 0.000851927 0.000562233 0.000335216 0.000181825 8.86528e-05 3.72999e-05 1.22101e-05 2.21652e-06 0 
0 0.000461527 0.00181498 0.00372042 0.00527364 0.00538296 0.0039934 0.00225668 0.00106252 0.000462745 0.000205267 0.000100356 5.73706e-05 3.9855e-05 3.42483e-05 3.63181e-05 4.65501e-05 6.95521e-05 0.000115485 0.000201676 0.00034963 0.000568662 0.000823403 0.00101281 0.00102001 0.000835192 0.000593984 0.000433164 0.000390292 0.000452013 0.000573607 0.000646607 0.000583692 0.000426868 0.000266367 0.000147085 7.21767e-05 3.04338e-05 9.96949e-06 1.81018e-06 0 
0 0.000372123 0.00148998 0.0031902 0.00495139 0.0059164 0.00549472 0.00405374 0.0025117 0.00141445 0.00078527 0.000460789 0.000301174 0.000226843 0.000199998 0.000206037 0.000243685 0.000320713 0.000450427 0.000642677 0.000883327 0.00110662 0.00119015 0.00102001 0.00063257 0.000262987 8.10035e-05 2.87826e-05 2.12799e-05 3.84764e-05 0.000105862 0.000238291 0.000331136 0.0002987 0.000203049 0.000115651 5.7343e-05 2.42588e-05 7.9547e-06 1.44479e-06 0 
0 0.000292068 0.00118314 0.00260594 0.00429628 0.0057323 0.0063074 0.00579133 0.00456909 0.00325784 0.00223058 0.00155314 0.00115105 0.000935942 0.00084718 0.000853059 0.000941771 0.00111004 0.001347 0.00161089 0.00180719 0.00179525 0.00145603 0.000835192 0.000262987 3.40104e-05 2.0093e-06 1.56304e-07 7.56822e-08 3.63197e-07 5.16713e-06 4.68727e-05 0.000146528 0.000190202 0.000148222 8.83685e-05 4.44434e-05 1.88818e-05 6.1992e-06 1.12634e-06 0 
0 0.00022316 0.00091035 0.00203931 0.00348729 0.0049861 0.0061413 0.00659945 0.00628732 0.00546187 0.00449642 0.00365541 0.00304201 0.00265877 0.00247316 0.00245 0.00255625 0.00274968 0.00295948 0.00307154 0.00293872 0.00243382 0.00155456 0.000593984 8.10035e-05 2.0093e-06 9.75062e-09 7.1108e-11 1.78252e-11 4.03231e-10 7.38228e-08 5.42717e-06 5.38066e-05 0.000113427 0.000104711 6.58132e-05 3.36154e-05 1.43442e-05 4.71518e-06 8.56996e-07 0 
0 0.000165948 0.000679612 0.00153672 0.00268153 0.00398656 0.00524609 0.00621741 0.00672023 0.00673196 0.00638852 0.0058911 0.00540853 0.00503786 0.00481238 0.00472177 0.00472374 0.00474519 0.00468168 0.00440775 0.00380601 0.00281684 0.00154005 0.000433164 2.87826e-05 1.56304e-07 7.1108e-11 5.33315e-14 7.06679e-15 7.10022e-13 1.48167e-09 7.68235e-07 2.16103e-05 6.92271e-05 7.34084e-05 4.80672e-05 2.4833e-05 1.06295e-05 3.49703e-06 6.35737e-07 0 
0 0.000120008 0.000492477 0.00111892 0.0019727 0.00299191 0.00407581 0.00509417 0.00591806 0.00646399 0.00672393 0.00675823 0.00665835 0.00650693 0.00635413 0.00621105 0.00605279 0.00582584 0.00545919 0.00487883 0.00402301 0.00286471 0.00150277 0.000390292 2.12799e-05 7.56822e-08 1.78252e-11 7.06679e-15 7.67212e-16 1.11813e-13 4.36185e-10 3.722e-07 1.35642e-05 4.79639e-05 5.2434e-05 3.46187e-05 1.79229e-05 7.6758e-06 2.52561e-06 4.59154e-07 0 
0 8.42787e-05 0.000346199 0.000788382 0.00139672 0.00213831 0.00296102 0.00379684 0.0045718 0.00522167 0.00570757 0.0060226 0.00618563 0.00622647 0.00617073 0.00603039 0.00580154 0.00546791 0.00500691 0.00439437 0.00360476 0.00261471 0.00146306 0.000452013 3.84764e-05 3.63197e-07 4.03231e-10 7.10022e-13 1.11813e-13 5.51914e-12 3.86833e-09 8.39501e-07 1.47229e-05 3.87387e-05 3.8353e-05 2.45801e-05 1.26189e-05 5.39171e-06 1.77293e-06 3.22263e-07 0 
0 5.73503e-05 0.000235692 0.000537284 0.000953909 0.00146638 0.00204503 0.00265175 0.00324396 0.00378059 0.00422843 0.00456665 0.00478734 0.00489231 0.0048881 0.00478168 0.00457837 0.00428182 0.00389459 0.00341719 0.00284393 0.00215948 0.00136193 0.000573607 0.000105862 5.16713e-06 7.38228e-08 1.48167e-09 4.36185e-10 3.86833e-09 1.72242e-07 4.02914e-06 2.10572e-05 3.36354e-05 2.80712e-05 1.70744e-05 8.63449e-06 3.67372e-06 1.2066e-06 2.19251e-07 0 
0 3.76949e-05 0.000154945 0.00035337 0.000627944 0.000966909 0.00135234 0.00176145 0.00216863 0.00254818 0.00287711 0.0031376 0.00331816 0.00341354 0.00342371 0.00335244 0.00320617 0.00299309 0.0027222 0.00240146 0.00203477 0.00161863 0.0011469 0.000646607 0.000238291 4.68727e-05 5.42717e-06 7.68235e-07 3.722e-07 8.39501e-07 4.02914e-06 1.48863e-05 2.74795e-05 2.80015e-05 1.98731e-05 1.14729e-05 5.711e-06 2.41871e-06 7.93363e-07 1.44108e-07 0 
0 2.38231e-05 9.79335e-05 0.000223388 0.000397104 0.000611858 0.000856694 0.00111775 0.00137943 0.00162583 0.00184225 0.00201647 0.0021397 0.002207 0.00221716 0.00217237 0.00207756 0.00193967 0.00176677 0.00156682 0.00134612 0.00110776 0.000851927 0.000583692 0.000331136 0.000146528 5.38066e-05 2.16103e-05 1.35642e-05 1.47229e-05 2.10572e-05 2.74795e-05 2.73099e-05 2.09103e-05 1.32837e-05 7.38029e-06 3.6287e-06 1.53098e-06 5.01607e-07 9.10825e-08 0 
0 1.43836e-05 5.91312e-05 0.000134889 0.000239816 0.000369597 0.000517697 0.000675861 0.000834796 0.000984977 0.00111749 0.00122476 0.00130117 0.00134338 0.00135042 0.00132358 0.00126606 0.00118252 0.00107851 0.000959803 0.000831646 0.000698164 0.000562233 0.000426868 0.0002987 0.000190202 0.000113427 6.92271e-05 4.79639e-05 3.87387e-05 3.36354e-05 2.80015e-05 2.09103e-05 1.38781e-05 8.29998e-06 4.50801e-06 2.1991e-06 9.25423e-07 3.02955e-07 5.49972e-08 0 
0 8.21717e-06 3.37813e-05 7.70632e-05 0.000137016 0.000211183 0.000295846 0.000386311 0.000477293 0.000563363 0.000639419 0.000701104 0.000745146 0.000769573 0.00077379 0.00075853 0.000725677 0.000678006 0.000618862 0.000551802 0.000480253 0.000407229 0.000335216 0.000266367 0.000203049 0.000148222 0.000104711 7.34084e-05 5.2434e-05 3.8353e-05 2.80712e-05 1.98731e-05 1.32837e-05 8.29998e-06 4.82751e-06 2.59224e-06 1.25914e-06 5.29072e-07 1.73114e-07 3.14212e-08 0 
0 4.37574e-06 1.7989e-05 4.10376e-05 7.29649e-05 0.000112464 0.000157559 0.000205752 0.000254233 0.000300114 0.000340676 0.000373594 0.000397114 0.000410177 0.00041246 0.000404354 0.000386874 0.000361522 0.000330119 0.000294621 0.000256951 0.000218855 0.000181825 0.000147085 0.000115651 8.83685e-05 6.58132e-05 4.80672e-05 3.46187e-05 2.45801e-05 1.70744e-05 1.14729e-05 7.38029e-06 4.50801e-06 2.59224e-06 1.38491e-06 6.71311e-07 2.81855e-07 9.21981e-08 1.67329e-08 0 
0 2.11793e-06 8.707e-06 1.9863e-05 3.53166e-05 5.44356e-05 7.62637e-05 9.9593e-05 0.000123064 0.000145278 0.00016492 0.000180864 0.000192258 0.00019859 0.000199701 0.000195782 0.000187326 0.000175065 0.000159888 0.000142754 0.000124611 0.000106329 8.86528e-05 7.21767e-05 5.7343e-05 4.44434e-05 3.36154e-05 2.4833e-05 1.79229e-05 1.26189e-05 8.63449e-06 5.711e-06 3.6287e-06 2.1991e-06 1.25914e-06 6.71311e-07 3.25114e-07 1.36452e-07 4.46287e-08 8.09918e-09 0 
0 8.88672e-07 3.65341e-06 8.33442e-06 1.48187e-05 2.2841e-05 3.20002e-05 4.17895e-05 5.16383e-05 6.09604e-05 6.92034e-05 7.58944e-05 8.0677e-05 8.33348e-05 8.3802e-05 8.21584e-05 7.86114e-05 7.34689e-05 6.71049e-05 5.99238e-05 5.23262e-05 4.46801e-05 3.72999e-05 3.04338e-05 2.42588e-05 1.88818e-05 1.43442e-05 1.06295e-05 7.6758e-06 5.39171e-06 3.67372e-06 2.41871e-06 1.53098e-06 9.25423e-07 5.29072e-07 2.81855e-07 1.36452e-07 5.72602e-08 1.87267e-08 3.39842e-09 0 
0 2.90623e-07 1.19478e-06 2.72561e-06 4.84618e-06 7.46974e-06 1.04651e-05 1.36665e-05 1.68875e-05 1.99362e-05 2.2632e-05 2.48203e-05 2.63845e-05 2.72538e-05 2.74067e-05 2.68693e-05 2.57095e-05 2.4028e-05 2.19474e-05 1.96e-05 1.71172e-05 1.46196e-05 1.22101e-05 9.96949e-06 7.9547e-06 6.1992e-06 4.71518e-06 3.49703e-06 2.52561e-06 1.77293e-06 1.2066e-06 7.93363e-07 5.01607e-07 3.02955e-07 1.73114e-07 9.21981e-08 4.46287e-08 1.87267e-08 6.12431e-09 1.1114e-09 0 
0 5.27398e-08 2.16818e-07 4.94621e-07 8.79443e-07 1.35555e-06 1.89912e-06 2.48009e-06 3.0646e-06 3.61786e-06 4.10708e-06 4.50421e-06 4.78807e-06 4.94583e-06 4.97358e-06 4.87606e-06 4.6656e-06 4.36048e-06 3.98295e-06 3.55704e-06 3.1066e-06 2.65354e-06 2.21652e-06 1.81018e-06 1.44479e-06 1.12634e-06 8.56996e-07 6.35737e-07 4.59154e-07 3.22263e-07 2.19251e-07 1.44108e-07 9.10825e-08 5.49972e-08 3.14212e-08 1.67329e-08 8.09918e-09 3.39842e-09 1.1114e-09 2.01687e-10 0 
0 0 0 0 0 0 0 0 0 0 0 0 0 0 0 0 0 0 0 0 0 0 0 0 0 0 0 0 0 0 0 0 0 0 0 0 0 0 0 0 0 
