0 0 0 0 0 0 0 0 0 0 0 0 0 0 0 0 0 0 0 0 0 0 0 0 0 0 0 0 0 0 0 0 0 0 0 0 0 0 0 0 0 
0 1.31852e-05 5.13579e-05 0.000106311 0.000162413 0.000203563 0.000221941 0.000219892 0.000205118 0.0001854 0.000166166 0.000150348 0.000139149 0.000132841 0.000131315 0.000134346 0.00014166 0.000152851 0.000167206 0.000183496 0.000199825 0.00021365 0.00022209 0.000222519 0.000213345 0.000194653 0.000168395 0.000137925 0.000107022 7.88438e-05 5.52981e-05 3.69956e-05 2.36079e-05 1.43239e-05 8.20229e-06 4.37244e-06 2.11729e-06 8.88568e-07 2.9061e-07 5.27389e-08 0 
0 5.13579e-05 0.000185342 0.000331681 0.000402561 0.000371465 0.000283684 0.000192924 0.00012412 7.93671e-05 5.25343e-05 3.71982e-05 2.88774e-05 2.49635e-05 2.41779e-05 2.61575e-05 3.12631e-05 4.05646e-05 5.59081e-05 7.99072e-05 0.000115597 0.000165418 0.000229332 0.000302468 0.000373606 0.00042659 0.000445912 0.000424493 0.000368177 0.000292682 0.000215307 0.000148048 9.58496e-05 5.85673e-05 3.36448e-05 1.79596e-05 8.70148e-06 3.65254e-06 1.19468e-06 2.16811e-07 0 
0 0.000106311 0.000331681 0.00045152 0.000365295 0.00020499 9.07549e-05 3.51212e-05 1.29311e-05 4.8872e-06 2.03085e-06 9.83808e-07 5.81017e-07 4.30286e-07 4.0379e-07 4.76881e-07 6.93252e-07 1.19864e-06 2.3623e-06 5.06566e-06 1.1284e-05 2.50192e-05 5.32354e-05 0.000105571 0.000190777 0.000308577 0.000439833 0.000545085 0.000582795 0.000539101 0.000437845 0.000319085 0.00021305 0.000132134 7.64113e-05 4.09011e-05 1.9838e-05 8.3306e-06 2.72517e-06 4.94593e-07 0 
0 0.000162413 0.000402561 0.000365295 0.000170874 5.06295e-05 1.10865e-05 2.03583e-06 3.53758e-07 6.55102e-08 1.44461e-08 4.17256e-09 1.69767e-09 1.01835e-09 9.15468e-10 1.21856e-09 2.3136e-09 5.91629e-09 1.89814e-08 7.0706e-08 2.83007e-07 1.13315e-06 4.26994e-06 1.44406e-05 4.24113e-05 0.000106025 0.000222928 0.000390072 0.000560876 0.000656846 0.000630809 0.000510337 0.000360843 0.000230156 0.000134761 7.25023e-05 3.52341e-05 1.48064e-05 4.84479e-06 8.79358e-07 0 
0 0.000203563 0.000371465 0.00020499 5.06295e-05 7.04207e-06 6.55037e-07 4.8068e-08 3.30837e-09 2.54229e-10 2.56813e-11 3.92337e-12 1.00879e-12 4.66765e-13 3.97993e-13 6.13889e-13 1.6195e-12 6.70621e-12 3.92127e-11 2.88444e-10 2.37811e-09 1.97458e-08 1.50628e-07 9.82166e-07 5.20659e-06 2.18172e-05 7.158e-05 0.000184048 0.000370708 0.000579901 0.000699764 0.000662019 0.000513013 0.000342772 0.000204933 0.000111199 5.42142e-05 2.28087e-05 7.46616e-06 1.35533e-06 0 
0 0.000221941 0.000283684 9.07549e-05 1.10865e-05 6.55037e-07 2.29059e-08 5.89143e-10 1.40871e-11 3.96912e-13 1.64572e-14 1.21525e-15 1.84922e-16 6.35738e-17 5.10223e-17 9.3157e-17 3.58037e-16 2.57151e-15 2.98259e-14 4.76689e-13 8.96044e-12 1.7104e-10 2.92144e-09 4.03945e-08 4.21268e-07 3.1813e-06 1.71726e-05 6.68418e-05 0.000190969 0.000404338 0.000631032 0.000726151 0.000638018 0.000456076 0.000281336 0.000154635 7.57589e-05 3.19277e-05 1.04572e-05 1.89865e-06 0 
0 0.000219892 0.000192924 3.51212e-05 2.03583e-06 4.8068e-08 5.89143e-10 4.93427e-12 3.80883e-14 3.66916e-16 5.87826e-18 2.28497e-19 4.48984e-20 2.83461e-20 2.5951e-20 3.06957e-20 6.62901e-20 5.50942e-19 1.27763e-17 4.68411e-16 2.1257e-14 9.88053e-13 3.99704e-11 1.2363e-09 2.66577e-08 3.79371e-07 3.49523e-06 2.10828e-05 8.59236e-05 0.000244526 0.000492416 0.000699254 0.000712966 0.000555593 0.000357351 0.0001999 9.85901e-05 4.16472e-05 1.36513e-05 2.4792e-06 0 
0 0.000205118 0.00012412 1.29311e-05 3.53758e-07 3.30837e-09 1.40871e-11 3.80883e-14 9.40556e-17 3.15456e-19 5.75933e-21 1.30853e-21 7.5731e-22 7.38877e-22 7.28347e-22 6.73591e-22 7.45772e-22 1.58149e-21 8.75824e-21 4.22488e-19 4.60298e-17 5.24622e-15 5.05839e-13 3.52187e-11 1.58054e-09 4.26976e-08 6.76516e-07 6.35775e-06 3.68841e-05 0.000139182 0.000354936 0.000616663 0.000734389 0.00063105 0.000426691 0.000243912 0.000121299 5.139e-05 1.68611e-05 3.06309e-06 0 
0 0.0001854 7.93671e-05 4.8872e-06 6.55102e-08 2.54229e-10 3.96912e-13 3.66916e-16 3.15456e-19 1.33745e-21 1.23139e-22 7.57601e-23 6.57566e-23 7.18721e-23 7.23323e-23 6.30047e-23 5.67103e-23 6.47079e-23 1.03021e-22 1.10014e-21 1.34939e-19 3.54509e-17 7.7939e-15 1.17156e-12 1.05413e-10 5.23635e-09 1.39072e-07 1.99605e-06 1.61999e-05 7.9425e-05 0.000250035 0.000519629 0.000716083 0.000679439 0.000484767 0.00028386 0.000142496 6.05707e-05 1.98952e-05 3.61552e-06 0 
0 0.000166166 5.25343e-05 2.03085e-06 1.44461e-08 2.56813e-11 1.64572e-14 5.87826e-18 5.75933e-21 1.23139e-22 1.7291e-23 1.09139e-23 1.08837e-23 1.21933e-23 1.23034e-23 1.06094e-23 8.68028e-24 7.3046e-24 7.53113e-24 3.1117e-23 1.19954e-21 4.16076e-19 1.89195e-16 5.62994e-14 9.38917e-12 8.00926e-10 3.36723e-08 7.04935e-07 7.71914e-06 4.76844e-05 0.000179768 0.000433966 0.000678047 0.000704452 0.000529419 0.00031757 0.00016095 6.86486e-05 2.25739e-05 4.10379e-06 0 
0 0.000150348 3.71982e-05 9.83808e-07 4.17256e-09 3.92337e-12 1.21525e-15 2.28497e-19 1.30853e-21 7.57601e-23 1.09139e-23 3.54444e-24 2.59609e-24 2.67194e-24 2.64436e-24 2.27218e-24 1.77782e-24 1.35091e-24 1.44436e-24 5.76619e-24 9.6317e-23 1.24224e-20 9.02869e-18 4.69102e-15 1.29415e-12 1.71601e-10 1.04973e-08 2.99274e-07 4.18894e-06 3.1252e-05 0.000136124 0.000369375 0.000637124 0.000713332 0.000560718 0.000343662 0.000175696 7.51728e-05 2.4745e-05 4.49995e-06 0 
0 0.000139149 2.88774e-05 5.81017e-07 1.69767e-09 1.00879e-12 1.84922e-16 4.48984e-20 7.57311e-22 6.57566e-23 1.08837e-23 2.5961e-24 1.03314e-24 7.41415e-25 6.5856e-25 5.52874e-25 4.27976e-25 3.51917e-25 5.7196e-25 2.70024e-24 3.03955e-23 1.58858e-21 1.00573e-18 7.7885e-16 3.08817e-13 5.62692e-11 4.51072e-09 1.60706e-07 2.6862e-06 2.29673e-05 0.000110911 0.000326646 0.000603808 0.000713546 0.000580104 0.000361498 0.000186081 7.9814e-05 2.62946e-05 4.783e-06 0 
0 0.000132841 2.49635e-05 4.30286e-07 1.01835e-09 4.66765e-13 6.35738e-17 2.83461e-20 7.38877e-22 7.18721e-23 1.21933e-23 2.67194e-24 7.41415e-25 3.08258e-25 1.98184e-25 1.51018e-25 1.22023e-25 1.41354e-25 3.86459e-25 2.01905e-24 1.96975e-23 6.78785e-22 2.91639e-19 2.81001e-16 1.36819e-13 2.98433e-11 2.78806e-09 1.12701e-07 2.08317e-06 1.92417e-05 9.84781e-05 0.000303551 0.000583173 0.000710733 0.000589393 0.000370989 0.00019177 8.23812e-05 2.71545e-05 4.94024e-06 0 
0 0.000131315 2.41779e-05 4.0379e-07 9.15468e-10 3.97993e-13 5.10223e-17 2.5951e-20 7.28347e-22 7.23323e-23 1.23034e-23 2.64436e-24 6.5856e-25 1.98184e-25 8.31633e-26 5.11401e-26 4.77666e-26 9.21902e-26 3.42826e-25 1.87118e-24 1.78829e-23 5.73809e-22 2.25679e-19 2.27096e-16 1.15334e-13 2.61045e-11 2.51674e-09 1.04407e-07 1.97007e-06 1.84851e-05 9.57186e-05 0.000297778 0.000576799 0.000707985 0.000590024 0.000372375 0.000192713 8.28239e-05 2.73047e-05 4.96784e-06 0 
0 0.000134346 2.61575e-05 4.76881e-07 1.21856e-09 6.13889e-13 9.3157e-17 3.06957e-20 6.73591e-22 6.30048e-23 1.06094e-23 2.27218e-24 5.52875e-25 1.51018e-25 5.11401e-26 2.72402e-26 3.18125e-26 8.43542e-26 3.49433e-25 2.0049e-24 2.10127e-23 8.59669e-22 4.49467e-19 4.01046e-16 1.8136e-13 3.70833e-11 3.27922e-09 1.2667e-07 2.25766e-06 2.0271e-05 0.000101535 0.000307867 0.000584118 0.00070587 0.000582693 0.000366073 0.000189108 8.1223e-05 2.67716e-05 4.87055e-06 0 
0 0.00014166 3.12631e-05 6.93252e-07 2.3136e-09 1.6195e-12 3.58037e-16 6.62901e-20 7.45772e-22 5.67104e-23 8.68029e-24 1.77783e-24 4.27976e-25 1.22023e-25 4.77666e-26 3.18125e-26 4.09048e-26 1.02584e-25 4.25362e-25 2.74195e-24 3.77701e-23 2.86521e-21 2.13572e-18 1.43749e-15 5.01393e-13 8.1665e-11 5.95079e-09 1.95933e-07 3.07411e-06 2.50196e-05 0.000116366 0.000333068 0.000602801 0.000702698 0.000567357 0.00035261 0.000181359 7.77739e-05 2.56218e-05 4.66064e-06 0 
0 0.000152851 4.05646e-05 1.19864e-06 5.91629e-09 6.70621e-12 2.57151e-15 5.50942e-19 1.58149e-21 6.47079e-23 7.3046e-24 1.35091e-24 3.51917e-25 1.41354e-25 9.21901e-26 8.43542e-26 1.02584e-25 1.94943e-25 7.18383e-25 5.68599e-24 1.48956e-22 3.18366e-20 2.11555e-17 9.34175e-15 2.22553e-12 2.59505e-10 1.42281e-08 3.70477e-07 4.82086e-06 3.39751e-05 0.000141704 0.00037235 0.000628293 0.000694873 0.000543482 0.000332649 0.000170044 7.27623e-05 2.39537e-05 4.35626e-06 0 
0 0.000167206 5.59081e-05 2.3623e-06 1.89814e-08 3.92127e-11 2.98259e-14 1.27763e-17 8.75824e-21 1.03021e-22 7.53113e-24 1.44436e-24 5.71959e-25 3.86459e-25 3.42826e-25 3.49433e-25 4.25362e-25 7.18382e-25 2.55268e-24 3.02586e-23 2.34274e-21 9.26515e-19 3.67058e-16 9.57171e-14 1.41636e-11 1.08726e-09 4.17555e-08 8.10632e-07 8.35106e-06 4.91845e-05 0.000178978 0.000422207 0.000652704 0.000677353 0.00051046 0.000307043 0.000155875 6.65379e-05 2.18874e-05 3.97951e-06 0 
0 0.000183496 7.99072e-05 5.06566e-06 7.0706e-08 2.88444e-10 4.76689e-13 4.68411e-16 4.22488e-19 1.10014e-21 3.1117e-23 5.76619e-24 2.70024e-24 2.01905e-24 1.87118e-24 2.0049e-24 2.74195e-24 5.68599e-24 3.02586e-23 9.69863e-22 1.75572e-19 4.42669e-17 9.25349e-15 1.32524e-12 1.13857e-10 5.41472e-09 1.3818e-07 1.9154e-06 1.51112e-05 7.25851e-05 0.000226256 0.000472484 0.000663526 0.000644387 0.000468043 0.000276875 0.000139659 5.94835e-05 1.9553e-05 3.55433e-06 0 
0 0.000199825 0.000115597 1.1284e-05 2.83007e-07 2.37811e-09 8.96044e-12 2.1257e-14 4.60298e-17 1.34939e-19 1.19954e-21 9.63169e-23 3.03955e-23 1.96975e-23 1.78829e-23 2.10127e-23 3.77701e-23 1.48956e-22 2.34274e-21 1.75572e-19 2.12103e-17 2.66204e-15 2.80965e-13 2.11566e-11 1.00959e-09 2.84577e-08 4.62951e-07 4.42836e-06 2.61559e-05 0.000101324 0.000269703 0.000499998 0.000643167 0.00059058 0.000416683 0.000243451 0.000122239 5.19855e-05 1.70805e-05 3.10446e-06 0 
0 0.00021365 0.000165418 2.50192e-05 1.13315e-06 1.97458e-08 1.7104e-10 9.88053e-13 5.24622e-15 3.54509e-17 4.16076e-19 1.24224e-20 1.58858e-21 6.78785e-22 5.73809e-22 8.59668e-22 2.86521e-21 3.18366e-20 9.26515e-19 4.42669e-17 2.66204e-15 1.63716e-13 8.59637e-12 3.32563e-10 8.5068e-09 1.35233e-07 1.3246e-06 8.33894e-06 3.61653e-05 0.000114522 0.00026991 0.000464718 0.000571538 0.000512324 0.0003577 0.000208223 0.000104441 4.44064e-05 1.45898e-05 2.65179e-06 0 
0 0.00022209 0.000229332 5.32354e-05 4.26994e-06 1.50628e-07 2.92144e-09 3.99704e-11 5.05839e-13 7.7939e-15 1.89195e-16 9.02869e-18 1.00573e-18 2.91639e-19 2.25679e-19 4.49467e-19 2.13572e-18 2.11555e-17 3.67058e-16 9.25349e-15 2.80965e-13 8.59637e-12 2.25321e-10 4.38746e-09 5.65497e-08 4.51772e-07 2.28788e-06 8.32997e-06 2.56671e-05 7.23683e-05 0.000176364 0.000329771 0.000436191 0.000409811 0.000293339 0.000172702 8.7022e-05 3.70629e-05 1.21843e-05 2.21501e-06 0 
0 0.000222519 0.000302468 0.000105571 1.44406e-05 9.82166e-07 4.03945e-08 1.2363e-09 3.52187e-11 1.17156e-12 5.62994e-14 4.69102e-15 7.7885e-16 2.81001e-16 2.27096e-16 4.01046e-16 1.43749e-15 9.34175e-15 9.57171e-14 1.32524e-12 2.11566e-11 3.32563e-10 4.38746e-09 4.0974e-08 2.26976e-07 6.61288e-07 1.10275e-06 1.5627e-06 3.12949e-06 1.05326e-05 4.31941e-05 0.000135674 0.000255474 0.000290589 0.000226999 0.000138407 7.06324e-05 3.02116e-05 9.94559e-06 1.80879e-06 0 
0 0.000213345 0.000373606 0.000190777 4.24113e-05 5.20659e-06 4.21268e-07 2.66577e-08 1.58054e-09 1.05413e-10 9.38917e-12 1.29415e-12 3.08817e-13 1.36819e-13 1.15334e-13 1.8136e-13 5.01393e-13 2.22553e-12 1.41636e-11 1.13857e-10 1.00959e-09 8.5068e-09 5.65497e-08 2.26976e-07 3.79166e-07 1.89538e-07 3.38544e-08 6.64885e-09 6.74319e-09 5.77363e-08 1.35536e-06 1.99917e-05 9.68475e-05 0.000173796 0.000163718 0.000106878 5.58038e-05 2.40418e-05 7.93184e-06 1.44348e-06 0 
0 0.000194653 0.00042659 0.000308577 0.000106025 2.18172e-05 3.1813e-06 3.79371e-07 4.26976e-08 5.23635e-09 8.00926e-10 1.71601e-10 5.62692e-11 2.98433e-11 2.61045e-11 3.70833e-11 8.1665e-11 2.59505e-10 1.08726e-09 5.41472e-09 2.84577e-08 1.35233e-07 4.51772e-07 6.61288e-07 1.89538e-07 4.49252e-09 1.13501e-11 3.93096e-14 1.07901e-14 1.20743e-12 1.50391e-09 6.26424e-07 2.05061e-05 8.5305e-05 0.00010987 7.96067e-05 4.29307e-05 1.86737e-05 6.17778e-06 1.12514e-06 0 
0 0.000168395 0.000445912 0.000439833 0.000222928 7.158e-05 1.71726e-05 3.49523e-06 6.76516e-07 1.39072e-07 3.36723e-08 1.04973e-08 4.51072e-09 2.78806e-09 2.51674e-09 3.27922e-09 5.95079e-09 1.42281e-08 4.17555e-08 1.3818e-07 4.62951e-07 1.3246e-06 2.28788e-06 1.10275e-06 3.38544e-08 1.13501e-11 3.27161e-16 2.31472e-15 1.43759e-15 9.05737e-15 7.62496e-14 5.18208e-09 2.7868e-06 3.68205e-05 7.04971e-05 5.76998e-05 3.22309e-05 1.41578e-05 4.69639e-06 8.55965e-07 0 
0 0.000137925 0.000424493 0.000545085 0.000390072 0.000184048 6.68418e-05 2.10828e-05 6.35775e-06 1.99605e-06 7.04935e-07 2.99274e-07 1.60706e-07 1.12701e-07 1.04407e-07 1.2667e-07 1.95933e-07 3.70477e-07 8.10632e-07 1.9154e-06 4.42836e-06 8.33894e-06 8.32997e-06 1.5627e-06 6.64885e-09 3.93096e-14 2.31472e-15 6.38441e-16 5.80969e-16 1.88209e-15 2.23027e-14 6.80391e-11 4.76145e-07 1.73308e-05 4.60204e-05 4.13677e-05 2.36988e-05 1.04791e-05 3.48208e-06 6.34927e-07 0 
0 0.000107022 0.000368177 0.000582795 0.000560876 0.000370708 0.000190969 8.59236e-05 3.68841e-05 1.61999e-05 7.71914e-06 4.18894e-06 2.6862e-06 2.08317e-06 1.97007e-06 2.25766e-06 3.07411e-06 4.82086e-06 8.35106e-06 1.51112e-05 2.61559e-05 3.61653e-05 2.56671e-05 3.12949e-06 6.74319e-09 1.07901e-14 1.43759e-15 5.80969e-16 1.55046e-15 7.23989e-15 1.27029e-13 1.84713e-11 2.48649e-07 1.14905e-05 3.26407e-05 2.97876e-05 1.71113e-05 7.56887e-06 2.51504e-06 4.58583e-07 0 
0 7.88438e-05 0.000292682 0.000539101 0.000656846 0.000579901 0.000404338 0.000244526 0.000139182 7.9425e-05 4.76844e-05 3.1252e-05 2.29673e-05 1.92417e-05 1.84851e-05 2.0271e-05 2.50196e-05 3.39751e-05 4.91845e-05 7.25851e-05 0.000101324 0.000114522 7.23683e-05 1.05326e-05 5.77363e-08 1.20743e-12 9.05737e-15 1.88209e-15 7.23989e-15 1.2038e-15 8.04018e-16 2.37392e-10 5.15741e-07 1.15087e-05 2.55332e-05 2.15808e-05 1.21189e-05 5.32564e-06 1.76637e-06 3.21906e-07 0 
0 5.52981e-05 0.000215307 0.000437845 0.000630809 0.000699764 0.000631032 0.000492416 0.000354936 0.000250035 0.000179768 0.000136124 0.000110911 9.84781e-05 9.57186e-05 0.000101535 0.000116366 0.000141704 0.000178978 0.000226256 0.000269703 0.00026991 0.000176364 4.31941e-05 1.35536e-06 1.50391e-09 7.62496e-14 2.23027e-14 1.27029e-13 8.04018e-16 4.812e-12 1.96848e-08 2.18628e-06 1.43507e-05 2.0893e-05 1.54922e-05 8.37123e-06 3.63847e-06 1.20304e-06 2.19055e-07 0 
0 3.69956e-05 0.000148048 0.000319085 0.000510337 0.000662019 0.000726151 0.000699254 0.000616663 0.000519629 0.000433966 0.000369375 0.000326646 0.000303551 0.000297778 0.000307867 0.000333068 0.00037235 0.000422207 0.000472484 0.000499998 0.000464718 0.000329771 0.000135674 1.99917e-05 6.26424e-07 5.18208e-09 6.80391e-11 1.84713e-11 2.37392e-10 1.96848e-08 8.87776e-07 7.74759e-06 1.69317e-05 1.65403e-05 1.07702e-05 5.59282e-06 2.4025e-06 7.91684e-07 1.44013e-07 0 
0 2.36079e-05 9.58496e-05 0.00021305 0.000360843 0.000513013 0.000638018 0.000712966 0.000734389 0.000716083 0.000678047 0.000637124 0.000603808 0.000583173 0.000576799 0.000584118 0.000602801 0.000628293 0.000652704 0.000663526 0.000643167 0.000571538 0.000436191 0.000255474 9.68475e-05 2.05061e-05 2.7868e-06 4.76145e-07 2.48649e-07 5.15741e-07 2.18628e-06 7.74759e-06 1.49056e-05 1.61752e-05 1.20241e-05 7.11763e-06 3.58335e-06 1.52454e-06 5.00917e-07 9.10424e-08 0 
0 1.43239e-05 5.85673e-05 0.000132134 0.000230156 0.000342772 0.000456076 0.000555593 0.00063105 0.000679439 0.000704452 0.000713332 0.000713546 0.000710733 0.000707985 0.00070587 0.000702698 0.000694873 0.000677353 0.000644387 0.00059058 0.000512324 0.000409811 0.000290589 0.000173796 8.5305e-05 3.68205e-05 1.73308e-05 1.14905e-05 1.15087e-05 1.43507e-05 1.69317e-05 1.61752e-05 1.23516e-05 7.90891e-06 4.42477e-06 2.18415e-06 9.23208e-07 3.02708e-07 5.49823e-08 0 
0 8.20229e-06 3.36448e-05 7.64113e-05 0.000134761 0.000204933 0.000281336 0.000357351 0.000426691 0.000484767 0.000529419 0.000560718 0.000580104 0.000589393 0.000590024 0.000582693 0.000567357 0.000543482 0.00051046 0.000468043 0.000416683 0.0003577 0.000293339 0.000226999 0.000163718 0.00010987 7.04971e-05 4.60204e-05 3.26407e-05 2.55332e-05 2.0893e-05 1.65403e-05 1.20241e-05 7.90891e-06 4.72568e-06 2.56967e-06 1.25489e-06 5.28411e-07 1.73037e-07 3.14164e-08 0 
0 4.37244e-06 1.79596e-05 4.09011e-05 7.25023e-05 0.000111199 0.000154635 0.0001999 0.000243912 0.00028386 0.00031757 0.000343662 0.000361498 0.000370989 0.000372375 0.000366073 0.00035261 0.000332649 0.000307043 0.000276875 0.000243451 0.000208223 0.000172702 0.000138407 0.000106878 7.96067e-05 5.76998e-05 4.13677e-05 2.97876e-05 2.15808e-05 1.54922e-05 1.07702e-05 7.11763e-06 4.42477e-06 2.56967e-06 1.37965e-06 6.70268e-07 2.81685e-07 9.21773e-08 1.67315e-08 0 
0 2.11729e-06 8.70148e-06 1.9838e-05 3.52341e-05 5.42142e-05 7.57589e-05 9.85901e-05 0.000121299 0.000142496 0.00016095 0.000175696 0.000186081 0.00019177 0.000192713 0.000189108 0.000181359 0.000170044 0.000155875 0.000139659 0.000122239 0.000104441 8.7022e-05 7.06324e-05 5.58038e-05 4.29307e-05 3.22309e-05 2.36988e-05 1.71113e-05 1.21189e-05 8.37123e-06 5.59282e-06 3.58335e-06 2.18415e-06 1.25489e-06 6.70268e-07 3.24896e-07 1.36414e-07 4.4624e-08 8.09886e-09 0 
0 8.88568e-07 3.65254e-06 8.3306e-06 1.48064e-05 2.28087e-05 3.19277e-05 4.16472e-05 5.139e-05 6.05707e-05 6.86486e-05 7.51728e-05 7.9814e-05 8.23812e-05 8.28239e-05 8.1223e-05 7.77739e-05 7.27623e-05 6.65379e-05 5.94835e-05 5.19855e-05 4.44064e-05 3.70629e-05 3.02116e-05 2.40418e-05 1.86737e-05 1.41578e-05 1.04791e-05 7.56887e-06 5.32564e-06 3.63847e-06 2.4025e-06 1.52454e-06 9.23208e-07 5.28411e-07 2.81685e-07 1.36414e-07 5.72535e-08 1.87258e-08 3.39836e-09 0 
0 2.9061e-07 1.19468e-06 2.72517e-06 4.84479e-06 7.46616e-06 1.04572e-05 1.36513e-05 1.68611e-05 1.98952e-05 2.25739e-05 2.4745e-05 2.62946e-05 2.71545e-05 2.73047e-05 2.67716e-05 2.56218e-05 2.39537e-05 2.18874e-05 1.9553e-05 1.70805e-05 1.45898e-05 1.21843e-05 9.94559e-06 7.93184e-06 6.17778e-06 4.69639e-06 3.48208e-06 2.51504e-06 1.76637e-06 1.20304e-06 7.91684e-07 5.00917e-07 3.02708e-07 1.73037e-07 9.21773e-08 4.4624e-08 1.87258e-08 6.12419e-09 1.11139e-09 0 
0 5.27389e-08 2.16811e-07 4.94593e-07 8.79358e-07 1.35533e-06 1.89865e-06 2.4792e-06 3.06309e-06 3.61552e-06 4.10379e-06 4.49995e-06 4.783e-06 4.94024e-06 4.96784e-06 4.87055e-06 4.66064e-06 4.35626e-06 3.97951e-06 3.55433e-06 3.10446e-06 2.65179e-06 2.21501e-06 1.80879e-06 1.44348e-06 1.12514e-06 8.55965e-07 6.34927e-07 4.58583e-07 3.21906e-07 2.19055e-07 1.44013e-07 9.10424e-08 5.49823e-08 3.14164e-08 1.67315e-08 8.09886e-09 3.39836e-09 1.11139e-09 2.01686e-10 0 
0 0 0 0 0 0 0 0 0 0 0 0 0 0 0 0 0 0 0 0 0 0 0 0 0 0 0 0 0 0 0 0 0 0 0 0 0 0 0 0 0 
