0 0 0 0 0 0 0 0 0 0 0 0 0 0 0 0 0 0 0 0 0 0 0 0 0 0 0 0 0 0 0 0 0 0 0 0 0 0 0 0 0 
0 1.33516e-05 5.2772e-05 0.00011197 0.000177124 0.000231395 0.000263342 0.00027163 0.00026255 0.000244577 0.000224656 0.000207137 0.000194213 0.000186721 0.000184798 0.000188239 0.000196617 0.000209212 0.000224838 0.000241653 0.00025708 0.000267971 0.000271113 0.000264039 0.000245894 0.000217959 0.000183455 0.000146627 0.000111492 8.08805e-05 5.6122e-05 3.72922e-05 2.37033e-05 1.43513e-05 8.20931e-06 4.37403e-06 2.1176e-06 8.8862e-07 2.90617e-07 5.27394e-08 0 
0 5.2772e-05 0.000197215 0.000374898 0.000494498 0.000500725 0.000417912 0.000307334 0.000211478 0.000143214 9.94446e-05 7.31206e-05 5.82914e-05 5.11315e-05 4.96431e-05 5.32142e-05 6.23578e-05 7.8628e-05 0.000104576 0.000143486 0.000198515 0.000270864 0.00035702 0.000446197 0.000520389 0.000559439 0.000550307 0.000494673 0.000408262 0.000312167 0.000223433 0.000150988 9.67831e-05 5.88294e-05 3.371e-05 1.7974e-05 8.70422e-06 3.65298e-06 1.19473e-06 2.16815e-07 0 
0 0.00011197 0.000374898 0.000574382 0.000538291 0.000349123 0.00017597 7.66117e-05 3.14795e-05 1.31623e-05 5.97641e-06 3.1108e-06 1.93397e-06 1.47368e-06 1.38979e-06 1.61248e-06 2.25639e-06 3.6923e-06 6.79978e-06 1.35137e-05 2.77895e-05 5.68599e-05 0.000111833 0.000205309 0.000343084 0.000510527 0.000664324 0.000747674 0.000728202 0.000621909 0.00047583 0.000333479 0.000217676 0.000133421 7.67253e-05 4.09683e-05 1.98505e-05 8.33253e-06 2.7254e-06 4.94607e-07 0 
0 0.000177124 0.000494498 0.000538291 0.000307164 0.000109757 2.88061e-05 6.34318e-06 1.31881e-06 2.89201e-07 7.40466e-08 2.41443e-08 1.07133e-08 6.744e-09 6.11481e-09 7.90135e-09 1.40706e-08 3.27925e-08 9.38195e-08 3.07244e-07 1.074e-06 3.75719e-06 1.24487e-05 3.73972e-05 9.86066e-05 0.000222713 0.000421977 0.000657753 0.000832668 0.00085972 0.0007427 0.000557525 0.000376782 0.000234651 0.000135849 7.27308e-05 3.52755e-05 1.48127e-05 4.8455e-06 8.79402e-07 0 
0 0.000231395 0.000500725 0.000349123 0.000109757 1.94933e-05 2.34816e-06 2.2573e-07 2.03425e-08 2.01549e-09 2.54774e-10 4.66879e-11 1.36735e-11 6.80279e-12 5.87646e-12 8.67049e-12 2.07784e-11 7.48615e-11 3.6854e-10 2.23306e-09 1.50014e-08 1.01441e-07 6.35714e-07 3.46086e-06 1.56435e-05 5.71112e-05 0.000165742 0.000377295 0.000662867 0.000889204 0.000923089 0.000774384 0.000554813 0.000355056 0.000207932 0.000111823 5.43255e-05 2.28251e-05 7.468e-06 1.35544e-06 0 
0 0.000263342 0.000417912 0.00017597 2.88061e-05 2.34816e-06 1.16946e-07 4.36513e-09 1.5136e-10 6.05229e-12 3.4181e-13 3.24519e-14 5.91575e-15 2.25002e-15 1.83895e-15 3.15643e-15 1.06136e-14 6.28531e-14 5.74753e-13 7.02906e-12 9.9568e-11 1.42982e-09 1.85651e-08 1.99202e-07 1.65866e-06 1.03365e-05 4.75445e-05 0.000161164 0.000401284 0.000725524 0.000949415 0.000928561 0.000724906 0.000483506 0.000288212 0.000156071 7.6012e-05 3.19645e-05 1.04612e-05 1.89889e-06 0 
0 0.00027163 0.000307334 7.66117e-05 6.34318e-06 2.2573e-07 4.36513e-09 5.91238e-11 7.3723e-13 1.11631e-14 2.66228e-16 1.25099e-17 1.38287e-18 4.03528e-19 3.13335e-19 6.19124e-19 2.94665e-18 2.96219e-17 5.25327e-16 1.36179e-14 4.28553e-13 1.37832e-11 3.90669e-10 8.68007e-09 1.392e-07 1.53593e-06 1.14698e-05 5.83547e-05 0.000205186 0.000500513 0.000840974 0.00098706 0.000860557 0.000607012 0.000370817 0.000202747 9.90904e-05 4.17192e-05 1.36591e-05 2.47966e-06 0 
0 0.00026255 0.000211478 3.14795e-05 1.31881e-06 2.03425e-08 1.5136e-10 7.3723e-13 3.27772e-15 1.86471e-17 1.89745e-19 6.17462e-21 1.14001e-21 5.59475e-22 4.79457e-22 6.7854e-22 1.7595e-21 1.4458e-20 4.34204e-19 2.38656e-17 1.6792e-15 1.21759e-13 7.58529e-12 3.51478e-10 1.09352e-08 2.15079e-07 2.61783e-06 1.99259e-05 9.7596e-05 0.000315243 0.000674171 0.00095726 0.000946069 0.000713893 0.000449656 0.00024887 0.000122173 5.15151e-05 1.68745e-05 3.06386e-06 0 
0 0.000244577 0.000143214 1.31623e-05 2.89201e-07 2.01549e-09 6.05229e-12 1.11631e-14 1.86471e-17 4.32212e-20 3.7499e-22 3.05178e-23 1.06236e-23 7.54788e-24 6.93442e-24 7.77028e-24 1.24525e-23 4.79525e-23 7.04462e-22 5.67303e-20 8.45672e-18 1.32651e-15 1.7454e-13 1.62578e-11 9.49939e-10 3.2399e-08 6.28083e-07 7.00379e-06 4.66785e-05 0.00019414 0.0005152 0.000874915 0.000981882 0.000796887 0.000519472 0.000291556 0.000143862 6.07658e-05 1.99159e-05 3.61671e-06 0 
0 0.000224656 9.94446e-05 5.97641e-06 7.40466e-08 2.54774e-10 3.4181e-13 2.66228e-16 1.89745e-19 3.7499e-22 5.92566e-24 7.63963e-25 3.93341e-25 3.41776e-25 3.26331e-25 3.21822e-25 3.81839e-25 8.31929e-25 6.55932e-24 3.34425e-22 7.6266e-20 2.3563e-17 6.02152e-15 1.04271e-12 1.06664e-10 5.93654e-09 1.74215e-07 2.72922e-06 2.38687e-05 0.000123408 0.000392846 0.000778316 0.000981051 0.000854455 0.000576647 0.000328347 0.000162881 6.89245e-05 2.26032e-05 4.10546e-06 0 
0 0.000207137 7.31206e-05 3.1108e-06 2.41443e-08 4.66879e-11 3.24519e-14 1.25099e-17 6.17462e-21 3.05179e-23 7.63965e-25 7.22846e-26 3.12671e-26 2.84068e-26 2.75237e-26 2.53621e-26 2.55419e-26 4.47409e-26 3.19439e-25 1.12365e-23 1.799e-21 8.68398e-19 3.81228e-16 1.09527e-13 1.77029e-11 1.47034e-09 6.05811e-08 1.25372e-06 1.36865e-05 8.42952e-05 0.000309631 0.000692869 0.00096098 0.000889722 0.000619451 0.000357426 0.000178187 7.55294e-05 2.47827e-05 4.5021e-06 0 
0 0.000194213 5.82914e-05 1.93397e-06 1.07133e-08 1.36735e-11 5.91575e-15 1.38287e-18 1.14001e-21 1.06236e-23 3.93343e-25 3.12672e-26 5.6858e-27 3.38329e-27 3.07782e-27 2.7367e-27 2.77944e-27 6.9981e-27 6.83984e-26 1.82819e-24 1.70839e-22 8.03822e-20 5.16821e-17 2.13967e-14 4.81132e-12 5.33573e-10 2.80949e-08 7.1114e-07 9.11251e-06 6.3622e-05 0.000258518 0.000630214 0.000936663 0.000908032 0.0006477 0.000377679 0.000189035 8.02378e-05 2.63394e-05 4.78555e-06 0 
0 0.000186721 5.11315e-05 1.47368e-06 6.744e-09 6.80279e-12 2.25002e-15 4.03528e-19 5.59475e-22 7.5479e-24 3.41778e-25 2.84069e-26 3.3833e-27 7.50159e-28 4.30179e-28 3.73742e-28 5.97541e-28 3.22575e-27 3.65039e-26 8.20404e-25 5.71249e-23 2.1061e-20 1.65219e-17 8.41646e-15 2.28289e-12 2.98377e-10 1.80623e-08 5.1271e-07 7.19676e-06 5.39457e-05 0.000231994 0.000593464 0.000917876 0.000914534 0.000662101 0.00038863 0.00019501 8.2847e-05 2.72037e-05 4.94303e-06 0 
0 0.000184798 4.96431e-05 1.38979e-06 6.11481e-09 5.87646e-12 1.83895e-15 3.13335e-19 4.79457e-22 6.93444e-24 3.26332e-25 2.75239e-26 3.07784e-27 4.30181e-28 1.07716e-28 9.38521e-29 3.48582e-28 2.71561e-27 3.16575e-26 6.90824e-25 4.55748e-23 1.58091e-20 1.28869e-17 6.85614e-15 1.93449e-12 2.61766e-10 1.63208e-08 4.74658e-07 6.79227e-06 5.16843e-05 0.000225003 0.000581976 0.000909146 0.000912637 0.000663607 0.000390311 0.000196015 8.32992e-05 2.73551e-05 4.9707e-06 0 
0 0.000188239 5.32142e-05 1.61248e-06 7.90135e-09 8.67049e-12 3.15643e-15 6.19124e-19 6.78541e-22 7.7703e-24 3.21823e-25 2.53622e-26 2.73672e-27 3.73744e-28 9.3852e-29 9.85114e-29 4.04405e-28 3.21172e-27 3.99415e-26 9.8595e-25 7.79744e-23 3.25131e-20 2.3875e-17 1.13143e-14 2.87617e-12 3.55277e-10 2.05035e-08 5.59612e-07 7.61315e-06 5.57012e-05 0.000235204 0.000593765 0.000910591 0.000903408 0.000653011 0.00038314 0.000192247 8.16752e-05 2.68195e-05 4.87328e-06 0 
0 0.000196617 6.23578e-05 2.25639e-06 1.40706e-08 2.07784e-11 1.06136e-14 2.94665e-18 1.7595e-21 1.24525e-23 3.81841e-25 2.5542e-26 2.77945e-27 5.97541e-28 3.4858e-28 4.04402e-28 9.78377e-28 6.10699e-27 8.38969e-26 2.79909e-24 3.34305e-22 1.71479e-19 9.68853e-17 3.53839e-14 7.10987e-12 7.14899e-10 3.46493e-08 8.19334e-07 9.94455e-06 6.65852e-05 0.000262276 0.000625783 0.000918519 0.000885686 0.00063086 0.000367844 0.00018415 7.81759e-05 2.56645e-05 4.66307e-06 0 
0 0.000209212 7.8628e-05 3.6923e-06 3.27925e-08 7.48615e-11 6.28531e-14 2.96219e-17 1.4458e-20 4.79525e-23 8.31932e-25 4.4741e-26 6.99808e-27 3.22573e-27 2.7156e-27 3.2117e-27 6.10697e-27 2.82013e-26 4.20267e-25 2.17624e-23 4.58735e-21 2.02119e-18 7.60506e-16 1.89287e-13 2.68968e-11 1.99674e-09 7.48095e-08 1.43175e-06 1.46874e-05 8.62737e-05 0.000306502 0.000672488 0.000925577 0.000856663 0.000597612 0.000345419 0.000172371 7.30976e-05 2.39894e-05 4.3583e-06 0 
0 0.000224838 0.000104576 6.79978e-06 9.38195e-08 3.6854e-10 5.74753e-13 5.25327e-16 4.34204e-19 7.04462e-22 6.55932e-24 3.19438e-25 6.83981e-26 3.65037e-26 3.16574e-26 3.99414e-26 8.38967e-26 4.20267e-25 8.09424e-24 6.90726e-22 1.61371e-19 4.39368e-17 9.89931e-15 1.52498e-12 1.40379e-10 7.12195e-09 1.93112e-07 2.83368e-06 2.35344e-05 0.000117256 0.000365772 0.000722953 0.000920833 0.000812788 0.000553921 0.000317111 0.000157701 6.68012e-05 2.19155e-05 3.98113e-06 0 
0 0.000241653 0.000143486 1.35137e-05 3.07244e-07 2.23306e-09 7.02906e-12 1.36179e-14 2.38656e-17 5.67303e-20 3.34425e-22 1.12365e-23 1.82819e-24 8.20402e-25 6.90822e-25 9.85948e-25 2.79908e-24 2.17623e-23 6.90726e-22 6.70492e-20 9.60635e-18 1.4364e-15 1.80408e-13 1.60693e-11 8.99586e-10 2.94614e-08 5.5017e-07 5.94069e-06 3.86789e-05 0.00015952 0.000429367 0.000757071 0.000890417 0.000750806 0.000500897 0.000284372 0.000141014 5.96796e-05 1.95741e-05 3.55555e-06 0 
0 0.00025708 0.000198515 2.77895e-05 1.074e-06 1.50014e-08 9.9568e-11 4.28553e-13 1.6792e-15 8.45672e-18 7.6266e-20 1.799e-21 1.70838e-22 5.71249e-23 4.55748e-23 7.79743e-23 3.34305e-22 4.58735e-21 1.61371e-19 9.60635e-18 7.33715e-16 5.77317e-14 3.87852e-12 1.91525e-10 6.24729e-09 1.2652e-07 1.56227e-06 1.19946e-05 5.97621e-05 0.000201494 0.000467623 0.000742915 0.000819266 0.000668677 0.000440192 0.000248778 0.000123204 5.2126e-05 1.70957e-05 3.10535e-06 0 
0 0.000267971 0.000270864 5.68599e-05 3.75719e-06 1.01441e-07 1.42982e-09 1.37832e-11 1.21759e-13 1.32651e-15 2.3563e-17 8.68398e-19 8.03822e-20 2.1061e-20 1.58091e-20 3.25131e-20 1.71479e-19 2.02119e-18 4.39368e-17 1.4364e-15 5.77317e-14 2.36329e-12 8.35833e-11 2.23462e-09 4.09887e-08 4.88813e-07 3.77285e-06 1.96343e-05 7.32486e-05 0.000204315 0.000425271 0.000641099 0.00069456 0.000566179 0.000373921 0.000211922 0.000105117 4.45055e-05 1.46007e-05 2.65243e-06 0 
0 0.000271113 0.00035702 0.000111833 1.24487e-05 6.35714e-07 1.85651e-08 3.90669e-10 7.58529e-12 1.7454e-13 6.02152e-15 3.81228e-16 5.16821e-17 1.65219e-17 1.28869e-17 2.3875e-17 9.68853e-17 7.60506e-16 9.89931e-15 1.80408e-13 3.87852e-12 8.35833e-11 1.5576e-09 2.20653e-08 2.14363e-07 1.3497e-06 5.64413e-06 1.76355e-05 4.77478e-05 0.000119497 0.000259073 0.000431218 0.000513152 0.000445691 0.000304567 0.000175316 8.7505e-05 3.71343e-05 1.21921e-05 2.21547e-06 0 
0 0.000264039 0.000446197 0.000205309 3.73972e-05 3.46086e-06 1.99202e-07 8.68007e-09 3.51478e-10 1.62578e-11 1.04271e-12 1.09527e-13 2.13967e-14 8.41646e-15 6.85614e-15 1.13143e-14 3.53839e-14 1.89287e-13 1.52498e-12 1.60693e-11 1.91525e-10 2.23462e-09 2.20653e-08 1.58075e-07 7.01394e-07 1.73579e-06 2.60383e-06 3.41165e-06 6.20931e-06 1.82982e-05 6.46226e-05 0.000177035 0.000298727 0.000314751 0.000235216 0.00014038 7.09999e-05 3.02659e-05 9.95152e-06 1.80914e-06 0 
0 0.000245894 0.000520389 0.000343084 9.86066e-05 1.56435e-05 1.65866e-06 1.392e-07 1.09352e-08 9.49939e-10 1.06664e-10 1.77029e-11 4.81132e-12 2.28289e-12 1.93449e-12 2.87617e-12 7.10987e-12 2.68968e-11 1.40379e-10 8.99586e-10 6.24729e-09 4.09887e-08 2.14363e-07 7.01394e-07 1.02738e-06 5.02194e-07 9.71182e-08 2.08947e-08 2.04924e-08 1.41985e-07 2.49603e-06 2.86502e-05 0.000117226 0.000190406 0.000170222 0.000108498 5.61053e-05 2.40858e-05 7.93658e-06 1.44376e-06 0 
0 0.000217959 0.000559439 0.000510527 0.000222713 5.71112e-05 1.03365e-05 1.53593e-06 2.15079e-07 3.2399e-08 5.93654e-09 1.47034e-09 5.33573e-10 2.98377e-10 2.61766e-10 3.55277e-10 7.14899e-10 1.99674e-09 7.12195e-09 2.94614e-08 1.2652e-07 4.88813e-07 1.3497e-06 1.73579e-06 5.02194e-07 1.49677e-08 5.81762e-11 3.43169e-13 1.10474e-13 6.80343e-12 4.56593e-09 1.13448e-06 2.70872e-05 9.61489e-05 0.000115203 8.10014e-05 4.31882e-05 1.87105e-05 6.18166e-06 1.12536e-06 0 
0 0.000183455 0.000550307 0.000664324 0.000421977 0.000165742 4.75445e-05 1.14698e-05 2.61783e-06 6.28083e-07 1.74215e-07 6.05811e-08 2.80949e-08 1.80623e-08 1.63208e-08 2.05035e-08 3.46493e-08 7.48095e-08 1.93112e-07 5.5017e-07 1.56227e-06 3.77285e-06 5.64413e-06 2.60383e-06 9.71182e-08 5.81762e-11 7.13402e-16 2.04102e-15 2.67978e-15 2.6182e-16 4.98543e-13 1.3405e-08 4.19113e-06 4.3179e-05 7.47338e-05 5.8877e-05 3.24465e-05 1.41879e-05 4.6995e-06 8.56139e-07 0 
0 0.000146627 0.000494673 0.000747674 0.000657753 0.000377295 0.000161164 5.83547e-05 1.99259e-05 7.00379e-06 2.72922e-06 1.25372e-06 7.1114e-07 5.1271e-07 4.74658e-07 5.59612e-07 8.19334e-07 1.43175e-06 2.83368e-06 5.94069e-06 1.19946e-05 1.96343e-05 1.76355e-05 3.41165e-06 2.08947e-08 3.43169e-13 2.04102e-15 2.08606e-16 1.98226e-16 3.05973e-17 1.22723e-16 2.45774e-10 8.04116e-07 2.10084e-05 4.9191e-05 4.22905e-05 2.38665e-05 1.05021e-05 3.48442e-06 6.35056e-07 0 
0 0.000111492 0.000408262 0.000728202 0.000832668 0.000662867 0.000401284 0.000205186 9.7596e-05 4.66785e-05 2.38687e-05 1.36865e-05 9.11251e-06 7.19676e-06 6.79227e-06 7.61315e-06 9.94455e-06 1.46874e-05 2.35344e-05 3.86789e-05 5.97621e-05 7.32486e-05 4.77478e-05 6.20931e-06 2.04924e-08 1.10474e-13 2.67978e-15 1.98226e-16 4.49754e-17 5.75701e-17 2.17444e-15 7.30564e-11 4.30445e-07 1.39955e-05 3.48887e-05 3.04376e-05 1.72279e-05 7.58471e-06 2.51663e-06 4.58671e-07 0 
0 8.08805e-05 0.000312167 0.000621909 0.00085972 0.000889204 0.000725524 0.000500513 0.000315243 0.00019414 0.000123408 8.42952e-05 6.3622e-05 5.39457e-05 5.16843e-05 5.57012e-05 6.65852e-05 8.62737e-05 0.000117256 0.00015952 0.000201494 0.000204315 0.000119497 1.82982e-05 1.41985e-07 6.80343e-12 2.6182e-16 3.05973e-17 5.757e-17 7.47889e-17 2.31625e-15 7.25924e-10 8.15492e-07 1.35995e-05 2.70242e-05 2.19828e-05 1.21897e-05 5.33524e-06 1.76734e-06 3.21959e-07 0 
0 5.6122e-05 0.000223433 0.00047583 0.0007427 0.000923089 0.000949415 0.000840974 0.000674171 0.0005152 0.000392846 0.000309631 0.000258518 0.000231994 0.000225003 0.000235204 0.000262276 0.000306502 0.000365772 0.000429367 0.000467623 0.000425271 0.000259073 6.46226e-05 2.49603e-06 4.56593e-09 4.98543e-13 1.22723e-16 2.17445e-15 2.31625e-15 1.99273e-11 4.05632e-08 2.97662e-06 1.61315e-05 2.17686e-05 1.57059e-05 8.40828e-06 3.64353e-06 1.20356e-06 2.19084e-07 0 
0 3.72922e-05 0.000150988 0.000333479 0.000557525 0.000774384 0.000928561 0.00098706 0.00095726 0.000874915 0.000778316 0.000692869 0.000630214 0.000593464 0.000581976 0.000593765 0.000625783 0.000672488 0.000722953 0.000757071 0.000742915 0.000641099 0.000431218 0.000177035 2.86502e-05 1.13448e-06 1.3405e-08 2.45774e-10 7.30564e-11 7.25924e-10 4.05632e-08 1.30162e-06 9.20681e-06 1.81441e-05 1.69676e-05 1.08662e-05 5.60943e-06 2.40481e-06 7.91926e-07 1.44027e-07 0 
0 2.37033e-05 9.67831e-05 0.000217676 0.000376782 0.000554813 0.000724906 0.000860557 0.000946069 0.000981882 0.000981051 0.00096098 0.000936663 0.000917876 0.000909146 0.000910591 0.000918519 0.000925577 0.000920833 0.000890417 0.000819266 0.00069456 0.000513152 0.000298727 0.000117226 2.70872e-05 4.19113e-06 8.04116e-07 4.30445e-07 8.15492e-07 2.97662e-06 9.20681e-06 1.61944e-05 1.67585e-05 1.21919e-05 7.1539e-06 3.58972e-06 1.52546e-06 5.01016e-07 9.10482e-08 0 
0 1.43513e-05 5.88294e-05 0.000133421 0.000234651 0.000355056 0.000483506 0.000607012 0.000713893 0.000796887 0.000854455 0.000889722 0.000908032 0.000914534 0.000912637 0.000903408 0.000885686 0.000856663 0.000812788 0.000750806 0.000668677 0.000566179 0.000445691 0.000314751 0.000190406 9.61489e-05 4.3179e-05 2.10084e-05 1.39955e-05 1.35995e-05 1.61315e-05 1.81441e-05 1.67585e-05 1.25528e-05 7.96234e-06 4.43636e-06 2.18625e-06 9.23522e-07 3.02744e-07 5.49845e-08 0 
0 8.20931e-06 3.371e-05 7.67253e-05 0.000135849 0.000207932 0.000288212 0.000370817 0.000449656 0.000519472 0.000576647 0.000619451 0.0006477 0.000662101 0.000663607 0.000653011 0.00063086 0.000597612 0.000553921 0.000500897 0.000440192 0.000373921 0.000304567 0.000235216 0.000170222 0.000115203 7.47338e-05 4.9191e-05 3.48887e-05 2.70242e-05 2.17686e-05 1.69676e-05 1.21919e-05 7.96234e-06 4.73981e-06 2.57283e-06 1.25549e-06 5.28505e-07 1.73048e-07 3.14171e-08 0 
0 4.37403e-06 1.7974e-05 4.09683e-05 7.27308e-05 0.000111823 0.000156071 0.000202747 0.00024887 0.000291556 0.000328347 0.000357426 0.000377679 0.00038863 0.000390311 0.00038314 0.000367844 0.000345419 0.000317111 0.000284372 0.000248778 0.000211922 0.000175316 0.00014038 0.000108498 8.10014e-05 5.8877e-05 4.22905e-05 3.04376e-05 2.19828e-05 1.57059e-05 1.08662e-05 7.1539e-06 4.43636e-06 2.57283e-06 1.38039e-06 6.70415e-07 2.81709e-07 9.21803e-08 1.67317e-08 0 
0 2.1176e-06 8.70422e-06 1.98505e-05 3.52755e-05 5.43255e-05 7.6012e-05 9.90904e-05 0.000122173 0.000143862 0.000162881 0.000178187 0.000189035 0.00019501 0.000196015 0.000192247 0.00018415 0.000172371 0.000157701 0.000141014 0.000123204 0.000105117 8.7505e-05 7.09999e-05 5.61053e-05 4.31882e-05 3.24465e-05 2.38665e-05 1.72279e-05 1.21897e-05 8.40828e-06 5.60943e-06 3.58972e-06 2.18625e-06 1.25549e-06 6.70415e-07 3.24927e-07 1.3642e-07 4.46246e-08 8.09891e-09 0 
0 8.8862e-07 3.65298e-06 8.33253e-06 1.48127e-05 2.28251e-05 3.19645e-05 4.17192e-05 5.15151e-05 6.07658e-05 6.89245e-05 7.55294e-05 8.02378e-05 8.2847e-05 8.32992e-05 8.16752e-05 7.81759e-05 7.30976e-05 6.68012e-05 5.96796e-05 5.2126e-05 4.45055e-05 3.71343e-05 3.02659e-05 2.40858e-05 1.87105e-05 1.41879e-05 1.05021e-05 7.58471e-06 5.33524e-06 3.64353e-06 2.40481e-06 1.52546e-06 9.23522e-07 5.28505e-07 2.81709e-07 1.3642e-07 5.72544e-08 1.87259e-08 3.39837e-09 0 
0 2.90617e-07 1.19473e-06 2.7254e-06 4.8455e-06 7.468e-06 1.04612e-05 1.36591e-05 1.68745e-05 1.99159e-05 2.26032e-05 2.47827e-05 2.63394e-05 2.72037e-05 2.73551e-05 2.68195e-05 2.56645e-05 2.39894e-05 2.19155e-05 1.95741e-05 1.70957e-05 1.46007e-05 1.21921e-05 9.95152e-06 7.93658e-06 6.18166e-06 4.6995e-06 3.48442e-06 2.51663e-06 1.76734e-06 1.20356e-06 7.91926e-07 5.01016e-07 3.02744e-07 1.73048e-07 9.21803e-08 4.46246e-08 1.87259e-08 6.1242e-09 1.11139e-09 0 
0 5.27394e-08 2.16815e-07 4.94607e-07 8.79402e-07 1.35544e-06 1.89889e-06 2.47966e-06 3.06386e-06 3.61671e-06 4.10546e-06 4.5021e-06 4.78555e-06 4.94303e-06 4.9707e-06 4.87328e-06 4.66307e-06 4.3583e-06 3.98113e-06 3.55555e-06 3.10535e-06 2.65243e-06 2.21547e-06 1.80914e-06 1.44376e-06 1.12536e-06 8.56139e-07 6.35056e-07 4.58671e-07 3.21959e-07 2.19084e-07 1.44027e-07 9.10482e-08 5.49845e-08 3.14171e-08 1.67317e-08 8.09891e-09 3.39837e-09 1.11139e-09 2.01686e-10 0 
0 0 0 0 0 0 0 0 0 0 0 0 0 0 0 0 0 0 0 0 0 0 0 0 0 0 0 0 0 0 0 0 0 0 0 0 0 0 0 0 0 
