0 0 0 0 0 0 0 0 0 0 0 0 0 0 0 0 0 0 0 0 0 0 0 0 0 0 0 0 0 0 0 0 0 0 0 0 0 0 0 0 0 
0 1.34783e-05 5.38738e-05 0.000116586 0.000189963 0.000257763 0.000306077 0.000329484 0.000331364 0.000319592 0.000302127 0.000284829 0.000271195 0.000262934 0.000260626 0.000264154 0.000272891 0.000285673 0.000300678 0.000315329 0.000326376 0.000330289 0.000323999 0.000305834 0.000276262 0.000238013 0.000195383 0.000152978 0.000114512 8.21632e-05 5.66098e-05 3.74589e-05 2.37545e-05 1.43655e-05 8.21284e-06 4.37481e-06 2.11775e-06 8.88645e-07 2.9062e-07 5.27396e-08 0 
0 5.38738e-05 0.000206843 0.000412939 0.000586034 0.000649646 0.000596712 0.000480635 0.000358703 0.000260448 0.000191558 0.000147286 0.000121125 0.000108071 0.000105236 0.00011163 0.000127873 0.00015595 0.000198855 0.000259739 0.00034018 0.00043741 0.000541325 0.00063352 0.000691176 0.00069625 0.000645119 0.000551051 0.000437023 0.000324835 0.000228301 0.000152637 9.72803e-05 5.89635e-05 3.37424e-05 1.79809e-05 8.70552e-06 3.65319e-06 1.19475e-06 2.16816e-07 0 
0 0.000116586 0.000412939 0.00070009 0.000756322 0.000575226 0.000338389 0.00016982 7.94078e-05 3.72755e-05 1.8695e-05 1.0537e-05 6.93127e-06 5.44923e-06 5.16724e-06 5.88071e-06 7.89357e-06 1.21592e-05 2.07731e-05 3.7907e-05 7.11257e-05 0.00013234 0.000236237 0.00039275 0.000592353 0.000792864 0.000928014 0.0009463 0.000848172 0.000680664 0.000499691 0.000341721 0.000220151 0.000134077 7.68798e-05 4.10005e-05 1.98564e-05 8.33343e-06 2.7255e-06 4.94614e-07 0 
0 0.000189963 0.000586034 0.000756322 0.000534874 0.000238267 7.74019e-05 2.09662e-05 5.31999e-06 1.40338e-06 4.22418e-07 1.56958e-07 7.64411e-08 5.06726e-08 4.6369e-08 5.80459e-08 9.65137e-08 2.0361e-07 5.1491e-07 1.46681e-06 4.4229e-06 1.33254e-05 3.81553e-05 9.96308e-05 0.00022938 0.000452398 0.00074521 0.00100694 0.00111389 0.00102837 0.000820171 0.000585995 0.000385516 0.000236959 0.000136384 7.28401e-05 3.52949e-05 1.48155e-05 4.84583e-06 8.79422e-07 0 
0 0.000257763 0.000649646 0.000575226 0.000238267 5.61606e-05 9.04444e-06 1.16904e-06 1.4104e-07 1.83633e-08 2.95078e-09 6.56477e-10 2.20779e-10 1.18615e-10 1.03881e-10 1.46235e-10 3.16518e-10 9.83557e-10 4.03049e-09 1.98468e-08 1.07012e-07 5.79791e-07 2.93267e-06 1.30665e-05 4.91466e-05 0.000151404 0.00037286 0.00071729 0.0010599 0.00120889 0.00110264 0.000848478 0.00057881 0.000361503 0.00020942 0.000112123 5.43776e-05 2.28327e-05 7.46884e-06 1.35549e-06 0 
0 0.000306077 0.000596712 0.000338389 7.74019e-05 9.04444e-06 6.62864e-07 3.69779e-08 1.90987e-09 1.10968e-10 8.70259e-12 1.07736e-12 2.37319e-13 1.00277e-13 8.35142e-14 1.34409e-13 3.9313e-13 1.90119e-12 1.35225e-11 1.24446e-10 1.30354e-09 1.38028e-08 1.33466e-07 1.08811e-06 7.0706e-06 3.53778e-05 0.000133679 0.000375781 0.000772022 0.00114688 0.00125766 0.00107934 0.000778367 0.000498422 0.000291683 0.000156764 7.6131e-05 3.19816e-05 1.04631e-05 1.899e-06 0 
0 0.000329484 0.000480635 0.00016982 2.09662e-05 1.16904e-06 3.69779e-08 8.38354e-10 1.7436e-11 4.26608e-13 1.5511e-14 1.02467e-15 1.4343e-16 4.68478e-17 3.69608e-17 6.86359e-17 2.7707e-16 2.15139e-15 2.7618e-14 4.96656e-13 1.05996e-11 2.30232e-10 4.4606e-09 6.94812e-08 8.08949e-07 6.74523e-06 3.95702e-05 0.000162654 0.000465894 0.000918615 0.00125078 0.0012342 0.000959655 0.000636337 0.000377782 0.000204139 9.93274e-05 4.17527e-05 1.36627e-05 2.47987e-06 0 
0 0.000331364 0.000358703 7.94078e-05 5.31999e-06 1.4104e-07 1.90987e-09 1.7436e-11 1.44714e-13 1.47873e-15 2.47469e-17 8.69415e-19 7.88995e-20 2.10372e-20 1.60094e-20 3.26933e-20 1.74927e-19 2.16656e-18 5.04212e-17 1.78256e-15 7.80324e-14 3.50165e-12 1.36933e-10 4.10483e-09 8.61739e-08 1.20177e-06 1.09183e-05 6.48678e-05 0.000254557 0.000659311 0.00112226 0.00129532 0.00110262 0.000763841 0.000461894 0.000251334 0.000122591 5.15736e-05 1.68807e-05 3.06422e-06 0 
0 0.000319592 0.000260448 3.72755e-05 1.40338e-06 1.83633e-08 1.10968e-10 4.26608e-13 1.47873e-15 6.59073e-18 5.33935e-20 1.21636e-21 1.24883e-22 4.42535e-23 3.57919e-23 5.98117e-23 2.40529e-22 3.21409e-21 1.22279e-19 8.18142e-18 7.0877e-16 6.33935e-14 4.83462e-12 2.70235e-10 9.94642e-09 2.2636e-07 3.11322e-06 2.60913e-05 0.000136361 0.000451353 0.000945929 0.0012773 0.0011982 0.000871935 0.000538573 0.000295451 0.000144522 6.08578e-05 1.99256e-05 3.61726e-06 0 
0 0.000302127 0.000191558 1.8695e-05 4.22418e-07 2.95078e-09 8.70259e-12 1.5511e-14 2.47469e-17 5.33935e-20 2.72335e-22 6.85539e-24 9.60485e-25 4.28028e-25 3.62465e-25 5.17973e-25 1.54713e-24 1.50545e-23 6.13261e-22 6.71617e-20 1.06324e-17 1.75553e-15 2.42469e-13 2.35926e-11 1.43156e-09 5.04002e-08 1.00261e-06 1.13898e-05 7.63362e-05 0.00031125 0.000779801 0.00121337 0.0012497 0.000955714 0.000603475 0.000333902 0.000163826 6.90557e-05 2.26169e-05 4.10623e-06 0 
0 0.000284829 0.000147286 1.0537e-05 1.56958e-07 6.56477e-10 1.07736e-12 1.02467e-15 8.69415e-19 1.21636e-21 6.85541e-24 1.67076e-25 2.19375e-26 1.06959e-26 9.28547e-27 1.19883e-26 3.05974e-26 2.76902e-25 1.0667e-23 1.36491e-21 3.39061e-19 9.2303e-17 2.07186e-14 3.17255e-12 2.89839e-10 1.45883e-08 3.92684e-07 5.71986e-06 4.68758e-05 0.000225529 0.000650696 0.00113677 0.00126871 0.00101449 0.000653756 0.000364638 0.000179419 7.57002e-05 2.48005e-05 4.5031e-06 0 
0 0.000271195 0.000121125 6.93127e-06 7.64411e-08 2.20779e-10 2.37319e-13 1.4343e-16 7.88995e-20 1.24883e-22 9.60492e-25 2.19377e-26 1.45786e-27 4.81424e-28 4.01682e-28 5.10441e-28 1.60491e-27 2.12828e-26 8.49174e-25 9.40444e-23 2.80459e-20 1.08736e-17 3.46688e-15 7.36893e-13 9.05231e-11 5.90235e-09 1.97807e-07 3.44952e-06 3.26758e-05 0.000176848 0.000563743 0.00107056 0.00126896 0.00105049 0.000688047 0.000386272 0.000190509 8.04423e-05 2.63606e-05 4.78674e-06 0 
0 0.000262934 0.000108071 5.44923e-06 5.06726e-08 1.18615e-10 1.00277e-13 4.68478e-17 2.10372e-20 4.42537e-23 4.28033e-25 1.06961e-26 4.81432e-28 4.8363e-29 2.45395e-29 4.22947e-29 3.2439e-28 6.43523e-27 2.49448e-25 2.35167e-23 6.8115e-21 3.18493e-18 1.23992e-15 3.17712e-13 4.62142e-11 3.4935e-09 1.32709e-07 2.56527e-06 2.63943e-05 0.000152727 0.000515197 0.00102672 0.00126159 0.00106703 0.000706114 0.000398086 0.000196637 8.3073e-05 2.72272e-05 4.94435e-06 0 
0 0.000260626 0.000105236 5.16724e-06 4.6369e-08 1.03881e-10 8.35142e-14 3.69608e-17 1.60094e-20 3.5792e-23 3.62469e-25 9.28562e-27 4.0169e-28 2.454e-29 4.6502e-30 1.70498e-29 2.31412e-28 4.99642e-27 1.91692e-25 1.74716e-23 4.9633e-21 2.40822e-18 9.78319e-16 2.60976e-13 3.93801e-11 3.07473e-09 1.20066e-07 2.37432e-06 2.48838e-05 0.000146198 0.000499965 0.00100914 0.00125296 0.00106685 0.000708416 0.000399974 0.000197682 8.35309e-05 2.73791e-05 4.97205e-06 0 
0 0.000264154 0.00011163 5.88071e-06 5.80459e-08 1.46235e-10 1.34409e-13 6.86359e-17 3.26933e-20 5.98119e-23 5.17977e-25 1.19885e-26 5.10449e-28 4.22949e-29 1.70495e-29 4.14445e-29 3.98572e-28 8.30118e-27 3.41894e-25 3.48422e-23 1.04062e-20 4.57348e-18 1.66421e-15 4.00724e-13 5.51506e-11 3.97452e-09 1.45057e-07 2.71424e-06 2.72232e-05 0.000154522 0.00051424 0.00101639 0.00124422 0.00105131 0.000695766 0.000392348 0.000193836 8.18964e-05 2.68425e-05 4.87457e-06 0 
0 0.000272891 0.000127873 7.89357e-06 9.65137e-08 3.16518e-10 3.9313e-13 2.7707e-16 1.74927e-19 2.4053e-22 1.54714e-24 3.05976e-26 1.60491e-27 3.24385e-28 2.31408e-28 3.98567e-28 2.09341e-27 3.56537e-26 1.61641e-24 2.00983e-22 5.81626e-20 2.00355e-17 5.68075e-15 1.08401e-12 1.20983e-10 7.26194e-09 2.27089e-07 3.7441e-06 3.39485e-05 0.000177909 0.000555152 0.00104258 0.00123176 0.0010203 0.000669189 0.000376055 0.000185567 7.83735e-05 2.56851e-05 4.66423e-06 0 
0 0.000285673 0.00015595 1.21592e-05 2.0361e-07 9.83557e-10 1.90119e-12 2.15139e-15 2.16656e-18 3.21409e-21 1.50545e-23 2.76902e-25 2.12827e-26 6.43515e-27 4.99635e-27 8.30109e-27 3.56536e-26 5.18165e-25 2.53539e-23 3.39157e-21 7.50624e-19 1.77511e-16 3.48298e-14 4.71374e-12 3.85861e-10 1.76672e-08 4.39393e-07 6.00501e-06 4.68747e-05 0.000218104 0.000618243 0.00107657 0.00120806 0.000972744 0.000629957 0.000352297 0.000173557 7.32635e-05 2.40068e-05 4.35929e-06 0 
0 0.000300678 0.000198855 2.07731e-05 5.1491e-07 4.03049e-09 1.35225e-11 2.7618e-14 5.04212e-17 1.22279e-19 6.13261e-22 1.0667e-23 8.4917e-25 2.49446e-25 1.9169e-25 3.41892e-25 1.6164e-24 2.53539e-23 1.26527e-21 1.30235e-19 1.83726e-17 2.70136e-15 3.34207e-13 2.93888e-11 1.62926e-09 5.30409e-08 9.88145e-07 1.06553e-05 6.88253e-05 0.000275527 0.000692526 0.00110029 0.00116301 0.00090742 0.000579694 0.000322554 0.00015864 6.69331e-05 2.19294e-05 3.98193e-06 0 
0 0.000315329 0.000259739 3.7907e-05 1.46681e-06 1.98468e-08 1.24446e-10 4.96656e-13 1.78256e-15 8.18142e-18 6.71617e-20 1.36491e-21 9.40443e-23 2.35167e-23 1.74715e-23 3.48422e-23 2.00983e-22 3.39157e-21 1.30235e-19 8.3425e-18 6.90112e-16 5.90185e-14 4.312e-12 2.31391e-10 8.19399e-09 1.7988e-07 2.39658e-06 1.96162e-05 0.000101681 0.000342437 0.000753119 0.00108776 0.00108568 0.000823779 0.000520428 0.000288486 0.000141727 5.97804e-05 1.95848e-05 3.55617e-06 0 
0 0.000326376 0.00034018 7.11257e-05 4.4229e-06 1.07012e-07 1.30354e-09 1.05996e-11 7.80324e-14 7.0877e-16 1.06324e-17 3.39061e-19 2.80459e-20 6.8115e-21 4.9633e-21 1.04062e-20 5.81626e-20 7.50624e-19 1.83726e-17 6.90112e-16 3.22639e-14 1.54565e-12 6.4146e-11 2.01829e-09 4.38177e-08 6.22258e-07 5.69795e-06 3.42181e-05 0.00013899 0.000389862 0.00075426 0.00100682 0.00096628 0.000722351 0.000454509 0.000251811 0.000123734 5.22017e-05 1.71038e-05 3.10582e-06 0 
0 0.000330289 0.00043741 0.00013234 1.33254e-05 5.79791e-07 1.38028e-08 2.30232e-10 3.50165e-12 6.33935e-14 1.75553e-15 9.2303e-17 1.08736e-17 3.18493e-18 2.40822e-18 4.57348e-18 2.00355e-17 1.77511e-16 2.70136e-15 5.90185e-14 1.54565e-12 4.09965e-11 9.50761e-10 1.71233e-08 2.19988e-07 1.92617e-06 1.14747e-05 4.82455e-05 0.000150412 0.000356679 0.000634582 0.000826751 0.000798249 0.000604738 0.000384413 0.000214181 0.000105517 4.45633e-05 1.46069e-05 2.65279e-06 0 
0 0.000323999 0.000541325 0.000236237 3.81553e-05 2.93267e-06 1.33466e-07 4.4606e-09 1.36933e-10 4.83462e-12 2.42469e-13 2.07186e-14 3.46688e-15 1.23992e-15 9.78319e-16 1.66421e-15 5.68075e-15 3.48298e-14 3.34207e-13 4.312e-12 6.4146e-11 9.50761e-10 1.23041e-08 1.24023e-07 8.89941e-07 4.33638e-06 1.47211e-05 3.87818e-05 9.03961e-05 0.000196131 0.00036996 0.000541964 0.000582789 0.00047389 0.000312634 0.000177099 8.7825e-05 3.71808e-05 1.21972e-05 2.21576e-06 0 
0 0.000305834 0.00063352 0.00039275 9.96308e-05 1.30665e-05 1.08811e-06 6.94812e-08 4.10483e-09 2.70235e-10 2.35926e-11 3.17255e-12 7.36893e-13 3.17712e-13 2.60976e-13 4.00724e-13 1.08401e-12 4.71374e-12 2.93888e-11 2.31391e-10 2.01829e-09 1.71233e-08 1.24023e-07 6.68899e-07 2.33871e-06 4.8509e-06 6.47359e-06 7.7568e-06 1.26716e-05 3.22333e-05 9.65168e-05 0.00022777 0.000343218 0.000336452 0.000241968 0.000141918 7.12774e-05 3.0306e-05 9.95585e-06 1.80939e-06 0 
0 0.000276262 0.000691176 0.000592353 0.00022938 4.91466e-05 7.0706e-06 8.08949e-07 8.61739e-08 9.94642e-09 1.43156e-09 2.89839e-10 9.05231e-11 4.62142e-11 3.93801e-11 5.51506e-11 1.20983e-10 3.85861e-10 1.62926e-09 8.19399e-09 4.38177e-08 2.19988e-07 8.89941e-07 2.33871e-06 2.97173e-06 1.41341e-06 2.95579e-07 6.93664e-08 6.52107e-08 3.62572e-07 4.70285e-06 4.1348e-05 0.000141422 0.000207394 0.000176267 0.000109921 5.63611e-05 2.41223e-05 7.94045e-06 1.44398e-06 0 
0 0.000238013 0.00069625 0.000792864 0.000452398 0.000151404 3.53778e-05 6.74523e-06 1.20177e-06 2.2636e-07 5.04002e-08 1.45883e-08 5.90235e-09 3.4935e-09 3.07473e-09 3.97452e-09 7.26194e-09 1.76672e-08 5.30409e-08 1.7988e-07 6.22258e-07 1.92617e-06 4.33638e-06 4.8509e-06 1.41341e-06 5.3464e-08 3.25794e-10 2.98631e-12 1.06639e-12 4.12234e-11 1.46228e-08 2.10878e-06 3.60756e-05 0.000108374 0.000120603 8.2332e-05 4.34256e-05 1.87436e-05 6.18511e-06 1.12556e-06 0 
0 0.000195383 0.000645119 0.000928014 0.00074521 0.00037286 0.000133679 3.95702e-05 1.09183e-05 3.11322e-06 1.00261e-06 3.92684e-07 1.97807e-07 1.32709e-07 1.20066e-07 1.45057e-07 2.27089e-07 4.39393e-07 9.88145e-07 2.39658e-06 5.69795e-06 1.14747e-05 1.47211e-05 6.47359e-06 2.95579e-07 3.25794e-10 1.05833e-14 4.2286e-16 2.05581e-15 5.97186e-17 3.55031e-12 3.62058e-08 6.41139e-06 5.08615e-05 7.92481e-05 6.00566e-05 3.26557e-05 1.42166e-05 4.70242e-06 8.563e-07 0 
0 0.000152978 0.000551051 0.0009463 0.00100694 0.00071729 0.000375781 0.000162654 6.48678e-05 2.60913e-05 1.13898e-05 5.71986e-06 3.44952e-06 2.56527e-06 2.37432e-06 2.71424e-06 3.7441e-06 6.00501e-06 1.06553e-05 1.96162e-05 3.42181e-05 4.82455e-05 3.87818e-05 7.7568e-06 6.93664e-08 2.98631e-12 4.2286e-16 2.29471e-17 6.47522e-17 3.00485e-17 1.63916e-15 9.34476e-10 1.38856e-06 2.56503e-05 5.26607e-05 4.32398e-05 2.4034e-05 1.05247e-05 3.48669e-06 6.35179e-07 0 
0 0.000114512 0.000437023 0.000848172 0.00111389 0.0010599 0.000772022 0.000465894 0.000254557 0.000136361 7.63362e-05 4.68758e-05 3.26758e-05 2.63943e-05 2.48838e-05 2.72232e-05 3.39485e-05 4.68747e-05 6.88253e-05 0.000101681 0.00013899 0.000150412 9.03961e-05 1.26716e-05 6.52107e-08 1.06639e-12 2.05581e-15 6.47523e-17 8.65102e-18 8.8949e-18 1.80969e-16 3.02027e-10 7.62857e-07 1.71838e-05 3.73689e-05 3.11144e-05 1.73462e-05 7.60055e-06 2.51821e-06 4.58757e-07 0 
0 8.21632e-05 0.000324835 0.000680664 0.00102837 0.00120889 0.00114688 0.000918615 0.000659311 0.000451353 0.00031125 0.000225529 0.000176848 0.000152727 0.000146198 0.000154522 0.000177909 0.000218104 0.000275527 0.000342437 0.000389862 0.000356679 0.000196131 3.22333e-05 3.62572e-07 4.12234e-11 5.97186e-17 3.00485e-17 8.89489e-18 3.79879e-17 2.51064e-14 2.33127e-09 1.3163e-06 1.61845e-05 2.8659e-05 2.24029e-05 1.22621e-05 5.34494e-06 1.76831e-06 3.22012e-07 0 
0 5.66098e-05 0.000228301 0.000499691 0.000820171 0.00110264 0.00125766 0.00125078 0.00112226 0.000945929 0.000779801 0.000650696 0.000563743 0.000515197 0.000499965 0.00051424 0.000555152 0.000618243 0.000692526 0.000753119 0.00075426 0.000634582 0.00036996 9.65168e-05 4.70285e-06 1.46228e-08 3.55031e-12 1.63916e-15 1.80969e-16 2.51064e-14 8.86826e-11 8.6556e-08 4.1122e-06 1.82254e-05 2.27152e-05 1.59289e-05 8.44633e-06 3.64868e-06 1.20409e-06 2.19113e-07 0 
0 3.74589e-05 0.000152637 0.000341721 0.000585995 0.000848478 0.00107934 0.0012342 0.00129532 0.0012773 0.00121337 0.00113677 0.00107056 0.00102672 0.00100914 0.00101639 0.00104258 0.00107657 0.00110029 0.00108776 0.00100682 0.000826751 0.000541964 0.00022777 4.1348e-05 2.10878e-06 3.62058e-08 9.34476e-10 3.02027e-10 2.33127e-09 8.6556e-08 1.94488e-06 1.10309e-05 1.95011e-05 1.74223e-05 1.0966e-05 5.62651e-06 2.40717e-06 7.92172e-07 1.44041e-07 0 
0 2.37545e-05 9.72803e-05 0.000220151 0.000385516 0.00057881 0.000778367 0.000959655 0.00110262 0.0011982 0.0012497 0.00126871 0.00126896 0.00126159 0.00125296 0.00124422 0.00123176 0.00120806 0.00116301 0.00108568 0.00096628 0.000798249 0.000582789 0.000343218 0.000141422 3.60756e-05 6.41139e-06 1.38856e-06 7.62857e-07 1.3163e-06 4.1122e-06 1.10309e-05 1.76603e-05 1.7388e-05 1.23683e-05 7.19151e-06 3.59629e-06 1.52639e-06 5.01117e-07 9.10541e-08 0 
0 1.43655e-05 5.89635e-05 0.000134077 0.000236959 0.000361503 0.000498422 0.000636337 0.000763841 0.000871935 0.000955714 0.00101449 0.00105049 0.00106703 0.00106685 0.00105131 0.0010203 0.000972744 0.00090742 0.000823779 0.000722351 0.000604738 0.00047389 0.000336452 0.000207394 0.000108374 5.08615e-05 2.56503e-05 1.71838e-05 1.61845e-05 1.82254e-05 1.95011e-05 1.7388e-05 1.27652e-05 8.018e-06 4.44834e-06 2.18842e-06 9.23844e-07 3.0278e-07 5.49866e-08 0 
0 8.21284e-06 3.37424e-05 7.68798e-05 0.000136384 0.00020942 0.000291683 0.000377782 0.000461894 0.000538573 0.000603475 0.000653756 0.000688047 0.000706114 0.000708416 0.000695766 0.000669189 0.000629957 0.000579694 0.000520428 0.000454509 0.000384413 0.000312634 0.000241968 0.000176267 0.000120603 7.92481e-05 5.26607e-05 3.73689e-05 2.8659e-05 2.27152e-05 1.74223e-05 1.23683e-05 8.018e-06 4.75444e-06 2.57609e-06 1.2561e-06 5.28601e-07 1.73059e-07 3.14178e-08 0 
0 4.37481e-06 1.79809e-05 4.10005e-05 7.28401e-05 0.000112123 0.000156764 0.000204139 0.000251334 0.000295451 0.000333902 0.000364638 0.000386272 0.000398086 0.000399974 0.000392348 0.000376055 0.000352297 0.000322554 0.000288486 0.000251811 0.000214181 0.000177099 0.000141918 0.000109921 8.2332e-05 6.00566e-05 4.32398e-05 3.11144e-05 2.24029e-05 1.59289e-05 1.0966e-05 7.19151e-06 4.44834e-06 2.57609e-06 1.38115e-06 6.70567e-07 2.81733e-07 9.21833e-08 1.67319e-08 0 
0 2.11775e-06 8.70552e-06 1.98564e-05 3.52949e-05 5.43776e-05 7.6131e-05 9.93274e-05 0.000122591 0.000144522 0.000163826 0.000179419 0.000190509 0.000196637 0.000197682 0.000193836 0.000185567 0.000173557 0.00015864 0.000141727 0.000123734 0.000105517 8.7825e-05 7.12774e-05 5.63611e-05 4.34256e-05 3.26557e-05 2.4034e-05 1.73462e-05 1.22621e-05 8.44633e-06 5.62651e-06 3.59629e-06 2.18842e-06 1.2561e-06 6.70567e-07 3.24959e-07 1.36425e-07 4.46253e-08 8.09895e-09 0 
0 8.88645e-07 3.65319e-06 8.33343e-06 1.48155e-05 2.28327e-05 3.19816e-05 4.17527e-05 5.15736e-05 6.08578e-05 6.90557e-05 7.57002e-05 8.04423e-05 8.3073e-05 8.35309e-05 8.18964e-05 7.83735e-05 7.32635e-05 6.69331e-05 5.97804e-05 5.22017e-05 4.45633e-05 3.71808e-05 3.0306e-05 2.41223e-05 1.87436e-05 1.42166e-05 1.05247e-05 7.60055e-06 5.34494e-06 3.64868e-06 2.40717e-06 1.52639e-06 9.23844e-07 5.28601e-07 2.81733e-07 1.36425e-07 5.72554e-08 1.8726e-08 3.39837e-09 0 
0 2.9062e-07 1.19475e-06 2.7255e-06 4.84583e-06 7.46884e-06 1.04631e-05 1.36627e-05 1.68807e-05 1.99256e-05 2.26169e-05 2.48005e-05 2.63606e-05 2.72272e-05 2.73791e-05 2.68425e-05 2.56851e-05 2.40068e-05 2.19294e-05 1.95848e-05 1.71038e-05 1.46069e-05 1.21972e-05 9.95585e-06 7.94045e-06 6.18511e-06 4.70242e-06 3.48669e-06 2.51821e-06 1.76831e-06 1.20409e-06 7.92172e-07 5.01117e-07 3.0278e-07 1.73059e-07 9.21833e-08 4.46253e-08 1.8726e-08 6.12422e-09 1.11139e-09 0 
0 5.27396e-08 2.16816e-07 4.94614e-07 8.79422e-07 1.35549e-06 1.899e-06 2.47987e-06 3.06422e-06 3.61726e-06 4.10623e-06 4.5031e-06 4.78674e-06 4.94435e-06 4.97205e-06 4.87457e-06 4.66423e-06 4.35929e-06 3.98193e-06 3.55617e-06 3.10582e-06 2.65279e-06 2.21576e-06 1.80939e-06 1.44398e-06 1.12556e-06 8.563e-07 6.35179e-07 4.58757e-07 3.22012e-07 2.19113e-07 1.44041e-07 9.10541e-08 5.49866e-08 3.14178e-08 1.67319e-08 8.09895e-09 3.39837e-09 1.11139e-09 2.01686e-10 0 
0 0 0 0 0 0 0 0 0 0 0 0 0 0 0 0 0 0 0 0 0 0 0 0 0 0 0 0 0 0 0 0 0 0 0 0 0 0 0 0 0 
