0 0 0 0 0 0 0 0 0 0 0 0 0 0 0 0 0 0 0 0 0 0 0 0 0 0 0 0 0 0 0 0 0 0 0 0 0 0 0 0 0 
0 1.35021e-05 5.40833e-05 0.000117484 0.000192546 0.0002633 0.000315475 0.000342785 0.000347818 0.000338125 0.000321768 0.000304907 0.000291348 0.000283027 0.000280645 0.000284119 0.000292774 0.000305336 0.000319832 0.000333524 0.000343038 0.000344815 0.000335902 0.000314884 0.000282569 0.000242002 0.000197656 0.00015414 0.000115043 8.23813e-05 5.66903e-05 3.74857e-05 2.37626e-05 1.43677e-05 8.21338e-06 4.37493e-06 2.11778e-06 8.88648e-07 2.9062e-07 5.27396e-08 0 
0 5.40833e-05 0.00020871 0.000420629 0.000605761 0.00068437 0.000641945 0.000527878 0.000401463 0.000296296 0.000220881 0.000171614 0.000142156 0.00012734 0.000124086 0.00013131 0.000149629 0.000181077 0.000228633 0.000295204 0.000381661 0.00048392 0.000590097 0.000680201 0.000731049 0.000726089 0.000664442 0.000561832 0.000442219 0.000327017 0.000229107 0.000152902 9.73582e-05 5.89841e-05 3.37473e-05 1.7982e-05 8.70571e-06 3.65322e-06 1.19476e-06 2.16817e-07 0 
0 0.000117484 0.000420629 0.000727555 0.000809624 0.000637827 0.000388833 0.000201738 9.7219e-05 4.68709e-05 2.40478e-05 1.38011e-05 9.1951e-06 7.2802e-06 6.91206e-06 7.83243e-06 1.04152e-05 1.58259e-05 2.65804e-05 4.75671e-05 8.7382e-05 0.000159011 0.000277382 0.000450306 0.00066272 0.000865428 0.000989348 0.000988159 0.000871292 0.000691174 0.000503719 0.000343053 0.000220539 0.000134178 7.69031e-05 4.10053e-05 1.98572e-05 8.33356e-06 2.72552e-06 4.94615e-07 0 
0 0.000192546 0.000605761 0.000809624 0.00060018 0.000281282 9.60243e-05 2.72802e-05 7.24269e-06 1.99183e-06 6.21695e-07 2.37854e-07 1.18273e-07 7.93126e-08 7.2726e-08 9.03989e-08 1.48025e-07 3.05413e-07 7.51337e-07 2.07443e-06 6.05027e-06 1.76205e-05 4.87879e-05 0.000123273 0.000274723 0.000524266 0.00083516 0.0010924 0.00117445 0.00106082 0.000833808 0.000590697 0.000386897 0.000237314 0.000136465 7.28563e-05 3.52978e-05 1.4816e-05 4.84588e-06 8.79425e-07 0 
0 0.0002633 0.00068437 0.000637827 0.000281282 7.07776e-05 1.21802e-05 1.68317e-06 2.16789e-07 3.00011e-08 5.08571e-09 1.18138e-09 4.09721e-10 2.2392e-10 1.96705e-10 2.74028e-10 5.79841e-10 1.74349e-09 6.85871e-09 3.22479e-08 1.6555e-07 8.53542e-07 4.11405e-06 1.7513e-05 6.31209e-05 0.000186726 0.000441752 0.00081587 0.00115872 0.00127732 0.00113646 0.000861186 0.000582676 0.000362501 0.000209645 0.000112167 5.43852e-05 2.28338e-05 7.46896e-06 1.3555e-06 0 
0 0.000315475 0.000641945 0.000388833 9.60243e-05 1.21802e-05 9.73845e-07 5.94356e-08 3.35501e-09 2.11844e-10 1.78721e-11 2.3469e-12 5.39156e-13 2.33194e-13 1.95023e-13 3.09425e-13 8.77466e-13 4.05686e-12 2.72882e-11 2.35742e-10 2.30892e-09 2.2844e-08 2.06821e-07 1.5854e-06 9.73926e-06 4.6319e-05 0.00016699 0.000448315 0.000879095 0.0012492 0.00132119 0.00110664 0.000787234 0.000500765 0.000292211 0.000156867 7.61485e-05 3.1984e-05 1.04634e-05 1.89902e-06 0 
0 0.000342785 0.000527878 0.000201738 2.72802e-05 1.68317e-06 5.94356e-08 1.51147e-09 3.52259e-11 9.58897e-13 3.82865e-14 2.72791e-15 4.02978e-16 1.35615e-16 1.07563e-16 1.96118e-16 7.60868e-16 5.57654e-15 6.66364e-14 1.10487e-12 2.16301e-11 4.30541e-10 7.66393e-09 1.10285e-07 1.1951e-06 9.35236e-06 5.18777e-05 0.000202566 0.000551566 0.00103359 0.00134419 0.00128205 0.00097673 0.000641035 0.000378852 0.000204347 9.93624e-05 4.17576e-05 1.36632e-05 2.4799e-06 0 
0 0.000347818 0.000401463 9.7219e-05 7.24269e-06 2.16789e-07 3.35501e-09 3.52259e-11 3.35885e-13 3.90877e-15 7.33215e-17 2.81926e-18 2.68613e-19 7.15191e-20 5.41143e-20 1.1155e-19 5.85322e-19 6.80705e-18 1.45232e-16 4.65008e-15 1.83203e-13 7.38949e-12 2.60537e-10 7.08838e-09 1.36304e-07 1.75975e-06 1.49583e-05 8.38503e-05 0.000311694 0.000764614 0.00123486 0.00136567 0.00113081 0.000772036 0.000463797 0.000251706 0.000122653 5.15822e-05 1.68816e-05 3.06427e-06 0 
0 0.000338125 0.000296296 4.68709e-05 1.99183e-06 3.00011e-08 2.11844e-10 9.58897e-13 3.90877e-15 2.02782e-17 1.86187e-19 4.2565e-21 3.56258e-22 1.08141e-22 8.50911e-23 1.54828e-22 7.58164e-22 1.15081e-20 4.14427e-19 2.47672e-17 1.89695e-15 1.49768e-13 1.01178e-11 5.04813e-10 1.67631e-08 3.48529e-07 4.43674e-06 3.48175e-05 0.000171664 0.000537 0.00106372 0.00136702 0.00123896 0.000884569 0.000541585 0.000296044 0.000144621 6.08714e-05 1.9927e-05 3.61734e-06 0 
0 0.000321768 0.000220881 2.40478e-05 6.21695e-07 5.08571e-09 1.78721e-11 3.82865e-14 7.33215e-17 1.86187e-19 9.81365e-22 1.98331e-23 2.08436e-24 7.68248e-25 6.278e-25 1.00025e-24 3.80602e-24 4.91718e-23 2.28823e-21 2.30998e-19 3.19085e-17 4.57739e-15 5.51451e-13 4.72027e-11 2.54992e-09 8.10602e-08 1.47795e-06 1.56058e-05 9.82386e-05 0.000377843 0.000892939 0.00131634 0.00130249 0.000973191 0.000607764 0.000334753 0.000163967 6.90751e-05 2.26189e-05 4.10635e-06 0 
0 0.000304907 0.000171614 1.38011e-05 2.37854e-07 1.18138e-09 2.3469e-12 2.72791e-15 2.81926e-18 4.2565e-21 1.98331e-23 3.84739e-25 3.77236e-26 1.48625e-26 1.23865e-26 1.80936e-26 6.15253e-26 7.76775e-25 3.75142e-23 5.06573e-21 1.1146e-18 2.60473e-16 5.03672e-14 6.7059e-12 5.39625e-10 2.42936e-08 5.94568e-07 7.99954e-06 6.13285e-05 0.000277853 0.000755396 0.00124686 0.00133135 0.0010365 0.000659309 0.000365752 0.000179604 7.57256e-05 2.48031e-05 4.50325e-06 0 
0 0.000291348 0.000142156 9.1951e-06 1.18273e-07 4.09721e-10 5.39156e-13 4.02978e-16 2.68613e-19 3.56258e-22 2.08437e-24 3.7724e-26 2.05582e-27 5.51498e-28 4.3876e-28 6.5446e-28 2.90444e-27 5.08302e-26 2.53e-24 3.39477e-22 9.78002e-20 3.2437e-17 8.83141e-15 1.6187e-12 1.73834e-10 1.00705e-08 3.05113e-07 4.89248e-06 4.32226e-05 0.000219987 0.000660469 0.00118336 0.00133836 0.00107605 0.000694644 0.000387607 0.000190732 8.04728e-05 2.63637e-05 4.78691e-06 0 
0 0.000283027 0.00012734 7.2802e-06 7.93126e-08 2.2392e-10 2.33194e-13 1.35615e-16 7.15191e-20 1.08141e-22 7.68255e-25 1.48628e-26 5.51509e-28 4.80553e-29 2.3902e-29 5.42774e-29 5.52706e-28 1.33731e-26 6.52251e-25 7.82957e-23 2.43022e-20 9.78695e-18 3.2382e-15 7.12284e-13 9.02037e-11 6.03651e-09 2.0667e-07 3.66427e-06 3.5104e-05 0.000190887 0.000606439 0.00113971 0.00133448 0.00109468 0.00071336 0.000399563 0.000196884 8.31067e-05 2.72307e-05 4.94455e-06 0 
0 0.000280645 0.000124086 6.91206e-06 7.2726e-08 1.96705e-10 1.95023e-13 1.07563e-16 5.41143e-20 8.50914e-23 6.27807e-25 1.23867e-26 4.3877e-28 2.39026e-29 5.35077e-30 2.5012e-29 3.88288e-28 1.00534e-26 4.86423e-25 5.67747e-23 1.7711e-20 7.42467e-18 2.56152e-15 5.86169e-13 7.69602e-11 5.31679e-09 1.87039e-07 3.39158e-06 3.30924e-05 0.000182742 0.000588781 0.00112102 0.00132622 0.00109492 0.000715818 0.000401487 0.000197935 8.35656e-05 2.73827e-05 4.97225e-06 0 
0 0.000284119 0.00013131 7.83243e-06 9.03989e-08 2.74028e-10 3.09425e-13 1.96118e-16 1.1155e-19 1.54829e-22 1.00026e-24 1.80938e-26 6.54471e-28 5.42774e-29 2.50116e-29 6.88675e-29 7.47763e-28 1.83631e-26 9.37912e-25 1.19406e-22 3.65689e-20 1.37942e-17 4.27555e-15 8.85752e-13 1.06357e-10 6.79855e-09 2.24013e-07 3.85054e-06 3.60067e-05 0.0001923 0.000603442 0.00112613 0.00131493 0.00107818 0.000702831 0.000393793 0.000194078 8.19297e-05 2.6846e-05 4.87477e-06 0 
0 0.000292774 0.000149629 1.04152e-05 1.48025e-07 5.79841e-10 8.77466e-13 7.60868e-16 5.85322e-19 7.58164e-22 3.80604e-24 6.15258e-26 2.90445e-27 5.52698e-28 3.88281e-28 7.47754e-28 4.70787e-27 9.54013e-26 5.18424e-24 7.34565e-22 1.95964e-19 5.77787e-17 1.40447e-14 2.32007e-12 2.27198e-10 1.21579e-08 3.44767e-07 5.24101e-06 4.44303e-05 0.000219489 0.000646687 0.00114866 0.00129723 0.00104459 0.000675511 0.000377345 0.000185783 7.84033e-05 2.56881e-05 4.66441e-06 0 
0 0.000305336 0.000181077 1.58259e-05 3.05413e-07 1.74349e-09 4.05686e-12 5.57654e-15 6.80705e-18 1.15081e-20 4.91718e-23 7.76775e-25 5.08299e-26 1.33729e-26 1.00533e-26 1.83629e-26 9.5401e-26 1.68157e-24 9.34304e-23 1.21703e-20 2.35566e-18 4.80071e-16 8.15124e-14 9.63447e-12 6.97625e-10 2.86832e-08 6.5097e-07 8.24544e-06 6.04119e-05 0.000265655 0.00071241 0.0011764 0.00126593 0.000993491 0.000635281 0.000353379 0.000173739 7.32886e-05 2.40094e-05 4.35943e-06 0 
0 0.000319832 0.000228633 2.65804e-05 7.51337e-07 6.85871e-09 2.72882e-11 6.66364e-14 1.45232e-16 4.14427e-19 2.28823e-21 3.75142e-23 2.52999e-24 6.52248e-25 4.86419e-25 9.37907e-25 5.18423e-24 9.34304e-23 4.63327e-21 4.27216e-19 5.26582e-17 6.74941e-15 7.30903e-13 5.67404e-11 2.81002e-09 8.28729e-08 1.4196e-06 1.42759e-05 8.6954e-05 0.00033003 0.00078698 0.0011902 0.00121153 0.000924185 0.000583937 0.000323415 0.000158785 6.69534e-05 2.19315e-05 3.98205e-06 0 
0 0.000333524 0.000295204 4.75671e-05 2.07443e-06 3.22479e-08 2.35742e-10 1.10487e-12 4.65008e-15 2.47672e-17 2.30998e-19 5.06573e-21 3.39477e-22 7.82956e-23 5.67747e-23 1.19406e-22 7.34565e-22 1.21703e-20 4.27216e-19 2.43958e-17 1.7849e-15 1.34831e-13 8.73341e-12 4.18711e-10 1.33909e-08 2.68891e-07 3.32151e-06 2.55264e-05 0.000125409 0.000401972 0.000842118 0.0011637 0.00112407 0.000836668 0.000523667 0.000289145 0.000141839 5.97962e-05 1.95865e-05 3.55626e-06 0 
0 0.000343038 0.000381661 8.7382e-05 6.05027e-06 1.6555e-07 2.30892e-09 2.16301e-11 1.83203e-13 1.89695e-15 3.19085e-17 1.1146e-18 9.78002e-20 2.43022e-20 1.7711e-20 3.65689e-20 1.95964e-19 2.35566e-18 5.26582e-17 1.7849e-15 7.48288e-14 3.21049e-12 1.19707e-10 3.40722e-09 6.75642e-08 8.86462e-07 7.59043e-06 4.3097e-05 0.000166821 0.000447517 0.000829328 0.00106574 0.000994999 0.000731927 0.000456932 0.00025231 0.00012382 5.22139e-05 1.71051e-05 3.1059e-06 0 
0 0.000344815 0.00048392 0.000159011 1.76205e-05 8.53542e-07 2.2844e-08 4.30541e-10 7.38949e-12 1.49768e-13 4.57739e-15 2.60473e-16 3.2437e-17 9.78695e-18 7.42467e-18 1.37942e-17 5.77787e-17 4.80071e-16 6.74941e-15 1.34831e-13 3.21049e-12 7.73227e-11 1.63259e-09 2.69294e-08 3.19604e-07 2.61195e-06 1.46804e-05 5.879e-05 0.000175734 0.000400908 0.000687696 0.000867946 0.000818837 0.000611837 0.000386262 0.00021457 0.000105585 4.45731e-05 1.4608e-05 2.65285e-06 0 
0 0.000335902 0.000590097 0.000277382 4.87879e-05 4.11405e-06 2.06821e-07 7.66393e-09 2.60537e-10 1.01178e-11 5.51451e-13 5.03672e-14 8.83141e-15 3.2382e-15 2.56152e-15 4.27555e-15 1.40447e-14 8.15124e-14 7.30903e-13 8.73341e-12 1.19707e-10 1.63259e-09 1.94822e-08 1.82055e-07 1.22113e-06 5.61922e-06 1.82031e-05 4.61307e-05 0.000103872 0.000218008 0.000398298 0.000567288 0.000597276 0.000479381 0.000314143 0.000177426 8.7883e-05 3.71892e-05 1.21981e-05 2.21582e-06 0 
0 0.000314884 0.000680201 0.000450306 0.000123273 1.7513e-05 1.5854e-06 1.10285e-07 7.08838e-09 5.04813e-10 4.72027e-11 6.7059e-12 1.6187e-12 7.12284e-13 5.86169e-13 8.85752e-13 2.32007e-12 9.63447e-12 5.67404e-11 4.18711e-10 3.40722e-09 2.69294e-08 1.82055e-07 9.21775e-07 3.05622e-06 6.09386e-06 7.92091e-06 9.29961e-06 1.48226e-05 3.64705e-05 0.000105221 0.000240191 0.00035314 0.000340978 0.000243319 0.000142219 7.1331e-05 3.03137e-05 9.95668e-06 1.80944e-06 0 
0 0.000282569 0.000731049 0.00066272 0.000274723 6.31209e-05 9.73926e-06 1.1951e-06 1.36304e-07 1.67631e-08 2.54992e-09 5.39625e-10 1.73834e-10 9.02037e-11 7.69602e-11 1.06357e-10 2.27198e-10 6.97625e-10 2.81002e-09 1.33909e-08 6.75642e-08 3.19604e-07 1.22113e-06 3.05622e-06 3.7622e-06 1.77811e-06 3.78195e-07 9.04254e-08 8.417e-08 4.4572e-07 5.4048e-06 4.47898e-05 0.000147236 0.000211161 0.000177546 0.000110214 5.6413e-05 2.41296e-05 7.94123e-06 1.44402e-06 0 
0 0.000242002 0.000726089 0.000865428 0.000524266 0.000186726 4.6319e-05 9.35236e-06 1.75975e-06 3.48529e-07 8.10602e-08 2.42936e-08 1.00705e-08 6.03651e-09 5.31679e-09 6.79855e-09 1.21579e-08 2.86832e-08 8.28729e-08 2.68891e-07 8.86462e-07 2.61195e-06 5.61922e-06 6.09386e-06 1.77811e-06 7.08874e-08 4.76946e-10 4.80577e-12 1.74286e-12 6.13385e-11 1.89035e-08 2.4172e-06 3.8411e-05 0.000111218 0.000121789 8.26157e-05 4.34754e-05 1.87505e-05 6.18582e-06 1.1256e-06 0 
0 0.000197656 0.000664442 0.000989348 0.00083516 0.000441752 0.00016699 5.18777e-05 1.49583e-05 4.43674e-06 1.47795e-06 5.94568e-07 3.05113e-07 2.0667e-07 1.87039e-07 2.24013e-07 3.44767e-07 6.5097e-07 1.4196e-06 3.32151e-06 7.59043e-06 1.46804e-05 1.82031e-05 7.92091e-06 3.78195e-07 4.76946e-10 1.92579e-14 2.61915e-16 1.59345e-15 1.1073e-16 5.47627e-12 4.50652e-08 7.03979e-06 5.27164e-05 8.02624e-05 6.03132e-05 3.27005e-05 1.42227e-05 4.70304e-06 8.56334e-07 0 
0 0.00015414 0.000561832 0.000988159 0.0010924 0.00081587 0.000448315 0.000202566 8.38503e-05 3.48175e-05 1.56058e-05 7.99954e-06 4.89248e-06 3.66427e-06 3.39158e-06 3.85054e-06 5.24101e-06 8.24544e-06 1.42759e-05 2.55264e-05 4.3097e-05 5.879e-05 4.61307e-05 9.29961e-06 9.04254e-08 4.80577e-12 2.61914e-16 1.22681e-17 4.3034e-17 3.45302e-17 3.01495e-15 1.25321e-09 1.56586e-06 2.67994e-05 5.34503e-05 4.34486e-05 2.40703e-05 1.05296e-05 3.48717e-06 6.35206e-07 0 
0 0.000115043 0.000442219 0.000871292 0.00117445 0.00115872 0.000879095 0.000551566 0.000311694 0.000171664 9.82386e-05 6.13285e-05 4.32226e-05 3.5104e-05 3.30924e-05 3.60067e-05 4.44303e-05 6.04119e-05 8.6954e-05 0.000125409 0.000166821 0.000175734 0.000103872 1.48226e-05 8.417e-08 1.74286e-12 1.59345e-15 4.30341e-17 5.83656e-18 1.19173e-17 3.45794e-16 4.12475e-10 8.6521e-07 1.79769e-05 3.79354e-05 3.1264e-05 1.7372e-05 7.60398e-06 2.51855e-06 4.58775e-07 0 
0 8.23813e-05 0.000327017 0.000691174 0.00106082 0.00127732 0.0012492 0.00103359 0.000764614 0.000537 0.000377843 0.000277853 0.000219987 0.000190887 0.000182742 0.0001923 0.000219489 0.000265655 0.00033003 0.000401972 0.000447517 0.000400908 0.000218008 3.64705e-05 4.4572e-07 6.13385e-11 1.1073e-16 3.45302e-17 1.19173e-17 2.89609e-17 4.22851e-14 3.01457e-09 1.46276e-06 1.68164e-05 2.90308e-05 2.24959e-05 1.22779e-05 5.34706e-06 1.76852e-06 3.22024e-07 0 
0 5.66903e-05 0.000229107 0.000503719 0.000833808 0.00113646 0.00132119 0.00134419 0.00123486 0.00106372 0.000892939 0.000755396 0.000660469 0.000606439 0.000588781 0.000603442 0.000646687 0.00071241 0.00078698 0.000842118 0.000829328 0.000687696 0.000398298 0.000105221 5.4048e-06 1.89035e-08 5.47627e-12 3.01495e-15 3.45794e-16 4.22851e-14 1.23338e-10 1.02325e-07 4.41615e-06 1.87219e-05 2.29286e-05 1.59782e-05 8.45467e-06 3.64981e-06 1.2042e-06 2.19119e-07 0 
0 3.74857e-05 0.000152902 0.000343053 0.000590697 0.000861186 0.00110664 0.00128205 0.00136567 0.00136702 0.00131634 0.00124686 0.00118336 0.00113971 0.00112102 0.00112613 0.00114866 0.0011764 0.0011902 0.0011637 0.00106574 0.000867946 0.000567288 0.000240191 4.47898e-05 2.4172e-06 4.50652e-08 1.25321e-09 4.12475e-10 3.01457e-09 1.02325e-07 2.12531e-06 1.14799e-05 1.98134e-05 1.75238e-05 1.09881e-05 5.63026e-06 2.40769e-06 7.92225e-07 1.44044e-07 0 
0 2.37626e-05 9.73582e-05 0.000220539 0.000386897 0.000582676 0.000787234 0.00097673 0.00113081 0.00123896 0.00130249 0.00133135 0.00133836 0.00133448 0.00132622 0.00131493 0.00129723 0.00126593 0.00121153 0.00112407 0.000994999 0.000818837 0.000597276 0.00035314 0.000147236 3.8411e-05 7.03979e-06 1.56586e-06 8.6521e-07 1.46276e-06 4.41615e-06 1.14799e-05 1.8001e-05 1.75297e-05 1.24073e-05 7.19979e-06 3.59772e-06 1.5266e-06 5.01139e-07 9.10554e-08 0 
0 1.43677e-05 5.89841e-05 0.000134178 0.000237314 0.000362501 0.000500765 0.000641035 0.000772036 0.000884569 0.000973191 0.0010365 0.00107605 0.00109468 0.00109492 0.00107818 0.00104459 0.000993491 0.000924185 0.000836668 0.000731927 0.000611837 0.000479381 0.000340978 0.000211161 0.000111218 5.27164e-05 2.67994e-05 1.79769e-05 1.68164e-05 1.87219e-05 1.98134e-05 1.75297e-05 1.28123e-05 8.03028e-06 4.45097e-06 2.18889e-06 9.23915e-07 3.02788e-07 5.49871e-08 0 
0 8.21338e-06 3.37473e-05 7.69031e-05 0.000136465 0.000209645 0.000292211 0.000378852 0.000463797 0.000541585 0.000607764 0.000659309 0.000694644 0.00071336 0.000715818 0.000702831 0.000675511 0.000635281 0.000583937 0.000523667 0.000456932 0.000386262 0.000314143 0.000243319 0.000177546 0.000121789 8.02624e-05 5.34503e-05 3.79354e-05 2.90308e-05 2.29286e-05 1.75238e-05 1.24073e-05 8.03028e-06 4.75765e-06 2.5768e-06 1.25624e-06 5.28622e-07 1.73062e-07 3.14179e-08 0 
0 4.37493e-06 1.7982e-05 4.10053e-05 7.28563e-05 0.000112167 0.000156867 0.000204347 0.000251706 0.000296044 0.000334753 0.000365752 0.000387607 0.000399563 0.000401487 0.000393793 0.000377345 0.000353379 0.000323415 0.000289145 0.00025231 0.00021457 0.000177426 0.000142219 0.000110214 8.26157e-05 6.03132e-05 4.34486e-05 3.1264e-05 2.24959e-05 1.59782e-05 1.09881e-05 7.19979e-06 4.45097e-06 2.5768e-06 1.38132e-06 6.706e-07 2.81739e-07 9.2184e-08 1.6732e-08 0 
0 2.11778e-06 8.70571e-06 1.98572e-05 3.52978e-05 5.43852e-05 7.61485e-05 9.93624e-05 0.000122653 0.000144621 0.000163967 0.000179604 0.000190732 0.000196884 0.000197935 0.000194078 0.000185783 0.000173739 0.000158785 0.000141839 0.00012382 0.000105585 8.7883e-05 7.1331e-05 5.6413e-05 4.34754e-05 3.27005e-05 2.40703e-05 1.7372e-05 1.22779e-05 8.45467e-06 5.63026e-06 3.59772e-06 2.18889e-06 1.25624e-06 6.706e-07 3.24966e-07 1.36426e-07 4.46255e-08 8.09896e-09 0 
0 8.88648e-07 3.65322e-06 8.33356e-06 1.4816e-05 2.28338e-05 3.1984e-05 4.17576e-05 5.15822e-05 6.08714e-05 6.90751e-05 7.57256e-05 8.04728e-05 8.31067e-05 8.35656e-05 8.19297e-05 7.84033e-05 7.32886e-05 6.69534e-05 5.97962e-05 5.22139e-05 4.45731e-05 3.71892e-05 3.03137e-05 2.41296e-05 1.87505e-05 1.42227e-05 1.05296e-05 7.60398e-06 5.34706e-06 3.64981e-06 2.40769e-06 1.5266e-06 9.23915e-07 5.28622e-07 2.81739e-07 1.36426e-07 5.72556e-08 1.87261e-08 3.39838e-09 0 
0 2.9062e-07 1.19476e-06 2.72552e-06 4.84588e-06 7.46896e-06 1.04634e-05 1.36632e-05 1.68816e-05 1.9927e-05 2.26189e-05 2.48031e-05 2.63637e-05 2.72307e-05 2.73827e-05 2.6846e-05 2.56881e-05 2.40094e-05 2.19315e-05 1.95865e-05 1.71051e-05 1.4608e-05 1.21981e-05 9.95668e-06 7.94123e-06 6.18582e-06 4.70304e-06 3.48717e-06 2.51855e-06 1.76852e-06 1.2042e-06 7.92225e-07 5.01139e-07 3.02788e-07 1.73062e-07 9.2184e-08 4.46255e-08 1.87261e-08 6.12423e-09 1.11139e-09 0 
0 5.27396e-08 2.16817e-07 4.94615e-07 8.79425e-07 1.3555e-06 1.89902e-06 2.4799e-06 3.06427e-06 3.61734e-06 4.10635e-06 4.50325e-06 4.78691e-06 4.94455e-06 4.97225e-06 4.87477e-06 4.66441e-06 4.35943e-06 3.98205e-06 3.55626e-06 3.1059e-06 2.65285e-06 2.21582e-06 1.80944e-06 1.44402e-06 1.1256e-06 8.56334e-07 6.35206e-07 4.58775e-07 3.22024e-07 2.19119e-07 1.44044e-07 9.10554e-08 5.49871e-08 3.14179e-08 1.6732e-08 8.09896e-09 3.39838e-09 1.11139e-09 2.01686e-10 0 
0 0 0 0 0 0 0 0 0 0 0 0 0 0 0 0 0 0 0 0 0 0 0 0 0 0 0 0 0 0 0 0 0 0 0 0 0 0 0 0 0 
