0 0 0 0 0 0 0 0 0 0 0 0 0 0 0 0 0 0 0 0 0 0 0 0 0 0 0 0 0 0 0 0 0 0 0 0 0 0 0 0 0 
0 1.31709e-05 5.12382e-05 0.000105847 0.000161263 0.000201506 0.000219052 0.000216468 0.000201482 0.000181785 0.000162689 0.000147039 0.000135982 0.000129764 0.000128265 0.000131261 0.000138486 0.000149551 0.000163767 0.000179943 0.000196225 0.000210116 0.00021877 0.000219575 0.000210916 0.000192815 0.000167137 0.000137156 0.000106605 7.86439e-05 5.52136e-05 3.6964e-05 2.35975e-05 1.43208e-05 8.20148e-06 4.37225e-06 2.11725e-06 8.88562e-07 2.9061e-07 5.27389e-08 0 
0 5.12382e-05 0.000184364 0.00032831 0.000395957 0.000363028 0.000275696 0.000186632 0.000119612 7.6232e-05 5.03175e-05 3.55481e-05 2.7552e-05 2.37965e-05 2.30444e-05 2.49455e-05 2.98509e-05 3.88e-05 5.35903e-05 7.67781e-05 0.000111353 0.000159766 0.000222108 0.000293808 0.000364104 0.000417281 0.00043796 0.000418684 0.00036459 0.000290814 0.000214482 0.000147735 9.57466e-05 5.85376e-05 3.36372e-05 1.7958e-05 8.70115e-06 3.65249e-06 1.19467e-06 2.16811e-07 0 
0 0.000105847 0.00032831 0.000442846 0.000354628 0.000197231 8.66668e-05 3.33099e-05 1.21834e-05 4.57586e-06 1.89085e-06 9.11788e-07 5.36705e-07 3.96739e-07 3.7219e-07 4.40069e-07 6.4132e-07 1.1128e-06 2.20265e-06 4.74608e-06 1.06247e-05 2.36716e-05 5.0596e-05 0.000100756 0.000182809 0.000296963 0.000425435 0.000530469 0.000571011 0.000531652 0.000434122 0.000317578 0.000212542 0.000131988 7.63748e-05 4.08931e-05 1.98366e-05 8.33037e-06 2.72514e-06 4.94591e-07 0 
0 0.000161263 0.000395957 0.000354628 0.000163813 4.80032e-05 1.03977e-05 1.88789e-06 3.24321e-07 5.94066e-08 1.29733e-08 3.71754e-09 1.50394e-09 8.99272e-10 8.07965e-10 1.07758e-09 2.05459e-09 5.2861e-09 1.70873e-08 6.41871e-08 2.59177e-07 1.04673e-06 3.97626e-06 1.35438e-05 4.00196e-05 0.000100569 0.000212524 0.00037409 0.000542046 0.000640556 0.000620603 0.00050559 0.000359125 0.000229649 0.000134635 7.24752e-05 3.52291e-05 1.48057e-05 4.8447e-06 8.79353e-07 0 
0 0.000201506 0.000363028 0.000197231 4.80032e-05 6.57784e-06 6.01959e-07 4.34115e-08 2.93591e-09 2.21882e-10 2.2085e-11 3.33353e-12 8.49718e-13 3.91253e-13 3.33313e-13 5.15658e-13 1.36913e-12 5.72228e-12 3.3843e-11 2.52147e-10 2.10697e-09 1.77305e-08 1.36987e-07 9.03566e-07 4.83737e-06 2.04326e-05 6.74642e-05 0.000174459 0.000353785 0.000558551 0.00068148 0.000651438 0.000508665 0.000341409 0.000204587 0.000111125 5.42009e-05 2.28067e-05 7.46594e-06 1.35532e-06 0 
0 0.000219052 0.000275696 8.66668e-05 1.03977e-05 6.01959e-07 2.05746e-08 5.16475e-10 1.20518e-11 3.31804e-13 1.34774e-14 9.78501e-16 1.47069e-16 5.02111e-17 4.02476e-17 7.37933e-17 2.86232e-16 2.08299e-15 2.45492e-14 3.99409e-13 7.64948e-12 1.48774e-10 2.58715e-09 3.63673e-08 3.84795e-07 2.94089e-06 1.60235e-05 6.28113e-05 0.000180586 0.000385392 0.000608147 0.000708713 0.000629436 0.000453114 0.000280552 0.000154466 7.57285e-05 3.19232e-05 1.04567e-05 1.89862e-06 0 
0 0.000216468 0.000186632 3.33099e-05 1.88789e-06 4.34115e-08 5.16475e-10 4.19124e-12 3.13437e-14 2.92969e-16 4.57554e-18 1.84893e-19 4.41883e-20 3.09361e-20 2.87528e-20 3.22628e-20 5.94234e-20 4.30881e-19 1.00006e-17 3.75204e-16 1.74482e-14 8.31013e-13 3.44135e-11 1.08774e-09 2.39111e-08 3.45896e-07 3.22868e-06 1.96651e-05 8.07261e-05 0.000231345 0.000470423 0.000676843 0.000699294 0.000550232 0.000355844 0.000199569 9.85305e-05 4.16385e-05 1.36503e-05 2.47915e-06 0 
0 0.000201482 0.000119612 1.21834e-05 3.24321e-07 2.93591e-09 1.20518e-11 3.13437e-14 7.44269e-17 2.4357e-19 5.5153e-21 1.48008e-21 1.00324e-21 1.0488e-21 1.04277e-21 9.38056e-22 9.22293e-22 1.69327e-21 7.74226e-21 3.25524e-19 3.63237e-17 4.26669e-15 4.23441e-13 3.02817e-11 1.39197e-09 3.83878e-08 6.18574e-07 5.88838e-06 3.44753e-05 0.000131024 0.000336948 0.000592662 0.000716102 0.00062276 0.000424177 0.000243341 0.000121196 5.13749e-05 1.68595e-05 3.06299e-06 0 
0 0.000181785 7.6232e-05 4.57586e-06 5.94066e-08 2.21882e-10 3.31804e-13 2.92969e-16 2.4357e-19 1.2818e-21 1.58331e-22 1.04277e-22 9.97013e-23 1.15398e-22 1.17172e-22 9.95761e-23 8.22182e-23 8.80799e-23 1.20753e-22 9.76682e-22 1.03362e-19 2.79318e-17 6.35406e-15 9.85762e-13 9.12457e-11 4.64541e-09 1.25918e-07 1.83621e-06 1.50742e-05 7.45063e-05 0.000236367 0.0004967 0.000694625 0.000668174 0.000481056 0.000282986 0.000142335 6.05473e-05 1.98926e-05 3.61537e-06 0 
0 0.000162689 5.03175e-05 1.89085e-06 1.29733e-08 2.2085e-11 1.34774e-14 4.57554e-18 5.5153e-21 1.58331e-22 2.59934e-23 1.7187e-23 1.80173e-23 2.10161e-23 2.13751e-23 1.8073e-23 1.40087e-23 1.14558e-23 1.05244e-23 3.48383e-23 1.0182e-21 3.19579e-19 1.50691e-16 4.64791e-14 8.00482e-12 7.02217e-10 3.02218e-08 6.44545e-07 7.15462e-06 4.46134e-05 0.00016948 0.000413254 0.000654997 0.000690621 0.000524484 0.000316361 0.000160725 6.86158e-05 2.25704e-05 4.10359e-06 0 
0 0.000147039 3.55481e-05 9.11788e-07 3.71754e-09 3.33353e-12 9.78501e-16 1.84893e-19 1.48008e-21 1.04277e-22 1.7187e-23 6.05073e-24 4.60394e-24 4.86093e-24 4.83742e-24 4.096e-24 3.10045e-24 2.30988e-24 2.22212e-24 7.33897e-24 9.75265e-23 9.79367e-21 7.05738e-18 3.81397e-15 1.08995e-12 1.49032e-10 9.35511e-09 2.72279e-07 3.87026e-06 2.91822e-05 0.000128114 0.000350896 0.00061362 0.000697599 0.000554702 0.000342136 0.000175408 7.51306e-05 2.47405e-05 4.49969e-06 0 
0 0.000135982 2.7552e-05 5.36705e-07 1.50394e-09 8.49718e-13 1.47069e-16 4.41883e-20 1.00324e-21 9.97014e-23 1.80173e-23 4.60395e-24 1.92672e-24 1.41652e-24 1.26246e-24 1.0482e-24 7.93613e-25 6.30247e-25 8.95905e-25 3.65193e-24 3.50228e-23 1.41446e-21 7.76879e-19 6.26437e-16 2.57874e-13 4.85454e-11 4.00004e-09 1.45703e-07 2.47635e-06 2.14189e-05 0.000104286 0.000309881 0.000580432 0.000696617 0.000573285 0.000359721 0.000185742 7.97641e-05 2.62892e-05 4.7827e-06 0 
0 0.000129764 2.37965e-05 3.96739e-07 8.99272e-10 3.91253e-13 5.02111e-17 3.09361e-20 1.0488e-21 1.15399e-22 2.10161e-23 4.86094e-24 1.41652e-24 6.11713e-25 3.97839e-25 3.00473e-25 2.36139e-25 2.51958e-25 6.03614e-25 2.83932e-24 2.41709e-23 6.51568e-22 2.24622e-19 2.24714e-16 1.13733e-13 2.56576e-11 2.4661e-09 1.01999e-07 1.9184e-06 1.7935e-05 9.25671e-05 0.000287819 0.000560095 0.000693249 0.00058213 0.000369063 0.0001914 8.23266e-05 2.71486e-05 4.9399e-06 0 
0 0.000128265 2.30444e-05 3.7219e-07 8.07965e-10 3.33313e-13 4.02476e-17 2.87528e-20 1.04277e-21 1.17172e-22 2.13751e-23 4.83742e-24 1.26246e-24 3.97839e-25 1.72434e-25 1.05659e-25 9.27512e-26 1.58147e-25 5.3101e-25 2.64924e-24 2.21558e-23 5.57548e-22 1.73936e-19 1.81507e-16 9.58407e-14 2.24389e-11 2.22597e-09 9.44991e-08 1.81456e-06 1.72343e-05 8.9999e-05 0.000282398 0.000553979 0.000690502 0.000582699 0.000370424 0.000192337 8.27683e-05 2.72988e-05 4.9675e-06 0 
0 0.000131261 2.49455e-05 4.40069e-07 1.07758e-09 5.15658e-13 7.37933e-17 3.22628e-20 9.38056e-22 9.95761e-23 1.8073e-23 4.09601e-24 1.0482e-24 3.00473e-25 1.05659e-25 5.56595e-26 5.89387e-26 1.39452e-25 5.3049e-25 2.77329e-24 2.5266e-23 8.02577e-22 3.46947e-19 3.21984e-16 1.51264e-13 3.19717e-11 2.90731e-09 1.14864e-07 2.08242e-06 1.892e-05 9.55536e-05 0.000292223 0.000561495 0.000688902 0.00057568 0.000364216 0.00018875 8.11702e-05 2.67659e-05 4.87023e-06 0 
0 0.000138486 2.98509e-05 6.4132e-07 2.05459e-09 1.36913e-12 2.86232e-16 5.94234e-20 9.22293e-22 8.22182e-23 1.40087e-23 3.10045e-24 7.93613e-25 2.3614e-25 9.27512e-26 5.89387e-26 7.07163e-26 1.64284e-25 6.2422e-25 3.57696e-24 4.12514e-23 2.41053e-21 1.66191e-18 1.1646e-15 4.21282e-13 7.08264e-11 5.30054e-09 1.78306e-07 2.84297e-06 2.33969e-05 0.000109683 0.000316658 0.000580457 0.000686762 0.000560981 0.000350949 0.000181041 7.7727e-05 2.56167e-05 4.66035e-06 0 
0 0.000149551 3.88e-05 1.1128e-06 5.2861e-09 5.72228e-12 2.08299e-15 4.30881e-19 1.69327e-21 8.80799e-23 1.14558e-23 2.30988e-24 6.30248e-25 2.51958e-25 1.58147e-25 1.39451e-25 1.64284e-25 2.98802e-25 1.00812e-24 6.92538e-24 1.42164e-22 2.46258e-20 1.67127e-17 7.66648e-15 1.88971e-12 2.26977e-10 1.27583e-08 3.38875e-07 4.47529e-06 3.18606e-05 0.000133882 0.000354896 0.000606589 0.000680502 0.000537996 0.000331253 0.000169779 7.27233e-05 2.39495e-05 4.35602e-06 0 
0 0.000163767 5.35903e-05 2.20265e-06 1.70873e-08 3.3843e-11 2.45492e-14 1.00006e-17 7.74226e-21 1.20753e-22 1.05244e-23 2.22212e-24 8.95904e-25 6.03614e-25 5.31009e-25 5.30489e-25 6.24219e-25 1.00812e-24 3.15498e-24 3.03157e-23 1.87987e-21 7.18961e-19 2.95578e-16 7.98088e-14 1.21843e-11 9.61071e-10 3.77571e-08 7.4632e-07 7.79067e-06 4.62994e-05 0.000169676 0.00040387 0.000632378 0.000665056 0.000506016 0.000305941 0.000155668 6.65074e-05 2.18841e-05 3.97932e-06 0 
0 0.000179943 7.67781e-05 4.74608e-06 6.41871e-08 2.52147e-10 3.99409e-13 3.75204e-16 3.25524e-19 9.76682e-22 3.48383e-23 7.33897e-24 3.65193e-24 2.83932e-24 2.64924e-24 2.77329e-24 3.57695e-24 6.92538e-24 3.03157e-23 7.89616e-22 1.35166e-19 3.52103e-17 7.61342e-15 1.12503e-12 9.94151e-11 4.84486e-09 1.26178e-07 1.77717e-06 1.41837e-05 6.86749e-05 0.000215528 0.000454176 0.000645658 0.000634542 0.00046467 0.000276059 0.000139506 5.94611e-05 1.95506e-05 3.55419e-06 0 
0 0.000196225 0.000111353 1.06247e-05 2.59177e-07 2.10697e-09 7.64948e-12 1.74482e-14 3.63237e-17 1.03362e-19 1.0182e-21 9.75265e-23 3.50227e-23 2.41709e-23 2.21558e-23 2.5266e-23 4.12514e-23 1.42164e-22 1.87987e-21 1.35166e-19 1.67991e-17 2.17486e-15 2.36492e-13 1.83088e-11 8.95782e-10 2.5802e-08 4.27336e-07 4.14515e-06 2.47317e-05 9.64981e-05 0.000258563 0.000483562 0.000628899 0.000583308 0.00041429 0.000242881 0.000122133 5.19698e-05 1.70788e-05 3.10436e-06 0 
0 0.000210116 0.000159766 2.36716e-05 1.04673e-06 1.77305e-08 1.48774e-10 8.31013e-13 4.26669e-15 2.79318e-17 3.19579e-19 9.79367e-21 1.41446e-21 6.51568e-22 5.57548e-22 8.02577e-22 2.41053e-21 2.46258e-20 7.18961e-19 3.52103e-17 2.17486e-15 1.37396e-13 7.40443e-12 2.93487e-10 7.67272e-09 1.24287e-07 1.23634e-06 7.87767e-06 3.44725e-05 0.000109908 0.000260708 0.00045243 0.000561536 0.000507397 0.000356099 0.000207841 0.00010437 4.43958e-05 1.45887e-05 2.65172e-06 0 
0 0.00021877 0.000222108 5.0596e-05 3.97626e-06 1.36987e-07 2.58715e-09 3.44135e-11 4.23441e-13 6.35406e-15 1.50691e-16 7.05738e-18 7.76879e-19 2.24622e-19 1.73936e-19 3.46947e-19 1.66191e-18 1.67127e-17 2.95578e-16 7.61342e-15 2.36492e-13 7.40443e-12 1.98476e-10 3.94623e-09 5.18132e-08 4.20413e-07 2.15559e-06 7.92477e-06 2.46121e-05 6.98764e-05 0.00017143 0.00032283 0.000430183 0.000406706 0.000292299 0.000172449 8.69743e-05 3.70558e-05 1.21835e-05 2.21496e-06 0 
0 0.000219575 0.000293808 0.000100756 1.35438e-05 9.03566e-07 3.63673e-08 1.08774e-09 3.02817e-11 9.85762e-13 4.64791e-14 3.81397e-15 6.26437e-16 2.24714e-16 1.81507e-16 3.21984e-16 1.1646e-15 7.66648e-15 7.98088e-14 1.12503e-12 1.83088e-11 2.93487e-10 3.94623e-09 3.74991e-08 2.1076e-07 6.20576e-07 1.04183e-06 1.48354e-06 2.98878e-06 1.01444e-05 4.19965e-05 0.00013306 0.00025239 0.000288687 0.000226307 0.000138234 7.05992e-05 3.02066e-05 9.94504e-06 1.80876e-06 0 
0 0.000210916 0.000364104 0.000182809 4.00196e-05 4.83737e-06 3.84795e-07 2.39111e-08 1.39197e-09 9.12457e-11 8.00482e-12 1.08995e-12 2.57874e-13 1.13733e-13 9.58407e-14 1.51264e-13 4.21282e-13 1.88971e-12 1.21843e-11 9.94151e-11 8.95782e-10 7.67272e-09 5.18132e-08 2.1076e-07 3.55085e-07 1.7772e-07 3.15641e-08 6.15791e-09 6.25751e-09 5.43521e-08 1.30075e-06 1.95051e-05 9.55434e-05 0.000172619 0.000163223 0.000106749 5.57791e-05 2.40381e-05 7.93144e-06 1.44346e-06 0 
0 0.000192815 0.000417281 0.000296963 0.000100569 2.04326e-05 2.94089e-06 3.45896e-07 3.83878e-08 4.64541e-09 7.02217e-10 1.49032e-10 4.85454e-11 2.56576e-11 2.24389e-11 3.19717e-11 7.08264e-11 2.26977e-10 9.61071e-10 4.84486e-09 2.5802e-08 1.24287e-07 4.20413e-07 6.20576e-07 1.7772e-07 4.14768e-09 1.01801e-11 3.36517e-14 9.16014e-15 1.07232e-12 1.39666e-09 6.02019e-07 2.01226e-05 8.45953e-05 0.000109494 7.95038e-05 4.29111e-05 1.86708e-05 6.17747e-06 1.12513e-06 0 
0 0.000167137 0.00043796 0.000425435 0.000212524 6.74642e-05 1.60235e-05 3.22868e-06 6.18574e-07 1.25918e-07 3.02218e-08 9.35511e-09 4.00004e-09 2.4661e-09 2.22597e-09 2.90731e-09 5.30054e-09 1.27583e-08 3.77571e-08 1.26178e-07 4.27336e-07 1.23634e-06 2.15559e-06 1.04183e-06 3.15641e-08 1.01801e-11 3.82096e-16 2.23167e-15 1.52243e-15 1.12549e-14 6.71034e-14 4.86376e-09 2.71168e-06 3.64245e-05 7.02119e-05 5.7617e-05 3.22153e-05 1.41555e-05 4.69616e-06 8.55952e-07 0 
0 0.000137156 0.000418684 0.000530469 0.00037409 0.000174459 6.28113e-05 1.96651e-05 5.88838e-06 1.83621e-06 6.44545e-07 2.72279e-07 1.45703e-07 1.01999e-07 9.44991e-08 1.14864e-07 1.78306e-07 3.38875e-07 7.4632e-07 1.77717e-06 4.14515e-06 7.87767e-06 7.92477e-06 1.48354e-06 6.15791e-09 3.36517e-14 2.23167e-15 7.01051e-16 7.9252e-16 2.91738e-15 3.50407e-14 6.24243e-11 4.5975e-07 1.71079e-05 4.58116e-05 4.13044e-05 2.3687e-05 1.04775e-05 3.48191e-06 6.34917e-07 0 
0 0.000106605 0.00036459 0.000571011 0.000542046 0.000353785 0.000180586 8.07261e-05 3.44753e-05 1.50742e-05 7.15462e-06 3.87026e-06 2.47635e-06 1.9184e-06 1.81456e-06 2.08242e-06 2.84297e-06 4.47529e-06 7.79067e-06 1.41837e-05 2.47317e-05 3.44725e-05 2.46121e-05 2.98878e-06 6.25751e-09 9.16014e-15 1.52243e-15 7.9252e-16 2.26483e-15 1.00626e-14 1.60033e-13 1.67906e-11 2.39684e-07 1.13395e-05 3.24937e-05 2.97435e-05 1.71033e-05 7.56776e-06 2.51492e-06 4.58577e-07 0 
0 7.86439e-05 0.000290814 0.000531652 0.000640556 0.000558551 0.000385392 0.000231345 0.000131024 7.45063e-05 4.46134e-05 2.91822e-05 2.14189e-05 1.7935e-05 1.72343e-05 1.892e-05 2.33969e-05 3.18606e-05 4.62994e-05 6.86749e-05 9.64981e-05 0.000109908 6.98764e-05 1.01444e-05 5.43521e-08 1.07232e-12 1.12549e-14 2.91738e-15 1.00626e-14 1.80478e-15 1.22549e-15 2.20286e-10 5.0018e-07 1.13806e-05 2.54356e-05 2.15536e-05 1.2114e-05 5.32498e-06 1.7663e-06 3.21902e-07 0 
0 5.52136e-05 0.000214482 0.000434122 0.000620603 0.00068148 0.000608147 0.000470423 0.000336948 0.000236367 0.00016948 0.000128114 0.000104286 9.25671e-05 8.9999e-05 9.55536e-05 0.000109683 0.000133882 0.000169676 0.000215528 0.000258563 0.000260708 0.00017143 4.19965e-05 1.30075e-06 1.39666e-09 6.71034e-14 3.50407e-14 1.60033e-13 1.22549e-15 4.37734e-12 1.87571e-08 2.14167e-06 1.42386e-05 2.08352e-05 1.54778e-05 8.3687e-06 3.63812e-06 1.20301e-06 2.19053e-07 0 
0 3.6964e-05 0.000147735 0.000317578 0.00050559 0.000651438 0.000708713 0.000676843 0.000592662 0.0004967 0.000413254 0.000350896 0.000309881 0.000287819 0.000282398 0.000292223 0.000316658 0.000354896 0.00040387 0.000454176 0.000483562 0.00045243 0.00032283 0.00013306 1.95051e-05 6.02019e-07 4.86376e-09 6.24243e-11 1.67906e-11 2.20286e-10 1.87571e-08 8.65403e-07 7.65877e-06 1.68533e-05 1.65119e-05 1.07637e-05 5.59169e-06 2.40234e-06 7.91667e-07 1.44013e-07 0 
0 2.35975e-05 9.57466e-05 0.000212542 0.000359125 0.000508665 0.000629436 0.000699294 0.000716102 0.000694625 0.000654997 0.00061362 0.000580432 0.000560095 0.000553979 0.000561495 0.000580457 0.000606589 0.000632378 0.000645658 0.000628899 0.000561536 0.000430183 0.00025239 9.55434e-05 2.01226e-05 2.71168e-06 4.5975e-07 2.39684e-07 5.0018e-07 2.14167e-06 7.65877e-06 1.48231e-05 1.61368e-05 1.20129e-05 7.11518e-06 3.58292e-06 1.52448e-06 5.00911e-07 9.10421e-08 0 
0 1.43208e-05 5.85376e-05 0.000131988 0.000229649 0.000341409 0.000453114 0.000550232 0.00062276 0.000668174 0.000690621 0.000697599 0.000696617 0.000693249 0.000690502 0.000688902 0.000686762 0.000680502 0.000665056 0.000634542 0.000583308 0.000507397 0.000406706 0.000288687 0.000172619 8.45953e-05 3.64245e-05 1.71079e-05 1.13395e-05 1.13806e-05 1.42386e-05 1.68533e-05 1.61368e-05 1.23382e-05 7.90531e-06 4.42398e-06 2.184e-06 9.23187e-07 3.02706e-07 5.49822e-08 0 
0 8.20148e-06 3.36372e-05 7.63748e-05 0.000134635 0.000204587 0.000280552 0.000355844 0.000424177 0.000481056 0.000524484 0.000554702 0.000573285 0.00058213 0.000582699 0.00057568 0.000560981 0.000537996 0.000506016 0.00046467 0.00041429 0.000356099 0.000292299 0.000226307 0.000163223 0.000109494 7.02119e-05 4.58116e-05 3.24937e-05 2.54356e-05 2.08352e-05 1.65119e-05 1.20129e-05 7.90531e-06 4.72472e-06 2.56945e-06 1.25485e-06 5.28405e-07 1.73036e-07 3.14163e-08 0 
0 4.37225e-06 1.7958e-05 4.08931e-05 7.24752e-05 0.000111125 0.000154466 0.000199569 0.000243341 0.000282986 0.000316361 0.000342136 0.000359721 0.000369063 0.000370424 0.000364216 0.000350949 0.000331253 0.000305941 0.000276059 0.000242881 0.000207841 0.000172449 0.000138234 0.000106749 7.95038e-05 5.7617e-05 4.13044e-05 2.97435e-05 2.15536e-05 1.54778e-05 1.07637e-05 7.11518e-06 4.42398e-06 2.56945e-06 1.3796e-06 6.70258e-07 2.81683e-07 9.21771e-08 1.67315e-08 0 
0 2.11725e-06 8.70115e-06 1.98366e-05 3.52291e-05 5.42009e-05 7.57285e-05 9.85305e-05 0.000121196 0.000142335 0.000160725 0.000175408 0.000185742 0.0001914 0.000192337 0.00018875 0.000181041 0.000169779 0.000155668 0.000139506 0.000122133 0.00010437 8.69743e-05 7.05992e-05 5.57791e-05 4.29111e-05 3.22153e-05 2.3687e-05 1.71033e-05 1.2114e-05 8.3687e-06 5.59169e-06 3.58292e-06 2.184e-06 1.25485e-06 6.70258e-07 3.24894e-07 1.36414e-07 4.46239e-08 8.09886e-09 0 
0 8.88562e-07 3.65249e-06 8.33037e-06 1.48057e-05 2.28067e-05 3.19232e-05 4.16385e-05 5.13749e-05 6.05473e-05 6.86158e-05 7.51306e-05 7.97641e-05 8.23266e-05 8.27683e-05 8.11702e-05 7.7727e-05 7.27233e-05 6.65074e-05 5.94611e-05 5.19698e-05 4.43958e-05 3.70558e-05 3.02066e-05 2.40381e-05 1.86708e-05 1.41555e-05 1.04775e-05 7.56776e-06 5.32498e-06 3.63812e-06 2.40234e-06 1.52448e-06 9.23187e-07 5.28405e-07 2.81683e-07 1.36414e-07 5.72534e-08 1.87258e-08 3.39836e-09 0 
0 2.9061e-07 1.19467e-06 2.72514e-06 4.8447e-06 7.46594e-06 1.04567e-05 1.36503e-05 1.68595e-05 1.98926e-05 2.25704e-05 2.47405e-05 2.62892e-05 2.71486e-05 2.72988e-05 2.67659e-05 2.56167e-05 2.39495e-05 2.18841e-05 1.95506e-05 1.70788e-05 1.45887e-05 1.21835e-05 9.94504e-06 7.93144e-06 6.17747e-06 4.69616e-06 3.48191e-06 2.51492e-06 1.7663e-06 1.20301e-06 7.91667e-07 5.00911e-07 3.02706e-07 1.73036e-07 9.21771e-08 4.46239e-08 1.87258e-08 6.12418e-09 1.11139e-09 0 
0 5.27389e-08 2.16811e-07 4.94591e-07 8.79353e-07 1.35532e-06 1.89862e-06 2.47915e-06 3.06299e-06 3.61537e-06 4.10359e-06 4.49969e-06 4.7827e-06 4.9399e-06 4.9675e-06 4.87023e-06 4.66035e-06 4.35602e-06 3.97932e-06 3.55419e-06 3.10436e-06 2.65172e-06 2.21496e-06 1.80876e-06 1.44346e-06 1.12513e-06 8.55952e-07 6.34917e-07 4.58577e-07 3.21902e-07 2.19053e-07 1.44013e-07 9.10421e-08 5.49822e-08 3.14163e-08 1.67315e-08 8.09886e-09 3.39836e-09 1.11139e-09 2.01686e-10 0 
0 0 0 0 0 0 0 0 0 0 0 0 0 0 0 0 0 0 0 0 0 0 0 0 0 0 0 0 0 0 0 0 0 0 0 0 0 0 0 0 0 
