0 0 0 0 0 0 0 0 0 0 0 0 0 0 0 0 0 0 0 0 0 0 0 0 0 0 0 0 0 0 0 0 0 0 0 0 0 0 0 0 0 
0 1.32189e-05 5.16412e-05 0.000107419 0.0001652 0.000208626 0.000229162 0.000228574 0.000214442 0.000194756 0.000175226 0.000159014 0.000147468 0.000140938 0.000139344 0.000142461 0.000149991 0.000161485 0.000176159 0.000192692 0.000209074 0.000222651 0.000230455 0.000229845 0.000219305 0.000199094 0.000171384 0.000139723 0.000107981 7.92962e-05 5.54867e-05 3.70652e-05 2.36308e-05 1.43306e-05 8.20402e-06 4.37284e-06 2.11737e-06 8.88581e-07 2.90612e-07 5.2739e-08 0 
0 5.16412e-05 0.000187677 0.000339846 0.000418919 0.000392894 0.00030445 0.000209593 0.000136242 8.78909e-05 5.86119e-05 4.17492e-05 3.25477e-05 2.8202e-05 2.73248e-05 2.95178e-05 3.51673e-05 4.54223e-05 6.2252e-05 8.84111e-05 0.000127031 0.000180483 0.000248344 0.00032491 0.000397786 0.000449791 0.000465287 0.00043832 0.000376524 0.00029694 0.000217155 0.000148738 9.60742e-05 5.86316e-05 3.3661e-05 1.79633e-05 8.70217e-06 3.65266e-06 1.19469e-06 2.16812e-07 0 
0 0.000107419 0.000339846 0.000473098 0.000392763 0.000225631 0.000101917 4.01674e-05 1.50484e-05 5.781e-06 2.43737e-06 1.19482e-06 7.11667e-07 5.29545e-07 4.97343e-07 5.85631e-07 8.45957e-07 1.44937e-06 2.82464e-06 5.98216e-06 1.31545e-05 2.8798e-05 6.05407e-05 0.000118699 0.000212111 0.000338988 0.000476527 0.000581212 0.000611007 0.000556406 0.000446273 0.000322426 0.000214159 0.00013245 7.64897e-05 4.0918e-05 1.98412e-05 8.3311e-06 2.72523e-06 4.94597e-07 0 
0 0.0001652 0.000418919 0.000392763 0.000189822 5.79182e-05 1.3051e-05 2.4681e-06 4.41728e-07 8.41314e-08 1.90212e-08 5.60685e-09 2.31474e-09 1.39982e-09 1.26022e-09 1.66908e-09 3.13496e-09 7.89253e-09 2.48399e-08 9.05579e-08 3.5439e-07 1.38769e-06 5.12079e-06 1.69961e-05 4.91082e-05 0.000121001 0.00025078 0.000431529 0.000607919 0.000695948 0.000654423 0.000520998 0.000364618 0.000231254 0.000135032 7.25601e-05 3.52447e-05 1.4808e-05 4.84497e-06 8.79369e-07 0 
0 0.000208626 0.000392894 0.000225631 5.79182e-05 8.37703e-06 8.12847e-07 6.238e-08 4.49118e-09 3.60156e-10 3.77816e-11 5.95216e-12 1.56461e-12 7.3294e-13 6.26343e-13 9.58832e-13 2.48851e-12 1.00644e-11 5.71626e-11 4.0697e-10 3.24188e-09 2.60087e-08 1.92016e-07 1.21537e-06 6.27937e-06 2.57592e-05 8.30391e-05 0.000210018 0.000414926 0.000633296 0.000743421 0.000686271 0.000522678 0.00034574 0.000205678 0.000111356 5.42426e-05 2.28129e-05 7.46664e-06 1.35536e-06 0 
0 0.000229162 0.00030445 0.000101917 1.3051e-05 8.12847e-07 3.01444e-08 8.25177e-10 2.10025e-11 6.27754e-13 2.74284e-14 2.11419e-15 3.31879e-16 1.16108e-16 9.34791e-17 1.68868e-16 6.34195e-16 4.40636e-15 4.90769e-14 7.49585e-13 1.34333e-11 2.44434e-10 3.9874e-09 5.28474e-08 5.30977e-07 3.88679e-06 2.04678e-05 7.81168e-05 0.000219122 0.000453634 0.000687668 0.000767193 0.000657408 0.000462585 0.000283028 0.000154996 7.58233e-05 3.19371e-05 1.04583e-05 1.89871e-06 0 
0 0.000228574 0.000209593 4.01674e-05 2.4681e-06 6.238e-08 8.25177e-10 7.49261e-12 6.27108e-14 6.52304e-16 1.11708e-17 4.22759e-19 5.85987e-20 2.8703e-20 2.52913e-20 3.42661e-20 1.04461e-19 1.05924e-18 2.39024e-17 8.26133e-16 3.52322e-14 1.53893e-12 5.86383e-11 1.71577e-09 3.52101e-08 4.80407e-07 4.27827e-06 2.51441e-05 0.000100404 0.000279932 0.000548707 0.000753535 0.000744467 0.000567502 0.000360624 0.000200611 9.8717e-05 4.16656e-05 1.36533e-05 2.47932e-06 0 
0 0.000214442 0.000136242 1.50484e-05 4.41728e-07 4.49118e-09 2.10025e-11 6.27108e-14 1.71097e-16 6.2042e-19 7.69519e-21 1.20638e-21 5.12592e-22 4.02356e-22 3.83599e-22 3.96173e-22 5.88445e-22 1.61225e-21 1.39574e-20 8.29214e-19 8.43455e-17 8.90324e-15 7.97452e-13 5.18467e-11 2.18807e-09 5.6059e-08 8.50404e-07 7.7276e-06 4.37267e-05 0.000161617 0.000402262 0.000676384 0.000777402 0.000649706 0.00043219 0.00024514 0.00012152 5.14219e-05 1.68646e-05 3.06328e-06 0 
0 0.000194756 8.78909e-05 5.781e-06 8.41314e-08 3.60156e-10 6.27754e-13 6.52304e-16 6.2042e-19 1.77779e-21 8.93593e-23 4.17991e-23 3.14803e-23 2.94656e-23 2.87721e-23 2.73447e-23 2.94346e-23 3.63745e-23 9.40713e-23 1.72619e-21 2.69157e-19 6.52279e-17 1.31461e-14 1.82294e-12 1.52541e-10 7.11473e-09 1.79313e-07 2.46976e-06 1.94437e-05 9.31763e-05 0.000286747 0.000577991 0.000767541 0.000705125 0.000492945 0.00028575 0.000142839 6.06202e-05 1.99005e-05 3.61582e-06 0 
0 0.000175226 5.86119e-05 2.43737e-06 1.90212e-08 3.77816e-11 2.74284e-14 1.11708e-17 7.69519e-21 8.93593e-23 8.45524e-24 4.36799e-24 4.11055e-24 4.20179e-24 4.14664e-24 3.78658e-24 3.4042e-24 2.94811e-24 4.33791e-24 3.09914e-23 2.06537e-21 8.1947e-19 3.38656e-16 9.19637e-14 1.41258e-11 1.12162e-09 4.44051e-08 8.86186e-07 9.36339e-06 5.63693e-05 0.000207809 0.000487614 0.000734241 0.000736366 0.000540376 0.000320193 0.000161432 6.87184e-05 2.25814e-05 4.10422e-06 0 
0 0.000159014 4.17492e-05 1.19482e-06 5.60685e-09 5.95216e-12 2.11419e-15 4.22759e-19 1.20638e-21 4.17991e-23 4.36799e-24 1.165e-24 8.14947e-25 8.04144e-25 7.86788e-25 7.00092e-25 5.74024e-25 4.46683e-25 6.43656e-25 3.9652e-24 1.1306e-22 2.41374e-20 1.69545e-17 7.96801e-15 2.00878e-12 2.46222e-10 1.40974e-08 3.81097e-07 5.12447e-06 3.71515e-05 0.000158167 0.000417837 0.000695155 0.000749995 0.000574158 0.000346986 0.000176315 7.52627e-05 2.47546e-05 4.5005e-06 0 
0 0.000147468 3.25477e-05 7.11667e-07 2.31474e-09 1.56461e-12 3.31879e-16 5.85987e-20 5.12592e-22 3.14803e-23 4.11055e-24 8.14948e-25 2.86368e-25 1.96652e-25 1.74253e-25 1.49539e-25 1.18917e-25 1.06239e-25 2.44042e-25 1.62791e-24 2.75464e-23 2.49042e-21 1.95015e-18 1.35982e-15 4.89958e-13 8.21233e-11 6.13532e-09 2.06494e-07 3.3054e-06 2.74021e-05 0.000129254 0.000370963 0.000662025 0.000753275 0.00059541 0.000365381 0.000186812 7.99206e-05 2.63059e-05 4.78365e-06 0 
0 0.000140938 2.8202e-05 5.29545e-07 1.39982e-09 7.3294e-13 1.16108e-16 2.8703e-20 4.02356e-22 2.94656e-23 4.20179e-24 8.04145e-25 1.96652e-25 7.43032e-26 4.65628e-26 3.60903e-26 3.07951e-26 4.44058e-26 1.65159e-25 1.11012e-24 1.51066e-23 8.92183e-22 5.72678e-19 4.97853e-16 2.19594e-13 4.39444e-11 3.81723e-09 1.45471e-07 2.57062e-06 2.29927e-05 0.000114893 0.000345309 0.000640925 0.000751937 0.000605747 0.000375204 0.00019257 8.2498e-05 2.71669e-05 4.94095e-06 0 
0 0.000139344 2.73248e-05 4.97343e-07 1.26022e-09 6.26343e-13 9.34791e-17 2.52913e-20 3.83599e-22 2.87721e-23 4.14664e-24 7.86789e-25 1.74253e-25 4.65628e-26 1.79452e-26 1.11214e-26 1.22245e-26 3.17292e-26 1.481e-25 1.00901e-24 1.33059e-23 7.3132e-22 4.43155e-19 4.029e-16 1.85275e-13 3.84578e-11 3.44628e-09 1.34746e-07 2.43003e-06 2.2075e-05 0.000111603 0.000338626 0.000633965 0.000749234 0.000606533 0.000376652 0.000193527 8.29429e-05 2.73174e-05 4.96857e-06 0 
0 0.000142461 2.95178e-05 5.85631e-07 1.66908e-09 9.58832e-13 1.68868e-16 3.42661e-20 3.96173e-22 2.73447e-23 3.78659e-24 7.00092e-25 1.49539e-25 3.60903e-26 1.11214e-26 6.15355e-27 9.14167e-27 3.10917e-26 1.57196e-25 1.14805e-24 1.71541e-23 1.20915e-21 8.75037e-19 7.03397e-16 2.88603e-13 5.42149e-11 4.46295e-09 1.62697e-07 2.77455e-06 2.41395e-05 0.000118106 0.000349308 0.000640649 0.000745836 0.000598491 0.000370142 0.00018988 8.13361e-05 2.67837e-05 4.87124e-06 0 
0 0.000149991 3.51673e-05 8.45957e-07 3.13496e-09 2.48851e-12 6.34195e-16 1.04461e-19 5.88445e-22 2.94346e-23 3.40421e-24 5.74025e-25 1.18917e-25 3.07952e-26 1.22245e-26 9.14166e-27 1.34999e-26 4.01052e-26 2.04188e-25 1.76405e-24 3.82761e-23 5.00565e-21 4.05878e-18 2.46371e-15 7.82991e-13 1.17596e-10 8.00272e-09 2.49362e-07 3.75226e-06 2.9644e-05 0.000134789 0.000376288 0.000658323 0.000740081 0.000581688 0.000356247 0.000182046 7.78743e-05 2.56325e-05 4.66125e-06 0 
0 0.000161485 4.54223e-05 1.44937e-06 7.89253e-09 1.00644e-11 4.40636e-15 1.05924e-18 1.61225e-21 3.63745e-23 2.94812e-24 4.46683e-25 1.06239e-25 4.44058e-26 3.17292e-26 3.10917e-26 4.01052e-26 8.59482e-26 3.96061e-25 4.43799e-24 1.9787e-22 6.28432e-20 3.86626e-17 1.5493e-14 3.3832e-12 3.65668e-10 1.88097e-08 4.65351e-07 5.82693e-06 3.99586e-05 0.000163099 0.000417914 0.000681774 0.000728385 0.000555774 0.000335703 0.000170616 7.28459e-05 2.39627e-05 4.35677e-06 0 
0 0.000176159 6.2252e-05 2.82464e-06 2.48399e-08 5.71626e-11 4.90769e-14 2.39024e-17 1.39574e-20 9.40713e-23 4.33791e-24 6.43656e-25 2.44042e-25 1.65159e-25 1.48099e-25 1.57195e-25 2.04188e-25 3.96061e-25 1.90148e-24 3.70595e-23 4.42941e-21 1.77373e-18 6.38902e-16 1.52437e-13 2.08247e-11 1.49119e-09 5.4027e-08 1.00135e-06 9.96598e-06 5.72699e-05 0.00020415 0.000469521 0.000702271 0.000705837 0.000520387 0.000309451 0.000156323 6.66033e-05 2.18944e-05 3.97992e-06 0 
0 0.000192692 8.84111e-05 5.98216e-06 9.05579e-08 4.0697e-10 7.49585e-13 8.26133e-16 8.29214e-19 1.72619e-21 3.09914e-23 3.9652e-24 1.62791e-24 1.11012e-24 1.00901e-24 1.14805e-24 1.76405e-24 4.43799e-24 3.70595e-23 1.79289e-21 3.43759e-19 7.95043e-17 1.52472e-14 2.01571e-12 1.61144e-10 7.19848e-09 1.74359e-07 2.31936e-06 1.77504e-05 8.34073e-05 0.000254901 0.000519088 0.000706628 0.000667053 0.000475562 0.000278661 0.000139989 5.95318e-05 1.95582e-05 3.55463e-06 0 
0 0.000209074 0.000127031 1.31545e-05 3.5439e-07 3.24188e-09 1.34333e-11 3.52322e-14 8.43455e-17 2.69157e-19 2.06537e-21 1.1306e-22 2.75464e-23 1.51066e-23 1.33059e-23 1.71541e-23 3.82761e-23 1.9787e-22 4.42941e-21 3.43759e-19 3.85098e-17 4.46587e-15 4.3678e-13 3.06356e-11 1.3714e-09 3.6571e-08 5.68187e-07 5.24231e-06 3.01483e-05 0.000114483 0.000299007 0.000541289 0.000677295 0.00060728 0.000422028 0.000244705 0.00012247 5.20195e-05 1.70842e-05 3.10468e-06 0 
0 0.000222651 0.000180483 2.8798e-05 1.38769e-06 2.60087e-08 2.44434e-10 1.53893e-12 8.90324e-15 6.52279e-17 8.1947e-19 2.41374e-20 2.49042e-21 8.92183e-22 7.3132e-22 1.20914e-21 5.00565e-21 6.28432e-20 1.77373e-18 7.95043e-17 4.46587e-15 2.56431e-13 1.25983e-11 4.58031e-10 1.10798e-08 1.67852e-07 1.58012e-06 9.64207e-06 4.08389e-05 0.00012693 0.000293826 0.000495343 0.000595423 0.000523688 0.000361307 0.00020907 0.000104599 4.44297e-05 1.45924e-05 2.65194e-06 0 
0 0.000230455 0.000248344 6.05407e-05 5.12079e-06 1.92016e-07 3.9874e-09 5.86383e-11 7.97452e-13 1.31461e-14 3.38656e-16 1.69545e-17 1.95015e-18 5.72678e-19 4.43155e-19 8.75037e-19 4.05878e-18 3.86626e-17 6.38902e-16 1.52472e-14 4.3678e-13 1.25983e-11 3.11811e-10 5.75566e-09 7.07473e-08 5.43114e-07 2.66425e-06 9.46007e-06 2.85526e-05 7.903e-05 0.000189173 0.000347157 0.0004507 0.000417087 0.000295725 0.000173273 8.71293e-05 3.70789e-05 1.21861e-05 2.21511e-06 0 
0 0.000229845 0.00032491 0.000118699 1.69961e-05 1.21537e-06 5.28474e-08 1.71577e-09 5.18467e-11 1.82294e-12 9.19637e-14 7.96801e-15 1.35982e-15 4.97853e-16 4.029e-16 7.03397e-16 2.46371e-15 1.5493e-14 1.52437e-13 2.01571e-12 3.06356e-11 4.58031e-10 5.75566e-09 5.14118e-08 2.74403e-07 7.78019e-07 1.27505e-06 1.78421e-06 3.51799e-06 1.15841e-05 4.63559e-05 0.000142368 0.00026312 0.000295171 0.000228633 0.000138811 7.0709e-05 3.0223e-05 9.94685e-06 1.80887e-06 0 
0 0.000219305 0.000397786 0.000212111 4.91082e-05 6.27937e-06 5.30977e-07 3.52101e-08 2.18807e-09 1.52541e-10 1.41258e-11 2.00878e-12 4.89958e-13 2.19594e-13 1.85275e-13 2.88603e-13 7.82991e-13 3.3832e-12 2.08247e-11 1.61144e-10 1.3714e-09 1.10798e-08 7.07473e-08 2.74403e-07 4.48475e-07 2.23436e-07 4.04785e-08 8.08239e-09 8.15485e-09 6.73256e-08 1.50465e-06 2.12762e-05 0.000100183 0.000176724 0.000164924 0.000107188 5.58627e-05 2.40505e-05 7.93279e-06 1.44354e-06 0 
0 0.000199094 0.000449791 0.000338988 0.000121001 2.57592e-05 3.88679e-06 4.80407e-07 5.6059e-08 7.11473e-09 1.12162e-09 2.46222e-10 8.21233e-11 4.39444e-11 3.84578e-11 5.42149e-11 1.17596e-10 3.65668e-10 1.49119e-09 7.19848e-09 3.6571e-08 1.67852e-07 5.43114e-07 7.78019e-07 2.23436e-07 5.50834e-09 1.49792e-11 5.78667e-14 1.63309e-14 1.62648e-12 1.81618e-09 6.93122e-07 2.15113e-05 8.71135e-05 0.000110808 7.98601e-05 4.29784e-05 1.86806e-05 6.17852e-06 1.12519e-06 0 
0 0.000171384 0.000465287 0.000476527 0.00025078 8.30391e-05 2.04678e-05 4.27827e-06 8.50404e-07 1.79313e-07 4.44051e-08 1.40974e-08 6.13532e-09 3.81723e-09 3.44628e-09 4.46295e-09 8.00272e-09 1.88097e-08 5.4027e-08 1.74359e-07 5.68187e-07 1.58012e-06 2.66425e-06 1.27505e-06 4.04785e-08 1.49792e-11 2.69394e-16 2.52227e-15 1.44047e-15 5.14398e-15 1.05244e-13 6.09105e-09 2.98757e-06 3.78436e-05 7.12197e-05 5.7907e-05 3.22695e-05 1.41632e-05 4.69696e-06 8.55998e-07 0 
0 0.000139723 0.00043832 0.000581212 0.000431529 0.000210018 7.81168e-05 2.51441e-05 7.7276e-06 2.46976e-06 8.86186e-07 3.81097e-07 2.06494e-07 1.45471e-07 1.34746e-07 1.62697e-07 2.49362e-07 4.65351e-07 1.00135e-06 2.31936e-06 5.24231e-06 9.64207e-06 9.46007e-06 1.78421e-06 8.08239e-09 5.78667e-14 2.52227e-15 5.47175e-16 3.42091e-16 6.80876e-16 7.40027e-15 8.47016e-11 5.20599e-07 1.79105e-05 4.65528e-05 4.15274e-05 2.37283e-05 1.04832e-05 3.4825e-06 6.3495e-07 0 
0 0.000107981 0.000376524 0.000611007 0.000607919 0.000414926 0.000219122 0.000100404 4.37267e-05 1.94437e-05 9.36339e-06 5.12447e-06 3.3054e-06 2.57062e-06 2.43003e-06 2.77455e-06 3.75226e-06 5.82693e-06 9.96598e-06 1.77504e-05 3.01483e-05 4.08389e-05 2.85526e-05 3.51799e-06 8.15485e-09 1.63309e-14 1.44047e-15 3.42091e-16 6.36713e-16 3.21844e-15 6.95861e-14 2.3447e-11 2.73021e-07 1.18839e-05 3.30162e-05 2.98991e-05 1.71316e-05 7.57165e-06 2.51532e-06 4.58599e-07 0 
0 7.92962e-05 0.00029694 0.000556406 0.000695948 0.000633296 0.000453634 0.000279932 0.000161617 9.31763e-05 5.63693e-05 3.71515e-05 2.74021e-05 2.29927e-05 2.2075e-05 2.41395e-05 2.9644e-05 3.99586e-05 5.72699e-05 8.34073e-05 0.000114483 0.00012693 7.903e-05 1.15841e-05 6.73256e-08 1.62648e-12 5.14398e-15 6.80876e-16 3.21844e-15 4.67888e-16 4.60288e-16 2.87207e-10 5.57597e-07 1.18411e-05 2.57828e-05 2.16496e-05 1.21311e-05 5.32732e-06 1.76654e-06 3.21915e-07 0 
0 5.54867e-05 0.000217155 0.000446273 0.000654423 0.000743421 0.000687668 0.000548707 0.000402262 0.000286747 0.000207809 0.000158167 0.000129254 0.000114893 0.000111603 0.000118106 0.000134789 0.000163099 0.00020415 0.000254901 0.000299007 0.000293826 0.000189173 4.63559e-05 1.50465e-06 1.81618e-09 1.05244e-13 7.40027e-15 6.95862e-14 4.60288e-16 6.12586e-12 2.22616e-08 2.30417e-06 1.46399e-05 2.10404e-05 1.55288e-05 8.37762e-06 3.63935e-06 1.20313e-06 2.1906e-07 0 
0 3.70652e-05 0.000148738 0.000322426 0.000520998 0.000686271 0.000767193 0.000753535 0.000676384 0.000577991 0.000487614 0.000417837 0.000370963 0.000345309 0.000338626 0.000349308 0.000376288 0.000417914 0.000469521 0.000519088 0.000541289 0.000495343 0.000347157 0.000142368 2.12762e-05 6.93122e-07 6.09105e-09 8.47016e-11 2.3447e-11 2.87207e-10 2.22616e-08 9.47457e-07 7.97855e-06 1.71328e-05 1.66128e-05 1.07866e-05 5.59569e-06 2.4029e-06 7.91726e-07 1.44016e-07 0 
0 2.36308e-05 9.60742e-05 0.000214159 0.000364618 0.000522678 0.000657408 0.000744467 0.000777402 0.000767541 0.000734241 0.000695155 0.000662025 0.000640925 0.000633965 0.000640649 0.000658323 0.000681774 0.000702271 0.000706628 0.000677295 0.000595423 0.0004507 0.00026312 0.000100183 2.15113e-05 2.98757e-06 5.20599e-07 2.73021e-07 5.57597e-07 2.30417e-06 7.97855e-06 1.51179e-05 1.62735e-05 1.20527e-05 7.12386e-06 3.58445e-06 1.5247e-06 5.00934e-07 9.10435e-08 0 
0 1.43306e-05 5.86316e-05 0.00013245 0.000231254 0.00034574 0.000462585 0.000567502 0.000649706 0.000705125 0.000736366 0.000749995 0.000753275 0.000751937 0.000749234 0.000745836 0.000740081 0.000728385 0.000705837 0.000667053 0.00060728 0.000523688 0.000417087 0.000295171 0.000176724 8.71135e-05 3.78436e-05 1.79105e-05 1.18839e-05 1.18411e-05 1.46399e-05 1.71328e-05 1.62735e-05 1.23858e-05 7.91806e-06 4.42676e-06 2.18451e-06 9.23262e-07 3.02715e-07 5.49827e-08 0 
0 8.20402e-06 3.3661e-05 7.64897e-05 0.000135032 0.000205678 0.000283028 0.000360624 0.00043219 0.000492945 0.000540376 0.000574158 0.00059541 0.000605747 0.000606533 0.000598491 0.000581688 0.000555774 0.000520387 0.000475562 0.000422028 0.000361307 0.000295725 0.000228633 0.000164924 0.000110808 7.12197e-05 4.65528e-05 3.30162e-05 2.57828e-05 2.10404e-05 1.66128e-05 1.20527e-05 7.91806e-06 4.7281e-06 2.57021e-06 1.25499e-06 5.28427e-07 1.73039e-07 3.14165e-08 0 
0 4.37284e-06 1.79633e-05 4.0918e-05 7.25601e-05 0.000111356 0.000154996 0.000200611 0.00024514 0.00028575 0.000320193 0.000346986 0.000365381 0.000375204 0.000376652 0.000370142 0.000356247 0.000335703 0.000309451 0.000278661 0.000244705 0.00020907 0.000173273 0.000138811 0.000107188 7.98601e-05 5.7907e-05 4.15274e-05 2.98991e-05 2.16496e-05 1.55288e-05 1.07866e-05 7.12386e-06 4.42676e-06 2.57021e-06 1.37978e-06 6.70294e-07 2.81689e-07 9.21778e-08 1.67316e-08 0 
0 2.11737e-06 8.70217e-06 1.98412e-05 3.52447e-05 5.42426e-05 7.58233e-05 9.8717e-05 0.00012152 0.000142839 0.000161432 0.000176315 0.000186812 0.00019257 0.000193527 0.00018988 0.000182046 0.000170616 0.000156323 0.000139989 0.00012247 0.000104599 8.71293e-05 7.0709e-05 5.58627e-05 4.29784e-05 3.22695e-05 2.37283e-05 1.71316e-05 1.21311e-05 8.37762e-06 5.59569e-06 3.58445e-06 2.18451e-06 1.25499e-06 6.70294e-07 3.24902e-07 1.36415e-07 4.46241e-08 8.09887e-09 0 
0 8.88581e-07 3.65266e-06 8.3311e-06 1.4808e-05 2.28129e-05 3.19371e-05 4.16656e-05 5.14219e-05 6.06202e-05 6.87184e-05 7.52627e-05 7.99206e-05 8.2498e-05 8.29429e-05 8.13361e-05 7.78743e-05 7.28459e-05 6.66033e-05 5.95318e-05 5.20195e-05 4.44297e-05 3.70789e-05 3.0223e-05 2.40505e-05 1.86806e-05 1.41632e-05 1.04832e-05 7.57165e-06 5.32732e-06 3.63935e-06 2.4029e-06 1.5247e-06 9.23262e-07 5.28427e-07 2.81689e-07 1.36415e-07 5.72536e-08 1.87258e-08 3.39836e-09 0 
0 2.90612e-07 1.19469e-06 2.72523e-06 4.84497e-06 7.46664e-06 1.04583e-05 1.36533e-05 1.68646e-05 1.99005e-05 2.25814e-05 2.47546e-05 2.63059e-05 2.71669e-05 2.73174e-05 2.67837e-05 2.56325e-05 2.39627e-05 2.18944e-05 1.95582e-05 1.70842e-05 1.45924e-05 1.21861e-05 9.94685e-06 7.93279e-06 6.17852e-06 4.69696e-06 3.4825e-06 2.51532e-06 1.76654e-06 1.20313e-06 7.91726e-07 5.00934e-07 3.02715e-07 1.73039e-07 9.21778e-08 4.46241e-08 1.87258e-08 6.12419e-09 1.11139e-09 0 
0 5.2739e-08 2.16812e-07 4.94597e-07 8.79369e-07 1.35536e-06 1.89871e-06 2.47932e-06 3.06328e-06 3.61582e-06 4.10422e-06 4.5005e-06 4.78365e-06 4.94095e-06 4.96857e-06 4.87124e-06 4.66125e-06 4.35677e-06 3.97992e-06 3.55463e-06 3.10468e-06 2.65194e-06 2.21511e-06 1.80887e-06 1.44354e-06 1.12519e-06 8.55998e-07 6.3495e-07 4.58599e-07 3.21915e-07 2.1906e-07 1.44016e-07 9.10435e-08 5.49827e-08 3.14165e-08 1.67316e-08 8.09887e-09 3.39836e-09 1.11139e-09 2.01686e-10 0 
0 0 0 0 0 0 0 0 0 0 0 0 0 0 0 0 0 0 0 0 0 0 0 0 0 0 0 0 0 0 0 0 0 0 0 0 0 0 0 0 0 
