0 0 0 0 0 0 0 0 0 0 0 0 0 0 0 0 0 0 0 0 0 0 0 0 0 0 0 0 0 0 0 0 0 0 0 0 0 0 0 0 0 
0 1.32381e-05 5.18032e-05 0.000108059 0.00016683 0.000211636 0.000233527 0.000233898 0.000220229 0.000200618 0.000180943 0.000164511 0.000152763 0.000146101 0.000144465 0.000147631 0.000155287 0.000166954 0.000181803 0.000198453 0.000214825 0.000228196 0.000235553 0.000234253 0.00022284 0.000201685 0.000173099 0.000140737 0.000108513 7.95432e-05 5.55882e-05 3.71023e-05 2.36428e-05 1.43341e-05 8.20492e-06 4.37304e-06 2.11741e-06 8.88588e-07 2.90613e-07 5.27391e-08 0 
0 5.18032e-05 0.000189021 0.000344625 0.00042872 0.000406077 0.000317541 0.000220317 0.000144164 9.35291e-05 6.26688e-05 4.48074e-05 3.5025e-05 3.03931e-05 2.94549e-05 3.1789e-05 3.77977e-05 4.86795e-05 6.6479e-05 9.40331e-05 0.000134518 0.000190238 0.000260487 0.000339012 0.000412695 0.00046379 0.000476705 0.000446274 0.000381214 0.000299281 0.000218153 0.000149105 9.61923e-05 5.86651e-05 3.36694e-05 1.79651e-05 8.70253e-06 3.65271e-06 1.1947e-06 2.16813e-07 0 
0 0.000108059 0.000344625 0.000486088 0.000409917 0.000238979 0.000109341 4.35983e-05 1.65141e-05 6.40931e-06 2.7268e-06 1.34658e-06 8.063e-07 6.01723e-07 5.65418e-07 6.64573e-07 9.56229e-07 1.62905e-06 3.15284e-06 6.62565e-06 1.44521e-05 3.13855e-05 6.5472e-05 0.000127418 0.000226006 0.000358328 0.000499208 0.000602833 0.000627337 0.000566114 0.000450876 0.000324213 0.000214743 0.000132615 7.65301e-05 4.09267e-05 1.98428e-05 8.33135e-06 2.72526e-06 4.94599e-07 0 
0 0.00016683 0.00042872 0.000409917 0.000202191 6.28539e-05 1.44221e-05 2.77807e-06 5.06417e-07 9.81443e-08 2.2534e-08 6.72613e-09 2.80187e-09 1.70291e-09 1.53444e-09 2.02602e-09 3.78019e-09 9.42593e-09 2.93164e-08 1.05466e-07 4.07017e-07 1.57186e-06 5.72507e-06 1.87778e-05 5.36885e-05 0.000131023 0.000268926 0.000457646 0.000636397 0.000718647 0.000667616 0.000526774 0.000366618 0.000231828 0.000135173 7.25897e-05 3.52501e-05 1.48088e-05 4.84507e-06 8.79375e-07 0 
0 0.000211636 0.000406077 0.000238979 6.28539e-05 9.3174e-06 9.28231e-07 7.32393e-08 5.42177e-09 4.46366e-10 4.79264e-11 7.69435e-12 2.05014e-12 9.67675e-13 8.28063e-13 1.26178e-12 3.24216e-12 1.2924e-11 7.21046e-11 5.03133e-10 3.92385e-09 3.08193e-08 2.2297e-07 1.38547e-06 7.04383e-06 2.85054e-05 9.08301e-05 0.000227156 0.000443008 0.00066566 0.000768625 0.00069969 0.000527859 0.000347298 0.000206063 0.000111437 5.42571e-05 2.28151e-05 7.46688e-06 1.35537e-06 0 
0 0.000233527 0.000317541 0.000109341 1.44221e-05 9.28231e-07 3.56989e-08 1.01556e-09 2.68624e-11 8.32599e-13 3.75667e-14 2.97259e-15 4.75545e-16 1.68146e-16 1.35636e-16 2.43439e-16 9.01504e-16 6.13837e-15 6.66933e-14 9.90697e-13 1.72406e-11 3.04596e-10 4.82986e-09 6.23598e-08 6.12237e-07 4.39516e-06 2.27821e-05 8.58236e-05 0.000237728 0.000484798 0.000721618 0.000790531 0.000667977 0.000466031 0.000283908 0.000155182 7.58562e-05 3.19419e-05 1.04588e-05 1.89874e-06 0 
0 0.000233898 0.000220317 4.35983e-05 2.77807e-06 7.32393e-08 1.01556e-09 9.69196e-12 8.52574e-14 9.29561e-16 1.65921e-17 6.34652e-19 7.74157e-20 3.2799e-20 2.81764e-20 4.1624e-20 1.49341e-19 1.59781e-18 3.51478e-17 1.17163e-15 4.80991e-14 2.02216e-12 7.4262e-11 2.09979e-09 4.17936e-08 5.55527e-07 4.84316e-06 2.79933e-05 0.000110258 0.000303097 0.000583676 0.000785342 0.000761988 0.000573883 0.000362338 0.000200979 9.8782e-05 4.1675e-05 1.36543e-05 2.47938e-06 0 
0 0.000220229 0.000144164 1.65141e-05 5.06417e-07 5.42177e-09 2.68624e-11 8.52574e-14 2.47286e-16 9.45849e-19 1.01399e-20 1.26793e-21 4.76958e-22 3.29688e-22 3.06383e-22 3.42705e-22 5.83745e-22 1.78206e-21 2.00211e-20 1.25919e-18 1.22469e-16 1.23332e-14 1.05571e-12 6.5802e-11 2.67373e-09 6.62947e-08 9.78871e-07 8.70861e-06 4.8483e-05 0.00017667 0.000432539 0.000712388 0.000801844 0.000659834 0.00043509 0.000245777 0.000121633 5.14382e-05 1.68663e-05 3.06339e-06 0 
0 0.000200618 9.35291e-05 6.40931e-06 9.81443e-08 4.46366e-10 8.32599e-13 9.29561e-16 9.45849e-19 2.32205e-21 8.72757e-23 3.21145e-23 2.32935e-23 2.02989e-23 1.94626e-23 1.94499e-23 2.22382e-23 2.9006e-23 1.02031e-22 2.4563e-21 4.13026e-19 9.4955e-17 1.81427e-14 2.39397e-12 1.91564e-10 8.59406e-09 2.09686e-07 2.81486e-06 2.17343e-05 0.00010257 0.000310761 0.000614032 0.000797379 0.000719258 0.000497291 0.000286734 0.000143015 6.06456e-05 1.99032e-05 3.61598e-06 0 
0 0.000180943 6.26688e-05 2.7268e-06 2.2534e-08 4.79264e-11 3.75667e-14 1.65921e-17 1.01399e-20 8.72757e-23 6.40925e-24 2.79298e-24 2.60198e-24 2.57589e-24 2.51561e-24 2.3564e-24 2.16204e-24 1.93974e-24 3.57541e-24 3.51623e-23 3.06276e-21 1.24515e-18 4.84752e-16 1.2444e-13 1.81699e-11 1.38035e-09 5.26571e-08 1.02011e-06 1.05383e-05 6.23773e-05 0.000226443 0.000521367 0.000767393 0.000754143 0.000546242 0.000321566 0.000161681 6.87542e-05 2.25852e-05 4.10443e-06 0 
0 0.000164511 4.48074e-05 1.34658e-06 6.72613e-09 7.69435e-12 2.97259e-15 6.34652e-19 1.26793e-21 3.21145e-23 2.79298e-24 6.61574e-25 4.58164e-25 4.4999e-25 4.39007e-25 3.94902e-25 3.24541e-25 2.60637e-25 4.56639e-25 3.59957e-24 1.36712e-22 3.7155e-20 2.49932e-17 1.10441e-14 2.63408e-12 3.07597e-10 1.69064e-08 4.42225e-07 5.79884e-06 4.12675e-05 0.000172971 0.000448735 0.000729851 0.000770626 0.000581401 0.000348731 0.000176635 7.53089e-05 2.47595e-05 4.50078e-06 0 
0 0.000152763 3.5025e-05 8.063e-07 2.80187e-09 2.05014e-12 4.75545e-16 7.74157e-20 4.76958e-22 2.32935e-23 2.60198e-24 4.58165e-25 1.49006e-25 1.01004e-25 8.98583e-26 7.74809e-26 6.15947e-26 5.9047e-26 1.66814e-25 1.35302e-24 2.94304e-23 3.5476e-21 2.93373e-18 1.9169e-15 6.51197e-13 1.03676e-10 7.41596e-09 2.40961e-07 3.75433e-06 3.05127e-05 0.000141654 0.000399461 0.000697154 0.000775799 0.000603698 0.000367426 0.000187192 7.99754e-05 2.63118e-05 4.78398e-06 0 
0 0.000146101 3.03931e-05 6.01723e-07 1.70291e-09 9.67675e-13 1.68146e-16 3.2799e-20 3.29688e-22 2.02989e-23 2.5759e-24 4.49991e-25 1.01004e-25 3.58656e-26 2.21799e-26 1.72838e-26 1.51895e-26 2.55135e-26 1.12638e-25 8.82791e-25 1.4797e-23 1.15786e-21 8.69815e-19 7.08146e-16 2.93941e-13 5.57822e-11 4.63278e-09 1.70233e-07 2.925e-06 2.56303e-05 0.000126024 0.000372278 0.000675949 0.000775399 0.00061463 0.000377429 0.000192985 8.25582e-05 2.71733e-05 4.94131e-06 0 
0 0.000144465 2.94549e-05 5.65418e-07 1.53444e-09 8.28063e-13 1.35636e-16 2.81764e-20 3.06383e-22 1.94626e-23 2.51561e-24 4.39007e-25 8.98585e-26 2.21799e-26 8.0793e-27 5.03504e-27 6.19055e-27 1.91097e-26 1.01279e-25 7.94118e-25 1.27921e-23 9.31209e-22 6.73508e-19 5.73562e-16 2.48139e-13 4.88324e-11 4.18298e-09 1.57669e-07 2.76437e-06 2.45989e-05 0.000122377 0.000365024 0.000668672 0.000772751 0.000615509 0.000378911 0.000193949 8.30043e-05 2.7324e-05 4.96894e-06 0 
0 0.000147631 3.1789e-05 6.64573e-07 2.02602e-09 1.26178e-12 2.43439e-16 4.1624e-20 3.42705e-22 1.94499e-23 2.3564e-24 3.94902e-25 7.7481e-26 1.72838e-26 5.03504e-27 2.88511e-27 4.959e-27 1.92566e-26 1.09345e-25 9.30785e-25 1.74165e-23 1.63011e-21 1.32064e-18 9.94316e-16 3.84287e-13 6.85157e-11 5.39657e-09 1.89812e-07 3.1491e-06 2.6852e-05 0.000129315 0.000376014 0.000674884 0.000768584 0.000607075 0.000372292 0.000190282 8.13945e-05 2.67899e-05 4.8716e-06 0 
0 0.000155287 3.77977e-05 9.56229e-07 3.78019e-09 3.24216e-12 9.01504e-16 1.49341e-19 5.83746e-22 2.22383e-23 2.16204e-24 3.24541e-25 6.15948e-26 1.51895e-26 6.19055e-27 4.95899e-27 7.85323e-27 2.56485e-26 1.47114e-25 1.51147e-24 4.29588e-23 7.43873e-21 6.02806e-18 3.43367e-15 1.03056e-12 1.47233e-10 9.60577e-09 2.89278e-07 4.24078e-06 3.28696e-05 0.000147183 0.000403969 0.000691748 0.000761267 0.000589457 0.000358167 0.000182403 7.79261e-05 2.5638e-05 4.66157e-06 0 
0 0.000166954 4.86795e-05 1.62905e-06 9.42593e-09 1.2924e-11 6.13837e-15 1.59781e-18 1.78206e-21 2.9006e-23 1.93975e-24 2.60637e-25 5.9047e-26 2.55135e-26 1.91097e-26 1.92566e-26 2.56484e-26 5.98344e-26 3.17987e-25 4.40966e-24 2.56825e-22 9.63536e-20 5.60491e-17 2.11607e-14 4.37974e-12 4.51748e-10 2.23405e-08 5.3547e-07 6.54542e-06 4.40997e-05 0.00017737 0.000446824 0.000713686 0.000747262 0.000562418 0.000337313 0.000170913 7.28891e-05 2.39673e-05 4.35704e-06 0 
0 0.000181803 6.6479e-05 3.15284e-06 2.93164e-08 7.21046e-11 6.66933e-14 3.51478e-17 2.00211e-20 1.02031e-22 3.57541e-24 4.56639e-25 1.66814e-25 1.12638e-25 1.01279e-25 1.09345e-25 1.47114e-25 3.17986e-25 1.82574e-24 4.61624e-23 6.76661e-21 2.64643e-18 8.98931e-16 2.03072e-13 2.64102e-11 1.81177e-09 6.33228e-08 1.14039e-06 1.11062e-05 6.28059e-05 0.000220748 0.000499171 0.000731529 0.000721772 0.000525736 0.00031072 0.000156556 6.66371e-05 2.1898e-05 3.98013e-06 0 
0 0.000198453 9.40331e-05 6.62565e-06 1.05466e-07 5.03133e-10 9.90697e-13 1.17163e-15 1.25919e-18 2.45631e-21 3.51623e-23 3.59957e-24 1.35302e-24 8.8279e-25 7.94117e-25 9.30784e-25 1.51147e-24 4.40966e-24 4.61624e-23 2.72318e-21 5.20449e-19 1.14034e-16 2.07418e-14 2.61032e-12 1.99622e-10 8.57958e-09 2.01218e-07 2.60904e-06 1.95875e-05 9.07161e-05 0.000273516 0.000547873 0.000731786 0.000679657 0.000479608 0.000279604 0.000140161 5.95568e-05 1.95609e-05 3.55479e-06 0 
0 0.000214825 0.000134518 1.44521e-05 4.07017e-07 3.92385e-09 1.72406e-11 4.80991e-14 1.22469e-16 4.13026e-19 3.06276e-21 1.36712e-22 2.94304e-23 1.4797e-23 1.27921e-23 1.74165e-23 4.29588e-23 2.56825e-22 6.76661e-21 5.20449e-19 5.56042e-17 6.14276e-15 5.7328e-13 3.84893e-11 1.65639e-09 4.26854e-08 6.4459e-07 5.81515e-06 3.28814e-05 0.000123227 0.000317746 0.000566438 0.000697043 0.000616544 0.000424911 0.00024537 0.000122592 5.20373e-05 1.70861e-05 3.10479e-06 0 
0 0.000228196 0.000190238 3.13855e-05 1.57186e-06 3.08193e-08 3.04596e-10 2.02216e-12 1.23332e-14 9.4955e-17 1.24515e-18 3.7155e-20 3.5476e-21 1.15786e-21 9.31209e-22 1.6301e-21 7.43873e-21 9.63536e-20 2.64643e-18 1.14034e-16 6.14276e-15 3.38133e-13 1.59455e-11 5.57952e-10 1.30401e-08 1.91763e-07 1.76142e-06 1.05416e-05 4.39839e-05 0.000135047 0.000308916 0.000513841 0.000609223 0.000530023 0.00036327 0.000209525 0.000104682 4.44421e-05 1.45938e-05 2.65202e-06 0 
0 0.000235553 0.000260487 6.5472e-05 5.72507e-06 2.2297e-07 4.82986e-09 7.4262e-11 1.05571e-12 1.81427e-14 4.84752e-16 2.49932e-17 2.93373e-18 8.69815e-19 6.73508e-19 1.32064e-18 6.02806e-18 5.60491e-17 8.98931e-16 2.07418e-14 5.7328e-13 1.59455e-11 3.80951e-10 6.804e-09 8.12216e-08 6.08369e-07 2.9261e-06 1.02289e-05 3.04736e-05 8.33574e-05 0.00019724 0.000357709 0.00045918 0.00042121 0.00029705 0.000173586 8.71876e-05 3.70876e-05 1.2187e-05 2.21517e-06 0 
0 0.000234253 0.000339012 0.000127418 1.87778e-05 1.38547e-06 6.23598e-08 2.09979e-09 6.5802e-11 2.39397e-12 1.2444e-13 1.10441e-14 1.9169e-15 7.08146e-16 5.73562e-16 9.94316e-16 3.43367e-15 2.11607e-14 2.03072e-13 2.61032e-12 3.84893e-11 5.57952e-10 6.804e-09 5.91307e-08 3.08442e-07 8.59939e-07 1.39414e-06 1.93547e-06 3.77934e-06 1.22766e-05 4.83816e-05 0.000146521 0.000267708 0.000297843 0.000229567 0.000139039 7.07518e-05 3.02294e-05 9.94755e-06 1.80891e-06 0 
0 0.00022284 0.000412695 0.000226006 5.36885e-05 7.04383e-06 6.12237e-07 4.17936e-08 2.67373e-09 1.91564e-10 1.81699e-11 2.63408e-12 6.51197e-13 2.93941e-13 2.48139e-13 3.84287e-13 1.03056e-12 4.37974e-12 2.64102e-11 1.99622e-10 1.65639e-09 1.30401e-08 8.12216e-08 3.08442e-07 4.97326e-07 2.47237e-07 4.51736e-08 9.10944e-09 9.16101e-09 7.39688e-08 1.60398e-06 2.20983e-05 0.000102247 0.000178486 0.000165634 0.000107368 5.58966e-05 2.40555e-05 7.93333e-06 1.44357e-06 0 
0 0.000201685 0.00046379 0.000358328 0.000131023 2.85054e-05 4.39516e-06 5.55527e-07 6.62947e-08 8.59406e-09 1.38035e-09 3.07597e-10 1.03676e-10 5.57822e-11 4.88324e-11 6.85157e-11 1.47233e-10 4.51748e-10 1.81177e-09 8.57958e-09 4.26854e-08 1.91763e-07 6.08369e-07 8.59939e-07 2.47237e-07 6.24328e-09 1.77601e-11 7.29834e-14 2.09592e-14 1.94924e-12 2.03917e-09 7.37476e-07 2.21491e-05 8.82266e-05 0.000111374 8.0011e-05 4.30066e-05 1.86846e-05 6.17895e-06 1.12521e-06 0 
0 0.000173099 0.000476705 0.000499208 0.000268926 9.08301e-05 2.27821e-05 4.84316e-06 9.78871e-07 2.09686e-07 5.26571e-08 1.69064e-08 7.41596e-09 4.63278e-09 4.18298e-09 5.39657e-09 9.60577e-09 2.23405e-08 6.33228e-08 2.01218e-07 6.4459e-07 1.76142e-06 2.9261e-06 1.39414e-06 4.51736e-08 1.77601e-11 2.57188e-16 2.61663e-15 1.53121e-15 3.59797e-15 1.2807e-13 6.72611e-09 3.11772e-06 3.84821e-05 7.16614e-05 5.80321e-05 3.22927e-05 1.41665e-05 4.6973e-06 8.56017e-07 0 
0 0.000140737 0.000446274 0.000602833 0.000457646 0.000227156 8.58236e-05 2.79933e-05 8.70861e-06 2.81486e-06 1.02011e-06 4.42225e-07 2.40961e-07 1.70233e-07 1.57669e-07 1.89812e-07 2.89278e-07 5.3547e-07 1.14039e-06 2.60904e-06 5.81515e-06 1.05416e-05 1.02289e-05 1.93547e-06 9.10944e-09 7.29834e-14 2.61663e-15 5.0452e-16 2.85287e-16 3.85396e-16 3.8094e-15 9.68691e-11 5.49887e-07 1.82749e-05 4.68803e-05 4.16245e-05 2.37462e-05 1.04857e-05 3.48275e-06 6.34964e-07 0 
0 0.000108513 0.000381214 0.000627337 0.000636397 0.000443008 0.000237728 0.000110258 4.8483e-05 2.17343e-05 1.05383e-05 5.79884e-06 3.75433e-06 2.925e-06 2.76437e-06 3.1491e-06 4.24078e-06 6.54542e-06 1.11062e-05 1.95875e-05 3.28814e-05 4.39839e-05 3.04736e-05 3.77934e-06 9.16101e-09 2.09592e-14 1.53121e-15 2.85287e-16 3.86235e-16 1.97152e-15 4.74686e-14 2.70905e-11 2.89129e-07 1.21314e-05 3.32478e-05 2.99672e-05 1.71439e-05 7.57333e-06 2.51549e-06 4.58608e-07 0 
0 7.95432e-05 0.000299281 0.000566114 0.000718647 0.00066566 0.000484798 0.000303097 0.00017667 0.00010257 6.23773e-05 4.12675e-05 3.05127e-05 2.56303e-05 2.45989e-05 2.6852e-05 3.28696e-05 4.40997e-05 6.28059e-05 9.07161e-05 0.000123227 0.000135047 8.33574e-05 1.22766e-05 7.39688e-08 1.94924e-12 3.59797e-15 3.85396e-16 1.97152e-15 2.79311e-16 4.71211e-16 3.22786e-10 5.84925e-07 1.20495e-05 2.59366e-05 2.16916e-05 1.21386e-05 5.32833e-06 1.76664e-06 3.21921e-07 0 
0 5.55882e-05 0.000218153 0.000450876 0.000667616 0.000768625 0.000721618 0.000583676 0.000432539 0.000310761 0.000226443 0.000172971 0.000141654 0.000126024 0.000122377 0.000129315 0.000147183 0.00017737 0.000220748 0.000273516 0.000317746 0.000308916 0.00019724 4.83816e-05 1.60398e-06 2.03917e-09 1.2807e-13 3.8094e-15 4.74686e-14 4.71211e-16 7.10423e-12 2.40064e-08 2.3796e-06 1.482e-05 2.11311e-05 1.55511e-05 8.38152e-06 3.63988e-06 1.20319e-06 2.19063e-07 0 
0 3.71023e-05 0.000149105 0.000324213 0.000526774 0.00069969 0.000790531 0.000785342 0.000712388 0.000614032 0.000521367 0.000448735 0.000399461 0.000372278 0.000365024 0.000376014 0.000403969 0.000446824 0.000499171 0.000547873 0.000566438 0.000513841 0.000357709 0.000146521 2.20983e-05 7.37476e-07 6.72611e-09 9.68691e-11 2.70905e-11 3.22786e-10 2.40064e-08 9.86044e-07 8.12357e-06 1.72571e-05 1.66572e-05 1.07967e-05 5.59743e-06 2.40314e-06 7.91751e-07 1.44017e-07 0 
0 2.36428e-05 9.61923e-05 0.000214743 0.000366618 0.000527859 0.000667977 0.000761988 0.000801844 0.000797379 0.000767393 0.000729851 0.000697154 0.000675949 0.000668672 0.000674884 0.000691748 0.000713686 0.000731529 0.000731786 0.000697043 0.000609223 0.00045918 0.000267708 0.000102247 2.21491e-05 3.11772e-06 5.49887e-07 2.89129e-07 5.84925e-07 2.3796e-06 8.12357e-06 1.52494e-05 1.63339e-05 1.20702e-05 7.12766e-06 3.58512e-06 1.5248e-06 5.00945e-07 9.10441e-08 0 
0 1.43341e-05 5.86651e-05 0.000132615 0.000231828 0.000347298 0.000466031 0.000573883 0.000659834 0.000719258 0.000754143 0.000770626 0.000775799 0.000775399 0.000772751 0.000768584 0.000761267 0.000747262 0.000721772 0.000679657 0.000616544 0.000530023 0.00042121 0.000297843 0.000178486 8.82266e-05 3.84821e-05 1.82749e-05 1.21314e-05 1.20495e-05 1.482e-05 1.72571e-05 1.63339e-05 1.24068e-05 7.92365e-06 4.42798e-06 2.18473e-06 9.23295e-07 3.02718e-07 5.49829e-08 0 
0 8.20492e-06 3.36694e-05 7.65301e-05 0.000135173 0.000206063 0.000283908 0.000362338 0.00043509 0.000497291 0.000546242 0.000581401 0.000603698 0.00061463 0.000615509 0.000607075 0.000589457 0.000562418 0.000525736 0.000479608 0.000424911 0.00036327 0.00029705 0.000229567 0.000165634 0.000111374 7.16614e-05 4.68803e-05 3.32478e-05 2.59366e-05 2.11311e-05 1.66572e-05 1.20702e-05 7.92365e-06 4.72959e-06 2.57054e-06 1.25505e-06 5.28437e-07 1.7304e-07 3.14166e-08 0 
0 4.37304e-06 1.79651e-05 4.09267e-05 7.25897e-05 0.000111437 0.000155182 0.000200979 0.000245777 0.000286734 0.000321566 0.000348731 0.000367426 0.000377429 0.000378911 0.000372292 0.000358167 0.000337313 0.00031072 0.000279604 0.00024537 0.000209525 0.000173586 0.000139039 0.000107368 8.0011e-05 5.80321e-05 4.16245e-05 2.99672e-05 2.16916e-05 1.55511e-05 1.07967e-05 7.12766e-06 4.42798e-06 2.57054e-06 1.37985e-06 6.70309e-07 2.81691e-07 9.21782e-08 1.67316e-08 0 
0 2.11741e-06 8.70253e-06 1.98428e-05 3.52501e-05 5.42571e-05 7.58562e-05 9.8782e-05 0.000121633 0.000143015 0.000161681 0.000176635 0.000187192 0.000192985 0.000193949 0.000190282 0.000182403 0.000170913 0.000156556 0.000140161 0.000122592 0.000104682 8.71876e-05 7.07518e-05 5.58966e-05 4.30066e-05 3.22927e-05 2.37462e-05 1.71439e-05 1.21386e-05 8.38152e-06 5.59743e-06 3.58512e-06 2.18473e-06 1.25505e-06 6.70309e-07 3.24905e-07 1.36416e-07 4.46242e-08 8.09887e-09 0 
0 8.88588e-07 3.65271e-06 8.33135e-06 1.48088e-05 2.28151e-05 3.19419e-05 4.1675e-05 5.14382e-05 6.06456e-05 6.87542e-05 7.53089e-05 7.99754e-05 8.25582e-05 8.30043e-05 8.13945e-05 7.79261e-05 7.28891e-05 6.66371e-05 5.95568e-05 5.20373e-05 4.44421e-05 3.70876e-05 3.02294e-05 2.40555e-05 1.86846e-05 1.41665e-05 1.04857e-05 7.57333e-06 5.32833e-06 3.63988e-06 2.40314e-06 1.5248e-06 9.23295e-07 5.28437e-07 2.81691e-07 1.36416e-07 5.72537e-08 1.87258e-08 3.39836e-09 0 
0 2.90613e-07 1.1947e-06 2.72526e-06 4.84507e-06 7.46688e-06 1.04588e-05 1.36543e-05 1.68663e-05 1.99032e-05 2.25852e-05 2.47595e-05 2.63118e-05 2.71733e-05 2.7324e-05 2.67899e-05 2.5638e-05 2.39673e-05 2.1898e-05 1.95609e-05 1.70861e-05 1.45938e-05 1.2187e-05 9.94755e-06 7.93333e-06 6.17895e-06 4.6973e-06 3.48275e-06 2.51549e-06 1.76664e-06 1.20319e-06 7.91751e-07 5.00945e-07 3.02718e-07 1.7304e-07 9.21782e-08 4.46242e-08 1.87258e-08 6.12419e-09 1.11139e-09 0 
0 5.27391e-08 2.16813e-07 4.94599e-07 8.79375e-07 1.35537e-06 1.89874e-06 2.47938e-06 3.06339e-06 3.61598e-06 4.10443e-06 4.50078e-06 4.78398e-06 4.94131e-06 4.96894e-06 4.8716e-06 4.66157e-06 4.35704e-06 3.98013e-06 3.55479e-06 3.10479e-06 2.65202e-06 2.21517e-06 1.80891e-06 1.44357e-06 1.12521e-06 8.56017e-07 6.34964e-07 4.58608e-07 3.21921e-07 2.19063e-07 1.44017e-07 9.10441e-08 5.49829e-08 3.14166e-08 1.67316e-08 8.09887e-09 3.39836e-09 1.11139e-09 2.01686e-10 0 
0 0 0 0 0 0 0 0 0 0 0 0 0 0 0 0 0 0 0 0 0 0 0 0 0 0 0 0 0 0 0 0 0 0 0 0 0 0 0 0 0 
