0 0 0 0 0 0 0 0 0 0 0 0 0 0 0 0 0 0 0 0 0 0 0 0 0 0 0 0 0 0 0 0 0 0 0 0 0 0 0 0 0 
0 1.33448e-05 5.27133e-05 0.000111729 0.000176475 0.000230111 0.000261346 0.000269034 0.00025957 0.000241424 0.000221475 0.000204003 0.000191144 0.000183703 0.000181798 0.000185225 0.000193565 0.000206114 0.000221713 0.000238555 0.000254095 0.00026521 0.000268695 0.000262061 0.000244403 0.000216936 0.000182824 0.000146278 0.00011132 8.08055e-05 5.60927e-05 3.7282e-05 2.37001e-05 1.43504e-05 8.20908e-06 4.37398e-06 2.11759e-06 8.88618e-07 2.90617e-07 5.27393e-08 0 
0 5.27133e-05 0.000196712 0.000372981 0.000490148 0.000494144 0.000410588 0.000300717 0.000206187 0.000139205 9.64172e-05 7.0755e-05 5.63279e-05 4.93719e-05 4.79285e-05 5.14005e-05 6.02935e-05 7.61378e-05 0.000101452 0.000139501 0.000193463 0.000264651 0.000349788 0.000438427 0.000512869 0.000553031 0.000545588 0.000491703 0.000406669 0.000311435 0.000223142 0.000150887 9.6752e-05 5.88209e-05 3.37079e-05 1.79735e-05 8.70413e-06 3.65297e-06 1.19473e-06 2.16815e-07 0 
0 0.000111729 0.000372981 0.000568486 0.000529087 0.000340645 0.000170525 7.378e-05 3.01432e-05 1.25385e-05 5.66764e-06 2.93944e-06 1.82274e-06 1.38694e-06 1.30766e-06 1.51854e-06 2.12898e-06 3.49344e-06 6.45553e-06 1.28791e-05 2.65932e-05 5.46404e-05 0.00010792 0.000198967 0.000333942 0.000499217 0.000652735 0.00073812 0.000721945 0.000618634 0.000474431 0.000332977 0.000217521 0.00013338 7.67153e-05 4.09662e-05 1.98501e-05 8.33247e-06 2.72539e-06 4.94607e-07 0 
0 0.000176475 0.000490148 0.000529087 0.00029892 0.00010577 2.74988e-05 5.99933e-06 1.23609e-06 2.68783e-07 6.83093e-08 2.214e-08 9.78191e-09 6.14302e-09 5.56755e-09 7.20474e-09 1.28708e-08 3.01342e-08 8.67053e-08 2.8577e-07 1.00572e-06 3.54228e-06 1.18138e-05 3.57097e-05 9.47069e-05 0.000215128 0.00041003 0.000643186 0.000819458 0.000850936 0.00073833 0.000555825 0.00037624 0.000234504 0.000135814 7.27237e-05 3.52742e-05 1.48125e-05 4.84548e-06 8.794e-07 0 
0 0.000230111 0.000494144 0.000340645 0.00010577 1.85495e-05 2.20538e-06 2.09157e-07 1.8598e-08 1.81959e-09 2.27477e-10 4.13137e-11 1.20224e-11 5.96009e-12 5.14523e-12 7.60814e-12 1.83187e-11 6.64528e-11 3.2993e-10 2.01836e-09 1.36972e-08 9.35715e-08 5.92175e-07 3.25327e-06 1.4826e-05 5.45259e-05 0.000159332 0.000365264 0.000646624 0.000874147 0.00091358 0.000770113 0.000553351 0.000354649 0.000207836 0.000111804 5.4322e-05 2.28246e-05 7.46794e-06 1.35544e-06 0 
0 0.000261346 0.000410588 0.000170525 2.74988e-05 2.20538e-06 1.07911e-07 3.9541e-09 1.34609e-10 5.29033e-12 2.94272e-13 2.7597e-14 4.98673e-15 1.88741e-15 1.54124e-15 2.65337e-15 8.98006e-15 5.36815e-14 4.96634e-13 6.15415e-12 8.83997e-11 1.28742e-09 1.69449e-08 1.84126e-07 1.55054e-06 9.75801e-06 4.52674e-05 0.000154647 0.000388156 0.000707926 0.00093441 0.000920296 0.000721734 0.000482577 0.00028799 0.000156026 7.60041e-05 3.19634e-05 1.04611e-05 1.89888e-06 0 
0 0.000269034 0.000300717 7.378e-05 5.99933e-06 2.09157e-07 3.9541e-09 5.2298e-11 6.36874e-13 9.43164e-15 2.20576e-16 1.02033e-17 1.11768e-18 3.26138e-19 2.53506e-19 5.00006e-19 2.38935e-18 2.42931e-17 4.37333e-16 1.15308e-14 3.69457e-13 1.21003e-11 3.49049e-10 7.88344e-09 1.28299e-07 1.43382e-06 1.08232e-05 5.55712e-05 0.000197062 0.000485023 0.000822833 0.000974329 0.000854878 0.000605219 0.000370375 0.000202657 9.90749e-05 4.1717e-05 1.36588e-05 2.47964e-06 0 
0 0.00025957 0.000206187 3.01432e-05 1.23609e-06 1.8598e-08 1.34609e-10 6.36874e-13 2.75088e-15 1.52308e-17 1.52024e-19 5.17486e-21 1.02726e-21 5.13243e-22 4.40748e-22 6.19057e-22 1.54765e-21 1.17679e-20 3.48898e-19 1.95478e-17 1.406e-15 1.0424e-13 6.63528e-12 3.13707e-10 9.93883e-09 1.98592e-07 2.44945e-06 1.88492e-05 9.31887e-05 0.000303759 0.000656096 0.000940977 0.000937452 0.000710904 0.000448888 0.000248711 0.000122146 5.15112e-05 1.68741e-05 3.06384e-06 0 
0 0.000241424 0.000139205 1.25385e-05 2.68783e-07 1.81959e-09 5.29033e-12 9.43164e-15 1.52308e-17 3.44584e-20 3.19251e-22 2.80571e-23 1.05311e-23 7.68289e-24 7.07869e-24 7.84743e-24 1.19756e-23 4.29204e-23 5.8062e-22 4.51882e-20 6.89001e-18 1.10927e-15 1.49687e-13 1.4276e-11 8.52145e-10 2.96104e-08 5.83114e-07 6.58629e-06 4.43591e-05 0.000186242 0.000499178 0.000856748 0.000970461 0.000792498 0.000518287 0.000291307 0.000143819 6.07597e-05 1.99153e-05 3.61667e-06 0 
0 0.000221475 9.64172e-05 5.66764e-06 6.83093e-08 2.27477e-10 2.94272e-13 2.20576e-16 1.52024e-19 3.19251e-22 5.47597e-24 7.65918e-25 4.18801e-25 3.73419e-25 3.57724e-25 3.48932e-25 3.96576e-25 8.11387e-25 5.79512e-24 2.70964e-22 6.07776e-20 1.93028e-17 5.07549e-15 9.02645e-13 9.45926e-11 5.37716e-09 1.60644e-07 2.55359e-06 2.25956e-05 0.000117993 0.000379351 0.000759748 0.000967406 0.000848664 0.000575003 0.000327994 0.00016282 6.89159e-05 2.26023e-05 4.10541e-06 0 
0 0.000204003 7.0755e-05 2.93944e-06 2.214e-08 4.13137e-11 2.7597e-14 1.02033e-17 5.17486e-21 2.80571e-23 7.65919e-25 7.7553e-26 3.51271e-26 3.26215e-26 3.17105e-26 2.89259e-26 2.81186e-26 4.63363e-26 3.00903e-25 9.71312e-24 1.43881e-21 6.9992e-19 3.16902e-16 9.37379e-14 1.5556e-11 1.32226e-09 5.55584e-08 1.16835e-06 1.29184e-05 8.0402e-05 0.000298285 0.00067474 0.000945847 0.000882725 0.000617372 0.00035697 0.000178108 7.55182e-05 2.47816e-05 4.50203e-06 0 
0 0.000191144 5.63279e-05 1.82274e-06 9.78191e-09 1.20224e-11 4.98673e-15 1.11768e-18 1.02727e-21 1.05312e-23 4.18803e-25 3.51272e-26 6.65681e-27 4.04212e-27 3.6851e-27 3.24423e-27 3.17945e-27 7.43083e-27 6.72001e-26 1.66128e-24 1.43006e-22 6.41925e-20 4.25443e-17 1.81661e-14 4.20074e-12 4.77434e-10 2.5668e-08 6.60886e-07 8.58402e-06 6.05895e-05 0.000248672 0.000612769 0.000920705 0.000900161 0.000645276 0.000377139 0.000188941 8.02245e-05 2.6338e-05 4.78547e-06 0 
0 0.000183703 4.93719e-05 1.38694e-06 6.14302e-09 5.96009e-12 1.88741e-15 3.26138e-19 5.13244e-22 7.68291e-24 3.73421e-25 3.26217e-26 4.04214e-27 9.25038e-28 5.33485e-28 4.55856e-28 6.8534e-28 3.44097e-27 3.67403e-26 7.70245e-25 4.93488e-23 1.68034e-20 1.35302e-17 7.11541e-15 1.98644e-12 2.66285e-10 1.64698e-08 4.75813e-07 6.7728e-06 5.13373e-05 0.000223001 0.000576585 0.000901598 0.000906188 0.000659472 0.000388038 0.000194906 8.28323e-05 2.72022e-05 4.94295e-06 0 
0 0.000181798 4.79285e-05 1.30766e-06 5.56755e-09 5.14523e-12 1.54124e-15 2.53506e-19 4.40748e-22 7.07871e-24 3.57726e-25 3.17107e-26 3.68512e-27 5.33487e-28 1.365e-28 1.13837e-28 3.91016e-28 2.89489e-27 3.2018e-26 6.52661e-25 3.95896e-23 1.2626e-20 1.05478e-17 5.79405e-15 1.68285e-12 2.33577e-10 1.4881e-08 4.40509e-07 6.39264e-06 4.91895e-05 0.000216289 0.000565393 0.000892927 0.000904225 0.000660937 0.000389707 0.000195909 8.32842e-05 2.73535e-05 4.97061e-06 0 
0 0.000185225 5.14005e-05 1.51854e-06 7.20474e-09 7.60814e-12 2.65337e-15 5.00006e-19 6.19058e-22 7.84745e-24 3.48933e-25 2.89261e-26 3.24425e-27 4.55858e-28 1.13837e-28 1.1384e-28 4.45801e-28 3.38271e-27 3.97962e-26 9.14434e-25 6.66467e-23 2.59707e-20 1.96187e-17 9.59352e-15 2.50897e-12 3.17733e-10 1.87286e-08 5.20089e-07 7.17317e-06 5.30594e-05 0.000226264 0.000577213 0.000894765 0.000895321 0.000650464 0.000382565 0.000192146 8.16609e-05 2.6818e-05 4.87319e-06 0 
0 0.000193565 6.02935e-05 2.12898e-06 1.28708e-08 1.83187e-11 8.98006e-15 2.38935e-18 1.54765e-21 1.19757e-23 3.96577e-25 2.81187e-26 3.17946e-27 6.85339e-28 3.91013e-28 4.45799e-28 1.04921e-27 6.25254e-27 8.07734e-26 2.49178e-24 2.74311e-22 1.37703e-19 8.0254e-17 3.02046e-14 6.2365e-12 6.42212e-10 3.17616e-08 7.63554e-07 9.38952e-06 6.35329e-05 0.000252672 0.000609128 0.000903455 0.000878273 0.000628571 0.000367332 0.00018406 7.81632e-05 2.56631e-05 4.66299e-06 0 
0 0.000206114 7.61378e-05 3.49344e-06 3.01342e-08 6.64528e-11 5.36815e-14 2.42931e-17 1.17679e-20 4.29205e-23 8.11389e-25 4.63364e-26 7.43082e-27 3.44095e-27 2.89487e-27 3.3827e-27 6.25252e-27 2.73975e-26 3.81379e-25 1.83601e-23 3.65479e-21 1.64326e-18 6.37213e-16 1.63136e-13 2.37798e-11 1.8052e-09 6.89224e-08 1.33954e-06 1.39099e-05 8.2521e-05 0.000295919 0.000655859 0.000911721 0.000850208 0.000595674 0.00034499 0.000172295 7.30869e-05 2.39883e-05 4.35824e-06 0 
0 0.000221713 0.000101452 6.45553e-06 8.67053e-08 3.2993e-10 4.96634e-13 4.37333e-16 3.48898e-19 5.80621e-22 5.79513e-24 3.00903e-25 6.71999e-26 3.67402e-26 3.20178e-26 3.9796e-26 8.07732e-26 3.81378e-25 6.84424e-24 5.5103e-22 1.29686e-19 3.63147e-17 8.4124e-15 1.32998e-12 1.25333e-10 6.49024e-09 1.7905e-07 2.66447e-06 2.23768e-05 0.000112523 0.000354172 0.000706854 0.000908685 0.000807473 0.000552375 0.000316773 0.000157641 6.67927e-05 2.19146e-05 3.98108e-06 0 
0 0.000238555 0.000139501 1.28791e-05 2.8577e-07 2.01836e-09 6.15415e-12 1.15308e-14 1.95478e-17 4.51882e-20 2.70964e-22 9.71311e-24 1.66128e-24 7.70243e-25 6.52659e-25 9.14432e-25 2.49178e-24 1.83601e-23 5.5103e-22 5.36803e-20 7.88277e-18 1.20959e-15 1.5578e-13 1.42047e-11 8.12217e-10 2.70957e-08 5.13908e-07 5.61935e-06 3.69552e-05 0.000153715 0.000417268 0.00074242 0.000880422 0.000746685 0.000499729 0.000284119 0.00014097 5.96732e-05 1.95734e-05 3.55551e-06 0 
0 0.000254095 0.000193463 2.65932e-05 1.00572e-06 1.36972e-08 8.83997e-11 3.69457e-13 1.406e-15 6.89001e-18 6.07776e-20 1.43881e-21 1.43005e-22 4.93488e-23 3.95895e-23 6.66466e-23 2.7431e-22 3.65479e-21 1.29686e-19 7.88277e-18 6.15924e-16 4.95896e-14 3.40659e-12 1.71764e-10 5.7091e-09 1.1753e-07 1.47131e-06 1.14224e-05 5.74225e-05 0.000195115 0.000456353 0.000730857 0.000811661 0.000665659 0.000439347 0.000248595 0.000123172 5.21213e-05 1.70952e-05 3.10532e-06 0 
0 0.00026521 0.000264651 5.46404e-05 3.54228e-06 9.35715e-08 1.28742e-09 1.21003e-11 1.0424e-13 1.10927e-15 1.93028e-17 6.9992e-19 6.41925e-20 1.68034e-20 1.2626e-20 2.59707e-20 1.37703e-19 1.64326e-18 3.63147e-17 1.20959e-15 4.95896e-14 2.07115e-12 7.4695e-11 2.03379e-09 3.79239e-08 4.58752e-07 3.58313e-06 1.88275e-05 7.07956e-05 0.000198853 0.000416742 0.000632516 0.000689243 0.000564059 0.00037332 0.000211789 0.000105093 4.45021e-05 1.46003e-05 2.65241e-06 0 
0 0.000268695 0.000349788 0.00010792 1.18138e-05 5.92175e-07 1.69449e-08 3.49049e-10 6.63528e-12 1.49687e-13 5.07549e-15 3.16902e-16 4.25443e-17 1.35302e-17 1.05478e-17 1.96187e-17 8.0254e-17 6.37213e-16 8.4124e-15 1.5578e-13 3.40659e-12 7.4695e-11 1.41563e-09 2.03721e-08 2.00703e-07 1.2787e-06 5.39859e-06 1.69992e-05 4.63335e-05 0.00011669 0.000254557 0.000426208 0.000509709 0.000444208 0.000304126 0.000175216 8.7487e-05 3.71316e-05 1.21919e-05 2.21545e-06 0 
0 0.000262061 0.000438427 0.000198967 3.57097e-05 3.25327e-06 1.84126e-07 7.88344e-09 3.13707e-10 1.4276e-11 9.02645e-13 9.37379e-14 1.81661e-14 7.11541e-15 5.79405e-15 9.59352e-15 3.02046e-14 1.63136e-13 1.32998e-12 1.42047e-11 1.71764e-10 2.03379e-09 2.03721e-08 1.47872e-07 6.63378e-07 1.6551e-06 2.49608e-06 3.28366e-06 6.00554e-06 1.78165e-05 6.33971e-05 0.000174874 0.000296659 0.000313676 0.000234869 0.0001403 7.09851e-05 3.02637e-05 9.95129e-06 1.80913e-06 0 
0 0.000244403 0.000512869 0.000333942 9.47069e-05 1.4826e-05 1.55054e-06 1.28299e-07 9.93883e-09 8.52145e-10 9.45926e-11 1.5556e-11 4.20074e-12 1.98644e-12 1.68285e-12 2.50897e-12 6.2365e-12 2.37798e-11 1.25333e-10 8.12217e-10 5.7091e-09 3.79239e-08 2.00703e-07 6.63378e-07 9.78081e-07 4.78673e-07 9.22251e-08 1.97588e-08 1.94137e-08 1.35897e-07 2.42303e-06 2.81583e-05 0.000116176 0.000189612 0.000169926 0.000108427 5.60923e-05 2.40839e-05 7.93638e-06 1.44375e-06 0 
0 0.000216936 0.000553031 0.000499217 0.000215128 5.45259e-05 9.75801e-06 1.43382e-06 1.98592e-07 2.96104e-08 5.37716e-09 1.32226e-09 4.77434e-10 2.66285e-10 2.33577e-10 3.17733e-10 6.42212e-10 1.8052e-09 6.49024e-09 2.70957e-08 1.1753e-07 4.58752e-07 1.2787e-06 1.6551e-06 4.78673e-07 1.41088e-08 5.36988e-11 3.09919e-13 9.90848e-14 6.25487e-12 4.32457e-09 1.10208e-06 2.67248e-05 9.56029e-05 0.000114948 8.0937e-05 4.31765e-05 1.87088e-05 6.18149e-06 1.12535e-06 0 
0 0.000182824 0.000545588 0.000652735 0.00041003 0.000159332 4.52674e-05 1.08232e-05 2.44945e-06 5.83114e-07 1.60644e-07 5.55584e-08 2.5668e-08 1.64698e-08 1.4881e-08 1.87286e-08 3.17616e-08 6.89224e-08 1.7905e-07 5.13908e-07 1.47131e-06 3.58313e-06 5.39859e-06 2.49608e-06 9.22251e-08 5.36988e-11 6.33084e-16 2.1317e-15 2.61247e-15 3.12032e-16 4.54941e-13 1.27969e-08 4.10858e-06 4.28476e-05 7.45259e-05 5.88211e-05 3.24365e-05 1.41865e-05 4.69936e-06 8.56131e-07 0 
0 0.000146278 0.000491703 0.00073812 0.000643186 0.000365264 0.000154647 5.55712e-05 1.88492e-05 6.58629e-06 2.55359e-06 1.16835e-06 6.60886e-07 4.75813e-07 4.40509e-07 5.20089e-07 7.63554e-07 1.33954e-06 2.66447e-06 5.61935e-06 1.14224e-05 1.88275e-05 1.69992e-05 3.28366e-06 1.97588e-08 3.09919e-13 2.13169e-15 2.25598e-16 2.02592e-16 3.31103e-17 1.22156e-16 2.30869e-10 7.83825e-07 2.08128e-05 4.90332e-05 4.2246e-05 2.38586e-05 1.05011e-05 3.48431e-06 6.3505e-07 0 
0 0.00011132 0.000406669 0.000721945 0.000819458 0.000646624 0.000388156 0.000197062 9.31887e-05 4.43591e-05 2.25956e-05 1.29184e-05 8.58402e-06 6.7728e-06 6.39264e-06 7.17317e-06 9.38952e-06 1.39099e-05 2.23768e-05 3.69552e-05 5.74225e-05 7.07956e-05 4.63335e-05 6.00554e-06 1.94137e-08 9.90848e-14 2.61247e-15 2.02592e-16 4.8617e-17 7.32729e-17 2.75283e-15 6.83556e-11 4.19078e-07 1.38617e-05 3.47763e-05 3.0406e-05 1.72223e-05 7.58396e-06 2.51656e-06 4.58667e-07 0 
0 8.08055e-05 0.000311435 0.000618634 0.000850936 0.000874147 0.000707926 0.000485023 0.000303759 0.000186242 0.000117993 8.0402e-05 6.05895e-05 5.13373e-05 4.91895e-05 5.30594e-05 6.35329e-05 8.2521e-05 0.000112523 0.000153715 0.000195115 0.000198853 0.00011669 1.78165e-05 1.35897e-07 6.25487e-12 3.12032e-16 3.31103e-17 7.32728e-17 7.5341e-17 2.06838e-15 6.87415e-10 7.97459e-07 1.34893e-05 2.69499e-05 2.19632e-05 1.21863e-05 5.33478e-06 1.76729e-06 3.21957e-07 0 
0 5.60927e-05 0.000223142 0.000474431 0.00073833 0.00091358 0.00093441 0.000822833 0.000656096 0.000499178 0.000379351 0.000298285 0.000248672 0.000223001 0.000216289 0.000226264 0.000252672 0.000295919 0.000354172 0.000417268 0.000456353 0.000416742 0.000254557 6.33971e-05 2.42303e-06 4.32457e-09 4.54941e-13 1.22156e-16 2.75283e-15 2.06838e-15 1.85888e-11 3.91552e-08 2.93209e-06 1.60397e-05 2.17253e-05 1.56955e-05 8.40649e-06 3.64329e-06 1.20354e-06 2.19083e-07 0 
0 3.7282e-05 0.000150887 0.000332977 0.000555825 0.000770113 0.000920296 0.000974329 0.000940977 0.000856748 0.000759748 0.00067474 0.000612769 0.000576585 0.000565393 0.000577213 0.000609128 0.000655859 0.000706854 0.00074242 0.000730857 0.000632516 0.000426208 0.000174874 2.81583e-05 1.10208e-06 1.27969e-08 2.30869e-10 6.83556e-11 6.87415e-10 3.91552e-08 1.27749e-06 9.12954e-06 1.80831e-05 1.69466e-05 1.08615e-05 5.60863e-06 2.4047e-06 7.91914e-07 1.44027e-07 0 
0 2.37001e-05 9.6752e-05 0.000217521 0.00037624 0.000553351 0.000721734 0.000854878 0.000937452 0.000970461 0.000967406 0.000945847 0.000920705 0.000901598 0.000892927 0.000894765 0.000903455 0.000911721 0.000908685 0.000880422 0.000811661 0.000689243 0.000509709 0.000296659 0.000116176 2.67248e-05 4.10858e-06 7.83825e-07 4.19078e-07 7.97459e-07 2.93209e-06 9.12954e-06 1.6129e-05 1.67296e-05 1.21837e-05 7.15214e-06 3.58942e-06 1.52541e-06 5.01011e-07 9.10479e-08 0 
0 1.43504e-05 5.88209e-05 0.00013338 0.000234504 0.000354649 0.000482577 0.000605219 0.000710904 0.000792498 0.000848664 0.000882725 0.000900161 0.000906188 0.000904225 0.000895321 0.000878273 0.000850208 0.000807473 0.000746685 0.000665659 0.000564059 0.000444208 0.000313676 0.000189612 9.56029e-05 4.28476e-05 2.08128e-05 1.38617e-05 1.34893e-05 1.60397e-05 1.80831e-05 1.67296e-05 1.2543e-05 7.95974e-06 4.4358e-06 2.18615e-06 9.23507e-07 3.02742e-07 5.49844e-08 0 
0 8.20908e-06 3.37079e-05 7.67153e-05 0.000135814 0.000207836 0.00028799 0.000370375 0.000448888 0.000518287 0.000575003 0.000617372 0.000645276 0.000659472 0.000660937 0.000650464 0.000628571 0.000595674 0.000552375 0.000499729 0.000439347 0.00037332 0.000304126 0.000234869 0.000169926 0.000114948 7.45259e-05 4.90332e-05 3.47763e-05 2.69499e-05 2.17253e-05 1.69466e-05 1.21837e-05 7.95974e-06 4.73912e-06 2.57267e-06 1.25546e-06 5.285e-07 1.73048e-07 3.1417e-08 0 
0 4.37398e-06 1.79735e-05 4.09662e-05 7.27237e-05 0.000111804 0.000156026 0.000202657 0.000248711 0.000291307 0.000327994 0.00035697 0.000377139 0.000388038 0.000389707 0.000382565 0.000367332 0.00034499 0.000316773 0.000284119 0.000248595 0.000211789 0.000175216 0.0001403 0.000108427 8.0937e-05 5.88211e-05 4.2246e-05 3.0406e-05 2.19632e-05 1.56955e-05 1.08615e-05 7.15214e-06 4.4358e-06 2.57267e-06 1.38035e-06 6.70408e-07 2.81708e-07 9.21801e-08 1.67317e-08 0 
0 2.11759e-06 8.70413e-06 1.98501e-05 3.52742e-05 5.4322e-05 7.60041e-05 9.90749e-05 0.000122146 0.000143819 0.00016282 0.000178108 0.000188941 0.000194906 0.000195909 0.000192146 0.00018406 0.000172295 0.000157641 0.00014097 0.000123172 0.000105093 8.7487e-05 7.09851e-05 5.60923e-05 4.31765e-05 3.24365e-05 2.38586e-05 1.72223e-05 1.21863e-05 8.40649e-06 5.60863e-06 3.58942e-06 2.18615e-06 1.25546e-06 6.70408e-07 3.24926e-07 1.36419e-07 4.46246e-08 8.0989e-09 0 
0 8.88618e-07 3.65297e-06 8.33247e-06 1.48125e-05 2.28246e-05 3.19634e-05 4.1717e-05 5.15112e-05 6.07597e-05 6.89159e-05 7.55182e-05 8.02245e-05 8.28323e-05 8.32842e-05 8.16609e-05 7.81632e-05 7.30869e-05 6.67927e-05 5.96732e-05 5.21213e-05 4.45021e-05 3.71316e-05 3.02637e-05 2.40839e-05 1.87088e-05 1.41865e-05 1.05011e-05 7.58396e-06 5.33478e-06 3.64329e-06 2.4047e-06 1.52541e-06 9.23507e-07 5.285e-07 2.81708e-07 1.36419e-07 5.72544e-08 1.87259e-08 3.39836e-09 0 
0 2.90617e-07 1.19473e-06 2.72539e-06 4.84548e-06 7.46794e-06 1.04611e-05 1.36588e-05 1.68741e-05 1.99153e-05 2.26023e-05 2.47816e-05 2.6338e-05 2.72022e-05 2.73535e-05 2.6818e-05 2.56631e-05 2.39883e-05 2.19146e-05 1.95734e-05 1.70952e-05 1.46003e-05 1.21919e-05 9.95129e-06 7.93638e-06 6.18149e-06 4.69936e-06 3.48431e-06 2.51656e-06 1.76729e-06 1.20354e-06 7.91914e-07 5.01011e-07 3.02742e-07 1.73048e-07 9.21801e-08 4.46246e-08 1.87259e-08 6.1242e-09 1.11139e-09 0 
0 5.27393e-08 2.16815e-07 4.94607e-07 8.794e-07 1.35544e-06 1.89888e-06 2.47964e-06 3.06384e-06 3.61667e-06 4.10541e-06 4.50203e-06 4.78547e-06 4.94295e-06 4.97061e-06 4.87319e-06 4.66299e-06 4.35824e-06 3.98108e-06 3.55551e-06 3.10532e-06 2.65241e-06 2.21545e-06 1.80913e-06 1.44375e-06 1.12535e-06 8.56131e-07 6.3505e-07 4.58667e-07 3.21957e-07 2.19083e-07 1.44027e-07 9.10479e-08 5.49844e-08 3.1417e-08 1.67317e-08 8.0989e-09 3.39836e-09 1.11139e-09 2.01686e-10 0 
0 0 0 0 0 0 0 0 0 0 0 0 0 0 0 0 0 0 0 0 0 0 0 0 0 0 0 0 0 0 0 0 0 0 0 0 0 0 0 0 0 
