0 0 0 0 0 0 0 0 0 0 0 0 0 0 0 0 0 0 0 0 0 0 0 0 0 0 0 0 0 0 0 0 0 0 0 0 0 0 0 0 0 
0 1.34753e-05 5.38471e-05 0.000116472 0.000189637 0.00025707 0.00030491 0.000327848 0.000329356 0.000317346 0.00029976 0.000282419 0.000268782 0.000260533 0.000258233 0.000261766 0.000270509 0.00028331 0.000298367 0.000313124 0.000324345 0.000328507 0.000322528 0.000304707 0.00027547 0.000237508 0.000195093 0.000152829 0.000114443 8.21348e-05 5.65993e-05 3.74553e-05 2.37535e-05 1.43652e-05 8.21277e-06 4.3748e-06 2.11775e-06 8.88644e-07 2.9062e-07 5.27396e-08 0 
0 5.38471e-05 0.000206605 0.000411969 0.000583576 0.000645385 0.000591252 0.000475024 0.000353694 0.000256298 0.000188194 0.000144515 0.00011874 0.000105892 0.000103105 0.000109402 0.000125401 0.000153082 0.000195432 0.000255631 0.00033533 0.000431914 0.000535493 0.000627867 0.000686282 0.000692538 0.000642683 0.000549676 0.000436353 0.000324551 0.000228195 0.000152602 9.727e-05 5.89607e-05 3.37417e-05 1.79808e-05 8.70549e-06 3.65318e-06 1.19475e-06 2.16816e-07 0 
0 0.000116472 0.000411969 0.000696676 0.000749841 0.000567811 0.000332564 0.000166217 7.74365e-05 3.62311e-05 1.81204e-05 1.01904e-05 6.69276e-06 5.25714e-06 4.98433e-06 5.67557e-06 7.62704e-06 1.17685e-05 2.01478e-05 3.68544e-05 6.93306e-05 0.000129352 0.000231555 0.000386085 0.000584048 0.000784123 0.000920473 0.000941053 0.000845225 0.000679306 0.000499165 0.000341545 0.000220099 0.000134064 7.68767e-05 4.09999e-05 1.98563e-05 8.33341e-06 2.7255e-06 4.94614e-07 0 
0 0.000189637 0.000583576 0.000749841 0.000527196 0.000233384 7.53553e-05 2.02926e-05 5.12043e-06 1.34382e-06 4.02679e-07 1.49084e-07 7.24198e-08 4.79384e-08 4.38559e-08 5.4948e-08 9.15359e-08 1.9364e-07 4.91371e-07 1.40517e-06 4.25449e-06 1.28717e-05 3.70086e-05 9.70264e-05 0.000224273 0.000444104 0.00073455 0.000996532 0.00110632 0.00102424 0.000818404 0.000585379 0.000385333 0.000236912 0.000136373 7.28379e-05 3.52945e-05 1.48155e-05 4.84582e-06 8.79421e-07 0 
0 0.00025707 0.000645385 0.000567811 0.000233384 5.45695e-05 8.71674e-06 1.11743e-06 1.33729e-07 1.72805e-08 2.75847e-09 6.10424e-10 2.0451e-10 1.09643e-10 9.59867e-11 1.35297e-10 2.93665e-10 9.16267e-10 3.77377e-09 1.86893e-08 1.01384e-07 5.52676e-07 2.81222e-06 1.26004e-05 4.76421e-05 0.000147497 0.000365017 0.000705704 0.0010479 0.00120033 0.0010983 0.000846824 0.000578302 0.00036137 0.00020939 0.000112117 5.43766e-05 2.28326e-05 7.46882e-06 1.35549e-06 0 
0 0.00030491 0.000591252 0.000332564 7.53553e-05 8.71674e-06 6.32022e-07 3.48677e-08 1.78119e-09 1.02432e-10 7.96089e-12 9.78369e-13 2.14396e-13 9.033e-14 7.51909e-14 1.21227e-13 3.55936e-13 1.73093e-12 1.23969e-11 1.14983e-10 1.21447e-09 1.29681e-08 1.26421e-07 1.03854e-06 6.79541e-06 3.42134e-05 0.000130022 0.00036755 0.000759421 0.00113438 0.00124965 0.00107582 0.000777206 0.000498113 0.000291613 0.00015675 7.61286e-05 3.19812e-05 1.04631e-05 1.899e-06 0 
0 0.000327848 0.000475024 0.000166217 2.02926e-05 1.11743e-06 3.48677e-08 7.79362e-10 1.59823e-11 3.85912e-13 1.38696e-14 9.07702e-16 1.26212e-16 4.1072e-17 3.23828e-17 6.02708e-17 2.445e-16 1.91211e-15 2.47652e-14 4.49853e-13 9.70389e-12 2.13066e-10 4.17152e-09 6.56182e-08 7.70777e-07 6.47742e-06 3.8261e-05 0.00015826 0.000456103 0.000904932 0.00123923 0.0012281 0.000957433 0.000635718 0.00037764 0.000204111 9.93227e-05 4.17521e-05 1.36626e-05 2.47986e-06 0 
0 0.000329356 0.000353694 7.74365e-05 5.12043e-06 1.33729e-07 1.78119e-09 1.59823e-11 1.3039e-13 1.31108e-15 2.16337e-17 7.51747e-19 6.79174e-20 1.81665e-20 1.38465e-20 2.81772e-20 1.50754e-19 1.8804e-18 4.42322e-17 1.58306e-15 7.0209e-14 3.19245e-12 1.26452e-10 3.83641e-09 8.14179e-08 1.14632e-06 1.05002e-05 6.28293e-05 0.000248186 0.000647073 0.0011086 0.00128646 0.00109898 0.000762766 0.000461643 0.000251285 0.000122583 5.15724e-05 1.68806e-05 3.06421e-06 0 
0 0.000317346 0.000256298 3.62311e-05 1.34382e-06 1.72805e-08 1.02432e-10 3.85912e-13 1.31108e-15 5.73478e-18 4.5778e-20 1.04927e-21 1.11185e-22 4.01019e-23 3.25298e-23 5.38595e-23 2.11223e-22 2.75499e-21 1.05161e-19 7.13316e-18 6.27451e-16 5.69937e-14 4.41227e-12 2.50119e-10 9.32401e-09 2.1458e-07 2.97951e-06 2.51732e-05 0.000132501 0.000441594 0.000931892 0.00126615 0.00119298 0.000870285 0.000538176 0.000295373 0.000144509 6.0856e-05 1.99254e-05 3.61725e-06 0 
0 0.00029976 0.000188194 1.81204e-05 4.02679e-07 2.75847e-09 7.96089e-12 1.38696e-14 2.16337e-17 4.5778e-20 2.34063e-22 6.0921e-24 8.86779e-25 4.04283e-25 3.43692e-25 4.85144e-25 1.40505e-24 1.3155e-23 5.22833e-22 5.76513e-20 9.28011e-18 1.55914e-15 2.1902e-13 2.16517e-11 1.33282e-09 4.75205e-08 9.55556e-07 1.09535e-05 7.39769e-05 0.000303776 0.000766515 0.00120073 0.00124299 0.00095344 0.00060291 0.000333789 0.000163807 6.90531e-05 2.26166e-05 4.10622e-06 0 
0 0.000282419 0.000144515 1.01904e-05 1.49084e-07 6.10424e-10 9.78369e-13 9.07702e-16 7.51747e-19 1.04927e-21 6.09211e-24 1.53223e-25 2.08863e-26 1.04445e-26 9.10832e-27 1.15961e-26 2.85714e-26 2.47323e-25 9.21812e-24 1.16297e-21 2.92639e-19 8.1179e-17 1.85612e-14 2.89182e-12 2.68375e-10 1.36957e-08 3.73021e-07 5.48691e-06 4.53359e-05 0.00021972 0.000638536 0.00112338 0.0012608 0.00101163 0.000653026 0.00036449 0.000179394 7.56969e-05 2.48002e-05 4.50308e-06 0 
0 0.000268782 0.00011874 6.69276e-06 7.24198e-08 2.0451e-10 2.14396e-13 1.26212e-16 6.79175e-20 1.11185e-22 8.86785e-25 2.08865e-26 1.42541e-27 4.82454e-28 4.04583e-28 5.05171e-28 1.52155e-27 1.94148e-26 7.51224e-25 8.08156e-23 2.40414e-20 9.49763e-18 3.08795e-15 6.68498e-13 8.34991e-11 5.52461e-09 1.87472e-07 3.30332e-06 3.15601e-05 0.000172093 0.000552593 0.00105693 0.00126023 0.00104719 0.000687181 0.000386095 0.000190479 8.04382e-05 2.63602e-05 4.78672e-06 0 
0 0.000260533 0.000105892 5.25714e-06 4.79384e-08 1.09643e-10 9.033e-14 4.1072e-17 1.81665e-20 4.01021e-23 4.04287e-25 1.04446e-26 4.82462e-28 4.94886e-29 2.51984e-29 4.20445e-29 3.09491e-28 5.97133e-27 2.24471e-25 2.04799e-23 5.82774e-21 2.77174e-18 1.101e-15 2.87496e-13 4.25424e-11 3.26481e-09 1.25627e-07 2.45441e-06 2.54762e-05 0.000148535 0.00050472 0.00101312 0.00125245 0.00106346 0.000705165 0.000397891 0.000196605 8.30685e-05 2.72267e-05 4.94433e-06 0 
0 0.000258233 0.000103105 4.98433e-06 4.38559e-08 9.59867e-11 7.51909e-14 3.23828e-17 1.38465e-20 3.253e-23 3.43696e-25 9.10847e-27 4.04592e-28 2.51989e-29 4.73098e-30 1.66536e-29 2.20998e-28 4.65409e-27 1.73161e-25 1.52677e-23 4.24762e-21 2.09495e-18 8.68433e-16 2.36102e-13 3.62457e-11 2.87319e-09 1.13654e-07 2.2717e-06 2.40186e-05 0.000142185 0.000489774 0.000995686 0.00124378 0.00106323 0.000707447 0.000399774 0.000197648 8.35263e-05 2.73786e-05 4.97202e-06 0 
0 0.000261766 0.000109402 5.67557e-06 5.4948e-08 1.35297e-10 1.21227e-13 6.02708e-17 2.81772e-20 5.38597e-23 4.85148e-25 1.15962e-26 5.0518e-28 4.20448e-29 1.66533e-29 3.97744e-29 3.75553e-28 7.64327e-27 3.0571e-25 3.01983e-23 8.91609e-21 3.98932e-18 1.48075e-15 3.63251e-13 5.08446e-11 3.71899e-09 1.37459e-07 2.59915e-06 2.62943e-05 0.000150363 0.000503981 0.00100317 0.00123536 0.00104785 0.00069484 0.000392158 0.000193804 8.1892e-05 2.68421e-05 4.87455e-06 0 
0 0.000270509 0.000125401 7.62704e-06 9.15359e-08 2.93665e-10 3.55936e-13 2.445e-16 1.50754e-19 2.11223e-22 1.40506e-24 2.85717e-26 1.52155e-27 3.09487e-28 2.20993e-28 3.75549e-28 1.92645e-27 3.20333e-26 1.41542e-24 1.72026e-22 5.00564e-20 1.75737e-17 5.07862e-15 9.86572e-13 1.11905e-10 6.81314e-09 2.15647e-07 3.59127e-06 3.28328e-05 0.000173304 0.000544571 0.00102975 0.00122353 0.00101717 0.000668361 0.000375885 0.000185538 7.83695e-05 2.56847e-05 4.66421e-06 0 
0 0.00028331 0.000153082 1.17685e-05 1.9364e-07 9.16267e-10 1.73093e-12 1.91211e-15 1.8804e-18 2.75499e-21 1.31551e-23 2.47323e-25 1.94146e-26 5.97125e-27 4.65403e-27 7.64319e-27 3.20332e-26 4.53175e-25 2.17151e-23 2.89845e-21 6.51552e-19 1.56942e-16 3.13502e-14 4.31455e-12 3.58586e-10 1.66385e-08 4.18519e-07 5.77362e-06 4.54201e-05 0.000212794 0.000607274 0.00106443 0.00120076 0.000970063 0.00062926 0.000352154 0.000173533 7.32601e-05 2.40064e-05 4.35927e-06 0 
0 0.000298367 0.000195432 2.01478e-05 4.91371e-07 3.77377e-09 1.23969e-11 2.47652e-14 4.42322e-17 1.05161e-19 5.22833e-22 9.21811e-24 7.51221e-25 2.24469e-25 1.7316e-25 3.05708e-25 1.41542e-24 2.17151e-23 1.07892e-21 1.12434e-19 1.61274e-17 2.41188e-15 3.03353e-13 2.70904e-11 1.52295e-09 5.01901e-08 9.4479e-07 1.02758e-05 6.68533e-05 0.000269374 0.000681418 0.00108928 0.00115687 0.000905251 0.000579138 0.000322441 0.000158621 6.69305e-05 2.19291e-05 3.98191e-06 0 
0 0.000313124 0.000255631 3.68544e-05 1.40517e-06 1.86893e-08 1.14983e-10 4.49853e-13 1.58306e-15 7.13316e-18 5.76513e-20 1.16297e-21 8.08155e-23 2.04798e-23 1.52677e-23 3.01982e-23 1.72026e-22 2.89845e-21 1.12434e-19 7.30482e-18 6.13527e-16 5.32812e-14 3.95128e-12 2.15013e-10 7.71063e-09 1.71146e-07 2.30163e-06 1.89859e-05 9.90614e-05 0.000335628 0.000742542 0.00107839 0.0010808 0.000822111 0.000520005 0.000288399 0.000141712 5.97784e-05 1.95846e-05 3.55615e-06 0 
0 0.000324345 0.00033533 6.93306e-05 4.25449e-06 1.01384e-07 1.21447e-09 9.70389e-12 7.0209e-14 6.27451e-16 9.28011e-18 2.92639e-19 2.40414e-20 5.82774e-21 4.24762e-21 8.91609e-21 5.00564e-20 6.51552e-19 1.61274e-17 6.13527e-16 2.90731e-14 1.41193e-12 5.93786e-11 1.89162e-09 4.15306e-08 5.95583e-07 5.49909e-06 3.32526e-05 0.000135866 0.000383177 0.000745252 0.00099952 0.000962632 0.000721115 0.000454194 0.000251746 0.000123723 5.22001e-05 1.71036e-05 3.10581e-06 0 
0 0.000328507 0.000431914 0.000129352 1.28717e-05 5.52676e-07 1.29681e-08 2.13066e-10 3.19245e-12 5.69937e-14 1.55914e-15 8.1179e-17 9.49763e-18 2.77174e-18 2.09495e-18 3.98932e-18 1.75737e-17 1.56942e-16 2.41188e-15 5.32812e-14 1.41193e-12 3.78998e-11 8.89214e-10 1.61899e-08 2.10048e-07 1.85489e-06 1.11297e-05 4.70765e-05 0.000147526 0.000351494 0.000628173 0.000821646 0.000795644 0.000603828 0.000384175 0.000214131 0.000105508 4.4562e-05 1.46068e-05 2.65278e-06 0 
0 0.000322528 0.000535493 0.000231555 3.70086e-05 2.81222e-06 1.26421e-07 4.17152e-09 1.26452e-10 4.41227e-12 2.1902e-13 1.85612e-14 3.08795e-15 1.101e-15 8.68433e-16 1.48075e-15 5.07862e-15 3.13502e-14 3.03353e-13 3.95128e-12 5.93786e-11 8.89214e-10 1.16237e-08 1.18267e-07 8.55759e-07 4.19944e-06 1.43389e-05 3.7956e-05 8.88479e-05 0.00019356 0.000366549 0.000538847 0.000580973 0.000473194 0.000312441 0.000177057 8.78176e-05 3.71797e-05 1.21971e-05 2.21576e-06 0 
0 0.000304707 0.000627867 0.000386085 9.70264e-05 1.26004e-05 1.03854e-06 6.56182e-08 3.83641e-09 2.50119e-10 2.16517e-11 2.89182e-12 6.68498e-13 2.87496e-13 2.36102e-13 3.63251e-13 9.86572e-13 4.31455e-12 2.70904e-11 2.15013e-10 1.89162e-09 1.61899e-08 1.18267e-07 6.42866e-07 2.2625e-06 4.71579e-06 6.31379e-06 7.58434e-06 1.24276e-05 3.17424e-05 9.54845e-05 0.000226264 0.000341991 0.000335885 0.000241798 0.00014188 7.12706e-05 3.03051e-05 9.95575e-06 1.80939e-06 0 
0 0.00027547 0.000686282 0.000584048 0.000224273 4.76421e-05 6.79541e-06 7.70777e-07 8.14179e-08 9.32401e-09 1.33282e-09 2.68375e-10 8.34991e-11 4.25424e-11 3.62457e-11 5.08446e-11 1.11905e-10 3.58586e-10 1.52295e-09 7.71063e-09 4.15306e-08 2.10048e-07 8.55759e-07 2.2625e-06 2.8862e-06 1.3738e-06 2.86691e-07 6.71245e-08 6.31801e-08 3.53409e-07 4.62239e-06 4.09394e-05 0.000140715 0.000206927 0.000176107 0.000109884 5.63545e-05 2.41214e-05 7.94035e-06 1.44397e-06 0 
0 0.000237508 0.000692538 0.000784123 0.000444104 0.000147497 3.42134e-05 6.47742e-06 1.14632e-06 2.1458e-07 4.75205e-08 1.36957e-08 5.52461e-09 3.26481e-09 2.87319e-09 3.71899e-09 6.81314e-09 1.66385e-08 5.01901e-08 1.71146e-07 5.95583e-07 1.85489e-06 4.19944e-06 4.71579e-06 1.3738e-06 5.16283e-08 3.10767e-10 2.81527e-12 1.00329e-12 3.92421e-11 1.41648e-08 2.07339e-06 3.57959e-05 0.000108026 0.000120456 8.22966e-05 4.34193e-05 1.87428e-05 6.18502e-06 1.12555e-06 0 
0 0.000195093 0.000642683 0.000920473 0.00073455 0.000365017 0.000130022 3.8261e-05 1.05002e-05 2.97951e-06 9.55556e-07 3.73021e-07 1.87472e-07 1.25627e-07 1.13654e-07 1.37459e-07 2.15647e-07 4.18519e-07 9.4479e-07 2.30163e-06 5.49909e-06 1.11297e-05 1.43389e-05 6.31379e-06 2.86691e-07 3.10767e-10 9.82665e-15 4.4754e-16 2.11227e-15 5.59164e-17 3.36467e-12 3.52366e-08 6.33748e-06 5.06359e-05 7.91229e-05 6.00248e-05 3.26501e-05 1.42158e-05 4.70234e-06 8.56296e-07 0 
0 0.000152829 0.000549676 0.000941053 0.000996532 0.000705704 0.00036755 0.00015826 6.28293e-05 2.51732e-05 1.09535e-05 5.48691e-06 3.30332e-06 2.45441e-06 2.2717e-06 2.59915e-06 3.59127e-06 5.77362e-06 1.02758e-05 1.89859e-05 3.32526e-05 4.70765e-05 3.7956e-05 7.58434e-06 6.71245e-08 2.81527e-12 4.4754e-16 2.47142e-17 6.78527e-17 2.94986e-17 1.51938e-15 9.01076e-10 1.36802e-06 2.55112e-05 5.25635e-05 4.32139e-05 2.40295e-05 1.05241e-05 3.48663e-06 6.35176e-07 0 
0 0.000114443 0.000436353 0.000845225 0.00110632 0.0010479 0.000759421 0.000456103 0.000248186 0.000132501 7.39769e-05 4.53359e-05 3.15601e-05 2.54762e-05 2.40186e-05 2.62943e-05 3.28328e-05 4.54201e-05 6.68533e-05 9.90614e-05 0.000135866 0.000147526 8.88479e-05 1.24276e-05 6.31801e-08 1.00329e-12 2.11227e-15 6.78529e-17 9.09725e-18 8.61814e-18 1.67735e-16 2.90574e-10 7.5104e-07 1.70879e-05 3.72992e-05 3.10959e-05 1.7343e-05 7.60013e-06 2.51817e-06 4.58754e-07 0 
0 8.21348e-05 0.000324551 0.000679306 0.00102424 0.00120033 0.00113438 0.000904932 0.000647073 0.000441594 0.000303776 0.00021972 0.000172093 0.000148535 0.000142185 0.000150363 0.000173304 0.000212794 0.000269374 0.000335628 0.000383177 0.000351494 0.00019356 3.17424e-05 3.53409e-07 3.92421e-11 5.59164e-17 2.94986e-17 8.61813e-18 3.92207e-17 2.35348e-14 2.25815e-09 1.2992e-06 1.61078e-05 2.86132e-05 2.23914e-05 1.22601e-05 5.34468e-06 1.76828e-06 3.22011e-07 0 
0 5.65993e-05 0.000228195 0.000499165 0.000818404 0.0010983 0.00124965 0.00123923 0.0011086 0.000931892 0.000766515 0.000638536 0.000552593 0.00050472 0.000489774 0.000503981 0.000544571 0.000607274 0.000681418 0.000742542 0.000745252 0.000628173 0.000366549 9.54845e-05 4.62239e-06 1.41648e-08 3.36467e-12 1.51938e-15 1.67735e-16 2.35348e-14 8.51307e-11 8.47792e-08 4.07601e-06 1.81647e-05 2.26889e-05 1.59228e-05 8.4453e-06 3.64854e-06 1.20407e-06 2.19112e-07 0 
0 3.74553e-05 0.000152602 0.000341545 0.000585379 0.000846824 0.00107582 0.0012281 0.00128646 0.00126615 0.00120073 0.00112338 0.00105693 0.00101312 0.000995686 0.00100317 0.00102975 0.00106443 0.00108928 0.00107839 0.00099952 0.000821646 0.000538847 0.000226264 4.09394e-05 2.07339e-06 3.52366e-08 9.01076e-10 2.90574e-10 2.25815e-09 8.47792e-08 1.92362e-06 1.09765e-05 1.94627e-05 1.74097e-05 1.09633e-05 5.62605e-06 2.40711e-06 7.92165e-07 1.44041e-07 0 
0 2.37535e-05 9.727e-05 0.000220099 0.000385333 0.000578302 0.000777206 0.000957433 0.00109898 0.00119298 0.00124299 0.0012608 0.00126023 0.00125245 0.00124378 0.00123536 0.00122353 0.00120076 0.00115687 0.0010808 0.000962632 0.000795644 0.000580973 0.000341991 0.000140715 3.57959e-05 6.33748e-06 1.36802e-06 7.5104e-07 1.2992e-06 4.07601e-06 1.09765e-05 1.76186e-05 1.73705e-05 1.23634e-05 7.19049e-06 3.59611e-06 1.52637e-06 5.01114e-07 9.10539e-08 0 
0 1.43652e-05 5.89607e-05 0.000134064 0.000236912 0.00036137 0.000498113 0.000635718 0.000762766 0.000870285 0.00095344 0.00101163 0.00104719 0.00106346 0.00106323 0.00104785 0.00101717 0.000970063 0.000905251 0.000822111 0.000721115 0.000603828 0.000473194 0.000335885 0.000206927 0.000108026 5.06359e-05 2.55112e-05 1.70879e-05 1.61078e-05 1.81647e-05 1.94627e-05 1.73705e-05 1.27593e-05 8.01648e-06 4.44801e-06 2.18836e-06 9.23835e-07 3.02779e-07 5.49866e-08 0 
0 8.21277e-06 3.37417e-05 7.68767e-05 0.000136373 0.00020939 0.000291613 0.00037764 0.000461643 0.000538176 0.00060291 0.000653026 0.000687181 0.000705165 0.000707447 0.00069484 0.000668361 0.00062926 0.000579138 0.000520005 0.000454194 0.000384175 0.000312441 0.000241798 0.000176107 0.000120456 7.91229e-05 5.25635e-05 3.72992e-05 2.86132e-05 2.26889e-05 1.74097e-05 1.23634e-05 8.01648e-06 4.75404e-06 2.576e-06 1.25609e-06 5.28598e-07 1.73059e-07 3.14178e-08 0 
0 4.3748e-06 1.79808e-05 4.09999e-05 7.28379e-05 0.000112117 0.00015675 0.000204111 0.000251285 0.000295373 0.000333789 0.00036449 0.000386095 0.000397891 0.000399774 0.000392158 0.000375885 0.000352154 0.000322441 0.000288399 0.000251746 0.000214131 0.000177057 0.00014188 0.000109884 8.22966e-05 6.00248e-05 4.32139e-05 3.10959e-05 2.23914e-05 1.59228e-05 1.09633e-05 7.19049e-06 4.44801e-06 2.576e-06 1.38113e-06 6.70563e-07 2.81733e-07 9.21832e-08 1.67319e-08 0 
0 2.11775e-06 8.70549e-06 1.98563e-05 3.52945e-05 5.43766e-05 7.61286e-05 9.93227e-05 0.000122583 0.000144509 0.000163807 0.000179394 0.000190479 0.000196605 0.000197648 0.000193804 0.000185538 0.000173533 0.000158621 0.000141712 0.000123723 0.000105508 8.78176e-05 7.12706e-05 5.63545e-05 4.34193e-05 3.26501e-05 2.40295e-05 1.7343e-05 1.22601e-05 8.4453e-06 5.62605e-06 3.59611e-06 2.18836e-06 1.25609e-06 6.70563e-07 3.24958e-07 1.36425e-07 4.46253e-08 8.09895e-09 0 
0 8.88644e-07 3.65318e-06 8.33341e-06 1.48155e-05 2.28326e-05 3.19812e-05 4.17521e-05 5.15724e-05 6.0856e-05 6.90531e-05 7.56969e-05 8.04382e-05 8.30685e-05 8.35263e-05 8.1892e-05 7.83695e-05 7.32601e-05 6.69305e-05 5.97784e-05 5.22001e-05 4.4562e-05 3.71797e-05 3.03051e-05 2.41214e-05 1.87428e-05 1.42158e-05 1.05241e-05 7.60013e-06 5.34468e-06 3.64854e-06 2.40711e-06 1.52637e-06 9.23835e-07 5.28598e-07 2.81733e-07 1.36425e-07 5.72554e-08 1.8726e-08 3.39837e-09 0 
0 2.9062e-07 1.19475e-06 2.7255e-06 4.84582e-06 7.46882e-06 1.04631e-05 1.36626e-05 1.68806e-05 1.99254e-05 2.26166e-05 2.48002e-05 2.63602e-05 2.72267e-05 2.73786e-05 2.68421e-05 2.56847e-05 2.40064e-05 2.19291e-05 1.95846e-05 1.71036e-05 1.46068e-05 1.21971e-05 9.95575e-06 7.94035e-06 6.18502e-06 4.70234e-06 3.48663e-06 2.51817e-06 1.76828e-06 1.20407e-06 7.92165e-07 5.01114e-07 3.02779e-07 1.73059e-07 9.21832e-08 4.46253e-08 1.8726e-08 6.12422e-09 1.11139e-09 0 
0 5.27396e-08 2.16816e-07 4.94614e-07 8.79421e-07 1.35549e-06 1.899e-06 2.47986e-06 3.06421e-06 3.61725e-06 4.10622e-06 4.50308e-06 4.78672e-06 4.94433e-06 4.97202e-06 4.87455e-06 4.66421e-06 4.35927e-06 3.98191e-06 3.55615e-06 3.10581e-06 2.65278e-06 2.21576e-06 1.80939e-06 1.44397e-06 1.12555e-06 8.56296e-07 6.35176e-07 4.58754e-07 3.22011e-07 2.19112e-07 1.44041e-07 9.10539e-08 5.49866e-08 3.14178e-08 1.67319e-08 8.09895e-09 3.39837e-09 1.11139e-09 2.01686e-10 0 
0 0 0 0 0 0 0 0 0 0 0 0 0 0 0 0 0 0 0 0 0 0 0 0 0 0 0 0 0 0 0 0 0 0 0 0 0 0 0 0 0 
