0 0 0 0 0 0 0 0 0 0 0 0 0 0 0 0 0 0 0 0 0 0 0 0 0 0 0 0 0 0 0 0 0 0 0 0 0 0 0 0 0 
0 1.37809e-05 5.66005e-05 0.00012887 0.000228292 0.000349656 0.000485003 0.000624419 0.000757522 0.000875297 0.000971551 0.00104339 0.00109064 0.00111475 0.00111758 0.00110075 0.0010654 0.0010125 0.00094334 0.000860078 0.000766036 0.00066559 0.000563687 0.000465135 0.000373946 0.000292913 0.000223521 0.000166089 0.00012006 8.42958e-05 5.73555e-05 3.76964e-05 2.38235e-05 1.43837e-05 8.2172e-06 4.37575e-06 2.11793e-06 8.88672e-07 2.90623e-07 5.27398e-08 0 
0 5.66005e-05 0.000232146 0.000526948 0.000927796 0.00140536 0.00191442 0.00240049 0.00281342 0.00312231 0.00332269 0.00343212 0.00347832 0.00348764 0.00347773 0.00345507 0.00341555 0.00334722 0.0032346 0.00306419 0.00283021 0.00253819 0.00220486 0.00185389 0.00150974 0.00119227 0.000914192 0.000681091 0.000493 0.00034637 0.000235743 0.00015496 9.79371e-05 5.9132e-05 3.37815e-05 1.79891e-05 8.70701e-06 3.65342e-06 1.19478e-06 2.16818e-07 0 
0 0.00012887 0.000526948 0.00118781 0.0020614 0.00303999 0.00396264 0.00465985 0.00502766 0.00507535 0.00490429 0.00464372 0.00439853 0.00423217 0.00417281 0.00422417 0.00437165 0.00458245 0.00480352 0.00496412 0.00498913 0.00482327 0.0044547 0.00392174 0.00329636 0.00265586 0.00206038 0.00154476 0.00112172 0.000789271 0.000537544 0.000353441 0.000223406 0.000134893 7.7064e-05 4.10378e-05 1.9863e-05 8.33442e-06 2.72561e-06 4.94621e-07 0 
0 0.000228292 0.000927796 0.0020614 0.00346987 0.00483362 0.00574207 0.00592022 0.00542846 0.00458907 0.00373292 0.00304575 0.00257935 0.00232167 0.00224868 0.0023469 0.00261731 0.00306783 0.00369491 0.00445433 0.00523247 0.00584774 0.00611067 0.00592149 0.00532689 0.00448356 0.0035687 0.00271285 0.00198351 0.0014001 0.000954881 0.000628201 0.000397167 0.00023983 0.000137019 7.29655e-05 3.53167e-05 1.48187e-05 4.84618e-06 8.79443e-07 0 
0 0.000349656 0.00140536 0.00303999 0.00483362 0.00606308 0.00611016 0.00505668 0.00359815 0.00234931 0.00150782 0.00101062 0.000741045 0.000612997 0.000580653 0.000629908 0.000772469 0.00104548 0.0015119 0.00224881 0.00330237 0.00459938 0.00587018 0.00671236 0.00683234 0.00624685 0.00522623 0.00408217 0.00302524 0.0021487 0.00146931 0.00096767 0.000612039 0.000369637 0.000211191 0.000112466 5.44358e-05 2.28411e-05 7.46975e-06 1.35555e-06 0 
0 0.000485003 0.00191442 0.00396264 0.00574207 0.00611016 0.00483509 0.00297055 0.00153766 0.000739215 0.000361629 0.000194185 0.000121163 9.11873e-05 8.42422e-05 9.54058e-05 0.000130061 0.000206675 0.00036691 0.000692783 0.00131968 0.00240363 0.00397793 0.00573638 0.00703863 0.00735514 0.00669481 0.00548234 0.00416078 0.00298769 0.00205252 0.00135425 0.000857142 0.000517794 0.000295865 0.000157562 7.62642e-05 3.20003e-05 1.04651e-05 1.89912e-06 0 
0 0.000624419 0.00240049 0.00465985 0.00592022 0.00505668 0.00297055 0.00130002 0.000477289 0.000166144 6.11162e-05 2.59779e-05 1.36591e-05 9.29348e-06 8.35533e-06 9.8992e-06 1.50888e-05 2.83891e-05 6.24747e-05 0.000151267 0.000377934 0.000913845 0.0020095 0.00379515 0.00589185 0.00738871 0.00760706 0.006697 0.00527663 0.0038554 0.00266824 0.00176562 0.00111871 0.000676066 0.000386351 0.000205759 9.95941e-05 4.17897e-05 1.36666e-05 2.48009e-06 0 
0 0.000757522 0.00281342 0.00502766 0.00542846 0.00359815 0.00153766 0.000477289 0.000124571 3.14489e-05 8.68965e-06 2.9154e-06 1.28741e-06 7.89685e-07 6.89823e-07 8.5483e-07 1.45829e-06 3.25362e-06 8.88595e-06 2.75785e-05 9.01117e-05 0.000287815 0.000837722 0.00208061 0.00416138 0.00645479 0.00776247 0.00753086 0.00625247 0.00468322 0.00327571 0.00217666 0.00138127 0.00083518 0.000477366 0.000254246 0.000123066 5.16386e-05 1.68875e-05 3.0646e-06 0 
0 0.000875297 0.00312231 0.00507535 0.00458907 0.00234931 0.000739215 0.000166144 3.14489e-05 5.8501e-06 1.22841e-06 3.27922e-07 1.22209e-07 6.77174e-08 5.74421e-08 7.42328e-08 1.41012e-07 3.7046e-07 1.24439e-06 4.89552e-06 2.0631e-05 8.55654e-05 0.000323207 0.00103608 0.00264217 0.00508892 0.00725888 0.00789568 0.0069943 0.00540748 0.0038346 0.00256188 0.00162896 0.000985625 0.000563486 0.000300135 0.000145281 6.09608e-05 1.99362e-05 3.61786e-06 0 
0 0.000971551 0.00332269 0.00490429 0.00373292 0.00150782 0.000361629 6.11162e-05 8.68965e-06 1.22841e-06 2.01196e-07 4.3622e-08 1.3918e-08 7.01999e-09 5.78679e-09 7.75344e-09 1.62088e-08 4.93094e-08 1.99546e-07 9.7179e-07 5.14614e-06 2.69408e-05 0.000128086 0.000513337 0.00162152 0.00380546 0.0064065 0.0078477 0.0074641 0.00598235 0.00431038 0.00289807 0.00184702 0.00111847 0.000639604 0.000340708 0.000164925 6.9204e-05 2.26321e-05 4.10708e-06 0 
0 0.00104339 0.00343212 0.00464372 0.00304575 0.00101062 0.000194185 2.59779e-05 2.9154e-06 3.27922e-07 4.3622e-08 7.9385e-09 2.22027e-09 1.03286e-09 8.29221e-10 1.14226e-09 2.58105e-09 8.85869e-09 4.18237e-08 2.43158e-07 1.55666e-06 9.88495e-06 5.68071e-05 0.000273248 0.00102755 0.00284064 0.00552057 0.00754254 0.00768569 0.00638753 0.00467855 0.00316651 0.00202306 0.00122611 0.000701358 0.000373637 0.00018087 7.58953e-05 2.48204e-05 4.50421e-06 0 
0 0.00109064 0.00347832 0.00439853 0.00257935 0.000741045 0.000121163 1.36591e-05 1.28741e-06 1.22209e-07 1.3918e-08 2.22027e-09 5.61789e-10 2.454e-10 1.92579e-10 2.69925e-10 6.44218e-10 2.41193e-09 1.27416e-08 8.43708e-08 6.21297e-07 4.55105e-06 3.00905e-05 0.000165576 0.000707819 0.00220967 0.00479364 0.00715052 0.00772315 0.00662651 0.00492607 0.0033544 0.002148 0.00130287 0.000745465 0.000397168 0.000192267 8.0678e-05 2.63846e-05 4.78807e-06 0 
0 0.00111475 0.00348764 0.00423217 0.00232167 0.000612997 9.11873e-05 9.29348e-06 7.89685e-07 6.77174e-08 7.01999e-09 1.03286e-09 2.454e-10 1.02845e-10 7.92753e-11 1.11769e-10 2.74422e-10 1.078e-09 6.07093e-09 4.33494e-08 3.46607e-07 2.76392e-06 1.98774e-05 0.000118635 0.000548331 0.00184554 0.00429543 0.00679573 0.0076472 0.00671684 0.00504986 0.00345513 0.00221656 0.00134535 0.000769941 0.00041024 0.000198599 8.3336e-05 2.72539e-05 4.94583e-06 0 
0 0.00111758 0.00347773 0.00417281 0.00224868 0.000580653 8.42422e-05 8.35533e-06 6.89823e-07 5.74421e-08 5.78679e-09 8.29221e-10 1.92579e-10 7.92753e-11 6.03705e-11 8.46246e-11 2.07918e-10 8.22403e-10 4.68954e-09 3.4063e-08 2.78032e-07 2.26871e-06 1.67196e-05 0.000102344 0.000485623 0.00168041 0.00402475 0.00653846 0.00750813 0.0066779 0.00505333 0.00346771 0.00222734 0.00135253 0.000774186 0.000412528 0.000199711 8.38034e-05 2.74069e-05 4.97359e-06 0 
0 0.00110075 0.00345507 0.00422417 0.0023469 0.000629908 9.54058e-05 9.8992e-06 8.5483e-07 7.42328e-08 7.75344e-09 1.14226e-09 2.69925e-10 1.11769e-10 8.46246e-11 1.16655e-10 2.79217e-10 1.06804e-09 5.86078e-09 4.08689e-08 3.20245e-07 2.51376e-06 1.78854e-05 0.000106201 0.000491538 0.00166932 0.00395039 0.00638232 0.00732307 0.00652194 0.00494301 0.00339574 0.00218246 0.00132569 0.000758929 0.000404423 0.000195792 8.21597e-05 2.68694e-05 4.87607e-06 0 
0 0.0010654 0.00341555 0.00437165 0.00261731 0.000772469 0.000130061 1.50888e-05 1.45829e-06 1.41012e-07 1.62088e-08 2.58105e-09 6.44218e-10 2.74422e-10 2.07918e-10 2.79217e-10 6.35507e-10 2.26581e-09 1.14184e-08 7.24535e-08 5.1472e-07 3.66783e-06 2.38186e-05 0.000130154 0.00055989 0.00178688 0.00402518 0.00628507 0.00707549 0.00625079 0.0047264 0.00324627 0.00208702 0.00126806 0.000726062 0.000386941 0.000187337 7.86128e-05 2.57096e-05 4.66561e-06 0 
0 0.0010125 0.00334722 0.00458245 0.00306783 0.00104548 0.000206675 2.83891e-05 3.25362e-06 3.7046e-07 4.93094e-08 8.85869e-09 2.41193e-09 1.078e-09 8.22403e-10 1.06804e-09 2.26581e-09 7.29979e-09 3.24645e-08 1.78997e-07 1.09687e-06 6.7429e-06 3.80144e-05 0.000182292 0.000697595 0.00201245 0.0041797 0.00616626 0.00672283 0.00585778 0.00441115 0.00302869 0.00194825 0.00118438 0.000678373 0.000361588 0.000175076 7.34703e-05 2.40282e-05 4.36049e-06 0 
0 0.00094334 0.0032346 0.00480352 0.00369491 0.0015119 0.00036691 6.24747e-05 8.88595e-06 1.24439e-06 1.99546e-07 4.18237e-08 1.27416e-08 6.07093e-09 4.68954e-09 5.86078e-09 1.14184e-08 3.24645e-08 1.23534e-07 5.70662e-07 2.8978e-06 1.47361e-05 6.91394e-05 0.000279238 0.00091483 0.00230746 0.00430899 0.00591659 0.00620865 0.0053316 0.00400443 0.0027534 0.00177457 0.00108027 0.000619222 0.000330186 0.000159899 6.71065e-05 2.19475e-05 3.98296e-06 0 
0 0.000860078 0.00306419 0.00496412 0.00445433 0.00224881 0.000692783 0.000151267 2.75785e-05 4.89552e-06 9.7179e-07 2.43158e-07 8.43708e-08 4.33494e-08 3.4063e-08 4.08689e-08 7.24535e-08 1.78997e-07 5.70662e-07 2.15279e-06 8.7974e-06 3.58409e-05 0.000135291 0.000444634 0.00120688 0.0025895 0.00426998 0.00541679 0.00547583 0.00465824 0.00351071 0.00242962 0.00157429 0.000961586 0.000552186 0.000294696 0.000142767 5.99256e-05 1.96002e-05 3.55706e-06 0 
0 0.000766036 0.00283021 0.00498913 0.00523247 0.00330237 0.00131968 0.000377934 9.01117e-05 2.0631e-05 5.14614e-06 1.55666e-06 6.21297e-07 3.46607e-07 2.78032e-07 3.20245e-07 5.1472e-07 1.09687e-06 2.8978e-06 8.7974e-06 2.84045e-05 9.06773e-05 0.000268383 0.000697743 0.00152581 0.00272141 0.00390865 0.00456793 0.00447662 0.00381818 0.00292675 0.00206218 0.00135404 0.000833668 0.000480712 0.000257043 0.000124627 5.23286e-05 1.71175e-05 3.10662e-06 0 
0 0.00066559 0.00253819 0.00482327 0.00584774 0.00459938 0.00240363 0.000913845 0.000287815 8.55654e-05 2.69408e-05 9.88495e-06 4.55105e-06 2.76392e-06 2.26871e-06 2.51376e-06 3.66783e-06 6.7429e-06 1.47361e-05 3.58409e-05 9.06773e-05 0.000223884 0.000510058 0.00102475 0.00175902 0.00254395 0.00312182 0.00333271 0.00318841 0.00278699 0.00223706 0.00164802 0.00111715 0.000700724 0.000407833 0.000218979 0.000106351 4.46833e-05 1.46199e-05 2.65356e-06 0 
0 0.000563687 0.00220486 0.0044547 0.00611067 0.00587018 0.00397793 0.0020095 0.000837722 0.000323207 0.000128086 5.68071e-05 3.00905e-05 1.98774e-05 1.67196e-05 1.78854e-05 2.38186e-05 3.80144e-05 6.91394e-05 0.000135291 0.000268383 0.000510058 0.000883883 0.00134404 0.00175365 0.00196543 0.00195421 0.00182864 0.00170212 0.00159201 0.00143452 0.00118001 0.000863858 0.000565692 0.000336049 0.000181996 8.86827e-05 3.73043e-05 1.22106e-05 2.21655e-06 0 
0 0.000465135 0.00185389 0.00392174 0.00592149 0.00671236 0.00573638 0.00379515 0.00208061 0.00103608 0.000513337 0.000273248 0.000165576 0.000118635 0.000102344 0.000106201 0.000130154 0.000182292 0.000279238 0.000444634 0.000697743 0.00102475 0.00134404 0.00151194 0.00141541 0.00109967 0.000755844 0.000536803 0.000468207 0.000519051 0.000628142 0.000680541 0.000598459 0.000431515 0.000267507 0.000147316 7.22162e-05 3.04394e-05 9.97009e-06 1.81021e-06 0 
0 0.000373946 0.00150974 0.00329636 0.00532689 0.00683234 0.00703863 0.00589185 0.00416138 0.00264217 0.00162152 0.00102755 0.000707819 0.000548331 0.000485623 0.000491538 0.00055989 0.000697595 0.00091483 0.00120688 0.00152581 0.00175902 0.00175365 0.00141541 0.000848144 0.000352261 0.000111497 4.06938e-05 2.97016e-05 5.03068e-05 0.000126392 0.000262716 0.000346681 0.000304432 0.000204509 0.000115943 5.73915e-05 2.42655e-05 7.95539e-06 1.44483e-06 0 
0 0.000292913 0.00119227 0.00265586 0.00448356 0.00624685 0.00735514 0.00738871 0.00645479 0.00508892 0.00380546 0.00284064 0.00220967 0.00184554 0.00168041 0.00166932 0.00178688 0.00201245 0.00230746 0.0025895 0.00272141 0.00254395 0.00196543 0.00109967 0.000352261 4.9355e-05 3.34562e-06 2.95588e-07 1.45746e-07 6.19062e-07 7.28715e-06 5.6141e-05 0.000158755 0.000196261 0.000149893 8.87022e-05 4.44975e-05 1.8889e-05 6.19992e-06 1.12638e-06 0 
0 0.000223521 0.000914192 0.00206038 0.0035687 0.00522623 0.00669481 0.00760706 0.00776247 0.00725888 0.0064065 0.00552057 0.00479364 0.00429543 0.00402475 0.00395039 0.00402518 0.0041797 0.00430899 0.00426998 0.00390865 0.00312182 0.00195421 0.000755844 0.000111497 3.34562e-06 2.18789e-08 2.1065e-10 5.61595e-11 1.02371e-09 1.3263e-07 7.28642e-06 6.09213e-05 0.000118778 0.000106368 6.61479e-05 3.36686e-05 1.43511e-05 4.71586e-06 8.57033e-07 0 
0 0.000166089 0.000681091 0.00154476 0.00271285 0.00408217 0.00548234 0.006697 0.00753086 0.00789568 0.0078477 0.00754254 0.00715052 0.00679573 0.00653846 0.00638232 0.00628507 0.00616626 0.00591659 0.00541679 0.00456793 0.00333271 0.00182864 0.000536803 4.06938e-05 2.95588e-07 2.1065e-10 2.40627e-13 3.53119e-14 2.6109e-12 3.32013e-09 1.1409e-06 2.53916e-05 7.33448e-05 7.48215e-05 4.83562e-05 2.48785e-05 1.06354e-05 3.4976e-06 6.35768e-07 0 
0 0.00012006 0.000493 0.00112172 0.00198351 0.00302524 0.00416078 0.00527663 0.00625247 0.0069943 0.0074641 0.00768569 0.00772315 0.0076472 0.00750813 0.00732307 0.00707549 0.00672283 0.00620865 0.00547583 0.00447662 0.00318841 0.00170212 0.000468207 2.97016e-05 1.45746e-07 5.61595e-11 3.53119e-14 4.30044e-15 4.51203e-13 1.0322e-09 5.66146e-07 1.60676e-05 5.09313e-05 5.34725e-05 3.4831e-05 1.79563e-05 7.68006e-06 2.52602e-06 4.59176e-07 0 
0 8.42958e-05 0.00034637 0.000789271 0.0014001 0.0021487 0.00298769 0.0038554 0.00468322 0.00540748 0.00598235 0.00638753 0.00662651 0.00671684 0.0066779 0.00652194 0.00625079 0.00585778 0.0053316 0.00465824 0.00381818 0.00278699 0.00159201 0.000519051 5.03068e-05 6.19062e-07 1.02371e-09 2.6109e-12 4.51203e-13 1.71278e-11 7.8263e-09 1.18788e-06 1.69719e-05 4.07706e-05 3.90081e-05 2.47119e-05 1.26397e-05 5.39438e-06 1.7732e-06 3.22277e-07 0 
0 5.73555e-05 0.000235743 0.000537544 0.000954881 0.00146931 0.00205252 0.00266824 0.00327571 0.0038346 0.00431038 0.00467855 0.00492607 0.00504986 0.00505333 0.00494301 0.0047264 0.00441115 0.00400443 0.00351071 0.00292675 0.00223706 0.00143452 0.000628142 0.000126392 7.28715e-06 1.3263e-07 3.32013e-09 1.0322e-09 7.8263e-09 2.6926e-07 5.05334e-06 2.31815e-05 3.48644e-05 2.84193e-05 1.71431e-05 8.64545e-06 3.67515e-06 1.20675e-06 2.19259e-07 0 
0 3.76964e-05 0.00015496 0.000353441 0.000628201 0.00096767 0.00135425 0.00176562 0.00217666 0.00256188 0.00289807 0.00316651 0.0033544 0.00345513 0.00346771 0.00339574 0.00324627 0.00302869 0.0027534 0.00242962 0.00206218 0.00164802 0.00118001 0.000680541 0.000262716 5.6141e-05 7.28642e-06 1.1409e-06 5.66146e-07 1.18788e-06 5.05334e-06 1.67825e-05 2.89931e-05 2.86004e-05 2.00259e-05 1.15029e-05 5.71591e-06 2.41937e-06 7.93431e-07 1.44112e-07 0 
0 2.38235e-05 9.79371e-05 0.000223406 0.000397167 0.000612039 0.000857142 0.00111871 0.00138127 0.00162896 0.00184702 0.00202306 0.002148 0.00221656 0.00222734 0.00218246 0.00208702 0.00194825 0.00177457 0.00157429 0.00135404 0.00111715 0.000863858 0.000598459 0.000346681 0.000158755 6.09213e-05 2.53916e-05 1.60676e-05 1.69719e-05 2.31815e-05 2.89931e-05 2.80163e-05 2.11367e-05 1.33389e-05 7.39139e-06 3.63058e-06 1.53125e-06 5.01635e-07 9.10842e-08 0 
0 1.43837e-05 5.9132e-05 0.000134893 0.00023983 0.000369637 0.000517794 0.000676066 0.00083518 0.000985625 0.00111847 0.00122611 0.00130287 0.00134535 0.00135253 0.00132569 0.00126806 0.00118438 0.00108027 0.000961586 0.000833668 0.000700724 0.000565692 0.000431515 0.000304432 0.000196261 0.000118778 7.33448e-05 5.09313e-05 4.07706e-05 3.48644e-05 2.86004e-05 2.11367e-05 1.39458e-05 8.31666e-06 4.51149e-06 2.19972e-06 9.25514e-07 3.02965e-07 5.49978e-08 0 
0 8.2172e-06 3.37815e-05 7.7064e-05 0.000137019 0.000211191 0.000295865 0.000386351 0.000477366 0.000563486 0.000639604 0.000701358 0.000745465 0.000769941 0.000774186 0.000758929 0.000726062 0.000678373 0.000619222 0.000552186 0.000480712 0.000407833 0.000336049 0.000267507 0.000204509 0.000149893 0.000106368 7.48215e-05 5.34725e-05 3.90081e-05 2.84193e-05 2.00259e-05 1.33389e-05 8.31666e-06 4.83178e-06 2.59318e-06 1.25932e-06 5.29099e-07 1.73117e-07 3.14214e-08 0 
0 4.37575e-06 1.79891e-05 4.10378e-05 7.29655e-05 0.000112466 0.000157562 0.000205759 0.000254246 0.000300135 0.000340708 0.000373637 0.000397168 0.00041024 0.000412528 0.000404423 0.000386941 0.000361588 0.000330186 0.000294696 0.000257043 0.000218979 0.000181996 0.000147316 0.000115943 8.87022e-05 6.61479e-05 4.83562e-05 3.4831e-05 2.47119e-05 1.71431e-05 1.15029e-05 7.39139e-06 4.51149e-06 2.59318e-06 1.38513e-06 6.71354e-07 2.81862e-07 9.21989e-08 1.67329e-08 0 
0 2.11793e-06 8.70701e-06 1.9863e-05 3.53167e-05 5.44358e-05 7.62642e-05 9.95941e-05 0.000123066 0.000145281 0.000164925 0.00018087 0.000192267 0.000198599 0.000199711 0.000195792 0.000187337 0.000175076 0.000159899 0.000142767 0.000124627 0.000106351 8.86827e-05 7.22162e-05 5.73915e-05 4.44975e-05 3.36686e-05 2.48785e-05 1.79563e-05 1.26397e-05 8.64545e-06 5.71591e-06 3.63058e-06 2.19972e-06 1.25932e-06 6.71354e-07 3.25123e-07 1.36453e-07 4.46289e-08 8.0992e-09 0 
0 8.88672e-07 3.65342e-06 8.33442e-06 1.48187e-05 2.28411e-05 3.20003e-05 4.17897e-05 5.16386e-05 6.09608e-05 6.9204e-05 7.58953e-05 8.0678e-05 8.3336e-05 8.38034e-05 8.21597e-05 7.86128e-05 7.34703e-05 6.71065e-05 5.99256e-05 5.23286e-05 4.46833e-05 3.73043e-05 3.04394e-05 2.42655e-05 1.8889e-05 1.43511e-05 1.06354e-05 7.68006e-06 5.39438e-06 3.67515e-06 2.41937e-06 1.53125e-06 9.25514e-07 5.29099e-07 2.81862e-07 1.36453e-07 5.72604e-08 1.87267e-08 3.39842e-09 0 
0 2.90623e-07 1.19478e-06 2.72561e-06 4.84618e-06 7.46975e-06 1.04651e-05 1.36666e-05 1.68875e-05 1.99362e-05 2.26321e-05 2.48204e-05 2.63846e-05 2.72539e-05 2.74069e-05 2.68694e-05 2.57096e-05 2.40282e-05 2.19475e-05 1.96002e-05 1.71175e-05 1.46199e-05 1.22106e-05 9.97009e-06 7.95539e-06 6.19992e-06 4.71586e-06 3.4976e-06 2.52602e-06 1.7732e-06 1.20675e-06 7.93431e-07 5.01635e-07 3.02965e-07 1.73117e-07 9.21989e-08 4.46289e-08 1.87267e-08 6.12432e-09 1.1114e-09 0 
0 5.27398e-08 2.16818e-07 4.94621e-07 8.79443e-07 1.35555e-06 1.89912e-06 2.48009e-06 3.0646e-06 3.61786e-06 4.10708e-06 4.50421e-06 4.78807e-06 4.94583e-06 4.97359e-06 4.87607e-06 4.66561e-06 4.36049e-06 3.98296e-06 3.55706e-06 3.10662e-06 2.65356e-06 2.21655e-06 1.81021e-06 1.44483e-06 1.12638e-06 8.57033e-07 6.35768e-07 4.59176e-07 3.22277e-07 2.19259e-07 1.44112e-07 9.10842e-08 5.49978e-08 3.14214e-08 1.67329e-08 8.0992e-09 3.39842e-09 1.1114e-09 2.01687e-10 0 
0 0 0 0 0 0 0 0 0 0 0 0 0 0 0 0 0 0 0 0 0 0 0 0 0 0 0 0 0 0 0 0 0 0 0 0 0 0 0 0 0 
