0 0 0 0 0 0 0 0 0 0 0 0 0 0 0 0 0 0 0 0 0 0 0 0 0 0 0 0 0 0 0 0 0 0 0 0 0 0 0 0 0 
0 1.31496e-05 5.10606e-05 0.000105163 0.000159584 0.000198542 0.000214942 0.00021165 0.000196414 0.000176782 0.000157902 0.000142499 0.000131647 0.000125558 0.000124097 0.000127042 0.000134138 0.000145018 0.000159029 0.000175026 0.000191214 0.000205162 0.000214077 0.000215372 0.000207409 0.000190127 0.000165272 0.000135999 0.000105968 7.83354e-05 5.50817e-05 3.69142e-05 2.35808e-05 1.43159e-05 8.20018e-06 4.37195e-06 2.11719e-06 8.88552e-07 2.90608e-07 5.27388e-08 0 
0 5.10606e-05 0.000182918 0.000323389 0.000386483 0.000351158 0.000264657 0.000178063 0.000113538 7.20424e-05 4.73724e-05 3.33653e-05 2.58036e-05 2.22594e-05 2.15517e-05 2.33481e-05 2.7986e-05 3.64626e-05 5.05079e-05 7.25951e-05 0.000105644 0.000152102 0.000212216 0.000281809 0.000350751 0.000403987 0.0004264 0.000410079 0.000359177 0.000287947 0.000213196 0.000147241 9.55826e-05 5.84899e-05 3.3625e-05 1.79552e-05 8.70062e-06 3.65241e-06 1.19466e-06 2.1681e-07 0 
0 0.000105163 0.000323389 0.00043044 0.00033977 0.000186686 8.12153e-05 3.0929e-05 1.12116e-05 4.17492e-06 1.71192e-06 8.20289e-07 4.80643e-07 3.54391e-07 3.32317e-07 3.93554e-07 5.75499e-07 1.0035e-06 1.99825e-06 4.33426e-06 9.76894e-06 2.19081e-05 4.71104e-05 9.43283e-05 0.000172028 0.000280979 0.000405208 0.000509441 0.000553624 0.000520393 0.000428375 0.000315213 0.000211734 0.000131753 7.63157e-05 4.08802e-05 1.98341e-05 8.32999e-06 2.7251e-06 4.94588e-07 0 
0 0.000159584 0.000386483 0.00033977 0.000154274 4.45402e-05 9.50657e-06 1.69958e-06 2.87406e-07 5.18551e-08 1.11725e-08 3.16638e-09 1.27085e-09 7.56532e-10 6.79182e-10 9.08296e-10 1.74205e-09 4.52021e-09 1.47647e-08 5.61122e-08 2.29338e-07 9.37332e-07 3.6003e-06 1.23827e-05 3.68851e-05 9.33126e-05 0.000198431 0.000351923 0.000515167 0.000616567 0.000605122 0.000498213 0.000356407 0.000228836 0.00013443 7.24311e-05 3.5221e-05 1.48044e-05 4.84456e-06 8.79344e-07 0 
0 0.000198542 0.000351158 0.000186686 4.45402e-05 5.98055e-06 5.35169e-07 3.76781e-08 2.48692e-09 1.83651e-10 1.79076e-11 2.65792e-12 6.69329e-13 3.06096e-13 2.60444e-13 4.04612e-13 1.08402e-12 4.58974e-12 2.75798e-11 2.09172e-10 1.78079e-09 1.52668e-08 1.2005e-07 8.04525e-07 4.36558e-06 1.86383e-05 6.20456e-05 0.000161578 0.000330438 0.000528096 0.000654436 0.000635266 0.000501849 0.000339235 0.000204028 0.000111005 5.41791e-05 2.28035e-05 7.46557e-06 1.35529e-06 0 
0 0.000214942 0.000264657 8.12153e-05 9.50657e-06 5.35169e-07 1.77229e-08 4.30143e-10 9.70248e-12 2.58658e-13 1.02086e-14 7.23761e-16 1.069e-16 3.61411e-17 2.89187e-17 5.33349e-17 2.09586e-16 1.55376e-15 1.87272e-14 3.12365e-13 6.14031e-12 1.22571e-10 2.18526e-09 3.14284e-08 3.39249e-07 2.63573e-06 1.45417e-05 5.75219e-05 0.000166648 0.000359163 0.000575234 0.000682621 0.000616161 0.000448422 0.000279292 0.000154192 7.56791e-05 3.19159e-05 1.04559e-05 1.89857e-06 0 
0 0.00021165 0.000178063 3.0929e-05 1.69958e-06 3.76781e-08 4.30143e-10 3.34081e-12 2.3905e-14 2.14212e-16 3.23386e-18 1.45304e-19 4.92601e-20 4.02446e-20 3.82593e-20 3.97812e-20 5.69049e-20 3.12232e-19 7.11471e-18 2.75588e-16 1.32611e-14 6.53392e-13 2.7953e-11 9.10534e-10 2.05579e-08 3.04186e-07 2.89055e-06 1.78354e-05 7.38842e-05 0.000213525 0.000439596 0.000644064 0.000678483 0.000541826 0.000353434 0.000199032 9.84334e-05 4.16243e-05 1.36488e-05 2.47905e-06 0 
0 0.000196414 0.000113538 1.12116e-05 2.87406e-07 2.48692e-09 9.70248e-12 2.3905e-14 5.3741e-17 1.71981e-19 5.75513e-21 2.0363e-21 1.74815e-21 1.96716e-21 1.97471e-21 1.73045e-21 1.47156e-21 2.12097e-21 7.09516e-21 2.27904e-19 2.61316e-17 3.20154e-15 3.30768e-13 2.45513e-11 1.16678e-09 3.31113e-08 5.46109e-07 5.29031e-06 3.13479e-05 0.000120181 0.00031225 0.000558286 0.000688725 0.000609898 0.000420181 0.000242421 0.000121028 5.13504e-05 1.68569e-05 3.06284e-06 0 
0 0.000176782 7.20424e-05 4.17492e-06 5.18551e-08 1.83651e-10 2.58658e-13 2.14212e-16 1.71981e-19 1.35217e-21 2.60292e-22 1.89153e-22 2.12622e-22 2.61304e-22 2.67639e-22 2.22984e-22 1.65114e-22 1.53379e-22 1.80143e-22 8.99218e-22 7.18271e-20 2.00518e-17 4.78409e-15 7.75542e-13 7.46715e-11 3.93352e-09 1.09673e-07 1.63463e-06 1.36272e-05 6.8047e-05 0.000217884 0.000464426 0.000662993 0.000650881 0.000475198 0.000281581 0.000142075 6.05093e-05 1.98886e-05 3.61514e-06 0 
0 0.000157902 4.73724e-05 1.71192e-06 1.11725e-08 1.79076e-11 1.02086e-14 3.23386e-18 5.75513e-21 2.60292e-22 5.41925e-23 3.79162e-23 4.35167e-23 5.31415e-23 5.45016e-23 4.52942e-23 3.26232e-23 2.46487e-23 2.01027e-23 4.79369e-23 8.71322e-22 2.21962e-19 1.0983e-16 3.56133e-14 6.41407e-12 5.84969e-10 2.60063e-08 5.69024e-07 6.43436e-06 4.06139e-05 0.000155716 0.000384482 0.000621455 0.000669594 0.000516741 0.000314428 0.000160361 6.85624e-05 2.25647e-05 4.10326e-06 0 
0 0.000142499 3.33653e-05 8.20289e-07 3.16638e-09 2.65792e-12 7.23761e-16 1.45304e-19 2.0363e-21 1.89153e-22 3.79162e-23 1.50249e-23 1.22567e-23 1.33805e-23 1.34003e-23 1.11817e-23 8.06059e-24 5.69145e-24 4.79837e-24 1.18193e-23 1.12243e-22 7.30974e-21 5.01101e-18 2.86072e-15 8.58666e-13 1.22525e-10 7.97167e-09 2.38741e-07 3.46582e-06 2.65014e-05 0.000117477 0.000325464 0.000579754 0.000673869 0.000545311 0.000339703 0.000174943 7.50621e-05 2.47331e-05 4.49927e-06 0 
0 0.000131647 2.58036e-05 4.80643e-07 1.27085e-09 6.69329e-13 1.069e-16 4.92601e-20 1.74815e-21 2.12623e-22 4.35167e-23 1.22567e-23 5.52818e-24 4.20824e-24 3.76712e-24 3.08756e-24 2.25599e-24 1.68292e-24 1.98919e-24 6.48148e-24 4.91593e-23 1.31104e-21 5.43389e-19 4.62847e-16 2.00748e-13 3.95448e-11 3.38517e-09 1.27144e-07 2.21097e-06 1.94204e-05 9.55266e-05 0.000286945 0.000546977 0.000671231 0.000562684 0.000356894 0.000185195 7.96832e-05 2.62805e-05 4.7822e-06 0 
0 0.000125558 2.22594e-05 3.54391e-07 7.56532e-10 3.06096e-13 3.61411e-17 4.02446e-20 1.96716e-21 2.61304e-22 5.31415e-23 1.33805e-23 4.20824e-24 1.92526e-24 1.27455e-24 9.51571e-25 7.16553e-25 6.77264e-25 1.32331e-24 5.27501e-24 3.64746e-23 6.77175e-22 1.571e-19 1.64699e-16 8.79832e-14 2.08e-11 2.07963e-09 8.87916e-08 1.71035e-06 1.62511e-05 8.47675e-05 0.00026636 0.000527185 0.000667116 0.000570864 0.000366006 0.000190803 8.22381e-05 2.71391e-05 4.93936e-06 0 
0 0.000124097 2.15517e-05 3.32317e-07 6.79182e-10 2.60444e-13 2.89187e-17 3.82593e-20 1.97471e-21 2.67639e-22 5.45016e-23 1.34003e-23 3.76712e-24 1.27455e-24 5.79884e-25 3.54235e-25 2.85178e-25 4.02278e-25 1.14102e-24 4.95173e-24 3.37833e-23 5.90309e-22 1.21922e-19 1.32929e-16 7.41054e-14 1.81858e-11 1.87699e-09 8.22705e-08 1.6182e-06 1.56225e-05 8.24533e-05 0.000261429 0.000521462 0.000664396 0.000571348 0.000367327 0.000191731 8.26782e-05 2.72891e-05 4.96694e-06 0 
0 0.000127042 2.33481e-05 3.93554e-07 9.08296e-10 4.04612e-13 5.33349e-17 3.97812e-20 1.73045e-21 2.22984e-22 4.52942e-23 1.11817e-23 3.08756e-24 9.51571e-25 3.54235e-25 1.8465e-25 1.69605e-25 3.33041e-25 1.10647e-24 5.05113e-24 3.73495e-23 8.00042e-22 2.42852e-19 2.37295e-16 1.17561e-13 2.60198e-11 2.45965e-09 1.0026e-07 1.86074e-06 1.71761e-05 8.7649e-05 0.000270853 0.0005292 0.000663531 0.000564803 0.000361269 0.000188175 8.10848e-05 2.67567e-05 4.8697e-06 0 
0 0.000134138 2.7986e-05 5.75499e-07 1.74205e-09 1.08402e-12 2.09586e-16 5.69049e-20 1.47156e-21 1.65114e-22 3.26232e-23 8.0606e-24 2.256e-24 7.16553e-25 2.85178e-25 1.69605e-25 1.80753e-25 3.69893e-25 1.23211e-24 5.98377e-24 5.37898e-23 2.03192e-21 1.17311e-18 8.69201e-16 3.30792e-13 5.81175e-11 4.5135e-09 1.56406e-07 2.54955e-06 2.12955e-05 0.000100819 0.000294147 0.00054842 0.000662855 0.000551074 0.000348312 0.00018053 7.76511e-05 2.56085e-05 4.65988e-06 0 
0 0.000145018 3.64626e-05 1.0035e-06 4.52021e-09 4.58974e-12 1.55376e-15 3.12232e-19 2.12097e-21 1.5338e-22 2.46487e-23 5.69145e-24 1.68292e-24 6.77264e-25 4.02278e-25 3.33041e-25 3.69893e-25 6.26784e-25 1.85537e-24 1.03258e-23 1.47464e-22 1.75248e-20 1.20421e-17 5.8256e-15 1.50567e-12 1.88452e-10 1.09649e-08 2.99365e-07 4.03433e-06 2.91087e-05 0.000123449 0.000330795 0.000575266 0.000658839 0.000529451 0.000329034 0.000169353 7.26603e-05 2.39427e-05 4.35562e-06 0 
0 0.000159029 5.05079e-05 1.99825e-06 1.47647e-08 2.75798e-11 1.87272e-14 7.11471e-18 7.09516e-21 1.80143e-22 2.01027e-23 4.79837e-24 1.98919e-24 1.32331e-24 1.14102e-24 1.10647e-24 1.23211e-24 1.85537e-24 4.85485e-24 3.48714e-23 1.45031e-21 5.05632e-19 2.18745e-16 6.20004e-14 9.88562e-12 8.09734e-10 3.28298e-08 6.65264e-07 7.07069e-06 4.25191e-05 0.000157174 0.000378329 0.000602805 0.000646415 0.000499076 0.000304189 0.000155335 6.64583e-05 2.18788e-05 3.97902e-06 0 
0 0.000175026 7.25951e-05 4.33426e-06 5.61122e-08 2.09172e-10 3.12365e-13 2.75588e-16 2.27904e-19 8.99218e-22 4.79369e-23 1.18193e-23 6.48147e-24 5.27501e-24 4.95173e-24 5.05113e-24 5.98376e-24 1.03258e-23 3.48714e-23 6.25881e-22 9.41829e-20 2.56136e-17 5.80584e-15 8.9613e-13 8.23457e-11 4.1515e-09 1.11212e-07 1.60125e-06 1.29818e-05 6.35066e-05 0.000200966 0.00042841 0.00061944 0.000619546 0.000459396 0.000274762 0.000139262 5.94249e-05 1.95467e-05 3.55396e-06 0 
0 0.000191214 0.000105644 9.76894e-06 2.29338e-07 1.78079e-09 6.14031e-12 1.32611e-14 2.61316e-17 7.18271e-20 8.71322e-22 1.12243e-22 4.91593e-23 3.64746e-23 3.37833e-23 3.73495e-23 5.37898e-23 1.47464e-22 1.45031e-21 9.41829e-20 1.2148e-17 1.64231e-15 1.86152e-13 1.49783e-11 7.58694e-10 2.25196e-08 3.82345e-07 3.78073e-06 2.28674e-05 9.00542e-05 0.000243278 0.000460198 0.00060782 0.000572204 0.000410553 0.000241977 0.000121963 5.19447e-05 1.7076e-05 3.1042e-06 0 
0 0.000205162 0.000152102 2.19081e-05 9.37332e-07 1.52668e-08 1.22571e-10 6.53392e-13 3.20154e-15 2.00518e-17 2.21962e-19 7.30974e-21 1.31104e-21 6.77174e-22 5.90309e-22 8.00042e-22 2.03192e-21 1.75248e-20 5.05632e-19 2.56136e-17 1.64231e-15 1.07708e-13 6.01816e-12 2.46718e-10 6.64829e-09 1.10537e-07 1.12335e-06 7.27735e-06 3.22337e-05 0.000103686 0.000247972 0.000434861 0.00054674 0.000499898 0.000353615 0.000207243 0.000104257 4.4379e-05 1.45868e-05 2.65161e-06 0 
0 0.000214077 0.000212216 4.71104e-05 3.6003e-06 1.2005e-07 2.18526e-09 2.7953e-11 3.30768e-13 4.78409e-15 1.0983e-16 5.01101e-18 5.43389e-19 1.571e-19 1.21922e-19 2.42852e-19 1.17311e-18 1.20421e-17 2.18745e-16 5.80584e-15 1.86152e-13 6.01816e-12 1.66417e-10 3.40611e-09 4.58857e-08 3.80427e-07 1.98428e-06 7.39291e-06 2.32084e-05 6.65048e-05 0.000164602 0.00031295 0.000421374 0.00040204 0.000290709 0.00017206 8.69001e-05 3.70446e-05 1.21823e-05 2.21489e-06 0 
0 0.000215372 0.000281809 9.43283e-05 1.23827e-05 8.04525e-07 3.14284e-08 9.10534e-10 2.45513e-11 7.75542e-13 3.56133e-14 2.86072e-15 4.62847e-16 1.64699e-16 1.32929e-16 2.37295e-16 8.69201e-16 5.8256e-15 6.20004e-14 8.9613e-13 1.49783e-11 2.46718e-10 3.40611e-09 3.31565e-08 1.90139e-07 5.68123e-07 9.62645e-07 1.37986e-06 2.80279e-06 9.62417e-06 4.0362e-05 0.000129407 0.000247965 0.000285896 0.000225275 0.000137972 7.05489e-05 3.0199e-05 9.94419e-06 1.80871e-06 0 
0 0.000207409 0.000350751 0.000172028 3.68851e-05 4.36558e-06 3.39249e-07 2.05579e-08 1.16678e-09 7.46715e-11 6.41407e-12 8.58666e-13 2.00748e-13 8.79832e-14 7.41054e-14 1.17561e-13 3.30792e-13 1.50567e-12 9.88562e-12 8.23457e-11 7.58694e-10 6.64829e-09 4.58857e-08 1.90139e-07 3.24138e-07 1.62497e-07 2.86299e-08 5.53281e-09 5.63719e-09 4.99552e-08 1.22805e-06 1.88412e-05 9.37215e-05 0.000170939 0.000162504 0.000106559 5.57425e-05 2.40327e-05 7.93084e-06 1.44342e-06 0 
0 0.000190127 0.000403987 0.000280979 9.33126e-05 1.86383e-05 2.63573e-06 3.04186e-07 3.31113e-08 3.93352e-09 5.84969e-10 1.22525e-10 3.95448e-11 2.08e-11 1.81858e-11 2.60198e-11 5.81175e-11 1.88452e-10 8.09734e-10 4.1515e-09 2.25196e-08 1.10537e-07 3.80427e-07 5.68123e-07 1.62497e-07 3.71119e-09 8.74828e-12 2.69613e-14 7.40468e-15 9.06068e-13 1.25981e-09 5.69539e-07 1.95972e-05 8.36024e-05 0.00010896 7.93559e-05 4.28828e-05 1.86667e-05 6.17703e-06 1.1251e-06 0 
0 0.000165272 0.0004264 0.000405208 0.000198431 6.20456e-05 1.45417e-05 2.89055e-06 5.46109e-07 1.09673e-07 2.60063e-08 7.97167e-09 3.38517e-09 2.07963e-09 1.87699e-09 2.45965e-09 4.5135e-09 1.09649e-08 3.28298e-08 1.11212e-07 3.82345e-07 1.12335e-06 1.98428e-06 9.62645e-07 2.86299e-08 8.74828e-12 5.63767e-16 2.1414e-15 1.80237e-15 1.52248e-14 5.60589e-14 4.4524e-09 2.61021e-06 3.58766e-05 6.98113e-05 5.74995e-05 3.2193e-05 1.41524e-05 4.69582e-06 8.55933e-07 0 
0 0.000135999 0.000410079 0.000509441 0.000351923 0.000161578 5.75219e-05 1.78354e-05 5.29031e-06 1.63463e-06 5.69024e-07 2.38741e-07 1.27144e-07 8.87916e-08 8.22705e-08 1.0026e-07 1.56406e-07 2.99365e-07 6.65264e-07 1.60125e-06 3.78073e-06 7.27735e-06 7.39291e-06 1.37986e-06 5.53281e-09 2.69613e-14 2.1414e-15 8.67414e-16 1.37507e-15 5.69811e-15 6.83234e-14 5.5338e-11 4.37818e-07 1.68012e-05 4.55202e-05 4.12153e-05 2.36704e-05 1.04751e-05 3.48167e-06 6.34904e-07 0 
0 0.000105968 0.000359177 0.000553624 0.000515167 0.000330438 0.000166648 7.38842e-05 3.13479e-05 1.36272e-05 6.43436e-06 3.46582e-06 2.21097e-06 1.71035e-06 1.6182e-06 1.86074e-06 2.54955e-06 4.03433e-06 7.07069e-06 1.29818e-05 2.28674e-05 3.22337e-05 2.32084e-05 2.80279e-06 5.63719e-09 7.40468e-15 1.80237e-15 1.37507e-15 4.00649e-15 1.62882e-14 2.20705e-13 1.46555e-11 2.27711e-07 1.11319e-05 3.22891e-05 2.96817e-05 1.70919e-05 7.56619e-06 2.51476e-06 4.58568e-07 0 
0 7.83354e-05 0.000287947 0.000520393 0.000616567 0.000528096 0.000359163 0.000213525 0.000120181 6.8047e-05 4.06139e-05 2.65014e-05 1.94204e-05 1.62511e-05 1.56225e-05 1.71761e-05 2.12955e-05 2.91087e-05 4.25191e-05 6.35066e-05 9.00542e-05 0.000103686 6.65048e-05 9.62417e-06 4.99552e-08 9.06068e-13 1.52248e-14 5.69811e-15 1.62882e-14 3.32057e-15 2.48263e-15 1.98467e-10 4.79254e-07 1.12042e-05 2.52996e-05 2.15156e-05 1.21072e-05 5.32404e-06 1.7662e-06 3.21897e-07 0 
0 5.50817e-05 0.000213196 0.000428375 0.000605122 0.000654436 0.000575234 0.000439596 0.00031225 0.000217884 0.000155716 0.000117477 9.55266e-05 8.47675e-05 8.24533e-05 8.7649e-05 0.000100819 0.000123449 0.000157174 0.000200966 0.000243278 0.000247972 0.000164602 4.0362e-05 1.22805e-06 1.25981e-09 5.60589e-14 6.83234e-14 2.20705e-13 2.48263e-15 3.83634e-12 1.75364e-08 2.08099e-06 1.40836e-05 2.07547e-05 1.54576e-05 8.36515e-06 3.63763e-06 1.20296e-06 2.19051e-07 0 
0 3.69142e-05 0.000147241 0.000315213 0.000498213 0.000635266 0.000682621 0.000644064 0.000558286 0.000464426 0.000384482 0.000325464 0.000286945 0.00026636 0.000261429 0.000270853 0.000294147 0.000330795 0.000378329 0.00042841 0.000460198 0.000434861 0.00031295 0.000129407 1.88412e-05 5.69539e-07 4.4524e-09 5.5338e-11 1.46555e-11 1.98467e-10 1.75364e-08 8.35152e-07 7.53659e-06 1.67445e-05 1.64722e-05 1.07546e-05 5.59011e-06 2.40212e-06 7.91644e-07 1.44011e-07 0 
0 2.35808e-05 9.55826e-05 0.000211734 0.000356407 0.000501849 0.000616161 0.000678483 0.000688725 0.000662993 0.000621455 0.000579754 0.000546977 0.000527185 0.000521462 0.0005292 0.00054842 0.000575266 0.000602805 0.00061944 0.00060782 0.00054674 0.000421374 0.000247965 9.37215e-05 1.95972e-05 2.61021e-06 4.37818e-07 2.27711e-07 4.79254e-07 2.08099e-06 7.53659e-06 1.47086e-05 1.60831e-05 1.19971e-05 7.11174e-06 3.58231e-06 1.52439e-06 5.00901e-07 9.10415e-08 0 
0 1.43159e-05 5.84899e-05 0.000131753 0.000228836 0.000339235 0.000448422 0.000541826 0.000609898 0.000650881 0.000669594 0.000673869 0.000671231 0.000667116 0.000664396 0.000663531 0.000662855 0.000658839 0.000646415 0.000619546 0.000572204 0.000499898 0.00040204 0.000285896 0.000170939 8.36024e-05 3.58766e-05 1.68012e-05 1.11319e-05 1.12042e-05 1.40836e-05 1.67445e-05 1.60831e-05 1.23194e-05 7.90027e-06 4.42288e-06 2.1838e-06 9.23157e-07 3.02703e-07 5.4982e-08 0 
0 8.20018e-06 3.3625e-05 7.63157e-05 0.00013443 0.000204028 0.000279292 0.000353434 0.000420181 0.000475198 0.000516741 0.000545311 0.000562684 0.000570864 0.000571348 0.000564803 0.000551074 0.000529451 0.000499076 0.000459396 0.000410553 0.000353615 0.000290709 0.000225275 0.000162504 0.00010896 6.98113e-05 4.55202e-05 3.22891e-05 2.52996e-05 2.07547e-05 1.64722e-05 1.19971e-05 7.90027e-06 4.72338e-06 2.56915e-06 1.25479e-06 5.28396e-07 1.73035e-07 3.14163e-08 0 
0 4.37195e-06 1.79552e-05 4.08802e-05 7.24311e-05 0.000111005 0.000154192 0.000199032 0.000242421 0.000281581 0.000314428 0.000339703 0.000356894 0.000366006 0.000367327 0.000361269 0.000348312 0.000329034 0.000304189 0.000274762 0.000241977 0.000207243 0.00017206 0.000137972 0.000106559 7.93559e-05 5.74995e-05 4.12153e-05 2.96817e-05 2.15156e-05 1.54576e-05 1.07546e-05 7.11174e-06 4.42288e-06 2.56915e-06 1.37953e-06 6.70244e-07 2.81681e-07 9.21769e-08 1.67315e-08 0 
0 2.11719e-06 8.70062e-06 1.98341e-05 3.5221e-05 5.41791e-05 7.56791e-05 9.84334e-05 0.000121028 0.000142075 0.000160361 0.000174943 0.000185195 0.000190803 0.000191731 0.000188175 0.00018053 0.000169353 0.000155335 0.000139262 0.000121963 0.000104257 8.69001e-05 7.05489e-05 5.57425e-05 4.28828e-05 3.2193e-05 2.36704e-05 1.70919e-05 1.21072e-05 8.36515e-06 5.59011e-06 3.58231e-06 2.1838e-06 1.25479e-06 6.70244e-07 3.24891e-07 1.36413e-07 4.46239e-08 8.09885e-09 0 
0 8.88552e-07 3.65241e-06 8.32999e-06 1.48044e-05 2.28035e-05 3.19159e-05 4.16243e-05 5.13504e-05 6.05093e-05 6.85624e-05 7.50621e-05 7.96832e-05 8.22381e-05 8.26782e-05 8.10848e-05 7.76511e-05 7.26603e-05 6.64583e-05 5.94249e-05 5.19447e-05 4.4379e-05 3.70446e-05 3.0199e-05 2.40327e-05 1.86667e-05 1.41524e-05 1.04751e-05 7.56619e-06 5.32404e-06 3.63763e-06 2.40212e-06 1.52439e-06 9.23157e-07 5.28396e-07 2.81681e-07 1.36413e-07 5.72533e-08 1.87258e-08 3.39835e-09 0 
0 2.90608e-07 1.19466e-06 2.7251e-06 4.84456e-06 7.46557e-06 1.04559e-05 1.36488e-05 1.68569e-05 1.98886e-05 2.25647e-05 2.47331e-05 2.62805e-05 2.71391e-05 2.72891e-05 2.67567e-05 2.56085e-05 2.39427e-05 2.18788e-05 1.95467e-05 1.7076e-05 1.45868e-05 1.21823e-05 9.94419e-06 7.93084e-06 6.17703e-06 4.69582e-06 3.48167e-06 2.51476e-06 1.7662e-06 1.20296e-06 7.91644e-07 5.00901e-07 3.02703e-07 1.73035e-07 9.21769e-08 4.46239e-08 1.87258e-08 6.12418e-09 1.11139e-09 0 
0 5.27388e-08 2.1681e-07 4.94588e-07 8.79344e-07 1.35529e-06 1.89857e-06 2.47905e-06 3.06284e-06 3.61514e-06 4.10326e-06 4.49927e-06 4.7822e-06 4.93936e-06 4.96694e-06 4.8697e-06 4.65988e-06 4.35562e-06 3.97902e-06 3.55396e-06 3.1042e-06 2.65161e-06 2.21489e-06 1.80871e-06 1.44342e-06 1.1251e-06 8.55933e-07 6.34904e-07 4.58568e-07 3.21897e-07 2.19051e-07 1.44011e-07 9.10415e-08 5.4982e-08 3.14163e-08 1.67315e-08 8.09885e-09 3.39835e-09 1.11139e-09 2.01686e-10 0 
0 0 0 0 0 0 0 0 0 0 0 0 0 0 0 0 0 0 0 0 0 0 0 0 0 0 0 0 0 0 0 0 0 0 0 0 0 0 0 0 0 
