0 0 0 0 0 0 0 0 0 0 0 0 0 0 0 0 0 0 0 0 0 0 0 0 0 0 0 0 0 0 0 0 0 0 0 0 0 0 0 0 0 
0 1.33162e-05 5.24676e-05 0.000110726 0.000173791 0.00022486 0.000253266 0.000258625 0.00024772 0.000228968 0.000208976 0.000191735 0.000179162 0.000171933 0.000170107 0.000173469 0.000181635 0.000193972 0.000209425 0.000226316 0.000242237 0.000254175 0.000258961 0.000254032 0.000238296 0.000212705 0.000180184 0.000144807 0.000110591 8.04837e-05 5.59663e-05 3.72376e-05 2.36861e-05 1.43465e-05 8.20809e-06 4.37376e-06 2.11755e-06 8.88611e-07 2.90616e-07 5.27393e-08 0 
0 5.24676e-05 0.000194613 0.000365074 0.000472466 0.000467856 0.000381836 0.000275134 0.000185984 0.000124053 8.50633e-05 6.19347e-05 4.90358e-05 4.28509e-05 4.15769e-05 4.4673e-05 5.2615e-05 6.68355e-05 8.97201e-05 0.000124431 0.000174206 0.00024075 0.000321673 0.00040785 0.000482874 0.000527097 0.000526198 0.000479319 0.000399939 0.000308308 0.000221888 0.000150447 9.66159e-05 5.87834e-05 3.36987e-05 1.79715e-05 8.70375e-06 3.65291e-06 1.19472e-06 2.16814e-07 0 
0 0.000110726 0.000365074 0.000544601 0.000492722 0.000308014 0.000150044 6.33292e-05 2.52904e-05 1.03042e-05 4.57456e-06 2.33833e-06 1.43507e-06 1.08571e-06 1.02263e-06 1.19178e-06 1.68371e-06 2.7936e-06 5.23351e-06 1.06037e-05 2.22567e-05 4.65002e-05 9.33865e-05 0.000175074 0.000298939 0.000455099 0.000606585 0.000699235 0.000695947 0.000604779 0.000468424 0.0003308 0.000216844 0.000133196 7.66713e-05 4.09569e-05 1.98484e-05 8.33221e-06 2.72536e-06 4.94605e-07 0 
0 0.000173791 0.000472466 0.000492722 0.000267431 9.1e-05 2.27848e-05 4.78949e-06 9.51634e-07 2.00013e-07 4.93338e-08 1.5607e-08 6.77724e-09 4.21537e-09 3.81397e-09 4.96474e-09 8.98315e-09 2.14251e-08 6.30739e-08 2.13315e-07 7.71433e-07 2.79223e-06 9.56007e-06 2.96173e-05 8.03802e-05 0.000186722 0.000364267 0.000585915 0.000766049 0.000814473 0.000719787 0.000548496 0.000373879 0.000233859 0.000135662 7.26921e-05 3.52686e-05 1.48116e-05 4.84538e-06 8.79395e-07 0 
0 0.00022486 0.000467856 0.000308014 9.1e-05 1.51745e-05 1.7117e-06 1.53747e-07 1.29525e-08 1.20455e-09 1.44006e-10 2.52248e-11 7.15331e-12 3.49567e-12 3.01e-12 4.49012e-12 1.1019e-11 4.1092e-11 2.11118e-10 1.34239e-09 9.49e-09 6.75483e-08 4.44701e-07 2.5339e-06 1.1932e-05 4.51798e-05 0.00013564 0.000319631 0.000583091 0.000813275 0.000873952 0.000751886 0.000547008 0.000352867 0.000207413 0.000111717 5.43068e-05 2.28224e-05 7.46769e-06 1.35542e-06 0 
0 0.000253266 0.000381836 0.000150044 2.27848e-05 1.7117e-06 7.80068e-08 2.65313e-09 8.3866e-11 3.07421e-12 1.60829e-13 1.43517e-14 2.50283e-15 9.2872e-16 7.55696e-16 1.31685e-15 4.57511e-15 2.84084e-14 2.75473e-13 3.59982e-12 5.47033e-11 8.43193e-10 1.17228e-08 1.3402e-07 1.181e-06 7.73034e-06 3.70929e-05 0.00013066 0.000338382 0.000638817 0.00087327 0.000885535 0.000708086 0.000478523 0.000287012 0.000155826 7.59694e-05 3.19584e-05 1.04606e-05 1.89885e-06 0 
0 0.000258625 0.000275134 6.33292e-05 4.78949e-06 1.53747e-07 2.65313e-09 3.18827e-11 3.52923e-13 4.77817e-15 1.03254e-16 4.48585e-18 4.77733e-19 1.4229e-19 1.11774e-19 2.15092e-19 1.02888e-18 1.09138e-17 2.08719e-16 5.89348e-15 2.0305e-13 7.15562e-12 2.2158e-10 5.34619e-09 9.23205e-08 1.08604e-06 8.5587e-06 4.55656e-05 0.000167028 0.000425771 0.000750644 0.000921694 0.000830698 0.000597433 0.000368434 0.000202258 9.90059e-05 4.17072e-05 1.36578e-05 2.47958e-06 0 
0 0.00024772 0.000185984 2.52904e-05 9.51634e-07 1.29525e-08 8.3866e-11 3.52923e-13 1.35654e-15 6.73165e-18 6.30963e-20 2.814e-21 7.19531e-22 3.79669e-22 3.28874e-22 4.49347e-22 1.00806e-21 5.51756e-21 1.45155e-19 8.73764e-18 6.86854e-16 5.57018e-14 3.86756e-12 1.98313e-10 6.75976e-09 1.43937e-07 1.87253e-06 1.5052e-05 7.72045e-05 0.000260752 0.000585697 0.000874834 0.000901182 0.000698009 0.000445527 0.000248011 0.000122025 5.14941e-05 1.68723e-05 3.06373e-06 0 
0 0.000228968 0.000124053 1.03042e-05 2.00013e-07 1.20455e-09 3.07421e-12 4.77817e-15 6.73165e-18 1.41097e-20 1.8213e-22 2.22513e-23 1.12494e-23 8.79018e-24 8.15388e-24 8.8236e-24 1.15631e-23 2.97748e-23 2.90005e-22 1.82211e-20 3.01458e-18 5.39102e-16 8.05527e-14 8.45046e-12 5.49764e-10 2.0594e-08 4.32024e-07 5.13718e-06 3.60699e-05 0.000157131 0.000437857 0.000784131 0.000922937 0.000773696 0.000513124 0.000290209 0.000143628 6.07329e-05 1.99125e-05 3.61651e-06 0 
0 0.000208976 8.50633e-05 4.57456e-06 4.93338e-08 1.44006e-10 1.60829e-13 1.03254e-16 6.30963e-20 1.8213e-22 4.46953e-24 8.60042e-25 5.99671e-25 5.72569e-25 5.52423e-25 5.26796e-25 5.20628e-25 8.10965e-25 3.88973e-24 1.24645e-22 2.44558e-20 8.63338e-18 2.54701e-15 5.04446e-13 5.82705e-11 3.60709e-09 1.15806e-07 1.95192e-06 1.80963e-05 9.82606e-05 0.00032838 0.000686505 0.000911211 0.000824019 0.000567865 0.000326443 0.000162549 6.88778e-05 2.25983e-05 4.10518e-06 0 
0 0.000191735 6.19347e-05 2.33833e-06 1.5607e-08 2.52248e-11 1.43517e-14 4.48585e-18 2.81401e-21 2.22513e-23 8.60044e-25 1.13753e-25 6.21649e-26 6.14152e-26 6.01236e-26 5.36646e-26 4.62876e-26 5.95927e-26 2.63211e-25 5.85618e-24 6.14882e-22 2.93456e-19 1.50359e-16 5.00259e-14 9.23431e-12 8.61676e-10 3.91823e-08 8.78841e-07 1.0226e-05 6.63301e-05 0.000255823 0.000603938 0.000884051 0.000853113 0.000608373 0.000354973 0.000177757 7.54688e-05 2.47764e-05 4.50174e-06 0 
0 0.000179162 4.90358e-05 1.43507e-06 6.77724e-09 7.15331e-12 2.50283e-15 4.77733e-19 7.19532e-22 1.12495e-23 5.99673e-25 6.21651e-26 1.38583e-26 8.97662e-27 8.20626e-27 7.04291e-27 6.08151e-27 1.05635e-26 6.92879e-26 1.24946e-24 7.60277e-23 2.61217e-20 1.94058e-17 9.38649e-15 2.42982e-12 3.04895e-10 1.78277e-08 4.91632e-07 6.74154e-06 4.96838e-05 0.000212039 0.000545092 0.000855931 0.000866992 0.00063481 0.000374775 0.000188523 8.01656e-05 2.63318e-05 4.78512e-06 0 
0 0.000171933 4.28509e-05 1.08571e-06 4.21537e-09 3.49567e-12 9.2872e-16 1.4229e-19 3.79669e-22 8.7902e-24 5.72571e-25 6.14154e-26 8.97665e-27 2.33534e-27 1.37584e-27 1.11503e-27 1.33194e-27 4.93173e-27 4.16206e-26 6.58817e-25 2.94444e-23 6.90677e-21 6.04349e-18 3.61406e-15 1.13343e-12 1.68265e-10 1.13492e-08 3.51974e-07 5.29867e-06 4.19791e-05 0.00018964 0.000511334 0.00083575 0.000871103 0.00064814 0.000385449 0.000194446 8.27674e-05 2.71954e-05 4.94256e-06 0 
0 0.000170107 4.15769e-05 1.02263e-06 3.81397e-09 3.01e-12 7.55696e-16 1.11774e-19 3.28874e-22 8.1539e-24 5.52425e-25 6.01239e-26 8.20629e-27 1.37584e-27 3.85936e-28 2.77477e-28 6.87991e-28 4.11101e-27 3.69139e-26 5.70808e-25 2.40838e-23 5.23172e-21 4.70127e-18 2.93832e-15 9.59212e-13 1.4751e-10 1.02523e-08 3.25893e-07 5.0029e-06 4.02389e-05 0.000183971 0.000501327 0.000827372 0.000868893 0.000649439 0.000387069 0.000195439 8.32178e-05 2.73465e-05 4.97022e-06 0 
0 0.000173469 4.4673e-05 1.19178e-06 4.96474e-09 4.49012e-12 1.31685e-15 2.15092e-19 4.49347e-22 8.82362e-24 5.26797e-25 5.36648e-26 7.04294e-27 1.11504e-27 2.77477e-28 2.26985e-28 7.23641e-28 4.57706e-27 4.33348e-26 7.4726e-25 3.82931e-23 1.0651e-20 8.88445e-18 4.93109e-15 1.44614e-12 2.0249e-10 1.29973e-08 3.86977e-07 5.63886e-06 4.35587e-05 0.000193033 0.000513136 0.000830701 0.000861327 0.000639488 0.000380055 0.000191699 8.15976e-05 2.68114e-05 4.87282e-06 0 
0 0.000181635 5.2615e-05 1.68371e-06 8.98315e-09 1.1019e-11 4.57511e-15 1.02888e-18 1.00806e-21 1.15632e-23 5.20629e-25 4.62877e-26 6.08153e-27 1.33194e-27 6.87988e-28 7.23639e-28 1.52537e-27 7.57341e-27 7.63768e-26 1.70771e-24 1.33705e-22 5.70429e-20 3.75387e-17 1.59516e-14 3.67565e-12 4.16708e-10 2.23578e-08 5.74421e-07 7.4436e-06 5.25047e-05 0.00021681 0.000544364 0.000842253 0.000847049 0.0006187 0.000365093 0.000183662 7.81068e-05 2.56572e-05 4.66266e-06 0 
0 0.000193972 6.68355e-05 2.7936e-06 2.14251e-08 4.1092e-11 2.84084e-14 1.09138e-17 5.51756e-21 2.97748e-23 8.10967e-25 5.95928e-26 1.05635e-26 4.93171e-27 4.11099e-27 4.57704e-27 7.57339e-27 2.71765e-26 2.8612e-25 1.00232e-23 1.50078e-21 7.13022e-19 3.12161e-16 8.95542e-14 1.44688e-11 1.20186e-09 4.95152e-08 1.02381e-06 1.11625e-05 6.88669e-05 0.000256123 0.000590748 0.000855129 0.000822936 0.000587308 0.000343116 0.000171963 7.30398e-05 2.39833e-05 4.35795e-06 0 
0 0.000209425 8.97201e-05 5.23351e-06 6.30739e-08 2.11118e-10 2.75473e-13 2.08719e-16 1.45155e-19 2.90005e-22 3.88974e-24 2.63211e-25 6.92877e-26 4.16205e-26 3.69138e-26 4.33346e-26 7.63766e-26 2.86119e-25 3.77902e-24 2.31256e-22 5.3793e-20 1.6836e-17 4.36288e-15 7.65883e-13 7.93332e-11 4.46206e-09 1.31973e-07 2.07789e-06 1.82439e-05 9.51399e-05 0.000310143 0.000643273 0.000858757 0.000784949 0.000545692 0.000315295 0.00015738 6.67555e-05 2.19107e-05 3.98085e-06 0 
0 0.000226316 0.000124431 1.06037e-05 2.13315e-07 1.34239e-09 3.59982e-12 5.89348e-15 8.73764e-18 1.82211e-20 1.24645e-22 5.85618e-24 1.24945e-24 6.58815e-25 5.70807e-25 7.47258e-25 1.7077e-24 1.00232e-23 2.31256e-22 2.19531e-20 3.54971e-18 6.04714e-16 8.61743e-14 8.63705e-12 5.37883e-10 1.93309e-08 3.90294e-07 4.48872e-06 3.07224e-05 0.000132141 0.000370823 0.000684014 0.000839104 0.000729177 0.000494683 0.000283012 0.000140774 5.96452e-05 1.95704e-05 3.55534e-06 0 
0 0.000242237 0.000174206 2.22567e-05 7.71433e-07 9.49e-09 5.47033e-11 2.0305e-13 6.86854e-16 3.01458e-18 2.44558e-20 6.14882e-22 7.60277e-23 2.94443e-23 2.40838e-23 3.82931e-23 1.33705e-22 1.50078e-21 5.3793e-20 3.54971e-18 3.04037e-16 2.6857e-14 2.01852e-12 1.10702e-10 3.9696e-09 8.72972e-08 1.15493e-06 9.37509e-06 4.88374e-05 0.00017109 0.000412584 0.00068238 0.000780103 0.000652841 0.000435707 0.000247797 0.00012303 5.21009e-05 1.7093e-05 3.10519e-06 0 
0 0.000254175 0.00024075 4.65002e-05 2.79223e-06 6.75483e-08 8.43193e-10 7.15562e-12 5.57018e-14 5.39102e-16 8.63338e-18 2.93456e-19 2.61217e-20 6.90677e-21 5.23172e-21 1.0651e-20 5.70429e-20 7.13022e-19 1.6836e-17 6.04714e-16 2.6857e-14 1.21635e-12 4.74604e-11 1.39105e-09 2.7718e-08 3.55115e-07 2.90949e-06 1.58906e-05 6.16601e-05 0.000178021 0.000383315 0.00059787 0.000667199 0.000555093 0.000370748 0.000211219 0.000104991 4.44872e-05 1.45987e-05 2.65231e-06 0 
0 0.000258961 0.000321673 9.33865e-05 9.56007e-06 4.44701e-07 1.17228e-08 2.2158e-10 3.86756e-12 8.05527e-14 2.54701e-15 1.50359e-16 1.94058e-17 6.04349e-18 4.70127e-18 8.88445e-18 3.75387e-17 3.12161e-16 4.36288e-15 8.61743e-14 2.01852e-12 4.74604e-11 9.62771e-10 1.47627e-08 1.53883e-07 1.02821e-06 4.51127e-06 1.4653e-05 4.10185e-05 0.000105924 0.000236839 0.000406065 0.000495554 0.000438006 0.000302265 0.000174794 8.741e-05 3.71204e-05 1.21906e-05 2.21538e-06 0 
0 0.000254032 0.00040785 0.000175074 2.96173e-05 2.5339e-06 1.3402e-07 5.34619e-09 1.98313e-10 8.45046e-12 5.04446e-13 5.00259e-14 9.38649e-15 3.61406e-15 2.93832e-15 4.93109e-15 1.59516e-14 8.95542e-14 7.65883e-13 8.63705e-12 1.10702e-10 1.39105e-09 1.47627e-08 1.12978e-07 5.29816e-07 1.36585e-06 2.1045e-06 2.81347e-06 5.24702e-06 1.59902e-05 5.86471e-05 0.000166301 0.00028828 0.000309254 0.000233423 0.000139961 7.0923e-05 3.02546e-05 9.9503e-06 1.80907e-06 0 
0 0.000238296 0.000482874 0.000298939 8.03802e-05 1.1932e-05 1.181e-06 9.23205e-08 6.75976e-09 5.49764e-10 5.82705e-11 9.23431e-12 2.42982e-12 1.13343e-12 9.59212e-13 1.44614e-12 3.67565e-12 1.44688e-11 7.93332e-11 5.37883e-10 3.9696e-09 2.7718e-08 1.53883e-07 5.29816e-07 8.02032e-07 3.94405e-07 7.48438e-08 1.57619e-08 1.55979e-08 1.13814e-07 2.14869e-06 2.62479e-05 0.000111996 0.000186395 0.000168716 0.000108133 5.60385e-05 2.40762e-05 7.93555e-06 1.4437e-06 0 
0 0.000212705 0.000527097 0.000455099 0.000186722 4.51798e-05 7.73034e-06 1.08604e-06 1.43937e-07 2.0594e-08 3.60709e-09 8.61676e-10 3.04895e-10 1.68265e-10 1.4751e-10 2.0249e-10 4.16708e-10 1.20186e-09 4.46206e-09 1.93309e-08 8.72972e-08 3.55115e-07 1.02821e-06 1.36585e-06 3.94405e-07 1.11132e-08 3.88542e-11 2.04744e-13 6.35558e-14 4.45198e-12 3.47191e-09 9.80178e-07 2.5305e-05 9.3415e-05 0.000113916 8.06737e-05 4.31287e-05 1.8702e-05 6.18078e-06 1.12531e-06 0 
0 0.000180184 0.000526198 0.000606585 0.000364267 0.00013564 3.70929e-05 8.5587e-06 1.87253e-06 4.32024e-07 1.15806e-07 3.91823e-08 1.78277e-08 1.13492e-08 1.02523e-08 1.29973e-08 2.23578e-08 4.95152e-08 1.31973e-07 3.90294e-07 1.15493e-06 2.90949e-06 4.51127e-06 2.1045e-06 7.48438e-08 3.88542e-11 4.05639e-16 2.45144e-15 2.29094e-15 6.41557e-16 3.14231e-13 1.0606e-08 3.79083e-06 4.15304e-05 7.36873e-05 5.85937e-05 3.23954e-05 1.41808e-05 4.69878e-06 8.56099e-07 0 
0 0.000144807 0.000479319 0.000699235 0.000585915 0.000319631 0.00013066 4.55656e-05 1.5052e-05 5.13718e-06 1.95192e-06 8.78841e-07 4.91632e-07 3.51974e-07 3.25893e-07 3.86977e-07 5.74421e-07 1.02381e-06 2.07789e-06 4.48872e-06 9.37509e-06 1.58906e-05 1.4653e-05 2.81347e-06 1.57619e-08 2.04744e-13 2.45144e-15 3.01994e-16 2.1716e-16 5.18949e-17 2.06394e-16 1.7922e-10 7.06817e-07 2.0039e-05 4.83986e-05 4.20656e-05 2.38262e-05 1.04966e-05 3.48387e-06 6.35025e-07 0 
0 0.000110591 0.000399939 0.000695947 0.000766049 0.000583091 0.000338382 0.000167028 7.72045e-05 3.60699e-05 1.80963e-05 1.0226e-05 6.74154e-06 5.29867e-06 5.0029e-06 5.63886e-06 7.4436e-06 1.11625e-05 1.82439e-05 3.07224e-05 4.88374e-05 6.16601e-05 4.10185e-05 5.24702e-06 1.55979e-08 6.35558e-14 2.29094e-15 2.1716e-16 7.12712e-17 1.96246e-16 6.83202e-15 5.22196e-11 3.76066e-07 1.33332e-05 3.43247e-05 3.02782e-05 1.71997e-05 7.58089e-06 2.51625e-06 4.5865e-07 0 
0 8.04837e-05 0.000308308 0.000604779 0.000814473 0.000813275 0.000638817 0.000425771 0.000260752 0.000157131 9.82606e-05 6.63301e-05 4.96838e-05 4.19791e-05 4.02389e-05 4.35587e-05 5.25047e-05 6.88669e-05 9.51399e-05 0.000132141 0.00017109 0.000178021 0.000105924 1.59902e-05 1.13814e-07 4.45198e-12 6.41557e-16 5.1895e-17 1.96245e-16 8.0397e-17 1.30496e-15 5.51378e-10 7.28492e-07 1.30524e-05 2.66509e-05 2.1884e-05 1.21724e-05 5.33292e-06 1.7671e-06 3.21946e-07 0 
0 5.59663e-05 0.000221888 0.000468424 0.000719787 0.000873952 0.00087327 0.000750644 0.000585697 0.000437857 0.00032838 0.000255823 0.000212039 0.00018964 0.000183971 0.000193033 0.00021681 0.000256123 0.000310143 0.000370823 0.000412584 0.000383315 0.000236839 5.86471e-05 2.14869e-06 3.47191e-09 3.14231e-13 2.06394e-16 6.83202e-15 1.30496e-15 1.40342e-11 3.3943e-08 2.7587e-06 1.56739e-05 2.15506e-05 1.56534e-05 8.39924e-06 3.6423e-06 1.20344e-06 2.19077e-07 0 
0 3.72376e-05 0.000150447 0.0003308 0.000548496 0.000751886 0.000885535 0.000921694 0.000874834 0.000784131 0.000686505 0.000603938 0.000545092 0.000511334 0.000501327 0.000513136 0.000544364 0.000590748 0.000643273 0.000684014 0.00068238 0.00059787 0.000406065 0.000166301 2.62479e-05 9.80178e-07 1.0606e-08 1.7922e-10 5.22196e-11 5.51378e-10 3.3943e-08 1.18443e-06 8.8236e-06 1.78382e-05 1.68618e-05 1.08426e-05 5.60537e-06 2.40425e-06 7.91867e-07 1.44024e-07 0 
0 2.36861e-05 9.66159e-05 0.000216844 0.000373879 0.000547008 0.000708086 0.000830698 0.000901182 0.000922937 0.000911211 0.000884051 0.000855931 0.00083575 0.000827372 0.000830701 0.000842253 0.000855129 0.000858757 0.000839104 0.000780103 0.000667199 0.000495554 0.00028828 0.000111996 2.5305e-05 3.79083e-06 7.06817e-07 3.76066e-07 7.28492e-07 2.7587e-06 8.8236e-06 1.58672e-05 1.66133e-05 1.21506e-05 7.14502e-06 3.58817e-06 1.52523e-06 5.00992e-07 9.10468e-08 0 
0 1.43465e-05 5.87834e-05 0.000133196 0.000233859 0.000352867 0.000478523 0.000597433 0.000698009 0.000773696 0.000824019 0.000853113 0.000866992 0.000871103 0.000868893 0.000861327 0.000847049 0.000822936 0.000784949 0.000729177 0.000652841 0.000555093 0.000438006 0.000309254 0.000186395 9.3415e-05 4.15304e-05 2.0039e-05 1.33332e-05 1.30524e-05 1.56739e-05 1.78382e-05 1.66133e-05 1.25032e-05 7.94922e-06 4.43352e-06 2.18574e-06 9.23446e-07 3.02735e-07 5.4984e-08 0 
0 8.20809e-06 3.36987e-05 7.66713e-05 0.000135662 0.000207413 0.000287012 0.000368434 0.000445527 0.000513124 0.000567865 0.000608373 0.00063481 0.00064814 0.000649439 0.000639488 0.0006187 0.000587308 0.000545692 0.000494683 0.000435707 0.000370748 0.000302265 0.000233423 0.000168716 0.000113916 7.36873e-05 4.83986e-05 3.43247e-05 2.66509e-05 2.15506e-05 1.68618e-05 1.21506e-05 7.94922e-06 4.73635e-06 2.57205e-06 1.25534e-06 5.28482e-07 1.73045e-07 3.14169e-08 0 
0 4.37376e-06 1.79715e-05 4.09569e-05 7.26921e-05 0.000111717 0.000155826 0.000202258 0.000248011 0.000290209 0.000326443 0.000354973 0.000374775 0.000385449 0.000387069 0.000380055 0.000365093 0.000343116 0.000315295 0.000283012 0.000247797 0.000211219 0.000174794 0.000139961 0.000108133 8.06737e-05 5.85937e-05 4.20656e-05 3.02782e-05 2.1884e-05 1.56534e-05 1.08426e-05 7.14502e-06 4.43352e-06 2.57205e-06 1.38021e-06 6.7038e-07 2.81703e-07 9.21796e-08 1.67317e-08 0 
0 2.11755e-06 8.70375e-06 1.98484e-05 3.52686e-05 5.43068e-05 7.59694e-05 9.90059e-05 0.000122025 0.000143628 0.000162549 0.000177757 0.000188523 0.000194446 0.000195439 0.000191699 0.000183662 0.000171963 0.00015738 0.000140774 0.00012303 0.000104991 8.741e-05 7.0923e-05 5.60385e-05 4.31287e-05 3.23954e-05 2.38262e-05 1.71997e-05 1.21724e-05 8.39924e-06 5.60537e-06 3.58817e-06 2.18574e-06 1.25534e-06 6.7038e-07 3.2492e-07 1.36418e-07 4.46245e-08 8.09889e-09 0 
0 8.88611e-07 3.65291e-06 8.33221e-06 1.48116e-05 2.28224e-05 3.19584e-05 4.17072e-05 5.14941e-05 6.07329e-05 6.88778e-05 7.54688e-05 8.01656e-05 8.27674e-05 8.32178e-05 8.15976e-05 7.81068e-05 7.30398e-05 6.67555e-05 5.96452e-05 5.21009e-05 4.44872e-05 3.71204e-05 3.02546e-05 2.40762e-05 1.8702e-05 1.41808e-05 1.04966e-05 7.58089e-06 5.33292e-06 3.6423e-06 2.40425e-06 1.52523e-06 9.23446e-07 5.28482e-07 2.81703e-07 1.36418e-07 5.72542e-08 1.87259e-08 3.39836e-09 0 
0 2.90616e-07 1.19472e-06 2.72536e-06 4.84538e-06 7.46769e-06 1.04606e-05 1.36578e-05 1.68723e-05 1.99125e-05 2.25983e-05 2.47764e-05 2.63318e-05 2.71954e-05 2.73465e-05 2.68114e-05 2.56572e-05 2.39833e-05 2.19107e-05 1.95704e-05 1.7093e-05 1.45987e-05 1.21906e-05 9.9503e-06 7.93555e-06 6.18078e-06 4.69878e-06 3.48387e-06 2.51625e-06 1.7671e-06 1.20344e-06 7.91867e-07 5.00992e-07 3.02735e-07 1.73045e-07 9.21796e-08 4.46245e-08 1.87259e-08 6.1242e-09 1.11139e-09 0 
0 5.27393e-08 2.16814e-07 4.94605e-07 8.79395e-07 1.35542e-06 1.89885e-06 2.47958e-06 3.06373e-06 3.61651e-06 4.10518e-06 4.50174e-06 4.78512e-06 4.94256e-06 4.97022e-06 4.87282e-06 4.66266e-06 4.35795e-06 3.98085e-06 3.55534e-06 3.10519e-06 2.65231e-06 2.21538e-06 1.80907e-06 1.4437e-06 1.12531e-06 8.56099e-07 6.35025e-07 4.5865e-07 3.21946e-07 2.19077e-07 1.44024e-07 9.10468e-08 5.4984e-08 3.14169e-08 1.67317e-08 8.09889e-09 3.39836e-09 1.11139e-09 2.01686e-10 0 
0 0 0 0 0 0 0 0 0 0 0 0 0 0 0 0 0 0 0 0 0 0 0 0 0 0 0 0 0 0 0 0 0 0 0 0 0 0 0 0 0 
