0 0 0 0 0 0 0 0 0 0 0 0 0 0 0 0 0 0 0 0 0 0 0 0 0 0 0 0 0 0 0 0 0 0 0 0 0 0 0 0 0 
0 1.35409e-05 5.44263e-05 0.000118969 0.000196883 0.000272779 0.000331911 0.000366549 0.000377797 0.000372461 0.000358649 0.000342994 0.000329842 0.000321548 0.000319057 0.000322349 0.000330667 0.000342541 0.00035573 0.000367225 0.000373476 0.000370938 0.000356938 0.00033058 0.000293297 0.000248655 0.000201373 0.000156005 0.000115883 8.27212e-05 5.68143e-05 3.75265e-05 2.37748e-05 1.4371e-05 8.21418e-06 4.3751e-06 2.11781e-06 8.88653e-07 2.90621e-07 5.27396e-08 0 
0 5.44263e-05 0.000211794 0.000433562 0.000639894 0.00074671 0.000726497 0.000619696 0.000487489 0.000370526 0.000283016 0.000224067 0.000188042 0.000169648 0.000165526 0.000174409 0.000196878 0.000234964 0.00029146 0.000368553 0.000465486 0.00057547 0.000683344 0.000766689 0.000802541 0.000777861 0.00069694 0.00057946 0.000450514 0.000330431 0.000230349 0.000153305 9.74756e-05 5.90149e-05 3.37546e-05 1.79835e-05 8.70599e-06 3.65326e-06 1.19476e-06 2.16817e-07 0 
0 0.000118969 0.000433562 0.000775356 0.000907417 0.000760193 0.000493857 0.000272061 0.000138425 7.00124e-05 3.74102e-05 2.21725e-05 1.5112e-05 1.21159e-05 1.15288e-05 1.2964e-05 1.69542e-05 2.51439e-05 4.09671e-05 7.07995e-05 0.000125207 0.000218865 0.000366137 0.00056919 0.000801347 0.00100141 0.00109869 0.00105942 0.00090914 0.000707854 0.000509965 0.000345086 0.000221123 0.000134328 7.69376e-05 4.10124e-05 1.98585e-05 8.33375e-06 2.72554e-06 4.94616e-07 0 
0 0.000196883 0.000639894 0.000907417 0.000730166 0.000374641 0.000139837 4.32711e-05 1.24538e-05 3.68776e-06 1.22743e-06 4.94505e-07 2.55096e-07 1.74588e-07 1.60671e-07 1.9724e-07 3.14362e-07 6.23624e-07 1.4611e-06 3.81684e-06 1.04934e-05 2.87675e-05 7.49959e-05 0.000178542 0.000374933 0.000673688 0.00101027 0.00124807 0.00127829 0.00111378 0.000855279 0.000597918 0.000388983 0.000237843 0.000136584 7.28803e-05 3.5302e-05 1.48166e-05 4.84594e-06 8.79429e-07 0 
0 0.000272779 0.00074671 0.000760193 0.000374641 0.00010599 2.05351e-05 3.19547e-06 4.62072e-07 7.12217e-08 1.32684e-08 3.32609e-09 1.21786e-09 6.85941e-10 6.05829e-10 8.28574e-10 1.68466e-09 4.77995e-09 1.74972e-08 7.5824e-08 3.56939e-07 1.68569e-06 7.45851e-06 2.92681e-05 9.76826e-05 0.000268358 0.000589767 0.00101154 0.00133977 0.0013941 0.00119113 0.00088097 0.000588553 0.000363996 0.000209978 0.000112233 5.43965e-05 2.28355e-05 7.46914e-06 1.35551e-06 0 
0 0.000331911 0.000726497 0.000493857 0.000139837 2.05351e-05 1.91603e-06 1.37084e-07 9.05194e-09 6.61877e-10 6.35091e-11 9.25308e-12 2.28905e-12 1.0316e-12 8.69102e-13 1.34468e-12 3.61101e-12 1.54232e-11 9.40224e-11 7.2659e-10 6.32158e-09 5.54848e-08 4.47202e-07 3.07365e-06 1.70842e-05 7.41581e-05 0.00024538 0.000605306 0.00109073 0.00143413 0.00142771 0.00115004 0.000800852 0.000504291 0.000292995 0.00015702 7.61743e-05 3.19877e-05 1.04638e-05 1.89904e-06 0 
0 0.000366549 0.000619696 0.000272061 4.32711e-05 3.19547e-06 1.37084e-07 4.2692e-09 1.21615e-10 3.99528e-12 1.88136e-13 1.53144e-14 2.48745e-15 8.82366e-16 7.06428e-16 1.24708e-15 4.5114e-15 2.98682e-14 3.14575e-13 4.52052e-12 7.60102e-11 1.29713e-09 1.98854e-08 2.48795e-07 2.37444e-06 1.65954e-05 8.3217e-05 0.000295749 0.000733645 0.00125466 0.00150785 0.00136014 0.00100333 0.000648155 0.000380447 0.000204656 9.94139e-05 4.17648e-05 1.36639e-05 2.47994e-06 0 
0 0.000377797 0.000487489 0.000138425 1.24538e-05 4.62072e-07 9.05194e-09 1.21615e-10 1.4809e-12 2.1671e-14 4.97026e-16 2.24642e-17 2.38626e-18 6.65852e-19 5.06507e-19 1.01892e-18 4.97064e-18 5.1206e-17 9.36712e-16 2.51886e-14 8.24246e-13 2.75499e-11 8.09262e-10 1.85568e-08 3.05599e-07 3.44146e-06 2.59752e-05 0.00013104 0.000440858 0.000979177 0.00144147 0.00148396 0.00117546 0.000784564 0.000466649 0.000252257 0.000122744 5.15948e-05 1.6883e-05 3.06434e-06 0 
0 0.000372461 0.000370526 7.00124e-05 3.68776e-06 7.12217e-08 6.61877e-10 3.99528e-12 2.1671e-14 1.46922e-16 1.70017e-18 4.43526e-20 3.34725e-21 8.30747e-22 6.21996e-22 1.29718e-21 7.64535e-21 1.16053e-19 3.57428e-18 1.74383e-16 1.07505e-14 6.81294e-13 3.71725e-11 1.5181e-09 4.20414e-08 7.45079e-07 8.26775e-06 5.76532e-05 0.000255504 0.000720258 0.0012893 0.00152254 0.00130469 0.00090407 0.000546121 0.000296924 0.000144766 6.08913e-05 1.99291e-05 3.61746e-06 0 
0 0.000358649 0.000283016 3.74102e-05 1.22743e-06 1.32684e-08 6.35091e-11 1.88136e-13 4.97026e-16 1.70017e-18 1.08636e-20 1.93478e-22 1.38757e-23 3.79681e-24 2.9114e-24 5.56738e-24 3.02326e-23 5.34239e-22 2.47875e-20 2.04334e-18 2.21246e-16 2.4775e-14 2.3459e-12 1.60205e-10 7.05093e-09 1.87183e-07 2.92488e-06 2.71032e-05 0.000152257 0.00052587 0.00111756 0.00149983 0.00138912 0.00100043 0.000614257 0.000336023 0.000164177 6.91037e-05 2.26218e-05 4.10651e-06 0 
0 0.000342994 0.000224067 2.21725e-05 4.94505e-07 3.32609e-09 9.25308e-12 1.53144e-14 2.24642e-17 4.43526e-20 1.93478e-22 2.89662e-24 1.87778e-25 5.10329e-26 3.92694e-26 7.23857e-26 3.91174e-25 7.47083e-24 4.34364e-22 5.30594e-20 9.08289e-18 1.6205e-15 2.40959e-13 2.50738e-11 1.61327e-09 5.96551e-08 1.23393e-06 1.44147e-05 9.797e-05 0.000397414 0.000969047 0.00144753 0.00143566 0.00107109 0.000667756 0.000367417 0.000179879 7.5763e-05 2.4807e-05 4.50346e-06 0 
0 0.000329842 0.000188042 1.5112e-05 2.55096e-07 1.21786e-09 2.28905e-12 2.48745e-15 2.38626e-18 3.34725e-21 1.38757e-23 1.87779e-25 8.16417e-27 1.56599e-27 1.12668e-27 2.30981e-27 1.66349e-26 3.98981e-25 2.55053e-23 3.78854e-21 8.90855e-19 2.22549e-16 4.58774e-14 6.47718e-12 5.48838e-10 2.58112e-08 6.54386e-07 9.04028e-06 7.04495e-05 0.000320346 0.000861542 0.00139234 0.00145527 0.00111649 0.000704719 0.000389608 0.000191063 8.05178e-05 2.63684e-05 4.78717e-06 0 
0 0.000321548 0.000169648 1.21159e-05 1.74588e-07 6.85941e-10 1.0316e-12 8.82366e-16 6.65852e-19 8.30747e-22 3.79684e-24 5.10337e-26 1.56602e-27 1.37537e-28 7.27363e-29 2.29211e-28 2.8548e-27 8.49833e-26 5.52453e-24 8.47758e-22 2.33976e-19 7.07574e-17 1.75765e-14 2.95447e-12 2.93095e-10 1.58217e-08 4.50833e-07 6.85753e-06 5.77923e-05 0.000280478 0.000798011 0.00135102 0.00145813 0.00113862 0.000724457 0.00040178 0.000197251 8.31567e-05 2.72358e-05 4.94483e-06 0 
0 0.000319057 0.000165526 1.15288e-05 1.60671e-07 6.05829e-10 8.69102e-13 7.06428e-16 5.06507e-19 6.21996e-22 2.91143e-24 3.927e-26 1.12671e-27 7.27374e-29 2.9479e-29 1.26801e-28 1.93165e-27 6.04953e-26 3.93577e-24 6.02668e-22 1.71422e-19 5.3994e-17 1.39661e-14 2.43931e-12 2.50613e-10 1.39534e-08 4.08251e-07 6.34799e-06 5.44817e-05 0.00026862 0.000775619 0.00133077 0.00145078 0.00113962 0.000727173 0.000403763 0.000198313 8.3617e-05 2.7388e-05 4.97254e-06 0 
0 0.000322349 0.000174409 1.2964e-05 1.9724e-07 8.28574e-10 1.34468e-12 1.24708e-15 1.01892e-18 1.29718e-21 5.56741e-24 7.23866e-26 2.30984e-27 2.2921e-28 1.268e-28 3.82436e-28 4.41347e-27 1.28286e-25 8.45942e-24 1.299e-21 3.4029e-19 9.64999e-17 2.25459e-14 3.58342e-12 3.38319e-10 1.75044e-08 4.81513e-07 7.11992e-06 5.87105e-05 0.000280483 0.000790054 0.00133108 0.00143492 0.00112096 0.000713673 0.000395967 0.00019444 8.19789e-05 2.6851e-05 4.87505e-06 0 
0 0.000330667 0.000196878 1.69542e-05 3.14362e-07 1.68466e-09 3.61101e-12 4.5114e-15 4.97064e-18 7.64535e-21 3.02327e-23 3.91176e-25 1.66349e-26 2.85477e-27 1.93162e-27 4.41343e-27 3.49669e-26 8.61581e-25 5.58056e-23 7.90544e-21 1.67271e-18 3.73462e-16 6.92153e-14 8.86779e-12 6.89664e-10 3.01403e-08 7.19104e-07 9.46427e-06 7.10947e-05 0.0003152 0.000835812 0.00134488 0.00140771 0.00108317 0.000685212 0.000379288 0.000186107 7.84475e-05 2.56927e-05 4.66466e-06 0 
0 0.000342541 0.000234964 2.51439e-05 6.23624e-07 4.77995e-09 1.54232e-11 2.98682e-14 5.1206e-17 1.16053e-19 5.34239e-22 7.47083e-24 3.9898e-25 8.49826e-26 6.04948e-26 1.28285e-25 8.61579e-25 1.8583e-23 1.06825e-21 1.17624e-19 1.76778e-17 2.77114e-15 3.64689e-13 3.39543e-11 1.9806e-09 6.73577e-08 1.3004e-06 1.43898e-05 9.40512e-05 0.000372854 0.00090342 0.00135852 0.00136283 0.00102635 0.00064345 0.000355013 0.000174011 7.33261e-05 2.40133e-05 4.35965e-06 0 
0 0.00035573 0.00029146 4.09671e-05 1.4611e-06 1.74972e-08 9.40224e-11 3.14575e-13 9.36712e-16 3.57428e-18 2.47875e-20 4.34364e-22 2.55053e-23 5.52451e-24 3.93576e-24 8.4594e-24 5.58056e-23 1.06825e-21 4.66897e-20 3.46886e-18 3.36697e-16 3.38861e-14 2.90205e-12 1.8086e-10 7.34184e-09 1.81886e-07 2.68584e-06 2.38534e-05 0.000130656 0.000449638 0.000974214 0.00135159 0.0012921 0.000950676 0.000590458 0.000324719 0.000159004 6.69837e-05 2.19347e-05 3.98223e-06 0 
0 0.000367225 0.000368553 7.07995e-05 3.81684e-06 7.5824e-08 7.2659e-10 4.52052e-12 2.51886e-14 1.74383e-16 2.04334e-18 5.30594e-20 3.78854e-21 8.47758e-22 6.02668e-22 1.299e-21 7.90544e-21 1.17624e-19 3.46886e-18 1.61605e-16 9.52402e-15 5.78154e-13 3.02889e-11 1.19061e-09 3.18162e-08 5.45877e-07 5.89799e-06 4.05052e-05 0.000180563 0.000528575 0.0010142 0.00129794 0.00118746 0.000857053 0.000528668 0.000290151 0.000142009 5.982e-05 1.9589e-05 3.55641e-06 0 
0 0.000373476 0.000465486 0.000125207 1.04934e-05 3.56939e-07 6.32158e-09 7.60102e-11 8.24246e-13 1.07505e-14 2.21246e-16 9.08289e-18 8.90855e-19 2.33976e-19 1.71422e-19 3.4029e-19 1.67271e-18 1.76778e-17 3.36697e-16 9.52402e-15 3.29505e-13 1.16406e-11 3.59391e-10 8.57275e-09 1.44897e-07 1.65317e-06 1.25688e-05 6.45551e-05 0.000228977 0.000566214 0.000971309 0.00116885 0.00104244 0.000747184 0.000460716 0.000253081 0.000123952 5.22326e-05 1.71071e-05 3.10601e-06 0 
0 0.000370938 0.00057547 0.000218865 2.87675e-05 1.68569e-06 5.54848e-08 1.29713e-09 2.75499e-11 6.81294e-13 2.4775e-14 1.6205e-15 2.22549e-16 7.07574e-17 5.3994e-17 9.64999e-17 3.73462e-16 2.77114e-15 3.38861e-14 5.78154e-13 1.16406e-11 2.36527e-10 4.23279e-09 5.98016e-08 6.17147e-07 4.46545e-06 2.26381e-05 8.31019e-05 0.000230229 0.000489661 0.000786975 0.000940163 0.000853231 0.000623343 0.000389208 0.000215185 0.000105692 4.45885e-05 1.46096e-05 2.65295e-06 0 
0 0.000356938 0.000683344 0.000366137 7.49959e-05 7.45851e-06 4.47202e-07 1.98854e-08 8.09262e-10 3.71725e-11 2.3459e-12 2.40959e-13 4.58774e-14 1.75765e-14 1.39661e-14 2.25459e-14 6.92153e-14 3.64689e-13 2.90205e-12 3.02889e-11 3.59391e-10 4.23279e-09 4.37846e-08 3.58033e-07 2.13208e-06 8.86795e-06 2.64395e-05 6.25293e-05 0.000132338 0.000261688 0.000451699 0.000612512 0.00062208 0.000488526 0.000316619 0.000177957 8.7977e-05 3.72027e-05 1.21996e-05 2.2159e-06 0 
0 0.00033058 0.000766689 0.00056919 0.000178542 2.92681e-05 3.07365e-06 2.48795e-07 1.85568e-08 1.5181e-09 1.60205e-10 2.50738e-11 6.47718e-12 2.95447e-12 2.43931e-12 3.58342e-12 8.86779e-12 3.39543e-11 1.8086e-10 1.19061e-09 8.57275e-09 5.98016e-08 3.58033e-07 1.62172e-06 4.89627e-06 9.10543e-06 1.12955e-05 1.27891e-05 1.95105e-05 4.52516e-05 0.000122243 0.000263179 0.000370711 0.000348757 0.000245602 0.000142722 7.14202e-05 3.03265e-05 9.95805e-06 1.80952e-06 0 
0 0.000293297 0.000802541 0.000801347 0.000374933 9.76826e-05 1.70842e-05 2.37444e-06 3.05599e-07 4.20414e-08 7.05093e-09 1.61327e-09 5.48838e-10 2.93095e-10 2.50613e-10 3.38319e-10 6.89664e-10 1.9806e-09 7.34184e-09 3.18162e-08 1.44897e-07 6.17147e-07 2.13208e-06 4.89627e-06 5.69924e-06 2.66335e-06 5.83452e-07 1.44103e-07 1.31782e-07 6.40458e-07 6.89795e-06 5.15069e-05 0.000157908 0.000217818 0.000179757 0.000110716 5.65013e-05 2.41421e-05 7.94254e-06 1.4441e-06 0 
0 0.000248655 0.000777861 0.00100141 0.000673688 0.000268358 7.41581e-05 1.65954e-05 3.44146e-06 7.45079e-07 1.87183e-07 5.96551e-08 2.58112e-08 1.58217e-08 1.39534e-08 1.75044e-08 3.01403e-08 6.73577e-08 1.81886e-07 5.45877e-07 1.65317e-06 4.46545e-06 8.86795e-06 9.10543e-06 2.66335e-06 1.16443e-07 9.32215e-10 1.10841e-11 4.12261e-12 1.23313e-10 2.96831e-08 3.07192e-06 4.28719e-05 0.000116355 0.000123872 8.31077e-05 4.35613e-05 1.87624e-05 6.18704e-06 1.12567e-06 0 
0 0.000201373 0.00069694 0.00109869 0.00101027 0.000589767 0.00024538 8.3217e-05 2.59752e-05 8.26775e-06 2.92488e-06 1.23393e-06 6.54386e-07 4.50833e-07 4.08251e-07 4.81513e-07 7.19104e-07 1.3004e-06 2.68584e-06 5.89799e-06 1.25688e-05 2.26381e-05 2.64395e-05 1.12955e-05 5.83452e-07 9.32215e-10 5.51683e-14 1.08478e-16 8.79261e-16 3.67942e-16 1.17325e-11 6.62006e-08 8.29561e-06 5.61295e-05 8.20634e-05 6.0762e-05 3.27783e-05 1.42332e-05 4.7041e-06 8.56393e-07 0 
0 0.000156005 0.00057946 0.00105942 0.00124807 0.00101154 0.000605306 0.000295749 0.00013104 5.76532e-05 2.71032e-05 1.44147e-05 9.04028e-06 6.85753e-06 6.34799e-06 7.11992e-06 9.46427e-06 1.43898e-05 2.38534e-05 4.05052e-05 6.45551e-05 8.31019e-05 6.25293e-05 1.27891e-05 1.44103e-07 1.10841e-11 1.08477e-16 3.86141e-18 1.84041e-17 4.07525e-17 8.71424e-15 2.09782e-09 1.93367e-06 2.89409e-05 5.48606e-05 4.38153e-05 2.41336e-05 1.05381e-05 3.48802e-06 6.35251e-07 0 
0 0.000115883 0.000450514 0.00090914 0.00127829 0.00133977 0.00109073 0.000733645 0.000440858 0.000255504 0.000152257 9.797e-05 7.04495e-05 5.77923e-05 5.44817e-05 5.87105e-05 7.10947e-05 9.40512e-05 0.000130656 0.000180563 0.000228977 0.000230229 0.000132338 1.95105e-05 1.31782e-07 4.12261e-12 8.7926e-16 1.84041e-17 3.40152e-18 2.03386e-17 1.09961e-15 7.12629e-10 1.07925e-06 1.94583e-05 3.89487e-05 3.15273e-05 1.74171e-05 7.60997e-06 2.51915e-06 4.58807e-07 0 
0 8.27212e-05 0.000330431 0.000707854 0.00111378 0.0013941 0.00143413 0.00125466 0.000979177 0.000720258 0.00052587 0.000397414 0.000320346 0.000280478 0.00026862 0.000280483 0.0003152 0.000372854 0.000449638 0.000528575 0.000566214 0.000489661 0.000261688 4.52516e-05 6.40458e-07 1.23313e-10 3.67942e-16 4.07525e-17 2.03386e-17 1.75448e-17 1.05642e-13 4.73476e-09 1.76055e-06 1.7986e-05 2.96944e-05 2.26595e-05 1.23057e-05 5.35074e-06 1.76889e-06 3.22044e-07 0 
0 5.68143e-05 0.000230349 0.000509965 0.000855279 0.00119113 0.00142771 0.00150785 0.00144147 0.0012893 0.00111756 0.000969047 0.000861542 0.000798011 0.000775619 0.000790054 0.000835812 0.00090342 0.000974214 0.0010142 0.000971309 0.000786975 0.000451699 0.000122243 6.89795e-06 2.96831e-08 1.17325e-11 8.71424e-15 1.09961e-15 1.05642e-13 2.20261e-10 1.37326e-07 5.00572e-06 1.96269e-05 2.33077e-05 1.60649e-05 8.46927e-06 3.65177e-06 1.2044e-06 2.1913e-07 0 
0 3.75265e-05 0.000153305 0.000345086 0.000597918 0.00088097 0.00115004 0.00136014 0.00148396 0.00152254 0.00149983 0.00144753 0.00139234 0.00135102 0.00133077 0.00133108 0.00134488 0.00135852 0.00135159 0.00129794 0.00116885 0.000940163 0.000612512 0.000263179 5.15069e-05 3.07192e-06 6.62006e-08 2.09782e-09 7.12629e-10 4.73476e-09 1.37326e-07 2.48404e-06 1.23136e-05 2.03739e-05 1.77034e-05 1.10268e-05 5.63682e-06 2.40859e-06 7.92319e-07 1.44049e-07 0 
0 2.37748e-05 9.74756e-05 0.000221123 0.000388983 0.000588553 0.000800852 0.00100333 0.00117546 0.00130469 0.00138912 0.00143566 0.00145527 0.00145813 0.00145078 0.00143492 0.00140771 0.00136283 0.0012921 0.00118746 0.00104244 0.000853231 0.00062208 0.000370711 0.000157908 4.28719e-05 8.29561e-06 1.93367e-06 1.07925e-06 1.76055e-06 5.00572e-06 1.23136e-05 1.86155e-05 1.77813e-05 1.24762e-05 7.21432e-06 3.60024e-06 1.52696e-06 5.01177e-07 9.10576e-08 0 
0 1.4371e-05 5.90149e-05 0.000134328 0.000237843 0.000363996 0.000504291 0.000648155 0.000784564 0.00090407 0.00100043 0.00107109 0.00111649 0.00113862 0.00113962 0.00112096 0.00108317 0.00102635 0.000950676 0.000857053 0.000747184 0.000623343 0.000488526 0.000348757 0.000217818 0.000116355 5.61295e-05 2.89409e-05 1.94583e-05 1.7986e-05 1.96269e-05 2.03739e-05 1.77813e-05 1.28955e-05 8.05185e-06 4.45559e-06 2.18972e-06 9.24038e-07 3.02801e-07 5.49879e-08 0 
0 8.21418e-06 3.37546e-05 7.69376e-05 0.000136584 0.000209978 0.000292995 0.000380447 0.000466649 0.000546121 0.000614257 0.000667756 0.000704719 0.000724457 0.000727173 0.000713673 0.000685212 0.00064345 0.000590458 0.000528668 0.000460716 0.000389208 0.000316619 0.000245602 0.000179757 0.000123872 8.20634e-05 5.48606e-05 3.89487e-05 2.96944e-05 2.33077e-05 1.77034e-05 1.24762e-05 8.05185e-06 4.7633e-06 2.57806e-06 1.25648e-06 5.28659e-07 1.73066e-07 3.14182e-08 0 
0 4.3751e-06 1.79835e-05 4.10124e-05 7.28803e-05 0.000112233 0.00015702 0.000204656 0.000252257 0.000296924 0.000336023 0.000367417 0.000389608 0.00040178 0.000403763 0.000395967 0.000379288 0.000355013 0.000324719 0.000290151 0.000253081 0.000215185 0.000177957 0.000142722 0.000110716 8.31077e-05 6.0762e-05 4.38153e-05 3.15273e-05 2.26595e-05 1.60649e-05 1.10268e-05 7.21432e-06 4.45559e-06 2.57806e-06 1.38161e-06 6.70658e-07 2.81748e-07 9.21851e-08 1.6732e-08 0 
0 2.11781e-06 8.70599e-06 1.98585e-05 3.5302e-05 5.43965e-05 7.61743e-05 9.94139e-05 0.000122744 0.000144766 0.000164177 0.000179879 0.000191063 0.000197251 0.000198313 0.00019444 0.000186107 0.000174011 0.000159004 0.000142009 0.000123952 0.000105692 8.7977e-05 7.14202e-05 5.65013e-05 4.35613e-05 3.27783e-05 2.41336e-05 1.74171e-05 1.23057e-05 8.46927e-06 5.63682e-06 3.60024e-06 2.18972e-06 1.25648e-06 6.70658e-07 3.24978e-07 1.36428e-07 4.46257e-08 8.09898e-09 0 
0 8.88653e-07 3.65326e-06 8.33375e-06 1.48166e-05 2.28355e-05 3.19877e-05 4.17648e-05 5.15948e-05 6.08913e-05 6.91037e-05 7.5763e-05 8.05178e-05 8.31567e-05 8.3617e-05 8.19789e-05 7.84475e-05 7.33261e-05 6.69837e-05 5.982e-05 5.22326e-05 4.45885e-05 3.72027e-05 3.03265e-05 2.41421e-05 1.87624e-05 1.42332e-05 1.05381e-05 7.60997e-06 5.35074e-06 3.65177e-06 2.40859e-06 1.52696e-06 9.24038e-07 5.28659e-07 2.81748e-07 1.36428e-07 5.7256e-08 1.87261e-08 3.39838e-09 0 
0 2.90621e-07 1.19476e-06 2.72554e-06 4.84594e-06 7.46914e-06 1.04638e-05 1.36639e-05 1.6883e-05 1.99291e-05 2.26218e-05 2.4807e-05 2.63684e-05 2.72358e-05 2.7388e-05 2.6851e-05 2.56927e-05 2.40133e-05 2.19347e-05 1.9589e-05 1.71071e-05 1.46096e-05 1.21996e-05 9.95805e-06 7.94254e-06 6.18704e-06 4.7041e-06 3.48802e-06 2.51915e-06 1.76889e-06 1.2044e-06 7.92319e-07 5.01177e-07 3.02801e-07 1.73066e-07 9.21851e-08 4.46257e-08 1.87261e-08 6.12423e-09 1.11139e-09 0 
0 5.27396e-08 2.16817e-07 4.94616e-07 8.79429e-07 1.35551e-06 1.89904e-06 2.47994e-06 3.06434e-06 3.61746e-06 4.10651e-06 4.50346e-06 4.78717e-06 4.94483e-06 4.97254e-06 4.87505e-06 4.66466e-06 4.35965e-06 3.98223e-06 3.55641e-06 3.10601e-06 2.65295e-06 2.2159e-06 1.80952e-06 1.4441e-06 1.12567e-06 8.56393e-07 6.35251e-07 4.58807e-07 3.22044e-07 2.1913e-07 1.44049e-07 9.10576e-08 5.49879e-08 3.14182e-08 1.6732e-08 8.09898e-09 3.39838e-09 1.11139e-09 2.01687e-10 0 
0 0 0 0 0 0 0 0 0 0 0 0 0 0 0 0 0 0 0 0 0 0 0 0 0 0 0 0 0 0 0 0 0 0 0 0 0 0 0 0 0 
