0 0 0 0 0 0 0 0 0 0 0 0 0 0 0 0 0 0 0 0 0 0 0 0 0 0 0 0 0 0 0 0 0 0 0 0 0 0 0 0 0 
0 1.31662e-05 5.11993e-05 0.000105697 0.000160892 0.000200847 0.000218133 0.000215385 0.000200338 0.000180652 0.000161602 0.000146006 0.000134994 0.000128805 0.000127315 0.000130299 0.000137496 0.00014852 0.000162692 0.000178829 0.000195093 0.000209 0.000217717 0.000218637 0.000210137 0.000192222 0.000166728 0.000136904 0.000106467 7.85776e-05 5.51854e-05 3.69534e-05 2.3594e-05 1.43198e-05 8.20121e-06 4.37219e-06 2.11724e-06 8.8856e-07 2.90609e-07 5.27389e-08 0 
0 5.11993e-05 0.000184046 0.000327223 0.000393847 0.00036036 0.000273194 0.000184677 0.000118219 7.52674e-05 4.96376e-05 3.50432e-05 2.7147e-05 2.34403e-05 2.26984e-05 2.45754e-05 2.94192e-05 3.82596e-05 5.2879e-05 7.58151e-05 0.000110043 0.000158013 0.000219856 0.000291091 0.000361101 0.000414314 0.000435402 0.000416797 0.000363413 0.000290196 0.000214207 0.00014763 9.57119e-05 5.85275e-05 3.36346e-05 1.79574e-05 8.70104e-06 3.65247e-06 1.19467e-06 2.16811e-07 0 
0 0.000105697 0.000327223 0.000440079 0.000351273 0.000194823 8.54106e-05 3.27577e-05 1.19568e-05 4.48199e-06 1.84881e-06 8.90237e-07 5.23477e-07 3.86736e-07 3.6277e-07 4.29087e-07 6.25801e-07 1.08708e-06 2.15467e-06 4.64969e-06 1.04251e-05 2.32617e-05 4.97892e-05 9.9276e-05 0.000180342 0.000293334 0.000420887 0.000525794 0.000567191 0.000529207 0.000432887 0.000317074 0.000212371 0.000131938 7.63624e-05 4.08904e-05 1.9836e-05 8.33029e-06 2.72513e-06 4.94591e-07 0 
0 0.000160892 0.000393847 0.000351273 0.000161628 4.72011e-05 1.01895e-05 1.84357e-06 3.15577e-07 5.7607e-08 1.2542e-08 3.58497e-09 1.44771e-09 8.64782e-10 7.76839e-10 1.0367e-09 1.97928e-09 5.10215e-09 1.65317e-08 6.22638e-08 2.52103e-07 1.02093e-06 3.88801e-06 1.32726e-05 3.92916e-05 9.88946e-05 0.0002093 0.000369075 0.000536047 0.000635282 0.000617247 0.00050401 0.000358548 0.000229477 0.000134592 7.24659e-05 3.52275e-05 1.48054e-05 4.84467e-06 8.79351e-07 0 
0 0.000200847 0.00036036 0.000194823 4.72011e-05 6.43796e-06 5.86161e-07 4.20423e-08 2.82768e-09 2.12586e-10 2.10616e-11 3.16701e-12 8.05065e-13 3.70123e-13 3.15224e-13 4.88132e-13 1.29869e-12 5.44374e-12 3.23114e-11 2.41707e-10 2.02827e-09 1.71402e-08 1.32957e-07 8.80154e-07 4.72654e-06 2.00137e-05 6.62084e-05 0.000171502 0.000348491 0.000551753 0.000675546 0.000647945 0.000507211 0.000340949 0.00020447 0.0001111 5.41963e-05 2.2806e-05 7.46586e-06 1.35531e-06 0 
0 0.000218133 0.000273194 8.54106e-05 1.01895e-05 5.86161e-07 1.98916e-08 4.95532e-10 1.14747e-11 3.13624e-13 1.26566e-14 9.14001e-16 1.36838e-16 4.66156e-17 3.73508e-17 6.85728e-17 2.66759e-16 1.94938e-15 2.30909e-14 3.77798e-13 7.27833e-12 1.42391e-10 2.49017e-09 3.51858e-08 3.73986e-07 2.86899e-06 1.56768e-05 6.15838e-05 0.000177385 0.000379454 0.000600828 0.000703019 0.000626585 0.000452118 0.000280286 0.000154409 7.57182e-05 3.19217e-05 1.04566e-05 1.89861e-06 0 
0 0.000215385 0.000184677 3.27577e-05 1.84357e-06 4.20423e-08 4.95532e-10 3.98156e-12 2.948e-14 2.7294e-16 4.22931e-18 1.73935e-19 4.45905e-20 3.2284e-20 3.01541e-20 3.32667e-20 5.80848e-20 3.99614e-19 9.25899e-18 3.49908e-16 1.63978e-14 7.86994e-13 3.28315e-11 1.04483e-09 2.31073e-08 3.35987e-07 3.14899e-06 1.92372e-05 7.91405e-05 0.000227266 0.000463485 0.000669612 0.00069479 0.000548439 0.000355335 0.000199456 9.85101e-05 4.16355e-05 1.365e-05 2.47913e-06 0 
0 0.000200338 0.000118219 1.19568e-05 3.15577e-07 2.82768e-09 1.14747e-11 2.948e-14 6.91424e-17 2.24804e-19 5.50073e-21 1.56339e-21 1.11683e-21 1.18964e-21 1.18553e-21 1.05914e-21 1.00525e-21 1.75389e-21 7.5169e-21 3.00072e-19 3.3716e-17 3.99821e-15 4.00418e-13 2.88775e-11 1.33746e-09 3.71246e-08 6.01387e-07 5.74771e-06 3.37459e-05 0.000128522 0.000331336 0.000585003 0.000710129 0.000620003 0.00042333 0.000243147 0.00012116 5.13698e-05 1.6859e-05 3.06296e-06 0 
0 0.000180652 7.52674e-05 4.48199e-06 5.7607e-08 2.12586e-10 3.13624e-13 2.7294e-16 2.24804e-19 1.27956e-21 1.74348e-22 1.17148e-22 1.15958e-22 1.36358e-22 1.38773e-22 1.17236e-22 9.42592e-23 9.83393e-23 1.2954e-22 9.49239e-22 9.51124e-20 2.59139e-17 5.9588e-15 9.33672e-13 8.7198e-11 4.47376e-09 1.22043e-07 1.78858e-06 1.47352e-05 7.30077e-05 0.000232136 0.000489451 0.000687673 0.000664447 0.000479811 0.000282689 0.000142281 6.05394e-05 1.98918e-05 3.61532e-06 0 
0 0.000161602 4.96376e-05 1.84881e-06 1.2542e-08 2.10616e-11 1.26566e-14 4.22931e-18 5.50073e-21 1.74348e-22 3.01228e-23 2.01651e-23 2.15415e-23 2.5425e-23 2.59161e-23 2.18021e-23 1.66067e-23 1.33965e-23 1.19281e-23 3.67621e-23 9.74648e-22 2.94195e-19 1.40283e-16 4.37607e-14 7.61329e-12 6.73772e-10 2.92116e-08 6.26633e-07 6.98531e-06 4.3682e-05 0.000166314 0.000406751 0.00064758 0.000686068 0.000522833 0.000315953 0.000160648 6.86046e-05 2.25692e-05 4.10352e-06 0 
0 0.000146006 3.50432e-05 8.90237e-07 3.58497e-09 3.16701e-12 9.14001e-16 1.73935e-19 1.56339e-21 1.17148e-22 2.01651e-23 7.28633e-24 5.62451e-24 5.98714e-24 5.96796e-24 5.0328e-24 3.76693e-24 2.78048e-24 2.5921e-24 8.03809e-24 9.92002e-23 9.12444e-21 6.53123e-18 3.57364e-15 1.03267e-12 1.4257e-10 9.02233e-09 2.64302e-07 3.77496e-06 2.85563e-05 0.00012566 0.000345123 0.000606096 0.000692441 0.000552694 0.000341621 0.00017531 7.51162e-05 2.47389e-05 4.49961e-06 0 
0 0.000134994 2.7147e-05 5.23477e-07 1.44771e-09 8.05065e-13 1.36838e-16 4.45905e-20 1.11683e-21 1.15958e-22 2.15416e-23 5.62451e-24 2.39255e-24 1.77305e-24 1.58199e-24 1.30915e-24 9.83391e-25 7.71228e-25 1.05146e-24 4.0845e-24 3.72125e-23 1.37656e-21 7.16388e-19 5.84971e-16 2.43664e-13 4.63435e-11 3.85175e-09 1.4128e-07 2.41372e-06 2.09516e-05 0.000102261 0.00030466 0.000572976 0.000691084 0.000571015 0.000359122 0.000185627 7.97471e-05 2.62874e-05 4.78259e-06 0 
0 0.000128805 2.34403e-05 3.86736e-07 8.64782e-10 3.70123e-13 4.66156e-17 3.2284e-20 1.18964e-21 1.36358e-22 2.5425e-23 5.98715e-24 1.77305e-24 7.75225e-25 5.06114e-25 3.81177e-25 2.96754e-25 3.08365e-25 7.07248e-25 3.2128e-24 2.61532e-23 6.49908e-22 2.07025e-19 2.09458e-16 1.07313e-13 2.44672e-11 2.37276e-09 9.88483e-08 1.86926e-06 1.75409e-05 9.07615e-05 0.000282927 0.000552747 0.000687543 0.000579714 0.000368415 0.000191274 8.2308e-05 2.71466e-05 4.93979e-06 0 
0 0.000127315 2.26984e-05 3.6277e-07 7.76839e-10 3.15224e-13 3.73508e-17 3.01541e-20 1.18554e-21 1.38773e-22 2.59161e-23 5.96796e-24 1.58199e-24 5.06114e-25 2.21664e-25 1.35687e-25 1.16799e-25 1.91198e-25 6.2002e-25 3.00309e-24 2.40359e-23 5.58338e-22 1.60366e-19 1.69156e-16 9.04208e-14 2.13964e-11 2.14169e-09 9.15819e-08 1.76818e-06 1.68572e-05 8.82521e-05 0.000277617 0.000546716 0.0006848 0.000580264 0.000369767 0.000192209 8.27494e-05 2.72967e-05 4.96738e-06 0 
0 0.000130299 2.45754e-05 4.29087e-07 1.0367e-09 4.88132e-13 6.85728e-17 3.32668e-20 1.05914e-21 1.17236e-22 2.18022e-23 5.0328e-24 1.30916e-24 3.81177e-25 1.35687e-25 7.12625e-26 7.31183e-26 1.6642e-25 6.15338e-25 3.12282e-24 2.71895e-23 7.93337e-22 3.19917e-19 3.00499e-16 1.42876e-13 3.05152e-11 2.79933e-09 1.11384e-07 2.03011e-06 1.85122e-05 9.37251e-05 0.000287355 0.000554289 0.000683364 0.000573347 0.000363591 0.000188629 8.11523e-05 2.6764e-05 4.87012e-06 0 
0 0.000137496 2.94192e-05 6.25801e-07 1.97928e-09 1.29869e-12 2.66759e-16 5.80848e-20 1.00525e-21 9.42592e-23 1.66067e-23 3.76693e-24 9.83392e-25 2.96754e-25 1.16799e-25 7.31183e-26 8.56243e-26 1.93786e-25 7.15561e-25 3.95048e-24 4.30837e-23 2.30027e-21 1.53588e-18 1.09e-15 3.98844e-13 6.77257e-11 5.11116e-09 1.73097e-07 2.77384e-06 2.29063e-05 0.000107636 0.00031154 0.000573323 0.000681552 0.000558858 0.00035039 0.000180933 7.7711e-05 2.5615e-05 4.66025e-06 0 
0 0.00014852 3.82596e-05 1.08708e-06 5.10215e-09 5.44374e-12 1.94938e-15 3.99614e-19 1.75389e-21 9.83393e-23 1.33965e-23 2.78048e-24 7.71228e-25 3.08365e-25 1.91197e-25 1.6642e-25 1.93786e-25 3.47399e-25 1.13912e-24 7.47343e-24 1.41599e-22 2.27543e-20 1.55183e-17 7.20455e-15 1.79499e-12 2.17618e-10 1.23283e-08 3.29503e-07 4.37164e-06 3.12195e-05 0.000131479 0.000349434 0.000599635 0.000675792 0.000536168 0.000330783 0.000169689 7.27101e-05 2.39481e-05 4.35594e-06 0 
0 0.000162692 5.2879e-05 2.15467e-06 1.65317e-08 3.23114e-11 2.30909e-14 9.25899e-18 7.51691e-21 1.2954e-22 1.19281e-23 2.5921e-24 1.05145e-24 7.07247e-25 6.2002e-25 6.15338e-25 7.15561e-25 1.13912e-24 3.42243e-24 3.07775e-23 1.76293e-21 6.63873e-19 2.76115e-16 7.53758e-14 1.16211e-11 9.24509e-10 3.65808e-08 7.27161e-07 7.62195e-06 4.54214e-05 0.000166807 0.000398105 0.000625838 0.000661014 0.000504533 0.00030557 0.000155598 6.64971e-05 2.1883e-05 3.97926e-06 0 
0 0.000178829 7.58151e-05 4.64969e-06 6.22638e-08 2.41707e-10 3.77798e-13 3.49908e-16 3.00072e-19 9.49239e-22 3.67621e-23 8.03809e-24 4.08449e-24 3.2128e-24 3.00309e-24 3.12282e-24 3.95048e-24 7.47342e-24 3.07775e-23 7.44471e-22 1.24521e-19 3.27645e-17 7.16043e-15 1.06857e-12 9.5265e-11 4.6784e-09 1.22624e-07 1.73576e-06 1.39031e-05 6.74792e-05 0.0002122 0.000448387 0.000639884 0.000631298 0.000463544 0.000275784 0.000139455 5.94535e-05 1.95498e-05 3.55414e-06 0 
0 0.000195093 0.000110043 1.04251e-05 2.52103e-07 2.02827e-09 7.27833e-12 1.63978e-14 3.3716e-17 9.51124e-20 9.74648e-22 9.92002e-23 3.72124e-23 2.61532e-23 2.40359e-23 2.71894e-23 4.30837e-23 1.41599e-22 1.76293e-21 1.24521e-19 1.56112e-17 2.04092e-15 2.24021e-13 1.74953e-11 8.62727e-10 2.50195e-08 4.16712e-07 4.0598e-06 2.42984e-05 9.50143e-05 0.000255087 0.000478337 0.000624272 0.000580909 0.000413491 0.000242689 0.000122097 5.19645e-05 1.70782e-05 3.10433e-06 0 
0 0.000209 0.000158013 2.32617e-05 1.02093e-06 1.71402e-08 1.42391e-10 7.86994e-13 3.99821e-15 2.59139e-17 2.94195e-19 9.12444e-21 1.37656e-21 6.49908e-22 5.58338e-22 7.93337e-22 2.30027e-21 2.27543e-20 6.63873e-19 3.27645e-17 2.04092e-15 1.3003e-13 7.06501e-12 2.82178e-10 7.4278e-09 1.21032e-07 1.20982e-06 7.73779e-06 3.39546e-05 0.000108482 0.000257823 0.000448512 0.00055829 0.000505774 0.000355566 0.000207714 0.000104346 4.43922e-05 1.45883e-05 2.6517e-06 0 
0 0.000217717 0.000219856 4.97892e-05 3.88801e-06 1.32957e-07 2.49017e-09 3.28315e-11 4.00418e-13 5.9588e-15 1.40283e-16 6.53123e-18 7.16388e-19 2.07025e-19 1.60366e-19 3.19917e-19 1.53588e-18 1.55183e-17 2.76115e-16 7.16043e-15 2.24021e-13 7.06501e-12 1.90716e-10 3.81691e-09 5.04077e-08 4.1101e-07 2.11558e-06 7.8013e-06 2.42882e-05 6.91046e-05 0.000169883 0.000320622 0.000428242 0.00040569 0.000291956 0.000172366 8.69584e-05 3.70534e-05 1.21833e-05 2.21494e-06 0 
0 0.000218637 0.000291091 9.9276e-05 1.32726e-05 8.80154e-07 3.51858e-08 1.04483e-09 2.88775e-11 9.33672e-13 4.37607e-14 3.57364e-15 5.84971e-16 2.09458e-16 1.69156e-16 3.00499e-16 1.09e-15 7.20455e-15 7.53758e-14 1.06857e-12 1.74953e-11 2.82178e-10 3.81691e-09 3.64687e-08 2.05905e-07 6.08298e-07 1.02337e-06 1.45944e-06 2.94574e-06 1.00247e-05 4.16239e-05 0.000132236 0.000251404 0.000288072 0.000226082 0.000138177 7.05883e-05 3.0205e-05 9.94486e-06 1.80875e-06 0 
0 0.000210137 0.000361101 0.000180342 3.92916e-05 4.72654e-06 3.73986e-07 2.31073e-08 1.33746e-09 8.7198e-11 7.61329e-12 1.03267e-12 2.43664e-13 1.07313e-13 9.04208e-14 1.42876e-13 3.98844e-13 1.79499e-12 1.16211e-11 9.5265e-11 8.62727e-10 7.4278e-09 5.04077e-08 2.05905e-07 3.47833e-07 1.74156e-07 3.08756e-08 6.01082e-09 6.11176e-09 5.33268e-08 1.28398e-06 1.93536e-05 9.51324e-05 0.000172244 0.000163064 0.000106707 5.57711e-05 2.40369e-05 7.93131e-06 1.44345e-06 0 
0 0.000192222 0.000414314 0.000293334 9.88946e-05 2.00137e-05 2.86899e-06 3.35987e-07 3.71246e-08 4.47376e-09 6.73772e-10 1.4257e-10 4.63435e-11 2.44672e-11 2.13964e-11 3.05152e-11 6.77257e-11 2.17618e-10 9.24509e-10 4.6784e-09 2.50195e-08 1.21032e-07 4.1101e-07 6.08298e-07 1.74156e-07 4.0447e-09 9.83728e-12 3.20261e-14 8.70566e-15 1.03264e-12 1.36449e-09 5.94526e-07 2.0003e-05 8.43714e-05 0.000109375 7.94709e-05 4.29048e-05 1.86699e-05 6.17738e-06 1.12512e-06 0 
0 0.000166728 0.000435402 0.000420887 0.0002093 6.62084e-05 1.56768e-05 3.14899e-06 6.01387e-07 1.22043e-07 2.92116e-08 9.02233e-09 3.85175e-09 2.37276e-09 2.14169e-09 2.79933e-09 5.11116e-09 1.23283e-08 3.65808e-08 1.22624e-07 4.16712e-07 1.20982e-06 2.11558e-06 1.02337e-06 3.08756e-08 9.83728e-12 4.08292e-16 2.20754e-15 1.56552e-15 1.20484e-14 6.44427e-14 4.76761e-09 2.68843e-06 3.63003e-05 7.01217e-05 5.75907e-05 3.22103e-05 1.41548e-05 4.69608e-06 8.55948e-07 0 
0 0.000136904 0.000416797 0.000525794 0.000369075 0.000171502 6.15838e-05 1.92372e-05 5.74771e-06 1.78858e-06 6.26633e-07 2.64302e-07 1.4128e-07 9.88483e-08 9.15819e-08 1.11384e-07 1.73097e-07 3.29503e-07 7.27161e-07 1.73576e-06 4.0598e-06 7.73779e-06 7.8013e-06 1.45944e-06 6.01082e-09 3.20261e-14 2.20754e-15 7.27893e-16 8.86214e-16 3.37053e-15 4.05582e-14 6.0751e-11 4.54702e-07 1.70382e-05 4.57458e-05 4.12844e-05 2.36833e-05 1.04769e-05 3.48186e-06 6.34914e-07 0 
0 0.000106467 0.000363413 0.000567191 0.000536047 0.000348491 0.000177385 7.91405e-05 3.37459e-05 1.47352e-05 6.98531e-06 3.77496e-06 2.41372e-06 1.86926e-06 1.76818e-06 2.03011e-06 2.77384e-06 4.37164e-06 7.62195e-06 1.39031e-05 2.42984e-05 3.39546e-05 2.42882e-05 2.94574e-06 6.11176e-09 8.70566e-15 1.56552e-15 8.86214e-16 2.56368e-15 1.11879e-14 1.72064e-13 1.62883e-11 2.36926e-07 1.12923e-05 3.24475e-05 2.97296e-05 1.71007e-05 7.5674e-06 2.51489e-06 4.58575e-07 0 
0 7.85776e-05 0.000290196 0.000529207 0.000635282 0.000551753 0.000379454 0.000227266 0.000128522 7.30077e-05 4.3682e-05 2.85563e-05 2.09516e-05 1.75409e-05 1.68572e-05 1.85122e-05 2.29063e-05 3.12195e-05 4.54214e-05 6.74792e-05 9.50143e-05 0.000108482 6.91046e-05 1.00247e-05 5.33268e-08 1.03264e-12 1.20484e-14 3.37053e-15 1.11879e-14 2.06048e-15 1.42273e-15 2.15156e-10 4.95375e-07 1.13405e-05 2.54048e-05 2.15451e-05 1.21125e-05 5.32477e-06 1.76628e-06 3.21901e-07 0 
0 5.51854e-05 0.000214207 0.000432887 0.000617247 0.000675546 0.000600828 0.000463485 0.000331336 0.000232136 0.000166314 0.00012566 0.000102261 9.07615e-05 8.82521e-05 9.37251e-05 0.000107636 0.000131479 0.000166807 0.0002122 0.000255087 0.000257823 0.000169883 4.16239e-05 1.28398e-06 1.36449e-09 6.44427e-14 4.05582e-14 1.72064e-13 1.42273e-15 4.24875e-12 1.84741e-08 2.12781e-06 1.42035e-05 2.0817e-05 1.54732e-05 8.3679e-06 3.63801e-06 1.203e-06 2.19053e-07 0 
0 3.69534e-05 0.00014763 0.000317074 0.00050401 0.000647945 0.000703019 0.000669612 0.000585003 0.000489451 0.000406751 0.000345123 0.00030466 0.000282927 0.000277617 0.000287355 0.00031154 0.000349434 0.000398105 0.000448387 0.000478337 0.000448512 0.000320622 0.000132236 1.93536e-05 5.94526e-07 4.76761e-09 6.0751e-11 1.62883e-11 2.15156e-10 1.84741e-08 8.58473e-07 7.63099e-06 1.68287e-05 1.65029e-05 1.07616e-05 5.59133e-06 2.40229e-06 7.91662e-07 1.44012e-07 0 
0 2.3594e-05 9.57119e-05 0.000212371 0.000358548 0.000507211 0.000626585 0.00069479 0.000710129 0.000687673 0.00064758 0.000606096 0.000572976 0.000552747 0.000546716 0.000554289 0.000573323 0.000599635 0.000625838 0.000639884 0.000624272 0.00055829 0.000428242 0.000251404 9.51324e-05 2.0003e-05 2.68843e-06 4.54702e-07 2.36926e-07 4.95375e-07 2.12781e-06 7.63099e-06 1.47971e-05 1.61246e-05 1.20093e-05 7.11441e-06 3.58278e-06 1.52446e-06 5.00908e-07 9.10419e-08 0 
0 1.43198e-05 5.85275e-05 0.000131938 0.000229477 0.000340949 0.000452118 0.000548439 0.000620003 0.000664447 0.000686068 0.000692441 0.000691084 0.000687543 0.0006848 0.000683364 0.000681552 0.000675792 0.000661014 0.000631298 0.000580909 0.000505774 0.00040569 0.000288072 0.000172244 8.43714e-05 3.63003e-05 1.70382e-05 1.12923e-05 1.13405e-05 1.42035e-05 1.68287e-05 1.61246e-05 1.23339e-05 7.90417e-06 4.42374e-06 2.18396e-06 9.2318e-07 3.02705e-07 5.49821e-08 0 
0 8.20121e-06 3.36346e-05 7.63624e-05 0.000134592 0.00020447 0.000280286 0.000355335 0.00042333 0.000479811 0.000522833 0.000552694 0.000571015 0.000579714 0.000580264 0.000573347 0.000558858 0.000536168 0.000504533 0.000463544 0.000413491 0.000355566 0.000291956 0.000226082 0.000163064 0.000109375 7.01217e-05 4.57458e-05 3.24475e-05 2.54048e-05 2.0817e-05 1.65029e-05 1.20093e-05 7.90417e-06 4.72442e-06 2.56938e-06 1.25483e-06 5.28403e-07 1.73036e-07 3.14163e-08 0 
0 4.37219e-06 1.79574e-05 4.08904e-05 7.24659e-05 0.0001111 0.000154409 0.000199456 0.000243147 0.000282689 0.000315953 0.000341621 0.000359122 0.000368415 0.000369767 0.000363591 0.00035039 0.000330783 0.00030557 0.000275784 0.000242689 0.000207714 0.000172366 0.000138177 0.000106707 7.94709e-05 5.75907e-05 4.12844e-05 2.97296e-05 2.15451e-05 1.54732e-05 1.07616e-05 7.11441e-06 4.42374e-06 2.56938e-06 1.37958e-06 6.70255e-07 2.81682e-07 9.21771e-08 1.67315e-08 0 
0 2.11724e-06 8.70104e-06 1.9836e-05 3.52275e-05 5.41963e-05 7.57182e-05 9.85101e-05 0.00012116 0.000142281 0.000160648 0.00017531 0.000185627 0.000191274 0.000192209 0.000188629 0.000180933 0.000169689 0.000155598 0.000139455 0.000122097 0.000104346 8.69584e-05 7.05883e-05 5.57711e-05 4.29048e-05 3.22103e-05 2.36833e-05 1.71007e-05 1.21125e-05 8.3679e-06 5.59133e-06 3.58278e-06 2.18396e-06 1.25483e-06 6.70255e-07 3.24894e-07 1.36414e-07 4.46239e-08 8.09886e-09 0 
0 8.8856e-07 3.65247e-06 8.33029e-06 1.48054e-05 2.2806e-05 3.19217e-05 4.16355e-05 5.13698e-05 6.05394e-05 6.86046e-05 7.51162e-05 7.97471e-05 8.2308e-05 8.27494e-05 8.11523e-05 7.7711e-05 7.27101e-05 6.64971e-05 5.94535e-05 5.19645e-05 4.43922e-05 3.70534e-05 3.0205e-05 2.40369e-05 1.86699e-05 1.41548e-05 1.04769e-05 7.5674e-06 5.32477e-06 3.63801e-06 2.40229e-06 1.52446e-06 9.2318e-07 5.28403e-07 2.81682e-07 1.36414e-07 5.72534e-08 1.87258e-08 3.39836e-09 0 
0 2.90609e-07 1.19467e-06 2.72513e-06 4.84467e-06 7.46586e-06 1.04566e-05 1.365e-05 1.6859e-05 1.98918e-05 2.25692e-05 2.47389e-05 2.62874e-05 2.71466e-05 2.72967e-05 2.6764e-05 2.5615e-05 2.39481e-05 2.1883e-05 1.95498e-05 1.70782e-05 1.45883e-05 1.21833e-05 9.94486e-06 7.93131e-06 6.17738e-06 4.69608e-06 3.48186e-06 2.51489e-06 1.76628e-06 1.203e-06 7.91662e-07 5.00908e-07 3.02705e-07 1.73036e-07 9.21771e-08 4.46239e-08 1.87258e-08 6.12418e-09 1.11139e-09 0 
0 5.27389e-08 2.16811e-07 4.94591e-07 8.79351e-07 1.35531e-06 1.89861e-06 2.47913e-06 3.06296e-06 3.61532e-06 4.10352e-06 4.49961e-06 4.78259e-06 4.93979e-06 4.96738e-06 4.87012e-06 4.66025e-06 4.35594e-06 3.97926e-06 3.55414e-06 3.10433e-06 2.6517e-06 2.21494e-06 1.80875e-06 1.44345e-06 1.12512e-06 8.55948e-07 6.34914e-07 4.58575e-07 3.21901e-07 2.19053e-07 1.44012e-07 9.10419e-08 5.49821e-08 3.14163e-08 1.67315e-08 8.09886e-09 3.39836e-09 1.11139e-09 2.01686e-10 0 
0 0 0 0 0 0 0 0 0 0 0 0 0 0 0 0 0 0 0 0 0 0 0 0 0 0 0 0 0 0 0 0 0 0 0 0 0 0 0 0 0 
