0 0 0 0 0 0 0 0 0 0 0 0 0 0 0 0 0 0 0 0 0 0 0 0 0 0 0 0 0 0 0 0 0 0 0 0 0 0 0 0 0 
0 1.34534e-05 5.36557e-05 0.000115658 0.000187321 0.000252182 0.000296755 0.000316498 0.000315524 0.000301964 0.000283624 0.000266049 0.000252436 0.000244281 0.000242051 0.000245602 0.000254354 0.000267247 0.000282607 0.00029802 0.000310369 0.000316174 0.000312286 0.000296806 0.000269878 0.000233915 0.000193015 0.000151752 0.000113944 8.19274e-05 5.65219e-05 3.74294e-05 2.37456e-05 1.43631e-05 8.21223e-06 4.37468e-06 2.11773e-06 8.8864e-07 2.90619e-07 5.27395e-08 0 
0 5.36557e-05 0.00020491 0.000405087 0.000566323 0.00061589 0.000554016 0.000437271 0.000320396 0.000228976 0.000166222 0.000126517 0.000103315 9.18271e-05 8.93577e-05 9.501e-05 0.000109392 0.00013442 0.000173046 0.000228575 0.000303137 0.000395105 0.000496043 0.000589196 0.000652406 0.00066653 0.000625418 0.000539823 0.00043151 0.000322485 0.000227421 0.000152346 9.71939e-05 5.89405e-05 3.37369e-05 1.79798e-05 8.7053e-06 3.65315e-06 1.19475e-06 2.16816e-07 0 
0 0.000115658 0.000405087 0.000672771 0.000705354 0.000518054 0.000294326 0.000143012 6.49432e-05 2.97027e-05 1.45696e-05 8.06769e-06 5.24087e-06 4.09182e-06 3.87535e-06 4.42927e-06 6.00038e-06 9.36774e-06 1.62736e-05 3.0268e-05 5.79755e-05 0.000110224 0.000201183 0.000342226 0.000528511 0.000724642 0.000868217 0.000904062 0.000824135 0.000669471 0.000495322 0.000340256 0.00021972 0.000133965 7.68536e-05 4.09951e-05 1.98554e-05 8.33328e-06 2.72548e-06 4.94613e-07 0 
0 0.000187321 0.000566323 0.000705354 0.000476013 0.000201785 6.24629e-05 1.6151e-05 3.92039e-06 9.92714e-07 2.88322e-07 1.04091e-07 4.96655e-08 3.25506e-08 2.97259e-08 3.74721e-08 6.32529e-08 1.36399e-07 3.54448e-07 1.04126e-06 3.24417e-06 1.01044e-05 2.98955e-05 8.05895e-05 0.000191442 0.000389698 0.000663037 0.000925036 0.00105317 0.000994599 0.000805565 0.000580858 0.000383987 0.000236563 0.000136294 7.28218e-05 3.52917e-05 1.48151e-05 4.84577e-06 8.79419e-07 0 
0 0.000252182 0.00061589 0.000518054 0.000201785 4.46259e-05 6.73543e-06 8.15287e-07 9.22281e-08 1.13071e-08 1.72354e-09 3.67447e-10 1.19878e-10 6.33281e-11 5.52945e-11 7.86462e-11 1.74074e-10 5.58783e-10 2.384e-09 1.2287e-08 6.9535e-08 3.95607e-07 2.09819e-06 9.77527e-06 3.8324e-05 0.000122764 0.000314167 0.000628562 0.000965691 0.00114009 0.00106716 0.000834752 0.000574554 0.00036039 0.000209168 0.000112072 5.43689e-05 2.28315e-05 7.4687e-06 1.35548e-06 0 
0 0.000296755 0.000554016 0.000294326 6.24629e-05 6.73543e-06 4.53173e-07 2.31376e-08 1.09475e-09 5.85936e-11 4.27556e-12 4.99361e-13 1.05527e-13 4.35736e-14 3.61403e-14 5.89907e-14 1.77895e-13 8.99382e-13 6.75958e-12 6.6215e-11 7.41133e-10 8.3913e-09 8.65796e-08 7.49988e-07 5.14942e-06 2.70699e-05 0.000107018 0.000314346 0.000675437 0.00104839 0.00119293 0.00105033 0.000768688 0.000495823 0.000291092 0.000156647 7.61111e-05 3.19787e-05 1.04628e-05 1.89898e-06 0 
0 0.000316498 0.000437271 0.000143012 1.6151e-05 8.15287e-07 2.31376e-08 4.68384e-10 8.7059e-12 1.91712e-13 6.3547e-15 3.89577e-16 5.17052e-17 1.63987e-17 1.28708e-17 2.43347e-17 1.0216e-16 8.3983e-16 1.15723e-14 2.25483e-13 5.24046e-12 1.24075e-10 2.6135e-09 4.40183e-08 5.5001e-07 4.88057e-06 3.02326e-05 0.000130554 0.000392459 0.000812883 0.0011588 0.00118442 0.000941228 0.000631154 0.000376587 0.000203904 9.92878e-05 4.17472e-05 1.36621e-05 2.47983e-06 0 
0 0.000315524 0.000320396 6.49432e-05 3.92039e-06 9.22281e-08 1.09475e-09 8.7059e-12 6.30041e-14 5.66192e-16 8.46599e-18 2.73227e-19 2.43593e-20 6.85479e-21 5.31966e-21 1.03475e-20 5.39254e-20 7.00375e-19 1.7736e-17 6.91505e-16 3.35911e-14 1.6748e-12 7.25457e-11 2.39311e-09 5.47818e-08 8.24239e-07 7.99247e-06 5.02342e-05 0.000207608 0.000566401 0.00101515 0.00122385 0.00107261 0.000754863 0.000459776 0.000250917 0.000122521 5.15639e-05 1.68797e-05 3.06416e-06 0 
0 0.000301964 0.000228976 2.97027e-05 9.92714e-07 1.13071e-08 5.85936e-11 1.91712e-13 5.66192e-16 2.17258e-18 1.57737e-20 3.98422e-22 5.34558e-23 2.15489e-23 1.78288e-23 2.77886e-23 9.25947e-23 9.75312e-22 3.68322e-20 2.74013e-18 2.68077e-16 2.71216e-14 2.33145e-12 1.45786e-10 5.9396e-09 1.47768e-07 2.19276e-06 1.95933e-05 0.000108301 0.00037831 0.000837349 0.00118826 0.00115543 0.000858203 0.000535235 0.000294787 0.000144411 6.08425e-05 1.9924e-05 3.61717e-06 0 
0 0.000283624 0.000166222 1.45696e-05 2.88322e-07 1.72354e-09 4.27556e-12 6.3547e-15 8.46599e-18 1.57737e-20 8.63561e-23 2.91335e-24 5.59793e-25 2.94685e-25 2.56473e-25 3.35906e-25 7.90312e-25 5.554e-24 1.77472e-22 1.99164e-20 3.59162e-18 6.81346e-16 1.07708e-13 1.1894e-11 8.09452e-10 3.1518e-08 6.8315e-07 8.33658e-06 5.93639e-05 0.000255912 0.000678154 0.00111329 0.00119505 0.000936862 0.00059874 0.00033295 0.000163667 6.90338e-05 2.26146e-05 4.1061e-06 0 
0 0.000266049 0.000126517 8.06769e-06 1.04091e-07 3.67447e-10 4.99361e-13 3.89577e-16 2.73227e-19 3.98422e-22 2.91336e-24 9.27288e-26 1.64874e-26 9.69224e-27 8.68343e-27 1.0154e-26 1.97441e-26 1.2367e-25 3.5669e-24 3.89058e-22 1.04834e-19 3.31327e-17 8.61729e-15 1.51497e-12 1.5688e-10 8.81516e-09 2.60615e-07 4.10369e-06 3.58812e-05 0.00018285 0.000558422 0.00103155 0.00120461 0.000990907 0.000647648 0.000363395 0.00017921 7.56716e-05 2.47975e-05 4.50294e-06 0 
0 0.000252436 0.000103315 5.24087e-06 4.96655e-08 1.19878e-10 1.05527e-13 5.17052e-17 2.43593e-20 5.3456e-23 5.59797e-25 1.64875e-26 1.36346e-27 5.41101e-28 4.67237e-28 5.24775e-28 1.18063e-27 1.12717e-26 3.46122e-25 2.97579e-23 8.25632e-21 3.69497e-18 1.37688e-15 3.38763e-13 4.75232e-11 3.48223e-09 1.28904e-07 2.44117e-06 2.4749e-05 0.00014208 0.000479582 0.000964024 0.00119854 0.00102326 0.000680814 0.000384785 0.000190259 8.0408e-05 2.63571e-05 4.78654e-06 0 
0 0.000244281 9.18271e-05 4.09182e-06 3.25506e-08 6.33281e-11 4.35736e-14 1.63987e-17 6.85479e-21 2.1549e-23 2.94688e-25 9.69237e-27 5.41109e-28 6.47929e-29 3.38399e-29 4.60226e-29 2.48498e-28 3.88949e-27 1.17046e-25 8.385e-24 1.99353e-21 1.05126e-18 4.80467e-16 1.43146e-13 2.38746e-11 2.03549e-09 8.56717e-08 1.80286e-06 1.98874e-05 0.000122156 0.000436344 0.000920711 0.00118801 0.00103766 0.000698187 0.000396445 0.00019636 8.30349e-05 2.72233e-05 4.94413e-06 0 
0 0.000242051 8.93577e-05 3.87535e-06 2.97259e-08 5.52945e-11 3.61403e-14 1.28708e-17 5.31967e-21 1.78288e-23 2.56475e-25 8.68355e-27 4.67246e-28 3.38404e-29 6.24929e-30 1.60684e-29 1.77274e-28 3.10997e-27 9.27689e-26 6.4052e-24 1.45981e-21 7.92371e-19 3.78143e-16 1.17369e-13 2.03192e-11 1.79021e-09 7.74867e-08 1.66867e-06 1.8752e-05 0.000116936 0.000423299 0.000904358 0.00117915 0.00103707 0.000700327 0.000398294 0.000197398 8.34918e-05 2.73751e-05 4.97182e-06 0 
0 0.000245602 9.501e-05 4.42927e-06 3.74721e-08 7.86462e-11 5.89907e-14 2.43347e-17 1.03475e-20 2.77887e-23 3.35908e-25 1.01542e-26 5.24783e-28 4.6023e-29 1.60682e-29 3.36249e-29 2.75514e-28 4.71814e-27 1.52175e-25 1.19136e-23 3.06683e-21 1.53746e-18 6.55413e-16 1.83091e-13 2.88325e-11 2.33901e-09 9.44224e-08 1.92057e-06 2.06251e-05 0.00012413 0.000436929 0.000913293 0.00117286 0.0010228 0.000688047 0.000390746 0.000193565 8.1859e-05 2.68387e-05 4.87436e-06 0 
0 0.000254354 0.000109392 6.00038e-06 6.32529e-08 1.74074e-10 1.77895e-13 1.0216e-16 5.39254e-20 9.25949e-23 7.90316e-25 1.97443e-26 1.18064e-27 2.48495e-28 1.77271e-28 2.75511e-28 1.19699e-27 1.66457e-26 6.04165e-25 6.06513e-23 1.76184e-20 7.03948e-18 2.32375e-15 5.1131e-13 6.49306e-11 4.36523e-09 1.50327e-07 2.68437e-06 2.59877e-05 0.000144132 0.000475112 0.000942213 0.00116539 0.000994476 0.000662279 0.000374625 0.000185324 7.834e-05 2.56816e-05 4.66404e-06 0 
0 0.000267247 0.00013442 9.36774e-06 1.36399e-07 5.58783e-10 8.99382e-13 8.3983e-16 7.00375e-19 9.75312e-22 5.55401e-24 1.2367e-25 1.12717e-26 3.88945e-27 3.10993e-27 4.71809e-27 1.66456e-26 1.92351e-25 7.76413e-24 9.78992e-22 2.42727e-19 6.6452e-17 1.50409e-14 2.32685e-12 2.14998e-10 1.0947e-08 2.97967e-07 4.38773e-06 3.64264e-05 0.000178916 0.000534804 0.000981119 0.00114901 0.000950626 0.000624137 0.000351098 0.000173353 7.32353e-05 2.40038e-05 4.35912e-06 0 
0 0.000282607 0.000173046 1.62736e-05 3.54448e-07 2.384e-09 6.75958e-12 1.15723e-14 1.7736e-17 3.68322e-20 1.77472e-22 3.56689e-24 3.46121e-25 1.17045e-25 9.27682e-26 1.52174e-25 6.04163e-25 7.76413e-24 3.59871e-22 4.0354e-20 6.49452e-18 1.09356e-15 1.54313e-13 1.53472e-11 9.51059e-10 3.41337e-08 6.90741e-07 7.97586e-06 5.4537e-05 0.000229755 0.000607419 0.00101324 0.00111316 0.000889507 0.000575058 0.000321602 0.000158478 6.69106e-05 2.1927e-05 3.98179e-06 0 
0 0.00029802 0.000228575 3.0268e-05 1.04126e-06 1.2287e-08 6.6215e-11 2.25483e-13 6.91505e-16 2.74013e-18 1.99164e-20 3.89058e-22 2.97579e-23 8.38497e-24 6.40518e-24 1.19136e-23 6.06512e-23 9.78992e-22 4.0354e-20 2.89109e-18 2.69993e-16 2.61008e-14 2.14779e-12 1.28821e-10 5.0446e-09 1.20924e-07 1.73569e-06 1.5111e-05 8.24998e-05 0.000291305 0.000671425 0.00101332 0.00104602 0.000810005 0.0005169 0.00028776 0.000141603 5.9763e-05 1.9583e-05 3.55606e-06 0 
0 0.000310369 0.000303137 5.79755e-05 3.24417e-06 6.9535e-08 7.41133e-10 5.24046e-12 3.35911e-14 2.68077e-16 3.59162e-18 1.04834e-19 8.25632e-21 1.99353e-21 1.45981e-21 3.06683e-21 1.76184e-20 2.42727e-19 6.49452e-18 2.69993e-16 1.40577e-14 7.50941e-13 3.46414e-11 1.20337e-09 2.85699e-08 4.38671e-07 4.29106e-06 2.7222e-05 0.000115846 0.00033916 0.000684161 0.000948566 0.000936588 0.000712162 0.000451889 0.000251267 0.00012364 5.21883e-05 1.71024e-05 3.10574e-06 0 
0 0.000316174 0.000395105 0.000110224 1.01044e-05 3.95607e-07 8.3913e-09 1.24075e-10 1.6748e-12 2.71216e-14 6.81346e-16 3.31327e-17 3.69497e-18 1.05126e-18 7.92371e-19 1.53746e-18 7.03948e-18 6.6452e-17 1.09356e-15 2.61008e-14 7.50941e-13 2.19089e-11 5.57432e-10 1.09494e-08 1.5212e-07 1.42565e-06 8.99325e-06 3.96568e-05 0.000128783 0.000317019 0.000584475 0.000785994 0.00077711 0.000597272 0.000382443 0.000213764 0.000105444 4.45528e-05 1.46058e-05 2.65273e-06 0 
0 0.000312286 0.000496043 0.000201183 2.98955e-05 2.09819e-06 8.65796e-08 2.6135e-09 7.25457e-11 2.33145e-12 1.07708e-13 8.61729e-15 1.37688e-15 4.80467e-16 3.78143e-16 6.55413e-16 2.32375e-15 1.50409e-14 1.54313e-13 2.14779e-12 3.46414e-11 5.57432e-10 7.81536e-09 8.48918e-08 6.51098e-07 3.35675e-06 1.19328e-05 3.2654e-05 7.87221e-05 0.000176413 0.000343336 0.000517209 0.000568165 0.000468227 0.000311057 0.000176756 8.77639e-05 3.71719e-05 1.21962e-05 2.21571e-06 0 
0 0.000296806 0.000589196 0.000342226 8.05895e-05 9.77527e-06 7.49988e-07 4.40183e-08 2.39311e-09 1.45786e-10 1.1894e-11 1.51497e-12 3.38763e-13 1.43146e-13 1.17369e-13 1.83091e-13 5.1131e-13 2.32685e-12 1.53472e-11 1.28821e-10 1.20337e-09 1.09494e-08 8.48918e-08 4.87319e-07 1.79548e-06 3.87189e-06 5.30269e-06 6.48187e-06 1.08474e-05 2.85095e-05 8.8545e-05 0.000215931 0.000333444 0.000331892 0.000240588 0.000141609 7.12221e-05 3.02981e-05 9.955e-06 1.80934e-06 0 
0 0.000269878 0.000652406 0.000528511 0.000191442 3.8324e-05 5.14942e-06 5.5001e-07 5.47818e-08 5.9396e-09 8.09452e-10 1.5688e-10 4.75232e-11 2.38746e-11 2.03192e-11 2.88325e-11 6.49306e-11 2.14998e-10 9.51059e-10 5.0446e-09 2.85699e-08 1.5212e-07 6.51098e-07 1.79548e-06 2.35399e-06 1.12653e-06 2.31645e-07 5.33602e-08 5.06506e-08 2.95517e-07 4.09695e-06 3.81893e-05 0.000135845 0.000203676 0.000174985 0.000109624 5.63083e-05 2.41148e-05 7.93966e-06 1.44394e-06 0 
0 0.000233915 0.00066653 0.000724642 0.000389698 0.000122764 2.70699e-05 4.88057e-06 8.24239e-07 1.47768e-07 3.1518e-08 8.81516e-09 3.48223e-09 2.03549e-09 1.79021e-09 2.33901e-09 4.36523e-09 1.0947e-08 3.41337e-08 1.20924e-07 4.38671e-07 1.42565e-06 3.35675e-06 3.87189e-06 1.12653e-06 4.04518e-08 2.23462e-10 1.86433e-12 6.54611e-13 2.7816e-11 1.1341e-08 1.8421e-06 3.38984e-05 0.000105614 0.000119429 8.20481e-05 4.33754e-05 1.87367e-05 6.18439e-06 1.12552e-06 0 
0 0.000193015 0.000625418 0.000868217 0.000663037 0.000314167 0.000107018 3.02326e-05 7.99247e-06 2.19276e-06 6.8315e-07 2.60615e-07 1.28904e-07 8.56717e-08 7.74867e-08 9.44224e-08 1.50327e-07 2.97967e-07 6.90741e-07 1.73569e-06 4.29106e-06 8.99325e-06 1.19328e-05 5.30269e-06 2.31645e-07 2.23462e-10 5.8525e-15 6.52769e-16 2.47983e-15 4.0747e-17 2.31209e-12 2.91504e-08 5.84411e-06 4.90848e-05 7.82512e-05 5.98016e-05 3.2611e-05 1.42105e-05 4.7018e-06 8.56266e-07 0 
0 0.000151752 0.000539823 0.000904062 0.000925036 0.000628562 0.000314346 0.000130554 5.02342e-05 1.95933e-05 8.33658e-06 4.10369e-06 2.44117e-06 1.80286e-06 1.66867e-06 1.92057e-06 2.68437e-06 4.38773e-06 7.97586e-06 1.5111e-05 2.7222e-05 3.96568e-05 3.2654e-05 6.48187e-06 5.33602e-08 1.86433e-12 6.52769e-16 4.05813e-17 9.18388e-17 2.59805e-17 8.92009e-16 6.98648e-10 1.23271e-06 2.45596e-05 5.18881e-05 4.3033e-05 2.39979e-05 1.05199e-05 3.4862e-06 6.35153e-07 0 
0 0.000113944 0.00043151 0.000824135 0.00105317 0.000965691 0.000675437 0.000392459 0.000207608 0.000108301 5.93639e-05 3.58812e-05 2.4749e-05 1.98874e-05 1.8752e-05 2.06251e-05 2.59877e-05 3.64264e-05 5.4537e-05 8.24998e-05 0.000115846 0.000128783 7.87221e-05 1.08474e-05 5.06506e-08 6.54611e-13 2.47982e-15 9.18389e-17 1.29072e-17 7.33475e-18 1.09965e-16 2.21749e-10 6.73396e-07 1.64323e-05 3.68153e-05 3.09665e-05 1.73206e-05 7.59714e-06 2.51787e-06 4.58738e-07 0 
0 8.19274e-05 0.000322485 0.000669471 0.000994599 0.00114009 0.00104839 0.000812883 0.000566401 0.00037831 0.000255912 0.00018285 0.00014208 0.000122156 0.000116936 0.00012413 0.000144132 0.000178916 0.000229755 0.000291305 0.00033916 0.000317019 0.000176413 2.85095e-05 2.95517e-07 2.7816e-11 4.0747e-17 2.59804e-17 7.33474e-18 4.83015e-17 1.49772e-14 1.80733e-09 1.18572e-06 1.55819e-05 2.8295e-05 2.23111e-05 1.22464e-05 5.34285e-06 1.7681e-06 3.22001e-07 0 
0 5.65219e-05 0.000227421 0.000495322 0.000805565 0.00106716 0.00119293 0.0011588 0.00101515 0.000837349 0.000678154 0.000558422 0.000479582 0.000436344 0.000423299 0.000436929 0.000475112 0.000534804 0.000607419 0.000671425 0.000684161 0.000584475 0.000343336 8.8545e-05 4.09695e-06 1.1341e-08 2.31209e-12 8.92009e-16 1.09966e-16 1.49772e-14 6.39859e-11 7.3344e-08 3.83194e-06 1.77465e-05 2.25056e-05 1.58802e-05 8.43806e-06 3.64757e-06 1.20397e-06 2.19107e-07 0 
0 3.74294e-05 0.000152346 0.000340256 0.000580858 0.000834752 0.00105033 0.00118442 0.00122385 0.00118826 0.00111329 0.00103155 0.000964024 0.000920711 0.000904358 0.000913293 0.000942213 0.000981119 0.00101324 0.00101332 0.000948566 0.000785994 0.000517209 0.000215931 3.81893e-05 1.8421e-06 2.91504e-08 6.98648e-10 2.21749e-10 1.80733e-09 7.3344e-08 1.78143e-06 1.06038e-05 1.91966e-05 1.73222e-05 1.09442e-05 5.6228e-06 2.40666e-06 7.92118e-07 1.44038e-07 0 
0 2.37456e-05 9.71939e-05 0.00021972 0.000383987 0.000574554 0.000768688 0.000941228 0.00107261 0.00115543 0.00119505 0.00120461 0.00119854 0.00118801 0.00117915 0.00117286 0.00116539 0.00114901 0.00111316 0.00104602 0.000936588 0.00077711 0.000568165 0.000333444 0.000135845 3.38984e-05 5.84411e-06 1.23271e-06 6.73396e-07 1.18572e-06 3.83194e-06 1.06038e-05 1.73294e-05 1.72487e-05 1.23296e-05 7.18332e-06 3.59486e-06 1.52619e-06 5.01095e-07 9.10528e-08 0 
0 1.43631e-05 5.89405e-05 0.000133965 0.000236563 0.00036039 0.000495823 0.000631154 0.000754863 0.000858203 0.000936862 0.000990907 0.00102326 0.00103766 0.00103707 0.0010228 0.000994476 0.000950626 0.000889507 0.000810005 0.000712162 0.000597272 0.000468227 0.000331892 0.000203676 0.000105614 4.90848e-05 2.45596e-05 1.64323e-05 1.55819e-05 1.77465e-05 1.91966e-05 1.72487e-05 1.27186e-05 8.00585e-06 4.44573e-06 2.18795e-06 9.23774e-07 3.02772e-07 5.49862e-08 0 
0 8.21223e-06 3.37369e-05 7.68536e-05 0.000136294 0.000209168 0.000291092 0.000376587 0.000459776 0.000535235 0.00059874 0.000647648 0.000680814 0.000698187 0.000700327 0.000688047 0.000662279 0.000624137 0.000575058 0.0005169 0.000451889 0.000382443 0.000311057 0.000240588 0.000174985 0.000119429 7.82512e-05 5.18881e-05 3.68153e-05 2.8295e-05 2.25056e-05 1.73222e-05 1.23296e-05 8.00585e-06 4.75125e-06 2.57538e-06 1.25597e-06 5.2858e-07 1.73057e-07 3.14176e-08 0 
0 4.37468e-06 1.79798e-05 4.09951e-05 7.28218e-05 0.000112072 0.000156647 0.000203904 0.000250917 0.000294787 0.00033295 0.000363395 0.000384785 0.000396445 0.000398294 0.000390746 0.000374625 0.000351098 0.000321602 0.00028776 0.000251267 0.000213764 0.000176756 0.000141609 0.000109624 8.20481e-05 5.98016e-05 4.3033e-05 3.09665e-05 2.23111e-05 1.58802e-05 1.09442e-05 7.18332e-06 4.44573e-06 2.57538e-06 1.38098e-06 6.70534e-07 2.81728e-07 9.21826e-08 1.67319e-08 0 
0 2.11773e-06 8.7053e-06 1.98554e-05 3.52917e-05 5.43689e-05 7.61111e-05 9.92878e-05 0.000122521 0.000144411 0.000163667 0.00017921 0.000190259 0.00019636 0.000197398 0.000193565 0.000185324 0.000173353 0.000158478 0.000141603 0.00012364 0.000105444 8.77639e-05 7.12221e-05 5.63083e-05 4.33754e-05 3.2611e-05 2.39979e-05 1.73206e-05 1.22464e-05 8.43806e-06 5.6228e-06 3.59486e-06 2.18795e-06 1.25597e-06 6.70534e-07 3.24952e-07 1.36424e-07 4.46252e-08 8.09894e-09 0 
0 8.8864e-07 3.65315e-06 8.33328e-06 1.48151e-05 2.28315e-05 3.19787e-05 4.17472e-05 5.15639e-05 6.08425e-05 6.90338e-05 7.56716e-05 8.0408e-05 8.30349e-05 8.34918e-05 8.1859e-05 7.834e-05 7.32353e-05 6.69106e-05 5.9763e-05 5.21883e-05 4.45528e-05 3.71719e-05 3.02981e-05 2.41148e-05 1.87367e-05 1.42105e-05 1.05199e-05 7.59714e-06 5.34285e-06 3.64757e-06 2.40666e-06 1.52619e-06 9.23774e-07 5.2858e-07 2.81728e-07 1.36424e-07 5.72552e-08 1.8726e-08 3.39837e-09 0 
0 2.90619e-07 1.19475e-06 2.72548e-06 4.84577e-06 7.4687e-06 1.04628e-05 1.36621e-05 1.68797e-05 1.9924e-05 2.26146e-05 2.47975e-05 2.63571e-05 2.72233e-05 2.73751e-05 2.68387e-05 2.56816e-05 2.40038e-05 2.1927e-05 1.9583e-05 1.71024e-05 1.46058e-05 1.21962e-05 9.955e-06 7.93966e-06 6.18439e-06 4.7018e-06 3.4862e-06 2.51787e-06 1.7681e-06 1.20397e-06 7.92118e-07 5.01095e-07 3.02772e-07 1.73057e-07 9.21826e-08 4.46252e-08 1.8726e-08 6.12422e-09 1.11139e-09 0 
0 5.27395e-08 2.16816e-07 4.94613e-07 8.79419e-07 1.35548e-06 1.89898e-06 2.47983e-06 3.06416e-06 3.61717e-06 4.1061e-06 4.50294e-06 4.78654e-06 4.94413e-06 4.97182e-06 4.87436e-06 4.66404e-06 4.35912e-06 3.98179e-06 3.55606e-06 3.10574e-06 2.65273e-06 2.21571e-06 1.80934e-06 1.44394e-06 1.12552e-06 8.56266e-07 6.35153e-07 4.58738e-07 3.22001e-07 2.19107e-07 1.44038e-07 9.10528e-08 5.49862e-08 3.14176e-08 1.67319e-08 8.09894e-09 3.39837e-09 1.11139e-09 2.01686e-10 0 
0 0 0 0 0 0 0 0 0 0 0 0 0 0 0 0 0 0 0 0 0 0 0 0 0 0 0 0 0 0 0 0 0 0 0 0 0 0 0 0 0 
