0 0 0 0 0 0 0 0 0 0 0 0 0 0 0 0 0 0 0 0 0 0 0 0 0 0 0 0 0 0 0 0 0 0 0 0 0 0 0 0 0 
0 1.32049e-05 5.15233e-05 0.000106956 0.00016403 0.000206488 0.000226093 0.000224864 0.00021044 0.000190726 0.000171313 0.000155264 0.000143864 0.000137428 0.000135863 0.000138944 0.000146384 0.000157751 0.000172294 0.000188731 0.000205101 0.000218798 0.000226889 0.000226737 0.000216791 0.000197231 0.000170139 0.000138979 0.000107587 7.91113e-05 5.541e-05 3.7037e-05 2.36216e-05 1.43279e-05 8.20333e-06 4.37268e-06 2.11734e-06 8.88576e-07 2.90611e-07 5.2739e-08 0 
0 5.15233e-05 0.000186703 0.000336418 0.000411991 0.000383729 0.000295487 0.000202345 0.000130941 8.41475e-05 5.59342e-05 3.97394e-05 3.09243e-05 2.67684e-05 2.59316e-05 2.80308e-05 3.34415e-05 4.32787e-05 5.94587e-05 8.46771e-05 0.000122027 0.000173917 0.000240099 0.000315235 0.000387435 0.000439939 0.000457132 0.000432554 0.000373074 0.000295195 0.000216403 0.000148459 9.59838e-05 5.86058e-05 3.36545e-05 1.79618e-05 8.7019e-06 3.65261e-06 1.19468e-06 2.16812e-07 0 
0 0.000106956 0.000336418 0.000463943 0.00038095 0.000216641 9.70062e-05 3.79299e-05 1.41036e-05 5.38007e-06 2.25421e-06 1.09942e-06 6.52456e-07 4.84501e-07 4.54878e-07 5.36309e-07 7.76823e-07 1.33615e-06 2.61655e-06 5.57121e-06 1.23193e-05 2.71183e-05 5.73097e-05 0.000112927 0.000202795 0.000325822 0.000460807 0.000565919 0.000599214 0.000549258 0.000442827 0.000321071 0.000213712 0.000132323 7.64583e-05 4.09113e-05 1.984e-05 8.3309e-06 2.72521e-06 4.94595e-07 0 
0 0.00016403 0.000411991 0.00038095 0.000181541 5.4691e-05 1.2172e-05 2.27287e-06 4.01654e-07 7.5582e-08 1.69064e-08 4.94024e-09 2.02684e-09 1.22146e-09 1.09897e-09 1.45863e-09 2.75237e-09 6.97579e-09 2.21362e-08 8.14498e-08 3.21844e-07 1.27237e-06 4.73777e-06 1.5853e-05 4.61327e-05 0.000114398 0.000238618 0.000413645 0.000587921 0.000679585 0.000644685 0.000516653 0.000363093 0.000230813 0.000134924 7.2537e-05 3.52405e-05 1.48074e-05 4.8449e-06 8.79365e-07 0 
0 0.000206488 0.000383729 0.000216641 5.4691e-05 7.77779e-06 7.41097e-07 5.57907e-08 3.93994e-09 3.1023e-10 3.20222e-11 4.97888e-12 1.29647e-12 6.04134e-13 5.1578e-13 7.92133e-13 2.07027e-12 8.45779e-12 4.8639e-11 3.51163e-10 2.83885e-09 2.31133e-08 1.73053e-07 1.10943e-06 5.7959e-06 2.39965e-05 7.79586e-05 0.000198625 0.000395795 0.000610587 0.000725191 0.000676307 0.000518755 0.000344546 0.00020538 0.000111294 5.42313e-05 2.28113e-05 7.46645e-06 1.35535e-06 0 
0 0.000226093 0.000295487 9.70062e-05 1.2172e-05 7.41097e-07 2.67991e-08 7.14258e-10 1.76994e-11 5.15819e-13 2.20384e-14 1.66789e-15 2.58371e-16 8.97203e-17 7.21372e-17 1.30908e-16 4.96496e-16 3.49875e-15 3.96489e-14 6.17446e-13 1.12937e-11 2.09759e-10 3.48986e-09 4.71011e-08 4.80877e-07 3.56763e-06 1.89901e-05 7.31086e-05 0.000206766 0.000432341 0.00066368 0.000750152 0.000649487 0.000459956 0.000282349 0.000154852 7.57976e-05 3.19334e-05 1.04578e-05 1.89869e-06 0 
0 0.000224864 0.000202345 3.79299e-05 2.27287e-06 5.57907e-08 7.14258e-10 6.26484e-12 5.06496e-14 5.09837e-16 8.48399e-18 3.21853e-19 5.05807e-20 2.75803e-20 2.47118e-20 3.15602e-20 8.39293e-20 7.98193e-19 1.82782e-17 6.4789e-16 2.83745e-14 1.27281e-12 4.97579e-11 1.49098e-09 3.12533e-08 4.34208e-07 3.92389e-06 2.33236e-05 9.39818e-05 0.000264448 0.000524548 0.00073074 0.000731499 0.00056267 0.000359309 0.000200327 9.86664e-05 4.16583e-05 1.36525e-05 2.47927e-06 0 
0 0.00021044 0.000130941 1.41036e-05 4.01654e-07 3.93994e-09 1.76994e-11 5.06496e-14 1.32421e-16 4.63543e-19 6.61597e-21 1.21091e-21 5.76637e-22 4.98316e-22 4.82855e-22 4.72941e-22 6.24052e-22 1.55802e-21 1.11842e-20 6.20653e-19 6.50733e-17 7.09802e-15 6.5614e-13 4.39294e-11 1.90342e-09 4.98874e-08 7.71065e-07 7.10919e-06 4.06694e-05 0.000151717 0.000381731 0.000651035 0.000759548 0.000642098 0.000429973 0.000244648 0.000121432 5.14092e-05 1.68632e-05 3.06321e-06 0 
0 0.000190726 8.41475e-05 5.38007e-06 7.5582e-08 3.1023e-10 5.15819e-13 5.09837e-16 4.63543e-19 1.53409e-21 9.75006e-23 5.23494e-23 4.11896e-23 4.10821e-23 4.06664e-23 3.71668e-23 3.7487e-23 4.50441e-23 9.36953e-23 1.39282e-21 2.00038e-19 5.02347e-17 1.0508e-14 1.50833e-12 1.30201e-10 6.23903e-09 1.60818e-07 2.25466e-06 1.79864e-05 8.70694e-05 0.000270693 0.000552997 0.000746016 0.000694595 0.000489638 0.000284992 0.000142702 6.06005e-05 1.98984e-05 3.6157e-06 0 
0 0.000171313 5.59342e-05 2.25421e-06 1.69064e-08 3.20222e-11 2.20384e-14 8.48399e-18 6.61597e-21 9.75006e-23 1.09469e-23 6.25218e-24 5.96964e-24 6.31589e-24 6.29072e-24 5.61022e-24 4.89215e-24 4.18949e-24 5.26557e-24 2.98464e-23 1.60773e-21 6.12774e-19 2.639e-16 7.45251e-14 1.18577e-11 9.70907e-10 3.94416e-08 8.03484e-07 8.62166e-06 5.24954e-05 0.000195477 0.000464482 0.000710582 0.00072322 0.000535932 0.000319139 0.000161239 6.86906e-05 2.25784e-05 4.10405e-06 0 
0 0.000155264 3.97394e-05 1.09942e-06 4.94024e-09 4.97888e-12 1.66789e-15 3.21853e-19 1.21091e-21 5.23494e-23 6.25219e-24 1.81216e-24 1.28323e-24 1.28236e-24 1.25973e-24 1.10638e-24 8.95865e-25 6.89948e-25 8.71574e-25 4.4889e-24 1.028e-22 1.80294e-20 1.29438e-17 6.34996e-15 1.66383e-12 2.10928e-10 1.24242e-08 3.43622e-07 4.70119e-06 3.45121e-05 0.000148436 0.00039684 0.000670599 0.000734833 0.000568693 0.000345648 0.000176067 7.52268e-05 2.47508e-05 4.50028e-06 0 
0 0.000143864 3.09243e-05 6.52456e-07 2.02684e-09 1.29647e-12 2.58371e-16 5.05807e-20 5.76637e-22 4.11896e-23 5.96965e-24 1.28323e-24 4.75528e-25 3.31539e-25 2.9367e-25 2.50142e-25 1.97689e-25 1.70071e-25 3.3699e-25 1.94743e-24 2.76619e-23 2.00866e-21 1.46823e-18 1.071e-15 4.02035e-13 6.98405e-11 5.3777e-09 1.8547e-07 3.02469e-06 2.54144e-05 0.000121138 0.000351702 0.000637306 0.000736798 0.000589174 0.000363816 0.000186519 7.9878e-05 2.63014e-05 4.78339e-06 0 
0 0.000137428 2.67684e-05 4.84501e-07 1.22146e-09 6.04134e-13 8.97203e-17 2.75803e-20 4.98316e-22 4.10821e-23 6.3159e-24 1.28236e-24 3.31539e-25 1.3057e-25 8.26714e-26 6.36982e-26 5.3222e-26 6.96296e-26 2.28023e-25 1.37744e-24 1.62612e-23 7.73714e-22 4.28568e-19 3.89663e-16 1.79298e-13 3.72297e-11 3.33644e-09 1.30405e-07 2.34942e-06 2.131e-05 0.000107622 0.000327132 0.000616357 0.00073482 0.000599076 0.000373504 0.000192249 8.24514e-05 2.7162e-05 4.94067e-06 0 
0 0.000135863 2.59316e-05 4.54878e-07 1.09897e-09 5.1578e-13 7.21372e-17 2.47118e-20 4.82856e-22 4.06664e-23 6.29073e-24 1.25973e-24 2.93671e-25 8.26714e-26 3.3075e-26 2.04351e-26 2.09127e-26 4.79254e-26 2.03786e-25 1.2623e-24 1.45177e-23 6.42694e-22 3.31569e-19 3.15161e-16 1.5122e-13 3.25746e-11 3.01201e-09 1.20798e-07 2.22132e-06 2.04646e-05 0.000104567 0.00032084 0.000609637 0.000732091 0.000599795 0.000374926 0.0001932 8.28953e-05 2.73124e-05 4.96828e-06 0 
0 0.000138944 2.80308e-05 5.36309e-07 1.45863e-09 7.92133e-13 1.30908e-16 3.15602e-20 4.72941e-22 3.71668e-23 5.61022e-24 1.10638e-24 2.50142e-25 6.36983e-26 2.04351e-26 1.11012e-26 1.48916e-26 4.57941e-26 2.13042e-25 1.40143e-24 1.79684e-23 1.01916e-21 6.57493e-19 5.52925e-16 2.3651e-13 4.60723e-11 3.91083e-09 1.46155e-07 2.54026e-06 2.24058e-05 0.000110772 0.000331283 0.000616614 0.000729237 0.000592046 0.0003685 0.000189571 8.12909e-05 2.67789e-05 4.87097e-06 0 
0 0.000146384 3.34415e-05 7.76823e-07 2.75237e-09 2.07027e-12 4.96496e-16 8.39293e-20 6.24053e-22 3.7487e-23 4.89215e-24 8.95866e-25 1.97689e-25 5.3222e-26 2.09127e-26 1.48916e-26 2.08317e-26 5.7739e-26 2.69903e-25 2.06052e-24 3.68349e-23 3.87856e-21 3.08269e-18 1.95588e-15 6.46858e-13 1.00585e-10 7.04869e-09 2.24892e-07 3.44549e-06 2.75752e-05 0.000126652 0.000357531 0.000634769 0.000724579 0.000575846 0.00035478 0.00018177 7.78341e-05 2.56282e-05 4.66101e-06 0 
0 0.000157751 4.32787e-05 1.33615e-06 6.97579e-09 8.45779e-12 3.49875e-15 7.98193e-19 1.55802e-21 4.50441e-23 4.18949e-24 6.89949e-25 1.70071e-25 6.96295e-26 4.79253e-26 4.5794e-26 5.77389e-26 1.17205e-25 4.90386e-25 4.73946e-24 1.71067e-22 4.68285e-20 2.98621e-17 1.24738e-14 2.82738e-12 3.15692e-10 1.66893e-08 4.22057e-07 5.37318e-06 3.72892e-05 0.000153677 0.000398208 0.000659161 0.000714521 0.00055077 0.000334472 0.000170386 7.28125e-05 2.39591e-05 4.35657e-06 0 
0 0.000172294 5.94587e-05 2.61655e-06 2.21362e-08 4.8639e-11 3.96489e-14 1.82782e-17 1.11842e-20 9.36954e-23 5.26557e-24 8.71574e-25 3.36989e-25 2.28023e-25 2.03786e-25 2.13042e-25 2.69902e-25 4.90386e-25 2.07639e-24 3.30393e-23 3.33848e-21 1.34291e-18 5.03866e-16 1.2488e-13 1.7654e-11 1.30239e-09 4.83803e-08 9.14727e-07 9.24048e-06 5.36762e-05 0.000193111 0.00044915 0.000681399 0.000694085 0.00051635 0.00030848 0.000156143 6.65771e-05 2.18916e-05 3.97976e-06 0 
0 0.000188731 8.46771e-05 5.57121e-06 8.14498e-08 3.51163e-10 6.17446e-13 6.4789e-16 6.20653e-19 1.39282e-21 2.98464e-23 4.4889e-24 1.94743e-24 1.37744e-24 1.2623e-24 1.40143e-24 2.06052e-24 4.73946e-24 3.30393e-23 1.36129e-21 2.577e-19 6.18656e-17 1.23101e-14 1.68416e-12 1.38858e-10 6.37162e-09 1.57824e-07 2.13691e-06 1.65705e-05 7.86204e-05 0.000242404 0.000499129 0.000688555 0.000657723 0.000472506 0.000277941 0.000139856 5.95124e-05 1.95562e-05 3.55451e-06 0 
0 0.000205101 0.000122027 1.23193e-05 3.21844e-07 2.83885e-09 1.12937e-11 2.83745e-14 6.50733e-17 2.00038e-19 1.60773e-21 1.028e-22 2.76619e-23 1.62612e-23 1.45177e-23 1.79684e-23 3.68349e-23 1.71067e-22 3.33848e-21 2.577e-19 2.98273e-17 3.57797e-15 3.61541e-13 2.61414e-11 1.20271e-09 3.28441e-08 5.20455e-07 4.87704e-06 2.83738e-05 0.000108696 0.000286297 0.000523697 0.000663033 0.000600413 0.000419854 0.000244198 0.000122377 5.20058e-05 1.70827e-05 3.10459e-06 0 
0 0.000218798 0.000173917 2.71183e-05 1.27237e-06 2.31133e-08 2.09759e-10 1.27281e-12 7.09802e-15 5.02347e-17 6.12774e-19 1.80294e-20 2.00866e-21 7.73714e-22 6.42694e-22 1.01916e-21 3.87856e-21 4.68285e-20 1.34291e-18 6.18656e-17 3.57797e-15 2.11575e-13 1.0695e-11 3.9932e-10 9.89358e-09 1.53009e-07 1.46513e-06 9.06117e-06 3.8774e-05 0.000121504 0.000283502 0.000482336 0.000585447 0.000519006 0.000359835 0.000208726 0.000104535 4.44203e-05 1.45914e-05 2.65188e-06 0 
0 0.000226889 0.000240099 5.73097e-05 4.73777e-06 1.73053e-07 3.48986e-09 4.97579e-11 6.5614e-13 1.0508e-14 2.639e-16 1.29438e-17 1.46823e-18 4.28568e-19 3.31569e-19 6.57493e-19 3.08269e-18 2.98621e-17 5.03866e-16 1.23101e-14 3.61541e-13 1.0695e-11 2.71288e-10 5.12365e-09 6.42725e-08 5.01912e-07 2.49602e-06 8.95884e-06 2.72824e-05 7.61234e-05 0.000183647 0.000339759 0.000444614 0.000414071 0.000294744 0.000173039 8.70855e-05 3.70724e-05 1.21854e-05 2.21507e-06 0 
0 0.000226737 0.000315235 0.000112927 1.5853e-05 1.10943e-06 4.71011e-08 1.49098e-09 4.39294e-11 1.50833e-12 7.45251e-14 6.34996e-15 1.071e-15 3.89663e-16 3.15161e-16 5.52925e-16 1.95588e-15 1.24738e-14 1.2488e-13 1.68416e-12 2.61414e-11 3.9932e-10 5.12365e-09 4.66478e-08 2.52976e-07 7.25685e-07 1.1982e-06 1.68584e-06 3.34635e-06 1.11231e-05 4.49831e-05 0.000139496 0.000259881 0.000293251 0.000227954 0.000138644 7.06774e-05 3.02183e-05 9.94633e-06 1.80884e-06 0 
0 0.000216791 0.000387435 0.000202795 4.61327e-05 5.7959e-06 4.80877e-07 3.12533e-08 1.90342e-09 1.30201e-10 1.18577e-11 1.66383e-12 4.02035e-13 1.79298e-13 1.5122e-13 2.3651e-13 6.46858e-13 2.82738e-12 1.7654e-11 1.38858e-10 1.20271e-09 9.89358e-09 6.42725e-08 2.52976e-07 4.17355e-07 2.08236e-07 3.74987e-08 7.43513e-09 7.51859e-09 6.30458e-08 1.43895e-06 2.07186e-05 9.87528e-05 0.000175482 0.000164416 0.000107058 5.58381e-05 2.40469e-05 7.9324e-06 1.44352e-06 0 
0 0.000197231 0.000439939 0.000325822 0.000114398 2.39965e-05 3.56763e-06 4.34208e-07 4.98874e-08 6.23903e-09 9.70907e-10 2.10928e-10 6.98405e-11 3.72297e-11 3.25746e-11 4.60723e-11 1.00585e-10 3.15692e-10 1.30239e-09 6.37162e-09 3.28441e-08 1.53009e-07 5.01912e-07 7.25685e-07 2.08236e-07 5.04814e-09 1.33027e-11 4.91153e-14 1.36938e-14 1.4327e-12 1.67534e-09 6.63774e-07 2.10762e-05 8.63394e-05 0.00011041 7.9753e-05 4.29583e-05 1.86777e-05 6.17821e-06 1.12517e-06 0 
0 0.000170139 0.000457132 0.000460807 0.000238618 7.79586e-05 1.89901e-05 3.92389e-06 7.71065e-07 1.60818e-07 3.94416e-08 1.24242e-08 5.3777e-09 3.33644e-09 3.01201e-09 3.91083e-09 7.04869e-09 1.66893e-08 4.83803e-08 1.57824e-07 5.20455e-07 1.46513e-06 2.49602e-06 1.1982e-06 3.74987e-08 1.33027e-11 2.86176e-16 2.43841e-15 1.41112e-15 6.56855e-15 9.17344e-14 5.68416e-09 2.90001e-06 3.74034e-05 7.09112e-05 5.7819e-05 3.22531e-05 1.41609e-05 4.69672e-06 8.55984e-07 0 
0 0.000138979 0.000432554 0.000565919 0.000413645 0.000198625 7.31086e-05 2.33236e-05 7.10919e-06 2.25466e-06 8.03484e-07 3.43622e-07 1.8547e-07 1.30405e-07 1.20798e-07 1.46155e-07 2.24892e-07 4.22057e-07 9.14727e-07 2.13691e-06 4.87704e-06 9.06117e-06 8.95884e-06 1.68584e-06 7.43513e-09 4.91153e-14 2.43841e-15 5.80114e-16 4.11732e-16 1.03637e-15 1.17996e-14 7.71298e-11 5.01101e-07 1.76604e-05 4.63249e-05 4.14594e-05 2.37158e-05 1.04815e-05 3.48232e-06 6.3494e-07 0 
0 0.000107587 0.000373074 0.000599214 0.000587921 0.000395795 0.000206766 9.39818e-05 4.06694e-05 1.79864e-05 8.62166e-06 4.70119e-06 3.02469e-06 2.34942e-06 2.22132e-06 2.54026e-06 3.44549e-06 5.37318e-06 9.24048e-06 1.65705e-05 2.83738e-05 3.8774e-05 2.72824e-05 3.34635e-06 7.51859e-09 1.36938e-14 1.41112e-15 4.11732e-16 9.20842e-16 4.53824e-15 9.02775e-14 2.11856e-11 2.6232e-07 1.17141e-05 3.28553e-05 2.98515e-05 1.7123e-05 7.57046e-06 2.5152e-06 4.58592e-07 0 
0 7.91113e-05 0.000295195 0.000549258 0.000679585 0.000610587 0.000432341 0.000264448 0.000151717 8.70694e-05 5.24954e-05 3.45121e-05 2.54144e-05 2.131e-05 2.04646e-05 2.24058e-05 2.75752e-05 3.72892e-05 5.36762e-05 7.86204e-05 0.000108696 0.000121504 7.61234e-05 1.11231e-05 6.30458e-08 1.4327e-12 6.56855e-15 1.03637e-15 4.53823e-15 6.9092e-16 5.27624e-16 2.64738e-10 5.39297e-07 1.16978e-05 2.56759e-05 2.16202e-05 1.21259e-05 5.3266e-06 1.76646e-06 3.21911e-07 0 
0 5.541e-05 0.000216403 0.000442827 0.000644685 0.000725191 0.00066368 0.000524548 0.000381731 0.000270693 0.000195477 0.000148436 0.000121138 0.000107622 0.000104567 0.000110772 0.000126652 0.000153677 0.000193111 0.000242404 0.000286297 0.000283502 0.000183647 4.49831e-05 1.43895e-06 1.67534e-09 9.17344e-14 1.17996e-14 9.02776e-14 5.27625e-16 5.52476e-12 2.11205e-08 2.25299e-06 1.45156e-05 2.09773e-05 1.55132e-05 8.37489e-06 3.63898e-06 1.2031e-06 2.19058e-07 0 
0 3.7037e-05 0.000148459 0.000321071 0.000516653 0.000676307 0.000750152 0.00073074 0.000651035 0.000552997 0.000464482 0.00039684 0.000351702 0.000327132 0.00032084 0.000331283 0.000357531 0.000398208 0.00044915 0.000499129 0.000523697 0.000482336 0.000339759 0.000139496 2.07186e-05 6.63774e-07 5.68416e-09 7.71298e-11 2.11856e-11 2.64738e-10 2.11205e-08 9.21452e-07 7.87894e-06 1.70465e-05 1.65818e-05 1.07796e-05 5.59446e-06 2.40273e-06 7.91708e-07 1.44015e-07 0 
0 2.36216e-05 9.59838e-05 0.000213712 0.000363093 0.000518755 0.000649487 0.000731499 0.000759548 0.000746016 0.000710582 0.000670599 0.000637306 0.000616357 0.000609637 0.000616614 0.000634769 0.000659161 0.000681399 0.000688555 0.000663033 0.000585447 0.000444614 0.000259881 9.87528e-05 2.10762e-05 2.90001e-06 5.01101e-07 2.6232e-07 5.39297e-07 2.25299e-06 7.87894e-06 1.50268e-05 1.62314e-05 1.20405e-05 7.1212e-06 3.58398e-06 1.52463e-06 5.00927e-07 9.1043e-08 0 
0 1.43279e-05 5.86058e-05 0.000132323 0.000230813 0.000344546 0.000459956 0.00056267 0.000642098 0.000694595 0.00072322 0.000734833 0.000736798 0.00073482 0.000732091 0.000729237 0.000724579 0.000714521 0.000694085 0.000657723 0.000600413 0.000519006 0.000414071 0.000293251 0.000175482 8.63394e-05 3.74034e-05 1.76604e-05 1.17141e-05 1.16978e-05 1.45156e-05 1.70465e-05 1.62314e-05 1.23712e-05 7.91415e-06 4.42591e-06 2.18435e-06 9.23239e-07 3.02712e-07 5.49826e-08 0 
0 8.20333e-06 3.36545e-05 7.64583e-05 0.000134924 0.00020538 0.000282349 0.000359309 0.000429973 0.000489638 0.000535932 0.000568693 0.000589174 0.000599076 0.000599795 0.000592046 0.000575846 0.00055077 0.00051635 0.000472506 0.000419854 0.000359835 0.000294744 0.000227954 0.000164416 0.00011041 7.09112e-05 4.63249e-05 3.28553e-05 2.56759e-05 2.09773e-05 1.65818e-05 1.20405e-05 7.91415e-06 4.72707e-06 2.56998e-06 1.25495e-06 5.2842e-07 1.73038e-07 3.14165e-08 0 
0 4.37268e-06 1.79618e-05 4.09113e-05 7.2537e-05 0.000111294 0.000154852 0.000200327 0.000244648 0.000284992 0.000319139 0.000345648 0.000363816 0.000373504 0.000374926 0.0003685 0.00035478 0.000334472 0.00030848 0.000277941 0.000244198 0.000208726 0.000173039 0.000138644 0.000107058 7.9753e-05 5.7819e-05 4.14594e-05 2.98515e-05 2.16202e-05 1.55132e-05 1.07796e-05 7.1212e-06 4.42591e-06 2.56998e-06 1.37972e-06 6.70283e-07 2.81687e-07 9.21776e-08 1.67315e-08 0 
0 2.11734e-06 8.7019e-06 1.984e-05 3.52405e-05 5.42313e-05 7.57976e-05 9.86664e-05 0.000121432 0.000142702 0.000161239 0.000176067 0.000186519 0.000192249 0.0001932 0.000189571 0.00018177 0.000170386 0.000156143 0.000139856 0.000122377 0.000104535 8.70855e-05 7.06774e-05 5.58381e-05 4.29583e-05 3.22531e-05 2.37158e-05 1.7123e-05 1.21259e-05 8.37489e-06 5.59446e-06 3.58398e-06 2.18435e-06 1.25495e-06 6.70283e-07 3.24899e-07 1.36415e-07 4.4624e-08 8.09886e-09 0 
0 8.88576e-07 3.65261e-06 8.3309e-06 1.48074e-05 2.28113e-05 3.19334e-05 4.16583e-05 5.14092e-05 6.06005e-05 6.86906e-05 7.52268e-05 7.9878e-05 8.24514e-05 8.28953e-05 8.12909e-05 7.78341e-05 7.28125e-05 6.65771e-05 5.95124e-05 5.20058e-05 4.44203e-05 3.70724e-05 3.02183e-05 2.40469e-05 1.86777e-05 1.41609e-05 1.04815e-05 7.57046e-06 5.3266e-06 3.63898e-06 2.40273e-06 1.52463e-06 9.23239e-07 5.2842e-07 2.81687e-07 1.36415e-07 5.72536e-08 1.87258e-08 3.39836e-09 0 
0 2.90611e-07 1.19468e-06 2.72521e-06 4.8449e-06 7.46645e-06 1.04578e-05 1.36525e-05 1.68632e-05 1.98984e-05 2.25784e-05 2.47508e-05 2.63014e-05 2.7162e-05 2.73124e-05 2.67789e-05 2.56282e-05 2.39591e-05 2.18916e-05 1.95562e-05 1.70827e-05 1.45914e-05 1.21854e-05 9.94633e-06 7.9324e-06 6.17821e-06 4.69672e-06 3.48232e-06 2.5152e-06 1.76646e-06 1.2031e-06 7.91708e-07 5.00927e-07 3.02712e-07 1.73038e-07 9.21776e-08 4.4624e-08 1.87258e-08 6.12419e-09 1.11139e-09 0 
0 5.2739e-08 2.16812e-07 4.94595e-07 8.79365e-07 1.35535e-06 1.89869e-06 2.47927e-06 3.06321e-06 3.6157e-06 4.10405e-06 4.50028e-06 4.78339e-06 4.94067e-06 4.96828e-06 4.87097e-06 4.66101e-06 4.35657e-06 3.97976e-06 3.55451e-06 3.10459e-06 2.65188e-06 2.21507e-06 1.80884e-06 1.44352e-06 1.12517e-06 8.55984e-07 6.3494e-07 4.58592e-07 3.21911e-07 2.19058e-07 1.44015e-07 9.1043e-08 5.49826e-08 3.14165e-08 1.67315e-08 8.09886e-09 3.39836e-09 1.11139e-09 2.01686e-10 0 
0 0 0 0 0 0 0 0 0 0 0 0 0 0 0 0 0 0 0 0 0 0 0 0 0 0 0 0 0 0 0 0 0 0 0 0 0 0 0 0 0 
