0 0 0 0 0 0 0 0 0 0 0 0 0 0 0 0 0 0 0 0 0 0 0 0 0 0 0 0 0 0 0 0 0 0 0 0 0 0 0 0 0 
0 1.3415e-05 5.33201e-05 0.000114244 0.000183356 0.000243957 0.000283288 0.000298095 0.000293465 0.000277768 0.000258518 0.000240786 0.000227348 0.000219415 0.000217304 0.000220843 0.000229516 0.000242407 0.000258047 0.000274258 0.000288131 0.000296295 0.000295535 0.000283675 0.000260424 0.000227734 0.000189376 0.000149835 0.000113041 8.15475e-05 5.63786e-05 3.73808e-05 2.37307e-05 1.4359e-05 8.21122e-06 4.37446e-06 2.11769e-06 8.88633e-07 2.90619e-07 5.27395e-08 0 
0 5.33201e-05 0.000201963 0.000393324 0.000537594 0.000568355 0.000496035 0.000380337 0.000271545 0.000189786 0.000135263 0.000101495 8.20644e-05 7.25443e-05 7.05266e-05 7.5238e-05 8.72559e-05 0.000108364 0.000141393 0.000189727 0.000256073 0.000340172 0.000435783 0.000528596 0.000597841 0.000623434 0.000596003 0.000522598 0.000422848 0.000318718 0.00022599 0.000151865 9.70499e-05 5.89019e-05 3.37276e-05 1.79778e-05 8.70493e-06 3.65309e-06 1.19474e-06 2.16816e-07 0 
0 0.000114244 0.000393324 0.00063319 0.000635069 0.000443525 0.000239863 0.000111373 4.8532e-05 2.13943e-05 1.0168e-05 5.49005e-06 3.50317e-06 2.70817e-06 2.56045e-06 2.94435e-06 4.04164e-06 6.43177e-06 1.14424e-05 2.18669e-05 4.31235e-05 8.45119e-05 0.00015912 0.000279444 0.000446026 0.000632654 0.000783915 0.000841892 0.000787375 0.00065181 0.000488263 0.000337846 0.000219003 0.000133776 7.68094e-05 4.09859e-05 1.98537e-05 8.33302e-06 2.72545e-06 4.94611e-07 0 
0 0.000183356 0.000537594 0.000635069 0.000400514 0.00015826 4.57671e-05 1.10796e-05 2.52471e-06 6.02972e-07 1.66389e-07 5.76401e-08 2.67045e-08 1.72184e-08 1.56787e-08 1.99633e-08 3.44366e-08 7.66339e-08 2.07063e-07 6.35715e-07 2.07552e-06 6.77812e-06 2.10066e-05 5.92197e-05 0.00014694 0.000312477 0.000556175 0.000812143 0.000964626 0.000942902 0.000782364 0.000572482 0.000381449 0.000235898 0.00013614 7.27906e-05 3.52862e-05 1.48142e-05 4.84568e-06 8.79413e-07 0 
0 0.000243957 0.000568355 0.000443525 0.00015826 3.19834e-05 4.40207e-06 4.85147e-07 5.00439e-08 5.62787e-09 7.95223e-10 1.59462e-10 4.98008e-11 2.56776e-11 2.23232e-11 3.22252e-11 7.36569e-11 2.47749e-10 1.12005e-09 6.16363e-09 3.73914e-08 2.28174e-07 1.2951e-06 6.42972e-06 2.67272e-05 9.04053e-05 0.000243947 0.000515343 0.000836804 0.0010395 0.00101238 0.000812709 0.000567541 0.000358528 0.000208741 0.000111987 5.43541e-05 2.28293e-05 7.46846e-06 1.35547e-06 0 
0 0.000283288 0.000496035 0.000239863 4.57671e-05 4.40207e-06 2.62079e-07 1.17845e-08 4.91618e-10 2.33832e-11 1.53824e-12 1.6522e-13 3.28907e-14 1.31377e-14 1.08321e-14 1.80435e-14 5.68598e-14 3.06441e-13 2.49328e-12 2.67179e-11 3.28959e-10 4.10088e-09 4.64433e-08 4.38831e-07 3.25933e-06 1.83736e-05 7.73629e-05 0.000241408 0.000551971 0.000912162 0.00109673 0.00100478 0.000752929 0.000491495 0.000290095 0.000156449 7.60773e-05 3.19739e-05 1.04623e-05 1.89895e-06 0 
0 0.000298095 0.000380337 0.000111373 1.10796e-05 4.85147e-07 1.17845e-08 2.02726e-10 3.20588e-12 6.06715e-14 1.76048e-15 9.692e-17 1.19175e-17 3.62694e-18 2.82669e-18 5.47866e-18 2.43193e-17 2.17031e-16 3.31152e-15 7.24179e-14 1.90262e-12 5.0992e-11 1.21125e-09 2.28238e-08 3.15577e-07 3.06026e-06 2.04709e-05 9.46654e-05 0.000304103 0.000674638 0.00102795 0.00110844 0.000911693 0.000622596 0.00037458 0.000203506 9.92203e-05 4.17376e-05 1.3661e-05 2.47977e-06 0 
0 0.000293465 0.000271545 4.8532e-05 2.52471e-06 5.00439e-08 4.91618e-10 3.20588e-12 1.90505e-14 1.42307e-16 1.81097e-18 5.31188e-20 5.28878e-21 1.84734e-21 1.50859e-21 2.52801e-21 1.08243e-20 1.39316e-19 3.94659e-18 1.77112e-16 9.99363e-15 5.79774e-13 2.90921e-11 1.10121e-09 2.85455e-08 4.7884e-07 5.0945e-06 3.46547e-05 0.000153828 0.000450802 0.000869258 0.00111805 0.00102538 0.000740183 0.000456236 0.00025021 0.000122402 5.15472e-05 1.68779e-05 3.06406e-06 0 
0 0.000277768 0.000189786 2.13943e-05 6.02972e-07 5.62787e-09 2.33832e-11 6.06715e-14 1.42307e-16 4.41025e-19 2.92764e-21 1.08619e-22 2.08762e-23 1.01967e-23 8.80209e-24 1.21196e-23 3.18537e-23 2.20429e-22 6.75438e-21 5.68483e-19 6.62069e-17 7.99773e-15 8.1671e-13 6.00072e-11 2.82911e-09 7.99852e-08 1.32315e-06 1.29466e-05 7.73643e-05 0.000290979 0.000695016 0.00106034 0.00108937 0.00083598 0.000529686 0.000293668 0.000144223 6.08163e-05 1.99212e-05 3.61701e-06 0 
0 0.000258518 0.000135263 1.0168e-05 1.66389e-07 7.95223e-10 1.53824e-12 1.76048e-15 1.81097e-18 2.92764e-21 2.20539e-23 1.22631e-24 3.6522e-25 2.32011e-25 2.09138e-25 2.46382e-25 4.40117e-25 1.85226e-24 3.629e-23 3.54663e-21 7.54125e-19 1.7464e-16 3.35258e-14 4.44133e-12 3.56466e-10 1.60409e-08 3.93178e-07 5.31283e-06 4.11883e-05 0.000191708 0.000548958 0.000973253 0.00111213 0.000906665 0.000590915 0.00033135 0.000163396 6.89964e-05 2.26107e-05 4.10588e-06 0 
0 0.000240786 0.000101495 5.49005e-06 5.76401e-08 1.59462e-10 1.6522e-13 9.692e-17 5.31188e-20 1.08619e-22 1.22632e-24 5.95273e-26 1.60839e-26 1.14571e-26 1.05936e-26 1.1231e-26 1.60225e-26 5.73997e-26 9.97676e-25 7.41134e-23 1.95479e-20 7.58976e-18 2.44e-15 5.23251e-13 6.48826e-11 4.27078e-09 1.44451e-07 2.54219e-06 2.4354e-05 0.000134378 0.000443777 0.000887367 0.00110881 0.000953476 0.000637606 0.000361314 0.000178857 7.56229e-05 2.47925e-05 4.50265e-06 0 
0 0.000227348 8.20644e-05 3.50317e-06 2.67045e-08 4.98008e-11 3.28907e-14 1.19175e-17 5.28878e-21 2.08762e-23 3.65222e-25 1.60841e-26 1.84931e-27 8.88695e-28 7.87347e-28 7.90943e-28 1.19177e-27 6.65203e-27 1.33247e-25 7.48328e-24 1.49856e-21 7.82627e-19 3.64802e-16 1.10781e-13 1.88102e-11 1.63007e-09 6.9603e-08 1.48314e-06 1.65529e-05 0.000103128 0.000376569 0.000820151 0.00109447 0.000980324 0.000668969 0.0003823 0.000189836 8.03496e-05 2.6351e-05 4.7862e-06 0 
0 0.000219415 7.25443e-05 2.70817e-06 1.72184e-08 2.56776e-11 1.31377e-14 3.62694e-18 1.84734e-21 1.01968e-23 2.32013e-25 1.14573e-26 8.88704e-28 1.38975e-28 7.53632e-29 8.08323e-29 2.5536e-28 2.70511e-27 5.53018e-26 2.53045e-24 3.82455e-22 2.13858e-19 1.2287e-16 4.54743e-14 9.23381e-12 9.35886e-10 4.56396e-08 1.08461e-06 1.32055e-05 8.81362e-05 0.000340578 0.000778717 0.00107999 0.000991579 0.000685241 0.000393707 0.000195893 8.29703e-05 2.72166e-05 4.94376e-06 0 
0 0.000217304 7.05266e-05 2.56045e-06 1.56787e-08 2.23232e-11 1.08321e-14 2.82669e-18 1.50859e-21 8.80212e-24 2.0914e-25 1.05937e-26 7.87356e-28 7.53641e-29 1.52226e-29 2.3328e-29 1.75217e-28 2.23762e-27 4.56389e-26 2.00576e-24 2.86734e-22 1.60547e-19 9.63521e-17 3.71876e-14 7.84487e-12 8.22272e-10 4.12624e-08 1.00394e-06 1.24553e-05 8.43869e-05 0.000330301 0.000764273 0.00107099 0.000990422 0.000687136 0.000395493 0.000196919 8.34256e-05 2.73682e-05 4.97144e-06 0 
0 0.000220843 7.5238e-05 2.94435e-06 1.99633e-08 3.22252e-11 1.80435e-14 5.47866e-18 2.52801e-21 1.21196e-23 2.46384e-25 1.12312e-26 7.90952e-28 8.08328e-29 2.33278e-29 3.79568e-29 2.39213e-28 3.01553e-27 6.66801e-26 3.3809e-24 5.77144e-22 3.20856e-19 1.71562e-16 5.93468e-14 1.1344e-11 1.09102e-09 5.09053e-08 1.16681e-06 1.3805e-05 9.01333e-05 0.000342686 0.000774926 0.00106805 0.000978086 0.000675461 0.000388076 0.000193108 8.17957e-05 2.68321e-05 4.87399e-06 0 
0 0.000229516 8.72559e-05 4.04164e-06 3.44366e-08 7.36569e-11 5.68598e-14 2.43193e-17 1.08243e-20 3.18537e-23 4.4012e-25 1.60226e-26 1.19178e-27 2.55359e-28 1.75215e-28 2.39211e-28 7.99533e-28 8.05788e-27 2.01514e-25 1.36539e-23 3.25043e-21 1.56385e-18 6.42399e-16 1.73502e-13 2.65286e-11 2.09916e-09 8.30267e-08 1.66187e-06 1.76523e-05 0.000105918 0.000376497 0.000806272 0.00106732 0.000953867 0.000651005 0.000372245 0.000184917 7.82834e-05 2.56757e-05 4.66371e-06 0 
0 0.000242407 0.000108364 6.43177e-06 7.66339e-08 2.47749e-10 3.06441e-13 2.17031e-16 1.39316e-19 2.20429e-22 1.85227e-24 5.73998e-26 6.652e-27 2.70508e-27 2.23759e-27 3.0155e-27 8.05784e-27 6.46353e-26 1.82737e-24 1.77772e-22 4.80099e-20 1.61703e-17 4.49532e-15 8.42953e-13 9.2707e-11 5.49889e-09 1.7037e-07 2.79113e-06 2.52775e-05 0.000133821 0.000430343 0.000850092 0.00106103 0.000915711 0.000614632 0.000349104 0.000173012 7.31877e-05 2.39989e-05 4.35884e-06 0 
0 0.000258047 0.000141393 1.14424e-05 2.07063e-07 1.12005e-09 2.49328e-12 3.31152e-15 3.94659e-18 6.75438e-21 3.629e-23 9.97675e-25 1.33246e-25 5.53015e-26 4.56386e-26 6.66797e-26 2.01513e-25 1.82737e-24 6.4937e-23 7.54574e-21 1.45531e-18 2.97821e-16 5.07813e-14 6.02865e-12 4.38485e-10 1.81051e-08 4.1254e-07 5.25205e-06 3.89095e-05 0.000175892 0.000498666 0.0008918 0.00103817 0.000861128 0.000567488 0.000320022 0.000158207 6.68726e-05 2.19231e-05 3.98156e-06 0 
0 0.000274258 0.000189727 2.18669e-05 6.35715e-07 6.16363e-09 2.67179e-11 7.24179e-14 1.77112e-16 5.68483e-19 3.54663e-21 7.41134e-23 7.48327e-24 2.53044e-24 2.00575e-24 3.38089e-24 1.36538e-23 1.77772e-22 7.54574e-21 6.29692e-19 7.00041e-17 8.07272e-15 7.88231e-13 5.54815e-11 2.5108e-09 6.82948e-08 1.09074e-06 1.03681e-05 6.08819e-05 0.000229493 0.000564586 0.000907777 0.000985884 0.000788159 0.000511157 0.000286563 0.000141396 5.97339e-05 1.95799e-05 3.55588e-06 0 
0 0.000288131 0.000256073 4.31235e-05 2.07552e-06 3.73914e-08 3.28959e-10 1.90262e-12 9.99363e-15 6.62069e-17 7.54125e-19 1.95479e-20 1.49856e-21 3.82454e-22 2.86734e-22 5.77144e-22 3.25043e-21 4.80099e-20 1.45531e-18 7.00041e-17 4.25573e-15 2.65893e-13 1.4281e-11 5.71984e-10 1.54433e-08 2.65265e-07 2.85222e-06 1.95617e-05 8.88656e-05 0.000276065 0.00059044 0.000864939 0.000891443 0.000696072 0.000447661 0.000250379 0.000123485 5.21663e-05 1.71e-05 3.1056e-06 0 
0 0.000296295 0.000340172 8.45119e-05 6.77812e-06 2.28174e-07 4.10088e-09 5.0992e-11 5.79774e-13 7.99773e-15 1.7464e-16 7.58976e-18 7.82627e-19 2.13858e-19 1.60547e-19 3.20856e-19 1.56385e-18 1.61703e-17 2.97821e-16 8.07272e-15 2.65893e-13 8.89688e-12 2.58638e-10 5.75544e-09 8.94802e-08 9.24609e-07 6.33077e-06 2.98721e-05 0.000102733 0.000266431 0.00051652 0.000727336 0.000745197 0.000585637 0.000379315 0.000213095 0.000105326 4.45358e-05 1.46039e-05 2.65262e-06 0 
0 0.000295535 0.000435783 0.00015912 2.10066e-05 1.2951e-06 4.64433e-08 1.21125e-09 2.90921e-11 8.1671e-13 3.35258e-14 2.44e-15 3.64802e-16 1.2287e-16 9.63521e-17 1.71562e-16 6.42399e-16 4.49532e-15 5.07813e-14 7.88231e-13 1.4281e-11 2.58638e-10 4.06877e-09 4.92114e-08 4.1535e-07 2.32205e-06 8.81761e-06 2.54717e-05 6.44068e-05 0.000151066 0.000307343 0.00048205 0.000546527 0.000459609 0.000308617 0.00017622 8.7668e-05 3.7158e-05 1.21947e-05 2.21562e-06 0 
0 0.000283675 0.000528596 0.000279444 5.92197e-05 6.42972e-06 4.38831e-07 2.28238e-08 1.10121e-09 6.00072e-11 4.44133e-12 5.23251e-13 1.10781e-13 4.54743e-14 3.71876e-14 5.93468e-14 1.73502e-13 8.42953e-13 6.02865e-12 5.54815e-11 5.71984e-10 5.75544e-09 4.92114e-08 3.09e-07 1.22751e-06 2.79907e-06 3.97811e-06 5.00283e-06 8.66462e-06 2.38601e-05 7.80829e-05 0.000199615 0.000319411 0.000325152 0.000238512 0.000141139 7.11376e-05 3.02859e-05 9.95368e-06 1.80927e-06 0 
0 0.000260424 0.000597841 0.000446026 0.00014694 2.67272e-05 3.25933e-06 3.15577e-07 2.85455e-08 2.82911e-09 3.56466e-10 6.48826e-11 1.88102e-11 9.23381e-12 7.84487e-12 1.1344e-11 2.65286e-11 9.2707e-11 4.38485e-10 2.5108e-09 1.54433e-08 8.94802e-08 4.1535e-07 1.22751e-06 1.6833e-06 8.12625e-07 1.63049e-07 3.65524e-08 3.51716e-08 2.1995e-07 3.35619e-06 3.40306e-05 0.000128093 0.000198324 0.000173101 0.000109184 5.62294e-05 2.41036e-05 7.93847e-06 1.44387e-06 0 
0 0.000227734 0.000623434 0.000632654 0.000312477 9.04053e-05 1.83736e-05 3.06026e-06 4.7884e-07 7.99852e-08 1.60409e-08 4.27078e-09 1.63007e-09 9.35886e-10 8.22272e-10 1.09102e-09 2.09916e-09 5.49889e-09 1.81051e-08 6.82948e-08 2.65265e-07 9.24609e-07 2.32205e-06 2.79907e-06 8.12625e-07 2.70686e-08 1.29775e-10 9.44011e-13 3.22025e-13 1.57662e-11 7.85864e-09 1.51532e-06 3.09764e-05 0.000101722 0.00011773 8.16325e-05 4.33016e-05 1.87264e-05 6.18332e-06 1.12546e-06 0 
0 0.000189376 0.000596003 0.000783915 0.000556175 0.000243947 7.73629e-05 2.04709e-05 5.0945e-06 1.32315e-06 3.93178e-07 1.44451e-07 6.9603e-08 4.56396e-08 4.12624e-08 5.09053e-08 8.30267e-08 1.7037e-07 4.1254e-07 1.09074e-06 2.85222e-06 6.33077e-06 8.81761e-06 3.97811e-06 1.63049e-07 1.29775e-10 2.4897e-15 1.12432e-15 2.87384e-15 5.54595e-17 1.24531e-12 2.13161e-08 5.11184e-06 4.66209e-05 7.68241e-05 5.94313e-05 3.25455e-05 1.42015e-05 4.70089e-06 8.56216e-07 0 
0 0.000149835 0.000522598 0.000841892 0.000812143 0.000515343 0.000241408 9.46654e-05 3.46547e-05 1.29466e-05 5.31283e-06 2.54219e-06 1.48314e-06 1.08461e-06 1.00394e-06 1.16681e-06 1.66187e-06 2.79113e-06 5.25205e-06 1.03681e-05 1.95617e-05 2.98721e-05 2.54717e-05 5.00283e-06 3.65524e-08 9.44011e-13 1.12431e-15 8.45213e-17 1.37584e-16 2.2769e-17 3.67306e-16 4.58828e-10 1.03787e-06 2.30637e-05 5.07881e-05 4.27343e-05 2.39453e-05 1.05128e-05 3.48549e-06 6.35114e-07 0 
0 0.000113041 0.000422848 0.000787375 0.000964626 0.000836804 0.000551971 0.000304103 0.000153828 7.73643e-05 4.11883e-05 2.4354e-05 1.65529e-05 1.32055e-05 1.24553e-05 1.3805e-05 1.76523e-05 2.52775e-05 3.89095e-05 6.08819e-05 8.88656e-05 0.000102733 6.44068e-05 8.66462e-06 3.51716e-08 3.22025e-13 2.87384e-15 1.37584e-16 2.21266e-17 8.94277e-18 1.87474e-16 1.41845e-10 5.62335e-07 1.54039e-05 3.60283e-05 3.07532e-05 1.72834e-05 7.59217e-06 2.51738e-06 4.58711e-07 0 
0 8.15475e-05 0.000318718 0.00065181 0.000942902 0.0010395 0.000912162 0.000674638 0.000450802 0.000290979 0.000191708 0.000134378 0.000103128 8.81362e-05 8.43869e-05 9.01333e-05 0.000105918 0.000133821 0.000175892 0.000229493 0.000276065 0.000266431 0.000151066 2.38601e-05 2.1995e-07 1.57662e-11 5.54594e-17 2.2769e-17 8.94276e-18 6.30616e-17 7.09039e-15 1.25141e-09 1.01969e-06 1.47507e-05 2.77767e-05 2.21786e-05 1.22236e-05 5.3398e-06 1.76779e-06 3.21984e-07 0 
0 5.63786e-05 0.00022599 0.000488263 0.000782364 0.00101238 0.00109673 0.00102795 0.000869258 0.000695016 0.000548958 0.000443777 0.000376569 0.000340578 0.000330301 0.000342686 0.000376497 0.000430343 0.000498666 0.000564586 0.00059044 0.00051652 0.000307343 7.80829e-05 3.35619e-06 7.85864e-09 1.24531e-12 3.67306e-16 1.87474e-16 7.09039e-15 3.9962e-11 5.77564e-08 3.46084e-06 1.70771e-05 2.22061e-05 1.58099e-05 8.42609e-06 3.64595e-06 1.20381e-06 2.19098e-07 0 
0 3.73808e-05 0.000151865 0.000337846 0.000572482 0.000812709 0.00100478 0.00110844 0.00111805 0.00106034 0.000973253 0.000887367 0.000820151 0.000778717 0.000764273 0.000774926 0.000806272 0.000850092 0.0008918 0.000907777 0.000864939 0.000727336 0.00048205 0.000199615 3.40306e-05 1.51532e-06 2.13161e-08 4.58828e-10 1.41845e-10 1.25141e-09 5.77564e-08 1.56957e-06 1.00165e-05 1.87653e-05 1.71786e-05 1.09128e-05 5.61742e-06 2.40592e-06 7.92041e-07 1.44034e-07 0 
0 2.37307e-05 9.70499e-05 0.000219003 0.000381449 0.000567541 0.000752929 0.000911693 0.00102538 0.00108937 0.00111213 0.00110881 0.00109447 0.00107999 0.00107099 0.00106805 0.00106732 0.00106103 0.00103817 0.000985884 0.000891443 0.000745197 0.000546527 0.000319411 0.000128093 3.09764e-05 5.11184e-06 1.03787e-06 5.62335e-07 1.01969e-06 3.46084e-06 1.00165e-05 1.68625e-05 1.70495e-05 1.2274e-05 7.17147e-06 3.59279e-06 1.5259e-06 5.01063e-07 9.1051e-08 0 
0 1.4359e-05 5.89019e-05 0.000133776 0.000235898 0.000358528 0.000491495 0.000622596 0.000740183 0.00083598 0.000906665 0.000953476 0.000980324 0.000991579 0.000990422 0.000978086 0.000953867 0.000915711 0.000861128 0.000788159 0.000696072 0.000585637 0.000459609 0.000325152 0.000198324 0.000101722 4.66209e-05 2.30637e-05 1.54039e-05 1.47507e-05 1.70771e-05 1.87653e-05 1.70495e-05 1.26516e-05 7.98831e-06 4.44196e-06 2.18726e-06 9.23673e-07 3.02761e-07 5.49855e-08 0 
0 8.21122e-06 3.37276e-05 7.68094e-05 0.00013614 0.000208741 0.000290095 0.00037458 0.000456236 0.000529686 0.000590915 0.000637606 0.000668969 0.000685241 0.000687136 0.000675461 0.000651005 0.000614632 0.000567488 0.000511157 0.000447661 0.000379315 0.000308617 0.000238512 0.000173101 0.00011773 7.68241e-05 5.07881e-05 3.60283e-05 2.77767e-05 2.22061e-05 1.71786e-05 1.2274e-05 7.98831e-06 4.74664e-06 2.57435e-06 1.25578e-06 5.2855e-07 1.73053e-07 3.14174e-08 0 
0 4.37446e-06 1.79778e-05 4.09859e-05 7.27906e-05 0.000111987 0.000156449 0.000203506 0.00025021 0.000293668 0.00033135 0.000361314 0.0003823 0.000393707 0.000395493 0.000388076 0.000372245 0.000349104 0.000320022 0.000286563 0.000250379 0.000213095 0.00017622 0.000141139 0.000109184 8.16325e-05 5.94313e-05 4.27343e-05 3.07532e-05 2.21786e-05 1.58099e-05 1.09128e-05 7.17147e-06 4.44196e-06 2.57435e-06 1.38074e-06 6.70486e-07 2.8172e-07 9.21817e-08 1.67318e-08 0 
0 2.11769e-06 8.70493e-06 1.98537e-05 3.52862e-05 5.43541e-05 7.60773e-05 9.92203e-05 0.000122402 0.000144223 0.000163396 0.000178857 0.000189836 0.000195893 0.000196919 0.000193108 0.000184917 0.000173012 0.000158207 0.000141396 0.000123485 0.000105326 8.7668e-05 7.11376e-05 5.62294e-05 4.33016e-05 3.25455e-05 2.39453e-05 1.72834e-05 1.22236e-05 8.42609e-06 5.61742e-06 3.59279e-06 2.18726e-06 1.25578e-06 6.70486e-07 3.24942e-07 1.36422e-07 4.4625e-08 8.09893e-09 0 
0 8.88633e-07 3.65309e-06 8.33302e-06 1.48142e-05 2.28293e-05 3.19739e-05 4.17376e-05 5.15472e-05 6.08163e-05 6.89964e-05 7.56229e-05 8.03496e-05 8.29703e-05 8.34256e-05 8.17957e-05 7.82834e-05 7.31877e-05 6.68726e-05 5.97339e-05 5.21663e-05 4.45358e-05 3.7158e-05 3.02859e-05 2.41036e-05 1.87264e-05 1.42015e-05 1.05128e-05 7.59217e-06 5.3398e-06 3.64595e-06 2.40592e-06 1.5259e-06 9.23673e-07 5.2855e-07 2.8172e-07 1.36422e-07 5.72549e-08 1.8726e-08 3.39837e-09 0 
0 2.90619e-07 1.19474e-06 2.72545e-06 4.84568e-06 7.46846e-06 1.04623e-05 1.3661e-05 1.68779e-05 1.99212e-05 2.26107e-05 2.47925e-05 2.6351e-05 2.72166e-05 2.73682e-05 2.68321e-05 2.56757e-05 2.39989e-05 2.19231e-05 1.95799e-05 1.71e-05 1.46039e-05 1.21947e-05 9.95368e-06 7.93847e-06 6.18332e-06 4.70089e-06 3.48549e-06 2.51738e-06 1.76779e-06 1.20381e-06 7.92041e-07 5.01063e-07 3.02761e-07 1.73053e-07 9.21817e-08 4.4625e-08 1.8726e-08 6.12421e-09 1.11139e-09 0 
0 5.27395e-08 2.16816e-07 4.94611e-07 8.79413e-07 1.35547e-06 1.89895e-06 2.47977e-06 3.06406e-06 3.61701e-06 4.10588e-06 4.50265e-06 4.7862e-06 4.94376e-06 4.97144e-06 4.87399e-06 4.66371e-06 4.35884e-06 3.98156e-06 3.55588e-06 3.1056e-06 2.65262e-06 2.21562e-06 1.80927e-06 1.44387e-06 1.12546e-06 8.56216e-07 6.35114e-07 4.58711e-07 3.21984e-07 2.19098e-07 1.44034e-07 9.1051e-08 5.49855e-08 3.14174e-08 1.67318e-08 8.09893e-09 3.39837e-09 1.11139e-09 2.01686e-10 0 
0 0 0 0 0 0 0 0 0 0 0 0 0 0 0 0 0 0 0 0 0 0 0 0 0 0 0 0 0 0 0 0 0 0 0 0 0 0 0 0 0 
