0 0 0 0 0 0 0 0 0 0 0 0 0 0 0 0 0 0 0 0 0 0 0 0 0 0 0 0 0 0 0 0 0 0 0 0 0 0 0 0 0 
0 1.31602e-05 5.11487e-05 0.000105501 0.000160412 0.000199997 0.000216952 0.000213998 0.000198877 0.000179208 0.00016022 0.000144694 0.000133741 0.000127589 0.00012611 0.00012908 0.000136239 0.00014721 0.000161324 0.00017741 0.000193648 0.000207574 0.000216368 0.000217431 0.000209133 0.000191454 0.000166197 0.000136575 0.000106286 7.84903e-05 5.51482e-05 3.69394e-05 2.35893e-05 1.43184e-05 8.20084e-06 4.3721e-06 2.11722e-06 8.88557e-07 2.90609e-07 5.27388e-08 0 
0 5.11487e-05 0.000183634 0.000325816 0.00039113 0.000356945 0.000270008 0.000182198 0.000116459 7.40519e-05 4.87823e-05 3.44089e-05 2.66388e-05 2.29933e-05 2.22643e-05 2.41109e-05 2.88771e-05 3.75805e-05 5.1984e-05 7.46016e-05 0.000108388 0.000155795 0.000216997 0.00028763 0.000357259 0.000410499 0.000432095 0.000414343 0.000361875 0.000289384 0.000213844 0.000147491 9.56657e-05 5.85141e-05 3.36312e-05 1.79566e-05 8.70089e-06 3.65245e-06 1.19466e-06 2.16811e-07 0 
0 0.000105501 0.000325816 0.00043652 0.000346991 0.000191772 8.38286e-05 3.20652e-05 1.16737e-05 4.36502e-06 1.79656e-06 8.63492e-07 5.0708e-07 3.74346e-07 3.51104e-07 4.1548e-07 6.06554e-07 1.05514e-06 2.09499e-06 4.52956e-06 1.01757e-05 2.27485e-05 4.87762e-05 9.7411e-05 0.00017722 0.000288719 0.000415067 0.000519768 0.00056223 0.000526008 0.00043126 0.000316407 0.000212143 0.000131872 7.63458e-05 4.08868e-05 1.98354e-05 8.33019e-06 2.72512e-06 4.9459e-07 0 
0 0.000160412 0.00039113 0.000346991 0.000158866 4.61945e-05 9.92974e-06 1.78855e-06 3.04766e-07 5.53914e-08 1.20127e-08 3.42278e-09 1.37906e-09 8.22719e-10 7.38886e-10 9.86829e-10 1.88727e-09 4.87688e-09 1.58494e-08 5.98951e-08 2.43363e-07 9.88932e-07 3.77823e-06 1.29342e-05 3.83796e-05 9.67883e-05 0.000205221 0.000362684 0.000528335 0.000628435 0.000612851 0.000501925 0.000357782 0.000229249 0.000134534 7.24536e-05 3.52252e-05 1.4805e-05 4.84463e-06 8.79348e-07 0 
0 0.000199997 0.000356945 0.000191772 4.61945e-05 6.26369e-06 5.66612e-07 4.0359e-08 2.69547e-09 2.01299e-10 1.98254e-11 2.96671e-12 7.51513e-13 3.44824e-13 2.93573e-13 4.55153e-13 1.21409e-12 5.10817e-12 3.0459e-11 2.29021e-10 1.9322e-09 1.64162e-08 1.27991e-07 8.51171e-07 4.58875e-06 1.94908e-05 6.46331e-05 0.000167769 0.000341755 0.000543014 0.000667834 0.00064336 0.000505287 0.000340338 0.000204313 0.000111066 5.41902e-05 2.28051e-05 7.46576e-06 1.35531e-06 0 
0 0.000216952 0.000270008 8.38286e-05 9.92974e-06 5.66612e-07 1.90536e-08 4.70061e-10 1.07789e-11 2.91883e-13 1.1682e-14 8.37866e-16 1.24812e-16 4.23992e-17 3.39552e-17 6.24445e-17 2.43829e-16 1.79134e-15 2.13563e-14 3.51934e-13 6.83118e-12 1.3465e-10 2.37178e-09 3.37349e-08 3.6064e-07 2.77978e-06 1.52446e-05 6.00453e-05 0.000173346 0.00037189 0.000591397 0.000695593 0.000622829 0.000450796 0.000279932 0.000154332 7.57043e-05 3.19197e-05 1.04563e-05 1.8986e-06 0 
0 0.000213998 0.000182198 3.20652e-05 1.78855e-06 4.0359e-08 4.70061e-10 3.7294e-12 2.72637e-14 2.49371e-16 3.82605e-18 1.61697e-19 4.5648e-20 3.45324e-20 3.24632e-20 3.5038e-20 5.69839e-20 3.6368e-19 8.39273e-18 3.2011e-16 1.51497e-14 7.34245e-13 3.09198e-11 9.92576e-10 2.21216e-08 3.23761e-07 3.05013e-06 1.87037e-05 7.71514e-05 0.000222107 0.000454613 0.000660246 0.000688885 0.000546067 0.000354657 0.000199305 9.84829e-05 4.16315e-05 1.36496e-05 2.4791e-06 0 
0 0.000198877 0.000116459 1.16737e-05 3.04766e-07 2.69547e-09 1.07789e-11 2.72637e-14 6.29438e-17 2.03176e-19 5.53359e-21 1.69934e-21 1.29944e-21 1.41487e-21 1.41391e-21 1.2533e-21 1.13951e-21 1.85656e-21 7.29427e-21 2.70637e-19 3.06605e-17 3.68028e-15 3.72877e-13 2.71815e-11 1.27107e-09 3.55742e-08 5.80158e-07 5.57297e-06 3.28348e-05 0.000125375 0.000324204 0.000575146 0.000702339 0.000616366 0.000422205 0.000242889 0.000121113 5.13629e-05 1.68582e-05 3.06291e-06 0 
0 0.000179208 7.40519e-05 4.36502e-06 5.53914e-08 2.01299e-10 2.91883e-13 2.49371e-16 2.03176e-19 1.28998e-21 1.99725e-22 1.37804e-22 1.42871e-22 1.71108e-22 1.74597e-22 1.46578e-22 1.14073e-22 1.14484e-22 1.44e-22 9.22249e-22 8.55944e-20 2.3551e-17 5.49035e-15 8.71245e-13 8.22978e-11 4.26412e-09 1.17276e-07 1.72959e-06 1.4313e-05 7.11292e-05 0.000226786 0.000480169 0.000678647 0.000659547 0.00047816 0.000282295 0.000142208 6.05287e-05 1.98906e-05 3.61526e-06 0 
0 0.00016022 4.87823e-05 1.79656e-06 1.20127e-08 1.98254e-11 1.1682e-14 3.82605e-18 5.53359e-21 1.99725e-22 3.69038e-23 2.50891e-23 2.75e-23 3.29143e-23 3.36352e-23 2.81412e-23 2.09721e-23 1.65661e-23 1.42273e-23 3.99535e-23 9.27848e-22 2.64789e-19 1.28049e-16 4.05246e-14 7.14185e-12 6.39178e-10 2.79726e-08 6.04509e-07 6.77492e-06 4.25173e-05 0.000162323 0.000398458 0.000637987 0.0006801 0.000520648 0.000315409 0.000160546 6.85896e-05 2.25676e-05 4.10342e-06 0 
0 0.000144694 3.44089e-05 8.63492e-07 3.42278e-09 2.96671e-12 8.37866e-16 1.61697e-19 1.69934e-21 1.37804e-22 2.50891e-23 9.37662e-24 7.38216e-24 7.93764e-24 7.92761e-24 6.65474e-24 4.90966e-24 3.57256e-24 3.20407e-24 9.14402e-24 1.02531e-22 8.36629e-21 5.91687e-18 3.2891e-15 9.63997e-13 1.34737e-10 8.61524e-09 2.54467e-07 3.65673e-06 2.7775e-05 0.000122572 0.000337782 0.000596395 0.000685697 0.000550042 0.000340937 0.000175179 7.5097e-05 2.47369e-05 4.49949e-06 0 
0 0.000133741 2.66388e-05 5.0708e-07 1.37906e-09 7.51513e-13 1.24812e-16 4.5648e-20 1.29944e-21 1.42871e-22 2.75001e-23 7.38216e-24 3.20775e-24 2.40147e-24 2.14562e-24 1.76857e-24 1.31479e-24 1.01339e-24 1.31013e-24 4.77753e-24 4.07223e-23 1.34003e-21 6.46131e-19 5.36062e-16 2.2668e-13 4.36811e-11 3.67067e-09 1.35834e-07 2.3361e-06 2.03688e-05 9.97157e-05 0.000298033 0.000563381 0.000683862 0.000568018 0.000358326 0.000185473 7.97244e-05 2.6285e-05 4.78245e-06 0 
0 0.000127589 2.29933e-05 3.74346e-07 8.22719e-10 3.44824e-13 4.23992e-17 3.45324e-20 1.41487e-21 1.71108e-22 3.29143e-23 7.93764e-24 2.40147e-24 1.06723e-24 7.00262e-25 5.25575e-25 4.04155e-25 4.05739e-25 8.78637e-25 3.81068e-24 2.92478e-23 6.53436e-22 1.86669e-19 1.91501e-16 9.96525e-14 2.30295e-11 2.2589e-09 9.49719e-08 1.8084e-06 1.70498e-05 8.84949e-05 0.000276724 0.000543303 0.000680104 0.000576528 0.000367554 0.000191106 8.22832e-05 2.71439e-05 4.93964e-06 0 
0 0.00012611 2.22643e-05 3.51104e-07 7.38886e-10 2.93573e-13 3.39552e-17 3.24632e-20 1.41391e-21 1.74597e-22 3.36353e-23 7.92761e-24 2.14562e-24 7.00262e-25 3.10918e-25 1.90114e-25 1.59604e-25 2.47636e-25 7.66264e-25 3.56892e-24 2.69635e-23 5.64308e-22 1.44678e-19 1.54619e-16 8.3954e-14 2.01376e-11 2.03887e-09 8.79928e-08 1.71074e-06 1.6387e-05 8.60592e-05 0.000271555 0.000537384 0.000677368 0.000577054 0.000368895 0.000192039 8.27241e-05 2.7294e-05 4.96723e-06 0 
0 0.00012908 2.41109e-05 4.1548e-07 9.86829e-10 4.55153e-13 6.24445e-17 3.5038e-20 1.2533e-21 1.46578e-22 2.81413e-23 6.65475e-24 1.76857e-24 5.25575e-25 1.90114e-25 9.95094e-26 9.8022e-26 2.11788e-25 7.54011e-25 3.68215e-24 3.02172e-23 7.88279e-22 2.88571e-19 2.75173e-16 1.32854e-13 2.87544e-11 2.66749e-09 1.07098e-07 1.96527e-06 1.80037e-05 9.14285e-05 0.000281178 0.000545023 0.000676143 0.000570271 0.000362761 0.000188467 8.11283e-05 2.67614e-05 4.86997e-06 0 
0 0.000136239 2.88771e-05 6.06554e-07 1.88727e-09 1.21409e-12 2.43829e-16 5.69839e-20 1.13951e-21 1.14073e-22 2.09721e-23 4.90966e-24 1.31479e-24 4.04155e-25 1.59604e-25 9.8022e-26 1.11062e-25 2.42656e-25 8.63148e-25 4.54372e-24 4.61359e-23 2.18068e-21 1.38902e-18 1.00177e-15 3.71966e-13 6.39694e-11 4.87954e-09 1.66675e-07 2.68807e-06 2.22938e-05 0.000105062 0.000305039 0.000564138 0.000674751 0.000556057 0.000349647 0.00018079 7.76897e-05 2.56127e-05 4.66012e-06 0 
0 0.00014721 3.75805e-05 1.05514e-06 4.87688e-09 5.10817e-12 1.79134e-15 3.6368e-19 1.85656e-21 1.14484e-22 1.65661e-23 3.57257e-24 1.01339e-24 4.05739e-25 2.47636e-25 2.11788e-25 2.42655e-25 4.26609e-25 1.3478e-24 8.32807e-24 1.42196e-22 2.0605e-20 1.41183e-17 6.65581e-15 1.6811e-12 2.06247e-10 1.18011e-08 3.17928e-07 4.24283e-06 3.0418e-05 0.000128452 0.00034248 0.000590665 0.000669635 0.000533753 0.000330158 0.000169569 7.26924e-05 2.39462e-05 4.35583e-06 0 
0 0.000161324 5.1984e-05 2.09499e-06 1.58494e-08 3.0459e-11 2.13563e-14 8.39273e-18 7.29427e-21 1.44e-22 1.42273e-23 3.20407e-24 1.31013e-24 8.78637e-25 7.66264e-25 7.54011e-25 8.63148e-25 1.3478e-24 3.84387e-24 3.17773e-23 1.63125e-21 5.99746e-19 2.53148e-16 7.008e-14 1.09408e-11 8.79916e-10 3.51344e-08 7.03441e-07 7.41184e-06 4.43215e-05 0.000163184 0.000390746 0.000617381 0.000655721 0.000502573 0.000305076 0.000155504 6.64833e-05 2.18815e-05 3.97917e-06 0 
0 0.00017741 7.46016e-05 4.52956e-06 5.98951e-08 2.29021e-10 3.51934e-13 3.2011e-16 2.70637e-19 9.22249e-22 3.99535e-23 9.14402e-24 4.77753e-24 3.81068e-24 3.56892e-24 3.68215e-24 4.54372e-24 8.32807e-24 3.17773e-23 6.94004e-22 1.12179e-19 2.98907e-17 6.62182e-15 1.00069e-12 9.02252e-11 4.4745e-09 1.18237e-07 1.68435e-06 1.35528e-05 6.59775e-05 0.000207987 0.000440977 0.000632397 0.000627044 0.000462055 0.000275419 0.000139386 5.94433e-05 1.95487e-05 3.55408e-06 0 
0 0.000193648 0.000108388 1.01757e-05 2.43363e-07 1.9322e-09 6.83118e-12 1.51497e-14 3.06605e-17 8.55944e-20 9.27848e-22 1.02531e-22 4.07223e-23 2.92478e-23 2.69635e-23 3.02172e-23 4.61359e-23 1.42196e-22 1.63125e-21 1.12179e-19 1.42175e-17 1.88207e-15 2.09072e-13 1.65106e-11 8.22356e-10 2.40562e-08 4.0355e-07 3.95348e-06 2.37559e-05 9.31449e-05 0.000250673 0.000471629 0.000618259 0.00057776 0.000412436 0.000242434 0.000122049 5.19574e-05 1.70774e-05 3.10428e-06 0 
0 0.000207574 0.000155795 2.27485e-05 9.88932e-07 1.64162e-08 1.3465e-10 7.34245e-13 3.68028e-15 2.3551e-17 2.64789e-19 8.36629e-21 1.34003e-21 6.53436e-22 5.64308e-22 7.88279e-22 2.18068e-21 2.0605e-20 5.99746e-19 2.98907e-17 1.88207e-15 1.21211e-13 6.65483e-12 2.68393e-10 7.12693e-09 1.17007e-07 1.17683e-06 7.56292e-06 3.3304e-05 0.000106679 0.00025415 0.000443472 0.00055407 0.000503646 0.000354864 0.000207545 0.000104314 4.43875e-05 1.45878e-05 2.65167e-06 0 
0 0.000216368 0.000216997 4.87762e-05 3.77823e-06 1.27991e-07 2.37178e-09 3.09198e-11 3.72877e-13 5.49035e-15 1.28049e-16 5.91687e-18 6.46131e-19 1.86669e-19 1.44678e-19 2.88571e-19 1.38902e-18 1.41183e-17 2.53148e-16 6.62182e-15 2.09072e-13 6.65483e-12 1.81264e-10 3.6582e-09 4.86713e-08 3.99328e-07 2.06565e-06 7.64657e-06 2.38807e-05 6.81283e-05 0.000167914 0.000317785 0.000425726 0.000404363 0.000291505 0.000172256 8.69375e-05 3.70502e-05 1.21829e-05 2.21492e-06 0 
0 0.000217431 0.00028763 9.7411e-05 1.29342e-05 8.51171e-07 3.37349e-08 9.92576e-10 2.71815e-11 8.71245e-13 4.05246e-14 3.2891e-15 5.36062e-16 1.91501e-16 1.54619e-16 2.75173e-16 1.00177e-15 6.65581e-15 7.008e-14 1.00069e-12 1.65106e-11 2.68393e-10 3.6582e-09 3.51964e-08 1.99878e-07 5.92996e-07 1.0003e-06 1.42927e-06 2.89169e-06 9.87387e-06 4.11512e-05 0.000131184 0.000250136 0.000287275 0.000225788 0.000138103 7.0574e-05 3.02028e-05 9.94462e-06 1.80873e-06 0 
0 0.000209133 0.000357259 0.00017722 3.83796e-05 4.58875e-06 3.6064e-07 2.21216e-08 1.27107e-09 8.22978e-11 7.14185e-12 9.63997e-13 2.2668e-13 9.96525e-14 8.3954e-14 1.32854e-13 3.71966e-13 1.6811e-12 1.09408e-11 9.02252e-11 8.22356e-10 7.12693e-09 4.86713e-08 1.99878e-07 3.38802e-07 1.69715e-07 3.00189e-08 5.82816e-09 5.93057e-09 5.20457e-08 1.26288e-06 1.91616e-05 9.46076e-05 0.000171762 0.000162858 0.000106653 5.57606e-05 2.40354e-05 7.93114e-06 1.44344e-06 0 
0 0.000191454 0.000410499 0.000288719 9.67883e-05 1.94908e-05 2.77978e-06 3.23761e-07 3.55742e-08 4.26412e-09 6.39178e-10 1.34737e-10 4.36811e-11 2.30295e-11 2.01376e-11 2.87544e-11 6.39694e-11 2.06247e-10 8.79916e-10 4.4745e-09 2.40562e-08 1.17007e-07 3.99328e-07 5.92996e-07 1.69715e-07 3.91704e-09 9.41653e-12 3.00517e-14 8.17012e-15 9.83861e-13 1.32451e-09 5.85096e-07 1.98511e-05 8.40854e-05 0.000109221 7.94285e-05 4.28967e-05 1.86687e-05 6.17725e-06 1.12511e-06 0 
0 0.000166197 0.000432095 0.000415067 0.000205221 6.46331e-05 1.52446e-05 3.05013e-06 5.80158e-07 1.17276e-07 2.79726e-08 8.61524e-09 3.67067e-09 2.2589e-09 2.03887e-09 2.66749e-09 4.87954e-09 1.18011e-08 3.51344e-08 1.18237e-07 4.0355e-07 1.17683e-06 2.06565e-06 1.0003e-06 3.00189e-08 9.41653e-12 4.51649e-16 2.17928e-15 1.63544e-15 1.31427e-14 6.11905e-14 4.64766e-09 2.65903e-06 3.61422e-05 7.00064e-05 5.75569e-05 3.22039e-05 1.41539e-05 4.69599e-06 8.55943e-07 0 
0 0.000136575 0.000414343 0.000519768 0.000362684 0.000167769 6.00453e-05 1.87037e-05 5.57297e-06 1.72959e-06 6.04509e-07 2.54467e-07 1.35834e-07 9.49719e-08 8.79928e-08 1.07098e-07 1.66675e-07 3.17928e-07 7.03441e-07 1.68435e-06 3.95348e-06 7.56292e-06 7.64657e-06 1.42927e-06 5.82816e-09 3.00517e-14 2.17928e-15 7.69616e-16 1.03274e-15 4.07404e-15 4.90508e-14 5.86784e-11 4.48339e-07 1.69496e-05 4.56618e-05 4.12588e-05 2.36785e-05 1.04763e-05 3.48179e-06 6.34911e-07 0 
0 0.000106286 0.000361875 0.00056223 0.000528335 0.000341755 0.000173346 7.71514e-05 3.28348e-05 1.4313e-05 6.77492e-06 3.65673e-06 2.3361e-06 1.8084e-06 1.71074e-06 1.96527e-06 2.68807e-06 4.24283e-06 7.41184e-06 1.35528e-05 2.37559e-05 3.3304e-05 2.38807e-05 2.89169e-06 5.93057e-09 8.17012e-15 1.63544e-15 1.03274e-15 3.0145e-15 1.28356e-14 1.88741e-13 1.56648e-11 2.33452e-07 1.12323e-05 3.23885e-05 2.97118e-05 1.70974e-05 7.56695e-06 2.51484e-06 4.58573e-07 0 
0 7.84903e-05 0.000289384 0.000526008 0.000628435 0.000543014 0.00037189 0.000222107 0.000125375 7.11292e-05 4.25173e-05 2.7775e-05 2.03688e-05 1.70498e-05 1.6387e-05 1.80037e-05 2.22938e-05 3.0418e-05 4.43215e-05 6.59775e-05 9.31449e-05 0.000106679 6.81283e-05 9.87387e-06 5.20457e-08 9.83861e-13 1.31427e-14 4.07404e-15 1.28356e-14 2.45003e-15 1.7372e-15 2.08782e-10 4.89308e-07 1.12896e-05 2.53656e-05 2.15341e-05 1.21105e-05 5.3245e-06 1.76625e-06 3.219e-07 0 
0 5.51482e-05 0.000213844 0.00043126 0.000612851 0.000667834 0.000591397 0.000454613 0.000324204 0.000226786 0.000162323 0.000122572 9.97157e-05 8.84949e-05 8.60592e-05 9.14285e-05 0.000105062 0.000128452 0.000163184 0.000207987 0.000250673 0.00025415 0.000167914 4.11512e-05 1.26288e-06 1.32451e-09 6.11905e-14 4.90508e-14 1.88741e-13 1.7372e-15 4.09016e-12 1.8119e-08 2.11025e-06 1.41587e-05 2.07938e-05 1.54674e-05 8.36688e-06 3.63787e-06 1.20298e-06 2.19052e-07 0 
0 3.69394e-05 0.000147491 0.000316407 0.000501925 0.00064336 0.000695593 0.000660246 0.000575146 0.000480169 0.000398458 0.000337782 0.000298033 0.000276724 0.000271555 0.000281178 0.000305039 0.00034248 0.000390746 0.000440977 0.000471629 0.000443472 0.000317785 0.000131184 1.91616e-05 5.85096e-07 4.64766e-09 5.86784e-11 1.56648e-11 2.08782e-10 1.8119e-08 8.4971e-07 7.59569e-06 1.67973e-05 1.64915e-05 1.0759e-05 5.59088e-06 2.40223e-06 7.91655e-07 1.44012e-07 0 
0 2.35893e-05 9.56657e-05 0.000212143 0.000357782 0.000505287 0.000622829 0.000688885 0.000702339 0.000678647 0.000637987 0.000596395 0.000563381 0.000543303 0.000537384 0.000545023 0.000564138 0.000590665 0.000617381 0.000632397 0.000618259 0.00055407 0.000425726 0.000250136 9.46076e-05 1.98511e-05 2.65903e-06 4.48339e-07 2.33452e-07 4.89308e-07 2.11025e-06 7.59569e-06 1.47641e-05 1.61092e-05 1.20048e-05 7.11342e-06 3.5826e-06 1.52443e-06 5.00906e-07 9.10418e-08 0 
0 1.43184e-05 5.85141e-05 0.000131872 0.000229249 0.000340338 0.000450796 0.000546067 0.000616366 0.000659547 0.0006801 0.000685697 0.000683862 0.000680104 0.000677368 0.000676143 0.000674751 0.000669635 0.000655721 0.000627044 0.00057776 0.000503646 0.000404363 0.000287275 0.000171762 8.40854e-05 3.61422e-05 1.69496e-05 1.12323e-05 1.12896e-05 1.41587e-05 1.67973e-05 1.61092e-05 1.23285e-05 7.90272e-06 4.42342e-06 2.1839e-06 9.23171e-07 3.02704e-07 5.49821e-08 0 
0 8.20084e-06 3.36312e-05 7.63458e-05 0.000134534 0.000204313 0.000279932 0.000354657 0.000422205 0.00047816 0.000520648 0.000550042 0.000568018 0.000576528 0.000577054 0.000570271 0.000556057 0.000533753 0.000502573 0.000462055 0.000412436 0.000354864 0.000291505 0.000225788 0.000162858 0.000109221 7.00064e-05 4.56618e-05 3.23885e-05 2.53656e-05 2.07938e-05 1.64915e-05 1.20048e-05 7.90272e-06 4.72404e-06 2.5693e-06 1.25482e-06 5.284e-07 1.73036e-07 3.14163e-08 0 
0 4.3721e-06 1.79566e-05 4.08868e-05 7.24536e-05 0.000111066 0.000154332 0.000199305 0.000242889 0.000282295 0.000315409 0.000340937 0.000358326 0.000367554 0.000368895 0.000362761 0.000349647 0.000330158 0.000305076 0.000275419 0.000242434 0.000207545 0.000172256 0.000138103 0.000106653 7.94285e-05 5.75569e-05 4.12588e-05 2.97118e-05 2.15341e-05 1.54674e-05 1.0759e-05 7.11342e-06 4.42342e-06 2.5693e-06 1.37956e-06 6.70251e-07 2.81682e-07 9.2177e-08 1.67315e-08 0 
0 2.11722e-06 8.70089e-06 1.98354e-05 3.52252e-05 5.41902e-05 7.57043e-05 9.84829e-05 0.000121113 0.000142208 0.000160546 0.000175179 0.000185473 0.000191106 0.000192039 0.000188467 0.00018079 0.000169569 0.000155504 0.000139386 0.000122049 0.000104314 8.69375e-05 7.0574e-05 5.57606e-05 4.28967e-05 3.22039e-05 2.36785e-05 1.70974e-05 1.21105e-05 8.36688e-06 5.59088e-06 3.5826e-06 2.1839e-06 1.25482e-06 6.70251e-07 3.24893e-07 1.36414e-07 4.46239e-08 8.09885e-09 0 
0 8.88557e-07 3.65245e-06 8.33019e-06 1.4805e-05 2.28051e-05 3.19197e-05 4.16315e-05 5.13629e-05 6.05287e-05 6.85896e-05 7.5097e-05 7.97244e-05 8.22832e-05 8.27241e-05 8.11283e-05 7.76897e-05 7.26924e-05 6.64833e-05 5.94433e-05 5.19574e-05 4.43875e-05 3.70502e-05 3.02028e-05 2.40354e-05 1.86687e-05 1.41539e-05 1.04763e-05 7.56695e-06 5.3245e-06 3.63787e-06 2.40223e-06 1.52443e-06 9.23171e-07 5.284e-07 2.81682e-07 1.36414e-07 5.72534e-08 1.87258e-08 3.39836e-09 0 
0 2.90609e-07 1.19466e-06 2.72512e-06 4.84463e-06 7.46576e-06 1.04563e-05 1.36496e-05 1.68582e-05 1.98906e-05 2.25676e-05 2.47369e-05 2.6285e-05 2.71439e-05 2.7294e-05 2.67614e-05 2.56127e-05 2.39462e-05 2.18815e-05 1.95487e-05 1.70774e-05 1.45878e-05 1.21829e-05 9.94462e-06 7.93114e-06 6.17725e-06 4.69599e-06 3.48179e-06 2.51484e-06 1.76625e-06 1.20298e-06 7.91655e-07 5.00906e-07 3.02704e-07 1.73036e-07 9.2177e-08 4.46239e-08 1.87258e-08 6.12418e-09 1.11139e-09 0 
0 5.27388e-08 2.16811e-07 4.9459e-07 8.79348e-07 1.35531e-06 1.8986e-06 2.4791e-06 3.06291e-06 3.61526e-06 4.10342e-06 4.49949e-06 4.78245e-06 4.93964e-06 4.96723e-06 4.86997e-06 4.66012e-06 4.35583e-06 3.97917e-06 3.55408e-06 3.10428e-06 2.65167e-06 2.21492e-06 1.80873e-06 1.44344e-06 1.12511e-06 8.55943e-07 6.34911e-07 4.58573e-07 3.219e-07 2.19052e-07 1.44012e-07 9.10418e-08 5.49821e-08 3.14163e-08 1.67315e-08 8.09885e-09 3.39836e-09 1.11139e-09 2.01686e-10 0 
0 0 0 0 0 0 0 0 0 0 0 0 0 0 0 0 0 0 0 0 0 0 0 0 0 0 0 0 0 0 0 0 0 0 0 0 0 0 0 0 0 
