0 0 0 0 0 0 0 0 0 0 0 0 0 0 0 0 0 0 0 0 0 0 0 0 0 0 0 0 0 0 0 0 0 0 0 0 0 0 0 0 0 
0 1.35554e-05 5.45542e-05 0.000119527 0.000198535 0.00027645 0.000338397 0.000376104 0.000390062 0.000386719 0.000374149 0.000359145 0.000346265 0.000338039 0.000335512 0.000338696 0.000346803 0.000358283 0.00037079 0.000381217 0.000385958 0.000381503 0.000365314 0.000336727 0.000297426 0.000251171 0.000202756 0.000156688 0.000116186 8.28424e-05 5.6858e-05 3.75408e-05 2.3779e-05 1.43721e-05 8.21445e-06 4.37516e-06 2.11782e-06 8.88655e-07 2.90621e-07 5.27396e-08 0 
0 5.45542e-05 0.000212952 0.000438493 0.000653233 0.00077186 0.00076183 0.000659398 0.000525832 0.000404461 0.000312001 0.000248908 0.000209998 0.000190006 0.000185486 0.000195102 0.000219399 0.000260369 0.000320657 0.00040205 0.000502993 0.000615494 0.000723075 0.000802531 0.000831325 0.000798114 0.000709312 0.000586009 0.000453532 0.000331652 0.000230787 0.000153446 9.75162e-05 5.90255e-05 3.3757e-05 1.7984e-05 8.70609e-06 3.65327e-06 1.19476e-06 2.16817e-07 0 
0 0.000119527 0.000438493 0.000794124 0.000947597 0.000813308 0.000542022 0.000305941 0.000159133 8.20619e-05 4.45731e-05 2.67622e-05 1.84073e-05 1.48324e-05 1.41263e-05 1.5836e-05 2.05726e-05 3.02141e-05 4.86304e-05 8.28685e-05 0.00014431 0.000248162 0.000408107 0.0006233 0.000861862 0.00105821 0.00114242 0.00108681 0.0009232 0.000713888 0.00051218 0.000345796 0.000221325 0.00013438 7.69494e-05 4.10148e-05 1.9859e-05 8.33382e-06 2.72555e-06 4.94617e-07 0 
0 0.000198535 0.000653233 0.000947597 0.000787464 0.000419005 0.000162155 5.1941e-05 1.54425e-05 4.7103e-06 1.60858e-06 6.61574e-07 3.46322e-07 2.38958e-07 2.2023e-07 2.69012e-07 4.24159e-07 8.28351e-07 1.90332e-06 4.8632e-06 1.30571e-05 3.49357e-05 8.88825e-05 0.000206526 0.00042325 0.000741961 0.00108578 0.00131142 0.00131839 0.00113339 0.000862989 0.000600456 0.000389706 0.000238025 0.000136625 7.28884e-05 3.53034e-05 1.48168e-05 4.84597e-06 8.7943e-07 0 
0 0.00027645 0.00077186 0.000813308 0.000419005 0.000124288 2.52588e-05 4.12224e-06 6.24308e-07 1.00455e-07 1.9432e-08 5.02126e-09 1.87871e-09 1.07093e-09 9.47885e-10 1.28692e-09 2.57533e-09 7.14017e-09 2.53977e-08 1.06541e-07 4.84494e-07 2.20926e-06 9.44552e-06 3.58695e-05 0.000116032 0.000309232 0.000659284 0.00109726 0.00141374 0.00143899 0.00121119 0.000888003 0.0005906 0.00036451 0.000210092 0.000112255 5.44003e-05 2.2836e-05 7.4692e-06 1.35551e-06 0 
0 0.000338397 0.00076183 0.000542022 0.000162155 2.52588e-05 2.50721e-06 1.91135e-07 1.34352e-08 1.0415e-09 1.0519e-10 1.59731e-11 4.06964e-12 1.86431e-12 1.57524e-12 2.41296e-12 6.34074e-12 2.62415e-11 1.53828e-10 1.13716e-09 9.43787e-09 7.8976e-08 6.07688e-07 3.99829e-06 2.13474e-05 8.92898e-05 0.00028522 0.000679448 0.00118302 0.00150874 0.00146801 0.00116573 0.000805637 0.000505508 0.000293263 0.000157071 7.6183e-05 3.19889e-05 1.04639e-05 1.89905e-06 0 
0 0.000376104 0.000659398 0.000305941 5.1941e-05 4.12224e-06 1.91135e-07 6.45319e-09 1.99128e-10 7.05015e-12 3.5452e-13 3.04291e-14 5.13258e-15 1.8592e-15 1.49404e-15 2.60381e-15 9.16097e-15 5.82466e-14 5.83399e-13 7.91953e-12 1.25339e-10 2.01179e-09 2.90593e-08 3.43847e-07 3.11908e-06 2.08309e-05 0.000100256 0.000342754 0.000818217 0.00134872 0.00157212 0.00138901 0.00101278 0.000650628 0.000380994 0.000204761 9.94313e-05 4.17672e-05 1.36642e-05 2.47995e-06 0 
0 0.000390062 0.000525832 0.000159133 1.54425e-05 6.24308e-07 1.34352e-08 1.99128e-10 2.67272e-12 4.28457e-14 1.06451e-15 5.132e-17 5.70517e-18 1.63076e-18 1.24545e-18 2.4695e-18 1.1656e-17 1.14316e-16 1.9669e-15 4.93423e-14 1.49964e-12 4.65117e-11 1.27048e-09 2.72145e-08 4.21311e-07 4.49207e-06 3.23187e-05 0.000156168 0.000504178 0.00107518 0.00152587 0.0015288 0.00119156 0.000788948 0.00046763 0.000252445 0.000122775 5.15991e-05 1.68834e-05 3.06437e-06 0 
0 0.000386719 0.000404461 8.20619e-05 4.7103e-06 1.00455e-07 1.0415e-09 7.05015e-12 4.28457e-14 3.2312e-16 4.10422e-18 1.14773e-19 8.84282e-21 2.14031e-21 1.58593e-21 3.38524e-21 2.01165e-20 2.9333e-19 8.42838e-18 3.79173e-16 2.14415e-14 1.24501e-12 6.23922e-11 2.35279e-09 6.06106e-08 1.00784e-06 1.05842e-05 7.03553e-05 0.00029841 0.000805843 0.00138492 0.00158304 0.00132874 0.000910949 0.000547689 0.000297225 0.000144815 6.0898e-05 1.99298e-05 3.6175e-06 0 
0 0.000374149 0.000312001 4.45731e-05 1.60858e-06 1.9432e-08 1.0519e-10 3.5452e-13 1.06451e-15 4.10422e-18 2.88914e-20 5.2814e-22 3.48884e-23 8.68846e-24 6.5176e-24 1.32366e-23 7.94963e-23 1.46364e-21 6.45059e-20 4.86691e-18 4.78149e-16 4.8517e-14 4.17409e-12 2.60545e-10 1.05686e-08 2.61118e-07 3.83602e-06 3.3723e-05 0.000180822 0.000597355 0.0012158 0.00157293 0.00142128 0.00101011 0.000616511 0.000336458 0.000164248 6.91134e-05 2.26228e-05 4.10657e-06 0 
0 0.000359145 0.000248908 2.67622e-05 6.61574e-07 5.02126e-09 1.59731e-11 3.04291e-14 5.132e-17 1.14773e-19 5.2814e-22 7.61375e-24 4.44092e-25 1.06787e-25 7.9718e-26 1.59889e-25 9.91036e-25 2.06882e-23 1.20166e-21 1.35768e-19 2.09342e-17 3.3543e-15 4.49253e-13 4.23806e-11 2.49447e-09 8.52844e-08 1.64943e-06 1.82054e-05 0.000117811 0.000456573 0.00106476 0.00152904 0.0014749 0.00108348 0.0006707 0.000367989 0.000179973 7.57757e-05 2.48083e-05 4.50354e-06 0 
0 0.000346265 0.000209998 1.84073e-05 3.46322e-07 1.87871e-09 4.06964e-12 5.13258e-15 5.70517e-18 8.84282e-21 3.48885e-23 4.44094e-25 1.86012e-26 3.28399e-27 2.2873e-27 5.17894e-27 4.16183e-26 1.06195e-24 7.06219e-23 1.01238e-20 2.14792e-18 4.78947e-16 8.83863e-14 1.12476e-11 8.67263e-10 3.7536e-08 8.86337e-07 1.15343e-05 8.54222e-05 0.000370797 0.000953105 0.00147843 0.00149966 0.00113105 0.000708242 0.000390297 0.000191176 8.0533e-05 2.63699e-05 4.78726e-06 0 
0 0.000338039 0.000190006 1.48324e-05 2.38958e-07 1.07093e-09 1.86431e-12 1.8592e-15 1.63076e-18 2.14031e-21 8.68851e-24 1.06789e-25 3.28404e-27 3.20567e-28 1.79081e-28 5.70606e-28 6.97638e-27 2.13572e-25 1.47729e-23 2.29542e-21 5.77726e-19 1.55484e-16 3.44589e-14 5.20434e-12 4.6847e-10 2.32147e-08 6.14793e-07 8.79458e-06 7.03662e-05 0.000325882 0.000886028 0.00143879 0.00150537 0.00115451 0.000728347 0.000402544 0.000197377 8.31736e-05 2.72375e-05 4.94493e-06 0 
0 0.000335512 0.000185486 1.41263e-05 2.2023e-07 9.47885e-10 1.57524e-12 1.49404e-15 1.24545e-18 1.58593e-21 6.51764e-24 7.97191e-26 2.28734e-27 1.79082e-28 8.69117e-29 3.31736e-28 4.67082e-27 1.49479e-25 1.03919e-23 1.6299e-21 4.24423e-19 1.18925e-16 2.74297e-14 4.30245e-12 4.00921e-10 2.04842e-08 5.56864e-07 8.14177e-06 6.63401e-05 0.000312186 0.000861621 0.00141808 0.00149846 0.00115582 0.000731158 0.000404549 0.000198442 8.36345e-05 2.73898e-05 4.97264e-06 0 
0 0.000338696 0.000195102 1.5836e-05 2.69012e-07 1.28692e-09 2.41296e-12 2.60381e-15 2.4695e-18 3.38524e-21 1.32366e-23 1.5989e-25 5.17899e-27 5.70605e-28 3.31733e-28 9.89514e-28 1.1144e-26 3.3068e-25 2.28842e-23 3.48446e-21 8.28208e-19 2.09291e-16 4.36961e-14 6.24983e-12 5.36204e-10 2.55024e-08 6.52796e-07 9.08766e-06 7.12145e-05 0.000324966 0.000875552 0.00141613 0.00148079 0.00113645 0.000717481 0.000396719 0.000194563 8.19957e-05 2.68528e-05 4.87514e-06 0 
0 0.000346803 0.000219399 2.05726e-05 4.24159e-07 2.57533e-09 6.34074e-12 9.16097e-15 1.1656e-17 2.01165e-20 7.94964e-23 9.91039e-25 4.16183e-26 6.97632e-27 4.67076e-27 1.1144e-26 9.26579e-26 2.36024e-24 1.54402e-22 2.06167e-20 3.92822e-18 7.84872e-16 1.30582e-13 1.51206e-11 1.07288e-09 4.32549e-08 9.63277e-07 1.19661e-05 8.55857e-05 0.00036291 0.000921549 0.00142566 0.00144976 0.00109712 0.00068862 0.00037996 0.000186217 7.84626e-05 2.56943e-05 4.66475e-06 0 
0 0.000358283 0.000260369 3.02141e-05 8.28351e-07 7.14017e-09 2.62415e-11 5.82466e-14 1.14316e-16 2.9333e-19 1.46364e-21 2.06882e-23 1.06195e-24 2.13571e-25 1.49478e-25 3.30679e-25 2.36023e-24 5.21359e-23 2.88063e-21 2.90704e-19 3.94268e-17 5.56754e-15 6.62053e-13 5.60555e-11 3.00016e-09 9.46029e-08 1.71221e-06 1.79467e-05 0.000111978 0.000425349 0.000988659 0.00143263 0.00139947 0.0010382 0.00064632 0.000355579 0.000174105 7.33389e-05 2.40146e-05 4.35973e-06 0 
0 0.00037079 0.000320657 4.86304e-05 1.90332e-06 2.53977e-08 1.53828e-10 5.83399e-13 1.9669e-15 8.42838e-18 6.45059e-20 1.20166e-21 7.06219e-23 1.47729e-23 1.03919e-23 2.28842e-23 1.54402e-22 2.88063e-21 1.1743e-19 7.98367e-18 7.04564e-16 6.44041e-14 5.02387e-12 2.86884e-10 1.07594e-08 2.48667e-07 3.46059e-06 2.9236e-05 0.000153357 0.000506878 0.00105616 0.00141641 0.00132238 0.000960222 0.000592753 0.000325173 0.00015908 6.69941e-05 2.19358e-05 3.98229e-06 0 
0 0.000381217 0.00040205 8.28685e-05 4.8632e-06 1.06541e-07 1.13716e-09 7.91953e-12 4.93423e-14 3.79173e-16 4.86691e-18 1.35768e-19 1.01238e-20 2.29542e-21 1.6299e-21 3.48446e-21 2.06167e-20 2.90704e-19 7.98367e-18 3.42967e-16 1.85454e-14 1.03198e-12 4.96862e-11 1.80466e-09 4.48962e-08 7.2348e-07 7.40951e-06 4.86312e-05 0.00020835 0.000587568 0.00108797 0.0013512 0.00121119 0.000864413 0.000530439 0.000290503 0.000142069 5.98283e-05 1.95899e-05 3.55646e-06 0 
0 0.000385958 0.000502993 0.00014431 1.30571e-05 4.84494e-07 9.43787e-09 1.25339e-10 1.49964e-12 2.14415e-14 4.78149e-16 2.09342e-17 2.14792e-18 5.77726e-19 4.24423e-19 8.28208e-19 3.92822e-18 3.94268e-17 7.04564e-16 1.85454e-14 5.94407e-13 1.94364e-11 5.56653e-10 1.23764e-08 1.96295e-07 2.11822e-06 1.53563e-05 7.57457e-05 0.000259256 0.000620048 0.0010311 0.00120947 0.00106023 0.000752735 0.000462071 0.000253355 0.000123999 5.22393e-05 1.71078e-05 3.10605e-06 0 
0 0.000381503 0.000615494 0.000248162 3.49357e-05 2.20926e-06 7.8976e-08 2.01179e-09 4.65117e-11 1.24501e-12 4.8517e-14 3.3543e-15 4.78947e-16 1.55484e-16 1.18925e-16 2.09291e-16 7.84872e-16 5.56754e-15 6.44041e-14 1.03198e-12 1.94364e-11 3.6909e-10 6.18433e-09 8.21487e-08 8.01858e-07 5.52695e-06 2.6886e-05 9.52929e-05 0.00025597 0.000529093 0.000828436 0.000968703 0.000866279 0.000627599 0.000390283 0.000215408 0.000105731 4.4594e-05 1.46102e-05 2.65299e-06 0 
0 0.000365314 0.000723075 0.000408107 8.88825e-05 9.44552e-06 6.07688e-07 2.90593e-08 1.27048e-09 6.23922e-11 4.17409e-12 4.49253e-13 8.83863e-14 3.44589e-14 2.74297e-14 4.36961e-14 1.30582e-13 6.62053e-13 5.02387e-12 4.96862e-11 5.56653e-10 6.18433e-09 6.0434e-08 4.68604e-07 2.66135e-06 1.0632e-05 3.06638e-05 7.05327e-05 0.000145588 0.000281046 0.000474205 0.000630709 0.000631708 0.000491994 0.000317546 0.000178155 8.80118e-05 3.72077e-05 1.22001e-05 2.21593e-06 0 
0 0.000336727 0.000802531 0.0006233 0.000206526 3.58695e-05 3.99829e-06 3.43847e-07 2.72145e-08 2.35279e-09 2.60545e-10 4.23806e-11 1.12476e-11 5.20434e-12 4.30245e-12 6.24983e-12 1.51206e-11 5.60555e-11 2.86884e-10 1.80466e-09 1.23764e-08 8.21487e-08 4.68604e-07 2.03049e-06 5.90594e-06 1.06819e-05 1.3006e-05 1.45127e-05 2.17541e-05 4.92759e-05 0.000129663 0.000272732 0.000377739 0.00035179 0.000246479 0.000142914 7.14541e-05 3.03314e-05 9.95857e-06 1.80955e-06 0 
0 0.000297426 0.000831325 0.000861862 0.00042325 0.000116032 2.13474e-05 3.11908e-06 4.21311e-07 6.06106e-08 1.05686e-08 2.49447e-09 8.67263e-10 4.6847e-10 4.00921e-10 5.36204e-10 1.07288e-09 3.00016e-09 1.07594e-08 4.48962e-08 1.96295e-07 8.01858e-07 2.66135e-06 5.90594e-06 6.72291e-06 3.12749e-06 6.93157e-07 1.73401e-07 1.57452e-07 7.39534e-07 7.59822e-06 5.4432e-05 0.000162314 0.000220476 0.000180624 0.00011091 5.65354e-05 2.41469e-05 7.94304e-06 1.44413e-06 0 
0 0.000251171 0.000798114 0.00105821 0.000741961 0.000309232 8.92898e-05 2.08309e-05 4.49207e-06 1.00784e-06 2.61118e-07 8.52844e-08 3.7536e-08 2.32147e-08 2.04842e-08 2.55024e-08 4.32549e-08 9.46029e-08 2.48667e-07 7.2348e-07 2.11822e-06 5.52695e-06 1.0632e-05 1.06819e-05 3.12749e-06 1.41837e-07 1.2166e-09 1.54449e-11 5.80047e-12 1.62723e-10 3.55096e-08 3.37855e-06 4.47788e-05 0.000118446 0.0001247 8.33011e-05 4.35948e-05 1.8767e-05 6.18751e-06 1.12569e-06 0 
0 0.000202756 0.000709312 0.00114242 0.00108578 0.000659284 0.00028522 0.000100256 3.23187e-05 1.05842e-05 3.83602e-06 1.64943e-06 8.86337e-07 6.14793e-07 5.56864e-07 6.52796e-07 9.63277e-07 1.71221e-06 3.46059e-06 7.40951e-06 1.53563e-05 2.6886e-05 3.06638e-05 1.3006e-05 6.93157e-07 1.2166e-09 8.38092e-14 7.98827e-17 6.61986e-16 5.96073e-16 1.58808e-11 7.71254e-08 8.85406e-06 5.75416e-05 8.27856e-05 6.09396e-05 3.2809e-05 1.42373e-05 4.70452e-06 8.56415e-07 0 
0 0.000156688 0.000586009 0.00108681 0.00131142 0.00109726 0.000679448 0.000342754 0.000156168 7.03553e-05 3.3723e-05 1.82054e-05 1.15343e-05 8.79458e-06 8.14177e-06 9.08766e-06 1.19661e-05 1.79467e-05 2.9236e-05 4.86312e-05 7.57457e-05 9.52929e-05 7.05327e-05 1.45127e-05 1.73401e-07 1.54449e-11 7.98826e-17 2.60227e-18 1.25852e-17 4.21469e-17 1.32535e-14 2.57388e-09 2.1026e-06 2.98369e-05 5.5429e-05 4.39611e-05 2.41586e-05 1.05414e-05 3.48835e-06 6.35269e-07 0 
0 0.000116186 0.000453532 0.0009232 0.00131839 0.00141374 0.00118302 0.000818217 0.000504178 0.00029841 0.000180822 0.000117811 8.54222e-05 7.03662e-05 6.63401e-05 7.12145e-05 8.55857e-05 0.000111978 0.000153357 0.00020835 0.000259256 0.00025597 0.000145588 2.17541e-05 1.57452e-07 5.80047e-12 6.61985e-16 1.25853e-17 2.96484e-18 2.45005e-17 1.73434e-15 8.85281e-10 1.17822e-06 2.00794e-05 3.93577e-05 3.16321e-05 1.74349e-05 7.61233e-06 2.51938e-06 4.5882e-07 0 
0 8.28424e-05 0.000331652 0.000713888 0.00113339 0.00143899 0.00150874 0.00134872 0.00107518 0.000805843 0.000597355 0.000456573 0.000370797 0.000325882 0.000312186 0.000324966 0.00036291 0.000425349 0.000506878 0.000587568 0.000620048 0.000529093 0.000281046 4.92759e-05 7.39534e-07 1.62723e-10 5.96073e-16 4.21469e-17 2.45004e-17 1.44709e-17 1.51971e-13 5.66435e-09 1.89498e-06 1.84725e-05 2.99616e-05 2.27247e-05 1.23167e-05 5.3522e-06 1.76903e-06 3.22052e-07 0 
0 5.6858e-05 0.000230787 0.00051218 0.000862989 0.00121119 0.00146801 0.00157212 0.00152587 0.00138492 0.0012158 0.00106476 0.000953105 0.000886028 0.000861621 0.000875552 0.000921549 0.000988659 0.00105616 0.00108797 0.0010311 0.000828436 0.000474205 0.000129663 7.59822e-06 3.55096e-08 1.58808e-11 1.32535e-14 1.73434e-15 1.51971e-13 2.77327e-10 1.54352e-07 5.26118e-06 1.99981e-05 2.34598e-05 1.60994e-05 8.47506e-06 3.65255e-06 1.20448e-06 2.19135e-07 0 
0 3.75408e-05 0.000153446 0.000345796 0.000600456 0.000888003 0.00116573 0.00138901 0.0015288 0.00158304 0.00157293 0.00152904 0.00147843 0.00143879 0.00141808 0.00141613 0.00142566 0.00143263 0.00141641 0.0013512 0.00120947 0.000968703 0.000630709 0.000272732 5.4432e-05 3.37855e-06 7.71254e-08 2.57388e-09 8.85281e-10 5.66435e-09 1.54352e-07 2.64284e-06 1.26613e-05 2.06008e-05 1.77751e-05 1.10421e-05 5.63942e-06 2.40895e-06 7.92356e-07 1.44052e-07 0 
0 2.3779e-05 9.75162e-05 0.000221325 0.000389706 0.0005906 0.000805637 0.00101278 0.00119156 0.00132874 0.00142128 0.0014749 0.00149966 0.00150537 0.00149846 0.00148079 0.00144976 0.00139947 0.00132238 0.00121119 0.00106023 0.000866279 0.000631708 0.000377739 0.000162314 4.47788e-05 8.85406e-06 2.1026e-06 1.17822e-06 1.89498e-06 5.26118e-06 1.26613e-05 1.88653e-05 1.78821e-05 1.25036e-05 7.22008e-06 3.60124e-06 1.5271e-06 5.01192e-07 9.10585e-08 0 
0 1.43721e-05 5.90255e-05 0.00013438 0.000238025 0.00036451 0.000505508 0.000650628 0.000788948 0.000910949 0.00101011 0.00108348 0.00113105 0.00115451 0.00115582 0.00113645 0.00109712 0.0010382 0.000960222 0.000864413 0.000752735 0.000627599 0.000491994 0.00035179 0.000220476 0.000118446 5.75416e-05 2.98369e-05 2.00794e-05 1.84725e-05 1.99981e-05 2.06008e-05 1.78821e-05 1.29287e-05 8.06042e-06 4.45742e-06 2.19005e-06 9.24087e-07 3.02807e-07 5.49883e-08 0 
0 8.21445e-06 3.3757e-05 7.69494e-05 0.000136625 0.000210092 0.000293263 0.000380994 0.00046763 0.000547689 0.000616511 0.0006707 0.000708242 0.000728347 0.000731158 0.000717481 0.00068862 0.00064632 0.000592753 0.000530439 0.000462071 0.000390283 0.000317546 0.000246479 0.000180624 0.0001247 8.27856e-05 5.5429e-05 3.93577e-05 2.99616e-05 2.34598e-05 1.77751e-05 1.25036e-05 8.06042e-06 4.76554e-06 2.57856e-06 1.25657e-06 5.28673e-07 1.73068e-07 3.14183e-08 0 
0 4.37516e-06 1.7984e-05 4.10148e-05 7.28884e-05 0.000112255 0.000157071 0.000204761 0.000252445 0.000297225 0.000336458 0.000367989 0.000390297 0.000402544 0.000404549 0.000396719 0.00037996 0.000355579 0.000325173 0.000290503 0.000253355 0.000215408 0.000178155 0.000142914 0.00011091 8.33011e-05 6.09396e-05 4.39611e-05 3.16321e-05 2.27247e-05 1.60994e-05 1.10421e-05 7.22008e-06 4.45742e-06 2.57856e-06 1.38172e-06 6.70681e-07 2.81752e-07 9.21856e-08 1.67321e-08 0 
0 2.11782e-06 8.70609e-06 1.9859e-05 3.53034e-05 5.44003e-05 7.6183e-05 9.94313e-05 0.000122775 0.000144815 0.000164248 0.000179973 0.000191176 0.000197377 0.000198442 0.000194563 0.000186217 0.000174105 0.00015908 0.000142069 0.000123999 0.000105731 8.80118e-05 7.14541e-05 5.65354e-05 4.35948e-05 3.2809e-05 2.41586e-05 1.74349e-05 1.23167e-05 8.47506e-06 5.63942e-06 3.60124e-06 2.19005e-06 1.25657e-06 6.70681e-07 3.24983e-07 1.36429e-07 4.46259e-08 8.09899e-09 0 
0 8.88655e-07 3.65327e-06 8.33382e-06 1.48168e-05 2.2836e-05 3.19889e-05 4.17672e-05 5.15991e-05 6.0898e-05 6.91134e-05 7.57757e-05 8.0533e-05 8.31736e-05 8.36345e-05 8.19957e-05 7.84626e-05 7.33389e-05 6.69941e-05 5.98283e-05 5.22393e-05 4.4594e-05 3.72077e-05 3.03314e-05 2.41469e-05 1.8767e-05 1.42373e-05 1.05414e-05 7.61233e-06 5.3522e-06 3.65255e-06 2.40895e-06 1.5271e-06 9.24087e-07 5.28673e-07 2.81752e-07 1.36429e-07 5.72561e-08 1.87261e-08 3.39838e-09 0 
0 2.90621e-07 1.19476e-06 2.72555e-06 4.84597e-06 7.4692e-06 1.04639e-05 1.36642e-05 1.68834e-05 1.99298e-05 2.26228e-05 2.48083e-05 2.63699e-05 2.72375e-05 2.73898e-05 2.68528e-05 2.56943e-05 2.40146e-05 2.19358e-05 1.95899e-05 1.71078e-05 1.46102e-05 1.22001e-05 9.95857e-06 7.94304e-06 6.18751e-06 4.70452e-06 3.48835e-06 2.51938e-06 1.76903e-06 1.20448e-06 7.92356e-07 5.01192e-07 3.02807e-07 1.73068e-07 9.21856e-08 4.46259e-08 1.87261e-08 6.12424e-09 1.11139e-09 0 
0 5.27396e-08 2.16817e-07 4.94617e-07 8.7943e-07 1.35551e-06 1.89905e-06 2.47995e-06 3.06437e-06 3.6175e-06 4.10657e-06 4.50354e-06 4.78726e-06 4.94493e-06 4.97264e-06 4.87514e-06 4.66475e-06 4.35973e-06 3.98229e-06 3.55646e-06 3.10605e-06 2.65299e-06 2.21593e-06 1.80955e-06 1.44413e-06 1.12569e-06 8.56415e-07 6.35269e-07 4.5882e-07 3.22052e-07 2.19135e-07 1.44052e-07 9.10585e-08 5.49883e-08 3.14183e-08 1.67321e-08 8.09899e-09 3.39838e-09 1.11139e-09 2.01687e-10 0 
0 0 0 0 0 0 0 0 0 0 0 0 0 0 0 0 0 0 0 0 0 0 0 0 0 0 0 0 0 0 0 0 0 0 0 0 0 0 0 0 0 
