0 0 0 0 0 0 0 0 0 0 0 0 0 0 0 0 0 0 0 0 0 0 0 0 0 0 0 0 0 0 0 0 0 0 0 0 0 0 0 0 0 
0 1.3662e-05 5.55105e-05 0.000123785 0.000211549 0.000306628 0.000394437 0.000463074 0.000507365 0.000529196 0.000534758 0.000531239 0.000524661 0.000519076 0.000516572 0.000517561 0.000521062 0.000524929 0.000526092 0.000520968 0.000506111 0.000479089 0.000439329 0.000388581 0.000330667 0.000270527 0.000212946 0.000161529 0.000118263 8.3648e-05 5.71415e-05 3.76314e-05 2.38054e-05 1.43791e-05 8.21613e-06 4.37552e-06 2.11789e-06 8.88666e-07 2.90622e-07 5.27397e-08 0 
0 5.55105e-05 0.000221759 0.000477391 0.00076505 0.00100109 0.0011171 0.00110131 0.000995391 0.000856231 0.000725276 0.000622219 0.000552088 0.000513527 0.000503905 0.000521475 0.000565695 0.000636391 0.000731945 0.00084667 0.000968089 0.00107587 0.00114482 0.00115275 0.00109041 0.000966778 0.000805369 0.000633883 0.000474522 0.000339813 0.000233624 0.000154334 9.77679e-05 5.90902e-05 3.37721e-05 1.79872e-05 8.70666e-06 3.65336e-06 1.19477e-06 2.16818e-07 0 
0 0.000123785 0.000477391 0.000953154 0.00133081 0.00140582 0.00118078 0.000837467 0.000537241 0.000333014 0.000211051 0.000143022 0.000107078 9.04076e-05 8.6831e-05 9.46282e-05 0.000115584 0.00015507 0.000222664 0.00033227 0.000499589 0.000733887 0.00102296 0.00131868 0.00154168 0.00161777 0.00152436 0.00130271 0.00102538 0.000755124 0.000526653 0.00035029 0.000222575 0.000134693 7.70202e-05 4.10291e-05 1.98615e-05 8.3342e-06 2.72559e-06 4.94619e-07 0 
0 0.000211549 0.00076505 0.00133081 0.00145531 0.00107777 0.000586474 0.000260443 0.00010491 4.20842e-05 1.81909e-05 9.03183e-06 5.40302e-06 4.01408e-06 3.74878e-06 4.3774e-06 6.25885e-06 1.05992e-05 2.03879e-05 4.25228e-05 9.17103e-05 0.000195382 0.000394012 0.000723362 0.00116812 0.001616 0.00189165 0.00188531 0.00163629 0.00127414 0.000914624 0.000616686 0.000394187 0.000239129 0.000136869 7.29366e-05 3.53118e-05 1.4818e-05 4.8461e-06 8.79439e-07 0 
0 0.000306628 0.00100109 0.00140582 0.00107777 0.000497911 0.00015844 4.01909e-05 9.29728e-06 2.21181e-06 6.01654e-07 2.04562e-07 9.30381e-08 5.91048e-08 5.33394e-08 6.77832e-08 1.17518e-07 2.64445e-07 7.25704e-07 2.26778e-06 7.53203e-06 2.49247e-05 7.7602e-05 0.000216375 0.000517637 0.00102324 0.0016236 0.00204687 0.00208605 0.00178884 0.00135166 0.000933966 0.000603413 0.000367643 0.000210773 0.000112387 5.44227e-05 2.28392e-05 7.46955e-06 1.35553e-06 0 
0 0.000394437 0.0011171 0.00118078 0.000586474 0.00015844 2.78362e-05 3.78641e-06 4.69116e-07 6.16713e-08 9.89183e-09 2.18133e-09 7.24864e-10 3.84827e-10 3.33841e-10 4.6729e-10 1.00994e-09 3.1454e-09 1.29522e-08 6.41564e-08 3.47721e-07 1.88869e-06 9.52878e-06 4.19763e-05 0.000153758 0.00044985 0.00101457 0.00171849 0.00218476 0.00216192 0.00176976 0.00127189 0.000836093 0.000512983 0.000294874 0.000157378 7.62342e-05 3.19961e-05 1.04647e-05 1.89909e-06 0 
0 0.000463074 0.00110131 0.000837467 0.000260443 4.01909e-05 3.78641e-06 2.65725e-07 1.68791e-08 1.17377e-09 1.06677e-10 1.47615e-11 3.49822e-12 1.53028e-12 1.27165e-12 1.97404e-12 5.40577e-12 2.3874e-11 1.52064e-10 1.23563e-09 1.13283e-08 1.04588e-07 8.81977e-07 6.28704e-06 3.57798e-05 0.000156034 0.000504549 0.001174 0.00193253 0.00229572 0.00209663 0.00159371 0.00107441 0.000665986 0.000384298 0.000205384 9.95339e-05 4.17814e-05 1.36657e-05 2.48004e-06 0 
0 0.000507365 0.000995391 0.000537241 0.00010491 9.29728e-06 4.69116e-07 1.68791e-08 5.45086e-10 1.9875e-11 1.01516e-12 8.75355e-14 1.47154e-14 5.28605e-15 4.202e-15 7.23925e-15 2.51847e-14 1.58408e-13 1.56963e-12 2.10634e-11 3.29005e-10 5.19926e-09 7.37174e-08 8.53055e-07 7.52983e-06 4.85286e-05 0.000221957 0.000702985 0.00150769 0.00219427 0.00228537 0.00186515 0.00129957 0.000816572 0.000473603 0.000253567 0.000122958 5.16241e-05 1.6886e-05 3.06452e-06 0 
0 0.000529196 0.000856231 0.000333014 4.20842e-05 2.21181e-06 6.16713e-08 1.17377e-09 1.9875e-11 3.91214e-13 1.15234e-14 6.3225e-16 7.65199e-17 2.27538e-17 1.73202e-17 3.29271e-17 1.43827e-16 1.267e-15 1.91337e-14 4.14391e-13 1.07642e-11 2.84199e-10 6.61761e-09 1.21544e-07 1.62727e-06 1.51326e-05 9.52816e-05 0.000399601 0.00109595 0.00194928 0.00233479 0.00206479 0.00149543 0.000955018 0.000557314 0.00029903 0.000145108 6.09376e-05 1.99339e-05 3.61773e-06 0 
0 0.000534758 0.000725276 0.000211051 1.81909e-05 6.01654e-07 9.89183e-09 1.06677e-10 1.01516e-12 1.15234e-14 2.0757e-16 7.60157e-18 6.85607e-19 1.72111e-19 1.25905e-19 2.60904e-19 1.39425e-18 1.65743e-17 3.64362e-16 1.20939e-14 4.94668e-13 2.06555e-11 7.49247e-10 2.07928e-08 4.03681e-07 5.19753e-06 4.33073e-05 0.000231367 0.000784309 0.0016689 0.00228322 0.00218947 0.00165146 0.00107321 0.000630478 0.000339081 0.000164671 6.91704e-05 2.26287e-05 4.10689e-06 0 
0 0.000531239 0.000622219 0.000143022 9.03183e-06 2.04562e-07 2.18133e-09 1.47615e-11 8.75355e-14 6.3225e-16 7.60157e-18 1.9965e-19 1.41448e-20 3.09077e-21 2.18609e-21 4.84848e-21 3.04821e-20 4.62563e-19 1.3827e-17 6.51292e-16 3.86675e-14 2.35292e-12 1.22875e-10 4.78853e-09 1.26205e-07 2.12231e-06 2.22199e-05 0.000144232 0.000578987 0.00142522 0.00218357 0.00225156 0.00176382 0.00116547 0.000689104 0.000371458 0.000180531 7.58507e-05 2.48159e-05 4.50396e-06 0 
0 0.000524661 0.000552088 0.000107078 5.40302e-06 9.30381e-08 7.24864e-10 3.49822e-12 1.47154e-14 7.65199e-17 6.85607e-19 1.41448e-20 8.40373e-22 1.65537e-22 1.13954e-22 2.65245e-22 1.87335e-21 3.38587e-20 1.26308e-18 7.66548e-17 5.96371e-15 4.77109e-13 3.24819e-11 1.6211e-09 5.33929e-08 1.09084e-06 1.34826e-05 0.000100717 0.000456322 0.00124796 0.00208086 0.00227069 0.00183407 0.00122869 0.00073043 0.000394496 0.000191851 8.06236e-05 2.63791e-05 4.78777e-06 0 
0 0.000519076 0.000513527 9.04076e-05 4.01408e-06 5.91048e-08 3.84827e-10 1.53028e-12 5.28605e-15 2.27538e-17 1.72111e-19 3.09077e-21 1.65537e-22 3.05434e-23 2.06183e-23 4.93244e-23 3.72267e-22 7.42018e-21 3.13598e-19 2.19833e-17 1.99624e-15 1.86868e-13 1.48216e-11 8.5335e-10 3.19796e-08 7.31521e-07 9.95676e-06 8.06971e-05 0.000392237 0.00114119 0.002003 0.00226513 0.00186644 0.00126196 0.000752985 0.000407223 0.000198131 8.32746e-05 2.72478e-05 4.9455e-06 0 
0 0.000516572 0.000503905 8.6831e-05 3.74878e-06 5.33394e-08 3.33841e-10 1.27165e-12 4.202e-15 1.73202e-17 1.25905e-19 2.18609e-21 1.13954e-22 2.06183e-23 1.37904e-23 3.30573e-23 2.52281e-22 5.12117e-21 2.21885e-19 1.60314e-17 1.50549e-15 1.45966e-13 1.19898e-11 7.13802e-10 2.75883e-08 6.48697e-07 9.04429e-06 7.48579e-05 0.000370887 0.00109902 0.00196144 0.00224641 0.00186517 0.00126584 0.000756501 0.000409374 0.000199221 8.3739e-05 2.74004e-05 4.97323e-06 0 
0 0.000517561 0.000521475 9.46282e-05 4.3774e-06 6.77832e-08 4.6729e-10 1.97404e-12 7.23925e-15 3.29271e-17 2.60904e-19 4.84848e-21 2.65245e-22 4.93244e-23 3.30572e-23 7.73946e-23 5.65354e-22 1.08178e-20 4.36136e-19 2.90647e-17 2.50801e-15 2.23538e-13 1.69452e-11 9.37102e-10 3.39243e-08 7.541e-07 1.00339e-05 7.99678e-05 0.000384501 0.0011133 0.00195472 0.0022173 0.00183277 0.00124178 0.000741754 0.000401348 0.000195312 8.20964e-05 2.6863e-05 4.87572e-06 0 
0 0.000521062 0.000565695 0.000115584 6.25885e-06 1.17518e-07 1.00994e-09 5.40577e-12 2.51847e-14 1.43827e-16 1.39425e-18 3.04821e-20 1.87335e-21 3.72267e-22 2.52281e-22 5.65354e-22 3.7711e-21 6.33815e-20 2.17508e-18 1.20787e-16 8.59576e-15 6.31367e-13 3.9733e-11 1.84939e-09 5.73856e-08 1.11634e-06 1.32806e-05 9.65504e-05 0.000430747 0.00117411 0.00197037 0.00217222 0.00176969 0.00119181 0.000710383 0.000384117 0.000186892 7.85537e-05 2.57036e-05 4.66527e-06 0 
0 0.000524929 0.000636391 0.00015507 1.05992e-05 2.64445e-07 3.1454e-09 2.3874e-11 1.58408e-13 1.267e-15 1.65743e-17 4.62563e-19 3.38587e-20 7.42018e-21 5.12117e-21 1.08178e-20 6.33815e-20 8.80844e-19 2.38451e-17 1.0121e-15 5.41684e-14 2.98596e-12 1.42438e-10 5.12487e-09 1.26221e-07 2.00932e-06 2.01903e-05 0.000127719 0.000508573 0.00126523 0.00198494 0.0020991 0.00167502 0.00111851 0.000664716 0.000359102 0.00017468 7.34171e-05 2.40227e-05 4.36018e-06 0 
0 0.000526092 0.000731945 0.000222664 2.03879e-05 7.25704e-07 1.29522e-08 1.52064e-10 1.56963e-12 1.91337e-14 3.64362e-16 1.3827e-17 1.26308e-18 3.13598e-19 2.21885e-19 4.36136e-19 2.17508e-18 2.38451e-17 4.80079e-16 1.45607e-14 5.45199e-13 2.09473e-11 7.04479e-10 1.82959e-08 3.35962e-07 4.14088e-06 3.35159e-05 0.000177336 0.000610753 0.00135603 0.00196373 0.00198216 0.00154768 0.001025 0.000607585 0.000328031 0.00015955 6.70586e-05 2.19425e-05 3.98267e-06 0 
0 0.000520968 0.00084667 0.00033227 4.25228e-05 2.26778e-06 6.41564e-08 1.23563e-09 2.10634e-11 4.14391e-13 1.20939e-14 6.51292e-16 7.66548e-17 2.19833e-17 1.60314e-17 2.90647e-17 1.20787e-16 1.0121e-15 1.45607e-14 3.0128e-13 7.50367e-12 1.90683e-10 4.2898e-09 7.64153e-08 9.96855e-07 9.10005e-06 5.7043e-05 0.000244356 0.000711118 0.00139337 0.00186274 0.00180505 0.00138731 0.000914884 0.000542085 0.000292775 0.000142448 5.98809e-05 1.95954e-05 3.55677e-06 0 
0 0.000506111 0.000968089 0.000499589 9.17103e-05 7.53203e-06 3.47721e-07 1.13283e-08 3.29005e-10 1.07642e-11 4.94668e-13 3.86675e-14 5.96371e-15 1.99624e-15 1.50549e-15 2.50801e-15 8.59576e-15 5.41684e-14 5.45199e-13 7.50367e-12 1.20811e-10 1.96827e-09 2.86506e-08 3.37905e-07 3.01723e-06 1.96348e-05 9.18959e-05 0.000309443 0.000749599 0.00130115 0.00163483 0.00155316 0.00119421 0.000791862 0.0004713 0.000255192 0.000124311 5.22833e-05 1.71125e-05 3.10633e-06 0 
0 0.000479089 0.00107587 0.000733887 0.000195382 2.49247e-05 1.88869e-06 1.04588e-07 5.19926e-09 2.84199e-10 2.06555e-11 2.35292e-12 4.77109e-13 1.86868e-13 1.45966e-13 2.23538e-13 6.31367e-13 2.98596e-12 2.09473e-11 1.90683e-10 1.96827e-09 2.03171e-08 1.88109e-07 1.43296e-06 8.45707e-06 3.74927e-05 0.000124722 0.000317921 0.000635696 0.00100381 0.00124367 0.00121572 0.000968665 0.00065916 0.000398031 0.000216993 0.000106006 4.46333e-05 1.46145e-05 2.65324e-06 0 
0 0.000439329 0.00114482 0.00102296 0.000394012 7.7602e-05 9.52878e-06 8.81977e-07 7.37174e-08 6.61761e-09 7.49247e-10 1.22875e-10 3.24819e-11 1.48216e-11 1.19898e-11 1.69452e-11 3.9733e-11 1.42438e-10 7.04479e-10 4.2898e-09 2.86506e-08 1.88109e-07 1.10083e-06 5.28518e-06 1.95542e-05 5.41583e-05 0.000115199 0.000204721 0.000334337 0.000516246 0.000709445 0.00079828 0.000712693 0.000519608 0.000324713 0.000179662 8.82758e-05 3.72457e-05 1.22042e-05 2.21617e-06 0 
0 0.000388581 0.00115275 0.00131868 0.000723362 0.000216375 4.19763e-05 6.28704e-06 8.53055e-07 1.21544e-07 2.07928e-08 4.78853e-09 1.6211e-09 8.5335e-10 7.13802e-10 9.37102e-10 1.84939e-09 5.12487e-09 1.82959e-08 7.64153e-08 3.37905e-07 1.43296e-06 5.28518e-06 1.53489e-05 3.18669e-05 4.4791e-05 4.59787e-05 4.48504e-05 5.71779e-05 0.000104366 0.000216489 0.00036988 0.000442112 0.000377801 0.000253732 0.000144472 7.17267e-05 3.03702e-05 9.96271e-06 1.80979e-06 0 
0 0.000330667 0.00109041 0.00154168 0.00116812 0.000517637 0.000153758 3.57798e-05 7.52983e-06 1.62727e-06 4.03681e-07 1.26205e-07 5.33929e-08 3.19796e-08 2.75883e-08 3.39243e-08 5.73856e-08 1.26221e-07 3.35962e-07 9.96855e-07 3.01723e-06 8.45707e-06 1.95542e-05 3.18669e-05 2.96701e-05 1.32414e-05 3.25397e-06 9.11116e-07 7.74755e-07 2.67648e-06 1.7994e-05 8.87635e-05 0.000206463 0.000244766 0.000188172 0.000112565 5.68221e-05 2.41869e-05 7.94723e-06 1.44437e-06 0 
0 0.000270527 0.000966778 0.00161777 0.001616 0.00102324 0.00044985 0.000156034 4.85286e-05 1.51326e-05 5.19753e-06 2.12231e-06 1.09084e-06 7.31521e-07 6.48697e-07 7.541e-07 1.11634e-06 2.00932e-06 4.14088e-06 9.10005e-06 1.96348e-05 3.74927e-05 5.41583e-05 4.4791e-05 1.32414e-05 8.3459e-07 1.32813e-08 3.02379e-10 1.23443e-10 1.9574e-09 1.77268e-07 7.92121e-06 6.59835e-05 0.000138602 0.00013217 8.49937e-05 4.38845e-05 1.88066e-05 6.19157e-06 1.12592e-06 0 
0 0.000212946 0.000805369 0.00152436 0.00189165 0.0016236 0.00101457 0.000504549 0.000221957 9.52816e-05 4.33073e-05 2.22199e-05 1.34826e-05 9.95676e-06 9.04429e-06 1.00339e-05 1.32806e-05 2.01903e-05 3.35159e-05 5.7043e-05 9.18959e-05 0.000124722 0.000115199 4.59787e-05 3.25397e-06 1.32813e-08 3.5832e-12 1.74647e-15 2.57134e-16 4.5004e-14 2.40858e-10 3.03835e-07 1.58728e-05 7.18059e-05 8.94585e-05 6.25223e-05 3.30776e-05 1.42733e-05 4.70813e-06 8.56613e-07 0 
0 0.000161529 0.000633883 0.00130271 0.00188531 0.00204687 0.00171849 0.001174 0.000702985 0.000399601 0.000231367 0.000144232 0.000100717 8.06971e-05 7.48579e-05 7.99678e-05 9.65504e-05 0.000127719 0.000177336 0.000244356 0.000309443 0.000317921 0.000204721 4.48504e-05 9.11116e-07 3.02379e-10 1.74647e-15 7.98527e-18 2.4513e-18 2.9841e-17 5.61345e-13 1.61284e-08 4.45723e-06 3.91941e-05 6.07564e-05 4.52727e-05 2.438e-05 1.05707e-05 3.49125e-06 6.35426e-07 0 
0 0.000118263 0.000474522 0.00102538 0.00163629 0.00208605 0.00218476 0.00193253 0.00150769 0.00109595 0.000784309 0.000578987 0.000456322 0.000392237 0.000370887 0.000384501 0.000430747 0.000508573 0.000610753 0.000711118 0.000749599 0.000635696 0.000334337 5.71779e-05 7.74755e-07 1.23443e-10 2.57134e-16 2.45132e-18 1.09525e-18 4.66047e-17 9.70268e-14 6.19415e-09 2.58901e-06 2.66072e-05 4.32048e-05 3.25794e-05 1.75939e-05 7.63324e-06 2.52144e-06 4.58931e-07 0 
0 8.3648e-05 0.000339813 0.000755124 0.00127414 0.00178884 0.00216192 0.00229572 0.00219427 0.00194928 0.0016689 0.00142522 0.00124796 0.00114119 0.00109902 0.0011133 0.00117411 0.00126523 0.00135603 0.00139337 0.00130115 0.00100381 0.000516246 0.000104366 2.67648e-06 1.9574e-09 4.5004e-14 2.9841e-17 4.66046e-17 8.83422e-17 3.97972e-12 2.83119e-08 3.66793e-06 2.34645e-05 3.24604e-05 2.33135e-05 1.24148e-05 5.36515e-06 1.77032e-06 3.22121e-07 0 
0 5.71415e-05 0.000233624 0.000526653 0.000914624 0.00135166 0.00176976 0.00209663 0.00228537 0.00233479 0.00228322 0.00218357 0.00208086 0.002003 0.00196144 0.00195472 0.00197037 0.00198494 0.00196373 0.00186274 0.00163483 0.00124367 0.000709445 0.000216489 1.7994e-05 1.77268e-07 2.40858e-10 5.61345e-13 9.70268e-14 3.97972e-12 2.1969e-09 4.41041e-07 8.22532e-06 2.36557e-05 2.48651e-05 1.64103e-05 8.52678e-06 3.65946e-06 1.20517e-06 2.19173e-07 0 
0 3.76314e-05 0.000154334 0.00035029 0.000616686 0.000933966 0.00127189 0.00159371 0.00186515 0.00206479 0.00218947 0.00225156 0.00227069 0.00226513 0.00224641 0.0022173 0.00217222 0.0020991 0.00198216 0.00180505 0.00155316 0.00121572 0.00079828 0.00036988 8.87635e-05 7.92121e-06 3.03835e-07 1.61284e-08 6.19415e-09 2.83119e-08 4.41041e-07 4.61115e-06 1.62559e-05 2.27497e-05 1.84298e-05 1.11804e-05 5.66265e-06 2.41213e-06 7.92685e-07 1.4407e-07 0 
0 2.38054e-05 9.77679e-05 0.000222575 0.000394187 0.000603413 0.000836093 0.00107441 0.00129957 0.00149543 0.00165146 0.00176382 0.00183407 0.00186644 0.00186517 0.00183277 0.00176969 0.00167502 0.00154768 0.00138731 0.00119421 0.000968665 0.000712693 0.000442112 0.000206463 6.59835e-05 1.58728e-05 4.45723e-06 2.58901e-06 3.66793e-06 8.22532e-06 1.62559e-05 2.12598e-05 1.88109e-05 1.27515e-05 7.27177e-06 3.61016e-06 1.52836e-06 5.01328e-07 9.10664e-08 0 
0 1.43791e-05 5.90902e-05 0.000134693 0.000239129 0.000367643 0.000512983 0.000665986 0.000816572 0.000955018 0.00107321 0.00116547 0.00122869 0.00126196 0.00126584 0.00124178 0.00119181 0.00111851 0.001025 0.000914884 0.000791862 0.00065916 0.000519608 0.000377801 0.000244766 0.000138602 7.18059e-05 3.91941e-05 2.66072e-05 2.34645e-05 2.36557e-05 2.27497e-05 1.88109e-05 1.32291e-05 8.13742e-06 4.47381e-06 2.19299e-06 9.24522e-07 3.02855e-07 5.49912e-08 0 
0 8.21613e-06 3.37721e-05 7.70202e-05 0.000136869 0.000210773 0.000294874 0.000384298 0.000473603 0.000557314 0.000630478 0.000689104 0.00073043 0.000752985 0.000756501 0.000741754 0.000710383 0.000664716 0.000607585 0.000542085 0.0004713 0.000398031 0.000324713 0.000253732 0.000188172 0.00013217 8.94585e-05 6.07564e-05 4.32048e-05 3.24604e-05 2.48651e-05 1.84298e-05 1.27515e-05 8.13742e-06 4.78559e-06 2.583e-06 1.25741e-06 5.28803e-07 1.73083e-07 3.14193e-08 0 
0 4.37552e-06 1.79872e-05 4.10291e-05 7.29366e-05 0.000112387 0.000157378 0.000205384 0.000253567 0.00029903 0.000339081 0.000371458 0.000394496 0.000407223 0.000409374 0.000401348 0.000384117 0.000359102 0.000328031 0.000292775 0.000255192 0.000216993 0.000179662 0.000144472 0.000112565 8.49937e-05 6.25223e-05 4.52727e-05 3.25794e-05 2.33135e-05 1.64103e-05 1.11804e-05 7.27177e-06 4.47381e-06 2.583e-06 1.38276e-06 6.70886e-07 2.81786e-07 9.21896e-08 1.67323e-08 0 
0 2.11789e-06 8.70666e-06 1.98615e-05 3.53118e-05 5.44227e-05 7.62342e-05 9.95339e-05 0.000122958 0.000145108 0.000164671 0.000180531 0.000191851 0.000198131 0.000199221 0.000195312 0.000186892 0.00017468 0.00015955 0.000142448 0.000124311 0.000106006 8.82758e-05 7.17267e-05 5.68221e-05 4.38845e-05 3.30776e-05 2.438e-05 1.75939e-05 1.24148e-05 8.52678e-06 5.66265e-06 3.61016e-06 2.19299e-06 1.25741e-06 6.70886e-07 3.25025e-07 1.36436e-07 4.46268e-08 8.09905e-09 0 
0 8.88666e-07 3.65336e-06 8.3342e-06 1.4818e-05 2.28392e-05 3.19961e-05 4.17814e-05 5.16241e-05 6.09376e-05 6.91704e-05 7.58507e-05 8.06236e-05 8.32746e-05 8.3739e-05 8.20964e-05 7.85537e-05 7.34171e-05 6.70586e-05 5.98809e-05 5.22833e-05 4.46333e-05 3.72457e-05 3.03702e-05 2.41869e-05 1.88066e-05 1.42733e-05 1.05707e-05 7.63324e-06 5.36515e-06 3.65946e-06 2.41213e-06 1.52836e-06 9.24522e-07 5.28803e-07 2.81786e-07 1.36436e-07 5.72574e-08 1.87263e-08 3.39839e-09 0 
0 2.90622e-07 1.19477e-06 2.72559e-06 4.8461e-06 7.46955e-06 1.04647e-05 1.36657e-05 1.6886e-05 1.99339e-05 2.26287e-05 2.48159e-05 2.63791e-05 2.72478e-05 2.74004e-05 2.6863e-05 2.57036e-05 2.40227e-05 2.19425e-05 1.95954e-05 1.71125e-05 1.46145e-05 1.22042e-05 9.96271e-06 7.94723e-06 6.19157e-06 4.70813e-06 3.49125e-06 2.52144e-06 1.77032e-06 1.20517e-06 7.92685e-07 5.01328e-07 3.02855e-07 1.73083e-07 9.21896e-08 4.46268e-08 1.87263e-08 6.12426e-09 1.11139e-09 0 
0 5.27397e-08 2.16818e-07 4.94619e-07 8.79439e-07 1.35553e-06 1.89909e-06 2.48004e-06 3.06452e-06 3.61773e-06 4.10689e-06 4.50396e-06 4.78777e-06 4.9455e-06 4.97323e-06 4.87572e-06 4.66527e-06 4.36018e-06 3.98267e-06 3.55677e-06 3.10633e-06 2.65324e-06 2.21617e-06 1.80979e-06 1.44437e-06 1.12592e-06 8.56613e-07 6.35426e-07 4.58931e-07 3.22121e-07 2.19173e-07 1.4407e-07 9.10664e-08 5.49912e-08 3.14193e-08 1.67323e-08 8.09905e-09 3.39839e-09 1.11139e-09 2.01687e-10 0 
0 0 0 0 0 0 0 0 0 0 0 0 0 0 0 0 0 0 0 0 0 0 0 0 0 0 0 0 0 0 0 0 0 0 0 0 0 0 0 0 0 
