0 0 0 0 0 0 0 0 0 0 0 0 0 0 0 0 0 0 0 0 0 0 0 0 0 0 0 0 0 0 0 0 0 0 0 0 0 0 0 0 0 
0 1.31671e-05 5.12065e-05 0.000105724 0.00016096 0.000200967 0.000218301 0.000215583 0.000200547 0.000180859 0.0001618 0.000146194 0.000135174 0.00012898 0.000127488 0.000130475 0.000137676 0.000148708 0.000162888 0.000179032 0.000195299 0.000209204 0.00021791 0.000218809 0.00021028 0.000192331 0.000166803 0.00013695 0.000106492 7.85898e-05 5.51906e-05 3.69554e-05 2.35946e-05 1.432e-05 8.20126e-06 4.3722e-06 2.11724e-06 8.8856e-07 2.90609e-07 5.27389e-08 0 
0 5.12065e-05 0.000184105 0.000327422 0.000394233 0.000360848 0.00027365 0.000185033 0.000118472 7.54429e-05 4.97612e-05 3.51349e-05 2.72206e-05 2.3505e-05 2.27612e-05 2.46426e-05 2.94976e-05 3.83578e-05 5.30084e-05 7.59903e-05 0.000110282 0.000158333 0.000220266 0.000291587 0.00036165 0.000414858 0.000435872 0.000417144 0.00036363 0.00029031 0.000214258 0.000147649 9.57183e-05 5.85294e-05 3.36351e-05 1.79575e-05 8.70106e-06 3.65248e-06 1.19467e-06 2.16811e-07 0 
0 0.000105724 0.000327422 0.000440586 0.000351886 0.000195262 8.56391e-05 3.2858e-05 1.19979e-05 4.499e-06 1.85642e-06 8.94136e-07 5.25869e-07 3.88544e-07 3.64473e-07 4.31072e-07 6.28607e-07 1.09173e-06 2.16336e-06 4.66716e-06 1.04613e-05 2.33361e-05 4.99358e-05 9.95453e-05 0.000180791 0.000293996 0.000421719 0.000526651 0.000567893 0.000529658 0.000433115 0.000317167 0.000212402 0.000131947 7.63647e-05 4.08909e-05 1.98361e-05 8.33031e-06 2.72514e-06 4.94591e-07 0 
0 0.00016096 0.000394233 0.000351886 0.000162026 4.73468e-05 1.02273e-05 1.85159e-06 3.17156e-07 5.79317e-08 1.26197e-08 3.60883e-09 1.45783e-09 8.70982e-10 7.82434e-10 1.04405e-09 1.99283e-09 5.13527e-09 1.66318e-08 6.26108e-08 2.53381e-07 1.02559e-06 3.90399e-06 1.33218e-05 3.94238e-05 9.91989e-05 0.000209887 0.000369991 0.000537146 0.000636251 0.000617865 0.000504302 0.000358655 0.000229509 0.0001346 7.24676e-05 3.52278e-05 1.48054e-05 4.84468e-06 8.79351e-07 0 
0 0.000200967 0.000360848 0.000195262 4.73468e-05 6.4633e-06 5.89016e-07 4.22891e-08 2.84715e-09 2.14255e-10 2.1245e-11 3.1968e-12 8.13043e-13 3.73896e-13 3.18454e-13 4.93049e-13 1.31128e-12 5.49359e-12 3.25859e-11 2.43581e-10 2.04243e-09 1.72466e-08 1.33685e-07 8.84386e-07 4.7466e-06 2.00897e-05 6.64365e-05 0.00017204 0.000349458 0.000552998 0.000676637 0.00064859 0.00050748 0.000341035 0.000204491 0.000111104 5.41972e-05 2.28062e-05 7.46588e-06 1.35531e-06 0 
0 0.000218301 0.00027365 8.56391e-05 1.02273e-05 5.89016e-07 2.00147e-08 4.99294e-10 1.1578e-11 3.16869e-13 1.28027e-14 9.25459e-16 1.38653e-16 4.72528e-17 3.78641e-17 6.94983e-17 2.70215e-16 1.97314e-15 2.33507e-14 3.81657e-13 7.34475e-12 1.43537e-10 2.50761e-09 3.53987e-08 3.75937e-07 2.882e-06 1.57396e-05 6.18066e-05 0.000177968 0.000380538 0.00060217 0.000704068 0.000627112 0.000452302 0.000280336 0.00015442 7.57201e-05 3.1922e-05 1.04566e-05 1.89861e-06 0 
0 0.000215583 0.000185033 3.2858e-05 1.85159e-06 4.22891e-08 4.99294e-10 4.01907e-12 2.9812e-14 2.76494e-16 4.29052e-18 1.75846e-19 4.44911e-20 3.20134e-20 2.98742e-20 3.30606e-20 5.82991e-20 4.05117e-19 9.39023e-18 3.54398e-16 1.65848e-14 7.94857e-13 3.31149e-11 1.05254e-09 2.32521e-08 3.37776e-07 3.1634e-06 1.93147e-05 7.94285e-05 0.000228009 0.000464753 0.00067094 0.000695621 0.000548771 0.000355429 0.000199477 9.85139e-05 4.16361e-05 1.36501e-05 2.47913e-06 0 
0 0.000200547 0.000118472 1.19979e-05 3.17156e-07 2.84715e-09 1.1578e-11 2.9812e-14 7.0079e-17 2.28109e-19 5.50091e-21 1.54681e-21 1.09436e-21 1.16184e-21 1.15736e-21 1.03522e-21 9.88794e-22 1.74165e-21 7.55477e-21 3.04561e-19 3.4178e-17 4.04596e-15 4.04528e-13 2.9129e-11 1.34726e-09 3.73522e-08 6.04491e-07 5.77316e-06 3.38782e-05 0.000128977 0.000332359 0.000586407 0.000711229 0.000620512 0.000423487 0.000243183 0.000121167 5.13707e-05 1.68591e-05 3.06296e-06 0 
0 0.000180859 7.54429e-05 4.499e-06 5.79317e-08 2.14255e-10 3.16869e-13 2.76494e-16 2.28109e-19 1.27934e-21 1.71193e-22 1.14606e-22 1.12713e-22 1.3217e-22 1.34457e-22 1.13705e-22 9.18606e-23 9.63265e-23 1.27786e-22 9.53847e-22 9.65659e-20 2.62714e-17 6.02912e-15 9.42977e-13 8.79238e-11 4.50463e-09 1.22742e-07 1.79719e-06 1.47966e-05 7.32798e-05 0.000232907 0.000490777 0.000688951 0.000665135 0.000480041 0.000282744 0.000142291 6.05408e-05 1.9892e-05 3.61533e-06 0 
0 0.0001618 4.97612e-05 1.85642e-06 1.26197e-08 2.1245e-11 1.28027e-14 4.29052e-18 5.50091e-21 1.71193e-22 2.93004e-23 1.9571e-23 2.0833e-23 2.45371e-23 2.50013e-23 2.1051e-23 1.60856e-23 1.30109e-23 1.16489e-23 3.63765e-23 9.82151e-22 2.98674e-19 1.42129e-16 4.42451e-14 7.68335e-12 6.78881e-10 2.93936e-08 6.29868e-07 7.01596e-06 4.38509e-05 0.00016689 0.000407939 0.000648941 0.000686908 0.000523139 0.000316028 0.000160663 6.86067e-05 2.25694e-05 4.10353e-06 0 
0 0.000146194 3.51349e-05 8.94136e-07 3.60883e-09 3.1968e-12 9.25459e-16 1.75846e-19 1.54681e-21 1.14606e-22 1.9571e-23 7.03794e-24 5.41809e-24 5.75889e-24 5.73875e-24 4.84297e-24 3.63234e-24 2.68602e-24 2.51828e-24 7.90065e-24 9.88383e-23 9.24163e-21 6.62433e-18 3.61638e-15 1.04291e-12 1.43729e-10 9.08222e-09 2.65742e-07 3.7922e-06 2.86697e-05 0.000126106 0.000346177 0.000607476 0.000693391 0.000553065 0.000341717 0.000175328 7.51189e-05 2.47392e-05 4.49962e-06 0 
0 0.000135174 2.72206e-05 5.25869e-07 1.45783e-09 8.13043e-13 1.38653e-16 4.44911e-20 1.09436e-21 1.12713e-22 2.08331e-23 5.4181e-24 2.29784e-24 1.70038e-24 1.51683e-24 1.25598e-24 9.44833e-25 7.42739e-25 1.02036e-24 3.99907e-24 3.67791e-23 1.38289e-21 7.27071e-19 5.92336e-16 2.462e-13 4.67381e-11 3.87842e-09 1.42077e-07 2.42505e-06 2.10363e-05 0.000102629 0.000305612 0.000574342 0.000692103 0.000571434 0.000359233 0.000185648 7.97503e-05 2.62877e-05 4.78261e-06 0 
0 0.00012898 2.3505e-05 3.88544e-07 8.70982e-10 3.73896e-13 4.72528e-17 3.20134e-20 1.16184e-21 1.3217e-22 2.45371e-23 5.75889e-24 1.70038e-24 7.41752e-25 4.83919e-25 3.64647e-25 2.84379e-25 2.96948e-25 6.86566e-25 3.13906e-24 2.57648e-23 6.49937e-22 2.10129e-19 2.12166e-16 1.08458e-13 2.46804e-11 2.38954e-09 9.94165e-08 1.87814e-06 1.76123e-05 9.10895e-05 0.000283819 0.000554093 0.000688594 0.00058016 0.000368535 0.000191297 8.23114e-05 2.7147e-05 4.93981e-06 0 
0 0.000127488 2.27612e-05 3.64473e-07 7.82434e-10 3.18454e-13 3.78641e-17 2.98742e-20 1.15736e-21 1.34457e-22 2.50013e-23 5.73876e-24 1.51684e-24 4.83919e-25 2.11537e-25 1.2951e-25 1.11882e-25 1.84532e-25 6.02294e-25 2.93324e-24 2.3668e-23 5.57954e-22 1.62758e-19 1.71348e-16 9.13875e-14 2.15832e-11 2.15684e-09 9.2108e-08 1.77657e-06 1.69255e-05 8.85695e-05 0.000278488 0.000548047 0.00068585 0.000580714 0.000369888 0.000192233 8.27529e-05 2.72971e-05 4.96741e-06 0 
0 0.000130475 2.46426e-05 4.31072e-07 1.04405e-09 4.93049e-13 6.94983e-17 3.30606e-20 1.03522e-21 1.13705e-22 2.1051e-23 4.84297e-24 1.25599e-24 3.64647e-25 1.2951e-25 6.80546e-26 7.02323e-26 1.61008e-25 5.98472e-25 3.05381e-24 2.68114e-23 7.94694e-22 3.24688e-19 3.04314e-16 1.44372e-13 3.07762e-11 2.81875e-09 1.12011e-07 2.03957e-06 1.85861e-05 9.40573e-05 0.000288242 0.000555609 0.000684384 0.000573778 0.000363707 0.000188652 8.11556e-05 2.67644e-05 4.87014e-06 0 
0 0.000137676 2.94976e-05 6.28607e-07 1.99283e-09 1.31128e-12 2.70215e-16 5.82991e-20 9.88794e-22 9.18606e-23 1.60856e-23 3.63234e-24 9.44834e-25 2.84379e-25 1.11882e-25 7.02323e-26 8.26187e-26 1.87896e-25 6.97476e-25 3.87694e-24 4.27157e-23 2.31931e-21 1.55817e-18 1.10326e-15 4.02851e-13 6.82817e-11 5.14524e-09 1.74037e-07 2.78635e-06 2.29952e-05 0.000108008 0.000312474 0.00057463 0.000682512 0.00055925 0.000350494 0.000180953 7.7714e-05 2.56153e-05 4.66027e-06 0 
0 0.000148708 3.83578e-05 1.09173e-06 5.13527e-09 5.49359e-12 1.97314e-15 4.05117e-19 1.74165e-21 9.63265e-23 1.30109e-23 2.68602e-24 7.42739e-25 2.96948e-25 1.84532e-25 1.61008e-25 1.87896e-25 3.37746e-25 1.11329e-24 7.36611e-24 1.41639e-22 2.30835e-20 1.57299e-17 7.2868e-15 1.81193e-12 2.19298e-10 1.24057e-08 3.31196e-07 4.3904e-06 3.13358e-05 0.000131916 0.000350431 0.000600911 0.00067666 0.000536506 0.00033087 0.000169706 7.27125e-05 2.39483e-05 4.35595e-06 0 
0 0.000162888 5.30084e-05 2.16336e-06 1.66318e-08 3.25859e-11 2.33507e-14 9.39023e-18 7.55477e-21 1.27786e-22 1.16489e-23 2.51828e-24 1.02036e-24 6.86566e-25 6.02294e-25 5.98471e-25 6.97475e-25 1.11329e-24 3.36991e-24 3.06739e-23 1.78337e-21 6.7361e-19 2.79572e-16 7.61667e-14 1.1722e-11 9.31082e-10 3.67929e-08 7.30624e-07 7.65251e-06 4.55807e-05 0.000167329 0.000399158 0.000627039 0.000661759 0.000504807 0.000305638 0.000155611 6.6499e-05 2.18832e-05 3.97927e-06 0 
0 0.000179032 7.59903e-05 4.66716e-06 6.26108e-08 2.43581e-10 3.81657e-13 3.54398e-16 3.04561e-19 9.53848e-22 3.63765e-23 7.90065e-24 3.99907e-24 3.13906e-24 2.93324e-24 3.05381e-24 3.87694e-24 7.3661e-24 3.06739e-23 7.52343e-22 1.264e-19 3.31982e-17 7.24111e-15 1.07867e-12 9.60099e-11 4.70838e-09 1.23265e-07 1.74325e-06 1.39539e-05 6.76965e-05 0.000212807 0.000449446 0.000640945 0.000631897 0.000463752 0.000275835 0.000139464 5.94549e-05 1.95499e-05 3.55415e-06 0 
0 0.000195299 0.000110282 1.04613e-05 2.53381e-07 2.04243e-09 7.34475e-12 1.65848e-14 3.4178e-17 9.65659e-20 9.82151e-22 9.88382e-23 3.67791e-23 2.57648e-23 2.3668e-23 2.68114e-23 4.27157e-23 1.41639e-22 1.78337e-21 1.264e-19 1.58218e-17 2.06476e-15 2.26248e-13 1.76411e-11 8.68672e-10 2.51606e-08 4.18633e-07 4.07526e-06 2.4377e-05 9.52842e-05 0.000255721 0.000479294 0.000625123 0.000581352 0.000413639 0.000242724 0.000122103 5.19655e-05 1.70783e-05 3.10434e-06 0 
0 0.000209204 0.000158333 2.33361e-05 1.02559e-06 1.72466e-08 1.43537e-10 7.94857e-13 4.04596e-15 2.62714e-17 2.98674e-19 9.24163e-21 1.38289e-21 6.49937e-22 5.57954e-22 7.94693e-22 2.31931e-21 2.30835e-20 6.7361e-19 3.31982e-17 2.06476e-15 1.31346e-13 7.12583e-12 2.84211e-10 7.47195e-09 1.2162e-07 1.21462e-06 7.76316e-06 3.40487e-05 0.000108741 0.00025835 0.00044923 0.000558887 0.000506073 0.000355665 0.000207737 0.00010435 4.43929e-05 1.45884e-05 2.6517e-06 0 
0 0.00021791 0.000220266 4.99358e-05 3.90399e-06 1.33685e-07 2.50761e-09 3.31149e-11 4.04528e-13 6.02912e-15 1.42129e-16 6.62433e-18 7.27071e-19 2.10129e-19 1.62758e-19 3.24688e-19 1.55817e-18 1.57299e-17 2.79572e-16 7.24111e-15 2.26248e-13 7.12583e-12 1.92111e-10 3.84021e-09 5.06615e-08 4.12712e-07 2.12284e-06 7.82372e-06 2.43471e-05 6.92452e-05 0.000170166 0.000321026 0.000428598 0.000405877 0.000292019 0.000172381 8.69614e-05 3.70538e-05 1.21833e-05 2.21495e-06 0 
0 0.000218809 0.000291587 9.95453e-05 1.33218e-05 8.84386e-07 3.53987e-08 1.05254e-09 2.9129e-11 9.42977e-13 4.42451e-14 3.61638e-15 5.92336e-16 2.12166e-16 1.71348e-16 3.04314e-16 1.10326e-15 7.2868e-15 7.61667e-14 1.07867e-12 1.76411e-11 2.84211e-10 3.84021e-09 3.66548e-08 2.06783e-07 6.10523e-07 1.02672e-06 1.46382e-06 2.95356e-06 1.00465e-05 4.16918e-05 0.000132387 0.000251585 0.000288185 0.000226123 0.000138187 7.05904e-05 3.02053e-05 9.94489e-06 1.80875e-06 0 
0 0.00021028 0.00036165 0.000180791 3.94238e-05 4.7466e-06 3.75937e-07 2.32521e-08 1.34726e-09 8.79238e-11 7.68335e-12 1.04291e-12 2.462e-13 1.08458e-13 9.13875e-14 1.44372e-13 4.02851e-13 1.81193e-12 1.1722e-11 9.60099e-11 8.68672e-10 7.47195e-09 5.06615e-08 2.06783e-07 3.49147e-07 1.74802e-07 3.10003e-08 6.03744e-09 6.13814e-09 5.35127e-08 1.28703e-06 1.93813e-05 9.52075e-05 0.000172313 0.000163093 0.000106715 5.57725e-05 2.40372e-05 7.93133e-06 1.44345e-06 0 
0 0.000192331 0.000414858 0.000293996 9.91989e-05 2.00897e-05 2.882e-06 3.37776e-07 3.73522e-08 4.50463e-09 6.78881e-10 1.43729e-10 4.67381e-11 2.46804e-11 2.15832e-11 3.07762e-11 6.82817e-11 2.19298e-10 9.31082e-10 4.70838e-09 2.51606e-08 1.2162e-07 4.12712e-07 6.10523e-07 1.74802e-07 4.06332e-09 9.89906e-12 3.23179e-14 8.78651e-15 1.0398e-12 1.37031e-09 5.95889e-07 2.00248e-05 8.44123e-05 0.000109397 7.94769e-05 4.2906e-05 1.86701e-05 6.17739e-06 1.12512e-06 0 
0 0.000166803 0.000435872 0.000421719 0.000209887 6.64365e-05 1.57396e-05 3.1634e-06 6.04491e-07 1.22742e-07 2.93936e-08 9.08222e-09 3.87842e-09 2.38954e-09 2.15684e-09 2.81875e-09 5.14524e-09 1.24057e-08 3.67929e-08 1.23265e-07 4.18633e-07 1.21462e-06 2.12284e-06 1.02672e-06 3.10003e-08 9.89906e-12 4.03062e-16 2.21184e-15 1.55694e-15 1.18994e-14 6.49214e-14 4.78503e-09 2.69266e-06 3.6323e-05 7.01382e-05 5.75955e-05 3.22112e-05 1.4155e-05 4.6961e-06 8.55949e-07 0 
0 0.00013695 0.000417144 0.000526651 0.000369991 0.00017204 6.18066e-05 1.93147e-05 5.77316e-06 1.79719e-06 6.29868e-07 2.65742e-07 1.42077e-07 9.94165e-08 9.2108e-08 1.12011e-07 1.74037e-07 3.31196e-07 7.30624e-07 1.74325e-06 4.07526e-06 7.76316e-06 7.82372e-06 1.46382e-06 6.03744e-09 3.23179e-14 2.21184e-15 7.22648e-16 8.67847e-16 3.28192e-15 3.94821e-14 6.10535e-11 4.5562e-07 1.70509e-05 4.57578e-05 4.12881e-05 2.3684e-05 1.0477e-05 3.48187e-06 6.34915e-07 0 
0 0.000106492 0.00036363 0.000567893 0.000537146 0.000349458 0.000177968 7.94285e-05 3.38782e-05 1.47966e-05 7.01596e-06 3.7922e-06 2.42505e-06 1.87814e-06 1.77657e-06 2.03957e-06 2.78635e-06 4.3904e-06 7.65251e-06 1.39539e-05 2.4377e-05 3.40487e-05 2.43471e-05 2.95356e-06 6.13814e-09 8.78651e-15 1.55694e-15 8.67847e-16 2.50581e-15 1.09722e-14 1.69801e-13 1.63792e-11 2.37428e-07 1.13009e-05 3.2456e-05 2.97321e-05 1.71012e-05 7.56747e-06 2.51489e-06 4.58576e-07 0 
0 7.85898e-05 0.00029031 0.000529658 0.000636251 0.000552998 0.000380538 0.000228009 0.000128977 7.32798e-05 4.38509e-05 2.86697e-05 2.10363e-05 1.76123e-05 1.69255e-05 1.85861e-05 2.29952e-05 3.13358e-05 4.55807e-05 6.76965e-05 9.52842e-05 0.000108741 6.92452e-05 1.00465e-05 5.35127e-08 1.0398e-12 1.18994e-14 3.28191e-15 1.09722e-14 2.01079e-15 1.38376e-15 2.16084e-10 4.96249e-07 1.13479e-05 2.54105e-05 2.15466e-05 1.21128e-05 5.32481e-06 1.76628e-06 3.21901e-07 0 
0 5.51906e-05 0.000214258 0.000433115 0.000617865 0.000676637 0.00060217 0.000464753 0.000332359 0.000232907 0.00016689 0.000126106 0.000102629 9.10895e-05 8.85695e-05 9.40573e-05 0.000108008 0.000131916 0.000167329 0.000212807 0.000255721 0.00025835 0.000170166 4.16918e-05 1.28703e-06 1.37031e-09 6.49214e-14 3.94821e-14 1.69801e-13 1.38376e-15 4.27196e-12 1.85255e-08 2.13034e-06 1.42099e-05 2.08203e-05 1.54741e-05 8.36804e-06 3.63803e-06 1.203e-06 2.19053e-07 0 
0 3.69554e-05 0.000147649 0.000317167 0.000504302 0.00064859 0.000704068 0.00067094 0.000586407 0.000490777 0.000407939 0.000346177 0.000305612 0.000283819 0.000278488 0.000288242 0.000312474 0.000350431 0.000399158 0.000449446 0.000479294 0.00044923 0.000321026 0.000132387 1.93813e-05 5.95889e-07 4.78503e-09 6.10535e-11 1.63792e-11 2.16084e-10 1.85255e-08 8.59735e-07 7.63606e-06 1.68332e-05 1.65046e-05 1.0762e-05 5.5914e-06 2.4023e-06 7.91663e-07 1.44012e-07 0 
0 2.35946e-05 9.57183e-05 0.000212402 0.000358655 0.00050748 0.000627112 0.000695621 0.000711229 0.000688951 0.000648941 0.000607476 0.000574342 0.000554093 0.000548047 0.000555609 0.00057463 0.000600911 0.000627039 0.000640945 0.000625123 0.000558887 0.000428598 0.000251585 9.52075e-05 2.00248e-05 2.69266e-06 4.5562e-07 2.37428e-07 4.96249e-07 2.13034e-06 7.63606e-06 1.48019e-05 1.61269e-05 1.201e-05 7.11455e-06 3.5828e-06 1.52446e-06 5.00909e-07 9.10419e-08 0 
0 1.432e-05 5.85294e-05 0.000131947 0.000229509 0.000341035 0.000452302 0.000548771 0.000620512 0.000665135 0.000686908 0.000693391 0.000692103 0.000688594 0.00068585 0.000684384 0.000682512 0.00067666 0.000661759 0.000631897 0.000581352 0.000506073 0.000405877 0.000288185 0.000172313 8.44123e-05 3.6323e-05 1.70509e-05 1.13009e-05 1.13479e-05 1.42099e-05 1.68332e-05 1.61269e-05 1.23347e-05 7.90438e-06 4.42378e-06 2.18397e-06 9.23181e-07 3.02705e-07 5.49822e-08 0 
0 8.20126e-06 3.36351e-05 7.63647e-05 0.0001346 0.000204491 0.000280336 0.000355429 0.000423487 0.000480041 0.000523139 0.000553065 0.000571434 0.00058016 0.000580714 0.000573778 0.00055925 0.000536506 0.000504807 0.000463752 0.000413639 0.000355665 0.000292019 0.000226123 0.000163093 0.000109397 7.01382e-05 4.57578e-05 3.2456e-05 2.54105e-05 2.08203e-05 1.65046e-05 1.201e-05 7.90438e-06 4.72448e-06 2.5694e-06 1.25484e-06 5.28403e-07 1.73036e-07 3.14163e-08 0 
0 4.3722e-06 1.79575e-05 4.08909e-05 7.24676e-05 0.000111104 0.00015442 0.000199477 0.000243183 0.000282744 0.000316028 0.000341717 0.000359233 0.000368535 0.000369888 0.000363707 0.000350494 0.00033087 0.000305638 0.000275835 0.000242724 0.000207737 0.000172381 0.000138187 0.000106715 7.94769e-05 5.75955e-05 4.12881e-05 2.97321e-05 2.15466e-05 1.54741e-05 1.0762e-05 7.11455e-06 4.42378e-06 2.5694e-06 1.37958e-06 6.70256e-07 2.81683e-07 9.21771e-08 1.67315e-08 0 
0 2.11724e-06 8.70106e-06 1.98361e-05 3.52278e-05 5.41972e-05 7.57201e-05 9.85139e-05 0.000121167 0.000142291 0.000160663 0.000175328 0.000185648 0.000191297 0.000192233 0.000188652 0.000180953 0.000169706 0.000155611 0.000139464 0.000122103 0.00010435 8.69614e-05 7.05904e-05 5.57725e-05 4.2906e-05 3.22112e-05 2.3684e-05 1.71012e-05 1.21128e-05 8.36804e-06 5.5914e-06 3.5828e-06 2.18397e-06 1.25484e-06 6.70256e-07 3.24894e-07 1.36414e-07 4.46239e-08 8.09886e-09 0 
0 8.8856e-07 3.65248e-06 8.33031e-06 1.48054e-05 2.28062e-05 3.1922e-05 4.16361e-05 5.13707e-05 6.05408e-05 6.86067e-05 7.51189e-05 7.97503e-05 8.23114e-05 8.27529e-05 8.11556e-05 7.7714e-05 7.27125e-05 6.6499e-05 5.94549e-05 5.19655e-05 4.43929e-05 3.70538e-05 3.02053e-05 2.40372e-05 1.86701e-05 1.4155e-05 1.0477e-05 7.56747e-06 5.32481e-06 3.63803e-06 2.4023e-06 1.52446e-06 9.23181e-07 5.28403e-07 2.81683e-07 1.36414e-07 5.72534e-08 1.87258e-08 3.39836e-09 0 
0 2.90609e-07 1.19467e-06 2.72514e-06 4.84468e-06 7.46588e-06 1.04566e-05 1.36501e-05 1.68591e-05 1.9892e-05 2.25694e-05 2.47392e-05 2.62877e-05 2.7147e-05 2.72971e-05 2.67644e-05 2.56153e-05 2.39483e-05 2.18832e-05 1.95499e-05 1.70783e-05 1.45884e-05 1.21833e-05 9.94489e-06 7.93133e-06 6.17739e-06 4.6961e-06 3.48187e-06 2.51489e-06 1.76628e-06 1.203e-06 7.91663e-07 5.00909e-07 3.02705e-07 1.73036e-07 9.21771e-08 4.46239e-08 1.87258e-08 6.12418e-09 1.11139e-09 0 
0 5.27389e-08 2.16811e-07 4.94591e-07 8.79351e-07 1.35531e-06 1.89861e-06 2.47913e-06 3.06296e-06 3.61533e-06 4.10353e-06 4.49962e-06 4.78261e-06 4.93981e-06 4.96741e-06 4.87014e-06 4.66027e-06 4.35595e-06 3.97927e-06 3.55415e-06 3.10434e-06 2.6517e-06 2.21495e-06 1.80875e-06 1.44345e-06 1.12512e-06 8.55949e-07 6.34915e-07 4.58576e-07 3.21901e-07 2.19053e-07 1.44012e-07 9.10419e-08 5.49822e-08 3.14163e-08 1.67315e-08 8.09886e-09 3.39836e-09 1.11139e-09 2.01686e-10 0 
0 0 0 0 0 0 0 0 0 0 0 0 0 0 0 0 0 0 0 0 0 0 0 0 0 0 0 0 0 0 0 0 0 0 0 0 0 0 0 0 0 
