0 0 0 0 0 0 0 0 0 0 0 0 0 0 0 0 0 0 0 0 0 0 0 0 0 0 0 0 0 0 0 0 0 0 0 0 0 0 0 0 0 
0 1.34213e-05 5.33754e-05 0.000114476 0.000184002 0.000245284 0.000285438 0.000301005 0.000296923 0.000281533 0.000262402 0.000244677 0.000231201 0.000223228 0.000221097 0.000224642 0.000233334 0.000246237 0.00026185 0.000277956 0.000291612 0.000299429 0.000298196 0.000285779 0.000261952 0.000228742 0.000189975 0.000150153 0.000113192 8.16115e-05 5.64029e-05 3.7389e-05 2.37333e-05 1.43597e-05 8.2114e-06 4.37449e-06 2.11769e-06 8.88635e-07 2.90619e-07 5.27395e-08 0 
0 5.33754e-05 0.000202447 0.000395237 0.000542201 0.000575846 0.000505005 0.000388995 0.000278864 0.000195587 0.000139801 0.000105137 8.51418e-05 7.53292e-05 7.3245e-05 7.80968e-05 9.04678e-05 0.000112165 0.000146042 0.00019548 0.000263112 0.000348478 0.000445009 0.000538002 0.000606435 0.000630325 0.000600776 0.000525432 0.000424291 0.000319352 0.000226232 0.000151947 9.70746e-05 5.89085e-05 3.37292e-05 1.79781e-05 8.70499e-06 3.6531e-06 1.19474e-06 2.16816e-07 0 
0 0.000114476 0.000395237 0.000639518 0.000646026 0.000454814 0.000247891 0.000115926 5.08458e-05 2.25452e-05 1.07687e-05 5.83771e-06 3.73561e-06 2.8924e-06 2.73538e-06 3.14246e-06 4.30456e-06 6.82938e-06 1.2104e-05 2.30321e-05 4.52126e-05 8.81835e-05 0.000165226 0.000288721 0.000458459 0.000646823 0.000797197 0.000851904 0.000793411 0.000654756 0.000489455 0.000338257 0.000219126 0.000133809 7.6817e-05 4.09875e-05 1.9854e-05 8.33307e-06 2.72546e-06 4.94611e-07 0 
0 0.000184002 0.000542201 0.000646026 0.000411855 0.000164558 4.81019e-05 1.17668e-05 2.7083e-06 6.5286e-07 1.81628e-07 6.33339e-08 2.94803e-08 1.90577e-08 1.73614e-08 2.20707e-08 3.79406e-08 8.40096e-08 2.25588e-07 6.87747e-07 2.22877e-06 7.22408e-06 2.2225e-05 6.22143e-05 0.000153321 0.00032383 0.000572327 0.000829719 0.000978813 0.000951392 0.000786247 0.000573903 0.000381884 0.000236013 0.000136167 7.2796e-05 3.52871e-05 1.48144e-05 4.8457e-06 8.79414e-07 0 
0 0.000245284 0.000575846 0.000454814 0.000164558 3.37331e-05 4.71122e-06 5.2701e-07 5.5166e-08 6.28974e-09 8.99542e-10 1.82149e-10 5.72834e-11 2.96501e-11 2.57946e-11 3.71485e-11 8.4476e-11 2.82033e-10 1.26333e-09 6.87991e-09 4.12775e-08 2.49095e-07 1.39869e-06 6.87437e-06 2.83127e-05 9.49543e-05 0.000254114 0.000532284 0.000856787 0.00105563 0.00102142 0.000816418 0.000568737 0.000358848 0.000208815 0.000112002 5.43567e-05 2.28297e-05 7.4685e-06 1.35547e-06 0 
0 0.000285438 0.000505005 0.000247891 4.81019e-05 4.71122e-06 2.8599e-07 1.31223e-08 5.58513e-10 2.70692e-11 1.81037e-12 1.97063e-13 3.96052e-14 1.59036e-14 1.3125e-14 2.17923e-14 6.81931e-14 3.63796e-13 2.92275e-12 3.08752e-11 3.74415e-10 4.59653e-09 5.12903e-08 4.77978e-07 3.50608e-06 1.95476e-05 8.14967e-05 0.000251924 0.000570457 0.000933396 0.00111228 0.00101236 0.000755599 0.000492237 0.000290267 0.000156484 7.60832e-05 3.19747e-05 1.04624e-05 1.89896e-06 0 
0 0.000301005 0.000388995 0.000115926 1.17668e-05 5.2701e-07 1.31223e-08 2.31667e-10 3.75908e-12 7.28793e-14 2.16005e-15 1.20975e-16 1.50568e-17 4.61168e-18 3.59792e-18 6.94723e-18 3.0569e-17 2.69259e-16 4.04218e-15 8.67851e-14 2.23596e-12 5.8754e-11 1.36917e-09 2.53424e-08 3.44802e-07 3.29688e-06 2.17877e-05 9.96807e-05 0.000316927 0.000695574 0.00104864 0.00112089 0.000916657 0.000624056 0.000374926 0.000203575 9.9232e-05 4.17393e-05 1.36612e-05 2.47978e-06 0 
0 0.000296923 0.000278864 5.08458e-05 2.7083e-06 5.5166e-08 5.58513e-10 3.75908e-12 2.30506e-14 1.77336e-16 2.31514e-18 6.86722e-20 6.60909e-21 2.20957e-21 1.78897e-21 3.07987e-21 1.38124e-20 1.79926e-19 5.01422e-18 2.20044e-16 1.21232e-14 6.86543e-13 3.36518e-11 1.2462e-09 3.16706e-08 5.22151e-07 5.47419e-06 3.67766e-05 0.000161438 0.000467868 0.000891818 0.00113512 0.00103324 0.000742676 0.000456844 0.000250332 0.000122422 5.15501e-05 1.68782e-05 3.06407e-06 0 
0 0.000281533 0.000195587 2.25452e-05 6.5286e-07 6.28974e-09 2.70692e-11 7.28793e-14 1.77336e-16 5.68444e-19 3.79318e-21 1.30242e-22 2.37368e-23 1.11843e-23 9.57741e-24 1.35052e-23 3.695e-23 2.72898e-22 8.81288e-21 7.30319e-19 8.27342e-17 9.71569e-15 9.65287e-13 6.91245e-11 3.18404e-09 8.82059e-08 1.43417e-06 1.38327e-05 8.16558e-05 0.000303611 0.000716596 0.00108067 0.00110027 0.000839733 0.000530636 0.000293861 0.000144255 6.08208e-05 1.99217e-05 3.61704e-06 0 
0 0.000262402 0.000139801 1.07687e-05 1.81628e-07 8.99542e-10 1.81037e-12 2.16005e-15 2.31514e-18 3.79318e-21 2.67448e-23 1.36558e-24 3.81484e-25 2.35333e-25 2.10824e-25 2.52911e-25 4.69846e-25 2.14497e-24 4.57965e-23 4.65406e-21 9.67011e-19 2.16947e-16 4.03779e-14 5.19614e-12 4.0623e-10 1.78638e-08 4.29378e-07 5.70898e-06 4.36714e-05 0.000200853 0.00056824 0.000995205 0.00112568 0.000911738 0.000592251 0.000331625 0.000163443 6.90029e-05 2.26114e-05 4.10592e-06 0 
0 0.000244677 0.000105137 5.83771e-06 6.33339e-08 1.82149e-10 1.97063e-13 1.20975e-16 6.86722e-20 1.30242e-22 1.36559e-24 6.18731e-26 1.57205e-26 1.09129e-26 1.00425e-26 1.07991e-26 1.60548e-26 6.2862e-26 1.19183e-24 9.49435e-23 2.55123e-20 9.59874e-18 2.98336e-15 6.19834e-13 7.46837e-11 4.79358e-09 1.58698e-07 2.74402e-06 2.59113e-05 0.000141206 0.00046069 0.000909729 0.00112435 0.000959736 0.000639316 0.000361672 0.000178918 7.56313e-05 2.47934e-05 4.5027e-06 0 
0 0.000231201 8.51418e-05 3.73561e-06 2.94803e-08 5.72834e-11 3.96052e-14 1.50568e-17 6.6091e-21 2.37369e-23 3.81487e-25 1.57206e-26 1.7142e-27 8.03536e-28 7.09916e-28 7.23244e-28 1.15065e-27 7.01822e-27 1.50945e-25 9.113e-24 1.95293e-21 1.00214e-18 4.50789e-16 1.32377e-13 2.18036e-11 1.83965e-09 7.67864e-08 1.60582e-06 1.7652e-05 0.000108577 0.000391651 0.0008423 0.00111125 0.000987479 0.000670982 0.000382727 0.000189909 8.03597e-05 2.63521e-05 4.78626e-06 0 
0 0.000223228 7.53292e-05 2.8924e-06 1.90577e-08 2.96501e-11 1.59036e-14 4.61168e-18 2.20958e-21 1.11843e-23 2.35335e-25 1.0913e-26 8.03545e-28 1.20471e-28 6.49618e-29 7.17991e-29 2.4649e-28 2.78912e-27 6.0733e-26 2.99643e-24 4.90527e-22 2.75542e-19 1.52691e-16 5.45907e-14 1.07428e-11 1.05924e-09 5.0458e-08 1.17616e-06 1.40983e-05 9.28786e-05 0.000354543 0.000800487 0.00109735 0.000999241 0.000687438 0.000394176 0.000195974 8.29815e-05 2.72177e-05 4.94382e-06 0 
0 0.000221097 7.3245e-05 2.73538e-06 1.73614e-08 2.57946e-11 1.3125e-14 3.59792e-18 1.78898e-21 9.57745e-24 2.10825e-25 1.00426e-26 7.09925e-28 6.49626e-29 1.28556e-29 2.12692e-29 1.70819e-28 2.29698e-27 4.98296e-26 2.36154e-24 3.65808e-22 2.06969e-19 1.19807e-16 4.46615e-14 9.12943e-12 9.308e-10 4.56216e-08 1.08866e-06 1.32966e-05 8.89236e-05 0.000343855 0.00078573 0.00108835 0.000998172 0.000689372 0.000395973 0.000197001 8.3437e-05 2.73694e-05 4.97151e-06 0 
0 0.000224642 7.80968e-05 3.14246e-06 2.20707e-08 3.71485e-11 2.17923e-14 6.94723e-18 3.07987e-21 1.35053e-23 2.52913e-25 1.07992e-26 7.23252e-28 7.17996e-29 2.1269e-29 3.61264e-29 2.3774e-28 3.14932e-27 7.40571e-26 4.04201e-24 7.44824e-22 4.11774e-19 2.1241e-16 7.10162e-14 1.31618e-11 1.23199e-09 5.61726e-08 1.26332e-06 1.47196e-05 9.48858e-05 0.000356457 0.000796164 0.0010849 0.000985517 0.000677595 0.000388534 0.000193187 8.18067e-05 2.68332e-05 4.87405e-06 0 
0 0.000233334 9.04678e-05 4.30456e-06 3.79406e-08 8.4476e-11 6.81931e-14 3.0569e-17 1.38125e-20 3.69501e-23 4.69849e-25 1.60549e-26 1.15066e-27 2.46488e-28 1.70817e-28 2.37738e-28 8.27232e-28 8.78596e-27 2.3379e-25 1.69428e-23 4.2385e-21 1.98743e-18 7.8846e-16 2.06108e-13 3.05953e-11 2.35891e-09 9.12658e-08 1.79395e-06 1.87778e-05 0.000111292 0.000390987 0.000827236 0.00108313 0.000960627 0.000652917 0.000372653 0.000184987 7.82932e-05 2.56767e-05 4.66376e-06 0 
0 0.000246237 0.000112165 6.82938e-06 8.40096e-08 2.82033e-10 3.63796e-13 2.69259e-16 1.79926e-19 2.72898e-22 2.14497e-24 6.28621e-26 7.01819e-27 2.78909e-27 2.29696e-27 3.14929e-27 8.78592e-27 7.4798e-26 2.24966e-24 2.30967e-22 6.21228e-20 2.02546e-17 5.44925e-15 9.90982e-13 1.06004e-10 6.13655e-09 1.86247e-07 2.99998e-06 2.67983e-05 0.00014022 0.00044582 0.000870439 0.00107528 0.000921535 0.000616245 0.000349445 0.000173071 7.31959e-05 2.39997e-05 4.35889e-06 0 
0 0.00026185 0.000146042 1.2104e-05 2.25588e-07 1.26333e-09 2.92275e-12 4.04218e-15 5.01422e-18 8.81288e-21 4.57965e-23 1.19182e-24 1.50944e-25 6.07326e-26 4.98293e-26 7.40567e-26 2.33789e-25 2.24966e-24 8.43381e-23 9.84453e-21 1.84698e-18 3.6641e-16 6.06201e-14 6.99649e-12 4.96059e-10 2.00301e-08 4.47866e-07 5.6141e-06 4.10694e-05 0.000183625 0.000514951 0.000910818 0.00105038 0.000865871 0.000568773 0.000320293 0.000158254 6.68792e-05 2.19237e-05 3.9816e-06 0 
0 0.000277956 0.00019548 2.30321e-05 6.87747e-07 6.87991e-09 3.08752e-11 8.67851e-14 2.20044e-16 7.30319e-19 4.65406e-21 9.49435e-23 9.11298e-24 2.99642e-24 2.36153e-24 4.042e-24 1.69428e-23 2.30967e-22 9.84453e-21 8.02773e-19 8.68034e-17 9.73251e-15 9.24739e-13 6.34512e-11 2.80604e-09 7.48047e-08 1.17458e-06 1.10106e-05 6.39179e-05 0.000238494 0.00058078 0.000924449 0.000995715 0.000791814 0.000512131 0.000286767 0.000141432 5.97389e-05 1.95804e-05 3.55591e-06 0 
0 0.000291612 0.000263112 4.52126e-05 2.22877e-06 4.12775e-08 3.74415e-10 2.23596e-12 1.21232e-14 8.27342e-17 9.67011e-19 2.55123e-20 1.95293e-21 4.90527e-22 3.65808e-22 7.44823e-22 4.2385e-21 6.21228e-20 1.84698e-18 8.68034e-17 5.14828e-15 3.13727e-13 1.64466e-11 6.4395e-10 1.70338e-08 2.87406e-07 3.04415e-06 2.06216e-05 9.27234e-05 0.000285394 0.000604812 0.000878238 0.000898837 0.000698759 0.000448375 0.00025053 0.000123512 5.217e-05 1.71004e-05 3.10562e-06 0 
0 0.000299429 0.000348478 8.81835e-05 7.22408e-06 2.49095e-07 4.59653e-09 5.8754e-11 6.86543e-13 9.71569e-15 2.16947e-16 9.59874e-18 1.00214e-18 2.75542e-19 2.06969e-19 4.11774e-19 1.98743e-18 2.02546e-17 3.6641e-16 9.73251e-15 3.13727e-13 1.02707e-11 2.92301e-10 6.37652e-09 9.73755e-08 9.9067e-07 6.69528e-06 3.1255e-05 0.000106523 0.00027401 0.000527024 0.000736682 0.000750408 0.000587568 0.000379839 0.000213207 0.000105346 4.45386e-05 1.46042e-05 2.65264e-06 0 
0 0.000298196 0.000445009 0.000165226 2.2225e-05 1.39869e-06 5.12903e-08 1.36917e-09 3.36518e-11 9.65287e-13 4.03779e-14 2.98336e-15 4.50789e-16 1.52691e-16 1.19807e-16 2.1241e-16 7.8846e-16 5.44925e-15 6.06201e-14 9.24739e-13 1.64466e-11 2.92301e-10 4.51474e-09 5.36781e-08 4.46195e-07 2.46252e-06 9.25346e-06 2.65022e-05 6.65095e-05 0.00015488 0.000312901 0.000487617 0.000550027 0.000461023 0.000309021 0.000176309 8.7684e-05 3.71604e-05 1.2195e-05 2.21563e-06 0 
0 0.000285779 0.000538002 0.000288721 6.22143e-05 6.87437e-06 4.77978e-07 2.53424e-08 1.2462e-09 6.91245e-11 5.19614e-12 6.19834e-13 1.32377e-13 5.45907e-14 4.46615e-14 7.10162e-14 2.06108e-13 9.90982e-13 6.99649e-12 6.34512e-11 6.4395e-10 6.37652e-09 5.36781e-08 3.32266e-07 1.3042e-06 2.94764e-06 4.16467e-06 5.21393e-06 8.98126e-06 2.45496e-05 7.96746e-05 0.00020216 0.000321646 0.000326241 0.000238851 0.000141216 7.11515e-05 3.02879e-05 9.9539e-06 1.80928e-06 0 
0 0.000261952 0.000606435 0.000458459 0.000153321 2.83127e-05 3.50608e-06 3.44802e-07 3.16706e-08 3.18404e-09 4.0623e-10 7.46837e-11 2.18036e-11 1.07428e-11 9.12943e-12 1.31618e-11 3.05953e-11 1.06004e-10 4.96059e-10 2.80604e-09 1.70338e-08 9.73755e-08 4.46195e-07 1.3042e-06 1.77572e-06 8.56061e-07 1.7244e-07 3.8827e-08 3.72804e-08 2.30572e-07 3.46487e-06 3.46645e-05 0.000129308 0.000199177 0.000173404 0.000109255 5.62422e-05 2.41054e-05 7.93867e-06 1.44388e-06 0 
0 0.000228742 0.000630325 0.000646823 0.00032383 9.49543e-05 1.95476e-05 3.29688e-06 5.22151e-07 8.82059e-08 1.78638e-08 4.79358e-09 1.83965e-09 1.05924e-09 9.308e-10 1.23199e-09 2.35891e-09 6.13655e-09 2.00301e-08 7.48047e-08 2.87406e-07 9.9067e-07 2.46252e-06 2.94764e-06 8.56061e-07 2.88595e-08 1.41527e-10 1.05242e-12 3.60837e-13 1.72619e-11 8.33257e-09 1.56332e-06 3.14262e-05 0.000102337 0.000118002 8.16994e-05 4.33135e-05 1.8728e-05 6.18349e-06 1.12547e-06 0 
0 0.000189975 0.000600776 0.000797197 0.000572327 0.000254114 8.14967e-05 2.17877e-05 5.47419e-06 1.43417e-06 4.29378e-07 1.58698e-07 7.67864e-08 5.0458e-08 4.56216e-08 5.61726e-08 9.12658e-08 1.86247e-07 4.47866e-07 1.17458e-06 3.04415e-06 6.69528e-06 9.25346e-06 4.16467e-06 1.7244e-07 1.41527e-10 2.85355e-15 1.03809e-15 2.83598e-15 4.93904e-17 1.37458e-12 2.24087e-08 5.22234e-06 4.70065e-05 7.70511e-05 5.94906e-05 3.2556e-05 1.4203e-05 4.70104e-06 8.56224e-07 0 
0 0.000150153 0.000525432 0.000851904 0.000829719 0.000532284 0.000251924 9.96807e-05 3.67766e-05 1.38327e-05 5.70898e-06 2.74402e-06 1.60582e-06 1.17616e-06 1.08866e-06 1.26332e-06 1.79395e-06 2.99998e-06 5.6141e-06 1.10106e-05 2.06216e-05 3.1255e-05 2.65022e-05 5.21393e-06 3.8827e-08 1.05242e-12 1.03809e-15 7.56962e-17 1.30056e-16 2.2973e-17 4.2338e-16 4.90715e-10 1.06679e-06 2.32965e-05 5.09625e-05 4.2782e-05 2.39538e-05 1.05139e-05 3.48561e-06 6.3512e-07 0 
0 0.000113192 0.000424291 0.000793411 0.000978813 0.000856787 0.000570457 0.000316927 0.000161438 8.16558e-05 4.36714e-05 2.59113e-05 1.7652e-05 1.40983e-05 1.32966e-05 1.47196e-05 1.87778e-05 2.67983e-05 4.10694e-05 6.39179e-05 9.27234e-05 0.000106523 6.65095e-05 8.98126e-06 3.72804e-08 3.60837e-13 2.83598e-15 1.30056e-16 2.03953e-17 8.1743e-18 1.51692e-16 1.52344e-10 5.7876e-07 1.55638e-05 3.6153e-05 3.07873e-05 1.72894e-05 7.59296e-06 2.51746e-06 4.58716e-07 0 
0 8.16115e-05 0.000319352 0.000654756 0.000951392 0.00105563 0.000933396 0.000695574 0.000467868 0.000303611 0.000200853 0.000141206 0.000108577 9.28786e-05 8.89236e-05 9.48858e-05 0.000111292 0.00014022 0.000183625 0.000238494 0.000285394 0.00027401 0.00015488 2.45496e-05 2.30572e-07 1.72619e-11 4.93903e-17 2.2973e-17 8.17429e-18 6.0904e-17 7.9916e-15 1.32706e-09 1.04455e-06 1.48804e-05 2.78589e-05 2.21998e-05 1.22273e-05 5.34029e-06 1.76784e-06 3.21987e-07 0 
0 5.64029e-05 0.000226232 0.000489455 0.000786247 0.00102142 0.00111228 0.00104864 0.000891818 0.000716596 0.00056824 0.00046069 0.000391651 0.000354543 0.000343855 0.000356457 0.000390987 0.00044582 0.000514951 0.00058078 0.000604812 0.000527024 0.000312901 7.96746e-05 3.46487e-06 8.33257e-09 1.37458e-12 4.2338e-16 1.51693e-16 7.9916e-15 4.30794e-11 6.00013e-08 3.51757e-06 1.71823e-05 2.22537e-05 1.58211e-05 8.42801e-06 3.64621e-06 1.20383e-06 2.19099e-07 0 
0 3.7389e-05 0.000151947 0.000338257 0.000573903 0.000816418 0.00101236 0.00112089 0.00113512 0.00108067 0.000995205 0.000909729 0.0008423 0.000800487 0.00078573 0.000796164 0.000827236 0.000870439 0.000910818 0.000924449 0.000878238 0.000736682 0.000487617 0.00020216 3.46645e-05 1.56332e-06 2.24087e-08 4.90715e-10 1.52344e-10 1.32706e-09 6.00013e-08 1.60161e-06 1.0108e-05 1.88336e-05 1.72014e-05 1.09178e-05 5.61828e-06 2.40604e-06 7.92053e-07 1.44034e-07 0 
0 2.37333e-05 9.70746e-05 0.000219126 0.000381884 0.000568737 0.000755599 0.000916657 0.00103324 0.00110027 0.00112568 0.00112435 0.00111125 0.00109735 0.00108835 0.0010849 0.00108313 0.00107528 0.00105038 0.000995715 0.000898837 0.000750408 0.000550027 0.000321646 0.000129308 3.14262e-05 5.22234e-06 1.06679e-06 5.7876e-07 1.04455e-06 3.51757e-06 1.0108e-05 1.69362e-05 1.70812e-05 1.22829e-05 7.17336e-06 3.59312e-06 1.52594e-06 5.01068e-07 9.10513e-08 0 
0 1.43597e-05 5.89085e-05 0.000133809 0.000236013 0.000358848 0.000492237 0.000624056 0.000742676 0.000839733 0.000911738 0.000959736 0.000987479 0.000999241 0.000998172 0.000985517 0.000960627 0.000921535 0.000865871 0.000791814 0.000698759 0.000587568 0.000461023 0.000326241 0.000199177 0.000102337 4.70065e-05 2.32965e-05 1.55638e-05 1.48804e-05 1.71823e-05 1.88336e-05 1.70812e-05 1.26623e-05 7.99111e-06 4.44256e-06 2.18737e-06 9.23689e-07 3.02762e-07 5.49856e-08 0 
0 8.2114e-06 3.37292e-05 7.6817e-05 0.000136167 0.000208815 0.000290267 0.000374926 0.000456844 0.000530636 0.000592251 0.000639316 0.000670982 0.000687438 0.000689372 0.000677595 0.000652917 0.000616245 0.000568773 0.000512131 0.000448375 0.000379839 0.000309021 0.000238851 0.000173404 0.000118002 7.70511e-05 5.09625e-05 3.6153e-05 2.78589e-05 2.22537e-05 1.72014e-05 1.22829e-05 7.99111e-06 4.74738e-06 2.57452e-06 1.25581e-06 5.28555e-07 1.73054e-07 3.14174e-08 0 
0 4.37449e-06 1.79781e-05 4.09875e-05 7.2796e-05 0.000112002 0.000156484 0.000203575 0.000250332 0.000293861 0.000331625 0.000361672 0.000382727 0.000394176 0.000395973 0.000388534 0.000372653 0.000349445 0.000320293 0.000286767 0.00025053 0.000213207 0.000176309 0.000141216 0.000109255 8.16994e-05 5.94906e-05 4.2782e-05 3.07873e-05 2.21998e-05 1.58211e-05 1.09178e-05 7.17336e-06 4.44256e-06 2.57452e-06 1.38078e-06 6.70494e-07 2.81722e-07 9.21818e-08 1.67318e-08 0 
0 2.11769e-06 8.70499e-06 1.9854e-05 3.52871e-05 5.43567e-05 7.60832e-05 9.9232e-05 0.000122422 0.000144255 0.000163443 0.000178918 0.000189909 0.000195974 0.000197001 0.000193187 0.000184987 0.000173071 0.000158254 0.000141432 0.000123512 0.000105346 8.7684e-05 7.11515e-05 5.62422e-05 4.33135e-05 3.2556e-05 2.39538e-05 1.72894e-05 1.22273e-05 8.42801e-06 5.61828e-06 3.59312e-06 2.18737e-06 1.25581e-06 6.70494e-07 3.24943e-07 1.36422e-07 4.4625e-08 8.09893e-09 0 
0 8.88635e-07 3.6531e-06 8.33307e-06 1.48144e-05 2.28297e-05 3.19747e-05 4.17393e-05 5.15501e-05 6.08208e-05 6.90029e-05 7.56313e-05 8.03597e-05 8.29815e-05 8.3437e-05 8.18067e-05 7.82932e-05 7.31959e-05 6.68792e-05 5.97389e-05 5.217e-05 4.45386e-05 3.71604e-05 3.02879e-05 2.41054e-05 1.8728e-05 1.4203e-05 1.05139e-05 7.59296e-06 5.34029e-06 3.64621e-06 2.40604e-06 1.52594e-06 9.23689e-07 5.28555e-07 2.81722e-07 1.36422e-07 5.72549e-08 1.8726e-08 3.39837e-09 0 
0 2.90619e-07 1.19474e-06 2.72546e-06 4.8457e-06 7.4685e-06 1.04624e-05 1.36612e-05 1.68782e-05 1.99217e-05 2.26114e-05 2.47934e-05 2.63521e-05 2.72177e-05 2.73694e-05 2.68332e-05 2.56767e-05 2.39997e-05 2.19237e-05 1.95804e-05 1.71004e-05 1.46042e-05 1.2195e-05 9.9539e-06 7.93867e-06 6.18349e-06 4.70104e-06 3.48561e-06 2.51746e-06 1.76784e-06 1.20383e-06 7.92053e-07 5.01068e-07 3.02762e-07 1.73054e-07 9.21818e-08 4.4625e-08 1.8726e-08 6.12421e-09 1.11139e-09 0 
0 5.27395e-08 2.16816e-07 4.94611e-07 8.79414e-07 1.35547e-06 1.89896e-06 2.47978e-06 3.06407e-06 3.61704e-06 4.10592e-06 4.5027e-06 4.78626e-06 4.94382e-06 4.97151e-06 4.87405e-06 4.66376e-06 4.35889e-06 3.9816e-06 3.55591e-06 3.10562e-06 2.65264e-06 2.21563e-06 1.80928e-06 1.44388e-06 1.12547e-06 8.56224e-07 6.3512e-07 4.58716e-07 3.21987e-07 2.19099e-07 1.44034e-07 9.10513e-08 5.49856e-08 3.14174e-08 1.67318e-08 8.09893e-09 3.39837e-09 1.11139e-09 2.01686e-10 0 
0 0 0 0 0 0 0 0 0 0 0 0 0 0 0 0 0 0 0 0 0 0 0 0 0 0 0 0 0 0 0 0 0 0 0 0 0 0 0 0 0 
