0 0 0 0 0 0 0 0 0 0 0 0 0 0 0 0 0 0 0 0 0 0 0 0 0 0 0 0 0 0 0 0 0 0 0 0 0 0 0 0 0 
0 1.32194e-05 5.16449e-05 0.000107434 0.000165236 0.000208693 0.000229259 0.000228691 0.000214569 0.000194883 0.00017535 0.000159133 0.000147583 0.00014105 0.000139455 0.000142572 0.000150106 0.000161603 0.000176282 0.000192817 0.000209199 0.000222772 0.000230567 0.000229943 0.000219384 0.000199151 0.000171423 0.000139746 0.000107993 7.93019e-05 5.5489e-05 3.70661e-05 2.36311e-05 1.43307e-05 8.20404e-06 4.37284e-06 2.11737e-06 8.88582e-07 2.90612e-07 5.2739e-08 0 
0 5.16449e-05 0.000187707 0.000339953 0.000419136 0.000393183 0.000304734 0.000209824 0.000136412 8.80111e-05 5.86981e-05 4.18141e-05 3.26001e-05 2.82483e-05 2.73699e-05 2.95658e-05 3.5223e-05 4.54915e-05 6.23419e-05 8.8531e-05 0.000127191 0.000180693 0.000248606 0.000325216 0.000398112 0.0004501 0.000465541 0.000438498 0.00037663 0.000296993 0.000217178 0.000148746 9.60769e-05 5.86324e-05 3.36612e-05 1.79633e-05 8.70218e-06 3.65266e-06 1.19469e-06 2.16812e-07 0 
0 0.000107434 0.000339953 0.000473385 0.000393137 0.000225918 0.000102075 4.02398e-05 1.50791e-05 5.7941e-06 2.44337e-06 1.19795e-06 7.13617e-07 5.3103e-07 4.98744e-07 5.87257e-07 8.48232e-07 1.45309e-06 2.83146e-06 5.99558e-06 1.31817e-05 2.88525e-05 6.06451e-05 0.000118885 0.000212409 0.000339406 0.000477023 0.00058169 0.000611372 0.000556625 0.000446378 0.000322467 0.000214173 0.000132454 7.64906e-05 4.09182e-05 1.98413e-05 8.3311e-06 2.72523e-06 4.94597e-07 0 
0 0.000165236 0.000419136 0.000393137 0.000190087 5.80225e-05 1.30796e-05 2.47451e-06 4.43054e-07 8.4416e-08 1.90919e-08 5.62926e-09 2.32445e-09 1.40585e-09 1.26567e-09 1.67619e-09 3.14784e-09 7.9233e-09 2.49302e-08 9.08608e-08 3.55467e-07 1.39149e-06 5.13334e-06 1.70333e-05 4.92047e-05 0.000121214 0.000251169 0.000432096 0.000608546 0.000696455 0.000654722 0.00052113 0.000364664 0.000231268 0.000135036 7.25608e-05 3.52448e-05 1.4808e-05 4.84498e-06 8.79369e-07 0 
0 0.000208693 0.000393183 0.000225918 5.80225e-05 8.39662e-06 8.15216e-07 6.25998e-08 4.50975e-09 3.61854e-10 3.79791e-11 5.98574e-12 1.5739e-12 7.37417e-13 6.30188e-13 9.64619e-13 2.50298e-12 1.01197e-11 5.74542e-11 4.08866e-10 3.25547e-09 2.61057e-08 1.92646e-07 1.21886e-06 6.29523e-06 2.58166e-05 8.32036e-05 0.000210383 0.000415534 0.000634009 0.000743986 0.000686576 0.000522797 0.000345776 0.000205687 0.000111358 5.42429e-05 2.2813e-05 7.46664e-06 1.35536e-06 0 
0 0.000229259 0.000304734 0.000102075 1.30796e-05 8.15216e-07 3.02564e-08 8.28939e-10 2.11161e-11 6.31651e-13 2.76181e-14 2.13004e-15 3.34506e-16 1.17054e-16 9.42453e-17 1.70228e-16 6.39104e-16 4.4385e-15 4.94079e-14 7.54181e-13 1.3507e-11 2.45615e-10 4.00418e-09 5.30395e-08 5.32638e-07 3.89729e-06 2.0516e-05 7.82792e-05 0.000219519 0.000454309 0.000688418 0.000767718 0.000657649 0.000462664 0.000283049 0.000155 7.58241e-05 3.19372e-05 1.04583e-05 1.89871e-06 0 
0 0.000228691 0.000209824 4.02398e-05 2.47451e-06 6.25998e-08 8.28939e-10 7.53499e-12 6.31343e-14 6.57388e-16 1.12681e-17 4.26474e-19 5.89111e-20 2.87603e-20 2.53282e-20 3.43809e-20 1.05232e-19 1.06877e-18 2.41053e-17 8.32484e-16 3.54734e-14 1.54817e-12 5.89426e-11 1.72338e-09 3.53426e-08 4.81939e-07 4.28993e-06 2.52035e-05 0.000100612 0.000280428 0.00054947 0.000754244 0.000744865 0.000567649 0.000360664 0.00020062 9.87185e-05 4.16658e-05 1.36533e-05 2.47932e-06 0 
0 0.000214569 0.000136412 1.50791e-05 4.43054e-07 4.50975e-09 2.11161e-11 6.31343e-14 1.72484e-16 6.26163e-19 7.73641e-21 1.20693e-21 5.11208e-22 4.00074e-22 3.81216e-22 3.944e-22 5.87833e-22 1.61481e-21 1.40613e-20 8.3683e-19 8.50378e-17 8.96705e-15 8.02369e-13 5.21182e-11 2.1977e-09 5.62654e-08 8.53031e-07 7.7479e-06 4.38263e-05 0.000161936 0.000402915 0.000677179 0.000777952 0.000649938 0.000432257 0.000245155 0.000121522 5.14222e-05 1.68646e-05 3.06329e-06 0 
0 0.000194883 8.80111e-05 5.7941e-06 8.4416e-08 3.61854e-10 6.31651e-13 6.57388e-16 6.26163e-19 1.78704e-21 8.92073e-23 4.15282e-23 3.12429e-23 2.91896e-23 2.84903e-23 2.71097e-23 2.9232e-23 3.61578e-23 9.41584e-23 1.73869e-21 2.7169e-19 6.57669e-17 1.32392e-14 1.83386e-12 1.53305e-10 7.14424e-09 1.79929e-07 2.47686e-06 1.94914e-05 9.33743e-05 0.000287261 0.000578779 0.000768209 0.000705447 0.000493045 0.000285773 0.000142843 6.06208e-05 1.99005e-05 3.61583e-06 0 
0 0.00017535 5.86981e-05 2.44337e-06 1.90919e-08 3.79791e-11 2.76181e-14 1.12681e-17 7.73641e-21 8.92073e-23 8.39483e-24 4.32183e-24 4.06591e-24 4.15231e-24 4.0967e-24 3.74353e-24 3.36791e-24 2.91807e-24 4.31518e-24 3.10516e-23 2.08247e-21 8.27014e-19 3.41328e-16 9.25751e-14 1.42039e-11 1.12673e-09 4.45712e-08 8.88925e-07 9.38773e-06 5.64954e-05 0.000208206 0.000488347 0.000734978 0.000736769 0.000540511 0.000320225 0.000161438 6.87193e-05 2.25815e-05 4.10422e-06 0 
0 0.000159133 4.18141e-05 1.19795e-06 5.62926e-09 5.98574e-12 2.13004e-15 4.26474e-19 1.20693e-21 4.15282e-23 4.32183e-24 1.14969e-24 8.0402e-25 7.93154e-25 7.75957e-25 6.9069e-25 5.66443e-25 4.40977e-25 6.38119e-25 3.95286e-24 1.13459e-22 2.43635e-20 1.70993e-17 8.02522e-15 2.02074e-12 2.47426e-10 1.41536e-08 3.82342e-07 5.1384e-06 3.72375e-05 0.000158481 0.000418505 0.000695922 0.000750461 0.000574325 0.000347026 0.000176322 7.52638e-05 2.47547e-05 4.50051e-06 0 
0 0.000147583 3.26001e-05 7.13617e-07 2.32445e-09 1.5739e-12 3.34506e-16 5.89112e-20 5.11208e-22 3.12429e-23 4.06591e-24 8.04021e-25 2.82054e-25 1.93614e-25 1.71569e-25 1.47262e-25 1.17117e-25 1.04768e-25 2.41778e-25 1.61994e-24 2.75634e-23 2.5085e-21 1.96767e-18 1.37009e-15 4.93022e-13 8.25438e-11 6.16086e-09 2.07194e-07 3.31465e-06 2.7467e-05 0.000129517 0.000371577 0.000662799 0.000753783 0.0005956 0.000365428 0.000186821 7.99219e-05 2.63061e-05 4.78366e-06 0 
0 0.00014105 2.82483e-05 5.3103e-07 1.40585e-09 7.37417e-13 1.17054e-16 2.87604e-20 4.00074e-22 2.91896e-23 4.15231e-24 7.93154e-25 1.93614e-25 7.30584e-26 4.57685e-26 3.54801e-26 3.02937e-26 4.38219e-26 1.63625e-25 1.10351e-24 1.50845e-23 8.96688e-22 5.7794e-19 5.01712e-16 2.21001e-13 4.41747e-11 3.83346e-09 1.45973e-07 2.57791e-06 2.30477e-05 0.000115128 0.000345889 0.000641696 0.000752465 0.00060595 0.000375256 0.000192579 8.24994e-05 2.71671e-05 4.94096e-06 0 
0 0.000139455 2.73699e-05 4.98744e-07 1.26567e-09 6.30188e-13 9.42453e-17 2.53282e-20 3.81216e-22 2.84903e-23 4.09671e-24 7.75958e-25 1.7157e-25 4.57686e-26 1.76179e-26 1.09196e-26 1.20306e-26 3.13472e-26 1.46736e-25 1.00275e-24 1.32808e-23 7.34704e-22 4.47232e-19 4.06031e-16 1.86465e-13 3.86596e-11 3.46094e-09 1.35211e-07 2.43691e-06 2.21276e-05 0.000111831 0.000339193 0.000634729 0.000749763 0.000606738 0.000376704 0.000193536 8.29443e-05 2.73176e-05 4.96858e-06 0 
0 0.000142572 2.95658e-05 5.87257e-07 1.67619e-09 9.64619e-13 1.70228e-16 3.43809e-20 3.944e-22 2.71097e-23 3.74353e-24 6.90691e-25 1.47262e-25 3.54802e-26 1.09196e-26 6.0458e-27 9.01044e-27 3.07391e-26 1.55815e-25 1.14176e-24 1.71434e-23 1.21632e-21 8.8296e-19 7.08753e-16 2.9042e-13 5.44937e-11 4.48157e-09 1.63247e-07 2.78226e-06 2.41961e-05 0.000118343 0.000349883 0.000641403 0.000746348 0.000598687 0.000370192 0.00018989 8.13375e-05 2.67838e-05 4.87125e-06 0 
0 0.000150106 3.5223e-05 8.48232e-07 3.14784e-09 2.50298e-12 6.39104e-16 1.05232e-19 5.87833e-22 2.92321e-23 3.36792e-24 5.66444e-25 1.17117e-25 3.02937e-26 1.20306e-26 9.01043e-27 1.33277e-26 3.96779e-26 2.02548e-25 1.75664e-24 3.83464e-23 5.04761e-21 4.09412e-18 2.48169e-15 7.87719e-13 1.18176e-10 8.0348e-09 2.50175e-07 3.76235e-06 2.97114e-05 0.000135052 0.000376885 0.000659061 0.000740558 0.000581866 0.000356291 0.000182054 7.78755e-05 2.56326e-05 4.66126e-06 0 
0 0.000161603 4.54915e-05 1.45309e-06 7.9233e-09 1.01197e-11 4.4385e-15 1.06877e-18 1.61481e-21 3.61578e-23 2.91807e-24 4.40977e-25 1.04768e-25 4.38219e-26 3.13472e-26 3.07391e-26 3.96779e-26 8.51839e-26 3.93749e-25 4.4327e-24 1.9888e-22 6.34315e-20 3.89786e-17 1.55992e-14 3.40239e-12 3.67365e-10 1.88808e-08 4.66785e-07 5.84182e-06 4.00455e-05 0.000163402 0.000418541 0.00068248 0.000728811 0.000555926 0.00033574 0.000170623 7.28469e-05 2.39628e-05 4.35678e-06 0 
0 0.000176282 6.23419e-05 2.83146e-06 2.49302e-08 5.74542e-11 4.94079e-14 2.41053e-17 1.40613e-20 9.41584e-23 4.31519e-24 6.38119e-25 2.41778e-25 1.63625e-25 1.46736e-25 1.55815e-25 2.02548e-25 3.93749e-25 1.8978e-24 3.72143e-23 4.46988e-21 1.78935e-18 6.43701e-16 1.53398e-13 2.09334e-11 1.49756e-09 5.42153e-08 1.00421e-06 9.98971e-06 5.73865e-05 0.000204505 0.000470166 0.000702921 0.000706198 0.000520509 0.00030948 0.000156328 6.6604e-05 2.18945e-05 3.97993e-06 0 
0 0.000192817 8.8531e-05 5.99558e-06 9.08608e-08 4.08866e-10 7.54181e-13 8.32484e-16 8.3683e-19 1.73869e-21 3.10516e-23 3.95286e-24 1.61994e-24 1.10351e-24 1.00275e-24 1.14176e-24 1.75664e-24 4.4327e-24 3.72143e-23 1.80894e-21 3.46896e-19 8.01352e-17 1.53503e-14 2.02716e-12 1.61902e-10 7.22622e-09 1.74907e-07 2.32535e-06 1.77888e-05 8.3562e-05 0.000255301 0.000519718 0.000707189 0.000667339 0.000475655 0.000278683 0.000139993 5.95323e-05 1.95583e-05 3.55464e-06 0 
0 0.000209199 0.000127191 1.31817e-05 3.55467e-07 3.25547e-09 1.3507e-11 3.54734e-14 8.50378e-17 2.7169e-19 2.08247e-21 1.13459e-22 2.75634e-23 1.50844e-23 1.32808e-23 1.71434e-23 3.83464e-23 1.9888e-22 4.46988e-21 3.46896e-19 3.88211e-17 4.49718e-15 4.3939e-13 3.07892e-11 1.37708e-09 3.66951e-08 5.6976e-07 5.25425e-06 3.02058e-05 0.000114669 0.000299412 0.000541842 0.000677737 0.00060749 0.000422094 0.00024472 0.000122473 5.20199e-05 1.70842e-05 3.10468e-06 0 
0 0.000222772 0.000180693 2.88525e-05 1.39149e-06 2.61057e-08 2.45615e-10 1.54817e-12 8.96705e-15 6.57669e-17 8.27014e-19 2.43635e-20 2.5085e-21 8.96688e-22 7.34704e-22 1.21632e-21 5.04761e-21 6.34315e-20 1.78935e-18 8.01352e-17 4.49718e-15 2.57989e-13 1.26635e-11 4.60016e-10 1.11195e-08 1.68343e-07 1.58389e-06 9.66095e-06 4.09056e-05 0.000127104 0.000294153 0.000495751 0.000595732 0.000523832 0.000361352 0.000209081 0.000104601 4.443e-05 1.45924e-05 2.65194e-06 0 
0 0.000230567 0.000248606 6.06451e-05 5.13334e-06 1.92646e-07 4.00418e-09 5.89426e-11 8.02369e-13 1.32392e-14 3.41328e-16 1.70993e-17 1.96767e-18 5.7794e-19 4.47232e-19 8.8296e-19 4.09412e-18 3.89786e-17 6.43701e-16 1.53503e-14 4.3939e-13 1.26635e-11 3.13182e-10 5.7768e-09 7.09617e-08 5.44466e-07 2.66973e-06 9.4763e-06 2.85934e-05 7.91229e-05 0.000189348 0.000347389 0.00045089 0.00041718 0.000295755 0.00017328 8.71306e-05 3.70791e-05 1.21861e-05 2.21511e-06 0 
0 0.000229943 0.000325216 0.000118885 1.70333e-05 1.21886e-06 5.30395e-08 1.72338e-09 5.21182e-11 1.83386e-12 9.25751e-14 8.02522e-15 1.37009e-15 5.01712e-16 4.06031e-16 7.08753e-16 2.48169e-15 1.55992e-14 1.53398e-13 2.02716e-12 3.07892e-11 4.60016e-10 5.7768e-09 5.15696e-08 2.75107e-07 7.79728e-07 1.27755e-06 1.7874e-06 3.52353e-06 1.15989e-05 4.63996e-05 0.000142459 0.000263222 0.000295231 0.000228654 0.000138816 7.071e-05 3.02232e-05 9.94687e-06 1.80887e-06 0 
0 0.000219384 0.000398112 0.000212409 4.92047e-05 6.29523e-06 5.32638e-07 3.53426e-08 2.1977e-09 1.53305e-10 1.42039e-11 2.02074e-12 4.93022e-13 2.21001e-13 1.86465e-13 2.9042e-13 7.87719e-13 3.40239e-12 2.09334e-11 1.61902e-10 1.37708e-09 1.11195e-08 7.09617e-08 2.75107e-07 4.49492e-07 2.23932e-07 4.05761e-08 8.10365e-09 8.17572e-09 6.74649e-08 1.50676e-06 2.1294e-05 0.000100228 0.000176763 0.000164939 0.000107192 5.58634e-05 2.40506e-05 7.9328e-06 1.44354e-06 0 
0 0.000199151 0.0004501 0.000339406 0.000121214 2.58166e-05 3.89729e-06 4.81939e-07 5.62654e-08 7.14424e-09 1.12673e-09 2.47426e-10 8.25438e-11 4.41747e-11 3.86596e-11 5.44937e-11 1.18176e-10 3.67365e-10 1.49756e-09 7.22622e-09 3.66951e-08 1.68343e-07 5.44466e-07 7.79728e-07 2.23932e-07 5.5235e-09 1.50352e-11 5.81643e-14 1.64212e-14 1.63297e-12 1.8208e-09 6.94067e-07 2.15251e-05 8.71378e-05 0.000110821 7.98635e-05 4.29791e-05 1.86807e-05 6.17853e-06 1.12519e-06 0 
0 0.000171423 0.000465541 0.000477023 0.000251169 8.32036e-05 2.0516e-05 4.28993e-06 8.53031e-07 1.79929e-07 4.45712e-08 1.41536e-08 6.16086e-09 3.83346e-09 3.46094e-09 4.48157e-09 8.0348e-09 1.88808e-08 5.42153e-08 1.74907e-07 5.6976e-07 1.58389e-06 2.66973e-06 1.27755e-06 4.05761e-08 1.50352e-11 2.68989e-16 2.52471e-15 1.44191e-15 5.10423e-15 1.05699e-13 6.10432e-09 2.99037e-06 3.78576e-05 7.12294e-05 5.79098e-05 3.22701e-05 1.41633e-05 4.69697e-06 8.55998e-07 0 
0 0.000139746 0.000438498 0.00058169 0.000432096 0.000210383 7.82792e-05 2.52035e-05 7.7479e-06 2.47686e-06 8.88925e-07 3.82342e-07 2.07194e-07 1.45973e-07 1.35211e-07 1.63247e-07 2.50175e-07 4.66785e-07 1.00421e-06 2.32535e-06 5.25425e-06 9.66095e-06 9.4763e-06 1.7874e-06 8.10365e-09 5.81643e-14 2.52471e-15 5.46205e-16 3.40397e-16 6.72146e-16 7.2929e-15 8.49516e-11 5.21225e-07 1.79184e-05 4.656e-05 4.15296e-05 2.37287e-05 1.04832e-05 3.48251e-06 6.3495e-07 0 
0 0.000107993 0.00037663 0.000611372 0.000608546 0.000415534 0.000219519 0.000100612 4.38263e-05 1.94914e-05 9.38773e-06 5.1384e-06 3.31465e-06 2.57791e-06 2.43691e-06 2.78226e-06 3.76235e-06 5.84182e-06 9.98971e-06 1.77888e-05 3.02058e-05 4.09056e-05 2.85934e-05 3.52353e-06 8.17572e-09 1.64212e-14 1.44191e-15 3.40397e-16 6.2953e-16 3.18394e-15 6.90127e-14 2.35217e-11 2.73365e-07 1.18892e-05 3.30213e-05 2.99006e-05 1.71319e-05 7.57168e-06 2.51532e-06 4.58599e-07 0 
0 7.93019e-05 0.000296993 0.000556625 0.000696455 0.000634009 0.000454309 0.000280428 0.000161936 9.33743e-05 5.64954e-05 3.72375e-05 2.7467e-05 2.30477e-05 2.21276e-05 2.41961e-05 2.97114e-05 4.00455e-05 5.73865e-05 8.3562e-05 0.000114669 0.000127104 7.91229e-05 1.15989e-05 6.74649e-08 1.63297e-12 5.10423e-15 6.72146e-16 3.18394e-15 4.62352e-16 4.59394e-16 2.87944e-10 5.58183e-07 1.18456e-05 2.57862e-05 2.16505e-05 1.21313e-05 5.32734e-06 1.76654e-06 3.21915e-07 0 
0 5.5489e-05 0.000217178 0.000446378 0.000654722 0.000743986 0.000688418 0.00054947 0.000402915 0.000287261 0.000208206 0.000158481 0.000129517 0.000115128 0.000111831 0.000118343 0.000135052 0.000163402 0.000204505 0.000255301 0.000299412 0.000294153 0.000189348 4.63996e-05 1.50676e-06 1.8208e-09 1.05699e-13 7.2929e-15 6.90127e-14 4.59394e-16 6.14581e-12 2.22985e-08 2.3058e-06 1.46439e-05 2.10424e-05 1.55293e-05 8.37771e-06 3.63936e-06 1.20314e-06 2.1906e-07 0 
0 3.70661e-05 0.000148746 0.000322467 0.00052113 0.000686576 0.000767718 0.000754244 0.000677179 0.000578779 0.000488347 0.000418505 0.000371577 0.000345889 0.000339193 0.000349883 0.000376885 0.000418541 0.000470166 0.000519718 0.000541842 0.000495751 0.000347389 0.000142459 2.1294e-05 6.94067e-07 6.10432e-09 8.49516e-11 2.35217e-11 2.87944e-10 2.22985e-08 9.48288e-07 7.9817e-06 1.71355e-05 1.66137e-05 1.07868e-05 5.59572e-06 2.4029e-06 7.91726e-07 1.44016e-07 0 
0 2.36311e-05 9.60769e-05 0.000214173 0.000364664 0.000522797 0.000657649 0.000744865 0.000777952 0.000768209 0.000734978 0.000695922 0.000662799 0.000641696 0.000634729 0.000641403 0.000659061 0.00068248 0.000702921 0.000707189 0.000677737 0.000595732 0.00045089 0.000263222 0.000100228 2.15251e-05 2.99037e-06 5.21225e-07 2.73365e-07 5.58183e-07 2.3058e-06 7.9817e-06 1.51208e-05 1.62748e-05 1.20531e-05 7.12394e-06 3.58446e-06 1.5247e-06 5.00935e-07 9.10435e-08 0 
0 1.43307e-05 5.86324e-05 0.000132454 0.000231268 0.000345776 0.000462664 0.000567649 0.000649938 0.000705447 0.000736769 0.000750461 0.000753783 0.000752465 0.000749763 0.000746348 0.000740558 0.000728811 0.000706198 0.000667339 0.00060749 0.000523832 0.00041718 0.000295231 0.000176763 8.71378e-05 3.78576e-05 1.79184e-05 1.18892e-05 1.18456e-05 1.46439e-05 1.71355e-05 1.62748e-05 1.23863e-05 7.91818e-06 4.42679e-06 2.18451e-06 9.23263e-07 3.02715e-07 5.49827e-08 0 
0 8.20404e-06 3.36612e-05 7.64906e-05 0.000135036 0.000205687 0.000283049 0.000360664 0.000432257 0.000493045 0.000540511 0.000574325 0.0005956 0.00060595 0.000606738 0.000598687 0.000581866 0.000555926 0.000520509 0.000475655 0.000422094 0.000361352 0.000295755 0.000228654 0.000164939 0.000110821 7.12294e-05 4.656e-05 3.30213e-05 2.57862e-05 2.10424e-05 1.66137e-05 1.20531e-05 7.91818e-06 4.72814e-06 2.57022e-06 1.25499e-06 5.28428e-07 1.73039e-07 3.14165e-08 0 
0 4.37284e-06 1.79633e-05 4.09182e-05 7.25608e-05 0.000111358 0.000155 0.00020062 0.000245155 0.000285773 0.000320225 0.000347026 0.000365428 0.000375256 0.000376704 0.000370192 0.000356291 0.00033574 0.00030948 0.000278683 0.00024472 0.000209081 0.00017328 0.000138816 0.000107192 7.98635e-05 5.79098e-05 4.15296e-05 2.99006e-05 2.16505e-05 1.55293e-05 1.07868e-05 7.12394e-06 4.42679e-06 2.57022e-06 1.37978e-06 6.70294e-07 2.81689e-07 9.21779e-08 1.67316e-08 0 
0 2.11737e-06 8.70218e-06 1.98413e-05 3.52448e-05 5.42429e-05 7.58241e-05 9.87185e-05 0.000121522 0.000142843 0.000161438 0.000176322 0.000186821 0.000192579 0.000193536 0.00018989 0.000182054 0.000170623 0.000156328 0.000139993 0.000122473 0.000104601 8.71306e-05 7.071e-05 5.58634e-05 4.29791e-05 3.22701e-05 2.37287e-05 1.71319e-05 1.21313e-05 8.37771e-06 5.59572e-06 3.58446e-06 2.18451e-06 1.25499e-06 6.70294e-07 3.24902e-07 1.36415e-07 4.46241e-08 8.09887e-09 0 
0 8.88582e-07 3.65266e-06 8.3311e-06 1.4808e-05 2.2813e-05 3.19372e-05 4.16658e-05 5.14222e-05 6.06208e-05 6.87193e-05 7.52638e-05 7.99219e-05 8.24994e-05 8.29443e-05 8.13375e-05 7.78755e-05 7.28469e-05 6.6604e-05 5.95323e-05 5.20199e-05 4.443e-05 3.70791e-05 3.02232e-05 2.40506e-05 1.86807e-05 1.41633e-05 1.04832e-05 7.57168e-06 5.32734e-06 3.63936e-06 2.4029e-06 1.5247e-06 9.23263e-07 5.28428e-07 2.81689e-07 1.36415e-07 5.72536e-08 1.87258e-08 3.39836e-09 0 
0 2.90612e-07 1.19469e-06 2.72523e-06 4.84498e-06 7.46664e-06 1.04583e-05 1.36533e-05 1.68646e-05 1.99005e-05 2.25815e-05 2.47547e-05 2.63061e-05 2.71671e-05 2.73176e-05 2.67838e-05 2.56326e-05 2.39628e-05 2.18945e-05 1.95583e-05 1.70842e-05 1.45924e-05 1.21861e-05 9.94687e-06 7.9328e-06 6.17853e-06 4.69697e-06 3.48251e-06 2.51532e-06 1.76654e-06 1.20314e-06 7.91726e-07 5.00935e-07 3.02715e-07 1.73039e-07 9.21779e-08 4.46241e-08 1.87258e-08 6.12419e-09 1.11139e-09 0 
0 5.2739e-08 2.16812e-07 4.94597e-07 8.79369e-07 1.35536e-06 1.89871e-06 2.47932e-06 3.06329e-06 3.61583e-06 4.10422e-06 4.50051e-06 4.78366e-06 4.94096e-06 4.96858e-06 4.87125e-06 4.66126e-06 4.35678e-06 3.97993e-06 3.55464e-06 3.10468e-06 2.65194e-06 2.21511e-06 1.80887e-06 1.44354e-06 1.12519e-06 8.55998e-07 6.3495e-07 4.58599e-07 3.21915e-07 2.1906e-07 1.44016e-07 9.10435e-08 5.49827e-08 3.14165e-08 1.67316e-08 8.09887e-09 3.39836e-09 1.11139e-09 2.01686e-10 0 
0 0 0 0 0 0 0 0 0 0 0 0 0 0 0 0 0 0 0 0 0 0 0 0 0 0 0 0 0 0 0 0 0 0 0 0 0 0 0 0 0 
