0 0 0 0 0 0 0 0 0 0 0 0 0 0 0 0 0 0 0 0 0 0 0 0 0 0 0 0 0 0 0 0 0 0 0 0 0 0 0 0 0 
0 1.32138e-05 5.15983e-05 0.000107251 0.000164773 0.000207843 0.000228035 0.000227208 0.000212966 0.000193267 0.000173778 0.000157626 0.000146133 0.000139637 0.000138054 0.000141157 0.000148655 0.000160102 0.000174729 0.000191228 0.000207608 0.000221231 0.000229143 0.000228704 0.000218385 0.000198414 0.000170931 0.000139453 0.000107839 7.92295e-05 5.5459e-05 3.70551e-05 2.36275e-05 1.43296e-05 8.20377e-06 4.37278e-06 2.11736e-06 8.8858e-07 2.90612e-07 5.2739e-08 0 
0 5.15983e-05 0.000187322 0.000338594 0.000416378 0.000389518 0.000301134 0.000206903 0.000134269 8.64949e-05 5.76118e-05 4.09977e-05 3.19402e-05 2.76653e-05 2.68033e-05 2.89612e-05 3.45217e-05 4.46211e-05 6.12091e-05 8.70187e-05 0.000125168 0.000178043 0.000245287 0.000321333 0.000393971 0.000446173 0.000462304 0.000436219 0.000375272 0.000296309 0.000216884 0.000148637 9.60418e-05 5.86224e-05 3.36587e-05 1.79627e-05 8.70207e-06 3.65264e-06 1.19469e-06 2.16812e-07 0 
0 0.000107251 0.000338594 0.000469738 0.0003884 0.000222291 0.000100084 3.93291e-05 1.46933e-05 5.62996e-06 2.36822e-06 1.15874e-06 6.89249e-07 5.1248e-07 4.81253e-07 5.6695e-07 8.19795e-07 1.40658e-06 2.74612e-06 5.82737e-06 1.28406e-05 2.8168e-05 5.93317e-05 0.000116545 0.000208646 0.00033411 0.000470731 0.000575604 0.000606707 0.000553813 0.000445028 0.000321938 0.000213999 0.000132405 7.64785e-05 4.09156e-05 1.98408e-05 8.33103e-06 2.72522e-06 4.94596e-07 0 
0 0.000164773 0.000416378 0.0003884 0.000186741 5.671e-05 1.27202e-05 2.3943e-06 4.26517e-07 8.0874e-08 1.82127e-08 5.35133e-09 2.20417e-09 1.33125e-09 1.19822e-09 1.58821e-09 2.98814e-09 7.54146e-09 2.38071e-08 8.70887e-08 3.42031e-07 1.34404e-06 4.97625e-06 1.6566e-05 4.79923e-05 0.000118534 0.000246256 0.000424914 0.000600571 0.000689978 0.000650893 0.000519431 0.00036407 0.000231096 0.000134994 7.25518e-05 3.52432e-05 1.48078e-05 4.84495e-06 8.79368e-07 0 
0 0.000207843 0.000389518 0.000222291 5.671e-05 8.1512e-06 7.85639e-07 5.98659e-08 4.27959e-09 3.40885e-10 3.55476e-11 5.57313e-12 1.45989e-12 6.82558e-13 5.83085e-13 8.93672e-13 2.32536e-12 9.43958e-12 5.38602e-11 3.8544e-10 3.08709e-09 2.49018e-08 1.84798e-07 1.17521e-06 6.09682e-06 2.50961e-05 8.11357e-05 0.00020577 0.00040784 0.000624951 0.000736776 0.000682665 0.000521266 0.000345312 0.000205571 0.000111334 5.42386e-05 2.28123e-05 7.46657e-06 1.35535e-06 0 
0 0.000228035 0.000301134 0.000100084 1.27202e-05 7.85639e-07 2.88657e-08 7.82426e-10 1.9719e-11 5.83926e-13 2.53038e-14 1.93732e-15 3.02635e-16 1.05587e-16 8.4967e-17 1.53748e-16 5.79504e-16 4.04736e-15 4.53666e-14 6.97884e-13 1.26013e-11 2.31033e-10 3.79628e-09 5.06525e-08 5.11938e-07 3.76606e-06 1.99112e-05 7.62389e-05 0.000214515 0.000445753 0.000678869 0.000760997 0.000654549 0.00046164 0.000282785 0.000154945 7.58141e-05 3.19358e-05 1.04581e-05 1.8987e-06 0 
0 0.000227208 0.000206903 3.93291e-05 2.3943e-06 5.98659e-08 7.82426e-10 7.01439e-12 5.79638e-14 5.95685e-16 1.00937e-17 3.81885e-19 5.52285e-20 2.81322e-20 2.49439e-20 3.30614e-20 9.6041e-20 9.54003e-19 2.16527e-17 7.55364e-16 3.25308e-14 1.43493e-12 5.51946e-11 1.62923e-09 3.36968e-08 4.62839e-07 4.14419e-06 2.44585e-05 9.79975e-05 0.000274168 0.000539792 0.000745205 0.00073977 0.000565763 0.000360153 0.00020051 9.86989e-05 4.1663e-05 1.3653e-05 2.4793e-06 0 
0 0.000212966 0.000134269 1.46933e-05 4.26517e-07 4.27959e-09 1.9719e-11 5.79638e-14 1.55682e-16 5.57107e-19 7.24765e-21 1.20285e-21 5.31357e-22 4.32045e-22 4.14481e-22 4.19522e-22 5.97697e-22 1.58609e-21 1.28217e-20 7.45172e-19 7.66563e-17 8.18994e-15 7.42139e-13 4.87751e-11 2.07852e-09 5.37006e-08 8.20266e-07 7.4939e-06 4.2577e-05 0.000157916 0.000394648 0.000667077 0.000770911 0.000646962 0.000431395 0.000244964 0.000121488 5.14173e-05 1.68641e-05 3.06326e-06 0 
0 0.000193267 8.64949e-05 5.62996e-06 8.0874e-08 3.40885e-10 5.83926e-13 5.95685e-16 5.57107e-19 1.67714e-21 9.15698e-23 4.52174e-23 3.45261e-23 3.3047e-23 3.24321e-23 3.03854e-23 3.20062e-23 3.91413e-23 9.33736e-23 1.58971e-21 2.41242e-19 5.92426e-17 1.21045e-14 1.7e-12 1.43894e-10 6.77854e-09 1.72263e-07 2.38824e-06 1.88943e-05 9.08866e-05 0.000280771 0.000568777 0.00075969 0.000701318 0.000491756 0.000285479 0.00014279 6.06132e-05 1.98997e-05 3.61578e-06 0 
0 0.000173778 5.76118e-05 2.36822e-06 1.82127e-08 3.55476e-11 2.53038e-14 1.00937e-17 7.24765e-21 9.15699e-23 9.23319e-24 4.96043e-24 4.68712e-24 4.84695e-24 4.79895e-24 4.34609e-24 3.87034e-24 3.33559e-24 4.62988e-24 3.03941e-23 1.87837e-21 7.36205e-19 3.08916e-16 8.51066e-14 1.32434e-11 1.06353e-09 4.25071e-08 8.54771e-07 9.0832e-06 5.49138e-05 0.000203207 0.00047906 0.000725586 0.000731603 0.000538777 0.000319815 0.000161363 6.87085e-05 2.25803e-05 4.10415e-06 0 
0 0.000157626 4.09977e-05 1.15874e-06 5.35133e-09 5.57313e-12 1.93732e-15 3.81885e-19 1.20285e-21 4.52175e-23 4.96044e-24 1.36401e-24 9.57594e-25 9.48384e-25 9.29113e-25 8.23161e-25 6.72666e-25 5.2109e-25 7.14951e-25 4.12683e-24 1.0874e-22 2.16559e-20 1.53493e-17 7.32858e-15 1.87403e-12 2.32575e-10 1.34561e-08 3.66836e-07 4.96434e-06 3.61584e-05 0.000154529 0.000410055 0.000686151 0.000744492 0.000572189 0.000346506 0.000176226 7.52499e-05 2.47532e-05 4.50042e-06 0 
0 0.000146133 3.19402e-05 6.89249e-07 2.20417e-09 1.45989e-12 3.02635e-16 5.52285e-20 5.31357e-22 3.45261e-23 4.68712e-24 9.57595e-25 3.43159e-25 2.36817e-25 2.09762e-25 1.79588e-25 1.42602e-25 1.25537e-25 2.7315e-25 1.72953e-24 2.74363e-23 2.293e-21 1.75643e-18 1.24529e-15 4.55515e-13 7.73633e-11 5.84442e-09 1.98483e-07 3.1991e-06 2.66535e-05 0.000126217 0.000363814 0.000652947 0.000747288 0.000593162 0.00036482 0.000186708 7.99054e-05 2.63043e-05 4.78356e-06 0 
0 0.000139637 2.76653e-05 5.1248e-07 1.33125e-09 6.82558e-13 1.05587e-16 2.81322e-20 4.32045e-22 3.30471e-23 4.84695e-24 9.48385e-25 2.36817e-25 9.08697e-26 5.71548e-26 4.42139e-26 3.74448e-26 5.20511e-26 1.84866e-25 1.19469e-24 1.54254e-23 8.43181e-22 5.14606e-19 4.54869e-16 2.03785e-13 4.13392e-11 3.63246e-09 1.39727e-07 2.48682e-06 2.23587e-05 0.00011217 0.000338557 0.000631895 0.000745712 0.000603341 0.000374594 0.000192455 8.24814e-05 2.71652e-05 4.94085e-06 0 
0 0.000138054 2.68033e-05 4.81253e-07 1.19822e-09 5.83085e-13 8.4967e-17 2.49439e-20 4.14481e-22 3.24322e-23 4.79895e-24 9.29114e-25 2.09762e-25 5.71548e-26 2.23371e-26 1.38276e-26 1.47971e-26 3.66968e-26 1.65593e-25 1.08909e-24 1.36547e-23 6.94556e-22 3.98176e-19 3.68035e-16 1.71913e-13 3.61751e-11 3.27938e-09 1.29428e-07 2.35096e-06 2.14683e-05 0.000108968 0.000332019 0.000625022 0.000742999 0.000604102 0.000376032 0.00019341 8.29259e-05 2.73156e-05 4.96846e-06 0 
0 0.000141157 2.89612e-05 5.6695e-07 1.58821e-09 8.93672e-13 1.53748e-16 3.30614e-20 4.19522e-22 3.03854e-23 4.34609e-24 8.23162e-25 1.79589e-25 4.42139e-26 1.38276e-26 7.59583e-27 1.08687e-26 3.56501e-26 1.74848e-25 1.22842e-24 1.73427e-23 1.13096e-21 7.87513e-19 6.43691e-16 2.68188e-13 5.10587e-11 4.25094e-09 1.56394e-07 2.68583e-06 2.34866e-05 0.000115361 0.000342615 0.000631817 0.0007398 0.000596166 0.000369553 0.000189769 8.132e-05 2.6782e-05 4.87115e-06 0 
0 0.000148655 3.45217e-05 8.19795e-07 2.98814e-09 2.32536e-12 5.79504e-16 9.6041e-20 5.97697e-22 3.20062e-23 3.87034e-24 6.72667e-25 1.42603e-25 3.74449e-26 1.47971e-26 1.08687e-26 1.5744e-26 4.56103e-26 2.25097e-25 1.85865e-24 3.75638e-23 4.54605e-21 3.6675e-18 2.26279e-15 7.2977e-13 1.11015e-10 7.63695e-09 2.4005e-07 3.63622e-06 2.88656e-05 0.000131746 0.00036933 0.000649677 0.000734448 0.000579581 0.00035572 0.000181947 7.78599e-05 2.5631e-05 4.66117e-06 0 
0 0.000160102 4.46211e-05 1.40658e-06 7.54146e-09 9.43958e-12 4.04736e-15 9.54003e-19 1.58609e-21 3.91413e-23 3.33559e-24 5.21091e-25 1.25537e-25 5.20511e-26 3.66967e-26 3.56501e-26 4.56102e-26 9.57617e-26 4.25756e-25 4.51774e-24 1.86845e-22 5.63665e-20 3.51525e-17 1.43035e-14 3.16666e-12 3.46389e-10 1.79986e-08 4.48904e-07 5.65554e-06 3.89556e-05 0.00015958 0.000410616 0.000673485 0.000723352 0.00055397 0.000335261 0.000170533 7.2834e-05 2.39614e-05 4.3567e-06 0 
0 0.000174729 6.12091e-05 2.74612e-06 2.38071e-08 5.38602e-11 4.53666e-14 2.16527e-17 1.28217e-20 9.33736e-23 4.62988e-24 7.14951e-25 2.7315e-25 1.84866e-25 1.65593e-25 1.74847e-25 2.25096e-25 4.25756e-25 1.95219e-24 3.53804e-23 3.98564e-21 1.60086e-18 5.85373e-16 1.41636e-13 1.95948e-11 1.41862e-09 5.18732e-08 9.68521e-07 9.69246e-06 5.5922e-05 0.000200035 0.000461993 0.000694635 0.000701576 0.000518933 0.000309103 0.000156258 6.65939e-05 2.18934e-05 3.97986e-06 0 
0 0.000191228 8.70187e-05 5.82737e-06 8.70887e-08 3.8544e-10 6.97884e-13 7.55364e-16 7.45172e-19 1.58971e-21 3.03941e-23 4.12683e-24 1.72953e-24 1.19469e-24 1.08909e-24 1.22842e-24 1.85865e-24 4.51774e-24 3.53804e-23 1.61706e-21 3.09116e-19 7.24844e-17 1.4091e-14 1.88653e-12 1.52542e-10 6.88194e-09 1.68073e-07 2.2504e-06 1.73066e-05 8.16159e-05 0.000250255 0.00051173 0.000700028 0.000663674 0.000474461 0.000278403 0.000139941 5.95248e-05 1.95575e-05 3.55459e-06 0 
0 0.000207608 0.000125168 1.28406e-05 3.42031e-07 3.08709e-09 1.26013e-11 3.25308e-14 7.66563e-17 2.41242e-19 1.87837e-21 1.0874e-22 2.74362e-23 1.54254e-23 1.36547e-23 1.73427e-23 3.75638e-23 1.86845e-22 3.98564e-21 3.09116e-19 3.50496e-17 4.11554e-15 4.07383e-13 2.88957e-11 1.30664e-09 3.51506e-08 5.50108e-07 5.10468e-06 2.94827e-05 0.000112323 0.000294294 0.000534819 0.000672095 0.000604794 0.000421245 0.000244523 0.000122437 5.20146e-05 1.70837e-05 3.10465e-06 0 
0 0.000221231 0.000178043 2.8168e-05 1.34404e-06 2.49018e-08 2.31033e-10 1.43493e-12 8.18994e-15 5.92426e-17 7.36205e-19 2.16559e-20 2.293e-21 8.43181e-22 6.94556e-22 1.13096e-21 4.54605e-21 5.63665e-20 1.60086e-18 7.24844e-17 4.11554e-15 2.38888e-13 1.18603e-11 4.3545e-10 1.06269e-08 1.62221e-07 1.53673e-06 9.42389e-06 4.00666e-05 0.00012491 0.000290006 0.000490566 0.000591786 0.000521992 0.000360775 0.000208946 0.000104576 4.44263e-05 1.4592e-05 2.65192e-06 0 
0 0.000229143 0.000245287 5.93317e-05 4.97625e-06 1.84798e-07 3.79628e-09 5.51946e-11 7.42139e-13 1.21045e-14 3.08916e-16 1.53493e-17 1.75643e-18 5.14606e-19 3.98176e-19 7.87513e-19 3.6675e-18 3.51525e-17 5.85373e-16 1.4091e-14 4.07383e-13 1.18603e-11 2.96215e-10 5.51413e-09 6.82884e-08 5.2755e-07 2.60098e-06 9.27227e-06 2.80784e-05 7.79493e-05 0.000187129 0.000344438 0.000448477 0.000415991 0.00029537 0.000173189 8.71135e-05 3.70766e-05 1.21858e-05 2.2151e-06 0 
0 0.000228704 0.000321333 0.000116545 1.6566e-05 1.17521e-06 5.06525e-08 1.62923e-09 4.87751e-11 1.7e-12 8.51066e-14 7.32858e-15 1.24529e-15 4.54869e-16 3.68035e-16 6.43691e-16 2.26279e-15 1.43035e-14 1.41636e-13 1.88653e-12 2.88957e-11 4.3545e-10 5.51413e-09 4.96019e-08 2.66303e-07 7.58308e-07 1.24618e-06 1.74733e-06 3.4538e-06 1.14123e-05 4.58467e-05 0.000141308 0.000261932 0.00029447 0.000228386 0.00013875 7.06975e-05 3.02213e-05 9.94666e-06 1.80885e-06 0 
0 0.000218385 0.000393971 0.000208646 4.79923e-05 6.09682e-06 5.11938e-07 3.36968e-08 2.07852e-09 1.43894e-10 1.32434e-11 1.87403e-12 4.55515e-13 2.03785e-13 1.71913e-13 2.68188e-13 7.2977e-13 3.16666e-12 1.95948e-11 1.52542e-10 1.30664e-09 1.06269e-08 6.82884e-08 2.66303e-07 4.36746e-07 2.17711e-07 3.93544e-08 7.83778e-09 7.9146e-09 6.57172e-08 1.48012e-06 2.10694e-05 9.96555e-05 0.000176268 0.000164738 0.00010714 5.58537e-05 2.40492e-05 7.93265e-06 1.44353e-06 0 
0 0.000198414 0.000446173 0.00033411 0.000118534 2.50961e-05 3.76606e-06 4.62839e-07 5.37006e-08 6.77854e-09 1.06353e-09 2.32575e-10 7.73633e-11 4.13392e-11 3.61751e-11 5.10587e-11 1.11015e-10 3.46389e-10 1.41862e-09 6.88194e-09 3.51506e-08 1.62221e-07 5.2755e-07 7.58308e-07 2.17711e-07 5.33414e-09 1.43385e-11 5.44879e-14 1.53086e-14 1.55236e-12 1.76298e-09 6.82168e-07 2.13501e-05 8.68282e-05 0.000110662 7.98209e-05 4.29711e-05 1.86795e-05 6.1784e-06 1.12518e-06 0 
0 0.000170931 0.000462304 0.000470731 0.000246256 8.11357e-05 1.99112e-05 4.14419e-06 8.20266e-07 1.72263e-07 4.25071e-08 1.34561e-08 5.84442e-09 3.63246e-09 3.27938e-09 4.25094e-09 7.63695e-09 1.79986e-08 5.18732e-08 1.68073e-07 5.50108e-07 1.53673e-06 2.60098e-06 1.24618e-06 3.93544e-08 1.43385e-11 2.74646e-16 2.49275e-15 1.42581e-15 5.63111e-15 1.00058e-13 5.93792e-09 2.95503e-06 3.76811e-05 7.11062e-05 5.78747e-05 3.22635e-05 1.41624e-05 4.69687e-06 8.55993e-07 0 
0 0.000139453 0.000436219 0.000575604 0.000424914 0.00020577 7.62389e-05 2.44585e-05 7.4939e-06 2.38824e-06 8.54771e-07 3.66836e-07 1.98483e-07 1.39727e-07 1.29428e-07 1.56394e-07 2.4005e-07 4.48904e-07 9.68521e-07 2.2504e-06 5.10468e-06 9.42389e-06 9.27227e-06 1.74733e-06 7.83778e-09 5.44879e-14 2.49275e-15 5.58758e-16 3.63919e-16 7.92954e-16 8.78248e-15 8.18309e-11 5.13332e-07 1.7818e-05 4.64688e-05 4.15024e-05 2.37237e-05 1.04826e-05 3.48243e-06 6.34946e-07 0 
0 0.000107839 0.000375272 0.000606707 0.000600571 0.00040784 0.000214515 9.79975e-05 4.2577e-05 1.88943e-05 9.0832e-06 4.96434e-06 3.1991e-06 2.48682e-06 2.35096e-06 2.68583e-06 3.63622e-06 5.65554e-06 9.69246e-06 1.73066e-05 2.94827e-05 4.00666e-05 2.80784e-05 3.4538e-06 7.9146e-09 1.53086e-14 1.42581e-15 3.63919e-16 7.27974e-16 3.65141e-15 7.66306e-14 2.25893e-11 2.69031e-07 1.18211e-05 3.29569e-05 2.98816e-05 1.71284e-05 7.57121e-06 2.51527e-06 4.58596e-07 0 
0 7.92295e-05 0.000296309 0.000553813 0.000689978 0.000624951 0.000445753 0.000274168 0.000157916 9.08866e-05 5.49138e-05 3.61584e-05 2.66535e-05 2.23587e-05 2.14683e-05 2.34866e-05 2.88656e-05 3.89556e-05 5.5922e-05 8.16159e-05 0.000112323 0.00012491 7.79493e-05 1.14123e-05 6.57172e-08 1.55236e-12 5.63111e-15 7.92954e-16 3.65141e-15 5.38718e-16 4.75703e-16 2.7872e-10 5.50787e-07 1.17881e-05 2.57434e-05 2.16388e-05 1.21292e-05 5.32705e-06 1.76651e-06 3.21914e-07 0 
0 5.5459e-05 0.000216884 0.000445028 0.000650893 0.000736776 0.000678869 0.000539792 0.000394648 0.000280771 0.000203207 0.000154529 0.000126217 0.00011217 0.000108968 0.000115361 0.000131746 0.00015958 0.000200035 0.000250255 0.000294294 0.000290006 0.000187129 4.58467e-05 1.48012e-06 1.76298e-09 1.00058e-13 8.78248e-15 7.66306e-14 4.75703e-16 5.89723e-12 2.18344e-08 2.28519e-06 1.4594e-05 2.10172e-05 1.5523e-05 8.37662e-06 3.63921e-06 1.20312e-06 2.1906e-07 0 
0 3.70551e-05 0.000148637 0.000321938 0.000519431 0.000682665 0.000760997 0.000745205 0.000667077 0.000568777 0.00047906 0.000410055 0.000363814 0.000338557 0.000332019 0.000342615 0.00036933 0.000410616 0.000461993 0.00051173 0.000534819 0.000490566 0.000344438 0.000141308 2.10694e-05 6.82168e-07 5.93792e-09 8.18309e-11 2.25893e-11 2.7872e-10 2.18344e-08 9.37796e-07 7.94172e-06 1.7101e-05 1.66014e-05 1.0784e-05 5.59524e-06 2.40284e-06 7.91719e-07 1.44015e-07 0 
0 2.36275e-05 9.60418e-05 0.000213999 0.00036407 0.000521266 0.000654549 0.00073977 0.000770911 0.00075969 0.000725586 0.000686151 0.000652947 0.000631895 0.000625022 0.000631817 0.000649677 0.000673485 0.000694635 0.000700028 0.000672095 0.000591786 0.000448477 0.000261932 9.96555e-05 2.13501e-05 2.95503e-06 5.13332e-07 2.69031e-07 5.50787e-07 2.28519e-06 7.94172e-06 1.50843e-05 1.6258e-05 1.20482e-05 7.12288e-06 3.58428e-06 1.52468e-06 5.00932e-07 9.10433e-08 0 
0 1.43296e-05 5.86224e-05 0.000132405 0.000231096 0.000345312 0.00046164 0.000565763 0.000646962 0.000701318 0.000731603 0.000744492 0.000747288 0.000745712 0.000742999 0.0007398 0.000734448 0.000723352 0.000701576 0.000663674 0.000604794 0.000521992 0.000415991 0.00029447 0.000176268 8.68282e-05 3.76811e-05 1.7818e-05 1.18211e-05 1.17881e-05 1.4594e-05 1.7101e-05 1.6258e-05 1.23805e-05 7.91662e-06 4.42645e-06 2.18445e-06 9.23254e-07 3.02714e-07 5.49827e-08 0 
0 8.20377e-06 3.36587e-05 7.64785e-05 0.000134994 0.000205571 0.000282785 0.000360153 0.000431395 0.000491756 0.000538777 0.000572189 0.000593162 0.000603341 0.000604102 0.000596166 0.000579581 0.00055397 0.000518933 0.000474461 0.000421245 0.000360775 0.00029537 0.000228386 0.000164738 0.000110662 7.11062e-05 4.64688e-05 3.29569e-05 2.57434e-05 2.10172e-05 1.66014e-05 1.20482e-05 7.91662e-06 4.72772e-06 2.57012e-06 1.25497e-06 5.28425e-07 1.73039e-07 3.14165e-08 0 
0 4.37278e-06 1.79627e-05 4.09156e-05 7.25518e-05 0.000111334 0.000154945 0.00020051 0.000244964 0.000285479 0.000319815 0.000346506 0.00036482 0.000374594 0.000376032 0.000369553 0.00035572 0.000335261 0.000309103 0.000278403 0.000244523 0.000208946 0.000173189 0.00013875 0.00010714 7.98209e-05 5.78747e-05 4.15024e-05 2.98816e-05 2.16388e-05 1.5523e-05 1.0784e-05 7.12288e-06 4.42645e-06 2.57012e-06 1.37976e-06 6.7029e-07 2.81688e-07 9.21778e-08 1.67316e-08 0 
0 2.11736e-06 8.70207e-06 1.98408e-05 3.52432e-05 5.42386e-05 7.58141e-05 9.86989e-05 0.000121488 0.00014279 0.000161363 0.000176226 0.000186708 0.000192455 0.00019341 0.000189769 0.000181947 0.000170533 0.000156258 0.000139941 0.000122437 0.000104576 8.71135e-05 7.06975e-05 5.58537e-05 4.29711e-05 3.22635e-05 2.37237e-05 1.71284e-05 1.21292e-05 8.37662e-06 5.59524e-06 3.58428e-06 2.18445e-06 1.25497e-06 6.7029e-07 3.24901e-07 1.36415e-07 4.46241e-08 8.09887e-09 0 
0 8.8858e-07 3.65264e-06 8.33103e-06 1.48078e-05 2.28123e-05 3.19358e-05 4.1663e-05 5.14173e-05 6.06132e-05 6.87085e-05 7.52499e-05 7.99054e-05 8.24814e-05 8.29259e-05 8.132e-05 7.78599e-05 7.2834e-05 6.65939e-05 5.95248e-05 5.20146e-05 4.44263e-05 3.70766e-05 3.02213e-05 2.40492e-05 1.86795e-05 1.41624e-05 1.04826e-05 7.57121e-06 5.32705e-06 3.63921e-06 2.40284e-06 1.52468e-06 9.23254e-07 5.28425e-07 2.81688e-07 1.36415e-07 5.72536e-08 1.87258e-08 3.39836e-09 0 
0 2.90612e-07 1.19469e-06 2.72522e-06 4.84495e-06 7.46657e-06 1.04581e-05 1.3653e-05 1.68641e-05 1.98997e-05 2.25803e-05 2.47532e-05 2.63043e-05 2.71652e-05 2.73156e-05 2.6782e-05 2.5631e-05 2.39614e-05 2.18934e-05 1.95575e-05 1.70837e-05 1.4592e-05 1.21858e-05 9.94666e-06 7.93265e-06 6.1784e-06 4.69687e-06 3.48243e-06 2.51527e-06 1.76651e-06 1.20312e-06 7.91719e-07 5.00932e-07 3.02714e-07 1.73039e-07 9.21778e-08 4.46241e-08 1.87258e-08 6.12419e-09 1.11139e-09 0 
0 5.2739e-08 2.16812e-07 4.94596e-07 8.79368e-07 1.35535e-06 1.8987e-06 2.4793e-06 3.06326e-06 3.61578e-06 4.10415e-06 4.50042e-06 4.78356e-06 4.94085e-06 4.96846e-06 4.87115e-06 4.66117e-06 4.3567e-06 3.97986e-06 3.55459e-06 3.10465e-06 2.65192e-06 2.2151e-06 1.80885e-06 1.44353e-06 1.12518e-06 8.55993e-07 6.34946e-07 4.58596e-07 3.21914e-07 2.1906e-07 1.44015e-07 9.10433e-08 5.49827e-08 3.14165e-08 1.67316e-08 8.09887e-09 3.39836e-09 1.11139e-09 2.01686e-10 0 
0 0 0 0 0 0 0 0 0 0 0 0 0 0 0 0 0 0 0 0 0 0 0 0 0 0 0 0 0 0 0 0 0 0 0 0 0 0 0 0 0 
