0 0 0 0 0 0 0 0 0 0 0 0 0 0 0 0 0 0 0 0 0 0 0 0 0 0 0 0 0 0 0 0 0 0 0 0 0 0 0 0 0 
0 1.32425e-05 5.18404e-05 0.000108207 0.000167209 0.00021234 0.000234554 0.000235159 0.000221607 0.000202019 0.000182314 0.000165832 0.000154038 0.000147345 0.000145699 0.000148876 0.000156562 0.000168268 0.000183157 0.000199831 0.000216195 0.000229512 0.000236757 0.000235289 0.000223665 0.000202285 0.000173494 0.000140969 0.000108634 7.95989e-05 5.56109e-05 3.71105e-05 2.36455e-05 1.43349e-05 8.20512e-06 4.37309e-06 2.11742e-06 8.8859e-07 2.90613e-07 5.27391e-08 0 
0 5.18404e-05 0.000189331 0.000345735 0.000431019 0.000409205 0.000320681 0.000222913 0.000146096 9.49111e-05 6.36673e-05 4.55624e-05 3.56379e-05 3.09357e-05 2.99826e-05 3.23512e-05 3.84479e-05 4.94829e-05 6.75186e-05 9.54108e-05 0.000136345 0.000192606 0.000263417 0.00034239 0.000416236 0.000467084 0.000479364 0.000448107 0.000382284 0.000299811 0.000218377 0.000149187 9.62185e-05 5.86725e-05 3.36712e-05 1.79655e-05 8.70261e-06 3.65273e-06 1.1947e-06 2.16813e-07 0 
0 0.000108207 0.000345735 0.000489141 0.000414015 0.000242218 0.000111165 4.445e-05 1.68811e-05 6.56774e-06 2.80023e-06 1.38526e-06 8.305e-07 6.20215e-07 5.82865e-07 6.84782e-07 9.84388e-07 1.67477e-06 3.23597e-06 6.78782e-06 1.47773e-05 3.203e-05 6.66922e-05 0.000129559 0.000229389 0.000362987 0.000504602 0.000607902 0.000631111 0.000568327 0.000451914 0.000324613 0.000214873 0.000132651 7.6539e-05 4.09287e-05 1.98432e-05 8.33141e-06 2.72527e-06 4.94599e-07 0 
0 0.000167209 0.000431019 0.000414015 0.000205205 6.40772e-05 1.47667e-05 2.85696e-06 5.23077e-07 1.01793e-07 2.34573e-08 7.02257e-09 2.93159e-09 1.78386e-09 1.60772e-09 2.12123e-09 3.9516e-09 9.83095e-09 3.04903e-08 1.09344e-07 4.20587e-07 1.61894e-06 5.87819e-06 1.92253e-05 5.48288e-05 0.000133493 0.000273345 0.00046391 0.000643109 0.000723899 0.00067062 0.000528072 0.000367063 0.000231954 0.000135203 7.25962e-05 3.52513e-05 1.4809e-05 4.84509e-06 8.79376e-07 0 
0 0.00021234 0.000409205 0.000242218 6.40772e-05 9.55476e-06 9.57868e-07 7.60776e-08 5.66918e-09 4.69653e-10 5.07051e-11 8.17695e-12 2.18572e-12 1.03351e-12 8.84687e-13 1.34659e-12 3.4519e-12 1.3713e-11 7.61838e-11 5.29071e-10 4.10545e-09 3.20839e-08 2.31006e-07 1.42911e-06 7.23784e-06 2.91949e-05 9.27646e-05 0.000231354 0.000449768 0.000673291 0.000774443 0.000702732 0.000529018 0.000347643 0.000206148 0.000111455 5.42603e-05 2.28155e-05 7.46693e-06 1.35538e-06 0 
0 0.000234554 0.000320681 0.000111165 1.47667e-05 9.57868e-07 3.71584e-08 1.06677e-09 2.84755e-11 8.90222e-13 4.04733e-14 3.22248e-15 5.17829e-16 1.83557e-16 1.48134e-16 2.65463e-16 9.79817e-16 6.63988e-15 7.17207e-14 1.05838e-12 1.82909e-11 3.20902e-10 5.05431e-09 6.48538e-08 6.33236e-07 4.52484e-06 2.33654e-05 8.77418e-05 0.000242288 0.000492285 0.000729584 0.000795884 0.000670358 0.000466798 0.000284103 0.000155223 7.58635e-05 3.1943e-05 1.04589e-05 1.89875e-06 0 
0 0.000235159 0.000222913 4.445e-05 2.85696e-06 7.60776e-08 1.06677e-09 1.03015e-11 9.16938e-14 1.01093e-15 1.82225e-17 6.99944e-19 8.34815e-20 3.42624e-20 2.92532e-20 4.40977e-20 1.63433e-19 1.76211e-18 3.85092e-17 1.27275e-15 5.17816e-14 2.15736e-12 7.8538e-11 2.20275e-09 4.35261e-08 5.74974e-07 4.98734e-06 2.87112e-05 0.000112706 0.000308748 0.000592011 0.000792731 0.000765969 0.000575309 0.000362717 0.000201059 9.87963e-05 4.16771e-05 1.36545e-05 2.47939e-06 0 
0 0.000221607 0.000146096 1.68811e-05 5.23077e-07 5.66918e-09 2.84755e-11 9.16938e-14 2.69831e-16 1.04554e-18 1.09208e-20 1.29268e-21 4.75127e-22 3.19823e-22 2.95441e-22 3.36482e-22 5.88456e-22 1.83918e-21 2.19334e-20 1.39039e-18 1.33782e-16 1.33234e-14 1.12829e-12 6.96263e-11 2.80381e-09 6.8982e-08 1.01203e-06 8.95815e-06 4.96761e-05 0.000180385 0.000439852 0.000720857 0.000807447 0.000662112 0.000435734 0.000245918 0.000121658 5.14417e-05 1.68667e-05 3.06341e-06 0 
0 0.000202019 9.49111e-05 6.56774e-06 1.01793e-07 4.69653e-10 8.90222e-13 1.01093e-15 1.04554e-18 2.4948e-21 8.80215e-23 3.04606e-23 2.19327e-23 1.88667e-23 1.80214e-23 1.81902e-23 2.09955e-23 2.78705e-23 1.05061e-22 2.68736e-21 4.57211e-19 1.03791e-16 1.9582e-14 2.55369e-12 2.0219e-10 8.98753e-09 2.17605e-07 2.90334e-06 2.23131e-05 0.000104908 0.00031662 0.0006226 0.00080428 0.000722454 0.000498259 0.000286952 0.000143054 6.06512e-05 1.99038e-05 3.61601e-06 0 
0 0.000182314 6.36673e-05 2.80023e-06 2.34573e-08 5.07051e-11 4.04733e-14 1.82225e-17 1.09208e-20 8.80215e-23 6.08239e-24 2.53917e-24 2.35922e-24 2.32459e-24 2.26591e-24 2.13155e-24 1.9594e-24 1.78148e-24 3.45972e-24 3.65915e-23 3.37797e-21 1.37496e-18 5.27752e-16 1.33686e-13 1.92871e-11 1.44995e-09 5.48273e-08 1.05467e-06 1.08369e-05 6.3881e-05 0.000231021 0.000529458 0.000775118 0.000758184 0.000547553 0.000321869 0.000161736 6.87621e-05 2.2586e-05 4.10448e-06 0 
0 0.000165832 4.55624e-05 1.38526e-06 7.02257e-09 8.17695e-12 3.22248e-15 6.99944e-19 1.29268e-21 3.04606e-23 2.53917e-24 5.84724e-25 4.03869e-25 3.96948e-25 3.87169e-25 3.48694e-25 2.86231e-25 2.32546e-25 4.27022e-25 3.5637e-24 1.4417e-22 4.1213e-20 2.74002e-17 1.19325e-14 2.80882e-12 3.24258e-10 1.76503e-08 4.58085e-07 5.9709e-06 4.23018e-05 0.000176626 0.000456186 0.000737983 0.000775336 0.000583024 0.000349118 0.000176706 7.53191e-05 2.47606e-05 4.50084e-06 0 
0 0.000154038 3.56379e-05 8.305e-07 2.93159e-09 2.18572e-12 5.17829e-16 8.34815e-20 4.75128e-22 2.19327e-23 2.35923e-24 4.03869e-25 1.28928e-25 8.72275e-26 7.7712e-26 6.70214e-26 5.32369e-26 5.20777e-26 1.54304e-25 1.30865e-24 3.01932e-23 3.88212e-21 3.23187e-18 2.0794e-15 6.96619e-13 1.09564e-10 7.75673e-09 2.49935e-07 3.86918e-06 3.12963e-05 0.000144725 0.000406359 0.00070542 0.000780958 0.00060556 0.00036788 0.000187275 7.99875e-05 2.6313e-05 4.78405e-06 0 
0 0.000147345 3.09357e-05 6.20215e-07 1.78386e-09 1.03351e-12 1.83557e-16 3.42624e-20 3.19824e-22 1.88667e-23 2.32459e-24 3.96948e-25 8.72276e-26 3.05076e-26 1.88119e-26 1.46724e-26 1.29937e-26 2.26767e-26 1.04058e-25 8.45857e-25 1.4909e-23 1.24228e-21 9.60491e-19 7.6981e-16 3.14974e-13 5.90266e-11 4.85033e-09 1.76692e-07 3.01578e-06 2.62955e-05 0.000128784 0.000378819 0.000684209 0.000780783 0.000616627 0.000377923 0.000193076 8.25715e-05 2.71747e-05 4.94139e-06 0 
0 0.000145699 2.99826e-05 5.82865e-07 1.60772e-09 8.84687e-13 1.48134e-16 2.92533e-20 2.95442e-22 1.80214e-23 2.26591e-24 3.8717e-25 7.77121e-26 1.88119e-26 6.7591e-27 4.22013e-27 5.33927e-27 1.71527e-26 9.35969e-26 7.59244e-25 1.28362e-23 9.94734e-22 7.43857e-19 6.2363e-16 2.65928e-13 5.16764e-11 4.37951e-09 1.63648e-07 2.85001e-06 2.52354e-05 0.000125049 0.000371428 0.000676862 0.00077815 0.000617529 0.000379414 0.000194043 8.30178e-05 2.73254e-05 4.96902e-06 0 
0 0.000148876 3.23512e-05 6.84782e-07 2.12123e-09 1.34659e-12 2.65463e-16 4.40977e-20 3.36482e-22 1.81902e-23 2.13156e-24 3.48695e-25 6.70216e-26 1.46724e-26 4.22013e-27 2.44296e-27 4.34599e-27 1.73816e-26 1.01402e-25 8.95343e-25 1.7682e-23 1.76354e-21 1.45603e-18 1.07931e-15 4.11271e-13 7.24248e-11 5.64507e-09 1.96872e-07 3.24491e-06 2.75351e-05 0.000132091 0.000382485 0.000682952 0.000773803 0.000609006 0.00037277 0.000190371 8.14073e-05 2.67913e-05 4.87168e-06 0 
0 0.000156562 3.84479e-05 9.84388e-07 3.9516e-09 3.4519e-12 9.79817e-16 1.63433e-19 5.88456e-22 2.09956e-23 1.9594e-24 2.86232e-25 5.32369e-26 1.29937e-26 5.33926e-27 4.34598e-27 6.99131e-27 2.3338e-26 1.37658e-25 1.47267e-24 4.45218e-23 8.2023e-21 6.62034e-18 3.7147e-15 1.0999e-12 1.55289e-10 1.00305e-08 2.99635e-07 4.36538e-06 3.36801e-05 0.000150245 0.000410658 0.000699605 0.00076612 0.000591204 0.000358593 0.000182481 7.79375e-05 2.56393e-05 4.66164e-06 0 
0 0.000168268 4.94829e-05 1.67477e-06 9.83095e-09 1.3713e-11 6.63988e-15 1.76211e-18 1.83918e-21 2.78705e-23 1.78149e-24 2.32547e-25 5.20778e-26 2.26767e-26 1.71527e-26 1.73815e-26 2.3338e-26 5.55981e-26 3.05811e-25 4.46087e-24 2.75384e-22 1.06678e-19 6.12043e-17 2.27834e-14 4.6561e-12 4.74959e-10 2.32701e-08 5.53573e-07 6.72794e-06 4.51363e-05 0.000180883 0.00045378 0.00072116 0.000751574 0.000563909 0.000337671 0.000170979 7.28986e-05 2.39683e-05 4.3571e-06 0 
0 0.000183157 6.75186e-05 3.23597e-06 3.04903e-08 7.61838e-11 7.17207e-14 3.85092e-17 2.19334e-20 1.05061e-22 3.45972e-24 4.27022e-25 1.54303e-25 1.04058e-25 9.35967e-26 1.01401e-25 1.37658e-25 3.05811e-25 1.83241e-24 4.9025e-23 7.49766e-21 2.90963e-18 9.74692e-16 2.17356e-13 2.79403e-11 1.89735e-09 6.57505e-08 1.17605e-06 1.13943e-05 6.4185e-05 0.000224812 0.000506266 0.000738349 0.000725402 0.000526935 0.000311002 0.000156607 6.66445e-05 2.18988e-05 3.98017e-06 0 
0 0.000199831 9.54108e-05 6.78782e-06 1.09344e-07 5.29071e-10 1.05838e-12 1.27275e-15 1.39039e-18 2.68736e-21 3.65915e-23 3.5637e-24 1.30865e-24 8.45856e-25 7.59243e-25 8.95342e-25 1.47267e-24 4.46087e-24 4.9025e-23 3.01535e-21 5.74222e-19 1.24209e-16 2.23111e-14 2.77526e-12 2.10015e-10 8.944e-09 2.08166e-07 2.68277e-06 2.00487e-05 9.25251e-05 0.000278044 0.000554718 0.000737622 0.000682521 0.000480515 0.000279814 0.000140199 5.95624e-05 1.95615e-05 3.55482e-06 0 
0 0.000216195 0.000136345 1.47773e-05 4.20587e-07 4.10545e-09 1.82909e-11 5.17816e-14 1.33782e-16 4.57211e-19 3.37797e-21 1.4417e-22 3.01932e-23 1.49089e-23 1.28362e-23 1.7682e-23 4.45217e-23 2.75383e-22 7.49766e-21 5.74222e-19 6.0661e-17 6.62486e-15 6.11447e-13 4.06286e-11 1.7322e-09 4.42785e-08 6.64149e-07 5.95967e-06 3.35621e-05 0.000125376 0.000322271 0.000572382 0.000701608 0.000618647 0.000425558 0.000245518 0.000122619 5.20412e-05 1.70865e-05 3.10482e-06 0 
0 0.000229512 0.000192606 3.203e-05 1.61894e-06 3.20839e-08 3.20902e-10 2.15736e-12 1.33234e-14 1.03791e-16 1.37496e-18 4.1213e-20 3.88212e-21 1.24228e-21 9.94734e-22 1.76354e-21 8.2023e-21 1.06678e-19 2.90963e-18 1.24209e-16 6.62486e-15 3.6104e-13 1.68613e-11 5.84669e-10 1.35534e-08 1.97911e-07 1.80733e-06 1.07665e-05 4.47609e-05 0.000137026 0.000312539 0.000518196 0.000612411 0.000531465 0.000363712 0.000209627 0.000104701 4.44448e-05 1.45941e-05 2.65204e-06 0 
0 0.000236757 0.000263417 6.66922e-05 5.87819e-06 2.31006e-07 5.05431e-09 7.8538e-11 1.12829e-12 1.9582e-14 5.27752e-16 2.74002e-17 3.23187e-18 9.60491e-19 7.43857e-19 1.45603e-18 6.62034e-18 6.12043e-17 9.74692e-16 2.23111e-14 6.11447e-13 1.68613e-11 3.9947e-10 7.07927e-09 8.39234e-08 6.24948e-07 2.99181e-06 1.04198e-05 3.09459e-05 8.44094e-05 0.000199175 0.000360199 0.000461149 0.000422155 0.000297351 0.000173657 8.72007e-05 3.70895e-05 1.21872e-05 2.21518e-06 0 
0 0.000235289 0.00034239 0.000129559 1.92253e-05 1.42911e-06 6.48538e-08 2.20275e-09 6.96263e-11 2.55369e-12 1.33686e-13 1.19325e-14 2.0794e-15 7.6981e-16 6.2363e-16 1.07931e-15 3.7147e-15 2.27834e-14 2.17356e-13 2.77526e-12 4.06286e-11 5.84669e-10 7.07927e-09 6.11239e-08 3.17109e-07 8.8058e-07 1.42393e-06 1.97309e-06 3.8439e-06 1.2446e-05 4.8871e-05 0.00014751 0.000268785 0.000298463 0.000229781 0.000139091 7.07616e-05 3.02308e-05 9.94771e-06 1.80892e-06 0 
0 0.000223665 0.000416236 0.000229389 5.48288e-05 7.23784e-06 6.33236e-07 4.35261e-08 2.80381e-09 2.0219e-10 1.92871e-11 2.80882e-12 6.96619e-13 3.14974e-13 2.65928e-13 4.11271e-13 1.0999e-12 4.6561e-12 2.79403e-11 2.10015e-10 1.7322e-09 1.35534e-08 8.39234e-08 3.17109e-07 5.0966e-07 2.53235e-07 4.6362e-08 9.37074e-09 9.41637e-09 7.56326e-08 1.6284e-06 2.22967e-05 0.000102737 0.000178899 0.0001658 0.00010741 5.59044e-05 2.40567e-05 7.93345e-06 1.44358e-06 0 
0 0.000202285 0.000467084 0.000362987 0.000133493 2.91949e-05 4.52484e-06 5.74974e-07 6.8982e-08 8.98753e-09 1.44995e-09 3.24258e-10 1.09564e-10 5.90266e-11 5.16764e-11 7.24248e-11 1.55289e-10 4.74959e-10 1.89735e-09 8.944e-09 4.42785e-08 1.97911e-07 6.24948e-07 8.8058e-07 2.53235e-07 6.43111e-09 1.84902e-11 7.70654e-14 2.22226e-14 2.03428e-12 2.09582e-09 7.48373e-07 2.23024e-05 8.84906e-05 0.000111507 8.00462e-05 4.30132e-05 1.86856e-05 6.17905e-06 1.12522e-06 0 
0 0.000173494 0.000479364 0.000504602 0.000273345 9.27646e-05 2.33654e-05 4.98734e-06 1.01203e-06 2.17605e-07 5.48273e-08 1.76503e-08 7.75673e-09 4.85033e-09 4.37951e-09 5.64507e-09 1.00305e-08 2.32701e-08 6.57505e-08 2.08166e-07 6.64149e-07 1.80733e-06 2.99181e-06 1.42393e-06 4.6362e-08 1.84902e-11 2.56094e-16 2.63321e-15 1.5591e-15 3.3024e-15 1.34145e-13 6.88578e-09 3.14932e-06 3.86344e-05 7.17657e-05 5.80615e-05 3.22981e-05 1.41673e-05 4.69738e-06 8.56021e-07 0 
0 0.000140969 0.000448107 0.000607902 0.00046391 0.000231354 8.77418e-05 2.87112e-05 8.95815e-06 2.90334e-06 1.05467e-06 4.58085e-07 2.49935e-07 1.76692e-07 1.63648e-07 1.96872e-07 2.99635e-07 5.53573e-07 1.17605e-06 2.68277e-06 5.95967e-06 1.07665e-05 1.04198e-05 1.97309e-06 9.37074e-09 7.70654e-14 2.63321e-15 4.94559e-16 2.76439e-16 3.38764e-16 3.25619e-15 9.99928e-11 5.57051e-07 1.83621e-05 4.69579e-05 4.16474e-05 2.37503e-05 1.04862e-05 3.48281e-06 6.34967e-07 0 
0 0.000108634 0.000382284 0.000631111 0.000643109 0.000449768 0.000242288 0.000112706 4.96761e-05 2.23131e-05 1.08369e-05 5.9709e-06 3.86918e-06 3.01578e-06 2.85001e-06 3.24491e-06 4.36538e-06 6.72794e-06 1.13943e-05 2.00487e-05 3.35621e-05 4.47609e-05 3.09459e-05 3.8439e-06 9.41637e-09 2.22226e-14 1.5591e-15 2.76439e-16 3.45009e-16 1.75568e-15 4.32872e-14 2.80284e-11 2.93075e-07 1.21907e-05 3.33027e-05 2.99833e-05 1.71468e-05 7.57373e-06 2.51553e-06 4.5861e-07 0 
0 7.95989e-05 0.000299811 0.000568327 0.000723899 0.000673291 0.000492285 0.000308748 0.000180385 0.000104908 6.3881e-05 4.23018e-05 3.12963e-05 2.62955e-05 2.52354e-05 2.75351e-05 3.36801e-05 4.51363e-05 6.4185e-05 9.25251e-05 0.000125376 0.000137026 8.44094e-05 1.2446e-05 7.56326e-08 2.03428e-12 3.3024e-15 3.38764e-16 1.75568e-15 2.49475e-16 4.85997e-16 3.31824e-10 5.91582e-07 1.20993e-05 2.59731e-05 2.17016e-05 1.21403e-05 5.32857e-06 1.76666e-06 3.21922e-07 0 
0 5.56109e-05 0.000218377 0.000451914 0.00067062 0.000774443 0.000729584 0.000592011 0.000439852 0.00031662 0.000231021 0.000176626 0.000144725 0.000128784 0.000125049 0.000132091 0.000150245 0.000180883 0.000224812 0.000278044 0.000322271 0.000312539 0.000199175 4.8871e-05 1.6284e-06 2.09582e-09 1.34145e-13 3.25619e-15 4.32872e-14 4.85997e-16 7.35767e-12 2.44387e-08 2.3978e-06 1.48629e-05 2.11526e-05 1.55564e-05 8.38244e-06 3.64001e-06 1.2032e-06 2.19064e-07 0 
0 3.71105e-05 0.000149187 0.000324613 0.000528072 0.000702732 0.000795884 0.000792731 0.000720857 0.0006226 0.000529458 0.000456186 0.000406359 0.000378819 0.000371428 0.000382485 0.000410658 0.00045378 0.000506266 0.000554718 0.000572382 0.000518196 0.000360199 0.00014751 2.22967e-05 7.48373e-07 6.88578e-09 9.99928e-11 2.80284e-11 3.31824e-10 2.44387e-08 9.95399e-07 8.15825e-06 1.72866e-05 1.66677e-05 1.0799e-05 5.59784e-06 2.4032e-06 7.91757e-07 1.44018e-07 0 
0 2.36455e-05 9.62185e-05 0.000214873 0.000367063 0.000529018 0.000670358 0.000765969 0.000807447 0.00080428 0.000775118 0.000737983 0.00070542 0.000684209 0.000676862 0.000682952 0.000699605 0.00072116 0.000738349 0.000737622 0.000701608 0.000612411 0.000461149 0.000268785 0.000102737 2.23024e-05 3.14932e-06 5.57051e-07 2.93075e-07 5.91582e-07 2.3978e-06 8.15825e-06 1.52807e-05 1.63482e-05 1.20744e-05 7.12856e-06 3.58528e-06 1.52482e-06 5.00947e-07 9.10442e-08 0 
0 1.43349e-05 5.86725e-05 0.000132651 0.000231954 0.000347643 0.000466798 0.000575309 0.000662112 0.000722454 0.000758184 0.000775336 0.000780958 0.000780783 0.00077815 0.000773803 0.00076612 0.000751574 0.000725402 0.000682521 0.000618647 0.000531465 0.000422155 0.000298463 0.000178899 8.84906e-05 3.86344e-05 1.83621e-05 1.21907e-05 1.20993e-05 1.48629e-05 1.72866e-05 1.63482e-05 1.24118e-05 7.92497e-06 4.42826e-06 2.18478e-06 9.23303e-07 3.02719e-07 5.4983e-08 0 
0 8.20512e-06 3.36712e-05 7.6539e-05 0.000135203 0.000206148 0.000284103 0.000362717 0.000435734 0.000498259 0.000547553 0.000583024 0.00060556 0.000616627 0.000617529 0.000609006 0.000591204 0.000563909 0.000526935 0.000480515 0.000425558 0.000363712 0.000297351 0.000229781 0.0001658 0.000111507 7.17657e-05 4.69579e-05 3.33027e-05 2.59731e-05 2.11526e-05 1.66677e-05 1.20744e-05 7.92497e-06 4.72994e-06 2.57062e-06 1.25507e-06 5.2844e-07 1.7304e-07 3.14166e-08 0 
0 4.37309e-06 1.79655e-05 4.09287e-05 7.25962e-05 0.000111455 0.000155223 0.000201059 0.000245918 0.000286952 0.000321869 0.000349118 0.00036788 0.000377923 0.000379414 0.00037277 0.000358593 0.000337671 0.000311002 0.000279814 0.000245518 0.000209627 0.000173657 0.000139091 0.00010741 8.00462e-05 5.80615e-05 4.16474e-05 2.99833e-05 2.17016e-05 1.55564e-05 1.0799e-05 7.12856e-06 4.42826e-06 2.57062e-06 1.37987e-06 6.70313e-07 2.81692e-07 9.21782e-08 1.67316e-08 0 
0 2.11742e-06 8.70261e-06 1.98432e-05 3.52513e-05 5.42603e-05 7.58635e-05 9.87963e-05 0.000121658 0.000143054 0.000161736 0.000176706 0.000187275 0.000193076 0.000194043 0.000190371 0.000182481 0.000170979 0.000156607 0.000140199 0.000122619 0.000104701 8.72007e-05 7.07616e-05 5.59044e-05 4.30132e-05 3.22981e-05 2.37503e-05 1.71468e-05 1.21403e-05 8.38244e-06 5.59784e-06 3.58528e-06 2.18478e-06 1.25507e-06 6.70313e-07 3.24906e-07 1.36416e-07 4.46242e-08 8.09887e-09 0 
0 8.8859e-07 3.65273e-06 8.33141e-06 1.4809e-05 2.28155e-05 3.1943e-05 4.16771e-05 5.14417e-05 6.06512e-05 6.87621e-05 7.53191e-05 7.99875e-05 8.25715e-05 8.30178e-05 8.14073e-05 7.79375e-05 7.28986e-05 6.66445e-05 5.95624e-05 5.20412e-05 4.44448e-05 3.70895e-05 3.02308e-05 2.40567e-05 1.86856e-05 1.41673e-05 1.04862e-05 7.57373e-06 5.32857e-06 3.64001e-06 2.4032e-06 1.52482e-06 9.23303e-07 5.2844e-07 2.81692e-07 1.36416e-07 5.72538e-08 1.87258e-08 3.39836e-09 0 
0 2.90613e-07 1.1947e-06 2.72527e-06 4.84509e-06 7.46693e-06 1.04589e-05 1.36545e-05 1.68667e-05 1.99038e-05 2.2586e-05 2.47606e-05 2.6313e-05 2.71747e-05 2.73254e-05 2.67913e-05 2.56393e-05 2.39683e-05 2.18988e-05 1.95615e-05 1.70865e-05 1.45941e-05 1.21872e-05 9.94771e-06 7.93345e-06 6.17905e-06 4.69738e-06 3.48281e-06 2.51553e-06 1.76666e-06 1.2032e-06 7.91757e-07 5.00947e-07 3.02719e-07 1.7304e-07 9.21782e-08 4.46242e-08 1.87258e-08 6.12419e-09 1.11139e-09 0 
0 5.27391e-08 2.16813e-07 4.94599e-07 8.79376e-07 1.35538e-06 1.89875e-06 2.47939e-06 3.06341e-06 3.61601e-06 4.10448e-06 4.50084e-06 4.78405e-06 4.94139e-06 4.96902e-06 4.87168e-06 4.66164e-06 4.3571e-06 3.98017e-06 3.55482e-06 3.10482e-06 2.65204e-06 2.21518e-06 1.80892e-06 1.44358e-06 1.12522e-06 8.56021e-07 6.34967e-07 4.5861e-07 3.21922e-07 2.19064e-07 1.44018e-07 9.10442e-08 5.4983e-08 3.14166e-08 1.67316e-08 8.09887e-09 3.39836e-09 1.11139e-09 2.01686e-10 0 
0 0 0 0 0 0 0 0 0 0 0 0 0 0 0 0 0 0 0 0 0 0 0 0 0 0 0 0 0 0 0 0 0 0 0 0 0 0 0 0 0 
