0 0 0 0 0 0 0 0 0 0 0 0 0 0 0 0 0 0 0 0 0 0 0 0 0 0 0 0 0 0 0 0 0 0 0 0 0 0 0 0 0 
0 1.34096e-05 5.32733e-05 0.000114049 0.000182813 0.000242844 0.00028149 0.000295672 0.000290594 0.000274649 0.000255307 0.000237574 0.000224171 0.000216273 0.000214178 0.000217712 0.000226366 0.000239244 0.000254903 0.000271195 0.000285241 0.000293688 0.000293315 0.000281915 0.000259141 0.000226884 0.00018887 0.000149565 0.000112912 8.14928e-05 5.63578e-05 3.73737e-05 2.37286e-05 1.43584e-05 8.21107e-06 4.37442e-06 2.11768e-06 8.88632e-07 2.90618e-07 5.27395e-08 0 
0 5.32733e-05 0.000201555 0.000391714 0.000533737 0.000562123 0.000488621 0.000373223 0.00026556 0.000185063 0.000131579 9.85472e-05 7.95769e-05 7.02953e-05 6.83317e-05 7.29285e-05 8.4658e-05 0.000105285 0.000137617 0.000185041 0.000250323 0.000333359 0.000428185 0.000520813 0.000590693 0.000617673 0.000591991 0.000520204 0.000421625 0.000318179 0.000225782 0.000151795 9.70287e-05 5.88961e-05 3.37262e-05 1.79775e-05 8.70487e-06 3.65308e-06 1.19474e-06 2.16816e-07 0 
0 0.000114049 0.000391714 0.000627899 0.00062599 0.000434263 0.000233336 0.0001077 4.66783e-05 2.04777e-05 9.69181e-06 5.21552e-06 3.32012e-06 2.5633e-06 2.42292e-06 2.78846e-06 3.83435e-06 6.11739e-06 1.09174e-05 2.09384e-05 4.14512e-05 8.15581e-05 0.000154182 0.000271896 0.000435843 0.000620962 0.000772869 0.000833501 0.000782281 0.000649309 0.000487246 0.000337495 0.000218898 0.000133748 7.68028e-05 4.09845e-05 1.98535e-05 8.33299e-06 2.72545e-06 4.94611e-07 0 
0 0.000182813 0.000533737 0.00062599 0.000391237 0.000153171 4.39017e-05 1.05362e-05 2.38091e-06 5.64235e-07 1.54645e-07 5.32787e-08 2.45876e-08 1.58191e-08 1.43989e-08 1.83583e-08 3.17593e-08 7.09722e-08 1.92762e-07 5.95283e-07 1.95561e-06 6.42667e-06 2.00396e-05 5.68256e-05 0.0001418 0.000303258 0.000542935 0.000797589 0.000952759 0.000935737 0.000779064 0.000571269 0.000381077 0.0002358 0.000136118 7.2786e-05 3.52853e-05 1.48141e-05 4.84567e-06 8.79412e-07 0 
0 0.000242844 0.000562123 0.000434263 0.000153171 3.05901e-05 4.15937e-06 4.52738e-07 4.61322e-08 5.12877e-09 7.1743e-10 1.42695e-10 4.43061e-11 2.27709e-11 1.97848e-11 2.86173e-11 6.56907e-11 2.22332e-10 1.01292e-09 5.62288e-09 3.44275e-08 2.12052e-07 1.21447e-06 6.08028e-06 2.54698e-05 8.67652e-05 0.000235733 0.000501504 0.000820282 0.00102599 0.00100475 0.000809551 0.000566519 0.000358254 0.000208678 0.000111974 5.43519e-05 2.2829e-05 7.46842e-06 1.35547e-06 0 
0 0.00028149 0.000488621 0.000233336 4.39017e-05 4.15937e-06 2.43646e-07 1.07723e-08 4.41931e-10 2.06925e-11 1.34258e-12 1.42605e-13 2.81639e-14 1.12e-14 9.22715e-15 1.54118e-14 4.88518e-14 2.65533e-13 2.18337e-12 2.36782e-11 2.95254e-10 3.72813e-09 4.27479e-08 4.086e-07 3.06652e-06 1.74463e-05 7.40641e-05 0.000232924 0.000536868 0.000894572 0.00108367 0.000998362 0.00075065 0.00049086 0.000289947 0.00015642 7.60722e-05 3.19732e-05 1.04622e-05 1.89895e-06 0 
0 0.000295672 0.000373223 0.0001077 1.05362e-05 4.52738e-07 1.07723e-08 1.81345e-10 2.80678e-12 5.20581e-14 1.48402e-15 8.05379e-17 9.80363e-18 2.96807e-18 2.31126e-18 4.49332e-18 2.00907e-17 1.81262e-16 2.80356e-15 6.22591e-14 1.66263e-12 4.53013e-11 1.09342e-09 2.09131e-08 2.93074e-07 2.87563e-06 1.94311e-05 9.06602e-05 0.000293735 0.00065747 0.00101072 0.00109793 0.000907468 0.000621346 0.000374284 0.000203447 9.92102e-05 4.17362e-05 1.36609e-05 2.47976e-06 0 
0 0.000290594 0.00026556 4.66783e-05 2.38091e-06 4.61322e-08 4.41931e-10 2.80678e-12 1.62471e-14 1.18415e-16 1.47523e-18 4.29483e-20 4.42463e-21 1.60495e-21 1.31969e-21 2.16292e-21 8.87568e-21 1.12601e-19 3.23138e-18 1.47748e-16 8.50469e-15 5.03444e-13 2.57612e-11 9.9314e-10 2.6173e-08 4.45427e-07 4.79749e-06 3.29741e-05 0.000147726 0.000436926 0.000850625 0.00110374 0.00101871 0.000738053 0.000455715 0.000250105 0.000122384 5.15447e-05 1.68777e-05 3.06404e-06 0 
0 0.000274649 0.000185063 2.04777e-05 5.64235e-07 5.12877e-09 2.06925e-11 5.20581e-14 1.18415e-16 3.56839e-19 2.36732e-21 9.39945e-23 1.88819e-23 9.52371e-24 8.27816e-24 1.11623e-23 2.83103e-23 1.85811e-22 5.41896e-21 4.61191e-19 5.49635e-17 6.79815e-15 7.10306e-13 5.33214e-11 2.56319e-09 7.37092e-08 1.23703e-06 1.22495e-05 7.39454e-05 0.000280778 0.000677312 0.0010434 0.00108017 0.000832779 0.000528872 0.000293502 0.000144194 6.08123e-05 1.99208e-05 3.61699e-06 0 
0 0.000255307 0.000131579 9.69181e-06 1.54645e-07 7.1743e-10 1.34258e-12 1.48402e-15 1.47523e-18 2.36732e-21 1.89095e-23 1.13091e-24 3.54596e-25 2.31052e-25 2.09408e-25 2.428e-25 4.19845e-25 1.65296e-24 3.00814e-23 2.83052e-21 6.12729e-19 1.45702e-16 2.87031e-14 3.89567e-12 3.19609e-10 1.46618e-08 3.6529e-07 5.00296e-06 3.92198e-05 0.000184361 0.000533224 0.000955036 0.00110072 0.000902347 0.000589771 0.000331113 0.000163356 6.89908e-05 2.26101e-05 4.10585e-06 0 
0 0.000237574 9.85472e-05 5.21552e-06 5.32787e-08 1.42695e-10 1.42605e-13 8.05379e-17 4.29483e-20 9.39946e-23 1.13092e-24 5.81763e-26 1.65111e-26 1.20119e-26 1.11518e-26 1.16812e-26 1.61296e-26 5.36985e-26 8.66591e-25 6.06168e-23 1.56596e-20 6.23812e-18 2.06285e-15 4.54226e-13 5.76902e-11 3.87813e-09 1.33537e-07 2.385e-06 2.31239e-05 0.00012891 0.00043003 0.000868878 0.00109577 0.000948158 0.000636143 0.000361006 0.000178805 7.56156e-05 2.47917e-05 4.50261e-06 0 
0 0.000224171 7.95769e-05 3.32012e-06 2.45876e-08 4.43061e-11 2.81639e-14 9.80363e-18 4.42464e-21 1.88819e-23 3.54598e-25 1.65112e-26 1.9841e-27 9.72513e-28 8.63497e-28 8.57725e-28 1.23854e-27 6.41734e-27 1.21028e-25 6.38967e-24 1.2048e-21 6.36652e-19 3.05698e-16 9.54701e-14 1.66276e-11 1.47345e-09 6.4121e-08 1.38786e-06 1.56867e-05 9.87749e-05 0.000364342 0.000801885 0.00108041 0.000974254 0.000667249 0.000381934 0.000189774 8.03409e-05 2.63501e-05 4.78615e-06 0 
0 0.000216273 7.02953e-05 2.5633e-06 1.58191e-08 2.27709e-11 1.12e-14 2.96807e-18 1.60495e-21 9.52375e-24 2.31054e-25 1.2012e-26 9.72523e-28 1.57456e-28 8.57886e-29 8.98936e-29 2.65319e-28 2.65694e-27 5.15095e-26 2.2114e-24 3.12357e-22 1.73092e-19 1.02478e-16 3.90386e-14 8.13732e-12 8.43949e-10 4.19698e-08 1.01361e-06 1.25028e-05 8.43521e-05 0.000329269 0.000760789 0.00106546 0.000985083 0.000683365 0.000393304 0.000195824 8.29607e-05 2.72156e-05 4.9437e-06 0 
0 0.000214178 6.83317e-05 2.42292e-06 1.43989e-08 1.97848e-11 9.22715e-15 2.31126e-18 1.31969e-21 8.27819e-24 2.09409e-25 1.11519e-26 8.63507e-28 8.57895e-29 1.76462e-29 2.54282e-29 1.8033e-28 2.20507e-27 4.27099e-26 1.76139e-24 2.35324e-22 1.29887e-19 8.03227e-17 3.19135e-14 6.9117e-12 7.41396e-10 3.79426e-08 9.38234e-07 1.17931e-05 8.07671e-05 0.000319328 0.000746608 0.00105646 0.000983855 0.000685225 0.000395082 0.000196848 8.34157e-05 2.73672e-05 4.97138e-06 0 
0 0.000217712 7.29285e-05 2.78846e-06 1.83583e-08 2.86173e-11 1.54118e-14 4.49332e-18 2.16293e-21 1.11624e-23 2.42802e-25 1.16813e-26 8.57735e-28 8.98943e-29 2.5428e-29 3.98863e-29 2.42368e-28 2.931e-27 6.15435e-26 2.93085e-24 4.68473e-22 2.60535e-19 1.43535e-16 5.10845e-14 1.00197e-11 9.85727e-10 4.68865e-08 1.09186e-06 1.30843e-05 8.63375e-05 0.000331527 0.00075743 0.00105395 0.000971787 0.000673639 0.000387684 0.00019304 8.17863e-05 2.68311e-05 4.87393e-06 0 
0 0.000226366 8.4658e-05 3.83435e-06 3.17593e-08 6.56907e-11 4.88518e-14 2.00907e-17 8.87568e-21 2.83104e-23 4.19847e-25 1.61298e-26 1.23854e-27 2.65318e-28 1.80328e-28 2.42366e-28 7.83777e-28 7.56e-27 1.79419e-25 1.14779e-23 2.60863e-21 1.28016e-18 5.41373e-16 1.5026e-13 2.35496e-11 1.90428e-09 7.67182e-08 1.55902e-06 1.67633e-05 0.000101617 0.000364734 0.000788971 0.00105407 0.000948134 0.000649371 0.000371895 0.000184857 7.8275e-05 2.56748e-05 4.66366e-06 0 
0 0.000239244 0.000105285 6.11739e-06 7.09722e-08 2.22332e-10 2.65533e-13 1.81262e-16 1.12601e-19 1.85812e-22 1.65296e-24 5.36986e-26 6.41732e-27 2.65692e-27 2.20505e-27 2.93098e-27 7.55997e-27 5.76876e-26 1.54669e-24 1.43425e-22 3.87228e-20 1.33978e-17 3.82791e-15 7.36417e-13 8.28893e-11 5.01742e-09 1.58152e-07 2.62784e-06 2.40724e-05 0.000128685 0.000417743 0.000833259 0.00104906 0.000910767 0.000613253 0.000348811 0.000172962 7.31807e-05 2.39981e-05 4.3588e-06 0 
0 0.000254903 0.000137617 1.09174e-05 1.92762e-07 1.01292e-09 2.18337e-12 2.80356e-15 3.23138e-18 5.41896e-21 3.00814e-23 8.66589e-25 1.21028e-25 5.15092e-26 4.27096e-26 6.15431e-26 1.79418e-25 1.54669e-24 5.24258e-23 6.04632e-21 1.19266e-18 2.50485e-16 4.37996e-14 5.32377e-12 3.95557e-10 1.66399e-08 3.85179e-07 4.9675e-06 3.71904e-05 0.000169662 0.00048536 0.000876021 0.0010279 0.000857098 0.00056639 0.000319791 0.000158167 6.6867e-05 2.19225e-05 3.98153e-06 0 
0 0.000271195 0.000185041 2.09384e-05 5.95283e-07 5.62288e-09 2.36782e-11 6.22591e-14 1.47748e-16 4.61191e-19 2.83052e-21 6.06168e-23 6.38966e-24 2.2114e-24 1.76138e-24 2.93084e-24 1.14779e-23 1.43425e-22 6.04632e-21 5.14109e-19 5.84936e-17 6.9056e-15 6.898e-13 4.95983e-11 2.28817e-09 6.32941e-08 1.02531e-06 9.86006e-06 5.8453e-05 0.000222207 0.000551299 0.000893901 0.000977599 0.000785053 0.000510326 0.000286388 0.000141366 5.97296e-05 1.95794e-05 3.55586e-06 0 
0 0.000285241 0.000250323 4.14512e-05 1.95561e-06 3.44275e-08 2.95254e-10 1.66263e-12 8.50469e-15 5.49635e-17 6.12729e-19 1.56596e-20 1.2048e-21 3.12357e-22 2.35324e-22 4.68473e-22 2.60863e-21 3.87228e-20 1.19266e-18 5.84936e-17 3.63009e-15 2.31583e-13 1.26926e-11 5.18084e-10 1.42294e-08 2.48086e-07 2.70121e-06 1.87178e-05 8.5761e-05 0.000268474 0.000578598 0.000853843 0.000885208 0.000693789 0.000447052 0.00025025 0.000123463 5.21631e-05 1.70997e-05 3.10558e-06 0 
0 0.000293688 0.000333359 8.15581e-05 6.42667e-06 2.12052e-07 3.72813e-09 4.53013e-11 5.03444e-13 6.79815e-15 1.45702e-16 6.23812e-18 6.36652e-19 1.73092e-19 1.29887e-19 2.60535e-19 1.28016e-18 1.33978e-17 2.50485e-16 6.9056e-15 2.31583e-13 7.89146e-12 2.33514e-10 5.28337e-09 8.33792e-08 8.72822e-07 6.04153e-06 2.87634e-05 9.96659e-05 0.000260236 0.000507842 0.000719532 0.000740807 0.000584 0.00037887 0.000212999 0.000105309 4.45333e-05 1.46037e-05 2.6526e-06 0 
0 0.000293315 0.000428185 0.000154182 2.00396e-05 1.21447e-06 4.27479e-08 1.09342e-09 2.57612e-11 7.10306e-13 2.87031e-14 2.06285e-15 3.05698e-16 1.02478e-16 8.03227e-17 1.43535e-16 5.41373e-16 3.82791e-15 4.37996e-14 6.898e-13 1.26926e-11 2.33514e-10 3.73027e-09 4.57671e-08 3.91229e-07 2.21088e-06 8.46929e-06 2.46412e-05 6.26991e-05 0.000147943 0.000302753 0.00047741 0.000543589 0.000458415 0.000308276 0.000176144 8.76544e-05 3.71561e-05 1.21945e-05 2.21561e-06 0 
0 0.000281915 0.000520813 0.000271896 5.68256e-05 6.08028e-06 4.086e-07 2.09131e-08 9.9314e-10 5.33214e-11 3.89567e-12 4.54226e-13 9.54701e-14 3.90386e-14 3.19135e-14 5.10845e-14 1.5026e-13 7.36417e-13 5.32377e-12 4.95983e-11 5.18084e-10 5.28337e-09 4.57671e-08 2.90823e-07 1.16692e-06 2.68073e-06 3.82868e-06 4.833e-06 8.40852e-06 2.32983e-05 7.67745e-05 0.000197504 0.000317544 0.000324237 0.000238227 0.000141074 7.11258e-05 3.02842e-05 9.9535e-06 1.80926e-06 0 
0 0.000259141 0.000590693 0.000435843 0.0001418 2.54698e-05 3.06652e-06 2.93074e-07 2.6173e-08 2.56319e-09 3.19609e-10 5.76902e-11 1.66276e-11 8.13732e-12 6.9117e-12 1.00197e-11 2.35496e-11 8.28893e-11 3.95557e-10 2.28817e-09 1.42294e-08 8.33792e-08 3.91229e-07 1.16692e-06 1.60981e-06 7.78038e-07 1.55596e-07 3.47543e-08 3.3501e-08 2.11448e-07 3.26795e-06 3.35093e-05 0.000127085 0.00019761 0.000172846 0.000109124 5.62186e-05 2.4102e-05 7.93831e-06 1.44386e-06 0 
0 0.000226884 0.000617673 0.000620962 0.000303258 8.67652e-05 1.74463e-05 2.87563e-06 4.45427e-07 7.37092e-08 1.46618e-08 3.87813e-09 1.47345e-09 8.43949e-10 7.41396e-10 9.85727e-10 1.90428e-09 5.01742e-09 1.66399e-08 6.32941e-08 2.48086e-07 8.72822e-07 2.21088e-06 2.68073e-06 7.78038e-07 2.56581e-08 1.20708e-10 8.61993e-13 2.92753e-13 1.4616e-11 7.4833e-09 1.47632e-06 3.06052e-05 0.000101211 0.000117503 8.15765e-05 4.32916e-05 1.8725e-05 6.18317e-06 1.12545e-06 0 
0 0.00018887 0.000591991 0.000772869 0.000542935 0.000235733 7.40641e-05 1.94311e-05 4.79749e-06 1.23703e-06 3.6529e-07 1.33537e-07 6.4121e-08 4.19698e-08 3.79426e-08 4.68865e-08 7.67182e-08 1.58152e-07 3.85179e-07 1.02531e-06 2.70121e-06 6.04153e-06 8.46929e-06 3.82868e-06 1.55596e-07 1.20708e-10 2.22155e-15 1.19928e-15 2.89691e-15 6.19158e-17 1.14665e-12 2.04438e-08 5.02126e-06 4.63008e-05 7.66347e-05 5.93816e-05 3.25367e-05 1.42003e-05 4.70077e-06 8.56209e-07 0 
0 0.000149565 0.000520204 0.000833501 0.000797589 0.000501504 0.000232924 9.06602e-05 3.29741e-05 1.22495e-05 5.00296e-06 2.385e-06 1.38786e-06 1.01361e-06 9.38234e-07 1.09186e-06 1.55902e-06 2.62784e-06 4.9675e-06 9.86006e-06 1.87178e-05 2.87634e-05 2.46412e-05 4.833e-06 3.47543e-08 8.61993e-13 1.19928e-15 9.25014e-17 1.43849e-16 2.2709e-17 3.26227e-16 4.33765e-10 1.0143e-06 2.28708e-05 5.06426e-05 4.26943e-05 2.39383e-05 1.05119e-05 3.4854e-06 6.35109e-07 0 
0 0.000112912 0.000421625 0.000782281 0.000952759 0.000820282 0.000536868 0.000293735 0.000147726 7.39454e-05 3.92198e-05 2.31239e-05 1.56867e-05 1.25028e-05 1.17931e-05 1.30843e-05 1.67633e-05 2.40724e-05 3.71904e-05 5.8453e-05 8.5761e-05 9.96659e-05 6.26991e-05 8.40852e-06 3.3501e-08 2.92753e-13 2.89691e-15 1.43849e-16 2.36527e-17 9.83664e-18 2.28771e-16 1.33625e-10 5.48963e-07 1.52715e-05 3.59244e-05 3.07248e-05 1.72784e-05 7.5915e-06 2.51731e-06 4.58708e-07 0 
0 8.14928e-05 0.000318179 0.000649309 0.000935737 0.00102599 0.000894572 0.00065747 0.000436926 0.000280778 0.000184361 0.00012891 9.87749e-05 8.43521e-05 8.07671e-05 8.63375e-05 0.000101617 0.000128685 0.000169662 0.000222207 0.000268474 0.000260236 0.000147943 2.32983e-05 2.11448e-07 1.4616e-11 6.19157e-17 2.2709e-17 9.83662e-18 6.47606e-17 6.41497e-15 1.19149e-09 9.99364e-07 1.46432e-05 2.77082e-05 2.2161e-05 1.22206e-05 5.33939e-06 1.76775e-06 3.21982e-07 0 
0 5.63578e-05 0.000225782 0.000487246 0.000779064 0.00100475 0.00108367 0.00101072 0.000850625 0.000677312 0.000533224 0.00043003 0.000364342 0.000329269 0.000319328 0.000331527 0.000364734 0.000417743 0.00048536 0.000551299 0.000578598 0.000507842 0.000302753 7.67745e-05 3.26795e-06 7.4833e-09 1.14665e-12 3.26227e-16 2.28772e-16 6.41497e-15 3.75307e-11 5.59451e-08 3.41414e-06 1.69897e-05 2.21663e-05 1.58005e-05 8.42449e-06 3.64573e-06 1.20379e-06 2.19097e-07 0 
0 3.73737e-05 0.000151795 0.000337495 0.000571269 0.000809551 0.000998362 0.00109793 0.00110374 0.0010434 0.000955036 0.000868878 0.000801885 0.000760789 0.000746608 0.00075743 0.000788971 0.000833259 0.000876021 0.000893901 0.000853843 0.000719532 0.00047741 0.000197504 3.35093e-05 1.47632e-06 2.04438e-08 4.33765e-10 1.33625e-10 1.19149e-09 5.59451e-08 1.5433e-06 9.9407e-06 1.87085e-05 1.71595e-05 1.09086e-05 5.61671e-06 2.40582e-06 7.92031e-07 1.44033e-07 0 
0 2.37286e-05 9.70287e-05 0.000218898 0.000381077 0.000566519 0.00075065 0.000907468 0.00101871 0.00108017 0.00110072 0.00109577 0.00108041 0.00106546 0.00105646 0.00105395 0.00105407 0.00104906 0.0010279 0.000977599 0.000885208 0.000740807 0.000543589 0.000317544 0.000127085 3.06052e-05 5.02126e-06 1.0143e-06 5.48963e-07 9.99364e-07 3.41414e-06 9.9407e-06 1.68012e-05 1.70231e-05 1.22666e-05 7.16989e-06 3.59252e-06 1.52586e-06 5.01059e-07 9.10507e-08 0 
0 1.43584e-05 5.88961e-05 0.000133748 0.0002358 0.000358254 0.00049086 0.000621346 0.000738053 0.000832779 0.000902347 0.000948158 0.000974254 0.000985083 0.000983855 0.000971787 0.000948134 0.000910767 0.000857098 0.000785053 0.000693789 0.000584 0.000458415 0.000324237 0.00019761 0.000101211 4.63008e-05 2.28708e-05 1.52715e-05 1.46432e-05 1.69897e-05 1.87085e-05 1.70231e-05 1.26427e-05 7.98597e-06 4.44145e-06 2.18717e-06 9.23659e-07 3.02759e-07 5.49854e-08 0 
0 8.21107e-06 3.37262e-05 7.68028e-05 0.000136118 0.000208678 0.000289947 0.000374284 0.000455715 0.000528872 0.000589771 0.000636143 0.000667249 0.000683365 0.000685225 0.000673639 0.000649371 0.000613253 0.00056639 0.000510326 0.000447052 0.00037887 0.000308276 0.000238227 0.000172846 0.000117503 7.66347e-05 5.06426e-05 3.59244e-05 2.77082e-05 2.21663e-05 1.71595e-05 1.22666e-05 7.98597e-06 4.74603e-06 2.57422e-06 1.25575e-06 5.28546e-07 1.73053e-07 3.14174e-08 0 
0 4.37442e-06 1.79775e-05 4.09845e-05 7.2786e-05 0.000111974 0.00015642 0.000203447 0.000250105 0.000293502 0.000331113 0.000361006 0.000381934 0.000393304 0.000395082 0.000387684 0.000371895 0.000348811 0.000319791 0.000286388 0.00025025 0.000212999 0.000176144 0.000141074 0.000109124 8.15765e-05 5.93816e-05 4.26943e-05 3.07248e-05 2.2161e-05 1.58005e-05 1.09086e-05 7.16989e-06 4.44145e-06 2.57422e-06 1.38071e-06 6.7048e-07 2.81719e-07 9.21816e-08 1.67318e-08 0 
0 2.11768e-06 8.70487e-06 1.98535e-05 3.52853e-05 5.43519e-05 7.60722e-05 9.92102e-05 0.000122384 0.000144194 0.000163356 0.000178805 0.000189774 0.000195824 0.000196848 0.00019304 0.000184857 0.000172962 0.000158167 0.000141366 0.000123463 0.000105309 8.76544e-05 7.11258e-05 5.62186e-05 4.32916e-05 3.25367e-05 2.39383e-05 1.72784e-05 1.22206e-05 8.42449e-06 5.61671e-06 3.59252e-06 2.18717e-06 1.25575e-06 6.7048e-07 3.24941e-07 1.36422e-07 4.46249e-08 8.09893e-09 0 
0 8.88632e-07 3.65308e-06 8.33299e-06 1.48141e-05 2.2829e-05 3.19732e-05 4.17362e-05 5.15447e-05 6.08123e-05 6.89908e-05 7.56156e-05 8.03409e-05 8.29607e-05 8.34157e-05 8.17863e-05 7.8275e-05 7.31807e-05 6.6867e-05 5.97296e-05 5.21631e-05 4.45333e-05 3.71561e-05 3.02842e-05 2.4102e-05 1.8725e-05 1.42003e-05 1.05119e-05 7.5915e-06 5.33939e-06 3.64573e-06 2.40582e-06 1.52586e-06 9.23659e-07 5.28546e-07 2.81719e-07 1.36422e-07 5.72548e-08 1.8726e-08 3.39837e-09 0 
0 2.90618e-07 1.19474e-06 2.72545e-06 4.84567e-06 7.46842e-06 1.04622e-05 1.36609e-05 1.68777e-05 1.99208e-05 2.26101e-05 2.47917e-05 2.63501e-05 2.72156e-05 2.73672e-05 2.68311e-05 2.56748e-05 2.39981e-05 2.19225e-05 1.95794e-05 1.70997e-05 1.46037e-05 1.21945e-05 9.9535e-06 7.93831e-06 6.18317e-06 4.70077e-06 3.4854e-06 2.51731e-06 1.76775e-06 1.20379e-06 7.92031e-07 5.01059e-07 3.02759e-07 1.73053e-07 9.21816e-08 4.46249e-08 1.8726e-08 6.12421e-09 1.11139e-09 0 
0 5.27395e-08 2.16816e-07 4.94611e-07 8.79412e-07 1.35547e-06 1.89895e-06 2.47976e-06 3.06404e-06 3.61699e-06 4.10585e-06 4.50261e-06 4.78615e-06 4.9437e-06 4.97138e-06 4.87393e-06 4.66366e-06 4.3588e-06 3.98153e-06 3.55586e-06 3.10558e-06 2.6526e-06 2.21561e-06 1.80926e-06 1.44386e-06 1.12545e-06 8.56209e-07 6.35109e-07 4.58708e-07 3.21982e-07 2.19097e-07 1.44033e-07 9.10507e-08 5.49854e-08 3.14174e-08 1.67318e-08 8.09893e-09 3.39837e-09 1.11139e-09 2.01686e-10 0 
0 0 0 0 0 0 0 0 0 0 0 0 0 0 0 0 0 0 0 0 0 0 0 0 0 0 0 0 0 0 0 0 0 0 0 0 0 0 0 0 0 
