0 0 0 0 0 0 0 0 0 0 0 0 0 0 0 0 0 0 0 0 0 0 0 0 0 0 0 0 0 0 0 0 0 0 0 0 0 0 0 0 0 
0 1.31612e-05 5.11576e-05 0.000105536 0.000160497 0.000200147 0.00021716 0.000214242 0.000199133 0.000179461 0.000160462 0.000144924 0.000133961 0.000127802 0.000126321 0.000129293 0.000136459 0.00014744 0.000161563 0.000177659 0.000193902 0.000207824 0.000216605 0.000217643 0.00020931 0.00019159 0.000166291 0.000136633 0.000106319 7.85058e-05 5.51548e-05 3.69419e-05 2.35901e-05 1.43187e-05 8.20091e-06 4.37212e-06 2.11723e-06 8.88558e-07 2.90609e-07 5.27388e-08 0 
0 5.11576e-05 0.000183707 0.000326064 0.000391609 0.000357545 0.000270566 0.000182632 0.000116766 7.42639e-05 4.89314e-05 3.45194e-05 2.67272e-05 2.30711e-05 2.23399e-05 2.41918e-05 2.89715e-05 3.76988e-05 5.214e-05 7.48132e-05 0.000108677 0.000156183 0.000217497 0.000288237 0.000357934 0.000411171 0.000432679 0.000414778 0.000362148 0.000289529 0.000213908 0.000147516 9.5674e-05 5.85165e-05 3.36318e-05 1.79567e-05 8.70092e-06 3.65245e-06 1.19466e-06 2.16811e-07 0 
0 0.000105536 0.000326064 0.000437147 0.000347743 0.000192305 8.41045e-05 3.21857e-05 1.17229e-05 4.38532e-06 1.80562e-06 8.68124e-07 5.09918e-07 3.7649e-07 3.53122e-07 4.17834e-07 6.09886e-07 1.06067e-06 2.10534e-06 4.55041e-06 1.0219e-05 2.28377e-05 4.89526e-05 9.77362e-05 0.000177766 0.000289527 0.00041609 0.00052083 0.000563108 0.000526576 0.00043155 0.000316526 0.000212184 0.000131884 7.63487e-05 4.08874e-05 1.98355e-05 8.3302e-06 2.72512e-06 4.9459e-07 0 
0 0.000160497 0.000391609 0.000347743 0.000159348 4.63697e-05 9.97485e-06 1.79808e-06 3.06635e-07 5.57737e-08 1.21039e-08 3.45068e-09 1.39086e-09 8.29945e-10 7.45404e-10 9.95398e-10 1.90309e-09 4.91565e-09 1.59669e-08 6.03038e-08 2.44874e-07 9.9447e-07 3.79727e-06 1.2993e-05 3.85383e-05 9.71554e-05 0.000205934 0.000363805 0.000529693 0.000629646 0.000613632 0.000502296 0.000357919 0.00022929 0.000134545 7.24558e-05 3.52256e-05 1.48051e-05 4.84464e-06 8.79349e-07 0 
0 0.000200147 0.000357545 0.000192305 4.63697e-05 6.29393e-06 5.69993e-07 4.06492e-08 2.7182e-09 2.03234e-10 2.00368e-11 3.00089e-12 7.6064e-13 3.49133e-13 2.9726e-13 4.60771e-13 1.22852e-12 5.16549e-12 3.0776e-11 2.31196e-10 1.94871e-09 1.65409e-08 1.28848e-07 8.56184e-07 4.61263e-06 1.95816e-05 6.49073e-05 0.00016842 0.000342935 0.000544552 0.000669199 0.000644175 0.00050563 0.000340447 0.000204341 0.000111072 5.41913e-05 2.28053e-05 7.46578e-06 1.35531e-06 0 
0 0.00021716 0.000270566 8.41045e-05 9.97485e-06 5.69993e-07 1.9198e-08 4.74431e-10 1.08977e-11 2.95583e-13 1.18473e-14 8.50745e-16 1.26842e-16 4.31103e-17 3.45278e-17 6.34785e-17 2.47703e-16 1.8181e-15 2.16508e-14 3.56338e-13 6.90755e-12 1.35977e-10 2.39213e-09 3.3985e-08 3.62945e-07 2.79523e-06 1.53196e-05 6.03129e-05 0.000174051 0.000373216 0.00059306 0.00069691 0.000623498 0.000451032 0.000279996 0.000154346 7.57068e-05 3.192e-05 1.04564e-05 1.8986e-06 0 
0 0.000214242 0.000182632 3.21857e-05 1.79808e-06 4.06492e-08 4.74431e-10 3.77243e-12 2.764e-14 2.53352e-16 3.89384e-18 1.63707e-19 4.54131e-20 3.40881e-20 3.20088e-20 3.46814e-20 5.71254e-20 3.69678e-19 8.53855e-18 3.25146e-16 1.53615e-14 7.43232e-13 3.12468e-11 1.00155e-09 2.22914e-08 3.25873e-07 3.06725e-06 1.87963e-05 7.74977e-05 0.000223009 0.000456171 0.000661901 0.000689935 0.00054649 0.000354778 0.000199332 9.84878e-05 4.16322e-05 1.36497e-05 2.47911e-06 0 
0 0.000199133 0.000116766 1.17229e-05 3.06635e-07 2.7182e-09 1.08977e-11 2.764e-14 6.39893e-17 2.06793e-19 5.52324e-21 1.67268e-21 1.2638e-21 1.37099e-21 1.3694e-21 1.21544e-21 1.11324e-21 1.83616e-21 7.32797e-21 2.75568e-19 3.11756e-17 3.73414e-15 3.77565e-13 2.74715e-11 1.28247e-09 3.58413e-08 5.83827e-07 5.60324e-06 3.29931e-05 0.000125924 0.000325453 0.000576882 0.00070372 0.000617014 0.000422406 0.000242935 0.000121122 5.13641e-05 1.68583e-05 3.06292e-06 0 
0 0.000179461 7.42639e-05 4.38532e-06 5.57737e-08 2.03234e-10 2.95583e-13 2.53352e-16 2.06793e-19 1.28695e-21 1.94808e-22 1.33769e-22 1.37546e-22 1.64229e-22 1.67505e-22 1.40764e-22 1.10161e-22 1.11357e-22 1.41157e-22 9.26314e-22 8.7187e-20 2.39493e-17 5.56975e-15 8.81881e-13 8.31367e-11 4.30016e-09 1.18098e-07 1.7398e-06 1.43862e-05 7.14561e-05 0.000227721 0.0004818 0.000680244 0.000660419 0.000478455 0.000282366 0.000142221 6.05306e-05 1.98909e-05 3.61527e-06 0 
0 0.000160462 4.89314e-05 1.80562e-06 1.21039e-08 2.00368e-11 1.18473e-14 3.89384e-18 5.52324e-21 1.94808e-22 3.55674e-23 2.41146e-23 2.63098e-23 3.14158e-23 3.20903e-23 2.68724e-23 2.01022e-23 1.59423e-23 1.37743e-23 3.93248e-23 9.35353e-22 2.69719e-19 1.30115e-16 4.10742e-14 7.22235e-12 6.45113e-10 2.8186e-08 6.08332e-07 6.81138e-06 4.27197e-05 0.000163019 0.000399913 0.000639681 0.000681161 0.000521038 0.000315506 0.000160565 6.85923e-05 2.25679e-05 4.10344e-06 0 
0 0.000144924 3.45194e-05 8.68124e-07 3.45068e-09 3.00089e-12 8.50745e-16 1.63707e-19 1.67268e-21 1.33769e-22 2.41146e-23 8.95878e-24 7.02819e-24 7.54402e-24 7.53202e-24 6.32744e-24 4.67993e-24 3.41463e-24 3.08294e-24 8.92945e-24 1.01837e-22 8.49189e-21 6.02027e-18 3.3373e-15 9.75699e-13 1.36079e-10 8.68527e-09 2.56165e-07 3.6772e-06 2.79107e-05 0.00012311 0.000339068 0.000598106 0.000686894 0.000550515 0.000341059 0.000175203 7.51005e-05 2.47373e-05 4.49951e-06 0 
0 0.000133961 2.67272e-05 5.09918e-07 1.39086e-09 7.6064e-13 1.26842e-16 4.54131e-20 1.2638e-21 1.37546e-22 2.63098e-23 7.02819e-24 3.04244e-24 2.27366e-24 2.03096e-24 1.67518e-24 1.24764e-24 9.64677e-25 1.25882e-24 4.64237e-24 4.00398e-23 1.34546e-21 6.57925e-19 5.44333e-16 2.2957e-13 4.41366e-11 3.7018e-09 1.36774e-07 2.34954e-06 2.047e-05 0.000100159 0.000299193 0.000565072 0.000685143 0.000568552 0.000358469 0.000185501 7.97285e-05 2.62854e-05 4.78248e-06 0 
0 0.000127802 2.30711e-05 3.7649e-07 8.29945e-10 3.49133e-13 4.31103e-17 3.40881e-20 1.37099e-21 1.64229e-22 3.14158e-23 7.54402e-24 2.27366e-24 1.0075e-24 6.60482e-25 4.96013e-25 3.82256e-25 3.86107e-25 8.44731e-25 3.69415e-24 2.8652e-23 6.52318e-22 1.90079e-19 1.94535e-16 1.00955e-13 2.32753e-11 2.27846e-09 9.56405e-08 1.81893e-06 1.7135e-05 8.88896e-05 0.000277809 0.000544966 0.000681423 0.000577095 0.000367708 0.000191136 8.22876e-05 2.71444e-05 4.93966e-06 0 
0 0.000126321 2.23399e-05 3.53122e-07 7.45404e-10 2.9726e-13 3.45278e-17 3.20088e-20 1.3694e-21 1.67505e-22 3.20904e-23 7.53202e-24 2.03096e-24 6.60482e-25 2.92543e-25 1.78908e-25 1.50858e-25 2.3631e-25 7.37422e-25 3.4587e-24 2.64004e-23 5.62818e-22 1.47305e-19 1.57075e-16 8.50535e-14 2.03529e-11 2.05653e-09 8.86118e-08 1.72068e-06 1.64686e-05 8.6441e-05 0.000272615 0.000539027 0.000678685 0.000577626 0.000369051 0.000192069 8.27286e-05 2.72945e-05 4.96726e-06 0 
0 0.000129293 2.41918e-05 4.17834e-07 9.95398e-10 4.60771e-13 6.34785e-17 3.46814e-20 1.21544e-21 1.40764e-22 2.68724e-23 6.32744e-24 1.67518e-24 4.96013e-25 1.78908e-25 9.3696e-26 9.2962e-26 2.02743e-25 7.26723e-25 3.57316e-24 2.96324e-23 7.88585e-22 2.93829e-19 2.79455e-16 1.34559e-13 2.90556e-11 2.69015e-09 1.07838e-07 1.97649e-06 1.80919e-05 9.18284e-05 0.000282259 0.000546654 0.000677423 0.000570819 0.000362909 0.000188496 8.11326e-05 2.67619e-05 4.87e-06 0 
0 0.000136459 2.89715e-05 6.09886e-07 1.90309e-09 1.22852e-12 2.47703e-16 5.71254e-20 1.11324e-21 1.10161e-22 2.01022e-23 4.67993e-24 1.24764e-24 3.82256e-25 1.50858e-25 9.29619e-26 1.05958e-25 2.3298e-25 8.34246e-25 4.42845e-24 4.55339e-23 2.19998e-21 1.41371e-18 1.01671e-15 3.76544e-13 6.46126e-11 4.91938e-09 1.67784e-07 2.70292e-06 2.24002e-05 0.000105511 0.000306177 0.000565756 0.000675958 0.000556556 0.00034978 0.000180815 7.76936e-05 2.56131e-05 4.66014e-06 0 
0 0.00014744 3.76988e-05 1.06067e-06 4.91565e-09 5.16549e-12 1.8181e-15 3.69678e-19 1.83616e-21 1.11357e-22 1.59423e-23 3.41463e-24 9.64677e-25 3.86107e-25 2.3631e-25 2.02743e-25 2.3298e-25 4.11044e-25 1.30722e-24 8.16356e-24 1.41974e-22 2.09637e-20 1.43543e-17 6.74892e-15 1.70054e-12 2.08197e-10 1.18919e-08 3.19928e-07 4.26515e-06 3.05573e-05 0.00012898 0.000343699 0.000592247 0.000670727 0.000534184 0.00033027 0.000169591 7.26956e-05 2.39465e-05 4.35584e-06 0 
0 0.000161563 5.214e-05 2.10534e-06 1.59669e-08 3.0776e-11 2.16508e-14 8.53855e-18 7.32797e-21 1.41157e-22 1.37743e-23 3.08294e-24 1.25881e-24 8.44731e-25 7.37421e-25 7.26723e-25 8.34246e-25 1.30722e-24 3.76227e-24 3.15641e-23 1.65299e-21 6.10522e-19 2.57033e-16 7.09809e-14 1.10572e-11 8.87576e-10 3.53838e-08 7.07545e-07 7.44829e-06 4.45128e-05 0.000163816 0.000392038 0.000618874 0.000656661 0.000502922 0.000305165 0.000155521 6.64858e-05 2.18817e-05 3.97919e-06 0 
0 0.000177659 7.48132e-05 4.55041e-06 6.03038e-08 2.31196e-10 3.56338e-13 3.25146e-16 2.75568e-19 9.26314e-22 3.93248e-23 8.92945e-24 4.64237e-24 3.69415e-24 3.4587e-24 3.57316e-24 4.42844e-24 8.16356e-24 3.15641e-23 7.023e-22 1.14249e-19 3.03758e-17 6.71324e-15 1.01227e-12 9.10892e-11 4.5096e-09 1.18995e-07 1.69326e-06 1.36136e-05 6.6239e-05 0.000208724 0.000442279 0.00063372 0.0006278 0.000462321 0.000275484 0.000139398 5.94451e-05 1.95489e-05 3.55409e-06 0 
0 0.000193902 0.000108677 1.0219e-05 2.44874e-07 1.94871e-09 6.90755e-12 1.53615e-14 3.11756e-17 8.7187e-20 9.35353e-22 1.01837e-22 4.00398e-23 2.8652e-23 2.64004e-23 2.96324e-23 4.55339e-23 1.41974e-22 1.65299e-21 1.14249e-19 1.44526e-17 1.909e-15 2.11619e-13 1.66791e-11 8.29295e-10 2.42224e-08 4.05828e-07 3.97192e-06 2.38502e-05 9.34709e-05 0.000251446 0.00047281 0.000619323 0.00057832 0.000412624 0.00024248 0.000122058 5.19587e-05 1.70776e-05 3.10429e-06 0 
0 0.000207824 0.000156183 2.28377e-05 9.9447e-07 1.65409e-08 1.35977e-10 7.43232e-13 3.73414e-15 2.39493e-17 2.69719e-19 8.49189e-21 1.34546e-21 6.52318e-22 5.62818e-22 7.88585e-22 2.19998e-21 2.09637e-20 6.10522e-19 3.03758e-17 1.909e-15 1.22713e-13 6.72499e-12 2.70761e-10 7.17878e-09 1.17703e-07 1.18255e-06 7.59331e-06 3.34173e-05 0.000106994 0.000254794 0.00044436 0.000554817 0.000504024 0.000354989 0.000207575 0.00010432 4.43883e-05 1.45879e-05 2.65167e-06 0 
0 0.000216605 0.000217497 4.89526e-05 3.79727e-06 1.28848e-07 2.39213e-09 3.12468e-11 3.77565e-13 5.56975e-15 1.30115e-16 6.02027e-18 6.57925e-19 1.90079e-19 1.47305e-19 2.93829e-19 1.41371e-18 1.43543e-17 2.57033e-16 6.71324e-15 2.11619e-13 6.72499e-12 1.82887e-10 3.68554e-09 4.89714e-08 4.01352e-07 2.07432e-06 7.67348e-06 2.39517e-05 6.82989e-05 0.000168259 0.000318285 0.00042617 0.000404598 0.000291585 0.000172275 8.69412e-05 3.70508e-05 1.2183e-05 2.21493e-06 0 
0 0.000217643 0.000288237 9.77362e-05 1.2993e-05 8.56184e-07 3.3985e-08 1.00155e-09 2.74715e-11 8.81881e-13 4.10742e-14 3.3373e-15 5.44333e-16 1.94535e-16 1.57075e-16 2.79455e-16 1.01671e-15 6.74892e-15 7.09809e-14 1.01227e-12 1.66791e-11 2.70761e-10 3.68554e-09 3.54162e-08 2.00922e-07 5.95651e-07 1.00431e-06 1.43452e-06 2.9011e-06 9.90019e-06 4.12339e-05 0.000131369 0.000250359 0.000287416 0.00022584 0.000138116 7.05766e-05 3.02032e-05 9.94466e-06 1.80874e-06 0 
0 0.00020931 0.000357934 0.000177766 3.85383e-05 4.61263e-06 3.62945e-07 2.22914e-08 1.28247e-09 8.31367e-11 7.22235e-12 9.75699e-13 2.2957e-13 1.00955e-13 8.50535e-14 1.34559e-13 3.76544e-13 1.70054e-12 1.10572e-11 9.10892e-11 8.29295e-10 7.17878e-09 4.89714e-08 2.00922e-07 3.40368e-07 1.70485e-07 3.01674e-08 5.85981e-09 5.96197e-09 5.22683e-08 1.26655e-06 1.91952e-05 9.46997e-05 0.000171847 0.000162895 0.000106662 5.57625e-05 2.40357e-05 7.93117e-06 1.44344e-06 0 
0 0.00019159 0.000411171 0.000289527 9.71554e-05 1.95816e-05 2.79523e-06 3.25873e-07 3.58413e-08 4.30016e-09 6.45113e-10 1.36079e-10 4.41366e-11 2.32753e-11 2.03529e-11 2.90556e-11 6.46126e-11 2.08197e-10 8.87576e-10 4.5096e-09 2.42224e-08 1.17703e-07 4.01352e-07 5.95651e-07 1.70485e-07 3.93914e-09 9.48902e-12 3.03902e-14 8.26024e-15 9.92274e-13 1.33144e-09 5.8674e-07 1.98777e-05 8.41356e-05 0.000109248 7.9436e-05 4.28982e-05 1.86689e-05 6.17727e-06 1.12511e-06 0 
0 0.000166291 0.000432679 0.00041609 0.000205934 6.49073e-05 1.53196e-05 3.06725e-06 5.83827e-07 1.18098e-07 2.8186e-08 8.68527e-09 3.7018e-09 2.27846e-09 2.05653e-09 2.69015e-09 4.91938e-09 1.18919e-08 3.53838e-08 1.18995e-07 4.05828e-07 1.18255e-06 2.07432e-06 1.00431e-06 3.01674e-08 9.48902e-12 4.43071e-16 2.18399e-15 1.62182e-15 1.29437e-14 6.17497e-14 4.66848e-09 2.66417e-06 3.61699e-05 7.00266e-05 5.75629e-05 3.2205e-05 1.41541e-05 4.69601e-06 8.55944e-07 0 
0 0.000136633 0.000414778 0.00052083 0.000363805 0.00016842 6.03129e-05 1.87963e-05 5.60324e-06 1.7398e-06 6.08332e-07 2.56165e-07 1.36774e-07 9.56405e-08 8.86118e-08 1.07838e-07 1.67784e-07 3.19928e-07 7.07545e-07 1.69326e-06 3.97192e-06 7.59331e-06 7.67348e-06 1.43452e-06 5.85981e-09 3.03902e-14 2.18399e-15 7.61585e-16 1.00451e-15 3.93895e-15 4.74268e-14 5.90371e-11 4.49449e-07 1.69651e-05 4.56766e-05 4.12633e-05 2.36794e-05 1.04764e-05 3.4818e-06 6.34911e-07 0 
0 0.000106319 0.000362148 0.000563108 0.000529693 0.000342935 0.000174051 7.74977e-05 3.29931e-05 1.43862e-05 6.81138e-06 3.6772e-06 2.34954e-06 1.81893e-06 1.72068e-06 1.97649e-06 2.70292e-06 4.26515e-06 7.44829e-06 1.36136e-05 2.38502e-05 3.34173e-05 2.39517e-05 2.9011e-06 5.96197e-09 8.26024e-15 1.62182e-15 1.00451e-15 2.92906e-15 1.25276e-14 1.85701e-13 1.57728e-11 2.34058e-07 1.12428e-05 3.23988e-05 2.97149e-05 1.7098e-05 7.56703e-06 2.51485e-06 4.58573e-07 0 
0 7.85058e-05 0.000289529 0.000526576 0.000629646 0.000544552 0.000373216 0.000223009 0.000125924 7.14561e-05 4.27197e-05 2.79107e-05 2.047e-05 1.7135e-05 1.64686e-05 1.80919e-05 2.24002e-05 3.05573e-05 4.45128e-05 6.6239e-05 9.34709e-05 0.000106994 6.82989e-05 9.90019e-06 5.22683e-08 9.92274e-13 1.29437e-14 3.93895e-15 1.25276e-14 2.37587e-15 1.67622e-15 2.09886e-10 4.90367e-07 1.12985e-05 2.53725e-05 2.1536e-05 1.21109e-05 5.32455e-06 1.76626e-06 3.219e-07 0 
0 5.51548e-05 0.000213908 0.00043155 0.000613632 0.000669199 0.00059306 0.000456171 0.000325453 0.000227721 0.000163019 0.00012311 0.000100159 8.88896e-05 8.6441e-05 9.18284e-05 0.000105511 0.00012898 0.000163816 0.000208724 0.000251446 0.000254794 0.000168259 4.12339e-05 1.26655e-06 1.33144e-09 6.17497e-14 4.74268e-14 1.85701e-13 1.67622e-15 4.11754e-12 1.81808e-08 2.11332e-06 1.41666e-05 2.07979e-05 1.54685e-05 8.36706e-06 3.6379e-06 1.20299e-06 2.19052e-07 0 
0 3.69419e-05 0.000147516 0.000316526 0.000502296 0.000644175 0.00069691 0.000661901 0.000576882 0.0004818 0.000399913 0.000339068 0.000299193 0.000277809 0.000272615 0.000282259 0.000306177 0.000343699 0.000392038 0.000442279 0.00047281 0.00044436 0.000318285 0.000131369 1.91952e-05 5.8674e-07 4.66848e-09 5.90371e-11 1.57728e-11 2.09886e-10 1.81808e-08 8.51241e-07 7.60187e-06 1.68028e-05 1.64935e-05 1.07595e-05 5.59096e-06 2.40224e-06 7.91656e-07 1.44012e-07 0 
0 2.35901e-05 9.5674e-05 0.000212184 0.000357919 0.00050563 0.000623498 0.000689935 0.00070372 0.000680244 0.000639681 0.000598106 0.000565072 0.000544966 0.000539027 0.000546654 0.000565756 0.000592247 0.000618874 0.00063372 0.000619323 0.000554817 0.00042617 0.000250359 9.46997e-05 1.98777e-05 2.66417e-06 4.49449e-07 2.34058e-07 4.90367e-07 2.11332e-06 7.60187e-06 1.47699e-05 1.61119e-05 1.20056e-05 7.11359e-06 3.58263e-06 1.52444e-06 5.00906e-07 9.10418e-08 0 
0 1.43187e-05 5.85165e-05 0.000131884 0.00022929 0.000340447 0.000451032 0.00054649 0.000617014 0.000660419 0.000681161 0.000686894 0.000685143 0.000681423 0.000678685 0.000677423 0.000675958 0.000670727 0.000656661 0.0006278 0.00057832 0.000504024 0.000404598 0.000287416 0.000171847 8.41356e-05 3.61699e-05 1.69651e-05 1.12428e-05 1.12985e-05 1.41666e-05 1.68028e-05 1.61119e-05 1.23295e-05 7.90298e-06 4.42347e-06 2.18391e-06 9.23173e-07 3.02705e-07 5.49821e-08 0 
0 8.20091e-06 3.36318e-05 7.63487e-05 0.000134545 0.000204341 0.000279996 0.000354778 0.000422406 0.000478455 0.000521038 0.000550515 0.000568552 0.000577095 0.000577626 0.000570819 0.000556556 0.000534184 0.000502922 0.000462321 0.000412624 0.000354989 0.000291585 0.00022584 0.000162895 0.000109248 7.00266e-05 4.56766e-05 3.23988e-05 2.53725e-05 2.07979e-05 1.64935e-05 1.20056e-05 7.90298e-06 4.7241e-06 2.56931e-06 1.25482e-06 5.28401e-07 1.73036e-07 3.14163e-08 0 
0 4.37212e-06 1.79567e-05 4.08874e-05 7.24558e-05 0.000111072 0.000154346 0.000199332 0.000242935 0.000282366 0.000315506 0.000341059 0.000358469 0.000367708 0.000369051 0.000362909 0.00034978 0.00033027 0.000305165 0.000275484 0.00024248 0.000207575 0.000172275 0.000138116 0.000106662 7.9436e-05 5.75629e-05 4.12633e-05 2.97149e-05 2.1536e-05 1.54685e-05 1.07595e-05 7.11359e-06 4.42347e-06 2.56931e-06 1.37957e-06 6.70252e-07 2.81682e-07 9.2177e-08 1.67315e-08 0 
0 2.11723e-06 8.70092e-06 1.98355e-05 3.52256e-05 5.41913e-05 7.57068e-05 9.84878e-05 0.000121122 0.000142221 0.000160565 0.000175203 0.000185501 0.000191136 0.000192069 0.000188496 0.000180815 0.000169591 0.000155521 0.000139398 0.000122058 0.00010432 8.69412e-05 7.05766e-05 5.57625e-05 4.28982e-05 3.2205e-05 2.36794e-05 1.7098e-05 1.21109e-05 8.36706e-06 5.59096e-06 3.58263e-06 2.18391e-06 1.25482e-06 6.70252e-07 3.24893e-07 1.36414e-07 4.46239e-08 8.09885e-09 0 
0 8.88558e-07 3.65245e-06 8.3302e-06 1.48051e-05 2.28053e-05 3.192e-05 4.16322e-05 5.13641e-05 6.05306e-05 6.85923e-05 7.51005e-05 7.97285e-05 8.22876e-05 8.27286e-05 8.11326e-05 7.76936e-05 7.26956e-05 6.64858e-05 5.94451e-05 5.19587e-05 4.43883e-05 3.70508e-05 3.02032e-05 2.40357e-05 1.86689e-05 1.41541e-05 1.04764e-05 7.56703e-06 5.32455e-06 3.6379e-06 2.40224e-06 1.52444e-06 9.23173e-07 5.28401e-07 2.81682e-07 1.36414e-07 5.72534e-08 1.87258e-08 3.39836e-09 0 
0 2.90609e-07 1.19466e-06 2.72512e-06 4.84464e-06 7.46578e-06 1.04564e-05 1.36497e-05 1.68583e-05 1.98909e-05 2.25679e-05 2.47373e-05 2.62854e-05 2.71444e-05 2.72945e-05 2.67619e-05 2.56131e-05 2.39465e-05 2.18817e-05 1.95489e-05 1.70776e-05 1.45879e-05 1.2183e-05 9.94466e-06 7.93117e-06 6.17727e-06 4.69601e-06 3.4818e-06 2.51485e-06 1.76626e-06 1.20299e-06 7.91656e-07 5.00906e-07 3.02705e-07 1.73036e-07 9.2177e-08 4.46239e-08 1.87258e-08 6.12418e-09 1.11139e-09 0 
0 5.27388e-08 2.16811e-07 4.9459e-07 8.79349e-07 1.35531e-06 1.8986e-06 2.47911e-06 3.06292e-06 3.61527e-06 4.10344e-06 4.49951e-06 4.78248e-06 4.93966e-06 4.96726e-06 4.87e-06 4.66014e-06 4.35584e-06 3.97919e-06 3.55409e-06 3.10429e-06 2.65167e-06 2.21493e-06 1.80874e-06 1.44344e-06 1.12511e-06 8.55944e-07 6.34911e-07 4.58573e-07 3.219e-07 2.19052e-07 1.44012e-07 9.10418e-08 5.49821e-08 3.14163e-08 1.67315e-08 8.09885e-09 3.39836e-09 1.11139e-09 2.01686e-10 0 
0 0 0 0 0 0 0 0 0 0 0 0 0 0 0 0 0 0 0 0 0 0 0 0 0 0 0 0 0 0 0 0 0 0 0 0 0 0 0 0 0 
