0 0 0 0 0 0 0 0 0 0 0 0 0 0 0 0 0 0 0 0 0 0 0 0 0 0 0 0 0 0 0 0 0 0 0 0 0 0 0 0 0 
0 1.3222e-05 5.16669e-05 0.000107521 0.000165457 0.000209098 0.000229843 0.000229401 0.000215338 0.000195661 0.000176106 0.000159859 0.000148281 0.000141731 0.00014013 0.000143254 0.000150805 0.000162326 0.000177029 0.000193581 0.000209964 0.000223511 0.000231249 0.000230534 0.00021986 0.000199502 0.000171656 0.000139885 0.000108067 7.93359e-05 5.55031e-05 3.70712e-05 2.36328e-05 1.43312e-05 8.20417e-06 4.37287e-06 2.11738e-06 8.88583e-07 2.90612e-07 5.2739e-08 0 
0 5.16669e-05 0.00018789 0.000340599 0.000420452 0.00039494 0.000306466 0.000211234 0.000137448 8.87461e-05 5.92255e-05 4.22108e-05 3.2921e-05 2.85319e-05 2.76456e-05 2.98599e-05 3.55639e-05 4.59143e-05 6.28917e-05 8.9264e-05 0.00012817 0.000181973 0.000250206 0.000327084 0.000400098 0.000451976 0.000467082 0.00043958 0.000377272 0.000297316 0.000217316 0.000148797 9.60934e-05 5.8637e-05 3.36624e-05 1.79636e-05 8.70223e-06 3.65267e-06 1.19469e-06 2.16812e-07 0 
0 0.000107521 0.000340599 0.000475127 0.000395413 0.00022767 0.000103041 4.06832e-05 1.52674e-05 5.87443e-06 2.48022e-06 1.21721e-06 7.25599e-07 5.40158e-07 5.0735e-07 5.97245e-07 8.62208e-07 1.47592e-06 2.87328e-06 6.07788e-06 1.33483e-05 2.91861e-05 6.12838e-05 0.00012002 0.000214229 0.000341958 0.000480041 0.000584595 0.000613588 0.000557954 0.000447013 0.000322715 0.000214254 0.000132477 7.64963e-05 4.09195e-05 1.98415e-05 8.33114e-06 2.72523e-06 4.94597e-07 0 
0 0.000165457 0.000420452 0.000395413 0.000191706 5.86611e-05 1.32553e-05 2.51389e-06 4.51204e-07 8.61682e-08 1.95283e-08 5.76755e-09 2.38441e-09 1.44307e-09 1.29934e-09 1.72007e-09 3.22739e-09 8.11312e-09 2.54872e-08 9.27263e-08 3.62092e-07 1.41481e-06 5.21034e-06 1.72617e-05 4.97954e-05 0.000122516 0.000253545 0.000435551 0.000612359 0.000699532 0.00065653 0.000521928 0.000364942 0.000231348 0.000135055 7.25649e-05 3.52456e-05 1.48081e-05 4.84499e-06 8.7937e-07 0 
0 0.000209098 0.00039494 0.00022767 5.86611e-05 8.51677e-06 8.29781e-07 6.3954e-08 4.62442e-09 3.72358e-10 3.92028e-11 6.19421e-12 1.63166e-12 7.65252e-13 6.54094e-13 1.00059e-12 2.59285e-12 1.04628e-11 5.9261e-11 4.20594e-10 3.33941e-09 2.67032e-08 1.96524e-07 1.24035e-06 6.39254e-06 2.61687e-05 8.42103e-05 0.000212619 0.00041924 0.000638341 0.000747408 0.00068842 0.000523515 0.000345994 0.000205741 0.00011137 5.4245e-05 2.28133e-05 7.46668e-06 1.35536e-06 0 
0 0.000229843 0.000306466 0.000103041 1.32553e-05 8.29781e-07 3.09465e-08 8.52205e-10 2.18204e-11 6.5589e-13 2.88012e-14 2.22908e-15 3.50948e-16 1.22982e-16 9.90437e-17 1.7874e-16 6.69801e-16 4.63913e-15 5.14706e-14 7.82753e-13 1.39639e-11 2.52927e-10 4.10784e-09 5.42231e-08 5.42852e-07 3.96177e-06 2.0812e-05 7.92733e-05 0.000221945 0.000458428 0.000692978 0.000770901 0.000659108 0.000463144 0.000283172 0.000155026 7.58287e-05 3.19379e-05 1.04583e-05 1.89872e-06 0 
0 0.000229401 0.000211234 4.06832e-05 2.51389e-06 6.3954e-08 8.52205e-10 7.79805e-12 6.57737e-14 6.89187e-16 1.18785e-17 4.49874e-19 6.08987e-20 2.9139e-20 2.5577e-20 3.51203e-20 1.10103e-19 1.12875e-18 2.53774e-17 8.7219e-16 3.69768e-14 1.60557e-12 6.08284e-11 1.77042e-09 3.61597e-08 4.9137e-07 4.36155e-06 2.5568e-05 0.000101885 0.000283458 0.000554117 0.000758544 0.000747269 0.000568534 0.000360903 0.000200671 9.87276e-05 4.16671e-05 1.36535e-05 2.47933e-06 0 
0 0.000215338 0.000137448 1.52674e-05 4.51204e-07 4.62442e-09 2.18204e-11 6.57737e-14 1.81168e-16 6.62292e-19 7.99775e-21 1.21113e-21 5.03471e-22 3.86983e-22 3.67511e-22 3.84302e-22 5.84675e-22 1.63149e-21 1.47182e-20 8.84714e-19 8.93739e-17 9.36526e-15 8.32949e-13 5.3801e-11 2.25723e-09 5.75379e-08 8.69193e-07 7.87257e-06 4.44365e-05 0.000163889 0.000406902 0.000682006 0.000781287 0.000651338 0.000432661 0.000245244 0.000121538 5.14245e-05 1.68649e-05 3.0633e-06 0 
0 0.000195661 8.87461e-05 5.87443e-06 8.61682e-08 3.72358e-10 6.5589e-13 6.89187e-16 6.62292e-19 1.84559e-21 8.83988e-23 3.99465e-23 2.9868e-23 2.76006e-23 2.68699e-23 2.57544e-23 2.80525e-23 3.49012e-23 9.47777e-23 1.81765e-21 2.87633e-19 6.9144e-17 1.38202e-14 1.90171e-12 1.58032e-10 7.32647e-09 1.83723e-07 2.52047e-06 1.97838e-05 9.45863e-05 0.000290402 0.000583576 0.000772255 0.000707393 0.00049365 0.000285911 0.000142867 6.06244e-05 1.99009e-05 3.61585e-06 0 
0 0.000176106 5.92255e-05 2.48022e-06 1.95283e-08 3.92028e-11 2.88012e-14 1.18785e-17 7.99775e-21 8.83988e-23 8.0458e-24 4.05468e-24 3.80824e-24 3.86816e-24 3.81023e-24 3.49581e-24 3.15791e-24 2.74467e-24 4.1838e-24 3.14477e-23 2.19052e-21 8.74442e-19 3.58048e-16 9.63841e-14 1.46888e-11 1.15835e-09 4.55959e-08 9.05772e-07 9.53715e-06 5.72674e-05 0.000210631 0.000492815 0.000739452 0.000739208 0.000541325 0.000320417 0.000161473 6.87243e-05 2.2582e-05 4.10425e-06 0 
0 0.000159859 4.22108e-05 1.21721e-06 5.76755e-09 6.19421e-12 2.22908e-15 4.49874e-19 1.21113e-21 3.99466e-23 4.05469e-24 1.06168e-24 7.4132e-25 7.30258e-25 7.14018e-25 6.36817e-25 5.22873e-25 4.08226e-25 6.06126e-25 3.88249e-24 1.15997e-22 2.57891e-20 1.80075e-17 8.38224e-15 2.09509e-12 2.54877e-10 1.45007e-08 3.90004e-07 5.22392e-06 3.7765e-05 0.000160401 0.000422578 0.000700585 0.000753283 0.000575328 0.00034727 0.000176367 7.52703e-05 2.47554e-05 4.50055e-06 0 
0 0.000148281 3.2921e-05 7.25599e-07 2.38441e-09 1.63166e-12 3.50948e-16 6.08987e-20 5.03471e-22 2.9868e-23 3.80824e-24 7.41321e-25 2.57411e-25 1.763e-25 1.56278e-25 1.34273e-25 1.06831e-25 9.63523e-26 2.2868e-25 1.57372e-24 2.76916e-23 2.62278e-21 2.07777e-18 1.43427e-15 5.12081e-13 8.51486e-11 6.31856e-09 2.11504e-07 3.37147e-06 2.7865e-05 0.000131122 0.000375324 0.000667508 0.000756857 0.000596746 0.000365714 0.000186874 7.99295e-05 2.63069e-05 4.7837e-06 0 
0 0.000141731 2.85319e-05 5.40158e-07 1.44307e-09 7.65252e-13 1.22982e-16 2.9139e-20 3.86983e-22 2.76006e-23 3.86816e-24 7.30259e-25 1.763e-25 6.59879e-26 4.12621e-26 3.20154e-26 2.74408e-26 4.04771e-26 1.54747e-25 1.06519e-24 1.49662e-23 9.25227e-22 6.11028e-19 5.25845e-16 2.29762e-13 4.5602e-11 3.93371e-09 1.49065e-07 2.62273e-06 2.33849e-05 0.000116567 0.00034943 0.000646383 0.000755663 0.000607178 0.000375565 0.000192637 8.25079e-05 2.7168e-05 4.94101e-06 0 
0 0.00014013 2.76456e-05 5.0735e-07 1.29934e-09 6.54094e-13 9.90437e-17 2.5577e-20 3.67511e-22 2.68699e-23 3.81024e-24 7.14019e-25 1.56278e-25 4.12621e-26 1.57667e-26 9.77827e-27 1.09277e-26 2.91507e-26 1.38841e-25 9.66495e-25 1.31427e-23 7.56152e-22 4.72867e-19 4.25609e-16 1.93871e-13 3.99104e-11 3.55149e-09 1.38073e-07 2.47919e-06 2.24503e-05 0.000113224 0.000342659 0.000639372 0.000752968 0.000607978 0.000377019 0.000193595 8.29529e-05 2.73185e-05 4.96863e-06 0 
0 0.000143254 2.98599e-05 5.97245e-07 1.72007e-09 1.00059e-12 1.7874e-16 3.51203e-20 3.84302e-22 2.57544e-23 3.49581e-24 6.36818e-25 1.34273e-25 3.20154e-26 9.77827e-27 5.43575e-27 8.26069e-27 2.87055e-26 1.47807e-25 1.10526e-24 1.70956e-23 1.2617e-21 9.32747e-19 7.4223e-16 3.01721e-13 5.62213e-11 4.59652e-09 1.66638e-07 2.82968e-06 2.45432e-05 0.000119794 0.000353392 0.000645986 0.00074945 0.000599873 0.000370491 0.000189946 8.13457e-05 2.67847e-05 4.8713e-06 0 
0 0.000150805 3.55639e-05 8.62208e-07 3.22739e-09 2.59285e-12 6.69801e-16 1.10103e-19 5.84675e-22 2.80525e-23 3.15792e-24 5.22874e-25 1.06831e-25 2.74408e-26 1.09277e-26 8.26069e-27 1.23382e-26 3.72094e-26 1.93022e-25 1.71363e-24 3.88055e-23 5.31254e-21 4.31585e-18 2.594e-15 8.17106e-13 1.21771e-10 8.2328e-09 2.55178e-07 3.82431e-06 3.01249e-05 0.000136659 0.000380529 0.000663544 0.00074345 0.00058294 0.000356559 0.000182104 7.78828e-05 2.56334e-05 4.6613e-06 0 
0 0.000162326 4.59143e-05 1.47592e-06 8.11312e-09 1.04628e-11 4.63913e-15 1.12875e-18 1.63149e-21 3.49012e-23 2.74467e-24 4.08226e-25 9.63523e-26 4.0477e-26 2.91507e-26 2.87054e-26 3.72093e-26 8.07612e-26 3.80379e-25 4.40541e-24 2.05269e-22 6.71354e-20 4.09574e-17 1.62613e-14 3.52154e-12 3.77866e-10 1.93188e-08 4.75605e-07 5.93321e-06 4.05776e-05 0.000165257 0.000422357 0.000686771 0.000731393 0.000556845 0.000335964 0.000170664 7.2853e-05 2.39634e-05 4.35682e-06 0 
0 0.000177029 6.28917e-05 2.87328e-06 2.54872e-08 5.9261e-11 5.14706e-14 2.53774e-17 1.47182e-20 9.47777e-23 4.1838e-24 6.06126e-25 2.2868e-25 1.54747e-25 1.38841e-25 1.47807e-25 1.93022e-25 3.80379e-25 1.8776e-24 3.81957e-23 4.72517e-21 1.88741e-18 6.73685e-16 1.59377e-13 2.16072e-11 1.53695e-09 5.53752e-08 1.02178e-06 1.01353e-05 5.81002e-05 0.00020667 0.000474095 0.000706868 0.000708382 0.00052125 0.000309657 0.00015636 6.66088e-05 2.1895e-05 3.97995e-06 0 
0 0.000193581 8.9264e-05 6.07788e-06 9.27263e-08 4.20594e-10 7.82753e-13 8.7219e-16 8.84714e-19 1.81765e-21 3.14477e-23 3.88249e-24 1.57371e-24 1.06519e-24 9.66494e-25 1.10526e-24 1.71363e-24 4.4054e-24 3.81957e-23 1.91023e-21 3.66613e-19 8.40836e-17 1.59933e-14 2.09824e-12 1.66591e-10 7.3973e-09 1.78281e-07 2.36215e-06 1.80244e-05 8.45084e-05 0.00025774 0.000523549 0.000710594 0.000669069 0.000476215 0.000278815 0.000140017 5.95358e-05 1.95587e-05 3.55466e-06 0 
0 0.000209964 0.00012817 1.33483e-05 3.62092e-07 3.33941e-09 1.39639e-11 3.69768e-14 8.93739e-17 2.87633e-19 2.19052e-21 1.15997e-22 2.76916e-23 1.49662e-23 1.31427e-23 1.70956e-23 3.88054e-23 2.05269e-22 4.72516e-21 3.66613e-19 4.077e-17 4.69246e-15 4.55613e-13 3.17403e-11 1.41219e-09 3.74593e-08 5.79427e-07 5.32746e-06 3.05583e-05 0.000115808 0.00030188 0.000545203 0.000680417 0.000608762 0.000422493 0.000244813 0.00012249 5.20224e-05 1.70845e-05 3.1047e-06 0 
0 0.000223511 0.000181973 2.91861e-05 1.41481e-06 2.67032e-08 2.52927e-10 1.60557e-12 9.36526e-15 6.9144e-17 8.74442e-19 2.57891e-20 2.62278e-21 9.25227e-22 7.56152e-22 1.2617e-21 5.31254e-21 6.71354e-20 1.88741e-18 8.40836e-17 4.69246e-15 2.6768e-13 1.30676e-11 4.72279e-10 1.13636e-08 1.71359e-07 1.607e-06 9.77663e-06 4.13133e-05 0.000128166 0.000296149 0.000498229 0.000597605 0.0005247 0.000361623 0.000209144 0.000104612 4.44317e-05 1.45926e-05 2.65196e-06 0 
0 0.000231249 0.000250206 6.12838e-05 5.21034e-06 1.96524e-07 4.10784e-09 6.08284e-11 8.32949e-13 1.38202e-14 3.58048e-16 1.80075e-17 2.07777e-18 6.11028e-19 4.72867e-19 9.32747e-19 4.31585e-18 4.09574e-17 6.73685e-16 1.59933e-14 4.55613e-13 1.30676e-11 3.21656e-10 5.90711e-09 7.228e-08 5.52766e-07 2.70332e-06 9.57563e-06 2.88434e-05 7.96902e-05 0.000190416 0.000348801 0.000452037 0.000417742 0.000295937 0.000173323 8.71387e-05 3.70803e-05 1.21862e-05 2.21512e-06 0 
0 0.000230534 0.000327084 0.00012002 1.72617e-05 1.24035e-06 5.42231e-08 1.77042e-09 5.3801e-11 1.90171e-12 9.63841e-14 8.38224e-15 1.43427e-15 5.25845e-16 4.25609e-16 7.4223e-16 2.594e-15 1.62613e-14 1.59377e-13 2.09824e-12 3.17403e-11 4.72279e-10 5.90711e-09 5.25404e-08 2.7943e-07 7.90207e-07 1.29285e-06 1.80692e-06 3.55742e-06 1.16893e-05 4.66663e-05 0.000143011 0.000263838 0.000295593 0.000228781 0.000138847 7.07158e-05 3.0224e-05 9.94696e-06 1.80887e-06 0 
0 0.00021986 0.000400098 0.000214229 4.97954e-05 6.39254e-06 5.42852e-07 3.61597e-08 2.25723e-09 1.58032e-10 1.46888e-11 2.09509e-12 5.12081e-13 2.29762e-13 1.93871e-13 3.01721e-13 8.17106e-13 3.52154e-12 2.16072e-11 1.66591e-10 1.41219e-09 1.13636e-08 7.228e-08 2.7943e-07 4.55733e-07 2.26976e-07 4.11748e-08 8.23416e-09 8.30378e-09 6.83182e-08 1.51969e-06 2.14022e-05 0.000100503 0.000176999 0.000165035 0.000107216 5.5868e-05 2.40513e-05 7.93288e-06 1.44354e-06 0 
0 0.000199502 0.000451976 0.000341958 0.000122516 2.61687e-05 3.96177e-06 4.9137e-07 5.75379e-08 7.32647e-09 1.15835e-09 2.54877e-10 8.51486e-11 4.5602e-11 3.99104e-11 5.62213e-11 1.21771e-10 3.77866e-10 1.53695e-09 7.3973e-09 3.74593e-08 1.71359e-07 5.52766e-07 7.90207e-07 2.26976e-07 5.61659e-09 1.53809e-11 6.00061e-14 1.69807e-14 1.673e-12 1.84917e-09 6.99839e-07 2.16093e-05 8.72862e-05 0.000110897 7.98838e-05 4.29829e-05 1.86812e-05 6.17858e-06 1.12519e-06 0 
0 0.000171656 0.000467082 0.000480041 0.000253545 8.42103e-05 2.0812e-05 4.36155e-06 8.69193e-07 1.83723e-07 4.55959e-08 1.45007e-08 6.31856e-09 3.93371e-09 3.55149e-09 4.59652e-09 8.2328e-09 1.93188e-08 5.53752e-08 1.78281e-07 5.79427e-07 1.607e-06 2.70332e-06 1.29285e-06 4.11748e-08 1.53809e-11 2.66668e-16 2.53922e-15 1.45126e-15 4.86852e-15 1.0851e-13 6.18568e-09 3.00745e-06 3.79423e-05 7.12885e-05 5.79266e-05 3.22732e-05 1.41637e-05 4.69701e-06 8.56001e-07 0 
0 0.000139885 0.00043958 0.000584595 0.000435551 0.000212619 7.92733e-05 2.5568e-05 7.87257e-06 2.52047e-06 9.05772e-07 3.90004e-07 2.11504e-07 1.49065e-07 1.38073e-07 1.66638e-07 2.55178e-07 4.75605e-07 1.02178e-06 2.36215e-06 5.32746e-06 9.77663e-06 9.57563e-06 1.80692e-06 8.23416e-09 6.00061e-14 2.53922e-15 5.4036e-16 3.30614e-16 6.21655e-16 6.67296e-15 8.6488e-11 5.25048e-07 1.79667e-05 4.66037e-05 4.15426e-05 2.37311e-05 1.04836e-05 3.48254e-06 6.34952e-07 0 
0 0.000108067 0.000377272 0.000613588 0.000612359 0.00041924 0.000221945 0.000101885 4.44365e-05 1.97838e-05 9.53715e-06 5.22392e-06 3.37147e-06 2.62273e-06 2.47919e-06 2.82968e-06 3.82431e-06 5.93321e-06 1.01353e-05 1.80244e-05 3.05583e-05 4.13133e-05 2.88434e-05 3.55742e-06 8.30378e-09 1.69807e-14 1.45126e-15 3.30614e-16 5.87757e-16 2.98204e-15 6.56177e-14 2.39811e-11 2.75465e-07 1.1922e-05 3.30522e-05 2.99097e-05 1.71335e-05 7.57191e-06 2.51534e-06 4.586e-07 0 
0 7.93359e-05 0.000297316 0.000557954 0.000699532 0.000638341 0.000458428 0.000283458 0.000163889 9.45863e-05 5.72674e-05 3.7765e-05 2.7865e-05 2.33849e-05 2.24503e-05 2.45432e-05 3.01249e-05 4.05776e-05 5.81002e-05 8.45084e-05 0.000115808 0.000128166 7.96902e-05 1.16893e-05 6.83182e-08 1.673e-12 4.86852e-15 6.21655e-16 2.98204e-15 4.30279e-16 4.55255e-16 2.9247e-10 5.61761e-07 1.18733e-05 2.58067e-05 2.16561e-05 1.21323e-05 5.32747e-06 1.76655e-06 3.21916e-07 0 
0 5.55031e-05 0.000217316 0.000447013 0.00065653 0.000747408 0.000692978 0.000554117 0.000406902 0.000290402 0.000210631 0.000160401 0.000131122 0.000116567 0.000113224 0.000119794 0.000136659 0.000165257 0.00020667 0.00025774 0.00030188 0.000296149 0.000190416 4.66663e-05 1.51969e-06 1.84917e-09 1.0851e-13 6.67297e-15 6.56177e-14 4.55256e-16 6.26858e-12 2.25242e-08 2.31574e-06 1.46678e-05 2.10545e-05 1.55323e-05 8.37823e-06 3.63943e-06 1.20314e-06 2.19061e-07 0 
0 3.70712e-05 0.000148797 0.000322715 0.000521928 0.00068842 0.000770901 0.000758544 0.000682006 0.000583576 0.000492815 0.000422578 0.000375324 0.00034943 0.000342659 0.000353392 0.000380529 0.000422357 0.000474095 0.000523549 0.000545203 0.000498229 0.000348801 0.000143011 2.14022e-05 6.99839e-07 6.18568e-09 8.6488e-11 2.39811e-11 2.9247e-10 2.25242e-08 9.53355e-07 8.00092e-06 1.7152e-05 1.66197e-05 1.07882e-05 5.59596e-06 2.40294e-06 7.9173e-07 1.44016e-07 0 
0 2.36328e-05 9.60934e-05 0.000214254 0.000364942 0.000523515 0.000659108 0.000747269 0.000781287 0.000772255 0.000739452 0.000700585 0.000667508 0.000646383 0.000639372 0.000645986 0.000663544 0.000686771 0.000706868 0.000710594 0.000680417 0.000597605 0.000452037 0.000263838 0.000100503 2.16093e-05 3.00745e-06 5.25048e-07 2.75465e-07 5.61761e-07 2.31574e-06 8.00092e-06 1.51383e-05 1.62829e-05 1.20554e-05 7.12445e-06 3.58455e-06 1.52472e-06 5.00936e-07 9.10435e-08 0 
0 1.43312e-05 5.8637e-05 0.000132477 0.000231348 0.000345994 0.000463144 0.000568534 0.000651338 0.000707393 0.000739208 0.000753283 0.000756857 0.000755663 0.000752968 0.00074945 0.00074345 0.000731393 0.000708382 0.000669069 0.000608762 0.0005247 0.000417742 0.000295593 0.000176999 8.72862e-05 3.79423e-05 1.79667e-05 1.1922e-05 1.18733e-05 1.46678e-05 1.7152e-05 1.62829e-05 1.23891e-05 7.91893e-06 4.42695e-06 2.18454e-06 9.23268e-07 3.02715e-07 5.49827e-08 0 
0 8.20417e-06 3.36624e-05 7.64963e-05 0.000135055 0.000205741 0.000283172 0.000360903 0.000432661 0.00049365 0.000541325 0.000575328 0.000596746 0.000607178 0.000607978 0.000599873 0.00058294 0.000556845 0.00052125 0.000476215 0.000422493 0.000361623 0.000295937 0.000228781 0.000165035 0.000110897 7.12885e-05 4.66037e-05 3.30522e-05 2.58067e-05 2.10545e-05 1.66197e-05 1.20554e-05 7.91893e-06 4.72833e-06 2.57026e-06 1.255e-06 5.28429e-07 1.73039e-07 3.14165e-08 0 
0 4.37287e-06 1.79636e-05 4.09195e-05 7.25649e-05 0.00011137 0.000155026 0.000200671 0.000245244 0.000285911 0.000320417 0.00034727 0.000365714 0.000375565 0.000377019 0.000370491 0.000356559 0.000335964 0.000309657 0.000278815 0.000244813 0.000209144 0.000173323 0.000138847 0.000107216 7.98838e-05 5.79266e-05 4.15426e-05 2.99097e-05 2.16561e-05 1.55323e-05 1.07882e-05 7.12445e-06 4.42695e-06 2.57026e-06 1.37979e-06 6.70296e-07 2.81689e-07 9.21779e-08 1.67316e-08 0 
0 2.11738e-06 8.70223e-06 1.98415e-05 3.52456e-05 5.4245e-05 7.58287e-05 9.87276e-05 0.000121538 0.000142867 0.000161473 0.000176367 0.000186874 0.000192637 0.000193595 0.000189946 0.000182104 0.000170664 0.00015636 0.000140017 0.00012249 0.000104612 8.71387e-05 7.07158e-05 5.5868e-05 4.29829e-05 3.22732e-05 2.37311e-05 1.71335e-05 1.21323e-05 8.37823e-06 5.59596e-06 3.58455e-06 2.18454e-06 1.255e-06 6.70296e-07 3.24902e-07 1.36415e-07 4.46241e-08 8.09887e-09 0 
0 8.88583e-07 3.65267e-06 8.33114e-06 1.48081e-05 2.28133e-05 3.19379e-05 4.16671e-05 5.14245e-05 6.06244e-05 6.87243e-05 7.52703e-05 7.99295e-05 8.25079e-05 8.29529e-05 8.13457e-05 7.78828e-05 7.2853e-05 6.66088e-05 5.95358e-05 5.20224e-05 4.44317e-05 3.70803e-05 3.0224e-05 2.40513e-05 1.86812e-05 1.41637e-05 1.04836e-05 7.57191e-06 5.32747e-06 3.63943e-06 2.40294e-06 1.52472e-06 9.23268e-07 5.28429e-07 2.81689e-07 1.36415e-07 5.72537e-08 1.87258e-08 3.39836e-09 0 
0 2.90612e-07 1.19469e-06 2.72523e-06 4.84499e-06 7.46668e-06 1.04583e-05 1.36535e-05 1.68649e-05 1.99009e-05 2.2582e-05 2.47554e-05 2.63069e-05 2.7168e-05 2.73185e-05 2.67847e-05 2.56334e-05 2.39634e-05 2.1895e-05 1.95587e-05 1.70845e-05 1.45926e-05 1.21862e-05 9.94696e-06 7.93288e-06 6.17858e-06 4.69701e-06 3.48254e-06 2.51534e-06 1.76655e-06 1.20314e-06 7.9173e-07 5.00936e-07 3.02715e-07 1.73039e-07 9.21779e-08 4.46241e-08 1.87258e-08 6.12419e-09 1.11139e-09 0 
0 5.2739e-08 2.16812e-07 4.94597e-07 8.7937e-07 1.35536e-06 1.89872e-06 2.47933e-06 3.0633e-06 3.61585e-06 4.10425e-06 4.50055e-06 4.7837e-06 4.94101e-06 4.96863e-06 4.8713e-06 4.6613e-06 4.35682e-06 3.97995e-06 3.55466e-06 3.1047e-06 2.65196e-06 2.21512e-06 1.80887e-06 1.44354e-06 1.12519e-06 8.56001e-07 6.34952e-07 4.586e-07 3.21916e-07 2.19061e-07 1.44016e-07 9.10435e-08 5.49827e-08 3.14165e-08 1.67316e-08 8.09887e-09 3.39836e-09 1.11139e-09 2.01686e-10 0 
0 0 0 0 0 0 0 0 0 0 0 0 0 0 0 0 0 0 0 0 0 0 0 0 0 0 0 0 0 0 0 0 0 0 0 0 0 0 0 0 0 
