0 0 0 0 0 0 0 0 0 0 0 0 0 0 0 0 0 0 0 0 0 0 0 0 0 0 0 0 0 0 0 0 0 0 0 0 0 0 0 0 0 
0 1.3791e-05 5.66958e-05 0.000129337 0.000229957 0.000354431 0.000496517 0.000648325 0.000800967 0.000945321 0.00107282 0.00117616 0.0012499 0.0012908 0.00129793 0.00127255 0.00121785 0.00113852 0.00104029 0.000929352 0.000811906 0.000693675 0.000579559 0.000473407 0.000377919 0.000294673 0.00022424 0.000166362 0.000120155 8.43268e-05 5.73649e-05 3.7699e-05 2.38241e-05 1.43839e-05 8.21723e-06 4.37575e-06 2.11793e-06 8.88673e-07 2.90623e-07 5.27398e-08 0 
0 5.66958e-05 0.000233078 0.000531697 0.000945303 0.00145687 0.00204059 0.0026638 0.00328966 0.0038804 0.00440075 0.00482111 0.0051199 0.00528481 0.00531287 0.00520961 0.00498777 0.0046658 0.00426624 0.00381388 0.00333384 0.00284962 0.00238156 0.00194574 0.00155346 0.00121135 0.000921845 0.000683919 0.000493965 0.000346675 0.000235832 0.000154984 9.79433e-05 5.91335e-05 3.37818e-05 1.79891e-05 8.70702e-06 3.65342e-06 1.19478e-06 2.16818e-07 0 
0 0.000129337 0.000531697 0.00121285 0.0021561 0.00332218 0.00465137 0.00606761 0.00748478 0.00881484 0.00997694 0.010906 0.0115582 0.0119126 0.0119683 0.01174 0.0112543 0.0105475 0.00966463 0.00865722 0.00758027 0.00648746 0.00542656 0.0044359 0.00354269 0.00276298 0.00210282 0.00156015 0.00112685 0.000790854 0.000537996 0.00035356 0.000223435 0.000134899 7.70654e-05 4.10381e-05 1.98631e-05 8.33443e-06 2.72561e-06 4.94621e-07 0 
0 0.000229957 0.000945303 0.0021561 0.00383199 0.00590141 0.00825413 0.0107477 0.013219 0.0155021 0.0174511 0.0189618 0.0199829 0.0205108 0.0205708 0.0201989 0.0194307 0.0183042 0.0168689 0.0151929 0.0133631 0.011475 0.00962007 0.00787474 0.00629403 0.0049108 0.00373824 0.00277378 0.0020035 0.00140613 0.000956561 0.000628634 0.000397271 0.000239853 0.000137024 7.29663e-05 3.53168e-05 1.48187e-05 4.84619e-06 8.79444e-07 0 
0 0.000354431 0.00145687 0.00332218 0.00590141 0.00907797 0.0126676 0.0164241 0.0200588 0.0232819 0.025864 0.0276916 0.0287824 0.0292449 0.0292056 0.0287481 0.0278902 0.0266049 0.0248663 0.0226957 0.020183 0.0174723 0.0147271 0.0120947 0.00968453 0.00756327 0.00575997 0.00427479 0.00308795 0.00216732 0.0014744 0.000968954 0.00061234 0.000369702 0.000211204 0.000112468 5.44362e-05 2.28411e-05 7.46975e-06 1.35555e-06 0 
0 0.000496517 0.00204059 0.00465137 0.00825413 0.0126676 0.0175911 0.0226013 0.0271877 0.0308604 0.033315 0.0345568 0.0348768 0.0346867 0.0343293 0.033963 0.0335388 0.0328512 0.0316399 0.0297173 0.027065 0.0238465 0.0203362 0.016819 0.0135195 0.010579 0.00806414 0.00598729 0.00432575 0.00303629 0.0020656 0.0013575 0.000857886 0.000517951 0.000295896 0.000157567 7.62651e-05 3.20004e-05 1.04651e-05 1.89912e-06 0 
0 0.000648325 0.0026638 0.00606761 0.0107477 0.0164241 0.0226013 0.0285422 0.0333569 0.036297 0.0371435 0.0363567 0.0348068 0.0333331 0.0324699 0.0323987 0.032993 0.0338643 0.0344344 0.0341026 0.0324899 0.0296104 0.0258292 0.0216548 0.0175368 0.0137739 0.0105178 0.00781497 0.00564798 0.00396486 0.00269744 0.00177276 0.00112032 0.000676401 0.000386416 0.00020577 9.95959e-05 4.17899e-05 1.36666e-05 2.48009e-06 0 
0 0.000800967 0.00328966 0.00748478 0.013219 0.0200588 0.0271877 0.0333569 0.037157 0.0377419 0.0354876 0.0317876 0.0281456 0.0255203 0.0242953 0.0245209 0.0260733 0.0286362 0.0315851 0.0339719 0.0348082 0.0335605 0.0304241 0.0261128 0.0214214 0.0169338 0.0129692 0.00964877 0.00697691 0.00489875 0.00333304 0.00219054 0.00138436 0.000835816 0.000477487 0.000254266 0.000123069 5.1639e-05 1.68875e-05 3.0646e-06 0 
0 0.000945321 0.0038804 0.00881484 0.0155021 0.0232819 0.0308604 0.036297 0.0377419 0.0348438 0.0292786 0.0234342 0.0188628 0.0160262 0.0148426 0.0151618 0.0169354 0.020149 0.0245691 0.0294103 0.0332798 0.0347752 0.0333767 0.0296872 0.024842 0.0198349 0.0152612 0.0113763 0.00823257 0.00578214 0.00393452 0.00258595 0.00163427 0.000986705 0.000563688 0.000300169 0.000145287 6.09615e-05 1.99363e-05 3.61786e-06 0 
0 0.00107282 0.00440075 0.00997694 0.0174511 0.025864 0.033315 0.0371435 0.0354876 0.0292786 0.0216937 0.0153982 0.0112357 0.00893756 0.00804433 0.00829897 0.009712 0.0125028 0.0169049 0.0227286 0.0288327 0.0332333 0.0343152 0.0320033 0.0275139 0.0222733 0.0172472 0.012892 0.00933968 0.00656247 0.00446619 0.00293555 0.00185524 0.00112013 0.000639912 0.00034076 0.000164933 6.9205e-05 2.26322e-05 4.10709e-06 0 
0 0.00117616 0.00482111 0.010906 0.0189618 0.0276916 0.0345568 0.0363567 0.0317876 0.0234342 0.0153982 0.00978823 0.00654003 0.00490418 0.00429676 0.00445855 0.0054169 0.00745298 0.0110349 0.0165153 0.0234277 0.0299029 0.0334642 0.0329638 0.0292693 0.0240968 0.0188078 0.0141069 0.0102341 0.00719478 0.0048975 0.00321927 0.0020346 0.00122843 0.000701785 0.000373709 0.000180881 7.58967e-05 2.48206e-05 4.50422e-06 0 
0 0.0012499 0.0051199 0.0115582 0.0199829 0.0287824 0.0348768 0.0348068 0.0281456 0.0188628 0.0112357 0.00654003 0.0040744 0.00291274 0.00249211 0.00258804 0.00322371 0.0046525 0.00737518 0.0120103 0.0186962 0.0261153 0.0315216 0.0327807 0.0300962 0.0252284 0.0198635 0.0149565 0.0108679 0.00764521 0.00520538 0.00342196 0.00216278 0.00130584 0.000746011 0.00039726 0.00019228 8.06798e-05 2.63848e-05 4.78808e-06 0 
0 0.0012908 0.00528481 0.0119126 0.0205108 0.0292449 0.0346867 0.0333331 0.0255203 0.0160262 0.00893756 0.00490418 0.00291274 0.00201211 0.00168812 0.00174555 0.00219859 0.00325776 0.00538006 0.00924687 0.015334 0.022871 0.0292803 0.0318517 0.030114 0.0256664 0.0203789 0.0154045 0.0112125 0.00789325 0.00537582 0.00353443 0.00223397 0.00134885 0.000770587 0.000410349 0.000198616 8.33381e-05 2.72541e-05 4.94585e-06 0 
0 0.00129793 0.00531287 0.0119683 0.0205708 0.0292056 0.0343293 0.0324699 0.0242953 0.0148426 0.00804433 0.00429676 0.00249211 0.00168812 0.00139564 0.00143008 0.00179636 0.00267341 0.00446917 0.00784023 0.013374 0.0206262 0.0273113 0.0305701 0.0294988 0.0254617 0.0203575 0.0154427 0.0112593 0.00793238 0.0054044 0.00355379 0.00224637 0.00135638 0.000774903 0.000412649 0.00019973 8.38058e-05 2.74071e-05 4.9736e-06 0 
0 0.00127255 0.00520961 0.01174 0.0201989 0.0287481 0.033963 0.0323987 0.0245209 0.0151618 0.00829897 0.00445855 0.00258804 0.00174555 0.00143008 0.00144646 0.00178866 0.0026177 0.00430696 0.00745895 0.0126254 0.0194456 0.0258662 0.0291863 0.0284029 0.0246849 0.0198299 0.0150863 0.0110177 0.0077693 0.00529583 0.00348327 0.00220207 0.00132971 0.00075969 0.000404554 0.000195813 8.21625e-05 2.68697e-05 4.87609e-06 0 
0 0.00121785 0.00498777 0.0112543 0.0194307 0.0278902 0.0335388 0.032993 0.0260733 0.0169354 0.009712 0.0054169 0.00322371 0.00219859 0.00179636 0.00178866 0.00215295 0.00303968 0.00479641 0.00794896 0.0129046 0.019197 0.024927 0.0277672 0.0269089 0.0234006 0.0188415 0.0143678 0.0105119 0.00742152 0.00506255 0.00333128 0.0021065 0.00127217 0.00072686 0.000387083 0.000187359 7.86159e-05 2.571e-05 4.66563e-06 0 
0 0.00113852 0.0046658 0.0105475 0.0183042 0.0266049 0.0328512 0.0338643 0.0286362 0.020149 0.0125028 0.00745298 0.0046525 0.00325776 0.00267341 0.0026177 0.00303968 0.00407395 0.00602884 0.00930609 0.0140692 0.0196413 0.0242893 0.0262305 0.0250312 0.0216585 0.0174428 0.0133291 0.00977435 0.00691369 0.00472238 0.00311009 0.00196764 0.00118864 0.000679238 0.000361749 0.000175103 7.34742e-05 2.40286e-05 4.36052e-06 0 
0 0.00104029 0.00426624 0.00966463 0.0168689 0.0248663 0.0316399 0.0344344 0.0315851 0.0245691 0.0169049 0.0110349 0.00737518 0.00538006 0.00446917 0.00430696 0.00479641 0.00602884 0.00822332 0.0115768 0.0159364 0.0204371 0.0236397 0.0244201 0.022751 0.0194988 0.0156825 0.0120121 0.00883874 0.00627219 0.00429521 0.00283386 0.00179492 0.00108502 0.000620242 0.000330386 0.000159934 6.71117e-05 2.19481e-05 3.983e-06 0 
0 0.000929352 0.00381388 0.00865722 0.0151929 0.0226957 0.0297173 0.0341026 0.0339719 0.0294103 0.0227286 0.0165153 0.0120103 0.00924687 0.00784023 0.00745895 0.00794896 0.00930609 0.0115768 0.0146768 0.0181592 0.0211409 0.0226449 0.022194 0.0200612 0.0169617 0.0136007 0.0104464 0.00772824 0.00551707 0.00379826 0.00251615 0.00159798 0.000967502 0.00055353 0.00029497 0.000142816 5.99332e-05 1.96011e-05 3.55711e-06 0 
0 0.000811906 0.00333384 0.00758027 0.0133631 0.020183 0.027065 0.0324899 0.0348082 0.0332798 0.0288327 0.0234277 0.0186962 0.015334 0.013374 0.0126254 0.0129046 0.0140692 0.0159364 0.0181592 0.0201643 0.0212828 0.0210607 0.0194993 0.016999 0.0140934 0.0112191 0.00863308 0.00643922 0.00465015 0.00323925 0.0021666 0.00138512 0.000841909 0.000482658 0.000257449 0.000124701 5.23398e-05 1.71188e-05 3.1067e-06 0 
0 0.000693675 0.00284962 0.00648746 0.011475 0.0174723 0.0238465 0.0296104 0.0335605 0.0347752 0.0332333 0.0299029 0.0261153 0.022871 0.0206262 0.0194456 0.019197 0.0196413 0.0204371 0.0211409 0.0212828 0.0205284 0.0188248 0.0164061 0.0136576 0.0109504 0.00853937 0.00653472 0.00492632 0.00364128 0.00260782 0.001787 0.00116179 0.000713072 0.000410797 0.000219599 0.000106463 4.47e-05 1.46218e-05 2.65368e-06 0 
0 0.000579559 0.00238156 0.00542656 0.00962007 0.0147271 0.0203362 0.0258292 0.0304241 0.0333767 0.0343152 0.0334642 0.0315216 0.0292803 0.0273113 0.0258662 0.024927 0.0242893 0.0236397 0.0226449 0.0210607 0.0188248 0.0160763 0.0130917 0.0101852 0.00762949 0.00560104 0.00413924 0.00314534 0.00244418 0.00187709 0.00137008 0.000929935 0.000584544 0.000340576 0.000182927 8.88465e-05 3.73282e-05 1.22132e-05 2.21671e-06 0 
0 0.000473407 0.00194574 0.0044359 0.00787474 0.0120947 0.016819 0.0216548 0.0261128 0.0296872 0.0320033 0.0329638 0.0327807 0.0318517 0.0305701 0.0291863 0.0277672 0.0262305 0.0244201 0.022194 0.0194993 0.0164061 0.0130917 0.0097996 0.00680627 0.00438769 0.00272157 0.0017709 0.0013271 0.00115721 0.00106469 0.000915078 0.000691112 0.000459184 0.000274133 0.000148646 7.24429e-05 3.04715e-05 9.97351e-06 1.81041e-06 0 
0 0.000377919 0.00155346 0.00354269 0.00629403 0.00968453 0.0135195 0.0175368 0.0214214 0.024842 0.0275139 0.0292693 0.0300962 0.030114 0.0294988 0.0284029 0.0269089 0.0250312 0.022751 0.0200612 0.016999 0.0136576 0.0101852 0.00680627 0.0038741 0.00180767 0.000734747 0.000332282 0.000229576 0.000261758 0.000375035 0.000476087 0.000457317 0.000341126 0.000213416 0.00011769 5.76796e-05 2.43048e-05 7.95947e-06 1.44506e-06 0 
0 0.000294673 0.00121135 0.00276298 0.0049108 0.00756327 0.010579 0.0137739 0.0169338 0.0198349 0.0222733 0.0240968 0.0252284 0.0256664 0.0254617 0.0246849 0.0234006 0.0216585 0.0194988 0.0169617 0.0140934 0.0109504 0.00762949 0.00438769 0.00180767 0.000459352 7.75511e-05 1.56116e-05 8.73216e-06 1.7344e-05 6.23283e-05 0.000172434 0.000260437 0.000237833 0.000160474 9.07496e-05 4.48253e-05 1.89324e-05 6.2043e-06 1.12662e-06 0 
0 0.00022424 0.000921845 0.00210282 0.00373824 0.00575997 0.00806414 0.0105178 0.0129692 0.0152612 0.0172472 0.0188078 0.0198635 0.0203789 0.0203575 0.0198299 0.0188415 0.0174428 0.0156825 0.0136007 0.0112191 0.00853937 0.00560104 0.00272157 0.000734747 7.75511e-05 3.39665e-06 1.89436e-07 7.477e-08 3.5249e-07 5.21806e-06 4.60574e-05 0.000132142 0.000158051 0.000117177 6.82372e-05 3.39959e-05 1.43935e-05 4.72004e-06 8.57258e-07 0 
0 0.000166362 0.000683919 0.00156015 0.00277378 0.00427479 0.00598729 0.00781497 0.00964877 0.0113763 0.012892 0.0141069 0.0149565 0.0154045 0.0154427 0.0150863 0.0143678 0.0133291 0.0120121 0.0104464 0.00863308 0.00653472 0.00413924 0.0017709 0.000332282 1.56116e-05 1.89436e-07 3.05641e-09 8.55611e-10 9.22401e-09 5.24038e-07 1.36175e-05 6.9638e-05 0.000105131 8.42146e-05 5.01799e-05 2.51606e-05 1.06713e-05 3.5011e-06 6.35955e-07 0 
0 0.000120155 0.000493965 0.00112685 0.0020035 0.00308795 0.00432575 0.00564798 0.00697691 0.00823257 0.00933968 0.0102341 0.0108679 0.0112125 0.0112593 0.0110177 0.0105119 0.00977435 0.00883874 0.00772824 0.00643922 0.00492632 0.00314534 0.0013271 0.000229576 8.73216e-06 7.477e-08 8.55611e-10 2.15494e-10 2.85962e-09 2.29662e-07 7.86127e-06 4.64219e-05 7.40999e-05 6.04145e-05 3.61777e-05 1.81637e-05 7.70642e-06 2.52858e-06 4.59313e-07 0 
0 8.43268e-05 0.000346675 0.000790854 0.00140613 0.00216732 0.00303629 0.00396486 0.00489875 0.00578214 0.00656247 0.00719478 0.00764521 0.00789325 0.00793238 0.0077693 0.00742152 0.00691369 0.00627219 0.00551707 0.00465015 0.00364128 0.00244418 0.00115721 0.000261758 1.7344e-05 3.5249e-07 9.22401e-09 2.85962e-09 2.08959e-08 6.51445e-07 1.04812e-05 4.13568e-05 5.61224e-05 4.33523e-05 2.55476e-05 1.27691e-05 5.41096e-06 1.77482e-06 3.22364e-07 0 
0 5.73649e-05 0.000235832 0.000537996 0.000956561 0.0014744 0.0020656 0.00269744 0.00333304 0.00393452 0.00446619 0.0048975 0.00520538 0.00537582 0.0054044 0.00529583 0.00506255 0.00472238 0.00429521 0.00379826 0.00323925 0.00260782 0.00187709 0.00106469 0.000375035 6.23283e-05 5.21806e-06 5.24038e-07 2.29662e-07 6.51445e-07 4.44182e-06 2.09151e-05 4.2323e-05 4.36335e-05 3.06906e-05 1.75773e-05 8.71381e-06 3.68409e-06 1.20764e-06 2.19308e-07 0 
0 3.7699e-05 0.000154984 0.00035356 0.000628634 0.000968954 0.0013575 0.00177276 0.00219054 0.00258595 0.00293555 0.00321927 0.00342196 0.00353443 0.00355379 0.00348327 0.00333128 0.00311009 0.00283386 0.00251615 0.0021666 0.001787 0.00137008 0.000915078 0.000476087 0.000172434 4.60574e-05 1.36175e-05 7.86127e-06 1.04812e-05 2.09151e-05 3.5577e-05 4.05547e-05 3.26446e-05 2.10065e-05 1.1692e-05 5.74657e-06 2.42351e-06 7.93855e-07 1.44136e-07 0 
0 2.38241e-05 9.79433e-05 0.000223435 0.000397271 0.00061234 0.000857886 0.00112032 0.00138436 0.00163427 0.00185524 0.0020346 0.00216278 0.00223397 0.00224637 0.00220207 0.0021065 0.00196764 0.00179492 0.00159798 0.00138512 0.00116179 0.000929935 0.000691112 0.000457317 0.000260437 0.000132142 6.9638e-05 4.64219e-05 4.13568e-05 4.2323e-05 4.05547e-05 3.28668e-05 2.26073e-05 1.36891e-05 7.46088e-06 3.64231e-06 1.53289e-06 5.0181e-07 9.10943e-08 0 
0 1.43839e-05 5.91335e-05 0.000134899 0.000239853 0.000369702 0.000517951 0.000676401 0.000835816 0.000986705 0.00112013 0.00122843 0.00130584 0.00134885 0.00135638 0.00132971 0.00127217 0.00118864 0.00108502 0.000967502 0.000841909 0.000713072 0.000584544 0.000459184 0.000341126 0.000237833 0.000158051 0.000105131 7.40999e-05 5.61224e-05 4.36335e-05 3.26446e-05 2.26073e-05 1.4376e-05 8.42145e-06 4.53325e-06 2.20358e-06 9.26082e-07 3.03028e-07 5.50016e-08 0 
0 8.21723e-06 3.37818e-05 7.70654e-05 0.000137024 0.000211204 0.000295896 0.000386416 0.000477487 0.000563688 0.000639912 0.000701785 0.000746011 0.000770587 0.000774903 0.00075969 0.00072686 0.000679238 0.000620242 0.00055353 0.000482658 0.000410797 0.000340576 0.000274133 0.000213416 0.000160474 0.000117177 8.42146e-05 6.04145e-05 4.33523e-05 3.06906e-05 2.10065e-05 1.36891e-05 8.42145e-06 4.8585e-06 2.59903e-06 1.26041e-06 5.29268e-07 1.73137e-07 3.14226e-08 0 
0 4.37575e-06 1.79891e-05 4.10381e-05 7.29663e-05 0.000112468 0.000157567 0.00020577 0.000254266 0.000300169 0.00034076 0.000373709 0.00039726 0.000410349 0.000412649 0.000404554 0.000387083 0.000361749 0.000330386 0.00029497 0.000257449 0.000219599 0.000182927 0.000148646 0.00011769 9.07496e-05 6.82372e-05 5.01799e-05 3.61777e-05 2.55476e-05 1.75773e-05 1.1692e-05 7.46088e-06 4.53325e-06 2.59903e-06 1.38648e-06 6.71622e-07 2.81905e-07 9.22042e-08 1.67333e-08 0 
0 2.11793e-06 8.70702e-06 1.98631e-05 3.53168e-05 5.44362e-05 7.62651e-05 9.95959e-05 0.000123069 0.000145287 0.000164933 0.000180881 0.00019228 0.000198616 0.00019973 0.000195813 0.000187359 0.000175103 0.000159934 0.000142816 0.000124701 0.000106463 8.88465e-05 7.24429e-05 5.76796e-05 4.48253e-05 3.39959e-05 2.51606e-05 1.81637e-05 1.27691e-05 8.71381e-06 5.74657e-06 3.64231e-06 2.20358e-06 1.26041e-06 6.71622e-07 3.25179e-07 1.36463e-07 4.46301e-08 8.09928e-09 0 
0 8.88673e-07 3.65342e-06 8.33443e-06 1.48187e-05 2.28411e-05 3.20004e-05 4.17899e-05 5.1639e-05 6.09615e-05 6.9205e-05 7.58967e-05 8.06798e-05 8.33381e-05 8.38058e-05 8.21625e-05 7.86159e-05 7.34742e-05 6.71117e-05 5.99332e-05 5.23398e-05 4.47e-05 3.73282e-05 3.04715e-05 2.43048e-05 1.89324e-05 1.43935e-05 1.06713e-05 7.70642e-06 5.41096e-06 3.68409e-06 2.42351e-06 1.53289e-06 9.26082e-07 5.29268e-07 2.81905e-07 1.36463e-07 5.72622e-08 1.87269e-08 3.39844e-09 0 
0 2.90623e-07 1.19478e-06 2.72561e-06 4.84619e-06 7.46975e-06 1.04651e-05 1.36666e-05 1.68875e-05 1.99363e-05 2.26322e-05 2.48206e-05 2.63848e-05 2.72541e-05 2.74071e-05 2.68697e-05 2.571e-05 2.40286e-05 2.19481e-05 1.96011e-05 1.71188e-05 1.46218e-05 1.22132e-05 9.97351e-06 7.95947e-06 6.2043e-06 4.72004e-06 3.5011e-06 2.52858e-06 1.77482e-06 1.20764e-06 7.93855e-07 5.0181e-07 3.03028e-07 1.73137e-07 9.22042e-08 4.46301e-08 1.87269e-08 6.12435e-09 1.1114e-09 0 
0 5.27398e-08 2.16818e-07 4.94621e-07 8.79444e-07 1.35555e-06 1.89912e-06 2.48009e-06 3.0646e-06 3.61786e-06 4.10709e-06 4.50422e-06 4.78808e-06 4.94585e-06 4.9736e-06 4.87609e-06 4.66563e-06 4.36052e-06 3.983e-06 3.55711e-06 3.1067e-06 2.65368e-06 2.21671e-06 1.81041e-06 1.44506e-06 1.12662e-06 8.57258e-07 6.35955e-07 4.59313e-07 3.22364e-07 2.19308e-07 1.44136e-07 9.10943e-08 5.50016e-08 3.14226e-08 1.67333e-08 8.09928e-09 3.39844e-09 1.1114e-09 2.01687e-10 0 
0 0 0 0 0 0 0 0 0 0 0 0 0 0 0 0 0 0 0 0 0 0 0 0 0 0 0 0 0 0 0 0 0 0 0 0 0 0 0 0 0 
