0 0 0 0 0 0 0 0 0 0 0 0 0 0 0 0 0 0 0 0 0 0 0 0 0 0 0 0 0 0 0 0 0 0 0 0 0 0 0 0 0 
0 1.33964e-05 5.31591e-05 0.000113572 0.000181494 0.000240158 0.000277176 0.000289886 0.000283771 0.000267268 0.000247732 0.000230014 0.000216704 0.000208893 0.000206838 0.000210357 0.00021896 0.000231794 0.00024748 0.000263945 0.000278379 0.000287474 0.000288001 0.000277682 0.000256041 0.000224821 0.000187634 0.000148902 0.000112596 8.13576e-05 5.63062e-05 3.7356e-05 2.37231e-05 1.43568e-05 8.21069e-06 4.37434e-06 2.11766e-06 8.8863e-07 2.90618e-07 5.27394e-08 0 
0 5.31591e-05 0.00020056 0.000387811 0.000524459 0.000547275 0.00047113 0.000356592 0.000251678 0.000174175 0.00012313 9.18093e-05 7.39063e-05 6.51753e-05 6.33361e-05 6.76678e-05 7.87297e-05 9.82387e-05 0.000128948 0.000174237 0.000236996 0.000317482 0.00041036 0.000502422 0.00057367 0.000603837 0.000582277 0.000514363 0.000418619 0.000316845 0.000225267 0.000151619 9.69758e-05 5.88818e-05 3.37228e-05 1.79767e-05 8.70473e-06 3.65306e-06 1.19474e-06 2.16816e-07 0 
0 0.000113572 0.000387811 0.000615191 0.000604486 0.000412659 0.000218328 9.93554e-05 4.25099e-05 1.84345e-05 8.63829e-06 4.61162e-06 2.9191e-06 2.24663e-06 2.12243e-06 2.44736e-06 3.37943e-06 5.42442e-06 9.75389e-06 1.88675e-05 3.76953e-05 7.48735e-05 0.000142915 0.000254517 0.000412156 0.000593457 0.000746564 0.000813276 0.000769866 0.000643158 0.000484728 0.000336621 0.000218634 0.000133678 7.67863e-05 4.09811e-05 1.98528e-05 8.33289e-06 2.72544e-06 4.9461e-07 0 
0 0.000181494 0.000524459 0.000604486 0.000369693 0.00014158 3.97246e-05 9.3382e-06 2.06845e-06 4.8117e-07 1.2975e-07 4.41181e-08 2.01701e-08 1.29096e-08 1.17398e-08 1.50159e-08 2.61571e-08 5.90419e-08 1.62363e-07 5.08486e-07 1.69546e-06 5.65589e-06 1.78955e-05 5.14595e-05 0.000130147 0.000282092 0.000512105 0.000763161 0.000924242 0.000918276 0.000770934 0.000568256 0.000380148 0.000235554 0.00013606 7.27743e-05 3.52833e-05 1.48138e-05 4.84563e-06 8.7941e-07 0 
0 0.000240158 0.000547275 0.000412659 0.00014158 2.74864e-05 3.63018e-06 3.83559e-07 3.79528e-08 4.10497e-09 5.60509e-10 1.09327e-10 3.34758e-11 1.7072e-11 1.48127e-11 2.15273e-11 4.99252e-11 1.7151e-10 7.95954e-10 4.51174e-09 2.82426e-08 1.77879e-07 1.04093e-06 5.31725e-06 2.26861e-05 7.85951e-05 0.000217024 0.000469455 0.000781297 0.000993534 0.000986091 0.000801746 0.000563971 0.000357566 0.000208519 0.000111942 5.43463e-05 2.28282e-05 7.46833e-06 1.35546e-06 0 
0 0.000277176 0.00047113 0.000218328 3.97246e-05 3.63018e-06 2.0455e-07 8.68535e-09 3.42301e-10 1.54354e-11 9.68902e-13 1.00199e-13 1.94149e-14 7.63934e-15 6.28175e-15 1.05605e-14 3.39481e-14 1.8833e-13 1.58827e-12 1.77251e-11 2.27845e-10 2.96661e-09 3.50406e-08 3.44314e-07 2.64917e-06 1.54062e-05 6.66918e-05 0.000213645 0.000501886 0.000852954 0.00105214 0.000982599 0.000744994 0.000489272 0.000289576 0.000156346 7.60595e-05 3.19713e-05 1.0462e-05 1.89893e-06 0 
0 0.000289886 0.000356592 9.93554e-05 9.3382e-06 3.83559e-07 8.68535e-09 1.38821e-10 2.04068e-12 3.60626e-14 9.85264e-16 5.16643e-17 6.13952e-18 1.83665e-18 1.42764e-18 2.79435e-18 1.27089e-17 1.17698e-16 1.88071e-15 4.3333e-14 1.20339e-12 3.41111e-11 8.5549e-10 1.69581e-08 2.45429e-07 2.47681e-06 1.71445e-05 8.16989e-05 0.0002701 0.000617471 0.000969656 0.00107237 0.000897034 0.00061823 0.00037354 0.000203298 9.91848e-05 4.17326e-05 1.36605e-05 2.47974e-06 0 
0 0.000283771 0.000251678 4.25099e-05 2.06845e-06 3.79528e-08 3.42301e-10 2.04068e-12 1.10925e-14 7.62124e-17 9.02652e-19 2.60445e-20 2.97656e-21 1.18179e-21 9.86124e-22 1.53835e-21 5.64114e-21 6.78398e-20 2.00099e-18 9.56674e-17 5.7766e-15 3.58893e-13 1.92467e-11 7.75267e-10 2.12568e-08 3.74488e-07 4.15347e-06 2.9261e-05 0.00013399 0.000405022 0.000806733 0.00106922 0.00100233 0.000732761 0.00045441 0.000249842 0.000122339 5.15384e-05 1.6877e-05 3.064e-06 0 
0 0.000267268 0.000174175 1.84345e-05 4.8117e-07 4.10497e-09 1.54354e-11 3.60626e-14 7.62124e-17 2.14901e-19 1.44709e-21 6.81227e-23 1.52605e-23 8.36843e-24 7.39627e-24 9.46749e-24 2.18363e-23 1.26847e-22 3.22377e-21 2.79396e-19 3.51784e-17 4.60448e-15 5.08279e-13 4.01701e-11 2.02301e-09 6.05936e-08 1.05261e-06 1.07253e-05 6.63241e-05 0.000257563 0.000636043 0.00100288 0.00105769 0.000824853 0.000526839 0.000293086 0.000144124 6.08025e-05 1.99198e-05 3.61693e-06 0 
0 0.000247732 0.00012313 8.63829e-06 1.2975e-07 5.60509e-10 9.68902e-13 9.85264e-16 9.02652e-19 1.44709e-21 1.34344e-23 9.61806e-25 3.39163e-25 2.35875e-25 2.16743e-25 2.41239e-25 3.85123e-25 1.30048e-24 1.96827e-23 1.65914e-21 3.72506e-19 9.43671e-17 1.97795e-14 2.84506e-12 2.46025e-10 1.18188e-08 3.06205e-07 4.33109e-06 3.48641e-05 0.000167768 0.000496848 0.000911804 0.001073 0.000891688 0.00058692 0.00033052 0.000163255 6.89768e-05 2.26086e-05 4.10577e-06 0 
0 0.000230014 9.18093e-05 4.61162e-06 4.41181e-08 1.09327e-10 1.00199e-13 5.16643e-17 2.60445e-20 6.81228e-23 9.61809e-25 5.69779e-26 1.80456e-26 1.38098e-26 1.29539e-26 1.3163e-26 1.68795e-26 4.73919e-26 6.36518e-25 3.83151e-23 9.22871e-21 3.89801e-18 1.37921e-15 3.23573e-13 4.35278e-11 3.07749e-09 1.10607e-07 2.04638e-06 2.04168e-05 0.00011663 0.000398435 0.000825254 0.00106421 0.000935064 0.000632503 0.000360237 0.000178673 7.55973e-05 2.47898e-05 4.5025e-06 0 
0 0.000216704 7.39063e-05 2.9191e-06 2.01701e-08 3.34758e-11 1.94149e-14 6.13952e-18 2.97656e-21 1.52605e-23 3.39165e-25 1.80458e-26 2.4076e-27 1.23505e-27 1.10235e-27 1.0664e-27 1.40311e-27 6.08364e-27 9.89586e-26 4.4815e-24 7.23668e-22 3.88199e-19 2.00098e-16 6.68335e-14 1.23711e-11 1.15652e-09 5.2671e-08 1.18352e-06 1.37874e-05 8.90316e-05 0.000336346 0.000758959 0.0010465 0.000959339 0.000662972 0.000381018 0.000189616 8.0319e-05 2.63478e-05 4.78602e-06 0 
0 0.000208893 6.51753e-05 2.24663e-06 1.29096e-08 1.7072e-11 7.63934e-15 1.83665e-18 1.18179e-21 8.36846e-24 2.35876e-25 1.38099e-26 1.23506e-27 2.16812e-28 1.19494e-28 1.19005e-28 3.00194e-28 2.61586e-27 4.4605e-26 1.64044e-24 1.96573e-22 1.0433e-19 6.63238e-17 2.70773e-14 6.00979e-12 6.58642e-10 3.43278e-08 8.61702e-07 1.09645e-05 7.58958e-05 0.00030343 0.000718749 0.0010305 0.000969143 0.000678704 0.000392296 0.00019565 8.29365e-05 2.72131e-05 4.94356e-06 0 
0 0.000206838 6.33361e-05 2.12243e-06 1.17398e-08 1.48127e-11 6.28175e-15 1.42764e-18 9.86125e-22 7.3963e-24 2.16744e-25 1.2954e-26 1.10236e-27 1.19495e-28 2.57392e-29 3.23017e-29 1.98545e-28 2.18524e-27 3.73883e-26 1.3225e-24 1.50034e-22 7.82249e-20 5.19244e-17 2.21168e-14 5.10175e-12 5.78419e-10 3.103e-08 7.97643e-07 1.03434e-05 7.26784e-05 0.00029426 0.000705204 0.00102152 0.000967746 0.000680482 0.000394052 0.00019667 8.33909e-05 2.73646e-05 4.97124e-06 0 
0 0.000210357 6.76678e-05 2.44736e-06 1.50159e-08 2.15273e-11 1.05605e-14 2.79435e-18 1.53835e-21 9.46752e-24 2.41241e-25 1.31632e-26 1.06641e-27 1.19006e-28 3.23016e-29 4.62968e-29 2.57387e-28 2.81646e-27 5.21839e-26 2.1307e-24 2.89499e-22 1.58211e-19 9.35892e-17 3.56608e-14 7.44058e-12 7.72828e-10 3.84957e-08 9.31137e-07 1.15039e-05 7.78431e-05 0.000306002 0.000716374 0.00102 0.000956333 0.000669113 0.000386703 0.000192871 8.17627e-05 2.68287e-05 4.87379e-06 0 
0 0.00021896 7.87297e-05 3.37943e-06 2.61571e-08 4.99252e-11 3.39481e-14 1.27089e-17 5.64114e-21 2.18364e-23 3.85125e-25 1.68796e-26 1.40312e-27 3.00193e-28 1.98543e-28 2.57385e-28 7.71049e-28 6.69529e-27 1.39919e-25 7.75872e-24 1.55176e-21 7.92281e-19 3.592e-16 1.06437e-13 1.76995e-11 1.50758e-09 6.34756e-08 1.33752e-06 1.48071e-05 9.19637e-05 0.000337748 0.000748272 0.00102211 0.000934054 0.000645314 0.000371021 0.000184706 7.82539e-05 2.56726e-05 4.66353e-06 0 
0 0.000231794 9.82387e-05 5.42442e-06 5.90419e-08 1.7151e-10 1.8833e-13 1.17698e-16 6.78398e-20 1.26847e-22 1.30048e-24 4.7392e-26 6.08362e-27 2.61584e-27 2.18522e-27 2.81644e-27 6.69526e-27 4.52942e-26 1.0643e-24 8.71673e-23 2.31552e-20 8.53461e-18 2.60384e-15 5.32646e-13 6.3379e-11 4.02782e-09 1.32305e-07 2.274e-06 2.14073e-05 0.000117106 0.000388715 0.000793509 0.00102013 0.00089861 0.000609829 0.000348079 0.000172835 7.31629e-05 2.39963e-05 4.35869e-06 0 
0 0.00024748 0.000128948 9.75389e-06 1.62363e-07 7.95954e-10 1.58827e-12 1.88071e-15 2.00099e-18 3.22377e-21 1.96827e-23 6.36517e-25 9.89581e-26 4.46048e-26 3.73881e-26 5.21836e-26 1.39919e-25 1.0643e-24 3.19524e-23 3.56438e-21 7.40092e-19 1.65404e-16 3.07233e-14 3.95141e-12 3.0898e-10 1.35919e-08 3.26734e-07 4.34609e-06 3.3364e-05 0.00015553 0.000454531 0.000838582 0.00100301 0.000847175 0.000563662 0.000319212 0.000158067 6.68529e-05 2.1921e-05 3.98144e-06 0 
0 0.000263945 0.000174237 1.88675e-05 5.08486e-07 4.51174e-09 1.77251e-11 4.3333e-14 9.56674e-17 2.79396e-19 1.65914e-21 3.83151e-23 4.48149e-24 1.64044e-24 1.3225e-24 2.1307e-24 7.75871e-24 8.71673e-23 3.56438e-21 3.16175e-19 3.8024e-17 4.74902e-15 5.00997e-13 3.79098e-11 1.83152e-09 5.27452e-08 8.83943e-07 8.74011e-06 5.30032e-05 0.000205562 0.000520315 0.000860817 0.000957461 0.0007774 0.00050826 0.000285951 0.00014129 5.97188e-05 1.95783e-05 3.55579e-06 0 
0 0.000278379 0.000236996 3.76953e-05 1.69546e-06 2.82426e-08 2.27845e-10 1.20339e-12 5.7766e-15 3.51784e-17 3.72506e-19 9.22871e-21 7.23668e-22 1.96573e-22 1.50034e-22 2.89499e-22 1.55176e-21 2.31552e-20 7.40092e-19 3.8024e-17 2.47942e-15 1.66285e-13 9.56696e-12 4.08646e-10 1.16935e-08 2.11292e-07 2.37081e-06 1.68378e-05 7.87313e-05 0.000250994 0.000550807 0.00082728 0.000870032 0.00068817 0.000445543 0.000249929 0.000123407 5.2155e-05 1.70988e-05 3.10553e-06 0 
0 0.000287474 0.000317482 7.48735e-05 5.65589e-06 1.77879e-07 2.96661e-09 3.41111e-11 3.58893e-13 4.60448e-15 9.43671e-17 3.89801e-18 3.88199e-19 1.0433e-19 7.82249e-20 1.58211e-19 7.92281e-19 8.53461e-18 1.65404e-16 4.74902e-15 1.66285e-13 5.91962e-12 1.82775e-10 4.30328e-09 7.03923e-08 7.60158e-07 5.40051e-06 2.62669e-05 9.26582e-05 0.00024587 0.000487384 0.000700824 0.000730135 0.000579983 0.00037777 0.000212761 0.000105267 4.45272e-05 1.4603e-05 2.65256e-06 0 
0 0.000288001 0.00041036 0.000142915 1.78955e-05 1.04093e-06 3.50406e-08 8.5549e-10 1.92467e-11 5.08279e-13 1.97795e-14 1.37921e-15 2.00098e-16 6.63238e-17 5.19244e-17 9.35892e-17 3.592e-16 2.60384e-15 3.07233e-14 5.00997e-13 9.56696e-12 1.82775e-10 3.02899e-09 3.84594e-08 3.3895e-07 1.96551e-06 7.68887e-06 2.27567e-05 5.87777e-05 0.000140681 0.000291932 0.000466321 0.000536484 0.000455505 0.000307438 0.000175958 8.7621e-05 3.71512e-05 1.2194e-05 2.21558e-06 0 
0 0.000277682 0.000502422 0.000254517 5.14595e-05 5.31725e-06 3.44314e-07 1.69581e-08 7.75267e-10 4.01701e-11 2.84506e-12 3.23573e-13 6.68335e-14 2.70773e-14 2.21168e-14 3.56608e-14 1.06437e-13 5.32646e-13 3.95141e-12 3.79098e-11 4.08646e-10 4.30328e-09 3.84594e-08 2.51477e-07 1.03356e-06 2.41694e-06 3.49274e-06 4.44863e-06 7.82409e-06 2.20015e-05 7.37139e-05 0.000192501 0.000313066 0.000322024 0.000237533 0.000140915 7.10972e-05 3.028e-05 9.95305e-06 1.80923e-06 0 
0 0.000256041 0.00057367 0.000412156 0.000130147 2.26861e-05 2.64917e-06 2.45429e-07 2.12568e-08 2.02301e-09 2.46025e-10 4.35278e-11 1.23711e-11 6.00979e-12 5.10175e-12 7.44058e-12 1.76995e-11 6.3379e-11 3.0898e-10 1.83152e-09 1.16935e-08 7.03923e-08 3.3895e-07 1.03356e-06 1.44639e-06 7.00969e-07 1.39077e-07 3.07921e-08 2.98073e-08 1.92355e-07 3.06539e-06 3.22884e-05 0.000124688 0.000195898 0.000172231 0.000108978 5.61924e-05 2.40983e-05 7.93791e-06 1.44383e-06 0 
0 0.000224821 0.000603837 0.000593457 0.000282092 7.85951e-05 1.54062e-05 2.47681e-06 3.74488e-07 6.05936e-08 1.18188e-08 3.07749e-09 1.15652e-09 6.58642e-10 5.78419e-10 7.72828e-10 1.50758e-09 4.02782e-09 1.35919e-08 5.27452e-08 2.11292e-07 7.60158e-07 1.96551e-06 2.41694e-06 7.00969e-07 2.25671e-08 1.01455e-10 6.92924e-13 2.32711e-13 1.21862e-11 6.65391e-09 1.38675e-06 2.97315e-05 9.99912e-05 0.000116958 8.14413e-05 4.32674e-05 1.87216e-05 6.18282e-06 1.12543e-06 0 
0 0.000187634 0.000582277 0.000746564 0.000512105 0.000217024 6.66918e-05 1.71445e-05 4.15347e-06 1.05261e-06 3.06205e-07 1.10607e-07 5.2671e-08 3.43278e-08 3.103e-08 3.84957e-08 6.34756e-08 1.32305e-07 3.26734e-07 8.83943e-07 2.37081e-06 5.40051e-06 7.68887e-06 3.49274e-06 1.39077e-07 1.01455e-10 1.69038e-15 1.38885e-15 2.91893e-15 8.36577e-17 9.40594e-13 1.84927e-08 4.81027e-06 4.55406e-05 7.61809e-05 5.92623e-05 3.25155e-05 1.41974e-05 4.70047e-06 8.56193e-07 0 
0 0.000148902 0.000514363 0.000813276 0.000763161 0.000469455 0.000213645 8.16989e-05 2.9261e-05 1.07253e-05 4.33109e-06 2.04638e-06 1.18352e-06 8.61702e-07 7.97643e-07 9.31137e-07 1.33752e-06 2.274e-06 4.34609e-06 8.74011e-06 1.68378e-05 2.62669e-05 2.27567e-05 4.44863e-06 3.07921e-08 6.92924e-13 1.38885e-15 1.14051e-16 1.58578e-16 2.30245e-17 2.4593e-16 3.79025e-10 9.59862e-07 2.24142e-05 5.02948e-05 4.25985e-05 2.39213e-05 1.05096e-05 3.48517e-06 6.35096e-07 0 
0 0.000112596 0.000418619 0.000769866 0.000924242 0.000781297 0.000501886 0.0002701 0.00013399 6.63241e-05 3.48641e-05 2.04168e-05 1.37874e-05 1.09645e-05 1.03434e-05 1.15039e-05 1.48071e-05 2.14073e-05 3.3364e-05 5.30032e-05 7.87313e-05 9.26582e-05 5.87777e-05 7.82409e-06 2.98073e-08 2.32711e-13 2.91893e-15 1.58578e-16 2.76274e-17 1.33115e-17 3.86543e-16 1.15777e-10 5.18141e-07 1.49583e-05 3.56759e-05 3.06565e-05 1.72665e-05 7.5899e-06 2.51715e-06 4.58699e-07 0 
0 8.13576e-05 0.000316845 0.000643158 0.000918276 0.000993534 0.000852954 0.000617471 0.000405022 0.000257563 0.000167768 0.00011663 8.90316e-05 7.58958e-05 7.26784e-05 7.78431e-05 9.19637e-05 0.000117106 0.00015553 0.000205562 0.000250994 0.00024587 0.000140681 2.20015e-05 1.92355e-07 1.21862e-11 8.36577e-17 2.30245e-17 1.33114e-17 6.83658e-17 5.04243e-15 1.05912e-09 9.52212e-07 1.43881e-05 2.75443e-05 2.21186e-05 1.22132e-05 5.33841e-06 1.76765e-06 3.21977e-07 0 
0 5.63062e-05 0.000225267 0.000484728 0.000770934 0.000986091 0.00105214 0.000969656 0.000806733 0.000636043 0.000496848 0.000398435 0.000336346 0.00030343 0.00029426 0.000306002 0.000337748 0.000388715 0.000454531 0.000520315 0.000550807 0.000487384 0.000291932 7.37139e-05 3.06539e-06 6.65391e-09 9.40594e-13 2.4593e-16 3.86543e-16 5.04243e-15 3.2283e-11 5.18264e-08 3.30459e-06 1.67817e-05 2.20712e-05 1.5778e-05 8.42065e-06 3.64521e-06 1.20373e-06 2.19094e-07 0 
0 3.7356e-05 0.000151619 0.000336621 0.000568256 0.000801746 0.000982599 0.00107237 0.00106922 0.00100288 0.000911804 0.000825254 0.000758959 0.000718749 0.000705204 0.000716374 0.000748272 0.000793509 0.000838582 0.000860817 0.00082728 0.000700824 0.000466321 0.000192501 3.22884e-05 1.38675e-06 1.84927e-08 3.79025e-10 1.15777e-10 1.05912e-09 5.18264e-08 1.48202e-06 9.76103e-06 1.85728e-05 1.71137e-05 1.08985e-05 5.61498e-06 2.40558e-06 7.92006e-07 1.44032e-07 0 
0 2.37231e-05 9.69758e-05 0.000218634 0.000380148 0.000563971 0.000744994 0.000897034 0.00100233 0.00105769 0.001073 0.00106421 0.0010465 0.0010305 0.00102152 0.00102 0.00102211 0.00102013 0.00100301 0.000957461 0.000870032 0.000730135 0.000536484 0.000313066 0.000124688 2.97315e-05 4.81027e-06 9.59862e-07 5.18141e-07 9.52212e-07 3.30459e-06 9.76103e-06 1.66549e-05 1.69598e-05 1.22488e-05 7.16609e-06 3.59186e-06 1.52576e-06 5.01049e-07 9.10501e-08 0 
0 1.43568e-05 5.88818e-05 0.000133678 0.000235554 0.000357566 0.000489272 0.00061823 0.000732761 0.000824853 0.000891688 0.000935064 0.000959339 0.000969143 0.000967746 0.000956333 0.000934054 0.00089861 0.000847175 0.0007774 0.00068817 0.000579983 0.000455505 0.000322024 0.000195898 9.99912e-05 4.55406e-05 2.24142e-05 1.49583e-05 1.43881e-05 1.67817e-05 1.85728e-05 1.69598e-05 1.26213e-05 7.98035e-06 4.44024e-06 2.18695e-06 9.23627e-07 3.02755e-07 5.49852e-08 0 
0 8.21069e-06 3.37228e-05 7.67863e-05 0.00013606 0.000208519 0.000289576 0.00037354 0.00045441 0.000526839 0.00058692 0.000632503 0.000662972 0.000678704 0.000680482 0.000669113 0.000645314 0.000609829 0.000563662 0.00050826 0.000445543 0.00037777 0.000307438 0.000237533 0.000172231 0.000116958 7.61809e-05 5.02948e-05 3.56759e-05 2.75443e-05 2.20712e-05 1.71137e-05 1.22488e-05 7.98035e-06 4.74455e-06 2.57389e-06 1.25569e-06 5.28536e-07 1.73052e-07 3.14173e-08 0 
0 4.37434e-06 1.79767e-05 4.09811e-05 7.27743e-05 0.000111942 0.000156346 0.000203298 0.000249842 0.000293086 0.00033052 0.000360237 0.000381018 0.000392296 0.000394052 0.000386703 0.000371021 0.000348079 0.000319212 0.000285951 0.000249929 0.000212761 0.000175958 0.000140915 0.000108978 8.14413e-05 5.92623e-05 4.25985e-05 3.06565e-05 2.21186e-05 1.5778e-05 1.08985e-05 7.16609e-06 4.44024e-06 2.57389e-06 1.38064e-06 6.70465e-07 2.81717e-07 9.21813e-08 1.67318e-08 0 
0 2.11766e-06 8.70473e-06 1.98528e-05 3.52833e-05 5.43463e-05 7.60595e-05 9.91848e-05 0.000122339 0.000144124 0.000163255 0.000178673 0.000189616 0.00019565 0.00019667 0.000192871 0.000184706 0.000172835 0.000158067 0.00014129 0.000123407 0.000105267 8.7621e-05 7.10972e-05 5.61924e-05 4.32674e-05 3.25155e-05 2.39213e-05 1.72665e-05 1.22132e-05 8.42065e-06 5.61498e-06 3.59186e-06 2.18695e-06 1.25569e-06 6.70465e-07 3.24937e-07 1.36421e-07 4.46249e-08 8.09892e-09 0 
0 8.8863e-07 3.65306e-06 8.33289e-06 1.48138e-05 2.28282e-05 3.19713e-05 4.17326e-05 5.15384e-05 6.08025e-05 6.89768e-05 7.55973e-05 8.0319e-05 8.29365e-05 8.33909e-05 8.17627e-05 7.82539e-05 7.31629e-05 6.68529e-05 5.97188e-05 5.2155e-05 4.45272e-05 3.71512e-05 3.028e-05 2.40983e-05 1.87216e-05 1.41974e-05 1.05096e-05 7.5899e-06 5.33841e-06 3.64521e-06 2.40558e-06 1.52576e-06 9.23627e-07 5.28536e-07 2.81717e-07 1.36421e-07 5.72547e-08 1.8726e-08 3.39837e-09 0 
0 2.90618e-07 1.19474e-06 2.72544e-06 4.84563e-06 7.46833e-06 1.0462e-05 1.36605e-05 1.6877e-05 1.99198e-05 2.26086e-05 2.47898e-05 2.63478e-05 2.72131e-05 2.73646e-05 2.68287e-05 2.56726e-05 2.39963e-05 2.1921e-05 1.95783e-05 1.70988e-05 1.4603e-05 1.2194e-05 9.95305e-06 7.93791e-06 6.18282e-06 4.70047e-06 3.48517e-06 2.51715e-06 1.76765e-06 1.20373e-06 7.92006e-07 5.01049e-07 3.02755e-07 1.73052e-07 9.21813e-08 4.46249e-08 1.8726e-08 6.12421e-09 1.11139e-09 0 
0 5.27394e-08 2.16816e-07 4.9461e-07 8.7941e-07 1.35546e-06 1.89893e-06 2.47974e-06 3.064e-06 3.61693e-06 4.10577e-06 4.5025e-06 4.78602e-06 4.94356e-06 4.97124e-06 4.87379e-06 4.66353e-06 4.35869e-06 3.98144e-06 3.55579e-06 3.10553e-06 2.65256e-06 2.21558e-06 1.80923e-06 1.44383e-06 1.12543e-06 8.56193e-07 6.35096e-07 4.58699e-07 3.21977e-07 2.19094e-07 1.44032e-07 9.10501e-08 5.49852e-08 3.14173e-08 1.67318e-08 8.09892e-09 3.39837e-09 1.11139e-09 2.01686e-10 0 
0 0 0 0 0 0 0 0 0 0 0 0 0 0 0 0 0 0 0 0 0 0 0 0 0 0 0 0 0 0 0 0 0 0 0 0 0 0 0 0 0 
