0 0 0 0 0 0 0 0 0 0 0 0 0 0 0 0 0 0 0 0 0 0 0 0 0 0 0 0 0 0 0 0 0 0 0 0 0 0 0 0 0 
0 1.34515e-05 5.36386e-05 0.000115586 0.000187117 0.000251755 0.000296048 0.00031552 0.000314341 0.000300655 0.000282257 0.000264667 0.000251059 0.000242915 0.00024069 0.000244242 0.000252993 0.00026589 0.000281272 0.000296735 0.000309174 0.000315114 0.000311401 0.000296119 0.000269388 0.000233598 0.00019283 0.000151656 0.000113899 8.19086e-05 5.65149e-05 3.7427e-05 2.37449e-05 1.43629e-05 8.21219e-06 4.37467e-06 2.11773e-06 8.8864e-07 2.90619e-07 5.27395e-08 0 
0 5.36386e-05 0.00020476 0.000404482 0.000564821 0.000613356 0.000550861 0.000434114 0.000317644 0.000226739 0.000164437 0.000125064 0.000102074 9.06978e-05 8.82543e-05 9.38534e-05 0.000108102 0.00013291 0.000171225 0.000226359 0.000300481 0.000392041 0.000492726 0.000585911 0.000649495 0.00066427 0.000623901 0.000538948 0.000431076 0.000322298 0.000227351 0.000152322 9.71869e-05 5.89386e-05 3.37364e-05 1.79797e-05 8.70528e-06 3.65315e-06 1.19475e-06 2.16816e-07 0 
0 0.000115586 0.000404482 0.000670694 0.000701562 0.000513906 0.000291205 0.000141153 6.39581e-05 2.9195e-05 1.42966e-05 7.90595e-06 5.13094e-06 4.0039e-06 3.79173e-06 4.3351e-06 5.87689e-06 9.18425e-06 1.59749e-05 2.97553e-05 5.70819e-05 0.000108701 0.000198733 0.000338638 0.000523896 0.000719615 0.000863723 0.000900827 0.000822263 0.000668588 0.000494974 0.000340138 0.000219685 0.000133956 7.68515e-05 4.09947e-05 1.98553e-05 8.33327e-06 2.72548e-06 4.94613e-07 0 
0 0.000187117 0.000564821 0.000701562 0.000471772 0.000199242 6.14525e-05 1.58343e-05 3.83067e-06 9.67e-07 2.80096e-07 1.00901e-07 4.80688e-08 3.1477e-08 2.87411e-08 3.62498e-08 6.12596e-08 1.3232e-07 3.44557e-07 1.01456e-06 3.16881e-06 9.89449e-06 2.93466e-05 7.92991e-05 0.000188818 0.000385262 0.000657078 0.00091894 0.00104854 0.000991968 0.00080441 0.000580448 0.000383864 0.000236531 0.000136286 7.28203e-05 3.52914e-05 1.4815e-05 4.84577e-06 8.79418e-07 0 
0 0.000251755 0.000613356 0.000513906 0.000199242 4.38528e-05 6.58646e-06 7.93313e-07 8.93062e-08 1.08992e-08 1.65473e-09 3.5164e-10 1.14458e-10 6.03874e-11 5.27148e-11 7.50356e-11 1.66364e-10 5.3535e-10 2.29101e-09 1.18486e-08 6.72999e-08 3.84309e-07 2.04559e-06 9.56235e-06 3.76062e-05 0.000120817 0.000310069 0.000622181 0.000958701 0.00113484 0.00106439 0.000833661 0.000574212 0.0003603 0.000209147 0.000112068 5.43682e-05 2.28314e-05 7.46869e-06 1.35548e-06 0 
0 0.000296048 0.000550861 0.000291205 6.14525e-05 6.58646e-06 4.40295e-07 2.23299e-08 1.04955e-09 5.58259e-11 4.05142e-12 4.711e-13 9.92422e-14 4.09069e-14 3.39179e-14 5.54224e-14 1.67522e-13 8.49794e-13 6.41363e-12 6.3124e-11 7.10093e-10 8.08075e-09 8.3786e-08 7.29125e-07 5.02704e-06 2.65249e-05 0.000105218 0.000310071 0.000668484 0.00104105 0.00118795 0.00104805 0.000767914 0.000495613 0.000291044 0.000156638 7.61095e-05 3.19785e-05 1.04628e-05 1.89898e-06 0 
0 0.00031552 0.000434114 0.000141153 1.58343e-05 7.93313e-07 2.23299e-08 4.48173e-10 8.25961e-12 1.80439e-13 5.93925e-15 3.62052e-16 4.78586e-17 1.51451e-17 1.18823e-17 2.2496e-17 9.47218e-17 7.82055e-16 1.08342e-14 2.12389e-13 4.96811e-12 1.18397e-10 2.50975e-09 4.25218e-08 5.34158e-07 4.76222e-06 2.96204e-05 0.000128381 0.000387316 0.000805193 0.00115186 0.00118055 0.000939765 0.000630737 0.000376491 0.000203885 9.92846e-05 4.17467e-05 1.3662e-05 2.47983e-06 0 
0 0.000314341 0.000317644 6.39581e-05 3.83067e-06 8.93062e-08 1.04955e-09 8.25961e-12 5.9157e-14 5.2647e-16 7.80521e-18 2.50374e-19 2.23406e-20 6.33208e-21 4.92467e-21 9.52395e-21 4.93866e-20 6.43016e-19 1.63861e-17 6.43629e-16 3.15131e-14 1.58378e-12 6.91366e-11 2.29724e-09 5.29331e-08 8.0101e-07 7.80548e-06 4.92664e-05 0.000204394 0.000559793 0.00100722 0.00121836 0.00107025 0.000754144 0.000459605 0.000250883 0.000122515 5.15631e-05 1.68796e-05 3.06415e-06 0 
0 0.000300655 0.000226739 2.9195e-05 9.67e-07 1.08992e-08 5.58259e-11 1.80439e-13 5.2647e-16 1.99741e-18 1.43967e-20 3.68528e-22 5.04737e-23 2.0531e-23 1.7017e-23 2.63836e-23 8.67881e-23 8.94817e-22 3.36454e-20 2.5222e-18 2.49039e-16 2.54319e-14 2.20612e-12 1.39126e-10 5.71204e-09 1.43068e-07 2.13524e-06 1.91716e-05 0.000106414 0.00037321 0.000829443 0.00118151 0.00115209 0.000857108 0.000534965 0.000294734 0.000144402 6.08412e-05 1.99238e-05 3.61716e-06 0 
0 0.000282257 0.000164437 1.42966e-05 2.80096e-07 1.65473e-09 4.05142e-12 5.93925e-15 7.80521e-18 1.43967e-20 7.96472e-23 2.75293e-24 5.42075e-25 2.88523e-25 2.51562e-25 3.27604e-25 7.57957e-25 5.18885e-24 1.62151e-22 1.817e-20 3.3081e-18 6.34198e-16 1.01285e-13 1.12926e-11 7.75229e-10 3.04165e-08 6.63568e-07 8.14146e-06 5.82383e-05 0.000252102 0.000670854 0.00110579 0.00119081 0.000935365 0.000598359 0.000332873 0.000163654 6.9032e-05 2.26144e-05 4.10609e-06 0 
0 0.000264667 0.000125064 7.90595e-06 1.00901e-07 3.5164e-10 4.711e-13 3.62052e-16 2.50374e-19 3.68528e-22 2.75293e-24 8.95213e-26 1.62901e-26 9.69602e-27 8.70381e-27 1.01147e-26 1.92922e-26 1.17396e-25 3.305e-24 3.54674e-22 9.59243e-20 3.0658e-17 8.06316e-15 1.43246e-12 1.49751e-10 8.48503e-09 2.52641e-07 4.00161e-06 3.51593e-05 0.000179941 0.000551864 0.00102373 0.00119967 0.000989041 0.000647158 0.000363295 0.000179193 7.56693e-05 2.47973e-05 4.50292e-06 0 
0 0.000251059 0.000102074 5.13094e-06 4.80688e-08 1.14458e-10 9.92422e-14 4.78586e-17 2.23406e-20 5.04739e-23 5.42079e-25 1.62902e-26 1.37028e-27 5.50605e-28 4.76396e-28 5.30958e-28 1.16603e-27 1.08392e-26 3.25845e-25 2.74373e-23 7.5316e-21 3.40484e-18 1.28384e-15 3.19393e-13 4.52588e-11 3.34575e-09 1.24788e-07 2.37799e-06 2.42319e-05 0.000139725 0.000473641 0.000956162 0.00119314 0.00102111 0.000680234 0.000384665 0.000190239 8.04052e-05 2.63568e-05 4.78652e-06 0 
0 0.000242915 9.06978e-05 4.0039e-06 3.1477e-08 6.03874e-11 4.09069e-14 1.51451e-17 6.33209e-21 2.05311e-23 2.88525e-25 9.69615e-27 5.50613e-28 6.68542e-29 3.49918e-29 4.68503e-29 2.45937e-28 3.77619e-27 1.11409e-25 7.80729e-24 1.81974e-21 9.66597e-19 4.47166e-16 1.34755e-13 2.27093e-11 1.95386e-09 8.2877e-08 1.75529e-06 1.94644e-05 0.000120091 0.000430798 0.000912917 0.00118238 0.00103535 0.000697553 0.000396312 0.000196338 8.30318e-05 2.72229e-05 4.94411e-06 0 
0 0.00024069 8.82543e-05 3.79173e-06 2.87411e-08 5.27148e-11 3.39179e-14 1.18823e-17 4.92468e-21 1.70171e-23 2.51564e-25 8.70393e-27 4.76405e-28 3.49923e-29 6.4734e-30 1.61784e-29 1.75309e-28 3.02569e-27 8.85062e-26 5.97622e-24 1.33348e-21 7.2839e-19 3.51867e-16 1.10473e-13 1.93256e-11 1.71833e-09 7.49574e-08 1.62464e-06 1.83533e-05 0.000114961 0.00041791 0.000896661 0.0011735 0.00103473 0.00069968 0.000398158 0.000197375 8.34887e-05 2.73748e-05 4.97181e-06 0 
0 0.000244242 9.38534e-05 4.3351e-06 3.62498e-08 7.50356e-11 5.54224e-14 2.2496e-17 9.52395e-21 2.63837e-23 3.27607e-25 1.01148e-26 5.30966e-28 4.68507e-29 1.61782e-29 3.34454e-29 2.70464e-28 4.55962e-27 1.4425e-25 1.10557e-23 2.79949e-21 1.41559e-18 6.10735e-16 1.72542e-13 2.745e-11 2.24691e-09 9.13997e-08 1.87085e-06 2.01948e-05 0.000122073 0.000431482 0.000905707 0.0011674 0.00102055 0.00068743 0.000390616 0.000193543 8.1856e-05 2.68384e-05 4.87434e-06 0 
0 0.000252993 0.000108102 5.87689e-06 6.12596e-08 1.66364e-10 1.67522e-13 9.47218e-17 4.93866e-20 8.67883e-23 7.57962e-25 1.92924e-26 1.16603e-27 2.45934e-28 1.75306e-28 2.70461e-28 1.15837e-27 1.58485e-26 5.64782e-25 5.56459e-23 1.61006e-20 6.50314e-18 2.17158e-15 4.83013e-13 6.19401e-11 4.20009e-09 1.457e-07 2.61748e-06 2.54654e-05 0.000141833 0.000469446 0.000934798 0.00116029 0.000992442 0.000661726 0.00037451 0.000185305 7.83373e-05 2.56813e-05 4.66402e-06 0 
0 0.00026589 0.00013291 9.18425e-06 1.3232e-07 5.3535e-10 8.49794e-13 7.82055e-16 6.43016e-19 8.94817e-22 5.18886e-24 1.17396e-25 1.08391e-26 3.77615e-27 3.02565e-27 4.55957e-27 1.58484e-26 1.79784e-25 7.13673e-24 8.92201e-22 2.22838e-19 6.16846e-17 1.41138e-14 2.20567e-12 2.05679e-10 1.05571e-08 2.89324e-07 4.28454e-06 3.57348e-05 0.000176229 0.000528854 0.000974026 0.00114447 0.000948881 0.000623671 0.000351001 0.000173337 7.3233e-05 2.40036e-05 4.35911e-06 0 
0 0.000281272 0.000171225 1.59749e-05 3.44557e-07 2.29101e-09 6.41363e-12 1.08342e-14 1.63861e-17 3.36454e-20 1.62151e-22 3.305e-24 3.25843e-25 1.11408e-25 8.85055e-26 1.44249e-25 5.6478e-25 7.13672e-24 3.27699e-22 3.69305e-20 6.00246e-18 1.02115e-15 1.45538e-13 1.461e-11 9.13051e-10 3.30125e-08 6.72247e-07 7.80252e-06 5.35801e-05 0.000226583 0.000601295 0.00100672 0.00110931 0.000888092 0.000574687 0.000321526 0.000158465 6.69087e-05 2.19269e-05 3.98178e-06 0 
0 0.000296735 0.000226359 2.97553e-05 1.01456e-06 1.18486e-08 6.3124e-11 2.12389e-13 6.43629e-16 2.5222e-18 1.817e-20 3.54674e-22 2.74373e-23 7.80727e-24 5.9762e-24 1.10557e-23 5.56459e-23 8.92201e-22 3.69305e-20 2.66804e-18 2.51462e-16 2.45362e-14 2.03732e-12 1.23229e-10 4.86256e-09 1.1734e-07 1.69376e-06 1.48147e-05 8.11973e-05 0.000287718 0.000665485 0.00100771 0.00104294 0.000808917 0.000516618 0.000287702 0.000141593 5.97616e-05 1.95828e-05 3.55605e-06 0 
0 0.000309174 0.000300481 5.70819e-05 3.16881e-06 6.72999e-08 7.10093e-10 4.96811e-12 3.15131e-14 2.49039e-16 3.3081e-18 9.59243e-20 7.5316e-21 1.81974e-21 1.33348e-21 2.79949e-21 1.61006e-20 2.22838e-19 6.00246e-18 2.51462e-16 1.32001e-14 7.10974e-13 3.30615e-11 1.15713e-09 2.76589e-08 4.27203e-07 4.19979e-06 2.67534e-05 0.00011425 0.000335556 0.000679015 0.000944154 0.000934283 0.000711358 0.000451681 0.000251223 0.000123632 5.21872e-05 1.71023e-05 3.10573e-06 0 
0 0.000315114 0.000392041 0.000108701 9.89449e-06 3.84309e-07 8.08075e-09 1.18397e-10 1.58378e-12 2.54319e-14 6.34198e-16 3.0658e-17 3.40484e-18 9.66597e-19 7.2839e-19 1.41559e-18 6.50314e-18 6.16846e-17 1.02115e-15 2.45362e-14 7.10974e-13 2.08931e-11 5.35333e-10 1.05846e-08 1.47927e-07 1.3935e-06 8.82862e-06 3.90708e-05 0.000127269 0.000314169 0.000580774 0.000782905 0.000775475 0.000596686 0.000382287 0.000213731 0.000105438 4.45519e-05 1.46057e-05 2.65272e-06 0 
0 0.000311401 0.000492726 0.000198733 2.93466e-05 2.04559e-06 8.3786e-08 2.50975e-09 6.91366e-11 2.20612e-12 1.01285e-13 8.06316e-15 1.28384e-15 4.47166e-16 3.51867e-16 6.10735e-16 2.17158e-15 1.41138e-14 1.45538e-13 2.03732e-12 3.30615e-11 5.35333e-10 7.55119e-09 8.24882e-08 6.35862e-07 3.29223e-06 1.17443e-05 3.22305e-05 7.78984e-05 0.000174992 0.000341373 0.000515344 0.000567044 0.000467788 0.000310934 0.000176729 8.77591e-05 3.71712e-05 1.21962e-05 2.2157e-06 0 
0 0.000296119 0.000585911 0.000338638 7.92991e-05 9.56235e-06 7.29125e-07 4.25218e-08 2.29724e-09 1.39126e-10 1.12926e-11 1.43246e-12 3.19393e-13 1.34755e-13 1.10473e-13 1.72542e-13 4.83013e-13 2.20567e-12 1.461e-11 1.23229e-10 1.15713e-09 1.05846e-08 8.24882e-08 4.75764e-07 1.75988e-06 3.80631e-06 5.22308e-06 6.39418e-06 1.07201e-05 2.82446e-05 8.7965e-05 0.000215051 0.000332704 0.000331542 0.000240482 0.000141585 7.12178e-05 3.02974e-05 9.95493e-06 1.80934e-06 0 
0 0.000269388 0.000649495 0.000523896 0.000188818 3.76062e-05 5.02704e-06 5.34158e-07 5.29331e-08 5.71204e-09 7.75229e-10 1.49751e-10 4.52588e-11 2.27093e-11 1.93256e-11 2.745e-11 6.19401e-11 2.05679e-10 9.13051e-10 4.86256e-09 2.76589e-08 1.47927e-07 6.35862e-07 1.75988e-06 2.31278e-06 1.10732e-06 2.27404e-07 5.2309e-08 4.96888e-08 2.90966e-07 4.05426e-06 3.79592e-05 0.000135429 0.000203394 0.000174887 0.000109602 5.63042e-05 2.41142e-05 7.9396e-06 1.44393e-06 0 
0 0.000233598 0.00066427 0.000719615 0.000385262 0.000120817 2.65249e-05 4.76222e-06 8.0101e-07 1.43068e-07 3.04165e-08 8.48503e-09 3.34575e-09 1.95386e-09 1.71833e-09 2.24691e-09 4.20009e-09 1.05571e-08 3.30125e-08 1.1734e-07 4.27203e-07 1.3935e-06 3.29223e-06 3.80631e-06 1.10732e-06 3.96055e-08 2.17163e-10 1.79885e-12 6.30757e-13 2.69981e-11 1.11244e-08 1.8233e-06 3.37384e-05 0.000105407 0.000119339 8.20265e-05 4.33716e-05 1.87361e-05 6.18433e-06 1.12551e-06 0 
0 0.00019283 0.000623901 0.000863723 0.000657078 0.000310069 0.000105218 2.96204e-05 7.80548e-06 2.13524e-06 6.63568e-07 2.52641e-07 1.24788e-07 8.2877e-08 7.49574e-08 9.13997e-08 1.457e-07 2.89324e-07 6.72247e-07 1.69376e-06 4.19979e-06 8.82862e-06 1.17443e-05 5.22308e-06 2.27404e-07 2.17163e-10 5.5953e-15 6.73394e-16 2.50844e-15 4.02809e-17 2.23807e-12 2.86748e-08 5.80316e-06 4.89524e-05 7.81759e-05 5.97822e-05 3.26075e-05 1.421e-05 4.70176e-06 8.56264e-07 0 
0 0.000151656 0.000538948 0.000900827 0.00091894 0.000622181 0.000310071 0.000128381 4.92664e-05 1.91716e-05 8.14146e-06 4.00161e-06 2.37799e-06 1.75529e-06 1.62464e-06 1.87085e-06 2.61748e-06 4.28454e-06 7.80252e-06 1.48147e-05 2.67534e-05 3.90708e-05 3.22305e-05 6.39418e-06 5.2309e-08 1.79885e-12 6.73393e-16 4.22866e-17 9.40927e-17 2.57152e-17 8.51568e-16 6.8339e-10 1.22162e-06 2.44787e-05 5.18298e-05 4.30173e-05 2.39951e-05 1.05195e-05 3.48617e-06 6.35151e-07 0 
0 0.000113899 0.000431076 0.000822263 0.00104854 0.000958701 0.000668484 0.000387316 0.000204394 0.000106414 5.82383e-05 3.51593e-05 2.42319e-05 1.94644e-05 1.83533e-05 2.01948e-05 2.54654e-05 3.57348e-05 5.35801e-05 8.11973e-05 0.00011425 0.000127269 7.78984e-05 1.07201e-05 4.96888e-08 6.30757e-13 2.50843e-15 9.40928e-17 1.3298e-17 7.2823e-18 1.0779e-16 2.16607e-10 6.6705e-07 1.63766e-05 3.67736e-05 3.09553e-05 1.73186e-05 7.59688e-06 2.51785e-06 4.58737e-07 0 
0 8.19086e-05 0.000322298 0.000668588 0.000991968 0.00113484 0.00104105 0.000805193 0.000559793 0.00037321 0.000252102 0.000179941 0.000139725 0.000120091 0.000114961 0.000122073 0.000141833 0.000176229 0.000226583 0.000287718 0.000335556 0.000314169 0.000174992 2.82446e-05 2.90966e-07 2.69981e-11 4.02809e-17 2.57152e-17 7.28229e-18 4.9112e-17 1.4401e-14 1.77275e-09 1.17636e-06 1.55371e-05 2.82676e-05 2.23041e-05 1.22452e-05 5.34269e-06 1.76808e-06 3.22e-07 0 
0 5.65149e-05 0.000227351 0.000494974 0.00080441 0.00106439 0.00118795 0.00115186 0.00100722 0.000829443 0.000670854 0.000551864 0.000473641 0.000430798 0.00041791 0.000431482 0.000469446 0.000528854 0.000601295 0.000665485 0.000679015 0.000580774 0.000341373 8.7965e-05 4.05426e-06 1.11244e-08 2.23807e-12 8.51568e-16 1.0779e-16 1.4401e-14 6.24212e-11 7.24282e-08 3.81147e-06 1.77107e-05 2.24898e-05 1.58765e-05 8.43744e-06 3.64748e-06 1.20396e-06 2.19106e-07 0 
0 3.7427e-05 0.000152322 0.000340138 0.000580448 0.000833661 0.00104805 0.00118055 0.00121836 0.00118151 0.00110579 0.00102373 0.000956162 0.000912917 0.000896661 0.000905707 0.000934798 0.000974026 0.00100672 0.00100771 0.000944154 0.000782905 0.000515344 0.000215051 3.79592e-05 1.8233e-06 2.86748e-08 6.8339e-10 2.16607e-10 1.77275e-09 7.24282e-08 1.76961e-06 1.05721e-05 1.91737e-05 1.73146e-05 1.09426e-05 5.62252e-06 2.40662e-06 7.92114e-07 1.44038e-07 0 
0 2.37449e-05 9.71869e-05 0.000219685 0.000383864 0.000574212 0.000767914 0.000939765 0.00107025 0.00115209 0.00119081 0.00119967 0.00119314 0.00118238 0.0011735 0.0011674 0.00116029 0.00114447 0.00110931 0.00104294 0.000934283 0.000775475 0.000567044 0.000332704 0.000135429 3.37384e-05 5.80316e-06 1.22162e-06 6.6705e-07 1.17636e-06 3.81147e-06 1.05721e-05 1.73045e-05 1.72382e-05 1.23267e-05 7.18269e-06 3.59475e-06 1.52618e-06 5.01093e-07 9.10527e-08 0 
0 1.43629e-05 5.89386e-05 0.000133956 0.000236531 0.0003603 0.000495613 0.000630737 0.000754144 0.000857108 0.000935365 0.000989041 0.00102111 0.00103535 0.00103473 0.00102055 0.000992442 0.000948881 0.000888092 0.000808917 0.000711358 0.000596686 0.000467788 0.000331542 0.000203394 0.000105407 4.89524e-05 2.44787e-05 1.63766e-05 1.55371e-05 1.77107e-05 1.91737e-05 1.72382e-05 1.27151e-05 8.00493e-06 4.44553e-06 2.18791e-06 9.23769e-07 3.02771e-07 5.49861e-08 0 
0 8.21219e-06 3.37364e-05 7.68515e-05 0.000136286 0.000209147 0.000291044 0.000376491 0.000459605 0.000534965 0.000598359 0.000647158 0.000680234 0.000697553 0.00069968 0.00068743 0.000661726 0.000623671 0.000574687 0.000516618 0.000451681 0.000382287 0.000310934 0.000240482 0.000174887 0.000119339 7.81759e-05 5.18298e-05 3.67736e-05 2.82676e-05 2.24898e-05 1.73146e-05 1.23267e-05 8.00493e-06 4.75101e-06 2.57533e-06 1.25596e-06 5.28578e-07 1.73057e-07 3.14176e-08 0 
0 4.37467e-06 1.79797e-05 4.09947e-05 7.28203e-05 0.000112068 0.000156638 0.000203885 0.000250883 0.000294734 0.000332873 0.000363295 0.000384665 0.000396312 0.000398158 0.000390616 0.00037451 0.000351001 0.000321526 0.000287702 0.000251223 0.000213731 0.000176729 0.000141585 0.000109602 8.20265e-05 5.97822e-05 4.30173e-05 3.09553e-05 2.23041e-05 1.58765e-05 1.09426e-05 7.18269e-06 4.44553e-06 2.57533e-06 1.38097e-06 6.70531e-07 2.81728e-07 9.21826e-08 1.67319e-08 0 
0 2.11773e-06 8.70528e-06 1.98553e-05 3.52914e-05 5.43682e-05 7.61095e-05 9.92846e-05 0.000122515 0.000144402 0.000163654 0.000179193 0.000190239 0.000196338 0.000197375 0.000193543 0.000185305 0.000173337 0.000158465 0.000141593 0.000123632 0.000105438 8.77591e-05 7.12178e-05 5.63042e-05 4.33716e-05 3.26075e-05 2.39951e-05 1.73186e-05 1.22452e-05 8.43744e-06 5.62252e-06 3.59475e-06 2.18791e-06 1.25596e-06 6.70531e-07 3.24951e-07 1.36424e-07 4.46252e-08 8.09894e-09 0 
0 8.8864e-07 3.65315e-06 8.33327e-06 1.4815e-05 2.28314e-05 3.19785e-05 4.17467e-05 5.15631e-05 6.08412e-05 6.9032e-05 7.56693e-05 8.04052e-05 8.30318e-05 8.34887e-05 8.1856e-05 7.83373e-05 7.3233e-05 6.69087e-05 5.97616e-05 5.21872e-05 4.45519e-05 3.71712e-05 3.02974e-05 2.41142e-05 1.87361e-05 1.421e-05 1.05195e-05 7.59688e-06 5.34269e-06 3.64748e-06 2.40662e-06 1.52618e-06 9.23769e-07 5.28578e-07 2.81728e-07 1.36424e-07 5.72552e-08 1.8726e-08 3.39837e-09 0 
0 2.90619e-07 1.19475e-06 2.72548e-06 4.84577e-06 7.46869e-06 1.04628e-05 1.3662e-05 1.68796e-05 1.99238e-05 2.26144e-05 2.47973e-05 2.63568e-05 2.72229e-05 2.73748e-05 2.68384e-05 2.56813e-05 2.40036e-05 2.19269e-05 1.95828e-05 1.71023e-05 1.46057e-05 1.21962e-05 9.95493e-06 7.9396e-06 6.18433e-06 4.70176e-06 3.48617e-06 2.51785e-06 1.76808e-06 1.20396e-06 7.92114e-07 5.01093e-07 3.02771e-07 1.73057e-07 9.21826e-08 4.46252e-08 1.8726e-08 6.12422e-09 1.11139e-09 0 
0 5.27395e-08 2.16816e-07 4.94613e-07 8.79418e-07 1.35548e-06 1.89898e-06 2.47983e-06 3.06415e-06 3.61716e-06 4.10609e-06 4.50292e-06 4.78652e-06 4.94411e-06 4.97181e-06 4.87434e-06 4.66402e-06 4.35911e-06 3.98178e-06 3.55605e-06 3.10573e-06 2.65272e-06 2.2157e-06 1.80934e-06 1.44393e-06 1.12551e-06 8.56264e-07 6.35151e-07 4.58737e-07 3.22e-07 2.19106e-07 1.44038e-07 9.10527e-08 5.49861e-08 3.14176e-08 1.67319e-08 8.09894e-09 3.39837e-09 1.11139e-09 2.01686e-10 0 
0 0 0 0 0 0 0 0 0 0 0 0 0 0 0 0 0 0 0 0 0 0 0 0 0 0 0 0 0 0 0 0 0 0 0 0 0 0 0 0 0 
