0 0 0 0 0 0 0 0 0 0 0 0 0 0 0 0 0 0 0 0 0 0 0 0 0 0 0 0 0 0 0 0 0 0 0 0 0 0 0 0 0 
0 1.33665e-05 5.29001e-05 0.000112498 0.000178555 0.000234239 0.000267792 0.000277452 0.000269267 0.000251715 0.000231879 0.000214272 0.000201211 0.000193611 0.000191645 0.000195115 0.000203574 0.000216262 0.000231931 0.000248666 0.000263814 0.000274173 0.000276519 0.000268439 0.000249193 0.000220208 0.000184836 0.000147385 0.000111862 8.10418e-05 5.61846e-05 3.7314e-05 2.37101e-05 1.43532e-05 8.20979e-06 4.37414e-06 2.11762e-06 8.88623e-07 2.90617e-07 5.27394e-08 0 
0 5.29001e-05 0.000198318 0.00037912 0.00050417 0.000515519 0.000434558 0.00032252 0.000223722 0.000152551 0.000106532 7.86797e-05 6.29176e-05 5.52832e-05 5.36895e-05 5.7491e-05 6.72161e-05 8.44724e-05 0.00011188 0.000152763 0.000210217 0.000285168 0.000373554 0.000463826 0.000537306 0.000573722 0.000560729 0.000501172 0.000411719 0.000313744 0.000224056 0.000151204 9.68493e-05 5.88475e-05 3.37144e-05 1.79749e-05 8.70439e-06 3.65301e-06 1.19473e-06 2.16815e-07 0 
0 0.000112498 0.00037912 0.000587517 0.000559123 0.000368633 0.000188688 8.33101e-05 3.46747e-05 1.46677e-05 6.72731e-06 3.53011e-06 2.20733e-06 1.68735e-06 1.59218e-06 1.84366e-06 2.56892e-06 4.17787e-06 7.63548e-06 1.50441e-05 3.06535e-05 6.21316e-05 0.000121049 0.000220109 0.000364193 0.00053633 0.000690412 0.000768893 0.00074192 0.000629011 0.000478839 0.00033455 0.000218005 0.00013351 7.67464e-05 4.09727e-05 1.98513e-05 8.33266e-06 2.72541e-06 4.94608e-07 0 
0 0.000178555 0.00050417 0.000559123 0.000326227 0.000119166 3.19465e-05 7.18279e-06 1.52391e-06 3.40554e-07 8.86546e-08 2.92985e-08 1.31256e-08 8.30662e-09 7.53878e-09 9.70953e-09 1.71688e-08 3.96046e-08 1.1188e-07 3.61183e-07 1.2436e-06 4.28488e-06 1.39899e-05 4.14475e-05 0.000107858 0.000240477 0.00044955 0.000690813 0.000862125 0.000878991 0.000752161 0.000561168 0.000377935 0.000234962 0.000135922 7.27459e-05 3.52782e-05 1.48131e-05 4.84555e-06 8.79405e-07 0 
0 0.000234239 0.000515519 0.000368633 0.000119166 2.17728e-05 2.70096e-06 2.67617e-07 2.48507e-08 2.53238e-09 3.28133e-10 6.1347e-11 1.82252e-11 9.13967e-12 7.90635e-12 1.1609e-11 2.75291e-11 9.7679e-11 4.71849e-10 2.79852e-09 1.8379e-08 1.21482e-07 7.44789e-07 3.97298e-06 1.76312e-05 6.331e-05 0.000180885 0.000405233 0.000699847 0.000922776 0.000943896 0.000783598 0.000557937 0.000355919 0.000208135 0.000111865 5.43327e-05 2.28262e-05 7.46811e-06 1.35545e-06 0 
0 0.000267792 0.000434558 0.000188688 3.19465e-05 2.70096e-06 1.39939e-07 5.44372e-09 1.96673e-10 8.17344e-12 4.77531e-13 4.65992e-14 8.6629e-15 3.33103e-15 2.7278e-15 4.65091e-15 1.54144e-14 8.93883e-14 7.96432e-13 9.45813e-12 1.29866e-10 1.80721e-09 2.27637e-08 2.37462e-07 1.9279e-06 1.17525e-05 5.30299e-05 0.0001766 0.000431777 0.000765478 0.000982706 0.000946546 0.000731715 0.000485482 0.000288683 0.000156166 7.60285e-05 3.19669e-05 1.04615e-05 1.89891e-06 0 
0 0.000277452 0.00032252 8.33101e-05 7.18279e-06 2.67617e-07 5.44372e-09 7.77545e-11 1.02213e-12 1.6264e-14 4.05185e-16 1.97207e-17 2.22832e-18 6.53082e-19 5.06654e-19 1.00132e-18 4.70844e-18 4.61231e-17 7.91039e-16 1.97442e-14 5.96899e-13 1.84349e-11 5.02401e-10 1.07615e-08 1.66996e-07 1.79075e-06 1.30535e-05 6.50532e-05 0.00022437 0.000536282 0.000881817 0.00101505 0.000872821 0.000610841 0.000371755 0.000202938 9.91232e-05 4.17239e-05 1.36596e-05 2.47969e-06 0 
0 0.000269267 0.000223722 3.46747e-05 1.52391e-06 2.48507e-08 1.96673e-10 1.02213e-12 4.84721e-15 2.92987e-17 3.12205e-19 9.45752e-21 1.47864e-21 6.89771e-22 5.87783e-22 8.49791e-22 2.42772e-21 2.33248e-20 7.08392e-19 3.72649e-17 2.49631e-15 1.72248e-13 1.02268e-11 4.53052e-10 1.35356e-08 2.56992e-07 3.0364e-06 2.25507e-05 0.000108139 0.000342131 0.000715424 0.000993453 0.000964808 0.000720302 0.000451289 0.000249206 0.000122231 5.15232e-05 1.68754e-05 3.06391e-06 0 
0 0.000251715 0.000152551 1.46677e-05 3.40554e-07 2.53238e-09 8.17344e-12 1.6264e-14 2.92987e-17 7.20187e-20 5.54318e-22 3.79818e-23 1.12682e-23 7.44801e-24 6.78235e-24 7.84967e-24 1.41587e-23 6.30383e-23 1.11376e-21 9.44657e-20 1.33624e-17 1.97768e-15 2.45957e-13 2.17332e-11 1.21075e-09 3.96097e-08 7.41361e-07 8.0325e-06 5.22818e-05 0.000212828 0.000552183 0.000915699 0.0010069 0.000806334 0.000521995 0.000292084 0.000143952 6.07785e-05 1.99173e-05 3.61679e-06 0 
0 0.000231879 0.000106532 6.72731e-06 8.86546e-08 3.28133e-10 4.77531e-13 4.05185e-16 3.12205e-19 5.54318e-22 7.33751e-24 7.85195e-25 3.55552e-25 2.88867e-25 2.7312e-25 2.78146e-25 3.64684e-25 9.11058e-25 8.93167e-24 5.46375e-22 1.26755e-19 3.67808e-17 8.81978e-15 1.43897e-12 1.39474e-10 7.40466e-09 2.08792e-07 3.1658e-06 2.69675e-05 0.000136323 0.000424264 0.000820352 0.00101113 0.000866967 0.000580155 0.000329095 0.000163011 6.89427e-05 2.26051e-05 4.10557e-06 0 
0 0.000214272 7.86797e-05 3.53011e-06 2.92985e-08 6.1347e-11 4.65992e-14 1.97207e-17 9.45753e-21 3.79819e-23 7.85197e-25 6.38186e-26 2.4985e-26 2.15001e-26 2.06425e-26 1.95635e-26 2.13519e-26 4.30281e-26 3.78624e-25 1.59961e-23 3.00156e-21 1.40588e-18 5.7597e-16 1.55056e-13 2.3628e-11 1.86364e-09 7.34947e-08 1.46739e-06 1.55667e-05 9.36292e-05 0.000336209 0.000734173 0.000994505 0.000904891 0.000623897 0.000358393 0.000178355 7.55529e-05 2.47852e-05 4.50224e-06 0 
0 0.000201211 6.29176e-05 2.20733e-06 1.31256e-08 1.82252e-11 8.6629e-15 2.22832e-18 1.47864e-21 1.12683e-23 3.55554e-25 2.49852e-26 4.1328e-27 2.34413e-27 2.11978e-27 1.93383e-27 2.13004e-27 6.35061e-27 7.3551e-26 2.33792e-24 2.61644e-22 1.33047e-19 7.98022e-17 3.08376e-14 6.51447e-12 6.8392e-10 3.4374e-08 8.37521e-07 1.04109e-05 7.09174e-05 0.000281672 0.000670129 0.000972146 0.000925137 0.000652891 0.000378826 0.000189236 8.0266e-05 2.63423e-05 4.78571e-06 0 
0 0.000193611 5.52832e-05 1.68735e-06 8.30662e-09 9.13967e-12 3.33103e-15 6.53082e-19 6.89772e-22 7.44804e-24 2.88868e-25 2.15002e-26 2.34415e-27 4.83861e-28 2.73895e-28 2.47787e-28 4.56066e-28 2.88515e-27 3.7204e-26 9.77616e-25 8.14392e-23 3.50439e-20 2.58094e-17 1.22456e-14 3.11445e-12 3.84697e-10 2.2196e-08 6.05723e-07 8.24015e-06 6.02314e-05 0.000253182 0.000632174 0.000954149 0.000932703 0.000667737 0.000389888 0.000195231 8.2878e-05 2.7207e-05 4.94322e-06 0 
0 0.000191645 5.36895e-05 1.59218e-06 7.53878e-09 7.90635e-12 2.7278e-15 5.06654e-19 5.87784e-22 6.78237e-24 2.73121e-25 2.06427e-26 2.1198e-27 2.73897e-28 6.53784e-29 6.33188e-29 2.7858e-28 2.42824e-27 3.1911e-26 8.11441e-25 6.41029e-23 2.62714e-20 2.01551e-17 9.98404e-15 2.64067e-12 3.37605e-10 2.00584e-08 5.60741e-07 7.77576e-06 5.7696e-05 0.000245538 0.000620025 0.000945309 0.000930958 0.000669332 0.000391594 0.000196241 8.3331e-05 2.73584e-05 4.97089e-06 0 
0 0.000195115 5.7491e-05 1.84366e-06 9.70953e-09 1.1609e-11 4.65091e-15 1.00132e-18 8.49792e-22 7.84969e-24 2.78148e-25 1.95636e-26 1.93384e-27 2.47788e-28 6.33187e-29 7.37859e-29 3.35229e-28 2.94976e-27 4.16189e-26 1.20701e-24 1.13983e-22 5.38704e-20 3.70123e-17 1.63538e-14 3.90192e-12 4.55908e-10 2.50977e-08 6.59005e-07 8.6939e-06 6.20572e-05 0.000256242 0.000631694 0.000945846 0.000921013 0.000658475 0.000384362 0.000192462 8.17055e-05 2.68227e-05 4.87346e-06 0 
0 0.000203574 6.72161e-05 2.56892e-06 1.71688e-08 2.75291e-11 1.54144e-14 4.70844e-18 2.42772e-21 1.41587e-23 3.64686e-25 2.1352e-26 2.13005e-27 4.56065e-28 2.78578e-28 3.35227e-28 8.64327e-28 5.99039e-27 9.43352e-26 3.73429e-24 5.32544e-22 2.80062e-19 1.47533e-16 5.03835e-14 9.52727e-12 9.08301e-10 4.20801e-08 9.58976e-07 1.1303e-05 7.39058e-05 0.000284807 0.000663835 0.000952002 0.000901802 0.000635768 0.000368934 0.000184342 7.82029e-05 2.56673e-05 4.66323e-06 0 
0 0.000216262 8.44724e-05 4.17787e-06 3.96046e-08 9.7679e-11 8.93883e-14 4.61231e-17 2.33248e-20 6.30384e-23 9.11061e-25 4.30282e-26 6.3506e-27 2.88513e-27 2.42822e-27 2.94974e-27 5.99036e-27 3.12024e-26 5.40421e-25 3.27092e-23 7.66778e-21 3.20895e-18 1.12885e-15 2.63819e-13 3.54122e-11 2.50102e-09 8.98327e-08 1.66111e-06 1.65803e-05 9.52322e-05 0.000331216 0.00071032 0.000956276 0.000870672 0.000601763 0.000346331 0.000172531 7.31202e-05 2.39918e-05 4.35844e-06 0 
0 0.000231931 0.00011188 7.63548e-06 1.1188e-07 4.71849e-10 7.96432e-13 7.91039e-16 7.08392e-19 1.11376e-21 8.93168e-24 3.78624e-25 7.35507e-26 3.72038e-26 3.19108e-26 4.16187e-26 9.43349e-26 5.4042e-25 1.21057e-23 1.15672e-21 2.63009e-19 6.72343e-17 1.42379e-14 2.06991e-12 1.80821e-10 8.76342e-09 2.28622e-07 3.25102e-06 2.63333e-05 0.000128484 0.000392697 0.000759381 0.000947648 0.0008243 0.000557233 0.000317831 0.000157827 6.6819e-05 2.19174e-05 3.98124e-06 0 
0 0.000248666 0.000152763 1.50441e-05 3.61183e-07 2.79852e-09 9.45813e-12 1.97442e-14 3.72649e-17 9.44657e-20 5.46375e-22 1.59961e-23 2.33792e-24 9.77613e-25 8.11439e-25 1.20701e-24 3.73429e-24 3.27092e-23 1.15672e-21 1.10234e-19 1.49388e-17 2.1083e-15 2.5038e-13 2.11647e-11 1.13012e-09 3.5516e-08 6.40625e-07 6.7254e-06 4.28116e-05 0.000173187 0.000457251 0.000790026 0.000912399 0.000759722 0.000503399 0.000284913 0.000141109 5.96931e-05 1.95755e-05 3.55563e-06 0 
0 0.000263814 0.000210217 3.06535e-05 1.2436e-06 1.8379e-08 1.29866e-10 5.96899e-13 2.49631e-15 1.33624e-17 1.26755e-19 3.00155e-21 2.61644e-22 8.14392e-23 6.41028e-23 1.13983e-22 5.32544e-22 7.66778e-21 2.63009e-19 1.49388e-17 1.08451e-15 8.10676e-14 5.18192e-12 2.44252e-10 7.63937e-09 1.49156e-07 1.78613e-06 1.33762e-05 6.53172e-05 0.000216381 0.000493402 0.000769903 0.000835956 0.000675208 0.000442005 0.000249171 0.000123273 5.21359e-05 1.70968e-05 3.10541e-06 0 
0 0.000274173 0.000285168 6.21316e-05 4.28488e-06 1.21482e-07 1.80721e-09 1.84349e-11 1.72248e-13 1.97768e-15 3.67808e-17 1.40588e-18 1.33047e-19 3.50439e-20 2.62714e-20 5.38704e-20 2.80062e-19 3.20895e-18 6.72343e-17 2.1083e-15 8.10676e-14 3.17308e-12 1.07438e-10 2.75758e-09 4.87565e-08 5.63233e-07 4.23336e-06 2.15601e-05 7.90168e-05 0.000216961 0.000444674 0.000660262 0.000706239 0.000570784 0.000375217 0.000212206 0.000105168 4.45129e-05 1.46015e-05 2.65247e-06 0 
0 0.000276519 0.000373554 0.000121049 1.39899e-05 7.44789e-07 2.27637e-08 5.02401e-10 1.02268e-11 2.45957e-13 8.81978e-15 5.7597e-16 7.98022e-17 2.58094e-17 2.01551e-17 3.70123e-17 1.47533e-16 1.12885e-15 1.42379e-14 2.5038e-13 5.18192e-12 1.07438e-10 1.92816e-09 2.63718e-08 2.48318e-07 1.52276e-06 6.23322e-06 1.91417e-05 5.10543e-05 0.000125975 0.000269342 0.000442435 0.000520753 0.000448933 0.000305523 0.000175531 8.75439e-05 3.714e-05 1.21928e-05 2.2155e-06 0 
0 0.000268439 0.000463826 0.000220109 4.14475e-05 3.97298e-06 2.37462e-07 1.07615e-08 4.53052e-10 2.17332e-11 1.43897e-12 1.55056e-13 3.08376e-14 1.22456e-14 9.98404e-15 1.63538e-14 5.03835e-14 2.63819e-13 2.06991e-12 2.11647e-11 2.44252e-10 2.75758e-09 2.63718e-08 1.83472e-07 7.94326e-07 1.9304e-06 2.86138e-06 3.71542e-06 6.68869e-06 1.94178e-05 6.74307e-05 0.000181916 0.000303337 0.000317122 0.000235978 0.000140557 7.10322e-05 3.02705e-05 9.95203e-06 1.80917e-06 0 
0 0.000249193 0.000537306 0.000364193 0.000107858 1.76312e-05 1.9279e-06 1.66996e-07 1.35356e-08 1.21075e-09 1.39474e-10 2.3628e-11 6.51447e-12 3.11445e-12 2.64067e-12 3.90192e-12 9.52727e-12 3.54122e-11 1.80821e-10 1.13012e-09 7.63937e-09 4.87565e-08 2.48318e-07 7.94326e-07 1.14661e-06 5.58948e-07 1.08993e-07 2.36684e-08 2.31174e-08 1.56553e-07 2.66668e-06 2.9776e-05 0.00011959 0.000192174 0.000170875 0.000108655 5.61338e-05 2.40899e-05 7.93702e-06 1.44378e-06 0 
0 0.000220208 0.000573722 0.00053633 0.000240477 6.331e-05 1.17525e-05 1.79075e-06 2.56992e-07 3.96097e-08 7.40466e-09 1.86364e-09 6.8392e-10 3.84697e-10 3.37605e-10 4.55908e-10 9.08301e-10 2.50102e-09 8.76342e-09 3.5516e-08 1.49156e-07 5.63233e-07 1.52276e-06 1.9304e-06 5.58948e-07 1.70776e-08 6.95574e-11 4.30449e-13 1.40619e-13 8.20597e-12 5.1537e-09 1.21018e-06 2.79122e-05 9.73734e-05 0.000115769 8.1144e-05 4.3214e-05 1.87141e-05 6.18204e-06 1.12539e-06 0 
0 0.000184836 0.000560729 0.000690412 0.00044955 0.000180885 5.30299e-05 1.30535e-05 3.0364e-06 7.41361e-07 2.08792e-07 7.34947e-08 3.4374e-08 2.2196e-08 2.00584e-08 2.50977e-08 4.20801e-08 8.98327e-08 2.28622e-07 6.40625e-07 1.78613e-06 4.23336e-06 6.23322e-06 2.86138e-06 1.08993e-07 6.95574e-11 9.37298e-16 1.83117e-15 2.80395e-15 1.78294e-16 6.1142e-13 1.48666e-08 4.38111e-06 4.39261e-05 7.51979e-05 5.90014e-05 3.24689e-05 1.4191e-05 4.69982e-06 8.56157e-07 0 
0 0.000147385 0.000501172 0.000768893 0.000690813 0.000405233 0.0001766 6.50532e-05 2.25507e-05 8.0325e-06 3.1658e-06 1.46739e-06 8.37521e-07 6.05723e-07 5.60741e-07 6.59005e-07 9.58976e-07 1.66111e-06 3.25102e-06 6.7254e-06 1.33762e-05 2.15601e-05 1.91417e-05 3.71542e-06 2.36684e-08 4.30449e-13 1.83117e-15 1.73759e-16 1.87173e-16 2.66645e-17 1.41561e-16 2.82543e-10 8.51251e-07 2.1451e-05 4.95441e-05 4.23897e-05 2.38842e-05 1.05045e-05 3.48466e-06 6.35069e-07 0 
0 0.000111862 0.000411719 0.00074192 0.000862125 0.000699847 0.000431777 0.00022437 0.000108139 5.22818e-05 2.69675e-05 1.55667e-05 1.04109e-05 8.24015e-06 7.77576e-06 8.6939e-06 1.1303e-05 1.65803e-05 2.63333e-05 4.28116e-05 6.53172e-05 7.90168e-05 5.10543e-05 6.68869e-06 2.31174e-08 1.40619e-13 2.80396e-15 1.87173e-16 3.82672e-17 3.41251e-17 1.26572e-15 8.47262e-11 4.56905e-07 1.42983e-05 3.51403e-05 3.0508e-05 1.72404e-05 7.58639e-06 2.5168e-06 4.5868e-07 0 
0 8.10418e-05 0.000313744 0.000629011 0.000878991 0.000922776 0.000765478 0.000536282 0.000342131 0.000212828 0.000136323 9.36292e-05 7.09174e-05 6.02314e-05 5.7696e-05 6.20572e-05 7.39058e-05 9.52322e-05 0.000128484 0.000173187 0.000216381 0.000216961 0.000125975 1.94178e-05 1.56553e-07 8.20597e-12 1.78294e-16 2.66645e-17 3.4125e-17 7.34672e-17 2.97822e-15 8.19708e-10 8.57176e-07 1.38484e-05 2.71905e-05 2.20265e-05 1.21973e-05 5.33626e-06 1.76744e-06 3.21965e-07 0 
0 5.61846e-05 0.000224056 0.000478839 0.000752161 0.000943896 0.000982706 0.000881817 0.000715424 0.000552183 0.000424264 0.000336209 0.000281672 0.000253182 0.000245538 0.000256242 0.000284807 0.000331216 0.000392697 0.000457251 0.000493402 0.000444674 0.000269342 6.74307e-05 2.66668e-06 5.1537e-09 6.1142e-13 1.41562e-16 1.26572e-15 2.97822e-15 2.32699e-11 4.38879e-08 3.07836e-06 1.63378e-05 2.18656e-05 1.57291e-05 8.41227e-06 3.64407e-06 1.20362e-06 2.19087e-07 0 
0 3.7314e-05 0.000151204 0.00033455 0.000561168 0.000783598 0.000946546 0.00101505 0.000993453 0.000915699 0.000820352 0.000734173 0.000670129 0.000632174 0.000620025 0.000631694 0.000663835 0.00071032 0.000759381 0.000790026 0.000769903 0.000660262 0.000442435 0.000181916 2.9776e-05 1.21018e-06 1.48666e-08 2.82543e-10 8.47262e-11 8.19708e-10 4.38879e-08 1.35708e-06 9.38148e-06 1.82809e-05 1.70145e-05 1.08766e-05 5.61122e-06 2.40506e-06 7.91952e-07 1.44029e-07 0 
0 2.37101e-05 9.68493e-05 0.000218005 0.000377935 0.000557937 0.000731715 0.000872821 0.000964808 0.0010069 0.00101113 0.000994505 0.000972146 0.000954149 0.000945309 0.000945846 0.000952002 0.000956276 0.000947648 0.000912399 0.000835956 0.000706239 0.000520753 0.000303337 0.00011959 2.79122e-05 4.38111e-06 8.51251e-07 4.56905e-07 8.57176e-07 3.07836e-06 9.38148e-06 1.63411e-05 1.6823e-05 1.22102e-05 7.15783e-06 3.59041e-06 1.52556e-06 5.01027e-07 9.10488e-08 0 
0 1.43532e-05 5.88475e-05 0.00013351 0.000234962 0.000355919 0.000485482 0.000610841 0.000720302 0.000806334 0.000866967 0.000904891 0.000925137 0.000932703 0.000930958 0.000921013 0.000901802 0.000870672 0.0008243 0.000759722 0.000675208 0.000570784 0.000448933 0.000317122 0.000192174 9.73734e-05 4.39261e-05 2.1451e-05 1.42983e-05 1.38484e-05 1.63378e-05 1.82809e-05 1.6823e-05 1.25748e-05 7.96813e-06 4.43761e-06 2.18648e-06 9.23556e-07 3.02747e-07 5.49847e-08 0 
0 8.20979e-06 3.37144e-05 7.67464e-05 0.000135922 0.000208135 0.000288683 0.000371755 0.000451289 0.000521995 0.000580155 0.000623897 0.000652891 0.000667737 0.000669332 0.000658475 0.000635768 0.000601763 0.000557233 0.000503399 0.000442005 0.000375217 0.000305523 0.000235978 0.000170875 0.000115769 7.51979e-05 4.95441e-05 3.51403e-05 2.71905e-05 2.18656e-05 1.70145e-05 1.22102e-05 7.96813e-06 4.74133e-06 2.57317e-06 1.25555e-06 5.28515e-07 1.73049e-07 3.14171e-08 0 
0 4.37414e-06 1.79749e-05 4.09727e-05 7.27459e-05 0.000111865 0.000156166 0.000202938 0.000249206 0.000292084 0.000329095 0.000358393 0.000378826 0.000389888 0.000391594 0.000384362 0.000368934 0.000346331 0.000317831 0.000284913 0.000249171 0.000212206 0.000175531 0.000140557 0.000108655 8.1144e-05 5.90014e-05 4.23897e-05 3.0508e-05 2.20265e-05 1.57291e-05 1.08766e-05 7.15783e-06 4.43761e-06 2.57317e-06 1.38047e-06 6.70431e-07 2.81711e-07 9.21806e-08 1.67317e-08 0 
0 2.11762e-06 8.70439e-06 1.98513e-05 3.52782e-05 5.43327e-05 7.60285e-05 9.91232e-05 0.000122231 0.000143952 0.000163011 0.000178355 0.000189236 0.000195231 0.000196241 0.000192462 0.000184342 0.000172531 0.000157827 0.000141109 0.000123273 0.000105168 8.75439e-05 7.10322e-05 5.61338e-05 4.3214e-05 3.24689e-05 2.38842e-05 1.72404e-05 1.21973e-05 8.41227e-06 5.61122e-06 3.59041e-06 2.18648e-06 1.25555e-06 6.70431e-07 3.2493e-07 1.3642e-07 4.46247e-08 8.09891e-09 0 
0 8.88623e-07 3.65301e-06 8.33266e-06 1.48131e-05 2.28262e-05 3.19669e-05 4.17239e-05 5.15232e-05 6.07785e-05 6.89427e-05 7.55529e-05 8.0266e-05 8.2878e-05 8.3331e-05 8.17055e-05 7.82029e-05 7.31202e-05 6.6819e-05 5.96931e-05 5.21359e-05 4.45129e-05 3.714e-05 3.02705e-05 2.40899e-05 1.87141e-05 1.4191e-05 1.05045e-05 7.58639e-06 5.33626e-06 3.64407e-06 2.40506e-06 1.52556e-06 9.23556e-07 5.28515e-07 2.81711e-07 1.3642e-07 5.72545e-08 1.87259e-08 3.39837e-09 0 
0 2.90617e-07 1.19473e-06 2.72541e-06 4.84555e-06 7.46811e-06 1.04615e-05 1.36596e-05 1.68754e-05 1.99173e-05 2.26051e-05 2.47852e-05 2.63423e-05 2.7207e-05 2.73584e-05 2.68227e-05 2.56673e-05 2.39918e-05 2.19174e-05 1.95755e-05 1.70968e-05 1.46015e-05 1.21928e-05 9.95203e-06 7.93702e-06 6.18204e-06 4.69982e-06 3.48466e-06 2.5168e-06 1.76744e-06 1.20362e-06 7.91952e-07 5.01027e-07 3.02747e-07 1.73049e-07 9.21806e-08 4.46247e-08 1.87259e-08 6.12421e-09 1.11139e-09 0 
0 5.27394e-08 2.16815e-07 4.94608e-07 8.79405e-07 1.35545e-06 1.89891e-06 2.47969e-06 3.06391e-06 3.61679e-06 4.10557e-06 4.50224e-06 4.78571e-06 4.94322e-06 4.97089e-06 4.87346e-06 4.66323e-06 4.35844e-06 3.98124e-06 3.55563e-06 3.10541e-06 2.65247e-06 2.2155e-06 1.80917e-06 1.44378e-06 1.12539e-06 8.56157e-07 6.35069e-07 4.5868e-07 3.21965e-07 2.19087e-07 1.44029e-07 9.10488e-08 5.49847e-08 3.14171e-08 1.67317e-08 8.09891e-09 3.39837e-09 1.11139e-09 2.01686e-10 0 
0 0 0 0 0 0 0 0 0 0 0 0 0 0 0 0 0 0 0 0 0 0 0 0 0 0 0 0 0 0 0 0 0 0 0 0 0 0 0 0 0 
