0 0 0 0 0 0 0 0 0 0 0 0 0 0 0 0 0 0 0 0 0 0 0 0 0 0 0 0 0 0 0 0 0 0 0 0 0 0 0 0 0 
0 1.33532e-05 5.27852e-05 0.000112025 0.000177271 0.000231686 0.000263795 0.000272221 0.00026323 0.000245297 0.000225383 0.000207854 0.000194916 0.000187413 0.000185485 0.000188929 0.000197316 0.000209921 0.000225552 0.00024236 0.000257761 0.0002686 0.000271662 0.000264487 0.000246232 0.00021819 0.000183598 0.000146706 0.00011153 8.08973e-05 5.61285e-05 3.72945e-05 2.3704e-05 1.43515e-05 8.20936e-06 4.37404e-06 2.11761e-06 8.8862e-07 2.90617e-07 5.27394e-08 0 
0 5.27852e-05 0.000197329 0.000375331 0.000495485 0.000502224 0.000419587 0.000308853 0.000212697 0.00014414 0.000100145 7.36685e-05 5.87466e-05 5.15396e-05 5.00408e-05 5.36348e-05 6.28361e-05 7.92044e-05 0.000105298 0.000144405 0.000199679 0.000272292 0.000358677 0.000447973 0.000522102 0.000560894 0.000551375 0.000495342 0.00040862 0.000312331 0.000223498 0.000151011 9.67901e-05 5.88313e-05 3.37105e-05 1.79741e-05 8.70423e-06 3.65298e-06 1.19473e-06 2.16815e-07 0 
0 0.000112025 0.000375331 0.00057572 0.000540393 0.00035107 0.000177228 7.7269e-05 3.1791e-05 1.33082e-05 6.04883e-06 3.15109e-06 1.96017e-06 1.49412e-06 1.40915e-06 1.63461e-06 2.28637e-06 3.73902e-06 6.88047e-06 1.36621e-05 2.80685e-05 5.73759e-05 0.00011274 0.000206774 0.000345188 0.000513117 0.000666964 0.00074984 0.000729613 0.000622644 0.000476144 0.000333591 0.00021771 0.000133431 7.67275e-05 4.09687e-05 1.98506e-05 8.33255e-06 2.7254e-06 4.94607e-07 0 
0 0.000177271 0.000495485 0.000540393 0.000309061 0.000110682 2.91114e-05 6.42395e-06 1.33835e-06 2.94051e-07 7.54155e-08 2.46242e-08 1.09369e-08 6.8885e-09 6.24644e-09 8.06874e-09 1.43584e-08 3.34282e-08 9.55151e-08 3.12342e-07 1.09015e-06 3.80778e-06 1.25975e-05 3.77911e-05 9.95129e-05 0.000224467 0.000424725 0.000661083 0.000835667 0.000861702 0.000743681 0.000557905 0.000376902 0.000234683 0.000135857 7.27324e-05 3.52758e-05 1.48127e-05 4.84551e-06 8.79402e-07 0 
0 0.000231686 0.000502224 0.00035107 0.000110682 1.97141e-05 2.38185e-06 2.29674e-07 2.0761e-08 2.06284e-09 2.61417e-10 4.80029e-11 1.40791e-11 7.01024e-12 6.05654e-12 8.93177e-12 2.13816e-11 7.69152e-11 3.77921e-10 2.28493e-09 1.53145e-08 1.03319e-07 6.4604e-07 3.50982e-06 1.58352e-05 5.77144e-05 0.00016723 0.000380069 0.000666584 0.000892623 0.000925232 0.000775341 0.00055514 0.000355146 0.000207953 0.000111828 5.43262e-05 2.28253e-05 7.46801e-06 1.35544e-06 0 
0 0.000263795 0.000419587 0.000177228 2.91114e-05 2.38185e-06 1.19101e-07 4.4643e-09 1.55446e-10 6.24012e-12 3.53636e-13 3.36686e-14 6.14982e-15 2.34164e-15 1.91422e-15 3.28339e-15 1.10243e-14 6.51458e-14 5.94145e-13 7.24453e-12 1.02295e-10 1.46429e-09 1.89542e-08 2.02795e-07 1.68425e-06 1.04725e-05 4.80768e-05 0.000162677 0.000404311 0.000729547 0.000952816 0.00093042 0.000725616 0.000483713 0.000288262 0.000156081 7.60137e-05 3.19648e-05 1.04613e-05 1.89889e-06 0 
0 0.000272221 0.000308853 7.7269e-05 6.42395e-06 2.29674e-07 4.4643e-09 6.07944e-11 7.62145e-13 1.15988e-14 2.77849e-16 1.31027e-17 1.4515e-18 4.23638e-19 3.28893e-19 6.50021e-19 3.09045e-18 3.09868e-17 5.47664e-16 1.41424e-14 4.43244e-13 1.4197e-11 4.00794e-10 8.87196e-09 1.41803e-07 1.56011e-06 1.16219e-05 5.90051e-05 0.000207071 0.000504077 0.000845108 0.000989935 0.00086183 0.000607412 0.000370916 0.000202767 9.90939e-05 4.17197e-05 1.36591e-05 2.47966e-06 0 
0 0.00026323 0.000212697 3.1791e-05 1.33835e-06 2.0761e-08 1.55446e-10 7.62145e-13 3.41081e-15 1.95243e-17 1.9957e-19 6.43576e-21 1.16847e-21 5.709e-22 4.89005e-22 6.9334e-22 1.81396e-21 1.51622e-20 4.56344e-19 2.49724e-17 1.74831e-15 1.26132e-13 7.81938e-12 3.60672e-10 1.11752e-08 2.19011e-07 2.65765e-06 2.01787e-05 9.86235e-05 0.000317899 0.000678311 0.000960953 0.000948006 0.000714562 0.000449828 0.000248905 0.000122179 5.15159e-05 1.68746e-05 3.06387e-06 0 
0 0.000245297 0.00014414 1.33082e-05 2.94051e-07 2.06284e-09 6.24012e-12 1.15988e-14 1.95243e-17 4.55131e-20 3.89427e-22 3.11456e-23 1.06606e-23 7.52478e-24 6.90809e-24 7.7621e-24 1.2584e-23 4.92253e-23 7.36877e-22 5.97438e-20 8.85958e-18 1.38151e-15 1.80737e-13 1.6745e-11 9.73673e-10 3.30681e-08 6.3877e-07 7.1022e-06 4.72212e-05 0.000195974 0.000518886 0.00087905 0.000984457 0.00079787 0.000519736 0.000291611 0.000143871 6.07671e-05 1.99161e-05 3.61672e-06 0 
0 0.000225383 0.000100145 6.04883e-06 7.54155e-08 2.61417e-10 3.53636e-13 2.77849e-16 1.9957e-19 3.89427e-22 6.04183e-24 7.64521e-25 3.88363e-25 3.35336e-25 3.1991e-25 3.16376e-25 3.79154e-25 8.37796e-25 6.75507e-24 3.51101e-22 8.03057e-20 2.46549e-17 6.25989e-15 1.07744e-12 1.09614e-10 6.0715e-09 1.77454e-07 2.77075e-06 2.41674e-05 0.000124669 0.00039596 0.000782556 0.000984136 0.000855753 0.000577014 0.000328425 0.000162895 6.89264e-05 2.26034e-05 4.10547e-06 0 
0 0.000207854 7.36685e-05 3.15109e-06 2.46242e-08 4.80029e-11 3.36686e-14 1.31027e-17 6.43576e-21 3.11456e-23 7.64523e-25 7.12289e-26 3.04937e-26 2.75593e-26 2.66807e-26 2.46477e-26 2.50257e-26 4.44533e-26 3.24267e-25 1.16271e-23 1.8937e-21 9.12009e-19 3.97572e-16 1.13469e-13 1.82305e-11 1.50623e-09 6.17837e-08 1.27396e-06 1.38672e-05 8.52036e-05 0.000312256 0.000697019 0.000964407 0.000891293 0.000619915 0.000357527 0.000178205 7.55319e-05 2.4783e-05 4.50212e-06 0 
0 0.000194916 5.87466e-05 1.96017e-06 1.09369e-08 1.40791e-11 6.14982e-15 1.4515e-18 1.16847e-21 1.06607e-23 3.88365e-25 3.04938e-26 5.49294e-27 3.25305e-27 2.95774e-27 2.63629e-27 2.69949e-27 6.91333e-27 6.87634e-26 1.87079e-24 1.78086e-22 8.46018e-20 5.40174e-17 2.22072e-14 4.96195e-12 5.47218e-10 2.86773e-08 7.23076e-07 9.23695e-06 6.43305e-05 0.000260799 0.000634213 0.000940282 0.000909801 0.000648241 0.000377799 0.000189057 8.02408e-05 2.63397e-05 4.78556e-06 0 
0 0.000187413 5.15396e-05 1.49412e-06 6.8885e-09 7.01024e-12 2.34164e-15 4.23638e-19 5.70901e-22 7.5248e-24 3.35337e-25 2.75594e-26 3.25307e-27 7.16106e-28 4.10115e-28 3.57711e-28 5.80045e-28 3.18287e-27 3.64983e-26 8.33364e-25 5.91181e-23 2.21743e-20 1.72889e-17 8.7437e-15 2.35617e-12 3.0619e-10 1.84449e-08 5.21481e-07 7.29664e-06 5.45555e-05 0.000234078 0.000597337 0.00092157 0.000916412 0.000662689 0.000388762 0.000195033 8.28502e-05 2.72041e-05 4.94305e-06 0 
0 0.000185485 5.00408e-05 1.40915e-06 6.24644e-09 6.05654e-12 1.91422e-15 3.28893e-19 4.89005e-22 6.90811e-24 3.19912e-25 2.66809e-26 2.95775e-27 4.10117e-28 1.02192e-28 8.99586e-29 3.40041e-28 2.67972e-27 3.16173e-26 7.00723e-25 4.71036e-23 1.66417e-20 1.34868e-17 7.12334e-15 1.99671e-12 2.68629e-10 1.66668e-08 4.82776e-07 6.88643e-06 5.22675e-05 0.000227023 0.000585782 0.000912828 0.00091453 0.000664204 0.000390445 0.000196039 8.33026e-05 2.73554e-05 4.97072e-06 0 
0 0.000188929 5.36348e-05 1.63461e-06 8.06874e-09 8.93177e-12 3.28339e-15 6.50021e-19 6.9334e-22 7.76212e-24 3.16377e-25 2.46479e-26 2.63631e-27 3.57713e-28 8.99585e-29 9.54559e-29 3.96016e-28 3.17794e-27 4.00267e-26 1.00431e-24 8.08954e-23 3.42203e-20 2.49639e-17 1.17463e-14 2.9668e-12 3.64405e-10 2.09296e-08 5.68998e-07 7.71674e-06 5.63185e-05 0.000237276 0.000597562 0.000914183 0.000905227 0.000653581 0.000383268 0.00019227 8.16784e-05 2.68199e-05 4.8733e-06 0 
0 0.000197316 6.28361e-05 2.28637e-06 1.43584e-08 2.13816e-11 1.10243e-14 3.09045e-18 1.81396e-21 1.2584e-23 3.79155e-25 2.50259e-26 2.6995e-27 5.80044e-28 3.40039e-28 3.96014e-28 9.64162e-28 6.08224e-27 8.47305e-26 2.87728e-24 3.50009e-22 1.80245e-19 1.0112e-16 3.66791e-14 7.32472e-12 7.32525e-10 3.5341e-08 8.3256e-07 1.0075e-05 6.72975e-05 0.000264499 0.000629599 0.000921935 0.000887352 0.000631372 0.000367958 0.00018417 7.81788e-05 2.56648e-05 4.66309e-06 0 
0 0.000209921 7.92044e-05 3.73902e-06 3.34282e-08 7.69152e-11 6.51458e-14 3.09868e-17 1.51622e-20 4.92254e-23 8.37798e-25 4.44534e-26 6.91331e-27 3.18285e-27 2.67971e-27 3.17792e-27 6.08222e-27 2.84278e-26 4.30226e-25 2.26438e-23 4.83168e-21 2.1185e-18 7.91684e-16 1.95788e-13 2.766e-11 2.04301e-09 7.62153e-08 1.45357e-06 1.48698e-05 8.71479e-05 0.000308947 0.000676293 0.000928715 0.000858113 0.000598045 0.000345515 0.000172388 7.31e-05 2.39896e-05 4.35832e-06 0 
0 0.000225552 0.000105298 6.88047e-06 9.55151e-08 3.77921e-10 5.94145e-13 5.47664e-16 4.56344e-19 7.36877e-22 6.75508e-24 3.24266e-25 6.87631e-26 3.64981e-26 3.16172e-26 4.00266e-26 8.47303e-26 4.30226e-25 8.41781e-24 7.27443e-22 1.69589e-19 4.588e-17 1.02721e-14 1.57312e-12 1.44041e-10 7.27381e-09 1.96457e-07 2.87358e-06 2.38053e-05 0.000118356 0.000368445 0.000726629 0.000923581 0.000813981 0.000554267 0.000317187 0.000157714 6.68031e-05 2.19157e-05 3.98114e-06 0 
0 0.00024236 0.000144405 1.36621e-05 3.12342e-07 2.28493e-09 7.24453e-12 1.41424e-14 2.49724e-17 5.97438e-20 3.51101e-22 1.16271e-23 1.87078e-24 8.33362e-25 7.00721e-25 1.00431e-24 2.87727e-24 2.26437e-23 7.27443e-22 7.0525e-20 1.00477e-17 1.49358e-15 1.86524e-13 1.65259e-11 9.20708e-10 3.00269e-08 5.58757e-07 6.01618e-06 3.90811e-05 0.000160866 0.000432149 0.000760408 0.000892674 0.000751731 0.000501158 0.000284429 0.000141024 5.9681e-05 1.95742e-05 3.55556e-06 0 
0 0.000257761 0.000199679 2.80685e-05 1.09015e-06 1.53145e-08 1.02295e-10 4.43244e-13 1.74831e-15 8.85958e-18 8.03057e-20 1.8937e-21 1.78086e-22 5.9118e-23 4.71035e-23 8.08954e-23 3.50009e-22 4.83168e-21 1.69589e-19 1.00477e-17 7.63467e-16 5.97601e-14 3.99452e-12 1.96322e-10 6.37645e-09 1.28656e-07 1.5837e-06 1.21284e-05 6.0306e-05 0.000202968 0.000470206 0.000745657 0.000820982 0.000669354 0.000440381 0.000248819 0.000123211 5.2127e-05 1.70958e-05 3.10536e-06 0 
0 0.0002686 0.000272292 5.73759e-05 3.80778e-06 1.03319e-07 1.46429e-09 1.4197e-11 1.26132e-13 1.38151e-15 2.46549e-17 9.12009e-19 8.46018e-20 2.21743e-20 1.66417e-20 3.42203e-20 1.80245e-19 2.1185e-18 4.588e-17 1.49358e-15 5.97601e-14 2.43519e-12 8.57455e-11 2.28293e-09 4.17187e-08 4.95911e-07 3.81732e-06 1.98222e-05 7.38168e-05 0.000205573 0.000427223 0.000643048 0.00069576 0.000566656 0.000374056 0.000211951 0.000105122 4.45063e-05 1.46007e-05 2.65243e-06 0 
0 0.000271662 0.000358677 0.00011274 1.25975e-05 6.4604e-07 1.89542e-08 4.00794e-10 7.81938e-12 1.80737e-13 6.25989e-15 3.97572e-16 5.40174e-17 1.72889e-17 1.34868e-17 2.49639e-17 1.0112e-16 7.91684e-16 1.02721e-14 1.86524e-13 3.99452e-12 8.57455e-11 1.59178e-09 2.24691e-08 2.17594e-07 1.36636e-06 5.70143e-06 1.77833e-05 4.80747e-05 0.000120143 0.000260106 0.000432357 0.000513931 0.000446025 0.000304666 0.000175338 8.7509e-05 3.71349e-05 1.21922e-05 2.21547e-06 0 
0 0.000264487 0.000447973 0.000206774 3.77911e-05 3.50982e-06 2.02795e-07 8.87196e-09 3.60672e-10 1.6745e-11 1.07744e-12 1.13469e-13 2.22072e-14 8.7437e-15 7.12334e-15 1.17463e-14 3.66791e-14 1.95788e-13 1.57312e-12 1.65259e-11 1.96322e-10 2.28293e-09 2.24691e-08 1.60489e-07 7.10328e-07 1.75466e-06 2.62894e-06 3.4414e-06 6.25651e-06 1.84092e-05 6.49037e-05 0.000177528 0.000299197 0.000314994 0.000235294 0.000140399 7.10032e-05 3.02663e-05 9.95157e-06 1.80914e-06 0 
0 0.000246232 0.000522102 0.000345188 9.95129e-05 1.58352e-05 1.68425e-06 1.41803e-07 1.11752e-08 9.73673e-10 1.09614e-10 1.82305e-11 4.96195e-12 2.35617e-12 1.99671e-12 2.9668e-12 7.32472e-12 2.766e-11 1.44041e-10 9.20708e-10 6.37645e-09 4.17187e-08 2.17594e-07 7.10328e-07 1.03892e-06 5.07695e-07 9.82651e-08 2.11615e-08 2.07455e-08 1.43404e-07 2.5129e-06 2.8763e-05 0.000117465 0.000190586 0.000170288 0.000108514 5.61082e-05 2.40862e-05 7.93663e-06 1.44376e-06 0 
0 0.00021819 0.000560894 0.000513117 0.000224467 5.77144e-05 1.04725e-05 1.56011e-06 2.19011e-07 3.30681e-08 6.0715e-09 1.50623e-09 5.47218e-10 3.0619e-10 2.68629e-10 3.64405e-10 7.32525e-10 2.04301e-09 7.27381e-09 3.00269e-08 1.28656e-07 4.95911e-07 1.36636e-06 1.75466e-06 5.07695e-07 1.51699e-08 5.92439e-11 3.51192e-13 1.1323e-13 6.93452e-12 4.62257e-09 1.14197e-06 2.71702e-05 9.62731e-05 0.00011526 8.10159e-05 4.31908e-05 1.87108e-05 6.1817e-06 1.12537e-06 0 
0 0.000183598 0.000551375 0.000666964 0.000424725 0.00016723 4.80768e-05 1.16219e-05 2.65765e-06 6.3877e-07 1.77454e-07 6.17837e-08 2.86773e-08 1.84449e-08 1.66668e-08 2.09296e-08 3.5341e-08 7.62153e-08 1.96457e-07 5.58757e-07 1.5837e-06 3.81732e-06 5.70143e-06 2.62894e-06 9.82651e-08 5.92439e-11 7.33238e-16 2.02005e-15 2.69414e-15 2.51656e-16 5.09011e-13 1.3547e-08 4.21009e-06 4.32545e-05 7.4781e-05 5.88897e-05 3.24488e-05 1.41882e-05 4.69954e-06 8.56141e-07 0 
0 0.000146706 0.000495342 0.00074984 0.000661083 0.000380069 0.000162677 5.90051e-05 2.01787e-05 7.1022e-06 2.77075e-06 1.27396e-06 7.23076e-07 5.21481e-07 4.82776e-07 5.68998e-07 8.3256e-07 1.45357e-06 2.87358e-06 6.01618e-06 1.21284e-05 1.98222e-05 1.77833e-05 3.4414e-06 2.11615e-08 3.51192e-13 2.02005e-15 2.04864e-16 1.97184e-16 3.0101e-17 1.23607e-16 2.49289e-10 8.08794e-07 2.10531e-05 4.92269e-05 4.23006e-05 2.38683e-05 1.05024e-05 3.48444e-06 6.35057e-07 0 
0 0.00011153 0.00040862 0.000729613 0.000835667 0.000666584 0.000404311 0.000207071 9.86235e-05 4.72212e-05 2.41674e-05 1.38672e-05 9.23695e-06 7.29664e-06 6.88643e-06 7.71674e-06 1.0075e-05 1.48698e-05 2.38053e-05 3.90811e-05 6.0306e-05 7.38168e-05 4.80747e-05 6.25651e-06 2.07455e-08 1.1323e-13 2.69414e-15 1.97184e-16 4.4213e-17 5.45253e-17 2.05983e-15 7.41675e-11 4.33068e-07 1.4026e-05 3.49143e-05 3.04447e-05 1.72292e-05 7.58488e-06 2.51665e-06 4.58672e-07 0 
0 8.08973e-05 0.000312331 0.000622644 0.000861702 0.000892623 0.000729547 0.000504077 0.000317899 0.000195974 0.000124669 8.52036e-05 6.43305e-05 5.45555e-05 5.22675e-05 5.63185e-05 6.72975e-05 8.71479e-05 0.000118356 0.000160866 0.000202968 0.000205573 0.000120143 1.84092e-05 1.43404e-07 6.93452e-12 2.51656e-16 3.0101e-17 5.45252e-17 7.46674e-17 2.37644e-15 7.34961e-10 8.19642e-07 1.36246e-05 2.70411e-05 2.19873e-05 1.21905e-05 5.33535e-06 1.76735e-06 3.2196e-07 0 
0 5.61285e-05 0.000223498 0.000476144 0.000743681 0.000925232 0.000952816 0.000845108 0.000678311 0.000518886 0.00039596 0.000312256 0.000260799 0.000234078 0.000227023 0.000237276 0.000264499 0.000308947 0.000368445 0.000432149 0.000470206 0.000427223 0.000260106 6.49037e-05 2.5129e-06 4.62257e-09 5.09011e-13 1.23607e-16 2.05983e-15 2.37644e-15 2.02444e-11 4.08899e-08 2.98682e-06 1.61523e-05 2.17785e-05 1.57083e-05 8.40869e-06 3.64359e-06 1.20357e-06 2.19084e-07 0 
0 3.72945e-05 0.000151011 0.000333591 0.000557905 0.000775341 0.00093042 0.000989935 0.000960953 0.00087905 0.000782556 0.000697019 0.000634213 0.000597337 0.000585782 0.000597562 0.000629599 0.000676293 0.000726629 0.000760408 0.000745657 0.000643048 0.000432357 0.000177528 2.8763e-05 1.14197e-06 1.3547e-08 2.49289e-10 7.41675e-11 7.34961e-10 4.08899e-08 1.30716e-06 9.22445e-06 1.8158e-05 1.69723e-05 1.08672e-05 5.60961e-06 2.40484e-06 7.91928e-07 1.44027e-07 0 
0 2.3704e-05 9.67901e-05 0.00021771 0.000376902 0.00055514 0.000725616 0.00086183 0.000948006 0.000984457 0.000984136 0.000964407 0.000940282 0.00092157 0.000912828 0.000914183 0.000921935 0.000928715 0.000923581 0.000892674 0.000820982 0.00069576 0.000513931 0.000299197 0.000117465 2.71702e-05 4.21009e-06 8.08794e-07 4.33068e-07 8.19642e-07 2.98682e-06 9.22445e-06 1.62092e-05 1.6765e-05 1.21938e-05 7.1543e-06 3.58979e-06 1.52547e-06 5.01017e-07 9.10483e-08 0 
0 1.43515e-05 5.88313e-05 0.000133431 0.000234683 0.000355146 0.000483713 0.000607412 0.000714562 0.00079787 0.000855753 0.000891293 0.000909801 0.000916412 0.00091453 0.000905227 0.000887352 0.000858113 0.000813981 0.000751731 0.000669354 0.000566656 0.000446025 0.000314994 0.000190586 9.62731e-05 4.32545e-05 2.10531e-05 1.4026e-05 1.36246e-05 1.61523e-05 1.8158e-05 1.6765e-05 1.25551e-05 7.96293e-06 4.43648e-06 2.18627e-06 9.23526e-07 3.02744e-07 5.49845e-08 0 
0 8.20936e-06 3.37105e-05 7.67275e-05 0.000135857 0.000207953 0.000288262 0.000370916 0.000449828 0.000519736 0.000577014 0.000619915 0.000648241 0.000662689 0.000664204 0.000653581 0.000631372 0.000598045 0.000554267 0.000501158 0.000440381 0.000374056 0.000304666 0.000235294 0.000170288 0.00011526 7.4781e-05 4.92269e-05 3.49143e-05 2.70411e-05 2.17785e-05 1.69723e-05 1.21938e-05 7.96293e-06 4.73996e-06 2.57286e-06 1.25549e-06 5.28506e-07 1.73048e-07 3.14171e-08 0 
0 4.37404e-06 1.79741e-05 4.09687e-05 7.27324e-05 0.000111828 0.000156081 0.000202767 0.000248905 0.000291611 0.000328425 0.000357527 0.000377799 0.000388762 0.000390445 0.000383268 0.000367958 0.000345515 0.000317187 0.000284429 0.000248819 0.000211951 0.000175338 0.000140399 0.000108514 8.10159e-05 5.88897e-05 4.23006e-05 3.04447e-05 2.19873e-05 1.57083e-05 1.08672e-05 7.1543e-06 4.43648e-06 2.57286e-06 1.3804e-06 6.70417e-07 2.81709e-07 9.21803e-08 1.67317e-08 0 
0 2.11761e-06 8.70423e-06 1.98506e-05 3.52758e-05 5.43262e-05 7.60137e-05 9.90939e-05 0.000122179 0.000143871 0.000162895 0.000178205 0.000189057 0.000195033 0.000196039 0.00019227 0.00018417 0.000172388 0.000157714 0.000141024 0.000123211 0.000105122 8.7509e-05 7.10032e-05 5.61082e-05 4.31908e-05 3.24488e-05 2.38683e-05 1.72292e-05 1.21905e-05 8.40869e-06 5.60961e-06 3.58979e-06 2.18627e-06 1.25549e-06 6.70417e-07 3.24927e-07 1.3642e-07 4.46246e-08 8.09891e-09 0 
0 8.8862e-07 3.65298e-06 8.33255e-06 1.48127e-05 2.28253e-05 3.19648e-05 4.17197e-05 5.15159e-05 6.07671e-05 6.89264e-05 7.55319e-05 8.02408e-05 8.28502e-05 8.33026e-05 8.16784e-05 7.81788e-05 7.31e-05 6.68031e-05 5.9681e-05 5.2127e-05 4.45063e-05 3.71349e-05 3.02663e-05 2.40862e-05 1.87108e-05 1.41882e-05 1.05024e-05 7.58488e-06 5.33535e-06 3.64359e-06 2.40484e-06 1.52547e-06 9.23526e-07 5.28506e-07 2.81709e-07 1.3642e-07 5.72544e-08 1.87259e-08 3.39837e-09 0 
0 2.90617e-07 1.19473e-06 2.7254e-06 4.84551e-06 7.46801e-06 1.04613e-05 1.36591e-05 1.68746e-05 1.99161e-05 2.26034e-05 2.4783e-05 2.63397e-05 2.72041e-05 2.73554e-05 2.68199e-05 2.56648e-05 2.39896e-05 2.19157e-05 1.95742e-05 1.70958e-05 1.46007e-05 1.21922e-05 9.95157e-06 7.93663e-06 6.1817e-06 4.69954e-06 3.48444e-06 2.51665e-06 1.76735e-06 1.20357e-06 7.91928e-07 5.01017e-07 3.02744e-07 1.73048e-07 9.21803e-08 4.46246e-08 1.87259e-08 6.1242e-09 1.11139e-09 0 
0 5.27394e-08 2.16815e-07 4.94607e-07 8.79402e-07 1.35544e-06 1.89889e-06 2.47966e-06 3.06387e-06 3.61672e-06 4.10547e-06 4.50212e-06 4.78556e-06 4.94305e-06 4.97072e-06 4.8733e-06 4.66309e-06 4.35832e-06 3.98114e-06 3.55556e-06 3.10536e-06 2.65243e-06 2.21547e-06 1.80914e-06 1.44376e-06 1.12537e-06 8.56141e-07 6.35057e-07 4.58672e-07 3.2196e-07 2.19084e-07 1.44027e-07 9.10483e-08 5.49845e-08 3.14171e-08 1.67317e-08 8.09891e-09 3.39837e-09 1.11139e-09 2.01686e-10 0 
0 0 0 0 0 0 0 0 0 0 0 0 0 0 0 0 0 0 0 0 0 0 0 0 0 0 0 0 0 0 0 0 0 0 0 0 0 0 0 0 0 
