0 0 0 0 0 0 0 0 0 0 0 0 0 0 0 0 0 0 0 0 0 0 0 0 0 0 0 0 0 0 0 0 0 0 0 0 0 0 0 0 0 
0 1.34824e-05 5.39097e-05 0.00011674 0.000190401 0.000258698 0.000307653 0.0003317 0.000334089 0.000322646 0.000305351 0.000288114 0.000274485 0.000266211 0.00026389 0.000267412 0.00027614 0.000288893 0.000303823 0.000318327 0.000329133 0.000332704 0.000325988 0.000307355 0.000277328 0.000238692 0.000195772 0.000153178 0.000114604 8.22011e-05 5.66238e-05 3.74636e-05 2.37559e-05 1.43659e-05 8.21293e-06 4.37483e-06 2.11776e-06 8.88645e-07 2.9062e-07 5.27396e-08 0 
0 5.39097e-05 0.000207161 0.000414244 0.000589353 0.000655421 0.000604142 0.000488305 0.000365573 0.000266158 0.000196196 0.000151114 0.000124422 0.000111087 0.000108185 0.000114713 0.000131289 0.000159911 0.000203571 0.00026539 0.000346836 0.000444931 0.000549282 0.000641208 0.000697809 0.000701264 0.000648397 0.000552896 0.000437919 0.000325213 0.000228441 0.000152684 9.7294e-05 5.89671e-05 3.37432e-05 1.79811e-05 8.70555e-06 3.65319e-06 1.19475e-06 2.16816e-07 0 
0 0.00011674 0.000414244 0.000704701 0.000765127 0.000585369 0.000346407 0.000174808 8.21508e-05 3.87348e-05 1.95006e-05 1.10243e-05 7.26726e-06 5.72012e-06 5.42524e-06 6.16986e-06 8.26872e-06 1.27081e-05 2.16492e-05 3.93775e-05 7.36249e-05 0.000136485 0.000242708 0.000401919 0.000603723 0.000804767 0.00093823 0.000953372 0.000852126 0.000682479 0.000500392 0.000341954 0.000220219 0.000134095 7.68839e-05 4.10014e-05 1.98565e-05 8.33345e-06 2.7255e-06 4.94614e-07 0 
0 0.000190401 0.000589353 0.000765127 0.000545396 0.000245018 8.02547e-05 2.19122e-05 5.60217e-06 1.48813e-06 4.50653e-07 1.6827e-07 8.22355e-08 5.46189e-08 4.99974e-08 6.25141e-08 1.03677e-07 2.1791e-07 5.48538e-07 1.55446e-06 4.6612e-06 1.39641e-05 3.97614e-05 0.000103259 0.000236456 0.00046382 0.00075979 0.00102108 0.00112409 0.00103393 0.000822531 0.000586815 0.000385758 0.000237022 0.000136398 7.2843e-05 3.52954e-05 1.48156e-05 4.84584e-06 8.79422e-07 0 
0 0.000258698 0.000655421 0.000585369 0.000245018 5.83837e-05 9.50701e-06 1.24262e-06 1.51565e-07 1.9936e-08 3.23228e-09 7.2432e-10 2.44852e-10 1.31926e-10 1.15597e-10 1.62444e-10 3.50271e-10 1.08246e-09 4.4056e-09 2.15268e-08 1.15121e-07 6.18576e-07 3.10374e-06 1.37239e-05 5.12548e-05 0.000156842 0.000383698 0.00073317 0.00107622 0.00122044 0.00110844 0.000850686 0.000579487 0.000361678 0.00020946 0.000112131 5.43789e-05 2.28329e-05 7.46886e-06 1.35549e-06 0 
0 0.000307653 0.000604142 0.000346407 8.02547e-05 9.50701e-06 7.06968e-07 4.00355e-08 2.09875e-09 1.23652e-10 9.81654e-12 1.22731e-12 2.72259e-13 1.15491e-13 9.6252e-14 1.54539e-13 4.49676e-13 2.15834e-12 1.52087e-11 1.38491e-10 1.43444e-09 1.50173e-08 1.43621e-07 1.1589e-06 7.46035e-06 3.70141e-05 0.000138778 0.000387164 0.000789289 0.00116384 0.00126844 0.00108405 0.000779914 0.000498834 0.000291776 0.000156782 7.61341e-05 3.1982e-05 1.04631e-05 1.899e-06 0 
0 0.0003317 0.000488305 0.000174808 2.19122e-05 1.24262e-06 4.00355e-08 9.2528e-10 1.9614e-11 4.88543e-13 1.80434e-14 1.20715e-15 1.70503e-16 5.59698e-17 4.41968e-17 8.18222e-17 3.28112e-16 2.52321e-15 3.20049e-14 5.67777e-13 1.19437e-11 2.55663e-10 4.88359e-09 7.50683e-08 8.63577e-07 7.12489e-06 4.14102e-05 0.000168777 0.000479409 0.00093731 0.00126641 0.00124239 0.00096262 0.00063716 0.000377971 0.000204176 9.93336e-05 4.17536e-05 1.36627e-05 2.47987e-06 0 
0 0.000334089 0.000365573 8.21508e-05 5.60217e-06 1.51565e-07 2.09875e-09 1.9614e-11 1.66616e-13 1.73999e-15 2.96807e-17 1.05843e-18 9.67017e-20 2.57064e-20 1.95281e-20 4.00296e-20 2.13965e-19 2.624e-18 6.01886e-17 2.09287e-15 9.00146e-14 3.96788e-12 1.52499e-10 4.49788e-09 9.30489e-08 1.28103e-06 1.151e-05 6.7726e-05 0.000263406 0.000676133 0.00114083 0.00130724 0.00110749 0.000765272 0.000462229 0.0002514 0.000122602 5.15751e-05 1.68809e-05 3.06423e-06 0 
0 0.000322646 0.000266158 3.87348e-05 1.48813e-06 1.9936e-08 1.23652e-10 4.88543e-13 1.73999e-15 7.95475e-18 6.57652e-20 1.48981e-21 1.46821e-22 5.07606e-23 4.08859e-23 6.92162e-23 2.88036e-22 3.9652e-21 1.49958e-19 9.84791e-18 8.35731e-16 7.32045e-14 5.47071e-12 3.00031e-10 1.08545e-08 2.43321e-07 3.30355e-06 2.73852e-05 0.000141749 0.000464836 0.000965101 0.00129236 0.0012052 0.000874136 0.000539102 0.000295556 0.00014454 6.08602e-05 1.99258e-05 3.61727e-06 0 
0 0.000305351 0.000196196 1.95006e-05 4.50653e-07 3.23228e-09 9.81654e-12 1.80434e-14 2.96807e-17 6.57652e-20 3.35194e-22 8.08046e-24 1.07606e-24 4.64739e-25 3.91399e-25 5.69021e-25 1.7719e-24 1.81442e-23 7.62002e-22 8.25711e-20 1.27796e-17 2.06096e-15 2.78217e-13 2.64964e-11 1.57679e-09 5.45731e-08 1.06992e-06 1.20072e-05 7.96417e-05 0.000321615 0.000798016 0.00123051 0.00125872 0.000958748 0.000604226 0.000334052 0.000163851 6.90591e-05 2.26172e-05 4.10625e-06 0 
0 0.000288114 0.000151114 1.10243e-05 1.6827e-07 7.2432e-10 1.22731e-12 1.20715e-15 1.05843e-18 1.48982e-21 8.08048e-24 1.88923e-25 2.35898e-26 1.11084e-26 9.58256e-27 1.26158e-26 3.37775e-26 3.24313e-25 1.30425e-23 1.69644e-21 4.13767e-19 1.09806e-16 2.40398e-14 3.59594e-12 3.21616e-10 1.58884e-08 4.20927e-07 6.05054e-06 4.90392e-05 0.000233607 0.000667414 0.00115496 0.00127936 0.0010183 0.000654727 0.000364834 0.000179451 7.57047e-05 2.4801e-05 4.50313e-06 0 
0 0.000274485 0.000124422 7.26726e-06 8.22355e-08 2.44852e-10 2.72259e-13 1.70503e-16 9.67017e-20 1.46821e-22 1.07607e-24 2.35901e-26 1.51311e-27 4.83045e-28 4.00161e-28 5.21184e-28 1.73694e-27 2.42326e-26 1.00674e-24 1.15776e-22 3.455e-20 1.30563e-17 4.05422e-15 8.40633e-13 1.00969e-10 6.45449e-09 2.12692e-07 3.65747e-06 3.4246e-05 0.000183473 0.000579102 0.00108911 0.00128071 0.00105491 0.0006892 0.000386506 0.000190548 8.04477e-05 2.63612e-05 4.78677e-06 0 
0 0.000266211 0.000111087 5.72012e-06 5.46189e-08 1.31926e-10 1.15491e-13 5.59698e-17 2.57064e-20 5.07608e-23 4.64743e-25 1.11086e-26 4.83054e-28 4.72132e-29 2.38481e-29 4.29868e-29 3.47918e-28 7.1591e-27 2.89077e-25 2.84635e-23 8.41624e-21 3.84325e-18 1.45604e-15 3.63679e-13 5.16879e-11 3.82841e-09 1.42924e-07 2.72314e-06 2.76876e-05 0.000158571 0.000529643 0.00104524 0.00127391 0.0010718 0.00070738 0.000398346 0.000196681 8.30789e-05 2.72278e-05 4.94439e-06 0 
0 0.00026389 0.000108185 5.42524e-06 4.99974e-08 1.15597e-10 9.6252e-14 4.41968e-17 1.95281e-20 4.0886e-23 3.91403e-25 9.58272e-27 4.0017e-28 2.38486e-29 4.59212e-30 1.77403e-29 2.47778e-28 5.52928e-27 2.21003e-25 2.10509e-23 6.13114e-21 2.9076e-18 1.14933e-15 2.98826e-13 4.40535e-11 3.3699e-09 1.29315e-07 2.52043e-06 2.61026e-05 0.000151794 0.000514019 0.00102747 0.00126534 0.00107169 0.000709708 0.00040024 0.000197726 8.3537e-05 2.73797e-05 4.97209e-06 0 
0 0.000267412 0.000114713 6.16986e-06 6.25141e-08 1.62444e-10 1.54539e-13 8.18222e-17 4.00296e-20 6.92164e-23 5.69026e-25 1.2616e-26 5.21193e-28 4.2987e-29 1.774e-29 4.41352e-29 4.34677e-28 9.3324e-27 3.99574e-25 4.24298e-23 1.28305e-20 5.50165e-18 1.94892e-15 4.57615e-13 6.15585e-11 4.34817e-09 1.56004e-07 2.87797e-06 2.85305e-05 0.000160319 0.00052838 0.00103439 0.00125617 0.00105594 0.000696999 0.000392602 0.000193879 8.19023e-05 2.68432e-05 4.87461e-06 0 
0 0.00027614 0.000131289 8.26872e-06 1.03677e-07 3.50271e-10 4.49676e-13 3.28112e-16 2.13965e-19 2.88036e-22 1.77191e-24 3.37778e-26 1.73695e-27 3.47913e-28 2.47774e-28 4.34671e-28 2.35654e-27 4.1425e-26 1.94237e-24 2.48533e-22 7.12581e-20 2.39215e-17 6.61e-15 1.23125e-12 1.34441e-10 7.91615e-09 2.4353e-07 3.96108e-06 3.55162e-05 0.000184316 0.000569717 0.00106004 0.00124284 0.0010245 0.000670292 0.000376282 0.000185605 7.83787e-05 2.56856e-05 4.66426e-06 0 
0 0.000288893 0.000159911 1.27081e-05 2.1791e-07 1.08246e-09 2.15834e-12 2.52321e-15 2.624e-18 3.96521e-21 1.81443e-23 3.24313e-25 2.42325e-26 7.15901e-27 5.52921e-27 9.3323e-27 4.14248e-26 6.23768e-25 3.13432e-23 4.19625e-21 9.08965e-19 2.09674e-16 4.01566e-14 5.31286e-12 4.26067e-10 1.916e-08 4.69281e-07 6.3326e-06 4.89138e-05 0.000225477 0.000633311 0.00109307 0.00121788 0.000976329 0.000630886 0.000352487 0.000173589 7.32679e-05 2.40072e-05 4.35931e-06 0 
0 0.000303823 0.000203571 2.16492e-05 5.48538e-07 4.4056e-09 1.52087e-11 3.20049e-14 6.01886e-17 1.49958e-19 7.62002e-22 1.30425e-23 1.00673e-24 2.89075e-25 2.21002e-25 3.99572e-25 1.94237e-24 3.13431e-23 1.57032e-21 1.58873e-19 2.19134e-17 3.14879e-15 3.80974e-13 3.28096e-11 1.78489e-09 5.71545e-08 1.04994e-06 1.11906e-05 7.15814e-05 0.000284048 0.000707748 0.00111523 0.00117127 0.00091032 0.000580434 0.000322705 0.000158665 6.69367e-05 2.19298e-05 3.98195e-06 0 
0 0.000318327 0.00026539 3.93775e-05 1.55446e-06 2.15268e-08 1.38491e-10 5.67777e-13 2.09287e-15 9.84791e-18 8.25711e-20 1.69643e-21 1.15775e-22 2.84634e-23 2.10509e-23 4.24297e-23 2.48533e-22 4.19625e-21 1.58873e-19 9.98381e-18 8.09085e-16 6.77707e-14 4.85265e-12 2.55539e-10 8.89609e-09 1.92401e-07 2.5312e-06 2.05015e-05 0.000105328 0.000351834 0.000767575 0.00110044 0.00109222 0.000826008 0.000520993 0.000288601 0.000141747 5.97832e-05 1.95851e-05 3.55618e-06 0 
0 0.000329133 0.000346836 7.36249e-05 4.6612e-06 1.15121e-07 1.43444e-09 1.19437e-11 9.00146e-14 8.35731e-16 1.27796e-17 4.13767e-19 3.455e-20 8.41624e-21 6.13114e-21 1.28305e-20 7.12581e-20 9.08965e-19 2.19134e-17 8.09085e-16 3.71421e-14 1.74681e-12 7.12064e-11 2.20317e-09 4.71116e-08 6.60234e-07 5.97828e-06 3.55675e-05 0.000143321 0.000399054 0.000766539 0.00101669 0.00097118 0.000724004 0.00045493 0.000251898 0.000123749 5.22038e-05 1.7104e-05 3.10583e-06 0 
0 0.000332704 0.000444931 0.000136485 1.39641e-05 6.18576e-07 1.50173e-08 2.55663e-10 3.96788e-12 7.32045e-14 2.06096e-15 1.09806e-16 1.30563e-17 3.84325e-18 2.9076e-18 5.50165e-18 2.39215e-17 2.09674e-16 3.14879e-15 6.77707e-14 1.74681e-12 4.55898e-11 1.04081e-09 1.84714e-08 2.34181e-07 2.02693e-06 1.19581e-05 4.98714e-05 0.000154398 0.000363789 0.000643306 0.000833653 0.000801751 0.000605957 0.000384732 0.000214249 0.000105529 4.4565e-05 1.46071e-05 2.6528e-06 0 
0 0.000325988 0.000549282 0.000242708 3.97614e-05 3.10374e-06 1.43621e-07 4.88359e-09 1.52499e-10 5.47071e-12 2.78217e-13 2.40398e-14 4.05422e-15 1.45604e-15 1.14933e-15 1.94892e-15 6.61e-15 4.01566e-14 3.80974e-13 4.85265e-12 7.12064e-11 1.04081e-09 1.32879e-08 1.32252e-07 9.3834e-07 4.52866e-06 1.52539e-05 3.99265e-05 9.25301e-05 0.000199655 0.000374605 0.000546184 0.000585235 0.000474825 0.000312892 0.000177155 8.7835e-05 3.71822e-05 1.21973e-05 2.21577e-06 0 
0 0.000307355 0.000641208 0.000401919 0.000103259 1.37239e-05 1.1589e-06 7.50683e-08 4.49788e-09 3.00031e-10 2.64964e-11 3.59594e-12 8.40633e-13 3.63679e-13 2.98826e-13 4.57615e-13 1.23125e-12 5.31286e-12 3.28096e-11 2.55539e-10 2.20317e-09 1.84714e-08 1.32252e-07 7.05782e-07 2.44584e-06 5.03975e-06 6.69607e-06 7.99616e-06 1.30091e-05 3.29083e-05 9.79282e-05 0.000229819 0.000344876 0.000337215 0.000242197 0.000141969 7.12866e-05 3.03074e-05 9.956e-06 1.8094e-06 0 
0 0.000277328 0.000697809 0.000603723 0.000236456 5.12548e-05 7.46035e-06 8.63577e-07 9.30489e-08 1.08545e-08 1.57679e-09 3.21616e-10 1.00969e-10 5.16879e-11 4.40535e-11 6.15585e-11 1.34441e-10 4.26067e-10 1.78489e-09 8.89609e-09 4.71116e-08 2.34181e-07 9.3834e-07 2.44584e-06 3.09141e-06 1.46879e-06 3.08034e-07 7.25164e-08 6.80596e-08 3.75336e-07 4.81382e-06 4.19066e-05 0.000142384 0.000208024 0.000176482 0.000109971 5.63699e-05 2.41235e-05 7.94058e-06 1.44399e-06 0 
0 0.000238692 0.000701264 0.000804767 0.00046382 0.000156842 3.70141e-05 7.12489e-06 1.28103e-06 2.43321e-07 5.45731e-08 1.58884e-08 6.45449e-09 3.82841e-09 3.3699e-09 4.34817e-09 7.91615e-09 1.916e-08 5.71545e-08 1.92401e-07 6.60234e-07 2.02693e-06 4.52866e-06 5.03975e-06 1.46879e-06 5.60501e-08 3.4727e-10 3.23412e-12 1.15798e-12 4.40613e-11 1.52656e-08 2.15757e-06 3.64571e-05 0.000108847 0.000120802 8.23797e-05 4.3434e-05 1.87448e-05 6.18523e-06 1.12556e-06 0 
0 0.000195772 0.000648397 0.00093823 0.00075979 0.000383698 0.000138778 4.14102e-05 1.151e-05 3.30355e-06 1.06992e-06 4.20927e-07 2.12692e-07 1.42924e-07 1.29315e-07 1.56004e-07 2.4353e-07 4.69281e-07 1.04994e-06 2.5312e-06 5.97828e-06 1.19581e-05 1.52539e-05 6.69607e-06 3.08034e-07 3.4727e-10 1.16996e-14 3.91258e-16 1.97872e-15 6.56129e-17 3.81764e-12 3.75583e-08 6.51265e-06 5.1168e-05 7.94175e-05 6.00997e-05 3.26633e-05 1.42176e-05 4.70252e-06 8.56306e-07 0 
0 0.000153178 0.000552896 0.000953372 0.00102108 0.00073317 0.000387164 0.000168777 6.7726e-05 2.73852e-05 1.20072e-05 6.05054e-06 3.65747e-06 2.72314e-06 2.52043e-06 2.87797e-06 3.96108e-06 6.3326e-06 1.11906e-05 2.05015e-05 3.55675e-05 4.98714e-05 3.99265e-05 7.99616e-06 7.25164e-08 3.23412e-12 3.91257e-16 2.07317e-17 6.07026e-17 3.08003e-17 1.81597e-15 9.81589e-10 1.41681e-06 2.58394e-05 5.27923e-05 4.32748e-05 2.40401e-05 1.05256e-05 3.48677e-06 6.35184e-07 0 
0 0.000114604 0.000437919 0.000852126 0.00112409 0.00107622 0.000789289 0.000479409 0.000263406 0.000141749 7.96417e-05 4.90392e-05 3.4246e-05 2.76876e-05 2.61026e-05 2.85305e-05 3.55162e-05 4.89138e-05 7.15814e-05 0.000105328 0.000143321 0.000154398 9.25301e-05 1.30091e-05 6.80596e-08 1.15798e-12 1.97872e-15 6.07027e-17 8.08441e-18 9.3039e-18 2.01039e-16 3.18225e-10 7.79124e-07 1.73142e-05 3.74633e-05 3.11395e-05 1.73505e-05 7.60113e-06 2.51827e-06 4.5876e-07 0 
0 8.22011e-05 0.000325213 0.000682479 0.00103393 0.00122044 0.00116384 0.00093731 0.000676133 0.000464836 0.000321615 0.000233607 0.000183473 0.000158571 0.000151794 0.000160319 0.000184316 0.000225477 0.000284048 0.000351834 0.000399054 0.000363789 0.000199655 3.29083e-05 3.75336e-07 4.40613e-11 6.56129e-17 3.08003e-17 9.30389e-18 3.63576e-17 2.73984e-14 2.43387e-09 1.33978e-06 1.62887e-05 2.8721e-05 2.24185e-05 1.22648e-05 5.3453e-06 1.76834e-06 3.22014e-07 0 
0 5.66238e-05 0.000228441 0.000500392 0.000822531 0.00110844 0.00126844 0.00126641 0.00114083 0.000965101 0.000798016 0.000667414 0.000579102 0.000529643 0.000514019 0.00052838 0.000569717 0.000633311 0.000707748 0.000767575 0.000766539 0.000643306 0.000374605 9.79282e-05 4.81382e-06 1.52656e-08 3.81764e-12 1.81597e-15 2.01039e-16 2.73984e-14 9.37205e-11 8.9017e-08 4.16162e-06 1.83077e-05 2.27508e-05 1.59372e-05 8.44773e-06 3.64887e-06 1.2041e-06 2.19114e-07 0 
0 3.74636e-05 0.000152684 0.000341954 0.000586815 0.000850686 0.00108405 0.00124239 0.00130724 0.00129236 0.00123051 0.00115496 0.00108911 0.00104524 0.00102747 0.00103439 0.00106004 0.00109307 0.00111523 0.00110044 0.00101669 0.000833653 0.000546184 0.000229819 4.19066e-05 2.15757e-06 3.75583e-08 9.81589e-10 3.18225e-10 2.43387e-09 8.9017e-08 1.974e-06 1.11049e-05 1.95531e-05 1.74393e-05 1.09697e-05 5.62714e-06 2.40726e-06 7.92181e-07 1.44042e-07 0 
0 2.37559e-05 9.7294e-05 0.000220219 0.000385758 0.000579487 0.000779914 0.00096262 0.00110749 0.0012052 0.00125872 0.00127936 0.00128071 0.00127391 0.00126534 0.00125617 0.00124284 0.00121788 0.00117127 0.00109222 0.00097118 0.000801751 0.000585235 0.000344876 0.000142384 3.64571e-05 6.51265e-06 1.41681e-06 7.79124e-07 1.33978e-06 4.16162e-06 1.11049e-05 1.7717e-05 1.74116e-05 1.23748e-05 7.1929e-06 3.59653e-06 1.52643e-06 5.0112e-07 9.10543e-08 0 
0 1.43659e-05 5.89671e-05 0.000134095 0.000237022 0.000361678 0.000498834 0.00063716 0.000765272 0.000874136 0.000958748 0.0010183 0.00105491 0.0010718 0.00107169 0.00105594 0.0010245 0.000976329 0.00091032 0.000826008 0.000724004 0.000605957 0.000474825 0.000337215 0.000208024 0.000108847 5.1168e-05 2.58394e-05 1.73142e-05 1.62887e-05 1.83077e-05 1.95531e-05 1.74116e-05 1.27731e-05 8.02006e-06 4.44878e-06 2.1885e-06 9.23856e-07 3.02781e-07 5.49867e-08 0 
0 8.21293e-06 3.37432e-05 7.68839e-05 0.000136398 0.00020946 0.000291776 0.000377971 0.000462229 0.000539102 0.000604226 0.000654727 0.0006892 0.00070738 0.000709708 0.000696999 0.000670292 0.000630886 0.000580434 0.000520993 0.00045493 0.000384732 0.000312892 0.000242197 0.000176482 0.000120802 7.94175e-05 5.27923e-05 3.74633e-05 2.8721e-05 2.27508e-05 1.74393e-05 1.23748e-05 8.02006e-06 4.75498e-06 2.57621e-06 1.25613e-06 5.28604e-07 1.7306e-07 3.14178e-08 0 
0 4.37483e-06 1.79811e-05 4.10014e-05 7.2843e-05 0.000112131 0.000156782 0.000204176 0.0002514 0.000295556 0.000334052 0.000364834 0.000386506 0.000398346 0.00040024 0.000392602 0.000376282 0.000352487 0.000322705 0.000288601 0.000251898 0.000214249 0.000177155 0.000141969 0.000109971 8.23797e-05 6.00997e-05 4.32748e-05 3.11395e-05 2.24185e-05 1.59372e-05 1.09697e-05 7.1929e-06 4.44878e-06 2.57621e-06 1.38118e-06 6.70572e-07 2.81734e-07 9.21834e-08 1.67319e-08 0 
0 2.11776e-06 8.70555e-06 1.98565e-05 3.52954e-05 5.43789e-05 7.61341e-05 9.93336e-05 0.000122602 0.00014454 0.000163851 0.000179451 0.000190548 0.000196681 0.000197726 0.000193879 0.000185605 0.000173589 0.000158665 0.000141747 0.000123749 0.000105529 8.7835e-05 7.12866e-05 5.63699e-05 4.3434e-05 3.26633e-05 2.40401e-05 1.73505e-05 1.22648e-05 8.44773e-06 5.62714e-06 3.59653e-06 2.1885e-06 1.25613e-06 6.70572e-07 3.2496e-07 1.36425e-07 4.46254e-08 8.09895e-09 0 
0 8.88645e-07 3.65319e-06 8.33345e-06 1.48156e-05 2.28329e-05 3.1982e-05 4.17536e-05 5.15751e-05 6.08602e-05 6.90591e-05 7.57047e-05 8.04477e-05 8.30789e-05 8.3537e-05 8.19023e-05 7.83787e-05 7.32679e-05 6.69367e-05 5.97832e-05 5.22038e-05 4.4565e-05 3.71822e-05 3.03074e-05 2.41235e-05 1.87448e-05 1.42176e-05 1.05256e-05 7.60113e-06 5.3453e-06 3.64887e-06 2.40726e-06 1.52643e-06 9.23856e-07 5.28604e-07 2.81734e-07 1.36425e-07 5.72554e-08 1.87261e-08 3.39837e-09 0 
0 2.9062e-07 1.19475e-06 2.7255e-06 4.84584e-06 7.46886e-06 1.04631e-05 1.36627e-05 1.68809e-05 1.99258e-05 2.26172e-05 2.4801e-05 2.63612e-05 2.72278e-05 2.73797e-05 2.68432e-05 2.56856e-05 2.40072e-05 2.19298e-05 1.95851e-05 1.7104e-05 1.46071e-05 1.21973e-05 9.956e-06 7.94058e-06 6.18523e-06 4.70252e-06 3.48677e-06 2.51827e-06 1.76834e-06 1.2041e-06 7.92181e-07 5.0112e-07 3.02781e-07 1.7306e-07 9.21834e-08 4.46254e-08 1.87261e-08 6.12422e-09 1.11139e-09 0 
0 5.27396e-08 2.16816e-07 4.94614e-07 8.79422e-07 1.35549e-06 1.899e-06 2.47987e-06 3.06423e-06 3.61727e-06 4.10625e-06 4.50313e-06 4.78677e-06 4.94439e-06 4.97209e-06 4.87461e-06 4.66426e-06 4.35931e-06 3.98195e-06 3.55618e-06 3.10583e-06 2.6528e-06 2.21577e-06 1.8094e-06 1.44399e-06 1.12556e-06 8.56306e-07 6.35184e-07 4.5876e-07 3.22014e-07 2.19114e-07 1.44042e-07 9.10543e-08 5.49867e-08 3.14178e-08 1.67319e-08 8.09895e-09 3.39837e-09 1.11139e-09 2.01686e-10 0 
0 0 0 0 0 0 0 0 0 0 0 0 0 0 0 0 0 0 0 0 0 0 0 0 0 0 0 0 0 0 0 0 0 0 0 0 0 0 0 0 0 
