0 0 0 0 0 0 0 0 0 0 0 0 0 0 0 0 0 0 0 0 0 0 0 0 0 0 0 0 0 0 0 0 0 0 0 0 0 0 0 0 0 
0 1.35487e-05 5.44949e-05 0.000119268 0.000197767 0.000274739 0.000335366 0.000371626 0.000384299 0.000380004 0.000366836 0.000351515 0.000338499 0.000330237 0.000327726 0.000330963 0.000339175 0.000350849 0.000363687 0.000374628 0.000380091 0.000376548 0.000361395 0.000333857 0.000295504 0.000250003 0.000202116 0.000156372 0.000116046 8.27866e-05 5.68379e-05 3.75343e-05 2.37771e-05 1.43716e-05 8.21433e-06 4.37514e-06 2.11782e-06 8.88654e-07 2.90621e-07 5.27396e-08 0 
0 5.44949e-05 0.000212415 0.000436201 0.000647009 0.000760069 0.000745177 0.000640589 0.000507583 0.000388247 0.000298109 0.000236974 0.000199434 0.000180202 0.000175872 0.00018514 0.000208569 0.000248173 0.000306671 0.000386048 0.000485131 0.000596501 0.000704295 0.00078566 0.000817836 0.000788663 0.000703562 0.000582977 0.000452139 0.00033109 0.000230585 0.000153381 9.74976e-05 5.90207e-05 3.37559e-05 1.79838e-05 8.70605e-06 3.65327e-06 1.19476e-06 2.16817e-07 0 
0 0.000119268 0.000436201 0.000785361 0.000928709 0.000788132 0.000519 0.000289625 0.000149095 7.61893e-05 4.10666e-05 2.45076e-05 1.67846e-05 1.3493e-05 1.28453e-05 1.44207e-05 1.87926e-05 2.77263e-05 4.48824e-05 7.69885e-05 0.000135043 0.000234018 0.000387953 0.000597469 0.000833158 0.00103145 0.00112195 0.00107406 0.00091669 0.000711105 0.000511161 0.00034547 0.000221233 0.000134356 7.6944e-05 4.10137e-05 1.98588e-05 8.33379e-06 2.72554e-06 4.94616e-07 0 
0 0.000197767 0.000647009 0.000928709 0.000760243 0.000397686 0.000151315 4.76896e-05 1.39643e-05 4.20068e-06 1.41738e-06 5.77333e-07 3.00155e-07 2.06317e-07 1.90018e-07 2.32649e-07 3.68679e-07 7.25305e-07 1.68182e-06 4.34203e-06 1.17879e-05 3.19016e-05 8.2097e-05 0.000192948 0.000399983 0.000709355 0.00105004 0.0012817 0.00129972 0.00112431 0.000859437 0.00059929 0.000389374 0.000237942 0.000136606 7.28847e-05 3.53028e-05 1.48167e-05 4.84596e-06 8.7943e-07 0 
0 0.000274739 0.000760069 0.000788132 0.000397686 0.000115374 2.29277e-05 3.65922e-06 5.42307e-07 8.55219e-08 1.62545e-08 4.14095e-09 1.53375e-09 8.69392e-10 7.68732e-10 1.04728e-09 2.11141e-09 5.9176e-09 2.13335e-08 9.08641e-08 4.19947e-07 1.94663e-06 8.45747e-06 3.26151e-05 0.000107064 0.000289436 0.000625947 0.00105659 0.00137901 0.00141811 0.00120192 0.000884768 0.000589661 0.000364275 0.00021004 0.000112245 5.43986e-05 2.28358e-05 7.46917e-06 1.35551e-06 0 
0 0.000335366 0.000745177 0.000519 0.000151315 2.29277e-05 2.21079e-06 1.63602e-07 1.11682e-08 8.42402e-10 8.3065e-11 1.23716e-11 3.10887e-12 1.41332e-12 1.19254e-12 1.83531e-12 4.87202e-12 2.0463e-11 1.22173e-10 9.2211e-10 7.82387e-09 6.69492e-08 5.26456e-07 3.53537e-06 1.92351e-05 8.18679e-05 0.000265882 0.000643866 0.00113927 0.00147378 0.00144931 0.00115849 0.00080344 0.000504951 0.000293141 0.000157048 7.6179e-05 3.19884e-05 1.04638e-05 1.89904e-06 0 
0 0.000371626 0.000640589 0.000289625 4.76896e-05 3.65922e-06 1.63602e-07 5.31869e-09 1.58093e-10 5.40463e-12 2.63549e-13 2.20667e-14 3.65689e-15 1.31173e-15 1.05226e-15 1.84494e-15 6.57613e-15 4.2611e-14 4.36947e-13 6.09166e-12 9.91812e-11 1.63826e-09 2.43324e-08 2.95534e-07 2.74536e-06 1.873e-05 9.18984e-05 0.000319965 0.000777736 0.0013043 0.00154212 0.00137565 0.00100843 0.000649494 0.000380744 0.000204713 9.94233e-05 4.17661e-05 1.36641e-05 2.47995e-06 0 
0 0.000384299 0.000507583 0.000149095 1.39643e-05 5.42307e-07 1.11682e-08 1.58093e-10 2.02743e-12 3.11434e-14 7.4533e-16 3.48633e-17 3.79386e-18 1.07212e-18 8.17234e-19 1.63164e-18 7.82197e-18 7.85008e-17 1.38996e-15 3.6021e-14 1.13329e-12 3.64015e-11 1.02872e-09 2.27498e-08 3.62533e-07 3.96565e-06 2.91797e-05 0.000143883 0.000473616 0.00102949 0.00148625 0.00150798 0.00118414 0.000786936 0.000467181 0.000252359 0.000122761 5.15971e-05 1.68832e-05 3.06436e-06 0 
0 0.000380004 0.000388247 7.61893e-05 4.20068e-06 8.55219e-08 8.42402e-10 5.40463e-12 3.11434e-14 2.23449e-16 2.71705e-18 7.35094e-20 5.59433e-21 1.36519e-21 1.01565e-21 2.14973e-21 1.27695e-20 1.90018e-19 5.64136e-18 2.63611e-16 1.55216e-14 9.38927e-13 4.89636e-11 1.9166e-09 5.10741e-08 8.74994e-07 9.4293e-06 6.41032e-05 0.000277562 0.000764844 0.00133979 0.00155484 0.00131763 0.000907788 0.000546971 0.000297087 0.000144793 6.0895e-05 1.99294e-05 3.61748e-06 0 
0 0.000366836 0.000298109 4.10666e-05 1.41738e-06 1.62545e-08 8.3065e-11 2.63549e-13 7.4533e-16 2.71705e-18 1.8266e-20 3.2858e-22 2.24267e-23 5.82264e-24 4.41158e-24 8.72062e-24 5.01628e-23 9.11042e-22 4.12184e-20 3.24231e-18 3.33372e-16 3.54236e-14 3.18745e-12 2.0751e-10 8.74495e-09 2.23452e-07 3.37893e-06 3.04473e-05 0.000166872 0.000562933 0.00116921 0.00153874 0.00140639 0.00100566 0.000615478 0.000336259 0.000164215 6.9109e-05 2.26224e-05 4.10654e-06 0 
0 0.000351515 0.000236974 2.45076e-05 5.77333e-07 4.14095e-09 1.23716e-11 2.20667e-14 3.48633e-17 7.35094e-20 3.2858e-22 4.79743e-24 2.92619e-25 7.42789e-26 5.6219e-26 1.08555e-25 6.33947e-25 1.2764e-23 7.4508e-22 8.74526e-20 1.41626e-17 2.38636e-15 3.3564e-13 3.31503e-11 2.03423e-09 7.21488e-08 1.43998e-06 1.63221e-05 0.000108085 0.000427979 0.0010192 0.00149081 0.0014567 0.00107777 0.00066935 0.000367727 0.00017993 7.57699e-05 2.48077e-05 4.5035e-06 0 
0 0.000338499 0.000199434 1.67846e-05 3.00155e-07 1.53375e-09 3.10887e-12 3.65689e-15 3.79386e-18 5.59433e-21 2.24268e-23 2.92621e-25 1.24285e-26 2.27016e-27 1.6033e-27 3.47878e-27 2.67261e-26 6.65268e-25 4.36293e-23 6.38577e-21 1.42276e-18 3.34586e-16 6.50286e-14 8.68743e-12 7.00094e-10 3.15018e-08 7.69027e-07 1.02919e-05 7.80654e-05 0.000346351 0.000909412 0.00143797 0.00147904 0.00112434 0.000706625 0.000389982 0.000191124 8.05261e-05 2.63692e-05 4.78722e-06 0 
0 0.000330237 0.000180202 1.3493e-05 2.06317e-07 8.69392e-10 1.41332e-12 1.31173e-15 1.07212e-18 1.36519e-21 5.82268e-24 7.42799e-26 2.2702e-27 2.10041e-28 1.14337e-28 3.64936e-28 4.52215e-27 1.37126e-25 9.25104e-24 1.43742e-21 3.78421e-19 1.07565e-16 2.51462e-14 3.99292e-12 3.76152e-10 1.94016e-08 5.31729e-07 7.82835e-06 6.41806e-05 0.000303854 0.000843969 0.00139749 0.00148341 0.00114718 0.000726561 0.000402194 0.00019732 8.31659e-05 2.72367e-05 4.94488e-06 0 
0 0.000327726 0.000175872 1.28453e-05 1.90018e-07 7.68732e-10 1.19254e-12 1.05226e-15 8.17234e-19 1.01565e-21 4.41161e-24 5.62198e-26 1.60333e-27 1.14338e-28 5.14535e-29 2.07626e-28 3.04112e-27 9.66927e-26 6.54276e-24 1.02089e-21 2.77646e-19 8.21831e-17 1.99999e-14 3.29896e-12 3.21781e-10 1.71154e-08 4.8157e-07 7.24696e-06 6.05061e-05 0.000291046 0.000820513 0.00137698 0.00147629 0.00114835 0.000729328 0.000404189 0.000198383 8.36265e-05 2.73889e-05 4.9726e-06 0 
0 0.000330963 0.00018514 1.44207e-05 2.32649e-07 1.04728e-09 1.83531e-12 1.84494e-15 1.63164e-18 2.14973e-21 8.72066e-24 1.08557e-25 3.47882e-27 3.64935e-28 2.07624e-28 6.23995e-28 7.12534e-27 2.10036e-25 1.42693e-23 2.19268e-21 5.46177e-19 1.45679e-16 3.2059e-14 4.8174e-12 4.32243e-10 2.13843e-08 5.66147e-07 8.10728e-06 6.50691e-05 0.000303399 0.000834713 0.00137611 0.00145947 0.0011293 0.000715733 0.000396374 0.000194507 8.19881e-05 2.6852e-05 4.8751e-06 0 
0 0.000339175 0.000208569 1.87926e-05 3.68679e-07 2.11141e-09 4.87202e-12 6.57613e-15 7.82197e-18 1.27695e-20 5.01628e-23 6.3395e-25 2.67261e-26 4.5221e-27 3.04108e-27 7.12529e-27 5.81014e-26 1.46176e-24 9.55809e-23 1.31583e-20 2.63432e-18 5.54426e-16 9.70205e-14 1.1779e-11 8.7244e-10 3.6527e-08 8.40121e-07 1.07226e-05 7.84782e-05 0.000339821 0.000880661 0.0013877 0.00143023 0.00109069 0.000687055 0.000379652 0.000186167 7.84557e-05 2.56936e-05 4.66471e-06 0 
0 0.000350849 0.000248173 2.77263e-05 7.25305e-07 5.9176e-09 2.0463e-11 4.2611e-14 7.85008e-17 1.90018e-19 9.11042e-22 1.2764e-23 6.65266e-25 1.37125e-25 9.66918e-26 2.10035e-25 1.46176e-24 3.20552e-23 1.80925e-21 1.90336e-19 2.70867e-17 4.01658e-15 5.00834e-13 4.43326e-11 2.47026e-09 8.06992e-08 1.50539e-06 1.6185e-05 0.000103211 0.000400013 0.000948104 0.00139786 0.00138246 0.00103273 0.000645002 0.000355319 0.000174062 7.33331e-05 2.4014e-05 4.35969e-06 0 
0 0.000363687 0.000306671 4.48824e-05 1.68182e-06 2.13335e-08 1.22173e-10 4.36947e-13 1.38996e-15 5.64136e-18 4.12184e-20 7.4508e-22 4.36292e-23 9.25102e-24 6.54274e-24 1.42693e-23 9.55809e-23 1.80925e-21 7.62566e-20 5.40477e-18 4.98701e-16 4.7686e-14 3.88596e-12 2.31172e-10 8.99723e-09 2.14812e-07 3.0736e-06 2.65821e-05 0.000142299 0.000479348 0.00101728 0.00138605 0.00130834 0.000955822 0.000591698 0.000324965 0.000159045 6.69893e-05 2.19353e-05 3.98226e-06 0 
0 0.000374628 0.000386048 7.69885e-05 4.34203e-06 9.08641e-08 9.2211e-10 6.09166e-12 3.6021e-14 2.63611e-16 3.24231e-18 8.74526e-20 6.38577e-21 1.43742e-21 1.02089e-21 2.19268e-21 1.31583e-20 1.90336e-19 5.40477e-18 2.41163e-16 1.35765e-14 7.86881e-13 3.94128e-11 1.48547e-09 3.82134e-08 6.34131e-07 6.65932e-06 4.46461e-05 0.000194878 0.000559309 0.00105308 0.0013263 0.00120019 0.000861019 0.000529625 0.000290342 0.000142042 5.98245e-05 1.95895e-05 3.55643e-06 0 
0 0.000380091 0.000485131 0.000135043 1.17879e-05 4.19947e-07 7.82387e-09 9.91812e-11 1.13329e-12 1.55216e-14 3.33372e-16 1.41626e-17 1.42276e-18 3.78421e-19 2.77646e-19 5.46177e-19 2.63432e-18 2.70867e-17 4.98701e-16 1.35765e-14 4.50994e-13 1.52904e-11 4.53582e-10 1.04222e-08 1.70296e-07 1.88623e-06 1.39825e-05 7.02906e-05 0.00024465 0.000594364 0.00100289 0.0011905 0.00105198 0.000750172 0.000461447 0.000253229 0.000123978 5.22362e-05 1.71075e-05 3.10604e-06 0 
0 0.000376548 0.000596501 0.000234018 3.19016e-05 1.94663e-06 6.69492e-08 1.63826e-09 3.64015e-11 9.38927e-13 3.54236e-14 2.38636e-15 3.34586e-16 1.07565e-16 8.21831e-17 1.45679e-16 5.54426e-16 4.01658e-15 4.7686e-14 7.86881e-13 1.52904e-11 2.99702e-10 5.1788e-09 7.08059e-08 7.09387e-07 5.00201e-06 2.48077e-05 8.93852e-05 0.00024361 0.000510336 0.000808898 0.000955364 0.000860216 0.000625629 0.000389787 0.000215305 0.000105713 4.45915e-05 1.46099e-05 2.65297e-06 0 
0 0.000361395 0.000704295 0.000387953 8.2097e-05 8.45747e-06 5.26456e-07 2.43324e-08 1.02872e-09 4.89636e-11 3.18745e-12 3.3564e-13 6.50286e-14 2.51462e-14 1.99999e-14 3.2059e-14 9.70205e-14 5.00834e-13 3.88596e-12 3.94128e-11 4.53582e-10 5.1788e-09 5.19733e-08 4.13148e-07 2.39903e-06 9.76663e-06 2.86095e-05 6.667e-05 0.000139239 0.00027184 0.000463582 0.000622179 0.000627219 0.000490382 0.000317116 0.000178063 8.79956e-05 3.72054e-05 1.21998e-05 2.21592e-06 0 
0 0.000333857 0.00078566 0.000597469 0.000192948 3.26151e-05 3.53537e-06 2.95534e-07 2.27498e-08 1.9166e-09 2.0751e-10 3.31503e-11 8.68743e-12 3.99292e-12 3.29896e-12 4.8174e-12 1.1779e-11 4.43326e-11 2.31172e-10 1.48547e-09 1.04222e-08 7.08059e-08 4.13148e-07 1.82773e-06 5.40985e-06 9.91285e-06 1.21756e-05 1.36793e-05 2.06744e-05 4.7352e-05 0.000126142 0.000268232 0.000374447 0.000350374 0.00024607 0.000142825 7.14383e-05 3.03291e-05 9.95833e-06 1.80954e-06 0 
0 0.000295504 0.000817836 0.000833158 0.000399983 0.000107064 1.92351e-05 2.74536e-06 3.62533e-07 5.10741e-08 8.74495e-09 2.03423e-09 7.00094e-10 3.76152e-10 3.21781e-10 4.32243e-10 8.7244e-10 2.47026e-09 8.99723e-09 3.82134e-08 1.70296e-07 7.09387e-07 2.39903e-06 5.40985e-06 6.2228e-06 2.90101e-06 6.3947e-07 1.59018e-07 1.44874e-07 6.9141e-07 7.26225e-06 5.30443e-05 0.000160241 0.000219231 0.000180219 0.000110819 5.65195e-05 2.41446e-05 7.94281e-06 1.44411e-06 0 
0 0.000250003 0.000788663 0.00103145 0.000709355 0.000289436 8.18679e-05 1.873e-05 3.96565e-06 8.74994e-07 2.23452e-07 7.21488e-08 3.15018e-08 1.94016e-08 1.71154e-08 2.13843e-08 3.6527e-08 8.06992e-08 2.14812e-07 6.34131e-07 1.88623e-06 5.00201e-06 9.76663e-06 9.91285e-06 2.90101e-06 1.2933e-07 1.0741e-09 1.32245e-11 4.94417e-12 1.42922e-10 3.26534e-08 3.23146e-06 4.38766e-05 0.000117464 0.000124313 8.32108e-05 4.35792e-05 1.87649e-05 6.18729e-06 1.12568e-06 0 
0 0.000202116 0.000703562 0.00112195 0.00105004 0.000625947 0.000265882 9.18984e-05 2.91797e-05 9.4293e-06 3.37893e-06 1.43998e-06 7.69027e-07 5.31729e-07 4.8157e-07 5.66147e-07 8.40121e-07 1.50539e-06 3.0736e-06 6.65932e-06 1.39825e-05 2.48077e-05 2.86095e-05 1.21756e-05 6.3947e-07 1.0741e-09 6.89162e-14 9.14179e-17 7.58378e-16 4.75619e-16 1.37833e-11 7.1806e-08 8.58827e-06 5.68768e-05 8.24472e-05 6.08566e-05 3.27947e-05 1.42354e-05 4.70432e-06 8.56405e-07 0 
0 0.000156372 0.000582977 0.00107406 0.0012817 0.00105659 0.000643866 0.000319965 0.000143883 6.41032e-05 3.04473e-05 1.63221e-05 1.02919e-05 7.82835e-06 7.24696e-06 8.10728e-06 1.07226e-05 1.6185e-05 2.65821e-05 4.46461e-05 7.02906e-05 8.93852e-05 6.667e-05 1.36793e-05 1.59018e-07 1.32245e-11 9.14178e-17 3.09333e-18 1.50747e-17 4.15812e-17 1.08938e-14 2.33902e-09 2.0218e-06 2.94144e-05 5.51625e-05 4.38929e-05 2.41469e-05 1.05398e-05 3.48819e-06 6.35261e-07 0 
0 0.000116046 0.000452139 0.00091669 0.00129972 0.00137901 0.00113927 0.000777736 0.000473616 0.000277562 0.000166872 0.000108085 7.80654e-05 6.41806e-05 6.05061e-05 6.50691e-05 7.84782e-05 0.000103211 0.000142299 0.000194878 0.00024465 0.00024361 0.000139239 2.06744e-05 1.44874e-07 4.94417e-12 7.58377e-16 1.50747e-17 3.14529e-18 2.25156e-17 1.40176e-15 7.99843e-10 1.13084e-06 1.97864e-05 3.91659e-05 3.15831e-05 1.74266e-05 7.61123e-06 2.51927e-06 4.58814e-07 0 
0 8.27866e-05 0.00033109 0.000711105 0.00112431 0.00141811 0.00147378 0.0013043 0.00102949 0.000764844 0.000562933 0.000427979 0.000346351 0.000303854 0.000291046 0.000303399 0.000339821 0.000400013 0.000479348 0.000559309 0.000594364 0.000510336 0.00027184 4.7352e-05 6.9141e-07 1.42922e-10 4.75619e-16 4.15812e-17 2.25156e-17 1.58151e-17 1.28195e-13 5.20866e-09 1.83085e-06 1.82433e-05 2.98363e-05 2.26942e-05 1.23115e-05 5.35152e-06 1.76896e-06 3.22048e-07 0 
0 5.68379e-05 0.000230585 0.000511161 0.000859437 0.00120192 0.00144931 0.00154212 0.00148625 0.00133979 0.00116921 0.0010192 0.000909412 0.000843969 0.000820513 0.000834713 0.000880661 0.000948104 0.00101728 0.00105308 0.00100289 0.000808898 0.000463582 0.000126142 7.26225e-06 3.26534e-08 1.37833e-11 1.08938e-14 1.40176e-15 1.28195e-13 2.48987e-10 1.46138e-07 5.14007e-06 1.98236e-05 2.33886e-05 1.60832e-05 8.47236e-06 3.65219e-06 1.20444e-06 2.19133e-07 0 
0 3.75343e-05 0.000153381 0.00034547 0.00059929 0.000884768 0.00115849 0.00137565 0.00150798 0.00155484 0.00153874 0.00149081 0.00143797 0.00139749 0.00137698 0.00137611 0.0013877 0.00139786 0.00138605 0.0013263 0.0011905 0.000955364 0.000622179 0.000268232 5.30443e-05 3.23146e-06 7.1806e-08 2.33902e-09 7.99843e-10 5.20866e-09 1.46138e-07 2.56731e-06 1.24974e-05 2.04943e-05 1.77415e-05 1.10349e-05 5.6382e-06 2.40878e-06 7.92339e-07 1.44051e-07 0 
0 2.37771e-05 9.74976e-05 0.000221233 0.000389374 0.000589661 0.00080344 0.00100843 0.00118414 0.00131763 0.00140639 0.0014567 0.00147904 0.00148341 0.00147629 0.00145947 0.00143023 0.00138246 0.00130834 0.00120019 0.00105198 0.000860216 0.000627219 0.000374447 0.000160241 4.38766e-05 8.58827e-06 2.0218e-06 1.13084e-06 1.83085e-06 5.14007e-06 1.24974e-05 1.8748e-05 1.78349e-05 1.24908e-05 7.21739e-06 3.60078e-06 1.52703e-06 5.01185e-07 9.10581e-08 0 
0 1.43716e-05 5.90207e-05 0.000134356 0.000237942 0.000364275 0.000504951 0.000649494 0.000786936 0.000907788 0.00100566 0.00107777 0.00112434 0.00114718 0.00114835 0.0011293 0.00109069 0.00103273 0.000955822 0.000861019 0.000750172 0.000625629 0.000490382 0.000350374 0.000219231 0.000117464 5.68768e-05 2.94144e-05 1.97864e-05 1.82433e-05 1.98236e-05 2.04943e-05 1.78349e-05 1.29132e-05 8.05641e-06 4.45657e-06 2.1899e-06 9.24064e-07 3.02804e-07 5.49881e-08 0 
0 8.21433e-06 3.37559e-05 7.6944e-05 0.000136606 0.00021004 0.000293141 0.000380744 0.000467181 0.000546971 0.000615478 0.00066935 0.000706625 0.000726561 0.000729328 0.000715733 0.000687055 0.000645002 0.000591698 0.000529625 0.000461447 0.000389787 0.000317116 0.00024607 0.000180219 0.000124313 8.24472e-05 5.51625e-05 3.91659e-05 2.98363e-05 2.33886e-05 1.77415e-05 1.24908e-05 8.05641e-06 4.76449e-06 2.57832e-06 1.25653e-06 5.28666e-07 1.73067e-07 3.14183e-08 0 
0 4.37514e-06 1.79838e-05 4.10137e-05 7.28847e-05 0.000112245 0.000157048 0.000204713 0.000252359 0.000297087 0.000336259 0.000367727 0.000389982 0.000402194 0.000404189 0.000396374 0.000379652 0.000355319 0.000324965 0.000290342 0.000253229 0.000215305 0.000178063 0.000142825 0.000110819 8.32108e-05 6.08566e-05 4.38929e-05 3.15831e-05 2.26942e-05 1.60832e-05 1.10349e-05 7.21739e-06 4.45657e-06 2.57832e-06 1.38167e-06 6.7067e-07 2.8175e-07 9.21854e-08 1.6732e-08 0 
0 2.11782e-06 8.70605e-06 1.98588e-05 3.53028e-05 5.43986e-05 7.6179e-05 9.94233e-05 0.000122761 0.000144793 0.000164215 0.00017993 0.000191124 0.00019732 0.000198383 0.000194507 0.000186167 0.000174062 0.000159045 0.000142042 0.000123978 0.000105713 8.79956e-05 7.14383e-05 5.65195e-05 4.35792e-05 3.27947e-05 2.41469e-05 1.74266e-05 1.23115e-05 8.47236e-06 5.6382e-06 3.60078e-06 2.1899e-06 1.25653e-06 6.7067e-07 3.2498e-07 1.36429e-07 4.46258e-08 8.09899e-09 0 
0 8.88654e-07 3.65327e-06 8.33379e-06 1.48167e-05 2.28358e-05 3.19884e-05 4.17661e-05 5.15971e-05 6.0895e-05 6.9109e-05 7.57699e-05 8.05261e-05 8.31659e-05 8.36265e-05 8.19881e-05 7.84557e-05 7.33331e-05 6.69893e-05 5.98245e-05 5.22362e-05 4.45915e-05 3.72054e-05 3.03291e-05 2.41446e-05 1.87649e-05 1.42354e-05 1.05398e-05 7.61123e-06 5.35152e-06 3.65219e-06 2.40878e-06 1.52703e-06 9.24064e-07 5.28666e-07 2.8175e-07 1.36429e-07 5.72561e-08 1.87261e-08 3.39838e-09 0 
0 2.90621e-07 1.19476e-06 2.72554e-06 4.84596e-06 7.46917e-06 1.04638e-05 1.36641e-05 1.68832e-05 1.99294e-05 2.26224e-05 2.48077e-05 2.63692e-05 2.72367e-05 2.73889e-05 2.6852e-05 2.56936e-05 2.4014e-05 2.19353e-05 1.95895e-05 1.71075e-05 1.46099e-05 1.21998e-05 9.95833e-06 7.94281e-06 6.18729e-06 4.70432e-06 3.48819e-06 2.51927e-06 1.76896e-06 1.20444e-06 7.92339e-07 5.01185e-07 3.02804e-07 1.73067e-07 9.21854e-08 4.46258e-08 1.87261e-08 6.12423e-09 1.11139e-09 0 
0 5.27396e-08 2.16817e-07 4.94616e-07 8.7943e-07 1.35551e-06 1.89904e-06 2.47995e-06 3.06436e-06 3.61748e-06 4.10654e-06 4.5035e-06 4.78722e-06 4.94488e-06 4.9726e-06 4.8751e-06 4.66471e-06 4.35969e-06 3.98226e-06 3.55643e-06 3.10604e-06 2.65297e-06 2.21592e-06 1.80954e-06 1.44411e-06 1.12568e-06 8.56405e-07 6.35261e-07 4.58814e-07 3.22048e-07 2.19133e-07 1.44051e-07 9.10581e-08 5.49881e-08 3.14183e-08 1.6732e-08 8.09899e-09 3.39838e-09 1.11139e-09 2.01687e-10 0 
0 0 0 0 0 0 0 0 0 0 0 0 0 0 0 0 0 0 0 0 0 0 0 0 0 0 0 0 0 0 0 0 0 0 0 0 0 0 0 0 0 
