0 0 0 0 0 0 0 0 0 0 0 0 0 0 0 0 0 0 0 0 0 0 0 0 0 0 0 0 0 0 0 0 0 0 0 0 0 0 0 0 0 
0 1.34896e-05 5.3973e-05 0.000117011 0.00019118 0.000260362 0.000310469 0.000335675 0.000338993 0.000328157 0.000311181 0.000294066 0.000280454 0.000272159 0.000269816 0.000273323 0.00028203 0.000294724 0.00030951 0.000323738 0.000334097 0.000337041 0.00032955 0.00031007 0.000279226 0.000239895 0.000196459 0.00015353 0.000114765 8.22674e-05 5.66484e-05 3.74717e-05 2.37584e-05 1.43666e-05 8.2131e-06 4.37487e-06 2.11777e-06 8.88646e-07 2.9062e-07 5.27396e-08 0 
0 5.3973e-05 0.000207725 0.000416561 0.000595273 0.00066579 0.000617576 0.000502262 0.000378147 0.000276658 0.000204758 0.000158201 0.000130539 0.000116686 0.000113662 0.000120433 0.00013762 0.000167236 0.000212272 0.00027578 0.000359026 0.000458648 0.000563722 0.000655088 0.000709717 0.000710214 0.000654217 0.000556156 0.000439495 0.000325877 0.000228687 0.000152764 9.73178e-05 5.89734e-05 3.37447e-05 1.79814e-05 8.70561e-06 3.6532e-06 1.19475e-06 2.16817e-07 0 
0 0.000117011 0.000416561 0.000712937 0.000780996 0.000603847 0.00036117 0.000184077 8.72887e-05 4.14868e-05 2.10284e-05 1.19524e-05 7.90923e-06 6.23857e-06 5.91916e-06 6.72285e-06 8.9846e-06 1.3752e-05 2.33085e-05 4.21491e-05 7.83106e-05 0.000144211 0.00025469 0.00041878 0.00062447 0.000826306 0.000956559 0.000965959 0.000859115 0.000685669 0.000501618 0.00034236 0.000220337 0.000134126 7.6891e-05 4.10028e-05 1.98568e-05 8.33349e-06 2.72551e-06 4.94614e-07 0 
0 0.00019118 0.000595273 0.000780996 0.000564625 0.000257535 8.56137e-05 2.37105e-05 6.14455e-06 1.65267e-06 5.05944e-07 1.90574e-07 9.37177e-08 6.24605e-08 5.72107e-08 7.13819e-08 1.17843e-07 2.46041e-07 6.14256e-07 1.72448e-06 5.1198e-06 1.51833e-05 4.28013e-05 0.000110069 0.000249616 0.000484851 0.000786349 0.00104654 0.00114228 0.00104374 0.000826675 0.000588249 0.00038618 0.00023713 0.000136423 7.28479e-05 3.52963e-05 1.48157e-05 4.84585e-06 8.79423e-07 0 
0 0.000260362 0.00066579 0.000603847 0.000257535 6.25762e-05 1.03937e-05 1.38595e-06 1.72387e-07 2.30927e-08 3.80452e-09 8.63645e-10 2.94652e-10 1.59572e-10 1.3995e-10 1.96051e-10 4.19882e-10 1.28487e-09 5.16582e-09 2.48946e-08 1.3119e-07 6.94529e-07 3.43492e-06 1.49827e-05 5.52479e-05 0.00016703 0.000403767 0.000762197 0.00110563 0.001241 0.00111869 0.000854553 0.000580667 0.000361984 0.000209528 0.000112144 5.43813e-05 2.28333e-05 7.46889e-06 1.35549e-06 0 
0 0.000310469 0.000617576 0.00036117 8.56137e-05 1.03937e-05 7.93291e-07 4.6149e-08 2.48444e-09 1.50067e-10 1.21769e-11 1.54954e-12 3.48091e-13 1.48694e-13 1.24078e-13 1.98367e-13 5.71883e-13 2.70819e-12 1.87669e-11 1.67687e-10 1.70226e-09 1.74627e-08 1.63749e-07 1.29719e-06 8.21147e-06 4.0128e-05 0.000148361 0.000408271 0.000820832 0.00119435 0.00128758 0.00109234 0.000782617 0.00049955 0.000291938 0.000156814 7.61395e-05 3.19828e-05 1.04632e-05 1.89901e-06 0 
0 0.000335675 0.000502262 0.000184077 2.37105e-05 1.38595e-06 4.6149e-08 1.10387e-09 2.42112e-11 6.2262e-13 2.36491e-14 1.61842e-15 2.3231e-16 7.6944e-17 6.08557e-17 1.12047e-16 4.44004e-16 3.3559e-15 4.16632e-14 7.21363e-13 1.47874e-11 3.08366e-10 5.74279e-09 8.62066e-08 9.70642e-07 7.85769e-06 4.49124e-05 0.000180272 0.0005044 0.000971308 0.00129438 0.00125686 0.000967815 0.000638595 0.000378298 0.00020424 9.93443e-05 4.17551e-05 1.36629e-05 2.47988e-06 0 
0 0.000338993 0.000378147 8.72887e-05 6.14455e-06 1.72387e-07 2.48444e-09 2.42112e-11 2.14393e-13 2.32782e-15 4.10881e-17 1.50521e-18 1.39419e-19 3.69803e-20 2.80289e-20 5.77001e-20 3.07056e-19 3.69677e-18 8.26199e-17 2.78886e-15 1.16224e-13 4.9622e-12 1.84891e-10 5.29722e-09 1.06743e-07 1.43603e-06 1.26485e-05 7.31456e-05 0.000279933 0.000707025 0.00117434 0.00132842 0.00111605 0.000767772 0.000462811 0.000251514 0.000122621 5.15778e-05 1.68812e-05 3.06424e-06 0 
0 0.000328157 0.000276658 4.14868e-05 1.65267e-06 2.30927e-08 1.50067e-10 6.2262e-13 2.32782e-15 1.11371e-17 9.55534e-20 2.15778e-21 1.98835e-22 6.56585e-23 5.24722e-23 9.10421e-23 4.02666e-22 5.79637e-21 2.16087e-19 1.37209e-17 1.12224e-15 9.46966e-14 6.82458e-12 3.61765e-10 1.26908e-08 2.76892e-07 3.67337e-06 2.98587e-05 0.000151892 0.000489795 0.000999947 0.00131927 0.00121754 0.000877984 0.000540022 0.000295737 0.00014457 6.08644e-05 1.99263e-05 3.6173e-06 0 
0 0.000311181 0.000204758 2.10284e-05 5.05944e-07 3.80452e-09 1.21769e-11 2.36491e-14 4.10881e-17 9.55534e-20 4.89707e-22 1.09923e-23 1.34016e-24 5.46718e-25 4.55683e-25 6.84093e-25 2.2933e-24 2.56424e-23 1.12787e-21 1.19512e-19 1.77592e-17 2.74596e-15 3.55822e-13 3.26115e-11 1.87433e-09 6.29182e-08 1.20178e-06 1.31953e-05 8.59017e-05 0.000340921 0.000831324 0.00126127 0.00127467 0.000964066 0.000605536 0.000334312 0.000163894 6.90651e-05 2.26178e-05 4.10629e-06 0 
0 0.000294066 0.000158201 1.19524e-05 1.90574e-07 8.63645e-10 1.54954e-12 1.61842e-15 1.50521e-18 2.15778e-21 1.09923e-23 2.3937e-25 2.73508e-26 1.20885e-26 1.03044e-26 1.40676e-26 4.10466e-26 4.36754e-25 1.88759e-23 2.50895e-21 5.90873e-19 1.49807e-16 3.13649e-14 4.49925e-12 3.87403e-10 1.85097e-08 4.76604e-07 6.69012e-06 5.31542e-05 0.00024872 0.000698123 0.00118775 0.00129824 0.00102499 0.000656422 0.000365174 0.000179508 7.57125e-05 2.48018e-05 4.50317e-06 0 
0 0.000280454 0.000130539 7.90923e-06 9.37177e-08 2.94652e-10 3.48091e-13 2.3231e-16 1.39419e-19 1.98836e-22 1.34017e-24 2.7351e-26 1.64974e-27 4.9514e-28 4.04621e-28 5.52002e-28 2.04153e-27 3.10598e-26 1.38254e-24 1.69215e-22 5.02045e-20 1.81112e-17 5.36415e-15 1.06399e-12 1.22755e-10 7.57421e-09 2.42167e-07 4.06108e-06 3.72414e-05 0.000195902 0.000607401 0.00112263 0.00130161 0.00106267 0.000691212 0.000386915 0.000190617 8.0457e-05 2.63621e-05 4.78682e-06 0 
0 0.000272159 0.000116686 6.23857e-06 6.24605e-08 1.59572e-10 1.48694e-13 7.6944e-17 3.69803e-20 6.56588e-23 5.46724e-25 1.20887e-26 4.95149e-28 4.62118e-29 2.31742e-29 4.53566e-29 4.01865e-28 8.80058e-27 3.81479e-25 4.04909e-23 1.2307e-20 5.37874e-18 1.94091e-15 4.63128e-13 6.31475e-11 4.50962e-09 1.63197e-07 3.03006e-06 3.01581e-05 0.000169553 0.000556302 0.00107878 0.00129583 0.00108019 0.000709589 0.000398797 0.000196756 8.30893e-05 2.72289e-05 4.94444e-06 0 
0 0.000269816 0.000113662 5.91916e-06 5.72107e-08 1.3995e-10 1.24078e-13 6.08557e-17 2.80289e-20 5.24724e-23 4.55688e-25 1.03046e-26 4.0463e-28 2.31747e-29 4.6433e-30 1.95016e-29 2.85054e-28 6.73231e-27 2.89007e-25 2.97156e-23 8.96441e-21 4.07328e-18 1.53324e-15 3.80752e-13 5.38406e-11 3.9704e-09 1.47671e-07 2.80452e-06 2.84309e-05 0.000162309 0.000539963 0.00106067 0.00128736 0.0010802 0.000711965 0.000400703 0.000197804 8.35477e-05 2.73808e-05 4.97215e-06 0 
0 0.000273323 0.000120433 6.72285e-06 7.13819e-08 1.96051e-10 1.98367e-13 1.12047e-16 5.77001e-20 9.10424e-23 6.84099e-25 1.40678e-26 5.52011e-28 4.53568e-29 1.95013e-29 5.04696e-29 5.17032e-28 1.16898e-26 5.35107e-25 6.09506e-23 1.86819e-20 7.65686e-18 2.5852e-15 5.80284e-13 7.49355e-11 5.10637e-09 1.77685e-07 3.19576e-06 3.10247e-05 0.000171199 0.000554456 0.00106697 0.00127744 0.0010641 0.000699153 0.000393044 0.000193953 8.19125e-05 2.68442e-05 4.87467e-06 0 
0 0.00028203 0.00013762 8.9846e-06 1.17843e-07 4.19882e-10 5.71883e-13 4.44004e-16 3.07056e-19 4.02667e-22 2.29332e-24 4.1047e-26 2.04153e-27 4.0186e-28 2.85048e-28 5.17025e-28 2.96335e-27 5.49927e-26 2.72982e-24 3.65247e-22 1.025e-19 3.28483e-17 8.66775e-15 1.5463e-12 1.6236e-10 9.23693e-09 2.75964e-07 4.38091e-06 3.84994e-05 0.000196314 0.000596521 0.00109157 0.00126255 0.00103187 0.00067222 0.000376676 0.000185671 7.83879e-05 2.56866e-05 4.66432e-06 0 
0 0.000294724 0.000167236 1.3752e-05 2.46041e-07 1.28487e-09 2.70819e-12 3.3559e-15 3.69677e-18 5.79637e-21 2.56424e-23 4.36755e-25 3.10596e-26 8.80048e-27 6.73222e-27 1.16897e-26 5.49925e-26 8.79656e-25 4.61167e-23 6.14819e-21 1.28016e-18 2.82436e-16 5.17995e-14 6.58094e-12 5.0873e-10 2.21521e-08 5.27901e-07 6.96353e-06 5.27794e-05 0.000239238 0.000660957 0.00112281 0.00123532 0.000982628 0.000632509 0.000352818 0.000173645 7.32756e-05 2.4008e-05 4.35936e-06 0 
0 0.00030951 0.000212272 2.33085e-05 6.14256e-07 5.16582e-09 1.87669e-11 4.16632e-14 8.26199e-17 2.16087e-19 1.12787e-21 1.88759e-23 1.38253e-24 3.81476e-25 2.89005e-25 5.35104e-25 2.72982e-24 4.61167e-23 2.31433e-21 2.26731e-19 3.00356e-17 4.14209e-15 4.81563e-13 3.9953e-11 2.10131e-09 6.53253e-08 1.17027e-06 1.22155e-05 7.67802e-05 0.000299879 0.000735566 0.00114207 0.00118591 0.000915411 0.000581728 0.000322968 0.00015871 6.69429e-05 2.19304e-05 3.98198e-06 0 
0 0.000323738 0.00027578 4.21491e-05 1.72448e-06 2.48946e-08 1.67687e-10 7.21363e-13 2.78886e-15 1.37209e-17 1.19512e-19 2.50895e-21 1.69215e-22 4.04909e-23 2.97156e-23 6.09506e-23 3.65247e-22 6.14819e-21 2.26731e-19 1.37668e-17 1.07539e-15 8.67912e-14 5.99451e-12 3.05196e-10 1.03055e-08 2.17014e-07 2.7911e-06 2.21847e-05 0.000112167 0.000369204 0.000793877 0.00112316 0.00110382 0.000829922 0.000521979 0.000288803 0.000141781 5.9788e-05 1.95856e-05 3.55621e-06 0 
0 0.000334097 0.000359026 7.83106e-05 5.1198e-06 1.3119e-07 1.70226e-09 1.47874e-11 1.16224e-13 1.12224e-15 1.77592e-17 5.90873e-19 5.02045e-20 1.2307e-20 8.96441e-21 1.86819e-20 1.025e-19 1.28016e-18 3.00356e-17 1.07539e-15 4.77817e-14 2.1742e-12 8.58317e-11 2.57716e-09 5.3634e-08 7.3404e-07 6.51445e-06 3.81132e-05 0.000151388 0.000415952 0.000788794 0.00103434 0.000979852 0.000726909 0.000455667 0.00025205 0.000123775 5.22075e-05 1.71044e-05 3.10586e-06 0 
0 0.000337041 0.000458648 0.000144211 1.51833e-05 6.94529e-07 1.74627e-08 3.08366e-10 4.9622e-12 9.46966e-14 2.74596e-15 1.49807e-16 1.81112e-17 5.37874e-18 4.07328e-18 7.65686e-18 3.28483e-17 2.82436e-16 4.14209e-15 8.67912e-14 2.1742e-12 5.51285e-11 1.22371e-09 2.11533e-08 2.61892e-07 2.22048e-06 1.28738e-05 5.29147e-05 0.000161776 0.000376798 0.000659079 0.000845994 0.000807959 0.000608107 0.000385294 0.000214367 0.00010555 4.4568e-05 1.46074e-05 2.65282e-06 0 
0 0.00032955 0.000563722 0.00025469 4.28013e-05 3.43492e-06 1.63749e-07 5.74279e-09 1.84891e-10 6.82458e-12 3.55822e-13 3.13649e-14 5.36415e-15 1.94091e-15 1.53324e-15 2.5852e-15 8.66775e-15 5.17995e-14 4.81563e-13 5.99451e-12 8.58317e-11 1.22371e-09 1.52482e-08 1.4836e-07 1.03158e-06 4.8941e-06 1.62554e-05 4.20573e-05 9.64669e-05 0.000206095 0.000383013 0.000553753 0.00058959 0.000476482 0.000313349 0.000177254 8.78526e-05 3.71848e-05 1.21976e-05 2.21579e-06 0 
0 0.00031007 0.000655088 0.00041878 0.000110069 1.49827e-05 1.29719e-06 8.62066e-08 5.29722e-09 3.61765e-10 3.26115e-11 4.49925e-12 1.06399e-12 4.63128e-13 3.80752e-13 5.80284e-13 1.5463e-12 6.58094e-12 3.9953e-11 3.05196e-10 2.57716e-09 2.11533e-08 1.4836e-07 7.7691e-07 2.64988e-06 5.39605e-06 7.11319e-06 8.44268e-06 1.36349e-05 3.41496e-05 0.000100498 0.000233513 0.000347846 0.000338575 0.000242604 0.00014206 7.13027e-05 3.03097e-05 9.95625e-06 1.80941e-06 0 
0 0.000279226 0.000709717 0.00062447 0.000249616 5.52479e-05 8.21147e-06 9.70642e-07 1.06743e-07 1.26908e-08 1.87433e-09 3.87403e-10 1.22755e-10 6.31475e-11 5.38406e-11 7.49355e-11 1.6236e-10 5.0873e-10 2.10131e-09 1.03055e-08 5.3634e-08 2.61892e-07 1.03158e-06 2.64988e-06 3.31765e-06 1.57331e-06 3.31633e-07 7.85098e-08 7.34668e-08 3.99284e-07 5.01872e-06 4.29231e-05 0.000144115 0.000209152 0.000176866 0.000110059 5.63855e-05 2.41257e-05 7.94082e-06 1.444e-06 0 
0 0.000239895 0.000710214 0.000826306 0.000484851 0.00016703 4.0128e-05 7.85769e-06 1.43603e-06 2.76892e-07 6.29182e-08 1.85097e-08 7.57421e-09 4.50962e-09 3.9704e-09 5.10637e-09 9.23693e-09 2.21521e-08 6.53253e-08 2.17014e-07 7.3404e-07 2.22048e-06 4.8941e-06 5.39605e-06 1.57331e-06 6.09909e-08 3.89264e-10 3.72952e-12 1.34164e-12 4.96313e-11 1.6486e-08 2.24762e-06 3.71489e-05 0.000109695 0.000121157 8.24648e-05 4.34489e-05 1.87469e-05 6.18544e-06 1.12558e-06 0 
0 0.000196459 0.000654217 0.000956559 0.000786349 0.000403767 0.000148361 4.49124e-05 1.26485e-05 3.67337e-06 1.20178e-06 4.76604e-07 2.42167e-07 1.63197e-07 1.47671e-07 1.77685e-07 2.75964e-07 5.27901e-07 1.17027e-06 2.7911e-06 6.51445e-06 1.28738e-05 1.62554e-05 7.11319e-06 3.31633e-07 3.89264e-10 1.39973e-14 3.39592e-16 1.83967e-15 7.8544e-17 4.34681e-12 4.01035e-08 6.69766e-06 5.17202e-05 7.97209e-05 6.01766e-05 3.26767e-05 1.42194e-05 4.70271e-06 8.56316e-07 0 
0 0.00015353 0.000556156 0.000965959 0.00104654 0.000762197 0.000408271 0.000180272 7.31456e-05 2.98587e-05 1.31953e-05 6.69012e-06 4.06108e-06 3.03006e-06 2.80452e-06 3.19576e-06 4.38091e-06 6.96353e-06 1.22155e-05 2.21847e-05 3.81132e-05 5.29147e-05 4.20573e-05 8.44268e-06 7.85098e-08 3.72952e-12 3.39592e-16 1.72295e-17 5.38728e-17 3.21554e-17 2.1802e-15 1.0718e-09 1.46874e-06 2.6181e-05 5.30283e-05 4.33373e-05 2.40509e-05 1.0527e-05 3.48692e-06 6.35192e-07 0 
0 0.000114765 0.000439495 0.000859115 0.00114228 0.00110563 0.000820832 0.0005044 0.000279933 0.000151892 8.59017e-05 5.31542e-05 3.72414e-05 3.01581e-05 2.84309e-05 3.10247e-05 3.84994e-05 5.27794e-05 7.67802e-05 0.000112167 0.000151388 0.000161776 9.64669e-05 1.36349e-05 7.34668e-08 1.34164e-12 1.83967e-15 5.3873e-17 7.17128e-18 1.01338e-17 2.43768e-16 3.49372e-10 8.09072e-07 1.75499e-05 3.76326e-05 3.11843e-05 1.73583e-05 7.60216e-06 2.51837e-06 4.58765e-07 0 
0 8.22674e-05 0.000325877 0.000685669 0.00104374 0.001241 0.00119435 0.000971308 0.000707025 0.000489795 0.000340921 0.00024872 0.000195902 0.000169553 0.000162309 0.000171199 0.000196314 0.000239238 0.000299879 0.000369204 0.000415952 0.000376798 0.000206095 3.41496e-05 3.99284e-07 4.96313e-11 7.8544e-17 3.21553e-17 1.01338e-17 3.3555e-17 3.20295e-14 2.62869e-09 1.38279e-06 1.64767e-05 2.88321e-05 2.24463e-05 1.22695e-05 5.34593e-06 1.76841e-06 3.22018e-07 0 
0 5.66484e-05 0.000228687 0.000501618 0.000826675 0.00111869 0.00128758 0.00129438 0.00117434 0.000999947 0.000831324 0.000698123 0.000607401 0.000556302 0.000539963 0.000554456 0.000596521 0.000660957 0.000735566 0.000793877 0.000788794 0.000659079 0.000383013 0.000100498 5.01872e-06 1.6486e-08 4.34681e-12 2.1802e-15 2.43768e-16 3.20295e-14 1.03453e-10 9.35933e-08 4.25147e-06 1.84557e-05 2.28147e-05 1.59519e-05 8.45023e-06 3.64921e-06 1.20414e-06 2.19116e-07 0 
0 3.74717e-05 0.000152764 0.00034236 0.000588249 0.000854553 0.00109234 0.00125686 0.00132842 0.00131927 0.00126127 0.00118775 0.00112263 0.00107878 0.00106067 0.00106697 0.00109157 0.00112281 0.00114207 0.00112316 0.00103434 0.000845994 0.000553753 0.000233513 4.29231e-05 2.24762e-06 4.01035e-08 1.0718e-09 3.49372e-10 2.62869e-09 9.35933e-08 2.02716e-06 1.12384e-05 1.96463e-05 1.74697e-05 1.09763e-05 5.62826e-06 2.40741e-06 7.92197e-07 1.44043e-07 0 
0 2.37584e-05 9.73178e-05 0.000220337 0.00038618 0.000580667 0.000782617 0.000967815 0.00111605 0.00121754 0.00127467 0.00129824 0.00130161 0.00129583 0.00128736 0.00127744 0.00126255 0.00123532 0.00118591 0.00110382 0.000979852 0.000807959 0.00058959 0.000347846 0.000144115 3.71489e-05 6.69766e-06 1.46874e-06 8.09072e-07 1.38279e-06 4.25147e-06 1.12384e-05 1.78187e-05 1.7454e-05 1.23865e-05 7.19538e-06 3.59696e-06 1.52649e-06 5.01127e-07 9.10547e-08 0 
0 1.43666e-05 5.89734e-05 0.000134126 0.00023713 0.000361984 0.00049955 0.000638595 0.000767772 0.000877984 0.000964066 0.00102499 0.00106267 0.00108019 0.0010802 0.0010641 0.00103187 0.000982628 0.000915411 0.000829922 0.000726909 0.000608107 0.000476482 0.000338575 0.000209152 0.000109695 5.17202e-05 2.6181e-05 1.75499e-05 1.64767e-05 1.84557e-05 1.96463e-05 1.7454e-05 1.27872e-05 8.02373e-06 4.44957e-06 2.18864e-06 9.23877e-07 3.02783e-07 5.49869e-08 0 
0 8.2131e-06 3.37447e-05 7.6891e-05 0.000136423 0.000209528 0.000291938 0.000378298 0.000462811 0.000540022 0.000605536 0.000656422 0.000691212 0.000709589 0.000711965 0.000699153 0.00067222 0.000632509 0.000581728 0.000521979 0.000455667 0.000385294 0.000313349 0.000242604 0.000176866 0.000121157 7.97209e-05 5.30283e-05 3.76326e-05 2.88321e-05 2.28147e-05 1.74697e-05 1.23865e-05 8.02373e-06 4.75594e-06 2.57642e-06 1.25617e-06 5.28611e-07 1.7306e-07 3.14178e-08 0 
0 4.37487e-06 1.79814e-05 4.10028e-05 7.28479e-05 0.000112144 0.000156814 0.00020424 0.000251514 0.000295737 0.000334312 0.000365174 0.000386915 0.000398797 0.000400703 0.000393044 0.000376676 0.000352818 0.000322968 0.000288803 0.00025205 0.000214367 0.000177254 0.00014206 0.000110059 8.24648e-05 6.01766e-05 4.33373e-05 3.11843e-05 2.24463e-05 1.59519e-05 1.09763e-05 7.19538e-06 4.44957e-06 2.57642e-06 1.38123e-06 6.70582e-07 2.81736e-07 9.21836e-08 1.67319e-08 0 
0 2.11777e-06 8.70561e-06 1.98568e-05 3.52963e-05 5.43813e-05 7.61395e-05 9.93443e-05 0.000122621 0.00014457 0.000163894 0.000179508 0.000190617 0.000196756 0.000197804 0.000193953 0.000185671 0.000173645 0.00015871 0.000141781 0.000123775 0.00010555 8.78526e-05 7.13027e-05 5.63855e-05 4.34489e-05 3.26767e-05 2.40509e-05 1.73583e-05 1.22695e-05 8.45023e-06 5.62826e-06 3.59696e-06 2.18864e-06 1.25617e-06 6.70582e-07 3.24962e-07 1.36425e-07 4.46254e-08 8.09896e-09 0 
0 8.88646e-07 3.6532e-06 8.33349e-06 1.48157e-05 2.28333e-05 3.19828e-05 4.17551e-05 5.15778e-05 6.08644e-05 6.90651e-05 7.57125e-05 8.0457e-05 8.30893e-05 8.35477e-05 8.19125e-05 7.83879e-05 7.32756e-05 6.69429e-05 5.9788e-05 5.22075e-05 4.4568e-05 3.71848e-05 3.03097e-05 2.41257e-05 1.87469e-05 1.42194e-05 1.0527e-05 7.60216e-06 5.34593e-06 3.64921e-06 2.40741e-06 1.52649e-06 9.23877e-07 5.28611e-07 2.81736e-07 1.36425e-07 5.72555e-08 1.87261e-08 3.39838e-09 0 
0 2.9062e-07 1.19475e-06 2.72551e-06 4.84585e-06 7.46889e-06 1.04632e-05 1.36629e-05 1.68812e-05 1.99263e-05 2.26178e-05 2.48018e-05 2.63621e-05 2.72289e-05 2.73808e-05 2.68442e-05 2.56866e-05 2.4008e-05 2.19304e-05 1.95856e-05 1.71044e-05 1.46074e-05 1.21976e-05 9.95625e-06 7.94082e-06 6.18544e-06 4.70271e-06 3.48692e-06 2.51837e-06 1.76841e-06 1.20414e-06 7.92197e-07 5.01127e-07 3.02783e-07 1.7306e-07 9.21836e-08 4.46254e-08 1.87261e-08 6.12422e-09 1.11139e-09 0 
0 5.27396e-08 2.16817e-07 4.94614e-07 8.79423e-07 1.35549e-06 1.89901e-06 2.47988e-06 3.06424e-06 3.6173e-06 4.10629e-06 4.50317e-06 4.78682e-06 4.94444e-06 4.97215e-06 4.87467e-06 4.66432e-06 4.35936e-06 3.98198e-06 3.55621e-06 3.10586e-06 2.65282e-06 2.21579e-06 1.80941e-06 1.444e-06 1.12558e-06 8.56316e-07 6.35192e-07 4.58765e-07 3.22018e-07 2.19116e-07 1.44043e-07 9.10547e-08 5.49869e-08 3.14178e-08 1.67319e-08 8.09896e-09 3.39838e-09 1.11139e-09 2.01686e-10 0 
0 0 0 0 0 0 0 0 0 0 0 0 0 0 0 0 0 0 0 0 0 0 0 0 0 0 0 0 0 0 0 0 0 0 0 0 0 0 0 0 0 
