0 0 0 0 0 0 0 0 0 0 0 0 0 0 0 0 0 0 0 0 0 0 0 0 0 0 0 0 0 0 0 0 0 0 0 0 0 0 0 0 0 
0 1.34733e-05 5.38294e-05 0.000116397 0.000189421 0.000256611 0.00030414 0.00032677 0.000328034 0.000315869 0.000298205 0.000280837 0.000267199 0.000258957 0.000256665 0.0002602 0.000268946 0.000281759 0.000296849 0.000311674 0.000323009 0.000327332 0.000321558 0.000303963 0.000274946 0.000237173 0.0001949 0.00015273 0.000114397 8.21159e-05 5.65922e-05 3.7453e-05 2.37528e-05 1.4365e-05 8.21272e-06 4.37479e-06 2.11775e-06 8.88644e-07 2.9062e-07 5.27396e-08 0 
0 5.38294e-05 0.000206448 0.000411326 0.000581951 0.000642577 0.000587666 0.000471348 0.000350421 0.000253591 0.000186004 0.000142713 0.000117191 0.000104477 0.000101722 0.000107955 0.000123796 0.000151216 0.000193204 0.000252952 0.000332162 0.000428317 0.000531669 0.000624151 0.000683057 0.000690085 0.00064107 0.000548763 0.000435908 0.000324363 0.000228125 0.000152579 9.72631e-05 5.89589e-05 3.37413e-05 1.79807e-05 8.70547e-06 3.65318e-06 1.19475e-06 2.16816e-07 0 
0 0.000116397 0.000411326 0.000694421 0.000745578 0.000562956 0.000328769 0.000163879 7.61614e-05 3.55576e-05 1.77508e-05 9.96794e-06 6.53982e-06 5.13406e-06 4.86714e-06 5.54409e-06 7.45604e-06 1.15174e-05 1.97453e-05 3.61754e-05 6.817e-05 0.000127415 0.000228511 0.000381739 0.000578615 0.000778383 0.000915502 0.000937582 0.00084327 0.000678403 0.000498815 0.000341428 0.000220065 0.000134055 7.68746e-05 4.09994e-05 1.98562e-05 8.3334e-06 2.7255e-06 4.94614e-07 0 
0 0.000189421 0.000581951 0.000745578 0.000522176 0.000230211 7.40333e-05 1.98598e-05 4.99281e-06 1.30589e-06 3.90157e-07 1.44104e-07 6.98821e-08 4.6215e-08 4.22722e-08 5.29943e-08 8.83917e-08 1.87328e-07 4.76426e-07 1.36591e-06 4.14684e-06 1.25807e-05 3.62703e-05 9.53433e-05 0.000220959 0.000438699 0.00072757 0.000989683 0.00110132 0.00102149 0.000817228 0.000584968 0.000385212 0.000236881 0.000136366 7.28365e-05 3.52943e-05 1.48154e-05 4.84582e-06 8.79421e-07 0 
0 0.000256611 0.000642577 0.000562956 0.000230211 5.35435e-05 8.50693e-06 1.08462e-06 1.29112e-07 1.6601e-08 2.63846e-09 5.81811e-10 1.94435e-10 1.04096e-10 9.11078e-11 1.2853e-10 2.79492e-10 8.74395e-10 3.61335e-09 1.79624e-08 9.78321e-08 5.35477e-07 2.73542e-06 1.23018e-05 4.66737e-05 0.000144971 0.000359919 0.000698131 0.00104001 0.00119467 0.00109543 0.000845722 0.000577962 0.000361282 0.00020937 0.000112113 5.43759e-05 2.28325e-05 7.46881e-06 1.35549e-06 0 
0 0.00030414 0.000587666 0.000328769 7.40333e-05 8.50693e-06 6.12453e-07 3.35413e-08 1.70105e-09 9.71606e-11 7.50631e-12 9.18069e-13 2.00493e-13 8.43113e-14 7.0157e-14 1.13243e-13 3.33336e-13 1.62699e-12 1.17057e-11 1.09135e-10 1.15904e-09 1.24451e-08 1.21975e-07 1.00707e-06 6.61963e-06 3.34655e-05 0.00012766 0.000362203 0.000751182 0.00112616 0.00124434 0.00107347 0.000776432 0.000497906 0.000291566 0.000156741 7.61271e-05 3.1981e-05 1.0463e-05 1.899e-06 0 
0 0.00032677 0.000471348 0.000163879 1.98598e-05 1.08462e-06 3.35413e-08 7.42717e-10 1.50899e-11 3.61201e-13 1.28826e-14 8.37912e-16 1.15996e-16 3.76556e-17 2.96763e-17 5.53161e-17 2.2513e-16 1.76895e-15 2.30456e-14 4.21404e-13 9.15455e-12 2.02443e-10 3.99105e-09 6.31868e-08 7.46572e-07 6.30647e-06 3.74201e-05 0.00015542 0.000449736 0.000895969 0.0012316 0.00122405 0.000955953 0.000635305 0.000377546 0.000204093 9.93196e-05 4.17516e-05 1.36625e-05 2.47986e-06 0 
0 0.000328034 0.000350421 7.61614e-05 4.99281e-06 1.29112e-07 1.70105e-09 1.50899e-11 1.21721e-13 1.21098e-15 1.97966e-17 6.82972e-19 6.15393e-20 1.65029e-20 1.25932e-20 2.5558e-20 1.36679e-19 1.71258e-18 4.05695e-17 1.46378e-15 6.54801e-14 3.00348e-12 1.19978e-10 3.66893e-09 7.84234e-08 1.11112e-06 1.0233e-05 6.15179e-05 0.000244061 0.000639091 0.00109962 0.0012806 0.00109656 0.000762048 0.000461474 0.000251252 0.000122577 5.15717e-05 1.68805e-05 3.0642e-06 0 
0 0.000315869 0.000253591 3.55576e-05 1.30589e-06 1.6601e-08 9.71606e-11 3.61201e-13 1.21098e-15 5.23167e-18 4.13619e-20 9.5281e-22 1.03143e-22 3.76279e-23 3.05812e-23 5.03317e-23 1.94174e-22 2.49001e-21 9.52014e-20 6.51597e-18 5.78959e-16 5.31278e-14 4.15392e-12 2.37669e-10 8.93469e-09 2.07142e-07 2.8944e-06 2.45847e-05 0.00013001 0.00043525 0.000922694 0.00125879 0.00118951 0.000869185 0.00053791 0.00029532 0.0001445 6.08548e-05 1.99253e-05 3.61724e-06 0 
0 0.000298205 0.000186004 1.77508e-05 3.90157e-07 2.63846e-09 7.50631e-12 1.28826e-14 1.97966e-17 4.13619e-20 2.12023e-22 5.64486e-24 8.42896e-25 3.90004e-25 3.32381e-25 4.65483e-25 1.32098e-24 1.20528e-23 4.70837e-22 5.21264e-20 8.48317e-18 1.44172e-15 2.048e-13 2.0459e-11 1.27141e-09 4.57105e-08 9.25713e-07 1.06746e-05 7.24584e-05 0.00029893 0.000757832 0.00119239 0.00123854 0.000951926 0.000602533 0.000333713 0.000163794 6.90514e-05 2.26164e-05 4.10621e-06 0 
0 0.000280837 0.000142713 9.96794e-06 1.44104e-07 5.81811e-10 9.18069e-13 8.37912e-16 6.82972e-19 9.52811e-22 5.64487e-24 1.45007e-25 2.02633e-26 1.03014e-26 9.00967e-27 1.13674e-26 2.7367e-26 2.29976e-25 8.38226e-24 1.04672e-21 2.6554e-19 7.45817e-17 1.72618e-14 2.72029e-12 2.55086e-10 1.31367e-08 3.60584e-07 5.33834e-06 4.43466e-05 0.000215962 0.000630605 0.00111457 0.00125555 0.00100974 0.000652538 0.000364392 0.000179378 7.56946e-05 2.47999e-05 4.50307e-06 0 
0 0.000267199 0.000117191 6.53982e-06 6.98821e-08 1.94435e-10 2.00493e-13 1.15996e-16 6.15393e-20 1.03143e-22 8.42902e-25 2.02635e-26 1.40761e-27 4.84147e-28 4.07317e-28 5.02872e-28 1.47241e-27 1.83077e-26 6.93928e-25 7.31978e-23 2.17189e-20 8.68627e-18 2.86083e-15 6.2687e-13 7.91643e-11 5.28863e-09 1.80947e-07 3.21022e-06 3.08442e-05 0.000169019 0.000545329 0.00104798 0.00125445 0.00104499 0.000686604 0.000385977 0.00019046 8.04355e-05 2.63599e-05 4.7867e-06 0 
0 0.000258957 0.000104477 5.13406e-06 4.6215e-08 1.04096e-10 8.43113e-14 3.76556e-17 1.65029e-20 3.7628e-23 3.90008e-25 1.03016e-26 4.84155e-28 5.03629e-29 2.5704e-29 4.19956e-29 3.00693e-28 5.69419e-27 2.09719e-25 1.87196e-23 5.2589e-21 2.52884e-18 1.01794e-15 2.69145e-13 4.02802e-11 3.12212e-09 1.2116e-07 2.38386e-06 2.48875e-05 0.000145828 0.0004979 0.00100419 0.0012464 0.00106109 0.000704531 0.00039776 0.000196583 8.30654e-05 2.72264e-05 4.94431e-06 0 
0 0.000256665 0.000101722 4.86714e-06 4.22722e-08 9.11078e-11 7.0157e-14 2.96763e-17 1.25932e-20 3.05813e-23 3.32384e-25 9.00981e-27 4.07325e-28 2.57045e-29 4.80177e-30 1.64407e-29 2.14822e-28 4.44927e-27 1.62194e-25 1.39874e-23 3.83387e-21 1.91085e-18 8.02755e-16 2.20998e-13 3.43148e-11 2.74746e-09 1.09611e-07 2.20641e-06 2.34638e-05 0.000139593 0.000483141 0.000986856 0.00123771 0.00106082 0.0007068 0.000399641 0.000197626 8.35232e-05 2.73783e-05 4.97201e-06 0 
0 0.0002602 0.000107955 5.54409e-06 5.29943e-08 1.2853e-10 1.13243e-13 5.53161e-17 2.5558e-20 5.03319e-23 4.65487e-25 1.13676e-26 5.02881e-28 4.19958e-29 1.64404e-29 3.88042e-29 3.61865e-28 7.25138e-27 2.84409e-25 2.75128e-23 8.05284e-21 3.64526e-18 1.37089e-15 3.40457e-13 4.81884e-11 3.5594e-09 1.32662e-07 2.52587e-06 2.56983e-05 0.000147675 0.000497301 0.00099449 0.00122949 0.00104554 0.000694223 0.00039203 0.000193782 8.1889e-05 2.68418e-05 4.87453e-06 0 
0 0.000268946 0.000123796 7.45604e-06 8.83917e-08 2.79492e-10 3.33336e-13 2.2513e-16 1.36679e-19 1.94174e-22 1.32099e-24 2.73672e-26 1.47241e-27 3.0069e-28 2.14818e-28 3.6186e-28 1.82739e-27 2.99018e-26 1.29854e-24 1.55353e-22 4.53373e-20 1.61169e-17 4.71659e-15 9.27105e-13 1.06289e-10 6.53222e-09 2.08413e-07 3.49381e-06 3.21162e-05 0.000170326 0.000537675 0.00102132 0.00121808 0.00101508 0.000667808 0.000375771 0.000185519 7.83669e-05 2.56844e-05 4.6642e-06 0 
0 0.000281759 0.000151216 1.15174e-05 1.87328e-07 8.74395e-10 1.62699e-12 1.76895e-15 1.71258e-18 2.49001e-21 1.20528e-23 2.29976e-25 1.83076e-26 5.69412e-27 4.44921e-27 7.25131e-27 2.99016e-26 4.15432e-25 1.96229e-23 2.61338e-21 5.93439e-19 1.4469e-16 2.92463e-14 4.06977e-12 3.41649e-10 1.59925e-08 4.05286e-07 5.62576e-06 4.44842e-05 0.000209354 0.000600116 0.00105644 0.00119592 0.000968279 0.000628794 0.000352059 0.000173516 7.32579e-05 2.40062e-05 4.35925e-06 0 
0 0.000296849 0.000193204 1.97453e-05 4.76426e-07 3.61335e-09 1.17057e-11 2.30456e-14 4.05695e-17 9.52014e-20 4.70837e-22 8.38225e-24 6.93925e-25 2.09717e-25 1.62193e-25 2.84407e-25 1.29854e-24 1.96229e-23 9.71446e-22 1.02041e-19 1.47979e-17 2.23802e-15 2.84565e-13 2.56727e-11 1.45662e-09 4.83929e-08 9.1722e-07 1.00327e-05 6.55818e-05 0.00026538 0.000674156 0.00108202 0.00115279 0.000903808 0.000578768 0.000322365 0.000158608 6.69287e-05 2.1929e-05 3.9819e-06 0 
0 0.000311674 0.000252952 3.61754e-05 1.36591e-06 1.79624e-08 1.09135e-10 4.21404e-13 1.46378e-15 6.51597e-18 5.21264e-20 1.04672e-21 7.31977e-23 1.87195e-23 1.39874e-23 2.75127e-23 1.55352e-22 2.61338e-21 1.02041e-19 6.69166e-18 5.67695e-16 4.98035e-14 3.72989e-12 2.04842e-10 7.40732e-09 1.65615e-07 2.24103e-06 1.85808e-05 9.73679e-05 0.000331198 0.000735614 0.00107222 0.00107757 0.000821002 0.000519723 0.000288342 0.000141702 5.9777e-05 1.95844e-05 3.55614e-06 0 
0 0.000323009 0.000332162 6.817e-05 4.14684e-06 9.78321e-08 1.15904e-09 9.15455e-12 6.54801e-14 5.78959e-16 8.48317e-18 2.6554e-19 2.17189e-20 5.2589e-21 3.83387e-21 8.05284e-21 4.53373e-20 5.93439e-19 1.47979e-17 5.67695e-16 2.7142e-14 1.33008e-12 5.64278e-11 1.8124e-09 4.00869e-08 5.78605e-07 5.37163e-06 3.26301e-05 0.000133841 0.000378819 0.000739341 0.000994701 0.000960213 0.000720293 0.000453983 0.000251702 0.000123715 5.2199e-05 1.71035e-05 3.1058e-06 0 
0 0.000327332 0.000428317 0.000127415 1.25807e-05 5.35477e-07 1.24451e-08 2.02443e-10 3.00348e-12 5.31278e-14 1.44172e-15 7.45817e-17 8.68627e-18 2.52884e-18 1.91085e-18 3.64526e-18 1.61169e-17 1.4469e-16 2.23802e-15 4.98035e-14 1.33008e-12 3.59851e-11 8.5079e-10 1.5602e-08 2.03734e-07 1.80929e-06 1.09077e-05 4.63202e-05 0.000145649 0.000348107 0.000623963 0.000818275 0.000793918 0.000603223 0.000384016 0.000214097 0.000105502 4.45612e-05 1.46067e-05 2.65278e-06 0 
0 0.000321558 0.000531669 0.000228511 3.62703e-05 2.73542e-06 1.21975e-07 3.99105e-09 1.19978e-10 4.15392e-12 2.048e-13 1.72618e-14 2.86083e-15 1.01794e-15 8.02755e-16 1.37089e-15 4.71659e-15 2.92463e-14 2.84565e-13 3.72989e-12 5.64278e-11 8.5079e-10 1.11954e-08 1.14616e-07 8.33919e-07 4.11143e-06 1.40921e-05 3.74204e-05 8.78398e-05 0.000191878 0.00036431 0.000536792 0.000579772 0.000472732 0.000312313 0.00017703 8.78127e-05 3.7179e-05 1.2197e-05 2.21575e-06 0 
0 0.000303963 0.000624151 0.000381739 9.53433e-05 1.23018e-05 1.00707e-06 6.31868e-08 3.66893e-09 2.37669e-10 2.0459e-11 2.72029e-12 6.2687e-13 2.69145e-13 2.20998e-13 3.40457e-13 9.27105e-13 4.06977e-12 2.56727e-11 2.04842e-10 1.8124e-09 1.5602e-08 1.14616e-07 6.26241e-07 2.21356e-06 4.62868e-06 6.21047e-06 7.47259e-06 1.2269e-05 3.14224e-05 9.48084e-05 0.000225273 0.000341182 0.000335511 0.000241685 0.000141855 7.12661e-05 3.03044e-05 9.95568e-06 1.80938e-06 0 
0 0.000274946 0.000683057 0.000578615 0.000220959 4.66737e-05 6.61963e-06 7.46572e-07 7.84234e-08 8.93469e-09 1.27141e-09 2.55086e-10 7.91643e-11 4.02802e-11 3.43148e-11 4.81884e-11 1.06289e-10 3.41649e-10 1.45662e-09 7.40732e-09 4.00869e-08 2.03734e-07 8.33919e-07 2.21356e-06 2.8311e-06 1.34826e-06 2.8097e-07 6.56843e-08 6.18742e-08 3.47486e-07 4.57001e-06 4.06717e-05 0.000140249 0.00020662 0.000176002 0.00010986 5.63502e-05 2.41208e-05 7.94029e-06 1.44397e-06 0 
0 0.000237173 0.000690085 0.000778383 0.000438699 0.000144971 3.34655e-05 6.30647e-06 1.11112e-06 2.07142e-07 4.57105e-08 1.31367e-08 5.28863e-09 3.12212e-09 2.74746e-09 3.5594e-09 6.53222e-09 1.59925e-08 4.83929e-08 1.65615e-07 5.78605e-07 1.80929e-06 4.11143e-06 4.62868e-06 1.34826e-06 5.04511e-08 3.01228e-10 2.70775e-12 9.63683e-13 3.79865e-11 1.38703e-08 2.05035e-06 3.56123e-05 0.000107796 0.000120359 8.22732e-05 4.34152e-05 1.87422e-05 6.18496e-06 1.12555e-06 0 
0 0.0001949 0.00064107 0.000915502 0.00072757 0.000359919 0.00012766 3.74201e-05 1.0233e-05 2.8944e-06 9.25713e-07 3.60584e-07 1.80947e-07 1.2116e-07 1.09611e-07 1.32662e-07 2.08413e-07 4.05286e-07 9.1722e-07 2.24103e-06 5.37163e-06 1.09077e-05 1.40921e-05 6.21047e-06 2.8097e-07 3.01228e-10 9.35699e-15 4.64453e-16 2.1492e-15 5.3652e-17 3.24746e-12 3.4611e-08 6.28915e-06 5.04874e-05 7.90403e-05 6.00037e-05 3.26464e-05 1.42153e-05 4.70229e-06 8.56293e-07 0 
0 0.00015273 0.000548763 0.000937582 0.000989683 0.000698131 0.000362203 0.00015542 6.15179e-05 2.45847e-05 1.06746e-05 5.33834e-06 3.21022e-06 2.38386e-06 2.20641e-06 2.52587e-06 3.49381e-06 5.62576e-06 1.00327e-05 1.85808e-05 3.26301e-05 4.63202e-05 3.74204e-05 7.47259e-06 6.56843e-08 2.70775e-12 4.64453e-16 2.59434e-17 6.99477e-17 2.91397e-17 1.44507e-15 8.7968e-10 1.35463e-06 2.54198e-05 5.24994e-05 4.31968e-05 2.40265e-05 1.05237e-05 3.48659e-06 6.35174e-07 0 
0 0.000114397 0.000435908 0.00084327 0.00110132 0.00104001 0.000751182 0.000449736 0.000244061 0.00013001 7.24584e-05 4.43466e-05 3.08442e-05 2.48875e-05 2.34638e-05 2.56983e-05 3.21162e-05 4.44842e-05 6.55818e-05 9.73679e-05 0.000133841 0.000145649 8.78398e-05 1.2269e-05 6.18742e-08 9.63683e-13 2.1492e-15 6.99479e-17 9.4048e-18 8.44761e-18 1.59715e-16 2.8325e-10 7.43338e-07 1.70249e-05 3.72533e-05 3.10837e-05 1.73409e-05 7.59985e-06 2.51814e-06 4.58753e-07 0 
0 8.21159e-05 0.000324363 0.000678403 0.00102149 0.00119467 0.00112616 0.000895969 0.000639091 0.00043525 0.00029893 0.000215962 0.000169019 0.000145828 0.000139593 0.000147675 0.000170326 0.000209354 0.00026538 0.000331198 0.000378819 0.000348107 0.000191878 3.14224e-05 3.47486e-07 3.79865e-11 5.36519e-17 2.91397e-17 8.4476e-18 4.00461e-17 2.25514e-14 2.21114e-09 1.28803e-06 1.60574e-05 2.8583e-05 2.23838e-05 1.22588e-05 5.34451e-06 1.76826e-06 3.2201e-07 0 
0 5.65922e-05 0.000228125 0.000498815 0.000817228 0.00109543 0.00124434 0.0012316 0.00109962 0.000922694 0.000757832 0.000630605 0.000545329 0.0004979 0.000483141 0.000497301 0.000537675 0.000600116 0.000674156 0.000735614 0.000739341 0.000623963 0.00036431 9.48084e-05 4.57001e-06 1.38703e-08 3.24746e-12 1.44507e-15 1.59715e-16 2.25514e-14 8.28641e-11 8.36263e-08 4.0523e-06 1.81248e-05 2.26715e-05 1.59188e-05 8.44462e-06 3.64845e-06 1.20406e-06 2.19112e-07 0 
0 3.7453e-05 0.000152579 0.000341428 0.000584968 0.000845722 0.00107347 0.00122405 0.0012806 0.00125879 0.00119239 0.00111457 0.00104798 0.00100419 0.000986856 0.00099449 0.00102132 0.00105644 0.00108202 0.00107222 0.000994701 0.000818275 0.000536792 0.000225273 4.06717e-05 2.05035e-06 3.4611e-08 8.7968e-10 2.8325e-10 2.21114e-09 8.36263e-08 1.90971e-06 1.09407e-05 1.94374e-05 1.74014e-05 1.09615e-05 5.62574e-06 2.40707e-06 7.9216e-07 1.44041e-07 0 
0 2.37528e-05 9.72631e-05 0.000220065 0.000385212 0.000577962 0.000776432 0.000955953 0.00109656 0.00118951 0.00123854 0.00125555 0.00125445 0.0012464 0.00123771 0.00122949 0.00121808 0.00119592 0.00115279 0.00107757 0.000960213 0.000793918 0.000579772 0.000341182 0.000140249 3.56123e-05 6.28915e-06 1.35463e-06 7.43338e-07 1.28803e-06 4.0523e-06 1.09407e-05 1.7591e-05 1.73589e-05 1.23602e-05 7.18981e-06 3.59599e-06 1.52635e-06 5.01112e-07 9.10538e-08 0 
0 1.4365e-05 5.89589e-05 0.000134055 0.000236881 0.000361282 0.000497906 0.000635305 0.000762048 0.000869185 0.000951926 0.00100974 0.00104499 0.00106109 0.00106082 0.00104554 0.00101508 0.000968279 0.000903808 0.000821002 0.000720293 0.000603223 0.000472732 0.000335511 0.00020662 0.000107796 5.04874e-05 2.54198e-05 1.70249e-05 1.60574e-05 1.81248e-05 1.94374e-05 1.73589e-05 1.27555e-05 8.01547e-06 4.4478e-06 2.18832e-06 9.2383e-07 3.02778e-07 5.49865e-08 0 
0 8.21272e-06 3.37413e-05 7.68746e-05 0.000136366 0.00020937 0.000291566 0.000377546 0.000461474 0.00053791 0.000602533 0.000652538 0.000686604 0.000704531 0.0007068 0.000694223 0.000667808 0.000628794 0.000578768 0.000519723 0.000453983 0.000384016 0.000312313 0.000241685 0.000176002 0.000120359 7.90403e-05 5.24994e-05 3.72533e-05 2.8583e-05 2.26715e-05 1.74014e-05 1.23602e-05 8.01547e-06 4.75377e-06 2.57594e-06 1.25608e-06 5.28596e-07 1.73059e-07 3.14177e-08 0 
0 4.37479e-06 1.79807e-05 4.09994e-05 7.28365e-05 0.000112113 0.000156741 0.000204093 0.000251252 0.00029532 0.000333713 0.000364392 0.000385977 0.00039776 0.000399641 0.00039203 0.000375771 0.000352059 0.000322365 0.000288342 0.000251702 0.000214097 0.00017703 0.000141855 0.00010986 8.22732e-05 6.00037e-05 4.31968e-05 3.10837e-05 2.23838e-05 1.59188e-05 1.09615e-05 7.18981e-06 4.4478e-06 2.57594e-06 1.38111e-06 6.7056e-07 2.81732e-07 9.21832e-08 1.67319e-08 0 
0 2.11775e-06 8.70547e-06 1.98562e-05 3.52943e-05 5.43759e-05 7.61271e-05 9.93196e-05 0.000122577 0.0001445 0.000163794 0.000179378 0.00019046 0.000196583 0.000197626 0.000193782 0.000185519 0.000173516 0.000158608 0.000141702 0.000123715 0.000105502 8.78127e-05 7.12661e-05 5.63502e-05 4.34152e-05 3.26464e-05 2.40265e-05 1.73409e-05 1.22588e-05 8.44462e-06 5.62574e-06 3.59599e-06 2.18832e-06 1.25608e-06 6.7056e-07 3.24957e-07 1.36425e-07 4.46253e-08 8.09895e-09 0 
0 8.88644e-07 3.65318e-06 8.3334e-06 1.48154e-05 2.28325e-05 3.1981e-05 4.17516e-05 5.15717e-05 6.08548e-05 6.90514e-05 7.56946e-05 8.04355e-05 8.30654e-05 8.35232e-05 8.1889e-05 7.83669e-05 7.32579e-05 6.69287e-05 5.9777e-05 5.2199e-05 4.45612e-05 3.7179e-05 3.03044e-05 2.41208e-05 1.87422e-05 1.42153e-05 1.05237e-05 7.59985e-06 5.34451e-06 3.64845e-06 2.40707e-06 1.52635e-06 9.2383e-07 5.28596e-07 2.81732e-07 1.36425e-07 5.72554e-08 1.8726e-08 3.39837e-09 0 
0 2.9062e-07 1.19475e-06 2.7255e-06 4.84582e-06 7.46881e-06 1.0463e-05 1.36625e-05 1.68805e-05 1.99253e-05 2.26164e-05 2.47999e-05 2.63599e-05 2.72264e-05 2.73783e-05 2.68418e-05 2.56844e-05 2.40062e-05 2.1929e-05 1.95844e-05 1.71035e-05 1.46067e-05 1.2197e-05 9.95568e-06 7.94029e-06 6.18496e-06 4.70229e-06 3.48659e-06 2.51814e-06 1.76826e-06 1.20406e-06 7.9216e-07 5.01112e-07 3.02778e-07 1.73059e-07 9.21832e-08 4.46253e-08 1.8726e-08 6.12422e-09 1.11139e-09 0 
0 5.27396e-08 2.16816e-07 4.94614e-07 8.79421e-07 1.35549e-06 1.899e-06 2.47986e-06 3.0642e-06 3.61724e-06 4.10621e-06 4.50307e-06 4.7867e-06 4.94431e-06 4.97201e-06 4.87453e-06 4.6642e-06 4.35925e-06 3.9819e-06 3.55614e-06 3.1058e-06 2.65278e-06 2.21575e-06 1.80938e-06 1.44397e-06 1.12555e-06 8.56293e-07 6.35174e-07 4.58753e-07 3.2201e-07 2.19112e-07 1.44041e-07 9.10538e-08 5.49865e-08 3.14177e-08 1.67319e-08 8.09895e-09 3.39837e-09 1.11139e-09 2.01686e-10 0 
0 0 0 0 0 0 0 0 0 0 0 0 0 0 0 0 0 0 0 0 0 0 0 0 0 0 0 0 0 0 0 0 0 0 0 0 0 0 0 0 0 
