0 0 0 0 0 0 0 0 0 0 0 0 0 0 0 0 0 0 0 0 0 0 0 0 0 0 0 0 0 0 0 0 0 0 0 0 0 0 0 0 0 
0 1.37345e-05 5.61716e-05 0.000126831 0.000221371 0.000331123 0.000444027 0.000547453 0.000631842 0.000693097 0.000732454 0.000754478 0.000764651 0.000767612 0.000766291 0.00076171 0.000753179 0.000738722 0.000715698 0.000681597 0.000634921 0.000575927 0.000506946 0.000432068 0.00035626 0.000284248 0.000219633 0.000164491 0.000119456 8.40865e-05 5.72887e-05 3.76767e-05 2.38181e-05 1.43824e-05 8.21689e-06 4.37568e-06 2.11792e-06 8.88671e-07 2.90623e-07 5.27398e-08 0 
0 5.61716e-05 0.000228009 0.000506641 0.000857772 0.00121902 0.00151516 0.0016907 0.00173583 0.00168277 0.00158041 0.00147123 0.00138235 0.00132728 0.00131069 0.00133226 0.00138813 0.00147055 0.00156652 0.00165675 0.00171701 0.00172293 0.00165797 0.0015206 0.00132611 0.00110095 0.000873146 0.000664363 0.000486793 0.000344264 0.000235087 0.000154772 9.78877e-05 5.91201e-05 3.37788e-05 1.79885e-05 8.70691e-06 3.6534e-06 1.19478e-06 2.16818e-07 0 
0 0.000126831 0.000506641 0.00108671 0.00171838 0.00217772 0.00229221 0.00207276 0.00168172 0.00128606 0.000971913 0.000755378 0.000622112 0.000553525 0.000536876 0.000567315 0.000647282 0.00078487 0.000990401 0.00126926 0.00160987 0.00197045 0.00227628 0.00244113 0.00240953 0.00218915 0.00184384 0.00145551 0.00108873 0.000778244 0.000534184 0.000352503 0.000223165 0.000134836 7.70518e-05 4.10354e-05 1.98626e-05 8.33436e-06 2.72561e-06 4.9462e-07 0 
0 0.000221371 0.000857772 0.00171838 0.00238295 0.00244144 0.00192198 0.00123517 0.000701383 0.000381444 0.000213233 0.000129684 8.9475e-05 7.19227e-05 6.81383e-05 7.58758e-05 9.78062e-05 0.000142271 0.000225982 0.000377542 0.000637668 0.00104648 0.0016068 0.00223347 0.00274471 0.00295348 0.0028 0.0023815 0.00185885 0.00135846 0.00094235 0.000624771 0.000396308 0.000239633 0.000136977 7.29576e-05 3.53154e-05 1.48185e-05 4.84616e-06 8.79442e-07 0 
0 0.000331123 0.00121902 0.00217772 0.00244144 0.00181372 0.000954473 0.000395422 0.000144931 5.23143e-05 2.03822e-05 9.23644e-06 5.14985e-06 3.66255e-06 3.37314e-06 4.00226e-06 5.97742e-06 1.08213e-05 2.26373e-05 5.18736e-05 0.000123253 0.000287845 0.000628251 0.0012232 0.00204037 0.00283546 0.00326001 0.00315516 0.00265911 0.00202408 0.00143184 0.000957534 0.000609546 0.000369076 0.000211075 0.000112444 5.44323e-05 2.28406e-05 7.46969e-06 1.35554e-06 0 
0 0.000444027 0.00151516 0.00229221 0.00192198 0.000954473 0.000314605 7.97647e-05 1.79758e-05 4.10315e-06 1.06423e-06 3.45446e-07 1.51113e-07 9.34441e-08 8.33074e-08 1.0624e-07 1.87614e-07 4.35451e-07 1.24377e-06 4.06505e-06 1.41242e-05 4.86684e-05 0.000156199 0.000441672 0.00104693 0.00199364 0.00296996 0.00347099 0.00329653 0.00268077 0.00195892 0.00132901 0.000851005 0.000516437 0.000295592 0.000157512 7.62561e-05 3.19992e-05 1.0465e-05 1.89911e-06 0 
0 0.000547453 0.0016907 0.00207276 0.00123517 0.000395422 7.97647e-05 1.20936e-05 1.62954e-06 2.28098e-07 3.82278e-08 8.66258e-09 2.91604e-09 1.54979e-09 1.33321e-09 1.83675e-09 3.88391e-09 1.17763e-08 4.70029e-08 2.24727e-07 1.17068e-06 6.08302e-06 2.91845e-05 0.000121178 0.000412403 0.00109683 0.00219143 0.00323335 0.00360436 0.00322035 0.00246864 0.0017114 0.00110561 0.000673202 0.000385783 0.000205657 9.95779e-05 4.17875e-05 1.36663e-05 2.48008e-06 0 
0 0.000631842 0.00173583 0.00168172 0.000701383 0.000144931 1.79758e-05 1.62954e-06 1.30657e-07 1.1136e-08 1.19675e-09 1.87998e-10 4.84269e-11 2.2038e-11 1.82636e-11 2.71965e-11 6.9037e-11 2.74626e-10 1.54014e-09 1.08376e-08 8.51298e-08 6.69793e-07 4.80739e-06 2.9185e-05 0.000141276 0.000519776 0.00139319 0.00263829 0.00354357 0.00356123 0.00290695 0.00207479 0.00135662 0.000829835 0.000476318 0.00025406 0.000123037 5.16347e-05 1.68871e-05 3.06458e-06 0 
0 0.000693097 0.00168277 0.00128606 0.000381444 5.23143e-05 4.10315e-06 2.28098e-07 1.1136e-08 5.89982e-10 4.13873e-11 4.57133e-12 9.09975e-13 3.56388e-13 2.84593e-13 4.56061e-13 1.37802e-12 7.10681e-12 5.51981e-11 5.62476e-10 6.54845e-09 7.66316e-08 8.07591e-07 7.02367e-06 4.72444e-05 0.000234312 0.000823419 0.00198014 0.00321999 0.00368463 0.00323643 0.00239258 0.00158774 0.000976716 0.000561752 0.000299831 0.000145234 6.09546e-05 1.99356e-05 3.61782e-06 0 
0 0.000732454 0.00158041 0.000971913 0.000213233 2.03822e-05 1.06423e-06 3.82278e-08 1.19675e-09 4.13873e-11 1.97909e-12 1.59212e-13 2.51165e-14 8.58411e-15 6.61964e-15 1.13121e-14 3.99078e-14 2.59512e-13 2.69745e-12 3.83014e-11 6.34573e-10 1.06019e-08 1.5763e-07 1.88985e-06 1.7013e-05 0.000109545 0.000486609 0.00144288 0.00279761 0.00363644 0.00344682 0.00264658 0.00178519 0.0011051 0.000637015 0.000340257 0.000164856 6.91949e-05 2.26312e-05 4.10703e-06 0 
0 0.000754478 0.00147123 0.000755378 0.000129684 9.23644e-06 3.45446e-07 8.66258e-09 1.87998e-10 4.57133e-12 1.59212e-13 9.8482e-15 1.28022e-15 3.90287e-16 2.91833e-16 5.24829e-16 2.10027e-15 1.65129e-14 2.18071e-13 4.06916e-12 9.01904e-11 2.02187e-09 3.99487e-08 6.24274e-07 7.14189e-06 5.68919e-05 0.00030527 0.00107182 0.00240509 0.003495 0.00355352 0.00282933 0.00193918 0.00120794 0.000697846 0.000373029 0.000180777 7.58832e-05 2.48192e-05 4.50414e-06 0 
0 0.000764651 0.00138235 0.000622112 8.9475e-05 5.14985e-06 1.51113e-07 2.91604e-09 4.84269e-11 9.09975e-13 2.51165e-14 1.28022e-15 1.44188e-16 4.03392e-17 2.94161e-17 5.47722e-17 2.3977e-16 2.16136e-15 3.39495e-14 7.72753e-13 2.11793e-11 5.88714e-10 1.4327e-08 2.71935e-07 3.70872e-06 3.45126e-05 0.000212386 0.00084273 0.00210607 0.00333377 0.00358583 0.00294248 0.00204436 0.00128033 0.00074111 0.000396416 0.000192152 8.06631e-05 2.63831e-05 4.78799e-06 0 
0 0.000767612 0.00132728 0.000553525 7.19227e-05 3.66255e-06 9.34441e-08 1.54979e-09 2.2038e-11 3.56388e-13 8.58411e-15 3.90287e-16 4.03392e-17 1.0703e-17 7.66524e-18 1.45117e-17 6.66983e-17 6.48985e-16 1.12475e-14 2.86857e-13 8.88624e-12 2.7984e-10 7.6907e-09 1.63595e-07 2.47421e-06 2.52354e-05 0.000168387 0.000718491 0.00191665 0.00320149 0.00357297 0.00299267 0.0020991 0.00131969 0.000764977 0.000409382 0.000198468 8.3319e-05 2.72522e-05 4.94574e-06 0 
0 0.000766291 0.00131069 0.000536876 6.81383e-05 3.37314e-06 8.33074e-08 1.33321e-09 1.82636e-11 2.84593e-13 6.61964e-15 2.91833e-16 2.94161e-17 7.66524e-18 5.43416e-18 1.02675e-17 4.7475e-17 4.68124e-16 8.27302e-15 2.16212e-13 6.88653e-12 2.23385e-10 6.32605e-09 1.3854e-07 2.15331e-06 2.25218e-05 0.000153826 0.000671268 0.00183065 0.00311965 0.00353419 0.00298689 0.00210439 0.00132556 0.00076895 0.00041162 0.000199573 8.37853e-05 2.7405e-05 4.97349e-06 0 
0 0.00076171 0.00133226 0.000567315 7.58758e-05 4.00226e-06 1.0624e-07 1.83675e-09 2.71965e-11 4.56061e-13 1.13121e-14 5.24829e-16 5.47722e-17 1.45117e-17 1.02675e-17 1.9021e-17 8.4888e-17 7.97622e-16 1.33079e-14 3.26505e-13 9.74282e-12 2.96418e-10 7.90273e-09 1.63864e-07 2.42815e-06 2.43935e-05 0.000161221 0.000685548 0.00183406 0.00308686 0.00347471 0.00292946 0.00206269 0.00129928 0.000753775 0.000403524 0.000195654 8.21416e-05 2.68676e-05 4.87597e-06 0 
0 0.000753179 0.00138813 0.000647282 9.78062e-05 5.97742e-06 1.87614e-07 3.88391e-09 6.9037e-11 1.37802e-12 3.99078e-14 2.10027e-15 2.3977e-16 6.66983e-17 4.7475e-17 8.4888e-17 3.52218e-16 2.98203e-15 4.37783e-14 9.30545e-13 2.38811e-11 6.25018e-10 1.44294e-08 2.6209e-07 3.45289e-06 3.135e-05 0.000190306 0.000754279 0.00190754 0.00308249 0.00338594 0.00282119 0.00197736 0.0012437 0.000721264 0.000386096 0.000187205 7.85954e-05 2.57078e-05 4.66551e-06 0 
0 0.000738722 0.00147055 0.00078487 0.000142271 1.08213e-05 4.35451e-07 1.17763e-08 2.74626e-10 7.10681e-12 2.59512e-13 1.65129e-14 2.16136e-15 6.48985e-16 4.68124e-16 7.97622e-16 2.98203e-15 2.16999e-14 2.64053e-13 4.54068e-12 9.31309e-11 1.94603e-09 3.61796e-08 5.3783e-07 5.92424e-06 4.60612e-05 0.000245217 0.000871484 0.00202022 0.00306791 0.00324863 0.00266036 0.00185245 0.00116282 0.00067406 0.000360816 0.000174954 7.34538e-05 2.40264e-05 4.3604e-06 0 
0 0.000715698 0.00156652 0.000990401 0.000225982 2.26373e-05 1.24377e-06 4.70029e-08 1.54014e-09 5.51981e-11 2.69745e-12 2.18071e-13 3.39495e-14 1.12475e-14 8.27302e-15 1.33079e-14 4.37783e-14 2.64053e-13 2.54265e-12 3.35268e-11 5.18605e-10 8.15106e-09 1.15066e-07 1.3238e-06 1.15805e-05 7.36468e-05 0.000330526 0.00102012 0.00211939 0.00298803 0.00303751 0.00244447 0.00169269 0.0010614 0.000615348 0.000329474 0.000159784 6.70905e-05 2.19458e-05 3.98286e-06 0 
0 0.000681597 0.00165675 0.00126926 0.000377542 5.18736e-05 4.06505e-06 2.24727e-07 1.08376e-08 5.62476e-10 3.83014e-11 4.06916e-12 7.72753e-13 2.86857e-13 2.16212e-13 3.26505e-13 9.30545e-13 4.54068e-12 3.35268e-11 3.26632e-10 3.65753e-09 4.14128e-08 4.24824e-07 3.62193e-06 2.41355e-05 0.000120781 0.000441848 0.00115498 0.00212324 0.00277693 0.00272617 0.00217118 0.00150305 0.000944479 0.000548534 0.000294 0.00014265 5.99091e-05 1.95984e-05 3.55695e-06 0 
0 0.000634921 0.00171701 0.00160987 0.000637668 0.000123253 1.41242e-05 1.17068e-06 8.51298e-08 6.54845e-09 6.34573e-10 9.01904e-11 2.11793e-11 8.88624e-12 6.88653e-12 9.74282e-12 2.38811e-11 9.31309e-11 5.18605e-10 3.65753e-09 2.89503e-08 2.29885e-07 1.6636e-06 1.01764e-05 4.98987e-05 0.000189692 0.000548164 0.00118932 0.00192878 0.00236937 0.00229006 0.00183736 0.00128763 0.000816734 0.000476917 0.000256292 0.000124498 5.23097e-05 1.71154e-05 3.1065e-06 0 
0 0.000575927 0.00172293 0.00197045 0.00104648 0.000287845 4.86684e-05 6.08302e-06 6.69793e-07 7.66316e-08 1.06019e-08 2.02187e-09 5.88714e-10 2.7984e-10 2.23385e-10 2.96418e-10 6.25018e-10 1.94603e-09 8.15106e-09 4.14128e-08 2.29885e-07 1.26491e-06 6.34428e-06 2.71502e-05 9.46687e-05 0.000262317 0.000575242 0.00101099 0.0014509 0.00172386 0.0017106 0.00143758 0.00104833 0.000681872 0.00040341 0.00021808 0.000106194 4.46603e-05 1.46174e-05 2.65341e-06 0 
0 0.000506946 0.00165797 0.00227628 0.0016068 0.000628251 0.000156199 2.91845e-05 4.80739e-06 8.07591e-07 1.5763e-07 3.99487e-08 1.4327e-08 7.6907e-09 6.32605e-09 7.90273e-09 1.44294e-08 3.61796e-08 1.15066e-07 4.24824e-07 1.6636e-06 6.34428e-06 2.1842e-05 6.37404e-05 0.000150603 0.000282901 0.000433361 0.000580944 0.000735712 0.000898881 0.00100841 0.000972435 0.00078593 0.000542629 0.00033045 0.000180848 8.84823e-05 3.72753e-05 1.22074e-05 2.21636e-06 0 
0 0.000432068 0.0015206 0.00244113 0.00223347 0.0012232 0.000441672 0.000121178 2.9185e-05 7.02367e-06 1.88985e-06 6.24274e-07 2.71935e-07 1.63595e-07 1.3854e-07 1.63864e-07 2.6209e-07 5.3783e-07 1.3238e-06 3.62193e-06 1.01764e-05 2.71502e-05 6.37404e-05 0.000122183 0.000178564 0.000192791 0.000165252 0.000139633 0.000149944 0.00021851 0.000355063 0.000492497 0.00051046 0.00040263 0.000260273 0.000145838 7.19629e-05 3.04036e-05 9.96628e-06 1.80999e-06 0 
0 0.00035626 0.00132611 0.00240953 0.00274471 0.00204037 0.00104693 0.000412403 0.000141276 4.72444e-05 1.7013e-05 7.14189e-06 3.70872e-06 2.47421e-06 2.15331e-06 2.42815e-06 3.45289e-06 5.92424e-06 1.15805e-05 2.41355e-05 4.98987e-05 9.46687e-05 0.000150603 0.000178564 0.000135379 5.7981e-05 1.58444e-05 4.97317e-06 3.94496e-06 9.9261e-06 4.31108e-05 0.000144848 0.000261482 0.000270626 0.000195584 0.000114129 5.7088e-05 2.42237e-05 7.95106e-06 1.44458e-06 0 
0 0.000284248 0.00110095 0.00218915 0.00295348 0.00283546 0.00199364 0.00109683 0.000519776 0.000234312 0.000109545 5.68919e-05 3.45126e-05 2.52354e-05 2.25218e-05 2.43935e-05 3.135e-05 4.60612e-05 7.36468e-05 0.000120781 0.000189692 0.000262317 0.000282901 0.000192791 5.7981e-05 5.14839e-06 1.54863e-07 6.41399e-09 2.84445e-09 2.51548e-08 9.22743e-07 1.89338e-05 9.77352e-05 0.000162145 0.000139948 8.66693e-05 4.41649e-05 1.88445e-05 6.19542e-06 1.12613e-06 0 
0 0.000219633 0.000873146 0.00184384 0.0028 0.00326001 0.00296996 0.00219143 0.00139319 0.000823419 0.000486609 0.00030527 0.000212386 0.000168387 0.000153826 0.000161221 0.000190306 0.000245217 0.000330526 0.000441848 0.000548164 0.000575242 0.000433361 0.000165252 1.58444e-05 1.54863e-07 1.70711e-10 3.11817e-13 5.75303e-14 3.8304e-12 3.94598e-09 1.24294e-06 2.88579e-05 8.9908e-05 9.66963e-05 6.41347e-05 3.33444e-05 1.43087e-05 4.71166e-06 8.56805e-07 0 
0 0.000164491 0.000664363 0.00145551 0.0023815 0.00315516 0.00347099 0.00323335 0.00263829 0.00198014 0.00144288 0.00107182 0.00084273 0.000718491 0.000671268 0.000685548 0.000754279 0.000871484 0.00102012 0.00115498 0.00118932 0.00101099 0.000580944 0.000139633 4.97317e-06 6.41399e-09 3.11817e-13 4.47342e-17 1.6232e-17 1.063e-15 2.62968e-11 1.06422e-07 9.64242e-06 5.17958e-05 6.66807e-05 4.66312e-05 2.46032e-05 1.05998e-05 3.49412e-06 6.35581e-07 0 
0 0.000119456 0.000486793 0.00108873 0.00185885 0.00265911 0.00329653 0.00360436 0.00354357 0.00321999 0.00279761 0.00240509 0.00210607 0.00191665 0.00183065 0.00183406 0.00190754 0.00202022 0.00211939 0.00212324 0.00192878 0.0014509 0.000735712 0.000149944 3.94496e-06 2.84445e-09 5.75303e-14 1.6232e-17 5.44607e-19 1.16917e-16 5.89727e-12 4.57686e-08 5.81473e-06 3.55016e-05 4.75108e-05 3.35674e-05 1.77554e-05 7.65424e-06 2.5235e-06 4.59042e-07 0 
0 8.40865e-05 0.000344264 0.000778244 0.00135846 0.00202408 0.00268077 0.00322035 0.00356123 0.00368463 0.00363644 0.003495 0.00333377 0.00320149 0.00311965 0.00308686 0.00308249 0.00306791 0.00298803 0.00277693 0.00236937 0.00172386 0.000898881 0.00021851 9.9261e-06 2.51548e-08 3.8304e-12 1.063e-15 1.16917e-16 1.92644e-14 1.14439e-10 1.48165e-07 7.2323e-06 2.99868e-05 3.52263e-05 2.39273e-05 1.25149e-05 5.37822e-06 1.77161e-06 3.22191e-07 0 
0 5.72887e-05 0.000235087 0.000534184 0.00094235 0.00143184 0.00195892 0.00246864 0.00290695 0.00323643 0.00344682 0.00355352 0.00358583 0.00357297 0.00353419 0.00347471 0.00338594 0.00324863 0.00303751 0.00272617 0.00229006 0.0017106 0.00100841 0.000355063 4.31108e-05 9.22743e-07 3.94598e-09 2.62968e-11 5.89727e-12 1.14439e-10 1.84801e-08 1.29903e-06 1.30206e-05 2.8101e-05 2.63876e-05 1.6733e-05 8.57956e-06 3.66647e-06 1.20588e-06 2.19212e-07 0 
0 3.76767e-05 0.000154772 0.000352503 0.000624771 0.000957534 0.00132901 0.0017114 0.00207479 0.00239258 0.00264658 0.00282933 0.00294248 0.00299267 0.00298689 0.00292946 0.00282119 0.00266036 0.00244447 0.00217118 0.00183736 0.00143758 0.000972435 0.000492497 0.000144848 1.89338e-05 1.24294e-06 1.06422e-07 4.57686e-08 1.48165e-07 1.29903e-06 8.174e-06 2.10122e-05 2.5184e-05 1.91234e-05 1.13229e-05 5.68635e-06 2.41536e-06 7.93019e-07 1.44089e-07 0 
0 2.38181e-05 9.78877e-05 0.000223165 0.000396308 0.000609546 0.000851005 0.00110561 0.00135662 0.00158774 0.00178519 0.00193918 0.00204436 0.0020991 0.00210439 0.00206269 0.00197736 0.00185245 0.00169269 0.00150305 0.00128763 0.00104833 0.00078593 0.00051046 0.000261482 9.77352e-05 2.88579e-05 9.64242e-06 5.81473e-06 7.2323e-06 1.30206e-05 2.10122e-05 2.40308e-05 1.98112e-05 1.30096e-05 7.32481e-06 3.61925e-06 1.52965e-06 5.01465e-07 9.10743e-08 0 
0 1.43824e-05 5.91201e-05 0.000134836 0.000239633 0.000369076 0.000516437 0.000673202 0.000829835 0.000976716 0.0011051 0.00120794 0.00128033 0.00131969 0.00132556 0.00129928 0.0012437 0.00116282 0.0010614 0.000944479 0.000816734 0.000681872 0.000542629 0.00040263 0.000270626 0.000162145 8.9908e-05 5.17958e-05 3.55016e-05 2.99868e-05 2.8101e-05 2.5184e-05 1.98112e-05 1.35432e-05 8.21672e-06 4.49056e-06 2.19599e-06 9.24965e-07 3.02904e-07 5.49942e-08 0 
0 8.21689e-06 3.37788e-05 7.70518e-05 0.000136977 0.000211075 0.000295592 0.000385783 0.000476318 0.000561752 0.000637015 0.000697846 0.00074111 0.000764977 0.00076895 0.000753775 0.000721264 0.00067406 0.000615348 0.000548534 0.000476917 0.00040341 0.00033045 0.000260273 0.000195584 0.000139948 9.66963e-05 6.66807e-05 4.75108e-05 3.52263e-05 2.63876e-05 1.91234e-05 1.30096e-05 8.21672e-06 4.80611e-06 2.58753e-06 1.25826e-06 5.28935e-07 1.73098e-07 3.14202e-08 0 
0 4.37568e-06 1.79885e-05 4.10354e-05 7.29576e-05 0.000112444 0.000157512 0.000205657 0.00025406 0.000299831 0.000340257 0.000373029 0.000396416 0.000409382 0.00041162 0.000403524 0.000386096 0.000360816 0.000329474 0.000294 0.000256292 0.00021808 0.000180848 0.000145838 0.000114129 8.66693e-05 6.41347e-05 4.66312e-05 3.35674e-05 2.39273e-05 1.6733e-05 1.13229e-05 7.32481e-06 4.49056e-06 2.58753e-06 1.38381e-06 6.71095e-07 2.8182e-07 9.21938e-08 1.67326e-08 0 
0 2.11792e-06 8.70691e-06 1.98626e-05 3.53154e-05 5.44323e-05 7.62561e-05 9.95779e-05 0.000123037 0.000145234 0.000164856 0.000180777 0.000192152 0.000198468 0.000199573 0.000195654 0.000187205 0.000174954 0.000159784 0.00014265 0.000124498 0.000106194 8.84823e-05 7.19629e-05 5.7088e-05 4.41649e-05 3.33444e-05 2.46032e-05 1.77554e-05 1.25149e-05 8.57956e-06 5.68635e-06 3.61925e-06 2.19599e-06 1.25826e-06 6.71095e-07 3.25069e-07 1.36444e-07 4.46277e-08 8.09912e-09 0 
0 8.88671e-07 3.6534e-06 8.33436e-06 1.48185e-05 2.28406e-05 3.19992e-05 4.17875e-05 5.16347e-05 6.09546e-05 6.91949e-05 7.58832e-05 8.06631e-05 8.3319e-05 8.37853e-05 8.21416e-05 7.85954e-05 7.34538e-05 6.70905e-05 5.99091e-05 5.23097e-05 4.46603e-05 3.72753e-05 3.04036e-05 2.42237e-05 1.88445e-05 1.43087e-05 1.05998e-05 7.65424e-06 5.37822e-06 3.66647e-06 2.41536e-06 1.52965e-06 9.24965e-07 5.28935e-07 2.8182e-07 1.36444e-07 5.72588e-08 1.87265e-08 3.39841e-09 0 
0 2.90623e-07 1.19478e-06 2.72561e-06 4.84616e-06 7.46969e-06 1.0465e-05 1.36663e-05 1.68871e-05 1.99356e-05 2.26312e-05 2.48192e-05 2.63831e-05 2.72522e-05 2.7405e-05 2.68676e-05 2.57078e-05 2.40264e-05 2.19458e-05 1.95984e-05 1.71154e-05 1.46174e-05 1.22074e-05 9.96628e-06 7.95106e-06 6.19542e-06 4.71166e-06 3.49412e-06 2.5235e-06 1.77161e-06 1.20588e-06 7.93019e-07 5.01465e-07 3.02904e-07 1.73098e-07 9.21938e-08 4.46277e-08 1.87265e-08 6.12428e-09 1.11139e-09 0 
0 5.27398e-08 2.16818e-07 4.9462e-07 8.79442e-07 1.35554e-06 1.89911e-06 2.48008e-06 3.06458e-06 3.61782e-06 4.10703e-06 4.50414e-06 4.78799e-06 4.94574e-06 4.97349e-06 4.87597e-06 4.66551e-06 4.3604e-06 3.98286e-06 3.55695e-06 3.1065e-06 2.65341e-06 2.21636e-06 1.80999e-06 1.44458e-06 1.12613e-06 8.56805e-07 6.35581e-07 4.59042e-07 3.22191e-07 2.19212e-07 1.44089e-07 9.10743e-08 5.49942e-08 3.14202e-08 1.67326e-08 8.09912e-09 3.39841e-09 1.11139e-09 2.01687e-10 0 
0 0 0 0 0 0 0 0 0 0 0 0 0 0 0 0 0 0 0 0 0 0 0 0 0 0 0 0 0 0 0 0 0 0 0 0 0 0 0 0 0 
