0 0 0 0 0 0 0 0 0 0 0 0 0 0 0 0 0 0 0 0 0 0 0 0 0 0 0 0 0 0 0 0 0 0 0 0 0 0 0 0 0 
0 1.31651e-05 5.11899e-05 0.00010566 0.000160802 0.000200687 0.000217911 0.000215124 0.000200063 0.00018038 0.000161341 0.000145758 0.000134758 0.000128576 0.000127087 0.000130069 0.000137259 0.000148273 0.000162434 0.000178562 0.000194821 0.000208732 0.000217463 0.00021841 0.000209949 0.000192078 0.000166629 0.000136842 0.000106433 7.85614e-05 5.51785e-05 3.69508e-05 2.35931e-05 1.43195e-05 8.20114e-06 4.37217e-06 2.11724e-06 8.8856e-07 2.90609e-07 5.27389e-08 0 
0 5.11899e-05 0.000183969 0.000326959 0.000393337 0.000359718 0.000272593 0.000184209 0.000117886 7.50372e-05 4.94754e-05 3.49229e-05 2.70506e-05 2.33554e-05 2.2616e-05 2.44872e-05 2.93163e-05 3.81308e-05 5.27094e-05 7.55853e-05 0.00010973 0.000157594 0.000219316 0.000290439 0.000360378 0.000413598 0.000434783 0.000416339 0.000363127 0.000290045 0.00021414 0.000147604 9.57034e-05 5.85251e-05 3.3634e-05 1.79572e-05 8.70101e-06 3.65247e-06 1.19467e-06 2.16811e-07 0 
0 0.00010566 0.000326959 0.000439411 0.000350467 0.000194246 8.51109e-05 3.26262e-05 1.1903e-05 4.45972e-06 1.83886e-06 8.85136e-07 5.20348e-07 3.84371e-07 3.60543e-07 4.2649e-07 6.22129e-07 1.08099e-06 2.1433e-06 4.62683e-06 1.03777e-05 2.31642e-05 4.9597e-05 9.89227e-05 0.000179752 0.000292463 0.000419792 0.000524664 0.000566264 0.000528612 0.000432585 0.00031695 0.000212329 0.000131926 7.63593e-05 4.08897e-05 1.98359e-05 8.33027e-06 2.72513e-06 4.94591e-07 0 
0 0.000160802 0.000393337 0.000350467 0.000161106 4.70101e-05 1.01401e-05 1.83308e-06 3.13511e-07 5.7183e-08 1.24405e-08 3.55384e-09 1.43452e-09 8.56696e-10 7.69542e-10 1.02712e-09 1.96161e-09 5.05893e-09 1.64009e-08 6.18105e-08 2.50433e-07 1.01482e-06 3.86709e-06 1.32083e-05 3.91184e-05 9.84954e-05 0.000208529 0.000367871 0.0005346 0.000634003 0.000616429 0.000503623 0.000358406 0.000229435 0.000134581 7.24637e-05 3.5227e-05 1.48053e-05 4.84467e-06 8.7935e-07 0 
0 0.000200687 0.000359718 0.000194246 4.70101e-05 6.40478e-06 5.82428e-07 4.17199e-08 2.80229e-09 2.10412e-10 2.0823e-11 3.12827e-12 7.94693e-13 3.65219e-13 3.11027e-13 4.81742e-13 1.28231e-12 5.37887e-12 3.1954e-11 2.39264e-10 2.00982e-09 1.70014e-08 1.32007e-07 8.74621e-07 4.70028e-06 1.99143e-05 6.59095e-05 0.000170795 0.000347221 0.000550113 0.000674106 0.000647093 0.000506855 0.000340836 0.000204441 0.000111093 5.41952e-05 2.28059e-05 7.46585e-06 1.35531e-06 0 
0 0.000217911 0.000272593 8.51109e-05 1.01401e-05 5.82428e-07 1.9731e-08 4.9063e-10 1.13402e-11 3.09408e-13 1.2467e-14 8.9915e-16 1.34488e-16 4.57907e-17 3.66863e-17 6.73744e-17 2.62281e-16 1.91858e-15 2.27537e-14 3.72784e-13 7.1919e-12 1.409e-10 2.46742e-09 3.49078e-08 3.71434e-07 2.85198e-06 1.55945e-05 6.12917e-05 0.000176621 0.000378029 0.000599061 0.000701635 0.000625888 0.000451873 0.000280221 0.000154395 7.57156e-05 3.19213e-05 1.04565e-05 1.89861e-06 0 
0 0.000215124 0.000184209 3.26262e-05 1.83308e-06 4.17199e-08 4.9063e-10 3.93279e-12 2.90491e-14 2.68336e-16 4.15018e-18 1.71484e-19 4.47399e-20 3.2658e-20 3.05401e-20 3.35547e-20 5.78241e-20 3.92518e-19 9.08922e-18 3.4409e-16 1.6155e-14 7.76774e-13 3.24625e-11 1.03478e-09 2.29183e-08 3.33649e-07 3.13013e-06 1.91357e-05 7.8763e-05 0.000226291 0.000461816 0.000667861 0.000693692 0.000548 0.00035521 0.000199428 9.85051e-05 4.16348e-05 1.36499e-05 2.47912e-06 0 
0 0.000200063 0.000117886 1.1903e-05 3.13511e-07 2.80229e-09 1.13402e-11 2.90491e-14 6.79298e-17 2.20539e-19 5.50227e-21 1.58621e-21 1.14767e-21 1.22775e-21 1.22417e-21 1.09196e-21 1.02785e-21 1.77086e-21 7.46937e-21 2.94277e-19 3.3118e-17 3.93628e-15 3.95078e-13 2.855e-11 1.32469e-09 3.68274e-08 5.9733e-07 5.71439e-06 3.35727e-05 0.000127926 0.00032999 0.000583154 0.000708677 0.000619328 0.000423122 0.0002431 0.000121152 5.13685e-05 1.68588e-05 3.06295e-06 0 
0 0.00018038 7.50372e-05 4.45972e-06 5.7183e-08 2.10412e-10 3.09408e-13 2.68336e-16 2.20539e-19 1.28031e-21 1.78665e-22 1.20634e-22 1.20437e-22 1.42137e-22 1.44729e-22 1.2211e-22 9.75646e-23 1.0109e-22 1.31959e-22 9.43459e-22 9.32365e-20 2.54514e-17 5.86758e-15 9.21577e-13 8.6253e-11 4.43349e-09 1.21131e-07 1.77732e-06 1.46548e-05 7.26511e-05 0.000231125 0.000487706 0.000685987 0.000663537 0.000479505 0.000282617 0.000142267 6.05374e-05 1.98916e-05 3.61531e-06 0 
0 0.000161341 4.94754e-05 1.83886e-06 1.24405e-08 2.0823e-11 1.2467e-14 4.15018e-18 5.50227e-21 1.78665e-22 3.12558e-23 2.09845e-23 2.25228e-23 2.66559e-23 2.71843e-23 2.28435e-23 1.73276e-23 1.39272e-23 1.23125e-23 3.72946e-23 9.65088e-22 2.8841e-19 1.37892e-16 4.31318e-14 7.52214e-12 6.67114e-10 2.8974e-08 6.22404e-07 6.94521e-06 4.34606e-05 0.000165558 0.000405189 0.000645785 0.000684958 0.000522428 0.000315852 0.00016063 6.86018e-05 2.25689e-05 4.1035e-06 0 
0 0.000145758 3.49229e-05 8.85136e-07 3.55384e-09 3.12827e-12 8.9915e-16 1.71484e-19 1.58621e-21 1.20634e-22 2.09845e-23 7.63036e-24 5.91136e-24 6.30467e-24 6.28686e-24 5.29686e-24 3.9538e-24 2.91119e-24 2.69392e-24 8.22612e-24 9.97173e-23 8.9737e-21 6.4108e-18 3.51821e-15 1.01937e-12 1.4106e-10 8.94419e-09 2.62421e-07 3.75241e-06 2.84077e-05 0.000125074 0.000343739 0.000604278 0.000691185 0.000552203 0.000341495 0.000175286 7.51127e-05 2.47386e-05 4.49958e-06 0 
0 0.000134758 2.70506e-05 5.20348e-07 1.43452e-09 7.94693e-13 1.34488e-16 4.47399e-20 1.14767e-21 1.20437e-22 2.25228e-23 5.91136e-24 2.52456e-24 1.87447e-24 1.67292e-24 1.38334e-24 1.03711e-24 8.10799e-25 1.09439e-24 4.20164e-24 3.78068e-23 1.36866e-21 7.02583e-19 5.75428e-16 2.40369e-13 4.58297e-11 3.81697e-09 1.40237e-07 2.39891e-06 2.08407e-05 0.000101778 0.000303409 0.000571176 0.000689738 0.000570459 0.000358975 0.000185598 7.97429e-05 2.62869e-05 4.78257e-06 0 
0 0.000128576 2.33554e-05 3.84371e-07 8.56696e-10 3.65219e-13 4.57907e-17 3.2658e-20 1.22775e-21 1.42137e-22 2.66559e-23 6.30467e-24 1.87447e-24 8.22051e-25 5.37186e-25 4.0431e-25 3.14039e-25 3.24237e-25 7.35774e-25 3.31392e-24 2.66833e-23 6.50064e-22 2.03018e-19 2.05951e-16 1.05826e-13 2.41896e-11 2.35088e-09 9.81061e-08 1.85764e-06 1.74474e-05 9.03315e-05 0.000281756 0.000550975 0.000686156 0.000579123 0.000368256 0.000191243 8.23034e-05 2.71461e-05 4.93976e-06 0 
0 0.000127087 2.2616e-05 3.60543e-07 7.69542e-10 3.11027e-13 3.66863e-17 3.05401e-20 1.22417e-21 1.44729e-22 2.71843e-23 6.28687e-24 1.67292e-24 5.37186e-25 2.35871e-25 1.44351e-25 1.23672e-25 2.00445e-25 6.44442e-25 3.09884e-24 2.4538e-23 5.59013e-22 1.57276e-19 1.66317e-16 8.91654e-14 2.11534e-11 2.12193e-09 9.08947e-08 1.75722e-06 1.67677e-05 8.78361e-05 0.000276472 0.000544965 0.000683414 0.000579668 0.000369606 0.000192178 8.27447e-05 2.72962e-05 4.96735e-06 0 
0 0.000130069 2.44872e-05 4.2649e-07 1.02712e-09 4.81742e-13 6.73744e-17 3.35547e-20 1.09196e-21 1.2211e-22 2.28435e-23 5.29687e-24 1.38334e-24 4.0431e-25 1.44351e-25 7.57611e-26 7.7143e-26 1.73908e-25 6.38553e-25 3.21743e-24 2.77062e-23 7.91787e-22 3.13753e-19 2.95556e-16 1.40931e-13 3.01753e-11 2.774e-09 1.10563e-07 2.01774e-06 1.84154e-05 9.32895e-05 0.000286189 0.00055255 0.000682018 0.000572776 0.000363437 0.000188599 8.11479e-05 2.67635e-05 4.87009e-06 0 
0 0.000137259 2.93163e-05 6.22129e-07 1.96161e-09 1.28231e-12 2.62281e-16 5.78241e-20 1.02785e-21 9.75646e-23 1.73276e-23 3.9538e-24 1.03711e-24 3.14039e-25 1.23672e-25 7.7143e-26 8.97937e-26 2.01914e-25 7.40401e-25 4.05116e-24 4.35921e-23 2.27596e-21 1.50707e-18 1.0728e-15 3.93635e-13 6.70014e-11 5.06669e-09 1.71868e-07 2.75748e-06 2.27898e-05 0.000107148 0.000310314 0.0005716 0.000680285 0.000558338 0.000350253 0.000180907 7.77071e-05 2.56146e-05 4.66023e-06 0 
0 0.000148273 3.81308e-05 1.08099e-06 5.05893e-09 5.37887e-12 1.91858e-15 3.92518e-19 1.77086e-21 1.0109e-22 1.39272e-23 2.91119e-24 8.10799e-25 3.24237e-25 2.00445e-25 1.73908e-25 2.01914e-25 3.60678e-25 1.1745e-24 7.61988e-24 1.41592e-22 2.23297e-20 1.52443e-17 7.09781e-15 1.77296e-12 2.15429e-10 1.22272e-08 3.27291e-07 4.34709e-06 3.10671e-05 0.000130905 0.000348123 0.000597954 0.000674645 0.00053572 0.000330667 0.000169667 7.27068e-05 2.39477e-05 4.35592e-06 0 
0 0.000162434 5.27094e-05 2.1433e-06 1.64009e-08 3.1954e-11 2.27537e-14 9.08922e-18 7.46937e-21 1.31959e-22 1.23125e-23 2.69392e-24 1.09439e-24 7.35774e-25 6.44442e-25 6.38553e-25 7.40401e-25 1.1745e-24 3.49424e-24 3.0928e-23 1.73667e-21 6.51286e-19 2.71634e-16 7.43483e-14 1.14898e-11 9.15938e-10 3.63038e-08 7.22633e-07 7.58194e-06 4.52125e-05 0.000166121 0.000396719 0.000624256 0.000660029 0.00050417 0.000305478 0.00015558 6.64946e-05 2.18827e-05 3.97924e-06 0 
0 0.000178562 7.55853e-05 4.62683e-06 6.18105e-08 2.39264e-10 3.72784e-13 3.4409e-16 2.94277e-19 9.43459e-22 3.72946e-23 8.22612e-24 4.20164e-24 3.31392e-24 3.09884e-24 3.21743e-24 4.05116e-24 7.61988e-24 3.09279e-23 7.3437e-22 1.22094e-19 3.22027e-17 7.0557e-15 1.05544e-12 9.42943e-11 4.63929e-09 1.21785e-07 1.72596e-06 1.38365e-05 6.71944e-05 0.000211404 0.000446994 0.000638484 0.000630507 0.000463268 0.000275716 0.000139442 5.94516e-05 1.95496e-05 3.55413e-06 0 
0 0.000194821 0.00010973 1.03777e-05 2.50433e-07 2.00982e-09 7.1919e-12 1.6155e-14 3.3118e-17 9.32365e-20 9.65088e-22 9.97173e-23 3.78068e-23 2.66833e-23 2.4538e-23 2.77062e-23 4.35921e-23 1.41592e-22 1.73667e-21 1.22094e-19 1.53386e-17 2.01e-15 2.21125e-13 1.73054e-11 8.54971e-10 2.48351e-08 4.142e-07 4.03956e-06 2.41954e-05 9.46602e-05 0.000254254 0.000477078 0.000623149 0.000580324 0.000413296 0.000242642 0.000122088 5.19632e-05 1.7078e-05 3.10432e-06 0 
0 0.000208732 0.000157594 2.31642e-05 1.01482e-06 1.70014e-08 1.409e-10 7.76774e-13 3.93628e-15 2.54514e-17 2.8841e-19 8.9737e-21 1.36866e-21 6.50064e-22 5.59013e-22 7.91787e-22 2.27596e-21 2.23297e-20 6.51286e-19 3.22027e-17 2.01e-15 1.28321e-13 6.98584e-12 2.79528e-10 7.37016e-09 1.20263e-07 1.20353e-06 7.70455e-06 3.38312e-05 0.000108141 0.000257131 0.000447566 0.000557502 0.000505378 0.000355436 0.000207683 0.00010434 4.43914e-05 1.45882e-05 2.65169e-06 0 
0 0.000217463 0.000219316 4.9597e-05 3.86709e-06 1.32007e-07 2.46742e-09 3.24625e-11 3.95078e-13 5.86758e-15 1.37892e-16 6.4108e-18 7.02583e-19 2.03018e-19 1.57276e-19 3.13753e-19 1.50707e-18 1.52443e-17 2.71634e-16 7.0557e-15 2.21125e-13 6.98584e-12 1.88899e-10 3.78649e-09 5.00758e-08 4.08783e-07 2.10609e-06 7.77192e-06 2.4211e-05 6.892e-05 0.000169512 0.000320089 0.000427771 0.000405442 0.000291872 0.000172345 8.69546e-05 3.70528e-05 1.21832e-05 2.21494e-06 0 
0 0.00021841 0.000290439 9.89227e-05 1.32083e-05 8.74621e-07 3.49078e-08 1.03478e-09 2.855e-11 9.21577e-13 4.31318e-14 3.51821e-15 5.75428e-16 2.05951e-16 1.66317e-16 2.95556e-16 1.0728e-15 7.09781e-15 7.43483e-14 1.05544e-12 1.73054e-11 2.79528e-10 3.78649e-09 3.62255e-08 2.04756e-07 6.05385e-07 1.01899e-06 1.45371e-06 2.93548e-06 9.99617e-06 4.15346e-05 0.000132038 0.000251166 0.000287923 0.000226027 0.000138163 7.05857e-05 3.02046e-05 9.94481e-06 1.80875e-06 0 
0 0.000209949 0.000360378 0.000179752 3.91184e-05 4.70028e-06 3.71434e-07 2.29183e-08 1.32469e-09 8.6253e-11 7.52214e-12 1.01937e-12 2.40369e-13 1.05826e-13 8.91654e-14 1.40931e-13 3.93635e-13 1.77296e-12 1.14898e-11 9.42943e-11 8.54971e-10 7.37016e-09 5.00758e-08 2.04756e-07 3.46113e-07 1.7331e-07 3.07124e-08 5.976e-09 6.07723e-09 5.30832e-08 1.27998e-06 1.93174e-05 9.50336e-05 0.000172154 0.000163025 0.000106697 5.57691e-05 2.40367e-05 7.93128e-06 1.44345e-06 0 
0 0.000192078 0.000413598 0.000292463 9.84954e-05 1.99143e-05 2.85198e-06 3.33649e-07 3.68274e-08 4.43349e-09 6.67114e-10 1.4106e-10 4.58297e-11 2.41896e-11 2.11534e-11 3.01753e-11 6.70014e-11 2.15429e-10 9.15938e-10 4.63929e-09 2.48351e-08 1.20263e-07 4.08783e-07 6.05385e-07 1.7331e-07 4.02034e-09 9.75663e-12 3.16459e-14 8.60087e-15 1.0233e-12 1.35687e-09 5.92739e-07 1.99743e-05 8.43176e-05 0.000109346 7.94629e-05 4.29033e-05 1.86697e-05 6.17735e-06 1.12512e-06 0 
0 0.000166629 0.000434783 0.000419792 0.000208529 6.59095e-05 1.55945e-05 3.13013e-06 5.9733e-07 1.21131e-07 2.8974e-08 8.94419e-09 3.81697e-09 2.35088e-09 2.12193e-09 2.774e-09 5.06669e-09 1.22272e-08 3.63038e-08 1.21785e-07 4.142e-07 1.20353e-06 2.10609e-06 1.01899e-06 3.07124e-08 9.75663e-12 4.15506e-16 2.20198e-15 1.57732e-15 1.22472e-14 6.38182e-14 4.74478e-09 2.68287e-06 3.62705e-05 7.01e-05 5.75844e-05 3.22091e-05 1.41547e-05 4.69607e-06 8.55947e-07 0 
0 0.000136842 0.000416339 0.000524664 0.000367871 0.000170795 6.12917e-05 1.91357e-05 5.71439e-06 1.77732e-06 6.22404e-07 2.62421e-07 1.40237e-07 9.81061e-08 9.08947e-08 1.10563e-07 1.71868e-07 3.27291e-07 7.22633e-07 1.72596e-06 4.03956e-06 7.70455e-06 7.77192e-06 1.45371e-06 5.976e-09 3.16459e-14 2.20198e-15 7.35046e-16 9.11292e-16 3.49136e-15 4.20231e-14 6.03554e-11 4.53497e-07 1.70215e-05 4.573e-05 4.12796e-05 2.36824e-05 1.04768e-05 3.48185e-06 6.34914e-07 0 
0 0.000106433 0.000363127 0.000566264 0.0005346 0.000347221 0.000176621 7.8763e-05 3.35727e-05 1.46548e-05 6.94521e-06 3.75241e-06 2.39891e-06 1.85764e-06 1.75722e-06 2.01774e-06 2.75748e-06 4.34709e-06 7.58194e-06 1.38365e-05 2.41954e-05 3.38312e-05 2.4211e-05 2.93548e-06 6.07723e-09 8.60087e-15 1.57732e-15 9.11292e-16 2.64219e-15 1.1479e-14 1.75087e-13 1.61694e-11 2.36268e-07 1.1281e-05 3.24364e-05 2.97262e-05 1.71001e-05 7.56732e-06 2.51488e-06 4.58575e-07 0 
0 7.85614e-05 0.000290045 0.000528612 0.000634003 0.000550113 0.000378029 0.000226291 0.000127926 7.26511e-05 4.34606e-05 2.84077e-05 2.08407e-05 1.74474e-05 1.67677e-05 1.84154e-05 2.27898e-05 3.10671e-05 4.52125e-05 6.71944e-05 9.46602e-05 0.000108141 6.892e-05 9.99617e-06 5.30832e-08 1.0233e-12 1.22472e-14 3.49136e-15 1.1479e-14 2.128e-15 1.47613e-15 2.13941e-10 4.94227e-07 1.13309e-05 2.53975e-05 2.1543e-05 1.21121e-05 5.32472e-06 1.76627e-06 3.21901e-07 0 
0 5.51785e-05 0.00021414 0.000432585 0.000616429 0.000674106 0.000599061 0.000461816 0.00032999 0.000231125 0.000165558 0.000125074 0.000101778 9.03315e-05 8.78361e-05 9.32895e-05 0.000107148 0.000130905 0.000166121 0.000211404 0.000254254 0.000257131 0.000169512 4.15346e-05 1.27998e-06 1.35687e-09 6.38182e-14 4.20231e-14 1.75087e-13 1.47613e-15 4.21842e-12 1.84067e-08 2.12449e-06 1.4195e-05 2.08126e-05 1.54722e-05 8.36771e-06 3.63799e-06 1.203e-06 2.19053e-07 0 
0 3.69508e-05 0.000147604 0.00031695 0.000503623 0.000647093 0.000701635 0.000667861 0.000583154 0.000487706 0.000405189 0.000343739 0.000303409 0.000281756 0.000276472 0.000286189 0.000310314 0.000348123 0.000396719 0.000446994 0.000477078 0.000447566 0.000320089 0.000132038 1.93174e-05 5.92739e-07 4.74478e-09 6.03554e-11 1.61694e-11 2.13941e-10 1.84067e-08 8.56815e-07 7.62433e-06 1.68228e-05 1.65008e-05 1.07611e-05 5.59125e-06 2.40228e-06 7.91661e-07 1.44012e-07 0 
0 2.35931e-05 9.57034e-05 0.000212329 0.000358406 0.000506855 0.000625888 0.000693692 0.000708677 0.000685987 0.000645785 0.000604278 0.000571176 0.000550975 0.000544965 0.00055255 0.0005716 0.000597954 0.000624256 0.000638484 0.000623149 0.000557502 0.000427771 0.000251166 9.50336e-05 1.99743e-05 2.68287e-06 4.53497e-07 2.36268e-07 4.94227e-07 2.12449e-06 7.62433e-06 1.47909e-05 1.61217e-05 1.20085e-05 7.11422e-06 3.58275e-06 1.52446e-06 5.00908e-07 9.10419e-08 0 
0 1.43195e-05 5.85251e-05 0.000131926 0.000229435 0.000340836 0.000451873 0.000548 0.000619328 0.000663537 0.000684958 0.000691185 0.000689738 0.000686156 0.000683414 0.000682018 0.000680285 0.000674645 0.000660029 0.000630507 0.000580324 0.000505378 0.000405442 0.000287923 0.000172154 8.43176e-05 3.62705e-05 1.70215e-05 1.1281e-05 1.13309e-05 1.4195e-05 1.68228e-05 1.61217e-05 1.23329e-05 7.9039e-06 4.42368e-06 2.18395e-06 9.23178e-07 3.02705e-07 5.49821e-08 0 
0 8.20114e-06 3.3634e-05 7.63593e-05 0.000134581 0.000204441 0.000280221 0.00035521 0.000423122 0.000479505 0.000522428 0.000552203 0.000570459 0.000579123 0.000579668 0.000572776 0.000558338 0.00053572 0.00050417 0.000463268 0.000413296 0.000355436 0.000291872 0.000226027 0.000163025 0.000109346 7.01e-05 4.573e-05 3.24364e-05 2.53975e-05 2.08126e-05 1.65008e-05 1.20085e-05 7.9039e-06 4.72435e-06 2.56937e-06 1.25483e-06 5.28402e-07 1.73036e-07 3.14163e-08 0 
0 4.37217e-06 1.79572e-05 4.08897e-05 7.24637e-05 0.000111093 0.000154395 0.000199428 0.0002431 0.000282617 0.000315852 0.000341495 0.000358975 0.000368256 0.000369606 0.000363437 0.000350253 0.000330667 0.000305478 0.000275716 0.000242642 0.000207683 0.000172345 0.000138163 0.000106697 7.94629e-05 5.75844e-05 4.12796e-05 2.97262e-05 2.1543e-05 1.54722e-05 1.07611e-05 7.11422e-06 4.42368e-06 2.56937e-06 1.37958e-06 6.70254e-07 2.81682e-07 9.21771e-08 1.67315e-08 0 
0 2.11724e-06 8.70101e-06 1.98359e-05 3.5227e-05 5.41952e-05 7.57156e-05 9.85051e-05 0.000121152 0.000142267 0.00016063 0.000175286 0.000185598 0.000191243 0.000192178 0.000188599 0.000180907 0.000169667 0.00015558 0.000139442 0.000122088 0.00010434 8.69546e-05 7.05857e-05 5.57691e-05 4.29033e-05 3.22091e-05 2.36824e-05 1.71001e-05 1.21121e-05 8.36771e-06 5.59125e-06 3.58275e-06 2.18395e-06 1.25483e-06 6.70254e-07 3.24893e-07 1.36414e-07 4.46239e-08 8.09886e-09 0 
0 8.8856e-07 3.65247e-06 8.33027e-06 1.48053e-05 2.28059e-05 3.19213e-05 4.16348e-05 5.13685e-05 6.05374e-05 6.86018e-05 7.51127e-05 7.97429e-05 8.23034e-05 8.27447e-05 8.11479e-05 7.77071e-05 7.27068e-05 6.64946e-05 5.94516e-05 5.19632e-05 4.43914e-05 3.70528e-05 3.02046e-05 2.40367e-05 1.86697e-05 1.41547e-05 1.04768e-05 7.56732e-06 5.32472e-06 3.63799e-06 2.40228e-06 1.52446e-06 9.23178e-07 5.28402e-07 2.81682e-07 1.36414e-07 5.72534e-08 1.87258e-08 3.39836e-09 0 
0 2.90609e-07 1.19467e-06 2.72513e-06 4.84467e-06 7.46585e-06 1.04565e-05 1.36499e-05 1.68588e-05 1.98916e-05 2.25689e-05 2.47386e-05 2.62869e-05 2.71461e-05 2.72962e-05 2.67635e-05 2.56146e-05 2.39477e-05 2.18827e-05 1.95496e-05 1.7078e-05 1.45882e-05 1.21832e-05 9.94481e-06 7.93128e-06 6.17735e-06 4.69607e-06 3.48185e-06 2.51488e-06 1.76627e-06 1.203e-06 7.91661e-07 5.00908e-07 3.02705e-07 1.73036e-07 9.21771e-08 4.46239e-08 1.87258e-08 6.12418e-09 1.11139e-09 0 
0 5.27389e-08 2.16811e-07 4.94591e-07 8.7935e-07 1.35531e-06 1.89861e-06 2.47912e-06 3.06295e-06 3.61531e-06 4.1035e-06 4.49958e-06 4.78257e-06 4.93976e-06 4.96735e-06 4.87009e-06 4.66023e-06 4.35592e-06 3.97924e-06 3.55413e-06 3.10432e-06 2.65169e-06 2.21494e-06 1.80875e-06 1.44345e-06 1.12512e-06 8.55947e-07 6.34914e-07 4.58575e-07 3.21901e-07 2.19053e-07 1.44012e-07 9.10419e-08 5.49821e-08 3.14163e-08 1.67315e-08 8.09886e-09 3.39836e-09 1.11139e-09 2.01686e-10 0 
0 0 0 0 0 0 0 0 0 0 0 0 0 0 0 0 0 0 0 0 0 0 0 0 0 0 0 0 0 0 0 0 0 0 0 0 0 0 0 0 0 
