0 0 0 0 0 0 0 0 0 0 0 0 0 0 0 0 0 0 0 0 0 0 0 0 0 0 0 0 0 0 0 0 0 0 0 0 0 0 0 0 0 
0 1.37876e-05 5.6664e-05 0.00012918 0.000229388 0.000352764 0.000492389 0.000639485 0.000784359 0.000917642 0.00103152 0.00112054 0.00118181 0.00121452 0.00121939 0.00119795 0.00115237 0.00108537 0.00100039 0.000901678 0.000794188 0.000683212 0.000573863 0.000470547 0.000376593 0.000294106 0.000224016 0.000166279 0.000120127 8.43179e-05 5.73622e-05 3.76983e-05 2.3824e-05 1.43838e-05 8.21722e-06 4.37575e-06 2.11793e-06 8.88673e-07 2.90623e-07 5.27398e-08 0 
0 5.6664e-05 0.000232766 0.000530093 0.000939282 0.00143868 0.00199445 0.00256333 0.00309913 0.00356202 0.00392687 0.00418628 0.00434711 0.00442303 0.00442713 0.00436735 0.0042456 0.00406 0.00380894 0.00349542 0.00312972 0.00272945 0.00231664 0.00191354 0.00153879 0.0012052 0.000919465 0.000683067 0.000493682 0.000346587 0.000235807 0.000154977 9.79416e-05 5.91331e-05 3.37817e-05 1.79891e-05 8.70702e-06 3.65342e-06 1.19478e-06 2.16818e-07 0 
0 0.00012918 0.000530093 0.00120428 0.00212291 0.00321944 0.00438682 0.00548945 0.00639681 0.00702774 0.00737708 0.00750547 0.00750287 0.00745149 0.00740421 0.00737842 0.00735859 0.00730353 0.00715822 0.00687096 0.00641275 0.00579072 0.00504785 0.00424846 0.00345807 0.00272803 0.00208957 0.00155552 0.00112535 0.000790404 0.00053787 0.000353527 0.000223427 0.000134898 7.70651e-05 4.1038e-05 1.9863e-05 8.33443e-06 2.72561e-06 4.94621e-07 0 
0 0.000229388 0.000939282 0.00212291 0.00370024 0.0054882 0.00719349 0.00847864 0.00910994 0.00908457 0.00861233 0.00797517 0.0073996 0.00701563 0.0068761 0.00698652 0.00731995 0.00781404 0.00836029 0.00880375 0.00897317 0.00874223 0.0080884 0.00710311 0.00594381 0.00476689 0.00368436 0.00275529 0.00199765 0.00140442 0.000956094 0.000628516 0.000397243 0.000239847 0.000137022 7.29661e-05 3.53168e-05 1.48187e-05 4.84618e-06 8.79443e-07 0 
0 0.000352764 0.00143868 0.00321944 0.0054882 0.00778986 0.009462 0.00994891 0.00921564 0.00776828 0.00622842 0.00497664 0.00412593 0.0036536 0.00351054 0.00366962 0.0041347 0.004926 0.00604213 0.00739785 0.0087651 0.00978864 0.0101311 0.00966798 0.00855214 0.0070929 0.00558429 0.00421518 0.00306942 0.002162 0.00147298 0.000968603 0.000612259 0.000369684 0.0002112 0.000112467 5.44361e-05 2.28411e-05 7.46975e-06 1.35555e-06 0 
0 0.000492389 0.00199445 0.00438682 0.00719349 0.009462 0.0101156 0.0088699 0.00659105 0.00440314 0.00283891 0.00188847 0.00136696 0.00111633 0.00104776 0.00113223 0.0013901 0.00188947 0.00274324 0.00407678 0.00592486 0.00806237 0.00992665 0.0108627 0.0105787 0.00931746 0.00758712 0.00582575 0.00427606 0.00302227 0.00206194 0.00135661 0.000857685 0.00051791 0.000295888 0.000157566 7.62648e-05 3.20004e-05 1.04651e-05 1.89912e-06 0 
0 0.000639485 0.00256333 0.00548945 0.00847864 0.00994891 0.0088699 0.00611865 0.0034739 0.00177869 0.000903153 0.000493706 0.000309436 0.000231917 0.000212253 0.000237389 0.000318852 0.000497826 0.000864416 0.00158429 0.00289518 0.00497884 0.0076449 0.0100965 0.011329 0.0109569 0.00942044 0.00743968 0.00553293 0.00393274 0.00268918 0.0017708 0.00111989 0.000676312 0.000386399 0.000205767 9.95954e-05 4.17898e-05 1.36666e-05 2.48009e-06 0 
0 0.000784359 0.00309913 0.00639681 0.00910994 0.00921564 0.00659105 0.0034739 0.00148647 0.000581517 0.000232669 0.00010457 5.6725e-05 3.8978e-05 3.47466e-05 4.01828e-05 5.89866e-05 0.000105634 0.000218868 0.000493386 0.00113277 0.00247556 0.00482235 0.00791827 0.0106112 0.0116384 0.0108069 0.00889275 0.00674399 0.00483406 0.00331659 0.00218667 0.00138351 0.000835645 0.000477454 0.000254261 0.000123068 5.16389e-05 1.68875e-05 3.0646e-06 0 
0 0.000917642 0.00356202 0.00702774 0.00908457 0.00776828 0.00440314 0.00177869 0.000581517 0.000176571 5.63904e-05 2.10226e-05 9.92127e-06 6.26321e-06 5.43546e-06 6.48124e-06 1.03461e-05 2.10962e-05 5.16403e-05 0.000141352 0.000401531 0.00109815 0.00268661 0.00549258 0.00891839 0.0113269 0.011572 0.0100433 0.00781659 0.00566656 0.00390532 0.00257916 0.0016328 0.000986411 0.000563633 0.00030016 0.000145285 6.09613e-05 1.99363e-05 3.61786e-06 0 
0 0.00103152 0.00392687 0.00737708 0.00861233 0.00622842 0.00283891 0.000903153 0.000232669 5.63904e-05 1.47071e-05 4.62704e-06 1.92183e-06 1.12124e-06 9.47668e-07 1.15953e-06 1.99365e-06 4.56506e-06 1.29713e-05 4.22099e-05 0.000144757 0.000482182 0.00144217 0.00359484 0.00700883 0.0103394 0.0117229 0.0108146 0.00867913 0.00637799 0.0044197 0.0029248 0.00185294 0.00111967 0.000639828 0.000340746 0.000164931 6.92047e-05 2.26321e-05 4.10709e-06 0 
0 0.00112054 0.00418628 0.00750547 0.00797517 0.00497664 0.00188847 0.000493706 0.00010457 2.10226e-05 4.62704e-06 1.26104e-06 4.6958e-07 2.5578e-07 2.10883e-07 2.62999e-07 4.80149e-07 1.2094e-06 3.88733e-06 1.45976e-05 5.84861e-05 0.000229043 0.000807404 0.00237035 0.00540226 0.00912177 0.0114293 0.0112145 0.00929388 0.0069299 0.00483067 0.00320386 0.00203132 0.00122778 0.000701667 0.000373689 0.000180878 7.58963e-05 2.48205e-05 4.50422e-06 0 
0 0.00118181 0.00434711 0.00750287 0.0073996 0.00412593 0.00136696 0.000309436 5.6725e-05 9.92127e-06 1.92183e-06 4.6958e-07 1.60725e-07 8.29046e-08 6.68677e-08 8.43068e-08 1.60476e-07 4.32906e-07 1.5226e-06 6.35342e-06 2.8556e-05 0.000126044 0.000501648 0.00166289 0.00426656 0.00801811 0.0109232 0.0113161 0.00965796 0.00730066 0.00511809 0.00340182 0.0021585 0.00130499 0.000745856 0.000397234 0.000192276 8.06793e-05 2.63847e-05 4.78808e-06 0 
0 0.00121452 0.00442303 0.00745149 0.00701563 0.0036536 0.00111633 0.000231917 3.8978e-05 6.26321e-06 1.12124e-06 2.5578e-07 8.29046e-08 4.12041e-08 3.26445e-08 4.12357e-08 8.01388e-08 2.24461e-07 8.31052e-07 3.68808e-06 1.77484e-05 8.4194e-05 0.000360814 0.00128943 0.00356732 0.00719822 0.010399 0.0112148 0.00979207 0.00748401 0.00527142 0.00351023 0.0022288 0.00134782 0.000770399 0.000410317 0.000198611 8.33375e-05 2.72541e-05 4.94584e-06 0 
0 0.00121939 0.00442713 0.00740421 0.0068761 0.00351054 0.00104776 0.000212253 3.47466e-05 5.43546e-06 9.47668e-07 2.10883e-07 6.68677e-08 3.26445e-08 2.55325e-08 3.20207e-08 6.21508e-08 1.7487e-07 6.53887e-07 2.94438e-06 1.44323e-05 6.99514e-05 0.000307143 0.00112793 0.00321658 0.00670072 0.00996675 0.010987 0.0097237 0.00748441 0.00528893 0.00352676 0.00224054 0.00135521 0.000774685 0.000412612 0.000199724 8.3805e-05 2.7407e-05 4.9736e-06 0 
0 0.00119795 0.00436735 0.00737842 0.00698652 0.00366962 0.00113223 0.000237389 4.01828e-05 6.48124e-06 1.15953e-06 2.62999e-07 8.43068e-08 4.12357e-08 3.20207e-08 3.95358e-08 7.50154e-08 2.05239e-07 7.43829e-07 3.24254e-06 1.53988e-05 7.24896e-05 0.000310326 0.00111674 0.00314001 0.00649414 0.00964966 0.010666 0.00947308 0.00731191 0.00517603 0.00345472 0.00219578 0.00132842 0.000759444 0.000404511 0.000195806 8.21615e-05 2.68696e-05 4.87608e-06 0 
0 0.00115237 0.0042456 0.00735859 0.00731995 0.0041347 0.0013901 0.000318852 5.89866e-05 1.03461e-05 1.99365e-06 4.80149e-07 1.60476e-07 8.01388e-08 6.21508e-08 7.50154e-08 1.3649e-07 3.52484e-07 1.19199e-06 4.81503e-06 2.11375e-05 9.2119e-05 0.000366787 0.00123633 0.00328704 0.00650878 0.00939908 0.0102388 0.00904708 0.00697842 0.0049434 0.003302 0.00209982 0.00127074 0.000726577 0.000387031 0.000187351 7.86147e-05 2.57098e-05 4.66562e-06 0 
0 0.00108537 0.00406 0.00730353 0.00781404 0.004926 0.00188947 0.000497826 0.000105634 2.10962e-05 4.56506e-06 1.2094e-06 4.32906e-07 2.24461e-07 1.7487e-07 2.05239e-07 3.52484e-07 8.37993e-07 2.55965e-06 9.22434e-06 3.59157e-05 0.000138828 0.000492611 0.00149261 0.00361372 0.00663929 0.00911126 0.00965634 0.00844063 0.00649577 0.00460492 0.00307972 0.00196031 0.00118699 0.000678891 0.000361682 0.000175091 7.34724e-05 2.40284e-05 4.36051e-06 0 
0 0.00100039 0.00380894 0.00715822 0.00836029 0.00604213 0.00274324 0.000864416 0.000218868 5.16403e-05 1.29713e-05 3.88733e-06 1.5226e-06 8.31052e-07 6.53887e-07 7.43829e-07 1.19199e-06 2.55965e-06 6.88529e-06 2.14749e-05 7.16869e-05 0.00023704 0.000722345 0.00189795 0.00405191 0.00673671 0.00864819 0.008852 0.00764168 0.00587402 0.00417511 0.00280037 0.00178622 0.00108292 0.000619773 0.000330291 0.000159917 6.7109e-05 2.19478e-05 3.98298e-06 0 
0 0.000901678 0.00349542 0.00687096 0.00880375 0.00739785 0.00407678 0.00158429 0.000493386 0.000141352 4.22099e-05 1.45976e-05 6.35342e-06 3.68808e-06 2.94438e-06 3.24254e-06 4.81503e-06 9.22434e-06 2.14749e-05 5.67186e-05 0.00015822 0.000434883 0.00110392 0.00244094 0.00447796 0.00661569 0.00786954 0.00776192 0.00663397 0.00511745 0.003665 0.00247527 0.00158645 0.00096453 0.000552834 0.000294824 0.000142789 5.9929e-05 1.96006e-05 3.55708e-06 0 
0 0.000794188 0.00312972 0.00641275 0.00897317 0.0087651 0.00592486 0.00289518 0.00113277 0.000401531 0.000144757 5.84861e-05 2.8556e-05 1.77484e-05 1.44323e-05 1.53988e-05 2.11375e-05 3.59157e-05 7.16869e-05 0.00015822 0.000362533 0.00081111 0.00167529 0.00304539 0.00470723 0.00609672 0.00667395 0.00634013 0.00539421 0.00421628 0.00307566 0.00211105 0.00136825 0.000837346 0.000481561 0.000257217 0.000124658 5.23332e-05 1.7118e-05 3.10665e-06 0 
0 0.000683212 0.00272945 0.00579072 0.00874223 0.00978864 0.00806237 0.00497884 0.00247556 0.00109815 0.000482182 0.000229043 0.000126044 8.4194e-05 6.99514e-05 7.24896e-05 9.2119e-05 0.000138828 0.00023704 0.000434883 0.00081111 0.00145837 0.00241295 0.00354673 0.00454394 0.00507694 0.00504082 0.00457672 0.00389565 0.00314157 0.00239178 0.00170587 0.0011356 0.000705779 0.000409034 0.000219228 0.000106395 4.46899e-05 1.46207e-05 2.65361e-06 0 
0 0.000573863 0.00231664 0.00504785 0.0080884 0.0101311 0.00992665 0.0076449 0.00482235 0.00268661 0.00144217 0.000807404 0.000501648 0.000360814 0.000307143 0.000310326 0.000366787 0.000492611 0.000722345 0.00110392 0.00167529 0.00241295 0.00317802 0.00373378 0.00387915 0.00360294 0.00309358 0.00258329 0.00219051 0.00189144 0.00159584 0.00125129 0.000889067 0.000572938 0.000337792 0.000182354 8.87454e-05 3.73134e-05 1.22116e-05 2.21661e-06 0 
0 0.000470547 0.00191354 0.00424846 0.00710311 0.00966798 0.0108627 0.0100965 0.00791827 0.00549258 0.00359484 0.00237035 0.00166289 0.00128943 0.00112793 0.00111674 0.00123633 0.00149261 0.00189795 0.00244094 0.00304539 0.00354673 0.00373378 0.00346502 0.00278728 0.00195076 0.00125677 0.000848875 0.000693022 0.00069998 0.000764435 0.000759924 0.000631501 0.000441661 0.000269968 0.000147812 7.23008e-05 3.04514e-05 9.97137e-06 1.81029e-06 0 
0 0.000376593 0.00153879 0.00345807 0.00594381 0.00855214 0.0105787 0.011329 0.0106112 0.00891839 0.00700883 0.00540226 0.00426656 0.00356732 0.00321658 0.00314001 0.00328704 0.00361372 0.00405191 0.00447796 0.00470723 0.00454394 0.00387915 0.00278728 0.00157382 0.00066107 0.000224348 8.73939e-05 6.21702e-05 9.11566e-05 0.000187149 0.000325856 0.000383457 0.000317365 0.000207731 0.000116582 5.74973e-05 2.42799e-05 7.9569e-06 1.44491e-06 0 
0 0.000294106 0.0012052 0.00272803 0.00476689 0.0070929 0.00931746 0.0109569 0.0116384 0.0113269 0.0103394 0.00912177 0.00801811 0.00719822 0.00670072 0.00649414 0.00650878 0.00663929 0.00673671 0.00661569 0.00609672 0.00507694 0.00360294 0.00195076 0.00066107 0.000112019 1.03842e-05 1.22281e-06 6.28787e-07 2.03462e-06 1.56876e-05 8.39016e-05 0.000189671 0.000210357 0.000153644 8.94407e-05 4.46166e-05 1.89048e-05 6.20152e-06 1.12647e-06 0 
0 0.000224016 0.000919465 0.00208957 0.00368436 0.00558429 0.00758712 0.00942044 0.0108069 0.011572 0.0117229 0.0114293 0.0109232 0.010399 0.00996675 0.00964966 0.00939908 0.00911126 0.00864819 0.00786954 0.00667395 0.00504082 0.00309358 0.00125677 0.000224348 1.03842e-05 1.32746e-07 2.38154e-09 7.29106e-10 8.206e-09 4.90939e-07 1.40653e-05 8.03501e-05 0.000131594 0.000110138 6.68943e-05 3.37866e-05 1.43664e-05 4.71738e-06 8.57115e-07 0 
0 0.000166279 0.000683067 0.00155552 0.00275529 0.00421518 0.00582575 0.00743968 0.00889275 0.0100433 0.0108146 0.0112145 0.0113161 0.0112148 0.010987 0.010666 0.0102388 0.00965634 0.008852 0.00776192 0.00634013 0.00457672 0.00258329 0.000848875 8.73939e-05 1.22281e-06 2.38154e-09 6.97256e-12 1.28687e-12 4.79188e-11 2.01435e-08 2.76025e-06 3.63922e-05 8.34223e-05 7.8062e-05 4.90038e-05 2.49797e-05 1.06483e-05 3.49886e-06 6.35835e-07 0 
0 0.000120127 0.000493682 0.00112535 0.00199765 0.00306942 0.00427606 0.00553293 0.00674399 0.00781659 0.00867913 0.00929388 0.00965796 0.00979207 0.0097237 0.00947308 0.00904708 0.00844063 0.00764168 0.00663397 0.00539421 0.00389565 0.00219051 0.000693022 6.21702e-05 6.28787e-07 7.29106e-10 1.28687e-12 2.02907e-13 1.01941e-11 7.07536e-09 1.44521e-06 2.34543e-05 5.82282e-05 5.58597e-05 3.53079e-05 1.80305e-05 7.68953e-06 2.52694e-06 4.59226e-07 0 
0 8.43179e-05 0.000346587 0.000790404 0.00140442 0.002162 0.00302227 0.00393274 0.00483406 0.00566656 0.00637799 0.0069299 0.00730066 0.00748401 0.00748441 0.00731191 0.00697842 0.00649577 0.00587402 0.00511745 0.00421628 0.00314157 0.00189144 0.00069998 9.11566e-05 2.03462e-06 8.206e-09 4.79188e-11 1.01941e-11 2.15191e-10 3.77967e-08 2.57999e-06 2.3314e-05 4.56966e-05 4.05086e-05 2.50079e-05 1.26859e-05 5.40032e-06 1.77378e-06 3.22308e-07 0 
0 5.73622e-05 0.000235807 0.00053787 0.000956094 0.00147298 0.00206194 0.00268918 0.00331659 0.00390532 0.0044197 0.00483067 0.00511809 0.00527142 0.00528893 0.00517603 0.0049434 0.00460492 0.00417511 0.003665 0.00307566 0.00239178 0.00159584 0.000764435 0.000187149 1.56876e-05 4.90939e-07 2.01435e-08 7.07536e-09 3.77967e-08 7.30734e-07 8.38209e-06 2.87308e-05 3.77709e-05 2.92109e-05 1.72972e-05 8.66987e-06 3.67835e-06 1.20707e-06 2.19277e-07 0 
0 3.76983e-05 0.000154977 0.000353527 0.000628516 0.000968603 0.00135661 0.0017708 0.00218667 0.00257916 0.0029248 0.00320386 0.00340182 0.00351023 0.00352676 0.00345472 0.003302 0.00307972 0.00280037 0.00247527 0.00211105 0.00170587 0.00125129 0.000759924 0.000325856 8.39016e-05 1.40653e-05 2.76025e-06 1.44521e-06 2.57999e-06 8.38209e-06 2.19361e-05 3.26796e-05 2.99831e-05 2.03709e-05 1.15702e-05 5.72687e-06 2.42085e-06 7.93583e-07 1.4412e-07 0 
0 2.3824e-05 9.79416e-05 0.000223427 0.000397243 0.000612259 0.000857685 0.00111989 0.00138351 0.0016328 0.00185294 0.00203132 0.0021585 0.0022288 0.00224054 0.00219578 0.00209982 0.00196031 0.00178622 0.00158645 0.00136825 0.0011356 0.000889067 0.000631501 0.000383457 0.000189671 8.03501e-05 3.63922e-05 2.34543e-05 2.3314e-05 2.87308e-05 3.26796e-05 2.96591e-05 2.16505e-05 1.3463e-05 7.41616e-06 3.63477e-06 1.53184e-06 5.01698e-07 9.10878e-08 0 
0 1.43838e-05 5.91331e-05 0.000134898 0.000239847 0.000369684 0.00051791 0.000676312 0.000835645 0.000986411 0.00111967 0.00122778 0.00130499 0.00134782 0.00135521 0.00132842 0.00127074 0.00118699 0.00108292 0.00096453 0.000837346 0.000705779 0.000572938 0.000441661 0.000317365 0.000210357 0.000131594 8.34223e-05 5.82282e-05 4.56966e-05 3.77709e-05 2.99831e-05 2.16505e-05 1.4098e-05 8.35396e-06 4.51926e-06 2.2011e-06 9.25717e-07 3.02988e-07 5.49992e-08 0 
0 8.21722e-06 3.37817e-05 7.70651e-05 0.000137022 0.0002112 0.000295888 0.000386399 0.000477454 0.000563633 0.000639828 0.000701667 0.000745856 0.000770399 0.000774685 0.000759444 0.000726577 0.000678891 0.000619773 0.000552834 0.000481561 0.000409034 0.000337792 0.000269968 0.000207731 0.000153644 0.000110138 7.8062e-05 5.58597e-05 4.05086e-05 2.92109e-05 2.03709e-05 1.3463e-05 8.35396e-06 4.84132e-06 2.59527e-06 1.25971e-06 5.2916e-07 1.73124e-07 3.14218e-08 0 
0 4.37575e-06 1.79891e-05 4.1038e-05 7.29661e-05 0.000112467 0.000157566 0.000205767 0.000254261 0.00030016 0.000340746 0.000373689 0.000397234 0.000410317 0.000412612 0.000404511 0.000387031 0.000361682 0.000330291 0.000294824 0.000257217 0.000219228 0.000182354 0.000147812 0.000116582 8.94407e-05 6.68943e-05 4.90038e-05 3.53079e-05 2.50079e-05 1.72972e-05 1.15702e-05 7.41616e-06 4.51926e-06 2.59527e-06 1.38561e-06 6.7145e-07 2.81877e-07 9.22008e-08 1.67331e-08 0 
0 2.11793e-06 8.70702e-06 1.9863e-05 3.53168e-05 5.44361e-05 7.62648e-05 9.95954e-05 0.000123068 0.000145285 0.000164931 0.000180878 0.000192276 0.000198611 0.000199724 0.000195806 0.000187351 0.000175091 0.000159917 0.000142789 0.000124658 0.000106395 8.87454e-05 7.23008e-05 5.74973e-05 4.46166e-05 3.37866e-05 2.49797e-05 1.80305e-05 1.26859e-05 8.66987e-06 5.72687e-06 3.63477e-06 2.2011e-06 1.25971e-06 6.7145e-07 3.25143e-07 1.36456e-07 4.46294e-08 8.09923e-09 0 
0 8.88673e-07 3.65342e-06 8.33443e-06 1.48187e-05 2.28411e-05 3.20004e-05 4.17898e-05 5.16389e-05 6.09613e-05 6.92047e-05 7.58963e-05 8.06793e-05 8.33375e-05 8.3805e-05 8.21615e-05 7.86147e-05 7.34724e-05 6.7109e-05 5.9929e-05 5.23332e-05 4.46899e-05 3.73134e-05 3.04514e-05 2.42799e-05 1.89048e-05 1.43664e-05 1.06483e-05 7.68953e-06 5.40032e-06 3.67835e-06 2.42085e-06 1.53184e-06 9.25717e-07 5.2916e-07 2.81877e-07 1.36456e-07 5.72611e-08 1.87268e-08 3.39843e-09 0 
0 2.90623e-07 1.19478e-06 2.72561e-06 4.84618e-06 7.46975e-06 1.04651e-05 1.36666e-05 1.68875e-05 1.99363e-05 2.26321e-05 2.48205e-05 2.63847e-05 2.72541e-05 2.7407e-05 2.68696e-05 2.57098e-05 2.40284e-05 2.19478e-05 1.96006e-05 1.7118e-05 1.46207e-05 1.22116e-05 9.97137e-06 7.9569e-06 6.20152e-06 4.71738e-06 3.49886e-06 2.52694e-06 1.77378e-06 1.20707e-06 7.93583e-07 5.01698e-07 3.02988e-07 1.73124e-07 9.22008e-08 4.46294e-08 1.87268e-08 6.12433e-09 1.1114e-09 0 
0 5.27398e-08 2.16818e-07 4.94621e-07 8.79443e-07 1.35555e-06 1.89912e-06 2.48009e-06 3.0646e-06 3.61786e-06 4.10709e-06 4.50422e-06 4.78808e-06 4.94584e-06 4.9736e-06 4.87608e-06 4.66562e-06 4.36051e-06 3.98298e-06 3.55708e-06 3.10665e-06 2.65361e-06 2.21661e-06 1.81029e-06 1.44491e-06 1.12647e-06 8.57115e-07 6.35835e-07 4.59226e-07 3.22308e-07 2.19277e-07 1.4412e-07 9.10878e-08 5.49992e-08 3.14218e-08 1.67331e-08 8.09923e-09 3.39843e-09 1.1114e-09 2.01687e-10 0 
0 0 0 0 0 0 0 0 0 0 0 0 0 0 0 0 0 0 0 0 0 0 0 0 0 0 0 0 0 0 0 0 0 0 0 0 0 0 0 0 0 
