0 0 0 0 0 0 0 0 0 0 0 0 0 0 0 0 0 0 0 0 0 0 0 0 0 0 0 0 0 0 0 0 0 0 0 0 0 0 0 0 0 
0 1.31703e-05 5.12333e-05 0.000105828 0.000161215 0.000201421 0.000218934 0.000216329 0.000201335 0.000181639 0.000162549 0.000146906 0.000135854 0.000129641 0.000128142 0.000131137 0.000138358 0.000149418 0.000163629 0.0001798 0.000196079 0.000209973 0.000218635 0.000219455 0.000210817 0.000192739 0.000167085 0.000137123 0.000106587 7.86355e-05 5.521e-05 3.69627e-05 2.3597e-05 1.43207e-05 8.20144e-06 4.37224e-06 2.11725e-06 8.88562e-07 2.9061e-07 5.27389e-08 0 
0 5.12333e-05 0.000184323 0.000328171 0.000395686 0.000362685 0.000275374 0.000186381 0.000119432 7.61075e-05 5.02296e-05 3.54828e-05 2.74996e-05 2.37505e-05 2.29996e-05 2.48976e-05 2.97951e-05 3.87301e-05 5.34984e-05 7.66537e-05 0.000111184 0.00015954 0.000221818 0.000293458 0.000363718 0.000416901 0.000437633 0.000418443 0.00036444 0.000290736 0.000214447 0.000147721 9.57422e-05 5.85363e-05 3.36369e-05 1.79579e-05 8.70114e-06 3.65249e-06 1.19467e-06 2.16811e-07 0 
0 0.000105828 0.000328171 0.000442491 0.000354197 0.000196921 8.65046e-05 3.32385e-05 1.21541e-05 4.56369e-06 1.88539e-06 9.08989e-07 5.34987e-07 3.95439e-07 3.70966e-07 4.38642e-07 6.39304e-07 1.10946e-06 2.19642e-06 4.73358e-06 1.05989e-05 2.36186e-05 5.04917e-05 0.000100565 0.000182491 0.000296496 0.000424851 0.000529871 0.000570523 0.000531341 0.000433965 0.000317514 0.00021252 0.000131982 7.63732e-05 4.08928e-05 1.98365e-05 8.33036e-06 2.72514e-06 4.94591e-07 0 
0 0.000161215 0.000395686 0.000354197 0.000163531 4.78995e-05 1.03707e-05 1.88214e-06 3.23184e-07 5.91722e-08 1.29171e-08 3.70023e-09 1.4966e-09 8.94764e-10 8.03896e-10 1.07223e-09 2.04475e-09 5.26209e-09 1.70149e-08 6.39367e-08 2.58257e-07 1.04338e-06 3.96481e-06 1.35087e-05 3.99254e-05 0.000100352 0.000212108 0.000373445 0.000541277 0.000639883 0.000620175 0.00050539 0.000359052 0.000229627 0.000134629 7.2474e-05 3.52289e-05 1.48056e-05 4.8447e-06 8.79352e-07 0 
0 0.000201421 0.000362685 0.000196921 4.78995e-05 6.55971e-06 5.99905e-07 4.32331e-08 2.92177e-09 2.20665e-10 2.19507e-11 3.31165e-12 8.43844e-13 3.88472e-13 3.30932e-13 5.12035e-13 1.35987e-12 5.6857e-12 3.36422e-11 2.50781e-10 2.09669e-09 1.76535e-08 1.36462e-07 9.00524e-07 4.82299e-06 2.03783e-05 6.73018e-05 0.000174077 0.000353105 0.00055768 0.000680723 0.000650994 0.000508481 0.000341351 0.000204572 0.000111122 5.42003e-05 2.28066e-05 7.46593e-06 1.35532e-06 0 
0 0.000218934 0.000275374 8.65046e-05 1.03707e-05 5.99905e-07 2.04855e-08 5.13735e-10 1.1976e-11 3.2941e-13 1.3369e-14 9.69965e-16 1.45713e-16 4.97341e-17 3.98632e-17 7.31009e-17 2.83653e-16 2.06532e-15 2.43568e-14 3.96564e-13 7.60074e-12 1.47938e-10 2.57448e-09 3.62133e-08 3.83389e-07 2.93155e-06 1.59785e-05 6.26525e-05 0.000180173 0.000384628 0.00060721 0.000707987 0.000629074 0.000452987 0.000280518 0.000154459 7.57272e-05 3.1923e-05 1.04567e-05 1.89862e-06 0 
0 0.000216329 0.000186381 3.32385e-05 1.88214e-06 4.32331e-08 5.13735e-10 4.16369e-12 3.10977e-14 2.90315e-16 4.52949e-18 1.83415e-19 4.42212e-20 3.10919e-20 2.89158e-20 3.23755e-20 5.92289e-20 4.26703e-19 9.90203e-18 3.71853e-16 1.73095e-14 8.2522e-13 3.4206e-11 1.08213e-09 2.38062e-08 3.44606e-07 3.21833e-06 1.96096e-05 8.0521e-05 0.000230819 0.000469532 0.000675919 0.000698721 0.000550005 0.00035578 0.000199554 9.85279e-05 4.16381e-05 1.36503e-05 2.47914e-06 0 
0 0.000201335 0.000119432 1.21541e-05 3.23184e-07 2.92177e-09 1.1976e-11 3.10977e-14 7.37258e-17 2.41064e-19 5.51161e-21 1.48981e-21 1.01661e-21 1.06543e-21 1.05963e-21 9.52336e-22 9.32031e-22 1.70022e-21 7.71083e-21 3.2213e-19 3.59776e-17 4.2312e-15 4.20409e-13 3.00975e-11 1.38484e-09 3.82231e-08 6.16338e-07 5.87012e-06 3.43808e-05 0.000130701 0.000336226 0.000591681 0.00071534 0.00062241 0.000424069 0.000243316 0.000121191 5.13743e-05 1.68594e-05 3.06299e-06 0 
0 0.000181639 7.61075e-05 4.56369e-06 5.91722e-08 2.20665e-10 3.2941e-13 2.90315e-16 2.41064e-19 1.28105e-21 1.60226e-22 1.05797e-22 1.01596e-22 1.17839e-22 1.19687e-22 1.01631e-22 8.36254e-23 8.93e-23 1.21776e-22 9.72852e-22 1.02261e-19 2.76639e-17 6.30183e-15 9.78907e-13 9.07152e-11 4.62298e-09 1.25413e-07 1.83002e-06 1.50302e-05 7.43124e-05 0.000235821 0.00049577 0.000693737 0.0006677 0.000480899 0.000282948 0.000142328 6.05463e-05 1.98925e-05 3.61537e-06 0 
0 0.000162549 5.02296e-05 1.88539e-06 1.29171e-08 2.19507e-11 1.3369e-14 4.52949e-18 5.51162e-21 1.60226e-22 2.6476e-23 1.75346e-23 1.84248e-23 2.15248e-23 2.18989e-23 1.85032e-23 1.43099e-23 1.16833e-23 1.06887e-23 3.5061e-23 1.01226e-21 3.16196e-19 1.49311e-16 4.61205e-14 7.95339e-12 6.98495e-10 3.009e-08 6.42215e-07 7.13265e-06 4.44928e-05 0.000169071 0.000412418 0.000654049 0.000690042 0.000524275 0.000316309 0.000160715 6.86143e-05 2.25702e-05 4.10358e-06 0 
0 0.000146906 3.54828e-05 9.08989e-07 3.70023e-09 3.31165e-12 9.69965e-16 1.83415e-19 1.48981e-21 1.05797e-22 1.75346e-23 6.19363e-24 4.72113e-24 4.98992e-24 4.96685e-24 4.20332e-24 3.17712e-24 2.36439e-24 2.26528e-24 7.42192e-24 9.7701e-23 9.7038e-21 6.98746e-18 3.7822e-15 1.08242e-12 1.48186e-10 9.31166e-09 2.71241e-07 3.85788e-06 2.91011e-05 0.000127797 0.000350154 0.000612657 0.000696942 0.000554447 0.000342071 0.000175395 7.51288e-05 2.47403e-05 4.49968e-06 0 
0 0.000135854 2.74996e-05 5.34987e-07 1.4966e-09 8.43844e-13 1.45713e-16 4.42212e-20 1.01661e-21 1.01596e-22 1.84248e-23 4.72113e-24 1.97988e-24 1.45708e-24 1.2988e-24 1.07791e-24 8.15289e-25 6.46452e-25 9.14012e-25 3.70299e-24 3.52803e-23 1.40914e-21 7.68825e-19 6.20947e-16 2.56002e-13 4.82566e-11 3.98067e-09 1.45127e-07 2.46822e-06 2.13584e-05 0.000104025 0.000309209 0.000579477 0.000695912 0.000572997 0.000359645 0.000185727 7.9762e-05 2.6289e-05 4.78268e-06 0 
0 0.000129641 2.37505e-05 3.95439e-07 8.94764e-10 3.88472e-13 4.97341e-17 3.10919e-20 1.06543e-21 1.17839e-22 2.15248e-23 4.98992e-24 1.45708e-24 6.30223e-25 4.10077e-25 3.09603e-25 2.43024e-25 2.5843e-25 6.157e-25 2.8834e-24 2.44069e-23 6.51154e-22 2.22275e-19 2.22693e-16 1.12887e-13 2.55015e-11 2.4539e-09 1.01589e-07 1.91201e-06 1.78839e-05 9.23336e-05 0.000287189 0.000559153 0.000692521 0.000581823 0.000368981 0.000191384 8.23242e-05 2.71484e-05 4.93989e-06 0 
0 0.000128142 2.29996e-05 3.70966e-07 8.03896e-10 3.30932e-13 3.98632e-17 2.89158e-20 1.05963e-21 1.19687e-22 2.18989e-23 4.96685e-24 1.2988e-24 4.10077e-25 1.77975e-25 1.09039e-25 9.54778e-26 1.61955e-25 5.41414e-25 2.69102e-24 2.23799e-23 5.57475e-22 1.72126e-19 1.79871e-16 9.51263e-14 2.23021e-11 2.21496e-09 9.41191e-08 1.80853e-06 1.71854e-05 8.97732e-05 0.000281782 0.000553048 0.000689776 0.00058239 0.00037034 0.00019232 8.27659e-05 2.72985e-05 4.96749e-06 0 
0 0.000131137 2.48976e-05 4.38642e-07 1.07223e-09 5.12035e-13 7.31009e-17 3.23755e-20 9.52336e-22 1.01631e-22 1.85032e-23 4.20332e-24 1.07791e-24 3.09603e-25 1.09039e-25 5.7417e-26 6.05551e-26 1.42577e-25 5.40429e-25 2.81455e-24 2.54941e-23 8.01145e-22 3.43346e-19 3.19139e-16 1.50159e-13 3.17807e-11 2.8932e-09 1.14411e-07 2.07562e-06 1.88672e-05 9.53173e-05 0.000291596 0.000560572 0.000688196 0.000575383 0.000364137 0.000188735 8.1168e-05 2.67657e-05 4.87021e-06 0 
0 0.000138358 2.97951e-05 6.39304e-07 2.04475e-09 1.35987e-12 2.83653e-16 5.92289e-20 9.32031e-22 8.36254e-23 1.43099e-23 3.17712e-24 8.1529e-25 2.43024e-25 9.54778e-26 6.05551e-26 7.24346e-26 1.67723e-25 6.34969e-25 3.6212e-24 4.14631e-23 2.39553e-21 1.64515e-18 1.15473e-15 4.18329e-13 7.042e-11 5.27581e-09 1.77628e-07 2.83399e-06 2.33334e-05 0.000109419 0.000316 0.000579543 0.000686099 0.000560711 0.000350878 0.000181027 7.7725e-05 2.56165e-05 4.66034e-06 0 
0 0.000149418 3.87301e-05 1.10946e-06 5.26209e-09 5.6857e-12 2.06532e-15 4.26703e-19 1.70022e-21 8.93e-23 1.16833e-23 2.36439e-24 6.46452e-25 2.5843e-25 1.61955e-25 1.42576e-25 1.67723e-25 3.04499e-25 1.02361e-24 6.99065e-24 1.42045e-22 2.43756e-20 1.65542e-17 7.60549e-15 1.87726e-12 2.25752e-10 1.27022e-08 3.37656e-07 4.46184e-06 3.17776e-05 0.000133572 0.000354194 0.000605699 0.000679902 0.000537764 0.000331193 0.000169767 7.27217e-05 2.39493e-05 4.35601e-06 0 
0 0.000163629 5.34984e-05 2.19642e-06 1.70149e-08 3.36422e-11 2.43568e-14 9.90203e-18 7.71083e-21 1.21776e-22 1.06887e-23 2.26528e-24 9.14011e-25 6.15699e-25 5.41414e-25 5.40428e-25 6.34968e-25 1.02361e-24 3.18675e-24 3.03611e-23 1.86414e-21 7.11632e-19 2.93002e-16 7.92248e-14 1.21104e-11 9.56292e-10 3.76039e-08 7.4383e-07 7.76879e-06 4.61858e-05 0.000169306 0.00040313 0.000631542 0.000664541 0.000505828 0.000305894 0.000155659 6.65061e-05 2.1884e-05 3.97932e-06 0 
0 0.0001798 7.66537e-05 4.73358e-06 6.39367e-08 2.50781e-10 3.96564e-13 3.71853e-16 3.2213e-19 9.72852e-22 3.5061e-23 7.42191e-24 3.70298e-24 2.8834e-24 2.69102e-24 2.81455e-24 3.6212e-24 6.99065e-24 3.03611e-23 7.83529e-22 1.33748e-19 3.48861e-17 7.55363e-15 1.11761e-12 9.88718e-11 4.82314e-09 1.25716e-07 1.77179e-06 1.41473e-05 6.85203e-05 0.000215099 0.000453433 0.000644921 0.00063413 0.000464528 0.000276024 0.0001395 5.94601e-05 1.95505e-05 3.55418e-06 0 
0 0.000196079 0.000111184 1.05989e-05 2.58257e-07 2.09669e-09 7.60074e-12 1.73095e-14 3.59776e-17 1.02261e-19 1.01226e-21 9.7701e-23 3.52803e-23 2.44069e-23 2.23799e-23 2.54941e-23 4.14631e-23 1.42045e-22 1.86414e-21 1.33748e-19 1.66415e-17 2.15716e-15 2.34851e-13 1.82022e-11 8.91464e-10 2.57001e-08 4.25956e-07 4.13408e-06 2.46756e-05 9.63065e-05 0.000258115 0.000482892 0.000628309 0.000583003 0.000414189 0.000242856 0.000122128 5.19691e-05 1.70787e-05 3.10436e-06 0 
0 0.000209973 0.00015954 2.36186e-05 1.04338e-06 1.76535e-08 1.47938e-10 8.2522e-13 4.2312e-15 2.76639e-17 3.16196e-19 9.7038e-21 1.40914e-21 6.51154e-22 5.57475e-22 8.01145e-22 2.39553e-21 2.43756e-20 7.11632e-19 3.48861e-17 2.15716e-15 1.36427e-13 7.35991e-12 2.92009e-10 7.64079e-09 1.23864e-07 1.2329e-06 7.85956e-06 3.44055e-05 0.000109724 0.000260337 0.000451928 0.000561122 0.00050719 0.000356031 0.000207825 0.000104367 4.43954e-05 1.45886e-05 2.65172e-06 0 
0 0.000218635 0.000221818 5.04917e-05 3.96481e-06 1.36462e-07 2.57448e-09 3.4206e-11 4.20409e-13 6.30183e-15 1.49311e-16 6.98746e-18 7.68825e-19 2.22275e-19 1.72126e-19 3.43346e-19 1.64515e-18 1.65542e-17 2.93002e-16 7.55363e-15 2.34851e-13 7.35991e-12 1.97461e-10 3.92937e-09 5.16304e-08 4.19193e-07 2.15041e-06 7.90879e-06 2.45703e-05 6.97769e-05 0.000171231 0.000322547 0.000429935 0.000406576 0.000292255 0.000172439 8.69723e-05 3.70555e-05 1.21835e-05 2.21496e-06 0 
0 0.000219455 0.000293458 0.000100565 1.35087e-05 9.00524e-07 3.62133e-08 1.08213e-09 3.00975e-11 9.78907e-13 4.61205e-14 3.7822e-15 6.20947e-16 2.22693e-16 1.79871e-16 3.19139e-16 1.15473e-15 7.60549e-15 7.92248e-14 1.11761e-12 1.82022e-11 2.92009e-10 3.92937e-09 3.7365e-08 2.1013e-07 6.18985e-07 1.03944e-06 1.48042e-06 2.98321e-06 1.01289e-05 4.19486e-05 0.000132954 0.000252263 0.000288609 0.000226279 0.000138226 7.05979e-05 3.02064e-05 9.94502e-06 1.80876e-06 0 
0 0.000210817 0.000363718 0.000182491 3.99254e-05 4.82299e-06 3.83389e-07 2.38062e-08 1.38484e-09 9.07152e-11 7.95339e-12 1.08242e-12 2.56002e-13 1.12887e-13 9.51263e-14 1.50159e-13 4.18329e-13 1.87726e-12 1.21104e-11 9.88718e-11 8.91464e-10 7.64079e-09 5.16304e-08 2.1013e-07 3.54145e-07 1.77258e-07 3.14748e-08 6.13882e-09 6.2386e-09 5.42193e-08 1.29858e-06 1.94856e-05 9.54906e-05 0.000172571 0.000163203 0.000106743 5.57781e-05 2.4038e-05 7.93142e-06 1.44346e-06 0 
0 0.000192739 0.000416901 0.000296496 0.000100352 2.03783e-05 2.93155e-06 3.44606e-07 3.82231e-08 4.62298e-09 6.98495e-10 1.48186e-10 4.82566e-11 2.55015e-11 2.23021e-11 3.17807e-11 7.042e-11 2.25752e-10 9.56292e-10 4.82314e-09 2.57001e-08 1.23864e-07 4.19193e-07 6.18985e-07 1.77258e-07 4.1343e-09 1.01354e-11 3.34389e-14 9.10012e-15 1.06715e-12 1.39248e-09 6.01052e-07 2.01072e-05 8.45665e-05 0.000109479 7.94996e-05 4.29103e-05 1.86707e-05 6.17746e-06 1.12513e-06 0 
0 0.000167085 0.000437633 0.000424851 0.000212108 6.73018e-05 1.59785e-05 3.21833e-06 6.16338e-07 1.25413e-07 3.009e-08 9.31166e-09 3.98067e-09 2.4539e-09 2.21496e-09 2.8932e-09 5.27581e-09 1.27022e-08 3.76039e-08 1.25716e-07 4.25956e-07 1.2329e-06 2.15041e-06 1.03944e-06 3.14748e-08 1.01354e-11 3.8515e-16 2.22849e-15 1.52746e-15 1.13539e-14 6.6756e-14 4.8513e-09 2.70868e-06 3.64085e-05 7.02003e-05 5.76136e-05 3.22146e-05 1.41555e-05 4.69615e-06 8.55952e-07 0 
0 0.000137123 0.000418443 0.000529871 0.000373445 0.000174077 6.26525e-05 1.96096e-05 5.87012e-06 1.83002e-06 6.42215e-07 2.71241e-07 1.45127e-07 1.01589e-07 9.41191e-08 1.14411e-07 1.77628e-07 3.37656e-07 7.4383e-07 1.77179e-06 4.13408e-06 7.85956e-06 7.90879e-06 1.48042e-06 6.13882e-09 3.34389e-14 2.22849e-15 7.04258e-16 8.03666e-16 2.97144e-15 3.57009e-14 6.22069e-11 4.59098e-07 1.70989e-05 4.58031e-05 4.13019e-05 2.36866e-05 1.04774e-05 3.48191e-06 6.34917e-07 0 
0 0.000106587 0.00036444 0.000570523 0.000541277 0.000353105 0.000180173 8.0521e-05 3.43808e-05 1.50302e-05 7.13265e-06 3.85788e-06 2.46822e-06 1.91201e-06 1.80853e-06 2.07562e-06 2.83399e-06 4.46184e-06 7.76879e-06 1.41473e-05 2.46756e-05 3.44055e-05 2.45703e-05 2.98321e-06 6.2386e-09 9.10012e-15 1.52746e-15 8.03666e-16 2.30087e-15 1.01998e-14 1.61531e-13 1.67254e-11 2.39328e-07 1.13334e-05 3.24878e-05 2.97417e-05 1.71029e-05 7.56771e-06 2.51492e-06 4.58577e-07 0 
0 7.86355e-05 0.000290736 0.000531341 0.000639883 0.00055768 0.000384628 0.000230819 0.000130701 7.43124e-05 4.44928e-05 2.91011e-05 2.13584e-05 1.78839e-05 1.71854e-05 1.88672e-05 2.33334e-05 3.17776e-05 4.61858e-05 6.85203e-05 9.63065e-05 0.000109724 6.97769e-05 1.01289e-05 5.42193e-08 1.06715e-12 1.13539e-14 2.97144e-15 1.01998e-14 1.8355e-15 1.24873e-15 2.1962e-10 4.9956e-07 1.13755e-05 2.54316e-05 2.15525e-05 1.21138e-05 5.32495e-06 1.7663e-06 3.21902e-07 0 
0 5.521e-05 0.000214447 0.000433965 0.000620175 0.000680723 0.00060721 0.000469532 0.000336226 0.000235821 0.000169071 0.000127797 0.000104025 9.23336e-05 8.97732e-05 9.53173e-05 0.000109419 0.000133572 0.000169306 0.000215099 0.000258115 0.000260337 0.000171231 4.19486e-05 1.29858e-06 1.39248e-09 6.6756e-14 3.57009e-14 1.61531e-13 1.24873e-15 4.3606e-12 1.87205e-08 2.13989e-06 1.42341e-05 2.08329e-05 1.54772e-05 8.36859e-06 3.63811e-06 1.20301e-06 2.19053e-07 0 
0 3.69627e-05 0.000147721 0.000317514 0.00050539 0.000650994 0.000707987 0.000675919 0.000591681 0.00049577 0.000412418 0.000350154 0.000309209 0.000287189 0.000281782 0.000291596 0.000316 0.000354194 0.00040313 0.000453433 0.000482892 0.000451928 0.000322547 0.000132954 1.94856e-05 6.01052e-07 4.8513e-09 6.22069e-11 1.67254e-11 2.1962e-10 1.87205e-08 8.64509e-07 7.65519e-06 1.68501e-05 1.65108e-05 1.07634e-05 5.59165e-06 2.40233e-06 7.91667e-07 1.44012e-07 0 
0 2.3597e-05 9.57422e-05 0.00021252 0.000359052 0.000508481 0.000629074 0.000698721 0.00071534 0.000693737 0.000654049 0.000612657 0.000579477 0.000559153 0.000553048 0.000560572 0.000579543 0.000605699 0.000631542 0.000644921 0.000628309 0.000561122 0.000429935 0.000252263 9.54906e-05 2.01072e-05 2.70868e-06 4.59098e-07 2.39328e-07 4.9956e-07 2.13989e-06 7.65519e-06 1.48197e-05 1.61352e-05 1.20124e-05 7.11508e-06 3.5829e-06 1.52448e-06 5.0091e-07 9.1042e-08 0 
0 1.43207e-05 5.85363e-05 0.000131982 0.000229627 0.000341351 0.000452987 0.000550005 0.00062241 0.0006677 0.000690042 0.000696942 0.000695912 0.000692521 0.000689776 0.000688196 0.000686099 0.000679902 0.000664541 0.00063413 0.000583003 0.00050719 0.000406576 0.000288609 0.000172571 8.45665e-05 3.64085e-05 1.70989e-05 1.13334e-05 1.13755e-05 1.42341e-05 1.68501e-05 1.61352e-05 1.23376e-05 7.90516e-06 4.42395e-06 2.184e-06 9.23186e-07 3.02706e-07 5.49822e-08 0 
0 8.20144e-06 3.36369e-05 7.63732e-05 0.000134629 0.000204572 0.000280518 0.00035578 0.000424069 0.000480899 0.000524275 0.000554447 0.000572997 0.000581823 0.00058239 0.000575383 0.000560711 0.000537764 0.000505828 0.000464528 0.000414189 0.000356031 0.000292255 0.000226279 0.000163203 0.000109479 7.02003e-05 4.58031e-05 3.24878e-05 2.54316e-05 2.08329e-05 1.65108e-05 1.20124e-05 7.90516e-06 4.72468e-06 2.56944e-06 1.25485e-06 5.28405e-07 1.73036e-07 3.14163e-08 0 
0 4.37224e-06 1.79579e-05 4.08928e-05 7.2474e-05 0.000111122 0.000154459 0.000199554 0.000243316 0.000282948 0.000316309 0.000342071 0.000359645 0.000368981 0.00037034 0.000364137 0.000350878 0.000331193 0.000305894 0.000276024 0.000242856 0.000207825 0.000172439 0.000138226 0.000106743 7.94996e-05 5.76136e-05 4.13019e-05 2.97417e-05 2.15525e-05 1.54772e-05 1.07634e-05 7.11508e-06 4.42395e-06 2.56944e-06 1.3796e-06 6.70258e-07 2.81683e-07 9.21771e-08 1.67315e-08 0 
0 2.11725e-06 8.70114e-06 1.98365e-05 3.52289e-05 5.42003e-05 7.57272e-05 9.85279e-05 0.000121191 0.000142328 0.000160715 0.000175395 0.000185727 0.000191384 0.00019232 0.000188735 0.000181027 0.000169767 0.000155659 0.0001395 0.000122128 0.000104367 8.69723e-05 7.05979e-05 5.57781e-05 4.29103e-05 3.22146e-05 2.36866e-05 1.71029e-05 1.21138e-05 8.36859e-06 5.59165e-06 3.5829e-06 2.184e-06 1.25485e-06 6.70258e-07 3.24894e-07 1.36414e-07 4.46239e-08 8.09886e-09 0 
0 8.88562e-07 3.65249e-06 8.33036e-06 1.48056e-05 2.28066e-05 3.1923e-05 4.16381e-05 5.13743e-05 6.05463e-05 6.86143e-05 7.51288e-05 7.9762e-05 8.23242e-05 8.27659e-05 8.1168e-05 7.7725e-05 7.27217e-05 6.65061e-05 5.94601e-05 5.19691e-05 4.43954e-05 3.70555e-05 3.02064e-05 2.4038e-05 1.86707e-05 1.41555e-05 1.04774e-05 7.56771e-06 5.32495e-06 3.63811e-06 2.40233e-06 1.52448e-06 9.23186e-07 5.28405e-07 2.81683e-07 1.36414e-07 5.72534e-08 1.87258e-08 3.39836e-09 0 
0 2.9061e-07 1.19467e-06 2.72514e-06 4.8447e-06 7.46593e-06 1.04567e-05 1.36503e-05 1.68594e-05 1.98925e-05 2.25702e-05 2.47403e-05 2.6289e-05 2.71484e-05 2.72985e-05 2.67657e-05 2.56165e-05 2.39493e-05 2.1884e-05 1.95505e-05 1.70787e-05 1.45886e-05 1.21835e-05 9.94502e-06 7.93142e-06 6.17746e-06 4.69615e-06 3.48191e-06 2.51492e-06 1.7663e-06 1.20301e-06 7.91667e-07 5.0091e-07 3.02706e-07 1.73036e-07 9.21771e-08 4.46239e-08 1.87258e-08 6.12418e-09 1.11139e-09 0 
0 5.27389e-08 2.16811e-07 4.94591e-07 8.79352e-07 1.35532e-06 1.89862e-06 2.47914e-06 3.06299e-06 3.61537e-06 4.10358e-06 4.49968e-06 4.78268e-06 4.93989e-06 4.96749e-06 4.87021e-06 4.66034e-06 4.35601e-06 3.97932e-06 3.55418e-06 3.10436e-06 2.65172e-06 2.21496e-06 1.80876e-06 1.44346e-06 1.12513e-06 8.55952e-07 6.34917e-07 4.58577e-07 3.21902e-07 2.19053e-07 1.44012e-07 9.1042e-08 5.49822e-08 3.14163e-08 1.67315e-08 8.09886e-09 3.39836e-09 1.11139e-09 2.01686e-10 0 
0 0 0 0 0 0 0 0 0 0 0 0 0 0 0 0 0 0 0 0 0 0 0 0 0 0 0 0 0 0 0 0 0 0 0 0 0 0 0 0 0 
