0 0 0 0 0 0 0 0 0 0 0 0 0 0 0 0 0 0 0 0 0 0 0 0 0 0 0 0 0 0 0 0 0 0 0 0 0 0 0 0 0 
0 1.31758e-05 5.1279e-05 0.000106005 0.000161653 0.000202201 0.000220025 0.000217619 0.000202701 0.000182995 0.000163851 0.000148144 0.000137038 0.00013079 0.000129282 0.00013229 0.000139545 0.000150653 0.000164917 0.000181132 0.000197431 0.000211303 0.000219887 0.000220568 0.000211738 0.000193439 0.000167566 0.000137419 0.000106748 7.87127e-05 5.52428e-05 3.69749e-05 2.36011e-05 1.43219e-05 8.20176e-06 4.37232e-06 2.11726e-06 8.88564e-07 2.9061e-07 5.27389e-08 0 
0 5.1279e-05 0.000184697 0.000329453 0.000398187 0.000365863 0.000278368 0.000188729 0.00012111 7.72713e-05 5.10511e-05 3.60936e-05 2.79898e-05 2.41818e-05 2.34186e-05 2.53457e-05 3.03175e-05 3.93835e-05 5.43576e-05 7.78154e-05 0.000112763 0.000161647 0.000224518 0.000296706 0.000367295 0.000420421 0.000440655 0.000420662 0.000365817 0.000291456 0.000214767 0.000147843 9.57823e-05 5.85479e-05 3.36398e-05 1.79585e-05 8.70126e-06 3.65251e-06 1.19467e-06 2.16811e-07 0 
0 0.000106005 0.000329453 0.000445773 0.000358203 0.000199815 8.8021e-05 3.39076e-05 1.24293e-05 4.678e-06 1.93668e-06 9.35327e-07 5.51171e-07 4.07683e-07 3.82498e-07 4.52082e-07 6.58282e-07 1.14087e-06 2.25494e-06 4.85095e-06 1.08415e-05 2.41157e-05 5.1468e-05 0.000102352 0.000185459 0.000300842 0.000430271 0.000535409 0.000575019 0.000534202 0.000435403 0.000318099 0.000212718 0.000132039 7.63875e-05 4.08959e-05 1.98371e-05 8.33045e-06 2.72515e-06 4.94592e-07 0 
0 0.000161653 0.000398187 0.000358203 0.00016616 4.88705e-05 1.0624e-05 1.93626e-06 3.33907e-07 6.13865e-08 1.34495e-08 3.86425e-09 1.56629e-09 9.37548e-10 8.42515e-10 1.12292e-09 2.138e-09 5.48948e-09 1.77001e-08 6.63024e-08 2.66933e-07 1.07495e-06 4.07245e-06 1.38385e-05 4.08081e-05 0.000102375 0.000215984 0.000379439 0.000548396 0.000646094 0.000624098 0.000507226 0.00035972 0.000229825 0.000134679 7.24846e-05 3.52309e-05 1.48059e-05 4.84473e-06 8.79354e-07 0 
0 0.000202201 0.000365863 0.000199815 4.88705e-05 6.73011e-06 6.19259e-07 4.49199e-08 3.05583e-09 2.32237e-10 2.32305e-11 3.52064e-12 9.00034e-13 4.15099e-13 3.53733e-13 5.467e-13 1.44842e-12 6.03486e-12 3.55555e-11 2.63773e-10 2.19421e-09 1.83819e-08 1.41416e-07 9.29196e-07 4.95823e-06 2.08876e-05 6.88226e-05 0.000177641 0.000359441 0.00056575 0.000687703 0.000655069 0.000510167 0.000341882 0.000204708 0.000111151 5.42055e-05 2.28074e-05 7.46602e-06 1.35532e-06 0 
0 0.000220025 0.000278368 8.8021e-05 1.0624e-05 6.19259e-07 2.13284e-08 5.39774e-10 1.26989e-11 3.52343e-13 1.44109e-14 1.05224e-15 1.58811e-16 5.43464e-17 4.35805e-17 7.97917e-17 3.08544e-16 2.23545e-15 2.62049e-14 4.23805e-13 8.06598e-12 1.55894e-10 2.6947e-09 3.76704e-08 3.96658e-07 3.01944e-06 1.64006e-05 6.41404e-05 0.000184031 0.000391729 0.000615879 0.000714665 0.00063239 0.000454139 0.000280824 0.000154525 7.57391e-05 3.19248e-05 1.04569e-05 1.89863e-06 0 
0 0.000217619 0.000188729 3.39076e-05 1.93626e-06 4.49199e-08 5.39774e-10 4.4269e-12 3.34597e-14 3.15931e-16 4.97614e-18 1.9796e-19 4.41121e-20 2.98164e-20 2.75698e-20 3.14921e-20 6.12858e-20 4.67441e-19 1.08564e-17 4.04177e-16 1.86421e-14 8.80649e-13 3.6184e-11 1.13543e-09 2.47986e-08 3.56776e-07 3.31576e-06 2.01304e-05 8.24414e-05 0.000235726 0.000477804 0.000684448 0.000703981 0.000552084 0.000356367 0.000199684 9.85513e-05 4.16415e-05 1.36507e-05 2.47917e-06 0 
0 0.000202701 0.00012111 1.24293e-05 3.33907e-07 3.05583e-09 1.26989e-11 3.34597e-14 8.0503e-17 2.65478e-19 5.5652e-21 1.4089e-21 9.04152e-22 9.25054e-22 9.1731e-22 8.32034e-22 8.50504e-22 1.64383e-21 8.03125e-21 3.55153e-19 3.93251e-17 4.57274e-15 4.49442e-13 3.1854e-11 1.45252e-09 3.97816e-08 6.37427e-07 6.04191e-06 3.52673e-05 0.000133723 0.000342952 0.000600762 0.000722345 0.000625616 0.000425048 0.000243539 0.000121232 5.13802e-05 1.68601e-05 3.06302e-06 0 
0 0.000182995 7.72713e-05 4.678e-06 6.13865e-08 2.32237e-10 3.52343e-13 3.15931e-16 2.65478e-19 1.29276e-21 1.44222e-22 9.29584e-23 8.58302e-23 9.7555e-23 9.87859e-23 8.45668e-23 7.18738e-23 7.89116e-23 1.13317e-22 1.01187e-21 1.12988e-19 3.02555e-17 6.80429e-15 1.04449e-12 9.57678e-11 4.83564e-09 1.30182e-07 1.88834e-06 1.54433e-05 7.61285e-05 0.00024091 0.000504404 0.000701921 0.000672044 0.00048234 0.000283289 0.000142391 6.05555e-05 1.98935e-05 3.61542e-06 0 
0 0.000163851 5.10511e-05 1.93668e-06 1.34495e-08 2.32305e-11 1.44109e-14 4.97614e-18 5.5652e-21 1.44222e-22 2.245e-23 1.46369e-23 1.50621e-23 1.73388e-23 1.75908e-23 1.49634e-23 1.18158e-23 9.7783e-24 9.3139e-24 3.32349e-23 1.07148e-21 3.49096e-19 1.62634e-16 4.95631e-14 8.4444e-12 7.33864e-10 3.1337e-08 6.64194e-07 7.33934e-06 4.5624e-05 0.00017289 0.000420188 0.000662809 0.000695361 0.000526189 0.000316781 0.000160803 6.86272e-05 2.25716e-05 4.10366e-06 0 
0 0.000148144 3.60936e-05 9.35327e-07 3.86425e-09 3.52064e-12 1.05224e-15 1.9796e-19 1.4089e-21 9.29584e-23 1.46369e-23 5.01382e-24 3.7614e-24 3.93677e-24 3.91059e-24 3.32677e-24 2.54779e-24 1.91366e-24 1.90554e-24 6.71793e-24 9.64918e-23 1.05853e-20 7.66489e-18 4.08796e-15 1.15452e-12 1.56244e-10 9.72336e-09 2.81046e-07 3.97438e-06 2.98622e-05 0.000130764 0.000357068 0.000621565 0.00070298 0.000556777 0.000342665 0.000175508 7.51453e-05 2.47421e-05 4.49979e-06 0 
0 0.000137038 2.79898e-05 5.51171e-07 1.56629e-09 9.00034e-13 1.58811e-16 4.41121e-20 9.04152e-22 8.58302e-23 1.50621e-23 3.76141e-24 1.54744e-24 1.1282e-24 1.0043e-24 8.36922e-25 6.38747e-25 5.13604e-25 7.6347e-25 3.27225e-24 3.31246e-23 1.46364e-21 8.47054e-19 6.73874e-16 2.73935e-13 5.1008e-11 4.16441e-09 1.50569e-07 2.54485e-06 2.19272e-05 0.000106475 0.000315471 0.00058832 0.000702399 0.000575636 0.000360337 0.00018586 7.97815e-05 2.62911e-05 4.7828e-06 0 
0 0.00013079 2.41818e-05 4.07683e-07 9.37548e-10 4.15099e-13 5.43464e-17 2.98164e-20 9.25054e-22 9.75551e-23 1.73388e-23 3.93677e-24 1.1282e-24 4.80953e-25 3.11558e-25 2.3602e-25 1.87297e-25 2.05475e-25 5.15046e-25 2.51161e-24 2.24006e-23 6.57146e-22 2.45103e-19 2.42198e-16 1.21e-13 2.69906e-11 2.56963e-09 1.05468e-07 1.97215e-06 1.83637e-05 9.45191e-05 0.000293061 0.000567875 0.000699215 0.000584632 0.00036973 0.000191528 8.23456e-05 2.71506e-05 4.94002e-06 0 
0 0.000129282 2.34186e-05 3.82498e-07 8.42515e-10 3.53733e-13 4.35805e-17 2.75698e-20 9.17311e-22 9.87859e-23 1.75908e-23 3.91059e-24 1.0043e-24 3.11559e-25 1.33569e-25 8.19403e-26 7.34451e-26 1.30651e-25 4.54549e-25 2.33853e-24 2.04713e-23 5.6e-22 1.89741e-19 1.95666e-16 1.01976e-13 2.36061e-11 2.31947e-09 9.77108e-08 1.86529e-06 1.76447e-05 9.18878e-05 0.000287522 0.000561671 0.000696467 0.000585222 0.0003711 0.000192468 8.27876e-05 2.73008e-05 4.96762e-06 0 
0 0.00013229 2.53457e-05 4.52082e-07 1.12292e-09 5.467e-13 7.97917e-17 3.14921e-20 8.32034e-22 8.45669e-23 1.49634e-23 3.32677e-24 8.36922e-25 2.36021e-25 8.19403e-26 4.33157e-26 4.74161e-26 1.16726e-25 4.57252e-25 2.46648e-24 2.35642e-23 8.1713e-22 3.78344e-19 3.46576e-16 1.60749e-13 3.36011e-11 3.027e-09 1.18694e-07 2.13962e-06 1.93635e-05 9.75297e-05 0.000297437 0.000569124 0.000694693 0.000578095 0.000364859 0.000188875 8.11886e-05 2.67679e-05 4.87034e-06 0 
0 0.000139545 3.03175e-05 6.58282e-07 2.138e-09 1.44842e-12 3.08544e-16 6.12858e-20 8.50504e-22 7.18738e-23 1.18158e-23 2.54779e-24 6.38747e-25 1.87297e-25 7.34451e-26 4.74161e-26 5.8301e-26 1.39099e-25 5.44541e-25 3.24639e-24 3.97346e-23 2.54464e-21 1.80766e-18 1.24975e-15 4.46593e-13 7.42883e-11 5.51014e-09 1.84031e-07 2.9185e-06 2.39301e-05 0.000111893 0.000322134 0.000588 0.000692206 0.000563178 0.000351525 0.000181152 7.77433e-05 2.56185e-05 4.66045e-06 0 
0 0.000150653 3.93835e-05 1.14087e-06 5.48948e-09 6.03486e-12 2.23545e-15 4.67441e-19 1.64383e-21 7.89116e-23 9.7783e-24 1.91366e-24 5.13605e-25 2.05475e-25 1.30651e-25 1.16726e-25 1.39099e-25 2.56796e-25 8.92705e-25 6.43527e-24 1.43641e-22 2.68171e-20 1.8087e-17 8.19152e-15 1.9962e-12 2.37396e-10 1.32332e-08 3.49157e-07 4.58837e-06 3.25563e-05 0.000136473 0.000360731 0.000613929 0.000685417 0.000539888 0.000331737 0.000169871 7.27369e-05 2.3951e-05 4.3561e-06 0 
0 0.000164917 5.43576e-05 2.25494e-06 1.77001e-08 3.55555e-11 2.62049e-14 1.08564e-17 8.03125e-21 1.13317e-22 9.3139e-24 1.90554e-24 7.63469e-25 5.15045e-25 4.54549e-25 4.57252e-25 5.44541e-25 8.92705e-25 2.91696e-24 3.00804e-23 2.01878e-21 7.8274e-19 3.17835e-16 8.48219e-14 1.28147e-11 1.00164e-09 3.90527e-08 7.67292e-07 7.9744e-06 4.72504e-05 0.000172764 0.000410014 0.000639267 0.000669267 0.00050755 0.000306323 0.00015574 6.6518e-05 2.18852e-05 3.97939e-06 0 
0 0.000181132 7.78154e-05 4.85095e-06 6.63024e-08 2.63773e-10 4.23805e-13 4.04177e-16 3.55153e-19 1.01187e-21 3.32349e-23 6.71793e-24 3.27225e-24 2.5116e-24 2.33853e-24 2.46648e-24 3.24639e-24 6.43527e-24 3.00804e-23 8.43502e-22 1.47535e-19 3.80184e-17 8.12788e-15 1.18851e-12 1.04039e-10 5.02883e-09 1.3008e-07 1.82237e-06 1.44885e-05 6.99669e-05 0.000219098 0.000460327 0.000651727 0.000637918 0.000465834 0.000276342 0.000139559 5.94689e-05 1.95514e-05 3.55424e-06 0 
0 0.000197431 0.000112763 1.08415e-05 2.66933e-07 2.19421e-09 8.06598e-12 1.86421e-14 3.93251e-17 1.12988e-19 1.07148e-21 9.64917e-23 3.31246e-23 2.24006e-23 2.04713e-23 2.35642e-23 3.97346e-23 1.43641e-22 2.01878e-21 1.47535e-19 1.81648e-17 2.32731e-15 2.50552e-13 1.92177e-11 9.32417e-10 2.66632e-08 4.38958e-07 4.23805e-06 2.5201e-05 9.8097e-05 0.00026228 0.000489099 0.000633754 0.000585803 0.000415116 0.000243078 0.000122169 5.19753e-05 1.70794e-05 3.1044e-06 0 
0 0.000211303 0.000161647 2.41157e-05 1.07495e-06 1.83819e-08 1.55894e-10 8.80649e-13 4.57274e-15 3.02555e-17 3.49096e-19 1.05853e-20 1.46364e-21 6.57146e-22 5.6e-22 8.17129e-22 2.54464e-21 2.68171e-20 7.8274e-19 3.80184e-17 2.32731e-15 1.45709e-13 7.78425e-12 3.06043e-10 7.94272e-09 1.27853e-07 1.26525e-06 8.02946e-06 3.5032e-05 0.000111441 0.000263786 0.000456576 0.00056494 0.000509086 0.00035665 0.000207973 0.000104395 4.43995e-05 1.45891e-05 2.65175e-06 0 
0 0.000219887 0.000224518 5.1468e-05 4.07245e-06 1.41416e-07 2.6947e-09 3.6184e-11 4.49442e-13 6.80429e-15 1.62634e-16 7.66489e-18 8.47054e-19 2.45103e-19 1.89741e-19 3.78344e-19 1.80766e-18 1.8087e-17 3.17835e-16 8.12788e-15 2.50552e-13 7.78425e-12 2.07096e-10 4.08892e-09 5.33547e-08 4.30673e-07 2.19906e-06 8.05843e-06 2.49614e-05 7.07052e-05 0.000173081 0.000325169 0.000432223 0.000407767 0.000292656 0.000172536 8.69908e-05 3.70582e-05 1.21838e-05 2.21498e-06 0 
0 0.000220568 0.000296706 0.000102352 1.38385e-05 9.29196e-07 3.76704e-08 1.13543e-09 3.1854e-11 1.04449e-12 4.95631e-14 4.08796e-15 6.73874e-16 2.42198e-16 1.95666e-16 3.46576e-16 1.24975e-15 8.19152e-15 8.48219e-14 1.18851e-12 1.92177e-11 3.06043e-10 4.08892e-09 3.86295e-08 2.16061e-07 6.33936e-07 1.06187e-06 1.50963e-06 3.03528e-06 1.02732e-05 4.23958e-05 0.000133937 0.000253431 0.000289333 0.000226543 0.000138293 7.06106e-05 3.02083e-05 9.94523e-06 1.80877e-06 0 
0 0.000211738 0.000367295 0.000185459 4.08081e-05 4.95823e-06 3.96658e-07 2.47986e-08 1.45252e-09 9.57678e-11 8.4444e-12 1.15452e-12 2.73935e-13 1.21e-13 1.01976e-13 1.60749e-13 4.46593e-13 1.9962e-12 1.28147e-11 1.04039e-10 9.32417e-10 7.94272e-09 5.33547e-08 2.16061e-07 3.62981e-07 1.81597e-07 3.23145e-08 6.31847e-09 6.41649e-09 5.54651e-08 1.31883e-06 1.96673e-05 9.59809e-05 0.000173016 0.000163391 0.000106792 5.57875e-05 2.40394e-05 7.93158e-06 1.44347e-06 0 
0 0.000193439 0.000420421 0.000300842 0.000102375 2.08876e-05 3.01944e-06 3.56776e-07 3.97816e-08 4.83564e-09 7.33864e-10 1.56244e-10 5.1008e-11 2.69906e-11 2.36061e-11 3.36011e-11 7.42883e-11 2.37396e-10 1.00164e-09 5.02883e-09 2.66632e-08 1.27853e-07 4.30673e-07 6.33936e-07 1.81597e-07 4.26027e-09 1.05585e-11 3.54627e-14 9.67557e-15 1.11605e-12 1.43176e-09 6.10101e-07 2.02506e-05 8.48335e-05 0.000109621 7.95386e-05 4.29177e-05 1.86718e-05 6.17758e-06 1.12513e-06 0 
0 0.000167566 0.000440655 0.000430271 0.000215984 6.88226e-05 1.64006e-05 3.31576e-06 6.37427e-07 1.30182e-07 3.1337e-08 9.72336e-09 4.16441e-09 2.56963e-09 2.31947e-09 3.027e-09 5.51014e-09 1.32332e-08 3.90527e-08 1.3008e-07 4.38958e-07 1.26525e-06 2.19906e-06 1.06187e-06 3.23145e-08 1.05585e-11 3.5972e-16 2.25871e-15 1.48603e-15 1.0466e-14 7.005e-14 4.9683e-09 2.73666e-06 3.6557e-05 7.03077e-05 5.76449e-05 3.22205e-05 1.41563e-05 4.69624e-06 8.55957e-07 0 
0 0.000137419 0.000420662 0.000535409 0.000379439 0.000177641 6.41404e-05 2.01304e-05 6.04191e-06 1.88834e-06 6.64194e-07 2.81046e-07 1.50569e-07 1.05468e-07 9.77108e-08 1.18694e-07 1.84031e-07 3.49157e-07 7.67292e-07 1.82237e-06 4.23805e-06 8.02946e-06 8.05843e-06 1.50963e-06 6.31847e-09 3.54627e-14 2.25871e-15 6.76807e-16 7.08921e-16 2.51049e-15 3.00556e-14 6.42555e-11 4.65187e-07 1.71824e-05 4.58816e-05 4.13257e-05 2.3691e-05 1.0478e-05 3.48197e-06 6.34921e-07 0 
0 0.000106748 0.000365817 0.000575019 0.000548396 0.000359441 0.000184031 8.24414e-05 3.52673e-05 1.54433e-05 7.33934e-06 3.97438e-06 2.54485e-06 1.97215e-06 1.86529e-06 2.13962e-06 2.9185e-06 4.58837e-06 7.9744e-06 1.44885e-05 2.5201e-05 3.5032e-05 2.49614e-05 3.03528e-06 6.41649e-09 9.67557e-15 1.48603e-15 7.08921e-16 1.98987e-15 9.00038e-15 1.4813e-13 1.73394e-11 2.42656e-07 1.139e-05 3.2543e-05 2.97583e-05 1.7106e-05 7.56813e-06 2.51496e-06 4.58579e-07 0 
0 7.87127e-05 0.000291456 0.000534202 0.000646094 0.00056575 0.000391729 0.000235726 0.000133723 7.61285e-05 4.5624e-05 2.98622e-05 2.19272e-05 1.83637e-05 1.76447e-05 1.93635e-05 2.39301e-05 3.25563e-05 4.72504e-05 6.99669e-05 9.8097e-05 0.000111441 7.07052e-05 1.02732e-05 5.54651e-08 1.11605e-12 1.0466e-14 2.51049e-15 9.00038e-15 1.57159e-15 1.05375e-15 2.25883e-10 5.05348e-07 1.14234e-05 2.54683e-05 2.15627e-05 1.21156e-05 5.3252e-06 1.76632e-06 3.21904e-07 0 
0 5.52428e-05 0.000214767 0.000435403 0.000624098 0.000687703 0.000615879 0.000477804 0.000342952 0.00024091 0.00017289 0.000130764 0.000106475 9.45191e-05 9.18878e-05 9.75297e-05 0.000111893 0.000136473 0.000172764 0.000219098 0.00026228 0.000263786 0.000173081 4.23958e-05 1.31883e-06 1.43176e-09 7.005e-14 3.00556e-14 1.4813e-13 1.05375e-15 4.51858e-12 1.90634e-08 2.15654e-06 1.42761e-05 2.08546e-05 1.54826e-05 8.36955e-06 3.63824e-06 1.20302e-06 2.19054e-07 0 
0 3.69749e-05 0.000147843 0.000318099 0.000507226 0.000655069 0.000714665 0.000684448 0.000600762 0.000504404 0.000420188 0.000357068 0.000315471 0.000293061 0.000287522 0.000297437 0.000322134 0.000360731 0.000410014 0.000460327 0.000489099 0.000456576 0.000325169 0.000133937 1.96673e-05 6.10101e-07 4.9683e-09 6.42555e-11 1.73394e-11 2.25883e-10 1.90634e-08 8.72844e-07 7.68845e-06 1.68796e-05 1.65214e-05 1.07658e-05 5.59207e-06 2.40239e-06 7.91673e-07 1.44013e-07 0 
0 2.36011e-05 9.57823e-05 0.000212718 0.00035972 0.000510167 0.00063239 0.000703981 0.000722345 0.000701921 0.000662809 0.000621565 0.00058832 0.000567875 0.000561671 0.000569124 0.000588 0.000613929 0.000639267 0.000651727 0.000633754 0.00056494 0.000432223 0.000253431 9.59809e-05 2.02506e-05 2.73666e-06 4.65187e-07 2.42656e-07 5.05348e-07 2.15654e-06 7.68845e-06 1.48507e-05 1.61497e-05 1.20166e-05 7.116e-06 3.58306e-06 1.5245e-06 5.00913e-07 9.10422e-08 0 
0 1.43219e-05 5.85479e-05 0.000132039 0.000229825 0.000341882 0.000454139 0.000552084 0.000625616 0.000672044 0.000695361 0.00070298 0.000702399 0.000699215 0.000696467 0.000694693 0.000692206 0.000685417 0.000669267 0.000637918 0.000585803 0.000509086 0.000407767 0.000289333 0.000173016 8.48335e-05 3.6557e-05 1.71824e-05 1.139e-05 1.14234e-05 1.42761e-05 1.68796e-05 1.61497e-05 1.23427e-05 7.90652e-06 4.42425e-06 2.18405e-06 9.23194e-07 3.02707e-07 5.49822e-08 0 
0 8.20176e-06 3.36398e-05 7.63875e-05 0.000134679 0.000204708 0.000280824 0.000356367 0.000425048 0.00048234 0.000526189 0.000556777 0.000575636 0.000584632 0.000585222 0.000578095 0.000563178 0.000539888 0.00050755 0.000465834 0.000415116 0.00035665 0.000292656 0.000226543 0.000163391 0.000109621 7.03077e-05 4.58816e-05 3.2543e-05 2.54683e-05 2.08546e-05 1.65214e-05 1.20166e-05 7.90652e-06 4.72504e-06 2.56952e-06 1.25486e-06 5.28407e-07 1.73037e-07 3.14164e-08 0 
0 4.37232e-06 1.79585e-05 4.08959e-05 7.24846e-05 0.000111151 0.000154525 0.000199684 0.000243539 0.000283289 0.000316781 0.000342665 0.000360337 0.00036973 0.0003711 0.000364859 0.000351525 0.000331737 0.000306323 0.000276342 0.000243078 0.000207973 0.000172536 0.000138293 0.000106792 7.95386e-05 5.76449e-05 4.13257e-05 2.97583e-05 2.15627e-05 1.54826e-05 1.07658e-05 7.116e-06 4.42425e-06 2.56952e-06 1.37961e-06 6.70262e-07 2.81684e-07 9.21772e-08 1.67315e-08 0 
0 2.11726e-06 8.70126e-06 1.98371e-05 3.52309e-05 5.42055e-05 7.57391e-05 9.85513e-05 0.000121232 0.000142391 0.000160803 0.000175508 0.00018586 0.000191528 0.000192468 0.000188875 0.000181152 0.000169871 0.00015574 0.000139559 0.000122169 0.000104395 8.69908e-05 7.06106e-05 5.57875e-05 4.29177e-05 3.22205e-05 2.3691e-05 1.7106e-05 1.21156e-05 8.36955e-06 5.59207e-06 3.58306e-06 2.18405e-06 1.25486e-06 6.70262e-07 3.24895e-07 1.36414e-07 4.46239e-08 8.09886e-09 0 
0 8.88564e-07 3.65251e-06 8.33045e-06 1.48059e-05 2.28074e-05 3.19248e-05 4.16415e-05 5.13802e-05 6.05555e-05 6.86272e-05 7.51453e-05 7.97815e-05 8.23456e-05 8.27876e-05 8.11886e-05 7.77433e-05 7.27369e-05 6.6518e-05 5.94689e-05 5.19753e-05 4.43995e-05 3.70582e-05 3.02083e-05 2.40394e-05 1.86718e-05 1.41563e-05 1.0478e-05 7.56813e-06 5.3252e-06 3.63824e-06 2.40239e-06 1.5245e-06 9.23194e-07 5.28407e-07 2.81684e-07 1.36414e-07 5.72534e-08 1.87258e-08 3.39836e-09 0 
0 2.9061e-07 1.19467e-06 2.72515e-06 4.84473e-06 7.46602e-06 1.04569e-05 1.36507e-05 1.68601e-05 1.98935e-05 2.25716e-05 2.47421e-05 2.62911e-05 2.71506e-05 2.73008e-05 2.67679e-05 2.56185e-05 2.3951e-05 2.18852e-05 1.95514e-05 1.70794e-05 1.45891e-05 1.21838e-05 9.94523e-06 7.93158e-06 6.17758e-06 4.69624e-06 3.48197e-06 2.51496e-06 1.76632e-06 1.20302e-06 7.91673e-07 5.00913e-07 3.02707e-07 1.73037e-07 9.21772e-08 4.46239e-08 1.87258e-08 6.12419e-09 1.11139e-09 0 
0 5.27389e-08 2.16811e-07 4.94592e-07 8.79354e-07 1.35532e-06 1.89863e-06 2.47917e-06 3.06302e-06 3.61542e-06 4.10366e-06 4.49979e-06 4.7828e-06 4.94002e-06 4.96762e-06 4.87034e-06 4.66045e-06 4.3561e-06 3.97939e-06 3.55424e-06 3.1044e-06 2.65175e-06 2.21498e-06 1.80877e-06 1.44347e-06 1.12513e-06 8.55957e-07 6.34921e-07 4.58579e-07 3.21904e-07 2.19054e-07 1.44013e-07 9.10422e-08 5.49822e-08 3.14164e-08 1.67315e-08 8.09886e-09 3.39836e-09 1.11139e-09 2.01686e-10 0 
0 0 0 0 0 0 0 0 0 0 0 0 0 0 0 0 0 0 0 0 0 0 0 0 0 0 0 0 0 0 0 0 0 0 0 0 0 0 0 0 0 
