0 0 0 0 0 0 0 0 0 0 0 0 0 0 0 0 0 0 0 0 0 0 0 0 0 0 0 0 0 0 0 0 0 0 0 0 0 0 0 0 0 
0 1.3604e-05 5.49884e-05 0.000121441 0.000204292 0.000289515 0.000362047 0.000411824 0.000436988 0.000442383 0.000435667 0.000424061 0.000412848 0.000405211 0.000402606 0.000405183 0.000412048 0.000421366 0.000430432 0.00043583 0.000433863 0.00042128 0.000396203 0.000358899 0.000311988 0.00025985 0.000207424 0.000158949 0.000117173 8.32307e-05 5.69963e-05 3.75855e-05 2.37921e-05 1.43756e-05 8.2153e-06 4.37535e-06 2.11786e-06 8.88661e-07 2.90622e-07 5.27397e-08 0 
0 5.49884e-05 0.000216918 0.000455698 0.000701205 0.000866086 0.00090052 0.0008227 0.000690434 0.000555564 0.000444935 0.000365418 0.00031456 0.000287765 0.000281489 0.000294148 0.000326043 0.000378739 0.000453854 0.000551002 0.000664909 0.000782632 0.000883093 0.000941486 0.00093868 0.000870868 0.000752242 0.000608055 0.000463436 0.000335578 0.000232172 0.000153885 9.76418e-05 5.9058e-05 3.37646e-05 1.79856e-05 8.70638e-06 3.65332e-06 1.19477e-06 2.16817e-07 0 
0 0.000121441 0.000455698 0.000862007 0.00110159 0.00103242 0.000756752 0.000468318 0.000264883 0.000147018 8.49519e-05 5.35533e-05 3.81173e-05 3.12997e-05 2.99105e-05 3.31477e-05 4.20001e-05 5.94693e-05 9.14177e-05 0.000147712 0.000242607 0.000391919 0.000603613 0.000861541 0.00111285 0.00127995 0.00130356 0.00118273 0.00097045 0.000733528 0.000519222 0.000348016 0.000221949 0.000134537 7.69853e-05 4.10221e-05 1.98603e-05 8.33401e-06 2.72557e-06 4.94618e-07 0 
0 0.000204292 0.000701205 0.00110159 0.00102876 0.000626996 0.000278268 0.00010159 3.41308e-05 1.16322e-05 4.37215e-06 1.94178e-06 1.07346e-06 7.63406e-07 7.07384e-07 8.48269e-07 1.285e-06 2.36746e-06 5.05917e-06 1.19021e-05 2.92438e-05 7.1397e-05 0.00016559 0.000350585 0.000654037 0.00104304 0.00139255 0.00154952 0.00145946 0.00119894 0.000887838 0.000608438 0.000391942 0.000238581 0.000136749 7.2913e-05 3.53077e-05 1.48174e-05 4.84604e-06 8.79435e-07 0 
0 0.000289515 0.000866086 0.00103242 0.000626996 0.000222377 5.41182e-05 1.05576e-05 1.89997e-06 3.58713e-07 7.97905e-08 2.30745e-08 9.35358e-09 5.57439e-09 4.97338e-09 6.57128e-09 1.23979e-08 3.15511e-08 1.00898e-07 3.75147e-07 1.50026e-06 6.00331e-06 2.25741e-05 7.57457e-05 0.000217463 0.000515434 0.000977535 0.00145226 0.00169263 0.0015957 0.00127743 0.000910389 0.000596966 0.000366086 0.000210437 0.000112322 5.44118e-05 2.28377e-05 7.46938e-06 1.35552e-06 0 
0 0.000362047 0.00090052 0.000756752 0.000278268 5.41182e-05 6.7712e-06 6.53785e-07 5.79639e-08 5.5808e-09 6.81569e-10 1.20642e-10 3.42827e-11 1.66863e-11 1.42525e-11 2.10377e-11 5.10151e-11 1.87847e-10 9.5242e-10 5.97298e-09 4.16183e-08 2.91729e-07 1.8891e-06 1.05602e-05 4.84601e-05 0.000175962 0.000490486 0.00102095 0.00156216 0.00178518 0.00160593 0.00121663 0.000820658 0.000509256 0.000294079 0.000157228 7.62092e-05 3.19926e-05 1.04643e-05 1.89907e-06 0 
0 0.000411824 0.0008227 0.000468318 0.00010159 1.05576e-05 6.53785e-07 2.97907e-08 1.23641e-09 5.77667e-11 3.70483e-12 3.86971e-13 7.50648e-14 2.93843e-14 2.39407e-14 3.97849e-14 1.26271e-13 6.91138e-13 5.747e-12 6.31778e-11 7.98941e-10 1.0218e-08 1.18357e-07 1.13827e-06 8.54273e-06 4.80782e-05 0.000197789 0.000581805 0.00119782 0.00172198 0.00180213 0.00148505 0.00104286 0.000658291 0.000382664 0.000205078 9.94838e-05 4.17745e-05 1.3665e-05 2.48e-06 0 
0 0.000436988 0.000690434 0.000264883 3.41308e-05 1.89997e-06 5.79639e-08 1.23641e-09 2.38041e-11 5.34938e-13 1.7874e-14 1.09441e-15 1.44196e-16 4.52552e-17 3.51293e-17 6.5774e-17 2.73937e-16 2.23821e-15 3.06928e-14 5.95337e-13 1.37621e-11 3.23523e-10 6.75039e-09 1.12318e-07 1.38191e-06 1.20117e-05 7.21081e-05 0.000295233 0.000812068 0.0014833 0.00184316 0.00168251 0.00124357 0.000802639 0.000470638 0.000253015 0.000122868 5.16119e-05 1.68847e-05 3.06445e-06 0 
0 0.000442383 0.000555564 0.000147018 1.16322e-05 3.58713e-07 5.5808e-09 5.77667e-11 5.34938e-13 5.98491e-15 1.07421e-16 3.95322e-18 3.60599e-19 9.19375e-20 6.81794e-20 1.4247e-19 7.66137e-19 9.15742e-18 2.0215e-16 6.73336e-15 2.76531e-13 1.16131e-11 4.24709e-10 1.19185e-08 2.34769e-07 3.07947e-06 2.63061e-05 0.000145711 0.000521331 0.00119267 0.00176217 0.00179693 0.00140782 0.000932626 0.000552516 0.00029814 0.000144964 6.09183e-05 1.99319e-05 3.61762e-06 0 
0 0.000435667 0.000444935 8.49519e-05 4.37215e-06 7.97905e-08 6.81569e-10 3.70483e-12 1.7874e-14 1.07421e-16 1.10837e-18 2.60149e-20 1.74353e-21 3.81439e-22 2.74055e-22 6.14926e-22 4.0297e-21 6.67785e-20 2.24768e-18 1.21149e-16 8.30154e-15 5.84717e-13 3.52713e-11 1.57788e-09 4.72971e-08 8.94922e-07 1.04422e-05 7.52348e-05 0.000337113 0.000936974 0.00162018 0.00183902 0.00152885 0.00104091 0.000623486 0.000337784 0.000164463 6.91425e-05 2.26258e-05 4.10674e-06 0 
0 0.000424061 0.000365418 5.35533e-05 1.94178e-06 2.30745e-08 1.20642e-10 3.86971e-13 1.09441e-15 3.95322e-18 2.60149e-20 4.30349e-22 2.30023e-23 4.50577e-24 3.15811e-24 7.42562e-24 5.5761e-23 1.17802e-21 5.54548e-20 4.42636e-18 4.61274e-16 4.96379e-14 4.51373e-12 2.96072e-10 1.25278e-08 3.20207e-07 4.82221e-06 4.29945e-05 0.00023056 0.000748273 0.00147222 0.0018332 0.00160808 0.00112321 0.000679854 0.000369738 0.000180256 7.5814e-05 2.48122e-05 4.50375e-06 0 
0 0.000412848 0.00031456 3.81173e-05 1.07346e-06 9.35358e-09 3.42827e-11 7.50648e-14 1.44196e-16 3.60599e-19 1.74353e-21 2.30024e-23 1.01029e-24 1.69851e-25 1.14174e-25 2.90222e-25 2.52698e-24 6.37461e-23 3.76025e-21 3.96557e-19 5.59601e-17 8.18707e-15 1.00269e-12 8.68422e-11 4.72099e-09 1.50165e-07 2.72202e-06 2.83118e-05 0.000172657 0.000625779 0.00135217 0.00180563 0.00165213 0.00117808 0.000719239 0.00039241 0.000191518 8.05792e-05 2.63746e-05 4.78752e-06 0 
0 0.000405211 0.000287765 3.12997e-05 7.63406e-07 5.57439e-09 1.66863e-11 2.93843e-14 4.52552e-17 9.19375e-20 3.81439e-22 4.50578e-24 1.69852e-25 2.42014e-26 1.54395e-26 4.29765e-26 4.29386e-25 1.21192e-23 8.00896e-22 9.82271e-20 1.64647e-17 2.87108e-15 4.17039e-13 4.23698e-11 2.6606e-09 9.59989e-08 1.93662e-06 2.20143e-05 0.000144559 0.000558356 0.00127471 0.00177603 0.00166882 0.00120604 0.000740525 0.000404893 0.000197759 8.3225e-05 2.72427e-05 4.94522e-06 0 
0 0.000402606 0.000281489 2.99105e-05 7.07384e-07 4.97338e-09 1.42525e-11 2.39407e-14 3.51293e-17 6.81794e-20 2.74056e-22 3.15812e-24 1.14175e-25 1.54396e-26 9.64691e-27 2.75181e-26 2.84987e-25 8.24451e-24 5.56387e-22 7.03196e-20 1.22258e-17 2.21506e-15 3.34172e-13 3.51965e-11 2.2844e-09 8.48753e-08 1.75593e-06 2.03906e-05 0.000136377 0.000535693 0.00124258 0.00175475 0.00166395 0.00120846 0.00074366 0.000406967 0.000198836 8.36876e-05 2.73952e-05 4.97294e-06 0 
0 0.000405183 0.000294148 3.31477e-05 8.48269e-07 6.57128e-09 2.10377e-11 3.97849e-14 6.5774e-17 1.4247e-19 6.14926e-22 7.42563e-24 2.90222e-25 4.29765e-26 2.75181e-26 7.39156e-26 7.04491e-25 1.91309e-23 1.21522e-21 1.41411e-19 2.23591e-17 3.68159e-15 5.06777e-13 4.90437e-11 2.9515e-09 1.02731e-07 2.01235e-06 2.23535e-05 0.000144315 0.000551304 0.00125193 0.00174282 0.00163974 0.00118681 0.000729439 0.000399035 0.000194941 8.20468e-05 2.6858e-05 4.87544e-06 0 
0 0.000412048 0.000326043 4.20001e-05 1.285e-06 1.23979e-08 5.10151e-11 1.26271e-13 2.73937e-16 7.66137e-19 4.0297e-21 5.5761e-23 2.52698e-24 4.29385e-25 2.84987e-25 7.0449e-25 5.86874e-24 1.39592e-22 7.61092e-21 7.28449e-19 9.28009e-17 1.22874e-14 1.37071e-12 1.09122e-10 5.51172e-09 1.64775e-07 2.8401e-06 2.84125e-05 0.000168574 0.000601396 0.00129351 0.00173294 0.00159477 0.00114242 0.000699327 0.000382035 0.000186557 7.85087e-05 2.5699e-05 4.66502e-06 0 
0 0.000421366 0.000378739 5.94693e-05 2.36746e-06 3.15511e-08 1.87847e-10 6.91138e-13 2.23821e-15 9.15742e-18 6.67785e-20 1.17802e-21 6.37461e-23 1.21192e-23 8.24449e-24 1.91309e-23 1.39592e-22 2.75099e-21 1.1694e-19 8.31075e-18 7.69202e-16 7.37787e-14 6.02646e-12 3.58923e-10 1.39646e-08 3.32677e-07 4.73542e-06 4.04921e-05 0.000211581 0.000680954 0.00135063 0.0017106 0.001525 0.00107663 0.000655351 0.000357331 0.000174393 7.33782e-05 2.40187e-05 4.35996e-06 0 
0 0.000430432 0.000453854 9.14177e-05 5.05917e-06 1.00898e-07 9.5242e-10 5.747e-12 3.06928e-14 2.0215e-16 2.24768e-18 5.54548e-20 3.76024e-21 8.00896e-22 5.56387e-22 1.21522e-21 7.61092e-21 1.1694e-19 3.58572e-18 1.74999e-16 1.08555e-14 6.94819e-13 3.83507e-11 1.58411e-09 4.4306e-08 7.91341e-07 8.83029e-06 6.1811e-05 0.000274689 0.000776477 0.00139526 0.0016557 0.00142543 0.000991163 0.000599999 0.000326585 0.000159313 6.70262e-05 2.19391e-05 3.98248e-06 0 
0 0.00043583 0.000551002 0.000147712 1.19021e-05 3.75147e-07 5.97298e-09 6.31778e-11 5.95337e-13 6.73336e-15 1.21149e-16 4.42636e-18 3.96557e-19 9.82271e-20 7.03196e-20 1.41411e-19 7.28449e-19 8.31075e-18 1.74999e-16 5.56715e-15 2.18867e-13 8.82385e-12 3.10721e-10 8.42086e-09 1.60707e-07 2.05191e-06 1.72109e-05 9.52064e-05 0.000350237 0.000855218 0.00138528 0.00154518 0.00129171 0.000888363 0.000536071 0.000291612 0.000142254 5.98541e-05 1.95926e-05 3.55661e-06 0 
0 0.000433863 0.000664909 0.000242607 2.92438e-05 1.50026e-06 4.16183e-08 7.98941e-10 1.37621e-11 2.76531e-13 8.30154e-15 4.61274e-16 5.59601e-17 1.64647e-17 1.22258e-17 2.23591e-17 9.28009e-17 7.69202e-16 1.08555e-14 2.18867e-13 5.28546e-12 1.29784e-10 2.81423e-09 4.82184e-08 6.04094e-07 5.30007e-06 3.21681e-05 0.000136181 0.000406549 0.000855606 0.00126707 0.00135655 0.00112091 0.000771018 0.00046645 0.000254233 0.000124149 5.22604e-05 1.71101e-05 3.10619e-06 0 
0 0.00042128 0.000782632 0.000391919 7.1397e-05 6.00331e-06 2.91729e-07 1.0218e-08 3.23523e-10 1.16131e-11 5.84717e-13 4.96379e-14 8.18707e-15 2.87108e-15 2.21506e-15 3.68159e-15 1.22874e-14 7.37787e-14 6.94819e-13 8.82385e-12 1.29784e-10 1.9182e-09 2.5186e-08 2.66224e-07 2.11388e-06 1.21642e-05 5.07125e-05 0.000157453 0.000375969 0.000697297 0.000990905 0.00107288 0.000911592 0.000641947 0.000393852 0.000216142 0.000105859 4.46122e-05 1.46122e-05 2.6531e-06 0 
0 0.000396203 0.000883093 0.000603613 0.00016559 2.25741e-05 1.8891e-06 1.18357e-07 6.75039e-09 4.24709e-10 3.52713e-11 4.51373e-12 1.00269e-12 4.17039e-13 3.34172e-13 5.06777e-13 1.37071e-12 6.02646e-12 3.83507e-11 3.10721e-10 2.81423e-09 2.5186e-08 1.99354e-07 1.26949e-06 6.04747e-06 2.07974e-05 5.29916e-05 0.000109814 0.000206246 0.00036367 0.000563864 0.000698949 0.000666232 0.000504088 0.000320729 0.000178829 8.81301e-05 3.72247e-05 1.22019e-05 2.21604e-06 0 
0 0.000358899 0.000941486 0.000861541 0.000350585 7.57457e-05 1.05602e-05 1.13827e-06 1.12318e-07 1.19185e-08 1.57788e-09 2.96072e-10 8.68422e-11 4.23698e-11 3.51965e-11 4.90437e-11 1.09122e-10 3.58923e-10 1.58411e-09 8.42086e-09 4.82184e-08 2.66224e-07 1.26949e-06 4.66709e-06 1.18208e-05 1.92817e-05 2.18972e-05 2.31358e-05 3.24696e-05 6.73389e-05 0.000160713 0.000310205 0.000403969 0.000362751 0.000249591 0.000143588 7.15726e-05 3.03483e-05 9.96038e-06 1.80965e-06 0 
0 0.000311988 0.00093868 0.00111285 0.000654037 0.000217463 4.84601e-05 8.54273e-06 1.38191e-06 2.34769e-07 4.72971e-08 1.25278e-08 4.72099e-09 2.6606e-09 2.2844e-09 2.9515e-09 5.51172e-09 1.39646e-08 4.4306e-08 1.60707e-07 6.04094e-07 2.11388e-06 6.04747e-06 1.18208e-05 1.23885e-05 5.66598e-06 1.31061e-06 3.43573e-07 3.03765e-07 1.25744e-06 1.08509e-05 6.66738e-05 0.000179463 0.000230381 0.00018378 0.000111611 5.66575e-05 2.4164e-05 7.94483e-06 1.44423e-06 0 
0 0.00025985 0.000870868 0.00127995 0.00104304 0.000515434 0.000175962 4.80782e-05 1.20117e-05 3.07947e-06 8.94922e-07 3.20207e-07 1.50165e-07 9.59989e-08 8.48753e-08 1.02731e-07 1.64775e-07 3.32677e-07 7.91341e-07 2.05191e-06 5.30007e-06 1.21642e-05 2.07974e-05 1.92817e-05 5.66598e-06 2.94213e-07 3.25542e-09 5.26029e-11 2.04589e-11 4.53409e-10 6.88667e-08 4.80081e-06 5.25635e-05 0.000126438 0.000127767 8.40069e-05 4.37165e-05 1.87837e-05 6.18922e-06 1.12579e-06 0 
0 0.000207424 0.000752242 0.00130356 0.00139255 0.000977535 0.000490486 0.000197789 7.21081e-05 2.63061e-05 1.04422e-05 4.82221e-06 2.72202e-06 1.93662e-06 1.75593e-06 2.01235e-06 2.8401e-06 4.73542e-06 8.83029e-06 1.72109e-05 3.21681e-05 5.07125e-05 5.29916e-05 2.18972e-05 1.31061e-06 3.25542e-09 3.93307e-13 1.03379e-16 1.97998e-16 3.54104e-15 4.86464e-11 1.35645e-07 1.12626e-05 6.3057e-05 8.54913e-05 6.15936e-05 3.29209e-05 1.42524e-05 4.70603e-06 8.56498e-07 0 
0 0.000158949 0.000608055 0.00118273 0.00154952 0.00145226 0.00102095 0.000581805 0.000295233 0.000145711 7.52348e-05 4.29945e-05 2.83118e-05 2.20143e-05 2.03906e-05 2.23535e-05 2.84125e-05 4.04921e-05 6.1811e-05 9.52064e-05 0.000136181 0.000157453 0.000109814 2.31358e-05 3.43573e-07 5.26029e-11 1.03379e-16 2.37692e-18 2.88265e-18 4.13916e-17 6.21053e-14 5.48021e-09 2.86524e-06 3.33902e-05 5.7573e-05 4.45002e-05 2.42504e-05 1.05536e-05 3.48956e-06 6.35335e-07 0 
0 0.000117173 0.000463436 0.00097045 0.00145946 0.00169263 0.00156216 0.00119782 0.000812068 0.000521331 0.000337113 0.00023056 0.000172657 0.000144559 0.000136377 0.000144315 0.000168574 0.000211581 0.000274689 0.000350237 0.000406549 0.000375969 0.000206246 3.24696e-05 3.03765e-07 2.04589e-11 1.97998e-16 2.88266e-18 2.18095e-18 3.9793e-17 9.1868e-15 1.9728e-09 1.62943e-06 2.25496e-05 4.09029e-05 3.20207e-05 1.75007e-05 7.621e-06 2.52024e-06 4.58866e-07 0 
0 8.32307e-05 0.000335578 0.000733528 0.00119894 0.0015957 0.00178518 0.00172198 0.0014833 0.00119267 0.000936974 0.000748273 0.000625779 0.000558356 0.000535693 0.000551304 0.000601396 0.000680954 0.000776477 0.000855218 0.000855606 0.000697297 0.00036367 6.73389e-05 1.25744e-06 4.53409e-10 3.54104e-15 4.13916e-17 3.9793e-17 1.0057e-17 5.82881e-13 1.09871e-08 2.48718e-06 2.03861e-05 3.09685e-05 2.29662e-05 1.23572e-05 5.35756e-06 1.76956e-06 3.22081e-07 0 
0 5.69963e-05 0.000232172 0.000519222 0.000887838 0.00127743 0.00160593 0.00180213 0.00184316 0.00176217 0.00162018 0.00147222 0.00135217 0.00127471 0.00124258 0.00125193 0.00129351 0.00135063 0.00139526 0.00138528 0.00126707 0.000990905 0.000563864 0.000160713 1.08509e-05 6.88667e-08 4.86464e-11 6.21053e-14 9.1868e-15 5.82881e-13 6.5008e-10 2.37795e-07 6.32398e-06 2.14313e-05 2.40297e-05 1.62271e-05 8.49641e-06 3.65541e-06 1.20477e-06 2.19151e-07 0 
0 3.75855e-05 0.000153885 0.000348016 0.000608438 0.000910389 0.00121663 0.00148505 0.00168251 0.00179693 0.00183902 0.0018332 0.00180563 0.00177603 0.00175475 0.00174282 0.00173294 0.0017106 0.0016557 0.00154518 0.00135655 0.00107288 0.000698949 0.000310205 6.66738e-05 4.80081e-06 1.35645e-07 5.48021e-09 1.9728e-09 1.09871e-08 2.37795e-07 3.32341e-06 1.40338e-05 2.14607e-05 1.80423e-05 1.1099e-05 5.64901e-06 2.41027e-06 7.92492e-07 1.44059e-07 0 
0 2.37921e-05 9.76418e-05 0.000221949 0.000391942 0.000596966 0.000820658 0.00104286 0.00124357 0.00140782 0.00152885 0.00160808 0.00165213 0.00166882 0.00166395 0.00163974 0.00159477 0.001525 0.00142543 0.00129171 0.00112091 0.000911592 0.000666232 0.000403969 0.000179463 5.25635e-05 1.12626e-05 2.86524e-06 1.62943e-06 2.48718e-06 6.32398e-06 1.40338e-05 1.98174e-05 1.82594e-05 1.26053e-05 7.24138e-06 3.60493e-06 1.52762e-06 5.01248e-07 9.10617e-08 0 
0 1.43756e-05 5.9058e-05 0.000134537 0.000238581 0.000366086 0.000509256 0.000658291 0.000802639 0.000932626 0.00104091 0.00112321 0.00117808 0.00120604 0.00120846 0.00118681 0.00114242 0.00107663 0.000991163 0.000888363 0.000771018 0.000641947 0.000504088 0.000362751 0.000230381 0.000126438 6.3057e-05 3.33902e-05 2.25496e-05 2.03861e-05 2.14313e-05 2.14607e-05 1.82594e-05 1.30518e-05 8.09211e-06 4.46418e-06 2.19127e-06 9.24267e-07 3.02827e-07 5.49895e-08 0 
0 8.2153e-06 3.37646e-05 7.69853e-05 0.000136749 0.000210437 0.000294079 0.000382664 0.000470638 0.000552516 0.000623486 0.000679854 0.000719239 0.000740525 0.00074366 0.000729439 0.000699327 0.000655351 0.000599999 0.000536071 0.00046645 0.000393852 0.000320729 0.000249591 0.00018378 0.000127767 8.54913e-05 5.7573e-05 4.09029e-05 3.09685e-05 2.40297e-05 1.80423e-05 1.26053e-05 8.09211e-06 4.77381e-06 2.58039e-06 1.25692e-06 5.28727e-07 1.73074e-07 3.14187e-08 0 
0 4.37535e-06 1.79856e-05 4.10221e-05 7.2913e-05 0.000112322 0.000157228 0.000205078 0.000253015 0.00029814 0.000337784 0.000369738 0.00039241 0.000404893 0.000406967 0.000399035 0.000382035 0.000357331 0.000326585 0.000291612 0.000254233 0.000216142 0.000178829 0.000143588 0.000111611 8.40069e-05 6.15936e-05 4.45002e-05 3.20207e-05 2.29662e-05 1.62271e-05 1.1099e-05 7.24138e-06 4.46418e-06 2.58039e-06 1.38215e-06 6.70766e-07 2.81766e-07 9.21873e-08 1.67322e-08 0 
0 2.11786e-06 8.70638e-06 1.98603e-05 3.53077e-05 5.44118e-05 7.62092e-05 9.94838e-05 0.000122868 0.000144964 0.000164463 0.000180256 0.000191518 0.000197759 0.000198836 0.000194941 0.000186557 0.000174393 0.000159313 0.000142254 0.000124149 0.000105859 8.81301e-05 7.15726e-05 5.66575e-05 4.37165e-05 3.29209e-05 2.42504e-05 1.75007e-05 1.23572e-05 8.49641e-06 5.64901e-06 3.60493e-06 2.19127e-06 1.25692e-06 6.70766e-07 3.25e-07 1.36432e-07 4.46262e-08 8.09901e-09 0 
0 8.88661e-07 3.65332e-06 8.33401e-06 1.48174e-05 2.28377e-05 3.19926e-05 4.17745e-05 5.16119e-05 6.09183e-05 6.91425e-05 7.5814e-05 8.05792e-05 8.3225e-05 8.36876e-05 8.20468e-05 7.85087e-05 7.33782e-05 6.70262e-05 5.98541e-05 5.22604e-05 4.46122e-05 3.72247e-05 3.03483e-05 2.4164e-05 1.87837e-05 1.42524e-05 1.05536e-05 7.621e-06 5.35756e-06 3.65541e-06 2.41027e-06 1.52762e-06 9.24267e-07 5.28727e-07 2.81766e-07 1.36432e-07 5.72567e-08 1.87262e-08 3.39839e-09 0 
0 2.90622e-07 1.19477e-06 2.72557e-06 4.84604e-06 7.46938e-06 1.04643e-05 1.3665e-05 1.68847e-05 1.99319e-05 2.26258e-05 2.48122e-05 2.63746e-05 2.72427e-05 2.73952e-05 2.6858e-05 2.5699e-05 2.40187e-05 2.19391e-05 1.95926e-05 1.71101e-05 1.46122e-05 1.22019e-05 9.96038e-06 7.94483e-06 6.18922e-06 4.70603e-06 3.48956e-06 2.52024e-06 1.76956e-06 1.20477e-06 7.92492e-07 5.01248e-07 3.02827e-07 1.73074e-07 9.21873e-08 4.46262e-08 1.87262e-08 6.12425e-09 1.11139e-09 0 
0 5.27397e-08 2.16817e-07 4.94618e-07 8.79435e-07 1.35552e-06 1.89907e-06 2.48e-06 3.06445e-06 3.61762e-06 4.10674e-06 4.50375e-06 4.78752e-06 4.94522e-06 4.97294e-06 4.87544e-06 4.66502e-06 4.35996e-06 3.98248e-06 3.55661e-06 3.10619e-06 2.6531e-06 2.21604e-06 1.80965e-06 1.44423e-06 1.12579e-06 8.56498e-07 6.35335e-07 4.58866e-07 3.22081e-07 2.19151e-07 1.44059e-07 9.10617e-08 5.49895e-08 3.14187e-08 1.67322e-08 8.09901e-09 3.39839e-09 1.11139e-09 2.01687e-10 0 
0 0 0 0 0 0 0 0 0 0 0 0 0 0 0 0 0 0 0 0 0 0 0 0 0 0 0 0 0 0 0 0 0 0 0 0 0 0 0 0 0 
