0 0 0 0 0 0 0 0 0 0 0 0 0 0 0 0 0 0 0 0 0 0 0 0 0 0 0 0 0 0 0 0 0 0 0 0 0 0 0 0 0 
0 1.32301e-05 5.17353e-05 0.000107791 0.000166144 0.000210365 0.000231678 0.000231636 0.000217764 0.000198116 0.000178499 0.000162159 0.000150496 0.00014389 0.000142271 0.000145417 0.00015302 0.000164615 0.000179391 0.000195994 0.000212374 0.000225838 0.00023339 0.000232388 0.000221348 0.000200595 0.00017238 0.000140314 0.000108292 7.94407e-05 5.55462e-05 3.7087e-05 2.36379e-05 1.43327e-05 8.20455e-06 4.37296e-06 2.11739e-06 8.88585e-07 2.90613e-07 5.27391e-08 0 
0 5.17353e-05 0.000188457 0.000342614 0.000424575 0.000400471 0.000311946 0.000215714 0.000140753 9.10949e-05 6.09139e-05 4.34826e-05 3.39508e-05 2.94425e-05 2.85307e-05 3.08039e-05 3.66576e-05 4.72692e-05 6.46512e-05 9.16061e-05 0.000131292 0.000186045 0.000255283 0.000332989 0.000406352 0.000457861 0.000471892 0.000442938 0.000379256 0.000298308 0.00021774 0.000148953 9.61437e-05 5.86513e-05 3.36659e-05 1.79643e-05 8.70238e-06 3.65269e-06 1.19469e-06 2.16813e-07 0 
0 0.000107791 0.000342614 0.000480589 0.0004026 0.000233243 0.000106132 4.21082e-05 1.58751e-05 6.13447e-06 2.59985e-06 1.27987e-06 7.64637e-07 5.69919e-07 5.35418e-07 6.29802e-07 9.07712e-07 1.55013e-06 3.00897e-06 6.34424e-06 1.38861e-05 3.02601e-05 6.33336e-05 0.00012365 0.000220026 0.000350046 0.000489553 0.00059369 0.000620479 0.000562063 0.000448966 0.000323474 0.000214503 0.000132547 7.65135e-05 4.09232e-05 1.98422e-05 8.33125e-06 2.72525e-06 4.94598e-07 0 
0 0.000166144 0.000424575 0.0004026 0.000196865 6.07121e-05 1.38232e-05 2.6419e-06 4.77844e-07 9.19242e-08 2.0968e-08 6.22541e-09 2.58341e-09 1.5668e-09 1.41127e-09 1.86583e-09 3.49113e-09 8.74079e-09 2.73228e-08 9.88514e-08 3.83759e-07 1.4908e-06 5.46016e-06 1.79998e-05 5.16966e-05 0.000126685 0.000261116 0.000446484 0.000624327 0.000709108 0.000662115 0.00052438 0.000365793 0.000231592 0.000135115 7.25776e-05 3.52479e-05 1.48085e-05 4.84503e-06 8.79373e-07 0 
0 0.000210365 0.000400471 0.000233243 6.07121e-05 8.90587e-06 8.77329e-07 6.84105e-08 5.00474e-09 4.07452e-10 4.33182e-11 6.89894e-12 1.82767e-12 8.59901e-13 7.35415e-13 1.12281e-12 2.89736e-12 1.16207e-11 6.53276e-11 4.59755e-10 3.618e-09 2.86746e-08 2.09248e-07 1.31047e-06 6.70846e-06 2.73064e-05 8.74463e-05 0.000219759 0.000430986 0.000651939 0.000758046 0.000694106 0.000525717 0.000346657 0.000205905 0.000111404 5.42512e-05 2.28142e-05 7.46678e-06 1.35537e-06 0 
0 0.000231678 0.000311946 0.000106132 1.38232e-05 8.77329e-07 3.3223e-08 9.29788e-10 2.41946e-11 7.38426e-13 3.2866e-14 2.57184e-15 4.08145e-16 1.43666e-16 1.15795e-16 2.084e-16 7.76357e-16 5.33172e-15 5.8542e-14 8.79953e-13 1.55056e-11 2.77398e-10 4.45196e-09 5.81238e-08 5.7629e-07 4.1716e-06 2.17699e-05 8.24725e-05 0.000229696 0.000471469 0.000707257 0.000780766 0.000663592 0.00046461 0.000283547 0.000155106 7.58427e-05 3.194e-05 1.04586e-05 1.89873e-06 0 
0 0.000231636 0.000215714 4.21082e-05 2.6419e-06 6.84105e-08 9.29788e-10 8.6876e-12 7.48234e-14 7.99657e-16 1.40242e-17 5.33167e-19 6.81956e-20 3.06731e-20 2.664e-20 3.79351e-20 1.27648e-19 1.34106e-18 2.98356e-17 1.00995e-15 4.21378e-14 1.80055e-12 6.71677e-11 1.92704e-09 3.88571e-08 5.22268e-07 4.59468e-06 2.67475e-05 0.000105977 0.000293118 0.000568775 0.000771951 0.00075469 0.000571245 0.000361633 0.000200828 9.87554e-05 4.16712e-05 1.36539e-05 2.47935e-06 0 
0 0.000217764 0.000140753 1.58751e-05 4.77844e-07 5.00474e-09 2.41946e-11 7.48234e-14 2.11457e-16 7.90434e-19 8.94862e-21 1.23308e-21 4.8594e-22 3.5361e-22 3.32228e-22 3.59346e-22 5.80444e-22 1.6964e-21 1.70859e-20 1.05421e-18 1.04518e-16 1.07379e-14 9.37032e-13 5.94615e-11 2.45535e-09 6.17338e-08 9.22072e-07 8.27777e-06 4.64074e-05 0.00017015 0.000419557 0.000697141 0.000791618 0.000655636 0.000433895 0.000245516 0.000121586 5.14315e-05 1.68656e-05 3.06334e-06 0 
0 0.000198116 9.10949e-05 6.13447e-06 9.19242e-08 4.07452e-10 7.38426e-13 7.99657e-16 7.90434e-19 2.05771e-21 8.70445e-23 3.56316e-23 2.62061e-23 2.34644e-23 2.26641e-23 2.22024e-23 2.4852e-23 3.15699e-23 9.76824e-23 2.10247e-21 3.44243e-19 8.09476e-17 1.5821e-14 2.13213e-12 1.73885e-10 7.93098e-09 1.96195e-07 2.66274e-06 2.07314e-05 9.84861e-05 0.000300416 0.000598693 0.000784844 0.000713384 0.000495497 0.00028633 0.000142943 6.06352e-05 1.99021e-05 3.61592e-06 0 
0 0.000178499 6.09139e-05 2.59985e-06 2.0968e-08 4.33182e-11 3.2866e-14 1.40242e-17 8.94862e-21 8.70445e-23 7.12552e-24 3.34695e-24 3.1304e-24 3.1336e-24 3.07243e-24 2.85116e-24 2.60081e-24 2.28988e-24 3.83848e-24 3.30313e-23 2.57977e-21 1.04227e-18 4.16213e-16 1.09428e-13 1.63258e-11 1.26378e-09 4.89772e-08 9.60895e-07 1.00226e-05 5.97582e-05 0.000218389 0.000506946 0.000753417 0.000746736 0.000543817 0.000321001 0.000161579 6.87396e-05 2.25836e-05 4.10434e-06 0 
0 0.000162159 4.34826e-05 1.27987e-06 6.22541e-09 6.89894e-12 2.57184e-15 5.33167e-19 1.23308e-21 3.56316e-23 3.34695e-24 8.33814e-25 5.79802e-25 5.69616e-25 5.56173e-25 4.98577e-25 4.10056e-25 3.23898e-25 5.2189e-25 3.70933e-24 1.25231e-22 3.08896e-20 2.11929e-17 9.61314e-15 2.34746e-12 2.79831e-10 1.56498e-08 4.15133e-07 5.50225e-06 3.94699e-05 0.000166558 0.000435496 0.000715183 0.000762012 0.000578403 0.000348013 0.000176504 7.529e-05 2.47575e-05 4.50067e-06 0 
0 0.000150496 3.39508e-05 7.64637e-07 2.58341e-09 1.82767e-12 4.08145e-16 6.81956e-20 4.8594e-22 2.62061e-23 3.1304e-24 5.79803e-25 1.94911e-25 1.32706e-25 1.1781e-25 1.01461e-25 8.07393e-26 7.49044e-26 1.94007e-25 1.45025e-24 2.83612e-23 3.0352e-21 2.46622e-18 1.6566e-15 5.77022e-13 9.38977e-11 6.84182e-09 2.25661e-07 3.55665e-06 2.91527e-05 0.000136275 0.000387229 0.000682274 0.00076638 0.000600265 0.000366584 0.000187036 7.99529e-05 2.63094e-05 4.78385e-06 0 
0 0.00014389 2.94425e-05 5.69919e-07 1.5668e-09 8.59901e-13 1.43666e-16 3.06731e-20 3.5361e-22 2.34644e-23 3.13361e-24 5.69617e-25 1.32706e-25 4.84017e-26 3.00948e-26 2.34069e-26 2.03076e-26 3.19095e-26 1.31195e-25 9.63163e-25 1.47646e-23 1.02873e-21 7.28156e-19 6.09652e-16 2.59674e-13 5.04035e-11 4.26674e-09 1.59232e-07 2.76886e-06 2.44764e-05 0.000121192 0.000360691 0.000661098 0.000765579 0.000610948 0.000376512 0.000192814 8.25335e-05 2.71707e-05 4.94116e-06 0 
0 0.000142271 2.85307e-05 5.35418e-07 1.41127e-09 7.35415e-13 1.15795e-16 2.664e-20 3.32228e-22 2.26641e-23 3.07243e-24 5.56173e-25 1.1781e-25 3.00949e-26 1.12321e-26 6.98094e-27 8.17067e-27 2.34517e-26 1.17858e-25 8.70031e-25 1.28628e-23 8.34021e-22 5.6365e-19 4.93614e-16 2.19161e-13 4.41181e-11 3.85232e-09 1.47485e-07 2.61706e-06 2.34948e-05 0.0001177 0.000353681 0.000653953 0.000762906 0.000611787 0.00037798 0.000193776 8.29791e-05 2.73213e-05 4.96879e-06 0 
0 0.000145417 3.08039e-05 6.29802e-07 1.86583e-09 1.12281e-12 2.084e-16 3.79351e-20 3.59346e-22 2.22025e-23 2.85116e-24 4.98577e-25 1.01461e-25 2.34069e-26 6.98095e-27 3.93525e-27 6.35818e-27 2.33757e-26 1.26398e-25 1.00781e-24 1.71272e-23 1.42583e-21 1.10861e-18 8.58283e-16 3.40248e-13 6.20256e-11 4.97796e-09 1.77775e-07 2.98419e-06 2.56661e-05 0.000124452 0.000364545 0.000660372 0.000759064 0.000603516 0.000371406 0.000190117 8.13705e-05 2.67874e-05 4.87145e-06 0 
0 0.00015302 3.66576e-05 9.07712e-07 3.49113e-09 2.89736e-12 7.76357e-16 1.27648e-19 5.80444e-22 2.4852e-23 2.60081e-24 4.10057e-25 8.07394e-26 2.03076e-26 8.17066e-27 6.35817e-27 9.78264e-27 3.07061e-26 1.67477e-25 1.59943e-24 4.05988e-23 6.26399e-21 5.09526e-18 2.9818e-15 9.16968e-13 1.33817e-10 8.88847e-09 2.71588e-07 4.02596e-06 3.1461e-05 0.000141812 0.000392097 0.000677597 0.000752408 0.000586238 0.000357376 0.000182256 7.79048e-05 2.56358e-05 4.66144e-06 0 
0 0.000164615 4.72692e-05 1.55013e-06 8.74079e-09 1.16207e-11 5.33172e-15 1.34106e-18 1.6964e-21 3.15699e-23 2.28989e-24 3.23898e-25 7.49044e-26 3.19095e-26 2.34516e-26 2.33756e-26 3.07061e-26 6.90388e-26 3.45141e-25 4.37118e-24 2.28303e-22 8.03091e-20 4.78655e-17 1.85344e-14 3.92453e-12 4.12923e-10 2.07652e-08 5.04466e-07 6.23006e-06 4.22943e-05 0.000171197 0.00043445 0.0007002 0.000739378 0.000559666 0.00033665 0.000170791 7.28714e-05 2.39654e-05 4.35693e-06 0 
0 0.000179391 6.46512e-05 3.00897e-06 2.73228e-08 6.53276e-11 5.8542e-14 2.98356e-17 1.70859e-20 9.76825e-23 3.83848e-24 5.2189e-25 1.94007e-25 1.31195e-25 1.17858e-25 1.26398e-25 1.67477e-25 3.45141e-25 1.8363e-24 4.17524e-23 5.64003e-21 2.23255e-18 7.77492e-16 1.79764e-13 2.3873e-11 1.66784e-09 5.91907e-08 1.07909e-06 1.0607e-05 6.03979e-05 0.000213586 0.000486513 0.000719192 0.000715127 0.000523522 0.000310197 0.00015646 6.66232e-05 2.18965e-05 3.98004e-06 0 
0 0.000195994 9.16061e-05 6.34424e-06 9.88514e-08 4.59755e-10 8.79953e-13 1.00995e-15 1.05421e-18 2.10247e-21 3.30313e-23 3.70933e-24 1.45025e-24 9.63162e-25 8.7003e-25 1.00781e-24 1.59943e-24 4.37117e-24 4.17524e-23 2.27396e-21 4.36316e-19 9.78266e-17 1.81984e-14 2.33869e-12 1.82255e-10 7.96277e-09 1.8933e-07 2.48178e-06 1.87856e-05 8.75463e-05 0.000265508 0.000535621 0.000721202 0.000674407 0.000477934 0.000279216 0.00014009 5.95465e-05 1.95598e-05 3.55472e-06 0 
0 0.000212374 0.000131292 1.38861e-05 3.83759e-07 3.618e-09 1.55056e-11 4.21378e-14 1.04518e-16 3.44243e-19 2.57977e-21 1.25231e-22 2.83612e-23 1.47646e-23 1.28628e-23 1.71272e-23 4.05988e-23 2.28303e-22 5.64003e-21 4.36316e-19 4.75665e-17 5.36427e-15 5.10697e-13 3.49308e-11 1.52864e-09 3.99704e-08 6.10936e-07 5.56452e-06 3.16927e-05 0.000119448 0.000309712 0.000555765 0.00068875 0.000612687 0.000423717 0.000245095 0.000122542 5.203e-05 1.70853e-05 3.10475e-06 0 
0 0.000225838 0.000186045 3.02601e-05 1.4908e-06 2.86746e-08 2.77398e-10 1.80055e-12 1.07379e-14 8.09476e-17 1.04227e-18 3.08896e-20 3.0352e-21 1.02873e-21 8.34021e-22 1.42583e-21 6.26399e-21 8.03091e-20 2.23255e-18 9.78266e-17 5.36427e-15 3.00627e-13 1.44258e-11 5.13058e-10 1.21677e-08 1.81209e-07 1.68196e-06 1.01497e-05 4.26211e-05 0.000131551 0.000302465 0.000506004 0.000603429 0.000527383 0.000362456 0.000209337 0.000104648 4.4437e-05 1.45932e-05 2.65199e-06 0 
0 0.00023339 0.000255283 6.33336e-05 5.46016e-06 2.09248e-07 4.45196e-09 6.71677e-11 9.37032e-13 1.5821e-14 4.16213e-16 2.11929e-17 2.46622e-18 7.28156e-19 5.6365e-19 1.10861e-18 5.09526e-18 4.78655e-17 7.77492e-16 1.81984e-14 5.10697e-13 1.44258e-11 3.49861e-10 6.33685e-09 7.6592e-08 5.79726e-07 2.81182e-06 9.89495e-06 2.96431e-05 8.14962e-05 0.000193793 0.000353234 0.000455612 0.000419485 0.000296498 0.000173456 8.71634e-05 3.7084e-05 1.21866e-05 2.21514e-06 0 
0 0.000232388 0.000332989 0.00012365 1.79998e-05 1.31047e-06 5.81238e-08 1.92704e-09 5.94615e-11 2.13213e-12 1.09428e-13 9.61314e-15 1.6566e-15 6.09652e-16 4.93614e-16 8.58283e-16 2.9818e-15 1.85344e-14 1.79764e-13 2.33869e-12 3.49308e-11 5.13058e-10 6.33685e-09 5.57172e-08 2.93486e-07 8.24119e-07 1.34223e-06 1.86972e-06 3.6661e-06 1.19779e-05 4.75129e-05 0.000144752 0.000265767 0.000296719 0.000229176 0.000138944 7.0734e-05 3.02267e-05 9.94726e-06 1.80889e-06 0 
0 0.000221348 0.000406352 0.000220026 5.16966e-05 6.70846e-06 5.7629e-07 3.88571e-08 2.45535e-09 1.73885e-10 1.63258e-11 2.34746e-12 5.77022e-13 2.59674e-13 2.19161e-13 3.40248e-13 9.16968e-13 3.92453e-12 2.3873e-11 1.82255e-10 1.52864e-09 1.21677e-08 7.6592e-08 2.93486e-07 4.75946e-07 2.36828e-07 4.31162e-08 8.65834e-09 8.71958e-09 7.1072e-08 1.56104e-06 2.17459e-05 0.000101368 0.00017774 0.000165335 0.000107292 5.58824e-05 2.40534e-05 7.9331e-06 1.44356e-06 0 
0 0.000200595 0.000457861 0.000350046 0.000126685 2.73064e-05 4.1716e-06 5.22268e-07 6.17338e-08 7.93098e-09 1.26378e-09 2.79831e-10 9.38977e-11 5.04035e-11 4.41181e-11 6.20256e-11 1.33817e-10 4.12923e-10 1.66784e-09 7.96277e-09 3.99704e-08 1.81209e-07 5.79726e-07 8.24119e-07 2.36828e-07 5.9198e-09 1.65209e-11 6.61603e-14 1.88599e-14 1.80519e-12 1.9413e-09 7.18306e-07 2.18762e-05 8.77534e-05 0.000111134 7.99473e-05 4.29947e-05 1.86829e-05 6.17877e-06 1.1252e-06 0 
0 0.00017238 0.000471892 0.000489553 0.000261116 8.74463e-05 2.17699e-05 4.59468e-06 9.22072e-07 1.96195e-07 4.89772e-08 1.56498e-08 6.84182e-09 4.26674e-09 3.85232e-09 4.97796e-09 8.88847e-09 2.07652e-08 5.91907e-08 1.8933e-07 6.10936e-07 1.68196e-06 2.81182e-06 1.34223e-06 4.31162e-08 1.65209e-11 2.60862e-16 2.58103e-15 1.48685e-15 4.19191e-15 1.17837e-13 6.44869e-09 3.06178e-06 3.82099e-05 7.14739e-05 5.79792e-05 3.22829e-05 1.41651e-05 4.69716e-06 8.56009e-07 0 
0 0.000140314 0.000442938 0.00059369 0.000446484 0.000219759 8.24725e-05 2.67475e-05 8.27777e-06 2.66274e-06 9.60895e-07 4.15133e-07 2.25661e-07 1.59232e-07 1.47485e-07 1.77775e-07 2.71588e-07 5.04466e-07 1.07909e-06 2.48178e-06 5.56452e-06 1.01497e-05 9.89495e-06 1.86972e-06 8.65834e-09 6.61603e-14 2.58103e-15 5.224e-16 3.04963e-16 4.88466e-16 5.04895e-15 9.15027e-11 5.37254e-07 1.81193e-05 4.67411e-05 4.15834e-05 2.37386e-05 1.04846e-05 3.48265e-06 6.34958e-07 0 
0 0.000108292 0.000379256 0.000620479 0.000624327 0.000430986 0.000229696 0.000105977 4.64074e-05 2.07314e-05 1.00226e-05 5.50225e-06 3.55665e-06 2.76886e-06 2.61706e-06 2.98419e-06 4.02596e-06 6.23006e-06 1.0607e-05 1.87856e-05 3.16927e-05 4.26211e-05 2.96431e-05 3.6661e-06 8.71958e-09 1.88599e-14 1.48685e-15 3.04963e-16 4.75509e-16 2.42742e-15 5.59194e-14 2.54817e-11 2.82176e-07 1.20257e-05 3.31493e-05 2.99383e-05 1.71387e-05 7.57262e-06 2.51542e-06 4.58604e-07 0 
0 7.94407e-05 0.000298308 0.000562063 0.000709108 0.000651939 0.000471469 0.000293118 0.00017015 9.84861e-05 5.97582e-05 3.94699e-05 2.91527e-05 2.44764e-05 2.34948e-05 2.56661e-05 3.1461e-05 4.22943e-05 6.03979e-05 8.75463e-05 0.000119448 0.000131551 8.14962e-05 1.19779e-05 7.1072e-08 1.80519e-12 4.19191e-15 4.88466e-16 2.42742e-15 3.45301e-16 4.551e-16 3.0717e-10 5.73161e-07 1.19606e-05 2.58713e-05 2.16738e-05 1.21354e-05 5.3279e-06 1.7666e-06 3.21919e-07 0 
0 5.55462e-05 0.00021774 0.000448966 0.000662115 0.000758046 0.000707257 0.000568775 0.000419557 0.000300416 0.000218389 0.000166558 0.000136275 0.000121192 0.0001177 0.000124452 0.000141812 0.000171197 0.000213586 0.000265508 0.000309712 0.000302465 0.000193793 4.75129e-05 1.56104e-06 1.9413e-09 1.17837e-13 5.04896e-15 5.59194e-14 4.551e-16 6.67093e-12 2.32493e-08 2.34727e-06 1.47433e-05 2.10926e-05 1.55417e-05 8.37987e-06 3.63966e-06 1.20317e-06 2.19062e-07 0 
0 3.7087e-05 0.000148953 0.000323474 0.00052438 0.000694106 0.000780766 0.000771951 0.000697141 0.000598693 0.000506946 0.000435496 0.000387229 0.000360691 0.000353681 0.000364545 0.000392097 0.00043445 0.000486513 0.000535621 0.000555765 0.000506004 0.000353234 0.000144752 2.17459e-05 7.18306e-07 6.44869e-09 9.15027e-11 2.54817e-11 3.0717e-10 2.32493e-08 9.69469e-07 8.06167e-06 1.72042e-05 1.66383e-05 1.07924e-05 5.59669e-06 2.40304e-06 7.91741e-07 1.44017e-07 0 
0 2.36379e-05 9.61437e-05 0.000214503 0.000365793 0.000525717 0.000663592 0.00075469 0.000791618 0.000784844 0.000753417 0.000715183 0.000682274 0.000661098 0.000653953 0.000660372 0.000677597 0.0007002 0.000719192 0.000721202 0.00068875 0.000603429 0.000455612 0.000265767 0.000101368 2.18762e-05 3.06178e-06 5.37254e-07 2.82176e-07 5.73161e-07 2.34727e-06 8.06167e-06 1.51934e-05 1.63082e-05 1.20628e-05 7.12605e-06 3.58483e-06 1.52476e-06 5.0094e-07 9.10438e-08 0 
0 1.43327e-05 5.86513e-05 0.000132547 0.000231592 0.000346657 0.00046461 0.000571245 0.000655636 0.000713384 0.000746736 0.000762012 0.00076638 0.000765579 0.000762906 0.000759064 0.000752408 0.000739378 0.000715127 0.000674407 0.000612687 0.000527383 0.000419485 0.000296719 0.00017774 8.77534e-05 3.82099e-05 1.81193e-05 1.20257e-05 1.19606e-05 1.47433e-05 1.72042e-05 1.63082e-05 1.23979e-05 7.92127e-06 4.42746e-06 2.18464e-06 9.23281e-07 3.02717e-07 5.49828e-08 0 
0 8.20455e-06 3.36659e-05 7.65135e-05 0.000135115 0.000205905 0.000283547 0.000361633 0.000433895 0.000495497 0.000543817 0.000578403 0.000600265 0.000610948 0.000611787 0.000603516 0.000586238 0.000559666 0.000523522 0.000477934 0.000423717 0.000362456 0.000296498 0.000229176 0.000165335 0.000111134 7.14739e-05 4.67411e-05 3.31493e-05 2.58713e-05 2.10926e-05 1.66383e-05 1.20628e-05 7.92127e-06 4.72896e-06 2.5704e-06 1.25503e-06 5.28433e-07 1.7304e-07 3.14165e-08 0 
0 4.37296e-06 1.79643e-05 4.09232e-05 7.25776e-05 0.000111404 0.000155106 0.000200828 0.000245516 0.00028633 0.000321001 0.000348013 0.000366584 0.000376512 0.00037798 0.000371406 0.000357376 0.00033665 0.000310197 0.000279216 0.000245095 0.000209337 0.000173456 0.000138944 0.000107292 7.99473e-05 5.79792e-05 4.15834e-05 2.99383e-05 2.16738e-05 1.55417e-05 1.07924e-05 7.12605e-06 4.42746e-06 2.5704e-06 1.37982e-06 6.70303e-07 2.8169e-07 9.2178e-08 1.67316e-08 0 
0 2.11739e-06 8.70238e-06 1.98422e-05 3.52479e-05 5.42512e-05 7.58427e-05 9.87554e-05 0.000121586 0.000142943 0.000161579 0.000176504 0.000187036 0.000192814 0.000193776 0.000190117 0.000182256 0.000170791 0.00015646 0.00014009 0.000122542 0.000104648 8.71634e-05 7.0734e-05 5.58824e-05 4.29947e-05 3.22829e-05 2.37386e-05 1.71387e-05 1.21354e-05 8.37987e-06 5.59669e-06 3.58483e-06 2.18464e-06 1.25503e-06 6.70303e-07 3.24903e-07 1.36415e-07 4.46241e-08 8.09887e-09 0 
0 8.88585e-07 3.65269e-06 8.33125e-06 1.48085e-05 2.28142e-05 3.194e-05 4.16712e-05 5.14315e-05 6.06352e-05 6.87396e-05 7.529e-05 7.99529e-05 8.25335e-05 8.29791e-05 8.13705e-05 7.79048e-05 7.28714e-05 6.66232e-05 5.95465e-05 5.203e-05 4.4437e-05 3.7084e-05 3.02267e-05 2.40534e-05 1.86829e-05 1.41651e-05 1.04846e-05 7.57262e-06 5.3279e-06 3.63966e-06 2.40304e-06 1.52476e-06 9.23281e-07 5.28433e-07 2.8169e-07 1.36415e-07 5.72537e-08 1.87258e-08 3.39836e-09 0 
0 2.90613e-07 1.19469e-06 2.72525e-06 4.84503e-06 7.46678e-06 1.04586e-05 1.36539e-05 1.68656e-05 1.99021e-05 2.25836e-05 2.47575e-05 2.63094e-05 2.71707e-05 2.73213e-05 2.67874e-05 2.56358e-05 2.39654e-05 2.18965e-05 1.95598e-05 1.70853e-05 1.45932e-05 1.21866e-05 9.94726e-06 7.9331e-06 6.17877e-06 4.69716e-06 3.48265e-06 2.51542e-06 1.7666e-06 1.20317e-06 7.91741e-07 5.0094e-07 3.02717e-07 1.7304e-07 9.2178e-08 4.46241e-08 1.87258e-08 6.12419e-09 1.11139e-09 0 
0 5.27391e-08 2.16813e-07 4.94598e-07 8.79373e-07 1.35537e-06 1.89873e-06 2.47935e-06 3.06334e-06 3.61592e-06 4.10434e-06 4.50067e-06 4.78385e-06 4.94116e-06 4.96879e-06 4.87145e-06 4.66144e-06 4.35693e-06 3.98004e-06 3.55472e-06 3.10475e-06 2.65199e-06 2.21514e-06 1.80889e-06 1.44356e-06 1.1252e-06 8.56009e-07 6.34958e-07 4.58604e-07 3.21919e-07 2.19062e-07 1.44017e-07 9.10438e-08 5.49828e-08 3.14165e-08 1.67316e-08 8.09887e-09 3.39836e-09 1.11139e-09 2.01686e-10 0 
0 0 0 0 0 0 0 0 0 0 0 0 0 0 0 0 0 0 0 0 0 0 0 0 0 0 0 0 0 0 0 0 0 0 0 0 0 0 0 0 0 
