0 0 0 0 0 0 0 0 0 0 0 0 0 0 0 0 0 0 0 0 0 0 0 0 0 0 0 0 0 0 0 0 0 0 0 0 0 0 0 0 0 
0 1.32202e-05 5.16522e-05 0.000107463 0.000165309 0.000208827 0.000229452 0.000228926 0.000214823 0.00019514 0.0001756 0.000159373 0.000147814 0.000141275 0.000139678 0.000142798 0.000150337 0.000161842 0.000176529 0.00019307 0.000209452 0.000223017 0.000230793 0.000230138 0.000219542 0.000199268 0.0001715 0.000139792 0.000108018 7.93132e-05 5.54937e-05 3.70678e-05 2.36316e-05 1.43308e-05 8.20409e-06 4.37285e-06 2.11737e-06 8.88582e-07 2.90612e-07 5.2739e-08 0 
0 5.16522e-05 0.000187768 0.000340167 0.000419572 0.000393764 0.000305306 0.00021029 0.000136754 8.82536e-05 5.8872e-05 4.19449e-05 3.27059e-05 2.83418e-05 2.74608e-05 2.96628e-05 3.53354e-05 4.56309e-05 6.25232e-05 8.87728e-05 0.000127514 0.000181115 0.000249135 0.000325833 0.000398769 0.000450721 0.000466051 0.000438857 0.000376843 0.0002971 0.000217224 0.000148763 9.60824e-05 5.86339e-05 3.36616e-05 1.79634e-05 8.7022e-06 3.65266e-06 1.19469e-06 2.16812e-07 0 
0 0.000107463 0.000340167 0.000473962 0.000393889 0.000226497 0.000102394 4.03859e-05 1.51411e-05 5.82055e-06 2.4555e-06 1.20429e-06 7.17557e-07 5.34031e-07 5.01573e-07 5.90541e-07 8.52829e-07 1.4606e-06 2.84522e-06 6.02267e-06 1.32366e-05 2.89624e-05 6.08556e-05 0.000119259 0.00021301 0.000340249 0.000478021 0.000582651 0.000612107 0.000557066 0.000446589 0.000322549 0.0002142 0.000132462 7.64925e-05 4.09187e-05 1.98413e-05 8.33112e-06 2.72523e-06 4.94597e-07 0 
0 0.000165309 0.000419572 0.000393889 0.000190622 5.8233e-05 1.31375e-05 2.48746e-06 4.45732e-07 8.49915e-08 1.92352e-08 5.67462e-09 2.34411e-09 1.41805e-09 1.27671e-09 1.69057e-09 3.17393e-09 7.98557e-09 2.5113e-08 9.14735e-08 3.57644e-07 1.39916e-06 5.15867e-06 1.71085e-05 4.93993e-05 0.000121643 0.000251954 0.000433238 0.000609808 0.000697474 0.000655322 0.000521395 0.000364756 0.000231294 0.000135042 7.25621e-05 3.52451e-05 1.48081e-05 4.84498e-06 8.7937e-07 0 
0 0.000208827 0.000393764 0.000226497 5.8233e-05 8.43617e-06 8.20004e-07 6.30444e-08 4.54735e-09 3.65294e-10 3.83794e-11 6.05389e-12 1.59278e-12 7.46508e-13 6.37995e-13 9.7637e-13 2.53235e-12 1.02319e-11 5.80455e-11 4.12708e-10 3.28299e-09 2.63017e-08 1.9392e-07 1.22593e-06 6.32725e-06 2.59326e-05 8.35354e-05 0.000211121 0.000416758 0.000635442 0.00074512 0.000687188 0.000523035 0.000345848 0.000205705 0.000111362 5.42436e-05 2.28131e-05 7.46665e-06 1.35536e-06 0 
0 0.000229452 0.000305306 0.000102394 1.31375e-05 8.20004e-07 3.04829e-08 8.36561e-10 2.13464e-11 6.39565e-13 2.80039e-14 2.16229e-15 3.39856e-16 1.18982e-16 9.58058e-17 1.72997e-16 6.49097e-16 4.50386e-15 5.00807e-14 7.63512e-13 1.36564e-11 2.48009e-10 4.03817e-09 5.3428e-08 5.35994e-07 3.9185e-06 2.06134e-05 7.86068e-05 0.000220319 0.00045567 0.000689927 0.000768773 0.000658134 0.000462823 0.000283089 0.000155009 7.58256e-05 3.19375e-05 1.04583e-05 1.89872e-06 0 
0 0.000228926 0.00021029 4.03859e-05 2.48746e-06 6.30444e-08 8.36561e-10 7.62098e-12 6.39952e-14 6.67738e-16 1.14664e-17 4.3406e-19 5.95518e-20 2.88799e-20 2.54058e-20 3.46175e-20 1.06808e-19 1.08823e-18 2.45187e-17 8.4541e-16 3.59636e-14 1.56692e-12 5.95596e-11 1.73879e-09 3.56108e-08 4.85038e-07 4.31349e-06 2.53235e-05 0.000101031 0.000281428 0.000551006 0.000755668 0.000745663 0.000567943 0.000360744 0.000200637 9.87216e-05 4.16663e-05 1.36534e-05 2.47932e-06 0 
0 0.000214823 0.000136754 1.51411e-05 4.45732e-07 4.54735e-09 2.13464e-11 6.39952e-14 1.75309e-16 6.37883e-19 7.8208e-21 1.20817e-21 5.08521e-22 3.95597e-22 3.76535e-22 3.90932e-22 5.86683e-22 1.62012e-21 1.42739e-20 8.52368e-19 8.64479e-17 9.09682e-15 8.12355e-13 5.26687e-11 2.21721e-09 5.66831e-08 8.58343e-07 7.78892e-06 4.40272e-05 0.00016258 0.000404232 0.000678776 0.000779058 0.000650403 0.000432392 0.000245185 0.000121528 5.1423e-05 1.68647e-05 3.06329e-06 0 
0 0.00019514 8.82536e-05 5.82055e-06 8.49915e-08 3.65294e-10 6.39565e-13 6.67738e-16 6.37883e-19 1.80596e-21 8.8918e-23 4.09927e-23 3.07753e-23 2.86472e-23 2.7937e-23 2.66476e-23 2.88321e-23 3.57306e-23 9.43463e-23 1.76423e-21 2.76861e-19 6.6865e-17 1.34286e-14 1.85602e-12 1.54852e-10 7.20399e-09 1.81175e-07 2.4912e-06 1.95876e-05 9.37736e-05 0.000288298 0.000580365 0.000769549 0.000706093 0.000493246 0.000285819 0.000142851 6.0622e-05 1.99007e-05 3.61583e-06 0 
0 0.0001756 5.8872e-05 2.4555e-06 1.92352e-08 3.83794e-11 2.80039e-14 1.14664e-17 7.8208e-21 8.8918e-23 8.27596e-24 4.23093e-24 3.9781e-24 4.05519e-24 3.99874e-24 3.65895e-24 3.29646e-24 2.85898e-24 4.27045e-24 3.11768e-23 2.11743e-21 8.42405e-19 3.46769e-16 9.38177e-14 1.43624e-11 1.13709e-09 4.49075e-08 8.94462e-07 9.43689e-06 5.67496e-05 0.000209006 0.000489824 0.00073646 0.000737578 0.000540781 0.000320289 0.00016145 6.87209e-05 2.25816e-05 4.10423e-06 0 
0 0.000159373 4.19449e-05 1.20429e-06 5.67462e-09 6.05389e-12 2.16229e-15 4.3406e-19 1.20817e-21 4.09928e-23 4.23093e-24 1.11963e-24 7.82581e-25 7.71615e-25 7.54739e-25 6.72256e-25 5.51559e-25 4.2978e-25 6.27222e-25 3.92871e-24 1.14278e-22 2.48253e-20 1.73944e-17 8.14156e-15 2.04503e-12 2.49865e-10 1.42675e-08 3.84859e-07 5.16652e-06 3.74112e-05 0.000159114 0.00041985 0.000697466 0.000751397 0.000574658 0.000347107 0.000176337 7.5266e-05 2.47549e-05 4.50052e-06 0 
0 0.000147814 3.27059e-05 7.17557e-07 2.34411e-09 1.59278e-12 3.39856e-16 5.95518e-20 5.08522e-22 3.07753e-23 3.9781e-24 7.82582e-25 2.73606e-25 1.87671e-25 1.6632e-25 1.42806e-25 1.13591e-25 1.01885e-25 2.3732e-25 1.60424e-24 2.76011e-23 2.54546e-21 2.00342e-18 1.39099e-15 4.99244e-13 8.33962e-11 6.21257e-09 2.08609e-07 3.33334e-06 2.7598e-05 0.000130046 0.000372815 0.000664357 0.000754802 0.000595981 0.000365523 0.000186839 7.99244e-05 2.63063e-05 4.78367e-06 0 
0 0.000141275 2.83418e-05 5.34031e-07 1.41805e-09 7.46508e-13 1.18982e-16 2.88799e-20 3.95597e-22 2.86473e-23 4.0552e-24 7.71616e-25 1.87672e-25 7.06268e-26 4.42178e-26 3.42884e-26 2.93135e-26 4.26772e-26 1.60604e-25 1.09048e-24 1.50423e-23 9.05909e-22 5.88677e-19 5.09567e-16 2.23861e-13 4.46417e-11 3.86632e-09 1.46989e-07 2.59265e-06 2.31587e-05 0.000115602 0.000347058 0.000643246 0.000753525 0.000606358 0.000375359 0.000192599 8.25023e-05 2.71674e-05 4.94097e-06 0 
0 0.000139678 2.74608e-05 5.01573e-07 1.27671e-09 6.37995e-13 9.58058e-17 2.54058e-20 3.76535e-22 2.7937e-23 3.99874e-24 7.5474e-25 1.6632e-25 4.42178e-26 1.69796e-26 1.05262e-26 1.16517e-26 3.05971e-26 1.44051e-25 9.90425e-25 1.32323e-23 7.41632e-22 4.5555e-19 4.12403e-16 1.88882e-13 3.90688e-11 3.49062e-09 1.36151e-07 2.45081e-06 2.22338e-05 0.00011229 0.000340337 0.000636265 0.000750826 0.000607149 0.000376809 0.000193556 8.29472e-05 2.73179e-05 4.96859e-06 0 
0 0.000142798 2.96628e-05 5.90541e-07 1.69057e-09 9.7637e-13 1.72997e-16 3.46175e-20 3.90932e-22 2.66476e-23 3.65896e-24 6.72257e-25 1.42806e-25 3.42884e-26 1.05262e-26 5.83562e-27 8.75345e-27 3.00458e-26 1.53094e-25 1.12936e-24 1.71243e-23 1.23099e-21 8.99121e-19 7.19653e-16 2.94109e-13 5.5059e-11 4.51926e-09 1.64361e-07 2.79786e-06 2.43104e-05 0.000118821 0.000351041 0.000642919 0.000747377 0.000599081 0.000370291 0.000189908 8.13402e-05 2.67841e-05 4.87127e-06 0 
0 0.000150337 3.53354e-05 8.52829e-07 3.17393e-09 2.53235e-12 6.49097e-16 1.06808e-19 5.86683e-22 2.88322e-23 3.29646e-24 5.5156e-25 1.13591e-25 2.93135e-26 1.16517e-26 8.75344e-27 1.29895e-26 3.88371e-26 1.99314e-25 1.74202e-24 3.84923e-23 5.13337e-21 4.16615e-18 2.51828e-15 7.97317e-13 1.19353e-10 8.09974e-09 2.51819e-07 3.78273e-06 2.98476e-05 0.000135582 0.000378088 0.000660544 0.000741517 0.000582222 0.00035638 0.00018207 7.78779e-05 2.56329e-05 4.66128e-06 0 
0 0.000161842 4.56309e-05 1.4606e-06 7.98557e-09 1.02319e-11 4.50386e-15 1.08823e-18 1.62012e-21 3.57306e-23 2.85898e-24 4.2978e-25 1.01886e-25 4.26771e-26 3.0597e-26 3.00457e-26 3.88371e-26 8.3679e-26 3.89198e-25 4.42275e-24 2.00947e-22 6.46325e-20 3.96221e-17 1.58151e-14 3.44134e-12 3.70805e-10 1.90245e-08 4.69683e-07 5.87189e-06 4.02207e-05 0.000164014 0.000419801 0.0006839 0.000729667 0.000556231 0.000335815 0.000170636 7.28489e-05 2.3963e-05 4.35679e-06 0 
0 0.000176529 6.25232e-05 2.84522e-06 2.5113e-08 5.80455e-11 5.00807e-14 2.45187e-17 1.42739e-20 9.43463e-23 4.27045e-24 6.27222e-25 2.37319e-25 1.60604e-25 1.4405e-25 1.53094e-25 1.99313e-25 3.89197e-25 1.89072e-24 3.75313e-23 4.55255e-21 1.8212e-18 6.53465e-16 1.55349e-13 2.11538e-11 1.51048e-09 5.45961e-08 1.00999e-06 1.00376e-05 5.76216e-05 0.000205219 0.000471465 0.000704228 0.000706922 0.000520755 0.000309539 0.000156339 6.66056e-05 2.18947e-05 3.97993e-06 0 
0 0.00019307 8.87728e-05 6.02267e-06 9.14735e-08 4.12708e-10 7.63512e-13 8.4541e-16 8.52368e-19 1.76423e-21 3.11768e-23 3.9287e-24 1.60424e-24 1.09048e-24 9.90424e-25 1.12936e-24 1.74202e-24 4.42275e-24 3.75313e-23 1.84173e-21 3.53295e-19 8.14199e-17 1.556e-14 2.05039e-12 1.63438e-10 7.28235e-09 1.76015e-07 2.33746e-06 1.78664e-05 8.3874e-05 0.000256106 0.000520984 0.000708317 0.000667913 0.000475841 0.000278727 0.000140001 5.95335e-05 1.95584e-05 3.55464e-06 0 
0 0.000209452 0.000127514 1.32366e-05 3.57644e-07 3.28299e-09 1.36564e-11 3.59636e-14 8.64479e-17 2.76861e-19 2.11743e-21 1.14278e-22 2.76011e-23 1.50423e-23 1.32323e-23 1.71243e-23 3.84922e-23 2.00947e-22 4.55255e-21 3.53295e-19 3.9455e-17 4.56083e-15 4.4469e-13 3.11005e-11 1.38859e-09 3.6946e-08 5.72939e-07 5.27835e-06 3.0322e-05 0.000115045 0.000300227 0.000542953 0.000678625 0.000607912 0.000422227 0.000244751 0.000122479 5.20207e-05 1.70843e-05 3.10469e-06 0 
0 0.000223017 0.000181115 2.89624e-05 1.39916e-06 2.63017e-08 2.48009e-10 1.56692e-12 9.09682e-15 6.6865e-17 8.42405e-19 2.48253e-20 2.54546e-21 9.05909e-22 7.41632e-22 1.23099e-21 5.13337e-21 6.46325e-20 1.8212e-18 8.14199e-17 4.56083e-15 2.61154e-13 1.27957e-11 4.64035e-10 1.11996e-08 1.69334e-07 1.59149e-06 9.69906e-06 4.104e-05 0.000127455 0.000294813 0.000496571 0.000596352 0.00052412 0.000361442 0.000209102 0.000104604 4.44306e-05 1.45925e-05 2.65195e-06 0 
0 0.000230793 0.000249135 6.08556e-05 5.15867e-06 1.9392e-07 4.03817e-09 5.95596e-11 8.12355e-13 1.34286e-14 3.46769e-16 1.73944e-17 2.00342e-18 5.88677e-19 4.5555e-19 8.99121e-19 4.16615e-18 3.96221e-17 6.53465e-16 1.556e-14 4.4469e-13 1.27957e-11 3.15959e-10 5.81957e-09 7.13949e-08 5.47197e-07 2.68079e-06 9.50904e-06 2.86759e-05 7.93102e-05 0.000189701 0.000347857 0.00045127 0.000417366 0.000295816 0.000173294 8.71333e-05 3.70795e-05 1.21861e-05 2.21511e-06 0 
0 0.000230138 0.000325833 0.000119259 1.71085e-05 1.22593e-06 5.3428e-08 1.73879e-09 5.26687e-11 1.85602e-12 9.38177e-14 8.14156e-15 1.39099e-15 5.09567e-16 4.12403e-16 7.19653e-16 2.51828e-15 1.58151e-14 1.55349e-13 2.05039e-12 3.11005e-11 4.64035e-10 5.81957e-09 5.18886e-08 2.76529e-07 7.83178e-07 1.28259e-06 1.79383e-06 3.5347e-06 1.16288e-05 4.64877e-05 0.000142641 0.000263426 0.000295351 0.000228696 0.000138827 7.07119e-05 3.02235e-05 9.9469e-06 1.80887e-06 0 
0 0.000219542 0.000398769 0.00021301 4.93993e-05 6.32725e-06 5.35994e-07 3.56108e-08 2.21721e-09 1.54852e-10 1.43624e-11 2.04503e-12 4.99244e-13 2.23861e-13 1.88882e-13 2.94109e-13 7.97317e-13 3.44134e-12 2.11538e-11 1.63438e-10 1.38859e-09 1.11996e-08 7.13949e-08 2.76529e-07 4.51546e-07 2.24934e-07 4.07731e-08 8.14658e-09 8.21786e-09 6.77459e-08 1.51102e-06 2.13297e-05 0.000100319 0.000176841 0.000164971 0.0001072 5.5865e-05 2.40509e-05 7.93283e-06 1.44354e-06 0 
0 0.000199268 0.000450721 0.000340249 0.000121643 2.59326e-05 3.9185e-06 4.85038e-07 5.66831e-08 7.20399e-09 1.13709e-09 2.49865e-10 8.33962e-11 4.46417e-11 3.90688e-11 5.5059e-11 1.19353e-10 3.70805e-10 1.51048e-09 7.28235e-09 3.6946e-08 1.69334e-07 5.47197e-07 7.83178e-07 2.24934e-07 5.55411e-09 1.51487e-11 5.87675e-14 1.66043e-14 1.64611e-12 1.83013e-09 6.95971e-07 2.15529e-05 8.71869e-05 0.000110846 7.98702e-05 4.29803e-05 1.86809e-05 6.17855e-06 1.12519e-06 0 
0 0.0001715 0.000466051 0.000478021 0.000251954 8.35354e-05 2.06134e-05 4.31349e-06 8.58343e-07 1.81175e-07 4.49075e-08 1.42675e-08 6.21257e-09 3.86632e-09 3.49062e-09 4.51926e-09 8.09974e-09 1.90245e-08 5.45961e-08 1.76015e-07 5.72939e-07 1.59149e-06 2.68079e-06 1.28259e-06 4.07731e-08 1.51487e-11 2.68195e-16 2.52957e-15 1.44489e-15 5.02512e-15 1.06621e-13 6.13111e-09 2.99601e-06 3.78856e-05 7.1249e-05 5.79154e-05 3.22711e-05 1.41635e-05 4.69698e-06 8.55999e-07 0 
0 0.000139792 0.000438857 0.000582651 0.000433238 0.000211121 7.86068e-05 2.53235e-05 7.78892e-06 2.4912e-06 8.94462e-07 3.84859e-07 2.08609e-07 1.46989e-07 1.36151e-07 1.64361e-07 2.51819e-07 4.69683e-07 1.00999e-06 2.33746e-06 5.27835e-06 9.69906e-06 9.50904e-06 1.79383e-06 8.14658e-09 5.87675e-14 2.52957e-15 5.44262e-16 3.37063e-16 6.54959e-16 7.08167e-15 8.54567e-11 5.22486e-07 1.79344e-05 4.65744e-05 4.15339e-05 2.37295e-05 1.04834e-05 3.48252e-06 6.34951e-07 0 
0 0.000108018 0.000376843 0.000612107 0.000609808 0.000416758 0.000220319 0.000101031 4.40272e-05 1.95876e-05 9.43689e-06 5.16652e-06 3.33334e-06 2.59265e-06 2.45081e-06 2.79786e-06 3.78273e-06 5.87189e-06 1.00376e-05 1.78664e-05 3.0322e-05 4.104e-05 2.86759e-05 3.5347e-06 8.21786e-09 1.66043e-14 1.44489e-15 3.37063e-16 6.15355e-16 3.11568e-15 6.78723e-14 2.36727e-11 2.74058e-07 1.19001e-05 3.30315e-05 2.99036e-05 1.71324e-05 7.57176e-06 2.51533e-06 4.58599e-07 0 
0 7.93132e-05 0.0002971 0.000557066 0.000697474 0.000635442 0.00045567 0.000281428 0.00016258 9.37736e-05 5.67496e-05 3.74112e-05 2.7598e-05 2.31587e-05 2.22338e-05 2.43104e-05 2.98476e-05 4.02207e-05 5.76216e-05 8.3874e-05 0.000115045 0.000127455 7.93102e-05 1.16288e-05 6.77459e-08 1.64611e-12 5.02512e-15 6.54959e-16 3.11568e-15 4.51444e-16 4.57781e-16 2.89433e-10 5.59364e-07 1.18548e-05 2.5793e-05 2.16524e-05 1.21316e-05 5.32738e-06 1.76654e-06 3.21916e-07 0 
0 5.54937e-05 0.000217224 0.000446589 0.000655322 0.00074512 0.000689927 0.000551006 0.000404232 0.000288298 0.000209006 0.000159114 0.000130046 0.000115602 0.00011229 0.000118821 0.000135582 0.000164014 0.000205219 0.000256106 0.000300227 0.000294813 0.000189701 4.64877e-05 1.51102e-06 1.83013e-09 1.06621e-13 7.08167e-15 6.78724e-14 4.57781e-16 6.18614e-12 2.23729e-08 2.30908e-06 1.46518e-05 2.10464e-05 1.55303e-05 8.37788e-06 3.63939e-06 1.20314e-06 2.19061e-07 0 
0 3.70678e-05 0.000148763 0.000322549 0.000521395 0.000687188 0.000768773 0.000755668 0.000678776 0.000580365 0.000489824 0.00041985 0.000372815 0.000347058 0.000340337 0.000351041 0.000378088 0.000419801 0.000471465 0.000520984 0.000542953 0.000496571 0.000347857 0.000142641 2.13297e-05 6.95971e-07 6.13111e-09 8.54567e-11 2.36727e-11 2.89433e-10 2.23729e-08 9.49961e-07 7.98805e-06 1.7141e-05 1.66157e-05 1.07873e-05 5.5958e-06 2.40291e-06 7.91728e-07 1.44016e-07 0 
0 2.36316e-05 9.60824e-05 0.0002142 0.000364756 0.000523035 0.000658134 0.000745663 0.000779058 0.000769549 0.00073646 0.000697466 0.000664357 0.000643246 0.000636265 0.000642919 0.000660544 0.0006839 0.000704228 0.000708317 0.000678625 0.000596352 0.00045127 0.000263426 0.000100319 2.15529e-05 2.99601e-06 5.22486e-07 2.74058e-07 5.59364e-07 2.30908e-06 7.98805e-06 1.51265e-05 1.62775e-05 1.20539e-05 7.12411e-06 3.58449e-06 1.52471e-06 5.00935e-07 9.10435e-08 0 
0 1.43308e-05 5.86339e-05 0.000132462 0.000231294 0.000345848 0.000462823 0.000567943 0.000650403 0.000706093 0.000737578 0.000751397 0.000754802 0.000753525 0.000750826 0.000747377 0.000741517 0.000729667 0.000706922 0.000667913 0.000607912 0.00052412 0.000417366 0.000295351 0.000176841 8.71869e-05 3.78856e-05 1.79344e-05 1.19001e-05 1.18548e-05 1.46518e-05 1.7141e-05 1.62775e-05 1.23872e-05 7.91843e-06 4.42684e-06 2.18452e-06 9.23265e-07 3.02715e-07 5.49827e-08 0 
0 8.20409e-06 3.36616e-05 7.64925e-05 0.000135042 0.000205705 0.000283089 0.000360744 0.000432392 0.000493246 0.000540781 0.000574658 0.000595981 0.000606358 0.000607149 0.000599081 0.000582222 0.000556231 0.000520755 0.000475841 0.000422227 0.000361442 0.000295816 0.000228696 0.000164971 0.000110846 7.1249e-05 4.65744e-05 3.30315e-05 2.5793e-05 2.10464e-05 1.66157e-05 1.20539e-05 7.91843e-06 4.7282e-06 2.57023e-06 1.255e-06 5.28428e-07 1.73039e-07 3.14165e-08 0 
0 4.37285e-06 1.79634e-05 4.09187e-05 7.25621e-05 0.000111362 0.000155009 0.000200637 0.000245185 0.000285819 0.000320289 0.000347107 0.000365523 0.000375359 0.000376809 0.000370291 0.00035638 0.000335815 0.000309539 0.000278727 0.000244751 0.000209102 0.000173294 0.000138827 0.0001072 7.98702e-05 5.79154e-05 4.15339e-05 2.99036e-05 2.16524e-05 1.55303e-05 1.07873e-05 7.12411e-06 4.42684e-06 2.57023e-06 1.37978e-06 6.70295e-07 2.81689e-07 9.21779e-08 1.67316e-08 0 
0 2.11737e-06 8.7022e-06 1.98413e-05 3.52451e-05 5.42436e-05 7.58256e-05 9.87216e-05 0.000121528 0.000142851 0.00016145 0.000176337 0.000186839 0.000192599 0.000193556 0.000189908 0.00018207 0.000170636 0.000156339 0.000140001 0.000122479 0.000104604 8.71333e-05 7.07119e-05 5.5865e-05 4.29803e-05 3.22711e-05 2.37295e-05 1.71324e-05 1.21316e-05 8.37788e-06 5.5958e-06 3.58449e-06 2.18452e-06 1.255e-06 6.70295e-07 3.24902e-07 1.36415e-07 4.46241e-08 8.09887e-09 0 
0 8.88582e-07 3.65266e-06 8.33112e-06 1.48081e-05 2.28131e-05 3.19375e-05 4.16663e-05 5.1423e-05 6.0622e-05 6.87209e-05 7.5266e-05 7.99244e-05 8.25023e-05 8.29472e-05 8.13402e-05 7.78779e-05 7.28489e-05 6.66056e-05 5.95335e-05 5.20207e-05 4.44306e-05 3.70795e-05 3.02235e-05 2.40509e-05 1.86809e-05 1.41635e-05 1.04834e-05 7.57176e-06 5.32738e-06 3.63939e-06 2.40291e-06 1.52471e-06 9.23265e-07 5.28428e-07 2.81689e-07 1.36415e-07 5.72536e-08 1.87258e-08 3.39836e-09 0 
0 2.90612e-07 1.19469e-06 2.72523e-06 4.84498e-06 7.46665e-06 1.04583e-05 1.36534e-05 1.68647e-05 1.99007e-05 2.25816e-05 2.47549e-05 2.63063e-05 2.71674e-05 2.73179e-05 2.67841e-05 2.56329e-05 2.3963e-05 2.18947e-05 1.95584e-05 1.70843e-05 1.45925e-05 1.21861e-05 9.9469e-06 7.93283e-06 6.17855e-06 4.69698e-06 3.48252e-06 2.51533e-06 1.76654e-06 1.20314e-06 7.91728e-07 5.00935e-07 3.02715e-07 1.73039e-07 9.21779e-08 4.46241e-08 1.87258e-08 6.12419e-09 1.11139e-09 0 
0 5.2739e-08 2.16812e-07 4.94597e-07 8.7937e-07 1.35536e-06 1.89872e-06 2.47932e-06 3.06329e-06 3.61583e-06 4.10423e-06 4.50052e-06 4.78367e-06 4.94097e-06 4.96859e-06 4.87127e-06 4.66128e-06 4.35679e-06 3.97993e-06 3.55464e-06 3.10469e-06 2.65195e-06 2.21511e-06 1.80887e-06 1.44354e-06 1.12519e-06 8.55999e-07 6.34951e-07 4.58599e-07 3.21916e-07 2.19061e-07 1.44016e-07 9.10435e-08 5.49827e-08 3.14165e-08 1.67316e-08 8.09887e-09 3.39836e-09 1.11139e-09 2.01686e-10 0 
0 0 0 0 0 0 0 0 0 0 0 0 0 0 0 0 0 0 0 0 0 0 0 0 0 0 0 0 0 0 0 0 0 0 0 0 0 0 0 0 0 
