0 0 0 0 0 0 0 0 0 0 0 0 0 0 0 0 0 0 0 0 0 0 0 0 0 0 0 0 0 0 0 0 0 0 0 0 0 0 0 0 0 
0 1.37242e-05 5.6077e-05 0.000126389 0.000219914 0.000327377 0.00043616 0.000533525 0.000610481 0.000663957 0.000696245 0.000712636 0.000718943 0.000719849 0.000718198 0.000714896 0.000709142 0.000698823 0.000681081 0.000653049 0.000612733 0.000559817 0.00049611 0.000425364 0.000352464 0.000282287 0.00021871 0.000164095 0.000119301 8.4031e-05 5.72704e-05 3.76712e-05 2.38166e-05 1.4382e-05 8.2168e-06 4.37567e-06 2.11792e-06 8.8867e-07 2.90623e-07 5.27398e-08 0 
0 5.6077e-05 0.000227106 0.00050232 0.000843539 0.0011837 0.00144619 0.00158103 0.00158824 0.00150772 0.0013901 0.00127506 0.00118556 0.00113169 0.00111621 0.00113825 0.00119471 0.00127954 0.00138208 0.00148541 0.00156652 0.00160016 0.00156641 0.00145898 0.00128899 0.001081 0.000863573 0.000660244 0.000485195 0.000343702 0.000234907 0.000154719 9.78735e-05 5.91166e-05 3.37781e-05 1.79884e-05 8.70688e-06 3.6534e-06 1.19478e-06 2.16818e-07 0 
0 0.000126389 0.00050232 0.00106615 0.00165432 0.00203689 0.00206489 0.00178984 0.00139203 0.00102427 0.000749275 0.000567743 0.0004594 0.000404801 0.000391893 0.000416447 0.000481132 0.000594386 0.000768192 0.00101268 0.00132555 0.00167769 0.00200473 0.00222014 0.00225455 0.00209616 0.00179596 0.00143412 0.00108033 0.000775303 0.000533256 0.000352236 0.000223095 0.000134819 7.70482e-05 4.10347e-05 1.98625e-05 8.33435e-06 2.72561e-06 4.9462e-07 0 
0 0.000219914 0.000843539 0.00165432 0.00220989 0.00214478 0.00158206 0.000950408 0.000506521 0.000260448 0.000138904 8.14211e-05 5.47454e-05 4.33844e-05 4.09942e-05 4.60389e-05 6.04621e-05 9.03976e-05 0.000148669 0.000258679 0.000457123 0.000787635 0.00127266 0.00186245 0.00240373 0.00270007 0.00264814 0.00230697 0.00182811 0.00134751 0.000938903 0.000623796 0.000396058 0.000239574 0.000136965 7.29552e-05 3.53149e-05 1.48185e-05 4.84616e-06 8.79442e-07 0 
0 0.000327377 0.0011837 0.00203689 0.00214478 0.00146584 0.000703749 0.0002664 8.97783e-05 3.00563e-05 1.09801e-05 4.72719e-06 2.54189e-06 1.77187e-06 1.62595e-06 1.9528e-06 2.99475e-06 5.63535e-06 1.23733e-05 2.99744e-05 7.56628e-05 0.000188333 0.000439085 0.000914615 0.00163243 0.00241916 0.00294037 0.00296918 0.00257425 0.00199232 0.00142168 0.000954669 0.00060882 0.00036891 0.000211041 0.000112438 5.44312e-05 2.28404e-05 7.46968e-06 1.35554e-06 0 
0 0.00043616 0.00144619 0.00206489 0.00158206 0.000703749 0.00020673 4.68163e-05 9.47691e-06 1.96076e-06 4.67004e-07 1.41563e-07 5.89883e-08 3.55066e-08 3.15023e-08 4.08401e-08 7.47409e-08 1.82727e-07 5.56818e-07 1.95909e-06 7.36753e-06 2.75442e-05 9.59634e-05 0.000294511 0.000757685 0.00156464 0.00251478 0.00313226 0.00311497 0.00260644 0.00193416 0.00132195 0.000849229 0.000516035 0.000295509 0.000157497 7.62537e-05 3.19988e-05 1.0465e-05 1.89911e-06 0 
0 0.000533525 0.00158103 0.00178984 0.000950408 0.0002664 4.68163e-05 6.18369e-06 7.28997e-07 9.01585e-08 1.35616e-08 2.81688e-09 8.91291e-10 4.57703e-10 3.91343e-10 5.50616e-10 1.21863e-09 3.94842e-09 1.71144e-08 8.98616e-08 5.17349e-07 2.97691e-06 1.57964e-05 7.23269e-05 0.000270671 0.000790288 0.00172928 0.00277119 0.0032977 0.0030774 0.00241777 0.00169652 0.00110185 0.000672357 0.000385612 0.000205626 9.9573e-05 4.17868e-05 1.36663e-05 2.48007e-06 0 
0 0.000610481 0.00158824 0.00139203 0.000506521 8.97783e-05 9.47691e-06 7.28997e-07 4.97643e-08 3.6509e-09 3.44098e-10 4.86285e-11 1.16183e-11 5.07128e-12 4.17198e-12 6.37425e-12 1.71052e-11 7.37684e-11 4.57384e-10 3.60664e-09 3.19848e-08 2.84667e-07 2.30534e-06 1.57047e-05 8.47716e-05 0.000346114 0.00102665 0.00214097 0.00312307 0.00333094 0.00281738 0.00204752 0.00134964 0.000828271 0.000476004 0.000254004 0.000123028 5.16335e-05 1.6887e-05 3.06457e-06 0 
0 0.000663957 0.00150772 0.00102427 0.000260448 3.00563e-05 1.96076e-06 9.01585e-08 3.6509e-09 1.62426e-10 9.77754e-12 9.54625e-13 1.7407e-13 6.49427e-14 5.14238e-14 8.49265e-14 2.73836e-13 1.55202e-12 1.35536e-11 1.57748e-10 2.11576e-09 2.85822e-08 3.46527e-07 3.44137e-06 2.61873e-05 0.00014569 0.000571237 0.0015267 0.00273173 0.00336616 0.003099 0.00234855 0.00157626 0.000974133 0.000561237 0.00029974 0.00014522 6.09527e-05 1.99354e-05 3.61781e-06 0 
0 0.000696245 0.0013901 0.000749275 0.000138904 1.09801e-05 4.67004e-07 1.35616e-08 3.44098e-10 9.77754e-12 3.93618e-13 2.75636e-14 3.94004e-15 1.27519e-15 9.74227e-16 1.72253e-15 6.53882e-15 4.7292e-14 5.60955e-13 9.25117e-12 1.79746e-10 3.52958e-09 6.14256e-08 8.54339e-07 8.81879e-06 6.43565e-05 0.000321249 0.00106521 0.00229266 0.0032467 0.00325964 0.00258318 0.00176825 0.00110127 0.000636251 0.000340122 0.000164835 6.91922e-05 2.26309e-05 4.10702e-06 0 
0 0.000712636 0.00127506 0.000567743 8.14211e-05 4.72719e-06 1.41563e-07 2.81688e-09 4.86285e-11 9.54625e-13 2.75636e-14 1.46592e-15 1.7118e-16 4.9187e-17 3.64148e-17 6.79792e-17 2.9471e-16 2.60226e-15 3.96893e-14 8.71899e-13 2.2991e-11 6.1463e-10 1.44154e-08 2.64737e-07 3.51203e-06 3.19896e-05 0.000194058 0.000765188 0.00191641 0.00305905 0.00332266 0.00274681 0.00191659 0.00120278 0.000696818 0.000372847 0.000180749 7.58795e-05 2.48188e-05 4.50412e-06 0 
0 0.000718943 0.00118556 0.0004594 5.47454e-05 2.54189e-06 5.89883e-08 8.91291e-10 1.16183e-11 1.7407e-13 3.94004e-15 1.7118e-16 1.72136e-17 4.52453e-18 3.26563e-18 6.32727e-18 3.0154e-17 3.07408e-16 5.62461e-15 1.52187e-13 5.01325e-12 1.679e-10 4.89887e-09 1.10288e-07 1.75835e-06 1.88313e-05 0.000131595 0.000588021 0.00164504 0.00287481 0.00332311 0.00284426 0.00201687 0.001274 0.000739846 0.000396193 0.000192117 8.06586e-05 2.63827e-05 4.78796e-06 0 
0 0.000719849 0.00113169 0.000404801 4.33844e-05 1.77187e-06 3.55066e-08 4.57703e-10 5.07128e-12 6.49427e-14 1.27519e-15 4.9187e-17 4.52453e-18 1.12603e-18 7.98179e-19 1.57478e-18 7.90221e-18 8.73039e-17 1.771e-15 5.39816e-14 2.02129e-12 7.71308e-11 2.55536e-09 6.48e-08 1.15073e-06 1.35547e-05 0.000102945 0.000495239 0.00148045 0.00273638 0.00329272 0.00288458 0.00206837 0.00131256 0.00076355 0.00040913 0.000198429 8.3314e-05 2.72517e-05 4.94571e-06 0 
0 0.000718198 0.00111621 0.000391893 4.09942e-05 1.62595e-06 3.15023e-08 3.91343e-10 4.17198e-12 5.14238e-14 9.74227e-16 3.64148e-17 3.26563e-18 7.98179e-19 5.60215e-19 1.10368e-18 5.57572e-18 6.24816e-17 1.29376e-15 4.04513e-14 1.55894e-12 6.1335e-11 2.09573e-09 5.47547e-08 9.99845e-07 1.20811e-05 9.39107e-05 0.000461807 0.00141048 0.0026597 0.00325094 0.002876 0.00207258 0.00131814 0.00076746 0.000411357 0.000199532 8.378e-05 2.74045e-05 4.97346e-06 0 
0 0.000714896 0.00113825 0.000416447 4.60389e-05 1.9528e-06 4.08401e-08 5.50616e-10 6.37425e-12 8.49265e-14 1.72253e-15 6.79792e-17 6.32727e-18 1.57478e-18 1.10368e-18 2.13102e-18 1.03775e-17 1.10587e-16 2.15601e-15 6.30864e-14 2.26997e-12 8.34701e-11 2.67562e-09 6.59647e-08 1.1448e-06 1.32492e-05 9.94141e-05 0.000475321 0.00142111 0.002641 0.00320189 0.00282275 0.00203201 0.0012921 0.000752327 0.000403267 0.000195614 8.21364e-05 2.68671e-05 4.87594e-06 0 
0 0.000709142 0.00119471 0.000481132 6.04621e-05 2.99475e-06 7.47409e-08 1.21863e-09 1.71052e-11 2.73836e-13 6.53882e-15 2.9471e-16 3.0154e-17 7.90221e-18 5.57572e-18 1.03775e-17 4.68362e-17 4.47594e-16 7.6324e-15 1.92157e-13 5.90273e-12 1.85308e-10 5.10562e-09 1.09491e-07 1.67863e-06 1.746e-05 0.000119773 0.000531738 0.00149723 0.00266043 0.00313527 0.00272442 0.0019496 0.00123718 0.000719942 0.00038586 0.000187168 7.85905e-05 2.57073e-05 4.66548e-06 0 
0 0.000698823 0.00127954 0.000594386 9.03976e-05 5.63535e-06 1.82727e-07 3.94842e-09 7.37684e-11 1.55202e-12 4.7292e-14 2.60226e-15 3.07408e-16 8.73039e-17 6.24816e-17 1.10587e-16 4.47594e-16 3.65078e-15 5.11487e-14 1.03141e-12 2.50513e-11 6.2109e-10 1.36345e-08 2.36914e-07 3.00939e-06 2.65954e-05 0.000158975 0.000629461 0.00161587 0.00268167 0.00302919 0.00257722 0.00182866 0.0011572 0.00067291 0.000360608 0.000174921 7.34494e-05 2.4026e-05 4.36037e-06 0 
0 0.000681081 0.00138208 0.000768192 0.000148669 1.23733e-05 5.56818e-07 1.71144e-08 4.57384e-10 1.35536e-11 5.60955e-13 3.96893e-14 5.62461e-15 1.771e-15 1.29376e-15 2.15601e-15 7.6324e-15 5.11487e-14 5.60908e-13 8.56573e-12 1.54841e-10 2.84908e-09 4.68745e-08 6.2269e-07 6.21284e-06 4.44867e-05 0.000222423 0.000759555 0.00173468 0.0026511 0.00285472 0.00237619 0.00167306 0.0010567 0.00061437 0.000329294 0.000159755 6.70865e-05 2.19454e-05 3.98284e-06 0 
0 0.000653049 0.00148541 0.00101268 0.000258679 2.99744e-05 1.95909e-06 8.98616e-08 3.60664e-09 1.57748e-10 9.25117e-12 8.71899e-13 1.52187e-13 5.39816e-14 4.04513e-14 6.30864e-14 1.92157e-13 1.03141e-12 8.56573e-12 9.53003e-11 1.22864e-09 1.60427e-08 1.89028e-07 1.8358e-06 1.3784e-05 7.68552e-05 0.000310398 0.000890016 0.00178148 0.00250102 0.00258092 0.00211665 0.00148702 0.000940533 0.000547689 0.00029384 0.000142624 5.99054e-05 1.9598e-05 3.55693e-06 0 
0 0.000612733 0.00156652 0.00132555 0.000457123 7.56628e-05 7.36753e-06 5.17349e-07 3.19848e-08 2.11576e-09 1.79746e-10 2.2991e-11 5.01325e-12 2.02129e-12 1.55894e-12 2.26997e-12 5.90273e-12 2.50513e-11 1.54841e-10 1.22864e-09 1.10219e-08 9.93483e-08 8.13349e-07 5.58824e-06 3.04874e-05 0.000127697 0.000403197 0.000949264 0.00165657 0.00216079 0.00217909 0.0017938 0.00127412 0.000813238 0.000476135 0.000256139 0.000124472 5.2306e-05 1.7115e-05 3.10647e-06 0 
0 0.000559817 0.00160016 0.00167769 0.000787635 0.000188333 2.75442e-05 2.97691e-06 2.84667e-07 2.85822e-08 3.52958e-09 6.1463e-10 1.679e-10 7.71308e-11 6.1335e-11 8.34701e-11 1.85308e-10 6.2109e-10 2.84908e-09 1.60427e-08 9.93483e-08 6.10826e-07 3.41407e-06 1.61823e-05 6.19776e-05 0.000186921 0.000442312 0.000832188 0.00126782 0.00158235 0.00162865 0.00140166 0.00103604 0.00067845 0.000402606 0.000217918 0.000106165 4.46563e-05 1.4617e-05 2.65338e-06 0 
0 0.00049611 0.00156641 0.00200473 0.00127266 0.000439085 9.59634e-05 1.57964e-05 2.30534e-06 3.46527e-07 6.14256e-08 1.44154e-08 4.89887e-09 2.55536e-09 2.09573e-09 2.67562e-09 5.10562e-09 1.36345e-08 4.68745e-08 1.89028e-07 8.13349e-07 3.41407e-06 1.29101e-05 4.11536e-05 0.000105328 0.000212125 0.000344758 0.000486247 0.000644316 0.00082001 0.000952208 0.000942025 0.00077376 0.000538909 0.000329535 0.00018066 8.84495e-05 3.72706e-05 1.22069e-05 2.21633e-06 0 
0 0.000425364 0.00145898 0.00222014 0.00186245 0.000914615 0.000294511 7.23269e-05 1.57047e-05 3.44137e-06 8.54339e-07 2.64737e-07 1.10288e-07 6.48e-08 5.47547e-08 6.59647e-08 1.09491e-07 2.36914e-07 6.2269e-07 1.8358e-06 5.58824e-06 1.61823e-05 4.11536e-05 8.49133e-05 0.000132068 0.00014942 0.000132244 0.00011463 0.000126888 0.000192381 0.00032624 0.000469163 0.000498285 0.000398381 0.000259177 0.000145611 7.19239e-05 3.03981e-05 9.96569e-06 1.80996e-06 0 
0 0.000352464 0.00128899 0.00225455 0.00240373 0.00163243 0.000757685 0.000270671 8.47716e-05 2.61873e-05 8.81879e-06 3.51203e-06 1.75835e-06 1.15073e-06 9.99845e-07 1.1448e-06 1.67863e-06 3.00939e-06 6.21284e-06 1.3784e-05 3.04874e-05 6.19776e-05 0.000105328 0.000132068 0.000103781 4.47549e-05 1.2001e-05 3.69165e-06 2.96452e-06 7.88767e-06 3.69988e-05 0.000133007 0.000251017 0.000266003 0.0001943 0.000113862 5.70429e-05 2.42175e-05 7.95042e-06 1.44455e-06 0 
0 0.000282287 0.001081 0.00209616 0.00270007 0.00241916 0.00156464 0.000790288 0.000346114 0.00014569 6.43565e-05 3.19896e-05 1.88313e-05 1.35547e-05 1.20811e-05 1.32492e-05 1.746e-05 2.65954e-05 4.44867e-05 7.68552e-05 0.000127697 0.000186921 0.000212125 0.00014942 4.47549e-05 3.73876e-06 1.005e-07 3.74564e-09 1.6371e-09 1.60461e-08 6.90235e-07 1.62456e-05 9.1239e-05 0.000157776 0.00013857 8.63781e-05 4.41166e-05 1.8838e-05 6.19476e-06 1.12609e-06 0 
0 0.00021871 0.000863573 0.00179596 0.00264814 0.00294037 0.00251478 0.00172928 0.00102665 0.000571237 0.000321249 0.000194058 0.000131595 0.000102945 9.39107e-05 9.94141e-05 0.000119773 0.000158975 0.000222423 0.000310398 0.000403197 0.000442312 0.000344758 0.000132244 1.2001e-05 1.005e-07 8.64229e-11 1.25117e-13 2.19193e-14 1.75057e-12 2.41107e-09 9.69863e-07 2.59786e-05 8.64347e-05 9.53924e-05 6.38515e-05 3.3298e-05 1.43026e-05 4.71105e-06 8.56772e-07 0 
0 0.000164095 0.000660244 0.00143412 0.00230697 0.00296918 0.00313226 0.00277119 0.00214097 0.0015267 0.00106521 0.000765188 0.000588021 0.000495239 0.000461807 0.000475321 0.000531738 0.000629461 0.000759555 0.000890016 0.000949264 0.000832188 0.000486247 0.00011463 3.69165e-06 3.74564e-09 1.25117e-13 2.52881e-17 1.25559e-17 3.5963e-16 1.33517e-11 7.63242e-08 8.41746e-06 4.93197e-05 6.56026e-05 4.6391e-05 2.45642e-05 1.05948e-05 3.49362e-06 6.35554e-07 0 
0 0.000119301 0.000485195 0.00108033 0.00182811 0.00257425 0.00311497 0.0032977 0.00312307 0.00273173 0.00229266 0.00191641 0.00164504 0.00148045 0.00141048 0.00142111 0.00149723 0.00161587 0.00173468 0.00178148 0.00165657 0.00126782 0.000644316 0.000126888 2.96452e-06 1.6371e-09 2.19193e-14 1.25559e-17 3.43283e-19 5.12336e-17 2.86045e-12 3.21757e-08 5.04239e-06 3.37456e-05 4.67252e-05 3.33923e-05 1.77271e-05 7.65057e-06 2.52315e-06 4.59022e-07 0 
0 8.4031e-05 0.000343702 0.000775303 0.00134751 0.00199232 0.00260644 0.0030774 0.00333094 0.00336616 0.0032467 0.00305905 0.00287481 0.00273638 0.0026597 0.002641 0.00266043 0.00268167 0.0026511 0.00250102 0.00216079 0.00158235 0.00082001 0.000192381 7.88767e-06 1.60461e-08 1.75057e-12 3.5963e-16 5.12336e-17 7.44212e-15 6.33195e-11 1.10687e-07 6.4171e-06 2.87202e-05 3.4724e-05 2.38185e-05 1.24973e-05 5.37593e-06 1.77138e-06 3.22179e-07 0 
0 5.72704e-05 0.000234907 0.000533256 0.000938903 0.00142168 0.00193416 0.00241777 0.00281738 0.003099 0.00325964 0.00332266 0.00332311 0.00329272 0.00325094 0.00320189 0.00313527 0.00302919 0.00285472 0.00258092 0.00217909 0.00162865 0.000952208 0.00032624 3.69988e-05 6.90235e-07 2.41107e-09 1.33517e-11 2.86045e-12 6.33195e-11 1.26977e-08 1.07389e-06 1.20088e-05 2.72624e-05 2.61135e-05 1.66759e-05 8.57028e-06 3.66524e-06 1.20576e-06 2.19205e-07 0 
0 3.76712e-05 0.000154719 0.000352236 0.000623796 0.000954669 0.00132195 0.00169652 0.00204752 0.00234855 0.00258318 0.00274681 0.00284426 0.00288458 0.002876 0.00282275 0.00272442 0.00257722 0.00237619 0.00211665 0.0017938 0.00140166 0.000942025 0.000469163 0.000133007 1.62456e-05 9.69863e-07 7.63242e-08 3.21757e-08 1.10687e-07 1.07389e-06 7.38988e-06 2.00839e-05 2.47377e-05 1.89997e-05 1.12978e-05 5.68219e-06 2.4148e-06 7.9296e-07 1.44086e-07 0 
0 2.38166e-05 9.78735e-05 0.000223095 0.000396058 0.00060882 0.000849229 0.00110185 0.00134964 0.00157626 0.00176825 0.00191659 0.00201687 0.00206837 0.00207258 0.00203201 0.0019496 0.00182866 0.00167306 0.00148702 0.00127412 0.00103604 0.00077376 0.000498285 0.000251017 9.1239e-05 2.59786e-05 8.41746e-06 5.04239e-06 6.4171e-06 1.20088e-05 2.00839e-05 2.35183e-05 1.96316e-05 1.29639e-05 7.31547e-06 3.61766e-06 1.52942e-06 5.01441e-07 9.10729e-08 0 
0 1.4382e-05 5.91166e-05 0.000134819 0.000239574 0.00036891 0.000516035 0.000672357 0.000828271 0.000974133 0.00110127 0.00120278 0.001274 0.00131256 0.00131814 0.0012921 0.00123718 0.0011572 0.0010567 0.000940533 0.000813238 0.00067845 0.000538909 0.000398381 0.000266003 0.000157776 8.64347e-05 4.93197e-05 3.37456e-05 2.87202e-05 2.72624e-05 2.47377e-05 1.96316e-05 1.34875e-05 8.20274e-06 4.48761e-06 2.19546e-06 9.24887e-07 3.02896e-07 5.49936e-08 0 
0 8.2168e-06 3.37781e-05 7.70482e-05 0.000136965 0.000211041 0.000295509 0.000385612 0.000476004 0.000561237 0.000636251 0.000696818 0.000739846 0.00076355 0.00076746 0.000752327 0.000719942 0.00067291 0.00061437 0.000547689 0.000476135 0.000402606 0.000329535 0.000259177 0.0001943 0.00013857 9.53924e-05 6.56026e-05 4.67252e-05 3.4724e-05 2.61135e-05 1.89997e-05 1.29639e-05 8.20274e-06 4.8025e-06 2.58674e-06 1.25811e-06 5.28912e-07 1.73096e-07 3.142e-08 0 
0 4.37567e-06 1.79884e-05 4.10347e-05 7.29552e-05 0.000112438 0.000157497 0.000205626 0.000254004 0.00029974 0.000340122 0.000372847 0.000396193 0.00040913 0.000411357 0.000403267 0.00038586 0.000360608 0.000329294 0.00029384 0.000256139 0.000217918 0.00018066 0.000145611 0.000113862 8.63781e-05 6.38515e-05 4.6391e-05 3.33923e-05 2.38185e-05 1.66759e-05 1.12978e-05 7.31547e-06 4.48761e-06 2.58674e-06 1.38363e-06 6.71058e-07 2.81814e-07 9.21931e-08 1.67325e-08 0 
0 2.11792e-06 8.70688e-06 1.98625e-05 3.53149e-05 5.44312e-05 7.62537e-05 9.9573e-05 0.000123028 0.00014522 0.000164835 0.000180749 0.000192117 0.000198429 0.000199532 0.000195614 0.000187168 0.000174921 0.000159755 0.000142624 0.000124472 0.000106165 8.84495e-05 7.19239e-05 5.70429e-05 4.41166e-05 3.3298e-05 2.45642e-05 1.77271e-05 1.24973e-05 8.57028e-06 5.68219e-06 3.61766e-06 2.19546e-06 1.25811e-06 6.71058e-07 3.25061e-07 1.36443e-07 4.46276e-08 8.09911e-09 0 
0 8.8867e-07 3.6534e-06 8.33435e-06 1.48185e-05 2.28404e-05 3.19988e-05 4.17868e-05 5.16335e-05 6.09527e-05 6.91922e-05 7.58795e-05 8.06586e-05 8.3314e-05 8.378e-05 8.21364e-05 7.85905e-05 7.34494e-05 6.70865e-05 5.99054e-05 5.2306e-05 4.46563e-05 3.72706e-05 3.03981e-05 2.42175e-05 1.8838e-05 1.43026e-05 1.05948e-05 7.65057e-06 5.37593e-06 3.66524e-06 2.4148e-06 1.52942e-06 9.24887e-07 5.28912e-07 2.81814e-07 1.36443e-07 5.72586e-08 1.87265e-08 3.3984e-09 0 
0 2.90623e-07 1.19478e-06 2.72561e-06 4.84616e-06 7.46968e-06 1.0465e-05 1.36663e-05 1.6887e-05 1.99354e-05 2.26309e-05 2.48188e-05 2.63827e-05 2.72517e-05 2.74045e-05 2.68671e-05 2.57073e-05 2.4026e-05 2.19454e-05 1.9598e-05 1.7115e-05 1.4617e-05 1.22069e-05 9.96569e-06 7.95042e-06 6.19476e-06 4.71105e-06 3.49362e-06 2.52315e-06 1.77138e-06 1.20576e-06 7.9296e-07 5.01441e-07 3.02896e-07 1.73096e-07 9.21931e-08 4.46276e-08 1.87265e-08 6.12428e-09 1.11139e-09 0 
0 5.27398e-08 2.16818e-07 4.9462e-07 8.79442e-07 1.35554e-06 1.89911e-06 2.48007e-06 3.06457e-06 3.61781e-06 4.10702e-06 4.50412e-06 4.78796e-06 4.94571e-06 4.97346e-06 4.87594e-06 4.66548e-06 4.36037e-06 3.98284e-06 3.55693e-06 3.10647e-06 2.65338e-06 2.21633e-06 1.80996e-06 1.44455e-06 1.12609e-06 8.56772e-07 6.35554e-07 4.59022e-07 3.22179e-07 2.19205e-07 1.44086e-07 9.10729e-08 5.49936e-08 3.142e-08 1.67325e-08 8.09911e-09 3.3984e-09 1.11139e-09 2.01687e-10 0 
0 0 0 0 0 0 0 0 0 0 0 0 0 0 0 0 0 0 0 0 0 0 0 0 0 0 0 0 0 0 0 0 0 0 0 0 0 0 0 0 0 
