0 0 0 0 0 0 0 0 0 0 0 0 0 0 0 0 0 0 0 0 0 0 0 0 0 0 0 0 0 0 0 0 0 0 0 0 0 0 0 0 0 
0 1.31482e-05 5.10488e-05 0.000105118 0.000159475 0.00019835 0.000214679 0.000211344 0.000196094 0.000176467 0.000157602 0.000142215 0.000131377 0.000125296 0.000123837 0.000126779 0.000133867 0.000144735 0.000158733 0.000174717 0.000190898 0.000204848 0.000213777 0.000215102 0.000207182 0.000189952 0.000165149 0.000135922 0.000105926 7.83144e-05 5.50727e-05 3.69108e-05 2.35797e-05 1.43156e-05 8.20009e-06 4.37193e-06 2.11719e-06 8.88551e-07 2.90608e-07 5.27388e-08 0 
0 5.10488e-05 0.000182823 0.000323068 0.000385872 0.000350403 0.000263963 0.000177529 0.000113163 7.17849e-05 4.71922e-05 3.3232e-05 2.5697e-05 2.21658e-05 2.14608e-05 2.32508e-05 2.78723e-05 3.63197e-05 5.0319e-05 7.2338e-05 0.000105292 0.000151627 0.000211598 0.000281053 0.000349902 0.000403132 0.000425647 0.000409512 0.000358816 0.000287754 0.000213109 0.000147207 9.55712e-05 5.84866e-05 3.36241e-05 1.7955e-05 8.70058e-06 3.6524e-06 1.19466e-06 2.1681e-07 0 
0 0.000105118 0.000323068 0.000429642 0.000338831 0.00018603 8.08806e-05 3.07842e-05 1.11529e-05 4.15086e-06 1.70124e-06 8.14846e-07 4.77316e-07 3.51882e-07 3.29955e-07 3.90796e-07 5.71589e-07 9.96993e-07 1.98603e-06 4.30954e-06 9.71732e-06 2.18012e-05 4.68978e-05 9.39333e-05 0.000171359 0.000279977 0.000403922 0.000508082 0.000552481 0.00051964 0.000427985 0.00031505 0.000211678 0.000131737 7.63115e-05 4.08793e-05 1.98339e-05 8.32996e-06 2.7251e-06 4.94588e-07 0 
0 0.000159475 0.000385872 0.000338831 0.000153683 4.43292e-05 9.45293e-06 1.68837e-06 2.85228e-07 5.14133e-08 1.10679e-08 3.13457e-09 1.25745e-09 7.48348e-10 6.71801e-10 8.9858e-10 1.72405e-09 4.47591e-09 1.46296e-08 5.56395e-08 2.27579e-07 9.30838e-07 3.57782e-06 1.23128e-05 3.66948e-05 9.28677e-05 0.000197556 0.000350525 0.000513438 0.000614991 0.000604085 0.000497711 0.00035622 0.00022878 0.000134416 7.2428e-05 3.52205e-05 1.48043e-05 4.84455e-06 8.79343e-07 0 
0 0.00019835 0.000350403 0.00018603 4.43292e-05 5.94472e-06 5.31219e-07 3.73437e-08 2.46108e-09 1.81479e-10 1.76729e-11 2.6203e-12 6.5935e-13 3.01402e-13 2.5643e-13 3.98481e-13 1.0682e-12 4.52647e-12 2.7227e-11 2.06727e-10 1.76205e-09 1.51238e-08 1.19057e-07 7.98663e-07 4.3374e-06 1.85301e-05 6.17156e-05 0.000160783 0.00032897 0.000526138 0.000652655 0.000634177 0.000501382 0.000339084 0.000203989 0.000110996 5.41775e-05 2.28032e-05 7.46555e-06 1.35529e-06 0 
0 0.000214679 0.000263963 8.08806e-05 9.45293e-06 5.31219e-07 1.75573e-08 4.25221e-10 9.57102e-12 2.54636e-13 1.00316e-14 7.10142e-16 1.04772e-16 3.53994e-17 2.83221e-17 5.2254e-17 2.05509e-16 1.52533e-15 1.84108e-14 3.07571e-13 6.056e-12 1.21086e-10 2.16218e-09 3.11411e-08 3.36569e-07 2.61758e-06 1.44526e-05 5.72004e-05 0.000165787 0.000357511 0.000573106 0.000680888 0.00061526 0.000448099 0.000279204 0.000154173 7.56756e-05 3.19154e-05 1.04559e-05 1.89857e-06 0 
0 0.000211344 0.000177529 3.07842e-05 1.68837e-06 3.73437e-08 4.25221e-10 3.29348e-12 2.35009e-14 2.1003e-16 3.16426e-18 1.4356e-19 4.99512e-20 4.123e-20 3.92536e-20 4.06188e-20 5.70896e-20 3.06326e-19 6.96394e-18 2.70286e-16 1.30341e-14 6.43583e-13 2.75899e-11 9.00406e-10 2.03634e-08 3.01735e-07 2.87045e-06 1.77254e-05 7.34673e-05 0.00021242 0.000437636 0.000641921 0.000677086 0.000541249 0.000353267 0.000198995 9.84266e-05 4.16233e-05 1.36487e-05 2.47905e-06 0 
0 0.000196094 0.000113163 1.11529e-05 2.85228e-07 2.46108e-09 9.57102e-12 2.35009e-14 5.26502e-17 1.6837e-19 5.80349e-21 2.09364e-21 1.82461e-21 2.06144e-21 2.07057e-21 1.81194e-21 1.52825e-21 2.16677e-21 7.08736e-21 2.22928e-19 2.55954e-17 3.14421e-15 3.25669e-13 2.42295e-11 1.1539e-09 3.28047e-08 5.4184e-07 5.25465e-06 3.11592e-05 0.000119517 0.000310702 0.00055607 0.000686907 0.000609023 0.000419905 0.000242357 0.000121016 5.13487e-05 1.68567e-05 3.06282e-06 0 
0 0.000176467 7.17849e-05 4.15086e-06 5.14133e-08 1.81479e-10 2.54636e-13 2.1003e-16 1.6837e-19 1.36567e-21 2.70391e-22 1.98022e-22 2.24956e-22 2.77267e-22 2.84114e-22 2.36533e-22 1.74117e-22 1.59971e-22 1.8631e-22 8.98604e-22 7.02281e-20 1.96378e-17 4.69943e-15 7.6393e-13 7.3736e-11 3.89257e-09 1.08724e-07 1.62269e-06 1.35405e-05 6.76542e-05 0.000216737 0.000462369 0.000660914 0.000649712 0.000474795 0.000281484 0.000142057 6.05067e-05 1.98883e-05 3.61512e-06 0 
0 0.000157602 4.71922e-05 1.70124e-06 1.10679e-08 1.76729e-11 1.00316e-14 3.16426e-18 5.80349e-21 2.70391e-22 5.72117e-23 4.02001e-23 4.64196e-23 5.68148e-23 5.82928e-23 4.84137e-23 3.47282e-23 2.60685e-23 2.11331e-23 4.92948e-23 8.66136e-22 2.16959e-19 1.07665e-16 3.50217e-14 6.32531e-12 5.78286e-10 2.57616e-08 5.64575e-07 6.39138e-06 4.0372e-05 0.000154868 0.000382664 0.000619269 0.000668184 0.00051621 0.000314293 0.000160336 6.85587e-05 2.25643e-05 4.10323e-06 0 
0 0.000142215 3.3232e-05 8.14846e-07 3.13457e-09 2.6203e-12 7.10142e-16 1.4356e-19 2.09364e-21 1.98023e-22 4.02001e-23 1.60546e-23 1.31587e-23 1.43904e-23 1.44159e-23 1.20219e-23 8.64197e-24 6.07513e-24 5.08225e-24 1.22726e-23 1.14001e-22 7.19153e-21 4.90418e-18 2.80942e-15 8.45881e-13 1.21026e-10 7.89182e-09 2.36773e-07 3.44177e-06 2.63399e-05 0.000116825 0.000323868 0.000577562 0.000672285 0.00054467 0.000339535 0.00017491 7.50573e-05 2.47326e-05 4.49924e-06 0 
0 0.000131377 2.5697e-05 4.77316e-07 1.25745e-09 6.5935e-13 1.04772e-16 4.99512e-20 1.82461e-21 2.24956e-22 4.64196e-23 1.31587e-23 5.9648e-24 4.5501e-24 4.07396e-24 3.33694e-24 2.43296e-24 1.80673e-24 2.11065e-24 6.77253e-24 5.05648e-23 1.31065e-21 5.31348e-19 4.54116e-16 1.97611e-13 3.90381e-11 3.34982e-09 1.26058e-07 2.19522e-06 1.93002e-05 9.49913e-05 0.00028551 0.000544821 0.000669543 0.000561962 0.000356699 0.000185157 7.96775e-05 2.62799e-05 4.78216e-06 0 
0 0.000125296 2.21658e-05 3.51882e-07 7.48348e-10 3.01402e-13 3.53994e-17 4.123e-20 2.06144e-21 2.77267e-22 5.68148e-23 1.43904e-23 4.5501e-24 2.08989e-24 1.3852e-24 1.03355e-24 7.76196e-25 7.27753e-25 1.40212e-24 5.52421e-24 3.76626e-23 6.82299e-22 1.53654e-19 1.6151e-16 8.65739e-14 2.05273e-11 2.05745e-09 8.80202e-08 1.69802e-06 1.61499e-05 8.42916e-05 0.000265021 0.000525069 0.000665382 0.000570097 0.000365795 0.000190762 8.22319e-05 2.71384e-05 4.93932e-06 0 
0 0.000123837 2.14608e-05 3.29955e-07 6.71801e-10 2.5643e-13 2.83221e-17 3.92536e-20 2.07057e-21 2.84114e-22 5.82928e-23 1.44159e-23 4.07396e-24 1.3852e-24 6.32332e-25 3.8627e-25 3.09295e-25 4.30711e-25 1.20683e-24 5.18666e-24 3.49036e-23 5.95538e-22 1.19274e-19 1.30349e-16 7.29162e-14 1.7947e-11 1.85696e-09 8.15563e-08 1.60656e-06 1.55257e-05 8.19929e-05 0.000260121 0.000519373 0.000662665 0.000570577 0.000367113 0.000191689 8.26719e-05 2.72884e-05 4.96691e-06 0 
0 0.000126779 2.32508e-05 3.90796e-07 8.9858e-10 3.98481e-13 5.2254e-17 4.06188e-20 1.81195e-21 2.36533e-22 4.84137e-23 1.20219e-23 3.33694e-24 1.03355e-24 3.8627e-25 2.01279e-25 1.8319e-25 3.54972e-25 1.16803e-24 5.28392e-24 3.85263e-23 8.03827e-22 2.37506e-19 2.32781e-16 1.15712e-13 2.56849e-11 2.43392e-09 9.94054e-08 1.84758e-06 1.70712e-05 8.71661e-05 0.000269518 0.000527122 0.000661848 0.000564063 0.000361066 0.000188135 8.10788e-05 2.67561e-05 4.86966e-06 0 
0 0.000133867 2.78723e-05 5.71589e-07 1.72405e-09 1.0682e-12 2.05509e-16 5.70896e-20 1.52825e-21 1.74118e-22 3.47282e-23 8.64198e-24 2.43296e-24 7.76196e-25 3.09295e-25 1.8319e-25 1.93575e-25 3.92506e-25 1.29594e-24 6.22778e-24 5.50915e-23 2.01758e-21 1.1477e-18 8.53347e-16 3.25798e-13 5.73991e-11 4.4681e-09 1.55122e-07 2.5321e-06 2.11689e-05 0.000100276 0.000292737 0.000546353 0.000661265 0.0005504 0.000348129 0.000180494 7.76458e-05 2.5608e-05 4.65984e-06 0 
0 0.000144735 3.63197e-05 9.96993e-07 4.47591e-09 4.52647e-12 1.52533e-15 3.06326e-19 2.16677e-21 1.59971e-22 2.60685e-23 6.07513e-24 1.80673e-24 7.27753e-25 4.30711e-25 3.54972e-25 3.92506e-25 6.61613e-25 1.94145e-24 1.06552e-23 1.48647e-22 1.71702e-20 1.17962e-17 5.72583e-15 1.48431e-12 1.8626e-10 1.0861e-08 2.97039e-07 4.00802e-06 2.89424e-05 0.000122808 0.000329279 0.000573236 0.000657393 0.000528868 0.00032888 0.000169323 7.26559e-05 2.39422e-05 4.3556e-06 0 
0 0.000158733 5.0319e-05 1.98603e-06 1.46296e-08 2.7227e-11 1.84108e-14 6.96394e-18 7.08736e-21 1.8631e-22 2.11331e-23 5.08225e-24 2.11065e-24 1.40212e-24 1.20683e-24 1.16803e-24 1.29594e-24 1.94145e-24 5.02514e-24 3.54439e-23 1.43038e-21 4.94572e-19 2.1464e-16 6.10234e-14 9.75649e-12 8.01056e-10 3.25422e-08 6.60466e-07 7.02754e-06 4.22896e-05 0.000156402 0.000376712 0.000600879 0.000645167 0.000498602 0.000304067 0.000155312 6.64548e-05 2.18784e-05 3.97899e-06 0 
0 0.000174717 7.2338e-05 4.30954e-06 5.56395e-08 2.06727e-10 3.07571e-13 2.70286e-16 2.22928e-19 8.98604e-22 4.92948e-23 1.22726e-23 6.77253e-24 5.52421e-24 5.18666e-24 5.28392e-24 6.22778e-24 1.06552e-23 3.54439e-23 6.1854e-22 9.20787e-20 2.51058e-17 5.70768e-15 8.834e-13 8.13759e-11 4.11137e-09 1.10332e-07 1.59077e-06 1.29093e-05 6.3191e-05 0.000200061 0.000426769 0.000617722 0.000618538 0.000459035 0.000274672 0.000139245 5.94224e-05 1.95464e-05 3.55394e-06 0 
0 0.000190898 0.000105292 9.71732e-06 2.27579e-07 1.76205e-09 6.056e-12 1.30341e-14 2.55954e-17 7.02281e-20 8.66136e-22 1.14001e-22 5.05648e-23 3.76626e-23 3.49036e-23 3.85263e-23 5.50915e-23 1.48647e-22 1.43038e-21 9.20787e-20 1.19026e-17 1.61354e-15 1.8337e-13 1.47904e-11 7.5081e-10 2.23277e-08 3.79678e-07 3.75888e-06 2.27543e-05 8.96581e-05 0.000242321 0.000458699 0.000606433 0.000571457 0.000410297 0.000241915 0.000121951 5.19429e-05 1.70758e-05 3.10419e-06 0 
0 0.000204848 0.000151627 2.18012e-05 9.30838e-07 1.51238e-08 1.21086e-10 6.43583e-13 3.14421e-15 1.96378e-17 2.16959e-19 7.19153e-21 1.31065e-21 6.82299e-22 5.95538e-22 8.03827e-22 2.01758e-21 1.71702e-20 4.94572e-19 2.51058e-17 1.61354e-15 1.06071e-13 5.94021e-12 2.44039e-10 6.58864e-09 1.09725e-07 1.11659e-06 7.24109e-06 3.2097e-05 0.000103301 0.00024717 0.00043373 0.000545765 0.000499395 0.000353446 0.000207201 0.000104249 4.43778e-05 1.45867e-05 2.65161e-06 0 
0 0.000213777 0.000211598 4.68978e-05 3.57782e-06 1.19057e-07 2.16218e-09 2.75899e-11 3.25669e-13 4.69943e-15 1.07665e-16 4.90418e-18 5.31348e-19 1.53654e-19 1.19274e-19 2.37506e-19 1.1477e-18 1.17962e-17 2.1464e-16 5.70768e-15 1.8337e-13 5.94021e-12 1.64583e-10 3.37472e-09 4.55364e-08 3.78043e-07 1.97397e-06 7.3606e-06 2.31223e-05 6.62958e-05 0.000164172 0.000312316 0.000420797 0.000401729 0.000290602 0.000172033 8.6895e-05 3.70438e-05 1.21822e-05 2.21488e-06 0 
0 0.000215102 0.000281053 9.39333e-05 1.23128e-05 7.98663e-07 3.11411e-08 9.00406e-10 2.42295e-11 7.6393e-13 3.50217e-14 2.80942e-15 4.54116e-16 1.6151e-16 1.30349e-16 2.32781e-16 8.53347e-16 5.72583e-15 6.10234e-14 8.834e-13 1.47904e-11 2.44039e-10 3.37472e-09 3.29008e-08 1.88912e-07 5.64975e-07 9.57865e-07 1.37357e-06 2.79145e-06 9.59215e-06 4.02601e-05 0.000129175 0.00024768 0.000285713 0.000225206 0.000137955 7.05455e-05 3.01985e-05 9.94414e-06 1.80871e-06 0 
0 0.000207182 0.000349902 0.000171359 3.66948e-05 4.3374e-06 3.36569e-07 2.03634e-08 1.1539e-09 7.3736e-11 6.32531e-12 8.45881e-13 1.97611e-13 8.65739e-14 7.29162e-14 1.15712e-13 3.25798e-13 1.48431e-12 9.75649e-12 8.13759e-11 7.5081e-10 6.58864e-09 4.55364e-08 1.88912e-07 3.22284e-07 1.61583e-07 2.84544e-08 5.49557e-09 5.60016e-09 4.96898e-08 1.2236e-06 1.87999e-05 9.36062e-05 0.000170831 0.000162458 0.000106547 5.57401e-05 2.40323e-05 7.9308e-06 1.44342e-06 0 
0 0.000189952 0.000403132 0.000279977 9.28677e-05 1.85301e-05 2.61758e-06 3.01735e-07 3.28047e-08 3.89257e-09 5.78286e-10 1.21026e-10 3.90381e-11 2.05273e-11 1.7947e-11 2.56849e-11 5.73991e-11 1.8626e-10 8.01056e-10 4.11137e-09 2.23277e-08 1.09725e-07 3.78043e-07 5.64975e-07 1.61583e-07 3.68528e-09 8.66509e-12 2.65804e-14 7.32135e-15 8.96347e-13 1.25164e-09 5.67549e-07 1.95644e-05 8.35396e-05 0.000108926 7.93463e-05 4.28809e-05 1.86664e-05 6.177e-06 1.1251e-06 0 
0 0.000165149 0.000425647 0.000403922 0.000197556 6.17156e-05 1.44526e-05 2.87045e-06 5.4184e-07 1.08724e-07 2.57616e-08 7.89182e-09 3.34982e-09 2.05745e-09 1.85696e-09 2.43392e-09 4.4681e-09 1.0861e-08 3.25422e-08 1.10332e-07 3.79678e-07 1.11659e-06 1.97397e-06 9.57865e-07 2.84544e-08 8.66509e-12 5.83502e-16 2.13773e-15 1.82975e-15 1.55203e-14 5.54237e-14 4.42766e-09 2.60394e-06 3.58422e-05 6.97859e-05 5.7492e-05 3.21916e-05 1.41522e-05 4.6958e-06 8.55932e-07 0 
0 0.000135922 0.000409512 0.000508082 0.000350525 0.000160783 5.72004e-05 1.77254e-05 5.25465e-06 1.62269e-06 5.64575e-07 2.36773e-07 1.26058e-07 8.80202e-08 8.15563e-08 9.94054e-08 1.55122e-07 2.97039e-07 6.60466e-07 1.59077e-06 3.75888e-06 7.24109e-06 7.3606e-06 1.37357e-06 5.49557e-09 2.65804e-14 2.13773e-15 8.83572e-16 1.43121e-15 5.96223e-15 7.14153e-14 5.49176e-11 4.3647e-07 1.6782e-05 4.55018e-05 4.12097e-05 2.36693e-05 1.0475e-05 3.48166e-06 6.34903e-07 0 
0 0.000105926 0.000358816 0.000552481 0.000513438 0.00032897 0.000165787 7.34673e-05 3.11592e-05 1.35405e-05 6.39138e-06 3.44177e-06 2.19522e-06 1.69802e-06 1.60656e-06 1.84758e-06 2.5321e-06 4.00802e-06 7.02754e-06 1.29093e-05 2.27543e-05 3.2097e-05 2.31223e-05 2.79145e-06 5.60016e-09 7.32135e-15 1.82975e-15 1.43121e-15 4.16248e-15 1.68127e-14 2.25261e-13 1.4528e-11 2.26976e-07 1.11189e-05 3.22762e-05 2.96778e-05 1.70912e-05 7.56609e-06 2.51475e-06 4.58568e-07 0 
0 7.83144e-05 0.000287754 0.00051964 0.000614991 0.000526138 0.000357511 0.00021242 0.000119517 6.76542e-05 4.0372e-05 2.63399e-05 1.93002e-05 1.61499e-05 1.55257e-05 1.70712e-05 2.11689e-05 2.89424e-05 4.22896e-05 6.3191e-05 8.96581e-05 0.000103301 6.62958e-05 9.59215e-06 4.96898e-08 8.96347e-13 1.55203e-14 5.96223e-15 1.68127e-14 3.45888e-15 2.60508e-15 1.97166e-10 4.77964e-07 1.11932e-05 2.5291e-05 2.15132e-05 1.21068e-05 5.32398e-06 1.7662e-06 3.21897e-07 0 
0 5.50727e-05 0.000213109 0.000427985 0.000604085 0.000652655 0.000573106 0.000437636 0.000310702 0.000216737 0.000154868 0.000116825 9.49913e-05 8.42916e-05 8.19929e-05 8.71661e-05 0.000100276 0.000122808 0.000156402 0.000200061 0.000242321 0.00024717 0.000164172 4.02601e-05 1.2236e-06 1.25164e-09 5.54237e-14 7.14153e-14 2.25261e-13 2.60508e-15 3.80457e-12 1.74621e-08 2.07722e-06 1.40739e-05 2.07496e-05 1.54563e-05 8.36492e-06 3.6376e-06 1.20296e-06 2.1905e-07 0 
0 3.69108e-05 0.000147207 0.00031505 0.000497711 0.000634177 0.000680888 0.000641921 0.00055607 0.000462369 0.000382664 0.000323868 0.00028551 0.000265021 0.000260121 0.000269518 0.000292737 0.000329279 0.000376712 0.000426769 0.000458699 0.00043373 0.000312316 0.000129175 1.87999e-05 5.67549e-07 4.42766e-09 5.49176e-11 1.4528e-11 1.97166e-10 1.74621e-08 8.33281e-07 7.52894e-06 1.67376e-05 1.64697e-05 1.0754e-05 5.59001e-06 2.4021e-06 7.91642e-07 1.44011e-07 0 
0 2.35797e-05 9.55712e-05 0.000211678 0.00035622 0.000501382 0.00061526 0.000677086 0.000686907 0.000660914 0.000619269 0.000577562 0.000544821 0.000525069 0.000519373 0.000527122 0.000546353 0.000573236 0.000600879 0.000617722 0.000606433 0.000545765 0.000420797 0.00024768 9.36062e-05 1.95644e-05 2.60394e-06 4.3647e-07 2.26976e-07 4.77964e-07 2.07722e-06 7.52894e-06 1.47014e-05 1.60798e-05 1.19961e-05 7.11153e-06 3.58227e-06 1.52439e-06 5.009e-07 9.10415e-08 0 
0 1.43156e-05 5.84866e-05 0.000131737 0.00022878 0.000339084 0.000448099 0.000541249 0.000609023 0.000649712 0.000668184 0.000672285 0.000669543 0.000665382 0.000662665 0.000661848 0.000661265 0.000657393 0.000645167 0.000618538 0.000571457 0.000499395 0.000401729 0.000285713 0.000170831 8.35396e-05 3.58422e-05 1.6782e-05 1.11189e-05 1.11932e-05 1.40739e-05 1.67376e-05 1.60798e-05 1.23182e-05 7.89995e-06 4.42281e-06 2.18379e-06 9.23155e-07 3.02702e-07 5.4982e-08 0 
0 8.20009e-06 3.36241e-05 7.63115e-05 0.000134416 0.000203989 0.000279204 0.000353267 0.000419905 0.000474795 0.00051621 0.00054467 0.000561962 0.000570097 0.000570577 0.000564063 0.0005504 0.000528868 0.000498602 0.000459035 0.000410297 0.000353446 0.000290602 0.000225206 0.000162458 0.000108926 6.97859e-05 4.55018e-05 3.22762e-05 2.5291e-05 2.07496e-05 1.64697e-05 1.19961e-05 7.89995e-06 4.7233e-06 2.56913e-06 1.25479e-06 5.28395e-07 1.73035e-07 3.14163e-08 0 
0 4.37193e-06 1.7955e-05 4.08793e-05 7.2428e-05 0.000110996 0.000154173 0.000198995 0.000242357 0.000281484 0.000314293 0.000339535 0.000356699 0.000365795 0.000367113 0.000361066 0.000348129 0.00032888 0.000304067 0.000274672 0.000241915 0.000207201 0.000172033 0.000137955 0.000106547 7.93463e-05 5.7492e-05 4.12097e-05 2.96778e-05 2.15132e-05 1.54563e-05 1.0754e-05 7.11153e-06 4.42281e-06 2.56913e-06 1.37952e-06 6.70243e-07 2.81681e-07 9.21768e-08 1.67315e-08 0 
0 2.11719e-06 8.70058e-06 1.98339e-05 3.52205e-05 5.41775e-05 7.56756e-05 9.84266e-05 0.000121016 0.000142057 0.000160336 0.00017491 0.000185157 0.000190762 0.000191689 0.000188135 0.000180494 0.000169323 0.000155312 0.000139245 0.000121951 0.000104249 8.6895e-05 7.05455e-05 5.57401e-05 4.28809e-05 3.21916e-05 2.36693e-05 1.70912e-05 1.21068e-05 8.36492e-06 5.59001e-06 3.58227e-06 2.18379e-06 1.25479e-06 6.70243e-07 3.24891e-07 1.36413e-07 4.46238e-08 8.09885e-09 0 
0 8.88551e-07 3.6524e-06 8.32996e-06 1.48043e-05 2.28032e-05 3.19154e-05 4.16233e-05 5.13487e-05 6.05067e-05 6.85587e-05 7.50573e-05 7.96775e-05 8.22319e-05 8.26719e-05 8.10788e-05 7.76458e-05 7.26559e-05 6.64548e-05 5.94224e-05 5.19429e-05 4.43778e-05 3.70438e-05 3.01985e-05 2.40323e-05 1.86664e-05 1.41522e-05 1.0475e-05 7.56609e-06 5.32398e-06 3.6376e-06 2.4021e-06 1.52439e-06 9.23155e-07 5.28395e-07 2.81681e-07 1.36413e-07 5.72533e-08 1.87258e-08 3.39835e-09 0 
0 2.90608e-07 1.19466e-06 2.7251e-06 4.84455e-06 7.46555e-06 1.04559e-05 1.36487e-05 1.68567e-05 1.98883e-05 2.25643e-05 2.47326e-05 2.62799e-05 2.71384e-05 2.72884e-05 2.67561e-05 2.5608e-05 2.39422e-05 2.18784e-05 1.95464e-05 1.70758e-05 1.45867e-05 1.21822e-05 9.94414e-06 7.9308e-06 6.177e-06 4.6958e-06 3.48166e-06 2.51475e-06 1.7662e-06 1.20296e-06 7.91642e-07 5.009e-07 3.02702e-07 1.73035e-07 9.21768e-08 4.46238e-08 1.87258e-08 6.12418e-09 1.11139e-09 0 
0 5.27388e-08 2.1681e-07 4.94588e-07 8.79343e-07 1.35529e-06 1.89857e-06 2.47905e-06 3.06282e-06 3.61512e-06 4.10323e-06 4.49924e-06 4.78216e-06 4.93932e-06 4.96691e-06 4.86966e-06 4.65984e-06 4.3556e-06 3.97899e-06 3.55394e-06 3.10419e-06 2.65161e-06 2.21488e-06 1.80871e-06 1.44342e-06 1.1251e-06 8.55932e-07 6.34903e-07 4.58568e-07 3.21897e-07 2.1905e-07 1.44011e-07 9.10415e-08 5.4982e-08 3.14163e-08 1.67315e-08 8.09885e-09 3.39835e-09 1.11139e-09 2.01686e-10 0 
0 0 0 0 0 0 0 0 0 0 0 0 0 0 0 0 0 0 0 0 0 0 0 0 0 0 0 0 0 0 0 0 0 0 0 0 0 0 0 0 0 
