0 0 0 0 0 0 0 0 0 0 0 0 0 0 0 0 0 0 0 0 0 0 0 0 0 0 0 0 0 0 0 0 0 0 0 0 0 0 0 0 0 
0 1.37911e-05 5.66964e-05 0.00012934 0.000229968 0.000354465 0.000496605 0.000648526 0.000801372 0.000946045 0.00107397 0.00117782 0.00125205 0.0012933 0.00130056 0.00127506 0.00122003 0.00114025 0.00104153 0.00093017 0.0008124 0.000693949 0.000579699 0.000473473 0.000377947 0.000294685 0.000224245 0.000166363 0.000120155 8.4327e-05 5.73649e-05 3.7699e-05 2.38242e-05 1.43839e-05 8.21723e-06 4.37575e-06 2.11793e-06 8.88673e-07 2.90623e-07 5.27398e-08 0 
0 5.66964e-05 0.000233084 0.000531728 0.00094542 0.00145724 0.00204159 0.00266615 0.00329451 0.00388928 0.00441521 0.00484213 0.00514729 0.00531689 0.00534673 0.0052419 0.00501565 0.00468766 0.00428183 0.00382402 0.00333985 0.00285289 0.0023832 0.00194649 0.00155378 0.00121148 0.000921892 0.000683935 0.00049397 0.000346676 0.000235833 0.000154984 9.79433e-05 5.91335e-05 3.37818e-05 1.79891e-05 8.70702e-06 3.65342e-06 1.19478e-06 2.16818e-07 0 
0 0.00012934 0.000531728 0.00121301 0.00215676 0.00332436 0.00465742 0.00608221 0.00751568 0.0088725 0.0100723 0.0110462 0.0117424 0.0121293 0.0121973 0.0119582 0.0114421 0.0106938 0.00976801 0.00872361 0.00761911 0.00650821 0.00543672 0.00444047 0.00354459 0.00276371 0.00210308 0.00156024 0.00112688 0.000790862 0.000537998 0.000353561 0.000223435 0.000134899 7.70654e-05 4.10381e-05 1.98631e-05 8.33443e-06 2.72561e-06 4.94621e-07 0 
0 0.000229968 0.00094542 0.00215676 0.00383475 0.00591076 0.00828097 0.0108143 0.013363 0.0157754 0.0179087 0.0196403 0.0208781 0.021566 0.021687 0.0212618 0.0203442 0.0190138 0.0173677 0.0155107 0.0135469 0.0115717 0.00966657 0.00789522 0.00630233 0.00491391 0.00373932 0.00277413 0.00200361 0.00140616 0.000956569 0.000628636 0.000397271 0.000239853 0.000137024 7.29663e-05 3.53168e-05 1.48187e-05 4.84619e-06 8.79444e-07 0 
0 0.000354465 0.00145724 0.00332436 0.00591076 0.00911065 0.012764 0.0166688 0.0205973 0.0243157 0.0276038 0.0302729 0.0321808 0.0332411 0.0334277 0.0327723 0.0313578 0.0293072 0.02677 0.0239077 0.0208807 0.0178362 0.0148997 0.0121694 0.0097142 0.00757414 0.00576366 0.00427595 0.0030883 0.00216742 0.00147442 0.00096896 0.000612341 0.000369702 0.000211204 0.000112468 5.44362e-05 2.28411e-05 7.46975e-06 1.35555e-06 0 
0 0.000496605 0.00204159 0.00465742 0.00828097 0.012764 0.0178824 0.0233529 0.0288568 0.0340663 0.038673 0.0424124 0.0450853 0.0465708 0.0468322 0.045914 0.0439323 0.0410594 0.0375047 0.0334947 0.0292539 0.0249886 0.0208745 0.0170494 0.0136096 0.0106114 0.00807488 0.00599061 0.0043267 0.00303655 0.00206567 0.00135751 0.000857889 0.000517952 0.000295896 0.000157567 7.62651e-05 3.20004e-05 1.04651e-05 1.89912e-06 0 
0 0.000648526 0.00266615 0.00608221 0.0108143 0.0166688 0.0233529 0.030497 0.0376846 0.0444878 0.0505037 0.0553871 0.0588777 0.0608177 0.061159 0.0599599 0.057372 0.0536202 0.0489781 0.0437413 0.0382032 0.032633 0.0272604 0.0222651 0.017773 0.0138576 0.0105451 0.00782324 0.00565032 0.00396548 0.00269759 0.0017728 0.00112033 0.000676403 0.000386416 0.00020577 9.95959e-05 4.17899e-05 1.36666e-05 2.48009e-06 0 
0 0.000801372 0.00329451 0.00751568 0.013363 0.0205973 0.0288568 0.0376846 0.0465661 0.0549728 0.0624065 0.0684408 0.072754 0.0751513 0.075573 0.0740913 0.0708935 0.0662575 0.0605213 0.0540503 0.047207 0.040324 0.0336852 0.0275126 0.0219618 0.0171235 0.0130304 0.00966704 0.00698199 0.00490007 0.00333336 0.00219061 0.00138437 0.000835819 0.000477487 0.000254266 0.000123069 5.1639e-05 1.68875e-05 3.0646e-06 0 
0 0.000946045 0.00388928 0.0088725 0.0157754 0.0243157 0.0340663 0.0444878 0.0549728 0.0648972 0.0736729 0.0807965 0.0858885 0.0887185 0.0892164 0.0874671 0.083692 0.0782191 0.0714473 0.0638081 0.0557293 0.0476038 0.0397664 0.0324794 0.0259266 0.0202149 0.0153828 0.0114122 0.00824247 0.00578469 0.00393514 0.00258609 0.0016343 0.000986711 0.000563689 0.00030017 0.000145287 6.09615e-05 1.99363e-05 3.61786e-06 0 
0 0.00107397 0.00441521 0.0100723 0.0179087 0.0276038 0.038673 0.0505037 0.0624065 0.0736729 0.0836353 0.0917222 0.0975027 0.100715 0.101281 0.0992948 0.0950092 0.0887962 0.0811087 0.0724365 0.0632652 0.0540409 0.0451438 0.0368715 0.0294325 0.0229484 0.017463 0.0129555 0.00935705 0.00656693 0.00446727 0.00293579 0.0018553 0.00112014 0.000639914 0.00034076 0.000164933 6.9205e-05 2.26322e-05 4.10709e-06 0 
0 0.00117782 0.00484213 0.0110462 0.0196403 0.0302729 0.0424124 0.0553871 0.0684408 0.0807965 0.0917222 0.100591 0.106931 0.110454 0.111074 0.108896 0.104196 0.0973821 0.0889512 0.0794405 0.0693824 0.0592662 0.0495088 0.0404366 0.0322784 0.0251674 0.0191515 0.0142082 0.0102618 0.0072019 0.00489923 0.00321967 0.00203469 0.00122845 0.000701789 0.000373709 0.000180881 7.58967e-05 2.48206e-05 4.50422e-06 0 
0 0.00125205 0.00514729 0.0117424 0.0208781 0.0321808 0.0450853 0.0588777 0.072754 0.0858885 0.0975027 0.106931 0.113669 0.117415 0.118074 0.115759 0.110762 0.103519 0.0945568 0.0844467 0.0737548 0.0630011 0.0526288 0.0429849 0.0343125 0.0267534 0.0203584 0.0151036 0.0109085 0.00765577 0.00520798 0.00342257 0.00216292 0.00130587 0.000746017 0.000397261 0.000192281 8.06798e-05 2.63848e-05 4.78808e-06 0 
0 0.0012933 0.00531689 0.0121293 0.021566 0.0332411 0.0465708 0.0608177 0.0751513 0.0887185 0.100715 0.110454 0.117415 0.121283 0.121964 0.119572 0.114411 0.106929 0.0976719 0.0872286 0.0761844 0.0650764 0.0543624 0.0444009 0.0354428 0.0276347 0.0210291 0.0156011 0.0112679 0.00790801 0.00537957 0.00353534 0.00223419 0.00134889 0.000770598 0.000410351 0.000198616 8.33382e-05 2.72542e-05 4.94585e-06 0 
0 0.00130056 0.00534673 0.0121973 0.021687 0.0334277 0.0468322 0.061159 0.075573 0.0892164 0.101281 0.111074 0.118074 0.121964 0.122648 0.120243 0.115053 0.107529 0.0982191 0.0877171 0.0766109 0.0654406 0.0546666 0.0446492 0.0356411 0.0277894 0.0211468 0.0156885 0.011331 0.00795233 0.00540973 0.00355517 0.00224672 0.00135646 0.000774922 0.000412654 0.000199731 8.38059e-05 2.74071e-05 4.9736e-06 0 
0 0.00127506 0.0052419 0.0119582 0.0212618 0.0327723 0.045914 0.0599599 0.0740913 0.0874671 0.0992948 0.108896 0.115759 0.119572 0.120243 0.117885 0.112796 0.105419 0.0962918 0.0859955 0.0751069 0.0641555 0.0535928 0.0437721 0.0349408 0.0272434 0.0207314 0.0153804 0.0111085 0.00779623 0.00530358 0.00348543 0.00220265 0.00132986 0.000759727 0.000404562 0.000195815 8.21627e-05 2.68698e-05 4.87609e-06 0 
0 0.00122003 0.00501565 0.0114421 0.0203442 0.0313578 0.0439323 0.057372 0.0708935 0.083692 0.0950092 0.104196 0.110762 0.114411 0.115053 0.112796 0.107927 0.100868 0.0921336 0.082281 0.0718618 0.0613828 0.0512759 0.0418791 0.0334295 0.0260648 0.0198345 0.0147151 0.0106282 0.00745924 0.00507442 0.00333488 0.00210754 0.00127245 0.000726932 0.0003871 0.000187363 7.86165e-05 2.571e-05 4.66563e-06 0 
0 0.00114025 0.00468766 0.0106938 0.0190138 0.0293072 0.0410594 0.0536202 0.0662575 0.0782191 0.0887962 0.0973821 0.103519 0.106929 0.107529 0.105419 0.100868 0.0942694 0.0861054 0.0768961 0.067157 0.0573621 0.0479154 0.0391328 0.031236 0.0243539 0.0185323 0.0137491 0.00993079 0.00697009 0.0047419 0.0031165 0.0019696 0.0011892 0.000679383 0.000361783 0.00017511 7.34754e-05 2.40287e-05 4.36053e-06 0 
0 0.00104153 0.00428183 0.00976801 0.0173677 0.02677 0.0375047 0.0489781 0.0605213 0.0714473 0.0811087 0.0889512 0.0945568 0.0976719 0.0982191 0.0962918 0.0921336 0.0861054 0.0786467 0.0702326 0.0613342 0.0523847 0.0437534 0.0357295 0.0285158 0.0222304 0.0169151 0.0125492 0.00906464 0.00636294 0.0043295 0.00284586 0.00179877 0.00108614 0.000620535 0.000330454 0.000159948 6.7114e-05 2.19484e-05 3.98302e-06 0 
0 0.00093017 0.00382402 0.00872361 0.0155107 0.0239077 0.0334947 0.0437413 0.0540503 0.0638081 0.0724365 0.0794405 0.0844467 0.0872286 0.0877171 0.0859955 0.082281 0.0768961 0.0702326 0.0627148 0.0547633 0.0467651 0.0390505 0.0318789 0.0254327 0.0198188 0.0150753 0.0111827 0.00807852 0.00567266 0.00386158 0.00253942 0.00160564 0.000969752 0.000554116 0.000295105 0.000142843 5.99375e-05 1.96016e-05 3.55715e-06 0 
0 0.0008124 0.00333985 0.00761911 0.0135469 0.0208807 0.0292539 0.0382032 0.047207 0.0557293 0.0632652 0.0693824 0.0737548 0.0761844 0.0766109 0.0751069 0.0718618 0.067157 0.0613342 0.0547633 0.0478111 0.0408148 0.0340633 0.0277847 0.0221414 0.0172313 0.0130912 0.00970426 0.00701162 0.00492832 0.00335965 0.00221245 0.00140041 0.000846377 0.000483802 0.000257706 0.000124751 5.23477e-05 1.71197e-05 3.10676e-06 0 
0 0.000693949 0.00285289 0.00650821 0.0115717 0.0178362 0.0249886 0.032633 0.040324 0.0476038 0.0540409 0.0592662 0.0630011 0.0650764 0.0654406 0.0641555 0.0613828 0.0573621 0.0523847 0.0467651 0.0408148 0.0348199 0.0290254 0.023627 0.0187693 0.0145472 0.0110056 0.0081354 0.005878 0.00414354 0.00283743 0.00187676 0.00119178 0.00072169 0.000412944 0.000220063 0.000106549 4.47133e-05 1.46234e-05 2.65377e-06 0 
0 0.000579699 0.0023832 0.00543672 0.00966657 0.0148997 0.0208745 0.0272604 0.0336852 0.0397664 0.0451438 0.0495088 0.0526288 0.0543624 0.0546666 0.0535928 0.0512759 0.0479154 0.0437534 0.0390505 0.0340633 0.0290254 0.024135 0.019552 0.0154041 0.0117958 0.00880197 0.00644003 0.00464715 0.00330466 0.00229518 0.00153857 0.000986192 0.000600338 0.000344371 0.000183715 8.89869e-05 3.7349e-05 1.22155e-05 2.21684e-06 0 
0 0.000473473 0.00194649 0.00444047 0.00789522 0.0121694 0.0170494 0.0222651 0.0275126 0.0324794 0.0368715 0.0404366 0.0429849 0.0444009 0.0446492 0.0437721 0.0418791 0.0391328 0.0357295 0.0318789 0.0277847 0.023627 0.019552 0.0156747 0.0121021 0.00896751 0.00642191 0.00454413 0.00325825 0.00237677 0.00172137 0.00119887 0.000787895 0.000485882 0.000280307 0.000149871 7.26516e-05 3.05011e-05 9.97669e-06 1.8106e-06 0 
0 0.000377947 0.00155378 0.00354459 0.00630233 0.0097142 0.0136096 0.017773 0.0219618 0.0259266 0.0294325 0.0322784 0.0343125 0.0354428 0.0356411 0.0349408 0.0334295 0.031236 0.0285158 0.0254327 0.0221414 0.0187693 0.0154041 0.0121021 0.00894361 0.00612668 0.00394429 0.00254449 0.00178634 0.00139257 0.00112528 0.000862482 0.000601046 0.000381195 0.000222411 0.000119399 5.79582e-05 2.43428e-05 7.96341e-06 1.44528e-06 0 
0 0.000294685 0.00121148 0.00276371 0.00491391 0.00757414 0.0106114 0.0138576 0.0171235 0.0202149 0.0229484 0.0251674 0.0267534 0.0276347 0.0277894 0.0272434 0.0260648 0.0243539 0.0222304 0.0198188 0.0172313 0.0145472 0.0117958 0.00896751 0.00612668 0.0036012 0.00185768 0.000979389 0.000653749 0.000586806 0.000597384 0.000556234 0.000433731 0.00028917 0.000171881 9.28429e-05 4.51537e-05 1.89756e-05 6.20864e-06 1.12686e-06 0 
0 0.000224245 0.000921892 0.00210308 0.00373932 0.00576366 0.00807488 0.0105451 0.0130304 0.0153828 0.017463 0.0191515 0.0203584 0.0210291 0.0211468 0.0207314 0.0198345 0.0185323 0.0169151 0.0150753 0.0130912 0.0110056 0.00880197 0.00642191 0.00394429 0.00185768 0.000684614 0.000263004 0.000161594 0.000180433 0.000261893 0.000325993 0.000298388 0.000212769 0.000129463 7.04415e-05 3.43318e-05 1.44365e-05 4.72426e-06 8.57486e-07 0 
0 0.000166363 0.000683935 0.00156024 0.00277413 0.00427595 0.00599061 0.00782324 0.00966704 0.0114122 0.0129555 0.0142082 0.0151036 0.0156011 0.0156885 0.0153804 0.0147151 0.0137491 0.0125492 0.0111827 0.00970426 0.0081354 0.00644003 0.00454413 0.00254449 0.000979389 0.000263004 7.45366e-05 4.21971e-05 5.80066e-05 0.000117811 0.00019207 0.000203175 0.000153582 9.52828e-05 5.21434e-05 2.54547e-05 1.07084e-05 3.50469e-06 6.36146e-07 0 
0 0.000120155 0.00049397 0.00112688 0.00200361 0.0030883 0.0043267 0.00565032 0.00698199 0.00824247 0.00935705 0.0102618 0.0109085 0.0112679 0.011331 0.0111085 0.0106282 0.00993079 0.00906464 0.00807852 0.00701162 0.005878 0.00464715 0.00325825 0.00178634 0.000653749 0.000161594 4.21971e-05 2.3327e-05 3.38171e-05 7.49301e-05 0.000130947 0.00014369 0.000110201 6.869e-05 3.76415e-05 1.83821e-05 7.73384e-06 2.53123e-06 4.59453e-07 0 
0 8.4327e-05 0.000346676 0.000790862 0.00140616 0.00216742 0.00303655 0.00396548 0.00490007 0.00578469 0.00656693 0.0072019 0.00765577 0.00790801 0.00795233 0.00779623 0.00745924 0.00697009 0.00636294 0.00567266 0.00492832 0.00414354 0.00330466 0.00237677 0.00139257 0.000586806 0.000180433 5.80066e-05 3.38171e-05 4.23186e-05 7.41914e-05 0.000107571 0.000106876 7.87755e-05 4.84642e-05 2.64561e-05 1.2906e-05 5.42831e-06 1.77651e-06 3.22454e-07 0 
0 5.73649e-05 0.000235833 0.000537998 0.000956569 0.00147442 0.00206567 0.00269759 0.00333336 0.00393514 0.00446727 0.00489923 0.00520798 0.00537957 0.00540973 0.00530358 0.00507442 0.0047419 0.0043295 0.00386158 0.00335965 0.00283743 0.00229518 0.00172137 0.00112528 0.000597384 0.000261893 0.000117811 7.49301e-05 7.41914e-05 8.92399e-05 9.5429e-05 8.03806e-05 5.53686e-05 3.32903e-05 1.80467e-05 8.7862e-06 3.69347e-06 1.20857e-06 2.19359e-07 0 
0 3.7699e-05 0.000154984 0.000353561 0.000628636 0.00096896 0.00135751 0.0017728 0.00219061 0.00258609 0.00293579 0.00321967 0.00342257 0.00353534 0.00355517 0.00348543 0.00333488 0.0031165 0.00284586 0.00253942 0.00221245 0.00187676 0.00153857 0.00119887 0.000862482 0.000556234 0.000325993 0.00019207 0.000130947 0.000107571 9.5429e-05 7.93046e-05 5.79634e-05 3.75636e-05 2.20965e-05 1.1895e-05 5.77901e-06 2.42785e-06 7.94299e-07 1.44161e-07 0 
0 2.38242e-05 9.79433e-05 0.000223435 0.000397271 0.000612341 0.000857889 0.00112033 0.00138437 0.0016343 0.0018553 0.00203469 0.00216292 0.00223419 0.00224672 0.00220265 0.00210754 0.0019696 0.00179877 0.00160564 0.00140041 0.00119178 0.000986192 0.000787895 0.000601046 0.000433731 0.000298388 0.000203175 0.00014369 0.000106876 8.03806e-05 5.79634e-05 3.89432e-05 2.42783e-05 1.40695e-05 7.53496e-06 3.65472e-06 1.53463e-06 5.01994e-07 9.11049e-08 0 
0 1.43839e-05 5.91335e-05 0.000134899 0.000239853 0.000369702 0.000517952 0.000676403 0.000835819 0.000986711 0.00112014 0.00122845 0.00130587 0.00134889 0.00135646 0.00132986 0.00127245 0.0011892 0.00108614 0.000969752 0.000846377 0.00072169 0.000600338 0.000485882 0.000381195 0.00028917 0.000212769 0.000153582 0.000110201 7.87755e-05 5.53686e-05 3.75636e-05 2.42783e-05 1.48461e-05 8.53368e-06 4.55633e-06 2.20765e-06 9.26679e-07 3.03094e-07 5.50055e-08 0 
0 8.21723e-06 3.37818e-05 7.70654e-05 0.000137024 0.000211204 0.000295896 0.000386416 0.000477487 0.000563689 0.000639914 0.000701789 0.000746017 0.000770598 0.000774922 0.000759727 0.000726932 0.000679383 0.000620535 0.000554116 0.000483802 0.000412944 0.000344371 0.000280307 0.000222411 0.000171881 0.000129463 9.52828e-05 6.869e-05 4.84642e-05 3.32903e-05 2.20965e-05 1.40695e-05 8.53368e-06 4.88688e-06 2.60523e-06 1.26157e-06 5.29447e-07 1.73158e-07 3.14239e-08 0 
0 4.37575e-06 1.79891e-05 4.10381e-05 7.29663e-05 0.000112468 0.000157567 0.00020577 0.000254266 0.00030017 0.00034076 0.000373709 0.000397261 0.000410351 0.000412654 0.000404562 0.0003871 0.000361783 0.000330454 0.000295105 0.000257706 0.000220063 0.000183715 0.000149871 0.000119399 9.28429e-05 7.04415e-05 5.21434e-05 3.76415e-05 2.64561e-05 1.80467e-05 1.1895e-05 7.53496e-06 4.55633e-06 2.60523e-06 1.38791e-06 6.71905e-07 2.81951e-07 9.22098e-08 1.67336e-08 0 
0 2.11793e-06 8.70702e-06 1.98631e-05 3.53168e-05 5.44362e-05 7.62651e-05 9.95959e-05 0.000123069 0.000145287 0.000164933 0.000180881 0.000192281 0.000198616 0.000199731 0.000195815 0.000187363 0.00017511 0.000159948 0.000142843 0.000124751 0.000106549 8.89869e-05 7.26516e-05 5.79582e-05 4.51537e-05 3.43318e-05 2.54547e-05 1.83821e-05 1.2906e-05 8.7862e-06 5.77901e-06 3.65472e-06 2.20765e-06 1.26157e-06 6.71905e-07 3.25238e-07 1.36473e-07 4.46314e-08 8.09937e-09 0 
0 8.88673e-07 3.65342e-06 8.33443e-06 1.48187e-05 2.28411e-05 3.20004e-05 4.17899e-05 5.1639e-05 6.09615e-05 6.9205e-05 7.58967e-05 8.06798e-05 8.33382e-05 8.38059e-05 8.21627e-05 7.86165e-05 7.34754e-05 6.7114e-05 5.99375e-05 5.23477e-05 4.47133e-05 3.7349e-05 3.05011e-05 2.43428e-05 1.89756e-05 1.44365e-05 1.07084e-05 7.73384e-06 5.42831e-06 3.69347e-06 2.42785e-06 1.53463e-06 9.26679e-07 5.29447e-07 2.81951e-07 1.36473e-07 5.7264e-08 1.87272e-08 3.39846e-09 0 
0 2.90623e-07 1.19478e-06 2.72561e-06 4.84619e-06 7.46975e-06 1.04651e-05 1.36666e-05 1.68875e-05 1.99363e-05 2.26322e-05 2.48206e-05 2.63848e-05 2.72542e-05 2.74071e-05 2.68698e-05 2.571e-05 2.40287e-05 2.19484e-05 1.96016e-05 1.71197e-05 1.46234e-05 1.22155e-05 9.97669e-06 7.96341e-06 6.20864e-06 4.72426e-06 3.50469e-06 2.53123e-06 1.77651e-06 1.20857e-06 7.94299e-07 5.01994e-07 3.03094e-07 1.73158e-07 9.22098e-08 4.46314e-08 1.87272e-08 6.12438e-09 1.1114e-09 0 
0 5.27398e-08 2.16818e-07 4.94621e-07 8.79444e-07 1.35555e-06 1.89912e-06 2.48009e-06 3.0646e-06 3.61786e-06 4.10709e-06 4.50422e-06 4.78808e-06 4.94585e-06 4.9736e-06 4.87609e-06 4.66563e-06 4.36053e-06 3.98302e-06 3.55715e-06 3.10676e-06 2.65377e-06 2.21684e-06 1.8106e-06 1.44528e-06 1.12686e-06 8.57486e-07 6.36146e-07 4.59453e-07 3.22454e-07 2.19359e-07 1.44161e-07 9.11049e-08 5.50055e-08 3.14239e-08 1.67336e-08 8.09937e-09 3.39846e-09 1.1114e-09 2.01687e-10 0 
0 0 0 0 0 0 0 0 0 0 0 0 0 0 0 0 0 0 0 0 0 0 0 0 0 0 0 0 0 0 0 0 0 0 0 0 0 0 0 0 0 
