0 0 0 0 0 0 0 0 0 0 0 0 0 0 0 0 0 0 0 0 0 0 0 0 0 0 0 0 0 0 0 0 0 0 0 0 0 0 0 0 0 
0 1.3243e-05 5.18446e-05 0.000108223 0.000167251 0.000212419 0.00023467 0.000235301 0.000221764 0.000202178 0.00018247 0.000165982 0.000154183 0.000147487 0.000145839 0.000149018 0.000156707 0.000168417 0.00018331 0.000199987 0.000216351 0.000229661 0.000236894 0.000235406 0.000223758 0.000202353 0.000173538 0.000140995 0.000108648 7.96051e-05 5.56135e-05 3.71114e-05 2.36458e-05 1.43349e-05 8.20514e-06 4.37309e-06 2.11742e-06 8.8859e-07 2.90613e-07 5.27391e-08 0 
0 5.18446e-05 0.000189366 0.00034586 0.000431279 0.00040956 0.000321038 0.000223208 0.000146316 9.50689e-05 6.37814e-05 4.56487e-05 3.5708e-05 3.09978e-05 3.00429e-05 3.24155e-05 3.85223e-05 4.95748e-05 6.76373e-05 9.5568e-05 0.000136553 0.000192875 0.00026375 0.000342774 0.000416637 0.000467456 0.000479664 0.000448313 0.000382404 0.00029987 0.000218402 0.000149196 9.62214e-05 5.86733e-05 3.36714e-05 1.79656e-05 8.70261e-06 3.65273e-06 1.1947e-06 2.16813e-07 0 
0 0.000108223 0.00034586 0.000489487 0.000414481 0.000242587 0.000111374 4.45476e-05 1.69232e-05 6.58594e-06 2.80867e-06 1.38971e-06 8.33289e-07 6.22346e-07 5.84876e-07 6.87111e-07 9.87631e-07 1.68003e-06 3.24553e-06 6.80644e-06 1.48146e-05 3.21038e-05 6.68318e-05 0.000129804 0.000229775 0.000363517 0.000505214 0.000608476 0.000631537 0.000568576 0.000452031 0.000324657 0.000214888 0.000132655 7.654e-05 4.09289e-05 1.98432e-05 8.33141e-06 2.72527e-06 4.94599e-07 0 
0 0.000167251 0.000431279 0.000414481 0.000205549 6.42171e-05 1.48062e-05 2.86604e-06 5.24999e-07 1.02215e-07 2.35643e-08 7.05698e-09 2.94666e-09 1.79327e-09 1.61624e-09 2.1323e-09 3.97152e-09 9.87794e-09 3.06263e-08 1.09792e-07 4.22154e-07 1.62436e-06 5.89579e-06 1.92767e-05 5.49594e-05 0.000133776 0.000273848 0.000464622 0.000643869 0.000724492 0.000670957 0.000528217 0.000367113 0.000231969 0.000135207 7.25969e-05 3.52514e-05 1.4809e-05 4.84509e-06 8.79376e-07 0 
0 0.000212419 0.00040956 0.000242587 6.42171e-05 9.58203e-06 9.61286e-07 7.64062e-08 5.69792e-09 4.72368e-10 5.103e-11 8.23352e-12 2.20164e-12 1.04125e-12 8.91344e-13 1.35655e-12 3.47651e-12 1.38054e-11 7.66604e-11 5.32094e-10 4.12656e-09 3.22305e-08 2.31935e-07 1.43414e-06 7.26015e-06 2.92741e-05 9.29861e-05 0.000231834 0.000450537 0.000674156 0.000775099 0.000703074 0.000529147 0.000347682 0.000206158 0.000111457 5.42606e-05 2.28156e-05 7.46694e-06 1.35538e-06 0 
0 0.00023467 0.000321038 0.000111374 1.48062e-05 9.61286e-07 3.73276e-08 1.07273e-09 2.86643e-11 8.97e-13 4.08166e-14 3.2521e-15 5.22852e-16 1.8539e-16 1.49621e-16 2.68082e-16 9.89111e-16 6.69925e-15 7.23139e-14 1.06634e-12 1.84139e-11 3.22804e-10 5.0804e-09 6.51427e-08 6.35661e-07 4.53977e-06 2.34324e-05 8.79616e-05 0.000242809 0.000493136 0.000730485 0.000796486 0.000670625 0.000466884 0.000284124 0.000155227 7.58643e-05 3.19431e-05 1.04589e-05 1.89875e-06 0 
0 0.000235301 0.000223208 4.45476e-05 2.86604e-06 7.64062e-08 1.07273e-09 1.0373e-11 9.24533e-14 1.02059e-15 1.84171e-17 7.07778e-19 8.4215e-20 3.44418e-20 2.9386e-20 4.43986e-20 1.6513e-19 1.78178e-18 3.891e-17 1.28475e-15 5.22164e-14 2.17325e-12 7.9038e-11 2.21473e-09 4.37269e-08 5.7722e-07 5.00394e-06 2.87936e-05 0.000112986 0.000309393 0.000592957 0.000793565 0.000766416 0.000575469 0.000362759 0.000201068 9.87979e-05 4.16773e-05 1.36546e-05 2.47939e-06 0 
0 0.000221764 0.000146316 1.69232e-05 5.24999e-07 5.69792e-09 2.86643e-11 9.24533e-14 2.72513e-16 1.05749e-18 1.10152e-20 1.29572e-21 4.75049e-22 3.18843e-22 2.94338e-22 3.35898e-22 5.8911e-22 1.8461e-21 2.2164e-20 1.4061e-18 1.35129e-16 1.34405e-14 1.13683e-12 7.00736e-11 2.81895e-09 6.92934e-08 1.01586e-06 8.98687e-06 4.9813e-05 0.00018081 0.000440684 0.000721815 0.000808078 0.000662367 0.000435806 0.000245933 0.000121661 5.14421e-05 1.68667e-05 3.06341e-06 0 
0 0.000202178 9.50689e-05 6.58594e-06 1.02215e-07 4.72368e-10 8.97e-13 1.02059e-15 1.05749e-18 2.51566e-21 8.81322e-23 3.02854e-23 2.17885e-23 1.87169e-23 1.78709e-23 1.80577e-23 2.08631e-23 2.77537e-23 1.05432e-22 2.71525e-21 4.62509e-19 1.04843e-16 1.97522e-14 2.57245e-12 2.03431e-10 9.03325e-09 2.18521e-07 2.91354e-06 2.23796e-05 0.000105176 0.000317288 0.000623572 0.000805058 0.000722813 0.000498368 0.000286976 0.000143058 6.06518e-05 1.99038e-05 3.61602e-06 0 
0 0.00018247 6.37814e-05 2.80867e-06 2.35643e-08 5.103e-11 4.08166e-14 1.84171e-17 1.10152e-20 8.81322e-23 6.04814e-24 2.51252e-24 2.33367e-24 2.29833e-24 2.23987e-24 2.10798e-24 1.93804e-24 1.76496e-24 3.44785e-24 3.67649e-23 3.41601e-21 1.39051e-18 5.3286e-16 1.34777e-13 1.9418e-11 1.45806e-09 5.50789e-08 1.05867e-06 1.08712e-05 6.40534e-05 0.000231544 0.000530377 0.000775991 0.000758639 0.0005477 0.000321903 0.000161742 6.8763e-05 2.25861e-05 4.10449e-06 0 
0 0.000165982 4.56487e-05 1.38971e-06 7.05698e-09 8.23352e-12 3.2521e-15 7.07778e-19 1.29572e-21 3.02855e-23 2.51252e-24 5.76738e-25 3.98221e-25 3.91441e-25 3.81792e-25 3.43888e-25 2.82242e-25 2.29632e-25 4.23926e-25 3.56071e-24 1.45067e-22 4.17012e-20 2.76872e-17 1.20376e-14 2.82934e-12 3.26203e-10 1.77367e-08 4.59918e-07 5.99071e-06 4.24205e-05 0.000177044 0.000457033 0.000738903 0.000775866 0.000583206 0.000349162 0.000176714 7.53202e-05 2.47607e-05 4.50085e-06 0 
0 0.000154183 3.5708e-05 8.33289e-07 2.94666e-09 2.20164e-12 5.22852e-16 8.4215e-20 4.75049e-22 2.17885e-23 2.33368e-24 3.98221e-25 1.26857e-25 8.58094e-26 7.64615e-26 6.59432e-26 5.23755e-26 5.13573e-26 1.52987e-25 1.30401e-24 3.02872e-23 3.92249e-21 3.26752e-18 2.09866e-15 7.01963e-13 1.10252e-10 7.79633e-09 2.50973e-07 3.88241e-06 3.13863e-05 0.000145077 0.000407145 0.000706356 0.000781538 0.000605768 0.000367931 0.000187285 7.99888e-05 2.63132e-05 4.78406e-06 0 
0 0.000147487 3.09978e-05 6.22346e-07 1.79327e-09 1.04125e-12 1.8539e-16 3.44418e-20 3.18843e-22 1.87169e-23 2.29833e-24 3.91442e-25 8.58095e-26 2.99597e-26 1.84681e-26 1.44057e-26 1.27689e-26 2.23823e-26 1.03153e-25 8.41978e-25 1.49257e-23 1.25248e-21 9.71349e-19 7.7713e-16 3.17451e-13 5.94061e-11 4.87562e-09 1.77439e-07 3.02625e-06 2.63719e-05 0.0001291 0.000379564 0.000685144 0.000781389 0.000616852 0.000377979 0.000193087 8.2573e-05 2.71749e-05 4.9414e-06 0 
0 0.000145839 3.00429e-05 5.84876e-07 1.61624e-09 8.91344e-13 1.49621e-16 2.9386e-20 2.94339e-22 1.78709e-23 2.23987e-24 3.81793e-25 7.64616e-26 1.84681e-26 6.62524e-27 4.1375e-27 5.25202e-27 1.69484e-26 9.27859e-26 7.55581e-25 1.28448e-23 1.0024e-21 7.52283e-19 6.29573e-16 2.68024e-13 5.2009e-11 4.40237e-09 1.6434e-07 2.85988e-06 2.53085e-05 0.000125354 0.000372158 0.000677789 0.000778758 0.000617755 0.00037947 0.000194053 8.30193e-05 2.73256e-05 4.96903e-06 0 
0 0.000149018 3.24155e-05 6.87111e-07 2.1323e-09 1.35655e-12 2.68082e-16 4.43986e-20 3.35899e-22 1.80578e-23 2.10798e-24 3.43889e-25 6.59433e-26 1.44057e-26 4.1375e-27 2.39803e-27 4.28269e-27 1.7185e-26 1.00562e-25 8.91621e-25 1.77167e-23 1.77964e-21 1.47223e-18 1.08939e-15 4.14446e-13 7.28817e-11 5.67395e-09 1.97689e-07 3.25594e-06 2.76136e-05 0.000132409 0.000383222 0.000683866 0.00077439 0.000609222 0.000372823 0.000190381 8.14087e-05 2.67914e-05 4.87168e-06 0 
0 0.000156707 3.85223e-05 9.87631e-07 3.97152e-09 3.47651e-12 9.89111e-16 1.6513e-19 5.8911e-22 2.08631e-23 1.93805e-24 2.82243e-25 5.23755e-26 1.27689e-26 5.25202e-27 4.28268e-27 6.90164e-27 2.30956e-26 1.36661e-25 1.46869e-24 4.47105e-23 8.29429e-21 6.69104e-18 3.74797e-15 1.10804e-12 1.56229e-10 1.00799e-08 3.00831e-07 4.37973e-06 3.37731e-05 0.000150595 0.000411419 0.000700495 0.000766666 0.000591399 0.000358641 0.00018249 7.79388e-05 2.56394e-05 4.66165e-06 0 
0 0.000168417 4.95748e-05 1.68003e-06 9.87794e-09 1.38054e-11 6.69925e-15 1.78178e-18 1.8461e-21 2.77537e-23 1.76496e-24 2.29632e-25 5.13574e-26 2.23823e-26 1.69483e-26 1.7185e-26 2.30955e-26 5.51523e-26 3.04547e-25 4.46798e-24 2.7762e-22 1.07917e-19 6.18177e-17 2.2975e-14 4.6885e-12 4.77664e-10 2.33779e-08 5.55662e-07 6.74894e-06 4.52552e-05 0.000181284 0.000454571 0.000722005 0.00075206 0.000564076 0.000337711 0.000170986 7.28997e-05 2.39684e-05 4.3571e-06 0 
0 0.00018331 6.76373e-05 3.24553e-06 3.06263e-08 7.66604e-11 7.23139e-14 3.891e-17 2.2164e-20 1.05432e-22 3.44785e-24 4.23926e-25 1.52987e-25 1.03153e-25 9.27857e-26 1.00561e-25 1.36661e-25 3.04547e-25 1.83371e-24 4.93695e-23 7.58568e-21 2.94106e-18 9.83672e-16 2.19037e-13 2.81192e-11 1.9073e-09 6.60315e-08 1.18016e-06 1.14274e-05 6.4343e-05 0.000225276 0.000507072 0.00073912 0.00072581 0.00052707 0.000311034 0.000156613 6.66454e-05 2.18989e-05 3.98018e-06 0 
0 0.000199987 9.5568e-05 6.80644e-06 1.09792e-07 5.32094e-10 1.06634e-12 1.28475e-15 1.4061e-18 2.71525e-21 3.67649e-23 3.56071e-24 1.30401e-24 8.41977e-25 7.5558e-25 8.9162e-25 1.46869e-24 4.46798e-24 4.93694e-23 3.05056e-21 5.80657e-19 1.25418e-16 2.24964e-14 2.7946e-12 2.11226e-10 8.98628e-09 2.08969e-07 2.69125e-06 2.01016e-05 9.27321e-05 0.00027856 0.000555494 0.000738281 0.000682843 0.000480617 0.000279837 0.000140203 5.9563e-05 1.95616e-05 3.55483e-06 0 
0 0.000216351 0.000136553 1.48146e-05 4.22154e-07 4.12656e-09 1.84139e-11 5.22164e-14 1.35129e-16 4.62509e-19 3.41601e-21 1.45067e-22 3.02872e-23 1.49257e-23 1.28448e-23 1.77167e-23 4.47105e-23 2.7762e-22 7.58568e-21 5.80657e-19 6.12624e-17 6.68184e-15 6.1593e-13 4.08784e-11 1.74101e-09 4.44628e-08 6.66403e-07 5.97628e-06 3.36401e-05 0.000125621 0.000322786 0.000573055 0.000702122 0.000618883 0.00042563 0.000245535 0.000122622 5.20417e-05 1.70866e-05 3.10482e-06 0 
0 0.000229661 0.000192875 3.21038e-05 1.62436e-06 3.22305e-08 3.22804e-10 2.17325e-12 1.34405e-14 1.04843e-16 1.39051e-18 4.17012e-20 3.92249e-21 1.25248e-21 1.0024e-21 1.77964e-21 8.29429e-21 1.07917e-19 2.94106e-18 1.25418e-16 6.68184e-15 3.63733e-13 1.69684e-11 5.87777e-10 1.36129e-08 1.98621e-07 1.81261e-06 1.07923e-05 4.48498e-05 0.000137252 0.00031295 0.000518689 0.000612771 0.000531627 0.000363762 0.000209638 0.000104703 4.44451e-05 1.45941e-05 2.65204e-06 0 
0 0.000236894 0.00026375 6.68318e-05 5.89579e-06 2.31935e-07 5.0804e-09 7.9038e-11 1.13683e-12 1.97522e-14 5.3286e-16 2.76872e-17 3.26752e-18 9.71349e-19 7.52283e-19 1.47223e-18 6.69104e-18 6.18177e-17 9.83672e-16 2.24964e-14 6.1593e-13 1.69684e-11 4.01625e-10 7.11116e-09 8.42353e-08 6.26855e-07 2.99935e-06 1.04416e-05 3.09998e-05 8.45293e-05 0.000199395 0.000360481 0.000461371 0.000422261 0.000297384 0.000173665 8.72022e-05 3.70897e-05 1.21873e-05 2.21518e-06 0 
0 0.000235406 0.000342774 0.000129804 1.92767e-05 1.43414e-06 6.51427e-08 2.21473e-09 7.00736e-11 2.57245e-12 1.34777e-13 1.20376e-14 2.09866e-15 7.7713e-16 6.29573e-16 1.08939e-15 3.74797e-15 2.2975e-14 2.19037e-13 2.7946e-12 4.08784e-11 5.87777e-10 7.11116e-09 6.1354e-08 3.18107e-07 8.8295e-07 1.42734e-06 1.9774e-06 3.85128e-06 1.24653e-05 4.89267e-05 0.000147622 0.000268907 0.000298533 0.000229806 0.000139097 7.07627e-05 3.0231e-05 9.94773e-06 1.80892e-06 0 
0 0.000223758 0.000416637 0.000229775 5.49594e-05 7.26015e-06 6.35661e-07 4.37269e-08 2.81895e-09 2.03431e-10 1.9418e-11 2.82934e-12 7.01963e-13 3.17451e-13 2.68024e-13 4.14446e-13 1.10804e-12 4.6885e-12 2.81192e-11 2.11226e-10 1.74101e-09 1.36129e-08 8.42353e-08 3.18107e-07 5.11077e-07 2.53924e-07 4.64986e-08 9.40081e-09 9.44574e-09 7.58234e-08 1.63119e-06 2.23193e-05 0.000102793 0.000178946 0.000165818 0.000107415 5.59053e-05 2.40568e-05 7.93347e-06 1.44358e-06 0 
0 0.000202353 0.000467456 0.000363517 0.000133776 2.92741e-05 4.53977e-06 5.7722e-07 6.92934e-08 9.03325e-09 1.45806e-09 3.26203e-10 1.10252e-10 5.94061e-11 5.2009e-11 7.28817e-11 1.56229e-10 4.77664e-10 1.9073e-09 8.98628e-09 4.44628e-08 1.98621e-07 6.26855e-07 8.8295e-07 2.53924e-07 6.45275e-09 1.85748e-11 7.75412e-14 2.23702e-14 2.04415e-12 2.10234e-09 7.49618e-07 2.23198e-05 8.85205e-05 0.000111522 8.00502e-05 4.30139e-05 1.86857e-05 6.17906e-06 1.12522e-06 0 
0 0.000173538 0.000479664 0.000505214 0.000273848 9.29861e-05 2.34324e-05 5.00394e-06 1.01586e-06 2.18521e-07 5.50789e-08 1.77367e-08 7.79633e-09 4.87562e-09 4.40237e-09 5.67395e-09 1.00799e-08 2.33779e-08 6.60315e-08 2.08969e-07 6.66403e-07 1.81261e-06 2.99935e-06 1.42734e-06 4.64986e-08 1.85748e-11 2.56014e-16 2.63494e-15 1.56239e-15 3.27039e-15 1.34851e-13 6.90411e-09 3.15292e-06 3.86516e-05 7.17776e-05 5.80649e-05 3.22987e-05 1.41673e-05 4.69739e-06 8.56021e-07 0 
0 0.000140995 0.000448313 0.000608476 0.000464622 0.000231834 8.79616e-05 2.87936e-05 8.98687e-06 2.91354e-06 1.05867e-06 4.59918e-07 2.50973e-07 1.77439e-07 1.6434e-07 1.97689e-07 3.00831e-07 5.55662e-07 1.18016e-06 2.69125e-06 5.97628e-06 1.07923e-05 1.04416e-05 1.9774e-06 9.40081e-09 7.75412e-14 2.63494e-15 4.93428e-16 2.75517e-16 3.33896e-16 3.1988e-15 1.00353e-10 5.57869e-07 1.8372e-05 4.69667e-05 4.165e-05 2.37508e-05 1.04863e-05 3.48282e-06 6.34968e-07 0 
0 0.000108648 0.000382404 0.000631537 0.000643869 0.000450537 0.000242809 0.000112986 4.9813e-05 2.23796e-05 1.08712e-05 5.99071e-06 3.88241e-06 3.02625e-06 2.85988e-06 3.25594e-06 4.37973e-06 6.74894e-06 1.14274e-05 2.01016e-05 3.36401e-05 4.48498e-05 3.09998e-05 3.85128e-06 9.44574e-09 2.23702e-14 1.56239e-15 2.75517e-16 3.40672e-16 1.73275e-15 4.28354e-14 2.81366e-11 2.93525e-07 1.21974e-05 3.33089e-05 2.99851e-05 1.71472e-05 7.57377e-06 2.51553e-06 4.58611e-07 0 
0 7.96051e-05 0.00029987 0.000568576 0.000724492 0.000674156 0.000493136 0.000309393 0.00018081 0.000105176 6.40534e-05 4.24205e-05 3.13863e-05 2.63719e-05 2.53085e-05 2.76136e-05 3.37731e-05 4.52552e-05 6.4343e-05 9.27321e-05 0.000125621 0.000137252 8.45293e-05 1.24653e-05 7.58234e-08 2.04415e-12 3.27039e-15 3.33896e-16 1.73275e-15 2.46364e-16 4.87907e-16 3.32864e-10 5.9234e-07 1.2105e-05 2.59772e-05 2.17027e-05 1.21405e-05 5.3286e-06 1.76667e-06 3.21922e-07 0 
0 5.56135e-05 0.000218402 0.000452031 0.000670957 0.000775099 0.000730485 0.000592957 0.000440684 0.000317288 0.000231544 0.000177044 0.000145077 0.0001291 0.000125354 0.000132409 0.000150595 0.000181284 0.000225276 0.00027856 0.000322786 0.00031295 0.000199395 4.89267e-05 1.63119e-06 2.10234e-09 1.34851e-13 3.1988e-15 4.28354e-14 4.87907e-16 7.38696e-12 2.44882e-08 2.39987e-06 1.48678e-05 2.1155e-05 1.5557e-05 8.38254e-06 3.64002e-06 1.2032e-06 2.19064e-07 0 
0 3.71114e-05 0.000149196 0.000324657 0.000528217 0.000703074 0.000796486 0.000793565 0.000721815 0.000623572 0.000530377 0.000457033 0.000407145 0.000379564 0.000372158 0.000383222 0.000411419 0.000454571 0.000507072 0.000555494 0.000573055 0.000518689 0.000360481 0.000147622 2.23193e-05 7.49618e-07 6.90411e-09 1.00353e-10 2.81366e-11 3.32864e-10 2.44882e-08 9.96465e-07 8.16219e-06 1.729e-05 1.66689e-05 1.07993e-05 5.59789e-06 2.40321e-06 7.91758e-07 1.44018e-07 0 
0 2.36458e-05 9.62214e-05 0.000214888 0.000367113 0.000529147 0.000670625 0.000766416 0.000808078 0.000805058 0.000775991 0.000738903 0.000706356 0.000685144 0.000677789 0.000683866 0.000700495 0.000722005 0.00073912 0.000738281 0.000702122 0.000612771 0.000461371 0.000268907 0.000102793 2.23198e-05 3.15292e-06 5.57869e-07 2.93525e-07 5.9234e-07 2.39987e-06 8.16219e-06 1.52842e-05 1.63498e-05 1.20748e-05 7.12866e-06 3.58529e-06 1.52482e-06 5.00948e-07 9.10442e-08 0 
0 1.43349e-05 5.86733e-05 0.000132655 0.000231969 0.000347682 0.000466884 0.000575469 0.000662367 0.000722813 0.000758639 0.000775866 0.000781538 0.000781389 0.000778758 0.00077439 0.000766666 0.00075206 0.00072581 0.000682843 0.000618883 0.000531627 0.000422261 0.000298533 0.000178946 8.85205e-05 3.86516e-05 1.8372e-05 1.21974e-05 1.2105e-05 1.48678e-05 1.729e-05 1.63498e-05 1.24124e-05 7.92512e-06 4.4283e-06 2.18479e-06 9.23304e-07 3.02719e-07 5.4983e-08 0 
0 8.20514e-06 3.36714e-05 7.654e-05 0.000135207 0.000206158 0.000284124 0.000362759 0.000435806 0.000498368 0.0005477 0.000583206 0.000605768 0.000616852 0.000617755 0.000609222 0.000591399 0.000564076 0.00052707 0.000480617 0.00042563 0.000363762 0.000297384 0.000229806 0.000165818 0.000111522 7.17776e-05 4.69667e-05 3.33089e-05 2.59772e-05 2.1155e-05 1.66689e-05 1.20748e-05 7.92512e-06 4.72997e-06 2.57063e-06 1.25507e-06 5.2844e-07 1.73041e-07 3.14166e-08 0 
0 4.37309e-06 1.79656e-05 4.09289e-05 7.25969e-05 0.000111457 0.000155227 0.000201068 0.000245933 0.000286976 0.000321903 0.000349162 0.000367931 0.000377979 0.00037947 0.000372823 0.000358641 0.000337711 0.000311034 0.000279837 0.000245535 0.000209638 0.000173665 0.000139097 0.000107415 8.00502e-05 5.80649e-05 4.165e-05 2.99851e-05 2.17027e-05 1.5557e-05 1.07993e-05 7.12866e-06 4.4283e-06 2.57063e-06 1.37987e-06 6.70313e-07 2.81692e-07 9.21782e-08 1.67316e-08 0 
0 2.11742e-06 8.70261e-06 1.98432e-05 3.52514e-05 5.42606e-05 7.58643e-05 9.87979e-05 0.000121661 0.000143058 0.000161742 0.000176714 0.000187285 0.000193087 0.000194053 0.000190381 0.00018249 0.000170986 0.000156613 0.000140203 0.000122622 0.000104703 8.72022e-05 7.07627e-05 5.59053e-05 4.30139e-05 3.22987e-05 2.37508e-05 1.71472e-05 1.21405e-05 8.38254e-06 5.59789e-06 3.58529e-06 2.18479e-06 1.25507e-06 6.70313e-07 3.24906e-07 1.36416e-07 4.46242e-08 8.09887e-09 0 
0 8.8859e-07 3.65273e-06 8.33141e-06 1.4809e-05 2.28156e-05 3.19431e-05 4.16773e-05 5.14421e-05 6.06518e-05 6.8763e-05 7.53202e-05 7.99888e-05 8.2573e-05 8.30193e-05 8.14087e-05 7.79388e-05 7.28997e-05 6.66454e-05 5.9563e-05 5.20417e-05 4.44451e-05 3.70897e-05 3.0231e-05 2.40568e-05 1.86857e-05 1.41673e-05 1.04863e-05 7.57377e-06 5.3286e-06 3.64002e-06 2.40321e-06 1.52482e-06 9.23304e-07 5.2844e-07 2.81692e-07 1.36416e-07 5.72538e-08 1.87258e-08 3.39836e-09 0 
0 2.90613e-07 1.1947e-06 2.72527e-06 4.84509e-06 7.46694e-06 1.04589e-05 1.36546e-05 1.68667e-05 1.99038e-05 2.25861e-05 2.47607e-05 2.63132e-05 2.71749e-05 2.73256e-05 2.67914e-05 2.56394e-05 2.39684e-05 2.18989e-05 1.95616e-05 1.70866e-05 1.45941e-05 1.21873e-05 9.94773e-06 7.93347e-06 6.17906e-06 4.69739e-06 3.48282e-06 2.51553e-06 1.76667e-06 1.2032e-06 7.91758e-07 5.00948e-07 3.02719e-07 1.73041e-07 9.21782e-08 4.46242e-08 1.87258e-08 6.12419e-09 1.11139e-09 0 
0 5.27391e-08 2.16813e-07 4.94599e-07 8.79376e-07 1.35538e-06 1.89875e-06 2.47939e-06 3.06341e-06 3.61602e-06 4.10449e-06 4.50085e-06 4.78406e-06 4.9414e-06 4.96903e-06 4.87168e-06 4.66165e-06 4.3571e-06 3.98018e-06 3.55483e-06 3.10482e-06 2.65204e-06 2.21518e-06 1.80892e-06 1.44358e-06 1.12522e-06 8.56021e-07 6.34968e-07 4.58611e-07 3.21922e-07 2.19064e-07 1.44018e-07 9.10442e-08 5.4983e-08 3.14166e-08 1.67316e-08 8.09887e-09 3.39836e-09 1.11139e-09 2.01686e-10 0 
0 0 0 0 0 0 0 0 0 0 0 0 0 0 0 0 0 0 0 0 0 0 0 0 0 0 0 0 0 0 0 0 0 0 0 0 0 0 0 0 0 
