0 0 0 0 0 0 0 0 0 0 0 0 0 0 0 0 0 0 0 0 0 0 0 0 0 0 0 0 0 0 0 0 0 0 0 0 0 0 0 0 0 
0 1.35778e-05 5.47544e-05 0.000120405 0.00020116 0.000282353 0.000348972 0.000391906 0.000410609 0.000410875 0.00040065 0.000386952 0.000374677 0.000366641 0.000364068 0.000367026 0.000374677 0.000385342 0.000396509 0.00040492 0.000406906 0.000399044 0.000379061 0.000346689 0.000304033 0.000255147 0.000204914 0.000157742 0.000116649 8.30259e-05 5.69237e-05 3.75621e-05 2.37853e-05 1.43738e-05 8.21486e-06 4.37525e-06 2.11784e-06 8.88658e-07 2.90622e-07 5.27397e-08 0 
0 5.47544e-05 0.000214774 0.000446335 0.000674816 0.000813514 0.000821905 0.00072868 0.000594334 0.000466309 0.000365681 0.000295473 0.000251494 0.000228653 0.000223411 0.000234316 0.000261832 0.00030782 0.000374573 0.000463055 0.000570209 0.000685928 0.000791611 0.000863062 0.000878892 0.000830878 0.000728933 0.000596216 0.000458166 0.000333505 0.000231445 0.000153655 9.75765e-05 5.90411e-05 3.37607e-05 1.79848e-05 8.70623e-06 3.6533e-06 1.19477e-06 2.16817e-07 0 
0 0.000120405 0.000446335 0.000824595 0.00101502 0.000906184 0.000629914 0.000370233 0.000199786 0.000106407 5.93914e-05 3.64332e-05 2.54404e-05 2.0671e-05 1.97162e-05 2.19906e-05 2.82546e-05 4.08324e-05 6.44033e-05 0.000107209 0.000181964 0.000304467 0.00048655 0.000721396 0.000968038 0.00115458 0.00121423 0.00113049 0.000945098 0.000723111 0.000515519 0.000346856 0.000221625 0.000134456 7.69667e-05 4.10184e-05 1.98596e-05 8.33391e-06 2.72556e-06 4.94617e-07 0 
0 0.00020116 0.000674816 0.00101502 0.000888817 0.000502221 0.00020642 7.0032e-05 2.19731e-05 7.03881e-06 2.50789e-06 1.06713e-06 5.7228e-07 4.0019e-07 3.69708e-07 4.4792e-07 6.9383e-07 1.32047e-06 2.93819e-06 7.23815e-06 1.86872e-05 4.8023e-05 0.000117316 0.000261732 0.000514841 0.000865923 0.00121684 0.00141667 0.00138254 0.00116384 0.000874708 0.000604259 0.000390778 0.000238293 0.000136685 7.29003e-05 3.53055e-05 1.48171e-05 4.846e-06 8.79432e-07 0 
0 0.000282353 0.000813514 0.000906184 0.000502221 0.000161165 3.54572e-05 6.26087e-06 1.02339e-06 1.76755e-07 3.63753e-08 9.88052e-09 3.83055e-09 2.22705e-09 1.97815e-09 2.65352e-09 5.17314e-09 1.38078e-08 4.68506e-08 1.86297e-07 8.00301e-07 3.44434e-06 1.39143e-05 5.00394e-05 0.000153631 0.000389044 0.000788154 0.0012477 0.00153689 0.0015105 0.00124212 0.000898616 0.000593647 0.000365269 0.000210259 0.000112288 5.44059e-05 2.28368e-05 7.46928e-06 1.35552e-06 0 
0 0.000348972 0.000821905 0.000629914 0.00020642 3.54572e-05 3.89848e-06 3.29971e-07 2.57079e-08 2.19394e-09 2.41067e-10 3.91824e-11 1.04784e-11 4.93102e-12 4.1865e-12 6.30829e-12 1.59963e-11 6.2857e-11 3.45492e-10 2.37431e-09 1.82347e-08 1.41063e-07 1.00558e-06 6.1563e-06 3.07485e-05 0.000120888 0.000363914 0.000817392 0.00134431 0.00163176 0.00153149 0.00118967 0.0008128 0.00050731 0.000293657 0.000157147 7.61957e-05 3.19907e-05 1.04641e-05 1.89906e-06 0 
0 0.000391906 0.00072868 0.000370233 7.0032e-05 6.26087e-06 3.29971e-07 1.27243e-08 4.47805e-10 1.79306e-11 1.00442e-12 9.4059e-14 1.68807e-14 6.32894e-15 5.11709e-15 8.73169e-15 2.93475e-14 1.74592e-13 1.61011e-12 1.99039e-11 2.85162e-10 4.13835e-09 5.42017e-08 5.85061e-07 4.88047e-06 3.02279e-05 0.000135831 0.000434983 0.000973411 0.00150998 0.00167602 0.00143373 0.00102705 0.000654302 0.0003818 0.000204914 9.94567e-05 4.17708e-05 1.36646e-05 2.47998e-06 0 
0 0.000410609 0.000594334 0.000199786 2.19731e-05 1.02339e-06 2.57079e-08 4.47805e-10 7.05376e-12 1.31362e-13 3.72235e-15 1.99539e-16 2.39174e-17 7.12373e-18 5.47927e-18 1.05947e-17 4.73161e-17 4.27939e-16 6.65775e-15 1.49001e-13 4.01069e-12 1.09999e-10 2.66621e-09 5.10591e-08 7.13953e-07 6.95506e-06 4.62101e-05 0.000207721 0.000625504 0.00124622 0.00166622 0.00159951 0.00121607 0.00079549 0.000469078 0.000252721 0.00012282 5.16053e-05 1.6884e-05 3.06441e-06 0 
0 0.000410875 0.000466309 0.000106407 7.03881e-06 1.76755e-07 2.19394e-09 1.79306e-11 1.31362e-13 1.18017e-15 1.74755e-17 5.5118e-19 4.53435e-20 1.1043e-20 8.14426e-21 1.74512e-20 1.00629e-19 1.34991e-18 3.45244e-17 1.35924e-15 6.66912e-14 3.35385e-12 1.46148e-10 4.8341e-09 1.10561e-07 1.65514e-06 1.58682e-05 9.73786e-05 0.000383568 0.000963517 0.00154834 0.00168016 0.00136575 0.00092127 0.000550009 0.000297667 0.000144888 6.09079e-05 1.99308e-05 3.61755e-06 0 
0 0.00040065 0.000365681 5.93914e-05 2.50789e-06 3.63753e-08 2.41067e-10 1.00442e-12 3.72235e-15 1.74755e-17 1.45436e-19 2.91806e-21 1.84918e-22 4.15938e-23 3.03332e-23 6.61782e-23 4.346e-22 7.90127e-21 3.11622e-19 2.02674e-17 1.69696e-15 1.46434e-13 1.07619e-11 5.79453e-10 2.05531e-08 4.51175e-07 5.9863e-06 4.8218e-05 0.000239081 0.000732646 0.00138773 0.00169226 0.00147127 0.00102472 0.000619856 0.000337098 0.000164352 6.91275e-05 2.26243e-05 4.10665e-06 0 
0 0.000386952 0.000295473 3.64332e-05 1.06713e-06 9.88052e-09 3.91824e-11 9.4059e-14 1.99539e-16 5.5118e-19 2.91806e-21 4.28377e-23 2.27843e-24 4.76931e-25 3.42491e-25 7.6124e-25 5.43945e-24 1.20184e-22 6.53691e-21 6.37052e-19 8.25847e-17 1.10897e-14 1.25078e-12 1.00422e-10 5.10561e-09 1.53434e-07 2.65641e-06 2.66878e-05 0.000159085 0.00057078 0.00123541 0.00166401 0.00153641 0.00110226 0.000675082 0.000368832 0.00018011 7.57942e-05 2.48102e-05 4.50364e-06 0 
0 0.000374677 0.000251494 2.54404e-05 5.7228e-07 3.83055e-09 1.04784e-11 1.68807e-14 2.39174e-17 4.53435e-20 1.84918e-22 2.27844e-24 9.47189e-26 1.57598e-26 1.06611e-26 2.64688e-26 2.31219e-25 6.10951e-24 4.02183e-22 5.14165e-20 9.12708e-18 1.6881e-15 2.59702e-13 2.78608e-11 1.83966e-09 6.94564e-08 1.45883e-06 1.71972e-05 0.000116977 0.000469474 0.00111847 0.00162248 0.00156973 0.00115322 0.000713498 0.000391314 0.000191341 8.05554e-05 2.63722e-05 4.78739e-06 0 
0 0.000366641 0.000228653 2.0671e-05 4.0019e-07 2.22705e-09 4.93102e-12 6.32894e-15 7.12373e-18 1.1043e-20 4.15939e-23 4.76934e-25 1.576e-26 1.86979e-27 1.12783e-27 3.40592e-27 3.83415e-26 1.16472e-24 8.298e-23 1.20728e-20 2.55432e-18 5.67115e-16 1.04198e-13 1.31982e-11 1.0126e-09 4.35914e-08 1.0233e-06 1.32255e-05 9.70393e-05 0.000415297 0.00104613 0.00158655 0.00158025 0.00117876 0.00073416 0.000403674 0.000197561 8.31985e-05 2.724e-05 4.94507e-06 0 
0 0.000364068 0.000223411 1.97162e-05 3.69708e-07 1.97815e-09 4.1865e-12 5.11709e-15 5.47927e-18 8.14426e-21 3.03333e-23 3.42494e-25 1.06612e-26 1.12783e-27 6.45818e-28 2.09484e-27 2.54482e-26 7.99733e-25 5.77189e-23 8.59146e-21 1.88535e-18 4.35436e-16 8.31868e-14 1.09344e-11 8.67845e-10 3.84977e-08 9.27284e-07 1.2246e-05 9.15065e-05 0.000398066 0.00101831 0.00156537 0.00157418 0.00118056 0.000737121 0.000405711 0.000198632 8.36602e-05 2.73924e-05 4.97279e-06 0 
0 0.000367026 0.000234316 2.19906e-05 4.4792e-07 2.65352e-09 6.30829e-12 8.73169e-15 1.05947e-17 1.74512e-20 6.61783e-23 7.61245e-25 2.64689e-26 3.40592e-27 2.09483e-27 5.982e-27 6.2942e-26 1.84396e-24 1.28605e-22 1.79361e-20 3.57506e-18 7.47108e-16 1.29655e-13 1.55929e-11 1.14303e-09 4.73331e-08 1.07617e-06 1.35601e-05 9.76084e-05 0.000412264 0.00103078 0.00155927 0.00155356 0.00116012 0.000723182 0.000397831 0.000194745 8.20204e-05 2.68553e-05 4.87529e-06 0 
0 0.000374677 0.000261832 2.82546e-05 6.9383e-07 5.17314e-09 1.59963e-11 2.93475e-14 4.73161e-17 1.00629e-19 4.346e-22 5.43946e-24 2.31219e-25 3.83413e-26 2.5448e-26 6.29418e-26 5.39076e-25 1.3762e-23 8.57919e-22 1.00154e-19 1.5983e-17 2.66051e-15 3.70689e-13 3.63486e-11 2.21807e-09 7.83167e-08 1.55697e-06 1.75785e-05 0.000115843 0.000455651 0.00107596 0.00156086 0.00151628 0.00111842 0.000693723 0.000380956 0.000186381 7.84848e-05 2.56966e-05 4.66488e-06 0 
0 0.000385342 0.00030782 4.08324e-05 1.32047e-06 1.38078e-08 6.2857e-11 1.74592e-13 4.27939e-16 1.34991e-18 7.90127e-21 1.20184e-22 6.1095e-24 1.16472e-24 7.99729e-25 1.84396e-24 1.3762e-23 2.97809e-22 1.48583e-20 1.28711e-18 1.4736e-16 1.75268e-14 1.76422e-12 1.27785e-10 5.93683e-09 1.65316e-07 2.69014e-06 2.57757e-05 0.000148815 0.000525958 0.00114035 0.00155566 0.00145721 0.00105628 0.000650621 0.000356419 0.000174244 7.33579e-05 2.40166e-05 4.35984e-06 0 
0 0.000396509 0.000374573 6.44033e-05 2.93819e-06 4.68506e-08 3.45492e-10 1.61011e-12 6.65775e-15 3.45244e-17 3.11622e-19 6.53691e-21 4.02183e-22 8.29799e-23 5.77188e-23 1.28605e-22 8.57919e-22 1.48583e-20 5.35296e-19 3.14223e-17 2.37143e-15 1.85062e-13 1.23816e-11 6.12394e-10 2.01646e-08 4.1571e-07 5.2465e-06 4.07999e-05 0.000199055 0.000614619 0.00119988 0.00152301 0.0013699 0.000974778 0.000596199 0.000325848 0.000159192 6.70095e-05 2.19374e-05 3.98238e-06 0 
0 0.00040492 0.000463055 0.000107209 7.23815e-06 1.86297e-07 2.37431e-09 1.99039e-11 1.49001e-13 1.35924e-15 2.02674e-17 6.37052e-19 5.14165e-20 1.20728e-20 8.59146e-21 1.79361e-20 1.00154e-19 1.28711e-18 3.14223e-17 1.18139e-15 5.54552e-14 2.67465e-12 1.12085e-10 3.57498e-09 7.907e-08 1.14925e-06 1.07752e-05 6.55956e-05 0.000262934 0.000696349 0.00121542 0.00143809 0.00124835 0.000875657 0.000533107 0.000291031 0.000142157 5.98406e-05 1.95912e-05 3.55653e-06 0 
0 0.000406906 0.000570209 0.000181964 1.86872e-05 8.00301e-07 1.82347e-08 2.85162e-10 4.01069e-12 6.66912e-14 1.69696e-15 8.25847e-17 9.12708e-18 2.55432e-18 1.88535e-18 3.57506e-18 1.5983e-17 1.4736e-16 2.37143e-15 5.54552e-14 1.56758e-12 4.51396e-11 1.14264e-09 2.26313e-08 3.23289e-07 3.18289e-06 2.13316e-05 9.83798e-05 0.000317192 0.00071733 0.00113315 0.00127549 0.00108816 0.000761272 0.000464131 0.00025377 0.00012407 5.22492e-05 1.71089e-05 3.10612e-06 0 
0 0.000399044 0.000685928 0.000304467 4.8023e-05 3.44434e-06 1.41063e-07 4.13835e-09 1.09999e-10 3.35385e-12 1.46434e-13 1.10897e-14 1.6881e-15 5.67115e-16 4.35436e-16 7.47108e-16 2.66051e-15 1.75268e-14 1.85062e-13 2.67465e-12 4.51396e-11 7.66962e-10 1.1533e-08 1.38429e-07 1.23298e-06 7.84545e-06 3.56487e-05 0.000119199 0.000304081 0.000599316 0.000898871 0.00101527 0.000886964 0.000634229 0.000391943 0.00021575 0.000105791 4.46025e-05 1.46111e-05 2.65304e-06 0 
0 0.000379061 0.000791611 0.00048655 0.000117316 1.39143e-05 1.00558e-06 5.42017e-08 2.66621e-09 1.46148e-10 1.07619e-11 1.25078e-12 2.59702e-13 1.04198e-13 8.31868e-14 1.29655e-13 3.70689e-13 1.76422e-12 1.23816e-11 1.12085e-10 1.14264e-09 1.1533e-08 1.02641e-07 7.29295e-07 3.83124e-06 1.43225e-05 3.9105e-05 8.59039e-05 0.000170096 0.000315508 0.000512765 0.00066084 0.000647247 0.000497501 0.000319005 0.000178465 8.80662e-05 3.72156e-05 1.22009e-05 2.21598e-06 0 
0 0.000346689 0.000863062 0.000721396 0.000261732 5.00394e-05 6.1563e-06 5.85061e-07 5.10591e-08 4.8341e-09 5.79453e-10 1.00422e-10 2.78608e-11 1.31982e-11 1.09344e-11 1.55929e-11 3.63486e-11 1.27785e-10 6.12394e-10 3.57498e-09 2.26313e-08 1.38429e-07 7.29295e-07 2.93786e-06 8.03658e-06 1.38851e-05 1.6393e-05 1.78565e-05 2.59989e-05 5.66369e-05 0.000142722 0.00028895 0.00038934 0.000356705 0.000247885 0.00014322 7.1508e-05 3.03391e-05 9.95939e-06 1.8096e-06 0 
0 0.000304033 0.000878892 0.000968038 0.000514841 0.000153631 3.07485e-05 4.88047e-06 7.13953e-07 1.10561e-07 2.05531e-08 5.10561e-09 1.83966e-09 1.0126e-09 8.67845e-10 1.14303e-09 2.21807e-09 5.93683e-09 2.01646e-08 7.907e-08 3.23289e-07 1.23298e-06 3.83124e-06 8.03658e-06 8.81891e-06 4.07182e-06 9.19798e-07 2.34951e-07 2.10844e-07 9.3631e-07 8.90298e-06 5.95789e-05 0.00016976 0.000224859 0.000182034 0.000111225 5.65904e-05 2.41546e-05 7.94385e-06 1.44417e-06 0 
0 0.000255147 0.000830878 0.00115458 0.000865923 0.000389044 0.000120888 3.02279e-05 6.95506e-06 1.65514e-06 4.51175e-07 1.53434e-07 6.94564e-08 4.35914e-08 3.84977e-08 4.73331e-08 7.83167e-08 1.65316e-07 4.1571e-07 1.14925e-06 3.18289e-06 7.84545e-06 1.43225e-05 1.38851e-05 4.07182e-06 1.96107e-07 1.8836e-09 2.66213e-11 1.01558e-11 2.5653e-10 4.7656e-08 3.94936e-06 4.80881e-05 0.000121944 0.000126061 8.36162e-05 4.36493e-05 1.87745e-05 6.18828e-06 1.12574e-06 0 
0 0.000204914 0.000728933 0.00121423 0.00121684 0.000788154 0.000363914 0.000135831 4.62101e-05 1.58682e-05 5.9863e-06 2.65641e-06 1.45883e-06 1.0233e-06 9.27284e-07 1.07617e-06 1.55697e-06 2.69014e-06 5.2465e-06 1.07752e-05 2.13316e-05 3.56487e-05 3.9105e-05 1.6393e-05 9.19798e-07 1.8836e-09 1.6652e-13 6.30106e-17 3.95274e-16 1.3157e-15 2.61077e-11 9.91056e-08 9.853e-06 5.99325e-05 8.39802e-05 6.12305e-05 3.28589e-05 1.42441e-05 4.7052e-06 8.56453e-07 0 
0 0.000157742 0.000596216 0.00113049 0.00141667 0.0012477 0.000817392 0.000434983 0.000207721 9.73786e-05 4.8218e-05 2.66878e-05 1.71972e-05 1.32255e-05 1.2246e-05 1.35601e-05 1.75785e-05 2.57757e-05 4.07999e-05 6.55956e-05 9.83798e-05 0.000119199 8.59039e-05 1.78565e-05 2.34951e-07 2.66213e-11 6.30105e-17 1.87593e-18 6.49781e-18 4.2916e-17 2.63373e-14 3.60052e-09 2.41244e-06 3.13668e-05 5.63728e-05 4.42004e-05 2.41994e-05 1.05468e-05 3.48889e-06 6.35299e-07 0 
0 0.000116649 0.000458166 0.000945098 0.00138254 0.00153689 0.00134431 0.000973411 0.000625504 0.000383568 0.000239081 0.000159085 0.000116977 9.70393e-05 9.15065e-05 9.76084e-05 0.000115843 0.000148815 0.000199055 0.000262934 0.000317192 0.000304081 0.000170096 2.59989e-05 2.10844e-07 1.01558e-11 3.95273e-16 6.49784e-18 2.54075e-18 3.16549e-17 3.64705e-15 1.26379e-09 1.36073e-06 2.11416e-05 4.00374e-05 3.18045e-05 1.74642e-05 7.61619e-06 2.51976e-06 4.5884e-07 0 
0 8.30259e-05 0.000333505 0.000723111 0.00116384 0.0015105 0.00163176 0.00150998 0.00124622 0.000963517 0.000732646 0.00057078 0.000469474 0.000415297 0.000398066 0.000412264 0.000455651 0.000525958 0.000614619 0.000696349 0.00071733 0.000599316 0.000315508 5.66369e-05 9.3631e-07 2.5653e-10 1.3157e-15 4.2916e-17 3.16549e-17 1.10227e-17 2.76077e-13 7.60223e-09 2.13825e-06 1.92994e-05 3.04051e-05 2.28318e-05 1.23347e-05 5.35459e-06 1.76927e-06 3.22064e-07 0 
0 5.69237e-05 0.000231445 0.000515519 0.000874708 0.00124212 0.00153149 0.00167602 0.00166622 0.00154834 0.00138773 0.00123541 0.00111847 0.00104613 0.00101831 0.00103078 0.00107596 0.00114035 0.00119988 0.00121542 0.00113315 0.000898871 0.000512765 0.000142722 8.90298e-06 4.7656e-08 2.61077e-11 2.63373e-14 3.64705e-15 2.76077e-13 4.04837e-10 1.87007e-07 5.70914e-06 2.06226e-05 2.37114e-05 1.6156e-05 8.48455e-06 3.65382e-06 1.20461e-06 2.19142e-07 0 
0 3.75621e-05 0.000153655 0.000346856 0.000604259 0.000898616 0.00118967 0.00143373 0.00159951 0.00168016 0.00169226 0.00166401 0.00162248 0.00158655 0.00156537 0.00155927 0.00156086 0.00155566 0.00152301 0.00143809 0.00127549 0.00101527 0.00066084 0.00028895 5.95789e-05 3.94936e-06 9.91056e-08 3.60052e-09 1.26379e-09 7.60223e-09 1.87007e-07 2.92591e-06 1.32535e-05 2.09785e-05 1.78934e-05 1.10674e-05 5.64368e-06 2.40953e-06 7.92417e-07 1.44055e-07 0 
0 2.37853e-05 9.75765e-05 0.000221625 0.000390778 0.000593647 0.0008128 0.00102705 0.00121607 0.00136575 0.00147127 0.00153641 0.00156973 0.00158025 0.00157418 0.00155356 0.00151628 0.00145721 0.0013699 0.00124835 0.00108816 0.000886964 0.000647247 0.00038934 0.00016976 4.80881e-05 9.853e-06 2.41244e-06 1.36073e-06 2.13825e-06 5.70914e-06 1.32535e-05 1.92824e-05 1.80488e-05 1.25487e-05 7.22954e-06 3.60288e-06 1.52733e-06 5.01217e-07 9.10599e-08 0 
0 1.43738e-05 5.90411e-05 0.000134456 0.000238293 0.000365269 0.00050731 0.000654302 0.00079549 0.00092127 0.00102472 0.00110226 0.00115322 0.00117876 0.00118056 0.00116012 0.00111842 0.00105628 0.000974778 0.000875657 0.000761272 0.000634229 0.000497501 0.000356705 0.000224859 0.000121944 5.99325e-05 3.13668e-05 2.11416e-05 1.92994e-05 2.06226e-05 2.09785e-05 1.80488e-05 1.29832e-05 8.07449e-06 4.46043e-06 2.19059e-06 9.24167e-07 3.02816e-07 5.49888e-08 0 
0 8.21486e-06 3.37607e-05 7.69667e-05 0.000136685 0.000210259 0.000293657 0.0003818 0.000469078 0.000550009 0.000619856 0.000675082 0.000713498 0.00073416 0.000737121 0.000723182 0.000693723 0.000650621 0.000596199 0.000533107 0.000464131 0.000391943 0.000319005 0.000247885 0.000182034 0.000126061 8.39802e-05 5.63728e-05 4.00374e-05 3.04051e-05 2.37114e-05 1.78934e-05 1.25487e-05 8.07449e-06 4.76921e-06 2.57937e-06 1.25672e-06 5.28697e-07 1.73071e-07 3.14185e-08 0 
0 4.37525e-06 1.79848e-05 4.10184e-05 7.29003e-05 0.000112288 0.000157147 0.000204914 0.000252721 0.000297667 0.000337098 0.000368832 0.000391314 0.000403674 0.000405711 0.000397831 0.000380956 0.000356419 0.000325848 0.000291031 0.00025377 0.00021575 0.000178465 0.00014322 0.000111225 8.36162e-05 6.12305e-05 4.42004e-05 3.18045e-05 2.28318e-05 1.6156e-05 1.10674e-05 7.22954e-06 4.46043e-06 2.57937e-06 1.38191e-06 6.70719e-07 2.81758e-07 9.21863e-08 1.67321e-08 0 
0 2.11784e-06 8.70623e-06 1.98596e-05 3.53055e-05 5.44059e-05 7.61957e-05 9.94567e-05 0.00012282 0.000144888 0.000164352 0.00018011 0.000191341 0.000197561 0.000198632 0.000194745 0.000186381 0.000174244 0.000159192 0.000142157 0.00012407 0.000105791 8.80662e-05 7.1508e-05 5.65904e-05 4.36493e-05 3.28589e-05 2.41994e-05 1.74642e-05 1.23347e-05 8.48455e-06 5.64368e-06 3.60288e-06 2.19059e-06 1.25672e-06 6.70719e-07 3.2499e-07 1.3643e-07 4.4626e-08 8.099e-09 0 
0 8.88658e-07 3.6533e-06 8.33391e-06 1.48171e-05 2.28368e-05 3.19907e-05 4.17708e-05 5.16053e-05 6.09079e-05 6.91275e-05 7.57942e-05 8.05554e-05 8.31985e-05 8.36602e-05 8.20204e-05 7.84848e-05 7.33579e-05 6.70095e-05 5.98406e-05 5.22492e-05 4.46025e-05 3.72156e-05 3.03391e-05 2.41546e-05 1.87745e-05 1.42441e-05 1.05468e-05 7.61619e-06 5.35459e-06 3.65382e-06 2.40953e-06 1.52733e-06 9.24167e-07 5.28697e-07 2.81758e-07 1.3643e-07 5.72564e-08 1.87262e-08 3.39838e-09 0 
0 2.90622e-07 1.19477e-06 2.72556e-06 4.846e-06 7.46928e-06 1.04641e-05 1.36646e-05 1.6884e-05 1.99308e-05 2.26243e-05 2.48102e-05 2.63722e-05 2.724e-05 2.73924e-05 2.68553e-05 2.56966e-05 2.40166e-05 2.19374e-05 1.95912e-05 1.71089e-05 1.46111e-05 1.22009e-05 9.95939e-06 7.94385e-06 6.18828e-06 4.7052e-06 3.48889e-06 2.51976e-06 1.76927e-06 1.20461e-06 7.92417e-07 5.01217e-07 3.02816e-07 1.73071e-07 9.21863e-08 4.4626e-08 1.87262e-08 6.12424e-09 1.11139e-09 0 
0 5.27397e-08 2.16817e-07 4.94617e-07 8.79432e-07 1.35552e-06 1.89906e-06 2.47998e-06 3.06441e-06 3.61755e-06 4.10665e-06 4.50364e-06 4.78739e-06 4.94507e-06 4.97279e-06 4.87529e-06 4.66488e-06 4.35984e-06 3.98238e-06 3.55653e-06 3.10612e-06 2.65304e-06 2.21598e-06 1.8096e-06 1.44417e-06 1.12574e-06 8.56453e-07 6.35299e-07 4.5884e-07 3.22064e-07 2.19142e-07 1.44055e-07 9.10599e-08 5.49888e-08 3.14185e-08 1.67321e-08 8.099e-09 3.39838e-09 1.11139e-09 2.01687e-10 0 
0 0 0 0 0 0 0 0 0 0 0 0 0 0 0 0 0 0 0 0 0 0 0 0 0 0 0 0 0 0 0 0 0 0 0 0 0 0 0 0 0 
