0 0 0 0 0 0 0 0 0 0 0 0 0 0 0 0 0 0 0 0 0 0 0 0 0 0 0 0 0 0 0 0 0 0 0 0 0 0 0 0 0 
0 1.32877e-05 5.22246e-05 0.000109743 0.000171195 0.00021986 0.000245697 0.000249023 0.000236931 0.000217747 0.000197809 0.000180839 0.000168564 0.000161545 0.000159792 0.000163085 0.000171068 0.000183172 0.000198432 0.000215289 0.000231462 0.000244046 0.000249921 0.000246477 0.000232464 0.000208603 0.000177584 0.000143334 0.000109849 8.01522e-05 5.58345e-05 3.71909e-05 2.36713e-05 1.43423e-05 8.20702e-06 4.37352e-06 2.1175e-06 8.88604e-07 2.90615e-07 5.27392e-08 0 
0 5.22246e-05 0.000192554 0.000357438 0.000455792 0.000443754 0.000356194 0.000252863 0.00016874 0.000111321 7.56399e-05 5.46807e-05 4.30757e-05 3.75389e-05 3.6406e-05 3.91848e-05 4.63231e-05 5.91622e-05 7.99581e-05 0.000111759 0.000157811 0.000220105 0.000296979 0.000380475 0.000455437 0.000502815 0.000507598 0.000467155 0.00039318 0.000305107 0.000220583 0.000149984 9.6471e-05 5.87432e-05 3.36888e-05 1.79694e-05 8.70334e-06 3.65284e-06 1.19471e-06 2.16814e-07 0 
0 0.000109743 0.000357438 0.000522198 0.00045996 0.000279811 0.000132968 5.48735e-05 2.14625e-05 8.57989e-06 3.74635e-06 1.88946e-06 1.14855e-06 8.64339e-07 8.13369e-07 9.51034e-07 1.35317e-06 2.26832e-06 4.3036e-06 8.84462e-06 1.88459e-05 3.99783e-05 8.15078e-05 0.00015511 0.000268944 0.000416169 0.000564494 0.000662511 0.000670555 0.000590842 0.000462237 0.000328517 0.000216125 0.000132999 7.66237e-05 4.09468e-05 1.98465e-05 8.33192e-06 2.72533e-06 4.94603e-07 0 
0 0.000171195 0.000455792 0.00045996 0.000240537 7.89834e-05 1.91083e-05 3.88182e-06 7.45858e-07 1.51905e-07 3.64419e-08 1.1272e-08 4.81674e-09 2.9693e-09 2.68229e-09 3.51085e-09 6.42837e-09 1.55979e-08 4.69062e-08 1.62479e-07 6.02592e-07 2.23678e-06 7.8455e-06 2.48573e-05 6.88763e-05 0.000163216 0.000325043 0.000534766 0.000716172 0.000778931 0.000701052 0.00054089 0.000371382 0.000233169 0.000135497 7.26578e-05 3.52624e-05 1.48107e-05 4.84528e-06 8.79388e-07 0 
0 0.00021986 0.000443754 0.000279811 7.89834e-05 1.25765e-05 1.35156e-06 1.15439e-07 9.25005e-09 8.20603e-10 9.41119e-11 1.59393e-11 4.41265e-12 2.12769e-12 1.82769e-12 2.74887e-12 6.86656e-12 2.62742e-11 1.39357e-10 9.18522e-10 6.74489e-09 4.98753e-08 3.40589e-07 2.00721e-06 9.73983e-06 3.78645e-05 0.000116441 0.00028113 0.000526835 0.000756448 0.000835086 0.000733298 0.000540362 0.000350967 0.000206958 0.000111623 5.42902e-05 2.282e-05 7.46742e-06 1.35541e-06 0 
0 0.000245697 0.000356194 0.000132968 1.91083e-05 1.35156e-06 5.76678e-08 1.83028e-09 5.40016e-11 1.85523e-12 9.16686e-14 7.80978e-15 1.31752e-15 4.79914e-16 3.89206e-16 6.85951e-16 2.44233e-15 1.57129e-14 1.59196e-13 2.18584e-12 3.5003e-11 5.68769e-10 8.32036e-09 9.97135e-08 9.16371e-07 6.21867e-06 3.07658e-05 0.000111355 0.000296431 0.000577242 0.000815478 0.000850933 0.00069398 0.000474231 0.00028596 0.00015561 7.59316e-05 3.19529e-05 1.046e-05 1.89882e-06 0 
0 0.000249023 0.000252863 5.48735e-05 3.88182e-06 1.15439e-07 1.83028e-09 2.01185e-11 2.03776e-13 2.53772e-15 5.09406e-17 2.09245e-18 2.22643e-19 7.11646e-20 5.72357e-20 1.03417e-19 4.74821e-19 5.18486e-18 1.0485e-16 3.15612e-15 1.16348e-13 4.38948e-12 1.4519e-10 3.72487e-09 6.79612e-08 8.38335e-07 6.8729e-06 3.78058e-05 0.000142693 0.000375141 0.00068497 0.000870761 0.000806134 0.000589267 0.000366359 0.000201827 9.8931e-05 4.16964e-05 1.36566e-05 2.47951e-06 0 
0 0.000236931 0.00016874 2.14625e-05 7.45858e-07 9.25005e-09 5.40016e-11 2.03776e-13 7.02598e-16 3.14941e-18 2.89748e-20 1.86077e-21 5.60878e-22 3.13115e-22 2.75353e-22 3.60869e-22 7.52761e-22 3.13676e-21 6.52199e-20 4.13049e-18 3.52678e-16 3.10941e-14 2.34084e-12 1.29441e-10 4.72256e-09 1.0667e-07 1.45776e-06 1.21943e-05 6.46365e-05 0.000225204 0.000523809 0.000812639 0.000865034 0.000684631 0.000441954 0.000247256 0.000121893 5.14754e-05 1.68703e-05 3.06362e-06 0 
0 0.000217747 0.000111321 8.57989e-06 1.51905e-07 8.20603e-10 1.85523e-12 2.53772e-15 3.14941e-18 6.47872e-21 1.22186e-22 2.16982e-23 1.35616e-23 1.08873e-23 1.01519e-23 1.0858e-23 1.32674e-23 2.46679e-23 1.73722e-22 8.02386e-21 1.39716e-18 2.75494e-16 4.52631e-14 5.18857e-12 3.65691e-10 1.46892e-08 3.26747e-07 4.07363e-06 2.96999e-05 0.00013366 0.000385421 0.000717596 0.000876462 0.000754409 0.00050767 0.000289031 0.000143422 6.07037e-05 1.99094e-05 3.61633e-06 0 
0 0.000197809 7.56399e-05 3.74635e-06 3.64419e-08 9.41119e-11 9.16686e-14 5.09406e-17 2.89748e-20 1.22186e-22 4.4191e-24 1.14909e-24 9.59117e-25 9.32189e-25 9.00782e-25 8.58591e-25 7.98465e-25 9.54762e-25 3.18693e-24 6.84041e-23 1.06405e-20 4.08347e-18 1.34106e-15 2.93594e-13 3.71301e-11 2.48795e-09 8.53944e-08 1.5194e-06 1.46988e-05 8.26339e-05 0.000285686 0.000620807 0.000857182 0.00079901 0.000560372 0.000324784 0.000162257 6.88364e-05 2.25939e-05 4.10493e-06 0 
0 0.000180839 5.46807e-05 1.88946e-06 1.1272e-08 1.59393e-11 7.80978e-15 2.09245e-18 1.86077e-21 2.16982e-23 1.14909e-24 1.92247e-25 1.21302e-25 1.21472e-25 1.1884e-25 1.06332e-25 8.69418e-26 8.92225e-26 2.75473e-25 4.18771e-24 3.0874e-22 1.3108e-19 7.51373e-17 2.78932e-14 5.6849e-12 5.78551e-10 2.83114e-08 6.74068e-07 8.21897e-06 5.53239e-05 0.000220765 0.000541429 0.000825441 0.000823339 0.000598977 0.000352843 0.000177378 7.54152e-05 2.47707e-05 4.50142e-06 0 
0 0.000168564 4.30757e-05 1.14855e-06 4.81674e-09 4.41265e-12 1.31752e-15 2.22643e-19 5.60878e-22 1.35616e-23 9.5912e-25 1.21302e-25 3.13782e-26 2.0926e-26 1.89932e-26 1.62569e-26 1.31035e-26 1.74343e-26 8.39794e-26 1.12587e-24 4.77099e-23 1.15704e-20 9.3479e-18 5.07851e-15 1.46022e-12 2.009e-10 1.27001e-08 3.73236e-07 5.37975e-06 4.12207e-05 0.000182068 0.000485967 0.000795089 0.000833869 0.000623929 0.000372262 0.000188073 8.01017e-05 2.63251e-05 4.78474e-06 0 
0 0.000161545 3.75389e-05 8.64339e-07 2.9693e-09 2.12769e-12 4.79914e-16 7.11646e-20 3.13116e-22 1.08873e-23 9.32191e-25 1.21473e-25 2.09261e-26 6.14933e-27 3.68821e-27 2.91271e-27 2.94944e-27 8.05775e-27 5.40804e-26 6.55248e-25 2.02375e-23 3.18806e-21 2.85525e-18 1.92439e-15 6.72547e-13 1.09789e-10 8.02607e-09 2.65831e-07 4.21366e-06 3.47441e-05 0.000162467 0.000454644 0.000774237 0.000836212 0.00063639 0.000382701 0.000193951 8.26971e-05 2.7188e-05 4.94215e-06 0 
0 0.000159792 3.6406e-05 8.13369e-07 2.68229e-09 1.82769e-12 3.89206e-16 5.72357e-20 2.75353e-22 1.01519e-23 9.00785e-25 1.1884e-25 1.89932e-26 3.68822e-27 1.13899e-27 7.49425e-28 1.37583e-27 6.56525e-27 4.84792e-26 5.76551e-25 1.68342e-23 2.45309e-21 2.21681e-18 1.5623e-15 5.68622e-13 9.61936e-11 7.24892e-09 2.4616e-07 3.97982e-06 3.33183e-05 0.000157657 0.000445721 0.000766218 0.000833803 0.00063753 0.000384272 0.000194935 8.3146e-05 2.7339e-05 4.96979e-06 0 
0 0.000163085 3.91848e-05 9.51034e-07 3.51085e-09 2.74887e-12 6.85951e-16 1.03417e-19 3.60869e-22 1.0858e-23 8.58593e-25 1.06332e-25 1.62569e-26 2.91271e-27 7.49425e-28 5.15299e-28 1.31829e-27 7.01731e-27 5.46225e-26 7.19675e-25 2.55171e-23 4.8305e-21 4.25122e-18 2.65492e-15 8.6622e-13 1.33169e-10 9.25223e-09 2.93859e-07 4.50429e-06 3.61851e-05 0.00016588 0.000457339 0.000770787 0.000827521 0.000628116 0.000377392 0.000191219 8.15292e-05 2.68042e-05 4.87241e-06 0 
0 0.000171068 4.63231e-05 1.35317e-06 6.42837e-09 6.86656e-12 2.44233e-15 4.74821e-19 7.52762e-22 1.32674e-23 7.98467e-25 8.69421e-26 1.31036e-26 2.94944e-27 1.37582e-27 1.31829e-27 2.4977e-27 1.0535e-26 8.48636e-26 1.40496e-24 7.77449e-23 2.53872e-20 1.85108e-17 8.80787e-15 2.2478e-12 2.78674e-10 1.61274e-08 4.40677e-07 5.99232e-06 4.38821e-05 0.000187293 0.000487555 0.000784675 0.000815886 0.000608457 0.000362718 0.000183235 7.80459e-05 2.56508e-05 4.66229e-06 0 
0 0.000183172 5.91622e-05 2.26832e-06 1.55979e-08 2.62742e-11 1.57129e-14 5.18486e-18 3.13676e-21 2.46679e-23 9.54764e-25 8.92226e-26 1.74343e-26 8.05773e-27 6.56523e-27 7.01729e-27 1.0535e-26 3.18579e-26 2.57438e-25 6.44915e-24 6.97195e-22 3.28149e-19 1.6071e-16 5.12619e-14 9.11425e-12 8.23211e-10 3.63998e-08 7.97041e-07 9.08765e-06 5.80726e-05 0.000223003 0.000533007 0.000801423 0.000795577 0.000578609 0.000341128 0.000171607 7.2989e-05 2.39779e-05 4.35765e-06 0 
0 0.000198432 7.99581e-05 4.3036e-06 4.69062e-08 1.39357e-10 1.59196e-13 1.0485e-16 6.52199e-20 1.73722e-22 3.18693e-24 2.75473e-25 8.39792e-26 5.40802e-26 4.84791e-26 5.46224e-26 8.48634e-26 2.57438e-25 2.48237e-24 1.12513e-22 2.38516e-20 8.23371e-18 2.36866e-15 4.58364e-13 5.18459e-11 3.14891e-09 9.93546e-08 1.64815e-06 1.50714e-05 8.11924e-05 0.000272954 0.0005861 0.000810885 0.00076223 0.000538731 0.000313727 0.0001571 6.67155e-05 2.19064e-05 3.98061e-06 0 
0 0.000215289 0.000111759 8.84462e-06 1.62479e-07 9.18522e-10 2.18584e-12 3.15612e-15 4.13049e-18 8.02386e-21 6.84041e-23 4.18771e-24 1.12587e-24 6.55247e-25 5.7655e-25 7.19674e-25 1.40496e-24 6.44914e-24 1.12513e-22 9.63358e-21 1.68964e-18 3.1727e-16 4.96805e-14 5.43735e-12 3.66608e-10 1.41198e-08 3.02115e-07 3.64051e-06 2.58407e-05 0.000114506 0.000330885 0.000630678 0.000799089 0.000711445 0.000489427 0.000281842 0.000140565 5.96153e-05 1.95672e-05 3.55515e-06 0 
0 0.000231462 0.000157811 1.88459e-05 6.02592e-07 6.74489e-09 3.5003e-11 1.16348e-13 3.52678e-16 1.39716e-18 1.06405e-20 3.0874e-22 4.77099e-23 2.02375e-23 1.68342e-23 2.5517e-23 7.77449e-23 6.97195e-22 2.38516e-20 1.68964e-18 1.57642e-16 1.51811e-14 1.24056e-12 7.35714e-11 2.83104e-09 6.61986e-08 9.21874e-07 7.79743e-06 4.19546e-05 0.000151027 0.000374227 0.000637493 0.000749335 0.000639856 0.000431931 0.000246959 0.00012288 5.20791e-05 1.70906e-05 3.10506e-06 0 
0 0.000244046 0.000220105 3.99783e-05 2.23678e-06 4.98753e-08 5.68769e-10 4.38948e-12 3.10941e-14 2.75494e-16 4.08347e-18 1.3108e-19 1.15704e-20 3.18806e-21 2.45309e-21 4.8305e-21 2.53872e-20 3.28149e-19 8.23371e-18 3.1727e-16 1.51811e-14 7.41389e-13 3.11265e-11 9.7701e-10 2.07068e-08 2.79832e-07 2.39662e-06 1.35644e-05 5.41619e-05 0.000160275 0.000353583 0.000565555 0.000645725 0.000546075 0.000368108 0.000210628 0.000104884 4.44716e-05 1.4597e-05 2.65221e-06 0 
0 0.000249921 0.000296979 8.15078e-05 7.8455e-06 3.40589e-07 8.32036e-09 1.4519e-10 2.34084e-12 4.52631e-14 1.34106e-15 7.51373e-17 9.3479e-18 2.85525e-18 2.21681e-18 4.25122e-18 1.85108e-17 1.6071e-16 2.36866e-15 4.96805e-14 1.24056e-12 3.11265e-11 6.72658e-10 1.09412e-08 1.20191e-07 8.39403e-07 3.81653e-06 1.27564e-05 3.65924e-05 9.66698e-05 0.000221046 0.000387388 0.00048194 0.000431874 0.000300392 0.000174364 8.73314e-05 3.71088e-05 1.21894e-05 2.2153e-06 0 
0 0.000246477 0.000380475 0.00015511 2.48573e-05 2.00721e-06 9.97135e-08 3.72487e-09 1.29441e-10 5.18857e-12 2.93594e-13 2.78932e-14 5.07851e-15 1.92439e-15 1.5623e-15 2.65492e-15 8.80787e-15 5.12619e-14 4.58364e-13 5.43735e-12 7.35714e-11 9.7701e-10 1.09412e-08 8.79539e-08 4.29815e-07 1.14222e-06 1.79512e-06 2.43561e-06 4.62459e-06 1.44477e-05 5.44927e-05 0.000158523 0.000280416 0.000304992 0.000232005 0.000139625 7.08611e-05 3.02455e-05 9.94931e-06 1.80901e-06 0 
0 0.000232464 0.000455437 0.000268944 6.88763e-05 9.73983e-06 9.16371e-07 6.79612e-08 4.72256e-09 3.65691e-10 3.71301e-11 5.6849e-12 1.46022e-12 6.72547e-13 5.68622e-13 8.6622e-13 2.2478e-12 9.11425e-12 5.18459e-11 3.66608e-10 2.83104e-09 2.07068e-08 1.20191e-07 4.29815e-07 6.66769e-07 3.29314e-07 6.15994e-08 1.27619e-08 1.27103e-08 9.64207e-08 1.92015e-06 2.4572e-05 0.000108179 0.000183372 0.000167557 0.000107848 5.5986e-05 2.40686e-05 7.93474e-06 1.44365e-06 0 
0 0.000208603 0.000502815 0.000416169 0.000163216 3.78645e-05 6.21867e-06 8.38335e-07 1.0667e-07 1.46892e-08 2.48795e-09 5.78551e-10 2.009e-10 1.09789e-10 9.61936e-11 1.33169e-10 2.78674e-10 8.23211e-10 3.14891e-09 1.41198e-08 6.61986e-08 2.79832e-07 8.39403e-07 1.14222e-06 3.29314e-07 8.89634e-09 2.87302e-11 1.38344e-13 4.17032e-14 3.24003e-12 2.82809e-09 8.78457e-07 2.40428e-05 9.13981e-05 0.000112945 8.04231e-05 4.30828e-05 1.86955e-05 6.1801e-06 1.12528e-06 0 
0 0.000177584 0.000507598 0.000564494 0.000325043 0.000116441 3.07658e-05 6.8729e-06 1.45776e-06 3.26747e-07 8.53944e-08 2.83114e-08 1.27001e-08 8.02607e-09 7.24892e-09 9.25223e-09 1.61274e-08 3.63998e-08 9.93546e-08 3.02115e-07 9.21874e-07 2.39662e-06 3.81653e-06 1.79512e-06 6.15994e-08 2.87302e-11 2.97669e-16 2.63682e-15 1.96484e-15 1.26115e-15 2.22412e-13 8.89913e-09 3.51599e-06 4.03322e-05 7.29061e-05 5.83793e-05 3.23564e-05 1.41754e-05 4.69822e-06 8.56068e-07 0 
0 0.000143334 0.000467155 0.000662511 0.000534766 0.00028113 0.000111355 3.78058e-05 1.21943e-05 4.07363e-06 1.5194e-06 6.74068e-07 3.73236e-07 2.65831e-07 2.4616e-07 2.93859e-07 4.40677e-07 7.97041e-07 1.64815e-06 3.64051e-06 7.79743e-06 1.35644e-05 1.27564e-05 2.43561e-06 1.27619e-08 1.38344e-13 2.63682e-15 3.80774e-16 2.30114e-16 9.74953e-17 5.87327e-16 1.41424e-10 6.41681e-07 1.93411e-05 4.78104e-05 4.18964e-05 2.37956e-05 1.04925e-05 3.48344e-06 6.35002e-07 0 
0 0.000109849 0.00039318 0.000670555 0.000716172 0.000526835 0.000296431 0.000142693 6.46365e-05 2.96999e-05 1.46988e-05 8.21897e-06 5.37975e-06 4.21366e-06 3.97982e-06 4.50429e-06 5.99232e-06 9.08765e-06 1.50714e-05 2.58407e-05 4.19546e-05 5.41619e-05 3.65924e-05 4.62459e-06 1.27103e-08 4.17032e-14 1.96484e-15 2.30114e-16 1.19034e-16 4.8583e-16 1.50134e-14 4.05842e-11 3.39859e-07 1.28571e-05 3.39069e-05 3.01586e-05 1.71783e-05 7.57801e-06 2.51596e-06 4.58634e-07 0 
0 8.01522e-05 0.000305107 0.000590842 0.000778931 0.000756448 0.000577242 0.000375141 0.000225204 0.00013366 8.26339e-05 5.53239e-05 4.12207e-05 3.47441e-05 3.33183e-05 3.61851e-05 4.38821e-05 5.80726e-05 8.11924e-05 0.000114506 0.000151027 0.000160275 9.66698e-05 1.44477e-05 9.64207e-08 3.24003e-12 1.26115e-15 9.74954e-17 4.8583e-16 1.01361e-16 8.47235e-16 4.4866e-10 6.6944e-07 1.26568e-05 2.6374e-05 2.181e-05 1.21595e-05 5.33116e-06 1.76693e-06 3.21937e-07 0 
0 5.58345e-05 0.000220583 0.000462237 0.000701052 0.000835086 0.000815478 0.00068497 0.000523809 0.000385421 0.000285686 0.000220765 0.000182068 0.000162467 0.000157657 0.00016588 0.000187293 0.000223003 0.000272954 0.000330885 0.000374227 0.000353583 0.000221046 5.44927e-05 1.92015e-06 2.82809e-09 2.22412e-13 5.87328e-16 1.50134e-14 8.47235e-16 1.0795e-11 2.97029e-08 2.60599e-06 1.53395e-05 2.13883e-05 1.56141e-05 8.39244e-06 3.64138e-06 1.20334e-06 2.19072e-07 0 
0 3.71909e-05 0.000149984 0.000328517 0.00054089 0.000733298 0.000850933 0.000870761 0.000812639 0.000717596 0.000620807 0.000541429 0.000485967 0.000454644 0.000445721 0.000457339 0.000487555 0.000533007 0.0005861 0.000630678 0.000637493 0.000565555 0.000387388 0.000158523 2.4572e-05 8.78457e-07 8.89913e-09 1.41424e-10 4.05842e-11 4.4866e-10 2.97029e-08 1.10365e-06 8.54707e-06 1.76122e-05 1.67828e-05 1.08249e-05 5.60233e-06 2.40382e-06 7.91823e-07 1.44021e-07 0 
0 2.36713e-05 9.6471e-05 0.000216125 0.000371382 0.000540362 0.00069398 0.000806134 0.000865034 0.000876462 0.000857182 0.000825441 0.000795089 0.000774237 0.000766218 0.000770787 0.000784675 0.000801423 0.000810885 0.000799089 0.000749335 0.000645725 0.00048194 0.000280416 0.000108179 2.40428e-05 3.51599e-06 6.41681e-07 3.39859e-07 6.6944e-07 2.60599e-06 8.54707e-06 1.56265e-05 1.65052e-05 1.21196e-05 7.13834e-06 3.587e-06 1.52507e-06 5.00974e-07 9.10458e-08 0 
0 1.43423e-05 5.87432e-05 0.000132999 0.000233169 0.000350967 0.000474231 0.000589267 0.000684631 0.000754409 0.00079901 0.000823339 0.000833869 0.000836212 0.000833803 0.000827521 0.000815886 0.000795577 0.00076223 0.000711445 0.000639856 0.000546075 0.000431874 0.000304992 0.000183372 9.13981e-05 4.03322e-05 1.93411e-05 1.28571e-05 1.26568e-05 1.53395e-05 1.76122e-05 1.65052e-05 1.2466e-05 7.93938e-06 4.43139e-06 2.18535e-06 9.23388e-07 3.02729e-07 5.49836e-08 0 
0 8.20702e-06 3.36888e-05 7.66237e-05 0.000135497 0.000206958 0.00028596 0.000366359 0.000441954 0.00050767 0.000560372 0.000598977 0.000623929 0.00063639 0.00063753 0.000628116 0.000608457 0.000578609 0.000538731 0.000489427 0.000431931 0.000368108 0.000300392 0.000232005 0.000167557 0.000112945 7.29061e-05 4.78104e-05 3.39069e-05 2.6374e-05 2.13883e-05 1.67828e-05 1.21196e-05 7.93938e-06 4.73375e-06 2.57147e-06 1.25523e-06 5.28465e-07 1.73043e-07 3.14168e-08 0 
0 4.37352e-06 1.79694e-05 4.09468e-05 7.26578e-05 0.000111623 0.00015561 0.000201827 0.000247256 0.000289031 0.000324784 0.000352843 0.000372262 0.000382701 0.000384272 0.000377392 0.000362718 0.000341128 0.000313727 0.000281842 0.000246959 0.000210628 0.000174364 0.000139625 0.000107848 8.04231e-05 5.83793e-05 4.18964e-05 3.01586e-05 2.181e-05 1.56141e-05 1.08249e-05 7.13834e-06 4.43139e-06 2.57147e-06 1.38007e-06 6.70353e-07 2.81698e-07 9.2179e-08 1.67316e-08 0 
0 2.1175e-06 8.70334e-06 1.98465e-05 3.52624e-05 5.42902e-05 7.59316e-05 9.8931e-05 0.000121893 0.000143422 0.000162257 0.000177378 0.000188073 0.000193951 0.000194935 0.000191219 0.000183235 0.000171607 0.0001571 0.000140565 0.00012288 0.000104884 8.73314e-05 7.08611e-05 5.5986e-05 4.30828e-05 3.23564e-05 2.37956e-05 1.71783e-05 1.21595e-05 8.39244e-06 5.60233e-06 3.587e-06 2.18535e-06 1.25523e-06 6.70353e-07 3.24914e-07 1.36417e-07 4.46243e-08 8.09889e-09 0 
0 8.88604e-07 3.65284e-06 8.33192e-06 1.48107e-05 2.282e-05 3.19529e-05 4.16964e-05 5.14754e-05 6.07037e-05 6.88364e-05 7.54152e-05 8.01017e-05 8.26971e-05 8.3146e-05 8.15292e-05 7.80459e-05 7.2989e-05 6.67155e-05 5.96153e-05 5.20791e-05 4.44716e-05 3.71088e-05 3.02455e-05 2.40686e-05 1.86955e-05 1.41754e-05 1.04925e-05 7.57801e-06 5.33116e-06 3.64138e-06 2.40382e-06 1.52507e-06 9.23388e-07 5.28465e-07 2.81698e-07 1.36417e-07 5.7254e-08 1.87259e-08 3.39836e-09 0 
0 2.90615e-07 1.19471e-06 2.72533e-06 4.84528e-06 7.46742e-06 1.046e-05 1.36566e-05 1.68703e-05 1.99094e-05 2.25939e-05 2.47707e-05 2.63251e-05 2.7188e-05 2.7339e-05 2.68042e-05 2.56508e-05 2.39779e-05 2.19064e-05 1.95672e-05 1.70906e-05 1.4597e-05 1.21894e-05 9.94931e-06 7.93474e-06 6.1801e-06 4.69822e-06 3.48344e-06 2.51596e-06 1.76693e-06 1.20334e-06 7.91823e-07 5.00974e-07 3.02729e-07 1.73043e-07 9.2179e-08 4.46243e-08 1.87259e-08 6.1242e-09 1.11139e-09 0 
0 5.27392e-08 2.16814e-07 4.94603e-07 8.79388e-07 1.35541e-06 1.89882e-06 2.47951e-06 3.06362e-06 3.61633e-06 4.10493e-06 4.50142e-06 4.78474e-06 4.94215e-06 4.96979e-06 4.87241e-06 4.66229e-06 4.35765e-06 3.98061e-06 3.55515e-06 3.10506e-06 2.65221e-06 2.2153e-06 1.80901e-06 1.44365e-06 1.12528e-06 8.56068e-07 6.35002e-07 4.58634e-07 3.21937e-07 2.19072e-07 1.44021e-07 9.10458e-08 5.49836e-08 3.14168e-08 1.67316e-08 8.09889e-09 3.39836e-09 1.11139e-09 2.01686e-10 0 
0 0 0 0 0 0 0 0 0 0 0 0 0 0 0 0 0 0 0 0 0 0 0 0 0 0 0 0 0 0 0 0 0 0 0 0 0 0 0 0 0 
