0 0 0 0 0 0 0 0 0 0 0 0 0 0 0 0 0 0 0 0 0 0 0 0 0 0 0 0 0 0 0 0 0 0 0 0 0 0 0 0 0 
0 1.3377e-05 5.29912e-05 0.000112875 0.000179581 0.000236294 0.00027103 0.000281719 0.000274221 0.000257005 0.000237254 0.000219597 0.000206444 0.000198768 0.000196771 0.00020026 0.000208774 0.000221519 0.000237206 0.000253863 0.000268785 0.00027873 0.00028047 0.000271634 0.000251572 0.00022182 0.000185819 0.000147921 0.000112123 8.11543e-05 5.62281e-05 3.73291e-05 2.37148e-05 1.43545e-05 8.21011e-06 4.37421e-06 2.11764e-06 8.88626e-07 2.90618e-07 5.27394e-08 0 
0 5.29912e-05 0.000199105 0.000382151 0.000511188 0.000526394 0.000446953 0.00033396 0.000233034 0.000159708 0.000111998 8.29869e-05 6.65131e-05 5.85154e-05 5.68407e-05 6.08182e-05 7.09873e-05 8.89941e-05 0.000117506 0.000159873 0.000219128 0.000295984 0.000385957 0.000476929 0.000549751 0.000584117 0.00056823 0.000505802 0.000414159 0.000314847 0.000224489 0.000151353 9.68948e-05 5.88599e-05 3.37174e-05 1.79756e-05 8.70452e-06 3.65303e-06 1.19473e-06 2.16815e-07 0 
0 0.000112875 0.000382151 0.000597073 0.000574559 0.000383378 0.000198471 8.85405e-05 3.72016e-05 1.58713e-05 7.33318e-06 3.87089e-06 2.43062e-06 1.86238e-06 1.75806e-06 2.03279e-06 2.82366e-06 4.5715e-06 8.30833e-06 1.62667e-05 3.29217e-05 6.62682e-05 0.000128208 0.000231478 0.000380208 0.000555628 0.00070962 0.000784268 0.000751713 0.000634017 0.000480939 0.000335293 0.000218231 0.000133571 7.67608e-05 4.09757e-05 1.98519e-05 8.33274e-06 2.72542e-06 4.94609e-07 0 
0 0.000179581 0.000511188 0.000574559 0.000340717 0.000126491 3.44436e-05 7.86345e-06 1.69322e-06 3.8365e-07 1.01092e-07 3.37379e-08 1.52205e-08 9.66994e-09 8.78212e-09 1.12839e-08 1.98501e-08 4.54483e-08 1.27204e-07 4.06384e-07 1.38386e-06 4.71543e-06 1.52307e-05 4.46647e-05 0.000115105 0.000254182 0.000470453 0.000715382 0.000883569 0.000892754 0.000758815 0.000563702 0.00037873 0.000235175 0.000135972 7.27562e-05 3.528e-05 1.48133e-05 4.84558e-06 8.79407e-07 0 
0 0.000236294 0.000526394 0.000383378 0.000126491 2.3597e-05 2.99093e-06 3.02973e-07 2.87559e-08 2.9911e-09 3.94631e-10 7.48645e-11 2.24739e-11 1.13358e-11 9.81628e-12 1.43624e-11 3.3798e-11 1.18594e-10 5.65024e-10 3.29925e-09 2.13124e-08 1.38548e-07 8.35912e-07 4.39314e-06 1.92345e-05 6.82276e-05 0.000192688 0.000426568 0.00072743 0.000947209 0.000958713 0.000790051 0.0005601 0.000356513 0.000208274 0.000111893 5.43376e-05 2.28269e-05 7.46819e-06 1.35545e-06 0 
0 0.00027103 0.000446953 0.000198471 3.44436e-05 2.99093e-06 1.59504e-07 6.39478e-09 2.38061e-10 1.01757e-11 6.09401e-13 6.06693e-14 1.14408e-14 4.43428e-15 3.63643e-15 6.17005e-15 2.02351e-14 1.15564e-13 1.01033e-12 1.1744e-11 1.57629e-10 2.14385e-09 2.64126e-08 2.69911e-07 2.15122e-06 1.29036e-05 5.74052e-05 0.000188668 0.000455067 0.000795182 0.00100679 0.00095927 0.000736457 0.000486845 0.000289006 0.000156231 7.60397e-05 3.19685e-05 1.04617e-05 1.89892e-06 0 
0 0.000281719 0.00033396 8.85405e-05 7.86345e-06 3.02973e-07 6.39478e-09 9.49472e-11 1.29715e-12 2.14001e-14 5.50374e-16 2.7484e-17 3.15861e-18 9.31137e-19 7.22539e-19 1.42484e-18 6.62899e-18 6.37011e-17 1.06618e-15 2.58876e-14 7.60052e-13 2.27901e-11 6.03557e-10 1.25876e-08 1.90699e-07 2.00269e-06 1.43417e-05 7.03898e-05 0.000239315 0.000563411 0.000911883 0.0010351 0.000881422 0.000613492 0.000372399 0.000203068 9.91455e-05 4.17271e-05 1.36599e-05 2.47971e-06 0 
0 0.000274221 0.000233034 3.72016e-05 1.69322e-06 2.87559e-08 2.38061e-10 1.29715e-12 6.4477e-15 4.07327e-17 4.49744e-19 1.3218e-20 1.83656e-21 8.16858e-22 6.9219e-22 1.02195e-21 3.16887e-21 3.34749e-20 1.01292e-18 5.15731e-17 3.33331e-15 2.21833e-13 1.27169e-11 5.45196e-10 1.58138e-08 2.92611e-07 3.38289e-06 2.4674e-05 0.000116478 0.000362862 0.000746282 0.0010197 0.000978057 0.000724757 0.000452413 0.000249436 0.00012227 5.15287e-05 1.6876e-05 3.06394e-06 0 
0 0.000257005 0.000159708 1.58713e-05 3.8365e-07 2.9911e-09 1.01757e-11 2.14001e-14 4.07327e-17 1.04819e-19 7.56978e-22 4.56412e-23 1.21802e-23 7.56955e-24 6.83302e-24 8.1548e-24 1.60708e-23 7.87085e-23 1.58675e-21 1.37188e-19 1.8654e-17 2.64634e-15 3.15865e-13 2.68574e-11 1.44507e-09 4.58603e-08 8.36601e-07 8.87529e-06 5.67663e-05 0.000227419 0.000580218 0.00094562 0.00102472 0.000812933 0.000523736 0.000292446 0.000144015 6.07872e-05 1.99182e-05 3.61684e-06 0 
0 0.000237254 0.000111998 7.33318e-06 1.01092e-07 3.94631e-10 6.09401e-13 5.50374e-16 4.49744e-19 7.56978e-22 8.83971e-24 8.23548e-25 3.4143e-25 2.6286e-25 2.46302e-25 2.58159e-25 3.63636e-25 1.0041e-24 1.14891e-23 7.9374e-22 1.83725e-19 5.08921e-17 1.16504e-14 1.82001e-12 1.69605e-10 8.69948e-09 2.38254e-07 3.52723e-06 2.947e-05 0.000146499 0.000448326 0.000851496 0.00103272 0.000875746 0.000582583 0.00032961 0.000163099 6.8955e-05 2.26064e-05 4.10564e-06 0 
0 0.000219597 8.29869e-05 3.87089e-06 3.37379e-08 7.48645e-11 6.06693e-14 2.7484e-17 1.3218e-20 4.56413e-23 8.23551e-25 5.99448e-26 2.18541e-26 1.80444e-26 1.71904e-26 1.66811e-26 1.9278e-26 4.3282e-26 4.42119e-25 2.12022e-23 4.39878e-21 1.99789e-18 7.78209e-16 1.99798e-13 2.91656e-11 2.21532e-09 8.46149e-08 1.64571e-06 1.70949e-05 0.000101032 0.000356712 0.000765005 0.00101872 0.000915575 0.00062698 0.000359058 0.00017847 7.5569e-05 2.47869e-05 4.50233e-06 0 
0 0.000206444 6.65131e-05 2.43062e-06 1.52205e-08 2.24739e-11 1.14408e-14 3.15861e-18 1.83656e-21 1.21802e-23 3.41431e-25 2.18543e-26 3.36437e-27 1.84198e-27 1.65784e-27 1.54334e-27 1.80441e-27 6.10494e-27 7.97301e-26 2.87059e-24 3.65579e-22 1.92336e-19 1.09548e-16 4.02574e-14 8.12583e-12 8.19657e-10 3.98209e-08 9.43575e-07 1.14708e-05 7.6727e-05 0.000299617 0.000700076 0.000997888 0.000937221 0.000656498 0.000379616 0.000189373 8.02852e-05 2.63443e-05 4.78582e-06 0 
0 0.000198768 5.85154e-05 1.86238e-06 9.66994e-09 1.13358e-11 4.43428e-15 9.31137e-19 8.16859e-22 7.56957e-24 2.62862e-25 1.80446e-26 1.84199e-27 3.60289e-28 2.02028e-28 1.88637e-28 3.85826e-28 2.7325e-27 3.87862e-26 1.14364e-24 1.08147e-22 5.09593e-20 3.5731e-17 1.60972e-14 3.90629e-12 4.63021e-10 2.57955e-08 6.83993e-07 9.0938e-06 6.52468e-05 0.000269641 0.000661296 0.000980529 0.00094556 0.000671657 0.000390755 0.000195382 8.28992e-05 2.72092e-05 4.94334e-06 0 
0 0.000196771 5.68407e-05 1.75806e-06 8.78212e-09 9.81628e-12 3.63643e-15 7.22539e-19 6.92191e-22 6.83304e-24 2.46303e-25 1.71905e-26 1.65785e-27 2.02029e-28 4.65576e-29 4.90256e-29 2.42927e-28 2.29622e-27 3.30035e-26 9.39389e-25 8.42318e-23 3.81915e-20 2.79274e-17 1.31325e-14 3.31343e-12 4.06439e-10 2.33133e-08 6.33178e-07 8.58034e-06 6.2493e-05 0.000261494 0.000648664 0.000971627 0.000943932 0.000673316 0.000392479 0.000196396 8.33527e-05 2.73606e-05 4.97101e-06 0 
0 0.00020026 6.08182e-05 2.03279e-06 1.12839e-08 1.43624e-11 6.17005e-15 1.42484e-18 1.02195e-21 8.15483e-24 2.5816e-25 1.66812e-26 1.54335e-27 1.88638e-28 4.90255e-29 6.14716e-29 2.99899e-28 2.84482e-27 4.40727e-26 1.43859e-24 1.54195e-22 7.80122e-20 5.09562e-17 2.13944e-14 4.87401e-12 5.4685e-10 2.90847e-08 7.42414e-07 9.5761e-06 6.71194e-05 0.000272561 0.000660199 0.000971477 0.000933474 0.000662276 0.000385205 0.00019261 8.17262e-05 2.68249e-05 4.87358e-06 0 
0 0.000208774 7.09873e-05 2.82366e-06 1.98501e-08 3.3798e-11 2.02351e-14 6.62899e-18 3.16887e-21 1.60708e-23 3.63637e-25 1.92781e-26 1.80442e-27 3.85824e-28 2.42925e-28 2.99897e-28 8.1216e-28 6.08044e-27 1.0567e-25 4.71778e-24 7.6141e-22 4.00695e-19 2.00482e-16 6.51965e-14 1.17942e-11 1.0816e-09 4.84853e-08 1.07554e-06 1.24071e-05 7.97147e-05 0.000302221 0.000692336 0.000976282 0.000913192 0.00063918 0.000369685 0.000184473 7.82214e-05 2.56692e-05 4.66334e-06 0 
0 0.000221519 8.89941e-05 4.5715e-06 4.54483e-08 1.18594e-10 1.15564e-13 6.37011e-17 3.34749e-20 7.87086e-23 1.00411e-24 4.32821e-26 6.10493e-27 2.73248e-27 2.2962e-27 2.8448e-27 6.08042e-27 3.4642e-26 6.68098e-25 4.50723e-23 1.11984e-20 4.49544e-18 1.50567e-15 3.36095e-13 4.32784e-11 2.94741e-09 1.02657e-07 1.85109e-06 1.81094e-05 0.000102302 0.000350214 0.000738514 0.000978453 0.000880553 0.000604648 0.00034696 0.000172641 7.31356e-05 2.39934e-05 4.35853e-06 0 
0 0.000237206 0.000117506 8.30833e-06 1.27204e-07 5.65024e-10 1.01033e-12 1.06618e-15 1.01292e-18 1.58675e-21 1.14891e-23 4.42119e-25 7.97298e-26 3.8786e-26 3.30033e-26 4.40725e-26 1.0567e-25 6.68097e-25 1.66219e-23 1.69756e-21 3.75645e-19 9.16918e-17 1.85592e-14 2.58655e-12 2.17489e-10 1.01944e-08 2.58566e-07 3.59336e-06 2.8576e-05 0.000137279 0.000413247 0.000786357 0.000966937 0.000832403 0.000559533 0.000318328 0.000157913 6.68313e-05 2.19187e-05 3.98131e-06 0 
0 0.000253863 0.000159873 1.62667e-05 4.06384e-07 3.29925e-09 1.1744e-11 2.58876e-14 5.15731e-17 1.37188e-19 7.9374e-22 2.12022e-23 2.87058e-24 1.14363e-24 9.39386e-25 1.43859e-24 4.71777e-24 4.50723e-23 1.69756e-21 1.5847e-19 2.06136e-17 2.78916e-15 3.17989e-13 2.58732e-11 1.33472e-09 4.07024e-08 7.15816e-07 7.36158e-06 4.60901e-05 0.000183795 0.000478355 0.000814266 0.000928147 0.00076599 0.000505137 0.000285286 0.000141174 5.97024e-05 1.95765e-05 3.55569e-06 0 
0 0.000268785 0.000219128 3.29217e-05 1.38386e-06 2.13124e-08 1.57629e-10 7.60052e-13 3.33331e-15 1.8654e-17 1.83725e-19 4.39878e-21 3.65579e-22 1.08147e-22 8.42317e-23 1.54195e-22 7.6141e-22 1.11984e-20 3.75645e-19 2.06136e-17 1.4421e-15 1.03842e-13 6.40114e-12 2.91652e-10 8.84657e-09 1.68177e-07 1.96929e-06 1.44816e-05 6.9674e-05 0.000227819 0.000512745 0.000789638 0.000847885 0.000679801 0.000443268 0.000249442 0.000123321 5.21428e-05 1.70975e-05 3.10546e-06 0 
0 0.00027873 0.000295984 6.62682e-05 4.71543e-06 1.38548e-07 2.14385e-09 2.27901e-11 2.21833e-13 2.64634e-15 5.08921e-17 1.99789e-18 1.92336e-19 5.09593e-20 3.81915e-20 7.80122e-20 4.00695e-19 4.49544e-18 9.16918e-17 2.78916e-15 1.03842e-13 3.93377e-12 1.29027e-10 3.21465e-09 5.53349e-08 6.24552e-07 4.60409e-06 2.30803e-05 8.34895e-05 0.000226586 0.000459138 0.000674239 0.000714595 0.000574034 0.000376125 0.000212404 0.000105203 4.4518e-05 1.4602e-05 2.65251e-06 0 
0 0.00028047 0.000385957 0.000128208 1.52307e-05 8.35912e-07 2.64126e-08 6.03557e-10 1.27169e-11 3.15865e-13 1.16504e-14 7.78209e-16 1.09548e-16 3.5731e-17 2.79274e-17 5.09562e-17 2.00482e-16 1.50567e-15 1.85592e-14 3.17989e-13 6.40114e-12 1.29027e-10 2.2529e-09 3.00339e-08 2.76425e-07 1.66279e-06 6.70099e-06 2.0319e-05 5.36007e-05 0.000130886 0.000276993 0.000450642 0.000526227 0.00045124 0.000306199 0.000175682 8.75713e-05 3.7144e-05 1.21932e-05 2.21553e-06 0 
0 0.000271634 0.000476929 0.000231478 4.46647e-05 4.39314e-06 2.69911e-07 1.25876e-08 5.45196e-10 2.68574e-11 1.82001e-12 1.99798e-13 4.02574e-14 1.60972e-14 1.31325e-14 2.13944e-14 6.51965e-14 3.36095e-13 2.58655e-12 2.58732e-11 2.91652e-10 3.21465e-09 3.00339e-08 2.04531e-07 8.69771e-07 2.08591e-06 3.06501e-06 3.95357e-06 7.06067e-06 2.02743e-05 6.95427e-05 0.000185524 0.000306693 0.000318828 0.000236522 0.000140683 7.1055e-05 3.02739e-05 9.95239e-06 1.80919e-06 0 
0 0.000251572 0.000549751 0.000380208 0.000115105 1.92345e-05 2.15122e-06 1.90699e-07 1.58138e-08 1.44507e-09 1.69605e-10 2.91656e-11 8.12583e-12 3.90629e-12 3.31343e-12 4.87401e-12 1.17942e-11 4.32784e-11 2.17489e-10 1.33472e-09 8.84657e-09 5.53349e-08 2.76425e-07 8.69771e-07 1.24218e-06 6.04323e-07 1.1855e-07 2.59174e-08 2.5237e-08 1.68087e-07 2.79811e-06 3.06215e-05 0.000121332 0.000193459 0.000171346 0.000108768 5.61543e-05 2.40928e-05 7.93733e-06 1.4438e-06 0 
0 0.00022182 0.000584117 0.000555628 0.000254182 6.82276e-05 1.29036e-05 2.00269e-06 2.92611e-07 4.58603e-08 8.69948e-09 2.21532e-09 8.19657e-10 4.63021e-10 4.06439e-10 5.4685e-10 1.0816e-09 2.94741e-09 1.01944e-08 4.07024e-08 1.68177e-07 6.24552e-07 1.66279e-06 2.08591e-06 6.04323e-07 1.88003e-08 7.92281e-11 5.07434e-13 1.67444e-13 9.40574e-12 5.62869e-09 1.26843e-06 2.85277e-05 9.82714e-05 0.00011618 8.12472e-05 4.32325e-05 1.87167e-05 6.18231e-06 1.1254e-06 0 
0 0.000185819 0.00056823 0.00070962 0.000470453 0.000192688 5.74052e-05 1.43417e-05 3.38289e-06 8.36601e-07 2.38254e-07 8.46149e-08 3.98209e-08 2.57955e-08 2.33133e-08 2.90847e-08 4.84853e-08 1.02657e-07 2.58566e-07 7.15816e-07 1.96929e-06 4.60409e-06 6.70099e-06 3.06501e-06 1.1855e-07 7.92281e-11 1.14736e-15 1.67618e-15 2.86791e-15 1.35898e-16 7.09386e-13 1.60298e-08 4.52475e-06 4.44773e-05 7.55365e-05 5.90916e-05 3.2485e-05 1.41932e-05 4.70005e-06 8.56169e-07 0 
0 0.000147921 0.000505802 0.000784268 0.000715382 0.000426568 0.000188668 7.03898e-05 2.4674e-05 8.87529e-06 3.52723e-06 1.64571e-06 9.43575e-07 6.83993e-07 6.33178e-07 7.42414e-07 1.07554e-06 1.85109e-06 3.59336e-06 7.36158e-06 1.44816e-05 2.30803e-05 2.0319e-05 3.95357e-06 2.59174e-08 5.07434e-13 1.67618e-15 1.51068e-16 1.78023e-16 2.48435e-17 1.67895e-16 3.12705e-10 8.8728e-07 2.17788e-05 4.98022e-05 4.24618e-05 2.38971e-05 1.05063e-05 3.48484e-06 6.35078e-07 0 
0 0.000112123 0.000414159 0.000751713 0.000883569 0.00072743 0.000455067 0.000239315 0.000116478 5.67663e-05 2.947e-05 1.70949e-05 1.14708e-05 9.0938e-06 8.58034e-06 9.5761e-06 1.24071e-05 1.81094e-05 2.8576e-05 4.60901e-05 6.9674e-05 8.34895e-05 5.36007e-05 7.06067e-06 2.5237e-08 1.67444e-13 2.86791e-15 1.78023e-16 3.41992e-17 2.38609e-17 8.43762e-16 9.43711e-11 4.77178e-07 1.45228e-05 3.53244e-05 3.05592e-05 1.72494e-05 7.5876e-06 2.51692e-06 4.58686e-07 0 
0 8.11543e-05 0.000314847 0.000634017 0.000892754 0.000947209 0.000795182 0.000563411 0.000362862 0.000227419 0.000146499 0.000101032 7.6727e-05 6.52468e-05 6.2493e-05 6.71194e-05 7.97147e-05 0.000102302 0.000137279 0.000183795 0.000227819 0.000226586 0.000130886 2.02743e-05 1.68087e-07 9.40574e-12 1.35898e-16 2.48435e-17 2.38608e-17 7.21358e-17 3.57355e-15 8.95503e-10 8.88852e-07 1.40324e-05 2.73122e-05 2.20583e-05 1.22028e-05 5.337e-06 1.76751e-06 3.21969e-07 0 
0 5.62281e-05 0.000224489 0.000480939 0.000758815 0.000958713 0.00100679 0.000911883 0.000746282 0.000580218 0.000448326 0.000356712 0.000299617 0.000269641 0.000261494 0.000272561 0.000302221 0.000350214 0.000413247 0.000478355 0.000512745 0.000459138 0.000276993 6.95427e-05 2.79811e-06 5.62869e-09 7.09386e-13 1.67895e-16 8.43763e-16 3.57355e-15 2.60522e-11 4.64791e-08 3.15461e-06 1.64897e-05 2.19364e-05 1.5746e-05 8.41516e-06 3.64447e-06 1.20366e-06 2.19089e-07 0 
0 3.73291e-05 0.000151353 0.000335293 0.000563702 0.000790051 0.00095927 0.0010351 0.0010197 0.00094562 0.000851496 0.000765005 0.000700076 0.000661296 0.000648664 0.000660199 0.000692336 0.000738514 0.000786357 0.000814266 0.000789638 0.000674239 0.000450642 0.000185524 3.06215e-05 1.26843e-06 1.60298e-08 3.12705e-10 9.43711e-11 8.95503e-10 4.64791e-08 1.39895e-06 9.51075e-06 1.83811e-05 1.70487e-05 1.08841e-05 5.61252e-06 2.40524e-06 7.9197e-07 1.4403e-07 0 
0 2.37148e-05 9.68948e-05 0.000218231 0.00037873 0.0005601 0.000736457 0.000881422 0.000978057 0.00102472 0.00103272 0.00101872 0.000997888 0.000980529 0.000971627 0.000971477 0.000976282 0.000978453 0.000966937 0.000928147 0.000847885 0.000714595 0.000526227 0.000306693 0.000121332 2.85277e-05 4.52475e-06 8.8728e-07 4.77178e-07 8.88852e-07 3.15461e-06 9.51075e-06 1.64487e-05 1.68701e-05 1.22235e-05 7.16068e-06 3.59091e-06 1.52563e-06 5.01034e-07 9.10493e-08 0 
0 1.43545e-05 5.88599e-05 0.000133571 0.000235175 0.000356513 0.000486845 0.000613492 0.000724757 0.000812933 0.000875746 0.000915575 0.000937221 0.00094556 0.000943932 0.000933474 0.000913192 0.000880553 0.000832403 0.00076599 0.000679801 0.000574034 0.00045124 0.000318828 0.000193459 9.82714e-05 4.44773e-05 2.17788e-05 1.45228e-05 1.40324e-05 1.64897e-05 1.83811e-05 1.68701e-05 1.25908e-05 7.97235e-06 4.43852e-06 2.18664e-06 9.2358e-07 3.0275e-07 5.49849e-08 0 
0 8.21011e-06 3.37174e-05 7.67608e-05 0.000135972 0.000208274 0.000289006 0.000372399 0.000452413 0.000523736 0.000582583 0.00062698 0.000656498 0.000671657 0.000673316 0.000662276 0.00063918 0.000604648 0.000559533 0.000505137 0.000443268 0.000376125 0.000306199 0.000236522 0.000171346 0.00011618 7.55365e-05 4.98022e-05 3.53244e-05 2.73122e-05 2.19364e-05 1.70487e-05 1.22235e-05 7.97235e-06 4.74244e-06 2.57342e-06 1.2556e-06 5.28522e-07 1.7305e-07 3.14172e-08 0 
0 4.37421e-06 1.79756e-05 4.09757e-05 7.27562e-05 0.000111893 0.000156231 0.000203068 0.000249436 0.000292446 0.00032961 0.000359058 0.000379616 0.000390755 0.000392479 0.000385205 0.000369685 0.00034696 0.000318328 0.000285286 0.000249442 0.000212404 0.000175682 0.000140683 0.000108768 8.12472e-05 5.90916e-05 4.24618e-05 3.05592e-05 2.20583e-05 1.5746e-05 1.08841e-05 7.16068e-06 4.43852e-06 2.57342e-06 1.38053e-06 6.70443e-07 2.81713e-07 9.21808e-08 1.67318e-08 0 
0 2.11764e-06 8.70452e-06 1.98519e-05 3.528e-05 5.43376e-05 7.60397e-05 9.91455e-05 0.00012227 0.000144015 0.000163099 0.00017847 0.000189373 0.000195382 0.000196396 0.00019261 0.000184473 0.000172641 0.000157913 0.000141174 0.000123321 0.000105203 8.75713e-05 7.1055e-05 5.61543e-05 4.32325e-05 3.2485e-05 2.38971e-05 1.72494e-05 1.22028e-05 8.41516e-06 5.61252e-06 3.59091e-06 2.18664e-06 1.2556e-06 6.70443e-07 3.24933e-07 1.36421e-07 4.46248e-08 8.09891e-09 0 
0 8.88626e-07 3.65303e-06 8.33274e-06 1.48133e-05 2.28269e-05 3.19685e-05 4.17271e-05 5.15287e-05 6.07872e-05 6.8955e-05 7.5569e-05 8.02852e-05 8.28992e-05 8.33527e-05 8.17262e-05 7.82214e-05 7.31356e-05 6.68313e-05 5.97024e-05 5.21428e-05 4.4518e-05 3.7144e-05 3.02739e-05 2.40928e-05 1.87167e-05 1.41932e-05 1.05063e-05 7.5876e-06 5.337e-06 3.64447e-06 2.40524e-06 1.52563e-06 9.2358e-07 5.28522e-07 2.81713e-07 1.36421e-07 5.72546e-08 1.87259e-08 3.39837e-09 0 
0 2.90618e-07 1.19473e-06 2.72542e-06 4.84558e-06 7.46819e-06 1.04617e-05 1.36599e-05 1.6876e-05 1.99182e-05 2.26064e-05 2.47869e-05 2.63443e-05 2.72092e-05 2.73606e-05 2.68249e-05 2.56692e-05 2.39934e-05 2.19187e-05 1.95765e-05 1.70975e-05 1.4602e-05 1.21932e-05 9.95239e-06 7.93733e-06 6.18231e-06 4.70005e-06 3.48484e-06 2.51692e-06 1.76751e-06 1.20366e-06 7.9197e-07 5.01034e-07 3.0275e-07 1.7305e-07 9.21808e-08 4.46248e-08 1.87259e-08 6.12421e-09 1.11139e-09 0 
0 5.27394e-08 2.16815e-07 4.94609e-07 8.79407e-07 1.35545e-06 1.89892e-06 2.47971e-06 3.06394e-06 3.61684e-06 4.10564e-06 4.50233e-06 4.78582e-06 4.94334e-06 4.97101e-06 4.87358e-06 4.66334e-06 4.35853e-06 3.98131e-06 3.55569e-06 3.10546e-06 2.65251e-06 2.21553e-06 1.80919e-06 1.4438e-06 1.1254e-06 8.56169e-07 6.35078e-07 4.58686e-07 3.21969e-07 2.19089e-07 1.4403e-07 9.10493e-08 5.49849e-08 3.14172e-08 1.67318e-08 8.09891e-09 3.39837e-09 1.11139e-09 2.01686e-10 0 
0 0 0 0 0 0 0 0 0 0 0 0 0 0 0 0 0 0 0 0 0 0 0 0 0 0 0 0 0 0 0 0 0 0 0 0 0 0 0 0 0 
