0 0 0 0 0 0 0 0 0 0 0 0 0 0 0 0 0 0 0 0 0 0 0 0 0 0 0 0 0 0 0 0 0 0 0 0 0 0 0 0 0 
0 1.34886e-05 5.39639e-05 0.000116972 0.000191068 0.000260122 0.000310062 0.0003351 0.000338282 0.000327357 0.000310333 0.0002932 0.000279585 0.000271292 0.000268952 0.000272462 0.000281172 0.000293875 0.000308683 0.000322952 0.000333377 0.000336413 0.000329035 0.000309678 0.000278952 0.000239722 0.00019636 0.00015348 0.000114742 8.2258e-05 5.66449e-05 3.74706e-05 2.37581e-05 1.43665e-05 8.21307e-06 4.37486e-06 2.11776e-06 8.88646e-07 2.9062e-07 5.27396e-08 0 
0 5.39639e-05 0.000207644 0.000416227 0.000594418 0.000664288 0.000615623 0.000500225 0.000376306 0.000275117 0.000203499 0.000157157 0.000129638 0.00011586 0.000112854 0.00011959 0.000136687 0.000166157 0.000210993 0.000274255 0.000357241 0.000456644 0.000561618 0.000653071 0.000707992 0.000708922 0.000653379 0.000555688 0.000439269 0.000325782 0.000228652 0.000152753 9.73144e-05 5.89725e-05 3.37445e-05 1.79814e-05 8.7056e-06 3.6532e-06 1.19475e-06 2.16817e-07 0 
0 0.000116972 0.000416227 0.000711748 0.000778693 0.000601149 0.000359002 0.000182709 8.65271e-05 4.10774e-05 2.08004e-05 1.18135e-05 7.81304e-06 6.16082e-06 5.84508e-06 6.63995e-06 8.87741e-06 1.3596e-05 2.3061e-05 4.17369e-05 7.76157e-05 0.000143069 0.000252925 0.000416306 0.000621438 0.000823173 0.000953905 0.000964144 0.000858111 0.000685212 0.000501443 0.000342302 0.000220321 0.000134121 7.689e-05 4.10026e-05 1.98568e-05 8.33349e-06 2.72551e-06 4.94614e-07 0 
0 0.000191068 0.000594418 0.000778693 0.000561812 0.00025569 8.48181e-05 2.34418e-05 6.06302e-06 1.62781e-06 4.9755e-07 1.87176e-07 9.19635e-08 6.12608e-08 5.61068e-08 7.0026e-08 1.15681e-07 2.4176e-07 6.0429e-07 1.6988e-06 5.05082e-06 1.50007e-05 4.23481e-05 0.000109058 0.000247673 0.000481762 0.000782472 0.00104284 0.00113966 0.00104233 0.000826082 0.000588044 0.00038612 0.000237115 0.00013642 7.28472e-05 3.52962e-05 1.48157e-05 4.84585e-06 8.79423e-07 0 
0 0.000260122 0.000664288 0.000601149 0.00025569 6.19525e-05 1.02606e-05 1.36425e-06 1.69209e-07 2.26071e-08 3.71591e-09 8.41956e-10 2.8687e-10 1.55243e-10 1.36135e-10 1.90793e-10 4.09021e-10 1.25342e-09 5.04829e-09 2.43769e-08 1.28735e-07 6.82998e-07 3.38495e-06 1.47939e-05 5.46524e-05 0.000165519 0.000400811 0.000757952 0.00110136 0.00123804 0.00111722 0.000854 0.000580499 0.00036194 0.000209519 0.000112142 5.4381e-05 2.28332e-05 7.46889e-06 1.35549e-06 0 
0 0.000310062 0.000615623 0.000359002 8.48181e-05 1.02606e-05 7.8019e-07 4.52106e-08 2.42458e-09 1.45925e-10 1.18034e-11 1.49818e-12 3.35942e-13 1.4336e-13 1.19606e-13 1.91334e-13 5.52348e-13 2.62078e-12 1.82051e-11 1.63113e-10 1.66065e-09 1.70859e-08 1.60674e-07 1.27622e-06 8.09841e-06 3.96624e-05 0.000146938 0.000405159 0.00081622 0.00118993 0.00128482 0.00109115 0.000782231 0.000499448 0.000291915 0.000156809 7.61387e-05 3.19827e-05 1.04632e-05 1.89901e-06 0 
0 0.0003351 0.000500225 0.000182709 2.34418e-05 1.36425e-06 4.52106e-08 1.07606e-09 2.34852e-11 6.01168e-13 2.2742e-14 1.55125e-15 2.2215e-16 7.34837e-17 5.81056e-17 1.07068e-16 4.25005e-16 3.22035e-15 4.01045e-14 6.96821e-13 1.43377e-11 3.00122e-10 5.6098e-09 8.44995e-08 9.54381e-07 7.7473e-06 4.43888e-05 0.000178566 0.000500721 0.000966349 0.00129033 0.00125478 0.000967073 0.00063839 0.000378251 0.000204231 9.93428e-05 4.17549e-05 1.36629e-05 2.47988e-06 0 
0 0.000338282 0.000376306 8.65271e-05 6.06302e-06 1.69209e-07 2.42458e-09 2.34852e-11 2.06719e-13 2.2319e-15 3.92009e-17 1.43047e-18 1.32219e-19 3.50739e-20 2.65909e-20 5.47159e-20 2.91415e-19 3.51803e-18 7.89215e-17 2.67547e-15 1.12009e-13 4.80434e-12 1.79813e-10 5.17342e-09 1.04645e-07 1.41251e-06 1.24773e-05 7.23369e-05 0.000277487 0.000702495 0.00116947 0.00132537 0.00111482 0.000767415 0.000462728 0.000251498 0.000122618 5.15774e-05 1.68811e-05 3.06424e-06 0 
0 0.000327357 0.000275117 4.10774e-05 1.62781e-06 2.26071e-08 1.45925e-10 6.01168e-13 2.2319e-15 1.06082e-17 9.05244e-20 2.04412e-21 1.90098e-22 6.31988e-23 5.05658e-23 8.74136e-23 3.83258e-22 5.48522e-21 2.04966e-19 1.30785e-17 1.07542e-15 9.12371e-14 6.60985e-12 3.5211e-10 1.24073e-08 2.71766e-07 3.61746e-06 2.9488e-05 0.000150384 0.000486119 0.000994866 0.00131538 0.00121577 0.000877435 0.000539891 0.000295711 0.000144566 6.08638e-05 1.99262e-05 3.6173e-06 0 
0 0.000310333 0.000203499 2.08004e-05 4.9755e-07 3.71591e-09 1.18034e-11 2.2742e-14 3.92009e-17 9.05244e-20 4.63331e-22 1.05027e-23 1.29664e-24 5.33365e-25 4.45239e-25 6.65261e-25 2.20671e-24 2.43691e-23 1.06543e-21 1.13289e-19 1.69341e-17 2.63437e-15 3.43388e-13 3.1647e-11 1.82807e-09 6.16371e-08 1.18176e-06 1.30166e-05 8.49683e-05 0.000338068 0.000826451 0.00125681 0.00127238 0.000963305 0.00060535 0.000334275 0.000163888 6.90643e-05 2.26177e-05 4.10628e-06 0 
0 0.0002932 0.000157157 1.18135e-05 1.87176e-07 8.41956e-10 1.49818e-12 1.55125e-15 1.43047e-18 2.04413e-21 1.05027e-23 2.3101e-25 2.67335e-26 1.19254e-26 1.01833e-26 1.38281e-26 3.98489e-26 4.17869e-25 1.788e-23 2.37055e-21 5.61204e-19 1.43228e-16 3.01817e-14 4.3558e-12 3.77118e-10 1.81056e-08 4.68121e-07 6.59366e-06 5.25392e-05 0.000246481 0.000693619 0.00118299 0.00129553 0.00102403 0.000656181 0.000365126 0.0001795 7.57114e-05 2.48017e-05 4.50317e-06 0 
0 0.000279585 0.000129638 7.81304e-06 9.19635e-08 2.8687e-10 3.35942e-13 2.2215e-16 1.32219e-19 1.90098e-22 1.29665e-24 2.67338e-26 1.62663e-27 4.92619e-28 4.03382e-28 5.46538e-28 1.99119e-27 2.9927e-26 1.31925e-24 1.60091e-22 4.75621e-20 1.72742e-17 5.15135e-15 1.02836e-12 1.19336e-10 7.40105e-09 2.37665e-07 4.0001e-06 3.6793e-05 0.000194058 0.000603244 0.00111776 0.0012986 0.00106156 0.000690925 0.000386857 0.000190607 8.04557e-05 2.6362e-05 4.78682e-06 0 
0 0.000271292 0.00011586 6.16082e-06 6.12608e-08 1.55243e-10 1.4336e-13 7.34837e-17 3.50739e-20 6.3199e-23 5.3337e-25 1.19256e-26 4.92628e-28 4.62719e-29 2.32266e-29 4.49155e-29 3.92979e-28 8.53107e-27 3.66092e-25 3.84471e-23 1.16479e-20 5.12359e-18 1.86191e-15 4.47222e-13 6.13455e-11 4.40411e-09 1.60098e-07 2.98364e-06 2.9788e-05 0.000167922 0.000552382 0.0010739 0.00129267 0.00107899 0.000709274 0.000398733 0.000196746 8.30878e-05 2.72287e-05 4.94444e-06 0 
0 0.000268952 0.000112854 5.84508e-06 5.61068e-08 1.36135e-10 1.19606e-13 5.81056e-17 2.65909e-20 5.0566e-23 4.45244e-25 1.01834e-26 4.03391e-28 2.32271e-29 4.62277e-30 1.91995e-29 2.78932e-28 6.53526e-27 2.77712e-25 2.82462e-23 8.48424e-21 3.87951e-18 1.47067e-15 3.67646e-13 5.23013e-11 3.87738e-09 1.44864e-07 2.76156e-06 2.8082e-05 0.000160747 0.000536148 0.00105584 0.00128419 0.00107898 0.000711643 0.000400637 0.000197793 8.35462e-05 2.73807e-05 4.97214e-06 0 
0 0.000272462 0.00011959 6.63995e-06 7.0026e-08 1.90793e-10 1.91334e-13 1.07068e-16 5.47159e-20 8.74138e-23 6.65266e-25 1.38283e-26 5.46548e-28 4.49157e-29 1.91991e-29 4.94138e-29 5.03479e-28 1.13011e-26 5.1245e-25 5.77983e-23 1.76928e-20 7.29954e-18 2.48173e-15 5.60698e-13 7.28351e-11 4.98908e-09 1.74373e-07 3.14774e-06 3.06513e-05 0.000169585 0.000550624 0.00106223 0.00127438 0.00106293 0.000698845 0.000392981 0.000193942 8.1911e-05 2.68441e-05 4.87466e-06 0 
0 0.000281172 0.000136687 8.87741e-06 1.15681e-07 4.09021e-10 5.52348e-13 4.25005e-16 2.91415e-19 3.83258e-22 2.20672e-24 3.98492e-26 1.99119e-27 3.92973e-28 2.78927e-28 5.03473e-28 2.86286e-27 5.27237e-26 2.59639e-24 3.45344e-22 9.72501e-20 3.13763e-17 8.33468e-15 1.4962e-12 1.57991e-10 9.03315e-09 2.7102e-07 4.31758e-06 3.80534e-05 0.000194536 0.000592586 0.00108699 0.00125971 0.00103081 0.000671945 0.00037662 0.000185662 7.83866e-05 2.56864e-05 4.66431e-06 0 
0 0.000293875 0.000166157 1.3596e-05 2.4176e-07 1.25342e-09 2.62078e-12 3.22035e-15 3.51803e-18 5.48522e-21 2.43692e-23 4.1787e-25 2.99268e-26 8.53097e-27 6.53517e-27 1.1301e-26 5.27235e-26 8.36232e-25 4.35904e-23 5.81742e-21 1.21832e-18 2.7053e-16 4.99275e-14 6.3804e-12 4.95854e-10 2.16922e-08 5.18994e-07 6.8686e-06 5.22027e-05 0.000237202 0.000656905 0.00111849 0.00123281 0.000981726 0.000632278 0.000352771 0.000173637 7.32745e-05 2.40079e-05 4.35935e-06 0 
0 0.000308683 0.000210993 2.3061e-05 6.0429e-07 5.04829e-09 1.82051e-11 4.01045e-14 7.89215e-17 2.04966e-19 1.06543e-21 1.78799e-23 1.31924e-24 3.66089e-25 2.7771e-25 5.12447e-25 2.59639e-24 4.35904e-23 2.18791e-21 2.15366e-19 2.86972e-17 3.98111e-15 4.65523e-13 3.88313e-11 2.05231e-09 6.40755e-08 1.15205e-06 1.20617e-05 7.60066e-05 0.000297543 0.000731497 0.00113818 0.0011838 0.000914683 0.000581543 0.000322931 0.000158704 6.6942e-05 2.19303e-05 3.98198e-06 0 
0 0.000322952 0.000274255 4.17369e-05 1.6988e-06 2.43769e-08 1.63113e-10 6.96821e-13 2.67547e-15 1.30785e-17 1.13289e-19 2.37055e-21 1.6009e-22 3.8447e-23 2.82461e-23 5.77982e-23 3.45344e-22 5.81742e-21 2.15366e-19 1.3142e-17 1.03205e-15 8.3742e-14 5.81413e-12 2.9746e-10 1.00887e-08 2.1327e-07 2.75194e-06 2.19331e-05 0.000111153 0.000366648 0.000790039 0.00111987 0.00110215 0.000829362 0.000521839 0.000288774 0.000141776 5.97873e-05 1.95855e-05 3.55621e-06 0 
0 0.000333377 0.000357241 7.76157e-05 5.05082e-06 1.28735e-07 1.66065e-09 1.43377e-11 1.12009e-13 1.07542e-15 1.69341e-17 5.61204e-19 4.75621e-20 1.16479e-20 8.48424e-21 1.76928e-20 9.72501e-20 1.21832e-18 2.86972e-17 1.03205e-15 4.60729e-14 2.10648e-12 8.35446e-11 2.5194e-09 5.2638e-08 7.2288e-07 6.43407e-06 3.77344e-05 0.000150195 0.000413472 0.000785554 0.00103179 0.000978606 0.000726493 0.000455562 0.000252028 0.000123772 5.2207e-05 1.71044e-05 3.10585e-06 0 
0 0.000336413 0.000456644 0.000143069 1.50007e-05 6.82998e-07 1.70859e-08 3.00122e-10 4.80434e-12 9.12371e-14 2.63437e-15 1.43228e-16 1.72742e-17 5.12359e-18 3.87951e-18 7.29954e-18 3.13763e-17 2.7053e-16 3.98111e-15 8.3742e-14 2.10648e-12 5.36349e-11 1.1954e-09 2.07427e-08 2.57692e-07 2.1914e-06 1.27372e-05 5.24638e-05 0.000160689 0.000374894 0.000656786 0.00084421 0.000807066 0.000607799 0.000385213 0.00021435 0.000105547 4.45676e-05 1.46074e-05 2.65282e-06 0 
0 0.000329035 0.000561618 0.000252925 4.23481e-05 3.38495e-06 1.60674e-07 5.6098e-09 1.79813e-10 6.60985e-12 3.43388e-13 3.01817e-14 5.15135e-15 1.86191e-15 1.47067e-15 2.48173e-15 8.33468e-15 4.99275e-14 4.65523e-13 5.81413e-12 8.35446e-11 1.1954e-09 1.49478e-08 1.45915e-07 1.01755e-06 4.8395e-06 1.61067e-05 4.17425e-05 9.58881e-05 0.000205153 0.00038179 0.000552657 0.000588962 0.000476244 0.000313283 0.00017724 8.78501e-05 3.71844e-05 1.21976e-05 2.21579e-06 0 
0 0.000309678 0.000653071 0.000416306 0.000109058 1.47939e-05 1.27622e-06 8.44995e-08 5.17342e-09 3.5211e-10 3.1647e-11 4.3558e-12 1.02836e-12 4.47222e-13 3.67646e-13 5.60698e-13 1.4962e-12 6.3804e-12 3.88313e-11 2.9746e-10 2.5194e-09 2.07427e-08 1.45915e-07 7.662e-07 2.61936e-06 5.34303e-06 7.05133e-06 8.37663e-06 1.35426e-05 3.39674e-05 0.000100123 0.000232977 0.000347416 0.000338379 0.000242546 0.000142047 7.13004e-05 3.03093e-05 9.95621e-06 1.80941e-06 0 
0 0.000278952 0.000707992 0.000621438 0.000247673 5.46524e-05 8.09841e-06 9.54381e-07 1.04645e-07 1.24073e-08 1.82807e-09 3.77118e-10 1.19336e-10 6.13455e-11 5.23013e-11 7.28351e-11 1.57991e-10 4.95854e-10 2.05231e-09 1.00887e-08 5.2638e-08 2.57692e-07 1.01755e-06 2.61936e-06 3.28395e-06 1.55775e-06 3.28113e-07 7.76138e-08 7.26595e-08 3.95731e-07 4.98858e-06 4.27747e-05 0.000143864 0.000208989 0.000176811 0.000110046 5.63832e-05 2.41254e-05 7.94078e-06 1.444e-06 0 
0 0.000239722 0.000708922 0.000823173 0.000481762 0.000165519 3.96624e-05 7.7473e-06 1.41251e-06 2.71766e-07 6.16371e-08 1.81056e-08 7.40105e-09 4.40411e-09 3.87738e-09 4.98908e-09 9.03315e-09 2.16922e-08 6.40755e-08 2.1327e-07 7.2288e-07 2.1914e-06 4.8395e-06 5.34303e-06 1.55775e-06 6.02506e-08 3.82893e-10 3.65349e-12 1.3134e-12 4.87846e-11 1.63037e-08 2.23438e-06 3.70482e-05 0.000109572 0.000121106 8.24526e-05 4.34468e-05 1.87466e-05 6.18541e-06 1.12557e-06 0 
0 0.00019636 0.000653379 0.000953905 0.000782472 0.000400811 0.000146938 4.43888e-05 1.24773e-05 3.61746e-06 1.18176e-06 4.68121e-07 2.37665e-07 1.60098e-07 1.44864e-07 1.74373e-07 2.7102e-07 5.18994e-07 1.15205e-06 2.75194e-06 6.43407e-06 1.27372e-05 1.61067e-05 7.05133e-06 3.28113e-07 3.82893e-10 1.36392e-14 3.46687e-16 1.85981e-15 7.64706e-17 4.26601e-12 3.97253e-08 6.6706e-06 5.16401e-05 7.9677e-05 6.01655e-05 3.26748e-05 1.42192e-05 4.70268e-06 8.56315e-07 0 
0 0.00015348 0.000555688 0.000964144 0.00104284 0.000757952 0.000405159 0.000178566 7.23369e-05 2.9488e-05 1.30166e-05 6.59366e-06 4.0001e-06 2.98364e-06 2.76156e-06 3.14774e-06 4.31758e-06 6.8686e-06 1.20617e-05 2.19331e-05 3.77344e-05 5.24638e-05 4.17425e-05 8.37663e-06 7.76138e-08 3.65349e-12 3.46687e-16 1.77013e-17 5.48272e-17 3.19594e-17 2.12341e-15 1.05827e-09 1.46112e-06 2.61313e-05 5.29942e-05 4.33283e-05 2.40494e-05 1.05268e-05 3.48689e-06 6.35191e-07 0 
0 0.000114742 0.000439269 0.000858111 0.00113966 0.00110136 0.00081622 0.000500721 0.000277487 0.000150384 8.49683e-05 5.25392e-05 3.6793e-05 2.9788e-05 2.8082e-05 3.06513e-05 3.80534e-05 5.22027e-05 7.60066e-05 0.000111153 0.000150195 0.000160689 9.58881e-05 1.35426e-05 7.26595e-08 1.3134e-12 1.85981e-15 5.48273e-17 7.29561e-18 1.00061e-17 2.3701e-16 3.44689e-10 8.04674e-07 1.75156e-05 3.76081e-05 3.11778e-05 1.73571e-05 7.60201e-06 2.51836e-06 4.58764e-07 0 
0 8.2258e-05 0.000325782 0.000685212 0.00104233 0.00123804 0.00118993 0.000966349 0.000702495 0.000486119 0.000338068 0.000246481 0.000194058 0.000167922 0.000160747 0.000169585 0.000194536 0.000237202 0.000297543 0.000366648 0.000413472 0.000374894 0.000205153 3.39674e-05 3.95731e-07 4.87846e-11 7.64706e-17 3.19594e-17 1.00061e-17 3.39507e-17 3.13147e-14 2.5996e-09 1.37649e-06 1.64494e-05 2.8816e-05 2.24423e-05 1.22688e-05 5.34584e-06 1.7684e-06 3.22017e-07 0 
0 5.66449e-05 0.000228652 0.000501443 0.000826082 0.00111722 0.00128482 0.00129033 0.00116947 0.000994866 0.000826451 0.000693619 0.000603244 0.000552382 0.000536148 0.000550624 0.000592586 0.000656905 0.000731497 0.000790039 0.000785554 0.000656786 0.00038179 0.000100123 4.98858e-06 1.63037e-08 4.26601e-12 2.12341e-15 2.3701e-16 3.13147e-14 1.01986e-10 9.29176e-08 4.23836e-06 1.84342e-05 2.28054e-05 1.59498e-05 8.44987e-06 3.64916e-06 1.20413e-06 2.19116e-07 0 
0 3.74706e-05 0.000152753 0.000342302 0.000588044 0.000854 0.00109115 0.00125478 0.00132537 0.00131538 0.00125681 0.00118299 0.00111776 0.0010739 0.00105584 0.00106223 0.00108699 0.00111849 0.00113818 0.00111987 0.00103179 0.00084421 0.000552657 0.000232977 4.27747e-05 2.23438e-06 3.97253e-08 1.05827e-09 3.44689e-10 2.5996e-09 9.29176e-08 2.01939e-06 1.1219e-05 1.96328e-05 1.74653e-05 1.09754e-05 5.6281e-06 2.40739e-06 7.92194e-07 1.44042e-07 0 
0 2.37581e-05 9.73144e-05 0.000220321 0.00038612 0.000580499 0.000782231 0.000967073 0.00111482 0.00121577 0.00127238 0.00129553 0.0012986 0.00129267 0.00128419 0.00127438 0.00125971 0.00123281 0.0011838 0.00110215 0.000978606 0.000807066 0.000588962 0.000347416 0.000143864 3.70482e-05 6.6706e-06 1.46112e-06 8.04674e-07 1.37649e-06 4.23836e-06 1.1219e-05 1.78039e-05 1.74479e-05 1.23848e-05 7.19502e-06 3.5969e-06 1.52648e-06 5.01126e-07 9.10546e-08 0 
0 1.43665e-05 5.89725e-05 0.000134121 0.000237115 0.00036194 0.000499448 0.00063839 0.000767415 0.000877435 0.000963305 0.00102403 0.00106156 0.00107899 0.00107898 0.00106293 0.00103081 0.000981726 0.000914683 0.000829362 0.000726493 0.000607799 0.000476244 0.000338379 0.000208989 0.000109572 5.16401e-05 2.61313e-05 1.75156e-05 1.64494e-05 1.84342e-05 1.96328e-05 1.74479e-05 1.27851e-05 8.0232e-06 4.44946e-06 2.18862e-06 9.23874e-07 3.02783e-07 5.49868e-08 0 
0 8.21307e-06 3.37445e-05 7.689e-05 0.00013642 0.000209519 0.000291915 0.000378251 0.000462728 0.000539891 0.00060535 0.000656181 0.000690925 0.000709274 0.000711643 0.000698845 0.000671945 0.000632278 0.000581543 0.000521839 0.000455562 0.000385213 0.000313283 0.000242546 0.000176811 0.000121106 7.9677e-05 5.29942e-05 3.76081e-05 2.8816e-05 2.28054e-05 1.74653e-05 1.23848e-05 8.0232e-06 4.7558e-06 2.57639e-06 1.25616e-06 5.2861e-07 1.7306e-07 3.14178e-08 0 
0 4.37486e-06 1.79814e-05 4.10026e-05 7.28472e-05 0.000112142 0.000156809 0.000204231 0.000251498 0.000295711 0.000334275 0.000365126 0.000386857 0.000398733 0.000400637 0.000392981 0.00037662 0.000352771 0.000322931 0.000288774 0.000252028 0.00021435 0.00017724 0.000142047 0.000110046 8.24526e-05 6.01655e-05 4.33283e-05 3.11778e-05 2.24423e-05 1.59498e-05 1.09754e-05 7.19502e-06 4.44946e-06 2.57639e-06 1.38122e-06 6.70581e-07 2.81736e-07 9.21836e-08 1.67319e-08 0 
0 2.11776e-06 8.7056e-06 1.98568e-05 3.52962e-05 5.4381e-05 7.61387e-05 9.93428e-05 0.000122618 0.000144566 0.000163888 0.0001795 0.000190607 0.000196746 0.000197793 0.000193942 0.000185662 0.000173637 0.000158704 0.000141776 0.000123772 0.000105547 8.78501e-05 7.13004e-05 5.63832e-05 4.34468e-05 3.26748e-05 2.40494e-05 1.73571e-05 1.22688e-05 8.44987e-06 5.6281e-06 3.5969e-06 2.18862e-06 1.25616e-06 6.70581e-07 3.24962e-07 1.36425e-07 4.46254e-08 8.09896e-09 0 
0 8.88646e-07 3.6532e-06 8.33349e-06 1.48157e-05 2.28332e-05 3.19827e-05 4.17549e-05 5.15774e-05 6.08638e-05 6.90643e-05 7.57114e-05 8.04557e-05 8.30878e-05 8.35462e-05 8.1911e-05 7.83866e-05 7.32745e-05 6.6942e-05 5.97873e-05 5.2207e-05 4.45676e-05 3.71844e-05 3.03093e-05 2.41254e-05 1.87466e-05 1.42192e-05 1.05268e-05 7.60201e-06 5.34584e-06 3.64916e-06 2.40739e-06 1.52648e-06 9.23874e-07 5.2861e-07 2.81736e-07 1.36425e-07 5.72555e-08 1.87261e-08 3.39838e-09 0 
0 2.9062e-07 1.19475e-06 2.72551e-06 4.84585e-06 7.46889e-06 1.04632e-05 1.36629e-05 1.68811e-05 1.99262e-05 2.26177e-05 2.48017e-05 2.6362e-05 2.72287e-05 2.73807e-05 2.68441e-05 2.56864e-05 2.40079e-05 2.19303e-05 1.95855e-05 1.71044e-05 1.46074e-05 1.21976e-05 9.95621e-06 7.94078e-06 6.18541e-06 4.70268e-06 3.48689e-06 2.51836e-06 1.7684e-06 1.20413e-06 7.92194e-07 5.01126e-07 3.02783e-07 1.7306e-07 9.21836e-08 4.46254e-08 1.87261e-08 6.12422e-09 1.11139e-09 0 
0 5.27396e-08 2.16817e-07 4.94614e-07 8.79423e-07 1.35549e-06 1.89901e-06 2.47988e-06 3.06424e-06 3.6173e-06 4.10628e-06 4.50317e-06 4.78682e-06 4.94444e-06 4.97214e-06 4.87466e-06 4.66431e-06 4.35935e-06 3.98198e-06 3.55621e-06 3.10585e-06 2.65282e-06 2.21579e-06 1.80941e-06 1.444e-06 1.12557e-06 8.56315e-07 6.35191e-07 4.58764e-07 3.22017e-07 2.19116e-07 1.44042e-07 9.10546e-08 5.49868e-08 3.14178e-08 1.67319e-08 8.09896e-09 3.39838e-09 1.11139e-09 2.01686e-10 0 
0 0 0 0 0 0 0 0 0 0 0 0 0 0 0 0 0 0 0 0 0 0 0 0 0 0 0 0 0 0 0 0 0 0 0 0 0 0 0 0 0 
