0 0 0 0 0 0 0 0 0 0 0 0 0 0 0 0 0 0 0 0 0 0 0 0 0 0 0 0 0 0 0 0 0 0 0 0 0 0 0 0 0 
0 1.34343e-05 5.34885e-05 0.000114952 0.000185331 0.000248031 0.000289918 0.000307103 0.000304205 0.000289496 0.000270644 0.000252956 0.000239412 0.000231361 0.00022919 0.000232742 0.000241467 0.000254382 0.000269916 0.000285777 0.00029895 0.000306007 0.000303757 0.000290153 0.000265113 0.000230817 0.000191201 0.000150801 0.000113498 8.17407e-05 5.64518e-05 3.74056e-05 2.37384e-05 1.43611e-05 8.21174e-06 4.37457e-06 2.11771e-06 8.88637e-07 2.90619e-07 5.27395e-08 0 
0 5.34885e-05 0.000203438 0.000399179 0.000551776 0.000591574 0.000524043 0.000407553 0.000294688 0.000208214 0.000149735 0.00011314 9.19241e-05 8.14761e-05 7.92466e-05 8.44027e-05 9.75387e-05 0.000120507 0.000156207 0.000208001 0.000278344 0.000366342 0.000464709 0.000557927 0.000624486 0.000644671 0.000610627 0.000531232 0.000427221 0.000320631 0.00022672 0.000152111 9.71238e-05 5.89217e-05 3.37324e-05 1.79788e-05 8.70512e-06 3.65312e-06 1.19475e-06 2.16816e-07 0 
0 0.000114952 0.000399179 0.000652693 0.000669177 0.000479069 0.000265409 0.000125998 5.60226e-05 2.51455e-05 1.21371e-05 6.63487e-06 4.27099e-06 3.31782e-06 3.13952e-06 3.59943e-06 4.90901e-06 7.73901e-06 1.36082e-05 2.56629e-05 4.98926e-05 9.63401e-05 0.000178665 0.000308938 0.000485248 0.000676976 0.000825093 0.000872662 0.000805781 0.000660737 0.000491857 0.000339079 0.000219371 0.000133873 7.68322e-05 4.09907e-05 1.98546e-05 8.33316e-06 2.72547e-06 4.94612e-07 0 
0 0.000185331 0.000551776 0.000669177 0.000436337 0.000178446 5.33497e-05 1.33385e-05 3.13508e-06 7.7056e-07 2.18047e-07 7.70839e-08 3.6233e-08 2.35505e-08 2.14751e-08 2.72095e-08 4.64387e-08 1.01757e-07 2.69725e-07 8.10351e-07 2.58561e-06 8.25002e-06 2.4994e-05 6.89375e-05 0.000167465 0.000348643 0.000607078 0.000866894 0.00100832 0.00096879 0.000794114 0.000576758 0.000382751 0.000236241 0.000136219 7.28067e-05 3.5289e-05 1.48147e-05 4.84573e-06 8.79416e-07 0 
0 0.000248031 0.000591574 0.000479069 0.000178446 3.76887e-05 5.42706e-06 6.26281e-07 6.75978e-08 7.93144e-09 1.16327e-09 2.40397e-10 7.67069e-11 4.00253e-11 3.48709e-11 4.99728e-11 1.12431e-10 3.6958e-10 1.62391e-09 8.6531e-09 5.07312e-08 2.99101e-07 1.64208e-06 7.90222e-06 3.19214e-05 0.00010515 0.00027653 0.000568947 0.000899157 0.00108917 0.00103989 0.000823908 0.000571131 0.000359486 0.000208961 0.000112031 5.43617e-05 2.28304e-05 7.46858e-06 1.35548e-06 0 
0 0.000289918 0.000524043 0.000265409 5.33497e-05 5.42706e-06 3.43098e-07 1.64212e-08 7.28786e-10 3.67348e-11 2.54294e-12 2.84621e-13 5.83492e-14 2.36903e-14 1.95898e-14 3.23074e-14 9.96298e-14 5.20328e-13 4.07156e-12 4.17463e-11 4.90459e-10 5.83161e-09 6.30885e-08 5.71203e-07 4.08207e-06 2.22384e-05 9.08056e-05 0.000275165 0.000610451 0.000978283 0.00114446 0.00102777 0.000760968 0.000493718 0.000290609 0.000156552 7.60948e-05 3.19764e-05 1.04625e-05 1.89897e-06 0 
0 0.000307103 0.000407553 0.000125998 1.33385e-05 6.26281e-07 1.64212e-08 3.0602e-10 5.23951e-12 1.06828e-13 3.30945e-15 1.92096e-16 2.45229e-17 7.61397e-18 5.95393e-18 1.14032e-17 4.92571e-17 4.22186e-16 6.12673e-15 1.26589e-13 3.13124e-12 7.8958e-11 1.76795e-09 3.15257e-08 4.14742e-07 3.85052e-06 2.48072e-05 0.000110959 0.000345164 0.000740574 0.00109201 0.00114645 0.000926689 0.00062698 0.000375614 0.000203712 9.92552e-05 4.17426e-05 1.36616e-05 2.4798e-06 0 
0 0.000304205 0.000294688 5.60226e-05 3.13508e-06 6.75978e-08 7.28786e-10 5.23951e-12 3.43036e-14 2.80634e-16 3.86515e-18 1.18066e-19 1.0824e-20 3.33357e-21 2.65045e-21 4.81871e-21 2.33721e-20 3.07487e-19 8.26268e-18 3.46043e-16 1.81391e-14 9.76775e-13 4.5594e-11 1.61299e-09 3.93332e-08 6.25478e-07 6.35878e-06 4.16166e-05 0.000178434 0.000505088 0.000939731 0.00117048 0.00104923 0.000747682 0.000458056 0.000250575 0.000122463 5.15558e-05 1.68789e-05 3.06411e-06 0 
0 0.000289496 0.000208214 2.51455e-05 7.7056e-07 7.93144e-09 3.67348e-11 1.06828e-13 2.80634e-16 9.65599e-19 6.59853e-21 1.96147e-22 3.18687e-23 1.4045e-23 1.18448e-23 1.74627e-23 5.16573e-23 4.39144e-22 1.54459e-20 1.23175e-18 1.31692e-16 1.45797e-14 1.36796e-12 9.28469e-11 4.0742e-09 1.08171e-07 1.69647e-06 1.58777e-05 9.13463e-05 0.00033148 0.000762953 0.00112315 0.00112254 0.000847295 0.000532534 0.000294245 0.00014432 6.08298e-05 1.99227e-05 3.61709e-06 0 
0 0.000270644 0.000149735 1.21371e-05 2.18047e-07 1.16327e-09 2.54294e-12 3.30945e-15 3.86515e-18 6.59853e-21 4.12215e-23 1.7741e-24 4.30047e-25 2.49867e-25 2.21203e-25 2.74858e-25 5.56407e-25 3.01769e-24 7.63981e-23 8.24209e-21 1.62451e-18 3.41086e-16 5.95133e-14 7.20901e-12 5.33528e-10 2.23602e-08 5.15946e-07 6.63193e-06 4.93257e-05 0.000221202 0.000610034 0.00104146 0.00115353 0.000921993 0.000594925 0.000332174 0.000163536 6.90157e-05 2.26127e-05 4.106e-06 0 
0 0.000252956 0.00011314 6.63487e-06 7.70839e-08 2.40397e-10 2.84621e-13 1.92096e-16 1.18066e-19 1.96147e-22 1.77411e-24 6.97465e-26 1.54634e-26 1.0127e-26 9.22812e-27 1.02269e-26 1.67287e-26 7.89687e-26 1.78186e-24 1.62738e-22 4.45495e-20 1.56656e-17 4.53777e-15 8.82532e-13 1.00155e-10 6.09915e-09 1.93092e-07 3.2177e-06 2.94792e-05 0.000156495 0.000497591 0.000957139 0.00115643 0.000972425 0.000642744 0.000362385 0.00017904 7.56481e-05 2.47951e-05 4.5028e-06 0 
0 0.000239412 9.19241e-05 4.27099e-06 3.6233e-08 7.67069e-11 5.83492e-14 2.45229e-17 1.0824e-20 3.18688e-23 4.3005e-25 1.54635e-26 1.50998e-27 6.68e-28 5.86055e-28 6.16954e-28 1.11307e-27 8.1452e-27 2.0248e-25 1.41346e-23 3.42781e-21 1.67861e-18 7.00974e-16 1.91937e-13 2.96698e-11 2.36758e-09 9.42432e-08 1.89521e-06 2.01804e-05 0.000120824 0.000424698 0.000889461 0.00114602 0.00100201 0.000675022 0.000383578 0.000190054 8.03797e-05 2.63541e-05 4.78638e-06 0 
0 0.000231361 8.14761e-05 3.31782e-06 2.35505e-08 4.00253e-11 2.36903e-14 7.61397e-18 3.33357e-21 1.40451e-23 2.49869e-25 1.01271e-26 6.68009e-28 9.16176e-29 4.88116e-29 5.7944e-29 2.37678e-28 3.07155e-27 7.61553e-26 4.37767e-24 8.40726e-22 4.67712e-19 2.40245e-16 7.99182e-14 1.47313e-11 1.37137e-09 6.22073e-08 1.39265e-06 1.61562e-05 0.000103558 0.000385212 0.000846951 0.00113339 0.00101483 0.000691851 0.000395114 0.000196134 8.30037e-05 2.722e-05 4.94395e-06 0 
0 0.00022919 7.92466e-05 3.13952e-06 2.14751e-08 3.48709e-11 1.95898e-14 5.95393e-18 2.65045e-21 1.18449e-23 2.21204e-25 9.22823e-27 5.86064e-28 4.88123e-29 9.31313e-30 1.82418e-29 1.67352e-28 2.50301e-27 6.16797e-26 3.40905e-24 6.21255e-22 3.51766e-19 1.88732e-16 6.54393e-14 1.25262e-11 1.20549e-09 5.62522e-08 1.28903e-06 1.52359e-05 9.91407e-05 0.00037363 0.000831551 0.00112442 0.00101394 0.000693869 0.000396932 0.000197166 8.34598e-05 2.73718e-05 4.97164e-06 0 
0 0.000232742 8.44027e-05 3.59943e-06 2.72095e-08 4.99728e-11 3.23074e-14 1.14032e-17 4.81871e-21 1.74627e-23 2.7486e-25 1.0227e-26 6.16962e-28 5.79444e-29 1.82417e-29 3.37743e-29 2.42875e-28 3.5656e-27 9.51761e-26 6.02504e-24 1.28791e-21 6.93098e-19 3.31628e-16 1.03271e-13 1.7946e-11 1.58742e-09 6.89783e-08 1.49099e-06 1.68234e-05 0.000105571 0.000386664 0.000841461 0.00111987 0.00100064 0.000681885 0.000389447 0.000193343 8.18284e-05 2.68355e-05 4.87418e-06 0 
0 0.000241467 9.75387e-05 4.90901e-06 4.64387e-08 1.12431e-10 9.96298e-14 4.92571e-17 2.33721e-20 5.16574e-23 5.5641e-25 1.67288e-26 1.11308e-27 2.37676e-28 1.67349e-28 2.42872e-28 9.21031e-28 1.09035e-26 3.29335e-25 2.73168e-23 7.41523e-21 3.27676e-18 1.20885e-15 2.95192e-13 4.11965e-11 3.00882e-09 1.11176e-07 2.10403e-06 2.13571e-05 0.000123335 0.000422672 0.000871827 0.0011159 0.000974368 0.00065676 0.000373467 0.000185127 7.83126e-05 2.56787e-05 4.66388e-06 0 
0 0.000254382 0.000120507 7.73901e-06 1.01757e-07 3.6958e-10 5.20328e-13 4.22186e-16 3.07487e-19 4.39145e-22 3.0177e-24 7.89688e-26 8.14516e-27 3.07152e-27 2.50298e-27 3.56557e-27 1.09035e-26 1.04968e-25 3.57047e-24 4.04384e-22 1.06425e-19 3.23993e-17 8.1409e-15 1.38877e-12 1.40199e-10 7.71461e-09 2.2428e-07 3.48697e-06 3.0264e-05 0.000154488 0.000479503 0.000913543 0.00110473 0.000933359 0.000619486 0.000350128 0.000173188 7.32123e-05 2.40014e-05 4.35898e-06 0 
0 0.000269916 0.000156207 1.36082e-05 2.69725e-07 1.62391e-09 4.07156e-12 6.12673e-15 8.26268e-18 1.54459e-20 7.63982e-23 1.78186e-24 2.02479e-25 7.61548e-26 6.16793e-26 9.51755e-26 3.29334e-25 3.57047e-24 1.478e-22 1.7175e-20 3.03648e-18 5.64578e-16 8.77108e-14 9.54466e-12 6.41646e-10 2.47296e-08 5.31572e-07 6.45097e-06 4.59561e-05 0.000200755 0.000550179 0.000950907 0.00107553 0.000875489 0.000571354 0.000320833 0.000158346 6.68922e-05 2.19251e-05 3.98168e-06 0 
0 0.000285777 0.000208001 2.56629e-05 8.10351e-07 8.6531e-09 4.17463e-11 1.26589e-13 3.46043e-16 1.23175e-18 8.24209e-21 1.62738e-22 1.41346e-23 4.37765e-24 3.40903e-24 6.02503e-24 2.73167e-23 4.04384e-22 1.7175e-20 1.3323e-18 1.35952e-16 1.43752e-14 1.29037e-12 8.39526e-11 3.53842e-09 9.0449e-08 1.37074e-06 1.24803e-05 7.07258e-05 0.000258273 0.000615566 0.000959414 0.00101592 0.000799219 0.000514088 0.000287177 0.000141502 5.97488e-05 1.95815e-05 3.55597e-06 0 
0 0.00029895 0.000278344 4.98926e-05 2.58561e-06 5.07312e-08 4.90459e-10 3.13124e-12 1.81391e-14 1.31692e-16 1.62451e-18 4.45495e-20 3.42781e-21 8.40726e-22 6.21255e-22 1.28791e-21 7.41523e-21 1.06425e-19 3.03648e-18 1.35952e-16 7.65851e-15 4.43015e-13 2.20793e-11 8.24544e-10 2.08984e-08 3.39712e-07 3.4869e-06 2.30179e-05 0.000101287 0.000305717 0.000635477 0.000906016 0.000914012 0.000704209 0.000449814 0.000250832 0.000123565 5.21776e-05 1.71012e-05 3.10567e-06 0 
0 0.000306007 0.000366342 9.63401e-05 8.25002e-06 2.99101e-07 5.83161e-09 7.8958e-11 9.76775e-13 1.45797e-14 3.41086e-16 1.56656e-17 1.67861e-18 4.67712e-19 3.51766e-19 6.93098e-19 3.27676e-18 3.23993e-17 5.64578e-16 1.43752e-14 4.43015e-13 1.38575e-11 3.77291e-10 7.89623e-09 1.16158e-07 1.14404e-06 7.52419e-06 3.43446e-05 0.000114854 0.000290395 0.000549328 0.000756179 0.000761121 0.000591499 0.0003809 0.000213435 0.000105386 4.45444e-05 1.46049e-05 2.65267e-06 0 
0 0.000303757 0.000464709 0.000178665 2.4994e-05 1.64208e-06 6.30885e-08 1.76795e-09 4.5594e-11 1.36796e-12 5.95133e-14 4.53777e-15 7.00974e-16 2.40245e-16 1.88732e-16 3.31628e-16 1.20885e-15 8.1409e-15 8.77108e-14 1.29037e-12 2.20793e-11 3.77291e-10 5.60862e-09 6.43434e-08 5.18104e-07 2.78344e-06 1.02327e-05 2.87852e-05 7.11065e-05 0.000163105 0.000324708 0.000499273 0.000557261 0.000463921 0.000309844 0.00017649 8.77164e-05 3.71651e-05 1.21955e-05 2.21566e-06 0 
0 0.000290153 0.000557927 0.000308938 6.89375e-05 7.90222e-06 5.71203e-07 3.15257e-08 1.61299e-09 9.28469e-11 7.20901e-12 8.82532e-13 1.91937e-13 7.99182e-14 6.54393e-14 1.03271e-13 2.95192e-13 1.38877e-12 9.54466e-12 8.39526e-11 8.24544e-10 7.89623e-09 6.43434e-08 3.86589e-07 1.47993e-06 3.28334e-06 4.58227e-06 5.68297e-06 9.67838e-06 2.60487e-05 8.30852e-05 0.000207535 0.00032631 0.000328495 0.000239547 0.000141374 7.11799e-05 3.0292e-05 9.95434e-06 1.8093e-06 0 
0 0.000265113 0.000624486 0.000485248 0.000167465 3.19214e-05 4.08207e-06 4.14742e-07 3.93332e-08 4.0742e-09 5.33528e-10 1.00155e-10 2.96698e-11 1.47313e-11 1.25262e-11 1.7946e-11 4.11965e-11 1.40199e-10 6.41646e-10 3.53842e-09 2.08984e-08 1.16158e-07 5.18104e-07 1.47993e-06 1.98513e-06 9.5425e-07 1.93797e-07 4.40326e-08 4.20888e-08 2.54375e-07 3.70261e-06 3.60212e-05 0.000131866 0.000200957 0.000174033 0.000109403 5.62686e-05 2.41092e-05 7.93906e-06 1.4439e-06 0 
0 0.000230817 0.000644671 0.000676976 0.000348643 0.00010515 2.22384e-05 3.85052e-06 6.25478e-07 1.08171e-07 2.23602e-08 6.09915e-09 2.36758e-09 1.37137e-09 1.20549e-09 1.58742e-09 3.00882e-09 7.71461e-09 2.47296e-08 9.0449e-08 3.39712e-07 1.14404e-06 2.78344e-06 3.28334e-06 9.5425e-07 3.29835e-08 1.69558e-10 1.31983e-12 4.57054e-13 2.08498e-11 9.41385e-09 1.66826e-06 3.23834e-05 0.000103625 0.000118567 8.18381e-05 4.33382e-05 1.87315e-05 6.18385e-06 1.12549e-06 0 
0 0.000191201 0.000610627 0.000825093 0.000607078 0.00027653 9.08056e-05 2.48072e-05 6.35878e-06 1.69647e-06 5.15946e-07 1.93092e-07 9.42432e-08 6.22073e-08 5.62522e-08 6.89783e-08 1.11176e-07 2.2428e-07 5.31572e-07 1.37074e-06 3.4869e-06 7.52419e-06 1.02327e-05 4.58227e-06 1.93797e-07 1.69558e-10 3.79181e-15 8.71459e-16 2.72375e-15 4.16849e-17 1.68868e-12 2.48678e-08 5.46022e-06 4.78193e-05 7.7525e-05 5.96139e-05 3.25779e-05 1.4206e-05 4.70134e-06 8.56241e-07 0 
0 0.000150801 0.000531232 0.000872662 0.000866894 0.000568947 0.000275165 0.000110959 4.16166e-05 1.58777e-05 6.63193e-06 3.2177e-06 1.89521e-06 1.39265e-06 1.28903e-06 1.49099e-06 2.10403e-06 3.48697e-06 6.45097e-06 1.24803e-05 2.30179e-05 3.43446e-05 2.87852e-05 5.68297e-06 4.40326e-08 1.31983e-12 8.71459e-16 5.96624e-17 1.14491e-16 2.38129e-17 5.69089e-16 5.64407e-10 1.12964e-06 2.37888e-05 5.13274e-05 4.28814e-05 2.39713e-05 1.05163e-05 3.48584e-06 6.35133e-07 0 
0 0.000113498 0.000427221 0.000805781 0.00100832 0.000899157 0.000610451 0.000345164 0.000178434 9.13463e-05 4.93257e-05 2.94792e-05 2.01804e-05 1.61562e-05 1.52359e-05 1.68234e-05 2.13571e-05 3.0264e-05 4.59561e-05 7.07258e-05 0.000101287 0.000114854 7.11065e-05 9.67838e-06 4.20888e-08 4.57054e-13 2.72375e-15 1.14491e-16 1.71099e-17 7.33647e-18 1.12078e-16 1.76765e-10 6.14527e-07 1.59021e-05 3.6414e-05 3.08582e-05 1.73017e-05 7.59462e-06 2.51762e-06 4.58725e-07 0 
0 8.17407e-05 0.000320631 0.000660737 0.00096879 0.00108917 0.000978283 0.000740574 0.000505088 0.00033148 0.000221202 0.000156495 0.000120824 0.000103558 9.91407e-05 0.000105571 0.000123335 0.000154488 0.000200755 0.000258273 0.000305717 0.000290395 0.000163105 2.60487e-05 2.54375e-07 2.08498e-11 4.16849e-17 2.38129e-17 7.33646e-18 5.60799e-17 1.02503e-14 1.49967e-09 1.0983e-06 1.51543e-05 2.80308e-05 2.22438e-05 1.22348e-05 5.3413e-06 1.76794e-06 3.21992e-07 0 
0 5.64518e-05 0.00022672 0.000491857 0.000794114 0.00103989 0.00114446 0.00109201 0.000939731 0.000762953 0.000610034 0.000497591 0.000424698 0.000385212 0.00037363 0.000386664 0.000422672 0.000479503 0.000550179 0.000615566 0.000635477 0.000549328 0.000324708 8.30852e-05 3.70261e-06 9.41385e-09 1.68868e-12 5.69089e-16 1.12078e-16 1.02503e-14 5.038e-11 6.49638e-08 3.63879e-06 1.74035e-05 2.23531e-05 1.58445e-05 8.43199e-06 3.64675e-06 1.20389e-06 2.19102e-07 0 
0 3.74056e-05 0.000152111 0.000339079 0.000576758 0.000823908 0.00102777 0.00114645 0.00117048 0.00112315 0.00104146 0.000957139 0.000889461 0.000846951 0.000831551 0.000841461 0.000871827 0.000913543 0.000950907 0.000959414 0.000906016 0.000756179 0.000499273 0.000207535 3.60212e-05 1.66826e-06 2.48678e-08 5.64407e-10 1.76765e-10 1.49967e-09 6.49638e-08 1.67049e-06 1.03014e-05 1.89765e-05 1.72492e-05 1.09283e-05 5.62007e-06 2.40628e-06 7.92079e-07 1.44036e-07 0 
0 2.37384e-05 9.71238e-05 0.000219371 0.000382751 0.000571131 0.000760968 0.000926689 0.00104923 0.00112254 0.00115353 0.00115643 0.00114602 0.00113339 0.00112442 0.00111987 0.0011159 0.00110473 0.00107553 0.00101592 0.000914012 0.000761121 0.000557261 0.00032631 0.000131866 3.23834e-05 5.46022e-06 1.12964e-06 6.14527e-07 1.0983e-06 3.63879e-06 1.03014e-05 1.70907e-05 1.71473e-05 1.23014e-05 7.1773e-06 3.59381e-06 1.52604e-06 5.01079e-07 9.10519e-08 0 
0 1.43611e-05 5.89217e-05 0.000133873 0.000236241 0.000359486 0.000493718 0.00062698 0.000747682 0.000847295 0.000921993 0.000972425 0.00100201 0.00101483 0.00101394 0.00100064 0.000974368 0.000933359 0.000875489 0.000799219 0.000704209 0.000591499 0.000463921 0.000328495 0.000200957 0.000103625 4.78193e-05 2.37888e-05 1.59021e-05 1.51543e-05 1.74035e-05 1.89765e-05 1.71473e-05 1.26845e-05 7.99694e-06 4.44382e-06 2.1876e-06 9.23723e-07 3.02766e-07 5.49858e-08 0 
0 8.21174e-06 3.37324e-05 7.68322e-05 0.000136219 0.000208961 0.000290609 0.000375614 0.000458056 0.000532534 0.000594925 0.000642744 0.000675022 0.000691851 0.000693869 0.000681885 0.00065676 0.000619486 0.000571354 0.000514088 0.000449814 0.0003809 0.000309844 0.000239547 0.000174033 0.000118567 7.7525e-05 5.13274e-05 3.6414e-05 2.80308e-05 2.23531e-05 1.72492e-05 1.23014e-05 7.99694e-06 4.74891e-06 2.57486e-06 1.25587e-06 5.28565e-07 1.73055e-07 3.14175e-08 0 
0 4.37457e-06 1.79788e-05 4.09907e-05 7.28067e-05 0.000112031 0.000156552 0.000203712 0.000250575 0.000294245 0.000332174 0.000362385 0.000383578 0.000395114 0.000396932 0.000389447 0.000373467 0.000350128 0.000320833 0.000287177 0.000250832 0.000213435 0.00017649 0.000141374 0.000109403 8.18381e-05 5.96139e-05 4.28814e-05 3.08582e-05 2.22438e-05 1.58445e-05 1.09283e-05 7.1773e-06 4.44382e-06 2.57486e-06 1.38086e-06 6.7051e-07 2.81724e-07 9.21822e-08 1.67318e-08 0 
0 2.11771e-06 8.70512e-06 1.98546e-05 3.5289e-05 5.43617e-05 7.60948e-05 9.92552e-05 0.000122463 0.00014432 0.000163536 0.00017904 0.000190054 0.000196134 0.000197166 0.000193343 0.000185127 0.000173188 0.000158346 0.000141502 0.000123565 0.000105386 8.77164e-05 7.11799e-05 5.62686e-05 4.33382e-05 3.25779e-05 2.39713e-05 1.73017e-05 1.22348e-05 8.43199e-06 5.62007e-06 3.59381e-06 2.1876e-06 1.25587e-06 6.7051e-07 3.24947e-07 1.36423e-07 4.46251e-08 8.09894e-09 0 
0 8.88637e-07 3.65312e-06 8.33316e-06 1.48147e-05 2.28304e-05 3.19764e-05 4.17426e-05 5.15558e-05 6.08298e-05 6.90157e-05 7.56481e-05 8.03797e-05 8.30037e-05 8.34598e-05 8.18284e-05 7.83126e-05 7.32123e-05 6.68922e-05 5.97488e-05 5.21776e-05 4.45444e-05 3.71651e-05 3.0292e-05 2.41092e-05 1.87315e-05 1.4206e-05 1.05163e-05 7.59462e-06 5.3413e-06 3.64675e-06 2.40628e-06 1.52604e-06 9.23723e-07 5.28565e-07 2.81724e-07 1.36423e-07 5.7255e-08 1.8726e-08 3.39837e-09 0 
0 2.90619e-07 1.19475e-06 2.72547e-06 4.84573e-06 7.46858e-06 1.04625e-05 1.36616e-05 1.68789e-05 1.99227e-05 2.26127e-05 2.47951e-05 2.63541e-05 2.722e-05 2.73718e-05 2.68355e-05 2.56787e-05 2.40014e-05 2.19251e-05 1.95815e-05 1.71012e-05 1.46049e-05 1.21955e-05 9.95434e-06 7.93906e-06 6.18385e-06 4.70134e-06 3.48584e-06 2.51762e-06 1.76794e-06 1.20389e-06 7.92079e-07 5.01079e-07 3.02766e-07 1.73055e-07 9.21822e-08 4.46251e-08 1.8726e-08 6.12422e-09 1.11139e-09 0 
0 5.27395e-08 2.16816e-07 4.94612e-07 8.79416e-07 1.35548e-06 1.89897e-06 2.4798e-06 3.06411e-06 3.61709e-06 4.106e-06 4.5028e-06 4.78638e-06 4.94395e-06 4.97164e-06 4.87418e-06 4.66388e-06 4.35898e-06 3.98168e-06 3.55597e-06 3.10567e-06 2.65267e-06 2.21566e-06 1.8093e-06 1.4439e-06 1.12549e-06 8.56241e-07 6.35133e-07 4.58725e-07 3.21992e-07 2.19102e-07 1.44036e-07 9.10519e-08 5.49858e-08 3.14175e-08 1.67318e-08 8.09894e-09 3.39837e-09 1.11139e-09 2.01686e-10 0 
0 0 0 0 0 0 0 0 0 0 0 0 0 0 0 0 0 0 0 0 0 0 0 0 0 0 0 0 0 0 0 0 0 0 0 0 0 0 0 0 0 
