0 0 0 0 0 0 0 0 0 0 0 0 0 0 0 0 0 0 0 0 0 0 0 0 0 0 0 0 0 0 0 0 0 0 0 0 0 0 0 0 0 
0 1.31907e-05 5.14043e-05 0.000106491 0.000162864 0.000204374 0.000223087 0.000221259 0.000206576 0.000186855 0.00016757 0.000151687 0.000140431 0.000134088 0.000132551 0.000135596 0.000142946 0.000154186 0.000168594 0.000184926 0.000201269 0.000215064 0.000223411 0.000223685 0.000214301 0.000195372 0.000168884 0.000138222 0.000107182 7.89198e-05 5.533e-05 3.70074e-05 2.36119e-05 1.43251e-05 8.20259e-06 4.37251e-06 2.1173e-06 8.88571e-07 2.90611e-07 5.27389e-08 0 
0 5.14043e-05 0.000185723 0.000333001 0.000405171 0.000374835 0.000286905 0.00019548 0.000125963 8.06543e-05 5.34475e-05 3.78795e-05 2.94256e-05 2.54465e-05 2.46472e-05 2.66589e-05 3.18467e-05 4.12927e-05 5.68622e-05 8.11918e-05 0.000117334 0.00016772 0.00023226 0.000305955 0.000377403 0.000430278 0.000449032 0.00042675 0.000369557 0.000293395 0.00021562 0.000148165 9.58882e-05 5.85784e-05 3.36476e-05 1.79603e-05 8.7016e-06 3.65256e-06 1.19468e-06 2.16812e-07 0 
0 0.000106491 0.000333001 0.000454954 0.000369579 0.000208147 9.2436e-05 3.5872e-05 1.3243e-05 5.01777e-06 2.08982e-06 1.01425e-06 5.99793e-07 4.4452e-07 4.17201e-07 4.92491e-07 7.15234e-07 1.23489e-06 2.42948e-06 5.19964e-06 1.15593e-05 2.55793e-05 5.43266e-05 0.00010755 0.000194028 0.000313273 0.000445589 0.000550855 0.000587385 0.000541966 0.000439261 0.000319652 0.00021324 0.000132189 7.64249e-05 4.0904e-05 1.98386e-05 8.33069e-06 2.72518e-06 4.94594e-07 0 
0 0.000162864 0.000405171 0.000369579 0.000173758 5.17165e-05 1.13746e-05 2.09829e-06 3.66296e-07 6.81304e-08 1.50827e-08 4.37032e-09 1.78221e-09 1.07042e-09 9.62497e-10 1.28015e-09 2.42643e-09 6.18965e-09 1.97988e-08 7.35026e-08 2.93166e-07 1.16975e-06 4.39355e-06 1.48157e-05 4.34046e-05 0.000108274 0.000227172 0.000396508 0.000568342 0.000663197 0.000634726 0.000512136 0.000361488 0.000230345 0.000134808 7.25123e-05 3.5236e-05 1.48067e-05 4.84482e-06 8.7936e-07 0 
0 0.000204374 0.000374835 0.000208147 5.17165e-05 7.23688e-06 6.77599e-07 5.00726e-08 3.47071e-09 2.68492e-10 2.72831e-11 4.18826e-12 1.08064e-12 5.00985e-13 4.27321e-13 6.58342e-13 1.73231e-12 7.1468e-12 4.15986e-11 3.04431e-10 2.49643e-09 2.0617e-08 1.56471e-07 1.01555e-06 5.36215e-06 2.2396e-05 7.32854e-05 0.000187977 0.000377542 0.00058837 0.000706877 0.000666064 0.000514653 0.000343282 0.000205062 0.000111226 5.42192e-05 2.28095e-05 7.46625e-06 1.35533e-06 0 
0 0.000223087 0.000286905 9.2436e-05 1.13746e-05 6.77599e-07 2.39134e-08 6.21086e-10 1.49969e-11 4.26481e-13 1.78294e-14 1.32551e-15 2.02694e-16 6.98764e-17 5.61085e-17 1.02272e-16 3.91634e-16 2.79812e-15 3.22476e-14 5.11734e-13 9.5474e-12 1.80882e-10 3.06737e-09 4.21322e-08 4.36842e-07 3.28298e-06 1.76542e-05 6.85149e-05 0.000195225 0.000411976 0.00064007 0.000732894 0.000641279 0.000457189 0.000281628 0.000154698 7.57701e-05 3.19293e-05 1.04574e-05 1.89866e-06 0 
0 0.000221259 0.00019548 3.5872e-05 2.09829e-06 5.00726e-08 6.21086e-10 5.26807e-12 4.11846e-14 4.0156e-16 6.5002e-18 2.50207e-19 4.59239e-20 2.78416e-20 2.53391e-20 3.06056e-20 7.01739e-20 6.09252e-19 1.40948e-17 5.11989e-16 2.30087e-14 1.05909e-12 4.2444e-11 1.30145e-09 2.78459e-08 3.93683e-07 3.60802e-06 2.16768e-05 8.80775e-05 0.000249909 0.000501223 0.000708026 0.000718205 0.000557615 0.000357914 0.000200024 9.86122e-05 4.16504e-05 1.36516e-05 2.47922e-06 0 
0 0.000206576 0.000125963 1.3243e-05 3.66296e-07 3.47071e-09 1.49969e-11 4.11846e-14 1.03308e-16 3.5035e-19 5.93477e-21 1.26791e-21 6.92289e-22 6.54565e-22 6.42577e-22 6.02523e-22 7.00514e-22 1.56181e-21 9.30232e-21 4.69337e-19 5.06145e-17 5.69961e-15 5.43235e-13 3.74185e-11 1.66317e-09 4.45591e-08 7.01235e-07 6.55586e-06 3.78901e-05 0.000142546 0.000362221 0.000626163 0.000741458 0.000634195 0.000427633 0.000244124 0.000121337 5.13955e-05 1.68617e-05 3.06312e-06 0 
0 0.000186855 8.06543e-05 5.01777e-06 6.81304e-08 2.68492e-10 4.26481e-13 4.0156e-16 3.5035e-19 1.378e-21 1.13795e-22 6.78022e-23 5.69908e-23 6.07592e-23 6.0893e-23 5.36856e-23 4.9971e-23 5.80387e-23 9.89734e-23 1.16598e-21 1.50268e-19 3.90067e-17 8.45928e-15 1.25559e-12 1.11696e-10 5.49401e-09 1.44725e-07 2.06392e-06 1.66727e-05 8.14662e-05 0.000255617 0.00052879 0.000724446 0.000683737 0.000486162 0.000284186 0.000142555 6.05793e-05 1.98961e-05 3.61557e-06 0 
0 0.00016757 5.34475e-05 2.08982e-06 1.50827e-08 2.72831e-11 1.78294e-14 6.5002e-18 5.93477e-21 1.13795e-22 1.50287e-23 9.26778e-24 9.10158e-24 1.00306e-23 1.00859e-23 8.77575e-24 7.32366e-24 6.20394e-24 6.736e-24 3.03748e-23 1.29266e-21 4.62621e-19 2.07272e-16 6.0799e-14 1.00096e-11 8.44321e-10 3.51645e-08 7.30699e-07 7.95722e-06 4.89646e-05 0.000183995 0.000442301 0.000687094 0.000709755 0.00053128 0.000318021 0.000161033 6.86607e-05 2.25752e-05 4.10386e-06 0 
0 0.000151687 3.78795e-05 1.01425e-06 4.37032e-09 4.18826e-12 1.32551e-15 2.50207e-19 1.26791e-21 6.78023e-23 9.26778e-24 2.91615e-24 2.11096e-24 2.15247e-24 2.12559e-24 1.8378e-24 1.45437e-24 1.11039e-24 1.24121e-24 5.32575e-24 9.72312e-23 1.37249e-20 9.96607e-18 5.09709e-15 1.38644e-12 1.81588e-10 1.09937e-08 3.10833e-07 4.32375e-06 3.21175e-05 0.000139427 0.000376849 0.000646397 0.000719391 0.000562992 0.000344233 0.000175803 7.51884e-05 2.47467e-05 4.50005e-06 0 
0 0.000140431 2.94256e-05 5.99793e-07 1.78221e-09 1.08064e-12 2.02694e-16 4.59239e-20 6.9229e-22 5.69908e-23 9.10158e-24 2.11096e-24 8.23671e-25 5.85897e-25 5.19856e-25 4.38326e-25 3.41751e-25 2.84563e-25 4.88243e-25 2.43963e-24 2.92695e-23 1.68256e-21 1.1156e-18 8.49933e-16 3.31978e-13 5.97029e-11 4.73345e-09 1.67148e-07 2.77514e-06 2.36161e-05 0.00011365 0.000333448 0.000613064 0.000720084 0.000582687 0.000362163 0.000186208 7.98325e-05 2.62965e-05 4.78311e-06 0 
0 0.000134088 2.54465e-05 4.4452e-07 1.07042e-09 5.00985e-13 6.98764e-17 2.78416e-20 6.54565e-22 6.07593e-23 1.00306e-23 2.15247e-24 5.85898e-25 2.40002e-25 1.53627e-25 1.17459e-25 9.58611e-26 1.14753e-25 3.30083e-25 1.79567e-24 1.84696e-23 6.98301e-22 3.24013e-19 3.07355e-16 1.47346e-13 3.17086e-11 2.92875e-09 1.17301e-07 2.15308e-06 1.97896e-05 0.000100925 0.000309945 0.000592329 0.000717497 0.000592149 0.00037171 0.000191908 8.24015e-05 2.71566e-05 4.94036e-06 0 
0 0.000132551 2.46472e-05 4.17201e-07 9.62497e-10 4.27321e-13 5.61085e-17 2.53391e-20 6.42577e-22 6.0893e-23 1.00859e-23 2.12559e-24 5.19856e-25 1.53628e-25 6.36389e-26 3.91885e-26 3.75244e-26 7.59791e-26 2.93543e-25 1.65916e-24 1.66956e-23 5.87481e-22 2.50698e-19 2.48448e-16 1.24226e-13 2.77382e-11 2.64379e-09 1.08666e-07 2.03604e-06 1.90095e-05 9.80859e-05 0.000304031 0.000585857 0.000714753 0.000592804 0.000373107 0.000192854 8.28445e-05 2.73069e-05 4.96797e-06 0 
0 0.000135596 2.66589e-05 4.92491e-07 1.28015e-09 6.58342e-13 1.02272e-16 3.06056e-20 6.02523e-22 5.36856e-23 8.77576e-24 1.83781e-24 4.38326e-25 1.17459e-25 3.91885e-26 2.09782e-26 2.54591e-26 7.04377e-26 3.01451e-25 1.79524e-24 1.98849e-23 8.94077e-22 4.98799e-19 4.37963e-16 1.95053e-13 3.93568e-11 3.44146e-09 1.31739e-07 2.33193e-06 2.0837e-05 0.000104008 0.000314221 0.000593088 0.000712433 0.000585355 0.000366769 0.000189241 8.12426e-05 2.67737e-05 4.87067e-06 0 
0 0.000142946 3.18467e-05 7.15234e-07 2.42643e-09 1.73231e-12 3.91634e-16 7.01739e-20 7.00514e-22 4.99711e-23 7.32367e-24 1.45437e-24 3.41751e-25 9.58611e-26 3.75244e-26 2.54591e-26 3.35588e-26 8.65984e-26 3.71386e-25 2.50873e-24 3.71165e-23 3.09727e-21 2.36181e-18 1.56413e-15 5.3766e-13 8.6466e-11 6.23354e-09 2.03481e-07 3.17186e-06 2.56981e-05 0.000119124 0.000339717 0.00061164 0.000708851 0.000569774 0.000353233 0.000181478 7.77913e-05 2.56236e-05 4.66074e-06 0 
0 0.000154186 4.12927e-05 1.23489e-06 6.18965e-09 7.1468e-12 2.79812e-15 6.09252e-19 1.56181e-21 5.80388e-23 6.20394e-24 1.11039e-24 2.84563e-25 1.14753e-25 7.59791e-26 7.04376e-26 8.65984e-26 1.67477e-25 6.39037e-25 5.34586e-24 1.53596e-22 3.5355e-20 2.32528e-17 1.01124e-14 2.37646e-12 2.73829e-10 1.48643e-08 3.83961e-07 4.96657e-06 3.48569e-05 0.000144922 0.000379396 0.000636849 0.000700408 0.000545559 0.000333172 0.000170142 7.27768e-05 2.39553e-05 4.35635e-06 0 
0 0.000168594 5.68622e-05 2.42948e-06 1.97988e-08 4.15986e-11 3.22476e-14 1.40948e-17 9.30232e-21 9.89734e-23 6.736e-24 1.24121e-24 4.88243e-25 3.30083e-25 2.93543e-25 3.0145e-25 3.71385e-25 6.39036e-25 2.38544e-24 3.07183e-23 2.57331e-21 1.02576e-18 4.00368e-16 1.02957e-13 1.50453e-11 1.14243e-09 4.34759e-08 8.37944e-07 8.58642e-06 5.03831e-05 0.000182788 0.000429574 0.000660682 0.000682076 0.000512141 0.000307455 0.000155952 6.65492e-05 2.18886e-05 3.97958e-06 0 
0 0.000184926 8.11918e-05 5.19964e-06 7.35026e-08 3.04431e-10 5.11734e-13 5.11989e-16 4.69337e-19 1.16598e-21 3.03748e-23 5.32575e-24 2.43962e-24 1.79567e-24 1.65916e-24 1.79524e-24 2.50873e-24 5.34586e-24 3.07183e-23 1.06018e-21 1.95031e-19 4.85224e-17 1.00067e-14 1.41524e-12 1.20225e-10 5.66175e-09 1.43309e-07 1.97377e-06 1.54988e-05 7.42016e-05 0.000230627 0.000479799 0.000670507 0.000648157 0.000469316 0.000277181 0.000139715 5.94918e-05 1.95539e-05 3.55438e-06 0 
0 0.000201269 0.000117334 1.15593e-05 2.93166e-07 2.49643e-09 9.5474e-12 2.30087e-14 5.06145e-17 1.50268e-19 1.29266e-21 9.72312e-23 2.92695e-23 1.84696e-23 1.66956e-23 1.98849e-23 3.71165e-23 1.53596e-22 2.57331e-21 1.95031e-19 2.3289e-17 2.88686e-15 3.01074e-13 2.24199e-11 1.05922e-09 2.95984e-08 4.78055e-07 4.54719e-06 2.67477e-05 0.000103307 0.000274214 0.00050653 0.000648722 0.000593363 0.000417587 0.000243665 0.000122278 5.19914e-05 1.70811e-05 3.1045e-06 0 
0 0.000215064 0.00016772 2.55793e-05 1.16975e-06 2.0617e-08 1.80882e-10 1.05909e-12 5.69961e-15 3.90067e-17 4.62621e-19 1.37249e-20 1.68256e-21 6.98301e-22 5.87481e-22 8.94077e-22 3.09727e-21 3.5355e-20 1.02576e-18 4.85224e-17 2.88686e-15 1.7564e-13 9.12686e-12 3.49666e-10 8.86637e-09 1.3989e-07 1.36174e-06 8.53121e-06 3.68646e-05 0.000116408 0.000273619 0.000469585 0.000575429 0.000514212 0.000358307 0.000208367 0.000104468 4.44104e-05 1.45903e-05 2.65182e-06 0 
0 0.000223411 0.00023226 5.43266e-05 4.39355e-06 1.56471e-07 3.06737e-09 4.2444e-11 5.43235e-13 8.45928e-15 2.07272e-16 9.96607e-18 1.1156e-18 3.24013e-19 2.50698e-19 4.98799e-19 2.36181e-18 2.32528e-17 4.00368e-16 1.00067e-14 3.01074e-13 9.12686e-12 2.37085e-10 4.57805e-09 5.85695e-08 4.64998e-07 2.34317e-06 8.49802e-06 2.61013e-05 7.33845e-05 0.000178352 0.000332527 0.00043854 0.000411009 0.000293737 0.000172798 8.70401e-05 3.70656e-05 1.21846e-05 2.21502e-06 0 
0 0.000223685 0.000305955 0.00010755 1.48157e-05 1.01555e-06 4.21322e-08 1.30145e-09 3.74185e-11 1.25559e-12 6.0799e-14 5.09709e-15 8.49933e-16 3.07355e-16 2.48448e-16 4.37963e-16 1.56413e-15 1.01124e-14 1.02957e-13 1.41524e-12 2.24199e-11 3.49666e-10 4.57805e-09 4.24569e-08 2.33826e-07 6.78356e-07 1.12815e-06 1.59557e-06 3.18761e-06 1.06918e-05 4.368e-05 0.000136721 0.000256694 0.000291331 0.000227267 0.000138474 7.06451e-05 3.02135e-05 9.9458e-06 1.8088e-06 0 
0 0.000214301 0.000377403 0.000194028 4.34046e-05 5.36215e-06 4.36842e-07 2.78459e-08 1.66317e-09 1.11696e-10 1.00096e-11 1.38644e-12 3.31978e-13 1.47346e-13 1.24226e-13 1.95053e-13 5.3766e-13 2.37646e-12 1.50453e-11 1.20225e-10 1.05922e-09 8.86637e-09 5.85695e-08 2.33826e-07 3.89276e-07 1.94493e-07 3.48178e-08 6.85611e-09 6.94786e-09 5.91484e-08 1.37783e-06 2.01892e-05 9.737e-05 0.000174262 0.000163912 0.000106928 5.58134e-05 2.40432e-05 7.932e-06 1.44349e-06 0 
0 0.000195372 0.000430278 0.000313273 0.000108274 2.2396e-05 3.28298e-06 3.93683e-07 4.45591e-08 5.49401e-09 8.44321e-10 1.81588e-10 5.97029e-11 3.17086e-11 2.77382e-11 3.93568e-11 8.6466e-11 2.73829e-10 1.14243e-09 5.66175e-09 2.95984e-08 1.3989e-07 4.64998e-07 6.78356e-07 1.94493e-07 4.63859e-09 1.18556e-11 4.18056e-14 1.15225e-14 1.26573e-12 1.54914e-09 6.36466e-07 2.06613e-05 8.55889e-05 0.000110019 7.96472e-05 4.29384e-05 1.86748e-05 6.1779e-06 1.12515e-06 0 
0 0.000168884 0.000449032 0.000445589 0.000227172 7.32854e-05 1.76542e-05 3.60802e-06 7.01235e-07 1.44725e-07 3.51645e-08 1.09937e-08 4.73345e-09 2.92875e-09 2.64379e-09 3.44146e-09 6.23354e-09 1.48643e-08 4.34759e-08 1.43309e-07 4.78055e-07 1.36174e-06 2.34317e-06 1.12815e-06 3.48178e-08 1.18556e-11 3.12767e-16 2.34912e-15 1.42086e-15 8.29775e-15 8.02319e-14 5.31531e-09 2.81744e-06 3.69799e-05 7.0611e-05 5.77327e-05 3.2237e-05 1.41586e-05 4.69648e-06 8.55971e-07 0 
0 0.000138222 0.00042675 0.000550855 0.000396508 0.000187977 6.85149e-05 2.16768e-05 6.55586e-06 2.06392e-06 7.30699e-07 3.10833e-07 1.67148e-07 1.17301e-07 1.08666e-07 1.31739e-07 2.03481e-07 3.83961e-07 8.37944e-07 1.97377e-06 4.54719e-06 8.53121e-06 8.49802e-06 1.59557e-06 6.85611e-09 4.18056e-14 2.34912e-15 6.1976e-16 5.22193e-16 1.59061e-15 1.86879e-14 7.04236e-11 4.82871e-07 1.74207e-05 4.61039e-05 4.1393e-05 2.37035e-05 1.04797e-05 3.48215e-06 6.34931e-07 0 
0 0.000107182 0.000369557 0.000587385 0.000568342 0.000377542 0.000195225 8.80775e-05 3.78901e-05 1.66727e-05 7.95722e-06 4.32375e-06 2.77514e-06 2.15308e-06 2.03604e-06 2.33193e-06 3.17186e-06 4.96657e-06 8.58642e-06 1.54988e-05 2.67477e-05 3.68646e-05 2.61013e-05 3.18761e-06 6.94786e-09 1.15225e-14 1.42086e-15 5.22193e-16 1.33928e-15 6.36094e-15 1.15737e-13 1.91836e-11 2.52331e-07 1.15515e-05 3.26995e-05 2.98051e-05 1.71145e-05 7.56931e-06 2.51508e-06 4.58586e-07 0 
0 7.89198e-05 0.000293395 0.000541966 0.000663197 0.00058837 0.000411976 0.000249909 0.000142546 8.14662e-05 4.89646e-05 3.21175e-05 2.36161e-05 1.97896e-05 1.90095e-05 2.0837e-05 2.56981e-05 3.48569e-05 5.03831e-05 7.42016e-05 0.000103307 0.000116408 7.33845e-05 1.06918e-05 5.91484e-08 1.26573e-12 8.29775e-15 1.59061e-15 6.36094e-15 1.02959e-15 6.98023e-16 2.44606e-10 5.22104e-07 1.15603e-05 2.55724e-05 2.15916e-05 1.21208e-05 5.32591e-06 1.76639e-06 3.21907e-07 0 
0 5.533e-05 0.00021562 0.000439261 0.000634726 0.000706877 0.00064007 0.000501223 0.000362221 0.000255617 0.000183995 0.000139427 0.00011365 0.000100925 9.80859e-05 0.000104008 0.000119124 0.000144922 0.000182788 0.000230627 0.000274214 0.000273619 0.000178352 4.368e-05 1.37783e-06 1.54914e-09 8.02319e-14 1.86879e-14 1.15737e-13 6.98023e-16 4.99794e-12 2.00689e-08 2.2044e-06 1.43958e-05 2.09161e-05 1.5498e-05 8.37223e-06 3.63861e-06 1.20306e-06 2.19056e-07 0 
0 3.70074e-05 0.000148165 0.000319652 0.000512136 0.000666064 0.000732894 0.000708026 0.000626163 0.00052879 0.000442301 0.000376849 0.000333448 0.000309945 0.000304031 0.000314221 0.000339717 0.000379396 0.000429574 0.000479799 0.00050653 0.000469585 0.000332527 0.000136721 2.01892e-05 6.36466e-07 5.31531e-09 7.04236e-11 1.91836e-11 2.44606e-10 2.00689e-08 8.96896e-07 7.78343e-06 1.69632e-05 1.65517e-05 1.07727e-05 5.59327e-06 2.40256e-06 7.91691e-07 1.44014e-07 0 
0 2.36119e-05 9.58882e-05 0.00021324 0.000361488 0.000514653 0.000641279 0.000718205 0.000741458 0.000724446 0.000687094 0.000646397 0.000613064 0.000592329 0.000585857 0.000593088 0.00061164 0.000636849 0.000660682 0.000670507 0.000648722 0.000575429 0.00043854 0.000256694 9.737e-05 2.06613e-05 2.81744e-06 4.82871e-07 2.52331e-07 5.22104e-07 2.2044e-06 7.78343e-06 1.49388e-05 1.61907e-05 1.20286e-05 7.11861e-06 3.58352e-06 1.52457e-06 5.0092e-07 9.10426e-08 0 
0 1.43251e-05 5.85784e-05 0.000132189 0.000230345 0.000343282 0.000457189 0.000557615 0.000634195 0.000683737 0.000709755 0.000719391 0.000720084 0.000717497 0.000714753 0.000712433 0.000708851 0.000700408 0.000682076 0.000648157 0.000593363 0.000514212 0.000411009 0.000291331 0.000174262 8.55889e-05 3.69799e-05 1.74207e-05 1.15515e-05 1.15603e-05 1.43958e-05 1.69632e-05 1.61907e-05 1.2357e-05 7.91035e-06 4.42508e-06 2.1842e-06 9.23217e-07 3.02709e-07 5.49824e-08 0 
0 8.20259e-06 3.36476e-05 7.64249e-05 0.000134808 0.000205062 0.000281628 0.000357914 0.000427633 0.000486162 0.00053128 0.000562992 0.000582687 0.000592149 0.000592804 0.000585355 0.000569774 0.000545559 0.000512141 0.000469316 0.000417587 0.000358307 0.000293737 0.000227267 0.000163912 0.000110019 7.0611e-05 4.61039e-05 3.26995e-05 2.55724e-05 2.09161e-05 1.65517e-05 1.20286e-05 7.91035e-06 4.72606e-06 2.56975e-06 1.2549e-06 5.28414e-07 1.73037e-07 3.14164e-08 0 
0 4.37251e-06 1.79603e-05 4.0904e-05 7.25123e-05 0.000111226 0.000154698 0.000200024 0.000244124 0.000284186 0.000318021 0.000344233 0.000362163 0.00037171 0.000373107 0.000366769 0.000353233 0.000333172 0.000307455 0.000277181 0.000243665 0.000208367 0.000172798 0.000138474 0.000106928 7.96472e-05 5.77327e-05 4.1393e-05 2.98051e-05 2.15916e-05 1.5498e-05 1.07727e-05 7.11861e-06 4.42508e-06 2.56975e-06 1.37967e-06 6.70272e-07 2.81685e-07 9.21774e-08 1.67315e-08 0 
0 2.1173e-06 8.7016e-06 1.98386e-05 3.5236e-05 5.42192e-05 7.57701e-05 9.86122e-05 0.000121337 0.000142555 0.000161033 0.000175803 0.000186208 0.000191908 0.000192854 0.000189241 0.000181478 0.000170142 0.000155952 0.000139715 0.000122278 0.000104468 8.70401e-05 7.06451e-05 5.58134e-05 4.29384e-05 3.2237e-05 2.37035e-05 1.71145e-05 1.21208e-05 8.37223e-06 5.59327e-06 3.58352e-06 2.1842e-06 1.2549e-06 6.70272e-07 3.24897e-07 1.36414e-07 4.4624e-08 8.09886e-09 0 
0 8.88571e-07 3.65256e-06 8.33069e-06 1.48067e-05 2.28095e-05 3.19293e-05 4.16504e-05 5.13955e-05 6.05793e-05 6.86607e-05 7.51884e-05 7.98325e-05 8.24015e-05 8.28445e-05 8.12426e-05 7.77913e-05 7.27768e-05 6.65492e-05 5.94918e-05 5.19914e-05 4.44104e-05 3.70656e-05 3.02135e-05 2.40432e-05 1.86748e-05 1.41586e-05 1.04797e-05 7.56931e-06 5.32591e-06 3.63861e-06 2.40256e-06 1.52457e-06 9.23217e-07 5.28414e-07 2.81685e-07 1.36414e-07 5.72535e-08 1.87258e-08 3.39836e-09 0 
0 2.90611e-07 1.19468e-06 2.72518e-06 4.84482e-06 7.46625e-06 1.04574e-05 1.36516e-05 1.68617e-05 1.98961e-05 2.25752e-05 2.47467e-05 2.62965e-05 2.71566e-05 2.73069e-05 2.67737e-05 2.56236e-05 2.39553e-05 2.18886e-05 1.95539e-05 1.70811e-05 1.45903e-05 1.21846e-05 9.9458e-06 7.932e-06 6.1779e-06 4.69648e-06 3.48215e-06 2.51508e-06 1.76639e-06 1.20306e-06 7.91691e-07 5.0092e-07 3.02709e-07 1.73037e-07 9.21774e-08 4.4624e-08 1.87258e-08 6.12419e-09 1.11139e-09 0 
0 5.27389e-08 2.16812e-07 4.94594e-07 8.7936e-07 1.35533e-06 1.89866e-06 2.47922e-06 3.06312e-06 3.61557e-06 4.10386e-06 4.50005e-06 4.78311e-06 4.94036e-06 4.96797e-06 4.87067e-06 4.66074e-06 4.35635e-06 3.97958e-06 3.55438e-06 3.1045e-06 2.65182e-06 2.21502e-06 1.8088e-06 1.44349e-06 1.12515e-06 8.55971e-07 6.34931e-07 4.58586e-07 3.21907e-07 2.19056e-07 1.44014e-07 9.10426e-08 5.49824e-08 3.14164e-08 1.67315e-08 8.09886e-09 3.39836e-09 1.11139e-09 2.01686e-10 0 
0 0 0 0 0 0 0 0 0 0 0 0 0 0 0 0 0 0 0 0 0 0 0 0 0 0 0 0 0 0 0 0 0 0 0 0 0 0 0 0 0 
