0 0 0 0 0 0 0 0 0 0 0 0 0 0 0 0 0 0 0 0 0 0 0 0 0 0 0 0 0 0 0 0 0 0 0 0 0 0 0 0 0 
0 1.37578e-05 5.63865e-05 0.000127844 0.000224763 0.000340028 0.000463227 0.000582466 0.000687219 0.000770866 0.000831583 0.00087139 0.000894236 0.000904155 0.000904069 0.0008953 0.000877646 0.000849836 0.00081025 0.000757773 0.000692579 0.000616607 0.000533506 0.00044802 0.000365035 0.000288659 0.000221658 0.00016534 0.000119782 8.42014e-05 5.73258e-05 3.76877e-05 2.38212e-05 1.43831e-05 8.21707e-06 4.37572e-06 2.11793e-06 8.88672e-07 2.90623e-07 5.27398e-08 0 
0 5.63865e-05 0.000230072 0.00051665 0.000891567 0.00130606 0.00169348 0.00199059 0.00216357 0.00221889 0.00219197 0.00212614 0.00205725 0.00200826 0.00199019 0.00200483 0.00204654 0.002103 0.00215557 0.00218106 0.00215599 0.00206333 0.00189911 0.00167504 0.00141498 0.0011468 0.000894397 0.000673244 0.000490156 0.000345424 0.000235453 0.000154878 9.79159e-05 5.91269e-05 3.37804e-05 1.79889e-05 8.70697e-06 3.65341e-06 1.19478e-06 2.16818e-07 0 
0 0.000127844 0.00051665 0.00113555 0.0018778 0.00255391 0.00295788 0.00299193 0.00272613 0.00232365 0.00192729 0.00161156 0.00139675 0.0012783 0.0012468 0.00129658 0.00142715 0.00164009 0.00193191 0.00228325 0.00264792 0.00295135 0.00310897 0.00306266 0.00281214 0.00241468 0.00195362 0.00150242 0.00110654 0.000784321 0.000536065 0.000353034 0.000223303 0.000134869 7.70589e-05 4.10368e-05 1.98628e-05 8.3344e-06 2.72561e-06 4.94621e-07 0 
0 0.000224763 0.000891567 0.0018778 0.00285196 0.00335355 0.00314201 0.00243736 0.00165929 0.00106074 0.000678953 0.00045892 0.000340823 0.000285297 0.000272343 0.000296102 0.000362065 0.000487083 0.000700323 0.00104056 0.00154131 0.00219572 0.00291145 0.00350298 0.00377191 0.0036348 0.0031718 0.00255135 0.00192536 0.0013813 0.000949358 0.000626716 0.0003968 0.000239747 0.000137001 7.29622e-05 3.53161e-05 1.48186e-05 4.84617e-06 8.79443e-07 0 
0 0.000340028 0.00130606 0.00255391 0.00335355 0.00311197 0.0021175 0.0011361 0.000529857 0.000236966 0.000110722 5.79314e-05 3.57424e-05 2.68836e-05 2.50128e-05 2.86931e-05 3.98103e-05 6.46966e-05 0.000118163 0.000231432 0.000462706 0.000898916 0.0016184 0.00258765 0.00355798 0.00414787 0.00413237 0.00360837 0.00284977 0.00209165 0.0014527 0.000963274 0.000610975 0.0003694 0.000211142 0.000112457 5.44344e-05 2.28409e-05 7.46972e-06 1.35554e-06 0 
0 0.000463227 0.00169348 0.00295788 0.00314201 0.0021175 0.000969547 0.000339337 0.000103555 3.11185e-05 1.0231e-05 4.01471e-06 2.00906e-06 1.3385e-06 1.20939e-06 1.4739e-06 2.35848e-06 4.74103e-06 1.13179e-05 3.01336e-05 8.39048e-05 0.000229574 0.000582202 0.0012964 0.00241652 0.00364488 0.00441142 0.00438168 0.00372884 0.00284388 0.00201052 0.00134324 0.000854516 0.000517221 0.000295751 0.000157541 7.62609e-05 3.19998e-05 1.04651e-05 1.89911e-06 0 
0 0.000582466 0.00199059 0.00299193 0.00243736 0.0011361 0.000339337 7.58778e-05 1.48418e-05 2.92857e-06 6.61772e-07 1.90696e-07 7.6149e-08 4.44911e-08 3.89243e-08 5.06039e-08 9.43669e-08 2.38294e-07 7.57491e-07 2.79572e-06 1.10393e-05 4.31705e-05 0.00015597 0.000489469 0.00126239 0.00255161 0.00392837 0.00463898 0.0043934 0.00354804 0.00257708 0.00174176 0.00111308 0.000674853 0.000386113 0.000205716 9.95874e-05 4.17888e-05 1.36665e-05 2.48009e-06 0 
0 0.000687219 0.00216357 0.00272613 0.00165929 0.000529857 0.000103555 1.48418e-05 1.85854e-06 2.3966e-07 3.69861e-08 7.77661e-09 2.46467e-09 1.25816e-09 1.06399e-09 1.47615e-09 3.21544e-09 1.02391e-08 4.35488e-08 2.23878e-07 1.25814e-06 7.03776e-06 3.60981e-05 0.000158426 0.000560895 0.00152044 0.00302663 0.00436804 0.00472854 0.00411823 0.00310349 0.00213127 0.0013706 0.000832909 0.000476926 0.000254168 0.000123054 5.1637e-05 1.68873e-05 3.06459e-06 0 
0 0.000770866 0.00221889 0.00232365 0.00106074 0.000236966 3.11185e-05 2.92857e-06 2.3966e-07 2.05523e-08 2.19774e-09 3.40959e-10 8.64174e-11 3.86866e-11 3.16201e-11 4.66386e-11 1.1784e-10 4.68643e-10 2.63569e-09 1.8623e-08 1.46783e-07 1.15573e-06 8.26398e-06 4.96517e-05 0.000235583 0.000837654 0.00213127 0.00377398 0.00473222 0.00450177 0.00354804 0.00248536 0.00161097 0.00098182 0.000562755 0.000300008 0.000145262 6.09582e-05 1.9936e-05 3.61785e-06 0 
0 0.000831583 0.00219197 0.00192729 0.000678953 0.000110722 1.0231e-05 6.61772e-07 3.69861e-08 2.19774e-09 1.68832e-10 1.9901e-11 4.11865e-12 1.63548e-12 1.29404e-12 2.01337e-12 5.80528e-12 2.81672e-11 2.03539e-10 1.91377e-09 2.04435e-08 2.18813e-07 2.10649e-06 1.67304e-05 0.000102645 0.000461989 0.00145768 0.00311247 0.00450467 0.00469638 0.00388576 0.00278267 0.00181979 0.00111273 0.000638508 0.000340519 0.000164896 6.92002e-05 2.26317e-05 4.10706e-06 0 
0 0.00087139 0.00212614 0.00161156 0.00045892 5.79314e-05 4.01471e-06 1.90696e-07 7.77661e-09 3.40959e-10 1.9901e-11 1.86593e-12 3.25912e-13 1.16939e-13 8.98695e-14 1.45831e-13 4.68167e-13 2.674e-12 2.37533e-11 2.82777e-10 3.88475e-09 5.3618e-08 6.60251e-07 6.60183e-06 4.99931e-05 0.000272382 0.00102284 0.00255021 0.00418172 0.00474293 0.00411186 0.00300951 0.00198578 0.00121825 0.000699864 0.000373381 0.000180831 7.58902e-05 2.48199e-05 4.50418e-06 0 
0 0.000894236 0.00205725 0.00139675 0.000340823 3.57424e-05 2.00906e-06 7.6149e-08 2.46467e-09 8.64174e-11 4.11865e-12 3.25912e-13 5.015e-14 1.66601e-14 1.24975e-14 2.08565e-14 7.22599e-14 4.6419e-13 4.79009e-12 6.77387e-11 1.11886e-09 1.8614e-08 2.74741e-07 3.25464e-06 2.87652e-05 0.000180179 0.000767983 0.00214684 0.00387345 0.00470064 0.00423738 0.00316012 0.00210154 0.00129306 0.000743602 0.00039685 0.000192218 8.06718e-05 2.6384e-05 4.78804e-06 0 
0 0.000904155 0.00200826 0.0012783 0.000285297 2.68836e-05 1.3385e-06 4.44911e-08 1.25816e-09 3.86866e-11 1.63548e-12 1.16939e-13 1.66601e-14 5.27232e-15 3.8845e-15 6.56401e-15 2.36903e-14 1.62482e-13 1.82557e-12 2.8501e-11 5.23862e-10 9.72091e-09 1.59626e-07 2.09055e-06 2.02542e-05 0.000137866 0.000633997 0.0019004 0.0036423 0.00462203 0.00427996 0.00323475 0.00216349 0.00133411 0.000767805 0.000409874 0.000198544 8.33289e-05 2.72532e-05 4.9458e-06 0 
0 0.000904069 0.00199019 0.0012468 0.000272343 2.50128e-05 1.20939e-06 3.89243e-08 1.06399e-09 3.16201e-11 1.29404e-12 8.98695e-14 1.24975e-14 3.8845e-15 2.8309e-15 4.76717e-15 1.72734e-14 1.1976e-13 1.36836e-12 2.1829e-11 4.1138e-10 7.84242e-09 1.32387e-07 1.78155e-06 1.77152e-05 0.000123614 0.000582445 0.00178902 0.00350962 0.00453855 0.00425471 0.00323685 0.0021714 0.00134063 0.000771916 0.000412138 0.000199652 8.37957e-05 2.74061e-05 4.97355e-06 0 
0 0.0008953 0.00200483 0.00129658 0.000296102 2.86931e-05 1.4739e-06 5.06039e-08 1.47615e-09 4.66386e-11 2.01337e-12 1.45831e-13 2.08565e-14 6.56401e-15 4.76717e-15 7.88016e-15 2.76578e-14 1.8377e-13 1.997e-12 3.01663e-11 5.37639e-10 9.70725e-09 1.55771e-07 2.00322e-06 1.9155e-05 0.000129387 0.00059409 0.00179005 0.00346807 0.00445643 0.00416868 0.00317064 0.00212759 0.00131394 0.000756673 0.000404033 0.000195733 8.21519e-05 2.68686e-05 4.87603e-06 0 
0 0.000877646 0.00204654 0.00142715 0.000362065 3.98103e-05 2.35848e-06 9.43669e-08 3.21544e-09 1.1784e-10 5.80528e-12 4.68167e-13 7.22599e-14 2.36903e-14 1.72734e-14 2.76578e-14 9.1039e-14 5.52211e-13 5.36795e-12 7.15937e-11 1.11997e-09 1.7761e-08 2.5189e-07 2.89278e-06 2.50258e-05 0.000155099 0.000662413 0.00188163 0.00348804 0.00435846 0.00401967 0.00304001 0.00203633 0.0012571 0.000723932 0.000386569 0.000187279 7.86051e-05 2.57088e-05 4.66556e-06 0 
0 0.000849836 0.002103 0.00164009 0.000487083 6.46966e-05 4.74103e-06 2.38294e-07 1.02391e-08 4.68643e-10 2.81672e-11 2.674e-12 4.6419e-13 1.62482e-13 1.1976e-13 1.8377e-13 5.52211e-13 2.93502e-12 2.42273e-11 2.68719e-10 3.46009e-09 4.51434e-08 5.3089e-07 5.12872e-06 3.80228e-05 0.000206091 0.000785585 0.00203337 0.00351719 0.00420856 0.00379845 0.00284856 0.00190334 0.00117449 0.000676414 0.000361238 0.00017502 7.34628e-05 2.40274e-05 4.36045e-06 0 
0 0.00081025 0.00215557 0.00193191 0.000700323 0.000118163 1.13179e-05 7.57491e-07 4.35488e-08 2.63569e-09 2.03539e-10 2.37533e-11 4.79009e-12 1.82557e-12 1.36836e-12 1.997e-12 5.36795e-12 2.42273e-11 1.63098e-10 1.43541e-09 1.44563e-08 1.47201e-07 1.36238e-06 1.05319e-05 6.38873e-05 0.000290553 0.000954254 0.0021911 0.00347888 0.00395864 0.00349252 0.00259995 0.00173526 0.00107135 0.000617398 0.00032985 0.000159844 6.70988e-05 2.19467e-05 3.98291e-06 0 
0 0.000757773 0.00218106 0.00228325 0.00104056 0.000231432 3.01336e-05 2.79572e-06 2.23878e-07 1.8623e-08 1.91377e-09 2.82777e-10 6.77387e-11 2.8501e-11 2.1829e-11 3.01663e-11 7.15937e-11 2.68719e-10 1.43541e-09 9.70213e-09 7.36962e-08 5.63409e-07 3.94355e-06 2.34433e-05 0.000111955 0.000412276 0.00113277 0.00226382 0.0032777 0.00355725 0.00308874 0.00229746 0.00153873 0.00095311 0.000550374 0.000294348 0.000142708 5.99172e-05 1.95993e-05 3.557e-06 0 
0 0.000692579 0.00215599 0.00264792 0.00154131 0.000462706 8.39048e-05 1.10393e-05 1.25814e-06 1.46783e-07 2.04435e-08 3.88475e-09 1.11886e-09 5.23862e-10 4.1138e-10 5.37639e-10 1.11997e-09 3.46009e-09 1.44563e-08 7.36962e-08 4.13189e-07 2.31347e-06 1.19082e-05 5.27771e-05 0.000191956 0.000554039 0.00124044 0.00212928 0.0028183 0.00295794 0.00257273 0.00194176 0.00131903 0.000824765 0.000478709 0.000256644 0.000124558 5.23184e-05 1.71163e-05 3.10655e-06 0 
0 0.000616607 0.00206333 0.00295135 0.00219572 0.000898916 0.000229574 4.31705e-05 7.03776e-06 1.15573e-06 2.18813e-07 5.3618e-08 1.8614e-08 9.72091e-09 7.84242e-09 9.70725e-09 1.7761e-08 4.51434e-08 1.47201e-07 5.63409e-07 2.31347e-06 9.37136e-06 3.48374e-05 0.000112227 0.000300807 0.000655626 0.00115751 0.00167827 0.00204427 0.00213295 0.00192887 0.00152847 0.00107861 0.00069021 0.000405363 0.000218475 0.000106262 4.46703e-05 1.46185e-05 2.65347e-06 0 
0 0.000533506 0.00189911 0.00310897 0.00291145 0.0016184 0.000582202 0.00015597 3.60981e-05 8.26398e-06 2.10649e-06 6.60251e-07 2.74741e-07 1.59626e-07 1.32387e-07 1.55771e-07 2.5189e-07 5.3089e-07 1.36238e-06 3.94355e-06 1.19082e-05 3.48374e-05 9.24822e-05 0.000211103 0.00039891 0.000616347 0.000799813 0.000931071 0.00104183 0.00114098 0.00116891 0.0010548 0.00081782 0.000552212 0.00033279 0.000181328 8.8566e-05 3.72874e-05 1.22087e-05 2.21644e-06 0 
0 0.00044802 0.00167504 0.00306266 0.00350298 0.00258765 0.0012964 0.000489469 0.000158426 4.96517e-05 1.67304e-05 6.60183e-06 3.25464e-06 2.09055e-06 1.78155e-06 2.00322e-06 2.89278e-06 5.12872e-06 1.05319e-05 2.34433e-05 5.27771e-05 0.000112227 0.000211103 0.000329967 0.000405909 0.000385184 0.000302355 0.000238243 0.000235482 0.000308024 0.000445635 0.00056058 0.000544206 0.000414063 0.00026318 0.000146436 7.20656e-05 3.04181e-05 9.96782e-06 1.81008e-06 0 
0 0.000365035 0.00141498 0.00281214 0.00377191 0.00355798 0.00241652 0.00126239 0.000560895 0.000235583 0.000102645 4.99931e-05 2.87652e-05 2.02542e-05 1.77152e-05 1.9155e-05 2.50258e-05 3.80228e-05 6.38873e-05 0.000111955 0.000191956 0.000300807 0.00039891 0.000405909 0.000279379 0.000117632 3.39024e-05 1.12555e-05 8.6353e-06 1.8636e-05 6.54983e-05 0.000182753 0.000292102 0.000283498 0.000199075 0.000114847 5.72087e-05 2.42404e-05 7.95279e-06 1.44468e-06 0 
0 0.000288659 0.0011468 0.00241468 0.0036348 0.00414787 0.00364488 0.00255161 0.00152044 0.000837654 0.000461989 0.000272382 0.000180179 0.000137866 0.000123614 0.000129387 0.000155099 0.000206091 0.000290553 0.000412276 0.000554039 0.000655626 0.000616347 0.000385184 0.000117632 1.2386e-05 5.08325e-07 2.81624e-08 1.30026e-08 8.66371e-08 2.05001e-06 2.88311e-05 0.000117988 0.00017468 0.000143762 8.74624e-05 4.42956e-05 1.8862e-05 6.1972e-06 1.12623e-06 0 
0 0.000221658 0.000894397 0.00195362 0.0031718 0.00413237 0.00441142 0.00392837 0.00302663 0.00213127 0.00145768 0.00102284 0.000767983 0.000633997 0.000582445 0.00059409 0.000662413 0.000785585 0.000954254 0.00113277 0.00124044 0.00115751 0.000799813 0.000302355 3.39024e-05 5.08325e-07 1.11119e-09 3.85004e-12 8.18552e-13 3.30609e-11 1.5311e-08 2.45968e-06 3.85215e-05 0.000100159 0.00010035 6.49129e-05 3.34708e-05 1.43253e-05 4.71331e-06 8.56894e-07 0 
0 0.00016534 0.000673244 0.00150242 0.00255135 0.00360837 0.00438168 0.00463898 0.00436804 0.00377398 0.00311247 0.00255021 0.00214684 0.0019004 0.00178902 0.00179005 0.00188163 0.00203337 0.0021911 0.00226382 0.00212928 0.00167827 0.000931071 0.000238243 1.12555e-05 2.81624e-08 3.85004e-12 9.41394e-16 1.06566e-16 2.15498e-14 1.69919e-10 2.65706e-07 1.40121e-05 5.92548e-05 6.97263e-05 4.72942e-05 2.47101e-05 1.06137e-05 3.49548e-06 6.35654e-07 0 
0 0.000119782 0.000490156 0.00110654 0.00192536 0.00284977 0.00372884 0.0043934 0.00472854 0.00473222 0.00450467 0.00418172 0.00387345 0.0036423 0.00350962 0.00346807 0.00348804 0.00351719 0.00347888 0.0032777 0.0028183 0.00204427 0.00104183 0.000235482 8.6353e-06 1.30026e-08 8.18552e-13 1.06566e-16 8.41446e-18 2.64617e-15 4.32165e-11 1.20739e-07 8.60692e-06 4.08135e-05 4.97353e-05 3.40519e-05 1.78332e-05 7.66427e-06 2.52449e-06 4.59094e-07 0 
0 8.42014e-05 0.000345424 0.000784321 0.0013813 0.00209165 0.00284388 0.00354804 0.00411823 0.00450177 0.00469638 0.00474293 0.00470064 0.00462203 0.00453855 0.00445643 0.00435846 0.00420856 0.00395864 0.00355725 0.00295794 0.00213295 0.00114098 0.000308024 1.8636e-05 8.66371e-08 3.30609e-11 2.15498e-14 2.64617e-15 2.64181e-13 5.83682e-10 3.30664e-07 1.00509e-05 3.37644e-05 3.66435e-05 2.42282e-05 1.25631e-05 5.38449e-06 1.77223e-06 3.22224e-07 0 
0 5.73258e-05 0.000235453 0.000536065 0.000949358 0.0014527 0.00201052 0.00257708 0.00310349 0.00354804 0.00388576 0.00411186 0.00423738 0.00427996 0.00425471 0.00416868 0.00401967 0.00379845 0.00349252 0.00308874 0.00257273 0.00192887 0.00116891 0.000445635 6.54983e-05 2.05001e-06 1.5311e-08 1.69919e-10 4.32165e-11 5.83682e-10 5.19244e-08 2.19361e-06 1.62666e-05 3.05419e-05 2.71554e-05 1.68906e-05 8.60503e-06 3.66984e-06 1.20622e-06 2.1923e-07 0 
0 3.76877e-05 0.000154878 0.000353034 0.000626716 0.000963274 0.00134324 0.00174176 0.00213127 0.00248536 0.00278267 0.00300951 0.00316012 0.00323475 0.00323685 0.00317064 0.00304001 0.00284856 0.00259995 0.00229746 0.00194176 0.00152847 0.0010548 0.00056058 0.000182753 2.88311e-05 2.45968e-06 2.65706e-07 1.20739e-07 3.30664e-07 2.19361e-06 1.07886e-05 2.37928e-05 2.64526e-05 1.94675e-05 1.13922e-05 5.69778e-06 2.41692e-06 7.93179e-07 1.44098e-07 0 
0 2.38212e-05 9.79159e-05 0.000223303 0.0003968 0.000610975 0.000854516 0.00111308 0.0013706 0.00161097 0.00181979 0.00198578 0.00210154 0.00216349 0.0021714 0.00212759 0.00203633 0.00190334 0.00173526 0.00153873 0.00131903 0.00107861 0.00081782 0.000544206 0.000292102 0.000117988 3.85215e-05 1.40121e-05 8.60692e-06 1.00509e-05 1.62666e-05 2.37928e-05 2.5498e-05 2.03133e-05 1.3136e-05 7.3505e-06 3.62363e-06 1.53027e-06 5.01531e-07 9.10781e-08 0 
0 1.43831e-05 5.91269e-05 0.000134869 0.000239747 0.0003694 0.000517221 0.000674853 0.000832909 0.00098182 0.00111273 0.00121825 0.00129306 0.00133411 0.00134063 0.00131394 0.0012571 0.00117449 0.00107135 0.00095311 0.000824765 0.00069021 0.000552212 0.000414063 0.000283498 0.00017468 0.000100159 5.92548e-05 4.08135e-05 3.37644e-05 3.05419e-05 2.64526e-05 2.03133e-05 1.36975e-05 8.25524e-06 4.49865e-06 2.19743e-06 9.25178e-07 3.02928e-07 5.49956e-08 0 
0 8.21707e-06 3.37804e-05 7.70589e-05 0.000137001 0.000211142 0.000295751 0.000386113 0.000476926 0.000562755 0.000638508 0.000699864 0.000743602 0.000767805 0.000771916 0.000756673 0.000723932 0.000676414 0.000617398 0.000550374 0.000478709 0.000405363 0.00033279 0.00026318 0.000199075 0.000143762 0.00010035 6.97263e-05 4.97353e-05 3.66435e-05 2.71554e-05 1.94675e-05 1.3136e-05 8.25524e-06 4.81602e-06 2.58972e-06 1.25867e-06 5.28999e-07 1.73106e-07 3.14207e-08 0 
0 4.37572e-06 1.79889e-05 4.10368e-05 7.29622e-05 0.000112457 0.000157541 0.000205716 0.000254168 0.000300008 0.000340519 0.000373381 0.00039685 0.000409874 0.000412138 0.000404033 0.000386569 0.000361238 0.00032985 0.000294348 0.000256644 0.000218475 0.000181328 0.000146436 0.000114847 8.74624e-05 6.49129e-05 4.72942e-05 3.40519e-05 2.42282e-05 1.68906e-05 1.13922e-05 7.3505e-06 4.49865e-06 2.58972e-06 1.38432e-06 6.71195e-07 2.81836e-07 9.21958e-08 1.67327e-08 0 
0 2.11793e-06 8.70697e-06 1.98628e-05 3.53161e-05 5.44344e-05 7.62609e-05 9.95874e-05 0.000123054 0.000145262 0.000164896 0.000180831 0.000192218 0.000198544 0.000199652 0.000195733 0.000187279 0.00017502 0.000159844 0.000142708 0.000124558 0.000106262 8.8566e-05 7.20656e-05 5.72087e-05 4.42956e-05 3.34708e-05 2.47101e-05 1.78332e-05 1.25631e-05 8.60503e-06 5.69778e-06 3.62363e-06 2.19743e-06 1.25867e-06 6.71195e-07 3.2509e-07 1.36447e-07 4.46282e-08 8.09915e-09 0 
0 8.88672e-07 3.65341e-06 8.3344e-06 1.48186e-05 2.28409e-05 3.19998e-05 4.17888e-05 5.1637e-05 6.09582e-05 6.92002e-05 7.58902e-05 8.06718e-05 8.33289e-05 8.37957e-05 8.21519e-05 7.86051e-05 7.34628e-05 6.70988e-05 5.99172e-05 5.23184e-05 4.46703e-05 3.72874e-05 3.04181e-05 2.42404e-05 1.8862e-05 1.43253e-05 1.06137e-05 7.66427e-06 5.38449e-06 3.66984e-06 2.41692e-06 1.53027e-06 9.25178e-07 5.28999e-07 2.81836e-07 1.36447e-07 5.72594e-08 1.87266e-08 3.39841e-09 0 
0 2.90623e-07 1.19478e-06 2.72561e-06 4.84617e-06 7.46972e-06 1.04651e-05 1.36665e-05 1.68873e-05 1.9936e-05 2.26317e-05 2.48199e-05 2.6384e-05 2.72532e-05 2.74061e-05 2.68686e-05 2.57088e-05 2.40274e-05 2.19467e-05 1.95993e-05 1.71163e-05 1.46185e-05 1.22087e-05 9.96782e-06 7.95279e-06 6.1972e-06 4.71331e-06 3.49548e-06 2.52449e-06 1.77223e-06 1.20622e-06 7.93179e-07 5.01531e-07 3.02928e-07 1.73106e-07 9.21958e-08 4.46282e-08 1.87266e-08 6.1243e-09 1.11139e-09 0 
0 5.27398e-08 2.16818e-07 4.94621e-07 8.79443e-07 1.35554e-06 1.89911e-06 2.48009e-06 3.06459e-06 3.61785e-06 4.10706e-06 4.50418e-06 4.78804e-06 4.9458e-06 4.97355e-06 4.87603e-06 4.66556e-06 4.36045e-06 3.98291e-06 3.557e-06 3.10655e-06 2.65347e-06 2.21644e-06 1.81008e-06 1.44468e-06 1.12623e-06 8.56894e-07 6.35654e-07 4.59094e-07 3.22224e-07 2.1923e-07 1.44098e-07 9.10781e-08 5.49956e-08 3.14207e-08 1.67327e-08 8.09915e-09 3.39841e-09 1.11139e-09 2.01687e-10 0 
0 0 0 0 0 0 0 0 0 0 0 0 0 0 0 0 0 0 0 0 0 0 0 0 0 0 0 0 0 0 0 0 0 0 0 0 0 0 0 0 0 
