0 0 0 0 0 0 0 0 0 0 0 0 0 0 0 0 0 0 0 0 0 0 0 0 0 0 0 0 0 0 0 0 0 0 0 0 0 0 0 0 0 
0 1.31872e-05 5.1375e-05 0.000106378 0.000162579 0.000203862 0.000222363 0.000220395 0.000205654 0.000185934 0.000166681 0.000150839 0.000139619 0.000133299 0.000131769 0.000134805 0.000142132 0.000153341 0.000167716 0.000184021 0.000200355 0.00021417 0.000222576 0.000222948 0.000213698 0.000194919 0.000168576 0.000138035 0.000107081 7.8872e-05 5.53099e-05 3.7e-05 2.36094e-05 1.43243e-05 8.2024e-06 4.37246e-06 2.11729e-06 8.88569e-07 2.90611e-07 5.27389e-08 0 
0 5.1375e-05 0.000185483 0.000332168 0.000403523 0.000372704 0.000284867 0.000193861 0.000124795 7.98382e-05 5.28683e-05 3.74473e-05 2.90777e-05 2.514e-05 2.43494e-05 2.63407e-05 3.14764e-05 4.08309e-05 5.62571e-05 8.03773e-05 0.000116233 0.000166261 0.000230406 0.000303749 0.000375002 0.000427948 0.000447063 0.000425327 0.000368688 0.000292946 0.000215423 0.000148091 9.5864e-05 5.85715e-05 3.36458e-05 1.79599e-05 8.70152e-06 3.65255e-06 1.19468e-06 2.16812e-07 0 
0 0.000106378 0.000332168 0.000452785 0.000366869 0.000206147 9.137e-05 3.53955e-05 1.30449e-05 4.9348e-06 2.05233e-06 9.9489e-07 5.87849e-07 4.35464e-07 4.08669e-07 4.82561e-07 7.01252e-07 1.21184e-06 2.38677e-06 5.11451e-06 1.13845e-05 2.52237e-05 5.36342e-05 0.000106295 0.000191968 0.0003103 0.000441949 0.000547212 0.00058449 0.000540161 0.00043837 0.000319296 0.00021312 0.000132154 7.64164e-05 4.09022e-05 1.98383e-05 8.33064e-06 2.72518e-06 4.94593e-07 0 
0 0.000162579 0.000403523 0.000366869 0.000171931 5.10267e-05 1.11916e-05 2.05857e-06 3.58316e-07 6.64613e-08 1.46769e-08 4.24418e-09 1.72827e-09 1.03718e-09 9.3248e-10 1.24085e-09 2.35445e-09 6.01533e-09 1.92778e-08 7.17213e-08 2.867e-07 1.14647e-06 4.31498e-06 1.45774e-05 4.27741e-05 0.000106848 0.000224483 0.000392436 0.000563625 0.000659191 0.000632259 0.000511004 0.000361082 0.000230227 0.000134779 7.2506e-05 3.52348e-05 1.48065e-05 4.8448e-06 8.79359e-07 0 
0 0.000203862 0.000372704 0.000206147 5.10267e-05 7.11308e-06 6.63242e-07 4.87953e-08 3.36714e-09 2.59381e-10 2.62588e-11 4.01873e-12 1.03463e-12 4.79063e-13 4.08531e-13 6.29868e-13 1.66008e-12 6.8649e-12 4.00733e-11 2.9422e-10 2.42093e-09 2.00616e-08 1.5275e-07 9.94309e-07 5.26325e-06 2.20284e-05 7.22031e-05 0.000185486 0.000373216 0.000583019 0.000702392 0.000663518 0.000513622 0.000342962 0.000204981 0.000111209 5.42161e-05 2.2809e-05 7.4662e-06 1.35533e-06 0 
0 0.000222363 0.000284867 9.137e-05 1.11916e-05 6.63242e-07 2.32712e-08 6.00688e-10 1.44149e-11 4.07534e-13 1.69489e-14 1.25467e-15 1.91266e-16 6.58218e-17 5.28362e-17 9.64093e-17 3.70038e-16 2.65259e-15 3.06941e-14 4.89282e-13 9.17186e-12 1.74593e-10 2.97425e-09 4.10247e-08 4.26927e-07 3.21831e-06 1.73482e-05 6.74529e-05 0.000192527 0.000407142 0.000634362 0.000728645 0.000639228 0.00045649 0.000281445 0.000154659 7.57631e-05 3.19283e-05 1.04573e-05 1.89866e-06 0 
0 0.000220395 0.000193861 3.53955e-05 2.05857e-06 4.87953e-08 6.00688e-10 5.05442e-12 3.91983e-14 3.79288e-16 6.09959e-18 2.3617e-19 4.52286e-20 2.81311e-20 2.56982e-20 3.06313e-20 6.76398e-20 5.71631e-19 1.32459e-17 4.8398e-16 2.18848e-14 1.01359e-12 4.08623e-11 1.25986e-09 2.70884e-08 3.84571e-07 3.53629e-06 2.12994e-05 8.67105e-05 0.000246497 0.000495653 0.000702491 0.000714907 0.000556344 0.000357561 0.000199946 9.85984e-05 4.16484e-05 1.36514e-05 2.47921e-06 0 
0 0.000205654 0.000124795 1.30449e-05 3.58316e-07 3.36714e-09 1.44149e-11 3.91983e-14 9.73561e-17 3.27836e-19 5.81875e-21 1.29211e-21 7.31686e-22 7.0584e-22 6.9476e-22 6.45677e-22 7.27821e-22 1.57289e-21 8.94855e-21 4.39123e-19 4.76646e-17 5.40851e-15 5.19274e-13 3.60118e-11 1.61042e-09 4.33725e-08 6.855e-07 6.42989e-06 3.72511e-05 0.000140412 0.000357608 0.000620162 0.000737004 0.000632217 0.000427041 0.000243991 0.000121313 5.1392e-05 1.68614e-05 3.0631e-06 0 
0 0.000185934 7.98382e-05 4.9348e-06 6.64613e-08 2.59381e-10 4.07534e-13 3.79288e-16 3.27836e-19 1.35119e-21 1.19453e-22 7.2661e-23 6.22981e-23 6.74768e-23 6.78072e-23 5.93186e-23 5.40627e-23 6.21165e-23 1.01372e-22 1.12319e-21 1.40377e-19 3.67185e-17 8.03214e-15 1.20177e-12 1.0768e-10 5.32961e-09 1.41123e-07 2.02074e-06 1.63722e-05 8.01706e-05 0.00025208 0.000522997 0.000719172 0.000681032 0.000485285 0.000283981 0.000142518 6.05739e-05 1.98955e-05 3.61554e-06 0 
0 0.000166681 5.28683e-05 2.05233e-06 1.46769e-08 2.62588e-11 1.69489e-14 6.09959e-18 5.81875e-21 1.19453e-22 1.6399e-23 1.02663e-23 1.01771e-23 1.13328e-23 1.14206e-23 9.88034e-24 8.14422e-24 6.87191e-24 7.21889e-24 3.08033e-23 1.2323e-21 4.32607e-19 1.95648e-16 5.79131e-14 9.61261e-12 8.1661e-10 3.42132e-08 7.14298e-07 7.80585e-06 4.81516e-05 0.000181315 0.000437027 0.000681384 0.000706416 0.00053011 0.000317738 0.000160981 6.86531e-05 2.25744e-05 4.10382e-06 0 
0 0.000150839 3.74473e-05 9.9489e-07 4.24418e-09 4.01873e-12 1.25467e-15 2.3617e-19 1.29211e-21 7.26611e-23 1.02663e-23 3.29546e-24 2.40276e-24 2.46428e-24 2.43687e-24 2.09867e-24 1.64919e-24 1.25555e-24 1.36436e-24 5.59443e-24 9.65708e-23 1.28829e-20 9.36252e-18 4.83637e-15 1.32733e-12 1.75206e-10 1.06771e-08 3.03472e-07 4.23801e-06 3.15677e-05 0.000137331 0.000372117 0.000640541 0.000715575 0.000561562 0.000343874 0.000175736 7.51786e-05 2.47456e-05 4.49999e-06 0 
0 0.000139619 2.90777e-05 5.87849e-07 1.72827e-09 1.03463e-12 1.91266e-16 4.52286e-20 7.31686e-22 6.22981e-23 1.01772e-23 2.40277e-24 9.49273e-25 6.78976e-25 6.02843e-25 5.06916e-25 3.93488e-25 3.25072e-25 5.38942e-25 2.59833e-24 2.9942e-23 1.62143e-21 1.04479e-18 8.04257e-16 3.17135e-13 5.75076e-11 4.59134e-09 1.63045e-07 2.71856e-06 2.32039e-05 0.000111912 0.00032914 0.000607217 0.000715964 0.000581063 0.000361745 0.000186128 7.98209e-05 2.62953e-05 4.78304e-06 0 
0 0.000133299 2.514e-05 4.35464e-07 1.03718e-09 4.79063e-13 6.58218e-17 2.81311e-20 7.0584e-22 6.74769e-23 1.13329e-23 2.46429e-24 6.78976e-25 2.80756e-25 1.80209e-25 1.37494e-25 1.11513e-25 1.30745e-25 3.64236e-25 1.93159e-24 1.92158e-23 6.854e-22 3.03135e-19 2.90414e-16 1.40597e-13 3.05158e-11 2.83897e-09 1.1437e-07 2.1086e-06 1.94414e-05 9.93722e-05 0.000305895 0.000586544 0.000713234 0.000590416 0.000371257 0.000191822 8.23888e-05 2.71553e-05 4.94028e-06 0 
0 0.000131769 2.43494e-05 4.08669e-07 9.3248e-10 4.08531e-13 5.28362e-17 2.56982e-20 6.9476e-22 6.78072e-23 1.14207e-23 2.43687e-24 6.02843e-25 1.80209e-25 7.5263e-26 4.6306e-26 4.3648e-26 8.57468e-26 3.23422e-25 1.78817e-24 1.74183e-23 5.78379e-22 2.34562e-19 2.34722e-16 1.18526e-13 2.66934e-11 2.56271e-09 1.05953e-07 1.99407e-06 1.86763e-05 9.65836e-05 0.00030007 0.000580134 0.000710488 0.000591055 0.000372647 0.000192766 8.28316e-05 2.73056e-05 4.96789e-06 0 
0 0.000134805 2.63407e-05 4.82561e-07 1.24085e-09 6.29868e-13 9.64093e-17 3.06313e-20 6.45677e-22 5.93186e-23 9.88034e-24 2.09867e-24 5.06917e-25 1.37494e-25 4.6306e-26 2.47096e-26 2.92689e-26 7.88459e-26 3.30579e-25 1.92285e-24 2.0567e-23 8.71541e-22 4.66997e-19 4.14238e-16 1.86277e-13 3.79032e-11 3.33794e-09 1.2851e-07 2.28468e-06 2.04774e-05 0.000102439 0.000310197 0.000587421 0.000708297 0.000583681 0.000366332 0.000189158 8.12303e-05 2.67724e-05 4.8706e-06 0 
0 0.000142132 3.14764e-05 7.01252e-07 2.35445e-09 1.66008e-12 3.70038e-16 6.76398e-20 7.27821e-22 5.40627e-23 8.14423e-24 1.64919e-24 3.93488e-25 1.11513e-25 4.3648e-26 2.92689e-26 3.7986e-26 9.62803e-26 4.04232e-25 2.65105e-24 3.7489e-23 2.94691e-21 2.21619e-18 1.4828e-15 5.14429e-13 8.33977e-11 6.05319e-09 1.98674e-07 3.10969e-06 2.52671e-05 0.000117375 0.000335507 0.000606057 0.000704974 0.000568254 0.000352842 0.000181403 7.77803e-05 2.56225e-05 4.66068e-06 0 
0 0.000153341 4.08309e-05 1.21184e-06 6.01533e-09 6.8649e-12 2.65259e-15 5.71631e-19 1.57289e-21 6.21165e-23 6.87192e-24 1.25555e-24 3.25072e-25 1.30745e-25 8.57467e-26 7.88458e-26 9.62803e-26 1.84142e-25 6.87332e-25 5.55247e-24 1.50538e-22 3.30837e-20 2.19034e-17 9.61793e-15 2.27985e-12 2.6468e-10 1.44587e-08 3.75377e-07 4.87393e-06 3.42969e-05 0.000142881 0.000374936 0.000631447 0.000696921 0.000544253 0.000332844 0.00017008 7.27677e-05 2.39543e-05 4.35629e-06 0 
0 0.000167716 5.62571e-05 2.38677e-06 1.92778e-08 4.00733e-11 3.06941e-14 1.32459e-17 8.94855e-21 1.01372e-22 7.21889e-24 1.36436e-24 5.38942e-25 3.64235e-25 3.23422e-25 3.30578e-25 4.04232e-25 6.87332e-25 2.48728e-24 3.03991e-23 2.42419e-21 9.61821e-19 3.78966e-16 9.83168e-14 1.44815e-11 1.10722e-09 4.23797e-08 8.20566e-07 8.43684e-06 4.96222e-05 0.000180373 0.000424913 0.000655647 0.000679102 0.000511084 0.000307196 0.000155904 6.65421e-05 2.18878e-05 3.97954e-06 0 
0 0.000184021 8.03773e-05 5.11451e-06 7.17213e-08 2.9422e-10 4.89282e-13 4.8398e-16 4.39123e-19 1.12319e-21 3.08033e-23 5.59443e-24 2.59833e-24 1.93159e-24 1.78817e-24 1.92285e-24 2.65105e-24 5.55246e-24 3.03991e-23 1.00174e-21 1.82485e-19 4.57858e-17 9.5235e-15 1.35763e-12 1.16157e-10 5.50424e-09 1.40044e-07 1.93665e-06 1.52526e-05 7.3176e-05 0.000227858 0.000475174 0.000666103 0.000645783 0.000468516 0.000276989 0.00013968 5.94866e-05 1.95534e-05 3.55435e-06 0 
0 0.000200355 0.000116233 1.13845e-05 2.867e-07 2.42093e-09 9.17186e-12 2.18848e-14 4.76646e-17 1.40377e-19 1.2323e-21 9.65708e-23 2.9942e-23 1.92158e-23 1.74183e-23 2.0567e-23 3.7489e-23 1.50538e-22 2.42419e-21 1.82485e-19 2.19518e-17 2.74256e-15 2.88195e-13 2.16124e-11 1.02755e-09 2.88717e-08 4.68446e-07 4.47168e-06 2.6372e-05 0.000102049 0.000271358 0.000502402 0.000645219 0.000591611 0.000417018 0.000243531 0.000122254 5.19877e-05 1.70807e-05 3.10448e-06 0 
0 0.00021417 0.000166261 2.52237e-05 1.14647e-06 2.00616e-08 1.74593e-10 1.01359e-12 5.40851e-15 3.67185e-17 4.32607e-19 1.28829e-20 1.62143e-21 6.854e-22 5.78379e-22 8.71541e-22 2.94691e-21 3.30837e-20 9.61821e-19 4.57858e-17 2.74256e-15 1.68001e-13 8.78766e-12 3.3875e-10 8.63722e-09 1.36926e-07 1.33813e-06 8.40911e-06 3.64209e-05 0.000115213 0.000271272 0.00046651 0.000572975 0.000513023 0.000357925 0.000208276 0.000104451 4.44079e-05 1.459e-05 2.6518e-06 0 
0 0.000222576 0.000230406 5.36342e-05 4.31498e-06 1.5275e-07 2.97425e-09 4.08623e-11 5.19274e-13 8.03214e-15 1.95648e-16 9.36252e-18 1.04479e-18 3.03135e-19 2.34562e-19 4.66997e-19 2.21619e-18 2.19034e-17 3.78966e-16 9.5235e-15 2.88195e-13 8.78766e-12 2.29575e-10 4.45657e-09 5.72838e-08 4.56589e-07 2.30805e-06 8.39136e-06 2.58259e-05 7.27406e-05 0.000177094 0.000330786 0.000437058 0.000410254 0.000293486 0.000172737 8.70287e-05 3.70639e-05 1.21844e-05 2.21501e-06 0 
0 0.000222948 0.000303749 0.000106295 1.45774e-05 9.94309e-07 4.10247e-08 1.25986e-09 3.60118e-11 1.20177e-12 5.79131e-14 4.83637e-15 8.04257e-16 2.90414e-16 2.34722e-16 4.14238e-16 1.4828e-15 9.61793e-15 9.83168e-14 1.35763e-12 2.16124e-11 3.3875e-10 4.45657e-09 4.15129e-08 2.2947e-07 6.67511e-07 1.11202e-06 1.5747e-06 3.15074e-06 1.05909e-05 4.33723e-05 0.000136059 0.000255923 0.000290863 0.000227098 0.000138432 7.06371e-05 3.02123e-05 9.94567e-06 1.8088e-06 0 
0 0.000213698 0.000375002 0.000191968 4.27741e-05 5.26325e-06 4.26927e-07 2.70884e-08 1.61042e-09 1.0768e-10 9.61261e-12 1.32733e-12 3.17135e-13 1.40597e-13 1.18526e-13 1.86277e-13 5.14429e-13 2.27985e-12 1.44815e-11 1.16157e-10 1.02755e-09 8.63722e-09 5.72838e-08 2.2947e-07 3.82851e-07 1.91344e-07 3.42054e-08 6.72432e-09 6.81774e-09 5.82516e-08 1.36358e-06 2.00641e-05 9.70396e-05 0.000173968 0.000163789 0.000106896 5.58074e-05 2.40423e-05 7.9319e-06 1.44349e-06 0 
0 0.000194919 0.000427948 0.0003103 0.000106848 2.20284e-05 3.21831e-06 3.84571e-07 4.33725e-08 5.32961e-09 8.1661e-10 1.75206e-10 5.75076e-11 3.05158e-11 2.66934e-11 3.79032e-11 8.33977e-11 2.6468e-10 1.10722e-09 5.50424e-09 2.88717e-08 1.36926e-07 4.56589e-07 6.67511e-07 1.91344e-07 4.54568e-09 1.15334e-11 4.02111e-14 1.10539e-14 1.22857e-12 1.52039e-09 6.30098e-07 2.0563e-05 8.54094e-05 0.000109925 7.96216e-05 4.29335e-05 1.86741e-05 6.17782e-06 1.12515e-06 0 
0 0.000168576 0.000447063 0.000441949 0.000224483 7.22031e-05 1.73482e-05 3.53629e-06 6.855e-07 1.41123e-07 3.42132e-08 1.06771e-08 4.59134e-09 2.83897e-09 2.56271e-09 3.33794e-09 6.05319e-09 1.44587e-08 4.23797e-08 1.40044e-07 4.68446e-07 1.33813e-06 2.30805e-06 1.11202e-06 3.42054e-08 1.15334e-11 3.21502e-16 2.32735e-15 1.43046e-15 8.77076e-15 7.76914e-14 5.23067e-09 2.79803e-06 3.68791e-05 7.0539e-05 5.77119e-05 3.22331e-05 1.41581e-05 4.69642e-06 8.55967e-07 0 
0 0.000138035 0.000425327 0.000547212 0.000392436 0.000185486 6.74529e-05 2.12994e-05 6.42989e-06 2.02074e-06 7.14298e-07 3.03472e-07 1.63045e-07 1.1437e-07 1.05953e-07 1.2851e-07 1.98674e-07 3.75377e-07 8.20566e-07 1.93665e-06 4.47168e-06 8.40911e-06 8.39136e-06 1.5747e-06 6.72432e-09 4.02111e-14 2.32735e-15 6.31257e-16 5.58e-16 1.76842e-15 2.08942e-14 6.89064e-11 4.78607e-07 1.73638e-05 4.60511e-05 4.1377e-05 2.37005e-05 1.04793e-05 3.48211e-06 6.34928e-07 0 
0 0.000107081 0.000368688 0.00058449 0.000563625 0.000373216 0.000192527 8.67105e-05 3.72511e-05 1.63722e-05 7.80585e-06 4.23801e-06 2.71856e-06 2.1086e-06 1.99407e-06 2.28468e-06 3.10969e-06 4.87393e-06 8.43684e-06 1.52526e-05 2.6372e-05 3.64209e-05 2.58259e-05 3.15074e-06 6.81774e-09 1.10539e-14 1.43046e-15 5.58e-16 1.46873e-15 6.90255e-15 1.22761e-13 1.87304e-11 2.49997e-07 1.15129e-05 3.26623e-05 2.9794e-05 1.71125e-05 7.56903e-06 2.51505e-06 4.58584e-07 0 
0 7.8872e-05 0.000292946 0.000540161 0.000659191 0.000583019 0.000407142 0.000246497 0.000140412 8.01706e-05 4.81516e-05 3.15677e-05 2.32039e-05 1.94414e-05 1.86763e-05 2.04774e-05 2.52671e-05 3.42969e-05 4.96222e-05 7.3176e-05 0.000102049 0.000115213 7.27406e-05 1.05909e-05 5.82516e-08 1.22857e-12 8.77076e-15 1.76842e-15 6.90254e-15 1.13616e-15 7.61731e-16 2.40019e-10 5.18071e-07 1.15276e-05 2.55476e-05 2.15847e-05 1.21196e-05 5.32574e-06 1.76638e-06 3.21907e-07 0 
0 5.53099e-05 0.000215423 0.00043837 0.000632259 0.000702392 0.000634362 0.000495653 0.000357608 0.00025208 0.000181315 0.000137331 0.000111912 9.93722e-05 9.65836e-05 0.000102439 0.000117375 0.000142881 0.000180373 0.000227858 0.000271358 0.000271272 0.000177094 4.33723e-05 1.36358e-06 1.52039e-09 7.76914e-14 2.08942e-14 1.22761e-13 7.61731e-16 4.87954e-12 1.98251e-08 2.19292e-06 1.43673e-05 2.09015e-05 1.54943e-05 8.3716e-06 3.63852e-06 1.20305e-06 2.19056e-07 0 
0 3.7e-05 0.000148091 0.000319296 0.000511004 0.000663518 0.000728645 0.000702491 0.000620162 0.000522997 0.000437027 0.000372117 0.00032914 0.000305895 0.00030007 0.000310197 0.000335507 0.000374936 0.000424913 0.000475174 0.000502402 0.00046651 0.000330786 0.000136059 2.00641e-05 6.30098e-07 5.23067e-09 6.89064e-11 1.87304e-11 2.40019e-10 1.98251e-08 8.91119e-07 7.76075e-06 1.69433e-05 1.65445e-05 1.07711e-05 5.59299e-06 2.40252e-06 7.91686e-07 1.44014e-07 0 
0 2.36094e-05 9.5864e-05 0.00021312 0.000361082 0.000513622 0.000639228 0.000714907 0.000737004 0.000719172 0.000681384 0.000640541 0.000607217 0.000586544 0.000580134 0.000587421 0.000606057 0.000631447 0.000655647 0.000666103 0.000645219 0.000572975 0.000437058 0.000255923 9.70396e-05 2.0563e-05 2.79803e-06 4.78607e-07 2.49997e-07 5.18071e-07 2.19292e-06 7.76075e-06 1.49178e-05 1.61809e-05 1.20258e-05 7.11799e-06 3.58341e-06 1.52455e-06 5.00918e-07 9.10425e-08 0 
0 1.43243e-05 5.85715e-05 0.000132154 0.000230227 0.000342962 0.00045649 0.000556344 0.000632217 0.000681032 0.000706416 0.000715575 0.000715964 0.000713234 0.000710488 0.000708297 0.000704974 0.000696921 0.000679102 0.000645783 0.000591611 0.000513023 0.000410254 0.000290863 0.000173968 8.54094e-05 3.68791e-05 1.73638e-05 1.15129e-05 1.15276e-05 1.43673e-05 1.69433e-05 1.61809e-05 1.23536e-05 7.90944e-06 4.42488e-06 2.18417e-06 9.23211e-07 3.02709e-07 5.49824e-08 0 
0 8.2024e-06 3.36458e-05 7.64164e-05 0.000134779 0.000204981 0.000281445 0.000357561 0.000427041 0.000485285 0.00053011 0.000561562 0.000581063 0.000590416 0.000591055 0.000583681 0.000568254 0.000544253 0.000511084 0.000468516 0.000417018 0.000357925 0.000293486 0.000227098 0.000163789 0.000109925 7.0539e-05 4.60511e-05 3.26623e-05 2.55476e-05 2.09015e-05 1.65445e-05 1.20258e-05 7.90944e-06 4.72582e-06 2.5697e-06 1.25489e-06 5.28412e-07 1.73037e-07 3.14164e-08 0 
0 4.37246e-06 1.79599e-05 4.09022e-05 7.2506e-05 0.000111209 0.000154659 0.000199946 0.000243991 0.000283981 0.000317738 0.000343874 0.000361745 0.000371257 0.000372647 0.000366332 0.000352842 0.000332844 0.000307196 0.000276989 0.000243531 0.000208276 0.000172737 0.000138432 0.000106896 7.96216e-05 5.77119e-05 4.1377e-05 2.9794e-05 2.15847e-05 1.54943e-05 1.07711e-05 7.11799e-06 4.42488e-06 2.5697e-06 1.37966e-06 6.7027e-07 2.81685e-07 9.21774e-08 1.67315e-08 0 
0 2.11729e-06 8.70152e-06 1.98383e-05 3.52348e-05 5.42161e-05 7.57631e-05 9.85984e-05 0.000121313 0.000142518 0.000160981 0.000175736 0.000186128 0.000191822 0.000192766 0.000189158 0.000181403 0.00017008 0.000155904 0.00013968 0.000122254 0.000104451 8.70287e-05 7.06371e-05 5.58074e-05 4.29335e-05 3.22331e-05 2.37005e-05 1.71125e-05 1.21196e-05 8.3716e-06 5.59299e-06 3.58341e-06 2.18417e-06 1.25489e-06 6.7027e-07 3.24897e-07 1.36414e-07 4.4624e-08 8.09886e-09 0 
0 8.88569e-07 3.65255e-06 8.33064e-06 1.48065e-05 2.2809e-05 3.19283e-05 4.16484e-05 5.1392e-05 6.05739e-05 6.86531e-05 7.51786e-05 7.98209e-05 8.23888e-05 8.28316e-05 8.12303e-05 7.77803e-05 7.27677e-05 6.65421e-05 5.94866e-05 5.19877e-05 4.44079e-05 3.70639e-05 3.02123e-05 2.40423e-05 1.86741e-05 1.41581e-05 1.04793e-05 7.56903e-06 5.32574e-06 3.63852e-06 2.40252e-06 1.52455e-06 9.23211e-07 5.28412e-07 2.81685e-07 1.36414e-07 5.72535e-08 1.87258e-08 3.39836e-09 0 
0 2.90611e-07 1.19468e-06 2.72518e-06 4.8448e-06 7.4662e-06 1.04573e-05 1.36514e-05 1.68614e-05 1.98955e-05 2.25744e-05 2.47456e-05 2.62953e-05 2.71553e-05 2.73056e-05 2.67724e-05 2.56225e-05 2.39543e-05 2.18878e-05 1.95534e-05 1.70807e-05 1.459e-05 1.21844e-05 9.94567e-06 7.9319e-06 6.17782e-06 4.69642e-06 3.48211e-06 2.51505e-06 1.76638e-06 1.20305e-06 7.91686e-07 5.00918e-07 3.02709e-07 1.73037e-07 9.21774e-08 4.4624e-08 1.87258e-08 6.12419e-09 1.11139e-09 0 
0 5.27389e-08 2.16812e-07 4.94593e-07 8.79359e-07 1.35533e-06 1.89866e-06 2.47921e-06 3.0631e-06 3.61554e-06 4.10382e-06 4.49999e-06 4.78304e-06 4.94028e-06 4.96789e-06 4.8706e-06 4.66068e-06 4.35629e-06 3.97954e-06 3.55435e-06 3.10448e-06 2.6518e-06 2.21501e-06 1.8088e-06 1.44349e-06 1.12515e-06 8.55967e-07 6.34928e-07 4.58584e-07 3.21907e-07 2.19056e-07 1.44014e-07 9.10425e-08 5.49824e-08 3.14164e-08 1.67315e-08 8.09886e-09 3.39836e-09 1.11139e-09 2.01686e-10 0 
0 0 0 0 0 0 0 0 0 0 0 0 0 0 0 0 0 0 0 0 0 0 0 0 0 0 0 0 0 0 0 0 0 0 0 0 0 0 0 0 0 
