0 0 0 0 0 0 0 0 0 0 0 0 0 0 0 0 0 0 0 0 0 0 0 0 0 0 0 0 0 0 0 0 0 0 0 0 0 0 0 0 0 
0 1.32933e-05 5.2272e-05 0.000109935 0.000171698 0.000220822 0.000247143 0.000250847 0.00023897 0.000219859 0.000199903 0.000182878 0.000170544 0.000163484 0.000161717 0.000165023 0.000173043 0.000185194 0.000200495 0.000217364 0.000233497 0.000245966 0.000251643 0.000247923 0.000233587 0.000209398 0.000178091 0.000143624 0.000109996 8.0218e-05 5.58608e-05 3.72003e-05 2.36743e-05 1.43431e-05 8.20723e-06 4.37356e-06 2.11751e-06 8.88605e-07 2.90615e-07 5.27392e-08 0 
0 5.2272e-05 0.000192955 0.000358916 0.000458988 0.000448321 0.000360999 0.000256996 0.000171916 0.000113651 7.7356e-05 5.59969e-05 4.41545e-05 3.84991e-05 3.73404e-05 4.01774e-05 4.74631e-05 6.05562e-05 8.17376e-05 0.000114079 0.000160827 0.000223925 0.000301578 0.000385613 0.000460631 0.000507455 0.000511188 0.000469525 0.000394509 0.000305741 0.000220843 0.000150077 9.65002e-05 5.87514e-05 3.36908e-05 1.79698e-05 8.70343e-06 3.65286e-06 1.19471e-06 2.16814e-07 0 
0 0.000109935 0.000358916 0.000526482 0.000466125 0.00028503 0.000136083 5.63977e-05 2.21455e-05 8.88488e-06 3.89176e-06 1.96781e-06 1.19835e-06 9.02729e-07 8.49643e-07 9.92825e-07 1.41072e-06 2.36019e-06 4.46715e-06 9.15596e-06 1.94538e-05 4.11493e-05 8.36575e-05 0.000158755 0.000274476 0.000423433 0.000572452 0.000669553 0.00067549 0.000593583 0.000463466 0.000328974 0.00021627 0.000133038 7.66333e-05 4.09488e-05 1.98469e-05 8.33198e-06 2.72533e-06 4.94603e-07 0 
0 0.000171698 0.000458988 0.000466125 0.00024549 8.11541e-05 1.97613e-05 4.04054e-06 7.81313e-07 1.60081e-07 3.86069e-08 1.1993e-08 5.14052e-09 3.17429e-09 2.86834e-09 3.75044e-09 6.85155e-09 1.65703e-08 4.96291e-08 1.7113e-07 6.31639e-07 2.3334e-06 8.147e-06 2.57033e-05 7.09433e-05 0.000167491 0.000332276 0.000544354 0.000725691 0.000785833 0.000704744 0.000542405 0.000371883 0.000233308 0.00013553 7.26647e-05 3.52637e-05 1.48109e-05 4.8453e-06 8.79389e-07 0 
0 0.000220822 0.000448321 0.00028503 8.11541e-05 1.30355e-05 1.41382e-06 1.21918e-07 9.86281e-09 8.82855e-10 1.02056e-10 1.7396e-11 4.83807e-12 2.33878e-12 2.00994e-12 3.01825e-12 7.51401e-12 2.86109e-11 1.50833e-10 9.87378e-10 7.19825e-09 5.28426e-08 3.5835e-07 2.0984e-06 1.01246e-05 3.91655e-05 0.000119903 0.000288184 0.000537343 0.00076729 0.000842652 0.000736974 0.000541691 0.000351349 0.00020705 0.000111643 5.42936e-05 2.28205e-05 7.46748e-06 1.35541e-06 0 
0 0.000247143 0.000360999 0.000136083 1.97613e-05 1.41382e-06 6.10849e-08 1.96443e-09 5.87256e-11 2.0426e-12 1.02032e-13 8.76983e-15 1.48888e-15 5.44257e-16 4.41669e-16 7.76729e-16 2.75262e-15 1.75897e-14 1.76727e-13 2.40378e-12 3.81105e-11 6.1307e-10 8.88194e-09 1.05493e-07 9.61779e-07 6.48231e-06 3.18859e-05 0.000114826 0.000304113 0.000588771 0.000826559 0.000857709 0.000696785 0.000475093 0.000286173 0.000155653 7.59393e-05 3.1954e-05 1.04601e-05 1.89882e-06 0 
0 0.000250847 0.000256996 5.63977e-05 4.04054e-06 1.21918e-07 1.96443e-09 2.19629e-11 2.26253e-13 2.86289e-15 5.82818e-17 2.41894e-18 2.56638e-19 8.04991e-20 6.43728e-20 1.18173e-19 5.49434e-19 5.97445e-18 1.19548e-16 3.55489e-15 1.29369e-13 4.81773e-12 1.57366e-10 3.99033e-09 7.2046e-08 8.80744e-07 7.16673e-06 3.91806e-05 0.00014708 0.000384463 0.000697369 0.000880621 0.000810985 0.0005909 0.000366778 0.000201914 9.89462e-05 4.16986e-05 1.36569e-05 2.47953e-06 0 
0 0.00023897 0.000171916 2.21455e-05 7.81313e-07 9.86281e-09 5.87256e-11 2.26253e-13 7.96428e-16 3.63971e-18 3.34533e-20 1.99156e-21 5.84395e-22 3.21938e-22 2.82029e-22 3.73504e-22 7.90224e-22 3.45128e-21 7.58128e-20 4.76421e-18 4.00434e-16 3.47465e-14 2.5758e-12 1.404e-10 5.0565e-09 1.12937e-07 1.52904e-06 1.26946e-05 6.68754e-05 0.000231663 0.000535334 0.000824539 0.000872116 0.000687295 0.000442672 0.000247409 0.00012192 5.14792e-05 1.68707e-05 3.06364e-06 0 
0 0.000219859 0.000113651 8.88488e-06 1.60081e-07 8.82855e-10 2.0426e-12 2.86289e-15 3.63971e-18 7.47223e-21 1.30625e-22 2.14587e-23 1.29773e-23 1.03747e-23 9.66107e-24 1.0361e-23 1.27734e-23 2.52081e-23 1.89609e-22 9.3545e-21 1.61758e-18 3.13082e-16 5.05164e-14 5.69377e-12 3.95225e-10 1.56659e-08 3.44611e-07 4.25794e-06 3.08243e-05 0.000137883 0.000395078 0.000730194 0.000885497 0.000758232 0.000508764 0.000289269 0.000143464 6.07096e-05 1.991e-05 3.61637e-06 0 
0 0.000199903 7.7356e-05 3.89176e-06 3.86069e-08 1.02056e-10 1.02032e-13 5.82818e-17 3.34533e-20 1.30625e-22 4.3684e-24 1.07091e-24 8.69081e-25 8.43747e-25 8.15132e-25 7.76583e-25 7.26899e-25 9.12521e-25 3.26255e-24 7.59303e-23 1.24473e-20 4.70951e-18 1.51537e-15 3.25481e-13 4.04585e-11 2.67038e-09 9.04978e-08 1.59373e-06 1.52944e-05 8.54255e-05 0.000293485 0.00063314 0.000867613 0.000803946 0.000561872 0.000325118 0.000162316 6.88448e-05 2.25948e-05 4.10498e-06 0 
0 0.000182878 5.59969e-05 1.96781e-06 1.1993e-08 1.7396e-11 8.76983e-15 2.41894e-18 1.99156e-21 2.14587e-23 1.07091e-24 1.71507e-25 1.05774e-25 1.05953e-25 1.03706e-25 9.26538e-26 7.61704e-26 8.14739e-26 2.69282e-25 4.41174e-24 3.48798e-22 1.52778e-19 8.57537e-17 3.11764e-14 6.23527e-12 6.24163e-10 3.01196e-08 7.09027e-07 8.56898e-06 5.72804e-05 0.000227133 0.000553089 0.000836694 0.000829194 0.000600853 0.000353272 0.000177455 7.54261e-05 2.47719e-05 4.50149e-06 0 
0 0.000170544 4.41545e-05 1.19835e-06 5.14052e-09 4.83807e-12 1.48888e-15 2.56638e-19 5.84396e-22 1.29773e-23 8.69083e-25 1.05774e-25 2.66008e-26 1.76784e-26 1.60776e-26 1.37523e-26 1.11815e-26 1.56243e-26 7.98981e-26 1.13408e-24 5.16766e-23 1.34776e-20 1.07436e-17 5.70894e-15 1.60897e-12 2.17516e-10 1.35478e-08 3.93357e-07 5.61642e-06 4.27205e-05 0.000187491 0.00049695 0.000806725 0.000840364 0.000626098 0.000372767 0.000188164 8.01147e-05 2.63265e-05 4.78482e-06 0 
0 0.000163484 3.84991e-05 9.02729e-07 3.17429e-09 2.33878e-12 5.44257e-16 8.04991e-20 3.21938e-22 1.03747e-23 8.43749e-25 1.05954e-25 1.76785e-26 5.07531e-27 3.03384e-27 2.40396e-27 2.50021e-27 7.2475e-27 5.08845e-26 6.49123e-25 2.1554e-23 3.67269e-21 3.29366e-18 2.16987e-15 7.42851e-13 1.19092e-10 8.57368e-09 2.80438e-07 4.40191e-06 3.60244e-05 0.000167376 0.000465151 0.000785975 0.000843042 0.00063873 0.000383254 0.000194051 8.27113e-05 2.71895e-05 4.94223e-06 0 
0 0.000161717 3.73404e-05 8.49643e-07 2.86834e-09 2.00994e-12 4.41669e-16 6.43728e-20 2.8203e-22 9.66109e-24 8.15134e-25 1.03707e-25 1.60777e-26 3.03385e-27 9.19187e-28 6.12752e-28 1.18922e-27 5.93925e-27 4.55458e-26 5.69666e-25 1.78687e-23 2.81547e-21 2.55812e-18 1.76208e-15 6.28177e-13 1.04356e-10 7.74378e-09 2.5968e-07 4.15734e-06 3.4543e-05 0.00016241 0.000456024 0.000777882 0.000840668 0.0006399 0.000384834 0.000195037 8.31605e-05 2.73405e-05 4.96988e-06 0 
0 0.000165023 4.01774e-05 9.92825e-07 3.75044e-09 3.01825e-12 7.76729e-16 1.18173e-19 3.73505e-22 1.0361e-23 7.76585e-25 9.26541e-26 1.37524e-26 2.40396e-27 6.12752e-28 4.3438e-28 1.16151e-27 6.3946e-27 5.16606e-26 7.1675e-25 2.73415e-23 5.59198e-21 4.89215e-18 2.98728e-15 9.55054e-13 1.44235e-10 9.87112e-09 3.09685e-07 4.70151e-06 3.74919e-05 0.000170791 0.00046769 0.000782226 0.000834139 0.00063038 0.000377927 0.000191316 8.15431e-05 2.68056e-05 4.87249e-06 0 
0 0.000173043 4.74631e-05 1.41072e-06 6.85155e-09 7.51401e-12 2.75262e-15 5.49434e-19 7.90225e-22 1.27734e-23 7.26901e-25 7.61706e-26 1.11815e-26 2.50021e-27 1.18922e-27 1.16151e-27 2.24674e-27 9.77155e-27 8.2101e-26 1.43908e-24 8.53694e-23 2.95842e-20 2.118e-17 9.86295e-15 2.46855e-12 3.00872e-10 1.71629e-08 4.63508e-07 6.24547e-06 4.54148e-05 0.000192648 0.000498126 0.000795695 0.000821996 0.000610497 0.000363196 0.000183322 7.80583e-05 2.56521e-05 4.66237e-06 0 
0 0.000185194 6.05562e-05 2.36019e-06 1.65703e-08 2.86109e-11 1.75897e-14 5.97445e-18 3.45128e-21 2.52081e-23 9.12523e-25 8.14741e-26 1.56243e-26 7.24749e-27 5.93923e-27 6.39458e-27 9.77153e-27 3.05076e-26 2.59331e-25 6.94545e-24 8.01816e-22 3.80394e-19 1.82379e-16 5.70098e-14 9.953e-12 8.84744e-10 3.85975e-08 8.35998e-07 9.45139e-06 5.99999e-05 0.000229038 0.000543799 0.000811739 0.000800952 0.000580343 0.000341528 0.000171679 7.29993e-05 2.3979e-05 4.35771e-06 0 
0 0.000200495 8.17376e-05 4.46715e-06 4.96291e-08 1.50833e-10 1.76727e-13 1.19548e-16 7.58128e-20 1.89609e-22 3.26255e-24 2.69282e-25 7.9898e-26 5.08843e-26 4.55456e-26 5.16605e-26 8.21009e-26 2.5933e-25 2.65955e-24 1.28029e-22 2.78307e-20 9.43584e-18 2.66095e-15 5.05453e-13 5.62219e-11 3.36509e-09 1.04877e-07 1.72258e-06 1.56312e-05 8.36975e-05 0.000279771 0.000596846 0.000820119 0.000766704 0.00054012 0.000314042 0.000157156 6.67236e-05 2.19073e-05 3.98066e-06 0 
0 0.000217364 0.000114079 9.15596e-06 1.7113e-07 9.87378e-10 2.40378e-12 3.55489e-15 4.76421e-18 9.3545e-21 7.59303e-23 4.41174e-24 1.13408e-24 6.49121e-25 5.69665e-25 7.16749e-25 1.43908e-24 6.94544e-24 1.28029e-22 1.12595e-20 1.94632e-18 3.58752e-16 5.51761e-14 5.93842e-12 3.94381e-10 1.49905e-08 3.17222e-07 3.78883e-06 2.67092e-05 0.000117697 0.000338259 0.000640766 0.00080684 0.000714943 0.000490475 0.000282077 0.000140607 5.96213e-05 1.95679e-05 3.55519e-06 0 
0 0.000233497 0.000160827 1.94538e-05 6.31639e-07 7.19825e-09 3.81105e-11 1.29369e-13 4.00434e-16 1.61758e-18 1.24473e-20 3.48798e-22 5.16765e-23 2.15539e-23 1.78687e-23 2.73415e-23 8.53694e-23 8.01816e-22 2.78307e-20 1.94632e-18 1.78655e-16 1.69239e-14 1.3611e-12 7.95263e-11 3.01932e-09 6.97811e-08 9.62329e-07 8.07631e-06 4.31906e-05 0.000154689 0.000381364 0.000646032 0.000755312 0.000642418 0.000432683 0.000247127 0.00012291 5.20835e-05 1.70911e-05 3.10508e-06 0 
0 0.000245966 0.000223925 4.11493e-05 2.3334e-06 5.28426e-08 6.1307e-10 4.81773e-12 3.47465e-14 3.13082e-16 4.70951e-18 1.52778e-19 1.34776e-20 3.67269e-21 2.81547e-21 5.59198e-21 2.95842e-20 3.80394e-19 9.43584e-18 3.58752e-16 1.69239e-14 8.14711e-13 3.37309e-11 1.04503e-09 2.18897e-08 2.92826e-07 2.48684e-06 1.39802e-05 5.55212e-05 0.00016354 0.000359149 0.000571721 0.000649896 0.00054785 0.000368632 0.000210746 0.000104905 4.44747e-05 1.45973e-05 2.65223e-06 0 
0 0.000251643 0.000301578 8.36575e-05 8.147e-06 3.5835e-07 8.88194e-09 1.57366e-10 2.5758e-12 5.05164e-14 1.51537e-15 8.57537e-17 1.07436e-17 3.29366e-18 2.55812e-18 4.89215e-18 2.118e-17 1.82379e-16 2.66095e-15 5.51761e-14 1.3611e-12 3.37309e-11 7.20209e-10 1.15837e-08 1.25984e-07 8.72484e-07 3.94014e-06 1.30982e-05 3.73995e-05 9.83789e-05 0.000224005 0.000390944 0.000484571 0.000433073 0.000300761 0.000174449 8.7347e-05 3.71111e-05 1.21896e-05 2.21532e-06 0 
0 0.000247923 0.000385613 0.000158755 2.57033e-05 2.0984e-06 1.05493e-07 3.99033e-09 1.404e-10 5.69377e-12 3.25481e-13 3.11764e-14 5.70894e-15 2.16987e-15 1.76208e-15 2.98728e-15 9.86295e-15 5.70098e-14 5.05453e-13 5.93842e-12 7.95263e-11 1.04503e-09 1.15837e-08 9.22505e-08 4.47289e-07 1.1818e-06 1.85037e-06 2.50354e-06 4.73744e-06 1.47306e-05 5.52653e-05 0.000159991 0.000281921 0.000305816 0.000232281 0.000139691 7.08732e-05 3.02473e-05 9.94951e-06 1.80902e-06 0 
0 0.000233587 0.000460631 0.000274476 7.09433e-05 1.01246e-05 9.61779e-07 7.2046e-08 5.0565e-09 3.95225e-10 4.04585e-11 6.23527e-12 1.60897e-12 7.42851e-13 6.28177e-13 9.55054e-13 2.46855e-12 9.953e-12 5.62219e-11 3.94381e-10 3.01932e-09 2.18897e-08 1.25984e-07 4.47289e-07 6.90653e-07 3.40832e-07 6.39303e-08 1.32866e-08 1.3217e-08 9.95225e-08 1.96184e-06 2.48841e-05 0.000108901 0.00018395 0.000167781 0.000107903 5.59962e-05 2.407e-05 7.93489e-06 1.44366e-06 0 
0 0.000209398 0.000507455 0.000423433 0.000167491 3.91655e-05 6.48231e-06 8.80744e-07 1.12937e-07 1.56659e-08 2.67038e-09 6.24163e-10 2.17516e-10 1.19092e-10 1.04356e-10 1.44235e-10 3.00872e-10 8.84744e-10 3.36509e-09 1.49905e-08 6.97811e-08 2.92826e-07 8.72484e-07 1.1818e-06 3.40832e-07 9.28189e-09 3.0433e-11 1.49156e-13 4.52187e-14 3.44265e-12 2.94096e-09 8.97022e-07 2.4279e-05 9.17811e-05 0.000113131 8.04713e-05 4.30917e-05 1.86968e-05 6.18023e-06 1.12528e-06 0 
0 0.000178091 0.000511188 0.000572452 0.000332276 0.000119903 3.18859e-05 7.16673e-06 1.52904e-06 3.44611e-07 9.04978e-08 3.01196e-08 1.35478e-08 8.57368e-09 7.74378e-09 9.87112e-09 1.71629e-08 3.85975e-08 1.04877e-07 3.17222e-07 9.62329e-07 2.48684e-06 3.94014e-06 1.85037e-06 6.39303e-08 3.0433e-11 3.12195e-16 2.61231e-15 2.02627e-15 1.10919e-15 2.37575e-13 9.20217e-09 3.56687e-06 4.05585e-05 7.30551e-05 5.84204e-05 3.23639e-05 1.41765e-05 4.69833e-06 8.56074e-07 0 
0 0.000143624 0.000469525 0.000669553 0.000544354 0.000288184 0.000114826 3.91806e-05 1.26946e-05 4.25794e-06 1.59373e-06 7.09027e-07 3.93357e-07 2.80438e-07 2.5968e-07 3.09685e-07 4.63508e-07 8.35998e-07 1.72258e-06 3.78883e-06 8.07631e-06 1.39802e-05 1.30982e-05 2.50354e-06 1.32866e-08 1.49156e-13 2.61231e-15 3.65502e-16 2.27298e-16 8.50965e-17 4.72675e-16 1.47966e-10 6.53633e-07 1.94724e-05 4.79223e-05 4.19287e-05 2.38015e-05 1.04933e-05 3.48352e-06 6.35006e-07 0 
0 0.000109996 0.000394509 0.00067549 0.000725691 0.000537343 0.000304113 0.00014708 6.68754e-05 3.08243e-05 1.52944e-05 8.56898e-06 5.61642e-06 4.40191e-06 4.15734e-06 4.70151e-06 6.24547e-06 9.45139e-06 1.56312e-05 2.67092e-05 4.31906e-05 5.55212e-05 3.73995e-05 4.73744e-06 1.3217e-08 4.52187e-14 2.02627e-15 2.27298e-16 1.06433e-16 4.09404e-16 1.29746e-14 4.25863e-11 3.4649e-07 1.29467e-05 3.39863e-05 3.01814e-05 1.71824e-05 7.57856e-06 2.51601e-06 4.58637e-07 0 
0 8.0218e-05 0.000305741 0.000593583 0.000785833 0.00076729 0.000588771 0.000384463 0.000231663 0.000137883 8.54255e-05 5.72804e-05 4.27205e-05 3.60244e-05 3.4543e-05 3.74919e-05 4.54148e-05 5.99999e-05 8.36975e-05 0.000117697 0.000154689 0.00016354 9.83789e-05 1.47306e-05 9.95226e-08 3.44265e-12 1.10919e-15 8.50965e-17 4.09403e-16 9.49381e-17 9.19715e-16 4.66668e-10 6.80329e-07 1.27314e-05 2.64267e-05 2.18241e-05 1.21619e-05 5.3315e-06 1.76696e-06 3.21939e-07 0 
0 5.58608e-05 0.000220843 0.000463466 0.000704744 0.000842652 0.000826559 0.000697369 0.000535334 0.000395078 0.000293485 0.000227133 0.000187491 0.000167376 0.00016241 0.000170791 0.000192648 0.000229038 0.000279771 0.000338259 0.000381364 0.000359149 0.000224005 5.52653e-05 1.96184e-06 2.94096e-09 2.37575e-13 4.72676e-16 1.29746e-14 9.19715e-16 1.13492e-11 3.0469e-08 2.63446e-06 1.54028e-05 2.14192e-05 1.56216e-05 8.39374e-06 3.64155e-06 1.20336e-06 2.19073e-07 0 
0 3.72003e-05 0.000150077 0.000328974 0.000542405 0.000736974 0.000857709 0.000880621 0.000824539 0.000730194 0.00063314 0.000553089 0.00049695 0.000465151 0.000456024 0.00046769 0.000498126 0.000543799 0.000596846 0.000640766 0.000646032 0.000571721 0.000390944 0.000159991 2.48841e-05 8.97022e-07 9.20217e-09 1.47966e-10 4.25863e-11 4.66668e-10 3.0469e-08 1.11862e-06 8.59916e-06 1.76552e-05 1.67979e-05 1.08283e-05 5.60291e-06 2.4039e-06 7.91831e-07 1.44022e-07 0 
0 2.36743e-05 9.65002e-05 0.00021627 0.000371883 0.000541691 0.000696785 0.000810985 0.000872116 0.000885497 0.000867613 0.000836694 0.000806725 0.000785975 0.000777882 0.000782226 0.000795695 0.000811739 0.000820119 0.00080684 0.000755312 0.000649896 0.000484571 0.000281921 0.000108901 2.4279e-05 3.56687e-06 6.53633e-07 3.4649e-07 6.80329e-07 2.63446e-06 8.59916e-06 1.56721e-05 1.65258e-05 1.21255e-05 7.13962e-06 3.58722e-06 1.5251e-06 5.00977e-07 9.1046e-08 0 
0 1.43431e-05 5.87514e-05 0.000133038 0.000233308 0.000351349 0.000475093 0.0005909 0.000687295 0.000758232 0.000803946 0.000829194 0.000840364 0.000843042 0.000840668 0.000834139 0.000821996 0.000800952 0.000766704 0.000714943 0.000642418 0.00054785 0.000433073 0.000305816 0.00018395 9.17811e-05 4.05585e-05 1.94724e-05 1.29467e-05 1.27314e-05 1.54028e-05 1.76552e-05 1.65258e-05 1.24731e-05 7.94126e-06 4.4318e-06 2.18542e-06 9.23399e-07 3.0273e-07 5.49836e-08 0 
0 8.20723e-06 3.36908e-05 7.66333e-05 0.00013553 0.00020705 0.000286173 0.000366778 0.000442672 0.000508764 0.000561872 0.000600853 0.000626098 0.00063873 0.0006399 0.00063038 0.000610497 0.000580343 0.00054012 0.000490475 0.000432683 0.000368632 0.000300761 0.000232281 0.000167781 0.000113131 7.30551e-05 4.79223e-05 3.39863e-05 2.64267e-05 2.14192e-05 1.67979e-05 1.21255e-05 7.94126e-06 4.73424e-06 2.57158e-06 1.25525e-06 5.28468e-07 1.73044e-07 3.14168e-08 0 
0 4.37356e-06 1.79698e-05 4.09488e-05 7.26647e-05 0.000111643 0.000155653 0.000201914 0.000247409 0.000289269 0.000325118 0.000353272 0.000372767 0.000383254 0.000384834 0.000377927 0.000363196 0.000341528 0.000314042 0.000282077 0.000247127 0.000210746 0.000174449 0.000139691 0.000107903 8.04713e-05 5.84204e-05 4.19287e-05 3.01814e-05 2.18241e-05 1.56216e-05 1.08283e-05 7.13962e-06 4.4318e-06 2.57158e-06 1.3801e-06 6.70358e-07 2.81699e-07 9.21791e-08 1.67316e-08 0 
0 2.11751e-06 8.70343e-06 1.98469e-05 3.52637e-05 5.42936e-05 7.59393e-05 9.89462e-05 0.00012192 0.000143464 0.000162316 0.000177455 0.000188164 0.000194051 0.000195037 0.000191316 0.000183322 0.000171679 0.000157156 0.000140607 0.00012291 0.000104905 8.7347e-05 7.08732e-05 5.59962e-05 4.30917e-05 3.23639e-05 2.38015e-05 1.71824e-05 1.21619e-05 8.39374e-06 5.60291e-06 3.58722e-06 2.18542e-06 1.25525e-06 6.70358e-07 3.24915e-07 1.36417e-07 4.46244e-08 8.09889e-09 0 
0 8.88605e-07 3.65286e-06 8.33198e-06 1.48109e-05 2.28205e-05 3.1954e-05 4.16986e-05 5.14792e-05 6.07096e-05 6.88448e-05 7.54261e-05 8.01147e-05 8.27113e-05 8.31605e-05 8.15431e-05 7.80583e-05 7.29993e-05 6.67236e-05 5.96213e-05 5.20835e-05 4.44747e-05 3.71111e-05 3.02473e-05 2.407e-05 1.86968e-05 1.41765e-05 1.04933e-05 7.57856e-06 5.3315e-06 3.64155e-06 2.4039e-06 1.5251e-06 9.23399e-07 5.28468e-07 2.81699e-07 1.36417e-07 5.7254e-08 1.87259e-08 3.39836e-09 0 
0 2.90615e-07 1.19471e-06 2.72533e-06 4.8453e-06 7.46748e-06 1.04601e-05 1.36569e-05 1.68707e-05 1.991e-05 2.25948e-05 2.47719e-05 2.63265e-05 2.71895e-05 2.73405e-05 2.68056e-05 2.56521e-05 2.3979e-05 2.19073e-05 1.95679e-05 1.70911e-05 1.45973e-05 1.21896e-05 9.94951e-06 7.93489e-06 6.18023e-06 4.69833e-06 3.48352e-06 2.51601e-06 1.76696e-06 1.20336e-06 7.91831e-07 5.00977e-07 3.0273e-07 1.73044e-07 9.21791e-08 4.46244e-08 1.87259e-08 6.1242e-09 1.11139e-09 0 
0 5.27392e-08 2.16814e-07 4.94603e-07 8.79389e-07 1.35541e-06 1.89882e-06 2.47953e-06 3.06364e-06 3.61637e-06 4.10498e-06 4.50149e-06 4.78482e-06 4.94223e-06 4.96988e-06 4.87249e-06 4.66237e-06 4.35771e-06 3.98066e-06 3.55519e-06 3.10508e-06 2.65223e-06 2.21532e-06 1.80902e-06 1.44366e-06 1.12528e-06 8.56074e-07 6.35006e-07 4.58637e-07 3.21939e-07 2.19073e-07 1.44022e-07 9.1046e-08 5.49836e-08 3.14168e-08 1.67316e-08 8.09889e-09 3.39836e-09 1.11139e-09 2.01686e-10 0 
0 0 0 0 0 0 0 0 0 0 0 0 0 0 0 0 0 0 0 0 0 0 0 0 0 0 0 0 0 0 0 0 0 0 0 0 0 0 0 0 0 
