0 0 0 0 0 0 0 0 0 0 0 0 0 0 0 0 0 0 0 0 0 0 0 0 0 0 0 0 0 0 0 0 0 0 0 0 0 0 0 0 0 
0 1.33009e-05 5.23371e-05 0.000110197 0.00017239 0.000222152 0.000249151 0.000253387 0.000241818 0.000222815 0.000202841 0.000185741 0.000173327 0.000166211 0.000164424 0.00016775 0.000175819 0.000188033 0.000203387 0.000220269 0.00023634 0.000248644 0.000254037 0.000249929 0.000235139 0.000210493 0.000178787 0.000144019 0.000110195 8.03074e-05 5.58964e-05 3.72129e-05 2.36783e-05 1.43443e-05 8.20752e-06 4.37363e-06 2.11753e-06 8.88607e-07 2.90615e-07 5.27393e-08 0 
0 5.23371e-05 0.000193506 0.000360952 0.000463416 0.00045469 0.000367743 0.000262828 0.000176416 0.000116964 7.98028e-05 5.78774e-05 4.56978e-05 3.98738e-05 3.86785e-05 4.1598e-05 4.90931e-05 6.25464e-05 8.42735e-05 0.000117377 0.000165103 0.000229324 0.000308055 0.000392817 0.000467879 0.000513895 0.000516141 0.000472778 0.000396323 0.000306603 0.000221195 0.000150202 9.65394e-05 5.87623e-05 3.36935e-05 1.79704e-05 8.70354e-06 3.65287e-06 1.19472e-06 2.16814e-07 0 
0 0.000110197 0.000360952 0.000532426 0.000474756 0.000292406 0.00014052 5.85832e-05 2.31303e-05 9.32674e-06 4.10328e-06 2.08214e-06 1.27119e-06 9.58946e-07 9.02775e-07 1.05399e-06 1.49482e-06 2.49411e-06 4.70483e-06 9.60687e-06 2.03309e-05 4.2832e-05 8.67334e-05 0.000163944 0.000282308 0.000433651 0.000583564 0.000679307 0.000682273 0.000597325 0.000465134 0.000329591 0.000216465 0.000133092 7.66463e-05 4.09516e-05 1.98474e-05 8.33206e-06 2.72534e-06 4.94604e-07 0 
0 0.00017239 0.000463416 0.000474756 0.000252509 8.4263e-05 2.07052e-05 4.27192e-06 8.33415e-07 1.72185e-07 4.18323e-08 1.30726e-08 5.6272e-09 3.48306e-09 3.14866e-09 4.11098e-09 7.48663e-09 1.8024e-08 5.36796e-08 1.83927e-07 6.74358e-07 2.47465e-06 8.58521e-06 2.69258e-05 7.39125e-05 0.00017359 0.000342518 0.000557808 0.000738913 0.000795325 0.000709778 0.000544459 0.000372559 0.000233496 0.000135575 7.26741e-05 3.52653e-05 1.48111e-05 4.84533e-06 8.79391e-07 0 
0 0.000222152 0.00045469 0.000292406 8.4263e-05 1.37009e-05 1.50515e-06 1.31535e-07 1.07828e-08 9.77339e-10 1.14229e-10 1.96453e-11 5.49857e-12 2.66753e-12 2.29392e-12 3.43721e-12 8.51691e-12 3.22094e-11 1.68376e-10 1.09178e-09 7.87969e-09 5.72639e-08 3.84589e-07 2.23206e-06 1.06844e-05 4.10448e-05 0.000124866 0.000298209 0.000552117 0.000782353 0.000853042 0.000741977 0.000543488 0.000351865 0.000207174 0.000111668 5.42981e-05 2.28211e-05 7.46755e-06 1.35541e-06 0 
0 0.000249151 0.000367743 0.00014052 2.07052e-05 1.50515e-06 6.61746e-08 2.16745e-09 6.59887e-11 2.33499e-12 1.18416e-13 1.03038e-14 1.76476e-15 6.48283e-16 5.26552e-16 9.23226e-16 3.25059e-15 2.05774e-14 2.04356e-13 2.74338e-12 4.28952e-11 6.80462e-10 9.72632e-09 1.14089e-07 1.02865e-06 6.86721e-06 3.35081e-05 0.000119811 0.000315035 0.000604959 0.000841911 0.000866983 0.00070059 0.000476255 0.000286458 0.000155712 7.59496e-05 3.19555e-05 1.04603e-05 1.89883e-06 0 
0 0.000253387 0.000262828 5.85832e-05 4.27192e-06 1.31535e-07 2.16745e-09 2.48117e-11 2.61685e-13 3.38537e-15 7.02783e-17 2.96006e-18 3.13649e-19 9.62777e-20 7.64554e-20 1.43029e-19 6.73898e-19 7.2764e-18 1.43466e-16 4.19442e-15 1.49932e-13 5.48354e-12 1.76013e-10 4.39116e-09 7.81364e-08 9.43278e-07 7.59585e-06 4.11707e-05 0.00015337 0.000397676 0.000714698 0.000894205 0.000817591 0.000593109 0.00036734 0.000202031 9.89666e-05 4.17015e-05 1.36572e-05 2.47955e-06 0 
0 0.000241818 0.000176416 2.31303e-05 8.33415e-07 1.07828e-08 6.59887e-11 2.61685e-13 9.48063e-16 4.45092e-18 4.10171e-20 2.20706e-21 6.21989e-22 3.37224e-22 2.941e-22 3.94291e-22 8.50053e-22 3.97996e-21 9.36207e-20 5.81015e-18 4.77766e-16 4.05489e-14 2.94222e-12 1.57197e-10 5.56043e-09 1.22268e-07 1.63394e-06 1.34235e-05 7.01066e-05 0.000240885 0.000551565 0.000841045 0.000881806 0.000690906 0.000443641 0.000247614 0.000121956 5.14843e-05 1.68713e-05 3.06367e-06 0 
0 0.000222815 0.000116964 9.32674e-06 1.72185e-07 9.77339e-10 2.33499e-12 3.38537e-15 4.45092e-18 9.1561e-21 1.44399e-22 2.14001e-23 1.2286e-23 9.76252e-24 9.07761e-24 9.76506e-24 1.22259e-23 2.62888e-23 2.15844e-22 1.16079e-20 1.98305e-18 3.74017e-16 5.88496e-14 6.47905e-12 4.40297e-10 1.71327e-08 3.71077e-07 4.52795e-06 3.24553e-05 0.000143945 0.000408763 0.000747771 0.000897914 0.000763428 0.00051024 0.000289589 0.00014352 6.07176e-05 1.99108e-05 3.61642e-06 0 
0 0.000202841 7.98028e-05 4.10328e-06 4.18323e-08 1.14229e-10 1.18416e-13 7.02783e-17 4.10171e-20 1.44399e-22 4.34564e-24 9.82953e-25 7.63064e-25 7.38636e-25 7.13379e-25 6.79317e-25 6.44028e-25 8.66921e-25 3.41057e-24 8.84886e-23 1.55039e-20 5.74261e-18 1.79603e-15 3.75658e-13 4.55883e-11 2.94648e-09 9.81038e-08 1.70311e-06 1.61615e-05 8.94484e-05 0.000304587 0.000650432 0.000882007 0.000810671 0.000563898 0.000325569 0.000162396 6.88561e-05 2.2596e-05 4.10505e-06 0 
0 0.000185741 5.78774e-05 2.08214e-06 1.30726e-08 1.96453e-11 1.03038e-14 2.96006e-18 2.20706e-21 2.14002e-23 9.82954e-25 1.48019e-25 8.80829e-26 8.80881e-26 8.62581e-26 7.69525e-26 6.39724e-26 7.26257e-26 2.63899e-25 4.78957e-24 4.16427e-22 1.89105e-19 1.03053e-16 3.63938e-14 7.09025e-12 6.93624e-10 3.28273e-08 7.60654e-07 9.07998e-06 6.01074e-05 0.000236225 0.000569496 0.000852271 0.000837187 0.000603392 0.00035385 0.000177558 7.54406e-05 2.47734e-05 4.50157e-06 0 
0 0.000173327 4.56978e-05 1.27119e-06 5.6272e-09 5.49857e-12 1.76476e-15 3.13649e-19 6.2199e-22 1.2286e-23 7.63066e-25 8.80831e-26 2.12973e-26 1.40648e-26 1.28211e-26 1.09653e-26 9.05525e-27 1.35696e-26 7.53402e-26 1.15702e-24 5.81495e-23 1.67007e-20 1.30371e-17 6.71768e-15 1.84131e-12 2.4293e-10 1.48212e-08 4.23144e-07 5.96259e-06 4.48912e-05 0.000195253 0.000512439 0.000822868 0.000849246 0.000629036 0.000373449 0.000188286 8.0132e-05 2.63283e-05 4.78492e-06 0 
0 0.000166211 3.98738e-05 9.58946e-07 3.48306e-09 2.66753e-12 6.48283e-16 9.62777e-20 3.37225e-22 9.76254e-24 7.38638e-25 8.80884e-26 1.40649e-26 3.90925e-27 2.3259e-27 1.85372e-27 2.00869e-27 6.31713e-27 4.71602e-26 6.45991e-25 2.36897e-23 4.49368e-21 4.01734e-18 2.5641e-15 8.5299e-13 1.33353e-10 9.39776e-09 3.02087e-07 4.67751e-06 3.78789e-05 0.000174407 0.000479988 0.000802281 0.000852392 0.000641901 0.000383998 0.000194186 8.27304e-05 2.71915e-05 4.94234e-06 0 
0 0.000164424 3.86785e-05 9.02775e-07 3.14866e-09 2.29392e-12 5.26552e-16 7.64554e-20 2.941e-22 9.07763e-24 7.13381e-25 8.62584e-26 1.28212e-26 2.32591e-27 6.8662e-28 4.67482e-28 9.8183e-28 5.21223e-27 4.21061e-26 5.64735e-25 1.95511e-23 3.42907e-21 3.12179e-18 2.08303e-15 7.21499e-13 1.16869e-10 8.48852e-09 2.79719e-07 4.41722e-06 3.63169e-05 0.000169218 0.000470575 0.000794089 0.000850069 0.000643114 0.000385592 0.000195173 8.318e-05 2.73426e-05 4.96999e-06 0 
0 0.00016775 4.1598e-05 1.05399e-06 4.11098e-09 3.43721e-12 9.23226e-16 1.43029e-19 3.94292e-22 9.76508e-24 6.79319e-25 7.69527e-26 1.09653e-26 1.85373e-27 4.67482e-28 3.46585e-28 9.83781e-28 5.67119e-27 4.82479e-26 7.19014e-25 3.02966e-23 6.8798e-21 5.94701e-18 3.51968e-15 1.09392e-12 1.61169e-10 1.08011e-08 3.33113e-07 4.98996e-06 3.93832e-05 0.000177821 0.0004823 0.000798111 0.000843198 0.000633449 0.000378649 0.000191446 8.15617e-05 2.68076e-05 4.8726e-06 0 
0 0.000175819 4.90931e-05 1.49482e-06 7.48663e-09 8.51691e-12 3.25059e-15 6.73898e-19 8.50053e-22 1.22259e-23 6.4403e-25 6.39726e-26 9.05527e-27 2.00869e-27 9.81827e-28 9.83778e-28 1.958e-27 8.88904e-27 7.92371e-26 1.50383e-24 9.79755e-23 3.66377e-20 2.55426e-17 1.15433e-14 2.812e-12 3.34709e-10 1.87142e-08 4.97227e-07 6.61502e-06 4.76295e-05 0.0002003 0.000513019 0.000810977 0.000830351 0.000613262 0.000363839 0.000183437 7.80748e-05 2.56538e-05 4.66247e-06 0 
0 0.000188033 6.25464e-05 2.49411e-06 1.8024e-08 3.22094e-11 2.05774e-14 7.2764e-18 3.97997e-21 2.62888e-23 8.66922e-25 7.26259e-26 1.35696e-26 6.31711e-27 5.21221e-27 5.67117e-27 8.88902e-27 2.9024e-26 2.64677e-25 7.76152e-24 9.79067e-22 4.67188e-19 2.17447e-16 6.60891e-14 1.12491e-11 9.78024e-10 4.18756e-08 8.93336e-07 9.98094e-06 6.2778e-05 0.000237641 0.000558966 0.000826015 0.000808294 0.000582692 0.000342066 0.000171776 7.30131e-05 2.39805e-05 4.35779e-06 0 
0 0.000203387 8.42735e-05 4.70483e-06 5.36796e-08 1.68376e-10 2.04356e-13 1.43466e-16 9.36207e-20 2.15844e-22 3.41057e-24 2.63899e-25 7.534e-26 4.716e-26 4.2106e-26 4.82478e-26 7.92369e-26 2.64677e-25 2.95387e-24 1.54246e-22 3.45104e-20 1.14044e-17 3.12827e-15 5.79078e-13 6.29275e-11 3.69057e-09 1.13068e-07 1.83164e-06 1.64434e-05 8.72967e-05 0.000289456 0.000611901 0.000832867 0.000772807 0.000542 0.000314467 0.000157232 6.67345e-05 2.19084e-05 3.98073e-06 0 
0 0.000220269 0.000117377 9.60687e-06 1.83927e-07 1.09178e-09 2.74338e-12 4.19442e-15 5.81015e-18 1.16079e-20 8.84886e-23 4.78957e-24 1.15702e-24 6.45989e-25 5.64733e-25 7.19013e-25 1.50383e-24 7.76151e-24 1.54246e-22 1.3998e-20 2.36929e-18 4.25595e-16 6.38424e-14 6.71285e-12 4.36531e-10 1.62912e-08 3.3949e-07 4.00506e-06 2.79636e-05 0.000122263 0.000348694 0.00065485 0.000817514 0.00071971 0.000491895 0.000282394 0.000140664 5.96294e-05 1.95687e-05 3.55524e-06 0 
0 0.00023634 0.000165103 2.03309e-05 6.74358e-07 7.87969e-09 4.28952e-11 1.49932e-13 4.77766e-16 1.98305e-18 1.55039e-20 4.16427e-22 5.81494e-23 2.36897e-23 1.95511e-23 3.02966e-23 9.79755e-23 9.79067e-22 3.45104e-20 2.36929e-18 2.12608e-16 1.96846e-14 1.54843e-12 8.86163e-11 3.30213e-09 7.5087e-08 1.02154e-06 8.48048e-06 4.49666e-05 0.000159904 0.000391419 0.000657914 0.000763529 0.000645909 0.000433703 0.000247354 0.00012295 5.20894e-05 1.70917e-05 3.10512e-06 0 
0 0.000248644 0.000229324 4.2832e-05 2.47465e-06 5.72639e-08 6.80462e-10 5.48354e-12 4.05489e-14 3.74017e-16 5.74261e-18 1.89105e-19 1.67007e-20 4.49368e-21 3.42907e-21 6.8798e-21 3.66377e-20 4.67188e-19 1.14044e-17 4.25595e-16 1.96846e-14 9.28875e-13 3.77185e-11 1.14755e-09 2.36476e-08 3.11903e-07 2.61795e-06 1.45791e-05 5.74643e-05 0.00016817 0.000366964 0.000580286 0.000655631 0.000550272 0.000369343 0.000210905 0.000104934 4.44789e-05 1.45978e-05 2.65226e-06 0 
0 0.000254037 0.000308055 8.67334e-05 8.58521e-06 3.84589e-07 9.72632e-09 1.76013e-10 2.94222e-12 5.88496e-14 1.79603e-15 1.03053e-16 1.30371e-17 4.01734e-18 3.12179e-18 5.94701e-18 2.55426e-17 2.17447e-16 3.12827e-15 6.38424e-14 1.54843e-12 3.77185e-11 7.91969e-10 1.25403e-08 1.34506e-07 9.20659e-07 4.11864e-06 1.35883e-05 3.85495e-05 0.000100797 0.000228158 0.000395889 0.000488199 0.000434714 0.000301264 0.000174565 8.73682e-05 3.71142e-05 1.219e-05 2.21534e-06 0 
0 0.000249929 0.000392817 0.000163944 2.69258e-05 2.23206e-06 1.14089e-07 4.39116e-09 1.57197e-10 6.47905e-12 3.75658e-13 3.63938e-14 6.71768e-15 2.5641e-15 2.08303e-15 3.51968e-15 1.15433e-14 6.60891e-14 5.79078e-13 6.71285e-12 8.86163e-11 1.14755e-09 1.25403e-08 9.85762e-08 4.72773e-07 1.23913e-06 1.92999e-06 2.6011e-06 4.89873e-06 1.51324e-05 5.63541e-05 0.000162043 0.000284008 0.000306953 0.000232661 0.000139781 7.08898e-05 3.02497e-05 9.94977e-06 1.80904e-06 0 
0 0.000235139 0.000467879 0.000282308 7.39125e-05 1.06844e-05 1.02865e-06 7.81364e-08 5.56043e-09 4.40297e-10 4.55883e-11 7.09025e-12 1.84131e-12 8.5299e-13 7.21499e-13 1.09392e-12 2.812e-12 1.12491e-11 6.29275e-11 4.36531e-10 3.30213e-09 2.36476e-08 1.34506e-07 4.72773e-07 7.25288e-07 3.57515e-07 6.73164e-08 1.40515e-08 1.39544e-08 1.03996e-07 2.02122e-06 2.53235e-05 0.000109909 0.000184752 0.000168089 0.000107979 5.60102e-05 2.40721e-05 7.93511e-06 1.44367e-06 0 
0 0.000210493 0.000513895 0.000433651 0.00017359 4.10448e-05 6.86721e-06 9.43278e-07 1.22268e-07 1.71327e-08 2.94648e-09 6.93624e-10 2.4293e-10 1.33353e-10 1.16869e-10 1.61169e-10 3.34709e-10 9.78024e-10 3.69057e-09 1.62912e-08 7.5087e-08 3.11903e-07 9.20659e-07 1.23913e-06 3.57515e-07 9.8456e-09 3.29678e-11 1.65531e-13 5.05778e-14 3.74524e-12 3.10528e-09 9.2346e-07 2.46108e-05 9.23146e-05 0.000113389 8.0538e-05 4.31039e-05 1.86985e-05 6.18041e-06 1.12529e-06 0 
0 0.000178787 0.000516141 0.000583564 0.000342518 0.000124866 3.35081e-05 7.59585e-06 1.63394e-06 3.71077e-07 9.81038e-08 3.28273e-08 1.48212e-08 9.39776e-09 8.48852e-09 1.08011e-08 1.87142e-08 4.18756e-08 1.13068e-07 3.3949e-07 1.02154e-06 2.61795e-06 4.11864e-06 1.92999e-06 6.73164e-08 3.29678e-11 3.36804e-16 2.56932e-15 2.11282e-15 9.27424e-16 2.60367e-13 9.64032e-09 3.63876e-06 4.08747e-05 7.32621e-05 5.84773e-05 3.23743e-05 1.41779e-05 4.69848e-06 8.56082e-07 0 
0 0.000144019 0.000472778 0.000679307 0.000557808 0.000298209 0.000119811 4.11707e-05 1.34235e-05 4.52795e-06 1.70311e-06 7.60654e-07 4.23144e-07 3.02087e-07 2.79719e-07 3.33113e-07 4.97227e-07 8.93336e-07 1.83164e-06 4.00506e-06 8.48048e-06 1.45791e-05 1.35883e-05 2.6011e-06 1.40515e-08 1.65531e-13 2.56932e-15 3.44389e-16 2.23781e-16 7.12955e-17 3.52842e-16 1.57556e-10 6.70603e-07 1.96564e-05 4.8078e-05 4.19736e-05 2.38096e-05 1.04944e-05 3.48364e-06 6.35013e-07 0 
0 0.000110195 0.000396323 0.000682273 0.000738913 0.000552117 0.000315035 0.00015337 7.01066e-05 3.24553e-05 1.61615e-05 9.07998e-06 5.96259e-06 4.67751e-06 4.41722e-06 4.98996e-06 6.61502e-06 9.98094e-06 1.64434e-05 2.79636e-05 4.49666e-05 5.74643e-05 3.85495e-05 4.89873e-06 1.39544e-08 5.05778e-14 2.11282e-15 2.23781e-16 9.21391e-17 3.22288e-16 1.0559e-14 4.55305e-11 3.55916e-07 1.30721e-05 3.40969e-05 3.02132e-05 1.71881e-05 7.57933e-06 2.51609e-06 4.58641e-07 0 
0 8.03074e-05 0.000306603 0.000597325 0.000795325 0.000782353 0.000604959 0.000397676 0.000240885 0.000143945 8.94484e-05 6.01074e-05 4.48912e-05 3.78789e-05 3.63169e-05 3.93832e-05 4.76295e-05 6.2778e-05 8.72967e-05 0.000122263 0.000159904 0.00016817 0.000100797 1.51324e-05 1.03996e-07 3.74524e-12 9.27423e-16 7.12956e-17 3.22288e-16 8.83006e-17 1.03129e-15 4.92884e-10 6.95748e-07 1.28357e-05 2.65e-05 2.18438e-05 1.21654e-05 5.33196e-06 1.76701e-06 3.21941e-07 0 
0 5.58964e-05 0.000221195 0.000465134 0.000709778 0.000853042 0.000841911 0.000714698 0.000551565 0.000408763 0.000304587 0.000236225 0.000195253 0.000174407 0.000169218 0.000177821 0.0002003 0.000237641 0.000289456 0.000348694 0.000391419 0.000366964 0.000228158 5.63541e-05 2.02122e-06 3.10528e-09 2.60367e-13 3.52842e-16 1.0559e-14 1.03129e-15 1.21667e-11 3.1566e-08 2.67454e-06 1.54911e-05 2.14622e-05 1.5632e-05 8.39554e-06 3.6418e-06 1.20339e-06 2.19074e-07 0 
0 3.72129e-05 0.000150202 0.000329591 0.000544459 0.000741977 0.000866983 0.000894205 0.000841045 0.000747771 0.000650432 0.000569496 0.000512439 0.000479988 0.000470575 0.0004823 0.000513019 0.000558966 0.000611901 0.00065485 0.000657914 0.000580286 0.000395889 0.000162043 2.53235e-05 9.2346e-07 9.64032e-09 1.57556e-10 4.55305e-11 4.92884e-10 3.1566e-08 1.13977e-06 8.67206e-06 1.77149e-05 1.68188e-05 1.0833e-05 5.60372e-06 2.40402e-06 7.91843e-07 1.44023e-07 0 
0 2.36783e-05 9.65394e-05 0.000216465 0.000372559 0.000543488 0.00070059 0.000817591 0.000881806 0.000897914 0.000882007 0.000852271 0.000822868 0.000802281 0.000794089 0.000798111 0.000810977 0.000826015 0.000832867 0.000817514 0.000763529 0.000655631 0.000488199 0.000284008 0.000109909 2.46108e-05 3.63876e-06 6.70603e-07 3.55916e-07 6.95748e-07 2.67454e-06 8.67206e-06 1.57358e-05 1.65544e-05 1.21337e-05 7.14139e-06 3.58753e-06 1.52514e-06 5.00982e-07 9.10462e-08 0 
0 1.43443e-05 5.87623e-05 0.000133092 0.000233496 0.000351865 0.000476255 0.000593109 0.000690906 0.000763428 0.000810671 0.000837187 0.000849246 0.000852392 0.000850069 0.000843198 0.000830351 0.000808294 0.000772807 0.00071971 0.000645909 0.000550272 0.000434714 0.000306953 0.000184752 9.23146e-05 4.08747e-05 1.96564e-05 1.30721e-05 1.28357e-05 1.54911e-05 1.77149e-05 1.65544e-05 1.2483e-05 7.94387e-06 4.43236e-06 2.18553e-06 9.23414e-07 3.02732e-07 5.49837e-08 0 
0 8.20752e-06 3.36935e-05 7.66463e-05 0.000135575 0.000207174 0.000286458 0.00036734 0.000443641 0.00051024 0.000563898 0.000603392 0.000629036 0.000641901 0.000643114 0.000633449 0.000613262 0.000582692 0.000542 0.000491895 0.000433703 0.000369343 0.000301264 0.000232661 0.000168089 0.000113389 7.32621e-05 4.8078e-05 3.40969e-05 2.65e-05 2.14622e-05 1.68188e-05 1.21337e-05 7.94387e-06 4.73493e-06 2.57174e-06 1.25528e-06 5.28473e-07 1.73044e-07 3.14168e-08 0 
0 4.37363e-06 1.79704e-05 4.09516e-05 7.26741e-05 0.000111668 0.000155712 0.000202031 0.000247614 0.000289589 0.000325569 0.00035385 0.000373449 0.000383998 0.000385592 0.000378649 0.000363839 0.000342066 0.000314467 0.000282394 0.000247354 0.000210905 0.000174565 0.000139781 0.000107979 8.0538e-05 5.84773e-05 4.19736e-05 3.02132e-05 2.18438e-05 1.5632e-05 1.0833e-05 7.14139e-06 4.43236e-06 2.57174e-06 1.38013e-06 6.70365e-07 2.817e-07 9.21793e-08 1.67316e-08 0 
0 2.11753e-06 8.70354e-06 1.98474e-05 3.52653e-05 5.42981e-05 7.59496e-05 9.89666e-05 0.000121956 0.00014352 0.000162396 0.000177558 0.000188286 0.000194186 0.000195173 0.000191446 0.000183437 0.000171776 0.000157232 0.000140664 0.00012295 0.000104934 8.73682e-05 7.08898e-05 5.60102e-05 4.31039e-05 3.23743e-05 2.38096e-05 1.71881e-05 1.21654e-05 8.39554e-06 5.60372e-06 3.58753e-06 2.18553e-06 1.25528e-06 6.70365e-07 3.24916e-07 1.36418e-07 4.46244e-08 8.09889e-09 0 
0 8.88607e-07 3.65287e-06 8.33206e-06 1.48111e-05 2.28211e-05 3.19555e-05 4.17015e-05 5.14843e-05 6.07176e-05 6.88561e-05 7.54406e-05 8.0132e-05 8.27304e-05 8.318e-05 8.15617e-05 7.80748e-05 7.30131e-05 6.67345e-05 5.96294e-05 5.20894e-05 4.44789e-05 3.71142e-05 3.02497e-05 2.40721e-05 1.86985e-05 1.41779e-05 1.04944e-05 7.57933e-06 5.33196e-06 3.6418e-06 2.40402e-06 1.52514e-06 9.23414e-07 5.28473e-07 2.817e-07 1.36418e-07 5.72541e-08 1.87259e-08 3.39836e-09 0 
0 2.90615e-07 1.19472e-06 2.72534e-06 4.84533e-06 7.46755e-06 1.04603e-05 1.36572e-05 1.68713e-05 1.99108e-05 2.2596e-05 2.47734e-05 2.63283e-05 2.71915e-05 2.73426e-05 2.68076e-05 2.56538e-05 2.39805e-05 2.19084e-05 1.95687e-05 1.70917e-05 1.45978e-05 1.219e-05 9.94977e-06 7.93511e-06 6.18041e-06 4.69848e-06 3.48364e-06 2.51609e-06 1.76701e-06 1.20339e-06 7.91843e-07 5.00982e-07 3.02732e-07 1.73044e-07 9.21793e-08 4.46244e-08 1.87259e-08 6.1242e-09 1.11139e-09 0 
0 5.27393e-08 2.16814e-07 4.94604e-07 8.79391e-07 1.35541e-06 1.89883e-06 2.47955e-06 3.06367e-06 3.61642e-06 4.10505e-06 4.50157e-06 4.78492e-06 4.94234e-06 4.96999e-06 4.8726e-06 4.66247e-06 4.35779e-06 3.98073e-06 3.55524e-06 3.10512e-06 2.65226e-06 2.21534e-06 1.80904e-06 1.44367e-06 1.12529e-06 8.56082e-07 6.35013e-07 4.58641e-07 3.21941e-07 2.19074e-07 1.44023e-07 9.10462e-08 5.49837e-08 3.14168e-08 1.67316e-08 8.09889e-09 3.39836e-09 1.11139e-09 2.01686e-10 0 
0 0 0 0 0 0 0 0 0 0 0 0 0 0 0 0 0 0 0 0 0 0 0 0 0 0 0 0 0 0 0 0 0 0 0 0 0 0 0 0 0 
