0 0 0 0 0 0 0 0 0 0 0 0 0 0 0 0 0 0 0 0 0 0 0 0 0 0 0 0 0 0 0 0 0 0 0 0 0 0 0 0 0 
0 1.33148e-05 5.24559e-05 0.000110679 0.000173665 0.000224616 0.000252893 0.000258149 0.000247183 0.000228406 0.000208415 0.000191185 0.000178627 0.000171408 0.000169585 0.000172944 0.000181101 0.000193428 0.000208873 0.000225763 0.0002417 0.000253672 0.000258515 0.000253661 0.000238011 0.000212507 0.000180059 0.000144737 0.000110556 8.04681e-05 5.59601e-05 3.72355e-05 2.36855e-05 1.43463e-05 8.20804e-06 4.37375e-06 2.11755e-06 8.88611e-07 2.90616e-07 5.27393e-08 0 
0 5.24559e-05 0.000194514 0.000364704 0.000471649 0.000466658 0.000380545 0.000274001 0.000185099 0.000123394 8.45734e-05 6.1556e-05 4.87238e-05 4.25724e-05 4.13057e-05 4.43854e-05 5.2286e-05 6.64355e-05 8.92131e-05 0.000123776 0.000173363 0.000239696 0.000320422 0.000406475 0.000481509 0.000525902 0.000525293 0.000478734 0.000399617 0.000308157 0.000221827 0.000150426 9.66092e-05 5.87816e-05 3.36983e-05 1.79714e-05 8.70373e-06 3.6529e-06 1.19472e-06 2.16814e-07 0 
0 0.000110679 0.000364704 0.0005435 0.000491081 0.000306574 0.000149158 6.28845e-05 2.50868e-05 1.02116e-05 4.52972e-06 2.31387e-06 1.41939e-06 1.07357e-06 1.01114e-06 1.17858e-06 1.66565e-06 2.76504e-06 5.18325e-06 1.05093e-05 2.2075e-05 4.61557e-05 9.27646e-05 0.000174039 0.000297402 0.00045313 0.000604489 0.000697435 0.000694722 0.000604116 0.000468133 0.000330693 0.000216811 0.000133187 7.66691e-05 4.09564e-05 1.98483e-05 8.3322e-06 2.72536e-06 4.94605e-07 0 
0 0.000173665 0.000471649 0.000491081 0.00026605 9.03695e-05 2.25882e-05 4.74013e-06 9.40263e-07 1.97316e-07 4.86017e-08 1.53583e-08 6.66396e-09 4.14308e-09 3.74827e-09 4.88054e-09 8.83598e-09 2.1092e-08 6.21586e-08 2.10469e-07 7.62088e-07 2.76185e-06 9.4674e-06 2.93631e-05 7.9773e-05 0.000185498 0.000362256 0.000583342 0.000763592 0.000812757 0.000718898 0.00054814 0.000373763 0.000233827 0.000135654 7.26905e-05 3.52683e-05 1.48116e-05 4.84538e-06 8.79394e-07 0 
0 0.000224616 0.000466658 0.000306574 9.03695e-05 1.50348e-05 1.69188e-06 1.51588e-07 1.2739e-08 1.18194e-09 1.41014e-10 2.46596e-11 6.98474e-12 3.41104e-12 2.93678e-12 4.38267e-12 1.07647e-11 4.01947e-11 2.06833e-10 1.31748e-09 9.33138e-09 6.65445e-08 4.38886e-07 2.50495e-06 1.18133e-05 4.47893e-05 0.00013463 0.000317644 0.00058025 0.000810474 0.000872081 0.000751008 0.000546698 0.000352779 0.000207392 0.000111713 5.4306e-05 2.28223e-05 7.46768e-06 1.35542e-06 0 
0 0.000252893 0.000380545 0.000149158 2.25882e-05 1.69188e-06 7.68524e-08 2.60495e-09 8.20631e-11 2.99851e-12 1.56428e-13 1.39271e-14 2.42481e-15 8.9895e-16 7.31352e-16 1.27514e-15 4.43555e-15 2.759e-14 2.68116e-13 3.51224e-12 5.35107e-11 8.26962e-10 1.15261e-08 1.32078e-07 1.16632e-06 7.6479e-06 3.67535e-05 0.000129642 0.000336216 0.000635716 0.000870438 0.00088388 0.000707424 0.000478324 0.000286963 0.000155816 7.59677e-05 3.19581e-05 1.04605e-05 1.89885e-06 0 
0 0.000258149 0.000274001 6.28845e-05 4.74013e-06 1.51588e-07 2.60495e-09 3.11662e-11 3.43483e-13 4.63123e-15 9.97154e-17 4.31983e-18 4.59684e-19 1.37194e-19 1.07858e-19 2.07136e-19 9.90016e-19 1.052e-17 2.01746e-16 5.71457e-15 1.97544e-13 6.98505e-12 2.17004e-10 5.25167e-09 9.09351e-08 1.07226e-06 8.4667e-06 4.51496e-05 0.000165748 0.000423172 0.000747368 0.000919226 0.000829535 0.000597052 0.000368338 0.000202238 9.90025e-05 4.17067e-05 1.36577e-05 2.47958e-06 0 
0 0.000247183 0.000185099 2.50868e-05 9.40263e-07 1.2739e-08 8.20631e-11 3.43483e-13 1.3132e-15 6.48387e-18 6.06482e-20 2.74774e-21 7.09428e-22 3.75195e-22 3.25164e-22 4.4363e-22 9.91432e-22 5.34709e-21 1.39468e-19 8.42037e-18 6.64621e-16 5.41215e-14 3.77287e-12 1.9418e-10 6.64114e-09 1.41824e-07 1.84955e-06 1.48968e-05 7.65349e-05 0.000258899 0.00058256 0.000871779 0.000899455 0.000697382 0.000445361 0.000247976 0.000122019 5.14932e-05 1.68722e-05 3.06373e-06 0 
0 0.000228406 0.000123394 1.02116e-05 1.97316e-07 1.18194e-09 2.99851e-12 4.63123e-15 6.48387e-18 1.35579e-20 1.78083e-22 2.21201e-23 1.13238e-23 8.86496e-24 8.22498e-24 8.89515e-24 1.15988e-23 2.93842e-23 2.81893e-22 1.74856e-20 2.90228e-18 5.21529e-16 7.82926e-14 8.24939e-12 5.38809e-10 2.02534e-08 4.26111e-07 5.07878e-06 3.57271e-05 0.000155895 0.000435166 0.000780822 0.000920696 0.000772787 0.00051287 0.000290155 0.000143619 6.07316e-05 1.99123e-05 3.6165e-06 0 
0 0.000208415 8.45734e-05 4.52972e-06 4.86017e-08 1.41014e-10 1.56428e-13 9.97154e-17 6.06482e-20 1.78083e-22 4.44869e-24 8.68559e-25 6.11976e-25 5.85344e-25 5.64827e-25 5.38446e-25 5.29675e-25 8.14255e-25 3.83553e-24 1.20652e-22 2.34614e-20 8.32013e-18 2.46762e-15 4.91144e-13 5.69883e-11 3.54155e-09 1.14077e-07 1.92795e-06 1.79121e-05 9.74307e-05 0.000326169 0.000683206 0.000908585 0.000822834 0.000567516 0.000326366 0.000162536 6.88759e-05 2.25981e-05 4.10517e-06 0 
0 0.000191185 6.1556e-05 2.31387e-06 1.53583e-08 2.46596e-11 1.39271e-14 4.31983e-18 2.74774e-21 2.21202e-23 8.68561e-25 1.16258e-25 6.40587e-26 6.33898e-26 6.2063e-26 5.53795e-26 4.7571e-26 6.05474e-26 2.62733e-25 5.74089e-24 5.92767e-22 2.81986e-19 1.45297e-16 4.86038e-14 9.01576e-12 8.44896e-10 3.85588e-08 8.67414e-07 1.01165e-05 6.57423e-05 0.000253995 0.000600776 0.000881183 0.000851696 0.000607934 0.000354874 0.000177739 7.54663e-05 2.47761e-05 4.50173e-06 0 
0 0.000178627 4.87238e-05 1.41939e-06 6.66396e-09 6.98474e-12 2.42481e-15 4.59684e-19 7.09429e-22 1.13238e-23 6.11978e-25 6.40589e-26 1.43863e-26 9.33852e-27 8.53589e-27 7.32173e-27 6.29256e-27 1.07834e-26 6.96771e-26 1.23837e-24 7.4097e-23 2.50763e-20 1.87186e-17 9.10612e-15 2.36949e-12 2.9868e-10 1.75317e-08 4.84993e-07 6.66699e-06 4.92303e-05 0.00021047 0.000542087 0.000852941 0.000865411 0.000634301 0.000374659 0.000188502 8.01627e-05 2.63315e-05 4.7851e-06 0 
0 0.000171408 4.25724e-05 1.07357e-06 4.14308e-09 3.41104e-12 8.9895e-16 1.37194e-19 3.75195e-22 8.86498e-24 5.85346e-25 6.339e-26 9.33855e-27 2.44402e-27 1.44118e-27 1.16589e-27 1.37953e-27 5.03419e-27 4.20222e-26 6.56567e-25 2.88339e-23 6.63809e-21 5.82387e-18 3.50335e-15 1.1046e-12 1.64755e-10 1.11568e-08 3.47132e-07 5.23916e-06 4.15908e-05 0.000188215 0.000508445 0.000832719 0.000869434 0.000647589 0.000385322 0.000194423 8.27641e-05 2.71951e-05 4.94254e-06 0 
0 0.000169585 4.13057e-05 1.01114e-06 3.74827e-09 2.93678e-12 7.31352e-16 1.07858e-19 3.25165e-22 8.22499e-24 5.64829e-25 6.20633e-26 8.53592e-27 1.44119e-27 4.06086e-28 2.90348e-28 7.09081e-28 4.1933e-27 3.72953e-26 5.69359e-25 2.36037e-23 5.03104e-21 4.52999e-18 2.84811e-15 9.34765e-13 1.44429e-10 1.00783e-08 3.21411e-07 4.9468e-06 3.98674e-05 0.000182591 0.000498493 0.000824357 0.000867213 0.00064888 0.00038694 0.000195416 8.32145e-05 2.73462e-05 4.9702e-06 0 
0 0.000172944 4.43854e-05 1.17858e-06 4.88054e-09 4.38267e-12 1.27514e-15 2.07136e-19 4.4363e-22 8.89516e-24 5.38448e-25 5.53797e-26 7.32175e-27 1.16589e-27 2.90348e-28 2.35348e-28 7.42717e-28 4.65865e-27 4.36792e-26 7.43333e-25 3.7441e-23 1.0232e-20 8.56698e-18 4.78265e-15 1.41e-12 1.98344e-10 1.2781e-08 3.81756e-07 5.57676e-06 4.31636e-05 0.00019161 0.000510296 0.00082775 0.00085971 0.000638955 0.000379931 0.000191677 8.15945e-05 2.68111e-05 4.8728e-06 0 
0 0.000181101 5.2286e-05 1.66565e-06 8.83598e-09 1.07647e-11 4.43555e-15 9.90016e-19 9.91433e-22 1.15988e-23 5.29676e-25 4.75712e-26 6.29258e-27 1.37953e-27 7.09078e-28 7.42715e-28 1.55756e-27 7.67009e-27 7.64848e-26 1.68488e-24 1.29791e-22 5.47914e-20 3.62512e-17 1.54907e-14 3.58748e-12 4.08512e-10 2.20002e-08 5.66957e-07 7.36447e-06 5.20442e-05 0.000215269 0.000541482 0.000839426 0.000845561 0.00061822 0.000364983 0.000183643 7.8104e-05 2.56569e-05 4.66264e-06 0 
0 0.000193428 6.64355e-05 2.76504e-06 2.1092e-08 4.01947e-11 2.759e-14 1.052e-17 5.3471e-21 2.93842e-23 8.14256e-25 6.05475e-26 1.07834e-26 5.03417e-27 4.19328e-27 4.65863e-27 7.67007e-27 2.72846e-26 2.83555e-25 9.77928e-24 1.44262e-21 6.86206e-19 3.02096e-16 8.71212e-14 1.41424e-11 1.17962e-09 4.87687e-08 1.01124e-06 1.10499e-05 6.82932e-05 0.000254403 0.000587834 0.000852503 0.000821632 0.000586901 0.000343024 0.000171947 7.30375e-05 2.3983e-05 4.35794e-06 0 
0 0.000208873 8.92131e-05 5.18325e-06 6.21586e-08 2.06833e-10 2.68116e-13 2.01746e-16 1.39468e-19 2.81893e-22 3.83553e-24 2.62733e-25 6.96769e-26 4.2022e-26 3.72952e-26 4.3679e-26 7.64846e-26 2.83555e-25 3.68965e-24 2.22672e-22 5.16677e-20 1.6252e-17 4.23328e-15 7.46715e-13 7.76845e-11 4.38593e-09 1.30136e-07 2.05428e-06 1.80731e-05 9.44035e-05 0.000308224 0.000640406 0.000856427 0.00078387 0.000545367 0.000315222 0.000157367 6.67537e-05 2.19105e-05 3.98084e-06 0 
0 0.000225763 0.000123776 1.05093e-05 2.10469e-07 1.31748e-09 3.51224e-12 5.71457e-15 8.42037e-18 1.74856e-20 1.20652e-22 5.74088e-24 1.23837e-24 6.56566e-25 5.69358e-25 7.43332e-25 1.68488e-24 9.77927e-24 2.22672e-22 2.10733e-20 3.42198e-18 5.85762e-16 8.38626e-14 8.44194e-12 5.27798e-10 1.90334e-08 3.85391e-07 4.44259e-06 3.04619e-05 0.000131218 0.000368779 0.000681359 0.000837166 0.000728337 0.000494437 0.000282958 0.000140764 5.96439e-05 1.95703e-05 3.55533e-06 0 
0 0.0002417 0.000173363 2.2075e-05 7.62088e-07 9.33138e-09 5.35107e-11 1.97544e-13 6.64621e-16 2.90228e-18 2.34614e-20 5.92767e-22 7.40969e-23 2.88339e-23 2.36037e-23 3.74409e-23 1.29791e-22 1.44262e-21 5.16677e-20 3.42198e-18 2.94337e-16 2.61111e-14 1.97058e-12 1.08492e-10 3.9039e-09 8.6113e-08 1.14216e-06 9.2903e-06 4.84739e-05 0.000170049 0.000410638 0.00068016 0.000778618 0.000652226 0.00043553 0.000247758 0.000123023 5.20998e-05 1.70929e-05 3.10519e-06 0 
0 0.000253672 0.000239696 4.61557e-05 2.76185e-06 6.65445e-08 8.26962e-10 6.98505e-12 5.41215e-14 5.21529e-16 8.32013e-18 2.81986e-19 2.50763e-20 6.63809e-21 5.03104e-21 1.0232e-20 5.47914e-20 6.86206e-19 1.6252e-17 5.85762e-16 2.61111e-14 1.18698e-12 4.64822e-11 1.36699e-09 2.73218e-08 3.50963e-07 2.88178e-06 1.57671e-05 6.12683e-05 0.000177109 0.000381817 0.000596277 0.000666162 0.000554665 0.000370624 0.000211192 0.000104986 4.44865e-05 1.45986e-05 2.65231e-06 0 
0 0.000258515 0.000320422 9.27646e-05 9.4674e-06 4.38886e-07 1.15261e-08 2.17004e-10 3.77287e-12 7.82926e-14 2.46762e-15 1.45297e-16 1.87186e-17 5.82387e-18 4.52999e-18 8.56698e-18 3.62512e-17 3.02096e-16 4.23328e-15 8.38626e-14 1.97058e-12 4.64822e-11 9.45876e-10 1.45459e-08 1.52017e-07 1.01797e-06 4.47419e-06 1.45532e-05 4.07887e-05 0.00010545 0.000236044 0.000405142 0.000494893 0.000437712 0.000302176 0.000174774 8.74063e-05 3.71198e-05 1.21906e-05 2.21537e-06 0 
0 0.000253661 0.000406475 0.000174039 2.93631e-05 2.50495e-06 1.32078e-07 5.25167e-09 1.9418e-10 8.24939e-12 4.91144e-13 4.86038e-14 9.10612e-15 3.50335e-15 2.84811e-15 4.78265e-15 1.54907e-14 8.71212e-14 7.46715e-13 8.44194e-12 1.08492e-10 1.36699e-09 1.45459e-08 1.1159e-07 5.24373e-07 1.35385e-06 2.08805e-06 2.79354e-06 5.2145e-06 1.59107e-05 5.84362e-05 0.000165913 0.000287894 0.000309047 0.000233355 0.000139945 7.09201e-05 3.02542e-05 9.95025e-06 1.80907e-06 0 
0 0.000238011 0.000481509 0.000297402 7.9773e-05 1.18133e-05 1.16632e-06 9.09351e-08 6.64114e-09 5.38809e-10 5.69883e-11 9.01576e-12 2.36949e-12 1.1046e-12 9.34765e-13 1.41e-12 3.58748e-12 1.41424e-11 7.76845e-11 5.27798e-10 3.9039e-09 2.73218e-08 1.52017e-07 5.24373e-07 7.94754e-07 3.90911e-07 7.41285e-08 1.55988e-08 1.54415e-08 1.12888e-07 2.13683e-06 2.61629e-05 0.000111806 0.000186246 0.000168659 0.000108119 5.60359e-05 2.40758e-05 7.93551e-06 1.4437e-06 0 
0 0.000212507 0.000525902 0.00045313 0.000185498 4.47893e-05 7.6479e-06 1.07226e-06 1.41824e-07 2.02534e-08 3.54155e-09 8.44896e-10 2.9868e-10 1.64755e-10 1.44429e-10 1.98344e-10 4.08512e-10 1.17962e-09 4.38593e-09 1.90334e-08 8.6113e-08 3.50963e-07 1.01797e-06 1.35385e-06 3.90911e-07 1.09919e-08 3.82803e-11 2.00852e-13 6.22597e-14 4.38284e-12 3.43699e-09 9.74902e-07 2.52414e-05 9.3315e-05 0.000113869 8.06615e-05 4.31264e-05 1.87017e-05 6.18075e-06 1.12531e-06 0 
0 0.000180059 0.000525293 0.000604489 0.000362256 0.00013463 3.67535e-05 8.4667e-06 1.84955e-06 4.26111e-07 1.14077e-07 3.85588e-08 1.75317e-08 1.11568e-08 1.00783e-08 1.2781e-08 2.20002e-08 4.87687e-08 1.30136e-07 3.85391e-07 1.14216e-06 2.88178e-06 4.47419e-06 2.08805e-06 7.41285e-08 3.82803e-11 3.9829e-16 2.46361e-15 2.27496e-15 6.63339e-16 3.08926e-13 1.05147e-08 3.77681e-06 4.14706e-05 7.36488e-05 5.85832e-05 3.23935e-05 1.41806e-05 4.69875e-06 8.56097e-07 0 
0 0.000144737 0.000478734 0.000697435 0.000583342 0.000317644 0.000129642 4.51496e-05 1.48968e-05 5.07878e-06 1.92795e-06 8.67414e-07 4.84993e-07 3.47132e-07 3.21411e-07 3.81756e-07 5.66957e-07 1.01124e-06 2.05428e-06 4.44259e-06 9.2903e-06 1.57671e-05 1.45532e-05 2.79354e-06 1.55988e-08 2.00852e-13 2.46361e-15 3.05759e-16 2.17755e-16 5.32728e-17 2.15553e-16 1.77142e-10 7.03459e-07 2.00041e-05 4.83695e-05 4.20573e-05 2.38247e-05 1.04964e-05 3.48384e-06 6.35024e-07 0 
0 0.000110556 0.000399617 0.000694722 0.000763592 0.00058025 0.000336216 0.000165748 7.65349e-05 3.57271e-05 1.79121e-05 1.01165e-05 6.66699e-06 5.23916e-06 4.9468e-06 5.57676e-06 7.36447e-06 1.10499e-05 1.80731e-05 3.04619e-05 4.84739e-05 6.12683e-05 4.07887e-05 5.2145e-06 1.54415e-08 6.22597e-14 2.27496e-15 2.17755e-16 7.27994e-17 2.05313e-16 7.11184e-15 5.15757e-11 3.74196e-07 1.33093e-05 3.43041e-05 3.02723e-05 1.71986e-05 7.58075e-06 2.51623e-06 4.58649e-07 0 
0 8.04681e-05 0.000308157 0.000604116 0.000812757 0.000810474 0.000635716 0.000423172 0.000258899 0.000155895 9.74307e-05 6.57423e-05 4.92303e-05 4.15908e-05 3.98674e-05 4.31636e-05 5.20442e-05 6.82932e-05 9.44035e-05 0.000131218 0.000170049 0.000177109 0.00010545 1.59107e-05 1.12888e-07 4.38284e-12 6.63339e-16 5.32728e-17 2.05312e-16 8.08826e-17 1.27746e-15 5.45807e-10 7.25465e-07 1.30327e-05 2.66372e-05 2.18804e-05 1.21718e-05 5.33283e-06 1.76709e-06 3.21946e-07 0 
0 5.59601e-05 0.000221827 0.000468133 0.000718898 0.000872081 0.000870438 0.000747368 0.00058256 0.000435166 0.000326169 0.000253995 0.00021047 0.000188215 0.000182591 0.00019161 0.000215269 0.000254403 0.000308224 0.000368779 0.000410638 0.000381817 0.000236044 5.84362e-05 2.13683e-06 3.43699e-09 3.08926e-13 2.15553e-16 7.11184e-15 1.27746e-15 1.38538e-11 3.37206e-08 2.75097e-06 1.56573e-05 2.15426e-05 1.56515e-05 8.39891e-06 3.64226e-06 1.20343e-06 2.19077e-07 0 
0 3.72355e-05 0.000150426 0.000330693 0.00054814 0.000751008 0.00088388 0.000919226 0.000871779 0.000780822 0.000683206 0.000600776 0.000542087 0.000508445 0.000498493 0.000510296 0.000541482 0.000587834 0.000640406 0.000681359 0.00068016 0.000596277 0.000405142 0.000165913 2.61629e-05 9.74902e-07 1.05147e-08 1.77142e-10 5.15757e-11 5.45807e-10 3.37206e-08 1.18031e-06 8.80977e-06 1.7827e-05 1.68579e-05 1.08417e-05 5.60522e-06 2.40423e-06 7.91865e-07 1.44024e-07 0 
0 2.36855e-05 9.66092e-05 0.000216811 0.000373763 0.000546698 0.000707424 0.000829535 0.000899455 0.000920696 0.000908585 0.000881183 0.000852941 0.000832719 0.000824357 0.00082775 0.000839426 0.000852503 0.000856427 0.000837166 0.000778618 0.000666162 0.000494893 0.000287894 0.000111806 2.52414e-05 3.77681e-06 7.03459e-07 3.74196e-07 7.25465e-07 2.75097e-06 8.80977e-06 1.58553e-05 1.6608e-05 1.2149e-05 7.14469e-06 3.58811e-06 1.52523e-06 5.00991e-07 9.10468e-08 0 
0 1.43463e-05 5.87816e-05 0.000133187 0.000233827 0.000352779 0.000478324 0.000597052 0.000697382 0.000772787 0.000822834 0.000851696 0.000865411 0.000869434 0.000867213 0.00085971 0.000845561 0.000821632 0.00078387 0.000728337 0.000652226 0.000554665 0.000437712 0.000309047 0.000186246 9.3315e-05 4.14706e-05 2.00041e-05 1.33093e-05 1.30327e-05 1.56573e-05 1.7827e-05 1.6608e-05 1.25013e-05 7.94874e-06 4.43342e-06 2.18572e-06 9.23443e-07 3.02735e-07 5.49839e-08 0 
0 8.20804e-06 3.36983e-05 7.66691e-05 0.000135654 0.000207392 0.000286963 0.000368338 0.000445361 0.00051287 0.000567516 0.000607934 0.000634301 0.000647589 0.00064888 0.000638955 0.00061822 0.000586901 0.000545367 0.000494437 0.00043553 0.000370624 0.000302176 0.000233355 0.000168659 0.000113869 7.36488e-05 4.83695e-05 3.43041e-05 2.66372e-05 2.15426e-05 1.68579e-05 1.2149e-05 7.94874e-06 4.73622e-06 2.57203e-06 1.25534e-06 5.28481e-07 1.73045e-07 3.14169e-08 0 
0 4.37375e-06 1.79714e-05 4.09564e-05 7.26905e-05 0.000111713 0.000155816 0.000202238 0.000247976 0.000290155 0.000326366 0.000354874 0.000374659 0.000385322 0.00038694 0.000379931 0.000364983 0.000343024 0.000315222 0.000282958 0.000247758 0.000211192 0.000174774 0.000139945 0.000108119 8.06615e-05 5.85832e-05 4.20573e-05 3.02723e-05 2.18804e-05 1.56515e-05 1.08417e-05 7.14469e-06 4.43342e-06 2.57203e-06 1.3802e-06 6.70378e-07 2.81703e-07 9.21795e-08 1.67317e-08 0 
0 2.11755e-06 8.70373e-06 1.98483e-05 3.52683e-05 5.4306e-05 7.59677e-05 9.90025e-05 0.000122019 0.000143619 0.000162536 0.000177739 0.000188502 0.000194423 0.000195416 0.000191677 0.000183643 0.000171947 0.000157367 0.000140764 0.000123023 0.000104986 8.74063e-05 7.09201e-05 5.60359e-05 4.31264e-05 3.23935e-05 2.38247e-05 1.71986e-05 1.21718e-05 8.39891e-06 5.60522e-06 3.58811e-06 2.18572e-06 1.25534e-06 6.70378e-07 3.24919e-07 1.36418e-07 4.46245e-08 8.09889e-09 0 
0 8.88611e-07 3.6529e-06 8.3322e-06 1.48116e-05 2.28223e-05 3.19581e-05 4.17067e-05 5.14932e-05 6.07316e-05 6.88759e-05 7.54663e-05 8.01627e-05 8.27641e-05 8.32145e-05 8.15945e-05 7.8104e-05 7.30375e-05 6.67537e-05 5.96439e-05 5.20998e-05 4.44865e-05 3.71198e-05 3.02542e-05 2.40758e-05 1.87017e-05 1.41806e-05 1.04964e-05 7.58075e-06 5.33283e-06 3.64226e-06 2.40423e-06 1.52523e-06 9.23443e-07 5.28481e-07 2.81703e-07 1.36418e-07 5.72542e-08 1.87259e-08 3.39836e-09 0 
0 2.90616e-07 1.19472e-06 2.72536e-06 4.84538e-06 7.46768e-06 1.04605e-05 1.36577e-05 1.68722e-05 1.99123e-05 2.25981e-05 2.47761e-05 2.63315e-05 2.71951e-05 2.73462e-05 2.68111e-05 2.56569e-05 2.3983e-05 2.19105e-05 1.95703e-05 1.70929e-05 1.45986e-05 1.21906e-05 9.95025e-06 7.93551e-06 6.18075e-06 4.69875e-06 3.48384e-06 2.51623e-06 1.76709e-06 1.20343e-06 7.91865e-07 5.00991e-07 3.02735e-07 1.73045e-07 9.21795e-08 4.46245e-08 1.87259e-08 6.1242e-09 1.11139e-09 0 
0 5.27393e-08 2.16814e-07 4.94605e-07 8.79394e-07 1.35542e-06 1.89885e-06 2.47958e-06 3.06373e-06 3.6165e-06 4.10517e-06 4.50173e-06 4.7851e-06 4.94254e-06 4.9702e-06 4.8728e-06 4.66264e-06 4.35794e-06 3.98084e-06 3.55533e-06 3.10519e-06 2.65231e-06 2.21537e-06 1.80907e-06 1.4437e-06 1.12531e-06 8.56097e-07 6.35024e-07 4.58649e-07 3.21946e-07 2.19077e-07 1.44024e-07 9.10468e-08 5.49839e-08 3.14169e-08 1.67317e-08 8.09889e-09 3.39836e-09 1.11139e-09 2.01686e-10 0 
0 0 0 0 0 0 0 0 0 0 0 0 0 0 0 0 0 0 0 0 0 0 0 0 0 0 0 0 0 0 0 0 0 0 0 0 0 0 0 0 0 
