0 0 0 0 0 0 0 0 0 0 0 0 0 0 0 0 0 0 0 0 0 0 0 0 0 0 0 0 0 0 0 0 0 0 0 0 0 0 0 0 0 
0 1.36406e-05 5.53168e-05 0.00012291 0.000208811 0.000300083 0.00038185 0.000442825 0.000479118 0.000493868 0.000493974 0.000486743 0.000477965 0.000471368 0.000468787 0.000470522 0.000475612 0.000482016 0.000486776 0.000486327 0.000477058 0.000456149 0.000422462 0.000377148 0.000323584 0.000266539 0.000210914 0.000160592 0.000117872 8.34998e-05 5.70904e-05 3.76154e-05 2.38008e-05 1.43779e-05 8.21584e-06 4.37546e-06 2.11788e-06 8.88664e-07 2.90622e-07 5.27397e-08 0 
0 5.53168e-05 0.000219954 0.000469208 0.000740511 0.000947853 0.00102912 0.000984657 0.000864116 0.000723706 0.000599351 0.000505223 0.000442833 0.000409145 0.000400965 0.000416568 0.00045583 0.000519463 0.000607422 0.000716445 0.000837122 0.000951958 0.00103686 0.00106779 0.00103095 0.000930113 0.000785516 0.000624421 0.000470528 0.000338308 0.000233114 0.000154177 9.77243e-05 5.90791e-05 3.37695e-05 1.79866e-05 8.70657e-06 3.65335e-06 1.19477e-06 2.16818e-07 0 
0 0.00012291 0.000469208 0.000918024 0.0012393 0.00124979 0.000994751 0.000668037 0.000407339 0.000241482 0.000147448 9.70566e-05 7.1204e-05 5.94509e-05 5.69831e-05 6.25179e-05 7.74923e-05 0.000106239 0.000156789 0.000241595 0.000376465 0.000574727 0.000834109 0.00112021 0.00136265 0.00148219 0.00143896 0.00125778 0.00100534 0.000747401 0.000524035 0.000349498 0.000222359 0.000134639 7.70083e-05 4.10268e-05 1.98611e-05 8.33414e-06 2.72558e-06 4.94619e-07 0 
0 0.000208811 0.000740511 0.0012393 0.00127496 0.000874181 0.000438316 0.000179869 6.73536e-05 2.53102e-05 1.03461e-05 4.91349e-06 2.84837e-06 2.07964e-06 1.93613e-06 2.28483e-06 3.34286e-06 5.85425e-06 1.17434e-05 2.57005e-05 5.84028e-05 0.000131442 0.000280506 0.000545693 0.000934351 0.00136855 0.0016872 0.00175437 0.00157011 0.00124686 0.000905121 0.000613804 0.000393411 0.000238941 0.000136828 7.29285e-05 3.53104e-05 1.48178e-05 4.84608e-06 8.79437e-07 0 
0 0.000300083 0.000947853 0.00124979 0.000874181 0.000363274 0.000103776 2.36937e-05 4.95812e-06 1.0758e-06 2.70134e-07 8.61249e-08 3.74208e-08 2.31771e-08 2.08214e-08 2.6872e-08 4.81788e-08 1.13843e-07 3.31991e-07 1.11167e-06 3.97558e-06 1.41924e-05 4.76617e-05 0.000143206 0.000368954 0.000785298 0.00133906 0.00180128 0.00193283 0.00171706 0.00132498 0.000925677 0.000601179 0.000367108 0.000210658 0.000112365 5.4419e-05 2.28387e-05 7.46949e-06 1.35553e-06 0 
0 0.00038185 0.00102912 0.000994751 0.000438316 0.000103776 1.59152e-05 1.88834e-06 2.04802e-07 2.3791e-08 3.42465e-09 6.92124e-10 2.16151e-10 1.10866e-10 9.55868e-11 1.36645e-10 3.09123e-10 1.02888e-09 4.60134e-09 2.50293e-08 1.49887e-07 9.01007e-07 5.021e-06 2.43302e-05 9.75934e-05 0.000311732 0.000766528 0.00141104 0.0019296 0.00201705 0.00170969 0.00125226 0.000830716 0.0005117 0.000294602 0.000157327 7.62257e-05 3.19949e-05 1.04645e-05 1.89908e-06 0 
0 0.000442825 0.000984657 0.000668037 0.000179869 2.36937e-05 1.88834e-06 1.11613e-07 5.98747e-09 3.55583e-10 2.8143e-11 3.4832e-12 7.62438e-13 3.1915e-13 2.63141e-13 4.19676e-13 1.21852e-12 5.85951e-12 4.14843e-11 3.80027e-10 3.95829e-09 4.15914e-08 3.97875e-07 3.19534e-06 2.03124e-05 9.81752e-05 0.000350157 0.000896552 0.00161463 0.00206596 0.00198586 0.00155456 0.00106334 0.000663328 0.000383739 0.00020528 9.95169e-05 4.17791e-05 1.36655e-05 2.48003e-06 0 
0 0.000479118 0.000864116 0.000407339 6.73536e-05 4.95812e-06 2.04802e-07 5.98747e-09 1.57482e-10 4.73909e-12 2.04561e-13 1.53993e-14 2.3503e-15 8.00246e-16 6.30163e-16 1.12209e-15 4.19243e-15 2.92524e-14 3.29722e-13 5.12076e-12 9.34408e-11 1.72862e-09 2.85708e-08 3.8193e-07 3.84792e-06 2.7955e-05 0.000142722 0.000501988 0.00119129 0.00189737 0.00211417 0.00179823 0.00127975 0.000811737 0.000472585 0.000253379 0.000122927 5.16199e-05 1.68856e-05 3.06449e-06 0 
0 0.000493868 0.000723706 0.000241482 2.53102e-05 1.0758e-06 2.3791e-08 3.55583e-10 4.73909e-12 7.45574e-14 1.80442e-15 8.44962e-17 9.13697e-18 2.55301e-18 1.9225e-18 3.79853e-18 1.80347e-17 1.79349e-16 3.14856e-15 8.08845e-14 2.51963e-12 7.99694e-11 2.22732e-09 4.84044e-08 7.55542e-07 8.05911e-06 5.73618e-05 0.000269373 0.00082357 0.00162097 0.00210658 0.00196485 0.00146411 0.000947206 0.000555663 0.000298726 0.000145059 6.09311e-05 1.99332e-05 3.61769e-06 0 
0 0.000493974 0.000599351 0.000147448 1.03461e-05 2.70134e-07 3.42465e-09 2.8143e-11 2.04561e-13 1.80442e-15 2.60559e-17 7.9862e-19 6.35547e-20 1.49215e-20 1.07968e-20 2.33151e-20 1.36555e-19 1.85963e-18 4.84355e-17 1.94855e-15 9.77978e-14 5.02465e-12 2.23002e-10 7.47941e-09 1.72541e-07 2.58931e-06 2.46871e-05 0.00014885 0.000565512 0.00134109 0.00201198 0.00205642 0.00160718 0.00106188 0.000628065 0.000338637 0.0001646 6.91609e-05 2.26277e-05 4.10684e-06 0 
0 0.000486743 0.000505223 9.70566e-05 4.91349e-06 8.61249e-08 6.92124e-10 3.4832e-12 1.53993e-14 8.44962e-17 7.9862e-19 1.7312e-20 1.07591e-21 2.2002e-22 1.54093e-22 3.55835e-22 2.45699e-21 4.30982e-20 1.54882e-18 8.997e-17 6.67689e-15 5.09364e-13 3.31447e-11 1.588e-09 5.05042e-08 1.00307e-06 1.21418e-05 8.9566e-05 0.000404603 0.00111473 0.00188633 0.00209033 0.00170707 0.00115057 0.000685901 0.000370868 0.000180437 7.58382e-05 2.48147e-05 4.50389e-06 0 
0 0.000477965 0.000442833 7.1204e-05 2.84837e-06 3.74208e-08 2.16151e-10 7.62438e-13 2.3503e-15 9.13697e-18 6.35547e-20 1.07591e-21 5.5809e-23 1.02203e-23 6.9536e-24 1.69322e-23 1.32082e-22 2.7732e-21 1.25441e-19 9.50193e-18 9.36267e-16 9.51623e-14 8.17763e-12 5.07868e-10 2.0407e-08 4.97085e-07 7.15704e-06 6.10699e-05 0.00031225 0.00095799 0.00177174 0.00208941 0.0017673 0.00121077 0.000726545 0.00039378 0.000191738 8.06085e-05 2.63776e-05 4.78769e-06 0 
0 0.000471368 0.000409145 5.94509e-05 2.07964e-06 2.31771e-08 1.10866e-10 3.1915e-13 8.00246e-16 2.55301e-18 1.49215e-20 2.2002e-22 1.02203e-23 1.72943e-24 1.14891e-24 2.90239e-24 2.44496e-23 5.68155e-22 2.91987e-20 2.57039e-18 2.97768e-16 3.56735e-14 3.59682e-12 2.59406e-10 1.19308e-08 3.27061e-07 5.20696e-06 4.83369e-05 0.000265488 0.000867192 0.00169131 0.00207313 0.00179357 0.0012421 0.00074865 0.000406422 0.000198004 8.32577e-05 2.72461e-05 4.9454e-06 0 
0 0.000468787 0.000400965 5.69831e-05 1.93613e-06 2.08214e-08 9.55868e-11 2.63141e-13 6.30163e-16 1.9225e-18 1.07968e-20 1.54093e-22 6.95361e-24 1.14891e-24 7.55291e-25 1.91837e-24 1.6404e-23 3.88694e-22 2.04849e-20 1.86055e-18 2.23188e-16 2.77287e-14 2.89867e-12 2.16389e-10 1.0273e-08 2.89678e-07 4.72603e-06 4.48062e-05 0.000250753 0.000833691 0.001653 0.0020529 0.0017908 0.00124542 0.000752027 0.000408545 0.000199089 8.37214e-05 2.73986e-05 4.97313e-06 0 
0 0.000470522 0.000416568 6.25179e-05 2.28483e-06 2.6872e-08 1.36645e-10 4.19676e-13 1.12209e-15 3.79853e-18 2.33151e-20 3.55835e-22 1.69322e-23 2.90239e-24 1.91837e-24 4.73458e-24 3.8527e-23 8.59373e-22 4.21065e-20 3.51559e-18 3.85827e-16 4.38659e-14 4.21284e-12 2.90875e-10 1.28827e-08 3.42182e-07 5.31113e-06 4.8359e-05 0.000262077 0.000849741 0.00165412 0.00203084 0.00176144 0.00122221 0.000737458 0.00040055 0.000195185 8.20794e-05 2.68613e-05 4.87562e-06 0 
0 0.000475612 0.00045583 7.74923e-05 3.34286e-06 4.81788e-08 3.09123e-10 1.21852e-12 4.19243e-15 1.80347e-17 1.36555e-19 2.45699e-21 1.32082e-22 2.44495e-23 1.6404e-23 3.8527e-23 2.84323e-22 5.55394e-21 2.30588e-19 1.59126e-17 1.42666e-15 1.32376e-13 1.04539e-11 6.02013e-10 2.2664e-08 5.22935e-07 7.21146e-06 5.95975e-05 0.000298548 0.000908206 0.0016832 0.00200044 0.00170517 0.00117422 0.00070652 0.000383397 0.000186777 7.85383e-05 2.5702e-05 4.66518e-06 0 
0 0.000482016 0.000519463 0.000106239 5.85425e-06 1.13843e-07 1.02888e-09 5.85951e-12 2.92524e-14 1.79349e-16 1.85963e-18 4.30982e-20 2.7732e-21 5.68155e-22 3.88694e-22 8.59373e-22 5.55394e-21 8.92153e-20 2.89362e-18 1.50704e-16 1.00227e-14 6.88212e-13 4.06355e-11 1.78559e-09 5.27263e-08 9.85154e-07 1.13738e-05 8.12193e-05 0.000361216 0.000997996 0.00171902 0.00194825 0.00161982 0.00110358 0.000661437 0.000358488 0.000174581 7.34037e-05 2.40213e-05 4.36011e-06 0 
0 0.000486776 0.000607422 0.000156789 1.17434e-05 3.31991e-07 4.60134e-09 4.14843e-11 3.29722e-13 3.14856e-15 4.84355e-17 1.54882e-18 1.25441e-19 2.91987e-20 2.04849e-20 4.21065e-20 2.30588e-19 2.89362e-18 6.88482e-17 2.5217e-15 1.15349e-13 5.42612e-12 2.22108e-10 6.93407e-09 1.50469e-07 2.14925e-06 1.9775e-05 0.00011712 0.000447475 0.00109589 0.00172871 0.00185632 0.00150277 0.00101291 0.000604916 0.000327526 0.000159468 6.70474e-05 2.19413e-05 3.9826e-06 0 
0 0.000486327 0.000716445 0.000241595 2.57005e-05 1.11167e-06 2.50293e-08 3.80027e-10 5.12076e-12 8.08845e-14 1.94855e-15 8.997e-17 9.50193e-18 2.57039e-18 1.86055e-18 3.51559e-18 1.59126e-17 1.50704e-16 2.5217e-15 6.18822e-14 1.8471e-12 5.63663e-11 1.51468e-09 3.18685e-08 4.83506e-07 5.04391e-06 3.55212e-05 0.000168699 0.000540056 0.00115667 0.0016679 0.00170534 0.00135212 0.000905351 0.00053995 0.000292364 0.00014238 5.98715e-05 1.95944e-05 3.55672e-06 0 
0 0.000477058 0.000837122 0.000376465 5.84028e-05 3.97558e-06 1.49887e-07 3.95829e-09 9.34408e-11 2.51963e-12 9.77978e-14 6.67689e-15 9.36267e-16 2.97768e-16 2.23188e-16 3.85827e-16 1.42666e-15 1.00227e-14 1.15349e-13 1.8471e-12 3.4926e-11 6.69553e-10 1.14153e-08 1.56134e-07 1.59482e-06 1.1689e-05 6.07031e-05 0.000224186 0.00059111 0.0011087 0.00148595 0.0014776 0.001167 0.000784271 0.00046955 0.000254848 0.000124253 5.22751e-05 1.71117e-05 3.10628e-06 0 
0 0.000456149 0.000951958 0.000574727 0.000131442 1.41924e-05 9.01007e-07 4.15914e-08 1.72862e-09 7.99694e-11 5.02465e-12 5.09364e-13 9.51623e-14 3.56735e-14 2.77287e-14 4.38659e-14 1.32376e-13 6.88212e-13 5.42612e-12 5.63663e-11 6.69553e-10 7.96878e-09 8.47463e-08 7.35185e-07 4.88158e-06 2.401e-05 8.74198e-05 0.00024125 0.000518196 0.000872691 0.0011411 0.00116017 0.000947095 0.000652758 0.000396489 0.00021668 0.000105952 4.46256e-05 1.46136e-05 2.65319e-06 0 
0 0.000422462 0.00103686 0.000834109 0.000280506 4.76617e-05 5.021e-06 3.97875e-07 2.85708e-08 2.22732e-09 2.23002e-10 3.31447e-11 8.17763e-12 3.59682e-12 2.89867e-12 4.21284e-12 1.04539e-11 4.06355e-11 2.22108e-10 1.51468e-09 1.14153e-08 8.47463e-08 5.59063e-07 3.00251e-06 1.2282e-05 3.7078e-05 8.47639e-05 0.000160201 0.000276711 0.000450507 0.000649329 0.000758736 0.000694678 0.000513685 0.000323205 0.000179348 8.82209e-05 3.72378e-05 1.22033e-05 2.21612e-06 0 
0 0.000377148 0.00106779 0.00112021 0.000545693 0.000143206 2.43302e-05 3.19534e-06 3.8193e-07 4.84044e-08 7.47941e-09 1.588e-09 5.07868e-10 2.59406e-10 2.16389e-10 2.90875e-10 6.02013e-10 1.78559e-09 6.93407e-09 3.18685e-08 1.56134e-07 7.35185e-07 3.00251e-06 9.57511e-06 2.15126e-05 3.20806e-05 3.42838e-05 3.45265e-05 4.57367e-05 8.78335e-05 0.000192619 0.000345342 0.000426903 0.000371916 0.00025213 0.000144132 7.16676e-05 3.03618e-05 9.96182e-06 1.80974e-06 0 
0 0.000323584 0.00103095 0.00136265 0.000934351 0.000368954 9.75934e-05 2.03124e-05 3.84792e-06 7.55542e-07 1.72541e-07 5.05042e-08 2.0407e-08 1.19308e-08 1.0273e-08 1.28827e-08 2.2664e-08 5.27263e-08 1.50469e-07 4.83506e-07 1.59482e-06 4.88158e-06 1.2282e-05 2.15126e-05 2.09915e-05 9.45959e-06 2.26963e-06 6.19184e-07 5.34771e-07 1.98483e-06 1.47325e-05 7.9287e-05 0.000195395 0.00023903 0.000186446 0.000112193 5.67581e-05 2.4178e-05 7.9463e-06 1.44431e-06 0 
0 0.000266539 0.000930113 0.00148219 0.00136855 0.000785298 0.000311732 9.81752e-05 2.7955e-05 8.05911e-06 2.58931e-06 1.00307e-06 4.97085e-07 3.27061e-07 2.89678e-07 3.42182e-07 5.22935e-07 9.85154e-07 2.14925e-06 5.04391e-06 1.1689e-05 2.401e-05 3.7078e-05 3.20806e-05 9.45959e-06 5.52097e-07 7.60732e-09 1.51214e-10 6.05682e-11 1.0965e-09 1.21883e-07 6.49643e-06 6.03108e-05 0.000133673 0.000130422 8.46053e-05 4.38187e-05 1.87976e-05 6.19065e-06 1.12587e-06 0 
0 0.000210914 0.000785516 0.00143896 0.0016872 0.00133906 0.000766528 0.000350157 0.000142722 5.73618e-05 2.46871e-05 1.21418e-05 7.15704e-06 5.20696e-06 4.72603e-06 5.31113e-06 7.21146e-06 1.13738e-05 1.9775e-05 3.55212e-05 6.07031e-05 8.74198e-05 8.47639e-05 3.42838e-05 2.26963e-06 7.60732e-09 1.49252e-12 5.40367e-16 1.19183e-16 1.64325e-14 1.27766e-10 2.2072e-07 1.38558e-05 6.82097e-05 8.78714e-05 6.21549e-05 3.30159e-05 1.42651e-05 4.70731e-06 8.56568e-07 0 
0 0.000160592 0.000624421 0.00125778 0.00175437 0.00180128 0.00141104 0.000896552 0.000501988 0.000269373 0.00014885 8.9566e-05 6.10699e-05 4.83369e-05 4.48062e-05 4.8359e-05 5.95975e-05 8.12193e-05 0.00011712 0.000168699 0.000224186 0.00024125 0.000160201 3.45265e-05 6.19184e-07 1.51214e-10 5.40367e-16 5.11219e-18 1.69533e-18 3.49118e-17 2.34638e-13 1.05146e-08 3.74128e-06 3.67844e-05 5.94773e-05 4.49662e-05 2.43288e-05 1.05639e-05 3.49058e-06 6.3539e-07 0 
0 0.000117872 0.000470528 0.00100534 0.00157011 0.00193283 0.0019296 0.00161463 0.00119129 0.00082357 0.000565512 0.000404603 0.00031225 0.000265488 0.000250753 0.000262077 0.000298548 0.000361216 0.000447475 0.000540056 0.00059111 0.000518196 0.000276711 4.57367e-05 5.34771e-07 6.05682e-11 1.19183e-16 1.69534e-18 1.5556e-18 4.68946e-17 3.81841e-14 3.93597e-09 2.15494e-06 2.49193e-05 4.22789e-05 3.23574e-05 1.7557e-05 7.62841e-06 2.52097e-06 4.58905e-07 0 
0 8.34998e-05 0.000338308 0.000747401 0.00124686 0.00171706 0.00201705 0.00206596 0.00189737 0.00162097 0.00134109 0.00111473 0.00095799 0.000867192 0.000833691 0.000849741 0.000908206 0.000997996 0.00109589 0.00115667 0.0011087 0.000872691 0.000450507 8.78335e-05 1.98483e-06 1.0965e-09 1.64325e-14 3.49118e-17 4.68945e-17 2.81045e-17 1.85854e-12 1.94549e-08 3.14451e-06 2.2193e-05 3.18614e-05 2.31755e-05 1.2392e-05 5.36215e-06 1.77002e-06 3.22105e-07 0 
0 5.70904e-05 0.000233114 0.000524035 0.000905121 0.00132498 0.00170969 0.00198586 0.00211417 0.00210658 0.00201198 0.00188633 0.00177174 0.00169131 0.001653 0.00165412 0.0016832 0.00171902 0.00172871 0.0016679 0.00148595 0.0011411 0.000649329 0.000192619 1.47325e-05 1.21883e-07 1.27766e-10 2.34638e-13 3.81841e-14 1.85854e-12 1.35574e-09 3.45251e-07 7.41151e-06 2.27481e-05 2.45309e-05 1.63376e-05 8.51476e-06 3.65786e-06 1.20501e-06 2.19164e-07 0 
0 3.76154e-05 0.000154177 0.000349498 0.000613804 0.000925677 0.00125226 0.00155456 0.00179823 0.00196485 0.00205642 0.00209033 0.00208941 0.00207313 0.0020529 0.00203084 0.00200044 0.00194825 0.00185632 0.00170534 0.0014776 0.00116017 0.000758736 0.000345342 7.9287e-05 6.49643e-06 2.2072e-07 1.05146e-08 3.93597e-09 1.94549e-08 3.45251e-07 4.04981e-06 1.53361e-05 2.22302e-05 1.82754e-05 1.11481e-05 5.65725e-06 2.41139e-06 7.92609e-07 1.44066e-07 0 
0 2.38008e-05 9.77243e-05 0.000222359 0.000393411 0.000601179 0.000830716 0.00106334 0.00127975 0.00146411 0.00160718 0.00170707 0.0017673 0.00179357 0.0017908 0.00176144 0.00170517 0.00161982 0.00150277 0.00135212 0.001167 0.000947095 0.000694678 0.000426903 0.000195395 6.03108e-05 1.38558e-05 3.74128e-06 2.15494e-06 3.14451e-06 7.41151e-06 1.53361e-05 2.06762e-05 1.85905e-05 1.26934e-05 7.25973e-06 3.60809e-06 1.52807e-06 5.01297e-07 9.10645e-08 0 
0 1.43779e-05 5.90791e-05 0.000134639 0.000238941 0.000367108 0.0005117 0.000663328 0.000811737 0.000947206 0.00106188 0.00115057 0.00121077 0.0012421 0.00124542 0.00122221 0.00117422 0.00110358 0.00101291 0.000905351 0.000784271 0.000652758 0.000513685 0.000371916 0.00023903 0.000133673 6.82097e-05 3.67844e-05 2.49193e-05 2.2193e-05 2.27481e-05 2.22302e-05 1.85905e-05 1.31586e-05 8.11945e-06 4.47e-06 2.19231e-06 9.24421e-07 3.02844e-07 5.49905e-08 0 
0 8.21584e-06 3.37695e-05 7.70083e-05 0.000136828 0.000210658 0.000294602 0.000383739 0.000472585 0.000555663 0.000628065 0.000685901 0.000726545 0.00074865 0.000752027 0.000737458 0.00070652 0.000661437 0.000604916 0.00053995 0.00046955 0.000396489 0.000323205 0.00025213 0.000186446 0.000130422 8.78714e-05 5.94773e-05 4.22789e-05 3.18614e-05 2.45309e-05 1.82754e-05 1.26934e-05 8.11945e-06 4.78092e-06 2.58197e-06 1.25721e-06 5.28773e-07 1.73079e-07 3.1419e-08 0 
0 4.37546e-06 1.79866e-05 4.10268e-05 7.29285e-05 0.000112365 0.000157327 0.00020528 0.000253379 0.000298726 0.000338637 0.000370868 0.00039378 0.000406422 0.000408545 0.00040055 0.000383397 0.000358488 0.000327526 0.000292364 0.000254848 0.00021668 0.000179348 0.000144132 0.000112193 8.46053e-05 6.21549e-05 4.49662e-05 3.23574e-05 2.31755e-05 1.63376e-05 1.11481e-05 7.25973e-06 4.47e-06 2.58197e-06 1.38252e-06 6.70839e-07 2.81778e-07 9.21887e-08 1.67323e-08 0 
0 2.11788e-06 8.70657e-06 1.98611e-05 3.53104e-05 5.4419e-05 7.62257e-05 9.95169e-05 0.000122927 0.000145059 0.0001646 0.000180437 0.000191738 0.000198004 0.000199089 0.000195185 0.000186777 0.000174581 0.000159468 0.00014238 0.000124253 0.000105952 8.82209e-05 7.16676e-05 5.67581e-05 4.38187e-05 3.30159e-05 2.43288e-05 1.7557e-05 1.2392e-05 8.51476e-06 5.65725e-06 3.60809e-06 2.19231e-06 1.25721e-06 6.70839e-07 3.25015e-07 1.36435e-07 4.46266e-08 8.09904e-09 0 
0 8.88664e-07 3.65335e-06 8.33414e-06 1.48178e-05 2.28387e-05 3.19949e-05 4.17791e-05 5.16199e-05 6.09311e-05 6.91609e-05 7.58382e-05 8.06085e-05 8.32577e-05 8.37214e-05 8.20794e-05 7.85383e-05 7.34037e-05 6.70474e-05 5.98715e-05 5.22751e-05 4.46256e-05 3.72378e-05 3.03618e-05 2.4178e-05 1.87976e-05 1.42651e-05 1.05639e-05 7.62841e-06 5.36215e-06 3.65786e-06 2.41139e-06 1.52807e-06 9.24421e-07 5.28773e-07 2.81778e-07 1.36435e-07 5.72571e-08 1.87263e-08 3.39839e-09 0 
0 2.90622e-07 1.19477e-06 2.72558e-06 4.84608e-06 7.46949e-06 1.04645e-05 1.36655e-05 1.68856e-05 1.99332e-05 2.26277e-05 2.48147e-05 2.63776e-05 2.72461e-05 2.73986e-05 2.68613e-05 2.5702e-05 2.40213e-05 2.19413e-05 1.95944e-05 1.71117e-05 1.46136e-05 1.22033e-05 9.96182e-06 7.9463e-06 6.19065e-06 4.70731e-06 3.49058e-06 2.52097e-06 1.77002e-06 1.20501e-06 7.92609e-07 5.01297e-07 3.02844e-07 1.73079e-07 9.21887e-08 4.46266e-08 1.87263e-08 6.12425e-09 1.11139e-09 0 
0 5.27397e-08 2.16818e-07 4.94619e-07 8.79437e-07 1.35553e-06 1.89908e-06 2.48003e-06 3.06449e-06 3.61769e-06 4.10684e-06 4.50389e-06 4.78769e-06 4.9454e-06 4.97313e-06 4.87562e-06 4.66518e-06 4.36011e-06 3.9826e-06 3.55672e-06 3.10628e-06 2.65319e-06 2.21612e-06 1.80974e-06 1.44431e-06 1.12587e-06 8.56568e-07 6.3539e-07 4.58905e-07 3.22105e-07 2.19164e-07 1.44066e-07 9.10645e-08 5.49905e-08 3.1419e-08 1.67323e-08 8.09904e-09 3.39839e-09 1.11139e-09 2.01687e-10 0 
0 0 0 0 0 0 0 0 0 0 0 0 0 0 0 0 0 0 0 0 0 0 0 0 0 0 0 0 0 0 0 0 0 0 0 0 0 0 0 0 0 
