0 0 0 0 0 0 0 0 0 0 0 0 0 0 0 0 0 0 0 0 0 0 0 0 0 0 0 0 0 0 0 0 0 0 0 0 0 0 0 0 0 
0 1.36029e-05 5.49781e-05 0.000121395 0.000204154 0.000289196 0.000361459 0.000410918 0.000435776 0.000440923 0.000434034 0.00042232 0.000411052 0.000403392 0.000400788 0.000403385 0.000410291 0.000419679 0.000428851 0.000434398 0.000432623 0.000420265 0.000395428 0.000358352 0.000311635 0.000259643 0.000207315 0.000158897 0.00011715 8.32219e-05 5.69932e-05 3.75845e-05 2.37919e-05 1.43756e-05 8.21528e-06 4.37534e-06 2.11786e-06 8.88661e-07 2.90622e-07 5.27397e-08 0 
0 5.49781e-05 0.000216824 0.000455284 0.000700024 0.000863693 0.000896874 0.000818256 0.000685812 0.000551207 0.00044102 0.000361932 0.000311397 0.000284791 0.000278565 0.000291142 0.00032283 0.000375213 0.000449946 0.000546711 0.000660344 0.000778033 0.000878807 0.000937869 0.000935966 0.000869081 0.000751215 0.00060754 0.000463209 0.000335489 0.000232142 0.000153875 9.7639e-05 5.90573e-05 3.37645e-05 1.79856e-05 8.70638e-06 3.65332e-06 1.19477e-06 2.16817e-07 0 
0 0.000121395 0.000455284 0.000860329 0.00109761 0.00102645 0.000750565 0.000463393 0.000261533 0.000144884 8.3586e-05 5.26265e-05 3.7425e-05 3.07164e-05 2.93505e-05 3.25366e-05 4.12521e-05 5.84647e-05 8.99792e-05 0.000145586 0.000239476 0.000387488 0.000597803 0.000854742 0.00110599 0.00127416 0.00129953 0.00118042 0.000969348 0.000733081 0.000519064 0.000347967 0.000221936 0.000134534 7.69845e-05 4.1022e-05 1.98602e-05 8.33401e-06 2.72557e-06 4.94618e-07 0 
0 0.000204154 0.000700024 0.00109761 0.00102209 0.000620789 0.000274546 9.98948e-05 3.34564e-05 1.13702e-05 4.26325e-06 1.88972e-06 1.04324e-06 7.41347e-07 6.8685e-07 8.2403e-07 1.24955e-06 2.30554e-06 4.93594e-06 1.16366e-05 2.86561e-05 7.01266e-05 0.000163032 0.000346003 0.000647068 0.00103446 0.00138432 0.00154349 0.00145605 0.00119742 0.000887277 0.000608261 0.000391893 0.000238569 0.000136746 7.29124e-05 3.53076e-05 1.48174e-05 4.84604e-06 8.79435e-07 0 
0 0.000289196 0.000863693 0.00102645 0.000620789 0.00021917 5.30919e-05 1.03104e-05 1.84736e-06 3.4737e-07 7.69947e-08 2.22027e-08 8.98195e-09 5.3469e-09 4.76945e-09 6.30616e-09 1.19154e-08 3.0389e-08 9.74438e-08 3.63412e-07 1.45807e-06 5.85388e-06 2.20844e-05 7.43381e-05 0.000214082 0.000508974 0.000968225 0.00144261 0.00168555 0.00159194 0.0012759 0.000909889 0.000596827 0.000366052 0.00021043 0.000112321 5.44115e-05 2.28376e-05 7.46937e-06 1.35552e-06 0 
0 0.000361459 0.000896874 0.000750565 0.000274546 5.30919e-05 6.60372e-06 6.33804e-07 5.58631e-08 5.34913e-09 6.50146e-10 1.14635e-10 3.2486e-11 1.57876e-11 1.34812e-11 1.99178e-11 4.83975e-11 1.78736e-10 9.09554e-10 5.7279e-09 4.00876e-08 2.82261e-07 1.8358e-06 1.03049e-05 4.74723e-05 0.000173007 0.000483967 0.00101093 0.00155191 0.00177826 0.00160267 0.00121547 0.000820326 0.000509175 0.000294061 0.000157225 7.62086e-05 3.19925e-05 1.04643e-05 1.89907e-06 0 
0 0.000410918 0.000818256 0.000463393 9.98948e-05 1.03104e-05 6.33804e-07 2.86619e-08 1.18068e-09 5.47775e-11 3.49159e-12 3.62894e-13 7.01462e-14 2.74051e-14 2.23204e-14 3.71369e-14 1.18174e-13 6.49272e-13 5.4243e-12 5.99491e-11 7.62421e-10 9.80712e-09 1.14234e-07 1.1044e-06 8.32854e-06 4.70787e-05 0.000194466 0.000574286 0.00118689 0.00171215 0.00179652 0.00148283 0.00104218 0.000658123 0.000382628 0.000205071 9.94826e-05 4.17744e-05 1.3665e-05 2.48e-06 0 
0 0.000435776 0.000685812 0.000261533 3.34564e-05 1.84736e-06 5.58631e-08 1.18068e-09 2.25248e-11 5.01887e-13 1.66447e-14 1.013e-15 1.32898e-16 4.161e-17 3.22862e-17 6.05395e-17 2.52938e-16 2.07619e-15 2.86347e-14 5.59037e-13 1.30127e-11 3.08055e-10 6.47154e-09 1.08369e-07 1.3411e-06 1.17178e-05 7.06714e-05 0.000290602 0.000802685 0.00147201 0.00183513 0.00167888 0.0012424 0.000802338 0.000470573 0.000253003 0.000122866 5.16116e-05 1.68847e-05 3.06444e-06 0 
0 0.000440923 0.000551207 0.000144884 1.13702e-05 3.4737e-07 5.34913e-09 5.47775e-11 5.01887e-13 5.55946e-15 9.89172e-17 3.61473e-18 3.28116e-19 8.34486e-20 6.18607e-20 1.29456e-19 6.98588e-19 8.39471e-18 1.86558e-16 6.26137e-15 2.59233e-13 1.09761e-11 4.04622e-10 1.14399e-08 2.26878e-07 2.99391e-06 2.57105e-05 0.000143084 0.000514218 0.00118148 0.00175229 0.00179177 0.00140601 0.000932146 0.000552411 0.00029812 0.000144961 6.09179e-05 1.99318e-05 3.61761e-06 0 
0 0.000434034 0.00044102 8.3586e-05 4.26325e-06 7.69947e-08 6.50146e-10 3.49159e-12 1.66447e-14 9.89172e-17 1.01066e-18 2.35428e-20 1.57147e-21 3.43592e-22 2.46916e-22 5.54039e-22 3.63779e-21 6.05961e-20 2.05473e-18 1.117e-16 7.72402e-15 5.4908e-13 3.34201e-11 1.50771e-09 4.55405e-08 8.67527e-07 1.0182e-05 7.37364e-05 0.000331948 0.000926794 0.00160925 0.00183245 0.00152636 0.00104022 0.000623334 0.000337755 0.000164459 6.91419e-05 2.26257e-05 4.10673e-06 0 
0 0.00042232 0.000361932 5.26265e-05 1.88972e-06 2.22027e-08 1.14635e-10 3.62894e-13 1.013e-15 3.61473e-18 2.35428e-20 3.86789e-22 2.06238e-23 4.04341e-24 2.83568e-24 6.66055e-24 5.00244e-23 1.06099e-21 5.03151e-20 4.05329e-18 4.26609e-16 4.63715e-14 4.25816e-12 2.81884e-10 1.20274e-08 3.09688e-07 4.6935e-06 4.20762e-05 0.000226739 0.000739297 0.00146093 0.00182555 0.00160496 0.00112231 0.000679653 0.0003697 0.00018025 7.58131e-05 2.48121e-05 4.50375e-06 0 
0 0.000411052 0.000311397 3.7425e-05 1.04324e-06 8.98195e-09 3.2486e-11 7.01462e-14 1.32898e-16 3.28116e-19 1.57147e-21 2.06238e-23 9.0254e-25 1.51492e-25 1.01822e-25 2.58891e-25 2.2582e-24 5.718e-23 3.39505e-21 3.61399e-19 5.15359e-17 7.62051e-15 9.43018e-13 8.2472e-11 4.52319e-09 1.44999e-07 2.64605e-06 2.76795e-05 0.000169652 0.000617796 0.00134093 0.00179728 0.00164853 0.00117702 0.000718997 0.000392364 0.000191511 8.05782e-05 2.63745e-05 4.78752e-06 0 
0 0.000403392 0.000284791 3.07164e-05 7.41347e-07 5.3469e-09 1.57876e-11 2.74051e-14 4.161e-17 8.34486e-20 3.43592e-22 4.04342e-24 1.51492e-25 2.14424e-26 1.36546e-26 3.81358e-26 3.83027e-25 1.08591e-23 7.21573e-22 8.92926e-20 1.51286e-17 2.66719e-15 3.9158e-13 4.01837e-11 2.5464e-09 9.26183e-08 1.88135e-06 2.15118e-05 0.000141981 0.000551011 0.00126365 0.00176736 0.00166493 0.00120487 0.000740256 0.000404842 0.00019775 8.32239e-05 2.72426e-05 4.94521e-06 0 
0 0.000400788 0.000278565 2.93505e-05 6.8685e-07 4.76945e-09 1.34812e-11 2.23204e-14 3.22862e-17 6.18607e-20 2.46916e-22 2.83569e-24 1.01822e-25 1.36547e-26 8.51035e-27 2.43858e-26 2.54176e-25 7.3882e-24 5.0121e-22 6.3904e-20 1.12306e-17 2.05731e-15 3.1372e-13 3.33765e-11 2.18617e-09 8.18823e-08 1.70577e-06 1.99248e-05 0.000133942 0.000528621 0.00123171 0.00174607 0.00166 0.00120726 0.000743384 0.000406915 0.000198827 8.36864e-05 2.7395e-05 4.97294e-06 0 
0 0.000403385 0.000291142 3.25366e-05 8.2403e-07 6.30616e-09 1.99178e-11 3.71369e-14 6.05395e-17 1.29456e-19 5.54039e-22 6.66057e-24 2.58892e-25 3.81358e-26 2.43858e-26 6.56767e-26 6.28821e-25 1.7154e-23 1.09626e-21 1.28738e-19 2.05728e-17 3.42434e-15 4.76353e-13 4.65565e-11 2.82704e-09 9.91793e-08 1.95598e-06 2.18528e-05 0.00014179 0.000544181 0.00124123 0.00173442 0.00163596 0.00118567 0.000729175 0.000398984 0.000194933 8.20457e-05 2.68579e-05 4.87543e-06 0 
0 0.000410291 0.00032283 4.12521e-05 1.24955e-06 1.19154e-08 4.83975e-11 1.18174e-13 2.52938e-16 6.98588e-19 3.63779e-21 5.00245e-23 2.2582e-24 3.83026e-25 2.54176e-25 6.2882e-25 5.25101e-24 1.25467e-22 6.89001e-21 6.65655e-19 8.56757e-17 1.14625e-14 1.29167e-12 1.03808e-10 5.28852e-09 1.59303e-07 2.76366e-06 2.7801e-05 0.000165745 0.000593979 0.00128305 0.00172509 0.00159133 0.00114139 0.00069909 0.00038199 0.00018655 7.85077e-05 2.56989e-05 4.66501e-06 0 
0 0.000419679 0.000375213 5.84647e-05 2.30554e-06 3.0389e-08 1.78736e-10 6.49272e-13 2.07619e-15 8.39471e-18 6.05961e-20 1.06099e-21 5.71799e-23 1.08591e-23 7.38819e-24 1.7154e-23 1.25467e-22 2.48563e-21 1.06473e-19 7.63572e-18 7.13585e-16 6.91162e-14 5.69943e-12 3.42476e-10 1.34326e-08 3.22279e-07 4.61545e-06 3.96721e-05 0.000208251 0.000673146 0.0013406 0.00170357 0.00152204 0.00107576 0.000655151 0.000357293 0.000174387 7.33774e-05 2.40186e-05 4.35995e-06 0 
0 0.000428851 0.000449946 8.99792e-05 4.93594e-06 9.74438e-08 9.09554e-10 5.4243e-12 2.86347e-14 1.86558e-16 2.05473e-18 5.03151e-20 3.39505e-21 7.21573e-22 5.01209e-22 1.09626e-21 6.89001e-21 1.06473e-19 3.28897e-18 1.61869e-16 1.01309e-14 6.543e-13 3.64312e-11 1.51719e-09 4.275e-08 7.68546e-07 8.62416e-06 6.06595e-05 0.000270734 0.000768427 0.00138604 0.00164971 0.00142301 0.000990462 0.000599838 0.000326554 0.000159308 6.70255e-05 2.19391e-05 3.98247e-06 0 
0 0.000434398 0.000546711 0.000145586 1.16366e-05 3.63412e-07 5.7279e-09 5.99491e-11 5.59037e-13 6.26137e-15 1.117e-16 4.05329e-18 3.61399e-19 8.92926e-20 6.3904e-20 1.28738e-19 6.65655e-19 7.63572e-18 1.61869e-16 5.18866e-15 2.05637e-13 8.35823e-12 2.9666e-10 8.09949e-09 1.55613e-07 1.99861e-06 1.68492e-05 9.36153e-05 0.00034575 0.000847429 0.00137734 0.00154037 0.00128982 0.000887818 0.000535945 0.000291587 0.00014225 5.98535e-05 1.95925e-05 3.55661e-06 0 
0 0.000432623 0.000660344 0.000239476 2.86561e-05 1.45807e-06 4.00876e-08 7.62421e-10 1.30127e-11 2.59233e-13 7.72402e-15 4.26609e-16 5.15359e-17 1.51286e-17 1.12306e-17 2.05728e-17 8.56757e-17 7.13585e-16 1.01309e-14 2.05637e-13 5.0016e-12 1.23705e-10 2.70135e-09 4.65901e-08 5.87185e-07 5.1788e-06 3.15745e-05 0.000134193 0.000402039 0.000848917 0.00126086 0.00135292 0.00111948 0.000770597 0.000466351 0.000254213 0.000124145 5.22599e-05 1.711e-05 3.10618e-06 0 
0 0.000420265 0.000778033 0.000387488 7.01266e-05 5.85388e-06 2.82261e-07 9.80712e-09 3.08055e-10 1.09761e-11 5.4908e-13 4.63715e-14 7.62051e-15 2.66719e-15 2.05731e-15 3.42434e-15 1.14625e-14 6.91162e-14 6.543e-13 8.35823e-12 1.23705e-10 1.83998e-09 2.43082e-08 2.58433e-07 2.06276e-06 1.19245e-05 4.99087e-05 0.000155484 0.000372397 0.000692599 0.00098664 0.00107028 0.000910504 0.00064161 0.000393769 0.000216125 0.000105856 4.46118e-05 1.46121e-05 2.6531e-06 0 
0 0.000395428 0.000878807 0.000597803 0.000163032 2.20844e-05 1.8358e-06 1.14234e-07 6.47154e-09 4.04622e-10 3.34201e-11 4.25816e-12 9.43018e-13 3.9158e-13 3.1372e-13 4.76353e-13 1.29167e-12 5.69943e-12 3.64312e-11 2.9666e-10 2.70135e-09 2.43082e-08 1.93433e-07 1.23794e-06 5.92343e-06 2.04483e-05 5.22665e-05 0.000108601 0.000204461 0.000361357 0.000561476 0.00069721 0.000665381 0.000503796 0.000320653 0.000178813 8.81273e-05 3.72243e-05 1.22019e-05 2.21604e-06 0 
0 0.000358352 0.000937869 0.000854742 0.000346003 7.43381e-05 1.03049e-05 1.1044e-06 1.08369e-07 1.14399e-08 1.50771e-09 2.81884e-10 8.2472e-11 4.01837e-11 3.33765e-11 4.65565e-11 1.03808e-10 3.42476e-10 1.51719e-09 8.09949e-09 4.65901e-08 2.58433e-07 1.23794e-06 4.57002e-06 1.16155e-05 1.89965e-05 2.16115e-05 2.28657e-05 3.21444e-05 6.6814e-05 0.000159855 0.000309217 0.000403303 0.000362479 0.000249515 0.000143572 7.15698e-05 3.03479e-05 9.96033e-06 1.80965e-06 0 
0 0.000311635 0.000935966 0.00110599 0.000647068 0.000214082 4.74723e-05 8.32854e-06 1.3411e-06 2.26878e-07 4.55405e-08 1.20274e-08 4.52319e-09 2.5464e-09 2.18617e-09 2.82704e-09 5.28852e-09 1.34326e-08 4.275e-08 1.55613e-07 5.87185e-07 2.06276e-06 5.92343e-06 1.16155e-05 1.21989e-05 5.58163e-06 1.28971e-06 3.37699e-07 2.98775e-07 1.24073e-06 1.0754e-05 6.63351e-05 0.000179013 0.00023013 0.000183701 0.000111593 5.66544e-05 2.41636e-05 7.94479e-06 1.44423e-06 0 
0 0.000259643 0.000869081 0.00127416 0.00103446 0.000508974 0.000173007 4.70787e-05 1.17178e-05 2.99391e-06 8.67527e-07 3.09688e-07 1.44999e-07 9.26183e-08 8.18823e-08 9.91793e-08 1.59303e-07 3.22279e-07 7.68546e-07 1.99861e-06 5.1788e-06 1.19245e-05 2.04483e-05 1.89965e-05 5.58163e-06 2.88845e-07 3.17557e-09 5.10021e-11 1.9819e-11 4.41841e-10 6.77256e-08 4.75848e-06 5.23519e-05 0.000126231 0.00012769 8.39892e-05 4.37134e-05 1.87833e-05 6.18918e-06 1.12579e-06 0 
0 0.000207315 0.000751215 0.00129953 0.00138432 0.000968225 0.000483967 0.000194466 7.06714e-05 2.57105e-05 1.0182e-05 4.6935e-06 2.64605e-06 1.88135e-06 1.70577e-06 1.95598e-06 2.76366e-06 4.61545e-06 8.62416e-06 1.68492e-05 3.15745e-05 4.99087e-05 5.22665e-05 2.16115e-05 1.28971e-06 3.17557e-09 3.78258e-13 9.94319e-17 2.04188e-16 3.3855e-15 4.72913e-11 1.33726e-07 1.11945e-05 6.29119e-05 8.54223e-05 6.15771e-05 3.29181e-05 1.4252e-05 4.706e-06 8.56496e-07 0 
0 0.000158897 0.00060754 0.00118042 0.00154349 0.00144261 0.00101093 0.000574286 0.000290602 0.000143084 7.37364e-05 4.20762e-05 2.76795e-05 2.15118e-05 1.99248e-05 2.18528e-05 2.7801e-05 3.96721e-05 6.06595e-05 9.36153e-05 0.000134193 0.000155484 0.000108601 2.28657e-05 3.37699e-07 5.10021e-11 9.94319e-17 2.32975e-18 2.98126e-18 4.15144e-17 5.97351e-14 5.37672e-09 2.84296e-06 3.32956e-05 5.7518e-05 4.44866e-05 2.42481e-05 1.05533e-05 3.48953e-06 6.35333e-07 0 
0 0.00011715 0.000463209 0.000969348 0.00145605 0.00168555 0.00155191 0.00118689 0.000802685 0.000514218 0.000331948 0.000226739 0.000169652 0.000141981 0.000133942 0.00014179 0.000165745 0.000208251 0.000270734 0.00034575 0.000402039 0.000372397 0.000204461 3.21444e-05 2.98775e-07 1.9819e-11 2.04187e-16 2.98128e-18 2.19696e-18 3.94679e-17 8.8106e-15 1.93333e-09 1.61616e-06 2.24838e-05 4.08632e-05 3.20109e-05 1.7499e-05 7.62079e-06 2.52022e-06 4.58865e-07 0 
0 8.32219e-05 0.000335489 0.000733081 0.00119742 0.00159194 0.00177826 0.00171215 0.00147201 0.00118148 0.000926794 0.000739297 0.000617796 0.000551011 0.000528621 0.000544181 0.000593979 0.000673146 0.000768427 0.000847429 0.000848917 0.000692599 0.000361357 6.6814e-05 1.24073e-06 4.41841e-10 3.3855e-15 4.15144e-17 3.94678e-17 9.98798e-18 5.63439e-13 1.08049e-08 2.47017e-06 2.03355e-05 3.09428e-05 2.29601e-05 1.23562e-05 5.35743e-06 1.76955e-06 3.2208e-07 0 
0 5.69932e-05 0.000232142 0.000519064 0.000887277 0.0012759 0.00160267 0.00179652 0.00183513 0.00175229 0.00160925 0.00146093 0.00134093 0.00126365 0.00123171 0.00124123 0.00128305 0.0013406 0.00138604 0.00137734 0.00126086 0.00098664 0.000561476 0.000159855 1.0754e-05 6.77256e-08 4.72913e-11 5.97351e-14 8.8106e-15 5.63439e-13 6.36252e-10 2.35216e-07 6.29469e-06 2.13939e-05 2.40151e-05 1.62239e-05 8.49587e-06 3.65534e-06 1.20476e-06 2.1915e-07 0 
0 3.75845e-05 0.000153875 0.000347967 0.000608261 0.000909889 0.00121547 0.00148283 0.00167888 0.00179177 0.00183245 0.00182555 0.00179728 0.00176736 0.00174607 0.00173442 0.00172509 0.00170357 0.00164971 0.00154037 0.00135292 0.00107028 0.00069721 0.000309217 6.63351e-05 4.75848e-06 1.33726e-07 5.37672e-09 1.93333e-09 1.08049e-08 2.35216e-07 3.30424e-06 1.39974e-05 2.14386e-05 1.80356e-05 1.10976e-05 5.64877e-06 2.41023e-06 7.92489e-07 1.44059e-07 0 
0 2.37919e-05 9.7639e-05 0.000221936 0.000391893 0.000596827 0.000820326 0.00104218 0.0012424 0.00140601 0.00152636 0.00160496 0.00164853 0.00166493 0.00166 0.00163596 0.00159133 0.00152204 0.00142301 0.00128982 0.00111948 0.000910504 0.000665381 0.000403303 0.000179013 5.23519e-05 1.11945e-05 2.84296e-06 1.61616e-06 2.47017e-06 6.29469e-06 1.39974e-05 1.97928e-05 1.82497e-05 1.26027e-05 7.24084e-06 3.60483e-06 1.52761e-06 5.01247e-07 9.10617e-08 0 
0 1.43756e-05 5.90573e-05 0.000134534 0.000238569 0.000366052 0.000509175 0.000658123 0.000802338 0.000932146 0.00104022 0.00112231 0.00117702 0.00120487 0.00120726 0.00118567 0.00114139 0.00107576 0.000990462 0.000887818 0.000770597 0.00064161 0.000503796 0.000362479 0.00023013 0.000126231 6.29119e-05 3.32956e-05 2.24838e-05 2.03355e-05 2.13939e-05 2.14386e-05 1.82497e-05 1.30486e-05 8.09131e-06 4.46401e-06 2.19124e-06 9.24262e-07 3.02826e-07 5.49895e-08 0 
0 8.21528e-06 3.37645e-05 7.69845e-05 0.000136746 0.00021043 0.000294061 0.000382628 0.000470573 0.000552411 0.000623334 0.000679653 0.000718997 0.000740256 0.000743384 0.000729175 0.00069909 0.000655151 0.000599838 0.000535945 0.000466351 0.000393769 0.000320653 0.000249515 0.000183701 0.00012769 8.54223e-05 5.7518e-05 4.08632e-05 3.09428e-05 2.40151e-05 1.80356e-05 1.26027e-05 8.09131e-06 4.7736e-06 2.58034e-06 1.25691e-06 5.28725e-07 1.73074e-07 3.14187e-08 0 
0 4.37534e-06 1.79856e-05 4.1022e-05 7.29124e-05 0.000112321 0.000157225 0.000205071 0.000253003 0.00029812 0.000337755 0.0003697 0.000392364 0.000404842 0.000406915 0.000398984 0.00038199 0.000357293 0.000326554 0.000291587 0.000254213 0.000216125 0.000178813 0.000143572 0.000111593 8.39892e-05 6.15771e-05 4.44866e-05 3.20109e-05 2.29601e-05 1.62239e-05 1.10976e-05 7.24084e-06 4.46401e-06 2.58034e-06 1.38214e-06 6.70764e-07 2.81766e-07 9.21872e-08 1.67322e-08 0 
0 2.11786e-06 8.70638e-06 1.98602e-05 3.53076e-05 5.44115e-05 7.62086e-05 9.94826e-05 0.000122866 0.000144961 0.000164459 0.00018025 0.000191511 0.00019775 0.000198827 0.000194933 0.00018655 0.000174387 0.000159308 0.00014225 0.000124145 0.000105856 8.81273e-05 7.15698e-05 5.66544e-05 4.37134e-05 3.29181e-05 2.42481e-05 1.7499e-05 1.23562e-05 8.49587e-06 5.64877e-06 3.60483e-06 2.19124e-06 1.25691e-06 6.70764e-07 3.25e-07 1.36432e-07 4.46262e-08 8.09901e-09 0 
0 8.88661e-07 3.65332e-06 8.33401e-06 1.48174e-05 2.28376e-05 3.19925e-05 4.17744e-05 5.16116e-05 6.09179e-05 6.91419e-05 7.58131e-05 8.05782e-05 8.32239e-05 8.36864e-05 8.20457e-05 7.85077e-05 7.33774e-05 6.70255e-05 5.98535e-05 5.22599e-05 4.46118e-05 3.72243e-05 3.03479e-05 2.41636e-05 1.87833e-05 1.4252e-05 1.05533e-05 7.62079e-06 5.35743e-06 3.65534e-06 2.41023e-06 1.52761e-06 9.24262e-07 5.28725e-07 2.81766e-07 1.36432e-07 5.72567e-08 1.87262e-08 3.39839e-09 0 
0 2.90622e-07 1.19477e-06 2.72557e-06 4.84604e-06 7.46937e-06 1.04643e-05 1.3665e-05 1.68847e-05 1.99318e-05 2.26257e-05 2.48121e-05 2.63745e-05 2.72426e-05 2.7395e-05 2.68579e-05 2.56989e-05 2.40186e-05 2.19391e-05 1.95925e-05 1.711e-05 1.46121e-05 1.22019e-05 9.96033e-06 7.94479e-06 6.18918e-06 4.706e-06 3.48953e-06 2.52022e-06 1.76955e-06 1.20476e-06 7.92489e-07 5.01247e-07 3.02826e-07 1.73074e-07 9.21872e-08 4.46262e-08 1.87262e-08 6.12425e-09 1.11139e-09 0 
0 5.27397e-08 2.16817e-07 4.94618e-07 8.79435e-07 1.35552e-06 1.89907e-06 2.48e-06 3.06444e-06 3.61761e-06 4.10673e-06 4.50375e-06 4.78752e-06 4.94521e-06 4.97294e-06 4.87543e-06 4.66501e-06 4.35995e-06 3.98247e-06 3.55661e-06 3.10618e-06 2.6531e-06 2.21604e-06 1.80965e-06 1.44423e-06 1.12579e-06 8.56496e-07 6.35333e-07 4.58865e-07 3.2208e-07 2.1915e-07 1.44059e-07 9.10617e-08 5.49895e-08 3.14187e-08 1.67322e-08 8.09901e-09 3.39839e-09 1.11139e-09 2.01687e-10 0 
0 0 0 0 0 0 0 0 0 0 0 0 0 0 0 0 0 0 0 0 0 0 0 0 0 0 0 0 0 0 0 0 0 0 0 0 0 0 0 0 0 
