0 0 0 0 0 0 0 0 0 0 0 0 0 0 0 0 0 0 0 0 0 0 0 0 0 0 0 0 0 0 0 0 0 0 0 0 0 0 0 0 0 
0 1.31918e-05 5.14132e-05 0.000106526 0.000162951 0.000204531 0.000223309 0.000221525 0.00020686 0.000187139 0.000167843 0.000151948 0.000140682 0.000134332 0.000132793 0.000135841 0.000143197 0.000154447 0.000168865 0.000185205 0.000201551 0.000215339 0.000223668 0.000223911 0.000214486 0.000195511 0.000168978 0.000138279 0.000107212 7.89344e-05 5.53361e-05 3.70097e-05 2.36126e-05 1.43253e-05 8.20264e-06 4.37252e-06 2.11731e-06 8.88571e-07 2.90611e-07 5.2739e-08 0 
0 5.14132e-05 0.000185796 0.000333256 0.000405677 0.00037549 0.000287533 0.00019598 0.000126324 8.0907e-05 5.3627e-05 3.80135e-05 2.95334e-05 2.55416e-05 2.47396e-05 2.67576e-05 3.19616e-05 4.14359e-05 5.70497e-05 8.14439e-05 0.000117674 0.000168171 0.000232832 0.000306635 0.000378142 0.000430993 0.000449635 0.000427185 0.000369822 0.000293531 0.00021568 0.000148188 9.58955e-05 5.85805e-05 3.36481e-05 1.79604e-05 8.70162e-06 3.65257e-06 1.19468e-06 2.16812e-07 0 
0 0.000106526 0.000333256 0.00045562 0.000370413 0.000208765 9.27662e-05 3.60199e-05 1.33046e-05 5.04359e-06 2.1015e-06 1.02029e-06 6.03518e-07 4.47346e-07 4.19863e-07 4.95589e-07 7.19594e-07 1.24207e-06 2.44278e-06 5.22612e-06 1.16136e-05 2.56897e-05 5.45413e-05 0.000107939 0.000194665 0.00031419 0.000446709 0.000551973 0.00058827 0.000542516 0.000439532 0.000319761 0.000213276 0.000132199 7.64275e-05 4.09046e-05 1.98387e-05 8.33071e-06 2.72518e-06 4.94594e-07 0 
0 0.000162951 0.000405677 0.000370413 0.000174323 5.19304e-05 1.14315e-05 2.11067e-06 3.68788e-07 6.86526e-08 1.52098e-08 4.40991e-09 1.79915e-09 1.08086e-09 9.71931e-10 1.2925e-09 2.44903e-09 6.24433e-09 1.99619e-08 7.40598e-08 2.95186e-07 1.17701e-06 4.41802e-06 1.48897e-05 4.36003e-05 0.000108715 0.000228003 0.000397763 0.000569791 0.000664423 0.000635479 0.00051248 0.000361611 0.000230381 0.000134817 7.25142e-05 3.52363e-05 1.48067e-05 4.84483e-06 8.7936e-07 0 
0 0.000204531 0.00037549 0.000208765 5.19304e-05 7.27541e-06 6.82081e-07 5.04725e-08 3.50324e-09 2.71361e-10 2.76064e-11 4.24187e-12 1.09522e-12 5.07933e-13 4.33277e-13 6.67364e-13 1.75517e-12 7.23589e-12 4.20798e-11 3.07646e-10 2.52014e-09 2.07911e-08 1.57635e-07 1.02218e-06 5.39296e-06 2.25103e-05 7.36212e-05 0.000188748 0.000378876 0.000590013 0.000708249 0.00066684 0.000514967 0.000343379 0.000205087 0.000111231 5.42201e-05 2.28096e-05 7.46626e-06 1.35534e-06 0 
0 0.000223309 0.000287533 9.27662e-05 1.14315e-05 6.82081e-07 2.41147e-08 6.27504e-10 1.51808e-11 4.3249e-13 1.81096e-14 1.34811e-15 2.06347e-16 7.11739e-17 5.71559e-17 1.04147e-16 3.98532e-16 2.8445e-15 3.27415e-14 5.18852e-13 9.66609e-12 1.82863e-10 3.09662e-09 4.24791e-08 4.3994e-07 3.30314e-06 1.77495e-05 6.88446e-05 0.000196061 0.000413467 0.000641821 0.000734192 0.000641903 0.000457401 0.000281683 0.00015471 7.57722e-05 3.19297e-05 1.04574e-05 1.89866e-06 0 
0 0.000221525 0.00019598 3.60199e-05 2.11067e-06 5.04725e-08 6.27504e-10 5.33565e-12 4.18161e-14 4.08676e-16 6.62877e-18 2.54748e-19 4.61701e-20 2.77718e-20 2.52467e-20 3.06184e-20 7.10091e-20 6.2137e-19 1.43669e-17 5.20934e-16 2.33662e-14 1.07351e-12 4.29432e-11 1.31453e-09 2.80834e-08 3.96532e-07 3.63039e-06 2.17942e-05 8.85017e-05 0.000250964 0.000502938 0.000709721 0.000719211 0.000558001 0.000358021 0.000200047 9.86164e-05 4.1651e-05 1.36517e-05 2.47923e-06 0 
0 0.00020686 0.000126324 1.33046e-05 3.68788e-07 3.50324e-09 1.51808e-11 4.18161e-14 1.05213e-16 3.57602e-19 5.974e-21 1.26142e-21 6.81248e-22 6.40069e-22 6.2781e-22 5.90367e-22 6.92939e-22 1.55929e-21 9.41814e-21 4.7906e-19 5.15589e-17 5.79234e-15 5.50832e-13 3.78626e-11 1.67976e-09 4.49308e-08 7.06151e-07 6.59511e-06 3.80887e-05 0.000143207 0.000363644 0.000628005 0.000742819 0.000634796 0.000427812 0.000244165 0.000121345 5.13966e-05 1.68618e-05 3.06313e-06 0 
0 0.000187139 8.0907e-05 5.04359e-06 6.86526e-08 2.71361e-10 4.3249e-13 4.08676e-16 3.57602e-19 1.38705e-21 1.12214e-22 6.64153e-23 5.55032e-23 5.88834e-23 5.89629e-23 5.21127e-23 4.8817e-23 5.68722e-23 9.83376e-23 1.17998e-21 1.53455e-19 3.97394e-17 8.5953e-15 1.27264e-12 1.12963e-10 5.54563e-09 1.45852e-07 2.07739e-06 1.67662e-05 8.18684e-05 0.000256711 0.000530572 0.00072606 0.00068456 0.000486428 0.000284248 0.000142566 6.05809e-05 1.98963e-05 3.61558e-06 0 
0 0.000167843 5.3627e-05 2.1015e-06 1.52098e-08 2.76064e-11 1.81096e-14 6.62877e-18 5.97401e-21 1.12214e-22 1.46444e-23 8.98673e-24 8.80206e-24 9.66989e-24 9.71645e-24 8.46947e-24 7.09408e-24 6.01584e-24 6.59976e-24 3.02694e-23 1.31231e-21 4.72278e-19 2.10987e-16 6.17161e-14 1.01351e-11 8.5304e-10 3.54627e-08 7.35823e-07 8.00438e-06 4.92172e-05 0.000184825 0.000443926 0.000688843 0.000710773 0.000531636 0.000318107 0.000161049 6.8663e-05 2.25755e-05 4.10388e-06 0 
0 0.000151948 3.80135e-05 1.02029e-06 4.40991e-09 4.24187e-12 1.34811e-15 2.54748e-19 1.26142e-21 6.64153e-23 8.98673e-24 2.81048e-24 2.03029e-24 2.06666e-24 2.04e-24 1.76593e-24 1.40036e-24 1.06999e-24 1.2066e-24 5.24929e-24 9.74893e-23 1.39973e-20 1.01596e-17 5.18016e-15 1.40516e-12 1.83599e-10 1.10931e-08 3.13135e-07 4.35048e-06 3.22885e-05 0.000140076 0.000378309 0.000648193 0.000720555 0.000563427 0.000344341 0.000175823 7.51914e-05 2.4747e-05 4.50007e-06 0 
0 0.000140682 2.95334e-05 6.03518e-07 1.79915e-09 1.09522e-12 2.06347e-16 4.61701e-20 6.81248e-22 5.55032e-23 8.80207e-24 2.03029e-24 7.89176e-25 5.60436e-25 4.97172e-25 4.19544e-25 3.27523e-25 2.7337e-25 4.74023e-25 2.3946e-24 2.9088e-23 1.7026e-21 1.13836e-18 8.6451e-16 3.36686e-13 6.03955e-11 4.77809e-09 1.68432e-07 2.79279e-06 2.37443e-05 0.000114189 0.000334778 0.000614859 0.000721342 0.000583181 0.00036229 0.000186232 7.9836e-05 2.62969e-05 4.78314e-06 0 
0 0.000134332 2.55416e-05 4.47346e-07 1.08086e-09 5.07933e-13 7.11739e-17 2.77718e-20 6.40069e-22 5.88835e-23 9.6699e-24 2.06666e-24 5.60437e-25 2.2891e-25 1.46405e-25 1.12007e-25 9.15832e-26 1.10338e-25 3.20499e-25 1.75719e-24 1.82595e-23 7.02661e-22 3.30732e-19 3.12766e-16 1.49489e-13 3.20851e-11 2.95695e-09 1.18219e-07 2.16696e-06 1.9898e-05 0.000101406 0.000311196 0.000594107 0.0007188 0.000592676 0.000371848 0.000191935 8.24053e-05 2.7157e-05 4.94039e-06 0 
0 0.000132793 2.47396e-05 4.19863e-07 9.71931e-10 4.33277e-13 5.71559e-17 2.52467e-20 6.2781e-22 5.89629e-23 9.71646e-24 2.04e-24 4.97172e-25 1.46405e-25 6.04943e-26 3.72619e-26 3.5853e-26 7.32691e-26 2.85145e-25 1.62263e-24 1.64913e-23 5.90597e-22 2.55892e-19 2.52833e-16 1.26036e-13 2.8068e-11 2.66927e-09 1.09516e-07 2.04914e-06 1.91132e-05 9.85519e-05 0.000305254 0.000587616 0.000716056 0.000593336 0.000373247 0.00019288 8.28484e-05 2.73074e-05 4.96799e-06 0 
0 0.000135841 2.67576e-05 4.95589e-07 1.2925e-09 6.67364e-13 1.04147e-16 3.06184e-20 5.90367e-22 5.21127e-23 8.46947e-24 1.76593e-24 4.19544e-25 1.12007e-25 3.72619e-26 1.99668e-26 2.44126e-26 6.80912e-26 2.9324e-25 1.75908e-24 1.96949e-23 9.01559e-22 5.09024e-19 4.45537e-16 1.97838e-13 3.98155e-11 3.47397e-09 1.32749e-07 2.34666e-06 2.09489e-05 0.000104495 0.000315463 0.000594829 0.000713696 0.000585864 0.000366902 0.000189267 8.12464e-05 2.67741e-05 4.8707e-06 0 
0 0.000143197 3.19616e-05 7.19594e-07 2.44903e-09 1.75517e-12 3.98532e-16 7.10091e-20 6.92939e-22 4.8817e-23 7.09408e-24 1.40036e-24 3.27523e-25 9.15833e-26 3.5853e-26 2.44126e-26 3.233e-26 8.38829e-26 3.62079e-25 2.46818e-24 3.70284e-23 3.14615e-21 2.40854e-18 1.59006e-15 5.45022e-13 8.74332e-11 6.29014e-09 2.04984e-07 3.19124e-06 2.58322e-05 0.000119667 0.000341016 0.000613354 0.000710035 0.000570237 0.000353351 0.0001815 7.77946e-05 2.5624e-05 4.66076e-06 0 
0 0.000154447 4.14359e-05 1.24207e-06 6.24433e-09 7.23589e-12 2.8445e-15 6.2137e-19 1.55929e-21 5.68722e-23 6.01584e-24 1.06999e-24 2.7337e-25 1.10338e-25 7.32691e-26 6.80912e-26 8.38829e-26 1.62786e-25 6.25354e-25 5.28773e-24 1.54623e-22 3.60876e-20 2.36847e-17 1.02698e-14 2.40702e-12 2.76709e-10 1.49915e-08 3.86642e-07 4.99543e-06 3.50309e-05 0.000145554 0.000380772 0.000638506 0.000701472 0.000545956 0.000333272 0.000170161 7.27796e-05 2.39556e-05 4.35637e-06 0 
0 0.000168865 5.70497e-05 2.44278e-06 1.99619e-08 4.20798e-11 3.27415e-14 1.43669e-17 9.41814e-21 9.83376e-23 6.59976e-24 1.2066e-24 4.74023e-25 3.20499e-25 2.85144e-25 2.9324e-25 3.62079e-25 6.25354e-25 2.3566e-24 3.08356e-23 2.6216e-21 1.04628e-18 4.07197e-16 1.04429e-13 1.52233e-11 1.15349e-09 4.3819e-08 8.43367e-07 8.63298e-06 5.06193e-05 0.000183536 0.00043101 0.000662225 0.000682983 0.000512462 0.000307534 0.000155967 6.65514e-05 2.18888e-05 3.9796e-06 0 
0 0.000185205 8.14439e-05 5.22612e-06 7.40598e-08 3.07646e-10 5.18852e-13 5.20934e-16 4.7906e-19 1.17998e-21 3.02694e-23 5.24929e-24 2.3946e-24 1.75719e-24 1.62263e-24 1.75908e-24 2.46818e-24 5.28773e-24 3.08356e-23 1.07913e-21 1.99066e-19 4.93973e-17 1.01603e-14 1.43346e-12 1.21506e-10 5.71115e-09 1.4433e-07 1.98534e-06 1.55754e-05 7.45196e-05 0.000231483 0.000481222 0.000671855 0.000648881 0.00046956 0.000277239 0.000139726 5.94934e-05 1.95541e-05 3.55439e-06 0 
0 0.000201551 0.000117674 1.16136e-05 2.95186e-07 2.52014e-09 9.66609e-12 2.33662e-14 5.15589e-17 1.53455e-19 1.31231e-21 9.74893e-23 2.9088e-23 1.82595e-23 1.64913e-23 1.96949e-23 3.70284e-23 1.54623e-22 2.6216e-21 1.99066e-19 2.37168e-17 2.93279e-15 3.05154e-13 2.26746e-11 1.06916e-09 2.98257e-08 4.81052e-07 4.57069e-06 2.68643e-05 0.000103696 0.000275096 0.000507798 0.000649793 0.000593896 0.00041776 0.000243706 0.000122286 5.19925e-05 1.70812e-05 3.10451e-06 0 
0 0.000215339 0.000168171 2.56897e-05 1.17701e-06 2.07911e-08 1.82863e-10 1.07351e-12 5.79234e-15 3.97394e-17 4.72278e-19 1.39973e-20 1.7026e-21 7.02661e-22 5.90597e-22 9.01559e-22 3.14615e-21 3.60876e-20 1.04628e-18 4.93973e-17 2.93279e-15 1.78061e-13 9.2339e-12 3.53098e-10 8.93814e-09 1.40815e-07 1.36909e-06 8.56914e-06 3.70021e-05 0.000116778 0.000274343 0.000470529 0.000576179 0.000514575 0.000358423 0.000208394 0.000104473 4.44112e-05 1.45904e-05 2.65182e-06 0 
0 0.000223668 0.000232832 5.45413e-05 4.41802e-06 1.57635e-07 3.09662e-09 4.29432e-11 5.50832e-13 8.5953e-15 2.10987e-16 1.01596e-17 1.13836e-18 3.30732e-19 2.55892e-19 5.09024e-19 2.40854e-18 2.36847e-17 4.07197e-16 1.01603e-14 3.05154e-13 9.2339e-12 2.39447e-10 4.61612e-09 5.89711e-08 4.67618e-07 2.35409e-06 8.53112e-06 2.61865e-05 7.35835e-05 0.00017874 0.000333061 0.000438994 0.00041124 0.000293813 0.000172816 8.70436e-05 3.70661e-05 1.21847e-05 2.21503e-06 0 
0 0.000223911 0.000306635 0.000107939 1.48897e-05 1.02218e-06 4.24791e-08 1.31453e-09 3.78626e-11 1.27264e-12 6.17161e-14 5.18016e-15 8.6451e-16 3.12766e-16 2.52833e-16 4.45537e-16 1.59006e-15 1.02698e-14 1.04429e-13 1.43346e-12 2.26746e-11 3.53098e-10 4.61612e-09 4.27519e-08 2.35183e-07 6.81729e-07 1.13316e-06 1.60205e-06 3.19905e-06 1.0723e-05 4.3775e-05 0.000136925 0.00025693 0.000291475 0.000227319 0.000138487 7.06475e-05 3.02139e-05 9.94584e-06 1.80881e-06 0 
0 0.000214486 0.000378142 0.000194665 4.36003e-05 5.39296e-06 4.3994e-07 2.80834e-08 1.67976e-09 1.12963e-10 1.01351e-11 1.40516e-12 3.36686e-13 1.49489e-13 1.26036e-13 1.97838e-13 5.45022e-13 2.40702e-12 1.52233e-11 1.21506e-10 1.06916e-09 8.93814e-09 5.89711e-08 2.35183e-07 3.91275e-07 1.95472e-07 3.50084e-08 6.89718e-09 6.9884e-09 5.94272e-08 1.38224e-06 2.02278e-05 9.74717e-05 0.000174352 0.000163949 0.000106938 5.58153e-05 2.40435e-05 7.93203e-06 1.44349e-06 0 
0 0.000195511 0.000430993 0.00031419 0.000108715 2.25103e-05 3.30314e-06 3.96532e-07 4.49308e-08 5.54563e-09 8.5304e-10 1.83599e-10 6.03955e-11 3.20851e-11 2.8068e-11 3.98155e-11 8.74332e-11 2.76709e-10 1.15349e-09 5.71115e-09 2.98257e-08 1.40815e-07 4.67618e-07 6.81729e-07 1.95472e-07 4.66757e-09 1.19566e-11 4.23078e-14 1.16705e-14 1.27738e-12 1.5581e-09 6.38438e-07 2.06916e-05 8.56442e-05 0.000110048 7.96551e-05 4.29399e-05 1.8675e-05 6.17792e-06 1.12515e-06 0 
0 0.000168978 0.000449635 0.000446709 0.000228003 7.36212e-05 1.77495e-05 3.63039e-06 7.06151e-07 1.45852e-07 3.54627e-08 1.10931e-08 4.77809e-09 2.95695e-09 2.66927e-09 3.47397e-09 6.29014e-09 1.49915e-08 4.3819e-08 1.4433e-07 4.81052e-07 1.36909e-06 2.35409e-06 1.13316e-06 3.50084e-08 1.19566e-11 3.10306e-16 2.35581e-15 1.41854e-15 8.1571e-15 8.10294e-14 5.34164e-09 2.82344e-06 3.7011e-05 7.06331e-05 5.77391e-05 3.22382e-05 1.41588e-05 4.6965e-06 8.55972e-07 0 
0 0.000138279 0.000427185 0.000551973 0.000397763 0.000188748 6.88446e-05 2.17942e-05 6.59511e-06 2.07739e-06 7.35823e-07 3.13135e-07 1.68432e-07 1.18219e-07 1.09516e-07 1.32749e-07 2.04984e-07 3.86642e-07 8.43367e-07 1.98534e-06 4.57069e-06 8.56914e-06 8.53112e-06 1.60205e-06 6.89718e-09 4.23078e-14 2.35581e-15 6.16417e-16 5.12034e-16 1.54001e-15 1.80596e-14 7.08971e-11 4.8419e-07 1.74382e-05 4.61202e-05 4.13979e-05 2.37044e-05 1.04799e-05 3.48216e-06 6.34931e-07 0 
0 0.000107212 0.000369822 0.00058827 0.000569791 0.000378876 0.000196061 8.85017e-05 3.80887e-05 1.67662e-05 8.00438e-06 4.35048e-06 2.79279e-06 2.16696e-06 2.04914e-06 2.34666e-06 3.19124e-06 4.99543e-06 8.63298e-06 1.55754e-05 2.68643e-05 3.70021e-05 2.61865e-05 3.19905e-06 6.9884e-09 1.16705e-14 1.41854e-15 5.12034e-16 1.30207e-15 6.2035e-15 1.13653e-13 1.9325e-11 2.53053e-07 1.15634e-05 3.2711e-05 2.98086e-05 1.71152e-05 7.56939e-06 2.51509e-06 4.58586e-07 0 
0 7.89344e-05 0.000293531 0.000542516 0.000664423 0.000590013 0.000413467 0.000250964 0.000143207 8.18684e-05 4.92172e-05 3.22885e-05 2.37443e-05 1.9898e-05 1.91132e-05 2.09489e-05 2.58322e-05 3.50309e-05 5.06193e-05 7.45196e-05 0.000103696 0.000116778 7.35835e-05 1.0723e-05 5.94272e-08 1.27738e-12 8.1571e-15 1.54001e-15 6.2035e-15 9.99099e-16 6.8052e-16 2.46035e-10 5.23351e-07 1.15704e-05 2.558e-05 2.15937e-05 1.21212e-05 5.32596e-06 1.7664e-06 3.21908e-07 0 
0 5.53361e-05 0.00021568 0.000439532 0.000635479 0.000708249 0.000641821 0.000502938 0.000363644 0.000256711 0.000184825 0.000140076 0.000114189 0.000101406 9.85519e-05 0.000104495 0.000119667 0.000145554 0.000183536 0.000231483 0.000275096 0.000274343 0.00017874 4.3775e-05 1.38224e-06 1.5581e-09 8.10294e-14 1.80596e-14 1.13653e-13 6.80521e-16 5.03496e-12 2.01445e-08 2.20794e-06 1.44046e-05 2.09206e-05 1.54991e-05 8.37243e-06 3.63864e-06 1.20306e-06 2.19056e-07 0 
0 3.70097e-05 0.000148188 0.000319761 0.00051248 0.00066684 0.000734192 0.000709721 0.000628005 0.000530572 0.000443926 0.000378309 0.000334778 0.000311196 0.000305254 0.000315463 0.000341016 0.000380772 0.00043101 0.000481222 0.000507798 0.000470529 0.000333061 0.000136925 2.02278e-05 6.38438e-07 5.34164e-09 7.08971e-11 1.9325e-11 2.46035e-10 2.01445e-08 8.98682e-07 7.79043e-06 1.69693e-05 1.65539e-05 1.07732e-05 5.59336e-06 2.40257e-06 7.91692e-07 1.44014e-07 0 
0 2.36126e-05 9.58955e-05 0.000213276 0.000361611 0.000514967 0.000641903 0.000719211 0.000742819 0.00072606 0.000688843 0.000648193 0.000614859 0.000594107 0.000587616 0.000594829 0.000613354 0.000638506 0.000662225 0.000671855 0.000649793 0.000576179 0.000438994 0.00025693 9.74717e-05 2.06916e-05 2.82344e-06 4.8419e-07 2.53053e-07 5.23351e-07 2.20794e-06 7.79043e-06 1.49453e-05 1.61937e-05 1.20295e-05 7.1188e-06 3.58356e-06 1.52457e-06 5.00921e-07 9.10426e-08 0 
0 1.43253e-05 5.85805e-05 0.000132199 0.000230381 0.000343379 0.000457401 0.000558001 0.000634796 0.00068456 0.000710773 0.000720555 0.000721342 0.0007188 0.000716056 0.000713696 0.000710035 0.000701472 0.000682983 0.000648881 0.000593896 0.000514575 0.00041124 0.000291475 0.000174352 8.56442e-05 3.7011e-05 1.74382e-05 1.15634e-05 1.15704e-05 1.44046e-05 1.69693e-05 1.61937e-05 1.2358e-05 7.91063e-06 4.42514e-06 2.18421e-06 9.23218e-07 3.0271e-07 5.49824e-08 0 
0 8.20264e-06 3.36481e-05 7.64275e-05 0.000134817 0.000205087 0.000281683 0.000358021 0.000427812 0.000486428 0.000531636 0.000563427 0.000583181 0.000592676 0.000593336 0.000585864 0.000570237 0.000545956 0.000512462 0.00046956 0.00041776 0.000358423 0.000293813 0.000227319 0.000163949 0.000110048 7.06331e-05 4.61202e-05 3.2711e-05 2.558e-05 2.09206e-05 1.65539e-05 1.20295e-05 7.91063e-06 4.72614e-06 2.56977e-06 1.25491e-06 5.28414e-07 1.73038e-07 3.14164e-08 0 
0 4.37252e-06 1.79604e-05 4.09046e-05 7.25142e-05 0.000111231 0.00015471 0.000200047 0.000244165 0.000284248 0.000318107 0.000344341 0.00036229 0.000371848 0.000373247 0.000366902 0.000353351 0.000333272 0.000307534 0.000277239 0.000243706 0.000208394 0.000172816 0.000138487 0.000106938 7.96551e-05 5.77391e-05 4.13979e-05 2.98086e-05 2.15937e-05 1.54991e-05 1.07732e-05 7.1188e-06 4.42514e-06 2.56977e-06 1.37967e-06 6.70273e-07 2.81685e-07 9.21774e-08 1.67315e-08 0 
0 2.11731e-06 8.70162e-06 1.98387e-05 3.52363e-05 5.42201e-05 7.57722e-05 9.86164e-05 0.000121345 0.000142566 0.000161049 0.000175823 0.000186232 0.000191935 0.00019288 0.000189267 0.0001815 0.000170161 0.000155967 0.000139726 0.000122286 0.000104473 8.70436e-05 7.06475e-05 5.58153e-05 4.29399e-05 3.22382e-05 2.37044e-05 1.71152e-05 1.21212e-05 8.37243e-06 5.59336e-06 3.58356e-06 2.18421e-06 1.25491e-06 6.70273e-07 3.24897e-07 1.36414e-07 4.4624e-08 8.09886e-09 0 
0 8.88571e-07 3.65257e-06 8.33071e-06 1.48067e-05 2.28096e-05 3.19297e-05 4.1651e-05 5.13966e-05 6.05809e-05 6.8663e-05 7.51914e-05 7.9836e-05 8.24053e-05 8.28484e-05 8.12464e-05 7.77946e-05 7.27796e-05 6.65514e-05 5.94934e-05 5.19925e-05 4.44112e-05 3.70661e-05 3.02139e-05 2.40435e-05 1.8675e-05 1.41588e-05 1.04799e-05 7.56939e-06 5.32596e-06 3.63864e-06 2.40257e-06 1.52457e-06 9.23218e-07 5.28414e-07 2.81685e-07 1.36414e-07 5.72535e-08 1.87258e-08 3.39836e-09 0 
0 2.90611e-07 1.19468e-06 2.72518e-06 4.84483e-06 7.46626e-06 1.04574e-05 1.36517e-05 1.68618e-05 1.98963e-05 2.25755e-05 2.4747e-05 2.62969e-05 2.7157e-05 2.73074e-05 2.67741e-05 2.5624e-05 2.39556e-05 2.18888e-05 1.95541e-05 1.70812e-05 1.45904e-05 1.21847e-05 9.94584e-06 7.93203e-06 6.17792e-06 4.6965e-06 3.48216e-06 2.51509e-06 1.7664e-06 1.20306e-06 7.91692e-07 5.00921e-07 3.0271e-07 1.73038e-07 9.21774e-08 4.4624e-08 1.87258e-08 6.12419e-09 1.11139e-09 0 
0 5.2739e-08 2.16812e-07 4.94594e-07 8.7936e-07 1.35534e-06 1.89866e-06 2.47923e-06 3.06313e-06 3.61558e-06 4.10388e-06 4.50007e-06 4.78314e-06 4.94039e-06 4.96799e-06 4.8707e-06 4.66076e-06 4.35637e-06 3.9796e-06 3.55439e-06 3.10451e-06 2.65182e-06 2.21503e-06 1.80881e-06 1.44349e-06 1.12515e-06 8.55972e-07 6.34931e-07 4.58586e-07 3.21908e-07 2.19056e-07 1.44014e-07 9.10426e-08 5.49824e-08 3.14164e-08 1.67315e-08 8.09886e-09 3.39836e-09 1.11139e-09 2.01686e-10 0 
0 0 0 0 0 0 0 0 0 0 0 0 0 0 0 0 0 0 0 0 0 0 0 0 0 0 0 0 0 0 0 0 0 0 0 0 0 0 0 0 0 
