0 0 0 0 0 0 0 0 0 0 0 0 0 0 0 0 0 0 0 0 0 0 0 0 0 0 0 0 0 0 0 0 0 0 0 0 0 0 0 0 0 
0 1.37821e-05 5.6612e-05 0.000128925 0.000228487 0.000350202 0.000486283 0.000626988 0.000762017 0.000882261 0.000981246 0.00105568 0.00110501 0.00113036 0.00113347 0.00111596 0.0010791 0.0010241 0.000952552 0.000866908 0.000770743 0.000668593 0.000565455 0.000466093 0.000374423 0.000293132 0.000223613 0.000166125 0.000120072 8.43001e-05 5.73569e-05 3.76967e-05 2.38236e-05 1.43837e-05 8.2172e-06 4.37575e-06 2.11793e-06 8.88673e-07 2.90623e-07 5.27398e-08 0 
0 5.6612e-05 0.000232257 0.00052751 0.000929827 0.00141116 0.00192809 0.00242761 0.00285964 0.00319131 0.00341478 0.0035442 0.003605 0.00362244 0.00361408 0.00358669 0.00353678 0.00345329 0.00332212 0.00313172 0.00287849 0.00256993 0.00222393 0.00186434 0.00151494 0.00119463 0.000915174 0.000681465 0.000493131 0.000346412 0.000235755 0.000154963 9.7938e-05 5.91322e-05 3.37815e-05 1.79891e-05 8.70701e-06 3.65342e-06 1.19478e-06 2.16818e-07 0 
0 0.000128925 0.00052751 0.00119073 0.00207214 0.00307058 0.00403247 0.00479032 0.00523172 0.00535018 0.0052338 0.00500752 0.00477949 0.00461905 0.00455894 0.00460464 0.0047404 0.00493035 0.00511815 0.00523193 0.00519978 0.0049739 0.0045515 0.0039773 0.00332483 0.00266894 0.00206579 0.00154679 0.00112241 0.000789491 0.000537608 0.000353458 0.00022341 0.000134894 7.70642e-05 4.10379e-05 1.9863e-05 8.33442e-06 2.72561e-06 4.94621e-07 0 
0 0.000228487 0.000929827 0.00207214 0.0035091 0.00494036 0.00596397 0.00627948 0.00589656 0.00510472 0.00424161 0.00352051 0.00301771 0.0027347 0.00265259 0.00275841 0.00305069 0.00353129 0.00418541 0.00495227 0.00570136 0.00624458 0.00640515 0.00611038 0.00543135 0.00453372 0.00358987 0.00272081 0.00198621 0.00140094 0.000955119 0.000628263 0.000397182 0.000239834 0.00013702 7.29656e-05 3.53167e-05 1.48187e-05 4.84618e-06 8.79443e-07 0 
0 0.000350202 0.00141116 0.00307058 0.00494036 0.00632392 0.00656206 0.00562684 0.004155 0.00280783 0.00185542 0.00127215 0.000947623 0.000790709 0.000750277 0.000809935 0.000982343 0.00130774 0.00185123 0.00268449 0.00383138 0.0051772 0.0064126 0.0071358 0.00710357 0.00639034 0.00529021 0.00410681 0.00303364 0.00215127 0.00147003 0.000967854 0.000612083 0.000369646 0.000211192 0.000112466 5.44359e-05 2.28411e-05 7.46975e-06 1.35555e-06 0 
0 0.000486283 0.00192809 0.00403247 0.00596397 0.00656206 0.00542978 0.00350555 0.00190399 0.000955273 0.000484285 0.000267364 0.00017008 0.000129371 0.000119756 0.000134777 0.000181207 0.000282108 0.000487904 0.000893246 0.00164339 0.002882 0.00458449 0.00635939 0.00753806 0.00766566 0.00684797 0.00554459 0.00418243 0.00299434 0.00205436 0.00135472 0.00085725 0.000517817 0.00029587 0.000157563 7.62643e-05 3.20003e-05 1.04651e-05 1.89912e-06 0 
0 0.000626988 0.00242761 0.00479032 0.00627948 0.00562684 0.00350555 0.00163014 0.000633408 0.000231832 8.8966e-05 3.90989e-05 2.10462e-05 1.45063e-05 1.30725e-05 1.53672e-05 2.30269e-05 4.22532e-05 9.01003e-05 0.00021032 0.000504626 0.00116807 0.00245252 0.00441713 0.00655172 0.00790063 0.00790072 0.00682733 0.00532395 0.00387014 0.00267231 0.00176664 0.00111895 0.000676115 0.000386361 0.00020576 9.95944e-05 4.17897e-05 1.36666e-05 2.48009e-06 0 
0 0.000762017 0.00285964 0.00523172 0.00589656 0.004155 0.00190399 0.000633408 0.000176345 4.71742e-05 1.36974e-05 4.78072e-06 2.17094e-06 1.35237e-06 1.1846e-06 1.45412e-06 2.43024e-06 5.26226e-06 1.38441e-05 4.11625e-05 0.000128364 0.000390283 0.0010791 0.00254136 0.00481854 0.00711342 0.0082198 0.00775987 0.00634114 0.0047116 0.0032836 0.00217862 0.00138171 0.000835273 0.000477384 0.000254249 0.000123066 5.16387e-05 1.68875e-05 3.0646e-06 0 
0 0.000882261 0.00319131 0.00535018 0.00510472 0.00280783 0.000955273 0.000231832 4.71742e-05 9.37222e-06 2.08321e-06 5.82052e-07 2.24044e-07 1.26385e-07 1.07542e-07 1.37448e-07 2.54934e-07 6.46882e-07 2.08091e-06 7.79256e-06 3.11421e-05 0.000122234 0.000436461 0.00132111 0.0031781 0.00578349 0.00785321 0.00823903 0.00713858 0.0054555 0.00384814 0.00256525 0.00162972 0.000985782 0.000563515 0.00030014 0.000145282 6.09609e-05 1.99362e-05 3.61786e-06 0 
0 0.000981246 0.00341478 0.0052338 0.00424161 0.00185542 0.000484285 8.8966e-05 1.36974e-05 2.08321e-06 3.63594e-07 8.29614e-08 2.74461e-08 1.41232e-08 1.16822e-08 1.5458e-08 3.14579e-08 9.20338e-08 3.54795e-07 1.6351e-06 8.16203e-06 4.02121e-05 0.000179872 0.000678198 0.00201433 0.00444644 0.00707728 0.00829723 0.00767095 0.00605447 0.0043311 0.00290325 0.00184819 0.00111871 0.000639649 0.000340715 0.000164926 6.92042e-05 2.26321e-05 4.10708e-06 0 
0 0.00105568 0.0035442 0.00500752 0.00352051 0.00127215 0.000267364 3.90989e-05 4.78072e-06 5.82052e-07 8.29614e-08 1.59592e-08 4.64281e-09 2.20722e-09 1.77854e-09 2.41663e-09 5.30263e-09 1.74409e-08 7.81015e-08 4.27627e-07 2.5677e-06 1.52714e-05 8.22294e-05 0.000370947 0.00130864 0.00339394 0.00620889 0.00807119 0.00795148 0.00648475 0.00470709 0.00317371 0.00202468 0.00122644 0.000701419 0.000373647 0.000180872 7.58955e-05 2.48204e-05 4.50421e-06 0 
0 0.00110501 0.003605 0.00477949 0.00301771 0.000947623 0.00017008 2.10462e-05 2.17094e-06 2.24044e-07 2.74461e-08 4.64281e-09 1.22464e-09 5.4733e-10 4.31145e-10 5.95554e-10 1.37778e-09 4.93074e-09 2.46296e-08 1.53057e-07 1.05334e-06 7.20143e-06 4.4476e-05 0.000228988 0.000916938 0.00268194 0.00546392 0.00772512 0.00803474 0.00674551 0.00496175 0.00336347 0.00215004 0.00130329 0.000745542 0.000397181 0.000192268 8.06783e-05 2.63846e-05 4.78807e-06 0 
0 0.00113036 0.00362244 0.00461905 0.0027347 0.000790709 0.000129371 1.45063e-05 1.35237e-06 1.26385e-07 1.41232e-08 2.20722e-09 5.4733e-10 2.34832e-10 1.81699e-10 2.52326e-10 5.99893e-10 2.24927e-09 1.19564e-08 7.99676e-08 5.96349e-07 4.42983e-06 2.97085e-05 0.000165698 0.000716916 0.00226 0.00493565 0.0073871 0.00798586 0.00685053 0.00509066 0.00346559 0.00221892 0.00134583 0.000770031 0.000410255 0.000198602 8.33363e-05 2.7254e-05 4.94584e-06 0 
0 0.00113347 0.00361408 0.00455894 0.00265259 0.000750277 0.000119756 1.30725e-05 1.1846e-06 1.07542e-07 1.16822e-08 1.77854e-09 4.31145e-10 1.81699e-10 1.38878e-10 1.91711e-10 4.55975e-10 1.72092e-09 9.25915e-09 6.29723e-08 4.7923e-07 3.64168e-06 2.50226e-05 0.000143143 0.000636004 0.00206237 0.00463666 0.00712436 0.00785365 0.0068171 0.00509636 0.00347883 0.00222987 0.00135305 0.000774283 0.000412544 0.000199714 8.38037e-05 2.74069e-05 4.97359e-06 0 
0 0.00111596 0.00358669 0.00460464 0.00275841 0.000809935 0.000134777 1.53672e-05 1.45412e-06 1.37448e-07 1.5458e-08 2.41663e-09 5.95554e-10 2.52326e-10 1.91711e-10 2.60294e-10 6.034e-10 2.20397e-09 1.14227e-08 7.46673e-08 5.46196e-07 3.99789e-06 2.65557e-05 0.000147554 0.000640327 0.00204066 0.00453947 0.00694536 0.00765658 0.00665733 0.00498522 0.00340675 0.00218499 0.00132621 0.000759028 0.00040444 0.000195795 8.21601e-05 2.68695e-05 4.87607e-06 0 
0 0.0010791 0.00353678 0.0047404 0.00305069 0.000982343 0.000181207 2.30269e-05 2.43024e-06 2.54934e-07 3.14579e-08 5.30263e-09 1.37778e-09 5.99893e-10 4.55975e-10 6.034e-10 1.33165e-09 4.54154e-09 2.16637e-08 1.29183e-07 8.59044e-07 5.72377e-06 3.47929e-05 0.000178343 0.000720926 0.00216382 0.00459311 0.00680954 0.00738126 0.00637475 0.00476533 0.00325654 0.00208941 0.00126856 0.000726159 0.000386958 0.000187339 7.86131e-05 2.57097e-05 4.66561e-06 0 
0 0.0010241 0.00345329 0.00493035 0.00353129 0.00130774 0.000282108 4.22532e-05 5.26226e-06 6.46882e-07 9.20338e-08 1.74409e-08 4.93074e-09 2.24927e-09 1.72092e-09 2.20397e-09 4.54154e-09 1.40319e-08 5.92592e-08 3.08176e-07 1.77458e-06 1.02403e-05 5.42418e-05 0.000244819 0.000883058 0.00240306 0.00471963 0.00663659 0.00698956 0.00596557 0.00444541 0.00303791 0.00195045 0.00118486 0.000678467 0.000361605 0.000175079 7.34707e-05 2.40282e-05 4.36049e-06 0 
0 0.000952552 0.00332212 0.00511815 0.00418541 0.00185123 0.000487904 9.01003e-05 1.38441e-05 2.08091e-06 3.54795e-07 7.81015e-08 2.46296e-08 1.19564e-08 9.25915e-09 1.14227e-08 2.16637e-08 5.92592e-08 2.14987e-07 9.40965e-07 4.51154e-06 2.16388e-05 9.58187e-05 0.000365727 0.00113359 0.00270778 0.00480404 0.0063186 0.00643059 0.00542188 0.00403389 0.00276162 0.00177661 0.00108073 0.000619317 0.000330204 0.000159902 6.71069e-05 2.19476e-05 3.98296e-06 0 
0 0.000866908 0.00313172 0.00523193 0.00495227 0.00268449 0.000893246 0.00021032 4.11625e-05 7.79256e-06 1.6351e-06 4.27627e-07 1.53057e-07 7.99676e-08 6.29723e-08 7.46673e-08 1.29183e-07 3.08176e-07 9.40965e-07 3.38045e-06 1.31131e-05 5.0654e-05 0.000181354 0.000565838 0.00145953 0.00298052 0.00469685 0.00574085 0.00565291 0.00473258 0.00353635 0.00243725 0.00157632 0.000962071 0.000552292 0.000294716 0.00014277 5.99262e-05 1.96003e-05 3.55706e-06 0 
0 0.000770743 0.00287849 0.00519978 0.00570136 0.00383138 0.00164339 0.000504626 0.000128364 3.11421e-05 8.16203e-06 2.5677e-06 1.05334e-06 5.96349e-07 4.7923e-07 5.46196e-07 8.59044e-07 1.77458e-06 4.51154e-06 1.31131e-05 4.0413e-05 0.000122993 0.00034705 0.000860814 0.00179825 0.00307162 0.00424567 0.00481138 0.00461282 0.00387981 0.0029502 0.00206989 0.00135627 0.000834239 0.000480843 0.00025707 0.000124632 5.23293e-05 1.71175e-05 3.10663e-06 0 
0 0.000668593 0.00256993 0.0049739 0.00624458 0.0051772 0.002882 0.00116807 0.000390283 0.000122234 4.02121e-05 1.52714e-05 7.20143e-06 4.42983e-06 3.64168e-06 3.99789e-06 5.72377e-06 1.02403e-05 2.16388e-05 5.0654e-05 0.000122993 0.000291057 0.000635494 0.00122479 0.00202115 0.00282047 0.00335747 0.00349891 0.00328817 0.0028386 0.00225993 0.00165662 0.00111989 0.000701473 0.00040801 0.000219016 0.000106358 4.46843e-05 1.46201e-05 2.65357e-06 0 
0 0.000565455 0.00222393 0.0045515 0.00640515 0.0064126 0.00458449 0.00245252 0.0010791 0.000436461 0.000179872 8.22294e-05 4.4476e-05 2.97085e-05 2.50226e-05 2.65557e-05 3.47929e-05 5.42418e-05 9.58187e-05 0.000181354 0.00034705 0.000635494 0.0010613 0.00155808 0.00196953 0.00214903 0.00209138 0.00192408 0.00176616 0.00163247 0.00145686 0.00119005 0.000867449 0.00056673 0.000336299 0.000182048 8.86917e-05 3.73056e-05 1.22107e-05 2.21656e-06 0 
0 0.000466093 0.00186434 0.0039773 0.00611038 0.0071358 0.00635939 0.00441713 0.00254136 0.00132111 0.000678198 0.000370947 0.000228988 0.000165698 0.000143143 0.000147554 0.000178343 0.000244819 0.000365727 0.000565838 0.000860814 0.00122479 0.00155808 0.00170547 0.00156171 0.0011945 0.000812846 0.000572833 0.000494812 0.000541335 0.00064572 0.000691189 0.000603009 0.000432932 0.000267853 0.000147386 7.22281e-05 3.04411e-05 9.97027e-06 1.81022e-06 0 
0 0.000374423 0.00151494 0.00332483 0.00543135 0.00710357 0.00753806 0.00655172 0.00481854 0.0031781 0.00201433 0.00130864 0.000916938 0.000716916 0.000636004 0.000640327 0.000720926 0.000883058 0.00113359 0.00145953 0.00179825 0.00202115 0.00196953 0.00156171 0.000926676 0.000384995 0.000122934 4.52507e-05 3.29017e-05 5.46218e-05 0.000133456 0.000270689 0.00035158 0.000306204 0.000204956 0.000116032 5.74063e-05 2.42675e-05 7.9556e-06 1.44484e-06 0 
0 0.000293132 0.00119463 0.00266894 0.00453372 0.00639034 0.00766566 0.00790063 0.00711342 0.00578349 0.00444644 0.00339394 0.00268194 0.00226 0.00206237 0.00204066 0.00216382 0.00240306 0.00270778 0.00298052 0.00307162 0.00282047 0.00214903 0.0011945 0.000384995 5.53175e-05 3.91299e-06 3.59582e-07 1.78305e-07 7.29448e-07 8.10012e-06 5.93433e-05 0.000162711 0.000198157 0.000150409 8.88046e-05 4.45141e-05 1.88912e-05 6.20015e-06 1.12639e-06 0 
0 0.000223613 0.000915174 0.00206579 0.00358987 0.00529021 0.00684797 0.00790072 0.0082198 0.00785321 0.00707728 0.00620889 0.00546392 0.00493565 0.00463666 0.00453947 0.00459311 0.00471963 0.00480404 0.00469685 0.00424567 0.00335747 0.00209138 0.000812846 0.000122934 3.91299e-06 2.80558e-08 2.94263e-10 7.99551e-11 1.36376e-09 1.58844e-07 7.97792e-06 6.32933e-05 0.000120472 0.000106882 6.62509e-05 3.3685e-05 1.43532e-05 4.71607e-06 8.57044e-07 0 
0 0.000166125 0.000681465 0.00154679 0.00272081 0.00410681 0.00554459 0.00682733 0.00775987 0.00823903 0.00829723 0.00807119 0.00772512 0.0073871 0.00712436 0.00694536 0.00680954 0.00663659 0.0063186 0.00574085 0.00481138 0.00349891 0.00192408 0.000572833 4.52507e-05 3.59582e-07 2.94263e-10 3.82644e-13 5.79522e-14 3.8985e-12 4.2563e-09 1.28861e-06 2.66834e-05 7.46597e-05 7.52612e-05 4.84453e-05 2.48925e-05 1.06372e-05 3.49778e-06 6.35777e-07 0 
0 0.000120072 0.000493131 0.00112241 0.00198621 0.00303364 0.00418243 0.00532395 0.00634114 0.00713858 0.00767095 0.00795148 0.00803474 0.00798586 0.00785365 0.00765658 0.00738126 0.00698956 0.00643059 0.00565291 0.00461282 0.00328817 0.00176616 0.000494812 3.29017e-05 1.78305e-07 7.99551e-11 5.79522e-14 7.31294e-15 6.9328e-13 1.34567e-09 6.44178e-07 1.69275e-05 5.18807e-05 5.37959e-05 3.48965e-05 1.79665e-05 7.68137e-06 2.52615e-06 4.59183e-07 0 
0 8.43001e-05 0.000346412 0.000789491 0.00140094 0.00215127 0.00299434 0.00387014 0.0047116 0.0054555 0.00605447 0.00648475 0.00674551 0.00685053 0.0068171 0.00665733 0.00637475 0.00596557 0.00542188 0.00473258 0.00387981 0.0028386 0.00163247 0.000541335 5.46218e-05 7.29448e-07 1.36376e-09 3.8985e-12 6.9328e-13 2.42731e-11 9.72249e-09 1.32185e-06 1.77311e-05 4.14169e-05 3.92118e-05 2.47526e-05 1.26461e-05 5.3952e-06 1.77328e-06 3.22281e-07 0 
0 5.73569e-05 0.000235755 0.000537608 0.000955119 0.00147003 0.00205436 0.00267231 0.0032836 0.00384814 0.0043311 0.00470709 0.00496175 0.00509066 0.00509636 0.00498522 0.00476533 0.00444541 0.00403389 0.00353635 0.0029502 0.00225993 0.00145686 0.00064572 0.000133456 8.10012e-06 1.58844e-07 4.2563e-09 1.34567e-09 9.72249e-09 3.08964e-07 5.41828e-06 2.38774e-05 3.52515e-05 2.85273e-05 1.71643e-05 8.64881e-06 3.6756e-06 1.20679e-06 2.19262e-07 0 
0 3.76967e-05 0.000154963 0.000353458 0.000628263 0.000967854 0.00135472 0.00176664 0.00217862 0.00256525 0.00290325 0.00317371 0.00336347 0.00346559 0.00347883 0.00340675 0.00325654 0.00303791 0.00276162 0.00243725 0.00206989 0.00165662 0.00119005 0.000691189 0.000270689 5.93433e-05 7.97792e-06 1.28861e-06 6.44178e-07 1.32185e-06 5.41828e-06 1.74134e-05 2.94755e-05 2.87872e-05 2.00732e-05 1.15122e-05 5.71743e-06 2.41958e-06 7.93452e-07 1.44113e-07 0 
0 2.38236e-05 9.7938e-05 0.00022341 0.000397182 0.000612083 0.00085725 0.00111895 0.00138171 0.00162972 0.00184819 0.00202468 0.00215004 0.00221892 0.00222987 0.00218499 0.00208941 0.00195045 0.00177661 0.00157632 0.00135627 0.00111989 0.000867449 0.000603009 0.00035158 0.000162711 6.32933e-05 2.66834e-05 1.69275e-05 1.77311e-05 2.38774e-05 2.94755e-05 2.82373e-05 2.12069e-05 1.3356e-05 7.3948e-06 3.63116e-06 1.53133e-06 5.01644e-07 9.10847e-08 0 
0 1.43837e-05 5.91322e-05 0.000134894 0.000239834 0.000369646 0.000517817 0.000676115 0.000835273 0.000985782 0.00111871 0.00122644 0.00130329 0.00134583 0.00135305 0.00132621 0.00126856 0.00118486 0.00108073 0.000962071 0.000834239 0.000701473 0.00056673 0.000432932 0.000306204 0.000198157 0.000120472 7.46597e-05 5.18807e-05 4.14169e-05 3.52515e-05 2.87872e-05 2.12069e-05 1.39667e-05 8.3218e-06 4.51257e-06 2.19991e-06 9.25542e-07 3.02969e-07 5.4998e-08 0 
0 8.2172e-06 3.37815e-05 7.70642e-05 0.00013702 0.000211192 0.00029587 0.000386361 0.000477384 0.000563515 0.000639649 0.000701419 0.000745542 0.000770031 0.000774283 0.000759028 0.000726159 0.000678467 0.000619317 0.000552292 0.000480843 0.00040801 0.000336299 0.000267853 0.000204956 0.000150409 0.000106882 7.52612e-05 5.37959e-05 3.92118e-05 2.85273e-05 2.00732e-05 1.3356e-05 8.3218e-06 4.8331e-06 2.59347e-06 1.25937e-06 5.29107e-07 1.73118e-07 3.14215e-08 0 
0 4.37575e-06 1.79891e-05 4.10379e-05 7.29656e-05 0.000112466 0.000157563 0.00020576 0.000254249 0.00030014 0.000340715 0.000373647 0.000397181 0.000410255 0.000412544 0.00040444 0.000386958 0.000361605 0.000330204 0.000294716 0.00025707 0.000219016 0.000182048 0.000147386 0.000116032 8.88046e-05 6.62509e-05 4.84453e-05 3.48965e-05 2.47526e-05 1.71643e-05 1.15122e-05 7.3948e-06 4.51257e-06 2.59347e-06 1.38519e-06 6.71368e-07 2.81864e-07 9.21992e-08 1.67329e-08 0 
0 2.11793e-06 8.70701e-06 1.9863e-05 3.53167e-05 5.44359e-05 7.62643e-05 9.95944e-05 0.000123066 0.000145282 0.000164926 0.000180872 0.000192268 0.000198602 0.000199714 0.000195795 0.000187339 0.000175079 0.000159902 0.00014277 0.000124632 0.000106358 8.86917e-05 7.22281e-05 5.74063e-05 4.45141e-05 3.3685e-05 2.48925e-05 1.79665e-05 1.26461e-05 8.64881e-06 5.71743e-06 3.63116e-06 2.19991e-06 1.25937e-06 6.71368e-07 3.25126e-07 1.36454e-07 4.4629e-08 8.0992e-09 0 
0 8.88673e-07 3.65342e-06 8.33442e-06 1.48187e-05 2.28411e-05 3.20003e-05 4.17897e-05 5.16387e-05 6.09609e-05 6.92042e-05 7.58955e-05 8.06783e-05 8.33363e-05 8.38037e-05 8.21601e-05 7.86131e-05 7.34707e-05 6.71069e-05 5.99262e-05 5.23293e-05 4.46843e-05 3.73056e-05 3.04411e-05 2.42675e-05 1.88912e-05 1.43532e-05 1.06372e-05 7.68137e-06 5.3952e-06 3.6756e-06 2.41958e-06 1.53133e-06 9.25542e-07 5.29107e-07 2.81864e-07 1.36454e-07 5.72605e-08 1.87267e-08 3.39842e-09 0 
0 2.90623e-07 1.19478e-06 2.72561e-06 4.84618e-06 7.46975e-06 1.04651e-05 1.36666e-05 1.68875e-05 1.99362e-05 2.26321e-05 2.48204e-05 2.63846e-05 2.7254e-05 2.74069e-05 2.68695e-05 2.57097e-05 2.40282e-05 2.19476e-05 1.96003e-05 1.71175e-05 1.46201e-05 1.22107e-05 9.97027e-06 7.9556e-06 6.20015e-06 4.71607e-06 3.49778e-06 2.52615e-06 1.77328e-06 1.20679e-06 7.93452e-07 5.01644e-07 3.02969e-07 1.73118e-07 9.21992e-08 4.4629e-08 1.87267e-08 6.12432e-09 1.1114e-09 0 
0 5.27398e-08 2.16818e-07 4.94621e-07 8.79443e-07 1.35555e-06 1.89912e-06 2.48009e-06 3.0646e-06 3.61786e-06 4.10708e-06 4.50421e-06 4.78807e-06 4.94584e-06 4.97359e-06 4.87607e-06 4.66561e-06 4.36049e-06 3.98296e-06 3.55706e-06 3.10663e-06 2.65357e-06 2.21656e-06 1.81022e-06 1.44484e-06 1.12639e-06 8.57044e-07 6.35777e-07 4.59183e-07 3.22281e-07 2.19262e-07 1.44113e-07 9.10847e-08 5.4998e-08 3.14215e-08 1.67329e-08 8.0992e-09 3.39842e-09 1.1114e-09 2.01687e-10 0 
0 0 0 0 0 0 0 0 0 0 0 0 0 0 0 0 0 0 0 0 0 0 0 0 0 0 0 0 0 0 0 0 0 0 0 0 0 0 0 0 0 
