0 0 0 0 0 0 0 0 0 0 0 0 0 0 0 0 0 0 0 0 0 0 0 0 0 0 0 0 0 0 0 0 0 0 0 0 0 0 0 0 0 
0 1.31573e-05 5.11245e-05 0.000105409 0.000160184 0.000199596 0.000216396 0.000213347 0.000198193 0.000178533 0.000159574 0.000144082 0.000133157 0.000127022 0.000125548 0.000128511 0.000135653 0.000146599 0.000160684 0.000176746 0.000192971 0.000206905 0.000215733 0.000216862 0.000208657 0.000191089 0.000165943 0.000136417 0.0001062 7.84482e-05 5.51302e-05 3.69326e-05 2.3587e-05 1.43177e-05 8.20066e-06 4.37206e-06 2.11721e-06 8.88556e-07 2.90609e-07 5.27388e-08 0 
0 5.11245e-05 0.000183437 0.000325148 0.000389847 0.00035534 0.000268518 0.000181043 0.000115641 7.34883e-05 4.83864e-05 3.41156e-05 2.64039e-05 2.27868e-05 2.20638e-05 2.38964e-05 2.86266e-05 3.72664e-05 5.15696e-05 7.40389e-05 0.00010762 0.000154763 0.000215663 0.000286011 0.000355454 0.0004087 0.000430528 0.000413175 0.000361139 0.000288994 0.000213668 0.000147423 9.56433e-05 5.85076e-05 3.36295e-05 1.79562e-05 8.70082e-06 3.65244e-06 1.19466e-06 2.16811e-07 0 
0 0.000105409 0.000325148 0.00043484 0.000344985 0.000190351 8.30955e-05 3.17455e-05 1.15434e-05 4.3113e-06 1.7726e-06 8.51248e-07 4.99581e-07 3.68684e-07 3.45772e-07 4.09259e-07 5.97749e-07 1.04051e-06 2.06762e-06 4.47437e-06 1.00609e-05 2.25118e-05 4.83079e-05 9.65464e-05 0.000175768 0.000286563 0.000412334 0.00051692 0.00055987 0.000524477 0.000430477 0.000316084 0.000212033 0.00013184 7.63377e-05 4.0885e-05 1.9835e-05 8.33013e-06 2.72512e-06 4.94589e-07 0 
0 0.000160184 0.000389847 0.000344985 0.000157581 4.57293e-05 9.81026e-06 1.76335e-06 2.99833e-07 5.43838e-08 1.17727e-08 3.34941e-09 1.34805e-09 8.0374e-10 7.21763e-10 9.64317e-10 1.84568e-09 4.77489e-09 1.55398e-08 5.88174e-08 2.39377e-07 9.74298e-07 3.72789e-06 1.27785e-05 3.79588e-05 9.58128e-05 0.000203323 0.000359692 0.000524697 0.000625179 0.000610745 0.000500919 0.000357411 0.000229138 0.000134506 7.24475e-05 3.52241e-05 1.48049e-05 4.84462e-06 8.79347e-07 0 
0 0.000199596 0.00035534 0.000190351 4.57293e-05 6.18366e-06 5.57684e-07 3.95944e-08 2.63574e-09 1.96224e-10 1.9272e-11 2.87735e-12 7.27682e-13 3.33582e-13 2.83954e-13 4.40488e-13 1.1764e-12 4.95829e-12 2.96288e-11 2.23315e-10 1.88882e-09 1.60879e-08 1.2573e-07 8.37929e-07 4.52558e-06 1.92502e-05 6.39054e-05 0.000166035 0.000338605 0.000538892 0.000664162 0.000641158 0.000504357 0.000340041 0.000204236 0.00011105 5.41872e-05 2.28047e-05 7.46571e-06 1.3553e-06 0 
0 0.000216396 0.000268518 8.30955e-05 9.81026e-06 5.57684e-07 1.86736e-08 4.58593e-10 1.04678e-11 2.8223e-13 1.12519e-14 8.04429e-16 1.19549e-16 4.05575e-17 3.24726e-17 5.97654e-17 2.33778e-16 1.72181e-15 2.05898e-14 3.40444e-13 6.63144e-12 1.31174e-10 2.31833e-09 3.30766e-08 3.54556e-07 2.73895e-06 1.5046e-05 5.93351e-05 0.00017147 0.000368351 0.000586939 0.000692047 0.000621021 0.000450156 0.00027976 0.000154295 7.56976e-05 3.19187e-05 1.04562e-05 1.89859e-06 0 
0 0.000213347 0.000181043 3.17455e-05 1.76335e-06 3.95944e-08 4.58593e-10 3.61693e-12 2.62843e-14 2.39047e-16 3.65093e-18 1.56613e-19 4.6391e-20 3.58394e-20 3.37959e-20 3.61006e-20 5.67209e-20 3.48275e-19 8.0156e-18 3.07045e-16 1.45986e-14 7.10787e-13 3.00638e-11 9.69026e-10 2.16749e-08 3.18192e-07 3.00489e-06 1.84584e-05 7.62325e-05 0.000219708 0.000450448 0.000655801 0.000686053 0.00054492 0.000354328 0.000199232 9.84697e-05 4.16296e-05 1.36494e-05 2.47909e-06 0 
0 0.000198193 0.000115641 1.15434e-05 2.99833e-07 2.63574e-09 1.04678e-11 2.62843e-14 6.02357e-17 1.93873e-19 5.57179e-21 1.77728e-21 1.40341e-21 1.54281e-21 1.54371e-21 1.36376e-21 1.21626e-21 1.91676e-21 7.21577e-21 2.57933e-19 2.93269e-17 3.54028e-15 3.60646e-13 2.64223e-11 1.24114e-09 3.48709e-08 5.70478e-07 5.49291e-06 3.24154e-05 0.000123917 0.000320873 0.000570492 0.000698618 0.000614612 0.00042166 0.000242763 0.00012109 5.13596e-05 1.68578e-05 3.06289e-06 0 
0 0.000178533 7.34883e-05 4.3113e-06 5.43838e-08 1.96224e-10 2.8223e-13 2.39047e-16 1.93873e-19 1.30089e-21 2.13974e-22 1.49606e-22 1.58598e-22 1.91433e-22 1.95555e-22 1.63767e-22 1.25609e-22 1.23559e-22 1.52334e-22 9.12852e-22 8.14951e-20 2.25202e-17 5.28393e-15 8.4348e-13 8.01001e-11 4.16941e-09 1.15109e-07 1.70264e-06 1.41191e-05 7.02619e-05 0.000224297 0.000475806 0.000674354 0.000657192 0.00047736 0.000282103 0.000142172 6.05235e-05 1.98901e-05 3.61522e-06 0 
0 0.000159574 4.83864e-05 1.7726e-06 1.17727e-08 1.9272e-11 1.12519e-14 3.65093e-18 5.57179e-21 2.13974e-22 4.08364e-23 2.79701e-23 3.1045e-23 3.73826e-23 3.8243e-23 3.19265e-23 2.35586e-23 1.84008e-23 1.55607e-23 4.17968e-23 9.0928e-22 2.52078e-19 1.22695e-16 3.90934e-14 6.93137e-12 6.23604e-10 2.74109e-08 5.9442e-07 6.67849e-06 4.19808e-05 0.000160471 0.000394574 0.00063344 0.000677239 0.000519591 0.000315145 0.000160497 6.85823e-05 2.25668e-05 4.10338e-06 0 
0 0.000144082 3.41156e-05 8.51248e-07 3.34941e-09 2.87735e-12 8.04429e-16 1.56613e-19 1.77728e-21 1.49606e-22 2.79701e-23 1.06224e-23 8.44403e-24 9.12028e-24 9.11638e-24 7.63816e-24 5.59785e-24 4.04235e-24 3.56215e-24 9.7675e-24 1.04645e-22 8.04572e-21 5.6495e-18 3.16381e-15 9.33446e-13 1.31221e-10 8.43107e-09 2.4999e-07 3.60261e-06 2.74155e-05 0.000121142 0.000334352 0.000591808 0.00068247 0.000548761 0.000340604 0.000175116 7.50877e-05 2.47359e-05 4.49943e-06 0 
0 0.000133157 2.64039e-05 4.99581e-07 1.34805e-09 7.27682e-13 1.19549e-16 4.6391e-20 1.40341e-21 1.58598e-22 3.1045e-23 8.44403e-24 3.70666e-24 2.7881e-24 2.49254e-24 2.05101e-24 1.51734e-24 1.15942e-24 1.4621e-24 5.17186e-24 4.27043e-23 1.32767e-21 6.15693e-19 5.14596e-16 2.19143e-13 4.24882e-11 3.58887e-09 1.33358e-07 2.30061e-06 2.01009e-05 9.85387e-05 0.000294941 0.000558853 0.000680411 0.000566573 0.00035794 0.000185398 7.97134e-05 2.62838e-05 4.78238e-06 0 
0 0.000127022 2.27868e-05 3.68684e-07 8.0374e-10 3.33582e-13 4.05575e-17 3.58394e-20 1.54281e-21 1.91433e-22 3.73826e-23 9.12029e-24 2.7881e-24 1.24882e-24 8.21394e-25 6.15534e-25 4.70576e-25 4.64703e-25 9.78791e-25 4.15034e-24 3.09658e-23 6.5756e-22 1.77881e-19 1.83632e-16 9.62574e-14 2.2386e-11 2.2075e-09 9.321e-08 1.78058e-06 1.68241e-05 8.74471e-05 0.000273832 0.00053885 0.000676553 0.000574992 0.000367137 0.000191025 8.22711e-05 2.71426e-05 4.93956e-06 0 
0 0.000125548 2.20638e-05 3.45772e-07 7.21763e-10 2.83954e-13 3.24726e-17 3.37959e-20 1.54371e-21 1.95555e-22 3.8243e-23 9.11639e-24 2.49254e-24 8.21394e-25 3.67112e-25 2.24384e-25 1.86183e-25 2.81514e-25 8.51223e-25 3.89005e-24 2.85861e-23 5.69304e-22 1.3791e-19 1.48251e-16 8.10884e-14 1.95742e-11 1.99246e-09 8.63615e-08 1.68448e-06 1.6171e-05 8.50455e-05 0.000268729 0.000532984 0.00067382 0.000575507 0.000368472 0.000191956 8.27118e-05 2.72927e-05 4.96715e-06 0 
0 0.000128511 2.38964e-05 4.09259e-07 9.64317e-10 4.40488e-13 5.97654e-17 3.61006e-20 1.36376e-21 1.63768e-22 3.19265e-23 7.63816e-24 2.05101e-24 6.15534e-25 2.24384e-25 1.17286e-25 1.13325e-25 2.38688e-25 8.34237e-25 3.99984e-24 3.19068e-23 7.88771e-22 2.75009e-19 2.64063e-16 1.28408e-13 2.79656e-11 2.60794e-09 1.0515e-07 1.93562e-06 1.77699e-05 9.03664e-05 0.000278298 0.000540652 0.000672695 0.000568789 0.000362359 0.000188389 8.11166e-05 2.67602e-05 4.8699e-06 0 
0 0.000135653 2.86266e-05 5.97749e-07 1.84568e-09 1.1764e-12 2.33778e-16 5.67209e-20 1.21626e-21 1.25609e-22 2.35586e-23 5.59786e-24 1.51734e-24 4.70576e-25 1.86183e-25 1.13325e-25 1.26326e-25 2.71258e-25 9.47787e-25 4.87901e-24 4.79021e-23 2.13265e-21 1.32521e-18 9.62971e-16 3.60016e-13 6.22838e-11 4.77478e-09 1.63752e-07 2.6488e-06 2.2012e-05 0.000103871 0.000302003 0.0005598 0.000671502 0.000554707 0.000349287 0.00018072 7.76794e-05 2.56116e-05 4.66005e-06 0 
0 0.000146599 3.72664e-05 1.04051e-06 4.77489e-09 4.95829e-12 1.72181e-15 3.48275e-19 1.91676e-21 1.23559e-22 1.84008e-23 4.04235e-24 1.15942e-24 4.64703e-25 2.81514e-25 2.38687e-25 2.71258e-25 4.72308e-25 1.4659e-24 8.80239e-24 1.43062e-22 1.96836e-20 1.3507e-17 6.41354e-15 1.63032e-12 2.01131e-10 1.15622e-08 3.1265e-07 4.18379e-06 3.00489e-05 0.000127049 0.000339229 0.000586421 0.000666689 0.000532588 0.000329855 0.000169511 7.26838e-05 2.39452e-05 4.35577e-06 0 
0 0.000160684 5.15696e-05 2.06762e-06 1.55398e-08 2.96288e-11 2.05898e-14 8.0156e-18 7.21577e-21 1.52334e-22 1.55607e-23 3.56215e-24 1.4621e-24 9.7879e-25 8.51222e-25 8.34236e-25 9.47786e-25 1.4659e-24 4.08051e-24 3.24358e-23 1.57594e-21 5.71908e-19 2.43064e-16 6.7731e-14 1.06363e-11 8.59792e-10 3.44772e-08 6.92604e-07 7.31539e-06 4.3814e-05 0.000161501 0.000387297 0.000613372 0.000653185 0.000501626 0.000304837 0.000155459 6.64766e-05 2.18808e-05 3.97913e-06 0 
0 0.000176746 7.40389e-05 4.47437e-06 5.88174e-08 2.23315e-10 3.40444e-13 3.07045e-16 2.57933e-19 9.12852e-22 4.17968e-23 9.7675e-24 5.17186e-24 4.15034e-24 3.89005e-24 3.99984e-24 4.879e-24 8.80239e-24 3.24358e-23 6.7298e-22 1.06841e-19 2.86335e-17 6.38385e-15 9.70418e-13 8.79592e-11 4.38215e-09 1.16239e-07 1.66081e-06 1.33916e-05 6.52831e-05 0.000206026 0.000437494 0.000628839 0.000625003 0.000461336 0.000275242 0.000139353 5.94384e-05 1.95481e-05 3.55404e-06 0 
0 0.000192971 0.00010762 1.00609e-05 2.39377e-07 1.88882e-09 6.63144e-12 1.45986e-14 2.93269e-17 8.14951e-20 9.0928e-22 1.04645e-22 4.27043e-23 3.09657e-23 2.85861e-23 3.19068e-23 4.79021e-23 1.43062e-22 1.57594e-21 1.06841e-19 1.36086e-17 1.81203e-15 2.02423e-13 1.6069e-11 8.04118e-10 2.36183e-08 3.97534e-07 3.90465e-06 2.35056e-05 9.22782e-05 0.000248611 0.000468468 0.000615398 0.000576249 0.000411926 0.000242311 0.000122026 5.1954e-05 1.7077e-05 3.10426e-06 0 
0 0.000206905 0.000154763 2.25118e-05 9.74298e-07 1.60879e-08 1.31174e-10 7.10787e-13 3.54028e-15 2.25202e-17 2.52078e-19 8.04572e-21 1.32767e-21 6.5756e-22 5.69304e-22 7.88771e-22 2.13265e-21 1.96836e-20 5.71908e-19 2.86335e-17 1.81203e-15 1.17291e-13 6.47115e-12 2.62176e-10 6.99034e-09 1.15169e-07 1.16169e-06 7.48238e-06 3.30032e-05 0.000105842 0.000252431 0.000441094 0.000552061 0.000502626 0.000354525 0.000207463 0.000104299 4.43852e-05 1.45875e-05 2.65165e-06 0 
0 0.000215733 0.000215663 4.83079e-05 3.72789e-06 1.2573e-07 2.31833e-09 3.00638e-11 3.60646e-13 5.28393e-15 1.22695e-16 5.6495e-18 6.15693e-19 1.77881e-19 1.3791e-19 2.75009e-19 1.32521e-18 1.3507e-17 2.43064e-16 6.38385e-15 2.02423e-13 6.47115e-12 1.77003e-10 3.58621e-09 4.78794e-08 3.93975e-07 2.04268e-06 7.57515e-06 2.3692e-05 6.76742e-05 0.000166992 0.000316448 0.000424531 0.000403728 0.000291288 0.000172202 8.69273e-05 3.70487e-05 1.21827e-05 2.21491e-06 0 
0 0.000216862 0.000286011 9.65464e-05 1.27785e-05 8.37929e-07 3.30766e-08 9.69026e-10 2.64223e-11 8.4348e-13 3.90934e-14 3.16381e-15 5.14596e-16 1.83632e-16 1.48251e-16 2.64063e-16 9.62971e-16 6.41354e-15 6.7731e-14 9.70418e-13 1.6069e-11 2.62176e-10 3.58621e-09 3.46163e-08 1.97118e-07 5.85967e-07 9.89678e-07 1.41536e-06 2.8667e-06 9.80388e-06 4.09309e-05 0.00013069 0.000249536 0.000286897 0.000225647 0.000138067 7.05672e-05 3.02018e-05 9.9445e-06 1.80873e-06 0 
0 0.000208657 0.000355454 0.000175768 3.79588e-05 4.52558e-06 3.54556e-07 2.16749e-08 1.24114e-09 8.01001e-11 6.93137e-12 9.33446e-13 2.19143e-13 9.62574e-14 8.10884e-14 1.28408e-13 3.60016e-13 1.63032e-12 1.06363e-11 8.79592e-11 8.04118e-10 6.99034e-09 4.78794e-08 1.97118e-07 3.34656e-07 1.67675e-07 2.96259e-08 5.7445e-09 5.84752e-09 5.1456e-08 1.2531e-06 1.90722e-05 9.43614e-05 0.000171534 0.000162761 0.000106627 5.57557e-05 2.40346e-05 7.93106e-06 1.44344e-06 0 
0 0.000191089 0.0004087 0.000286563 9.58128e-05 1.92502e-05 2.73895e-06 3.18192e-07 3.48709e-08 4.16941e-09 6.23604e-10 1.31221e-10 4.24882e-11 2.2386e-11 1.95742e-11 2.79656e-11 6.22838e-11 2.01131e-10 8.59792e-10 4.38215e-09 2.36183e-08 1.15169e-07 3.93975e-07 5.85967e-07 1.67675e-07 3.85866e-09 9.2257e-12 2.91635e-14 7.9382e-15 9.61692e-13 1.30619e-09 5.80729e-07 1.97803e-05 8.39513e-05 0.000109149 7.94084e-05 4.28929e-05 1.86681e-05 6.17719e-06 1.12511e-06 0 
0 0.000165943 0.000430528 0.000412334 0.000203323 6.39054e-05 1.5046e-05 3.00489e-06 5.70478e-07 1.15109e-07 2.74109e-08 8.43107e-09 3.58887e-09 2.2075e-09 1.99246e-09 2.60794e-09 4.77478e-09 1.15622e-08 3.44772e-08 1.16239e-07 3.97534e-07 1.16169e-06 2.04268e-06 9.89678e-07 2.96259e-08 9.2257e-12 4.76977e-16 2.16731e-15 1.67495e-15 1.36896e-14 5.97206e-14 4.59251e-09 2.64537e-06 3.60682e-05 6.99523e-05 5.7541e-05 3.22009e-05 1.41535e-05 4.69594e-06 8.5594e-07 0 
0 0.000136417 0.000413175 0.00051692 0.000359692 0.000166035 5.93351e-05 1.84584e-05 5.49291e-06 1.70264e-06 5.9442e-07 2.4999e-07 1.33358e-07 9.321e-08 8.63615e-08 1.0515e-07 1.63752e-07 3.1265e-07 6.92604e-07 1.66081e-06 3.90465e-06 7.48238e-06 7.57515e-06 1.41536e-06 5.7445e-09 2.91635e-14 2.16731e-15 7.92791e-16 1.11416e-15 4.46261e-15 5.37036e-14 5.77309e-11 4.45388e-07 1.69082e-05 4.56224e-05 4.12467e-05 2.36763e-05 1.04759e-05 3.48176e-06 6.34909e-07 0 
0 0.0001062 0.000361139 0.00055987 0.000524697 0.000338605 0.00017147 7.62325e-05 3.24154e-05 1.41191e-05 6.67849e-06 3.60261e-06 2.30061e-06 1.78058e-06 1.68448e-06 1.93562e-06 2.6488e-06 4.18379e-06 7.31539e-06 1.33916e-05 2.35056e-05 3.30032e-05 2.3692e-05 2.8667e-06 5.84752e-09 7.9382e-15 1.67495e-15 1.11416e-15 3.25751e-15 1.37018e-14 1.97112e-13 1.53791e-11 2.31841e-07 1.12043e-05 3.23609e-05 2.97034e-05 1.70959e-05 7.56674e-06 2.51482e-06 4.58571e-07 0 
0 7.84482e-05 0.000288994 0.000524477 0.000625179 0.000538892 0.000368351 0.000219708 0.000123917 7.02619e-05 4.19808e-05 2.74155e-05 2.01009e-05 1.68241e-05 1.6171e-05 1.77699e-05 2.2012e-05 3.00489e-05 4.3814e-05 6.52831e-05 9.22782e-05 0.000105842 6.76742e-05 9.80388e-06 5.1456e-08 9.61692e-13 1.36896e-14 4.46261e-15 1.37018e-14 2.66172e-15 1.91376e-15 2.05861e-10 4.86492e-07 1.12658e-05 2.53473e-05 2.1529e-05 1.21096e-05 5.32437e-06 1.76624e-06 3.21899e-07 0 
0 5.51302e-05 0.000213668 0.000430477 0.000610745 0.000664162 0.000586939 0.000450448 0.000320873 0.000224297 0.000160471 0.000121142 9.85387e-05 8.74471e-05 8.50455e-05 9.03664e-05 0.000103871 0.000127049 0.000161501 0.000206026 0.000248611 0.000252431 0.000166992 4.09309e-05 1.2531e-06 1.30619e-09 5.97205e-14 5.37036e-14 1.97112e-13 1.91376e-15 4.01792e-12 1.79551e-08 2.10207e-06 1.41378e-05 2.07829e-05 1.54647e-05 8.3664e-06 3.63781e-06 1.20298e-06 2.19052e-07 0 
0 3.69326e-05 0.000147423 0.000316084 0.000500919 0.000641158 0.000692047 0.000655801 0.000570492 0.000475806 0.000394574 0.000334352 0.000294941 0.000273832 0.000268729 0.000278298 0.000302003 0.000339229 0.000387297 0.000437494 0.000468468 0.000441094 0.000316448 0.00013069 1.90722e-05 5.80729e-07 4.59251e-09 5.77309e-11 1.53791e-11 2.05861e-10 1.79551e-08 8.45636e-07 7.57921e-06 1.67826e-05 1.64861e-05 1.07578e-05 5.59066e-06 2.4022e-06 7.91652e-07 1.44012e-07 0 
0 2.3587e-05 9.56433e-05 0.000212033 0.000357411 0.000504357 0.000621021 0.000686053 0.000698618 0.000674354 0.00063344 0.000591808 0.000558853 0.00053885 0.000532984 0.000540652 0.0005598 0.000586421 0.000613372 0.000628839 0.000615398 0.000552061 0.000424531 0.000249536 9.43614e-05 1.97803e-05 2.64537e-06 4.45388e-07 2.31841e-07 4.86492e-07 2.10207e-06 7.57921e-06 1.47487e-05 1.61019e-05 1.20027e-05 7.11295e-06 3.58252e-06 1.52442e-06 5.00904e-07 9.10417e-08 0 
0 1.43177e-05 5.85076e-05 0.00013184 0.000229138 0.000340041 0.000450156 0.00054492 0.000614612 0.000657192 0.000677239 0.00068247 0.000680411 0.000676553 0.00067382 0.000672695 0.000671502 0.000666689 0.000653185 0.000625003 0.000576249 0.000502626 0.000403728 0.000286897 0.000171534 8.39513e-05 3.60682e-05 1.69082e-05 1.12043e-05 1.12658e-05 1.41378e-05 1.67826e-05 1.61019e-05 1.2326e-05 7.90204e-06 4.42327e-06 2.18387e-06 9.23167e-07 3.02704e-07 5.49821e-08 0 
0 8.20066e-06 3.36295e-05 7.63377e-05 0.000134506 0.000204236 0.00027976 0.000354328 0.00042166 0.00047736 0.000519591 0.000548761 0.000566573 0.000574992 0.000575507 0.000568789 0.000554707 0.000532588 0.000501626 0.000461336 0.000411926 0.000354525 0.000291288 0.000225647 0.000162761 0.000109149 6.99523e-05 4.56224e-05 3.23609e-05 2.53473e-05 2.07829e-05 1.64861e-05 1.20027e-05 7.90204e-06 4.72385e-06 2.56926e-06 1.25481e-06 5.28399e-07 1.73036e-07 3.14163e-08 0 
0 4.37206e-06 1.79562e-05 4.0885e-05 7.24475e-05 0.00011105 0.000154295 0.000199232 0.000242763 0.000282103 0.000315145 0.000340604 0.00035794 0.000367137 0.000368472 0.000362359 0.000349287 0.000329855 0.000304837 0.000275242 0.000242311 0.000207463 0.000172202 0.000138067 0.000106627 7.94084e-05 5.7541e-05 4.12467e-05 2.97034e-05 2.1529e-05 1.54647e-05 1.07578e-05 7.11295e-06 4.42327e-06 2.56926e-06 1.37955e-06 6.70249e-07 2.81681e-07 9.2177e-08 1.67315e-08 0 
0 2.11721e-06 8.70082e-06 1.9835e-05 3.52241e-05 5.41872e-05 7.56976e-05 9.84697e-05 0.00012109 0.000142172 0.000160497 0.000175116 0.000185398 0.000191025 0.000191956 0.000188389 0.00018072 0.000169511 0.000155459 0.000139353 0.000122026 0.000104299 8.69273e-05 7.05672e-05 5.57557e-05 4.28929e-05 3.22009e-05 2.36763e-05 1.70959e-05 1.21096e-05 8.3664e-06 5.59066e-06 3.58252e-06 2.18387e-06 1.25481e-06 6.70249e-07 3.24892e-07 1.36414e-07 4.46239e-08 8.09885e-09 0 
0 8.88556e-07 3.65244e-06 8.33013e-06 1.48049e-05 2.28047e-05 3.19187e-05 4.16296e-05 5.13596e-05 6.05235e-05 6.85823e-05 7.50877e-05 7.97134e-05 8.22711e-05 8.27118e-05 8.11166e-05 7.76794e-05 7.26838e-05 6.64766e-05 5.94384e-05 5.1954e-05 4.43852e-05 3.70487e-05 3.02018e-05 2.40346e-05 1.86681e-05 1.41535e-05 1.04759e-05 7.56674e-06 5.32437e-06 3.63781e-06 2.4022e-06 1.52442e-06 9.23167e-07 5.28399e-07 2.81681e-07 1.36414e-07 5.72533e-08 1.87258e-08 3.39836e-09 0 
0 2.90609e-07 1.19466e-06 2.72512e-06 4.84462e-06 7.46571e-06 1.04562e-05 1.36494e-05 1.68578e-05 1.98901e-05 2.25668e-05 2.47359e-05 2.62838e-05 2.71426e-05 2.72927e-05 2.67602e-05 2.56116e-05 2.39452e-05 2.18808e-05 1.95481e-05 1.7077e-05 1.45875e-05 1.21827e-05 9.9445e-06 7.93106e-06 6.17719e-06 4.69594e-06 3.48176e-06 2.51482e-06 1.76624e-06 1.20298e-06 7.91652e-07 5.00904e-07 3.02704e-07 1.73036e-07 9.2177e-08 4.46239e-08 1.87258e-08 6.12418e-09 1.11139e-09 0 
0 5.27388e-08 2.16811e-07 4.94589e-07 8.79347e-07 1.3553e-06 1.89859e-06 2.47909e-06 3.06289e-06 3.61522e-06 4.10338e-06 4.49943e-06 4.78238e-06 4.93956e-06 4.96715e-06 4.8699e-06 4.66005e-06 4.35577e-06 3.97913e-06 3.55404e-06 3.10426e-06 2.65165e-06 2.21491e-06 1.80873e-06 1.44344e-06 1.12511e-06 8.5594e-07 6.34909e-07 4.58571e-07 3.21899e-07 2.19052e-07 1.44012e-07 9.10417e-08 5.49821e-08 3.14163e-08 1.67315e-08 8.09885e-09 3.39836e-09 1.11139e-09 2.01686e-10 0 
0 0 0 0 0 0 0 0 0 0 0 0 0 0 0 0 0 0 0 0 0 0 0 0 0 0 0 0 0 0 0 0 0 0 0 0 0 0 0 0 0 
