0 0 0 0 0 0 0 0 0 0 0 0 0 0 0 0 0 0 0 0 0 0 0 0 0 0 0 0 0 0 0 0 0 0 0 0 0 0 0 0 0 
0 1.31479e-05 5.10469e-05 0.000105111 0.000159457 0.000198319 0.000214635 0.000211294 0.000196041 0.000176415 0.000157553 0.000142169 0.000131333 0.000125253 0.000123795 0.000126736 0.000133822 0.000144689 0.000158684 0.000174666 0.000190846 0.000204796 0.000213728 0.000215058 0.000207144 0.000189923 0.000165129 0.000135909 0.000105919 7.8311e-05 5.50712e-05 3.69102e-05 2.35795e-05 1.43155e-05 8.20007e-06 4.37193e-06 2.11719e-06 8.88551e-07 2.90608e-07 5.27388e-08 0 
0 5.10469e-05 0.000182807 0.000323015 0.000385772 0.000350279 0.000263849 0.000177442 0.000113101 7.17427e-05 4.71626e-05 3.32102e-05 2.56795e-05 2.21505e-05 2.14459e-05 2.32349e-05 2.78536e-05 3.62963e-05 5.02881e-05 7.22958e-05 0.000105234 0.000151549 0.000211496 0.000280929 0.000349762 0.000402991 0.000425523 0.000409418 0.000358756 0.000287722 0.000213094 0.000147202 9.55693e-05 5.8486e-05 3.3624e-05 1.7955e-05 8.70058e-06 3.6524e-06 1.19466e-06 2.1681e-07 0 
0 0.000105111 0.000323015 0.00042951 0.000338677 0.000185922 8.08256e-05 3.07605e-05 1.11433e-05 4.14692e-06 1.69949e-06 8.13954e-07 4.76772e-07 3.51471e-07 3.29569e-07 3.90344e-07 5.70949e-07 9.95927e-07 1.98403e-06 4.30549e-06 9.70886e-06 2.17837e-05 4.68629e-05 9.38685e-05 0.000171249 0.000279812 0.00040371 0.000507858 0.000552292 0.000519516 0.000427921 0.000315024 0.000211669 0.000131734 7.63109e-05 4.08791e-05 1.98339e-05 8.32996e-06 2.7251e-06 4.94588e-07 0 
0 0.000159457 0.000385772 0.000338677 0.000153586 4.42946e-05 9.44414e-06 1.68653e-06 2.84871e-07 5.1341e-08 1.10508e-08 3.12937e-09 1.25526e-09 7.47012e-10 6.70596e-10 8.96993e-10 1.72111e-09 4.46867e-09 1.46075e-08 5.55622e-08 2.27291e-07 9.29775e-07 3.57414e-06 1.23013e-05 3.66636e-05 9.27947e-05 0.000197413 0.000350295 0.000513154 0.000614731 0.000603913 0.000497628 0.000356189 0.00022877 0.000134413 7.24275e-05 3.52204e-05 1.48043e-05 4.84455e-06 8.79343e-07 0 
0 0.000198319 0.000350279 0.000185922 4.42946e-05 5.93885e-06 5.30573e-07 3.72891e-08 2.45686e-09 1.81124e-10 1.76347e-11 2.61417e-12 6.57724e-13 3.00637e-13 2.55776e-13 3.97482e-13 1.06562e-12 4.51616e-12 2.71694e-11 2.06328e-10 1.75899e-09 1.51004e-08 1.18895e-07 7.97703e-07 4.33279e-06 1.85124e-05 6.16615e-05 0.000160653 0.000328729 0.000525815 0.000652361 0.000633997 0.000501305 0.000339059 0.000203983 0.000110995 5.41773e-05 2.28032e-05 7.46554e-06 1.35529e-06 0 
0 0.000214635 0.000263849 8.08256e-05 9.44414e-06 5.30573e-07 1.75303e-08 4.24418e-10 9.54958e-12 2.53981e-13 1.00028e-14 7.07928e-16 1.04426e-16 3.5279e-17 2.82252e-17 5.20784e-17 2.04847e-16 1.52071e-15 1.83593e-14 3.0679e-13 6.04226e-12 1.20844e-10 2.15841e-09 3.10941e-08 3.3613e-07 2.61461e-06 1.44381e-05 5.71477e-05 0.000165646 0.000357239 0.000572755 0.000680602 0.000615111 0.000448045 0.00027919 0.00015417 7.5675e-05 3.19153e-05 1.04558e-05 1.89857e-06 0 
0 0.000211294 0.000177442 3.07605e-05 1.68653e-06 3.72891e-08 4.24418e-10 3.28577e-12 2.34351e-14 2.0935e-16 3.15296e-18 1.43282e-19 5.00708e-20 4.13986e-20 3.94237e-20 4.07625e-20 5.7125e-20 3.05372e-19 6.93947e-18 2.69424e-16 1.29971e-14 6.41985e-13 2.75306e-11 8.98752e-10 2.03316e-08 3.01334e-07 2.86716e-06 1.77074e-05 7.3399e-05 0.000212238 0.000437314 0.000641568 0.000676855 0.000541154 0.000353239 0.000198989 9.84255e-05 4.16231e-05 1.36487e-05 2.47905e-06 0 
0 0.000196041 0.000113101 1.11433e-05 2.84871e-07 2.45686e-09 9.54958e-12 2.34351e-14 5.2473e-17 1.67785e-19 5.81196e-21 2.10343e-21 1.83768e-21 2.07757e-21 2.08698e-21 1.82589e-21 1.53794e-21 2.17462e-21 7.08652e-21 2.22122e-19 2.55084e-17 3.13488e-15 3.24838e-13 2.41771e-11 1.15179e-09 3.27546e-08 5.41142e-07 5.24881e-06 3.11282e-05 0.000119408 0.000310448 0.000555705 0.000686607 0.000608878 0.00041986 0.000242346 0.000121014 5.13484e-05 1.68566e-05 3.06282e-06 0 
0 0.000176415 7.17427e-05 4.14692e-06 5.1341e-08 1.81124e-10 2.53981e-13 2.0935e-16 1.67785e-19 1.36804e-21 2.72112e-22 1.99543e-22 2.27077e-22 2.80012e-22 2.86947e-22 2.38863e-22 1.75665e-22 1.61098e-22 1.87364e-22 8.98563e-22 6.99691e-20 1.95705e-17 4.68566e-15 7.62038e-13 7.35834e-11 3.88588e-09 1.08568e-07 1.62074e-06 1.35262e-05 6.75897e-05 0.000216549 0.00046203 0.000660571 0.000649519 0.000474728 0.000281468 0.000142054 6.05062e-05 1.98882e-05 3.61512e-06 0 
0 0.000157553 4.71626e-05 1.69949e-06 1.10508e-08 1.76347e-11 1.00028e-14 3.15296e-18 5.81196e-21 2.72112e-22 5.77298e-23 4.05933e-23 4.69206e-23 5.74489e-23 5.89473e-23 4.89524e-23 3.50914e-23 2.63125e-23 2.13101e-23 4.95267e-23 8.65334e-22 2.16148e-19 1.07313e-16 3.49254e-14 6.31085e-12 5.77195e-10 2.57217e-08 5.63848e-07 6.38434e-06 4.03323e-05 0.000154729 0.000382365 0.000618909 0.00066795 0.000516122 0.000314271 0.000160331 6.85581e-05 2.25642e-05 4.10323e-06 0 
0 0.000142169 3.32102e-05 8.13954e-07 3.12937e-09 2.61417e-12 7.07928e-16 1.43282e-19 2.10343e-21 1.99543e-22 4.05933e-23 1.62325e-23 1.33149e-23 1.45653e-23 1.45918e-23 1.21674e-23 8.7426e-24 6.14136e-24 5.13114e-24 1.23501e-23 1.14303e-22 7.1725e-21 4.88684e-18 2.80108e-15 8.43798e-13 1.20781e-10 7.87878e-09 2.36452e-07 3.43783e-06 2.63134e-05 0.000116719 0.000323605 0.000577201 0.000672024 0.000544564 0.000339507 0.000174905 7.50565e-05 2.47325e-05 4.49924e-06 0 
0 0.000131333 2.56795e-05 4.76772e-07 1.25526e-09 6.57724e-13 1.04426e-16 5.00708e-20 1.83768e-21 2.27077e-22 4.69207e-23 1.33149e-23 6.04059e-24 4.60949e-24 4.12726e-24 3.38026e-24 2.46368e-24 1.82816e-24 2.13157e-24 6.82232e-24 5.08042e-23 1.31067e-21 5.29396e-19 4.52696e-16 1.971e-13 3.89554e-11 3.34405e-09 1.25881e-07 2.19265e-06 1.92805e-05 9.49035e-05 0.000285275 0.000544466 0.000669265 0.000561843 0.000356666 0.00018515 7.96766e-05 2.62798e-05 4.78216e-06 0 
0 0.000125253 2.21505e-05 3.51471e-07 7.47012e-10 3.00637e-13 3.5279e-17 4.13986e-20 2.07757e-21 2.80012e-22 5.7449e-23 1.45653e-23 4.60949e-24 2.11855e-24 1.40448e-24 1.04783e-24 7.86572e-25 7.36502e-25 1.41568e-24 5.56681e-24 3.78647e-23 6.83194e-22 1.53096e-19 1.60992e-16 8.63445e-14 2.04828e-11 2.05383e-09 8.78941e-08 1.69601e-06 1.61334e-05 8.42135e-05 0.000264801 0.000524721 0.000665096 0.000569971 0.00036576 0.000190755 8.22308e-05 2.71383e-05 4.93931e-06 0 
0 0.000123795 2.14459e-05 3.29569e-07 6.70596e-10 2.55776e-13 2.82252e-17 3.94237e-20 2.08698e-21 2.86947e-22 5.89473e-23 1.45918e-23 4.12726e-24 1.40448e-24 6.41485e-25 3.91862e-25 3.13495e-25 4.3563e-25 1.21814e-24 5.22682e-24 3.50941e-23 5.96446e-22 1.18845e-19 1.2993e-16 7.27226e-14 1.79081e-11 1.85369e-09 8.14395e-08 1.60465e-06 1.55098e-05 8.19174e-05 0.000259906 0.000519029 0.000662379 0.000570449 0.000367078 0.000191682 8.26709e-05 2.72883e-05 4.9669e-06 0 
0 0.000126736 2.32349e-05 3.90344e-07 8.96993e-10 3.97482e-13 5.20784e-17 4.07625e-20 1.82589e-21 2.38863e-22 4.89524e-23 1.21674e-23 3.38026e-24 1.04783e-24 3.91862e-25 2.04182e-25 1.85551e-25 3.58756e-25 1.1786e-24 5.32372e-24 3.87265e-23 8.04508e-22 2.3664e-19 2.32048e-16 1.15411e-13 2.56303e-11 2.42972e-09 9.92657e-08 1.84543e-06 1.7054e-05 8.70869e-05 0.000269299 0.00052678 0.00066157 0.000563941 0.000361032 0.000188128 8.10778e-05 2.6756e-05 4.86966e-06 0 
0 0.000133822 2.78536e-05 5.70949e-07 1.72111e-09 1.06562e-12 2.04847e-16 5.7125e-20 1.53794e-21 1.75665e-22 3.50914e-23 8.7426e-24 2.46368e-24 7.86572e-25 3.13495e-25 1.85551e-25 1.95793e-25 3.96399e-25 1.30688e-24 6.26948e-24 5.53137e-23 2.01533e-21 1.14358e-18 8.50769e-16 3.24985e-13 5.72819e-11 4.46068e-09 1.54911e-07 2.52924e-06 2.11482e-05 0.000100187 0.000292505 0.000546013 0.000661003 0.000550288 0.000348099 0.000180488 7.76449e-05 2.56079e-05 4.65984e-06 0 
0 0.000144689 3.62963e-05 9.95927e-07 4.46867e-09 4.51616e-12 1.52071e-15 3.05372e-19 2.17462e-21 1.61098e-22 2.63125e-23 6.14136e-24 1.82816e-24 7.36502e-25 4.3563e-25 3.58756e-25 3.96399e-25 6.67588e-25 1.95617e-24 1.07113e-23 1.48854e-22 1.71129e-20 1.17563e-17 5.7096e-15 1.48082e-12 1.85902e-10 1.0844e-08 2.96658e-07 4.00371e-06 2.89151e-05 0.000122703 0.00032903 0.000572902 0.000657155 0.000528772 0.000328855 0.000169318 7.26551e-05 2.39421e-05 4.35559e-06 0 
0 0.000158684 5.02881e-05 1.98403e-06 1.46075e-08 2.71694e-11 1.83593e-14 6.93947e-18 7.08652e-21 1.87364e-22 2.13101e-23 5.13114e-24 2.13157e-24 1.41568e-24 1.21814e-24 1.1786e-24 1.30688e-24 1.95617e-24 5.05422e-24 3.55426e-23 1.42718e-21 4.92778e-19 2.13973e-16 6.08643e-14 9.73543e-12 7.99638e-10 3.24952e-08 6.5968e-07 7.02048e-06 4.22519e-05 0.000156275 0.000376447 0.000600561 0.00064496 0.000498523 0.000304047 0.000155308 6.64543e-05 2.18783e-05 3.97899e-06 0 
0 0.000174666 7.22958e-05 4.30549e-06 5.55622e-08 2.06328e-10 3.0679e-13 2.69424e-16 2.22122e-19 8.98563e-22 4.95267e-23 1.23501e-23 6.82232e-24 5.56681e-24 5.22682e-24 5.32371e-24 6.26948e-24 1.07113e-23 3.55426e-23 6.17367e-22 9.17376e-20 2.50232e-17 5.69171e-15 8.81325e-13 8.12176e-11 4.10481e-09 1.10188e-07 1.58905e-06 1.28975e-05 6.31393e-05 0.000199912 0.000426499 0.000617438 0.000618372 0.000458976 0.000274657 0.000139242 5.9422e-05 1.95464e-05 3.55394e-06 0 
0 0.000190846 0.000105234 9.70886e-06 2.27291e-07 1.75899e-09 6.04226e-12 1.29971e-14 2.55084e-17 6.99691e-20 8.65334e-22 1.14303e-22 5.08042e-23 3.78647e-23 3.50941e-23 3.87265e-23 5.53137e-23 1.48854e-22 1.42718e-21 9.17376e-20 1.18628e-17 1.60886e-15 1.82917e-13 1.47597e-11 7.49523e-10 2.22963e-08 3.79242e-07 3.7553e-06 2.27358e-05 8.95931e-05 0.000242163 0.000458453 0.000606204 0.000571334 0.000410255 0.000241905 0.000121949 5.19426e-05 1.70758e-05 3.10419e-06 0 
0 0.000204796 0.000151549 2.17837e-05 9.29775e-07 1.51004e-08 1.20844e-10 6.41985e-13 3.13488e-15 1.95705e-17 2.16148e-19 7.1725e-21 1.31067e-21 6.83194e-22 5.96446e-22 8.04508e-22 2.01533e-21 1.71129e-20 4.92778e-19 2.50232e-17 1.60886e-15 1.05805e-13 5.92749e-12 2.43602e-10 6.57889e-09 1.09592e-07 1.11548e-06 7.23515e-06 3.20746e-05 0.000103238 0.000247038 0.000433543 0.000545604 0.000499311 0.000353418 0.000207195 0.000104248 4.43776e-05 1.45867e-05 2.6516e-06 0 
0 0.000213728 0.000211496 4.68629e-05 3.57414e-06 1.18895e-07 2.15841e-09 2.75306e-11 3.24838e-13 4.68566e-15 1.07313e-16 4.88684e-18 5.29396e-19 1.53096e-19 1.18845e-19 2.3664e-19 1.14358e-18 1.17563e-17 2.13973e-16 5.69171e-15 1.82917e-13 5.92749e-12 1.64284e-10 3.36959e-09 4.54793e-08 3.77652e-07 1.97228e-06 7.35531e-06 2.31082e-05 6.62615e-05 0.000164102 0.000312212 0.000420702 0.000401678 0.000290584 0.000172029 8.68942e-05 3.70437e-05 1.21822e-05 2.21488e-06 0 
0 0.000215058 0.000280929 9.38685e-05 1.23013e-05 7.97703e-07 3.10941e-08 8.98752e-10 2.41771e-11 7.62038e-13 3.49254e-14 2.80108e-15 4.52696e-16 1.60992e-16 1.2993e-16 2.32048e-16 8.50769e-16 5.7096e-15 6.08643e-14 8.81325e-13 1.47597e-11 2.43602e-10 3.36959e-09 3.2859e-08 1.88711e-07 5.64459e-07 9.57081e-07 1.37254e-06 2.78958e-06 9.5869e-06 4.02434e-05 0.000129137 0.000247633 0.000285683 0.000225195 0.000137952 7.05449e-05 3.01984e-05 9.94413e-06 1.8087e-06 0 
0 0.000207144 0.000349762 0.000171249 3.66636e-05 4.33279e-06 3.3613e-07 2.03316e-08 1.15179e-09 7.35834e-11 6.31085e-12 8.43798e-13 1.971e-13 8.63445e-14 7.27226e-14 1.15411e-13 3.24985e-13 1.48082e-12 9.73543e-12 8.12176e-11 7.49523e-10 6.57889e-09 4.54793e-08 1.88711e-07 3.2198e-07 1.61434e-07 2.84256e-08 5.48947e-09 5.5941e-09 4.96463e-08 1.22287e-06 1.87931e-05 9.35873e-05 0.000170813 0.00016245 0.000106544 5.57397e-05 2.40322e-05 7.93079e-06 1.44342e-06 0 
0 0.000189923 0.000402991 0.000279812 9.27947e-05 1.85124e-05 2.61461e-06 3.01334e-07 3.27546e-08 3.88588e-09 5.77195e-10 1.20781e-10 3.89554e-11 2.04828e-11 1.79081e-11 2.56303e-11 5.72819e-11 1.85902e-10 7.99638e-10 4.10481e-09 2.22963e-08 1.09592e-07 3.77652e-07 5.64459e-07 1.61434e-07 3.68104e-09 8.6515e-12 2.65182e-14 7.30808e-15 8.94757e-13 1.25031e-09 5.67222e-07 1.95591e-05 8.35292e-05 0.00010892 7.93448e-05 4.28806e-05 1.86663e-05 6.17699e-06 1.1251e-06 0 
0 0.000165129 0.000425523 0.00040371 0.000197413 6.16615e-05 1.44381e-05 2.86716e-06 5.41142e-07 1.08568e-07 2.57217e-08 7.87878e-09 3.34405e-09 2.05383e-09 1.85369e-09 2.42972e-09 4.46068e-09 1.0844e-08 3.24952e-08 1.10188e-07 3.79242e-07 1.11548e-06 1.97228e-06 9.57081e-07 2.84256e-08 8.6515e-12 5.86892e-16 2.13716e-15 1.8344e-15 1.55695e-14 5.53199e-14 4.42361e-09 2.60291e-06 3.58366e-05 6.97818e-05 5.74908e-05 3.21913e-05 1.41521e-05 4.6958e-06 8.55932e-07 0 
0 0.000135909 0.000409418 0.000507858 0.000350295 0.000160653 5.71477e-05 1.77074e-05 5.24881e-06 1.62074e-06 5.63848e-07 2.36452e-07 1.25881e-07 8.78941e-08 8.14395e-08 9.92657e-08 1.54911e-07 2.96658e-07 6.5968e-07 1.58905e-06 3.7553e-06 7.23515e-06 7.35531e-06 1.37254e-06 5.48947e-09 2.65182e-14 2.13716e-15 8.86323e-16 1.44075e-15 6.00706e-15 7.1939e-14 5.48488e-11 4.36248e-07 1.67789e-05 4.54987e-05 4.12087e-05 2.36691e-05 1.04749e-05 3.48165e-06 6.34903e-07 0 
0 0.000105919 0.000358756 0.000552292 0.000513154 0.000328729 0.000165646 7.3399e-05 3.11282e-05 1.35262e-05 6.38434e-06 3.43783e-06 2.19265e-06 1.69601e-06 1.60465e-06 1.84543e-06 2.52924e-06 4.00371e-06 7.02048e-06 1.28975e-05 2.27358e-05 3.20746e-05 2.31082e-05 2.78958e-06 5.5941e-09 7.30808e-15 1.8344e-15 1.44075e-15 4.18882e-15 1.69008e-14 2.2602e-13 1.45071e-11 2.26855e-07 1.11168e-05 3.22741e-05 2.96772e-05 1.70911e-05 7.56607e-06 2.51475e-06 4.58568e-07 0 
0 7.8311e-05 0.000287722 0.000519516 0.000614731 0.000525815 0.000357239 0.000212238 0.000119408 6.75897e-05 4.03323e-05 2.63134e-05 1.92805e-05 1.61334e-05 1.55098e-05 1.7054e-05 2.11482e-05 2.89151e-05 4.22519e-05 6.31393e-05 8.95931e-05 0.000103238 6.62615e-05 9.5869e-06 4.96463e-08 8.94757e-13 1.55695e-14 6.00706e-15 1.69008e-14 3.48228e-15 2.62588e-15 1.96952e-10 4.77752e-07 1.11913e-05 2.52896e-05 2.15128e-05 1.21067e-05 5.32397e-06 1.7662e-06 3.21897e-07 0 
0 5.50712e-05 0.000213094 0.000427921 0.000603913 0.000652361 0.000572755 0.000437314 0.000310448 0.000216549 0.000154729 0.000116719 9.49035e-05 8.42135e-05 8.19174e-05 8.70869e-05 0.000100187 0.000122703 0.000156275 0.000199912 0.000242163 0.000247038 0.000164102 4.02434e-05 1.22287e-06 1.25031e-09 5.53199e-14 7.1939e-14 2.2602e-13 2.62588e-15 3.79937e-12 1.74499e-08 2.0766e-06 1.40723e-05 2.07487e-05 1.54561e-05 8.36489e-06 3.6376e-06 1.20295e-06 2.1905e-07 0 
0 3.69102e-05 0.000147202 0.000315024 0.000497628 0.000633997 0.000680602 0.000641568 0.000555705 0.00046203 0.000382365 0.000323605 0.000285275 0.000264801 0.000259906 0.000269299 0.000292505 0.00032903 0.000376447 0.000426499 0.000458453 0.000433543 0.000312212 0.000129137 1.87931e-05 5.67222e-07 4.42361e-09 5.48488e-11 1.45071e-11 1.96952e-10 1.74499e-08 8.32973e-07 7.52769e-06 1.67365e-05 1.64693e-05 1.07539e-05 5.58999e-06 2.4021e-06 7.91642e-07 1.44011e-07 0 
0 2.35795e-05 9.55693e-05 0.000211669 0.000356189 0.000501305 0.000615111 0.000676855 0.000686607 0.000660571 0.000618909 0.000577201 0.000544466 0.000524721 0.000519029 0.00052678 0.000546013 0.000572902 0.000600561 0.000617438 0.000606204 0.000545604 0.000420702 0.000247633 9.35873e-05 1.95591e-05 2.60291e-06 4.36248e-07 2.26855e-07 4.77752e-07 2.0766e-06 7.52769e-06 1.47002e-05 1.60792e-05 1.1996e-05 7.11149e-06 3.58226e-06 1.52439e-06 5.009e-07 9.10415e-08 0 
0 1.43155e-05 5.8486e-05 0.000131734 0.00022877 0.000339059 0.000448045 0.000541154 0.000608878 0.000649519 0.00066795 0.000672024 0.000669265 0.000665096 0.000662379 0.00066157 0.000661003 0.000657155 0.00064496 0.000618372 0.000571334 0.000499311 0.000401678 0.000285683 0.000170813 8.35292e-05 3.58366e-05 1.67789e-05 1.11168e-05 1.11913e-05 1.40723e-05 1.67365e-05 1.60792e-05 1.2318e-05 7.8999e-06 4.4228e-06 2.18379e-06 9.23154e-07 3.02702e-07 5.4982e-08 0 
0 8.20007e-06 3.3624e-05 7.63109e-05 0.000134413 0.000203983 0.00027919 0.000353239 0.00041986 0.000474728 0.000516122 0.000544564 0.000561843 0.000569971 0.000570449 0.000563941 0.000550288 0.000528772 0.000498523 0.000458976 0.000410255 0.000353418 0.000290584 0.000225195 0.00016245 0.00010892 6.97818e-05 4.54987e-05 3.22741e-05 2.52896e-05 2.07487e-05 1.64693e-05 1.1996e-05 7.8999e-06 4.72329e-06 2.56913e-06 1.25479e-06 5.28395e-07 1.73035e-07 3.14163e-08 0 
0 4.37193e-06 1.7955e-05 4.08791e-05 7.24275e-05 0.000110995 0.00015417 0.000198989 0.000242346 0.000281468 0.000314271 0.000339507 0.000356666 0.00036576 0.000367078 0.000361032 0.000348099 0.000328855 0.000304047 0.000274657 0.000241905 0.000207195 0.000172029 0.000137952 0.000106544 7.93448e-05 5.74908e-05 4.12087e-05 2.96772e-05 2.15128e-05 1.54561e-05 1.07539e-05 7.11149e-06 4.4228e-06 2.56913e-06 1.37952e-06 6.70243e-07 2.8168e-07 9.21768e-08 1.67315e-08 0 
0 2.11719e-06 8.70058e-06 1.98339e-05 3.52204e-05 5.41773e-05 7.5675e-05 9.84255e-05 0.000121014 0.000142054 0.000160331 0.000174905 0.00018515 0.000190755 0.000191682 0.000188128 0.000180488 0.000169318 0.000155308 0.000139242 0.000121949 0.000104248 8.68942e-05 7.05449e-05 5.57397e-05 4.28806e-05 3.21913e-05 2.36691e-05 1.70911e-05 1.21067e-05 8.36489e-06 5.58999e-06 3.58226e-06 2.18379e-06 1.25479e-06 6.70243e-07 3.24891e-07 1.36413e-07 4.46238e-08 8.09885e-09 0 
0 8.88551e-07 3.6524e-06 8.32996e-06 1.48043e-05 2.28032e-05 3.19153e-05 4.16231e-05 5.13484e-05 6.05062e-05 6.85581e-05 7.50565e-05 7.96766e-05 8.22308e-05 8.26709e-05 8.10778e-05 7.76449e-05 7.26551e-05 6.64543e-05 5.9422e-05 5.19426e-05 4.43776e-05 3.70437e-05 3.01984e-05 2.40322e-05 1.86663e-05 1.41521e-05 1.04749e-05 7.56607e-06 5.32397e-06 3.6376e-06 2.4021e-06 1.52439e-06 9.23154e-07 5.28395e-07 2.8168e-07 1.36413e-07 5.72533e-08 1.87258e-08 3.39835e-09 0 
0 2.90608e-07 1.19466e-06 2.7251e-06 4.84455e-06 7.46554e-06 1.04558e-05 1.36487e-05 1.68566e-05 1.98882e-05 2.25642e-05 2.47325e-05 2.62798e-05 2.71383e-05 2.72883e-05 2.6756e-05 2.56079e-05 2.39421e-05 2.18783e-05 1.95464e-05 1.70758e-05 1.45867e-05 1.21822e-05 9.94413e-06 7.93079e-06 6.17699e-06 4.6958e-06 3.48165e-06 2.51475e-06 1.7662e-06 1.20295e-06 7.91642e-07 5.009e-07 3.02702e-07 1.73035e-07 9.21768e-08 4.46238e-08 1.87258e-08 6.12418e-09 1.11139e-09 0 
0 5.27388e-08 2.1681e-07 4.94588e-07 8.79343e-07 1.35529e-06 1.89857e-06 2.47905e-06 3.06282e-06 3.61512e-06 4.10323e-06 4.49924e-06 4.78216e-06 4.93931e-06 4.9669e-06 4.86966e-06 4.65984e-06 4.35559e-06 3.97899e-06 3.55394e-06 3.10419e-06 2.6516e-06 2.21488e-06 1.8087e-06 1.44342e-06 1.1251e-06 8.55932e-07 6.34903e-07 4.58568e-07 3.21897e-07 2.1905e-07 1.44011e-07 9.10415e-08 5.4982e-08 3.14163e-08 1.67315e-08 8.09885e-09 3.39835e-09 1.11139e-09 2.01686e-10 0 
0 0 0 0 0 0 0 0 0 0 0 0 0 0 0 0 0 0 0 0 0 0 0 0 0 0 0 0 0 0 0 0 0 0 0 0 0 0 0 0 0 
