0 0 0 0 0 0 0 0 0 0 0 0 0 0 0 0 0 0 0 0 0 0 0 0 0 0 0 0 0 0 0 0 0 0 0 0 0 0 0 0 0 
0 1.35498e-05 5.45048e-05 0.000119311 0.000197895 0.000275022 0.000335866 0.000372364 0.000385247 0.000381107 0.000368036 0.000352765 0.000339771 0.000331514 0.000329 0.000332229 0.000340425 0.000352067 0.000364852 0.000375711 0.000381056 0.000377364 0.000362042 0.000334332 0.000295822 0.000250197 0.000202222 0.000156425 0.00011607 8.27959e-05 5.68413e-05 3.75354e-05 2.37774e-05 1.43717e-05 8.21435e-06 4.37514e-06 2.11782e-06 8.88655e-07 2.90621e-07 5.27396e-08 0 
0 5.45048e-05 0.000212504 0.000436581 0.000648038 0.000762012 0.000747911 0.000643665 0.000510557 0.000390881 0.000300361 0.000238905 0.000201141 0.000181786 0.000177425 0.00018675 0.00021032 0.000250148 0.000308939 0.000388648 0.000488041 0.000599603 0.000707371 0.000788432 0.00082006 0.000790226 0.000704516 0.000583481 0.000452371 0.000331184 0.000230619 0.000153392 9.75007e-05 5.90215e-05 3.37561e-05 1.79838e-05 8.70605e-06 3.65327e-06 1.19476e-06 2.16817e-07 0 
0 0.000119311 0.000436581 0.000786809 0.000931816 0.000792248 0.00052274 0.00029226 0.000150708 7.71291e-05 4.16258e-05 2.48662e-05 1.70422e-05 1.37054e-05 1.30484e-05 1.46453e-05 1.90754e-05 2.81223e-05 4.54806e-05 7.79298e-05 0.000136532 0.000236299 0.000391216 0.000601669 0.000837848 0.00103584 0.00112533 0.00107618 0.000917773 0.000711569 0.000511331 0.000345525 0.000221248 0.00013436 7.69449e-05 4.10139e-05 1.98588e-05 8.33379e-06 2.72554e-06 4.94616e-07 0 
0 0.000197895 0.000648038 0.000931816 0.000764685 0.000401135 0.000153054 4.83667e-05 1.41982e-05 4.28082e-06 1.44729e-06 5.90456e-07 3.07326e-07 2.11378e-07 1.94701e-07 2.38291e-07 3.77307e-07 7.41381e-07 1.71651e-06 4.42402e-06 1.19885e-05 3.23837e-05 8.31808e-05 0.000195128 0.000403741 0.000714655 0.00105589 0.00128659 0.00130281 0.00112582 0.00086003 0.000599485 0.00038943 0.000237956 0.000136609 7.28853e-05 3.53029e-05 1.48167e-05 4.84596e-06 8.7943e-07 0 
0 0.000275022 0.000762012 0.000792248 0.000401135 0.000116801 2.32971e-05 3.73189e-06 5.55056e-07 8.78236e-08 1.67405e-08 4.27477e-09 1.58596e-09 8.99821e-10 7.9577e-10 1.0835e-09 2.18176e-09 6.10385e-09 2.19563e-08 9.32821e-08 4.29973e-07 1.98771e-06 8.61313e-06 3.31313e-05 0.000108496 0.000292619 0.000631349 0.00106324 0.00138473 0.00142157 0.00120346 0.000885308 0.000589818 0.000364314 0.000210049 0.000112247 5.43989e-05 2.28358e-05 7.46917e-06 1.35551e-06 0 
0 0.000335866 0.000747911 0.00052274 0.000153054 2.32971e-05 2.25718e-06 1.67856e-07 1.1514e-08 8.72414e-10 8.63655e-11 1.29043e-11 3.25013e-12 1.4794e-12 1.24858e-12 1.92008e-12 5.08851e-12 2.13203e-11 1.26907e-10 9.54564e-10 8.06979e-09 6.87995e-08 5.39071e-07 3.6079e-06 1.95688e-05 8.30498e-05 0.000268987 0.000649629 0.00114642 0.00147955 0.00145241 0.0011597 0.000803808 0.000505044 0.000293161 0.000157052 7.61797e-05 3.19885e-05 1.04638e-05 1.89904e-06 0 
0 0.000372364 0.000643665 0.00029226 4.83667e-05 3.73189e-06 1.67856e-07 5.49112e-09 1.64229e-10 5.64694e-12 2.76765e-13 2.32683e-14 3.86727e-15 1.38944e-15 1.11492e-15 1.95286e-15 6.94586e-15 4.48664e-14 4.58293e-13 6.36122e-12 1.03087e-10 1.69473e-09 2.50557e-08 3.03011e-07 2.8038e-06 1.90616e-05 9.32293e-05 0.000323628 0.000784305 0.00131158 0.00154709 0.00137788 0.00100916 0.000649684 0.000380786 0.000204721 9.94247e-05 4.17663e-05 1.36641e-05 2.47995e-06 0 
0 0.000385247 0.000510557 0.000150708 1.41982e-05 5.55056e-07 1.1514e-08 1.64229e-10 2.12201e-12 3.28266e-14 7.90482e-16 3.716e-17 4.05804e-18 1.14892e-18 8.76048e-19 1.7471e-18 8.35411e-18 8.35234e-17 1.47192e-15 3.79407e-14 1.18689e-12 3.79038e-11 1.06518e-09 2.34325e-08 3.71634e-07 4.04808e-06 2.96761e-05 0.000145844 0.000478544 0.00103694 0.00149277 0.00151144 0.00118538 0.000787273 0.000467257 0.000252374 0.000122763 5.15975e-05 1.68832e-05 3.06436e-06 0 
0 0.000381107 0.000390881 7.71291e-05 4.28082e-06 8.78236e-08 8.72414e-10 5.64694e-12 3.28266e-14 2.3747e-16 2.9084e-18 7.91125e-20 6.03128e-21 1.46924e-21 1.09223e-21 2.31569e-21 1.37614e-20 2.04126e-19 6.02773e-18 2.79907e-16 1.63715e-14 9.83675e-13 5.09614e-11 1.98256e-09 5.25374e-08 8.95644e-07 9.61085e-06 6.50961e-05 0.000280907 0.000771494 0.00134719 0.00155951 0.00131948 0.000908317 0.000547091 0.00029711 0.000144797 6.08955e-05 1.99295e-05 3.61748e-06 0 
0 0.000368036 0.000300361 4.16258e-05 1.44729e-06 1.67405e-08 8.63655e-11 2.76765e-13 7.90482e-16 2.9084e-18 1.97e-20 3.55164e-22 2.40939e-23 6.21067e-24 4.69765e-24 9.32902e-24 5.40733e-23 9.84914e-22 4.43786e-20 3.46705e-18 3.53813e-16 3.73107e-14 3.33249e-12 2.15451e-10 9.02258e-09 2.2927e-07 3.45043e-06 3.09653e-05 0.000169101 0.000568494 0.00117682 0.00154439 0.00140887 0.0010064 0.000615651 0.000336292 0.000164221 6.91097e-05 2.26224e-05 4.10655e-06 0 
0 0.000352765 0.000238905 2.48662e-05 5.90456e-07 4.27477e-09 1.29043e-11 2.32683e-14 3.716e-17 7.91125e-20 3.55164e-22 5.17162e-24 3.12944e-25 7.86995e-26 5.9426e-26 1.15494e-25 6.81519e-25 1.38129e-23 8.0607e-22 9.40343e-20 1.51059e-17 2.52426e-15 3.52182e-13 3.45216e-11 2.10386e-09 7.41679e-08 1.47262e-06 1.6619e-05 0.000109635 0.000432585 0.00102663 0.00149711 0.00145973 0.00107872 0.000669576 0.000367771 0.000179937 7.57709e-05 2.48078e-05 4.50351e-06 0 
0 0.000339771 0.000201141 1.70422e-05 3.07326e-07 1.58596e-09 3.25013e-12 3.86727e-15 4.05804e-18 6.03128e-21 2.4094e-23 3.12946e-25 1.32558e-26 2.40631e-27 1.69527e-27 3.70614e-27 2.87064e-26 7.17845e-25 4.72117e-23 6.88967e-21 1.52282e-18 3.54986e-16 6.84063e-14 9.06566e-12 7.25272e-10 3.24261e-08 7.87257e-07 1.04874e-05 7.92354e-05 0.000350281 0.000916519 0.00144462 0.00148246 0.00112546 0.000706896 0.000390035 0.000191133 8.05272e-05 2.63693e-05 4.78723e-06 0 
0 0.000331514 0.000181786 1.37054e-05 2.11378e-07 8.99821e-10 1.4794e-12 1.38944e-15 1.14892e-18 1.46924e-21 6.21071e-24 7.87005e-26 2.40634e-27 2.24529e-28 1.2275e-28 3.91962e-28 4.84875e-27 1.47322e-25 9.98498e-24 1.55252e-21 4.05781e-19 1.14307e-16 2.6488e-14 4.17137e-12 3.90024e-10 1.99847e-08 5.44619e-07 7.98018e-06 6.51634e-05 0.000307392 0.000850803 0.00140427 0.00148705 0.0011484 0.00072686 0.000402253 0.000197329 8.31672e-05 2.72369e-05 4.94489e-06 0 
0 0.000329 0.000177425 1.30484e-05 1.94701e-07 7.9577e-10 1.24858e-12 1.11492e-15 8.76048e-19 1.09223e-21 4.69768e-24 5.94269e-26 1.69531e-27 1.22751e-28 5.59912e-29 2.23842e-28 3.25816e-27 1.03749e-25 7.05508e-24 1.10255e-21 2.97782e-19 8.73503e-17 2.10701e-14 3.44674e-12 3.33671e-10 1.76304e-08 4.93254e-07 7.38757e-06 6.14329e-05 0.000294441 0.000827191 0.00138373 0.00147997 0.00114959 0.000729634 0.000404249 0.000198393 8.36279e-05 2.73891e-05 4.97261e-06 0 
0 0.000332229 0.00018675 1.46453e-05 2.38291e-07 1.0835e-09 1.92008e-12 1.95286e-15 1.7471e-18 2.31569e-21 9.32906e-24 1.15495e-25 3.70618e-27 3.91961e-28 2.2384e-28 6.72063e-28 7.65873e-27 2.26087e-25 1.54144e-23 2.36648e-21 5.85013e-19 1.54654e-16 3.37398e-14 5.02883e-12 4.47892e-10 2.20149e-08 5.7961e-07 8.26148e-06 6.60462e-05 0.000306865 0.000841351 0.00138269 0.001463 0.00113049 0.000716025 0.000396432 0.000194516 8.19893e-05 2.68521e-05 4.87511e-06 0 
0 0.000340425 0.00021032 1.90754e-05 3.77307e-07 2.18176e-09 5.08851e-12 6.94586e-15 8.35411e-18 1.37614e-20 5.40734e-23 6.81521e-25 2.87064e-26 4.8487e-27 3.25812e-27 7.65868e-27 6.26751e-26 1.58066e-24 1.03414e-22 1.41697e-20 2.81385e-18 5.87154e-16 1.01895e-13 1.22745e-11 9.02725e-10 3.75603e-08 8.59302e-07 1.09186e-05 7.96101e-05 0.000343536 0.000887315 0.00139394 0.00143347 0.00109176 0.000687317 0.000379703 0.000186175 7.84569e-05 2.56937e-05 4.66472e-06 0 
0 0.000352067 0.000250148 2.81223e-05 7.41381e-07 6.10385e-09 2.13203e-11 4.48664e-14 8.35234e-17 2.04126e-19 9.84914e-22 1.38129e-23 7.17843e-25 1.47321e-25 1.03748e-25 2.26086e-25 1.58066e-24 3.472e-23 1.95339e-21 2.04111e-19 2.88176e-17 4.23892e-15 5.24436e-13 4.60825e-11 2.55076e-09 8.28439e-08 1.53771e-06 1.64634e-05 0.000104611 0.000404099 0.000954715 0.00140359 0.00138529 0.00103365 0.000645222 0.000355363 0.000174069 7.33341e-05 2.40141e-05 4.3597e-06 0 
0 0.000364852 0.000308939 4.54806e-05 1.71651e-06 2.19563e-08 1.26907e-10 4.58293e-13 1.47192e-15 6.02773e-18 4.43786e-20 8.0607e-22 4.72117e-23 9.98496e-24 7.05506e-24 1.54144e-23 1.03414e-22 1.95339e-21 8.18864e-20 5.76412e-18 5.27964e-16 5.01104e-14 4.05418e-12 2.39556e-10 9.26673e-09 2.20063e-07 3.13435e-06 2.7003e-05 0.00014407 0.0004838 0.00102363 0.00139106 0.00131067 0.000956556 0.000591875 0.000325 0.000159051 6.69901e-05 2.19354e-05 3.98226e-06 0 
0 0.000375711 0.000388648 7.79298e-05 4.42402e-06 9.32821e-08 9.54564e-10 6.36122e-12 3.79407e-14 2.79907e-16 3.46705e-18 9.40343e-20 6.88967e-21 1.55252e-21 1.10255e-21 2.36648e-21 1.41697e-20 2.04111e-19 5.76412e-18 2.55592e-16 1.42935e-14 8.22888e-13 4.09484e-11 1.53395e-09 3.92433e-08 6.48076e-07 6.77768e-06 4.52809e-05 0.000197043 0.000563892 0.00105879 0.00133041 0.00120202 0.000861585 0.000529761 0.000290369 0.000142046 5.98251e-05 1.95895e-05 3.55644e-06 0 
0 0.000381056 0.000488041 0.000136532 1.19885e-05 4.29973e-07 8.06979e-09 1.03087e-10 1.18689e-12 1.63715e-14 3.53813e-16 1.51059e-17 1.52282e-18 4.05781e-19 2.97782e-19 5.85013e-19 2.81385e-18 2.88176e-17 5.27964e-16 1.42935e-14 4.72016e-13 1.59079e-11 4.69169e-10 1.0722e-08 1.74336e-07 1.92268e-06 1.42005e-05 7.11635e-05 0.000247006 0.000598542 0.00100752 0.00119364 0.00105335 0.000750599 0.000461551 0.00025325 0.000123981 5.22367e-05 1.71076e-05 3.10604e-06 0 
0 0.000377364 0.000599603 0.000236299 3.23837e-05 1.98771e-06 6.87995e-08 1.69473e-09 3.79038e-11 9.83675e-13 3.73107e-14 2.52426e-15 3.54986e-16 1.14307e-16 8.73503e-17 1.54654e-16 5.87154e-16 4.23892e-15 5.01104e-14 8.22888e-13 1.59079e-11 3.1018e-10 5.33267e-09 7.25633e-08 7.23876e-07 5.08507e-06 2.51393e-05 9.03348e-05 0.000245611 0.000513394 0.000812106 0.000957567 0.000861222 0.000625956 0.00038987 0.000215322 0.000105716 4.45919e-05 1.461e-05 2.65297e-06 0 
0 0.000362042 0.000707371 0.000391216 8.31808e-05 8.61313e-06 5.39071e-07 2.50557e-08 1.06518e-09 5.09614e-11 3.33249e-12 3.52182e-13 6.84063e-14 2.6488e-14 2.10701e-14 3.37398e-14 1.01895e-13 5.24436e-13 4.05418e-12 4.09484e-11 4.69169e-10 5.33267e-09 5.3283e-08 4.21824e-07 2.44047e-06 9.90442e-06 2.89388e-05 6.72928e-05 0.000140269 0.000273341 0.000465324 0.000623585 0.000627962 0.00049065 0.000317187 0.000178079 8.79983e-05 3.72058e-05 1.21999e-05 2.21592e-06 0 
0 0.000334332 0.000788432 0.000601669 0.000195128 3.31313e-05 3.6079e-06 3.03011e-07 2.34325e-08 1.98256e-09 2.15451e-10 3.45216e-11 9.06566e-12 4.17137e-12 3.44674e-12 5.02883e-12 1.22745e-11 4.60825e-11 2.39556e-10 1.53395e-09 1.0722e-08 7.25633e-08 4.21824e-07 1.85974e-06 5.48875e-06 1.00358e-05 1.23089e-05 1.38135e-05 2.08489e-05 4.76645e-05 0.000126717 0.000268971 0.00037499 0.000350608 0.000246138 0.000142839 7.1441e-05 3.03295e-05 9.95837e-06 1.80954e-06 0 
0 0.000295822 0.00082006 0.000837848 0.000403741 0.000108496 1.95688e-05 2.8038e-06 3.71634e-07 5.25374e-08 9.02258e-09 2.10386e-09 7.25272e-10 3.90024e-10 3.33671e-10 4.47892e-10 9.02725e-10 2.55076e-09 9.26673e-09 3.92433e-08 1.74336e-07 7.23876e-07 2.44047e-06 5.48875e-06 6.30269e-06 2.93722e-06 6.48034e-07 1.61307e-07 1.46878e-07 6.99132e-07 7.31667e-06 5.3271e-05 0.000160581 0.000219436 0.000180286 0.000110834 5.65222e-05 2.4145e-05 7.94284e-06 1.44412e-06 0 
0 0.000250197 0.000790226 0.00103584 0.000714655 0.000292619 8.30498e-05 1.90616e-05 4.04808e-06 8.95644e-07 2.2927e-07 7.41679e-08 3.24261e-08 1.99847e-08 1.76304e-08 2.20149e-08 3.75603e-08 8.28439e-08 2.20063e-07 6.48076e-07 1.92268e-06 5.08507e-06 9.90442e-06 1.00358e-05 2.93722e-06 1.31315e-07 1.09641e-09 1.35676e-11 5.07625e-12 1.46016e-10 3.31084e-08 3.25529e-06 4.40243e-05 0.000117625 0.000124377 8.32257e-05 4.35818e-05 1.87652e-05 6.18733e-06 1.12568e-06 0 
0 0.000202222 0.000704516 0.00112533 0.00105589 0.000631349 0.000268987 9.32293e-05 2.96761e-05 9.61085e-06 3.45043e-06 1.47262e-06 7.87257e-07 5.44619e-07 4.93254e-07 5.7961e-07 8.59302e-07 1.53771e-06 3.13435e-06 6.77768e-06 1.42005e-05 2.51393e-05 2.89388e-05 1.23089e-05 6.48034e-07 1.09641e-09 7.11777e-14 8.92981e-17 7.4183e-16 4.93673e-16 1.41093e-11 7.26579e-08 8.63158e-06 5.6986e-05 8.2503e-05 6.08703e-05 3.2797e-05 1.42357e-05 4.70436e-06 8.56407e-07 0 
0 0.000156425 0.000583481 0.00107618 0.00128659 0.00106324 0.000649629 0.000323628 0.000145844 6.50961e-05 3.09653e-05 1.6619e-05 1.04874e-05 7.98018e-06 7.38757e-06 8.26148e-06 1.09186e-05 1.64634e-05 2.7003e-05 4.52809e-05 7.11635e-05 9.03348e-05 6.72928e-05 1.38135e-05 1.61307e-07 1.35676e-11 8.92979e-17 3.0013e-18 1.46368e-17 4.16852e-17 1.12523e-14 2.37625e-09 2.03492e-06 2.94837e-05 5.52064e-05 4.39041e-05 2.41488e-05 1.05401e-05 3.48822e-06 6.35262e-07 0 
0 0.00011607 0.000452371 0.000917773 0.00130281 0.00138473 0.00114642 0.000784305 0.000478544 0.000280907 0.000169101 0.000109635 7.92354e-05 6.51634e-05 6.14329e-05 6.60462e-05 7.96101e-05 0.000104611 0.00014407 0.000197043 0.000247006 0.000245611 0.000140269 2.08489e-05 1.46878e-07 5.07625e-12 7.41829e-16 1.46369e-17 3.11291e-18 2.28392e-17 1.45194e-15 8.13354e-10 1.13852e-06 1.98345e-05 3.91975e-05 3.15912e-05 1.7428e-05 7.61141e-06 2.51929e-06 4.58815e-07 0 
0 8.27959e-05 0.000331184 0.000711569 0.00112582 0.00142157 0.00147955 0.00131158 0.00103694 0.000771494 0.000568494 0.000432585 0.000350281 0.000307392 0.000294441 0.000306865 0.000343536 0.000404099 0.0004838 0.000563892 0.000598542 0.000513394 0.000273341 4.76645e-05 6.99132e-07 1.46016e-10 4.93673e-16 4.16851e-17 2.28392e-17 1.55821e-17 1.31846e-13 5.28126e-09 1.84129e-06 1.82809e-05 2.9857e-05 2.26992e-05 1.23124e-05 5.35163e-06 1.76897e-06 3.22049e-07 0 
0 5.68413e-05 0.000230619 0.000511331 0.00086003 0.00120346 0.00145241 0.00154709 0.00149277 0.00134719 0.00117682 0.00102663 0.000916519 0.000850803 0.000827191 0.000841351 0.000887315 0.000954715 0.00102363 0.00105879 0.00100752 0.000812106 0.000465324 0.000126717 7.31667e-06 3.31084e-08 1.41093e-11 1.12523e-14 1.45194e-15 1.31846e-13 2.53456e-10 1.47463e-07 5.15987e-06 1.98523e-05 2.34003e-05 1.60859e-05 8.4728e-06 3.65225e-06 1.20445e-06 2.19133e-07 0 
0 3.75354e-05 0.000153392 0.000345525 0.000599485 0.000885308 0.0011597 0.00137788 0.00151144 0.00155951 0.00154439 0.00149711 0.00144462 0.00140427 0.00138373 0.00138269 0.00139394 0.00140359 0.00139106 0.00133041 0.00119364 0.000957567 0.000623585 0.000268971 5.3271e-05 3.25529e-06 7.26579e-08 2.37625e-09 8.13354e-10 5.28126e-09 1.47463e-07 2.57963e-06 1.25243e-05 2.05118e-05 1.77471e-05 1.10361e-05 5.6384e-06 2.40881e-06 7.92341e-07 1.44051e-07 0 
0 2.37774e-05 9.75007e-05 0.000221248 0.00038943 0.000589818 0.000803808 0.00100916 0.00118538 0.00131948 0.00140887 0.00145973 0.00148246 0.00148705 0.00147997 0.001463 0.00143347 0.00138529 0.00131067 0.00120202 0.00105335 0.000861222 0.000627962 0.00037499 0.000160581 4.40243e-05 8.63158e-06 2.03492e-06 1.13852e-06 1.84129e-06 5.15987e-06 1.25243e-05 1.87673e-05 1.78426e-05 1.24929e-05 7.21783e-06 3.60085e-06 1.52704e-06 5.01187e-07 9.10581e-08 0 
0 1.43717e-05 5.90215e-05 0.00013436 0.000237956 0.000364314 0.000505044 0.000649684 0.000787273 0.000908317 0.0010064 0.00107872 0.00112546 0.0011484 0.00114959 0.00113049 0.00109176 0.00103365 0.000956556 0.000861585 0.000750599 0.000625956 0.00049065 0.000350608 0.000219436 0.000117625 5.6986e-05 2.94837e-05 1.98345e-05 1.82809e-05 1.98523e-05 2.05118e-05 1.78426e-05 1.29157e-05 8.05707e-06 4.45671e-06 2.18992e-06 9.24068e-07 3.02805e-07 5.49881e-08 0 
0 8.21435e-06 3.37561e-05 7.69449e-05 0.000136609 0.000210049 0.000293161 0.000380786 0.000467257 0.000547091 0.000615651 0.000669576 0.000706896 0.00072686 0.000729634 0.000716025 0.000687317 0.000645222 0.000591875 0.000529761 0.000461551 0.00038987 0.000317187 0.000246138 0.000180286 0.000124377 8.2503e-05 5.52064e-05 3.91975e-05 2.9857e-05 2.34003e-05 1.77471e-05 1.24929e-05 8.05707e-06 4.76466e-06 2.57836e-06 1.25653e-06 5.28667e-07 1.73067e-07 3.14183e-08 0 
0 4.37514e-06 1.79838e-05 4.10139e-05 7.28853e-05 0.000112247 0.000157052 0.000204721 0.000252374 0.00029711 0.000336292 0.000367771 0.000390035 0.000402253 0.000404249 0.000396432 0.000379703 0.000355363 0.000325 0.000290369 0.00025325 0.000215322 0.000178079 0.000142839 0.000110834 8.32257e-05 6.08703e-05 4.39041e-05 3.15912e-05 2.26992e-05 1.60859e-05 1.10361e-05 7.21783e-06 4.45671e-06 2.57836e-06 1.38168e-06 6.70672e-07 2.81751e-07 9.21854e-08 1.6732e-08 0 
0 2.11782e-06 8.70605e-06 1.98588e-05 3.53029e-05 5.43989e-05 7.61797e-05 9.94247e-05 0.000122763 0.000144797 0.000164221 0.000179937 0.000191133 0.000197329 0.000198393 0.000194516 0.000186175 0.000174069 0.000159051 0.000142046 0.000123981 0.000105716 8.79983e-05 7.1441e-05 5.65222e-05 4.35818e-05 3.2797e-05 2.41488e-05 1.7428e-05 1.23124e-05 8.4728e-06 5.6384e-06 3.60085e-06 2.18992e-06 1.25653e-06 6.70672e-07 3.24981e-07 1.36429e-07 4.46258e-08 8.09899e-09 0 
0 8.88655e-07 3.65327e-06 8.33379e-06 1.48167e-05 2.28358e-05 3.19885e-05 4.17663e-05 5.15975e-05 6.08955e-05 6.91097e-05 7.57709e-05 8.05272e-05 8.31672e-05 8.36279e-05 8.19893e-05 7.84569e-05 7.33341e-05 6.69901e-05 5.98251e-05 5.22367e-05 4.45919e-05 3.72058e-05 3.03295e-05 2.4145e-05 1.87652e-05 1.42357e-05 1.05401e-05 7.61141e-06 5.35163e-06 3.65225e-06 2.40881e-06 1.52704e-06 9.24068e-07 5.28667e-07 2.81751e-07 1.36429e-07 5.72561e-08 1.87261e-08 3.39838e-09 0 
0 2.90621e-07 1.19476e-06 2.72554e-06 4.84596e-06 7.46917e-06 1.04638e-05 1.36641e-05 1.68832e-05 1.99295e-05 2.26224e-05 2.48078e-05 2.63693e-05 2.72369e-05 2.73891e-05 2.68521e-05 2.56937e-05 2.40141e-05 2.19354e-05 1.95895e-05 1.71076e-05 1.461e-05 1.21999e-05 9.95837e-06 7.94284e-06 6.18733e-06 4.70436e-06 3.48822e-06 2.51929e-06 1.76897e-06 1.20445e-06 7.92341e-07 5.01187e-07 3.02805e-07 1.73067e-07 9.21854e-08 4.46258e-08 1.87261e-08 6.12423e-09 1.11139e-09 0 
0 5.27396e-08 2.16817e-07 4.94616e-07 8.7943e-07 1.35551e-06 1.89904e-06 2.47995e-06 3.06436e-06 3.61748e-06 4.10655e-06 4.50351e-06 4.78723e-06 4.94489e-06 4.97261e-06 4.87511e-06 4.66472e-06 4.3597e-06 3.98226e-06 3.55644e-06 3.10604e-06 2.65297e-06 2.21592e-06 1.80954e-06 1.44412e-06 1.12568e-06 8.56407e-07 6.35262e-07 4.58815e-07 3.22049e-07 2.19133e-07 1.44051e-07 9.10581e-08 5.49881e-08 3.14183e-08 1.6732e-08 8.09899e-09 3.39838e-09 1.11139e-09 2.01687e-10 0 
0 0 0 0 0 0 0 0 0 0 0 0 0 0 0 0 0 0 0 0 0 0 0 0 0 0 0 0 0 0 0 0 0 0 0 0 0 0 0 0 0 
