0 0 0 0 0 0 0 0 0 0 0 0 0 0 0 0 0 0 0 0 0 0 0 0 0 0 0 0 0 0 0 0 0 0 0 0 0 0 0 0 0 
0 1.33803e-05 5.30198e-05 0.000112993 0.000179904 0.000236944 0.00027206 0.000283081 0.000275807 0.000258705 0.000238985 0.000221314 0.000208132 0.000200433 0.000198427 0.000201921 0.000210451 0.000223214 0.000238903 0.000255532 0.000270378 0.000280186 0.000281729 0.000272649 0.000252325 0.000222328 0.000186128 0.000148088 0.000112204 8.11893e-05 5.62416e-05 3.73337e-05 2.37162e-05 1.43549e-05 8.21021e-06 4.37423e-06 2.11764e-06 8.88626e-07 2.90618e-07 5.27394e-08 0 
0 5.30198e-05 0.000199352 0.000383108 0.000513416 0.000529871 0.000450944 0.000337667 0.000236069 0.00016205 0.000113792 8.44046e-05 6.76987e-05 5.95821e-05 5.78808e-05 6.19158e-05 7.22299e-05 9.04812e-05 0.000119352 0.000162199 0.000222034 0.000299497 0.000389966 0.000481143 0.000553732 0.000587422 0.000570601 0.000507257 0.000414921 0.00031519 0.000224623 0.000151399 9.69089e-05 5.88637e-05 3.37184e-05 1.79758e-05 8.70456e-06 3.65303e-06 1.19473e-06 2.16815e-07 0 
0 0.000112993 0.000383108 0.00060011 0.000579516 0.000388164 0.000201679 9.02694e-05 3.80428e-05 1.62744e-05 7.53714e-06 3.98606e-06 2.50631e-06 1.9218e-06 1.81438e-06 2.09696e-06 2.9099e-06 4.70435e-06 8.53457e-06 1.66759e-05 3.36774e-05 6.76392e-05 0.000130567 0.000235203 0.000385418 0.000561856 0.000715766 0.000789144 0.000754794 0.000635581 0.000481591 0.000335522 0.000218301 0.000133589 7.67652e-05 4.09767e-05 1.9852e-05 8.33277e-06 2.72542e-06 4.94609e-07 0 
0 0.000179904 0.000513416 0.000579516 0.000345435 0.000128909 3.52774e-05 8.09317e-06 1.75093e-06 3.98477e-07 1.05405e-07 3.52874e-08 1.5955e-08 1.01491e-08 9.21936e-09 1.18367e-08 2.07884e-08 4.74833e-08 1.32509e-07 4.21923e-07 1.43173e-06 4.86127e-06 1.56478e-05 4.57383e-05 0.000117505 0.000258682 0.00047725 0.000723283 0.000890387 0.000897084 0.000760891 0.000564487 0.000378976 0.000235241 0.000135987 7.27593e-05 3.52806e-05 1.48134e-05 4.84559e-06 8.79407e-07 0 
0 0.000236944 0.000529871 0.000388164 0.000128909 2.42084e-05 3.08956e-06 3.15176e-07 3.01232e-08 3.15387e-09 4.18503e-10 7.97631e-11 2.4024e-11 1.214e-11 1.05161e-11 1.5369e-11 3.60787e-11 1.26148e-10 5.9838e-10 3.4767e-09 2.23408e-08 1.44467e-07 8.67183e-07 4.5359e-06 1.97741e-05 6.98674e-05 0.000196585 0.000433533 0.000736318 0.000954976 0.000963368 0.00079206 0.00056077 0.000356696 0.000208316 0.000111901 5.43391e-05 2.28271e-05 7.46822e-06 1.35545e-06 0 
0 0.00027206 0.000450944 0.000201679 3.52774e-05 3.08956e-06 1.66287e-07 6.73104e-09 2.52981e-10 1.09107e-11 6.58582e-13 6.59844e-14 1.24998e-14 4.85698e-15 3.98488e-15 6.75082e-15 2.20657e-14 1.25407e-13 1.0898e-12 1.25817e-11 1.67655e-10 2.26364e-09 2.76924e-08 2.8114e-07 2.22756e-06 1.32927e-05 5.88685e-05 0.000192659 0.00046267 0.000804736 0.00101443 0.000963253 0.000737928 0.000487266 0.000289105 0.000156251 7.60432e-05 3.1969e-05 1.04617e-05 1.89892e-06 0 
0 0.000283081 0.000337667 9.02694e-05 8.09317e-06 3.15176e-07 6.73104e-09 1.0118e-10 1.39935e-12 2.33535e-14 6.06721e-16 3.05465e-17 3.52997e-18 1.04288e-18 8.09406e-19 1.59455e-18 7.39179e-18 7.05954e-17 1.17244e-15 2.82189e-14 8.20815e-13 2.43816e-11 6.39847e-10 1.32315e-08 1.98927e-07 2.07523e-06 1.47773e-05 7.21734e-05 0.000244247 0.000572233 0.0009215 0.00104141 0.000884102 0.000614312 0.000372598 0.000203108 9.91524e-05 4.1728e-05 1.366e-05 2.47971e-06 0 
0 0.000275807 0.000236069 3.80428e-05 1.75093e-06 3.01232e-08 2.52981e-10 1.39935e-12 7.06064e-15 4.52363e-17 5.05269e-19 1.47565e-20 1.97806e-21 8.64898e-22 7.31347e-22 1.08822e-21 3.46842e-21 3.76183e-20 1.13511e-18 5.71925e-17 3.65464e-15 2.40435e-13 1.36302e-11 5.78289e-10 1.66165e-08 3.0495e-07 3.50119e-06 2.53897e-05 0.000119254 0.000369665 0.000756239 0.00102802 0.000982202 0.000726138 0.00045276 0.000249507 0.000122282 5.15304e-05 1.68762e-05 3.06395e-06 0 
0 0.000258705 0.00016205 1.62744e-05 3.98477e-07 3.15387e-09 1.09107e-11 2.33535e-14 4.52363e-17 1.18164e-19 8.39624e-22 4.85814e-23 1.25617e-23 7.64727e-24 6.88133e-24 8.30209e-24 1.6821e-23 8.48172e-23 1.78132e-21 1.54512e-19 2.07438e-17 2.90339e-15 3.42043e-13 2.87294e-11 1.52878e-09 4.80496e-08 8.69401e-07 9.16139e-06 5.8269e-05 0.000232241 0.000589331 0.000955172 0.00103032 0.000814984 0.000524274 0.000292557 0.000144034 6.07899e-05 1.99185e-05 3.61686e-06 0 
0 0.000238985 0.000113792 7.53714e-06 1.05405e-07 4.18503e-10 6.58582e-13 6.06721e-16 5.05269e-19 8.39624e-22 9.42706e-24 8.40213e-25 3.3894e-25 2.56448e-25 2.39545e-25 2.53547e-25 3.65115e-25 1.04146e-24 1.25049e-23 8.9598e-22 2.06783e-19 5.64335e-17 1.27296e-14 1.96131e-12 1.805e-10 9.15733e-09 2.48475e-07 3.65064e-06 3.03127e-05 0.000149879 0.000456192 0.000861493 0.00103953 0.000878482 0.000583333 0.000329768 0.000163126 6.89588e-05 2.26068e-05 4.10566e-06 0 
0 0.000221314 8.44046e-05 3.98606e-06 3.52874e-08 7.97631e-11 6.59844e-14 3.05465e-17 1.47565e-20 4.85814e-23 8.40215e-25 5.90618e-26 2.10467e-26 1.7152e-26 1.62981e-26 1.59384e-26 1.875e-26 4.36275e-26 4.66988e-25 2.32909e-23 4.97394e-21 2.23437e-18 8.56437e-16 2.16589e-13 3.11872e-11 2.34062e-09 8.84955e-08 1.70687e-06 1.76115e-05 0.0001035 0.000363442 0.000774943 0.00102639 0.000918911 0.000627934 0.000359262 0.000178506 7.55739e-05 2.47874e-05 4.50236e-06 0 
0 0.000208132 6.76987e-05 2.50631e-06 1.5955e-08 2.4024e-11 1.24998e-14 3.52997e-18 1.97806e-21 1.25618e-23 3.38941e-25 2.10468e-26 3.1652e-27 1.71378e-27 1.54017e-27 1.44316e-27 1.71991e-27 6.06179e-27 8.2196e-26 3.0776e-24 4.08203e-22 2.16303e-19 1.21171e-16 4.38221e-14 8.71808e-12 8.68277e-10 4.17295e-08 9.8006e-07 1.183e-05 7.86683e-05 0.000305522 0.000709755 0.00100606 0.000941001 0.000657616 0.000379859 0.000189416 8.02911e-05 2.63449e-05 4.78586e-06 0 
0 0.000200433 5.95821e-05 1.9218e-06 1.01491e-08 1.214e-11 4.85698e-15 1.04288e-18 8.64899e-22 7.64729e-24 2.56449e-25 1.71521e-26 1.71379e-27 3.29386e-28 1.84153e-28 1.73737e-28 3.67702e-28 2.69801e-27 3.94893e-26 1.20809e-24 1.18896e-22 5.74324e-20 3.96285e-17 1.75611e-14 4.19836e-12 4.91154e-10 2.70593e-08 7.10961e-07 9.38336e-06 6.69245e-05 0.000275065 0.000670723 0.000988912 0.000949585 0.000672873 0.000391023 0.000195429 8.29057e-05 2.72099e-05 4.94338e-06 0 
0 0.000198427 5.78808e-05 1.81438e-06 9.21936e-09 1.05161e-11 3.98488e-15 8.09406e-19 7.31348e-22 6.88136e-24 2.39547e-25 1.62982e-26 1.54018e-27 1.84154e-28 4.19624e-29 4.54327e-29 2.33617e-28 2.26562e-27 3.35171e-26 9.89113e-25 9.22869e-23 4.30425e-20 3.09822e-17 1.43297e-14 3.56165e-12 4.31167e-10 2.44562e-08 6.58137e-07 8.85326e-06 6.40976e-05 0.000266753 0.000657938 0.000979993 0.000947995 0.000674552 0.000392752 0.000196444 8.33594e-05 2.73613e-05 4.97105e-06 0 
0 0.000201921 6.19158e-05 2.09696e-06 1.18367e-08 1.5369e-11 6.75082e-15 1.59455e-18 1.08823e-21 8.30212e-24 2.53548e-25 1.59385e-26 1.44317e-27 1.73738e-28 4.54326e-29 5.82835e-29 2.90749e-28 2.82484e-27 4.50921e-26 1.52834e-24 1.70503e-22 8.77933e-20 5.64145e-17 2.33045e-14 5.23162e-12 5.79443e-10 3.0482e-08 7.71109e-07 9.87499e-06 6.8811e-05 0.000277935 0.000669422 0.000979619 0.000937375 0.000663456 0.000385465 0.000192655 8.17325e-05 2.68255e-05 4.87362e-06 0 
0 0.000210451 7.22299e-05 2.9099e-06 2.07884e-08 3.60787e-11 2.20657e-14 7.39179e-18 3.46842e-21 1.68211e-23 3.65116e-25 1.87501e-26 1.71992e-27 3.67701e-28 2.33615e-28 2.90747e-28 8.00235e-28 6.14093e-27 1.10098e-25 5.10281e-24 8.55484e-22 4.49106e-19 2.21037e-16 7.07706e-14 1.26234e-11 1.14341e-09 5.07217e-08 1.11552e-06 1.27803e-05 8.16519e-05 0.000307944 0.00070154 0.000983985 0.000916756 0.000640238 0.000369916 0.000184514 7.8227e-05 2.56698e-05 4.66337e-06 0 
0 0.000223214 9.04812e-05 4.70435e-06 4.74833e-08 1.26148e-10 1.25407e-13 7.05954e-17 3.76183e-20 8.48173e-23 1.04146e-24 4.36276e-26 6.06177e-27 2.69799e-27 2.2656e-27 2.82482e-27 6.14091e-27 3.60056e-26 7.18233e-25 5.01125e-23 1.264e-20 5.00464e-18 1.65024e-15 3.63022e-13 4.61318e-11 3.10557e-09 1.07111e-07 1.91599e-06 1.86244e-05 0.000104652 0.000356438 0.000747593 0.000985475 0.000883641 0.000605542 0.000347154 0.000172675 7.31404e-05 2.39939e-05 4.35856e-06 0 
0 0.000238903 0.000119352 8.53457e-06 1.32509e-07 5.9838e-10 1.0898e-12 1.17244e-15 1.13511e-18 1.78132e-21 1.25049e-23 4.66987e-25 8.21957e-26 3.9489e-26 3.35169e-26 4.50918e-26 1.10098e-25 7.18232e-25 1.84601e-23 1.92007e-21 4.20787e-19 1.01208e-16 2.01929e-14 2.77666e-12 2.30654e-10 1.06972e-08 2.68895e-07 3.70965e-06 2.9328e-05 0.000140191 0.000419954 0.000795015 0.00097303 0.000834932 0.000560246 0.000318481 0.00015794 6.68351e-05 2.19191e-05 3.98134e-06 0 
0 0.000255532 0.000162199 1.66759e-05 4.21923e-07 3.4767e-09 1.25817e-11 2.82189e-14 5.71925e-17 1.54512e-19 8.9598e-22 2.32909e-23 3.07759e-24 1.20809e-24 9.8911e-25 1.52834e-24 5.1028e-24 5.01125e-23 1.92007e-21 1.77886e-19 2.28381e-17 3.04902e-15 3.43128e-13 2.75815e-11 1.40731e-09 4.2507e-08 7.41549e-07 7.5763e-06 4.71833e-05 0.00018729 0.00048521 0.000822017 0.000933111 0.000767945 0.000505676 0.000285401 0.000141194 5.97052e-05 1.95768e-05 3.55571e-06 0 
0 0.000270378 0.000222034 3.36774e-05 1.43173e-06 2.23408e-08 1.67655e-10 8.20815e-13 3.65464e-15 2.07438e-17 2.06783e-19 4.97394e-21 4.08202e-22 1.18896e-22 9.22868e-23 1.70503e-22 8.55484e-22 1.264e-20 4.20787e-19 2.28381e-17 1.57902e-15 1.12356e-13 6.84647e-12 3.0859e-10 9.26949e-09 1.74726e-07 2.03143e-06 1.4852e-05 7.11176e-05 0.000231566 0.000518999 0.000795928 0.00085164 0.000681235 0.00044366 0.000249527 0.000123336 5.21449e-05 1.70977e-05 3.10547e-06 0 
0 0.000280186 0.000299497 6.76392e-05 4.86127e-06 1.44467e-07 2.26364e-09 2.43816e-11 2.40435e-13 2.90339e-15 5.64335e-17 2.23437e-18 2.16303e-19 5.74324e-20 4.30425e-20 8.77933e-20 4.49106e-19 5.00464e-18 1.01208e-16 3.04902e-15 1.12356e-13 4.21226e-12 1.36771e-10 3.37547e-09 5.76095e-08 6.45436e-07 4.72874e-06 2.35859e-05 8.49623e-05 0.000229723 0.000463797 0.000678688 0.000717228 0.00057505 0.000376407 0.000212465 0.000105214 4.45196e-05 1.46022e-05 2.65252e-06 0 
0 0.000281729 0.000389966 0.000130567 1.56478e-05 8.67183e-07 2.76924e-08 6.39847e-10 1.36302e-11 3.42043e-13 1.27296e-14 8.56437e-16 1.21171e-16 3.96285e-17 3.09822e-17 5.64145e-17 2.21037e-16 1.65024e-15 2.01929e-14 3.43128e-13 6.84647e-12 1.36771e-10 2.36733e-09 3.1303e-08 2.86023e-07 1.71e-06 6.85707e-06 2.07084e-05 5.44361e-05 0.000132484 0.000279458 0.00045326 0.000527957 0.000451965 0.00030641 0.000175729 8.75798e-05 3.71452e-05 1.21933e-05 2.21554e-06 0 
0 0.000272649 0.000481143 0.000235203 4.57383e-05 4.5359e-06 2.8114e-07 1.32315e-08 5.78289e-10 2.87294e-11 1.96131e-12 2.16589e-13 4.38221e-14 1.75611e-14 1.43297e-14 2.33045e-14 7.07706e-14 3.63022e-13 2.77666e-12 2.75815e-11 3.0859e-10 3.37547e-09 3.1303e-08 2.11729e-07 8.95256e-07 2.13799e-06 3.13279e-06 4.03248e-06 7.18321e-06 2.05543e-05 7.02265e-05 0.000186681 0.000307761 0.000319367 0.000236694 0.000140722 7.10622e-05 3.02749e-05 9.9525e-06 1.8092e-06 0 
0 0.000252325 0.000553732 0.000385418 0.000117505 1.97741e-05 2.22756e-06 1.98927e-07 1.66165e-08 1.52878e-09 1.805e-10 3.11872e-11 8.71808e-12 4.19836e-12 3.56165e-12 5.23162e-12 1.26234e-11 4.61318e-11 2.30654e-10 1.40731e-09 9.26949e-09 5.76095e-08 2.86023e-07 8.95256e-07 1.27423e-06 6.19521e-07 1.21763e-07 2.66766e-08 2.59508e-08 1.71929e-07 2.84123e-06 3.0895e-05 0.00012189 0.000193868 0.000171495 0.000108803 5.61607e-05 2.40938e-05 7.93743e-06 1.44381e-06 0 
0 0.000222328 0.000587422 0.000561856 0.000258682 6.98674e-05 1.32927e-05 2.07523e-06 3.0495e-07 4.80496e-08 9.15733e-09 2.34062e-09 8.68277e-10 4.91154e-10 4.31167e-10 5.79443e-10 1.14341e-09 3.10557e-09 1.06972e-08 4.2507e-08 1.74726e-07 6.45436e-07 1.71e-06 2.13799e-06 6.19521e-07 1.93841e-08 8.25781e-11 5.34658e-13 1.76973e-13 9.82287e-12 5.78873e-09 1.28753e-06 2.87261e-05 9.85581e-05 0.00011631 8.12798e-05 4.32384e-05 1.87175e-05 6.1824e-06 1.12541e-06 0 
0 0.000186128 0.000570601 0.000715766 0.00047725 0.000196585 5.88685e-05 1.47773e-05 3.50119e-06 8.69401e-07 2.48475e-07 8.84955e-08 4.17295e-08 2.70593e-08 2.44562e-08 3.0482e-08 5.07217e-08 1.07111e-07 2.68895e-07 7.41549e-07 2.03143e-06 4.72874e-06 6.85707e-06 3.13279e-06 1.21763e-07 8.25781e-11 1.22401e-15 1.62712e-15 2.88307e-15 1.24891e-16 7.4372e-13 1.64184e-08 4.5714e-06 4.46539e-05 7.56443e-05 5.91203e-05 3.24901e-05 1.41939e-05 4.70012e-06 8.56173e-07 0 
0 0.000148088 0.000507257 0.000789144 0.000723283 0.000433533 0.000192659 7.21734e-05 2.53897e-05 9.16139e-06 3.65064e-06 1.70687e-06 9.8006e-07 7.10961e-07 6.58137e-07 7.71109e-07 1.11552e-06 1.91599e-06 3.70965e-06 7.5763e-06 1.4852e-05 2.35859e-05 2.07084e-05 4.03248e-06 2.66766e-08 5.34658e-13 1.62712e-15 1.44321e-16 1.74937e-16 2.44047e-17 1.78349e-16 3.22952e-10 8.9905e-07 2.18841e-05 4.98845e-05 4.24847e-05 2.39012e-05 1.05068e-05 3.48489e-06 6.35081e-07 0 
0 0.000112204 0.000414921 0.000754794 0.000890387 0.000736318 0.00046267 0.000244247 0.000119254 5.8269e-05 3.03127e-05 1.76115e-05 1.183e-05 9.38336e-06 8.85326e-06 9.87499e-06 1.27803e-05 1.86244e-05 2.9328e-05 4.71833e-05 7.11176e-05 8.49623e-05 5.44361e-05 7.18321e-06 2.59508e-08 1.76973e-13 2.88307e-15 1.74937e-16 3.3007e-17 2.14228e-17 7.40553e-16 9.76612e-11 4.8381e-07 1.45949e-05 3.53831e-05 3.05755e-05 1.72523e-05 7.58799e-06 2.51696e-06 4.58689e-07 0 
0 8.11893e-05 0.00031519 0.000635581 0.000897084 0.000954976 0.000804736 0.000572233 0.000369665 0.000232241 0.000149879 0.0001035 7.86683e-05 6.69245e-05 6.40976e-05 6.8811e-05 8.16519e-05 0.000104652 0.000140191 0.00018729 0.000231566 0.000229723 0.000132484 2.05543e-05 1.71929e-07 9.82287e-12 1.24891e-16 2.44047e-17 2.14228e-17 7.16218e-17 3.78628e-15 9.21042e-10 8.99167e-07 1.40914e-05 2.73509e-05 2.20684e-05 1.22045e-05 5.33724e-06 1.76754e-06 3.2197e-07 0 
0 5.62416e-05 0.000224623 0.000481591 0.000760891 0.000963368 0.00101443 0.0009215 0.000756239 0.000589331 0.000456192 0.000363442 0.000305522 0.000275065 0.000266753 0.000277935 0.000307944 0.000356438 0.000419954 0.00048521 0.000518999 0.000463797 0.000279458 7.02265e-05 2.84123e-06 5.78873e-09 7.4372e-13 1.78349e-16 7.40554e-16 3.78628e-15 2.7005e-11 4.73348e-08 3.17926e-06 1.65382e-05 2.19589e-05 1.57514e-05 8.41608e-06 3.64459e-06 1.20367e-06 2.1909e-07 0 
0 3.73337e-05 0.000151399 0.000335522 0.000564487 0.00079206 0.000963253 0.00104141 0.00102802 0.000955172 0.000861493 0.000774943 0.000709755 0.000670723 0.000657938 0.000669422 0.00070154 0.000747593 0.000795015 0.000822017 0.000795928 0.000678688 0.00045326 0.000186681 3.0895e-05 1.28753e-06 1.64184e-08 3.22952e-10 9.76612e-11 9.21042e-10 4.73348e-08 1.41253e-06 9.55223e-06 1.84131e-05 1.70595e-05 1.08865e-05 5.61293e-06 2.4053e-06 7.91976e-07 1.4403e-07 0 
0 2.37162e-05 9.69089e-05 0.000218301 0.000378976 0.00056077 0.000737928 0.000884102 0.000982202 0.00103032 0.00103953 0.00102639 0.00100606 0.000988912 0.000979993 0.000979619 0.000983985 0.000985475 0.00097303 0.000933111 0.00085164 0.000717228 0.000527957 0.000307761 0.00012189 2.87261e-05 4.5714e-06 8.9905e-07 4.8381e-07 8.99167e-07 3.17926e-06 9.55223e-06 1.64831e-05 1.68851e-05 1.22277e-05 7.16159e-06 3.59107e-06 1.52565e-06 5.01037e-07 9.10494e-08 0 
0 1.43549e-05 5.88637e-05 0.000133589 0.000235241 0.000356696 0.000487266 0.000614312 0.000726138 0.000814984 0.000878482 0.000918911 0.000941001 0.000949585 0.000947995 0.000937375 0.000916756 0.000883641 0.000834932 0.000767945 0.000681235 0.00057505 0.000451965 0.000319367 0.000193868 9.85581e-05 4.46539e-05 2.18841e-05 1.45949e-05 1.40914e-05 1.65382e-05 1.84131e-05 1.68851e-05 1.25959e-05 7.97369e-06 4.43881e-06 2.18669e-06 9.23588e-07 3.02751e-07 5.49849e-08 0 
0 8.21021e-06 3.37184e-05 7.67652e-05 0.000135987 0.000208316 0.000289105 0.000372598 0.00045276 0.000524274 0.000583333 0.000627934 0.000657616 0.000672873 0.000674552 0.000663456 0.000640238 0.000605542 0.000560246 0.000505676 0.00044366 0.000376407 0.00030641 0.000236694 0.000171495 0.00011631 7.56443e-05 4.98845e-05 3.53831e-05 2.73509e-05 2.19589e-05 1.70595e-05 1.22277e-05 7.97369e-06 4.7428e-06 2.57349e-06 1.25561e-06 5.28524e-07 1.7305e-07 3.14172e-08 0 
0 4.37423e-06 1.79758e-05 4.09767e-05 7.27593e-05 0.000111901 0.000156251 0.000203108 0.000249507 0.000292557 0.000329768 0.000359262 0.000379859 0.000391023 0.000392752 0.000385465 0.000369916 0.000347154 0.000318481 0.000285401 0.000249527 0.000212465 0.000175729 0.000140722 0.000108803 8.12798e-05 5.91203e-05 4.24847e-05 3.05755e-05 2.20684e-05 1.57514e-05 1.08865e-05 7.16159e-06 4.43881e-06 2.57349e-06 1.38054e-06 6.70447e-07 2.81714e-07 9.21809e-08 1.67318e-08 0 
0 2.11764e-06 8.70456e-06 1.9852e-05 3.52806e-05 5.43391e-05 7.60432e-05 9.91524e-05 0.000122282 0.000144034 0.000163126 0.000178506 0.000189416 0.000195429 0.000196444 0.000192655 0.000184514 0.000172675 0.00015794 0.000141194 0.000123336 0.000105214 8.75798e-05 7.10622e-05 5.61607e-05 4.32384e-05 3.24901e-05 2.39012e-05 1.72523e-05 1.22045e-05 8.41608e-06 5.61293e-06 3.59107e-06 2.18669e-06 1.25561e-06 6.70447e-07 3.24934e-07 1.36421e-07 4.46248e-08 8.09892e-09 0 
0 8.88626e-07 3.65303e-06 8.33277e-06 1.48134e-05 2.28271e-05 3.1969e-05 4.1728e-05 5.15304e-05 6.07899e-05 6.89588e-05 7.55739e-05 8.02911e-05 8.29057e-05 8.33594e-05 8.17325e-05 7.8227e-05 7.31404e-05 6.68351e-05 5.97052e-05 5.21449e-05 4.45196e-05 3.71452e-05 3.02749e-05 2.40938e-05 1.87175e-05 1.41939e-05 1.05068e-05 7.58799e-06 5.33724e-06 3.64459e-06 2.4053e-06 1.52565e-06 9.23588e-07 5.28524e-07 2.81714e-07 1.36421e-07 5.72546e-08 1.87259e-08 3.39837e-09 0 
0 2.90618e-07 1.19473e-06 2.72542e-06 4.84559e-06 7.46822e-06 1.04617e-05 1.366e-05 1.68762e-05 1.99185e-05 2.26068e-05 2.47874e-05 2.63449e-05 2.72099e-05 2.73613e-05 2.68255e-05 2.56698e-05 2.39939e-05 2.19191e-05 1.95768e-05 1.70977e-05 1.46022e-05 1.21933e-05 9.9525e-06 7.93743e-06 6.1824e-06 4.70012e-06 3.48489e-06 2.51696e-06 1.76754e-06 1.20367e-06 7.91976e-07 5.01037e-07 3.02751e-07 1.7305e-07 9.21809e-08 4.46248e-08 1.87259e-08 6.12421e-09 1.11139e-09 0 
0 5.27394e-08 2.16815e-07 4.94609e-07 8.79407e-07 1.35545e-06 1.89892e-06 2.47971e-06 3.06395e-06 3.61686e-06 4.10566e-06 4.50236e-06 4.78586e-06 4.94338e-06 4.97105e-06 4.87362e-06 4.66337e-06 4.35856e-06 3.98134e-06 3.55571e-06 3.10547e-06 2.65252e-06 2.21554e-06 1.8092e-06 1.44381e-06 1.12541e-06 8.56173e-07 6.35081e-07 4.58689e-07 3.2197e-07 2.1909e-07 1.4403e-07 9.10494e-08 5.49849e-08 3.14172e-08 1.67318e-08 8.09892e-09 3.39837e-09 1.11139e-09 2.01686e-10 0 
0 0 0 0 0 0 0 0 0 0 0 0 0 0 0 0 0 0 0 0 0 0 0 0 0 0 0 0 0 0 0 0 0 0 0 0 0 0 0 0 0 
