0 0 0 0 0 0 0 0 0 0 0 0 0 0 0 0 0 0 0 0 0 0 0 0 0 0 0 0 0 0 0 0 0 0 0 0 0 0 0 0 0 
0 1.37791e-05 5.65841e-05 0.00012879 0.000228014 0.000348878 0.00048319 0.000620806 0.000751246 0.000865644 0.000958202 0.00102656 0.00107106 0.00109352 0.00109599 0.00108006 0.00104672 0.000996613 0.000930657 0.000850615 0.000759466 0.000661366 0.00056118 0.000463767 0.000373259 0.000292596 0.000223386 0.000166037 0.000120041 8.42895e-05 5.73536e-05 3.76958e-05 2.38233e-05 1.43837e-05 8.21719e-06 4.37575e-06 2.11793e-06 8.88672e-07 2.90623e-07 5.27398e-08 0 
0 5.65841e-05 0.000231986 0.000526143 0.000924895 0.00139712 0.0018952 0.00236278 0.00274992 0.00302865 0.00319914 0.00328318 0.00331121 0.00331056 0.00329884 0.00328206 0.00325546 0.00320615 0.00311711 0.00297258 0.00276394 0.0024941 0.00217805 0.00183906 0.00150227 0.00118884 0.000912761 0.000680543 0.000492807 0.000346307 0.000235724 0.000154955 9.79358e-05 5.91317e-05 3.37814e-05 1.79891e-05 8.70701e-06 3.65341e-06 1.19478e-06 2.16818e-07 0 
0 0.00012879 0.000526143 0.00118364 0.00204615 0.00299704 0.00386613 0.00448302 0.00475714 0.00471907 0.00448577 0.00418936 0.00392847 0.00375814 0.00370053 0.00375728 0.00391551 0.0041468 0.00440326 0.00461706 0.00471064 0.00462004 0.00432154 0.00384395 0.00325589 0.00263704 0.00205251 0.00154178 0.00112069 0.000788945 0.000537449 0.000353415 0.000223399 0.000134891 7.70637e-05 4.10378e-05 1.9863e-05 8.33442e-06 2.72561e-06 4.94621e-07 0 
0 0.000228014 0.000924895 0.00204615 0.00341486 0.00468683 0.00544534 0.00545617 0.00484603 0.0039701 0.00314097 0.00250653 0.00208981 0.00186473 0.00180277 0.00189043 0.00213113 0.00253883 0.00312212 0.00385661 0.0046519 0.00534005 0.00572164 0.00566453 0.00518118 0.00441218 0.0035381 0.0027012 0.00197952 0.00139886 0.000954526 0.000628107 0.000397144 0.000239825 0.000137018 7.29653e-05 3.53167e-05 1.48187e-05 4.84618e-06 8.79443e-07 0 
0 0.000348878 0.00139712 0.00299704 0.00468683 0.00571623 0.00553629 0.00437019 0.00296231 0.00184985 0.00114346 0.000744344 0.000534848 0.000437522 0.000413534 0.000451481 0.000561616 0.000776494 0.0011542 0.00177381 0.00270243 0.00391466 0.00519713 0.00616296 0.00646625 0.00604688 0.00513491 0.00404637 0.0030129 0.00214488 0.00146824 0.000967393 0.000611973 0.000369622 0.000211188 0.000112465 5.44357e-05 2.28411e-05 7.46975e-06 1.35555e-06 0 
0 0.00048319 0.0018952 0.00386613 0.00544534 0.00553629 0.00412786 0.0023768 0.00115615 0.000526024 0.000245759 0.00012731 7.74686e-05 5.75027e-05 5.29872e-05 6.0503e-05 8.39809e-05 0.000137052 0.000251689 0.000494538 0.000985142 0.00188377 0.00328107 0.00497781 0.00639583 0.00693607 0.00648043 0.00539296 0.00412914 0.00297786 0.00204978 0.00135356 0.00085698 0.000517759 0.000295858 0.000157561 7.6264e-05 3.20003e-05 1.04651e-05 1.89912e-06 0 
0 0.000620806 0.00236278 0.00448302 0.00545617 0.00437019 0.0023768 0.000961578 0.000328108 0.000107029 3.72624e-05 1.5164e-05 7.73239e-06 5.17264e-06 4.6363e-06 5.54967e-06 8.65038e-06 1.6817e-05 3.85623e-05 9.79184e-05 0.00025781 0.00065942 0.00153863 0.00308908 0.00509011 0.00672628 0.00720709 0.00651281 0.00520812 0.00383373 0.00266219 0.0017641 0.00111836 0.000675992 0.000386337 0.000205756 9.95937e-05 4.17896e-05 1.36666e-05 2.48009e-06 0 
0 0.000751246 0.00274992 0.00475714 0.00484603 0.00296231 0.00115615 0.000328108 7.87561e-05 1.84372e-05 4.77455e-06 1.52107e-06 6.47512e-07 3.89207e-07 3.38771e-07 4.25059e-07 7.4493e-07 1.7286e-06 4.95818e-06 1.62764e-05 5.65182e-05 0.000192422 0.000598355 0.00159094 0.00340881 0.00564198 0.00715982 0.00721371 0.00612554 0.00464173 0.00326403 0.00217373 0.0013806 0.000835041 0.00047734 0.000254241 0.000123065 5.16385e-05 1.68875e-05 3.0646e-06 0 
0 0.000865644 0.00302865 0.00471907 0.0039701 0.00184985 0.000526024 0.000107029 1.84372e-05 3.14676e-06 6.13254e-07 1.54198e-07 5.50768e-08 2.98104e-08 2.51838e-08 3.30218e-08 6.4728e-08 1.77991e-07 6.32822e-07 2.65591e-06 1.19981e-05 5.34679e-05 0.00021723 0.000749667 0.00206028 0.00427075 0.00650281 0.007431 0.00679051 0.00533781 0.00381465 0.00255686 0.00162782 0.00098539 0.000563441 0.000300127 0.00014528 6.09607e-05 1.99362e-05 3.61786e-06 0 
0 0.000958202 0.00319914 0.00448577 0.00314097 0.00114346 0.000245759 3.72624e-05 4.77455e-06 6.13254e-07 9.24004e-08 1.87339e-08 5.69927e-09 2.8e-09 2.29774e-09 3.12963e-09 6.77799e-09 2.17058e-08 9.36247e-08 4.9022e-07 2.80515e-06 1.58997e-05 8.18387e-05 0.000354889 0.00121315 0.0030804 0.00558114 0.00725327 0.007176 0.00587857 0.00427998 0.00289038 0.00184528 0.00111811 0.000639537 0.000340696 0.000164923 6.92038e-05 2.2632e-05 4.10708e-06 0 
0 0.00102656 0.00328318 0.00418936 0.00250653 0.000744344 0.00012731 1.5164e-05 1.52107e-06 1.54198e-07 1.87339e-08 3.16945e-09 8.41728e-10 3.80546e-10 3.04054e-10 4.26447e-10 1.00152e-09 3.63536e-09 1.83985e-08 1.15743e-07 8.06005e-07 5.5771e-06 3.48955e-05 0.000182418 0.000744704 0.00223435 0.004697 0.00685793 0.00732039 0.00624871 0.00463686 0.00315587 0.00202065 0.00122562 0.000701266 0.000373621 0.000180868 7.5895e-05 2.48204e-05 4.50421e-06 0 
0 0.00107106 0.00331121 0.00392847 0.00208981 0.000534848 7.74686e-05 7.73239e-06 6.47512e-07 5.50768e-08 5.69927e-09 8.41728e-10 2.01649e-10 8.54728e-11 6.67438e-11 9.53612e-11 2.37111e-10 9.42006e-10 5.35646e-09 3.85551e-08 3.10317e-07 2.48847e-06 1.79884e-05 0.000107926 0.000501951 0.00170348 0.00400811 0.00641858 0.00729967 0.00645775 0.00487419 0.00334103 0.00214496 0.00130225 0.000745349 0.000397149 0.000192264 8.06777e-05 2.63846e-05 4.78807e-06 0 
0 0.00109352 0.00331056 0.00375814 0.00186473 0.000437522 5.75027e-05 5.17264e-06 3.89207e-07 2.98104e-08 2.8e-09 3.80546e-10 8.54728e-11 3.47322e-11 2.66397e-11 3.83139e-11 9.81384e-11 4.09863e-10 2.49026e-09 1.93787e-08 1.69805e-07 1.48619e-06 1.17125e-05 7.63529e-05 0.000384331 0.00140691 0.00355465 0.00605067 0.00719061 0.00652825 0.00499075 0.00343975 0.00221305 0.00134463 0.000769807 0.000410217 0.000198596 8.33356e-05 2.72539e-05 4.94583e-06 0 
0 0.00109599 0.00329884 0.00370053 0.00180277 0.000413534 5.29872e-05 4.6363e-06 3.38771e-07 2.51838e-08 2.29774e-09 3.04054e-10 6.67438e-11 2.66397e-11 2.01891e-11 2.88764e-11 7.40423e-11 3.11501e-10 1.91726e-09 1.51843e-08 1.35888e-07 1.21751e-06 9.83501e-06 6.57584e-05 0.000339702 0.00127768 0.00332016 0.00580407 0.00704439 0.00648227 0.00499118 0.0034514 0.0022236 0.00135176 0.000774042 0.000412503 0.000199708 8.38029e-05 2.74068e-05 4.97359e-06 0 
0 0.00108006 0.00328206 0.00375728 0.00189043 0.000451481 6.0503e-05 5.54967e-06 4.25059e-07 3.30218e-08 3.12963e-09 4.26447e-10 9.53612e-11 3.83139e-11 2.88764e-11 4.06086e-11 1.01373e-10 4.12026e-10 2.43729e-09 1.85033e-08 1.58707e-07 1.36552e-06 1.06312e-05 6.88367e-05 0.000346288 0.00127609 0.00327048 0.0056763 0.00687593 0.00633205 0.00488221 0.00337965 0.00217874 0.00132491 0.000758783 0.000404398 0.000195789 8.21592e-05 2.68694e-05 4.87607e-06 0 
0 0.00104672 0.00325546 0.00391551 0.00213113 0.000561616 8.39809e-05 8.65038e-06 7.4493e-07 6.4728e-08 6.77799e-09 1.00152e-09 2.37111e-10 9.81384e-11 7.40423e-11 1.01373e-10 2.40277e-10 9.0819e-10 4.91949e-09 3.3872e-08 2.62463e-07 2.04269e-06 1.44645e-05 8.59108e-05 0.00040051 0.00138311 0.00336402 0.00562416 0.00666497 0.00607715 0.00467049 0.00323132 0.00208352 0.00126732 0.00072592 0.000386916 0.000187333 7.86123e-05 2.57096e-05 4.6656e-06 0 
0 0.000996613 0.00320615 0.0041468 0.00253883 0.000776494 0.000137052 1.6817e-05 1.7286e-06 1.77991e-07 2.17058e-08 3.63536e-09 9.42006e-10 4.09863e-10 3.11501e-10 4.12026e-10 9.0819e-10 3.09143e-09 1.47157e-08 8.76187e-08 5.82637e-07 3.89174e-06 2.38063e-05 0.000123528 0.000510257 0.0015867 0.00354276 0.00556891 0.0063638 0.005707 0.00436216 0.00301535 0.00194505 0.00118369 0.000678237 0.000361564 0.000175072 7.34698e-05 2.40281e-05 4.36049e-06 0 
0 0.000930657 0.00311711 0.00440326 0.00312212 0.0011542 0.000251689 3.85623e-05 4.95818e-06 6.32822e-07 9.36247e-08 1.83985e-08 5.35646e-09 2.49026e-09 1.91726e-09 2.43729e-09 4.91949e-09 1.47157e-08 5.96208e-08 2.95653e-07 1.61892e-06 8.88907e-06 4.49833e-05 0.000195526 0.000688079 0.00186153 0.00371557 0.00540157 0.0059094 0.00520576 0.0039626 0.00274162 0.00177163 0.00107961 0.000619086 0.000330161 0.000159895 6.71059e-05 2.19475e-05 3.98295e-06 0 
0 0.000850615 0.00297258 0.00461706 0.00385661 0.00177381 0.000494538 9.79184e-05 1.62764e-05 2.65591e-06 4.9022e-07 1.15743e-07 3.85551e-08 1.93787e-08 1.51843e-08 1.85033e-08 3.3872e-08 8.76187e-08 2.95653e-07 1.18928e-06 5.20392e-06 2.2732e-05 9.19431e-05 0.000323256 0.000937131 0.00214332 0.00374998 0.00499877 0.00523744 0.00455542 0.00347476 0.00241886 0.00157144 0.000960904 0.000552039 0.000294667 0.000142762 5.99249e-05 1.96001e-05 3.55705e-06 0 
0 0.000759466 0.00276394 0.00471064 0.0046519 0.00270243 0.000985142 0.00025781 5.65182e-05 1.19981e-05 2.80515e-06 8.06005e-07 3.10317e-07 1.69805e-07 1.35888e-07 1.58707e-07 2.62463e-07 5.82637e-07 1.61892e-06 5.20392e-06 1.78594e-05 6.06906e-05 0.000191164 0.000528251 0.0012256 0.00231222 0.00349264 0.00425326 0.00429463 0.00373414 0.00289445 0.00205153 0.00135096 0.000832881 0.000480533 0.000257007 0.000124621 5.23276e-05 1.71174e-05 3.10661e-06 0 
0 0.000661366 0.0024941 0.00462004 0.00534005 0.00391466 0.00188377 0.00065942 0.000192422 5.34679e-05 1.58997e-05 5.5771e-06 2.48847e-06 1.48619e-06 1.21751e-06 1.36552e-06 2.04269e-06 3.89174e-06 8.88907e-06 2.2732e-05 6.06906e-05 0.00015838 0.000381359 0.000808684 0.00146114 0.00221429 0.00282883 0.00311905 0.00305709 0.00271805 0.00220625 0.00163639 0.00111343 0.000699712 0.000407594 0.00021893 0.000106342 4.4682e-05 1.46198e-05 2.65355e-06 0 
0 0.00056118 0.00217805 0.00432154 0.00572164 0.00519713 0.00328107 0.00153863 0.000598355 0.00021723 8.18387e-05 3.48955e-05 1.79884e-05 1.17125e-05 9.83501e-06 1.06312e-05 1.44645e-05 2.38063e-05 4.49833e-05 9.19431e-05 0.000191164 0.000381359 0.000693484 0.00110407 0.00150168 0.00174368 0.00178401 0.00170781 0.00161977 0.00153934 0.00140514 0.00116669 0.000859078 0.000564309 0.000335716 0.000181928 8.86707e-05 3.73025e-05 1.22104e-05 2.21654e-06 0 
0 0.000463767 0.00183906 0.00384395 0.00566453 0.00616296 0.00497781 0.00308908 0.00159094 0.000749667 0.000354889 0.000182418 0.000107926 7.63529e-05 6.57584e-05 6.88367e-05 8.59108e-05 0.000123528 0.000195526 0.000323256 0.000528251 0.000808684 0.00110407 0.00128763 0.00124135 0.000984882 0.000686177 0.000492464 0.000435146 0.00049095 0.000605599 0.000666684 0.000592479 0.000429642 0.000267049 0.000147223 7.22003e-05 3.04372e-05 9.96985e-06 1.8102e-06 0 
0 0.000373259 0.00150227 0.00325589 0.00518118 0.00646625 0.00639583 0.00509011 0.00340881 0.00206028 0.00121315 0.000744704 0.000501951 0.000384331 0.000339702 0.000346288 0.00040051 0.000510257 0.000688079 0.000937131 0.0012256 0.00146114 0.00150168 0.00124135 0.000753939 0.000313154 9.80103e-05 3.53807e-05 2.59564e-05 4.51396e-05 0.000117654 0.000252563 0.000340321 0.000302107 0.000203919 0.000115825 5.73719e-05 2.42628e-05 7.95512e-06 1.44481e-06 0 
0 0.000292596 0.00118884 0.00263704 0.00441218 0.00604688 0.00693607 0.00672628 0.00564198 0.00427075 0.0030804 0.00223435 0.00170348 0.00140691 0.00127768 0.00127609 0.00138311 0.0015867 0.00186153 0.00214332 0.00231222 0.00221429 0.00174368 0.000984882 0.000313154 4.24632e-05 2.72221e-06 2.28413e-07 1.11794e-07 4.98895e-07 6.34071e-06 5.2189e-05 0.000153693 0.00019379 0.000149216 8.85674e-05 4.44757e-05 1.88861e-05 6.19963e-06 1.12636e-06 0 
0 0.000223386 0.000912761 0.00205251 0.0035381 0.00513491 0.00648043 0.00720709 0.00715982 0.00650281 0.00558114 0.004697 0.00400811 0.00355465 0.00332016 0.00327048 0.00336402 0.00354276 0.00371557 0.00374998 0.00349264 0.00282883 0.00178401 0.000686177 9.80103e-05 2.72221e-06 1.57754e-08 1.35724e-10 3.52928e-11 7.0209e-10 1.04628e-07 6.46744e-06 5.79357e-05 0.000116584 0.000105695 6.60125e-05 3.36471e-05 1.43483e-05 4.71559e-06 8.57018e-07 0 
0 0.000166037 0.000680543 0.00154178 0.0027012 0.00404637 0.00539296 0.00651281 0.00721371 0.007431 0.00725327 0.00685793 0.00641858 0.00605067 0.00580407 0.0056763 0.00562416 0.00556891 0.00540157 0.00499877 0.00425326 0.00311905 0.00170781 0.000492464 3.53807e-05 2.28413e-07 1.35724e-10 1.30757e-13 1.84099e-14 1.54123e-12 2.39504e-09 9.7213e-07 2.37875e-05 7.16501e-05 7.42468e-05 4.82392e-05 2.48601e-05 1.0633e-05 3.49737e-06 6.35755e-07 0 
0 0.000120041 0.000492807 0.00112069 0.00197952 0.0030129 0.00412914 0.00520812 0.00612554 0.00679051 0.007176 0.00732039 0.00729967 0.00719061 0.00704439 0.00687593 0.00666497 0.0063638 0.0059094 0.00523744 0.00429463 0.00305709 0.00161977 0.000435146 2.59564e-05 1.11794e-07 3.52928e-11 1.84099e-14 2.13987e-15 2.56514e-13 7.28334e-10 4.77743e-07 1.5003e-05 4.9709e-05 5.30499e-05 3.4745e-05 1.79428e-05 7.67834e-06 2.52586e-06 4.59168e-07 0 
0 8.42895e-05 0.000346307 0.000788945 0.00139886 0.00214488 0.00297786 0.00383373 0.00464173 0.00533781 0.00587857 0.00624871 0.00645775 0.00652825 0.00648227 0.00633205 0.00607715 0.005707 0.00520576 0.00455542 0.00373414 0.00271805 0.00153934 0.00049095 4.51396e-05 4.98895e-07 7.0209e-10 1.54123e-12 2.56514e-13 1.08294e-11 5.88401e-09 1.03216e-06 1.60229e-05 3.99357e-05 3.87417e-05 2.46585e-05 1.26313e-05 5.3933e-06 1.77309e-06 3.22271e-07 0 
0 5.73536e-05 0.000235724 0.000537449 0.000954526 0.00146824 0.00204978 0.00266219 0.00326403 0.00381465 0.00427998 0.00463686 0.00487419 0.00499075 0.00499118 0.00488221 0.00467049 0.00436216 0.0039626 0.00347476 0.00289445 0.00220625 0.00140514 0.000605599 0.000117654 6.34071e-06 1.04628e-07 2.39504e-09 7.28334e-10 5.88401e-09 2.24713e-07 4.61064e-06 2.2297e-05 3.43617e-05 2.8278e-05 1.71153e-05 8.64101e-06 3.67457e-06 1.20669e-06 2.19256e-07 0 
0 3.76958e-05 0.000154955 0.000353415 0.000628107 0.000967393 0.00135356 0.0017641 0.00217373 0.00255686 0.00289038 0.00315587 0.00334103 0.00343975 0.0034514 0.00337965 0.00323132 0.00301535 0.00274162 0.00241886 0.00205153 0.00163639 0.00116669 0.000666684 0.000252563 5.2189e-05 6.46744e-06 9.7213e-07 4.77743e-07 1.03216e-06 4.61064e-06 1.59875e-05 2.83707e-05 2.83565e-05 1.99639e-05 1.14907e-05 5.71393e-06 2.4191e-06 7.93403e-07 1.4411e-07 0 
0 2.38233e-05 9.79358e-05 0.000223399 0.000397144 0.000611973 0.00085698 0.00111836 0.0013806 0.00162782 0.00184528 0.00202065 0.00214496 0.00221305 0.0022236 0.00217874 0.00208352 0.00194505 0.00177163 0.00157144 0.00135096 0.00111343 0.000859078 0.000592479 0.000340321 0.000153693 5.79357e-05 2.37875e-05 1.5003e-05 1.60229e-05 2.2297e-05 2.83707e-05 2.77282e-05 2.10448e-05 1.33165e-05 7.3869e-06 3.62982e-06 1.53114e-06 5.01624e-07 9.10835e-08 0 
0 1.43837e-05 5.91317e-05 0.000134891 0.000239825 0.000369622 0.000517759 0.000675992 0.000835041 0.00098539 0.00111811 0.00122562 0.00130225 0.00134463 0.00135176 0.00132491 0.00126732 0.00118369 0.00107961 0.000960904 0.000832881 0.000699712 0.000564309 0.000429642 0.000302107 0.00019379 0.000116584 7.16501e-05 4.9709e-05 3.99357e-05 3.43617e-05 2.83565e-05 2.10448e-05 1.39184e-05 8.30991e-06 4.51009e-06 2.19947e-06 9.25478e-07 3.02961e-07 5.49976e-08 0 
0 8.21719e-06 3.37814e-05 7.70637e-05 0.000137018 0.000211188 0.000295858 0.000386337 0.00047734 0.000563441 0.000639537 0.000701266 0.000745349 0.000769807 0.000774042 0.000758783 0.00072592 0.000678237 0.000619086 0.000552039 0.000480533 0.000407594 0.000335716 0.000267049 0.000203919 0.000149216 0.000105695 7.42468e-05 5.30499e-05 3.87417e-05 2.8278e-05 1.99639e-05 1.33165e-05 8.30991e-06 4.83005e-06 2.5928e-06 1.25925e-06 5.29088e-07 1.73116e-07 3.14213e-08 0 
0 4.37575e-06 1.79891e-05 4.10378e-05 7.29653e-05 0.000112465 0.000157561 0.000205756 0.000254241 0.000300127 0.000340696 0.000373621 0.000397149 0.000410217 0.000412503 0.000404398 0.000386916 0.000361564 0.000330161 0.000294667 0.000257007 0.00021893 0.000181928 0.000147223 0.000115825 8.85674e-05 6.60125e-05 4.82392e-05 3.4745e-05 2.46585e-05 1.71153e-05 1.14907e-05 7.3869e-06 4.51009e-06 2.5928e-06 1.38504e-06 6.71337e-07 2.81859e-07 9.21986e-08 1.67329e-08 0 
0 2.11793e-06 8.70701e-06 1.9863e-05 3.53167e-05 5.44357e-05 7.6264e-05 9.95937e-05 0.000123065 0.00014528 0.000164923 0.000180868 0.000192264 0.000198596 0.000199708 0.000195789 0.000187333 0.000175072 0.000159895 0.000142762 0.000124621 0.000106342 8.86707e-05 7.22003e-05 5.73719e-05 4.44757e-05 3.36471e-05 2.48601e-05 1.79428e-05 1.26313e-05 8.64101e-06 5.71393e-06 3.62982e-06 2.19947e-06 1.25925e-06 6.71337e-07 3.25119e-07 1.36452e-07 4.46288e-08 8.09919e-09 0 
0 8.88672e-07 3.65341e-06 8.33442e-06 1.48187e-05 2.28411e-05 3.20003e-05 4.17896e-05 5.16385e-05 6.09607e-05 6.92038e-05 7.5895e-05 8.06777e-05 8.33356e-05 8.38029e-05 8.21592e-05 7.86123e-05 7.34698e-05 6.71059e-05 5.99249e-05 5.23276e-05 4.4682e-05 3.73025e-05 3.04372e-05 2.42628e-05 1.88861e-05 1.43483e-05 1.0633e-05 7.67834e-06 5.3933e-06 3.67457e-06 2.4191e-06 1.53114e-06 9.25478e-07 5.29088e-07 2.81859e-07 1.36452e-07 5.72603e-08 1.87267e-08 3.39842e-09 0 
0 2.90623e-07 1.19478e-06 2.72561e-06 4.84618e-06 7.46975e-06 1.04651e-05 1.36666e-05 1.68875e-05 1.99362e-05 2.2632e-05 2.48204e-05 2.63846e-05 2.72539e-05 2.74068e-05 2.68694e-05 2.57096e-05 2.40281e-05 2.19475e-05 1.96001e-05 1.71174e-05 1.46198e-05 1.22104e-05 9.96985e-06 7.95512e-06 6.19963e-06 4.71559e-06 3.49737e-06 2.52586e-06 1.77309e-06 1.20669e-06 7.93403e-07 5.01624e-07 3.02961e-07 1.73116e-07 9.21986e-08 4.46288e-08 1.87267e-08 6.12431e-09 1.1114e-09 0 
0 5.27398e-08 2.16818e-07 4.94621e-07 8.79443e-07 1.35555e-06 1.89912e-06 2.48009e-06 3.0646e-06 3.61786e-06 4.10708e-06 4.50421e-06 4.78807e-06 4.94583e-06 4.97359e-06 4.87607e-06 4.6656e-06 4.36049e-06 3.98295e-06 3.55705e-06 3.10661e-06 2.65355e-06 2.21654e-06 1.8102e-06 1.44481e-06 1.12636e-06 8.57018e-07 6.35755e-07 4.59168e-07 3.22271e-07 2.19256e-07 1.4411e-07 9.10835e-08 5.49976e-08 3.14213e-08 1.67329e-08 8.09919e-09 3.39842e-09 1.1114e-09 2.01687e-10 0 
0 0 0 0 0 0 0 0 0 0 0 0 0 0 0 0 0 0 0 0 0 0 0 0 0 0 0 0 0 0 0 0 0 0 0 0 0 0 0 0 0 
