0 0 0 0 0 0 0 0 0 0 0 0 0 0 0 0 0 0 0 0 0 0 0 0 0 0 0 0 0 0 0 0 0 0 0 0 0 0 0 0 0 
0 1.35333e-05 5.43583e-05 0.000118673 0.000196012 0.000270857 0.000328542 0.000361625 0.000371525 0.000365217 0.000350816 0.000334864 0.000321596 0.000313281 0.00031081 0.00031415 0.000322559 0.000334609 0.000348113 0.000360116 0.000367099 0.000365509 0.000352604 0.000327376 0.00029113 0.000247324 0.000200637 0.000155639 0.00011572 8.26555e-05 5.67905e-05 3.75187e-05 2.37725e-05 1.43704e-05 8.21403e-06 4.37507e-06 2.1178e-06 8.88652e-07 2.90621e-07 5.27396e-08 0 
0 5.43583e-05 0.00021118 0.000430963 0.000632937 0.000733768 0.000708591 0.000599874 0.0004686 0.000353996 0.000269025 0.000212156 0.000177564 0.000159958 0.000156029 0.00016455 0.000186112 0.000222759 0.000277342 0.000352229 0.00044704 0.000555582 0.000663377 0.000748456 0.000787715 0.000767299 0.000690413 0.00057597 0.000448891 0.00032977 0.00023011 0.000153228 9.74533e-05 5.90091e-05 3.37532e-05 1.79832e-05 8.70594e-06 3.65325e-06 1.19476e-06 2.16817e-07 0 
0 0.000118673 0.000430963 0.000765585 0.000886901 0.000733713 0.000470422 0.000255938 0.000128757 6.44774e-05 3.41636e-05 2.01137e-05 1.36445e-05 1.0911e-05 1.03775e-05 1.16879e-05 1.53381e-05 2.28616e-05 3.74835e-05 6.52498e-05 0.000116309 0.000205022 0.000345994 0.000542771 0.000771246 0.000972602 0.00107609 0.00104503 0.000901644 0.000704601 0.000508761 0.000344697 0.000221012 0.0001343 7.69311e-05 4.10111e-05 1.98583e-05 8.33372e-06 2.72553e-06 4.94616e-07 0 
0 0.000196012 0.000632937 0.000886901 0.000701791 0.000353394 0.00012948 3.93614e-05 1.11408e-05 3.24891e-06 1.06711e-06 4.25359e-07 2.1777e-07 1.48417e-07 1.36484e-07 1.67979e-07 2.69222e-07 5.38418e-07 1.27423e-06 3.36693e-06 9.37021e-06 2.60121e-05 6.86668e-05 0.000165519 0.00035194 0.000640399 0.000972496 0.00121557 0.00125725 0.00110331 0.00085111 0.000596533 0.000388586 0.000237743 0.000136562 7.28758e-05 3.53012e-05 1.48165e-05 4.84593e-06 8.79428e-07 0 
0 0.000270857 0.000733768 0.000733713 0.000353394 9.75754e-05 1.84459e-05 2.80075e-06 3.95435e-07 5.96114e-08 1.08915e-08 2.68776e-09 9.73196e-10 5.44747e-10 4.80592e-10 6.59788e-10 1.35256e-09 3.88379e-09 1.44293e-08 6.35887e-08 3.04738e-07 1.46546e-06 6.59978e-06 2.6339e-05 8.9326e-05 0.000249235 0.00055628 0.000968951 0.00130188 0.00137051 0.00118038 0.000877151 0.000587432 0.000363713 0.000209915 0.00011222 5.43944e-05 2.28352e-05 7.4691e-06 1.35551e-06 0 
0 0.000328542 0.000708591 0.000470422 0.00012948 1.84459e-05 1.66703e-06 1.15423e-07 7.37922e-09 5.23507e-10 4.89181e-11 6.97633e-12 1.69972e-12 7.59555e-13 6.3894e-13 9.93704e-13 2.6986e-12 1.17157e-11 7.28826e-11 5.76302e-10 5.13783e-09 4.62215e-08 3.81578e-07 2.68237e-06 1.52215e-05 6.73407e-05 0.000226864 0.000569675 0.00104477 0.0013957 0.00140638 0.00114158 0.000798242 0.000503622 0.000292847 0.000156991 7.61694e-05 3.1987e-05 1.04637e-05 1.89903e-06 0 
0 0.000361625 0.000599874 0.000255938 3.93614e-05 2.80075e-06 1.15423e-07 3.4476e-09 9.42329e-11 2.97817e-12 1.35557e-13 1.0736e-14 1.71008e-15 6.00072e-16 4.79497e-16 8.5212e-16 3.12729e-15 2.11425e-14 2.28539e-13 3.38233e-12 5.86816e-11 1.03366e-09 1.63416e-08 2.10439e-07 2.06173e-06 1.47511e-05 7.55409e-05 0.000273826 0.000692692 0.00120731 0.00147436 0.00134471 0.000998194 0.000646799 0.000380146 0.000204598 9.94042e-05 4.17635e-05 1.36638e-05 2.47993e-06 0 
0 0.000371525 0.0004686 0.000128757 1.11408e-05 3.95435e-07 7.37922e-09 9.42329e-11 1.09112e-12 1.52313e-14 3.3517e-16 1.46516e-17 1.52054e-18 4.19294e-19 3.18369e-19 6.44891e-19 3.19871e-18 3.37979e-17 6.38173e-16 1.77886e-14 6.04771e-13 2.10116e-11 6.40848e-10 1.52218e-08 2.58814e-07 2.99802e-06 2.31929e-05 0.000119609 0.000410935 0.000931902 0.00139822 0.00146024 0.00116677 0.000782168 0.000466109 0.000252154 0.000122727 5.15925e-05 1.68827e-05 3.06433e-06 0 
0 0.000365217 0.000353996 6.44774e-05 3.24891e-06 5.96114e-08 5.23507e-10 2.97817e-12 1.52313e-14 9.7728e-17 1.07783e-18 2.71849e-20 2.0503e-21 5.21871e-22 3.93891e-22 8.05186e-22 4.66665e-21 7.19017e-20 2.29338e-18 1.1668e-16 7.52183e-15 4.98749e-13 2.84363e-11 1.2102e-09 3.47919e-08 6.37244e-07 7.2748e-06 5.19909e-05 0.000235624 0.000678912 0.00124108 0.00149089 0.00129178 0.000900323 0.00054526 0.000296758 0.000144739 6.08876e-05 1.99287e-05 3.61744e-06 0 
0 0.000350816 0.000269025 3.41636e-05 1.06711e-06 1.08915e-08 4.89181e-11 1.35557e-13 3.3517e-16 1.07783e-18 6.56897e-21 1.17056e-22 8.91728e-24 2.57875e-24 2.00171e-24 3.69871e-24 1.88509e-23 3.20118e-22 1.51297e-20 1.30428e-18 1.48504e-16 1.74993e-14 1.74121e-12 1.24571e-10 5.7189e-09 1.57565e-07 2.54176e-06 2.41995e-05 0.00013922 0.000491855 0.0010687 0.00146198 0.00137196 0.000995167 0.000613021 0.000335783 0.000164137 6.90983e-05 2.26213e-05 4.10648e-06 0 
0 0.000334864 0.000212156 2.01137e-05 4.25359e-07 2.68776e-09 6.97633e-12 1.0736e-14 1.46516e-17 2.71849e-20 1.17056e-22 1.81526e-24 1.26116e-25 3.68273e-26 2.8812e-26 5.06553e-26 2.51569e-25 4.50926e-24 2.58299e-22 3.26544e-20 5.89702e-18 1.11225e-15 1.74576e-13 1.91117e-11 1.28763e-09 4.95834e-08 1.06181e-06 1.27721e-05 8.9014e-05 0.000369575 0.00092194 0.00140566 0.00141485 0.00106438 0.000666145 0.000367102 0.000179827 7.5756e-05 2.48062e-05 4.50342e-06 0 
0 0.000321596 0.000177564 1.36445e-05 2.1777e-07 9.73196e-10 1.69972e-12 1.71008e-15 1.52054e-18 2.0503e-21 8.91732e-24 1.26117e-25 5.65522e-27 1.14883e-27 8.43354e-28 1.62516e-27 1.08371e-26 2.48297e-25 1.53317e-23 2.28584e-21 5.65099e-19 1.49703e-16 3.26796e-14 4.86856e-12 4.3316e-10 2.12649e-08 5.59298e-07 7.96841e-06 6.37395e-05 0.000296777 0.000816805 0.00134839 0.0014318 0.00110862 0.000702793 0.000389229 0.000191 8.05093e-05 2.63675e-05 4.78712e-06 0 
0 0.000313281 0.000159958 1.0911e-05 1.48417e-07 5.44747e-10 7.59555e-13 6.00072e-16 4.19294e-19 5.21871e-22 2.57877e-24 3.68279e-26 1.14885e-27 9.7275e-29 5.01759e-29 1.53203e-28 1.89196e-27 5.48587e-26 3.41078e-24 5.10118e-22 1.46634e-19 4.70864e-17 1.24075e-14 2.20435e-12 2.29955e-10 1.2975e-08 3.83975e-07 6.02849e-06 5.21778e-05 0.000259346 0.000755179 0.00130637 0.00143323 0.00113005 0.000722333 0.000401359 0.000197182 8.31473e-05 2.72348e-05 4.94478e-06 0 
0 0.00031081 0.000156029 1.03775e-05 1.36484e-07 4.80592e-10 6.3894e-13 4.79497e-16 3.18369e-19 3.93891e-22 2.00173e-24 2.88125e-26 8.43374e-28 5.01768e-29 1.80452e-29 8.21722e-29 1.28909e-27 3.94488e-26 2.44975e-24 3.63295e-22 1.07288e-19 3.58876e-17 9.8498e-15 1.81876e-12 1.96536e-10 1.14398e-08 3.47665e-07 5.58035e-06 4.91876e-05 0.000248354 0.000733804 0.00128639 0.00142566 0.0011309 0.000724997 0.000403331 0.000198242 8.36074e-05 2.7387e-05 4.97249e-06 0 
0 0.00031415 0.00016455 1.16879e-05 1.67979e-07 6.59788e-10 9.93704e-13 8.5212e-16 6.44891e-19 8.05187e-22 3.69873e-24 5.06559e-26 1.62518e-27 1.53202e-28 8.2171e-29 2.47044e-28 2.86145e-27 8.14674e-26 5.17345e-24 7.83967e-22 2.14834e-19 6.46538e-17 1.60105e-14 2.68739e-12 2.666e-10 1.44077e-08 4.11352e-07 6.27465e-06 5.31112e-05 0.000259737 0.000748398 0.0012878 0.00141075 0.00111261 0.000711595 0.000395554 0.000194371 8.19697e-05 2.68501e-05 4.875e-06 0 
0 0.000322559 0.000186112 1.53381e-05 2.69222e-07 1.35256e-09 2.6986e-12 3.12729e-15 3.19871e-18 4.66666e-21 1.88509e-23 2.5157e-25 1.08371e-26 1.89193e-27 1.28907e-27 2.86142e-27 2.18918e-26 5.24907e-25 3.33688e-23 4.82325e-21 1.07555e-18 2.54323e-16 4.98413e-14 6.72864e-12 5.48728e-10 2.50023e-08 6.18144e-07 8.38154e-06 6.45655e-05 0.000292829 0.000793845 0.00130363 0.00138551 0.00107565 0.000683353 0.000378919 0.000186045 7.84392e-05 2.56919e-05 4.66462e-06 0 
0 0.000334609 0.000222759 2.28616e-05 5.38418e-07 3.88379e-09 1.17157e-11 2.11425e-14 3.37979e-17 7.19017e-20 3.20118e-22 4.50926e-24 2.48297e-25 5.48582e-26 3.94484e-26 8.14668e-26 5.24906e-25 1.1042e-23 6.41548e-22 7.3675e-20 1.16739e-17 1.93157e-15 2.67889e-13 2.61977e-11 1.59772e-09 5.65022e-08 1.12782e-06 1.28338e-05 8.59008e-05 0.00034804 0.000861406 0.00132049 0.00134343 0.00101995 0.000641884 0.000354702 0.00017396 7.3319e-05 2.40125e-05 4.35961e-06 0 
0 0.000348113 0.000277342 3.74835e-05 1.27423e-06 1.44293e-08 7.28826e-11 2.28539e-13 6.38173e-16 2.29338e-18 1.51297e-20 2.58299e-22 1.53317e-23 3.41077e-24 2.44974e-24 5.17344e-24 3.33687e-23 6.41548e-22 2.89847e-20 2.25379e-18 2.29798e-16 2.4308e-14 2.18481e-12 1.42459e-10 6.02471e-09 1.54713e-07 2.35563e-06 2.1466e-05 0.000120213 0.000422299 0.00093348 0.00131815 0.00127603 0.000945522 0.000589206 0.000324471 0.000158963 6.69779e-05 2.19341e-05 3.98219e-06 0 
0 0.000360116 0.000352229 6.52498e-05 3.36693e-06 6.35887e-08 5.76302e-10 3.38233e-12 1.77886e-14 1.1668e-16 1.30428e-18 3.26544e-20 2.28584e-21 5.10118e-22 3.63294e-22 7.83966e-22 4.82325e-21 7.3675e-20 2.25379e-18 1.09496e-16 6.74686e-15 4.28423e-13 2.34469e-11 9.60131e-10 2.66241e-08 4.71844e-07 5.24093e-06 3.68418e-05 0.000167602 0.000500063 0.000977203 0.00127032 0.00117485 0.000853084 0.000527706 0.000289959 0.000141977 5.98155e-05 1.95885e-05 3.55638e-06 0 
0 0.000367099 0.00044704 0.000116309 9.37021e-06 3.04738e-07 5.13783e-09 5.86816e-11 6.04771e-13 7.52183e-15 1.48504e-16 5.89702e-18 5.65099e-19 1.46634e-19 1.07288e-19 2.14834e-19 1.07555e-18 1.16739e-17 2.29798e-16 6.74686e-15 2.42837e-13 8.92904e-12 2.86595e-10 7.08958e-09 1.23837e-07 1.45416e-06 1.13305e-05 5.94182e-05 0.000214638 0.000539885 0.000941095 0.00114773 0.00103299 0.0007442 0.000459983 0.000252933 0.000123927 5.2229e-05 1.71067e-05 3.10599e-06 0 
0 0.000365509 0.000555582 0.000205022 2.60121e-05 1.46546e-06 4.62215e-08 1.03366e-09 2.10116e-11 4.98749e-13 1.74993e-14 1.11225e-15 1.49703e-16 4.70864e-17 3.58876e-17 6.46538e-17 2.54323e-16 1.93157e-15 2.4308e-14 4.28423e-13 8.92904e-12 1.87892e-10 3.47891e-09 5.07434e-08 5.38964e-07 3.99885e-06 2.07091e-05 7.74054e-05 0.000217871 0.000470205 0.000765955 0.000925347 0.00084634 0.000621072 0.000388632 0.000215065 0.000105672 4.45855e-05 1.46093e-05 2.65293e-06 0 
0 0.000352604 0.000663377 0.000345994 6.86668e-05 6.59978e-06 3.81578e-07 1.63416e-08 6.40848e-10 2.84363e-11 1.74121e-12 1.74576e-13 3.26796e-14 1.24075e-14 9.8498e-15 1.60105e-14 4.98413e-14 2.67889e-13 2.18481e-12 2.34469e-11 2.86595e-10 3.47891e-09 3.7061e-08 3.11497e-07 1.90099e-06 8.07324e-06 2.44861e-05 5.87441e-05 0.000125936 0.000252129 0.000440338 0.000603141 0.000617046 0.000486695 0.000316127 0.000177852 8.79584e-05 3.72e-05 1.21993e-05 2.21589e-06 0 
0 0.000327376 0.000748456 0.000542771 0.000165519 2.6339e-05 2.68237e-06 2.10439e-07 1.52218e-08 1.2102e-09 1.24571e-10 1.91117e-11 4.86856e-12 2.20435e-12 1.81876e-12 2.68739e-12 6.72864e-12 2.61977e-11 1.42459e-10 9.60131e-10 7.08958e-09 5.07434e-08 3.11497e-07 1.44367e-06 4.44361e-06 8.38322e-06 1.05003e-05 1.19784e-05 1.84402e-05 4.32941e-05 0.000118553 0.000258328 0.000367083 0.000347174 0.000245141 0.000142621 7.14024e-05 3.0324e-05 9.95778e-06 1.8095e-06 0 
0 0.00029113 0.000787715 0.000771246 0.00035194 8.9326e-05 1.52215e-05 2.06173e-06 2.58814e-07 3.47919e-08 5.7189e-09 1.28763e-09 4.3316e-10 2.29955e-10 1.96536e-10 2.666e-10 5.48728e-10 1.59772e-09 6.02471e-09 2.66241e-08 1.23837e-07 5.38964e-07 1.90099e-06 4.44361e-06 5.23232e-06 2.45088e-06 5.3367e-07 1.30935e-07 1.2018e-07 5.94477e-07 6.56085e-06 5.00519e-05 0.000155665 0.000216445 0.000179306 0.000110614 5.64834e-05 2.41396e-05 7.94227e-06 1.44408e-06 0 
0 0.000247324 0.000767299 0.000972602 0.000640399 0.000249235 6.73407e-05 1.47511e-05 2.99802e-06 6.37244e-07 1.57565e-07 4.95834e-08 2.12649e-08 1.2975e-08 1.14398e-08 1.44077e-08 2.50023e-08 5.65022e-08 1.54713e-07 4.71844e-07 1.45416e-06 3.99885e-06 8.07324e-06 8.38322e-06 2.45088e-06 1.0514e-07 8.12187e-10 9.33446e-12 3.45427e-12 1.06819e-10 2.70527e-08 2.92423e-06 4.19156e-05 0.000115283 0.000123444 8.30072e-05 4.35438e-05 1.876e-05 6.18679e-06 1.12565e-06 0 
0 0.000200637 0.000690413 0.00107609 0.000972496 0.00055628 0.000226864 7.55409e-05 2.31929e-05 7.2748e-06 2.54176e-06 1.06181e-06 5.59298e-07 3.83975e-07 3.47665e-07 4.11352e-07 6.18144e-07 1.12782e-06 2.35563e-06 5.24093e-06 1.13305e-05 2.07091e-05 2.44861e-05 1.05003e-05 5.3367e-07 8.12187e-10 4.44305e-14 1.29491e-16 1.00811e-15 2.86689e-16 1.00307e-11 6.11672e-08 8.02039e-06 5.54112e-05 8.1691e-05 6.06699e-05 3.27624e-05 1.42311e-05 4.70388e-06 8.56381e-07 0 
0 0.000155639 0.00057597 0.00104503 0.00121557 0.000968951 0.000569675 0.000273826 0.000119609 5.19909e-05 2.41995e-05 1.27721e-05 7.96841e-06 6.02849e-06 5.58035e-06 6.27465e-06 8.38154e-06 1.28338e-05 2.1466e-05 3.68418e-05 5.94182e-05 7.74054e-05 5.87441e-05 1.19784e-05 1.30935e-07 9.33446e-12 1.29491e-16 4.86732e-18 2.22065e-17 3.97635e-17 7.01088e-15 1.88702e-09 1.8516e-06 2.84874e-05 5.45681e-05 4.37399e-05 2.41206e-05 1.05363e-05 3.48784e-06 6.35242e-07 0 
0 0.00011572 0.000448891 0.000901644 0.00125725 0.00130188 0.00104477 0.000692692 0.000410935 0.000235624 0.00013922 8.9014e-05 6.37395e-05 5.21778e-05 4.91876e-05 5.31112e-05 6.45655e-05 8.59008e-05 0.000120213 0.000167602 0.000214638 0.000217871 0.000125936 1.84402e-05 1.2018e-07 3.45427e-12 1.00811e-15 2.22066e-17 3.71647e-18 1.83285e-17 8.67702e-16 6.36892e-10 1.0313e-06 1.91442e-05 3.87384e-05 3.14731e-05 1.74078e-05 7.60874e-06 2.51902e-06 4.58801e-07 0 
0 8.26555e-05 0.00032977 0.000704601 0.00110331 0.00137051 0.0013957 0.00120731 0.000931902 0.000678912 0.000491855 0.000369575 0.000296777 0.000259346 0.000248354 0.000259737 0.000292829 0.00034804 0.000422299 0.000500063 0.000539885 0.000470205 0.000252129 4.32941e-05 5.94477e-07 1.06819e-10 2.86689e-16 3.97635e-17 1.83285e-17 1.94425e-17 8.75137e-14 4.31507e-09 1.69474e-06 1.77391e-05 2.95568e-05 2.26258e-05 1.23e-05 5.34999e-06 1.76881e-06 3.2204e-07 0 
0 5.67905e-05 0.00023011 0.000508761 0.00085111 0.00118038 0.00140638 0.00147436 0.00139822 0.00124108 0.0010687 0.00092194 0.000816805 0.000755179 0.000733804 0.000748398 0.000793845 0.000861406 0.00093348 0.000977203 0.000941095 0.000765955 0.000440338 0.000118553 6.56085e-06 2.70527e-08 1.00307e-11 7.01088e-15 8.67703e-16 8.75137e-14 1.95498e-10 1.29264e-07 4.87838e-06 1.94374e-05 2.32293e-05 1.60471e-05 8.46627e-06 3.65137e-06 1.20436e-06 2.19128e-07 0 
0 3.75187e-05 0.000153228 0.000344697 0.000596533 0.000877151 0.00114158 0.00134471 0.00146024 0.00149089 0.00146198 0.00140566 0.00134839 0.00130637 0.00128639 0.0012878 0.00130363 0.00132049 0.00131815 0.00127032 0.00114773 0.000925347 0.000603141 0.000258328 5.00519e-05 2.92423e-06 6.11672e-08 1.88702e-09 6.36892e-10 4.31507e-09 1.29264e-07 2.40562e-06 1.21373e-05 2.02574e-05 1.76664e-05 1.10188e-05 5.63547e-06 2.40841e-06 7.923e-07 1.44048e-07 0 
0 2.37725e-05 9.74533e-05 0.000221012 0.000388586 0.000587432 0.000798242 0.000998194 0.00116677 0.00129178 0.00137196 0.00141485 0.0014318 0.00143323 0.00142566 0.00141075 0.00138551 0.00134343 0.00127603 0.00117485 0.00103299 0.00084634 0.000617046 0.000367083 0.000155665 4.19156e-05 8.02039e-06 1.8516e-06 1.0313e-06 1.69474e-06 4.87838e-06 1.21373e-05 1.84875e-05 1.77293e-05 1.2462e-05 7.21133e-06 3.59973e-06 1.52688e-06 5.01169e-07 9.10571e-08 0 
0 1.43704e-05 5.90091e-05 0.0001343 0.000237743 0.000363713 0.000503622 0.000646799 0.000782168 0.000900323 0.000995167 0.00106438 0.00110862 0.00113005 0.0011309 0.00111261 0.00107565 0.00101995 0.000945522 0.000853084 0.0007442 0.000621072 0.000486695 0.000347174 0.000216445 0.000115283 5.54112e-05 2.84874e-05 1.91442e-05 1.77391e-05 1.94374e-05 2.02574e-05 1.77293e-05 1.28784e-05 8.04741e-06 4.45464e-06 2.18955e-06 9.24013e-07 3.02798e-07 5.49878e-08 0 
0 8.21403e-06 3.37532e-05 7.69311e-05 0.000136562 0.000209915 0.000292847 0.000380146 0.000466109 0.00054526 0.000613021 0.000666145 0.000702793 0.000722333 0.000724997 0.000711595 0.000683353 0.000641884 0.000589206 0.000527706 0.000459983 0.000388632 0.000316127 0.000245141 0.000179306 0.000123444 8.1691e-05 5.45681e-05 3.87384e-05 2.95568e-05 2.32293e-05 1.76664e-05 1.2462e-05 8.04741e-06 4.76214e-06 2.5778e-06 1.25643e-06 5.28651e-07 1.73065e-07 3.14181e-08 0 
0 4.37507e-06 1.79832e-05 4.10111e-05 7.28758e-05 0.00011222 0.000156991 0.000204598 0.000252154 0.000296758 0.000335783 0.000367102 0.000389229 0.000401359 0.000403331 0.000395554 0.000378919 0.000354702 0.000324471 0.000289959 0.000252933 0.000215065 0.000177852 0.000142621 0.000110614 8.30072e-05 6.06699e-05 4.37399e-05 3.14731e-05 2.26258e-05 1.60471e-05 1.10188e-05 7.21133e-06 4.45464e-06 2.5778e-06 1.38155e-06 6.70646e-07 2.81746e-07 9.21849e-08 1.6732e-08 0 
0 2.1178e-06 8.70594e-06 1.98583e-05 3.53012e-05 5.43944e-05 7.61694e-05 9.94042e-05 0.000122727 0.000144739 0.000164137 0.000179827 0.000191 0.000197182 0.000198242 0.000194371 0.000186045 0.00017396 0.000158963 0.000141977 0.000123927 0.000105672 8.79584e-05 7.14024e-05 5.64834e-05 4.35438e-05 3.27624e-05 2.41206e-05 1.74078e-05 1.23e-05 8.46627e-06 5.63547e-06 3.59973e-06 2.18955e-06 1.25643e-06 6.70646e-07 3.24975e-07 1.36428e-07 4.46257e-08 8.09898e-09 0 
0 8.88652e-07 3.65325e-06 8.33372e-06 1.48165e-05 2.28352e-05 3.1987e-05 4.17635e-05 5.15925e-05 6.08876e-05 6.90983e-05 7.5756e-05 8.05093e-05 8.31473e-05 8.36074e-05 8.19697e-05 7.84392e-05 7.3319e-05 6.69779e-05 5.98155e-05 5.2229e-05 4.45855e-05 3.72e-05 3.0324e-05 2.41396e-05 1.876e-05 1.42311e-05 1.05363e-05 7.60874e-06 5.34999e-06 3.65137e-06 2.40841e-06 1.52688e-06 9.24013e-07 5.28651e-07 2.81746e-07 1.36428e-07 5.72559e-08 1.87261e-08 3.39838e-09 0 
0 2.90621e-07 1.19476e-06 2.72553e-06 4.84593e-06 7.4691e-06 1.04637e-05 1.36638e-05 1.68827e-05 1.99287e-05 2.26213e-05 2.48062e-05 2.63675e-05 2.72348e-05 2.7387e-05 2.68501e-05 2.56919e-05 2.40125e-05 2.19341e-05 1.95885e-05 1.71067e-05 1.46093e-05 1.21993e-05 9.95778e-06 7.94227e-06 6.18679e-06 4.70388e-06 3.48784e-06 2.51902e-06 1.76881e-06 1.20436e-06 7.923e-07 5.01169e-07 3.02798e-07 1.73065e-07 9.21849e-08 4.46257e-08 1.87261e-08 6.12423e-09 1.11139e-09 0 
0 5.27396e-08 2.16817e-07 4.94616e-07 8.79428e-07 1.35551e-06 1.89903e-06 2.47993e-06 3.06433e-06 3.61744e-06 4.10648e-06 4.50342e-06 4.78712e-06 4.94478e-06 4.97249e-06 4.875e-06 4.66462e-06 4.35961e-06 3.98219e-06 3.55638e-06 3.10599e-06 2.65293e-06 2.21589e-06 1.8095e-06 1.44408e-06 1.12565e-06 8.56381e-07 6.35242e-07 4.58801e-07 3.2204e-07 2.19128e-07 1.44048e-07 9.10571e-08 5.49878e-08 3.14181e-08 1.6732e-08 8.09898e-09 3.39838e-09 1.11139e-09 2.01686e-10 0 
0 0 0 0 0 0 0 0 0 0 0 0 0 0 0 0 0 0 0 0 0 0 0 0 0 0 0 0 0 0 0 0 0 0 0 0 0 0 0 0 0 
