0 0 0 0 0 0 0 0 0 0 0 0 0 0 0 0 0 0 0 0 0 0 0 0 0 0 0 0 0 0 0 0 0 0 0 0 0 0 0 0 0 
0 1.35587e-05 5.4584e-05 0.000119657 0.000198923 0.000277315 0.000339936 0.000378388 0.000393011 0.000390165 0.000377911 0.000363078 0.000350273 0.000342068 0.000339533 0.000342689 0.000350739 0.000362114 0.000374444 0.000384599 0.000388962 0.000384032 0.000367309 0.000338182 0.000298398 0.00025176 0.000203078 0.000156846 0.000116256 8.28701e-05 5.6868e-05 3.75441e-05 2.378e-05 1.43724e-05 8.21452e-06 4.37518e-06 2.11782e-06 8.88656e-07 2.90621e-07 5.27396e-08 0 
0 5.4584e-05 0.000213222 0.00043965 0.000656388 0.000777875 0.000770385 0.000669128 0.000535331 0.000412945 0.000319302 0.000255199 0.000215579 0.000195191 0.000190572 0.000200368 0.000225116 0.000266793 0.000328001 0.000410423 0.000512299 0.000625342 0.00073276 0.000811183 0.000838203 0.000802905 0.000712211 0.000587531 0.000454228 0.000331932 0.000230887 0.000153478 9.75254e-05 5.90279e-05 3.37576e-05 1.79841e-05 8.70611e-06 3.65328e-06 1.19476e-06 2.16817e-07 0 
0 0.000119657 0.00043965 0.000798572 0.000957267 0.000826339 0.000554074 0.000314571 0.000164489 8.52192e-05 4.647e-05 2.79877e-05 1.92922e-05 1.55641e-05 1.48264e-05 1.66087e-05 2.1542e-05 3.15642e-05 5.06551e-05 8.60284e-05 0.00014926 0.000255668 0.000418725 0.0006368 0.000876735 0.00107196 0.00115284 0.00109324 0.000926467 0.000715277 0.000512686 0.000345958 0.000221371 0.000134391 7.69521e-05 4.10154e-05 1.9859e-05 8.33383e-06 2.72555e-06 4.94617e-07 0 
0 0.000198923 0.000656388 0.000957267 0.000801597 0.000430247 0.000167955 5.4246e-05 1.62536e-05 4.99292e-06 1.71559e-06 7.09064e-07 3.72483e-07 2.57507e-07 2.37407e-07 2.89651e-07 4.55529e-07 8.86297e-07 2.02702e-06 5.15198e-06 1.37544e-05 3.65879e-05 9.25435e-05 0.000213782 0.000435554 0.00075901 0.00110425 0.0013266 0.00132783 0.00113794 0.00086476 0.000601035 0.00038987 0.000238066 0.000136634 7.28902e-05 3.53037e-05 1.48168e-05 4.84597e-06 8.79431e-07 0 
0 0.000277315 0.000777875 0.000826339 0.000430247 0.000129078 2.6534e-05 4.3799e-06 6.70694e-07 1.09031e-07 2.1281e-08 5.53894e-09 2.0831e-09 1.19084e-09 1.05456e-09 1.42925e-09 2.84934e-09 7.85649e-09 2.77552e-08 1.15531e-07 5.21066e-07 2.35624e-06 9.99172e-06 3.7647e-05 0.000120871 0.000319782 0.000676811 0.00111834 0.00143149 0.00144953 0.00121583 0.000889612 0.000591065 0.000364626 0.000210118 0.00011226 5.44012e-05 2.28361e-05 7.46921e-06 1.35551e-06 0 
0 0.000339936 0.000770385 0.000554074 0.000167955 2.6534e-05 2.673e-06 2.06882e-07 1.47604e-08 1.16028e-09 1.18626e-10 1.81919e-11 4.6676e-12 2.14659e-12 1.81501e-12 2.77362e-12 7.25092e-12 2.97837e-11 1.72971e-10 1.26523e-09 1.03833e-08 8.59049e-08 6.53731e-07 4.25665e-06 2.25091e-05 9.33149e-05 0.000295558 0.000698174 0.00120567 0.00152656 0.00147743 0.00116934 0.000806728 0.000505784 0.000293324 0.000157083 7.6185e-05 3.19892e-05 1.04639e-05 1.89905e-06 0 
0 0.000378388 0.000669128 0.000314571 5.4246e-05 4.3799e-06 2.06882e-07 7.12064e-09 2.2395e-10 8.07163e-12 4.12286e-13 3.58369e-14 6.09934e-15 2.22045e-15 1.78592e-15 3.10298e-15 1.08451e-14 6.8293e-14 6.75885e-13 9.05137e-12 1.412e-10 2.23352e-09 3.18077e-08 3.71395e-07 3.32837e-06 2.19883e-05 0.000104788 0.000354915 0.000839445 0.0013716 0.00158733 0.0013957 0.00101495 0.00065119 0.000381118 0.000204785 9.94352e-05 4.17678e-05 1.36643e-05 2.47996e-06 0 
0 0.000393011 0.000535331 0.000164489 1.62536e-05 6.70694e-07 1.47604e-08 2.2395e-10 3.07642e-12 5.04004e-14 1.27631e-15 6.2484e-17 7.02231e-18 2.01911e-18 1.54357e-18 3.04972e-18 1.42805e-17 1.38421e-16 2.34715e-15 5.79149e-14 1.72947e-12 5.26926e-11 1.41459e-09 2.98137e-08 4.54797e-07 4.78621e-06 3.40422e-05 0.0001628 0.000520386 0.00109896 0.0015461 0.00153929 0.00119526 0.000789946 0.000467853 0.000252488 0.000122782 5.16e-05 1.68835e-05 3.06438e-06 0 
0 0.000390165 0.000412945 8.52192e-05 4.99292e-06 1.09031e-07 1.16028e-09 8.07163e-12 5.04004e-14 3.89861e-16 5.06322e-18 1.44034e-19 1.11827e-20 2.70096e-21 1.99833e-21 4.27756e-21 2.53755e-20 3.65928e-19 1.03397e-17 4.56253e-16 2.52748e-14 1.43732e-12 7.05852e-11 2.61166e-09 6.61294e-08 1.08302e-06 1.1225e-05 7.37625e-05 0.000309568 0.000827365 0.00140815 0.00159731 0.0013343 0.000912519 0.000548044 0.000297293 0.000144827 6.08996e-05 1.99299e-05 3.61751e-06 0 
0 0.000377911 0.000319302 4.647e-05 1.71559e-06 2.1281e-08 1.18626e-10 4.12286e-13 1.27631e-15 5.06322e-18 3.65009e-20 6.74197e-22 4.39706e-23 1.07411e-23 8.01866e-24 1.64952e-23 1.00968e-22 1.86558e-21 8.10358e-20 5.98486e-18 5.74514e-16 5.6942e-14 4.78833e-12 2.9255e-10 1.16383e-08 2.82666e-07 4.09186e-06 3.55214e-05 0.000188342 0.000615553 0.00123993 0.0015903 0.00142875 0.00101233 0.000617023 0.000336556 0.000164264 6.91156e-05 2.2623e-05 4.10658e-06 0 
0 0.000363078 0.000255199 2.79877e-05 7.09064e-07 5.53894e-09 1.81919e-11 3.58369e-14 6.2484e-17 1.44034e-19 6.74198e-22 9.68837e-24 5.54155e-25 1.2994e-25 9.63609e-26 1.96786e-25 1.2532e-24 2.65509e-23 1.53412e-21 1.69854e-19 2.55418e-17 3.98911e-15 5.21133e-13 4.80258e-11 2.76738e-09 9.28636e-08 1.76747e-06 1.92451e-05 0.00012308 0.000471768 0.00108847 0.00154854 0.00148405 0.00108632 0.00067137 0.000368118 0.000179994 7.57786e-05 2.48086e-05 4.50355e-06 0 
0 0.000350273 0.000215579 1.92922e-05 3.72483e-07 2.0831e-09 4.6676e-12 6.09934e-15 7.02231e-18 1.11827e-20 4.39707e-23 5.54158e-25 2.30985e-26 4.02082e-27 2.78344e-27 6.42218e-27 5.25924e-26 1.35534e-24 9.05001e-23 1.28059e-20 2.64903e-18 5.74898e-16 1.03332e-13 1.2828e-11 9.67143e-10 4.10385e-08 9.52753e-07 1.22228e-05 8.94216e-05 0.000383831 0.000975922 0.00149913 0.00151004 0.0011344 0.000709044 0.000390453 0.000191201 8.05365e-05 2.63703e-05 4.78728e-06 0 
0 0.000342068 0.000195191 1.55641e-05 2.57507e-07 1.19084e-09 2.14659e-12 2.22045e-15 2.01911e-18 2.70097e-21 1.07412e-23 1.29941e-25 4.02087e-27 4.03942e-28 2.28565e-28 7.25143e-28 8.78389e-27 2.69613e-25 1.88348e-23 2.91597e-21 7.166e-19 1.87562e-16 4.04537e-14 5.95589e-12 5.23849e-10 2.54349e-08 6.61933e-07 9.33106e-06 7.37345e-05 0.000337649 0.000908032 0.00145995 0.00151644 0.00115816 0.000729233 0.000402717 0.000197405 8.31775e-05 2.72379e-05 4.94495e-06 0 
0 0.000339533 0.000190572 1.48264e-05 2.37407e-07 1.05456e-09 1.81501e-12 1.78592e-15 1.54357e-18 1.99833e-21 8.0187e-24 9.63621e-26 2.78349e-27 2.28567e-28 1.14627e-28 4.25803e-28 5.86978e-27 1.88049e-25 1.3218e-23 2.07067e-21 5.26799e-19 1.4354e-16 3.22153e-14 4.92529e-12 4.48408e-10 2.24461e-08 5.99599e-07 8.63862e-06 6.95174e-05 0.000323481 0.000883137 0.00143916 0.00150965 0.00115955 0.000732067 0.000404727 0.000198471 8.36385e-05 2.73902e-05 4.97267e-06 0 
0 0.000342689 0.000200368 1.66087e-05 2.89651e-07 1.42925e-09 2.77362e-12 3.10298e-15 3.04972e-18 4.27757e-21 1.64952e-23 1.96787e-25 6.42223e-27 7.25141e-28 4.25799e-28 1.26373e-27 1.41145e-26 4.19434e-25 2.92178e-23 4.41429e-21 1.02374e-18 2.51683e-16 5.11574e-14 7.13546e-12 5.98384e-10 2.78943e-08 7.01871e-07 9.63111e-06 7.45567e-05 0.000336476 0.000896908 0.00143664 0.00149155 0.00114001 0.00071835 0.000396889 0.000194591 8.19995e-05 2.68532e-05 4.87517e-06 0 
0 0.000350739 0.000225116 2.1542e-05 4.55529e-07 2.84934e-09 7.25092e-12 1.08451e-14 1.42805e-17 2.53755e-20 1.00969e-22 1.2532e-24 5.25924e-26 8.78381e-27 5.86971e-27 1.41144e-26 1.18286e-25 3.02579e-24 1.97461e-22 2.59177e-20 4.81432e-18 9.36798e-16 1.51902e-13 1.71705e-11 1.19199e-09 4.71422e-08 1.03274e-06 1.26531e-05 8.94403e-05 0.000375201 0.000942884 0.00144509 0.00145961 0.00110033 0.000689397 0.000380112 0.000186243 7.8466e-05 2.56946e-05 4.66477e-06 0 
0 0.000362114 0.000266793 3.15642e-05 8.86297e-07 7.85649e-09 2.97837e-11 6.8293e-14 1.38421e-16 3.65928e-19 1.86558e-21 2.65509e-23 1.35534e-24 2.69612e-25 1.88048e-25 4.19432e-25 3.02578e-24 6.69199e-23 3.65179e-21 3.60659e-19 4.77296e-17 6.57436e-15 7.63118e-13 6.31669e-11 3.31215e-09 1.02576e-07 1.82815e-06 1.89152e-05 0.000116712 0.000438786 0.00100975 0.00145039 0.00140804 0.00104093 0.000646975 0.000355707 0.000174126 7.33419e-05 2.40149e-05 4.35975e-06 0 
0 0.000374444 0.000328001 5.06551e-05 2.02702e-06 2.77552e-08 1.72971e-10 6.75885e-13 2.34715e-15 1.03397e-17 8.10358e-20 1.53412e-21 9.05e-23 1.88348e-23 1.32179e-23 2.92177e-23 1.97461e-22 3.65179e-21 1.46302e-19 9.73761e-18 8.40081e-16 7.50513e-14 5.7256e-12 3.20215e-10 1.17851e-08 2.679e-07 3.67588e-06 3.06858e-05 0.000159297 0.00052141 0.0010763 0.00143187 0.00132944 0.000962418 0.000593277 0.000325276 0.000159097 6.69964e-05 2.1936e-05 3.9823e-06 0 
0 0.000384599 0.000410423 8.60284e-05 5.15198e-06 1.15531e-07 1.26523e-09 9.05137e-12 5.79149e-14 4.56253e-16 5.98486e-18 1.69854e-19 1.28059e-20 2.91597e-21 2.07067e-21 4.41429e-21 2.59177e-20 3.60659e-19 9.73761e-18 4.10309e-16 2.17365e-14 1.18474e-12 5.59046e-11 1.99263e-09 4.8735e-08 7.73688e-07 7.82315e-06 5.07922e-05 0.000215541 0.000602404 0.00110597 0.00136385 0.00121672 0.000866107 0.000530843 0.000290584 0.000142082 5.98301e-05 1.95901e-05 3.55647e-06 0 
0 0.000388962 0.000512299 0.00014926 1.37544e-05 5.21066e-07 1.03833e-08 1.412e-10 1.72947e-12 2.52748e-14 5.74514e-16 2.55418e-17 2.64903e-18 7.166e-19 5.26799e-19 1.02374e-18 4.81432e-18 4.77296e-17 8.40081e-16 2.17365e-14 6.84113e-13 2.19613e-11 6.17811e-10 1.35079e-08 2.11018e-07 2.24705e-06 1.61063e-05 7.86795e-05 0.000266999 0.00063346 0.00104561 0.00121911 0.00106438 0.000754017 0.000462382 0.000253418 0.00012401 5.22408e-05 1.7108e-05 3.10606e-06 0 
0 0.000384032 0.000625342 0.000255668 3.65879e-05 2.35624e-06 8.59049e-08 2.23352e-09 5.26926e-11 1.43732e-12 5.6942e-14 3.98911e-15 5.74898e-16 1.87562e-16 1.4354e-16 2.51683e-16 9.36798e-16 6.57436e-15 7.50513e-14 1.18474e-12 2.19613e-11 4.10368e-10 6.76898e-09 8.86035e-08 8.53465e-07 5.81494e-06 2.80095e-05 9.84444e-05 0.000262481 0.000538849 0.000838472 0.000975482 0.000869335 0.000628587 0.000390532 0.000215459 0.00010574 4.45953e-05 1.46104e-05 2.65299e-06 0 
0 0.000367309 0.00073276 0.000418725 9.25435e-05 9.99172e-06 6.53731e-07 3.18077e-08 1.41459e-09 7.05852e-11 4.78833e-12 5.21133e-13 1.03332e-13 4.04537e-14 3.22153e-14 5.11574e-14 1.51902e-13 7.63118e-13 5.7256e-12 5.59046e-11 6.17811e-10 6.76898e-09 6.52569e-08 4.99634e-07 2.8057e-06 1.11014e-05 3.1765e-05 7.25821e-05 0.000148923 0.000285834 0.000479673 0.00063506 0.000633983 0.000492807 0.000317762 0.000178201 8.80199e-05 3.72089e-05 1.22002e-05 2.21594e-06 0 
0 0.000338182 0.000811183 0.0006368 0.000213782 3.7647e-05 4.25665e-06 3.71395e-07 2.98137e-08 2.61166e-09 2.9255e-10 4.80258e-11 1.2828e-11 5.95589e-12 4.92529e-12 7.13546e-12 1.71705e-11 6.31669e-11 3.20215e-10 1.99263e-09 1.35079e-08 8.86035e-08 4.99634e-07 2.14218e-06 6.17568e-06 1.1096e-05 1.345e-05 1.49561e-05 2.23246e-05 5.02836e-05 0.000131488 0.000275043 0.000379417 0.000352507 0.000246685 0.000142959 7.1462e-05 3.03325e-05 9.95869e-06 1.80956e-06 0 
0 0.000298398 0.000838203 0.000876735 0.000435554 0.000120871 2.25091e-05 3.32837e-06 4.54797e-07 6.61294e-08 1.16383e-08 2.76738e-09 9.67143e-10 5.23849e-10 4.48408e-10 5.98384e-10 1.19199e-09 3.31215e-09 1.17851e-08 4.8735e-08 2.11018e-07 8.53465e-07 2.8057e-06 6.17568e-06 6.99271e-06 3.24946e-06 7.22187e-07 1.81213e-07 1.64265e-07 7.6529e-07 7.77504e-06 5.51514e-05 0.000163377 0.00022111 0.000180829 0.000110956 5.65435e-05 2.4148e-05 7.94316e-06 1.44413e-06 0 
0 0.00025176 0.000802905 0.00107196 0.00075901 0.000319782 9.33149e-05 2.19883e-05 4.78621e-06 1.08302e-06 2.82666e-07 9.28636e-08 4.10385e-08 2.54349e-08 2.24461e-08 2.78943e-08 4.71422e-08 1.02576e-07 2.679e-07 7.73688e-07 2.24705e-06 5.81494e-06 1.11014e-05 1.1096e-05 3.24946e-06 1.48659e-07 1.29622e-09 1.67142e-11 6.29155e-12 1.7383e-10 3.70577e-08 3.45594e-06 4.52448e-05 0.000118948 0.000124898 8.3347e-05 4.36028e-05 1.87681e-05 6.18763e-06 1.1257e-06 0 
0 0.000203078 0.000712211 0.00115284 0.00110425 0.000676811 0.000295558 0.000104788 3.40422e-05 1.1225e-05 4.09186e-06 1.76747e-06 9.52753e-07 6.61933e-07 5.99599e-07 7.01871e-07 1.03274e-06 1.82815e-06 3.67588e-06 7.82315e-06 1.61063e-05 2.80095e-05 3.1765e-05 1.345e-05 7.22187e-07 1.29622e-09 9.25838e-14 7.51852e-17 6.16489e-16 6.68636e-16 1.7068e-11 7.9982e-08 8.99244e-06 5.78827e-05 8.29582e-05 6.09819e-05 3.28162e-05 1.42383e-05 4.70462e-06 8.56421e-07 0 
0 0.000156846 0.000587531 0.00109324 0.0013266 0.00111834 0.000698174 0.000354915 0.0001628 7.37625e-05 3.55214e-05 1.92451e-05 1.22228e-05 9.33106e-06 8.63862e-06 9.63111e-06 1.26531e-05 1.89152e-05 3.06858e-05 5.07922e-05 7.86795e-05 9.84444e-05 7.25821e-05 1.49561e-05 1.81213e-07 1.67142e-11 7.51851e-17 2.40905e-18 1.14619e-17 4.23755e-17 1.46432e-14 2.7023e-09 2.14495e-06 3.00542e-05 5.55651e-05 4.39958e-05 2.41645e-05 1.05422e-05 3.48843e-06 6.35274e-07 0 
0 0.000116256 0.000454228 0.000926467 0.00132783 0.00143149 0.00120567 0.000839445 0.000520386 0.000309568 0.000188342 0.00012308 8.94216e-05 7.37345e-05 6.95174e-05 7.45567e-05 8.94403e-05 0.000116712 0.000159297 0.000215541 0.000266999 0.000262481 0.000148923 2.23246e-05 1.64265e-07 6.29155e-12 6.16488e-16 1.1462e-17 2.88605e-18 2.55288e-17 1.93243e-15 9.32199e-10 1.2031e-06 2.02301e-05 3.94556e-05 3.16571e-05 1.74392e-05 7.61289e-06 2.51944e-06 4.58823e-07 0 
0 8.28701e-05 0.000331932 0.000715277 0.00113794 0.00144953 0.00152656 0.0013716 0.00109896 0.000827365 0.000615553 0.000471768 0.000383831 0.000337649 0.000323481 0.000336476 0.000375201 0.000438786 0.00052141 0.000602404 0.00063346 0.000538849 0.000285834 5.02836e-05 7.6529e-07 1.7383e-10 6.68636e-16 4.23755e-17 2.55287e-17 1.38486e-17 1.65716e-13 5.91133e-09 1.92847e-06 1.85902e-05 3.00256e-05 2.27402e-05 1.23193e-05 5.35255e-06 1.76907e-06 3.22053e-07 0 
0 5.6868e-05 0.000230887 0.000512686 0.00086476 0.00121583 0.00147743 0.00158733 0.0015461 0.00140815 0.00123993 0.00108847 0.000975922 0.000908032 0.000883137 0.000896908 0.000942884 0.00100975 0.0010763 0.00110597 0.00104561 0.000838472 0.000479673 0.000131488 7.77504e-06 3.70577e-08 1.7068e-11 1.46432e-14 1.93243e-15 1.65716e-13 2.92966e-10 1.58708e-07 5.3239e-06 2.00875e-05 2.34962e-05 1.61076e-05 8.47644e-06 3.65273e-06 1.2045e-06 2.19136e-07 0 
0 3.75441e-05 0.000153478 0.000345958 0.000601035 0.000889612 0.00116934 0.0013957 0.00153929 0.00159731 0.0015903 0.00154854 0.00149913 0.00145995 0.00143916 0.00143664 0.00144509 0.00145039 0.00143187 0.00136385 0.00121911 0.000975482 0.00063506 0.000275043 5.51514e-05 3.45594e-06 7.9982e-08 2.7023e-09 9.32199e-10 5.91133e-09 1.58708e-07 2.68213e-06 1.27455e-05 2.06551e-05 1.77923e-05 1.10458e-05 5.64004e-06 2.40903e-06 7.92365e-07 1.44052e-07 0 
0 2.378e-05 9.75254e-05 0.000221371 0.00038987 0.000591065 0.000806728 0.00101495 0.00119526 0.0013343 0.00142875 0.00148405 0.00151004 0.00151644 0.00150965 0.00149155 0.00145961 0.00140804 0.00132944 0.00121672 0.00106438 0.000869335 0.000633983 0.000379417 0.000163377 4.52448e-05 8.99244e-06 2.14495e-06 1.2031e-06 1.92847e-06 5.3239e-06 1.27455e-05 1.89252e-05 1.79062e-05 1.25102e-05 7.22146e-06 3.60148e-06 1.52713e-06 5.01196e-07 9.10587e-08 0 
0 1.43724e-05 5.90279e-05 0.000134391 0.000238066 0.000364626 0.000505784 0.00065119 0.000789946 0.000912519 0.00101233 0.00108632 0.0011344 0.00115816 0.00115955 0.00114001 0.00110033 0.00104093 0.000962418 0.000866107 0.000754017 0.000628587 0.000492807 0.000352507 0.00022111 0.000118948 5.78827e-05 3.00542e-05 2.02301e-05 1.85902e-05 2.00875e-05 2.06551e-05 1.79062e-05 1.29366e-05 8.06246e-06 4.45786e-06 2.19013e-06 9.24098e-07 3.02808e-07 5.49884e-08 0 
0 8.21452e-06 3.37576e-05 7.69521e-05 0.000136634 0.000210118 0.000293324 0.000381118 0.000467853 0.000548044 0.000617023 0.00067137 0.000709044 0.000729233 0.000732067 0.00071835 0.000689397 0.000646975 0.000593277 0.000530843 0.000462382 0.000390532 0.000317762 0.000246685 0.000180829 0.000124898 8.29582e-05 5.55651e-05 3.94556e-05 3.00256e-05 2.34962e-05 1.77923e-05 1.25102e-05 8.06246e-06 4.76607e-06 2.57867e-06 1.25659e-06 5.28677e-07 1.73068e-07 3.14183e-08 0 
0 4.37518e-06 1.79841e-05 4.10154e-05 7.28902e-05 0.00011226 0.000157083 0.000204785 0.000252488 0.000297293 0.000336556 0.000368118 0.000390453 0.000402717 0.000404727 0.000396889 0.000380112 0.000355707 0.000325276 0.000290584 0.000253418 0.000215459 0.000178201 0.000142959 0.000110956 8.3347e-05 6.09819e-05 4.39958e-05 3.16571e-05 2.27402e-05 1.61076e-05 1.10458e-05 7.22146e-06 4.45786e-06 2.57867e-06 1.38175e-06 6.70687e-07 2.81753e-07 9.21857e-08 1.67321e-08 0 
0 2.11782e-06 8.70611e-06 1.9859e-05 3.53037e-05 5.44012e-05 7.6185e-05 9.94352e-05 0.000122782 0.000144827 0.000164264 0.000179994 0.000191201 0.000197405 0.000198471 0.000194591 0.000186243 0.000174126 0.000159097 0.000142082 0.00012401 0.00010574 8.80199e-05 7.1462e-05 5.65435e-05 4.36028e-05 3.28162e-05 2.41645e-05 1.74392e-05 1.23193e-05 8.47644e-06 5.64004e-06 3.60148e-06 2.19013e-06 1.25659e-06 6.70687e-07 3.24984e-07 1.36429e-07 4.46259e-08 8.09899e-09 0 
0 8.88656e-07 3.65328e-06 8.33383e-06 1.48168e-05 2.28361e-05 3.19892e-05 4.17678e-05 5.16e-05 6.08996e-05 6.91156e-05 7.57786e-05 8.05365e-05 8.31775e-05 8.36385e-05 8.19995e-05 7.8466e-05 7.33419e-05 6.69964e-05 5.98301e-05 5.22408e-05 4.45953e-05 3.72089e-05 3.03325e-05 2.4148e-05 1.87681e-05 1.42383e-05 1.05422e-05 7.61289e-06 5.35255e-06 3.65273e-06 2.40903e-06 1.52713e-06 9.24098e-07 5.28677e-07 2.81753e-07 1.36429e-07 5.72562e-08 1.87261e-08 3.39838e-09 0 
0 2.90621e-07 1.19476e-06 2.72555e-06 4.84597e-06 7.46921e-06 1.04639e-05 1.36643e-05 1.68835e-05 1.99299e-05 2.2623e-05 2.48086e-05 2.63703e-05 2.72379e-05 2.73902e-05 2.68532e-05 2.56946e-05 2.40149e-05 2.1936e-05 1.95901e-05 1.7108e-05 1.46104e-05 1.22002e-05 9.95869e-06 7.94316e-06 6.18763e-06 4.70462e-06 3.48843e-06 2.51944e-06 1.76907e-06 1.2045e-06 7.92365e-07 5.01196e-07 3.02808e-07 1.73068e-07 9.21857e-08 4.46259e-08 1.87261e-08 6.12424e-09 1.11139e-09 0 
0 5.27396e-08 2.16817e-07 4.94617e-07 8.79431e-07 1.35551e-06 1.89905e-06 2.47996e-06 3.06438e-06 3.61751e-06 4.10658e-06 4.50355e-06 4.78728e-06 4.94495e-06 4.97267e-06 4.87517e-06 4.66477e-06 4.35975e-06 3.9823e-06 3.55647e-06 3.10606e-06 2.65299e-06 2.21594e-06 1.80956e-06 1.44413e-06 1.1257e-06 8.56421e-07 6.35274e-07 4.58823e-07 3.22053e-07 2.19136e-07 1.44052e-07 9.10587e-08 5.49884e-08 3.14183e-08 1.67321e-08 8.09899e-09 3.39838e-09 1.11139e-09 2.01687e-10 0 
0 0 0 0 0 0 0 0 0 0 0 0 0 0 0 0 0 0 0 0 0 0 0 0 0 0 0 0 0 0 0 0 0 0 0 0 0 0 0 0 0 
