0 0 0 0 0 0 0 0 0 0 0 0 0 0 0 0 0 0 0 0 0 0 0 0 0 0 0 0 0 0 0 0 0 0 0 0 0 0 0 0 0 
0 1.36212e-05 5.51422e-05 0.000122127 0.000206391 0.000294388 0.000371101 0.000425871 0.000455913 0.000465332 0.000461492 0.000451687 0.00044145 0.000434216 0.000431609 0.000433845 0.000439996 0.000448127 0.000455409 0.000458341 0.000453245 0.00043704 0.000408165 0.000367281 0.000317357 0.000262972 0.000209065 0.000159727 0.000117506 8.33595e-05 5.70415e-05 3.75999e-05 2.37963e-05 1.43767e-05 8.21556e-06 4.3754e-06 2.11787e-06 8.88662e-07 2.90622e-07 5.27397e-08 0 
0 5.51422e-05 0.000218336 0.000461973 0.000719278 0.000903158 0.000957859 0.000893663 0.000765287 0.000626988 0.000509752 0.000423572 0.000367585 0.00033777 0.000330676 0.000344645 0.000379813 0.000437424 0.000518447 0.000621313 0.000738971 0.000856414 0.00095104 0.000998111 0.000980635 0.000898171 0.00076776 0.000615766 0.000466806 0.000336884 0.000232625 0.000154026 9.76818e-05 5.90683e-05 3.3767e-05 1.79861e-05 8.70647e-06 3.65333e-06 1.19477e-06 2.16818e-07 0 
0 0.000122127 0.000461973 0.000887722 0.00116358 0.00112772 0.000858058 0.000550911 0.000322284 0.000184242 0.000109131 7.01455e-05 5.06117e-05 4.18722e-05 4.00677e-05 4.42031e-05 5.54562e-05 7.73896e-05 0.000116805 0.000184754 0.000296375 0.000466814 0.000700096 0.000972317 0.00122235 0.00137064 0.00136553 0.00121767 0.000986918 0.000740143 0.000521534 0.000348732 0.000222148 0.000134587 7.69965e-05 4.10244e-05 1.98607e-05 8.33407e-06 2.72557e-06 4.94618e-07 0 
0 0.000206391 0.000719278 0.00116358 0.00113593 0.000730255 0.00034237 0.000131727 4.64674e-05 1.6549e-05 6.46025e-06 2.95733e-06 1.67033e-06 1.20209e-06 1.11624e-06 1.32889e-06 1.98167e-06 3.56825e-06 7.41045e-06 1.68743e-05 4.00274e-05 9.42156e-05 0.000210516 0.000429164 0.000770527 0.00118276 0.00152306 0.0016428 0.00151098 0.00122162 0.00089611 0.000611026 0.000392654 0.000238756 0.000136787 7.29206e-05 3.5309e-05 1.48176e-05 4.84606e-06 8.79436e-07 0 
0 0.000294388 0.000903158 0.00112772 0.000730255 0.000278145 7.27451e-05 1.52332e-05 2.93449e-06 5.89978e-07 1.38628e-07 4.18987e-08 1.75261e-08 1.06286e-08 9.51228e-09 1.24355e-08 2.29265e-08 5.64189e-08 1.7305e-07 6.13656e-07 2.3332e-06 8.8675e-06 3.16887e-05 0.000101188 0.000276786 0.000625304 0.00113075 0.00160602 0.00180204 0.0016524 0.00130003 0.000917738 0.000599006 0.000366583 0.000210545 0.000112343 5.44153e-05 2.28382e-05 7.46943e-06 1.35553e-06 0 
0 0.000371101 0.000957859 0.000858058 0.00034237 7.27451e-05 9.97612e-06 1.05719e-06 1.02673e-07 1.0762e-08 1.41587e-09 2.6612e-10 7.89252e-11 3.93373e-11 3.37425e-11 4.9089e-11 1.15353e-10 4.05761e-10 1.94365e-09 1.1429e-08 7.43587e-08 4.86231e-07 2.94206e-06 1.542e-05 6.6611e-05 0.0002284 0.000602052 0.00118611 0.00172471 0.00189151 0.00165474 0.00123366 0.000825515 0.000510443 0.000294334 0.000157277 7.62173e-05 3.19938e-05 1.04644e-05 1.89908e-06 0 
0 0.000425871 0.000893663 0.000550911 0.000131727 1.52332e-05 1.05719e-06 5.41879e-08 2.52593e-09 1.31553e-10 9.28001e-12 1.04672e-12 2.1446e-13 8.65379e-14 7.08875e-14 1.15629e-13 3.52485e-13 1.81945e-12 1.40665e-11 1.42381e-10 1.64913e-09 1.92962e-08 2.04978e-07 1.81708e-06 1.26533e-05 6.65065e-05 0.000256705 0.000709851 0.00137628 0.00187616 0.00188739 0.00151804 0.00105271 0.000660733 0.000383187 0.000205177 9.95e-05 4.17768e-05 1.36652e-05 2.48001e-06 0 
0 0.000455913 0.000765287 0.000322284 4.64674e-05 2.93449e-06 1.02673e-07 2.52593e-09 5.60087e-11 1.43657e-12 5.39017e-14 3.62401e-15 5.10358e-16 1.66192e-16 1.29847e-16 2.37652e-16 9.4229e-16 7.16786e-15 8.99429e-14 1.57753e-12 3.27634e-11 6.91027e-10 1.2975e-08 1.95531e-07 2.19797e-06 1.76214e-05 9.83728e-05 0.000376398 0.000969363 0.0016644 0.00196694 0.00173695 0.0012609 0.00080704 0.000471585 0.000253192 0.000122897 5.16158e-05 1.68851e-05 3.06447e-06 0 
0 0.000465332 0.000626988 0.000184242 1.6549e-05 5.89978e-07 1.0762e-08 1.31553e-10 1.43657e-12 1.8755e-14 3.85419e-16 1.58182e-17 1.55776e-18 4.13551e-19 3.08704e-19 6.29491e-19 3.20201e-18 3.52212e-17 7.00904e-16 2.07556e-14 7.52122e-13 2.78242e-11 8.9952e-10 2.24844e-08 3.98648e-07 4.76283e-06 3.74794e-05 0.00019283 0.00064328 0.00137569 0.00191694 0.00187519 0.00143464 0.00093966 0.000554045 0.000298426 0.000145011 6.09246e-05 1.99325e-05 3.61765e-06 0 
0 0.000461492 0.000509752 0.000109131 6.46025e-06 1.38628e-07 1.41587e-09 9.28001e-12 5.39017e-14 3.85419e-16 4.63008e-18 1.22475e-19 8.82227e-21 1.97505e-21 1.4198e-21 3.15253e-21 1.97915e-20 3.0106e-19 9.02721e-18 4.2621e-16 2.53646e-14 1.54872e-12 8.13021e-11 3.19241e-09 8.49971e-08 1.44826e-06 1.54277e-05 0.000102624 0.000427248 0.00110626 0.00179361 0.00193939 0.00156598 0.001051 0.000625707 0.0003382 0.00016453 6.91515e-05 2.26267e-05 4.10679e-06 0 
0 0.000451687 0.000423572 7.01455e-05 2.95733e-06 4.18987e-08 2.6612e-10 1.04672e-12 3.62401e-15 1.58182e-17 1.22475e-19 2.27563e-21 1.28576e-22 2.53152e-23 1.76698e-23 4.16494e-23 3.05653e-22 5.99202e-21 2.50376e-19 1.73133e-17 1.54715e-15 1.42473e-13 1.11338e-11 6.33482e-10 2.35548e-08 5.37128e-07 7.32939e-06 6.00143e-05 0.00029812 0.000899433 0.00165327 0.00195094 0.00165479 0.00113634 0.000682783 0.000370288 0.000180345 7.58258e-05 2.48134e-05 4.50382e-06 0 
0 0.00044145 0.000367585 5.06117e-05 1.67033e-06 1.75261e-08 7.89252e-11 2.1446e-13 5.10358e-16 1.55776e-18 8.82227e-21 1.28576e-22 6.0354e-24 1.04863e-24 7.07718e-25 1.77548e-24 1.48513e-23 3.48524e-22 1.8369e-20 1.6709e-18 2.00419e-16 2.48631e-14 2.59367e-12 1.93231e-10 9.16108e-09 2.58254e-07 4.21875e-06 4.01399e-05 0.000226253 0.000761376 0.00153396 0.00193476 0.00170628 0.00119374 0.000722773 0.000393076 0.000191625 8.05935e-05 2.63761e-05 4.7876e-06 0 
0 0.000434216 0.00033777 4.18722e-05 1.20209e-06 1.06286e-08 3.93373e-11 8.65379e-14 1.66192e-16 4.13551e-19 1.97505e-21 2.53152e-23 1.04863e-24 1.63234e-25 1.06497e-25 2.82691e-25 2.61022e-24 6.80514e-23 4.06177e-21 4.30614e-19 6.1083e-17 8.98645e-15 1.10642e-12 9.62526e-11 5.24939e-09 1.67261e-07 3.03183e-06 3.14601e-05 0.000190725 0.000683689 0.00145426 0.0019107 0.00172732 0.00122329 0.000744451 0.000405636 0.000197878 8.3241e-05 2.72444e-05 4.94531e-06 0 
0 0.000431609 0.000330676 4.00677e-05 1.11624e-06 9.51228e-09 3.37425e-11 7.08875e-14 1.29847e-16 3.08704e-19 1.4198e-21 1.76698e-23 7.0772e-25 1.06497e-25 6.85252e-26 1.84126e-25 1.73918e-24 4.63229e-23 2.83184e-21 3.09787e-19 4.55498e-17 6.95662e-15 8.88872e-13 8.01079e-11 4.51295e-09 1.47998e-07 2.75018e-06 2.91485e-05 0.000180011 0.000656486 0.00141921 0.00188971 0.00172337 0.00122612 0.0007477 0.000407733 0.000198959 8.37041e-05 2.73968e-05 4.97304e-06 0 
0 0.000433845 0.000344645 4.42031e-05 1.32889e-06 1.24355e-08 4.9089e-11 1.15629e-13 2.37652e-16 6.29491e-19 3.15254e-21 4.16494e-23 1.77548e-24 2.82691e-25 1.84126e-25 4.75368e-25 4.22086e-24 1.05731e-22 6.03024e-21 6.05782e-19 8.12062e-17 1.13066e-14 1.32227e-12 1.09822e-10 5.75255e-09 1.77168e-07 3.12398e-06 3.17297e-05 0.000189422 0.000672648 0.00142537 0.00187332 0.00169676 0.00120372 0.000733309 0.00039977 0.00019506 8.20627e-05 2.68596e-05 4.87553e-06 0 
0 0.000439996 0.000379813 5.54562e-05 1.98167e-06 2.29265e-08 1.15353e-10 3.52485e-13 9.4229e-16 3.20201e-18 1.97915e-20 3.05653e-22 1.48513e-23 2.61022e-24 1.73918e-24 4.22086e-24 3.35424e-23 7.35651e-22 3.56264e-20 2.94363e-18 3.19867e-16 3.60536e-14 3.43956e-12 2.36476e-10 1.04561e-08 2.78016e-07 4.33255e-06 3.97718e-05 0.000218776 0.000727009 0.00146242 0.0018545 0.00164656 0.00115761 0.000702797 0.000382695 0.000186664 7.85231e-05 2.57005e-05 4.6651e-06 0 
0 0.000448127 0.000437424 7.73896e-05 3.56825e-06 5.64189e-08 4.05761e-10 1.81945e-12 7.16786e-15 3.52212e-17 3.0106e-19 5.99202e-21 3.48524e-22 6.80513e-23 4.63229e-23 1.05731e-22 7.35651e-22 1.3275e-20 4.99933e-19 3.08696e-17 2.45998e-15 2.02811e-13 1.4302e-11 7.42229e-10 2.54881e-08 5.43988e-07 7.04456e-06 5.55484e-05 0.00027009 0.000812081 0.00151149 0.00181904 0.00156955 0.0010895 0.000658284 0.000357891 0.000174484 7.33906e-05 2.40199e-05 4.36003e-06 0 
0 0.000455409 0.000518447 0.000116805 7.41045e-06 1.7305e-07 1.94365e-09 1.40665e-11 8.99429e-14 7.00904e-16 9.02721e-18 2.50376e-19 1.8369e-20 4.06177e-21 2.83184e-21 6.03024e-21 3.56264e-20 4.99933e-19 1.36682e-17 5.85764e-16 3.1654e-14 1.76232e-12 8.49566e-11 3.0914e-09 7.70795e-08 1.24432e-06 1.2727e-05 8.26439e-05 0.000343306 0.000910247 0.00154211 0.00174764 0.00146181 0.00100154 0.000602364 0.000327039 0.000159388 6.70365e-05 2.19402e-05 3.98254e-06 0 
0 0.000458341 0.000621313 0.000184754 1.68743e-05 6.13656e-07 1.1429e-08 1.42381e-10 1.57753e-12 2.07556e-14 4.2621e-16 1.73133e-17 1.6709e-18 4.30614e-19 3.09787e-19 6.05782e-19 2.94363e-18 3.08696e-17 5.85764e-16 1.65681e-14 5.74977e-13 2.04343e-11 6.36658e-10 1.53854e-08 2.6466e-07 3.08408e-06 2.39069e-05 0.000123496 0.000426968 0.000983173 0.00151076 0.0016188 0.00132011 0.000896449 0.000537929 0.000291973 0.000142315 5.98625e-05 1.95935e-05 3.55666e-06 0 
0 0.000453245 0.000738971 0.000296375 4.00274e-05 2.3332e-06 7.43587e-08 1.64913e-09 3.27634e-11 7.52122e-13 2.53646e-14 1.54715e-15 2.00419e-16 6.1083e-17 4.55498e-17 8.12062e-17 3.19867e-16 2.45998e-15 3.1654e-14 5.74977e-13 1.24292e-11 2.72835e-10 5.30577e-09 8.20925e-08 9.37696e-07 7.58449e-06 4.29086e-05 0.000170855 0.000482511 0.000964325 0.00136477 0.00141219 0.00114249 0.000777289 0.000467925 0.000254526 0.000124198 5.22674e-05 1.71108e-05 3.10623e-06 0 
0 0.00043704 0.000856414 0.000466814 9.42156e-05 8.8675e-06 4.86231e-07 1.92962e-08 6.91027e-10 2.78242e-11 1.54872e-12 1.42473e-13 2.48631e-14 8.98645e-15 6.95662e-15 1.13066e-14 3.60536e-14 2.02811e-13 1.76232e-12 2.04343e-11 2.72835e-10 3.65576e-09 4.3631e-08 4.2173e-07 3.08831e-06 1.65544e-05 6.49275e-05 0.000191193 0.00043537 0.000773157 0.00105793 0.00111278 0.000928078 0.000647012 0.000395093 0.000216396 0.000105902 4.46185e-05 1.46129e-05 2.65314e-06 0 
0 0.000408165 0.00095104 0.000700096 0.000210516 3.16887e-05 2.94206e-06 2.04978e-07 1.2975e-08 8.9952e-10 8.13021e-11 1.11338e-11 2.59367e-12 1.10642e-12 8.88872e-13 1.32227e-12 3.43956e-12 1.4302e-11 8.49566e-11 6.36658e-10 5.30577e-09 4.3631e-08 3.18005e-07 1.87478e-06 8.33604e-06 2.70281e-05 6.5578e-05 0.000130376 0.000235809 0.000401103 0.000601655 0.000725949 0.000679269 0.000508525 0.000321879 0.00017907 8.81724e-05 3.72308e-05 1.22026e-05 2.21608e-06 0 
0 0.000367281 0.000998111 0.000972317 0.000429164 0.000101188 1.542e-05 1.81708e-06 1.95531e-07 2.24844e-08 3.19241e-09 6.33482e-10 1.93231e-10 9.62526e-11 8.01079e-11 1.09822e-10 2.36476e-10 7.42229e-10 3.0914e-09 1.53854e-08 8.20925e-08 4.2173e-07 1.87478e-06 6.46265e-06 1.55044e-05 2.42851e-05 2.68324e-05 2.77434e-05 3.79345e-05 7.59857e-05 0.000174536 0.000325793 0.000414324 0.000366934 0.000250757 0.000143838 7.16164e-05 3.03545e-05 9.96104e-06 1.80969e-06 0 
0 0.000317357 0.000980635 0.00122235 0.000770527 0.000276786 6.6611e-05 1.26533e-05 2.19797e-06 3.98648e-07 8.49971e-08 2.35548e-08 9.16108e-09 5.24939e-09 4.51295e-09 5.75255e-09 1.04561e-08 2.54881e-08 7.70795e-08 2.6466e-07 9.37696e-07 3.08831e-06 8.33604e-06 1.55044e-05 1.57318e-05 7.14703e-06 1.68085e-06 4.48685e-07 3.9253e-07 1.54654e-06 1.24655e-05 7.21319e-05 0.000186545 0.000234287 0.000184993 0.000111877 5.67035e-05 2.41704e-05 7.94551e-06 1.44427e-06 0 
0 0.000262972 0.000898171 0.00137064 0.00118276 0.000625304 0.0002284 6.65065e-05 1.76214e-05 4.76283e-06 1.44826e-06 5.37128e-07 2.58254e-07 1.67261e-07 1.47998e-07 1.77168e-07 2.78016e-07 5.43988e-07 1.24432e-06 3.08408e-06 7.58449e-06 1.65544e-05 2.70281e-05 2.42851e-05 7.14703e-06 3.91286e-07 4.78193e-09 8.48775e-11 3.3457e-11 6.76496e-10 8.91966e-08 5.5062e-06 5.59463e-05 0.000129675 0.000128969 8.42791e-05 4.37631e-05 1.87901e-05 6.18988e-06 1.12582e-06 0 
0 0.000209065 0.00076776 0.00136553 0.00152306 0.00113075 0.000602052 0.000256705 9.83728e-05 3.74794e-05 1.54277e-05 7.32939e-06 4.21875e-06 3.03183e-06 2.75018e-06 3.12398e-06 4.33255e-06 7.04456e-06 1.2727e-05 2.39069e-05 4.29086e-05 6.49275e-05 6.5578e-05 2.68324e-05 1.68085e-06 4.78193e-09 7.1961e-13 2.08389e-16 1.30648e-16 7.0981e-15 7.53401e-11 1.69119e-07 1.23715e-05 6.5344e-05 8.6564e-05 6.18482e-05 3.29641e-05 1.42582e-05 4.70661e-06 8.5653e-07 0 
0 0.000159727 0.000615766 0.00121767 0.0016428 0.00160602 0.00118611 0.000709851 0.000376398 0.00019283 0.000102624 6.00143e-05 4.01399e-05 3.14601e-05 2.91485e-05 3.17297e-05 3.97718e-05 5.55484e-05 8.26439e-05 0.000123496 0.000170855 0.000191193 0.000130376 2.77434e-05 4.48685e-07 8.48775e-11 2.08388e-16 3.35473e-18 1.89573e-18 3.89383e-17 1.13424e-13 7.3621e-09 3.23335e-06 3.4888e-05 5.84292e-05 4.47112e-05 2.4286e-05 1.05583e-05 3.49002e-06 6.3536e-07 0 
0 0.000117506 0.000466806 0.000986918 0.00151098 0.00180204 0.00172471 0.00137628 0.000969363 0.00064328 0.000427248 0.00029812 0.000226253 0.000190725 0.000180011 0.000189422 0.000218776 0.00027009 0.000343306 0.000426968 0.000482511 0.00043537 0.000235809 3.79345e-05 3.9253e-07 3.3457e-11 1.30647e-16 1.89574e-18 1.91774e-18 4.40537e-17 1.75329e-14 2.69762e-09 1.84941e-06 2.35942e-05 4.15212e-05 3.21731e-05 1.75262e-05 7.62437e-06 2.52057e-06 4.58884e-07 0 
0 8.33595e-05 0.000336884 0.000740143 0.00122162 0.0016524 0.00189151 0.00187616 0.0016644 0.00137569 0.00110626 0.000899433 0.000761376 0.000683689 0.000656486 0.000672648 0.000727009 0.000812081 0.000910247 0.000983173 0.000964325 0.000773157 0.000401103 7.59857e-05 1.54654e-06 6.76496e-10 7.0981e-15 3.89383e-17 4.40536e-17 1.34135e-17 9.85606e-13 1.42329e-08 2.76596e-06 2.11859e-05 3.13702e-05 2.30609e-05 1.2373e-05 5.35964e-06 1.76977e-06 3.22092e-07 0 
0 5.70415e-05 0.000232625 0.000521534 0.00089611 0.00130003 0.00165474 0.00188739 0.00196694 0.00191694 0.00179361 0.00165327 0.00153396 0.00145426 0.00141921 0.00142537 0.00146242 0.00151149 0.00154211 0.00151076 0.00136477 0.00105793 0.000601655 0.000174536 1.24655e-05 8.91966e-08 7.53401e-11 1.13424e-13 1.75329e-14 9.85606e-13 9.06899e-10 2.81549e-07 6.79533e-06 2.20183e-05 2.42556e-05 1.62771e-05 8.50473e-06 3.65652e-06 1.20488e-06 2.19157e-07 0 
0 3.75999e-05 0.000154026 0.000348732 0.000611026 0.000917738 0.00123366 0.00151804 0.00173695 0.00187519 0.00193939 0.00195094 0.00193476 0.0019107 0.00188971 0.00187332 0.0018545 0.00181904 0.00174764 0.0016188 0.00141219 0.00111278 0.000725949 0.000325793 7.21319e-05 5.5062e-06 1.69119e-07 7.3621e-09 2.69762e-09 1.42329e-08 2.81549e-07 3.63473e-06 1.46095e-05 2.18061e-05 1.81476e-05 1.11212e-05 5.65275e-06 2.41078e-06 7.92545e-07 1.44062e-07 0 
0 2.37963e-05 9.76818e-05 0.000222148 0.000392654 0.000599006 0.000825515 0.00105271 0.0012609 0.00143464 0.00156598 0.00165479 0.00170628 0.00172732 0.00172337 0.00169676 0.00164656 0.00156955 0.00146181 0.00132011 0.00114249 0.000928078 0.000679269 0.000414324 0.000186545 5.59463e-05 1.23715e-05 3.23335e-06 1.84941e-06 2.76596e-06 6.79533e-06 1.46095e-05 2.0202e-05 1.84087e-05 1.26452e-05 7.2497e-06 3.60636e-06 1.52783e-06 5.0127e-07 9.1063e-08 0 
0 1.43767e-05 5.90683e-05 0.000134587 0.000238756 0.000366583 0.000510443 0.000660733 0.00080704 0.00093966 0.001051 0.00113634 0.00119374 0.00122329 0.00122612 0.00120372 0.00115761 0.0010895 0.00100154 0.000896449 0.000777289 0.000647012 0.000508525 0.000366934 0.000234287 0.000129675 6.5344e-05 3.4888e-05 2.35942e-05 2.11859e-05 2.20183e-05 2.18061e-05 1.84087e-05 1.31001e-05 8.10449e-06 4.46682e-06 2.19174e-06 9.24337e-07 3.02835e-07 5.499e-08 0 
0 8.21556e-06 3.3767e-05 7.69965e-05 0.000136787 0.000210545 0.000294334 0.000383187 0.000471585 0.000554045 0.000625707 0.000682783 0.000722773 0.000744451 0.0007477 0.000733309 0.000702797 0.000658284 0.000602364 0.000537929 0.000467925 0.000395093 0.000321879 0.000250757 0.000184993 0.000128969 8.6564e-05 5.84292e-05 4.15212e-05 3.13702e-05 2.42556e-05 1.81476e-05 1.26452e-05 8.10449e-06 4.77703e-06 2.58111e-06 1.25705e-06 5.28748e-07 1.73076e-07 3.14188e-08 0 
0 4.3754e-06 1.79861e-05 4.10244e-05 7.29206e-05 0.000112343 0.000157277 0.000205177 0.000253192 0.000298426 0.0003382 0.000370288 0.000393076 0.000405636 0.000407733 0.00039977 0.000382695 0.000357891 0.000327039 0.000291973 0.000254526 0.000216396 0.00017907 0.000143838 0.000111877 8.42791e-05 6.18482e-05 4.47112e-05 3.21731e-05 2.30609e-05 1.62771e-05 1.11212e-05 7.2497e-06 4.46682e-06 2.58111e-06 1.38232e-06 6.70799e-07 2.81771e-07 9.21879e-08 1.67322e-08 0 
0 2.11787e-06 8.70647e-06 1.98607e-05 3.5309e-05 5.44153e-05 7.62173e-05 9.95e-05 0.000122897 0.000145011 0.00016453 0.000180345 0.000191625 0.000197878 0.000198959 0.00019506 0.000186664 0.000174484 0.000159388 0.000142315 0.000124198 0.000105902 8.81724e-05 7.16164e-05 5.67035e-05 4.37631e-05 3.29641e-05 2.4286e-05 1.75262e-05 1.2373e-05 8.50473e-06 5.65275e-06 3.60636e-06 2.19174e-06 1.25705e-06 6.70799e-07 3.25007e-07 1.36433e-07 4.46264e-08 8.09903e-09 0 
0 8.88662e-07 3.65333e-06 8.33407e-06 1.48176e-05 2.28382e-05 3.19938e-05 4.17768e-05 5.16158e-05 6.09246e-05 6.91515e-05 7.58258e-05 8.05935e-05 8.3241e-05 8.37041e-05 8.20627e-05 7.85231e-05 7.33906e-05 6.70365e-05 5.98625e-05 5.22674e-05 4.46185e-05 3.72308e-05 3.03545e-05 2.41704e-05 1.87901e-05 1.42582e-05 1.05583e-05 7.62437e-06 5.35964e-06 3.65652e-06 2.41078e-06 1.52783e-06 9.24337e-07 5.28748e-07 2.81771e-07 1.36433e-07 5.72569e-08 1.87262e-08 3.39839e-09 0 
0 2.90622e-07 1.19477e-06 2.72557e-06 4.84606e-06 7.46943e-06 1.04644e-05 1.36652e-05 1.68851e-05 1.99325e-05 2.26267e-05 2.48134e-05 2.63761e-05 2.72444e-05 2.73968e-05 2.68596e-05 2.57005e-05 2.40199e-05 2.19402e-05 1.95935e-05 1.71108e-05 1.46129e-05 1.22026e-05 9.96104e-06 7.94551e-06 6.18988e-06 4.70661e-06 3.49002e-06 2.52057e-06 1.76977e-06 1.20488e-06 7.92545e-07 5.0127e-07 3.02835e-07 1.73076e-07 9.21879e-08 4.46264e-08 1.87262e-08 6.12425e-09 1.11139e-09 0 
0 5.27397e-08 2.16818e-07 4.94618e-07 8.79436e-07 1.35553e-06 1.89908e-06 2.48001e-06 3.06447e-06 3.61765e-06 4.10679e-06 4.50382e-06 4.7876e-06 4.94531e-06 4.97304e-06 4.87553e-06 4.6651e-06 4.36003e-06 3.98254e-06 3.55666e-06 3.10623e-06 2.65314e-06 2.21608e-06 1.80969e-06 1.44427e-06 1.12582e-06 8.5653e-07 6.3536e-07 4.58884e-07 3.22092e-07 2.19157e-07 1.44062e-07 9.1063e-08 5.499e-08 3.14188e-08 1.67322e-08 8.09903e-09 3.39839e-09 1.11139e-09 2.01687e-10 0 
0 0 0 0 0 0 0 0 0 0 0 0 0 0 0 0 0 0 0 0 0 0 0 0 0 0 0 0 0 0 0 0 0 0 0 0 0 0 0 0 0 
