0 0 0 0 0 0 0 0 0 0 0 0 0 0 0 0 0 0 0 0 0 0 0 0 0 0 0 0 0 0 0 0 0 0 0 0 0 0 0 0 0 
0 1.32695e-05 5.20693e-05 0.00010912 0.000169567 0.000216765 0.000241075 0.000243232 0.000230493 0.000211109 0.000191246 0.000174466 0.000162385 0.000155499 0.00015379 0.000157037 0.000164901 0.000176847 0.000191965 0.000208765 0.000225043 0.000237962 0.000244439 0.000241846 0.000228847 0.000206025 0.000175928 0.000142384 0.000109365 7.99332e-05 5.57466e-05 3.71595e-05 2.36613e-05 1.43394e-05 8.20628e-06 4.37335e-06 2.11747e-06 8.88598e-07 2.90614e-07 5.27392e-08 0 
0 5.20693e-05 0.000191247 0.000352655 0.000445552 0.000429288 0.000341143 0.000240039 0.000158965 0.000104192 7.04134e-05 5.06859e-05 3.98092e-05 3.46352e-05 3.35806e-05 3.61814e-05 4.2868e-05 5.49266e-05 7.45331e-05 0.000104659 0.000148535 0.000208292 0.000282661 0.00036436 0.000439005 0.000487994 0.000496018 0.000459431 0.00038881 0.000303003 0.000219714 0.000149672 9.63727e-05 5.87158e-05 3.3682e-05 1.79679e-05 8.70306e-06 3.6528e-06 1.19471e-06 2.16813e-07 0 
0 0.00010912 0.000352655 0.000508501 0.000440574 0.000263665 0.000123466 5.02769e-05 1.94223e-05 7.67633e-06 3.31852e-06 1.66021e-06 1.00338e-06 7.52675e-07 7.07896e-07 8.29363e-07 1.18512e-06 1.99897e-06 3.82162e-06 7.92161e-06 1.7032e-05 3.64598e-05 7.49996e-05 0.000143983 0.000251893 0.000393521 0.00053935 0.000639945 0.000654513 0.000581818 0.00045815 0.000326985 0.000215637 0.000132864 7.6591e-05 4.09398e-05 1.98453e-05 8.33172e-06 2.7253e-06 4.94601e-07 0 
0 0.000169567 0.000445552 0.000440574 0.000225287 7.24235e-05 1.71662e-05 3.41661e-06 6.43346e-07 1.28559e-07 3.03277e-08 9.25385e-09 3.916e-09 2.40099e-09 2.16683e-09 2.84563e-09 5.24798e-09 1.28673e-08 3.91959e-08 1.37752e-07 5.18727e-07 1.95495e-06 6.95714e-06 2.23396e-05 6.26614e-05 0.000150219 0.000302751 0.000504735 0.000685813 0.000756521 0.000688879 0.000535834 0.000369695 0.000232698 0.000135384 7.26341e-05 3.52581e-05 1.481e-05 4.84521e-06 8.79384e-07 0 
0 0.000216765 0.000429288 0.000263665 7.24235e-05 1.1218e-05 1.17096e-06 9.70213e-08 7.54217e-09 6.50253e-10 7.27201e-11 1.20673e-11 3.29229e-12 1.57462e-12 1.35063e-12 2.0415e-12 5.15482e-12 2.00349e-11 1.08336e-10 7.29786e-10 5.48372e-09 4.14962e-08 2.89706e-07 1.74237e-06 8.60803e-06 3.39907e-05 0.000106 0.000259523 0.000494041 0.000721878 0.000810459 0.000721127 0.000535909 0.000349674 0.000206645 0.000111559 5.42787e-05 2.28183e-05 7.46723e-06 1.35539e-06 0 
0 0.000241075 0.000341143 0.000123466 1.71662e-05 1.17096e-06 4.80137e-08 1.46139e-09 4.1354e-11 1.36595e-12 6.51927e-14 5.3999e-15 8.92744e-16 3.21534e-16 2.60231e-16 4.61824e-16 1.66908e-15 1.09726e-14 1.14171e-13 1.61542e-12 2.67036e-11 4.48011e-10 6.75897e-09 8.33442e-08 7.85588e-07 5.44783e-06 2.74446e-05 0.000100912 0.000272913 0.000541178 0.000779968 0.000828738 0.000684638 0.000471329 0.000285241 0.00015546 7.59054e-05 3.19491e-05 1.04596e-05 1.89879e-06 0 
0 0.000243232 0.000240039 5.02769e-05 3.41661e-06 9.70213e-08 1.46139e-09 1.5219e-11 1.46067e-13 1.72906e-15 3.3187e-17 1.32122e-18 1.43983e-19 4.98947e-20 4.1025e-20 6.95545e-20 3.00534e-19 3.30358e-18 6.90635e-17 2.16133e-15 8.30158e-14 3.26419e-12 1.12372e-10 2.99213e-09 5.64401e-08 7.16439e-07 6.01429e-06 3.37269e-05 0.000129463 0.000346457 0.00064586 0.000838856 0.000790105 0.00058379 0.000364945 0.000201531 9.88792e-05 4.1689e-05 1.36558e-05 2.47947e-06 0 
0 0.000230493 0.000158965 1.94223e-05 6.43346e-07 7.54217e-09 4.1354e-11 1.46067e-13 4.71469e-16 1.98775e-18 1.87162e-20 1.54718e-21 5.04435e-22 2.98025e-22 2.6635e-22 3.33821e-22 6.59718e-22 2.40765e-21 4.07751e-20 2.62283e-18 2.35434e-16 2.18377e-14 1.72665e-12 9.99477e-11 3.79982e-09 8.89457e-08 1.25216e-06 1.07266e-05 5.79607e-05 0.000205581 0.000487956 0.000774595 0.000841826 0.000675743 0.000439531 0.000246739 0.000121803 5.14625e-05 1.68689e-05 3.06354e-06 0 
0 0.000211109 0.000104192 7.67633e-06 1.28559e-07 6.50253e-10 1.36595e-12 1.72906e-15 1.98775e-18 4.21263e-21 1.02035e-22 2.36702e-23 1.60232e-23 1.30826e-23 1.22783e-23 1.29479e-23 1.54932e-23 2.42933e-23 1.3578e-22 4.98712e-21 8.76712e-19 1.83382e-16 3.1916e-14 3.86064e-12 2.85625e-10 1.19684e-08 2.75822e-07 3.5379e-06 2.63754e-05 0.00012095 0.000355701 0.00067775 0.000847096 0.00074172 0.000503991 0.000288226 0.00014328 6.06835e-05 1.99072e-05 3.61621e-06 0 
0 0.000191246 7.04134e-05 3.31852e-06 3.03277e-08 7.27201e-11 6.51927e-14 3.3187e-17 1.87162e-20 1.02035e-22 4.79346e-24 1.51288e-24 1.34972e-24 1.31361e-24 1.27134e-24 1.21177e-24 1.11681e-24 1.1614e-24 3.11013e-24 5.0714e-23 6.51131e-21 2.59364e-18 9.0902e-16 2.11483e-13 2.82555e-11 1.98638e-09 7.09913e-08 1.30503e-06 1.29494e-05 7.42879e-05 0.000261876 0.000582131 0.000823521 0.000782708 0.000555344 0.000323652 0.000162056 6.88078e-05 2.25909e-05 4.10476e-06 0 
0 0.000174466 5.06859e-05 1.66021e-06 9.25385e-09 1.20673e-11 5.3999e-15 1.32122e-18 1.54718e-21 2.36703e-23 1.51288e-24 2.89965e-25 1.93285e-25 1.92264e-25 1.87747e-25 1.68877e-25 1.37378e-25 1.25202e-25 3.1121e-25 3.70568e-24 2.16377e-22 8.06539e-20 4.93406e-17 1.95761e-14 4.23676e-12 4.54449e-10 2.32488e-08 5.73844e-07 7.19576e-06 4.95014e-05 0.000201431 0.000505092 0.000789335 0.000804081 0.000592702 0.000351395 0.000177118 7.53782e-05 2.47668e-05 4.5012e-06 0 
0 0.000162385 3.98092e-05 1.00338e-06 3.916e-09 3.29229e-12 8.92744e-16 1.43983e-19 5.04436e-22 1.60233e-23 1.34973e-24 1.93286e-25 5.46493e-26 3.66974e-26 3.30555e-26 2.84016e-26 2.25513e-26 2.59498e-26 1.02833e-25 1.14564e-24 3.80803e-23 7.20418e-21 6.00338e-18 3.49974e-15 1.07246e-12 1.56018e-10 1.03401e-08 3.15788e-07 4.69005e-06 3.67704e-05 0.000165653 0.000451883 0.000757903 0.000812568 0.000616687 0.000370555 0.000187764 8.00577e-05 2.63205e-05 4.78448e-06 0 
0 0.000155499 3.46352e-05 7.52675e-07 2.40099e-09 1.57462e-12 3.21534e-16 4.98947e-20 2.98025e-22 1.30826e-23 1.31361e-24 1.92264e-25 3.66975e-26 1.161e-26 7.03973e-27 5.5205e-27 5.21384e-27 1.17785e-26 6.80566e-26 6.9878e-25 1.7081e-23 2.0818e-21 1.81252e-18 1.31335e-15 4.90164e-13 8.47556e-11 6.50574e-09 2.24215e-07 3.6659e-06 3.09504e-05 0.000147636 0.000422105 0.000736809 0.000813851 0.000628588 0.000380839 0.000193613 8.26486e-05 2.71829e-05 4.94186e-06 0 
0 0.00015379 3.35806e-05 7.07896e-07 2.16683e-09 1.35063e-12 2.60231e-16 4.1025e-20 2.6635e-22 1.22784e-23 1.27134e-24 1.87747e-25 3.30556e-26 7.03974e-27 2.31422e-27 1.47651e-27 2.29214e-27 9.36979e-27 6.11968e-26 6.19742e-25 1.43825e-23 1.62498e-21 1.40566e-18 1.06529e-15 4.14178e-13 7.42357e-11 5.87513e-09 2.07639e-07 3.46323e-06 2.9689e-05 0.000143298 0.000413829 0.000729048 0.000811338 0.000629629 0.000382377 0.000194589 8.30965e-05 2.73337e-05 4.96949e-06 0 
0 0.000157037 3.61814e-05 8.29363e-07 2.84563e-09 2.0415e-12 4.61824e-16 6.95545e-20 3.33821e-22 1.29479e-23 1.21177e-24 1.68878e-25 2.84016e-26 5.52051e-27 1.47651e-27 9.32037e-28 2.05857e-27 9.7976e-27 6.7719e-26 7.55835e-25 2.10818e-23 3.08857e-21 2.71932e-18 1.82415e-15 6.3493e-13 1.03299e-10 7.5296e-09 2.48673e-07 3.92942e-06 3.23068e-05 0.000151022 0.000425251 0.000734294 0.000805853 0.000620569 0.000375589 0.00019089 8.14822e-05 2.67992e-05 4.87213e-06 0 
0 0.000164901 4.2868e-05 1.18512e-06 5.24798e-09 5.15482e-12 1.66908e-15 3.00534e-19 6.59718e-22 1.54932e-23 1.11681e-24 1.37379e-25 2.25513e-26 5.21384e-27 2.29214e-27 2.05857e-27 3.64765e-27 1.39631e-26 9.85908e-26 1.36148e-24 5.95356e-23 1.56945e-20 1.20575e-17 6.14507e-15 1.66845e-12 2.1837e-10 1.32303e-08 3.75226e-07 5.25204e-06 3.93208e-05 0.000171049 0.000454694 0.000749431 0.00079585 0.00060165 0.00036111 0.000182943 7.80041e-05 2.56463e-05 4.66204e-06 0 
0 0.000176847 5.49266e-05 1.99897e-06 1.28673e-08 2.00349e-11 1.09726e-14 3.30358e-18 2.40765e-21 2.42933e-23 1.1614e-24 1.25202e-25 2.59498e-26 1.17785e-26 9.36977e-27 9.79758e-27 1.39631e-26 3.81853e-26 2.62614e-25 5.27814e-24 4.58094e-22 2.05184e-19 1.07459e-16 3.65544e-14 6.88775e-12 6.54494e-10 3.02054e-08 6.84708e-07 8.01898e-06 5.23133e-05 0.000204617 0.000499311 0.000768309 0.00077791 0.000572816 0.00033978 0.000171364 7.29541e-05 2.39742e-05 4.35743e-06 0 
0 0.000191965 7.45331e-05 3.82162e-06 3.91959e-08 1.08336e-10 1.14171e-13 6.90635e-17 4.07751e-20 1.3578e-22 3.11013e-24 3.1121e-25 1.02833e-25 6.80564e-26 6.11966e-26 6.77189e-26 9.85907e-26 2.62614e-25 2.07594e-24 7.68097e-23 1.46438e-20 5.33646e-18 1.63571e-15 3.35802e-13 4.00637e-11 2.54925e-09 8.36442e-08 1.43193e-06 1.34164e-05 7.3664e-05 0.000252066 0.000552355 0.000781111 0.000747488 0.000534088 0.000312665 0.000156909 6.66881e-05 2.19035e-05 3.98044e-06 0 
0 0.000208765 0.000104659 7.92161e-06 1.37752e-07 7.29786e-10 1.61542e-12 2.16133e-15 2.62283e-18 4.98712e-21 5.0714e-23 3.70568e-24 1.14564e-24 6.98779e-25 6.19741e-25 7.55834e-25 1.36148e-24 5.27814e-24 7.68097e-23 5.89155e-21 1.07733e-18 2.14595e-16 3.55805e-14 4.10755e-12 2.90605e-10 1.16718e-08 2.58662e-07 3.20577e-06 2.32538e-05 0.000104847 0.000308129 0.000598797 0.000773987 0.000699895 0.00048592 0.000281051 0.000140423 5.95948e-05 1.9565e-05 3.55502e-06 0 
0 0.000225043 0.000148535 1.7032e-05 5.18727e-07 5.48372e-09 2.67036e-11 8.30158e-14 2.35434e-16 8.76712e-19 6.51131e-21 2.16377e-22 3.80802e-23 1.70809e-23 1.43825e-23 2.10818e-23 5.95356e-23 4.58094e-22 1.46438e-20 1.07733e-18 1.05863e-16 1.07432e-14 9.23605e-13 5.74338e-11 2.30661e-09 5.59782e-08 8.04095e-07 6.97169e-06 3.824e-05 0.000139852 0.000352035 0.000610346 0.000729917 0.000631393 0.00042942 0.000246395 0.000122778 5.20644e-05 1.7089e-05 3.10496e-06 0 
0 0.000237962 0.000208292 3.64598e-05 1.95495e-06 4.14962e-08 4.48011e-10 3.26419e-12 2.18377e-14 1.83382e-16 2.59364e-18 8.06539e-20 7.20418e-21 2.0818e-21 1.62498e-21 3.08857e-21 1.56945e-20 2.05184e-19 5.33646e-18 2.14595e-16 1.07432e-14 5.49204e-13 2.41047e-11 7.8869e-10 1.73522e-08 2.422e-07 2.13066e-06 1.23205e-05 5.00396e-05 0.000150231 0.000336169 0.000545885 0.000632175 0.000540228 0.000366368 0.000210234 0.000104812 4.44611e-05 1.45958e-05 2.65214e-06 0 
0 0.000244439 0.000282661 7.49996e-05 6.95714e-06 2.89706e-07 6.75897e-09 1.12372e-10 1.72665e-12 3.1916e-14 9.0902e-16 4.93406e-17 6.00338e-18 1.81252e-18 1.40566e-18 2.71932e-18 1.20575e-17 1.07459e-16 1.63571e-15 3.55805e-14 9.23605e-13 2.41047e-11 5.41273e-10 9.12461e-09 1.03472e-07 7.4225e-07 3.44828e-06 1.17258e-05 3.41309e-05 9.13934e-05 0.000211778 0.000376069 0.000473435 0.000427953 0.000299176 0.000174083 8.72796e-05 3.71012e-05 1.21885e-05 2.21525e-06 0 
0 0.000241846 0.00036436 0.000143983 2.23396e-05 1.74237e-06 8.33442e-08 2.99213e-09 9.99477e-11 3.86064e-12 2.11483e-13 1.95761e-14 3.49974e-15 1.31335e-15 1.06529e-15 1.82415e-15 6.14507e-15 3.65544e-14 3.35802e-13 4.10755e-12 5.74338e-11 7.8869e-10 9.12461e-09 7.557e-08 3.78628e-07 1.02483e-06 1.62997e-06 2.23118e-06 4.28233e-06 1.35801e-05 5.20909e-05 0.000153893 0.000275602 0.000302324 0.000231105 0.00013941 7.08211e-05 3.02396e-05 9.94867e-06 1.80897e-06 0 
0 0.000228847 0.000439005 0.000251893 6.26614e-05 8.60803e-06 7.85588e-07 5.64401e-08 3.79982e-09 2.85625e-10 2.82555e-11 4.23676e-12 1.07246e-12 4.90164e-13 4.14178e-13 6.3493e-13 1.66845e-12 6.88775e-12 4.00637e-11 2.90605e-10 2.30661e-09 1.73522e-08 1.03472e-07 3.78628e-07 5.96114e-07 2.95171e-07 5.47256e-08 1.12232e-08 1.12201e-08 8.71592e-08 1.793e-06 2.3601e-05 0.000105896 0.00018152 0.000166836 0.000107669 5.59528e-05 2.40637e-05 7.93422e-06 1.44362e-06 0 
0 0.000206025 0.000487994 0.000393521 0.000150219 3.39907e-05 5.44783e-06 7.16439e-07 8.89457e-08 1.19684e-08 1.98638e-09 4.54449e-10 1.56018e-10 8.47556e-11 7.42357e-11 1.03299e-10 2.1837e-10 6.54494e-10 2.54925e-09 1.16718e-08 5.59782e-08 2.422e-07 7.4225e-07 1.02483e-06 2.95171e-07 7.77183e-09 2.39146e-11 1.08666e-13 3.2162e-14 2.67011e-12 2.49647e-09 8.21795e-07 2.33039e-05 9.01829e-05 0.00011235 8.0268e-05 4.30542e-05 1.86915e-05 6.17967e-06 1.12525e-06 0 
0 0.000175928 0.000496018 0.00053935 0.000302751 0.000106 2.74446e-05 6.01429e-06 1.25216e-06 2.75822e-07 7.09913e-08 2.32488e-08 1.03401e-08 6.50574e-09 5.87513e-09 7.5296e-09 1.32303e-08 3.02054e-08 8.36442e-08 2.58662e-07 8.04095e-07 2.13066e-06 3.44828e-06 1.62997e-06 5.47256e-08 2.39146e-11 2.66929e-16 2.67663e-15 1.77845e-15 1.8922e-15 1.80236e-13 7.99818e-09 3.35855e-06 3.96181e-05 7.24315e-05 5.82478e-05 3.23324e-05 1.41721e-05 4.69787e-06 8.56049e-07 0 
0 0.000142384 0.000459431 0.000639945 0.000504735 0.000259523 0.000100912 3.37269e-05 1.07266e-05 3.5379e-06 1.30503e-06 5.73844e-07 3.15788e-07 2.24215e-07 2.07639e-07 2.48673e-07 3.75226e-07 6.84708e-07 1.43193e-06 3.20577e-06 6.97169e-06 1.23205e-05 1.17258e-05 2.23118e-06 1.12232e-08 1.08666e-13 2.67663e-15 4.29195e-16 2.42123e-16 1.57246e-16 1.19386e-15 1.22433e-10 6.05013e-07 1.89278e-05 4.74547e-05 4.17931e-05 2.37769e-05 1.04899e-05 3.48318e-06 6.34988e-07 0 
0 0.000109365 0.00038881 0.000654513 0.000685813 0.000494041 0.000272913 0.000129463 5.79607e-05 2.63754e-05 1.29494e-05 7.19576e-06 4.69005e-06 3.6659e-06 3.46323e-06 3.92942e-06 5.25204e-06 8.01898e-06 1.34164e-05 2.32538e-05 3.824e-05 5.00396e-05 3.41309e-05 4.28233e-06 1.12201e-08 3.2162e-14 1.77845e-15 2.42123e-16 1.77744e-16 8.33433e-16 2.36101e-14 3.48019e-11 3.19551e-07 1.25757e-05 3.36546e-05 3.00858e-05 1.71653e-05 7.57623e-06 2.51578e-06 4.58624e-07 0 
0 7.99332e-05 0.000303003 0.000581818 0.000756521 0.000721878 0.000541178 0.000346457 0.000205581 0.00012095 7.42879e-05 4.95014e-05 3.67704e-05 3.09504e-05 2.9689e-05 3.23068e-05 3.93208e-05 5.23133e-05 7.3664e-05 0.000104847 0.000139852 0.000150231 9.13934e-05 1.35801e-05 8.71592e-08 2.67011e-12 1.8922e-15 1.57246e-16 8.33432e-16 1.35582e-16 6.55987e-16 3.9575e-10 6.35874e-07 1.24219e-05 2.62067e-05 2.17649e-05 1.21515e-05 5.33009e-06 1.76682e-06 3.21931e-07 0 
0 5.57466e-05 0.000219714 0.00045815 0.000688879 0.000810459 0.000779968 0.00064586 0.000487956 0.000355701 0.000261876 0.000201431 0.000165653 0.000147636 0.000143298 0.000151022 0.000171049 0.000204617 0.000252066 0.000308129 0.000352035 0.000336169 0.000211778 5.20909e-05 1.793e-06 2.49647e-09 1.80236e-13 1.19386e-15 2.36101e-14 6.55987e-16 9.20303e-12 2.73871e-08 2.51725e-06 1.51394e-05 2.129e-05 1.55901e-05 8.38829e-06 3.64081e-06 1.20328e-06 2.19069e-07 0 
0 3.71595e-05 0.000149672 0.000326985 0.000535834 0.000721127 0.000828738 0.000838856 0.000774595 0.00067775 0.000582131 0.000505092 0.000451883 0.000422105 0.000413829 0.000425251 0.000454694 0.000499311 0.000552355 0.000598797 0.000610346 0.000545885 0.000376069 0.000153893 2.3601e-05 8.21795e-07 7.99818e-09 1.22433e-10 3.48019e-11 3.9575e-10 2.73871e-08 1.05724e-06 8.38309e-06 1.74761e-05 1.67349e-05 1.08142e-05 5.60046e-06 2.40356e-06 7.91796e-07 1.4402e-07 0 
0 2.36613e-05 9.63727e-05 0.000215637 0.000369695 0.000535909 0.000684638 0.000790105 0.000841826 0.000847096 0.000823521 0.000789335 0.000757903 0.000736809 0.000729048 0.000734294 0.000749431 0.000768309 0.000781111 0.000773987 0.000729917 0.000632175 0.000473435 0.000275602 0.000105896 2.33039e-05 3.35855e-06 6.05013e-07 3.19551e-07 6.35874e-07 2.51725e-06 8.38309e-06 1.54817e-05 1.64398e-05 1.21008e-05 7.13428e-06 3.58628e-06 1.52496e-06 5.00963e-07 9.10451e-08 0 
0 1.43394e-05 5.87158e-05 0.000132864 0.000232698 0.000349674 0.000471329 0.00058379 0.000675743 0.00074172 0.000782708 0.000804081 0.000812568 0.000813851 0.000811338 0.000805853 0.00079585 0.00077791 0.000747488 0.000699895 0.000631393 0.000540228 0.000427953 0.000302324 0.00018152 9.01829e-05 3.96181e-05 1.89278e-05 1.25757e-05 1.24219e-05 1.51394e-05 1.74761e-05 1.64398e-05 1.24435e-05 7.93339e-06 4.43009e-06 2.18511e-06 9.23353e-07 3.02725e-07 5.49833e-08 0 
0 8.20628e-06 3.3682e-05 7.6591e-05 0.000135384 0.000206645 0.000285241 0.000364945 0.000439531 0.000503991 0.000555344 0.000592702 0.000616687 0.000628588 0.000629629 0.000620569 0.00060165 0.000572816 0.000534088 0.00048592 0.00042942 0.000366368 0.000299176 0.000231105 0.000166836 0.00011235 7.24315e-05 4.74547e-05 3.36546e-05 2.62067e-05 2.129e-05 1.67349e-05 1.21008e-05 7.93339e-06 4.73216e-06 2.57112e-06 1.25516e-06 5.28454e-07 1.73042e-07 3.14167e-08 0 
0 4.37335e-06 1.79679e-05 4.09398e-05 7.26341e-05 0.000111559 0.00015546 0.000201531 0.000246739 0.000288226 0.000323652 0.000351395 0.000370555 0.000380839 0.000382377 0.000375589 0.00036111 0.00033978 0.000312665 0.000281051 0.000246395 0.000210234 0.000174083 0.00013941 0.000107669 8.0268e-05 5.82478e-05 4.17931e-05 3.00858e-05 2.17649e-05 1.55901e-05 1.08142e-05 7.13428e-06 4.43009e-06 2.57112e-06 1.37999e-06 6.70336e-07 2.81696e-07 9.21787e-08 1.67316e-08 0 
0 2.11747e-06 8.70306e-06 1.98453e-05 3.52581e-05 5.42787e-05 7.59054e-05 9.88792e-05 0.000121803 0.00014328 0.000162056 0.000177118 0.000187764 0.000193613 0.000194589 0.00019089 0.000182943 0.000171364 0.000156909 0.000140423 0.000122778 0.000104812 8.72796e-05 7.08211e-05 5.59528e-05 4.30542e-05 3.23324e-05 2.37769e-05 1.71653e-05 1.21515e-05 8.38829e-06 5.60046e-06 3.58628e-06 2.18511e-06 1.25516e-06 6.70336e-07 3.2491e-07 1.36417e-07 4.46243e-08 8.09888e-09 0 
0 8.88598e-07 3.6528e-06 8.33172e-06 1.481e-05 2.28183e-05 3.19491e-05 4.1689e-05 5.14625e-05 6.06835e-05 6.88078e-05 7.53782e-05 8.00577e-05 8.26486e-05 8.30965e-05 8.14822e-05 7.80041e-05 7.29541e-05 6.66881e-05 5.95948e-05 5.20644e-05 4.44611e-05 3.71012e-05 3.02396e-05 2.40637e-05 1.86915e-05 1.41721e-05 1.04899e-05 7.57623e-06 5.33009e-06 3.64081e-06 2.40356e-06 1.52496e-06 9.23353e-07 5.28454e-07 2.81696e-07 1.36417e-07 5.72539e-08 1.87258e-08 3.39836e-09 0 
0 2.90614e-07 1.19471e-06 2.7253e-06 4.84521e-06 7.46723e-06 1.04596e-05 1.36558e-05 1.68689e-05 1.99072e-05 2.25909e-05 2.47668e-05 2.63205e-05 2.71829e-05 2.73337e-05 2.67992e-05 2.56463e-05 2.39742e-05 2.19035e-05 1.9565e-05 1.7089e-05 1.45958e-05 1.21885e-05 9.94867e-06 7.93422e-06 6.17967e-06 4.69787e-06 3.48318e-06 2.51578e-06 1.76682e-06 1.20328e-06 7.91796e-07 5.00963e-07 3.02725e-07 1.73042e-07 9.21787e-08 4.46243e-08 1.87258e-08 6.12419e-09 1.11139e-09 0 
0 5.27392e-08 2.16813e-07 4.94601e-07 8.79384e-07 1.35539e-06 1.89879e-06 2.47947e-06 3.06354e-06 3.61621e-06 4.10476e-06 4.5012e-06 4.78448e-06 4.94186e-06 4.96949e-06 4.87213e-06 4.66204e-06 4.35743e-06 3.98044e-06 3.55502e-06 3.10496e-06 2.65214e-06 2.21525e-06 1.80897e-06 1.44362e-06 1.12525e-06 8.56049e-07 6.34988e-07 4.58624e-07 3.21931e-07 2.19069e-07 1.4402e-07 9.10451e-08 5.49833e-08 3.14167e-08 1.67316e-08 8.09888e-09 3.39836e-09 1.11139e-09 2.01686e-10 0 
0 0 0 0 0 0 0 0 0 0 0 0 0 0 0 0 0 0 0 0 0 0 0 0 0 0 0 0 0 0 0 0 0 0 0 0 0 0 0 0 0 
