0 0 0 0 0 0 0 0 0 0 0 0 0 0 0 0 0 0 0 0 0 0 0 0 0 0 0 0 0 0 0 0 0 0 0 0 0 0 0 0 0 
0 1.35767e-05 5.47443e-05 0.000120361 0.000201027 0.000282051 0.000348426 0.000391083 0.000409531 0.000409599 0.000399242 0.000385469 0.000373158 0.000365109 0.000362538 0.00036551 0.000373188 0.0003839 0.000395144 0.000403668 0.000405806 0.000398128 0.000378348 0.000346177 0.000303696 0.000254945 0.000204805 0.000157689 0.000116626 8.30168e-05 5.69205e-05 3.75611e-05 2.3785e-05 1.43737e-05 8.21484e-06 4.37525e-06 2.11784e-06 8.88658e-07 2.90621e-07 5.27397e-08 0 
0 5.47443e-05 0.000214682 0.000445936 0.000673707 0.000811344 0.000818726 0.000724958 0.000590603 0.000462902 0.000362696 0.000292866 0.00024916 0.000226474 0.000221271 0.000232107 0.000259449 0.000305169 0.000371581 0.000459696 0.000566542 0.000682126 0.000787954 0.000859872 0.000876417 0.000829195 0.000727937 0.000595702 0.000457935 0.000333413 0.000231413 0.000153645 9.75735e-05 5.90404e-05 3.37605e-05 1.79848e-05 8.70623e-06 3.6533e-06 1.19477e-06 2.16817e-07 0 
0 0.000120361 0.000445936 0.000823025 0.00101148 0.00090119 0.00062507 0.00036661 0.00019745 0.000104986 5.85146e-05 3.58552e-05 2.5017e-05 2.03182e-05 1.93782e-05 2.16193e-05 2.77935e-05 4.01998e-05 6.34726e-05 0.000105789 0.000179795 0.000301271 0.000482167 0.000716011 0.00096232 0.00114949 0.00121051 0.00112826 0.000943997 0.000722653 0.000515354 0.000346804 0.00022161 0.000134452 7.69659e-05 4.10182e-05 1.98596e-05 8.33391e-06 2.72556e-06 4.94617e-07 0 
0 0.000201027 0.000673707 0.00101148 0.000883332 0.000497563 0.000203863 6.89566e-05 2.1575e-05 6.89365e-06 2.45076e-06 1.04097e-06 5.57553e-07 3.8962e-07 3.59898e-07 4.36221e-07 6.76331e-07 1.28889e-06 2.87273e-06 7.09036e-06 1.83431e-05 4.72379e-05 0.000115644 0.000258552 0.000509685 0.000859116 0.00120983 0.00141118 0.00137927 0.00116232 0.000874128 0.000604072 0.000390726 0.00023828 0.000136682 7.28997e-05 3.53054e-05 1.48171e-05 4.846e-06 8.79432e-07 0 
0 0.000282051 0.000811344 0.00090119 0.000497563 0.000159015 3.48396e-05 6.1266e-06 9.97479e-07 1.71646e-07 3.52104e-08 9.53933e-09 3.69145e-09 2.14399e-09 1.90402e-09 2.55568e-09 4.98916e-09 1.33431e-08 4.53848e-08 1.8097e-07 7.79724e-07 3.36588e-06 1.36376e-05 4.91841e-05 0.000151419 0.000384475 0.000780994 0.0012396 0.00153046 0.00150686 0.00124058 0.000898093 0.000593498 0.000365232 0.000210251 0.000112286 5.44056e-05 2.28368e-05 7.46928e-06 1.35552e-06 0 
0 0.000348426 0.000818726 0.00062507 0.000203863 3.48396e-05 3.81022e-06 3.2075e-07 2.48563e-08 2.1107e-09 2.30908e-10 3.73987e-11 9.97627e-12 4.68818e-12 3.97933e-12 6.00125e-12 1.52459e-11 6.00698e-11 3.31278e-10 2.28527e-09 1.76217e-08 1.36879e-07 9.79638e-07 6.02e-06 3.01726e-05 0.00011901 0.00035938 0.000809713 0.00133565 0.00162538 0.00152828 0.00118849 0.000812448 0.000507222 0.000293638 0.000157144 7.61951e-05 3.19906e-05 1.04641e-05 1.89906e-06 0 
0 0.000391083 0.000724958 0.00036661 6.89566e-05 6.1266e-06 3.2075e-07 1.22836e-08 4.29354e-10 1.70823e-11 9.51554e-13 8.8706e-14 1.58688e-14 5.93893e-15 4.80024e-15 8.20001e-15 2.7626e-14 1.64919e-13 1.52744e-12 1.89739e-11 2.73247e-10 3.98625e-09 5.24757e-08 5.69142e-07 4.76843e-06 2.96504e-05 0.000133716 0.000429691 0.000964841 0.00150142 0.00167069 0.00143149 0.00102635 0.000654122 0.00038176 0.000204907 9.94555e-05 4.17706e-05 1.36646e-05 2.47998e-06 0 
0 0.000409531 0.000590603 0.00019745 2.1575e-05 9.97479e-07 2.48563e-08 4.29354e-10 6.70714e-12 1.23939e-13 3.4881e-15 1.85955e-16 2.2202e-17 6.59855e-18 5.07342e-18 9.82299e-18 4.39962e-17 3.99592e-16 6.24931e-15 1.40692e-13 3.81097e-12 1.05191e-10 2.56555e-09 4.94181e-08 6.94674e-07 6.79914e-06 4.53625e-05 0.000204687 0.000618637 0.00123693 0.0016589 0.00159593 0.00121486 0.00079517 0.000469008 0.000252707 0.000122818 5.1605e-05 1.6884e-05 3.0644e-06 0 
0 0.000409599 0.000462902 0.000104986 6.89365e-06 1.71646e-07 2.1107e-09 1.70823e-11 1.23939e-13 1.1034e-15 1.62091e-17 5.08005e-19 4.16268e-20 1.0125e-20 7.46699e-21 1.60085e-20 9.25291e-20 1.247e-18 3.2087e-17 1.27206e-15 6.28754e-14 3.18565e-12 1.3983e-10 4.65671e-09 1.07165e-07 1.61307e-06 1.55386e-05 9.57559e-05 0.00037865 0.000954792 0.00153968 0.0016752 0.00136391 0.000920762 0.000549896 0.000297645 0.000144884 6.09074e-05 1.99307e-05 3.61755e-06 0 
0 0.000399242 0.000362696 5.85146e-05 2.45076e-06 3.52104e-08 2.30908e-10 9.51554e-13 3.4881e-15 1.62091e-17 1.33711e-19 2.66724e-21 1.68983e-22 3.81393e-23 2.78454e-23 6.059e-23 3.96983e-22 7.23509e-21 2.87138e-19 1.88204e-17 1.58894e-15 1.38272e-13 1.02455e-11 5.55897e-10 1.98555e-08 4.38547e-07 5.84969e-06 4.73336e-05 0.000235665 0.000725043 0.00137849 0.0016861 0.00146877 0.001024 0.000619693 0.000337066 0.000164347 6.91268e-05 2.26242e-05 4.10665e-06 0 
0 0.000385469 0.000292866 3.58552e-05 1.04097e-06 9.53933e-09 3.73987e-11 8.8706e-14 1.85955e-16 5.08005e-19 2.66724e-21 3.90371e-23 2.08134e-24 4.37938e-25 3.14988e-25 6.97299e-25 4.95822e-24 1.09492e-22 5.98428e-21 5.87902e-19 7.69044e-17 1.04221e-14 1.18602e-12 9.60228e-11 4.91923e-09 1.48827e-07 2.59153e-06 2.61641e-05 0.000156638 0.000564288 0.00122614 0.00165699 0.00153331 0.00110133 0.000674868 0.000368791 0.000180103 7.57934e-05 2.48101e-05 4.50364e-06 0 
0 0.000373158 0.00024916 2.5017e-05 5.57553e-07 3.69145e-09 9.97627e-12 1.58688e-14 2.2202e-17 4.16269e-20 1.68983e-22 2.08134e-24 8.64433e-26 1.43996e-26 9.74904e-27 2.41372e-26 2.10436e-25 5.56024e-24 3.66962e-22 4.72486e-20 8.46657e-18 1.58121e-15 2.45568e-13 2.65791e-11 1.76922e-09 6.72725e-08 1.42159e-06 1.68448e-05 0.000115092 0.000463822 0.00110943 0.00161494 0.00156619 0.00115213 0.00071324 0.000391265 0.000191333 8.05543e-05 2.63721e-05 4.78738e-06 0 
0 0.000365109 0.000226474 2.03182e-05 3.8962e-07 2.14399e-09 4.68818e-12 5.93893e-15 6.59855e-18 1.0125e-20 3.81394e-23 4.37941e-25 1.43997e-26 1.69248e-27 1.01759e-27 3.08388e-27 3.4888e-26 1.06164e-24 7.56847e-23 1.10713e-20 2.36457e-18 5.30263e-16 9.83802e-14 1.25756e-11 9.72876e-10 4.21885e-08 9.96599e-07 1.29487e-05 9.544e-05 0.000410156 0.00103733 0.00157879 0.00157645 0.00117755 0.000733875 0.000403619 0.000197552 8.31973e-05 2.72399e-05 4.94506e-06 0 
0 0.000362538 0.000221271 1.93782e-05 3.59898e-07 1.90402e-09 3.97933e-12 4.80024e-15 5.07342e-18 7.46699e-21 2.78455e-23 3.14991e-25 9.74915e-27 1.01759e-27 5.79369e-28 1.89244e-27 2.31611e-26 7.2948e-25 5.2661e-23 7.87725e-21 1.74486e-18 4.0706e-16 7.85302e-14 1.04174e-11 8.33736e-10 3.7257e-08 9.03064e-07 1.19896e-05 8.99972e-05 0.000393125 0.00100969 0.00155762 0.00157034 0.00117933 0.000736828 0.000405654 0.000198623 8.36589e-05 2.73922e-05 4.97278e-06 0 
0 0.00036551 0.000232107 2.16193e-05 4.36221e-07 2.55568e-09 6.00125e-12 8.20001e-15 9.82299e-18 1.60085e-20 6.05901e-23 6.97303e-25 2.41373e-26 3.08388e-27 1.89243e-27 5.41792e-27 5.72324e-26 1.67982e-24 1.17352e-22 1.64685e-20 3.31362e-18 6.99342e-16 1.22536e-13 1.487e-11 1.09898e-09 4.58375e-08 1.0486e-06 1.32816e-05 9.60301e-05 0.000407254 0.00102226 0.00155175 0.00154987 0.00115894 0.000722902 0.000397777 0.000194737 8.20192e-05 2.68552e-05 4.87528e-06 0 
0 0.000373188 0.000259449 2.77935e-05 6.76331e-07 4.98916e-09 1.52459e-11 2.7626e-14 4.39962e-17 9.25291e-20 3.96983e-22 4.95823e-24 2.10436e-25 3.48878e-26 2.31609e-26 5.72321e-26 4.90066e-25 1.25277e-23 7.84187e-22 9.22549e-20 1.48598e-17 2.49711e-15 3.51142e-13 3.47304e-11 2.13599e-09 7.59398e-08 1.51865e-06 1.72314e-05 0.000114045 0.000450357 0.00106752 0.00155378 0.00151291 0.00111737 0.000693472 0.000380907 0.000186373 7.84838e-05 2.56964e-05 4.66487e-06 0 
0 0.0003839 0.000305169 4.01998e-05 1.28889e-06 1.33431e-08 6.00698e-11 1.64919e-13 3.99592e-16 1.247e-18 7.23509e-21 1.09492e-22 5.56023e-24 1.06164e-24 7.29477e-25 1.67981e-24 1.25277e-23 2.7179e-22 1.36426e-20 1.19141e-18 1.3761e-16 1.65136e-14 1.67668e-12 1.22433e-10 5.73014e-09 1.60594e-07 2.6278e-06 2.52966e-05 0.000146645 0.00052026 0.00113212 0.00154925 0.00145429 0.00105538 0.00065041 0.000356378 0.000174237 7.33569e-05 2.40165e-05 4.35983e-06 0 
0 0.000395144 0.000371581 6.34726e-05 2.87273e-06 4.53848e-08 3.31278e-10 1.52744e-12 6.24931e-15 3.2087e-17 2.87138e-19 5.98428e-21 3.66962e-22 7.56846e-23 5.26609e-23 1.17352e-22 7.84186e-22 1.36426e-20 4.94743e-19 2.92646e-17 2.2266e-15 1.75193e-13 1.18151e-11 5.88751e-10 1.95176e-08 4.04767e-07 5.13444e-06 4.01014e-05 0.000196394 0.00060858 0.00119215 0.00151749 0.0013675 0.000974055 0.000596029 0.000325815 0.000159186 6.70088e-05 2.19373e-05 3.98238e-06 0 
0 0.000403668 0.000459696 0.000105789 7.09036e-06 1.8097e-07 2.28527e-09 1.89739e-11 1.40692e-13 1.27206e-15 1.88204e-17 5.87902e-19 4.72486e-20 1.10713e-20 7.87725e-21 1.64685e-20 9.22549e-20 1.19141e-18 2.92646e-17 1.10791e-15 5.23893e-14 2.54561e-12 1.07449e-10 3.45032e-09 7.67803e-08 1.12197e-06 1.05679e-05 6.4587e-05 0.000259798 0.000690322 0.00120862 0.0014336 0.00124647 0.000875098 0.000532976 0.000291005 0.000142153 5.984e-05 1.95911e-05 3.55653e-06 0 
0 0.000405806 0.000566542 0.000179795 1.83431e-05 7.79724e-07 1.76217e-08 2.73247e-10 3.81097e-12 6.28754e-14 1.58894e-15 7.69044e-17 8.46657e-18 2.36457e-18 1.74486e-18 3.31362e-18 1.48598e-17 1.3761e-16 2.2266e-15 5.23893e-14 1.4906e-12 4.32073e-11 1.10076e-09 2.19331e-08 3.15023e-07 3.11632e-06 2.09711e-05 9.70574e-05 0.000313912 0.000712 0.00112774 0.00127209 0.00108675 0.000760846 0.000464029 0.000253749 0.000124066 5.22487e-05 1.71088e-05 3.10611e-06 0 
0 0.000398128 0.000682126 0.000301271 4.72379e-05 3.36588e-06 1.36879e-07 3.98625e-09 1.05191e-10 3.18565e-12 1.38272e-13 1.04221e-14 1.58121e-15 5.30263e-16 4.0706e-16 6.99342e-16 2.49711e-15 1.65136e-14 1.75193e-13 2.54561e-12 4.32073e-11 7.38382e-10 1.11658e-08 1.34729e-07 1.20575e-06 7.7041e-06 3.5131e-05 0.000117826 0.000301392 0.0005955 0.000895146 0.00101287 0.000885913 0.000633896 0.00039186 0.000215733 0.000105788 4.46021e-05 1.46111e-05 2.65304e-06 0 
0 0.000378348 0.000787954 0.000482167 0.000115644 1.36376e-05 9.79638e-07 5.24757e-08 2.56555e-09 1.3983e-10 1.02455e-11 1.18602e-12 2.45568e-13 9.83802e-14 7.85302e-14 1.22536e-13 3.51142e-13 1.67668e-12 1.18151e-11 1.07449e-10 1.10076e-09 1.11658e-08 9.98565e-08 7.12738e-07 3.75945e-06 1.41027e-05 3.8615e-05 8.50312e-05 0.000168734 0.000313634 0.000510715 0.00065927 0.000646449 0.000497221 0.000318931 0.000178449 8.80635e-05 3.72152e-05 1.22009e-05 2.21598e-06 0 
0 0.000346177 0.000859872 0.000716011 0.000258552 4.91841e-05 6.02e-06 5.69142e-07 4.94181e-08 4.65671e-09 5.55897e-10 9.60228e-11 2.65791e-11 1.25756e-11 1.04174e-11 1.487e-11 3.47304e-11 1.22433e-10 5.88751e-10 3.45032e-09 2.19331e-08 1.34729e-07 7.12738e-07 2.88206e-06 7.90909e-06 1.36974e-05 1.61974e-05 1.76656e-05 2.57599e-05 5.62304e-05 0.000142016 0.000288092 0.000388736 0.000356452 0.000247813 0.000143204 7.15052e-05 3.03387e-05 9.95935e-06 1.80959e-06 0 
0 0.000303696 0.000876417 0.00096232 0.000509685 0.000151419 3.01726e-05 4.76843e-06 6.94674e-07 1.07165e-07 1.98555e-08 4.91923e-09 1.76922e-09 9.72876e-10 8.33736e-10 1.09898e-09 2.13599e-09 5.73014e-09 1.95176e-08 7.67803e-08 3.15023e-07 1.20575e-06 3.75945e-06 7.90909e-06 8.69556e-06 4.01644e-06 9.06394e-07 2.31277e-07 2.07675e-07 9.24924e-07 8.83014e-06 5.93009e-05 0.000169367 0.000224631 0.000181962 0.000111209 5.65876e-05 2.41542e-05 7.94381e-06 1.44417e-06 0 
0 0.000254945 0.000829195 0.00114949 0.000859116 0.000384475 0.00011901 2.96504e-05 6.79914e-06 1.61307e-06 4.38547e-07 1.48827e-07 6.72725e-08 4.21885e-08 3.7257e-08 4.58375e-08 7.59398e-08 1.60594e-07 4.04767e-07 1.12197e-06 3.11632e-06 7.7041e-06 1.41027e-05 1.36974e-05 4.01644e-06 1.92837e-07 1.84135e-09 2.58799e-11 9.86497e-12 2.50543e-10 4.69341e-08 3.91751e-06 4.79107e-05 0.00012176 0.000125991 8.35999e-05 4.36465e-05 1.87741e-05 6.18824e-06 1.12573e-06 0 
0 0.000204805 0.000727937 0.00121051 0.00120983 0.000780994 0.00035938 0.000133716 4.53625e-05 1.55386e-05 5.84969e-06 2.59153e-06 1.42159e-06 9.96599e-07 9.03064e-07 1.0486e-06 1.51865e-06 2.6278e-06 5.13444e-06 1.05679e-05 2.09711e-05 3.5131e-05 3.8615e-05 1.61974e-05 9.06394e-07 1.84135e-09 1.60691e-13 6.2977e-17 4.06512e-16 1.26277e-15 2.54428e-11 9.78245e-08 9.79852e-06 5.98062e-05 8.39179e-05 6.12155e-05 3.28563e-05 1.42437e-05 4.70516e-06 8.56451e-07 0 
0 0.000157689 0.000595702 0.00112826 0.00141118 0.0012396 0.000809713 0.000429691 0.000204687 9.57559e-05 4.73336e-05 2.61641e-05 1.68448e-05 1.29487e-05 1.19896e-05 1.32816e-05 1.72314e-05 2.52966e-05 4.01014e-05 6.4587e-05 9.70574e-05 0.000117826 8.50312e-05 1.76656e-05 2.31277e-07 2.58799e-11 6.29769e-17 1.88367e-18 6.72889e-18 4.29218e-17 2.54163e-14 3.53836e-09 2.3953e-06 3.12856e-05 5.63235e-05 4.4188e-05 2.41973e-05 1.05465e-05 3.48886e-06 6.35297e-07 0 
0 0.000116626 0.000457935 0.000943997 0.00137927 0.00153046 0.00133565 0.000964841 0.000618637 0.00037865 0.000235665 0.000156638 0.000115092 9.544e-05 8.99972e-05 9.60301e-05 0.000114045 0.000146645 0.000196394 0.000259798 0.000313912 0.000301392 0.000168734 2.57599e-05 2.07675e-07 9.86497e-12 4.06511e-16 6.72893e-18 2.5577e-18 3.12869e-17 3.50952e-15 1.24067e-09 1.3506e-06 2.10852e-05 4.00019e-05 3.17955e-05 1.74627e-05 7.61599e-06 2.51974e-06 4.58839e-07 0 
0 8.30168e-05 0.000333413 0.000722653 0.00116232 0.00150686 0.00162538 0.00150142 0.00123693 0.000954792 0.000725043 0.000564288 0.000463822 0.000410156 0.000393125 0.000407254 0.000450357 0.00052026 0.00060858 0.000690322 0.000712 0.0005955 0.000313634 5.62304e-05 9.24924e-07 2.50543e-10 1.26277e-15 4.29217e-17 3.12868e-17 1.11518e-17 2.67655e-13 7.48704e-09 2.12489e-06 1.92556e-05 3.0382e-05 2.28262e-05 1.23338e-05 5.35446e-06 1.76926e-06 3.22064e-07 0 
0 5.69205e-05 0.000231413 0.000515354 0.000874128 0.00124058 0.00152828 0.00167069 0.0016589 0.00153968 0.00137849 0.00122614 0.00110943 0.00103733 0.00100969 0.00102226 0.00106752 0.00113212 0.00119215 0.00120862 0.00112774 0.000895146 0.000510715 0.000142016 8.83014e-06 4.69341e-08 2.54428e-11 2.54163e-14 3.50952e-15 2.67655e-13 3.96967e-10 1.85154e-07 5.68498e-06 2.05897e-05 2.36983e-05 1.61531e-05 8.48406e-06 3.65376e-06 1.2046e-06 2.19141e-07 0 
0 3.75611e-05 0.000153645 0.000346804 0.000604072 0.000898093 0.00118849 0.00143149 0.00159593 0.0016752 0.0016861 0.00165699 0.00161494 0.00157879 0.00155762 0.00155175 0.00155378 0.00154925 0.00151749 0.0014336 0.00127209 0.00101287 0.00065927 0.000288092 5.93009e-05 3.91751e-06 9.78245e-08 3.53836e-09 1.24067e-09 7.48704e-09 1.85154e-07 2.9105e-06 1.32221e-05 2.09587e-05 1.78873e-05 1.10661e-05 5.64346e-06 2.4095e-06 7.92413e-07 1.44055e-07 0 
0 2.3785e-05 9.75735e-05 0.00022161 0.000390726 0.000593498 0.000812448 0.00102635 0.00121486 0.00136391 0.00146877 0.00153331 0.00156619 0.00157645 0.00157034 0.00154987 0.00151291 0.00145429 0.0013675 0.00124647 0.00108675 0.000885913 0.000646449 0.000388736 0.000169367 4.79107e-05 9.79852e-06 2.3953e-06 1.3506e-06 2.12489e-06 5.68498e-06 1.32221e-05 1.92606e-05 1.80401e-05 1.25464e-05 7.22905e-06 3.6028e-06 1.52732e-06 5.01216e-07 9.10599e-08 0 
0 1.43737e-05 5.90404e-05 0.000134452 0.00023828 0.000365232 0.000507222 0.000654122 0.00079517 0.000920762 0.001024 0.00110133 0.00115213 0.00117755 0.00117933 0.00115894 0.00111737 0.00105538 0.000974055 0.000875098 0.000760846 0.000633896 0.000497221 0.000356452 0.000224631 0.00012176 5.98062e-05 3.12856e-05 2.10852e-05 1.92556e-05 2.05897e-05 2.09587e-05 1.80401e-05 1.29804e-05 8.07376e-06 4.46027e-06 2.19056e-06 9.24163e-07 3.02815e-07 5.49888e-08 0 
0 8.21484e-06 3.37605e-05 7.69659e-05 0.000136682 0.000210251 0.000293638 0.00038176 0.000469008 0.000549896 0.000619693 0.000674868 0.00071324 0.000733875 0.000736828 0.000722902 0.000693472 0.00065041 0.000596029 0.000532976 0.000464029 0.00039186 0.000318931 0.000247813 0.000181962 0.000125991 8.39179e-05 5.63235e-05 4.00019e-05 3.0382e-05 2.36983e-05 1.78873e-05 1.25464e-05 8.07376e-06 4.76902e-06 2.57933e-06 1.25672e-06 5.28696e-07 1.7307e-07 3.14185e-08 0 
0 4.37525e-06 1.79848e-05 4.10182e-05 7.28997e-05 0.000112286 0.000157144 0.000204907 0.000252707 0.000297645 0.000337066 0.000368791 0.000391265 0.000403619 0.000405654 0.000397777 0.000380907 0.000356378 0.000325815 0.000291005 0.000253749 0.000215733 0.000178449 0.000143204 0.000111209 8.35999e-05 6.12155e-05 4.4188e-05 3.17955e-05 2.28262e-05 1.61531e-05 1.10661e-05 7.22905e-06 4.46027e-06 2.57933e-06 1.38191e-06 6.70717e-07 2.81758e-07 9.21863e-08 1.67321e-08 0 
0 2.11784e-06 8.70623e-06 1.98596e-05 3.53054e-05 5.44056e-05 7.61951e-05 9.94555e-05 0.000122818 0.000144884 0.000164347 0.000180103 0.000191333 0.000197552 0.000198623 0.000194737 0.000186373 0.000174237 0.000159186 0.000142153 0.000124066 0.000105788 8.80635e-05 7.15052e-05 5.65876e-05 4.36465e-05 3.28563e-05 2.41973e-05 1.74627e-05 1.23338e-05 8.48406e-06 5.64346e-06 3.6028e-06 2.19056e-06 1.25672e-06 6.70717e-07 3.2499e-07 1.3643e-07 4.4626e-08 8.099e-09 0 
0 8.88658e-07 3.6533e-06 8.33391e-06 1.48171e-05 2.28368e-05 3.19906e-05 4.17706e-05 5.1605e-05 6.09074e-05 6.91268e-05 7.57934e-05 8.05543e-05 8.31973e-05 8.36589e-05 8.20192e-05 7.84838e-05 7.33569e-05 6.70088e-05 5.984e-05 5.22487e-05 4.46021e-05 3.72152e-05 3.03387e-05 2.41542e-05 1.87741e-05 1.42437e-05 1.05465e-05 7.61599e-06 5.35446e-06 3.65376e-06 2.4095e-06 1.52732e-06 9.24163e-07 5.28696e-07 2.81758e-07 1.3643e-07 5.72564e-08 1.87262e-08 3.39838e-09 0 
0 2.90621e-07 1.19477e-06 2.72556e-06 4.846e-06 7.46928e-06 1.04641e-05 1.36646e-05 1.6884e-05 1.99307e-05 2.26242e-05 2.48101e-05 2.63721e-05 2.72399e-05 2.73922e-05 2.68552e-05 2.56964e-05 2.40165e-05 2.19373e-05 1.95911e-05 1.71088e-05 1.46111e-05 1.22009e-05 9.95935e-06 7.94381e-06 6.18824e-06 4.70516e-06 3.48886e-06 2.51974e-06 1.76926e-06 1.2046e-06 7.92413e-07 5.01216e-07 3.02815e-07 1.7307e-07 9.21863e-08 4.4626e-08 1.87262e-08 6.12424e-09 1.11139e-09 0 
0 5.27397e-08 2.16817e-07 4.94617e-07 8.79432e-07 1.35552e-06 1.89906e-06 2.47998e-06 3.0644e-06 3.61755e-06 4.10665e-06 4.50364e-06 4.78738e-06 4.94506e-06 4.97278e-06 4.87528e-06 4.66487e-06 4.35983e-06 3.98238e-06 3.55653e-06 3.10611e-06 2.65304e-06 2.21598e-06 1.80959e-06 1.44417e-06 1.12573e-06 8.56451e-07 6.35297e-07 4.58839e-07 3.22064e-07 2.19141e-07 1.44055e-07 9.10599e-08 5.49888e-08 3.14185e-08 1.67321e-08 8.099e-09 3.39838e-09 1.11139e-09 2.01687e-10 0 
0 0 0 0 0 0 0 0 0 0 0 0 0 0 0 0 0 0 0 0 0 0 0 0 0 0 0 0 0 0 0 0 0 0 0 0 0 0 0 0 0 
