0 0 0 0 0 0 0 0 0 0 0 0 0 0 0 0 0 0 0 0 0 0 0 0 0 0 0 0 0 0 0 0 0 0 0 0 0 0 0 0 0 
0 1.3653e-05 5.54292e-05 0.000123417 0.000210394 0.000303852 0.000389068 0.000454383 0.000495169 0.000513862 0.000516978 0.000511775 0.000504188 0.000498132 0.000495589 0.000496919 0.000501149 0.000506172 0.000508962 0.000505933 0.000493558 0.000469227 0.000432117 0.000383721 0.000327673 0.000268851 0.000212096 0.00016114 0.000118101 8.35868e-05 5.71204e-05 3.76249e-05 2.38035e-05 1.43786e-05 8.21601e-06 4.3755e-06 2.11789e-06 8.88665e-07 2.90622e-07 5.27397e-08 0 
0 5.54292e-05 0.000221 0.000473938 0.000754626 0.000978265 0.00107896 0.00105015 0.000937194 0.000796923 0.000668487 0.00056915 0.000502334 0.000465889 0.000456905 0.000473635 0.000515731 0.000583436 0.000675859 0.000788408 0.000909949 0.00102134 0.00109775 0.00111607 0.00106498 0.000951242 0.000797025 0.000629934 0.000472865 0.000339191 0.000233414 0.00015427 9.77501e-05 5.90856e-05 3.3771e-05 1.79869e-05 8.70662e-06 3.65336e-06 1.19477e-06 2.16818e-07 0 
0 0.000123417 0.000473938 0.000938218 0.0012914 0.00133748 0.00109773 0.000760431 0.000477218 0.000290148 0.000180944 0.000121085 8.98617e-05 7.55062e-05 7.24552e-05 7.91905e-05 9.73432e-05 0.000131825 0.000191547 0.000289835 0.000442589 0.000661104 0.000937771 0.00123047 0.00146332 0.00155931 0.00148804 0.00128382 0.00101703 0.000751929 0.000525576 0.000349965 0.000222486 0.000134671 7.70153e-05 4.10282e-05 1.98613e-05 8.33417e-06 2.72559e-06 4.94619e-07 0 
0 0.000210394 0.000754626 0.0012914 0.00137596 0.000985838 0.000517811 0.000222221 8.67299e-05 3.38229e-05 1.42717e-05 6.95134e-06 4.10245e-06 3.02506e-06 2.82132e-06 3.30946e-06 4.77902e-06 8.21108e-06 1.60828e-05 3.42478e-05 7.55509e-05 0.000164827 0.000340658 0.000641346 0.00106232 0.00150632 0.00180287 0.00182948 0.00160848 0.0012628 0.000910704 0.000615503 0.00039387 0.000239052 0.000136852 7.29333e-05 3.53112e-05 1.48179e-05 4.8461e-06 8.79438e-07 0 
0 0.000303852 0.000978265 0.00133748 0.000985838 0.000435082 0.000132132 3.20262e-05 7.09482e-06 1.62218e-06 4.26311e-07 1.40986e-07 6.2873e-08 3.95078e-08 3.55843e-08 4.55222e-08 8.00717e-08 1.84013e-07 5.18369e-07 1.66882e-06 5.72219e-06 1.95657e-05 6.29433e-05 0.000181281 0.000447876 0.000914249 0.00149655 0.00193993 0.00202077 0.00175876 0.00134061 0.000930557 0.000602499 0.000367425 0.000210726 0.000112378 5.44212e-05 2.2839e-05 7.46952e-06 1.35553e-06 0 
0 0.000389068 0.00107896 0.00109773 0.000517811 0.000132132 2.18904e-05 2.80718e-06 3.28413e-07 4.09344e-08 6.2669e-09 1.33105e-09 4.3065e-10 2.25264e-10 1.94901e-10 2.75295e-10 6.06792e-10 1.94465e-09 8.29736e-09 4.279e-08 2.42096e-07 1.37369e-06 7.23412e-06 3.3207e-05 0.000126517 0.000384548 0.000900506 0.00158121 0.00207401 0.00210049 0.00174471 0.00126379 0.000833889 0.000512459 0.000294763 0.000157358 7.62308e-05 3.19956e-05 1.04646e-05 1.89909e-06 0 
0 0.000454383 0.00105015 0.000760431 0.000222221 3.20262e-05 2.80718e-06 1.82958e-07 1.08061e-08 7.02106e-10 6.01233e-11 7.92956e-12 1.81603e-12 7.79494e-13 6.45571e-13 1.01387e-12 2.84723e-12 1.30436e-11 8.69486e-11 7.43933e-10 7.20548e-09 7.03337e-08 6.2622e-07 4.69934e-06 2.80532e-05 0.000127913 0.000431631 0.00104699 0.00179166 0.00219687 0.00205003 0.00157748 0.00106986 0.0006649 0.00038407 0.000205342 9.9527e-05 4.17805e-05 1.36656e-05 2.48004e-06 0 
0 0.000495169 0.000937194 0.000477218 8.67299e-05 7.09482e-06 3.28413e-07 1.08061e-08 3.19464e-10 1.07246e-11 5.09506e-13 4.144e-14 6.68263e-15 2.34584e-15 1.85721e-15 3.2454e-15 1.16426e-14 7.65736e-14 8.02018e-13 1.1461e-11 1.91408e-10 3.23704e-09 4.90279e-08 6.03717e-07 5.6416e-06 3.82908e-05 0.00018369 0.00060894 0.00136465 0.00206452 0.00221261 0.00183725 0.0012914 0.000814592 0.000473188 0.00025349 0.000122945 5.16224e-05 1.68858e-05 3.06451e-06 0 
0 0.000513862 0.000796923 0.000290148 3.38229e-05 1.62218e-06 4.09344e-08 7.02106e-10 1.07246e-11 1.91694e-13 5.18871e-15 2.65923e-16 3.06608e-17 8.87601e-18 6.72503e-18 1.29992e-17 5.88563e-17 5.46249e-16 8.80142e-15 2.0515e-13 5.76231e-12 1.64681e-10 4.14188e-09 8.17873e-08 1.16982e-06 1.15418e-05 7.6632e-05 0.000337578 0.000970659 0.00180366 0.00223679 0.00202287 0.00148248 0.000951814 0.00055664 0.000298906 0.000145088 6.0935e-05 1.99336e-05 3.61771e-06 0 
0 0.000516978 0.000668487 0.000180944 1.42717e-05 4.26311e-07 6.2669e-09 6.01233e-11 5.09506e-13 5.18871e-15 8.49811e-17 2.88252e-18 2.46273e-19 6.00323e-20 4.37007e-20 9.22234e-20 5.12912e-19 6.46557e-18 1.52898e-16 5.51284e-15 2.46245e-13 1.1242e-11 4.44773e-10 1.33917e-08 2.80035e-07 3.85163e-06 3.40167e-05 0.000191526 0.000682279 0.00152165 0.0021656 0.00213332 0.00163309 0.00106856 0.000629492 0.0003389 0.000164642 6.91665e-05 2.26283e-05 4.10687e-06 0 
0 0.000511775 0.00056915 0.000121085 6.95134e-06 1.40986e-07 1.33105e-09 7.92956e-12 4.144e-14 2.65923e-16 2.88252e-18 6.96766e-20 4.66045e-21 9.88195e-22 6.95676e-22 1.57182e-21 1.0304e-20 1.66548e-19 5.39004e-18 2.77861e-16 1.81594e-14 1.21792e-12 6.99174e-11 2.97803e-09 8.51004e-08 1.53743e-06 1.71367e-05 0.000117573 0.000496847 0.00128437 0.00205365 0.00218316 0.00174021 0.00115934 0.000687794 0.000371218 0.000180493 7.58456e-05 2.48154e-05 4.50393e-06 0 
0 0.000504188 0.000502334 8.98617e-05 4.10245e-06 6.2873e-08 4.3065e-10 1.81603e-12 6.68263e-15 3.06608e-17 2.46273e-19 4.66045e-21 2.60825e-22 4.97467e-23 3.40672e-23 8.09125e-23 5.97211e-22 1.15273e-20 4.67485e-19 3.12136e-17 2.6883e-15 2.38407e-13 1.79419e-11 9.83787e-10 3.52976e-08 7.77882e-07 1.02687e-05 8.12538e-05 0.000388008 0.00111553 0.00194495 0.00219346 0.00180622 0.00122131 0.000728839 0.000394204 0.000191805 8.06174e-05 2.63785e-05 4.78774e-06 0 
0 0.000498132 0.000465889 7.55062e-05 3.02506e-06 3.95078e-08 2.25264e-10 7.79494e-13 2.34584e-15 8.87601e-18 6.00323e-20 9.88195e-22 4.97467e-23 8.85137e-24 5.93664e-24 1.4534e-23 1.15021e-22 2.45236e-21 1.1287e-19 8.72924e-18 8.80265e-16 9.16314e-14 8.05846e-12 5.11194e-10 2.09225e-08 5.17388e-07 7.53449e-06 6.47577e-05 0.000331929 0.00101559 0.00186548 0.00218312 0.00183599 0.00125377 0.000751209 0.000406896 0.000198079 8.32677e-05 2.72471e-05 4.94546e-06 0 
0 0.000495589 0.000456905 7.24552e-05 2.82132e-06 3.55843e-08 1.94901e-10 6.45571e-13 1.85721e-15 6.72503e-18 4.37007e-20 6.95676e-22 3.40673e-23 5.93664e-24 3.94385e-24 9.68539e-24 7.76016e-23 1.68582e-21 7.95651e-20 6.34544e-18 6.62109e-16 7.14239e-14 6.50823e-12 4.27092e-10 1.80348e-08 4.58566e-07 6.84158e-06 6.00513e-05 0.000313696 0.000977284 0.00182521 0.00216367 0.00183407 0.00125741 0.000754667 0.000409036 0.000199167 8.37318e-05 2.73997e-05 4.97319e-06 0 
0 0.000496919 0.000473635 7.91905e-05 3.30946e-06 4.55222e-08 2.75295e-10 1.01387e-12 3.2454e-15 1.29992e-17 9.22234e-20 1.57182e-21 8.09126e-23 1.4534e-23 9.68539e-24 2.31951e-23 1.77561e-22 3.63355e-21 1.59453e-19 1.17109e-17 1.12072e-15 1.1092e-13 9.30946e-12 5.6643e-10 2.23648e-08 5.36761e-07 7.63237e-06 6.44348e-05 0.000326348 0.000992587 0.0018221 0.00213761 0.00180294 0.00123369 0.000739992 0.000401022 0.00019526 8.20895e-05 2.68623e-05 4.87568e-06 0 
0 0.000501149 0.000515731 9.73432e-05 4.77902e-06 8.00717e-08 6.06792e-10 2.84723e-12 1.16426e-14 5.88563e-17 5.12912e-19 1.0304e-20 5.97211e-22 1.15021e-22 7.76016e-23 1.77561e-22 1.23827e-21 2.22213e-20 8.28008e-19 5.049e-17 3.96863e-15 3.22339e-13 2.23673e-11 1.14098e-09 3.84759e-08 8.05564e-07 1.02138e-05 7.84881e-05 0.000368246 0.00105283 0.00184406 0.00209893 0.00174272 0.00118455 0.000708797 0.000383823 0.000186845 7.85474e-05 2.5703e-05 4.66524e-06 0 
0 0.000506172 0.000583436 0.000131825 8.21108e-06 1.84013e-07 1.94465e-09 1.30436e-11 7.65736e-14 5.46249e-16 6.46557e-18 1.66548e-19 1.15273e-20 2.45236e-21 1.68581e-21 3.63355e-21 2.22213e-20 3.28788e-19 9.62122e-18 4.45959e-16 2.62069e-14 1.58784e-12 8.30263e-11 3.25565e-09 8.66967e-08 1.4787e-06 1.57756e-05 0.000105169 0.000439393 0.00114408 0.0018685 0.00203489 0.00165196 0.00111234 0.000663369 0.00035885 0.00017464 7.34116e-05 2.40221e-05 4.36015e-06 0 
0 0.000508962 0.000675859 0.000191547 1.60828e-05 5.18369e-07 8.29736e-09 8.69486e-11 8.02018e-13 8.80142e-15 1.52898e-16 5.39004e-18 4.67485e-19 1.1287e-19 7.95651e-20 1.59453e-19 8.28008e-19 9.62122e-18 2.08143e-16 6.84682e-15 2.79433e-13 1.17133e-11 4.28688e-10 1.20512e-08 2.37787e-07 3.12302e-06 2.67152e-05 0.000148428 0.000534783 0.00123897 0.00186133 0.00192872 0.00152892 0.00102 0.000606486 0.000327823 0.000159516 6.7054e-05 2.1942e-05 3.98264e-06 0 
0 0.000505933 0.000788408 0.000289835 3.42478e-05 1.66882e-06 4.279e-08 7.43933e-10 1.1461e-11 2.0515e-13 5.51284e-15 2.77861e-16 3.12136e-17 8.72924e-18 6.34544e-18 1.17109e-17 5.049e-17 4.45959e-16 6.84682e-15 1.52461e-13 4.10482e-12 1.1286e-10 2.74081e-09 5.24491e-08 7.30175e-07 7.0601e-06 4.65374e-05 0.000208468 0.000632339 0.00128769 0.00177823 0.00176276 0.0013726 0.00091093 0.000541203 0.000292605 0.000142419 5.9877e-05 1.9595e-05 3.55675e-06 0 
0 0.000493558 0.000909949 0.000442589 7.55509e-05 5.72219e-06 2.42096e-07 7.20548e-09 1.91408e-10 5.76231e-12 2.46245e-13 1.81594e-14 2.6883e-15 8.80265e-16 6.62109e-16 1.12072e-15 3.96863e-15 2.62069e-14 2.79433e-13 4.10482e-12 7.08231e-11 1.23755e-09 1.92822e-08 2.4239e-07 2.29337e-06 1.57091e-05 7.69008e-05 0.000269524 0.00067736 0.0012158 0.00157041 0.00152108 0.00118279 0.000788698 0.000470573 0.000255049 0.000124287 5.22799e-05 1.71122e-05 3.10631e-06 0 
0 0.000469227 0.00102134 0.000661104 0.000164827 1.95657e-05 1.37369e-06 7.03337e-08 3.23704e-09 1.64681e-10 1.1242e-11 1.21792e-12 2.38407e-13 9.16314e-14 7.14239e-14 1.1092e-13 3.22339e-13 1.58784e-12 1.17133e-11 1.1286e-10 1.23755e-09 1.35814e-08 1.33473e-07 1.07527e-06 6.67642e-06 3.09538e-05 0.000107066 0.000282456 0.000582569 0.000945832 0.00119922 0.00119201 0.000959551 0.000656469 0.000397385 0.000216862 0.000105983 4.46301e-05 1.46141e-05 2.65321e-06 0 
0 0.000432117 0.00109775 0.000937771 0.000340658 6.29433e-05 7.23412e-06 6.2622e-07 4.90279e-08 4.14188e-09 4.44773e-10 6.99174e-11 1.79419e-11 8.05846e-12 6.50823e-12 9.30946e-12 2.23673e-11 8.30263e-11 4.28688e-10 2.74081e-09 1.92822e-08 1.33473e-07 8.22428e-07 4.14378e-06 1.60087e-05 4.60161e-05 0.000100973 0.000184277 0.000308324 0.000487074 0.000683198 0.000781247 0.000705006 0.000517094 0.000324075 0.000179529 8.82526e-05 3.72423e-05 1.22038e-05 2.21615e-06 0 
0 0.000383721 0.00111607 0.00123047 0.000641346 0.000181281 3.3207e-05 4.69934e-06 6.03717e-07 8.17873e-08 1.33917e-08 2.97803e-09 9.83787e-10 5.11194e-10 4.27092e-10 5.6643e-10 1.14098e-09 3.25565e-09 1.20512e-08 5.24491e-08 2.4239e-07 1.07527e-06 4.14378e-06 1.25288e-05 2.69113e-05 3.88021e-05 4.05281e-05 4.00814e-05 5.19499e-05 9.69217e-05 0.000205918 0.000359178 0.000435554 0.000375281 0.000253049 0.000144327 7.17016e-05 3.03666e-05 9.96233e-06 1.80977e-06 0 
0 0.000327673 0.00106498 0.00146332 0.00106232 0.000447876 0.000126517 2.80532e-05 5.6416e-06 1.16982e-06 2.80035e-07 8.51004e-08 3.52976e-08 2.09225e-08 1.80348e-08 2.23648e-08 3.84759e-08 8.66967e-08 2.37787e-07 7.30175e-07 2.29337e-06 6.67642e-06 1.60087e-05 2.69113e-05 2.55669e-05 1.14578e-05 2.78683e-06 7.71645e-07 6.60576e-07 2.35359e-06 1.65118e-05 8.45618e-05 0.000201641 0.000242293 0.000187432 0.000112406 5.67947e-05 2.41831e-05 7.94683e-06 1.44434e-06 0 
0 0.000268851 0.000951242 0.00155931 0.00150632 0.000914249 0.000384548 0.000127913 3.82908e-05 1.15418e-05 3.85163e-06 1.53743e-06 7.77882e-07 5.17388e-07 4.58566e-07 5.36761e-07 8.05564e-07 1.4787e-06 3.12302e-06 7.0601e-06 1.57091e-05 3.09538e-05 4.60161e-05 3.88021e-05 1.14578e-05 6.98658e-07 1.045e-08 2.24425e-10 9.08746e-11 1.52549e-09 1.50884e-07 7.27365e-06 6.34825e-05 0.000136464 0.000131417 8.4827e-05 4.38563e-05 1.88028e-05 6.19117e-06 1.1259e-06 0 
0 0.000212096 0.000797025 0.00148804 0.00180287 0.00149655 0.000900506 0.000431631 0.00018369 7.6632e-05 3.40167e-05 1.71367e-05 1.02687e-05 7.53449e-06 6.84158e-06 7.63237e-06 1.02138e-05 1.57756e-05 2.67152e-05 4.65374e-05 7.69008e-05 0.000107066 0.000100973 4.05281e-05 2.78683e-06 1.045e-08 2.45819e-12 1.05323e-15 1.68648e-16 2.9174e-14 1.83354e-10 2.64803e-07 1.49715e-05 7.02372e-05 8.87733e-05 6.23643e-05 3.30511e-05 1.42698e-05 4.70778e-06 8.56594e-07 0 
0 0.00016114 0.000629934 0.00128382 0.00182948 0.00193993 0.00158121 0.00104699 0.00060894 0.000337578 0.000191526 0.000117573 8.12538e-05 6.47577e-05 6.00513e-05 6.44348e-05 7.84881e-05 0.000105169 0.000148428 0.000208468 0.000269524 0.000282456 0.000184277 4.00814e-05 7.71645e-07 2.24425e-10 1.05323e-15 6.65451e-18 2.00715e-18 3.18967e-17 3.85695e-13 1.34169e-08 4.1338e-06 3.81389e-05 6.02033e-05 4.51408e-05 2.4358e-05 1.05678e-05 3.49096e-06 6.35411e-07 0 
0 0.000118101 0.000472865 0.00101703 0.00160848 0.00202077 0.00207401 0.00179166 0.00136465 0.000970659 0.000682279 0.000496847 0.000388008 0.000331929 0.000313696 0.000326348 0.000368246 0.000439393 0.000534783 0.000632339 0.00067736 0.000582569 0.000308324 5.19499e-05 6.60576e-07 9.08746e-11 1.68648e-16 2.00716e-18 1.29196e-18 4.72227e-17 6.49685e-14 5.09626e-09 2.39246e-06 2.58675e-05 4.28042e-05 3.24838e-05 1.75781e-05 7.63116e-06 2.52124e-06 4.5892e-07 0 
0 8.35868e-05 0.000339191 0.000751929 0.0012628 0.00175876 0.00210049 0.00219687 0.00206452 0.00180366 0.00152165 0.00128437 0.00111553 0.00101559 0.000977284 0.000992587 0.00105283 0.00114408 0.00123897 0.00128769 0.0012158 0.000945832 0.000487074 9.69217e-05 2.35359e-06 1.52549e-09 2.9174e-14 3.18968e-17 4.72226e-17 5.31257e-17 2.86795e-12 2.40913e-08 3.43282e-06 2.29088e-05 3.22014e-05 2.3254e-05 1.2405e-05 5.36386e-06 1.77019e-06 3.22114e-07 0 
0 5.71204e-05 0.000233414 0.000525576 0.000910704 0.00134061 0.00174471 0.00205003 0.00221261 0.00223679 0.0021656 0.00205365 0.00194495 0.00186548 0.00182521 0.0018221 0.00184406 0.0018685 0.00186133 0.00177823 0.00157041 0.00119922 0.000683198 0.000205918 1.65118e-05 1.50884e-07 1.83354e-10 3.85695e-13 6.49685e-14 2.86795e-12 1.78488e-09 3.96937e-07 7.86476e-06 2.32609e-05 2.47208e-05 1.6379e-05 8.52161e-06 3.65878e-06 1.2051e-06 2.19169e-07 0 
0 3.76249e-05 0.00015427 0.000349965 0.000615503 0.000930557 0.00126379 0.00157748 0.00183725 0.00202287 0.00213332 0.00218316 0.00219346 0.00218312 0.00216367 0.00213761 0.00209893 0.00203489 0.00192872 0.00176276 0.00152108 0.00119201 0.000781247 0.000359178 8.45618e-05 7.27365e-06 2.64803e-07 1.34169e-08 5.09626e-09 2.40913e-08 3.96937e-07 4.36067e-06 1.58536e-05 2.25248e-05 1.83632e-05 1.11665e-05 5.66033e-06 2.41182e-06 7.92653e-07 1.44068e-07 0 
0 2.38035e-05 9.77501e-05 0.000222486 0.00039387 0.000602499 0.000833889 0.00106986 0.0012914 0.00148248 0.00163309 0.00174021 0.00180622 0.00183599 0.00183407 0.00180294 0.00174272 0.00165196 0.00152892 0.0013726 0.00118279 0.000959551 0.000705006 0.000435554 0.000201641 6.34825e-05 1.49715e-05 4.1338e-06 2.39246e-06 3.43282e-06 7.86476e-06 1.58536e-05 2.10067e-05 1.87158e-05 1.27265e-05 7.26659e-06 3.60927e-06 1.52824e-06 5.01314e-07 9.10656e-08 0 
0 1.43786e-05 5.90856e-05 0.000134671 0.000239052 0.000367425 0.000512459 0.0006649 0.000814592 0.000951814 0.00106856 0.00115934 0.00122131 0.00125377 0.00125741 0.00123369 0.00118455 0.00111234 0.00102 0.00091093 0.000788698 0.000656469 0.000517094 0.000375281 0.000242293 0.000136464 7.02372e-05 3.81389e-05 2.58675e-05 2.29088e-05 2.32609e-05 2.25248e-05 1.87158e-05 1.31987e-05 8.12969e-06 4.47217e-06 2.1927e-06 9.24479e-07 3.0285e-07 5.49909e-08 0 
0 8.21601e-06 3.3771e-05 7.70153e-05 0.000136852 0.000210726 0.000294763 0.00038407 0.000473188 0.00055664 0.000629492 0.000687794 0.000728839 0.000751209 0.000754667 0.000739992 0.000708797 0.000663369 0.000606486 0.000541203 0.000470573 0.000397385 0.000324075 0.000253049 0.000187432 0.000131417 8.87733e-05 6.02033e-05 4.28042e-05 3.22014e-05 2.47208e-05 1.83632e-05 1.27265e-05 8.12969e-06 4.78358e-06 2.58256e-06 1.25732e-06 5.2879e-07 1.73081e-07 3.14192e-08 0 
0 4.3755e-06 1.79869e-05 4.10282e-05 7.29333e-05 0.000112378 0.000157358 0.000205342 0.00025349 0.000298906 0.0003389 0.000371218 0.000394204 0.000406896 0.000409036 0.000401022 0.000383823 0.00035885 0.000327823 0.000292605 0.000255049 0.000216862 0.000179529 0.000144327 0.000112406 8.4827e-05 6.23643e-05 4.51408e-05 3.24838e-05 2.3254e-05 1.6379e-05 1.11665e-05 7.26659e-06 4.47217e-06 2.58256e-06 1.38266e-06 6.70866e-07 2.81782e-07 9.21892e-08 1.67323e-08 0 
0 2.11789e-06 8.70662e-06 1.98613e-05 3.53112e-05 5.44212e-05 7.62308e-05 9.9527e-05 0.000122945 0.000145088 0.000164642 0.000180493 0.000191805 0.000198079 0.000199167 0.00019526 0.000186845 0.00017464 0.000159516 0.000142419 0.000124287 0.000105983 8.82526e-05 7.17016e-05 5.67947e-05 4.38563e-05 3.30511e-05 2.4358e-05 1.75781e-05 1.2405e-05 8.52161e-06 5.66033e-06 3.60927e-06 2.1927e-06 1.25732e-06 6.70866e-07 3.25021e-07 1.36436e-07 4.46267e-08 8.09905e-09 0 
0 8.88665e-07 3.65336e-06 8.33417e-06 1.48179e-05 2.2839e-05 3.19956e-05 4.17805e-05 5.16224e-05 6.0935e-05 6.91665e-05 7.58456e-05 8.06174e-05 8.32677e-05 8.37318e-05 8.20895e-05 7.85474e-05 7.34116e-05 6.7054e-05 5.9877e-05 5.22799e-05 4.46301e-05 3.72423e-05 3.03666e-05 2.41831e-05 1.88028e-05 1.42698e-05 1.05678e-05 7.63116e-06 5.36386e-06 3.65878e-06 2.41182e-06 1.52824e-06 9.24479e-07 5.2879e-07 2.81782e-07 1.36436e-07 5.72573e-08 1.87263e-08 3.39839e-09 0 
0 2.90622e-07 1.19477e-06 2.72559e-06 4.8461e-06 7.46952e-06 1.04646e-05 1.36656e-05 1.68858e-05 1.99336e-05 2.26283e-05 2.48154e-05 2.63785e-05 2.72471e-05 2.73997e-05 2.68623e-05 2.5703e-05 2.40221e-05 2.1942e-05 1.9595e-05 1.71122e-05 1.46141e-05 1.22038e-05 9.96233e-06 7.94683e-06 6.19117e-06 4.70778e-06 3.49096e-06 2.52124e-06 1.77019e-06 1.2051e-06 7.92653e-07 5.01314e-07 3.0285e-07 1.73081e-07 9.21892e-08 4.46267e-08 1.87263e-08 6.12426e-09 1.11139e-09 0 
0 5.27397e-08 2.16818e-07 4.94619e-07 8.79438e-07 1.35553e-06 1.89909e-06 2.48004e-06 3.06451e-06 3.61771e-06 4.10687e-06 4.50393e-06 4.78774e-06 4.94546e-06 4.97319e-06 4.87568e-06 4.66524e-06 4.36015e-06 3.98264e-06 3.55675e-06 3.10631e-06 2.65321e-06 2.21615e-06 1.80977e-06 1.44434e-06 1.1259e-06 8.56594e-07 6.35411e-07 4.5892e-07 3.22114e-07 2.19169e-07 1.44068e-07 9.10656e-08 5.49909e-08 3.14192e-08 1.67323e-08 8.09905e-09 3.39839e-09 1.11139e-09 2.01687e-10 0 
0 0 0 0 0 0 0 0 0 0 0 0 0 0 0 0 0 0 0 0 0 0 0 0 0 0 0 0 0 0 0 0 0 0 0 0 0 0 0 0 0 
