0 0 0 0 0 0 0 0 0 0 0 0 0 0 0 0 0 0 0 0 0 0 0 0 0 0 0 0 0 0 0 0 0 0 0 0 0 0 0 0 0 
0 1.33649e-05 5.28864e-05 0.000112441 0.0001784 0.000233931 0.000267308 0.000276816 0.000268532 0.000250931 0.000231084 0.000213486 0.000200439 0.000192851 0.000190889 0.000194356 0.000202807 0.000215486 0.000231151 0.000247896 0.000263077 0.000273495 0.00027593 0.000267961 0.000248836 0.000219965 0.000184688 0.000147304 0.000111823 8.10246e-05 5.6178e-05 3.73117e-05 2.37094e-05 1.4353e-05 8.20974e-06 4.37413e-06 2.11762e-06 8.88623e-07 2.90617e-07 5.27394e-08 0 
0 5.28864e-05 0.0001982 0.000378664 0.000503119 0.000513902 0.000432726 0.000320839 0.000222359 0.000151508 0.000105737 7.80553e-05 6.23972e-05 5.48158e-05 5.32339e-05 5.70097e-05 6.66699e-05 8.38165e-05 0.000111062 0.000151727 0.000208914 0.000283581 0.000371728 0.000461888 0.000535456 0.000572169 0.000559602 0.000500473 0.000411349 0.000313576 0.00022399 0.000151181 9.68423e-05 5.88456e-05 3.37139e-05 1.79748e-05 8.70438e-06 3.65301e-06 1.19473e-06 2.16815e-07 0 
0 0.000112441 0.000378664 0.000586089 0.000556836 0.000366469 0.000187265 8.25548e-05 3.43121e-05 1.44959e-05 6.64122e-06 3.48186e-06 2.17579e-06 1.66267e-06 1.56879e-06 1.81697e-06 2.53291e-06 4.12207e-06 7.53977e-06 1.48695e-05 3.03282e-05 6.15357e-05 0.000120012 0.000218454 0.000361848 0.000533484 0.000687557 0.00076659 0.000740443 0.000628251 0.000478519 0.000334437 0.00021797 0.000133501 7.67442e-05 4.09722e-05 1.98512e-05 8.33264e-06 2.72541e-06 4.94608e-07 0 
0 0.0001784 0.000503119 0.000556836 0.000324107 0.000118107 3.15891e-05 7.0863e-06 1.50012e-06 3.34548e-07 8.69338e-08 2.86878e-08 1.28386e-08 8.12028e-09 7.3689e-09 9.49412e-09 1.68008e-08 3.87992e-08 1.09756e-07 3.54879e-07 1.22391e-06 4.22404e-06 1.38134e-05 4.09868e-05 0.000106813 0.000238486 0.000446487 0.000687178 0.000858921 0.000876915 0.000751151 0.000560781 0.000377813 0.000234929 0.000135914 7.27443e-05 3.52779e-05 1.4813e-05 4.84554e-06 8.79404e-07 0 
0 0.000233931 0.000513902 0.000366469 0.000118107 2.15125e-05 2.66013e-06 2.62704e-07 2.4315e-08 2.47021e-09 3.19216e-10 5.95501e-11 1.76639e-11 8.85052e-12 7.65504e-12 1.12459e-11 2.66987e-11 9.48904e-11 4.59324e-10 2.73059e-09 1.79772e-08 1.19121e-07 7.32062e-07 3.91377e-06 1.74033e-05 6.26054e-05 0.000179179 0.000402118 0.000695774 0.000919124 0.000941659 0.000782615 0.000557606 0.000355828 0.000208114 0.00011186 5.43319e-05 2.28261e-05 7.4681e-06 1.35545e-06 0 
0 0.000267308 0.000432726 0.000187265 3.15891e-05 2.66013e-06 1.37232e-07 5.31441e-09 1.91145e-10 7.9104e-12 4.6046e-13 4.47993e-14 8.31054e-15 3.19175e-15 2.61319e-15 4.45873e-15 1.48007e-14 8.60258e-14 7.68644e-13 9.15736e-12 1.26164e-10 1.7617e-09 2.2264e-08 2.32964e-07 1.8966e-06 1.15895e-05 5.24046e-05 0.000174858 0.000428377 0.000761084 0.000979096 0.000944619 0.000730991 0.000485273 0.000288633 0.000156156 7.60267e-05 3.19666e-05 1.04615e-05 1.8989e-06 0 
0 0.000276816 0.000320839 8.25548e-05 7.0863e-06 2.62704e-07 5.31441e-09 7.54699e-11 9.86404e-13 1.56111e-14 3.87076e-16 1.87673e-17 2.11535e-18 6.19535e-19 4.80638e-19 9.50077e-19 4.47408e-18 4.39525e-17 7.56562e-16 1.89616e-14 5.7575e-13 1.78604e-11 4.88829e-10 1.05126e-08 1.63719e-07 1.76109e-06 1.28711e-05 6.42901e-05 0.00022221 0.000532308 0.000877349 0.00101203 0.000871513 0.000610436 0.000371656 0.000202917 9.91197e-05 4.17234e-05 1.36595e-05 2.47968e-06 0 
0 0.000268532 0.000222359 3.43121e-05 1.50012e-06 2.4315e-08 1.91145e-10 9.86404e-13 4.64508e-15 2.78923e-17 2.95681e-19 9.01089e-21 1.43449e-21 6.73421e-22 5.7426e-22 8.28001e-22 2.33841e-21 2.21179e-20 6.71592e-19 3.55002e-17 2.39084e-15 1.65864e-13 9.89945e-12 4.40702e-10 1.32248e-08 2.52059e-07 2.98779e-06 2.22494e-05 0.000106942 0.000339118 0.000710873 0.000989524 0.000962801 0.000719621 0.000451117 0.00024917 0.000122225 5.15223e-05 1.68753e-05 3.06391e-06 0 
0 0.000250931 0.000151508 1.44959e-05 3.34548e-07 2.47021e-09 7.9104e-12 1.56111e-14 2.78923e-17 6.81071e-20 5.30121e-22 3.70163e-23 1.11662e-23 7.44466e-24 6.78703e-24 7.82303e-24 1.39254e-23 6.10833e-23 1.05786e-21 8.93545e-20 1.27132e-17 1.89353e-15 2.36942e-13 2.10571e-11 1.17919e-09 3.87526e-08 7.28101e-07 7.91364e-06 5.1642e-05 0.000210721 0.000548075 0.000911245 0.0010042 0.000805329 0.000521728 0.000292028 0.000143943 6.07772e-05 1.99171e-05 3.61678e-06 0 
0 0.000231084 0.000105737 6.64122e-06 8.69338e-08 3.19216e-10 4.6046e-13 3.87076e-16 2.95681e-19 5.30121e-22 7.15154e-24 7.81173e-25 3.58553e-25 2.93586e-25 2.77921e-25 2.81916e-25 3.65619e-25 8.99958e-25 8.6185e-24 5.17282e-22 1.19927e-19 3.50402e-17 8.46081e-15 1.38938e-12 1.3546e-10 7.22864e-09 2.04718e-07 3.1151e-06 2.66121e-05 0.000134859 0.000420756 0.000815738 0.00100788 0.000865632 0.000579784 0.000329017 0.000162997 6.89407e-05 2.26049e-05 4.10555e-06 0 
0 0.000213486 7.80553e-05 3.48186e-06 2.86878e-08 5.95501e-11 4.47993e-14 1.87673e-17 9.01089e-21 3.70164e-23 7.81175e-25 6.45504e-26 2.5543e-26 2.21153e-26 2.12565e-26 2.00778e-26 2.17234e-26 4.30975e-26 3.70787e-25 1.53641e-23 2.83672e-21 1.33403e-18 5.50666e-16 1.49298e-13 2.28969e-11 1.81616e-09 7.19648e-08 1.44247e-06 1.53503e-05 9.25683e-05 0.000333231 0.000729622 0.000990873 0.000903269 0.000623425 0.000358291 0.000178338 7.55505e-05 2.47849e-05 4.50223e-06 0 
0 0.000200439 6.23972e-05 2.17579e-06 1.28386e-08 1.76639e-11 8.31054e-15 2.11535e-18 1.43449e-21 1.11662e-23 3.58555e-25 2.55431e-26 4.26975e-27 2.43468e-27 2.2032e-27 2.004e-27 2.18783e-27 6.40251e-27 7.28143e-26 2.27149e-24 2.4931e-22 1.25933e-19 7.61156e-17 2.96346e-14 6.30303e-12 6.65683e-10 3.36274e-08 8.22741e-07 1.02611e-05 7.00865e-05 0.000279071 0.000665719 0.000968293 0.000923306 0.00065234 0.000378705 0.000189215 8.0263e-05 2.6342e-05 4.78569e-06 0 
0 0.000192851 5.48158e-05 1.66267e-06 8.12028e-09 8.85052e-12 3.19175e-15 6.19535e-19 6.73422e-22 7.44468e-24 2.93587e-25 2.21154e-26 2.43469e-27 5.06533e-28 2.87136e-28 2.58577e-28 4.68589e-28 2.91424e-27 3.70463e-26 9.5696e-25 7.82055e-23 3.31452e-20 2.4586e-17 1.17558e-14 3.01089e-12 3.74201e-10 2.17036e-08 5.9483e-07 8.11968e-06 5.95147e-05 0.000250799 0.000627891 0.000950205 0.000930755 0.000667139 0.000389755 0.000195208 8.28747e-05 2.72066e-05 4.9432e-06 0 
0 0.000190889 5.32339e-05 1.56879e-06 7.3689e-09 7.65504e-12 2.61319e-15 4.80638e-19 5.74261e-22 6.78705e-24 2.77922e-25 2.12566e-26 2.20321e-27 2.87137e-28 6.88975e-29 6.59297e-29 2.84868e-28 2.45305e-27 3.18139e-26 7.95548e-25 6.1652e-23 2.48501e-20 1.91972e-17 9.58374e-15 2.5527e-12 3.28382e-10 1.96131e-08 5.5066e-07 7.66222e-06 5.70107e-05 0.000243228 0.000615814 0.000941375 0.000928994 0.000668724 0.000391459 0.000196218 8.33276e-05 2.7358e-05 4.97087e-06 0 
0 0.000194356 5.70097e-05 1.81697e-06 9.49412e-09 1.12459e-11 4.45873e-15 9.50077e-19 8.28002e-22 7.82305e-24 2.81918e-25 2.0078e-26 2.00401e-27 2.58578e-28 6.59296e-29 7.59773e-29 3.41473e-28 2.97123e-27 4.13444e-26 1.17811e-24 1.09154e-22 5.09798e-20 3.52872e-17 1.57108e-14 3.77447e-12 4.43695e-10 2.45513e-08 6.47381e-07 8.56926e-06 6.13333e-05 0.000253878 0.000627499 0.000942014 0.000919126 0.000657895 0.000384233 0.00019244 8.17023e-05 2.68224e-05 4.87344e-06 0 
0 0.000202807 6.66699e-05 2.53291e-06 1.68008e-08 2.66987e-11 1.48007e-14 4.47408e-18 2.33841e-21 1.39254e-23 3.6562e-25 2.17236e-26 2.18784e-27 4.68588e-28 2.84866e-28 3.41471e-28 8.74181e-28 5.98962e-27 9.29379e-26 3.61225e-24 5.05478e-22 2.65487e-19 1.40931e-16 4.84817e-14 9.22847e-12 8.84929e-10 4.11993e-08 9.42689e-07 1.11466e-05 7.30735e-05 0.000282279 0.000659634 0.000948368 0.000900076 0.000635246 0.000368818 0.000184322 7.82001e-05 2.5667e-05 4.66321e-06 0 
0 0.000215486 8.38165e-05 4.12207e-06 3.87992e-08 9.48904e-11 8.60258e-14 4.39525e-17 2.21179e-20 6.10834e-23 8.99961e-25 4.30976e-26 6.4025e-27 2.91422e-27 2.45304e-27 2.97121e-27 5.9896e-27 3.07868e-26 5.24644e-25 3.12325e-23 7.24815e-21 3.05144e-18 1.08133e-15 2.54453e-13 3.43674e-11 2.44045e-09 8.80606e-08 1.63446e-06 1.63632e-05 9.42166e-05 0.000328451 0.000706155 0.00095295 0.000869173 0.000601322 0.000346235 0.000172514 7.31178e-05 2.39915e-05 4.35842e-06 0 
0 0.000231151 0.000111062 7.53977e-06 1.09756e-07 4.59324e-10 7.68644e-13 7.56562e-16 6.71592e-19 1.05786e-21 8.61851e-24 3.70786e-25 7.28141e-26 3.70461e-26 3.18138e-26 4.13442e-26 9.29376e-26 5.24644e-25 1.15654e-23 1.09288e-21 2.49382e-19 6.41912e-17 1.36855e-14 2.00219e-12 1.75905e-10 8.56775e-09 2.24459e-07 3.20277e-06 2.60135e-05 0.000127216 0.000389695 0.000755383 0.00094475 0.000823069 0.000556881 0.000317755 0.000157813 6.68172e-05 2.19172e-05 3.98123e-06 0 
0 0.000247896 0.000151727 1.48695e-05 3.54879e-07 2.73059e-09 9.15736e-12 1.89616e-14 3.55002e-17 8.93545e-20 5.17282e-22 1.53641e-23 2.27149e-24 9.56957e-25 7.95546e-25 1.17811e-24 3.61225e-24 3.12325e-23 1.09288e-21 1.04422e-19 1.42377e-17 2.02203e-15 2.41602e-13 2.05394e-11 1.1024e-09 3.48006e-08 6.30097e-07 6.63521e-06 4.23418e-05 0.000171651 0.000454157 0.000786422 0.000910027 0.00075877 0.000503133 0.000284855 0.000141099 5.96917e-05 1.95754e-05 3.55562e-06 0 
0 0.000263077 0.000208914 3.03282e-05 1.22391e-06 1.79772e-08 1.26164e-10 5.7575e-13 2.39084e-15 1.27132e-17 1.19927e-19 2.83672e-21 2.4931e-22 7.82054e-23 6.16519e-23 1.09154e-22 5.05478e-22 7.24815e-21 2.49382e-19 1.42377e-17 1.03934e-15 7.8126e-14 5.02101e-12 2.3787e-10 7.47387e-09 1.46507e-07 1.76028e-06 1.32185e-05 6.46894e-05 0.000214716 0.000490554 0.000766961 0.000834158 0.000674511 0.000441812 0.000249129 0.000123266 5.21349e-05 1.70966e-05 3.10541e-06 0 
0 0.000273495 0.000283581 6.15357e-05 4.22404e-06 1.19121e-07 1.7617e-09 1.78604e-11 1.65864e-13 1.89353e-15 3.50402e-17 1.33403e-18 1.25933e-19 3.31452e-20 2.48501e-20 5.09798e-20 2.65487e-19 3.05144e-18 6.41912e-17 2.02203e-15 7.8126e-14 3.0729e-12 1.04541e-10 2.69516e-09 4.78439e-08 5.5461e-07 4.18062e-06 2.13418e-05 7.83687e-05 0.000215553 0.000442537 0.000658176 0.00070498 0.000570291 0.000375079 0.000212176 0.000105162 4.45121e-05 1.46014e-05 2.65247e-06 0 
0 0.00027593 0.000371728 0.000120012 1.38134e-05 7.32062e-07 2.2264e-08 4.88829e-10 9.89945e-12 2.36942e-13 8.46081e-15 5.50666e-16 7.61156e-17 2.4586e-17 1.91972e-17 3.52872e-17 1.40931e-16 1.08133e-15 1.36855e-14 2.41602e-13 5.02101e-12 1.04541e-10 1.88387e-09 2.58648e-08 2.44374e-07 1.50289e-06 6.16622e-06 1.89718e-05 5.06841e-05 0.000125255 0.000268211 0.000441211 0.000519931 0.000448585 0.000305421 0.000175508 8.75398e-05 3.71394e-05 1.21927e-05 2.2155e-06 0 
0 0.000267961 0.000461888 0.000218454 4.09868e-05 3.91377e-06 2.32964e-07 1.05126e-08 4.40702e-10 2.10571e-11 1.38938e-12 1.49298e-13 2.96346e-14 1.17558e-14 9.58374e-15 1.57108e-14 4.84817e-14 2.54453e-13 2.00219e-12 2.05394e-11 2.3787e-10 2.69516e-09 2.58648e-08 1.8052e-07 7.83639e-07 1.9082e-06 2.83216e-06 3.6811e-06 6.63481e-06 1.92929e-05 6.712e-05 0.000181381 0.000302836 0.000316865 0.000235896 0.000140538 7.10287e-05 3.027e-05 9.95198e-06 1.80917e-06 0 
0 0.000248836 0.000535456 0.000361848 0.000106813 1.74033e-05 1.8966e-06 1.63719e-07 1.32248e-08 1.17919e-09 1.3546e-10 2.28969e-11 6.30303e-12 3.01089e-12 2.5527e-12 3.77447e-12 9.22847e-12 3.43674e-11 1.75905e-10 1.1024e-09 7.47387e-09 4.78439e-08 2.44374e-07 7.83639e-07 1.13298e-06 5.52472e-07 1.07633e-07 2.33497e-08 2.28164e-08 1.54899e-07 2.64757e-06 2.96515e-05 0.000119331 0.000191981 0.000170804 0.000108638 5.61308e-05 2.40895e-05 7.93697e-06 1.44378e-06 0 
0 0.000219965 0.000572169 0.000533484 0.000238486 6.26054e-05 1.15895e-05 1.76109e-06 2.52059e-07 3.87526e-08 7.22864e-09 1.81616e-09 6.65683e-10 3.74201e-10 3.28382e-10 4.43695e-10 8.84929e-10 2.44045e-09 8.56775e-09 3.48006e-08 1.46507e-07 5.5461e-07 1.50289e-06 1.9082e-06 5.52472e-07 1.68342e-08 6.8218e-11 4.19984e-13 1.36988e-13 8.04036e-12 5.08626e-09 1.20171e-06 2.78213e-05 9.72397e-05 0.000115707 8.11286e-05 4.32112e-05 1.87137e-05 6.182e-06 1.12538e-06 0 
0 0.000184688 0.000559602 0.000687557 0.000446487 0.000179179 5.24046e-05 1.28711e-05 2.98779e-06 7.28101e-07 2.04718e-07 7.19648e-08 3.36274e-08 2.17036e-08 1.96131e-08 2.45513e-08 4.11993e-08 8.80606e-08 2.24459e-07 6.30097e-07 1.76028e-06 4.18062e-06 6.16622e-06 2.83216e-06 1.07633e-07 6.8218e-11 9.09584e-16 1.85429e-15 2.79238e-15 1.858e-16 5.97995e-13 1.47002e-08 4.36004e-06 4.38443e-05 7.51474e-05 5.89879e-05 3.24664e-05 1.41907e-05 4.69978e-06 8.56155e-07 0 
0 0.000147304 0.000500473 0.00076659 0.000687178 0.000402118 0.000174858 6.42901e-05 2.22494e-05 7.91364e-06 3.1151e-06 1.44247e-06 8.22741e-07 5.9483e-07 5.5066e-07 6.47381e-07 9.42689e-07 1.63446e-06 3.20277e-06 6.63521e-06 1.32185e-05 2.13418e-05 1.89718e-05 3.6811e-06 2.33497e-08 4.19984e-13 1.85429e-15 1.77343e-16 1.88463e-16 2.70023e-17 1.38493e-16 2.78292e-10 8.45994e-07 2.14024e-05 4.95056e-05 4.23789e-05 2.38823e-05 1.05043e-05 3.48464e-06 6.35067e-07 0 
0 0.000111823 0.000411349 0.000740443 0.000858921 0.000695774 0.000428377 0.00022221 0.000106942 5.1642e-05 2.66121e-05 1.53503e-05 1.02611e-05 8.11968e-06 7.66222e-06 8.56926e-06 1.11466e-05 1.63632e-05 2.60135e-05 4.23418e-05 6.46894e-05 7.83687e-05 5.06841e-05 6.63481e-06 2.28164e-08 1.36988e-13 2.79238e-15 1.88463e-16 3.89245e-17 3.60709e-17 1.34375e-15 8.33719e-11 4.5395e-07 1.42651e-05 3.51129e-05 3.05003e-05 1.7239e-05 7.5862e-06 2.51678e-06 4.58679e-07 0 
0 8.10246e-05 0.000313576 0.000628251 0.000876915 0.000919124 0.000761084 0.000532308 0.000339118 0.000210721 0.000134859 9.25683e-05 7.00865e-05 5.95147e-05 5.70107e-05 6.13333e-05 7.30735e-05 9.42166e-05 0.000127216 0.000171651 0.000214716 0.000215553 0.000125255 1.92929e-05 1.54899e-07 8.04036e-12 1.858e-16 2.70024e-17 3.60709e-17 7.36332e-17 2.89807e-15 8.08947e-10 8.5254e-07 1.38211e-05 2.71724e-05 2.20217e-05 1.21964e-05 5.33615e-06 1.76743e-06 3.21964e-07 0 
0 5.6178e-05 0.00022399 0.000478519 0.000751151 0.000941659 0.000979096 0.000877349 0.000710873 0.000548075 0.000420756 0.000333231 0.000279071 0.000250799 0.000243228 0.000253878 0.000282279 0.000328451 0.000389695 0.000454157 0.000490554 0.000442537 0.000268211 6.712e-05 2.64757e-06 5.08626e-09 5.97995e-13 1.38493e-16 1.34376e-15 2.89807e-15 2.28806e-11 4.35134e-08 3.06712e-06 1.63152e-05 2.1855e-05 1.57266e-05 8.41183e-06 3.64402e-06 1.20361e-06 2.19087e-07 0 
0 3.73117e-05 0.000151181 0.000334437 0.000560781 0.000782615 0.000944619 0.00101203 0.000989524 0.000911245 0.000815738 0.000729622 0.000665719 0.000627891 0.000615814 0.000627499 0.000659634 0.000706155 0.000755383 0.000786422 0.000766961 0.000658176 0.000441211 0.000181381 2.96515e-05 1.20171e-06 1.47002e-08 2.78292e-10 8.33719e-11 8.08947e-10 4.35134e-08 1.35093e-06 9.36232e-06 1.8266e-05 1.70094e-05 1.08754e-05 5.61102e-06 2.40503e-06 7.91949e-07 1.44029e-07 0 
0 2.37094e-05 9.68423e-05 0.00021797 0.000377813 0.000557606 0.000730991 0.000871513 0.000962801 0.0010042 0.00100788 0.000990873 0.000968293 0.000950205 0.000941375 0.000942014 0.000948368 0.00095295 0.00094475 0.000910027 0.000834158 0.00070498 0.000519931 0.000302836 0.000119331 2.78213e-05 4.36004e-06 8.45994e-07 4.5395e-07 8.5254e-07 3.06712e-06 9.36232e-06 1.6325e-05 1.6816e-05 1.22082e-05 7.1574e-06 3.59034e-06 1.52554e-06 5.01026e-07 9.10488e-08 0 
0 1.4353e-05 5.88456e-05 0.000133501 0.000234929 0.000355828 0.000485273 0.000610436 0.000719621 0.000805329 0.000865632 0.000903269 0.000923306 0.000930755 0.000928994 0.000919126 0.000900076 0.000869173 0.000823069 0.00075877 0.000674511 0.000570291 0.000448585 0.000316865 0.000191981 9.72397e-05 4.38443e-05 2.14024e-05 1.42651e-05 1.38211e-05 1.63152e-05 1.8266e-05 1.6816e-05 1.25724e-05 7.9675e-06 4.43747e-06 2.18645e-06 9.23552e-07 3.02747e-07 5.49847e-08 0 
0 8.20974e-06 3.37139e-05 7.67442e-05 0.000135914 0.000208114 0.000288633 0.000371656 0.000451117 0.000521728 0.000579784 0.000623425 0.00065234 0.000667139 0.000668724 0.000657895 0.000635246 0.000601322 0.000556881 0.000503133 0.000441812 0.000375079 0.000305421 0.000235896 0.000170804 0.000115707 7.51474e-05 4.95056e-05 3.51129e-05 2.71724e-05 2.1855e-05 1.70094e-05 1.22082e-05 7.9675e-06 4.74117e-06 2.57313e-06 1.25554e-06 5.28514e-07 1.73049e-07 3.14171e-08 0 
0 4.37413e-06 1.79748e-05 4.09722e-05 7.27443e-05 0.00011186 0.000156156 0.000202917 0.00024917 0.000292028 0.000329017 0.000358291 0.000378705 0.000389755 0.000391459 0.000384233 0.000368818 0.000346235 0.000317755 0.000284855 0.000249129 0.000212176 0.000175508 0.000140538 0.000108638 8.11286e-05 5.89879e-05 4.23789e-05 3.05003e-05 2.20217e-05 1.57266e-05 1.08754e-05 7.1574e-06 4.43747e-06 2.57313e-06 1.38046e-06 6.7043e-07 2.81711e-07 9.21806e-08 1.67317e-08 0 
0 2.11762e-06 8.70438e-06 1.98512e-05 3.52779e-05 5.43319e-05 7.60267e-05 9.91197e-05 0.000122225 0.000143943 0.000162997 0.000178338 0.000189215 0.000195208 0.000196218 0.00019244 0.000184322 0.000172514 0.000157813 0.000141099 0.000123266 0.000105162 8.75398e-05 7.10287e-05 5.61308e-05 4.32112e-05 3.24664e-05 2.38823e-05 1.7239e-05 1.21964e-05 8.41183e-06 5.61102e-06 3.59034e-06 2.18645e-06 1.25554e-06 6.7043e-07 3.2493e-07 1.3642e-07 4.46247e-08 8.09891e-09 0 
0 8.88623e-07 3.65301e-06 8.33264e-06 1.4813e-05 2.28261e-05 3.19666e-05 4.17234e-05 5.15223e-05 6.07772e-05 6.89407e-05 7.55505e-05 8.0263e-05 8.28747e-05 8.33276e-05 8.17023e-05 7.82001e-05 7.31178e-05 6.68172e-05 5.96917e-05 5.21349e-05 4.45121e-05 3.71394e-05 3.027e-05 2.40895e-05 1.87137e-05 1.41907e-05 1.05043e-05 7.5862e-06 5.33615e-06 3.64402e-06 2.40503e-06 1.52554e-06 9.23552e-07 5.28514e-07 2.81711e-07 1.3642e-07 5.72545e-08 1.87259e-08 3.39837e-09 0 
0 2.90617e-07 1.19473e-06 2.72541e-06 4.84554e-06 7.4681e-06 1.04615e-05 1.36595e-05 1.68753e-05 1.99171e-05 2.26049e-05 2.47849e-05 2.6342e-05 2.72066e-05 2.7358e-05 2.68224e-05 2.5667e-05 2.39915e-05 2.19172e-05 1.95754e-05 1.70966e-05 1.46014e-05 1.21927e-05 9.95198e-06 7.93697e-06 6.182e-06 4.69978e-06 3.48464e-06 2.51678e-06 1.76743e-06 1.20361e-06 7.91949e-07 5.01026e-07 3.02747e-07 1.73049e-07 9.21806e-08 4.46247e-08 1.87259e-08 6.12421e-09 1.11139e-09 0 
0 5.27394e-08 2.16815e-07 4.94608e-07 8.79404e-07 1.35545e-06 1.8989e-06 2.47968e-06 3.06391e-06 3.61678e-06 4.10555e-06 4.50223e-06 4.78569e-06 4.9432e-06 4.97087e-06 4.87344e-06 4.66321e-06 4.35842e-06 3.98123e-06 3.55562e-06 3.10541e-06 2.65247e-06 2.2155e-06 1.80917e-06 1.44378e-06 1.12538e-06 8.56155e-07 6.35067e-07 4.58679e-07 3.21964e-07 2.19087e-07 1.44029e-07 9.10488e-08 5.49847e-08 3.14171e-08 1.67317e-08 8.09891e-09 3.39837e-09 1.11139e-09 2.01686e-10 0 
0 0 0 0 0 0 0 0 0 0 0 0 0 0 0 0 0 0 0 0 0 0 0 0 0 0 0 0 0 0 0 0 0 0 0 0 0 0 0 0 0 
